#depth	O	O+	O+2	O+3	O+4	O+5	O+6	O+7	O+8	O[1]	O[2]	O[3]
 4.62852e+21	0.00e+00	7.38e-28	3.30e-22	1.21e-17	1.21e-13	5.46e-10	6.92e-06	5.39e-03	9.95e-01	0.00e+00	0.00e+00	0.00e+00
 1.05678e+22	0.00e+00	8.55e-27	2.72e-21	7.15e-17	5.14e-13	1.65e-09	1.44e-05	7.72e-03	9.92e-01	0.00e+00	0.00e+00	0.00e+00
 1.27692e+22	6.05e-33	4.50e-26	1.13e-20	2.38e-16	1.37e-12	3.48e-09	2.36e-05	9.86e-03	9.90e-01	0.00e+00	0.00e+00	0.00e+00
 1.43722e+22	2.80e-32	1.72e-25	3.58e-20	6.26e-16	2.99e-12	6.33e-09	3.52e-05	1.20e-02	9.88e-01	0.00e+00	0.00e+00	0.00e+00
 1.52627e+22	4.20e-32	2.44e-25	4.84e-20	8.05e-16	3.66e-12	7.37e-09	3.91e-05	1.27e-02	9.87e-01	0.00e+00	0.00e+00	0.00e+00
 1.55473e+22	5.25e-32	2.97e-25	5.72e-20	9.28e-16	4.11e-12	8.06e-09	4.15e-05	1.30e-02	9.87e-01	0.00e+00	0.00e+00	0.00e+00
 1.57923e+22	7.22e-32	3.91e-25	7.25e-20	1.13e-15	4.82e-12	9.08e-09	4.50e-05	1.36e-02	9.86e-01	0.00e+00	0.00e+00	0.00e+00
 1.60433e+22	9.32e-32	4.89e-25	8.77e-20	1.33e-15	5.48e-12	1.00e-08	4.81e-05	1.40e-02	9.86e-01	0.00e+00	0.00e+00	0.00e+00
 1.62627e+22	1.17e-31	5.98e-25	1.04e-19	1.53e-15	6.15e-12	1.09e-08	5.11e-05	1.45e-02	9.85e-01	0.00e+00	0.00e+00	0.00e+00
 1.65084e+22	1.56e-31	7.67e-25	1.29e-19	1.83e-15	7.11e-12	1.22e-08	5.50e-05	1.50e-02	9.85e-01	0.00e+00	0.00e+00	0.00e+00
 1.67664e+22	2.08e-31	9.82e-25	1.59e-19	2.18e-15	8.18e-12	1.35e-08	5.92e-05	1.56e-02	9.84e-01	0.00e+00	0.00e+00	0.00e+00
 1.69919e+22	2.66e-31	1.22e-24	1.91e-19	2.54e-15	9.25e-12	1.48e-08	6.30e-05	1.61e-02	9.84e-01	0.00e+00	0.00e+00	0.00e+00
 1.72369e+22	3.64e-31	1.60e-24	2.41e-19	3.09e-15	1.08e-11	1.66e-08	6.83e-05	1.68e-02	9.83e-01	0.00e+00	0.00e+00	0.00e+00
 1.74904e+22	4.75e-31	2.01e-24	2.93e-19	3.64e-15	1.23e-11	1.84e-08	7.31e-05	1.73e-02	9.83e-01	0.00e+00	0.00e+00	0.00e+00
 1.77125e+22	6.17e-31	2.52e-24	3.56e-19	4.27e-15	1.40e-11	2.02e-08	7.81e-05	1.79e-02	9.82e-01	0.00e+00	0.00e+00	0.00e+00
 1.79226e+22	7.83e-31	3.11e-24	4.25e-19	4.95e-15	1.57e-11	2.20e-08	8.30e-05	1.85e-02	9.81e-01	0.00e+00	0.00e+00	0.00e+00
 1.81599e+22	1.06e-30	4.05e-24	5.32e-19	5.97e-15	1.83e-11	2.46e-08	8.97e-05	1.92e-02	9.81e-01	0.00e+00	0.00e+00	0.00e+00
 1.84039e+22	1.40e-30	5.14e-24	6.51e-19	7.06e-15	2.09e-11	2.71e-08	9.61e-05	1.99e-02	9.80e-01	0.00e+00	0.00e+00	0.00e+00
 1.86186e+22	1.82e-30	6.45e-24	7.90e-19	8.28e-15	2.37e-11	2.97e-08	1.03e-04	2.06e-02	9.79e-01	0.00e+00	0.00e+00	0.00e+00
 1.88595e+22	2.53e-30	8.57e-24	1.00e-18	1.01e-14	2.77e-11	3.33e-08	1.11e-04	2.15e-02	9.78e-01	0.00e+00	0.00e+00	0.00e+00
 1.91054e+22	3.33e-30	1.09e-23	1.23e-18	1.20e-14	3.16e-11	3.67e-08	1.19e-04	2.22e-02	9.78e-01	0.00e+00	0.00e+00	0.00e+00
 1.93152e+22	4.33e-30	1.36e-23	1.49e-18	1.40e-14	3.58e-11	4.02e-08	1.27e-04	2.30e-02	9.77e-01	0.00e+00	0.00e+00	0.00e+00
 1.95134e+22	5.52e-30	1.68e-23	1.78e-18	1.62e-14	4.02e-11	4.37e-08	1.35e-04	2.37e-02	9.76e-01	0.00e+00	0.00e+00	0.00e+00
 1.97390e+22	7.55e-30	2.20e-23	2.24e-18	1.96e-14	4.67e-11	4.87e-08	1.46e-04	2.46e-02	9.75e-01	0.00e+00	0.00e+00	0.00e+00
 1.99720e+22	1.00e-29	2.81e-23	2.75e-18	2.33e-14	5.34e-11	5.37e-08	1.57e-04	2.55e-02	9.74e-01	0.00e+00	0.00e+00	0.00e+00
 2.01766e+22	1.31e-29	3.55e-23	3.35e-18	2.73e-14	6.06e-11	5.87e-08	1.67e-04	2.64e-02	9.73e-01	0.00e+00	0.00e+00	0.00e+00
 2.04047e+22	1.83e-29	4.72e-23	4.26e-18	3.34e-14	7.08e-11	6.57e-08	1.81e-04	2.75e-02	9.72e-01	0.00e+00	0.00e+00	0.00e+00
 2.06318e+22	2.39e-29	5.96e-23	5.19e-18	3.93e-14	8.05e-11	7.21e-08	1.94e-04	2.84e-02	9.71e-01	0.00e+00	0.00e+00	0.00e+00
 2.08242e+22	3.12e-29	7.49e-23	6.30e-18	4.61e-14	9.11e-11	7.87e-08	2.06e-04	2.94e-02	9.70e-01	0.00e+00	0.00e+00	0.00e+00
 2.10123e+22	3.99e-29	9.26e-23	7.53e-18	5.34e-14	1.02e-10	8.56e-08	2.19e-04	3.03e-02	9.69e-01	0.00e+00	0.00e+00	0.00e+00
 2.12283e+22	5.52e-29	1.23e-22	9.54e-18	6.49e-14	1.19e-10	9.54e-08	2.37e-04	3.15e-02	9.68e-01	0.00e+00	0.00e+00	0.00e+00
 2.14503e+22	7.38e-29	1.57e-22	1.18e-17	7.72e-14	1.36e-10	1.05e-07	2.54e-04	3.27e-02	9.67e-01	0.00e+00	0.00e+00	0.00e+00
 2.16451e+22	9.71e-29	1.99e-22	1.44e-17	9.10e-14	1.55e-10	1.15e-07	2.71e-04	3.38e-02	9.66e-01	0.00e+00	0.00e+00	0.00e+00
 2.18306e+22	1.26e-28	2.50e-22	1.74e-17	1.06e-13	1.75e-10	1.26e-07	2.88e-04	3.48e-02	9.65e-01	0.00e+00	0.00e+00	0.00e+00
 2.20391e+22	1.73e-28	3.27e-22	2.19e-17	1.29e-13	2.03e-10	1.39e-07	3.11e-04	3.62e-02	9.63e-01	0.00e+00	0.00e+00	0.00e+00
 2.22578e+22	2.33e-28	4.24e-22	2.72e-17	1.54e-13	2.33e-10	1.54e-07	3.34e-04	3.75e-02	9.62e-01	0.00e+00	0.00e+00	0.00e+00
 2.24486e+22	3.06e-28	5.36e-22	3.32e-17	1.81e-13	2.65e-10	1.69e-07	3.56e-04	3.88e-02	9.61e-01	0.00e+00	0.00e+00	0.00e+00
 2.26555e+22	4.27e-28	7.14e-22	4.23e-17	2.22e-13	3.10e-10	1.88e-07	3.85e-04	4.03e-02	9.59e-01	0.00e+00	0.00e+00	0.00e+00
 2.28681e+22	5.73e-28	9.21e-22	5.25e-17	2.65e-13	3.56e-10	2.08e-07	4.13e-04	4.18e-02	9.58e-01	0.00e+00	0.00e+00	0.00e+00
 2.30550e+22	7.60e-28	1.17e-21	6.44e-17	3.13e-13	4.06e-10	2.28e-07	4.41e-04	4.32e-02	9.56e-01	0.00e+00	0.00e+00	0.00e+00
 2.32651e+22	1.07e-27	1.58e-21	8.27e-17	3.85e-13	4.76e-10	2.55e-07	4.78e-04	4.49e-02	9.55e-01	0.00e+00	0.00e+00	0.00e+00
 2.34786e+22	1.44e-27	2.04e-21	1.03e-16	4.61e-13	5.48e-10	2.82e-07	5.12e-04	4.65e-02	9.53e-01	0.00e+00	0.00e+00	0.00e+00
 2.36637e+22	1.91e-27	2.61e-21	1.27e-16	5.47e-13	6.26e-10	3.10e-07	5.47e-04	4.81e-02	9.51e-01	0.00e+00	0.00e+00	0.00e+00
 2.38714e+22	2.72e-27	3.53e-21	1.64e-16	6.76e-13	7.38e-10	3.49e-07	5.93e-04	5.01e-02	9.49e-01	0.00e+00	0.00e+00	0.00e+00
 2.40874e+22	3.76e-27	4.67e-21	2.07e-16	8.22e-13	8.59e-10	3.88e-07	6.39e-04	5.19e-02	9.47e-01	0.00e+00	0.00e+00	0.00e+00
 2.42806e+22	5.03e-27	6.00e-21	2.56e-16	9.80e-13	9.86e-10	4.28e-07	6.84e-04	5.37e-02	9.46e-01	0.00e+00	0.00e+00	0.00e+00
 2.44652e+22	6.79e-27	7.78e-21	3.20e-16	1.18e-12	1.13e-09	4.72e-07	7.32e-04	5.55e-02	9.44e-01	0.00e+00	0.00e+00	0.00e+00
 2.46409e+22	8.91e-27	9.84e-21	3.90e-16	1.39e-12	1.29e-09	5.17e-07	7.79e-04	5.73e-02	9.42e-01	0.00e+00	0.00e+00	0.00e+00
 2.48379e+22	1.29e-26	1.36e-20	5.12e-16	1.73e-12	1.53e-09	5.85e-07	8.47e-04	5.97e-02	9.39e-01	0.00e+00	0.00e+00	0.00e+00
 2.50361e+22	1.74e-26	1.76e-20	6.37e-16	2.08e-12	1.77e-09	6.46e-07	9.06e-04	6.17e-02	9.37e-01	0.00e+00	0.00e+00	0.00e+00
 2.51964e+22	2.24e-26	2.18e-20	7.67e-16	2.42e-12	1.99e-09	7.02e-07	9.59e-04	6.34e-02	9.36e-01	0.00e+00	0.00e+00	0.00e+00
 2.53349e+22	2.84e-26	2.68e-20	9.13e-16	2.80e-12	2.22e-09	7.59e-07	1.01e-03	6.50e-02	9.34e-01	0.00e+00	0.00e+00	0.00e+00
 2.54626e+22	3.53e-26	3.24e-20	1.07e-15	3.19e-12	2.46e-09	8.16e-07	1.06e-03	6.66e-02	9.32e-01	0.00e+00	0.00e+00	0.00e+00
 2.56067e+22	4.67e-26	4.12e-20	1.31e-15	3.78e-12	2.81e-09	8.94e-07	1.13e-03	6.86e-02	9.30e-01	0.00e+00	0.00e+00	0.00e+00
 2.57557e+22	5.91e-26	5.06e-20	1.56e-15	4.36e-12	3.14e-09	9.67e-07	1.19e-03	7.04e-02	9.28e-01	0.00e+00	0.00e+00	0.00e+00
 2.58842e+22	7.44e-26	6.17e-20	1.85e-15	5.02e-12	3.50e-09	1.04e-06	1.25e-03	7.21e-02	9.27e-01	0.00e+00	0.00e+00	0.00e+00
 2.60031e+22	9.22e-26	7.43e-20	2.17e-15	5.71e-12	3.87e-09	1.12e-06	1.31e-03	7.38e-02	9.25e-01	0.00e+00	0.00e+00	0.00e+00
 2.61364e+22	1.20e-25	9.31e-20	2.62e-15	6.69e-12	4.37e-09	1.22e-06	1.39e-03	7.58e-02	9.23e-01	0.00e+00	0.00e+00	0.00e+00
 2.62695e+22	1.49e-25	1.13e-19	3.09e-15	7.67e-12	4.85e-09	1.31e-06	1.46e-03	7.76e-02	9.21e-01	0.00e+00	0.00e+00	0.00e+00
 2.63813e+22	1.85e-25	1.36e-19	3.61e-15	8.72e-12	5.36e-09	1.41e-06	1.52e-03	7.93e-02	9.19e-01	0.00e+00	0.00e+00	0.00e+00
 2.65057e+22	2.40e-25	1.70e-19	4.38e-15	1.02e-11	6.06e-09	1.53e-06	1.61e-03	8.15e-02	9.17e-01	0.00e+00	0.00e+00	0.00e+00
 2.66329e+22	2.98e-25	2.05e-19	5.14e-15	1.17e-11	6.72e-09	1.65e-06	1.69e-03	8.33e-02	9.15e-01	0.00e+00	0.00e+00	0.00e+00
 2.67455e+22	3.77e-25	2.52e-19	6.11e-15	1.35e-11	7.49e-09	1.78e-06	1.77e-03	8.53e-02	9.13e-01	0.00e+00	0.00e+00	0.00e+00
 2.68549e+22	4.69e-25	3.04e-19	7.17e-15	1.54e-11	8.29e-09	1.91e-06	1.86e-03	8.72e-02	9.11e-01	0.00e+00	0.00e+00	0.00e+00
 2.69578e+22	5.75e-25	3.63e-19	8.34e-15	1.74e-11	9.13e-09	2.04e-06	1.94e-03	8.90e-02	9.09e-01	0.00e+00	0.00e+00	0.00e+00
 2.70562e+22	7.05e-25	4.33e-19	9.69e-15	1.97e-11	1.00e-08	2.18e-06	2.02e-03	9.08e-02	9.07e-01	0.00e+00	0.00e+00	0.00e+00
 2.71693e+22	9.13e-25	5.42e-19	1.17e-14	2.30e-11	1.13e-08	2.37e-06	2.14e-03	9.32e-02	9.05e-01	0.00e+00	0.00e+00	0.00e+00
 2.72839e+22	1.15e-24	6.62e-19	1.39e-14	2.65e-11	1.26e-08	2.56e-06	2.24e-03	9.53e-02	9.02e-01	0.00e+00	0.00e+00	0.00e+00
 2.73817e+22	1.41e-24	7.92e-19	1.62e-14	3.00e-11	1.39e-08	2.73e-06	2.34e-03	9.72e-02	9.00e-01	0.00e+00	0.00e+00	0.00e+00
 2.74899e+22	1.84e-24	9.97e-19	1.97e-14	3.53e-11	1.57e-08	2.98e-06	2.47e-03	9.97e-02	8.98e-01	0.00e+00	0.00e+00	0.00e+00
 2.76013e+22	2.34e-24	1.22e-18	2.34e-14	4.07e-11	1.76e-08	3.21e-06	2.59e-03	1.02e-01	8.95e-01	0.00e+00	0.00e+00	0.00e+00
 2.76998e+22	2.92e-24	1.49e-18	2.76e-14	4.66e-11	1.95e-08	3.45e-06	2.71e-03	1.04e-01	8.93e-01	0.00e+00	0.00e+00	0.00e+00
 2.78108e+22	3.92e-24	1.92e-18	3.43e-14	5.58e-11	2.23e-08	3.79e-06	2.87e-03	1.07e-01	8.90e-01	0.00e+00	0.00e+00	0.00e+00
 2.79230e+22	4.99e-24	2.37e-18	4.10e-14	6.46e-11	2.50e-08	4.09e-06	3.02e-03	1.10e-01	8.87e-01	0.00e+00	0.00e+00	0.00e+00
 2.80188e+22	6.20e-24	2.86e-18	4.81e-14	7.37e-11	2.76e-08	4.39e-06	3.15e-03	1.12e-01	8.85e-01	0.00e+00	0.00e+00	0.00e+00
 2.81251e+22	8.56e-24	3.78e-18	6.10e-14	8.95e-11	3.20e-08	4.85e-06	3.36e-03	1.15e-01	8.82e-01	0.00e+00	0.00e+00	0.00e+00
 2.82295e+22	1.06e-23	4.54e-18	7.14e-14	1.02e-10	3.53e-08	5.19e-06	3.50e-03	1.17e-01	8.79e-01	0.00e+00	0.00e+00	0.00e+00
 2.83314e+22	1.45e-23	5.96e-18	8.99e-14	1.23e-10	4.08e-08	5.73e-06	3.72e-03	1.21e-01	8.76e-01	0.00e+00	0.00e+00	0.00e+00
 2.84313e+22	1.80e-23	7.19e-18	1.05e-13	1.40e-10	4.51e-08	6.14e-06	3.88e-03	1.23e-01	8.73e-01	0.00e+00	0.00e+00	0.00e+00
 2.85286e+22	2.44e-23	9.38e-18	1.32e-13	1.69e-10	5.19e-08	6.75e-06	4.12e-03	1.27e-01	8.69e-01	0.00e+00	0.00e+00	0.00e+00
 2.86268e+22	3.07e-23	1.14e-17	1.56e-13	1.94e-10	5.76e-08	7.25e-06	4.31e-03	1.29e-01	8.67e-01	0.00e+00	0.00e+00	0.00e+00
 2.87262e+22	4.25e-23	1.52e-17	1.99e-13	2.36e-10	6.70e-08	8.03e-06	4.59e-03	1.33e-01	8.63e-01	0.00e+00	0.00e+00	0.00e+00
 2.88254e+22	5.38e-23	1.86e-17	2.36e-13	2.72e-10	7.46e-08	8.65e-06	4.80e-03	1.36e-01	8.60e-01	0.00e+00	0.00e+00	0.00e+00
 2.89245e+22	7.45e-23	2.47e-17	3.01e-13	3.31e-10	8.66e-08	9.57e-06	5.11e-03	1.40e-01	8.55e-01	0.00e+00	0.00e+00	0.00e+00
 2.90255e+22	9.68e-23	3.10e-17	3.64e-13	3.88e-10	9.76e-08	1.04e-05	5.37e-03	1.43e-01	8.52e-01	0.00e+00	0.00e+00	0.00e+00
 2.91139e+22	1.25e-22	3.87e-17	4.40e-13	4.52e-10	1.10e-07	1.12e-05	5.64e-03	1.46e-01	8.48e-01	0.00e+00	0.00e+00	0.00e+00
 2.92139e+22	1.75e-22	5.18e-17	5.63e-13	5.54e-10	1.28e-07	1.25e-05	6.02e-03	1.50e-01	8.44e-01	0.00e+00	0.00e+00	0.00e+00
 2.93142e+22	2.27e-22	6.50e-17	6.83e-13	6.49e-10	1.44e-07	1.35e-05	6.33e-03	1.54e-01	8.40e-01	0.00e+00	0.00e+00	0.00e+00
 2.94148e+22	3.20e-22	8.75e-17	8.79e-13	7.98e-10	1.69e-07	1.51e-05	6.75e-03	1.58e-01	8.35e-01	0.00e+00	0.00e+00	0.00e+00
 2.95170e+22	4.21e-22	1.11e-16	1.07e-12	9.41e-10	1.91e-07	1.64e-05	7.12e-03	1.62e-01	8.31e-01	0.00e+00	0.00e+00	0.00e+00
 2.96214e+22	6.03e-22	1.52e-16	1.40e-12	1.17e-09	2.25e-07	1.83e-05	7.63e-03	1.67e-01	8.25e-01	0.00e+00	0.00e+00	0.00e+00
 2.97260e+22	7.94e-22	1.92e-16	1.71e-12	1.38e-09	2.56e-07	2.00e-05	8.04e-03	1.71e-01	8.21e-01	0.00e+00	0.00e+00	0.00e+00
 2.98310e+22	1.14e-21	2.64e-16	2.24e-12	1.72e-09	3.02e-07	2.24e-05	8.62e-03	1.76e-01	8.15e-01	0.00e+00	0.00e+00	0.00e+00
 2.99335e+22	1.47e-21	3.29e-16	2.70e-12	2.00e-09	3.39e-07	2.42e-05	9.05e-03	1.80e-01	8.11e-01	0.00e+00	0.00e+00	0.00e+00
 3.00327e+22	2.08e-21	4.44e-16	3.48e-12	2.47e-09	3.98e-07	2.70e-05	9.68e-03	1.86e-01	8.05e-01	0.00e+00	0.00e+00	0.00e+00
 3.01328e+22	2.67e-21	5.50e-16	4.18e-12	2.87e-09	4.46e-07	2.92e-05	1.02e-02	1.89e-01	8.00e-01	0.00e+00	0.00e+00	0.00e+00
 3.02341e+22	3.73e-21	7.36e-16	5.35e-12	3.51e-09	5.21e-07	3.25e-05	1.08e-02	1.95e-01	7.94e-01	0.00e+00	0.00e+00	0.00e+00
 3.03379e+22	4.85e-21	9.24e-16	6.50e-12	4.12e-09	5.88e-07	3.53e-05	1.14e-02	1.99e-01	7.89e-01	0.00e+00	0.00e+00	0.00e+00
 3.04448e+22	6.87e-21	1.25e-15	8.38e-12	5.08e-09	6.91e-07	3.95e-05	1.22e-02	2.05e-01	7.82e-01	0.00e+00	0.00e+00	0.00e+00
 3.05536e+22	8.88e-21	1.56e-15	1.01e-11	5.94e-09	7.79e-07	4.29e-05	1.29e-02	2.10e-01	7.77e-01	0.00e+00	0.00e+00	0.00e+00
 3.06646e+22	1.25e-20	2.10e-15	1.31e-11	7.31e-09	9.15e-07	4.79e-05	1.38e-02	2.16e-01	7.70e-01	0.00e+00	0.00e+00	0.00e+00
 3.07784e+22	1.63e-20	2.64e-15	1.58e-11	8.57e-09	1.03e-06	5.21e-05	1.45e-02	2.21e-01	7.65e-01	0.00e+00	0.00e+00	0.00e+00
 3.08959e+22	2.29e-20	3.55e-15	2.04e-11	1.06e-08	1.22e-06	5.83e-05	1.55e-02	2.27e-01	7.57e-01	0.00e+00	0.00e+00	0.00e+00
 3.10156e+22	2.98e-20	4.46e-15	2.47e-11	1.24e-08	1.38e-06	6.36e-05	1.64e-02	2.32e-01	7.51e-01	0.00e+00	0.00e+00	0.00e+00
 3.11381e+22	4.18e-20	5.98e-15	3.18e-11	1.53e-08	1.62e-06	7.11e-05	1.76e-02	2.39e-01	7.43e-01	0.00e+00	0.00e+00	0.00e+00
 3.12614e+22	5.39e-20	7.46e-15	3.84e-11	1.78e-08	1.82e-06	7.73e-05	1.85e-02	2.44e-01	7.37e-01	0.00e+00	0.00e+00	0.00e+00
 3.13859e+22	7.51e-20	9.93e-15	4.90e-11	2.18e-08	2.14e-06	8.63e-05	1.98e-02	2.51e-01	7.29e-01	0.00e+00	0.00e+00	0.00e+00
 3.15063e+22	9.34e-20	1.20e-14	5.75e-11	2.50e-08	2.37e-06	9.29e-05	2.07e-02	2.56e-01	7.23e-01	0.00e+00	0.00e+00	0.00e+00
 3.16217e+22	1.25e-19	1.55e-14	7.15e-11	2.99e-08	2.73e-06	1.03e-04	2.20e-02	2.62e-01	7.16e-01	0.00e+00	0.00e+00	0.00e+00
 3.17400e+22	1.57e-19	1.88e-14	8.44e-11	3.43e-08	3.04e-06	1.11e-04	2.30e-02	2.67e-01	7.10e-01	0.00e+00	0.00e+00	0.00e+00
 3.18622e+22	2.12e-19	2.44e-14	1.06e-10	4.13e-08	3.52e-06	1.23e-04	2.45e-02	2.74e-01	7.01e-01	0.00e+00	0.00e+00	0.00e+00
 3.19860e+22	2.63e-19	2.95e-14	1.24e-10	4.73e-08	3.91e-06	1.32e-04	2.57e-02	2.79e-01	6.95e-01	0.00e+00	0.00e+00	0.00e+00
 3.21118e+22	3.51e-19	3.79e-14	1.53e-10	5.65e-08	4.50e-06	1.46e-04	2.73e-02	2.86e-01	6.87e-01	0.00e+00	0.00e+00	0.00e+00
 3.22365e+22	4.34e-19	4.56e-14	1.80e-10	6.45e-08	5.00e-06	1.57e-04	2.85e-02	2.91e-01	6.80e-01	0.00e+00	0.00e+00	0.00e+00
 3.23600e+22	5.75e-19	5.81e-14	2.22e-10	7.68e-08	5.74e-06	1.73e-04	3.03e-02	2.98e-01	6.72e-01	0.00e+00	0.00e+00	0.00e+00
 3.24847e+22	7.03e-19	6.93e-14	2.57e-10	8.70e-08	6.33e-06	1.85e-04	3.16e-02	3.03e-01	6.66e-01	0.00e+00	0.00e+00	0.00e+00
 3.26110e+22	9.25e-19	8.79e-14	3.16e-10	1.03e-07	7.25e-06	2.04e-04	3.35e-02	3.09e-01	6.57e-01	0.00e+00	0.00e+00	0.00e+00
 3.27397e+22	1.14e-18	1.05e-13	3.68e-10	1.17e-07	8.03e-06	2.19e-04	3.49e-02	3.14e-01	6.50e-01	0.00e+00	0.00e+00	0.00e+00
 3.28715e+22	1.50e-18	1.33e-13	4.51e-10	1.39e-07	9.20e-06	2.41e-04	3.70e-02	3.21e-01	6.41e-01	0.00e+00	0.00e+00	0.00e+00
 3.30058e+22	1.84e-18	1.60e-13	5.26e-10	1.58e-07	1.02e-05	2.59e-04	3.87e-02	3.27e-01	6.34e-01	0.00e+00	0.00e+00	0.00e+00
 3.31432e+22	2.42e-18	2.03e-13	6.47e-10	1.88e-07	1.17e-05	2.85e-04	4.10e-02	3.34e-01	6.25e-01	0.00e+00	0.00e+00	0.00e+00
 3.32832e+22	2.98e-18	2.43e-13	7.55e-10	2.14e-07	1.30e-05	3.07e-04	4.29e-02	3.39e-01	6.18e-01	0.00e+00	0.00e+00	0.00e+00
 3.34265e+22	3.93e-18	3.09e-13	9.28e-10	2.55e-07	1.49e-05	3.39e-04	4.55e-02	3.46e-01	6.08e-01	0.00e+00	0.00e+00	0.00e+00
 3.35665e+22	4.71e-18	3.62e-13	1.06e-09	2.86e-07	1.63e-05	3.61e-04	4.73e-02	3.51e-01	6.01e-01	0.00e+00	0.00e+00	0.00e+00
 3.37024e+22	6.11e-18	4.54e-13	1.29e-09	3.37e-07	1.86e-05	3.96e-04	5.00e-02	3.58e-01	5.92e-01	0.00e+00	0.00e+00	0.00e+00
 3.38403e+22	7.34e-18	5.33e-13	1.48e-09	3.78e-07	2.03e-05	4.23e-04	5.19e-02	3.63e-01	5.85e-01	0.00e+00	0.00e+00	0.00e+00
 3.39811e+22	9.44e-18	6.63e-13	1.79e-09	4.42e-07	2.31e-05	4.62e-04	5.48e-02	3.69e-01	5.75e-01	0.00e+00	0.00e+00	0.00e+00
 3.41263e+22	1.16e-17	7.91e-13	2.08e-09	5.02e-07	2.56e-05	4.97e-04	5.72e-02	3.75e-01	5.67e-01	0.00e+00	0.00e+00	0.00e+00
 3.42771e+22	1.49e-17	9.84e-13	2.51e-09	5.88e-07	2.90e-05	5.43e-04	6.03e-02	3.81e-01	5.58e-01	0.00e+00	0.00e+00	0.00e+00
 3.44328e+22	1.84e-17	1.18e-12	2.94e-09	6.73e-07	3.23e-05	5.86e-04	6.31e-02	3.87e-01	5.49e-01	0.00e+00	0.00e+00	0.00e+00
 3.45950e+22	2.39e-17	1.49e-12	3.58e-09	7.93e-07	3.68e-05	6.43e-04	6.66e-02	3.94e-01	5.39e-01	2.39e-17	6.06e-28	6.44e-28
 3.47617e+22	2.97e-17	1.80e-12	4.22e-09	9.09e-07	4.11e-05	6.95e-04	6.97e-02	4.00e-01	5.30e-01	2.97e-17	5.65e-26	7.11e-26
 3.49340e+22	3.88e-17	2.27e-12	5.15e-09	1.08e-06	4.70e-05	7.65e-04	7.37e-02	4.07e-01	5.19e-01	3.88e-17	7.39e-26	9.30e-26
 3.51121e+22	4.87e-17	2.77e-12	6.11e-09	1.24e-06	5.27e-05	8.29e-04	7.73e-02	4.12e-01	5.09e-01	4.87e-17	9.27e-26	1.17e-25
 3.52976e+22	6.45e-17	3.54e-12	7.54e-09	1.48e-06	6.06e-05	9.15e-04	8.19e-02	4.19e-01	4.98e-01	6.45e-17	1.23e-25	1.55e-25
 3.54881e+22	8.15e-17	4.34e-12	8.99e-09	1.72e-06	6.82e-05	9.95e-04	8.59e-02	4.25e-01	4.88e-01	8.15e-17	1.55e-25	1.95e-25
 3.56593e+22	1.02e-16	5.26e-12	1.06e-08	1.97e-06	7.61e-05	1.08e-03	8.99e-02	4.31e-01	4.78e-01	1.02e-16	1.94e-25	2.44e-25
 3.58560e+22	1.37e-16	6.84e-12	1.33e-08	2.38e-06	8.86e-05	1.20e-03	9.56e-02	4.38e-01	4.65e-01	1.37e-16	2.62e-25	3.30e-25
 3.60538e+22	1.71e-16	8.28e-12	1.57e-08	2.73e-06	9.88e-05	1.29e-03	9.98e-02	4.43e-01	4.56e-01	1.71e-16	3.26e-25	4.11e-25
 3.62533e+22	2.30e-16	1.07e-11	1.95e-08	3.29e-06	1.15e-04	1.43e-03	1.06e-01	4.50e-01	4.43e-01	2.30e-16	4.38e-25	5.51e-25
 3.64569e+22	2.91e-16	1.31e-11	2.33e-08	3.82e-06	1.29e-04	1.56e-03	1.11e-01	4.55e-01	4.33e-01	2.91e-16	5.55e-25	6.98e-25
 3.66661e+22	3.93e-16	1.71e-11	2.92e-08	4.61e-06	1.50e-04	1.73e-03	1.18e-01	4.61e-01	4.19e-01	3.93e-16	7.50e-25	9.44e-25
 3.68785e+22	5.01e-16	2.11e-11	3.50e-08	5.38e-06	1.69e-04	1.89e-03	1.24e-01	4.66e-01	4.08e-01	5.01e-16	9.56e-25	1.20e-24
 3.70952e+22	6.87e-16	2.78e-11	4.44e-08	6.56e-06	1.99e-04	2.11e-03	1.32e-01	4.72e-01	3.94e-01	6.87e-16	1.31e-24	1.65e-24
 3.73129e+22	8.72e-16	3.42e-11	5.31e-08	7.63e-06	2.24e-04	2.30e-03	1.38e-01	4.76e-01	3.83e-01	8.72e-16	1.67e-24	2.10e-24
 3.74935e+22	1.08e-15	4.14e-11	6.24e-08	8.74e-06	2.50e-04	2.48e-03	1.44e-01	4.80e-01	3.73e-01	1.08e-15	2.07e-24	2.60e-24
 3.76901e+22	1.44e-15	5.30e-11	7.74e-08	1.05e-05	2.90e-04	2.75e-03	1.52e-01	4.85e-01	3.60e-01	1.44e-15	2.75e-24	3.46e-24
 3.78859e+22	1.78e-15	6.37e-11	9.06e-08	1.20e-05	3.22e-04	2.96e-03	1.58e-01	4.88e-01	3.51e-01	1.78e-15	3.40e-24	4.28e-24
 3.80806e+22	2.35e-15	8.13e-11	1.12e-07	1.43e-05	3.73e-04	3.27e-03	1.67e-01	4.92e-01	3.38e-01	2.35e-15	4.50e-24	5.66e-24
 3.82779e+22	2.92e-15	9.81e-11	1.32e-07	1.64e-05	4.16e-04	3.54e-03	1.74e-01	4.94e-01	3.28e-01	2.92e-15	5.58e-24	7.02e-24
 3.84786e+22	3.88e-15	1.26e-10	1.63e-07	1.98e-05	4.84e-04	3.93e-03	1.84e-01	4.98e-01	3.14e-01	3.88e-15	7.43e-24	9.35e-24
 3.86817e+22	4.83e-15	1.52e-10	1.93e-07	2.27e-05	5.42e-04	4.25e-03	1.92e-01	5.00e-01	3.04e-01	4.83e-15	9.25e-24	1.16e-23
 3.88880e+22	6.44e-15	1.96e-10	2.40e-07	2.74e-05	6.31e-04	4.73e-03	2.02e-01	5.02e-01	2.91e-01	6.44e-15	1.23e-23	1.55e-23
 3.90984e+22	8.08e-15	2.39e-10	2.85e-07	3.18e-05	7.12e-04	5.15e-03	2.11e-01	5.03e-01	2.80e-01	8.08e-15	1.55e-23	1.95e-23
 3.93141e+22	1.08e-14	3.08e-10	3.57e-07	3.86e-05	8.35e-04	5.75e-03	2.24e-01	5.04e-01	2.66e-01	1.08e-14	2.08e-23	2.61e-23
 3.95340e+22	1.37e-14	3.77e-10	4.26e-07	4.50e-05	9.48e-04	6.28e-03	2.34e-01	5.04e-01	2.55e-01	1.37e-14	2.62e-23	3.29e-23
 3.97595e+22	1.84e-14	4.89e-10	5.36e-07	5.49e-05	1.12e-03	7.06e-03	2.47e-01	5.04e-01	2.40e-01	1.84e-14	3.53e-23	4.44e-23
 3.99868e+22	2.31e-14	5.97e-10	6.39e-07	6.40e-05	1.27e-03	7.72e-03	2.58e-01	5.03e-01	2.30e-01	2.31e-14	4.43e-23	5.57e-23
 4.01778e+22	2.83e-14	7.14e-10	7.49e-07	7.36e-05	1.43e-03	8.38e-03	2.69e-01	5.02e-01	2.20e-01	2.83e-14	5.44e-23	6.83e-23
 4.03845e+22	3.64e-14	8.91e-10	9.13e-07	8.77e-05	1.66e-03	9.30e-03	2.82e-01	4.99e-01	2.07e-01	3.64e-14	7.00e-23	8.80e-23
 4.05930e+22	4.43e-14	1.06e-09	1.07e-06	1.01e-04	1.86e-03	1.01e-02	2.93e-01	4.97e-01	1.98e-01	4.43e-14	8.53e-23	1.07e-22
 4.07970e+22	5.57e-14	1.30e-09	1.28e-06	1.19e-04	2.14e-03	1.11e-02	3.07e-01	4.93e-01	1.86e-01	5.57e-14	1.07e-22	1.35e-22
 4.10051e+22	6.76e-14	1.54e-09	1.50e-06	1.36e-04	2.41e-03	1.21e-02	3.19e-01	4.90e-01	1.77e-01	6.76e-14	1.30e-22	1.64e-22
 4.12090e+22	8.30e-14	1.85e-09	1.77e-06	1.59e-04	2.75e-03	1.33e-02	3.33e-01	4.85e-01	1.66e-01	8.30e-14	1.60e-22	2.01e-22
 4.14172e+22	1.00e-13	2.19e-09	2.07e-06	1.83e-04	3.11e-03	1.45e-02	3.46e-01	4.80e-01	1.57e-01	1.00e-13	1.93e-22	2.43e-22
 4.16230e+22	1.20e-13	2.58e-09	2.41e-06	2.11e-04	3.52e-03	1.59e-02	3.59e-01	4.74e-01	1.47e-01	1.20e-13	2.33e-22	2.92e-22
 4.18299e+22	1.43e-13	3.02e-09	2.80e-06	2.42e-04	3.97e-03	1.73e-02	3.72e-01	4.68e-01	1.39e-01	1.43e-13	2.77e-22	3.48e-22
 4.20344e+22	1.69e-13	3.50e-09	3.23e-06	2.77e-04	4.46e-03	1.89e-02	3.85e-01	4.61e-01	1.30e-01	1.69e-13	3.27e-22	4.10e-22
 4.22385e+22	1.98e-13	4.04e-09	3.70e-06	3.15e-04	5.00e-03	2.05e-02	3.98e-01	4.54e-01	1.22e-01	1.98e-13	3.83e-22	4.80e-22
 4.24429e+22	2.29e-13	4.63e-09	4.23e-06	3.58e-04	5.59e-03	2.23e-02	4.11e-01	4.46e-01	1.14e-01	2.29e-13	4.45e-22	5.58e-22
 4.26481e+22	2.64e-13	5.29e-09	4.81e-06	4.05e-04	6.24e-03	2.42e-02	4.24e-01	4.38e-01	1.07e-01	2.64e-13	5.14e-22	6.44e-22
 4.28544e+22	3.03e-13	6.00e-09	5.46e-06	4.58e-04	6.95e-03	2.62e-02	4.37e-01	4.29e-01	9.99e-02	3.03e-13	5.89e-22	7.38e-22
 4.30627e+22	3.45e-13	6.78e-09	6.18e-06	5.16e-04	7.73e-03	2.83e-02	4.50e-01	4.21e-01	9.31e-02	3.45e-13	6.71e-22	8.41e-22
 4.32733e+22	3.91e-13	7.63e-09	6.97e-06	5.81e-04	8.58e-03	3.06e-02	4.62e-01	4.11e-01	8.67e-02	3.91e-13	7.61e-22	9.54e-22
 4.34850e+22	4.40e-13	8.54e-09	7.83e-06	6.52e-04	9.50e-03	3.30e-02	4.74e-01	4.02e-01	8.07e-02	4.40e-13	8.57e-22	1.07e-21
 4.37001e+22	4.93e-13	9.55e-09	8.79e-06	7.32e-04	1.05e-02	3.57e-02	4.87e-01	3.92e-01	7.48e-02	4.93e-13	9.63e-22	1.21e-21
 4.39176e+22	5.50e-13	1.06e-08	9.83e-06	8.19e-04	1.16e-02	3.84e-02	4.98e-01	3.81e-01	6.94e-02	5.50e-13	1.07e-21	1.34e-21
 4.41394e+22	6.12e-13	1.18e-08	1.10e-05	9.19e-04	1.28e-02	4.15e-02	5.10e-01	3.71e-01	6.40e-02	6.12e-13	1.20e-21	1.50e-21
 4.43457e+22	6.66e-13	1.29e-08	1.21e-05	1.01e-03	1.39e-02	4.41e-02	5.19e-01	3.62e-01	6.00e-02	6.66e-13	1.30e-21	1.63e-21
 4.45578e+22	7.37e-13	1.43e-08	1.35e-05	1.13e-03	1.53e-02	4.76e-02	5.31e-01	3.50e-01	5.50e-02	7.37e-13	1.44e-21	1.81e-21
 4.47732e+22	8.00e-13	1.55e-08	1.48e-05	1.24e-03	1.66e-02	5.05e-02	5.39e-01	3.41e-01	5.14e-02	8.00e-13	1.57e-21	1.96e-21
 4.49938e+22	8.77e-13	1.71e-08	1.65e-05	1.39e-03	1.83e-02	5.45e-02	5.50e-01	3.29e-01	4.69e-02	8.77e-13	1.72e-21	2.16e-21
 4.52158e+22	9.52e-13	1.86e-08	1.81e-05	1.53e-03	1.97e-02	5.76e-02	5.58e-01	3.20e-01	4.37e-02	9.52e-13	1.87e-21	2.34e-21
 4.54394e+22	1.04e-12	2.05e-08	2.02e-05	1.71e-03	2.16e-02	6.20e-02	5.67e-01	3.08e-01	3.98e-02	1.04e-12	2.05e-21	2.57e-21
 4.56643e+22	1.12e-12	2.22e-08	2.21e-05	1.87e-03	2.32e-02	6.55e-02	5.74e-01	2.99e-01	3.71e-02	1.12e-12	2.22e-21	2.77e-21
 4.58908e+22	1.23e-12	2.44e-08	2.46e-05	2.09e-03	2.54e-02	7.02e-02	5.82e-01	2.87e-01	3.37e-02	1.23e-12	2.42e-21	3.03e-21
 4.61192e+22	1.32e-12	2.64e-08	2.68e-05	2.28e-03	2.72e-02	7.40e-02	5.88e-01	2.77e-01	3.13e-02	1.32e-12	2.61e-21	3.26e-21
 4.63500e+22	1.44e-12	2.91e-08	3.00e-05	2.55e-03	2.97e-02	7.92e-02	5.95e-01	2.66e-01	2.84e-02	1.44e-12	2.85e-21	3.56e-21
 4.65836e+22	1.55e-12	3.15e-08	3.27e-05	2.78e-03	3.18e-02	8.33e-02	5.99e-01	2.56e-01	2.62e-02	1.55e-12	3.08e-21	3.84e-21
 4.68211e+22	1.69e-12	3.48e-08	3.66e-05	3.11e-03	3.46e-02	8.90e-02	6.05e-01	2.45e-01	2.37e-02	1.69e-12	3.36e-21	4.19e-21
 4.70623e+22	1.82e-12	3.78e-08	4.01e-05	3.40e-03	3.70e-02	9.36e-02	6.09e-01	2.36e-01	2.19e-02	1.82e-12	3.63e-21	4.53e-21
 4.73085e+22	1.99e-12	4.19e-08	4.50e-05	3.81e-03	4.02e-02	9.98e-02	6.13e-01	2.24e-01	1.96e-02	1.99e-12	3.98e-21	4.97e-21
 4.75599e+22	2.16e-12	4.58e-08	4.95e-05	4.17e-03	4.29e-02	1.05e-01	6.15e-01	2.15e-01	1.80e-02	2.16e-12	4.33e-21	5.40e-21
 4.78180e+22	2.38e-12	5.12e-08	5.58e-05	4.69e-03	4.67e-02	1.12e-01	6.17e-01	2.03e-01	1.61e-02	2.38e-12	4.77e-21	5.95e-21
 4.80827e+22	2.60e-12	5.64e-08	6.18e-05	5.16e-03	4.99e-02	1.17e-01	6.18e-01	1.94e-01	1.47e-02	2.60e-12	5.23e-21	6.52e-21
 4.83558e+22	2.87e-12	6.34e-08	7.03e-05	5.82e-03	5.42e-02	1.25e-01	6.19e-01	1.83e-01	1.30e-02	2.87e-12	5.80e-21	7.22e-21
 4.86125e+22	3.13e-12	6.94e-08	7.69e-05	6.31e-03	5.73e-02	1.30e-01	6.19e-01	1.76e-01	1.20e-02	3.13e-12	6.33e-21	7.88e-21
 4.88480e+22	3.44e-12	7.74e-08	8.62e-05	7.00e-03	6.14e-02	1.37e-01	6.18e-01	1.66e-01	1.08e-02	3.44e-12	6.98e-21	8.70e-21
 4.90817e+22	3.74e-12	8.45e-08	9.41e-05	7.57e-03	6.46e-02	1.42e-01	6.16e-01	1.60e-01	9.97e-03	3.74e-12	7.60e-21	9.46e-21
 4.93131e+22	4.09e-12	9.38e-08	1.05e-04	8.36e-03	6.90e-02	1.49e-01	6.14e-01	1.51e-01	8.95e-03	4.09e-12	8.33e-21	1.04e-20
 4.95459e+22	4.47e-12	1.03e-07	1.15e-04	9.03e-03	7.25e-02	1.54e-01	6.11e-01	1.45e-01	8.26e-03	4.47e-12	9.13e-21	1.14e-20
 4.97806e+22	4.95e-12	1.16e-07	1.29e-04	9.98e-03	7.73e-02	1.61e-01	6.07e-01	1.37e-01	7.41e-03	4.95e-12	1.01e-20	1.26e-20
 5.00194e+22	5.45e-12	1.28e-07	1.42e-04	1.08e-02	8.13e-02	1.67e-01	6.04e-01	1.31e-01	6.81e-03	5.45e-12	1.12e-20	1.39e-20
 5.02635e+22	6.09e-12	1.44e-07	1.60e-04	1.20e-02	8.66e-02	1.74e-01	5.98e-01	1.23e-01	6.07e-03	6.09e-12	1.25e-20	1.56e-20
 5.05111e+22	6.78e-12	1.61e-07	1.77e-04	1.30e-02	9.10e-02	1.80e-01	5.94e-01	1.17e-01	5.56e-03	6.78e-12	1.40e-20	1.74e-20
 5.07633e+22	7.63e-12	1.83e-07	2.01e-04	1.44e-02	9.69e-02	1.88e-01	5.87e-01	1.09e-01	4.93e-03	7.63e-12	1.58e-20	1.96e-20
 5.10197e+22	8.56e-12	2.06e-07	2.23e-04	1.56e-02	1.02e-01	1.93e-01	5.81e-01	1.04e-01	4.49e-03	8.56e-12	1.78e-20	2.21e-20
 5.12817e+22	9.76e-12	2.37e-07	2.55e-04	1.74e-02	1.08e-01	2.01e-01	5.72e-01	9.68e-02	3.96e-03	9.76e-12	2.04e-20	2.53e-20
 5.15500e+22	1.10e-11	2.69e-07	2.84e-04	1.89e-02	1.14e-01	2.07e-01	5.64e-01	9.14e-02	3.58e-03	1.10e-11	2.31e-20	2.87e-20
 5.18263e+22	1.28e-11	3.14e-07	3.27e-04	2.11e-02	1.22e-01	2.16e-01	5.54e-01	8.46e-02	3.13e-03	1.28e-11	2.70e-20	3.35e-20
 5.21094e+22	1.47e-11	3.60e-07	3.68e-04	2.31e-02	1.28e-01	2.22e-01	5.45e-01	7.95e-02	2.81e-03	1.47e-11	3.10e-20	3.85e-20
 5.24012e+22	1.74e-11	4.27e-07	4.28e-04	2.58e-02	1.36e-01	2.30e-01	5.32e-01	7.31e-02	2.43e-03	1.74e-11	3.70e-20	4.58e-20
 5.26959e+22	2.02e-11	4.92e-07	4.83e-04	2.82e-02	1.43e-01	2.36e-01	5.22e-01	6.84e-02	2.17e-03	2.02e-11	4.30e-20	5.33e-20
 5.29942e+22	2.41e-11	5.88e-07	5.63e-04	3.16e-02	1.52e-01	2.44e-01	5.07e-01	6.25e-02	1.87e-03	2.41e-11	5.17e-20	6.40e-20
 5.32958e+22	2.82e-11	6.82e-07	6.37e-04	3.45e-02	1.60e-01	2.49e-01	4.96e-01	5.83e-02	1.66e-03	2.82e-11	6.08e-20	7.52e-20
 5.36015e+22	3.42e-11	8.23e-07	7.45e-04	3.86e-02	1.70e-01	2.57e-01	4.80e-01	5.30e-02	1.42e-03	3.42e-11	7.42e-20	9.17e-20
 5.39002e+22	3.97e-11	9.48e-07	8.37e-04	4.19e-02	1.77e-01	2.62e-01	4.68e-01	4.95e-02	1.27e-03	3.97e-11	8.67e-20	1.07e-19
 5.41896e+22	4.82e-11	1.14e-06	9.70e-04	4.65e-02	1.87e-01	2.67e-01	4.52e-01	4.51e-02	1.09e-03	4.82e-11	1.06e-19	1.31e-19
 5.44926e+22	5.72e-11	1.33e-06	1.10e-03	5.07e-02	1.95e-01	2.72e-01	4.39e-01	4.16e-02	9.58e-04	5.72e-11	1.26e-19	1.56e-19
 5.47486e+22	6.60e-11	1.52e-06	1.23e-03	5.45e-02	2.02e-01	2.76e-01	4.27e-01	3.88e-02	8.58e-04	6.60e-11	1.47e-19	1.81e-19
 5.50169e+22	7.94e-11	1.80e-06	1.40e-03	5.97e-02	2.11e-01	2.79e-01	4.12e-01	3.56e-02	7.47e-04	7.94e-11	1.78e-19	2.19e-19
 5.52933e+22	9.30e-11	2.08e-06	1.57e-03	6.44e-02	2.19e-01	2.83e-01	3.98e-01	3.29e-02	6.60e-04	9.30e-11	2.09e-19	2.58e-19
 5.55401e+22	1.09e-10	2.38e-06	1.75e-03	6.92e-02	2.27e-01	2.85e-01	3.86e-01	3.05e-02	5.87e-04	1.09e-10	2.46e-19	3.03e-19
 5.58209e+22	1.33e-10	2.84e-06	2.00e-03	7.56e-02	2.37e-01	2.88e-01	3.70e-01	2.77e-02	5.06e-04	1.33e-10	3.03e-19	3.72e-19
 5.61135e+22	1.59e-10	3.32e-06	2.26e-03	8.18e-02	2.45e-01	2.90e-01	3.55e-01	2.54e-02	4.41e-04	1.59e-10	3.64e-19	4.48e-19
 5.63769e+22	1.88e-10	3.85e-06	2.53e-03	8.79e-02	2.53e-01	2.91e-01	3.42e-01	2.33e-02	3.87e-04	1.88e-10	4.34e-19	5.33e-19
 5.66748e+22	2.33e-10	4.63e-06	2.91e-03	9.61e-02	2.63e-01	2.92e-01	3.25e-01	2.09e-02	3.29e-04	2.33e-10	5.44e-19	6.68e-19
 5.69844e+22	2.83e-10	5.46e-06	3.30e-03	1.04e-01	2.72e-01	2.92e-01	3.10e-01	1.89e-02	2.83e-04	2.83e-10	6.65e-19	8.16e-19
 5.72622e+22	3.40e-10	6.37e-06	3.70e-03	1.12e-01	2.80e-01	2.92e-01	2.96e-01	1.72e-02	2.46e-04	3.40e-10	8.05e-19	9.87e-19
 5.75762e+22	4.29e-10	7.73e-06	4.27e-03	1.22e-01	2.90e-01	2.90e-01	2.78e-01	1.53e-02	2.05e-04	4.29e-10	1.03e-18	1.26e-18
 5.79004e+22	5.26e-10	9.16e-06	4.84e-03	1.32e-01	2.98e-01	2.88e-01	2.63e-01	1.37e-02	1.74e-04	5.26e-10	1.27e-18	1.56e-18
 5.81896e+22	6.38e-10	1.07e-05	5.43e-03	1.41e-01	3.05e-01	2.86e-01	2.49e-01	1.24e-02	1.50e-04	6.38e-10	1.56e-18	1.91e-18
 5.85172e+22	8.16e-10	1.31e-05	6.28e-03	1.53e-01	3.15e-01	2.83e-01	2.32e-01	1.08e-02	1.23e-04	8.16e-10	2.02e-18	2.47e-18
 5.88567e+22	1.01e-09	1.56e-05	7.12e-03	1.65e-01	3.22e-01	2.79e-01	2.18e-01	9.57e-03	1.03e-04	1.01e-09	2.54e-18	3.10e-18
 5.91613e+22	1.25e-09	1.84e-05	8.00e-03	1.76e-01	3.28e-01	2.74e-01	2.04e-01	8.52e-03	8.72e-05	1.25e-09	3.15e-18	3.85e-18
 5.95069e+22	1.63e-09	2.26e-05	9.28e-03	1.92e-01	3.36e-01	2.68e-01	1.88e-01	7.32e-03	7.01e-05	1.63e-09	4.17e-18	5.09e-18
 5.98635e+22	2.04e-09	2.69e-05	1.05e-02	2.05e-01	3.42e-01	2.62e-01	1.74e-01	6.41e-03	5.80e-05	2.04e-09	5.30e-18	6.45e-18
 6.01854e+22	2.54e-09	3.19e-05	1.18e-02	2.19e-01	3.47e-01	2.56e-01	1.61e-01	5.62e-03	4.81e-05	2.54e-09	6.69e-18	8.15e-18
 6.05550e+22	3.39e-09	3.97e-05	1.37e-02	2.37e-01	3.52e-01	2.47e-01	1.46e-01	4.71e-03	3.76e-05	3.39e-09	9.09e-18	1.10e-17
 6.09271e+22	4.26e-09	4.72e-05	1.55e-02	2.52e-01	3.55e-01	2.39e-01	1.34e-01	4.08e-03	3.07e-05	4.26e-09	1.16e-17	1.41e-17
 6.13025e+22	5.64e-09	5.83e-05	1.78e-02	2.71e-01	3.58e-01	2.29e-01	1.20e-01	3.42e-03	2.39e-05	5.64e-09	1.57e-17	1.90e-17
 6.16864e+22	7.21e-09	6.99e-05	2.02e-02	2.88e-01	3.60e-01	2.20e-01	1.09e-01	2.91e-03	1.92e-05	7.21e-09	2.04e-17	2.47e-17
 6.20244e+22	9.05e-09	8.26e-05	2.25e-02	3.04e-01	3.60e-01	2.11e-01	9.96e-02	2.50e-03	1.55e-05	9.05e-09	2.61e-17	3.16e-17
 6.24068e+22	1.21e-08	1.02e-04	2.59e-02	3.25e-01	3.60e-01	1.99e-01	8.81e-02	2.05e-03	1.18e-05	1.21e-08	3.59e-17	4.34e-17
 6.27982e+22	1.55e-08	1.22e-04	2.91e-02	3.42e-01	3.58e-01	1.90e-01	7.93e-02	1.73e-03	9.35e-06	1.55e-08	4.67e-17	5.65e-17
 6.32013e+22	2.09e-08	1.51e-04	3.34e-02	3.63e-01	3.55e-01	1.77e-01	6.92e-02	1.40e-03	6.99e-06	2.09e-08	6.49e-17	7.85e-17
 6.36107e+22	2.68e-08	1.81e-04	3.74e-02	3.81e-01	3.51e-01	1.67e-01	6.17e-02	1.16e-03	5.45e-06	2.68e-08	8.54e-17	1.03e-16
 6.39738e+22	3.42e-08	2.15e-04	4.17e-02	3.98e-01	3.46e-01	1.57e-01	5.49e-02	9.68e-04	4.25e-06	3.42e-08	1.12e-16	1.35e-16
 6.43912e+22	4.66e-08	2.66e-04	4.77e-02	4.20e-01	3.39e-01	1.45e-01	4.71e-02	7.64e-04	3.09e-06	4.66e-08	1.58e-16	1.90e-16
 6.48151e+22	5.99e-08	3.17e-04	5.31e-02	4.37e-01	3.33e-01	1.35e-01	4.14e-02	6.27e-04	2.37e-06	5.99e-08	2.08e-16	2.51e-16
 6.51830e+22	7.59e-08	3.74e-04	5.87e-02	4.53e-01	3.25e-01	1.26e-01	3.66e-02	5.18e-04	1.84e-06	7.59e-08	2.72e-16	3.28e-16
 6.55331e+22	9.43e-08	4.34e-04	6.42e-02	4.67e-01	3.18e-01	1.17e-01	3.25e-02	4.34e-04	1.45e-06	9.43e-08	3.47e-16	4.18e-16
 6.58665e+22	1.17e-07	5.02e-04	7.00e-02	4.80e-01	3.11e-01	1.10e-01	2.89e-02	3.63e-04	1.14e-06	1.17e-07	4.40e-16	5.30e-16
 6.62421e+22	1.52e-07	6.02e-04	7.79e-02	4.95e-01	3.01e-01	1.00e-01	2.49e-02	2.89e-04	8.45e-07	1.52e-07	5.94e-16	7.15e-16
 6.66178e+22	1.88e-07	6.94e-04	8.47e-02	5.07e-01	2.92e-01	9.31e-02	2.20e-02	2.40e-04	6.61e-07	1.88e-07	7.53e-16	9.06e-16
 6.69935e+22	2.45e-07	8.29e-04	9.38e-02	5.21e-01	2.81e-01	8.46e-02	1.88e-02	1.90e-04	4.85e-07	2.45e-07	1.01e-15	1.22e-15
 6.73756e+22	3.03e-07	9.58e-04	1.02e-01	5.31e-01	2.71e-01	7.79e-02	1.65e-02	1.56e-04	3.75e-07	3.03e-07	1.29e-15	1.55e-15
 6.77659e+22	3.97e-07	1.15e-03	1.13e-01	5.43e-01	2.59e-01	7.01e-02	1.39e-02	1.22e-04	2.70e-07	3.97e-07	1.74e-15	2.09e-15
 6.81592e+22	4.90e-07	1.32e-03	1.22e-01	5.51e-01	2.49e-01	6.42e-02	1.21e-02	9.94e-05	2.07e-07	4.90e-07	2.21e-15	2.66e-15
 6.85565e+22	6.46e-07	1.58e-03	1.34e-01	5.61e-01	2.36e-01	5.71e-02	1.01e-02	7.60e-05	1.46e-07	6.46e-07	3.02e-15	3.62e-15
 6.89543e+22	7.93e-07	1.81e-03	1.45e-01	5.66e-01	2.26e-01	5.21e-02	8.79e-03	6.19e-05	0.00e+00	7.93e-07	3.82e-15	4.57e-15
 6.92741e+22	9.47e-07	2.04e-03	1.54e-01	5.71e-01	2.17e-01	4.81e-02	7.78e-03	5.18e-05	0.00e+00	9.47e-07	4.67e-15	5.58e-15
 6.96116e+22	1.18e-06	2.35e-03	1.66e-01	5.75e-01	2.07e-01	4.34e-02	6.67e-03	4.14e-05	0.00e+00	1.18e-06	5.98e-15	7.15e-15
 6.99539e+22	1.41e-06	2.65e-03	1.76e-01	5.77e-01	1.98e-01	3.98e-02	5.87e-03	3.43e-05	0.00e+00	1.41e-06	7.34e-15	8.75e-15
 7.02550e+22	1.67e-06	2.96e-03	1.87e-01	5.79e-01	1.90e-01	3.66e-02	5.17e-03	2.85e-05	0.00e+00	1.67e-06	8.94e-15	1.07e-14
 7.05988e+22	2.08e-06	3.41e-03	2.00e-01	5.80e-01	1.79e-01	3.28e-02	4.40e-03	2.26e-05	0.00e+00	2.08e-06	1.15e-14	1.37e-14
 7.09469e+22	2.49e-06	3.83e-03	2.12e-01	5.79e-01	1.71e-01	2.98e-02	3.84e-03	1.85e-05	0.00e+00	2.49e-06	1.41e-14	1.67e-14
 7.12518e+22	2.95e-06	4.28e-03	2.24e-01	5.78e-01	1.63e-01	2.72e-02	3.36e-03	1.53e-05	0.00e+00	2.95e-06	1.71e-14	2.04e-14
 7.15996e+22	3.67e-06	4.93e-03	2.40e-01	5.76e-01	1.52e-01	2.41e-02	2.83e-03	1.19e-05	0.00e+00	3.67e-06	2.21e-14	2.62e-14
 7.19502e+22	4.34e-06	5.49e-03	2.53e-01	5.72e-01	1.45e-01	2.19e-02	2.47e-03	9.80e-06	0.00e+00	4.34e-06	2.69e-14	3.18e-14
 7.23044e+22	5.38e-06	6.30e-03	2.70e-01	5.67e-01	1.35e-01	1.94e-02	2.07e-03	7.61e-06	0.00e+00	5.38e-06	3.45e-14	4.08e-14
 7.26641e+22	6.42e-06	7.06e-03	2.85e-01	5.62e-01	1.27e-01	1.74e-02	1.78e-03	6.14e-06	0.00e+00	6.42e-06	4.23e-14	5.02e-14
 7.29807e+22	7.59e-06	7.86e-03	2.99e-01	5.56e-01	1.20e-01	1.57e-02	1.54e-03	4.99e-06	0.00e+00	7.59e-06	5.15e-14	6.10e-14
 7.33421e+22	9.38e-06	9.00e-03	3.17e-01	5.47e-01	1.11e-01	1.38e-02	1.28e-03	3.84e-06	0.00e+00	9.38e-06	6.61e-14	7.82e-14
 7.37113e+22	1.12e-05	1.01e-02	3.33e-01	5.39e-01	1.04e-01	1.23e-02	1.10e-03	3.06e-06	0.00e+00	1.12e-05	8.12e-14	9.61e-14
 7.40409e+22	1.32e-05	1.12e-02	3.49e-01	5.30e-01	9.75e-02	1.10e-02	9.39e-04	2.45e-06	0.00e+00	1.32e-05	9.92e-14	1.17e-13
 7.44198e+22	1.64e-05	1.29e-02	3.70e-01	5.18e-01	8.94e-02	9.48e-03	7.68e-04	1.84e-06	0.00e+00	1.64e-05	1.28e-13	1.52e-13
 7.48044e+22	1.96e-05	1.44e-02	3.87e-01	5.06e-01	8.30e-02	8.38e-03	6.49e-04	1.45e-06	0.00e+00	1.96e-05	1.58e-13	1.87e-13
 7.51965e+22	2.42e-05	1.64e-02	4.09e-01	4.92e-01	7.57e-02	7.19e-03	5.27e-04	1.08e-06	0.00e+00	2.42e-05	2.04e-13	2.42e-13
 7.55989e+22	2.91e-05	1.84e-02	4.28e-01	4.78e-01	6.95e-02	6.25e-03	4.37e-04	8.28e-07	0.00e+00	2.91e-05	2.55e-13	3.02e-13
 7.59549e+22	3.46e-05	2.05e-02	4.46e-01	4.64e-01	6.41e-02	5.48e-03	3.66e-04	6.44e-07	0.00e+00	3.46e-05	3.13e-13	3.71e-13
 7.63578e+22	4.28e-05	2.34e-02	4.68e-01	4.46e-01	5.77e-02	4.62e-03	2.92e-04	4.68e-07	0.00e+00	4.28e-05	4.07e-13	4.82e-13
 7.67734e+22	5.11e-05	2.62e-02	4.88e-01	4.30e-01	5.26e-02	3.99e-03	2.41e-04	3.56e-07	0.00e+00	5.11e-05	5.05e-13	5.98e-13
 7.72056e+22	6.41e-05	3.01e-02	5.11e-01	4.08e-01	4.66e-02	3.30e-03	1.88e-04	2.51e-07	0.00e+00	6.41e-05	6.67e-13	7.90e-13
 7.75805e+22	7.32e-05	3.27e-02	5.25e-01	3.96e-01	4.32e-02	2.94e-03	1.61e-04	2.02e-07	0.00e+00	7.32e-05	7.83e-13	9.27e-13
 7.78412e+22	8.21e-05	3.51e-02	5.37e-01	3.84e-01	4.05e-02	2.65e-03	1.41e-04	1.68e-07	0.00e+00	8.21e-05	9.03e-13	1.07e-12
 7.81403e+22	9.56e-05	3.85e-02	5.53e-01	3.69e-01	3.71e-02	2.32e-03	1.18e-04	1.31e-07	0.00e+00	9.56e-05	1.09e-12	1.29e-12
 7.84520e+22	1.09e-04	4.17e-02	5.66e-01	3.56e-01	3.44e-02	2.06e-03	1.01e-04	0.00e+00	0.00e+00	1.09e-04	1.28e-12	1.51e-12
 7.87799e+22	1.29e-04	4.62e-02	5.82e-01	3.38e-01	3.10e-02	1.76e-03	8.28e-05	0.00e+00	0.00e+00	1.29e-04	1.58e-12	1.86e-12
 7.91068e+22	1.46e-04	4.99e-02	5.95e-01	3.25e-01	2.86e-02	1.55e-03	7.07e-05	0.00e+00	0.00e+00	1.46e-04	1.84e-12	2.18e-12
 7.94323e+22	1.70e-04	5.48e-02	6.09e-01	3.09e-01	2.58e-02	1.33e-03	5.81e-05	0.00e+00	0.00e+00	1.70e-04	2.24e-12	2.65e-12
 7.97682e+22	1.95e-04	5.95e-02	6.21e-01	2.94e-01	2.35e-02	1.16e-03	4.86e-05	0.00e+00	0.00e+00	1.95e-04	2.66e-12	3.15e-12
 8.00686e+22	2.21e-04	6.43e-02	6.32e-01	2.81e-01	2.15e-02	1.01e-03	4.11e-05	0.00e+00	0.00e+00	2.21e-04	3.13e-12	3.70e-12
 8.04100e+22	2.59e-04	7.08e-02	6.45e-01	2.64e-01	1.92e-02	8.57e-04	3.32e-05	0.00e+00	0.00e+00	2.59e-04	3.83e-12	4.53e-12
 8.07621e+22	2.97e-04	7.67e-02	6.55e-01	2.50e-01	1.74e-02	7.39e-04	2.75e-05	0.00e+00	0.00e+00	2.97e-04	4.55e-12	5.37e-12
 8.11280e+22	3.52e-04	8.49e-02	6.67e-01	2.32e-01	1.53e-02	6.10e-04	2.16e-05	0.00e+00	0.00e+00	3.52e-04	5.66e-12	6.69e-12
 8.14953e+22	4.02e-04	9.18e-02	6.76e-01	2.18e-01	1.37e-02	5.22e-04	1.78e-05	0.00e+00	0.00e+00	4.02e-04	6.72e-12	7.93e-12
 8.18646e+22	4.73e-04	1.01e-01	6.84e-01	2.01e-01	1.20e-02	4.30e-04	1.40e-05	0.00e+00	0.00e+00	4.73e-04	8.31e-12	9.81e-12
 8.22467e+22	5.44e-04	1.10e-01	6.91e-01	1.88e-01	1.07e-02	3.61e-04	1.13e-05	0.00e+00	0.00e+00	5.44e-04	9.96e-12	1.18e-11
 8.26457e+22	6.48e-04	1.22e-01	6.97e-01	1.71e-01	9.16e-03	2.90e-04	8.59e-06	0.00e+00	0.00e+00	6.48e-04	1.25e-11	1.48e-11
 8.30477e+22	7.42e-04	1.31e-01	7.02e-01	1.58e-01	8.08e-03	2.42e-04	6.89e-06	0.00e+00	0.00e+00	7.42e-04	1.50e-11	1.77e-11
 8.34536e+22	8.81e-04	1.45e-01	7.04e-01	1.43e-01	6.89e-03	1.92e-04	5.20e-06	0.00e+00	0.00e+00	8.81e-04	1.88e-11	2.22e-11
 8.38655e+22	1.01e-03	1.57e-01	7.05e-01	1.31e-01	6.03e-03	1.59e-04	4.13e-06	0.00e+00	0.00e+00	1.01e-03	2.25e-11	2.65e-11
 8.42853e+22	1.20e-03	1.73e-01	7.04e-01	1.17e-01	5.09e-03	1.24e-04	3.07e-06	0.00e+00	0.00e+00	1.20e-03	2.83e-11	3.33e-11
 8.47116e+22	1.37e-03	1.86e-01	7.02e-01	1.06e-01	4.41e-03	1.01e-04	2.40e-06	0.00e+00	0.00e+00	1.37e-03	3.37e-11	3.98e-11
 8.51467e+22	1.63e-03	2.05e-01	6.96e-01	9.33e-02	3.67e-03	7.78e-05	1.75e-06	0.00e+00	0.00e+00	1.63e-03	4.25e-11	5.02e-11
 8.55891e+22	1.86e-03	2.21e-01	6.90e-01	8.38e-02	3.16e-03	6.27e-05	1.35e-06	0.00e+00	0.00e+00	1.86e-03	5.08e-11	6.00e-11
 8.60413e+22	2.22e-03	2.43e-01	6.79e-01	7.25e-02	2.58e-03	4.69e-05	9.65e-07	0.00e+00	0.00e+00	2.22e-03	6.45e-11	7.62e-11
 8.64995e+22	2.53e-03	2.61e-01	6.70e-01	6.46e-02	2.21e-03	3.75e-05	7.41e-07	0.00e+00	0.00e+00	2.53e-03	7.69e-11	9.08e-11
 8.69654e+22	3.02e-03	2.87e-01	6.53e-01	5.50e-02	1.79e-03	2.76e-05	5.20e-07	0.00e+00	0.00e+00	3.02e-03	9.76e-11	1.15e-10
 8.74441e+22	3.45e-03	3.08e-01	6.39e-01	4.81e-02	1.50e-03	2.14e-05	3.90e-07	0.00e+00	0.00e+00	3.45e-03	1.17e-10	1.39e-10
 8.79396e+22	4.14e-03	3.38e-01	6.16e-01	3.99e-02	1.19e-03	1.52e-05	2.65e-07	0.00e+00	0.00e+00	4.14e-03	1.51e-10	1.79e-10
 8.84479e+22	4.74e-03	3.62e-01	5.98e-01	3.43e-02	9.90e-04	1.16e-05	1.95e-07	0.00e+00	0.00e+00	4.74e-03	1.82e-10	2.16e-10
 8.89728e+22	5.74e-03	3.98e-01	5.68e-01	2.76e-02	7.67e-04	7.89e-06	1.28e-07	0.00e+00	0.00e+00	5.74e-03	2.37e-10	2.80e-10
 8.95150e+22	6.60e-03	4.26e-01	5.43e-01	2.31e-02	6.25e-04	5.80e-06	0.00e+00	0.00e+00	0.00e+00	6.60e-03	2.88e-10	3.42e-10
 9.00795e+22	8.05e-03	4.68e-01	5.05e-01	1.78e-02	4.71e-04	3.75e-06	0.00e+00	0.00e+00	0.00e+00	8.05e-03	3.80e-10	4.51e-10
 9.06660e+22	9.41e-03	5.03e-01	4.73e-01	1.42e-02	3.71e-04	2.59e-06	0.00e+00	0.00e+00	0.00e+00	9.41e-03	4.73e-10	5.61e-10
 9.12785e+22	1.15e-02	5.50e-01	4.28e-01	1.05e-02	2.72e-04	1.57e-06	0.00e+00	0.00e+00	0.00e+00	1.15e-02	6.31e-10	7.49e-10
 9.19070e+22	1.36e-02	5.88e-01	3.90e-01	7.96e-03	2.09e-04	1.02e-06	0.00e+00	0.00e+00	0.00e+00	1.36e-02	7.93e-10	9.43e-10
 9.23805e+22	1.51e-02	6.13e-01	3.65e-01	6.56e-03	1.74e-04	7.58e-07	0.00e+00	0.00e+00	0.00e+00	1.51e-02	9.23e-10	1.10e-09
