#depth	N	N+	N+2	N+3	N+4	N+5	N+6	N+7
 4.62852e+21	0.00e+00	5.36e-25	1.82e-19	6.62e-15	8.30e-11	1.85e-06	2.62e-03	9.97e-01
 1.05678e+22	4.77e-31	4.51e-24	1.09e-18	2.86e-14	2.57e-10	3.89e-06	3.75e-03	9.96e-01
 1.27692e+22	2.53e-30	1.89e-23	3.63e-18	7.63e-14	5.49e-10	6.44e-06	4.80e-03	9.95e-01
 1.43722e+22	9.71e-30	5.96e-23	9.49e-18	1.67e-13	1.00e-09	9.65e-06	5.86e-03	9.94e-01
 1.52627e+22	1.38e-29	8.04e-23	1.21e-17	2.03e-13	1.16e-09	1.07e-05	6.17e-03	9.94e-01
 1.55473e+22	1.68e-29	9.51e-23	1.40e-17	2.28e-13	1.27e-09	1.14e-05	6.36e-03	9.94e-01
 1.57923e+22	2.21e-29	1.20e-22	1.70e-17	2.67e-13	1.43e-09	1.23e-05	6.63e-03	9.93e-01
 1.60433e+22	2.76e-29	1.45e-22	1.99e-17	3.02e-13	1.57e-09	1.32e-05	6.85e-03	9.93e-01
 1.62627e+22	3.37e-29	1.72e-22	2.29e-17	3.39e-13	1.71e-09	1.40e-05	7.06e-03	9.93e-01
 1.65084e+22	4.32e-29	2.13e-22	2.73e-17	3.91e-13	1.91e-09	1.51e-05	7.33e-03	9.93e-01
 1.67664e+22	5.51e-29	2.61e-22	3.23e-17	4.47e-13	2.11e-09	1.62e-05	7.61e-03	9.92e-01
 1.69919e+22	6.82e-29	3.13e-22	3.75e-17	5.04e-13	2.31e-09	1.72e-05	7.86e-03	9.92e-01
 1.72369e+22	8.92e-29	3.92e-22	4.52e-17	5.85e-13	2.57e-09	1.86e-05	8.18e-03	9.92e-01
 1.74904e+22	1.12e-28	4.76e-22	5.30e-17	6.64e-13	2.83e-09	1.99e-05	8.47e-03	9.92e-01
 1.77125e+22	1.40e-28	5.74e-22	6.18e-17	7.50e-13	3.09e-09	2.12e-05	8.76e-03	9.91e-01
 1.79226e+22	1.72e-28	6.83e-22	7.12e-17	8.40e-13	3.37e-09	2.25e-05	9.04e-03	9.91e-01
 1.81599e+22	2.23e-28	8.50e-22	8.53e-17	9.68e-13	3.74e-09	2.43e-05	9.40e-03	9.91e-01
 1.84039e+22	2.81e-28	1.03e-21	1.00e-16	1.10e-12	4.09e-09	2.60e-05	9.74e-03	9.90e-01
 1.86186e+22	3.51e-28	1.24e-21	1.16e-16	1.23e-12	4.45e-09	2.76e-05	1.01e-02	9.90e-01
 1.88595e+22	4.63e-28	1.57e-21	1.41e-16	1.43e-12	4.96e-09	2.99e-05	1.05e-02	9.89e-01
 1.91054e+22	5.83e-28	1.90e-21	1.65e-16	1.62e-12	5.42e-09	3.19e-05	1.09e-02	9.89e-01
 1.93152e+22	7.26e-28	2.29e-21	1.91e-16	1.82e-12	5.88e-09	3.40e-05	1.13e-02	9.89e-01
 1.95134e+22	8.90e-28	2.71e-21	2.19e-16	2.03e-12	6.35e-09	3.60e-05	1.16e-02	9.88e-01
 1.97390e+22	1.15e-27	3.37e-21	2.62e-16	2.32e-12	7.00e-09	3.87e-05	1.21e-02	9.88e-01
 1.99720e+22	1.46e-27	4.10e-21	3.06e-16	2.63e-12	7.63e-09	4.13e-05	1.25e-02	9.87e-01
 2.01766e+22	1.82e-27	4.94e-21	3.56e-16	2.95e-12	8.26e-09	4.39e-05	1.30e-02	9.87e-01
 2.04047e+22	2.40e-27	6.20e-21	4.28e-16	3.40e-12	9.12e-09	4.74e-05	1.35e-02	9.86e-01
 2.06318e+22	3.00e-27	7.47e-21	4.97e-16	3.81e-12	9.90e-09	5.05e-05	1.40e-02	9.86e-01
 2.08242e+22	3.73e-27	8.95e-21	5.75e-16	4.26e-12	1.07e-08	5.35e-05	1.45e-02	9.85e-01
 2.10123e+22	4.57e-27	1.06e-20	6.58e-16	4.73e-12	1.15e-08	5.67e-05	1.49e-02	9.85e-01
 2.12283e+22	5.96e-27	1.32e-20	7.86e-16	5.42e-12	1.26e-08	6.09e-05	1.55e-02	9.84e-01
 2.14503e+22	7.55e-27	1.61e-20	9.20e-16	6.11e-12	1.37e-08	6.50e-05	1.61e-02	9.84e-01
 2.16451e+22	9.45e-27	1.94e-20	1.07e-15	6.85e-12	1.48e-08	6.91e-05	1.67e-02	9.83e-01
 2.18306e+22	1.17e-26	2.31e-20	1.23e-15	7.63e-12	1.59e-08	7.32e-05	1.72e-02	9.83e-01
 2.20391e+22	1.51e-26	2.86e-20	1.46e-15	8.69e-12	1.74e-08	7.85e-05	1.79e-02	9.82e-01
 2.22578e+22	1.93e-26	3.49e-20	1.72e-15	9.83e-12	1.89e-08	8.39e-05	1.86e-02	9.81e-01
 2.24486e+22	2.40e-26	4.20e-20	1.99e-15	1.10e-11	2.04e-08	8.91e-05	1.92e-02	9.81e-01
 2.26555e+22	3.15e-26	5.25e-20	2.38e-15	1.26e-11	2.24e-08	9.59e-05	2.00e-02	9.80e-01
 2.28681e+22	4.00e-26	6.40e-20	2.79e-15	1.42e-11	2.43e-08	1.02e-04	2.07e-02	9.79e-01
 2.30550e+22	5.02e-26	7.73e-20	3.24e-15	1.59e-11	2.62e-08	1.09e-04	2.14e-02	9.78e-01
 2.32651e+22	6.62e-26	9.72e-20	3.90e-15	1.83e-11	2.88e-08	1.17e-04	2.23e-02	9.78e-01
 2.34786e+22	8.45e-26	1.19e-19	4.58e-15	2.07e-11	3.13e-08	1.25e-04	2.32e-02	9.77e-01
 2.36637e+22	1.06e-25	1.44e-19	5.33e-15	2.33e-11	3.38e-08	1.33e-04	2.40e-02	9.76e-01
 2.38714e+22	1.41e-25	1.82e-19	6.44e-15	2.69e-11	3.73e-08	1.44e-04	2.50e-02	9.75e-01
 2.40874e+22	1.83e-25	2.26e-19	7.66e-15	3.06e-11	4.07e-08	1.54e-04	2.59e-02	9.74e-01
 2.42806e+22	2.32e-25	2.75e-19	8.97e-15	3.46e-11	4.42e-08	1.64e-04	2.69e-02	9.73e-01
 2.44652e+22	2.95e-25	3.36e-19	1.05e-14	3.90e-11	4.79e-08	1.75e-04	2.78e-02	9.72e-01
 2.46409e+22	3.68e-25	4.04e-19	1.22e-14	4.37e-11	5.16e-08	1.86e-04	2.87e-02	9.71e-01
 2.48379e+22	4.97e-25	5.17e-19	1.49e-14	5.08e-11	5.71e-08	2.01e-04	2.99e-02	9.70e-01
 2.50361e+22	6.33e-25	6.33e-19	1.75e-14	5.75e-11	6.20e-08	2.15e-04	3.10e-02	9.69e-01
 2.51964e+22	7.77e-25	7.50e-19	2.01e-14	6.38e-11	6.64e-08	2.27e-04	3.19e-02	9.68e-01
 2.53349e+22	9.42e-25	8.81e-19	2.29e-14	7.03e-11	7.08e-08	2.38e-04	3.28e-02	9.67e-01
 2.54626e+22	1.12e-24	1.02e-18	2.57e-14	7.70e-11	7.53e-08	2.50e-04	3.36e-02	9.66e-01
 2.56067e+22	1.41e-24	1.23e-18	3.00e-14	8.63e-11	8.12e-08	2.65e-04	3.46e-02	9.65e-01
 2.57557e+22	1.71e-24	1.45e-18	3.41e-14	9.53e-11	8.68e-08	2.79e-04	3.56e-02	9.64e-01
 2.58842e+22	2.06e-24	1.69e-18	3.87e-14	1.05e-10	9.25e-08	2.92e-04	3.65e-02	9.63e-01
 2.60031e+22	2.46e-24	1.96e-18	4.36e-14	1.15e-10	9.82e-08	3.06e-04	3.74e-02	9.62e-01
 2.61364e+22	3.04e-24	2.34e-18	5.03e-14	1.28e-10	1.06e-07	3.24e-04	3.85e-02	9.61e-01
 2.62695e+22	3.66e-24	2.73e-18	5.69e-14	1.41e-10	1.13e-07	3.39e-04	3.94e-02	9.60e-01
 2.63813e+22	4.35e-24	3.16e-18	6.40e-14	1.54e-10	1.19e-07	3.54e-04	4.03e-02	9.59e-01
 2.65057e+22	5.39e-24	3.77e-18	7.40e-14	1.72e-10	1.29e-07	3.74e-04	4.15e-02	9.58e-01
 2.66329e+22	6.46e-24	4.39e-18	8.37e-14	1.89e-10	1.37e-07	3.92e-04	4.25e-02	9.57e-01
 2.67455e+22	7.85e-24	5.16e-18	9.54e-14	2.08e-10	1.46e-07	4.11e-04	4.35e-02	9.56e-01
 2.68549e+22	9.40e-24	6.01e-18	1.08e-13	2.29e-10	1.56e-07	4.31e-04	4.45e-02	9.55e-01
 2.69578e+22	1.11e-23	6.93e-18	1.21e-13	2.50e-10	1.65e-07	4.49e-04	4.55e-02	9.54e-01
 2.70562e+22	1.32e-23	7.99e-18	1.36e-13	2.73e-10	1.75e-07	4.69e-04	4.65e-02	9.53e-01
 2.71693e+22	1.64e-23	9.58e-18	1.58e-13	3.05e-10	1.88e-07	4.94e-04	4.78e-02	9.52e-01
 2.72839e+22	1.99e-23	1.13e-17	1.80e-13	3.38e-10	2.01e-07	5.18e-04	4.89e-02	9.51e-01
 2.73817e+22	2.37e-23	1.31e-17	2.03e-13	3.70e-10	2.14e-07	5.41e-04	5.00e-02	9.49e-01
 2.74899e+22	2.96e-23	1.58e-17	2.36e-13	4.15e-10	2.31e-07	5.71e-04	5.14e-02	9.48e-01
 2.76013e+22	3.62e-23	1.87e-17	2.71e-13	4.61e-10	2.48e-07	5.99e-04	5.26e-02	9.47e-01
 2.76998e+22	4.38e-23	2.19e-17	3.08e-13	5.09e-10	2.65e-07	6.27e-04	5.38e-02	9.46e-01
 2.78108e+22	5.63e-23	2.71e-17	3.67e-13	5.81e-10	2.89e-07	6.66e-04	5.54e-02	9.44e-01
 2.79230e+22	6.92e-23	3.22e-17	4.23e-13	6.47e-10	3.11e-07	6.99e-04	5.68e-02	9.43e-01
 2.80188e+22	8.34e-23	3.77e-17	4.81e-13	7.14e-10	3.32e-07	7.31e-04	5.80e-02	9.41e-01
 2.81251e+22	1.10e-22	4.77e-17	5.83e-13	8.26e-10	3.65e-07	7.79e-04	5.99e-02	9.39e-01
 2.82295e+22	1.32e-22	5.57e-17	6.62e-13	9.10e-10	3.90e-07	8.14e-04	6.12e-02	9.38e-01
 2.83314e+22	1.74e-22	7.02e-17	7.99e-13	1.05e-09	4.28e-07	8.66e-04	6.31e-02	9.36e-01
 2.84313e+22	2.10e-22	8.24e-17	9.11e-13	1.16e-09	4.58e-07	9.05e-04	6.44e-02	9.35e-01
 2.85286e+22	2.75e-22	1.03e-16	1.10e-12	1.34e-09	5.03e-07	9.61e-04	6.63e-02	9.33e-01
 2.86268e+22	3.35e-22	1.23e-16	1.26e-12	1.49e-09	5.40e-07	1.01e-03	6.78e-02	9.31e-01
 2.87262e+22	4.48e-22	1.57e-16	1.54e-12	1.73e-09	5.98e-07	1.07e-03	7.00e-02	9.29e-01
 2.88254e+22	5.52e-22	1.87e-16	1.78e-12	1.94e-09	6.44e-07	1.13e-03	7.16e-02	9.27e-01
 2.89245e+22	7.38e-22	2.39e-16	2.18e-12	2.26e-09	7.13e-07	1.20e-03	7.38e-02	9.25e-01
 2.90255e+22	9.32e-22	2.92e-16	2.57e-12	2.56e-09	7.75e-07	1.27e-03	7.57e-02	9.23e-01
 2.91139e+22	1.17e-21	3.55e-16	3.02e-12	2.89e-09	8.40e-07	1.33e-03	7.76e-02	9.21e-01
 2.92139e+22	1.58e-21	4.59e-16	3.73e-12	3.40e-09	9.35e-07	1.42e-03	8.01e-02	9.19e-01
 2.93142e+22	2.01e-21	5.61e-16	4.40e-12	3.85e-09	1.02e-06	1.50e-03	8.21e-02	9.16e-01
 2.94148e+22	2.74e-21	7.32e-16	5.47e-12	4.55e-09	1.14e-06	1.61e-03	8.48e-02	9.14e-01
 2.95170e+22	3.51e-21	9.04e-16	6.51e-12	5.20e-09	1.24e-06	1.70e-03	8.70e-02	9.11e-01
 2.96214e+22	4.88e-21	1.20e-15	8.21e-12	6.20e-09	1.40e-06	1.83e-03	9.00e-02	9.08e-01
 2.97260e+22	6.27e-21	1.48e-15	9.79e-12	7.09e-09	1.53e-06	1.93e-03	9.24e-02	9.06e-01
 2.98310e+22	8.75e-21	1.97e-15	1.24e-11	8.48e-09	1.72e-06	2.08e-03	9.57e-02	9.02e-01
 2.99335e+22	1.11e-20	2.41e-15	1.46e-11	9.62e-09	1.87e-06	2.19e-03	9.80e-02	9.00e-01
 3.00327e+22	1.52e-20	3.17e-15	1.83e-11	1.14e-08	2.10e-06	2.35e-03	1.01e-01	8.96e-01
 3.01328e+22	1.91e-20	3.85e-15	2.15e-11	1.29e-08	2.28e-06	2.47e-03	1.04e-01	8.94e-01
 3.02341e+22	2.61e-20	5.03e-15	2.68e-11	1.53e-08	2.56e-06	2.65e-03	1.07e-01	8.90e-01
 3.03379e+22	3.34e-20	6.20e-15	3.19e-11	1.74e-08	2.80e-06	2.80e-03	1.10e-01	8.87e-01
 3.04448e+22	4.61e-20	8.17e-15	4.01e-11	2.08e-08	3.15e-06	3.01e-03	1.14e-01	8.83e-01
 3.05536e+22	5.86e-20	1.00e-14	4.75e-11	2.37e-08	3.44e-06	3.18e-03	1.17e-01	8.80e-01
 3.06646e+22	8.08e-20	1.32e-14	5.97e-11	2.82e-08	3.87e-06	3.42e-03	1.21e-01	8.76e-01
 3.07784e+22	1.03e-19	1.63e-14	7.10e-11	3.22e-08	4.23e-06	3.62e-03	1.24e-01	8.73e-01
 3.08959e+22	1.42e-19	2.14e-14	8.91e-11	3.84e-08	4.77e-06	3.90e-03	1.28e-01	8.68e-01
 3.10156e+22	1.82e-19	2.65e-14	1.06e-10	4.39e-08	5.23e-06	4.13e-03	1.31e-01	8.64e-01
 3.11381e+22	2.50e-19	3.48e-14	1.33e-10	5.23e-08	5.90e-06	4.45e-03	1.36e-01	8.60e-01
 3.12614e+22	3.18e-19	4.28e-14	1.58e-10	5.97e-08	6.46e-06	4.71e-03	1.39e-01	8.56e-01
 3.13859e+22	4.34e-19	5.59e-14	1.98e-10	7.09e-08	7.26e-06	5.06e-03	1.44e-01	8.51e-01
 3.15063e+22	5.32e-19	6.66e-14	2.29e-10	7.94e-08	7.86e-06	5.32e-03	1.47e-01	8.47e-01
 3.16217e+22	7.02e-19	8.45e-14	2.79e-10	9.26e-08	8.73e-06	5.68e-03	1.52e-01	8.42e-01
 3.17400e+22	8.68e-19	1.01e-13	3.25e-10	1.04e-07	9.48e-06	5.98e-03	1.55e-01	8.39e-01
 3.18622e+22	1.15e-18	1.30e-13	3.98e-10	1.22e-07	1.06e-05	6.40e-03	1.60e-01	8.33e-01
 3.19860e+22	1.42e-18	1.55e-13	4.61e-10	1.37e-07	1.15e-05	6.73e-03	1.64e-01	8.29e-01
 3.21118e+22	1.86e-18	1.95e-13	5.61e-10	1.59e-07	1.27e-05	7.19e-03	1.69e-01	8.24e-01
 3.22365e+22	2.28e-18	2.32e-13	6.49e-10	1.79e-07	1.38e-05	7.55e-03	1.73e-01	8.20e-01
 3.23600e+22	2.97e-18	2.92e-13	7.86e-10	2.07e-07	1.53e-05	8.06e-03	1.78e-01	8.14e-01
 3.24847e+22	3.60e-18	3.44e-13	9.01e-10	2.31e-07	1.65e-05	8.45e-03	1.81e-01	8.10e-01
 3.26110e+22	4.67e-18	4.31e-13	1.09e-09	2.68e-07	1.83e-05	9.01e-03	1.87e-01	8.04e-01
 3.27397e+22	5.67e-18	5.10e-13	1.25e-09	2.99e-07	1.98e-05	9.46e-03	1.90e-01	8.00e-01
 3.28715e+22	7.37e-18	6.39e-13	1.51e-09	3.46e-07	2.19e-05	1.01e-02	1.96e-01	7.94e-01
 3.30058e+22	8.96e-18	7.56e-13	1.74e-09	3.87e-07	2.37e-05	1.06e-02	2.00e-01	7.89e-01
 3.31432e+22	1.16e-17	9.49e-13	2.11e-09	4.49e-07	2.64e-05	1.13e-02	2.06e-01	7.83e-01
 3.32832e+22	1.42e-17	1.12e-12	2.43e-09	5.03e-07	2.85e-05	1.19e-02	2.10e-01	7.78e-01
 3.34265e+22	1.85e-17	1.41e-12	2.94e-09	5.84e-07	3.17e-05	1.27e-02	2.16e-01	7.71e-01
 3.35665e+22	2.19e-17	1.64e-12	3.33e-09	6.45e-07	3.40e-05	1.33e-02	2.21e-01	7.66e-01
 3.37024e+22	2.81e-17	2.03e-12	3.99e-09	7.44e-07	3.76e-05	1.41e-02	2.26e-01	7.59e-01
 3.38403e+22	3.34e-17	2.36e-12	4.52e-09	8.21e-07	4.04e-05	1.48e-02	2.31e-01	7.54e-01
 3.39811e+22	4.25e-17	2.90e-12	5.38e-09	9.43e-07	4.46e-05	1.57e-02	2.37e-01	7.48e-01
 3.41263e+22	5.15e-17	3.42e-12	6.19e-09	1.05e-06	4.82e-05	1.65e-02	2.42e-01	7.42e-01
 3.42771e+22	6.55e-17	4.21e-12	7.36e-09	1.21e-06	5.32e-05	1.75e-02	2.48e-01	7.35e-01
 3.44328e+22	8.02e-17	5.01e-12	8.53e-09	1.36e-06	5.78e-05	1.85e-02	2.53e-01	7.28e-01
 3.45950e+22	1.03e-16	6.20e-12	1.02e-08	1.57e-06	6.40e-05	1.97e-02	2.60e-01	7.20e-01
 3.47617e+22	1.27e-16	7.42e-12	1.19e-08	1.77e-06	6.98e-05	2.07e-02	2.66e-01	7.14e-01
 3.49340e+22	1.63e-16	9.25e-12	1.43e-08	2.05e-06	7.75e-05	2.21e-02	2.73e-01	7.05e-01
 3.51121e+22	2.02e-16	1.11e-11	1.67e-08	2.32e-06	8.48e-05	2.34e-02	2.79e-01	6.98e-01
 3.52976e+22	2.64e-16	1.40e-11	2.03e-08	2.71e-06	9.46e-05	2.50e-02	2.86e-01	6.89e-01
 3.54881e+22	3.30e-16	1.70e-11	2.39e-08	3.08e-06	1.04e-04	2.65e-02	2.93e-01	6.81e-01
 3.56593e+22	4.07e-16	2.04e-11	2.78e-08	3.48e-06	1.13e-04	2.79e-02	2.99e-01	6.73e-01
 3.58560e+22	5.43e-16	2.61e-11	3.43e-08	4.11e-06	1.28e-04	3.01e-02	3.08e-01	6.62e-01
 3.60538e+22	6.68e-16	3.13e-11	3.99e-08	4.64e-06	1.39e-04	3.17e-02	3.14e-01	6.54e-01
 3.62533e+22	8.85e-16	3.99e-11	4.89e-08	5.46e-06	1.56e-04	3.40e-02	3.22e-01	6.43e-01
 3.64569e+22	1.11e-15	4.85e-11	5.76e-08	6.22e-06	1.72e-04	3.60e-02	3.29e-01	6.34e-01
 3.66661e+22	1.48e-15	6.23e-11	7.12e-08	7.36e-06	1.94e-04	3.88e-02	3.38e-01	6.23e-01
 3.68785e+22	1.87e-15	7.62e-11	8.44e-08	8.43e-06	2.13e-04	4.11e-02	3.46e-01	6.13e-01
 3.70952e+22	2.54e-15	9.92e-11	1.05e-07	1.01e-05	2.42e-04	4.44e-02	3.55e-01	6.00e-01
 3.73129e+22	3.20e-15	1.21e-10	1.25e-07	1.15e-05	2.67e-04	4.70e-02	3.63e-01	5.90e-01
 3.74935e+22	3.95e-15	1.45e-10	1.46e-07	1.30e-05	2.91e-04	4.95e-02	3.69e-01	5.81e-01
 3.76901e+22	5.23e-15	1.85e-10	1.79e-07	1.54e-05	3.27e-04	5.31e-02	3.78e-01	5.68e-01
 3.78859e+22	6.42e-15	2.21e-10	2.08e-07	1.73e-05	3.57e-04	5.59e-02	3.85e-01	5.59e-01
 3.80806e+22	8.47e-15	2.82e-10	2.55e-07	2.04e-05	4.01e-04	5.99e-02	3.93e-01	5.46e-01
 3.82779e+22	1.05e-14	3.39e-10	2.98e-07	2.32e-05	4.39e-04	6.32e-02	4.00e-01	5.36e-01
 3.84786e+22	1.39e-14	4.34e-10	3.68e-07	2.75e-05	4.96e-04	6.78e-02	4.09e-01	5.23e-01
 3.86817e+22	1.73e-14	5.25e-10	4.32e-07	3.13e-05	5.44e-04	7.16e-02	4.16e-01	5.12e-01
 3.88880e+22	2.32e-14	6.75e-10	5.36e-07	3.73e-05	6.16e-04	7.70e-02	4.25e-01	4.97e-01
 3.90984e+22	2.92e-14	8.25e-10	6.37e-07	4.28e-05	6.80e-04	8.15e-02	4.32e-01	4.86e-01
 3.93141e+22	3.94e-14	1.07e-09	7.97e-07	5.15e-05	7.76e-04	8.79e-02	4.41e-01	4.70e-01
 3.95340e+22	5.00e-14	1.32e-09	9.54e-07	5.96e-05	8.62e-04	9.33e-02	4.48e-01	4.58e-01
 3.97595e+22	6.81e-14	1.73e-09	1.21e-06	7.23e-05	9.90e-04	1.01e-01	4.57e-01	4.41e-01
 3.99868e+22	8.63e-14	2.13e-09	1.44e-06	8.39e-05	1.10e-03	1.07e-01	4.64e-01	4.28e-01
 4.01778e+22	1.07e-13	2.58e-09	1.70e-06	9.62e-05	1.22e-03	1.13e-01	4.70e-01	4.15e-01
 4.03845e+22	1.40e-13	3.27e-09	2.10e-06	1.14e-04	1.38e-03	1.21e-01	4.77e-01	4.00e-01
 4.05930e+22	1.73e-13	3.95e-09	2.47e-06	1.31e-04	1.52e-03	1.28e-01	4.83e-01	3.87e-01
 4.07970e+22	2.22e-13	4.93e-09	3.00e-06	1.55e-04	1.72e-03	1.37e-01	4.89e-01	3.72e-01
 4.10051e+22	2.75e-13	5.96e-09	3.55e-06	1.79e-04	1.91e-03	1.45e-01	4.94e-01	3.59e-01
 4.12090e+22	3.46e-13	7.32e-09	4.27e-06	2.09e-04	2.14e-03	1.54e-01	4.99e-01	3.45e-01
 4.14172e+22	4.28e-13	8.85e-09	5.06e-06	2.43e-04	2.38e-03	1.63e-01	5.03e-01	3.32e-01
 4.16230e+22	5.28e-13	1.07e-08	6.01e-06	2.82e-04	2.66e-03	1.73e-01	5.06e-01	3.18e-01
 4.18299e+22	6.46e-13	1.29e-08	7.09e-06	3.26e-04	2.96e-03	1.83e-01	5.10e-01	3.05e-01
 4.20344e+22	7.84e-13	1.53e-08	8.33e-06	3.76e-04	3.29e-03	1.93e-01	5.12e-01	2.91e-01
 4.22385e+22	9.45e-13	1.82e-08	9.75e-06	4.32e-04	3.65e-03	2.03e-01	5.14e-01	2.79e-01
 4.24429e+22	1.13e-12	2.15e-08	1.14e-05	4.96e-04	4.04e-03	2.14e-01	5.15e-01	2.66e-01
 4.26481e+22	1.35e-12	2.53e-08	1.32e-05	5.68e-04	4.48e-03	2.25e-01	5.16e-01	2.54e-01
 4.28544e+22	1.60e-12	2.96e-08	1.53e-05	6.50e-04	4.95e-03	2.37e-01	5.16e-01	2.42e-01
 4.30627e+22	1.88e-12	3.45e-08	1.77e-05	7.43e-04	5.47e-03	2.49e-01	5.15e-01	2.30e-01
 4.32733e+22	2.21e-12	4.02e-08	2.05e-05	8.47e-04	6.05e-03	2.61e-01	5.14e-01	2.18e-01
 4.34850e+22	2.58e-12	4.64e-08	2.35e-05	9.63e-04	6.66e-03	2.73e-01	5.12e-01	2.07e-01
 4.37001e+22	3.00e-12	5.37e-08	2.71e-05	1.10e-03	7.36e-03	2.86e-01	5.10e-01	1.96e-01
 4.39176e+22	3.54e-12	6.17e-08	3.10e-05	1.24e-03	8.09e-03	2.99e-01	5.07e-01	1.85e-01
 4.41394e+22	4.10e-12	7.11e-08	3.55e-05	1.41e-03	8.93e-03	3.12e-01	5.03e-01	1.75e-01
 4.43457e+22	4.61e-12	7.95e-08	3.96e-05	1.56e-03	9.65e-03	3.23e-01	4.99e-01	1.66e-01
 4.45578e+22	5.31e-12	9.13e-08	4.55e-05	1.78e-03	1.07e-02	3.38e-01	4.94e-01	1.56e-01
 4.47732e+22	5.95e-12	1.02e-07	5.06e-05	1.97e-03	1.15e-02	3.49e-01	4.89e-01	1.48e-01
 4.49938e+22	6.83e-12	1.17e-07	5.80e-05	2.24e-03	1.27e-02	3.65e-01	4.82e-01	1.38e-01
 4.52158e+22	7.62e-12	1.30e-07	6.44e-05	2.46e-03	1.37e-02	3.76e-01	4.77e-01	1.31e-01
 4.54394e+22	8.70e-12	1.48e-07	7.34e-05	2.79e-03	1.51e-02	3.91e-01	4.69e-01	1.22e-01
 4.56643e+22	9.65e-12	1.64e-07	8.12e-05	3.06e-03	1.62e-02	4.02e-01	4.63e-01	1.15e-01
 4.58908e+22	1.10e-11	1.86e-07	9.23e-05	3.45e-03	1.78e-02	4.17e-01	4.54e-01	1.07e-01
 4.61192e+22	1.21e-11	2.05e-07	1.02e-04	3.78e-03	1.91e-02	4.29e-01	4.47e-01	1.01e-01
 4.63500e+22	1.37e-11	2.32e-07	1.15e-04	4.25e-03	2.09e-02	4.43e-01	4.37e-01	9.38e-02
 4.65836e+22	1.51e-11	2.56e-07	1.27e-04	4.65e-03	2.24e-02	4.55e-01	4.30e-01	8.83e-02
 4.68211e+22	1.71e-11	2.89e-07	1.44e-04	5.21e-03	2.45e-02	4.69e-01	4.19e-01	8.15e-02
 4.70623e+22	1.89e-11	3.19e-07	1.59e-04	5.70e-03	2.63e-02	4.81e-01	4.11e-01	7.65e-02
 4.73085e+22	2.13e-11	3.60e-07	1.80e-04	6.38e-03	2.87e-02	4.95e-01	3.99e-01	7.03e-02
 4.75599e+22	2.36e-11	3.99e-07	2.00e-04	6.98e-03	3.07e-02	5.06e-01	3.90e-01	6.57e-02
 4.78180e+22	2.67e-11	4.52e-07	2.27e-04	7.82e-03	3.35e-02	5.20e-01	3.78e-01	6.00e-02
 4.80827e+22	2.98e-11	5.02e-07	2.52e-04	8.56e-03	3.59e-02	5.31e-01	3.68e-01	5.58e-02
 4.83558e+22	3.37e-11	5.70e-07	2.87e-04	9.61e-03	3.93e-02	5.45e-01	3.55e-01	5.05e-02
 4.86125e+22	3.71e-11	6.25e-07	3.14e-04	1.04e-02	4.15e-02	5.54e-01	3.47e-01	4.75e-02
 4.88480e+22	4.15e-11	6.99e-07	3.52e-04	1.14e-02	4.47e-02	5.65e-01	3.35e-01	4.36e-02
 4.90817e+22	4.54e-11	7.63e-07	3.83e-04	1.22e-02	4.71e-02	5.72e-01	3.27e-01	4.09e-02
 4.93131e+22	5.02e-11	8.47e-07	4.27e-04	1.34e-02	5.05e-02	5.82e-01	3.16e-01	3.75e-02
 4.95459e+22	5.52e-11	9.27e-07	4.66e-04	1.44e-02	5.32e-02	5.89e-01	3.08e-01	3.52e-02
 4.97806e+22	6.14e-11	1.03e-06	5.20e-04	1.57e-02	5.69e-02	5.98e-01	2.96e-01	3.22e-02
 5.00194e+22	6.77e-11	1.13e-06	5.69e-04	1.69e-02	5.99e-02	6.05e-01	2.88e-01	3.01e-02
 5.02635e+22	7.57e-11	1.27e-06	6.37e-04	1.85e-02	6.41e-02	6.13e-01	2.77e-01	2.74e-02
 5.05111e+22	8.40e-11	1.40e-06	6.99e-04	1.98e-02	6.73e-02	6.18e-01	2.68e-01	2.55e-02
 5.07633e+22	9.41e-11	1.57e-06	7.85e-04	2.17e-02	7.20e-02	6.26e-01	2.57e-01	2.31e-02
 5.10197e+22	1.05e-10	1.74e-06	8.63e-04	2.33e-02	7.57e-02	6.30e-01	2.48e-01	2.15e-02
 5.12817e+22	1.18e-10	1.96e-06	9.73e-04	2.55e-02	8.09e-02	6.36e-01	2.37e-01	1.94e-02
 5.15500e+22	1.33e-10	2.18e-06	1.07e-03	2.74e-02	8.51e-02	6.40e-01	2.28e-01	1.79e-02
 5.18263e+22	1.51e-10	2.48e-06	1.22e-03	3.01e-02	9.09e-02	6.45e-01	2.17e-01	1.60e-02
 5.21094e+22	1.71e-10	2.77e-06	1.35e-03	3.25e-02	9.57e-02	6.48e-01	2.08e-01	1.47e-02
 5.24012e+22	1.97e-10	3.19e-06	1.55e-03	3.57e-02	1.02e-01	6.51e-01	1.96e-01	1.31e-02
 5.26959e+22	2.24e-10	3.58e-06	1.72e-03	3.85e-02	1.07e-01	6.53e-01	1.88e-01	1.19e-02
 5.29942e+22	2.59e-10	4.13e-06	1.97e-03	4.23e-02	1.14e-01	6.54e-01	1.77e-01	1.06e-02
 5.32958e+22	2.96e-10	4.66e-06	2.20e-03	4.55e-02	1.20e-01	6.54e-01	1.69e-01	9.62e-03
 5.36015e+22	3.46e-10	5.39e-06	2.52e-03	5.00e-02	1.28e-01	6.53e-01	1.58e-01	8.47e-03
 5.39002e+22	3.92e-10	6.04e-06	2.79e-03	5.35e-02	1.33e-01	6.52e-01	1.51e-01	7.73e-03
 5.41896e+22	4.58e-10	6.97e-06	3.18e-03	5.83e-02	1.41e-01	6.49e-01	1.42e-01	6.86e-03
 5.44926e+22	5.24e-10	7.89e-06	3.55e-03	6.28e-02	1.47e-01	6.46e-01	1.34e-01	6.18e-03
 5.47486e+22	5.88e-10	8.76e-06	3.90e-03	6.67e-02	1.53e-01	6.43e-01	1.28e-01	5.65e-03
 5.50169e+22	6.81e-10	1.00e-05	4.38e-03	7.19e-02	1.60e-01	6.38e-01	1.21e-01	5.06e-03
 5.52933e+22	7.68e-10	1.12e-05	4.84e-03	7.66e-02	1.66e-01	6.33e-01	1.14e-01	4.58e-03
 5.55401e+22	8.69e-10	1.25e-05	5.32e-03	8.14e-02	1.72e-01	6.28e-01	1.09e-01	4.17e-03
 5.58209e+22	1.02e-09	1.43e-05	6.00e-03	8.78e-02	1.79e-01	6.21e-01	1.02e-01	3.71e-03
 5.61135e+22	1.17e-09	1.62e-05	6.68e-03	9.37e-02	1.86e-01	6.14e-01	9.58e-02	3.32e-03
 5.63769e+22	1.33e-09	1.82e-05	7.38e-03	9.96e-02	1.93e-01	6.07e-01	9.05e-02	3.00e-03
 5.66748e+22	1.57e-09	2.11e-05	8.36e-03	1.08e-01	2.00e-01	5.97e-01	8.40e-02	2.63e-03
 5.69844e+22	1.82e-09	2.40e-05	9.33e-03	1.15e-01	2.08e-01	5.87e-01	7.85e-02	2.33e-03
 5.72622e+22	2.09e-09	2.71e-05	1.03e-02	1.22e-01	2.14e-01	5.78e-01	7.36e-02	2.09e-03
 5.75762e+22	2.50e-09	3.16e-05	1.18e-02	1.32e-01	2.22e-01	5.65e-01	6.77e-02	1.81e-03
 5.79004e+22	2.92e-09	3.61e-05	1.31e-02	1.40e-01	2.29e-01	5.53e-01	6.28e-02	1.59e-03
 5.81896e+22	3.38e-09	4.10e-05	1.46e-02	1.49e-01	2.36e-01	5.41e-01	5.84e-02	1.41e-03
 5.85172e+22	4.08e-09	4.81e-05	1.66e-02	1.61e-01	2.43e-01	5.25e-01	5.32e-02	1.21e-03
 5.88567e+22	4.81e-09	5.54e-05	1.86e-02	1.71e-01	2.50e-01	5.10e-01	4.89e-02	1.05e-03
 5.91613e+22	5.62e-09	6.32e-05	2.07e-02	1.81e-01	2.56e-01	4.96e-01	4.50e-02	9.16e-04
 5.95069e+22	6.88e-09	7.50e-05	2.37e-02	1.95e-01	2.63e-01	4.77e-01	4.05e-02	7.70e-04
 5.98635e+22	8.17e-09	8.65e-05	2.65e-02	2.07e-01	2.69e-01	4.60e-01	3.68e-02	6.62e-04
 6.01854e+22	9.67e-09	9.95e-05	2.95e-02	2.19e-01	2.74e-01	4.44e-01	3.35e-02	5.70e-04
 6.05550e+22	1.20e-08	1.19e-04	3.39e-02	2.35e-01	2.79e-01	4.22e-01	2.96e-02	4.68e-04
 6.09271e+22	1.43e-08	1.37e-04	3.77e-02	2.48e-01	2.83e-01	4.04e-01	2.67e-02	3.98e-04
 6.13025e+22	1.78e-08	1.64e-04	4.30e-02	2.64e-01	2.87e-01	3.81e-01	2.35e-02	3.25e-04
 6.16864e+22	2.15e-08	1.91e-04	4.81e-02	2.79e-01	2.90e-01	3.62e-01	2.09e-02	2.72e-04
 6.20244e+22	2.56e-08	2.20e-04	5.33e-02	2.92e-01	2.91e-01	3.44e-01	1.87e-02	2.29e-04
 6.24068e+22	3.21e-08	2.63e-04	6.07e-02	3.10e-01	2.92e-01	3.20e-01	1.61e-02	1.83e-04
 6.27982e+22	3.86e-08	3.05e-04	6.74e-02	3.24e-01	2.93e-01	3.01e-01	1.42e-02	1.52e-04
 6.32013e+22	4.91e-08	3.68e-04	7.66e-02	3.42e-01	2.91e-01	2.78e-01	1.21e-02	1.19e-04
 6.36107e+22	5.96e-08	4.28e-04	8.50e-02	3.56e-01	2.89e-01	2.59e-01	1.05e-02	9.70e-05
 6.39738e+22	7.22e-08	4.96e-04	9.38e-02	3.70e-01	2.86e-01	2.41e-01	9.13e-03	7.90e-05
 6.43912e+22	9.25e-08	5.99e-04	1.06e-01	3.87e-01	2.81e-01	2.18e-01	7.60e-03	6.05e-05
 6.48151e+22	1.13e-07	6.96e-04	1.17e-01	3.99e-01	2.76e-01	2.01e-01	6.52e-03	4.85e-05
 6.51830e+22	1.36e-07	8.03e-04	1.28e-01	4.11e-01	2.70e-01	1.85e-01	5.61e-03	3.91e-05
 6.55331e+22	1.63e-07	9.16e-04	1.39e-01	4.21e-01	2.64e-01	1.71e-01	4.87e-03	3.19e-05
 6.58665e+22	1.93e-07	1.04e-03	1.50e-01	4.30e-01	2.58e-01	1.58e-01	4.22e-03	2.61e-05
 6.62421e+22	2.40e-07	1.22e-03	1.65e-01	4.40e-01	2.49e-01	1.42e-01	3.51e-03	2.01e-05
 6.66178e+22	2.85e-07	1.38e-03	1.77e-01	4.47e-01	2.42e-01	1.30e-01	3.03e-03	1.63e-05
 6.69935e+22	3.54e-07	1.61e-03	1.94e-01	4.54e-01	2.32e-01	1.16e-01	2.50e-03	1.25e-05
 6.73756e+22	4.22e-07	1.83e-03	2.08e-01	4.60e-01	2.23e-01	1.06e-01	2.12e-03	9.95e-06
 6.77659e+22	5.27e-07	2.14e-03	2.26e-01	4.65e-01	2.12e-01	9.32e-02	1.73e-03	7.47e-06
 6.81592e+22	6.28e-07	2.43e-03	2.41e-01	4.67e-01	2.03e-01	8.42e-02	1.46e-03	5.92e-06
 6.85565e+22	7.89e-07	2.84e-03	2.62e-01	4.69e-01	1.91e-01	7.34e-02	1.16e-03	4.34e-06
 6.89543e+22	9.37e-07	3.20e-03	2.78e-01	4.70e-01	1.82e-01	6.59e-02	9.79e-04	3.42e-06
 6.92741e+22	1.09e-06	3.55e-03	2.93e-01	4.69e-01	1.74e-01	6.00e-02	8.40e-04	2.77e-06
 6.96116e+22	1.30e-06	4.02e-03	3.11e-01	4.67e-01	1.64e-01	5.33e-02	6.94e-04	2.14e-06
 6.99539e+22	1.51e-06	4.45e-03	3.26e-01	4.65e-01	1.56e-01	4.82e-02	5.91e-04	1.72e-06
 7.02550e+22	1.75e-06	4.91e-03	3.41e-01	4.62e-01	1.49e-01	4.36e-02	5.04e-04	1.38e-06
 7.05988e+22	2.10e-06	5.55e-03	3.60e-01	4.57e-01	1.39e-01	3.84e-02	4.12e-04	1.05e-06
 7.09469e+22	2.43e-06	6.13e-03	3.76e-01	4.52e-01	1.31e-01	3.44e-02	3.47e-04	8.35e-07
 7.12518e+22	2.81e-06	6.75e-03	3.91e-01	4.46e-01	1.24e-01	3.10e-02	2.94e-04	6.67e-07
 7.15996e+22	3.38e-06	7.62e-03	4.11e-01	4.39e-01	1.15e-01	2.70e-02	2.36e-04	4.97e-07
 7.19502e+22	3.89e-06	8.37e-03	4.27e-01	4.32e-01	1.08e-01	2.41e-02	1.99e-04	3.95e-07
 7.23044e+22	4.66e-06	9.42e-03	4.47e-01	4.22e-01	1.00e-01	2.09e-02	1.59e-04	2.93e-07
 7.26641e+22	5.42e-06	1.04e-02	4.64e-01	4.14e-01	9.35e-02	1.85e-02	1.32e-04	2.28e-07
 7.29807e+22	6.24e-06	1.14e-02	4.79e-01	4.05e-01	8.75e-02	1.65e-02	1.10e-04	1.79e-07
 7.33421e+22	7.46e-06	1.28e-02	4.99e-01	3.94e-01	8.02e-02	1.42e-02	8.72e-05	1.31e-07
 7.37113e+22	8.67e-06	1.41e-02	5.15e-01	3.84e-01	7.44e-02	1.25e-02	7.15e-05	0.00e+00
 7.40409e+22	1.00e-05	1.54e-02	5.31e-01	3.73e-01	6.90e-02	1.10e-02	5.88e-05	0.00e+00
 7.44198e+22	1.20e-05	1.74e-02	5.51e-01	3.60e-01	6.26e-02	9.32e-03	4.57e-05	0.00e+00
 7.48044e+22	1.40e-05	1.91e-02	5.67e-01	3.49e-01	5.76e-02	8.12e-03	3.70e-05	0.00e+00
 7.51965e+22	1.68e-05	2.14e-02	5.85e-01	3.34e-01	5.19e-02	6.85e-03	2.85e-05	0.00e+00
 7.55989e+22	1.97e-05	2.37e-02	6.02e-01	3.22e-01	4.73e-02	5.88e-03	2.26e-05	0.00e+00
 7.59549e+22	2.29e-05	2.60e-02	6.16e-01	3.10e-01	4.32e-02	5.09e-03	1.81e-05	0.00e+00
 7.63578e+22	2.75e-05	2.92e-02	6.34e-01	2.94e-01	3.86e-02	4.24e-03	1.37e-05	0.00e+00
 7.67734e+22	3.22e-05	3.21e-02	6.48e-01	2.82e-01	3.49e-02	3.62e-03	1.07e-05	0.00e+00
 7.72056e+22	3.92e-05	3.63e-02	6.65e-01	2.65e-01	3.07e-02	2.96e-03	7.90e-06	0.00e+00
 7.75805e+22	4.41e-05	3.90e-02	6.74e-01	2.56e-01	2.84e-02	2.62e-03	6.56e-06	0.00e+00
 7.78412e+22	4.88e-05	4.15e-02	6.82e-01	2.48e-01	2.66e-02	2.35e-03	5.58e-06	0.00e+00
 7.81403e+22	5.58e-05	4.51e-02	6.92e-01	2.37e-01	2.42e-02	2.04e-03	4.49e-06	0.00e+00
 7.84520e+22	6.26e-05	4.84e-02	7.00e-01	2.28e-01	2.24e-02	1.80e-03	3.72e-06	0.00e+00
 7.87799e+22	7.27e-05	5.30e-02	7.09e-01	2.16e-01	2.02e-02	1.53e-03	2.91e-06	0.00e+00
 7.91068e+22	8.15e-05	5.68e-02	7.16e-01	2.07e-01	1.86e-02	1.35e-03	2.41e-06	0.00e+00
 7.94323e+22	9.37e-05	6.18e-02	7.24e-01	1.96e-01	1.68e-02	1.15e-03	1.90e-06	0.00e+00
 7.97682e+22	1.06e-04	6.66e-02	7.30e-01	1.87e-01	1.53e-02	1.00e-03	1.53e-06	0.00e+00
 8.00686e+22	1.19e-04	7.14e-02	7.35e-01	1.78e-01	1.40e-02	8.78e-04	1.25e-06	0.00e+00
 8.04100e+22	1.38e-04	7.79e-02	7.41e-01	1.68e-01	1.26e-02	7.41e-04	9.71e-07	0.00e+00
 8.07621e+22	1.56e-04	8.39e-02	7.45e-01	1.59e-01	1.14e-02	6.39e-04	7.77e-07	0.00e+00
 8.11280e+22	1.83e-04	9.22e-02	7.49e-01	1.48e-01	1.01e-02	5.29e-04	5.84e-07	0.00e+00
 8.14953e+22	2.07e-04	9.93e-02	7.51e-01	1.40e-01	9.08e-03	4.54e-04	4.63e-07	0.00e+00
 8.18646e+22	2.42e-04	1.09e-01	7.53e-01	1.30e-01	8.02e-03	3.76e-04	3.48e-07	0.00e+00
 8.22467e+22	2.76e-04	1.18e-01	7.53e-01	1.22e-01	7.17e-03	3.17e-04	2.71e-07	0.00e+00
 8.26457e+22	3.27e-04	1.30e-01	7.52e-01	1.12e-01	6.23e-03	2.57e-04	1.97e-07	0.00e+00
 8.30477e+22	3.73e-04	1.40e-01	7.50e-01	1.04e-01	5.55e-03	2.16e-04	1.52e-07	0.00e+00
 8.34536e+22	4.40e-04	1.54e-01	7.46e-01	9.50e-02	4.79e-03	1.73e-04	0.00e+00	0.00e+00
 8.38655e+22	5.02e-04	1.66e-01	7.41e-01	8.80e-02	4.25e-03	1.45e-04	0.00e+00	0.00e+00
 8.42853e+22	5.95e-04	1.83e-01	7.34e-01	7.95e-02	3.64e-03	1.15e-04	0.00e+00	0.00e+00
 8.47116e+22	6.81e-04	1.97e-01	7.26e-01	7.31e-02	3.20e-03	9.46e-05	0.00e+00	0.00e+00
 8.51467e+22	8.08e-04	2.17e-01	7.14e-01	6.53e-02	2.72e-03	7.37e-05	0.00e+00	0.00e+00
 8.55891e+22	9.27e-04	2.33e-01	7.04e-01	5.96e-02	2.37e-03	6.02e-05	0.00e+00	0.00e+00
 8.60413e+22	1.11e-03	2.57e-01	6.87e-01	5.25e-02	1.98e-03	4.59e-05	0.00e+00	0.00e+00
 8.64995e+22	1.27e-03	2.76e-01	6.73e-01	4.75e-02	1.72e-03	3.72e-05	0.00e+00	0.00e+00
 8.69654e+22	1.51e-03	3.03e-01	6.52e-01	4.13e-02	1.43e-03	2.79e-05	0.00e+00	0.00e+00
 8.74441e+22	1.74e-03	3.26e-01	6.34e-01	3.67e-02	1.22e-03	2.21e-05	0.00e+00	0.00e+00
 8.79396e+22	2.10e-03	3.59e-01	6.07e-01	3.12e-02	9.90e-04	1.60e-05	0.00e+00	0.00e+00
 8.84479e+22	2.43e-03	3.85e-01	5.84e-01	2.74e-02	8.37e-04	1.24e-05	0.00e+00	0.00e+00
 8.89728e+22	2.95e-03	4.23e-01	5.50e-01	2.26e-02	6.62e-04	8.65e-06	0.00e+00	0.00e+00
 8.95150e+22	3.43e-03	4.54e-01	5.23e-01	1.94e-02	5.48e-04	6.49e-06	0.00e+00	0.00e+00
 9.00795e+22	4.21e-03	4.98e-01	4.82e-01	1.54e-02	4.19e-04	4.30e-06	0.00e+00	0.00e+00
 9.06660e+22	4.97e-03	5.34e-01	4.48e-01	1.27e-02	3.35e-04	3.04e-06	0.00e+00	0.00e+00
 9.12785e+22	6.14e-03	5.83e-01	4.01e-01	9.64e-03	2.46e-04	1.89e-06	0.00e+00	0.00e+00
 9.19070e+22	7.32e-03	6.22e-01	3.63e-01	7.59e-03	1.89e-04	1.26e-06	0.00e+00	0.00e+00
 9.23805e+22	8.25e-03	6.49e-01	3.37e-01	6.41e-03	1.58e-04	9.52e-07	0.00e+00	0.00e+00
