#depth	Ne	Ne+	Ne+2	Ne+3	Ne+4	Ne+5	Ne+6	Ne+7	Ne+8	Ne+9	Ne+10
 4.62852e+21	0.00e+00	0.00e+00	1.23e-26	7.15e-22	9.44e-18	3.06e-14	3.92e-11	3.11e-08	8.16e-05	1.79e-02	9.82e-01
 1.05678e+22	0.00e+00	6.70e-31	2.01e-25	8.32e-21	7.81e-17	1.79e-13	1.63e-10	9.13e-08	1.67e-04	2.55e-02	9.74e-01
 1.27692e+22	0.00e+00	5.68e-30	1.35e-24	4.42e-20	3.29e-16	5.97e-13	4.30e-10	1.90e-07	2.72e-04	3.24e-02	9.67e-01
 1.43722e+22	0.00e+00	3.21e-29	6.30e-24	1.71e-19	1.05e-15	1.58e-12	9.42e-10	3.42e-07	4.04e-04	3.93e-02	9.60e-01
 1.52627e+22	0.00e+00	5.10e-29	9.51e-24	2.45e-19	1.43e-15	2.05e-12	1.16e-09	4.00e-07	4.48e-04	4.13e-02	9.58e-01
 1.55473e+22	0.00e+00	6.57e-29	1.19e-23	2.99e-19	1.70e-15	2.37e-12	1.30e-09	4.36e-07	4.74e-04	4.25e-02	9.57e-01
 1.57923e+22	0.00e+00	9.43e-29	1.64e-23	3.96e-19	2.17e-15	2.90e-12	1.53e-09	4.93e-07	5.15e-04	4.43e-02	9.55e-01
 1.60433e+22	0.00e+00	1.26e-28	2.13e-23	4.97e-19	2.63e-15	3.41e-12	1.74e-09	5.44e-07	5.49e-04	4.57e-02	9.54e-01
 1.62627e+22	0.00e+00	1.64e-28	2.69e-23	6.10e-19	3.14e-15	3.95e-12	1.96e-09	5.94e-07	5.83e-04	4.70e-02	9.52e-01
 1.65084e+22	0.00e+00	2.28e-28	3.59e-23	7.86e-19	3.91e-15	4.75e-12	2.27e-09	6.64e-07	6.27e-04	4.88e-02	9.51e-01
 1.67664e+22	0.00e+00	3.15e-28	4.80e-23	1.01e-18	4.86e-15	5.70e-12	2.63e-09	7.40e-07	6.74e-04	5.05e-02	9.49e-01
 1.69919e+22	0.00e+00	4.18e-28	6.17e-23	1.26e-18	5.87e-15	6.67e-12	2.98e-09	8.13e-07	7.18e-04	5.21e-02	9.47e-01
 1.72369e+22	0.00e+00	5.99e-28	8.49e-23	1.67e-18	7.46e-15	8.16e-12	3.50e-09	9.17e-07	7.78e-04	5.41e-02	9.45e-01
 1.74904e+22	3.88e-34	8.12e-28	1.11e-22	2.11e-18	9.14e-15	9.67e-12	4.01e-09	1.01e-06	8.32e-04	5.59e-02	9.43e-01
 1.77125e+22	5.43e-34	1.10e-27	1.45e-22	2.67e-18	1.12e-14	1.14e-11	4.59e-09	1.12e-06	8.89e-04	5.78e-02	9.41e-01
 1.79226e+22	7.37e-34	1.44e-27	1.85e-22	3.30e-18	1.34e-14	1.33e-11	5.18e-09	1.23e-06	9.45e-04	5.95e-02	9.40e-01
 1.81599e+22	1.09e-33	2.06e-27	2.53e-22	4.35e-18	1.70e-14	1.62e-11	6.06e-09	1.38e-06	1.02e-03	6.18e-02	9.37e-01
 1.84039e+22	1.56e-33	2.82e-27	3.35e-22	5.56e-18	2.10e-14	1.93e-11	6.97e-09	1.53e-06	1.09e-03	6.38e-02	9.35e-01
 1.86186e+22	2.19e-33	3.82e-27	4.39e-22	7.03e-18	2.57e-14	2.29e-11	7.97e-09	1.69e-06	1.17e-03	6.59e-02	9.33e-01
 1.88595e+22	3.34e-33	5.58e-27	6.14e-22	9.43e-18	3.30e-14	2.83e-11	9.42e-09	1.91e-06	1.27e-03	6.86e-02	9.30e-01
 1.91054e+22	4.76e-33	7.68e-27	8.14e-22	1.21e-17	4.08e-14	3.37e-11	1.08e-08	2.12e-06	1.36e-03	7.09e-02	9.28e-01
 1.93152e+22	6.68e-33	1.04e-26	1.07e-21	1.53e-17	4.99e-14	3.99e-11	1.24e-08	2.34e-06	1.45e-03	7.31e-02	9.25e-01
 1.95134e+22	9.14e-33	1.38e-26	1.37e-21	1.90e-17	6.01e-14	4.66e-11	1.40e-08	2.57e-06	1.54e-03	7.53e-02	9.23e-01
 1.97390e+22	1.37e-32	1.98e-26	1.88e-21	2.51e-17	7.64e-14	5.69e-11	1.64e-08	2.88e-06	1.66e-03	7.81e-02	9.20e-01
 1.99720e+22	1.97e-32	2.74e-26	2.52e-21	3.23e-17	9.50e-14	6.82e-11	1.89e-08	3.20e-06	1.78e-03	8.07e-02	9.17e-01
 2.01766e+22	2.80e-32	3.75e-26	3.32e-21	4.12e-17	1.17e-13	8.10e-11	2.17e-08	3.54e-06	1.90e-03	8.33e-02	9.15e-01
 2.04047e+22	4.30e-32	5.50e-26	4.66e-21	5.54e-17	1.51e-13	1.00e-10	2.57e-08	4.00e-06	2.06e-03	8.66e-02	9.11e-01
 2.06318e+22	6.08e-32	7.51e-26	6.13e-21	7.04e-17	1.85e-13	1.19e-10	2.94e-08	4.42e-06	2.20e-03	8.93e-02	9.08e-01
 2.08242e+22	8.58e-32	1.02e-25	8.06e-21	8.93e-17	2.27e-13	1.41e-10	3.36e-08	4.88e-06	2.35e-03	9.20e-02	9.06e-01
 2.10123e+22	1.18e-31	1.36e-25	1.03e-20	1.11e-16	2.74e-13	1.65e-10	3.80e-08	5.34e-06	2.49e-03	9.47e-02	9.03e-01
 2.12283e+22	1.79e-31	1.97e-25	1.44e-20	1.49e-16	3.51e-13	2.03e-10	4.47e-08	6.01e-06	2.70e-03	9.82e-02	8.99e-01
 2.14503e+22	2.60e-31	2.76e-25	1.94e-20	1.92e-16	4.38e-13	2.44e-10	5.16e-08	6.68e-06	2.89e-03	1.01e-01	8.96e-01
 2.16451e+22	3.70e-31	3.78e-25	2.56e-20	2.45e-16	5.40e-13	2.90e-10	5.92e-08	7.38e-06	3.08e-03	1.05e-01	8.92e-01
 2.18306e+22	5.18e-31	5.11e-25	3.34e-20	3.09e-16	6.59e-13	3.42e-10	6.74e-08	8.11e-06	3.28e-03	1.08e-01	8.89e-01
 2.20391e+22	7.76e-31	7.34e-25	4.60e-20	4.09e-16	8.37e-13	4.17e-10	7.88e-08	9.09e-06	3.53e-03	1.11e-01	8.85e-01
 2.22578e+22	1.14e-30	1.03e-24	6.24e-20	5.33e-16	1.05e-12	5.04e-10	9.14e-08	1.01e-05	3.78e-03	1.15e-01	8.81e-01
 2.24486e+22	1.61e-30	1.41e-24	8.22e-20	6.78e-16	1.29e-12	5.98e-10	1.05e-07	1.12e-05	4.03e-03	1.19e-01	8.77e-01
 2.26555e+22	2.47e-30	2.07e-24	1.15e-19	9.09e-16	1.66e-12	7.37e-10	1.23e-07	1.26e-05	4.36e-03	1.23e-01	8.73e-01
 2.28681e+22	3.60e-30	2.89e-24	1.55e-19	1.18e-15	2.07e-12	8.86e-10	1.42e-07	1.40e-05	4.66e-03	1.27e-01	8.69e-01
 2.30550e+22	5.15e-30	3.99e-24	2.06e-19	1.51e-15	2.56e-12	1.06e-09	1.63e-07	1.54e-05	4.97e-03	1.31e-01	8.64e-01
 2.32651e+22	7.94e-30	5.88e-24	2.90e-19	2.04e-15	3.31e-12	1.31e-09	1.93e-07	1.74e-05	5.37e-03	1.35e-01	8.59e-01
 2.34786e+22	1.16e-29	8.27e-24	3.92e-19	2.65e-15	4.15e-12	1.58e-09	2.23e-07	1.93e-05	5.75e-03	1.40e-01	8.55e-01
 2.36637e+22	1.66e-29	1.14e-23	5.19e-19	3.39e-15	5.12e-12	1.88e-09	2.56e-07	2.13e-05	6.12e-03	1.44e-01	8.50e-01
 2.38714e+22	2.59e-29	1.69e-23	7.37e-19	4.60e-15	6.66e-12	2.33e-09	3.03e-07	2.41e-05	6.62e-03	1.49e-01	8.44e-01
 2.40874e+22	3.88e-29	2.43e-23	1.02e-18	6.08e-15	8.46e-12	2.85e-09	3.54e-07	2.70e-05	7.11e-03	1.54e-01	8.39e-01
 2.42806e+22	5.59e-29	3.37e-23	1.36e-18	7.82e-15	1.05e-11	3.41e-09	4.07e-07	2.98e-05	7.59e-03	1.58e-01	8.34e-01
 2.44652e+22	8.15e-29	4.72e-23	1.83e-18	1.01e-14	1.31e-11	4.09e-09	4.69e-07	3.31e-05	8.10e-03	1.63e-01	8.29e-01
 2.46409e+22	1.14e-28	6.39e-23	2.39e-18	1.28e-14	1.60e-11	4.83e-09	5.34e-07	3.63e-05	8.59e-03	1.67e-01	8.24e-01
 2.48379e+22	1.81e-28	9.65e-23	3.43e-18	1.76e-14	2.10e-11	6.05e-09	6.35e-07	4.11e-05	9.30e-03	1.73e-01	8.17e-01
 2.50361e+22	2.63e-28	1.35e-22	4.60e-18	2.27e-14	2.61e-11	7.24e-09	7.31e-07	4.54e-05	9.91e-03	1.78e-01	8.12e-01
 2.51964e+22	3.59e-28	1.78e-22	5.89e-18	2.81e-14	3.14e-11	8.43e-09	8.22e-07	4.94e-05	1.04e-02	1.83e-01	8.07e-01
 2.53349e+22	4.80e-28	2.31e-22	7.41e-18	3.43e-14	3.73e-11	9.72e-09	9.18e-07	5.35e-05	1.10e-02	1.87e-01	8.02e-01
 2.54626e+22	6.28e-28	2.93e-22	9.16e-18	4.13e-14	4.36e-11	1.11e-08	1.02e-06	5.75e-05	1.15e-02	1.90e-01	7.98e-01
 2.56067e+22	8.82e-28	3.98e-22	1.20e-17	5.22e-14	5.33e-11	1.31e-08	1.15e-06	6.29e-05	1.22e-02	1.95e-01	7.93e-01
 2.57557e+22	1.18e-27	5.15e-22	1.50e-17	6.36e-14	6.31e-11	1.50e-08	1.29e-06	6.80e-05	1.28e-02	1.99e-01	7.88e-01
 2.58842e+22	1.56e-27	6.62e-22	1.88e-17	7.71e-14	7.44e-11	1.72e-08	1.43e-06	7.33e-05	1.34e-02	2.03e-01	7.83e-01
 2.60031e+22	2.02e-27	8.36e-22	2.31e-17	9.22e-14	8.67e-11	1.95e-08	1.57e-06	7.85e-05	1.40e-02	2.07e-01	7.79e-01
 2.61364e+22	2.77e-27	1.11e-21	2.96e-17	1.14e-13	1.04e-10	2.28e-08	1.77e-06	8.54e-05	1.47e-02	2.12e-01	7.73e-01
 2.62695e+22	3.62e-27	1.41e-21	3.66e-17	1.38e-13	1.22e-10	2.59e-08	1.96e-06	9.17e-05	1.54e-02	2.16e-01	7.69e-01
 2.63813e+22	4.68e-27	1.77e-21	4.47e-17	1.64e-13	1.42e-10	2.93e-08	2.15e-06	9.80e-05	1.60e-02	2.20e-01	7.64e-01
 2.65057e+22	6.38e-27	2.34e-21	5.71e-17	2.03e-13	1.70e-10	3.41e-08	2.42e-06	1.06e-04	1.69e-02	2.25e-01	7.58e-01
 2.66329e+22	8.30e-27	2.96e-21	7.03e-17	2.43e-13	1.99e-10	3.87e-08	2.67e-06	1.14e-04	1.76e-02	2.29e-01	7.54e-01
 2.67455e+22	1.10e-26	3.80e-21	8.75e-17	2.94e-13	2.33e-10	4.43e-08	2.95e-06	1.23e-04	1.84e-02	2.33e-01	7.48e-01
 2.68549e+22	1.42e-26	4.78e-21	1.07e-16	3.51e-13	2.72e-10	5.01e-08	3.25e-06	1.31e-04	1.92e-02	2.37e-01	7.44e-01
 2.69578e+22	1.81e-26	5.94e-21	1.30e-16	4.14e-13	3.13e-10	5.63e-08	3.55e-06	1.40e-04	2.00e-02	2.41e-01	7.39e-01
 2.70562e+22	2.30e-26	7.37e-21	1.57e-16	4.88e-13	3.60e-10	6.32e-08	3.88e-06	1.49e-04	2.08e-02	2.45e-01	7.34e-01
 2.71693e+22	3.11e-26	9.67e-21	1.99e-16	6.00e-13	4.29e-10	7.31e-08	4.34e-06	1.61e-04	2.18e-02	2.50e-01	7.28e-01
 2.72839e+22	4.08e-26	1.23e-20	2.46e-16	7.21e-13	5.03e-10	8.32e-08	4.79e-06	1.72e-04	2.27e-02	2.54e-01	7.23e-01
 2.73817e+22	5.18e-26	1.53e-20	2.98e-16	8.50e-13	5.78e-10	9.34e-08	5.23e-06	1.83e-04	2.36e-02	2.58e-01	7.18e-01
 2.74899e+22	7.05e-26	2.01e-20	3.79e-16	1.05e-12	6.91e-10	1.08e-07	5.86e-06	1.98e-04	2.48e-02	2.63e-01	7.12e-01
 2.76013e+22	9.28e-26	2.57e-20	4.71e-16	1.26e-12	8.11e-10	1.23e-07	6.48e-06	2.13e-04	2.59e-02	2.68e-01	7.06e-01
 2.76998e+22	1.20e-25	3.23e-20	5.76e-16	1.51e-12	9.41e-10	1.39e-07	7.11e-06	2.27e-04	2.69e-02	2.72e-01	7.01e-01
 2.78108e+22	1.68e-25	4.38e-20	7.51e-16	1.90e-12	1.15e-09	1.64e-07	8.05e-06	2.47e-04	2.84e-02	2.78e-01	6.94e-01
 2.79230e+22	2.21e-25	5.60e-20	9.32e-16	2.28e-12	1.34e-09	1.87e-07	8.89e-06	2.65e-04	2.96e-02	2.82e-01	6.88e-01
 2.80188e+22	2.83e-25	6.98e-20	1.13e-15	2.70e-12	1.55e-09	2.10e-07	9.73e-06	2.82e-04	3.07e-02	2.86e-01	6.83e-01
 2.81251e+22	4.07e-25	9.66e-20	1.51e-15	3.46e-12	1.91e-09	2.50e-07	1.11e-05	3.09e-04	3.25e-02	2.93e-01	6.75e-01
 2.82295e+22	5.18e-25	1.20e-19	1.82e-15	4.07e-12	2.20e-09	2.80e-07	1.21e-05	3.28e-04	3.37e-02	2.97e-01	6.69e-01
 2.83314e+22	7.35e-25	1.64e-19	2.39e-15	5.16e-12	2.69e-09	3.31e-07	1.37e-05	3.58e-04	3.55e-02	3.03e-01	6.61e-01
 2.84313e+22	9.35e-25	2.03e-19	2.89e-15	6.08e-12	3.09e-09	3.71e-07	1.50e-05	3.81e-04	3.68e-02	3.07e-01	6.56e-01
 2.85286e+22	1.31e-24	2.76e-19	3.77e-15	7.64e-12	3.76e-09	4.36e-07	1.70e-05	4.14e-04	3.87e-02	3.13e-01	6.48e-01
 2.86268e+22	1.69e-24	3.45e-19	4.60e-15	9.07e-12	4.34e-09	4.91e-07	1.86e-05	4.41e-04	4.02e-02	3.17e-01	6.42e-01
 2.87262e+22	2.42e-24	4.76e-19	6.09e-15	1.16e-11	5.34e-09	5.82e-07	2.12e-05	4.82e-04	4.24e-02	3.24e-01	6.34e-01
 2.88254e+22	3.13e-24	6.00e-19	7.46e-15	1.38e-11	6.20e-09	6.58e-07	2.32e-05	5.15e-04	4.41e-02	3.28e-01	6.27e-01
 2.89245e+22	4.46e-24	8.24e-19	9.85e-15	1.75e-11	7.60e-09	7.79e-07	2.64e-05	5.62e-04	4.65e-02	3.34e-01	6.18e-01
 2.90255e+22	5.92e-24	1.06e-18	1.23e-14	2.12e-11	8.95e-09	8.92e-07	2.93e-05	6.03e-04	4.85e-02	3.39e-01	6.11e-01
 2.91139e+22	7.79e-24	1.36e-18	1.53e-14	2.55e-11	1.05e-08	1.02e-06	3.24e-05	6.46e-04	5.05e-02	3.44e-01	6.04e-01
 2.92139e+22	1.12e-23	1.88e-18	2.03e-14	3.26e-11	1.29e-08	1.21e-06	3.69e-05	7.07e-04	5.33e-02	3.51e-01	5.95e-01
 2.93142e+22	1.48e-23	2.41e-18	2.52e-14	3.93e-11	1.52e-08	1.38e-06	4.09e-05	7.59e-04	5.55e-02	3.56e-01	5.88e-01
 2.94148e+22	2.13e-23	3.34e-18	3.36e-14	5.03e-11	1.87e-08	1.64e-06	4.68e-05	8.32e-04	5.86e-02	3.62e-01	5.78e-01
 2.95170e+22	2.84e-23	4.33e-18	4.22e-14	6.12e-11	2.22e-08	1.89e-06	5.20e-05	8.95e-04	6.12e-02	3.68e-01	5.70e-01
 2.96214e+22	4.16e-23	6.09e-18	5.68e-14	7.91e-11	2.76e-08	2.27e-06	5.99e-05	9.85e-04	6.47e-02	3.74e-01	5.60e-01
 2.97260e+22	5.54e-23	7.89e-18	7.12e-14	9.62e-11	3.26e-08	2.61e-06	6.66e-05	1.06e-03	6.76e-02	3.80e-01	5.52e-01
 2.98310e+22	8.10e-23	1.11e-17	9.60e-14	1.24e-10	4.07e-08	3.13e-06	7.68e-05	1.17e-03	7.15e-02	3.86e-01	5.41e-01
 2.99335e+22	1.06e-22	1.41e-17	1.18e-13	1.49e-10	4.75e-08	3.56e-06	8.48e-05	1.25e-03	7.44e-02	3.91e-01	5.33e-01
 3.00327e+22	1.51e-22	1.94e-17	1.57e-13	1.90e-10	5.85e-08	4.24e-06	9.70e-05	1.37e-03	7.84e-02	3.98e-01	5.23e-01
 3.01328e+22	1.95e-22	2.44e-17	1.92e-13	2.26e-10	6.80e-08	4.81e-06	1.07e-04	1.46e-03	8.15e-02	4.02e-01	5.15e-01
 3.02341e+22	2.75e-22	3.33e-17	2.52e-13	2.86e-10	8.32e-08	5.70e-06	1.22e-04	1.60e-03	8.58e-02	4.08e-01	5.04e-01
 3.03379e+22	3.61e-22	4.24e-17	3.12e-13	3.44e-10	9.76e-08	6.52e-06	1.35e-04	1.72e-03	8.93e-02	4.13e-01	4.96e-01
 3.04448e+22	5.14e-22	5.83e-17	4.13e-13	4.38e-10	1.20e-07	7.77e-06	1.55e-04	1.88e-03	9.42e-02	4.19e-01	4.85e-01
 3.05536e+22	6.69e-22	7.39e-17	5.08e-13	5.24e-10	1.41e-07	8.86e-06	1.72e-04	2.02e-03	9.80e-02	4.24e-01	4.76e-01
 3.06646e+22	9.47e-22	1.01e-16	6.70e-13	6.66e-10	1.73e-07	1.05e-05	1.97e-04	2.21e-03	1.03e-01	4.29e-01	4.65e-01
 3.07784e+22	1.24e-21	1.29e-16	8.28e-13	8.00e-10	2.03e-07	1.20e-05	2.18e-04	2.38e-03	1.07e-01	4.34e-01	4.56e-01
 3.08959e+22	1.75e-21	1.76e-16	1.09e-12	1.02e-09	2.49e-07	1.43e-05	2.50e-04	2.61e-03	1.13e-01	4.39e-01	4.45e-01
 3.10156e+22	2.28e-21	2.23e-16	1.35e-12	1.22e-09	2.92e-07	1.64e-05	2.78e-04	2.80e-03	1.18e-01	4.44e-01	4.36e-01
 3.11381e+22	3.21e-21	3.04e-16	1.77e-12	1.55e-09	3.59e-07	1.95e-05	3.18e-04	3.07e-03	1.24e-01	4.49e-01	4.24e-01
 3.12614e+22	4.15e-21	3.84e-16	2.18e-12	1.85e-09	4.19e-07	2.23e-05	3.52e-04	3.29e-03	1.29e-01	4.52e-01	4.15e-01
 3.13859e+22	5.77e-21	5.18e-16	2.84e-12	2.33e-09	5.12e-07	2.64e-05	4.02e-04	3.60e-03	1.36e-01	4.57e-01	4.03e-01
 3.15063e+22	7.20e-21	6.32e-16	3.38e-12	2.71e-09	5.85e-07	2.95e-05	4.39e-04	3.82e-03	1.40e-01	4.60e-01	3.96e-01
 3.16217e+22	9.64e-21	8.23e-16	4.28e-12	3.32e-09	6.99e-07	3.43e-05	4.95e-04	4.14e-03	1.46e-01	4.64e-01	3.85e-01
 3.17400e+22	1.21e-20	1.01e-15	5.13e-12	3.89e-09	8.02e-07	3.85e-05	5.42e-04	4.40e-03	1.51e-01	4.67e-01	3.77e-01
 3.18622e+22	1.63e-20	1.32e-15	6.53e-12	4.80e-09	9.62e-07	4.50e-05	6.12e-04	4.78e-03	1.58e-01	4.70e-01	3.66e-01
 3.19860e+22	2.03e-20	1.61e-15	7.79e-12	5.60e-09	1.10e-06	5.04e-05	6.68e-04	5.08e-03	1.63e-01	4.72e-01	3.58e-01
 3.21118e+22	2.70e-20	2.09e-15	9.82e-12	6.84e-09	1.31e-06	5.84e-05	7.51e-04	5.49e-03	1.70e-01	4.75e-01	3.48e-01
 3.22365e+22	3.34e-20	2.54e-15	1.17e-11	7.95e-09	1.49e-06	6.53e-05	8.19e-04	5.82e-03	1.76e-01	4.77e-01	3.40e-01
 3.23600e+22	4.40e-20	3.27e-15	1.46e-11	9.66e-09	1.77e-06	7.54e-05	9.18e-04	6.29e-03	1.83e-01	4.80e-01	3.30e-01
 3.24847e+22	5.38e-20	3.92e-15	1.72e-11	1.11e-08	2.01e-06	8.37e-05	9.96e-04	6.65e-03	1.88e-01	4.81e-01	3.23e-01
 3.26110e+22	7.05e-20	5.02e-15	2.14e-11	1.35e-08	2.37e-06	9.65e-05	1.11e-03	7.16e-03	1.96e-01	4.83e-01	3.13e-01
 3.27397e+22	8.65e-20	6.04e-15	2.52e-11	1.56e-08	2.69e-06	1.07e-04	1.21e-03	7.58e-03	2.02e-01	4.84e-01	3.05e-01
 3.28715e+22	1.13e-19	7.73e-15	3.15e-11	1.89e-08	3.18e-06	1.24e-04	1.35e-03	8.17e-03	2.10e-01	4.85e-01	2.95e-01
 3.30058e+22	1.39e-19	9.32e-15	3.72e-11	2.18e-08	3.61e-06	1.38e-04	1.47e-03	8.64e-03	2.16e-01	4.86e-01	2.88e-01
 3.31432e+22	1.82e-19	1.19e-14	4.64e-11	2.65e-08	4.27e-06	1.59e-04	1.65e-03	9.31e-03	2.24e-01	4.87e-01	2.78e-01
 3.32832e+22	2.24e-19	1.44e-14	5.48e-11	3.07e-08	4.85e-06	1.77e-04	1.79e-03	9.85e-03	2.31e-01	4.87e-01	2.71e-01
 3.34265e+22	2.94e-19	1.84e-14	6.84e-11	3.72e-08	5.74e-06	2.04e-04	2.00e-03	1.06e-02	2.40e-01	4.87e-01	2.61e-01
 3.35665e+22	3.53e-19	2.18e-14	7.95e-11	4.24e-08	6.43e-06	2.24e-04	2.16e-03	1.11e-02	2.45e-01	4.87e-01	2.54e-01
 3.37024e+22	4.54e-19	2.74e-14	9.77e-11	5.08e-08	7.53e-06	2.56e-04	2.39e-03	1.20e-02	2.54e-01	4.86e-01	2.45e-01
 3.38403e+22	5.47e-19	3.25e-14	1.14e-10	5.79e-08	8.44e-06	2.82e-04	2.58e-03	1.26e-02	2.60e-01	4.85e-01	2.39e-01
 3.39811e+22	6.99e-19	4.07e-14	1.39e-10	6.90e-08	9.84e-06	3.21e-04	2.85e-03	1.34e-02	2.69e-01	4.84e-01	2.30e-01
 3.41263e+22	8.54e-19	4.88e-14	1.64e-10	7.96e-08	1.11e-05	3.56e-04	3.09e-03	1.42e-02	2.76e-01	4.83e-01	2.24e-01
 3.42771e+22	1.10e-18	6.13e-14	2.01e-10	9.51e-08	1.30e-05	4.05e-04	3.42e-03	1.51e-02	2.85e-01	4.81e-01	2.15e-01
 3.44328e+22	1.35e-18	7.43e-14	2.38e-10	1.10e-07	1.48e-05	4.52e-04	3.72e-03	1.60e-02	2.92e-01	4.79e-01	2.08e-01
 3.45950e+22	1.75e-18	9.41e-14	2.95e-10	1.33e-07	1.74e-05	5.17e-04	4.13e-03	1.71e-02	3.02e-01	4.77e-01	1.99e-01
 3.47617e+22	2.18e-18	1.15e-13	3.52e-10	1.55e-07	1.99e-05	5.78e-04	4.50e-03	1.81e-02	3.10e-01	4.75e-01	1.92e-01
 3.49340e+22	2.84e-18	1.46e-13	4.38e-10	1.88e-07	2.34e-05	6.62e-04	5.00e-03	1.94e-02	3.20e-01	4.71e-01	1.84e-01
 3.51121e+22	3.57e-18	1.80e-13	5.27e-10	2.20e-07	2.69e-05	7.44e-04	5.47e-03	2.06e-02	3.28e-01	4.68e-01	1.77e-01
 3.52976e+22	4.72e-18	2.32e-13	6.62e-10	2.69e-07	3.19e-05	8.57e-04	6.10e-03	2.21e-02	3.39e-01	4.64e-01	1.68e-01
 3.54881e+22	5.96e-18	2.88e-13	8.01e-10	3.17e-07	3.68e-05	9.66e-04	6.68e-03	2.34e-02	3.47e-01	4.60e-01	1.61e-01
 3.56593e+22	7.46e-18	3.53e-13	9.61e-10	3.71e-07	4.22e-05	1.08e-03	7.27e-03	2.48e-02	3.56e-01	4.56e-01	1.55e-01
 3.58560e+22	1.00e-17	4.62e-13	1.22e-09	4.58e-07	5.06e-05	1.26e-03	8.17e-03	2.67e-02	3.67e-01	4.50e-01	1.47e-01
 3.60538e+22	1.25e-17	5.65e-13	1.47e-09	5.36e-07	5.79e-05	1.40e-03	8.88e-03	2.81e-02	3.75e-01	4.46e-01	1.40e-01
 3.62533e+22	1.67e-17	7.36e-13	1.86e-09	6.58e-07	6.91e-05	1.63e-03	9.93e-03	3.02e-02	3.86e-01	4.39e-01	1.33e-01
 3.64569e+22	2.10e-17	9.10e-13	2.25e-09	7.76e-07	7.96e-05	1.83e-03	1.09e-02	3.20e-02	3.95e-01	4.34e-01	1.26e-01
 3.66661e+22	2.82e-17	1.19e-12	2.86e-09	9.57e-07	9.54e-05	2.12e-03	1.22e-02	3.44e-02	4.06e-01	4.26e-01	1.19e-01
 3.68785e+22	3.57e-17	1.48e-12	3.47e-09	1.13e-06	1.10e-04	2.39e-03	1.33e-02	3.64e-02	4.15e-01	4.20e-01	1.13e-01
 3.70952e+22	4.81e-17	1.94e-12	4.44e-09	1.41e-06	1.33e-04	2.80e-03	1.50e-02	3.92e-02	4.27e-01	4.11e-01	1.05e-01
 3.73129e+22	6.05e-17	2.40e-12	5.37e-09	1.66e-06	1.53e-04	3.14e-03	1.64e-02	4.14e-02	4.36e-01	4.04e-01	9.96e-02
 3.74935e+22	7.41e-17	2.89e-12	6.36e-09	1.92e-06	1.74e-04	3.49e-03	1.78e-02	4.35e-02	4.43e-01	3.97e-01	9.47e-02
 3.76901e+22	9.60e-17	3.68e-12	7.91e-09	2.32e-06	2.06e-04	4.02e-03	1.97e-02	4.65e-02	4.53e-01	3.88e-01	8.84e-02
 3.78859e+22	1.17e-16	4.41e-12	9.31e-09	2.68e-06	2.32e-04	4.45e-03	2.13e-02	4.88e-02	4.60e-01	3.81e-01	8.40e-02
 3.80806e+22	1.49e-16	5.55e-12	1.15e-08	3.22e-06	2.73e-04	5.09e-03	2.36e-02	5.20e-02	4.70e-01	3.71e-01	7.82e-02
 3.82779e+22	1.81e-16	6.64e-12	1.35e-08	3.72e-06	3.10e-04	5.65e-03	2.56e-02	5.46e-02	4.76e-01	3.64e-01	7.39e-02
 3.84786e+22	2.31e-16	8.35e-12	1.67e-08	4.48e-06	3.65e-04	6.49e-03	2.84e-02	5.82e-02	4.85e-01	3.53e-01	6.84e-02
 3.86817e+22	2.79e-16	9.97e-12	1.97e-08	5.17e-06	4.14e-04	7.21e-03	3.08e-02	6.11e-02	4.92e-01	3.44e-01	6.44e-02
 3.88880e+22	3.53e-16	1.25e-11	2.42e-08	6.21e-06	4.87e-04	8.28e-03	3.42e-02	6.51e-02	5.00e-01	3.33e-01	5.92e-02
 3.90984e+22	4.24e-16	1.49e-11	2.85e-08	7.18e-06	5.54e-04	9.23e-03	3.71e-02	6.85e-02	5.06e-01	3.24e-01	5.53e-02
 3.93141e+22	5.33e-16	1.85e-11	3.51e-08	8.64e-06	6.54e-04	1.06e-02	4.13e-02	7.31e-02	5.13e-01	3.11e-01	5.04e-02
 3.95340e+22	6.35e-16	2.20e-11	4.12e-08	9.99e-06	7.45e-04	1.19e-02	4.49e-02	7.69e-02	5.18e-01	3.01e-01	4.67e-02
 3.97595e+22	7.87e-16	2.72e-11	5.05e-08	1.20e-05	8.80e-04	1.37e-02	5.01e-02	8.21e-02	5.24e-01	2.87e-01	4.21e-02
 3.99868e+22	9.23e-16	3.19e-11	5.89e-08	1.38e-05	9.99e-04	1.53e-02	5.44e-02	8.63e-02	5.28e-01	2.76e-01	3.88e-02
 4.01778e+22	1.06e-15	3.66e-11	6.75e-08	1.56e-05	1.12e-03	1.69e-02	5.86e-02	9.03e-02	5.31e-01	2.67e-01	3.59e-02
 4.03845e+22	1.24e-15	4.33e-11	7.97e-08	1.82e-05	1.29e-03	1.91e-02	6.44e-02	9.55e-02	5.33e-01	2.54e-01	3.24e-02
 4.05930e+22	1.40e-15	4.91e-11	9.06e-08	2.05e-05	1.44e-03	2.10e-02	6.92e-02	9.97e-02	5.35e-01	2.44e-01	2.98e-02
 4.07970e+22	1.59e-15	5.66e-11	1.05e-07	2.36e-05	1.64e-03	2.36e-02	7.54e-02	1.05e-01	5.36e-01	2.32e-01	2.69e-02
 4.10051e+22	1.77e-15	6.36e-11	1.19e-07	2.65e-05	1.84e-03	2.60e-02	8.10e-02	1.10e-01	5.36e-01	2.21e-01	2.46e-02
 4.12090e+22	1.95e-15	7.16e-11	1.35e-07	3.00e-05	2.07e-03	2.88e-02	8.76e-02	1.15e-01	5.34e-01	2.10e-01	2.22e-02
 4.14172e+22	2.13e-15	7.97e-11	1.52e-07	3.36e-05	2.31e-03	3.17e-02	9.40e-02	1.20e-01	5.33e-01	2.00e-01	2.01e-02
 4.16230e+22	2.30e-15	8.82e-11	1.70e-07	3.77e-05	2.58e-03	3.49e-02	1.01e-01	1.25e-01	5.30e-01	1.89e-01	1.81e-02
 4.18299e+22	2.46e-15	9.67e-11	1.90e-07	4.20e-05	2.86e-03	3.83e-02	1.08e-01	1.30e-01	5.26e-01	1.79e-01	1.63e-02
 4.20344e+22	2.60e-15	1.05e-10	2.11e-07	4.66e-05	3.18e-03	4.19e-02	1.15e-01	1.35e-01	5.22e-01	1.69e-01	1.47e-02
 4.22385e+22	2.73e-15	1.14e-10	2.33e-07	5.17e-05	3.51e-03	4.57e-02	1.22e-01	1.40e-01	5.16e-01	1.59e-01	1.32e-02
 4.24429e+22	2.84e-15	1.23e-10	2.57e-07	5.72e-05	3.88e-03	4.98e-02	1.30e-01	1.45e-01	5.10e-01	1.50e-01	1.18e-02
 4.26481e+22	2.94e-15	1.32e-10	2.83e-07	6.33e-05	4.28e-03	5.41e-02	1.38e-01	1.50e-01	5.03e-01	1.40e-01	1.06e-02
 4.28544e+22	3.03e-15	1.42e-10	3.11e-07	6.99e-05	4.72e-03	5.87e-02	1.45e-01	1.54e-01	4.96e-01	1.32e-01	9.46e-03
 4.30627e+22	3.11e-15	1.51e-10	3.42e-07	7.73e-05	5.20e-03	6.36e-02	1.53e-01	1.59e-01	4.87e-01	1.23e-01	8.43e-03
 4.32733e+22	3.18e-15	1.62e-10	3.76e-07	8.56e-05	5.73e-03	6.88e-02	1.61e-01	1.64e-01	4.78e-01	1.15e-01	7.49e-03
 4.34850e+22	3.25e-15	1.73e-10	4.14e-07	9.48e-05	6.31e-03	7.43e-02	1.69e-01	1.68e-01	4.68e-01	1.07e-01	6.66e-03
 4.37001e+22	3.32e-15	1.85e-10	4.57e-07	1.05e-04	6.97e-03	8.03e-02	1.78e-01	1.72e-01	4.57e-01	9.97e-02	5.88e-03
 4.39176e+22	3.39e-15	1.99e-10	5.06e-07	1.17e-04	7.68e-03	8.65e-02	1.86e-01	1.76e-01	4.46e-01	9.26e-02	5.20e-03
 4.41394e+22	3.46e-15	2.14e-10	5.63e-07	1.31e-04	8.50e-03	9.34e-02	1.94e-01	1.80e-01	4.34e-01	8.55e-02	4.57e-03
 4.43457e+22	3.54e-15	2.28e-10	6.16e-07	1.44e-04	9.22e-03	9.93e-02	2.00e-01	1.83e-01	4.24e-01	8.01e-02	4.11e-03
 4.45578e+22	3.63e-15	2.48e-10	6.92e-07	1.62e-04	1.03e-02	1.07e-01	2.09e-01	1.86e-01	4.10e-01	7.35e-02	3.57e-03
 4.47732e+22	3.74e-15	2.66e-10	7.63e-07	1.79e-04	1.12e-02	1.14e-01	2.15e-01	1.88e-01	3.99e-01	6.85e-02	3.19e-03
 4.49938e+22	3.85e-15	2.92e-10	8.67e-07	2.03e-04	1.24e-02	1.23e-01	2.24e-01	1.91e-01	3.84e-01	6.24e-02	2.75e-03
 4.52158e+22	4.04e-15	3.18e-10	9.64e-07	2.25e-04	1.35e-02	1.30e-01	2.30e-01	1.93e-01	3.73e-01	5.81e-02	2.46e-03
 4.54394e+22	4.24e-15	3.53e-10	1.11e-06	2.58e-04	1.51e-02	1.40e-01	2.38e-01	1.95e-01	3.57e-01	5.27e-02	2.11e-03
 4.56643e+22	4.47e-15	3.87e-10	1.24e-06	2.86e-04	1.64e-02	1.48e-01	2.43e-01	1.96e-01	3.45e-01	4.88e-02	1.88e-03
 4.58908e+22	4.77e-15	4.36e-10	1.43e-06	3.29e-04	1.83e-02	1.59e-01	2.50e-01	1.96e-01	3.29e-01	4.41e-02	1.61e-03
 4.61192e+22	5.10e-15	4.83e-10	1.61e-06	3.67e-04	2.00e-02	1.68e-01	2.56e-01	1.97e-01	3.17e-01	4.07e-02	1.42e-03
 4.63500e+22	5.55e-15	5.52e-10	1.88e-06	4.23e-04	2.23e-02	1.80e-01	2.62e-01	1.96e-01	3.01e-01	3.66e-02	1.21e-03
 4.65836e+22	6.02e-15	6.18e-10	2.13e-06	4.74e-04	2.42e-02	1.90e-01	2.66e-01	1.96e-01	2.89e-01	3.36e-02	1.07e-03
 4.68211e+22	6.69e-15	7.18e-10	2.52e-06	5.49e-04	2.70e-02	2.03e-01	2.72e-01	1.95e-01	2.73e-01	3.00e-02	9.02e-04
 4.70623e+22	7.39e-15	8.16e-10	2.88e-06	6.17e-04	2.95e-02	2.13e-01	2.75e-01	1.93e-01	2.60e-01	2.74e-02	7.89e-04
 4.73085e+22	8.44e-15	9.65e-10	3.44e-06	7.20e-04	3.29e-02	2.27e-01	2.80e-01	1.91e-01	2.44e-01	2.43e-02	6.61e-04
 4.75599e+22	9.53e-15	1.11e-09	3.98e-06	8.13e-04	3.59e-02	2.39e-01	2.82e-01	1.88e-01	2.31e-01	2.20e-02	5.73e-04
 4.78180e+22	1.12e-14	1.34e-09	4.81e-06	9.54e-04	4.02e-02	2.54e-01	2.85e-01	1.85e-01	2.15e-01	1.93e-02	4.74e-04
 4.80827e+22	1.30e-14	1.58e-09	5.61e-06	1.08e-03	4.39e-02	2.66e-01	2.87e-01	1.81e-01	2.03e-01	1.74e-02	4.07e-04
 4.83558e+22	1.57e-14	1.95e-09	6.88e-06	1.28e-03	4.92e-02	2.83e-01	2.88e-01	1.76e-01	1.87e-01	1.50e-02	3.32e-04
 4.86125e+22	1.82e-14	2.25e-09	7.87e-06	1.42e-03	5.29e-02	2.94e-01	2.89e-01	1.73e-01	1.77e-01	1.37e-02	2.91e-04
 4.88480e+22	2.19e-14	2.72e-09	9.38e-06	1.64e-03	5.80e-02	3.08e-01	2.89e-01	1.68e-01	1.64e-01	1.21e-02	2.43e-04
 4.90817e+22	2.54e-14	3.14e-09	1.07e-05	1.82e-03	6.21e-02	3.18e-01	2.88e-01	1.64e-01	1.55e-01	1.10e-02	2.13e-04
 4.93131e+22	3.08e-14	3.80e-09	1.27e-05	2.08e-03	6.79e-02	3.32e-01	2.87e-01	1.58e-01	1.43e-01	9.64e-03	1.78e-04
 4.95459e+22	3.62e-14	4.42e-09	1.45e-05	2.30e-03	7.25e-02	3.42e-01	2.85e-01	1.54e-01	1.35e-01	8.74e-03	1.55e-04
 4.97806e+22	4.46e-14	5.39e-09	1.73e-05	2.63e-03	7.90e-02	3.55e-01	2.82e-01	1.48e-01	1.24e-01	7.65e-03	1.29e-04
 5.00194e+22	5.31e-14	6.32e-09	1.98e-05	2.92e-03	8.43e-02	3.66e-01	2.80e-01	1.44e-01	1.16e-01	6.89e-03	1.12e-04
 5.02635e+22	6.68e-14	7.79e-09	2.37e-05	3.34e-03	9.17e-02	3.79e-01	2.76e-01	1.37e-01	1.06e-01	5.97e-03	9.20e-05
 5.05111e+22	8.04e-14	9.17e-09	2.72e-05	3.70e-03	9.77e-02	3.89e-01	2.73e-01	1.32e-01	9.93e-02	5.35e-03	7.92e-05
 5.07633e+22	1.03e-13	1.14e-08	3.26e-05	4.23e-03	1.06e-01	4.01e-01	2.68e-01	1.26e-01	9.02e-02	4.60e-03	6.45e-05
 5.10197e+22	1.25e-13	1.35e-08	3.75e-05	4.69e-03	1.13e-01	4.11e-01	2.63e-01	1.21e-01	8.36e-02	4.10e-03	5.51e-05
 5.12817e+22	1.63e-13	1.70e-08	4.53e-05	5.37e-03	1.23e-01	4.22e-01	2.57e-01	1.14e-01	7.53e-02	3.49e-03	4.45e-05
 5.15500e+22	2.01e-13	2.03e-08	5.24e-05	5.97e-03	1.30e-01	4.31e-01	2.52e-01	1.08e-01	6.93e-02	3.08e-03	3.75e-05
 5.18263e+22	2.66e-13	2.58e-08	6.34e-05	6.84e-03	1.41e-01	4.42e-01	2.44e-01	1.02e-01	6.19e-02	2.59e-03	2.99e-05
 5.21094e+22	3.33e-13	3.11e-08	7.38e-05	7.61e-03	1.50e-01	4.50e-01	2.38e-01	9.61e-02	5.65e-02	2.26e-03	2.49e-05
 5.24012e+22	4.48e-13	3.99e-08	8.98e-05	8.74e-03	1.62e-01	4.59e-01	2.29e-01	8.92e-02	5.00e-02	1.88e-03	1.95e-05
 5.26959e+22	5.62e-13	4.82e-08	1.04e-04	9.69e-03	1.72e-01	4.65e-01	2.22e-01	8.41e-02	4.54e-02	1.64e-03	1.62e-05
 5.29942e+22	7.64e-13	6.20e-08	1.27e-04	1.11e-02	1.85e-01	4.72e-01	2.13e-01	7.75e-02	3.99e-02	1.35e-03	1.26e-05
 5.32958e+22	9.63e-13	7.50e-08	1.47e-04	1.23e-02	1.96e-01	4.77e-01	2.05e-01	7.26e-02	3.61e-02	1.17e-03	1.04e-05
 5.36015e+22	1.31e-12	9.66e-08	1.79e-04	1.40e-02	2.10e-01	4.82e-01	1.95e-01	6.65e-02	3.15e-02	9.55e-04	7.99e-06
 5.39002e+22	1.64e-12	1.16e-07	2.05e-04	1.54e-02	2.20e-01	4.84e-01	1.88e-01	6.23e-02	2.85e-02	8.28e-04	6.63e-06
 5.41896e+22	2.18e-12	1.46e-07	2.45e-04	1.73e-02	2.34e-01	4.86e-01	1.79e-01	5.72e-02	2.50e-02	6.86e-04	5.19e-06
 5.44926e+22	2.78e-12	1.77e-07	2.85e-04	1.92e-02	2.46e-01	4.87e-01	1.71e-01	5.30e-02	2.23e-02	5.83e-04	4.20e-06
 5.47486e+22	3.41e-12	2.09e-07	3.23e-04	2.08e-02	2.56e-01	4.88e-01	1.64e-01	4.97e-02	2.03e-02	5.08e-04	3.51e-06
 5.50169e+22	4.40e-12	2.56e-07	3.76e-04	2.30e-02	2.69e-01	4.87e-01	1.56e-01	4.58e-02	1.80e-02	4.27e-04	2.81e-06
 5.52933e+22	5.50e-12	3.06e-07	4.30e-04	2.51e-02	2.81e-01	4.86e-01	1.49e-01	4.25e-02	1.61e-02	3.67e-04	2.30e-06
 5.55401e+22	6.76e-12	3.61e-07	4.87e-04	2.72e-02	2.91e-01	4.84e-01	1.43e-01	3.97e-02	1.46e-02	3.17e-04	1.91e-06
 5.58209e+22	8.75e-12	4.43e-07	5.68e-04	3.00e-02	3.05e-01	4.80e-01	1.35e-01	3.63e-02	1.28e-02	2.64e-04	1.51e-06
 5.61135e+22	1.11e-11	5.33e-07	6.52e-04	3.28e-02	3.17e-01	4.77e-01	1.28e-01	3.34e-02	1.14e-02	2.24e-04	1.22e-06
 5.63769e+22	1.37e-11	6.33e-07	7.41e-04	3.56e-02	3.29e-01	4.73e-01	1.21e-01	3.09e-02	1.02e-02	1.91e-04	9.97e-07
 5.66748e+22	1.80e-11	7.84e-07	8.67e-04	3.93e-02	3.43e-01	4.67e-01	1.13e-01	2.80e-02	8.82e-03	1.57e-04	7.74e-07
 5.69844e+22	2.29e-11	9.49e-07	9.98e-04	4.29e-02	3.56e-01	4.60e-01	1.07e-01	2.56e-02	7.76e-03	1.31e-04	6.14e-07
 5.72622e+22	2.87e-11	1.13e-06	1.14e-03	4.65e-02	3.67e-01	4.54e-01	1.01e-01	2.35e-02	6.87e-03	1.11e-04	4.96e-07
 5.75762e+22	3.79e-11	1.41e-06	1.33e-03	5.13e-02	3.82e-01	4.45e-01	9.32e-02	2.11e-02	5.90e-03	8.96e-05	3.78e-07
 5.79004e+22	4.85e-11	1.71e-06	1.54e-03	5.59e-02	3.95e-01	4.37e-01	8.69e-02	1.91e-02	5.14e-03	7.41e-05	2.97e-07
 5.81896e+22	6.09e-11	2.04e-06	1.75e-03	6.05e-02	4.06e-01	4.28e-01	8.14e-02	1.74e-02	4.52e-03	6.20e-05	2.36e-07
 5.85172e+22	8.10e-11	2.55e-06	2.05e-03	6.66e-02	4.20e-01	4.17e-01	7.47e-02	1.55e-02	3.83e-03	4.95e-05	1.77e-07
 5.88567e+22	1.04e-10	3.11e-06	2.37e-03	7.25e-02	4.32e-01	4.06e-01	6.91e-02	1.39e-02	3.31e-03	4.03e-05	1.37e-07
 5.91613e+22	1.32e-10	3.73e-06	2.70e-03	7.83e-02	4.43e-01	3.96e-01	6.41e-02	1.26e-02	2.87e-03	3.33e-05	0.00e+00
 5.95069e+22	1.78e-10	4.70e-06	3.19e-03	8.62e-02	4.57e-01	3.82e-01	5.82e-02	1.10e-02	2.40e-03	2.60e-05	0.00e+00
 5.98635e+22	2.29e-10	5.72e-06	3.67e-03	9.35e-02	4.68e-01	3.70e-01	5.34e-02	9.87e-03	2.05e-03	2.10e-05	0.00e+00
 6.01854e+22	2.93e-10	6.91e-06	4.20e-03	1.01e-01	4.77e-01	3.58e-01	4.90e-02	8.83e-03	1.76e-03	1.71e-05	0.00e+00
 6.05550e+22	4.02e-10	8.81e-06	4.99e-03	1.11e-01	4.89e-01	3.42e-01	4.38e-02	7.63e-03	1.44e-03	1.30e-05	0.00e+00
 6.09271e+22	5.18e-10	1.07e-05	5.72e-03	1.20e-01	4.98e-01	3.28e-01	3.99e-02	6.78e-03	1.22e-03	1.04e-05	0.00e+00
 6.13025e+22	7.01e-10	1.35e-05	6.73e-03	1.31e-01	5.07e-01	3.12e-01	3.55e-02	5.86e-03	9.99e-04	7.93e-06	0.00e+00
 6.16864e+22	9.14e-10	1.65e-05	7.76e-03	1.42e-01	5.15e-01	2.98e-01	3.20e-02	5.14e-03	8.35e-04	6.23e-06	0.00e+00
 6.20244e+22	1.17e-09	1.99e-05	8.84e-03	1.52e-01	5.21e-01	2.84e-01	2.90e-02	4.55e-03	7.06e-04	4.97e-06	0.00e+00
 6.24068e+22	1.60e-09	2.53e-05	1.04e-02	1.66e-01	5.27e-01	2.67e-01	2.54e-02	3.88e-03	5.67e-04	3.70e-06	0.00e+00
 6.27982e+22	2.08e-09	3.08e-05	1.20e-02	1.78e-01	5.30e-01	2.53e-01	2.28e-02	3.39e-03	4.71e-04	2.89e-06	0.00e+00
 6.32013e+22	2.85e-09	3.92e-05	1.41e-02	1.93e-01	5.33e-01	2.36e-01	1.98e-02	2.86e-03	3.74e-04	2.12e-06	0.00e+00
 6.36107e+22	3.72e-09	4.79e-05	1.62e-02	2.07e-01	5.35e-01	2.22e-01	1.75e-02	2.48e-03	3.07e-04	1.63e-06	0.00e+00
 6.39738e+22	4.81e-09	5.81e-05	1.85e-02	2.21e-01	5.35e-01	2.08e-01	1.56e-02	2.15e-03	2.53e-04	1.26e-06	0.00e+00
 6.43912e+22	6.65e-09	7.42e-05	2.18e-02	2.39e-01	5.33e-01	1.91e-01	1.33e-02	1.79e-03	1.97e-04	9.02e-07	0.00e+00
 6.48151e+22	8.64e-09	9.02e-05	2.48e-02	2.54e-01	5.30e-01	1.78e-01	1.17e-02	1.54e-03	1.60e-04	6.85e-07	0.00e+00
 6.51830e+22	1.11e-08	1.09e-04	2.81e-02	2.69e-01	5.25e-01	1.66e-01	1.03e-02	1.33e-03	1.31e-04	5.25e-07	0.00e+00
 6.55331e+22	1.39e-08	1.29e-04	3.15e-02	2.82e-01	5.20e-01	1.55e-01	9.15e-03	1.16e-03	1.09e-04	4.12e-07	0.00e+00
 6.58665e+22	1.73e-08	1.52e-04	3.51e-02	2.96e-01	5.14e-01	1.45e-01	8.13e-03	1.01e-03	9.02e-05	3.22e-07	0.00e+00
 6.62421e+22	2.29e-08	1.86e-04	4.02e-02	3.14e-01	5.06e-01	1.33e-01	6.98e-03	8.48e-04	7.12e-05	2.36e-07	0.00e+00
 6.66178e+22	2.85e-08	2.19e-04	4.47e-02	3.28e-01	4.97e-01	1.23e-01	6.17e-03	7.36e-04	5.88e-05	1.84e-07	0.00e+00
 6.69935e+22	3.75e-08	2.68e-04	5.10e-02	3.45e-01	4.86e-01	1.12e-01	5.27e-03	6.15e-04	4.61e-05	1.34e-07	0.00e+00
 6.73756e+22	4.68e-08	3.15e-04	5.67e-02	3.59e-01	4.75e-01	1.03e-01	4.62e-03	5.30e-04	3.76e-05	0.00e+00	0.00e+00
 6.77659e+22	6.18e-08	3.86e-04	6.45e-02	3.77e-01	4.61e-01	9.27e-02	3.90e-03	4.38e-04	2.91e-05	0.00e+00	0.00e+00
 6.81592e+22	7.68e-08	4.52e-04	7.14e-02	3.91e-01	4.49e-01	8.50e-02	3.40e-03	3.75e-04	2.37e-05	0.00e+00	0.00e+00
 6.85565e+22	1.02e-07	5.56e-04	8.14e-02	4.08e-01	4.32e-01	7.55e-02	2.83e-03	3.05e-04	1.79e-05	0.00e+00	0.00e+00
 6.89543e+22	1.26e-07	6.48e-04	8.96e-02	4.20e-01	4.18e-01	6.89e-02	2.46e-03	2.60e-04	1.45e-05	0.00e+00	0.00e+00
 6.92741e+22	1.52e-07	7.39e-04	9.73e-02	4.31e-01	4.05e-01	6.34e-02	2.18e-03	2.27e-04	1.21e-05	0.00e+00	0.00e+00
 6.96116e+22	1.89e-07	8.66e-04	1.07e-01	4.43e-01	3.90e-01	5.72e-02	1.87e-03	1.91e-04	9.60e-06	0.00e+00	0.00e+00
 6.99539e+22	2.27e-07	9.88e-04	1.16e-01	4.52e-01	3.76e-01	5.24e-02	1.64e-03	1.65e-04	7.90e-06	0.00e+00	0.00e+00
 7.02550e+22	2.71e-07	1.12e-03	1.26e-01	4.61e-01	3.63e-01	4.80e-02	1.45e-03	1.43e-04	6.54e-06	0.00e+00	0.00e+00
 7.05988e+22	3.37e-07	1.31e-03	1.38e-01	4.71e-01	3.46e-01	4.29e-02	1.23e-03	1.19e-04	5.14e-06	0.00e+00	0.00e+00
 7.09469e+22	4.04e-07	1.49e-03	1.49e-01	4.78e-01	3.31e-01	3.89e-02	1.07e-03	1.02e-04	4.19e-06	0.00e+00	0.00e+00
 7.12518e+22	4.80e-07	1.68e-03	1.60e-01	4.84e-01	3.17e-01	3.54e-02	9.37e-04	8.72e-05	3.44e-06	0.00e+00	0.00e+00
 7.15996e+22	5.98e-07	1.96e-03	1.76e-01	4.91e-01	2.99e-01	3.12e-02	7.87e-04	7.15e-05	2.65e-06	0.00e+00	0.00e+00
 7.19502e+22	7.08e-07	2.21e-03	1.88e-01	4.95e-01	2.85e-01	2.82e-02	6.86e-04	6.11e-05	2.17e-06	0.00e+00	0.00e+00
 7.23044e+22	8.76e-07	2.56e-03	2.05e-01	5.00e-01	2.68e-01	2.47e-02	5.75e-04	4.99e-05	1.67e-06	0.00e+00	0.00e+00
 7.26641e+22	1.05e-06	2.89e-03	2.20e-01	5.02e-01	2.53e-01	2.21e-02	4.94e-04	4.19e-05	1.33e-06	0.00e+00	0.00e+00
 7.29807e+22	1.23e-06	3.25e-03	2.35e-01	5.03e-01	2.39e-01	1.98e-02	4.26e-04	3.54e-05	1.08e-06	0.00e+00	0.00e+00
 7.33421e+22	1.52e-06	3.74e-03	2.54e-01	5.03e-01	2.22e-01	1.72e-02	3.54e-04	2.86e-05	8.20e-07	0.00e+00	0.00e+00
 7.37113e+22	1.81e-06	4.22e-03	2.71e-01	5.02e-01	2.08e-01	1.52e-02	3.01e-04	2.37e-05	6.48e-07	0.00e+00	0.00e+00
 7.40409e+22	2.13e-06	4.72e-03	2.88e-01	4.99e-01	1.94e-01	1.34e-02	2.57e-04	1.98e-05	5.15e-07	0.00e+00	0.00e+00
 7.44198e+22	2.63e-06	5.44e-03	3.11e-01	4.95e-01	1.78e-01	1.14e-02	2.10e-04	1.56e-05	3.82e-07	0.00e+00	0.00e+00
 7.48044e+22	3.12e-06	6.11e-03	3.30e-01	4.89e-01	1.64e-01	9.98e-03	1.76e-04	1.27e-05	2.97e-07	0.00e+00	0.00e+00
 7.51965e+22	3.83e-06	7.00e-03	3.54e-01	4.81e-01	1.49e-01	8.43e-03	1.43e-04	9.93e-06	2.19e-07	0.00e+00	0.00e+00
 7.55989e+22	4.59e-06	7.89e-03	3.76e-01	4.73e-01	1.36e-01	7.22e-03	1.18e-04	7.92e-06	1.65e-07	0.00e+00	0.00e+00
 7.59549e+22	5.41e-06	8.79e-03	3.97e-01	4.64e-01	1.25e-01	6.24e-03	9.83e-05	6.40e-06	1.27e-07	0.00e+00	0.00e+00
 7.63578e+22	6.63e-06	1.00e-02	4.23e-01	4.51e-01	1.11e-01	5.16e-03	7.81e-05	4.87e-06	0.00e+00	0.00e+00	0.00e+00
 7.67734e+22	7.86e-06	1.12e-02	4.45e-01	4.38e-01	1.01e-01	4.38e-03	6.39e-05	3.84e-06	0.00e+00	0.00e+00	0.00e+00
 7.72056e+22	9.71e-06	1.29e-02	4.74e-01	4.22e-01	8.81e-02	3.54e-03	4.96e-05	2.83e-06	0.00e+00	0.00e+00	0.00e+00
 7.75805e+22	1.10e-05	1.40e-02	4.91e-01	4.11e-01	8.11e-02	3.11e-03	4.23e-05	2.35e-06	0.00e+00	0.00e+00	0.00e+00
 7.78412e+22	1.23e-05	1.49e-02	5.06e-01	4.01e-01	7.54e-02	2.77e-03	3.70e-05	2.00e-06	0.00e+00	0.00e+00	0.00e+00
 7.81403e+22	1.41e-05	1.63e-02	5.25e-01	3.88e-01	6.83e-02	2.38e-03	3.09e-05	1.61e-06	0.00e+00	0.00e+00	0.00e+00
 7.84520e+22	1.59e-05	1.76e-02	5.41e-01	3.77e-01	6.26e-02	2.08e-03	2.64e-05	1.33e-06	0.00e+00	0.00e+00	0.00e+00
 7.87799e+22	1.86e-05	1.93e-02	5.62e-01	3.61e-01	5.57e-02	1.74e-03	2.14e-05	1.03e-06	0.00e+00	0.00e+00	0.00e+00
 7.91068e+22	2.09e-05	2.08e-02	5.78e-01	3.49e-01	5.09e-02	1.52e-03	1.83e-05	8.51e-07	0.00e+00	0.00e+00	0.00e+00
 7.94323e+22	2.40e-05	2.27e-02	5.97e-01	3.34e-01	4.53e-02	1.28e-03	1.50e-05	6.68e-07	0.00e+00	0.00e+00	0.00e+00
 7.97682e+22	2.72e-05	2.45e-02	6.14e-01	3.20e-01	4.08e-02	1.09e-03	1.25e-05	5.36e-07	0.00e+00	0.00e+00	0.00e+00
 8.00686e+22	3.06e-05	2.62e-02	6.29e-01	3.07e-01	3.68e-02	9.42e-04	1.05e-05	4.35e-07	0.00e+00	0.00e+00	0.00e+00
 8.04100e+22	3.53e-05	2.86e-02	6.47e-01	2.91e-01	3.24e-02	7.80e-04	8.45e-06	3.34e-07	0.00e+00	0.00e+00	0.00e+00
 8.07621e+22	3.99e-05	3.08e-02	6.62e-01	2.77e-01	2.89e-02	6.60e-04	6.98e-06	2.64e-07	0.00e+00	0.00e+00	0.00e+00
 8.11280e+22	4.66e-05	3.37e-02	6.81e-01	2.60e-01	2.49e-02	5.34e-04	5.47e-06	1.96e-07	0.00e+00	0.00e+00	0.00e+00
 8.14953e+22	5.27e-05	3.62e-02	6.95e-01	2.46e-01	2.20e-02	4.49e-04	4.49e-06	1.54e-07	0.00e+00	0.00e+00	0.00e+00
 8.18646e+22	6.10e-05	3.94e-02	7.11e-01	2.30e-01	1.89e-02	3.62e-04	3.52e-06	0.00e+00	0.00e+00	0.00e+00	0.00e+00
 8.22467e+22	6.95e-05	4.24e-02	7.25e-01	2.16e-01	1.65e-02	2.99e-04	2.83e-06	0.00e+00	0.00e+00	0.00e+00	0.00e+00
 8.26457e+22	8.13e-05	4.64e-02	7.40e-01	1.99e-01	1.39e-02	2.35e-04	2.15e-06	0.00e+00	0.00e+00	0.00e+00	0.00e+00
 8.30477e+22	9.23e-05	4.98e-02	7.52e-01	1.86e-01	1.20e-02	1.93e-04	1.72e-06	0.00e+00	0.00e+00	0.00e+00	0.00e+00
 8.34536e+22	1.08e-04	5.43e-02	7.65e-01	1.71e-01	1.00e-02	1.51e-04	1.30e-06	0.00e+00	0.00e+00	0.00e+00	0.00e+00
 8.38655e+22	1.22e-04	5.82e-02	7.74e-01	1.59e-01	8.62e-03	1.23e-04	1.03e-06	0.00e+00	0.00e+00	0.00e+00	0.00e+00
 8.42853e+22	1.43e-04	6.34e-02	7.85e-01	1.44e-01	7.09e-03	9.49e-05	7.64e-07	0.00e+00	0.00e+00	0.00e+00	0.00e+00
 8.47116e+22	1.63e-04	6.80e-02	7.93e-01	1.33e-01	6.04e-03	7.65e-05	5.97e-07	0.00e+00	0.00e+00	0.00e+00	0.00e+00
 8.51467e+22	1.91e-04	7.41e-02	8.01e-01	1.19e-01	4.90e-03	5.82e-05	4.36e-07	0.00e+00	0.00e+00	0.00e+00	0.00e+00
 8.55891e+22	2.18e-04	7.94e-02	8.07e-01	1.09e-01	4.13e-03	4.65e-05	3.37e-07	0.00e+00	0.00e+00	0.00e+00	0.00e+00
 8.60413e+22	2.58e-04	8.67e-02	8.13e-01	9.72e-02	3.29e-03	3.47e-05	2.41e-07	0.00e+00	0.00e+00	0.00e+00	0.00e+00
 8.64995e+22	2.93e-04	9.27e-02	8.16e-01	8.85e-02	2.76e-03	2.76e-05	1.85e-07	0.00e+00	0.00e+00	0.00e+00	0.00e+00
 8.69654e+22	3.47e-04	1.01e-01	8.18e-01	7.79e-02	2.17e-03	2.04e-05	1.30e-07	0.00e+00	0.00e+00	0.00e+00	0.00e+00
 8.74441e+22	3.98e-04	1.08e-01	8.19e-01	7.01e-02	1.79e-03	1.59e-05	0.00e+00	0.00e+00	0.00e+00	0.00e+00	0.00e+00
 8.79396e+22	4.76e-04	1.19e-01	8.19e-01	6.07e-02	1.38e-03	1.15e-05	0.00e+00	0.00e+00	0.00e+00	0.00e+00	0.00e+00
 8.84479e+22	5.49e-04	1.27e-01	8.17e-01	5.40e-02	1.12e-03	8.83e-06	0.00e+00	0.00e+00	0.00e+00	0.00e+00	0.00e+00
 8.89728e+22	6.66e-04	1.40e-01	8.13e-01	4.59e-02	8.38e-04	6.19e-06	0.00e+00	0.00e+00	0.00e+00	0.00e+00	0.00e+00
 8.95150e+22	7.73e-04	1.51e-01	8.08e-01	4.02e-02	6.67e-04	4.67e-06	0.00e+00	0.00e+00	0.00e+00	0.00e+00	0.00e+00
 9.00795e+22	9.50e-04	1.66e-01	7.99e-01	3.34e-02	4.86e-04	3.16e-06	0.00e+00	0.00e+00	0.00e+00	0.00e+00	0.00e+00
 9.06660e+22	1.13e-03	1.81e-01	7.89e-01	2.85e-02	3.73e-04	2.28e-06	0.00e+00	0.00e+00	0.00e+00	0.00e+00	0.00e+00
 9.12785e+22	1.41e-03	2.00e-01	7.76e-01	2.30e-02	2.64e-04	1.49e-06	0.00e+00	0.00e+00	0.00e+00	0.00e+00	0.00e+00
 9.19070e+22	1.70e-03	2.17e-01	7.62e-01	1.91e-02	1.98e-04	1.04e-06	0.00e+00	0.00e+00	0.00e+00	0.00e+00	0.00e+00
 9.23805e+22	1.93e-03	2.30e-01	7.51e-01	1.68e-02	1.62e-04	8.14e-07	0.00e+00	0.00e+00	0.00e+00	0.00e+00	0.00e+00
