#depth	N	N+	N+2	N+3	N+4	N+5	N+6	N+7
 4.62852e+21	0.00e+00	3.91e-24	9.66e-19	2.59e-14	2.38e-10	3.70e-06	3.66e-03	9.96e-01
 1.05693e+22	4.82e-30	3.28e-23	5.75e-18	1.11e-13	7.32e-10	7.82e-06	5.28e-03	9.95e-01
 1.27604e+22	2.58e-29	1.37e-22	1.89e-17	2.91e-13	1.53e-09	1.29e-05	6.78e-03	9.93e-01
 1.43425e+22	1.02e-28	4.40e-22	4.97e-17	6.31e-13	2.72e-09	1.94e-05	8.35e-03	9.92e-01
 1.52214e+22	1.45e-28	5.94e-22	6.35e-17	7.67e-13	3.15e-09	2.15e-05	8.81e-03	9.91e-01
 1.54976e+22	1.80e-28	7.10e-22	7.36e-17	8.61e-13	3.42e-09	2.28e-05	9.10e-03	9.91e-01
 1.57286e+22	2.36e-28	8.91e-22	8.85e-17	9.96e-13	3.81e-09	2.47e-05	9.49e-03	9.90e-01
 1.59631e+22	2.92e-28	1.07e-21	1.03e-16	1.12e-12	4.15e-09	2.62e-05	9.80e-03	9.90e-01
 1.62023e+22	3.77e-28	1.32e-21	1.22e-16	1.29e-12	4.59e-09	2.82e-05	1.02e-02	9.90e-01
 1.64546e+22	4.84e-28	1.63e-21	1.45e-16	1.47e-12	5.05e-09	3.03e-05	1.06e-02	9.89e-01
 1.66692e+22	6.00e-28	1.95e-21	1.68e-16	1.64e-12	5.47e-09	3.22e-05	1.09e-02	9.89e-01
 1.68632e+22	7.29e-28	2.30e-21	1.92e-16	1.83e-12	5.91e-09	3.40e-05	1.13e-02	9.89e-01
 1.70850e+22	9.44e-28	2.85e-21	2.28e-16	2.09e-12	6.50e-09	3.66e-05	1.17e-02	9.88e-01
 1.73138e+22	1.19e-27	3.45e-21	2.66e-16	2.36e-12	7.07e-09	3.90e-05	1.21e-02	9.88e-01
 1.75165e+22	1.48e-27	4.14e-21	3.09e-16	2.64e-12	7.65e-09	4.14e-05	1.26e-02	9.87e-01
 1.77449e+22	1.95e-27	5.22e-21	3.72e-16	3.05e-12	8.46e-09	4.48e-05	1.31e-02	9.87e-01
 1.79768e+22	2.45e-27	6.30e-21	4.33e-16	3.43e-12	9.20e-09	4.77e-05	1.36e-02	9.86e-01
 1.81765e+22	3.06e-27	7.58e-21	5.03e-16	3.85e-12	9.94e-09	5.07e-05	1.40e-02	9.86e-01
 1.83669e+22	3.75e-27	8.98e-21	5.77e-16	4.28e-12	1.07e-08	5.36e-05	1.45e-02	9.85e-01
 1.85821e+22	4.87e-27	1.12e-20	6.87e-16	4.89e-12	1.18e-08	5.77e-05	1.51e-02	9.85e-01
 1.88034e+22	6.18e-27	1.36e-20	8.04e-16	5.51e-12	1.27e-08	6.15e-05	1.56e-02	9.84e-01
 1.89966e+22	7.64e-27	1.62e-20	9.28e-16	6.15e-12	1.38e-08	6.52e-05	1.61e-02	9.84e-01
 1.92119e+22	1.00e-26	2.04e-20	1.11e-15	7.07e-12	1.51e-08	7.03e-05	1.68e-02	9.83e-01
 1.94272e+22	1.26e-26	2.46e-20	1.29e-15	7.93e-12	1.63e-08	7.48e-05	1.74e-02	9.83e-01
 1.96104e+22	1.55e-26	2.92e-20	1.49e-15	8.81e-12	1.76e-08	7.91e-05	1.80e-02	9.82e-01
 1.98166e+22	2.03e-26	3.65e-20	1.77e-15	1.01e-11	1.93e-08	8.51e-05	1.87e-02	9.81e-01
 2.00272e+22	2.56e-26	4.42e-20	2.07e-15	1.13e-11	2.08e-08	9.06e-05	1.94e-02	9.81e-01
 2.02112e+22	3.17e-26	5.29e-20	2.39e-15	1.26e-11	2.24e-08	9.61e-05	2.00e-02	9.80e-01
 2.04182e+22	4.16e-26	6.62e-20	2.86e-15	1.45e-11	2.46e-08	1.03e-04	2.08e-02	9.79e-01
 2.06320e+22	5.31e-26	8.10e-20	3.36e-15	1.64e-11	2.67e-08	1.10e-04	2.16e-02	9.78e-01
 2.08214e+22	6.69e-26	9.80e-20	3.92e-15	1.84e-11	2.89e-08	1.18e-04	2.24e-02	9.78e-01
 2.10052e+22	8.40e-26	1.18e-19	4.56e-15	2.07e-11	3.12e-08	1.25e-04	2.31e-02	9.77e-01
 2.12152e+22	1.11e-25	1.50e-19	5.51e-15	2.39e-11	3.44e-08	1.35e-04	2.41e-02	9.76e-01
 2.14315e+22	1.45e-25	1.87e-19	6.57e-15	2.72e-11	3.75e-08	1.45e-04	2.51e-02	9.75e-01
 2.16192e+22	1.83e-25	2.26e-19	7.66e-15	3.06e-11	4.06e-08	1.54e-04	2.59e-02	9.74e-01
 2.18261e+22	2.44e-25	2.86e-19	9.27e-15	3.54e-11	4.48e-08	1.67e-04	2.70e-02	9.73e-01
 2.20335e+22	3.08e-25	3.48e-19	1.09e-14	4.00e-11	4.87e-08	1.77e-04	2.80e-02	9.72e-01
 2.22120e+22	3.93e-25	4.26e-19	1.28e-14	4.51e-11	5.27e-08	1.89e-04	2.90e-02	9.71e-01
 2.23856e+22	4.91e-25	5.13e-19	1.48e-14	5.06e-11	5.69e-08	2.01e-04	2.99e-02	9.70e-01
 2.25488e+22	6.06e-25	6.10e-19	1.70e-14	5.63e-11	6.12e-08	2.12e-04	3.08e-02	9.69e-01
 2.27033e+22	7.56e-25	7.33e-19	1.97e-14	6.29e-11	6.58e-08	2.25e-04	3.18e-02	9.68e-01
 2.28537e+22	9.23e-25	8.66e-19	2.26e-14	6.97e-11	7.05e-08	2.37e-04	3.27e-02	9.67e-01
 2.29945e+22	1.12e-24	1.02e-18	2.57e-14	7.69e-11	7.53e-08	2.50e-04	3.36e-02	9.66e-01
 2.31262e+22	1.36e-24	1.19e-18	2.92e-14	8.47e-11	8.02e-08	2.62e-04	3.45e-02	9.65e-01
 2.32745e+22	1.71e-24	1.45e-18	3.41e-14	9.54e-11	8.69e-08	2.79e-04	3.56e-02	9.64e-01
 2.34198e+22	2.06e-24	1.69e-18	3.86e-14	1.05e-10	9.26e-08	2.92e-04	3.65e-02	9.63e-01
 2.35403e+22	2.47e-24	1.97e-18	4.37e-14	1.15e-10	9.84e-08	3.07e-04	3.74e-02	9.62e-01
 2.36759e+22	3.10e-24	2.38e-18	5.09e-14	1.29e-10	1.06e-07	3.25e-04	3.86e-02	9.61e-01
 2.38078e+22	3.71e-24	2.76e-18	5.75e-14	1.42e-10	1.13e-07	3.40e-04	3.95e-02	9.60e-01
 2.39160e+22	4.40e-24	3.18e-18	6.45e-14	1.55e-10	1.20e-07	3.55e-04	4.04e-02	9.59e-01
 2.40379e+22	5.43e-24	3.79e-18	7.43e-14	1.72e-10	1.29e-07	3.75e-04	4.15e-02	9.58e-01
 2.41638e+22	6.60e-24	4.47e-18	8.49e-14	1.91e-10	1.38e-07	3.94e-04	4.26e-02	9.57e-01
 2.42737e+22	7.85e-24	5.17e-18	9.54e-14	2.08e-10	1.46e-07	4.11e-04	4.35e-02	9.56e-01
 2.43954e+22	9.80e-24	6.22e-18	1.11e-13	2.34e-10	1.58e-07	4.35e-04	4.48e-02	9.55e-01
 2.45141e+22	1.16e-23	7.18e-18	1.25e-13	2.55e-10	1.67e-07	4.54e-04	4.58e-02	9.54e-01
 2.46133e+22	1.39e-23	8.35e-18	1.41e-13	2.80e-10	1.78e-07	4.75e-04	4.68e-02	9.53e-01
 2.47105e+22	1.64e-23	9.59e-18	1.58e-13	3.05e-10	1.89e-07	4.94e-04	4.78e-02	9.52e-01
 2.48210e+22	2.05e-23	1.16e-17	1.84e-13	3.43e-10	2.04e-07	5.22e-04	4.91e-02	9.50e-01
 2.49330e+22	2.49e-23	1.36e-17	2.10e-13	3.79e-10	2.18e-07	5.47e-04	5.03e-02	9.49e-01
 2.50297e+22	2.95e-23	1.57e-17	2.35e-13	4.14e-10	2.31e-07	5.71e-04	5.13e-02	9.48e-01
 2.51381e+22	3.77e-23	1.93e-17	2.78e-13	4.71e-10	2.51e-07	6.05e-04	5.29e-02	9.47e-01
 2.52470e+22	4.56e-23	2.26e-17	3.17e-13	5.20e-10	2.68e-07	6.33e-04	5.41e-02	9.45e-01
 2.53566e+22	5.85e-23	2.80e-17	3.77e-13	5.93e-10	2.93e-07	6.72e-04	5.57e-02	9.44e-01
 2.54640e+22	7.05e-23	3.27e-17	4.28e-13	6.54e-10	3.13e-07	7.02e-04	5.69e-02	9.42e-01
 2.55683e+22	9.15e-23	4.08e-17	5.13e-13	7.49e-10	3.42e-07	7.46e-04	5.86e-02	9.41e-01
 2.56722e+22	1.10e-22	4.76e-17	5.82e-13	8.25e-10	3.65e-07	7.79e-04	5.99e-02	9.39e-01
 2.57755e+22	1.44e-22	6.00e-17	7.03e-13	9.53e-10	4.01e-07	8.30e-04	6.18e-02	9.37e-01
 2.58759e+22	1.73e-22	6.98e-17	7.96e-13	1.05e-09	4.28e-07	8.65e-04	6.30e-02	9.36e-01
 2.59725e+22	2.26e-22	8.76e-17	9.58e-13	1.21e-09	4.70e-07	9.19e-04	6.49e-02	9.34e-01
 2.60696e+22	2.73e-22	1.03e-16	1.09e-12	1.33e-09	5.02e-07	9.61e-04	6.63e-02	9.33e-01
 2.61671e+22	3.62e-22	1.31e-16	1.33e-12	1.55e-09	5.54e-07	1.02e-03	6.84e-02	9.31e-01
 2.62650e+22	4.43e-22	1.55e-16	1.53e-12	1.72e-09	5.96e-07	1.07e-03	6.99e-02	9.29e-01
 2.63633e+22	5.95e-22	1.99e-16	1.88e-12	2.02e-09	6.61e-07	1.14e-03	7.21e-02	9.27e-01
 2.64623e+22	7.38e-22	2.40e-16	2.18e-12	2.26e-09	7.13e-07	1.20e-03	7.38e-02	9.25e-01
 2.65620e+22	9.88e-22	3.07e-16	2.68e-12	2.64e-09	7.91e-07	1.28e-03	7.62e-02	9.23e-01
 2.66612e+22	1.24e-21	3.72e-16	3.13e-12	2.98e-09	8.57e-07	1.35e-03	7.80e-02	9.21e-01
 2.67595e+22	1.67e-21	4.80e-16	3.87e-12	3.49e-09	9.53e-07	1.44e-03	8.05e-02	9.18e-01
 2.68590e+22	2.11e-21	5.87e-16	4.56e-12	3.96e-09	1.04e-06	1.52e-03	8.25e-02	9.16e-01
 2.69600e+22	2.90e-21	7.67e-16	5.69e-12	4.69e-09	1.16e-06	1.63e-03	8.53e-02	9.13e-01
 2.70622e+22	3.71e-21	9.48e-16	6.77e-12	5.35e-09	1.27e-06	1.72e-03	8.75e-02	9.11e-01
 2.71662e+22	5.15e-21	1.25e-15	8.53e-12	6.38e-09	1.42e-06	1.85e-03	9.06e-02	9.08e-01
 2.72707e+22	6.62e-21	1.55e-15	1.02e-11	7.30e-09	1.56e-06	1.95e-03	9.30e-02	9.05e-01
 2.73758e+22	9.26e-21	2.07e-15	1.29e-11	8.74e-09	1.76e-06	2.10e-03	9.62e-02	9.02e-01
 2.74785e+22	1.17e-20	2.53e-15	1.52e-11	9.91e-09	1.91e-06	2.22e-03	9.86e-02	8.99e-01
 2.75779e+22	1.59e-20	3.29e-15	1.89e-11	1.17e-08	2.14e-06	2.38e-03	1.02e-01	8.96e-01
 2.76793e+22	2.04e-20	4.07e-15	2.25e-11	1.34e-08	2.34e-06	2.51e-03	1.04e-01	8.93e-01
 2.77833e+22	2.80e-20	5.34e-15	2.82e-11	1.59e-08	2.62e-06	2.69e-03	1.08e-01	8.89e-01
 2.78889e+22	3.58e-20	6.58e-15	3.35e-11	1.81e-08	2.87e-06	2.85e-03	1.11e-01	8.86e-01
 2.79966e+22	4.94e-20	8.67e-15	4.21e-11	2.16e-08	3.23e-06	3.06e-03	1.15e-01	8.82e-01
 2.81064e+22	6.30e-20	1.07e-14	5.00e-11	2.46e-08	3.53e-06	3.24e-03	1.18e-01	8.79e-01
 2.82187e+22	8.73e-20	1.41e-14	6.30e-11	2.94e-08	3.98e-06	3.48e-03	1.22e-01	8.75e-01
 2.83334e+22	1.11e-19	1.74e-14	7.49e-11	3.36e-08	4.35e-06	3.68e-03	1.25e-01	8.72e-01
 2.84513e+22	1.53e-19	2.29e-14	9.40e-11	4.00e-08	4.91e-06	3.97e-03	1.29e-01	8.67e-01
 2.85693e+22	1.94e-19	2.80e-14	1.11e-10	4.55e-08	5.36e-06	4.19e-03	1.32e-01	8.63e-01
 2.86875e+22	2.64e-19	3.65e-14	1.39e-10	5.39e-08	6.02e-06	4.50e-03	1.37e-01	8.59e-01
 2.88086e+22	3.35e-19	4.47e-14	1.64e-10	6.14e-08	6.58e-06	4.76e-03	1.40e-01	8.55e-01
 2.89334e+22	4.57e-19	5.84e-14	2.05e-10	7.29e-08	7.41e-06	5.13e-03	1.45e-01	8.50e-01
 2.90544e+22	5.61e-19	6.97e-14	2.38e-10	8.18e-08	8.02e-06	5.38e-03	1.48e-01	8.46e-01
 2.91703e+22	7.40e-19	8.85e-14	2.90e-10	9.53e-08	8.91e-06	5.75e-03	1.53e-01	8.41e-01
 2.92890e+22	9.14e-19	1.06e-13	3.37e-10	1.07e-07	9.67e-06	6.05e-03	1.56e-01	8.38e-01
 2.94114e+22	1.22e-18	1.35e-13	4.13e-10	1.26e-07	1.08e-05	6.48e-03	1.61e-01	8.32e-01
 2.95355e+22	1.49e-18	1.61e-13	4.79e-10	1.41e-07	1.17e-05	6.81e-03	1.65e-01	8.28e-01
 2.96616e+22	1.98e-18	2.06e-13	5.86e-10	1.65e-07	1.30e-05	7.29e-03	1.70e-01	8.23e-01
 2.97856e+22	2.38e-18	2.42e-13	6.71e-10	1.83e-07	1.40e-05	7.64e-03	1.73e-01	8.19e-01
 2.99068e+22	3.10e-18	3.03e-13	8.10e-10	2.12e-07	1.56e-05	8.14e-03	1.78e-01	8.13e-01
 3.00304e+22	3.75e-18	3.57e-13	9.29e-10	2.36e-07	1.68e-05	8.54e-03	1.82e-01	8.09e-01
 3.01572e+22	4.87e-18	4.47e-13	1.12e-09	2.74e-07	1.86e-05	9.10e-03	1.87e-01	8.04e-01
 3.02865e+22	5.91e-18	5.29e-13	1.29e-09	3.06e-07	2.01e-05	9.56e-03	1.91e-01	7.99e-01
 3.04189e+22	7.69e-18	6.63e-13	1.56e-09	3.55e-07	2.23e-05	1.02e-02	1.97e-01	7.93e-01
 3.05536e+22	9.35e-18	7.85e-13	1.80e-09	3.97e-07	2.41e-05	1.07e-02	2.01e-01	7.88e-01
 3.06914e+22	1.22e-17	9.84e-13	2.17e-09	4.61e-07	2.68e-05	1.14e-02	2.07e-01	7.82e-01
 3.08318e+22	1.48e-17	1.17e-12	2.51e-09	5.15e-07	2.90e-05	1.20e-02	2.11e-01	7.77e-01
 3.09756e+22	1.93e-17	1.46e-12	3.03e-09	5.99e-07	3.23e-05	1.28e-02	2.17e-01	7.70e-01
 3.11161e+22	2.29e-17	1.70e-12	3.43e-09	6.61e-07	3.46e-05	1.34e-02	2.22e-01	7.65e-01
 3.12524e+22	2.94e-17	2.11e-12	4.12e-09	7.63e-07	3.83e-05	1.43e-02	2.28e-01	7.58e-01
 3.13909e+22	3.49e-17	2.45e-12	4.67e-09	8.42e-07	4.11e-05	1.49e-02	2.32e-01	7.53e-01
 3.15322e+22	4.44e-17	3.01e-12	5.56e-09	9.67e-07	4.54e-05	1.59e-02	2.38e-01	7.46e-01
 3.16780e+22	5.39e-17	3.55e-12	6.39e-09	1.08e-06	4.91e-05	1.67e-02	2.43e-01	7.41e-01
 3.18295e+22	6.85e-17	4.37e-12	7.60e-09	1.24e-06	5.42e-05	1.77e-02	2.49e-01	7.33e-01
 3.19860e+22	8.39e-17	5.21e-12	8.81e-09	1.39e-06	5.89e-05	1.87e-02	2.54e-01	7.27e-01
 3.21490e+22	1.08e-16	6.45e-12	1.06e-08	1.61e-06	6.52e-05	1.99e-02	2.61e-01	7.19e-01
 3.23166e+22	1.32e-16	7.73e-12	1.23e-08	1.82e-06	7.11e-05	2.10e-02	2.67e-01	7.12e-01
 3.24900e+22	1.71e-16	9.63e-12	1.48e-08	2.10e-06	7.90e-05	2.24e-02	2.74e-01	7.04e-01
 3.26693e+22	2.12e-16	1.16e-11	1.73e-08	2.39e-06	8.65e-05	2.37e-02	2.80e-01	6.96e-01
 3.28561e+22	2.77e-16	1.46e-11	2.10e-08	2.79e-06	9.66e-05	2.53e-02	2.88e-01	6.87e-01
 3.30476e+22	3.47e-16	1.78e-11	2.47e-08	3.17e-06	1.06e-04	2.68e-02	2.94e-01	6.79e-01
 3.32191e+22	4.27e-16	2.13e-11	2.88e-08	3.58e-06	1.16e-04	2.83e-02	3.00e-01	6.71e-01
 3.34162e+22	5.71e-16	2.73e-11	3.56e-08	4.23e-06	1.30e-04	3.05e-02	3.09e-01	6.60e-01
 3.36145e+22	7.03e-16	3.27e-11	4.14e-08	4.77e-06	1.42e-04	3.21e-02	3.15e-01	6.52e-01
 3.38145e+22	9.32e-16	4.17e-11	5.08e-08	5.62e-06	1.60e-04	3.45e-02	3.24e-01	6.41e-01
 3.40186e+22	1.17e-15	5.07e-11	5.99e-08	6.41e-06	1.75e-04	3.65e-02	3.31e-01	6.32e-01
 3.42283e+22	1.56e-15	6.52e-11	7.40e-08	7.59e-06	1.98e-04	3.93e-02	3.40e-01	6.21e-01
 3.44412e+22	1.97e-15	7.98e-11	8.78e-08	8.70e-06	2.18e-04	4.17e-02	3.47e-01	6.11e-01
 3.46582e+22	2.68e-15	1.04e-10	1.10e-07	1.04e-05	2.48e-04	4.50e-02	3.57e-01	5.98e-01
 3.48634e+22	3.27e-15	1.24e-10	1.27e-07	1.17e-05	2.69e-04	4.73e-02	3.63e-01	5.89e-01
 3.50532e+22	4.29e-15	1.56e-10	1.55e-07	1.37e-05	3.02e-04	5.06e-02	3.72e-01	5.77e-01
 3.52445e+22	5.24e-15	1.86e-10	1.79e-07	1.54e-05	3.28e-04	5.32e-02	3.78e-01	5.68e-01
 3.54378e+22	6.92e-15	2.36e-10	2.20e-07	1.81e-05	3.68e-04	5.70e-02	3.87e-01	5.56e-01
 3.56329e+22	8.53e-15	2.83e-10	2.56e-07	2.05e-05	4.02e-04	6.00e-02	3.94e-01	5.46e-01
 3.58303e+22	1.13e-14	3.62e-10	3.15e-07	2.43e-05	4.54e-04	6.44e-02	4.03e-01	5.33e-01
 3.60305e+22	1.40e-14	4.37e-10	3.70e-07	2.76e-05	4.97e-04	6.79e-02	4.09e-01	5.22e-01
 3.62343e+22	1.88e-14	5.63e-10	4.59e-07	3.29e-05	5.63e-04	7.31e-02	4.18e-01	5.08e-01
 3.64409e+22	2.34e-14	6.82e-10	5.41e-07	3.75e-05	6.19e-04	7.72e-02	4.25e-01	4.97e-01
 3.66510e+22	3.14e-14	8.81e-10	6.74e-07	4.48e-05	7.03e-04	8.31e-02	4.34e-01	4.82e-01
 3.68657e+22	3.97e-14	1.08e-09	8.03e-07	5.18e-05	7.79e-04	8.81e-02	4.41e-01	4.70e-01
 3.70866e+22	5.39e-14	1.41e-09	1.01e-06	6.25e-05	8.92e-04	9.51e-02	4.51e-01	4.53e-01
 3.73106e+22	6.85e-14	1.74e-09	1.21e-06	7.25e-05	9.93e-04	1.01e-01	4.57e-01	4.40e-01
 3.75325e+22	9.18e-14	2.26e-09	1.51e-06	8.73e-05	1.13e-03	1.09e-01	4.66e-01	4.24e-01
 3.77444e+22	1.13e-13	2.71e-09	1.78e-06	9.96e-05	1.25e-03	1.15e-01	4.71e-01	4.12e-01
 3.79494e+22	1.48e-13	3.44e-09	2.19e-06	1.19e-04	1.42e-03	1.23e-01	4.79e-01	3.97e-01
 3.81582e+22	1.83e-13	4.15e-09	2.58e-06	1.36e-04	1.56e-03	1.30e-01	4.84e-01	3.84e-01
 3.83627e+22	2.35e-13	5.18e-09	3.14e-06	1.61e-04	1.77e-03	1.39e-01	4.90e-01	3.69e-01
 3.85715e+22	2.90e-13	6.26e-09	3.71e-06	1.86e-04	1.96e-03	1.47e-01	4.95e-01	3.56e-01
 3.87749e+22	3.64e-13	7.67e-09	4.45e-06	2.17e-04	2.20e-03	1.56e-01	5.00e-01	3.42e-01
 3.89824e+22	4.49e-13	9.26e-09	5.27e-06	2.51e-04	2.44e-03	1.65e-01	5.04e-01	3.28e-01
 3.91881e+22	5.54e-13	1.12e-08	6.25e-06	2.92e-04	2.73e-03	1.75e-01	5.07e-01	3.15e-01
 3.93948e+22	6.77e-13	1.34e-08	7.37e-06	3.37e-04	3.04e-03	1.85e-01	5.10e-01	3.01e-01
 3.95991e+22	8.20e-13	1.60e-08	8.66e-06	3.89e-04	3.37e-03	1.95e-01	5.13e-01	2.88e-01
 3.98030e+22	9.86e-13	1.90e-08	1.01e-05	4.47e-04	3.74e-03	2.06e-01	5.14e-01	2.76e-01
 4.00074e+22	1.18e-12	2.24e-08	1.18e-05	5.13e-04	4.15e-03	2.17e-01	5.15e-01	2.63e-01
 4.02127e+22	1.40e-12	2.63e-08	1.37e-05	5.87e-04	4.59e-03	2.28e-01	5.16e-01	2.51e-01
 4.04193e+22	1.66e-12	3.07e-08	1.59e-05	6.72e-04	5.07e-03	2.40e-01	5.16e-01	2.39e-01
 4.06278e+22	1.95e-12	3.58e-08	1.84e-05	7.67e-04	5.61e-03	2.52e-01	5.15e-01	2.27e-01
 4.08389e+22	2.29e-12	4.16e-08	2.12e-05	8.74e-04	6.19e-03	2.64e-01	5.14e-01	2.15e-01
 4.10510e+22	2.67e-12	4.81e-08	2.43e-05	9.93e-04	6.82e-03	2.76e-01	5.12e-01	2.04e-01
 4.12666e+22	3.10e-12	5.56e-08	2.80e-05	1.13e-03	7.53e-03	2.89e-01	5.09e-01	1.93e-01
 4.14848e+22	3.66e-12	6.38e-08	3.20e-05	1.28e-03	8.28e-03	3.02e-01	5.06e-01	1.83e-01
 4.17073e+22	4.23e-12	7.35e-08	3.67e-05	1.46e-03	9.14e-03	3.16e-01	5.02e-01	1.72e-01
 4.19143e+22	4.76e-12	8.21e-08	4.09e-05	1.61e-03	9.88e-03	3.27e-01	4.98e-01	1.64e-01
 4.21278e+22	5.49e-12	9.44e-08	4.70e-05	1.84e-03	1.09e-02	3.41e-01	4.92e-01	1.54e-01
 4.23449e+22	6.14e-12	1.05e-07	5.23e-05	2.03e-03	1.18e-02	3.53e-01	4.87e-01	1.46e-01
 4.25666e+22	7.04e-12	1.21e-07	5.99e-05	2.31e-03	1.30e-02	3.68e-01	4.81e-01	1.36e-01
 4.27891e+22	7.86e-12	1.34e-07	6.64e-05	2.54e-03	1.40e-02	3.79e-01	4.75e-01	1.29e-01
 4.30128e+22	8.96e-12	1.53e-07	7.58e-05	2.87e-03	1.54e-02	3.95e-01	4.67e-01	1.20e-01
 4.32379e+22	9.93e-12	1.69e-07	8.38e-05	3.15e-03	1.66e-02	4.06e-01	4.61e-01	1.13e-01
 4.34647e+22	1.13e-11	1.91e-07	9.51e-05	3.55e-03	1.82e-02	4.21e-01	4.52e-01	1.05e-01
 4.36936e+22	1.25e-11	2.11e-07	1.05e-04	3.89e-03	1.95e-02	4.32e-01	4.45e-01	9.95e-02
 4.39250e+22	1.41e-11	2.39e-07	1.19e-04	4.37e-03	2.14e-02	4.47e-01	4.35e-01	9.21e-02
 4.41593e+22	1.56e-11	2.63e-07	1.31e-04	4.78e-03	2.29e-02	4.58e-01	4.27e-01	8.67e-02
 4.43974e+22	1.76e-11	2.98e-07	1.49e-04	5.36e-03	2.50e-02	4.73e-01	4.17e-01	7.99e-02
 4.46396e+22	1.94e-11	3.28e-07	1.64e-04	5.86e-03	2.68e-02	4.84e-01	4.08e-01	7.50e-02
 4.48870e+22	2.19e-11	3.71e-07	1.86e-04	6.56e-03	2.93e-02	4.98e-01	3.97e-01	6.88e-02
 4.51397e+22	2.43e-11	4.11e-07	2.06e-04	7.17e-03	3.14e-02	5.10e-01	3.87e-01	6.43e-02
 4.53992e+22	2.75e-11	4.66e-07	2.34e-04	8.04e-03	3.43e-02	5.24e-01	3.75e-01	5.86e-02
 4.56649e+22	3.06e-11	5.18e-07	2.60e-04	8.80e-03	3.67e-02	5.34e-01	3.65e-01	5.45e-02
 4.58888e+22	3.35e-11	5.67e-07	2.85e-04	9.51e-03	3.89e-02	5.44e-01	3.56e-01	5.10e-02
 4.61304e+22	3.76e-11	6.36e-07	3.20e-04	1.05e-02	4.20e-02	5.55e-01	3.45e-01	4.68e-02
 4.63755e+22	4.13e-11	6.98e-07	3.51e-04	1.14e-02	4.46e-02	5.64e-01	3.36e-01	4.37e-02
 4.65875e+22	4.51e-11	7.61e-07	3.83e-04	1.22e-02	4.71e-02	5.72e-01	3.27e-01	4.09e-02
 4.68252e+22	5.02e-11	8.49e-07	4.29e-04	1.34e-02	5.06e-02	5.83e-01	3.16e-01	3.74e-02
 4.70620e+22	5.52e-11	9.30e-07	4.68e-04	1.44e-02	5.33e-02	5.90e-01	3.07e-01	3.51e-02
 4.72974e+22	6.14e-11	1.04e-06	5.22e-04	1.58e-02	5.70e-02	5.98e-01	2.96e-01	3.21e-02
 4.75362e+22	6.77e-11	1.14e-06	5.71e-04	1.69e-02	6.00e-02	6.05e-01	2.88e-01	3.00e-02
 4.77795e+22	7.57e-11	1.27e-06	6.39e-04	1.85e-02	6.42e-02	6.13e-01	2.76e-01	2.73e-02
 4.80269e+22	8.40e-11	1.40e-06	7.01e-04	1.99e-02	6.75e-02	6.19e-01	2.68e-01	2.55e-02
 4.82798e+22	9.42e-11	1.57e-06	7.87e-04	2.17e-02	7.22e-02	6.26e-01	2.56e-01	2.31e-02
 4.85366e+22	1.05e-10	1.74e-06	8.66e-04	2.33e-02	7.58e-02	6.31e-01	2.48e-01	2.14e-02
 4.87985e+22	1.19e-10	1.97e-06	9.77e-04	2.56e-02	8.10e-02	6.37e-01	2.36e-01	1.93e-02
 4.90666e+22	1.33e-10	2.19e-06	1.08e-03	2.75e-02	8.52e-02	6.41e-01	2.28e-01	1.78e-02
 4.93430e+22	1.52e-10	2.49e-06	1.22e-03	3.02e-02	9.11e-02	6.45e-01	2.16e-01	1.60e-02
 4.96259e+22	1.71e-10	2.78e-06	1.36e-03	3.25e-02	9.58e-02	6.48e-01	2.08e-01	1.46e-02
 4.99172e+22	1.97e-10	3.20e-06	1.55e-03	3.58e-02	1.02e-01	6.51e-01	1.96e-01	1.30e-02
 5.02115e+22	2.24e-10	3.60e-06	1.73e-03	3.86e-02	1.07e-01	6.53e-01	1.88e-01	1.19e-02
 5.05098e+22	2.60e-10	4.14e-06	1.98e-03	4.24e-02	1.15e-01	6.54e-01	1.77e-01	1.05e-02
 5.08113e+22	2.97e-10	4.68e-06	2.20e-03	4.56e-02	1.20e-01	6.54e-01	1.69e-01	9.59e-03
 5.11170e+22	3.46e-10	5.42e-06	2.53e-03	5.01e-02	1.28e-01	6.53e-01	1.58e-01	8.44e-03
 5.14156e+22	3.94e-10	6.08e-06	2.80e-03	5.37e-02	1.33e-01	6.52e-01	1.51e-01	7.71e-03
 5.17051e+22	4.57e-10	6.99e-06	3.19e-03	5.85e-02	1.41e-01	6.49e-01	1.41e-01	6.82e-03
 5.20053e+22	5.27e-10	7.93e-06	3.56e-03	6.29e-02	1.47e-01	6.46e-01	1.34e-01	6.18e-03
 5.22616e+22	5.93e-10	8.82e-06	3.91e-03	6.69e-02	1.53e-01	6.43e-01	1.28e-01	5.65e-03
 5.25373e+22	6.86e-10	1.01e-05	4.42e-03	7.23e-02	1.60e-01	6.38e-01	1.20e-01	5.01e-03
 5.28132e+22	7.73e-10	1.12e-05	4.86e-03	7.69e-02	1.66e-01	6.33e-01	1.14e-01	4.57e-03
 5.30893e+22	9.01e-10	1.29e-05	5.47e-03	8.28e-02	1.74e-01	6.27e-01	1.07e-01	4.06e-03
 5.33764e+22	1.03e-09	1.45e-05	6.08e-03	8.84e-02	1.80e-01	6.20e-01	1.01e-01	3.65e-03
 5.36329e+22	1.17e-09	1.62e-05	6.70e-03	9.39e-02	1.86e-01	6.14e-01	9.57e-02	3.31e-03
 5.39214e+22	1.37e-09	1.87e-05	7.56e-03	1.01e-01	1.94e-01	6.05e-01	8.92e-02	2.92e-03
 5.42247e+22	1.59e-09	2.13e-05	8.44e-03	1.08e-01	2.01e-01	5.96e-01	8.34e-02	2.60e-03
 5.45004e+22	1.82e-09	2.40e-05	9.35e-03	1.15e-01	2.08e-01	5.87e-01	7.84e-02	2.33e-03
 5.48119e+22	2.18e-09	2.80e-05	1.06e-02	1.24e-01	2.16e-01	5.75e-01	7.23e-02	2.02e-03
 5.51326e+22	2.53e-09	3.20e-05	1.19e-02	1.33e-01	2.23e-01	5.64e-01	6.71e-02	1.78e-03
 5.54175e+22	2.93e-09	3.63e-05	1.32e-02	1.41e-01	2.29e-01	5.52e-01	6.26e-02	1.58e-03
 5.57400e+22	3.52e-09	4.25e-05	1.50e-02	1.52e-01	2.37e-01	5.37e-01	5.73e-02	1.36e-03
 5.60741e+22	4.14e-09	4.88e-05	1.68e-02	1.62e-01	2.44e-01	5.24e-01	5.27e-02	1.19e-03
 5.63737e+22	4.83e-09	5.56e-05	1.87e-02	1.71e-01	2.50e-01	5.10e-01	4.88e-02	1.04e-03
 5.67135e+22	5.89e-09	6.58e-05	2.13e-02	1.84e-01	2.58e-01	4.92e-01	4.40e-02	8.81e-04
 5.70640e+22	6.97e-09	7.57e-05	2.39e-02	1.96e-01	2.64e-01	4.76e-01	4.02e-02	7.61e-04
 5.74282e+22	8.62e-09	9.05e-05	2.74e-02	2.11e-01	2.70e-01	4.55e-01	3.58e-02	6.31e-04
 5.77965e+22	1.03e-08	1.05e-04	3.06e-02	2.23e-01	2.75e-01	4.38e-01	3.24e-02	5.40e-04
 5.81206e+22	1.22e-08	1.20e-04	3.41e-02	2.36e-01	2.80e-01	4.21e-01	2.94e-02	4.63e-04
 5.84927e+22	1.52e-08	1.44e-04	3.91e-02	2.52e-01	2.84e-01	3.98e-01	2.58e-02	3.78e-04
 5.88688e+22	1.81e-08	1.66e-04	4.35e-02	2.66e-01	2.88e-01	3.79e-01	2.32e-02	3.19e-04
 5.92501e+22	2.26e-08	1.99e-04	4.97e-02	2.83e-01	2.90e-01	3.56e-01	2.02e-02	2.58e-04
 5.96373e+22	2.72e-08	2.31e-04	5.53e-02	2.97e-01	2.92e-01	3.37e-01	1.79e-02	2.16e-04
 6.00321e+22	3.44e-08	2.78e-04	6.31e-02	3.15e-01	2.93e-01	3.13e-01	1.54e-02	1.71e-04
 6.04309e+22	4.15e-08	3.23e-04	7.00e-02	3.29e-01	2.92e-01	2.94e-01	1.35e-02	1.41e-04
 6.08348e+22	5.29e-08	3.90e-04	7.97e-02	3.47e-01	2.90e-01	2.70e-01	1.14e-02	1.10e-04
 6.12425e+22	6.39e-08	4.52e-04	8.81e-02	3.61e-01	2.88e-01	2.52e-01	9.99e-03	9.02e-05
 6.16550e+22	8.18e-08	5.45e-04	9.98e-02	3.78e-01	2.84e-01	2.29e-01	8.34e-03	6.92e-05
 6.20732e+22	9.94e-08	6.33e-04	1.10e-01	3.91e-01	2.79e-01	2.12e-01	7.19e-03	5.58e-05
 6.24359e+22	1.20e-07	7.28e-04	1.20e-01	4.03e-01	2.74e-01	1.96e-01	6.22e-03	4.53e-05
 6.28443e+22	1.53e-07	8.73e-04	1.35e-01	4.17e-01	2.66e-01	1.76e-01	5.13e-03	3.44e-05
 6.32340e+22	1.80e-07	9.87e-04	1.45e-01	4.26e-01	2.60e-01	1.63e-01	4.48e-03	2.84e-05
 6.35994e+22	2.24e-07	1.16e-03	1.60e-01	4.37e-01	2.52e-01	1.47e-01	3.73e-03	2.19e-05
 6.39644e+22	2.64e-07	1.30e-03	1.71e-01	4.44e-01	2.45e-01	1.35e-01	3.24e-03	1.79e-05
 6.43290e+22	3.24e-07	1.51e-03	1.87e-01	4.52e-01	2.36e-01	1.22e-01	2.70e-03	1.39e-05
 6.47074e+22	3.89e-07	1.73e-03	2.01e-01	4.57e-01	2.27e-01	1.10e-01	2.29e-03	1.10e-05
 6.50473e+22	4.61e-07	1.95e-03	2.15e-01	4.62e-01	2.19e-01	1.00e-01	1.96e-03	8.87e-06
 6.54328e+22	5.74e-07	2.28e-03	2.34e-01	4.66e-01	2.08e-01	8.87e-02	1.59e-03	6.67e-06
 6.58243e+22	6.87e-07	2.58e-03	2.50e-01	4.68e-01	1.98e-01	7.98e-02	1.34e-03	5.24e-06
 6.61712e+22	8.15e-07	2.91e-03	2.65e-01	4.69e-01	1.89e-01	7.19e-02	1.13e-03	4.14e-06
 6.65701e+22	1.02e-06	3.39e-03	2.86e-01	4.69e-01	1.77e-01	6.26e-02	8.99e-04	3.04e-06
 6.69398e+22	1.18e-06	3.76e-03	3.01e-01	4.68e-01	1.69e-01	5.68e-02	7.70e-04	2.46e-06
 6.72713e+22	1.41e-06	4.24e-03	3.19e-01	4.66e-01	1.60e-01	5.05e-02	6.37e-04	1.90e-06
 6.76106e+22	1.64e-06	4.70e-03	3.34e-01	4.63e-01	1.52e-01	4.56e-02	5.41e-04	1.52e-06
 6.79112e+22	1.89e-06	5.17e-03	3.49e-01	4.60e-01	1.44e-01	4.13e-02	4.62e-04	1.23e-06
 6.82533e+22	2.26e-06	5.84e-03	3.68e-01	4.54e-01	1.35e-01	3.63e-02	3.78e-04	9.36e-07
 6.86010e+22	2.63e-06	6.45e-03	3.84e-01	4.49e-01	1.28e-01	3.25e-02	3.18e-04	7.41e-07
 6.89071e+22	3.04e-06	7.10e-03	4.00e-01	4.43e-01	1.20e-01	2.92e-02	2.68e-04	5.90e-07
 6.92558e+22	3.63e-06	8.00e-03	4.19e-01	4.35e-01	1.12e-01	2.55e-02	2.17e-04	4.43e-07
 6.96103e+22	4.22e-06	8.82e-03	4.36e-01	4.28e-01	1.05e-01	2.27e-02	1.80e-04	3.46e-07
 6.99235e+22	4.86e-06	9.68e-03	4.52e-01	4.20e-01	9.83e-02	2.02e-02	1.51e-04	2.73e-07
 7.02819e+22	5.82e-06	1.09e-02	4.72e-01	4.10e-01	9.04e-02	1.75e-02	1.20e-04	2.01e-07
 7.06456e+22	6.76e-06	1.20e-02	4.88e-01	4.00e-01	8.42e-02	1.54e-02	9.93e-05	1.56e-07
 7.09677e+22	7.80e-06	1.32e-02	5.04e-01	3.91e-01	7.84e-02	1.37e-02	8.23e-05	0.00e+00
 7.13377e+22	9.35e-06	1.48e-02	5.24e-01	3.78e-01	7.15e-02	1.17e-02	6.45e-05	0.00e+00
 7.17137e+22	1.09e-05	1.63e-02	5.40e-01	3.68e-01	6.61e-02	1.02e-02	5.26e-05	0.00e+00
 7.20975e+22	1.30e-05	1.82e-02	5.59e-01	3.54e-01	6.00e-02	8.68e-03	4.09e-05	0.00e+00
 7.24900e+22	1.53e-05	2.02e-02	5.76e-01	3.42e-01	5.48e-02	7.49e-03	3.27e-05	0.00e+00
 7.28348e+22	1.76e-05	2.21e-02	5.90e-01	3.30e-01	5.04e-02	6.54e-03	2.65e-05	0.00e+00
 7.32239e+22	2.12e-05	2.48e-02	6.09e-01	3.16e-01	4.53e-02	5.49e-03	2.03e-05	0.00e+00
 7.36272e+22	2.47e-05	2.73e-02	6.24e-01	3.03e-01	4.12e-02	4.71e-03	1.61e-05	0.00e+00
 7.40489e+22	3.01e-05	3.09e-02	6.42e-01	2.87e-01	3.64e-02	3.87e-03	1.19e-05	0.00e+00
 7.44712e+22	3.50e-05	3.39e-02	6.55e-01	2.74e-01	3.30e-02	3.31e-03	9.40e-06	0.00e+00
 7.47904e+22	3.93e-05	3.64e-02	6.65e-01	2.65e-01	3.07e-02	2.94e-03	7.85e-06	0.00e+00
 7.51012e+22	4.53e-05	3.97e-02	6.76e-01	2.54e-01	2.79e-02	2.54e-03	6.29e-06	0.00e+00
 7.54163e+22	5.07e-05	4.25e-02	6.85e-01	2.44e-01	2.59e-02	2.26e-03	5.24e-06	0.00e+00
 7.57367e+22	5.87e-05	4.65e-02	6.95e-01	2.33e-01	2.34e-02	1.93e-03	4.14e-06	0.00e+00
 7.60585e+22	6.57e-05	4.98e-02	7.03e-01	2.24e-01	2.16e-02	1.71e-03	3.43e-06	0.00e+00
 7.63820e+22	7.60e-05	5.44e-02	7.12e-01	2.12e-01	1.95e-02	1.46e-03	2.70e-06	0.00e+00
 7.67093e+22	8.53e-05	5.84e-02	7.19e-01	2.03e-01	1.80e-02	1.28e-03	2.22e-06	0.00e+00
 7.70416e+22	9.87e-05	6.38e-02	7.27e-01	1.92e-01	1.61e-02	1.09e-03	1.73e-06	0.00e+00
 7.73792e+22	1.11e-04	6.85e-02	7.32e-01	1.83e-01	1.48e-02	9.49e-04	1.41e-06	0.00e+00
 7.77239e+22	1.29e-04	7.50e-02	7.39e-01	1.72e-01	1.32e-02	7.98e-04	1.08e-06	0.00e+00
 7.80731e+22	1.46e-04	8.06e-02	7.43e-01	1.64e-01	1.20e-02	6.92e-04	8.74e-07	0.00e+00
 7.84281e+22	1.70e-04	8.83e-02	7.47e-01	1.53e-01	1.06e-02	5.77e-04	6.65e-07	0.00e+00
 7.87894e+22	1.93e-04	9.50e-02	7.50e-01	1.45e-01	9.63e-03	4.96e-04	5.30e-07	0.00e+00
 7.91590e+22	2.25e-04	1.04e-01	7.52e-01	1.34e-01	8.49e-03	4.09e-04	3.96e-07	0.00e+00
 7.95358e+22	2.56e-04	1.12e-01	7.53e-01	1.26e-01	7.63e-03	3.49e-04	3.12e-07	0.00e+00
 7.99222e+22	3.01e-04	1.24e-01	7.53e-01	1.16e-01	6.66e-03	2.84e-04	2.29e-07	0.00e+00
 8.03165e+22	3.43e-04	1.33e-01	7.52e-01	1.09e-01	5.95e-03	2.40e-04	1.78e-07	0.00e+00
 8.07211e+22	4.06e-04	1.47e-01	7.48e-01	9.93e-02	5.14e-03	1.92e-04	1.28e-07	0.00e+00
 8.11308e+22	4.63e-04	1.58e-01	7.44e-01	9.21e-02	4.57e-03	1.61e-04	0.00e+00	0.00e+00
 8.15472e+22	5.48e-04	1.74e-01	7.38e-01	8.34e-02	3.92e-03	1.28e-04	0.00e+00	0.00e+00
 8.19699e+22	6.26e-04	1.88e-01	7.31e-01	7.69e-02	3.46e-03	1.06e-04	0.00e+00	0.00e+00
 8.24010e+22	7.40e-04	2.06e-01	7.21e-01	6.91e-02	2.95e-03	8.34e-05	0.00e+00	0.00e+00
 8.28439e+22	8.53e-04	2.23e-01	7.11e-01	6.29e-02	2.57e-03	6.78e-05	0.00e+00	0.00e+00
 8.33020e+22	1.02e-03	2.46e-01	6.95e-01	5.55e-02	2.14e-03	5.17e-05	0.00e+00	0.00e+00
 8.37606e+22	1.17e-03	2.64e-01	6.82e-01	5.03e-02	1.87e-03	4.19e-05	0.00e+00	0.00e+00
 8.42195e+22	1.39e-03	2.90e-01	6.63e-01	4.40e-02	1.56e-03	3.18e-05	0.00e+00	0.00e+00
 8.46954e+22	1.61e-03	3.13e-01	6.45e-01	3.92e-02	1.33e-03	2.51e-05	0.00e+00	0.00e+00
 8.51935e+22	1.94e-03	3.44e-01	6.19e-01	3.34e-02	1.08e-03	1.83e-05	0.00e+00	0.00e+00
 8.57022e+22	2.24e-03	3.69e-01	5.98e-01	2.94e-02	9.16e-04	1.42e-05	0.00e+00	0.00e+00
 8.62248e+22	2.72e-03	4.06e-01	5.66e-01	2.44e-02	7.27e-04	1.00e-05	0.00e+00	0.00e+00
 8.67615e+22	3.16e-03	4.36e-01	5.39e-01	2.10e-02	6.05e-04	7.54e-06	0.00e+00	0.00e+00
 8.73166e+22	3.85e-03	4.78e-01	5.01e-01	1.69e-02	4.68e-04	5.08e-06	0.00e+00	0.00e+00
 8.78941e+22	4.54e-03	5.13e-01	4.68e-01	1.41e-02	3.76e-04	3.63e-06	0.00e+00	0.00e+00
 8.85007e+22	5.60e-03	5.61e-01	4.22e-01	1.08e-02	2.79e-04	2.29e-06	0.00e+00	0.00e+00
 8.91285e+22	6.68e-03	6.01e-01	3.84e-01	8.57e-03	2.16e-04	1.54e-06	0.00e+00	0.00e+00
 8.96193e+22	7.58e-03	6.29e-01	3.56e-01	7.18e-03	1.79e-04	1.15e-06	0.00e+00	0.00e+00
 9.00927e+22	8.89e-03	6.66e-01	3.19e-01	5.63e-03	1.37e-04	7.65e-07	0.00e+00	0.00e+00
 9.05809e+22	1.02e-02	6.97e-01	2.88e-01	4.52e-03	1.09e-04	5.34e-07	0.00e+00	0.00e+00
 9.10884e+22	1.22e-02	7.35e-01	2.49e-01	3.34e-03	7.93e-05	3.28e-07	0.00e+00	0.00e+00
 9.16064e+22	1.41e-02	7.65e-01	2.19e-01	2.56e-03	6.03e-05	2.15e-07	0.00e+00	0.00e+00
 9.21378e+22	1.70e-02	8.00e-01	1.81e-01	1.78e-03	4.13e-05	1.21e-07	0.00e+00	0.00e+00
 9.25042e+22	1.82e-02	8.10e-01	1.70e-01	1.58e-03	3.67e-05	0.00e+00	0.00e+00	0.00e+00
