#depth	Cl	Cl+	Cl+2	Cl+3	Cl+4	Cl+5	Cl+6	Cl+7	Cl+8	Cl+9	Cl+10	Cl+11	Cl+12	Cl+13	Cl+14	Cl+15	Cl+16	Cl+17
 4.62852e+21	0.00e+00	0.00e+00	0.00e+00	0.00e+00	0.00e+00	1.99e-23	2.55e-20	4.44e-17	2.20e-14	4.81e-12	5.06e-10	3.25e-08	1.23e-06	3.02e-05	8.15e-04	4.05e-02	2.91e-01	6.68e-01
 1.05693e+22	0.00e+00	0.00e+00	0.00e+00	0.00e+00	4.18e-25	6.91e-22	6.31e-19	1.54e-15	5.22e-13	7.84e-11	5.66e-09	2.50e-07	6.51e-06	1.11e-04	2.08e-03	7.19e-02	3.57e-01	5.69e-01
 1.27604e+22	0.00e+00	0.00e+00	0.00e+00	2.49e-27	5.20e-24	6.89e-21	8.56e-18	1.64e-14	4.33e-12	5.06e-10	2.84e-08	9.77e-07	1.98e-05	2.62e-04	3.83e-03	1.03e-01	3.99e-01	4.94e-01
 1.43425e+22	0.00e+00	0.00e+00	5.94e-30	3.59e-26	6.26e-23	6.87e-20	6.96e-17	1.10e-13	2.40e-11	2.30e-09	1.05e-07	2.96e-06	4.88e-05	5.24e-04	6.22e-03	1.37e-01	4.28e-01	4.29e-01
 1.52214e+22	0.00e+00	0.00e+00	1.23e-29	7.09e-26	1.18e-22	1.23e-19	1.18e-16	1.79e-13	3.70e-11	3.37e-09	1.47e-07	3.92e-06	6.14e-05	6.25e-04	7.02e-03	1.46e-01	4.34e-01	4.12e-01
 1.54976e+22	0.00e+00	0.00e+00	1.89e-29	1.07e-25	1.72e-22	1.75e-19	1.62e-16	2.39e-13	4.80e-11	4.25e-09	1.80e-07	4.65e-06	7.05e-05	6.94e-04	7.55e-03	1.52e-01	4.37e-01	4.02e-01
 1.57286e+22	0.00e+00	0.00e+00	3.27e-29	1.78e-25	2.77e-22	2.70e-19	2.41e-16	3.44e-13	6.66e-11	5.67e-09	2.31e-07	5.75e-06	8.39e-05	7.92e-04	8.27e-03	1.60e-01	4.41e-01	3.90e-01
 1.59631e+22	0.00e+00	0.00e+00	5.05e-29	2.68e-25	4.04e-22	3.83e-19	3.31e-16	4.59e-13	8.63e-11	7.14e-09	2.82e-07	6.81e-06	9.62e-05	8.79e-04	8.88e-03	1.67e-01	4.44e-01	3.80e-01
 1.62023e+22	0.00e+00	0.00e+00	8.49e-29	4.36e-25	6.35e-22	5.81e-19	4.82e-16	6.48e-13	1.18e-10	9.40e-09	3.58e-07	8.34e-06	1.13e-04	9.96e-04	9.67e-03	1.74e-01	4.47e-01	3.68e-01
 1.64546e+22	0.00e+00	0.00e+00	1.40e-28	6.98e-25	9.82e-22	8.65e-19	6.91e-16	9.03e-13	1.59e-10	1.22e-08	4.51e-07	1.01e-05	1.33e-04	1.12e-03	1.05e-02	1.82e-01	4.50e-01	3.56e-01
 1.66692e+22	0.00e+00	0.00e+00	2.16e-28	1.05e-24	1.43e-21	1.22e-18	9.41e-16	1.20e-12	2.05e-10	1.54e-08	5.49e-07	1.20e-05	1.52e-04	1.25e-03	1.13e-02	1.89e-01	4.52e-01	3.46e-01
 1.68632e+22	0.00e+00	0.00e+00	3.20e-28	1.51e-24	2.01e-21	1.67e-18	1.25e-15	1.56e-12	2.59e-10	1.89e-08	6.57e-07	1.40e-05	1.72e-04	1.37e-03	1.20e-02	1.96e-01	4.54e-01	3.37e-01
 1.70850e+22	0.00e+00	0.00e+00	5.37e-28	2.45e-24	3.14e-21	2.51e-18	1.80e-15	2.18e-12	3.51e-10	2.48e-08	8.33e-07	1.71e-05	2.03e-04	1.54e-03	1.30e-02	2.05e-01	4.55e-01	3.25e-01
 1.73138e+22	0.00e+00	0.00e+00	8.46e-28	3.76e-24	4.64e-21	3.59e-18	2.49e-15	2.93e-12	4.60e-10	3.15e-08	1.02e-06	2.04e-05	2.34e-04	1.72e-03	1.40e-02	2.12e-01	4.57e-01	3.15e-01
 1.75165e+22	0.00e+00	0.00e+00	1.31e-27	5.64e-24	6.76e-21	5.05e-18	3.38e-15	3.90e-12	5.94e-10	3.96e-08	1.25e-06	2.41e-05	2.69e-04	1.91e-03	1.50e-02	2.20e-01	4.57e-01	3.05e-01
 1.77449e+22	0.00e+00	1.64e-31	2.27e-27	9.43e-24	1.08e-20	7.78e-18	4.98e-15	5.57e-12	8.20e-10	5.28e-08	1.61e-06	2.98e-05	3.20e-04	2.17e-03	1.63e-02	2.30e-01	4.58e-01	2.93e-01
 1.79768e+22	0.00e+00	2.64e-31	3.55e-27	1.43e-23	1.60e-20	1.11e-17	6.84e-15	7.45e-12	1.07e-09	6.67e-08	1.97e-06	3.55e-05	3.68e-04	2.41e-03	1.75e-02	2.38e-01	4.58e-01	2.83e-01
 1.81765e+22	0.00e+00	4.22e-31	5.49e-27	2.15e-23	2.32e-20	1.55e-17	9.25e-15	9.87e-12	1.38e-09	8.37e-08	2.40e-06	4.20e-05	4.22e-04	2.67e-03	1.87e-02	2.47e-01	4.58e-01	2.74e-01
 1.83669e+22	0.00e+00	6.46e-31	8.19e-27	3.13e-23	3.27e-20	2.12e-17	1.23e-14	1.28e-11	1.74e-09	1.03e-07	2.88e-06	4.90e-05	4.78e-04	2.92e-03	1.99e-02	2.54e-01	4.58e-01	2.65e-01
 1.85821e+22	0.00e+00	1.12e-30	1.37e-26	5.04e-23	5.07e-20	3.17e-17	1.75e-14	1.78e-11	2.35e-09	1.35e-07	3.63e-06	5.97e-05	5.60e-04	3.29e-03	2.15e-02	2.64e-01	4.57e-01	2.54e-01
 1.88034e+22	0.00e+00	1.83e-30	2.16e-26	7.71e-23	7.47e-20	4.50e-17	2.39e-14	2.38e-11	3.06e-09	1.71e-07	4.46e-06	7.12e-05	6.47e-04	3.66e-03	2.31e-02	2.73e-01	4.55e-01	2.44e-01
 1.89966e+22	0.00e+00	2.85e-30	3.27e-26	1.13e-22	1.07e-19	6.22e-17	3.19e-14	3.11e-11	3.90e-09	2.12e-07	5.38e-06	8.35e-05	7.35e-04	4.02e-03	2.45e-02	2.81e-01	4.54e-01	2.36e-01
 1.92119e+22	0.00e+00	5.00e-30	5.52e-26	1.85e-22	1.67e-19	9.32e-17	4.58e-14	4.35e-11	5.29e-09	2.78e-07	6.82e-06	1.02e-04	8.64e-04	4.53e-03	2.65e-02	2.92e-01	4.51e-01	2.25e-01
 1.94272e+22	0.00e+00	7.98e-30	8.54e-26	2.77e-22	2.41e-19	1.30e-16	6.16e-14	5.74e-11	6.81e-09	3.48e-07	8.30e-06	1.21e-04	9.89e-04	5.00e-03	2.82e-02	3.00e-01	4.49e-01	2.16e-01
 1.96104e+22	0.00e+00	1.22e-29	1.27e-25	4.00e-22	3.38e-19	1.77e-16	8.08e-14	7.38e-11	8.57e-09	4.27e-07	9.92e-06	1.40e-04	1.12e-03	5.46e-03	2.99e-02	3.08e-01	4.47e-01	2.08e-01
 1.98166e+22	0.00e+00	2.10e-29	2.10e-25	6.41e-22	5.19e-19	2.61e-16	1.14e-13	1.02e-10	1.15e-08	5.55e-07	1.25e-05	1.70e-04	1.31e-03	6.12e-03	3.21e-02	3.19e-01	4.43e-01	1.99e-01
 2.00272e+22	0.00e+00	3.35e-29	3.25e-25	9.60e-22	7.51e-19	3.63e-16	1.53e-13	1.34e-10	1.47e-08	6.95e-07	1.52e-05	2.01e-04	1.49e-03	6.75e-03	3.42e-02	3.27e-01	4.40e-01	1.90e-01
 2.02112e+22	0.00e+00	5.17e-29	4.88e-25	1.40e-21	1.06e-18	4.96e-16	2.01e-13	1.73e-10	1.86e-08	8.57e-07	1.82e-05	2.35e-04	1.69e-03	7.38e-03	3.61e-02	3.36e-01	4.36e-01	1.83e-01
 2.04182e+22	0.00e+00	8.91e-29	8.09e-25	2.24e-21	1.63e-18	7.30e-16	2.84e-13	2.39e-10	2.50e-08	1.11e-06	2.28e-05	2.84e-04	1.97e-03	8.25e-03	3.87e-02	3.46e-01	4.31e-01	1.73e-01
 2.06320e+22	0.00e+00	1.44e-28	1.27e-24	3.40e-21	2.38e-18	1.03e-15	3.83e-13	3.16e-10	3.23e-08	1.40e-06	2.79e-05	3.37e-04	2.26e-03	9.10e-03	4.12e-02	3.55e-01	4.27e-01	1.66e-01
 2.08214e+22	0.00e+00	2.28e-28	1.94e-24	5.03e-21	3.40e-18	1.41e-15	5.08e-13	4.13e-10	4.12e-08	1.74e-06	3.37e-05	3.96e-04	2.57e-03	9.98e-03	4.36e-02	3.63e-01	4.22e-01	1.58e-01
 2.10052e+22	0.00e+00	3.56e-28	2.93e-24	7.39e-21	4.82e-18	1.94e-15	6.69e-13	5.35e-10	5.22e-08	2.15e-06	4.05e-05	4.63e-04	2.91e-03	1.09e-02	4.60e-02	3.72e-01	4.17e-01	1.51e-01
 2.12152e+22	0.00e+00	6.18e-28	4.91e-24	1.19e-20	7.44e-18	2.86e-15	9.43e-13	7.38e-10	7.01e-08	2.80e-06	5.09e-05	5.62e-04	3.39e-03	1.22e-02	4.92e-02	3.81e-01	4.10e-01	1.43e-01
 2.14315e+22	0.00e+00	1.03e-27	7.90e-24	1.85e-20	1.11e-17	4.07e-15	1.28e-12	9.90e-10	9.18e-08	3.57e-06	6.29e-05	6.73e-04	3.92e-03	1.35e-02	5.23e-02	3.91e-01	4.04e-01	1.35e-01
 2.16192e+22	0.00e+00	1.61e-27	1.19e-23	2.70e-20	1.57e-17	5.56e-15	1.69e-12	1.28e-09	1.16e-07	4.41e-06	7.56e-05	7.85e-04	4.43e-03	1.47e-02	5.51e-02	3.98e-01	3.98e-01	1.29e-01
 2.18261e+22	0.00e+00	2.78e-27	1.98e-23	4.33e-20	2.40e-17	8.15e-15	2.36e-12	1.76e-09	1.55e-07	5.72e-06	9.47e-05	9.49e-04	5.15e-03	1.64e-02	5.87e-02	4.07e-01	3.90e-01	1.21e-01
 2.20335e+22	0.00e+00	4.35e-27	3.01e-23	6.37e-20	3.41e-17	1.11e-14	3.11e-12	2.28e-09	1.97e-07	7.08e-06	1.14e-04	1.11e-03	5.82e-03	1.78e-02	6.18e-02	4.15e-01	3.84e-01	1.15e-01
 2.22120e+22	0.00e+00	6.85e-27	4.58e-23	9.37e-20	4.82e-17	1.52e-14	4.06e-12	2.94e-09	2.49e-07	8.76e-06	1.37e-04	1.30e-03	6.58e-03	1.95e-02	6.50e-02	4.22e-01	3.77e-01	1.09e-01
 2.23856e+22	0.00e+00	1.04e-26	6.74e-23	1.34e-19	6.66e-17	2.02e-14	5.22e-12	3.73e-09	3.11e-07	1.07e-05	1.62e-04	1.49e-03	7.37e-03	2.11e-02	6.80e-02	4.28e-01	3.70e-01	1.04e-01
 2.25488e+22	0.00e+00	1.53e-26	9.67e-23	1.87e-19	8.99e-17	2.64e-14	6.58e-12	4.66e-09	3.81e-07	1.28e-05	1.90e-04	1.71e-03	8.18e-03	2.27e-02	7.09e-02	4.34e-01	3.64e-01	9.89e-02
 2.27033e+22	0.00e+00	2.29e-26	1.40e-22	2.62e-19	1.22e-16	3.46e-14	8.30e-12	5.82e-09	4.68e-07	1.54e-05	2.24e-04	1.96e-03	9.11e-03	2.44e-02	7.39e-02	4.39e-01	3.57e-01	9.41e-02
 2.28537e+22	0.00e+00	3.30e-26	1.97e-22	3.59e-19	1.62e-16	4.44e-14	1.03e-11	7.16e-09	5.67e-07	1.83e-05	2.59e-04	2.22e-03	1.00e-02	2.61e-02	7.68e-02	4.44e-01	3.51e-01	8.98e-02
 2.29945e+22	0.00e+00	4.68e-26	2.72e-22	4.83e-19	2.11e-16	5.61e-14	1.26e-11	8.70e-09	6.80e-07	2.16e-05	2.99e-04	2.50e-03	1.10e-02	2.79e-02	7.96e-02	4.48e-01	3.45e-01	8.59e-02
 2.31262e+22	0.00e+00	6.55e-26	3.71e-22	6.42e-19	2.73e-16	7.03e-14	1.53e-11	1.05e-08	8.08e-07	2.52e-05	3.42e-04	2.80e-03	1.21e-02	2.96e-02	8.23e-02	4.52e-01	3.38e-01	8.22e-02
 2.32745e+22	0.00e+00	9.91e-26	5.44e-22	9.12e-19	3.73e-16	9.28e-14	1.95e-11	1.32e-08	1.00e-06	3.06e-05	4.04e-04	3.22e-03	1.34e-02	3.19e-02	8.57e-02	4.57e-01	3.31e-01	7.78e-02
 2.34198e+22	0.00e+00	1.37e-25	7.36e-22	1.20e-18	4.78e-16	1.15e-13	2.35e-11	1.58e-08	1.18e-06	3.55e-05	4.60e-04	3.59e-03	1.46e-02	3.38e-02	8.84e-02	4.60e-01	3.25e-01	7.44e-02
 2.35403e+22	0.00e+00	1.88e-25	9.85e-22	1.57e-18	6.06e-16	1.42e-13	2.80e-11	1.88e-08	1.39e-06	4.11e-05	5.22e-04	3.99e-03	1.59e-02	3.57e-02	9.11e-02	4.63e-01	3.19e-01	7.12e-02
 2.36759e+22	0.00e+00	2.79e-25	1.42e-21	2.19e-18	8.16e-16	1.84e-13	3.50e-11	2.34e-08	1.70e-06	4.93e-05	6.10e-04	4.55e-03	1.76e-02	3.83e-02	9.44e-02	4.66e-01	3.11e-01	6.74e-02
 2.38078e+22	0.00e+00	3.79e-25	1.88e-21	2.83e-18	1.03e-15	2.25e-13	4.14e-11	2.76e-08	1.99e-06	5.67e-05	6.89e-04	5.03e-03	1.90e-02	4.04e-02	9.70e-02	4.68e-01	3.05e-01	6.45e-02
 2.39160e+22	0.00e+00	5.07e-25	2.45e-21	3.61e-18	1.27e-15	2.71e-13	4.86e-11	3.23e-08	2.30e-06	6.48e-05	7.73e-04	5.54e-03	2.05e-02	4.24e-02	9.95e-02	4.70e-01	2.99e-01	6.19e-02
 2.40379e+22	0.00e+00	7.22e-25	3.40e-21	4.86e-18	1.66e-15	3.42e-13	5.91e-11	3.91e-08	2.75e-06	7.62e-05	8.89e-04	6.22e-03	2.24e-02	4.50e-02	1.03e-01	4.72e-01	2.92e-01	5.87e-02
 2.41638e+22	0.00e+00	9.98e-25	4.58e-21	6.36e-18	2.10e-15	4.20e-13	7.03e-11	4.65e-08	3.24e-06	8.83e-05	1.01e-03	6.91e-03	2.43e-02	4.75e-02	1.05e-01	4.74e-01	2.85e-01	5.60e-02
 2.42737e+22	0.00e+00	1.33e-24	5.96e-21	8.09e-18	2.60e-15	5.05e-13	8.22e-11	5.42e-08	3.74e-06	1.01e-04	1.13e-03	7.59e-03	2.61e-02	4.98e-02	1.08e-01	4.74e-01	2.79e-01	5.36e-02
 2.43954e+22	0.00e+00	1.91e-24	8.33e-21	1.10e-17	3.40e-15	6.37e-13	1.00e-10	6.58e-08	4.49e-06	1.19e-04	1.30e-03	8.53e-03	2.85e-02	5.28e-02	1.11e-01	4.75e-01	2.72e-01	5.06e-02
 2.45141e+22	0.00e+00	2.53e-24	1.08e-20	1.38e-17	4.18e-15	7.61e-13	1.16e-10	7.64e-08	5.16e-06	1.35e-04	1.45e-03	9.33e-03	3.06e-02	5.53e-02	1.13e-01	4.76e-01	2.66e-01	4.84e-02
 2.46133e+22	0.00e+00	3.37e-24	1.40e-20	1.75e-17	5.14e-15	9.08e-13	1.35e-10	8.86e-08	5.95e-06	1.53e-04	1.62e-03	1.02e-02	3.28e-02	5.78e-02	1.16e-01	4.76e-01	2.60e-01	4.63e-02
 2.47105e+22	0.00e+00	4.38e-24	1.78e-20	2.18e-17	6.24e-15	1.07e-12	1.55e-10	1.02e-07	6.78e-06	1.72e-04	1.79e-03	1.11e-02	3.49e-02	6.03e-02	1.18e-01	4.75e-01	2.54e-01	4.43e-02
 2.48210e+22	0.00e+00	6.22e-24	2.46e-20	2.91e-17	8.03e-15	1.33e-12	1.85e-10	1.22e-07	8.05e-06	2.01e-04	2.05e-03	1.24e-02	3.80e-02	6.36e-02	1.21e-01	4.74e-01	2.47e-01	4.18e-02
 2.49330e+22	0.00e+00	8.41e-24	3.24e-20	3.73e-17	9.97e-15	1.60e-12	2.15e-10	1.43e-07	9.33e-06	2.30e-04	2.30e-03	1.37e-02	4.08e-02	6.66e-02	1.23e-01	4.73e-01	2.40e-01	3.97e-02
 2.50297e+22	0.00e+00	1.09e-23	4.12e-20	4.63e-17	1.21e-14	1.88e-12	2.47e-10	1.64e-07	1.06e-05	2.59e-04	2.54e-03	1.48e-02	4.34e-02	6.93e-02	1.25e-01	4.72e-01	2.34e-01	3.80e-02
 2.51381e+22	0.00e+00	1.59e-23	5.78e-20	6.27e-17	1.57e-14	2.34e-12	2.95e-10	1.97e-07	1.27e-05	3.05e-04	2.92e-03	1.66e-02	4.73e-02	7.31e-02	1.28e-01	4.70e-01	2.26e-01	3.56e-02
 2.52470e+22	0.00e+00	2.11e-23	7.50e-20	7.91e-17	1.92e-14	2.78e-12	3.40e-10	2.28e-07	1.46e-05	3.45e-04	3.25e-03	1.81e-02	5.05e-02	7.62e-02	1.30e-01	4.68e-01	2.20e-01	3.38e-02
 2.53566e+22	0.00e+00	3.07e-23	1.05e-19	1.07e-16	2.50e-14	3.47e-12	4.07e-10	2.75e-07	1.74e-05	4.06e-04	3.73e-03	2.03e-02	5.50e-02	8.03e-02	1.33e-01	4.64e-01	2.12e-01	3.16e-02
 2.54640e+22	0.00e+00	4.04e-23	1.35e-19	1.34e-16	3.03e-14	4.08e-12	4.64e-10	3.15e-07	1.99e-05	4.58e-04	4.14e-03	2.21e-02	5.85e-02	8.34e-02	1.35e-01	4.61e-01	2.06e-01	3.00e-02
 2.55683e+22	0.00e+00	5.89e-23	1.90e-19	1.81e-16	3.93e-14	5.06e-12	5.52e-10	3.79e-07	2.38e-05	5.39e-04	4.75e-03	2.47e-02	6.35e-02	8.77e-02	1.37e-01	4.56e-01	1.97e-01	2.79e-02
 2.56722e+22	0.00e+00	7.69e-23	2.43e-19	2.25e-16	4.74e-14	5.92e-12	6.27e-10	4.33e-07	2.70e-05	6.04e-04	5.23e-03	2.67e-02	6.73e-02	9.08e-02	1.39e-01	4.53e-01	1.91e-01	2.65e-02
 2.57755e+22	0.00e+00	1.13e-22	3.44e-19	3.06e-16	6.16e-14	7.33e-12	7.43e-10	5.21e-07	3.23e-05	7.12e-04	6.01e-03	2.99e-02	7.31e-02	9.54e-02	1.41e-01	4.47e-01	1.83e-01	2.45e-02
 2.58759e+22	0.00e+00	1.46e-22	4.34e-19	3.76e-16	7.35e-14	8.50e-12	8.37e-10	5.90e-07	3.64e-05	7.94e-04	6.59e-03	3.22e-02	7.71e-02	9.84e-02	1.42e-01	4.42e-01	1.77e-01	2.33e-02
 2.59725e+22	0.00e+00	2.11e-22	6.05e-19	5.04e-16	9.41e-14	1.04e-11	9.80e-10	7.02e-07	4.31e-05	9.26e-04	7.51e-03	3.57e-02	8.32e-02	1.03e-01	1.43e-01	4.35e-01	1.69e-01	2.16e-02
 2.60696e+22	0.00e+00	2.75e-22	7.70e-19	6.23e-16	1.13e-13	1.21e-11	1.10e-09	7.98e-07	4.87e-05	1.04e-03	8.25e-03	3.85e-02	8.78e-02	1.06e-01	1.44e-01	4.30e-01	1.63e-01	2.04e-02
 2.61671e+22	0.00e+00	4.02e-22	1.08e-18	8.40e-16	1.45e-13	1.48e-11	1.29e-09	9.51e-07	5.78e-05	1.21e-03	9.41e-03	4.27e-02	9.46e-02	1.11e-01	1.46e-01	4.22e-01	1.55e-01	1.87e-02
 2.62650e+22	0.00e+00	5.31e-22	1.39e-18	1.05e-15	1.75e-13	1.72e-11	1.46e-09	1.08e-06	6.55e-05	1.36e-03	1.04e-02	4.60e-02	9.98e-02	1.14e-01	1.46e-01	4.15e-01	1.49e-01	1.76e-02
 2.63633e+22	0.00e+00	7.83e-22	1.97e-18	1.42e-15	2.25e-13	2.10e-11	1.70e-09	1.29e-06	7.79e-05	1.59e-03	1.18e-02	5.11e-02	1.07e-01	1.19e-01	1.47e-01	4.05e-01	1.41e-01	1.61e-02
 2.64623e+22	0.00e+00	1.04e-21	2.55e-18	1.78e-15	2.73e-13	2.45e-11	1.92e-09	1.47e-06	8.85e-05	1.78e-03	1.30e-02	5.51e-02	1.13e-01	1.22e-01	1.47e-01	3.98e-01	1.35e-01	1.50e-02
 2.65620e+22	0.00e+00	1.53e-21	3.60e-18	2.39e-15	3.50e-13	2.99e-11	2.24e-09	1.75e-06	1.05e-04	2.08e-03	1.48e-02	6.07e-02	1.21e-01	1.26e-01	1.47e-01	3.87e-01	1.27e-01	1.37e-02
 2.66612e+22	0.00e+00	2.05e-21	4.68e-18	3.00e-15	4.23e-13	3.48e-11	2.51e-09	1.99e-06	1.19e-04	2.33e-03	1.63e-02	6.54e-02	1.27e-01	1.29e-01	1.47e-01	3.78e-01	1.21e-01	1.27e-02
 2.67595e+22	0.00e+00	3.01e-21	6.60e-18	4.04e-15	5.42e-13	4.24e-11	2.91e-09	2.36e-06	1.40e-04	2.71e-03	1.84e-02	7.19e-02	1.36e-01	1.33e-01	1.47e-01	3.66e-01	1.13e-01	1.15e-02
 2.68590e+22	0.00e+00	4.08e-21	8.65e-18	5.10e-15	6.58e-13	4.94e-11	3.27e-09	2.69e-06	1.59e-04	3.04e-03	2.02e-02	7.73e-02	1.43e-01	1.37e-01	1.46e-01	3.56e-01	1.07e-01	1.07e-02
 2.69600e+22	0.00e+00	6.07e-21	1.23e-17	6.93e-15	8.48e-13	6.02e-11	3.80e-09	3.18e-06	1.88e-04	3.53e-03	2.29e-02	8.48e-02	1.52e-01	1.40e-01	1.45e-01	3.43e-01	9.97e-02	9.56e-03
 2.70622e+22	0.00e+00	8.30e-21	1.63e-17	8.80e-15	1.03e-12	7.03e-11	4.27e-09	3.63e-06	2.14e-04	3.97e-03	2.52e-02	9.10e-02	1.59e-01	1.43e-01	1.43e-01	3.32e-01	9.39e-02	8.76e-03
 2.71662e+22	0.00e+00	1.25e-20	2.35e-17	1.20e-14	1.34e-12	8.59e-11	4.96e-09	4.30e-06	2.52e-04	4.61e-03	2.84e-02	9.96e-02	1.68e-01	1.46e-01	1.41e-01	3.17e-01	8.65e-02	7.78e-03
 2.72707e+22	0.00e+00	1.71e-20	3.10e-17	1.53e-14	1.63e-12	1.00e-10	5.56e-09	4.89e-06	2.85e-04	5.16e-03	3.12e-02	1.06e-01	1.76e-01	1.48e-01	1.39e-01	3.06e-01	8.10e-02	7.09e-03
 2.73758e+22	0.00e+00	2.58e-20	4.48e-17	2.09e-14	2.11e-12	1.22e-10	6.45e-09	5.76e-06	3.35e-04	5.97e-03	3.50e-02	1.16e-01	1.85e-01	1.51e-01	1.36e-01	2.90e-01	7.41e-02	6.25e-03
 2.74785e+22	0.00e+00	3.45e-20	5.80e-17	2.61e-14	2.53e-12	1.41e-10	7.17e-09	6.46e-06	3.74e-04	6.60e-03	3.80e-02	1.23e-01	1.92e-01	1.52e-01	1.34e-01	2.79e-01	6.94e-02	5.71e-03
 2.75779e+22	0.00e+00	5.05e-20	8.13e-17	3.48e-14	3.21e-12	1.69e-10	8.21e-09	7.48e-06	4.31e-04	7.50e-03	4.21e-02	1.32e-01	2.00e-01	1.54e-01	1.31e-01	2.65e-01	6.36e-02	5.05e-03
 2.76793e+22	0.00e+00	6.84e-20	1.06e-16	4.37e-14	3.87e-12	1.96e-10	9.16e-09	8.39e-06	4.82e-04	8.29e-03	4.56e-02	1.39e-01	2.06e-01	1.55e-01	1.28e-01	2.53e-01	5.91e-02	4.57e-03
 2.77833e+22	0.00e+00	1.01e-19	1.50e-16	5.86e-14	4.93e-12	2.36e-10	1.05e-08	9.70e-06	5.54e-04	9.40e-03	5.04e-02	1.49e-01	2.14e-01	1.55e-01	1.24e-01	2.39e-01	5.37e-02	4.00e-03
 2.78889e+22	0.00e+00	1.36e-19	1.96e-16	7.37e-14	5.95e-12	2.73e-10	1.17e-08	1.08e-05	6.17e-04	1.03e-02	5.43e-02	1.57e-01	2.20e-01	1.55e-01	1.21e-01	2.27e-01	4.97e-02	3.61e-03
 2.79966e+22	0.00e+00	2.02e-19	2.78e-16	9.91e-14	7.60e-12	3.30e-10	1.35e-08	1.25e-05	7.06e-04	1.17e-02	5.98e-02	1.67e-01	2.27e-01	1.55e-01	1.17e-01	2.13e-01	4.49e-02	3.14e-03
 2.81064e+22	0.00e+00	2.72e-19	3.64e-16	1.24e-13	9.18e-12	3.83e-10	1.51e-08	1.39e-05	7.82e-04	1.28e-02	6.42e-02	1.75e-01	2.32e-01	1.55e-01	1.14e-01	2.02e-01	4.14e-02	2.81e-03
 2.82187e+22	0.00e+00	4.05e-19	5.17e-16	1.68e-13	1.17e-11	4.64e-10	1.74e-08	1.60e-05	8.92e-04	1.44e-02	7.03e-02	1.86e-01	2.39e-01	1.54e-01	1.09e-01	1.88e-01	3.70e-02	2.42e-03
 2.83334e+22	0.00e+00	5.46e-19	6.75e-16	2.11e-13	1.42e-11	5.38e-10	1.95e-08	1.77e-05	9.84e-04	1.57e-02	7.51e-02	1.94e-01	2.43e-01	1.52e-01	1.05e-01	1.78e-01	3.40e-02	2.16e-03
 2.84513e+22	0.00e+00	8.08e-19	9.58e-16	2.84e-13	1.82e-11	6.53e-10	2.26e-08	2.03e-05	1.11e-03	1.75e-02	8.18e-02	2.04e-01	2.48e-01	1.50e-01	1.01e-01	1.64e-01	3.03e-02	1.85e-03
 2.85693e+22	0.00e+00	1.08e-18	1.24e-15	3.55e-13	2.19e-11	7.56e-10	2.52e-08	2.24e-05	1.22e-03	1.90e-02	8.69e-02	2.11e-01	2.51e-01	1.49e-01	9.69e-02	1.55e-01	2.77e-02	1.65e-03
 2.86875e+22	3.32e-32	1.58e-18	1.74e-15	4.73e-13	2.78e-11	9.12e-10	2.91e-08	2.54e-05	1.37e-03	2.10e-02	9.39e-02	2.21e-01	2.55e-01	1.46e-01	9.22e-02	1.43e-01	2.47e-02	1.42e-03
 2.88086e+22	4.57e-32	2.12e-18	2.26e-15	5.92e-13	3.35e-11	1.06e-09	3.26e-08	2.80e-05	1.50e-03	2.28e-02	9.95e-02	2.29e-01	2.58e-01	1.44e-01	8.85e-02	1.34e-01	2.25e-02	1.25e-03
 2.89334e+22	6.91e-32	3.10e-18	3.18e-15	7.93e-13	4.27e-11	1.28e-09	3.78e-08	3.17e-05	1.68e-03	2.51e-02	1.07e-01	2.38e-01	2.60e-01	1.40e-01	8.37e-02	1.23e-01	1.98e-02	1.06e-03
 2.90544e+22	9.13e-32	4.00e-18	4.00e-15	9.65e-13	5.04e-11	1.47e-09	4.18e-08	3.46e-05	1.81e-03	2.68e-02	1.12e-01	2.44e-01	2.61e-01	1.38e-01	8.05e-02	1.16e-01	1.82e-02	9.52e-04
 2.91703e+22	1.32e-31	5.63e-18	5.42e-15	1.25e-12	6.27e-11	1.74e-09	4.78e-08	3.86e-05	2.00e-03	2.92e-02	1.20e-01	2.52e-01	2.62e-01	1.34e-01	7.63e-02	1.07e-01	1.62e-02	8.19e-04
 2.92890e+22	1.75e-31	7.31e-18	6.85e-15	1.53e-12	7.44e-11	2.00e-09	5.31e-08	4.20e-05	2.16e-03	3.11e-02	1.25e-01	2.58e-01	2.63e-01	1.32e-01	7.31e-02	1.00e-01	1.48e-02	7.29e-04
 2.94114e+22	2.56e-31	1.04e-17	9.36e-15	2.00e-12	9.31e-11	2.39e-09	6.10e-08	4.69e-05	2.38e-03	3.39e-02	1.33e-01	2.66e-01	2.63e-01	1.28e-01	6.89e-02	9.20e-02	1.31e-02	6.21e-04
 2.95355e+22	3.38e-31	1.34e-17	1.18e-14	2.44e-12	1.10e-10	2.74e-09	6.78e-08	5.10e-05	2.56e-03	3.60e-02	1.39e-01	2.71e-01	2.62e-01	1.25e-01	6.58e-02	8.62e-02	1.19e-02	5.51e-04
 2.96616e+22	4.92e-31	1.89e-17	1.60e-14	3.18e-12	1.38e-10	3.27e-09	7.79e-08	5.69e-05	2.82e-03	3.90e-02	1.47e-01	2.78e-01	2.61e-01	1.20e-01	6.19e-02	7.87e-02	1.05e-02	4.68e-04
 2.97856e+22	6.36e-31	2.39e-17	1.98e-14	3.82e-12	1.61e-10	3.71e-09	8.60e-08	6.14e-05	3.01e-03	4.12e-02	1.53e-01	2.82e-01	2.60e-01	1.17e-01	5.92e-02	7.38e-02	9.61e-03	4.18e-04
 2.99068e+22	9.00e-31	3.29e-17	2.64e-14	4.89e-12	1.98e-10	4.39e-09	9.80e-08	6.79e-05	3.28e-03	4.43e-02	1.61e-01	2.88e-01	2.59e-01	1.13e-01	5.56e-02	6.76e-02	8.50e-03	3.58e-04
 3.00304e+22	1.17e-30	4.17e-17	3.27e-14	5.88e-12	2.32e-10	4.99e-09	1.08e-07	7.34e-05	3.50e-03	4.67e-02	1.66e-01	2.92e-01	2.57e-01	1.10e-01	5.31e-02	6.32e-02	7.75e-03	3.18e-04
 3.01572e+22	1.65e-30	5.75e-17	4.35e-14	7.54e-12	2.86e-10	5.91e-09	1.24e-07	8.12e-05	3.81e-03	5.01e-02	1.75e-01	2.97e-01	2.54e-01	1.06e-01	4.97e-02	5.77e-02	6.83e-03	2.70e-04
 3.02865e+22	2.15e-30	7.32e-17	5.41e-14	9.10e-12	3.35e-10	6.74e-09	1.37e-07	8.79e-05	4.07e-03	5.28e-02	1.81e-01	3.00e-01	2.52e-01	1.03e-01	4.73e-02	5.37e-02	6.19e-03	2.39e-04
 3.04189e+22	3.06e-30	1.01e-16	7.23e-14	1.17e-11	4.15e-10	8.01e-09	1.57e-07	9.73e-05	4.43e-03	5.66e-02	1.89e-01	3.05e-01	2.48e-01	9.82e-02	4.41e-02	4.88e-02	5.43e-03	2.02e-04
 3.05536e+22	1.03e-30	1.29e-16	9.00e-14	1.41e-11	4.88e-10	9.15e-09	1.75e-07	1.05e-04	4.73e-03	5.96e-02	1.96e-01	3.08e-01	2.45e-01	9.48e-02	4.18e-02	4.53e-02	4.90e-03	1.78e-04
 3.06914e+22	1.46e-30	1.78e-16	1.20e-13	1.82e-11	6.04e-10	1.09e-08	2.01e-07	1.17e-04	5.15e-03	6.37e-02	2.04e-01	3.11e-01	2.41e-01	9.04e-02	3.89e-02	4.10e-02	4.28e-03	1.50e-04
 3.08318e+22	1.91e-30	2.27e-16	1.50e-13	2.20e-11	7.12e-10	1.25e-08	2.23e-07	1.27e-04	5.50e-03	6.70e-02	2.11e-01	3.13e-01	2.37e-01	8.71e-02	3.67e-02	3.79e-02	3.85e-03	1.31e-04
 3.09756e+22	2.72e-30	3.14e-16	2.01e-13	2.84e-11	8.84e-10	1.49e-08	2.57e-07	1.40e-04	5.98e-03	7.16e-02	2.20e-01	3.16e-01	2.33e-01	8.27e-02	3.40e-02	3.41e-02	3.34e-03	1.10e-04
 3.11161e+22	3.44e-30	3.90e-16	2.44e-13	3.37e-11	1.03e-09	1.68e-08	2.84e-07	1.51e-04	6.34e-03	7.49e-02	2.26e-01	3.17e-01	2.29e-01	7.98e-02	3.22e-02	3.18e-02	3.03e-03	9.73e-05
 3.12524e+22	4.81e-30	5.29e-16	3.21e-13	4.27e-11	1.26e-09	1.99e-08	3.23e-07	1.67e-04	6.85e-03	7.94e-02	2.34e-01	3.19e-01	2.24e-01	7.58e-02	2.99e-02	2.87e-02	2.65e-03	8.19e-05
 3.13909e+22	6.10e-30	6.57e-16	3.92e-13	5.08e-11	1.46e-09	2.25e-08	3.57e-07	1.80e-04	7.27e-03	8.30e-02	2.40e-01	3.19e-01	2.20e-01	7.29e-02	2.83e-02	2.66e-02	2.40e-03	7.24e-05
 3.15322e+22	8.43e-30	8.83e-16	5.12e-13	6.41e-11	1.78e-09	2.66e-08	4.08e-07	1.98e-04	7.85e-03	8.79e-02	2.48e-01	3.20e-01	2.14e-01	6.91e-02	2.62e-02	2.40e-02	2.09e-03	6.10e-05
 3.16780e+22	1.10e-29	1.12e-15	6.35e-13	7.74e-11	2.10e-09	3.04e-08	4.54e-07	2.14e-04	8.35e-03	9.20e-02	2.55e-01	3.20e-01	2.10e-01	6.61e-02	2.46e-02	2.21e-02	1.87e-03	5.30e-05
 3.18295e+22	1.52e-29	1.51e-15	8.32e-13	9.81e-11	2.57e-09	3.60e-08	5.20e-07	2.37e-04	9.02e-03	9.74e-02	2.63e-01	3.20e-01	2.04e-01	6.24e-02	2.27e-02	1.99e-02	1.62e-03	4.45e-05
 3.19860e+22	2.00e-29	1.94e-15	1.04e-12	1.20e-10	3.05e-09	4.15e-08	5.83e-07	2.58e-04	9.63e-03	1.02e-01	2.70e-01	3.20e-01	1.98e-01	5.93e-02	2.12e-02	1.81e-02	1.44e-03	3.83e-05
 3.21490e+22	2.82e-29	2.64e-15	1.38e-12	1.53e-10	3.77e-09	4.95e-08	6.72e-07	2.87e-04	1.04e-02	1.08e-01	2.78e-01	3.18e-01	1.92e-01	5.57e-02	1.94e-02	1.62e-02	1.23e-03	3.17e-05
 3.23166e+22	3.75e-29	3.43e-15	1.75e-12	1.88e-10	4.51e-09	5.75e-08	7.58e-07	3.13e-04	1.12e-02	1.13e-01	2.85e-01	3.17e-01	1.86e-01	5.27e-02	1.80e-02	1.47e-02	1.09e-03	2.71e-05
 3.24900e+22	5.33e-29	4.71e-15	2.34e-12	2.43e-10	5.62e-09	6.90e-08	8.78e-07	3.50e-04	1.21e-02	1.20e-01	2.93e-01	3.15e-01	1.79e-01	4.92e-02	1.64e-02	1.30e-02	9.26e-04	2.22e-05
 3.26693e+22	7.19e-29	6.17e-15	2.99e-12	3.01e-10	6.77e-09	8.07e-08	9.96e-07	3.84e-04	1.30e-02	1.26e-01	3.00e-01	3.13e-01	1.74e-01	4.63e-02	1.51e-02	1.17e-02	8.07e-04	1.87e-05
 3.28561e+22	1.04e-28	8.61e-15	4.05e-12	3.94e-10	8.53e-09	9.79e-08	1.16e-06	4.31e-04	1.42e-02	1.34e-01	3.09e-01	3.09e-01	1.66e-01	4.29e-02	1.37e-02	1.02e-02	6.79e-04	1.52e-05
 3.30476e+22	1.42e-28	1.14e-14	5.21e-12	4.92e-10	1.03e-08	1.15e-07	1.33e-06	4.74e-04	1.52e-02	1.40e-01	3.16e-01	3.06e-01	1.60e-01	4.02e-02	1.25e-02	9.16e-03	5.87e-04	1.27e-05
 3.32191e+22	1.90e-28	1.48e-14	6.62e-12	6.08e-10	1.24e-08	1.34e-07	1.50e-06	5.20e-04	1.63e-02	1.46e-01	3.22e-01	3.03e-01	1.54e-01	3.77e-02	1.15e-02	8.23e-03	5.11e-04	1.07e-05
 3.34162e+22	2.82e-28	2.11e-14	9.14e-12	8.07e-10	1.59e-08	1.65e-07	1.77e-06	5.87e-04	1.78e-02	1.55e-01	3.30e-01	2.98e-01	1.46e-01	3.45e-02	1.03e-02	7.11e-03	4.22e-04	8.45e-06
 3.36145e+22	3.76e-28	2.74e-14	1.16e-11	9.96e-10	1.91e-08	1.92e-07	2.00e-06	6.44e-04	1.90e-02	1.62e-01	3.35e-01	2.94e-01	1.40e-01	3.23e-02	9.42e-03	6.37e-03	3.66e-04	7.10e-06
 3.38145e+22	5.54e-28	3.87e-14	1.59e-11	1.31e-09	2.43e-08	2.34e-07	2.36e-06	7.25e-04	2.07e-02	1.71e-01	3.43e-01	2.88e-01	1.33e-01	2.95e-02	8.38e-03	5.49e-03	3.02e-04	5.61e-06
 3.40186e+22	7.55e-28	5.12e-14	2.05e-11	1.64e-09	2.95e-08	2.76e-07	2.69e-06	7.98e-04	2.22e-02	1.79e-01	3.48e-01	2.83e-01	1.27e-01	2.74e-02	7.62e-03	4.86e-03	2.59e-04	4.64e-06
 3.42283e+22	1.12e-27	7.31e-14	2.84e-11	2.19e-09	3.77e-08	3.39e-07	3.18e-06	9.01e-04	2.42e-02	1.89e-01	3.55e-01	2.76e-01	1.19e-01	2.48e-02	6.73e-03	4.16e-03	2.11e-04	3.62e-06
 3.44412e+22	1.54e-27	9.75e-14	3.69e-11	2.75e-09	4.60e-08	4.01e-07	3.64e-06	9.94e-04	2.59e-02	1.97e-01	3.60e-01	2.70e-01	1.13e-01	2.29e-02	6.08e-03	3.65e-03	1.79e-04	2.96e-06
 3.46582e+22	2.32e-27	1.41e-13	5.17e-11	3.71e-09	5.96e-08	4.97e-07	4.33e-06	1.13e-03	2.83e-02	2.08e-01	3.66e-01	2.62e-01	1.06e-01	2.06e-02	5.32e-03	3.08e-03	1.44e-04	2.27e-06
 3.48634e+22	3.03e-27	1.81e-13	6.46e-11	4.51e-09	7.06e-08	5.73e-07	4.86e-06	1.23e-03	3.00e-02	2.15e-01	3.69e-01	2.57e-01	1.01e-01	1.91e-02	4.86e-03	2.75e-03	1.24e-04	1.90e-06
 3.50532e+22	4.32e-27	2.50e-13	8.69e-11	5.84e-09	8.84e-08	6.92e-07	5.66e-06	1.37e-03	3.24e-02	2.25e-01	3.73e-01	2.49e-01	9.45e-02	1.73e-02	4.31e-03	2.36e-03	1.02e-04	1.49e-06
 3.52445e+22	5.63e-27	3.20e-13	1.09e-10	7.11e-09	1.05e-07	7.99e-07	6.36e-06	1.49e-03	3.43e-02	2.33e-01	3.76e-01	2.43e-01	8.99e-02	1.61e-02	3.92e-03	2.10e-03	8.81e-05	1.25e-06
 3.54378e+22	8.06e-27	4.46e-13	1.47e-10	9.25e-09	1.32e-07	9.68e-07	7.43e-06	1.66e-03	3.70e-02	2.43e-01	3.80e-01	2.35e-01	8.38e-02	1.45e-02	3.45e-03	1.79e-03	7.16e-05	9.69e-07
 3.56329e+22	1.06e-26	5.74e-13	1.85e-10	1.13e-08	1.57e-07	1.12e-06	8.38e-06	1.81e-03	3.92e-02	2.52e-01	3.82e-01	2.28e-01	7.93e-02	1.33e-02	3.13e-03	1.58e-03	6.10e-05	7.99e-07
 3.58303e+22	1.51e-26	8.03e-13	2.50e-10	1.48e-08	1.98e-07	1.36e-06	9.83e-06	2.02e-03	4.23e-02	2.63e-01	3.84e-01	2.19e-01	7.36e-02	1.19e-02	2.73e-03	1.33e-03	4.92e-05	6.14e-07
 3.60305e+22	1.98e-26	1.04e-12	3.17e-10	1.82e-08	2.38e-07	1.59e-06	1.11e-05	2.21e-03	4.49e-02	2.71e-01	3.85e-01	2.12e-01	6.93e-02	1.09e-02	2.46e-03	1.17e-03	4.15e-05	5.01e-07
 3.62343e+22	2.85e-26	1.47e-12	4.33e-10	2.39e-08	3.02e-07	1.95e-06	1.31e-05	2.48e-03	4.85e-02	2.83e-01	3.87e-01	2.03e-01	6.37e-02	9.68e-03	2.13e-03	9.71e-04	3.29e-05	3.78e-07
 3.64409e+22	3.74e-26	1.91e-12	5.49e-10	2.94e-08	3.64e-07	2.28e-06	1.49e-05	2.72e-03	5.15e-02	2.92e-01	3.87e-01	1.96e-01	5.96e-02	8.80e-03	1.90e-03	8.44e-04	2.76e-05	3.05e-07
 3.66510e+22	5.34e-26	2.70e-12	7.52e-10	3.88e-08	4.65e-07	2.80e-06	1.77e-05	3.06e-03	5.57e-02	3.04e-01	3.87e-01	1.86e-01	5.45e-02	7.73e-03	1.64e-03	6.96e-04	2.16e-05	2.27e-07
 3.68657e+22	7.08e-26	3.56e-12	9.67e-10	4.85e-08	5.66e-07	3.31e-06	2.04e-05	3.37e-03	5.93e-02	3.14e-01	3.86e-01	1.78e-01	5.05e-02	6.95e-03	1.44e-03	5.95e-04	1.77e-05	1.79e-07
 3.70866e+22	1.01e-25	5.09e-12	1.34e-09	6.46e-08	7.31e-07	4.12e-06	2.44e-05	3.82e-03	6.43e-02	3.27e-01	3.84e-01	1.67e-01	4.56e-02	6.03e-03	1.22e-03	4.83e-04	1.36e-05	1.30e-07
 3.73106e+22	1.33e-25	6.72e-12	1.72e-09	8.09e-08	8.94e-07	4.90e-06	2.82e-05	4.23e-03	6.86e-02	3.37e-01	3.82e-01	1.59e-01	4.20e-02	5.36e-03	1.07e-03	4.08e-04	1.10e-05	0.00e+00
 3.75325e+22	1.86e-25	9.44e-12	2.35e-09	1.07e-07	1.15e-06	6.08e-06	3.38e-05	4.79e-03	7.42e-02	3.50e-01	3.78e-01	1.49e-01	3.77e-02	4.63e-03	9.04e-04	3.29e-04	8.41e-06	0.00e+00
 3.77444e+22	2.34e-25	1.20e-11	2.93e-09	1.30e-07	1.37e-06	7.09e-06	3.85e-05	5.23e-03	7.85e-02	3.59e-01	3.75e-01	1.42e-01	3.48e-02	4.15e-03	7.99e-04	2.82e-04	6.92e-06	0.00e+00
 3.79494e+22	3.14e-25	1.63e-11	3.89e-09	1.68e-07	1.73e-06	8.69e-06	4.57e-05	5.89e-03	8.45e-02	3.71e-01	3.70e-01	1.32e-01	3.12e-02	3.58e-03	6.76e-04	2.28e-04	5.31e-06	0.00e+00
 3.81582e+22	3.94e-25	2.08e-11	4.86e-09	2.06e-07	2.09e-06	1.02e-05	5.25e-05	6.48e-03	8.96e-02	3.81e-01	3.66e-01	1.25e-01	2.86e-02	3.18e-03	5.91e-04	1.93e-04	4.30e-06	0.00e+00
 3.83627e+22	5.11e-25	2.76e-11	6.32e-09	2.61e-07	2.60e-06	1.24e-05	6.20e-05	7.26e-03	9.61e-02	3.92e-01	3.59e-01	1.16e-01	2.56e-02	2.74e-03	5.01e-04	1.57e-04	3.32e-06	0.00e+00
 3.85715e+22	6.32e-25	3.50e-11	7.89e-09	3.21e-07	3.15e-06	1.47e-05	7.18e-05	8.02e-03	1.02e-01	4.01e-01	3.53e-01	1.09e-01	2.32e-02	2.41e-03	4.33e-04	1.30e-04	2.64e-06	0.00e+00
 3.87749e+22	7.84e-25	4.51e-11	1.00e-08	4.00e-07	3.87e-06	1.76e-05	8.42e-05	8.94e-03	1.09e-01	4.11e-01	3.46e-01	1.01e-01	2.08e-02	2.08e-03	3.68e-04	1.06e-04	2.05e-06	0.00e+00
 3.89824e+22	9.56e-25	5.68e-11	1.25e-08	4.91e-07	4.70e-06	2.09e-05	9.80e-05	9.90e-03	1.16e-01	4.20e-01	3.39e-01	9.44e-02	1.87e-02	1.81e-03	3.15e-04	8.75e-05	1.61e-06	0.00e+00
 3.91881e+22	1.16e-24	7.16e-11	1.55e-08	6.05e-07	5.73e-06	2.50e-05	1.15e-04	1.10e-02	1.23e-01	4.29e-01	3.30e-01	8.74e-02	1.67e-02	1.56e-03	2.68e-04	7.13e-05	1.25e-06	0.00e+00
 3.93948e+22	1.39e-24	8.89e-11	1.91e-08	7.39e-07	6.93e-06	2.97e-05	1.33e-04	1.22e-02	1.31e-01	4.38e-01	3.22e-01	8.09e-02	1.49e-02	1.35e-03	2.28e-04	5.83e-05	9.70e-07	0.00e+00
 3.95991e+22	1.64e-24	1.09e-10	2.34e-08	8.97e-07	8.36e-06	3.51e-05	1.55e-04	1.35e-02	1.39e-01	4.46e-01	3.13e-01	7.47e-02	1.33e-02	1.16e-03	1.93e-04	4.76e-05	7.55e-07	0.00e+00
 3.98030e+22	1.93e-24	1.33e-10	2.85e-08	1.09e-06	1.01e-05	4.15e-05	1.81e-04	1.49e-02	1.47e-01	4.53e-01	3.03e-01	6.89e-02	1.19e-02	9.99e-04	1.64e-04	3.88e-05	5.87e-07	0.00e+00
 4.00074e+22	2.25e-24	1.61e-10	3.45e-08	1.31e-06	1.21e-05	4.90e-05	2.10e-04	1.65e-02	1.55e-01	4.59e-01	2.94e-01	6.34e-02	1.06e-02	8.59e-04	1.39e-04	3.16e-05	4.55e-07	0.00e+00
 4.02127e+22	2.61e-24	1.93e-10	4.15e-08	1.57e-06	1.44e-05	5.77e-05	2.44e-04	1.83e-02	1.64e-01	4.65e-01	2.84e-01	5.82e-02	9.38e-03	7.37e-04	1.18e-04	2.57e-05	3.52e-07	0.00e+00
 4.04193e+22	3.01e-24	2.30e-10	4.98e-08	1.88e-06	1.72e-05	6.79e-05	2.83e-04	2.02e-02	1.74e-01	4.70e-01	2.73e-01	5.33e-02	8.31e-03	6.32e-04	9.94e-05	2.08e-05	2.72e-07	0.00e+00
 4.06278e+22	3.47e-24	2.73e-10	5.94e-08	2.25e-06	2.05e-05	7.98e-05	3.29e-04	2.23e-02	1.83e-01	4.75e-01	2.63e-01	4.87e-02	7.35e-03	5.40e-04	8.37e-05	1.68e-05	2.10e-07	0.00e+00
 4.08389e+22	4.00e-24	3.22e-10	7.08e-08	2.68e-06	2.45e-05	9.37e-05	3.82e-04	2.46e-02	1.93e-01	4.78e-01	2.52e-01	4.44e-02	6.48e-03	4.61e-04	7.03e-05	1.36e-05	1.61e-07	0.00e+00
 4.10510e+22	4.59e-24	3.76e-10	8.39e-08	3.18e-06	2.90e-05	1.10e-04	4.43e-04	2.71e-02	2.03e-01	4.81e-01	2.42e-01	4.05e-02	5.72e-03	3.93e-04	5.91e-05	1.10e-05	1.24e-07	0.00e+00
 4.12666e+22	5.31e-24	4.40e-10	9.97e-08	3.79e-06	3.45e-05	1.29e-04	5.15e-04	2.99e-02	2.14e-01	4.83e-01	2.31e-01	3.67e-02	5.02e-03	3.33e-04	4.94e-05	8.79e-06	0.00e+00	0.00e+00
 4.14848e+22	2.21e-23	5.10e-10	1.18e-07	4.48e-06	4.09e-05	1.50e-04	5.96e-04	3.29e-02	2.24e-01	4.84e-01	2.20e-01	3.33e-02	4.41e-03	2.84e-04	4.14e-05	7.08e-06	0.00e+00	0.00e+00
 4.17073e+22	2.58e-23	5.92e-10	1.39e-07	5.33e-06	4.86e-05	1.77e-04	6.94e-04	3.63e-02	2.36e-01	4.84e-01	2.09e-01	3.00e-02	3.85e-03	2.39e-04	3.43e-05	5.63e-06	0.00e+00	0.00e+00
 4.19143e+22	2.95e-23	6.67e-10	1.60e-07	6.12e-06	5.59e-05	2.01e-04	7.83e-04	3.93e-02	2.45e-01	4.83e-01	2.00e-01	2.76e-02	3.45e-03	2.08e-04	2.95e-05	4.68e-06	0.00e+00	0.00e+00
 4.21278e+22	3.47e-23	7.72e-10	1.90e-07	7.30e-06	6.67e-05	2.37e-04	9.17e-04	4.34e-02	2.57e-01	4.81e-01	1.89e-01	2.46e-02	2.98e-03	1.74e-04	2.42e-05	3.68e-06	0.00e+00	0.00e+00
 4.23449e+22	4.01e-23	8.70e-10	2.18e-07	8.40e-06	7.66e-05	2.69e-04	1.03e-03	4.69e-02	2.67e-01	4.79e-01	1.80e-01	2.26e-02	2.66e-03	1.51e-04	2.08e-05	3.05e-06	0.00e+00	0.00e+00
 4.25666e+22	4.81e-23	1.00e-09	2.60e-07	1.00e-05	9.16e-05	3.17e-04	1.21e-03	5.19e-02	2.79e-01	4.76e-01	1.69e-01	2.00e-02	2.29e-03	1.25e-04	1.69e-05	2.37e-06	0.00e+00	0.00e+00
 4.27891e+22	5.62e-23	1.13e-09	2.99e-07	1.15e-05	1.05e-04	3.59e-04	1.36e-03	5.59e-02	2.89e-01	4.72e-01	1.61e-01	1.83e-02	2.04e-03	1.09e-04	1.45e-05	1.97e-06	0.00e+00	0.00e+00
 4.30128e+22	6.82e-23	1.30e-09	3.55e-07	1.37e-05	1.25e-04	4.21e-04	1.59e-03	6.16e-02	3.01e-01	4.66e-01	1.51e-01	1.62e-02	1.75e-03	9.02e-05	1.18e-05	1.54e-06	0.00e+00	0.00e+00
 4.32379e+22	8.03e-23	1.46e-09	4.08e-07	1.57e-05	1.42e-04	4.75e-04	1.78e-03	6.62e-02	3.11e-01	4.61e-01	1.43e-01	1.48e-02	1.56e-03	7.82e-05	1.01e-05	1.27e-06	0.00e+00	0.00e+00
 4.34647e+22	9.87e-23	1.68e-09	4.86e-07	1.86e-05	1.69e-04	5.55e-04	2.07e-03	7.26e-02	3.23e-01	4.54e-01	1.33e-01	1.31e-02	1.34e-03	6.48e-05	8.23e-06	9.92e-07	0.00e+00	0.00e+00
 4.36936e+22	1.17e-22	1.89e-09	5.58e-07	2.14e-05	1.93e-04	6.25e-04	2.32e-03	7.79e-02	3.32e-01	4.48e-01	1.26e-01	1.19e-02	1.19e-03	5.61e-05	7.02e-06	8.19e-07	0.00e+00	0.00e+00
 4.39250e+22	1.46e-22	2.19e-09	6.67e-07	2.54e-05	2.28e-04	7.28e-04	2.69e-03	8.52e-02	3.44e-01	4.39e-01	1.17e-01	1.05e-02	1.02e-03	4.63e-05	5.70e-06	6.37e-07	0.00e+00	0.00e+00
 4.41593e+22	1.76e-22	2.47e-09	7.70e-07	2.92e-05	2.60e-04	8.20e-04	3.00e-03	9.13e-02	3.53e-01	4.32e-01	1.10e-01	9.49e-03	9.03e-04	3.99e-05	4.84e-06	5.24e-07	0.00e+00	0.00e+00
 4.43974e+22	2.23e-22	2.87e-09	9.24e-07	3.48e-05	3.08e-04	9.54e-04	3.47e-03	9.96e-02	3.64e-01	4.21e-01	1.01e-01	8.32e-03	7.69e-04	3.28e-05	3.91e-06	4.05e-07	0.00e+00	0.00e+00
 4.46396e+22	2.72e-22	3.26e-09	1.07e-06	4.01e-05	3.52e-04	1.07e-03	3.88e-03	1.07e-01	3.73e-01	4.12e-01	9.48e-02	7.50e-03	6.78e-04	2.82e-05	3.31e-06	3.31e-07	0.00e+00	0.00e+00
 4.48870e+22	3.52e-22	3.82e-09	1.30e-06	4.80e-05	4.17e-04	1.25e-03	4.48e-03	1.16e-01	3.83e-01	4.00e-01	8.68e-02	6.53e-03	5.74e-04	2.30e-05	2.65e-06	2.54e-07	0.00e+00	0.00e+00
 4.51397e+22	4.38e-22	4.38e-09	1.52e-06	5.56e-05	4.78e-04	1.41e-03	5.01e-03	1.24e-01	3.91e-01	3.91e-01	8.09e-02	5.85e-03	5.03e-04	1.96e-05	2.23e-06	2.06e-07	0.00e+00	0.00e+00
 4.53992e+22	5.79e-22	5.20e-09	1.86e-06	6.72e-05	5.70e-04	1.64e-03	5.79e-03	1.35e-01	4.01e-01	3.77e-01	7.36e-02	5.05e-03	4.22e-04	1.59e-05	1.77e-06	1.56e-07	0.00e+00	0.00e+00
 4.56649e+22	7.35e-22	6.04e-09	2.20e-06	7.84e-05	6.56e-04	1.86e-03	6.48e-03	1.44e-01	4.08e-01	3.66e-01	6.81e-02	4.50e-03	3.68e-04	1.34e-05	1.47e-06	1.25e-07	0.00e+00	0.00e+00
 4.58888e+22	9.07e-22	6.89e-09	2.55e-06	8.98e-05	7.41e-04	2.06e-03	7.15e-03	1.52e-01	4.14e-01	3.56e-01	6.35e-02	4.05e-03	3.25e-04	1.15e-05	1.25e-06	0.00e+00	0.00e+00	0.00e+00
 4.61304e+22	1.19e-21	8.16e-09	3.09e-06	1.07e-04	8.68e-04	2.36e-03	8.10e-03	1.63e-01	4.21e-01	3.43e-01	5.79e-02	3.53e-03	2.76e-04	9.48e-06	1.01e-06	0.00e+00	0.00e+00	0.00e+00
 4.63755e+22	1.50e-21	9.39e-09	3.61e-06	1.23e-04	9.83e-04	2.63e-03	8.92e-03	1.72e-01	4.25e-01	3.32e-01	5.38e-02	3.17e-03	2.43e-04	8.13e-06	8.54e-07	0.00e+00	0.00e+00	0.00e+00
 4.65875e+22	1.86e-21	1.07e-08	4.18e-06	1.40e-04	1.11e-03	2.91e-03	9.77e-03	1.81e-01	4.29e-01	3.22e-01	5.00e-02	2.85e-03	2.15e-04	7.01e-06	7.27e-07	0.00e+00	0.00e+00	0.00e+00
 4.68252e+22	2.46e-21	1.27e-08	5.04e-06	1.66e-04	1.28e-03	3.30e-03	1.10e-02	1.93e-01	4.34e-01	3.09e-01	4.55e-02	2.49e-03	1.83e-04	5.77e-06	5.88e-07	0.00e+00	0.00e+00	0.00e+00
 4.70620e+22	3.08e-21	1.47e-08	5.85e-06	1.90e-04	1.44e-03	3.63e-03	1.19e-02	2.02e-01	4.37e-01	2.99e-01	4.23e-02	2.25e-03	1.62e-04	5.00e-06	5.04e-07	0.00e+00	0.00e+00	0.00e+00
 4.72974e+22	4.10e-21	1.76e-08	7.07e-06	2.25e-04	1.67e-03	4.11e-03	1.34e-02	2.15e-01	4.40e-01	2.86e-01	3.84e-02	1.96e-03	1.38e-04	4.13e-06	4.09e-07	0.00e+00	0.00e+00	0.00e+00
 4.75362e+22	5.21e-21	2.04e-08	8.25e-06	2.58e-04	1.87e-03	4.52e-03	1.45e-02	2.24e-01	4.41e-01	2.76e-01	3.56e-02	1.76e-03	1.22e-04	3.56e-06	3.48e-07	0.00e+00	0.00e+00	0.00e+00
 4.77795e+22	7.06e-21	2.47e-08	1.00e-05	3.07e-04	2.17e-03	5.12e-03	1.62e-02	2.37e-01	4.43e-01	2.62e-01	3.21e-02	1.53e-03	1.03e-04	2.92e-06	2.81e-07	0.00e+00	0.00e+00	0.00e+00
 4.80269e+22	9.13e-21	2.91e-08	1.18e-05	3.53e-04	2.44e-03	5.64e-03	1.75e-02	2.47e-01	4.43e-01	2.52e-01	2.97e-02	1.37e-03	9.08e-05	2.50e-06	2.37e-07	0.00e+00	0.00e+00	0.00e+00
 4.82798e+22	1.26e-20	3.56e-08	1.44e-05	4.22e-04	2.84e-03	6.39e-03	1.96e-02	2.61e-01	4.43e-01	2.39e-01	2.65e-02	1.18e-03	7.62e-05	2.03e-06	1.89e-07	0.00e+00	0.00e+00	0.00e+00
 4.85366e+22	1.66e-20	4.23e-08	1.71e-05	4.88e-04	3.21e-03	7.03e-03	2.12e-02	2.72e-01	4.42e-01	2.29e-01	2.44e-02	1.05e-03	6.67e-05	1.73e-06	1.59e-07	0.00e+00	0.00e+00	0.00e+00
 4.87985e+22	2.34e-20	5.24e-08	2.11e-05	5.88e-04	3.74e-03	7.97e-03	2.36e-02	2.87e-01	4.40e-01	2.15e-01	2.17e-02	8.95e-04	5.56e-05	1.40e-06	1.26e-07	0.00e+00	0.00e+00	0.00e+00
 4.90666e+22	3.13e-20	6.31e-08	2.52e-05	6.84e-04	4.24e-03	8.80e-03	2.56e-02	2.98e-01	4.37e-01	2.05e-01	1.98e-02	7.92e-04	4.82e-05	1.18e-06	0.00e+00	0.00e+00	0.00e+00	0.00e+00
 4.93430e+22	4.56e-20	7.97e-08	3.15e-05	8.31e-04	4.97e-03	1.00e-02	2.85e-02	3.13e-01	4.33e-01	1.91e-01	1.74e-02	6.71e-04	3.98e-05	9.40e-07	0.00e+00	0.00e+00	0.00e+00	0.00e+00
 4.96259e+22	6.26e-20	9.71e-08	3.79e-05	9.74e-04	5.64e-03	1.11e-02	3.09e-02	3.25e-01	4.29e-01	1.81e-01	1.58e-02	5.88e-04	3.42e-05	7.85e-07	0.00e+00	0.00e+00	0.00e+00	0.00e+00
 4.99172e+22	9.41e-20	1.25e-07	4.80e-05	1.19e-03	6.65e-03	1.26e-02	3.43e-02	3.40e-01	4.23e-01	1.68e-01	1.38e-02	4.93e-04	2.79e-05	6.18e-07	0.00e+00	0.00e+00	0.00e+00	0.00e+00
 5.02115e+22	1.32e-19	1.54e-07	5.79e-05	1.40e-03	7.55e-03	1.39e-02	3.71e-02	3.51e-01	4.17e-01	1.59e-01	1.24e-02	4.31e-04	2.39e-05	5.15e-07	0.00e+00	0.00e+00	0.00e+00	0.00e+00
 5.05098e+22	2.02e-19	2.00e-07	7.36e-05	1.72e-03	8.89e-03	1.58e-02	4.11e-02	3.67e-01	4.09e-01	1.46e-01	1.08e-02	3.59e-04	1.93e-05	4.02e-07	0.00e+00	0.00e+00	0.00e+00	0.00e+00
 5.08113e+22	2.88e-19	2.48e-07	8.92e-05	2.02e-03	1.01e-02	1.74e-02	4.43e-02	3.78e-01	4.01e-01	1.37e-01	9.64e-03	3.13e-04	1.64e-05	3.33e-07	0.00e+00	0.00e+00	0.00e+00	0.00e+00
 5.11170e+22	4.53e-19	3.25e-07	1.14e-04	2.49e-03	1.19e-02	1.97e-02	4.88e-02	3.92e-01	3.91e-01	1.26e-01	8.30e-03	2.59e-04	1.32e-05	2.58e-07	0.00e+00	0.00e+00	0.00e+00	0.00e+00
 5.14156e+22	6.41e-19	3.99e-07	1.36e-04	2.90e-03	1.33e-02	2.15e-02	5.21e-02	4.01e-01	3.83e-01	1.18e-01	7.47e-03	2.27e-04	1.13e-05	2.16e-07	0.00e+00	0.00e+00	0.00e+00	0.00e+00
 5.17051e+22	1.00e-18	5.17e-07	1.71e-04	3.52e-03	1.55e-02	2.41e-02	5.68e-02	4.14e-01	3.72e-01	1.08e-01	6.45e-03	1.89e-04	9.20e-06	1.69e-07	0.00e+00	0.00e+00	0.00e+00	0.00e+00
 5.20053e+22	1.48e-18	6.45e-07	2.08e-04	4.12e-03	1.75e-02	2.64e-02	6.07e-02	4.22e-01	3.62e-01	1.00e-01	5.74e-03	1.64e-04	7.78e-06	1.39e-07	0.00e+00	0.00e+00	0.00e+00	0.00e+00
 5.22616e+22	2.10e-18	7.82e-07	2.45e-04	4.74e-03	1.95e-02	2.86e-02	6.43e-02	4.30e-01	3.53e-01	9.40e-02	5.16e-03	1.44e-04	6.69e-06	0.00e+00	0.00e+00	0.00e+00	0.00e+00	0.00e+00
 5.25373e+22	3.30e-18	1.00e-06	3.03e-04	5.67e-03	2.23e-02	3.17e-02	6.92e-02	4.39e-01	3.41e-01	8.59e-02	4.47e-03	1.21e-04	5.47e-06	0.00e+00	0.00e+00	0.00e+00	0.00e+00	0.00e+00
 5.28132e+22	4.78e-18	1.21e-06	3.58e-04	6.51e-03	2.48e-02	3.42e-02	7.31e-02	4.45e-01	3.31e-01	8.01e-02	4.00e-03	1.05e-04	4.68e-06	0.00e+00	0.00e+00	0.00e+00	0.00e+00	0.00e+00
 5.30893e+22	7.60e-18	1.55e-06	4.40e-04	7.72e-03	2.81e-02	3.75e-02	7.80e-02	4.52e-01	3.19e-01	7.33e-02	3.48e-03	8.91e-05	3.85e-06	0.00e+00	0.00e+00	0.00e+00	0.00e+00	0.00e+00
 5.33764e+22	1.23e-17	1.91e-06	5.28e-04	8.97e-03	3.15e-02	4.07e-02	8.26e-02	4.58e-01	3.07e-01	6.74e-02	3.05e-03	7.62e-05	3.22e-06	0.00e+00	0.00e+00	0.00e+00	0.00e+00	0.00e+00
 5.36329e+22	1.82e-17	2.34e-06	6.24e-04	1.03e-02	3.48e-02	4.38e-02	8.67e-02	4.62e-01	2.97e-01	6.24e-02	2.72e-03	6.63e-05	2.74e-06	0.00e+00	0.00e+00	0.00e+00	0.00e+00	0.00e+00
 5.39214e+22	3.24e-17	3.00e-06	7.69e-04	1.22e-02	3.95e-02	4.79e-02	9.20e-02	4.66e-01	2.83e-01	5.64e-02	2.33e-03	5.54e-05	2.22e-06	0.00e+00	0.00e+00	0.00e+00	0.00e+00	0.00e+00
 5.42247e+22	6.23e-17	3.76e-06	9.28e-04	1.42e-02	4.42e-02	5.18e-02	9.69e-02	4.68e-01	2.71e-01	5.13e-02	2.03e-03	4.68e-05	1.83e-06	0.00e+00	0.00e+00	0.00e+00	0.00e+00	0.00e+00
 5.45004e+22	1.09e-16	4.64e-06	1.11e-03	1.64e-02	4.90e-02	5.56e-02	1.02e-01	4.69e-01	2.59e-01	4.69e-02	1.77e-03	4.00e-05	1.53e-06	0.00e+00	0.00e+00	0.00e+00	0.00e+00	0.00e+00
 5.48119e+22	2.42e-16	6.04e-06	1.37e-03	1.96e-02	5.56e-02	6.07e-02	1.07e-01	4.69e-01	2.44e-01	4.17e-02	1.49e-03	3.28e-05	1.21e-06	0.00e+00	0.00e+00	0.00e+00	0.00e+00	0.00e+00
 5.51326e+22	8.41e-16	7.59e-06	1.66e-03	2.28e-02	6.19e-02	6.53e-02	1.12e-01	4.67e-01	2.30e-01	3.75e-02	1.28e-03	2.74e-05	9.86e-07	0.00e+00	0.00e+00	0.00e+00	0.00e+00	0.00e+00
 5.54175e+22	4.14e-15	9.39e-06	1.97e-03	2.62e-02	6.82e-02	6.97e-02	1.17e-01	4.64e-01	2.18e-01	3.39e-02	1.11e-03	2.31e-05	8.12e-07	0.00e+00	0.00e+00	0.00e+00	0.00e+00	0.00e+00
 5.57400e+22	1.67e-14	1.22e-05	2.44e-03	3.11e-02	7.68e-02	7.54e-02	1.22e-01	4.59e-01	2.03e-01	2.97e-02	9.19e-04	1.87e-05	6.34e-07	0.00e+00	0.00e+00	0.00e+00	0.00e+00	0.00e+00
 5.60741e+22	2.52e-13	1.54e-05	2.95e-03	3.60e-02	8.50e-02	8.05e-02	1.26e-01	4.53e-01	1.89e-01	2.63e-02	7.75e-04	1.54e-05	5.07e-07	0.00e+00	0.00e+00	0.00e+00	0.00e+00	0.00e+00
 5.63737e+22	1.84e-12	1.91e-05	3.50e-03	4.12e-02	9.32e-02	8.54e-02	1.30e-01	4.46e-01	1.77e-01	2.35e-02	6.60e-04	1.28e-05	4.10e-07	0.00e+00	0.00e+00	0.00e+00	0.00e+00	0.00e+00
 5.67135e+22	2.08e-11	2.51e-05	4.35e-03	4.89e-02	1.04e-01	9.16e-02	1.35e-01	4.34e-01	1.61e-01	2.01e-02	5.34e-04	1.01e-05	3.11e-07	0.00e+00	0.00e+00	0.00e+00	0.00e+00	0.00e+00
 5.70640e+22	7.00e-11	3.16e-05	5.21e-03	5.62e-02	1.14e-01	9.68e-02	1.38e-01	4.23e-01	1.48e-01	1.76e-02	4.45e-04	8.17e-06	2.45e-07	0.00e+00	0.00e+00	0.00e+00	0.00e+00	0.00e+00
 5.74282e+22	1.22e-10	4.18e-05	6.50e-03	6.65e-02	1.27e-01	1.03e-01	1.42e-01	4.07e-01	1.33e-01	1.47e-02	3.52e-04	6.27e-06	1.81e-07	0.00e+00	0.00e+00	0.00e+00	0.00e+00	0.00e+00
