#depth	N	N+	N+2	N+3	N+4	N+5	N+6	N+7
 1.54284e+22	6.50e-25	6.46e-19	1.78e-14	5.82e-11	6.25e-08	2.16e-04	3.11e-02	9.69e-01
 3.51812e+22	1.29e-23	7.81e-18	1.33e-13	2.69e-10	1.73e-07	4.65e-04	4.63e-02	9.53e-01
 4.16678e+22	8.00e-23	3.64e-17	4.67e-13	6.99e-10	3.27e-07	7.23e-04	5.78e-02	9.42e-01
 4.49111e+22	2.33e-22	8.99e-17	9.78e-13	1.23e-09	4.75e-07	9.26e-04	6.52e-02	9.34e-01
 4.62625e+22	3.12e-22	1.15e-16	1.20e-12	1.43e-09	5.26e-07	9.90e-04	6.73e-02	9.32e-01
 4.67257e+22	3.85e-22	1.38e-16	1.39e-12	1.60e-09	5.67e-07	1.04e-03	6.88e-02	9.30e-01
 4.71694e+22	5.06e-22	1.74e-16	1.68e-12	1.85e-09	6.24e-07	1.10e-03	7.09e-02	9.28e-01
 4.76259e+22	6.35e-22	2.11e-16	1.97e-12	2.09e-09	6.76e-07	1.16e-03	7.27e-02	9.26e-01
 4.80990e+22	8.67e-22	2.75e-16	2.45e-12	2.46e-09	7.55e-07	1.25e-03	7.51e-02	9.24e-01
 4.85540e+22	1.06e-21	3.26e-16	2.82e-12	2.74e-09	8.11e-07	1.30e-03	7.68e-02	9.22e-01
 4.89856e+22	1.42e-21	4.18e-16	3.45e-12	3.20e-09	8.99e-07	1.39e-03	7.91e-02	9.19e-01
 4.94266e+22	1.77e-21	5.05e-16	4.03e-12	3.61e-09	9.74e-07	1.46e-03	8.10e-02	9.18e-01
 4.98801e+22	2.40e-21	6.55e-16	4.99e-12	4.24e-09	1.09e-06	1.56e-03	8.37e-02	9.15e-01
 5.03441e+22	3.08e-21	8.10e-16	5.95e-12	4.85e-09	1.19e-06	1.65e-03	8.59e-02	9.12e-01
 5.08218e+22	4.27e-21	1.07e-15	7.47e-12	5.77e-09	1.33e-06	1.77e-03	8.88e-02	9.09e-01
 5.13019e+22	5.50e-21	1.33e-15	8.93e-12	6.61e-09	1.46e-06	1.88e-03	9.12e-02	9.07e-01
 5.17848e+22	7.66e-21	1.76e-15	1.13e-11	7.89e-09	1.64e-06	2.02e-03	9.44e-02	9.04e-01
 5.22558e+22	9.70e-21	2.15e-15	1.33e-11	8.96e-09	1.79e-06	2.13e-03	9.67e-02	9.01e-01
 5.27113e+22	1.34e-20	2.83e-15	1.67e-11	1.06e-08	2.01e-06	2.28e-03	1.00e-01	8.98e-01
 5.31694e+22	1.68e-20	3.44e-15	1.96e-11	1.20e-08	2.18e-06	2.40e-03	1.02e-01	8.95e-01
 5.36309e+22	2.29e-20	4.49e-15	2.44e-11	1.42e-08	2.44e-06	2.57e-03	1.06e-01	8.92e-01
 5.41039e+22	2.92e-20	5.54e-15	2.90e-11	1.62e-08	2.66e-06	2.72e-03	1.08e-01	8.89e-01
 5.45919e+22	4.00e-20	7.24e-15	3.63e-11	1.93e-08	2.99e-06	2.92e-03	1.12e-01	8.85e-01
 5.50914e+22	5.16e-20	8.99e-15	4.34e-11	2.21e-08	3.28e-06	3.09e-03	1.15e-01	8.82e-01
 5.56056e+22	7.11e-20	1.19e-14	5.45e-11	2.63e-08	3.69e-06	3.33e-03	1.19e-01	8.78e-01
 5.61299e+22	9.14e-20	1.47e-14	6.51e-11	3.01e-08	4.05e-06	3.52e-03	1.22e-01	8.74e-01
 5.66680e+22	1.26e-19	1.93e-14	8.18e-11	3.59e-08	4.56e-06	3.79e-03	1.26e-01	8.70e-01
 5.72155e+22	1.62e-19	2.39e-14	9.77e-11	4.12e-08	5.01e-06	4.02e-03	1.30e-01	8.66e-01
 5.77752e+22	2.22e-19	3.15e-14	1.23e-10	4.90e-08	5.64e-06	4.33e-03	1.34e-01	8.61e-01
 5.83385e+22	2.83e-19	3.87e-14	1.46e-10	5.60e-08	6.18e-06	4.58e-03	1.38e-01	8.58e-01
 5.89064e+22	3.84e-19	5.04e-14	1.81e-10	6.63e-08	6.94e-06	4.92e-03	1.42e-01	8.53e-01
 5.94888e+22	4.90e-19	6.20e-14	2.16e-10	7.58e-08	7.61e-06	5.21e-03	1.46e-01	8.49e-01
 5.99935e+22	6.11e-19	7.50e-14	2.53e-10	8.57e-08	8.28e-06	5.50e-03	1.50e-01	8.45e-01
 6.05531e+22	8.10e-19	9.56e-14	3.09e-10	1.00e-07	9.23e-06	5.88e-03	1.54e-01	8.40e-01
 6.11196e+22	1.01e-18	1.15e-13	3.62e-10	1.13e-07	1.00e-05	6.20e-03	1.58e-01	8.36e-01
 6.16952e+22	1.34e-18	1.47e-13	4.43e-10	1.33e-07	1.12e-05	6.63e-03	1.63e-01	8.30e-01
 6.22798e+22	1.66e-18	1.77e-13	5.16e-10	1.49e-07	1.22e-05	6.99e-03	1.67e-01	8.26e-01
 6.27921e+22	2.04e-18	2.12e-13	6.00e-10	1.68e-07	1.32e-05	7.35e-03	1.71e-01	8.22e-01
 6.33745e+22	2.69e-18	2.68e-13	7.31e-10	1.96e-07	1.47e-05	7.86e-03	1.76e-01	8.16e-01
 6.39545e+22	3.25e-18	3.16e-13	8.39e-10	2.18e-07	1.59e-05	8.24e-03	1.79e-01	8.12e-01
 6.45314e+22	4.23e-18	3.96e-13	1.01e-09	2.53e-07	1.76e-05	8.79e-03	1.84e-01	8.07e-01
 6.51196e+22	5.13e-18	4.67e-13	1.16e-09	2.82e-07	1.90e-05	9.22e-03	1.88e-01	8.02e-01
 6.57225e+22	6.66e-18	5.86e-13	1.41e-09	3.27e-07	2.11e-05	9.84e-03	1.94e-01	7.96e-01
 6.63369e+22	8.10e-18	6.94e-13	1.62e-09	3.66e-07	2.28e-05	1.03e-02	1.98e-01	7.92e-01
 6.69661e+22	1.05e-17	8.70e-13	1.96e-09	4.24e-07	2.53e-05	1.10e-02	2.04e-01	7.85e-01
 6.76069e+22	1.28e-17	1.03e-12	2.26e-09	4.75e-07	2.74e-05	1.16e-02	2.08e-01	7.80e-01
 6.82629e+22	1.67e-17	1.29e-12	2.73e-09	5.52e-07	3.05e-05	1.24e-02	2.14e-01	7.73e-01
 6.89041e+22	1.98e-17	1.50e-12	3.10e-09	6.09e-07	3.27e-05	1.29e-02	2.18e-01	7.69e-01
 6.95261e+22	2.55e-17	1.86e-12	3.71e-09	7.03e-07	3.62e-05	1.38e-02	2.24e-01	7.62e-01
 7.01576e+22	3.03e-17	2.16e-12	4.21e-09	7.76e-07	3.88e-05	1.44e-02	2.28e-01	7.57e-01
 7.08013e+22	3.85e-17	2.66e-12	5.01e-09	8.90e-07	4.28e-05	1.53e-02	2.34e-01	7.50e-01
 7.14650e+22	4.67e-17	3.14e-12	5.76e-09	9.95e-07	4.63e-05	1.61e-02	2.39e-01	7.45e-01
 7.21545e+22	5.92e-17	3.86e-12	6.85e-09	1.14e-06	5.10e-05	1.71e-02	2.45e-01	7.38e-01
 7.28663e+22	7.25e-17	4.59e-12	7.93e-09	1.28e-06	5.55e-05	1.80e-02	2.51e-01	7.31e-01
 7.36070e+22	9.28e-17	5.68e-12	9.49e-09	1.48e-06	6.14e-05	1.92e-02	2.57e-01	7.24e-01
 7.43675e+22	1.14e-16	6.80e-12	1.10e-08	1.67e-06	6.69e-05	2.02e-02	2.63e-01	7.17e-01
 7.51535e+22	1.47e-16	8.46e-12	1.33e-08	1.93e-06	7.42e-05	2.15e-02	2.70e-01	7.09e-01
 7.59647e+22	1.82e-16	1.02e-11	1.55e-08	2.18e-06	8.11e-05	2.28e-02	2.76e-01	7.01e-01
 7.68087e+22	2.37e-16	1.28e-11	1.88e-08	2.54e-06	9.05e-05	2.43e-02	2.83e-01	6.92e-01
 7.76800e+22	2.96e-16	1.55e-11	2.21e-08	2.89e-06	9.93e-05	2.58e-02	2.90e-01	6.84e-01
 7.84661e+22	3.65e-16	1.85e-11	2.57e-08	3.26e-06	1.08e-04	2.72e-02	2.96e-01	6.77e-01
 7.93671e+22	4.86e-16	2.38e-11	3.16e-08	3.86e-06	1.22e-04	2.92e-02	3.04e-01	6.66e-01
 8.02755e+22	5.99e-16	2.84e-11	3.68e-08	4.35e-06	1.33e-04	3.08e-02	3.11e-01	6.59e-01
 8.11933e+22	7.92e-16	3.62e-11	4.51e-08	5.11e-06	1.49e-04	3.31e-02	3.19e-01	6.48e-01
 8.21307e+22	9.92e-16	4.40e-11	5.31e-08	5.83e-06	1.64e-04	3.50e-02	3.26e-01	6.39e-01
 8.30935e+22	1.32e-15	5.62e-11	6.53e-08	6.88e-06	1.84e-04	3.76e-02	3.35e-01	6.27e-01
 8.40765e+22	1.67e-15	6.91e-11	7.77e-08	7.90e-06	2.04e-04	4.00e-02	3.42e-01	6.18e-01
 8.49509e+22	2.11e-15	8.45e-11	9.21e-08	9.04e-06	2.24e-04	4.24e-02	3.49e-01	6.08e-01
 8.59528e+22	2.86e-15	1.10e-10	1.15e-07	1.08e-05	2.55e-04	4.57e-02	3.59e-01	5.95e-01
 8.69045e+22	3.49e-15	1.30e-10	1.33e-07	1.21e-05	2.76e-04	4.80e-02	3.65e-01	5.87e-01
 8.77911e+22	4.60e-15	1.66e-10	1.63e-07	1.43e-05	3.10e-04	5.15e-02	3.74e-01	5.74e-01
 8.86796e+22	5.63e-15	1.97e-10	1.89e-07	1.60e-05	3.38e-04	5.41e-02	3.80e-01	5.65e-01
 8.95706e+22	7.36e-15	2.49e-10	2.30e-07	1.88e-05	3.78e-04	5.78e-02	3.89e-01	5.53e-01
 9.04822e+22	9.18e-15	3.01e-10	2.70e-07	2.14e-05	4.15e-04	6.11e-02	3.96e-01	5.43e-01
 9.14209e+22	1.22e-14	3.87e-10	3.34e-07	2.54e-05	4.69e-04	6.56e-02	4.05e-01	5.29e-01
 9.23647e+22	1.52e-14	4.67e-10	3.92e-07	2.89e-05	5.14e-04	6.93e-02	4.12e-01	5.18e-01
 9.33154e+22	2.03e-14	6.00e-10	4.85e-07	3.43e-05	5.81e-04	7.44e-02	4.21e-01	5.04e-01
 9.42839e+22	2.55e-14	7.33e-10	5.75e-07	3.94e-05	6.42e-04	7.88e-02	4.28e-01	4.93e-01
 9.52758e+22	3.43e-14	9.50e-10	7.19e-07	4.73e-05	7.30e-04	8.49e-02	4.37e-01	4.77e-01
 9.62870e+22	4.35e-14	1.17e-09	8.58e-07	5.47e-05	8.10e-04	9.01e-02	4.44e-01	4.65e-01
 9.73233e+22	5.92e-14	1.53e-09	1.08e-06	6.61e-05	9.29e-04	9.73e-02	4.53e-01	4.49e-01
 9.83722e+22	7.52e-14	1.89e-09	1.30e-06	7.68e-05	1.03e-03	1.03e-01	4.60e-01	4.35e-01
 9.92568e+22	9.33e-14	2.28e-09	1.53e-06	8.80e-05	1.14e-03	1.09e-01	4.66e-01	4.23e-01
 1.00226e+23	1.23e-13	2.91e-09	1.89e-06	1.05e-04	1.30e-03	1.17e-01	4.74e-01	4.08e-01
 1.01200e+23	1.52e-13	3.51e-09	2.23e-06	1.21e-04	1.43e-03	1.24e-01	4.79e-01	3.95e-01
 1.02150e+23	1.97e-13	4.40e-09	2.72e-06	1.43e-04	1.62e-03	1.32e-01	4.86e-01	3.80e-01
 1.03119e+23	2.43e-13	5.32e-09	3.21e-06	1.64e-04	1.79e-03	1.40e-01	4.91e-01	3.67e-01
 1.04073e+23	3.09e-13	6.58e-09	3.88e-06	1.93e-04	2.02e-03	1.49e-01	4.96e-01	3.53e-01
 1.05046e+23	3.82e-13	7.96e-09	4.60e-06	2.23e-04	2.24e-03	1.58e-01	5.00e-01	3.39e-01
 1.05999e+23	4.74e-13	9.66e-09	5.47e-06	2.60e-04	2.50e-03	1.67e-01	5.05e-01	3.25e-01
 1.06963e+23	5.82e-13	1.16e-08	6.47e-06	3.01e-04	2.79e-03	1.77e-01	5.08e-01	3.12e-01
 1.07915e+23	7.09e-13	1.39e-08	7.62e-06	3.47e-04	3.10e-03	1.87e-01	5.11e-01	2.99e-01
 1.08865e+23	8.58e-13	1.66e-08	8.93e-06	4.00e-04	3.44e-03	1.97e-01	5.13e-01	2.86e-01
 1.09816e+23	1.03e-12	1.96e-08	1.04e-05	4.60e-04	3.82e-03	2.08e-01	5.15e-01	2.73e-01
 1.10771e+23	1.24e-12	2.31e-08	1.22e-05	5.27e-04	4.23e-03	2.19e-01	5.16e-01	2.61e-01
 1.11728e+23	1.47e-12	2.71e-08	1.41e-05	6.04e-04	4.68e-03	2.30e-01	5.16e-01	2.48e-01
 1.12694e+23	1.74e-12	3.17e-08	1.64e-05	6.90e-04	5.18e-03	2.42e-01	5.16e-01	2.36e-01
 1.13669e+23	2.05e-12	3.69e-08	1.89e-05	7.87e-04	5.72e-03	2.54e-01	5.15e-01	2.25e-01
 1.14650e+23	2.39e-12	4.28e-08	2.18e-05	8.96e-04	6.31e-03	2.66e-01	5.13e-01	2.13e-01
 1.15646e+23	2.79e-12	4.96e-08	2.51e-05	1.02e-03	6.97e-03	2.79e-01	5.11e-01	2.02e-01
 1.16652e+23	3.24e-12	5.71e-08	2.87e-05	1.16e-03	7.66e-03	2.91e-01	5.08e-01	1.91e-01
 1.17679e+23	3.76e-12	6.58e-08	3.30e-05	1.32e-03	8.46e-03	3.05e-01	5.05e-01	1.80e-01
 1.18723e+23	4.39e-12	7.54e-08	3.76e-05	1.49e-03	9.30e-03	3.18e-01	5.01e-01	1.70e-01
 1.19678e+23	4.94e-12	8.43e-08	4.20e-05	1.65e-03	1.01e-02	3.29e-01	4.97e-01	1.62e-01
 1.20675e+23	5.69e-12	9.66e-08	4.81e-05	1.88e-03	1.11e-02	3.44e-01	4.91e-01	1.52e-01
 1.21689e+23	6.37e-12	1.08e-07	5.36e-05	2.07e-03	1.20e-02	3.56e-01	4.86e-01	1.44e-01
 1.22734e+23	7.33e-12	1.24e-07	6.14e-05	2.36e-03	1.32e-02	3.71e-01	4.79e-01	1.34e-01
 1.23784e+23	8.16e-12	1.37e-07	6.81e-05	2.60e-03	1.43e-02	3.82e-01	4.74e-01	1.27e-01
 1.24841e+23	9.31e-12	1.56e-07	7.77e-05	2.94e-03	1.57e-02	3.97e-01	4.66e-01	1.18e-01
 1.25901e+23	1.03e-11	1.73e-07	8.59e-05	3.23e-03	1.69e-02	4.09e-01	4.59e-01	1.12e-01
 1.26965e+23	1.17e-11	1.96e-07	9.75e-05	3.64e-03	1.85e-02	4.24e-01	4.50e-01	1.04e-01
 1.28040e+23	1.30e-11	2.16e-07	1.08e-04	3.98e-03	1.99e-02	4.35e-01	4.43e-01	9.80e-02
 1.29130e+23	1.47e-11	2.45e-07	1.22e-04	4.47e-03	2.18e-02	4.50e-01	4.33e-01	9.07e-02
 1.30233e+23	1.62e-11	2.70e-07	1.35e-04	4.89e-03	2.33e-02	4.61e-01	4.25e-01	8.53e-02
 1.31355e+23	1.83e-11	3.05e-07	1.52e-04	5.48e-03	2.55e-02	4.76e-01	4.14e-01	7.86e-02
 1.32497e+23	2.02e-11	3.37e-07	1.68e-04	5.99e-03	2.73e-02	4.87e-01	4.06e-01	7.37e-02
 1.33665e+23	2.28e-11	3.81e-07	1.91e-04	6.71e-03	2.98e-02	5.01e-01	3.94e-01	6.76e-02
 1.34859e+23	2.53e-11	4.22e-07	2.11e-04	7.34e-03	3.19e-02	5.12e-01	3.85e-01	6.31e-02
 1.36088e+23	2.86e-11	4.78e-07	2.41e-04	8.23e-03	3.49e-02	5.27e-01	3.73e-01	5.75e-02
 1.37343e+23	3.19e-11	5.32e-07	2.67e-04	9.01e-03	3.74e-02	5.37e-01	3.63e-01	5.34e-02
 1.38399e+23	3.49e-11	5.83e-07	2.93e-04	9.75e-03	3.97e-02	5.47e-01	3.54e-01	5.00e-02
 1.39539e+23	3.92e-11	6.54e-07	3.29e-04	1.08e-02	4.28e-02	5.58e-01	3.42e-01	4.58e-02
 1.40650e+23	4.27e-11	7.12e-07	3.58e-04	1.16e-02	4.52e-02	5.66e-01	3.34e-01	4.30e-02
 1.41725e+23	4.73e-11	7.91e-07	3.99e-04	1.27e-02	4.85e-02	5.76e-01	3.23e-01	3.95e-02
 1.42811e+23	5.19e-11	8.65e-07	4.35e-04	1.36e-02	5.10e-02	5.84e-01	3.14e-01	3.71e-02
 1.43911e+23	5.78e-11	9.64e-07	4.86e-04	1.49e-02	5.46e-02	5.93e-01	3.03e-01	3.40e-02
 1.45026e+23	6.36e-11	1.06e-06	5.31e-04	1.60e-02	5.75e-02	6.00e-01	2.95e-01	3.17e-02
 1.46161e+23	7.09e-11	1.18e-06	5.94e-04	1.75e-02	6.15e-02	6.08e-01	2.83e-01	2.90e-02
 1.47313e+23	7.84e-11	1.30e-06	6.51e-04	1.88e-02	6.47e-02	6.14e-01	2.75e-01	2.70e-02
 1.48487e+23	8.79e-11	1.46e-06	7.30e-04	2.05e-02	6.92e-02	6.21e-01	2.64e-01	2.45e-02
 1.49681e+23	9.78e-11	1.61e-06	8.03e-04	2.20e-02	7.28e-02	6.27e-01	2.55e-01	2.28e-02
 1.50902e+23	1.10e-10	1.82e-06	9.04e-04	2.41e-02	7.78e-02	6.33e-01	2.44e-01	2.06e-02
 1.52149e+23	1.23e-10	2.02e-06	9.98e-04	2.60e-02	8.18e-02	6.37e-01	2.35e-01	1.90e-02
 1.53429e+23	1.40e-10	2.29e-06	1.13e-03	2.85e-02	8.74e-02	6.42e-01	2.23e-01	1.71e-02
 1.54742e+23	1.57e-10	2.56e-06	1.25e-03	3.07e-02	9.20e-02	6.46e-01	2.15e-01	1.57e-02
 1.56097e+23	1.81e-10	2.93e-06	1.43e-03	3.37e-02	9.83e-02	6.49e-01	2.03e-01	1.40e-02
 1.57470e+23	2.05e-10	3.29e-06	1.59e-03	3.64e-02	1.03e-01	6.51e-01	1.95e-01	1.28e-02
 1.58866e+23	2.37e-10	3.78e-06	1.82e-03	4.00e-02	1.10e-01	6.53e-01	1.83e-01	1.13e-02
 1.60276e+23	2.70e-10	4.26e-06	2.02e-03	4.30e-02	1.16e-01	6.54e-01	1.75e-01	1.03e-02
 1.61704e+23	3.14e-10	4.92e-06	2.32e-03	4.73e-02	1.23e-01	6.54e-01	1.64e-01	9.13e-03
 1.63157e+23	3.61e-10	5.58e-06	2.59e-03	5.10e-02	1.29e-01	6.53e-01	1.56e-01	8.28e-03
 1.64438e+23	4.08e-10	6.26e-06	2.88e-03	5.48e-02	1.35e-01	6.51e-01	1.49e-01	7.49e-03
 1.65896e+23	4.82e-10	7.30e-06	3.31e-03	6.00e-02	1.43e-01	6.48e-01	1.39e-01	6.59e-03
 1.67384e+23	5.49e-10	8.25e-06	3.70e-03	6.46e-02	1.50e-01	6.45e-01	1.31e-01	5.92e-03
 1.68593e+23	6.20e-10	9.19e-06	4.08e-03	6.87e-02	1.56e-01	6.41e-01	1.25e-01	5.40e-03
 1.69847e+23	7.17e-10	1.05e-05	4.57e-03	7.39e-02	1.62e-01	6.36e-01	1.18e-01	4.85e-03
 1.71167e+23	8.14e-10	1.17e-05	5.05e-03	7.88e-02	1.69e-01	6.31e-01	1.12e-01	4.39e-03
 1.72378e+23	9.23e-10	1.31e-05	5.58e-03	8.38e-02	1.75e-01	6.26e-01	1.06e-01	3.98e-03
 1.73759e+23	1.09e-09	1.52e-05	6.31e-03	9.06e-02	1.83e-01	6.18e-01	9.89e-02	3.52e-03
 1.75177e+23	1.24e-09	1.72e-05	7.03e-03	9.68e-02	1.90e-01	6.10e-01	9.29e-02	3.14e-03
 1.76422e+23	1.42e-09	1.93e-05	7.76e-03	1.03e-01	1.96e-01	6.03e-01	8.77e-02	2.84e-03
 1.77820e+23	1.68e-09	2.23e-05	8.78e-03	1.11e-01	2.04e-01	5.93e-01	8.15e-02	2.49e-03
 1.79287e+23	1.94e-09	2.54e-05	9.81e-03	1.18e-01	2.11e-01	5.83e-01	7.60e-02	2.21e-03
 1.80616e+23	2.23e-09	2.87e-05	1.09e-02	1.26e-01	2.17e-01	5.73e-01	7.12e-02	1.97e-03
 1.82116e+23	2.68e-09	3.35e-05	1.24e-02	1.36e-01	2.25e-01	5.59e-01	6.54e-02	1.71e-03
 1.83665e+23	3.13e-09	3.84e-05	1.38e-02	1.45e-01	2.32e-01	5.47e-01	6.06e-02	1.50e-03
 1.85044e+23	3.63e-09	4.36e-05	1.53e-02	1.54e-01	2.39e-01	5.35e-01	5.63e-02	1.32e-03
 1.86605e+23	4.38e-09	5.12e-05	1.75e-02	1.65e-01	2.46e-01	5.19e-01	5.12e-02	1.13e-03
 1.88227e+23	5.17e-09	5.90e-05	1.96e-02	1.76e-01	2.53e-01	5.03e-01	4.70e-02	9.81e-04
 1.89687e+23	6.06e-09	6.74e-05	2.18e-02	1.86e-01	2.59e-01	4.89e-01	4.32e-02	8.56e-04
 1.91342e+23	7.43e-09	7.99e-05	2.49e-02	2.00e-01	2.66e-01	4.69e-01	3.88e-02	7.18e-04
 1.93048e+23	8.83e-09	9.23e-05	2.79e-02	2.13e-01	2.71e-01	4.52e-01	3.52e-02	6.16e-04
 1.94583e+23	1.05e-08	1.06e-04	3.10e-02	2.25e-01	2.76e-01	4.36e-01	3.20e-02	5.29e-04
 1.96342e+23	1.30e-08	1.27e-04	3.55e-02	2.41e-01	2.81e-01	4.14e-01	2.83e-02	4.35e-04
 1.98125e+23	1.55e-08	1.47e-04	3.97e-02	2.54e-01	2.85e-01	3.95e-01	2.54e-02	3.67e-04
 1.99702e+23	1.85e-08	1.69e-04	4.41e-02	2.68e-01	2.88e-01	3.77e-01	2.29e-02	3.12e-04
 2.01514e+23	2.31e-08	2.03e-04	5.04e-02	2.85e-01	2.91e-01	3.54e-01	1.98e-02	2.52e-04
 2.03349e+23	2.77e-08	2.34e-04	5.60e-02	2.99e-01	2.92e-01	3.35e-01	1.76e-02	2.10e-04
 2.05213e+23	3.49e-08	2.81e-04	6.37e-02	3.17e-01	2.93e-01	3.11e-01	1.52e-02	1.68e-04
 2.07116e+23	4.23e-08	3.27e-04	7.08e-02	3.31e-01	2.92e-01	2.92e-01	1.33e-02	1.38e-04
 2.08812e+23	5.10e-08	3.79e-04	7.83e-02	3.45e-01	2.91e-01	2.73e-01	1.17e-02	1.14e-04
 2.10756e+23	6.49e-08	4.57e-04	8.88e-02	3.63e-01	2.88e-01	2.50e-01	9.85e-03	8.83e-05
 2.12732e+23	7.89e-08	5.30e-04	9.82e-02	3.76e-01	2.84e-01	2.32e-01	8.52e-03	7.15e-05
 2.14750e+23	1.01e-07	6.42e-04	1.11e-01	3.93e-01	2.79e-01	2.10e-01	7.05e-03	5.43e-05
 2.16723e+23	1.22e-07	7.37e-04	1.21e-01	4.05e-01	2.73e-01	1.94e-01	6.11e-03	4.42e-05
 2.18640e+23	1.54e-07	8.79e-04	1.36e-01	4.18e-01	2.66e-01	1.74e-01	5.05e-03	3.36e-05
 2.20491e+23	1.83e-07	9.95e-04	1.46e-01	4.27e-01	2.60e-01	1.61e-01	4.40e-03	2.77e-05
 2.22258e+23	2.26e-07	1.17e-03	1.61e-01	4.38e-01	2.51e-01	1.45e-01	3.67e-03	2.14e-05
 2.24026e+23	2.68e-07	1.32e-03	1.73e-01	4.45e-01	2.44e-01	1.34e-01	3.17e-03	1.74e-05
 2.25797e+23	3.31e-07	1.54e-03	1.89e-01	4.53e-01	2.35e-01	1.20e-01	2.63e-03	1.34e-05
 2.27615e+23	3.95e-07	1.74e-03	2.03e-01	4.58e-01	2.26e-01	1.09e-01	2.24e-03	1.07e-05
 2.29247e+23	4.69e-07	1.97e-03	2.17e-01	4.63e-01	2.18e-01	9.89e-02	1.91e-03	8.56e-06
 2.31122e+23	5.85e-07	2.30e-03	2.36e-01	4.67e-01	2.06e-01	8.71e-02	1.55e-03	6.40e-06
 2.33019e+23	6.99e-07	2.61e-03	2.52e-01	4.69e-01	1.97e-01	7.83e-02	1.29e-03	5.02e-06
 2.34944e+23	8.69e-07	3.03e-03	2.72e-01	4.70e-01	1.85e-01	6.85e-02	1.04e-03	3.72e-06
 2.36818e+23	1.03e-06	3.40e-03	2.88e-01	4.70e-01	1.76e-01	6.15e-02	8.76e-04	2.93e-06
 2.38297e+23	1.19e-06	3.76e-03	3.03e-01	4.69e-01	1.68e-01	5.60e-02	7.52e-04	2.38e-06
 2.39889e+23	1.41e-06	4.23e-03	3.20e-01	4.66e-01	1.59e-01	4.98e-02	6.23e-04	1.84e-06
 2.41528e+23	1.64e-06	4.68e-03	3.36e-01	4.63e-01	1.51e-01	4.49e-02	5.28e-04	1.47e-06
 2.42998e+23	1.90e-06	5.16e-03	3.51e-01	4.60e-01	1.43e-01	4.05e-02	4.49e-04	1.18e-06
 2.44680e+23	2.28e-06	5.83e-03	3.70e-01	4.54e-01	1.34e-01	3.55e-02	3.65e-04	8.94e-07
 2.46380e+23	2.64e-06	6.43e-03	3.87e-01	4.49e-01	1.26e-01	3.18e-02	3.06e-04	7.05e-07
 2.47869e+23	3.05e-06	7.07e-03	4.03e-01	4.43e-01	1.19e-01	2.85e-02	2.58e-04	5.60e-07
 2.49572e+23	3.64e-06	7.95e-03	4.22e-01	4.35e-01	1.10e-01	2.48e-02	2.08e-04	4.19e-07
 2.51305e+23	4.23e-06	8.76e-03	4.39e-01	4.27e-01	1.03e-01	2.21e-02	1.73e-04	3.26e-07
 2.52838e+23	4.89e-06	9.63e-03	4.55e-01	4.19e-01	9.65e-02	1.96e-02	1.44e-04	2.56e-07
 2.54590e+23	5.86e-06	1.08e-02	4.75e-01	4.08e-01	8.86e-02	1.69e-02	1.14e-04	1.88e-07
 2.56366e+23	6.80e-06	1.19e-02	4.92e-01	3.99e-01	8.24e-02	1.49e-02	9.42e-05	1.45e-07
 2.57934e+23	7.86e-06	1.31e-02	5.08e-01	3.89e-01	7.66e-02	1.32e-02	7.78e-05	0.00e+00
 2.59733e+23	9.42e-06	1.47e-02	5.28e-01	3.77e-01	6.98e-02	1.12e-02	6.10e-05	0.00e+00
 2.61564e+23	1.09e-05	1.61e-02	5.44e-01	3.66e-01	6.44e-02	9.84e-03	4.96e-05	0.00e+00
 2.63437e+23	1.32e-05	1.82e-02	5.63e-01	3.52e-01	5.82e-02	8.31e-03	3.83e-05	0.00e+00
 2.65333e+23	1.54e-05	2.00e-02	5.79e-01	3.40e-01	5.33e-02	7.21e-03	3.08e-05	0.00e+00
 2.67257e+23	1.85e-05	2.25e-02	5.98e-01	3.25e-01	4.78e-02	6.04e-03	2.35e-05	0.00e+00
 2.69218e+23	2.17e-05	2.47e-02	6.14e-01	3.13e-01	4.36e-02	5.19e-03	1.87e-05	0.00e+00
 2.70961e+23	2.52e-05	2.72e-02	6.28e-01	3.00e-01	3.97e-02	4.48e-03	1.49e-05	0.00e+00
 2.72960e+23	3.04e-05	3.05e-02	6.46e-01	2.85e-01	3.52e-02	3.71e-03	1.12e-05	0.00e+00
 2.75010e+23	3.57e-05	3.37e-02	6.60e-01	2.72e-01	3.18e-02	3.15e-03	8.73e-06	0.00e+00
 2.76573e+23	3.99e-05	3.60e-02	6.69e-01	2.63e-01	2.95e-02	2.81e-03	7.34e-06	0.00e+00
 2.78050e+23	4.59e-05	3.92e-02	6.80e-01	2.51e-01	2.69e-02	2.43e-03	5.89e-06	0.00e+00
 2.79563e+23	5.13e-05	4.19e-02	6.89e-01	2.42e-01	2.49e-02	2.16e-03	4.92e-06	0.00e+00
 2.81122e+23	5.93e-05	4.58e-02	6.99e-01	2.30e-01	2.25e-02	1.85e-03	3.89e-06	0.00e+00
 2.82692e+23	6.65e-05	4.91e-02	7.07e-01	2.21e-01	2.08e-02	1.63e-03	3.22e-06	0.00e+00
 2.84277e+23	7.69e-05	5.36e-02	7.16e-01	2.10e-01	1.87e-02	1.39e-03	2.54e-06	0.00e+00
 2.85883e+23	8.66e-05	5.75e-02	7.23e-01	2.01e-01	1.72e-02	1.22e-03	2.08e-06	0.00e+00
 2.87516e+23	1.00e-04	6.29e-02	7.31e-01	1.89e-01	1.54e-02	1.04e-03	1.62e-06	0.00e+00
 2.89168e+23	1.14e-04	6.76e-02	7.37e-01	1.80e-01	1.40e-02	9.02e-04	1.31e-06	0.00e+00
 2.90844e+23	1.32e-04	7.38e-02	7.43e-01	1.70e-01	1.25e-02	7.61e-04	1.02e-06	0.00e+00
 2.92555e+23	1.50e-04	7.96e-02	7.48e-01	1.60e-01	1.13e-02	6.56e-04	8.14e-07	0.00e+00
 2.94071e+23	1.69e-04	8.56e-02	7.51e-01	1.52e-01	1.03e-02	5.68e-04	6.57e-07	0.00e+00
 2.95804e+23	1.98e-04	9.39e-02	7.55e-01	1.42e-01	9.12e-03	4.73e-04	4.99e-07	0.00e+00
 2.97576e+23	2.26e-04	1.01e-01	7.57e-01	1.33e-01	8.20e-03	4.05e-04	3.95e-07	0.00e+00
 2.99400e+23	2.67e-04	1.12e-01	7.58e-01	1.23e-01	7.19e-03	3.32e-04	2.94e-07	0.00e+00
 3.01242e+23	3.08e-04	1.21e-01	7.57e-01	1.14e-01	6.41e-03	2.80e-04	2.28e-07	0.00e+00
 3.02838e+23	3.52e-04	1.31e-01	7.56e-01	1.07e-01	5.75e-03	2.38e-04	1.80e-07	0.00e+00
 3.04645e+23	4.17e-04	1.45e-01	7.52e-01	9.77e-02	5.00e-03	1.94e-04	1.32e-07	0.00e+00
 3.06466e+23	4.83e-04	1.58e-01	7.47e-01	9.04e-02	4.45e-03	1.63e-04	0.00e+00	0.00e+00
 3.07918e+23	5.48e-04	1.70e-01	7.41e-01	8.46e-02	4.03e-03	1.41e-04	0.00e+00	0.00e+00
