#depth	Si	Si+	Si+2	Si+3	Si+4	Si+5	Si+6	Si+7	Si+8	Si+9	Si+10	Si+11	Si+12	Si+13	Si+14
 1.54284e+22	0.00e+00	1.01e-25	1.64e-21	4.57e-18	3.21e-14	2.27e-11	4.79e-09	3.28e-07	9.93e-06	1.39e-04	1.12e-03	9.26e-03	1.83e-01	4.60e-01	3.46e-01
 3.51812e+22	0.00e+00	7.75e-24	8.34e-20	1.74e-16	9.46e-13	4.88e-10	7.38e-08	3.60e-06	7.84e-05	7.57e-04	3.93e-03	2.12e-02	2.79e-01	4.63e-01	2.32e-01
 4.16678e+22	0.00e+00	8.64e-23	7.20e-19	1.12e-15	5.55e-12	2.47e-09	3.18e-07	1.30e-05	2.38e-04	1.87e-03	7.60e-03	3.20e-02	3.36e-01	4.44e-01	1.78e-01
 4.49111e+22	2.06e-34	3.13e-22	2.24e-18	2.94e-15	1.41e-11	5.85e-09	6.95e-07	2.58e-05	4.33e-04	3.05e-03	1.08e-02	3.96e-02	3.68e-01	4.28e-01	1.51e-01
 4.62625e+22	3.14e-34	4.39e-22	3.01e-18	3.77e-15	1.80e-11	7.35e-09	8.55e-07	3.10e-05	5.08e-04	3.47e-03	1.18e-02	4.18e-02	3.76e-01	4.22e-01	1.44e-01
 4.67257e+22	4.22e-34	5.58e-22	3.71e-18	4.49e-15	2.13e-11	8.63e-09	9.91e-07	3.53e-05	5.68e-04	3.80e-03	1.26e-02	4.35e-02	3.81e-01	4.18e-01	1.39e-01
 4.71694e+22	6.17e-34	7.58e-22	4.84e-18	5.61e-15	2.66e-11	1.06e-08	1.20e-06	4.17e-05	6.57e-04	4.27e-03	1.37e-02	4.57e-02	3.89e-01	4.13e-01	1.34e-01
 4.76259e+22	8.42e-34	9.75e-22	6.02e-18	6.72e-15	3.18e-11	1.26e-08	1.40e-06	4.78e-05	7.39e-04	4.70e-03	1.47e-02	4.76e-02	3.95e-01	4.09e-01	1.29e-01
 4.80990e+22	1.28e-33	1.37e-21	8.07e-18	8.55e-15	4.04e-11	1.58e-08	1.72e-06	5.76e-05	8.68e-04	5.35e-03	1.62e-02	5.02e-02	4.03e-01	4.02e-01	1.22e-01
 4.85540e+22	1.69e-33	1.71e-21	9.79e-18	1.00e-14	4.75e-11	1.84e-08	1.98e-06	6.50e-05	9.64e-04	5.82e-03	1.72e-02	5.20e-02	4.08e-01	3.98e-01	1.18e-01
 4.89856e+22	2.47e-33	2.33e-21	1.28e-17	1.25e-14	5.91e-11	2.26e-08	2.40e-06	7.70e-05	1.12e-03	6.56e-03	1.87e-02	5.46e-02	4.14e-01	3.92e-01	1.13e-01
 4.94266e+22	3.32e-33	2.95e-21	1.57e-17	1.47e-14	7.01e-11	2.66e-08	2.79e-06	8.79e-05	1.25e-03	7.18e-03	1.99e-02	5.66e-02	4.20e-01	3.87e-01	1.09e-01
 4.98801e+22	4.93e-33	4.06e-21	2.06e-17	1.84e-14	8.79e-11	3.30e-08	3.41e-06	1.05e-04	1.46e-03	8.11e-03	2.17e-02	5.94e-02	4.26e-01	3.80e-01	1.03e-01
 5.03441e+22	6.79e-33	5.25e-21	2.56e-17	2.20e-14	1.06e-10	3.93e-08	4.01e-06	1.21e-04	1.65e-03	8.96e-03	2.33e-02	6.18e-02	4.32e-01	3.74e-01	9.87e-02
 5.08218e+22	1.02e-32	7.31e-21	3.39e-17	2.76e-14	1.34e-10	4.94e-08	4.94e-06	1.46e-04	1.93e-03	1.02e-02	2.55e-02	6.50e-02	4.38e-01	3.66e-01	9.32e-02
 5.13019e+22	1.41e-32	9.45e-21	4.22e-17	3.29e-14	1.60e-10	5.89e-08	5.82e-06	1.68e-04	2.19e-03	1.12e-02	2.73e-02	6.75e-02	4.43e-01	3.59e-01	8.90e-02
 5.17848e+22	2.12e-32	1.31e-20	5.58e-17	4.10e-14	2.03e-10	7.38e-08	7.19e-06	2.02e-04	2.56e-03	1.27e-02	2.98e-02	7.09e-02	4.49e-01	3.51e-01	8.38e-02
 5.22558e+22	2.84e-32	1.66e-20	6.80e-17	4.81e-14	2.40e-10	8.69e-08	8.36e-06	2.31e-04	2.87e-03	1.39e-02	3.18e-02	7.34e-02	4.53e-01	3.44e-01	8.01e-02
 5.27113e+22	4.18e-32	2.27e-20	8.83e-17	5.90e-14	2.99e-10	1.08e-07	1.02e-05	2.76e-04	3.34e-03	1.57e-02	3.46e-02	7.68e-02	4.58e-01	3.36e-01	7.54e-02
 5.31694e+22	5.54e-32	2.85e-20	1.07e-16	6.87e-14	3.51e-10	1.26e-07	1.18e-05	3.13e-04	3.72e-03	1.71e-02	3.67e-02	7.93e-02	4.62e-01	3.29e-01	7.21e-02
 5.36309e+22	8.03e-32	3.84e-20	1.37e-16	8.36e-14	4.35e-10	1.55e-07	1.44e-05	3.71e-04	4.30e-03	1.92e-02	3.97e-02	8.27e-02	4.66e-01	3.21e-01	6.77e-02
 5.41039e+22	1.08e-31	4.86e-20	1.67e-16	9.77e-14	5.14e-10	1.83e-07	1.67e-05	4.25e-04	4.81e-03	2.10e-02	4.23e-02	8.54e-02	4.68e-01	3.13e-01	6.44e-02
 5.45919e+22	1.56e-31	6.57e-20	2.15e-16	1.19e-13	6.37e-10	2.25e-07	2.04e-05	5.04e-04	5.56e-03	2.35e-02	4.57e-02	8.89e-02	4.71e-01	3.04e-01	6.03e-02
 5.50914e+22	2.11e-31	8.35e-20	2.62e-16	1.39e-13	7.56e-10	2.66e-07	2.38e-05	5.79e-04	6.24e-03	2.57e-02	4.86e-02	9.18e-02	4.73e-01	2.96e-01	5.71e-02
 5.56056e+22	3.08e-31	1.13e-19	3.38e-16	1.69e-13	9.38e-10	3.29e-07	2.90e-05	6.89e-04	7.22e-03	2.88e-02	5.26e-02	9.55e-02	4.75e-01	2.87e-01	5.32e-02
 5.61299e+22	4.13e-31	1.43e-19	4.12e-16	1.97e-13	1.11e-09	3.89e-07	3.39e-05	7.88e-04	8.08e-03	3.15e-02	5.58e-02	9.83e-02	4.76e-01	2.79e-01	5.02e-02
 5.66680e+22	6.00e-31	1.94e-19	5.28e-16	2.39e-13	1.38e-09	4.80e-07	4.12e-05	9.36e-04	9.32e-03	3.52e-02	6.02e-02	1.02e-01	4.77e-01	2.69e-01	4.66e-02
 5.72155e+22	8.03e-31	2.45e-19	6.43e-16	2.78e-13	1.63e-09	5.65e-07	4.81e-05	1.07e-03	1.04e-02	3.83e-02	6.37e-02	1.05e-01	4.77e-01	2.61e-01	4.39e-02
 5.77752e+22	1.16e-30	3.30e-19	8.22e-16	3.36e-13	2.01e-09	6.95e-07	5.83e-05	1.27e-03	1.20e-02	4.26e-02	6.85e-02	1.08e-01	4.76e-01	2.50e-01	4.05e-02
 5.83385e+22	1.54e-30	4.14e-19	9.92e-16	3.89e-13	2.36e-09	8.13e-07	6.75e-05	1.44e-03	1.33e-02	4.62e-02	7.23e-02	1.11e-01	4.75e-01	2.42e-01	3.81e-02
 5.89064e+22	2.19e-30	5.51e-19	1.26e-15	4.67e-13	2.88e-09	9.91e-07	8.12e-05	1.69e-03	1.52e-02	5.11e-02	7.72e-02	1.15e-01	4.73e-01	2.32e-01	3.52e-02
 5.94888e+22	2.90e-30	6.92e-19	1.52e-15	5.40e-13	3.39e-09	1.16e-06	9.40e-05	1.92e-03	1.68e-02	5.53e-02	8.13e-02	1.17e-01	4.71e-01	2.24e-01	3.29e-02
 5.99935e+22	3.74e-30	8.51e-19	1.80e-15	6.17e-13	3.91e-09	1.34e-06	1.07e-04	2.16e-03	1.85e-02	5.93e-02	8.51e-02	1.19e-01	4.68e-01	2.17e-01	3.10e-02
 6.05531e+22	5.18e-30	1.11e-18	2.25e-15	7.30e-13	4.70e-09	1.60e-06	1.27e-04	2.49e-03	2.08e-02	6.48e-02	9.01e-02	1.22e-01	4.64e-01	2.07e-01	2.86e-02
 6.11196e+22	6.68e-30	1.36e-18	2.66e-15	8.33e-13	5.43e-09	1.84e-06	1.44e-04	2.79e-03	2.27e-02	6.94e-02	9.40e-02	1.24e-01	4.60e-01	2.00e-01	2.68e-02
 6.16952e+22	9.23e-30	1.77e-18	3.31e-15	9.83e-13	6.50e-09	2.20e-06	1.70e-04	3.22e-03	2.55e-02	7.56e-02	9.92e-02	1.27e-01	4.55e-01	1.90e-01	2.46e-02
 6.22798e+22	1.19e-29	2.17e-18	3.92e-15	1.12e-12	7.47e-09	2.52e-06	1.93e-04	3.59e-03	2.78e-02	8.06e-02	1.03e-01	1.29e-01	4.50e-01	1.83e-01	2.30e-02
 6.27921e+22	1.51e-29	2.63e-18	4.61e-15	1.27e-12	8.55e-09	2.87e-06	2.18e-04	3.99e-03	3.02e-02	8.58e-02	1.07e-01	1.30e-01	4.45e-01	1.76e-01	2.16e-02
 6.33745e+22	2.06e-29	3.39e-18	5.68e-15	1.49e-12	1.01e-08	3.39e-06	2.55e-04	4.57e-03	3.36e-02	9.28e-02	1.12e-01	1.32e-01	4.37e-01	1.67e-01	1.97e-02
 6.39545e+22	2.59e-29	4.08e-18	6.63e-15	1.68e-12	1.15e-08	3.83e-06	2.85e-04	5.03e-03	3.63e-02	9.79e-02	1.16e-01	1.34e-01	4.32e-01	1.61e-01	1.85e-02
 6.45314e+22	3.49e-29	5.20e-18	8.11e-15	1.96e-12	1.35e-08	4.48e-06	3.30e-04	5.71e-03	4.01e-02	1.05e-01	1.21e-01	1.35e-01	4.23e-01	1.52e-01	1.69e-02
 6.51196e+22	4.39e-29	6.27e-18	9.49e-15	2.22e-12	1.53e-08	5.06e-06	3.69e-04	6.28e-03	4.31e-02	1.11e-01	1.25e-01	1.36e-01	4.17e-01	1.46e-01	1.58e-02
 6.57225e+22	5.93e-29	8.00e-18	1.16e-14	2.59e-12	1.80e-08	5.91e-06	4.26e-04	7.12e-03	4.75e-02	1.19e-01	1.30e-01	1.37e-01	4.07e-01	1.38e-01	1.44e-02
 6.63369e+22	7.49e-29	9.68e-18	1.36e-14	2.94e-12	2.04e-08	6.67e-06	4.76e-04	7.82e-03	5.11e-02	1.25e-01	1.33e-01	1.38e-01	4.00e-01	1.31e-01	1.34e-02
 6.69661e+22	3.38e-29	1.24e-17	1.68e-14	3.45e-12	2.39e-08	7.79e-06	5.49e-04	8.85e-03	5.61e-02	1.34e-01	1.38e-01	1.38e-01	3.89e-01	1.23e-01	1.21e-02
 6.76069e+22	4.26e-29	1.50e-17	1.97e-14	3.92e-12	2.71e-08	8.78e-06	6.12e-04	9.71e-03	6.03e-02	1.40e-01	1.41e-01	1.39e-01	3.81e-01	1.17e-01	1.12e-02
 6.82629e+22	5.75e-29	1.93e-17	2.43e-14	4.61e-12	3.18e-08	1.02e-05	7.05e-04	1.10e-02	6.60e-02	1.49e-01	1.46e-01	1.39e-01	3.69e-01	1.10e-01	1.01e-02
 6.89041e+22	7.09e-29	2.30e-17	2.82e-14	5.20e-12	3.56e-08	1.14e-05	7.77e-04	1.19e-02	7.01e-02	1.55e-01	1.49e-01	1.38e-01	3.61e-01	1.05e-01	9.43e-03
 6.95261e+22	9.40e-29	2.90e-17	3.43e-14	6.03e-12	4.11e-08	1.31e-05	8.84e-04	1.33e-02	7.62e-02	1.64e-01	1.52e-01	1.38e-01	3.49e-01	9.76e-02	8.50e-03
 7.01576e+22	1.16e-28	3.46e-17	3.99e-14	6.81e-12	4.61e-08	1.46e-05	9.72e-04	1.44e-02	8.08e-02	1.71e-01	1.55e-01	1.37e-01	3.40e-01	9.28e-02	7.89e-03
 7.08013e+22	1.53e-28	4.37e-17	4.84e-14	7.93e-12	5.32e-08	1.67e-05	1.10e-03	1.60e-02	8.72e-02	1.79e-01	1.58e-01	1.36e-01	3.28e-01	8.65e-02	7.11e-03
 7.14650e+22	1.92e-28	5.28e-17	5.69e-14	9.01e-12	5.98e-08	1.87e-05	1.22e-03	1.74e-02	9.28e-02	1.86e-01	1.61e-01	1.35e-01	3.18e-01	8.16e-02	6.52e-03
 7.21545e+22	2.55e-28	6.69e-17	6.96e-14	1.06e-11	6.92e-08	2.14e-05	1.38e-03	1.93e-02	9.99e-02	1.95e-01	1.63e-01	1.34e-01	3.06e-01	7.57e-02	5.84e-03
 7.28663e+22	3.24e-28	8.18e-17	8.26e-14	1.21e-11	7.83e-08	2.40e-05	1.53e-03	2.10e-02	1.06e-01	2.03e-01	1.65e-01	1.32e-01	2.95e-01	7.09e-02	5.31e-03
 7.36070e+22	4.35e-28	1.05e-16	1.02e-13	1.43e-11	9.11e-08	2.77e-05	1.73e-03	2.33e-02	1.14e-01	2.12e-01	1.67e-01	1.30e-01	2.81e-01	6.52e-02	4.72e-03
 7.43675e+22	5.57e-28	1.29e-16	1.22e-13	1.65e-11	1.03e-07	3.11e-05	1.92e-03	2.54e-02	1.21e-01	2.19e-01	1.69e-01	1.28e-01	2.70e-01	6.07e-02	4.26e-03
 7.51535e+22	7.56e-28	1.67e-16	1.52e-13	1.97e-11	1.21e-07	3.59e-05	2.18e-03	2.82e-02	1.30e-01	2.28e-01	1.70e-01	1.25e-01	2.56e-01	5.54e-02	3.75e-03
 7.59647e+22	9.80e-28	2.07e-16	1.83e-13	2.28e-11	1.37e-07	4.05e-05	2.42e-03	3.07e-02	1.38e-01	2.36e-01	1.71e-01	1.23e-01	2.44e-01	5.12e-02	3.35e-03
 7.68087e+22	1.35e-27	2.70e-16	2.31e-13	2.75e-11	1.61e-07	4.69e-05	2.76e-03	3.41e-02	1.48e-01	2.45e-01	1.71e-01	1.19e-01	2.30e-01	4.64e-02	2.92e-03
 7.76800e+22	1.77e-27	3.39e-16	2.80e-13	3.22e-11	1.85e-07	5.30e-05	3.07e-03	3.72e-02	1.57e-01	2.52e-01	1.71e-01	1.16e-01	2.18e-01	4.25e-02	2.58e-03
 7.84661e+22	2.29e-27	4.21e-16	3.38e-13	3.75e-11	2.10e-07	5.96e-05	3.40e-03	4.03e-02	1.65e-01	2.58e-01	1.71e-01	1.13e-01	2.07e-01	3.90e-02	2.30e-03
 7.93671e+22	3.22e-27	5.59e-16	4.31e-13	4.55e-11	2.48e-07	6.92e-05	3.87e-03	4.48e-02	1.77e-01	2.67e-01	1.70e-01	1.09e-01	1.92e-01	3.47e-02	1.96e-03
 8.02755e+22	4.17e-27	6.94e-16	5.21e-13	5.30e-11	2.82e-07	7.76e-05	4.27e-03	4.83e-02	1.86e-01	2.72e-01	1.69e-01	1.06e-01	1.81e-01	3.17e-02	1.74e-03
 8.11933e+22	5.83e-27	9.18e-16	6.62e-13	6.42e-11	3.30e-07	8.96e-05	4.83e-03	5.33e-02	1.97e-01	2.79e-01	1.67e-01	1.01e-01	1.68e-01	2.81e-02	1.47e-03
 8.21307e+22	7.65e-27	1.15e-15	8.05e-13	7.50e-11	3.76e-07	1.01e-04	5.34e-03	5.77e-02	2.07e-01	2.84e-01	1.65e-01	9.73e-02	1.57e-01	2.54e-02	1.29e-03
 8.30935e+22	1.08e-26	1.53e-15	1.03e-12	9.12e-11	4.41e-07	1.16e-04	6.03e-03	6.34e-02	2.19e-01	2.90e-01	1.62e-01	9.24e-02	1.44e-01	2.23e-02	1.08e-03
 8.40765e+22	1.43e-26	1.94e-15	1.26e-12	1.07e-10	5.03e-07	1.30e-04	6.67e-03	6.86e-02	2.29e-01	2.94e-01	1.59e-01	8.84e-02	1.34e-01	1.99e-02	9.29e-04
 8.49509e+22	1.87e-26	2.44e-15	1.53e-12	1.25e-10	5.69e-07	1.46e-04	7.33e-03	7.38e-02	2.39e-01	2.97e-01	1.55e-01	8.44e-02	1.24e-01	1.78e-02	8.01e-04
 8.59528e+22	2.66e-26	3.29e-15	1.97e-12	1.52e-10	6.66e-07	1.68e-04	8.27e-03	8.11e-02	2.52e-01	3.01e-01	1.51e-01	7.92e-02	1.12e-01	1.53e-02	6.58e-04
 8.69045e+22	3.36e-26	4.01e-15	2.34e-12	1.75e-10	7.42e-07	1.85e-04	8.96e-03	8.61e-02	2.60e-01	3.02e-01	1.48e-01	7.58e-02	1.05e-01	1.39e-02	5.77e-04
 8.77911e+22	4.59e-26	5.23e-15	2.91e-12	2.07e-10	8.45e-07	2.08e-04	9.93e-03	9.33e-02	2.71e-01	3.04e-01	1.43e-01	7.13e-02	9.49e-02	1.20e-02	4.79e-04
 8.86796e+22	5.79e-26	6.38e-15	3.45e-12	2.36e-10	9.37e-07	2.28e-04	1.07e-02	9.89e-02	2.79e-01	3.05e-01	1.39e-01	6.80e-02	8.82e-02	1.08e-02	4.17e-04
 8.95706e+22	7.83e-26	8.27e-15	4.28e-12	2.79e-10	1.06e-06	2.55e-04	1.18e-02	1.07e-01	2.89e-01	3.05e-01	1.34e-01	6.37e-02	7.98e-02	9.37e-03	3.46e-04
 9.04822e+22	1.00e-25	1.02e-14	5.12e-12	3.20e-10	1.18e-06	2.80e-04	1.28e-02	1.13e-01	2.97e-01	3.04e-01	1.30e-01	6.03e-02	7.33e-02	8.31e-03	2.96e-04
 9.14209e+22	1.37e-25	1.35e-14	6.43e-12	3.80e-10	1.34e-06	3.14e-04	1.41e-02	1.22e-01	3.08e-01	3.03e-01	1.24e-01	5.60e-02	6.55e-02	7.07e-03	2.40e-04
 9.23647e+22	1.75e-25	1.67e-14	7.67e-12	4.36e-10	1.48e-06	3.44e-04	1.53e-02	1.29e-01	3.15e-01	3.01e-01	1.20e-01	5.28e-02	6.00e-02	6.24e-03	2.04e-04
 9.33154e+22	2.39e-25	2.21e-14	9.65e-12	5.18e-10	1.68e-06	3.85e-04	1.68e-02	1.39e-01	3.25e-01	2.98e-01	1.14e-01	4.87e-02	5.32e-02	5.27e-03	1.64e-04
 9.42839e+22	3.08e-25	2.77e-14	1.16e-11	5.96e-10	1.86e-06	4.21e-04	1.82e-02	1.48e-01	3.32e-01	2.94e-01	1.09e-01	4.56e-02	4.82e-02	4.59e-03	1.38e-04
 9.52758e+22	4.25e-25	3.72e-14	1.47e-11	7.14e-10	2.12e-06	4.72e-04	2.00e-02	1.59e-01	3.41e-01	2.89e-01	1.02e-01	4.17e-02	4.23e-02	3.82e-03	1.09e-04
 9.62870e+22	5.51e-25	4.72e-14	1.79e-11	8.26e-10	2.35e-06	5.17e-04	2.16e-02	1.68e-01	3.47e-01	2.85e-01	9.73e-02	3.87e-02	3.79e-02	3.29e-03	8.97e-05
 9.73233e+22	7.65e-25	6.45e-14	2.30e-11	9.98e-10	2.68e-06	5.80e-04	2.39e-02	1.81e-01	3.55e-01	2.78e-01	9.06e-02	3.51e-02	3.28e-02	2.69e-03	6.94e-05
 9.83722e+22	9.98e-25	8.27e-14	2.80e-11	1.16e-09	2.97e-06	6.36e-04	2.58e-02	1.92e-01	3.61e-01	2.72e-01	8.54e-02	3.24e-02	2.91e-02	2.28e-03	5.64e-05
 9.92568e+22	1.26e-24	1.04e-13	3.37e-11	1.33e-09	3.27e-06	6.91e-04	2.76e-02	2.02e-01	3.65e-01	2.65e-01	8.07e-02	3.00e-02	2.61e-02	1.97e-03	4.66e-05
 1.00226e+23	1.70e-24	1.40e-13	4.27e-11	1.60e-09	3.71e-06	7.69e-04	3.02e-02	2.16e-01	3.70e-01	2.57e-01	7.47e-02	2.71e-02	2.26e-02	1.61e-03	3.62e-05
 1.01200e+23	2.17e-24	1.77e-13	5.16e-11	1.85e-09	4.09e-06	8.37e-04	3.23e-02	2.27e-01	3.73e-01	2.50e-01	7.02e-02	2.50e-02	2.01e-02	1.37e-03	2.96e-05
 1.02150e+23	2.87e-24	2.37e-13	6.51e-11	2.21e-09	4.63e-06	9.28e-04	3.52e-02	2.41e-01	3.76e-01	2.40e-01	6.47e-02	2.26e-02	1.73e-02	1.13e-03	2.31e-05
 1.03119e+23	3.68e-24	3.04e-13	7.95e-11	2.58e-09	5.16e-06	1.01e-03	3.77e-02	2.54e-01	3.78e-01	2.32e-01	6.02e-02	2.07e-02	1.53e-02	9.49e-04	1.86e-05
 1.04073e+23	4.80e-24	4.06e-13	1.00e-10	3.09e-09	5.84e-06	1.12e-03	4.09e-02	2.68e-01	3.79e-01	2.22e-01	5.53e-02	1.86e-02	1.32e-02	7.76e-04	1.45e-05
 1.05046e+23	6.08e-24	5.30e-13	1.24e-10	3.66e-09	6.57e-06	1.23e-03	4.40e-02	2.82e-01	3.80e-01	2.13e-01	5.10e-02	1.69e-02	1.15e-02	6.45e-04	1.15e-05
 1.05999e+23	7.93e-24	7.03e-13	1.55e-10	4.38e-09	7.45e-06	1.36e-03	4.75e-02	2.97e-01	3.79e-01	2.03e-01	4.66e-02	1.52e-02	9.87e-03	5.29e-04	8.96e-06
 1.06963e+23	1.02e-23	9.27e-13	1.94e-10	5.23e-09	8.46e-06	1.51e-03	5.11e-02	3.12e-01	3.77e-01	1.93e-01	4.26e-02	1.37e-02	8.52e-03	4.35e-04	7.02e-06
 1.07915e+23	1.31e-23	1.23e-12	2.43e-10	6.27e-09	9.62e-06	1.66e-03	5.50e-02	3.27e-01	3.74e-01	1.83e-01	3.88e-02	1.23e-02	7.32e-03	3.56e-04	5.48e-06
 1.08865e+23	1.68e-23	1.62e-12	3.05e-10	7.54e-09	1.10e-05	1.84e-03	5.92e-02	3.42e-01	3.71e-01	1.73e-01	3.53e-02	1.11e-02	6.29e-03	2.92e-04	4.28e-06
 1.09816e+23	2.16e-23	2.14e-12	3.83e-10	9.09e-09	1.26e-05	2.04e-03	6.36e-02	3.57e-01	3.66e-01	1.63e-01	3.20e-02	9.91e-03	5.39e-03	2.38e-04	3.33e-06
 1.10771e+23	2.76e-23	2.83e-12	4.81e-10	1.10e-08	1.44e-05	2.26e-03	6.83e-02	3.72e-01	3.61e-01	1.54e-01	2.89e-02	8.85e-03	4.60e-03	1.94e-04	2.58e-06
 1.11728e+23	3.55e-23	3.74e-12	6.06e-10	1.33e-08	1.66e-05	2.50e-03	7.33e-02	3.87e-01	3.55e-01	1.44e-01	2.60e-02	7.88e-03	3.92e-03	1.57e-04	2.00e-06
 1.12694e+23	4.58e-23	4.95e-12	7.64e-10	1.62e-08	1.91e-05	2.78e-03	7.86e-02	4.03e-01	3.48e-01	1.34e-01	2.34e-02	7.00e-03	3.33e-03	1.27e-04	1.54e-06
 1.13669e+23	5.92e-23	6.56e-12	9.65e-10	1.97e-08	2.20e-05	3.08e-03	8.43e-02	4.17e-01	3.40e-01	1.25e-01	2.09e-02	6.20e-03	2.82e-03	1.02e-04	1.18e-06
 1.14650e+23	7.66e-23	8.67e-12	1.22e-09	2.40e-08	2.55e-05	3.42e-03	9.02e-02	4.32e-01	3.31e-01	1.16e-01	1.87e-02	5.48e-03	2.38e-03	8.25e-05	9.08e-07
 1.15646e+23	1.00e-22	1.15e-11	1.54e-09	2.94e-08	2.96e-05	3.81e-03	9.66e-02	4.46e-01	3.22e-01	1.08e-01	1.66e-02	4.82e-03	2.00e-03	6.59e-05	6.91e-07
 1.16652e+23	1.31e-22	1.52e-11	1.95e-09	3.60e-08	3.43e-05	4.22e-03	1.03e-01	4.60e-01	3.12e-01	9.96e-02	1.48e-02	4.24e-03	1.68e-03	5.28e-05	5.27e-07
 1.17679e+23	1.73e-22	2.02e-11	2.48e-09	4.44e-08	4.01e-05	4.71e-03	1.10e-01	4.73e-01	3.02e-01	9.15e-02	1.30e-02	3.70e-03	1.40e-03	4.18e-05	3.97e-07
 1.18723e+23	5.22e-22	2.67e-11	3.14e-09	5.45e-08	4.66e-05	5.23e-03	1.18e-01	4.86e-01	2.91e-01	8.41e-02	1.15e-02	3.24e-03	1.17e-03	3.32e-05	3.00e-07
 1.19678e+23	9.88e-22	3.36e-11	3.83e-09	6.47e-08	5.29e-05	5.71e-03	1.24e-01	4.95e-01	2.82e-01	7.82e-02	1.03e-02	2.89e-03	1.00e-03	2.73e-05	2.37e-07
 1.20675e+23	1.45e-21	4.50e-11	4.92e-09	8.06e-08	6.22e-05	6.38e-03	1.33e-01	5.07e-01	2.70e-01	7.11e-02	9.01e-03	2.49e-03	8.24e-04	2.13e-05	1.75e-07
 1.21689e+23	1.99e-21	5.66e-11	5.99e-09	9.59e-08	7.07e-05	6.96e-03	1.40e-01	5.16e-01	2.60e-01	6.59e-02	8.07e-03	2.21e-03	7.03e-04	1.74e-05	1.37e-07
 1.22734e+23	3.04e-21	7.58e-11	7.73e-09	1.20e-07	8.33e-05	7.79e-03	1.49e-01	5.26e-01	2.48e-01	5.95e-02	6.99e-03	1.89e-03	5.72e-04	1.34e-05	0.00e+00
 1.23784e+23	4.27e-21	9.49e-11	9.40e-09	1.43e-07	9.47e-05	8.48e-03	1.57e-01	5.33e-01	2.38e-01	5.50e-02	6.25e-03	1.67e-03	4.87e-04	1.09e-05	0.00e+00
 1.24841e+23	6.77e-21	1.26e-10	1.21e-08	1.78e-07	1.12e-04	9.47e-03	1.67e-01	5.41e-01	2.26e-01	4.95e-02	5.39e-03	1.43e-03	3.95e-04	8.40e-06	0.00e+00
 1.25901e+23	9.92e-21	1.57e-10	1.46e-08	2.11e-07	1.26e-04	1.03e-02	1.75e-01	5.46e-01	2.17e-01	4.57e-02	4.82e-03	1.26e-03	3.37e-04	6.87e-06	0.00e+00
 1.26965e+23	1.63e-20	2.07e-10	1.86e-08	2.63e-07	1.48e-04	1.14e-02	1.85e-01	5.52e-01	2.05e-01	4.11e-02	4.16e-03	1.07e-03	2.73e-04	5.28e-06	0.00e+00
 1.28040e+23	2.55e-20	2.56e-10	2.25e-08	3.11e-07	1.67e-04	1.24e-02	1.93e-01	5.56e-01	1.96e-01	3.78e-02	3.71e-03	9.48e-04	2.32e-04	4.30e-06	0.00e+00
 1.29130e+23	4.52e-20	3.35e-10	2.87e-08	3.87e-07	1.96e-04	1.37e-02	2.04e-01	5.60e-01	1.84e-01	3.39e-02	3.19e-03	8.04e-04	1.88e-04	3.29e-06	0.00e+00
 1.30233e+23	7.68e-20	4.14e-10	3.46e-08	4.58e-07	2.22e-04	1.49e-02	2.13e-01	5.62e-01	1.75e-01	3.11e-02	2.84e-03	7.07e-04	1.59e-04	2.67e-06	0.00e+00
 1.31355e+23	1.48e-19	5.41e-10	4.41e-08	5.70e-07	2.60e-04	1.65e-02	2.24e-01	5.64e-01	1.64e-01	2.78e-02	2.43e-03	5.97e-04	1.28e-04	2.03e-06	0.00e+00
 1.32497e+23	2.66e-19	6.68e-10	5.33e-08	6.76e-07	2.95e-04	1.79e-02	2.34e-01	5.64e-01	1.56e-01	2.54e-02	2.15e-03	5.22e-04	1.08e-04	1.64e-06	0.00e+00
 1.33665e+23	5.13e-19	8.74e-10	6.80e-08	8.44e-07	3.46e-04	1.98e-02	2.46e-01	5.64e-01	1.45e-01	2.26e-02	1.84e-03	4.38e-04	8.59e-05	1.24e-06	0.00e+00
 1.34859e+23	8.69e-19	1.08e-09	8.26e-08	1.01e-06	3.93e-04	2.15e-02	2.56e-01	5.63e-01	1.37e-01	2.06e-02	1.62e-03	3.81e-04	7.18e-05	9.88e-07	0.00e+00
 1.36088e+23	1.51e-18	1.42e-09	1.06e-07	1.26e-06	4.63e-04	2.38e-02	2.69e-01	5.60e-01	1.27e-01	1.82e-02	1.37e-03	3.17e-04	5.68e-05	7.36e-07	0.00e+00
 1.37343e+23	2.33e-18	1.76e-09	1.29e-07	1.51e-06	5.27e-04	2.58e-02	2.79e-01	5.57e-01	1.19e-01	1.65e-02	1.20e-03	2.74e-04	4.72e-05	5.84e-07	0.00e+00
 1.38399e+23	3.27e-18	2.12e-09	1.53e-07	1.77e-06	5.90e-04	2.77e-02	2.88e-01	5.54e-01	1.13e-01	1.51e-02	1.07e-03	2.41e-04	4.01e-05	4.76e-07	0.00e+00
 1.39539e+23	4.92e-18	2.70e-09	1.92e-07	2.16e-06	6.83e-04	3.04e-02	3.00e-01	5.49e-01	1.05e-01	1.35e-02	9.18e-04	2.03e-04	3.23e-05	3.64e-07	0.00e+00
 1.40650e+23	6.60e-18	3.20e-09	2.25e-07	2.50e-06	7.57e-04	3.24e-02	3.09e-01	5.45e-01	9.96e-02	1.24e-02	8.23e-04	1.80e-04	2.77e-05	3.01e-07	0.00e+00
 1.41725e+23	9.34e-18	4.00e-09	2.76e-07	3.03e-06	8.68e-04	3.52e-02	3.20e-01	5.39e-01	9.27e-02	1.11e-02	7.12e-04	1.53e-04	2.26e-05	2.33e-07	0.00e+00
 1.42811e+23	1.24e-17	4.74e-09	3.23e-07	3.49e-06	9.60e-04	3.75e-02	3.29e-01	5.34e-01	8.79e-02	1.03e-02	6.39e-04	1.36e-04	1.94e-05	1.93e-07	0.00e+00
 1.43911e+23	1.73e-17	5.89e-09	3.97e-07	4.22e-06	1.10e-03	4.07e-02	3.40e-01	5.27e-01	8.16e-02	9.18e-03	5.52e-04	1.16e-04	1.58e-05	1.49e-07	0.00e+00
 1.45026e+23	2.26e-17	6.99e-09	4.65e-07	4.88e-06	1.22e-03	4.33e-02	3.49e-01	5.20e-01	7.70e-02	8.44e-03	4.94e-04	1.02e-04	1.35e-05	0.00e+00	0.00e+00
 1.46161e+23	3.14e-17	8.71e-09	5.73e-07	5.91e-06	1.40e-03	4.70e-02	3.61e-01	5.12e-01	7.13e-02	7.53e-03	4.25e-04	8.64e-05	1.10e-05	0.00e+00	0.00e+00
 1.47313e+23	4.09e-17	1.04e-08	6.73e-07	6.84e-06	1.55e-03	5.00e-02	3.69e-01	5.05e-01	6.71e-02	6.91e-03	3.79e-04	7.60e-05	9.34e-06	0.00e+00	0.00e+00
 1.48487e+23	5.64e-17	1.29e-08	8.30e-07	8.31e-06	1.78e-03	5.43e-02	3.81e-01	4.95e-01	6.18e-02	6.14e-03	3.25e-04	6.41e-05	7.53e-06	0.00e+00	0.00e+00
 1.49681e+23	7.33e-17	1.54e-08	9.78e-07	9.64e-06	1.97e-03	5.78e-02	3.90e-01	4.87e-01	5.81e-02	5.62e-03	2.89e-04	5.62e-05	6.39e-06	0.00e+00	0.00e+00
 1.50902e+23	1.01e-16	1.93e-08	1.21e-06	1.18e-05	2.27e-03	6.27e-02	4.01e-01	4.75e-01	5.32e-02	4.97e-03	2.46e-04	4.70e-05	5.11e-06	0.00e+00	0.00e+00
 1.52149e+23	1.32e-16	2.31e-08	1.43e-06	1.37e-05	2.52e-03	6.68e-02	4.10e-01	4.66e-01	4.97e-02	4.53e-03	2.18e-04	4.10e-05	4.31e-06	0.00e+00	0.00e+00
 1.53429e+23	1.82e-16	2.90e-08	1.79e-06	1.68e-05	2.91e-03	7.26e-02	4.21e-01	4.54e-01	4.53e-02	3.99e-03	1.84e-04	3.41e-05	3.41e-06	0.00e+00	0.00e+00
 1.54742e+23	2.39e-16	3.49e-08	2.13e-06	1.97e-05	3.25e-03	7.74e-02	4.30e-01	4.43e-01	4.21e-02	3.61e-03	1.62e-04	2.95e-05	2.84e-06	0.00e+00	0.00e+00
 1.56097e+23	3.33e-16	4.42e-08	2.67e-06	2.43e-05	3.76e-03	8.41e-02	4.41e-01	4.29e-01	3.81e-02	3.16e-03	1.36e-04	2.43e-05	2.23e-06	0.00e+00	0.00e+00
 1.57470e+23	4.37e-16	5.34e-08	3.18e-06	2.85e-05	4.20e-03	8.96e-02	4.49e-01	4.18e-01	3.53e-02	2.86e-03	1.19e-04	2.09e-05	1.86e-06	0.00e+00	0.00e+00
 1.58866e+23	6.10e-16	6.77e-08	4.00e-06	3.53e-05	4.87e-03	9.74e-02	4.60e-01	4.03e-01	3.18e-02	2.49e-03	9.91e-05	1.72e-05	1.45e-06	0.00e+00	0.00e+00
 1.60276e+23	8.00e-16	8.17e-08	4.78e-06	4.14e-05	5.43e-03	1.04e-01	4.67e-01	3.92e-01	2.94e-02	2.24e-03	8.65e-05	1.48e-05	1.20e-06	0.00e+00	0.00e+00
 1.61704e+23	1.11e-15	1.04e-07	6.00e-06	5.12e-05	6.29e-03	1.12e-01	4.77e-01	3.77e-01	2.63e-02	1.95e-03	7.20e-05	1.21e-05	9.29e-07	0.00e+00	0.00e+00
 1.63157e+23	1.44e-15	1.25e-07	7.19e-06	6.02e-05	7.02e-03	1.19e-01	4.83e-01	3.64e-01	2.42e-02	1.75e-03	6.25e-05	1.03e-05	7.65e-07	0.00e+00	0.00e+00
 1.64438e+23	5.35e-16	1.51e-07	8.58e-06	7.08e-05	7.84e-03	1.27e-01	4.89e-01	3.52e-01	2.22e-02	1.57e-03	5.41e-05	8.81e-06	6.27e-07	0.00e+00	0.00e+00
 1.65896e+23	6.78e-16	1.91e-07	1.07e-05	8.69e-05	9.01e-03	1.37e-01	4.96e-01	3.37e-01	1.98e-02	1.37e-03	4.50e-05	7.21e-06	4.88e-07	0.00e+00	0.00e+00
 1.67384e+23	9.42e-16	2.31e-07	1.29e-05	1.03e-04	1.01e-02	1.45e-01	5.02e-01	3.24e-01	1.80e-02	1.21e-03	3.86e-05	6.10e-06	3.96e-07	0.00e+00	0.00e+00
 1.68593e+23	1.22e-15	2.72e-07	1.50e-05	1.18e-04	1.11e-02	1.52e-01	5.05e-01	3.13e-01	1.67e-02	1.10e-03	3.40e-05	5.30e-06	3.32e-07	0.00e+00	0.00e+00
 1.69847e+23	1.72e-15	3.29e-07	1.80e-05	1.39e-04	1.24e-02	1.61e-01	5.09e-01	3.00e-01	1.52e-02	9.82e-04	2.92e-05	4.50e-06	2.71e-07	0.00e+00	0.00e+00
 1.71167e+23	2.27e-15	3.90e-07	2.12e-05	1.62e-04	1.37e-02	1.70e-01	5.12e-01	2.89e-01	1.39e-02	8.84e-04	2.55e-05	3.87e-06	2.24e-07	0.00e+00	0.00e+00
 1.72378e+23	2.98e-15	4.60e-07	2.48e-05	1.87e-04	1.50e-02	1.78e-01	5.15e-01	2.78e-01	1.28e-02	7.98e-04	2.22e-05	3.34e-06	1.87e-07	0.00e+00	0.00e+00
 1.73759e+23	4.16e-15	5.66e-07	3.02e-05	2.23e-04	1.69e-02	1.89e-01	5.17e-01	2.65e-01	1.15e-02	7.01e-04	1.87e-05	2.78e-06	1.48e-07	0.00e+00	0.00e+00
 1.75177e+23	5.62e-15	6.77e-07	3.58e-05	2.61e-04	1.88e-02	1.99e-01	5.18e-01	2.53e-01	1.04e-02	6.23e-04	1.61e-05	2.36e-06	0.00e+00	0.00e+00	0.00e+00
 1.76422e+23	7.25e-15	7.99e-07	4.19e-05	3.01e-04	2.06e-02	2.09e-01	5.18e-01	2.42e-01	9.51e-03	5.61e-04	1.40e-05	2.03e-06	0.00e+00	0.00e+00	0.00e+00
 1.77820e+23	1.01e-14	9.80e-07	5.09e-05	3.58e-04	2.31e-02	2.20e-01	5.18e-01	2.29e-01	8.50e-03	4.92e-04	1.18e-05	1.69e-06	0.00e+00	0.00e+00	0.00e+00
 1.79287e+23	1.36e-14	1.18e-06	6.06e-05	4.21e-04	2.56e-02	2.32e-01	5.17e-01	2.17e-01	7.64e-03	4.34e-04	9.99e-06	1.42e-06	0.00e+00	0.00e+00	0.00e+00
 1.80616e+23	1.77e-14	1.40e-06	7.13e-05	4.87e-04	2.82e-02	2.42e-01	5.15e-01	2.07e-01	6.93e-03	3.88e-04	8.61e-06	1.21e-06	0.00e+00	0.00e+00	0.00e+00
 1.82116e+23	2.50e-14	1.73e-06	8.74e-05	5.85e-04	3.16e-02	2.55e-01	5.12e-01	1.94e-01	6.11e-03	3.36e-04	7.13e-06	9.87e-07	0.00e+00	0.00e+00	0.00e+00
 1.83665e+23	3.41e-14	2.09e-06	1.04e-04	6.88e-04	3.51e-02	2.67e-01	5.08e-01	1.83e-01	5.46e-03	2.95e-04	6.01e-06	8.24e-07	0.00e+00	0.00e+00	0.00e+00
 1.85044e+23	4.48e-14	2.49e-06	1.23e-04	7.98e-04	3.85e-02	2.79e-01	5.04e-01	1.73e-01	4.91e-03	2.61e-04	5.13e-06	6.96e-07	0.00e+00	0.00e+00	0.00e+00
 1.86605e+23	6.36e-14	3.10e-06	1.51e-04	9.60e-04	4.33e-02	2.93e-01	4.97e-01	1.61e-01	4.29e-03	2.24e-04	4.20e-06	5.63e-07	0.00e+00	0.00e+00	0.00e+00
 1.88227e+23	8.83e-14	3.75e-06	1.81e-04	1.13e-03	4.80e-02	3.06e-01	4.91e-01	1.50e-01	3.79e-03	1.95e-04	3.50e-06	4.64e-07	0.00e+00	0.00e+00	0.00e+00
 1.89687e+23	1.18e-13	4.49e-06	2.14e-04	1.32e-03	5.27e-02	3.18e-01	4.84e-01	1.41e-01	3.37e-03	1.71e-04	2.94e-06	3.88e-07	0.00e+00	0.00e+00	0.00e+00
 1.91342e+23	1.72e-13	5.65e-06	2.66e-04	1.60e-03	5.94e-02	3.33e-01	4.74e-01	1.29e-01	2.89e-03	1.44e-04	2.36e-06	3.07e-07	0.00e+00	0.00e+00	0.00e+00
 1.93048e+23	2.43e-13	6.85e-06	3.18e-04	1.89e-03	6.55e-02	3.46e-01	4.64e-01	1.20e-01	2.54e-03	1.25e-04	1.95e-06	2.52e-07	0.00e+00	0.00e+00	0.00e+00
 1.94583e+23	3.27e-13	8.25e-06	3.79e-04	2.20e-03	7.20e-02	3.58e-01	4.54e-01	1.11e-01	2.23e-03	1.08e-04	1.62e-06	2.07e-07	0.00e+00	0.00e+00	0.00e+00
 1.96342e+23	4.81e-13	1.05e-05	4.73e-04	2.69e-03	8.11e-02	3.73e-01	4.40e-01	1.00e-01	1.88e-03	8.99e-05	1.27e-06	1.61e-07	0.00e+00	0.00e+00	0.00e+00
 1.98125e+23	6.52e-13	1.27e-05	5.66e-04	3.17e-03	8.93e-02	3.85e-01	4.28e-01	9.21e-02	1.63e-03	7.68e-05	1.04e-06	1.30e-07	0.00e+00	0.00e+00	0.00e+00
 1.99702e+23	8.60e-13	1.53e-05	6.73e-04	3.70e-03	9.77e-02	3.96e-01	4.15e-01	8.47e-02	1.42e-03	6.61e-05	8.55e-07	0.00e+00	0.00e+00	0.00e+00	0.00e+00
 2.01514e+23	1.22e-12	1.95e-05	8.40e-04	4.52e-03	1.10e-01	4.10e-01	3.98e-01	7.56e-02	1.18e-03	5.42e-05	6.60e-07	0.00e+00	0.00e+00	0.00e+00	0.00e+00
 2.03349e+23	1.59e-12	2.35e-05	1.00e-03	5.30e-03	1.20e-01	4.20e-01	3.84e-01	6.87e-02	1.02e-03	4.59e-05	5.33e-07	0.00e+00	0.00e+00	0.00e+00	0.00e+00
 2.05213e+23	2.29e-12	3.00e-05	1.25e-03	6.44e-03	1.34e-01	4.32e-01	3.65e-01	6.09e-02	8.41e-04	3.74e-05	4.10e-07	0.00e+00	0.00e+00	0.00e+00	0.00e+00
 2.07116e+23	3.09e-12	3.66e-05	1.50e-03	7.58e-03	1.46e-01	4.40e-01	3.49e-01	5.48e-02	7.14e-04	3.13e-05	3.26e-07	0.00e+00	0.00e+00	0.00e+00	0.00e+00
 2.08812e+23	4.17e-12	4.43e-05	1.78e-03	8.88e-03	1.59e-01	4.47e-01	3.33e-01	4.92e-02	6.06e-04	2.62e-05	2.60e-07	0.00e+00	0.00e+00	0.00e+00	0.00e+00
 2.10756e+23	6.27e-12	5.68e-05	2.23e-03	1.08e-02	1.77e-01	4.55e-01	3.12e-01	4.28e-02	4.91e-04	2.09e-05	1.95e-07	0.00e+00	0.00e+00	0.00e+00	0.00e+00
 2.12732e+23	8.87e-12	6.94e-05	2.66e-03	1.26e-02	1.92e-01	4.60e-01	2.95e-01	3.80e-02	4.12e-04	1.73e-05	1.53e-07	0.00e+00	0.00e+00	0.00e+00	0.00e+00
 2.14750e+23	1.41e-11	8.94e-05	3.33e-03	1.54e-02	2.12e-01	4.63e-01	2.73e-01	3.25e-02	3.28e-04	1.35e-05	1.12e-07	0.00e+00	0.00e+00	0.00e+00	0.00e+00
 2.16723e+23	2.06e-11	1.08e-04	3.93e-03	1.78e-02	2.28e-01	4.65e-01	2.57e-01	2.88e-02	2.76e-04	1.13e-05	0.00e+00	0.00e+00	0.00e+00	0.00e+00	0.00e+00
 2.18640e+23	3.42e-11	1.37e-04	4.83e-03	2.14e-02	2.49e-01	4.64e-01	2.36e-01	2.46e-02	2.20e-04	8.83e-06	0.00e+00	0.00e+00	0.00e+00	0.00e+00	0.00e+00
 2.20491e+23	5.20e-11	1.62e-04	5.60e-03	2.42e-02	2.64e-01	4.62e-01	2.22e-01	2.19e-02	1.88e-04	7.42e-06	0.00e+00	0.00e+00	0.00e+00	0.00e+00	0.00e+00
 2.22258e+23	9.14e-11	2.01e-04	6.73e-03	2.84e-02	2.84e-01	4.58e-01	2.04e-01	1.88e-02	1.52e-04	5.90e-06	0.00e+00	0.00e+00	0.00e+00	0.00e+00	0.00e+00
 2.24026e+23	1.55e-10	2.38e-04	7.77e-03	3.21e-02	3.00e-01	4.53e-01	1.90e-01	1.66e-02	1.28e-04	4.92e-06	0.00e+00	0.00e+00	0.00e+00	0.00e+00	0.00e+00
 2.25797e+23	2.87e-10	2.94e-04	9.30e-03	3.73e-02	3.20e-01	4.45e-01	1.73e-01	1.42e-02	1.03e-04	3.89e-06	0.00e+00	0.00e+00	0.00e+00	0.00e+00	0.00e+00
 2.27615e+23	5.63e-10	3.52e-04	1.08e-02	4.23e-02	3.37e-01	4.37e-01	1.59e-01	1.23e-02	8.55e-05	3.18e-06	0.00e+00	0.00e+00	0.00e+00	0.00e+00	0.00e+00
 2.29247e+23	8.82e-10	4.18e-04	1.24e-02	4.76e-02	3.54e-01	4.28e-01	1.47e-01	1.07e-02	7.11e-05	2.61e-06	0.00e+00	0.00e+00	0.00e+00	0.00e+00	0.00e+00
 2.31122e+23	1.61e-09	5.22e-04	1.49e-02	5.53e-02	3.74e-01	4.15e-01	1.31e-01	8.92e-03	5.59e-05	2.01e-06	0.00e+00	0.00e+00	0.00e+00	0.00e+00	0.00e+00
 2.33019e+23	2.48e-09	6.24e-04	1.72e-02	6.23e-02	3.91e-01	4.02e-01	1.19e-01	7.63e-03	4.56e-05	1.61e-06	0.00e+00	0.00e+00	0.00e+00	0.00e+00	0.00e+00
 2.34944e+23	3.80e-09	7.77e-04	2.05e-02	7.16e-02	4.10e-01	3.86e-01	1.05e-01	6.29e-03	3.56e-05	1.23e-06	0.00e+00	0.00e+00	0.00e+00	0.00e+00	0.00e+00
 2.36818e+23	5.25e-09	9.19e-04	2.34e-02	7.96e-02	4.24e-01	3.72e-01	9.51e-02	5.38e-03	2.92e-05	9.92e-07	0.00e+00	0.00e+00	0.00e+00	0.00e+00	0.00e+00
 2.38297e+23	6.71e-09	1.06e-03	2.62e-02	8.70e-02	4.35e-01	3.59e-01	8.69e-02	4.69e-03	2.45e-05	8.20e-07	0.00e+00	0.00e+00	0.00e+00	0.00e+00	0.00e+00
 2.39889e+23	8.94e-09	1.27e-03	3.01e-02	9.67e-02	4.48e-01	3.43e-01	7.75e-02	3.95e-03	1.98e-05	6.48e-07	0.00e+00	0.00e+00	0.00e+00	0.00e+00	0.00e+00
 2.41528e+23	1.13e-08	1.47e-03	3.38e-02	1.06e-01	4.58e-01	3.28e-01	7.00e-02	3.39e-03	1.64e-05	5.28e-07	0.00e+00	0.00e+00	0.00e+00	0.00e+00	0.00e+00
 2.42998e+23	1.40e-08	1.70e-03	3.77e-02	1.15e-01	4.66e-01	3.14e-01	6.31e-02	2.91e-03	1.36e-05	4.30e-07	0.00e+00	0.00e+00	0.00e+00	0.00e+00	0.00e+00
 2.44680e+23	1.83e-08	2.04e-03	4.33e-02	1.27e-01	4.75e-01	2.95e-01	5.52e-02	2.40e-03	1.07e-05	3.32e-07	0.00e+00	0.00e+00	0.00e+00	0.00e+00	0.00e+00
 2.46380e+23	2.26e-08	2.37e-03	4.84e-02	1.38e-01	4.81e-01	2.79e-01	4.92e-02	2.03e-03	8.75e-06	2.66e-07	0.00e+00	0.00e+00	0.00e+00	0.00e+00	0.00e+00
 2.47869e+23	2.76e-08	2.74e-03	5.37e-02	1.48e-01	4.86e-01	2.64e-01	4.38e-02	1.72e-03	7.17e-06	2.14e-07	0.00e+00	0.00e+00	0.00e+00	0.00e+00	0.00e+00
 2.49572e+23	3.51e-08	3.27e-03	6.11e-02	1.62e-01	4.90e-01	2.45e-01	3.78e-02	1.40e-03	5.59e-06	1.62e-07	0.00e+00	0.00e+00	0.00e+00	0.00e+00	0.00e+00
 2.51305e+23	4.29e-08	3.79e-03	6.79e-02	1.75e-01	4.91e-01	2.29e-01	3.32e-02	1.17e-03	4.50e-06	1.28e-07	0.00e+00	0.00e+00	0.00e+00	0.00e+00	0.00e+00
 2.52838e+23	5.18e-08	4.37e-03	7.50e-02	1.87e-01	4.91e-01	2.13e-01	2.91e-02	9.75e-04	3.64e-06	0.00e+00	0.00e+00	0.00e+00	0.00e+00	0.00e+00	0.00e+00
 2.54590e+23	6.53e-08	5.20e-03	8.48e-02	2.02e-01	4.88e-01	1.95e-01	2.46e-02	7.75e-04	2.78e-06	0.00e+00	0.00e+00	0.00e+00	0.00e+00	0.00e+00	0.00e+00
 2.56366e+23	7.90e-08	6.01e-03	9.36e-02	2.15e-01	4.84e-01	1.79e-01	2.13e-02	6.37e-04	2.21e-06	0.00e+00	0.00e+00	0.00e+00	0.00e+00	0.00e+00	0.00e+00
 2.57934e+23	9.47e-08	6.90e-03	1.03e-01	2.28e-01	4.79e-01	1.65e-01	1.84e-02	5.24e-04	1.76e-06	0.00e+00	0.00e+00	0.00e+00	0.00e+00	0.00e+00	0.00e+00
 2.59733e+23	1.19e-07	8.19e-03	1.15e-01	2.44e-01	4.69e-01	1.48e-01	1.52e-02	4.08e-04	1.32e-06	0.00e+00	0.00e+00	0.00e+00	0.00e+00	0.00e+00	0.00e+00
 2.61564e+23	1.43e-07	9.44e-03	1.26e-01	2.57e-01	4.60e-01	1.34e-01	1.29e-02	3.29e-04	1.03e-06	0.00e+00	0.00e+00	0.00e+00	0.00e+00	0.00e+00	0.00e+00
 2.63437e+23	1.79e-07	1.12e-02	1.41e-01	2.73e-01	4.46e-01	1.19e-01	1.05e-02	2.51e-04	7.56e-07	0.00e+00	0.00e+00	0.00e+00	0.00e+00	0.00e+00	0.00e+00
 2.65333e+23	2.15e-07	1.29e-02	1.53e-01	2.85e-01	4.33e-01	1.06e-01	8.78e-03	1.99e-04	5.80e-07	0.00e+00	0.00e+00	0.00e+00	0.00e+00	0.00e+00	0.00e+00
 2.67257e+23	2.68e-07	1.53e-02	1.70e-01	3.00e-01	4.15e-01	9.24e-02	7.00e-03	1.49e-04	4.18e-07	0.00e+00	0.00e+00	0.00e+00	0.00e+00	0.00e+00	0.00e+00
 2.69218e+23	3.23e-07	1.76e-02	1.85e-01	3.11e-01	3.99e-01	8.17e-02	5.76e-03	1.16e-04	3.16e-07	0.00e+00	0.00e+00	0.00e+00	0.00e+00	0.00e+00	0.00e+00
 2.70961e+23	3.85e-07	2.01e-02	1.99e-01	3.21e-01	3.83e-01	7.22e-02	4.74e-03	9.08e-05	2.39e-07	0.00e+00	0.00e+00	0.00e+00	0.00e+00	0.00e+00	0.00e+00
 2.72960e+23	4.79e-07	2.36e-02	2.18e-01	3.32e-01	3.61e-01	6.13e-02	3.69e-03	6.63e-05	1.68e-07	0.00e+00	0.00e+00	0.00e+00	0.00e+00	0.00e+00	0.00e+00
 2.75010e+23	5.76e-07	2.70e-02	2.35e-01	3.41e-01	3.41e-01	5.32e-02	2.96e-03	5.04e-05	1.24e-07	0.00e+00	0.00e+00	0.00e+00	0.00e+00	0.00e+00	0.00e+00
 2.76573e+23	6.54e-07	2.97e-02	2.46e-01	3.45e-01	3.28e-01	4.80e-02	2.53e-03	4.15e-05	0.00e+00	0.00e+00	0.00e+00	0.00e+00	0.00e+00	0.00e+00	0.00e+00
 2.78050e+23	7.65e-07	3.33e-02	2.61e-01	3.51e-01	3.10e-01	4.20e-02	2.07e-03	3.25e-05	0.00e+00	0.00e+00	0.00e+00	0.00e+00	0.00e+00	0.00e+00	0.00e+00
 2.79563e+23	8.67e-07	3.65e-02	2.73e-01	3.54e-01	2.97e-01	3.76e-02	1.76e-03	2.65e-05	0.00e+00	0.00e+00	0.00e+00	0.00e+00	0.00e+00	0.00e+00	0.00e+00
 2.81122e+23	1.02e-06	4.10e-02	2.89e-01	3.58e-01	2.78e-01	3.25e-02	1.42e-03	2.04e-05	0.00e+00	0.00e+00	0.00e+00	0.00e+00	0.00e+00	0.00e+00	0.00e+00
 2.82692e+23	1.16e-06	4.49e-02	3.01e-01	3.59e-01	2.64e-01	2.89e-02	1.19e-03	1.65e-05	0.00e+00	0.00e+00	0.00e+00	0.00e+00	0.00e+00	0.00e+00	0.00e+00
 2.84277e+23	1.35e-06	5.02e-02	3.17e-01	3.61e-01	2.46e-01	2.48e-02	9.50e-04	1.26e-05	0.00e+00	0.00e+00	0.00e+00	0.00e+00	0.00e+00	0.00e+00	0.00e+00
 2.85883e+23	1.54e-06	5.50e-02	3.30e-01	3.60e-01	2.32e-01	2.18e-02	7.89e-04	1.01e-05	0.00e+00	0.00e+00	0.00e+00	0.00e+00	0.00e+00	0.00e+00	0.00e+00
 2.87516e+23	1.80e-06	6.15e-02	3.45e-01	3.59e-01	2.15e-01	1.85e-02	6.22e-04	7.56e-06	0.00e+00	0.00e+00	0.00e+00	0.00e+00	0.00e+00	0.00e+00	0.00e+00
 2.89168e+23	2.06e-06	6.74e-02	3.57e-01	3.57e-01	2.01e-01	1.61e-02	5.11e-04	5.97e-06	0.00e+00	0.00e+00	0.00e+00	0.00e+00	0.00e+00	0.00e+00	0.00e+00
 2.90844e+23	2.40e-06	7.49e-02	3.72e-01	3.54e-01	1.85e-01	1.36e-02	4.00e-04	4.47e-06	0.00e+00	0.00e+00	0.00e+00	0.00e+00	0.00e+00	0.00e+00	0.00e+00
 2.92555e+23	2.74e-06	8.22e-02	3.84e-01	3.50e-01	1.72e-01	1.17e-02	3.23e-04	3.47e-06	0.00e+00	0.00e+00	0.00e+00	0.00e+00	0.00e+00	0.00e+00	0.00e+00
 2.94071e+23	3.11e-06	8.95e-02	3.95e-01	3.45e-01	1.60e-01	1.01e-02	2.63e-04	2.72e-06	0.00e+00	0.00e+00	0.00e+00	0.00e+00	0.00e+00	0.00e+00	0.00e+00
 2.95804e+23	3.64e-06	9.96e-02	4.09e-01	3.38e-01	1.45e-01	8.34e-03	2.02e-04	2.00e-06	0.00e+00	0.00e+00	0.00e+00	0.00e+00	0.00e+00	0.00e+00	0.00e+00
 2.97576e+23	4.16e-06	1.09e-01	4.19e-01	3.31e-01	1.34e-01	7.09e-03	1.61e-04	1.53e-06	0.00e+00	0.00e+00	0.00e+00	0.00e+00	0.00e+00	0.00e+00	0.00e+00
 2.99400e+23	4.88e-06	1.21e-01	4.31e-01	3.22e-01	1.20e-01	5.77e-03	1.21e-04	1.10e-06	0.00e+00	0.00e+00	0.00e+00	0.00e+00	0.00e+00	0.00e+00	0.00e+00
 3.01242e+23	5.62e-06	1.33e-01	4.40e-01	3.13e-01	1.09e-01	4.84e-03	9.53e-05	8.30e-07	0.00e+00	0.00e+00	0.00e+00	0.00e+00	0.00e+00	0.00e+00	0.00e+00
 3.02838e+23	6.37e-06	1.44e-01	4.47e-01	3.04e-01	9.98e-02	4.09e-03	7.59e-05	6.37e-07	0.00e+00	0.00e+00	0.00e+00	0.00e+00	0.00e+00	0.00e+00	0.00e+00
 3.04645e+23	7.45e-06	1.60e-01	4.56e-01	2.93e-01	8.87e-02	3.29e-03	5.65e-05	4.53e-07	0.00e+00	0.00e+00	0.00e+00	0.00e+00	0.00e+00	0.00e+00	0.00e+00
 3.06466e+23	8.49e-06	1.74e-01	4.61e-01	2.82e-01	8.03e-02	2.75e-03	4.44e-05	3.42e-07	0.00e+00	0.00e+00	0.00e+00	0.00e+00	0.00e+00	0.00e+00	0.00e+00
 3.07918e+23	9.43e-06	1.86e-01	4.64e-01	2.74e-01	7.40e-02	2.37e-03	3.64e-05	2.72e-07	0.00e+00	0.00e+00	0.00e+00	0.00e+00	0.00e+00	0.00e+00	0.00e+00
