#depth	He	He+	He+2
 1.54284e+22	7.15e-11	9.08e-06	1.00e+00
 3.51812e+22	1.68e-10	1.40e-05	1.00e+00
 4.16678e+22	2.77e-10	1.82e-05	1.00e+00
 4.49111e+22	3.66e-10	2.13e-05	1.00e+00
 4.62625e+22	3.95e-10	2.22e-05	1.00e+00
 4.67257e+22	4.17e-10	2.29e-05	1.00e+00
 4.71694e+22	4.46e-10	2.38e-05	1.00e+00
 4.76259e+22	4.73e-10	2.46e-05	1.00e+00
 4.80990e+22	5.11e-10	2.57e-05	1.00e+00
 4.85540e+22	5.37e-10	2.65e-05	1.00e+00
 4.89856e+22	5.78e-10	2.76e-05	1.00e+00
 4.94266e+22	6.10e-10	2.85e-05	1.00e+00
 4.98801e+22	6.57e-10	2.98e-05	1.00e+00
 5.03441e+22	6.98e-10	3.09e-05	1.00e+00
 5.08218e+22	7.55e-10	3.24e-05	1.00e+00
 5.13019e+22	8.02e-10	3.37e-05	1.00e+00
 5.17848e+22	8.68e-10	3.53e-05	1.00e+00
 5.22558e+22	9.18e-10	3.66e-05	1.00e+00
 5.27113e+22	9.89e-10	3.84e-05	1.00e+00
 5.31694e+22	1.04e-09	3.97e-05	1.00e+00
 5.36309e+22	1.12e-09	4.16e-05	1.00e+00
 5.41039e+22	1.19e-09	4.32e-05	1.00e+00
 5.45919e+22	1.27e-09	4.52e-05	1.00e+00
 5.50914e+22	1.35e-09	4.70e-05	1.00e+00
 5.56056e+22	1.45e-09	4.93e-05	1.00e+00
 5.61299e+22	1.53e-09	5.12e-05	1.00e+00
 5.66680e+22	1.64e-09	5.38e-05	1.00e+00
 5.72155e+22	1.74e-09	5.59e-05	1.00e+00
 5.77752e+22	1.86e-09	5.87e-05	1.00e+00
 5.83385e+22	1.96e-09	6.09e-05	1.00e+00
 5.89064e+22	2.10e-09	6.39e-05	1.00e+00
 5.94888e+22	2.21e-09	6.63e-05	1.00e+00
 5.99935e+22	2.31e-09	6.86e-05	1.00e+00
 6.05531e+22	2.46e-09	7.17e-05	1.00e+00
 6.11196e+22	2.57e-09	7.41e-05	1.00e+00
 6.16952e+22	2.73e-09	7.75e-05	1.00e+00
 6.22798e+22	2.85e-09	8.01e-05	1.00e+00
 6.27921e+22	2.98e-09	8.28e-05	1.00e+00
 6.33745e+22	3.15e-09	8.64e-05	1.00e+00
 6.39545e+22	3.28e-09	8.91e-05	1.00e+00
 6.45314e+22	3.46e-09	9.28e-05	1.00e+00
 6.51196e+22	3.60e-09	9.57e-05	1.00e+00
 6.57225e+22	3.80e-09	9.98e-05	1.00e+00
 6.63369e+22	3.95e-09	1.03e-04	1.00e+00
 6.69661e+22	4.16e-09	1.07e-04	1.00e+00
 6.76069e+22	4.33e-09	1.11e-04	1.00e+00
 6.82629e+22	4.57e-09	1.16e-04	1.00e+00
 6.89041e+22	4.74e-09	1.19e-04	1.00e+00
 6.95261e+22	4.97e-09	1.24e-04	1.00e+00
 7.01576e+22	5.16e-09	1.27e-04	1.00e+00
 7.08013e+22	5.41e-09	1.32e-04	1.00e+00
 7.14650e+22	5.62e-09	1.36e-04	1.00e+00
 7.21545e+22	5.90e-09	1.42e-04	1.00e+00
 7.28663e+22	6.14e-09	1.46e-04	1.00e+00
 7.36070e+22	6.46e-09	1.52e-04	1.00e+00
 7.43675e+22	6.74e-09	1.58e-04	1.00e+00
 7.51535e+22	7.10e-09	1.64e-04	1.00e+00
 7.59647e+22	7.42e-09	1.70e-04	1.00e+00
 7.68087e+22	7.84e-09	1.78e-04	1.00e+00
 7.76800e+22	8.21e-09	1.84e-04	1.00e+00
 7.84661e+22	8.59e-09	1.91e-04	1.00e+00
 7.93671e+22	9.09e-09	2.00e-04	1.00e+00
 8.02755e+22	9.51e-09	2.07e-04	1.00e+00
 8.11933e+22	1.01e-08	2.17e-04	1.00e+00
 8.21307e+22	1.05e-08	2.25e-04	1.00e+00
 8.30935e+22	1.12e-08	2.36e-04	1.00e+00
 8.40765e+22	1.17e-08	2.46e-04	1.00e+00
 8.49509e+22	1.23e-08	2.56e-04	1.00e+00
 8.59528e+22	1.30e-08	2.70e-04	1.00e+00
 8.69045e+22	1.35e-08	2.79e-04	1.00e+00
 8.77911e+22	1.42e-08	2.93e-04	1.00e+00
 8.86796e+22	1.47e-08	3.03e-04	1.00e+00
 8.95706e+22	1.54e-08	3.18e-04	1.00e+00
 9.04822e+22	1.60e-08	3.31e-04	1.00e+00
 9.14209e+22	1.68e-08	3.49e-04	1.00e+00
 9.23647e+22	1.74e-08	3.63e-04	1.00e+00
 9.33154e+22	1.81e-08	3.82e-04	1.00e+00
 9.42839e+22	1.87e-08	3.99e-04	1.00e+00
 9.52758e+22	1.95e-08	4.23e-04	1.00e+00
 9.62870e+22	2.01e-08	4.43e-04	1.00e+00
 9.73233e+22	2.08e-08	4.70e-04	1.00e+00
 9.83722e+22	2.13e-08	4.93e-04	1.00e+00
 9.92568e+22	2.17e-08	5.16e-04	9.99e-01
 1.00226e+23	2.22e-08	5.47e-04	9.99e-01
 1.01200e+23	2.26e-08	5.72e-04	9.99e-01
 1.02150e+23	2.29e-08	6.05e-04	9.99e-01
 1.03119e+23	2.32e-08	6.35e-04	9.99e-01
 1.04073e+23	2.34e-08	6.71e-04	9.99e-01
 1.05046e+23	2.36e-08	7.06e-04	9.99e-01
 1.05999e+23	2.37e-08	7.44e-04	9.99e-01
 1.06963e+23	2.38e-08	7.83e-04	9.99e-01
 1.07915e+23	2.39e-08	8.25e-04	9.99e-01
 1.08865e+23	2.40e-08	8.68e-04	9.99e-01
 1.09816e+23	2.41e-08	9.14e-04	9.99e-01
 1.10771e+23	2.42e-08	9.62e-04	9.99e-01
 1.11728e+23	2.44e-08	1.01e-03	9.99e-01
 1.12694e+23	2.46e-08	1.07e-03	9.99e-01
 1.13669e+23	2.50e-08	1.12e-03	9.99e-01
 1.14650e+23	2.55e-08	1.18e-03	9.99e-01
 1.15646e+23	2.61e-08	1.24e-03	9.99e-01
 1.16652e+23	2.69e-08	1.31e-03	9.99e-01
 1.17679e+23	2.78e-08	1.38e-03	9.99e-01
 1.18723e+23	2.91e-08	1.46e-03	9.99e-01
 1.19678e+23	3.03e-08	1.52e-03	9.98e-01
 1.20675e+23	3.20e-08	1.61e-03	9.98e-01
 1.21689e+23	3.37e-08	1.68e-03	9.98e-01
 1.22734e+23	3.61e-08	1.78e-03	9.98e-01
 1.23784e+23	3.83e-08	1.86e-03	9.98e-01
 1.24841e+23	4.15e-08	1.97e-03	9.98e-01
 1.25901e+23	4.43e-08	2.05e-03	9.98e-01
 1.26965e+23	4.84e-08	2.17e-03	9.98e-01
 1.28040e+23	5.20e-08	2.27e-03	9.98e-01
 1.29130e+23	5.72e-08	2.40e-03	9.98e-01
 1.30233e+23	6.17e-08	2.51e-03	9.97e-01
 1.31355e+23	6.83e-08	2.66e-03	9.97e-01
 1.32497e+23	7.41e-08	2.78e-03	9.97e-01
 1.33665e+23	8.26e-08	2.95e-03	9.97e-01
 1.34859e+23	9.00e-08	3.09e-03	9.97e-01
 1.36088e+23	1.01e-07	3.28e-03	9.97e-01
 1.37343e+23	1.11e-07	3.44e-03	9.97e-01
 1.38399e+23	1.20e-07	3.59e-03	9.96e-01
 1.39539e+23	1.33e-07	3.79e-03	9.96e-01
 1.40650e+23	1.44e-07	3.94e-03	9.96e-01
 1.41725e+23	1.59e-07	4.15e-03	9.96e-01
 1.42811e+23	1.72e-07	4.31e-03	9.96e-01
 1.43911e+23	1.90e-07	4.54e-03	9.95e-01
 1.45026e+23	2.05e-07	4.72e-03	9.95e-01
 1.46161e+23	2.28e-07	4.98e-03	9.95e-01
 1.47313e+23	2.47e-07	5.19e-03	9.95e-01
 1.48487e+23	2.75e-07	5.47e-03	9.95e-01
 1.49681e+23	2.98e-07	5.70e-03	9.94e-01
 1.50902e+23	3.33e-07	6.03e-03	9.94e-01
 1.52149e+23	3.62e-07	6.29e-03	9.94e-01
 1.53429e+23	4.06e-07	6.67e-03	9.93e-01
 1.54742e+23	4.44e-07	6.97e-03	9.93e-01
 1.56097e+23	5.00e-07	7.40e-03	9.93e-01
 1.57470e+23	5.47e-07	7.74e-03	9.92e-01
 1.58866e+23	6.19e-07	8.23e-03	9.92e-01
 1.60276e+23	6.78e-07	8.62e-03	9.91e-01
 1.61704e+23	7.67e-07	9.17e-03	9.91e-01
 1.63157e+23	8.43e-07	9.61e-03	9.90e-01
 1.64438e+23	9.27e-07	1.01e-02	9.90e-01
 1.65896e+23	1.05e-06	1.07e-02	9.89e-01
 1.67384e+23	1.16e-06	1.13e-02	9.89e-01
 1.68593e+23	1.26e-06	1.17e-02	9.88e-01
 1.69847e+23	1.39e-06	1.23e-02	9.88e-01
 1.71167e+23	1.52e-06	1.29e-02	9.87e-01
 1.72378e+23	1.65e-06	1.35e-02	9.87e-01
 1.73759e+23	1.84e-06	1.42e-02	9.86e-01
 1.75177e+23	2.03e-06	1.49e-02	9.85e-01
 1.76422e+23	2.22e-06	1.56e-02	9.84e-01
 1.77820e+23	2.47e-06	1.64e-02	9.84e-01
 1.79287e+23	2.74e-06	1.73e-02	9.83e-01
 1.80616e+23	3.00e-06	1.81e-02	9.82e-01
 1.82116e+23	3.37e-06	1.92e-02	9.81e-01
 1.83665e+23	3.73e-06	2.02e-02	9.80e-01
 1.85044e+23	4.11e-06	2.12e-02	9.79e-01
 1.86605e+23	4.63e-06	2.25e-02	9.78e-01
 1.88227e+23	5.16e-06	2.37e-02	9.76e-01
 1.89687e+23	5.71e-06	2.49e-02	9.75e-01
 1.91342e+23	6.49e-06	2.65e-02	9.73e-01
 1.93048e+23	7.24e-06	2.80e-02	9.72e-01
 1.94583e+23	8.05e-06	2.95e-02	9.70e-01
 1.96342e+23	9.23e-06	3.16e-02	9.68e-01
 1.98125e+23	1.03e-05	3.34e-02	9.67e-01
 1.99702e+23	1.15e-05	3.52e-02	9.65e-01
 2.01514e+23	1.32e-05	3.77e-02	9.62e-01
 2.03349e+23	1.49e-05	3.99e-02	9.60e-01
 2.05213e+23	1.71e-05	4.28e-02	9.57e-01
 2.07116e+23	1.92e-05	4.53e-02	9.55e-01
 2.08812e+23	2.16e-05	4.80e-02	9.52e-01
 2.10756e+23	2.51e-05	5.16e-02	9.48e-01
 2.12732e+23	2.83e-05	5.47e-02	9.45e-01
 2.14750e+23	3.30e-05	5.89e-02	9.41e-01
 2.16723e+23	3.69e-05	6.22e-02	9.38e-01
 2.18640e+23	4.27e-05	6.68e-02	9.33e-01
 2.20491e+23	4.72e-05	7.01e-02	9.30e-01
 2.22258e+23	5.39e-05	7.47e-02	9.25e-01
 2.24026e+23	5.97e-05	7.85e-02	9.21e-01
 2.25797e+23	6.80e-05	8.35e-02	9.16e-01
 2.27615e+23	7.58e-05	8.80e-02	9.12e-01
 2.29247e+23	8.43e-05	9.25e-02	9.07e-01
 2.31122e+23	9.65e-05	9.87e-02	9.01e-01
 2.33019e+23	1.08e-04	1.04e-01	8.96e-01
 2.34944e+23	1.23e-04	1.11e-01	8.89e-01
 2.36818e+23	1.37e-04	1.16e-01	8.84e-01
 2.38297e+23	1.50e-04	1.21e-01	8.79e-01
 2.39889e+23	1.67e-04	1.28e-01	8.72e-01
 2.41528e+23	1.83e-04	1.33e-01	8.67e-01
 2.42998e+23	2.00e-04	1.39e-01	8.61e-01
 2.44680e+23	2.24e-04	1.47e-01	8.53e-01
 2.46380e+23	2.46e-04	1.53e-01	8.47e-01
 2.47869e+23	2.70e-04	1.59e-01	8.40e-01
 2.49572e+23	3.02e-04	1.68e-01	8.32e-01
 2.51305e+23	3.31e-04	1.75e-01	8.24e-01
 2.52838e+23	3.63e-04	1.83e-01	8.17e-01
 2.54590e+23	4.06e-04	1.92e-01	8.08e-01
 2.56366e+23	4.47e-04	2.00e-01	7.99e-01
 2.57934e+23	4.89e-04	2.09e-01	7.91e-01
 2.59733e+23	5.48e-04	2.19e-01	7.80e-01
 2.61564e+23	6.03e-04	2.28e-01	7.71e-01
 2.63437e+23	6.78e-04	2.40e-01	7.59e-01
 2.65333e+23	7.46e-04	2.51e-01	7.49e-01
 2.67257e+23	8.40e-04	2.63e-01	7.36e-01
 2.69218e+23	9.27e-04	2.75e-01	7.24e-01
 2.70961e+23	1.02e-03	2.86e-01	7.13e-01
 2.72960e+23	1.15e-03	3.00e-01	6.99e-01
 2.75010e+23	1.27e-03	3.13e-01	6.86e-01
 2.76573e+23	1.36e-03	3.22e-01	6.77e-01
 2.78050e+23	1.48e-03	3.34e-01	6.65e-01
 2.79563e+23	1.59e-03	3.43e-01	6.55e-01
 2.81122e+23	1.74e-03	3.56e-01	6.43e-01
 2.82692e+23	1.87e-03	3.66e-01	6.32e-01
 2.84277e+23	2.05e-03	3.79e-01	6.19e-01
 2.85883e+23	2.20e-03	3.90e-01	6.08e-01
 2.87516e+23	2.41e-03	4.04e-01	5.94e-01
 2.89168e+23	2.60e-03	4.16e-01	5.82e-01
 2.90844e+23	2.85e-03	4.30e-01	5.67e-01
 2.92555e+23	3.08e-03	4.43e-01	5.54e-01
 2.94071e+23	3.32e-03	4.55e-01	5.41e-01
 2.95804e+23	3.65e-03	4.71e-01	5.25e-01
 2.97576e+23	3.96e-03	4.85e-01	5.11e-01
 2.99400e+23	4.37e-03	5.02e-01	4.94e-01
 3.01242e+23	4.76e-03	5.17e-01	4.78e-01
 3.02838e+23	5.15e-03	5.31e-01	4.64e-01
 3.04645e+23	5.69e-03	5.49e-01	4.46e-01
 3.06466e+23	6.20e-03	5.64e-01	4.30e-01
 3.07918e+23	6.65e-03	5.76e-01	4.17e-01
