#depth	S	S+	S+2	S+3	S+4	S+5	S+6	S+7	S+8	S+9	S+10	S+11	S+12	S+13	S+14	S+15	S+16
 1.54284e+22	0.00e+00	1.16e-26	1.82e-22	2.90e-19	2.28e-16	1.18e-13	1.55e-10	2.29e-08	1.29e-06	2.85e-05	3.87e-04	2.57e-03	1.00e-02	4.17e-02	3.63e-01	4.25e-01	1.57e-01
 3.51812e+22	0.00e+00	1.54e-24	1.58e-20	1.63e-17	8.12e-15	2.53e-12	2.98e-09	3.54e-07	1.53e-05	2.44e-04	2.42e-03	1.11e-02	2.83e-02	7.60e-02	4.47e-01	3.48e-01	8.62e-02
 4.16678e+22	0.00e+00	2.13e-23	1.69e-19	1.32e-16	4.90e-14	1.13e-11	1.35e-08	1.49e-06	5.66e-05	7.54e-04	6.30e-03	2.36e-02	4.73e-02	9.93e-02	4.72e-01	2.93e-01	5.78e-02
 4.49111e+22	0.00e+00	8.80e-23	6.00e-19	3.96e-16	1.23e-13	2.38e-11	2.97e-08	3.16e-06	1.13e-04	1.37e-03	1.04e-02	3.49e-02	6.14e-02	1.12e-01	4.75e-01	2.59e-01	4.53e-02
 4.62625e+22	0.00e+00	1.28e-22	8.38e-19	5.27e-16	1.57e-13	2.88e-11	3.65e-08	3.85e-06	1.36e-04	1.60e-03	1.18e-02	3.86e-02	6.56e-02	1.15e-01	4.74e-01	2.50e-01	4.22e-02
 4.67257e+22	0.00e+00	1.67e-22	1.06e-18	6.46e-16	1.85e-13	3.29e-11	4.21e-08	4.43e-06	1.55e-04	1.78e-03	1.30e-02	4.14e-02	6.87e-02	1.18e-01	4.73e-01	2.44e-01	4.02e-02
 4.71694e+22	0.00e+00	2.35e-22	1.44e-18	8.36e-16	2.29e-13	3.89e-11	5.06e-08	5.30e-06	1.82e-04	2.05e-03	1.46e-02	4.53e-02	7.28e-02	1.21e-01	4.72e-01	2.35e-01	3.76e-02
 4.76259e+22	0.00e+00	3.12e-22	1.84e-18	1.03e-15	2.72e-13	4.46e-11	5.87e-08	6.13e-06	2.08e-04	2.30e-03	1.61e-02	4.88e-02	7.63e-02	1.23e-01	4.70e-01	2.28e-01	3.56e-02
 4.80990e+22	0.00e+00	4.56e-22	2.58e-18	1.37e-15	3.43e-13	5.33e-11	7.17e-08	7.46e-06	2.50e-04	2.67e-03	1.82e-02	5.38e-02	8.12e-02	1.26e-01	4.66e-01	2.19e-01	3.30e-02
 4.85540e+22	0.00e+00	5.86e-22	3.21e-18	1.66e-15	4.00e-13	6.02e-11	8.19e-08	8.49e-06	2.81e-04	2.96e-03	1.98e-02	5.73e-02	8.45e-02	1.28e-01	4.63e-01	2.13e-01	3.13e-02
 4.89856e+22	4.60e-34	8.30e-22	4.37e-18	2.15e-15	4.93e-13	7.06e-11	9.81e-08	1.01e-05	3.31e-04	3.39e-03	2.22e-02	6.25e-02	8.92e-02	1.30e-01	4.59e-01	2.04e-01	2.91e-02
 4.94266e+22	6.33e-34	1.09e-21	5.54e-18	2.62e-15	5.81e-13	8.02e-11	1.13e-07	1.16e-05	3.76e-04	3.77e-03	2.42e-02	6.68e-02	9.30e-02	1.32e-01	4.55e-01	1.97e-01	2.74e-02
 4.98801e+22	9.72e-34	1.56e-21	7.61e-18	3.43e-15	7.19e-13	9.44e-11	1.36e-07	1.40e-05	4.44e-04	4.34e-03	2.72e-02	7.29e-02	9.81e-02	1.34e-01	4.49e-01	1.88e-01	2.53e-02
 5.03441e+22	1.38e-33	2.09e-21	9.85e-18	4.25e-15	8.55e-13	1.08e-10	1.58e-07	1.62e-05	5.09e-04	4.86e-03	2.98e-02	7.81e-02	1.02e-01	1.36e-01	4.44e-01	1.81e-01	2.36e-02
 5.08218e+22	2.16e-33	3.06e-21	1.38e-17	5.62e-15	1.07e-12	1.27e-10	1.91e-07	1.95e-05	6.05e-04	5.61e-03	3.35e-02	8.53e-02	1.08e-01	1.38e-01	4.36e-01	1.71e-01	2.16e-02
 5.13019e+22	3.07e-33	4.12e-21	1.78e-17	6.97e-15	1.27e-12	1.45e-10	2.22e-07	2.26e-05	6.91e-04	6.27e-03	3.67e-02	9.12e-02	1.12e-01	1.39e-01	4.30e-01	1.64e-01	2.01e-02
 5.17848e+22	4.83e-33	6.04e-21	2.49e-17	9.21e-15	1.58e-12	1.71e-10	2.68e-07	2.72e-05	8.19e-04	7.21e-03	4.11e-02	9.92e-02	1.18e-01	1.41e-01	4.20e-01	1.54e-01	1.83e-02
 5.22558e+22	6.69e-33	7.95e-21	3.16e-17	1.12e-14	1.85e-12	1.93e-10	3.06e-07	3.11e-05	9.25e-04	7.97e-03	4.45e-02	1.05e-01	1.22e-01	1.41e-01	4.13e-01	1.48e-01	1.70e-02
 5.27113e+22	1.03e-32	1.15e-20	4.35e-17	1.46e-14	2.27e-12	2.25e-10	3.64e-07	3.70e-05	1.08e-03	9.07e-03	4.94e-02	1.14e-01	1.27e-01	1.42e-01	4.03e-01	1.39e-01	1.55e-02
 5.31694e+22	1.41e-32	1.49e-20	5.48e-17	1.77e-14	2.65e-12	2.53e-10	4.14e-07	4.20e-05	1.21e-03	9.95e-03	5.31e-02	1.20e-01	1.31e-01	1.43e-01	3.95e-01	1.33e-01	1.44e-02
 5.36309e+22	2.14e-32	2.13e-20	7.47e-17	2.29e-14	3.24e-12	2.94e-10	4.89e-07	4.95e-05	1.41e-03	1.12e-02	5.85e-02	1.29e-01	1.36e-01	1.43e-01	3.84e-01	1.25e-01	1.30e-02
 5.41039e+22	2.98e-32	2.82e-20	9.56e-17	2.81e-14	3.80e-12	3.31e-10	5.58e-07	5.64e-05	1.59e-03	1.24e-02	6.30e-02	1.36e-01	1.40e-01	1.43e-01	3.75e-01	1.18e-01	1.20e-02
 5.45919e+22	4.56e-32	4.05e-20	1.31e-16	3.64e-14	4.67e-12	3.86e-10	6.59e-07	6.64e-05	1.84e-03	1.39e-02	6.92e-02	1.45e-01	1.45e-01	1.42e-01	3.62e-01	1.10e-01	1.08e-02
 5.50914e+22	6.41e-32	5.41e-20	1.69e-16	4.50e-14	5.50e-12	4.37e-10	7.51e-07	7.56e-05	2.07e-03	1.53e-02	7.44e-02	1.52e-01	1.48e-01	1.42e-01	3.52e-01	1.04e-01	9.92e-03
 5.56056e+22	9.88e-32	7.83e-20	2.33e-16	5.87e-14	6.79e-12	5.12e-10	8.86e-07	8.90e-05	2.39e-03	1.72e-02	8.13e-02	1.62e-01	1.53e-01	1.41e-01	3.39e-01	9.62e-02	8.85e-03
 5.61299e+22	1.39e-31	1.05e-19	3.00e-16	7.25e-14	8.01e-12	5.80e-10	1.01e-06	1.01e-04	2.68e-03	1.88e-02	8.71e-02	1.70e-01	1.56e-01	1.40e-01	3.28e-01	9.04e-02	8.07e-03
 5.66680e+22	2.14e-31	1.52e-19	4.15e-16	9.48e-14	9.90e-12	6.80e-10	1.18e-06	1.18e-04	3.08e-03	2.10e-02	9.47e-02	1.80e-01	1.59e-01	1.38e-01	3.14e-01	8.32e-02	7.16e-03
 5.72155e+22	3.00e-31	2.03e-19	5.34e-16	1.17e-13	1.17e-11	7.73e-10	1.34e-06	1.34e-04	3.44e-03	2.29e-02	1.01e-01	1.88e-01	1.62e-01	1.36e-01	3.02e-01	7.79e-02	6.50e-03
 5.77752e+22	4.61e-31	2.94e-19	7.39e-16	1.53e-13	1.45e-11	9.08e-10	1.57e-06	1.56e-04	3.94e-03	2.55e-02	1.09e-01	1.97e-01	1.65e-01	1.34e-01	2.88e-01	7.13e-02	5.73e-03
 5.83385e+22	6.39e-31	3.89e-19	9.46e-16	1.88e-13	1.71e-11	1.03e-09	1.77e-06	1.75e-04	4.36e-03	2.76e-02	1.16e-01	2.05e-01	1.67e-01	1.32e-01	2.77e-01	6.65e-02	5.19e-03
 5.89064e+22	9.69e-31	5.57e-19	1.29e-15	2.45e-13	2.10e-11	1.21e-09	2.05e-06	2.02e-04	4.96e-03	3.04e-02	1.24e-01	2.14e-01	1.69e-01	1.29e-01	2.62e-01	6.08e-02	4.57e-03
 5.94888e+22	1.35e-30	7.41e-19	1.66e-15	3.02e-13	2.48e-11	1.37e-09	2.31e-06	2.27e-04	5.48e-03	3.28e-02	1.31e-01	2.21e-01	1.71e-01	1.26e-01	2.51e-01	5.64e-02	4.12e-03
 5.99935e+22	1.83e-30	9.62e-19	2.09e-15	3.65e-13	2.89e-11	1.54e-09	2.57e-06	2.51e-04	5.99e-03	3.52e-02	1.38e-01	2.28e-01	1.72e-01	1.24e-01	2.41e-01	5.26e-02	3.74e-03
 6.05531e+22	2.68e-30	1.34e-18	2.80e-15	4.67e-13	3.52e-11	1.79e-09	2.93e-06	2.86e-04	6.71e-03	3.83e-02	1.46e-01	2.36e-01	1.73e-01	1.21e-01	2.28e-01	4.81e-02	3.29e-03
 6.11196e+22	3.62e-30	1.74e-18	3.52e-15	5.65e-13	4.10e-11	2.02e-09	3.26e-06	3.16e-04	7.32e-03	4.09e-02	1.53e-01	2.42e-01	1.73e-01	1.18e-01	2.18e-01	4.47e-02	2.98e-03
 6.16952e+22	5.31e-30	2.43e-18	4.71e-15	7.22e-13	4.98e-11	2.35e-09	3.71e-06	3.58e-04	8.16e-03	4.44e-02	1.61e-01	2.49e-01	1.73e-01	1.15e-01	2.06e-01	4.06e-02	2.61e-03
 6.22798e+22	7.14e-30	3.13e-18	5.90e-15	8.72e-13	5.80e-11	2.65e-09	4.11e-06	3.94e-04	8.86e-03	4.72e-02	1.68e-01	2.55e-01	1.73e-01	1.12e-01	1.96e-01	3.77e-02	2.36e-03
 6.27921e+22	9.51e-30	4.02e-18	7.34e-15	1.05e-12	6.73e-11	2.97e-09	4.53e-06	4.32e-04	9.59e-03	5.00e-02	1.74e-01	2.60e-01	1.73e-01	1.09e-01	1.87e-01	3.49e-02	2.13e-03
 6.33745e+22	1.38e-29	5.55e-18	9.76e-15	1.33e-12	8.14e-11	3.44e-09	5.12e-06	4.86e-04	1.06e-02	5.39e-02	1.83e-01	2.66e-01	1.72e-01	1.05e-01	1.75e-01	3.16e-02	1.86e-03
 6.39545e+22	1.80e-29	6.99e-18	1.20e-14	1.58e-12	9.37e-11	3.85e-09	5.61e-06	5.30e-04	1.14e-02	5.68e-02	1.89e-01	2.70e-01	1.71e-01	1.02e-01	1.67e-01	2.94e-02	1.69e-03
 6.45314e+22	2.57e-29	9.52e-18	1.57e-14	1.99e-12	1.13e-10	4.44e-09	6.30e-06	5.92e-04	1.25e-02	6.08e-02	1.97e-01	2.76e-01	1.70e-01	9.85e-02	1.57e-01	2.66e-02	1.47e-03
 6.51196e+22	3.37e-29	1.20e-17	1.93e-14	2.37e-12	1.30e-10	4.97e-09	6.91e-06	6.44e-04	1.35e-02	6.40e-02	2.03e-01	2.79e-01	1.68e-01	9.56e-02	1.49e-01	2.47e-02	1.33e-03
 6.57225e+22	4.82e-29	1.64e-17	2.54e-14	2.98e-12	1.56e-10	5.75e-09	7.77e-06	7.19e-04	1.48e-02	6.84e-02	2.12e-01	2.84e-01	1.66e-01	9.17e-02	1.39e-01	2.23e-02	1.16e-03
 6.63369e+22	6.34e-29	2.08e-17	3.13e-14	3.56e-12	1.81e-10	6.45e-09	8.52e-06	7.82e-04	1.59e-02	7.19e-02	2.18e-01	2.87e-01	1.64e-01	8.88e-02	1.32e-01	2.05e-02	1.04e-03
 6.69661e+22	1.81e-29	2.84e-17	4.12e-14	4.50e-12	2.19e-10	7.48e-09	9.59e-06	8.72e-04	1.74e-02	7.66e-02	2.26e-01	2.90e-01	1.62e-01	8.48e-02	1.23e-01	1.84e-02	9.01e-04
 6.76069e+22	2.38e-29	3.61e-17	5.10e-14	5.39e-12	2.53e-10	8.41e-09	1.05e-05	9.49e-04	1.86e-02	8.04e-02	2.32e-01	2.93e-01	1.60e-01	8.18e-02	1.16e-01	1.69e-02	8.06e-04
 6.82629e+22	3.40e-29	4.95e-17	6.73e-14	6.82e-12	3.07e-10	9.79e-09	1.18e-05	1.06e-03	2.04e-02	8.55e-02	2.40e-01	2.95e-01	1.57e-01	7.79e-02	1.08e-01	1.51e-02	6.94e-04
 6.89041e+22	4.32e-29	6.12e-17	8.13e-14	8.02e-12	3.51e-10	1.09e-08	1.29e-05	1.14e-03	2.16e-02	8.92e-02	2.45e-01	2.97e-01	1.54e-01	7.53e-02	1.02e-01	1.40e-02	6.27e-04
 6.95261e+22	6.06e-29	8.23e-17	1.06e-13	1.00e-11	4.20e-10	1.26e-08	1.44e-05	1.26e-03	2.35e-02	9.43e-02	2.52e-01	2.98e-01	1.51e-01	7.17e-02	9.46e-02	1.25e-02	5.42e-04
 7.01576e+22	7.72e-29	1.02e-16	1.28e-13	1.18e-11	4.81e-10	1.40e-08	1.57e-05	1.36e-03	2.49e-02	9.82e-02	2.58e-01	2.99e-01	1.48e-01	6.90e-02	8.95e-02	1.15e-02	4.88e-04
 7.08013e+22	1.07e-28	1.36e-16	1.65e-13	1.47e-11	5.75e-10	1.62e-08	1.75e-05	1.50e-03	2.70e-02	1.03e-01	2.64e-01	3.00e-01	1.45e-01	6.56e-02	8.29e-02	1.03e-02	4.22e-04
 7.14650e+22	1.39e-28	1.72e-16	2.03e-13	1.75e-11	6.66e-10	1.82e-08	1.92e-05	1.62e-03	2.88e-02	1.08e-01	2.70e-01	3.00e-01	1.42e-01	6.29e-02	7.78e-02	9.44e-03	3.75e-04
 7.21545e+22	1.94e-28	2.30e-16	2.63e-13	2.19e-11	7.99e-10	2.10e-08	2.15e-05	1.79e-03	3.11e-02	1.14e-01	2.76e-01	3.00e-01	1.38e-01	5.95e-02	7.18e-02	8.41e-03	3.23e-04
 7.28663e+22	2.56e-28	2.94e-16	3.28e-13	2.64e-11	9.34e-10	2.38e-08	2.36e-05	1.94e-03	3.32e-02	1.19e-01	2.81e-01	2.99e-01	1.34e-01	5.67e-02	6.70e-02	7.62e-03	2.84e-04
 7.36070e+22	3.61e-28	3.97e-16	4.29e-13	3.33e-11	1.13e-09	2.78e-08	2.66e-05	2.15e-03	3.60e-02	1.25e-01	2.87e-01	2.98e-01	1.30e-01	5.34e-02	6.14e-02	6.74e-03	2.42e-04
 7.43675e+22	4.81e-28	5.12e-16	5.38e-13	4.04e-11	1.33e-09	3.17e-08	2.94e-05	2.35e-03	3.85e-02	1.30e-01	2.92e-01	2.96e-01	1.26e-01	5.07e-02	5.70e-02	6.07e-03	2.12e-04
 7.51535e+22	6.85e-28	6.98e-16	7.10e-13	5.13e-11	1.62e-09	3.72e-08	3.33e-05	2.60e-03	4.17e-02	1.37e-01	2.98e-01	2.94e-01	1.22e-01	4.74e-02	5.19e-02	5.32e-03	1.79e-04
 7.59647e+22	9.25e-28	9.09e-16	8.98e-13	6.29e-11	1.92e-09	4.27e-08	3.70e-05	2.84e-03	4.46e-02	1.43e-01	3.03e-01	2.92e-01	1.18e-01	4.48e-02	4.79e-02	4.76e-03	1.55e-04
 7.68087e+22	1.34e-27	1.26e-15	1.20e-12	8.08e-11	2.37e-09	5.05e-08	4.22e-05	3.17e-03	4.85e-02	1.50e-01	3.08e-01	2.89e-01	1.13e-01	4.17e-02	4.33e-02	4.13e-03	1.29e-04
 7.76800e+22	1.83e-27	1.66e-15	1.54e-12	1.00e-10	2.83e-09	5.84e-08	4.71e-05	3.47e-03	5.19e-02	1.56e-01	3.12e-01	2.85e-01	1.09e-01	3.91e-02	3.97e-02	3.66e-03	1.11e-04
 7.84661e+22	2.46e-27	2.15e-15	1.94e-12	1.22e-10	3.35e-09	6.70e-08	5.24e-05	3.79e-03	5.54e-02	1.62e-01	3.15e-01	2.82e-01	1.04e-01	3.68e-02	3.65e-02	3.26e-03	9.57e-05
 7.93671e+22	3.67e-27	3.05e-15	2.65e-12	1.60e-10	4.19e-09	8.03e-08	6.01e-05	4.24e-03	6.03e-02	1.70e-01	3.20e-01	2.77e-01	9.92e-02	3.38e-02	3.26e-02	2.78e-03	7.82e-05
 8.02755e+22	4.93e-27	3.94e-15	3.34e-12	1.96e-10	4.97e-09	9.22e-08	6.69e-05	4.63e-03	6.42e-02	1.77e-01	3.22e-01	2.73e-01	9.52e-02	3.17e-02	2.98e-02	2.47e-03	6.73e-05
 8.11933e+22	7.29e-27	5.56e-15	4.54e-12	2.56e-10	6.20e-09	1.10e-07	7.67e-05	5.17e-03	6.96e-02	1.85e-01	3.25e-01	2.67e-01	9.00e-02	2.91e-02	2.66e-02	2.11e-03	5.50e-05
 8.21307e+22	1.00e-26	7.35e-15	5.83e-12	3.17e-10	7.42e-09	1.28e-07	8.57e-05	5.65e-03	7.43e-02	1.92e-01	3.27e-01	2.62e-01	8.59e-02	2.71e-02	2.41e-02	1.85e-03	4.66e-05
 8.30935e+22	1.49e-26	1.04e-14	7.97e-12	4.16e-10	9.30e-09	1.53e-07	9.85e-05	6.32e-03	8.05e-02	2.00e-01	3.29e-01	2.55e-01	8.08e-02	2.47e-02	2.13e-02	1.56e-03	3.77e-05
 8.40765e+22	2.07e-26	1.40e-14	1.04e-11	5.22e-10	1.12e-08	1.79e-07	1.11e-04	6.93e-03	8.60e-02	2.07e-01	3.31e-01	2.49e-01	7.67e-02	2.28e-02	1.92e-02	1.36e-03	3.15e-05
 8.49509e+22	2.86e-26	1.86e-14	1.34e-11	6.50e-10	1.35e-08	2.08e-07	1.24e-04	7.57e-03	9.15e-02	2.14e-01	3.31e-01	2.43e-01	7.27e-02	2.11e-02	1.73e-02	1.18e-03	2.64e-05
 8.59528e+22	4.35e-26	2.70e-14	1.87e-11	8.65e-10	1.71e-08	2.52e-07	1.43e-04	8.48e-03	9.91e-02	2.23e-01	3.31e-01	2.36e-01	6.78e-02	1.90e-02	1.51e-02	9.81e-04	2.09e-05
 8.69045e+22	5.71e-26	3.45e-14	2.32e-11	1.05e-09	2.01e-08	2.86e-07	1.58e-04	9.16e-03	1.04e-01	2.28e-01	3.31e-01	2.30e-01	6.45e-02	1.78e-02	1.38e-02	8.67e-04	1.79e-05
 8.77911e+22	8.34e-26	4.85e-14	3.14e-11	1.35e-09	2.48e-08	3.40e-07	1.79e-04	1.01e-02	1.12e-01	2.36e-01	3.30e-01	2.23e-01	6.04e-02	1.61e-02	1.21e-02	7.30e-04	1.45e-05
 8.86796e+22	1.10e-25	6.22e-14	3.92e-11	1.64e-09	2.91e-08	3.88e-07	1.97e-04	1.09e-02	1.18e-01	2.41e-01	3.29e-01	2.17e-01	5.73e-02	1.50e-02	1.10e-02	6.42e-04	1.23e-05
 8.95706e+22	1.58e-25	8.66e-14	5.27e-11	2.11e-09	3.59e-08	4.60e-07	2.24e-04	1.20e-02	1.26e-01	2.49e-01	3.27e-01	2.09e-01	5.35e-02	1.36e-02	9.71e-03	5.41e-04	9.94e-06
 9.04822e+22	2.12e-25	1.14e-13	6.71e-11	2.60e-09	4.27e-08	5.29e-07	2.48e-04	1.30e-02	1.33e-01	2.54e-01	3.24e-01	2.03e-01	5.05e-02	1.25e-02	8.73e-03	4.69e-04	8.31e-06
 9.14209e+22	3.12e-25	1.62e-13	9.21e-11	3.41e-09	5.35e-08	6.36e-07	2.84e-04	1.44e-02	1.42e-01	2.62e-01	3.21e-01	1.95e-01	4.67e-02	1.13e-02	7.59e-03	3.89e-04	6.57e-06
 9.23647e+22	4.17e-25	2.13e-13	1.17e-10	4.20e-09	6.36e-08	7.32e-07	3.15e-04	1.56e-02	1.49e-01	2.67e-01	3.18e-01	1.88e-01	4.39e-02	1.04e-02	6.80e-03	3.36e-04	5.48e-06
 9.33154e+22	6.10e-25	3.05e-13	1.61e-10	5.53e-09	7.99e-08	8.83e-07	3.62e-04	1.73e-02	1.60e-01	2.73e-01	3.13e-01	1.80e-01	4.05e-02	9.26e-03	5.87e-03	2.76e-04	4.29e-06
 9.42839e+22	8.28e-25	4.07e-13	2.09e-10	6.89e-09	9.61e-08	1.03e-06	4.04e-04	1.88e-02	1.68e-01	2.79e-01	3.09e-01	1.73e-01	3.78e-02	8.45e-03	5.21e-03	2.36e-04	3.52e-06
 9.52758e+22	1.22e-24	5.93e-13	2.92e-10	9.19e-09	1.22e-07	1.25e-06	4.67e-04	2.10e-02	1.80e-01	2.85e-01	3.03e-01	1.65e-01	3.45e-02	7.49e-03	4.45e-03	1.91e-04	2.71e-06
 9.62870e+22	1.67e-24	8.03e-13	3.82e-10	1.16e-08	1.49e-07	1.47e-06	5.26e-04	2.29e-02	1.89e-01	2.89e-01	2.98e-01	1.58e-01	3.20e-02	6.78e-03	3.91e-03	1.61e-04	2.19e-06
 9.73233e+22	2.48e-24	1.19e-12	5.42e-10	1.57e-08	1.92e-07	1.82e-06	6.14e-04	2.56e-02	2.02e-01	2.95e-01	2.90e-01	1.49e-01	2.89e-02	5.94e-03	3.29e-03	1.28e-04	1.65e-06
 9.83722e+22	3.40e-24	1.62e-12	7.14e-10	2.00e-08	2.35e-07	2.15e-06	6.94e-04	2.80e-02	2.13e-01	2.98e-01	2.84e-01	1.41e-01	2.66e-02	5.34e-03	2.87e-03	1.07e-04	1.31e-06
 9.92568e+22	4.48e-24	2.15e-12	9.19e-10	2.49e-08	2.83e-07	2.52e-06	7.78e-04	3.04e-02	2.23e-01	3.01e-01	2.77e-01	1.35e-01	2.47e-02	4.83e-03	2.52e-03	9.01e-05	1.07e-06
 1.00226e+23	6.34e-24	3.10e-12	1.27e-09	3.30e-08	3.60e-07	3.09e-06	9.04e-04	3.39e-02	2.37e-01	3.04e-01	2.69e-01	1.27e-01	2.22e-02	4.24e-03	2.13e-03	7.21e-05	8.09e-07
 1.01200e+23	8.36e-24	4.11e-12	1.64e-09	4.13e-08	4.36e-07	3.63e-06	1.02e-03	3.69e-02	2.48e-01	3.06e-01	2.61e-01	1.20e-01	2.05e-02	3.82e-03	1.86e-03	6.04e-05	6.50e-07
 1.02150e+23	1.15e-23	5.78e-12	2.23e-09	5.42e-08	5.51e-07	4.43e-06	1.18e-03	4.09e-02	2.61e-01	3.08e-01	2.52e-01	1.13e-01	1.84e-02	3.35e-03	1.57e-03	4.84e-05	4.95e-07
 1.03119e+23	1.51e-23	7.71e-12	2.89e-09	6.82e-08	6.72e-07	5.26e-06	1.33e-03	4.47e-02	2.73e-01	3.09e-01	2.44e-01	1.06e-01	1.68e-02	2.99e-03	1.36e-03	4.00e-05	3.92e-07
 1.04073e+23	2.00e-23	1.07e-11	3.88e-09	8.88e-08	8.45e-07	6.41e-06	1.54e-03	4.95e-02	2.87e-01	3.09e-01	2.35e-01	9.91e-02	1.51e-02	2.61e-03	1.14e-03	3.20e-05	2.98e-07
 1.05046e+23	2.55e-23	1.43e-11	5.06e-09	1.13e-07	1.04e-06	7.68e-06	1.76e-03	5.43e-02	3.00e-01	3.09e-01	2.26e-01	9.27e-02	1.36e-02	2.31e-03	9.75e-04	2.61e-05	2.32e-07
 1.05999e+23	3.33e-23	1.93e-11	6.66e-09	1.45e-07	1.30e-06	9.30e-06	2.03e-03	5.99e-02	3.13e-01	3.08e-01	2.16e-01	8.62e-02	1.22e-02	2.02e-03	8.22e-04	2.09e-05	1.77e-07
 1.06963e+23	4.25e-23	2.57e-11	8.67e-09	1.84e-07	1.60e-06	1.12e-05	2.32e-03	6.58e-02	3.26e-01	3.06e-01	2.06e-01	8.00e-02	1.09e-02	1.77e-03	6.95e-04	1.69e-05	1.36e-07
 1.07915e+23	5.36e-23	3.40e-11	1.12e-08	2.33e-07	1.98e-06	1.35e-05	2.66e-03	7.22e-02	3.39e-01	3.03e-01	1.96e-01	7.40e-02	9.75e-03	1.54e-03	5.85e-04	1.35e-05	0.00e+00
 1.08865e+23	6.69e-23	4.45e-11	1.44e-08	2.94e-07	2.44e-06	1.62e-05	3.05e-03	7.92e-02	3.52e-01	3.00e-01	1.87e-01	6.83e-02	8.69e-03	1.34e-03	4.92e-04	1.08e-05	0.00e+00
 1.09816e+23	8.30e-23	5.80e-11	1.85e-08	3.71e-07	3.00e-06	1.95e-05	3.49e-03	8.67e-02	3.65e-01	2.96e-01	1.77e-01	6.28e-02	7.71e-03	1.16e-03	4.12e-04	8.65e-06	0.00e+00
 1.10771e+23	1.02e-22	7.49e-11	2.35e-08	4.65e-07	3.67e-06	2.35e-05	3.99e-03	9.48e-02	3.77e-01	2.91e-01	1.67e-01	5.76e-02	6.82e-03	1.01e-03	3.44e-04	6.89e-06	0.00e+00
 1.11728e+23	1.25e-22	9.60e-11	2.97e-08	5.81e-07	4.50e-06	2.82e-05	4.55e-03	1.04e-01	3.89e-01	2.86e-01	1.57e-01	5.27e-02	6.02e-03	8.69e-04	2.87e-04	5.47e-06	0.00e+00
 1.12694e+23	1.52e-22	1.22e-10	3.75e-08	7.25e-07	5.49e-06	3.38e-05	5.19e-03	1.13e-01	4.00e-01	2.80e-01	1.48e-01	4.80e-02	5.29e-03	7.46e-04	2.38e-04	4.32e-06	0.00e+00
 1.13669e+23	1.84e-22	1.55e-10	4.70e-08	9.01e-07	6.70e-06	4.05e-05	5.91e-03	1.23e-01	4.10e-01	2.73e-01	1.38e-01	4.35e-02	4.63e-03	6.38e-04	1.96e-04	3.40e-06	0.00e+00
 1.14650e+23	2.21e-22	1.94e-10	5.85e-08	1.12e-06	8.14e-06	4.84e-05	6.72e-03	1.33e-01	4.20e-01	2.66e-01	1.29e-01	3.94e-02	4.05e-03	5.45e-04	1.62e-04	2.67e-06	0.00e+00
 1.15646e+23	2.67e-22	2.42e-10	7.29e-08	1.38e-06	9.91e-06	5.80e-05	7.64e-03	1.45e-01	4.29e-01	2.58e-01	1.20e-01	3.55e-02	3.52e-03	4.62e-04	1.33e-04	2.08e-06	0.00e+00
 1.16652e+23	3.20e-22	2.99e-10	8.99e-08	1.70e-06	1.20e-05	6.91e-05	8.65e-03	1.56e-01	4.37e-01	2.50e-01	1.12e-01	3.19e-02	3.05e-03	3.92e-04	1.09e-04	1.63e-06	0.00e+00
 1.17679e+23	3.86e-22	3.70e-10	1.11e-07	2.10e-06	1.45e-05	8.28e-05	9.83e-03	1.69e-01	4.45e-01	2.42e-01	1.03e-01	2.85e-02	2.63e-03	3.28e-04	8.82e-05	1.25e-06	0.00e+00
 1.18723e+23	2.83e-21	4.53e-10	1.36e-07	2.57e-06	1.75e-05	9.85e-05	1.11e-02	1.82e-01	4.51e-01	2.33e-01	9.49e-02	2.54e-02	2.26e-03	2.76e-04	7.16e-05	9.69e-07	0.00e+00
 1.19678e+23	5.08e-21	5.34e-10	1.61e-07	3.04e-06	2.05e-05	1.14e-04	1.23e-02	1.94e-01	4.55e-01	2.25e-01	8.85e-02	2.30e-02	1.99e-03	2.38e-04	6.01e-05	7.79e-07	0.00e+00
 1.20675e+23	6.70e-21	6.52e-10	1.98e-07	3.74e-06	2.48e-05	1.37e-04	1.39e-02	2.08e-01	4.59e-01	2.15e-01	8.07e-02	2.03e-02	1.69e-03	1.96e-04	4.79e-05	5.89e-07	0.00e+00
 1.21689e+23	8.48e-21	7.64e-10	2.33e-07	4.40e-06	2.89e-05	1.57e-04	1.54e-02	2.21e-01	4.62e-01	2.07e-01	7.49e-02	1.83e-02	1.48e-03	1.68e-04	3.99e-05	4.71e-07	0.00e+00
 1.22734e+23	1.16e-20	9.29e-10	2.87e-07	5.42e-06	3.50e-05	1.89e-04	1.74e-02	2.37e-01	4.63e-01	1.97e-01	6.78e-02	1.59e-02	1.25e-03	1.37e-04	3.14e-05	3.51e-07	0.00e+00
 1.23784e+23	1.49e-20	1.08e-09	3.35e-07	6.35e-06	4.05e-05	2.17e-04	1.91e-02	2.49e-01	4.64e-01	1.89e-01	6.26e-02	1.43e-02	1.09e-03	1.17e-04	2.61e-05	2.80e-07	0.00e+00
 1.24841e+23	2.10e-20	1.29e-09	4.07e-07	7.75e-06	4.87e-05	2.59e-04	2.16e-02	2.66e-01	4.63e-01	1.79e-01	5.64e-02	1.24e-02	9.10e-04	9.51e-05	2.05e-05	2.08e-07	0.00e+00
 1.25901e+23	2.83e-20	1.49e-09	4.73e-07	9.01e-06	5.60e-05	2.95e-04	2.36e-02	2.79e-01	4.62e-01	1.71e-01	5.20e-02	1.12e-02	7.94e-04	8.11e-05	1.70e-05	1.66e-07	0.00e+00
 1.26965e+23	4.15e-20	1.77e-09	5.70e-07	1.09e-05	6.69e-05	3.50e-04	2.64e-02	2.96e-01	4.59e-01	1.61e-01	4.67e-02	9.66e-03	6.63e-04	6.58e-05	1.33e-05	1.23e-07	0.00e+00
 1.28040e+23	5.96e-20	2.03e-09	6.59e-07	1.27e-05	7.66e-05	3.99e-04	2.88e-02	3.09e-01	4.56e-01	1.54e-01	4.29e-02	8.63e-03	5.76e-04	5.59e-05	1.10e-05	0.00e+00	0.00e+00
 1.29130e+23	9.40e-20	2.39e-09	7.91e-07	1.53e-05	9.11e-05	4.71e-04	3.21e-02	3.26e-01	4.51e-01	1.44e-01	3.83e-02	7.43e-03	4.79e-04	4.50e-05	8.62e-06	0.00e+00	0.00e+00
 1.30233e+23	1.47e-19	2.73e-09	9.13e-07	1.76e-05	1.04e-04	5.35e-04	3.49e-02	3.39e-01	4.46e-01	1.37e-01	3.50e-02	6.61e-03	4.14e-04	3.80e-05	7.10e-06	0.00e+00	0.00e+00
 1.31355e+23	2.52e-19	3.21e-09	1.09e-06	2.12e-05	1.23e-04	6.31e-04	3.88e-02	3.57e-01	4.39e-01	1.28e-01	3.11e-02	5.67e-03	3.43e-04	3.05e-05	5.50e-06	0.00e+00	0.00e+00
 1.32497e+23	4.18e-19	3.67e-09	1.26e-06	2.45e-05	1.41e-04	7.16e-04	4.21e-02	3.70e-01	4.33e-01	1.21e-01	2.83e-02	5.01e-03	2.95e-04	2.56e-05	4.50e-06	0.00e+00	0.00e+00
 1.33665e+23	7.19e-19	4.31e-09	1.51e-06	2.95e-05	1.67e-04	8.43e-04	4.67e-02	3.87e-01	4.24e-01	1.12e-01	2.50e-02	4.26e-03	2.42e-04	2.03e-05	3.46e-06	0.00e+00	0.00e+00
 1.34859e+23	1.12e-18	4.94e-09	1.75e-06	3.42e-05	1.90e-04	9.58e-04	5.06e-02	4.01e-01	4.16e-01	1.05e-01	2.26e-02	3.75e-03	2.06e-04	1.69e-05	2.80e-06	0.00e+00	0.00e+00
 1.36088e+23	1.75e-18	5.82e-09	2.11e-06	4.12e-05	2.25e-04	1.13e-03	5.61e-02	4.18e-01	4.05e-01	9.67e-02	1.98e-02	3.16e-03	1.67e-04	1.33e-05	2.12e-06	0.00e+00	0.00e+00
 1.37343e+23	2.50e-18	6.69e-09	2.45e-06	4.78e-05	2.57e-04	1.28e-03	6.06e-02	4.31e-01	3.96e-01	9.05e-02	1.78e-02	2.76e-03	1.42e-04	1.10e-05	1.71e-06	0.00e+00	0.00e+00
 1.38399e+23	3.29e-18	7.54e-09	2.79e-06	5.44e-05	2.89e-04	1.43e-03	6.49e-02	4.42e-01	3.87e-01	8.52e-02	1.62e-02	2.44e-03	1.22e-04	9.23e-06	1.41e-06	0.00e+00	0.00e+00
 1.39539e+23	4.53e-18	8.77e-09	3.29e-06	6.41e-05	3.34e-04	1.65e-03	7.08e-02	4.56e-01	3.75e-01	7.87e-02	1.43e-02	2.08e-03	1.01e-04	7.39e-06	1.09e-06	0.00e+00	0.00e+00
 1.40650e+23	5.76e-18	9.82e-09	3.72e-06	7.23e-05	3.71e-04	1.83e-03	7.53e-02	4.66e-01	3.67e-01	7.42e-02	1.31e-02	1.86e-03	8.77e-05	6.30e-06	9.09e-07	0.00e+00	0.00e+00
 1.41725e+23	7.52e-18	1.12e-08	4.33e-06	8.41e-05	4.25e-04	2.09e-03	8.15e-02	4.79e-01	3.55e-01	6.86e-02	1.16e-02	1.59e-03	7.30e-05	5.09e-06	7.14e-07	0.00e+00	0.00e+00
 1.42811e+23	9.57e-18	1.27e-08	4.90e-06	9.47e-05	4.71e-04	2.30e-03	8.63e-02	4.87e-01	3.47e-01	6.46e-02	1.06e-02	1.42e-03	6.35e-05	4.34e-06	5.95e-07	0.00e+00	0.00e+00
 1.43911e+23	1.25e-17	1.46e-08	5.72e-06	1.10e-04	5.37e-04	2.61e-03	9.31e-02	4.99e-01	3.35e-01	5.96e-02	9.34e-03	1.22e-03	5.26e-05	3.50e-06	4.66e-07	0.00e+00	0.00e+00
 1.45026e+23	1.58e-17	1.66e-08	6.50e-06	1.24e-04	5.96e-04	2.88e-03	9.85e-02	5.07e-01	3.25e-01	5.59e-02	8.49e-03	1.08e-03	4.55e-05	2.96e-06	3.86e-07	0.00e+00	0.00e+00
 1.46161e+23	2.07e-17	1.92e-08	7.62e-06	1.45e-04	6.79e-04	3.28e-03	1.06e-01	5.17e-01	3.13e-01	5.13e-02	7.47e-03	9.19e-04	3.75e-05	2.38e-06	3.01e-07	0.00e+00	0.00e+00
 1.47313e+23	2.64e-17	2.19e-08	8.69e-06	1.64e-04	7.53e-04	3.61e-03	1.12e-01	5.24e-01	3.03e-01	4.80e-02	6.77e-03	8.12e-04	3.23e-05	2.00e-06	2.48e-07	0.00e+00	0.00e+00
 1.48487e+23	3.48e-17	2.55e-08	1.02e-05	1.91e-04	8.59e-04	4.10e-03	1.21e-01	5.33e-01	2.91e-01	4.38e-02	5.92e-03	6.88e-04	2.65e-05	1.59e-06	1.91e-07	0.00e+00	0.00e+00
 1.49681e+23	4.47e-17	2.93e-08	1.17e-05	2.17e-04	9.53e-04	4.51e-03	1.27e-01	5.39e-01	2.81e-01	4.09e-02	5.34e-03	6.05e-04	2.27e-05	1.34e-06	1.57e-07	0.00e+00	0.00e+00
 1.50902e+23	6.01e-17	3.45e-08	1.39e-05	2.54e-04	1.09e-03	5.13e-03	1.37e-01	5.47e-01	2.68e-01	3.71e-02	4.65e-03	5.08e-04	1.84e-05	1.06e-06	1.20e-07	0.00e+00	0.00e+00
 1.52149e+23	7.89e-17	4.00e-08	1.60e-05	2.89e-04	1.21e-03	5.65e-03	1.44e-01	5.52e-01	2.58e-01	3.44e-02	4.17e-03	4.44e-04	1.57e-05	8.78e-07	0.00e+00	0.00e+00	0.00e+00
 1.53429e+23	1.08e-16	4.75e-08	1.91e-05	3.40e-04	1.38e-03	6.43e-03	1.55e-01	5.58e-01	2.44e-01	3.10e-02	3.60e-03	3.70e-04	1.26e-05	6.85e-07	0.00e+00	0.00e+00	0.00e+00
 1.54742e+23	1.45e-16	5.56e-08	2.22e-05	3.89e-04	1.54e-03	7.11e-03	1.63e-01	5.62e-01	2.34e-01	2.86e-02	3.20e-03	3.20e-04	1.06e-05	5.63e-07	0.00e+00	0.00e+00	0.00e+00
 1.56097e+23	2.09e-16	6.74e-08	2.68e-05	4.61e-04	1.77e-03	8.10e-03	1.75e-01	5.66e-01	2.21e-01	2.56e-02	2.74e-03	2.65e-04	8.44e-06	4.35e-07	0.00e+00	0.00e+00	0.00e+00
 1.57470e+23	2.90e-16	7.96e-08	3.13e-05	5.28e-04	1.97e-03	8.92e-03	1.84e-01	5.68e-01	2.11e-01	2.35e-02	2.43e-03	2.28e-04	7.07e-06	3.56e-07	0.00e+00	0.00e+00	0.00e+00
 1.58866e+23	4.37e-16	9.72e-08	3.80e-05	6.27e-04	2.26e-03	1.02e-02	1.97e-01	5.69e-01	1.98e-01	2.09e-02	2.07e-03	1.87e-04	5.58e-06	2.73e-07	0.00e+00	0.00e+00	0.00e+00
 1.60276e+23	6.42e-16	1.16e-07	4.45e-05	7.20e-04	2.52e-03	1.12e-02	2.06e-01	5.70e-01	1.88e-01	1.92e-02	1.83e-03	1.61e-04	4.66e-06	2.22e-07	0.00e+00	0.00e+00	0.00e+00
 1.61704e+23	1.04e-15	1.43e-07	5.43e-05	8.57e-04	2.89e-03	1.27e-02	2.20e-01	5.69e-01	1.76e-01	1.70e-02	1.55e-03	1.31e-04	3.66e-06	1.69e-07	0.00e+00	0.00e+00	0.00e+00
 1.63157e+23	1.47e-15	1.72e-07	6.41e-05	9.87e-04	3.22e-03	1.40e-02	2.30e-01	5.68e-01	1.66e-01	1.55e-02	1.36e-03	1.12e-04	3.03e-06	1.37e-07	0.00e+00	0.00e+00	0.00e+00
 1.64438e+23	6.33e-17	2.04e-07	7.51e-05	1.13e-03	3.57e-03	1.54e-02	2.41e-01	5.66e-01	1.57e-01	1.41e-02	1.19e-03	9.54e-05	2.51e-06	0.00e+00	0.00e+00	0.00e+00	0.00e+00
 1.65896e+23	7.98e-17	2.56e-07	9.22e-05	1.35e-03	4.08e-03	1.73e-02	2.55e-01	5.62e-01	1.46e-01	1.24e-02	1.01e-03	7.78e-05	1.97e-06	0.00e+00	0.00e+00	0.00e+00	0.00e+00
 1.67384e+23	1.12e-16	3.08e-07	1.09e-04	1.55e-03	4.54e-03	1.91e-02	2.67e-01	5.58e-01	1.37e-01	1.12e-02	8.79e-04	6.56e-05	1.61e-06	0.00e+00	0.00e+00	0.00e+00	0.00e+00
 1.68593e+23	1.47e-16	3.63e-07	1.26e-04	1.75e-03	4.98e-03	2.07e-02	2.77e-01	5.54e-01	1.30e-01	1.03e-02	7.82e-04	5.69e-05	1.36e-06	0.00e+00	0.00e+00	0.00e+00	0.00e+00
 1.69847e+23	2.11e-16	4.42e-07	1.49e-04	2.02e-03	5.53e-03	2.26e-02	2.89e-01	5.48e-01	1.22e-01	9.27e-03	6.81e-04	4.81e-05	1.11e-06	0.00e+00	0.00e+00	0.00e+00	0.00e+00
 1.71167e+23	2.85e-16	5.26e-07	1.74e-04	2.29e-03	6.08e-03	2.46e-02	3.00e-01	5.42e-01	1.15e-01	8.43e-03	6.00e-04	4.13e-05	9.30e-07	0.00e+00	0.00e+00	0.00e+00	0.00e+00
 1.72378e+23	3.85e-16	6.25e-07	2.02e-04	2.60e-03	6.66e-03	2.66e-02	3.10e-01	5.36e-01	1.09e-01	7.68e-03	5.30e-04	3.55e-05	7.78e-07	0.00e+00	0.00e+00	0.00e+00	0.00e+00
 1.73759e+23	5.60e-16	7.79e-07	2.44e-04	3.03e-03	7.47e-03	2.94e-02	3.24e-01	5.28e-01	1.01e-01	6.82e-03	4.53e-04	2.94e-05	6.23e-07	0.00e+00	0.00e+00	0.00e+00	0.00e+00
 1.75177e+23	7.92e-16	9.41e-07	2.87e-04	3.47e-03	8.23e-03	3.20e-02	3.35e-01	5.20e-01	9.44e-02	6.13e-03	3.94e-04	2.48e-05	5.09e-07	0.00e+00	0.00e+00	0.00e+00	0.00e+00
 1.76422e+23	1.06e-15	1.13e-06	3.35e-04	3.93e-03	9.01e-03	3.45e-02	3.46e-01	5.12e-01	8.87e-02	5.56e-03	3.47e-04	2.12e-05	4.25e-07	0.00e+00	0.00e+00	0.00e+00	0.00e+00
 1.77820e+23	1.57e-15	1.41e-06	4.05e-04	4.58e-03	1.01e-02	3.79e-02	3.59e-01	5.01e-01	8.19e-02	4.93e-03	2.96e-04	1.75e-05	3.39e-07	0.00e+00	0.00e+00	0.00e+00	0.00e+00
 1.79287e+23	2.27e-15	1.73e-06	4.80e-04	5.26e-03	1.11e-02	4.13e-02	3.71e-01	4.91e-01	7.59e-02	4.39e-03	2.54e-04	1.46e-05	2.74e-07	0.00e+00	0.00e+00	0.00e+00	0.00e+00
 1.80616e+23	3.13e-15	2.09e-06	5.64e-04	5.98e-03	1.22e-02	4.45e-02	3.81e-01	4.81e-01	7.08e-02	3.95e-03	2.22e-04	1.24e-05	2.26e-07	0.00e+00	0.00e+00	0.00e+00	0.00e+00
 1.82116e+23	4.84e-15	2.67e-06	6.90e-04	7.03e-03	1.36e-02	4.88e-02	3.94e-01	4.67e-01	6.47e-02	3.45e-03	1.86e-04	1.01e-05	1.77e-07	0.00e+00	0.00e+00	0.00e+00	0.00e+00
 1.83665e+23	7.35e-15	3.30e-06	8.24e-04	8.09e-03	1.50e-02	5.30e-02	4.06e-01	4.55e-01	5.95e-02	3.06e-03	1.59e-04	8.33e-06	1.42e-07	0.00e+00	0.00e+00	0.00e+00	0.00e+00
 1.85044e+23	1.06e-14	4.02e-06	9.71e-04	9.22e-03	1.65e-02	5.71e-02	4.16e-01	4.43e-01	5.50e-02	2.73e-03	1.37e-04	6.99e-06	0.00e+00	0.00e+00	0.00e+00	0.00e+00	0.00e+00
 1.86605e+23	1.72e-14	5.17e-06	1.19e-03	1.08e-02	1.84e-02	6.25e-02	4.28e-01	4.27e-01	4.98e-02	2.36e-03	1.14e-04	5.60e-06	0.00e+00	0.00e+00	0.00e+00	0.00e+00	0.00e+00
 1.88227e+23	2.87e-14	6.47e-06	1.43e-03	1.25e-02	2.03e-02	6.78e-02	4.38e-01	4.12e-01	4.54e-02	2.07e-03	9.65e-05	4.58e-06	0.00e+00	0.00e+00	0.00e+00	0.00e+00	0.00e+00
 1.89687e+23	4.47e-14	7.98e-06	1.70e-03	1.43e-02	2.22e-02	7.29e-02	4.47e-01	3.99e-01	4.16e-02	1.83e-03	8.24e-05	3.79e-06	0.00e+00	0.00e+00	0.00e+00	0.00e+00	0.00e+00
 1.91342e+23	8.61e-14	1.04e-05	2.11e-03	1.69e-02	2.49e-02	7.97e-02	4.57e-01	3.80e-01	3.70e-02	1.56e-03	6.71e-05	2.98e-06	0.00e+00	0.00e+00	0.00e+00	0.00e+00	0.00e+00
 1.93048e+23	1.81e-13	1.31e-05	2.54e-03	1.95e-02	2.74e-02	8.59e-02	4.65e-01	3.65e-01	3.35e-02	1.35e-03	5.63e-05	2.42e-06	0.00e+00	0.00e+00	0.00e+00	0.00e+00	0.00e+00
 1.94583e+23	3.45e-13	1.63e-05	3.03e-03	2.23e-02	3.00e-02	9.21e-02	4.72e-01	3.49e-01	3.03e-02	1.18e-03	4.74e-05	1.97e-06	0.00e+00	0.00e+00	0.00e+00	0.00e+00	0.00e+00
 1.96342e+23	1.01e-12	2.17e-05	3.79e-03	2.65e-02	3.35e-02	1.00e-01	4.79e-01	3.29e-01	2.65e-02	9.88e-04	3.79e-05	1.51e-06	0.00e+00	0.00e+00	0.00e+00	0.00e+00	0.00e+00
 1.98125e+23	4.75e-12	2.73e-05	4.55e-03	3.05e-02	3.67e-02	1.08e-01	4.84e-01	3.12e-01	2.37e-02	8.50e-04	3.13e-05	1.21e-06	0.00e+00	0.00e+00	0.00e+00	0.00e+00	0.00e+00
 1.99702e+23	1.49e-11	3.41e-05	5.43e-03	3.48e-02	3.99e-02	1.15e-01	4.87e-01	2.96e-01	2.12e-02	7.36e-04	2.61e-05	9.79e-07	0.00e+00	0.00e+00	0.00e+00	0.00e+00	0.00e+00
 2.01514e+23	1.01e-10	4.54e-05	6.80e-03	4.12e-02	4.44e-02	1.24e-01	4.89e-01	2.75e-01	1.83e-02	6.06e-04	2.05e-05	7.38e-07	0.00e+00	0.00e+00	0.00e+00	0.00e+00	0.00e+00
 2.03349e+23	2.50e-10	5.70e-05	8.13e-03	4.70e-02	4.82e-02	1.32e-01	4.89e-01	2.59e-01	1.61e-02	5.17e-04	1.68e-05	5.86e-07	0.00e+00	0.00e+00	0.00e+00	0.00e+00	0.00e+00
 2.05213e+23	4.15e-10	7.57e-05	1.01e-02	5.53e-02	5.33e-02	1.42e-01	4.87e-01	2.38e-01	1.38e-02	4.23e-04	1.31e-05	4.39e-07	0.00e+00	0.00e+00	0.00e+00	0.00e+00	0.00e+00
 2.07116e+23	6.14e-10	9.58e-05	1.22e-02	6.31e-02	5.77e-02	1.50e-01	4.83e-01	2.21e-01	1.20e-02	3.56e-04	1.06e-05	3.42e-07	0.00e+00	0.00e+00	0.00e+00	0.00e+00	0.00e+00
 2.08812e+23	8.74e-10	1.20e-04	1.45e-02	7.16e-02	6.22e-02	1.58e-01	4.78e-01	2.05e-01	1.05e-02	3.00e-04	8.52e-06	2.67e-07	0.00e+00	0.00e+00	0.00e+00	0.00e+00	0.00e+00
 2.10756e+23	1.34e-09	1.60e-04	1.80e-02	8.38e-02	6.81e-02	1.68e-01	4.69e-01	1.85e-01	8.73e-03	2.40e-04	6.47e-06	1.95e-07	0.00e+00	0.00e+00	0.00e+00	0.00e+00	0.00e+00
 2.12732e+23	1.87e-09	2.02e-04	2.15e-02	9.47e-02	7.30e-02	1.75e-01	4.59e-01	1.69e-01	7.48e-03	1.99e-04	5.14e-06	1.50e-07	0.00e+00	0.00e+00	0.00e+00	0.00e+00	0.00e+00
 2.14750e+23	2.82e-09	2.69e-04	2.67e-02	1.10e-01	7.93e-02	1.84e-01	4.44e-01	1.50e-01	6.10e-03	1.56e-04	3.80e-06	0.00e+00	0.00e+00	0.00e+00	0.00e+00	0.00e+00	0.00e+00
 2.16723e+23	3.79e-09	3.32e-04	3.12e-02	1.23e-01	8.39e-02	1.90e-01	4.31e-01	1.36e-01	5.23e-03	1.30e-04	3.03e-06	0.00e+00	0.00e+00	0.00e+00	0.00e+00	0.00e+00	0.00e+00
 2.18640e+23	5.47e-09	4.32e-04	3.78e-02	1.40e-01	8.96e-02	1.97e-01	4.12e-01	1.19e-01	4.25e-03	1.02e-04	2.25e-06	0.00e+00	0.00e+00	0.00e+00	0.00e+00	0.00e+00	0.00e+00
 2.20491e+23	7.04e-09	5.18e-04	4.33e-02	1.53e-01	9.36e-02	2.01e-01	3.97e-01	1.09e-01	3.66e-03	8.54e-05	1.82e-06	0.00e+00	0.00e+00	0.00e+00	0.00e+00	0.00e+00	0.00e+00
 2.22258e+23	9.69e-09	6.53e-04	5.11e-02	1.70e-01	9.84e-02	2.05e-01	3.76e-01	9.53e-02	3.00e-03	6.78e-05	1.37e-06	0.00e+00	0.00e+00	0.00e+00	0.00e+00	0.00e+00	0.00e+00
 2.24026e+23	1.24e-08	7.79e-04	5.80e-02	1.84e-01	1.02e-01	2.07e-01	3.60e-01	8.57e-02	2.55e-03	5.64e-05	1.09e-06	0.00e+00	0.00e+00	0.00e+00	0.00e+00	0.00e+00	0.00e+00
 2.25797e+23	1.67e-08	9.68e-04	6.77e-02	2.03e-01	1.06e-01	2.09e-01	3.37e-01	7.44e-02	2.07e-03	4.44e-05	8.17e-07	0.00e+00	0.00e+00	0.00e+00	0.00e+00	0.00e+00	0.00e+00
 2.27615e+23	2.14e-08	1.16e-03	7.67e-02	2.19e-01	1.09e-01	2.09e-01	3.18e-01	6.57e-02	1.72e-03	3.62e-05	6.36e-07	0.00e+00	0.00e+00	0.00e+00	0.00e+00	0.00e+00	0.00e+00
 2.29247e+23	2.70e-08	1.37e-03	8.63e-02	2.34e-01	1.11e-01	2.09e-01	2.99e-01	5.79e-02	1.44e-03	2.95e-05	4.96e-07	0.00e+00	0.00e+00	0.00e+00	0.00e+00	0.00e+00	0.00e+00
 2.31122e+23	3.63e-08	1.69e-03	9.97e-02	2.55e-01	1.14e-01	2.07e-01	2.74e-01	4.89e-02	1.13e-03	2.25e-05	3.59e-07	0.00e+00	0.00e+00	0.00e+00	0.00e+00	0.00e+00	0.00e+00
 2.33019e+23	4.59e-08	2.01e-03	1.12e-01	2.71e-01	1.15e-01	2.04e-01	2.53e-01	4.23e-02	9.20e-04	1.80e-05	2.73e-07	0.00e+00	0.00e+00	0.00e+00	0.00e+00	0.00e+00	0.00e+00
 2.34944e+23	6.07e-08	2.45e-03	1.27e-01	2.90e-01	1.17e-01	1.99e-01	2.29e-01	3.52e-02	7.15e-04	1.36e-05	1.95e-07	0.00e+00	0.00e+00	0.00e+00	0.00e+00	0.00e+00	0.00e+00
 2.36818e+23	7.51e-08	2.84e-03	1.40e-01	3.04e-01	1.17e-01	1.94e-01	2.11e-01	3.03e-02	5.83e-04	1.09e-05	1.49e-07	0.00e+00	0.00e+00	0.00e+00	0.00e+00	0.00e+00	0.00e+00
 2.38297e+23	8.99e-08	3.22e-03	1.52e-01	3.16e-01	1.17e-01	1.90e-01	1.95e-01	2.66e-02	4.88e-04	8.95e-06	0.00e+00	0.00e+00	0.00e+00	0.00e+00	0.00e+00	0.00e+00	0.00e+00
 2.39889e+23	1.12e-07	3.75e-03	1.67e-01	3.30e-01	1.16e-01	1.83e-01	1.77e-01	2.25e-02	3.90e-04	7.02e-06	0.00e+00	0.00e+00	0.00e+00	0.00e+00	0.00e+00	0.00e+00	0.00e+00
 2.41528e+23	1.34e-07	4.25e-03	1.80e-01	3.40e-01	1.15e-01	1.77e-01	1.63e-01	1.94e-02	3.21e-04	5.68e-06	0.00e+00	0.00e+00	0.00e+00	0.00e+00	0.00e+00	0.00e+00	0.00e+00
 2.42998e+23	1.59e-07	4.79e-03	1.94e-01	3.50e-01	1.14e-01	1.71e-01	1.49e-01	1.68e-02	2.65e-04	4.60e-06	0.00e+00	0.00e+00	0.00e+00	0.00e+00	0.00e+00	0.00e+00	0.00e+00
 2.44680e+23	1.96e-07	5.54e-03	2.12e-01	3.61e-01	1.12e-01	1.63e-01	1.33e-01	1.39e-02	2.07e-04	3.52e-06	0.00e+00	0.00e+00	0.00e+00	0.00e+00	0.00e+00	0.00e+00	0.00e+00
 2.46380e+23	2.34e-07	6.23e-03	2.27e-01	3.69e-01	1.10e-01	1.56e-01	1.20e-01	1.18e-02	1.67e-04	2.81e-06	0.00e+00	0.00e+00	0.00e+00	0.00e+00	0.00e+00	0.00e+00	0.00e+00
 2.47869e+23	2.76e-07	6.96e-03	2.41e-01	3.76e-01	1.08e-01	1.49e-01	1.09e-01	1.01e-02	1.36e-04	2.25e-06	0.00e+00	0.00e+00	0.00e+00	0.00e+00	0.00e+00	0.00e+00	0.00e+00
 2.49572e+23	3.37e-07	7.97e-03	2.60e-01	3.83e-01	1.05e-01	1.40e-01	9.55e-02	8.22e-03	1.05e-04	1.70e-06	0.00e+00	0.00e+00	0.00e+00	0.00e+00	0.00e+00	0.00e+00	0.00e+00
 2.51305e+23	3.98e-07	8.90e-03	2.76e-01	3.88e-01	1.02e-01	1.32e-01	8.54e-02	6.90e-03	8.40e-05	1.34e-06	0.00e+00	0.00e+00	0.00e+00	0.00e+00	0.00e+00	0.00e+00	0.00e+00
 2.52838e+23	4.67e-07	9.88e-03	2.92e-01	3.92e-01	9.92e-02	1.25e-01	7.65e-02	5.81e-03	6.75e-05	1.06e-06	0.00e+00	0.00e+00	0.00e+00	0.00e+00	0.00e+00	0.00e+00	0.00e+00
 2.54590e+23	5.67e-07	1.12e-02	3.13e-01	3.94e-01	9.53e-02	1.16e-01	6.63e-02	4.66e-03	5.12e-05	7.87e-07	0.00e+00	0.00e+00	0.00e+00	0.00e+00	0.00e+00	0.00e+00	0.00e+00
 2.56366e+23	6.66e-07	1.25e-02	3.29e-01	3.96e-01	9.20e-02	1.08e-01	5.87e-02	3.86e-03	4.05e-05	6.12e-07	0.00e+00	0.00e+00	0.00e+00	0.00e+00	0.00e+00	0.00e+00	0.00e+00
 2.57934e+23	7.76e-07	1.38e-02	3.46e-01	3.96e-01	8.86e-02	1.01e-01	5.19e-02	3.21e-03	3.22e-05	4.78e-07	0.00e+00	0.00e+00	0.00e+00	0.00e+00	0.00e+00	0.00e+00	0.00e+00
 2.59733e+23	9.37e-07	1.55e-02	3.67e-01	3.94e-01	8.43e-02	9.25e-02	4.44e-02	2.53e-03	2.40e-05	3.50e-07	0.00e+00	0.00e+00	0.00e+00	0.00e+00	0.00e+00	0.00e+00	0.00e+00
 2.61564e+23	1.10e-06	1.71e-02	3.84e-01	3.92e-01	8.07e-02	8.57e-02	3.89e-02	2.07e-03	1.88e-05	2.68e-07	0.00e+00	0.00e+00	0.00e+00	0.00e+00	0.00e+00	0.00e+00	0.00e+00
 2.63437e+23	1.32e-06	1.93e-02	4.05e-01	3.87e-01	7.62e-02	7.76e-02	3.29e-02	1.61e-03	1.38e-05	1.93e-07	0.00e+00	0.00e+00	0.00e+00	0.00e+00	0.00e+00	0.00e+00	0.00e+00
 2.65333e+23	1.55e-06	2.13e-02	4.23e-01	3.83e-01	7.25e-02	7.12e-02	2.85e-02	1.30e-03	1.06e-05	1.46e-07	0.00e+00	0.00e+00	0.00e+00	0.00e+00	0.00e+00	0.00e+00	0.00e+00
 2.67257e+23	1.87e-06	2.39e-02	4.44e-01	3.75e-01	6.80e-02	6.39e-02	2.38e-02	9.96e-04	7.74e-06	0.00e+00	0.00e+00	0.00e+00	0.00e+00	0.00e+00	0.00e+00	0.00e+00	0.00e+00
 2.69218e+23	2.18e-06	2.63e-02	4.61e-01	3.69e-01	6.43e-02	5.81e-02	2.05e-02	7.95e-04	5.90e-06	0.00e+00	0.00e+00	0.00e+00	0.00e+00	0.00e+00	0.00e+00	0.00e+00	0.00e+00
 2.70961e+23	2.53e-06	2.88e-02	4.78e-01	3.61e-01	6.07e-02	5.29e-02	1.76e-02	6.37e-04	4.53e-06	0.00e+00	0.00e+00	0.00e+00	0.00e+00	0.00e+00	0.00e+00	0.00e+00	0.00e+00
 2.72960e+23	3.04e-06	3.21e-02	4.99e-01	3.51e-01	5.65e-02	4.68e-02	1.46e-02	4.81e-04	3.25e-06	0.00e+00	0.00e+00	0.00e+00	0.00e+00	0.00e+00	0.00e+00	0.00e+00	0.00e+00
 2.75010e+23	3.56e-06	3.53e-02	5.16e-01	3.41e-01	5.29e-02	4.21e-02	1.23e-02	3.77e-04	2.44e-06	0.00e+00	0.00e+00	0.00e+00	0.00e+00	0.00e+00	0.00e+00	0.00e+00	0.00e+00
 2.76573e+23	3.96e-06	3.76e-02	5.27e-01	3.34e-01	5.05e-02	3.90e-02	1.10e-02	3.18e-04	2.00e-06	0.00e+00	0.00e+00	0.00e+00	0.00e+00	0.00e+00	0.00e+00	0.00e+00	0.00e+00
 2.78050e+23	4.52e-06	4.07e-02	5.42e-01	3.25e-01	4.76e-02	3.54e-02	9.49e-03	2.57e-04	1.55e-06	0.00e+00	0.00e+00	0.00e+00	0.00e+00	0.00e+00	0.00e+00	0.00e+00	0.00e+00
 2.79563e+23	5.03e-06	4.33e-02	5.53e-01	3.17e-01	4.54e-02	3.27e-02	8.42e-03	2.16e-04	1.27e-06	0.00e+00	0.00e+00	0.00e+00	0.00e+00	0.00e+00	0.00e+00	0.00e+00	0.00e+00
 2.81122e+23	5.76e-06	4.68e-02	5.67e-01	3.07e-01	4.26e-02	2.94e-02	7.20e-03	1.72e-04	9.74e-07	0.00e+00	0.00e+00	0.00e+00	0.00e+00	0.00e+00	0.00e+00	0.00e+00	0.00e+00
 2.82692e+23	6.43e-06	4.99e-02	5.78e-01	2.99e-01	4.04e-02	2.70e-02	6.35e-03	1.43e-04	7.88e-07	0.00e+00	0.00e+00	0.00e+00	0.00e+00	0.00e+00	0.00e+00	0.00e+00	0.00e+00
 2.84277e+23	7.35e-06	5.39e-02	5.91e-01	2.88e-01	3.78e-02	2.42e-02	5.42e-03	1.14e-04	6.05e-07	0.00e+00	0.00e+00	0.00e+00	0.00e+00	0.00e+00	0.00e+00	0.00e+00	0.00e+00
 2.85883e+23	8.21e-06	5.74e-02	6.01e-01	2.79e-01	3.57e-02	2.20e-02	4.75e-03	9.38e-05	4.86e-07	0.00e+00	0.00e+00	0.00e+00	0.00e+00	0.00e+00	0.00e+00	0.00e+00	0.00e+00
 2.87516e+23	9.39e-06	6.19e-02	6.14e-01	2.67e-01	3.33e-02	1.96e-02	4.02e-03	7.38e-05	3.70e-07	0.00e+00	0.00e+00	0.00e+00	0.00e+00	0.00e+00	0.00e+00	0.00e+00	0.00e+00
 2.89168e+23	1.05e-05	6.60e-02	6.24e-01	2.57e-01	3.14e-02	1.78e-02	3.51e-03	6.05e-05	2.95e-07	0.00e+00	0.00e+00	0.00e+00	0.00e+00	0.00e+00	0.00e+00	0.00e+00	0.00e+00
 2.90844e+23	1.20e-05	7.10e-02	6.35e-01	2.46e-01	2.92e-02	1.58e-02	2.96e-03	4.75e-05	2.25e-07	0.00e+00	0.00e+00	0.00e+00	0.00e+00	0.00e+00	0.00e+00	0.00e+00	0.00e+00
 2.92555e+23	1.35e-05	7.58e-02	6.44e-01	2.36e-01	2.73e-02	1.42e-02	2.56e-03	3.85e-05	1.77e-07	0.00e+00	0.00e+00	0.00e+00	0.00e+00	0.00e+00	0.00e+00	0.00e+00	0.00e+00
 2.94071e+23	1.50e-05	8.04e-02	6.53e-01	2.26e-01	2.57e-02	1.28e-02	2.22e-03	3.14e-05	1.41e-07	0.00e+00	0.00e+00	0.00e+00	0.00e+00	0.00e+00	0.00e+00	0.00e+00	0.00e+00
 2.95804e+23	1.72e-05	8.66e-02	6.63e-01	2.14e-01	2.38e-02	1.12e-02	1.86e-03	2.44e-05	0.00e+00	0.00e+00	0.00e+00	0.00e+00	0.00e+00	0.00e+00	0.00e+00	0.00e+00	0.00e+00
 2.97576e+23	1.93e-05	9.22e-02	6.71e-01	2.03e-01	2.22e-02	1.00e-02	1.60e-03	1.96e-05	0.00e+00	0.00e+00	0.00e+00	0.00e+00	0.00e+00	0.00e+00	0.00e+00	0.00e+00	0.00e+00
 2.99400e+23	2.22e-05	9.94e-02	6.79e-01	1.91e-01	2.03e-02	8.70e-03	1.32e-03	1.50e-05	0.00e+00	0.00e+00	0.00e+00	0.00e+00	0.00e+00	0.00e+00	0.00e+00	0.00e+00	0.00e+00
 3.01242e+23	2.51e-05	1.06e-01	6.86e-01	1.80e-01	1.89e-02	7.70e-03	1.12e-03	1.19e-05	0.00e+00	0.00e+00	0.00e+00	0.00e+00	0.00e+00	0.00e+00	0.00e+00	0.00e+00	0.00e+00
 3.02838e+23	2.80e-05	1.12e-01	6.92e-01	1.70e-01	1.76e-02	6.86e-03	9.66e-04	9.59e-06	0.00e+00	0.00e+00	0.00e+00	0.00e+00	0.00e+00	0.00e+00	0.00e+00	0.00e+00	0.00e+00
 3.04645e+23	3.21e-05	1.21e-01	6.98e-01	1.58e-01	1.61e-02	5.90e-03	7.95e-04	7.29e-06	0.00e+00	0.00e+00	0.00e+00	0.00e+00	0.00e+00	0.00e+00	0.00e+00	0.00e+00	0.00e+00
 3.06466e+23	3.60e-05	1.28e-01	7.03e-01	1.48e-01	1.49e-02	5.21e-03	6.77e-04	5.82e-06	0.00e+00	0.00e+00	0.00e+00	0.00e+00	0.00e+00	0.00e+00	0.00e+00	0.00e+00	0.00e+00
 3.07918e+23	3.95e-05	1.35e-01	7.06e-01	1.40e-01	1.40e-02	4.70e-03	5.93e-04	4.83e-06	0.00e+00	0.00e+00	0.00e+00	0.00e+00	0.00e+00	0.00e+00	0.00e+00	0.00e+00	0.00e+00
