#depth	O	O+	O+2	O+3	O+4	O+5	O+6	O+7	O+8	O[1]	O[2]	O[3]
 1.54284e+22	1.80e-26	1.80e-20	6.52e-16	2.12e-12	1.79e-09	6.52e-07	9.13e-04	6.19e-02	9.37e-01	0.00e+00	0.00e+00	0.00e+00
 3.51812e+22	6.82e-25	4.21e-19	9.46e-15	1.93e-11	9.89e-09	2.16e-06	2.01e-03	9.05e-02	9.08e-01	0.00e+00	0.00e+00	0.00e+00
 4.16678e+22	5.91e-24	2.74e-18	4.65e-14	7.16e-11	2.70e-08	4.32e-06	3.12e-03	1.11e-01	8.86e-01	0.00e+00	0.00e+00	0.00e+00
 4.49111e+22	2.02e-23	7.97e-18	1.15e-13	1.51e-10	4.76e-08	6.37e-06	3.97e-03	1.24e-01	8.72e-01	0.00e+00	0.00e+00	0.00e+00
 4.62625e+22	2.82e-23	1.06e-17	1.47e-13	1.84e-10	5.55e-08	7.07e-06	4.24e-03	1.28e-01	8.68e-01	0.00e+00	0.00e+00	0.00e+00
 4.67257e+22	3.59e-23	1.31e-17	1.75e-13	2.13e-10	6.19e-08	7.62e-06	4.44e-03	1.31e-01	8.65e-01	0.00e+00	0.00e+00	0.00e+00
 4.71694e+22	4.88e-23	1.71e-17	2.20e-13	2.57e-10	7.13e-08	8.39e-06	4.71e-03	1.35e-01	8.61e-01	0.00e+00	0.00e+00	0.00e+00
 4.76259e+22	6.29e-23	2.14e-17	2.65e-13	2.99e-10	8.01e-08	9.08e-06	4.95e-03	1.38e-01	8.57e-01	0.00e+00	0.00e+00	0.00e+00
 4.80990e+22	8.93e-23	2.89e-17	3.43e-13	3.69e-10	9.40e-08	1.01e-05	5.29e-03	1.42e-01	8.53e-01	0.00e+00	0.00e+00	0.00e+00
 4.85540e+22	1.12e-22	3.52e-17	4.05e-13	4.23e-10	1.04e-07	1.09e-05	5.53e-03	1.45e-01	8.50e-01	0.00e+00	0.00e+00	0.00e+00
 4.89856e+22	1.55e-22	4.66e-17	5.15e-13	5.15e-10	1.21e-07	1.20e-05	5.88e-03	1.49e-01	8.45e-01	0.00e+00	0.00e+00	0.00e+00
 4.94266e+22	1.98e-22	5.77e-17	6.17e-13	5.98e-10	1.35e-07	1.30e-05	6.16e-03	1.52e-01	8.42e-01	0.00e+00	0.00e+00	0.00e+00
 4.98801e+22	2.77e-22	7.73e-17	7.91e-13	7.32e-10	1.58e-07	1.44e-05	6.57e-03	1.56e-01	8.37e-01	0.00e+00	0.00e+00	0.00e+00
 5.03441e+22	3.65e-22	9.80e-17	9.68e-13	8.63e-10	1.79e-07	1.57e-05	6.93e-03	1.60e-01	8.33e-01	0.00e+00	0.00e+00	0.00e+00
 5.08218e+22	5.21e-22	1.34e-16	1.26e-12	1.07e-09	2.11e-07	1.75e-05	7.42e-03	1.65e-01	8.28e-01	0.00e+00	0.00e+00	0.00e+00
 5.13019e+22	6.88e-22	1.70e-16	1.54e-12	1.27e-09	2.39e-07	1.91e-05	7.82e-03	1.69e-01	8.23e-01	0.00e+00	0.00e+00	0.00e+00
 5.17848e+22	9.87e-22	2.32e-16	2.01e-12	1.57e-09	2.82e-07	2.14e-05	8.38e-03	1.74e-01	8.17e-01	0.00e+00	0.00e+00	0.00e+00
 5.22558e+22	1.28e-21	2.91e-16	2.43e-12	1.84e-09	3.18e-07	2.32e-05	8.81e-03	1.78e-01	8.13e-01	0.00e+00	0.00e+00	0.00e+00
 5.27113e+22	1.81e-21	3.93e-16	3.14e-12	2.27e-09	3.73e-07	2.58e-05	9.42e-03	1.83e-01	8.07e-01	0.00e+00	0.00e+00	0.00e+00
 5.31694e+22	2.31e-21	4.87e-16	3.77e-12	2.63e-09	4.18e-07	2.79e-05	9.88e-03	1.87e-01	8.03e-01	0.00e+00	0.00e+00	0.00e+00
 5.36309e+22	3.24e-21	6.51e-16	4.82e-12	3.22e-09	4.88e-07	3.11e-05	1.05e-02	1.93e-01	7.97e-01	0.00e+00	0.00e+00	0.00e+00
 5.41039e+22	4.21e-21	8.18e-16	5.85e-12	3.78e-09	5.51e-07	3.38e-05	1.11e-02	1.97e-01	7.92e-01	0.00e+00	0.00e+00	0.00e+00
 5.45919e+22	5.91e-21	1.10e-15	7.50e-12	4.64e-09	6.44e-07	3.76e-05	1.19e-02	2.03e-01	7.85e-01	0.00e+00	0.00e+00	0.00e+00
 5.50914e+22	7.75e-21	1.39e-15	9.16e-12	5.46e-09	7.31e-07	4.10e-05	1.25e-02	2.07e-01	7.80e-01	0.00e+00	0.00e+00	0.00e+00
 5.56056e+22	1.09e-20	1.87e-15	1.18e-11	6.74e-09	8.59e-07	4.58e-05	1.34e-02	2.14e-01	7.73e-01	0.00e+00	0.00e+00	0.00e+00
 5.61299e+22	1.43e-20	2.36e-15	1.44e-11	7.93e-09	9.74e-07	5.00e-05	1.41e-02	2.18e-01	7.67e-01	0.00e+00	0.00e+00	0.00e+00
 5.66680e+22	2.01e-20	3.17e-15	1.85e-11	9.76e-09	1.14e-06	5.59e-05	1.51e-02	2.25e-01	7.60e-01	0.00e+00	0.00e+00	0.00e+00
 5.72155e+22	2.63e-20	4.00e-15	2.25e-11	1.15e-08	1.30e-06	6.10e-05	1.60e-02	2.30e-01	7.54e-01	0.00e+00	0.00e+00	0.00e+00
 5.77752e+22	3.69e-20	5.36e-15	2.90e-11	1.41e-08	1.52e-06	6.82e-05	1.71e-02	2.37e-01	7.46e-01	0.00e+00	0.00e+00	0.00e+00
 5.83385e+22	4.77e-20	6.70e-15	3.50e-11	1.65e-08	1.72e-06	7.42e-05	1.80e-02	2.42e-01	7.40e-01	0.00e+00	0.00e+00	0.00e+00
 5.89064e+22	6.60e-20	8.89e-15	4.45e-11	2.02e-08	2.01e-06	8.27e-05	1.93e-02	2.49e-01	7.32e-01	0.00e+00	0.00e+00	0.00e+00
 5.94888e+22	8.54e-20	1.11e-14	5.39e-11	2.36e-08	2.27e-06	9.02e-05	2.03e-02	2.54e-01	7.26e-01	0.00e+00	0.00e+00	0.00e+00
 5.99935e+22	1.08e-19	1.36e-14	6.41e-11	2.73e-08	2.55e-06	9.76e-05	2.13e-02	2.59e-01	7.19e-01	0.00e+00	0.00e+00	0.00e+00
 6.05531e+22	1.46e-19	1.77e-14	8.00e-11	3.28e-08	2.94e-06	1.08e-04	2.27e-02	2.66e-01	7.11e-01	0.00e+00	0.00e+00	0.00e+00
 6.11196e+22	1.84e-19	2.16e-14	9.51e-11	3.79e-08	3.29e-06	1.17e-04	2.38e-02	2.71e-01	7.05e-01	0.00e+00	0.00e+00	0.00e+00
 6.16952e+22	2.48e-19	2.80e-14	1.19e-10	4.56e-08	3.80e-06	1.29e-04	2.54e-02	2.78e-01	6.97e-01	0.00e+00	0.00e+00	0.00e+00
 6.22798e+22	3.10e-19	3.40e-14	1.40e-10	5.24e-08	4.24e-06	1.40e-04	2.66e-02	2.83e-01	6.90e-01	0.00e+00	0.00e+00	0.00e+00
 6.27921e+22	3.87e-19	4.13e-14	1.65e-10	6.01e-08	4.73e-06	1.51e-04	2.78e-02	2.88e-01	6.84e-01	0.00e+00	0.00e+00	0.00e+00
 6.33745e+22	5.17e-19	5.30e-14	2.05e-10	7.19e-08	5.45e-06	1.66e-04	2.96e-02	2.95e-01	6.75e-01	0.00e+00	0.00e+00	0.00e+00
 6.39545e+22	6.32e-19	6.32e-14	2.38e-10	8.15e-08	6.01e-06	1.79e-04	3.09e-02	3.00e-01	6.69e-01	0.00e+00	0.00e+00	0.00e+00
 6.45314e+22	8.33e-19	8.02e-14	2.92e-10	9.67e-08	6.89e-06	1.96e-04	3.27e-02	3.07e-01	6.60e-01	0.00e+00	0.00e+00	0.00e+00
 6.51196e+22	1.02e-18	9.58e-14	3.40e-10	1.10e-07	7.62e-06	2.11e-04	3.42e-02	3.12e-01	6.54e-01	0.00e+00	0.00e+00	0.00e+00
 6.57225e+22	1.34e-18	1.22e-13	4.17e-10	1.30e-07	8.73e-06	2.32e-04	3.62e-02	3.19e-01	6.45e-01	0.00e+00	0.00e+00	0.00e+00
 6.63369e+22	1.65e-18	1.46e-13	4.87e-10	1.48e-07	9.67e-06	2.50e-04	3.78e-02	3.24e-01	6.38e-01	0.00e+00	0.00e+00	0.00e+00
 6.69661e+22	2.18e-18	1.85e-13	5.98e-10	1.76e-07	1.11e-05	2.75e-04	4.01e-02	3.31e-01	6.29e-01	0.00e+00	0.00e+00	0.00e+00
 6.76069e+22	2.68e-18	2.22e-13	6.98e-10	2.01e-07	1.23e-05	2.96e-04	4.19e-02	3.36e-01	6.21e-01	0.00e+00	0.00e+00	0.00e+00
 6.82629e+22	3.53e-18	2.82e-13	8.58e-10	2.39e-07	1.41e-05	3.26e-04	4.45e-02	3.44e-01	6.12e-01	0.00e+00	0.00e+00	0.00e+00
 6.89041e+22	4.24e-18	3.31e-13	9.83e-10	2.68e-07	1.55e-05	3.48e-04	4.62e-02	3.48e-01	6.05e-01	0.00e+00	0.00e+00	0.00e+00
 6.95261e+22	5.51e-18	4.15e-13	1.19e-09	3.15e-07	1.76e-05	3.82e-04	4.89e-02	3.55e-01	5.96e-01	0.00e+00	0.00e+00	0.00e+00
 7.01576e+22	6.61e-18	4.86e-13	1.37e-09	3.54e-07	1.93e-05	4.07e-04	5.08e-02	3.60e-01	5.89e-01	0.00e+00	0.00e+00	0.00e+00
 7.08013e+22	8.50e-18	6.05e-13	1.65e-09	4.14e-07	2.19e-05	4.46e-04	5.36e-02	3.67e-01	5.79e-01	0.00e+00	0.00e+00	0.00e+00
 7.14650e+22	1.04e-17	7.22e-13	1.92e-09	4.70e-07	2.43e-05	4.79e-04	5.59e-02	3.72e-01	5.72e-01	0.00e+00	0.00e+00	0.00e+00
 7.21545e+22	1.34e-17	8.98e-13	2.32e-09	5.51e-07	2.75e-05	5.23e-04	5.90e-02	3.79e-01	5.62e-01	0.00e+00	0.00e+00	0.00e+00
 7.28663e+22	1.65e-17	1.08e-12	2.72e-09	6.30e-07	3.06e-05	5.65e-04	6.17e-02	3.84e-01	5.53e-01	0.00e+00	0.00e+00	0.00e+00
 7.36070e+22	2.14e-17	1.36e-12	3.30e-09	7.41e-07	3.49e-05	6.19e-04	6.51e-02	3.91e-01	5.43e-01	0.00e+00	0.00e+00	0.00e+00
 7.43675e+22	2.67e-17	1.64e-12	3.89e-09	8.50e-07	3.89e-05	6.69e-04	6.82e-02	3.97e-01	5.34e-01	2.67e-17	6.67e-28	7.09e-28
 7.51535e+22	3.48e-17	2.07e-12	4.75e-09	1.00e-06	4.45e-05	7.36e-04	7.21e-02	4.04e-01	5.23e-01	3.48e-17	6.45e-26	8.13e-26
 7.59647e+22	4.36e-17	2.51e-12	5.62e-09	1.16e-06	4.98e-05	7.97e-04	7.55e-02	4.10e-01	5.14e-01	4.36e-17	8.08e-26	1.02e-25
 7.68087e+22	5.75e-17	3.20e-12	6.92e-09	1.38e-06	5.72e-05	8.79e-04	8.00e-02	4.17e-01	5.03e-01	5.75e-17	1.07e-25	1.34e-25
 7.76800e+22	7.28e-17	3.93e-12	8.25e-09	1.60e-06	6.44e-05	9.56e-04	8.39e-02	4.22e-01	4.93e-01	7.28e-17	1.35e-25	1.70e-25
 7.84661e+22	9.07e-17	4.76e-12	9.73e-09	1.84e-06	7.19e-05	1.03e-03	8.78e-02	4.28e-01	4.83e-01	9.07e-17	1.68e-25	2.12e-25
 7.93671e+22	1.22e-16	6.18e-12	1.22e-08	2.22e-06	8.36e-05	1.15e-03	9.33e-02	4.35e-01	4.70e-01	1.22e-16	2.27e-25	2.85e-25
 8.02755e+22	1.52e-16	7.49e-12	1.44e-08	2.54e-06	9.32e-05	1.24e-03	9.75e-02	4.40e-01	4.61e-01	1.52e-16	2.82e-25	3.56e-25
 8.11933e+22	2.04e-16	9.66e-12	1.79e-08	3.06e-06	1.08e-04	1.38e-03	1.03e-01	4.47e-01	4.48e-01	2.04e-16	3.78e-25	4.76e-25
 8.21307e+22	2.59e-16	1.19e-11	2.13e-08	3.55e-06	1.22e-04	1.49e-03	1.08e-01	4.52e-01	4.38e-01	2.59e-16	4.79e-25	6.03e-25
 8.30935e+22	3.48e-16	1.54e-11	2.66e-08	4.27e-06	1.41e-04	1.66e-03	1.15e-01	4.59e-01	4.25e-01	3.48e-16	6.44e-25	8.11e-25
 8.40765e+22	4.46e-16	1.91e-11	3.21e-08	5.00e-06	1.60e-04	1.81e-03	1.21e-01	4.64e-01	4.14e-01	4.46e-16	8.26e-25	1.04e-24
 8.49509e+22	5.67e-16	2.35e-11	3.84e-08	5.81e-06	1.80e-04	1.97e-03	1.27e-01	4.68e-01	4.03e-01	5.67e-16	1.05e-24	1.32e-24
 8.59528e+22	7.76e-16	3.09e-11	4.86e-08	7.09e-06	2.11e-04	2.20e-03	1.35e-01	4.74e-01	3.89e-01	7.76e-16	1.44e-24	1.81e-24
 8.69045e+22	9.53e-16	3.70e-11	5.67e-08	8.06e-06	2.34e-04	2.37e-03	1.40e-01	4.78e-01	3.79e-01	9.53e-16	1.76e-24	2.22e-24
 8.77911e+22	1.26e-15	4.73e-11	7.01e-08	9.65e-06	2.71e-04	2.62e-03	1.48e-01	4.83e-01	3.66e-01	1.26e-15	2.34e-24	2.94e-24
 8.86796e+22	1.55e-15	5.66e-11	8.19e-08	1.10e-05	3.01e-04	2.82e-03	1.54e-01	4.86e-01	3.57e-01	1.55e-15	2.88e-24	3.62e-24
 8.95706e+22	2.04e-15	7.18e-11	1.01e-07	1.31e-05	3.46e-04	3.11e-03	1.62e-01	4.90e-01	3.44e-01	2.04e-15	3.78e-24	4.75e-24
 9.04822e+22	2.55e-15	8.72e-11	1.19e-07	1.51e-05	3.88e-04	3.37e-03	1.70e-01	4.93e-01	3.34e-01	2.55e-15	4.72e-24	5.93e-24
 9.14209e+22	3.40e-15	1.12e-10	1.48e-07	1.81e-05	4.51e-04	3.74e-03	1.79e-01	4.96e-01	3.20e-01	3.40e-15	6.29e-24	7.92e-24
 9.23647e+22	4.23e-15	1.36e-10	1.74e-07	2.09e-05	5.05e-04	4.05e-03	1.87e-01	4.98e-01	3.10e-01	4.23e-15	7.83e-24	9.84e-24
 9.33154e+22	5.63e-15	1.74e-10	2.17e-07	2.51e-05	5.88e-04	4.50e-03	1.97e-01	5.01e-01	2.97e-01	5.63e-15	1.04e-23	1.31e-23
 9.42839e+22	7.06e-15	2.12e-10	2.57e-07	2.91e-05	6.63e-04	4.89e-03	2.06e-01	5.02e-01	2.86e-01	7.06e-15	1.31e-23	1.64e-23
 9.52758e+22	9.46e-15	2.74e-10	3.22e-07	3.53e-05	7.76e-04	5.46e-03	2.18e-01	5.04e-01	2.72e-01	9.46e-15	1.75e-23	2.20e-23
 9.62870e+22	1.19e-14	3.35e-10	3.84e-07	4.11e-05	8.80e-04	5.96e-03	2.28e-01	5.04e-01	2.61e-01	1.19e-14	2.21e-23	2.77e-23
 9.73233e+22	1.60e-14	4.34e-10	4.82e-07	5.01e-05	1.04e-03	6.69e-03	2.41e-01	5.04e-01	2.47e-01	1.60e-14	2.97e-23	3.73e-23
 9.83722e+22	2.02e-14	5.31e-10	5.76e-07	5.85e-05	1.18e-03	7.32e-03	2.52e-01	5.04e-01	2.36e-01	2.02e-14	3.74e-23	4.69e-23
 9.92568e+22	2.48e-14	6.36e-10	6.76e-07	6.72e-05	1.33e-03	7.94e-03	2.62e-01	5.03e-01	2.26e-01	2.48e-14	4.59e-23	5.76e-23
 1.00226e+23	3.21e-14	7.99e-10	8.28e-07	8.04e-05	1.54e-03	8.83e-03	2.76e-01	5.01e-01	2.13e-01	3.21e-14	5.95e-23	7.48e-23
 1.01200e+23	3.92e-14	9.52e-10	9.68e-07	9.23e-05	1.73e-03	9.59e-03	2.86e-01	4.98e-01	2.04e-01	3.92e-14	7.26e-23	9.12e-23
 1.02150e+23	4.96e-14	1.17e-09	1.17e-06	1.09e-04	1.99e-03	1.06e-02	3.00e-01	4.95e-01	1.92e-01	4.96e-14	9.19e-23	1.15e-22
 1.03119e+23	6.02e-14	1.39e-09	1.37e-06	1.25e-04	2.25e-03	1.15e-02	3.12e-01	4.92e-01	1.82e-01	6.02e-14	1.12e-22	1.40e-22
 1.04073e+23	7.46e-14	1.68e-09	1.62e-06	1.47e-04	2.57e-03	1.27e-02	3.26e-01	4.87e-01	1.72e-01	7.46e-14	1.38e-22	1.74e-22
 1.05046e+23	9.02e-14	1.99e-09	1.90e-06	1.69e-04	2.90e-03	1.39e-02	3.38e-01	4.83e-01	1.62e-01	9.02e-14	1.67e-22	2.10e-22
 1.05999e+23	1.09e-13	2.36e-09	2.22e-06	1.95e-04	3.29e-03	1.52e-02	3.52e-01	4.77e-01	1.53e-01	1.09e-13	2.02e-22	2.54e-22
 1.06963e+23	1.30e-13	2.77e-09	2.58e-06	2.24e-04	3.71e-03	1.65e-02	3.65e-01	4.71e-01	1.43e-01	1.30e-13	2.42e-22	3.03e-22
 1.07915e+23	1.54e-13	3.23e-09	2.98e-06	2.57e-04	4.18e-03	1.80e-02	3.78e-01	4.65e-01	1.35e-01	1.54e-13	2.86e-22	3.59e-22
 1.08865e+23	1.81e-13	3.73e-09	3.43e-06	2.93e-04	4.69e-03	1.96e-02	3.91e-01	4.58e-01	1.27e-01	1.81e-13	3.37e-22	4.22e-22
 1.09816e+23	2.11e-13	4.30e-09	3.93e-06	3.33e-04	5.26e-03	2.13e-02	4.04e-01	4.50e-01	1.19e-01	2.11e-13	3.93e-22	4.92e-22
 1.10771e+23	2.45e-13	4.92e-09	4.48e-06	3.78e-04	5.87e-03	2.31e-02	4.17e-01	4.43e-01	1.11e-01	2.45e-13	4.55e-22	5.70e-22
 1.11728e+23	2.81e-13	5.59e-09	5.09e-06	4.28e-04	6.55e-03	2.50e-02	4.30e-01	4.34e-01	1.04e-01	2.81e-13	5.23e-22	6.55e-22
 1.12694e+23	3.21e-13	6.34e-09	5.77e-06	4.83e-04	7.29e-03	2.71e-02	4.43e-01	4.26e-01	9.68e-02	3.21e-13	5.98e-22	7.49e-22
 1.13669e+23	3.65e-13	7.15e-09	6.52e-06	5.44e-04	8.10e-03	2.93e-02	4.55e-01	4.16e-01	9.02e-02	3.65e-13	6.79e-22	8.51e-22
 1.14650e+23	4.12e-13	8.02e-09	7.33e-06	6.11e-04	8.97e-03	3.17e-02	4.68e-01	4.07e-01	8.40e-02	4.12e-13	7.67e-22	9.61e-22
 1.15646e+23	4.63e-13	8.98e-09	8.25e-06	6.87e-04	9.95e-03	3.42e-02	4.80e-01	3.97e-01	7.80e-02	4.63e-13	8.63e-22	1.08e-21
 1.16652e+23	5.17e-13	1.00e-08	9.23e-06	7.69e-04	1.10e-02	3.69e-02	4.92e-01	3.87e-01	7.24e-02	5.17e-13	9.65e-22	1.21e-21
 1.17679e+23	5.77e-13	1.11e-08	1.04e-05	8.63e-04	1.21e-02	3.98e-02	5.04e-01	3.77e-01	6.69e-02	5.77e-13	1.08e-21	1.35e-21
 1.18723e+23	6.40e-13	1.23e-08	1.16e-05	9.65e-04	1.34e-02	4.28e-02	5.15e-01	3.66e-01	6.19e-02	6.40e-13	1.19e-21	1.50e-21
 1.19678e+23	6.96e-13	1.34e-08	1.27e-05	1.06e-03	1.45e-02	4.55e-02	5.24e-01	3.57e-01	5.79e-02	6.96e-13	1.30e-21	1.63e-21
 1.20675e+23	7.68e-13	1.49e-08	1.42e-05	1.19e-03	1.60e-02	4.91e-02	5.35e-01	3.45e-01	5.31e-02	7.68e-13	1.44e-21	1.80e-21
 1.21689e+23	8.33e-13	1.62e-08	1.55e-05	1.30e-03	1.73e-02	5.21e-02	5.44e-01	3.36e-01	4.95e-02	8.33e-13	1.56e-21	1.95e-21
 1.22734e+23	9.19e-13	1.79e-08	1.74e-05	1.46e-03	1.90e-02	5.62e-02	5.54e-01	3.24e-01	4.52e-02	9.19e-13	1.72e-21	2.15e-21
 1.23784e+23	9.91e-13	1.94e-08	1.90e-05	1.60e-03	2.05e-02	5.95e-02	5.62e-01	3.15e-01	4.20e-02	9.91e-13	1.86e-21	2.32e-21
 1.24841e+23	1.08e-12	2.14e-08	2.12e-05	1.80e-03	2.25e-02	6.40e-02	5.71e-01	3.02e-01	3.82e-02	1.08e-12	2.03e-21	2.54e-21
 1.25901e+23	1.17e-12	2.32e-08	2.32e-05	1.96e-03	2.42e-02	6.75e-02	5.77e-01	2.93e-01	3.56e-02	1.17e-12	2.20e-21	2.74e-21
 1.26965e+23	1.27e-12	2.55e-08	2.58e-05	2.19e-03	2.64e-02	7.23e-02	5.85e-01	2.81e-01	3.23e-02	1.27e-12	2.40e-21	3.00e-21
 1.28040e+23	1.37e-12	2.76e-08	2.82e-05	2.39e-03	2.83e-02	7.62e-02	5.91e-01	2.72e-01	3.00e-02	1.37e-12	2.58e-21	3.23e-21
 1.29130e+23	1.50e-12	3.04e-08	3.15e-05	2.68e-03	3.09e-02	8.15e-02	5.97e-01	2.60e-01	2.71e-02	1.50e-12	2.82e-21	3.52e-21
 1.30233e+23	1.61e-12	3.30e-08	3.44e-05	2.92e-03	3.30e-02	8.58e-02	6.02e-01	2.51e-01	2.51e-02	1.61e-12	3.04e-21	3.79e-21
 1.31355e+23	1.76e-12	3.64e-08	3.85e-05	3.27e-03	3.59e-02	9.16e-02	6.07e-01	2.40e-01	2.26e-02	1.76e-12	3.32e-21	4.14e-21
 1.32497e+23	1.90e-12	3.96e-08	4.22e-05	3.58e-03	3.84e-02	9.63e-02	6.10e-01	2.30e-01	2.08e-02	1.90e-12	3.59e-21	4.48e-21
 1.33665e+23	2.08e-12	4.40e-08	4.74e-05	4.01e-03	4.17e-02	1.03e-01	6.14e-01	2.19e-01	1.87e-02	2.08e-12	3.94e-21	4.92e-21
 1.34859e+23	2.26e-12	4.82e-08	5.23e-05	4.40e-03	4.46e-02	1.08e-01	6.16e-01	2.10e-01	1.71e-02	2.26e-12	4.29e-21	5.35e-21
 1.36088e+23	2.49e-12	5.39e-08	5.91e-05	4.95e-03	4.85e-02	1.15e-01	6.18e-01	1.98e-01	1.53e-02	2.49e-12	4.74e-21	5.90e-21
 1.37343e+23	2.73e-12	5.95e-08	6.55e-05	5.45e-03	5.18e-02	1.21e-01	6.19e-01	1.89e-01	1.39e-02	2.73e-12	5.20e-21	6.47e-21
 1.38399e+23	2.95e-12	6.49e-08	7.17e-05	5.92e-03	5.48e-02	1.26e-01	6.19e-01	1.82e-01	1.28e-02	2.95e-12	5.62e-21	7.00e-21
 1.39539e+23	3.25e-12	7.24e-08	8.05e-05	6.59e-03	5.89e-02	1.33e-01	6.18e-01	1.72e-01	1.15e-02	3.25e-12	6.21e-21	7.73e-21
 1.40650e+23	3.51e-12	7.89e-08	8.78e-05	7.12e-03	6.21e-02	1.38e-01	6.17e-01	1.65e-01	1.06e-02	3.51e-12	6.72e-21	8.36e-21
 1.41725e+23	3.83e-12	8.74e-08	9.79e-05	7.85e-03	6.62e-02	1.45e-01	6.15e-01	1.56e-01	9.55e-03	3.83e-12	7.36e-21	9.16e-21
 1.42811e+23	4.19e-12	9.60e-08	1.07e-04	8.50e-03	6.97e-02	1.50e-01	6.13e-01	1.50e-01	8.82e-03	4.19e-12	8.06e-21	1.00e-20
 1.43911e+23	4.63e-12	1.07e-07	1.20e-04	9.38e-03	7.43e-02	1.57e-01	6.10e-01	1.42e-01	7.92e-03	4.63e-12	8.91e-21	1.11e-20
 1.45026e+23	5.08e-12	1.18e-07	1.32e-04	1.02e-02	7.82e-02	1.62e-01	6.07e-01	1.35e-01	7.28e-03	5.08e-12	9.81e-21	1.22e-20
 1.46161e+23	5.66e-12	1.34e-07	1.49e-04	1.12e-02	8.33e-02	1.70e-01	6.02e-01	1.27e-01	6.50e-03	5.66e-12	1.10e-20	1.36e-20
 1.47313e+23	6.27e-12	1.48e-07	1.64e-04	1.22e-02	8.76e-02	1.75e-01	5.97e-01	1.22e-01	5.96e-03	6.27e-12	1.22e-20	1.51e-20
 1.48487e+23	7.04e-12	1.69e-07	1.86e-04	1.35e-02	9.33e-02	1.83e-01	5.91e-01	1.14e-01	5.30e-03	7.04e-12	1.37e-20	1.70e-20
 1.49681e+23	7.89e-12	1.89e-07	2.06e-04	1.47e-02	9.81e-02	1.89e-01	5.85e-01	1.08e-01	4.83e-03	7.89e-12	1.54e-20	1.91e-20
 1.50902e+23	8.96e-12	2.17e-07	2.35e-04	1.63e-02	1.04e-01	1.97e-01	5.77e-01	1.01e-01	4.26e-03	8.96e-12	1.75e-20	2.18e-20
 1.52149e+23	1.01e-11	2.46e-07	2.62e-04	1.78e-02	1.10e-01	2.03e-01	5.70e-01	9.56e-02	3.87e-03	1.01e-11	1.99e-20	2.47e-20
 1.53429e+23	1.17e-11	2.85e-07	3.01e-04	1.98e-02	1.17e-01	2.11e-01	5.60e-01	8.86e-02	3.39e-03	1.17e-11	2.30e-20	2.85e-20
 1.54742e+23	1.33e-11	3.26e-07	3.37e-04	2.16e-02	1.23e-01	2.17e-01	5.51e-01	8.34e-02	3.05e-03	1.33e-11	2.63e-20	3.26e-20
 1.56097e+23	1.57e-11	3.85e-07	3.91e-04	2.42e-02	1.31e-01	2.25e-01	5.39e-01	7.68e-02	2.65e-03	1.57e-11	3.11e-20	3.85e-20
 1.57470e+23	1.81e-11	4.43e-07	4.41e-04	2.64e-02	1.38e-01	2.31e-01	5.30e-01	7.20e-02	2.37e-03	1.81e-11	3.61e-20	4.47e-20
 1.58866e+23	2.15e-11	5.27e-07	5.13e-04	2.96e-02	1.47e-01	2.39e-01	5.16e-01	6.59e-02	2.04e-03	2.15e-11	4.31e-20	5.33e-20
 1.60276e+23	2.51e-11	6.10e-07	5.80e-04	3.23e-02	1.54e-01	2.45e-01	5.05e-01	6.16e-02	1.82e-03	2.51e-11	5.05e-20	6.25e-20
 1.61704e+23	3.03e-11	7.34e-07	6.78e-04	3.61e-02	1.64e-01	2.53e-01	4.89e-01	5.61e-02	1.56e-03	3.03e-11	6.12e-20	7.57e-20
 1.63157e+23	3.57e-11	8.56e-07	7.69e-04	3.95e-02	1.72e-01	2.58e-01	4.77e-01	5.21e-02	1.38e-03	3.57e-11	7.25e-20	8.96e-20
 1.64438e+23	4.17e-11	9.93e-07	8.70e-04	4.31e-02	1.79e-01	2.63e-01	4.64e-01	4.83e-02	1.22e-03	4.17e-11	8.51e-20	1.05e-19
 1.65896e+23	5.14e-11	1.21e-06	1.02e-03	4.80e-02	1.90e-01	2.69e-01	4.47e-01	4.37e-02	1.04e-03	5.14e-11	1.05e-19	1.30e-19
 1.67384e+23	6.08e-11	1.41e-06	1.16e-03	5.25e-02	1.98e-01	2.74e-01	4.33e-01	4.02e-02	9.08e-04	6.08e-11	1.25e-19	1.55e-19
 1.68593e+23	7.07e-11	1.62e-06	1.29e-03	5.65e-02	2.06e-01	2.77e-01	4.21e-01	3.75e-02	8.11e-04	7.07e-11	1.46e-19	1.81e-19
 1.69847e+23	8.48e-11	1.91e-06	1.47e-03	6.16e-02	2.15e-01	2.81e-01	4.06e-01	3.44e-02	7.09e-04	8.48e-11	1.77e-19	2.18e-19
 1.71167e+23	9.99e-11	2.21e-06	1.65e-03	6.65e-02	2.23e-01	2.84e-01	3.93e-01	3.18e-02	6.26e-04	9.99e-11	2.09e-19	2.58e-19
 1.72378e+23	1.17e-10	2.55e-06	1.84e-03	7.17e-02	2.31e-01	2.86e-01	3.80e-01	2.94e-02	5.54e-04	1.17e-10	2.48e-19	3.05e-19
 1.73759e+23	1.45e-10	3.06e-06	2.12e-03	7.86e-02	2.41e-01	2.89e-01	3.63e-01	2.66e-02	4.74e-04	1.45e-10	3.07e-19	3.78e-19
 1.75177e+23	1.73e-10	3.59e-06	2.40e-03	8.50e-02	2.49e-01	2.90e-01	3.48e-01	2.42e-02	4.11e-04	1.73e-10	3.69e-19	4.54e-19
 1.76422e+23	2.05e-10	4.16e-06	2.68e-03	9.13e-02	2.57e-01	2.91e-01	3.35e-01	2.23e-02	3.61e-04	2.05e-10	4.41e-19	5.42e-19
 1.77820e+23	2.54e-10	4.99e-06	3.08e-03	9.96e-02	2.67e-01	2.92e-01	3.18e-01	2.00e-02	3.07e-04	2.54e-10	5.51e-19	6.77e-19
 1.79287e+23	3.09e-10	5.89e-06	3.49e-03	1.08e-01	2.76e-01	2.92e-01	3.03e-01	1.81e-02	2.63e-04	3.09e-10	6.75e-19	8.28e-19
 1.80616e+23	3.71e-10	6.87e-06	3.92e-03	1.16e-01	2.84e-01	2.91e-01	2.89e-01	1.64e-02	2.29e-04	3.71e-10	8.17e-19	1.00e-18
 1.82116e+23	4.70e-10	8.34e-06	4.52e-03	1.26e-01	2.94e-01	2.89e-01	2.71e-01	1.45e-02	1.91e-04	4.70e-10	1.05e-18	1.28e-18
 1.83665e+23	5.78e-10	9.90e-06	5.13e-03	1.36e-01	3.02e-01	2.87e-01	2.56e-01	1.30e-02	1.62e-04	5.78e-10	1.30e-18	1.59e-18
 1.85044e+23	7.02e-10	1.16e-05	5.76e-03	1.46e-01	3.09e-01	2.85e-01	2.43e-01	1.17e-02	1.39e-04	7.02e-10	1.59e-18	1.94e-18
 1.86605e+23	8.99e-10	1.41e-05	6.65e-03	1.59e-01	3.18e-01	2.81e-01	2.26e-01	1.02e-02	1.14e-04	8.99e-10	2.06e-18	2.52e-18
 1.88227e+23	1.12e-09	1.69e-05	7.54e-03	1.71e-01	3.25e-01	2.77e-01	2.11e-01	9.04e-03	9.50e-05	1.12e-09	2.59e-18	3.16e-18
 1.89687e+23	1.38e-09	1.99e-05	8.48e-03	1.82e-01	3.31e-01	2.72e-01	1.98e-01	8.03e-03	8.01e-05	1.38e-09	3.22e-18	3.93e-18
 1.91342e+23	1.80e-09	2.45e-05	9.83e-03	1.98e-01	3.39e-01	2.65e-01	1.81e-01	6.88e-03	6.42e-05	1.80e-09	4.27e-18	5.21e-18
 1.93048e+23	2.26e-09	2.92e-05	1.11e-02	2.12e-01	3.44e-01	2.59e-01	1.68e-01	6.01e-03	5.30e-05	2.26e-09	5.43e-18	6.61e-18
 1.94583e+23	2.82e-09	3.46e-05	1.25e-02	2.26e-01	3.49e-01	2.52e-01	1.55e-01	5.26e-03	4.39e-05	2.82e-09	6.85e-18	8.34e-18
 1.96342e+23	3.75e-09	4.29e-05	1.45e-02	2.44e-01	3.54e-01	2.43e-01	1.40e-01	4.42e-03	3.43e-05	3.75e-09	9.26e-18	1.13e-17
 1.98125e+23	4.74e-09	5.12e-05	1.64e-02	2.60e-01	3.56e-01	2.35e-01	1.28e-01	3.81e-03	2.78e-05	4.74e-09	1.19e-17	1.44e-17
 1.99702e+23	5.94e-09	6.06e-05	1.83e-02	2.75e-01	3.59e-01	2.27e-01	1.18e-01	3.30e-03	2.28e-05	5.94e-09	1.51e-17	1.83e-17
 2.01514e+23	7.98e-09	7.53e-05	2.12e-02	2.95e-01	3.60e-01	2.16e-01	1.05e-01	2.72e-03	1.74e-05	7.98e-09	2.06e-17	2.50e-17
 2.03349e+23	1.01e-08	8.96e-05	2.38e-02	3.12e-01	3.60e-01	2.07e-01	9.50e-02	2.32e-03	1.40e-05	1.01e-08	2.65e-17	3.21e-17
 2.05213e+23	1.36e-08	1.11e-04	2.74e-02	3.33e-01	3.59e-01	1.95e-01	8.38e-02	1.89e-03	1.06e-05	1.36e-08	3.64e-17	4.40e-17
 2.07116e+23	1.73e-08	1.32e-04	3.07e-02	3.50e-01	3.57e-01	1.85e-01	7.52e-02	1.59e-03	8.35e-06	1.73e-08	4.73e-17	5.72e-17
 2.08812e+23	2.21e-08	1.57e-04	3.43e-02	3.68e-01	3.54e-01	1.75e-01	6.74e-02	1.34e-03	6.58e-06	2.21e-08	6.13e-17	7.40e-17
 2.10756e+23	2.99e-08	1.95e-04	3.94e-02	3.89e-01	3.49e-01	1.63e-01	5.84e-02	1.07e-03	4.86e-06	2.99e-08	8.52e-17	1.03e-16
 2.12732e+23	3.83e-08	2.32e-04	4.39e-02	4.07e-01	3.44e-01	1.52e-01	5.18e-02	8.85e-04	3.77e-06	3.83e-08	1.11e-16	1.34e-16
 2.14750e+23	5.24e-08	2.89e-04	5.04e-02	4.28e-01	3.36e-01	1.40e-01	4.42e-02	6.93e-04	2.71e-06	5.24e-08	1.57e-16	1.89e-16
 2.16723e+23	6.60e-08	3.39e-04	5.55e-02	4.44e-01	3.30e-01	1.31e-01	3.92e-02	5.77e-04	2.12e-06	6.60e-08	2.01e-16	2.42e-16
 2.18640e+23	8.86e-08	4.15e-04	6.28e-02	4.63e-01	3.20e-01	1.20e-01	3.35e-02	4.53e-04	1.54e-06	8.86e-08	2.78e-16	3.34e-16
 2.20491e+23	1.09e-07	4.78e-04	6.84e-02	4.76e-01	3.13e-01	1.12e-01	2.99e-02	3.82e-04	1.22e-06	1.09e-07	3.48e-16	4.18e-16
 2.22258e+23	1.42e-07	5.73e-04	7.61e-02	4.92e-01	3.03e-01	1.02e-01	2.57e-02	3.04e-04	9.06e-07	1.42e-07	4.66e-16	5.59e-16
 2.24026e+23	1.74e-07	6.58e-04	8.26e-02	5.04e-01	2.95e-01	9.53e-02	2.28e-02	2.54e-04	7.14e-07	1.74e-07	5.84e-16	7.00e-16
 2.25797e+23	2.26e-07	7.84e-04	9.14e-02	5.17e-01	2.84e-01	8.67e-02	1.96e-02	2.02e-04	5.27e-07	2.26e-07	7.78e-16	9.32e-16
 2.27615e+23	2.80e-07	9.06e-04	9.93e-02	5.28e-01	2.74e-01	7.99e-02	1.72e-02	1.66e-04	4.07e-07	2.80e-07	9.87e-16	1.18e-15
 2.29247e+23	3.44e-07	1.04e-03	1.08e-01	5.38e-01	2.65e-01	7.37e-02	1.51e-02	1.37e-04	3.15e-07	3.44e-07	1.25e-15	1.49e-15
 2.31122e+23	4.50e-07	1.24e-03	1.19e-01	5.49e-01	2.52e-01	6.61e-02	1.27e-02	1.06e-04	2.26e-07	4.50e-07	1.68e-15	2.01e-15
 2.33019e+23	5.58e-07	1.43e-03	1.29e-01	5.57e-01	2.42e-01	6.03e-02	1.10e-02	8.61e-05	1.71e-07	5.58e-07	2.14e-15	2.55e-15
 2.34944e+23	7.23e-07	1.70e-03	1.41e-01	5.65e-01	2.29e-01	5.38e-02	9.22e-03	6.65e-05	1.22e-07	7.23e-07	2.87e-15	3.43e-15
 2.36818e+23	8.83e-07	1.94e-03	1.52e-01	5.70e-01	2.19e-01	4.91e-02	8.02e-03	5.42e-05	0.00e+00	8.83e-07	3.60e-15	4.29e-15
 2.38297e+23	1.05e-06	2.17e-03	1.61e-01	5.73e-01	2.11e-01	4.52e-02	7.10e-03	4.53e-05	0.00e+00	1.05e-06	4.37e-15	5.21e-15
 2.39889e+23	1.29e-06	2.49e-03	1.73e-01	5.77e-01	2.00e-01	4.09e-02	6.10e-03	3.64e-05	0.00e+00	1.29e-06	5.56e-15	6.61e-15
 2.41528e+23	1.54e-06	2.79e-03	1.84e-01	5.79e-01	1.92e-01	3.74e-02	5.35e-03	3.00e-05	0.00e+00	1.54e-06	6.80e-15	8.09e-15
 2.42998e+23	1.83e-06	3.12e-03	1.95e-01	5.80e-01	1.83e-01	3.43e-02	4.70e-03	2.49e-05	0.00e+00	1.83e-06	8.29e-15	9.85e-15
 2.44680e+23	2.27e-06	3.59e-03	2.10e-01	5.80e-01	1.72e-01	3.06e-02	3.98e-03	1.96e-05	0.00e+00	2.27e-06	1.06e-14	1.26e-14
 2.46380e+23	2.71e-06	4.02e-03	2.22e-01	5.79e-01	1.64e-01	2.78e-02	3.46e-03	1.60e-05	0.00e+00	2.71e-06	1.30e-14	1.54e-14
 2.47869e+23	3.21e-06	4.48e-03	2.35e-01	5.77e-01	1.56e-01	2.53e-02	3.02e-03	1.31e-05	0.00e+00	3.21e-06	1.58e-14	1.88e-14
 2.49572e+23	3.96e-06	5.13e-03	2.51e-01	5.73e-01	1.46e-01	2.24e-02	2.54e-03	1.02e-05	0.00e+00	3.96e-06	2.03e-14	2.40e-14
 2.51305e+23	4.72e-06	5.74e-03	2.65e-01	5.69e-01	1.38e-01	2.02e-02	2.19e-03	8.29e-06	0.00e+00	4.72e-06	2.49e-14	2.94e-14
 2.52838e+23	5.60e-06	6.40e-03	2.80e-01	5.64e-01	1.30e-01	1.82e-02	1.90e-03	6.73e-06	0.00e+00	5.60e-06	3.04e-14	3.59e-14
 2.54590e+23	6.93e-06	7.34e-03	2.98e-01	5.57e-01	1.21e-01	1.60e-02	1.58e-03	5.18e-06	0.00e+00	6.93e-06	3.90e-14	4.62e-14
 2.56366e+23	8.24e-06	8.20e-03	3.14e-01	5.50e-01	1.13e-01	1.43e-02	1.35e-03	4.15e-06	0.00e+00	8.24e-06	4.79e-14	5.67e-14
 2.57934e+23	9.77e-06	9.14e-03	3.29e-01	5.42e-01	1.06e-01	1.28e-02	1.16e-03	3.34e-06	0.00e+00	9.77e-06	5.86e-14	6.93e-14
 2.59733e+23	1.21e-05	1.05e-02	3.49e-01	5.31e-01	9.76e-02	1.11e-02	9.57e-04	2.53e-06	0.00e+00	1.21e-05	7.55e-14	8.93e-14
 2.61564e+23	1.44e-05	1.17e-02	3.67e-01	5.20e-01	9.08e-02	9.86e-03	8.10e-04	2.00e-06	0.00e+00	1.44e-05	9.29e-14	1.10e-13
 2.63437e+23	1.79e-05	1.34e-02	3.88e-01	5.06e-01	8.28e-02	8.46e-03	6.59e-04	1.49e-06	0.00e+00	1.79e-05	1.21e-13	1.43e-13
 2.65333e+23	2.13e-05	1.50e-02	4.07e-01	4.94e-01	7.65e-02	7.43e-03	5.52e-04	1.16e-06	0.00e+00	2.13e-05	1.49e-13	1.76e-13
 2.67257e+23	2.64e-05	1.72e-02	4.30e-01	4.77e-01	6.92e-02	6.32e-03	4.44e-04	8.53e-07	0.00e+00	2.64e-05	1.94e-13	2.29e-13
 2.69218e+23	3.16e-05	1.92e-02	4.49e-01	4.63e-01	6.34e-02	5.50e-03	3.68e-04	6.55e-07	0.00e+00	3.16e-05	2.41e-13	2.84e-13
 2.70961e+23	3.75e-05	2.14e-02	4.68e-01	4.48e-01	5.81e-02	4.79e-03	3.07e-04	5.05e-07	0.00e+00	3.75e-05	2.97e-13	3.51e-13
 2.72960e+23	4.66e-05	2.45e-02	4.91e-01	4.28e-01	5.19e-02	4.01e-03	2.43e-04	3.64e-07	0.00e+00	4.66e-05	3.88e-13	4.58e-13
 2.75010e+23	5.58e-05	2.74e-02	5.11e-01	4.11e-01	4.70e-02	3.43e-03	1.98e-04	2.73e-07	0.00e+00	5.58e-05	4.83e-13	5.71e-13
 2.76573e+23	6.31e-05	2.95e-02	5.25e-01	3.98e-01	4.37e-02	3.07e-03	1.71e-04	2.23e-07	0.00e+00	6.31e-05	5.63e-13	6.65e-13
 2.78050e+23	7.39e-05	3.26e-02	5.42e-01	3.82e-01	3.99e-02	2.68e-03	1.43e-04	1.73e-07	0.00e+00	7.39e-05	6.84e-13	8.08e-13
 2.79563e+23	8.36e-05	3.51e-02	5.56e-01	3.69e-01	3.70e-02	2.38e-03	1.23e-04	1.40e-07	0.00e+00	8.36e-05	7.99e-13	9.43e-13
 2.81122e+23	9.83e-05	3.89e-02	5.73e-01	3.52e-01	3.34e-02	2.05e-03	1.01e-04	0.00e+00	0.00e+00	9.83e-05	9.78e-13	1.16e-12
 2.82692e+23	1.11e-04	4.20e-02	5.87e-01	3.38e-01	3.08e-02	1.81e-03	8.62e-05	0.00e+00	0.00e+00	1.11e-04	1.14e-12	1.35e-12
 2.84277e+23	1.31e-04	4.63e-02	6.03e-01	3.21e-01	2.77e-02	1.55e-03	7.05e-05	0.00e+00	0.00e+00	1.31e-04	1.40e-12	1.65e-12
 2.85883e+23	1.49e-04	5.01e-02	6.16e-01	3.07e-01	2.53e-02	1.36e-03	5.95e-05	0.00e+00	0.00e+00	1.49e-04	1.65e-12	1.94e-12
 2.87516e+23	1.75e-04	5.54e-02	6.32e-01	2.89e-01	2.26e-02	1.15e-03	4.81e-05	0.00e+00	0.00e+00	1.75e-04	2.02e-12	2.39e-12
 2.89168e+23	1.99e-04	5.99e-02	6.44e-01	2.74e-01	2.05e-02	9.98e-04	4.02e-05	0.00e+00	0.00e+00	1.99e-04	2.39e-12	2.82e-12
 2.90844e+23	2.34e-04	6.61e-02	6.58e-01	2.57e-01	1.82e-02	8.39e-04	3.23e-05	0.00e+00	0.00e+00	2.34e-04	2.93e-12	3.46e-12
 2.92555e+23	2.68e-04	7.18e-02	6.69e-01	2.42e-01	1.63e-02	7.20e-04	2.66e-05	0.00e+00	0.00e+00	2.68e-04	3.49e-12	4.11e-12
 2.94071e+23	3.05e-04	7.78e-02	6.79e-01	2.28e-01	1.47e-02	6.21e-04	2.21e-05	0.00e+00	0.00e+00	3.05e-04	4.12e-12	4.86e-12
 2.95804e+23	3.60e-04	8.60e-02	6.90e-01	2.10e-01	1.29e-02	5.13e-04	1.74e-05	0.00e+00	0.00e+00	3.60e-04	5.10e-12	6.01e-12
 2.97576e+23	4.14e-04	9.36e-02	6.98e-01	1.96e-01	1.15e-02	4.35e-04	1.42e-05	0.00e+00	0.00e+00	4.14e-04	6.09e-12	7.18e-12
 2.99400e+23	4.92e-04	1.04e-01	7.06e-01	1.79e-01	9.88e-03	3.53e-04	1.10e-05	0.00e+00	0.00e+00	4.92e-04	7.62e-12	8.99e-12
 3.01242e+23	5.71e-04	1.14e-01	7.12e-01	1.65e-01	8.66e-03	2.94e-04	8.75e-06	0.00e+00	0.00e+00	5.71e-04	9.20e-12	1.08e-11
 3.02838e+23	6.56e-04	1.24e-01	7.15e-01	1.52e-01	7.66e-03	2.48e-04	7.09e-06	0.00e+00	0.00e+00	6.56e-04	1.10e-11	1.30e-11
 3.04645e+23	7.83e-04	1.38e-01	7.17e-01	1.37e-01	6.53e-03	1.98e-04	5.41e-06	0.00e+00	0.00e+00	7.83e-04	1.38e-11	1.62e-11
 3.06466e+23	9.12e-04	1.52e-01	7.16e-01	1.25e-01	5.69e-03	1.64e-04	4.30e-06	0.00e+00	0.00e+00	9.12e-04	1.66e-11	1.96e-11
 3.07918e+23	1.04e-03	1.66e-01	7.13e-01	1.15e-01	5.06e-03	1.40e-04	3.55e-06	0.00e+00	0.00e+00	1.04e-03	1.95e-11	2.30e-11
