#depth	Ne	Ne+	Ne+2	Ne+3	Ne+4	Ne+5	Ne+6	Ne+7	Ne+8	Ne+9	Ne+10
 1.54284e+22	2.73e-28	1.39e-22	4.74e-18	2.33e-14	2.67e-11	7.37e-09	7.41e-07	4.59e-05	9.98e-03	1.79e-01	8.11e-01
 3.51812e+22	2.21e-26	7.12e-21	1.52e-16	4.75e-13	3.52e-10	6.21e-08	3.83e-06	1.47e-04	2.06e-02	2.44e-01	7.35e-01
 4.16678e+22	2.68e-25	6.65e-20	1.08e-15	2.60e-12	1.50e-09	2.05e-07	9.53e-06	2.78e-04	3.05e-02	2.85e-01	6.84e-01
 4.49111e+22	1.07e-24	2.29e-19	3.21e-15	6.64e-12	3.33e-09	3.95e-07	1.57e-05	3.93e-04	3.75e-02	3.09e-01	6.53e-01
 4.62625e+22	1.54e-24	3.18e-19	4.28e-15	8.52e-12	4.12e-09	4.70e-07	1.80e-05	4.31e-04	3.97e-02	3.16e-01	6.44e-01
 4.67257e+22	2.01e-24	4.03e-19	5.27e-15	1.02e-11	4.80e-09	5.33e-07	1.98e-05	4.61e-04	4.13e-02	3.20e-01	6.38e-01
 4.71694e+22	2.81e-24	5.45e-19	6.86e-15	1.28e-11	5.83e-09	6.26e-07	2.23e-05	5.01e-04	4.34e-02	3.26e-01	6.30e-01
 4.76259e+22	3.71e-24	6.99e-19	8.53e-15	1.54e-11	6.84e-09	7.14e-07	2.47e-05	5.37e-04	4.52e-02	3.31e-01	6.23e-01
 4.80990e+22	5.42e-24	9.81e-19	1.15e-14	1.99e-11	8.51e-09	8.55e-07	2.83e-05	5.90e-04	4.78e-02	3.38e-01	6.14e-01
 4.85540e+22	6.93e-24	1.22e-18	1.39e-14	2.35e-11	9.80e-09	9.61e-07	3.10e-05	6.28e-04	4.96e-02	3.42e-01	6.07e-01
 4.89856e+22	9.80e-24	1.67e-18	1.83e-14	2.98e-11	1.20e-08	1.13e-06	3.52e-05	6.84e-04	5.22e-02	3.48e-01	5.99e-01
 4.94266e+22	1.28e-23	2.12e-18	2.25e-14	3.56e-11	1.40e-08	1.29e-06	3.88e-05	7.32e-04	5.44e-02	3.53e-01	5.92e-01
 4.98801e+22	1.83e-23	2.92e-18	2.98e-14	4.54e-11	1.72e-08	1.53e-06	4.42e-05	8.00e-04	5.73e-02	3.60e-01	5.82e-01
 5.03441e+22	2.45e-23	3.79e-18	3.75e-14	5.53e-11	2.03e-08	1.76e-06	4.92e-05	8.61e-04	5.98e-02	3.65e-01	5.74e-01
 5.08218e+22	3.57e-23	5.31e-18	5.04e-14	7.13e-11	2.53e-08	2.11e-06	5.66e-05	9.47e-04	6.33e-02	3.72e-01	5.64e-01
 5.13019e+22	4.77e-23	6.90e-18	6.33e-14	8.69e-11	2.99e-08	2.43e-06	6.30e-05	1.02e-03	6.61e-02	3.77e-01	5.56e-01
 5.17848e+22	6.96e-23	9.67e-18	8.52e-14	1.12e-10	3.72e-08	2.91e-06	7.25e-05	1.12e-03	6.99e-02	3.84e-01	5.45e-01
 5.22558e+22	9.11e-23	1.23e-17	1.05e-13	1.35e-10	4.36e-08	3.32e-06	8.02e-05	1.20e-03	7.27e-02	3.89e-01	5.37e-01
 5.27113e+22	1.30e-22	1.70e-17	1.40e-13	1.72e-10	5.37e-08	3.95e-06	9.18e-05	1.32e-03	7.67e-02	3.95e-01	5.27e-01
 5.31694e+22	1.69e-22	2.14e-17	1.71e-13	2.05e-10	6.24e-08	4.48e-06	1.01e-04	1.41e-03	7.97e-02	4.00e-01	5.19e-01
 5.36309e+22	2.38e-22	2.92e-17	2.24e-13	2.59e-10	7.64e-08	5.31e-06	1.15e-04	1.54e-03	8.39e-02	4.06e-01	5.09e-01
 5.41039e+22	3.12e-22	3.72e-17	2.78e-13	3.11e-10	8.96e-08	6.07e-06	1.28e-04	1.65e-03	8.74e-02	4.10e-01	5.00e-01
 5.45919e+22	4.41e-22	5.08e-17	3.66e-13	3.94e-10	1.10e-07	7.20e-06	1.46e-04	1.81e-03	9.21e-02	4.16e-01	4.90e-01
 5.50914e+22	5.82e-22	6.52e-17	4.55e-13	4.77e-10	1.29e-07	8.26e-06	1.63e-04	1.95e-03	9.60e-02	4.21e-01	4.81e-01
 5.56056e+22	8.26e-22	8.94e-17	6.01e-13	6.06e-10	1.59e-07	9.84e-06	1.86e-04	2.13e-03	1.01e-01	4.27e-01	4.69e-01
 5.61299e+22	1.08e-21	1.14e-16	7.46e-13	7.31e-10	1.87e-07	1.13e-05	2.07e-04	2.29e-03	1.05e-01	4.32e-01	4.60e-01
 5.66680e+22	1.53e-21	1.56e-16	9.84e-13	9.28e-10	2.30e-07	1.34e-05	2.37e-04	2.52e-03	1.11e-01	4.37e-01	4.49e-01
 5.72155e+22	2.01e-21	1.99e-16	1.22e-12	1.12e-09	2.71e-07	1.54e-05	2.64e-04	2.71e-03	1.16e-01	4.42e-01	4.40e-01
 5.77752e+22	2.83e-21	2.71e-16	1.60e-12	1.42e-09	3.33e-07	1.83e-05	3.02e-04	2.97e-03	1.22e-01	4.47e-01	4.28e-01
 5.83385e+22	3.66e-21	3.43e-16	1.97e-12	1.69e-09	3.89e-07	2.09e-05	3.35e-04	3.18e-03	1.27e-01	4.51e-01	4.19e-01
 5.89064e+22	5.08e-21	4.61e-16	2.56e-12	2.13e-09	4.74e-07	2.47e-05	3.82e-04	3.48e-03	1.33e-01	4.55e-01	4.08e-01
 5.94888e+22	6.58e-21	5.83e-16	3.15e-12	2.55e-09	5.54e-07	2.82e-05	4.24e-04	3.73e-03	1.38e-01	4.59e-01	3.99e-01
 5.99935e+22	8.33e-21	7.21e-16	3.81e-12	3.00e-09	6.39e-07	3.18e-05	4.66e-04	3.98e-03	1.43e-01	4.62e-01	3.90e-01
 6.05531e+22	1.12e-20	9.46e-16	4.84e-12	3.70e-09	7.67e-07	3.71e-05	5.26e-04	4.32e-03	1.50e-01	4.66e-01	3.80e-01
 6.11196e+22	1.42e-20	1.17e-15	5.84e-12	4.35e-09	8.84e-07	4.18e-05	5.78e-04	4.60e-03	1.55e-01	4.69e-01	3.71e-01
 6.16952e+22	1.91e-20	1.53e-15	7.41e-12	5.36e-09	1.06e-06	4.88e-05	6.52e-04	4.99e-03	1.62e-01	4.72e-01	3.61e-01
 6.22798e+22	2.39e-20	1.88e-15	8.90e-12	6.28e-09	1.22e-06	5.49e-05	7.15e-04	5.31e-03	1.67e-01	4.74e-01	3.52e-01
 6.27921e+22	2.98e-20	2.29e-15	1.06e-11	7.34e-09	1.39e-06	6.15e-05	7.82e-04	5.64e-03	1.73e-01	4.76e-01	3.44e-01
 6.33745e+22	3.96e-20	2.97e-15	1.34e-11	8.97e-09	1.66e-06	7.14e-05	8.79e-04	6.11e-03	1.80e-01	4.79e-01	3.34e-01
 6.39545e+22	4.85e-20	3.57e-15	1.58e-11	1.03e-08	1.88e-06	7.93e-05	9.54e-04	6.46e-03	1.86e-01	4.80e-01	3.27e-01
 6.45314e+22	6.35e-20	4.56e-15	1.96e-11	1.25e-08	2.22e-06	9.14e-05	1.07e-03	6.96e-03	1.93e-01	4.82e-01	3.17e-01
 6.51196e+22	7.79e-20	5.49e-15	2.32e-11	1.45e-08	2.52e-06	1.02e-04	1.16e-03	7.36e-03	1.99e-01	4.83e-01	3.09e-01
 6.57225e+22	1.02e-19	7.03e-15	2.89e-11	1.75e-08	2.98e-06	1.17e-04	1.30e-03	7.93e-03	2.07e-01	4.85e-01	2.99e-01
 6.63369e+22	1.25e-19	8.48e-15	3.42e-11	2.03e-08	3.38e-06	1.30e-04	1.41e-03	8.39e-03	2.13e-01	4.86e-01	2.92e-01
 6.69661e+22	1.64e-19	1.08e-14	4.26e-11	2.46e-08	4.01e-06	1.50e-04	1.58e-03	9.05e-03	2.21e-01	4.86e-01	2.82e-01
 6.76069e+22	2.02e-19	1.31e-14	5.04e-11	2.85e-08	4.55e-06	1.67e-04	1.72e-03	9.57e-03	2.27e-01	4.87e-01	2.74e-01
 6.82629e+22	2.65e-19	1.68e-14	6.29e-11	3.45e-08	5.39e-06	1.93e-04	1.92e-03	1.03e-02	2.36e-01	4.87e-01	2.65e-01
 6.89041e+22	3.19e-19	1.98e-14	7.31e-11	3.94e-08	6.03e-06	2.12e-04	2.07e-03	1.08e-02	2.42e-01	4.87e-01	2.58e-01
 6.95261e+22	4.10e-19	2.50e-14	8.98e-11	4.72e-08	7.07e-06	2.43e-04	2.30e-03	1.16e-02	2.51e-01	4.86e-01	2.49e-01
 7.01576e+22	4.93e-19	2.96e-14	1.04e-10	5.38e-08	7.92e-06	2.67e-04	2.47e-03	1.22e-02	2.57e-01	4.86e-01	2.43e-01
 7.08013e+22	6.31e-19	3.70e-14	1.28e-10	6.41e-08	9.23e-06	3.04e-04	2.73e-03	1.31e-02	2.65e-01	4.85e-01	2.34e-01
 7.14650e+22	7.70e-19	4.44e-14	1.50e-10	7.39e-08	1.04e-05	3.37e-04	2.97e-03	1.38e-02	2.72e-01	4.84e-01	2.27e-01
 7.21545e+22	9.87e-19	5.57e-14	1.84e-10	8.83e-08	1.22e-05	3.84e-04	3.28e-03	1.47e-02	2.81e-01	4.82e-01	2.19e-01
 7.28663e+22	1.22e-18	6.75e-14	2.19e-10	1.03e-07	1.39e-05	4.28e-04	3.57e-03	1.56e-02	2.89e-01	4.80e-01	2.11e-01
 7.36070e+22	1.58e-18	8.55e-14	2.70e-10	1.23e-07	1.63e-05	4.89e-04	3.96e-03	1.67e-02	2.98e-01	4.78e-01	2.03e-01
 7.43675e+22	1.96e-18	1.04e-13	3.22e-10	1.44e-07	1.86e-05	5.47e-04	4.31e-03	1.76e-02	3.06e-01	4.76e-01	1.96e-01
 7.51535e+22	2.55e-18	1.33e-13	4.01e-10	1.74e-07	2.19e-05	6.27e-04	4.79e-03	1.89e-02	3.16e-01	4.73e-01	1.87e-01
 7.59647e+22	3.19e-18	1.63e-13	4.81e-10	2.04e-07	2.51e-05	7.03e-04	5.23e-03	2.00e-02	3.24e-01	4.70e-01	1.80e-01
 7.68087e+22	4.21e-18	2.09e-13	6.03e-10	2.48e-07	2.98e-05	8.09e-04	5.83e-03	2.15e-02	3.34e-01	4.66e-01	1.72e-01
 7.76800e+22	5.32e-18	2.59e-13	7.31e-10	2.93e-07	3.44e-05	9.12e-04	6.39e-03	2.28e-02	3.43e-01	4.62e-01	1.65e-01
 7.84661e+22	6.66e-18	3.18e-13	8.76e-10	3.43e-07	3.94e-05	1.02e-03	6.96e-03	2.41e-02	3.51e-01	4.58e-01	1.58e-01
 7.93671e+22	8.91e-18	4.15e-13	1.11e-09	4.22e-07	4.72e-05	1.19e-03	7.81e-03	2.59e-02	3.63e-01	4.53e-01	1.50e-01
 8.02755e+22	1.11e-17	5.09e-13	1.33e-09	4.94e-07	5.39e-05	1.32e-03	8.50e-03	2.74e-02	3.71e-01	4.48e-01	1.44e-01
 8.11933e+22	1.48e-17	6.62e-13	1.69e-09	6.06e-07	6.44e-05	1.53e-03	9.50e-03	2.94e-02	3.82e-01	4.42e-01	1.36e-01
 8.21307e+22	1.87e-17	8.19e-13	2.04e-09	7.15e-07	7.42e-05	1.72e-03	1.04e-02	3.11e-02	3.91e-01	4.36e-01	1.29e-01
 8.30935e+22	2.51e-17	1.07e-12	2.59e-09	8.80e-07	8.87e-05	2.00e-03	1.16e-02	3.34e-02	4.02e-01	4.29e-01	1.22e-01
 8.40765e+22	3.19e-17	1.33e-12	3.16e-09	1.05e-06	1.03e-04	2.26e-03	1.28e-02	3.54e-02	4.11e-01	4.23e-01	1.16e-01
 8.49509e+22	4.01e-17	1.65e-12	3.83e-09	1.23e-06	1.19e-04	2.54e-03	1.40e-02	3.75e-02	4.20e-01	4.16e-01	1.10e-01
 8.59528e+22	5.40e-17	2.16e-12	4.89e-09	1.53e-06	1.43e-04	2.97e-03	1.57e-02	4.03e-02	4.31e-01	4.07e-01	1.02e-01
 8.69045e+22	6.59e-17	2.60e-12	5.77e-09	1.76e-06	1.61e-04	3.28e-03	1.69e-02	4.23e-02	4.39e-01	4.01e-01	9.76e-02
 8.77911e+22	8.49e-17	3.29e-12	7.14e-09	2.13e-06	1.90e-04	3.77e-03	1.88e-02	4.51e-02	4.49e-01	3.92e-01	9.12e-02
 8.86796e+22	1.03e-16	3.94e-12	8.40e-09	2.45e-06	2.15e-04	4.17e-03	2.03e-02	4.73e-02	4.56e-01	3.85e-01	8.68e-02
 8.95706e+22	1.32e-16	4.94e-12	1.03e-08	2.94e-06	2.52e-04	4.76e-03	2.24e-02	5.03e-02	4.65e-01	3.76e-01	8.11e-02
 9.04822e+22	1.61e-16	5.95e-12	1.22e-08	3.40e-06	2.87e-04	5.30e-03	2.43e-02	5.29e-02	4.72e-01	3.68e-01	7.66e-02
 9.14209e+22	2.06e-16	7.50e-12	1.51e-08	4.11e-06	3.38e-04	6.09e-03	2.71e-02	5.65e-02	4.81e-01	3.58e-01	7.09e-02
 9.23647e+22	2.50e-16	8.98e-12	1.78e-08	4.74e-06	3.83e-04	6.77e-03	2.93e-02	5.93e-02	4.88e-01	3.50e-01	6.68e-02
 9.33154e+22	3.16e-16	1.12e-11	2.20e-08	5.70e-06	4.51e-04	7.76e-03	3.25e-02	6.32e-02	4.96e-01	3.38e-01	6.16e-02
 9.42839e+22	3.81e-16	1.34e-11	2.59e-08	6.59e-06	5.13e-04	8.66e-03	3.53e-02	6.65e-02	5.02e-01	3.29e-01	5.76e-02
 9.52758e+22	4.80e-16	1.67e-11	3.19e-08	7.93e-06	6.06e-04	9.96e-03	3.93e-02	7.09e-02	5.10e-01	3.17e-01	5.26e-02
 9.62870e+22	5.74e-16	1.99e-11	3.75e-08	9.18e-06	6.90e-04	1.11e-02	4.28e-02	7.46e-02	5.15e-01	3.07e-01	4.88e-02
 9.73233e+22	7.14e-16	2.47e-11	4.60e-08	1.10e-05	8.15e-04	1.28e-02	4.77e-02	7.97e-02	5.21e-01	2.93e-01	4.42e-02
 9.83722e+22	8.42e-16	2.91e-11	5.39e-08	1.27e-05	9.27e-04	1.43e-02	5.18e-02	8.38e-02	5.26e-01	2.83e-01	4.07e-02
 9.92568e+22	9.69e-16	3.35e-11	6.18e-08	1.44e-05	1.04e-03	1.58e-02	5.59e-02	8.77e-02	5.29e-01	2.73e-01	3.77e-02
 1.00226e+23	1.15e-15	3.99e-11	7.35e-08	1.69e-05	1.20e-03	1.80e-02	6.15e-02	9.29e-02	5.32e-01	2.60e-01	3.41e-02
 1.01200e+23	1.30e-15	4.54e-11	8.37e-08	1.91e-05	1.35e-03	1.98e-02	6.61e-02	9.70e-02	5.34e-01	2.50e-01	3.14e-02
 1.02150e+23	1.49e-15	5.27e-11	9.74e-08	2.20e-05	1.54e-03	2.22e-02	7.22e-02	1.02e-01	5.35e-01	2.38e-01	2.84e-02
 1.03119e+23	1.66e-15	5.95e-11	1.10e-07	2.47e-05	1.72e-03	2.45e-02	7.76e-02	1.07e-01	5.36e-01	2.28e-01	2.60e-02
 1.04073e+23	1.85e-15	6.74e-11	1.26e-07	2.81e-05	1.94e-03	2.73e-02	8.41e-02	1.12e-01	5.35e-01	2.16e-01	2.34e-02
 1.05046e+23	2.03e-15	7.52e-11	1.42e-07	3.15e-05	2.17e-03	3.00e-02	9.04e-02	1.17e-01	5.34e-01	2.05e-01	2.13e-02
 1.05999e+23	2.21e-15	8.35e-11	1.60e-07	3.54e-05	2.43e-03	3.32e-02	9.72e-02	1.22e-01	5.31e-01	1.95e-01	1.92e-02
 1.06963e+23	2.37e-15	9.19e-11	1.79e-07	3.95e-05	2.70e-03	3.64e-02	1.04e-01	1.27e-01	5.28e-01	1.84e-01	1.73e-02
 1.07915e+23	2.52e-15	1.00e-10	1.99e-07	4.40e-05	3.00e-03	3.99e-02	1.11e-01	1.32e-01	5.24e-01	1.74e-01	1.56e-02
 1.08865e+23	2.66e-15	1.09e-10	2.20e-07	4.88e-05	3.32e-03	4.35e-02	1.18e-01	1.37e-01	5.19e-01	1.64e-01	1.40e-02
 1.09816e+23	2.78e-15	1.18e-10	2.43e-07	5.41e-05	3.67e-03	4.75e-02	1.26e-01	1.42e-01	5.14e-01	1.55e-01	1.26e-02
 1.10771e+23	2.89e-15	1.27e-10	2.68e-07	5.98e-05	4.05e-03	5.16e-02	1.33e-01	1.47e-01	5.07e-01	1.45e-01	1.13e-02
 1.11728e+23	2.98e-15	1.36e-10	2.95e-07	6.61e-05	4.47e-03	5.61e-02	1.41e-01	1.52e-01	5.00e-01	1.37e-01	1.01e-02
 1.12694e+23	3.06e-15	1.46e-10	3.24e-07	7.31e-05	4.93e-03	6.08e-02	1.49e-01	1.56e-01	4.92e-01	1.28e-01	8.99e-03
 1.13669e+23	3.14e-15	1.56e-10	3.56e-07	8.09e-05	5.43e-03	6.58e-02	1.57e-01	1.61e-01	4.83e-01	1.20e-01	8.00e-03
 1.14650e+23	3.21e-15	1.67e-10	3.92e-07	8.95e-05	5.98e-03	7.12e-02	1.65e-01	1.66e-01	4.74e-01	1.12e-01	7.12e-03
 1.15646e+23	3.27e-15	1.78e-10	4.32e-07	9.93e-05	6.60e-03	7.69e-02	1.73e-01	1.70e-01	4.63e-01	1.04e-01	6.30e-03
 1.16652e+23	3.35e-15	1.91e-10	4.77e-07	1.10e-04	7.27e-03	8.29e-02	1.81e-01	1.74e-01	4.53e-01	9.66e-02	5.58e-03
 1.17679e+23	3.42e-15	2.05e-10	5.30e-07	1.23e-04	8.04e-03	8.96e-02	1.89e-01	1.78e-01	4.41e-01	8.93e-02	4.91e-03
 1.18723e+23	3.50e-15	2.21e-10	5.90e-07	1.37e-04	8.87e-03	9.65e-02	1.97e-01	1.81e-01	4.29e-01	8.27e-02	4.32e-03
 1.19678e+23	3.58e-15	2.36e-10	6.46e-07	1.51e-04	9.64e-03	1.03e-01	2.04e-01	1.84e-01	4.18e-01	7.73e-02	3.88e-03
 1.20675e+23	3.68e-15	2.57e-10	7.27e-07	1.70e-04	1.07e-02	1.11e-01	2.12e-01	1.87e-01	4.04e-01	7.08e-02	3.37e-03
 1.21689e+23	3.80e-15	2.77e-10	8.05e-07	1.88e-04	1.17e-02	1.18e-01	2.19e-01	1.90e-01	3.93e-01	6.60e-02	3.01e-03
 1.22734e+23	3.97e-15	3.06e-10	9.19e-07	2.15e-04	1.30e-02	1.27e-01	2.27e-01	1.92e-01	3.78e-01	6.00e-02	2.59e-03
 1.23784e+23	4.13e-15	3.33e-10	1.02e-06	2.39e-04	1.42e-02	1.35e-01	2.33e-01	1.94e-01	3.66e-01	5.57e-02	2.30e-03
 1.24841e+23	4.35e-15	3.71e-10	1.18e-06	2.73e-04	1.58e-02	1.45e-01	2.41e-01	1.95e-01	3.50e-01	5.04e-02	1.98e-03
 1.25901e+23	4.60e-15	4.08e-10	1.32e-06	3.04e-04	1.72e-02	1.53e-01	2.46e-01	1.96e-01	3.38e-01	4.67e-02	1.76e-03
 1.26965e+23	4.94e-15	4.61e-10	1.53e-06	3.49e-04	1.92e-02	1.64e-01	2.53e-01	1.97e-01	3.23e-01	4.22e-02	1.50e-03
 1.28040e+23	5.29e-15	5.12e-10	1.72e-06	3.90e-04	2.09e-02	1.73e-01	2.58e-01	1.97e-01	3.10e-01	3.89e-02	1.33e-03
 1.29130e+23	5.79e-15	5.87e-10	2.02e-06	4.51e-04	2.34e-02	1.85e-01	2.64e-01	1.96e-01	2.94e-01	3.49e-02	1.13e-03
 1.30233e+23	6.31e-15	6.60e-10	2.30e-06	5.05e-04	2.54e-02	1.95e-01	2.69e-01	1.95e-01	2.82e-01	3.20e-02	9.91e-04
 1.31355e+23	7.06e-15	7.70e-10	2.72e-06	5.87e-04	2.84e-02	2.09e-01	2.74e-01	1.94e-01	2.66e-01	2.85e-02	8.36e-04
 1.32497e+23	7.84e-15	8.78e-10	3.12e-06	6.61e-04	3.10e-02	2.19e-01	2.77e-01	1.92e-01	2.53e-01	2.60e-02	7.30e-04
 1.33665e+23	9.01e-15	1.04e-09	3.73e-06	7.71e-04	3.46e-02	2.34e-01	2.81e-01	1.89e-01	2.37e-01	2.30e-02	6.10e-04
 1.34859e+23	1.02e-14	1.21e-09	4.33e-06	8.73e-04	3.78e-02	2.46e-01	2.84e-01	1.87e-01	2.24e-01	2.08e-02	5.27e-04
 1.36088e+23	1.21e-14	1.47e-09	5.25e-06	1.03e-03	4.23e-02	2.61e-01	2.86e-01	1.83e-01	2.08e-01	1.82e-02	4.35e-04
 1.37343e+23	1.41e-14	1.73e-09	6.14e-06	1.17e-03	4.61e-02	2.74e-01	2.88e-01	1.79e-01	1.96e-01	1.63e-02	3.72e-04
 1.38399e+23	1.62e-14	2.00e-09	7.05e-06	1.30e-03	4.98e-02	2.85e-01	2.89e-01	1.76e-01	1.85e-01	1.48e-02	3.24e-04
 1.39539e+23	1.95e-14	2.43e-09	8.45e-06	1.51e-03	5.49e-02	2.99e-01	2.89e-01	1.71e-01	1.71e-01	1.30e-02	2.70e-04
 1.40650e+23	2.26e-14	2.80e-09	9.64e-06	1.67e-03	5.89e-02	3.10e-01	2.89e-01	1.67e-01	1.62e-01	1.18e-02	2.37e-04
 1.41725e+23	2.72e-14	3.38e-09	1.14e-05	1.92e-03	6.43e-02	3.23e-01	2.87e-01	1.62e-01	1.50e-01	1.04e-02	1.98e-04
 1.42811e+23	3.19e-14	3.92e-09	1.31e-05	2.12e-03	6.88e-02	3.34e-01	2.86e-01	1.58e-01	1.42e-01	9.46e-03	1.73e-04
 1.43911e+23	3.91e-14	4.77e-09	1.55e-05	2.43e-03	7.50e-02	3.47e-01	2.84e-01	1.52e-01	1.31e-01	8.29e-03	1.44e-04
 1.45026e+23	4.64e-14	5.58e-09	1.78e-05	2.69e-03	8.01e-02	3.58e-01	2.82e-01	1.47e-01	1.23e-01	7.48e-03	1.25e-04
 1.46161e+23	5.80e-14	6.86e-09	2.12e-05	3.08e-03	8.72e-02	3.71e-01	2.79e-01	1.41e-01	1.12e-01	6.51e-03	1.03e-04
 1.47313e+23	6.96e-14	8.07e-09	2.44e-05	3.41e-03	9.30e-02	3.81e-01	2.76e-01	1.36e-01	1.05e-01	5.84e-03	8.91e-05
 1.48487e+23	8.85e-14	1.00e-08	2.92e-05	3.90e-03	1.01e-01	3.94e-01	2.71e-01	1.30e-01	9.55e-02	5.04e-03	7.30e-05
 1.49681e+23	1.07e-13	1.18e-08	3.36e-05	4.33e-03	1.08e-01	4.03e-01	2.67e-01	1.25e-01	8.87e-02	4.49e-03	6.24e-05
 1.50902e+23	1.39e-13	1.48e-08	4.05e-05	4.96e-03	1.17e-01	4.15e-01	2.61e-01	1.18e-01	8.02e-02	3.84e-03	5.05e-05
 1.52149e+23	1.71e-13	1.77e-08	4.68e-05	5.50e-03	1.24e-01	4.24e-01	2.56e-01	1.13e-01	7.39e-02	3.39e-03	4.28e-05
 1.53429e+23	2.25e-13	2.24e-08	5.66e-05	6.31e-03	1.35e-01	4.36e-01	2.49e-01	1.06e-01	6.62e-02	2.87e-03	3.42e-05
 1.54742e+23	2.81e-13	2.70e-08	6.58e-05	7.02e-03	1.43e-01	4.44e-01	2.43e-01	1.00e-01	6.06e-02	2.51e-03	2.86e-05
 1.56097e+23	3.76e-13	3.45e-08	8.00e-05	8.06e-03	1.55e-01	4.54e-01	2.34e-01	9.33e-02	5.38e-02	2.10e-03	2.25e-05
 1.57470e+23	4.71e-13	4.16e-08	9.28e-05	8.95e-03	1.64e-01	4.60e-01	2.28e-01	8.80e-02	4.89e-02	1.83e-03	1.87e-05
 1.58866e+23	6.38e-13	5.35e-08	1.13e-04	1.03e-02	1.77e-01	4.68e-01	2.18e-01	8.13e-02	4.31e-02	1.51e-03	1.46e-05
 1.60276e+23	8.04e-13	6.47e-08	1.31e-04	1.14e-02	1.88e-01	4.73e-01	2.11e-01	7.63e-02	3.90e-02	1.31e-03	1.21e-05
 1.61704e+23	1.09e-12	8.32e-08	1.60e-04	1.30e-02	2.01e-01	4.79e-01	2.01e-01	7.01e-02	3.41e-02	1.07e-03	9.32e-06
 1.63157e+23	1.39e-12	1.01e-07	1.85e-04	1.44e-02	2.13e-01	4.82e-01	1.94e-01	6.54e-02	3.07e-02	9.21e-04	7.62e-06
 1.64438e+23	1.76e-12	1.23e-07	2.15e-04	1.59e-02	2.24e-01	4.85e-01	1.86e-01	6.10e-02	2.75e-02	7.88e-04	6.22e-06
 1.65896e+23	2.39e-12	1.57e-07	2.59e-04	1.80e-02	2.39e-01	4.87e-01	1.76e-01	5.56e-02	2.40e-02	6.45e-04	4.79e-06
 1.67384e+23	3.07e-12	1.92e-07	3.03e-04	2.00e-02	2.51e-01	4.88e-01	1.68e-01	5.14e-02	2.13e-02	5.45e-04	3.85e-06
 1.68593e+23	3.78e-12	2.27e-07	3.44e-04	2.17e-02	2.62e-01	4.87e-01	1.61e-01	4.81e-02	1.93e-02	4.73e-04	3.20e-06
 1.69847e+23	4.83e-12	2.76e-07	3.98e-04	2.39e-02	2.74e-01	4.86e-01	1.53e-01	4.44e-02	1.72e-02	4.00e-04	2.58e-06
 1.71167e+23	6.03e-12	3.29e-07	4.55e-04	2.60e-02	2.85e-01	4.85e-01	1.46e-01	4.12e-02	1.54e-02	3.44e-04	2.12e-06
 1.72378e+23	7.47e-12	3.91e-07	5.17e-04	2.83e-02	2.97e-01	4.83e-01	1.40e-01	3.83e-02	1.38e-02	2.95e-04	1.74e-06
 1.73759e+23	9.78e-12	4.84e-07	6.07e-04	3.14e-02	3.11e-01	4.79e-01	1.31e-01	3.49e-02	1.21e-02	2.44e-04	1.36e-06
 1.75177e+23	1.24e-11	5.85e-07	6.99e-04	3.43e-02	3.23e-01	4.75e-01	1.24e-01	3.20e-02	1.07e-02	2.05e-04	1.09e-06
 1.76422e+23	1.54e-11	6.93e-07	7.92e-04	3.71e-02	3.35e-01	4.70e-01	1.18e-01	2.96e-02	9.57e-03	1.76e-04	8.95e-07
 1.77820e+23	2.01e-11	8.54e-07	9.24e-04	4.09e-02	3.49e-01	4.64e-01	1.10e-01	2.69e-02	8.33e-03	1.45e-04	6.97e-07
 1.79287e+23	2.57e-11	1.04e-06	1.07e-03	4.47e-02	3.62e-01	4.57e-01	1.03e-01	2.45e-02	7.30e-03	1.20e-04	5.51e-07
 1.80616e+23	3.21e-11	1.24e-06	1.21e-03	4.84e-02	3.73e-01	4.51e-01	9.75e-02	2.25e-02	6.47e-03	1.02e-04	4.44e-07
 1.82116e+23	4.23e-11	1.54e-06	1.42e-03	5.34e-02	3.88e-01	4.41e-01	9.03e-02	2.01e-02	5.54e-03	8.22e-05	3.39e-07
 1.83665e+23	5.43e-11	1.87e-06	1.64e-03	5.81e-02	4.00e-01	4.33e-01	8.41e-02	1.82e-02	4.82e-03	6.78e-05	2.65e-07
 1.85044e+23	6.82e-11	2.23e-06	1.87e-03	6.29e-02	4.12e-01	4.24e-01	7.87e-02	1.66e-02	4.23e-03	5.67e-05	2.11e-07
 1.86605e+23	9.06e-11	2.78e-06	2.19e-03	6.92e-02	4.26e-01	4.12e-01	7.22e-02	1.48e-02	3.59e-03	4.52e-05	1.58e-07
 1.88227e+23	1.17e-10	3.39e-06	2.53e-03	7.53e-02	4.38e-01	4.01e-01	6.66e-02	1.33e-02	3.09e-03	3.67e-05	0.00e+00
 1.89687e+23	1.48e-10	4.08e-06	2.88e-03	8.13e-02	4.49e-01	3.91e-01	6.18e-02	1.20e-02	2.68e-03	3.03e-05	0.00e+00
 1.91342e+23	2.00e-10	5.14e-06	3.40e-03	8.95e-02	4.62e-01	3.77e-01	5.59e-02	1.05e-02	2.23e-03	2.36e-05	0.00e+00
 1.93048e+23	2.58e-10	6.26e-06	3.92e-03	9.70e-02	4.72e-01	3.64e-01	5.12e-02	9.35e-03	1.91e-03	1.90e-05	0.00e+00
 1.94583e+23	3.29e-10	7.56e-06	4.48e-03	1.05e-01	4.82e-01	3.52e-01	4.70e-02	8.36e-03	1.63e-03	1.54e-05	0.00e+00
 1.96342e+23	4.50e-10	9.61e-06	5.31e-03	1.15e-01	4.93e-01	3.36e-01	4.20e-02	7.23e-03	1.34e-03	1.17e-05	0.00e+00
 1.98125e+23	5.84e-10	1.17e-05	6.11e-03	1.24e-01	5.02e-01	3.22e-01	3.81e-02	6.40e-03	1.13e-03	9.33e-06	0.00e+00
 1.99702e+23	7.44e-10	1.41e-05	6.96e-03	1.34e-01	5.09e-01	3.09e-01	3.47e-02	5.69e-03	9.59e-04	7.50e-06	0.00e+00
 2.01514e+23	1.02e-09	1.80e-05	8.24e-03	1.46e-01	5.17e-01	2.92e-01	3.06e-02	4.86e-03	7.74e-04	5.61e-06	0.00e+00
 2.03349e+23	1.32e-09	2.19e-05	9.44e-03	1.57e-01	5.23e-01	2.78e-01	2.75e-02	4.28e-03	6.48e-04	4.43e-06	0.00e+00
 2.05213e+23	1.80e-09	2.77e-05	1.11e-02	1.71e-01	5.29e-01	2.61e-01	2.42e-02	3.64e-03	5.20e-04	3.30e-06	0.00e+00
 2.07116e+23	2.35e-09	3.39e-05	1.28e-02	1.84e-01	5.32e-01	2.46e-01	2.16e-02	3.17e-03	4.30e-04	2.56e-06	0.00e+00
 2.08812e+23	3.03e-09	4.11e-05	1.46e-02	1.97e-01	5.34e-01	2.33e-01	1.92e-02	2.77e-03	3.57e-04	1.99e-06	0.00e+00
 2.10756e+23	4.18e-09	5.24e-05	1.72e-02	2.13e-01	5.35e-01	2.15e-01	1.66e-02	2.32e-03	2.81e-04	1.45e-06	0.00e+00
 2.12732e+23	5.43e-09	6.37e-05	1.97e-02	2.28e-01	5.34e-01	2.02e-01	1.47e-02	2.01e-03	2.30e-04	1.11e-06	0.00e+00
 2.14750e+23	7.56e-09	8.17e-05	2.33e-02	2.46e-01	5.31e-01	1.85e-01	1.25e-02	1.66e-03	1.77e-04	7.87e-07	0.00e+00
 2.16723e+23	9.62e-09	9.78e-05	2.63e-02	2.60e-01	5.28e-01	1.73e-01	1.11e-02	1.44e-03	1.46e-04	6.10e-07	0.00e+00
 2.18640e+23	1.31e-08	1.23e-04	3.06e-02	2.79e-01	5.22e-01	1.58e-01	9.41e-03	1.20e-03	1.14e-04	4.37e-07	0.00e+00
 2.20491e+23	1.62e-08	1.45e-04	3.41e-02	2.92e-01	5.16e-01	1.48e-01	8.40e-03	1.05e-03	9.50e-05	3.45e-07	0.00e+00
 2.22258e+23	2.14e-08	1.78e-04	3.90e-02	3.10e-01	5.08e-01	1.35e-01	7.22e-03	8.83e-04	7.51e-05	2.53e-07	0.00e+00
 2.24026e+23	2.66e-08	2.08e-04	4.33e-02	3.23e-01	5.00e-01	1.26e-01	6.41e-03	7.70e-04	6.24e-05	1.99e-07	0.00e+00
 2.25797e+23	3.48e-08	2.54e-04	4.93e-02	3.41e-01	4.89e-01	1.15e-01	5.49e-03	6.46e-04	4.91e-05	1.45e-07	0.00e+00
 2.27615e+23	4.35e-08	2.99e-04	5.49e-02	3.55e-01	4.79e-01	1.06e-01	4.81e-03	5.55e-04	4.01e-05	0.00e+00	0.00e+00
 2.29247e+23	5.41e-08	3.51e-04	6.08e-02	3.69e-01	4.68e-01	9.74e-02	4.22e-03	4.79e-04	3.28e-05	0.00e+00	0.00e+00
 2.31122e+23	7.13e-08	4.29e-04	6.92e-02	3.86e-01	4.53e-01	8.74e-02	3.55e-03	3.95e-04	2.53e-05	0.00e+00	0.00e+00
 2.33019e+23	8.94e-08	5.06e-04	7.68e-02	4.00e-01	4.39e-01	7.97e-02	3.08e-03	3.36e-04	2.03e-05	0.00e+00	0.00e+00
 2.34944e+23	1.17e-07	6.14e-04	8.69e-02	4.16e-01	4.22e-01	7.10e-02	2.58e-03	2.75e-04	1.56e-05	0.00e+00	0.00e+00
 2.36818e+23	1.44e-07	7.15e-04	9.55e-02	4.28e-01	4.08e-01	6.47e-02	2.24e-03	2.35e-04	1.26e-05	0.00e+00	0.00e+00
 2.38297e+23	1.72e-07	8.13e-04	1.03e-01	4.38e-01	3.96e-01	5.96e-02	1.98e-03	2.04e-04	1.05e-05	0.00e+00	0.00e+00
 2.39889e+23	2.13e-07	9.49e-04	1.14e-01	4.50e-01	3.80e-01	5.37e-02	1.70e-03	1.72e-04	8.38e-06	0.00e+00	0.00e+00
 2.41528e+23	2.56e-07	1.08e-03	1.23e-01	4.59e-01	3.66e-01	4.91e-02	1.49e-03	1.48e-04	6.88e-06	0.00e+00	0.00e+00
 2.42998e+23	3.06e-07	1.23e-03	1.33e-01	4.67e-01	3.52e-01	4.48e-02	1.31e-03	1.28e-04	5.66e-06	0.00e+00	0.00e+00
 2.44680e+23	3.81e-07	1.44e-03	1.46e-01	4.76e-01	3.35e-01	3.99e-02	1.11e-03	1.06e-04	4.42e-06	0.00e+00	0.00e+00
 2.46380e+23	4.57e-07	1.64e-03	1.58e-01	4.83e-01	3.20e-01	3.60e-02	9.62e-04	9.03e-05	3.59e-06	0.00e+00	0.00e+00
 2.47869e+23	5.45e-07	1.85e-03	1.70e-01	4.89e-01	3.06e-01	3.26e-02	8.38e-04	7.72e-05	2.92e-06	0.00e+00	0.00e+00
 2.49572e+23	6.74e-07	2.15e-03	1.86e-01	4.94e-01	2.88e-01	2.88e-02	7.04e-04	6.33e-05	2.26e-06	0.00e+00	0.00e+00
 2.51305e+23	8.06e-07	2.44e-03	2.00e-01	4.98e-01	2.73e-01	2.58e-02	6.06e-04	5.34e-05	1.82e-06	0.00e+00	0.00e+00
 2.52838e+23	9.58e-07	2.75e-03	2.14e-01	5.01e-01	2.59e-01	2.31e-02	5.23e-04	4.51e-05	1.46e-06	0.00e+00	0.00e+00
 2.54590e+23	1.18e-06	3.19e-03	2.33e-01	5.03e-01	2.41e-01	2.01e-02	4.35e-04	3.65e-05	1.12e-06	0.00e+00	0.00e+00
 2.56366e+23	1.41e-06	3.60e-03	2.49e-01	5.03e-01	2.26e-01	1.78e-02	3.71e-04	3.04e-05	8.85e-07	0.00e+00	0.00e+00
 2.57934e+23	1.67e-06	4.04e-03	2.66e-01	5.02e-01	2.12e-01	1.58e-02	3.17e-04	2.54e-05	7.05e-07	0.00e+00	0.00e+00
 2.59733e+23	2.06e-06	4.66e-03	2.87e-01	4.99e-01	1.95e-01	1.36e-02	2.61e-04	2.02e-05	5.29e-07	0.00e+00	0.00e+00
 2.61564e+23	2.45e-06	5.25e-03	3.06e-01	4.95e-01	1.82e-01	1.19e-02	2.20e-04	1.66e-05	4.13e-07	0.00e+00	0.00e+00
 2.63437e+23	3.03e-06	6.05e-03	3.30e-01	4.89e-01	1.65e-01	1.01e-02	1.78e-04	1.30e-05	3.04e-07	0.00e+00	0.00e+00
 2.65333e+23	3.61e-06	6.81e-03	3.50e-01	4.82e-01	1.52e-01	8.72e-03	1.49e-04	1.05e-05	2.34e-07	0.00e+00	0.00e+00
 2.67257e+23	4.45e-06	7.83e-03	3.76e-01	4.72e-01	1.37e-01	7.29e-03	1.19e-04	8.12e-06	1.70e-07	0.00e+00	0.00e+00
 2.69218e+23	5.31e-06	8.79e-03	3.98e-01	4.63e-01	1.25e-01	6.24e-03	9.81e-05	6.48e-06	1.29e-07	0.00e+00	0.00e+00
 2.70961e+23	6.28e-06	9.81e-03	4.19e-01	4.52e-01	1.14e-01	5.35e-03	8.12e-05	5.19e-06	0.00e+00	0.00e+00	0.00e+00
 2.72960e+23	7.71e-06	1.12e-02	4.46e-01	4.37e-01	1.01e-01	4.39e-03	6.40e-05	3.91e-06	0.00e+00	0.00e+00	0.00e+00
 2.75010e+23	9.19e-06	1.26e-02	4.70e-01	4.23e-01	9.03e-02	3.69e-03	5.19e-05	3.05e-06	0.00e+00	0.00e+00	0.00e+00
 2.76573e+23	1.04e-05	1.36e-02	4.86e-01	4.13e-01	8.35e-02	3.26e-03	4.47e-05	2.56e-06	0.00e+00	0.00e+00	0.00e+00
 2.78050e+23	1.20e-05	1.49e-02	5.07e-01	4.00e-01	7.55e-02	2.78e-03	3.71e-05	2.05e-06	0.00e+00	0.00e+00	0.00e+00
 2.79563e+23	1.36e-05	1.61e-02	5.23e-01	3.89e-01	6.95e-02	2.45e-03	3.18e-05	1.70e-06	0.00e+00	0.00e+00	0.00e+00
 2.81122e+23	1.58e-05	1.77e-02	5.44e-01	3.74e-01	6.22e-02	2.07e-03	2.61e-05	1.34e-06	0.00e+00	0.00e+00	0.00e+00
 2.82692e+23	1.78e-05	1.91e-02	5.61e-01	3.61e-01	5.68e-02	1.80e-03	2.22e-05	1.10e-06	0.00e+00	0.00e+00	0.00e+00
 2.84277e+23	2.07e-05	2.10e-02	5.81e-01	3.46e-01	5.05e-02	1.51e-03	1.81e-05	8.64e-07	0.00e+00	0.00e+00	0.00e+00
 2.85883e+23	2.34e-05	2.26e-02	5.98e-01	3.32e-01	4.57e-02	1.30e-03	1.52e-05	7.02e-07	0.00e+00	0.00e+00	0.00e+00
 2.87516e+23	2.72e-05	2.48e-02	6.18e-01	3.16e-01	4.03e-02	1.08e-03	1.23e-05	5.41e-07	0.00e+00	0.00e+00	0.00e+00
 2.89168e+23	3.09e-05	2.68e-02	6.34e-01	3.02e-01	3.62e-02	9.21e-04	1.02e-05	4.34e-07	0.00e+00	0.00e+00	0.00e+00
 2.90844e+23	3.57e-05	2.92e-02	6.53e-01	2.85e-01	3.17e-02	7.60e-04	8.19e-06	3.32e-07	0.00e+00	0.00e+00	0.00e+00
 2.92555e+23	4.07e-05	3.16e-02	6.69e-01	2.71e-01	2.81e-02	6.41e-04	6.72e-06	2.62e-07	0.00e+00	0.00e+00	0.00e+00
 2.94071e+23	4.60e-05	3.39e-02	6.83e-01	2.57e-01	2.50e-02	5.44e-04	5.57e-06	2.09e-07	0.00e+00	0.00e+00	0.00e+00
 2.95804e+23	5.34e-05	3.70e-02	7.00e-01	2.41e-01	2.16e-02	4.41e-04	4.39e-06	1.56e-07	0.00e+00	0.00e+00	0.00e+00
 2.97576e+23	6.09e-05	3.99e-02	7.14e-01	2.27e-01	1.90e-02	3.68e-04	3.57e-06	0.00e+00	0.00e+00	0.00e+00	0.00e+00
 2.99400e+23	7.12e-05	4.37e-02	7.30e-01	2.10e-01	1.61e-02	2.93e-04	2.76e-06	0.00e+00	0.00e+00	0.00e+00	0.00e+00
 3.01242e+23	8.18e-05	4.72e-02	7.43e-01	1.96e-01	1.39e-02	2.41e-04	2.20e-06	0.00e+00	0.00e+00	0.00e+00	0.00e+00
 3.02838e+23	9.27e-05	5.05e-02	7.54e-01	1.83e-01	1.22e-02	2.00e-04	1.79e-06	0.00e+00	0.00e+00	0.00e+00	0.00e+00
 3.04645e+23	1.08e-04	5.51e-02	7.67e-01	1.68e-01	1.02e-02	1.58e-04	1.37e-06	0.00e+00	0.00e+00	0.00e+00	0.00e+00
 3.06466e+23	1.24e-04	5.91e-02	7.76e-01	1.56e-01	8.81e-03	1.30e-04	1.09e-06	0.00e+00	0.00e+00	0.00e+00	0.00e+00
 3.07918e+23	1.39e-04	6.26e-02	7.83e-01	1.46e-01	7.80e-03	1.10e-04	9.11e-07	0.00e+00	0.00e+00	0.00e+00	0.00e+00
