#depth	He	He+	He+2
 4.62852e+21	1.95e-06	1.48e-02	9.85e-01
 1.03613e+22	4.20e-06	2.16e-02	9.78e-01
 1.20176e+22	6.12e-06	2.60e-02	9.74e-01
 1.29199e+22	7.76e-06	2.92e-02	9.71e-01
 1.34147e+22	8.56e-06	3.06e-02	9.69e-01
 1.37471e+22	9.71e-06	3.26e-02	9.67e-01
 1.40993e+22	1.08e-05	3.44e-02	9.66e-01
 1.44771e+22	1.25e-05	3.68e-02	9.63e-01
 1.48595e+22	1.40e-05	3.90e-02	9.61e-01
 1.51969e+22	1.57e-05	4.12e-02	9.59e-01
 1.55844e+22	1.82e-05	4.43e-02	9.56e-01
 1.59768e+22	2.04e-05	4.68e-02	9.53e-01
 1.63756e+22	2.37e-05	5.04e-02	9.50e-01
 1.67796e+22	2.67e-05	5.33e-02	9.47e-01
 1.71902e+22	3.11e-05	5.74e-02	9.43e-01
 1.76061e+22	3.51e-05	6.09e-02	9.39e-01
 1.79688e+22	3.95e-05	6.45e-02	9.35e-01
 1.83153e+22	4.39e-05	6.79e-02	9.32e-01
 1.86437e+22	4.89e-05	7.15e-02	9.28e-01
 1.90138e+22	5.58e-05	7.62e-02	9.24e-01
 1.93839e+22	6.21e-05	8.02e-02	9.20e-01
 1.97542e+22	7.09e-05	8.54e-02	9.15e-01
 2.01307e+22	7.91e-05	9.00e-02	9.10e-01
 2.05152e+22	9.06e-05	9.60e-02	9.04e-01
 2.09028e+22	1.01e-04	1.01e-01	8.99e-01
 2.12943e+22	1.16e-04	1.08e-01	8.92e-01
 2.16862e+22	1.29e-04	1.14e-01	8.86e-01
 2.20014e+22	1.42e-04	1.19e-01	8.81e-01
 2.23338e+22	1.59e-04	1.25e-01	8.75e-01
 2.26711e+22	1.74e-04	1.30e-01	8.69e-01
 2.29678e+22	1.91e-04	1.36e-01	8.64e-01
 2.33066e+22	2.13e-04	1.43e-01	8.56e-01
 2.36495e+22	2.35e-04	1.50e-01	8.50e-01
 2.39500e+22	2.57e-04	1.56e-01	8.44e-01
 2.42927e+22	2.88e-04	1.64e-01	8.35e-01
 2.46381e+22	3.15e-04	1.71e-01	8.29e-01
 2.49872e+22	3.53e-04	1.80e-01	8.20e-01
 2.53416e+22	3.88e-04	1.88e-01	8.12e-01
 2.56537e+22	4.24e-04	1.96e-01	8.04e-01
 2.60099e+22	4.74e-04	2.06e-01	7.94e-01
 2.63738e+22	5.21e-04	2.14e-01	7.85e-01
 2.66988e+22	5.71e-04	2.23e-01	7.76e-01
 2.70724e+22	6.41e-04	2.35e-01	7.65e-01
 2.74516e+22	7.05e-04	2.45e-01	7.55e-01
 2.78382e+22	7.90e-04	2.57e-01	7.42e-01
 2.82350e+22	8.75e-04	2.68e-01	7.31e-01
 2.85863e+22	9.60e-04	2.79e-01	7.20e-01
 2.89840e+22	1.08e-03	2.93e-01	7.06e-01
 2.93917e+22	1.19e-03	3.05e-01	6.94e-01
 2.98124e+22	1.34e-03	3.20e-01	6.78e-01
 3.01794e+22	1.44e-03	3.30e-01	6.69e-01
 3.03409e+22	1.46e-03	3.32e-01	6.67e-01
 3.03852e+22	1.47e-03	3.32e-01	6.66e-01
 3.04125e+22	1.49e-03	3.34e-01	6.65e-01
 3.04482e+22	1.50e-03	3.35e-01	6.64e-01
 3.04945e+22	1.52e-03	3.36e-01	6.62e-01
 3.05546e+22	1.54e-03	3.39e-01	6.60e-01
 3.06329e+22	1.58e-03	3.42e-01	6.57e-01
 3.07346e+22	1.62e-03	3.46e-01	6.53e-01
 3.08668e+22	1.68e-03	3.51e-01	6.48e-01
 3.10387e+22	1.77e-03	3.58e-01	6.41e-01
 3.12621e+22	1.89e-03	3.67e-01	6.31e-01
 3.15526e+22	2.04e-03	3.78e-01	6.20e-01
 3.18629e+22	2.20e-03	3.89e-01	6.09e-01
 3.21539e+22	2.37e-03	4.00e-01	5.98e-01
 3.24872e+22	2.58e-03	4.13e-01	5.84e-01
 3.28283e+22	2.79e-03	4.25e-01	5.73e-01
 3.31316e+22	3.00e-03	4.36e-01	5.61e-01
 3.34780e+22	3.28e-03	4.50e-01	5.47e-01
 3.38352e+22	3.54e-03	4.62e-01	5.34e-01
 3.42064e+22	3.90e-03	4.78e-01	5.18e-01
 3.45787e+22	4.21e-03	4.91e-01	5.05e-01
 3.49526e+22	4.61e-03	5.06e-01	4.90e-01
 3.53418e+22	5.00e-03	5.19e-01	4.76e-01
 3.56971e+22	5.41e-03	5.33e-01	4.62e-01
 3.61054e+22	5.98e-03	5.50e-01	4.44e-01
 3.65151e+22	6.46e-03	5.63e-01	4.30e-01
 3.69266e+22	7.12e-03	5.80e-01	4.13e-01
 3.73481e+22	7.72e-03	5.94e-01	3.98e-01
 3.77827e+22	8.54e-03	6.12e-01	3.80e-01
 3.82242e+22	9.25e-03	6.26e-01	3.65e-01
 3.86750e+22	1.03e-02	6.44e-01	3.46e-01
 3.91327e+22	1.11e-02	6.58e-01	3.31e-01
 3.94849e+22	1.18e-02	6.68e-01	3.20e-01
 3.98282e+22	1.28e-02	6.81e-01	3.06e-01
 4.02745e+22	1.41e-02	6.97e-01	2.89e-01
 4.07471e+22	1.54e-02	7.11e-01	2.73e-01
 4.12538e+22	1.72e-02	7.29e-01	2.54e-01
 4.17825e+22	1.89e-02	7.43e-01	2.38e-01
 4.23398e+22	2.13e-02	7.61e-01	2.18e-01
 4.29156e+22	2.36e-02	7.75e-01	2.01e-01
 4.35154e+22	2.69e-02	7.92e-01	1.81e-01
 4.41310e+22	3.00e-02	8.06e-01	1.65e-01
 4.46054e+22	3.24e-02	8.15e-01	1.53e-01
 4.50605e+22	3.58e-02	8.24e-01	1.40e-01
 4.55310e+22	3.91e-02	8.33e-01	1.28e-01
 4.60216e+22	4.38e-02	8.41e-01	1.15e-01
 4.65226e+22	4.81e-02	8.48e-01	1.04e-01
 4.70371e+22	5.45e-02	8.54e-01	9.18e-02
 4.75726e+22	6.07e-02	8.58e-01	8.17e-02
 4.79973e+22	6.63e-02	8.59e-01	7.43e-02
 4.83499e+22	7.18e-02	8.60e-01	6.83e-02
 4.87472e+22	7.99e-02	8.59e-01	6.11e-02
 4.91698e+22	8.86e-02	8.56e-01	5.50e-02
 4.95465e+22	9.76e-02	8.52e-01	5.00e-02
 4.98918e+22	1.07e-01	8.47e-01	4.58e-02
 5.02142e+22	1.18e-01	8.40e-01	4.22e-02
 5.05125e+22	1.29e-01	8.32e-01	3.93e-02
 5.07840e+22	1.41e-01	8.22e-01	3.69e-02
 5.10301e+22	1.53e-01	8.12e-01	3.50e-02
 5.12536e+22	1.65e-01	8.01e-01	3.35e-02
 5.14574e+22	1.78e-01	7.89e-01	3.23e-02
 5.15862e+22	1.86e-01	7.82e-01	3.20e-02
 5.16353e+22	1.89e-01	7.79e-01	3.18e-02
 5.16746e+22	1.92e-01	7.76e-01	3.16e-02
 5.17245e+22	1.96e-01	7.73e-01	3.14e-02
 5.17849e+22	2.01e-01	7.68e-01	3.11e-02
 5.18465e+22	2.06e-01	7.63e-01	3.09e-02
 5.19053e+22	2.11e-01	7.58e-01	3.06e-02
 5.19628e+22	2.16e-01	7.54e-01	3.05e-02
 5.20236e+22	2.21e-01	7.48e-01	3.03e-02
 5.20884e+22	2.28e-01	7.42e-01	3.01e-02
 5.21516e+22	2.34e-01	7.36e-01	3.00e-02
 5.22136e+22	2.40e-01	7.30e-01	2.98e-02
 5.22770e+22	2.46e-01	7.24e-01	2.97e-02
 5.23436e+22	2.54e-01	7.17e-01	2.96e-02
 5.24139e+22	2.61e-01	7.09e-01	2.96e-02
 5.24873e+22	2.69e-01	7.01e-01	2.95e-02
 5.25609e+22	2.78e-01	6.93e-01	2.95e-02
 5.26186e+22	2.84e-01	6.86e-01	2.96e-02
 5.26564e+22	2.89e-01	6.82e-01	2.96e-02
 5.26923e+22	2.93e-01	6.77e-01	2.95e-02
 5.27349e+22	2.99e-01	6.72e-01	2.95e-02
 5.27830e+22	3.05e-01	6.66e-01	2.94e-02
 5.28308e+22	3.11e-01	6.59e-01	2.94e-02
 5.28755e+22	3.17e-01	6.54e-01	2.94e-02
 5.29205e+22	3.23e-01	6.47e-01	2.93e-02
 5.29676e+22	3.30e-01	6.40e-01	2.92e-02
 5.30152e+22	3.37e-01	6.34e-01	2.91e-02
 5.30630e+22	3.44e-01	6.27e-01	2.90e-02
 5.31122e+22	3.51e-01	6.20e-01	2.89e-02
 5.31627e+22	3.59e-01	6.12e-01	2.88e-02
 5.32144e+22	3.67e-01	6.04e-01	2.86e-02
 5.32670e+22	3.76e-01	5.96e-01	2.84e-02
 5.33199e+22	3.84e-01	5.88e-01	2.82e-02
 5.33740e+22	3.93e-01	5.79e-01	2.80e-02
 5.34303e+22	4.03e-01	5.70e-01	2.77e-02
 5.34883e+22	4.13e-01	5.60e-01	2.74e-02
 5.35471e+22	4.23e-01	5.50e-01	2.71e-02
 5.36072e+22	4.33e-01	5.40e-01	2.67e-02
 5.36697e+22	4.44e-01	5.30e-01	2.62e-02
 5.37338e+22	4.56e-01	5.19e-01	2.58e-02
 5.37994e+22	4.67e-01	5.07e-01	2.53e-02
 5.38673e+22	4.80e-01	4.96e-01	2.48e-02
 5.39366e+22	4.92e-01	4.84e-01	2.42e-02
 5.40077e+22	5.05e-01	4.71e-01	2.36e-02
 5.40815e+22	5.18e-01	4.59e-01	2.30e-02
 5.41575e+22	5.32e-01	4.46e-01	2.24e-02
 5.42347e+22	5.45e-01	4.33e-01	2.17e-02
 5.43131e+22	5.59e-01	4.20e-01	2.10e-02
 5.43935e+22	5.73e-01	4.07e-01	2.02e-02
 5.44762e+22	5.87e-01	3.93e-01	1.94e-02
 5.45609e+22	6.01e-01	3.80e-01	1.87e-02
 5.46445e+22	6.15e-01	3.67e-01	1.79e-02
 5.47284e+22	6.29e-01	3.54e-01	1.72e-02
 5.48162e+22	6.42e-01	3.42e-01	1.64e-02
 5.49053e+22	6.55e-01	3.29e-01	1.56e-02
 5.49946e+22	6.68e-01	3.17e-01	1.49e-02
 5.50863e+22	6.81e-01	3.05e-01	1.41e-02
 5.51810e+22	6.94e-01	2.93e-01	1.34e-02
 5.52770e+22	7.06e-01	2.81e-01	1.27e-02
 5.53741e+22	7.18e-01	2.70e-01	1.19e-02
 5.54741e+22	7.30e-01	2.59e-01	1.12e-02
 5.55767e+22	7.41e-01	2.48e-01	1.05e-02
 5.56772e+22	7.52e-01	2.38e-01	9.87e-03
 5.57717e+22	7.61e-01	2.29e-01	9.28e-03
 5.58587e+22	7.70e-01	2.21e-01	8.77e-03
 5.59397e+22	7.78e-01	2.14e-01	8.29e-03
 5.60146e+22	7.84e-01	2.08e-01	7.88e-03
 5.60871e+22	7.91e-01	2.02e-01	7.48e-03
 5.61600e+22	7.97e-01	1.96e-01	7.13e-03
 5.62316e+22	8.03e-01	1.90e-01	6.76e-03
 5.62986e+22	8.08e-01	1.86e-01	6.46e-03
 5.63609e+22	8.13e-01	1.81e-01	6.17e-03
 5.64236e+22	8.18e-01	1.76e-01	5.89e-03
 5.64841e+22	8.22e-01	1.72e-01	5.64e-03
 5.65413e+22	8.26e-01	1.68e-01	5.41e-03
 5.65980e+22	8.30e-01	1.65e-01	5.18e-03
 5.66524e+22	8.34e-01	1.61e-01	4.97e-03
 5.67035e+22	8.37e-01	1.58e-01	4.78e-03
 5.67536e+22	8.41e-01	1.55e-01	4.59e-03
 5.68024e+22	8.44e-01	1.51e-01	4.42e-03
 5.68483e+22	8.47e-01	1.49e-01	4.26e-03
 5.68901e+22	8.50e-01	1.46e-01	4.12e-03
 5.69281e+22	8.52e-01	1.44e-01	3.99e-03
 5.69627e+22	8.55e-01	1.42e-01	3.87e-03
 5.69942e+22	8.57e-01	1.40e-01	3.77e-03
 5.70229e+22	8.58e-01	1.38e-01	3.67e-03
 5.70489e+22	8.60e-01	1.36e-01	3.59e-03
 5.70775e+22	8.62e-01	1.34e-01	3.49e-03
 5.71083e+22	8.64e-01	1.33e-01	3.40e-03
 5.71364e+22	8.66e-01	1.31e-01	3.32e-03
 5.71620e+22	8.67e-01	1.30e-01	3.25e-03
 5.71852e+22	8.68e-01	1.29e-01	3.20e-03
 5.72107e+22	8.70e-01	1.27e-01	3.11e-03
 5.72438e+22	8.72e-01	1.25e-01	3.02e-03
 5.72795e+22	8.74e-01	1.23e-01	2.93e-03
 5.73120e+22	8.76e-01	1.21e-01	2.85e-03
 5.73416e+22	8.77e-01	1.20e-01	2.79e-03
 5.73741e+22	8.79e-01	1.18e-01	2.71e-03
 5.74091e+22	8.81e-01	1.17e-01	2.64e-03
 5.74410e+22	8.82e-01	1.15e-01	2.58e-03
 5.74700e+22	8.83e-01	1.14e-01	2.52e-03
 5.74963e+22	8.84e-01	1.13e-01	2.48e-03
 5.75253e+22	8.86e-01	1.11e-01	2.40e-03
 5.75629e+22	8.88e-01	1.10e-01	2.32e-03
 5.76034e+22	8.90e-01	1.08e-01	2.26e-03
 5.76404e+22	8.91e-01	1.06e-01	2.20e-03
 5.76740e+22	8.93e-01	1.05e-01	2.15e-03
 5.77046e+22	8.94e-01	1.04e-01	2.09e-03
 5.77324e+22	8.95e-01	1.03e-01	2.05e-03
 5.77629e+22	8.97e-01	1.01e-01	1.99e-03
 5.77958e+22	8.98e-01	9.98e-02	1.93e-03
 5.78258e+22	8.99e-01	9.87e-02	1.89e-03
 5.78530e+22	9.01e-01	9.76e-02	1.84e-03
 5.78778e+22	9.02e-01	9.67e-02	1.81e-03
 5.79050e+22	9.03e-01	9.53e-02	1.76e-03
 5.79404e+22	9.04e-01	9.39e-02	1.71e-03
 5.79785e+22	9.06e-01	9.24e-02	1.66e-03
 5.80132e+22	9.07e-01	9.12e-02	1.61e-03
 5.80448e+22	9.08e-01	9.02e-02	1.58e-03
 5.80736e+22	9.09e-01	8.91e-02	1.54e-03
 5.80997e+22	9.10e-01	8.81e-02	1.50e-03
 5.81284e+22	9.12e-01	8.69e-02	1.46e-03
 5.81594e+22	9.13e-01	8.58e-02	1.43e-03
 5.81875e+22	9.14e-01	8.49e-02	1.40e-03
 5.82184e+22	9.15e-01	8.37e-02	1.36e-03
 5.82517e+22	9.16e-01	8.26e-02	1.32e-03
 5.82820e+22	9.17e-01	8.17e-02	1.29e-03
 5.83096e+22	9.18e-01	8.07e-02	1.26e-03
 5.83347e+22	9.19e-01	8.01e-02	1.24e-03
 5.83622e+22	9.20e-01	7.91e-02	1.21e-03
 5.83980e+22	9.21e-01	7.80e-02	1.18e-03
 5.84366e+22	9.22e-01	7.71e-02	1.15e-03
 5.84718e+22	9.23e-01	7.60e-02	1.12e-03
 5.85037e+22	9.24e-01	7.53e-02	1.10e-03
 5.85388e+22	9.25e-01	7.42e-02	1.07e-03
 5.85766e+22	9.26e-01	7.33e-02	1.04e-03
 5.86110e+22	9.27e-01	7.24e-02	1.01e-03
 5.86488e+22	9.28e-01	7.13e-02	9.84e-04
 5.86895e+22	9.29e-01	7.03e-02	9.58e-04
 5.87265e+22	9.30e-01	6.93e-02	9.30e-04
 5.87603e+22	9.30e-01	6.86e-02	9.12e-04
 5.87972e+22	9.32e-01	6.75e-02	8.84e-04
 5.88371e+22	9.32e-01	6.67e-02	8.61e-04
 5.88734e+22	9.33e-01	6.57e-02	8.37e-04
 5.89065e+22	9.34e-01	6.51e-02	8.22e-04
 5.89427e+22	9.35e-01	6.41e-02	7.97e-04
 5.89817e+22	9.36e-01	6.33e-02	7.77e-04
 5.90173e+22	9.37e-01	6.27e-02	7.61e-04
 5.90563e+22	9.38e-01	6.16e-02	7.36e-04
 5.90984e+22	9.38e-01	6.08e-02	7.17e-04
 5.91366e+22	9.39e-01	6.00e-02	6.97e-04
 5.91715e+22	9.40e-01	5.94e-02	6.83e-04
 5.92097e+22	9.41e-01	5.85e-02	6.63e-04
 5.92509e+22	9.42e-01	5.77e-02	6.46e-04
 5.92884e+22	9.42e-01	5.71e-02	6.32e-04
 5.93295e+22	9.43e-01	5.61e-02	6.11e-04
 5.93739e+22	9.44e-01	5.54e-02	5.95e-04
 5.94142e+22	9.45e-01	5.48e-02	5.81e-04
 5.94585e+22	9.46e-01	5.38e-02	5.61e-04
 5.95063e+22	9.46e-01	5.30e-02	5.45e-04
 5.95497e+22	9.47e-01	5.24e-02	5.32e-04
 5.95974e+22	9.48e-01	5.14e-02	5.12e-04
 5.96488e+22	9.49e-01	5.07e-02	4.98e-04
 5.96956e+22	9.50e-01	5.00e-02	4.85e-04
 5.97469e+22	9.51e-01	4.90e-02	4.66e-04
 5.98022e+22	9.51e-01	4.83e-02	4.53e-04
 5.98526e+22	9.52e-01	4.75e-02	4.38e-04
 5.98984e+22	9.53e-01	4.69e-02	4.26e-04
 5.99487e+22	9.54e-01	4.60e-02	4.11e-04
 6.00029e+22	9.54e-01	4.53e-02	3.98e-04
 6.00522e+22	9.55e-01	4.47e-02	3.87e-04
 6.01063e+22	9.56e-01	4.38e-02	3.73e-04
 6.01647e+22	9.57e-01	4.31e-02	3.61e-04
 6.02178e+22	9.57e-01	4.25e-02	3.50e-04
 6.02761e+22	9.58e-01	4.16e-02	3.37e-04
 6.03389e+22	9.59e-01	4.10e-02	3.26e-04
 6.03961e+22	9.59e-01	4.03e-02	3.15e-04
 6.04481e+22	9.60e-01	3.97e-02	3.06e-04
 6.05052e+22	9.61e-01	3.89e-02	2.94e-04
 6.05667e+22	9.61e-01	3.82e-02	2.84e-04
 6.06228e+22	9.62e-01	3.77e-02	2.76e-04
 6.06842e+22	9.63e-01	3.69e-02	2.65e-04
 6.07505e+22	9.63e-01	3.63e-02	2.56e-04
 6.08108e+22	9.64e-01	3.57e-02	2.48e-04
 6.08769e+22	9.65e-01	3.49e-02	2.37e-04
 6.09482e+22	9.65e-01	3.43e-02	2.29e-04
 6.10132e+22	9.66e-01	3.37e-02	2.21e-04
 6.10722e+22	9.67e-01	3.31e-02	2.14e-04
 6.11370e+22	9.67e-01	3.24e-02	2.05e-04
 6.12069e+22	9.68e-01	3.19e-02	1.98e-04
 6.12705e+22	9.68e-01	3.13e-02	1.91e-04
 6.13402e+22	9.69e-01	3.07e-02	1.83e-04
 6.14155e+22	9.70e-01	3.01e-02	1.76e-04
 6.14839e+22	9.70e-01	2.95e-02	1.70e-04
 6.15590e+22	9.71e-01	2.89e-02	1.63e-04
 6.16400e+22	9.71e-01	2.84e-02	1.57e-04
 6.17137e+22	9.72e-01	2.78e-02	1.51e-04
 6.17945e+22	9.73e-01	2.71e-02	1.44e-04
 6.18817e+22	9.73e-01	2.66e-02	1.38e-04
 6.19611e+22	9.74e-01	2.60e-02	1.32e-04
 6.20480e+22	9.74e-01	2.54e-02	1.26e-04
 6.21419e+22	9.75e-01	2.48e-02	1.21e-04
 6.22274e+22	9.76e-01	2.43e-02	1.15e-04
 6.23051e+22	9.76e-01	2.38e-02	1.11e-04
 6.23903e+22	9.77e-01	2.32e-02	1.06e-04
 6.25005e+22	9.77e-01	2.26e-02	9.97e-05
 6.26240e+22	9.78e-01	2.19e-02	9.38e-05
 6.27466e+22	9.79e-01	2.12e-02	8.81e-05
 6.28700e+22	9.79e-01	2.06e-02	8.27e-05
 6.29962e+22	9.80e-01	1.99e-02	7.76e-05
 6.31246e+22	9.81e-01	1.93e-02	7.27e-05
 6.32545e+22	9.81e-01	1.86e-02	6.81e-05
 6.33858e+22	9.82e-01	1.80e-02	6.38e-05
 6.35189e+22	9.82e-01	1.74e-02	5.97e-05
 6.36536e+22	9.83e-01	1.69e-02	5.58e-05
 6.37898e+22	9.84e-01	1.63e-02	5.22e-05
 6.39276e+22	9.84e-01	1.58e-02	4.88e-05
 6.40668e+22	9.85e-01	1.52e-02	4.55e-05
 6.42075e+22	9.85e-01	1.47e-02	4.25e-05
 6.43497e+22	9.86e-01	1.42e-02	3.96e-05
 6.44931e+22	9.86e-01	1.37e-02	3.70e-05
 6.46377e+22	9.87e-01	1.32e-02	3.44e-05
 6.47835e+22	9.87e-01	1.28e-02	3.21e-05
 6.49309e+22	9.88e-01	1.23e-02	2.99e-05
 6.50797e+22	9.88e-01	1.19e-02	2.78e-05
 6.52298e+22	9.89e-01	1.15e-02	2.59e-05
 6.53812e+22	9.89e-01	1.10e-02	2.41e-05
 6.55338e+22	9.89e-01	1.06e-02	2.24e-05
 6.56878e+22	9.90e-01	1.03e-02	2.08e-05
 6.58453e+22	9.90e-01	9.88e-03	1.93e-05
 6.60065e+22	9.90e-01	9.51e-03	1.79e-05
 6.61695e+22	9.91e-01	9.15e-03	1.65e-05
 6.63345e+22	9.91e-01	8.80e-03	1.53e-05
 6.65012e+22	9.92e-01	8.46e-03	1.42e-05
 6.66697e+22	9.92e-01	8.13e-03	1.31e-05
 6.68402e+22	9.92e-01	7.81e-03	1.21e-05
 6.70129e+22	9.92e-01	7.50e-03	1.12e-05
 6.71885e+22	9.93e-01	7.20e-03	1.03e-05
 6.73670e+22	9.93e-01	6.91e-03	9.48e-06
 6.75502e+22	9.93e-01	6.63e-03	8.71e-06
 6.77382e+22	9.94e-01	6.35e-03	8.00e-06
 6.79292e+22	9.94e-01	6.08e-03	7.33e-06
 6.81234e+22	9.94e-01	5.81e-03	6.71e-06
 6.83209e+22	9.94e-01	5.56e-03	6.14e-06
 6.85221e+22	9.95e-01	5.31e-03	5.61e-06
 6.87270e+22	9.95e-01	5.07e-03	5.12e-06
 6.89362e+22	9.95e-01	4.84e-03	4.66e-06
 6.91506e+22	9.95e-01	4.61e-03	4.24e-06
 6.93702e+22	9.96e-01	4.40e-03	3.84e-06
 6.95943e+22	9.96e-01	4.18e-03	3.48e-06
 6.98236e+22	9.96e-01	3.98e-03	3.15e-06
 7.00584e+22	9.96e-01	3.78e-03	2.84e-06
 7.02984e+22	9.96e-01	3.59e-03	2.56e-06
 7.05418e+22	9.97e-01	3.40e-03	2.31e-06
 7.07878e+22	9.97e-01	3.23e-03	2.07e-06
 7.10366e+22	9.97e-01	3.06e-03	1.86e-06
 7.12878e+22	9.97e-01	2.90e-03	1.67e-06
 7.15414e+22	9.97e-01	2.75e-03	1.50e-06
 7.17974e+22	9.97e-01	2.60e-03	1.35e-06
 7.20560e+22	9.98e-01	2.46e-03	1.21e-06
 7.23172e+22	9.98e-01	2.33e-03	1.08e-06
 7.25812e+22	9.98e-01	2.21e-03	9.70e-07
 7.28482e+22	9.98e-01	2.09e-03	8.67e-07
 7.31181e+22	9.98e-01	1.97e-03	7.75e-07
 7.33899e+22	9.98e-01	1.86e-03	6.92e-07
 7.36645e+22	9.98e-01	1.76e-03	6.18e-07
 7.39420e+22	9.98e-01	1.66e-03	5.51e-07
 7.42226e+22	9.98e-01	1.57e-03	4.90e-07
 7.45071e+22	9.99e-01	1.48e-03	4.36e-07
 7.47949e+22	9.99e-01	1.39e-03	3.87e-07
 7.50860e+22	9.99e-01	1.31e-03	3.44e-07
 7.53805e+22	9.99e-01	1.24e-03	3.04e-07
 7.56724e+22	9.99e-01	1.17e-03	2.70e-07
 7.59503e+22	9.99e-01	1.10e-03	2.42e-07
 7.62085e+22	9.99e-01	1.05e-03	2.19e-07
 7.64495e+22	9.99e-01	9.99e-04	1.99e-07
 7.66782e+22	9.99e-01	9.54e-04	1.81e-07
 7.68970e+22	9.99e-01	9.14e-04	1.66e-07
 7.71059e+22	9.99e-01	8.77e-04	1.53e-07
 7.73040e+22	9.99e-01	8.43e-04	1.41e-07
 7.74913e+22	9.99e-01	8.12e-04	1.31e-07
 7.76688e+22	9.99e-01	7.84e-04	1.22e-07
 7.78380e+22	9.99e-01	7.58e-04	1.14e-07
 7.79996e+22	9.99e-01	7.35e-04	1.07e-07
 7.81522e+22	9.99e-01	7.13e-04	1.01e-07
 7.82964e+22	9.99e-01	6.93e-04	9.55e-08
 7.84349e+22	9.99e-01	6.74e-04	9.04e-08
 7.85689e+22	9.99e-01	6.57e-04	8.57e-08
 7.86978e+22	9.99e-01	6.40e-04	8.14e-08
 7.88210e+22	9.99e-01	6.25e-04	7.76e-08
 7.89383e+22	9.99e-01	6.10e-04	7.40e-08
 7.90508e+22	9.99e-01	5.97e-04	7.08e-08
 7.91594e+22	9.99e-01	5.83e-04	6.76e-08
 7.92651e+22	9.99e-01	5.72e-04	6.49e-08
 7.93675e+22	9.99e-01	5.60e-04	6.22e-08
 7.94664e+22	9.99e-01	5.49e-04	5.98e-08
 7.95623e+22	9.99e-01	5.38e-04	5.76e-08
 7.96557e+22	9.99e-01	5.28e-04	5.55e-08
 7.97471e+22	9.99e-01	5.19e-04	5.34e-08
 7.98369e+22	9.99e-01	5.09e-04	5.15e-08
 7.99254e+22	9.99e-01	5.00e-04	4.97e-08
 8.00128e+22	1.00e+00	4.92e-04	4.80e-08
 8.00994e+22	1.00e+00	4.83e-04	4.63e-08
 8.01858e+22	1.00e+00	4.75e-04	4.47e-08
 8.02723e+22	1.00e+00	4.66e-04	4.32e-08
 8.03593e+22	1.00e+00	4.58e-04	4.17e-08
 8.04470e+22	1.00e+00	4.50e-04	4.02e-08
 8.05361e+22	1.00e+00	4.42e-04	3.88e-08
 8.06275e+22	1.00e+00	4.33e-04	3.73e-08
 8.07215e+22	1.00e+00	4.25e-04	3.59e-08
 8.08189e+22	1.00e+00	4.16e-04	3.44e-08
 8.09198e+22	1.00e+00	4.08e-04	3.30e-08
 8.10247e+22	1.00e+00	3.99e-04	3.17e-08
 8.11341e+22	1.00e+00	3.90e-04	3.03e-08
 8.12489e+22	1.00e+00	3.81e-04	2.88e-08
 8.13716e+22	1.00e+00	3.71e-04	2.73e-08
 8.15032e+22	1.00e+00	3.61e-04	2.59e-08
 8.16426e+22	1.00e+00	3.50e-04	2.44e-08
 8.17894e+22	1.00e+00	3.40e-04	2.29e-08
 8.19458e+22	1.00e+00	3.28e-04	2.14e-08
 8.21146e+22	1.00e+00	3.17e-04	1.99e-08
 8.22970e+22	1.00e+00	3.04e-04	1.84e-08
 8.24927e+22	1.00e+00	2.92e-04	1.69e-08
 8.27019e+22	1.00e+00	2.79e-04	1.55e-08
 8.29264e+22	1.00e+00	2.66e-04	1.40e-08
 8.31688e+22	1.00e+00	2.52e-04	1.26e-08
 8.34307e+22	1.00e+00	2.38e-04	1.13e-08
 8.37141e+22	1.00e+00	2.24e-04	9.95e-09
 8.40217e+22	1.00e+00	2.09e-04	8.67e-09
 8.43563e+22	1.00e+00	1.94e-04	7.48e-09
 8.47191e+22	1.00e+00	1.79e-04	6.36e-09
 8.51120e+22	1.00e+00	1.63e-04	5.32e-09
 8.55387e+22	1.00e+00	1.48e-04	4.38e-09
 8.60000e+22	1.00e+00	1.33e-04	3.54e-09
 8.64931e+22	1.00e+00	1.19e-04	2.82e-09
 8.70123e+22	1.00e+00	1.05e-04	2.21e-09
 8.75479e+22	1.00e+00	9.27e-05	1.72e-09
 8.80861e+22	1.00e+00	8.16e-05	1.33e-09
 8.86093e+22	1.00e+00	7.21e-05	1.04e-09
 8.90994e+22	1.00e+00	6.42e-05	8.27e-10
 8.95421e+22	1.00e+00	5.79e-05	6.72e-10
 8.99163e+22	1.00e+00	5.31e-05	5.67e-10
 9.02068e+22	1.00e+00	4.98e-05	4.98e-10
 9.04267e+22	1.00e+00	4.73e-05	4.51e-10
 9.06005e+22	1.00e+00	4.55e-05	4.16e-10
 9.07466e+22	1.00e+00	4.39e-05	3.88e-10
 9.08737e+22	1.00e+00	4.26e-05	3.65e-10
 9.09856e+22	1.00e+00	4.15e-05	3.46e-10
 9.10859e+22	1.00e+00	4.05e-05	3.30e-10
 9.11780e+22	1.00e+00	3.96e-05	3.16e-10
 9.12643e+22	1.00e+00	3.89e-05	3.04e-10
 9.13460e+22	1.00e+00	3.82e-05	2.93e-10
 9.14238e+22	1.00e+00	3.75e-05	2.84e-10
 9.14983e+22	1.00e+00	3.70e-05	2.75e-10
 9.15708e+22	1.00e+00	3.64e-05	2.67e-10
 9.16420e+22	1.00e+00	3.60e-05	2.60e-10
 9.17122e+22	1.00e+00	3.55e-05	2.54e-10
 9.17819e+22	1.00e+00	3.51e-05	2.49e-10
 9.18516e+22	1.00e+00	3.48e-05	2.44e-10
 9.19216e+22	1.00e+00	3.45e-05	2.40e-10
 9.19923e+22	1.00e+00	3.42e-05	2.36e-10
 9.20641e+22	1.00e+00	3.40e-05	2.33e-10
 9.21373e+22	1.00e+00	3.38e-05	2.30e-10
 9.22127e+22	1.00e+00	3.36e-05	2.28e-10
 9.22902e+22	1.00e+00	3.34e-05	2.25e-10
 9.23689e+22	1.00e+00	3.33e-05	2.23e-10
 9.24525e+22	1.00e+00	3.31e-05	2.21e-10
 9.25335e+22	1.00e+00	3.30e-05	2.20e-10
