#depth	O	O+	O+2	O+3	O+4	O+5	O+6	O+7	O+8	O[1]	O[2]	O[3]
 1.54284e+22	2.78e-08	1.85e-04	3.80e-02	3.84e-01	3.51e-01	1.65e-01	6.04e-02	1.13e-03	5.24e-06	2.78e-08	9.38e-17	1.13e-16
 3.56724e+22	9.81e-08	4.46e-04	6.57e-02	4.70e-01	3.16e-01	1.15e-01	3.15e-02	4.14e-04	1.36e-06	9.81e-08	3.80e-16	4.59e-16
 4.28959e+22	1.79e-07	6.69e-04	8.38e-02	5.06e-01	2.93e-01	9.40e-02	2.24e-02	2.47e-04	6.86e-07	1.79e-07	7.50e-16	9.06e-16
 4.72200e+22	2.84e-07	9.14e-04	1.00e-01	5.30e-01	2.73e-01	7.90e-02	1.69e-02	1.62e-04	3.93e-07	2.84e-07	1.27e-15	1.53e-15
 4.99307e+22	3.43e-07	1.04e-03	1.08e-01	5.38e-01	2.64e-01	7.33e-02	1.49e-02	1.35e-04	3.11e-07	3.43e-07	1.57e-15	1.89e-15
 5.17575e+22	4.37e-07	1.22e-03	1.18e-01	5.48e-01	2.53e-01	6.64e-02	1.28e-02	1.07e-04	2.29e-07	4.37e-07	2.07e-15	2.49e-15
 5.36935e+22	5.41e-07	1.40e-03	1.28e-01	5.56e-01	2.42e-01	6.07e-02	1.11e-02	8.74e-05	1.75e-07	5.41e-07	2.62e-15	3.16e-15
 5.57713e+22	7.06e-07	1.67e-03	1.41e-01	5.64e-01	2.30e-01	5.39e-02	9.27e-03	6.70e-05	1.24e-07	7.06e-07	3.55e-15	4.26e-15
 5.78746e+22	8.75e-07	1.92e-03	1.52e-01	5.70e-01	2.19e-01	4.88e-02	7.97e-03	5.37e-05	0.00e+00	8.75e-07	4.52e-15	5.43e-15
 5.95535e+22	1.04e-06	2.15e-03	1.62e-01	5.74e-01	2.10e-01	4.50e-02	7.04e-03	4.48e-05	0.00e+00	1.04e-06	5.49e-15	6.59e-15
 6.12788e+22	1.28e-06	2.47e-03	1.74e-01	5.77e-01	2.00e-01	4.06e-02	6.04e-03	3.59e-05	0.00e+00	1.28e-06	6.98e-15	8.37e-15
 6.30477e+22	1.53e-06	2.77e-03	1.85e-01	5.79e-01	1.91e-01	3.71e-02	5.29e-03	2.96e-05	0.00e+00	1.53e-06	8.52e-15	1.02e-14
 6.46299e+22	1.82e-06	3.09e-03	1.97e-01	5.80e-01	1.82e-01	3.40e-02	4.65e-03	2.45e-05	0.00e+00	1.82e-06	1.03e-14	1.24e-14
 6.64429e+22	2.25e-06	3.55e-03	2.11e-01	5.79e-01	1.72e-01	3.03e-02	3.94e-03	1.93e-05	0.00e+00	2.25e-06	1.32e-14	1.58e-14
 6.82756e+22	2.68e-06	3.98e-03	2.24e-01	5.78e-01	1.63e-01	2.75e-02	3.42e-03	1.57e-05	0.00e+00	2.68e-06	1.62e-14	1.93e-14
 6.98807e+22	3.18e-06	4.44e-03	2.37e-01	5.76e-01	1.55e-01	2.50e-02	2.98e-03	1.29e-05	0.00e+00	3.18e-06	1.97e-14	2.35e-14
 7.17145e+22	3.94e-06	5.10e-03	2.53e-01	5.73e-01	1.45e-01	2.22e-02	2.51e-03	1.01e-05	0.00e+00	3.94e-06	2.51e-14	3.00e-14
 7.35733e+22	4.69e-06	5.70e-03	2.67e-01	5.68e-01	1.37e-01	2.00e-02	2.16e-03	8.14e-06	0.00e+00	4.69e-06	3.07e-14	3.66e-14
 7.52112e+22	5.56e-06	6.35e-03	2.81e-01	5.63e-01	1.29e-01	1.80e-02	1.87e-03	6.61e-06	0.00e+00	5.56e-06	3.74e-14	4.45e-14
 7.70871e+22	6.86e-06	7.27e-03	3.00e-01	5.56e-01	1.20e-01	1.58e-02	1.56e-03	5.09e-06	0.00e+00	6.86e-06	4.78e-14	5.69e-14
 7.89939e+22	8.16e-06	8.11e-03	3.16e-01	5.49e-01	1.12e-01	1.42e-02	1.33e-03	4.07e-06	0.00e+00	8.16e-06	5.85e-14	6.96e-14
 8.06857e+22	9.67e-06	9.03e-03	3.31e-01	5.41e-01	1.05e-01	1.27e-02	1.14e-03	3.27e-06	0.00e+00	9.67e-06	7.13e-14	8.48e-14
 8.26299e+22	1.20e-05	1.03e-02	3.52e-01	5.29e-01	9.67e-02	1.10e-02	9.41e-04	2.48e-06	0.00e+00	1.20e-05	9.16e-14	1.09e-13
 8.46062e+22	1.42e-05	1.15e-02	3.69e-01	5.19e-01	8.98e-02	9.73e-03	7.96e-04	1.95e-06	0.00e+00	1.42e-05	1.12e-13	1.33e-13
 8.66244e+22	1.76e-05	1.32e-02	3.91e-01	5.05e-01	8.19e-02	8.34e-03	6.46e-04	1.45e-06	0.00e+00	1.76e-05	1.45e-13	1.72e-13
 8.86692e+22	2.10e-05	1.47e-02	4.10e-01	4.92e-01	7.55e-02	7.32e-03	5.42e-04	1.13e-06	0.00e+00	2.10e-05	1.79e-13	2.12e-13
 8.98513e+22	2.21e-05	1.52e-02	4.16e-01	4.88e-01	7.34e-02	7.01e-03	5.10e-04	1.04e-06	0.00e+00	2.21e-05	1.90e-13	2.25e-13
 9.04906e+22	2.35e-05	1.58e-02	4.23e-01	4.83e-01	7.14e-02	6.69e-03	4.79e-04	9.51e-07	0.00e+00	2.35e-05	2.05e-13	2.43e-13
 9.13217e+22	2.57e-05	1.67e-02	4.32e-01	4.76e-01	6.84e-02	6.25e-03	4.37e-04	8.36e-07	0.00e+00	2.57e-05	2.28e-13	2.70e-13
 9.24022e+22	2.86e-05	1.79e-02	4.44e-01	4.67e-01	6.49e-02	5.74e-03	3.91e-04	7.13e-07	0.00e+00	2.86e-05	2.60e-13	3.07e-13
 9.38067e+22	3.31e-05	1.96e-02	4.60e-01	4.54e-01	6.03e-02	5.11e-03	3.34e-04	5.73e-07	0.00e+00	3.31e-05	3.11e-13	3.67e-13
 9.56327e+22	4.01e-05	2.21e-02	4.81e-01	4.37e-01	5.46e-02	4.37e-03	2.72e-04	4.29e-07	0.00e+00	4.01e-05	3.92e-13	4.61e-13
 9.75758e+22	4.67e-05	2.43e-02	4.99e-01	4.22e-01	5.01e-02	3.82e-03	2.28e-04	3.34e-07	0.00e+00	4.67e-05	4.74e-13	5.57e-13
 9.96713e+22	5.75e-05	2.76e-02	5.23e-01	4.02e-01	4.46e-02	3.19e-03	1.80e-04	2.40e-07	0.00e+00	5.75e-05	6.12e-13	7.17e-13
 1.01550e+23	6.52e-05	2.98e-02	5.38e-01	3.88e-01	4.11e-02	2.83e-03	1.53e-04	1.92e-07	0.00e+00	6.52e-05	7.15e-13	8.36e-13
 1.03146e+23	7.55e-05	3.26e-02	5.55e-01	3.73e-01	3.76e-02	2.47e-03	1.29e-04	1.50e-07	0.00e+00	7.55e-05	8.60e-13	1.00e-12
 1.04819e+23	8.56e-05	3.51e-02	5.69e-01	3.59e-01	3.46e-02	2.18e-03	1.10e-04	0.00e+00	0.00e+00	8.56e-05	1.01e-12	1.17e-12
 1.06593e+23	1.01e-04	3.89e-02	5.87e-01	3.41e-01	3.11e-02	1.86e-03	8.92e-05	0.00e+00	0.00e+00	1.01e-04	1.24e-12	1.44e-12
 1.08360e+23	1.14e-04	4.18e-02	6.02e-01	3.26e-01	2.85e-02	1.63e-03	7.53e-05	0.00e+00	0.00e+00	1.14e-04	1.45e-12	1.68e-12
 1.10121e+23	1.33e-04	4.60e-02	6.18e-01	3.09e-01	2.56e-02	1.39e-03	6.14e-05	0.00e+00	0.00e+00	1.33e-04	1.78e-12	2.04e-12
 1.11919e+23	1.51e-04	4.96e-02	6.32e-01	2.93e-01	2.32e-02	1.21e-03	5.12e-05	0.00e+00	0.00e+00	1.51e-04	2.09e-12	2.40e-12
 1.13768e+23	1.78e-04	5.47e-02	6.49e-01	2.75e-01	2.05e-02	1.01e-03	4.08e-05	0.00e+00	0.00e+00	1.78e-04	2.59e-12	2.94e-12
 1.15624e+23	2.01e-04	5.87e-02	6.62e-01	2.60e-01	1.85e-02	8.73e-04	3.40e-05	0.00e+00	0.00e+00	2.01e-04	3.04e-12	3.44e-12
 1.17490e+23	2.35e-04	6.45e-02	6.76e-01	2.42e-01	1.63e-02	7.28e-04	2.70e-05	0.00e+00	0.00e+00	2.35e-04	3.75e-12	4.21e-12
 1.19401e+23	2.66e-04	6.93e-02	6.88e-01	2.27e-01	1.46e-02	6.21e-04	2.21e-05	0.00e+00	0.00e+00	2.66e-04	4.44e-12	4.95e-12
 1.21370e+23	3.13e-04	7.64e-02	7.01e-01	2.09e-01	1.27e-02	5.09e-04	1.72e-05	0.00e+00	0.00e+00	3.13e-04	5.54e-12	6.11e-12
 1.23370e+23	3.55e-04	8.21e-02	7.11e-01	1.95e-01	1.12e-02	4.29e-04	1.39e-05	0.00e+00	0.00e+00	3.55e-04	6.59e-12	7.20e-12
 1.25411e+23	4.21e-04	9.07e-02	7.22e-01	1.77e-01	9.58e-03	3.45e-04	1.06e-05	0.00e+00	0.00e+00	4.21e-04	8.31e-12	8.97e-12
 1.27472e+23	4.76e-04	9.74e-02	7.30e-01	1.63e-01	8.41e-03	2.88e-04	8.51e-06	0.00e+00	0.00e+00	4.76e-04	9.90e-12	1.06e-11
 1.29559e+23	5.63e-04	1.08e-01	7.38e-01	1.47e-01	7.15e-03	2.30e-04	6.44e-06	0.00e+00	0.00e+00	5.63e-04	1.25e-11	1.32e-11
 1.31681e+23	6.41e-04	1.16e-01	7.43e-01	1.34e-01	6.19e-03	1.89e-04	5.07e-06	0.00e+00	0.00e+00	6.41e-04	1.50e-11	1.56e-11
 1.33849e+23	7.66e-04	1.28e-01	7.47e-01	1.18e-01	5.17e-03	1.47e-04	3.75e-06	0.00e+00	0.00e+00	7.66e-04	1.92e-11	1.96e-11
 1.36005e+23	8.68e-04	1.38e-01	7.50e-01	1.07e-01	4.46e-03	1.20e-04	2.94e-06	0.00e+00	0.00e+00	8.68e-04	2.30e-11	2.31e-11
 1.38143e+23	1.04e-03	1.53e-01	7.49e-01	9.37e-02	3.71e-03	9.26e-05	2.16e-06	0.00e+00	0.00e+00	1.04e-03	2.96e-11	2.90e-11
 1.40285e+23	1.18e-03	1.65e-01	7.47e-01	8.37e-02	3.18e-03	7.49e-05	1.68e-06	0.00e+00	0.00e+00	1.18e-03	3.56e-11	3.43e-11
 1.42433e+23	1.42e-03	1.83e-01	7.41e-01	7.21e-02	2.61e-03	5.67e-05	1.22e-06	0.00e+00	0.00e+00	1.42e-03	4.62e-11	4.33e-11
 1.44575e+23	1.62e-03	1.97e-01	7.35e-01	6.36e-02	2.23e-03	4.54e-05	9.42e-07	0.00e+00	0.00e+00	1.62e-03	5.60e-11	5.15e-11
 1.46710e+23	1.96e-03	2.20e-01	7.22e-01	5.37e-02	1.81e-03	3.36e-05	6.71e-07	0.00e+00	0.00e+00	1.96e-03	7.34e-11	6.56e-11
 1.48830e+23	2.25e-03	2.38e-01	7.12e-01	4.68e-02	1.54e-03	2.65e-05	5.16e-07	0.00e+00	0.00e+00	2.25e-03	8.93e-11	7.82e-11
 1.50930e+23	2.73e-03	2.65e-01	6.92e-01	3.87e-02	1.25e-03	1.93e-05	3.65e-07	0.00e+00	0.00e+00	2.73e-03	1.18e-10	1.00e-10
 1.53025e+23	3.17e-03	2.88e-01	6.75e-01	3.30e-02	1.05e-03	1.49e-05	2.77e-07	0.00e+00	0.00e+00	3.17e-03	1.45e-10	1.21e-10
 1.55114e+23	3.87e-03	3.21e-01	6.47e-01	2.67e-02	8.46e-04	1.06e-05	1.93e-07	0.00e+00	0.00e+00	3.87e-03	1.91e-10	1.55e-10
 1.57206e+23	4.55e-03	3.50e-01	6.22e-01	2.22e-02	7.05e-04	7.88e-06	1.44e-07	0.00e+00	0.00e+00	4.55e-03	2.38e-10	1.89e-10
 1.59303e+23	5.61e-03	3.90e-01	5.86e-01	1.74e-02	5.62e-04	5.38e-06	0.00e+00	0.00e+00	0.00e+00	5.61e-03	3.17e-10	2.45e-10
 1.61407e+23	6.68e-03	4.26e-01	5.53e-01	1.39e-02	4.63e-04	3.86e-06	0.00e+00	0.00e+00	0.00e+00	6.68e-03	3.99e-10	3.03e-10
 1.63236e+23	7.97e-03	4.63e-01	5.18e-01	1.11e-02	3.82e-04	2.74e-06	0.00e+00	0.00e+00	0.00e+00	7.97e-03	5.03e-10	3.75e-10
 1.65329e+23	9.95e-03	5.11e-01	4.70e-01	8.17e-03	2.99e-04	1.75e-06	0.00e+00	0.00e+00	0.00e+00	9.95e-03	6.72e-10	4.92e-10
 1.67467e+23	1.22e-02	5.56e-01	4.25e-01	6.07e-03	2.39e-04	1.14e-06	0.00e+00	0.00e+00	0.00e+00	1.22e-02	8.66e-10	6.24e-10
 1.69275e+23	1.46e-02	5.97e-01	3.83e-01	4.57e-03	1.95e-04	7.65e-07	0.00e+00	0.00e+00	0.00e+00	1.46e-02	1.09e-09	7.77e-10
 1.70832e+23	1.72e-02	6.32e-01	3.47e-01	3.54e-03	1.63e-04	5.36e-07	0.00e+00	0.00e+00	0.00e+00	1.72e-02	1.33e-09	9.35e-10
 1.72450e+23	2.09e-02	6.73e-01	3.03e-01	2.55e-03	1.29e-04	3.38e-07	0.00e+00	0.00e+00	0.00e+00	2.09e-02	1.69e-09	1.18e-09
 1.74149e+23	2.54e-02	7.11e-01	2.61e-01	1.81e-03	1.02e-04	2.11e-07	0.00e+00	0.00e+00	0.00e+00	2.54e-02	2.14e-09	1.48e-09
 1.75655e+23	3.07e-02	7.44e-01	2.23e-01	1.29e-03	8.08e-05	1.33e-07	0.00e+00	0.00e+00	0.00e+00	3.07e-02	2.68e-09	1.84e-09
 1.77075e+23	3.71e-02	7.74e-01	1.88e-01	9.06e-04	6.33e-05	0.00e+00	0.00e+00	0.00e+00	0.00e+00	3.71e-02	3.35e-09	2.29e-09
 1.78442e+23	4.51e-02	7.99e-01	1.55e-01	6.24e-04	4.87e-05	0.00e+00	0.00e+00	0.00e+00	0.00e+00	4.51e-02	4.21e-09	2.87e-09
 1.79726e+23	5.48e-02	8.19e-01	1.26e-01	4.27e-04	3.71e-05	0.00e+00	0.00e+00	0.00e+00	0.00e+00	5.48e-02	5.27e-09	3.57e-09
 1.80918e+23	6.69e-02	8.32e-01	1.01e-01	2.90e-04	2.78e-05	0.00e+00	0.00e+00	0.00e+00	0.00e+00	6.69e-02	6.59e-09	4.44e-09
 1.82016e+23	8.11e-02	8.39e-01	7.96e-02	1.98e-04	2.07e-05	0.00e+00	0.00e+00	0.00e+00	0.00e+00	8.11e-02	8.16e-09	5.48e-09
 1.83026e+23	9.85e-02	8.39e-01	6.20e-02	1.35e-04	1.51e-05	0.00e+00	0.00e+00	0.00e+00	0.00e+00	9.85e-02	1.01e-08	6.75e-09
 1.83943e+23	1.19e-01	8.33e-01	4.80e-02	9.41e-05	1.09e-05	0.00e+00	0.00e+00	0.00e+00	0.00e+00	1.19e-01	1.23e-08	8.21e-09
 1.84751e+23	1.41e-01	8.21e-01	3.73e-02	6.74e-05	7.97e-06	0.00e+00	0.00e+00	0.00e+00	0.00e+00	1.41e-01	1.47e-08	9.81e-09
 1.85477e+23	1.67e-01	8.04e-01	2.89e-02	4.92e-05	5.79e-06	0.00e+00	0.00e+00	0.00e+00	0.00e+00	1.67e-01	1.74e-08	1.16e-08
 1.86139e+23	1.96e-01	7.82e-01	2.25e-02	3.66e-05	4.20e-06	0.00e+00	0.00e+00	0.00e+00	0.00e+00	1.96e-01	2.02e-08	1.35e-08
 1.86742e+23	2.27e-01	7.56e-01	1.75e-02	2.78e-05	3.05e-06	0.00e+00	0.00e+00	0.00e+00	0.00e+00	2.27e-01	2.32e-08	1.54e-08
 1.87294e+23	2.60e-01	7.27e-01	1.36e-02	2.15e-05	2.23e-06	0.00e+00	0.00e+00	0.00e+00	0.00e+00	2.60e-01	2.62e-08	1.74e-08
 1.87809e+23	2.95e-01	6.94e-01	1.07e-02	1.69e-05	1.62e-06	0.00e+00	0.00e+00	0.00e+00	0.00e+00	2.95e-01	2.92e-08	1.93e-08
 1.88292e+23	3.32e-01	6.59e-01	8.35e-03	1.34e-05	1.19e-06	0.00e+00	0.00e+00	0.00e+00	0.00e+00	3.32e-01	3.21e-08	2.12e-08
 1.88743e+23	3.70e-01	6.23e-01	6.57e-03	1.08e-05	8.73e-07	0.00e+00	0.00e+00	0.00e+00	0.00e+00	3.70e-01	3.47e-08	2.29e-08
 1.89144e+23	4.06e-01	5.89e-01	5.27e-03	8.93e-06	6.60e-07	0.00e+00	0.00e+00	0.00e+00	0.00e+00	4.06e-01	3.69e-08	2.43e-08
 1.89485e+23	4.37e-01	5.58e-01	4.35e-03	7.61e-06	5.18e-07	0.00e+00	0.00e+00	0.00e+00	0.00e+00	4.37e-01	3.85e-08	2.54e-08
 1.89784e+23	4.65e-01	5.31e-01	3.67e-03	6.62e-06	4.18e-07	0.00e+00	0.00e+00	0.00e+00	0.00e+00	4.65e-01	3.98e-08	2.62e-08
 1.90043e+23	4.90e-01	5.07e-01	3.16e-03	5.88e-06	3.47e-07	0.00e+00	0.00e+00	0.00e+00	0.00e+00	4.90e-01	4.08e-08	2.68e-08
 1.90274e+23	5.11e-01	4.86e-01	2.76e-03	5.29e-06	2.93e-07	0.00e+00	0.00e+00	0.00e+00	0.00e+00	5.11e-01	4.15e-08	2.73e-08
 1.90519e+23	5.34e-01	4.64e-01	2.39e-03	4.74e-06	2.45e-07	0.00e+00	0.00e+00	0.00e+00	0.00e+00	5.34e-01	4.22e-08	2.77e-08
 1.90786e+23	5.58e-01	4.40e-01	2.05e-03	4.22e-06	2.03e-07	0.00e+00	0.00e+00	0.00e+00	0.00e+00	5.58e-01	4.28e-08	2.81e-08
 1.91049e+23	5.81e-01	4.17e-01	1.76e-03	3.78e-06	1.68e-07	0.00e+00	0.00e+00	0.00e+00	0.00e+00	5.81e-01	4.31e-08	2.83e-08
 1.91249e+23	5.96e-01	4.02e-01	1.58e-03	3.50e-06	1.48e-07	0.00e+00	0.00e+00	0.00e+00	0.00e+00	5.96e-01	4.33e-08	2.84e-08
 1.91379e+23	6.07e-01	3.92e-01	1.47e-03	3.33e-06	1.36e-07	0.00e+00	0.00e+00	0.00e+00	0.00e+00	6.07e-01	4.34e-08	2.84e-08
 1.91508e+23	6.17e-01	3.82e-01	1.37e-03	3.16e-06	1.25e-07	0.00e+00	0.00e+00	0.00e+00	0.00e+00	6.17e-01	4.34e-08	2.84e-08
 1.91664e+23	6.28e-01	3.70e-01	1.26e-03	2.98e-06	0.00e+00	0.00e+00	0.00e+00	0.00e+00	0.00e+00	6.28e-01	4.35e-08	2.85e-08
 1.91836e+23	6.42e-01	3.57e-01	1.14e-03	2.78e-06	0.00e+00	0.00e+00	0.00e+00	0.00e+00	0.00e+00	6.42e-01	4.35e-08	2.84e-08
 1.92003e+23	6.53e-01	3.46e-01	1.04e-03	2.63e-06	0.00e+00	0.00e+00	0.00e+00	0.00e+00	0.00e+00	6.53e-01	4.34e-08	2.84e-08
 1.92165e+23	6.64e-01	3.35e-01	9.55e-04	2.47e-06	0.00e+00	0.00e+00	0.00e+00	0.00e+00	0.00e+00	6.64e-01	4.33e-08	2.83e-08
 1.92331e+23	6.75e-01	3.24e-01	8.75e-04	2.34e-06	0.00e+00	0.00e+00	0.00e+00	0.00e+00	0.00e+00	6.75e-01	4.32e-08	2.83e-08
 1.92506e+23	6.86e-01	3.13e-01	7.97e-04	2.20e-06	0.00e+00	0.00e+00	0.00e+00	0.00e+00	0.00e+00	6.86e-01	4.31e-08	2.82e-08
 1.92689e+23	6.97e-01	3.02e-01	7.23e-04	2.06e-06	0.00e+00	0.00e+00	0.00e+00	0.00e+00	0.00e+00	6.97e-01	4.29e-08	2.80e-08
 1.92869e+23	7.08e-01	2.92e-01	6.60e-04	1.95e-06	0.00e+00	0.00e+00	0.00e+00	0.00e+00	0.00e+00	7.08e-01	4.27e-08	2.79e-08
 1.93050e+23	7.18e-01	2.82e-01	6.02e-04	1.84e-06	0.00e+00	0.00e+00	0.00e+00	0.00e+00	0.00e+00	7.18e-01	4.25e-08	2.77e-08
 1.93241e+23	7.28e-01	2.72e-01	5.47e-04	1.73e-06	0.00e+00	0.00e+00	0.00e+00	0.00e+00	0.00e+00	7.28e-01	4.22e-08	2.75e-08
 1.93440e+23	7.38e-01	2.62e-01	4.96e-04	1.63e-06	0.00e+00	0.00e+00	0.00e+00	0.00e+00	0.00e+00	7.38e-01	4.20e-08	2.73e-08
 1.93644e+23	7.48e-01	2.52e-01	4.49e-04	1.54e-06	0.00e+00	0.00e+00	0.00e+00	0.00e+00	0.00e+00	7.48e-01	4.16e-08	2.71e-08
 1.93848e+23	7.56e-01	2.43e-01	4.08e-04	1.45e-06	0.00e+00	0.00e+00	0.00e+00	0.00e+00	0.00e+00	7.56e-01	4.14e-08	2.69e-08
 1.94060e+23	7.66e-01	2.34e-01	3.70e-04	1.37e-06	0.00e+00	0.00e+00	0.00e+00	0.00e+00	0.00e+00	7.66e-01	4.10e-08	2.67e-08
 1.94283e+23	7.75e-01	2.25e-01	3.34e-04	1.29e-06	0.00e+00	0.00e+00	0.00e+00	0.00e+00	0.00e+00	7.75e-01	4.07e-08	2.64e-08
 1.94508e+23	7.83e-01	2.16e-01	3.03e-04	1.22e-06	0.00e+00	0.00e+00	0.00e+00	0.00e+00	0.00e+00	7.83e-01	4.03e-08	2.62e-08
 1.94737e+23	7.92e-01	2.08e-01	2.74e-04	1.15e-06	0.00e+00	0.00e+00	0.00e+00	0.00e+00	0.00e+00	7.92e-01	4.00e-08	2.59e-08
 1.94977e+23	8.00e-01	2.00e-01	2.48e-04	1.08e-06	0.00e+00	0.00e+00	0.00e+00	0.00e+00	0.00e+00	8.00e-01	3.96e-08	2.57e-08
 1.95227e+23	8.08e-01	1.92e-01	2.24e-04	1.02e-06	0.00e+00	0.00e+00	0.00e+00	0.00e+00	0.00e+00	8.08e-01	3.92e-08	2.54e-08
 1.95483e+23	8.15e-01	1.85e-01	2.02e-04	9.61e-07	0.00e+00	0.00e+00	0.00e+00	0.00e+00	0.00e+00	8.15e-01	3.88e-08	2.52e-08
 1.95747e+23	8.23e-01	1.77e-01	1.83e-04	9.06e-07	0.00e+00	0.00e+00	0.00e+00	0.00e+00	0.00e+00	8.23e-01	3.85e-08	2.49e-08
 1.96023e+23	8.30e-01	1.70e-01	1.66e-04	8.54e-07	0.00e+00	0.00e+00	0.00e+00	0.00e+00	0.00e+00	8.30e-01	3.81e-08	2.46e-08
 1.96309e+23	8.37e-01	1.63e-01	1.50e-04	8.05e-07	0.00e+00	0.00e+00	0.00e+00	0.00e+00	0.00e+00	8.37e-01	3.77e-08	2.44e-08
 1.96605e+23	8.43e-01	1.57e-01	1.36e-04	7.59e-07	0.00e+00	0.00e+00	0.00e+00	0.00e+00	0.00e+00	8.43e-01	3.73e-08	2.41e-08
 1.96911e+23	8.50e-01	1.50e-01	1.24e-04	7.16e-07	0.00e+00	0.00e+00	0.00e+00	0.00e+00	0.00e+00	8.50e-01	3.70e-08	2.39e-08
 1.97227e+23	8.56e-01	1.44e-01	1.13e-04	6.76e-07	0.00e+00	0.00e+00	0.00e+00	0.00e+00	0.00e+00	8.56e-01	3.67e-08	2.37e-08
 1.97552e+23	8.61e-01	1.39e-01	1.03e-04	6.40e-07	0.00e+00	0.00e+00	0.00e+00	0.00e+00	0.00e+00	8.61e-01	3.64e-08	2.34e-08
 1.97886e+23	8.66e-01	1.34e-01	9.50e-05	6.06e-07	0.00e+00	0.00e+00	0.00e+00	0.00e+00	0.00e+00	8.66e-01	3.60e-08	2.31e-08
 1.98230e+23	8.72e-01	1.28e-01	8.76e-05	5.73e-07	0.00e+00	0.00e+00	0.00e+00	0.00e+00	0.00e+00	8.72e-01	3.57e-08	2.28e-08
 1.98594e+23	8.77e-01	1.23e-01	8.10e-05	5.43e-07	0.00e+00	0.00e+00	0.00e+00	0.00e+00	0.00e+00	8.77e-01	3.53e-08	2.25e-08
 1.98976e+23	8.81e-01	1.19e-01	7.52e-05	5.14e-07	0.00e+00	0.00e+00	0.00e+00	0.00e+00	0.00e+00	8.81e-01	3.50e-08	2.22e-08
 1.99362e+23	8.86e-01	1.14e-01	7.02e-05	4.88e-07	0.00e+00	0.00e+00	0.00e+00	0.00e+00	0.00e+00	8.86e-01	3.48e-08	2.19e-08
 1.99765e+23	8.90e-01	1.10e-01	6.59e-05	4.63e-07	0.00e+00	0.00e+00	0.00e+00	0.00e+00	0.00e+00	8.90e-01	3.45e-08	2.17e-08
 2.00200e+23	8.94e-01	1.06e-01	6.19e-05	4.40e-07	0.00e+00	0.00e+00	0.00e+00	0.00e+00	0.00e+00	8.94e-01	3.43e-08	2.14e-08
 2.00654e+23	8.97e-01	1.03e-01	5.84e-05	4.18e-07	0.00e+00	0.00e+00	0.00e+00	0.00e+00	0.00e+00	8.97e-01	3.41e-08	2.12e-08
 2.01126e+23	9.01e-01	9.90e-02	5.53e-05	3.97e-07	0.00e+00	0.00e+00	0.00e+00	0.00e+00	0.00e+00	9.01e-01	3.39e-08	2.09e-08
 2.01630e+23	9.04e-01	9.55e-02	5.25e-05	3.76e-07	0.00e+00	0.00e+00	0.00e+00	0.00e+00	0.00e+00	9.04e-01	3.38e-08	2.07e-08
 2.02168e+23	9.08e-01	9.20e-02	5.00e-05	3.57e-07	0.00e+00	0.00e+00	0.00e+00	0.00e+00	0.00e+00	9.08e-01	3.36e-08	2.05e-08
 2.02735e+23	9.11e-01	8.87e-02	4.78e-05	3.38e-07	0.00e+00	0.00e+00	0.00e+00	0.00e+00	0.00e+00	9.11e-01	3.35e-08	2.03e-08
 2.03316e+23	9.14e-01	8.56e-02	4.59e-05	3.20e-07	0.00e+00	0.00e+00	0.00e+00	0.00e+00	0.00e+00	9.14e-01	3.34e-08	2.01e-08
 2.03878e+23	9.17e-01	8.29e-02	4.43e-05	3.06e-07	0.00e+00	0.00e+00	0.00e+00	0.00e+00	0.00e+00	9.17e-01	3.34e-08	2.00e-08
 2.04417e+23	9.19e-01	8.05e-02	4.30e-05	2.92e-07	0.00e+00	0.00e+00	0.00e+00	0.00e+00	0.00e+00	9.19e-01	3.33e-08	1.99e-08
 2.04948e+23	9.22e-01	7.82e-02	4.19e-05	2.80e-07	0.00e+00	0.00e+00	0.00e+00	0.00e+00	0.00e+00	9.22e-01	3.33e-08	1.97e-08
 2.05470e+23	9.24e-01	7.60e-02	4.08e-05	2.68e-07	0.00e+00	0.00e+00	0.00e+00	0.00e+00	0.00e+00	9.24e-01	3.33e-08	1.96e-08
 2.05981e+23	9.26e-01	7.39e-02	3.99e-05	2.57e-07	0.00e+00	0.00e+00	0.00e+00	0.00e+00	0.00e+00	9.26e-01	3.33e-08	1.95e-08
 2.06472e+23	9.28e-01	7.20e-02	3.92e-05	2.47e-07	0.00e+00	0.00e+00	0.00e+00	0.00e+00	0.00e+00	9.28e-01	3.32e-08	1.94e-08
 2.06940e+23	9.30e-01	7.02e-02	3.85e-05	2.38e-07	0.00e+00	0.00e+00	0.00e+00	0.00e+00	0.00e+00	9.30e-01	3.32e-08	1.93e-08
 2.07377e+23	9.31e-01	6.86e-02	3.79e-05	2.30e-07	0.00e+00	0.00e+00	0.00e+00	0.00e+00	0.00e+00	9.31e-01	3.32e-08	1.92e-08
 2.07801e+23	9.33e-01	6.70e-02	3.74e-05	2.23e-07	0.00e+00	0.00e+00	0.00e+00	0.00e+00	0.00e+00	9.33e-01	3.31e-08	1.91e-08
 2.08225e+23	9.35e-01	6.54e-02	3.68e-05	2.15e-07	0.00e+00	0.00e+00	0.00e+00	0.00e+00	0.00e+00	9.35e-01	3.31e-08	1.90e-08
 2.08636e+23	9.36e-01	6.39e-02	3.64e-05	2.08e-07	0.00e+00	0.00e+00	0.00e+00	0.00e+00	0.00e+00	9.36e-01	3.31e-08	1.89e-08
 2.09032e+23	9.38e-01	6.24e-02	3.60e-05	2.01e-07	0.00e+00	0.00e+00	0.00e+00	0.00e+00	0.00e+00	9.38e-01	3.31e-08	1.89e-08
 2.09413e+23	9.39e-01	6.11e-02	3.56e-05	1.95e-07	0.00e+00	0.00e+00	0.00e+00	0.00e+00	0.00e+00	9.39e-01	3.30e-08	1.88e-08
 2.09780e+23	9.40e-01	5.97e-02	3.52e-05	1.89e-07	0.00e+00	0.00e+00	0.00e+00	0.00e+00	0.00e+00	9.40e-01	3.30e-08	1.87e-08
 2.10136e+23	9.42e-01	5.85e-02	3.49e-05	1.84e-07	0.00e+00	0.00e+00	0.00e+00	0.00e+00	0.00e+00	9.42e-01	3.30e-08	1.86e-08
 2.10480e+23	9.43e-01	5.72e-02	3.46e-05	1.78e-07	0.00e+00	0.00e+00	0.00e+00	0.00e+00	0.00e+00	9.43e-01	3.30e-08	1.86e-08
 2.10810e+23	9.44e-01	5.60e-02	3.43e-05	1.73e-07	0.00e+00	0.00e+00	0.00e+00	0.00e+00	0.00e+00	9.44e-01	3.30e-08	1.85e-08
 2.11129e+23	9.45e-01	5.49e-02	3.41e-05	1.69e-07	0.00e+00	0.00e+00	0.00e+00	0.00e+00	0.00e+00	9.45e-01	3.29e-08	1.84e-08
 2.11437e+23	9.46e-01	5.38e-02	3.38e-05	1.64e-07	0.00e+00	0.00e+00	0.00e+00	0.00e+00	0.00e+00	9.46e-01	3.29e-08	1.84e-08
 2.11729e+23	9.47e-01	5.28e-02	3.36e-05	1.60e-07	0.00e+00	0.00e+00	0.00e+00	0.00e+00	0.00e+00	9.47e-01	3.29e-08	1.83e-08
 2.12015e+23	9.48e-01	5.17e-02	3.34e-05	1.56e-07	0.00e+00	0.00e+00	0.00e+00	0.00e+00	0.00e+00	9.48e-01	3.28e-08	1.82e-08
 2.12293e+23	9.49e-01	5.07e-02	3.32e-05	1.52e-07	0.00e+00	0.00e+00	0.00e+00	0.00e+00	0.00e+00	9.49e-01	3.28e-08	1.81e-08
 2.12546e+23	9.50e-01	4.98e-02	3.30e-05	1.49e-07	0.00e+00	0.00e+00	0.00e+00	0.00e+00	0.00e+00	9.50e-01	3.28e-08	1.81e-08
 2.12777e+23	9.51e-01	4.90e-02	3.29e-05	1.46e-07	0.00e+00	0.00e+00	0.00e+00	0.00e+00	0.00e+00	9.51e-01	3.27e-08	1.80e-08
 2.12987e+23	9.52e-01	4.83e-02	3.28e-05	1.43e-07	0.00e+00	0.00e+00	0.00e+00	0.00e+00	0.00e+00	9.52e-01	3.27e-08	1.80e-08
 2.13178e+23	9.52e-01	4.77e-02	3.26e-05	1.41e-07	0.00e+00	0.00e+00	0.00e+00	0.00e+00	0.00e+00	9.52e-01	3.26e-08	1.79e-08
 2.13351e+23	9.53e-01	4.71e-02	3.25e-05	1.39e-07	0.00e+00	0.00e+00	0.00e+00	0.00e+00	0.00e+00	9.53e-01	3.26e-08	1.79e-08
 2.13510e+23	9.53e-01	4.65e-02	3.24e-05	1.37e-07	0.00e+00	0.00e+00	0.00e+00	0.00e+00	0.00e+00	9.53e-01	3.26e-08	1.78e-08
 2.13654e+23	9.54e-01	4.61e-02	3.23e-05	1.35e-07	0.00e+00	0.00e+00	0.00e+00	0.00e+00	0.00e+00	9.54e-01	3.25e-08	1.78e-08
 2.13811e+23	9.55e-01	4.54e-02	3.22e-05	1.33e-07	0.00e+00	0.00e+00	0.00e+00	0.00e+00	0.00e+00	9.55e-01	3.23e-08	1.77e-08
 2.13982e+23	9.55e-01	4.47e-02	3.21e-05	1.30e-07	0.00e+00	0.00e+00	0.00e+00	0.00e+00	0.00e+00	9.55e-01	3.22e-08	1.77e-08
 2.14136e+23	9.56e-01	4.42e-02	3.19e-05	1.29e-07	0.00e+00	0.00e+00	0.00e+00	0.00e+00	0.00e+00	9.56e-01	3.21e-08	1.76e-08
 2.14306e+23	9.56e-01	4.36e-02	3.18e-05	1.26e-07	0.00e+00	0.00e+00	0.00e+00	0.00e+00	0.00e+00	9.56e-01	3.20e-08	1.76e-08
 2.14490e+23	9.57e-01	4.28e-02	3.16e-05	1.24e-07	0.00e+00	0.00e+00	0.00e+00	0.00e+00	0.00e+00	9.57e-01	3.18e-08	1.75e-08
 2.14656e+23	9.58e-01	4.23e-02	3.14e-05	0.00e+00	0.00e+00	0.00e+00	0.00e+00	0.00e+00	0.00e+00	9.58e-01	3.17e-08	1.74e-08
 2.14808e+23	9.58e-01	4.17e-02	3.13e-05	0.00e+00	0.00e+00	0.00e+00	0.00e+00	0.00e+00	0.00e+00	9.58e-01	3.16e-08	1.74e-08
 2.14946e+23	9.59e-01	4.13e-02	3.12e-05	0.00e+00	0.00e+00	0.00e+00	0.00e+00	0.00e+00	0.00e+00	9.59e-01	3.15e-08	1.73e-08
 2.15098e+23	9.59e-01	4.08e-02	3.10e-05	0.00e+00	0.00e+00	0.00e+00	0.00e+00	0.00e+00	0.00e+00	9.59e-01	3.14e-08	1.73e-08
 2.15261e+23	9.60e-01	4.02e-02	3.09e-05	0.00e+00	0.00e+00	0.00e+00	0.00e+00	0.00e+00	0.00e+00	9.60e-01	3.13e-08	1.73e-08
 2.15440e+23	9.60e-01	3.96e-02	3.06e-05	0.00e+00	0.00e+00	0.00e+00	0.00e+00	0.00e+00	0.00e+00	9.60e-01	3.13e-08	1.72e-08
 2.15633e+23	9.61e-01	3.90e-02	3.04e-05	0.00e+00	0.00e+00	0.00e+00	0.00e+00	0.00e+00	0.00e+00	9.61e-01	3.12e-08	1.72e-08
 2.15809e+23	9.62e-01	3.84e-02	3.02e-05	0.00e+00	0.00e+00	0.00e+00	0.00e+00	0.00e+00	0.00e+00	9.62e-01	3.11e-08	1.72e-08
 2.15969e+23	9.62e-01	3.81e-02	3.01e-05	0.00e+00	0.00e+00	0.00e+00	0.00e+00	0.00e+00	0.00e+00	9.62e-01	3.11e-08	1.71e-08
 2.16145e+23	9.62e-01	3.75e-02	2.98e-05	0.00e+00	0.00e+00	0.00e+00	0.00e+00	0.00e+00	0.00e+00	9.62e-01	3.10e-08	1.71e-08
 2.16373e+23	9.63e-01	3.67e-02	2.95e-05	0.00e+00	0.00e+00	0.00e+00	0.00e+00	0.00e+00	0.00e+00	9.63e-01	3.10e-08	1.71e-08
 2.16619e+23	9.64e-01	3.59e-02	2.92e-05	0.00e+00	0.00e+00	0.00e+00	0.00e+00	0.00e+00	0.00e+00	9.64e-01	3.09e-08	1.70e-08
 2.16843e+23	9.65e-01	3.53e-02	2.89e-05	0.00e+00	0.00e+00	0.00e+00	0.00e+00	0.00e+00	0.00e+00	9.65e-01	3.08e-08	1.70e-08
 2.17047e+23	9.65e-01	3.48e-02	2.87e-05	0.00e+00	0.00e+00	0.00e+00	0.00e+00	0.00e+00	0.00e+00	9.65e-01	3.08e-08	1.70e-08
 2.17233e+23	9.66e-01	3.44e-02	2.85e-05	0.00e+00	0.00e+00	0.00e+00	0.00e+00	0.00e+00	0.00e+00	9.66e-01	3.07e-08	1.69e-08
 2.17401e+23	9.66e-01	3.40e-02	2.83e-05	0.00e+00	0.00e+00	0.00e+00	0.00e+00	0.00e+00	0.00e+00	9.66e-01	3.07e-08	1.69e-08
 2.17586e+23	9.67e-01	3.34e-02	2.80e-05	0.00e+00	0.00e+00	0.00e+00	0.00e+00	0.00e+00	0.00e+00	9.67e-01	3.06e-08	1.69e-08
 2.17786e+23	9.67e-01	3.28e-02	2.77e-05	0.00e+00	0.00e+00	0.00e+00	0.00e+00	0.00e+00	0.00e+00	9.67e-01	3.06e-08	1.68e-08
 2.17968e+23	9.68e-01	3.23e-02	2.74e-05	0.00e+00	0.00e+00	0.00e+00	0.00e+00	0.00e+00	0.00e+00	9.68e-01	3.05e-08	1.68e-08
 2.18133e+23	9.68e-01	3.19e-02	2.72e-05	0.00e+00	0.00e+00	0.00e+00	0.00e+00	0.00e+00	0.00e+00	9.68e-01	3.04e-08	1.67e-08
 2.18284e+23	9.68e-01	3.16e-02	2.70e-05	0.00e+00	0.00e+00	0.00e+00	0.00e+00	0.00e+00	0.00e+00	9.68e-01	3.04e-08	1.67e-08
 2.18449e+23	9.69e-01	3.11e-02	2.67e-05	0.00e+00	0.00e+00	0.00e+00	0.00e+00	0.00e+00	0.00e+00	9.69e-01	3.04e-08	1.67e-08
 2.18627e+23	9.69e-01	3.06e-02	2.65e-05	0.00e+00	0.00e+00	0.00e+00	0.00e+00	0.00e+00	0.00e+00	9.69e-01	3.03e-08	1.66e-08
 2.18789e+23	9.70e-01	3.02e-02	2.62e-05	0.00e+00	0.00e+00	0.00e+00	0.00e+00	0.00e+00	0.00e+00	9.70e-01	3.03e-08	1.66e-08
 2.18966e+23	9.70e-01	2.97e-02	2.60e-05	0.00e+00	0.00e+00	0.00e+00	0.00e+00	0.00e+00	0.00e+00	9.70e-01	3.02e-08	1.65e-08
 2.19158e+23	9.71e-01	2.92e-02	2.57e-05	0.00e+00	0.00e+00	0.00e+00	0.00e+00	0.00e+00	0.00e+00	9.71e-01	3.01e-08	1.65e-08
 2.19332e+23	9.71e-01	2.88e-02	2.55e-05	0.00e+00	0.00e+00	0.00e+00	0.00e+00	0.00e+00	0.00e+00	9.71e-01	3.01e-08	1.64e-08
 2.19523e+23	9.72e-01	2.83e-02	2.52e-05	0.00e+00	0.00e+00	0.00e+00	0.00e+00	0.00e+00	0.00e+00	9.72e-01	3.00e-08	1.64e-08
 2.19730e+23	9.72e-01	2.77e-02	2.49e-05	0.00e+00	0.00e+00	0.00e+00	0.00e+00	0.00e+00	0.00e+00	9.72e-01	3.00e-08	1.63e-08
 2.19918e+23	9.73e-01	2.73e-02	2.47e-05	0.00e+00	0.00e+00	0.00e+00	0.00e+00	0.00e+00	0.00e+00	9.73e-01	3.00e-08	1.63e-08
 2.20088e+23	9.73e-01	2.70e-02	2.45e-05	0.00e+00	0.00e+00	0.00e+00	0.00e+00	0.00e+00	0.00e+00	9.73e-01	2.99e-08	1.62e-08
 2.20276e+23	9.73e-01	2.65e-02	2.42e-05	0.00e+00	0.00e+00	0.00e+00	0.00e+00	0.00e+00	0.00e+00	9.73e-01	2.98e-08	1.62e-08
 2.20478e+23	9.74e-01	2.60e-02	2.40e-05	0.00e+00	0.00e+00	0.00e+00	0.00e+00	0.00e+00	0.00e+00	9.74e-01	2.98e-08	1.61e-08
 2.20662e+23	9.74e-01	2.57e-02	2.37e-05	0.00e+00	0.00e+00	0.00e+00	0.00e+00	0.00e+00	0.00e+00	9.74e-01	2.98e-08	1.61e-08
 2.20863e+23	9.75e-01	2.52e-02	2.35e-05	0.00e+00	0.00e+00	0.00e+00	0.00e+00	0.00e+00	0.00e+00	9.75e-01	2.96e-08	1.60e-08
 2.21081e+23	9.75e-01	2.48e-02	2.32e-05	0.00e+00	0.00e+00	0.00e+00	0.00e+00	0.00e+00	0.00e+00	9.75e-01	2.94e-08	1.58e-08
 2.21279e+23	9.76e-01	2.43e-02	2.30e-05	0.00e+00	0.00e+00	0.00e+00	0.00e+00	0.00e+00	0.00e+00	9.76e-01	2.90e-08	1.57e-08
 2.21459e+23	9.76e-01	2.41e-02	2.29e-05	0.00e+00	0.00e+00	0.00e+00	0.00e+00	0.00e+00	0.00e+00	9.76e-01	2.90e-08	1.56e-08
 2.21657e+23	9.76e-01	2.38e-02	2.26e-05	0.00e+00	0.00e+00	0.00e+00	0.00e+00	0.00e+00	0.00e+00	9.76e-01	2.87e-08	1.55e-08
 2.21870e+23	9.77e-01	2.33e-02	2.24e-05	0.00e+00	0.00e+00	0.00e+00	0.00e+00	0.00e+00	0.00e+00	9.77e-01	2.84e-08	1.53e-08
 2.22064e+23	9.77e-01	2.31e-02	2.22e-05	0.00e+00	0.00e+00	0.00e+00	0.00e+00	0.00e+00	0.00e+00	9.77e-01	2.83e-08	1.52e-08
 2.22276e+23	9.77e-01	2.26e-02	2.20e-05	0.00e+00	0.00e+00	0.00e+00	0.00e+00	0.00e+00	0.00e+00	9.77e-01	2.80e-08	1.50e-08
 2.22506e+23	9.78e-01	2.22e-02	2.17e-05	0.00e+00	0.00e+00	0.00e+00	0.00e+00	0.00e+00	0.00e+00	9.78e-01	2.78e-08	1.49e-08
 2.22715e+23	9.78e-01	2.18e-02	2.15e-05	0.00e+00	0.00e+00	0.00e+00	0.00e+00	0.00e+00	0.00e+00	9.78e-01	2.75e-08	1.47e-08
 2.22905e+23	9.78e-01	2.16e-02	2.14e-05	0.00e+00	0.00e+00	0.00e+00	0.00e+00	0.00e+00	0.00e+00	9.78e-01	2.75e-08	1.46e-08
 2.23113e+23	9.79e-01	2.12e-02	2.11e-05	0.00e+00	0.00e+00	0.00e+00	0.00e+00	0.00e+00	0.00e+00	9.79e-01	2.73e-08	1.44e-08
 2.23338e+23	9.79e-01	2.08e-02	2.09e-05	0.00e+00	0.00e+00	0.00e+00	0.00e+00	0.00e+00	0.00e+00	9.79e-01	2.70e-08	1.42e-08
 2.23542e+23	9.79e-01	2.06e-02	2.08e-05	0.00e+00	0.00e+00	0.00e+00	0.00e+00	0.00e+00	0.00e+00	9.79e-01	2.69e-08	1.42e-08
 2.23767e+23	9.80e-01	2.02e-02	2.05e-05	0.00e+00	0.00e+00	0.00e+00	0.00e+00	0.00e+00	0.00e+00	9.80e-01	2.66e-08	1.40e-08
 2.24009e+23	9.80e-01	1.98e-02	2.03e-05	0.00e+00	0.00e+00	0.00e+00	0.00e+00	0.00e+00	0.00e+00	9.80e-01	2.64e-08	1.38e-08
 2.24229e+23	9.81e-01	1.94e-02	2.01e-05	0.00e+00	0.00e+00	0.00e+00	0.00e+00	0.00e+00	0.00e+00	9.81e-01	2.62e-08	1.36e-08
 2.24429e+23	9.81e-01	1.92e-02	2.00e-05	0.00e+00	0.00e+00	0.00e+00	0.00e+00	0.00e+00	0.00e+00	9.81e-01	2.61e-08	1.36e-08
 2.24649e+23	9.81e-01	1.89e-02	1.98e-05	0.00e+00	0.00e+00	0.00e+00	0.00e+00	0.00e+00	0.00e+00	9.81e-01	2.58e-08	1.34e-08
 2.24886e+23	9.81e-01	1.85e-02	1.96e-05	0.00e+00	0.00e+00	0.00e+00	0.00e+00	0.00e+00	0.00e+00	9.81e-01	2.55e-08	1.32e-08
 2.25102e+23	9.82e-01	1.83e-02	1.94e-05	0.00e+00	0.00e+00	0.00e+00	0.00e+00	0.00e+00	0.00e+00	9.82e-01	2.54e-08	1.31e-08
 2.25338e+23	9.82e-01	1.79e-02	1.92e-05	0.00e+00	0.00e+00	0.00e+00	0.00e+00	0.00e+00	0.00e+00	9.82e-01	2.51e-08	1.29e-08
 2.25593e+23	9.82e-01	1.76e-02	1.90e-05	0.00e+00	0.00e+00	0.00e+00	0.00e+00	0.00e+00	0.00e+00	9.82e-01	2.48e-08	1.27e-08
 2.25826e+23	9.83e-01	1.73e-02	1.88e-05	0.00e+00	0.00e+00	0.00e+00	0.00e+00	0.00e+00	0.00e+00	9.83e-01	2.47e-08	1.26e-08
 2.26080e+23	9.83e-01	1.69e-02	1.86e-05	0.00e+00	0.00e+00	0.00e+00	0.00e+00	0.00e+00	0.00e+00	9.83e-01	2.44e-08	1.24e-08
 2.26355e+23	9.83e-01	1.66e-02	1.84e-05	0.00e+00	0.00e+00	0.00e+00	0.00e+00	0.00e+00	0.00e+00	9.83e-01	2.42e-08	1.22e-08
 2.26605e+23	9.84e-01	1.63e-02	1.82e-05	0.00e+00	0.00e+00	0.00e+00	0.00e+00	0.00e+00	0.00e+00	9.84e-01	2.39e-08	1.20e-08
 2.26833e+23	9.84e-01	1.60e-02	1.80e-05	0.00e+00	0.00e+00	0.00e+00	0.00e+00	0.00e+00	0.00e+00	9.84e-01	2.36e-08	1.18e-08
 2.27040e+23	9.84e-01	1.59e-02	1.79e-05	0.00e+00	0.00e+00	0.00e+00	0.00e+00	0.00e+00	0.00e+00	9.84e-01	2.35e-08	1.17e-08
 2.27267e+23	9.84e-01	1.56e-02	1.77e-05	0.00e+00	0.00e+00	0.00e+00	0.00e+00	0.00e+00	0.00e+00	9.84e-01	2.33e-08	1.16e-08
 2.27512e+23	9.85e-01	1.53e-02	1.76e-05	0.00e+00	0.00e+00	0.00e+00	0.00e+00	0.00e+00	0.00e+00	9.85e-01	2.30e-08	1.14e-08
 2.27734e+23	9.85e-01	1.51e-02	1.74e-05	0.00e+00	0.00e+00	0.00e+00	0.00e+00	0.00e+00	0.00e+00	9.85e-01	2.29e-08	1.13e-08
 2.27979e+23	9.85e-01	1.48e-02	1.72e-05	0.00e+00	0.00e+00	0.00e+00	0.00e+00	0.00e+00	0.00e+00	9.85e-01	2.26e-08	1.11e-08
 2.28242e+23	9.86e-01	1.45e-02	1.71e-05	0.00e+00	0.00e+00	0.00e+00	0.00e+00	0.00e+00	0.00e+00	9.86e-01	2.23e-08	1.09e-08
 2.28482e+23	9.86e-01	1.43e-02	1.69e-05	0.00e+00	0.00e+00	0.00e+00	0.00e+00	0.00e+00	0.00e+00	9.86e-01	2.22e-08	1.08e-08
 2.28745e+23	9.86e-01	1.40e-02	1.67e-05	0.00e+00	0.00e+00	0.00e+00	0.00e+00	0.00e+00	0.00e+00	9.86e-01	2.20e-08	1.06e-08
 2.29029e+23	9.86e-01	1.37e-02	1.65e-05	0.00e+00	0.00e+00	0.00e+00	0.00e+00	0.00e+00	0.00e+00	9.86e-01	2.17e-08	1.05e-08
 2.29288e+23	9.86e-01	1.35e-02	1.64e-05	0.00e+00	0.00e+00	0.00e+00	0.00e+00	0.00e+00	0.00e+00	9.86e-01	2.16e-08	1.04e-08
 2.29571e+23	9.87e-01	1.32e-02	1.62e-05	0.00e+00	0.00e+00	0.00e+00	0.00e+00	0.00e+00	0.00e+00	9.87e-01	2.13e-08	1.02e-08
 2.29876e+23	9.87e-01	1.29e-02	1.60e-05	0.00e+00	0.00e+00	0.00e+00	0.00e+00	0.00e+00	0.00e+00	9.87e-01	2.10e-08	1.00e-08
 2.30154e+23	9.87e-01	1.27e-02	1.59e-05	0.00e+00	0.00e+00	0.00e+00	0.00e+00	0.00e+00	0.00e+00	9.87e-01	2.10e-08	9.93e-09
 2.30459e+23	9.88e-01	1.24e-02	1.57e-05	0.00e+00	0.00e+00	0.00e+00	0.00e+00	0.00e+00	0.00e+00	9.88e-01	2.07e-08	9.72e-09
 2.30788e+23	9.88e-01	1.21e-02	1.55e-05	0.00e+00	0.00e+00	0.00e+00	0.00e+00	0.00e+00	0.00e+00	9.88e-01	2.04e-08	9.49e-09
 2.31088e+23	9.88e-01	1.19e-02	1.53e-05	0.00e+00	0.00e+00	0.00e+00	0.00e+00	0.00e+00	0.00e+00	9.88e-01	2.03e-08	9.40e-09
 2.31416e+23	9.88e-01	1.16e-02	1.51e-05	0.00e+00	0.00e+00	0.00e+00	0.00e+00	0.00e+00	0.00e+00	9.88e-01	2.00e-08	9.19e-09
 2.31770e+23	9.89e-01	1.13e-02	1.49e-05	0.00e+00	0.00e+00	0.00e+00	0.00e+00	0.00e+00	0.00e+00	9.89e-01	1.97e-08	8.97e-09
 2.32092e+23	9.89e-01	1.11e-02	1.48e-05	0.00e+00	0.00e+00	0.00e+00	0.00e+00	0.00e+00	0.00e+00	9.89e-01	1.96e-08	8.86e-09
 2.32445e+23	9.89e-01	1.08e-02	1.45e-05	0.00e+00	0.00e+00	0.00e+00	0.00e+00	0.00e+00	0.00e+00	9.89e-01	1.93e-08	8.67e-09
 2.32827e+23	9.89e-01	1.05e-02	1.44e-05	0.00e+00	0.00e+00	0.00e+00	0.00e+00	0.00e+00	0.00e+00	9.89e-01	1.89e-08	8.45e-09
 2.33174e+23	9.90e-01	1.03e-02	1.42e-05	0.00e+00	0.00e+00	0.00e+00	0.00e+00	0.00e+00	0.00e+00	9.90e-01	1.88e-08	8.34e-09
 2.33554e+23	9.90e-01	1.01e-02	1.40e-05	0.00e+00	0.00e+00	0.00e+00	0.00e+00	0.00e+00	0.00e+00	9.90e-01	1.85e-08	8.15e-09
 2.33964e+23	9.90e-01	9.80e-03	1.38e-05	0.00e+00	0.00e+00	0.00e+00	0.00e+00	0.00e+00	0.00e+00	9.90e-01	1.83e-08	7.99e-09
 2.34338e+23	9.90e-01	9.57e-03	1.36e-05	0.00e+00	0.00e+00	0.00e+00	0.00e+00	0.00e+00	0.00e+00	9.90e-01	1.81e-08	7.83e-09
 2.34678e+23	9.91e-01	9.39e-03	1.35e-05	0.00e+00	0.00e+00	0.00e+00	0.00e+00	0.00e+00	0.00e+00	9.91e-01	1.79e-08	7.71e-09
 2.35050e+23	9.91e-01	9.13e-03	1.33e-05	0.00e+00	0.00e+00	0.00e+00	0.00e+00	0.00e+00	0.00e+00	9.91e-01	1.76e-08	7.52e-09
 2.35452e+23	9.91e-01	8.88e-03	1.31e-05	0.00e+00	0.00e+00	0.00e+00	0.00e+00	0.00e+00	0.00e+00	9.91e-01	1.74e-08	7.33e-09
 2.35818e+23	9.91e-01	8.71e-03	1.29e-05	0.00e+00	0.00e+00	0.00e+00	0.00e+00	0.00e+00	0.00e+00	9.91e-01	1.72e-08	7.23e-09
 2.36219e+23	9.92e-01	8.46e-03	1.27e-05	0.00e+00	0.00e+00	0.00e+00	0.00e+00	0.00e+00	0.00e+00	9.92e-01	1.70e-08	7.05e-09
 2.36652e+23	9.92e-01	8.22e-03	1.26e-05	0.00e+00	0.00e+00	0.00e+00	0.00e+00	0.00e+00	0.00e+00	9.92e-01	1.67e-08	6.87e-09
 2.37046e+23	9.92e-01	8.05e-03	1.24e-05	0.00e+00	0.00e+00	0.00e+00	0.00e+00	0.00e+00	0.00e+00	9.92e-01	1.66e-08	6.77e-09
 2.37478e+23	9.92e-01	7.82e-03	1.22e-05	0.00e+00	0.00e+00	0.00e+00	0.00e+00	0.00e+00	0.00e+00	9.92e-01	1.63e-08	6.60e-09
 2.37944e+23	9.92e-01	7.60e-03	1.20e-05	0.00e+00	0.00e+00	0.00e+00	0.00e+00	0.00e+00	0.00e+00	9.92e-01	1.61e-08	6.45e-09
 2.38368e+23	9.93e-01	7.41e-03	1.19e-05	0.00e+00	0.00e+00	0.00e+00	0.00e+00	0.00e+00	0.00e+00	9.93e-01	1.60e-08	6.31e-09
 2.38754e+23	9.93e-01	7.23e-03	1.17e-05	0.00e+00	0.00e+00	0.00e+00	0.00e+00	0.00e+00	0.00e+00	9.93e-01	1.58e-08	6.19e-09
 2.39176e+23	9.93e-01	7.03e-03	1.15e-05	0.00e+00	0.00e+00	0.00e+00	0.00e+00	0.00e+00	0.00e+00	9.93e-01	1.56e-08	6.03e-09
 2.39633e+23	9.93e-01	6.84e-03	1.14e-05	0.00e+00	0.00e+00	0.00e+00	0.00e+00	0.00e+00	0.00e+00	9.93e-01	1.54e-08	5.90e-09
 2.40048e+23	9.93e-01	6.67e-03	1.12e-05	0.00e+00	0.00e+00	0.00e+00	0.00e+00	0.00e+00	0.00e+00	9.93e-01	1.52e-08	5.76e-09
 2.40426e+23	9.93e-01	6.53e-03	1.11e-05	0.00e+00	0.00e+00	0.00e+00	0.00e+00	0.00e+00	0.00e+00	9.93e-01	1.51e-08	5.65e-09
 2.40841e+23	9.94e-01	6.35e-03	1.09e-05	0.00e+00	0.00e+00	0.00e+00	0.00e+00	0.00e+00	0.00e+00	9.94e-01	1.48e-08	5.51e-09
 2.41288e+23	9.94e-01	6.19e-03	1.08e-05	0.00e+00	0.00e+00	0.00e+00	0.00e+00	0.00e+00	0.00e+00	9.94e-01	1.47e-08	5.38e-09
 2.41778e+23	9.94e-01	5.99e-03	1.06e-05	0.00e+00	0.00e+00	0.00e+00	0.00e+00	0.00e+00	0.00e+00	9.94e-01	1.44e-08	5.22e-09
 2.42307e+23	9.94e-01	5.81e-03	1.04e-05	0.00e+00	0.00e+00	0.00e+00	0.00e+00	0.00e+00	0.00e+00	9.94e-01	1.42e-08	5.08e-09
 2.42789e+23	9.94e-01	5.65e-03	1.03e-05	0.00e+00	0.00e+00	0.00e+00	0.00e+00	0.00e+00	0.00e+00	9.94e-01	1.40e-08	4.95e-09
 2.43227e+23	9.94e-01	5.51e-03	1.01e-05	0.00e+00	0.00e+00	0.00e+00	0.00e+00	0.00e+00	0.00e+00	9.94e-01	1.39e-08	4.84e-09
 2.43707e+23	9.95e-01	5.35e-03	9.94e-06	0.00e+00	0.00e+00	0.00e+00	0.00e+00	0.00e+00	0.00e+00	9.95e-01	1.37e-08	4.70e-09
 2.44225e+23	9.95e-01	5.19e-03	9.79e-06	0.00e+00	0.00e+00	0.00e+00	0.00e+00	0.00e+00	0.00e+00	9.95e-01	1.35e-08	4.57e-09
 2.44697e+23	9.95e-01	5.05e-03	9.65e-06	0.00e+00	0.00e+00	0.00e+00	0.00e+00	0.00e+00	0.00e+00	9.95e-01	1.33e-08	4.45e-09
 2.45214e+23	9.95e-01	4.89e-03	9.47e-06	0.00e+00	0.00e+00	0.00e+00	0.00e+00	0.00e+00	0.00e+00	9.95e-01	1.31e-08	4.31e-09
 2.45772e+23	9.95e-01	4.62e-03	9.31e-06	0.00e+00	0.00e+00	0.00e+00	0.00e+00	0.00e+00	0.00e+00	9.95e-01	1.29e-08	4.17e-09
 2.46383e+23	9.96e-01	4.26e-03	9.11e-06	0.00e+00	0.00e+00	0.00e+00	0.00e+00	0.00e+00	0.00e+00	9.96e-01	1.26e-08	3.99e-09
 2.47088e+23	9.96e-01	4.02e-03	8.90e-06	0.00e+00	0.00e+00	0.00e+00	0.00e+00	0.00e+00	0.00e+00	9.96e-01	1.24e-08	3.81e-09
 2.47815e+23	9.96e-01	3.79e-03	8.69e-06	0.00e+00	0.00e+00	0.00e+00	0.00e+00	0.00e+00	0.00e+00	9.96e-01	1.21e-08	3.64e-09
 2.48558e+23	9.96e-01	3.57e-03	8.49e-06	0.00e+00	0.00e+00	0.00e+00	0.00e+00	0.00e+00	0.00e+00	9.96e-01	1.18e-08	3.46e-09
 2.49312e+23	9.97e-01	3.36e-03	8.29e-06	0.00e+00	0.00e+00	0.00e+00	0.00e+00	0.00e+00	0.00e+00	9.97e-01	1.16e-08	3.30e-09
 2.50076e+23	9.97e-01	3.16e-03	8.09e-06	0.00e+00	0.00e+00	0.00e+00	0.00e+00	0.00e+00	0.00e+00	9.97e-01	1.13e-08	3.13e-09
 2.50847e+23	9.97e-01	2.96e-03	7.90e-06	0.00e+00	0.00e+00	0.00e+00	0.00e+00	0.00e+00	0.00e+00	9.97e-01	1.11e-08	2.97e-09
 2.51626e+23	9.97e-01	2.78e-03	7.70e-06	0.00e+00	0.00e+00	0.00e+00	0.00e+00	0.00e+00	0.00e+00	9.97e-01	1.08e-08	2.82e-09
 2.52413e+23	9.97e-01	2.59e-03	7.52e-06	0.00e+00	0.00e+00	0.00e+00	0.00e+00	0.00e+00	0.00e+00	9.97e-01	1.05e-08	2.67e-09
 2.53205e+23	9.98e-01	2.42e-03	7.33e-06	0.00e+00	0.00e+00	0.00e+00	0.00e+00	0.00e+00	0.00e+00	9.98e-01	1.03e-08	2.52e-09
 2.54005e+23	9.98e-01	2.26e-03	7.15e-06	0.00e+00	0.00e+00	0.00e+00	0.00e+00	0.00e+00	0.00e+00	9.98e-01	9.98e-09	2.39e-09
 2.54814e+23	9.98e-01	2.10e-03	6.97e-06	0.00e+00	0.00e+00	0.00e+00	0.00e+00	0.00e+00	0.00e+00	9.98e-01	9.70e-09	2.25e-09
 2.55630e+23	9.98e-01	1.95e-03	6.79e-06	0.00e+00	0.00e+00	0.00e+00	0.00e+00	0.00e+00	0.00e+00	9.98e-01	9.42e-09	2.12e-09
 2.56453e+23	9.98e-01	1.81e-03	6.62e-06	0.00e+00	0.00e+00	0.00e+00	0.00e+00	0.00e+00	0.00e+00	9.98e-01	9.14e-09	2.00e-09
 2.57282e+23	9.98e-01	1.68e-03	6.45e-06	0.00e+00	0.00e+00	0.00e+00	0.00e+00	0.00e+00	0.00e+00	9.98e-01	8.87e-09	1.88e-09
 2.58117e+23	9.98e-01	1.55e-03	6.29e-06	0.00e+00	0.00e+00	0.00e+00	0.00e+00	0.00e+00	0.00e+00	9.98e-01	8.59e-09	1.76e-09
 2.58958e+23	9.99e-01	1.43e-03	6.12e-06	0.00e+00	0.00e+00	0.00e+00	0.00e+00	0.00e+00	0.00e+00	9.99e-01	8.31e-09	1.65e-09
 2.59803e+23	9.99e-01	1.32e-03	5.96e-06	0.00e+00	0.00e+00	0.00e+00	0.00e+00	0.00e+00	0.00e+00	9.99e-01	8.03e-09	1.54e-09
 2.60656e+23	9.99e-01	1.21e-03	5.81e-06	0.00e+00	0.00e+00	0.00e+00	0.00e+00	0.00e+00	0.00e+00	9.99e-01	7.76e-09	1.43e-09
 2.61517e+23	9.99e-01	1.11e-03	5.65e-06	0.00e+00	0.00e+00	0.00e+00	0.00e+00	0.00e+00	0.00e+00	9.99e-01	7.48e-09	1.33e-09
 2.62383e+23	9.99e-01	1.01e-03	5.50e-06	0.00e+00	0.00e+00	0.00e+00	0.00e+00	0.00e+00	0.00e+00	9.99e-01	7.20e-09	1.24e-09
 2.63256e+23	9.99e-01	9.26e-04	5.35e-06	0.00e+00	0.00e+00	0.00e+00	0.00e+00	0.00e+00	0.00e+00	9.99e-01	6.93e-09	1.14e-09
 2.64135e+23	9.99e-01	8.43e-04	5.21e-06	0.00e+00	0.00e+00	0.00e+00	0.00e+00	0.00e+00	0.00e+00	9.99e-01	6.65e-09	1.06e-09
 2.65021e+23	9.99e-01	7.69e-04	5.07e-06	0.00e+00	0.00e+00	0.00e+00	0.00e+00	0.00e+00	0.00e+00	9.99e-01	6.39e-09	9.75e-10
 2.65928e+23	9.99e-01	6.96e-04	4.92e-06	0.00e+00	0.00e+00	0.00e+00	0.00e+00	0.00e+00	0.00e+00	9.99e-01	6.12e-09	8.94e-10
 2.66855e+23	9.99e-01	6.30e-04	4.78e-06	0.00e+00	0.00e+00	0.00e+00	0.00e+00	0.00e+00	0.00e+00	9.99e-01	5.86e-09	8.20e-10
 2.67789e+23	9.99e-01	5.69e-04	4.64e-06	0.00e+00	0.00e+00	0.00e+00	0.00e+00	0.00e+00	0.00e+00	9.99e-01	5.59e-09	7.49e-10
 2.68735e+23	9.99e-01	5.12e-04	4.51e-06	0.00e+00	0.00e+00	0.00e+00	0.00e+00	0.00e+00	0.00e+00	9.99e-01	5.33e-09	6.82e-10
 2.69690e+23	1.00e+00	4.60e-04	4.37e-06	0.00e+00	0.00e+00	0.00e+00	0.00e+00	0.00e+00	0.00e+00	1.00e+00	5.08e-09	6.20e-10
 2.70656e+23	1.00e+00	4.12e-04	4.24e-06	0.00e+00	0.00e+00	0.00e+00	0.00e+00	0.00e+00	0.00e+00	1.00e+00	4.82e-09	5.62e-10
 2.71633e+23	1.00e+00	3.68e-04	4.12e-06	0.00e+00	0.00e+00	0.00e+00	0.00e+00	0.00e+00	0.00e+00	1.00e+00	4.58e-09	5.08e-10
 2.72623e+23	1.00e+00	3.28e-04	3.99e-06	0.00e+00	0.00e+00	0.00e+00	0.00e+00	0.00e+00	0.00e+00	1.00e+00	4.34e-09	4.58e-10
 2.73629e+23	1.00e+00	2.92e-04	3.87e-06	0.00e+00	0.00e+00	0.00e+00	0.00e+00	0.00e+00	0.00e+00	1.00e+00	4.10e-09	4.12e-10
 2.74653e+23	1.00e+00	2.59e-04	3.74e-06	0.00e+00	0.00e+00	0.00e+00	0.00e+00	0.00e+00	0.00e+00	1.00e+00	3.88e-09	3.70e-10
 2.75704e+23	1.00e+00	2.29e-04	3.62e-06	0.00e+00	0.00e+00	0.00e+00	0.00e+00	0.00e+00	0.00e+00	1.00e+00	3.65e-09	3.31e-10
 2.76781e+23	1.00e+00	2.02e-04	3.50e-06	0.00e+00	0.00e+00	0.00e+00	0.00e+00	0.00e+00	0.00e+00	1.00e+00	3.44e-09	2.95e-10
 2.77875e+23	1.00e+00	1.77e-04	3.38e-06	0.00e+00	0.00e+00	0.00e+00	0.00e+00	0.00e+00	0.00e+00	1.00e+00	3.23e-09	2.62e-10
 2.78989e+23	1.00e+00	1.55e-04	3.26e-06	0.00e+00	0.00e+00	0.00e+00	0.00e+00	0.00e+00	0.00e+00	1.00e+00	3.03e-09	2.32e-10
 2.80123e+23	1.00e+00	1.35e-04	3.15e-06	0.00e+00	0.00e+00	0.00e+00	0.00e+00	0.00e+00	0.00e+00	1.00e+00	2.83e-09	2.04e-10
 2.81278e+23	1.00e+00	1.18e-04	3.03e-06	0.00e+00	0.00e+00	0.00e+00	0.00e+00	0.00e+00	0.00e+00	1.00e+00	2.64e-09	1.80e-10
 2.82455e+23	1.00e+00	1.02e-04	2.92e-06	0.00e+00	0.00e+00	0.00e+00	0.00e+00	0.00e+00	0.00e+00	1.00e+00	2.46e-09	1.58e-10
 2.83659e+23	1.00e+00	8.84e-05	2.81e-06	0.00e+00	0.00e+00	0.00e+00	0.00e+00	0.00e+00	0.00e+00	1.00e+00	2.28e-09	1.38e-10
 2.84893e+23	1.00e+00	7.62e-05	2.70e-06	0.00e+00	0.00e+00	0.00e+00	0.00e+00	0.00e+00	0.00e+00	1.00e+00	2.10e-09	1.20e-10
 2.86157e+23	1.00e+00	6.56e-05	2.59e-06	0.00e+00	0.00e+00	0.00e+00	0.00e+00	0.00e+00	0.00e+00	1.00e+00	1.94e-09	1.04e-10
