#depth	He	He+	He+2
 1.54284e+22	2.41e-05	5.07e-02	9.49e-01
 3.56724e+22	4.47e-05	6.84e-02	9.32e-01
 4.28959e+22	6.03e-05	7.90e-02	9.21e-01
 4.72200e+22	7.63e-05	8.83e-02	9.12e-01
 4.99307e+22	8.41e-05	9.25e-02	9.07e-01
 5.17575e+22	9.51e-05	9.81e-02	9.02e-01
 5.36935e+22	1.06e-04	1.03e-01	8.97e-01
 5.57713e+22	1.22e-04	1.10e-01	8.90e-01
 5.78746e+22	1.36e-04	1.16e-01	8.84e-01
 5.95535e+22	1.49e-04	1.21e-01	8.79e-01
 6.12788e+22	1.66e-04	1.28e-01	8.72e-01
 6.30477e+22	1.83e-04	1.33e-01	8.66e-01
 6.46299e+22	2.00e-04	1.39e-01	8.61e-01
 6.64429e+22	2.24e-04	1.47e-01	8.53e-01
 6.82756e+22	2.46e-04	1.53e-01	8.47e-01
 6.98807e+22	2.70e-04	1.60e-01	8.40e-01
 7.17145e+22	3.02e-04	1.68e-01	8.32e-01
 7.35733e+22	3.31e-04	1.75e-01	8.24e-01
 7.52112e+22	3.63e-04	1.83e-01	8.17e-01
 7.70871e+22	4.06e-04	1.92e-01	8.07e-01
 7.89939e+22	4.46e-04	2.00e-01	7.99e-01
 8.06857e+22	4.89e-04	2.09e-01	7.91e-01
 8.26299e+22	5.48e-04	2.20e-01	7.80e-01
 8.46062e+22	6.03e-04	2.29e-01	7.71e-01
 8.66244e+22	6.78e-04	2.41e-01	7.59e-01
 8.86692e+22	7.46e-04	2.51e-01	7.48e-01
 8.98513e+22	7.70e-04	2.54e-01	7.45e-01
 9.04906e+22	7.95e-04	2.58e-01	7.41e-01
 9.13217e+22	8.35e-04	2.63e-01	7.36e-01
 9.24022e+22	8.86e-04	2.70e-01	7.29e-01
 9.38067e+22	9.61e-04	2.80e-01	7.19e-01
 9.56327e+22	1.07e-03	2.93e-01	7.06e-01
 9.75758e+22	1.17e-03	3.03e-01	6.95e-01
 9.96713e+22	1.31e-03	3.18e-01	6.80e-01
 1.01550e+23	1.41e-03	3.29e-01	6.70e-01
 1.03146e+23	1.53e-03	3.40e-01	6.59e-01
 1.04819e+23	1.65e-03	3.50e-01	6.48e-01
 1.06593e+23	1.81e-03	3.64e-01	6.35e-01
 1.08360e+23	1.95e-03	3.75e-01	6.23e-01
 1.10121e+23	2.12e-03	3.88e-01	6.10e-01
 1.11919e+23	2.30e-03	4.00e-01	5.97e-01
 1.13768e+23	2.52e-03	4.16e-01	5.82e-01
 1.15624e+23	2.72e-03	4.28e-01	5.69e-01
 1.17490e+23	2.98e-03	4.44e-01	5.53e-01
 1.19401e+23	3.22e-03	4.58e-01	5.39e-01
 1.21370e+23	3.55e-03	4.75e-01	5.21e-01
 1.23370e+23	3.84e-03	4.90e-01	5.06e-01
 1.25411e+23	4.25e-03	5.09e-01	4.87e-01
 1.27472e+23	4.60e-03	5.25e-01	4.71e-01
 1.29559e+23	5.09e-03	5.44e-01	4.51e-01
 1.31681e+23	5.53e-03	5.62e-01	4.33e-01
 1.33849e+23	6.15e-03	5.83e-01	4.11e-01
 1.36005e+23	6.67e-03	6.01e-01	3.93e-01
 1.38143e+23	7.41e-03	6.22e-01	3.70e-01
 1.40285e+23	8.05e-03	6.41e-01	3.51e-01
 1.42433e+23	8.94e-03	6.63e-01	3.28e-01
 1.44575e+23	9.72e-03	6.81e-01	3.09e-01
 1.46710e+23	1.08e-02	7.03e-01	2.86e-01
 1.48830e+23	1.18e-02	7.21e-01	2.67e-01
 1.50930e+23	1.31e-02	7.42e-01	2.45e-01
 1.53025e+23	1.43e-02	7.60e-01	2.26e-01
 1.55114e+23	1.59e-02	7.79e-01	2.05e-01
 1.57206e+23	1.74e-02	7.96e-01	1.87e-01
 1.59303e+23	1.94e-02	8.13e-01	1.67e-01
 1.61407e+23	2.13e-02	8.28e-01	1.51e-01
 1.63236e+23	2.33e-02	8.40e-01	1.36e-01
 1.65329e+23	2.61e-02	8.54e-01	1.20e-01
 1.67467e+23	2.89e-02	8.65e-01	1.06e-01
 1.69275e+23	3.16e-02	8.73e-01	9.53e-02
 1.70832e+23	3.41e-02	8.79e-01	8.69e-02
 1.72450e+23	3.77e-02	8.85e-01	7.78e-02
 1.74149e+23	4.14e-02	8.89e-01	6.99e-02
 1.75655e+23	4.53e-02	8.91e-01	6.35e-02
 1.77075e+23	4.96e-02	8.93e-01	5.78e-02
 1.78442e+23	5.44e-02	8.93e-01	5.29e-02
 1.79726e+23	5.97e-02	8.92e-01	4.88e-02
 1.80918e+23	6.55e-02	8.89e-01	4.52e-02
 1.82016e+23	7.18e-02	8.86e-01	4.23e-02
 1.83026e+23	7.87e-02	8.82e-01	3.98e-02
 1.83943e+23	8.61e-02	8.76e-01	3.78e-02
 1.84751e+23	9.37e-02	8.70e-01	3.62e-02
 1.85477e+23	1.02e-01	8.63e-01	3.49e-02
 1.86139e+23	1.10e-01	8.56e-01	3.39e-02
 1.86742e+23	1.19e-01	8.48e-01	3.31e-02
 1.87294e+23	1.28e-01	8.39e-01	3.24e-02
 1.87809e+23	1.38e-01	8.30e-01	3.20e-02
 1.88292e+23	1.48e-01	8.20e-01	3.16e-02
 1.88743e+23	1.58e-01	8.10e-01	3.15e-02
 1.89144e+23	1.68e-01	8.00e-01	3.15e-02
 1.89485e+23	1.77e-01	7.91e-01	3.16e-02
 1.89784e+23	1.86e-01	7.83e-01	3.17e-02
 1.90043e+23	1.93e-01	7.75e-01	3.18e-02
 1.90274e+23	2.01e-01	7.68e-01	3.19e-02
 1.90519e+23	2.09e-01	7.59e-01	3.19e-02
 1.90786e+23	2.18e-01	7.50e-01	3.21e-02
 1.91049e+23	2.28e-01	7.40e-01	3.22e-02
 1.91249e+23	2.34e-01	7.33e-01	3.25e-02
 1.91379e+23	2.39e-01	7.28e-01	3.26e-02
 1.91508e+23	2.44e-01	7.23e-01	3.26e-02
 1.91664e+23	2.51e-01	7.16e-01	3.26e-02
 1.91836e+23	2.59e-01	7.09e-01	3.25e-02
 1.92003e+23	2.65e-01	7.02e-01	3.26e-02
 1.92165e+23	2.73e-01	6.95e-01	3.26e-02
 1.92331e+23	2.80e-01	6.87e-01	3.26e-02
 1.92506e+23	2.88e-01	6.79e-01	3.26e-02
 1.92689e+23	2.97e-01	6.70e-01	3.25e-02
 1.92869e+23	3.06e-01	6.62e-01	3.24e-02
 1.93050e+23	3.15e-01	6.53e-01	3.23e-02
 1.93241e+23	3.25e-01	6.43e-01	3.22e-02
 1.93440e+23	3.35e-01	6.33e-01	3.20e-02
 1.93644e+23	3.46e-01	6.22e-01	3.18e-02
 1.93848e+23	3.57e-01	6.12e-01	3.16e-02
 1.94060e+23	3.68e-01	6.00e-01	3.13e-02
 1.94283e+23	3.81e-01	5.88e-01	3.10e-02
 1.94508e+23	3.93e-01	5.76e-01	3.06e-02
 1.94737e+23	4.06e-01	5.64e-01	3.02e-02
 1.94977e+23	4.20e-01	5.50e-01	2.98e-02
 1.95227e+23	4.34e-01	5.37e-01	2.93e-02
 1.95483e+23	4.49e-01	5.23e-01	2.88e-02
 1.95747e+23	4.64e-01	5.08e-01	2.82e-02
 1.96023e+23	4.79e-01	4.93e-01	2.76e-02
 1.96309e+23	4.95e-01	4.78e-01	2.69e-02
 1.96605e+23	5.11e-01	4.62e-01	2.62e-02
 1.96911e+23	5.28e-01	4.47e-01	2.54e-02
 1.97227e+23	5.45e-01	4.31e-01	2.46e-02
 1.97552e+23	5.61e-01	4.15e-01	2.38e-02
 1.97886e+23	5.77e-01	4.00e-01	2.29e-02
 1.98230e+23	5.94e-01	3.84e-01	2.20e-02
 1.98594e+23	6.11e-01	3.68e-01	2.10e-02
 1.98976e+23	6.27e-01	3.53e-01	2.01e-02
 1.99362e+23	6.43e-01	3.38e-01	1.91e-02
 1.99765e+23	6.58e-01	3.24e-01	1.81e-02
 2.00200e+23	6.73e-01	3.10e-01	1.72e-02
 2.00654e+23	6.88e-01	2.96e-01	1.62e-02
 2.01126e+23	7.02e-01	2.83e-01	1.52e-02
 2.01630e+23	7.15e-01	2.70e-01	1.43e-02
 2.02168e+23	7.28e-01	2.58e-01	1.33e-02
 2.02735e+23	7.41e-01	2.47e-01	1.24e-02
 2.03316e+23	7.52e-01	2.36e-01	1.15e-02
 2.03878e+23	7.62e-01	2.27e-01	1.07e-02
 2.04417e+23	7.71e-01	2.19e-01	1.00e-02
 2.04948e+23	7.79e-01	2.11e-01	9.42e-03
 2.05470e+23	7.87e-01	2.04e-01	8.84e-03
 2.05981e+23	7.94e-01	1.98e-01	8.31e-03
 2.06472e+23	8.00e-01	1.92e-01	7.84e-03
 2.06940e+23	8.06e-01	1.87e-01	7.40e-03
 2.07377e+23	8.11e-01	1.82e-01	7.02e-03
 2.07801e+23	8.16e-01	1.78e-01	6.66e-03
 2.08225e+23	8.20e-01	1.73e-01	6.32e-03
 2.08636e+23	8.25e-01	1.69e-01	6.01e-03
 2.09032e+23	8.29e-01	1.65e-01	5.72e-03
 2.09413e+23	8.33e-01	1.62e-01	5.46e-03
 2.09780e+23	8.37e-01	1.58e-01	5.21e-03
 2.10136e+23	8.40e-01	1.55e-01	4.97e-03
 2.10480e+23	8.44e-01	1.52e-01	4.76e-03
 2.10810e+23	8.47e-01	1.48e-01	4.56e-03
 2.11129e+23	8.50e-01	1.46e-01	4.37e-03
 2.11437e+23	8.53e-01	1.43e-01	4.19e-03
 2.11729e+23	8.56e-01	1.40e-01	4.03e-03
 2.12015e+23	8.59e-01	1.37e-01	3.86e-03
 2.12293e+23	8.61e-01	1.35e-01	3.72e-03
 2.12546e+23	8.64e-01	1.33e-01	3.59e-03
 2.12777e+23	8.66e-01	1.31e-01	3.47e-03
 2.12987e+23	8.68e-01	1.29e-01	3.36e-03
 2.13178e+23	8.70e-01	1.27e-01	3.26e-03
 2.13351e+23	8.71e-01	1.25e-01	3.18e-03
 2.13510e+23	8.73e-01	1.24e-01	3.10e-03
 2.13654e+23	8.74e-01	1.23e-01	3.03e-03
 2.13811e+23	8.76e-01	1.21e-01	2.94e-03
 2.13982e+23	8.78e-01	1.20e-01	2.87e-03
 2.14136e+23	8.79e-01	1.18e-01	2.81e-03
 2.14306e+23	8.81e-01	1.17e-01	2.73e-03
 2.14490e+23	8.82e-01	1.15e-01	2.66e-03
 2.14656e+23	8.83e-01	1.14e-01	2.60e-03
 2.14808e+23	8.85e-01	1.13e-01	2.54e-03
 2.14946e+23	8.86e-01	1.11e-01	2.48e-03
 2.15098e+23	8.88e-01	1.10e-01	2.41e-03
 2.15261e+23	8.89e-01	1.09e-01	2.37e-03
 2.15440e+23	8.90e-01	1.07e-01	2.30e-03
 2.15633e+23	8.91e-01	1.06e-01	2.25e-03
 2.15809e+23	8.93e-01	1.05e-01	2.19e-03
 2.15969e+23	8.94e-01	1.04e-01	2.15e-03
 2.16145e+23	8.95e-01	1.02e-01	2.08e-03
 2.16373e+23	8.97e-01	1.01e-01	2.02e-03
 2.16619e+23	8.98e-01	9.96e-02	1.96e-03
 2.16843e+23	9.00e-01	9.80e-02	1.90e-03
 2.17047e+23	9.01e-01	9.67e-02	1.85e-03
 2.17233e+23	9.03e-01	9.54e-02	1.80e-03
 2.17401e+23	9.04e-01	9.42e-02	1.75e-03
 2.17586e+23	9.06e-01	9.28e-02	1.70e-03
 2.17786e+23	9.07e-01	9.16e-02	1.65e-03
 2.17968e+23	9.08e-01	9.04e-02	1.61e-03
 2.18133e+23	9.09e-01	8.93e-02	1.57e-03
 2.18284e+23	9.10e-01	8.84e-02	1.53e-03
 2.18449e+23	9.11e-01	8.71e-02	1.49e-03
 2.18627e+23	9.13e-01	8.60e-02	1.45e-03
 2.18789e+23	9.13e-01	8.51e-02	1.42e-03
 2.18966e+23	9.15e-01	8.39e-02	1.38e-03
 2.19158e+23	9.16e-01	8.29e-02	1.35e-03
 2.19332e+23	9.17e-01	8.19e-02	1.32e-03
 2.19523e+23	9.18e-01	8.06e-02	1.27e-03
 2.19730e+23	9.19e-01	7.95e-02	1.24e-03
 2.19918e+23	9.20e-01	7.86e-02	1.21e-03
 2.20088e+23	9.21e-01	7.76e-02	1.18e-03
 2.20276e+23	9.22e-01	7.64e-02	1.14e-03
 2.20478e+23	9.24e-01	7.54e-02	1.11e-03
 2.20662e+23	9.24e-01	7.45e-02	1.08e-03
 2.20863e+23	9.26e-01	7.33e-02	1.05e-03
 2.21081e+23	9.26e-01	7.25e-02	1.03e-03
 2.21279e+23	9.28e-01	7.14e-02	9.95e-04
 2.21459e+23	9.28e-01	7.07e-02	9.76e-04
 2.21657e+23	9.29e-01	6.96e-02	9.46e-04
 2.21870e+23	9.30e-01	6.88e-02	9.23e-04
 2.22064e+23	9.31e-01	6.80e-02	9.03e-04
 2.22276e+23	9.32e-01	6.69e-02	8.72e-04
 2.22506e+23	9.33e-01	6.60e-02	8.49e-04
 2.22715e+23	9.34e-01	6.51e-02	8.25e-04
 2.22905e+23	9.35e-01	6.44e-02	8.09e-04
 2.23113e+23	9.36e-01	6.34e-02	7.82e-04
 2.23338e+23	9.37e-01	6.26e-02	7.63e-04
 2.23542e+23	9.37e-01	6.19e-02	7.46e-04
 2.23767e+23	9.38e-01	6.08e-02	7.20e-04
 2.24009e+23	9.39e-01	6.00e-02	7.01e-04
 2.24229e+23	9.40e-01	5.91e-02	6.80e-04
 2.24429e+23	9.41e-01	5.85e-02	6.66e-04
 2.24649e+23	9.42e-01	5.76e-02	6.44e-04
 2.24886e+23	9.43e-01	5.68e-02	6.28e-04
 2.25102e+23	9.43e-01	5.62e-02	6.13e-04
 2.25338e+23	9.44e-01	5.52e-02	5.92e-04
 2.25593e+23	9.45e-01	5.44e-02	5.76e-04
 2.25826e+23	9.46e-01	5.37e-02	5.61e-04
 2.26080e+23	9.47e-01	5.27e-02	5.41e-04
 2.26355e+23	9.47e-01	5.21e-02	5.27e-04
 2.26605e+23	9.48e-01	5.12e-02	5.10e-04
 2.26833e+23	9.49e-01	5.05e-02	4.95e-04
 2.27040e+23	9.50e-01	4.99e-02	4.85e-04
 2.27267e+23	9.50e-01	4.91e-02	4.69e-04
 2.27512e+23	9.51e-01	4.85e-02	4.57e-04
 2.27734e+23	9.52e-01	4.80e-02	4.47e-04
 2.27979e+23	9.52e-01	4.71e-02	4.31e-04
 2.28242e+23	9.53e-01	4.65e-02	4.19e-04
 2.28482e+23	9.54e-01	4.59e-02	4.09e-04
 2.28745e+23	9.55e-01	4.51e-02	3.95e-04
 2.29029e+23	9.55e-01	4.44e-02	3.83e-04
 2.29288e+23	9.56e-01	4.39e-02	3.74e-04
 2.29571e+23	9.57e-01	4.30e-02	3.60e-04
 2.29876e+23	9.57e-01	4.24e-02	3.49e-04
 2.30154e+23	9.58e-01	4.18e-02	3.39e-04
 2.30459e+23	9.59e-01	4.10e-02	3.26e-04
 2.30788e+23	9.59e-01	4.03e-02	3.15e-04
 2.31088e+23	9.60e-01	3.97e-02	3.06e-04
 2.31416e+23	9.61e-01	3.89e-02	2.94e-04
 2.31770e+23	9.62e-01	3.82e-02	2.83e-04
 2.32092e+23	9.62e-01	3.76e-02	2.74e-04
 2.32445e+23	9.63e-01	3.68e-02	2.63e-04
 2.32827e+23	9.64e-01	3.61e-02	2.53e-04
 2.33174e+23	9.64e-01	3.55e-02	2.44e-04
 2.33554e+23	9.65e-01	3.47e-02	2.34e-04
 2.33964e+23	9.66e-01	3.40e-02	2.25e-04
 2.34338e+23	9.66e-01	3.33e-02	2.16e-04
 2.34678e+23	9.67e-01	3.28e-02	2.09e-04
 2.35050e+23	9.68e-01	3.21e-02	2.00e-04
 2.35452e+23	9.68e-01	3.14e-02	1.92e-04
 2.35818e+23	9.69e-01	3.09e-02	1.86e-04
 2.36219e+23	9.70e-01	3.02e-02	1.77e-04
 2.36652e+23	9.70e-01	2.96e-02	1.70e-04
 2.37046e+23	9.71e-01	2.90e-02	1.64e-04
 2.37478e+23	9.71e-01	2.84e-02	1.57e-04
 2.37944e+23	9.72e-01	2.78e-02	1.50e-04
 2.38368e+23	9.73e-01	2.72e-02	1.44e-04
 2.38754e+23	9.73e-01	2.67e-02	1.38e-04
 2.39176e+23	9.74e-01	2.61e-02	1.32e-04
 2.39633e+23	9.74e-01	2.55e-02	1.27e-04
 2.40048e+23	9.75e-01	2.50e-02	1.22e-04
 2.40426e+23	9.75e-01	2.46e-02	1.18e-04
 2.40841e+23	9.76e-01	2.41e-02	1.13e-04
 2.41288e+23	9.76e-01	2.36e-02	1.08e-04
 2.41778e+23	9.77e-01	2.30e-02	1.03e-04
 2.42307e+23	9.77e-01	2.25e-02	9.83e-05
 2.42789e+23	9.78e-01	2.20e-02	9.40e-05
 2.43227e+23	9.78e-01	2.15e-02	9.02e-05
 2.43707e+23	9.79e-01	2.10e-02	8.62e-05
 2.44225e+23	9.79e-01	2.06e-02	8.22e-05
 2.44697e+23	9.80e-01	2.01e-02	7.87e-05
 2.45214e+23	9.80e-01	1.96e-02	7.49e-05
 2.45772e+23	9.81e-01	1.91e-02	7.13e-05
 2.46383e+23	9.81e-01	1.86e-02	6.71e-05
 2.47088e+23	9.82e-01	1.80e-02	6.28e-05
 2.47815e+23	9.83e-01	1.74e-02	5.88e-05
 2.48558e+23	9.83e-01	1.68e-02	5.50e-05
 2.49312e+23	9.84e-01	1.62e-02	5.13e-05
 2.50076e+23	9.84e-01	1.57e-02	4.79e-05
 2.50847e+23	9.85e-01	1.51e-02	4.47e-05
 2.51626e+23	9.85e-01	1.46e-02	4.18e-05
 2.52413e+23	9.86e-01	1.41e-02	3.89e-05
 2.53205e+23	9.86e-01	1.36e-02	3.63e-05
 2.54005e+23	9.87e-01	1.32e-02	3.38e-05
 2.54814e+23	9.87e-01	1.27e-02	3.15e-05
 2.55630e+23	9.88e-01	1.23e-02	2.94e-05
 2.56453e+23	9.88e-01	1.18e-02	2.73e-05
 2.57282e+23	9.89e-01	1.14e-02	2.54e-05
 2.58117e+23	9.89e-01	1.10e-02	2.37e-05
 2.58958e+23	9.89e-01	1.06e-02	2.20e-05
 2.59803e+23	9.90e-01	1.02e-02	2.05e-05
 2.60656e+23	9.90e-01	9.87e-03	1.90e-05
 2.61517e+23	9.90e-01	9.51e-03	1.77e-05
 2.62383e+23	9.91e-01	9.17e-03	1.64e-05
 2.63256e+23	9.91e-01	8.83e-03	1.53e-05
 2.64135e+23	9.91e-01	8.51e-03	1.42e-05
 2.65021e+23	9.92e-01	8.20e-03	1.32e-05
 2.65928e+23	9.92e-01	7.89e-03	1.22e-05
 2.66855e+23	9.92e-01	7.59e-03	1.13e-05
 2.67789e+23	9.93e-01	7.31e-03	1.04e-05
 2.68735e+23	9.93e-01	7.03e-03	9.66e-06
 2.69690e+23	9.93e-01	6.76e-03	8.94e-06
 2.70656e+23	9.93e-01	6.49e-03	8.26e-06
 2.71633e+23	9.94e-01	6.24e-03	7.63e-06
 2.72623e+23	9.94e-01	6.00e-03	7.04e-06
 2.73629e+23	9.94e-01	5.76e-03	6.49e-06
 2.74653e+23	9.94e-01	5.53e-03	5.98e-06
 2.75704e+23	9.95e-01	5.30e-03	5.50e-06
 2.76781e+23	9.95e-01	5.08e-03	5.05e-06
 2.77875e+23	9.95e-01	4.86e-03	4.63e-06
 2.78989e+23	9.95e-01	4.65e-03	4.24e-06
 2.80123e+23	9.96e-01	4.45e-03	3.88e-06
 2.81278e+23	9.96e-01	4.26e-03	3.55e-06
 2.82455e+23	9.96e-01	4.07e-03	3.24e-06
 2.83659e+23	9.96e-01	3.89e-03	2.96e-06
 2.84893e+23	9.96e-01	3.71e-03	2.69e-06
 2.86157e+23	9.96e-01	3.53e-03	2.44e-06
 2.87449e+23	9.97e-01	3.37e-03	2.22e-06
 2.88772e+23	9.97e-01	3.20e-03	2.01e-06
 2.90127e+23	9.97e-01	3.05e-03	1.81e-06
 2.91515e+23	9.97e-01	2.89e-03	1.64e-06
 2.92940e+23	9.97e-01	2.75e-03	1.47e-06
 2.94392e+23	9.97e-01	2.60e-03	1.33e-06
 2.95856e+23	9.98e-01	2.47e-03	1.19e-06
 2.97332e+23	9.98e-01	2.34e-03	1.07e-06
 2.98827e+23	9.98e-01	2.22e-03	9.63e-07
 3.00337e+23	9.98e-01	2.10e-03	8.65e-07
 3.01862e+23	9.98e-01	1.99e-03	7.76e-07
 3.03403e+23	9.98e-01	1.89e-03	6.96e-07
 3.04960e+23	9.98e-01	1.79e-03	6.23e-07
 3.06535e+23	9.98e-01	1.69e-03	5.58e-07
 3.07947e+23	9.98e-01	1.62e-03	5.10e-07
