#depth	Ar	Ar+	Ar+2	Ar+3	Ar+4	Ar+5	Ar+6	Ar+7	Ar+8	Ar+9	Ar+10	Ar+11	Ar+12	Ar+13	Ar+14	Ar+15	Ar+16	Ar+17	Ar+18
 4.62852e+21	0.00e+00	0.00e+00	0.00e+00	0.00e+00	0.00e+00	0.00e+00	0.00e+00	8.09e-26	4.00e-22	6.10e-19	4.56e-16	1.65e-13	4.15e-11	5.27e-09	4.24e-07	3.59e-05	5.30e-03	1.19e-01	8.76e-01
 1.05508e+22	0.00e+00	0.00e+00	0.00e+00	0.00e+00	0.00e+00	0.00e+00	2.19e-27	4.23e-24	1.42e-20	1.48e-17	7.64e-15	1.91e-12	3.32e-10	2.94e-08	1.66e-06	9.88e-05	1.02e-02	1.61e-01	8.29e-01
 1.27300e+22	0.00e+00	0.00e+00	0.00e+00	0.00e+00	0.00e+00	1.78e-29	4.03e-26	6.17e-23	1.59e-19	1.28e-16	5.11e-14	9.95e-12	1.34e-09	9.30e-08	4.13e-06	1.94e-04	1.58e-02	1.95e-01	7.89e-01
 1.43239e+22	0.00e+00	0.00e+00	0.00e+00	0.00e+00	0.00e+00	2.16e-28	4.08e-25	5.20e-22	1.09e-18	7.11e-16	2.32e-13	3.69e-11	4.07e-09	2.32e-07	8.50e-06	3.30e-04	2.22e-02	2.26e-01	7.52e-01
 1.52093e+22	0.00e+00	0.00e+00	0.00e+00	0.00e+00	6.19e-32	1.87e-28	3.37e-25	4.10e-22	1.77e-18	1.09e-15	3.38e-13	5.12e-11	5.37e-09	2.91e-07	1.02e-05	3.77e-04	2.42e-02	2.34e-01	7.42e-01
 1.55200e+22	0.00e+00	0.00e+00	0.00e+00	0.00e+00	1.02e-31	2.98e-28	5.21e-25	6.12e-22	2.53e-18	1.51e-15	4.49e-13	6.54e-11	6.60e-09	3.45e-07	1.16e-05	4.16e-04	2.57e-02	2.40e-01	7.34e-01
 1.57862e+22	0.00e+00	0.00e+00	0.00e+00	0.00e+00	1.68e-31	4.75e-28	8.02e-25	9.11e-22	3.63e-18	2.08e-15	5.95e-13	8.34e-11	8.11e-09	4.09e-07	1.33e-05	4.58e-04	2.74e-02	2.46e-01	7.26e-01
 1.60914e+22	0.00e+00	0.00e+00	0.00e+00	0.00e+00	3.10e-31	8.39e-28	1.36e-24	1.48e-21	5.62e-18	3.07e-15	8.38e-13	1.12e-10	1.04e-08	5.02e-07	1.56e-05	5.16e-04	2.95e-02	2.54e-01	7.16e-01
 1.64055e+22	0.00e+00	0.00e+00	0.00e+00	0.00e+00	5.38e-31	1.40e-27	2.19e-24	2.30e-21	8.35e-18	4.37e-15	1.14e-12	1.47e-10	1.31e-08	6.05e-07	1.81e-05	5.74e-04	3.15e-02	2.61e-01	7.07e-01
 1.66766e+22	0.00e+00	0.00e+00	0.00e+00	0.00e+00	8.92e-31	2.25e-27	3.39e-24	3.44e-21	1.20e-17	6.03e-15	1.52e-12	1.88e-10	1.61e-08	7.18e-07	2.07e-05	6.33e-04	3.36e-02	2.67e-01	6.98e-01
 1.69201e+22	0.00e+00	0.00e+00	0.00e+00	0.00e+00	1.40e-30	3.42e-27	5.00e-24	4.91e-21	1.65e-17	8.04e-15	1.96e-12	2.34e-10	1.94e-08	8.36e-07	2.34e-05	6.91e-04	3.54e-02	2.73e-01	6.91e-01
 1.71820e+22	0.00e+00	0.00e+00	0.00e+00	0.00e+00	2.32e-30	5.49e-27	7.77e-24	7.37e-21	2.38e-17	1.11e-14	2.60e-12	2.99e-10	2.39e-08	9.90e-07	2.67e-05	7.61e-04	3.77e-02	2.80e-01	6.82e-01
 1.74639e+22	0.00e+00	0.00e+00	0.00e+00	0.00e+00	3.84e-30	8.79e-27	1.20e-23	1.10e-20	3.43e-17	1.54e-14	3.46e-12	3.83e-10	2.94e-08	1.17e-06	3.05e-05	8.39e-04	4.00e-02	2.87e-01	6.73e-01
 1.77186e+22	0.00e+00	0.00e+00	0.00e+00	0.00e+00	6.10e-30	1.35e-26	1.79e-23	1.59e-20	4.78e-17	2.07e-14	4.49e-12	4.80e-10	3.56e-08	1.37e-06	3.45e-05	9.17e-04	4.23e-02	2.93e-01	6.64e-01
 1.79964e+22	0.00e+00	0.00e+00	0.00e+00	0.00e+00	1.06e-29	2.26e-26	2.89e-23	2.47e-20	7.10e-17	2.94e-14	6.12e-12	6.27e-10	4.45e-08	1.65e-06	3.99e-05	1.02e-03	4.51e-02	3.00e-01	6.54e-01
 1.82872e+22	0.00e+00	0.00e+00	0.00e+00	0.00e+00	1.78e-29	3.67e-26	4.53e-23	3.74e-20	1.03e-16	4.10e-14	8.20e-12	8.08e-10	5.52e-08	1.97e-06	4.57e-05	1.12e-03	4.80e-02	3.07e-01	6.44e-01
 1.85336e+22	0.00e+00	0.00e+00	0.00e+00	0.00e+00	2.78e-29	5.57e-26	6.67e-23	5.33e-20	1.42e-16	5.46e-14	1.05e-11	1.00e-09	6.63e-08	2.29e-06	5.15e-05	1.22e-03	5.06e-02	3.13e-01	6.35e-01
 1.87929e+22	0.00e+00	0.00e+00	0.00e+00	0.00e+00	2.49e-29	4.81e-26	5.57e-23	8.03e-20	2.05e-16	7.57e-14	1.41e-11	1.29e-09	8.16e-08	2.71e-06	5.88e-05	1.35e-03	5.37e-02	3.20e-01	6.25e-01
 1.90698e+22	0.00e+00	0.00e+00	0.00e+00	0.00e+00	4.07e-29	7.63e-26	8.53e-23	1.19e-19	2.92e-16	1.04e-13	1.86e-11	1.64e-09	1.00e-07	3.20e-06	6.69e-05	1.48e-03	5.68e-02	3.27e-01	6.15e-01
 1.93203e+22	0.00e+00	0.00e+00	0.00e+00	0.00e+00	6.42e-29	1.17e-25	1.27e-22	1.71e-19	4.05e-16	1.39e-13	2.40e-11	2.04e-09	1.20e-07	3.72e-06	7.53e-05	1.61e-03	5.99e-02	3.33e-01	6.06e-01
 1.95965e+22	0.00e+00	0.00e+00	0.00e+00	0.00e+00	1.11e-28	1.94e-25	2.03e-22	2.63e-19	5.98e-16	1.96e-13	3.25e-11	2.65e-09	1.50e-07	4.46e-06	8.67e-05	1.78e-03	6.37e-02	3.40e-01	5.95e-01
 1.98866e+22	0.00e+00	0.00e+00	0.00e+00	4.47e-32	1.85e-28	3.13e-25	3.17e-22	3.96e-19	8.65e-16	2.73e-13	4.34e-11	3.41e-09	1.85e-07	5.29e-06	9.91e-05	1.96e-03	6.75e-02	3.47e-01	5.84e-01
 2.01298e+22	0.00e+00	0.00e+00	0.00e+00	7.13e-32	2.87e-28	4.71e-25	4.62e-22	5.60e-19	1.18e-15	3.61e-13	5.55e-11	4.22e-09	2.22e-07	6.13e-06	1.11e-04	2.13e-03	7.09e-02	3.53e-01	5.74e-01
 2.03475e+22	0.00e+00	0.00e+00	0.00e+00	1.09e-31	4.25e-28	6.81e-25	6.50e-22	7.68e-19	1.57e-15	4.64e-13	6.92e-11	5.10e-09	2.60e-07	6.98e-06	1.23e-04	2.29e-03	7.41e-02	3.58e-01	5.66e-01
 2.05968e+22	0.00e+00	0.00e+00	0.00e+00	1.81e-31	6.89e-28	1.07e-24	9.88e-22	1.13e-18	2.22e-15	6.31e-13	9.06e-11	6.44e-09	3.16e-07	8.18e-06	1.39e-04	2.50e-03	7.81e-02	3.64e-01	5.55e-01
 2.08686e+22	0.00e+00	0.00e+00	0.00e+00	3.06e-31	1.12e-27	1.69e-24	1.51e-21	1.66e-18	3.15e-15	8.62e-13	1.19e-10	8.16e-09	3.86e-07	9.63e-06	1.58e-04	2.74e-03	8.24e-02	3.70e-01	5.44e-01
 2.11196e+22	0.00e+00	0.00e+00	0.00e+00	4.98e-31	1.77e-27	2.58e-24	2.24e-21	2.39e-18	4.37e-15	1.15e-12	1.54e-10	1.02e-08	4.65e-07	1.12e-05	1.77e-04	2.98e-03	8.66e-02	3.76e-01	5.34e-01
 2.13958e+22	0.00e+00	0.00e+00	0.00e+00	8.89e-31	3.06e-27	4.29e-24	3.59e-21	3.68e-18	6.46e-15	1.63e-12	2.09e-10	1.32e-08	5.80e-07	1.34e-05	2.04e-04	3.28e-03	9.18e-02	3.83e-01	5.22e-01
 2.16709e+22	0.00e+00	0.00e+00	0.00e+00	1.48e-30	4.94e-27	6.70e-24	5.42e-21	5.37e-18	9.09e-15	2.22e-12	2.73e-10	1.67e-08	7.06e-07	1.57e-05	2.31e-04	3.58e-03	9.67e-02	3.88e-01	5.11e-01
 2.18948e+22	0.00e+00	0.00e+00	0.00e+00	2.29e-30	7.43e-27	9.81e-24	7.72e-21	7.42e-18	1.22e-14	2.88e-12	3.44e-10	2.03e-08	8.33e-07	1.80e-05	2.56e-04	3.86e-03	1.01e-01	3.93e-01	5.02e-01
 2.21363e+22	0.00e+00	0.00e+00	0.00e+00	3.78e-30	1.19e-26	1.52e-23	1.16e-20	1.08e-17	1.71e-14	3.89e-12	4.47e-10	2.55e-08	1.01e-06	2.10e-05	2.88e-04	4.20e-03	1.06e-01	3.99e-01	4.91e-01
 2.24005e+22	0.00e+00	0.00e+00	0.00e+00	6.30e-30	1.92e-26	2.38e-23	1.75e-20	1.57e-17	2.40e-14	5.27e-12	5.85e-10	3.21e-08	1.22e-06	2.46e-05	3.26e-04	4.57e-03	1.11e-01	4.04e-01	4.80e-01
 2.26470e+22	0.00e+00	0.00e+00	0.00e+00	1.01e-29	2.98e-26	3.58e-23	2.56e-20	2.23e-17	3.28e-14	6.97e-12	7.48e-10	3.97e-08	1.46e-06	2.84e-05	3.64e-04	4.94e-03	1.17e-01	4.09e-01	4.69e-01
 2.29201e+22	0.00e+00	0.00e+00	0.00e+00	1.78e-29	5.09e-26	5.90e-23	4.07e-20	3.40e-17	4.82e-14	9.80e-12	1.01e-09	5.15e-08	1.82e-06	3.39e-05	4.17e-04	5.43e-03	1.23e-01	4.14e-01	4.57e-01
 2.31925e+22	0.00e+00	0.00e+00	0.00e+00	2.97e-29	8.21e-26	9.20e-23	6.13e-20	4.95e-17	6.76e-14	1.33e-11	1.32e-09	6.48e-08	2.21e-06	3.97e-05	4.70e-04	5.91e-03	1.29e-01	4.19e-01	4.45e-01
 2.34137e+22	0.00e+00	0.00e+00	0.00e+00	4.54e-29	1.22e-25	1.33e-22	8.64e-20	6.77e-17	8.98e-14	1.71e-11	1.65e-09	7.85e-08	2.59e-06	4.52e-05	5.20e-04	6.34e-03	1.35e-01	4.23e-01	4.36e-01
 2.36509e+22	0.00e+00	0.00e+00	1.92e-32	7.52e-29	1.96e-25	2.07e-22	1.30e-19	9.83e-17	1.26e-13	2.31e-11	2.15e-09	9.86e-08	3.14e-06	5.28e-05	5.85e-04	6.88e-03	1.41e-01	4.27e-01	4.24e-01
 2.39073e+22	0.00e+00	0.00e+00	3.20e-32	1.22e-28	3.09e-25	3.16e-22	1.92e-19	1.40e-16	1.74e-13	3.08e-11	2.76e-09	1.23e-07	3.78e-06	6.13e-05	6.56e-04	7.45e-03	1.47e-01	4.31e-01	4.13e-01
 2.41482e+22	0.00e+00	0.00e+00	5.24e-32	1.95e-28	4.78e-25	4.74e-22	2.79e-19	1.98e-16	2.37e-13	4.07e-11	3.53e-09	1.52e-07	4.51e-06	7.07e-05	7.31e-04	8.03e-03	1.54e-01	4.35e-01	4.03e-01
 2.44209e+22	0.00e+00	0.00e+00	9.67e-32	3.48e-28	8.23e-25	7.86e-22	4.45e-19	3.02e-16	3.49e-13	5.74e-11	4.78e-09	1.97e-07	5.61e-06	8.44e-05	8.37e-04	8.81e-03	1.62e-01	4.39e-01	3.90e-01
 2.46881e+22	0.00e+00	0.00e+00	1.63e-31	5.70e-28	1.30e-24	1.21e-21	6.61e-19	4.33e-16	4.83e-13	7.69e-11	6.18e-09	2.46e-07	6.77e-06	9.82e-05	9.39e-04	9.54e-03	1.69e-01	4.42e-01	3.78e-01
 2.49025e+22	0.00e+00	0.00e+00	2.57e-31	8.78e-28	1.95e-24	1.75e-21	9.32e-19	5.92e-16	6.43e-13	9.93e-11	7.74e-09	2.99e-07	7.97e-06	1.12e-04	1.04e-03	1.02e-02	1.76e-01	4.44e-01	3.69e-01
 2.51354e+22	0.00e+00	0.00e+00	4.32e-31	1.43e-27	3.09e-24	2.69e-21	1.38e-18	8.48e-16	8.90e-13	1.33e-10	1.00e-08	3.72e-07	9.60e-06	1.30e-04	1.16e-03	1.10e-02	1.83e-01	4.47e-01	3.58e-01
 2.53891e+22	0.00e+00	0.00e+00	7.26e-31	2.34e-27	4.89e-24	4.11e-21	2.04e-18	1.21e-15	1.23e-12	1.77e-10	1.29e-08	4.64e-07	1.16e-05	1.51e-04	1.30e-03	1.19e-02	1.91e-01	4.49e-01	3.47e-01
 2.56256e+22	0.00e+00	0.00e+00	1.19e-30	3.75e-27	7.59e-24	6.17e-21	2.97e-18	1.70e-15	1.68e-12	2.34e-10	1.65e-08	5.74e-07	1.38e-05	1.75e-04	1.45e-03	1.28e-02	1.98e-01	4.51e-01	3.36e-01
 2.58535e+22	0.00e+00	0.00e+00	1.96e-30	5.98e-27	1.17e-23	9.23e-21	4.30e-18	2.37e-15	2.27e-12	3.08e-10	2.10e-08	7.07e-07	1.65e-05	2.02e-04	1.62e-03	1.38e-02	2.06e-01	4.53e-01	3.26e-01
 2.60728e+22	0.00e+00	0.00e+00	3.10e-30	9.25e-27	1.76e-23	1.35e-20	6.07e-18	3.24e-15	3.03e-12	3.98e-10	2.64e-08	8.60e-07	1.94e-05	2.30e-04	1.79e-03	1.48e-02	2.14e-01	4.54e-01	3.16e-01
 2.62840e+22	0.00e+00	0.00e+00	4.89e-30	1.42e-26	2.63e-23	1.95e-20	8.52e-18	4.40e-15	4.01e-12	5.12e-10	3.29e-08	1.04e-06	2.29e-05	2.62e-04	1.97e-03	1.58e-02	2.21e-01	4.55e-01	3.06e-01
 2.65263e+22	0.00e+00	0.00e+00	8.79e-30	2.47e-26	4.39e-23	3.13e-20	1.31e-17	6.51e-15	5.73e-12	7.07e-10	4.38e-08	1.33e-06	2.82e-05	3.11e-04	2.24e-03	1.71e-02	2.31e-01	4.55e-01	2.94e-01
 2.67710e+22	0.00e+00	0.00e+00	1.40e-29	3.85e-26	6.65e-23	4.59e-20	1.87e-17	8.96e-15	7.67e-12	9.18e-10	5.51e-08	1.63e-06	3.33e-05	3.55e-04	2.47e-03	1.83e-02	2.39e-01	4.55e-01	2.85e-01
 2.70188e+22	0.00e+00	0.00e+00	2.57e-29	6.81e-26	1.13e-22	7.49e-20	2.92e-17	1.34e-14	1.11e-11	1.28e-09	7.41e-08	2.10e-06	4.13e-05	4.22e-04	2.81e-03	1.99e-02	2.49e-01	4.55e-01	2.72e-01
 2.72676e+22	0.00e+00	0.00e+00	4.28e-29	1.10e-25	1.76e-22	1.13e-19	4.24e-17	1.87e-14	1.51e-11	1.69e-09	9.48e-08	2.60e-06	4.95e-05	4.88e-04	3.13e-03	2.14e-02	2.58e-01	4.54e-01	2.62e-01
 2.74720e+22	0.00e+00	0.00e+00	6.69e-29	1.67e-25	2.60e-22	1.61e-19	5.88e-17	2.51e-14	1.98e-11	2.16e-09	1.18e-07	3.14e-06	5.79e-05	5.55e-04	3.44e-03	2.28e-02	2.66e-01	4.54e-01	2.54e-01
 2.76917e+22	0.00e+00	0.00e+00	1.12e-28	2.72e-25	4.09e-22	2.45e-19	8.60e-17	3.53e-14	2.71e-11	2.87e-09	1.51e-07	3.90e-06	6.96e-05	6.42e-04	3.84e-03	2.45e-02	2.75e-01	4.52e-01	2.43e-01
 2.79247e+22	0.00e+00	0.00e+00	1.86e-28	4.37e-25	6.35e-22	3.66e-19	1.24e-16	4.89e-14	3.66e-11	3.77e-09	1.93e-07	4.81e-06	8.32e-05	7.42e-04	4.27e-03	2.62e-02	2.85e-01	4.50e-01	2.34e-01
 2.81320e+22	0.00e+00	0.00e+00	2.90e-28	6.65e-25	9.37e-22	5.23e-19	1.72e-16	6.55e-14	4.79e-11	4.80e-09	2.39e-07	5.79e-06	9.73e-05	8.41e-04	4.68e-03	2.78e-02	2.93e-01	4.48e-01	2.25e-01
 2.83587e+22	0.00e+00	0.00e+00	5.09e-28	1.13e-24	1.53e-21	8.20e-19	2.58e-16	9.43e-14	6.71e-11	6.52e-09	3.14e-07	7.33e-06	1.19e-04	9.86e-04	5.26e-03	3.00e-02	3.03e-01	4.46e-01	2.15e-01
 2.85919e+22	0.00e+00	0.00e+00	8.39e-28	1.81e-24	2.36e-21	1.22e-18	3.69e-16	1.30e-13	9.01e-11	8.53e-09	3.98e-07	9.02e-06	1.42e-04	1.14e-03	5.83e-03	3.20e-02	3.12e-01	4.43e-01	2.06e-01
 2.87895e+22	0.00e+00	0.00e+00	1.29e-27	2.71e-24	3.44e-21	1.72e-18	5.05e-16	1.72e-13	1.17e-10	1.08e-08	4.90e-07	1.08e-05	1.65e-04	1.28e-03	6.37e-03	3.38e-02	3.20e-01	4.40e-01	1.98e-01
 2.90026e+22	0.00e+00	0.00e+00	2.20e-27	4.47e-24	5.46e-21	2.63e-18	7.39e-16	2.41e-13	1.60e-10	1.44e-08	6.33e-07	1.35e-05	1.99e-04	1.49e-03	7.10e-03	3.62e-02	3.30e-01	4.36e-01	1.89e-01
 2.92225e+22	0.00e+00	7.76e-33	3.53e-27	6.96e-24	8.22e-21	3.81e-18	1.03e-15	3.25e-13	2.11e-10	1.85e-08	7.93e-07	1.64e-05	2.34e-04	1.70e-03	7.82e-03	3.85e-02	3.39e-01	4.32e-01	1.81e-01
 2.94165e+22	0.00e+00	1.24e-32	5.48e-27	1.05e-23	1.20e-20	5.40e-18	1.42e-15	4.29e-13	2.74e-10	2.34e-08	9.79e-07	1.96e-05	2.73e-04	1.92e-03	8.54e-03	4.07e-02	3.47e-01	4.28e-01	1.73e-01
 2.96340e+22	0.00e+00	2.21e-32	9.50e-27	1.76e-23	1.94e-20	8.35e-18	2.10e-15	6.08e-13	3.79e-10	3.14e-08	1.27e-06	2.46e-05	3.31e-04	2.24e-03	9.54e-03	4.35e-02	3.57e-01	4.23e-01	1.64e-01
 2.98576e+22	0.00e+00	3.71e-32	1.55e-26	2.78e-23	2.95e-20	1.22e-17	2.96e-15	8.23e-13	5.03e-10	4.08e-08	1.60e-06	3.01e-05	3.93e-04	2.56e-03	1.05e-02	4.62e-02	3.66e-01	4.18e-01	1.57e-01
 3.00469e+22	0.00e+00	5.79e-32	2.36e-26	4.13e-23	4.25e-20	1.71e-17	3.99e-15	1.07e-12	6.44e-10	5.10e-08	1.96e-06	3.58e-05	4.54e-04	2.88e-03	1.14e-02	4.86e-02	3.74e-01	4.13e-01	1.50e-01
 3.02506e+22	0.00e+00	1.01e-31	4.00e-26	6.76e-23	6.69e-20	2.58e-17	5.78e-15	1.49e-12	8.74e-10	6.75e-08	2.51e-06	4.44e-05	5.45e-04	3.33e-03	1.27e-02	5.18e-02	3.83e-01	4.07e-01	1.42e-01
 3.04620e+22	0.00e+00	1.63e-31	6.27e-26	1.03e-22	9.88e-20	3.68e-17	7.95e-15	1.97e-12	1.14e-09	8.58e-08	3.11e-06	5.34e-05	6.37e-04	3.76e-03	1.38e-02	5.46e-02	3.91e-01	4.01e-01	1.35e-01
 3.06520e+22	0.00e+00	2.63e-31	9.88e-26	1.58e-22	1.46e-19	5.23e-17	1.09e-14	2.60e-12	1.48e-09	1.09e-07	3.86e-06	6.43e-05	7.45e-04	4.26e-03	1.51e-02	5.75e-02	3.98e-01	3.95e-01	1.29e-01
 3.08369e+22	0.00e+00	4.15e-31	1.52e-25	2.36e-22	2.12e-19	7.34e-17	1.47e-14	3.40e-12	1.90e-09	1.37e-07	4.73e-06	7.66e-05	8.64e-04	4.78e-03	1.64e-02	6.04e-02	4.06e-01	3.89e-01	1.23e-01
 3.10466e+22	0.00e+00	7.31e-31	2.60e-25	3.90e-22	3.35e-19	1.11e-16	2.14e-14	4.72e-12	2.58e-09	1.82e-07	6.08e-06	9.53e-05	1.04e-03	5.52e-03	1.82e-02	6.41e-02	4.14e-01	3.81e-01	1.16e-01
 3.12630e+22	0.00e+00	1.22e-30	4.22e-25	6.13e-22	5.08e-19	1.62e-16	3.00e-14	6.33e-12	3.41e-09	2.34e-07	7.64e-06	1.16e-04	1.22e-03	6.29e-03	1.99e-02	6.76e-02	4.22e-01	3.74e-01	1.09e-01
 3.14522e+22	0.00e+00	1.96e-30	6.62e-25	9.32e-22	7.46e-19	2.30e-16	4.08e-14	8.28e-12	4.40e-09	2.96e-07	9.42e-06	1.39e-04	1.43e-03	7.10e-03	2.16e-02	7.09e-02	4.28e-01	3.67e-01	1.04e-01
 3.16328e+22	0.00e+00	3.08e-30	1.02e-24	1.39e-21	1.08e-18	3.20e-16	5.49e-14	1.07e-11	5.62e-09	3.71e-07	1.15e-05	1.65e-04	1.65e-03	7.95e-03	2.34e-02	7.42e-02	4.34e-01	3.60e-01	9.84e-02
 3.18386e+22	0.00e+00	5.41e-30	1.73e-24	2.29e-21	1.70e-18	4.84e-16	7.93e-14	1.48e-11	7.62e-09	4.90e-07	1.48e-05	2.05e-04	1.97e-03	9.14e-03	2.58e-02	7.84e-02	4.41e-01	3.51e-01	9.21e-02
 3.20524e+22	0.00e+00	8.92e-30	2.78e-24	3.56e-21	2.55e-18	6.97e-16	1.10e-13	1.97e-11	9.96e-09	6.28e-07	1.84e-05	2.47e-04	2.31e-03	1.04e-02	2.81e-02	8.22e-02	4.47e-01	3.43e-01	8.68e-02
 3.22446e+22	0.00e+00	1.45e-29	4.41e-24	5.47e-21	3.78e-18	9.94e-16	1.50e-13	2.58e-11	1.29e-08	7.98e-07	2.28e-05	2.97e-04	2.70e-03	1.17e-02	3.05e-02	8.60e-02	4.52e-01	3.35e-01	8.17e-02
 3.24627e+22	0.00e+00	2.69e-29	7.93e-24	9.44e-21	6.22e-18	1.56e-15	2.24e-13	3.65e-11	1.80e-08	1.08e-06	2.99e-05	3.75e-04	3.28e-03	1.36e-02	3.39e-02	9.09e-02	4.58e-01	3.24e-01	7.56e-02
 3.26767e+22	0.00e+00	4.28e-29	1.23e-23	1.42e-20	9.06e-18	2.19e-15	3.02e-13	4.74e-11	2.30e-08	1.36e-06	3.66e-05	4.47e-04	3.79e-03	1.52e-02	3.65e-02	9.47e-02	4.62e-01	3.16e-01	7.12e-02
 3.28562e+22	0.00e+00	6.83e-29	1.92e-23	2.15e-20	1.32e-17	3.06e-15	4.06e-13	6.11e-11	2.94e-08	1.70e-06	4.49e-05	5.32e-04	4.39e-03	1.70e-02	3.94e-02	9.85e-02	4.66e-01	3.07e-01	6.70e-02
 3.30313e+22	0.00e+00	1.07e-28	2.93e-23	3.18e-20	1.89e-17	4.22e-15	5.39e-13	7.81e-11	3.72e-08	2.12e-06	5.45e-05	6.28e-04	5.05e-03	1.89e-02	4.24e-02	1.02e-01	4.69e-01	2.99e-01	6.30e-02
 3.32299e+22	0.00e+00	1.87e-28	4.99e-23	5.22e-20	2.96e-17	6.32e-15	7.69e-13	1.06e-10	5.00e-08	2.78e-06	6.95e-05	7.74e-04	6.00e-03	2.16e-02	4.63e-02	1.07e-01	4.72e-01	2.88e-01	5.83e-02
 3.34190e+22	0.00e+00	2.82e-28	7.36e-23	7.49e-20	4.12e-17	8.50e-15	9.98e-13	1.33e-10	6.20e-08	3.39e-06	8.30e-05	9.00e-04	6.81e-03	2.38e-02	4.93e-02	1.10e-01	4.73e-01	2.81e-01	5.50e-02
 3.35706e+22	0.00e+00	4.23e-28	1.08e-22	1.07e-19	5.69e-17	1.13e-14	1.28e-12	1.64e-10	7.63e-08	4.12e-06	9.88e-05	1.05e-03	7.71e-03	2.62e-02	5.25e-02	1.14e-01	4.74e-01	2.73e-01	5.19e-02
 3.37085e+22	0.00e+00	6.02e-28	1.51e-22	1.46e-19	7.53e-17	1.45e-14	1.59e-12	1.98e-10	9.15e-08	4.87e-06	1.15e-04	1.19e-03	8.58e-03	2.84e-02	5.54e-02	1.17e-01	4.75e-01	2.66e-01	4.92e-02
 3.38341e+22	0.00e+00	8.36e-28	2.07e-22	1.95e-19	9.79e-17	1.84e-14	1.95e-12	2.36e-10	1.08e-07	5.70e-06	1.32e-04	1.34e-03	9.48e-03	3.06e-02	5.82e-02	1.19e-01	4.75e-01	2.59e-01	4.69e-02
 3.39777e+22	0.00e+00	1.26e-27	3.06e-22	2.80e-19	1.36e-16	2.46e-14	2.52e-12	2.92e-10	1.34e-07	6.95e-06	1.58e-04	1.56e-03	1.07e-02	3.36e-02	6.18e-02	1.23e-01	4.74e-01	2.51e-01	4.40e-02
 3.41208e+22	0.00e+00	1.78e-27	4.24e-22	3.78e-19	1.78e-16	3.13e-14	3.11e-12	3.49e-10	1.59e-07	8.17e-06	1.82e-04	1.76e-03	1.19e-02	3.63e-02	6.50e-02	1.25e-01	4.74e-01	2.44e-01	4.17e-02
 3.42411e+22	0.00e+00	2.44e-27	5.73e-22	4.99e-19	2.29e-16	3.92e-14	3.77e-12	4.12e-10	1.87e-07	9.50e-06	2.09e-04	1.98e-03	1.31e-02	3.90e-02	6.79e-02	1.28e-01	4.73e-01	2.38e-01	3.96e-02
 3.43754e+22	0.00e+00	3.63e-27	8.34e-22	7.05e-19	3.14e-16	5.17e-14	4.80e-12	5.05e-10	2.29e-07	1.14e-05	2.47e-04	2.28e-03	1.47e-02	4.25e-02	7.18e-02	1.31e-01	4.71e-01	2.30e-01	3.72e-02
 3.45075e+22	0.00e+00	4.96e-27	1.12e-21	9.28e-19	4.02e-16	6.43e-14	5.79e-12	5.92e-10	2.68e-07	1.33e-05	2.81e-04	2.55e-03	1.61e-02	4.55e-02	7.49e-02	1.33e-01	4.69e-01	2.23e-01	3.53e-02
 3.46180e+22	0.00e+00	6.74e-27	1.50e-21	1.21e-18	5.11e-16	7.96e-14	6.95e-12	6.90e-10	3.12e-07	1.53e-05	3.20e-04	2.84e-03	1.76e-02	4.86e-02	7.81e-02	1.35e-01	4.67e-01	2.17e-01	3.35e-02
 3.47264e+22	0.00e+00	9.07e-27	1.99e-21	1.57e-18	6.46e-16	9.77e-14	8.30e-12	8.00e-10	3.61e-07	1.76e-05	3.62e-04	3.15e-03	1.92e-02	5.18e-02	8.12e-02	1.37e-01	4.64e-01	2.11e-01	3.18e-02
 3.48508e+22	0.00e+00	1.32e-26	2.86e-21	2.19e-18	8.69e-16	1.27e-13	1.04e-11	9.64e-10	4.36e-07	2.09e-05	4.23e-04	3.60e-03	2.14e-02	5.61e-02	8.53e-02	1.40e-01	4.60e-01	2.03e-01	2.98e-02
 3.49773e+22	4.17e-33	1.81e-26	3.84e-21	2.87e-18	1.11e-15	1.57e-13	1.25e-11	1.12e-09	5.08e-07	2.42e-05	4.81e-04	4.01e-03	2.33e-02	5.99e-02	8.87e-02	1.42e-01	4.57e-01	1.97e-01	2.82e-02
 3.51065e+22	6.31e-33	2.68e-26	5.58e-21	4.04e-18	1.51e-15	2.06e-13	1.57e-11	1.36e-09	6.16e-07	2.90e-05	5.65e-04	4.59e-03	2.61e-02	6.49e-02	9.31e-02	1.44e-01	4.52e-01	1.89e-01	2.62e-02
 3.52292e+22	8.57e-33	3.59e-26	7.38e-21	5.21e-18	1.89e-15	2.51e-13	1.86e-11	1.57e-09	7.10e-07	3.31e-05	6.37e-04	5.08e-03	2.83e-02	6.89e-02	9.64e-02	1.46e-01	4.48e-01	1.83e-01	2.48e-02
 3.53268e+22	1.14e-32	4.70e-26	9.53e-21	6.59e-18	2.34e-15	3.02e-13	2.17e-11	1.78e-09	8.09e-07	3.74e-05	7.11e-04	5.57e-03	3.05e-02	7.27e-02	9.95e-02	1.47e-01	4.43e-01	1.77e-01	2.35e-02
 3.54366e+22	1.66e-32	6.72e-26	1.34e-20	8.99e-18	3.08e-15	3.84e-13	2.66e-11	2.11e-09	9.59e-07	4.40e-05	8.21e-04	6.28e-03	3.37e-02	7.80e-02	1.04e-01	1.49e-01	4.37e-01	1.70e-01	2.19e-02
 3.55473e+22	2.22e-32	8.86e-26	1.75e-20	1.14e-17	3.82e-15	4.63e-13	3.12e-11	2.40e-09	1.10e-06	4.99e-05	9.18e-04	6.90e-03	3.63e-02	8.23e-02	1.07e-01	1.50e-01	4.32e-01	1.64e-01	2.08e-02
 3.56590e+22	3.28e-32	1.29e-25	2.50e-20	1.58e-17	5.09e-15	5.94e-13	3.84e-11	2.84e-09	1.31e-06	5.89e-05	1.07e-03	7.81e-03	4.01e-02	8.84e-02	1.11e-01	1.51e-01	4.25e-01	1.57e-01	1.92e-02
 3.57701e+22	4.44e-32	1.72e-25	3.28e-20	2.03e-17	6.35e-15	7.19e-13	4.50e-11	3.24e-09	1.49e-06	6.69e-05	1.19e-03	8.59e-03	4.33e-02	9.33e-02	1.15e-01	1.52e-01	4.19e-01	1.51e-01	1.81e-02
 3.58804e+22	6.53e-32	2.49e-25	4.67e-20	2.79e-17	8.42e-15	9.16e-13	5.51e-11	3.81e-09	1.77e-06	7.87e-05	1.38e-03	9.69e-03	4.77e-02	9.98e-02	1.19e-01	1.52e-01	4.10e-01	1.43e-01	1.67e-02
 3.59923e+22	8.96e-32	3.36e-25	6.23e-20	3.62e-17	1.06e-14	1.12e-12	6.50e-11	4.35e-09	2.03e-06	8.98e-05	1.55e-03	1.07e-02	5.16e-02	1.05e-01	1.22e-01	1.53e-01	4.03e-01	1.37e-01	1.56e-02
 3.61061e+22	1.35e-31	4.97e-25	9.04e-20	5.06e-17	1.42e-14	1.44e-12	8.01e-11	5.14e-09	2.43e-06	1.06e-04	1.80e-03	1.21e-02	5.69e-02	1.13e-01	1.27e-01	1.53e-01	3.93e-01	1.30e-01	1.43e-02
 3.62157e+22	1.80e-31	6.55e-25	1.18e-19	6.42e-17	1.76e-14	1.72e-12	9.29e-11	5.79e-09	2.75e-06	1.20e-04	2.01e-03	1.32e-02	6.10e-02	1.18e-01	1.29e-01	1.53e-01	3.85e-01	1.24e-01	1.34e-02
 3.63199e+22	2.68e-31	9.59e-25	1.69e-19	8.89e-17	2.33e-14	2.19e-12	1.13e-10	6.75e-09	3.25e-06	1.41e-04	2.31e-03	1.49e-02	6.70e-02	1.26e-01	1.34e-01	1.53e-01	3.74e-01	1.17e-01	1.23e-02
 3.64236e+22	3.56e-31	1.26e-24	2.19e-19	1.12e-16	2.86e-14	2.61e-12	1.30e-10	7.57e-09	3.67e-06	1.58e-04	2.56e-03	1.61e-02	7.15e-02	1.32e-01	1.36e-01	1.52e-01	3.66e-01	1.12e-01	1.15e-02
 3.65264e+22	5.23e-31	1.81e-24	3.11e-19	1.53e-16	3.76e-14	3.29e-12	1.58e-10	8.77e-09	4.30e-06	1.84e-04	2.93e-03	1.81e-02	7.80e-02	1.39e-01	1.40e-01	1.51e-01	3.55e-01	1.05e-01	1.05e-02
 3.66283e+22	7.02e-31	2.40e-24	4.07e-19	1.95e-16	4.64e-14	3.93e-12	1.82e-10	9.81e-09	4.86e-06	2.06e-04	3.25e-03	1.96e-02	8.33e-02	1.45e-01	1.42e-01	1.50e-01	3.46e-01	1.00e-01	9.74e-03
 3.67292e+22	1.04e-30	3.51e-24	5.85e-19	2.69e-16	6.14e-14	4.97e-12	2.19e-10	1.13e-08	5.70e-06	2.41e-04	3.73e-03	2.20e-02	9.08e-02	1.54e-01	1.46e-01	1.49e-01	3.33e-01	9.37e-02	8.81e-03
 3.68289e+22	1.38e-30	4.59e-24	7.54e-19	3.38e-16	7.48e-14	5.88e-12	2.51e-10	1.26e-08	6.38e-06	2.68e-04	4.10e-03	2.37e-02	9.63e-02	1.60e-01	1.48e-01	1.47e-01	3.24e-01	8.91e-02	8.20e-03
 3.69271e+22	2.05e-30	6.72e-24	1.09e-18	4.66e-16	9.87e-14	7.41e-12	3.02e-10	1.45e-08	7.46e-06	3.12e-04	4.69e-03	2.64e-02	1.05e-01	1.68e-01	1.50e-01	1.45e-01	3.11e-01	8.27e-02	7.37e-03
 3.70254e+22	2.74e-30	8.83e-24	1.41e-18	5.88e-16	1.21e-13	8.77e-12	3.45e-10	1.61e-08	8.35e-06	3.48e-04	5.15e-03	2.85e-02	1.11e-01	1.74e-01	1.52e-01	1.43e-01	3.01e-01	7.83e-02	6.82e-03
 3.71238e+22	4.10e-30	1.30e-23	2.04e-18	8.14e-16	1.60e-13	1.11e-11	4.15e-10	1.84e-08	9.73e-06	4.03e-04	5.88e-03	3.17e-02	1.20e-01	1.83e-01	1.54e-01	1.40e-01	2.87e-01	7.22e-02	6.09e-03
 3.72230e+22	5.51e-30	1.73e-23	2.67e-18	1.03e-15	1.96e-13	1.32e-11	4.76e-10	2.04e-08	1.09e-05	4.50e-04	6.46e-03	3.42e-02	1.27e-01	1.89e-01	1.55e-01	1.38e-01	2.77e-01	6.79e-02	5.59e-03
 3.73232e+22	8.23e-30	2.53e-23	3.85e-18	1.43e-15	2.59e-13	1.65e-11	5.70e-10	2.34e-08	1.27e-05	5.19e-04	7.33e-03	3.77e-02	1.37e-01	1.97e-01	1.57e-01	1.34e-01	2.63e-01	6.24e-02	4.97e-03
 3.74225e+22	1.11e-29	3.38e-23	5.07e-18	1.82e-15	3.19e-13	1.96e-11	6.52e-10	2.59e-08	1.41e-05	5.78e-04	8.04e-03	4.06e-02	1.44e-01	2.03e-01	1.57e-01	1.32e-01	2.52e-01	5.84e-02	4.54e-03
 3.75208e+22	1.66e-29	4.95e-23	7.29e-18	2.50e-15	4.19e-13	2.46e-11	7.78e-10	2.96e-08	1.63e-05	6.63e-04	9.06e-03	4.46e-02	1.54e-01	2.10e-01	1.58e-01	1.28e-01	2.38e-01	5.33e-02	4.01e-03
 3.76206e+22	2.27e-29	6.69e-23	9.73e-18	3.22e-15	5.20e-13	2.94e-11	8.94e-10	3.28e-08	1.83e-05	7.39e-04	9.95e-03	4.80e-02	1.63e-01	2.16e-01	1.58e-01	1.24e-01	2.27e-01	4.95e-02	3.63e-03
 3.77223e+22	3.44e-29	9.95e-23	1.42e-17	4.48e-15	6.90e-13	3.72e-11	1.07e-09	3.75e-08	2.11e-05	8.49e-04	1.12e-02	5.27e-02	1.74e-01	2.23e-01	1.58e-01	1.20e-01	2.13e-01	4.48e-02	3.17e-03
 3.78252e+22	4.76e-29	1.36e-22	1.91e-17	5.80e-15	8.60e-13	4.46e-11	1.24e-09	4.17e-08	2.36e-05	9.44e-04	1.23e-02	5.65e-02	1.82e-01	2.29e-01	1.57e-01	1.16e-01	2.02e-01	4.13e-02	2.84e-03
 3.79296e+22	7.29e-29	2.04e-22	2.82e-17	8.15e-15	1.15e-12	5.66e-11	1.49e-09	4.77e-08	2.72e-05	1.08e-03	1.38e-02	6.18e-02	1.94e-01	2.35e-01	1.56e-01	1.11e-01	1.88e-01	3.70e-02	2.46e-03
 3.80346e+22	1.01e-28	2.79e-22	3.79e-17	1.06e-14	1.43e-12	6.80e-11	1.71e-09	5.31e-08	3.02e-05	1.20e-03	1.51e-02	6.61e-02	2.03e-01	2.40e-01	1.54e-01	1.07e-01	1.77e-01	3.40e-02	2.20e-03
 3.81252e+22	1.39e-28	3.79e-22	5.07e-17	1.36e-14	1.78e-12	8.13e-11	1.97e-09	5.88e-08	3.35e-05	1.32e-03	1.64e-02	7.04e-02	2.11e-01	2.44e-01	1.53e-01	1.04e-01	1.67e-01	3.12e-02	1.96e-03
 3.82278e+22	2.13e-28	5.68e-22	7.45e-17	1.90e-14	2.37e-12	1.03e-10	2.36e-09	6.72e-08	3.83e-05	1.50e-03	1.82e-02	7.62e-02	2.23e-01	2.49e-01	1.50e-01	9.84e-02	1.54e-01	2.77e-02	1.68e-03
 3.83302e+22	2.88e-28	7.57e-22	9.80e-17	2.41e-14	2.90e-12	1.22e-10	2.70e-09	7.43e-08	4.21e-05	1.64e-03	1.97e-02	8.06e-02	2.31e-01	2.52e-01	1.48e-01	9.47e-02	1.46e-01	2.55e-02	1.51e-03
 3.84321e+22	4.29e-28	1.11e-21	1.41e-16	3.31e-14	3.80e-12	1.52e-10	3.21e-09	8.46e-08	4.76e-05	1.85e-03	2.17e-02	8.66e-02	2.41e-01	2.55e-01	1.46e-01	8.99e-02	1.34e-01	2.27e-02	1.30e-03
 3.85362e+22	5.92e-28	1.51e-21	1.88e-16	4.26e-14	4.72e-12	1.82e-10	3.70e-09	9.40e-08	5.25e-05	2.02e-03	2.34e-02	9.15e-02	2.49e-01	2.57e-01	1.43e-01	8.60e-02	1.26e-01	2.07e-02	1.15e-03
 3.86431e+22	9.01e-28	2.25e-21	2.75e-16	5.93e-14	6.26e-12	2.30e-10	4.44e-09	1.08e-07	5.94e-05	2.27e-03	2.57e-02	9.81e-02	2.60e-01	2.59e-01	1.39e-01	8.10e-02	1.15e-01	1.82e-02	9.75e-04
 3.87509e+22	1.23e-27	3.02e-21	3.64e-16	7.56e-14	7.72e-12	2.74e-10	5.10e-09	1.20e-07	6.52e-05	2.47e-03	2.75e-02	1.03e-01	2.67e-01	2.60e-01	1.36e-01	7.74e-02	1.08e-01	1.66e-02	8.63e-04
 3.88601e+22	1.86e-27	4.48e-21	5.28e-16	1.05e-13	1.02e-11	3.46e-10	6.13e-09	1.38e-07	7.34e-05	2.76e-03	3.01e-02	1.10e-01	2.77e-01	2.61e-01	1.32e-01	7.27e-02	9.84e-02	1.46e-02	7.32e-04
 3.89720e+22	2.55e-27	6.05e-21	7.02e-16	1.34e-13	1.26e-11	4.14e-10	7.08e-09	1.54e-07	8.06e-05	3.01e-03	3.22e-02	1.15e-01	2.84e-01	2.62e-01	1.29e-01	6.91e-02	9.16e-02	1.32e-02	6.44e-04
 3.90876e+22	3.87e-27	8.99e-21	1.02e-15	1.86e-13	1.67e-11	5.24e-10	8.54e-09	1.77e-07	9.08e-05	3.35e-03	3.52e-02	1.22e-01	2.93e-01	2.61e-01	1.25e-01	6.46e-02	8.32e-02	1.15e-02	5.42e-04
 3.92066e+22	5.38e-27	1.23e-20	1.37e-15	2.41e-13	2.09e-11	6.32e-10	9.93e-09	1.99e-07	9.99e-05	3.65e-03	3.76e-02	1.28e-01	3.00e-01	2.61e-01	1.21e-01	6.11e-02	7.70e-02	1.04e-02	4.72e-04
 3.93139e+22	7.45e-27	1.67e-20	1.83e-15	3.10e-13	2.61e-11	7.61e-10	1.15e-08	2.23e-07	1.10e-04	3.97e-03	4.01e-02	1.34e-01	3.07e-01	2.59e-01	1.17e-01	5.78e-02	7.12e-02	9.29e-03	4.12e-04
 3.94368e+22	1.13e-26	2.48e-20	2.65e-15	4.29e-13	3.45e-11	9.65e-10	1.40e-08	2.59e-07	1.23e-04	4.40e-03	4.35e-02	1.41e-01	3.14e-01	2.58e-01	1.12e-01	5.37e-02	6.43e-02	8.08e-03	3.44e-04
 3.95611e+22	1.55e-26	3.36e-20	3.53e-15	5.51e-13	4.29e-11	1.16e-09	1.62e-08	2.90e-07	1.35e-04	4.77e-03	4.63e-02	1.47e-01	3.20e-01	2.56e-01	1.09e-01	5.07e-02	5.93e-02	7.24e-03	3.00e-04
 3.96871e+22	2.33e-26	4.93e-20	5.06e-15	7.56e-13	5.65e-11	1.47e-09	1.96e-08	3.37e-07	1.52e-04	5.27e-03	4.99e-02	1.55e-01	3.27e-01	2.53e-01	1.04e-01	4.70e-02	5.35e-02	6.28e-03	2.50e-04
 3.98095e+22	3.10e-26	6.46e-20	6.51e-15	9.44e-13	6.85e-11	1.73e-09	2.24e-08	3.74e-07	1.65e-04	5.65e-03	5.26e-02	1.60e-01	3.31e-01	2.50e-01	1.01e-01	4.46e-02	4.97e-02	5.67e-03	2.20e-04
 3.99273e+22	4.50e-26	9.17e-20	9.04e-15	1.26e-12	8.81e-11	2.14e-09	2.67e-08	4.29e-07	1.83e-04	6.18e-03	5.63e-02	1.67e-01	3.36e-01	2.47e-01	9.61e-02	4.15e-02	4.50e-02	4.97e-03	1.86e-04
 4.00473e+22	5.97e-26	1.20e-19	1.16e-14	1.57e-12	1.07e-10	2.53e-09	3.05e-08	4.77e-07	1.99e-04	6.62e-03	5.92e-02	1.72e-01	3.40e-01	2.44e-01	9.28e-02	3.92e-02	4.17e-02	4.48e-03	1.64e-04
 4.01703e+22	8.71e-26	1.71e-19	1.62e-14	2.10e-12	1.38e-10	3.14e-09	3.65e-08	5.49e-07	2.21e-04	7.24e-03	6.32e-02	1.79e-01	3.44e-01	2.39e-01	8.84e-02	3.63e-02	3.76e-02	3.90e-03	1.37e-04
 4.02950e+22	1.15e-25	2.22e-19	2.06e-14	2.61e-12	1.67e-10	3.70e-09	4.17e-08	6.11e-07	2.40e-04	7.74e-03	6.64e-02	1.85e-01	3.47e-01	2.36e-01	8.51e-02	3.43e-02	3.48e-02	3.51e-03	1.21e-04
 4.04219e+22	1.67e-25	3.16e-19	2.87e-14	3.48e-12	2.15e-10	4.60e-09	4.99e-08	7.04e-07	2.67e-04	8.46e-03	7.07e-02	1.92e-01	3.51e-01	2.31e-01	8.08e-02	3.17e-02	3.13e-02	3.05e-03	1.01e-04
 4.05466e+22	2.16e-25	4.02e-19	3.59e-14	4.25e-12	2.56e-10	5.35e-09	5.66e-08	7.78e-07	2.88e-04	8.99e-03	7.39e-02	1.97e-01	3.53e-01	2.27e-01	7.79e-02	3.00e-02	2.91e-02	2.76e-03	8.92e-05
 4.06684e+22	3.07e-25	5.57e-19	4.87e-14	5.56e-12	3.24e-10	6.56e-09	6.69e-08	8.90e-07	3.18e-04	9.75e-03	7.82e-02	2.04e-01	3.55e-01	2.22e-01	7.40e-02	2.78e-02	2.63e-02	2.41e-03	7.52e-05
 4.07927e+22	3.99e-25	7.12e-19	6.11e-14	6.81e-12	3.88e-10	7.65e-09	7.61e-08	9.86e-07	3.44e-04	1.04e-02	8.17e-02	2.09e-01	3.57e-01	2.19e-01	7.11e-02	2.62e-02	2.44e-02	2.17e-03	6.62e-05
 4.09203e+22	5.66e-25	9.89e-19	8.29e-14	8.92e-12	4.92e-10	9.41e-09	9.02e-08	1.13e-06	3.80e-04	1.12e-02	8.64e-02	2.15e-01	3.58e-01	2.13e-01	6.74e-02	2.42e-02	2.19e-02	1.89e-03	5.56e-05
 4.10502e+22	7.40e-25	1.27e-18	1.05e-13	1.10e-11	5.90e-10	1.10e-08	1.03e-07	1.26e-06	4.12e-04	1.20e-02	9.01e-02	2.20e-01	3.59e-01	2.09e-01	6.45e-02	2.27e-02	2.02e-02	1.70e-03	4.87e-05
 4.11834e+22	1.05e-24	1.77e-18	1.42e-13	1.44e-11	7.51e-10	1.36e-08	1.22e-07	1.44e-06	4.56e-04	1.30e-02	9.53e-02	2.27e-01	3.60e-01	2.03e-01	6.09e-02	2.09e-02	1.81e-02	1.47e-03	4.07e-05
 4.13189e+22	1.38e-24	2.27e-18	1.79e-13	1.77e-11	9.02e-10	1.59e-08	1.40e-07	1.61e-06	4.95e-04	1.38e-02	9.93e-02	2.32e-01	3.60e-01	1.98e-01	5.82e-02	1.96e-02	1.67e-02	1.32e-03	3.55e-05
 4.14574e+22	1.97e-24	3.17e-18	2.44e-13	2.32e-11	1.15e-09	1.96e-08	1.67e-07	1.85e-06	5.49e-04	1.50e-02	1.05e-01	2.39e-01	3.60e-01	1.92e-01	5.47e-02	1.80e-02	1.49e-02	1.13e-03	2.95e-05
 4.15986e+22	2.59e-24	4.08e-18	3.08e-13	2.86e-11	1.38e-09	2.31e-08	1.91e-07	2.06e-06	5.96e-04	1.59e-02	1.09e-01	2.44e-01	3.59e-01	1.87e-01	5.21e-02	1.68e-02	1.37e-02	1.01e-03	2.56e-05
 4.17227e+22	3.38e-24	5.23e-18	3.87e-13	3.51e-11	1.66e-09	2.70e-08	2.18e-07	2.30e-06	6.46e-04	1.69e-02	1.14e-01	2.49e-01	3.59e-01	1.83e-01	4.97e-02	1.57e-02	1.25e-02	9.03e-04	2.22e-05
 4.18635e+22	4.77e-24	7.20e-18	5.20e-13	4.57e-11	2.10e-09	3.32e-08	2.58e-07	2.64e-06	7.15e-04	1.83e-02	1.20e-01	2.55e-01	3.57e-01	1.76e-01	4.66e-02	1.44e-02	1.12e-02	7.78e-04	1.85e-05
 4.20040e+22	6.10e-24	9.06e-18	6.41e-13	5.52e-11	2.48e-09	3.84e-08	2.92e-07	2.92e-06	7.71e-04	1.93e-02	1.24e-01	2.59e-01	3.56e-01	1.72e-01	4.44e-02	1.35e-02	1.03e-02	7.00e-04	1.62e-05
 4.21444e+22	8.57e-24	1.24e-17	8.57e-13	7.15e-11	3.12e-09	4.70e-08	3.46e-07	3.34e-06	8.53e-04	2.08e-02	1.30e-01	2.65e-01	3.54e-01	1.66e-01	4.16e-02	1.24e-02	9.20e-03	6.02e-04	1.35e-05
 4.22869e+22	1.10e-23	1.56e-17	1.06e-12	8.64e-11	3.70e-09	5.45e-08	3.92e-07	3.70e-06	9.21e-04	2.20e-02	1.35e-01	2.69e-01	3.52e-01	1.61e-01	3.96e-02	1.16e-02	8.46e-03	5.40e-04	1.18e-05
 4.24322e+22	1.53e-23	2.13e-17	1.41e-12	1.11e-10	4.64e-09	6.64e-08	4.63e-07	4.24e-06	1.02e-03	2.37e-02	1.41e-01	2.75e-01	3.49e-01	1.55e-01	3.70e-02	1.06e-02	7.54e-03	4.65e-04	9.80e-06
 4.25821e+22	2.01e-23	2.74e-17	1.77e-12	1.37e-10	5.58e-09	7.81e-08	5.30e-07	4.73e-06	1.11e-03	2.52e-02	1.46e-01	2.79e-01	3.46e-01	1.50e-01	3.50e-02	9.82e-03	6.86e-03	4.11e-04	8.43e-06
 4.27380e+22	2.83e-23	3.74e-17	2.36e-12	1.77e-10	7.03e-09	9.55e-08	6.28e-07	5.43e-06	1.23e-03	2.71e-02	1.53e-01	2.84e-01	3.43e-01	1.44e-01	3.26e-02	8.94e-03	6.09e-03	3.52e-04	6.98e-06
 4.28995e+22	3.77e-23	4.89e-17	3.01e-12	2.20e-10	8.54e-09	1.13e-07	7.26e-07	6.11e-06	1.34e-03	2.89e-02	1.59e-01	2.88e-01	3.39e-01	1.38e-01	3.06e-02	8.24e-03	5.50e-03	3.08e-04	5.93e-06
 4.30680e+22	5.38e-23	6.78e-17	4.05e-12	2.89e-10	1.09e-08	1.40e-07	8.67e-07	7.07e-06	1.49e-03	3.12e-02	1.67e-01	2.93e-01	3.34e-01	1.32e-01	2.83e-02	7.44e-03	4.84e-03	2.61e-04	4.84e-06
 4.32416e+22	7.26e-23	8.94e-17	5.22e-12	3.62e-10	1.33e-08	1.67e-07	1.01e-06	7.99e-06	1.63e-03	3.32e-02	1.73e-01	2.97e-01	3.30e-01	1.27e-01	2.65e-02	6.82e-03	4.34e-03	2.27e-04	4.08e-06
 4.34218e+22	1.05e-22	1.26e-16	7.12e-12	4.79e-10	1.71e-08	2.08e-07	1.21e-06	9.29e-06	1.82e-03	3.60e-02	1.81e-01	3.02e-01	3.24e-01	1.20e-01	2.43e-02	6.12e-03	3.78e-03	1.90e-04	3.29e-06
 4.36087e+22	1.44e-22	1.68e-16	9.28e-12	6.09e-10	2.12e-08	2.51e-07	1.42e-06	1.06e-05	2.01e-03	3.85e-02	1.88e-01	3.06e-01	3.19e-01	1.15e-01	2.26e-02	5.56e-03	3.36e-03	1.64e-04	2.73e-06
 4.37783e+22	1.96e-22	2.23e-16	1.20e-11	7.66e-10	2.61e-08	3.01e-07	1.65e-06	1.20e-05	2.20e-03	4.10e-02	1.96e-01	3.09e-01	3.14e-01	1.09e-01	2.10e-02	5.07e-03	2.99e-03	1.41e-04	2.28e-06
 4.39730e+22	2.88e-22	3.18e-16	1.66e-11	1.03e-09	3.38e-08	3.78e-07	2.00e-06	1.40e-05	2.47e-03	4.44e-02	2.05e-01	3.13e-01	3.07e-01	1.03e-01	1.91e-02	4.50e-03	2.58e-03	1.17e-04	1.81e-06
 4.41715e+22	3.97e-22	4.26e-16	2.16e-11	1.30e-09	4.20e-08	4.57e-07	2.35e-06	1.60e-05	2.72e-03	4.75e-02	2.12e-01	3.15e-01	3.00e-01	9.77e-02	1.76e-02	4.07e-03	2.28e-03	9.96e-05	1.49e-06
 4.43749e+22	5.91e-22	6.14e-16	3.01e-11	1.76e-09	5.48e-08	5.78e-07	2.86e-06	1.88e-05	3.07e-03	5.15e-02	2.22e-01	3.18e-01	2.92e-01	9.15e-02	1.59e-02	3.58e-03	1.95e-03	8.16e-05	1.17e-06
 4.45810e+22	8.17e-22	8.26e-16	3.94e-11	2.24e-09	6.82e-08	6.99e-07	3.36e-06	2.14e-05	3.38e-03	5.49e-02	2.30e-01	3.21e-01	2.85e-01	8.65e-02	1.47e-02	3.23e-03	1.71e-03	6.91e-05	9.60e-07
 4.47906e+22	1.23e-21	1.20e-15	5.52e-11	3.04e-09	8.96e-08	8.89e-07	4.12e-06	2.53e-05	3.81e-03	5.96e-02	2.40e-01	3.23e-01	2.76e-01	8.04e-02	1.31e-02	2.82e-03	1.45e-03	5.60e-05	7.43e-07
 4.50024e+22	1.70e-21	1.62e-15	7.22e-11	3.88e-09	1.11e-07	1.08e-06	4.84e-06	2.88e-05	4.20e-03	6.35e-02	2.48e-01	3.24e-01	2.69e-01	7.58e-02	1.20e-02	2.53e-03	1.27e-03	4.72e-05	6.05e-07
 4.52171e+22	2.58e-21	2.37e-15	1.02e-10	5.29e-09	1.47e-07	1.38e-06	5.95e-06	3.42e-05	4.75e-03	6.89e-02	2.58e-01	3.25e-01	2.59e-01	7.00e-02	1.07e-02	2.19e-03	1.06e-03	3.78e-05	4.62e-07
 4.54330e+22	3.56e-21	3.18e-15	1.33e-10	6.72e-09	1.83e-07	1.66e-06	6.98e-06	3.89e-05	5.22e-03	7.33e-02	2.66e-01	3.25e-01	2.52e-01	6.57e-02	9.78e-03	1.96e-03	9.27e-04	3.18e-05	3.75e-07
 4.56136e+22	4.76e-21	4.14e-15	1.69e-10	8.33e-09	2.22e-07	1.97e-06	8.05e-06	4.38e-05	5.68e-03	7.74e-02	2.73e-01	3.26e-01	2.45e-01	6.20e-02	8.99e-03	1.77e-03	8.18e-04	2.71e-05	3.10e-07
 4.58113e+22	6.99e-21	5.88e-15	2.31e-10	1.11e-08	2.87e-07	2.48e-06	9.76e-06	5.13e-05	6.36e-03	8.33e-02	2.82e-01	3.25e-01	2.35e-01	5.72e-02	8.00e-03	1.54e-03	6.88e-04	2.18e-05	2.38e-07
 4.60063e+22	9.24e-21	7.58e-15	2.90e-10	1.36e-08	3.46e-07	2.92e-06	1.12e-05	5.75e-05	6.90e-03	8.77e-02	2.89e-01	3.25e-01	2.28e-01	5.39e-02	7.35e-03	1.39e-03	6.07e-04	1.86e-05	1.97e-07
 4.61978e+22	1.33e-20	1.06e-14	3.91e-10	1.78e-08	4.42e-07	3.62e-06	1.35e-05	6.68e-05	7.69e-03	9.39e-02	2.98e-01	3.23e-01	2.19e-01	4.97e-02	6.56e-03	1.21e-03	5.13e-04	1.51e-05	1.52e-07
 4.63929e+22	1.78e-20	1.37e-14	4.95e-10	2.20e-08	5.35e-07	4.29e-06	1.55e-05	7.52e-05	8.36e-03	9.90e-02	3.05e-01	3.22e-01	2.12e-01	4.66e-02	5.98e-03	1.08e-03	4.48e-04	1.27e-05	1.24e-07
 4.65927e+22	2.59e-20	1.93e-14	6.72e-10	2.91e-08	6.90e-07	5.38e-06	1.88e-05	8.81e-05	9.35e-03	1.06e-01	3.14e-01	3.20e-01	2.02e-01	4.26e-02	5.27e-03	9.33e-04	3.73e-04	1.01e-05	0.00e+00
 4.67944e+22	3.46e-20	2.52e-14	8.50e-10	3.60e-08	8.38e-07	6.40e-06	2.18e-05	9.95e-05	1.02e-02	1.12e-01	3.20e-01	3.17e-01	1.95e-01	3.97e-02	4.78e-03	8.31e-04	3.24e-04	8.46e-06	0.00e+00
 4.69987e+22	5.06e-20	3.55e-14	1.15e-09	4.76e-08	1.08e-06	8.06e-06	2.65e-05	1.17e-04	1.14e-02	1.20e-01	3.29e-01	3.14e-01	1.85e-01	3.60e-02	4.18e-03	7.09e-04	2.67e-04	6.63e-06	0.00e+00
 4.72058e+22	6.79e-20	4.63e-14	1.46e-09	5.91e-08	1.32e-06	9.61e-06	3.08e-05	1.33e-04	1.25e-02	1.26e-01	3.35e-01	3.11e-01	1.77e-01	3.34e-02	3.76e-03	6.27e-04	2.29e-04	5.49e-06	0.00e+00
 4.74165e+22	9.95e-20	6.54e-14	1.98e-09	7.81e-08	1.71e-06	1.21e-05	3.76e-05	1.57e-04	1.40e-02	1.35e-01	3.44e-01	3.06e-01	1.67e-01	3.00e-02	3.26e-03	5.30e-04	1.87e-04	4.25e-06	0.00e+00
 4.76318e+22	1.35e-19	8.60e-14	2.53e-09	9.76e-08	2.11e-06	1.47e-05	4.41e-05	1.79e-04	1.54e-02	1.43e-01	3.50e-01	3.02e-01	1.59e-01	2.75e-02	2.89e-03	4.62e-04	1.58e-04	3.45e-06	0.00e+00
 4.78533e+22	1.99e-19	1.22e-13	3.44e-09	1.30e-07	2.76e-06	1.87e-05	5.43e-05	2.14e-04	1.73e-02	1.53e-01	3.58e-01	2.96e-01	1.48e-01	2.45e-02	2.47e-03	3.85e-04	1.26e-04	2.61e-06	0.00e+00
 4.80789e+22	2.71e-19	1.61e-13	4.38e-09	1.63e-07	3.41e-06	2.27e-05	6.41e-05	2.46e-04	1.91e-02	1.62e-01	3.63e-01	2.91e-01	1.40e-01	2.22e-02	2.17e-03	3.31e-04	1.05e-04	2.08e-06	0.00e+00
 4.83025e+22	3.92e-19	2.24e-13	5.84e-09	2.13e-07	4.41e-06	2.87e-05	7.85e-05	2.93e-04	2.15e-02	1.73e-01	3.70e-01	2.84e-01	1.30e-01	1.96e-02	1.84e-03	2.74e-04	8.37e-05	1.57e-06	0.00e+00
 4.85149e+22	5.11e-19	2.83e-13	7.16e-09	2.58e-07	5.30e-06	3.40e-05	9.07e-05	3.32e-04	2.34e-02	1.81e-01	3.74e-01	2.78e-01	1.23e-01	1.79e-02	1.63e-03	2.39e-04	7.09e-05	1.27e-06	0.00e+00
 4.87205e+22	7.14e-19	3.80e-13	9.25e-09	3.30e-07	6.73e-06	4.24e-05	1.10e-04	3.92e-04	2.62e-02	1.92e-01	3.79e-01	2.70e-01	1.14e-01	1.59e-02	1.39e-03	1.99e-04	5.65e-05	9.64e-07	0.00e+00
 4.89300e+22	9.28e-19	4.79e-13	1.13e-08	4.00e-07	8.11e-06	5.05e-05	1.28e-04	4.48e-04	2.86e-02	2.02e-01	3.82e-01	2.64e-01	1.07e-01	1.43e-02	1.22e-03	1.71e-04	4.72e-05	7.71e-07	0.00e+00
 4.91352e+22	1.26e-18	6.28e-13	1.42e-08	5.02e-07	1.01e-05	6.23e-05	1.53e-04	5.25e-04	3.18e-02	2.13e-01	3.85e-01	2.56e-01	9.93e-02	1.26e-02	1.03e-03	1.42e-04	3.77e-05	5.85e-07	0.00e+00
 4.93447e+22	1.64e-18	7.89e-13	1.73e-08	6.08e-07	1.23e-05	7.45e-05	1.79e-04	6.03e-04	3.49e-02	2.24e-01	3.87e-01	2.48e-01	9.25e-02	1.13e-02	8.93e-04	1.21e-04	3.10e-05	4.59e-07	0.00e+00
 4.95489e+22	2.16e-18	1.00e-12	2.12e-08	7.46e-07	1.51e-05	9.05e-05	2.12e-04	7.01e-04	3.86e-02	2.36e-01	3.89e-01	2.40e-01	8.53e-02	9.98e-03	7.60e-04	1.01e-04	2.49e-05	3.51e-07	0.00e+00
 4.97571e+22	2.79e-18	1.25e-12	2.55e-08	9.02e-07	1.82e-05	1.09e-04	2.48e-04	8.09e-04	4.24e-02	2.47e-01	3.90e-01	2.31e-01	7.87e-02	8.84e-03	6.50e-04	8.47e-05	2.01e-05	2.71e-07	0.00e+00
 4.99635e+22	3.60e-18	1.56e-12	3.07e-08	1.09e-06	2.21e-05	1.31e-04	2.92e-04	9.37e-04	4.67e-02	2.59e-01	3.90e-01	2.22e-01	7.23e-02	7.77e-03	5.52e-04	7.05e-05	1.62e-05	2.07e-07	0.00e+00
 5.01708e+22	4.59e-18	1.92e-12	3.64e-08	1.31e-06	2.66e-05	1.56e-04	3.41e-04	1.08e-03	5.13e-02	2.71e-01	3.89e-01	2.13e-01	6.64e-02	6.84e-03	4.69e-04	5.88e-05	1.30e-05	1.59e-07	0.00e+00
 5.03759e+22	5.81e-18	2.35e-12	4.30e-08	1.56e-06	3.20e-05	1.86e-04	3.97e-04	1.25e-03	5.62e-02	2.83e-01	3.88e-01	2.04e-01	6.07e-02	6.00e-03	3.98e-04	4.89e-05	1.04e-05	1.21e-07	0.00e+00
 5.05805e+22	7.30e-18	2.85e-12	5.03e-08	1.85e-06	3.82e-05	2.21e-04	4.62e-04	1.43e-03	6.15e-02	2.94e-01	3.86e-01	1.95e-01	5.55e-02	5.26e-03	3.37e-04	4.07e-05	8.36e-06	0.00e+00	0.00e+00
 5.07856e+22	9.13e-18	3.44e-12	5.86e-08	2.19e-06	4.55e-05	2.61e-04	5.35e-04	1.65e-03	6.72e-02	3.06e-01	3.82e-01	1.86e-01	5.05e-02	4.60e-03	2.84e-04	3.37e-05	6.68e-06	0.00e+00	0.00e+00
 5.09915e+22	1.13e-17	4.13e-12	6.79e-08	2.58e-06	5.40e-05	3.09e-04	6.18e-04	1.89e-03	7.34e-02	3.18e-01	3.79e-01	1.77e-01	4.59e-02	4.01e-03	2.40e-04	2.79e-05	5.33e-06	0.00e+00	0.00e+00
 5.11988e+22	1.41e-17	4.95e-12	7.84e-08	3.03e-06	6.39e-05	3.64e-04	7.13e-04	2.16e-03	7.99e-02	3.30e-01	3.74e-01	1.68e-01	4.16e-02	3.49e-03	2.02e-04	2.30e-05	4.24e-06	0.00e+00	0.00e+00
 5.14080e+22	1.74e-17	5.90e-12	9.03e-08	3.55e-06	7.55e-05	4.28e-04	8.21e-04	2.48e-03	8.70e-02	3.41e-01	3.69e-01	1.59e-01	3.76e-02	3.02e-03	1.69e-04	1.89e-05	3.37e-06	0.00e+00	0.00e+00
 5.16197e+22	2.15e-17	7.04e-12	1.04e-07	4.16e-06	8.92e-05	5.03e-04	9.44e-04	2.83e-03	9.45e-02	3.52e-01	3.62e-01	1.50e-01	3.38e-02	2.62e-03	1.41e-04	1.55e-05	2.66e-06	0.00e+00	0.00e+00
 5.18325e+22	2.65e-17	8.36e-12	1.19e-07	4.86e-06	1.05e-04	5.88e-04	1.08e-03	3.23e-03	1.02e-01	3.63e-01	3.56e-01	1.41e-01	3.04e-02	2.26e-03	1.18e-04	1.27e-05	2.11e-06	0.00e+00	0.00e+00
 5.20488e+22	3.28e-17	9.97e-12	1.37e-07	5.69e-06	1.24e-04	6.89e-04	1.24e-03	3.69e-03	1.11e-01	3.74e-01	3.48e-01	1.32e-01	2.72e-02	1.94e-03	9.83e-05	1.03e-05	1.65e-06	0.00e+00	0.00e+00
 5.22676e+22	4.04e-17	1.18e-11	1.56e-07	6.65e-06	1.45e-04	8.03e-04	1.41e-03	4.20e-03	1.20e-01	3.84e-01	3.40e-01	1.24e-01	2.44e-02	1.67e-03	8.19e-05	8.43e-06	1.30e-06	0.00e+00	0.00e+00
 5.24908e+22	5.02e-17	1.42e-11	1.80e-07	7.80e-06	1.71e-04	9.41e-04	1.61e-03	4.79e-03	1.30e-01	3.93e-01	3.31e-01	1.15e-01	2.17e-02	1.43e-03	6.75e-05	6.80e-06	1.01e-06	0.00e+00	0.00e+00
 5.26985e+22	6.01e-17	1.64e-11	2.03e-07	8.90e-06	1.95e-04	1.07e-03	1.79e-03	5.32e-03	1.38e-01	4.00e-01	3.23e-01	1.09e-01	1.97e-02	1.25e-03	5.78e-05	5.71e-06	8.28e-07	0.00e+00	0.00e+00
 5.29127e+22	7.56e-17	1.99e-11	2.35e-07	1.05e-05	2.31e-04	1.25e-03	2.04e-03	6.08e-03	1.49e-01	4.09e-01	3.13e-01	1.01e-01	1.73e-02	1.06e-03	4.71e-05	4.55e-06	6.35e-07	0.00e+00	0.00e+00
 5.31304e+22	9.12e-17	2.32e-11	2.66e-07	1.20e-05	2.64e-04	1.42e-03	2.26e-03	6.74e-03	1.58e-01	4.15e-01	3.05e-01	9.46e-02	1.56e-02	9.26e-04	4.01e-05	3.80e-06	5.16e-07	0.00e+00	0.00e+00
 5.33527e+22	1.16e-16	2.83e-11	3.11e-07	1.43e-05	3.13e-04	1.66e-03	2.58e-03	7.70e-03	1.70e-01	4.23e-01	2.93e-01	8.69e-02	1.37e-02	7.76e-04	3.24e-05	3.00e-06	3.92e-07	0.00e+00	0.00e+00
 5.35760e+22	1.41e-16	3.33e-11	3.55e-07	1.64e-05	3.57e-04	1.88e-03	2.85e-03	8.48e-03	1.80e-01	4.28e-01	2.85e-01	8.15e-02	1.23e-02	6.79e-04	2.76e-05	2.51e-06	3.19e-07	0.00e+00	0.00e+00
 5.38005e+22	1.81e-16	4.10e-11	4.19e-07	1.96e-05	4.23e-04	2.19e-03	3.22e-03	9.63e-03	1.93e-01	4.33e-01	2.73e-01	7.47e-02	1.08e-02	5.69e-04	2.23e-05	1.98e-06	2.42e-07	0.00e+00	0.00e+00
 5.40263e+22	2.21e-16	4.85e-11	4.80e-07	2.25e-05	4.82e-04	2.47e-03	3.54e-03	1.06e-02	2.03e-01	4.36e-01	2.64e-01	6.97e-02	9.67e-03	4.97e-04	1.90e-05	1.66e-06	1.97e-07	0.00e+00	0.00e+00
