#depth	Ne	Ne+	Ne+2	Ne+3	Ne+4	Ne+5	Ne+6	Ne+7	Ne+8	Ne+9	Ne+10
 4.62852e+21	0.00e+00	0.00e+00	0.00e+00	3.35e-25	1.31e-20	1.24e-16	4.67e-13	1.10e-09	8.78e-06	5.90e-03	9.94e-01
 1.05508e+22	0.00e+00	0.00e+00	3.17e-29	3.84e-24	1.06e-19	7.17e-16	1.92e-12	3.19e-09	1.79e-05	8.40e-03	9.92e-01
 1.27300e+22	0.00e+00	0.00e+00	2.09e-28	2.01e-23	4.40e-19	2.36e-15	4.99e-12	6.56e-09	2.89e-05	1.07e-02	9.89e-01
 1.43239e+22	0.00e+00	0.00e+00	9.44e-28	7.54e-23	1.37e-18	6.09e-15	1.07e-11	1.17e-08	4.24e-05	1.29e-02	9.87e-01
 1.52093e+22	0.00e+00	2.49e-33	1.38e-27	1.05e-22	1.82e-18	7.73e-15	1.30e-11	1.35e-08	4.67e-05	1.36e-02	9.86e-01
 1.55200e+22	0.00e+00	3.43e-33	1.83e-27	1.35e-22	2.25e-18	9.24e-15	1.50e-11	1.50e-08	5.02e-05	1.40e-02	9.86e-01
 1.57862e+22	0.00e+00	4.70e-33	2.42e-27	1.72e-22	2.79e-18	1.10e-14	1.73e-11	1.67e-08	5.40e-05	1.46e-02	9.85e-01
 1.60914e+22	0.00e+00	6.90e-33	3.41e-27	2.33e-22	3.61e-18	1.37e-14	2.05e-11	1.91e-08	5.89e-05	1.52e-02	9.85e-01
 1.64055e+22	0.00e+00	9.82e-33	4.68e-27	3.07e-22	4.57e-18	1.67e-14	2.41e-11	2.15e-08	6.38e-05	1.58e-02	9.84e-01
 1.66766e+22	0.00e+00	1.35e-32	6.23e-27	3.94e-22	5.68e-18	2.00e-14	2.79e-11	2.40e-08	6.87e-05	1.64e-02	9.84e-01
 1.69201e+22	0.00e+00	1.80e-32	8.04e-27	4.93e-22	6.88e-18	2.35e-14	3.17e-11	2.65e-08	7.33e-05	1.69e-02	9.83e-01
 1.71820e+22	0.00e+00	2.48e-32	1.07e-26	6.32e-22	8.52e-18	2.81e-14	3.66e-11	2.96e-08	7.88e-05	1.76e-02	9.82e-01
 1.74639e+22	0.00e+00	3.43e-32	1.42e-26	8.15e-22	1.06e-17	3.37e-14	4.24e-11	3.30e-08	8.48e-05	1.82e-02	9.82e-01
 1.77186e+22	0.00e+00	4.60e-32	1.85e-26	1.03e-21	1.29e-17	3.98e-14	4.85e-11	3.65e-08	9.07e-05	1.88e-02	9.81e-01
 1.79964e+22	0.00e+00	6.52e-32	2.53e-26	1.35e-21	1.63e-17	4.84e-14	5.68e-11	4.11e-08	9.83e-05	1.96e-02	9.80e-01
 1.82872e+22	0.00e+00	9.11e-32	3.40e-26	1.75e-21	2.04e-17	5.84e-14	6.60e-11	4.61e-08	1.06e-04	2.03e-02	9.80e-01
 1.85336e+22	0.00e+00	1.22e-31	4.40e-26	2.19e-21	2.48e-17	6.86e-14	7.52e-11	5.09e-08	1.13e-04	2.10e-02	9.79e-01
 1.87929e+22	0.00e+00	1.68e-31	5.86e-26	2.82e-21	3.08e-17	8.23e-14	8.71e-11	5.68e-08	1.22e-04	2.18e-02	9.78e-01
 1.90698e+22	0.00e+00	2.31e-31	7.78e-26	3.62e-21	3.81e-17	9.84e-14	1.01e-10	6.34e-08	1.31e-04	2.26e-02	9.77e-01
 1.93203e+22	0.00e+00	3.09e-31	1.01e-25	4.54e-21	4.64e-17	1.16e-13	1.15e-10	7.00e-08	1.40e-04	2.33e-02	9.77e-01
 1.95965e+22	0.00e+00	4.36e-31	1.37e-25	5.95e-21	5.86e-17	1.41e-13	1.34e-10	7.88e-08	1.52e-04	2.43e-02	9.76e-01
 1.98866e+22	0.00e+00	6.09e-31	1.85e-25	7.72e-21	7.33e-17	1.70e-13	1.56e-10	8.83e-08	1.64e-04	2.52e-02	9.75e-01
 2.01298e+22	0.00e+00	8.10e-31	2.38e-25	9.64e-21	8.87e-17	1.99e-13	1.78e-10	9.73e-08	1.74e-04	2.60e-02	9.74e-01
 2.03475e+22	0.00e+00	1.04e-30	2.98e-25	1.17e-20	1.05e-16	2.30e-13	1.99e-10	1.06e-07	1.85e-04	2.68e-02	9.73e-01
 2.05968e+22	0.00e+00	1.42e-30	3.92e-25	1.49e-20	1.29e-16	2.73e-13	2.29e-10	1.18e-07	1.98e-04	2.77e-02	9.72e-01
 2.08686e+22	0.00e+00	1.95e-30	5.21e-25	1.92e-20	1.60e-16	3.27e-13	2.65e-10	1.32e-07	2.13e-04	2.87e-02	9.71e-01
 2.11196e+22	0.00e+00	2.62e-30	6.78e-25	2.42e-20	1.95e-16	3.87e-13	3.03e-10	1.46e-07	2.28e-04	2.97e-02	9.70e-01
 2.13958e+22	0.00e+00	3.72e-30	9.26e-25	3.18e-20	2.47e-16	4.71e-13	3.55e-10	1.64e-07	2.47e-04	3.09e-02	9.69e-01
 2.16709e+22	0.00e+00	5.10e-30	1.23e-24	4.07e-20	3.06e-16	5.63e-13	4.09e-10	1.83e-07	2.66e-04	3.20e-02	9.68e-01
 2.18948e+22	0.00e+00	6.68e-30	1.56e-24	5.01e-20	3.66e-16	6.54e-13	4.62e-10	2.00e-07	2.82e-04	3.30e-02	9.67e-01
 2.21363e+22	0.00e+00	9.06e-30	2.04e-24	6.37e-20	4.50e-16	7.77e-13	5.31e-10	2.22e-07	3.03e-04	3.41e-02	9.66e-01
 2.24005e+22	0.00e+00	1.24e-29	2.71e-24	8.14e-20	5.56e-16	9.27e-13	6.12e-10	2.48e-07	3.25e-04	3.53e-02	9.64e-01
 2.26470e+22	0.00e+00	1.66e-29	3.50e-24	1.02e-19	6.75e-16	1.09e-12	6.98e-10	2.73e-07	3.47e-04	3.65e-02	9.63e-01
 2.29201e+22	0.00e+00	2.36e-29	4.79e-24	1.34e-19	8.55e-16	1.33e-12	8.19e-10	3.08e-07	3.76e-04	3.80e-02	9.62e-01
 2.31925e+22	0.00e+00	3.26e-29	6.38e-24	1.73e-19	1.06e-15	1.59e-12	9.46e-10	3.44e-07	4.05e-04	3.93e-02	9.60e-01
 2.34137e+22	0.00e+00	4.23e-29	8.05e-24	2.12e-19	1.27e-15	1.85e-12	1.07e-09	3.76e-07	4.30e-04	4.05e-02	9.59e-01
 2.36509e+22	0.00e+00	5.81e-29	1.07e-23	2.71e-19	1.57e-15	2.21e-12	1.23e-09	4.19e-07	4.61e-04	4.20e-02	9.58e-01
 2.39073e+22	0.00e+00	7.90e-29	1.40e-23	3.45e-19	1.92e-15	2.62e-12	1.41e-09	4.64e-07	4.94e-04	4.34e-02	9.56e-01
 2.41482e+22	0.00e+00	1.06e-28	1.82e-23	4.33e-19	2.34e-15	3.09e-12	1.61e-09	5.13e-07	5.28e-04	4.48e-02	9.55e-01
 2.44209e+22	0.00e+00	1.53e-28	2.53e-23	5.78e-19	3.00e-15	3.80e-12	1.90e-09	5.81e-07	5.74e-04	4.67e-02	9.53e-01
 2.46881e+22	0.00e+00	2.10e-28	3.35e-23	7.39e-19	3.70e-15	4.54e-12	2.19e-09	6.46e-07	6.16e-04	4.83e-02	9.51e-01
 2.49025e+22	0.00e+00	2.78e-28	4.30e-23	9.19e-19	4.47e-15	5.31e-12	2.49e-09	7.09e-07	6.56e-04	4.98e-02	9.50e-01
 2.51354e+22	0.00e+00	3.81e-28	5.68e-23	1.17e-18	5.51e-15	6.33e-12	2.86e-09	7.89e-07	7.04e-04	5.16e-02	9.48e-01
 2.53891e+22	0.00e+00	5.25e-28	7.54e-23	1.51e-18	6.83e-15	7.57e-12	3.30e-09	8.77e-07	7.56e-04	5.34e-02	9.46e-01
 2.56256e+22	3.36e-34	7.15e-28	9.92e-23	1.91e-18	8.39e-15	9.00e-12	3.79e-09	9.72e-07	8.09e-04	5.52e-02	9.44e-01
 2.58535e+22	4.74e-34	9.72e-28	1.30e-22	2.43e-18	1.03e-14	1.07e-11	4.35e-09	1.08e-06	8.66e-04	5.70e-02	9.42e-01
 2.60728e+22	6.54e-34	1.30e-27	1.68e-22	3.04e-18	1.25e-14	1.25e-11	4.94e-09	1.18e-06	9.23e-04	5.88e-02	9.40e-01
 2.62840e+22	8.99e-34	1.73e-27	2.17e-22	3.79e-18	1.51e-14	1.47e-11	5.61e-09	1.30e-06	9.82e-04	6.06e-02	9.38e-01
 2.65263e+22	1.37e-33	2.51e-27	3.02e-22	5.07e-18	1.94e-14	1.81e-11	6.62e-09	1.47e-06	1.07e-03	6.30e-02	9.36e-01
 2.67710e+22	1.89e-33	3.36e-27	3.92e-22	6.37e-18	2.36e-14	2.13e-11	7.54e-09	1.62e-06	1.14e-03	6.50e-02	9.34e-01
 2.70188e+22	2.93e-33	4.97e-27	5.54e-22	8.62e-18	3.06e-14	2.65e-11	8.96e-09	1.84e-06	1.24e-03	6.77e-02	9.31e-01
 2.72676e+22	4.23e-33	6.91e-27	7.42e-22	1.11e-17	3.80e-14	3.18e-11	1.04e-08	2.05e-06	1.33e-03	7.01e-02	9.29e-01
 2.74720e+22	5.86e-33	9.26e-27	9.61e-22	1.39e-17	4.62e-14	3.74e-11	1.18e-08	2.25e-06	1.41e-03	7.22e-02	9.26e-01
 2.76917e+22	8.53e-33	1.29e-26	1.29e-21	1.81e-17	5.77e-14	4.50e-11	1.36e-08	2.51e-06	1.52e-03	7.48e-02	9.24e-01
 2.79247e+22	1.24e-32	1.81e-26	1.74e-21	2.34e-17	7.20e-14	5.42e-11	1.58e-08	2.80e-06	1.63e-03	7.74e-02	9.21e-01
 2.81320e+22	1.72e-32	2.42e-26	2.25e-21	2.94e-17	8.75e-14	6.37e-11	1.79e-08	3.08e-06	1.74e-03	7.97e-02	9.19e-01
 2.83587e+22	2.61e-32	3.53e-26	3.14e-21	3.92e-17	1.12e-13	7.83e-11	2.11e-08	3.47e-06	1.88e-03	8.28e-02	9.15e-01
 2.85919e+22	3.81e-32	4.95e-26	4.24e-21	5.10e-17	1.40e-13	9.44e-11	2.45e-08	3.87e-06	2.02e-03	8.56e-02	9.12e-01
 2.87895e+22	5.26e-32	6.60e-26	5.47e-21	6.37e-17	1.70e-13	1.11e-10	2.78e-08	4.24e-06	2.14e-03	8.81e-02	9.10e-01
 2.90026e+22	7.87e-32	9.47e-26	7.53e-21	8.42e-17	2.16e-13	1.35e-10	3.25e-08	4.76e-06	2.31e-03	9.14e-02	9.06e-01
 2.92225e+22	1.13e-31	1.31e-25	1.00e-20	1.08e-16	2.68e-13	1.62e-10	3.74e-08	5.27e-06	2.47e-03	9.43e-02	9.03e-01
 2.94165e+22	1.58e-31	1.77e-25	1.31e-20	1.36e-16	3.26e-13	1.91e-10	4.26e-08	5.80e-06	2.63e-03	9.71e-02	9.00e-01
 2.96340e+22	2.41e-31	2.58e-25	1.83e-20	1.83e-16	4.19e-13	2.35e-10	5.02e-08	6.54e-06	2.85e-03	1.01e-01	8.96e-01
 2.98576e+22	3.54e-31	3.63e-25	2.47e-20	2.38e-16	5.26e-13	2.83e-10	5.82e-08	7.28e-06	3.05e-03	1.04e-01	8.93e-01
 3.00469e+22	4.90e-31	4.86e-25	3.20e-20	2.98e-16	6.37e-13	3.33e-10	6.60e-08	7.99e-06	3.24e-03	1.07e-01	8.90e-01
 3.02506e+22	7.40e-31	7.03e-25	4.43e-20	3.96e-16	8.14e-13	4.07e-10	7.73e-08	8.97e-06	3.50e-03	1.11e-01	8.86e-01
 3.04620e+22	1.05e-30	9.62e-25	5.85e-20	5.04e-16	1.00e-12	4.84e-10	8.86e-08	9.90e-06	3.73e-03	1.14e-01	8.82e-01
 3.06520e+22	1.51e-30	1.33e-24	7.79e-20	6.47e-16	1.24e-12	5.78e-10	1.02e-07	1.09e-05	3.98e-03	1.18e-01	8.78e-01
 3.08369e+22	2.12e-30	1.80e-24	1.02e-19	8.18e-16	1.52e-12	6.84e-10	1.16e-07	1.20e-05	4.24e-03	1.21e-01	8.74e-01
 3.10466e+22	3.24e-30	2.64e-24	1.43e-19	1.10e-15	1.95e-12	8.42e-10	1.37e-07	1.36e-05	4.58e-03	1.26e-01	8.70e-01
 3.12630e+22	4.79e-30	3.74e-24	1.94e-19	1.44e-15	2.46e-12	1.02e-09	1.59e-07	1.51e-05	4.91e-03	1.30e-01	8.65e-01
 3.14522e+22	6.88e-30	5.17e-24	2.59e-19	1.84e-15	3.04e-12	1.22e-09	1.82e-07	1.67e-05	5.23e-03	1.34e-01	8.61e-01
 3.16328e+22	9.72e-30	7.04e-24	3.40e-19	2.34e-15	3.73e-12	1.44e-09	2.08e-07	1.84e-05	5.57e-03	1.38e-01	8.57e-01
 3.18386e+22	1.49e-29	1.03e-23	4.77e-19	3.14e-15	4.81e-12	1.78e-09	2.45e-07	2.07e-05	6.01e-03	1.42e-01	8.51e-01
 3.20524e+22	2.20e-29	1.46e-23	6.48e-19	4.11e-15	6.05e-12	2.15e-09	2.85e-07	2.31e-05	6.44e-03	1.47e-01	8.47e-01
 3.22446e+22	3.21e-29	2.05e-23	8.74e-19	5.33e-15	7.56e-12	2.59e-09	3.29e-07	2.56e-05	6.88e-03	1.51e-01	8.42e-01
 3.24627e+22	5.19e-29	3.16e-23	1.28e-18	7.43e-15	1.00e-11	3.28e-09	3.95e-07	2.92e-05	7.49e-03	1.57e-01	8.35e-01
 3.26767e+22	7.44e-29	4.35e-23	1.70e-18	9.52e-15	1.24e-11	3.92e-09	4.53e-07	3.23e-05	7.98e-03	1.62e-01	8.30e-01
 3.28562e+22	1.08e-28	6.07e-23	2.28e-18	1.23e-14	1.55e-11	4.69e-09	5.22e-07	3.57e-05	8.50e-03	1.67e-01	8.25e-01
 3.30313e+22	1.54e-28	8.34e-23	3.02e-18	1.57e-14	1.91e-11	5.58e-09	5.97e-07	3.93e-05	9.04e-03	1.71e-01	8.20e-01
 3.32299e+22	2.40e-28	1.24e-22	4.29e-18	2.13e-14	2.48e-11	6.94e-09	7.07e-07	4.44e-05	9.76e-03	1.77e-01	8.13e-01
 3.34190e+22	3.33e-28	1.66e-22	5.55e-18	2.67e-14	3.01e-11	8.14e-09	8.00e-07	4.85e-05	1.03e-02	1.82e-01	8.08e-01
 3.35706e+22	4.64e-28	2.24e-22	7.21e-18	3.35e-14	3.65e-11	9.56e-09	9.06e-07	5.30e-05	1.09e-02	1.86e-01	8.03e-01
 3.37085e+22	6.18e-28	2.90e-22	9.05e-18	4.08e-14	4.32e-11	1.10e-08	1.01e-06	5.72e-05	1.15e-02	1.90e-01	7.98e-01
 3.38341e+22	8.06e-28	3.67e-22	1.12e-17	4.90e-14	5.05e-11	1.25e-08	1.12e-06	6.14e-05	1.20e-02	1.94e-01	7.94e-01
 3.39777e+22	1.13e-27	4.97e-22	1.46e-17	6.18e-14	6.16e-11	1.47e-08	1.27e-06	6.72e-05	1.27e-02	1.99e-01	7.89e-01
 3.41208e+22	1.50e-27	6.39e-22	1.82e-17	7.50e-14	7.27e-11	1.69e-08	1.41e-06	7.25e-05	1.33e-02	2.03e-01	7.84e-01
 3.42411e+22	1.94e-27	8.07e-22	2.23e-17	8.97e-14	8.47e-11	1.92e-08	1.55e-06	7.77e-05	1.39e-02	2.07e-01	7.79e-01
 3.43754e+22	2.69e-27	1.08e-21	2.89e-17	1.12e-13	1.03e-10	2.25e-08	1.75e-06	8.47e-05	1.47e-02	2.11e-01	7.74e-01
 3.45075e+22	3.49e-27	1.36e-21	3.55e-17	1.34e-13	1.20e-10	2.55e-08	1.93e-06	9.08e-05	1.53e-02	2.15e-01	7.69e-01
 3.46180e+22	4.52e-27	1.72e-21	4.35e-17	1.60e-13	1.39e-10	2.88e-08	2.13e-06	9.71e-05	1.60e-02	2.19e-01	7.65e-01
 3.47264e+22	5.79e-27	2.15e-21	5.29e-17	1.90e-13	1.61e-10	3.25e-08	2.33e-06	1.04e-04	1.66e-02	2.23e-01	7.60e-01
 3.48508e+22	7.98e-27	2.86e-21	6.81e-17	2.36e-13	1.94e-10	3.80e-08	2.63e-06	1.13e-04	1.75e-02	2.28e-01	7.54e-01
 3.49773e+22	1.04e-26	3.61e-21	8.36e-17	2.83e-13	2.26e-10	4.31e-08	2.89e-06	1.21e-04	1.83e-02	2.32e-01	7.50e-01
 3.51065e+22	1.45e-26	4.87e-21	1.09e-16	3.55e-13	2.75e-10	5.06e-08	3.27e-06	1.32e-04	1.93e-02	2.37e-01	7.43e-01
 3.52292e+22	1.86e-26	6.09e-21	1.33e-16	4.22e-13	3.18e-10	5.71e-08	3.59e-06	1.41e-04	2.01e-02	2.41e-01	7.38e-01
 3.53268e+22	2.34e-26	7.49e-21	1.59e-16	4.94e-13	3.64e-10	6.38e-08	3.91e-06	1.49e-04	2.08e-02	2.45e-01	7.34e-01
 3.54366e+22	3.20e-26	9.90e-21	2.03e-16	6.11e-13	4.36e-10	7.40e-08	4.38e-06	1.62e-04	2.19e-02	2.50e-01	7.28e-01
 3.55473e+22	4.06e-26	1.23e-20	2.45e-16	7.19e-13	5.01e-10	8.30e-08	4.79e-06	1.72e-04	2.27e-02	2.54e-01	7.23e-01
 3.56590e+22	5.64e-26	1.65e-20	3.18e-16	9.01e-13	6.07e-10	9.73e-08	5.40e-06	1.87e-04	2.39e-02	2.59e-01	7.17e-01
 3.57701e+22	7.26e-26	2.06e-20	3.88e-16	1.07e-12	7.03e-10	1.10e-07	5.92e-06	2.00e-04	2.49e-02	2.64e-01	7.11e-01
 3.58804e+22	1.01e-25	2.76e-20	5.01e-16	1.34e-12	8.50e-10	1.28e-07	6.67e-06	2.17e-04	2.62e-02	2.69e-01	7.05e-01
 3.59923e+22	1.32e-25	3.51e-20	6.19e-16	1.60e-12	9.93e-10	1.46e-07	7.36e-06	2.32e-04	2.73e-02	2.73e-01	6.99e-01
 3.61061e+22	1.86e-25	4.80e-20	8.14e-16	2.03e-12	1.21e-09	1.72e-07	8.35e-06	2.54e-04	2.88e-02	2.79e-01	6.92e-01
 3.62157e+22	2.38e-25	5.98e-20	9.88e-16	2.40e-12	1.40e-09	1.94e-07	9.13e-06	2.70e-04	2.99e-02	2.83e-01	6.86e-01
 3.63199e+22	3.37e-25	8.16e-20	1.30e-15	3.04e-12	1.71e-09	2.28e-07	1.04e-05	2.95e-04	3.15e-02	2.89e-01	6.79e-01
 3.64236e+22	4.29e-25	1.01e-19	1.57e-15	3.58e-12	1.97e-09	2.56e-07	1.13e-05	3.13e-04	3.27e-02	2.93e-01	6.73e-01
 3.65264e+22	6.00e-25	1.37e-19	2.04e-15	4.50e-12	2.39e-09	3.00e-07	1.28e-05	3.41e-04	3.44e-02	2.99e-01	6.66e-01
 3.66283e+22	7.75e-25	1.72e-19	2.50e-15	5.35e-12	2.77e-09	3.39e-07	1.40e-05	3.63e-04	3.58e-02	3.04e-01	6.60e-01
 3.67292e+22	1.10e-24	2.35e-19	3.29e-15	6.78e-12	3.39e-09	4.01e-07	1.59e-05	3.96e-04	3.77e-02	3.10e-01	6.52e-01
 3.68289e+22	1.41e-24	2.93e-19	3.98e-15	8.00e-12	3.91e-09	4.50e-07	1.74e-05	4.21e-04	3.91e-02	3.14e-01	6.46e-01
 3.69271e+22	2.00e-24	4.02e-19	5.26e-15	1.02e-11	4.79e-09	5.32e-07	1.98e-05	4.60e-04	4.13e-02	3.20e-01	6.38e-01
 3.70254e+22	2.58e-24	5.04e-19	6.40e-15	1.21e-11	5.54e-09	6.00e-07	2.16e-05	4.90e-04	4.28e-02	3.25e-01	6.32e-01
 3.71238e+22	3.70e-24	6.97e-19	8.50e-15	1.54e-11	6.82e-09	7.13e-07	2.47e-05	5.36e-04	4.52e-02	3.31e-01	6.23e-01
 3.72230e+22	4.81e-24	8.81e-19	1.04e-14	1.84e-11	7.94e-09	8.08e-07	2.71e-05	5.73e-04	4.70e-02	3.36e-01	6.17e-01
 3.73232e+22	6.87e-24	1.21e-18	1.38e-14	2.34e-11	9.75e-09	9.57e-07	3.09e-05	6.26e-04	4.96e-02	3.42e-01	6.08e-01
 3.74225e+22	8.98e-24	1.54e-18	1.71e-14	2.81e-11	1.14e-08	1.09e-06	3.41e-05	6.70e-04	5.16e-02	3.47e-01	6.01e-01
 3.75208e+22	1.28e-23	2.12e-18	2.25e-14	3.57e-11	1.40e-08	1.29e-06	3.88e-05	7.32e-04	5.44e-02	3.53e-01	5.92e-01
 3.76206e+22	1.70e-23	2.73e-18	2.81e-14	4.32e-11	1.64e-08	1.48e-06	4.30e-05	7.86e-04	5.67e-02	3.58e-01	5.84e-01
 3.77223e+22	2.46e-23	3.80e-18	3.76e-14	5.54e-11	2.04e-08	1.76e-06	4.93e-05	8.62e-04	5.99e-02	3.65e-01	5.74e-01
 3.78252e+22	3.28e-23	4.92e-18	4.71e-14	6.74e-11	2.41e-08	2.02e-06	5.48e-05	9.27e-04	6.25e-02	3.70e-01	5.66e-01
 3.79296e+22	4.79e-23	6.91e-18	6.34e-14	8.70e-11	3.00e-08	2.43e-06	6.31e-05	1.02e-03	6.61e-02	3.77e-01	5.56e-01
 3.80346e+22	6.38e-23	8.95e-18	7.96e-14	1.06e-10	3.54e-08	2.79e-06	7.02e-05	1.10e-03	6.90e-02	3.82e-01	5.48e-01
 3.81252e+22	8.46e-23	1.15e-17	9.93e-14	1.28e-10	4.17e-08	3.20e-06	7.80e-05	1.18e-03	7.19e-02	3.87e-01	5.40e-01
 3.82278e+22	1.22e-22	1.61e-17	1.33e-13	1.65e-10	5.18e-08	3.83e-06	8.96e-05	1.30e-03	7.60e-02	3.94e-01	5.29e-01
 3.83302e+22	1.59e-22	2.03e-17	1.63e-13	1.97e-10	6.03e-08	4.35e-06	9.89e-05	1.39e-03	7.90e-02	3.99e-01	5.21e-01
 3.84321e+22	2.25e-22	2.77e-17	2.15e-13	2.49e-10	7.39e-08	5.16e-06	1.13e-04	1.52e-03	8.32e-02	4.05e-01	5.11e-01
 3.85362e+22	2.96e-22	3.55e-17	2.67e-13	3.00e-10	8.69e-08	5.91e-06	1.25e-04	1.63e-03	8.67e-02	4.09e-01	5.02e-01
 3.86431e+22	4.24e-22	4.90e-17	3.54e-13	3.84e-10	1.07e-07	7.06e-06	1.44e-04	1.79e-03	9.15e-02	4.16e-01	4.91e-01
 3.87509e+22	5.50e-22	6.20e-17	4.36e-13	4.59e-10	1.25e-07	8.04e-06	1.59e-04	1.92e-03	9.52e-02	4.20e-01	4.83e-01
 3.88601e+22	7.79e-22	8.49e-17	5.74e-13	5.82e-10	1.54e-07	9.56e-06	1.82e-04	2.10e-03	1.00e-01	4.26e-01	4.71e-01
 3.89720e+22	1.02e-21	1.08e-16	7.08e-13	6.98e-10	1.80e-07	1.09e-05	2.02e-04	2.25e-03	1.04e-01	4.31e-01	4.63e-01
 3.90876e+22	1.43e-21	1.47e-16	9.32e-13	8.86e-10	2.21e-07	1.30e-05	2.31e-04	2.47e-03	1.10e-01	4.36e-01	4.51e-01
 3.92066e+22	1.88e-21	1.88e-16	1.16e-12	1.07e-09	2.61e-07	1.49e-05	2.57e-04	2.66e-03	1.15e-01	4.41e-01	4.42e-01
 3.93139e+22	2.46e-21	2.39e-16	1.43e-12	1.29e-09	3.06e-07	1.71e-05	2.86e-04	2.86e-03	1.19e-01	4.45e-01	4.33e-01
 3.94368e+22	3.45e-21	3.25e-16	1.88e-12	1.62e-09	3.75e-07	2.02e-05	3.27e-04	3.13e-03	1.25e-01	4.50e-01	4.21e-01
 3.95611e+22	4.46e-21	4.10e-16	2.31e-12	1.94e-09	4.38e-07	2.31e-05	3.63e-04	3.36e-03	1.30e-01	4.54e-01	4.12e-01
 3.96871e+22	6.19e-21	5.52e-16	3.00e-12	2.44e-09	5.34e-07	2.73e-05	4.14e-04	3.67e-03	1.37e-01	4.58e-01	4.01e-01
 3.98095e+22	7.78e-21	6.78e-16	3.60e-12	2.86e-09	6.13e-07	3.07e-05	4.53e-04	3.90e-03	1.42e-01	4.61e-01	3.93e-01
 3.99273e+22	1.05e-20	8.86e-16	4.57e-12	3.52e-09	7.34e-07	3.58e-05	5.11e-04	4.23e-03	1.48e-01	4.65e-01	3.82e-01
 4.00473e+22	1.31e-20	1.09e-15	5.48e-12	4.12e-09	8.42e-07	4.02e-05	5.60e-04	4.50e-03	1.53e-01	4.68e-01	3.74e-01
 4.01703e+22	1.76e-20	1.42e-15	6.96e-12	5.08e-09	1.01e-06	4.69e-05	6.32e-04	4.89e-03	1.60e-01	4.71e-01	3.63e-01
 4.02950e+22	2.19e-20	1.74e-15	8.30e-12	5.92e-09	1.15e-06	5.25e-05	6.90e-04	5.19e-03	1.65e-01	4.73e-01	3.56e-01
 4.04219e+22	2.94e-20	2.27e-15	1.05e-11	7.27e-09	1.38e-06	6.12e-05	7.79e-04	5.63e-03	1.73e-01	4.76e-01	3.45e-01
 4.05466e+22	3.59e-20	2.72e-15	1.24e-11	8.38e-09	1.56e-06	6.78e-05	8.44e-04	5.94e-03	1.78e-01	4.78e-01	3.38e-01
 4.06684e+22	4.71e-20	3.48e-15	1.54e-11	1.01e-08	1.85e-06	7.82e-05	9.44e-04	6.41e-03	1.85e-01	4.80e-01	3.28e-01
 4.07927e+22	5.77e-20	4.18e-15	1.82e-11	1.17e-08	2.09e-06	8.68e-05	1.02e-03	6.77e-03	1.90e-01	4.82e-01	3.20e-01
 4.09203e+22	7.56e-20	5.34e-15	2.26e-11	1.42e-08	2.47e-06	1.00e-04	1.15e-03	7.30e-03	1.98e-01	4.83e-01	3.10e-01
 4.10502e+22	9.28e-20	6.44e-15	2.67e-11	1.64e-08	2.81e-06	1.11e-04	1.25e-03	7.72e-03	2.04e-01	4.84e-01	3.03e-01
 4.11834e+22	1.22e-19	8.24e-15	3.33e-11	1.98e-08	3.32e-06	1.28e-04	1.39e-03	8.33e-03	2.12e-01	4.85e-01	2.93e-01
 4.13189e+22	1.49e-19	9.94e-15	3.94e-11	2.30e-08	3.77e-06	1.43e-04	1.51e-03	8.81e-03	2.18e-01	4.86e-01	2.85e-01
 4.14574e+22	1.96e-19	1.27e-14	4.91e-11	2.78e-08	4.46e-06	1.65e-04	1.69e-03	9.49e-03	2.26e-01	4.87e-01	2.76e-01
 4.15986e+22	2.40e-19	1.53e-14	5.81e-11	3.22e-08	5.07e-06	1.83e-04	1.84e-03	1.00e-02	2.33e-01	4.87e-01	2.68e-01
 4.17227e+22	2.94e-19	1.84e-14	6.84e-11	3.72e-08	5.74e-06	2.04e-04	2.00e-03	1.06e-02	2.39e-01	4.87e-01	2.61e-01
 4.18635e+22	3.81e-19	2.33e-14	8.45e-11	4.47e-08	6.75e-06	2.34e-04	2.23e-03	1.14e-02	2.48e-01	4.86e-01	2.52e-01
 4.20040e+22	4.59e-19	2.77e-14	9.84e-11	5.11e-08	7.57e-06	2.57e-04	2.40e-03	1.20e-02	2.54e-01	4.86e-01	2.45e-01
 4.21444e+22	5.91e-19	3.49e-14	1.21e-10	6.12e-08	8.87e-06	2.94e-04	2.67e-03	1.28e-02	2.63e-01	4.85e-01	2.36e-01
 4.22869e+22	7.13e-19	4.14e-14	1.41e-10	6.99e-08	9.95e-06	3.24e-04	2.87e-03	1.35e-02	2.69e-01	4.84e-01	2.30e-01
 4.24322e+22	9.14e-19	5.19e-14	1.73e-10	8.35e-08	1.16e-05	3.69e-04	3.18e-03	1.44e-02	2.78e-01	4.83e-01	2.21e-01
 4.25821e+22	1.12e-18	6.24e-14	2.04e-10	9.65e-08	1.32e-05	4.10e-04	3.45e-03	1.52e-02	2.85e-01	4.81e-01	2.14e-01
 4.27380e+22	1.44e-18	7.86e-14	2.51e-10	1.15e-07	1.54e-05	4.67e-04	3.81e-03	1.63e-02	2.95e-01	4.79e-01	2.06e-01
 4.28995e+22	1.78e-18	9.56e-14	2.99e-10	1.34e-07	1.76e-05	5.21e-04	4.16e-03	1.72e-02	3.02e-01	4.77e-01	1.99e-01
 4.30680e+22	2.32e-18	1.22e-13	3.71e-10	1.62e-07	2.07e-05	5.97e-04	4.61e-03	1.84e-02	3.12e-01	4.74e-01	1.90e-01
 4.32416e+22	2.90e-18	1.49e-13	4.44e-10	1.90e-07	2.37e-05	6.69e-04	5.04e-03	1.95e-02	3.20e-01	4.71e-01	1.83e-01
 4.34218e+22	3.81e-18	1.91e-13	5.56e-10	2.31e-07	2.80e-05	7.69e-04	5.61e-03	2.09e-02	3.31e-01	4.67e-01	1.75e-01
 4.36087e+22	4.82e-18	2.37e-13	6.73e-10	2.73e-07	3.23e-05	8.67e-04	6.15e-03	2.22e-02	3.39e-01	4.64e-01	1.68e-01
 4.37783e+22	6.04e-18	2.91e-13	8.09e-10	3.20e-07	3.71e-05	9.72e-04	6.71e-03	2.35e-02	3.48e-01	4.60e-01	1.61e-01
 4.39730e+22	8.03e-18	3.78e-13	1.02e-09	3.92e-07	4.42e-05	1.12e-03	7.49e-03	2.52e-02	3.59e-01	4.55e-01	1.53e-01
 4.41715e+22	1.02e-17	4.68e-13	1.24e-09	4.63e-07	5.10e-05	1.26e-03	8.21e-03	2.68e-02	3.68e-01	4.50e-01	1.46e-01
 4.43749e+22	1.36e-17	6.11e-13	1.57e-09	5.69e-07	6.10e-05	1.47e-03	9.18e-03	2.87e-02	3.79e-01	4.44e-01	1.38e-01
 4.45810e+22	1.72e-17	7.58e-13	1.91e-09	6.73e-07	7.05e-05	1.65e-03	1.01e-02	3.05e-02	3.88e-01	4.38e-01	1.32e-01
 4.47906e+22	2.32e-17	9.94e-13	2.43e-09	8.32e-07	8.45e-05	1.92e-03	1.13e-02	3.28e-02	3.99e-01	4.31e-01	1.24e-01
 4.50024e+22	2.93e-17	1.23e-12	2.95e-09	9.83e-07	9.76e-05	2.16e-03	1.23e-02	3.47e-02	4.08e-01	4.25e-01	1.18e-01
 4.52171e+22	3.94e-17	1.62e-12	3.77e-09	1.22e-06	1.17e-04	2.52e-03	1.39e-02	3.73e-02	4.19e-01	4.17e-01	1.10e-01
 4.54330e+22	4.96e-17	2.00e-12	4.56e-09	1.44e-06	1.35e-04	2.84e-03	1.52e-02	3.95e-02	4.28e-01	4.10e-01	1.04e-01
 4.56136e+22	6.10e-17	2.42e-12	5.40e-09	1.66e-06	1.54e-04	3.15e-03	1.64e-02	4.15e-02	4.36e-01	4.04e-01	9.95e-02
 4.58113e+22	7.93e-17	3.09e-12	6.74e-09	2.02e-06	1.82e-04	3.63e-03	1.83e-02	4.44e-02	4.46e-01	3.95e-01	9.29e-02
 4.60063e+22	9.63e-17	3.69e-12	7.93e-09	2.33e-06	2.06e-04	4.02e-03	1.97e-02	4.65e-02	4.53e-01	3.88e-01	8.84e-02
 4.61978e+22	1.23e-16	4.64e-12	9.76e-09	2.79e-06	2.41e-04	4.59e-03	2.18e-02	4.95e-02	4.63e-01	3.79e-01	8.26e-02
 4.63929e+22	1.50e-16	5.57e-12	1.15e-08	3.23e-06	2.73e-04	5.09e-03	2.36e-02	5.20e-02	4.70e-01	3.71e-01	7.82e-02
 4.65927e+22	1.92e-16	7.01e-12	1.42e-08	3.89e-06	3.22e-04	5.85e-03	2.62e-02	5.54e-02	4.79e-01	3.61e-01	7.25e-02
 4.67944e+22	2.32e-16	8.38e-12	1.68e-08	4.49e-06	3.65e-04	6.49e-03	2.84e-02	5.82e-02	4.85e-01	3.53e-01	6.84e-02
 4.69987e+22	2.94e-16	1.05e-11	2.06e-08	5.40e-06	4.30e-04	7.46e-03	3.16e-02	6.21e-02	4.94e-01	3.42e-01	6.30e-02
 4.72058e+22	3.55e-16	1.25e-11	2.43e-08	6.23e-06	4.88e-04	8.29e-03	3.42e-02	6.52e-02	5.00e-01	3.33e-01	5.91e-02
 4.74165e+22	4.47e-16	1.56e-11	2.98e-08	7.48e-06	5.75e-04	9.53e-03	3.80e-02	6.95e-02	5.08e-01	3.21e-01	5.41e-02
 4.76318e+22	5.34e-16	1.86e-11	3.51e-08	8.65e-06	6.54e-04	1.06e-02	4.13e-02	7.31e-02	5.13e-01	3.11e-01	5.03e-02
 4.78533e+22	6.66e-16	2.31e-11	4.31e-08	1.04e-05	7.73e-04	1.23e-02	4.60e-02	7.80e-02	5.20e-01	2.98e-01	4.56e-02
 4.80789e+22	7.89e-16	2.72e-11	5.06e-08	1.20e-05	8.80e-04	1.37e-02	5.01e-02	8.21e-02	5.24e-01	2.87e-01	4.21e-02
 4.83025e+22	9.56e-16	3.30e-11	6.10e-08	1.43e-05	1.03e-03	1.57e-02	5.55e-02	8.73e-02	5.29e-01	2.74e-01	3.80e-02
 4.85149e+22	1.09e-15	3.79e-11	6.97e-08	1.61e-05	1.15e-03	1.73e-02	5.96e-02	9.12e-02	5.31e-01	2.64e-01	3.53e-02
 4.87205e+22	1.28e-15	4.46e-11	8.21e-08	1.87e-05	1.33e-03	1.95e-02	6.55e-02	9.65e-02	5.34e-01	2.52e-01	3.18e-02
 4.89300e+22	1.44e-15	5.06e-11	9.33e-08	2.11e-05	1.48e-03	2.15e-02	7.04e-02	1.01e-01	5.35e-01	2.42e-01	2.93e-02
 4.91352e+22	1.63e-15	5.82e-11	1.08e-07	2.42e-05	1.69e-03	2.41e-02	7.67e-02	1.06e-01	5.36e-01	2.29e-01	2.64e-02
 4.93447e+22	1.81e-15	6.53e-11	1.22e-07	2.72e-05	1.88e-03	2.65e-02	8.24e-02	1.11e-01	5.35e-01	2.19e-01	2.41e-02
 4.95489e+22	1.99e-15	7.34e-11	1.38e-07	3.07e-05	2.12e-03	2.94e-02	8.90e-02	1.16e-01	5.34e-01	2.08e-01	2.17e-02
 4.97571e+22	2.17e-15	8.15e-11	1.56e-07	3.44e-05	2.36e-03	3.24e-02	9.55e-02	1.21e-01	5.32e-01	1.97e-01	1.97e-02
 4.99635e+22	2.34e-15	9.00e-11	1.74e-07	3.86e-05	2.64e-03	3.56e-02	1.02e-01	1.26e-01	5.29e-01	1.87e-01	1.77e-02
 5.01708e+22	2.49e-15	9.85e-11	1.94e-07	4.30e-05	2.93e-03	3.91e-02	1.10e-01	1.31e-01	5.25e-01	1.76e-01	1.59e-02
 5.03759e+22	2.63e-15	1.07e-10	2.15e-07	4.77e-05	3.25e-03	4.27e-02	1.17e-01	1.36e-01	5.21e-01	1.66e-01	1.43e-02
 5.05805e+22	2.75e-15	1.16e-10	2.38e-07	5.29e-05	3.59e-03	4.66e-02	1.24e-01	1.41e-01	5.15e-01	1.57e-01	1.29e-02
 5.07856e+22	2.86e-15	1.25e-10	2.62e-07	5.85e-05	3.96e-03	5.07e-02	1.32e-01	1.46e-01	5.09e-01	1.48e-01	1.15e-02
 5.09915e+22	2.96e-15	1.34e-10	2.88e-07	6.46e-05	4.37e-03	5.50e-02	1.39e-01	1.51e-01	5.02e-01	1.39e-01	1.03e-02
 5.11988e+22	3.05e-15	1.44e-10	3.17e-07	7.15e-05	4.82e-03	5.97e-02	1.47e-01	1.55e-01	4.94e-01	1.30e-01	9.23e-03
 5.14080e+22	3.13e-15	1.54e-10	3.49e-07	7.90e-05	5.31e-03	6.47e-02	1.55e-01	1.60e-01	4.85e-01	1.21e-01	8.22e-03
 5.16197e+22	3.20e-15	1.64e-10	3.84e-07	8.75e-05	5.86e-03	7.00e-02	1.63e-01	1.65e-01	4.76e-01	1.13e-01	7.30e-03
 5.18325e+22	3.27e-15	1.76e-10	4.23e-07	9.69e-05	6.45e-03	7.56e-02	1.71e-01	1.69e-01	4.66e-01	1.06e-01	6.49e-03
 5.20488e+22	3.33e-15	1.88e-10	4.67e-07	1.08e-04	7.12e-03	8.16e-02	1.79e-01	1.73e-01	4.55e-01	9.81e-02	5.73e-03
 5.22676e+22	3.40e-15	2.02e-10	5.17e-07	1.20e-04	7.84e-03	8.80e-02	1.87e-01	1.77e-01	4.44e-01	9.10e-02	5.06e-03
 5.24908e+22	3.48e-15	2.18e-10	5.76e-07	1.34e-04	8.68e-03	9.50e-02	1.96e-01	1.81e-01	4.31e-01	8.40e-02	4.44e-03
 5.26985e+22	3.56e-15	2.32e-10	6.31e-07	1.47e-04	9.43e-03	1.01e-01	2.02e-01	1.83e-01	4.21e-01	7.87e-02	3.99e-03
 5.29127e+22	3.65e-15	2.52e-10	7.10e-07	1.66e-04	1.05e-02	1.09e-01	2.11e-01	1.87e-01	4.07e-01	7.21e-02	3.46e-03
 5.31304e+22	3.77e-15	2.72e-10	7.84e-07	1.84e-04	1.14e-02	1.16e-01	2.17e-01	1.89e-01	3.96e-01	6.72e-02	3.10e-03
 5.33527e+22	3.90e-15	2.99e-10	8.92e-07	2.09e-04	1.27e-02	1.25e-01	2.26e-01	1.92e-01	3.81e-01	6.11e-02	2.66e-03
 5.35760e+22	4.09e-15	3.25e-10	9.93e-07	2.32e-04	1.39e-02	1.32e-01	2.32e-01	1.93e-01	3.69e-01	5.69e-02	2.38e-03
 5.38005e+22	4.30e-15	3.62e-10	1.14e-06	2.65e-04	1.55e-02	1.43e-01	2.39e-01	1.95e-01	3.54e-01	5.16e-02	2.04e-03
 5.40263e+22	4.54e-15	3.97e-10	1.28e-06	2.95e-04	1.68e-02	1.51e-01	2.45e-01	1.96e-01	3.42e-01	4.78e-02	1.82e-03
 5.42539e+22	4.86e-15	4.48e-10	1.48e-06	3.39e-04	1.88e-02	1.62e-01	2.52e-01	1.97e-01	3.26e-01	4.31e-02	1.55e-03
 5.44835e+22	5.20e-15	4.97e-10	1.67e-06	3.78e-04	2.04e-02	1.71e-01	2.57e-01	1.97e-01	3.14e-01	3.98e-02	1.38e-03
 5.47156e+22	5.67e-15	5.69e-10	1.95e-06	4.36e-04	2.28e-02	1.83e-01	2.63e-01	1.96e-01	2.98e-01	3.57e-02	1.17e-03
 5.49506e+22	6.16e-15	6.39e-10	2.21e-06	4.89e-04	2.48e-02	1.92e-01	2.67e-01	1.96e-01	2.85e-01	3.28e-02	1.03e-03
 5.51895e+22	6.87e-15	7.43e-10	2.61e-06	5.67e-04	2.77e-02	2.06e-01	2.73e-01	1.94e-01	2.69e-01	2.93e-02	8.69e-04
 5.54324e+22	7.61e-15	8.46e-10	3.00e-06	6.38e-04	3.02e-02	2.16e-01	2.76e-01	1.93e-01	2.57e-01	2.67e-02	7.60e-04
 5.56804e+22	8.71e-15	1.00e-09	3.58e-06	7.44e-04	3.37e-02	2.30e-01	2.80e-01	1.90e-01	2.40e-01	2.37e-02	6.35e-04
 5.59338e+22	9.86e-15	1.16e-09	4.14e-06	8.42e-04	3.68e-02	2.42e-01	2.83e-01	1.88e-01	2.28e-01	2.14e-02	5.51e-04
 5.61941e+22	1.16e-14	1.40e-09	5.02e-06	9.88e-04	4.12e-02	2.57e-01	2.86e-01	1.84e-01	2.12e-01	1.88e-02	4.55e-04
 5.64605e+22	1.35e-14	1.65e-09	5.86e-06	1.12e-03	4.49e-02	2.70e-01	2.87e-01	1.80e-01	1.99e-01	1.69e-02	3.90e-04
 5.66851e+22	1.55e-14	1.90e-09	6.72e-06	1.25e-03	4.85e-02	2.81e-01	2.88e-01	1.77e-01	1.89e-01	1.53e-02	3.40e-04
 5.69272e+22	1.86e-14	2.30e-09	8.05e-06	1.45e-03	5.35e-02	2.95e-01	2.89e-01	1.72e-01	1.75e-01	1.35e-02	2.84e-04
 5.71729e+22	2.17e-14	2.69e-09	9.28e-06	1.62e-03	5.77e-02	3.07e-01	2.89e-01	1.68e-01	1.65e-01	1.22e-02	2.46e-04
 5.73859e+22	2.52e-14	3.12e-09	1.06e-05	1.81e-03	6.20e-02	3.18e-01	2.88e-01	1.64e-01	1.55e-01	1.10e-02	2.14e-04
 5.76255e+22	3.08e-14	3.81e-09	1.27e-05	2.08e-03	6.79e-02	3.32e-01	2.87e-01	1.58e-01	1.43e-01	9.64e-03	1.78e-04
 5.78635e+22	3.62e-14	4.43e-09	1.45e-05	2.30e-03	7.25e-02	3.42e-01	2.85e-01	1.54e-01	1.35e-01	8.73e-03	1.55e-04
 5.80995e+22	4.47e-14	5.40e-09	1.73e-05	2.64e-03	7.90e-02	3.56e-01	2.82e-01	1.48e-01	1.24e-01	7.64e-03	1.29e-04
 5.83389e+22	5.32e-14	6.32e-09	1.98e-05	2.92e-03	8.43e-02	3.66e-01	2.80e-01	1.44e-01	1.16e-01	6.88e-03	1.12e-04
 5.85829e+22	6.69e-14	7.79e-09	2.37e-05	3.34e-03	9.17e-02	3.79e-01	2.76e-01	1.37e-01	1.06e-01	5.97e-03	9.20e-05
 5.88310e+22	8.05e-14	9.18e-09	2.72e-05	3.70e-03	9.78e-02	3.89e-01	2.73e-01	1.32e-01	9.93e-02	5.35e-03	7.92e-05
 5.90847e+22	1.03e-13	1.14e-08	3.27e-05	4.24e-03	1.06e-01	4.01e-01	2.68e-01	1.26e-01	9.01e-02	4.60e-03	6.45e-05
 5.93422e+22	1.25e-13	1.35e-08	3.76e-05	4.69e-03	1.13e-01	4.11e-01	2.63e-01	1.21e-01	8.36e-02	4.09e-03	5.51e-05
 5.96048e+22	1.63e-13	1.70e-08	4.53e-05	5.38e-03	1.23e-01	4.22e-01	2.57e-01	1.14e-01	7.53e-02	3.49e-03	4.44e-05
 5.98732e+22	2.01e-13	2.03e-08	5.23e-05	5.96e-03	1.30e-01	4.31e-01	2.52e-01	1.08e-01	6.93e-02	3.08e-03	3.76e-05
 6.01493e+22	2.66e-13	2.58e-08	6.34e-05	6.84e-03	1.41e-01	4.42e-01	2.44e-01	1.02e-01	6.19e-02	2.59e-03	2.99e-05
 6.04320e+22	3.32e-13	3.11e-08	7.37e-05	7.61e-03	1.50e-01	4.50e-01	2.38e-01	9.61e-02	5.65e-02	2.26e-03	2.49e-05
 6.07235e+22	4.47e-13	3.98e-08	8.96e-05	8.73e-03	1.62e-01	4.59e-01	2.29e-01	8.93e-02	5.00e-02	1.89e-03	1.96e-05
 6.10184e+22	5.61e-13	4.81e-08	1.04e-04	9.68e-03	1.72e-01	4.65e-01	2.22e-01	8.41e-02	4.55e-02	1.64e-03	1.62e-05
 6.13175e+22	7.62e-13	6.19e-08	1.27e-04	1.11e-02	1.85e-01	4.72e-01	2.13e-01	7.75e-02	3.99e-02	1.35e-03	1.26e-05
 6.16200e+22	9.61e-13	7.49e-08	1.47e-04	1.23e-02	1.95e-01	4.77e-01	2.05e-01	7.27e-02	3.61e-02	1.17e-03	1.04e-05
 6.19268e+22	1.31e-12	9.65e-08	1.79e-04	1.40e-02	2.10e-01	4.82e-01	1.95e-01	6.65e-02	3.15e-02	9.56e-04	8.00e-06
 6.22263e+22	1.63e-12	1.15e-07	2.05e-04	1.54e-02	2.20e-01	4.84e-01	1.88e-01	6.24e-02	2.86e-02	8.31e-04	6.67e-06
 6.25163e+22	2.18e-12	1.46e-07	2.45e-04	1.74e-02	2.34e-01	4.86e-01	1.79e-01	5.72e-02	2.50e-02	6.85e-04	5.18e-06
 6.28162e+22	2.75e-12	1.76e-07	2.83e-04	1.91e-02	2.45e-01	4.87e-01	1.71e-01	5.32e-02	2.25e-02	5.88e-04	4.24e-06
 6.30725e+22	3.38e-12	2.07e-07	3.21e-04	2.07e-02	2.56e-01	4.88e-01	1.65e-01	4.98e-02	2.04e-02	5.11e-04	3.54e-06
 6.33492e+22	4.44e-12	2.58e-07	3.78e-04	2.31e-02	2.70e-01	4.87e-01	1.56e-01	4.56e-02	1.79e-02	4.25e-04	2.79e-06
 6.36260e+22	5.47e-12	3.05e-07	4.29e-04	2.51e-02	2.80e-01	4.86e-01	1.49e-01	4.26e-02	1.62e-02	3.68e-04	2.31e-06
 6.39029e+22	7.07e-12	3.74e-07	5.00e-04	2.77e-02	2.94e-01	4.83e-01	1.41e-01	3.91e-02	1.42e-02	3.07e-04	1.84e-06
 6.41912e+22	8.91e-12	4.50e-07	5.74e-04	3.03e-02	3.06e-01	4.80e-01	1.34e-01	3.61e-02	1.27e-02	2.61e-04	1.49e-06
 6.44499e+22	1.10e-11	5.32e-07	6.50e-04	3.28e-02	3.17e-01	4.77e-01	1.28e-01	3.35e-02	1.14e-02	2.24e-04	1.22e-06
 6.47418e+22	1.44e-11	6.56e-07	7.60e-04	3.62e-02	3.31e-01	4.72e-01	1.20e-01	3.04e-02	9.93e-03	1.85e-04	9.56e-07
 6.50472e+22	1.84e-11	7.96e-07	8.77e-04	3.96e-02	3.44e-01	4.66e-01	1.13e-01	2.78e-02	8.74e-03	1.55e-04	7.60e-07
 6.53231e+22	2.29e-11	9.47e-07	9.97e-04	4.29e-02	3.55e-01	4.60e-01	1.07e-01	2.56e-02	7.77e-03	1.31e-04	6.16e-07
 6.56347e+22	3.02e-11	1.18e-06	1.17e-03	4.73e-02	3.70e-01	4.53e-01	9.92e-02	2.30e-02	6.69e-03	1.07e-04	4.72e-07
 6.59558e+22	3.87e-11	1.43e-06	1.35e-03	5.17e-02	3.83e-01	4.45e-01	9.27e-02	2.09e-02	5.83e-03	8.83e-05	3.71e-07
 6.62413e+22	4.84e-11	1.71e-06	1.53e-03	5.59e-02	3.94e-01	4.37e-01	8.70e-02	1.91e-02	5.15e-03	7.42e-05	2.97e-07
 6.65645e+22	6.41e-11	2.12e-06	1.80e-03	6.15e-02	4.09e-01	4.26e-01	8.02e-02	1.71e-02	4.39e-03	5.96e-05	2.25e-07
 6.68994e+22	8.23e-11	2.58e-06	2.07e-03	6.69e-02	4.21e-01	4.16e-01	7.44e-02	1.54e-02	3.80e-03	4.88e-05	1.74e-07
 6.71999e+22	1.04e-10	3.10e-06	2.36e-03	7.23e-02	4.32e-01	4.07e-01	6.92e-02	1.39e-02	3.31e-03	4.05e-05	1.38e-07
 6.75405e+22	1.40e-10	3.90e-06	2.79e-03	7.97e-02	4.46e-01	3.93e-01	6.30e-02	1.23e-02	2.78e-03	3.18e-05	0.00e+00
 6.78918e+22	1.80e-10	4.73e-06	3.20e-03	8.64e-02	4.57e-01	3.82e-01	5.80e-02	1.10e-02	2.39e-03	2.58e-05	0.00e+00
 6.82570e+22	2.45e-10	6.02e-06	3.80e-03	9.54e-02	4.70e-01	3.67e-01	5.22e-02	9.58e-03	1.97e-03	1.99e-05	0.00e+00
 6.86263e+22	3.16e-10	7.32e-06	4.37e-03	1.03e-01	4.80e-01	3.54e-01	4.77e-02	8.53e-03	1.68e-03	1.60e-05	0.00e+00
 6.89515e+22	4.04e-10	8.85e-06	5.00e-03	1.11e-01	4.90e-01	3.41e-01	4.37e-02	7.61e-03	1.43e-03	1.29e-05	0.00e+00
 6.93247e+22	5.54e-10	1.13e-05	5.93e-03	1.22e-01	5.00e-01	3.25e-01	3.89e-02	6.56e-03	1.17e-03	9.79e-06	0.00e+00
 6.97020e+22	7.15e-10	1.37e-05	6.80e-03	1.32e-01	5.08e-01	3.11e-01	3.53e-02	5.81e-03	9.87e-04	7.80e-06	0.00e+00
 7.00844e+22	9.74e-10	1.74e-05	8.03e-03	1.44e-01	5.16e-01	2.94e-01	3.12e-02	4.98e-03	8.00e-04	5.88e-06	0.00e+00
 7.04727e+22	1.26e-09	2.11e-05	9.21e-03	1.55e-01	5.22e-01	2.80e-01	2.81e-02	4.38e-03	6.70e-04	4.63e-06	0.00e+00
 7.08687e+22	1.74e-09	2.70e-05	1.09e-02	1.70e-01	5.28e-01	2.63e-01	2.45e-02	3.71e-03	5.34e-04	3.41e-06	0.00e+00
 7.12686e+22	2.25e-09	3.28e-05	1.25e-02	1.82e-01	5.31e-01	2.49e-01	2.20e-02	3.24e-03	4.44e-04	2.67e-06	0.00e+00
 7.16736e+22	3.12e-09	4.20e-05	1.48e-02	1.98e-01	5.34e-01	2.31e-01	1.90e-02	2.72e-03	3.50e-04	1.94e-06	0.00e+00
 7.20824e+22	4.03e-09	5.09e-05	1.69e-02	2.11e-01	5.35e-01	2.18e-01	1.69e-02	2.37e-03	2.89e-04	1.50e-06	0.00e+00
 7.24961e+22	5.59e-09	6.51e-05	1.99e-02	2.29e-01	5.34e-01	2.00e-01	1.45e-02	1.98e-03	2.25e-04	1.08e-06	0.00e+00
 7.29155e+22	7.25e-09	7.91e-05	2.27e-02	2.44e-01	5.32e-01	1.87e-01	1.28e-02	1.70e-03	1.84e-04	8.25e-07	0.00e+00
 7.32787e+22	9.23e-09	9.48e-05	2.57e-02	2.58e-01	5.29e-01	1.75e-01	1.13e-02	1.48e-03	1.52e-04	6.39e-07	0.00e+00
 7.36871e+22	1.26e-08	1.20e-04	3.00e-02	2.77e-01	5.23e-01	1.60e-01	9.62e-03	1.23e-03	1.18e-04	4.57e-07	0.00e+00
 7.40774e+22	1.56e-08	1.40e-04	3.33e-02	2.90e-01	5.17e-01	1.50e-01	8.60e-03	1.08e-03	9.85e-05	3.62e-07	0.00e+00
 7.44441e+22	2.07e-08	1.73e-04	3.83e-02	3.07e-01	5.09e-01	1.37e-01	7.38e-03	9.05e-04	7.77e-05	2.65e-07	0.00e+00
 7.48102e+22	2.55e-08	2.01e-04	4.24e-02	3.20e-01	5.02e-01	1.28e-01	6.57e-03	7.92e-04	6.48e-05	2.09e-07	0.00e+00
 7.51756e+22	3.31e-08	2.44e-04	4.80e-02	3.37e-01	4.91e-01	1.17e-01	5.67e-03	6.69e-04	5.16e-05	1.55e-07	0.00e+00
 7.55549e+22	4.19e-08	2.90e-04	5.37e-02	3.52e-01	4.81e-01	1.07e-01	4.94e-03	5.72e-04	4.17e-05	0.00e+00	0.00e+00
 7.58958e+22	5.17e-08	3.39e-04	5.94e-02	3.66e-01	4.71e-01	9.93e-02	4.35e-03	4.95e-04	3.44e-05	0.00e+00	0.00e+00
 7.62825e+22	6.79e-08	4.13e-04	6.74e-02	3.83e-01	4.56e-01	8.94e-02	3.68e-03	4.10e-04	2.66e-05	0.00e+00	0.00e+00
 7.66750e+22	8.50e-08	4.86e-04	7.48e-02	3.97e-01	4.43e-01	8.16e-02	3.19e-03	3.49e-04	2.15e-05	0.00e+00	0.00e+00
 7.70229e+22	1.05e-07	5.67e-04	8.24e-02	4.10e-01	4.30e-01	7.46e-02	2.78e-03	2.99e-04	1.75e-05	0.00e+00	0.00e+00
 7.74229e+22	1.38e-07	6.90e-04	9.33e-02	4.25e-01	4.12e-01	6.62e-02	2.32e-03	2.44e-04	1.33e-05	0.00e+00	0.00e+00
 7.77936e+22	1.66e-07	7.88e-04	1.01e-01	4.36e-01	3.99e-01	6.09e-02	2.05e-03	2.12e-04	1.10e-05	0.00e+00	0.00e+00
 7.81261e+22	2.06e-07	9.20e-04	1.11e-01	4.47e-01	3.83e-01	5.50e-02	1.76e-03	1.78e-04	8.78e-06	0.00e+00	0.00e+00
 7.84665e+22	2.48e-07	1.05e-03	1.21e-01	4.57e-01	3.70e-01	5.02e-02	1.54e-03	1.54e-04	7.21e-06	0.00e+00	0.00e+00
 7.87677e+22	2.94e-07	1.19e-03	1.30e-01	4.65e-01	3.57e-01	4.60e-02	1.36e-03	1.33e-04	5.98e-06	0.00e+00	0.00e+00
 7.91101e+22	3.65e-07	1.38e-03	1.43e-01	4.74e-01	3.40e-01	4.11e-02	1.16e-03	1.11e-04	4.71e-06	0.00e+00	0.00e+00
 7.94586e+22	4.37e-07	1.57e-03	1.54e-01	4.81e-01	3.25e-01	3.73e-02	1.01e-03	9.48e-05	3.83e-06	0.00e+00	0.00e+00
 7.97656e+22	5.19e-07	1.78e-03	1.66e-01	4.87e-01	3.11e-01	3.38e-02	8.82e-04	8.13e-05	3.14e-06	0.00e+00	0.00e+00
 8.01154e+22	6.43e-07	2.06e-03	1.81e-01	4.93e-01	2.93e-01	2.99e-02	7.43e-04	6.69e-05	2.44e-06	0.00e+00	0.00e+00
 8.04708e+22	7.68e-07	2.34e-03	1.94e-01	4.97e-01	2.79e-01	2.68e-02	6.41e-04	5.66e-05	1.96e-06	0.00e+00	0.00e+00
 8.07847e+22	9.08e-07	2.62e-03	2.08e-01	5.00e-01	2.65e-01	2.42e-02	5.57e-04	4.82e-05	1.60e-06	0.00e+00	0.00e+00
 8.11439e+22	1.12e-06	3.04e-03	2.26e-01	5.02e-01	2.47e-01	2.11e-02	4.64e-04	3.91e-05	1.22e-06	0.00e+00	0.00e+00
 8.15085e+22	1.34e-06	3.43e-03	2.42e-01	5.03e-01	2.32e-01	1.88e-02	3.97e-04	3.27e-05	9.72e-07	0.00e+00	0.00e+00
 8.18312e+22	1.58e-06	3.84e-03	2.58e-01	5.03e-01	2.19e-01	1.67e-02	3.42e-04	2.74e-05	7.79e-07	0.00e+00	0.00e+00
 8.22019e+22	1.95e-06	4.43e-03	2.79e-01	5.01e-01	2.02e-01	1.44e-02	2.81e-04	2.19e-05	5.85e-07	0.00e+00	0.00e+00
 8.25786e+22	2.31e-06	4.98e-03	2.97e-01	4.98e-01	1.88e-01	1.26e-02	2.38e-04	1.81e-05	4.60e-07	0.00e+00	0.00e+00
 8.29631e+22	2.84e-06	5.72e-03	3.19e-01	4.92e-01	1.72e-01	1.08e-02	1.95e-04	1.43e-05	3.42e-07	0.00e+00	0.00e+00
 8.33562e+22	3.40e-06	6.46e-03	3.40e-01	4.86e-01	1.58e-01	9.32e-03	1.62e-04	1.15e-05	2.62e-07	0.00e+00	0.00e+00
 8.37011e+22	4.00e-06	7.20e-03	3.59e-01	4.79e-01	1.46e-01	8.14e-03	1.37e-04	9.42e-06	2.05e-07	0.00e+00	0.00e+00
 8.40900e+22	4.89e-06	8.23e-03	3.84e-01	4.69e-01	1.32e-01	6.83e-03	1.10e-04	7.30e-06	1.50e-07	0.00e+00	0.00e+00
 8.44931e+22	5.82e-06	9.22e-03	4.06e-01	4.59e-01	1.20e-01	5.84e-03	9.07e-05	5.82e-06	0.00e+00	0.00e+00	0.00e+00
 8.48596e+22	6.86e-06	1.03e-02	4.27e-01	4.48e-01	1.09e-01	5.00e-03	7.52e-05	4.65e-06	0.00e+00	0.00e+00	0.00e+00
 8.52810e+22	8.45e-06	1.18e-02	4.55e-01	4.33e-01	9.62e-02	4.08e-03	5.88e-05	3.47e-06	0.00e+00	0.00e+00	0.00e+00
 8.57090e+22	1.00e-05	1.31e-02	4.78e-01	4.19e-01	8.63e-02	3.43e-03	4.77e-05	2.71e-06	0.00e+00	0.00e+00	0.00e+00
 8.60306e+22	1.13e-05	1.42e-02	4.94e-01	4.09e-01	7.98e-02	3.03e-03	4.11e-05	2.27e-06	0.00e+00	0.00e+00	0.00e+00
 8.63337e+22	1.31e-05	1.55e-02	5.14e-01	3.96e-01	7.23e-02	2.60e-03	3.43e-05	1.83e-06	0.00e+00	0.00e+00	0.00e+00
 8.66471e+22	1.47e-05	1.67e-02	5.30e-01	3.84e-01	6.64e-02	2.28e-03	2.93e-05	1.51e-06	0.00e+00	0.00e+00	0.00e+00
 8.69736e+22	1.71e-05	1.83e-02	5.51e-01	3.70e-01	5.94e-02	1.92e-03	2.41e-05	1.19e-06	0.00e+00	0.00e+00	0.00e+00
 8.73023e+22	1.93e-05	1.98e-02	5.67e-01	3.57e-01	5.41e-02	1.67e-03	2.04e-05	9.73e-07	0.00e+00	0.00e+00	0.00e+00
 8.76338e+22	2.24e-05	2.17e-02	5.87e-01	3.42e-01	4.81e-02	1.40e-03	1.66e-05	7.57e-07	0.00e+00	0.00e+00	0.00e+00
 8.79682e+22	2.53e-05	2.33e-02	6.03e-01	3.29e-01	4.35e-02	1.20e-03	1.40e-05	6.15e-07	0.00e+00	0.00e+00	0.00e+00
 8.83063e+22	2.94e-05	2.55e-02	6.23e-01	3.12e-01	3.83e-02	9.98e-04	1.12e-05	4.72e-07	0.00e+00	0.00e+00	0.00e+00
 8.86480e+22	3.31e-05	2.74e-02	6.38e-01	2.99e-01	3.45e-02	8.56e-04	9.41e-06	3.80e-07	0.00e+00	0.00e+00	0.00e+00
 8.89941e+22	3.84e-05	2.99e-02	6.57e-01	2.83e-01	3.01e-02	7.03e-04	7.51e-06	2.89e-07	0.00e+00	0.00e+00	0.00e+00
 8.93460e+22	4.32e-05	3.21e-02	6.71e-01	2.69e-01	2.69e-02	5.98e-04	6.23e-06	2.30e-07	0.00e+00	0.00e+00	0.00e+00
 8.97054e+22	5.01e-05	3.50e-02	6.89e-01	2.53e-01	2.33e-02	4.86e-04	4.92e-06	1.72e-07	0.00e+00	0.00e+00	0.00e+00
 9.00728e+22	5.68e-05	3.76e-02	7.03e-01	2.39e-01	2.05e-02	4.07e-04	4.01e-06	1.34e-07	0.00e+00	0.00e+00	0.00e+00
 9.04508e+22	6.63e-05	4.10e-02	7.19e-01	2.22e-01	1.75e-02	3.25e-04	3.11e-06	0.00e+00	0.00e+00	0.00e+00	0.00e+00
 9.08354e+22	7.51e-05	4.40e-02	7.32e-01	2.09e-01	1.53e-02	2.70e-04	2.51e-06	0.00e+00	0.00e+00	0.00e+00	0.00e+00
 9.12285e+22	8.78e-05	4.81e-02	7.46e-01	1.92e-01	1.29e-02	2.12e-04	1.91e-06	0.00e+00	0.00e+00	0.00e+00	0.00e+00
 9.16254e+22	9.95e-05	5.15e-02	7.57e-01	1.80e-01	1.12e-02	1.75e-04	1.54e-06	0.00e+00	0.00e+00	0.00e+00	0.00e+00
 9.20272e+22	1.16e-04	5.60e-02	7.70e-01	1.65e-01	9.33e-03	1.37e-04	1.16e-06	0.00e+00	0.00e+00	0.00e+00	0.00e+00
 9.24123e+22	1.30e-04	5.96e-02	7.78e-01	1.54e-01	8.16e-03	1.14e-04	9.45e-07	0.00e+00	0.00e+00	0.00e+00	0.00e+00
