#depth	Cl	Cl+	Cl+2	Cl+3	Cl+4	Cl+5	Cl+6	Cl+7	Cl+8	Cl+9	Cl+10	Cl+11	Cl+12	Cl+13	Cl+14	Cl+15	Cl+16	Cl+17
 4.62852e+21	0.00e+00	0.00e+00	0.00e+00	0.00e+00	0.00e+00	0.00e+00	0.00e+00	2.17e-23	5.04e-20	5.09e-17	2.41e-14	7.02e-12	1.17e-09	1.22e-07	1.40e-05	2.95e-03	9.12e-02	9.06e-01
 1.05508e+22	0.00e+00	0.00e+00	0.00e+00	0.00e+00	0.00e+00	0.00e+00	1.40e-25	7.74e-22	1.23e-18	8.57e-16	2.83e-13	5.71e-11	6.62e-09	4.85e-07	3.91e-05	5.78e-03	1.25e-01	8.69e-01
 1.27300e+22	0.00e+00	0.00e+00	0.00e+00	0.00e+00	0.00e+00	7.14e-28	2.06e-24	8.77e-21	1.08e-17	5.82e-15	1.49e-12	2.34e-10	2.13e-08	1.22e-06	7.77e-05	9.05e-03	1.54e-01	8.37e-01
 1.43239e+22	0.00e+00	0.00e+00	0.00e+00	0.00e+00	0.00e+00	7.27e-27	1.74e-23	6.05e-20	6.07e-17	2.67e-14	5.61e-12	7.20e-10	5.36e-08	2.55e-06	1.34e-04	1.28e-02	1.80e-01	8.07e-01
 1.52093e+22	0.00e+00	0.00e+00	0.00e+00	0.00e+00	3.26e-30	1.30e-26	2.98e-23	9.83e-20	9.36e-17	3.92e-14	7.82e-12	9.54e-10	6.76e-08	3.06e-06	1.53e-04	1.40e-02	1.87e-01	7.99e-01
 1.55200e+22	0.00e+00	0.00e+00	0.00e+00	0.00e+00	5.21e-30	2.01e-26	4.45e-23	1.41e-19	1.30e-16	5.21e-14	1.00e-11	1.18e-09	8.04e-08	3.52e-06	1.69e-04	1.50e-02	1.92e-01	7.93e-01
 1.57862e+22	0.00e+00	0.00e+00	0.00e+00	0.00e+00	8.29e-30	3.10e-26	6.63e-23	2.03e-19	1.79e-16	6.93e-14	1.28e-11	1.45e-09	9.55e-08	4.03e-06	1.87e-04	1.60e-02	1.98e-01	7.86e-01
 1.60914e+22	0.00e+00	0.00e+00	0.00e+00	0.00e+00	1.47e-29	5.26e-26	1.08e-22	3.15e-19	2.65e-16	9.80e-14	1.73e-11	1.87e-09	1.18e-07	4.75e-06	2.11e-04	1.72e-02	2.04e-01	7.78e-01
 1.64055e+22	0.00e+00	0.00e+00	0.00e+00	0.00e+00	2.45e-29	8.49e-26	1.68e-22	4.69e-19	3.78e-16	1.34e-13	2.27e-11	2.36e-09	1.42e-07	5.53e-06	2.36e-04	1.85e-02	2.11e-01	7.70e-01
 1.66766e+22	0.00e+00	0.00e+00	0.00e+00	0.00e+00	3.93e-29	1.32e-25	2.51e-22	6.76e-19	5.24e-16	1.79e-13	2.92e-11	2.91e-09	1.69e-07	6.34e-06	2.61e-04	1.97e-02	2.17e-01	7.63e-01
 1.69201e+22	0.00e+00	0.00e+00	0.00e+00	0.00e+00	5.98e-29	1.94e-25	3.59e-22	9.34e-19	7.00e-16	2.31e-13	3.64e-11	3.52e-09	1.98e-07	7.16e-06	2.85e-04	2.09e-02	2.22e-01	7.57e-01
 1.71820e+22	0.00e+00	0.00e+00	0.00e+00	0.00e+00	9.60e-29	3.02e-25	5.39e-22	1.35e-18	9.72e-16	3.08e-13	4.68e-11	4.34e-09	2.35e-07	8.21e-06	3.16e-04	2.23e-02	2.28e-01	7.49e-01
 1.74639e+22	0.00e+00	0.00e+00	0.00e+00	0.00e+00	1.54e-28	4.68e-25	8.07e-22	1.94e-18	1.35e-15	4.11e-13	6.01e-11	5.36e-09	2.80e-07	9.42e-06	3.49e-04	2.38e-02	2.34e-01	7.42e-01
 1.77186e+22	0.00e+00	0.00e+00	0.00e+00	0.00e+00	1.16e-28	3.42e-25	5.71e-22	2.72e-18	1.82e-15	5.35e-13	7.55e-11	6.51e-09	3.28e-07	1.07e-05	3.83e-04	2.52e-02	2.40e-01	7.34e-01
 1.79964e+22	0.00e+00	0.00e+00	0.00e+00	0.00e+00	3.97e-28	1.13e-24	1.82e-21	4.05e-18	2.60e-15	7.32e-13	9.90e-11	8.19e-09	3.96e-07	1.24e-05	4.26e-04	2.70e-02	2.47e-01	7.26e-01
 1.82872e+22	0.00e+00	0.00e+00	0.00e+00	0.00e+00	3.16e-28	8.67e-25	1.35e-21	5.90e-18	3.63e-15	9.85e-13	1.28e-10	1.02e-08	4.74e-07	1.43e-05	4.73e-04	2.88e-02	2.54e-01	7.17e-01
 1.85336e+22	0.00e+00	0.00e+00	0.00e+00	0.00e+00	4.80e-28	1.28e-24	1.93e-21	8.15e-18	4.85e-15	1.27e-12	1.60e-10	1.23e-08	5.53e-07	1.61e-05	5.16e-04	3.04e-02	2.59e-01	7.10e-01
 1.87929e+22	0.00e+00	0.00e+00	0.00e+00	0.00e+00	7.75e-28	2.00e-24	2.91e-21	1.18e-17	6.75e-15	1.70e-12	2.05e-10	1.52e-08	6.57e-07	1.85e-05	5.70e-04	3.24e-02	2.66e-01	7.01e-01
 1.90698e+22	0.00e+00	0.00e+00	0.00e+00	0.00e+00	1.23e-27	3.07e-24	4.31e-21	1.69e-17	9.29e-15	2.25e-12	2.62e-10	1.87e-08	7.79e-07	2.11e-05	6.29e-04	3.44e-02	2.73e-01	6.92e-01
 1.93203e+22	0.00e+00	0.00e+00	0.00e+00	4.98e-31	1.88e-27	4.56e-24	6.21e-21	2.35e-17	1.25e-14	2.92e-12	3.28e-10	2.26e-08	9.10e-07	2.38e-05	6.87e-04	3.64e-02	2.79e-01	6.84e-01
 1.95965e+22	0.00e+00	0.00e+00	0.00e+00	8.57e-31	3.13e-27	7.32e-24	9.61e-21	3.48e-17	1.77e-14	3.98e-12	4.29e-10	2.83e-08	1.09e-06	2.76e-05	7.63e-04	3.89e-02	2.86e-01	6.74e-01
 1.98866e+22	0.00e+00	0.00e+00	0.00e+00	1.44e-30	5.07e-27	1.14e-23	1.45e-20	5.05e-17	2.47e-14	5.34e-12	5.53e-10	3.51e-08	1.31e-06	3.17e-05	8.44e-04	4.14e-02	2.93e-01	6.65e-01
 2.01298e+22	0.00e+00	0.00e+00	0.00e+00	2.23e-30	7.63e-27	1.67e-23	2.06e-20	6.93e-17	3.28e-14	6.85e-12	6.87e-10	4.21e-08	1.52e-06	3.56e-05	9.19e-04	4.36e-02	2.99e-01	6.57e-01
 2.03475e+22	0.00e+00	0.00e+00	0.00e+00	3.30e-30	1.10e-26	2.36e-23	2.82e-20	9.23e-17	4.23e-14	8.58e-12	8.34e-10	4.96e-08	1.74e-06	3.96e-05	9.91e-04	4.57e-02	3.04e-01	6.49e-01
 2.05968e+22	0.00e+00	0.00e+00	0.00e+00	5.35e-30	1.73e-26	3.59e-23	4.16e-20	1.31e-16	5.79e-14	1.13e-11	1.06e-09	6.06e-08	2.04e-06	4.50e-05	1.09e-03	4.84e-02	3.11e-01	6.40e-01
 2.08686e+22	0.00e+00	0.00e+00	0.00e+00	8.73e-30	2.74e-26	5.49e-23	6.15e-20	1.87e-16	7.94e-14	1.49e-11	1.35e-09	7.44e-08	2.42e-06	5.13e-05	1.20e-03	5.13e-02	3.18e-01	6.30e-01
 2.11196e+22	0.00e+00	0.00e+00	0.00e+00	1.38e-29	4.20e-26	8.18e-23	8.86e-20	2.60e-16	1.07e-13	1.94e-11	1.69e-09	9.00e-08	2.82e-06	5.79e-05	1.31e-03	5.42e-02	3.24e-01	6.21e-01
 2.13958e+22	0.00e+00	0.00e+00	0.00e+00	2.38e-29	7.00e-26	1.31e-22	1.37e-19	3.86e-16	1.52e-13	2.64e-11	2.21e-09	1.13e-07	3.40e-06	6.69e-05	1.45e-03	5.77e-02	3.31e-01	6.09e-01
 2.16709e+22	0.00e+00	0.00e+00	0.00e+00	3.84e-29	1.10e-25	1.99e-22	2.01e-19	5.45e-16	2.07e-13	3.47e-11	2.80e-09	1.38e-07	4.00e-06	7.60e-05	1.59e-03	6.10e-02	3.38e-01	5.99e-01
 2.18948e+22	0.00e+00	0.00e+00	0.00e+00	5.79e-29	1.61e-25	2.84e-22	2.79e-19	7.33e-16	2.70e-13	4.38e-11	3.42e-09	1.63e-07	4.60e-06	8.47e-05	1.72e-03	6.40e-02	3.43e-01	5.91e-01
 2.21363e+22	0.00e+00	0.00e+00	0.00e+00	9.28e-29	2.50e-25	4.28e-22	4.07e-19	1.03e-15	3.66e-13	5.73e-11	4.31e-09	1.99e-07	5.40e-06	9.59e-05	1.88e-03	6.76e-02	3.50e-01	5.81e-01
 2.24005e+22	0.00e+00	0.00e+00	0.00e+00	8.66e-29	2.26e-25	3.75e-22	5.96e-19	1.46e-15	4.98e-13	7.53e-11	5.46e-09	2.43e-07	6.35e-06	1.09e-04	2.05e-03	7.14e-02	3.56e-01	5.70e-01
 2.26470e+22	0.00e+00	0.00e+00	0.00e+00	2.33e-28	5.90e-25	9.51e-22	8.47e-19	2.01e-15	6.63e-13	9.67e-11	6.79e-09	2.91e-07	7.38e-06	1.22e-04	2.23e-03	7.50e-02	3.62e-01	5.60e-01
 2.29201e+22	0.00e+00	0.00e+00	0.00e+00	2.31e-28	5.65e-25	8.79e-22	1.30e-18	2.96e-15	9.38e-13	1.31e-10	8.84e-09	3.64e-07	8.84e-06	1.41e-04	2.47e-03	7.97e-02	3.69e-01	5.48e-01
 2.31925e+22	0.00e+00	0.00e+00	0.00e+00	3.73e-28	8.85e-25	1.33e-21	1.90e-18	4.18e-15	1.28e-12	1.73e-10	1.12e-08	4.45e-07	1.04e-05	1.60e-04	2.70e-03	8.41e-02	3.76e-01	5.38e-01
 2.34137e+22	0.00e+00	0.00e+00	0.00e+00	5.56e-28	1.28e-24	1.88e-21	2.61e-18	5.57e-15	1.65e-12	2.16e-10	1.36e-08	5.25e-07	1.19e-05	1.77e-04	2.91e-03	8.78e-02	3.81e-01	5.28e-01
 2.36509e+22	0.00e+00	0.00e+00	0.00e+00	8.96e-28	2.01e-24	2.85e-21	3.81e-18	7.85e-15	2.24e-12	2.84e-10	1.72e-08	6.39e-07	1.40e-05	2.01e-04	3.17e-03	9.26e-02	3.87e-01	5.17e-01
 2.39073e+22	0.00e+00	0.00e+00	0.00e+00	1.41e-27	3.07e-24	4.22e-21	5.47e-18	1.09e-14	3.01e-12	3.67e-10	2.15e-08	7.73e-07	1.64e-05	2.27e-04	3.45e-03	9.73e-02	3.92e-01	5.07e-01
 2.41482e+22	0.00e+00	0.00e+00	3.05e-31	2.20e-27	4.63e-24	6.19e-21	7.75e-18	1.50e-14	4.00e-12	4.72e-10	2.67e-08	9.27e-07	1.90e-05	2.54e-04	3.74e-03	1.02e-01	3.98e-01	4.96e-01
 2.44209e+22	0.00e+00	0.00e+00	5.46e-31	3.80e-27	7.72e-24	9.93e-21	1.19e-17	2.22e-14	5.68e-12	6.43e-10	3.50e-08	1.16e-06	2.28e-05	2.93e-04	4.14e-03	1.08e-01	4.04e-01	4.84e-01
 2.46881e+22	0.00e+00	0.00e+00	8.93e-31	6.04e-27	1.19e-23	1.48e-20	1.72e-17	3.09e-14	7.65e-12	8.37e-10	4.39e-08	1.41e-06	2.67e-05	3.30e-04	4.51e-03	1.14e-01	4.09e-01	4.72e-01
 2.49025e+22	0.00e+00	0.00e+00	1.38e-30	9.07e-27	1.74e-23	2.10e-20	2.37e-17	4.13e-14	9.93e-12	1.05e-09	5.37e-08	1.67e-06	3.07e-05	3.67e-04	4.85e-03	1.19e-01	4.14e-01	4.63e-01
 2.51354e+22	0.00e+00	0.00e+00	2.25e-30	1.44e-26	2.68e-23	3.14e-20	3.41e-17	5.76e-14	1.34e-11	1.37e-09	6.73e-08	2.02e-06	3.58e-05	4.14e-04	5.28e-03	1.24e-01	4.19e-01	4.51e-01
 2.53891e+22	0.00e+00	0.00e+00	3.68e-30	2.29e-26	4.12e-23	4.67e-20	4.90e-17	8.01e-14	1.80e-11	1.78e-09	8.45e-08	2.45e-06	4.19e-05	4.67e-04	5.74e-03	1.30e-01	4.23e-01	4.40e-01
 2.56256e+22	0.00e+00	0.00e+00	5.90e-30	3.57e-26	6.22e-23	6.83e-20	6.92e-17	1.10e-13	2.39e-11	2.29e-09	1.05e-07	2.95e-06	4.87e-05	5.24e-04	6.21e-03	1.36e-01	4.27e-01	4.29e-01
 2.58535e+22	0.00e+00	0.00e+00	9.43e-30	5.54e-26	9.36e-23	9.96e-20	9.75e-17	1.50e-13	3.16e-11	2.93e-09	1.30e-07	3.54e-06	5.65e-05	5.87e-04	6.72e-03	1.43e-01	4.31e-01	4.18e-01
 2.60728e+22	0.00e+00	0.00e+00	1.46e-29	8.35e-26	1.37e-22	1.42e-19	1.34e-16	2.01e-13	4.11e-11	3.70e-09	1.59e-07	4.20e-06	6.49e-05	6.52e-04	7.23e-03	1.49e-01	4.35e-01	4.08e-01
 2.62840e+22	0.00e+00	0.00e+00	2.24e-29	1.25e-25	2.00e-22	2.00e-19	1.84e-16	2.68e-13	5.32e-11	4.65e-09	1.94e-07	4.97e-06	7.44e-05	7.23e-04	7.77e-03	1.55e-01	4.38e-01	3.98e-01
 2.65263e+22	0.00e+00	0.00e+00	3.91e-29	2.11e-25	3.23e-22	3.12e-19	2.74e-16	3.87e-13	7.40e-11	6.23e-09	2.51e-07	6.17e-06	8.88e-05	8.27e-04	8.52e-03	1.63e-01	4.42e-01	3.86e-01
 2.67710e+22	0.00e+00	0.00e+00	6.10e-29	3.20e-25	4.77e-22	4.46e-19	3.80e-16	5.21e-13	9.67e-11	7.89e-09	3.08e-07	7.33e-06	1.02e-04	9.20e-04	9.16e-03	1.69e-01	4.45e-01	3.75e-01
 2.70188e+22	0.00e+00	0.00e+00	1.08e-28	5.48e-25	7.85e-22	7.05e-19	5.75e-16	7.62e-13	1.36e-10	1.07e-08	4.00e-07	9.17e-06	1.22e-04	1.06e-03	1.01e-02	1.78e-01	4.48e-01	3.62e-01
 2.72676e+22	0.00e+00	0.00e+00	1.75e-28	8.60e-25	1.19e-21	1.03e-18	8.11e-16	1.05e-12	1.81e-10	1.38e-08	4.99e-07	1.11e-05	1.43e-04	1.18e-03	1.09e-02	1.86e-01	4.51e-01	3.51e-01
 2.74720e+22	0.00e+00	0.00e+00	2.68e-28	1.28e-24	1.72e-21	1.44e-18	1.10e-15	1.38e-12	2.32e-10	1.72e-08	6.05e-07	1.30e-05	1.63e-04	1.31e-03	1.17e-02	1.93e-01	4.53e-01	3.41e-01
 2.76917e+22	0.00e+00	0.00e+00	4.37e-28	2.02e-24	2.62e-21	2.13e-18	1.56e-15	1.90e-12	3.11e-10	2.23e-08	7.57e-07	1.58e-05	1.90e-04	1.47e-03	1.26e-02	2.01e-01	4.55e-01	3.30e-01
 2.79247e+22	0.00e+00	0.00e+00	7.04e-28	3.16e-24	3.96e-21	3.10e-18	2.18e-15	2.60e-12	4.12e-10	2.86e-08	9.42e-07	1.90e-05	2.21e-04	1.65e-03	1.36e-02	2.09e-01	4.56e-01	3.19e-01
 2.81320e+22	0.00e+00	0.00e+00	1.07e-27	4.69e-24	5.70e-21	4.33e-18	2.95e-15	3.43e-12	5.29e-10	3.57e-08	1.14e-06	2.23e-05	2.53e-04	1.82e-03	1.45e-02	2.17e-01	4.57e-01	3.10e-01
 2.83587e+22	0.00e+00	1.30e-31	1.83e-27	7.71e-24	9.02e-21	6.58e-18	4.29e-15	4.85e-12	7.23e-10	4.72e-08	1.46e-06	2.75e-05	2.99e-04	2.06e-03	1.58e-02	2.26e-01	4.58e-01	2.98e-01
 2.85919e+22	0.00e+00	2.16e-31	2.94e-27	1.20e-23	1.35e-20	9.51e-18	5.96e-15	6.58e-12	9.54e-10	6.04e-08	1.81e-06	3.30e-05	3.47e-04	2.30e-03	1.70e-02	2.35e-01	4.58e-01	2.87e-01
 2.87895e+22	0.00e+00	3.34e-31	4.42e-27	1.76e-23	1.92e-20	1.31e-17	7.96e-15	8.58e-12	1.21e-09	7.48e-08	2.17e-06	3.86e-05	3.94e-04	2.53e-03	1.81e-02	2.42e-01	4.58e-01	2.78e-01
 2.90026e+22	0.00e+00	5.73e-31	7.31e-27	2.81e-23	2.96e-20	1.94e-17	1.13e-14	1.19e-11	1.63e-09	9.72e-08	2.73e-06	4.69e-05	4.61e-04	2.85e-03	1.96e-02	2.52e-01	4.58e-01	2.67e-01
 2.92225e+22	0.00e+00	9.25e-31	1.14e-26	4.26e-23	4.34e-20	2.75e-17	1.54e-14	1.58e-11	2.11e-09	1.23e-07	3.35e-06	5.57e-05	5.30e-04	3.16e-03	2.10e-02	2.61e-01	4.57e-01	2.58e-01
 2.94165e+22	0.00e+00	1.44e-30	1.73e-26	6.28e-23	6.20e-20	3.80e-17	2.06e-14	2.07e-11	2.70e-09	1.52e-07	4.04e-06	6.54e-05	6.03e-04	3.48e-03	2.23e-02	2.69e-01	4.56e-01	2.49e-01
 2.96340e+22	0.00e+00	2.52e-30	2.92e-26	1.02e-22	9.67e-20	5.69e-17	2.95e-14	2.89e-11	3.65e-09	2.00e-07	5.11e-06	7.99e-05	7.09e-04	3.92e-03	2.41e-02	2.79e-01	4.54e-01	2.38e-01
 2.98576e+22	0.00e+00	4.14e-30	4.63e-26	1.57e-22	1.43e-19	8.12e-17	4.04e-14	3.88e-11	4.77e-09	2.54e-07	6.30e-06	9.55e-05	8.19e-04	4.35e-03	2.58e-02	2.88e-01	4.52e-01	2.29e-01
 3.00469e+22	0.00e+00	6.34e-30	6.89e-26	2.27e-22	2.01e-19	1.10e-16	5.32e-14	5.00e-11	6.01e-09	3.12e-07	7.54e-06	1.11e-04	9.26e-04	4.76e-03	2.74e-02	2.96e-01	4.50e-01	2.20e-01
 3.02506e+22	0.00e+00	1.08e-29	1.13e-25	3.61e-22	3.07e-19	1.62e-16	7.47e-14	6.87e-11	8.02e-09	4.03e-07	9.44e-06	1.35e-04	1.08e-03	5.33e-03	2.94e-02	3.06e-01	4.47e-01	2.11e-01
 3.04620e+22	0.00e+00	1.71e-29	1.74e-25	5.36e-22	4.42e-19	2.25e-16	1.00e-13	9.02e-11	1.03e-08	5.03e-07	1.14e-05	1.58e-04	1.23e-03	5.86e-03	3.13e-02	3.15e-01	4.44e-01	2.02e-01
 3.06520e+22	0.00e+00	2.71e-29	2.67e-25	7.98e-22	6.35e-19	3.12e-16	1.34e-13	1.18e-10	1.32e-08	6.27e-07	1.39e-05	1.86e-04	1.40e-03	6.45e-03	3.32e-02	3.23e-01	4.41e-01	1.94e-01
 3.08369e+22	0.00e+00	4.19e-29	4.01e-25	1.17e-21	8.97e-19	4.27e-16	1.76e-13	1.53e-10	1.66e-08	7.74e-07	1.66e-05	2.18e-04	1.59e-03	7.07e-03	3.52e-02	3.32e-01	4.38e-01	1.86e-01
 3.10466e+22	0.00e+00	7.21e-29	6.64e-25	1.86e-21	1.38e-18	6.28e-16	2.48e-13	2.11e-10	2.23e-08	1.00e-06	2.09e-05	2.64e-04	1.86e-03	7.90e-03	3.77e-02	3.42e-01	4.33e-01	1.77e-01
 3.12630e+22	0.00e+00	1.18e-28	1.05e-24	2.85e-21	2.03e-18	8.88e-16	3.37e-13	2.81e-10	2.90e-08	1.27e-06	2.56e-05	3.14e-04	2.13e-03	8.73e-03	4.01e-02	3.51e-01	4.29e-01	1.69e-01
 3.14522e+22	0.00e+00	1.86e-28	1.60e-24	4.22e-21	2.89e-18	1.22e-15	4.47e-13	3.66e-10	3.69e-08	1.58e-06	3.09e-05	3.69e-04	2.43e-03	9.58e-03	4.25e-02	3.60e-01	4.24e-01	1.61e-01
 3.16328e+22	0.00e+00	2.87e-28	2.40e-24	6.14e-21	4.07e-18	1.66e-15	5.86e-13	4.72e-10	4.66e-08	1.94e-06	3.71e-05	4.30e-04	2.74e-03	1.05e-02	4.49e-02	3.68e-01	4.19e-01	1.54e-01
 3.18386e+22	0.00e+00	4.92e-28	3.97e-24	9.78e-21	6.22e-18	2.44e-15	8.20e-13	6.47e-10	6.21e-08	2.52e-06	4.64e-05	5.19e-04	3.19e-03	1.17e-02	4.79e-02	3.77e-01	4.13e-01	1.46e-01
 3.20524e+22	0.00e+00	7.96e-28	6.21e-24	1.48e-20	9.06e-18	3.41e-15	1.10e-12	8.55e-10	8.02e-08	3.16e-06	5.66e-05	6.14e-04	3.64e-03	1.28e-02	5.08e-02	3.86e-01	4.07e-01	1.39e-01
 3.22446e+22	0.00e+00	1.27e-27	9.59e-24	2.21e-20	1.31e-17	4.73e-15	1.47e-12	1.12e-09	1.03e-07	3.95e-06	6.86e-05	7.23e-04	4.15e-03	1.41e-02	5.36e-02	3.94e-01	4.01e-01	1.32e-01
 3.24627e+22	0.00e+00	2.30e-27	1.67e-23	3.69e-20	2.07e-17	7.15e-15	2.11e-12	1.58e-09	1.41e-07	5.24e-06	8.76e-05	8.89e-04	4.89e-03	1.58e-02	5.75e-02	4.04e-01	3.93e-01	1.24e-01
 3.26767e+22	0.00e+00	3.59e-27	2.52e-23	5.41e-20	2.94e-17	9.76e-15	2.77e-12	2.04e-09	1.78e-07	6.47e-06	1.05e-04	1.04e-03	5.52e-03	1.72e-02	6.05e-02	4.12e-01	3.87e-01	1.17e-01
 3.28562e+22	0.00e+00	5.64e-27	3.83e-23	7.94e-20	4.15e-17	1.33e-14	3.61e-12	2.63e-09	2.25e-07	7.99e-06	1.26e-04	1.21e-03	6.24e-03	1.88e-02	6.36e-02	4.19e-01	3.80e-01	1.12e-01
 3.30313e+22	0.00e+00	8.68e-27	5.71e-23	1.15e-19	5.79e-17	1.78e-14	4.68e-12	3.37e-09	2.82e-07	9.79e-06	1.51e-04	1.41e-03	7.02e-03	2.04e-02	6.67e-02	4.25e-01	3.73e-01	1.06e-01
 3.32299e+22	0.00e+00	1.49e-26	9.41e-23	1.82e-19	8.78e-17	2.58e-14	6.45e-12	4.57e-09	3.75e-07	1.26e-05	1.88e-04	1.69e-03	8.12e-03	2.25e-02	7.07e-02	4.33e-01	3.64e-01	9.92e-02
 3.34190e+22	0.00e+00	2.21e-26	1.36e-22	2.55e-19	1.19e-16	3.39e-14	8.17e-12	5.73e-09	4.61e-07	1.52e-05	2.21e-04	1.94e-03	9.03e-03	2.43e-02	7.37e-02	4.39e-01	3.58e-01	9.45e-02
 3.35706e+22	0.00e+00	3.27e-26	1.95e-22	3.56e-19	1.60e-16	4.41e-14	1.02e-11	7.12e-09	5.64e-07	1.82e-05	2.58e-04	2.21e-03	1.00e-02	2.61e-02	7.67e-02	4.44e-01	3.51e-01	8.99e-02
 3.37085e+22	0.00e+00	4.60e-26	2.68e-22	4.75e-19	2.08e-16	5.54e-14	1.25e-11	8.60e-09	6.73e-07	2.14e-05	2.97e-04	2.48e-03	1.10e-02	2.78e-02	7.94e-02	4.48e-01	3.45e-01	8.61e-02
 3.38341e+22	0.00e+00	6.32e-26	3.59e-22	6.22e-19	2.65e-16	6.85e-14	1.50e-11	1.03e-08	7.93e-07	2.48e-05	3.37e-04	2.76e-03	1.19e-02	2.94e-02	8.20e-02	4.52e-01	3.39e-01	8.26e-02
 3.39777e+22	0.00e+00	9.41e-26	5.19e-22	8.72e-19	3.59e-16	8.95e-14	1.88e-11	1.28e-08	9.74e-07	2.98e-05	3.96e-04	3.16e-03	1.33e-02	3.16e-02	8.53e-02	4.56e-01	3.32e-01	7.83e-02
 3.41208e+22	0.00e+00	1.31e-25	7.05e-22	1.15e-18	4.61e-16	1.12e-13	2.28e-11	1.54e-08	1.15e-06	3.48e-05	4.52e-04	3.53e-03	1.45e-02	3.35e-02	8.80e-02	4.60e-01	3.26e-01	7.49e-02
 3.42411e+22	0.00e+00	1.78e-25	9.36e-22	1.50e-18	5.81e-16	1.37e-13	2.71e-11	1.82e-08	1.35e-06	4.01e-05	5.11e-04	3.92e-03	1.57e-02	3.54e-02	9.06e-02	4.62e-01	3.20e-01	7.18e-02
 3.43754e+22	0.00e+00	2.62e-25	1.33e-21	2.07e-18	7.76e-16	1.76e-13	3.37e-11	2.25e-08	1.64e-06	4.78e-05	5.95e-04	4.45e-03	1.73e-02	3.78e-02	9.38e-02	4.66e-01	3.12e-01	6.81e-02
 3.45075e+22	0.00e+00	3.55e-25	1.77e-21	2.67e-18	9.74e-16	2.15e-13	3.99e-11	2.66e-08	1.92e-06	5.50e-05	6.71e-04	4.92e-03	1.87e-02	3.99e-02	9.64e-02	4.68e-01	3.06e-01	6.52e-02
 3.46180e+22	0.00e+00	4.77e-25	2.32e-21	3.43e-18	1.22e-15	2.61e-13	4.70e-11	3.12e-08	2.23e-06	6.30e-05	7.55e-04	5.43e-03	2.02e-02	4.20e-02	9.90e-02	4.70e-01	3.00e-01	6.24e-02
 3.47264e+22	0.00e+00	6.37e-25	3.03e-21	4.37e-18	1.51e-15	3.14e-13	5.51e-11	3.65e-08	2.58e-06	7.19e-05	8.46e-04	5.97e-03	2.17e-02	4.41e-02	1.01e-01	4.71e-01	2.95e-01	5.98e-02
 3.48508e+22	0.00e+00	9.21e-25	4.25e-21	5.95e-18	1.98e-15	3.99e-13	6.73e-11	4.45e-08	3.11e-06	8.51e-05	9.78e-04	6.73e-03	2.38e-02	4.69e-02	1.05e-01	4.73e-01	2.87e-01	5.66e-02
 3.49773e+22	0.00e+00	1.25e-24	5.62e-21	7.66e-18	2.48e-15	4.84e-13	7.94e-11	5.24e-08	3.62e-06	9.76e-05	1.10e-03	7.43e-03	2.57e-02	4.93e-02	1.07e-01	4.74e-01	2.81e-01	5.41e-02
 3.51065e+22	0.00e+00	1.83e-24	8.00e-21	1.06e-17	3.30e-15	6.19e-13	9.77e-11	6.43e-08	4.39e-06	1.16e-04	1.28e-03	8.41e-03	2.82e-02	5.25e-02	1.11e-01	4.75e-01	2.73e-01	5.10e-02
 3.52292e+22	0.00e+00	2.43e-24	1.04e-20	1.34e-17	4.06e-15	7.42e-13	1.14e-10	7.48e-08	5.07e-06	1.32e-04	1.43e-03	9.22e-03	3.03e-02	5.49e-02	1.13e-01	4.76e-01	2.67e-01	4.87e-02
 3.53268e+22	0.00e+00	3.17e-24	1.32e-20	1.67e-17	4.93e-15	8.76e-13	1.31e-10	8.60e-08	5.78e-06	1.49e-04	1.58e-03	1.00e-02	3.23e-02	5.73e-02	1.15e-01	4.76e-01	2.61e-01	4.67e-02
 3.54366e+22	0.00e+00	4.50e-24	1.83e-20	2.23e-17	6.36e-15	1.09e-12	1.57e-10	1.03e-07	6.87e-06	1.74e-04	1.81e-03	1.12e-02	3.52e-02	6.05e-02	1.18e-01	4.75e-01	2.54e-01	4.41e-02
 3.55473e+22	0.00e+00	5.91e-24	2.35e-20	2.79e-17	7.75e-15	1.29e-12	1.81e-10	1.19e-07	7.86e-06	1.97e-04	2.01e-03	1.22e-02	3.75e-02	6.31e-02	1.20e-01	4.75e-01	2.48e-01	4.22e-02
 3.56590e+22	0.00e+00	8.56e-24	3.29e-20	3.78e-17	1.01e-14	1.61e-12	2.17e-10	1.44e-07	9.41e-06	2.32e-04	2.31e-03	1.37e-02	4.10e-02	6.68e-02	1.23e-01	4.73e-01	2.40e-01	3.96e-02
 3.57701e+22	0.00e+00	1.14e-23	4.26e-20	4.77e-17	1.24e-14	1.92e-12	2.50e-10	1.66e-07	1.08e-05	2.63e-04	2.57e-03	1.50e-02	4.38e-02	6.96e-02	1.26e-01	4.72e-01	2.34e-01	3.77e-02
 3.58804e+22	0.00e+00	1.63e-23	5.93e-20	6.42e-17	1.60e-14	2.39e-12	3.00e-10	2.00e-07	1.29e-05	3.09e-04	2.95e-03	1.68e-02	4.76e-02	7.34e-02	1.28e-01	4.70e-01	2.26e-01	3.54e-02
 3.59923e+22	0.00e+00	2.20e-23	7.79e-20	8.19e-17	1.98e-14	2.85e-12	3.47e-10	2.33e-07	1.49e-05	3.52e-04	3.30e-03	1.84e-02	5.10e-02	7.67e-02	1.30e-01	4.67e-01	2.19e-01	3.36e-02
 3.61061e+22	0.00e+00	3.24e-23	1.11e-19	1.12e-16	2.60e-14	3.58e-12	4.18e-10	2.83e-07	1.79e-05	4.16e-04	3.81e-03	2.07e-02	5.57e-02	8.09e-02	1.33e-01	4.64e-01	2.11e-01	3.13e-02
 3.62157e+22	0.00e+00	4.27e-23	1.42e-19	1.40e-16	3.15e-14	4.21e-12	4.76e-10	3.24e-07	2.04e-05	4.69e-04	4.22e-03	2.24e-02	5.92e-02	8.40e-02	1.35e-01	4.61e-01	2.04e-01	2.97e-02
 3.63199e+22	0.00e+00	6.24e-23	2.01e-19	1.90e-16	4.09e-14	5.23e-12	5.66e-10	3.90e-07	2.44e-05	5.52e-04	4.85e-03	2.51e-02	6.43e-02	8.84e-02	1.37e-01	4.56e-01	1.96e-01	2.76e-02
 3.64236e+22	0.00e+00	8.15e-23	2.56e-19	2.36e-16	4.93e-14	6.11e-12	6.43e-10	4.45e-07	2.77e-05	6.19e-04	5.34e-03	2.72e-02	6.82e-02	9.15e-02	1.39e-01	4.52e-01	1.90e-01	2.62e-02
 3.65264e+22	0.00e+00	1.18e-22	3.57e-19	3.17e-16	6.34e-14	7.52e-12	7.59e-10	5.32e-07	3.29e-05	7.24e-04	6.10e-03	3.02e-02	7.37e-02	9.59e-02	1.41e-01	4.46e-01	1.82e-01	2.43e-02
 3.66283e+22	0.00e+00	1.56e-22	4.60e-19	3.97e-16	7.68e-14	8.81e-12	8.61e-10	6.09e-07	3.75e-05	8.16e-04	6.75e-03	3.28e-02	7.81e-02	9.92e-02	1.42e-01	4.41e-01	1.76e-01	2.30e-02
 3.67292e+22	0.00e+00	2.28e-22	6.49e-19	5.36e-16	9.92e-14	1.08e-11	1.01e-09	7.29e-07	4.47e-05	9.57e-04	7.72e-03	3.65e-02	8.45e-02	1.04e-01	1.44e-01	4.34e-01	1.68e-01	2.12e-02
 3.68289e+22	0.00e+00	2.98e-22	8.27e-19	6.64e-16	1.19e-13	1.26e-11	1.14e-09	8.28e-07	5.05e-05	1.07e-03	8.48e-03	3.93e-02	8.92e-02	1.07e-01	1.45e-01	4.28e-01	1.62e-01	2.00e-02
 3.69271e+22	0.00e+00	4.38e-22	1.17e-18	8.97e-16	1.53e-13	1.54e-11	1.34e-09	9.88e-07	6.00e-05	1.25e-03	9.68e-03	4.37e-02	9.62e-02	1.12e-01	1.46e-01	4.20e-01	1.53e-01	1.84e-02
 3.70254e+22	0.00e+00	5.76e-22	1.50e-18	1.11e-15	1.84e-13	1.79e-11	1.51e-09	1.12e-06	6.80e-05	1.40e-03	1.06e-02	4.70e-02	1.01e-01	1.15e-01	1.47e-01	4.13e-01	1.48e-01	1.73e-02
 3.71238e+22	0.00e+00	8.51e-22	2.12e-18	1.51e-15	2.38e-13	2.20e-11	1.76e-09	1.34e-06	8.08e-05	1.64e-03	1.21e-02	5.22e-02	1.09e-01	1.20e-01	1.47e-01	4.03e-01	1.39e-01	1.58e-02
 3.72230e+22	0.00e+00	1.13e-21	2.74e-18	1.89e-15	2.87e-13	2.56e-11	1.98e-09	1.53e-06	9.17e-05	1.84e-03	1.34e-02	5.62e-02	1.15e-01	1.23e-01	1.47e-01	3.95e-01	1.33e-01	1.48e-02
 3.73232e+22	0.00e+00	1.66e-21	3.88e-18	2.55e-15	3.69e-13	3.13e-11	2.31e-09	1.82e-06	1.09e-04	2.15e-03	1.52e-02	6.20e-02	1.23e-01	1.27e-01	1.47e-01	3.84e-01	1.25e-01	1.34e-02
 3.74225e+22	0.00e+00	2.22e-21	5.03e-18	3.20e-15	4.46e-13	3.63e-11	2.59e-09	2.06e-06	1.23e-04	2.41e-03	1.67e-02	6.67e-02	1.29e-01	1.30e-01	1.47e-01	3.76e-01	1.19e-01	1.25e-02
 3.75208e+22	0.00e+00	3.27e-21	7.09e-18	4.30e-15	5.71e-13	4.41e-11	3.00e-09	2.44e-06	1.45e-04	2.79e-03	1.89e-02	7.33e-02	1.38e-01	1.34e-01	1.46e-01	3.63e-01	1.12e-01	1.13e-02
 3.76206e+22	0.00e+00	4.43e-21	9.31e-18	5.44e-15	6.94e-13	5.15e-11	3.38e-09	2.78e-06	1.65e-04	3.14e-03	2.08e-02	7.88e-02	1.45e-01	1.37e-01	1.46e-01	3.53e-01	1.06e-01	1.04e-02
 3.77223e+22	0.00e+00	6.61e-21	1.33e-17	7.39e-15	8.94e-13	6.28e-11	3.92e-09	3.30e-06	1.94e-04	3.65e-03	2.35e-02	8.64e-02	1.54e-01	1.41e-01	1.44e-01	3.40e-01	9.81e-02	9.34e-03
 3.78252e+22	0.00e+00	9.03e-21	1.76e-17	9.39e-15	1.09e-12	7.33e-11	4.40e-09	3.76e-06	2.21e-04	4.10e-03	2.58e-02	9.27e-02	1.61e-01	1.44e-01	1.43e-01	3.29e-01	9.23e-02	8.55e-03
 3.79296e+22	0.00e+00	1.36e-20	2.53e-17	1.28e-14	1.41e-12	8.96e-11	5.12e-09	4.45e-06	2.60e-04	4.75e-03	2.92e-02	1.01e-01	1.70e-01	1.47e-01	1.41e-01	3.14e-01	8.50e-02	7.59e-03
 3.80346e+22	0.00e+00	1.86e-20	3.35e-17	1.63e-14	1.72e-12	1.04e-10	5.74e-09	5.05e-06	2.95e-04	5.32e-03	3.19e-02	1.08e-01	1.78e-01	1.49e-01	1.39e-01	3.03e-01	7.96e-02	6.91e-03
 3.81252e+22	0.00e+00	2.53e-20	4.40e-17	2.06e-14	2.08e-12	1.21e-10	6.41e-09	5.71e-06	3.32e-04	5.92e-03	3.48e-02	1.15e-01	1.85e-01	1.51e-01	1.37e-01	2.91e-01	7.44e-02	6.29e-03
 3.82278e+22	0.00e+00	3.79e-20	6.29e-17	2.79e-14	2.67e-12	1.47e-10	7.39e-09	6.68e-06	3.87e-04	6.80e-03	3.89e-02	1.25e-01	1.94e-01	1.53e-01	1.33e-01	2.76e-01	6.80e-02	5.54e-03
 3.83302e+22	0.00e+00	5.05e-20	8.13e-17	3.48e-14	3.21e-12	1.69e-10	8.21e-09	7.48e-06	4.31e-04	7.50e-03	4.21e-02	1.32e-01	2.00e-01	1.54e-01	1.31e-01	2.65e-01	6.36e-02	5.05e-03
 3.84321e+22	0.00e+00	7.40e-20	1.14e-16	4.64e-14	4.07e-12	2.03e-10	9.42e-09	8.65e-06	4.96e-04	8.51e-03	4.65e-02	1.41e-01	2.08e-01	1.55e-01	1.27e-01	2.50e-01	5.80e-02	4.45e-03
 3.85362e+22	0.00e+00	1.00e-19	1.50e-16	5.84e-14	4.92e-12	2.36e-10	1.05e-08	9.69e-06	5.54e-04	9.39e-03	5.03e-02	1.49e-01	2.14e-01	1.55e-01	1.24e-01	2.39e-01	5.38e-02	4.01e-03
 3.86431e+22	0.00e+00	1.49e-19	2.13e-16	7.89e-14	6.29e-12	2.85e-10	1.21e-08	1.12e-05	6.36e-04	1.06e-02	5.56e-02	1.59e-01	2.22e-01	1.55e-01	1.20e-01	2.24e-01	4.86e-02	3.49e-03
 3.87509e+22	0.00e+00	2.00e-19	2.76e-16	9.85e-14	7.56e-12	3.29e-10	1.35e-08	1.25e-05	7.05e-04	1.17e-02	5.96e-02	1.67e-01	2.27e-01	1.55e-01	1.17e-01	2.13e-01	4.50e-02	3.15e-03
 3.88601e+22	3.07e-32	2.95e-19	3.91e-16	1.32e-13	9.64e-12	3.98e-10	1.55e-08	1.43e-05	8.03e-04	1.31e-02	6.54e-02	1.77e-01	2.34e-01	1.55e-01	1.13e-01	1.99e-01	4.04e-02	2.73e-03
 3.89720e+22	4.28e-32	3.98e-19	5.10e-16	1.66e-13	1.16e-11	4.61e-10	1.73e-08	1.59e-05	8.88e-04	1.43e-02	7.00e-02	1.85e-01	2.39e-01	1.54e-01	1.09e-01	1.89e-01	3.72e-02	2.44e-03
 3.90876e+22	6.64e-32	5.89e-19	7.22e-16	2.23e-13	1.49e-11	5.58e-10	2.00e-08	1.82e-05	1.01e-03	1.60e-02	7.64e-02	1.96e-01	2.44e-01	1.52e-01	1.04e-01	1.75e-01	3.32e-02	2.10e-03
 3.92066e+22	9.36e-32	8.03e-19	9.52e-16	2.83e-13	1.81e-11	6.52e-10	2.25e-08	2.03e-05	1.11e-03	1.75e-02	8.16e-02	2.04e-01	2.48e-01	1.50e-01	1.01e-01	1.65e-01	3.03e-02	1.86e-03
 3.93139e+22	1.32e-31	1.09e-18	1.25e-15	3.57e-13	2.20e-11	7.58e-10	2.53e-08	2.24e-05	1.22e-03	1.90e-02	8.70e-02	2.12e-01	2.52e-01	1.49e-01	9.68e-02	1.55e-01	2.77e-02	1.65e-03
 3.94368e+22	2.03e-31	1.60e-18	1.76e-15	4.79e-13	2.81e-11	9.21e-10	2.93e-08	2.56e-05	1.38e-03	2.11e-02	9.42e-02	2.22e-01	2.55e-01	1.46e-01	9.20e-02	1.43e-01	2.45e-02	1.41e-03
 3.95611e+22	2.83e-31	2.16e-18	2.30e-15	6.02e-13	3.40e-11	1.07e-09	3.29e-08	2.82e-05	1.51e-03	2.29e-02	9.99e-02	2.29e-01	2.58e-01	1.43e-01	8.82e-02	1.34e-01	2.23e-02	1.24e-03
 3.96871e+22	4.33e-31	3.15e-18	3.23e-15	8.04e-13	4.33e-11	1.30e-09	3.81e-08	3.20e-05	1.69e-03	2.52e-02	1.07e-01	2.38e-01	2.60e-01	1.40e-01	8.35e-02	1.23e-01	1.97e-02	1.06e-03
 3.98095e+22	5.83e-31	4.11e-18	4.09e-15	9.85e-13	5.13e-11	1.49e-09	4.23e-08	3.49e-05	1.83e-03	2.70e-02	1.13e-01	2.45e-01	2.61e-01	1.38e-01	8.02e-02	1.15e-01	1.80e-02	9.41e-04
 3.99273e+22	8.58e-31	5.80e-18	5.56e-15	1.28e-12	6.40e-11	1.77e-09	4.84e-08	3.89e-05	2.02e-03	2.94e-02	1.20e-01	2.53e-01	2.62e-01	1.34e-01	7.59e-02	1.06e-01	1.60e-02	8.09e-04
 4.00473e+22	1.16e-30	7.53e-18	7.03e-15	1.57e-12	7.58e-11	2.03e-09	5.38e-08	4.24e-05	2.18e-03	3.14e-02	1.26e-01	2.59e-01	2.63e-01	1.31e-01	7.27e-02	9.97e-02	1.47e-02	7.19e-04
 4.01703e+22	1.71e-30	1.07e-17	9.61e-15	2.05e-12	9.49e-11	2.43e-09	6.17e-08	4.73e-05	2.40e-03	3.41e-02	1.34e-01	2.66e-01	2.63e-01	1.27e-01	6.85e-02	9.13e-02	1.29e-02	6.12e-04
 4.02950e+22	2.29e-30	1.38e-17	1.21e-14	2.50e-12	1.12e-10	2.78e-09	6.86e-08	5.15e-05	2.58e-03	3.63e-02	1.40e-01	2.72e-01	2.62e-01	1.24e-01	6.55e-02	8.55e-02	1.18e-02	5.44e-04
 4.04219e+22	3.40e-30	1.95e-17	1.65e-14	3.26e-12	1.40e-10	3.32e-09	7.88e-08	5.74e-05	2.84e-03	3.93e-02	1.48e-01	2.78e-01	2.61e-01	1.20e-01	6.15e-02	7.80e-02	1.04e-02	4.62e-04
 4.05466e+22	4.45e-30	2.46e-17	2.03e-14	3.91e-12	1.64e-10	3.77e-09	8.71e-08	6.20e-05	3.03e-03	4.15e-02	1.53e-01	2.83e-01	2.60e-01	1.17e-01	5.88e-02	7.32e-02	9.50e-03	4.12e-04
 4.06684e+22	6.42e-30	3.39e-17	2.71e-14	5.00e-12	2.02e-10	4.46e-09	9.92e-08	6.85e-05	3.31e-03	4.46e-02	1.61e-01	2.88e-01	2.58e-01	1.13e-01	5.53e-02	6.70e-02	8.40e-03	3.52e-04
 4.07927e+22	8.47e-30	4.30e-17	3.35e-14	6.02e-12	2.36e-10	5.07e-09	1.10e-07	7.41e-05	3.53e-03	4.70e-02	1.67e-01	2.92e-01	2.57e-01	1.10e-01	5.28e-02	6.27e-02	7.66e-03	3.13e-04
 4.09203e+22	1.23e-29	5.93e-17	4.47e-14	7.71e-12	2.91e-10	6.01e-09	1.25e-07	8.20e-05	3.84e-03	5.04e-02	1.75e-01	2.97e-01	2.54e-01	1.05e-01	4.94e-02	5.72e-02	6.74e-03	2.66e-04
 4.10502e+22	1.63e-29	7.55e-17	5.56e-14	9.32e-12	3.42e-10	6.85e-09	1.39e-07	8.87e-05	4.11e-03	5.32e-02	1.82e-01	3.01e-01	2.51e-01	1.02e-01	4.70e-02	5.32e-02	6.12e-03	2.35e-04
 4.11834e+22	2.37e-29	1.04e-16	7.43e-14	1.20e-11	4.23e-10	8.14e-09	1.59e-07	9.82e-05	4.47e-03	5.69e-02	1.90e-01	3.05e-01	2.48e-01	9.77e-02	4.38e-02	4.83e-02	5.36e-03	1.99e-04
 4.13189e+22	3.33e-30	1.33e-16	9.25e-14	1.45e-11	4.98e-10	9.30e-09	1.77e-07	1.06e-04	4.77e-03	6.00e-02	1.96e-01	3.08e-01	2.45e-01	9.44e-02	4.15e-02	4.49e-02	4.84e-03	1.75e-04
 4.14574e+22	4.75e-30	1.83e-16	1.24e-13	1.86e-11	6.16e-10	1.11e-08	2.03e-07	1.18e-04	5.19e-03	6.41e-02	2.05e-01	3.11e-01	2.41e-01	9.00e-02	3.86e-02	4.06e-02	4.22e-03	1.47e-04
 4.15986e+22	6.23e-30	2.34e-16	1.54e-13	2.25e-11	7.27e-10	1.27e-08	2.26e-07	1.28e-04	5.54e-03	6.75e-02	2.12e-01	3.14e-01	2.37e-01	8.67e-02	3.64e-02	3.75e-02	3.80e-03	1.29e-04
 4.17227e+22	8.12e-30	2.97e-16	1.91e-13	2.72e-11	8.53e-10	1.45e-08	2.51e-07	1.38e-04	5.90e-03	7.08e-02	2.18e-01	3.15e-01	2.33e-01	8.34e-02	3.44e-02	3.47e-02	3.42e-03	1.13e-04
 4.18635e+22	1.15e-29	4.06e-16	2.53e-13	3.47e-11	1.05e-09	1.72e-08	2.88e-07	1.53e-04	6.40e-03	7.54e-02	2.27e-01	3.17e-01	2.28e-01	7.93e-02	3.19e-02	3.14e-02	2.98e-03	9.52e-05
 4.20040e+22	1.46e-29	5.05e-16	3.09e-13	4.13e-11	1.22e-09	1.94e-08	3.18e-07	1.65e-04	6.79e-03	7.88e-02	2.33e-01	3.19e-01	2.24e-01	7.64e-02	3.02e-02	2.91e-02	2.70e-03	8.41e-05
 4.21444e+22	2.05e-29	6.86e-16	4.07e-13	5.24e-11	1.50e-09	2.30e-08	3.63e-07	1.82e-04	7.34e-03	8.36e-02	2.41e-01	3.20e-01	2.19e-01	7.24e-02	2.80e-02	2.62e-02	2.35e-03	7.06e-05
 4.22869e+22	2.63e-29	8.55e-16	4.97e-13	6.25e-11	1.74e-09	2.61e-08	4.02e-07	1.96e-04	7.79e-03	8.74e-02	2.47e-01	3.20e-01	2.15e-01	6.95e-02	2.64e-02	2.43e-02	2.12e-03	6.22e-05
 4.24322e+22	3.66e-29	1.15e-15	6.50e-13	7.90e-11	2.13e-09	3.08e-08	4.59e-07	2.16e-04	8.41e-03	9.25e-02	2.55e-01	3.20e-01	2.09e-01	6.58e-02	2.44e-02	2.19e-02	1.85e-03	5.22e-05
 4.25821e+22	4.79e-29	1.46e-15	8.09e-13	9.57e-11	2.51e-09	3.53e-08	5.13e-07	2.35e-04	8.95e-03	9.68e-02	2.62e-01	3.20e-01	2.04e-01	6.28e-02	2.29e-02	2.01e-02	1.65e-03	4.53e-05
 4.27380e+22	6.70e-29	1.98e-15	1.06e-12	1.21e-10	3.09e-09	4.19e-08	5.88e-07	2.60e-04	9.68e-03	1.02e-01	2.70e-01	3.20e-01	1.98e-01	5.91e-02	2.11e-02	1.80e-02	1.42e-03	3.79e-05
 4.28995e+22	8.92e-29	2.55e-15	1.34e-12	1.49e-10	3.68e-09	4.85e-08	6.61e-07	2.83e-04	1.03e-02	1.07e-01	2.77e-01	3.19e-01	1.93e-01	5.61e-02	1.96e-02	1.64e-02	1.26e-03	3.24e-05
 4.30680e+22	1.27e-28	3.49e-15	1.78e-12	1.91e-10	4.57e-09	5.81e-08	7.64e-07	3.15e-04	1.12e-02	1.14e-01	2.86e-01	3.17e-01	1.86e-01	5.25e-02	1.79e-02	1.46e-02	1.08e-03	2.68e-05
 4.32416e+22	1.71e-28	4.54e-15	2.26e-12	2.36e-10	5.48e-09	6.76e-08	8.63e-07	3.45e-04	1.20e-02	1.19e-01	2.92e-01	3.15e-01	1.80e-01	4.96e-02	1.66e-02	1.32e-02	9.43e-04	2.27e-05
 4.34218e+22	2.47e-28	6.28e-15	3.04e-12	3.06e-10	6.86e-09	8.16e-08	1.00e-06	3.86e-04	1.31e-02	1.26e-01	3.01e-01	3.13e-01	1.73e-01	4.61e-02	1.50e-02	1.16e-02	7.99e-04	1.85e-05
 4.36087e+22	3.39e-28	8.30e-15	3.91e-12	3.82e-10	8.31e-09	9.58e-08	1.14e-06	4.25e-04	1.40e-02	1.33e-01	3.08e-01	3.10e-01	1.67e-01	4.33e-02	1.38e-02	1.04e-02	6.92e-04	1.55e-05
 4.37783e+22	4.59e-28	1.08e-14	4.99e-12	4.73e-10	1.00e-08	1.12e-07	1.30e-06	4.67e-04	1.50e-02	1.39e-01	3.14e-01	3.07e-01	1.61e-01	4.06e-02	1.27e-02	9.34e-03	6.02e-04	1.31e-05
 4.39730e+22	6.76e-28	1.52e-14	6.79e-12	6.21e-10	1.27e-08	1.36e-07	1.52e-06	5.25e-04	1.64e-02	1.47e-01	3.22e-01	3.03e-01	1.53e-01	3.74e-02	1.14e-02	8.14e-03	5.03e-04	1.05e-05
 4.41715e+22	9.30e-28	2.01e-14	8.76e-12	7.77e-10	1.54e-08	1.60e-07	1.73e-06	5.78e-04	1.76e-02	1.54e-01	3.29e-01	2.99e-01	1.47e-01	3.49e-02	1.04e-02	7.25e-03	4.33e-04	8.72e-06
 4.43749e+22	1.38e-27	2.84e-14	1.20e-11	1.03e-09	1.96e-08	1.96e-07	2.04e-06	6.52e-04	1.92e-02	1.63e-01	3.36e-01	2.93e-01	1.40e-01	3.20e-02	9.30e-03	6.27e-03	3.59e-04	6.92e-06
 4.45810e+22	1.91e-27	3.78e-14	1.56e-11	1.29e-09	2.38e-08	2.31e-07	2.33e-06	7.19e-04	2.06e-02	1.71e-01	3.42e-01	2.89e-01	1.33e-01	2.97e-02	8.45e-03	5.55e-03	3.07e-04	5.71e-06
 4.47906e+22	2.88e-27	5.40e-14	2.15e-11	1.72e-09	3.05e-08	2.84e-07	2.76e-06	8.12e-04	2.25e-02	1.80e-01	3.49e-01	2.82e-01	1.26e-01	2.70e-02	7.48e-03	4.75e-03	2.51e-04	4.47e-06
 4.50024e+22	3.98e-27	7.17e-14	2.79e-11	2.15e-09	3.72e-08	3.35e-07	3.15e-06	8.95e-04	2.41e-02	1.88e-01	3.54e-01	2.76e-01	1.20e-01	2.50e-02	6.78e-03	4.19e-03	2.14e-04	3.67e-06
 4.52171e+22	6.04e-27	1.04e-13	3.90e-11	2.89e-09	4.80e-08	4.15e-07	3.74e-06	1.01e-03	2.63e-02	1.99e-01	3.61e-01	2.69e-01	1.12e-01	2.25e-02	5.95e-03	3.56e-03	1.73e-04	2.83e-06
 4.54330e+22	8.33e-27	1.37e-13	5.03e-11	3.62e-09	5.83e-08	4.89e-07	4.27e-06	1.12e-03	2.81e-02	2.07e-01	3.65e-01	2.63e-01	1.06e-01	2.08e-02	5.38e-03	3.13e-03	1.47e-04	2.32e-06
 4.56136e+22	1.11e-26	1.77e-13	6.34e-11	4.43e-09	6.96e-08	5.66e-07	4.81e-06	1.22e-03	2.99e-02	2.15e-01	3.69e-01	2.57e-01	1.01e-01	1.93e-02	4.90e-03	2.78e-03	1.26e-04	1.93e-06
 4.58113e+22	1.63e-26	2.49e-13	8.65e-11	5.81e-09	8.81e-08	6.90e-07	5.64e-06	1.36e-03	3.23e-02	2.25e-01	3.73e-01	2.49e-01	9.46e-02	1.74e-02	4.32e-03	2.37e-03	1.03e-04	1.50e-06
 4.60063e+22	2.15e-26	3.18e-13	1.08e-10	7.07e-09	1.04e-07	7.96e-07	6.34e-06	1.48e-03	3.42e-02	2.33e-01	3.76e-01	2.43e-01	9.00e-02	1.61e-02	3.93e-03	2.11e-03	8.83e-05	1.25e-06
 4.61978e+22	3.09e-26	4.40e-13	1.45e-10	9.15e-09	1.31e-07	9.61e-07	7.38e-06	1.65e-03	3.69e-02	2.43e-01	3.79e-01	2.35e-01	8.41e-02	1.45e-02	3.47e-03	1.80e-03	7.22e-05	9.79e-07
 4.63929e+22	4.11e-26	5.68e-13	1.83e-10	1.12e-08	1.56e-07	1.11e-06	8.33e-06	1.80e-03	3.91e-02	2.51e-01	3.82e-01	2.28e-01	7.95e-02	1.34e-02	3.14e-03	1.59e-03	6.15e-05	8.06e-07
 4.65927e+22	5.97e-26	7.96e-13	2.48e-10	1.47e-08	1.97e-07	1.36e-06	9.79e-06	2.02e-03	4.22e-02	2.62e-01	3.84e-01	2.20e-01	7.37e-02	1.20e-02	2.74e-03	1.34e-03	4.94e-05	6.19e-07
 4.67944e+22	7.96e-26	1.03e-12	3.14e-10	1.80e-08	2.36e-07	1.58e-06	1.11e-05	2.20e-03	4.48e-02	2.71e-01	3.85e-01	2.13e-01	6.94e-02	1.10e-02	2.47e-03	1.17e-03	4.18e-05	5.04e-07
 4.69987e+22	1.16e-25	1.46e-12	4.29e-10	2.37e-08	3.01e-07	1.94e-06	1.31e-05	2.47e-03	4.84e-02	2.83e-01	3.87e-01	2.03e-01	6.38e-02	9.71e-03	2.14e-03	9.76e-04	3.31e-05	3.81e-07
 4.72058e+22	1.54e-25	1.89e-12	5.45e-10	2.92e-08	3.62e-07	2.26e-06	1.49e-05	2.71e-03	5.14e-02	2.92e-01	3.87e-01	1.96e-01	5.98e-02	8.83e-03	1.91e-03	8.48e-04	2.77e-05	3.07e-07
 4.74165e+22	2.24e-25	2.68e-12	7.46e-10	3.86e-08	4.62e-07	2.79e-06	1.76e-05	3.05e-03	5.56e-02	3.04e-01	3.87e-01	1.86e-01	5.46e-02	7.76e-03	1.64e-03	7.00e-04	2.17e-05	2.29e-07
 4.76318e+22	3.02e-25	3.53e-12	9.59e-10	4.81e-08	5.62e-07	3.29e-06	2.03e-05	3.36e-03	5.92e-02	3.14e-01	3.86e-01	1.78e-01	5.06e-02	6.98e-03	1.45e-03	5.98e-04	1.78e-05	1.80e-07
 4.78533e+22	4.39e-25	5.04e-12	1.33e-09	6.41e-08	7.26e-07	4.10e-06	2.43e-05	3.81e-03	6.42e-02	3.27e-01	3.84e-01	1.68e-01	4.57e-02	6.05e-03	1.23e-03	4.85e-04	1.37e-05	1.31e-07
 4.80789e+22	5.93e-25	6.68e-12	1.71e-09	8.05e-08	8.90e-07	4.88e-06	2.81e-05	4.22e-03	6.84e-02	3.37e-01	3.82e-01	1.59e-01	4.20e-02	5.38e-03	1.07e-03	4.09e-04	1.11e-05	0.00e+00
 4.83025e+22	8.39e-25	9.37e-12	2.34e-09	1.06e-07	1.14e-06	6.05e-06	3.37e-05	4.77e-03	7.41e-02	3.50e-01	3.78e-01	1.49e-01	3.78e-02	4.64e-03	9.07e-04	3.31e-04	8.45e-06	0.00e+00
 4.85149e+22	1.08e-24	1.19e-11	2.91e-09	1.29e-07	1.37e-06	7.06e-06	3.83e-05	5.22e-03	7.84e-02	3.59e-01	3.75e-01	1.42e-01	3.49e-02	4.16e-03	8.02e-04	2.83e-04	6.96e-06	0.00e+00
 4.87205e+22	1.48e-24	1.62e-11	3.87e-09	1.67e-07	1.72e-06	8.65e-06	4.56e-05	5.88e-03	8.44e-02	3.71e-01	3.70e-01	1.33e-01	3.13e-02	3.59e-03	6.79e-04	2.30e-04	5.34e-06	0.00e+00
 4.89300e+22	1.90e-24	2.07e-11	4.83e-09	2.05e-07	2.08e-06	1.02e-05	5.23e-05	6.46e-03	8.94e-02	3.80e-01	3.66e-01	1.25e-01	2.87e-02	3.19e-03	5.93e-04	1.94e-04	4.33e-06	0.00e+00
 4.91352e+22	2.50e-24	2.74e-11	6.28e-09	2.60e-07	2.59e-06	1.23e-05	6.18e-05	7.24e-03	9.59e-02	3.91e-01	3.60e-01	1.17e-01	2.57e-02	2.75e-03	5.03e-04	1.57e-04	3.34e-06	0.00e+00
 4.93447e+22	3.18e-24	3.48e-11	7.85e-09	3.19e-07	3.13e-06	1.46e-05	7.15e-05	8.00e-03	1.02e-01	4.01e-01	3.54e-01	1.09e-01	2.33e-02	2.41e-03	4.35e-04	1.31e-04	2.65e-06	0.00e+00
 4.95489e+22	4.01e-24	4.48e-11	9.95e-09	3.98e-07	3.85e-06	1.75e-05	8.39e-05	8.91e-03	1.09e-01	4.11e-01	3.46e-01	1.02e-01	2.09e-02	2.09e-03	3.70e-04	1.07e-04	2.06e-06	0.00e+00
 4.97571e+22	5.01e-24	5.65e-11	1.24e-08	4.89e-07	4.68e-06	2.09e-05	9.76e-05	9.88e-03	1.16e-01	4.20e-01	3.39e-01	9.46e-02	1.88e-02	1.81e-03	3.16e-04	8.79e-05	1.62e-06	0.00e+00
 4.99635e+22	6.22e-24	7.12e-11	1.55e-08	6.02e-07	5.70e-06	2.49e-05	1.14e-04	1.10e-02	1.23e-01	4.29e-01	3.31e-01	8.76e-02	1.68e-02	1.56e-03	2.69e-04	7.17e-05	1.25e-06	0.00e+00
 5.01708e+22	7.65e-24	8.84e-11	1.90e-08	7.35e-07	6.90e-06	2.95e-05	1.33e-04	1.22e-02	1.31e-01	4.38e-01	3.22e-01	8.10e-02	1.50e-02	1.35e-03	2.29e-04	5.86e-05	9.76e-07	0.00e+00
 5.03759e+22	9.31e-24	1.09e-10	2.33e-08	8.93e-07	8.32e-06	3.50e-05	1.55e-04	1.35e-02	1.38e-01	4.45e-01	3.13e-01	7.49e-02	1.34e-02	1.16e-03	1.94e-04	4.78e-05	7.59e-07	0.00e+00
 5.05805e+22	1.12e-23	1.33e-10	2.84e-08	1.08e-06	1.00e-05	4.13e-05	1.80e-04	1.49e-02	1.47e-01	4.52e-01	3.04e-01	6.90e-02	1.19e-02	1.00e-03	1.65e-04	3.90e-05	5.90e-07	0.00e+00
 5.07856e+22	1.35e-23	1.60e-10	3.43e-08	1.30e-06	1.20e-05	4.88e-05	2.09e-04	1.65e-02	1.55e-01	4.59e-01	2.94e-01	6.35e-02	1.06e-02	8.62e-04	1.40e-04	3.17e-05	4.58e-07	0.00e+00
 5.09915e+22	1.62e-23	1.92e-10	4.13e-08	1.56e-06	1.44e-05	5.75e-05	2.43e-04	1.82e-02	1.64e-01	4.65e-01	2.84e-01	5.83e-02	9.41e-03	7.40e-04	1.18e-04	2.58e-05	3.55e-07	0.00e+00
 5.11988e+22	1.93e-23	2.29e-10	4.96e-08	1.87e-06	1.72e-05	6.76e-05	2.82e-04	2.01e-02	1.73e-01	4.70e-01	2.74e-01	5.34e-02	8.34e-03	6.34e-04	9.98e-05	2.09e-05	2.74e-07	0.00e+00
 5.14080e+22	2.31e-23	2.72e-10	5.92e-08	2.24e-06	2.05e-05	7.95e-05	3.28e-04	2.22e-02	1.83e-01	4.74e-01	2.63e-01	4.88e-02	7.37e-03	5.42e-04	8.41e-05	1.69e-05	2.11e-07	0.00e+00
 5.16197e+22	2.77e-23	3.21e-10	7.05e-08	2.67e-06	2.44e-05	9.34e-05	3.81e-04	2.45e-02	1.93e-01	4.78e-01	2.53e-01	4.45e-02	6.50e-03	4.62e-04	7.06e-05	1.37e-05	1.62e-07	0.00e+00
 5.18325e+22	3.32e-23	3.75e-10	8.36e-08	3.17e-06	2.89e-05	1.09e-04	4.41e-04	2.70e-02	2.03e-01	4.81e-01	2.42e-01	4.06e-02	5.74e-03	3.95e-04	5.94e-05	1.10e-05	1.25e-07	0.00e+00
 5.20488e+22	4.01e-23	4.38e-10	9.93e-08	3.77e-06	3.44e-05	1.28e-04	5.13e-04	2.98e-02	2.13e-01	4.83e-01	2.31e-01	3.68e-02	5.03e-03	3.35e-04	4.96e-05	8.84e-06	0.00e+00	0.00e+00
 5.22676e+22	4.86e-23	5.08e-10	1.17e-07	4.46e-06	4.07e-05	1.50e-04	5.94e-04	3.28e-02	2.24e-01	4.84e-01	2.20e-01	3.34e-02	4.43e-03	2.85e-04	4.16e-05	7.12e-06	0.00e+00	0.00e+00
 5.24908e+22	5.99e-23	5.90e-10	1.39e-07	5.30e-06	4.84e-05	1.76e-04	6.91e-04	3.62e-02	2.35e-01	4.84e-01	2.09e-01	3.01e-02	3.86e-03	2.40e-04	3.45e-05	5.66e-06	0.00e+00	0.00e+00
 5.26985e+22	7.91e-21	6.65e-10	1.59e-07	6.10e-06	5.56e-05	2.00e-04	7.81e-04	3.92e-02	2.45e-01	4.83e-01	2.01e-01	2.76e-02	3.46e-03	2.09e-04	2.97e-05	4.71e-06	0.00e+00	0.00e+00
 5.29127e+22	1.98e-20	7.70e-10	1.89e-07	7.27e-06	6.64e-05	2.36e-04	9.13e-04	4.33e-02	2.57e-01	4.82e-01	1.89e-01	2.47e-02	2.99e-03	1.75e-04	2.43e-05	3.70e-06	0.00e+00	0.00e+00
 5.31304e+22	2.44e-20	8.67e-10	2.18e-07	8.36e-06	7.63e-05	2.68e-04	1.03e-03	4.68e-02	2.66e-01	4.79e-01	1.81e-01	2.26e-02	2.67e-03	1.52e-04	2.09e-05	3.06e-06	0.00e+00	0.00e+00
 5.33527e+22	3.16e-20	1.00e-09	2.59e-07	9.98e-06	9.12e-05	3.16e-04	1.21e-03	5.18e-02	2.79e-01	4.76e-01	1.69e-01	2.01e-02	2.29e-03	1.26e-04	1.70e-05	2.39e-06	0.00e+00	0.00e+00
 5.35760e+22	3.90e-20	1.13e-09	2.98e-07	1.15e-05	1.04e-04	3.57e-04	1.36e-03	5.58e-02	2.88e-01	4.72e-01	1.61e-01	1.84e-02	2.05e-03	1.09e-04	1.46e-05	1.98e-06	0.00e+00	0.00e+00
 5.38005e+22	5.04e-20	1.30e-09	3.54e-07	1.36e-05	1.24e-04	4.19e-04	1.58e-03	6.14e-02	3.01e-01	4.67e-01	1.51e-01	1.63e-02	1.76e-03	9.06e-05	1.19e-05	1.55e-06	0.00e+00	0.00e+00
 5.40263e+22	6.20e-20	1.46e-09	4.06e-07	1.56e-05	1.42e-04	4.73e-04	1.78e-03	6.60e-02	3.10e-01	4.62e-01	1.43e-01	1.49e-02	1.57e-03	7.85e-05	1.02e-05	1.28e-06	0.00e+00	0.00e+00
 5.42539e+22	8.02e-20	1.68e-09	4.84e-07	1.86e-05	1.68e-04	5.53e-04	2.06e-03	7.25e-02	3.23e-01	4.54e-01	1.33e-01	1.31e-02	1.35e-03	6.51e-05	8.27e-06	9.98e-07	0.00e+00	0.00e+00
 5.44835e+22	9.91e-20	1.89e-09	5.56e-07	2.13e-05	1.92e-04	6.23e-04	2.31e-03	7.77e-02	3.32e-01	4.48e-01	1.26e-01	1.19e-02	1.20e-03	5.63e-05	7.06e-06	8.24e-07	0.00e+00	0.00e+00
 5.47156e+22	1.29e-19	2.18e-09	6.64e-07	2.53e-05	2.27e-04	7.26e-04	2.68e-03	8.51e-02	3.44e-01	4.39e-01	1.17e-01	1.05e-02	1.02e-03	4.65e-05	5.73e-06	6.41e-07	0.00e+00	0.00e+00
 5.49506e+22	1.60e-19	2.46e-09	7.67e-07	2.90e-05	2.59e-04	8.17e-04	2.99e-03	9.11e-02	3.53e-01	4.32e-01	1.10e-01	9.52e-03	9.06e-04	4.01e-05	4.87e-06	5.27e-07	0.00e+00	0.00e+00
 5.51895e+22	2.11e-19	2.86e-09	9.20e-07	3.46e-05	3.07e-04	9.50e-04	3.46e-03	9.94e-02	3.64e-01	4.21e-01	1.01e-01	8.35e-03	7.72e-04	3.30e-05	3.93e-06	4.08e-07	0.00e+00	0.00e+00
 5.54324e+22	2.65e-19	3.25e-09	1.07e-06	3.99e-05	3.50e-04	1.07e-03	3.87e-03	1.06e-01	3.72e-01	4.13e-01	9.50e-02	7.53e-03	6.81e-04	2.83e-05	3.33e-06	3.33e-07	0.00e+00	0.00e+00
 5.56804e+22	3.53e-19	3.80e-09	1.29e-06	4.78e-05	4.16e-04	1.25e-03	4.47e-03	1.16e-01	3.83e-01	4.01e-01	8.70e-02	6.55e-03	5.76e-04	2.31e-05	2.67e-06	2.56e-07	0.00e+00	0.00e+00
 5.59338e+22	4.53e-19	4.36e-09	1.52e-06	5.54e-05	4.76e-04	1.40e-03	4.99e-03	1.24e-01	3.91e-01	3.91e-01	8.11e-02	5.87e-03	5.05e-04	1.97e-05	2.24e-06	2.07e-07	0.00e+00	0.00e+00
 5.61941e+22	6.17e-19	5.18e-09	1.85e-06	6.69e-05	5.67e-04	1.64e-03	5.77e-03	1.35e-01	4.01e-01	3.77e-01	7.37e-02	5.07e-03	4.24e-04	1.59e-05	1.78e-06	1.57e-07	0.00e+00	0.00e+00
 5.64605e+22	8.09e-19	6.02e-09	2.19e-06	7.81e-05	6.53e-04	1.85e-03	6.46e-03	1.44e-01	4.08e-01	3.66e-01	6.83e-02	4.52e-03	3.69e-04	1.35e-05	1.48e-06	1.26e-07	0.00e+00	0.00e+00
 5.66851e+22	1.02e-18	6.86e-09	2.54e-06	8.94e-05	7.38e-04	2.06e-03	7.12e-03	1.52e-01	4.14e-01	3.56e-01	6.37e-02	4.07e-03	3.26e-04	1.16e-05	1.26e-06	0.00e+00	0.00e+00	0.00e+00
