#depth	N	N+	N+2	N+3	N+4	N+5	N+6	N+7
 4.62852e+21	0.00e+00	6.82e-28	6.66e-22	6.73e-17	2.42e-12	1.85e-07	8.56e-04	9.99e-01
 1.05508e+22	0.00e+00	5.68e-27	3.96e-21	2.90e-16	7.43e-12	3.83e-07	1.22e-03	9.99e-01
 1.27300e+22	0.00e+00	2.40e-26	1.33e-20	7.83e-16	1.60e-11	6.30e-07	1.55e-03	9.98e-01
 1.43239e+22	0.00e+00	7.58e-26	3.51e-20	1.73e-15	2.94e-11	9.38e-07	1.88e-03	9.98e-01
 1.52093e+22	5.80e-33	1.01e-25	4.47e-20	2.11e-15	3.43e-11	1.04e-06	1.98e-03	9.98e-01
 1.55200e+22	7.46e-33	1.26e-25	5.36e-20	2.45e-15	3.85e-11	1.12e-06	2.05e-03	9.98e-01
 1.57862e+22	9.58e-33	1.56e-25	6.43e-20	2.84e-15	4.31e-11	1.20e-06	2.13e-03	9.98e-01
 1.60914e+22	1.30e-32	2.03e-25	8.02e-20	3.40e-15	4.96e-11	1.32e-06	2.22e-03	9.98e-01
 1.64055e+22	1.71e-32	2.57e-25	9.80e-20	4.00e-15	5.62e-11	1.43e-06	2.31e-03	9.98e-01
 1.66766e+22	2.21e-32	3.20e-25	1.18e-19	4.65e-15	6.31e-11	1.55e-06	2.40e-03	9.98e-01
 1.69201e+22	2.77e-32	3.88e-25	1.39e-19	5.31e-15	6.99e-11	1.65e-06	2.48e-03	9.98e-01
 1.71820e+22	3.56e-32	4.83e-25	1.67e-19	6.18e-15	7.87e-11	1.79e-06	2.57e-03	9.97e-01
 1.74639e+22	4.60e-32	6.02e-25	2.00e-19	7.17e-15	8.83e-11	1.93e-06	2.67e-03	9.97e-01
 1.77186e+22	5.80e-32	7.35e-25	2.37e-19	8.23e-15	9.82e-11	2.06e-06	2.76e-03	9.97e-01
 1.79964e+22	7.64e-32	9.33e-25	2.90e-19	9.71e-15	1.12e-10	2.24e-06	2.87e-03	9.97e-01
 1.82872e+22	9.94e-32	1.17e-24	3.50e-19	1.13e-14	1.26e-10	2.43e-06	2.98e-03	9.97e-01
 1.85336e+22	1.25e-31	1.42e-24	4.12e-19	1.29e-14	1.39e-10	2.60e-06	3.08e-03	9.97e-01
 1.87929e+22	1.61e-31	1.77e-24	4.97e-19	1.51e-14	1.57e-10	2.81e-06	3.20e-03	9.97e-01
 1.90698e+22	2.06e-31	2.19e-24	5.94e-19	1.74e-14	1.76e-10	3.02e-06	3.32e-03	9.97e-01
 1.93203e+22	2.59e-31	2.67e-24	7.02e-19	2.00e-14	1.95e-10	3.24e-06	3.43e-03	9.97e-01
 1.95965e+22	3.41e-31	3.38e-24	8.55e-19	2.35e-14	2.21e-10	3.52e-06	3.57e-03	9.96e-01
 1.98866e+22	4.42e-31	4.22e-24	1.03e-18	2.74e-14	2.49e-10	3.81e-06	3.71e-03	9.96e-01
 2.01298e+22	5.52e-31	5.11e-24	1.21e-18	3.11e-14	2.75e-10	4.07e-06	3.83e-03	9.96e-01
 2.03475e+22	6.73e-31	6.06e-24	1.40e-18	3.50e-14	3.01e-10	4.32e-06	3.95e-03	9.96e-01
 2.05968e+22	8.58e-31	7.47e-24	1.67e-18	4.05e-14	3.37e-10	4.65e-06	4.09e-03	9.96e-01
 2.08686e+22	1.10e-30	9.24e-24	1.99e-18	4.68e-14	3.76e-10	5.01e-06	4.24e-03	9.96e-01
 2.11196e+22	1.39e-30	1.13e-23	2.35e-18	5.36e-14	4.18e-10	5.37e-06	4.39e-03	9.96e-01
 2.13958e+22	1.83e-30	1.43e-23	2.87e-18	6.31e-14	4.74e-10	5.84e-06	4.57e-03	9.95e-01
 2.16709e+22	2.33e-30	1.76e-23	3.42e-18	7.26e-14	5.28e-10	6.28e-06	4.74e-03	9.95e-01
 2.18948e+22	2.87e-30	2.10e-23	3.97e-18	8.20e-14	5.80e-10	6.69e-06	4.89e-03	9.95e-01
 2.21363e+22	3.65e-30	2.58e-23	4.71e-18	9.44e-14	6.47e-10	7.19e-06	5.06e-03	9.95e-01
 2.24005e+22	4.65e-30	3.18e-23	5.61e-18	1.09e-13	7.20e-10	7.73e-06	5.25e-03	9.95e-01
 2.26470e+22	5.82e-30	3.85e-23	6.58e-18	1.24e-13	7.96e-10	8.27e-06	5.43e-03	9.95e-01
 2.29201e+22	7.65e-30	4.87e-23	8.00e-18	1.45e-13	9.00e-10	8.99e-06	5.65e-03	9.94e-01
 2.31925e+22	9.78e-30	6.00e-23	9.52e-18	1.67e-13	1.00e-09	9.66e-06	5.87e-03	9.94e-01
 2.34137e+22	1.20e-29	7.13e-23	1.10e-17	1.88e-13	1.10e-09	1.03e-05	6.05e-03	9.94e-01
 2.36509e+22	1.53e-29	8.78e-23	1.31e-17	2.16e-13	1.22e-09	1.10e-05	6.27e-03	9.94e-01
 2.39073e+22	1.93e-29	1.07e-22	1.54e-17	2.47e-13	1.35e-09	1.18e-05	6.49e-03	9.93e-01
 2.41482e+22	2.42e-29	1.30e-22	1.81e-17	2.81e-13	1.49e-09	1.27e-05	6.72e-03	9.93e-01
 2.44209e+22	3.20e-29	1.65e-22	2.21e-17	3.30e-13	1.68e-09	1.38e-05	7.01e-03	9.93e-01
 2.46881e+22	4.06e-29	2.02e-22	2.61e-17	3.77e-13	1.86e-09	1.48e-05	7.26e-03	9.93e-01
 2.49025e+22	5.02e-29	2.41e-22	3.02e-17	4.24e-13	2.02e-09	1.57e-05	7.50e-03	9.92e-01
 2.51354e+22	6.36e-29	2.95e-22	3.58e-17	4.85e-13	2.24e-09	1.69e-05	7.77e-03	9.92e-01
 2.53891e+22	8.09e-29	3.61e-22	4.22e-17	5.54e-13	2.48e-09	1.81e-05	8.06e-03	9.92e-01
 2.56256e+22	1.02e-28	4.39e-22	4.96e-17	6.29e-13	2.72e-09	1.93e-05	8.35e-03	9.92e-01
 2.58535e+22	1.28e-28	5.33e-22	5.81e-17	7.14e-13	2.98e-09	2.07e-05	8.64e-03	9.91e-01
 2.60728e+22	1.58e-28	6.38e-22	6.74e-17	8.03e-13	3.26e-09	2.20e-05	8.93e-03	9.91e-01
 2.62840e+22	1.96e-28	7.62e-22	7.80e-17	9.01e-13	3.54e-09	2.34e-05	9.22e-03	9.91e-01
 2.65263e+22	2.57e-28	9.59e-22	9.40e-17	1.04e-12	3.94e-09	2.53e-05	9.61e-03	9.90e-01
 2.67710e+22	3.20e-28	1.15e-21	1.09e-16	1.18e-12	4.31e-09	2.70e-05	9.94e-03	9.90e-01
 2.70188e+22	4.25e-28	1.46e-21	1.33e-16	1.37e-12	4.81e-09	2.92e-05	1.04e-02	9.90e-01
 2.72676e+22	5.40e-28	1.79e-21	1.56e-16	1.56e-12	5.26e-09	3.13e-05	1.08e-02	9.89e-01
 2.74720e+22	6.67e-28	2.13e-21	1.80e-16	1.74e-12	5.69e-09	3.32e-05	1.11e-02	9.89e-01
 2.76917e+22	8.51e-28	2.61e-21	2.13e-16	1.98e-12	6.25e-09	3.55e-05	1.15e-02	9.88e-01
 2.79247e+22	1.08e-27	3.19e-21	2.50e-16	2.24e-12	6.82e-09	3.80e-05	1.20e-02	9.88e-01
 2.81320e+22	1.34e-27	3.81e-21	2.89e-16	2.51e-12	7.39e-09	4.03e-05	1.24e-02	9.88e-01
 2.83587e+22	1.75e-27	4.77e-21	3.46e-16	2.89e-12	8.15e-09	4.34e-05	1.29e-02	9.87e-01
 2.85919e+22	2.22e-27	5.82e-21	4.06e-16	3.26e-12	8.87e-09	4.64e-05	1.34e-02	9.87e-01
 2.87895e+22	2.73e-27	6.92e-21	4.67e-16	3.63e-12	9.57e-09	4.92e-05	1.38e-02	9.86e-01
 2.90026e+22	3.54e-27	8.56e-21	5.55e-16	4.15e-12	1.05e-08	5.28e-05	1.44e-02	9.86e-01
 2.92225e+22	4.45e-27	1.04e-20	6.46e-16	4.66e-12	1.14e-08	5.62e-05	1.49e-02	9.85e-01
 2.94165e+22	5.51e-27	1.24e-20	7.46e-16	5.20e-12	1.23e-08	5.96e-05	1.54e-02	9.85e-01
 2.96340e+22	7.21e-27	1.55e-20	8.92e-16	5.97e-12	1.35e-08	6.42e-05	1.60e-02	9.84e-01
 2.98576e+22	9.18e-27	1.89e-20	1.05e-15	6.74e-12	1.46e-08	6.85e-05	1.66e-02	9.83e-01
 3.00469e+22	1.13e-26	2.24e-20	1.20e-15	7.49e-12	1.57e-08	7.25e-05	1.71e-02	9.83e-01
 3.02506e+22	1.47e-26	2.79e-20	1.43e-15	8.55e-12	1.72e-08	7.79e-05	1.78e-02	9.82e-01
 3.04620e+22	1.83e-26	3.35e-20	1.66e-15	9.59e-12	1.86e-08	8.28e-05	1.84e-02	9.81e-01
 3.06520e+22	2.30e-26	4.05e-20	1.93e-15	1.07e-11	2.01e-08	8.80e-05	1.91e-02	9.81e-01
 3.08369e+22	2.86e-26	4.85e-20	2.23e-15	1.20e-11	2.16e-08	9.34e-05	1.97e-02	9.80e-01
 3.10466e+22	3.74e-26	6.06e-20	2.67e-15	1.38e-11	2.38e-08	1.01e-04	2.05e-02	9.79e-01
 3.12630e+22	4.80e-26	7.44e-20	3.14e-15	1.56e-11	2.58e-08	1.07e-04	2.13e-02	9.79e-01
 3.14522e+22	6.04e-26	9.01e-20	3.66e-15	1.75e-11	2.79e-08	1.14e-04	2.20e-02	9.78e-01
 3.16328e+22	7.53e-26	1.08e-19	4.24e-15	1.95e-11	3.01e-08	1.21e-04	2.28e-02	9.77e-01
 3.18386e+22	9.91e-26	1.36e-19	5.09e-15	2.25e-11	3.31e-08	1.31e-04	2.37e-02	9.76e-01
 3.20524e+22	1.27e-25	1.67e-19	6.01e-15	2.55e-11	3.59e-08	1.40e-04	2.46e-02	9.75e-01
 3.22446e+22	1.62e-25	2.04e-19	7.06e-15	2.88e-11	3.90e-08	1.49e-04	2.55e-02	9.74e-01
 3.24627e+22	2.21e-25	2.64e-19	8.68e-15	3.37e-11	4.34e-08	1.62e-04	2.67e-02	9.73e-01
 3.26767e+22	2.79e-25	3.20e-19	1.01e-14	3.80e-11	4.70e-08	1.73e-04	2.76e-02	9.72e-01
 3.28562e+22	3.55e-25	3.91e-19	1.19e-14	4.28e-11	5.09e-08	1.84e-04	2.85e-02	9.71e-01
 3.30313e+22	4.47e-25	4.74e-19	1.39e-14	4.81e-11	5.51e-08	1.96e-04	2.95e-02	9.70e-01
 3.32299e+22	5.97e-25	6.03e-19	1.69e-14	5.58e-11	6.08e-08	2.11e-04	3.07e-02	9.69e-01
 3.34190e+22	7.41e-25	7.21e-19	1.95e-14	6.23e-11	6.55e-08	2.24e-04	3.17e-02	9.68e-01
 3.35706e+22	9.21e-25	8.64e-19	2.25e-14	6.95e-11	7.04e-08	2.37e-04	3.27e-02	9.67e-01
 3.37085e+22	1.11e-24	1.01e-18	2.56e-14	7.65e-11	7.50e-08	2.49e-04	3.35e-02	9.66e-01
 3.38341e+22	1.33e-24	1.17e-18	2.88e-14	8.38e-11	7.96e-08	2.61e-04	3.44e-02	9.65e-01
 3.39777e+22	1.66e-24	1.41e-18	3.35e-14	9.40e-11	8.60e-08	2.77e-04	3.54e-02	9.64e-01
 3.41208e+22	2.01e-24	1.65e-18	3.80e-14	1.03e-10	9.17e-08	2.90e-04	3.64e-02	9.63e-01
 3.42411e+22	2.40e-24	1.92e-18	4.28e-14	1.13e-10	9.73e-08	3.04e-04	3.72e-02	9.62e-01
 3.43754e+22	2.99e-24	2.30e-18	4.97e-14	1.27e-10	1.05e-07	3.22e-04	3.84e-02	9.61e-01
 3.45075e+22	3.57e-24	2.67e-18	5.60e-14	1.39e-10	1.12e-07	3.37e-04	3.93e-02	9.60e-01
 3.46180e+22	4.25e-24	3.09e-18	6.30e-14	1.52e-10	1.18e-07	3.52e-04	4.02e-02	9.59e-01
 3.47264e+22	5.04e-24	3.57e-18	7.07e-14	1.66e-10	1.26e-07	3.68e-04	4.11e-02	9.59e-01
 3.48508e+22	6.29e-24	4.29e-18	8.22e-14	1.86e-10	1.35e-07	3.89e-04	4.23e-02	9.57e-01
 3.49773e+22	7.54e-24	5.00e-18	9.29e-14	2.04e-10	1.44e-07	4.07e-04	4.33e-02	9.56e-01
 3.51065e+22	9.53e-24	6.08e-18	1.09e-13	2.30e-10	1.56e-07	4.32e-04	4.46e-02	9.55e-01
 3.52292e+22	1.14e-23	7.05e-18	1.23e-13	2.52e-10	1.66e-07	4.51e-04	4.56e-02	9.54e-01
 3.53268e+22	1.34e-23	8.08e-18	1.37e-13	2.75e-10	1.76e-07	4.70e-04	4.66e-02	9.53e-01
 3.54366e+22	1.67e-23	9.74e-18	1.60e-13	3.08e-10	1.90e-07	4.97e-04	4.79e-02	9.52e-01
 3.55473e+22	1.98e-23	1.12e-17	1.79e-13	3.37e-10	2.01e-07	5.18e-04	4.89e-02	9.51e-01
 3.56590e+22	2.52e-23	1.37e-17	2.11e-13	3.82e-10	2.19e-07	5.49e-04	5.04e-02	9.49e-01
 3.57701e+22	3.03e-23	1.60e-17	2.39e-13	4.20e-10	2.33e-07	5.74e-04	5.15e-02	9.48e-01
 3.58804e+22	3.84e-23	1.96e-17	2.82e-13	4.76e-10	2.53e-07	6.08e-04	5.30e-02	9.46e-01
 3.59923e+22	4.69e-23	2.32e-17	3.23e-13	5.28e-10	2.71e-07	6.37e-04	5.43e-02	9.45e-01
 3.61061e+22	6.08e-23	2.89e-17	3.87e-13	6.05e-10	2.97e-07	6.78e-04	5.59e-02	9.43e-01
 3.62157e+22	7.32e-23	3.38e-17	4.39e-13	6.67e-10	3.17e-07	7.09e-04	5.72e-02	9.42e-01
 3.63199e+22	9.53e-23	4.22e-17	5.27e-13	7.65e-10	3.47e-07	7.53e-04	5.89e-02	9.40e-01
 3.64236e+22	1.15e-22	4.93e-17	5.99e-13	8.44e-10	3.70e-07	7.87e-04	6.02e-02	9.39e-01
 3.65264e+22	1.48e-22	6.14e-17	7.16e-13	9.67e-10	4.06e-07	8.35e-04	6.20e-02	9.37e-01
 3.66283e+22	1.81e-22	7.27e-17	8.22e-13	1.07e-09	4.35e-07	8.75e-04	6.34e-02	9.36e-01
 3.67292e+22	2.39e-22	9.19e-17	9.96e-13	1.24e-09	4.79e-07	9.31e-04	6.53e-02	9.34e-01
 3.68289e+22	2.90e-22	1.08e-16	1.14e-12	1.38e-09	5.13e-07	9.74e-04	6.67e-02	9.32e-01
 3.69271e+22	3.85e-22	1.38e-16	1.39e-12	1.60e-09	5.67e-07	1.04e-03	6.88e-02	9.30e-01
 3.70254e+22	4.71e-22	1.63e-16	1.60e-12	1.78e-09	6.09e-07	1.09e-03	7.04e-02	9.29e-01
 3.71238e+22	6.33e-22	2.10e-16	1.96e-12	2.08e-09	6.75e-07	1.16e-03	7.26e-02	9.26e-01
 3.72230e+22	7.85e-22	2.52e-16	2.28e-12	2.34e-09	7.29e-07	1.22e-03	7.43e-02	9.24e-01
 3.73232e+22	1.05e-21	3.24e-16	2.80e-12	2.73e-09	8.09e-07	1.30e-03	7.67e-02	9.22e-01
 3.74225e+22	1.32e-21	3.92e-16	3.28e-12	3.08e-09	8.76e-07	1.37e-03	7.85e-02	9.20e-01
 3.75208e+22	1.78e-21	5.06e-16	4.04e-12	3.61e-09	9.75e-07	1.46e-03	8.10e-02	9.17e-01
 3.76206e+22	2.26e-21	6.20e-16	4.78e-12	4.10e-09	1.06e-06	1.54e-03	8.31e-02	9.15e-01
 3.77223e+22	3.10e-21	8.12e-16	5.96e-12	4.86e-09	1.19e-06	1.65e-03	8.59e-02	9.12e-01
 3.78252e+22	3.97e-21	1.00e-15	7.10e-12	5.55e-09	1.30e-06	1.75e-03	8.81e-02	9.10e-01
 3.79296e+22	5.52e-21	1.33e-15	8.95e-12	6.62e-09	1.46e-06	1.88e-03	9.12e-02	9.07e-01
 3.80346e+22	7.09e-21	1.65e-15	1.07e-11	7.57e-09	1.60e-06	1.98e-03	9.36e-02	9.04e-01
 3.81252e+22	9.09e-21	2.04e-15	1.27e-11	8.65e-09	1.75e-06	2.10e-03	9.61e-02	9.02e-01
 3.82278e+22	1.26e-20	2.70e-15	1.61e-11	1.03e-08	1.97e-06	2.25e-03	9.94e-02	8.98e-01
 3.83302e+22	1.59e-20	3.29e-15	1.89e-11	1.17e-08	2.14e-06	2.38e-03	1.02e-01	8.96e-01
 3.84321e+22	2.18e-20	4.30e-15	2.36e-11	1.38e-08	2.39e-06	2.55e-03	1.05e-01	8.92e-01
 3.85362e+22	2.79e-20	5.32e-15	2.81e-11	1.58e-08	2.62e-06	2.69e-03	1.08e-01	8.89e-01
 3.86431e+22	3.87e-20	7.04e-15	3.54e-11	1.89e-08	2.95e-06	2.90e-03	1.12e-01	8.85e-01
 3.87509e+22	4.90e-20	8.61e-15	4.19e-11	2.15e-08	3.22e-06	3.06e-03	1.14e-01	8.82e-01
 3.88601e+22	6.75e-20	1.13e-14	5.25e-11	2.56e-08	3.62e-06	3.29e-03	1.18e-01	8.78e-01
 3.89720e+22	8.60e-20	1.39e-14	6.24e-11	2.92e-08	3.96e-06	3.47e-03	1.21e-01	8.75e-01
 3.90876e+22	1.18e-19	1.83e-14	7.83e-11	3.47e-08	4.46e-06	3.74e-03	1.26e-01	8.71e-01
 3.92066e+22	1.52e-19	2.27e-14	9.36e-11	3.98e-08	4.90e-06	3.96e-03	1.29e-01	8.67e-01
 3.93139e+22	1.95e-19	2.81e-14	1.12e-10	4.56e-08	5.37e-06	4.20e-03	1.32e-01	8.63e-01
 3.94368e+22	2.67e-19	3.69e-14	1.40e-10	5.43e-08	6.05e-06	4.52e-03	1.37e-01	8.59e-01
 3.95611e+22	3.40e-19	4.54e-14	1.66e-10	6.20e-08	6.63e-06	4.78e-03	1.41e-01	8.55e-01
 3.96871e+22	4.63e-19	5.91e-14	2.07e-10	7.35e-08	7.45e-06	5.14e-03	1.45e-01	8.50e-01
 3.98095e+22	5.73e-19	7.10e-14	2.41e-10	8.27e-08	8.08e-06	5.41e-03	1.49e-01	8.46e-01
 3.99273e+22	7.58e-19	9.03e-14	2.95e-10	9.66e-08	9.00e-06	5.79e-03	1.53e-01	8.41e-01
 4.00473e+22	9.36e-19	1.08e-13	3.43e-10	1.09e-07	9.76e-06	6.09e-03	1.57e-01	8.37e-01
 4.01703e+22	1.25e-18	1.38e-13	4.21e-10	1.27e-07	1.09e-05	6.52e-03	1.62e-01	8.32e-01
 4.02950e+22	1.53e-18	1.65e-13	4.87e-10	1.43e-07	1.18e-05	6.85e-03	1.65e-01	8.28e-01
 4.04219e+22	2.03e-18	2.10e-13	5.96e-10	1.67e-07	1.32e-05	7.34e-03	1.70e-01	8.22e-01
 4.05466e+22	2.44e-18	2.47e-13	6.83e-10	1.86e-07	1.42e-05	7.68e-03	1.74e-01	8.18e-01
 4.06684e+22	3.17e-18	3.09e-13	8.24e-10	2.15e-07	1.57e-05	8.19e-03	1.79e-01	8.13e-01
 4.07927e+22	3.84e-18	3.65e-13	9.46e-10	2.40e-07	1.69e-05	8.59e-03	1.83e-01	8.09e-01
 4.09203e+22	4.99e-18	4.57e-13	1.14e-09	2.78e-07	1.88e-05	9.16e-03	1.88e-01	8.03e-01
 4.10502e+22	6.06e-18	5.40e-13	1.31e-09	3.10e-07	2.03e-05	9.62e-03	1.92e-01	7.98e-01
 4.11834e+22	7.88e-18	6.77e-13	1.59e-09	3.60e-07	2.25e-05	1.03e-02	1.97e-01	7.92e-01
 4.13189e+22	9.58e-18	8.01e-13	1.83e-09	4.02e-07	2.44e-05	1.08e-02	2.02e-01	7.88e-01
 4.14574e+22	1.25e-17	1.01e-12	2.21e-09	4.67e-07	2.71e-05	1.15e-02	2.07e-01	7.81e-01
 4.15986e+22	1.52e-17	1.19e-12	2.55e-09	5.22e-07	2.93e-05	1.21e-02	2.12e-01	7.76e-01
 4.17227e+22	1.84e-17	1.41e-12	2.94e-09	5.84e-07	3.17e-05	1.27e-02	2.16e-01	7.71e-01
 4.18635e+22	2.37e-17	1.75e-12	3.52e-09	6.74e-07	3.51e-05	1.35e-02	2.22e-01	7.64e-01
 4.20040e+22	2.82e-17	2.03e-12	4.00e-09	7.45e-07	3.77e-05	1.42e-02	2.27e-01	7.59e-01
 4.21444e+22	3.63e-17	2.53e-12	4.80e-09	8.60e-07	4.17e-05	1.51e-02	2.33e-01	7.52e-01
 4.22869e+22	4.32e-17	2.94e-12	5.44e-09	9.52e-07	4.49e-05	1.58e-02	2.37e-01	7.47e-01
 4.24322e+22	5.50e-17	3.62e-12	6.49e-09	1.09e-06	4.95e-05	1.68e-02	2.43e-01	7.40e-01
 4.25821e+22	6.68e-17	4.28e-12	7.47e-09	1.22e-06	5.36e-05	1.76e-02	2.48e-01	7.34e-01
 4.27380e+22	8.51e-17	5.27e-12	8.90e-09	1.41e-06	5.92e-05	1.87e-02	2.55e-01	7.26e-01
 4.28995e+22	1.05e-16	6.30e-12	1.03e-08	1.58e-06	6.45e-05	1.97e-02	2.60e-01	7.20e-01
 4.30680e+22	1.34e-16	7.82e-12	1.24e-08	1.83e-06	7.15e-05	2.11e-02	2.67e-01	7.12e-01
 4.32416e+22	1.66e-16	9.40e-12	1.45e-08	2.07e-06	7.81e-05	2.22e-02	2.73e-01	7.05e-01
 4.34218e+22	2.16e-16	1.18e-11	1.75e-08	2.41e-06	8.70e-05	2.38e-02	2.80e-01	6.96e-01
 4.36087e+22	2.70e-16	1.43e-11	2.06e-08	2.74e-06	9.54e-05	2.52e-02	2.87e-01	6.88e-01
 4.37783e+22	3.34e-16	1.72e-11	2.41e-08	3.10e-06	1.04e-04	2.66e-02	2.93e-01	6.80e-01
 4.39730e+22	4.39e-16	2.17e-11	2.93e-08	3.63e-06	1.17e-04	2.85e-02	3.01e-01	6.70e-01
 4.41715e+22	5.50e-16	2.64e-11	3.46e-08	4.14e-06	1.28e-04	3.02e-02	3.08e-01	6.62e-01
 4.43749e+22	7.28e-16	3.36e-11	4.24e-08	4.87e-06	1.44e-04	3.24e-02	3.16e-01	6.51e-01
 4.45810e+22	9.15e-16	4.10e-11	5.01e-08	5.56e-06	1.58e-04	3.43e-02	3.23e-01	6.42e-01
 4.47906e+22	1.22e-15	5.27e-11	6.18e-08	6.58e-06	1.79e-04	3.69e-02	3.32e-01	6.31e-01
 4.50024e+22	1.54e-15	6.43e-11	7.31e-08	7.52e-06	1.97e-04	3.91e-02	3.39e-01	6.21e-01
 4.52171e+22	2.08e-15	8.34e-11	9.11e-08	8.96e-06	2.23e-04	4.22e-02	3.49e-01	6.09e-01
 4.54330e+22	2.62e-15	1.02e-10	1.08e-07	1.02e-05	2.45e-04	4.47e-02	3.56e-01	5.99e-01
 4.56136e+22	3.22e-15	1.22e-10	1.25e-07	1.16e-05	2.67e-04	4.71e-02	3.63e-01	5.90e-01
 4.58113e+22	4.28e-15	1.56e-10	1.54e-07	1.37e-05	3.01e-04	5.05e-02	3.72e-01	5.78e-01
 4.60063e+22	5.24e-15	1.85e-10	1.79e-07	1.54e-05	3.27e-04	5.31e-02	3.78e-01	5.69e-01
 4.61978e+22	6.87e-15	2.34e-10	2.18e-07	1.80e-05	3.67e-04	5.68e-02	3.87e-01	5.56e-01
 4.63929e+22	8.48e-15	2.81e-10	2.55e-07	2.04e-05	4.01e-04	5.99e-02	3.93e-01	5.46e-01
 4.65927e+22	1.13e-14	3.60e-10	3.14e-07	2.42e-05	4.52e-04	6.43e-02	4.02e-01	5.33e-01
 4.67944e+22	1.40e-14	4.34e-10	3.68e-07	2.75e-05	4.95e-04	6.78e-02	4.09e-01	5.23e-01
 4.69987e+22	1.87e-14	5.59e-10	4.57e-07	3.27e-05	5.61e-04	7.29e-02	4.18e-01	5.08e-01
 4.72058e+22	2.33e-14	6.77e-10	5.38e-07	3.73e-05	6.17e-04	7.70e-02	4.25e-01	4.97e-01
 4.74165e+22	3.13e-14	8.76e-10	6.70e-07	4.46e-05	7.01e-04	8.29e-02	4.34e-01	4.82e-01
 4.76318e+22	3.96e-14	1.08e-09	7.99e-07	5.15e-05	7.77e-04	8.79e-02	4.41e-01	4.70e-01
 4.78533e+22	5.37e-14	1.40e-09	1.00e-06	6.22e-05	8.89e-04	9.49e-02	4.50e-01	4.54e-01
 4.80789e+22	6.84e-14	1.73e-09	1.21e-06	7.23e-05	9.90e-04	1.01e-01	4.57e-01	4.41e-01
 4.83025e+22	9.18e-14	2.24e-09	1.51e-06	8.70e-05	1.13e-03	1.09e-01	4.66e-01	4.24e-01
 4.85149e+22	1.13e-13	2.70e-09	1.77e-06	9.92e-05	1.24e-03	1.15e-01	4.71e-01	4.13e-01
 4.87205e+22	1.48e-13	3.42e-09	2.18e-06	1.18e-04	1.41e-03	1.23e-01	4.79e-01	3.97e-01
 4.89300e+22	1.83e-13	4.13e-09	2.57e-06	1.36e-04	1.56e-03	1.30e-01	4.84e-01	3.85e-01
 4.91352e+22	2.35e-13	5.16e-09	3.12e-06	1.60e-04	1.76e-03	1.39e-01	4.90e-01	3.69e-01
 4.93447e+22	2.91e-13	6.23e-09	3.70e-06	1.85e-04	1.95e-03	1.47e-01	4.95e-01	3.56e-01
 4.95489e+22	3.66e-13	7.64e-09	4.43e-06	2.16e-04	2.19e-03	1.56e-01	5.00e-01	3.42e-01
 4.97571e+22	4.52e-13	9.22e-09	5.25e-06	2.50e-04	2.44e-03	1.65e-01	5.04e-01	3.29e-01
 4.99635e+22	5.58e-13	1.12e-08	6.23e-06	2.91e-04	2.72e-03	1.75e-01	5.07e-01	3.15e-01
 5.01708e+22	6.82e-13	1.34e-08	7.35e-06	3.36e-04	3.03e-03	1.85e-01	5.10e-01	3.02e-01
 5.03759e+22	8.27e-13	1.59e-08	8.63e-06	3.87e-04	3.36e-03	1.95e-01	5.12e-01	2.89e-01
 5.05805e+22	9.96e-13	1.89e-08	1.01e-05	4.45e-04	3.73e-03	2.06e-01	5.14e-01	2.76e-01
 5.07856e+22	1.19e-12	2.23e-08	1.18e-05	5.11e-04	4.13e-03	2.17e-01	5.15e-01	2.63e-01
 5.09915e+22	1.42e-12	2.62e-08	1.37e-05	5.85e-04	4.58e-03	2.28e-01	5.16e-01	2.51e-01
 5.11988e+22	1.69e-12	3.06e-08	1.58e-05	6.69e-04	5.06e-03	2.39e-01	5.16e-01	2.39e-01
 5.14080e+22	1.99e-12	3.57e-08	1.83e-05	7.64e-04	5.59e-03	2.51e-01	5.15e-01	2.27e-01
 5.16197e+22	2.33e-12	4.15e-08	2.11e-05	8.71e-04	6.18e-03	2.63e-01	5.14e-01	2.16e-01
 5.18325e+22	2.72e-12	4.80e-08	2.43e-05	9.90e-04	6.81e-03	2.76e-01	5.12e-01	2.05e-01
 5.20488e+22	3.17e-12	5.54e-08	2.79e-05	1.13e-03	7.51e-03	2.89e-01	5.09e-01	1.94e-01
 5.22676e+22	3.67e-12	6.37e-08	3.19e-05	1.28e-03	8.26e-03	3.02e-01	5.06e-01	1.83e-01
 5.24908e+22	4.25e-12	7.33e-08	3.66e-05	1.45e-03	9.12e-03	3.15e-01	5.02e-01	1.72e-01
 5.26985e+22	4.80e-12	8.19e-08	4.08e-05	1.61e-03	9.86e-03	3.26e-01	4.98e-01	1.64e-01
 5.29127e+22	5.55e-12	9.41e-08	4.68e-05	1.83e-03	1.09e-02	3.41e-01	4.92e-01	1.54e-01
 5.31304e+22	6.21e-12	1.05e-07	5.21e-05	2.02e-03	1.18e-02	3.53e-01	4.88e-01	1.46e-01
 5.33527e+22	7.13e-12	1.20e-07	5.98e-05	2.30e-03	1.30e-02	3.68e-01	4.81e-01	1.36e-01
 5.35760e+22	7.95e-12	1.34e-07	6.63e-05	2.53e-03	1.40e-02	3.79e-01	4.75e-01	1.29e-01
 5.38005e+22	9.07e-12	1.52e-07	7.55e-05	2.87e-03	1.54e-02	3.94e-01	4.67e-01	1.20e-01
 5.40263e+22	1.01e-11	1.68e-07	8.35e-05	3.15e-03	1.66e-02	4.06e-01	4.61e-01	1.14e-01
 5.42539e+22	1.14e-11	1.91e-07	9.49e-05	3.54e-03	1.82e-02	4.21e-01	4.52e-01	1.06e-01
 5.44835e+22	1.26e-11	2.11e-07	1.05e-04	3.88e-03	1.95e-02	4.32e-01	4.45e-01	9.96e-02
 5.47156e+22	1.43e-11	2.38e-07	1.19e-04	4.36e-03	2.13e-02	4.47e-01	4.35e-01	9.22e-02
 5.49506e+22	1.58e-11	2.63e-07	1.31e-04	4.77e-03	2.29e-02	4.58e-01	4.27e-01	8.68e-02
 5.51895e+22	1.78e-11	2.97e-07	1.48e-04	5.34e-03	2.50e-02	4.73e-01	4.17e-01	8.01e-02
 5.54324e+22	1.97e-11	3.28e-07	1.64e-04	5.84e-03	2.68e-02	4.84e-01	4.08e-01	7.51e-02
 5.56804e+22	2.22e-11	3.70e-07	1.86e-04	6.54e-03	2.92e-02	4.98e-01	3.97e-01	6.90e-02
 5.59338e+22	2.46e-11	4.10e-07	2.05e-04	7.15e-03	3.13e-02	5.09e-01	3.88e-01	6.44e-02
 5.61941e+22	2.78e-11	4.65e-07	2.33e-04	8.02e-03	3.42e-02	5.23e-01	3.75e-01	5.88e-02
 5.64605e+22	3.10e-11	5.16e-07	2.59e-04	8.77e-03	3.66e-02	5.34e-01	3.66e-01	5.46e-02
 5.66851e+22	3.39e-11	5.65e-07	2.84e-04	9.49e-03	3.88e-02	5.43e-01	3.57e-01	5.12e-02
 5.69272e+22	3.80e-11	6.34e-07	3.19e-04	1.05e-02	4.19e-02	5.55e-01	3.45e-01	4.69e-02
 5.71729e+22	4.18e-11	6.96e-07	3.50e-04	1.13e-02	4.45e-02	5.64e-01	3.36e-01	4.38e-02
 5.73859e+22	4.55e-11	7.59e-07	3.82e-04	1.22e-02	4.70e-02	5.72e-01	3.27e-01	4.10e-02
 5.76255e+22	5.07e-11	8.47e-07	4.28e-04	1.34e-02	5.05e-02	5.82e-01	3.16e-01	3.75e-02
 5.78635e+22	5.57e-11	9.28e-07	4.66e-04	1.44e-02	5.32e-02	5.89e-01	3.08e-01	3.51e-02
 5.80995e+22	6.20e-11	1.03e-06	5.21e-04	1.57e-02	5.69e-02	5.98e-01	2.96e-01	3.22e-02
 5.83389e+22	6.83e-11	1.13e-06	5.69e-04	1.69e-02	5.99e-02	6.05e-01	2.88e-01	3.01e-02
 5.85829e+22	7.64e-11	1.27e-06	6.37e-04	1.85e-02	6.41e-02	6.13e-01	2.77e-01	2.74e-02
 5.88310e+22	8.47e-11	1.40e-06	6.99e-04	1.98e-02	6.73e-02	6.18e-01	2.68e-01	2.55e-02
 5.90847e+22	9.49e-11	1.57e-06	7.85e-04	2.17e-02	7.20e-02	6.26e-01	2.57e-01	2.31e-02
 5.93422e+22	1.06e-10	1.74e-06	8.64e-04	2.33e-02	7.57e-02	6.30e-01	2.48e-01	2.15e-02
 5.96048e+22	1.19e-10	1.96e-06	9.74e-04	2.55e-02	8.09e-02	6.36e-01	2.37e-01	1.94e-02
 5.98732e+22	1.34e-10	2.18e-06	1.08e-03	2.74e-02	8.50e-02	6.40e-01	2.28e-01	1.79e-02
 6.01493e+22	1.52e-10	2.48e-06	1.22e-03	3.01e-02	9.09e-02	6.45e-01	2.17e-01	1.60e-02
 6.04320e+22	1.71e-10	2.77e-06	1.35e-03	3.24e-02	9.56e-02	6.48e-01	2.08e-01	1.47e-02
 6.07235e+22	1.98e-10	3.19e-06	1.55e-03	3.57e-02	1.02e-01	6.51e-01	1.97e-01	1.31e-02
 6.10184e+22	2.25e-10	3.58e-06	1.72e-03	3.84e-02	1.07e-01	6.53e-01	1.88e-01	1.19e-02
 6.13175e+22	2.60e-10	4.13e-06	1.97e-03	4.22e-02	1.14e-01	6.54e-01	1.77e-01	1.06e-02
 6.16200e+22	2.97e-10	4.65e-06	2.19e-03	4.55e-02	1.20e-01	6.54e-01	1.69e-01	9.63e-03
 6.19268e+22	3.47e-10	5.39e-06	2.52e-03	5.00e-02	1.28e-01	6.53e-01	1.58e-01	8.48e-03
 6.22263e+22	3.95e-10	6.06e-06	2.79e-03	5.35e-02	1.33e-01	6.52e-01	1.51e-01	7.75e-03
 6.25163e+22	4.57e-10	6.95e-06	3.17e-03	5.83e-02	1.41e-01	6.49e-01	1.42e-01	6.85e-03
 6.28162e+22	5.25e-10	7.88e-06	3.54e-03	6.26e-02	1.47e-01	6.46e-01	1.35e-01	6.21e-03
 6.30725e+22	5.91e-10	8.77e-06	3.89e-03	6.66e-02	1.52e-01	6.43e-01	1.28e-01	5.68e-03
 6.33492e+22	6.84e-10	1.00e-05	4.40e-03	7.21e-02	1.60e-01	6.38e-01	1.20e-01	5.04e-03
 6.36260e+22	7.70e-10	1.12e-05	4.84e-03	7.66e-02	1.66e-01	6.34e-01	1.15e-01	4.59e-03
 6.39029e+22	8.97e-10	1.28e-05	5.44e-03	8.25e-02	1.73e-01	6.27e-01	1.08e-01	4.09e-03
 6.41912e+22	1.02e-09	1.44e-05	6.05e-03	8.81e-02	1.80e-01	6.21e-01	1.01e-01	3.67e-03
 6.44499e+22	1.16e-09	1.62e-05	6.67e-03	9.36e-02	1.86e-01	6.14e-01	9.59e-02	3.33e-03
 6.47418e+22	1.37e-09	1.87e-05	7.54e-03	1.01e-01	1.94e-01	6.05e-01	8.94e-02	2.93e-03
 6.50472e+22	1.58e-09	2.12e-05	8.41e-03	1.08e-01	2.01e-01	5.96e-01	8.36e-02	2.61e-03
 6.53231e+22	1.81e-09	2.39e-05	9.32e-03	1.15e-01	2.08e-01	5.88e-01	7.85e-02	2.34e-03
 6.56347e+22	2.17e-09	2.79e-05	1.06e-02	1.24e-01	2.16e-01	5.75e-01	7.25e-02	2.03e-03
 6.59558e+22	2.51e-09	3.18e-05	1.18e-02	1.32e-01	2.23e-01	5.64e-01	6.73e-02	1.79e-03
 6.62413e+22	2.91e-09	3.60e-05	1.31e-02	1.40e-01	2.29e-01	5.53e-01	6.28e-02	1.59e-03
 6.65645e+22	3.50e-09	4.23e-05	1.49e-02	1.51e-01	2.37e-01	5.38e-01	5.75e-02	1.37e-03
 6.68994e+22	4.11e-09	4.85e-05	1.67e-02	1.61e-01	2.44e-01	5.24e-01	5.29e-02	1.19e-03
 6.71999e+22	4.79e-09	5.53e-05	1.86e-02	1.71e-01	2.50e-01	5.11e-01	4.89e-02	1.05e-03
 6.75405e+22	5.85e-09	6.54e-05	2.12e-02	1.84e-01	2.57e-01	4.92e-01	4.41e-02	8.87e-04
 6.78918e+22	6.92e-09	7.53e-05	2.37e-02	1.95e-01	2.63e-01	4.77e-01	4.03e-02	7.66e-04
 6.82570e+22	8.56e-09	8.99e-05	2.73e-02	2.10e-01	2.70e-01	4.56e-01	3.59e-02	6.36e-04
 6.86263e+22	1.02e-08	1.04e-04	3.05e-02	2.23e-01	2.75e-01	4.39e-01	3.26e-02	5.44e-04
 6.89515e+22	1.21e-08	1.20e-04	3.39e-02	2.35e-01	2.79e-01	4.21e-01	2.95e-02	4.66e-04
 6.93247e+22	1.50e-08	1.43e-04	3.89e-02	2.52e-01	2.84e-01	3.99e-01	2.59e-02	3.80e-04
 6.97020e+22	1.79e-08	1.65e-04	4.33e-02	2.65e-01	2.87e-01	3.80e-01	2.33e-02	3.22e-04
 7.00844e+22	2.25e-08	1.98e-04	4.94e-02	2.82e-01	2.90e-01	3.57e-01	2.03e-02	2.60e-04
 7.04727e+22	2.70e-08	2.30e-04	5.50e-02	2.97e-01	2.92e-01	3.38e-01	1.80e-02	2.17e-04
 7.08687e+22	3.42e-08	2.77e-04	6.29e-02	3.15e-01	2.93e-01	3.14e-01	1.55e-02	1.72e-04
 7.12686e+22	4.12e-08	3.21e-04	6.97e-02	3.29e-01	2.92e-01	2.95e-01	1.36e-02	1.43e-04
 7.16736e+22	5.24e-08	3.87e-04	7.94e-02	3.47e-01	2.90e-01	2.71e-01	1.15e-02	1.11e-04
 7.20824e+22	6.34e-08	4.49e-04	8.77e-02	3.61e-01	2.88e-01	2.53e-01	1.01e-02	9.10e-05
 7.24961e+22	8.11e-08	5.42e-04	9.94e-02	3.78e-01	2.84e-01	2.30e-01	8.39e-03	6.99e-05
 7.29155e+22	9.86e-08	6.29e-04	1.10e-01	3.91e-01	2.79e-01	2.12e-01	7.23e-03	5.63e-05
 7.32787e+22	1.19e-07	7.23e-04	1.20e-01	4.02e-01	2.74e-01	1.96e-01	6.27e-03	4.58e-05
 7.36871e+22	1.51e-07	8.66e-04	1.34e-01	4.17e-01	2.67e-01	1.77e-01	5.17e-03	3.48e-05
 7.40774e+22	1.78e-07	9.80e-04	1.44e-01	4.26e-01	2.61e-01	1.64e-01	4.52e-03	2.87e-05
 7.44441e+22	2.21e-07	1.15e-03	1.59e-01	4.36e-01	2.53e-01	1.48e-01	3.77e-03	2.22e-05
 7.48102e+22	2.61e-07	1.30e-03	1.71e-01	4.43e-01	2.46e-01	1.36e-01	3.27e-03	1.82e-05
 7.51756e+22	3.21e-07	1.50e-03	1.86e-01	4.51e-01	2.36e-01	1.22e-01	2.73e-03	1.41e-05
 7.55549e+22	3.85e-07	1.72e-03	2.00e-01	4.57e-01	2.28e-01	1.11e-01	2.31e-03	1.12e-05
 7.58958e+22	4.57e-07	1.94e-03	2.14e-01	4.62e-01	2.19e-01	1.01e-01	1.98e-03	9.00e-06
 7.62825e+22	5.68e-07	2.26e-03	2.33e-01	4.66e-01	2.08e-01	8.92e-02	1.61e-03	6.76e-06
 7.66750e+22	6.79e-07	2.56e-03	2.49e-01	4.68e-01	1.99e-01	8.03e-02	1.35e-03	5.31e-06
 7.70229e+22	8.07e-07	2.89e-03	2.64e-01	4.69e-01	1.90e-01	7.24e-02	1.14e-03	4.21e-06
 7.74229e+22	1.01e-06	3.37e-03	2.85e-01	4.69e-01	1.78e-01	6.30e-02	9.10e-04	3.09e-06
 7.77936e+22	1.17e-06	3.73e-03	3.00e-01	4.68e-01	1.70e-01	5.72e-02	7.79e-04	2.50e-06
 7.81261e+22	1.39e-06	4.21e-03	3.18e-01	4.66e-01	1.61e-01	5.09e-02	6.45e-04	1.93e-06
 7.84665e+22	1.62e-06	4.67e-03	3.33e-01	4.63e-01	1.52e-01	4.59e-02	5.47e-04	1.55e-06
 7.87677e+22	1.87e-06	5.14e-03	3.48e-01	4.60e-01	1.45e-01	4.16e-02	4.68e-04	1.25e-06
 7.91101e+22	2.24e-06	5.80e-03	3.67e-01	4.55e-01	1.36e-01	3.66e-02	3.83e-04	9.53e-07
 7.94586e+22	2.60e-06	6.41e-03	3.83e-01	4.49e-01	1.28e-01	3.28e-02	3.22e-04	7.54e-07
 7.97656e+22	3.00e-06	7.05e-03	3.99e-01	4.44e-01	1.21e-01	2.95e-02	2.72e-04	6.01e-07
 8.01154e+22	3.59e-06	7.94e-03	4.18e-01	4.36e-01	1.12e-01	2.57e-02	2.20e-04	4.51e-07
 8.04708e+22	4.17e-06	8.76e-03	4.35e-01	4.28e-01	1.05e-01	2.29e-02	1.83e-04	3.53e-07
 8.07847e+22	4.81e-06	9.61e-03	4.50e-01	4.21e-01	9.88e-02	2.04e-02	1.53e-04	2.79e-07
 8.11439e+22	5.76e-06	1.08e-02	4.70e-01	4.10e-01	9.09e-02	1.76e-02	1.22e-04	2.05e-07
 8.15085e+22	6.68e-06	1.19e-02	4.87e-01	4.01e-01	8.47e-02	1.56e-02	1.01e-04	1.59e-07
 8.18312e+22	7.71e-06	1.31e-02	5.03e-01	3.92e-01	7.89e-02	1.38e-02	8.36e-05	0.00e+00
 8.22019e+22	9.25e-06	1.47e-02	5.22e-01	3.79e-01	7.20e-02	1.18e-02	6.56e-05	0.00e+00
 8.25786e+22	1.07e-05	1.62e-02	5.39e-01	3.68e-01	6.65e-02	1.03e-02	5.35e-05	0.00e+00
 8.29631e+22	1.29e-05	1.81e-02	5.58e-01	3.55e-01	6.04e-02	8.78e-03	4.16e-05	0.00e+00
 8.33562e+22	1.51e-05	2.00e-02	5.74e-01	3.43e-01	5.52e-02	7.58e-03	3.33e-05	0.00e+00
 8.37011e+22	1.75e-05	2.20e-02	5.89e-01	3.31e-01	5.08e-02	6.62e-03	2.70e-05	0.00e+00
 8.40900e+22	2.09e-05	2.46e-02	6.07e-01	3.17e-01	4.57e-02	5.56e-03	2.07e-05	0.00e+00
 8.44931e+22	2.45e-05	2.71e-02	6.22e-01	3.04e-01	4.16e-02	4.78e-03	1.64e-05	0.00e+00
 8.48596e+22	2.84e-05	2.98e-02	6.36e-01	2.92e-01	3.78e-02	4.11e-03	1.31e-05	0.00e+00
 8.52810e+22	3.45e-05	3.36e-02	6.53e-01	2.76e-01	3.35e-02	3.38e-03	9.69e-06	0.00e+00
 8.57090e+22	4.05e-05	3.71e-02	6.67e-01	2.63e-01	3.02e-02	2.87e-03	7.56e-06	0.00e+00
 8.60306e+22	4.54e-05	3.98e-02	6.76e-01	2.54e-01	2.80e-02	2.55e-03	6.32e-06	0.00e+00
 8.63337e+22	5.20e-05	4.32e-02	6.86e-01	2.43e-01	2.56e-02	2.21e-03	5.09e-06	0.00e+00
 8.66471e+22	5.84e-05	4.64e-02	6.94e-01	2.34e-01	2.36e-02	1.96e-03	4.22e-06	0.00e+00
 8.69736e+22	6.75e-05	5.07e-02	7.04e-01	2.22e-01	2.14e-02	1.67e-03	3.33e-06	0.00e+00
 8.73023e+22	7.60e-05	5.45e-02	7.11e-01	2.13e-01	1.96e-02	1.47e-03	2.74e-06	0.00e+00
 8.76338e+22	8.80e-05	5.96e-02	7.20e-01	2.02e-01	1.77e-02	1.25e-03	2.14e-06	0.00e+00
 8.79682e+22	9.92e-05	6.40e-02	7.26e-01	1.93e-01	1.62e-02	1.09e-03	1.75e-06	0.00e+00
 8.83063e+22	1.15e-04	7.01e-02	7.33e-01	1.82e-01	1.45e-02	9.24e-04	1.35e-06	0.00e+00
 8.86480e+22	1.30e-04	7.53e-02	7.38e-01	1.73e-01	1.33e-02	8.05e-04	1.10e-06	0.00e+00
 8.89941e+22	1.51e-04	8.25e-02	7.43e-01	1.62e-01	1.18e-02	6.75e-04	8.44e-07	0.00e+00
 8.93460e+22	1.71e-04	8.87e-02	7.46e-01	1.54e-01	1.07e-02	5.85e-04	6.78e-07	0.00e+00
 8.97054e+22	1.99e-04	9.72e-02	7.49e-01	1.43e-01	9.51e-03	4.86e-04	5.14e-07	0.00e+00
 9.00728e+22	2.26e-04	1.05e-01	7.51e-01	1.35e-01	8.57e-03	4.16e-04	4.06e-07	0.00e+00
 9.04508e+22	2.66e-04	1.15e-01	7.51e-01	1.25e-01	7.52e-03	3.41e-04	3.01e-07	0.00e+00
 9.08354e+22	3.03e-04	1.25e-01	7.51e-01	1.17e-01	6.74e-03	2.89e-04	2.35e-07	0.00e+00
 9.12285e+22	3.59e-04	1.37e-01	7.49e-01	1.07e-01	5.85e-03	2.34e-04	1.71e-07	0.00e+00
 9.16254e+22	4.09e-04	1.48e-01	7.46e-01	1.00e-01	5.22e-03	1.97e-04	1.33e-07	0.00e+00
 9.20272e+22	4.83e-04	1.63e-01	7.41e-01	9.12e-02	4.51e-03	1.58e-04	0.00e+00	0.00e+00
 9.24123e+22	5.45e-04	1.74e-01	7.36e-01	8.52e-02	4.05e-03	1.35e-04	0.00e+00	0.00e+00
