#depth	Si	Si+	Si+2	Si+3	Si+4	Si+5	Si+6	Si+7	Si+8	Si+9	Si+10	Si+11	Si+12	Si+13	Si+14
 1.54284e+22	0.00e+00	0.00e+00	0.00e+00	0.00e+00	0.00e+00	2.22e-24	1.35e-20	2.69e-17	2.35e-14	1.01e-11	2.75e-09	7.47e-07	4.78e-04	3.93e-02	9.60e-01
 3.47359e+22	0.00e+00	0.00e+00	0.00e+00	0.00e+00	6.56e-27	8.72e-23	3.50e-19	4.64e-16	2.68e-13	7.58e-11	1.38e-08	2.49e-06	1.06e-03	5.80e-02	9.41e-01
 4.09908e+22	0.00e+00	0.00e+00	0.00e+00	1.21e-30	7.58e-26	7.87e-22	2.47e-18	2.55e-15	1.14e-12	2.53e-10	3.61e-08	5.10e-06	1.70e-03	7.29e-02	9.25e-01
 4.52675e+22	0.00e+00	0.00e+00	0.00e+00	1.03e-29	5.32e-25	4.54e-21	1.17e-17	9.90e-15	3.64e-12	6.59e-10	7.75e-08	9.02e-06	2.48e-03	8.73e-02	9.10e-01
 4.76434e+22	0.00e+00	0.00e+00	0.00e+00	1.78e-29	8.72e-25	7.08e-21	1.74e-17	1.40e-14	4.88e-12	8.40e-10	9.41e-08	1.04e-05	2.73e-03	9.13e-02	9.06e-01
 4.84155e+22	0.00e+00	0.00e+00	0.00e+00	2.48e-29	1.18e-24	9.30e-21	2.21e-17	1.73e-14	5.84e-12	9.75e-10	1.06e-07	1.14e-05	2.89e-03	9.39e-02	9.03e-01
 4.90985e+22	0.00e+00	0.00e+00	0.00e+00	3.83e-29	1.75e-24	1.32e-20	3.03e-17	2.27e-14	7.38e-12	1.18e-09	1.24e-07	1.28e-05	3.12e-03	9.73e-02	9.00e-01
 4.98034e+22	0.00e+00	0.00e+00	0.00e+00	5.55e-29	2.46e-24	1.80e-20	3.97e-17	2.87e-14	9.02e-12	1.40e-09	1.41e-07	1.41e-05	3.33e-03	1.00e-01	8.96e-01
 5.04368e+22	0.00e+00	0.00e+00	0.00e+00	7.80e-29	3.35e-24	2.37e-20	5.08e-17	3.57e-14	1.08e-11	1.63e-09	1.60e-07	1.54e-05	3.53e-03	1.03e-01	8.93e-01
 5.11601e+22	0.00e+00	0.00e+00	4.17e-33	1.20e-28	4.94e-24	3.36e-20	6.92e-17	4.67e-14	1.36e-11	1.97e-09	1.86e-07	1.73e-05	3.80e-03	1.07e-01	8.89e-01
 5.19261e+22	0.00e+00	0.00e+00	6.52e-33	1.80e-28	7.18e-24	4.71e-20	9.34e-17	6.06e-14	1.70e-11	2.37e-09	2.15e-07	1.93e-05	4.09e-03	1.10e-01	8.85e-01
 5.25873e+22	0.00e+00	0.00e+00	9.67e-33	2.59e-28	1.00e-23	6.35e-20	1.22e-16	7.63e-14	2.08e-11	2.79e-09	2.45e-07	2.12e-05	4.35e-03	1.14e-01	8.82e-01
 5.31905e+22	0.00e+00	0.00e+00	1.40e-32	3.64e-28	1.36e-23	8.38e-20	1.56e-16	9.47e-14	2.49e-11	3.25e-09	2.76e-07	2.32e-05	4.61e-03	1.17e-01	8.78e-01
 5.38784e+22	0.00e+00	0.00e+00	2.19e-32	5.51e-28	1.98e-23	1.17e-19	2.10e-16	1.23e-13	3.12e-11	3.90e-09	3.20e-07	2.59e-05	4.96e-03	1.21e-01	8.74e-01
 5.46088e+22	0.00e+00	0.00e+00	3.33e-32	8.12e-28	2.83e-23	1.61e-19	2.79e-16	1.57e-13	3.84e-11	4.64e-09	3.68e-07	2.87e-05	5.30e-03	1.25e-01	8.70e-01
 5.52739e+22	0.00e+00	0.00e+00	4.95e-32	1.17e-27	3.94e-23	2.18e-19	3.63e-16	1.98e-13	4.68e-11	5.47e-09	4.19e-07	3.16e-05	5.64e-03	1.28e-01	8.66e-01
 5.60181e+22	0.00e+00	0.00e+00	7.96e-32	1.81e-27	5.87e-23	3.12e-19	4.99e-16	2.62e-13	5.93e-11	6.65e-09	4.89e-07	3.54e-05	6.08e-03	1.33e-01	8.61e-01
 5.67597e+22	0.00e+00	0.00e+00	1.22e-31	2.68e-27	8.39e-23	4.29e-19	6.64e-16	3.35e-13	7.33e-11	7.93e-09	5.62e-07	3.93e-05	6.51e-03	1.37e-01	8.56e-01
 5.73615e+22	0.00e+00	0.00e+00	1.74e-31	3.73e-27	1.13e-22	5.63e-19	8.44e-16	4.14e-13	8.77e-11	9.19e-09	6.33e-07	4.29e-05	6.89e-03	1.41e-01	8.52e-01
 5.80078e+22	0.00e+00	0.00e+00	2.63e-31	5.47e-27	1.61e-22	7.70e-19	1.11e-15	5.27e-13	1.08e-10	1.09e-08	7.25e-07	4.74e-05	7.35e-03	1.45e-01	8.48e-01
 5.87135e+22	0.00e+00	0.00e+00	3.97e-31	7.98e-27	2.27e-22	1.05e-18	1.47e-15	6.70e-13	1.32e-10	1.29e-08	8.29e-07	5.24e-05	7.85e-03	1.49e-01	8.43e-01
 5.93798e+22	0.00e+00	0.00e+00	5.96e-31	1.16e-26	3.19e-22	1.43e-18	1.93e-15	8.50e-13	1.62e-10	1.53e-08	9.47e-07	5.78e-05	8.36e-03	1.54e-01	8.38e-01
 6.00268e+22	0.00e+00	0.00e+00	8.81e-31	1.66e-26	4.43e-22	1.92e-18	2.50e-15	1.07e-12	1.97e-10	1.80e-08	1.08e-06	6.36e-05	8.89e-03	1.58e-01	8.33e-01
 6.06485e+22	0.00e+00	0.00e+00	1.28e-30	2.34e-26	6.05e-22	2.54e-18	3.21e-15	1.33e-12	2.37e-10	2.09e-08	1.22e-06	6.95e-05	9.43e-03	1.62e-01	8.28e-01
 6.13397e+22	0.00e+00	0.00e+00	1.98e-30	3.51e-26	8.75e-22	3.53e-18	4.31e-15	1.72e-12	2.95e-10	2.51e-08	1.40e-06	7.73e-05	1.01e-02	1.67e-01	8.22e-01
 6.20621e+22	0.00e+00	0.00e+00	3.02e-30	5.19e-26	1.25e-21	4.87e-18	5.73e-15	2.20e-12	3.64e-10	2.99e-08	1.61e-06	8.57e-05	1.08e-02	1.72e-01	8.17e-01
 6.26919e+22	0.00e+00	0.00e+00	4.42e-30	7.37e-26	1.72e-21	6.49e-18	7.40e-15	2.75e-12	4.41e-10	3.50e-08	1.83e-06	9.39e-05	1.14e-02	1.77e-01	8.11e-01
 6.33773e+22	0.00e+00	0.00e+00	6.89e-30	1.11e-25	2.50e-21	9.08e-18	9.96e-15	3.56e-12	5.50e-10	4.20e-08	2.11e-06	1.05e-04	1.23e-02	1.83e-01	8.05e-01
 6.41076e+22	0.00e+00	0.00e+00	1.06e-29	1.65e-25	3.59e-21	1.26e-17	1.33e-14	4.59e-12	6.82e-10	5.02e-08	2.43e-06	1.16e-04	1.31e-02	1.88e-01	7.99e-01
 6.47377e+22	0.00e+00	0.00e+00	1.55e-29	2.34e-25	4.93e-21	1.67e-17	1.71e-14	5.72e-12	8.24e-10	5.87e-08	2.76e-06	1.27e-04	1.39e-02	1.93e-01	7.93e-01
 6.53074e+22	0.00e+00	0.00e+00	2.19e-29	3.22e-25	6.60e-21	2.18e-17	2.17e-14	7.02e-12	9.80e-10	6.78e-08	3.09e-06	1.38e-04	1.47e-02	1.97e-01	7.88e-01
 6.59572e+22	0.00e+00	0.00e+00	3.32e-29	4.72e-25	9.37e-21	2.98e-17	2.87e-14	8.95e-12	1.21e-09	8.05e-08	3.54e-06	1.53e-04	1.56e-02	2.03e-01	7.81e-01
 6.66591e+22	0.00e+00	0.00e+00	5.12e-29	7.03e-25	1.35e-20	4.13e-17	3.83e-14	1.15e-11	1.50e-09	9.63e-08	4.08e-06	1.69e-04	1.67e-02	2.09e-01	7.74e-01
 6.72916e+22	0.00e+00	1.13e-33	7.44e-29	9.93e-25	1.85e-20	5.49e-17	4.93e-14	1.44e-11	1.81e-09	1.12e-07	4.61e-06	1.85e-04	1.77e-02	2.14e-01	7.68e-01
 6.79770e+22	0.00e+00	0.00e+00	1.18e-28	1.51e-24	2.71e-20	7.76e-17	6.70e-14	1.88e-11	2.27e-09	1.36e-07	5.35e-06	2.07e-04	1.90e-02	2.21e-01	7.60e-01
 6.86741e+22	0.00e+00	2.86e-33	1.78e-28	2.21e-24	3.83e-20	1.06e-16	8.83e-14	2.39e-11	2.79e-09	1.61e-07	6.12e-06	2.28e-04	2.02e-02	2.27e-01	7.53e-01
 6.92582e+22	0.00e+00	0.00e+00	1.83e-28	2.22e-24	5.19e-20	1.39e-16	1.12e-13	2.95e-11	3.35e-09	1.87e-07	6.88e-06	2.49e-04	2.13e-02	2.32e-01	7.47e-01
 6.98894e+22	0.00e+00	4.77e-33	2.80e-28	3.27e-24	7.39e-20	1.91e-16	1.49e-13	3.78e-11	4.13e-09	2.23e-07	7.90e-06	2.75e-04	2.28e-02	2.38e-01	7.39e-01
 7.05643e+22	0.00e+00	7.54e-33	4.28e-28	4.82e-24	1.05e-19	2.63e-16	1.98e-13	4.85e-11	5.11e-09	2.66e-07	9.07e-06	3.04e-04	2.42e-02	2.45e-01	7.31e-01
 7.11705e+22	0.00e+00	1.12e-32	6.16e-28	6.75e-24	1.43e-19	3.47e-16	2.53e-13	6.00e-11	6.13e-09	3.09e-07	1.02e-05	3.32e-04	2.56e-02	2.50e-01	7.24e-01
 7.18328e+22	0.00e+00	1.82e-32	9.73e-28	1.03e-23	2.10e-19	4.89e-16	3.44e-13	7.84e-11	7.71e-09	3.74e-07	1.18e-05	3.70e-04	2.74e-02	2.57e-01	7.15e-01
 7.25278e+22	0.00e+00	2.91e-32	1.50e-27	1.53e-23	3.02e-19	6.78e-16	4.59e-13	1.01e-10	9.57e-09	4.47e-07	1.36e-05	4.10e-04	2.92e-02	2.64e-01	7.06e-01
 7.31209e+22	0.00e+00	4.34e-32	2.18e-27	2.15e-23	4.13e-19	8.98e-16	5.89e-13	1.26e-10	1.15e-08	5.22e-07	1.54e-05	4.48e-04	3.09e-02	2.70e-01	6.99e-01
 7.36637e+22	0.00e+00	6.40e-32	3.13e-27	2.99e-23	5.58e-19	1.18e-15	7.50e-13	1.55e-10	1.38e-08	6.06e-07	1.73e-05	4.87e-04	3.26e-02	2.76e-01	6.91e-01
 7.42857e+22	0.00e+00	1.04e-31	4.89e-27	4.51e-23	8.11e-19	1.65e-15	1.01e-12	2.01e-10	1.73e-08	7.29e-07	2.00e-05	5.42e-04	3.48e-02	2.83e-01	6.82e-01
 7.49331e+22	0.00e+00	1.58e-31	7.24e-27	6.45e-23	1.13e-18	2.22e-15	1.31e-12	2.53e-10	2.10e-08	8.58e-07	2.27e-05	5.94e-04	3.68e-02	2.89e-01	6.73e-01
 7.55214e+22	0.00e+00	2.42e-31	1.07e-26	9.24e-23	1.56e-18	2.98e-15	1.71e-12	3.18e-10	2.56e-08	1.01e-06	2.58e-05	6.51e-04	3.90e-02	2.96e-01	6.65e-01
 7.61058e+22	0.00e+00	3.70e-31	1.59e-26	1.33e-22	2.18e-18	4.01e-15	2.23e-12	4.01e-10	3.12e-08	1.19e-06	2.93e-05	7.14e-04	4.13e-02	3.02e-01	6.56e-01
 7.66656e+22	0.00e+00	5.50e-31	2.30e-26	1.86e-22	2.96e-18	5.28e-15	2.84e-12	4.97e-10	3.75e-08	1.38e-06	3.30e-05	7.78e-04	4.35e-02	3.08e-01	6.48e-01
 7.72820e+22	0.00e+00	9.12e-31	3.67e-26	2.84e-22	4.37e-18	7.51e-15	3.89e-12	6.52e-10	4.74e-08	1.68e-06	3.84e-05	8.67e-04	4.65e-02	3.16e-01	6.37e-01
 7.79017e+22	0.00e+00	1.37e-30	5.37e-26	4.02e-22	5.99e-18	9.98e-15	5.00e-12	8.13e-10	5.72e-08	1.97e-06	4.33e-05	9.47e-04	4.91e-02	3.22e-01	6.28e-01
 7.84430e+22	0.00e+00	2.06e-30	7.83e-26	5.67e-22	8.22e-18	1.33e-14	6.44e-12	1.01e-09	6.91e-08	2.30e-06	4.89e-05	1.03e-03	5.18e-02	3.28e-01	6.19e-01
 7.90640e+22	0.00e+00	3.47e-30	1.27e-25	8.77e-22	1.23e-17	1.90e-14	8.86e-12	1.34e-09	8.79e-08	2.80e-06	5.71e-05	1.15e-03	5.54e-02	3.36e-01	6.07e-01
 7.96902e+22	0.00e+00	5.24e-30	1.86e-25	1.25e-21	1.69e-17	2.53e-14	1.14e-11	1.68e-09	1.06e-07	3.29e-06	6.45e-05	1.26e-03	5.84e-02	3.43e-01	5.98e-01
 8.02255e+22	0.00e+00	7.95e-30	2.72e-25	1.76e-21	2.32e-17	3.38e-14	1.48e-11	2.10e-09	1.29e-07	3.85e-06	7.30e-05	1.38e-03	6.16e-02	3.49e-01	5.88e-01
 8.07322e+22	0.00e+00	1.14e-29	3.81e-25	2.39e-21	3.07e-17	4.34e-14	1.85e-11	2.55e-09	1.52e-07	4.42e-06	8.12e-05	1.49e-03	6.45e-02	3.55e-01	5.79e-01
 8.12993e+22	0.00e+00	1.84e-29	5.93e-25	3.58e-21	4.44e-17	6.04e-14	2.48e-11	3.29e-09	1.90e-07	5.31e-06	9.35e-05	1.64e-03	6.85e-02	3.62e-01	5.68e-01
 8.18838e+22	0.00e+00	2.81e-29	8.77e-25	5.10e-21	6.14e-17	8.10e-14	3.21e-11	4.14e-09	2.31e-07	6.25e-06	1.06e-04	1.80e-03	7.22e-02	3.68e-01	5.58e-01
 8.23991e+22	0.00e+00	3.40e-29	1.03e-24	7.08e-21	8.30e-17	1.06e-13	4.09e-11	5.10e-09	2.77e-07	7.25e-06	1.19e-04	1.95e-03	7.58e-02	3.74e-01	5.48e-01
 8.29771e+22	0.00e+00	5.58e-29	1.62e-24	1.07e-20	1.21e-16	1.49e-13	5.53e-11	6.65e-09	3.48e-07	8.75e-06	1.37e-04	2.16e-03	8.06e-02	3.81e-01	5.36e-01
 8.35540e+22	0.00e+00	8.43e-29	2.38e-24	1.51e-20	1.66e-16	1.99e-13	7.13e-11	8.30e-09	4.20e-07	1.02e-05	1.55e-04	2.35e-03	8.47e-02	3.87e-01	5.26e-01
 8.40428e+22	0.00e+00	1.22e-28	3.34e-24	2.06e-20	2.21e-16	2.56e-13	8.92e-11	1.01e-08	4.98e-07	1.18e-05	1.72e-04	2.54e-03	8.86e-02	3.92e-01	5.17e-01
 8.45920e+22	0.00e+00	1.97e-28	5.19e-24	3.07e-20	3.18e-16	3.56e-13	1.20e-10	1.31e-08	6.20e-07	1.41e-05	1.98e-04	2.80e-03	9.38e-02	3.99e-01	5.05e-01
 8.51522e+22	0.00e+00	2.96e-28	7.58e-24	4.31e-20	4.35e-16	4.72e-13	1.54e-10	1.62e-08	7.49e-07	1.65e-05	2.23e-04	3.04e-03	9.85e-02	4.04e-01	4.94e-01
 8.56435e+22	0.00e+00	4.35e-28	1.08e-23	5.94e-20	5.85e-16	6.16e-13	1.95e-10	2.00e-08	8.94e-07	1.91e-05	2.50e-04	3.29e-03	1.03e-01	4.09e-01	4.84e-01
 8.61991e+22	0.00e+00	7.04e-28	1.68e-23	8.87e-20	8.44e-16	8.57e-13	2.61e-10	2.58e-08	1.11e-06	2.29e-05	2.87e-04	3.63e-03	1.09e-01	4.15e-01	4.72e-01
 8.67724e+22	0.00e+00	1.08e-27	2.50e-23	1.26e-19	1.17e-15	1.15e-12	3.39e-10	3.24e-08	1.36e-06	2.69e-05	3.25e-04	3.95e-03	1.15e-01	4.20e-01	4.61e-01
 8.72786e+22	0.00e+00	1.61e-27	3.61e-23	1.76e-19	1.59e-15	1.51e-12	4.33e-10	4.01e-08	1.63e-06	3.14e-05	3.64e-04	4.29e-03	1.20e-01	4.25e-01	4.50e-01
 8.77693e+22	0.00e+00	2.41e-27	5.22e-23	2.45e-19	2.15e-15	1.99e-12	5.52e-10	4.97e-08	1.96e-06	3.65e-05	4.09e-04	4.64e-03	1.25e-01	4.30e-01	4.40e-01
 8.83297e+22	0.00e+00	3.95e-27	8.24e-23	3.70e-19	3.14e-15	2.80e-12	7.47e-10	6.47e-08	2.46e-06	4.40e-05	4.71e-04	5.12e-03	1.33e-01	4.35e-01	4.27e-01
 8.89022e+22	0.00e+00	5.99e-27	1.21e-22	5.22e-19	4.32e-15	3.73e-12	9.62e-10	8.08e-08	2.97e-06	5.15e-05	5.30e-04	5.56e-03	1.39e-01	4.39e-01	4.16e-01
 8.94906e+22	0.00e+00	1.01e-26	1.95e-22	8.02e-19	6.41e-15	5.32e-12	1.32e-09	1.06e-07	3.77e-06	6.26e-05	6.15e-04	6.15e-03	1.47e-01	4.44e-01	4.02e-01
 9.00901e+22	0.00e+00	1.59e-26	2.96e-22	1.17e-18	9.06e-15	7.27e-12	1.74e-09	1.36e-07	4.64e-06	7.43e-05	7.00e-04	6.73e-03	1.54e-01	4.48e-01	3.90e-01
 9.05776e+22	0.00e+00	2.29e-26	4.13e-22	1.57e-18	1.19e-14	9.33e-12	2.17e-09	1.65e-07	5.48e-06	8.53e-05	7.76e-04	7.22e-03	1.60e-01	4.51e-01	3.80e-01
 9.10849e+22	0.00e+00	3.62e-26	6.30e-22	2.30e-18	1.69e-14	1.28e-11	2.87e-09	2.10e-07	6.77e-06	1.01e-04	8.84e-04	7.89e-03	1.68e-01	4.55e-01	3.68e-01
 9.16107e+22	0.00e+00	5.41e-26	9.11e-22	3.19e-18	2.30e-14	1.68e-11	3.67e-09	2.60e-07	8.13e-06	1.18e-04	9.90e-04	8.52e-03	1.75e-01	4.57e-01	3.58e-01
 9.20469e+22	0.00e+00	7.54e-26	1.23e-21	4.19e-18	2.95e-14	2.11e-11	4.49e-09	3.10e-07	9.46e-06	1.34e-04	1.09e-03	9.07e-03	1.81e-01	4.59e-01	3.49e-01
 9.25003e+22	0.00e+00	1.14e-25	1.80e-21	5.88e-18	4.04e-14	2.80e-11	5.77e-09	3.87e-07	1.14e-05	1.56e-04	1.22e-03	9.81e-03	1.89e-01	4.62e-01	3.38e-01
 9.29641e+22	0.00e+00	1.61e-25	2.47e-21	7.79e-18	5.24e-14	3.54e-11	7.11e-09	4.64e-07	1.34e-05	1.77e-04	1.34e-03	1.05e-02	1.96e-01	4.63e-01	3.29e-01
 9.33492e+22	0.00e+00	2.20e-25	3.28e-21	1.00e-17	6.61e-14	4.37e-11	8.58e-09	5.47e-07	1.54e-05	1.99e-04	1.47e-03	1.11e-02	2.02e-01	4.65e-01	3.21e-01
 9.36969e+22	0.00e+00	2.96e-25	4.30e-21	1.27e-17	8.27e-14	5.35e-11	1.03e-08	6.40e-07	1.76e-05	2.23e-04	1.59e-03	1.17e-02	2.08e-01	4.66e-01	3.13e-01
 9.40226e+22	0.00e+00	3.87e-25	5.50e-21	1.59e-17	1.01e-13	6.43e-11	1.21e-08	7.38e-07	2.00e-05	2.47e-04	1.72e-03	1.23e-02	2.13e-01	4.66e-01	3.06e-01
 9.43807e+22	0.00e+00	5.40e-25	7.46e-21	2.08e-17	1.30e-13	8.06e-11	1.48e-08	8.81e-07	2.32e-05	2.79e-04	1.88e-03	1.31e-02	2.20e-01	4.67e-01	2.98e-01
 9.47482e+22	0.00e+00	7.18e-25	9.67e-21	2.61e-17	1.61e-13	9.78e-11	1.76e-08	1.02e-06	2.65e-05	3.11e-04	2.04e-03	1.38e-02	2.26e-01	4.67e-01	2.91e-01
 9.50748e+22	0.00e+00	9.50e-25	1.25e-20	3.27e-17	1.99e-13	1.18e-10	2.08e-08	1.19e-06	3.01e-05	3.45e-04	2.20e-03	1.45e-02	2.32e-01	4.68e-01	2.84e-01
 9.53834e+22	0.00e+00	1.24e-24	1.58e-20	4.05e-17	2.42e-13	1.41e-10	2.44e-08	1.36e-06	3.39e-05	3.81e-04	2.37e-03	1.53e-02	2.37e-01	4.68e-01	2.77e-01
 9.56752e+22	0.00e+00	1.58e-24	1.98e-20	4.93e-17	2.91e-13	1.67e-10	2.83e-08	1.55e-06	3.80e-05	4.18e-04	2.54e-03	1.59e-02	2.43e-01	4.67e-01	2.71e-01
 9.60076e+22	0.00e+00	2.17e-24	2.64e-20	6.35e-17	3.68e-13	2.07e-10	3.43e-08	1.84e-06	4.38e-05	4.70e-04	2.77e-03	1.69e-02	2.50e-01	4.67e-01	2.63e-01
 9.63489e+22	0.00e+00	2.86e-24	3.39e-20	7.92e-17	4.53e-13	2.50e-10	4.05e-08	2.13e-06	4.98e-05	5.21e-04	2.99e-03	1.77e-02	2.56e-01	4.67e-01	2.56e-01
 9.66467e+22	0.00e+00	3.70e-24	4.29e-20	9.72e-17	5.48e-13	2.97e-10	4.74e-08	2.44e-06	5.60e-05	5.74e-04	3.21e-03	1.86e-02	2.62e-01	4.66e-01	2.50e-01
 9.69791e+22	0.00e+00	5.13e-24	5.75e-20	1.26e-16	6.98e-13	3.70e-10	5.76e-08	2.90e-06	6.49e-05	6.48e-04	3.51e-03	1.97e-02	2.69e-01	4.65e-01	2.42e-01
 9.73001e+22	0.00e+00	6.54e-24	7.16e-20	1.53e-16	8.36e-13	4.36e-10	6.67e-08	3.29e-06	7.26e-05	7.10e-04	3.75e-03	2.05e-02	2.75e-01	4.64e-01	2.36e-01
 9.75646e+22	0.00e+00	8.37e-24	8.94e-20	1.85e-16	1.00e-12	5.15e-10	7.75e-08	3.75e-06	8.13e-05	7.79e-04	4.01e-03	2.14e-02	2.80e-01	4.63e-01	2.30e-01
 9.78248e+22	0.00e+00	1.06e-23	1.11e-19	2.23e-16	1.19e-12	6.04e-10	8.93e-08	4.25e-06	9.06e-05	8.51e-04	4.28e-03	2.24e-02	2.86e-01	4.62e-01	2.25e-01
 9.81213e+22	0.00e+00	1.43e-23	1.44e-19	2.81e-16	1.49e-12	7.37e-10	1.07e-07	4.98e-06	1.04e-04	9.50e-04	4.64e-03	2.35e-02	2.93e-01	4.60e-01	2.18e-01
 9.84254e+22	0.00e+00	1.86e-23	1.83e-19	3.46e-16	1.81e-12	8.81e-10	1.25e-07	5.73e-06	1.17e-04	1.05e-03	5.00e-03	2.46e-02	2.99e-01	4.58e-01	2.12e-01
 9.86883e+22	0.00e+00	2.34e-23	2.25e-19	4.14e-16	2.14e-12	1.03e-09	1.44e-07	6.47e-06	1.30e-04	1.14e-03	5.32e-03	2.56e-02	3.05e-01	4.56e-01	2.07e-01
 9.89794e+22	0.00e+00	3.24e-23	3.01e-19	5.30e-16	2.71e-12	1.28e-09	1.75e-07	7.69e-06	1.51e-04	1.29e-03	5.81e-03	2.71e-02	3.13e-01	4.54e-01	1.99e-01
 9.92697e+22	0.00e+00	4.06e-23	3.68e-19	6.33e-16	3.21e-12	1.49e-09	2.01e-07	8.67e-06	1.68e-04	1.41e-03	6.18e-03	2.82e-02	3.18e-01	4.52e-01	1.94e-01
 9.95591e+22	0.00e+00	5.65e-23	4.94e-19	8.13e-16	4.07e-12	1.86e-09	2.46e-07	1.03e-05	1.96e-04	1.60e-03	6.77e-03	2.98e-02	3.26e-01	4.49e-01	1.87e-01
 9.98495e+22	0.00e+00	7.18e-23	6.11e-19	9.77e-16	4.85e-12	2.18e-09	2.84e-07	1.17e-05	2.18e-04	1.74e-03	7.22e-03	3.10e-02	3.32e-01	4.46e-01	1.82e-01
 1.00141e+23	0.00e+00	9.99e-23	8.19e-19	1.25e-15	6.17e-12	2.72e-09	3.47e-07	1.40e-05	2.55e-04	1.98e-03	7.91e-03	3.28e-02	3.40e-01	4.43e-01	1.75e-01
 1.00426e+23	0.00e+00	1.26e-22	1.01e-18	1.50e-15	7.32e-12	3.19e-09	4.00e-07	1.59e-05	2.84e-04	2.16e-03	8.43e-03	3.41e-02	3.46e-01	4.40e-01	1.70e-01
 1.00704e+23	0.00e+00	1.73e-22	1.33e-18	1.89e-15	9.18e-12	3.93e-09	4.84e-07	1.88e-05	3.28e-04	2.43e-03	9.18e-03	3.59e-02	3.53e-01	4.36e-01	1.63e-01
 1.00988e+23	0.00e+00	2.24e-22	1.67e-18	2.30e-15	1.11e-11	4.68e-09	5.67e-07	2.16e-05	3.70e-04	2.68e-03	9.85e-03	3.75e-02	3.59e-01	4.32e-01	1.58e-01
 1.01235e+23	0.00e+00	2.86e-22	2.07e-18	2.75e-15	1.32e-11	5.51e-09	6.58e-07	2.46e-05	4.15e-04	2.94e-03	1.05e-02	3.90e-02	3.65e-01	4.29e-01	1.53e-01
 1.01509e+23	0.00e+00	3.97e-22	2.75e-18	3.50e-15	1.67e-11	6.86e-09	8.04e-07	2.94e-05	4.84e-04	3.34e-03	1.15e-02	4.12e-02	3.73e-01	4.24e-01	1.46e-01
 1.01779e+23	0.00e+00	4.99e-22	3.37e-18	4.14e-15	1.97e-11	8.01e-09	9.25e-07	3.32e-05	5.39e-04	3.64e-03	1.23e-02	4.27e-02	3.79e-01	4.20e-01	1.42e-01
 1.02043e+23	0.00e+00	6.88e-22	4.45e-18	5.22e-15	2.48e-11	9.94e-09	1.13e-06	3.96e-05	6.28e-04	4.12e-03	1.34e-02	4.50e-02	3.86e-01	4.15e-01	1.35e-01
 1.02307e+23	0.00e+00	8.70e-22	5.46e-18	6.20e-15	2.93e-11	1.16e-08	1.30e-06	4.49e-05	7.01e-04	4.50e-03	1.43e-02	4.67e-02	3.92e-01	4.11e-01	1.31e-01
 1.02573e+23	0.00e+00	1.21e-21	7.25e-18	7.82e-15	3.70e-11	1.45e-08	1.60e-06	5.38e-05	8.19e-04	5.10e-03	1.56e-02	4.92e-02	4.00e-01	4.05e-01	1.25e-01
 1.02841e+23	0.00e+00	1.53e-21	8.91e-18	9.29e-15	4.39e-11	1.71e-08	1.85e-06	6.13e-05	9.16e-04	5.59e-03	1.67e-02	5.11e-02	4.05e-01	4.00e-01	1.20e-01
 1.03112e+23	0.00e+00	2.12e-21	1.18e-17	1.17e-14	5.54e-11	2.12e-08	2.27e-06	7.32e-05	1.07e-03	6.32e-03	1.82e-02	5.38e-02	4.12e-01	3.94e-01	1.15e-01
 1.03380e+23	0.00e+00	2.71e-21	1.45e-17	1.39e-14	6.59e-11	2.51e-08	2.64e-06	8.38e-05	1.20e-03	6.95e-03	1.94e-02	5.59e-02	4.18e-01	3.89e-01	1.10e-01
 1.03647e+23	0.00e+00	3.73e-21	1.91e-17	1.73e-14	8.27e-11	3.12e-08	3.23e-06	1.00e-04	1.40e-03	7.85e-03	2.12e-02	5.87e-02	4.25e-01	3.82e-01	1.05e-01
 1.03919e+23	0.00e+00	4.81e-21	2.38e-17	2.07e-14	9.92e-11	3.71e-08	3.79e-06	1.15e-04	1.58e-03	8.66e-03	2.27e-02	6.10e-02	4.30e-01	3.76e-01	1.00e-01
 1.04197e+23	0.00e+00	6.70e-21	3.15e-17	2.60e-14	1.26e-10	4.65e-08	4.68e-06	1.39e-04	1.85e-03	9.84e-03	2.49e-02	6.42e-02	4.37e-01	3.68e-01	9.47e-02
 1.04476e+23	0.00e+00	8.65e-21	3.91e-17	3.09e-14	1.51e-10	5.54e-08	5.50e-06	1.60e-04	2.09e-03	1.08e-02	2.66e-02	6.66e-02	4.42e-01	3.62e-01	9.05e-02
 1.04757e+23	0.00e+00	1.20e-20	5.17e-17	3.87e-14	1.90e-10	6.95e-08	6.79e-06	1.92e-04	2.46e-03	1.23e-02	2.91e-02	7.00e-02	4.48e-01	3.53e-01	8.52e-02
 1.05041e+23	2.12e-34	1.55e-20	6.42e-17	4.59e-14	2.28e-10	8.28e-08	8.00e-06	2.22e-04	2.78e-03	1.36e-02	3.12e-02	7.27e-02	4.52e-01	3.46e-01	8.12e-02
 1.05286e+23	2.87e-34	1.98e-20	7.89e-17	5.40e-14	2.72e-10	9.81e-08	9.36e-06	2.55e-04	3.12e-03	1.49e-02	3.33e-02	7.53e-02	4.56e-01	3.40e-01	7.75e-02
 1.05564e+23	4.27e-34	2.73e-20	1.03e-16	6.67e-14	3.41e-10	1.22e-07	1.15e-05	3.06e-04	3.65e-03	1.69e-02	3.63e-02	7.88e-02	4.61e-01	3.31e-01	7.27e-02
 1.05841e+23	5.67e-34	3.43e-20	1.25e-16	7.76e-14	4.01e-10	1.43e-07	1.33e-05	3.48e-04	4.07e-03	1.84e-02	3.85e-02	8.13e-02	4.64e-01	3.24e-01	6.94e-02
 1.06114e+23	8.19e-34	4.61e-20	1.60e-16	9.43e-14	4.95e-10	1.76e-07	1.62e-05	4.12e-04	4.69e-03	2.06e-02	4.17e-02	8.48e-02	4.68e-01	3.15e-01	6.52e-02
 1.06396e+23	1.11e-33	5.86e-20	1.95e-16	1.10e-13	5.88e-10	2.08e-07	1.89e-05	4.73e-04	5.27e-03	2.25e-02	4.44e-02	8.76e-02	4.70e-01	3.08e-01	6.18e-02
 1.06689e+23	1.62e-33	7.98e-20	2.52e-16	1.35e-13	7.31e-10	2.58e-07	2.31e-05	5.64e-04	6.11e-03	2.53e-02	4.81e-02	9.12e-02	4.73e-01	2.98e-01	5.77e-02
 1.06985e+23	2.16e-33	1.00e-19	3.06e-16	1.57e-13	8.63e-10	3.03e-07	2.69e-05	6.43e-04	6.82e-03	2.76e-02	5.10e-02	9.40e-02	4.75e-01	2.91e-01	5.47e-02
 1.07285e+23	3.14e-33	1.36e-19	3.93e-16	1.90e-13	1.07e-09	3.74e-07	3.27e-05	7.65e-04	7.88e-03	3.09e-02	5.51e-02	9.77e-02	4.76e-01	2.81e-01	5.09e-02
 1.07593e+23	4.18e-33	1.71e-19	4.77e-16	2.21e-13	1.26e-09	4.40e-07	3.80e-05	8.72e-04	8.79e-03	3.36e-02	5.84e-02	1.00e-01	4.77e-01	2.73e-01	4.81e-02
 1.07910e+23	6.06e-33	2.31e-19	6.12e-16	2.67e-13	1.56e-09	5.42e-07	4.63e-05	1.04e-03	1.01e-02	3.75e-02	6.29e-02	1.04e-01	4.77e-01	2.63e-01	4.45e-02
 1.08228e+23	7.98e-33	2.89e-19	7.37e-16	3.09e-13	1.83e-09	6.34e-07	5.35e-05	1.17e-03	1.12e-02	4.06e-02	6.63e-02	1.07e-01	4.77e-01	2.55e-01	4.20e-02
 1.08546e+23	1.14e-32	3.85e-19	9.34e-16	3.71e-13	2.24e-09	7.74e-07	6.45e-05	1.38e-03	1.29e-02	4.51e-02	7.11e-02	1.10e-01	4.76e-01	2.45e-01	3.89e-02
 1.08871e+23	1.49e-32	4.81e-19	1.12e-15	4.28e-13	2.62e-09	9.02e-07	7.44e-05	1.57e-03	1.42e-02	4.87e-02	7.48e-02	1.13e-01	4.74e-01	2.37e-01	3.66e-02
 1.09205e+23	2.12e-32	6.38e-19	1.42e-15	5.13e-13	3.20e-09	1.10e-06	8.92e-05	1.84e-03	1.62e-02	5.38e-02	7.98e-02	1.16e-01	4.72e-01	2.27e-01	3.37e-02
 1.09532e+23	2.72e-32	7.82e-19	1.68e-15	5.84e-13	3.69e-09	1.26e-06	1.02e-04	2.06e-03	1.78e-02	5.76e-02	8.35e-02	1.18e-01	4.69e-01	2.20e-01	3.18e-02
 1.09850e+23	3.75e-32	1.02e-18	2.09e-15	6.89e-13	4.42e-09	1.51e-06	1.20e-04	2.38e-03	2.00e-02	6.30e-02	8.84e-02	1.21e-01	4.65e-01	2.10e-01	2.93e-02
 1.10172e+23	4.78e-32	1.24e-18	2.46e-15	7.85e-13	5.09e-09	1.73e-06	1.36e-04	2.65e-03	2.18e-02	6.73e-02	9.22e-02	1.23e-01	4.62e-01	2.03e-01	2.76e-02
 1.10502e+23	6.55e-32	1.60e-18	3.05e-15	9.25e-13	6.07e-09	2.06e-06	1.60e-04	3.05e-03	2.44e-02	7.32e-02	9.72e-02	1.26e-01	4.57e-01	1.94e-01	2.54e-02
 1.10839e+23	8.44e-32	1.97e-18	3.62e-15	1.06e-12	7.00e-09	2.36e-06	1.82e-04	3.41e-03	2.67e-02	7.82e-02	1.01e-01	1.28e-01	4.52e-01	1.86e-01	2.38e-02
 1.11188e+23	1.16e-31	2.56e-18	4.50e-15	1.25e-12	8.37e-09	2.81e-06	2.14e-04	3.93e-03	2.98e-02	8.49e-02	1.07e-01	1.30e-01	4.46e-01	1.77e-01	2.18e-02
 1.11530e+23	1.46e-31	3.09e-18	5.27e-15	1.41e-12	9.53e-09	3.19e-06	2.41e-04	4.35e-03	3.23e-02	9.01e-02	1.10e-01	1.32e-01	4.40e-01	1.70e-01	2.04e-02
 1.11864e+23	1.98e-31	3.96e-18	6.46e-15	1.65e-12	1.12e-08	3.75e-06	2.80e-04	4.96e-03	3.59e-02	9.72e-02	1.16e-01	1.33e-01	4.33e-01	1.62e-01	1.87e-02
 1.12202e+23	2.47e-31	4.76e-18	7.54e-15	1.86e-12	1.27e-08	4.23e-06	3.13e-04	5.45e-03	3.86e-02	1.02e-01	1.19e-01	1.35e-01	4.27e-01	1.55e-01	1.75e-02
 1.12543e+23	3.32e-31	6.06e-18	9.22e-15	2.17e-12	1.50e-08	4.95e-06	3.62e-04	6.18e-03	4.26e-02	1.10e-01	1.24e-01	1.36e-01	4.18e-01	1.47e-01	1.60e-02
 1.12892e+23	4.17e-31	7.32e-18	1.08e-14	2.45e-12	1.70e-08	5.59e-06	4.04e-04	6.80e-03	4.59e-02	1.16e-01	1.28e-01	1.37e-01	4.11e-01	1.41e-01	1.49e-02
 1.13249e+23	5.61e-31	9.35e-18	1.32e-14	2.87e-12	1.99e-08	6.53e-06	4.67e-04	7.70e-03	5.05e-02	1.24e-01	1.33e-01	1.38e-01	4.01e-01	1.32e-01	1.36e-02
 1.13613e+23	7.06e-31	1.13e-17	1.55e-14	3.26e-12	2.26e-08	7.36e-06	5.21e-04	8.46e-03	5.42e-02	1.30e-01	1.36e-01	1.38e-01	3.93e-01	1.26e-01	1.26e-02
 1.13985e+23	9.54e-31	1.45e-17	1.91e-14	3.82e-12	2.64e-08	8.59e-06	6.00e-04	9.56e-03	5.95e-02	1.39e-01	1.41e-01	1.39e-01	3.82e-01	1.18e-01	1.14e-02
 1.14365e+23	5.92e-31	1.76e-17	2.25e-14	4.35e-12	3.00e-08	9.68e-06	6.69e-04	1.05e-02	6.38e-02	1.46e-01	1.44e-01	1.39e-01	3.73e-01	1.12e-01	1.05e-02
 1.14698e+23	7.42e-31	2.12e-17	2.63e-14	4.91e-12	3.38e-08	1.08e-05	7.43e-04	1.15e-02	6.82e-02	1.53e-01	1.47e-01	1.38e-01	3.65e-01	1.07e-01	9.74e-03
 1.15075e+23	9.92e-31	2.70e-17	3.22e-14	5.75e-12	3.93e-08	1.25e-05	8.49e-04	1.28e-02	7.43e-02	1.61e-01	1.51e-01	1.38e-01	3.53e-01	9.97e-02	8.78e-03
 1.15452e+23	1.23e-30	3.22e-17	3.75e-14	6.50e-12	4.41e-08	1.40e-05	9.35e-04	1.39e-02	7.88e-02	1.68e-01	1.54e-01	1.38e-01	3.44e-01	9.49e-02	8.15e-03
 1.15830e+23	1.63e-30	4.09e-17	4.58e-14	7.57e-12	5.10e-08	1.61e-05	1.06e-03	1.55e-02	8.54e-02	1.77e-01	1.57e-01	1.37e-01	3.31e-01	8.82e-02	7.31e-03
 1.16213e+23	2.02e-30	4.89e-17	5.34e-14	8.58e-12	5.71e-08	1.79e-05	1.17e-03	1.68e-02	9.05e-02	1.83e-01	1.60e-01	1.36e-01	3.22e-01	8.36e-02	6.76e-03
 1.16603e+23	2.68e-30	6.19e-17	6.52e-14	1.00e-11	6.60e-08	2.05e-05	1.32e-03	1.86e-02	9.75e-02	1.92e-01	1.62e-01	1.34e-01	3.10e-01	7.76e-02	6.06e-03
 1.17006e+23	3.37e-30	7.51e-17	7.68e-14	1.14e-11	7.43e-08	2.29e-05	1.46e-03	2.03e-02	1.04e-01	2.00e-01	1.64e-01	1.33e-01	2.99e-01	7.29e-02	5.53e-03
 1.17426e+23	4.50e-30	9.57e-17	9.45e-14	1.35e-11	8.62e-08	2.63e-05	1.65e-03	2.25e-02	1.11e-01	2.09e-01	1.67e-01	1.31e-01	2.86e-01	6.73e-02	4.93e-03
 1.17860e+23	5.75e-30	1.18e-16	1.13e-13	1.55e-11	9.77e-08	2.95e-05	1.84e-03	2.45e-02	1.18e-01	2.16e-01	1.68e-01	1.29e-01	2.75e-01	6.27e-02	4.46e-03
 1.18313e+23	7.79e-30	1.52e-16	1.40e-13	1.85e-11	1.14e-07	3.41e-05	2.08e-03	2.71e-02	1.27e-01	2.25e-01	1.70e-01	1.26e-01	2.61e-01	5.74e-02	3.93e-03
 1.18780e+23	1.01e-29	1.88e-16	1.68e-13	2.14e-11	1.30e-07	3.84e-05	2.31e-03	2.96e-02	1.35e-01	2.33e-01	1.71e-01	1.24e-01	2.50e-01	5.31e-02	3.52e-03
 1.19264e+23	1.38e-29	2.45e-16	2.12e-13	2.57e-11	1.52e-07	4.44e-05	2.63e-03	3.28e-02	1.45e-01	2.41e-01	1.71e-01	1.21e-01	2.35e-01	4.81e-02	3.07e-03
 1.19767e+23	1.81e-29	3.07e-16	2.57e-13	3.00e-11	1.74e-07	5.02e-05	2.93e-03	3.58e-02	1.53e-01	2.49e-01	1.71e-01	1.18e-01	2.23e-01	4.41e-02	2.73e-03
 1.20223e+23	2.35e-29	3.82e-16	3.11e-13	3.50e-11	1.98e-07	5.65e-05	3.25e-03	3.89e-02	1.62e-01	2.56e-01	1.71e-01	1.15e-01	2.12e-01	4.05e-02	2.42e-03
 1.20746e+23	3.26e-29	5.04e-16	3.94e-13	4.24e-11	2.33e-07	6.55e-05	3.69e-03	4.31e-02	1.73e-01	2.64e-01	1.70e-01	1.11e-01	1.98e-01	3.63e-02	2.08e-03
 1.21279e+23	4.28e-29	6.33e-16	4.80e-13	4.96e-11	2.67e-07	7.39e-05	4.09e-03	4.68e-02	1.82e-01	2.70e-01	1.69e-01	1.07e-01	1.86e-01	3.30e-02	1.83e-03
 1.21755e+23	5.56e-29	7.88e-16	5.81e-13	5.79e-11	3.04e-07	8.29e-05	4.51e-03	5.05e-02	1.91e-01	2.76e-01	1.68e-01	1.04e-01	1.75e-01	3.01e-02	1.61e-03
 1.22302e+23	7.86e-29	1.05e-15	7.44e-13	7.04e-11	3.56e-07	9.60e-05	5.13e-03	5.59e-02	2.03e-01	2.82e-01	1.65e-01	9.88e-02	1.61e-01	2.64e-02	1.36e-03
 1.22854e+23	1.02e-28	1.31e-15	9.00e-13	8.21e-11	4.05e-07	1.07e-04	5.64e-03	6.02e-02	2.12e-01	2.87e-01	1.63e-01	9.51e-02	1.51e-01	2.40e-02	1.19e-03
 1.23410e+23	1.44e-28	1.75e-15	1.15e-12	9.96e-11	4.74e-07	1.24e-04	6.38e-03	6.63e-02	2.25e-01	2.92e-01	1.60e-01	9.01e-02	1.38e-01	2.09e-02	9.92e-04
 1.23973e+23	1.87e-28	2.19e-15	1.40e-12	1.16e-10	5.37e-07	1.38e-04	7.01e-03	7.13e-02	2.34e-01	2.96e-01	1.57e-01	8.63e-02	1.29e-01	1.88e-02	8.61e-04
 1.24545e+23	2.64e-28	2.93e-15	1.79e-12	1.41e-10	6.27e-07	1.59e-04	7.90e-03	7.82e-02	2.47e-01	3.00e-01	1.53e-01	8.12e-02	1.17e-01	1.63e-02	7.10e-04
 1.25092e+23	3.33e-28	3.57e-15	2.12e-12	1.62e-10	6.98e-07	1.75e-04	8.56e-03	8.31e-02	2.55e-01	3.01e-01	1.50e-01	7.78e-02	1.09e-01	1.47e-02	6.24e-04
 1.25605e+23	4.53e-28	4.65e-15	2.64e-12	1.91e-10	7.96e-07	1.97e-04	9.49e-03	9.01e-02	2.66e-01	3.03e-01	1.45e-01	7.33e-02	9.91e-02	1.28e-02	5.19e-04
 1.26120e+23	5.69e-28	5.67e-15	3.13e-12	2.19e-10	8.84e-07	2.16e-04	1.03e-02	9.56e-02	2.74e-01	3.04e-01	1.41e-01	7.00e-02	9.22e-02	1.15e-02	4.53e-04
 1.26637e+23	7.69e-28	7.35e-15	3.88e-12	2.59e-10	1.00e-06	2.42e-04	1.13e-02	1.03e-01	2.84e-01	3.05e-01	1.37e-01	6.56e-02	8.35e-02	1.00e-02	3.76e-04
 1.27165e+23	9.79e-28	9.07e-15	4.63e-12	2.96e-10	1.11e-06	2.66e-04	1.22e-02	1.09e-01	2.93e-01	3.04e-01	1.32e-01	6.22e-02	7.69e-02	8.90e-03	3.23e-04
 1.27706e+23	1.34e-27	1.19e-14	5.81e-12	3.52e-10	1.27e-06	2.98e-04	1.35e-02	1.18e-01	3.03e-01	3.03e-01	1.27e-01	5.79e-02	6.89e-02	7.60e-03	2.63e-04
 1.28251e+23	1.69e-27	1.47e-14	6.92e-12	4.03e-10	1.40e-06	3.26e-04	1.46e-02	1.25e-01	3.11e-01	3.02e-01	1.22e-01	5.46e-02	6.32e-02	6.72e-03	2.25e-04
 1.28799e+23	2.32e-27	1.95e-14	8.70e-12	4.79e-10	1.59e-06	3.65e-04	1.61e-02	1.35e-01	3.21e-01	2.99e-01	1.16e-01	5.05e-02	5.61e-02	5.68e-03	1.81e-04
 1.29356e+23	2.94e-27	2.43e-14	1.04e-11	5.50e-10	1.76e-06	4.00e-04	1.74e-02	1.43e-01	3.28e-01	2.96e-01	1.12e-01	4.74e-02	5.11e-02	4.99e-03	1.53e-04
 1.29922e+23	4.02e-27	3.24e-14	1.32e-11	6.56e-10	1.99e-06	4.47e-04	1.91e-02	1.54e-01	3.37e-01	2.92e-01	1.05e-01	4.35e-02	4.50e-02	4.17e-03	1.22e-04
 1.30500e+23	5.18e-27	4.09e-14	1.59e-11	7.57e-10	2.21e-06	4.89e-04	2.06e-02	1.63e-01	3.44e-01	2.88e-01	1.00e-01	4.05e-02	4.05e-02	3.60e-03	1.01e-04
 1.31094e+23	7.14e-27	5.56e-14	2.04e-11	9.12e-10	2.51e-06	5.49e-04	2.28e-02	1.75e-01	3.52e-01	2.81e-01	9.38e-02	3.68e-02	3.51e-02	2.96e-03	7.84e-05
 1.31701e+23	9.26e-27	7.13e-14	2.49e-11	1.06e-09	2.79e-06	6.02e-04	2.46e-02	1.86e-01	3.58e-01	2.75e-01	8.85e-02	3.40e-02	3.13e-02	2.52e-03	6.39e-05
 1.32304e+23	1.27e-26	9.70e-14	3.19e-11	1.28e-09	3.18e-06	6.74e-04	2.71e-02	1.99e-01	3.64e-01	2.67e-01	8.21e-02	3.07e-02	2.70e-02	2.06e-03	4.93e-05
 1.32880e+23	1.59e-26	1.22e-13	3.82e-11	1.47e-09	3.50e-06	7.32e-04	2.90e-02	2.09e-01	3.68e-01	2.61e-01	7.75e-02	2.85e-02	2.42e-02	1.77e-03	4.08e-05
 1.33439e+23	2.13e-26	1.64e-13	4.85e-11	1.76e-09	3.96e-06	8.14e-04	3.16e-02	2.23e-01	3.72e-01	2.52e-01	7.16e-02	2.57e-02	2.09e-02	1.45e-03	3.16e-05
 1.34006e+23	2.69e-26	2.08e-13	5.87e-11	2.04e-09	4.39e-06	8.87e-04	3.39e-02	2.35e-01	3.75e-01	2.45e-01	6.71e-02	2.37e-02	1.85e-02	1.23e-03	2.58e-05
 1.34560e+23	3.53e-26	2.79e-13	7.41e-11	2.44e-09	4.97e-06	9.83e-04	3.68e-02	2.49e-01	3.78e-01	2.35e-01	6.18e-02	2.13e-02	1.60e-02	1.01e-03	2.01e-05
 1.35125e+23	4.48e-26	3.60e-13	9.09e-11	2.86e-09	5.54e-06	1.08e-03	3.96e-02	2.62e-01	3.79e-01	2.27e-01	5.73e-02	1.95e-02	1.40e-02	8.44e-04	1.61e-05
 1.35675e+23	5.76e-26	4.78e-13	1.14e-10	3.42e-09	6.27e-06	1.19e-03	4.28e-02	2.77e-01	3.80e-01	2.17e-01	5.26e-02	1.76e-02	1.21e-02	6.93e-04	1.26e-05
 1.36237e+23	7.31e-26	6.27e-13	1.42e-10	4.07e-09	7.08e-06	1.31e-03	4.60e-02	2.91e-01	3.79e-01	2.07e-01	4.83e-02	1.59e-02	1.05e-02	5.73e-04	9.91e-06
 1.36794e+23	9.33e-26	8.31e-13	1.78e-10	4.87e-09	8.04e-06	1.45e-03	4.97e-02	3.06e-01	3.78e-01	1.97e-01	4.42e-02	1.43e-02	9.03e-03	4.70e-04	7.73e-06
 1.37353e+23	1.19e-25	1.10e-12	2.23e-10	5.84e-09	9.14e-06	1.60e-03	5.35e-02	3.21e-01	3.76e-01	1.87e-01	4.03e-02	1.29e-02	7.77e-03	3.85e-04	6.05e-06
 1.37906e+23	1.50e-25	1.45e-12	2.79e-10	7.01e-09	1.04e-05	1.77e-03	5.75e-02	3.36e-01	3.72e-01	1.77e-01	3.66e-02	1.16e-02	6.68e-03	3.15e-04	4.72e-06
 1.38458e+23	1.90e-25	1.92e-12	3.50e-10	8.44e-09	1.19e-05	1.96e-03	6.18e-02	3.51e-01	3.68e-01	1.67e-01	3.32e-02	1.04e-02	5.73e-03	2.58e-04	3.68e-06
 1.39011e+23	2.40e-25	2.53e-12	4.40e-10	1.02e-08	1.36e-05	2.17e-03	6.64e-02	3.66e-01	3.63e-01	1.57e-01	3.01e-02	9.25e-03	4.90e-03	2.10e-04	2.85e-06
 1.39567e+23	3.04e-25	3.35e-12	5.53e-10	1.23e-08	1.57e-05	2.40e-03	7.13e-02	3.82e-01	3.57e-01	1.48e-01	2.71e-02	8.25e-03	4.18e-03	1.71e-04	2.21e-06
 1.40125e+23	3.86e-25	4.44e-12	6.97e-10	1.50e-08	1.80e-05	2.66e-03	7.65e-02	3.97e-01	3.51e-01	1.38e-01	2.44e-02	7.33e-03	3.55e-03	1.38e-04	1.71e-06
 1.40689e+23	4.90e-25	5.87e-12	8.80e-10	1.82e-08	2.08e-05	2.96e-03	8.20e-02	4.12e-01	3.43e-01	1.29e-01	2.18e-02	6.50e-03	3.01e-03	1.12e-04	1.31e-06
 1.41259e+23	6.25e-25	7.79e-12	1.11e-09	2.23e-08	2.41e-05	3.29e-03	8.79e-02	4.26e-01	3.35e-01	1.20e-01	1.95e-02	5.75e-03	2.54e-03	8.97e-05	1.01e-06
 1.41832e+23	7.97e-25	1.03e-11	1.40e-09	2.71e-08	2.79e-05	3.65e-03	9.40e-02	4.41e-01	3.26e-01	1.11e-01	1.74e-02	5.08e-03	2.15e-03	7.21e-05	7.71e-07
 1.42415e+23	1.03e-24	1.37e-11	1.78e-09	3.33e-08	3.24e-05	4.06e-03	1.01e-01	4.55e-01	3.16e-01	1.03e-01	1.54e-02	4.45e-03	1.80e-03	5.75e-05	5.85e-07
 1.43004e+23	1.34e-24	1.80e-11	2.25e-09	4.08e-08	3.76e-05	4.51e-03	1.08e-01	4.68e-01	3.06e-01	9.47e-02	1.37e-02	3.91e-03	1.51e-03	4.59e-05	4.45e-07
 1.43605e+23	1.76e-24	2.40e-11	2.87e-09	5.04e-08	4.40e-05	5.02e-03	1.15e-01	4.81e-01	2.95e-01	8.69e-02	1.21e-02	3.41e-03	1.25e-03	3.62e-05	3.34e-07
 1.44165e+23	2.19e-24	3.02e-11	3.49e-09	5.97e-08	4.99e-05	5.48e-03	1.21e-01	4.91e-01	2.86e-01	8.09e-02	1.09e-02	3.04e-03	1.08e-03	2.99e-05	2.64e-07
 1.44740e+23	2.92e-24	4.05e-11	4.49e-09	7.44e-08	5.86e-05	6.13e-03	1.30e-01	5.03e-01	2.74e-01	7.36e-02	9.47e-03	2.63e-03	8.85e-04	2.33e-05	1.95e-07
 1.45324e+23	3.69e-24	5.09e-11	5.47e-09	8.84e-08	6.66e-05	6.69e-03	1.37e-01	5.12e-01	2.65e-01	6.83e-02	8.50e-03	2.34e-03	7.57e-04	1.91e-05	1.54e-07
 1.45923e+23	5.01e-24	6.84e-11	7.07e-09	1.11e-07	7.87e-05	7.49e-03	1.46e-01	5.23e-01	2.52e-01	6.17e-02	7.35e-03	2.00e-03	6.15e-04	1.47e-05	0.00e+00
 1.46525e+23	6.35e-24	8.52e-11	8.56e-09	1.31e-07	8.91e-05	8.14e-03	1.53e-01	5.30e-01	2.43e-01	5.71e-02	6.60e-03	1.77e-03	5.27e-04	1.21e-05	0.00e+00
 1.47132e+23	8.66e-24	1.14e-10	1.10e-08	1.64e-07	1.05e-04	9.08e-03	1.63e-01	5.38e-01	2.30e-01	5.15e-02	5.70e-03	1.51e-03	4.28e-04	9.28e-06	0.00e+00
 1.47742e+23	1.10e-23	1.41e-10	1.33e-08	1.94e-07	1.19e-04	9.87e-03	1.71e-01	5.44e-01	2.21e-01	4.75e-02	5.10e-03	1.34e-03	3.65e-04	7.59e-06	0.00e+00
 1.48357e+23	1.51e-23	1.86e-10	1.70e-08	2.42e-07	1.39e-04	1.10e-02	1.81e-01	5.50e-01	2.09e-01	4.28e-02	4.40e-03	1.14e-03	2.96e-04	5.83e-06	0.00e+00
 1.48977e+23	1.93e-23	2.30e-10	2.05e-08	2.86e-07	1.58e-04	1.19e-02	1.89e-01	5.54e-01	2.00e-01	3.94e-02	3.93e-03	1.01e-03	2.52e-04	4.76e-06	0.00e+00
 1.49604e+23	2.66e-23	3.02e-10	2.61e-08	3.56e-07	1.85e-04	1.32e-02	2.00e-01	5.59e-01	1.88e-01	3.53e-02	3.38e-03	8.57e-04	2.04e-04	3.65e-06	0.00e+00
 1.50238e+23	3.41e-23	3.73e-10	3.15e-08	4.21e-07	2.09e-04	1.43e-02	2.09e-01	5.61e-01	1.79e-01	3.25e-02	3.01e-03	7.54e-04	1.73e-04	2.96e-06	0.00e+00
 1.50883e+23	4.71e-23	4.88e-10	4.02e-08	5.24e-07	2.45e-04	1.59e-02	2.20e-01	5.63e-01	1.68e-01	2.90e-02	2.58e-03	6.37e-04	1.39e-04	2.26e-06	0.00e+00
 1.51539e+23	6.08e-23	6.02e-10	4.85e-08	6.21e-07	2.77e-04	1.72e-02	2.29e-01	5.64e-01	1.60e-01	2.66e-02	2.29e-03	5.58e-04	1.17e-04	1.82e-06	0.00e+00
 1.52208e+23	8.44e-23	7.88e-10	6.19e-08	7.75e-07	3.25e-04	1.90e-02	2.41e-01	5.64e-01	1.49e-01	2.36e-02	1.95e-03	4.69e-04	9.37e-05	1.38e-06	0.00e+00
 1.52891e+23	1.10e-22	9.73e-10	7.50e-08	9.21e-07	3.69e-04	2.06e-02	2.51e-01	5.63e-01	1.41e-01	2.15e-02	1.72e-03	4.09e-04	7.86e-05	1.10e-06	0.00e+00
 1.53593e+23	1.53e-22	1.28e-09	9.61e-08	1.16e-06	4.34e-04	2.29e-02	2.64e-01	5.61e-01	1.31e-01	1.91e-02	1.46e-03	3.41e-04	6.23e-05	8.26e-07	0.00e+00
 1.54312e+23	2.01e-22	1.58e-09	1.17e-07	1.38e-06	4.94e-04	2.48e-02	2.74e-01	5.59e-01	1.23e-01	1.73e-02	1.28e-03	2.95e-04	5.18e-05	6.56e-07	0.00e+00
 1.55054e+23	2.84e-22	2.09e-09	1.51e-07	1.75e-06	5.85e-04	2.76e-02	2.88e-01	5.54e-01	1.13e-01	1.52e-02	1.08e-03	2.43e-04	4.05e-05	4.83e-07	0.00e+00
 1.55753e+23	3.57e-22	2.50e-09	1.78e-07	2.03e-06	6.51e-04	2.95e-02	2.96e-01	5.51e-01	1.08e-01	1.40e-02	9.65e-04	2.15e-04	3.47e-05	3.97e-07	0.00e+00
 1.56395e+23	4.78e-22	3.15e-09	2.21e-07	2.46e-06	7.49e-04	3.22e-02	3.08e-01	5.45e-01	1.00e-01	1.25e-02	8.32e-04	1.82e-04	2.82e-05	3.06e-07	0.00e+00
 1.57031e+23	5.94e-22	3.73e-09	2.59e-07	2.85e-06	8.30e-04	3.43e-02	3.17e-01	5.41e-01	9.50e-02	1.15e-02	7.47e-04	1.62e-04	2.42e-05	2.53e-07	0.00e+00
 1.57661e+23	7.83e-22	4.66e-09	3.19e-07	3.45e-06	9.53e-04	3.73e-02	3.28e-01	5.34e-01	8.82e-02	1.03e-02	6.44e-04	1.37e-04	1.97e-05	1.96e-07	0.00e+00
 1.58294e+23	9.73e-22	5.51e-09	3.73e-07	3.98e-06	1.05e-03	3.97e-02	3.37e-01	5.29e-01	8.35e-02	9.50e-03	5.78e-04	1.22e-04	1.69e-05	1.62e-07	0.00e+00
 1.58932e+23	1.28e-21	6.85e-09	4.57e-07	4.80e-06	1.21e-03	4.30e-02	3.48e-01	5.21e-01	7.75e-02	8.51e-03	4.99e-04	1.03e-04	1.38e-05	1.25e-07	0.00e+00
 1.59581e+23	1.60e-21	8.13e-09	5.36e-07	5.55e-06	1.34e-03	4.58e-02	3.57e-01	5.15e-01	7.31e-02	7.82e-03	4.46e-04	9.12e-05	1.17e-05	0.00e+00	0.00e+00
 1.60246e+23	2.11e-21	1.01e-08	6.61e-07	6.74e-06	1.53e-03	4.97e-02	3.68e-01	5.05e-01	6.75e-02	6.97e-03	3.83e-04	7.70e-05	9.50e-06	0.00e+00	0.00e+00
 1.60920e+23	2.64e-21	1.21e-08	7.76e-07	7.80e-06	1.70e-03	5.29e-02	3.77e-01	4.98e-01	6.35e-02	6.38e-03	3.42e-04	6.77e-05	8.08e-06	0.00e+00	0.00e+00
 1.61606e+23	3.49e-21	1.50e-08	9.59e-07	9.49e-06	1.95e-03	5.74e-02	3.89e-01	4.88e-01	5.84e-02	5.67e-03	2.92e-04	5.70e-05	6.50e-06	0.00e+00	0.00e+00
 1.62305e+23	4.39e-21	1.79e-08	1.13e-06	1.10e-05	2.17e-03	6.11e-02	3.97e-01	4.79e-01	5.48e-02	5.18e-03	2.60e-04	4.99e-05	5.50e-06	0.00e+00	0.00e+00
 1.63021e+23	5.84e-21	2.25e-08	1.40e-06	1.35e-05	2.49e-03	6.63e-02	4.09e-01	4.67e-01	5.01e-02	4.58e-03	2.21e-04	4.17e-05	4.39e-06	0.00e+00	0.00e+00
 1.63753e+23	7.40e-21	2.70e-08	1.66e-06	1.57e-05	2.78e-03	7.06e-02	4.18e-01	4.58e-01	4.68e-02	4.16e-03	1.95e-04	3.62e-05	3.69e-06	0.00e+00	0.00e+00
 1.64506e+23	9.92e-21	3.40e-08	2.08e-06	1.93e-05	3.21e-03	7.68e-02	4.29e-01	4.45e-01	4.25e-02	3.66e-03	1.64e-04	3.00e-05	2.91e-06	0.00e+00	0.00e+00
 1.65276e+23	1.26e-20	4.10e-08	2.48e-06	2.27e-05	3.59e-03	8.18e-02	4.38e-01	4.34e-01	3.94e-02	3.31e-03	1.44e-04	2.59e-05	2.42e-06	0.00e+00	0.00e+00
 1.66067e+23	1.71e-20	5.19e-08	3.11e-06	2.80e-05	4.15e-03	8.89e-02	4.48e-01	4.20e-01	3.56e-02	2.89e-03	1.21e-04	2.13e-05	1.90e-06	0.00e+00	0.00e+00
 1.66868e+23	2.19e-20	6.27e-08	3.71e-06	3.27e-05	4.63e-03	9.46e-02	4.56e-01	4.09e-01	3.30e-02	2.61e-03	1.06e-04	1.84e-05	1.58e-06	0.00e+00	0.00e+00
 1.67682e+23	2.97e-20	7.95e-08	4.67e-06	4.06e-05	5.37e-03	1.03e-01	4.66e-01	3.93e-01	2.96e-02	2.27e-03	8.78e-05	1.50e-05	1.22e-06	0.00e+00	0.00e+00
 1.68503e+23	3.80e-20	9.60e-08	5.56e-06	4.75e-05	5.98e-03	1.09e-01	4.73e-01	3.82e-01	2.74e-02	2.05e-03	7.67e-05	1.29e-05	1.01e-06	0.00e+00	0.00e+00
 1.69334e+23	5.15e-20	1.22e-07	7.00e-06	5.89e-05	6.92e-03	1.18e-01	4.82e-01	3.66e-01	2.44e-02	1.78e-03	6.36e-05	1.05e-05	7.84e-07	0.00e+00	0.00e+00
 1.70145e+23	6.47e-20	1.45e-07	8.25e-06	6.83e-05	7.66e-03	1.25e-01	4.88e-01	3.55e-01	2.26e-02	1.61e-03	5.58e-05	9.12e-06	6.55e-07	0.00e+00	0.00e+00
 1.70930e+23	8.59e-20	1.80e-07	1.02e-05	8.27e-05	8.72e-03	1.34e-01	4.95e-01	3.40e-01	2.04e-02	1.41e-03	4.71e-05	7.57e-06	5.19e-07	0.00e+00	0.00e+00
 1.71757e+23	1.10e-19	2.18e-07	1.22e-05	9.83e-05	9.79e-03	1.43e-01	5.00e-01	3.27e-01	1.85e-02	1.25e-03	4.03e-05	6.39e-06	4.20e-07	0.00e+00	0.00e+00
 1.72451e+23	1.36e-19	2.56e-07	1.42e-05	1.13e-04	1.07e-02	1.50e-01	5.04e-01	3.17e-01	1.72e-02	1.14e-03	3.56e-05	5.58e-06	3.54e-07	0.00e+00	0.00e+00
 1.73165e+23	1.74e-19	3.10e-07	1.70e-05	1.33e-04	1.20e-02	1.59e-01	5.08e-01	3.04e-01	1.56e-02	1.02e-03	3.06e-05	4.73e-06	2.88e-07	0.00e+00	0.00e+00
 1.73915e+23	2.17e-19	3.67e-07	2.00e-05	1.53e-04	1.32e-02	1.67e-01	5.11e-01	2.93e-01	1.44e-02	9.18e-04	2.67e-05	4.08e-06	2.40e-07	0.00e+00	0.00e+00
 1.74605e+23	2.69e-19	4.33e-07	2.34e-05	1.77e-04	1.45e-02	1.75e-01	5.14e-01	2.82e-01	1.32e-02	8.29e-04	2.34e-05	3.53e-06	2.00e-07	0.00e+00	0.00e+00
 1.75395e+23	3.53e-19	5.32e-07	2.85e-05	2.11e-04	1.63e-02	1.86e-01	5.16e-01	2.69e-01	1.19e-02	7.29e-04	1.97e-05	2.94e-06	1.59e-07	0.00e+00	0.00e+00
 1.76205e+23	4.44e-19	6.35e-07	3.38e-05	2.48e-04	1.81e-02	1.96e-01	5.18e-01	2.57e-01	1.08e-02	6.49e-04	1.69e-05	2.50e-06	1.29e-07	0.00e+00	0.00e+00
 1.76916e+23	5.51e-19	7.49e-07	3.94e-05	2.85e-04	1.99e-02	2.05e-01	5.18e-01	2.46e-01	9.85e-03	5.85e-04	1.48e-05	2.15e-06	0.00e+00	0.00e+00	0.00e+00
 1.77714e+23	7.22e-19	9.19e-07	4.79e-05	3.39e-04	2.23e-02	2.17e-01	5.18e-01	2.33e-01	8.81e-03	5.13e-04	1.24e-05	1.79e-06	0.00e+00	0.00e+00	0.00e+00
 1.78554e+23	9.19e-19	1.10e-06	5.70e-05	3.97e-04	2.47e-02	2.28e-01	5.17e-01	2.22e-01	7.94e-03	4.54e-04	1.06e-05	1.51e-06	0.00e+00	0.00e+00	0.00e+00
 1.79316e+23	1.15e-18	1.31e-06	6.70e-05	4.60e-04	2.71e-02	2.38e-01	5.16e-01	2.11e-01	7.20e-03	4.05e-04	9.13e-06	1.28e-06	0.00e+00	0.00e+00	0.00e+00
 1.80178e+23	1.53e-18	1.63e-06	8.22e-05	5.53e-04	3.05e-02	2.51e-01	5.13e-01	1.98e-01	6.35e-03	3.51e-04	7.55e-06	1.05e-06	0.00e+00	0.00e+00	0.00e+00
 1.81065e+23	1.96e-18	1.96e-06	9.81e-05	6.50e-04	3.39e-02	2.63e-01	5.09e-01	1.87e-01	5.68e-03	3.08e-04	6.38e-06	8.77e-07	0.00e+00	0.00e+00	0.00e+00
 1.81854e+23	2.47e-18	2.33e-06	1.16e-04	7.55e-04	3.72e-02	2.74e-01	5.05e-01	1.77e-01	5.11e-03	2.73e-04	5.45e-06	7.42e-07	0.00e+00	0.00e+00	0.00e+00
 1.82747e+23	3.30e-18	2.90e-06	1.42e-04	9.08e-04	4.18e-02	2.89e-01	4.99e-01	1.64e-01	4.47e-03	2.35e-04	4.46e-06	6.00e-07	0.00e+00	0.00e+00	0.00e+00
 1.83674e+23	4.23e-18	3.51e-06	1.70e-04	1.07e-03	4.64e-02	3.02e-01	4.93e-01	1.54e-01	3.94e-03	2.04e-04	3.71e-06	4.95e-07	0.00e+00	0.00e+00	0.00e+00
 1.84507e+23	5.40e-18	4.20e-06	2.01e-04	1.25e-03	5.09e-02	3.13e-01	4.86e-01	1.44e-01	3.52e-03	1.80e-04	3.14e-06	4.15e-07	0.00e+00	0.00e+00	0.00e+00
 1.85450e+23	7.20e-18	5.28e-06	2.49e-04	1.51e-03	5.73e-02	3.28e-01	4.77e-01	1.33e-01	3.03e-03	1.52e-04	2.52e-06	3.30e-07	0.00e+00	0.00e+00	0.00e+00
 1.86425e+23	9.31e-18	6.40e-06	2.99e-04	1.78e-03	6.33e-02	3.41e-01	4.68e-01	1.23e-01	2.66e-03	1.32e-04	2.09e-06	2.70e-07	0.00e+00	0.00e+00	0.00e+00
 1.87304e+23	1.20e-17	7.71e-06	3.55e-04	2.08e-03	6.95e-02	3.53e-01	4.58e-01	1.14e-01	2.34e-03	1.14e-04	1.74e-06	2.23e-07	0.00e+00	0.00e+00	0.00e+00
 1.88313e+23	1.65e-17	9.80e-06	4.45e-04	2.54e-03	7.84e-02	3.69e-01	4.44e-01	1.03e-01	1.98e-03	9.47e-05	1.36e-06	1.73e-07	0.00e+00	0.00e+00	0.00e+00
 1.89331e+23	2.12e-17	1.18e-05	5.30e-04	2.99e-03	8.63e-02	3.81e-01	4.32e-01	9.50e-02	1.72e-03	8.13e-05	1.12e-06	1.41e-07	0.00e+00	0.00e+00	0.00e+00
 1.90358e+23	2.94e-17	1.50e-05	6.59e-04	3.62e-03	9.65e-02	3.95e-01	4.17e-01	8.57e-02	1.45e-03	6.75e-05	8.78e-07	0.00e+00	0.00e+00	0.00e+00	0.00e+00
 1.91409e+23	3.84e-17	1.83e-05	7.93e-04	4.28e-03	1.06e-01	4.06e-01	4.03e-01	7.80e-02	1.24e-03	5.71e-05	7.07e-07	0.00e+00	0.00e+00	0.00e+00	0.00e+00
