#depth	Ar	Ar+	Ar+2	Ar+3	Ar+4	Ar+5	Ar+6	Ar+7	Ar+8	Ar+9	Ar+10	Ar+11	Ar+12	Ar+13	Ar+14	Ar+15	Ar+16	Ar+17	Ar+18
 1.54284e+22	0.00e+00	0.00e+00	0.00e+00	0.00e+00	0.00e+00	0.00e+00	0.00e+00	0.00e+00	1.46e-21	1.94e-18	1.27e-15	4.01e-13	8.81e-11	9.82e-09	6.95e-07	5.19e-05	6.74e-03	1.33e-01	8.60e-01
 3.47359e+22	0.00e+00	0.00e+00	0.00e+00	0.00e+00	0.00e+00	0.00e+00	0.00e+00	3.15e-23	8.69e-20	7.45e-17	3.18e-14	6.58e-12	9.46e-10	6.97e-08	3.29e-06	1.64e-04	1.42e-02	1.86e-01	8.00e-01
 4.09908e+22	0.00e+00	0.00e+00	0.00e+00	0.00e+00	0.00e+00	0.00e+00	3.68e-25	4.73e-22	1.00e-18	6.59e-16	2.17e-13	3.48e-11	3.87e-09	2.22e-07	8.24e-06	3.22e-04	2.19e-02	2.24e-01	7.54e-01
 4.52675e+22	0.00e+00	0.00e+00	0.00e+00	0.00e+00	0.00e+00	1.11e-27	1.76e-24	1.88e-21	6.96e-18	3.72e-15	9.92e-13	1.30e-10	1.18e-08	5.56e-07	1.70e-05	5.47e-04	3.06e-02	2.58e-01	7.11e-01
 4.76434e+22	0.00e+00	0.00e+00	0.00e+00	0.00e+00	8.29e-31	2.10e-27	3.19e-24	3.24e-21	1.14e-17	5.76e-15	1.46e-12	1.81e-10	1.56e-08	7.00e-07	2.03e-05	6.24e-04	3.33e-02	2.66e-01	7.00e-01
 4.84155e+22	0.00e+00	0.00e+00	0.00e+00	0.00e+00	1.26e-30	3.11e-27	4.58e-24	4.53e-21	1.54e-17	7.53e-15	1.85e-12	2.23e-10	1.86e-08	8.07e-07	2.27e-05	6.77e-04	3.50e-02	2.72e-01	6.92e-01
 4.90985e+22	0.00e+00	0.00e+00	0.00e+00	0.00e+00	2.17e-30	5.16e-27	7.33e-24	6.99e-21	2.27e-17	1.07e-14	2.51e-12	2.90e-10	2.32e-08	9.69e-07	2.63e-05	7.52e-04	3.74e-02	2.79e-01	6.83e-01
 4.98034e+22	0.00e+00	0.00e+00	0.00e+00	0.00e+00	3.46e-30	7.97e-27	1.10e-23	1.01e-20	3.18e-17	1.44e-14	3.26e-12	3.64e-10	2.82e-08	1.13e-06	2.97e-05	8.23e-04	3.95e-02	2.85e-01	6.74e-01
 5.04368e+22	0.00e+00	0.00e+00	0.00e+00	0.00e+00	5.31e-30	1.19e-26	1.59e-23	1.43e-20	4.32e-17	1.89e-14	4.15e-12	4.49e-10	3.36e-08	1.31e-06	3.33e-05	8.93e-04	4.16e-02	2.91e-01	6.67e-01
 5.11601e+22	0.00e+00	0.00e+00	0.00e+00	0.00e+00	9.07e-30	1.96e-26	2.53e-23	2.19e-20	6.36e-17	2.66e-14	5.61e-12	5.82e-10	4.18e-08	1.57e-06	3.83e-05	9.89e-04	4.43e-02	2.98e-01	6.57e-01
 5.19261e+22	0.00e+00	0.00e+00	0.00e+00	0.00e+00	1.52e-29	3.17e-26	3.95e-23	3.29e-20	9.19e-17	3.70e-14	7.50e-12	7.48e-10	5.17e-08	1.86e-06	4.39e-05	1.09e-03	4.71e-02	3.05e-01	6.47e-01
 5.25873e+22	0.00e+00	0.00e+00	0.00e+00	0.00e+00	2.39e-29	4.84e-26	5.85e-23	4.73e-20	1.27e-16	4.95e-14	9.69e-12	9.33e-10	6.23e-08	2.17e-06	4.94e-05	1.19e-03	4.97e-02	3.11e-01	6.38e-01
 5.31905e+22	0.00e+00	0.00e+00	0.00e+00	0.00e+00	1.96e-29	3.85e-26	4.53e-23	6.64e-20	1.73e-16	6.50e-14	1.23e-11	1.15e-09	7.41e-08	2.50e-06	5.53e-05	1.29e-03	5.22e-02	3.17e-01	6.30e-01
 5.38784e+22	0.00e+00	0.00e+00	0.00e+00	0.00e+00	6.13e-29	1.17e-25	1.32e-22	1.00e-19	2.51e-16	9.05e-14	1.64e-11	1.47e-09	9.15e-08	2.98e-06	6.32e-05	1.42e-03	5.54e-02	3.24e-01	6.19e-01
 5.46088e+22	0.00e+00	0.00e+00	0.00e+00	0.00e+00	5.34e-29	9.83e-26	1.08e-22	1.47e-19	3.55e-16	1.23e-13	2.16e-11	1.87e-09	1.12e-07	3.50e-06	7.18e-05	1.56e-03	5.86e-02	3.30e-01	6.10e-01
 5.52739e+22	0.00e+00	0.00e+00	0.00e+00	0.00e+00	8.43e-29	1.50e-25	1.60e-22	2.12e-19	4.92e-16	1.65e-13	2.79e-11	2.33e-09	1.35e-07	4.07e-06	8.08e-05	1.70e-03	6.17e-02	3.36e-01	6.00e-01
 5.60181e+22	0.00e+00	0.00e+00	0.00e+00	3.47e-32	1.46e-28	2.51e-25	2.58e-22	3.29e-19	7.30e-16	2.34e-13	3.80e-11	3.04e-09	1.68e-07	4.89e-06	9.31e-05	1.88e-03	6.57e-02	3.44e-01	5.89e-01
 5.67597e+22	0.00e+00	0.00e+00	0.00e+00	5.82e-32	2.37e-28	3.95e-25	3.92e-22	4.82e-19	1.03e-15	3.19e-13	4.99e-11	3.84e-09	2.05e-07	5.75e-06	1.06e-04	2.06e-03	6.94e-02	3.50e-01	5.78e-01
 5.73615e+22	0.00e+00	0.00e+00	0.00e+00	9.04e-32	3.58e-28	5.80e-25	5.60e-22	6.69e-19	1.39e-15	4.16e-13	6.28e-11	4.69e-09	2.43e-07	6.60e-06	1.18e-04	2.22e-03	7.27e-02	3.55e-01	5.70e-01
 5.80078e+22	0.00e+00	0.00e+00	0.00e+00	1.50e-31	5.77e-28	9.05e-25	8.47e-22	9.79e-19	1.95e-15	5.64e-13	8.21e-11	5.91e-09	2.95e-07	7.72e-06	1.33e-04	2.42e-03	7.66e-02	3.62e-01	5.59e-01
 5.87135e+22	0.00e+00	0.00e+00	0.00e+00	2.48e-31	9.24e-28	1.40e-24	1.27e-21	1.42e-18	2.74e-15	7.61e-13	1.07e-10	7.42e-09	3.57e-07	9.03e-06	1.50e-04	2.64e-03	8.07e-02	3.68e-01	5.49e-01
 5.93798e+22	0.00e+00	0.00e+00	0.00e+00	4.07e-31	1.47e-27	2.16e-24	1.90e-21	2.05e-18	3.82e-15	1.02e-12	1.39e-10	9.29e-09	4.31e-07	1.05e-05	1.69e-04	2.88e-03	8.49e-02	3.74e-01	5.38e-01
 6.00268e+22	0.00e+00	0.00e+00	0.00e+00	6.56e-31	2.30e-27	3.29e-24	2.80e-21	2.93e-18	5.26e-15	1.36e-12	1.78e-10	1.15e-08	5.17e-07	1.22e-05	1.90e-04	3.12e-03	8.91e-02	3.79e-01	5.28e-01
 6.06485e+22	0.00e+00	0.00e+00	0.00e+00	1.03e-30	3.51e-27	4.88e-24	4.04e-21	4.10e-18	7.12e-15	1.78e-12	2.26e-10	1.42e-08	6.14e-07	1.40e-05	2.11e-04	3.37e-03	9.32e-02	3.84e-01	5.19e-01
 6.13397e+22	0.00e+00	0.00e+00	0.00e+00	1.76e-30	5.81e-27	7.81e-24	6.25e-21	6.12e-18	1.02e-14	2.46e-12	2.99e-10	1.80e-08	7.53e-07	1.66e-05	2.40e-04	3.69e-03	9.84e-02	3.90e-01	5.07e-01
 6.20621e+22	0.00e+00	0.00e+00	0.00e+00	2.94e-30	9.40e-27	1.22e-23	9.46e-21	8.94e-18	1.44e-14	3.34e-12	3.92e-10	2.28e-08	9.16e-07	1.94e-05	2.72e-04	4.02e-03	1.03e-01	3.96e-01	4.96e-01
 6.26919e+22	0.00e+00	0.00e+00	0.00e+00	4.67e-30	1.45e-26	1.83e-23	1.37e-20	1.26e-17	1.96e-14	4.40e-12	5.00e-10	2.81e-08	1.09e-06	2.24e-05	3.03e-04	4.35e-03	1.08e-01	4.01e-01	4.86e-01
 6.33773e+22	0.00e+00	0.00e+00	0.00e+00	8.00e-30	2.40e-26	2.93e-23	2.13e-20	1.88e-17	2.82e-14	6.08e-12	6.63e-10	3.58e-08	1.34e-06	2.65e-05	3.45e-04	4.76e-03	1.14e-01	4.07e-01	4.74e-01
 6.41076e+22	0.00e+00	0.00e+00	0.00e+00	1.35e-29	3.92e-26	4.62e-23	3.24e-20	2.76e-17	3.99e-14	8.29e-12	8.71e-10	4.54e-08	1.63e-06	3.11e-05	3.90e-04	5.19e-03	1.20e-01	4.12e-01	4.63e-01
 6.47377e+22	0.00e+00	0.00e+00	0.00e+00	2.13e-29	6.00e-26	6.87e-23	4.68e-20	3.86e-17	5.41e-14	1.09e-11	1.11e-09	5.57e-08	1.94e-06	3.58e-05	4.35e-04	5.59e-03	1.25e-01	4.16e-01	4.53e-01
 6.53074e+22	0.00e+00	0.00e+00	0.00e+00	3.24e-29	8.90e-26	9.93e-23	6.58e-20	5.28e-17	7.17e-14	1.40e-11	1.38e-09	6.74e-08	2.28e-06	4.07e-05	4.80e-04	5.99e-03	1.30e-01	4.20e-01	4.43e-01
 6.59572e+22	0.00e+00	0.00e+00	0.00e+00	5.35e-29	1.43e-25	1.54e-22	9.88e-20	7.66e-17	1.00e-13	1.89e-11	1.80e-09	8.46e-08	2.76e-06	4.75e-05	5.40e-04	6.51e-03	1.37e-01	4.24e-01	4.32e-01
 6.66591e+22	0.00e+00	0.00e+00	2.32e-32	8.99e-29	2.32e-25	2.42e-22	1.50e-19	1.12e-16	1.42e-13	2.57e-11	2.35e-09	1.07e-07	3.36e-06	5.58e-05	6.10e-04	7.08e-03	1.43e-01	4.29e-01	4.20e-01
 6.72916e+22	0.00e+00	0.00e+00	3.72e-32	1.41e-28	3.53e-25	3.58e-22	2.15e-19	1.56e-16	1.91e-13	3.36e-11	2.98e-09	1.31e-07	3.99e-06	6.40e-05	6.78e-04	7.62e-03	1.49e-01	4.32e-01	4.10e-01
 6.79770e+22	0.00e+00	0.00e+00	6.64e-32	2.44e-28	5.90e-25	5.77e-22	3.35e-19	2.33e-16	2.76e-13	4.65e-11	3.97e-09	1.68e-07	4.91e-06	7.57e-05	7.71e-04	8.33e-03	1.57e-01	4.36e-01	3.98e-01
 6.86741e+22	0.00e+00	0.00e+00	1.12e-31	3.99e-28	9.35e-25	8.85e-22	4.96e-19	3.34e-16	3.82e-13	6.23e-11	5.13e-09	2.09e-07	5.91e-06	8.81e-05	8.65e-04	9.01e-03	1.64e-01	4.40e-01	3.86e-01
 6.92582e+22	0.00e+00	0.00e+00	1.76e-31	6.13e-28	1.40e-24	1.28e-21	7.00e-19	4.56e-16	5.07e-13	8.03e-11	6.42e-09	2.54e-07	6.96e-06	1.00e-04	9.56e-04	9.65e-03	1.70e-01	4.42e-01	3.77e-01
 6.98894e+22	0.00e+00	0.00e+00	2.99e-31	1.01e-27	2.24e-24	1.99e-21	1.05e-18	6.59e-16	7.08e-13	1.08e-10	8.35e-09	3.19e-07	8.42e-06	1.17e-04	1.07e-03	1.04e-02	1.78e-01	4.45e-01	3.65e-01
 7.05643e+22	0.00e+00	0.00e+00	5.09e-31	1.68e-27	3.58e-24	3.07e-21	1.56e-18	9.47e-16	9.85e-13	1.46e-10	1.08e-08	3.99e-07	1.02e-05	1.37e-04	1.21e-03	1.13e-02	1.85e-01	4.48e-01	3.54e-01
 7.11705e+22	0.00e+00	0.00e+00	8.05e-31	2.58e-27	5.36e-24	4.47e-21	2.21e-18	1.30e-15	1.31e-12	1.88e-10	1.36e-08	4.85e-07	1.20e-05	1.56e-04	1.33e-03	1.21e-02	1.92e-01	4.50e-01	3.44e-01
 7.18328e+22	0.00e+00	0.00e+00	1.42e-30	4.43e-27	8.87e-24	7.13e-21	3.39e-18	1.91e-15	1.87e-12	2.58e-10	1.80e-08	6.18e-07	1.47e-05	1.84e-04	1.51e-03	1.32e-02	2.01e-01	4.52e-01	3.32e-01
 7.25278e+22	0.00e+00	0.00e+00	2.44e-30	7.37e-27	1.42e-23	1.11e-20	5.07e-18	2.75e-15	2.61e-12	3.48e-10	2.34e-08	7.77e-07	1.78e-05	2.15e-04	1.70e-03	1.42e-02	2.10e-01	4.53e-01	3.21e-01
 7.31209e+22	0.00e+00	0.00e+00	3.89e-30	1.14e-26	2.15e-23	1.61e-20	7.18e-18	3.77e-15	3.48e-12	4.51e-10	2.94e-08	9.46e-07	2.11e-05	2.46e-04	1.88e-03	1.52e-02	2.17e-01	4.54e-01	3.11e-01
 7.36637e+22	0.00e+00	0.00e+00	6.08e-30	1.74e-26	3.18e-23	2.32e-20	1.00e-17	5.10e-15	4.58e-12	5.78e-10	3.66e-08	1.14e-06	2.47e-05	2.79e-04	2.07e-03	1.63e-02	2.25e-01	4.55e-01	3.02e-01
 7.42857e+22	0.00e+00	0.00e+00	1.06e-29	2.95e-26	5.18e-23	3.65e-20	1.51e-17	7.40e-15	6.44e-12	7.85e-10	4.80e-08	1.44e-06	3.01e-05	3.28e-04	2.33e-03	1.76e-02	2.34e-01	4.55e-01	2.91e-01
 7.49331e+22	0.00e+00	0.00e+00	1.72e-29	4.66e-26	7.93e-23	5.40e-20	2.17e-17	1.02e-14	8.66e-12	1.03e-09	6.08e-08	1.77e-06	3.58e-05	3.76e-04	2.58e-03	1.88e-02	2.42e-01	4.55e-01	2.81e-01
 7.55214e+22	0.00e+00	0.00e+00	2.80e-29	7.36e-26	1.21e-22	7.99e-20	3.10e-17	1.41e-14	1.16e-11	1.34e-09	7.71e-08	2.17e-06	4.25e-05	4.32e-04	2.86e-03	2.02e-02	2.51e-01	4.55e-01	2.71e-01
 7.61058e+22	0.00e+00	0.00e+00	4.55e-29	1.17e-25	1.86e-22	1.18e-19	4.44e-17	1.95e-14	1.57e-11	1.75e-09	9.77e-08	2.67e-06	5.06e-05	4.97e-04	3.17e-03	2.16e-02	2.59e-01	4.54e-01	2.61e-01
 7.66656e+22	0.00e+00	0.00e+00	7.16e-29	1.79e-25	2.77e-22	1.71e-19	6.19e-17	2.63e-14	2.06e-11	2.24e-09	1.22e-07	3.23e-06	5.94e-05	5.66e-04	3.49e-03	2.30e-02	2.67e-01	4.53e-01	2.52e-01
 7.72820e+22	0.00e+00	0.00e+00	1.27e-28	3.06e-25	4.56e-22	2.70e-19	9.39e-17	3.81e-14	2.91e-11	3.06e-09	1.61e-07	4.11e-06	7.28e-05	6.66e-04	3.94e-03	2.49e-02	2.78e-01	4.52e-01	2.41e-01
 7.79017e+22	0.00e+00	0.00e+00	2.02e-28	4.75e-25	6.86e-22	3.93e-19	1.32e-16	5.19e-14	3.86e-11	3.95e-09	2.01e-07	4.99e-06	8.58e-05	7.60e-04	4.34e-03	2.65e-02	2.86e-01	4.50e-01	2.32e-01
 7.84430e+22	0.00e+00	0.00e+00	3.22e-28	7.34e-25	1.03e-21	5.69e-19	1.85e-16	7.00e-14	5.09e-11	5.08e-09	2.51e-07	6.05e-06	1.01e-04	8.67e-04	4.78e-03	2.82e-02	2.95e-01	4.48e-01	2.23e-01
 7.90640e+22	0.00e+00	0.00e+00	5.78e-28	1.27e-24	1.71e-21	9.06e-19	2.82e-16	1.02e-13	7.22e-11	6.97e-09	3.33e-07	7.73e-06	1.24e-04	1.02e-03	5.40e-03	3.05e-02	3.06e-01	4.45e-01	2.13e-01
 7.96902e+22	0.00e+00	0.00e+00	9.26e-28	1.98e-24	2.58e-21	1.32e-18	3.98e-16	1.39e-13	9.59e-11	9.01e-09	4.18e-07	9.40e-06	1.47e-04	1.17e-03	5.95e-03	3.24e-02	3.14e-01	4.42e-01	2.04e-01
 8.02255e+22	0.00e+00	0.00e+00	1.48e-27	3.07e-24	3.86e-21	1.91e-18	5.55e-16	1.86e-13	1.26e-10	1.16e-08	5.23e-07	1.14e-05	1.73e-04	1.33e-03	6.55e-03	3.44e-02	3.23e-01	4.39e-01	1.96e-01
 8.07322e+22	0.00e+00	0.00e+00	2.22e-27	4.51e-24	5.51e-21	2.65e-18	7.46e-16	2.43e-13	1.61e-10	1.44e-08	6.36e-07	1.35e-05	1.99e-04	1.49e-03	7.12e-03	3.63e-02	3.31e-01	4.36e-01	1.89e-01
 8.12993e+22	0.00e+00	8.42e-33	3.81e-27	7.48e-24	8.79e-21	4.06e-18	1.10e-15	3.42e-13	2.21e-10	1.93e-08	8.23e-07	1.69e-05	2.41e-04	1.74e-03	7.94e-03	3.89e-02	3.41e-01	4.31e-01	1.79e-01
 8.18838e+22	0.00e+00	1.39e-32	6.14e-27	1.17e-23	1.33e-20	5.90e-18	1.53e-15	4.60e-13	2.92e-10	2.49e-08	1.03e-06	2.06e-05	2.84e-04	1.98e-03	8.74e-03	4.13e-02	3.49e-01	4.27e-01	1.71e-01
 8.23991e+22	0.00e+00	2.22e-32	9.52e-27	1.76e-23	1.94e-20	8.36e-18	2.10e-15	6.09e-13	3.79e-10	3.15e-08	1.27e-06	2.47e-05	3.31e-04	2.24e-03	9.54e-03	4.36e-02	3.57e-01	4.23e-01	1.64e-01
 8.29771e+22	0.00e+00	3.99e-32	1.66e-26	2.97e-23	3.13e-20	1.29e-17	3.11e-15	8.62e-13	5.24e-10	4.23e-08	1.66e-06	3.10e-05	4.02e-04	2.61e-03	1.07e-02	4.66e-02	3.67e-01	4.17e-01	1.55e-01
 8.35540e+22	0.00e+00	6.50e-32	2.63e-26	4.57e-23	4.67e-20	1.86e-17	4.30e-15	1.15e-12	6.86e-10	5.40e-08	2.06e-06	3.74e-05	4.72e-04	2.96e-03	1.17e-02	4.93e-02	3.76e-01	4.12e-01	1.48e-01
 8.40428e+22	0.00e+00	1.00e-31	3.97e-26	6.72e-23	6.66e-20	2.57e-17	5.77e-15	1.49e-12	8.73e-10	6.73e-08	2.51e-06	4.43e-05	5.44e-04	3.32e-03	1.26e-02	5.17e-02	3.83e-01	4.07e-01	1.42e-01
 8.45920e+22	0.00e+00	1.77e-31	6.78e-26	1.11e-22	1.06e-19	3.90e-17	8.39e-15	2.07e-12	1.19e-09	8.94e-08	3.23e-06	5.51e-05	6.54e-04	3.84e-03	1.40e-02	5.51e-02	3.92e-01	4.00e-01	1.34e-01
 8.51522e+22	0.00e+00	2.86e-31	1.07e-25	1.70e-22	1.56e-19	5.57e-17	1.15e-14	2.73e-12	1.55e-09	1.14e-07	4.01e-06	6.64e-05	7.66e-04	4.35e-03	1.53e-02	5.80e-02	4.00e-01	3.94e-01	1.28e-01
 8.56435e+22	0.00e+00	4.51e-31	1.65e-25	2.54e-22	2.26e-19	7.80e-17	1.56e-14	3.56e-12	1.99e-09	1.43e-07	4.91e-06	7.91e-05	8.87e-04	4.89e-03	1.67e-02	6.09e-02	4.07e-01	3.88e-01	1.22e-01
 8.61991e+22	0.00e+00	7.95e-31	2.82e-25	4.20e-22	3.59e-19	1.19e-16	2.27e-14	4.95e-12	2.70e-09	1.90e-07	6.32e-06	9.84e-05	1.07e-03	5.64e-03	1.84e-02	6.47e-02	4.15e-01	3.80e-01	1.15e-01
 8.67724e+22	0.00e+00	1.31e-30	4.53e-25	6.55e-22	5.40e-19	1.71e-16	3.15e-14	6.61e-12	3.55e-09	2.43e-07	7.89e-06	1.19e-04	1.25e-03	6.41e-03	2.02e-02	6.81e-02	4.23e-01	3.73e-01	1.08e-01
 8.72786e+22	0.00e+00	2.11e-30	7.09e-25	9.94e-22	7.92e-19	2.43e-16	4.29e-14	8.65e-12	4.58e-09	3.07e-07	9.73e-06	1.43e-04	1.46e-03	7.23e-03	2.19e-02	7.14e-02	4.29e-01	3.66e-01	1.03e-01
 8.77693e+22	0.00e+00	3.37e-30	1.11e-24	1.51e-21	1.16e-18	3.42e-16	5.82e-14	1.13e-11	5.90e-09	3.88e-07	1.20e-05	1.71e-04	1.70e-03	8.13e-03	2.38e-02	7.48e-02	4.35e-01	3.59e-01	9.74e-02
 8.83297e+22	0.00e+00	6.04e-30	1.92e-24	2.52e-21	1.86e-18	5.25e-16	8.52e-14	1.58e-11	8.09e-09	5.18e-07	1.55e-05	2.13e-04	2.04e-03	9.40e-03	2.63e-02	7.92e-02	4.43e-01	3.49e-01	9.09e-02
 8.89022e+22	0.00e+00	9.85e-30	3.06e-24	3.89e-21	2.76e-18	7.50e-16	1.17e-13	2.08e-11	1.05e-08	6.59e-07	1.92e-05	2.57e-04	2.39e-03	1.06e-02	2.86e-02	8.29e-02	4.48e-01	3.41e-01	8.57e-02
 8.94906e+22	0.00e+00	1.81e-29	5.44e-24	6.66e-21	4.52e-18	1.17e-15	1.74e-13	2.93e-11	1.46e-08	8.90e-07	2.51e-05	3.23e-04	2.90e-03	1.23e-02	3.17e-02	8.77e-02	4.55e-01	3.31e-01	7.95e-02
 9.00901e+22	0.00e+00	3.09e-29	9.04e-24	1.07e-20	6.96e-18	1.72e-15	2.45e-13	3.94e-11	1.93e-08	1.16e-06	3.18e-05	3.95e-04	3.43e-03	1.40e-02	3.47e-02	9.20e-02	4.60e-01	3.21e-01	7.43e-02
 9.05776e+22	0.00e+00	4.74e-29	1.36e-23	1.56e-20	9.82e-18	2.35e-15	3.21e-13	4.99e-11	2.42e-08	1.43e-06	3.83e-05	4.64e-04	3.92e-03	1.56e-02	3.72e-02	9.55e-02	4.63e-01	3.14e-01	7.03e-02
 9.10849e+22	0.00e+00	8.14e-29	2.26e-23	2.50e-20	1.52e-17	3.47e-15	4.54e-13	6.73e-11	3.23e-08	1.85e-06	4.84e-05	5.68e-04	4.64e-03	1.77e-02	4.06e-02	1.00e-01	4.67e-01	3.04e-01	6.54e-02
 9.16107e+22	0.00e+00	1.30e-28	3.54e-23	3.79e-20	2.21e-17	4.87e-15	6.11e-13	8.70e-11	4.13e-08	2.33e-06	5.95e-05	6.77e-04	5.37e-03	1.98e-02	4.37e-02	1.04e-01	4.70e-01	2.95e-01	6.13e-02
 9.20469e+22	0.00e+00	1.92e-28	5.12e-23	5.35e-20	3.03e-17	6.45e-15	7.81e-13	1.07e-10	5.06e-08	2.82e-06	7.04e-05	7.82e-04	6.06e-03	2.18e-02	4.65e-02	1.07e-01	4.72e-01	2.88e-01	5.81e-02
 9.25003e+22	0.00e+00	3.13e-28	8.13e-23	8.20e-20	4.47e-17	9.13e-15	1.06e-12	1.40e-10	6.53e-08	3.56e-06	8.68e-05	9.35e-04	7.03e-03	2.44e-02	5.01e-02	1.11e-01	4.74e-01	2.78e-01	5.42e-02
 9.29641e+22	0.00e+00	4.68e-28	1.19e-22	1.17e-19	6.17e-17	1.22e-14	1.37e-12	1.74e-10	8.06e-08	4.33e-06	1.03e-04	1.08e-03	7.95e-03	2.68e-02	5.33e-02	1.15e-01	4.74e-01	2.71e-01	5.11e-02
 9.33492e+22	0.00e+00	6.73e-28	1.68e-22	1.61e-19	8.24e-17	1.58e-14	1.71e-12	2.10e-10	9.70e-08	5.15e-06	1.21e-04	1.24e-03	8.88e-03	2.91e-02	5.63e-02	1.18e-01	4.75e-01	2.64e-01	4.84e-02
 9.36969e+22	0.00e+00	9.54e-28	2.34e-22	2.19e-19	1.09e-16	2.02e-14	2.12e-12	2.53e-10	1.16e-07	6.08e-06	1.40e-04	1.41e-03	9.87e-03	3.15e-02	5.93e-02	1.20e-01	4.75e-01	2.57e-01	4.59e-02
 9.40226e+22	0.00e+00	1.31e-27	3.16e-22	2.89e-19	1.40e-16	2.52e-14	2.57e-12	2.98e-10	1.36e-07	7.06e-06	1.60e-04	1.58e-03	1.08e-02	3.39e-02	6.21e-02	1.23e-01	4.74e-01	2.50e-01	4.38e-02
 9.43807e+22	0.00e+00	1.93e-27	4.59e-22	4.06e-19	1.91e-16	3.32e-14	3.27e-12	3.65e-10	1.66e-07	8.50e-06	1.89e-04	1.82e-03	1.22e-02	3.70e-02	6.57e-02	1.26e-01	4.73e-01	2.42e-01	4.11e-02
 9.47482e+22	0.00e+00	2.70e-27	6.30e-22	5.45e-19	2.48e-16	4.20e-14	4.01e-12	4.34e-10	1.97e-07	9.96e-06	2.18e-04	2.05e-03	1.35e-02	3.98e-02	6.89e-02	1.29e-01	4.72e-01	2.36e-01	3.90e-02
 9.50748e+22	0.00e+00	3.75e-27	8.61e-22	7.26e-19	3.22e-16	5.29e-14	4.89e-12	5.13e-10	2.33e-07	1.16e-05	2.50e-04	2.30e-03	1.48e-02	4.28e-02	7.21e-02	1.31e-01	4.71e-01	2.29e-01	3.70e-02
 9.53834e+22	0.00e+00	5.11e-27	1.15e-21	9.52e-19	4.11e-16	6.56e-14	5.89e-12	6.00e-10	2.71e-07	1.34e-05	2.85e-04	2.57e-03	1.62e-02	4.58e-02	7.52e-02	1.33e-01	4.69e-01	2.23e-01	3.51e-02
 9.56752e+22	0.00e+00	6.82e-27	1.52e-21	1.23e-18	5.16e-16	8.03e-14	7.01e-12	6.95e-10	3.14e-07	1.54e-05	3.21e-04	2.85e-03	1.77e-02	4.87e-02	7.82e-02	1.35e-01	4.67e-01	2.17e-01	3.34e-02
 9.60076e+22	0.00e+00	9.86e-27	2.16e-21	1.69e-18	6.90e-16	1.04e-13	8.74e-12	8.36e-10	3.77e-07	1.83e-05	3.75e-04	3.24e-03	1.96e-02	5.27e-02	8.21e-02	1.38e-01	4.63e-01	2.09e-01	3.14e-02
 9.63489e+22	0.00e+00	1.37e-26	2.95e-21	2.25e-18	8.92e-16	1.30e-13	1.06e-11	9.81e-10	4.43e-07	2.13e-05	4.29e-04	3.64e-03	2.16e-02	5.65e-02	8.56e-02	1.40e-01	4.60e-01	2.02e-01	2.96e-02
 9.66467e+22	4.28e-33	1.85e-26	3.93e-21	2.93e-18	1.13e-15	1.60e-13	1.26e-11	1.14e-09	5.14e-07	2.44e-05	4.86e-04	4.04e-03	2.35e-02	6.02e-02	8.90e-02	1.42e-01	4.57e-01	1.96e-01	2.80e-02
 9.69791e+22	6.38e-33	2.71e-26	5.64e-21	4.08e-18	1.52e-15	2.07e-13	1.58e-11	1.37e-09	6.19e-07	2.91e-05	5.68e-04	4.61e-03	2.62e-02	6.51e-02	9.32e-02	1.44e-01	4.52e-01	1.88e-01	2.61e-02
 9.73001e+22	8.60e-33	3.60e-26	7.40e-21	5.23e-18	1.90e-15	2.52e-13	1.87e-11	1.57e-09	7.12e-07	3.32e-05	6.38e-04	5.08e-03	2.83e-02	6.89e-02	9.64e-02	1.46e-01	4.48e-01	1.83e-01	2.48e-02
 9.75646e+22	1.17e-32	4.81e-26	9.75e-21	6.72e-18	2.38e-15	3.06e-13	2.20e-11	1.80e-09	8.17e-07	3.78e-05	7.18e-04	5.61e-03	3.07e-02	7.30e-02	9.98e-02	1.47e-01	4.43e-01	1.77e-01	2.34e-02
 9.78248e+22	1.56e-32	6.34e-26	1.27e-20	8.55e-18	2.95e-15	3.69e-13	2.57e-11	2.05e-09	9.33e-07	4.29e-05	8.03e-04	6.16e-03	3.31e-02	7.71e-02	1.03e-01	1.48e-01	4.38e-01	1.71e-01	2.22e-02
 9.81213e+22	2.25e-32	8.98e-26	1.77e-20	1.16e-17	3.85e-15	4.67e-13	3.14e-11	2.41e-09	1.10e-06	5.01e-05	9.23e-04	6.93e-03	3.64e-02	8.25e-02	1.07e-01	1.50e-01	4.32e-01	1.64e-01	2.07e-02
 9.84254e+22	3.12e-32	1.23e-25	2.38e-20	1.52e-17	4.90e-15	5.75e-13	3.73e-11	2.78e-09	1.27e-06	5.76e-05	1.05e-03	7.69e-03	3.96e-02	8.76e-02	1.11e-01	1.51e-01	4.26e-01	1.58e-01	1.94e-02
 9.86883e+22	4.13e-32	1.61e-25	3.08e-20	1.91e-17	6.03e-15	6.88e-13	4.35e-11	3.14e-09	1.45e-06	6.50e-05	1.16e-03	8.40e-03	4.25e-02	9.21e-02	1.14e-01	1.51e-01	4.20e-01	1.52e-01	1.84e-02
 9.89794e+22	6.16e-32	2.35e-25	4.43e-20	2.66e-17	8.06e-15	8.83e-13	5.34e-11	3.71e-09	1.72e-06	7.68e-05	1.35e-03	9.52e-03	4.70e-02	9.88e-02	1.18e-01	1.52e-01	4.11e-01	1.45e-01	1.69e-02
 9.92697e+22	8.14e-32	3.07e-25	5.70e-20	3.34e-17	9.88e-15	1.05e-12	6.20e-11	4.19e-09	1.95e-06	8.63e-05	1.50e-03	1.04e-02	5.03e-02	1.04e-01	1.21e-01	1.53e-01	4.05e-01	1.39e-01	1.60e-02
 9.95591e+22	1.22e-31	4.52e-25	8.27e-20	4.67e-17	1.33e-14	1.35e-12	7.60e-11	4.93e-09	2.32e-06	1.02e-04	1.74e-03	1.17e-02	5.56e-02	1.11e-01	1.25e-01	1.53e-01	3.95e-01	1.32e-01	1.46e-02
 9.98495e+22	1.64e-31	5.99e-25	1.08e-19	5.95e-17	1.64e-14	1.63e-12	8.86e-11	5.57e-09	2.64e-06	1.15e-04	1.94e-03	1.28e-02	5.97e-02	1.16e-01	1.29e-01	1.53e-01	3.88e-01	1.26e-01	1.37e-02
 1.00141e+23	2.47e-31	8.85e-25	1.57e-19	8.31e-17	2.20e-14	2.08e-12	1.09e-10	6.54e-09	3.14e-06	1.36e-04	2.25e-03	1.45e-02	6.57e-02	1.24e-01	1.33e-01	1.53e-01	3.76e-01	1.19e-01	1.25e-02
 1.00426e+23	3.29e-31	1.17e-24	2.04e-19	1.05e-16	2.71e-14	2.49e-12	1.25e-10	7.34e-09	3.55e-06	1.53e-04	2.49e-03	1.58e-02	7.02e-02	1.30e-01	1.35e-01	1.52e-01	3.68e-01	1.14e-01	1.17e-02
 1.00704e+23	4.85e-31	1.69e-24	2.90e-19	1.44e-16	3.57e-14	3.15e-12	1.52e-10	8.52e-09	4.17e-06	1.78e-04	2.86e-03	1.77e-02	7.67e-02	1.38e-01	1.39e-01	1.51e-01	3.57e-01	1.07e-01	1.07e-02
 1.00988e+23	6.67e-31	2.29e-24	3.88e-19	1.87e-16	4.47e-14	3.81e-12	1.77e-10	9.62e-09	4.76e-06	2.02e-04	3.19e-03	1.94e-02	8.23e-02	1.44e-01	1.42e-01	1.50e-01	3.47e-01	1.01e-01	9.87e-03
 1.01235e+23	9.01e-31	3.05e-24	5.11e-19	2.39e-16	5.54e-14	4.56e-12	2.05e-10	1.08e-08	5.38e-06	2.28e-04	3.55e-03	2.11e-02	8.79e-02	1.51e-01	1.44e-01	1.49e-01	3.38e-01	9.61e-02	9.15e-03
 1.01509e+23	1.35e-30	4.50e-24	7.41e-19	3.32e-16	7.36e-14	5.79e-12	2.48e-10	1.25e-08	6.32e-06	2.66e-04	4.07e-03	2.36e-02	9.59e-02	1.59e-01	1.47e-01	1.47e-01	3.25e-01	8.94e-02	8.24e-03
 1.01779e+23	1.80e-30	5.90e-24	9.59e-19	4.18e-16	9.00e-14	6.86e-12	2.84e-10	1.38e-08	7.08e-06	2.97e-04	4.48e-03	2.55e-02	1.02e-01	1.65e-01	1.49e-01	1.46e-01	3.15e-01	8.48e-02	7.65e-03
 1.02043e+23	2.68e-30	8.65e-24	1.38e-18	5.78e-16	1.19e-13	8.64e-12	3.41e-10	1.59e-08	8.27e-06	3.45e-04	5.12e-03	2.83e-02	1.10e-01	1.74e-01	1.52e-01	1.43e-01	3.02e-01	7.86e-02	6.86e-03
 1.02307e+23	3.58e-30	1.14e-23	1.80e-18	7.30e-16	1.46e-13	1.03e-11	3.91e-10	1.76e-08	9.26e-06	3.84e-04	5.62e-03	3.06e-02	1.17e-01	1.80e-01	1.53e-01	1.41e-01	2.92e-01	7.42e-02	6.33e-03
 1.02573e+23	5.39e-30	1.69e-23	2.62e-18	1.02e-15	1.93e-13	1.30e-11	4.70e-10	2.02e-08	1.08e-05	4.46e-04	6.41e-03	3.40e-02	1.26e-01	1.88e-01	1.55e-01	1.38e-01	2.77e-01	6.82e-02	5.63e-03
 1.02841e+23	7.26e-30	2.25e-23	3.43e-18	1.29e-15	2.38e-13	1.54e-11	5.38e-10	2.25e-08	1.21e-05	4.97e-04	7.04e-03	3.66e-02	1.34e-01	1.94e-01	1.56e-01	1.36e-01	2.67e-01	6.41e-02	5.16e-03
 1.03112e+23	1.09e-29	3.31e-23	4.97e-18	1.79e-15	3.14e-13	1.94e-11	6.46e-10	2.57e-08	1.40e-05	5.73e-04	7.99e-03	4.04e-02	1.44e-01	2.02e-01	1.57e-01	1.32e-01	2.53e-01	5.86e-02	4.57e-03
 1.03380e+23	1.48e-29	4.44e-23	6.58e-18	2.29e-15	3.88e-13	2.31e-11	7.40e-10	2.85e-08	1.57e-05	6.38e-04	8.76e-03	4.35e-02	1.51e-01	2.08e-01	1.58e-01	1.29e-01	2.42e-01	5.47e-02	4.15e-03
 1.03647e+23	2.22e-29	6.54e-23	9.51e-18	3.16e-15	5.11e-13	2.90e-11	8.84e-10	3.25e-08	1.81e-05	7.33e-04	9.88e-03	4.77e-02	1.62e-01	2.16e-01	1.58e-01	1.25e-01	2.28e-01	4.98e-02	3.66e-03
 1.03919e+23	3.06e-29	8.91e-23	1.28e-17	4.09e-15	6.37e-13	3.48e-11	1.02e-09	3.61e-08	2.03e-05	8.17e-04	1.08e-02	5.13e-02	1.70e-01	2.21e-01	1.58e-01	1.21e-01	2.17e-01	4.61e-02	3.29e-03
 1.04197e+23	4.68e-29	1.34e-22	1.88e-17	5.72e-15	8.50e-13	4.42e-11	1.23e-09	4.14e-08	2.34e-05	9.39e-04	1.22e-02	5.63e-02	1.82e-01	2.28e-01	1.57e-01	1.16e-01	2.02e-01	4.15e-02	2.86e-03
 1.04476e+23	6.48e-29	1.82e-22	2.53e-17	7.42e-15	1.06e-12	5.30e-11	1.41e-09	4.60e-08	2.61e-05	1.04e-03	1.34e-02	6.03e-02	1.91e-01	2.33e-01	1.56e-01	1.13e-01	1.92e-01	3.82e-02	2.56e-03
 1.04757e+23	9.94e-29	2.75e-22	3.73e-17	1.04e-14	1.42e-12	6.73e-11	1.70e-09	5.27e-08	3.01e-05	1.19e-03	1.50e-02	6.58e-02	2.02e-01	2.40e-01	1.55e-01	1.08e-01	1.78e-01	3.41e-02	2.21e-03
 1.05041e+23	1.38e-28	3.77e-22	5.05e-17	1.35e-14	1.77e-12	8.10e-11	1.96e-09	5.87e-08	3.35e-05	1.32e-03	1.64e-02	7.03e-02	2.11e-01	2.44e-01	1.53e-01	1.04e-01	1.67e-01	3.12e-02	1.96e-03
 1.05286e+23	1.91e-28	5.12e-22	6.75e-17	1.75e-14	2.20e-12	9.68e-11	2.26e-09	6.50e-08	3.70e-05	1.46e-03	1.78e-02	7.47e-02	2.20e-01	2.47e-01	1.51e-01	9.97e-02	1.58e-01	2.86e-02	1.75e-03
 1.05564e+23	2.91e-28	7.66e-22	9.91e-17	2.44e-14	2.92e-12	1.22e-10	2.71e-09	7.44e-08	4.22e-05	1.65e-03	1.97e-02	8.08e-02	2.31e-01	2.52e-01	1.48e-01	9.46e-02	1.45e-01	2.54e-02	1.50e-03
 1.05841e+23	3.93e-28	1.02e-21	1.30e-16	3.09e-14	3.59e-12	1.45e-10	3.09e-09	8.22e-08	4.64e-05	1.80e-03	2.12e-02	8.53e-02	2.39e-01	2.54e-01	1.46e-01	9.09e-02	1.37e-01	2.33e-02	1.34e-03
 1.06114e+23	5.85e-28	1.49e-21	1.86e-16	4.22e-14	4.69e-12	1.81e-10	3.68e-09	9.36e-08	5.23e-05	2.02e-03	2.33e-02	9.13e-02	2.49e-01	2.57e-01	1.43e-01	8.61e-02	1.26e-01	2.07e-02	1.15e-03
 1.06396e+23	8.10e-28	2.03e-21	2.50e-16	5.45e-14	5.83e-12	2.17e-10	4.25e-09	1.04e-07	5.76e-05	2.21e-03	2.51e-02	9.64e-02	2.57e-01	2.59e-01	1.40e-01	8.23e-02	1.18e-01	1.88e-02	1.02e-03
 1.06689e+23	1.23e-27	3.03e-21	3.65e-16	7.59e-14	7.74e-12	2.75e-10	5.11e-09	1.20e-07	6.52e-05	2.48e-03	2.76e-02	1.03e-01	2.68e-01	2.60e-01	1.36e-01	7.74e-02	1.08e-01	1.66e-02	8.62e-04
 1.06985e+23	1.69e-27	4.09e-21	4.85e-16	9.72e-14	9.57e-12	3.28e-10	5.88e-09	1.33e-07	7.15e-05	2.70e-03	2.95e-02	1.08e-01	2.75e-01	2.61e-01	1.33e-01	7.37e-02	1.01e-01	1.50e-02	7.60e-04
 1.07285e+23	2.56e-27	6.09e-21	7.06e-16	1.35e-13	1.27e-11	4.15e-10	7.09e-09	1.54e-07	8.06e-05	3.01e-03	3.23e-02	1.15e-01	2.84e-01	2.62e-01	1.29e-01	6.91e-02	9.15e-02	1.32e-02	6.42e-04
 1.07593e+23	3.53e-27	8.25e-21	9.40e-16	1.73e-13	1.57e-11	4.98e-10	8.20e-09	1.72e-07	8.85e-05	3.27e-03	3.45e-02	1.21e-01	2.91e-01	2.61e-01	1.26e-01	6.56e-02	8.50e-02	1.19e-02	5.63e-04
 1.07910e+23	5.36e-27	1.23e-20	1.37e-15	2.40e-13	2.09e-11	6.31e-10	9.91e-09	1.99e-07	9.98e-05	3.65e-03	3.76e-02	1.28e-01	3.00e-01	2.61e-01	1.21e-01	6.12e-02	7.70e-02	1.04e-02	4.73e-04
 1.08228e+23	7.33e-27	1.65e-20	1.81e-15	3.07e-13	2.58e-11	7.54e-10	1.14e-08	2.22e-07	1.09e-04	3.95e-03	4.00e-02	1.34e-01	3.06e-01	2.60e-01	1.17e-01	5.80e-02	7.15e-02	9.34e-03	4.14e-04
 1.08546e+23	1.10e-26	2.42e-20	2.60e-15	4.21e-13	3.39e-11	9.51e-10	1.38e-08	2.56e-07	1.22e-04	4.37e-03	4.33e-02	1.41e-01	3.14e-01	2.58e-01	1.13e-01	5.40e-02	6.47e-02	8.14e-03	3.48e-04
 1.08871e+23	1.50e-26	3.25e-20	3.42e-15	5.36e-13	4.19e-11	1.14e-09	1.59e-08	2.87e-07	1.34e-04	4.73e-03	4.60e-02	1.47e-01	3.19e-01	2.56e-01	1.09e-01	5.10e-02	5.99e-02	7.32e-03	3.04e-04
 1.09205e+23	2.24e-26	4.75e-20	4.89e-15	7.33e-13	5.50e-11	1.43e-09	1.92e-08	3.32e-07	1.50e-04	5.22e-03	4.96e-02	1.54e-01	3.26e-01	2.53e-01	1.04e-01	4.74e-02	5.40e-02	6.36e-03	2.55e-04
 1.09532e+23	2.99e-26	6.24e-20	6.31e-15	9.18e-13	6.69e-11	1.69e-09	2.20e-08	3.69e-07	1.63e-04	5.60e-03	5.23e-02	1.59e-01	3.30e-01	2.50e-01	1.01e-01	4.49e-02	5.01e-02	5.75e-03	2.24e-04
 1.09850e+23	4.35e-26	8.88e-20	8.78e-15	1.23e-12	8.61e-11	2.10e-09	2.62e-08	4.24e-07	1.81e-04	6.13e-03	5.59e-02	1.66e-01	3.36e-01	2.47e-01	9.65e-02	4.17e-02	4.54e-02	5.03e-03	1.89e-04
 1.10172e+23	5.77e-26	1.16e-19	1.13e-14	1.53e-12	1.04e-10	2.48e-09	3.00e-08	4.71e-07	1.97e-04	6.57e-03	5.88e-02	1.72e-01	3.39e-01	2.44e-01	9.32e-02	3.95e-02	4.21e-02	4.54e-03	1.66e-04
 1.10502e+23	8.33e-26	1.64e-19	1.56e-14	2.03e-12	1.34e-10	3.06e-09	3.58e-08	5.41e-07	2.18e-04	7.17e-03	6.28e-02	1.79e-01	3.44e-01	2.40e-01	8.89e-02	3.66e-02	3.81e-02	3.96e-03	1.40e-04
 1.10839e+23	1.12e-25	2.16e-19	2.02e-14	2.56e-12	1.64e-10	3.64e-09	4.12e-08	6.05e-07	2.38e-04	7.70e-03	6.61e-02	1.84e-01	3.47e-01	2.36e-01	8.54e-02	3.45e-02	3.51e-02	3.55e-03	1.22e-04
 1.11188e+23	1.63e-25	3.07e-19	2.80e-14	3.41e-12	2.11e-10	4.53e-09	4.93e-08	6.98e-07	2.65e-04	8.41e-03	7.04e-02	1.91e-01	3.50e-01	2.31e-01	8.11e-02	3.18e-02	3.16e-02	3.08e-03	1.02e-04
 1.11530e+23	2.14e-25	3.97e-19	3.55e-14	4.21e-12	2.54e-10	5.31e-09	5.63e-08	7.75e-07	2.87e-04	8.97e-03	7.37e-02	1.97e-01	3.52e-01	2.28e-01	7.80e-02	3.00e-02	2.92e-02	2.77e-03	8.97e-05
 1.11864e+23	3.06e-25	5.55e-19	4.85e-14	5.55e-12	3.24e-10	6.54e-09	6.68e-08	8.88e-07	3.18e-04	9.74e-03	7.82e-02	2.04e-01	3.55e-01	2.23e-01	7.41e-02	2.78e-02	2.63e-02	2.41e-03	7.54e-05
 1.12202e+23	3.97e-25	7.09e-19	6.09e-14	6.78e-12	3.86e-10	7.63e-09	7.59e-08	9.84e-07	3.43e-04	1.04e-02	8.16e-02	2.09e-01	3.56e-01	2.19e-01	7.12e-02	2.62e-02	2.44e-02	2.18e-03	6.64e-05
 1.12543e+23	5.63e-25	9.84e-19	8.25e-14	8.88e-12	4.90e-10	9.37e-09	9.00e-08	1.13e-06	3.80e-04	1.12e-02	8.63e-02	2.15e-01	3.58e-01	2.13e-01	6.74e-02	2.42e-02	2.20e-02	1.89e-03	5.58e-05
 1.12892e+23	7.35e-25	1.26e-18	1.04e-13	1.09e-11	5.88e-10	1.10e-08	1.03e-07	1.25e-06	4.11e-04	1.19e-02	9.01e-02	2.20e-01	3.59e-01	2.09e-01	6.46e-02	2.28e-02	2.03e-02	1.70e-03	4.88e-05
 1.13249e+23	1.05e-24	1.76e-18	1.41e-13	1.43e-11	7.48e-10	1.35e-08	1.22e-07	1.44e-06	4.56e-04	1.29e-02	9.52e-02	2.27e-01	3.60e-01	2.03e-01	6.09e-02	2.10e-02	1.82e-02	1.47e-03	4.08e-05
 1.13613e+23	1.37e-24	2.26e-18	1.78e-13	1.76e-11	8.99e-10	1.59e-08	1.39e-07	1.60e-06	4.94e-04	1.38e-02	9.93e-02	2.32e-01	3.60e-01	1.98e-01	5.82e-02	1.96e-02	1.67e-02	1.32e-03	3.55e-05
 1.13985e+23	1.96e-24	3.15e-18	2.42e-13	2.31e-11	1.14e-09	1.96e-08	1.66e-07	1.85e-06	5.48e-04	1.49e-02	1.05e-01	2.39e-01	3.60e-01	1.92e-01	5.47e-02	1.80e-02	1.49e-02	1.14e-03	2.96e-05
 1.14365e+23	2.57e-24	4.06e-18	3.06e-13	2.85e-11	1.38e-09	2.30e-08	1.90e-07	2.06e-06	5.95e-04	1.59e-02	1.09e-01	2.44e-01	3.59e-01	1.87e-01	5.22e-02	1.68e-02	1.37e-02	1.01e-03	2.56e-05
 1.14698e+23	3.36e-24	5.20e-18	3.85e-13	3.50e-11	1.65e-09	2.69e-08	2.17e-07	2.29e-06	6.44e-04	1.69e-02	1.14e-01	2.49e-01	3.59e-01	1.83e-01	4.97e-02	1.58e-02	1.26e-02	9.05e-04	2.23e-05
 1.15075e+23	4.74e-24	7.16e-18	5.17e-13	4.55e-11	2.09e-09	3.30e-08	2.57e-07	2.63e-06	7.14e-04	1.82e-02	1.19e-01	2.55e-01	3.57e-01	1.76e-01	4.66e-02	1.44e-02	1.12e-02	7.80e-04	1.86e-05
 1.15452e+23	6.07e-24	9.01e-18	6.38e-13	5.49e-11	2.47e-09	3.83e-08	2.91e-07	2.91e-06	7.70e-04	1.93e-02	1.24e-01	2.59e-01	3.56e-01	1.72e-01	4.45e-02	1.35e-02	1.03e-02	7.01e-04	1.63e-05
 1.15830e+23	8.53e-24	1.24e-17	8.53e-13	7.12e-11	3.11e-09	4.68e-08	3.45e-07	3.34e-06	8.52e-04	2.08e-02	1.30e-01	2.65e-01	3.54e-01	1.66e-01	4.16e-02	1.24e-02	9.22e-03	6.03e-04	1.35e-05
 1.16213e+23	1.09e-23	1.56e-17	1.05e-12	8.61e-11	3.69e-09	5.43e-08	3.91e-07	3.69e-06	9.20e-04	2.20e-02	1.35e-01	2.69e-01	3.52e-01	1.61e-01	3.96e-02	1.16e-02	8.47e-03	5.41e-04	1.18e-05
 1.16603e+23	1.53e-23	2.12e-17	1.40e-12	1.11e-10	4.63e-09	6.62e-08	4.62e-07	4.23e-06	1.02e-03	2.37e-02	1.41e-01	2.75e-01	3.49e-01	1.55e-01	3.70e-02	1.06e-02	7.55e-03	4.66e-04	9.83e-06
 1.17006e+23	2.00e-23	2.73e-17	1.76e-12	1.36e-10	5.56e-09	7.79e-08	5.29e-07	4.72e-06	1.10e-03	2.51e-02	1.46e-01	2.79e-01	3.46e-01	1.50e-01	3.50e-02	9.83e-03	6.87e-03	4.12e-04	8.45e-06
 1.17426e+23	2.81e-23	3.73e-17	2.35e-12	1.77e-10	7.00e-09	9.52e-08	6.27e-07	5.42e-06	1.22e-03	2.71e-02	1.53e-01	2.84e-01	3.43e-01	1.44e-01	3.26e-02	8.95e-03	6.10e-03	3.53e-04	6.99e-06
 1.17860e+23	3.75e-23	4.87e-17	3.00e-12	2.20e-10	8.52e-09	1.13e-07	7.24e-07	6.10e-06	1.34e-03	2.88e-02	1.59e-01	2.88e-01	3.39e-01	1.38e-01	3.06e-02	8.25e-03	5.50e-03	3.09e-04	5.94e-06
 1.18313e+23	5.35e-23	6.76e-17	4.04e-12	2.88e-10	1.08e-08	1.40e-07	8.65e-07	7.06e-06	1.49e-03	3.11e-02	1.67e-01	2.93e-01	3.35e-01	1.32e-01	2.83e-02	7.45e-03	4.84e-03	2.62e-04	4.85e-06
 1.18780e+23	7.23e-23	8.91e-17	5.20e-12	3.61e-10	1.33e-08	1.67e-07	1.01e-06	7.98e-06	1.63e-03	3.32e-02	1.73e-01	2.97e-01	3.30e-01	1.27e-01	2.65e-02	6.83e-03	4.34e-03	2.27e-04	4.08e-06
 1.19264e+23	1.05e-22	1.25e-16	7.09e-12	4.78e-10	1.71e-08	2.08e-07	1.21e-06	9.28e-06	1.82e-03	3.59e-02	1.81e-01	3.02e-01	3.24e-01	1.20e-01	2.43e-02	6.12e-03	3.79e-03	1.91e-04	3.30e-06
 1.19767e+23	1.44e-22	1.68e-16	9.25e-12	6.07e-10	2.11e-08	2.51e-07	1.42e-06	1.06e-05	2.01e-03	3.84e-02	1.88e-01	3.06e-01	3.19e-01	1.15e-01	2.26e-02	5.57e-03	3.36e-03	1.64e-04	2.74e-06
 1.20223e+23	1.95e-22	2.22e-16	1.19e-11	7.64e-10	2.60e-08	3.00e-07	1.65e-06	1.20e-05	2.20e-03	4.10e-02	1.95e-01	3.09e-01	3.14e-01	1.09e-01	2.10e-02	5.07e-03	3.00e-03	1.41e-04	2.29e-06
 1.20746e+23	2.87e-22	3.17e-16	1.65e-11	1.02e-09	3.37e-08	3.77e-07	2.00e-06	1.40e-05	2.47e-03	4.44e-02	2.04e-01	3.13e-01	3.07e-01	1.03e-01	1.91e-02	4.50e-03	2.58e-03	1.17e-04	1.82e-06
 1.21279e+23	3.95e-22	4.25e-16	2.15e-11	1.30e-09	4.18e-08	4.56e-07	2.35e-06	1.59e-05	2.72e-03	4.74e-02	2.12e-01	3.15e-01	3.00e-01	9.78e-02	1.77e-02	4.07e-03	2.28e-03	9.98e-05	1.50e-06
 1.21755e+23	5.37e-22	5.62e-16	2.78e-11	1.64e-09	5.14e-08	5.46e-07	2.73e-06	1.81e-05	2.98e-03	5.05e-02	2.19e-01	3.18e-01	2.94e-01	9.30e-02	1.63e-02	3.70e-03	2.03e-03	8.57e-05	1.25e-06
 1.22302e+23	8.09e-22	8.18e-16	3.90e-11	2.22e-09	6.77e-08	6.95e-07	3.35e-06	2.13e-05	3.37e-03	5.48e-02	2.29e-01	3.20e-01	2.86e-01	8.66e-02	1.47e-02	3.24e-03	1.72e-03	6.95e-05	9.65e-07
 1.22854e+23	1.10e-21	1.08e-15	5.03e-11	2.80e-09	8.31e-08	8.31e-07	3.89e-06	2.41e-05	3.69e-03	5.83e-02	2.37e-01	3.22e-01	2.79e-01	8.21e-02	1.36e-02	2.93e-03	1.52e-03	5.95e-05	7.99e-07
 1.23410e+23	1.65e-21	1.58e-15	7.05e-11	3.79e-09	1.09e-07	1.06e-06	4.77e-06	2.85e-05	4.16e-03	6.32e-02	2.47e-01	3.24e-01	2.70e-01	7.62e-02	1.21e-02	2.55e-03	1.28e-03	4.79e-05	6.15e-07
 1.23973e+23	2.27e-21	2.10e-15	9.15e-11	4.80e-09	1.35e-07	1.27e-06	5.58e-06	3.24e-05	4.57e-03	6.72e-02	2.55e-01	3.25e-01	2.62e-01	7.18e-02	1.11e-02	2.29e-03	1.12e-03	4.06e-05	5.03e-07
 1.24545e+23	3.42e-21	3.06e-15	1.29e-10	6.53e-09	1.78e-07	1.62e-06	6.84e-06	3.83e-05	5.16e-03	7.27e-02	2.65e-01	3.25e-01	2.53e-01	6.62e-02	9.88e-03	1.99e-03	9.42e-04	3.24e-05	3.84e-07
 1.25092e+23	4.52e-21	3.95e-15	1.62e-10	8.03e-09	2.14e-07	1.91e-06	7.85e-06	4.29e-05	5.60e-03	7.67e-02	2.72e-01	3.26e-01	2.46e-01	6.27e-02	9.12e-03	1.80e-03	8.36e-04	2.79e-05	3.20e-07
 1.25605e+23	6.56e-21	5.54e-15	2.19e-10	1.06e-08	2.75e-07	2.38e-06	9.45e-06	5.00e-05	6.24e-03	8.23e-02	2.81e-01	3.25e-01	2.37e-01	5.80e-02	8.16e-03	1.57e-03	7.08e-04	2.26e-05	2.49e-07
 1.26120e+23	8.66e-21	7.14e-15	2.75e-10	1.30e-08	3.31e-07	2.81e-06	1.09e-05	5.59e-05	6.77e-03	8.67e-02	2.88e-01	3.25e-01	2.30e-01	5.47e-02	7.50e-03	1.42e-03	6.26e-04	1.93e-05	2.06e-07
 1.26637e+23	1.25e-20	9.94e-15	3.71e-10	1.70e-08	4.22e-07	3.48e-06	1.30e-05	6.50e-05	7.54e-03	9.27e-02	2.96e-01	3.23e-01	2.21e-01	5.05e-02	6.70e-03	1.24e-03	5.29e-04	1.57e-05	1.60e-07
 1.27165e+23	1.67e-20	1.30e-14	4.71e-10	2.11e-08	5.15e-07	4.15e-06	1.51e-05	7.34e-05	8.22e-03	9.79e-02	3.03e-01	3.22e-01	2.13e-01	4.72e-02	6.10e-03	1.11e-03	4.61e-04	1.32e-05	1.30e-07
 1.27706e+23	2.44e-20	1.83e-14	6.41e-10	2.79e-08	6.64e-07	5.20e-06	1.83e-05	8.61e-05	9.19e-03	1.05e-01	3.12e-01	3.20e-01	2.04e-01	4.32e-02	5.38e-03	9.55e-04	3.84e-04	1.05e-05	0.00e+00
 1.28251e+23	3.27e-20	2.39e-14	8.11e-10	3.45e-08	8.07e-07	6.18e-06	2.12e-05	9.71e-05	1.00e-02	1.11e-01	3.19e-01	3.18e-01	1.96e-01	4.03e-02	4.88e-03	8.51e-04	3.33e-04	8.77e-06	0.00e+00
 1.28799e+23	4.78e-20	3.37e-14	1.10e-09	4.56e-08	1.04e-06	7.78e-06	2.57e-05	1.14e-04	1.12e-02	1.18e-01	3.28e-01	3.14e-01	1.86e-01	3.66e-02	4.26e-03	7.26e-04	2.75e-04	6.88e-06	0.00e+00
 1.29356e+23	6.41e-20	4.39e-14	1.40e-09	5.66e-08	1.27e-06	9.28e-06	2.99e-05	1.29e-04	1.22e-02	1.25e-01	3.34e-01	3.11e-01	1.78e-01	3.39e-02	3.84e-03	6.43e-04	2.37e-04	5.71e-06	0.00e+00
 1.29922e+23	9.38e-20	6.20e-14	1.89e-09	7.48e-08	1.65e-06	1.17e-05	3.64e-05	1.53e-04	1.37e-02	1.34e-01	3.42e-01	3.07e-01	1.68e-01	3.05e-02	3.33e-03	5.44e-04	1.93e-04	4.42e-06	0.00e+00
 1.30500e+23	1.27e-19	8.15e-14	2.41e-09	9.35e-08	2.03e-06	1.41e-05	4.27e-05	1.75e-04	1.51e-02	1.41e-01	3.49e-01	3.03e-01	1.60e-01	2.80e-02	2.96e-03	4.74e-04	1.63e-04	3.59e-06	0.00e+00
 1.31094e+23	1.88e-19	1.16e-13	3.28e-09	1.24e-07	2.65e-06	1.80e-05	5.26e-05	2.08e-04	1.70e-02	1.51e-01	3.56e-01	2.97e-01	1.50e-01	2.49e-02	2.53e-03	3.96e-04	1.31e-04	2.72e-06	0.00e+00
 1.31701e+23	2.56e-19	1.53e-13	4.18e-09	1.56e-07	3.27e-06	2.19e-05	6.21e-05	2.40e-04	1.87e-02	1.60e-01	3.62e-01	2.92e-01	1.42e-01	2.26e-02	2.22e-03	3.41e-04	1.09e-04	2.17e-06	0.00e+00
 1.32304e+23	3.71e-19	2.13e-13	5.59e-09	2.04e-07	4.24e-06	2.77e-05	7.61e-05	2.86e-04	2.11e-02	1.71e-01	3.69e-01	2.85e-01	1.32e-01	2.00e-02	1.89e-03	2.83e-04	8.67e-05	1.64e-06	0.00e+00
 1.32880e+23	4.84e-19	2.70e-13	6.88e-09	2.49e-07	5.11e-06	3.29e-05	8.81e-05	3.24e-04	2.30e-02	1.79e-01	3.73e-01	2.79e-01	1.25e-01	1.83e-02	1.67e-03	2.46e-04	7.33e-05	1.33e-06	0.00e+00
 1.33439e+23	6.80e-19	3.64e-13	8.92e-09	3.19e-07	6.50e-06	4.11e-05	1.07e-04	3.83e-04	2.58e-02	1.91e-01	3.78e-01	2.72e-01	1.16e-01	1.61e-02	1.42e-03	2.04e-04	5.84e-05	1.00e-06	0.00e+00
 1.34006e+23	8.85e-19	4.60e-13	1.09e-08	3.87e-07	7.84e-06	4.89e-05	1.24e-04	4.37e-04	2.82e-02	2.00e-01	3.81e-01	2.65e-01	1.09e-01	1.46e-02	1.25e-03	1.76e-04	4.88e-05	8.03e-07	0.00e+00
 1.34560e+23	1.21e-18	6.03e-13	1.38e-08	4.85e-07	9.81e-06	6.04e-05	1.49e-04	5.13e-04	3.13e-02	2.12e-01	3.85e-01	2.57e-01	1.00e-01	1.29e-02	1.06e-03	1.46e-04	3.90e-05	6.10e-07	0.00e+00
 1.35125e+23	1.57e-18	7.58e-13	1.67e-08	5.88e-07	1.19e-05	7.22e-05	1.74e-04	5.88e-04	3.44e-02	2.22e-01	3.87e-01	2.49e-01	9.36e-02	1.15e-02	9.16e-04	1.25e-04	3.21e-05	4.79e-07	0.00e+00
 1.35675e+23	2.07e-18	9.66e-13	2.05e-08	7.23e-07	1.46e-05	8.77e-05	2.06e-04	6.85e-04	3.80e-02	2.34e-01	3.89e-01	2.41e-01	8.64e-02	1.02e-02	7.79e-04	1.04e-04	2.57e-05	3.66e-07	0.00e+00
 1.36237e+23	2.67e-18	1.21e-12	2.47e-08	8.74e-07	1.77e-05	1.05e-04	2.42e-04	7.90e-04	4.18e-02	2.45e-01	3.90e-01	2.33e-01	7.98e-02	9.02e-03	6.67e-04	8.72e-05	2.09e-05	2.83e-07	0.00e+00
 1.36794e+23	3.46e-18	1.51e-12	2.98e-08	1.06e-06	2.15e-05	1.27e-04	2.84e-04	9.15e-04	4.60e-02	2.57e-01	3.90e-01	2.24e-01	7.33e-02	7.94e-03	5.67e-04	7.27e-05	1.67e-05	2.16e-07	0.00e+00
 1.37353e+23	4.41e-18	1.86e-12	3.54e-08	1.27e-06	2.59e-05	1.52e-04	3.32e-04	1.06e-03	5.05e-02	2.69e-01	3.90e-01	2.15e-01	6.73e-02	6.99e-03	4.82e-04	6.06e-05	1.35e-05	1.66e-07	0.00e+00
 1.37906e+23	5.59e-18	2.27e-12	4.18e-08	1.52e-06	3.10e-05	1.81e-04	3.88e-04	1.22e-03	5.54e-02	2.81e-01	3.88e-01	2.06e-01	6.16e-02	6.13e-03	4.09e-04	5.04e-05	1.08e-05	1.27e-07	0.00e+00
 1.38458e+23	7.03e-18	2.76e-12	4.90e-08	1.80e-06	3.71e-05	2.15e-04	4.50e-04	1.40e-03	6.06e-02	2.93e-01	3.86e-01	1.97e-01	5.63e-02	5.38e-03	3.46e-04	4.19e-05	8.67e-06	0.00e+00	0.00e+00
 1.39011e+23	8.80e-18	3.34e-12	5.72e-08	2.13e-06	4.42e-05	2.54e-04	5.22e-04	1.61e-03	6.63e-02	3.04e-01	3.83e-01	1.88e-01	5.13e-02	4.70e-03	2.92e-04	3.48e-05	6.93e-06	0.00e+00	0.00e+00
 1.39567e+23	1.09e-17	4.01e-12	6.63e-08	2.51e-06	5.25e-05	3.00e-04	6.04e-04	1.85e-03	7.23e-02	3.16e-01	3.79e-01	1.78e-01	4.67e-02	4.10e-03	2.47e-04	2.88e-05	5.54e-06	0.00e+00	0.00e+00
 1.40125e+23	1.36e-17	4.80e-12	7.66e-08	2.95e-06	6.22e-05	3.54e-04	6.97e-04	2.12e-03	7.88e-02	3.28e-01	3.75e-01	1.69e-01	4.23e-02	3.57e-03	2.08e-04	2.37e-05	4.41e-06	0.00e+00	0.00e+00
 1.40689e+23	1.68e-17	5.73e-12	8.82e-08	3.46e-06	7.35e-05	4.17e-04	8.02e-04	2.42e-03	8.58e-02	3.39e-01	3.70e-01	1.60e-01	3.82e-02	3.10e-03	1.74e-04	1.95e-05	3.50e-06	0.00e+00	0.00e+00
 1.41259e+23	2.08e-17	6.84e-12	1.01e-07	4.05e-06	8.68e-05	4.89e-04	9.22e-04	2.77e-03	9.32e-02	3.51e-01	3.63e-01	1.51e-01	3.44e-02	2.68e-03	1.46e-04	1.60e-05	2.77e-06	0.00e+00	0.00e+00
 1.41832e+23	2.56e-17	8.12e-12	1.16e-07	4.73e-06	1.02e-04	5.73e-04	1.06e-03	3.16e-03	1.01e-01	3.61e-01	3.57e-01	1.42e-01	3.10e-02	2.32e-03	1.22e-04	1.31e-05	2.19e-06	0.00e+00	0.00e+00
 1.42415e+23	3.16e-17	9.68e-12	1.33e-07	5.55e-06	1.20e-04	6.71e-04	1.21e-03	3.61e-03	1.10e-01	3.72e-01	3.49e-01	1.34e-01	2.78e-02	1.99e-03	1.01e-04	1.07e-05	1.72e-06	0.00e+00	0.00e+00
 1.43004e+23	3.90e-17	1.15e-11	1.53e-07	6.47e-06	1.41e-04	7.83e-04	1.38e-03	4.11e-03	1.18e-01	3.82e-01	3.41e-01	1.25e-01	2.48e-02	1.72e-03	8.45e-05	8.73e-06	1.36e-06	0.00e+00	0.00e+00
 1.43605e+23	4.84e-17	1.38e-11	1.76e-07	7.60e-06	1.67e-04	9.17e-04	1.57e-03	4.69e-03	1.28e-01	3.92e-01	3.32e-01	1.17e-01	2.21e-02	1.46e-03	6.97e-05	7.04e-06	1.06e-06	0.00e+00	0.00e+00
 1.44165e+23	5.79e-17	1.60e-11	1.98e-07	8.66e-06	1.90e-04	1.04e-03	1.75e-03	5.21e-03	1.36e-01	3.99e-01	3.25e-01	1.10e-01	2.01e-02	1.29e-03	5.96e-05	5.92e-06	8.63e-07	0.00e+00	0.00e+00
 1.44740e+23	7.27e-17	1.92e-11	2.29e-07	1.02e-05	2.25e-04	1.22e-03	2.00e-03	5.95e-03	1.47e-01	4.08e-01	3.15e-01	1.02e-01	1.77e-02	1.09e-03	4.87e-05	4.72e-06	6.64e-07	0.00e+00	0.00e+00
 1.45324e+23	8.77e-17	2.25e-11	2.59e-07	1.17e-05	2.57e-04	1.38e-03	2.22e-03	6.59e-03	1.56e-01	4.14e-01	3.06e-01	9.59e-02	1.60e-02	9.53e-04	4.15e-05	3.95e-06	5.39e-07	0.00e+00	0.00e+00
 1.45923e+23	1.11e-16	2.74e-11	3.03e-07	1.39e-05	3.04e-04	1.62e-03	2.53e-03	7.54e-03	1.68e-01	4.22e-01	2.95e-01	8.81e-02	1.40e-02	7.98e-04	3.35e-05	3.12e-06	4.09e-07	0.00e+00	0.00e+00
 1.46525e+23	1.35e-16	3.22e-11	3.45e-07	1.59e-05	3.47e-04	1.83e-03	2.79e-03	8.31e-03	1.78e-01	4.27e-01	2.87e-01	8.26e-02	1.26e-02	6.99e-04	2.86e-05	2.61e-06	3.33e-07	0.00e+00	0.00e+00
 1.47132e+23	1.73e-16	3.96e-11	4.07e-07	1.90e-05	4.11e-04	2.14e-03	3.16e-03	9.43e-03	1.90e-01	4.32e-01	2.75e-01	7.57e-02	1.10e-02	5.86e-04	2.31e-05	2.06e-06	2.54e-07	0.00e+00	0.00e+00
 1.47742e+23	2.12e-16	4.69e-11	4.67e-07	2.18e-05	4.69e-04	2.41e-03	3.47e-03	1.04e-02	2.00e-01	4.36e-01	2.66e-01	7.08e-02	9.90e-03	5.11e-04	1.97e-05	1.72e-06	2.06e-07	0.00e+00	0.00e+00
 1.48357e+23	2.74e-16	5.82e-11	5.55e-07	2.61e-05	5.54e-04	2.80e-03	3.91e-03	1.17e-02	2.14e-01	4.39e-01	2.54e-01	6.46e-02	8.60e-03	4.27e-04	1.59e-05	1.36e-06	1.56e-07	0.00e+00	0.00e+00
 1.48977e+23	3.38e-16	6.94e-11	6.41e-07	3.01e-05	6.31e-04	3.15e-03	4.28e-03	1.28e-02	2.24e-01	4.42e-01	2.45e-01	6.02e-02	7.72e-03	3.72e-04	1.35e-05	1.13e-06	1.27e-07	0.00e+00	0.00e+00
 1.49604e+23	4.43e-16	8.72e-11	7.72e-07	3.63e-05	7.46e-04	3.66e-03	4.81e-03	1.44e-02	2.38e-01	4.43e-01	2.33e-01	5.47e-02	6.69e-03	3.11e-04	1.08e-05	8.88e-07	0.00e+00	0.00e+00	0.00e+00
 1.50238e+23	5.52e-16	1.05e-10	9.00e-07	4.21e-05	8.52e-04	4.11e-03	5.26e-03	1.58e-02	2.49e-01	4.44e-01	2.24e-01	5.08e-02	5.98e-03	2.69e-04	9.17e-06	7.37e-07	0.00e+00	0.00e+00	0.00e+00
