#depth	He	He+	He+2
 1.54284e+22	8.32e-14	3.31e-07	1.00e+00
 3.47359e+22	1.16e-13	4.91e-07	1.00e+00
 4.09908e+22	1.89e-13	6.22e-07	1.00e+00
 4.52675e+22	2.79e-13	7.50e-07	1.00e+00
 4.76434e+22	3.08e-13	7.86e-07	1.00e+00
 4.84155e+22	3.27e-13	8.09e-07	1.00e+00
 4.90985e+22	3.54e-13	8.40e-07	1.00e+00
 4.98034e+22	3.79e-13	8.68e-07	1.00e+00
 5.04368e+22	4.03e-13	8.94e-07	1.00e+00
 5.11601e+22	4.35e-13	9.27e-07	1.00e+00
 5.19261e+22	4.69e-13	9.61e-07	1.00e+00
 5.25873e+22	5.02e-13	9.92e-07	1.00e+00
 5.31905e+22	5.34e-13	1.02e-06	1.00e+00
 5.38784e+22	5.76e-13	1.06e-06	1.00e+00
 5.46088e+22	6.19e-13	1.09e-06	1.00e+00
 5.52739e+22	6.62e-13	1.13e-06	1.00e+00
 5.60181e+22	7.17e-13	1.17e-06	1.00e+00
 5.67597e+22	7.53e-13	1.21e-06	1.00e+00
 5.73615e+22	8.00e-13	1.25e-06	1.00e+00
 5.80078e+22	8.58e-13	1.29e-06	1.00e+00
 5.87135e+22	9.20e-13	1.33e-06	1.00e+00
 5.93798e+22	9.87e-13	1.38e-06	1.00e+00
 6.00268e+22	1.06e-12	1.42e-06	1.00e+00
 6.06485e+22	1.12e-12	1.46e-06	1.00e+00
 6.13397e+22	1.21e-12	1.52e-06	1.00e+00
 6.20621e+22	1.31e-12	1.57e-06	1.00e+00
 6.26919e+22	1.40e-12	1.62e-06	1.00e+00
 6.33773e+22	1.51e-12	1.67e-06	1.00e+00
 6.41076e+22	1.62e-12	1.73e-06	1.00e+00
 6.47377e+22	1.74e-12	1.79e-06	1.00e+00
 6.53074e+22	1.85e-12	1.84e-06	1.00e+00
 6.59572e+22	1.99e-12	1.90e-06	1.00e+00
 6.66591e+22	2.15e-12	1.96e-06	1.00e+00
 6.72916e+22	2.29e-12	2.02e-06	1.00e+00
 6.79770e+22	2.49e-12	2.10e-06	1.00e+00
 6.86741e+22	2.68e-12	2.17e-06	1.00e+00
 6.92582e+22	2.86e-12	2.23e-06	1.00e+00
 6.98894e+22	3.08e-12	2.31e-06	1.00e+00
 7.05643e+22	3.33e-12	2.39e-06	1.00e+00
 7.11705e+22	3.56e-12	2.46e-06	1.00e+00
 7.18328e+22	3.87e-12	2.56e-06	1.00e+00
 7.25278e+22	4.19e-12	2.65e-06	1.00e+00
 7.31209e+22	4.49e-12	2.73e-06	1.00e+00
 7.36637e+22	4.81e-12	2.81e-06	1.00e+00
 7.42857e+22	5.23e-12	2.92e-06	1.00e+00
 7.49331e+22	5.62e-12	3.02e-06	1.00e+00
 7.55214e+22	6.05e-12	3.12e-06	1.00e+00
 7.61058e+22	6.52e-12	3.22e-06	1.00e+00
 7.66656e+22	7.00e-12	3.32e-06	1.00e+00
 7.72820e+22	7.65e-12	3.46e-06	1.00e+00
 7.79017e+22	8.23e-12	3.57e-06	1.00e+00
 7.84430e+22	8.83e-12	3.68e-06	1.00e+00
 7.90640e+22	9.69e-12	3.84e-06	1.00e+00
 7.96902e+22	1.04e-11	3.97e-06	1.00e+00
 8.02255e+22	1.12e-11	4.10e-06	1.00e+00
 8.07322e+22	1.20e-11	4.22e-06	1.00e+00
 8.12993e+22	1.31e-11	4.38e-06	1.00e+00
 8.18838e+22	1.41e-11	4.54e-06	1.00e+00
 8.23991e+22	1.52e-11	4.68e-06	1.00e+00
 8.29771e+22	1.66e-11	4.87e-06	1.00e+00
 8.35540e+22	1.79e-11	5.04e-06	1.00e+00
 8.40428e+22	1.91e-11	5.19e-06	1.00e+00
 8.45920e+22	2.09e-11	5.40e-06	1.00e+00
 8.51522e+22	2.25e-11	5.59e-06	1.00e+00
 8.56435e+22	2.41e-11	5.77e-06	1.00e+00
 8.61991e+22	2.64e-11	6.01e-06	1.00e+00
 8.67724e+22	2.85e-11	6.23e-06	1.00e+00
 8.72786e+22	3.07e-11	6.44e-06	1.00e+00
 8.77693e+22	3.31e-11	6.66e-06	1.00e+00
 8.83297e+22	3.63e-11	6.95e-06	1.00e+00
 8.89022e+22	3.92e-11	7.20e-06	1.00e+00
 8.94906e+22	4.32e-11	7.53e-06	1.00e+00
 9.00901e+22	4.70e-11	7.83e-06	1.00e+00
 9.05776e+22	5.04e-11	8.09e-06	1.00e+00
 9.10849e+22	5.49e-11	8.42e-06	1.00e+00
 9.16107e+22	5.93e-11	8.73e-06	1.00e+00
 9.20469e+22	6.32e-11	8.99e-06	1.00e+00
 9.25003e+22	6.83e-11	9.33e-06	1.00e+00
 9.29641e+22	7.29e-11	9.62e-06	1.00e+00
 9.33492e+22	7.75e-11	9.91e-06	1.00e+00
 9.36969e+22	8.21e-11	1.02e-05	1.00e+00
 9.40226e+22	8.65e-11	1.04e-05	1.00e+00
 9.43807e+22	9.23e-11	1.08e-05	1.00e+00
 9.47482e+22	9.76e-11	1.11e-05	1.00e+00
 9.50748e+22	1.03e-10	1.14e-05	1.00e+00
 9.53834e+22	1.09e-10	1.17e-05	1.00e+00
 9.56752e+22	1.14e-10	1.19e-05	1.00e+00
 9.60076e+22	1.21e-10	1.23e-05	1.00e+00
 9.63489e+22	1.28e-10	1.27e-05	1.00e+00
 9.66467e+22	1.35e-10	1.30e-05	1.00e+00
 9.69791e+22	1.44e-10	1.34e-05	1.00e+00
 9.73001e+22	1.52e-10	1.38e-05	1.00e+00
 9.75646e+22	1.60e-10	1.41e-05	1.00e+00
 9.78248e+22	1.68e-10	1.45e-05	1.00e+00
 9.81213e+22	1.78e-10	1.49e-05	1.00e+00
 9.84254e+22	1.89e-10	1.54e-05	1.00e+00
 9.86883e+22	1.98e-10	1.57e-05	1.00e+00
 9.89794e+22	2.12e-10	1.63e-05	1.00e+00
 9.92697e+22	2.22e-10	1.67e-05	1.00e+00
 9.95591e+22	2.39e-10	1.74e-05	1.00e+00
 9.98495e+22	2.52e-10	1.78e-05	1.00e+00
 1.00141e+23	2.71e-10	1.85e-05	1.00e+00
 1.00426e+23	2.85e-10	1.90e-05	1.00e+00
 1.00704e+23	3.05e-10	1.98e-05	1.00e+00
 1.00988e+23	3.23e-10	2.04e-05	1.00e+00
 1.01235e+23	3.42e-10	2.10e-05	1.00e+00
 1.01509e+23	3.68e-10	2.19e-05	1.00e+00
 1.01779e+23	3.88e-10	2.25e-05	1.00e+00
 1.02043e+23	4.18e-10	2.35e-05	1.00e+00
 1.02307e+23	4.41e-10	2.42e-05	1.00e+00
 1.02573e+23	4.76e-10	2.53e-05	1.00e+00
 1.02841e+23	5.03e-10	2.61e-05	1.00e+00
 1.03112e+23	5.42e-10	2.72e-05	1.00e+00
 1.03380e+23	5.75e-10	2.82e-05	1.00e+00
 1.03647e+23	6.20e-10	2.95e-05	1.00e+00
 1.03919e+23	6.59e-10	3.05e-05	1.00e+00
 1.04197e+23	7.13e-10	3.20e-05	1.00e+00
 1.04476e+23	7.58e-10	3.32e-05	1.00e+00
 1.04757e+23	8.21e-10	3.49e-05	1.00e+00
 1.05041e+23	8.72e-10	3.62e-05	1.00e+00
 1.05286e+23	9.25e-10	3.76e-05	1.00e+00
 1.05564e+23	1.00e-09	3.95e-05	1.00e+00
 1.05841e+23	1.06e-09	4.09e-05	1.00e+00
 1.06114e+23	1.13e-09	4.28e-05	1.00e+00
 1.06396e+23	1.20e-09	4.44e-05	1.00e+00
 1.06689e+23	1.29e-09	4.67e-05	1.00e+00
 1.06985e+23	1.37e-09	4.84e-05	1.00e+00
 1.07285e+23	1.47e-09	5.08e-05	1.00e+00
 1.07593e+23	1.55e-09	5.27e-05	1.00e+00
 1.07910e+23	1.67e-09	5.54e-05	1.00e+00
 1.08228e+23	1.76e-09	5.74e-05	1.00e+00
 1.08546e+23	1.88e-09	6.02e-05	1.00e+00
 1.08871e+23	1.98e-09	6.24e-05	1.00e+00
 1.09205e+23	2.11e-09	6.54e-05	1.00e+00
 1.09532e+23	2.21e-09	6.76e-05	1.00e+00
 1.09850e+23	2.35e-09	7.07e-05	1.00e+00
 1.10172e+23	2.46e-09	7.30e-05	1.00e+00
 1.10502e+23	2.60e-09	7.62e-05	1.00e+00
 1.10839e+23	2.73e-09	7.89e-05	1.00e+00
 1.11188e+23	2.89e-09	8.24e-05	1.00e+00
 1.11530e+23	3.02e-09	8.50e-05	1.00e+00
 1.11864e+23	3.18e-09	8.87e-05	1.00e+00
 1.12202e+23	3.31e-09	9.14e-05	1.00e+00
 1.12543e+23	3.49e-09	9.52e-05	1.00e+00
 1.12892e+23	3.64e-09	9.82e-05	1.00e+00
 1.13249e+23	3.83e-09	1.02e-04	1.00e+00
 1.13613e+23	3.99e-09	1.06e-04	1.00e+00
 1.13985e+23	4.21e-09	1.10e-04	1.00e+00
 1.14365e+23	4.29e-09	1.14e-04	1.00e+00
 1.14698e+23	4.46e-09	1.17e-04	1.00e+00
 1.15075e+23	4.69e-09	1.22e-04	1.00e+00
 1.15452e+23	4.87e-09	1.26e-04	1.00e+00
 1.15830e+23	5.11e-09	1.31e-04	1.00e+00
 1.16213e+23	5.30e-09	1.35e-04	1.00e+00
 1.16603e+23	5.57e-09	1.40e-04	1.00e+00
 1.17006e+23	5.79e-09	1.44e-04	1.00e+00
 1.17426e+23	6.09e-09	1.50e-04	1.00e+00
 1.17860e+23	6.35e-09	1.55e-04	1.00e+00
 1.18313e+23	6.69e-09	1.62e-04	1.00e+00
 1.18780e+23	6.99e-09	1.68e-04	1.00e+00
 1.19264e+23	7.38e-09	1.75e-04	1.00e+00
 1.19767e+23	7.73e-09	1.81e-04	1.00e+00
 1.20223e+23	8.09e-09	1.88e-04	1.00e+00
 1.20746e+23	8.57e-09	1.96e-04	1.00e+00
 1.21279e+23	8.98e-09	2.04e-04	1.00e+00
 1.21755e+23	9.40e-09	2.11e-04	1.00e+00
 1.22302e+23	9.96e-09	2.22e-04	1.00e+00
 1.22854e+23	1.04e-08	2.30e-04	1.00e+00
 1.23410e+23	1.10e-08	2.42e-04	1.00e+00
 1.23973e+23	1.16e-08	2.51e-04	1.00e+00
 1.24545e+23	1.22e-08	2.64e-04	1.00e+00
 1.25092e+23	1.28e-08	2.73e-04	1.00e+00
 1.25605e+23	1.34e-08	2.87e-04	1.00e+00
 1.26120e+23	1.39e-08	2.97e-04	1.00e+00
 1.26637e+23	1.46e-08	3.11e-04	1.00e+00
 1.27165e+23	1.51e-08	3.23e-04	1.00e+00
 1.27706e+23	1.58e-08	3.41e-04	1.00e+00
 1.28251e+23	1.64e-08	3.54e-04	1.00e+00
 1.28799e+23	1.71e-08	3.74e-04	1.00e+00
 1.29356e+23	1.77e-08	3.89e-04	1.00e+00
 1.29922e+23	1.84e-08	4.12e-04	1.00e+00
 1.30500e+23	1.90e-08	4.30e-04	1.00e+00
 1.31094e+23	1.96e-08	4.57e-04	1.00e+00
 1.31701e+23	2.01e-08	4.79e-04	1.00e+00
 1.32304e+23	2.07e-08	5.09e-04	9.99e-01
 1.32880e+23	2.11e-08	5.32e-04	9.99e-01
 1.33439e+23	2.14e-08	5.64e-04	9.99e-01
 1.34006e+23	2.17e-08	5.90e-04	9.99e-01
 1.34560e+23	2.20e-08	6.24e-04	9.99e-01
 1.35125e+23	2.21e-08	6.56e-04	9.99e-01
 1.35675e+23	2.22e-08	6.92e-04	9.99e-01
 1.36237e+23	2.23e-08	7.28e-04	9.99e-01
 1.36794e+23	2.23e-08	7.68e-04	9.99e-01
 1.37353e+23	2.23e-08	8.08e-04	9.99e-01
 1.37906e+23	2.23e-08	8.51e-04	9.99e-01
 1.38458e+23	2.23e-08	8.96e-04	9.99e-01
 1.39011e+23	2.24e-08	9.43e-04	9.99e-01
 1.39567e+23	2.24e-08	9.93e-04	9.99e-01
 1.40125e+23	2.26e-08	1.04e-03	9.99e-01
 1.40689e+23	2.28e-08	1.10e-03	9.99e-01
 1.41259e+23	2.31e-08	1.16e-03	9.99e-01
 1.41832e+23	2.35e-08	1.22e-03	9.99e-01
 1.42415e+23	2.41e-08	1.29e-03	9.99e-01
 1.43004e+23	2.49e-08	1.35e-03	9.99e-01
 1.43605e+23	2.59e-08	1.43e-03	9.99e-01
 1.44165e+23	2.69e-08	1.49e-03	9.99e-01
 1.44740e+23	2.83e-08	1.58e-03	9.98e-01
 1.45324e+23	2.98e-08	1.65e-03	9.98e-01
 1.45923e+23	3.19e-08	1.74e-03	9.98e-01
 1.46525e+23	3.37e-08	1.82e-03	9.98e-01
 1.47132e+23	3.66e-08	1.93e-03	9.98e-01
 1.47742e+23	3.90e-08	2.01e-03	9.98e-01
 1.48357e+23	4.27e-08	2.13e-03	9.98e-01
 1.48977e+23	4.58e-08	2.22e-03	9.98e-01
 1.49604e+23	5.05e-08	2.35e-03	9.98e-01
 1.50238e+23	5.46e-08	2.46e-03	9.98e-01
 1.50883e+23	6.05e-08	2.60e-03	9.97e-01
 1.51539e+23	6.58e-08	2.72e-03	9.97e-01
 1.52208e+23	7.34e-08	2.88e-03	9.97e-01
 1.52891e+23	8.01e-08	3.02e-03	9.97e-01
 1.53593e+23	9.00e-08	3.20e-03	9.97e-01
 1.54312e+23	9.88e-08	3.36e-03	9.97e-01
 1.55054e+23	1.12e-07	3.58e-03	9.96e-01
 1.55753e+23	1.21e-07	3.72e-03	9.96e-01
 1.56395e+23	1.35e-07	3.92e-03	9.96e-01
 1.57031e+23	1.45e-07	4.08e-03	9.96e-01
 1.57661e+23	1.62e-07	4.30e-03	9.96e-01
 1.58294e+23	1.75e-07	4.47e-03	9.96e-01
 1.58932e+23	1.94e-07	4.71e-03	9.95e-01
 1.59581e+23	2.10e-07	4.90e-03	9.95e-01
 1.60246e+23	2.34e-07	5.16e-03	9.95e-01
 1.60920e+23	2.54e-07	5.38e-03	9.95e-01
 1.61606e+23	2.83e-07	5.68e-03	9.94e-01
 1.62305e+23	3.08e-07	5.92e-03	9.94e-01
 1.63021e+23	3.45e-07	6.26e-03	9.94e-01
 1.63753e+23	3.77e-07	6.54e-03	9.93e-01
 1.64506e+23	4.24e-07	6.93e-03	9.93e-01
 1.65276e+23	4.65e-07	7.25e-03	9.93e-01
 1.66067e+23	5.25e-07	7.70e-03	9.92e-01
 1.66868e+23	5.76e-07	8.06e-03	9.92e-01
 1.67682e+23	6.52e-07	8.58e-03	9.91e-01
 1.68503e+23	7.15e-07	8.97e-03	9.91e-01
 1.69334e+23	8.12e-07	9.56e-03	9.90e-01
 1.70145e+23	8.86e-07	9.98e-03	9.90e-01
 1.70930e+23	9.93e-07	1.06e-02	9.89e-01
 1.71757e+23	1.10e-06	1.11e-02	9.89e-01
 1.72451e+23	1.19e-06	1.16e-02	9.88e-01
 1.73165e+23	1.32e-06	1.21e-02	9.88e-01
 1.73915e+23	1.44e-06	1.27e-02	9.87e-01
 1.74605e+23	1.57e-06	1.32e-02	9.87e-01
 1.75395e+23	1.75e-06	1.40e-02	9.86e-01
 1.76205e+23	1.93e-06	1.47e-02	9.85e-01
 1.76916e+23	2.11e-06	1.53e-02	9.85e-01
 1.77714e+23	2.35e-06	1.62e-02	9.84e-01
 1.78554e+23	2.60e-06	1.70e-02	9.83e-01
 1.79316e+23	2.85e-06	1.78e-02	9.82e-01
 1.80178e+23	3.21e-06	1.88e-02	9.81e-01
 1.81065e+23	3.56e-06	1.98e-02	9.80e-01
 1.81854e+23	3.92e-06	2.08e-02	9.79e-01
 1.82747e+23	4.42e-06	2.21e-02	9.78e-01
 1.83674e+23	4.93e-06	2.33e-02	9.77e-01
 1.84507e+23	5.44e-06	2.45e-02	9.76e-01
 1.85450e+23	6.19e-06	2.61e-02	9.74e-01
 1.86425e+23	6.90e-06	2.75e-02	9.72e-01
 1.87304e+23	7.68e-06	2.90e-02	9.71e-01
 1.88313e+23	8.81e-06	3.10e-02	9.69e-01
 1.89331e+23	9.86e-06	3.28e-02	9.67e-01
 1.90358e+23	1.13e-05	3.50e-02	9.65e-01
 1.91409e+23	1.27e-05	3.71e-02	9.63e-01
 1.92334e+23	1.42e-05	3.91e-02	9.61e-01
 1.93380e+23	1.63e-05	4.19e-02	9.58e-01
 1.94451e+23	1.84e-05	4.44e-02	9.56e-01
 1.95556e+23	2.12e-05	4.77e-02	9.52e-01
 1.96678e+23	2.40e-05	5.06e-02	9.49e-01
 1.97672e+23	2.70e-05	5.36e-02	9.46e-01
 1.98815e+23	3.14e-05	5.76e-02	9.42e-01
 1.99975e+23	3.55e-05	6.12e-02	9.39e-01
 2.00985e+23	3.99e-05	6.47e-02	9.35e-01
 2.01948e+23	4.45e-05	6.82e-02	9.32e-01
 2.02869e+23	4.94e-05	7.17e-02	9.28e-01
 2.03908e+23	5.67e-05	7.66e-02	9.23e-01
 2.04936e+23	6.28e-05	8.05e-02	9.19e-01
 2.05950e+23	7.15e-05	8.57e-02	9.14e-01
 2.06991e+23	7.98e-05	9.02e-02	9.10e-01
 2.08066e+23	9.14e-05	9.63e-02	9.04e-01
 2.09149e+23	1.02e-04	1.01e-01	8.98e-01
 2.10242e+23	1.17e-04	1.08e-01	8.92e-01
 2.11348e+23	1.31e-04	1.14e-01	8.86e-01
 2.12232e+23	1.44e-04	1.19e-01	8.81e-01
 2.13142e+23	1.60e-04	1.25e-01	8.75e-01
 2.14080e+23	1.76e-04	1.31e-01	8.69e-01
 2.14918e+23	1.92e-04	1.36e-01	8.63e-01
 2.15874e+23	2.15e-04	1.44e-01	8.56e-01
 2.16839e+23	2.37e-04	1.50e-01	8.50e-01
 2.17681e+23	2.59e-04	1.57e-01	8.43e-01
 2.18641e+23	2.89e-04	1.65e-01	8.35e-01
 2.19619e+23	3.18e-04	1.72e-01	8.28e-01
 2.20486e+23	3.48e-04	1.79e-01	8.21e-01
 2.21479e+23	3.90e-04	1.88e-01	8.11e-01
 2.22488e+23	4.28e-04	1.97e-01	8.03e-01
 2.23516e+23	4.80e-04	2.07e-01	7.93e-01
 2.24553e+23	5.28e-04	2.16e-01	7.84e-01
 2.25604e+23	5.93e-04	2.27e-01	7.72e-01
 2.26666e+23	6.53e-04	2.37e-01	7.63e-01
 2.27742e+23	7.33e-04	2.49e-01	7.50e-01
 2.28835e+23	8.08e-04	2.60e-01	7.40e-01
 2.29950e+23	9.10e-04	2.73e-01	7.26e-01
 2.31086e+23	1.00e-03	2.84e-01	7.15e-01
 2.32094e+23	1.11e-03	2.96e-01	7.03e-01
 2.33251e+23	1.25e-03	3.11e-01	6.88e-01
 2.34436e+23	1.38e-03	3.24e-01	6.75e-01
 2.35336e+23	1.47e-03	3.33e-01	6.66e-01
 2.36187e+23	1.61e-03	3.45e-01	6.54e-01
 2.37053e+23	1.72e-03	3.54e-01	6.44e-01
 2.37942e+23	1.88e-03	3.66e-01	6.32e-01
 2.38853e+23	2.02e-03	3.77e-01	6.21e-01
 2.39666e+23	2.17e-03	3.88e-01	6.10e-01
 2.40598e+23	2.37e-03	4.01e-01	5.97e-01
 2.41551e+23	2.56e-03	4.13e-01	5.85e-01
 2.42404e+23	2.76e-03	4.24e-01	5.73e-01
 2.43382e+23	3.01e-03	4.39e-01	5.58e-01
 2.44385e+23	3.26e-03	4.51e-01	5.45e-01
 2.45418e+23	3.58e-03	4.67e-01	5.29e-01
 2.46467e+23	3.87e-03	4.81e-01	5.16e-01
 2.47537e+23	4.26e-03	4.97e-01	4.99e-01
 2.48631e+23	4.62e-03	5.11e-01	4.84e-01
 2.49758e+23	5.11e-03	5.29e-01	4.66e-01
 2.50890e+23	5.54e-03	5.44e-01	4.51e-01
 2.52032e+23	6.12e-03	5.62e-01	4.32e-01
 2.53190e+23	6.63e-03	5.77e-01	4.16e-01
 2.54369e+23	7.34e-03	5.96e-01	3.97e-01
 2.55555e+23	7.94e-03	6.11e-01	3.81e-01
 2.56749e+23	8.80e-03	6.30e-01	3.61e-01
 2.57966e+23	9.56e-03	6.46e-01	3.44e-01
 2.59211e+23	1.06e-02	6.66e-01	3.23e-01
 2.60470e+23	1.16e-02	6.83e-01	3.06e-01
 2.61749e+23	1.29e-02	7.02e-01	2.85e-01
 2.63043e+23	1.41e-02	7.19e-01	2.67e-01
 2.64357e+23	1.58e-02	7.39e-01	2.45e-01
 2.65675e+23	1.73e-02	7.55e-01	2.28e-01
 2.66999e+23	1.94e-02	7.74e-01	2.07e-01
 2.68344e+23	2.13e-02	7.89e-01	1.90e-01
 2.69716e+23	2.41e-02	8.07e-01	1.69e-01
 2.71114e+23	2.67e-02	8.21e-01	1.52e-01
 2.72546e+23	3.05e-02	8.36e-01	1.34e-01
 2.73805e+23	3.31e-02	8.45e-01	1.21e-01
 2.74838e+23	3.64e-02	8.54e-01	1.10e-01
 2.75920e+23	3.99e-02	8.61e-01	9.89e-02
 2.76901e+23	4.35e-02	8.67e-01	8.98e-02
 2.78011e+23	4.87e-02	8.72e-01	7.94e-02
 2.79192e+23	5.46e-02	8.75e-01	7.00e-02
 2.80214e+23	6.04e-02	8.77e-01	6.29e-02
 2.81116e+23	6.66e-02	8.76e-01	5.70e-02
 2.81967e+23	7.35e-02	8.75e-01	5.19e-02
 2.82757e+23	8.09e-02	8.71e-01	4.77e-02
 2.83482e+23	8.89e-02	8.67e-01	4.42e-02
 2.84140e+23	9.74e-02	8.61e-01	4.13e-02
 2.84728e+23	1.06e-01	8.55e-01	3.90e-02
 2.85256e+23	1.16e-01	8.47e-01	3.71e-02
 2.85731e+23	1.25e-01	8.39e-01	3.57e-02
 2.86167e+23	1.36e-01	8.30e-01	3.45e-02
 2.86570e+23	1.47e-01	8.20e-01	3.35e-02
 2.86936e+23	1.57e-01	8.10e-01	3.28e-02
 2.87273e+23	1.69e-01	7.99e-01	3.23e-02
 2.87503e+23	1.76e-01	7.92e-01	3.23e-02
 2.87614e+23	1.80e-01	7.88e-01	3.22e-02
 2.87712e+23	1.84e-01	7.84e-01	3.21e-02
 2.87836e+23	1.89e-01	7.79e-01	3.19e-02
 2.87981e+23	1.96e-01	7.73e-01	3.18e-02
 2.88127e+23	2.01e-01	7.67e-01	3.18e-02
 2.88275e+23	2.08e-01	7.60e-01	3.17e-02
 2.88429e+23	2.16e-01	7.52e-01	3.17e-02
 2.88582e+23	2.23e-01	7.45e-01	3.17e-02
 2.88744e+23	2.32e-01	7.37e-01	3.17e-02
 2.88912e+23	2.41e-01	7.28e-01	3.18e-02
 2.89076e+23	2.49e-01	7.19e-01	3.19e-02
 2.89202e+23	2.56e-01	7.12e-01	3.20e-02
 2.89286e+23	2.60e-01	7.08e-01	3.21e-02
 2.89369e+23	2.65e-01	7.03e-01	3.20e-02
 2.89470e+23	2.72e-01	6.96e-01	3.20e-02
 2.89579e+23	2.79e-01	6.89e-01	3.20e-02
 2.89685e+23	2.86e-01	6.82e-01	3.19e-02
 2.89787e+23	2.92e-01	6.76e-01	3.20e-02
 2.89892e+23	2.99e-01	6.69e-01	3.19e-02
 2.90004e+23	3.07e-01	6.61e-01	3.17e-02
 2.90115e+23	3.15e-01	6.53e-01	3.17e-02
 2.90227e+23	3.23e-01	6.45e-01	3.16e-02
 2.90345e+23	3.32e-01	6.37e-01	3.14e-02
 2.90467e+23	3.41e-01	6.27e-01	3.12e-02
 2.90589e+23	3.51e-01	6.18e-01	3.10e-02
 2.90712e+23	3.60e-01	6.09e-01	3.08e-02
 2.90842e+23	3.71e-01	5.99e-01	3.06e-02
 2.90977e+23	3.82e-01	5.88e-01	3.02e-02
 2.91113e+23	3.93e-01	5.77e-01	2.99e-02
 2.91252e+23	4.04e-01	5.66e-01	2.95e-02
 2.91397e+23	4.17e-01	5.54e-01	2.91e-02
 2.91547e+23	4.29e-01	5.42e-01	2.86e-02
 2.91701e+23	4.42e-01	5.30e-01	2.81e-02
 2.91858e+23	4.56e-01	5.17e-01	2.76e-02
 2.92021e+23	4.70e-01	5.03e-01	2.70e-02
 2.92191e+23	4.84e-01	4.90e-01	2.64e-02
 2.92365e+23	4.99e-01	4.76e-01	2.57e-02
 2.92545e+23	5.14e-01	4.61e-01	2.50e-02
 2.92730e+23	5.29e-01	4.47e-01	2.42e-02
 2.92921e+23	5.44e-01	4.32e-01	2.35e-02
 2.93114e+23	5.60e-01	4.18e-01	2.27e-02
 2.93310e+23	5.75e-01	4.03e-01	2.18e-02
 2.93516e+23	5.91e-01	3.88e-01	2.10e-02
 2.93729e+23	6.06e-01	3.74e-01	2.01e-02
 2.93941e+23	6.21e-01	3.59e-01	1.92e-02
 2.94158e+23	6.36e-01	3.46e-01	1.83e-02
 2.94383e+23	6.51e-01	3.32e-01	1.74e-02
 2.94619e+23	6.65e-01	3.19e-01	1.66e-02
 2.94860e+23	6.79e-01	3.05e-01	1.57e-02
 2.95108e+23	6.92e-01	2.93e-01	1.49e-02
 2.95367e+23	7.06e-01	2.80e-01	1.40e-02
 2.95638e+23	7.19e-01	2.68e-01	1.31e-02
 2.95917e+23	7.31e-01	2.57e-01	1.23e-02
 2.96201e+23	7.43e-01	2.46e-01	1.15e-02
 2.96482e+23	7.54e-01	2.36e-01	1.07e-02
 2.96756e+23	7.63e-01	2.27e-01	1.01e-02
 2.97018e+23	7.72e-01	2.19e-01	9.46e-03
 2.97270e+23	7.80e-01	2.11e-01	8.90e-03
 2.97510e+23	7.87e-01	2.04e-01	8.40e-03
 2.97739e+23	7.94e-01	1.98e-01	7.94e-03
 2.97953e+23	8.00e-01	1.93e-01	7.55e-03
 2.98162e+23	8.05e-01	1.88e-01	7.16e-03
 2.98371e+23	8.10e-01	1.83e-01	6.81e-03
 2.98575e+23	8.15e-01	1.78e-01	6.48e-03
 2.98771e+23	8.20e-01	1.74e-01	6.17e-03
 2.98960e+23	8.24e-01	1.70e-01	5.89e-03
 2.99142e+23	8.28e-01	1.66e-01	5.63e-03
 2.99319e+23	8.32e-01	1.62e-01	5.38e-03
 2.99490e+23	8.36e-01	1.59e-01	5.15e-03
 2.99656e+23	8.39e-01	1.56e-01	4.93e-03
 2.99815e+23	8.43e-01	1.52e-01	4.73e-03
 2.99966e+23	8.46e-01	1.50e-01	4.55e-03
 3.00115e+23	8.49e-01	1.47e-01	4.37e-03
 3.00259e+23	8.52e-01	1.44e-01	4.20e-03
 3.00391e+23	8.54e-01	1.42e-01	4.05e-03
 3.00511e+23	8.57e-01	1.39e-01	3.92e-03
 3.00620e+23	8.59e-01	1.37e-01	3.79e-03
 3.00720e+23	8.61e-01	1.35e-01	3.68e-03
 3.00810e+23	8.63e-01	1.33e-01	3.59e-03
 3.00893e+23	8.65e-01	1.32e-01	3.50e-03
 3.00967e+23	8.66e-01	1.30e-01	3.42e-03
 3.01050e+23	8.68e-01	1.29e-01	3.32e-03
 3.01138e+23	8.70e-01	1.27e-01	3.24e-03
 3.01219e+23	8.71e-01	1.26e-01	3.17e-03
 3.01292e+23	8.72e-01	1.24e-01	3.10e-03
 3.01359e+23	8.74e-01	1.23e-01	3.05e-03
 3.01432e+23	8.75e-01	1.22e-01	2.96e-03
 3.01527e+23	8.77e-01	1.20e-01	2.88e-03
 3.01630e+23	8.79e-01	1.19e-01	2.80e-03
 3.01724e+23	8.80e-01	1.17e-01	2.73e-03
 3.01809e+23	8.82e-01	1.16e-01	2.66e-03
 3.01886e+23	8.83e-01	1.14e-01	2.60e-03
 3.01971e+23	8.85e-01	1.13e-01	2.53e-03
 3.02063e+23	8.86e-01	1.12e-01	2.48e-03
 3.02163e+23	8.88e-01	1.10e-01	2.40e-03
 3.02271e+23	8.89e-01	1.09e-01	2.34e-03
 3.02370e+23	8.90e-01	1.07e-01	2.28e-03
 3.02460e+23	8.92e-01	1.06e-01	2.23e-03
 3.02541e+23	8.93e-01	1.05e-01	2.17e-03
 3.02616e+23	8.94e-01	1.04e-01	2.13e-03
 3.02697e+23	8.96e-01	1.02e-01	2.07e-03
 3.02803e+23	8.97e-01	1.01e-01	2.00e-03
 3.02917e+23	8.98e-01	9.96e-02	1.96e-03
 3.03021e+23	9.00e-01	9.82e-02	1.90e-03
 3.03116e+23	9.01e-01	9.70e-02	1.85e-03
 3.03202e+23	9.02e-01	9.58e-02	1.81e-03
 3.03280e+23	9.04e-01	9.47e-02	1.76e-03
 3.03366e+23	9.05e-01	9.33e-02	1.71e-03
 3.03459e+23	9.06e-01	9.22e-02	1.67e-03
 3.03543e+23	9.07e-01	9.11e-02	1.63e-03
 3.03620e+23	9.08e-01	9.02e-02	1.60e-03
 3.03690e+23	9.09e-01	8.94e-02	1.57e-03
 3.03766e+23	9.10e-01	8.81e-02	1.52e-03
 3.03866e+23	9.12e-01	8.69e-02	1.48e-03
 3.03973e+23	9.13e-01	8.58e-02	1.44e-03
 3.04071e+23	9.14e-01	8.46e-02	1.40e-03
 3.04160e+23	9.15e-01	8.36e-02	1.37e-03
 3.04241e+23	9.16e-01	8.27e-02	1.34e-03
 3.04330e+23	9.17e-01	8.14e-02	1.30e-03
 3.04425e+23	9.18e-01	8.04e-02	1.26e-03
 3.04513e+23	9.19e-01	7.95e-02	1.24e-03
 3.04592e+23	9.20e-01	7.86e-02	1.21e-03
 3.04664e+23	9.21e-01	7.79e-02	1.19e-03
 3.04743e+23	9.22e-01	7.69e-02	1.15e-03
 3.04846e+23	9.23e-01	7.59e-02	1.13e-03
 3.04957e+23	9.24e-01	7.50e-02	1.10e-03
 3.05058e+23	9.25e-01	7.41e-02	1.07e-03
 3.05169e+23	9.26e-01	7.29e-02	1.04e-03
 3.05288e+23	9.27e-01	7.20e-02	1.01e-03
 3.05397e+23	9.28e-01	7.10e-02	9.84e-04
 3.05496e+23	9.29e-01	7.01e-02	9.58e-04
 3.05586e+23	9.30e-01	6.94e-02	9.40e-04
 3.05684e+23	9.31e-01	6.83e-02	9.08e-04
 3.05813e+23	9.32e-01	6.72e-02	8.80e-04
 3.05951e+23	9.33e-01	6.63e-02	8.56e-04
 3.06077e+23	9.34e-01	6.52e-02	8.29e-04
 3.06192e+23	9.35e-01	6.43e-02	8.06e-04
 3.06296e+23	9.36e-01	6.36e-02	7.88e-04
 3.06410e+23	9.37e-01	6.24e-02	7.58e-04
 3.06534e+23	9.38e-01	6.17e-02	7.40e-04
 3.06646e+23	9.38e-01	6.08e-02	7.20e-04
 3.06748e+23	9.39e-01	6.02e-02	7.04e-04
 3.06861e+23	9.40e-01	5.91e-02	6.80e-04
 3.06981e+23	9.41e-01	5.84e-02	6.63e-04
 3.07091e+23	9.42e-01	5.77e-02	6.48e-04
 3.07212e+23	9.43e-01	5.67e-02	6.26e-04
 3.07342e+23	9.43e-01	5.60e-02	6.09e-04
 3.07461e+23	9.44e-01	5.51e-02	5.91e-04
 3.07569e+23	9.45e-01	5.45e-02	5.79e-04
 3.07687e+23	9.46e-01	5.36e-02	5.60e-04
 3.07814e+23	9.46e-01	5.30e-02	5.45e-04
 3.07930e+23	9.47e-01	5.23e-02	5.32e-04
 3.08057e+23	9.48e-01	5.14e-02	5.14e-04
 3.08195e+23	9.49e-01	5.07e-02	4.99e-04
 3.08320e+23	9.49e-01	5.00e-02	4.87e-04
 3.08457e+23	9.50e-01	4.91e-02	4.70e-04
 3.08551e+23	9.51e-01	4.89e-02	4.66e-04
