#depth	O	O+	O+2	O+3	O+4	O+5	O+6	O+7	O+8	O[1]	O[2]	O[3]
 4.62852e+21	0.00e+00	0.00e+00	0.00e+00	2.93e-24	5.52e-19	4.82e-14	1.46e-08	2.54e-04	1.00e+00	0.00e+00	0.00e+00	0.00e+00
 1.05249e+22	0.00e+00	0.00e+00	3.57e-29	1.77e-23	2.33e-18	1.43e-13	3.01e-08	3.63e-04	1.00e+00	0.00e+00	0.00e+00	0.00e+00
 1.26375e+22	0.00e+00	0.00e+00	1.45e-28	5.68e-23	6.04e-18	2.93e-13	4.84e-08	4.61e-04	1.00e+00	0.00e+00	0.00e+00	0.00e+00
 1.41578e+22	0.00e+00	0.00e+00	4.49e-28	1.46e-22	1.29e-17	5.18e-13	7.08e-08	5.56e-04	9.99e-01	0.00e+00	0.00e+00	0.00e+00
 1.50425e+22	0.00e+00	0.00e+00	6.38e-28	1.96e-22	1.63e-17	6.19e-13	7.96e-08	5.90e-04	9.99e-01	0.00e+00	0.00e+00	0.00e+00
 1.55233e+22	0.00e+00	0.00e+00	9.92e-28	2.83e-22	2.20e-17	7.75e-13	9.24e-08	6.35e-04	9.99e-01	0.00e+00	0.00e+00	0.00e+00
 1.60405e+22	0.00e+00	0.00e+00	1.48e-27	3.96e-22	2.88e-17	9.50e-13	1.06e-07	6.80e-04	9.99e-01	0.00e+00	0.00e+00	0.00e+00
 1.66051e+22	0.00e+00	0.00e+00	2.56e-27	6.25e-22	4.15e-17	1.25e-12	1.27e-07	7.44e-04	9.99e-01	0.00e+00	0.00e+00	0.00e+00
 1.71054e+22	0.00e+00	0.00e+00	3.45e-27	8.01e-22	5.07e-17	1.46e-12	1.40e-07	7.83e-04	9.99e-01	0.00e+00	0.00e+00	0.00e+00
 1.75223e+22	0.00e+00	1.85e-33	4.95e-27	1.08e-21	6.47e-17	1.76e-12	1.59e-07	8.31e-04	9.99e-01	0.00e+00	0.00e+00	0.00e+00
 1.79751e+22	0.00e+00	2.83e-33	7.12e-27	1.47e-21	8.26e-17	2.11e-12	1.79e-07	8.84e-04	9.99e-01	0.00e+00	0.00e+00	0.00e+00
 1.83862e+22	0.00e+00	4.14e-33	9.87e-27	1.93e-21	1.03e-16	2.50e-12	2.00e-07	9.33e-04	9.99e-01	0.00e+00	0.00e+00	0.00e+00
 1.88326e+22	0.00e+00	6.69e-33	1.49e-26	2.73e-21	1.36e-16	3.08e-12	2.30e-07	1.00e-03	9.99e-01	0.00e+00	0.00e+00	0.00e+00
 1.92854e+22	0.00e+00	9.84e-33	2.08e-26	3.61e-21	1.70e-16	3.65e-12	2.57e-07	1.06e-03	9.99e-01	0.00e+00	0.00e+00	0.00e+00
 1.97464e+22	0.00e+00	1.60e-32	3.16e-26	5.13e-21	2.26e-16	4.53e-12	2.97e-07	1.13e-03	9.99e-01	0.00e+00	0.00e+00	0.00e+00
 2.02066e+22	0.00e+00	2.37e-32	4.43e-26	6.79e-21	2.84e-16	5.37e-12	3.32e-07	1.20e-03	9.99e-01	0.00e+00	0.00e+00	0.00e+00
 2.06049e+22	0.00e+00	3.45e-32	6.11e-26	8.90e-21	3.53e-16	6.35e-12	3.70e-07	1.27e-03	9.99e-01	0.00e+00	0.00e+00	0.00e+00
 2.10617e+22	0.00e+00	5.60e-32	9.28e-26	1.26e-20	4.68e-16	7.86e-12	4.26e-07	1.36e-03	9.99e-01	0.00e+00	0.00e+00	0.00e+00
 2.14840e+22	0.00e+00	7.84e-32	1.24e-25	1.61e-20	5.68e-16	9.11e-12	4.70e-07	1.43e-03	9.99e-01	0.00e+00	0.00e+00	0.00e+00
 2.18069e+22	0.00e+00	1.07e-31	1.61e-25	2.01e-20	6.80e-16	1.04e-11	5.14e-07	1.49e-03	9.99e-01	0.00e+00	0.00e+00	0.00e+00
 2.21723e+22	0.00e+00	1.54e-31	2.21e-25	2.61e-20	8.42e-16	1.23e-11	5.72e-07	1.57e-03	9.98e-01	0.00e+00	0.00e+00	0.00e+00
 2.25650e+22	0.00e+00	2.19e-31	3.00e-25	3.37e-20	1.03e-15	1.44e-11	6.34e-07	1.65e-03	9.98e-01	0.00e+00	0.00e+00	0.00e+00
 2.29199e+22	0.00e+00	3.04e-31	3.98e-25	4.27e-20	1.25e-15	1.66e-11	6.98e-07	1.74e-03	9.98e-01	0.00e+00	0.00e+00	0.00e+00
 2.32556e+22	0.00e+00	4.18e-31	5.23e-25	5.38e-20	1.51e-15	1.91e-11	7.66e-07	1.82e-03	9.98e-01	0.00e+00	0.00e+00	0.00e+00
 2.36396e+22	0.00e+00	6.21e-31	7.35e-25	7.15e-20	1.90e-15	2.28e-11	8.60e-07	1.92e-03	9.98e-01	0.00e+00	0.00e+00	0.00e+00
 2.40361e+22	0.00e+00	8.79e-31	9.91e-25	9.19e-20	2.32e-15	2.66e-11	9.51e-07	2.02e-03	9.98e-01	0.00e+00	0.00e+00	0.00e+00
 2.43811e+22	0.00e+00	1.20e-30	1.30e-24	1.16e-19	2.80e-15	3.06e-11	1.04e-06	2.12e-03	9.98e-01	0.00e+00	0.00e+00	0.00e+00
 2.47618e+22	0.00e+00	1.75e-30	1.79e-24	1.52e-19	3.49e-15	3.63e-11	1.17e-06	2.24e-03	9.98e-01	0.00e+00	0.00e+00	0.00e+00
 2.51322e+22	0.00e+00	2.40e-30	2.35e-24	1.91e-19	4.19e-15	4.17e-11	1.28e-06	2.34e-03	9.98e-01	0.00e+00	0.00e+00	0.00e+00
 2.54242e+22	0.00e+00	3.15e-30	2.97e-24	2.32e-19	4.91e-15	4.71e-11	1.38e-06	2.43e-03	9.98e-01	0.00e+00	0.00e+00	0.00e+00
 2.57388e+22	0.00e+00	4.27e-30	3.87e-24	2.90e-19	5.89e-15	5.41e-11	1.51e-06	2.55e-03	9.97e-01	0.00e+00	0.00e+00	0.00e+00
 2.60820e+22	0.00e+00	5.84e-30	5.07e-24	3.63e-19	7.07e-15	6.21e-11	1.66e-06	2.66e-03	9.97e-01	0.00e+00	0.00e+00	0.00e+00
 2.63925e+22	0.00e+00	7.70e-30	6.44e-24	4.43e-19	8.31e-15	7.03e-11	1.80e-06	2.77e-03	9.97e-01	0.00e+00	0.00e+00	0.00e+00
 2.67262e+22	0.00e+00	1.07e-29	8.54e-24	5.63e-19	1.01e-14	8.15e-11	1.98e-06	2.91e-03	9.97e-01	0.00e+00	0.00e+00	0.00e+00
 2.70750e+22	0.00e+00	1.46e-29	1.12e-23	7.05e-19	1.21e-14	9.37e-11	2.17e-06	3.04e-03	9.97e-01	0.00e+00	0.00e+00	0.00e+00
 2.73799e+22	0.00e+00	1.93e-29	1.42e-23	8.63e-19	1.43e-14	1.06e-10	2.36e-06	3.17e-03	9.97e-01	0.00e+00	0.00e+00	0.00e+00
 2.77129e+22	0.00e+00	2.68e-29	1.89e-23	1.10e-18	1.73e-14	1.23e-10	2.60e-06	3.32e-03	9.97e-01	0.00e+00	0.00e+00	0.00e+00
 2.80378e+22	0.00e+00	3.55e-29	2.40e-23	1.34e-18	2.04e-14	1.39e-10	2.82e-06	3.46e-03	9.97e-01	0.00e+00	0.00e+00	0.00e+00
 2.82941e+22	0.00e+00	4.48e-29	2.94e-23	1.59e-18	2.33e-14	1.55e-10	3.02e-06	3.58e-03	9.96e-01	0.00e+00	0.00e+00	0.00e+00
 2.85689e+22	0.00e+00	5.86e-29	3.70e-23	1.93e-18	2.73e-14	1.75e-10	3.27e-06	3.72e-03	9.96e-01	0.00e+00	0.00e+00	0.00e+00
 2.88699e+22	0.00e+00	7.64e-29	4.66e-23	2.34e-18	3.20e-14	1.97e-10	3.54e-06	3.87e-03	9.96e-01	0.00e+00	0.00e+00	0.00e+00
 2.91542e+22	0.00e+00	9.91e-29	5.82e-23	2.82e-18	3.72e-14	2.21e-10	3.82e-06	4.02e-03	9.96e-01	0.00e+00	0.00e+00	0.00e+00
 2.94298e+22	0.00e+00	1.28e-28	7.27e-23	3.40e-18	4.33e-14	2.48e-10	4.12e-06	4.17e-03	9.96e-01	0.00e+00	0.00e+00	0.00e+00
 2.96969e+22	0.00e+00	1.64e-28	8.97e-23	4.06e-18	5.00e-14	2.77e-10	4.43e-06	4.32e-03	9.96e-01	0.00e+00	0.00e+00	0.00e+00
 2.99967e+22	0.00e+00	2.19e-28	1.15e-22	5.01e-18	5.94e-14	3.16e-10	4.83e-06	4.51e-03	9.95e-01	0.00e+00	0.00e+00	0.00e+00
 3.03099e+22	0.00e+00	2.90e-28	1.47e-22	6.14e-18	7.00e-14	3.58e-10	5.24e-06	4.70e-03	9.95e-01	0.00e+00	0.00e+00	0.00e+00
 3.05822e+22	0.00e+00	3.72e-28	1.82e-22	7.36e-18	8.11e-14	4.01e-10	5.65e-06	4.87e-03	9.95e-01	0.00e+00	0.00e+00	0.00e+00
 3.08240e+22	0.00e+00	4.64e-28	2.20e-22	8.64e-18	9.23e-14	4.43e-10	6.03e-06	5.03e-03	9.95e-01	0.00e+00	0.00e+00	0.00e+00
 3.10843e+22	0.00e+00	5.95e-28	2.73e-22	1.03e-17	1.07e-13	4.96e-10	6.49e-06	5.22e-03	9.95e-01	0.00e+00	0.00e+00	0.00e+00
 3.13650e+22	0.00e+00	7.64e-28	3.38e-22	1.24e-17	1.24e-13	5.54e-10	6.99e-06	5.41e-03	9.95e-01	0.00e+00	0.00e+00	0.00e+00
 3.16198e+22	0.00e+00	9.61e-28	4.12e-22	1.46e-17	1.42e-13	6.15e-10	7.48e-06	5.60e-03	9.94e-01	0.00e+00	0.00e+00	0.00e+00
 3.18987e+22	0.00e+00	1.26e-27	5.22e-22	1.78e-17	1.67e-13	6.96e-10	8.12e-06	5.83e-03	9.94e-01	0.00e+00	0.00e+00	0.00e+00
 3.21900e+22	0.00e+00	1.64e-27	6.52e-22	2.15e-17	1.94e-13	7.82e-10	8.76e-06	6.05e-03	9.94e-01	0.00e+00	0.00e+00	0.00e+00
 3.24362e+22	1.78e-34	2.05e-27	7.90e-22	2.53e-17	2.21e-13	8.64e-10	9.36e-06	6.25e-03	9.94e-01	0.00e+00	0.00e+00	0.00e+00
 3.26949e+22	2.36e-34	2.63e-27	9.82e-22	3.04e-17	2.57e-13	9.69e-10	1.01e-05	6.49e-03	9.94e-01	0.00e+00	0.00e+00	0.00e+00
 3.29714e+22	3.13e-34	3.37e-27	1.21e-21	3.63e-17	2.96e-13	1.08e-09	1.09e-05	6.73e-03	9.93e-01	0.00e+00	0.00e+00	0.00e+00
 3.32220e+22	4.06e-34	4.22e-27	1.48e-21	4.28e-17	3.39e-13	1.20e-09	1.16e-05	6.95e-03	9.93e-01	0.00e+00	0.00e+00	0.00e+00
 3.34987e+22	5.51e-34	5.53e-27	1.86e-21	5.20e-17	3.97e-13	1.36e-09	1.26e-05	7.24e-03	9.93e-01	0.00e+00	0.00e+00	0.00e+00
 3.37891e+22	7.41e-34	7.16e-27	2.32e-21	6.27e-17	4.62e-13	1.52e-09	1.36e-05	7.52e-03	9.92e-01	0.00e+00	0.00e+00	0.00e+00
 3.40319e+22	9.52e-34	8.91e-27	2.81e-21	7.35e-17	5.25e-13	1.68e-09	1.45e-05	7.76e-03	9.92e-01	0.00e+00	0.00e+00	0.00e+00
 3.42489e+22	1.18e-33	1.08e-26	3.31e-21	8.45e-17	5.89e-13	1.83e-09	1.54e-05	7.98e-03	9.92e-01	0.00e+00	0.00e+00	0.00e+00
 3.44975e+22	1.56e-33	1.37e-26	4.08e-21	1.01e-16	6.79e-13	2.04e-09	1.65e-05	8.27e-03	9.92e-01	0.00e+00	0.00e+00	0.00e+00
 3.47667e+22	2.06e-33	1.75e-26	5.02e-21	1.20e-16	7.83e-13	2.28e-09	1.78e-05	8.57e-03	9.91e-01	0.00e+00	0.00e+00	0.00e+00
 3.50154e+22	2.67e-33	2.20e-26	6.11e-21	1.42e-16	8.96e-13	2.52e-09	1.90e-05	8.87e-03	9.91e-01	0.00e+00	0.00e+00	0.00e+00
 3.52914e+22	3.64e-33	2.88e-26	7.71e-21	1.72e-16	1.05e-12	2.85e-09	2.06e-05	9.23e-03	9.91e-01	0.00e+00	0.00e+00	0.00e+00
 3.55666e+22	4.81e-33	3.68e-26	9.51e-21	2.05e-16	1.21e-12	3.18e-09	2.22e-05	9.57e-03	9.90e-01	0.00e+00	0.00e+00	0.00e+00
 3.57903e+22	6.08e-33	4.52e-26	1.13e-20	2.38e-16	1.37e-12	3.48e-09	2.36e-05	9.86e-03	9.90e-01	0.00e+00	0.00e+00	0.00e+00
 3.60305e+22	7.96e-33	5.72e-26	1.39e-20	2.82e-16	1.57e-12	3.87e-09	2.53e-05	1.02e-02	9.90e-01	0.00e+00	0.00e+00	0.00e+00
 3.62931e+22	1.04e-32	7.23e-26	1.70e-20	3.34e-16	1.80e-12	4.30e-09	2.72e-05	1.06e-02	9.89e-01	0.00e+00	0.00e+00	0.00e+00
 3.65414e+22	1.36e-32	9.15e-26	2.08e-20	3.96e-16	2.07e-12	4.78e-09	2.91e-05	1.09e-02	9.89e-01	0.00e+00	0.00e+00	0.00e+00
 3.67809e+22	1.76e-32	1.14e-25	2.51e-20	4.65e-16	2.35e-12	5.27e-09	3.11e-05	1.13e-02	9.89e-01	0.00e+00	0.00e+00	0.00e+00
 3.70521e+22	2.38e-32	1.49e-25	3.15e-20	5.63e-16	2.75e-12	5.94e-09	3.37e-05	1.18e-02	9.88e-01	0.00e+00	0.00e+00	0.00e+00
 3.73269e+22	3.15e-32	1.90e-25	3.90e-20	6.72e-16	3.17e-12	6.61e-09	3.63e-05	1.22e-02	9.88e-01	0.00e+00	0.00e+00	0.00e+00
 3.75553e+22	4.03e-32	2.36e-25	4.68e-20	7.84e-16	3.59e-12	7.26e-09	3.87e-05	1.26e-02	9.87e-01	0.00e+00	0.00e+00	0.00e+00
 3.78013e+22	5.36e-32	3.02e-25	5.79e-20	9.37e-16	4.14e-12	8.10e-09	4.16e-05	1.31e-02	9.87e-01	0.00e+00	0.00e+00	0.00e+00
 3.80659e+22	7.14e-32	3.87e-25	7.16e-20	1.12e-15	4.78e-12	9.02e-09	4.48e-05	1.36e-02	9.86e-01	0.00e+00	0.00e+00	0.00e+00
 3.83059e+22	9.19e-32	4.83e-25	8.65e-20	1.31e-15	5.43e-12	9.94e-09	4.79e-05	1.40e-02	9.86e-01	0.00e+00	0.00e+00	0.00e+00
 3.85297e+22	1.18e-31	6.00e-25	1.04e-19	1.53e-15	6.15e-12	1.09e-08	5.11e-05	1.45e-02	9.85e-01	0.00e+00	0.00e+00	0.00e+00
 3.87469e+22	1.49e-31	7.36e-25	1.24e-19	1.77e-15	6.92e-12	1.19e-08	5.43e-05	1.49e-02	9.85e-01	0.00e+00	0.00e+00	0.00e+00
 3.89953e+22	2.00e-31	9.50e-25	1.54e-19	2.13e-15	8.01e-12	1.33e-08	5.85e-05	1.55e-02	9.84e-01	0.00e+00	0.00e+00	0.00e+00
 3.92558e+22	2.66e-31	1.22e-24	1.90e-19	2.53e-15	9.22e-12	1.48e-08	6.29e-05	1.61e-02	9.84e-01	0.00e+00	0.00e+00	0.00e+00
 3.94855e+22	3.44e-31	1.52e-24	2.31e-19	2.97e-15	1.05e-11	1.63e-08	6.73e-05	1.66e-02	9.83e-01	0.00e+00	0.00e+00	0.00e+00
 3.97374e+22	4.75e-31	2.01e-24	2.92e-19	3.63e-15	1.23e-11	1.83e-08	7.30e-05	1.73e-02	9.83e-01	0.00e+00	0.00e+00	0.00e+00
 3.99961e+22	6.25e-31	2.56e-24	3.58e-19	4.30e-15	1.41e-11	2.02e-08	7.83e-05	1.79e-02	9.82e-01	0.00e+00	0.00e+00	0.00e+00
 4.02181e+22	8.11e-31	3.20e-24	4.34e-19	5.04e-15	1.59e-11	2.22e-08	8.36e-05	1.86e-02	9.81e-01	0.00e+00	0.00e+00	0.00e+00
 4.04264e+22	1.02e-30	3.92e-24	5.16e-19	5.82e-15	1.79e-11	2.42e-08	8.88e-05	1.91e-02	9.81e-01	0.00e+00	0.00e+00	0.00e+00
 4.06628e+22	1.39e-30	5.11e-24	6.46e-19	7.02e-15	2.08e-11	2.70e-08	9.59e-05	1.99e-02	9.80e-01	0.00e+00	0.00e+00	0.00e+00
 4.09083e+22	1.84e-30	6.51e-24	7.93e-19	8.31e-15	2.37e-11	2.98e-08	1.03e-04	2.06e-02	9.79e-01	0.00e+00	0.00e+00	0.00e+00
 4.11266e+22	2.41e-30	8.20e-24	9.65e-19	9.78e-15	2.70e-11	3.27e-08	1.10e-04	2.13e-02	9.79e-01	0.00e+00	0.00e+00	0.00e+00
 4.13715e+22	3.36e-30	1.09e-23	1.23e-18	1.20e-14	3.17e-11	3.68e-08	1.19e-04	2.22e-02	9.78e-01	0.00e+00	0.00e+00	0.00e+00
 4.16116e+22	4.39e-30	1.38e-23	1.50e-18	1.41e-14	3.60e-11	4.03e-08	1.28e-04	2.30e-02	9.77e-01	0.00e+00	0.00e+00	0.00e+00
 4.18110e+22	5.58e-30	1.70e-23	1.79e-18	1.63e-14	4.04e-11	4.39e-08	1.35e-04	2.37e-02	9.76e-01	0.00e+00	0.00e+00	0.00e+00
 4.20356e+22	7.64e-30	2.23e-23	2.25e-18	1.97e-14	4.69e-11	4.88e-08	1.46e-04	2.47e-02	9.75e-01	0.00e+00	0.00e+00	0.00e+00
 4.22673e+22	1.01e-29	2.84e-23	2.76e-18	2.33e-14	5.35e-11	5.37e-08	1.57e-04	2.55e-02	9.74e-01	0.00e+00	0.00e+00	0.00e+00
 4.24722e+22	1.31e-29	3.55e-23	3.33e-18	2.73e-14	6.05e-11	5.87e-08	1.67e-04	2.64e-02	9.73e-01	0.00e+00	0.00e+00	0.00e+00
 4.27025e+22	1.83e-29	4.73e-23	4.25e-18	3.33e-14	7.08e-11	6.57e-08	1.81e-04	2.75e-02	9.72e-01	0.00e+00	0.00e+00	0.00e+00
 4.29313e+22	2.43e-29	6.03e-23	5.22e-18	3.95e-14	8.07e-11	7.22e-08	1.94e-04	2.85e-02	9.71e-01	0.00e+00	0.00e+00	0.00e+00
 4.31213e+22	3.10e-29	7.46e-23	6.25e-18	4.58e-14	9.07e-11	7.85e-08	2.06e-04	2.94e-02	9.70e-01	0.00e+00	0.00e+00	0.00e+00
 4.33310e+22	4.22e-29	9.71e-23	7.81e-18	5.50e-14	1.05e-10	8.70e-08	2.22e-04	3.05e-02	9.69e-01	0.00e+00	0.00e+00	0.00e+00
 4.35516e+22	5.58e-29	1.24e-22	9.58e-18	6.51e-14	1.19e-10	9.56e-08	2.37e-04	3.16e-02	9.68e-01	0.00e+00	0.00e+00	0.00e+00
 4.37521e+22	7.42e-29	1.58e-22	1.18e-17	7.72e-14	1.36e-10	1.05e-07	2.54e-04	3.27e-02	9.67e-01	0.00e+00	0.00e+00	0.00e+00
 4.39462e+22	9.64e-29	1.98e-22	1.43e-17	9.04e-14	1.54e-10	1.15e-07	2.70e-04	3.37e-02	9.66e-01	0.00e+00	0.00e+00	0.00e+00
 4.41365e+22	1.27e-28	2.50e-22	1.74e-17	1.06e-13	1.75e-10	1.25e-07	2.88e-04	3.48e-02	9.65e-01	0.00e+00	0.00e+00	0.00e+00
 4.43247e+22	1.64e-28	3.13e-22	2.10e-17	1.24e-13	1.98e-10	1.37e-07	3.07e-04	3.60e-02	9.64e-01	0.00e+00	0.00e+00	0.00e+00
 4.45401e+22	2.30e-28	4.19e-22	2.69e-17	1.52e-13	2.32e-10	1.53e-07	3.32e-04	3.74e-02	9.62e-01	0.00e+00	0.00e+00	0.00e+00
 4.47567e+22	3.08e-28	5.40e-22	3.33e-17	1.82e-13	2.65e-10	1.69e-07	3.56e-04	3.88e-02	9.61e-01	0.00e+00	0.00e+00	0.00e+00
 4.49400e+22	4.00e-28	6.75e-22	4.02e-17	2.12e-13	3.00e-10	1.84e-07	3.79e-04	4.00e-02	9.60e-01	0.00e+00	0.00e+00	0.00e+00
 4.51437e+22	5.53e-28	8.94e-22	5.10e-17	2.58e-13	3.49e-10	2.05e-07	4.09e-04	4.16e-02	9.58e-01	0.00e+00	0.00e+00	0.00e+00
 4.53567e+22	7.45e-28	1.16e-21	6.34e-17	3.09e-13	4.02e-10	2.26e-07	4.38e-04	4.30e-02	9.57e-01	0.00e+00	0.00e+00	0.00e+00
 4.55485e+22	9.91e-28	1.48e-21	7.80e-17	3.67e-13	4.59e-10	2.49e-07	4.69e-04	4.45e-02	9.55e-01	0.00e+00	0.00e+00	0.00e+00
 4.57344e+22	1.32e-27	1.89e-21	9.62e-17	4.36e-13	5.25e-10	2.73e-07	5.01e-04	4.60e-02	9.53e-01	0.00e+00	0.00e+00	0.00e+00
 4.59457e+22	1.86e-27	2.54e-21	1.24e-16	5.36e-13	6.17e-10	3.07e-07	5.43e-04	4.79e-02	9.52e-01	0.00e+00	0.00e+00	0.00e+00
 4.61643e+22	2.56e-27	3.36e-21	1.56e-16	6.51e-13	7.16e-10	3.41e-07	5.84e-04	4.97e-02	9.50e-01	0.00e+00	0.00e+00	0.00e+00
 4.63559e+22	3.40e-27	4.28e-21	1.92e-16	7.72e-13	8.18e-10	3.75e-07	6.24e-04	5.13e-02	9.48e-01	0.00e+00	0.00e+00	0.00e+00
 4.65689e+22	4.98e-27	5.95e-21	2.54e-16	9.72e-13	9.79e-10	4.25e-07	6.81e-04	5.36e-02	9.46e-01	0.00e+00	0.00e+00	0.00e+00
 4.67792e+22	6.61e-27	7.61e-21	3.13e-16	1.15e-12	1.12e-09	4.68e-07	7.27e-04	5.54e-02	9.44e-01	0.00e+00	0.00e+00	0.00e+00
 4.69587e+22	8.94e-27	9.87e-21	3.90e-16	1.38e-12	1.29e-09	5.17e-07	7.78e-04	5.72e-02	9.42e-01	0.00e+00	0.00e+00	0.00e+00
 4.71348e+22	1.18e-26	1.25e-20	4.78e-16	1.64e-12	1.47e-09	5.67e-07	8.29e-04	5.90e-02	9.40e-01	0.00e+00	0.00e+00	0.00e+00
 4.73339e+22	1.70e-26	1.72e-20	6.24e-16	2.04e-12	1.74e-09	6.40e-07	9.00e-04	6.15e-02	9.38e-01	0.00e+00	0.00e+00	0.00e+00
 4.75228e+22	2.21e-26	2.16e-20	7.56e-16	2.39e-12	1.97e-09	6.98e-07	9.55e-04	6.33e-02	9.36e-01	0.00e+00	0.00e+00	0.00e+00
 4.76630e+22	2.78e-26	2.64e-20	8.96e-16	2.76e-12	2.20e-09	7.53e-07	1.01e-03	6.49e-02	9.34e-01	0.00e+00	0.00e+00	0.00e+00
 4.77906e+22	3.51e-26	3.22e-20	1.06e-15	3.17e-12	2.45e-09	8.13e-07	1.06e-03	6.65e-02	9.32e-01	0.00e+00	0.00e+00	0.00e+00
 4.79370e+22	4.65e-26	4.11e-20	1.31e-15	3.76e-12	2.80e-09	8.92e-07	1.13e-03	6.86e-02	9.30e-01	0.00e+00	0.00e+00	0.00e+00
 4.80871e+22	5.89e-26	5.04e-20	1.56e-15	4.34e-12	3.13e-09	9.65e-07	1.19e-03	7.03e-02	9.28e-01	0.00e+00	0.00e+00	0.00e+00
 4.82152e+22	7.40e-26	6.14e-20	1.84e-15	4.99e-12	3.48e-09	1.04e-06	1.25e-03	7.20e-02	9.27e-01	0.00e+00	0.00e+00	0.00e+00
 4.83342e+22	9.16e-26	7.39e-20	2.15e-15	5.68e-12	3.85e-09	1.12e-06	1.31e-03	7.37e-02	9.25e-01	0.00e+00	0.00e+00	0.00e+00
 4.84686e+22	1.19e-25	9.25e-20	2.60e-15	6.65e-12	4.35e-09	1.22e-06	1.38e-03	7.57e-02	9.23e-01	0.00e+00	0.00e+00	0.00e+00
 4.86028e+22	1.48e-25	1.12e-19	3.07e-15	7.62e-12	4.83e-09	1.31e-06	1.45e-03	7.75e-02	9.21e-01	0.00e+00	0.00e+00	0.00e+00
 4.87155e+22	1.84e-25	1.35e-19	3.59e-15	8.66e-12	5.33e-09	1.40e-06	1.52e-03	7.92e-02	9.19e-01	0.00e+00	0.00e+00	0.00e+00
 4.88409e+22	2.38e-25	1.69e-19	4.34e-15	1.01e-11	6.03e-09	1.53e-06	1.61e-03	8.14e-02	9.17e-01	0.00e+00	0.00e+00	0.00e+00
 4.89690e+22	2.96e-25	2.04e-19	5.10e-15	1.16e-11	6.68e-09	1.64e-06	1.69e-03	8.32e-02	9.15e-01	0.00e+00	0.00e+00	0.00e+00
 4.90823e+22	3.74e-25	2.50e-19	6.06e-15	1.34e-11	7.45e-09	1.77e-06	1.77e-03	8.52e-02	9.13e-01	0.00e+00	0.00e+00	0.00e+00
 4.91926e+22	4.65e-25	3.02e-19	7.11e-15	1.52e-11	8.25e-09	1.90e-06	1.85e-03	8.71e-02	9.11e-01	0.00e+00	0.00e+00	0.00e+00
 4.92962e+22	5.70e-25	3.61e-19	8.27e-15	1.73e-11	9.08e-09	2.03e-06	1.93e-03	8.89e-02	9.09e-01	0.00e+00	0.00e+00	0.00e+00
 4.93953e+22	7.00e-25	4.30e-19	9.61e-15	1.95e-11	9.99e-09	2.17e-06	2.02e-03	9.07e-02	9.07e-01	0.00e+00	0.00e+00	0.00e+00
 4.95092e+22	9.05e-25	5.38e-19	1.16e-14	2.29e-11	1.13e-08	2.36e-06	2.13e-03	9.30e-02	9.05e-01	0.00e+00	0.00e+00	0.00e+00
 4.96247e+22	1.14e-24	6.58e-19	1.38e-14	2.63e-11	1.25e-08	2.55e-06	2.23e-03	9.52e-02	9.03e-01	0.00e+00	0.00e+00	0.00e+00
 4.97231e+22	1.40e-24	7.86e-19	1.60e-14	2.98e-11	1.38e-08	2.72e-06	2.33e-03	9.71e-02	9.01e-01	0.00e+00	0.00e+00	0.00e+00
 4.98321e+22	1.83e-24	9.89e-19	1.95e-14	3.50e-11	1.56e-08	2.96e-06	2.46e-03	9.96e-02	8.98e-01	0.00e+00	0.00e+00	0.00e+00
 4.99443e+22	2.32e-24	1.22e-18	2.32e-14	4.04e-11	1.74e-08	3.20e-06	2.58e-03	1.02e-01	8.96e-01	0.00e+00	0.00e+00	0.00e+00
 5.00435e+22	2.89e-24	1.47e-18	2.73e-14	4.63e-11	1.93e-08	3.43e-06	2.70e-03	1.04e-01	8.93e-01	0.00e+00	0.00e+00	0.00e+00
 5.01553e+22	3.89e-24	1.90e-18	3.40e-14	5.54e-11	2.22e-08	3.77e-06	2.87e-03	1.07e-01	8.90e-01	0.00e+00	0.00e+00	0.00e+00
 5.02683e+22	4.94e-24	2.35e-18	4.06e-14	6.40e-11	2.48e-08	4.07e-06	3.01e-03	1.09e-01	8.88e-01	0.00e+00	0.00e+00	0.00e+00
 5.03646e+22	6.12e-24	2.83e-18	4.76e-14	7.30e-11	2.74e-08	4.37e-06	3.14e-03	1.12e-01	8.85e-01	0.00e+00	0.00e+00	0.00e+00
 5.04717e+22	8.47e-24	3.74e-18	6.04e-14	8.87e-11	3.18e-08	4.83e-06	3.35e-03	1.15e-01	8.82e-01	0.00e+00	0.00e+00	0.00e+00
 5.05767e+22	1.04e-23	4.49e-18	7.05e-14	1.01e-10	3.51e-08	5.17e-06	3.49e-03	1.17e-01	8.79e-01	0.00e+00	0.00e+00	0.00e+00
 5.06789e+22	1.43e-23	5.90e-18	8.88e-14	1.22e-10	4.05e-08	5.70e-06	3.71e-03	1.21e-01	8.76e-01	0.00e+00	0.00e+00	0.00e+00
 5.07792e+22	1.75e-23	7.04e-18	1.03e-13	1.38e-10	4.45e-08	6.08e-06	3.86e-03	1.23e-01	8.73e-01	0.00e+00	0.00e+00	0.00e+00
 5.08771e+22	2.41e-23	9.28e-18	1.30e-13	1.67e-10	5.15e-08	6.71e-06	4.11e-03	1.26e-01	8.70e-01	0.00e+00	0.00e+00	0.00e+00
 5.09747e+22	2.99e-23	1.12e-17	1.53e-13	1.91e-10	5.69e-08	7.19e-06	4.29e-03	1.29e-01	8.67e-01	0.00e+00	0.00e+00	0.00e+00
 5.10719e+22	4.12e-23	1.48e-17	1.94e-13	2.31e-10	6.59e-08	7.94e-06	4.56e-03	1.32e-01	8.63e-01	0.00e+00	0.00e+00	0.00e+00
 5.11701e+22	5.20e-23	1.81e-17	2.30e-13	2.66e-10	7.33e-08	8.55e-06	4.77e-03	1.35e-01	8.60e-01	0.00e+00	0.00e+00	0.00e+00
 5.12695e+22	7.29e-23	2.42e-17	2.95e-13	3.26e-10	8.55e-08	9.49e-06	5.08e-03	1.39e-01	8.56e-01	0.00e+00	0.00e+00	0.00e+00
 5.13697e+22	9.27e-23	2.99e-17	3.52e-13	3.77e-10	9.55e-08	1.02e-05	5.33e-03	1.42e-01	8.52e-01	0.00e+00	0.00e+00	0.00e+00
 5.14710e+22	1.30e-22	3.99e-17	4.50e-13	4.62e-10	1.11e-07	1.14e-05	5.68e-03	1.46e-01	8.48e-01	0.00e+00	0.00e+00	0.00e+00
 5.15715e+22	1.67e-22	4.97e-17	5.43e-13	5.38e-10	1.25e-07	1.23e-05	5.96e-03	1.50e-01	8.44e-01	0.00e+00	0.00e+00	0.00e+00
 5.16708e+22	2.33e-22	6.65e-17	6.95e-13	6.58e-10	1.46e-07	1.36e-05	6.35e-03	1.54e-01	8.40e-01	0.00e+00	0.00e+00	0.00e+00
 5.17720e+22	3.05e-22	8.40e-17	8.46e-13	7.73e-10	1.65e-07	1.48e-05	6.69e-03	1.58e-01	8.36e-01	0.00e+00	0.00e+00	0.00e+00
 5.18757e+22	4.35e-22	1.14e-16	1.10e-12	9.58e-10	1.94e-07	1.65e-05	7.16e-03	1.62e-01	8.30e-01	0.00e+00	0.00e+00	0.00e+00
 5.19799e+22	5.72e-22	1.45e-16	1.34e-12	1.13e-09	2.19e-07	1.80e-05	7.54e-03	1.66e-01	8.26e-01	0.00e+00	0.00e+00	0.00e+00
 5.20850e+22	8.20e-22	1.98e-16	1.75e-12	1.40e-09	2.59e-07	2.02e-05	8.08e-03	1.71e-01	8.20e-01	0.00e+00	0.00e+00	0.00e+00
 5.21908e+22	1.08e-21	2.51e-16	2.14e-12	1.66e-09	2.94e-07	2.20e-05	8.52e-03	1.75e-01	8.16e-01	0.00e+00	0.00e+00	0.00e+00
 5.22826e+22	1.42e-21	3.18e-16	2.62e-12	1.95e-09	3.33e-07	2.39e-05	8.98e-03	1.80e-01	8.11e-01	0.00e+00	0.00e+00	0.00e+00
 5.23869e+22	2.03e-21	4.34e-16	3.41e-12	2.43e-09	3.93e-07	2.68e-05	9.62e-03	1.85e-01	8.05e-01	0.00e+00	0.00e+00	0.00e+00
 5.24902e+22	2.61e-21	5.39e-16	4.10e-12	2.82e-09	4.40e-07	2.90e-05	1.01e-02	1.89e-01	8.01e-01	0.00e+00	0.00e+00	0.00e+00
 5.25920e+22	3.62e-21	7.16e-16	5.22e-12	3.44e-09	5.12e-07	3.21e-05	1.08e-02	1.94e-01	7.95e-01	0.00e+00	0.00e+00	0.00e+00
 5.26972e+22	4.76e-21	9.09e-16	6.39e-12	4.06e-09	5.82e-07	3.51e-05	1.14e-02	1.99e-01	7.90e-01	0.00e+00	0.00e+00	0.00e+00
 5.28055e+22	6.73e-21	1.23e-15	8.24e-12	5.01e-09	6.83e-07	3.92e-05	1.22e-02	2.05e-01	7.83e-01	0.00e+00	0.00e+00	0.00e+00
 5.29147e+22	8.70e-21	1.53e-15	9.96e-12	5.85e-09	7.71e-07	4.25e-05	1.28e-02	2.09e-01	7.78e-01	0.00e+00	0.00e+00	0.00e+00
 5.30262e+22	1.23e-20	2.07e-15	1.28e-11	7.21e-09	9.05e-07	4.75e-05	1.37e-02	2.16e-01	7.71e-01	0.00e+00	0.00e+00	0.00e+00
 5.31406e+22	1.59e-20	2.59e-15	1.55e-11	8.45e-09	1.02e-06	5.17e-05	1.44e-02	2.20e-01	7.65e-01	0.00e+00	0.00e+00	0.00e+00
 5.32585e+22	2.24e-20	3.48e-15	2.00e-11	1.04e-08	1.20e-06	5.78e-05	1.55e-02	2.27e-01	7.58e-01	0.00e+00	0.00e+00	0.00e+00
 5.33787e+22	2.92e-20	4.37e-15	2.43e-11	1.22e-08	1.36e-06	6.30e-05	1.63e-02	2.32e-01	7.52e-01	0.00e+00	0.00e+00	0.00e+00
 5.35018e+22	4.09e-20	5.87e-15	3.12e-11	1.50e-08	1.60e-06	7.05e-05	1.75e-02	2.39e-01	7.44e-01	0.00e+00	0.00e+00	0.00e+00
 5.36258e+22	5.28e-20	7.32e-15	3.76e-11	1.76e-08	1.80e-06	7.67e-05	1.84e-02	2.44e-01	7.38e-01	0.00e+00	0.00e+00	0.00e+00
 5.37508e+22	7.34e-20	9.74e-15	4.80e-11	2.15e-08	2.11e-06	8.56e-05	1.97e-02	2.51e-01	7.29e-01	0.00e+00	0.00e+00	0.00e+00
 5.38786e+22	9.43e-20	1.21e-14	5.78e-11	2.51e-08	2.38e-06	9.31e-05	2.07e-02	2.56e-01	7.23e-01	0.00e+00	0.00e+00	0.00e+00
 5.39901e+22	1.20e-19	1.49e-14	6.90e-11	2.90e-08	2.67e-06	1.01e-04	2.18e-02	2.61e-01	7.17e-01	0.00e+00	0.00e+00	0.00e+00
 5.41153e+22	1.63e-19	1.95e-14	8.67e-11	3.51e-08	3.10e-06	1.12e-04	2.32e-02	2.68e-01	7.09e-01	0.00e+00	0.00e+00	0.00e+00
 5.42404e+22	2.03e-19	2.36e-14	1.02e-10	4.03e-08	3.45e-06	1.21e-04	2.43e-02	2.73e-01	7.02e-01	0.00e+00	0.00e+00	0.00e+00
 5.43653e+22	2.73e-19	3.04e-14	1.27e-10	4.83e-08	3.98e-06	1.33e-04	2.59e-02	2.80e-01	6.94e-01	0.00e+00	0.00e+00	0.00e+00
 5.44930e+22	3.42e-19	3.70e-14	1.50e-10	5.55e-08	4.44e-06	1.44e-04	2.71e-02	2.85e-01	6.88e-01	0.00e+00	0.00e+00	0.00e+00
 5.46059e+22	4.27e-19	4.49e-14	1.77e-10	6.37e-08	4.95e-06	1.56e-04	2.84e-02	2.90e-01	6.81e-01	0.00e+00	0.00e+00	0.00e+00
 5.47344e+22	5.70e-19	5.77e-14	2.20e-10	7.62e-08	5.71e-06	1.72e-04	3.02e-02	2.97e-01	6.72e-01	0.00e+00	0.00e+00	0.00e+00
 5.48621e+22	6.97e-19	6.87e-14	2.55e-10	8.64e-08	6.30e-06	1.84e-04	3.15e-02	3.02e-01	6.66e-01	0.00e+00	0.00e+00	0.00e+00
 5.49888e+22	9.17e-19	8.73e-14	3.13e-10	1.02e-07	7.21e-06	2.03e-04	3.34e-02	3.09e-01	6.57e-01	0.00e+00	0.00e+00	0.00e+00
 5.51181e+22	1.12e-18	1.04e-13	3.64e-10	1.16e-07	7.97e-06	2.18e-04	3.48e-02	3.14e-01	6.51e-01	0.00e+00	0.00e+00	0.00e+00
 5.52505e+22	1.48e-18	1.32e-13	4.47e-10	1.38e-07	9.13e-06	2.40e-04	3.69e-02	3.21e-01	6.42e-01	0.00e+00	0.00e+00	0.00e+00
 5.53855e+22	1.82e-18	1.58e-13	5.21e-10	1.57e-07	1.01e-05	2.58e-04	3.86e-02	3.26e-01	6.35e-01	0.00e+00	0.00e+00	0.00e+00
 5.55238e+22	2.40e-18	2.01e-13	6.40e-10	1.87e-07	1.16e-05	2.84e-04	4.09e-02	3.33e-01	6.25e-01	0.00e+00	0.00e+00	0.00e+00
 5.56646e+22	2.95e-18	2.41e-13	7.47e-10	2.13e-07	1.29e-05	3.06e-04	4.28e-02	3.39e-01	6.18e-01	0.00e+00	0.00e+00	0.00e+00
 5.58088e+22	3.89e-18	3.06e-13	9.18e-10	2.53e-07	1.48e-05	3.37e-04	4.53e-02	3.46e-01	6.08e-01	0.00e+00	0.00e+00	0.00e+00
 5.59497e+22	4.66e-18	3.59e-13	1.05e-09	2.83e-07	1.62e-05	3.59e-04	4.71e-02	3.51e-01	6.02e-01	0.00e+00	0.00e+00	0.00e+00
 5.60863e+22	6.05e-18	4.50e-13	1.28e-09	3.34e-07	1.84e-05	3.94e-04	4.98e-02	3.58e-01	5.92e-01	0.00e+00	0.00e+00	0.00e+00
 5.62251e+22	7.26e-18	5.28e-13	1.47e-09	3.74e-07	2.02e-05	4.21e-04	5.18e-02	3.62e-01	5.85e-01	0.00e+00	0.00e+00	0.00e+00
 5.63667e+22	9.34e-18	6.57e-13	1.77e-09	4.38e-07	2.29e-05	4.60e-04	5.46e-02	3.69e-01	5.76e-01	0.00e+00	0.00e+00	0.00e+00
 5.65126e+22	1.14e-17	7.83e-13	2.06e-09	4.98e-07	2.54e-05	4.94e-04	5.70e-02	3.74e-01	5.68e-01	0.00e+00	0.00e+00	0.00e+00
 5.66643e+22	1.47e-17	9.75e-13	2.48e-09	5.83e-07	2.88e-05	5.41e-04	6.01e-02	3.81e-01	5.58e-01	0.00e+00	0.00e+00	0.00e+00
 5.68209e+22	1.82e-17	1.17e-12	2.91e-09	6.67e-07	3.20e-05	5.83e-04	6.29e-02	3.87e-01	5.50e-01	0.00e+00	0.00e+00	0.00e+00
 5.69840e+22	2.36e-17	1.47e-12	3.54e-09	7.85e-07	3.65e-05	6.40e-04	6.64e-02	3.94e-01	5.39e-01	2.36e-17	5.90e-28	6.27e-28
 5.71515e+22	2.94e-17	1.78e-12	4.17e-09	9.01e-07	4.08e-05	6.92e-04	6.95e-02	3.99e-01	5.31e-01	2.94e-17	5.50e-26	6.93e-26
 5.73248e+22	3.84e-17	2.25e-12	5.10e-09	1.07e-06	4.66e-05	7.61e-04	7.35e-02	4.06e-01	5.20e-01	3.84e-17	7.20e-26	9.07e-26
 5.75038e+22	4.82e-17	2.74e-12	6.04e-09	1.23e-06	5.23e-05	8.24e-04	7.70e-02	4.12e-01	5.10e-01	4.82e-17	9.03e-26	1.14e-25
 5.76902e+22	6.37e-17	3.50e-12	7.45e-09	1.47e-06	6.01e-05	9.10e-04	8.16e-02	4.19e-01	4.98e-01	6.37e-17	1.20e-25	1.51e-25
 5.78817e+22	8.06e-17	4.29e-12	8.88e-09	1.70e-06	6.76e-05	9.89e-04	8.56e-02	4.25e-01	4.88e-01	8.06e-17	1.51e-25	1.90e-25
 5.80540e+22	1.01e-16	5.21e-12	1.05e-08	1.95e-06	7.55e-05	1.07e-03	8.96e-02	4.30e-01	4.79e-01	1.01e-16	1.89e-25	2.38e-25
 5.82519e+22	1.36e-16	6.77e-12	1.31e-08	2.36e-06	8.79e-05	1.19e-03	9.52e-02	4.37e-01	4.66e-01	1.36e-16	2.55e-25	3.21e-25
 5.84510e+22	1.69e-16	8.20e-12	1.55e-08	2.71e-06	9.80e-05	1.29e-03	9.95e-02	4.43e-01	4.57e-01	1.69e-16	3.18e-25	4.00e-25
 5.86516e+22	2.27e-16	1.06e-11	1.93e-08	3.26e-06	1.14e-04	1.43e-03	1.06e-01	4.49e-01	4.44e-01	2.27e-16	4.26e-25	5.37e-25
 5.88565e+22	2.87e-16	1.30e-11	2.30e-08	3.78e-06	1.28e-04	1.55e-03	1.11e-01	4.54e-01	4.33e-01	2.87e-16	5.40e-25	6.80e-25
 5.90670e+22	3.88e-16	1.69e-11	2.88e-08	4.57e-06	1.49e-04	1.72e-03	1.17e-01	4.61e-01	4.20e-01	3.88e-16	7.30e-25	9.19e-25
 5.92808e+22	4.95e-16	2.09e-11	3.46e-08	5.32e-06	1.68e-04	1.88e-03	1.23e-01	4.66e-01	4.09e-01	4.95e-16	9.31e-25	1.17e-24
 5.94989e+22	6.78e-16	2.75e-11	4.38e-08	6.49e-06	1.97e-04	2.10e-03	1.31e-01	4.72e-01	3.95e-01	6.78e-16	1.28e-24	1.61e-24
 5.97180e+22	8.61e-16	3.39e-11	5.24e-08	7.54e-06	2.22e-04	2.28e-03	1.37e-01	4.76e-01	3.84e-01	8.61e-16	1.62e-24	2.04e-24
 5.98998e+22	1.07e-15	4.09e-11	6.17e-08	8.65e-06	2.48e-04	2.46e-03	1.43e-01	4.80e-01	3.74e-01	1.07e-15	2.01e-24	2.53e-24
 6.00976e+22	1.42e-15	5.24e-11	7.64e-08	1.04e-05	2.87e-04	2.73e-03	1.51e-01	4.84e-01	3.61e-01	1.42e-15	2.68e-24	3.37e-24
 6.02947e+22	1.75e-15	6.29e-11	8.95e-08	1.18e-05	3.20e-04	2.94e-03	1.58e-01	4.88e-01	3.51e-01	1.75e-15	3.31e-24	4.16e-24
 6.04907e+22	2.32e-15	8.03e-11	1.10e-07	1.42e-05	3.69e-04	3.25e-03	1.66e-01	4.92e-01	3.38e-01	2.32e-15	4.37e-24	5.50e-24
 6.06894e+22	2.88e-15	9.69e-11	1.30e-07	1.63e-05	4.12e-04	3.51e-03	1.73e-01	4.94e-01	3.29e-01	2.88e-15	5.43e-24	6.83e-24
 6.08913e+22	3.83e-15	1.24e-10	1.61e-07	1.95e-05	4.79e-04	3.90e-03	1.83e-01	4.97e-01	3.15e-01	3.83e-15	7.23e-24	9.09e-24
 6.10956e+22	4.76e-15	1.50e-10	1.90e-07	2.25e-05	5.37e-04	4.22e-03	1.91e-01	4.99e-01	3.05e-01	4.76e-15	8.99e-24	1.13e-23
 6.13032e+22	6.34e-15	1.93e-10	2.37e-07	2.71e-05	6.25e-04	4.70e-03	2.02e-01	5.02e-01	2.91e-01	6.34e-15	1.20e-23	1.51e-23
 6.15148e+22	7.96e-15	2.36e-10	2.81e-07	3.14e-05	7.06e-04	5.11e-03	2.11e-01	5.03e-01	2.81e-01	7.96e-15	1.51e-23	1.89e-23
 6.17316e+22	1.07e-14	3.04e-10	3.52e-07	3.81e-05	8.27e-04	5.71e-03	2.23e-01	5.04e-01	2.67e-01	1.07e-14	2.02e-23	2.54e-23
 6.19526e+22	1.34e-14	3.72e-10	4.20e-07	4.44e-05	9.39e-04	6.24e-03	2.33e-01	5.04e-01	2.56e-01	1.34e-14	2.55e-23	3.20e-23
 6.21794e+22	1.81e-14	4.83e-10	5.28e-07	5.42e-05	1.11e-03	7.00e-03	2.47e-01	5.04e-01	2.41e-01	1.81e-14	3.43e-23	4.31e-23
 6.24081e+22	2.27e-14	5.89e-10	6.30e-07	6.32e-05	1.26e-03	7.66e-03	2.57e-01	5.03e-01	2.30e-01	2.27e-14	4.31e-23	5.41e-23
 6.26003e+22	2.78e-14	7.05e-10	7.38e-07	7.27e-05	1.41e-03	8.32e-03	2.68e-01	5.02e-01	2.21e-01	2.78e-14	5.28e-23	6.63e-23
 6.28088e+22	3.59e-14	8.81e-10	9.01e-07	8.66e-05	1.64e-03	9.23e-03	2.81e-01	5.00e-01	2.08e-01	3.59e-14	6.81e-23	8.55e-23
 6.30189e+22	4.37e-14	1.05e-09	1.05e-06	9.95e-05	1.84e-03	1.00e-02	2.92e-01	4.97e-01	1.98e-01	4.37e-14	8.30e-23	1.04e-22
 6.32244e+22	5.50e-14	1.28e-09	1.27e-06	1.17e-04	2.12e-03	1.11e-02	3.06e-01	4.94e-01	1.87e-01	5.50e-14	1.05e-22	1.31e-22
 6.34341e+22	6.67e-14	1.52e-09	1.48e-06	1.35e-04	2.39e-03	1.21e-02	3.18e-01	4.90e-01	1.77e-01	6.67e-14	1.27e-22	1.59e-22
 6.36395e+22	8.21e-14	1.83e-09	1.75e-06	1.57e-04	2.73e-03	1.32e-02	3.32e-01	4.85e-01	1.67e-01	8.21e-14	1.56e-22	1.96e-22
 6.38492e+22	9.90e-14	2.16e-09	2.04e-06	1.81e-04	3.08e-03	1.45e-02	3.45e-01	4.80e-01	1.58e-01	9.90e-14	1.89e-22	2.37e-22
 6.40565e+22	1.19e-13	2.56e-09	2.39e-06	2.09e-04	3.49e-03	1.58e-02	3.58e-01	4.74e-01	1.48e-01	1.19e-13	2.27e-22	2.85e-22
 6.42649e+22	1.42e-13	2.99e-09	2.77e-06	2.40e-04	3.93e-03	1.72e-02	3.71e-01	4.68e-01	1.39e-01	1.42e-13	2.71e-22	3.39e-22
 6.44708e+22	1.67e-13	3.47e-09	3.19e-06	2.74e-04	4.42e-03	1.88e-02	3.84e-01	4.61e-01	1.31e-01	1.67e-13	3.19e-22	4.01e-22
 6.46763e+22	1.96e-13	4.01e-09	3.66e-06	3.12e-04	4.95e-03	2.04e-02	3.97e-01	4.54e-01	1.23e-01	1.96e-13	3.74e-22	4.69e-22
 6.48822e+22	2.28e-13	4.60e-09	4.19e-06	3.54e-04	5.54e-03	2.21e-02	4.10e-01	4.47e-01	1.15e-01	2.28e-13	4.35e-22	5.46e-22
 6.50888e+22	2.62e-13	5.25e-09	4.77e-06	4.01e-04	6.19e-03	2.40e-02	4.23e-01	4.39e-01	1.08e-01	2.62e-13	5.02e-22	6.30e-22
 6.52965e+22	3.01e-13	5.96e-09	5.41e-06	4.53e-04	6.89e-03	2.60e-02	4.36e-01	4.30e-01	1.00e-01	3.01e-13	5.76e-22	7.22e-22
 6.55061e+22	3.43e-13	6.73e-09	6.12e-06	5.11e-04	7.67e-03	2.81e-02	4.49e-01	4.21e-01	9.37e-02	3.43e-13	6.57e-22	8.24e-22
 6.57180e+22	3.88e-13	7.58e-09	6.90e-06	5.76e-04	8.51e-03	3.04e-02	4.61e-01	4.12e-01	8.72e-02	3.88e-13	7.46e-22	9.34e-22
 6.59310e+22	4.37e-13	8.49e-09	7.76e-06	6.46e-04	9.42e-03	3.28e-02	4.74e-01	4.02e-01	8.11e-02	4.37e-13	8.40e-22	1.05e-21
 6.61475e+22	4.91e-13	9.49e-09	8.72e-06	7.26e-04	1.04e-02	3.55e-02	4.86e-01	3.92e-01	7.52e-02	4.91e-13	9.44e-22	1.18e-21
 6.63663e+22	5.47e-13	1.06e-08	9.75e-06	8.12e-04	1.15e-02	3.82e-02	4.97e-01	3.82e-01	6.98e-02	5.47e-13	1.05e-21	1.32e-21
 6.65894e+22	6.09e-13	1.17e-08	1.09e-05	9.11e-04	1.27e-02	4.12e-02	5.09e-01	3.71e-01	6.44e-02	6.09e-13	1.17e-21	1.47e-21
 6.68165e+22	6.74e-13	1.30e-08	1.22e-05	1.02e-03	1.40e-02	4.44e-02	5.20e-01	3.61e-01	5.95e-02	6.74e-13	1.30e-21	1.63e-21
 6.70247e+22	7.32e-13	1.41e-08	1.34e-05	1.12e-03	1.52e-02	4.71e-02	5.29e-01	3.52e-01	5.56e-02	7.32e-13	1.42e-21	1.77e-21
 6.72423e+22	8.07e-13	1.56e-08	1.49e-05	1.25e-03	1.67e-02	5.09e-02	5.40e-01	3.40e-01	5.09e-02	8.07e-13	1.56e-21	1.95e-21
 6.74629e+22	8.75e-13	1.70e-08	1.64e-05	1.37e-03	1.81e-02	5.39e-02	5.49e-01	3.31e-01	4.75e-02	8.75e-13	1.70e-21	2.12e-21
 6.76895e+22	9.64e-13	1.88e-08	1.83e-05	1.55e-03	1.99e-02	5.81e-02	5.59e-01	3.18e-01	4.33e-02	9.64e-13	1.87e-21	2.34e-21
 6.79165e+22	1.04e-12	2.04e-08	2.00e-05	1.69e-03	2.14e-02	6.15e-02	5.66e-01	3.09e-01	4.03e-02	1.04e-12	2.02e-21	2.52e-21
 6.81441e+22	1.13e-12	2.24e-08	2.23e-05	1.89e-03	2.35e-02	6.61e-02	5.75e-01	2.97e-01	3.66e-02	1.13e-12	2.21e-21	2.76e-21
 6.83727e+22	1.22e-12	2.43e-08	2.44e-05	2.07e-03	2.52e-02	6.97e-02	5.81e-01	2.88e-01	3.41e-02	1.22e-12	2.38e-21	2.98e-21
 6.86025e+22	1.33e-12	2.67e-08	2.72e-05	2.31e-03	2.75e-02	7.46e-02	5.89e-01	2.76e-01	3.09e-02	1.33e-12	2.60e-21	3.25e-21
 6.88349e+22	1.43e-12	2.89e-08	2.96e-05	2.52e-03	2.95e-02	7.86e-02	5.94e-01	2.67e-01	2.87e-02	1.43e-12	2.80e-21	3.50e-21
 6.90705e+22	1.56e-12	3.19e-08	3.31e-05	2.82e-03	3.21e-02	8.40e-02	6.00e-01	2.55e-01	2.59e-02	1.56e-12	3.06e-21	3.82e-21
 6.93094e+22	1.68e-12	3.46e-08	3.62e-05	3.08e-03	3.43e-02	8.84e-02	6.04e-01	2.46e-01	2.40e-02	1.68e-12	3.30e-21	4.12e-21
 6.95526e+22	1.84e-12	3.83e-08	4.05e-05	3.44e-03	3.73e-02	9.43e-02	6.09e-01	2.34e-01	2.16e-02	1.84e-12	3.62e-21	4.51e-21
 6.98004e+22	1.99e-12	4.17e-08	4.45e-05	3.77e-03	3.99e-02	9.91e-02	6.12e-01	2.25e-01	1.99e-02	1.99e-12	3.92e-21	4.88e-21
 7.00541e+22	2.18e-12	4.64e-08	5.01e-05	4.23e-03	4.33e-02	1.06e-01	6.15e-01	2.14e-01	1.78e-02	2.18e-12	4.31e-21	5.37e-21
 7.03138e+22	2.37e-12	5.09e-08	5.53e-05	4.64e-03	4.63e-02	1.11e-01	6.17e-01	2.05e-01	1.63e-02	2.37e-12	4.70e-21	5.86e-21
 7.05812e+22	2.62e-12	5.70e-08	6.26e-05	5.23e-03	5.04e-02	1.18e-01	6.19e-01	1.93e-01	1.45e-02	2.62e-12	5.20e-21	6.48e-21
 7.08530e+22	2.87e-12	6.30e-08	6.94e-05	5.75e-03	5.37e-02	1.24e-01	6.19e-01	1.84e-01	1.32e-02	2.87e-12	5.71e-21	7.11e-21
 7.10821e+22	3.11e-12	6.89e-08	7.62e-05	6.25e-03	5.69e-02	1.29e-01	6.19e-01	1.77e-01	1.21e-02	3.11e-12	6.20e-21	7.72e-21
 7.13316e+22	3.44e-12	7.72e-08	8.58e-05	6.97e-03	6.12e-02	1.36e-01	6.18e-01	1.67e-01	1.08e-02	3.44e-12	6.88e-21	8.56e-21
 7.15731e+22	3.72e-12	8.42e-08	9.36e-05	7.53e-03	6.44e-02	1.42e-01	6.16e-01	1.60e-01	1.00e-02	3.72e-12	7.46e-21	9.28e-21
 7.18044e+22	4.08e-12	9.35e-08	1.04e-04	8.31e-03	6.87e-02	1.48e-01	6.14e-01	1.52e-01	9.00e-03	4.08e-12	8.18e-21	1.02e-20
 7.20382e+22	4.46e-12	1.03e-07	1.14e-04	8.99e-03	7.23e-02	1.54e-01	6.11e-01	1.45e-01	8.31e-03	4.46e-12	8.98e-21	1.12e-20
 7.22753e+22	4.94e-12	1.15e-07	1.28e-04	9.93e-03	7.70e-02	1.61e-01	6.08e-01	1.37e-01	7.45e-03	4.94e-12	9.97e-21	1.24e-20
 7.25161e+22	5.44e-12	1.27e-07	1.41e-04	1.08e-02	8.10e-02	1.66e-01	6.04e-01	1.31e-01	6.84e-03	5.44e-12	1.10e-20	1.37e-20
 7.27616e+22	6.07e-12	1.44e-07	1.59e-04	1.19e-02	8.63e-02	1.74e-01	5.99e-01	1.23e-01	6.10e-03	6.07e-12	1.23e-20	1.53e-20
 7.30105e+22	6.76e-12	1.60e-07	1.76e-04	1.29e-02	9.08e-02	1.79e-01	5.94e-01	1.17e-01	5.59e-03	6.76e-12	1.38e-20	1.71e-20
 7.32640e+22	7.60e-12	1.83e-07	2.00e-04	1.43e-02	9.66e-02	1.87e-01	5.87e-01	1.10e-01	4.96e-03	7.60e-12	1.55e-20	1.93e-20
 7.35219e+22	8.53e-12	2.05e-07	2.22e-04	1.56e-02	1.02e-01	1.93e-01	5.81e-01	1.04e-01	4.52e-03	8.53e-12	1.75e-20	2.17e-20
 7.37856e+22	9.72e-12	2.36e-07	2.53e-04	1.73e-02	1.08e-01	2.01e-01	5.72e-01	9.71e-02	3.98e-03	9.72e-12	2.00e-20	2.48e-20
 7.40555e+22	1.10e-11	2.67e-07	2.82e-04	1.88e-02	1.14e-01	2.07e-01	5.65e-01	9.17e-02	3.60e-03	1.10e-11	2.27e-20	2.82e-20
 7.43333e+22	1.28e-11	3.13e-07	3.25e-04	2.10e-02	1.21e-01	2.15e-01	5.54e-01	8.50e-02	3.15e-03	1.28e-11	2.65e-20	3.29e-20
 7.46182e+22	1.46e-11	3.58e-07	3.66e-04	2.30e-02	1.27e-01	2.21e-01	5.45e-01	7.98e-02	2.82e-03	1.46e-11	3.04e-20	3.77e-20
 7.49123e+22	1.73e-11	4.24e-07	4.25e-04	2.57e-02	1.36e-01	2.30e-01	5.33e-01	7.34e-02	2.45e-03	1.73e-11	3.62e-20	4.49e-20
 7.52090e+22	2.01e-11	4.89e-07	4.79e-04	2.81e-02	1.43e-01	2.36e-01	5.22e-01	6.87e-02	2.19e-03	2.01e-11	4.22e-20	5.23e-20
 7.55093e+22	2.39e-11	5.85e-07	5.59e-04	3.14e-02	1.52e-01	2.44e-01	5.08e-01	6.28e-02	1.88e-03	2.39e-11	5.06e-20	6.27e-20
 7.58127e+22	2.80e-11	6.78e-07	6.32e-04	3.43e-02	1.59e-01	2.49e-01	4.96e-01	5.86e-02	1.68e-03	2.80e-11	5.95e-20	7.36e-20
 7.61203e+22	3.39e-11	8.18e-07	7.40e-04	3.84e-02	1.69e-01	2.56e-01	4.81e-01	5.33e-02	1.43e-03	3.39e-11	7.26e-20	8.97e-20
 7.64206e+22	3.96e-11	9.43e-07	8.30e-04	4.17e-02	1.77e-01	2.61e-01	4.69e-01	4.97e-02	1.28e-03	3.96e-11	8.52e-20	1.05e-19
 7.67116e+22	4.78e-11	1.13e-06	9.63e-04	4.62e-02	1.86e-01	2.67e-01	4.53e-01	4.53e-02	1.10e-03	4.78e-11	1.03e-19	1.28e-19
 7.70125e+22	5.66e-11	1.32e-06	1.09e-03	5.03e-02	1.94e-01	2.71e-01	4.40e-01	4.19e-02	9.72e-04	5.66e-11	1.23e-19	1.52e-19
 7.72697e+22	6.56e-11	1.51e-06	1.21e-03	5.42e-02	2.02e-01	2.75e-01	4.28e-01	3.91e-02	8.69e-04	6.56e-11	1.44e-19	1.77e-19
 7.75473e+22	7.93e-11	1.79e-06	1.40e-03	5.95e-02	2.11e-01	2.79e-01	4.12e-01	3.56e-02	7.49e-04	7.93e-11	1.75e-19	2.15e-19
 7.78251e+22	9.23e-11	2.06e-06	1.56e-03	6.40e-02	2.19e-01	2.82e-01	4.00e-01	3.31e-02	6.66e-04	9.23e-11	2.04e-19	2.52e-19
 7.81029e+22	1.12e-10	2.45e-06	1.78e-03	7.00e-02	2.28e-01	2.85e-01	3.84e-01	3.02e-02	5.77e-04	1.12e-10	2.50e-19	3.08e-19
 7.83922e+22	1.33e-10	2.85e-06	2.00e-03	7.57e-02	2.37e-01	2.88e-01	3.70e-01	2.77e-02	5.04e-04	1.33e-10	2.99e-19	3.68e-19
 7.86515e+22	1.57e-10	3.29e-06	2.24e-03	8.13e-02	2.44e-01	2.90e-01	3.57e-01	2.55e-02	4.45e-04	1.57e-10	3.54e-19	4.35e-19
 7.89438e+22	1.93e-10	3.94e-06	2.57e-03	8.88e-02	2.54e-01	2.91e-01	3.40e-01	2.30e-02	3.81e-04	1.93e-10	4.41e-19	5.42e-19
 7.92501e+22	2.34e-10	4.64e-06	2.91e-03	9.61e-02	2.63e-01	2.92e-01	3.25e-01	2.09e-02	3.29e-04	2.34e-10	5.37e-19	6.59e-19
 7.95274e+22	2.80e-10	5.41e-06	3.27e-03	1.03e-01	2.71e-01	2.92e-01	3.11e-01	1.91e-02	2.86e-04	2.80e-10	6.47e-19	7.94e-19
 7.98408e+22	3.52e-10	6.56e-06	3.77e-03	1.13e-01	2.81e-01	2.91e-01	2.93e-01	1.70e-02	2.40e-04	3.52e-10	8.22e-19	1.01e-18
 8.01636e+22	4.30e-10	7.75e-06	4.27e-03	1.22e-01	2.90e-01	2.90e-01	2.78e-01	1.53e-02	2.05e-04	4.30e-10	1.01e-18	1.24e-18
 8.04504e+22	5.19e-10	9.07e-06	4.80e-03	1.31e-01	2.97e-01	2.89e-01	2.64e-01	1.38e-02	1.77e-04	5.19e-10	1.24e-18	1.51e-18
 8.07752e+22	6.61e-10	1.10e-05	5.54e-03	1.43e-01	3.07e-01	2.86e-01	2.47e-01	1.21e-02	1.46e-04	6.61e-10	1.59e-18	1.95e-18
 8.11116e+22	8.19e-10	1.31e-05	6.28e-03	1.53e-01	3.14e-01	2.83e-01	2.32e-01	1.08e-02	1.23e-04	8.19e-10	1.99e-18	2.43e-18
 8.14131e+22	1.00e-09	1.54e-05	7.06e-03	1.64e-01	3.21e-01	2.79e-01	2.19e-01	9.65e-03	1.05e-04	1.00e-09	2.46e-18	3.01e-18
 8.17551e+22	1.30e-09	1.90e-05	8.18e-03	1.79e-01	3.30e-01	2.74e-01	2.02e-01	8.34e-03	8.46e-05	1.30e-09	3.24e-18	3.95e-18
 8.21077e+22	1.62e-09	2.26e-05	9.25e-03	1.91e-01	3.36e-01	2.68e-01	1.88e-01	7.34e-03	7.04e-05	1.62e-09	4.09e-18	4.98e-18
 8.24742e+22	2.14e-09	2.80e-05	1.08e-02	2.08e-01	3.43e-01	2.61e-01	1.71e-01	6.23e-03	5.57e-05	2.14e-09	5.49e-18	6.68e-18
 8.28450e+22	2.69e-09	3.34e-05	1.22e-02	2.22e-01	3.48e-01	2.54e-01	1.58e-01	5.43e-03	4.59e-05	2.69e-09	6.99e-18	8.50e-18
 8.31715e+22	3.37e-09	3.96e-05	1.37e-02	2.37e-01	3.52e-01	2.47e-01	1.46e-01	4.74e-03	3.78e-05	3.37e-09	8.85e-18	1.08e-17
 8.35463e+22	4.49e-09	4.92e-05	1.59e-02	2.56e-01	3.56e-01	2.37e-01	1.31e-01	3.96e-03	2.94e-05	4.49e-09	1.20e-17	1.46e-17
 8.39251e+22	5.66e-09	5.85e-05	1.79e-02	2.71e-01	3.58e-01	2.29e-01	1.20e-01	3.41e-03	2.39e-05	5.66e-09	1.54e-17	1.87e-17
 8.43091e+22	7.57e-09	7.24e-05	2.06e-02	2.91e-01	3.60e-01	2.18e-01	1.07e-01	2.83e-03	1.84e-05	7.57e-09	2.10e-17	2.54e-17
 8.46989e+22	9.62e-09	8.64e-05	2.32e-02	3.08e-01	3.60e-01	2.09e-01	9.73e-02	2.41e-03	1.47e-05	9.62e-09	2.71e-17	3.28e-17
 8.50965e+22	1.30e-08	1.08e-04	2.68e-02	3.29e-01	3.59e-01	1.97e-01	8.56e-02	1.96e-03	1.11e-05	1.30e-08	3.74e-17	4.52e-17
 8.54979e+22	1.65e-08	1.28e-04	3.00e-02	3.47e-01	3.58e-01	1.87e-01	7.71e-02	1.65e-03	8.80e-06	1.65e-08	4.84e-17	5.85e-17
 8.59045e+22	2.25e-08	1.60e-04	3.45e-02	3.69e-01	3.54e-01	1.75e-01	6.70e-02	1.32e-03	6.51e-06	2.25e-08	6.75e-17	8.15e-17
 8.63149e+22	2.87e-08	1.89e-04	3.85e-02	3.86e-01	3.50e-01	1.65e-01	5.98e-02	1.11e-03	5.11e-06	2.87e-08	8.76e-17	1.06e-16
 8.67301e+22	3.91e-08	2.36e-04	4.41e-02	4.07e-01	3.44e-01	1.52e-01	5.15e-02	8.77e-04	3.73e-06	3.91e-08	1.23e-16	1.48e-16
 8.71511e+22	5.00e-08	2.80e-04	4.91e-02	4.24e-01	3.38e-01	1.42e-01	4.55e-02	7.25e-04	2.88e-06	5.00e-08	1.60e-16	1.93e-16
 8.75156e+22	6.31e-08	3.29e-04	5.42e-02	4.40e-01	3.31e-01	1.33e-01	4.04e-02	6.03e-04	2.25e-06	6.31e-08	2.06e-16	2.48e-16
 8.79256e+22	8.51e-08	4.04e-04	6.15e-02	4.60e-01	3.22e-01	1.22e-01	3.45e-02	4.73e-04	1.63e-06	8.51e-08	2.87e-16	3.44e-16
 8.83174e+22	1.04e-07	4.65e-04	6.68e-02	4.73e-01	3.15e-01	1.14e-01	3.08e-02	4.00e-04	1.30e-06	1.04e-07	3.59e-16	4.31e-16
 8.86855e+22	1.37e-07	5.59e-04	7.45e-02	4.89e-01	3.05e-01	1.04e-01	2.65e-02	3.18e-04	9.61e-07	1.37e-07	4.82e-16	5.78e-16
 8.90597e+22	1.68e-07	6.43e-04	8.09e-02	5.01e-01	2.97e-01	9.70e-02	2.35e-02	2.66e-04	7.58e-07	1.68e-07	6.06e-16	7.26e-16
 8.94416e+22	2.20e-07	7.71e-04	8.98e-02	5.15e-01	2.86e-01	8.82e-02	2.01e-02	2.10e-04	5.55e-07	2.20e-07	8.16e-16	9.77e-16
 8.98278e+22	2.72e-07	8.91e-04	9.75e-02	5.26e-01	2.76e-01	8.13e-02	1.76e-02	1.73e-04	4.29e-07	2.72e-07	1.04e-15	1.24e-15
 9.02196e+22	3.56e-07	1.07e-03	1.08e-01	5.38e-01	2.64e-01	7.33e-02	1.49e-02	1.35e-04	3.10e-07	3.56e-07	1.40e-15	1.67e-15
 9.06147e+22	4.42e-07	1.23e-03	1.17e-01	5.47e-01	2.54e-01	6.72e-02	1.30e-02	1.10e-04	2.37e-07	4.42e-07	1.78e-15	2.13e-15
 9.09617e+22	5.45e-07	1.42e-03	1.26e-01	5.55e-01	2.45e-01	6.16e-02	1.14e-02	9.02e-05	1.82e-07	5.45e-07	2.26e-15	2.69e-15
 9.13604e+22	7.12e-07	1.69e-03	1.39e-01	5.63e-01	2.32e-01	5.49e-02	9.51e-03	6.95e-05	1.30e-07	7.12e-07	3.05e-15	3.64e-15
 9.17650e+22	8.84e-07	1.95e-03	1.50e-01	5.69e-01	2.21e-01	4.98e-02	8.21e-03	5.60e-05	0.00e+00	8.84e-07	3.90e-15	4.65e-15
