#depth	N	N+	N+2	N+3	N+4	N+5	N+6	N+7
 1.54284e+22	1.08e-14	3.49e-10	3.05e-07	2.36e-05	4.45e-04	6.37e-02	4.01e-01	5.35e-01
 3.45511e+22	1.02e-13	2.49e-09	1.65e-06	9.39e-05	1.20e-03	1.12e-01	4.69e-01	4.18e-01
 4.00927e+22	2.81e-13	6.13e-09	3.64e-06	1.83e-04	1.94e-03	1.46e-01	4.94e-01	3.58e-01
 4.28634e+22	4.50e-13	9.36e-09	5.32e-06	2.53e-04	2.46e-03	1.66e-01	5.04e-01	3.28e-01
 4.41620e+22	5.39e-13	1.10e-08	6.17e-06	2.88e-04	2.70e-03	1.74e-01	5.07e-01	3.16e-01
 4.49777e+22	6.63e-13	1.33e-08	7.33e-06	3.36e-04	3.02e-03	1.85e-01	5.10e-01	3.02e-01
 4.58291e+22	7.97e-13	1.58e-08	8.55e-06	3.84e-04	3.34e-03	1.94e-01	5.12e-01	2.89e-01
 4.66775e+22	9.64e-13	1.88e-08	1.01e-05	4.45e-04	3.73e-03	2.06e-01	5.14e-01	2.76e-01
 4.75276e+22	1.15e-12	2.21e-08	1.17e-05	5.08e-04	4.11e-03	2.16e-01	5.15e-01	2.64e-01
 4.83696e+22	1.36e-12	2.60e-08	1.36e-05	5.82e-04	4.56e-03	2.27e-01	5.16e-01	2.52e-01
 4.92260e+22	1.61e-12	3.04e-08	1.57e-05	6.64e-04	5.03e-03	2.39e-01	5.16e-01	2.40e-01
 5.00938e+22	1.89e-12	3.55e-08	1.82e-05	7.60e-04	5.57e-03	2.51e-01	5.15e-01	2.28e-01
 5.09713e+22	2.21e-12	4.11e-08	2.09e-05	8.65e-04	6.14e-03	2.63e-01	5.14e-01	2.16e-01
 5.18583e+22	2.58e-12	4.77e-08	2.41e-05	9.86e-04	6.78e-03	2.75e-01	5.12e-01	2.05e-01
 5.27540e+22	2.99e-12	5.49e-08	2.77e-05	1.12e-03	7.47e-03	2.88e-01	5.09e-01	1.94e-01
 5.36650e+22	3.46e-12	6.33e-08	3.18e-05	1.27e-03	8.24e-03	3.01e-01	5.06e-01	1.83e-01
 5.45902e+22	4.04e-12	7.26e-08	3.63e-05	1.44e-03	9.06e-03	3.14e-01	5.02e-01	1.73e-01
 5.54384e+22	4.54e-12	8.12e-08	4.05e-05	1.60e-03	9.80e-03	3.26e-01	4.98e-01	1.65e-01
 5.63230e+22	5.22e-12	9.31e-08	4.64e-05	1.81e-03	1.08e-02	3.40e-01	4.93e-01	1.54e-01
 5.72211e+22	5.83e-12	1.04e-07	5.16e-05	2.01e-03	1.17e-02	3.52e-01	4.88e-01	1.47e-01
 5.81468e+22	6.70e-12	1.19e-07	5.92e-05	2.28e-03	1.29e-02	3.67e-01	4.81e-01	1.37e-01
 5.90798e+22	7.46e-12	1.32e-07	6.57e-05	2.51e-03	1.39e-02	3.78e-01	4.76e-01	1.30e-01
 6.00221e+22	8.50e-12	1.51e-07	7.50e-05	2.85e-03	1.53e-02	3.93e-01	4.68e-01	1.21e-01
 6.09662e+22	9.43e-12	1.67e-07	8.30e-05	3.13e-03	1.65e-02	4.05e-01	4.61e-01	1.14e-01
 6.19124e+22	1.07e-11	1.89e-07	9.42e-05	3.52e-03	1.81e-02	4.20e-01	4.53e-01	1.06e-01
 6.28681e+22	1.18e-11	2.09e-07	1.04e-04	3.86e-03	1.94e-02	4.31e-01	4.45e-01	1.00e-01
 6.38361e+22	1.34e-11	2.37e-07	1.18e-04	4.33e-03	2.12e-02	4.46e-01	4.36e-01	9.26e-02
 6.48163e+22	1.47e-11	2.61e-07	1.30e-04	4.74e-03	2.28e-02	4.57e-01	4.28e-01	8.71e-02
 6.58124e+22	1.66e-11	2.95e-07	1.47e-04	5.32e-03	2.49e-02	4.72e-01	4.17e-01	8.04e-02
 6.68252e+22	1.84e-11	3.26e-07	1.63e-04	5.81e-03	2.67e-02	4.83e-01	4.09e-01	7.54e-02
 6.78599e+22	2.08e-11	3.68e-07	1.84e-04	6.51e-03	2.91e-02	4.98e-01	3.97e-01	6.92e-02
 6.89169e+22	2.30e-11	4.07e-07	2.04e-04	7.12e-03	3.12e-02	5.09e-01	3.88e-01	6.46e-02
 7.00030e+22	2.61e-11	4.62e-07	2.32e-04	7.98e-03	3.41e-02	5.23e-01	3.76e-01	5.90e-02
 7.11156e+22	2.91e-11	5.13e-07	2.58e-04	8.74e-03	3.65e-02	5.34e-01	3.66e-01	5.48e-02
 7.20513e+22	3.18e-11	5.62e-07	2.82e-04	9.44e-03	3.87e-02	5.43e-01	3.57e-01	5.14e-02
 7.30565e+22	3.57e-11	6.29e-07	3.17e-04	1.04e-02	4.18e-02	5.55e-01	3.46e-01	4.71e-02
 7.40790e+22	3.93e-11	6.92e-07	3.48e-04	1.13e-02	4.43e-02	5.63e-01	3.37e-01	4.40e-02
 7.49666e+22	4.28e-11	7.54e-07	3.80e-04	1.21e-02	4.69e-02	5.72e-01	3.28e-01	4.12e-02
 7.59631e+22	4.77e-11	8.41e-07	4.25e-04	1.33e-02	5.03e-02	5.82e-01	3.16e-01	3.77e-02
 7.69556e+22	5.24e-11	9.21e-07	4.63e-04	1.43e-02	5.30e-02	5.89e-01	3.08e-01	3.53e-02
 7.79429e+22	5.84e-11	1.03e-06	5.17e-04	1.56e-02	5.67e-02	5.98e-01	2.97e-01	3.23e-02
 7.89446e+22	6.43e-11	1.13e-06	5.66e-04	1.68e-02	5.97e-02	6.04e-01	2.88e-01	3.02e-02
 7.99652e+22	7.20e-11	1.26e-06	6.33e-04	1.84e-02	6.38e-02	6.12e-01	2.77e-01	2.75e-02
 8.10034e+22	7.99e-11	1.39e-06	6.95e-04	1.97e-02	6.71e-02	6.18e-01	2.69e-01	2.56e-02
 8.20645e+22	8.96e-11	1.56e-06	7.80e-04	2.16e-02	7.18e-02	6.25e-01	2.57e-01	2.32e-02
 8.31420e+22	9.99e-11	1.73e-06	8.58e-04	2.32e-02	7.55e-02	6.30e-01	2.49e-01	2.16e-02
 8.42408e+22	1.13e-10	1.95e-06	9.68e-04	2.54e-02	8.07e-02	6.36e-01	2.37e-01	1.95e-02
 8.53668e+22	1.26e-10	2.16e-06	1.07e-03	2.73e-02	8.49e-02	6.40e-01	2.29e-01	1.79e-02
 8.65285e+22	1.45e-10	2.47e-06	1.21e-03	3.00e-02	9.07e-02	6.45e-01	2.17e-01	1.61e-02
 8.77190e+22	1.63e-10	2.76e-06	1.35e-03	3.23e-02	9.54e-02	6.48e-01	2.08e-01	1.47e-02
 8.89472e+22	1.88e-10	3.17e-06	1.54e-03	3.56e-02	1.02e-01	6.51e-01	1.97e-01	1.31e-02
 9.01870e+22	2.14e-10	3.56e-06	1.71e-03	3.83e-02	1.07e-01	6.53e-01	1.88e-01	1.20e-02
 9.14417e+22	2.48e-10	4.10e-06	1.96e-03	4.21e-02	1.14e-01	6.54e-01	1.77e-01	1.06e-02
 9.27104e+22	2.83e-10	4.63e-06	2.19e-03	4.54e-02	1.20e-01	6.54e-01	1.69e-01	9.66e-03
 9.39972e+22	3.31e-10	5.36e-06	2.51e-03	4.99e-02	1.27e-01	6.53e-01	1.59e-01	8.50e-03
 9.52539e+22	3.75e-10	6.01e-06	2.78e-03	5.34e-02	1.33e-01	6.52e-01	1.51e-01	7.76e-03
 9.64717e+22	4.38e-10	6.93e-06	3.16e-03	5.82e-02	1.40e-01	6.49e-01	1.42e-01	6.88e-03
 9.77469e+22	5.03e-10	7.85e-06	3.53e-03	6.26e-02	1.47e-01	6.46e-01	1.35e-01	6.20e-03
 9.88237e+22	5.50e-10	8.71e-06	3.88e-03	6.65e-02	1.53e-01	6.43e-01	1.28e-01	5.68e-03
 9.99506e+22	6.37e-10	9.93e-06	4.36e-03	7.17e-02	1.60e-01	6.38e-01	1.21e-01	5.08e-03
 1.01114e+23	7.22e-10	1.11e-05	4.82e-03	7.64e-02	1.66e-01	6.34e-01	1.15e-01	4.61e-03
 1.02157e+23	8.17e-10	1.24e-05	5.30e-03	8.12e-02	1.72e-01	6.29e-01	1.09e-01	4.19e-03
 1.03348e+23	9.56e-10	1.43e-05	5.98e-03	8.76e-02	1.79e-01	6.22e-01	1.02e-01	3.72e-03
 1.04584e+23	1.09e-09	1.61e-05	6.65e-03	9.36e-02	1.86e-01	6.14e-01	9.59e-02	3.33e-03
 1.05686e+23	1.28e-09	1.80e-05	7.34e-03	9.94e-02	1.92e-01	6.07e-01	9.07e-02	3.01e-03
 1.06925e+23	1.51e-09	2.09e-05	8.30e-03	1.07e-01	2.00e-01	5.98e-01	8.43e-02	2.65e-03
 1.08224e+23	1.74e-09	2.37e-05	9.27e-03	1.14e-01	2.07e-01	5.88e-01	7.87e-02	2.35e-03
 1.09398e+23	2.00e-09	2.68e-05	1.03e-02	1.22e-01	2.14e-01	5.78e-01	7.38e-02	2.10e-03
 1.10724e+23	2.41e-09	3.13e-05	1.17e-02	1.31e-01	2.22e-01	5.66e-01	6.80e-02	1.82e-03
 1.12092e+23	2.75e-09	3.58e-05	1.31e-02	1.40e-01	2.29e-01	5.53e-01	6.30e-02	1.60e-03
 1.13312e+23	3.19e-09	4.06e-05	1.45e-02	1.49e-01	2.35e-01	5.42e-01	5.86e-02	1.42e-03
 1.14691e+23	3.85e-09	4.76e-05	1.65e-02	1.60e-01	2.43e-01	5.26e-01	5.35e-02	1.22e-03
 1.16124e+23	4.54e-09	5.48e-05	1.85e-02	1.70e-01	2.50e-01	5.11e-01	4.91e-02	1.06e-03
 1.17411e+23	5.31e-09	6.26e-05	2.05e-02	1.81e-01	2.56e-01	4.97e-01	4.53e-02	9.24e-04
 1.18870e+23	6.51e-09	7.41e-05	2.35e-02	1.94e-01	2.63e-01	4.78e-01	4.07e-02	7.77e-04
 1.20378e+23	7.74e-09	8.56e-05	2.63e-02	2.06e-01	2.68e-01	4.61e-01	3.70e-02	6.67e-04
 1.21740e+23	9.16e-09	9.84e-05	2.93e-02	2.18e-01	2.73e-01	4.45e-01	3.37e-02	5.75e-04
 1.23301e+23	1.14e-08	1.18e-04	3.36e-02	2.34e-01	2.79e-01	4.23e-01	2.98e-02	4.72e-04
 1.24876e+23	1.36e-08	1.36e-04	3.74e-02	2.47e-01	2.83e-01	4.05e-01	2.69e-02	4.01e-04
 1.26469e+23	1.69e-08	1.62e-04	4.27e-02	2.64e-01	2.87e-01	3.83e-01	2.36e-02	3.29e-04
 1.28099e+23	2.04e-08	1.89e-04	4.78e-02	2.78e-01	2.90e-01	3.63e-01	2.10e-02	2.74e-04
 1.29530e+23	2.44e-08	2.17e-04	5.29e-02	2.92e-01	2.91e-01	3.45e-01	1.88e-02	2.32e-04
 1.31148e+23	3.06e-08	2.60e-04	6.02e-02	3.09e-01	2.92e-01	3.22e-01	1.62e-02	1.85e-04
 1.32807e+23	3.70e-08	3.01e-04	6.69e-02	3.23e-01	2.93e-01	3.02e-01	1.43e-02	1.53e-04
 1.34519e+23	4.70e-08	3.63e-04	7.60e-02	3.41e-01	2.91e-01	2.79e-01	1.22e-02	1.21e-04
 1.36258e+23	5.73e-08	4.22e-04	8.43e-02	3.56e-01	2.89e-01	2.60e-01	1.06e-02	9.82e-05
 1.37798e+23	6.94e-08	4.89e-04	9.30e-02	3.69e-01	2.86e-01	2.42e-01	9.22e-03	8.01e-05
 1.39567e+23	8.91e-08	5.91e-04	1.05e-01	3.86e-01	2.81e-01	2.19e-01	7.66e-03	6.13e-05
 1.41359e+23	1.09e-07	6.86e-04	1.16e-01	3.99e-01	2.76e-01	2.02e-01	6.59e-03	4.92e-05
 1.42922e+23	1.32e-07	7.91e-04	1.27e-01	4.10e-01	2.71e-01	1.86e-01	5.67e-03	3.97e-05
 1.44422e+23	1.58e-07	9.03e-04	1.38e-01	4.20e-01	2.65e-01	1.71e-01	4.91e-03	3.23e-05
 1.45851e+23	1.87e-07	1.03e-03	1.49e-01	4.29e-01	2.58e-01	1.58e-01	4.26e-03	2.64e-05
 1.47463e+23	2.34e-07	1.20e-03	1.64e-01	4.40e-01	2.50e-01	1.42e-01	3.54e-03	2.03e-05
 1.49070e+23	2.78e-07	1.36e-03	1.76e-01	4.47e-01	2.42e-01	1.30e-01	3.05e-03	1.65e-05
 1.50670e+23	3.45e-07	1.59e-03	1.93e-01	4.55e-01	2.32e-01	1.17e-01	2.51e-03	1.26e-05
 1.52300e+23	4.13e-07	1.81e-03	2.07e-01	4.60e-01	2.24e-01	1.06e-01	2.14e-03	1.00e-05
 1.53969e+23	5.16e-07	2.11e-03	2.25e-01	4.65e-01	2.13e-01	9.35e-02	1.74e-03	7.53e-06
 1.55652e+23	6.17e-07	2.39e-03	2.41e-01	4.68e-01	2.03e-01	8.43e-02	1.46e-03	5.94e-06
 1.57352e+23	7.71e-07	2.79e-03	2.61e-01	4.70e-01	1.92e-01	7.38e-02	1.18e-03	4.39e-06
 1.59074e+23	9.23e-07	3.16e-03	2.78e-01	4.70e-01	1.82e-01	6.60e-02	9.80e-04	3.42e-06
 1.60454e+23	1.07e-06	3.50e-03	2.92e-01	4.70e-01	1.74e-01	6.00e-02	8.41e-04	2.78e-06
 1.61880e+23	1.28e-06	3.95e-03	3.10e-01	4.68e-01	1.64e-01	5.34e-02	6.97e-04	2.15e-06
 1.63339e+23	1.48e-06	4.37e-03	3.25e-01	4.65e-01	1.56e-01	4.82e-02	5.92e-04	1.72e-06
 1.64639e+23	1.71e-06	4.82e-03	3.40e-01	4.62e-01	1.49e-01	4.36e-02	5.05e-04	1.39e-06
 1.66126e+23	2.05e-06	5.44e-03	3.59e-01	4.57e-01	1.39e-01	3.83e-02	4.11e-04	1.05e-06
 1.67630e+23	2.38e-06	6.01e-03	3.76e-01	4.53e-01	1.31e-01	3.44e-02	3.46e-04	8.31e-07
 1.68950e+23	2.75e-06	6.61e-03	3.91e-01	4.47e-01	1.24e-01	3.09e-02	2.92e-04	6.61e-07
 1.70458e+23	3.29e-06	7.44e-03	4.11e-01	4.39e-01	1.15e-01	2.69e-02	2.36e-04	4.96e-07
 1.71992e+23	3.81e-06	8.19e-03	4.28e-01	4.32e-01	1.08e-01	2.39e-02	1.96e-04	3.88e-07
 1.73352e+23	4.40e-06	8.99e-03	4.44e-01	4.25e-01	1.01e-01	2.13e-02	1.64e-04	3.04e-07
 1.74914e+23	5.28e-06	1.01e-02	4.64e-01	4.14e-01	9.30e-02	1.84e-02	1.30e-04	2.24e-07
 1.76490e+23	6.13e-06	1.11e-02	4.81e-01	4.05e-01	8.66e-02	1.63e-02	1.08e-04	1.73e-07
 1.77876e+23	7.08e-06	1.22e-02	4.97e-01	3.96e-01	8.07e-02	1.44e-02	8.90e-05	1.34e-07
 1.79467e+23	8.48e-06	1.37e-02	5.16e-01	3.84e-01	7.36e-02	1.23e-02	7.00e-05	0.00e+00
 1.81086e+23	9.84e-06	1.51e-02	5.33e-01	3.73e-01	6.80e-02	1.08e-02	5.71e-05	0.00e+00
 1.82742e+23	1.18e-05	1.70e-02	5.53e-01	3.60e-01	6.16e-02	9.12e-03	4.42e-05	0.00e+00
 1.84416e+23	1.38e-05	1.87e-02	5.69e-01	3.48e-01	5.65e-02	7.93e-03	3.56e-05	0.00e+00
 1.86115e+23	1.66e-05	2.10e-02	5.88e-01	3.33e-01	5.08e-02	6.66e-03	2.73e-05	0.00e+00
 1.87845e+23	1.94e-05	2.31e-02	6.04e-01	3.21e-01	4.64e-02	5.74e-03	2.18e-05	0.00e+00
 1.89616e+23	2.34e-05	2.60e-02	6.22e-01	3.06e-01	4.13e-02	4.77e-03	1.64e-05	0.00e+00
 1.91419e+23	2.74e-05	2.86e-02	6.37e-01	2.93e-01	3.74e-02	4.08e-03	1.29e-05	0.00e+00
 1.93022e+23	3.19e-05	3.14e-02	6.51e-01	2.80e-01	3.39e-02	3.49e-03	1.02e-05	0.00e+00
 1.94864e+23	3.87e-05	3.53e-02	6.68e-01	2.64e-01	2.99e-02	2.86e-03	7.54e-06	0.00e+00
 1.96482e+23	4.35e-05	3.78e-02	6.78e-01	2.54e-01	2.76e-02	2.53e-03	6.24e-06	0.00e+00
 1.97809e+23	4.96e-05	4.10e-02	6.88e-01	2.43e-01	2.52e-02	2.19e-03	5.03e-06	0.00e+00
 1.99195e+23	5.58e-05	4.40e-02	6.97e-01	2.34e-01	2.31e-02	1.93e-03	4.14e-06	0.00e+00
 2.00458e+23	6.24e-05	4.71e-02	7.05e-01	2.25e-01	2.14e-02	1.71e-03	3.44e-06	0.00e+00
 2.01904e+23	7.19e-05	5.13e-02	7.15e-01	2.13e-01	1.93e-02	1.46e-03	2.71e-06	0.00e+00
 2.03375e+23	8.10e-05	5.50e-02	7.22e-01	2.04e-01	1.76e-02	1.27e-03	2.20e-06	0.00e+00
 2.04880e+23	9.40e-05	6.02e-02	7.31e-01	1.92e-01	1.58e-02	1.07e-03	1.71e-06	0.00e+00
 2.06396e+23	1.06e-04	6.46e-02	7.37e-01	1.83e-01	1.43e-02	9.31e-04	1.38e-06	0.00e+00
 2.07925e+23	1.23e-04	7.06e-02	7.44e-01	1.71e-01	1.28e-02	7.81e-04	1.06e-06	0.00e+00
 2.09479e+23	1.39e-04	7.57e-02	7.50e-01	1.62e-01	1.16e-02	6.74e-04	8.47e-07	0.00e+00
 2.11066e+23	1.62e-04	8.28e-02	7.55e-01	1.51e-01	1.02e-02	5.60e-04	6.42e-07	0.00e+00
 2.12681e+23	1.84e-04	8.89e-02	7.59e-01	1.43e-01	9.20e-03	4.79e-04	5.08e-07	0.00e+00
 2.14335e+23	2.15e-04	9.75e-02	7.62e-01	1.32e-01	8.08e-03	3.94e-04	3.78e-07	0.00e+00
 2.16020e+23	2.45e-04	1.05e-01	7.64e-01	1.24e-01	7.22e-03	3.34e-04	2.95e-07	0.00e+00
 2.17745e+23	2.90e-04	1.16e-01	7.65e-01	1.13e-01	6.24e-03	2.69e-04	2.14e-07	0.00e+00
 2.19471e+23	3.28e-04	1.24e-01	7.65e-01	1.05e-01	5.58e-03	2.27e-04	1.67e-07	0.00e+00
 2.21200e+23	3.86e-04	1.36e-01	7.62e-01	9.61e-02	4.83e-03	1.83e-04	0.00e+00	0.00e+00
 2.22966e+23	4.40e-04	1.46e-01	7.60e-01	8.88e-02	4.28e-03	1.53e-04	0.00e+00	0.00e+00
 2.24783e+23	5.23e-04	1.61e-01	7.54e-01	7.98e-02	3.66e-03	1.21e-04	0.00e+00	0.00e+00
 2.26603e+23	5.98e-04	1.74e-01	7.49e-01	7.32e-02	3.22e-03	1.00e-04	0.00e+00	0.00e+00
 2.28427e+23	7.13e-04	1.92e-01	7.40e-01	6.51e-02	2.74e-03	7.80e-05	0.00e+00	0.00e+00
 2.30259e+23	8.17e-04	2.06e-01	7.31e-01	5.92e-02	2.40e-03	6.40e-05	0.00e+00	0.00e+00
 2.32101e+23	9.81e-04	2.28e-01	7.17e-01	5.19e-02	2.02e-03	4.90e-05	0.00e+00	0.00e+00
 2.33946e+23	1.13e-03	2.46e-01	7.05e-01	4.66e-02	1.76e-03	3.97e-05	0.00e+00	0.00e+00
 2.35796e+23	1.36e-03	2.72e-01	6.85e-01	4.03e-02	1.47e-03	2.99e-05	0.00e+00	0.00e+00
 2.37648e+23	1.58e-03	2.94e-01	6.68e-01	3.57e-02	1.27e-03	2.37e-05	0.00e+00	0.00e+00
 2.39503e+23	1.92e-03	3.25e-01	6.41e-01	3.02e-02	1.05e-03	1.74e-05	0.00e+00	0.00e+00
 2.41361e+23	2.24e-03	3.52e-01	6.19e-01	2.63e-02	8.94e-04	1.36e-05	0.00e+00	0.00e+00
 2.43223e+23	2.75e-03	3.90e-01	5.85e-01	2.16e-02	7.22e-04	9.59e-06	0.00e+00	0.00e+00
 2.45085e+23	3.23e-03	4.21e-01	5.56e-01	1.84e-02	6.08e-04	7.25e-06	0.00e+00	0.00e+00
 2.46947e+23	3.97e-03	4.65e-01	5.16e-01	1.47e-02	4.82e-04	4.96e-06	0.00e+00	0.00e+00
 2.48836e+23	4.74e-03	5.04e-01	4.79e-01	1.20e-02	3.93e-04	3.54e-06	0.00e+00	0.00e+00
 2.50508e+23	5.65e-03	5.44e-01	4.41e-01	9.69e-03	3.17e-04	2.48e-06	0.00e+00	0.00e+00
 2.52430e+23	7.03e-03	5.96e-01	3.90e-01	7.22e-03	2.36e-04	1.53e-06	0.00e+00	0.00e+00
 2.54351e+23	8.51e-03	6.41e-01	3.45e-01	5.48e-03	1.81e-04	9.90e-07	0.00e+00	0.00e+00
 2.55793e+23	9.85e-03	6.75e-01	3.10e-01	4.37e-03	1.45e-04	6.93e-07	0.00e+00	0.00e+00
 2.57191e+23	1.16e-02	7.14e-01	2.71e-01	3.30e-03	1.10e-04	4.45e-07	0.00e+00	0.00e+00
 2.58698e+23	1.38e-02	7.52e-01	2.32e-01	2.44e-03	8.13e-05	2.77e-07	0.00e+00	0.00e+00
 2.60090e+23	1.63e-02	7.86e-01	1.96e-01	1.78e-03	5.93e-05	1.70e-07	0.00e+00	0.00e+00
 2.61411e+23	1.92e-02	8.17e-01	1.63e-01	1.27e-03	4.22e-05	0.00e+00	0.00e+00	0.00e+00
 2.62661e+23	2.26e-02	8.44e-01	1.33e-01	9.00e-04	2.93e-05	0.00e+00	0.00e+00	0.00e+00
 2.63823e+23	2.66e-02	8.66e-01	1.07e-01	6.32e-04	2.00e-05	0.00e+00	0.00e+00	0.00e+00
 2.64897e+23	3.13e-02	8.83e-01	8.50e-02	4.41e-04	1.34e-05	0.00e+00	0.00e+00	0.00e+00
 2.65890e+23	3.66e-02	8.96e-01	6.69e-02	3.09e-04	8.83e-06	0.00e+00	0.00e+00	0.00e+00
 2.66804e+23	4.31e-02	9.05e-01	5.19e-02	2.17e-04	5.70e-06	0.00e+00	0.00e+00	0.00e+00
 2.67628e+23	5.07e-02	9.09e-01	4.02e-02	1.56e-04	3.68e-06	0.00e+00	0.00e+00	0.00e+00
 2.68354e+23	5.92e-02	9.10e-01	3.12e-02	1.15e-04	2.40e-06	0.00e+00	0.00e+00	0.00e+00
 2.69004e+23	6.90e-02	9.07e-01	2.43e-02	8.64e-05	1.58e-06	0.00e+00	0.00e+00	0.00e+00
 2.69597e+23	8.06e-02	9.00e-01	1.89e-02	6.64e-05	1.04e-06	0.00e+00	0.00e+00	0.00e+00
 2.70134e+23	9.31e-02	8.92e-01	1.50e-02	5.25e-05	7.07e-07	0.00e+00	0.00e+00	0.00e+00
 2.70635e+23	1.08e-01	8.80e-01	1.18e-02	4.21e-05	4.79e-07	0.00e+00	0.00e+00	0.00e+00
 2.71111e+23	1.26e-01	8.65e-01	9.22e-03	3.41e-05	3.26e-07	0.00e+00	0.00e+00	0.00e+00
 2.71548e+23	1.45e-01	8.48e-01	7.30e-03	2.82e-05	2.26e-07	0.00e+00	0.00e+00	0.00e+00
 2.71936e+23	1.65e-01	8.29e-01	5.88e-03	2.39e-05	1.63e-07	0.00e+00	0.00e+00	0.00e+00
 2.72269e+23	1.85e-01	8.10e-01	4.86e-03	2.08e-05	0.00e+00	0.00e+00	0.00e+00	0.00e+00
 2.72516e+23	2.00e-01	7.95e-01	4.23e-03	1.88e-05	0.00e+00	0.00e+00	0.00e+00	0.00e+00
 2.72692e+23	2.13e-01	7.84e-01	3.82e-03	1.76e-05	0.00e+00	0.00e+00	0.00e+00	0.00e+00
 2.72873e+23	2.26e-01	7.70e-01	3.41e-03	1.63e-05	0.00e+00	0.00e+00	0.00e+00	0.00e+00
 2.73083e+23	2.43e-01	7.54e-01	3.00e-03	1.50e-05	0.00e+00	0.00e+00	0.00e+00	0.00e+00
 2.73308e+23	2.61e-01	7.36e-01	2.62e-03	1.38e-05	0.00e+00	0.00e+00	0.00e+00	0.00e+00
 2.73537e+23	2.80e-01	7.17e-01	2.28e-03	1.26e-05	0.00e+00	0.00e+00	0.00e+00	0.00e+00
 2.73761e+23	3.00e-01	6.98e-01	1.98e-03	1.16e-05	0.00e+00	0.00e+00	0.00e+00	0.00e+00
 2.73975e+23	3.20e-01	6.78e-01	1.74e-03	1.08e-05	0.00e+00	0.00e+00	0.00e+00	0.00e+00
 2.74146e+23	3.35e-01	6.63e-01	1.57e-03	1.02e-05	0.00e+00	0.00e+00	0.00e+00	0.00e+00
 2.74264e+23	3.45e-01	6.53e-01	1.47e-03	9.78e-06	0.00e+00	0.00e+00	0.00e+00	0.00e+00
 2.74384e+23	3.57e-01	6.42e-01	1.36e-03	9.39e-06	0.00e+00	0.00e+00	0.00e+00	0.00e+00
 2.74526e+23	3.70e-01	6.28e-01	1.25e-03	8.96e-06	0.00e+00	0.00e+00	0.00e+00	0.00e+00
 2.74678e+23	3.85e-01	6.14e-01	1.14e-03	8.52e-06	0.00e+00	0.00e+00	0.00e+00	0.00e+00
 2.74825e+23	3.98e-01	6.01e-01	1.04e-03	8.13e-06	0.00e+00	0.00e+00	0.00e+00	0.00e+00
 2.74971e+23	4.12e-01	5.87e-01	9.55e-04	7.77e-06	0.00e+00	0.00e+00	0.00e+00	0.00e+00
 2.75123e+23	4.27e-01	5.72e-01	8.71e-04	7.41e-06	0.00e+00	0.00e+00	0.00e+00	0.00e+00
 2.75277e+23	4.41e-01	5.58e-01	7.95e-04	7.07e-06	0.00e+00	0.00e+00	0.00e+00	0.00e+00
 2.75434e+23	4.56e-01	5.44e-01	7.24e-04	6.74e-06	0.00e+00	0.00e+00	0.00e+00	0.00e+00
 2.75597e+23	4.70e-01	5.29e-01	6.58e-04	6.42e-06	0.00e+00	0.00e+00	0.00e+00	0.00e+00
 2.75765e+23	4.85e-01	5.14e-01	5.97e-04	6.12e-06	0.00e+00	0.00e+00	0.00e+00	0.00e+00
 2.75937e+23	5.01e-01	4.99e-01	5.40e-04	5.83e-06	0.00e+00	0.00e+00	0.00e+00	0.00e+00
 2.76111e+23	5.16e-01	4.83e-01	4.89e-04	5.55e-06	0.00e+00	0.00e+00	0.00e+00	0.00e+00
 2.76289e+23	5.31e-01	4.68e-01	4.43e-04	5.28e-06	0.00e+00	0.00e+00	0.00e+00	0.00e+00
 2.76475e+23	5.47e-01	4.53e-01	3.99e-04	5.02e-06	0.00e+00	0.00e+00	0.00e+00	0.00e+00
 2.76668e+23	5.63e-01	4.37e-01	3.59e-04	4.77e-06	0.00e+00	0.00e+00	0.00e+00	0.00e+00
 2.76863e+23	5.78e-01	4.22e-01	3.23e-04	4.53e-06	0.00e+00	0.00e+00	0.00e+00	0.00e+00
 2.77064e+23	5.93e-01	4.06e-01	2.91e-04	4.30e-06	0.00e+00	0.00e+00	0.00e+00	0.00e+00
 2.77272e+23	6.09e-01	3.91e-01	2.61e-04	4.08e-06	0.00e+00	0.00e+00	0.00e+00	0.00e+00
 2.77487e+23	6.24e-01	3.76e-01	2.35e-04	3.87e-06	0.00e+00	0.00e+00	0.00e+00	0.00e+00
 2.77710e+23	6.39e-01	3.60e-01	2.10e-04	3.67e-06	0.00e+00	0.00e+00	0.00e+00	0.00e+00
 2.77942e+23	6.55e-01	3.45e-01	1.88e-04	3.47e-06	0.00e+00	0.00e+00	0.00e+00	0.00e+00
 2.78176e+23	6.69e-01	3.30e-01	1.69e-04	3.28e-06	0.00e+00	0.00e+00	0.00e+00	0.00e+00
 2.78418e+23	6.84e-01	3.16e-01	1.52e-04	3.11e-06	0.00e+00	0.00e+00	0.00e+00	0.00e+00
 2.78673e+23	6.98e-01	3.02e-01	1.36e-04	2.94e-06	0.00e+00	0.00e+00	0.00e+00	0.00e+00
 2.78940e+23	7.12e-01	2.87e-01	1.22e-04	2.77e-06	0.00e+00	0.00e+00	0.00e+00	0.00e+00
 2.79210e+23	7.26e-01	2.74e-01	1.10e-04	2.62e-06	0.00e+00	0.00e+00	0.00e+00	0.00e+00
 2.79485e+23	7.39e-01	2.61e-01	9.99e-05	2.48e-06	0.00e+00	0.00e+00	0.00e+00	0.00e+00
 2.79770e+23	7.51e-01	2.49e-01	9.08e-05	2.35e-06	0.00e+00	0.00e+00	0.00e+00	0.00e+00
 2.80062e+23	7.64e-01	2.36e-01	8.26e-05	2.22e-06	0.00e+00	0.00e+00	0.00e+00	0.00e+00
 2.80369e+23	7.76e-01	2.24e-01	7.54e-05	2.10e-06	0.00e+00	0.00e+00	0.00e+00	0.00e+00
 2.80687e+23	7.87e-01	2.13e-01	6.90e-05	1.99e-06	0.00e+00	0.00e+00	0.00e+00	0.00e+00
 2.81007e+23	7.98e-01	2.02e-01	6.36e-05	1.89e-06	0.00e+00	0.00e+00	0.00e+00	0.00e+00
 2.81340e+23	8.08e-01	1.92e-01	5.88e-05	1.79e-06	0.00e+00	0.00e+00	0.00e+00	0.00e+00
 2.81696e+23	8.18e-01	1.82e-01	5.44e-05	1.70e-06	0.00e+00	0.00e+00	0.00e+00	0.00e+00
 2.82067e+23	8.28e-01	1.72e-01	5.06e-05	1.61e-06	0.00e+00	0.00e+00	0.00e+00	0.00e+00
 2.82448e+23	8.37e-01	1.63e-01	4.72e-05	1.53e-06	0.00e+00	0.00e+00	0.00e+00	0.00e+00
 2.82846e+23	8.46e-01	1.54e-01	4.42e-05	1.45e-06	0.00e+00	0.00e+00	0.00e+00	0.00e+00
 2.83271e+23	8.55e-01	1.45e-01	4.14e-05	1.37e-06	0.00e+00	0.00e+00	0.00e+00	0.00e+00
 2.83720e+23	8.63e-01	1.37e-01	3.89e-05	1.30e-06	0.00e+00	0.00e+00	0.00e+00	0.00e+00
 2.84185e+23	8.72e-01	1.28e-01	3.67e-05	1.23e-06	0.00e+00	0.00e+00	0.00e+00	0.00e+00
 2.84646e+23	8.79e-01	1.21e-01	3.48e-05	1.17e-06	0.00e+00	0.00e+00	0.00e+00	0.00e+00
 2.85087e+23	8.85e-01	1.15e-01	3.32e-05	1.12e-06	0.00e+00	0.00e+00	0.00e+00	0.00e+00
 2.85516e+23	8.91e-01	1.09e-01	3.19e-05	1.07e-06	0.00e+00	0.00e+00	0.00e+00	0.00e+00
 2.85936e+23	8.97e-01	1.03e-01	3.06e-05	1.03e-06	0.00e+00	0.00e+00	0.00e+00	0.00e+00
 2.86345e+23	9.02e-01	9.79e-02	2.96e-05	9.87e-07	0.00e+00	0.00e+00	0.00e+00	0.00e+00
 2.86739e+23	9.07e-01	9.32e-02	2.86e-05	9.51e-07	0.00e+00	0.00e+00	0.00e+00	0.00e+00
 2.87116e+23	9.11e-01	8.87e-02	2.77e-05	9.18e-07	0.00e+00	0.00e+00	0.00e+00	0.00e+00
 2.87468e+23	9.15e-01	8.49e-02	2.70e-05	8.89e-07	0.00e+00	0.00e+00	0.00e+00	0.00e+00
 2.87810e+23	9.19e-01	8.12e-02	2.63e-05	8.62e-07	0.00e+00	0.00e+00	0.00e+00	0.00e+00
 2.88152e+23	9.22e-01	7.77e-02	2.56e-05	8.35e-07	0.00e+00	0.00e+00	0.00e+00	0.00e+00
 2.88484e+23	9.26e-01	7.44e-02	2.51e-05	8.11e-07	0.00e+00	0.00e+00	0.00e+00	0.00e+00
 2.88804e+23	9.29e-01	7.14e-02	2.45e-05	7.89e-07	0.00e+00	0.00e+00	0.00e+00	0.00e+00
 2.89113e+23	9.31e-01	6.86e-02	2.40e-05	7.69e-07	0.00e+00	0.00e+00	0.00e+00	0.00e+00
 2.89411e+23	9.34e-01	6.60e-02	2.36e-05	7.51e-07	0.00e+00	0.00e+00	0.00e+00	0.00e+00
 2.89700e+23	9.36e-01	6.36e-02	2.32e-05	7.35e-07	0.00e+00	0.00e+00	0.00e+00	0.00e+00
 2.89979e+23	9.39e-01	6.13e-02	2.28e-05	7.20e-07	0.00e+00	0.00e+00	0.00e+00	0.00e+00
 2.90247e+23	9.41e-01	5.93e-02	2.24e-05	7.07e-07	0.00e+00	0.00e+00	0.00e+00	0.00e+00
 2.90506e+23	9.43e-01	5.74e-02	2.21e-05	6.95e-07	0.00e+00	0.00e+00	0.00e+00	0.00e+00
 2.90757e+23	9.44e-01	5.56e-02	2.18e-05	6.85e-07	0.00e+00	0.00e+00	0.00e+00	0.00e+00
 2.90994e+23	9.46e-01	5.41e-02	2.15e-05	6.77e-07	0.00e+00	0.00e+00	0.00e+00	0.00e+00
 2.91227e+23	9.47e-01	5.26e-02	2.12e-05	6.69e-07	0.00e+00	0.00e+00	0.00e+00	0.00e+00
 2.91453e+23	9.49e-01	5.12e-02	2.10e-05	6.63e-07	0.00e+00	0.00e+00	0.00e+00	0.00e+00
 2.91659e+23	9.50e-01	5.01e-02	2.08e-05	6.59e-07	0.00e+00	0.00e+00	0.00e+00	0.00e+00
 2.91847e+23	9.51e-01	4.91e-02	2.06e-05	6.56e-07	0.00e+00	0.00e+00	0.00e+00	0.00e+00
 2.92018e+23	9.52e-01	4.83e-02	2.04e-05	6.55e-07	0.00e+00	0.00e+00	0.00e+00	0.00e+00
 2.92174e+23	9.52e-01	4.76e-02	2.03e-05	6.54e-07	0.00e+00	0.00e+00	0.00e+00	0.00e+00
 2.92315e+23	9.53e-01	4.70e-02	2.02e-05	6.53e-07	0.00e+00	0.00e+00	0.00e+00	0.00e+00
 2.92444e+23	9.54e-01	4.64e-02	2.01e-05	6.54e-07	0.00e+00	0.00e+00	0.00e+00	0.00e+00
 2.92561e+23	9.54e-01	4.60e-02	2.00e-05	6.54e-07	0.00e+00	0.00e+00	0.00e+00	0.00e+00
 2.92689e+23	9.55e-01	4.54e-02	1.99e-05	6.55e-07	0.00e+00	0.00e+00	0.00e+00	0.00e+00
 2.92828e+23	9.55e-01	4.49e-02	1.97e-05	6.56e-07	0.00e+00	0.00e+00	0.00e+00	0.00e+00
 2.92954e+23	9.56e-01	4.44e-02	1.96e-05	6.56e-07	0.00e+00	0.00e+00	0.00e+00	0.00e+00
 2.93092e+23	9.56e-01	4.39e-02	1.95e-05	6.58e-07	0.00e+00	0.00e+00	0.00e+00	0.00e+00
 2.93242e+23	9.57e-01	4.34e-02	1.94e-05	6.59e-07	0.00e+00	0.00e+00	0.00e+00	0.00e+00
 2.93377e+23	9.57e-01	4.30e-02	1.93e-05	6.61e-07	0.00e+00	0.00e+00	0.00e+00	0.00e+00
 2.93501e+23	9.57e-01	4.27e-02	1.92e-05	6.63e-07	0.00e+00	0.00e+00	0.00e+00	0.00e+00
 2.93636e+23	9.58e-01	4.23e-02	1.91e-05	6.67e-07	0.00e+00	0.00e+00	0.00e+00	0.00e+00
 2.93783e+23	9.58e-01	4.18e-02	1.90e-05	6.69e-07	0.00e+00	0.00e+00	0.00e+00	0.00e+00
 2.93916e+23	9.58e-01	4.15e-02	1.89e-05	6.70e-07	0.00e+00	0.00e+00	0.00e+00	0.00e+00
 2.94061e+23	9.59e-01	4.12e-02	1.88e-05	6.71e-07	0.00e+00	0.00e+00	0.00e+00	0.00e+00
 2.94219e+23	9.59e-01	4.08e-02	1.87e-05	6.73e-07	0.00e+00	0.00e+00	0.00e+00	0.00e+00
 2.94362e+23	9.59e-01	4.05e-02	1.86e-05	6.78e-07	0.00e+00	0.00e+00	0.00e+00	0.00e+00
 2.94492e+23	9.60e-01	4.02e-02	1.85e-05	6.77e-07	0.00e+00	0.00e+00	0.00e+00	0.00e+00
 2.94635e+23	9.60e-01	3.99e-02	1.84e-05	6.79e-07	0.00e+00	0.00e+00	0.00e+00	0.00e+00
 2.94789e+23	9.60e-01	3.96e-02	1.83e-05	6.81e-07	0.00e+00	0.00e+00	0.00e+00	0.00e+00
 2.94930e+23	9.61e-01	3.93e-02	1.82e-05	6.83e-07	0.00e+00	0.00e+00	0.00e+00	0.00e+00
 2.95083e+23	9.61e-01	3.90e-02	1.81e-05	6.86e-07	0.00e+00	0.00e+00	0.00e+00	0.00e+00
 2.95249e+23	9.61e-01	3.87e-02	1.80e-05	6.88e-07	0.00e+00	0.00e+00	0.00e+00	0.00e+00
 2.95400e+23	9.62e-01	3.85e-02	1.79e-05	6.90e-07	0.00e+00	0.00e+00	0.00e+00	0.00e+00
 2.95566e+23	9.62e-01	3.82e-02	1.77e-05	6.93e-07	0.00e+00	0.00e+00	0.00e+00	0.00e+00
 2.95744e+23	9.62e-01	3.79e-02	1.76e-05	6.97e-07	0.00e+00	0.00e+00	0.00e+00	0.00e+00
 2.95907e+23	9.62e-01	3.76e-02	1.76e-05	7.00e-07	0.00e+00	0.00e+00	0.00e+00	0.00e+00
 2.96055e+23	9.63e-01	3.74e-02	1.75e-05	7.05e-07	0.00e+00	0.00e+00	0.00e+00	0.00e+00
 2.96190e+23	9.63e-01	3.73e-02	1.75e-05	7.10e-07	0.00e+00	0.00e+00	0.00e+00	0.00e+00
 2.96312e+23	9.63e-01	3.72e-02	1.75e-05	7.14e-07	0.00e+00	0.00e+00	0.00e+00	0.00e+00
 2.96446e+23	9.63e-01	3.70e-02	1.74e-05	7.19e-07	0.00e+00	0.00e+00	0.00e+00	0.00e+00
 2.96591e+23	9.63e-01	3.68e-02	1.74e-05	7.23e-07	0.00e+00	0.00e+00	0.00e+00	0.00e+00
 2.96723e+23	9.63e-01	3.66e-02	1.74e-05	7.27e-07	0.00e+00	0.00e+00	0.00e+00	0.00e+00
 2.96868e+23	9.64e-01	3.64e-02	1.73e-05	7.31e-07	0.00e+00	0.00e+00	0.00e+00	0.00e+00
 2.97024e+23	9.64e-01	3.62e-02	1.73e-05	7.35e-07	0.00e+00	0.00e+00	0.00e+00	0.00e+00
 2.97166e+23	9.64e-01	3.60e-02	1.72e-05	7.39e-07	0.00e+00	0.00e+00	0.00e+00	0.00e+00
 2.97295e+23	9.64e-01	3.59e-02	1.72e-05	7.45e-07	0.00e+00	0.00e+00	0.00e+00	0.00e+00
 2.97413e+23	9.64e-01	3.58e-02	1.72e-05	7.48e-07	0.00e+00	0.00e+00	0.00e+00	0.00e+00
 2.97541e+23	9.64e-01	3.55e-02	1.71e-05	7.50e-07	0.00e+00	0.00e+00	0.00e+00	0.00e+00
 2.97709e+23	9.65e-01	3.53e-02	1.71e-05	7.54e-07	0.00e+00	0.00e+00	0.00e+00	0.00e+00
 2.97890e+23	9.65e-01	3.50e-02	1.70e-05	7.56e-07	0.00e+00	0.00e+00	0.00e+00	0.00e+00
 2.98054e+23	9.65e-01	3.48e-02	1.70e-05	7.60e-07	0.00e+00	0.00e+00	0.00e+00	0.00e+00
 2.98204e+23	9.65e-01	3.46e-02	1.69e-05	7.63e-07	0.00e+00	0.00e+00	0.00e+00	0.00e+00
 2.98340e+23	9.66e-01	3.45e-02	1.69e-05	7.67e-07	0.00e+00	0.00e+00	0.00e+00	0.00e+00
 2.98490e+23	9.66e-01	3.43e-02	1.69e-05	7.70e-07	0.00e+00	0.00e+00	0.00e+00	0.00e+00
 2.98651e+23	9.66e-01	3.40e-02	1.68e-05	7.71e-07	0.00e+00	0.00e+00	0.00e+00	0.00e+00
 2.98798e+23	9.66e-01	3.39e-02	1.68e-05	7.74e-07	0.00e+00	0.00e+00	0.00e+00	0.00e+00
 2.98931e+23	9.66e-01	3.37e-02	1.67e-05	7.73e-07	0.00e+00	0.00e+00	0.00e+00	0.00e+00
 2.99077e+23	9.67e-01	3.35e-02	1.67e-05	7.73e-07	0.00e+00	0.00e+00	0.00e+00	0.00e+00
 2.99235e+23	9.67e-01	3.32e-02	1.66e-05	7.74e-07	0.00e+00	0.00e+00	0.00e+00	0.00e+00
 2.99379e+23	9.67e-01	3.31e-02	1.66e-05	7.74e-07	0.00e+00	0.00e+00	0.00e+00	0.00e+00
 2.99537e+23	9.67e-01	3.28e-02	1.65e-05	7.76e-07	0.00e+00	0.00e+00	0.00e+00	0.00e+00
 2.99707e+23	9.67e-01	3.26e-02	1.65e-05	7.76e-07	0.00e+00	0.00e+00	0.00e+00	0.00e+00
 2.99861e+23	9.68e-01	3.24e-02	1.64e-05	7.79e-07	0.00e+00	0.00e+00	0.00e+00	0.00e+00
 3.00002e+23	9.68e-01	3.22e-02	1.64e-05	7.77e-07	0.00e+00	0.00e+00	0.00e+00	0.00e+00
 3.00156e+23	9.68e-01	3.20e-02	1.63e-05	7.77e-07	0.00e+00	0.00e+00	0.00e+00	0.00e+00
 3.00323e+23	9.68e-01	3.18e-02	1.62e-05	7.77e-07	0.00e+00	0.00e+00	0.00e+00	0.00e+00
 3.00474e+23	9.68e-01	3.16e-02	1.62e-05	7.76e-07	0.00e+00	0.00e+00	0.00e+00	0.00e+00
 3.00641e+23	9.69e-01	3.13e-02	1.61e-05	7.77e-07	0.00e+00	0.00e+00	0.00e+00	0.00e+00
 3.00820e+23	9.69e-01	3.11e-02	1.61e-05	7.77e-07	0.00e+00	0.00e+00	0.00e+00	0.00e+00
 3.00983e+23	9.69e-01	3.09e-02	1.60e-05	7.75e-07	0.00e+00	0.00e+00	0.00e+00	0.00e+00
 3.01162e+23	9.69e-01	3.06e-02	1.60e-05	7.76e-07	0.00e+00	0.00e+00	0.00e+00	0.00e+00
 3.01355e+23	9.70e-01	3.04e-02	1.59e-05	7.74e-07	0.00e+00	0.00e+00	0.00e+00	0.00e+00
 3.01530e+23	9.70e-01	3.02e-02	1.59e-05	7.76e-07	0.00e+00	0.00e+00	0.00e+00	0.00e+00
 3.01690e+23	9.70e-01	3.00e-02	1.58e-05	7.73e-07	0.00e+00	0.00e+00	0.00e+00	0.00e+00
 3.01865e+23	9.70e-01	2.98e-02	1.57e-05	7.72e-07	0.00e+00	0.00e+00	0.00e+00	0.00e+00
 3.02055e+23	9.70e-01	2.95e-02	1.57e-05	7.72e-07	0.00e+00	0.00e+00	0.00e+00	0.00e+00
 3.02227e+23	9.71e-01	2.93e-02	1.56e-05	7.69e-07	0.00e+00	0.00e+00	0.00e+00	0.00e+00
 3.02415e+23	9.71e-01	2.90e-02	1.55e-05	7.68e-07	0.00e+00	0.00e+00	0.00e+00	0.00e+00
 3.02619e+23	9.71e-01	2.88e-02	1.55e-05	7.67e-07	0.00e+00	0.00e+00	0.00e+00	0.00e+00
 3.02804e+23	9.71e-01	2.86e-02	1.54e-05	7.63e-07	0.00e+00	0.00e+00	0.00e+00	0.00e+00
 3.03007e+23	9.72e-01	2.83e-02	1.53e-05	7.61e-07	0.00e+00	0.00e+00	0.00e+00	0.00e+00
 3.03226e+23	9.72e-01	2.80e-02	1.53e-05	7.60e-07	0.00e+00	0.00e+00	0.00e+00	0.00e+00
 3.03426e+23	9.72e-01	2.78e-02	1.52e-05	7.56e-07	0.00e+00	0.00e+00	0.00e+00	0.00e+00
 3.03644e+23	9.73e-01	2.75e-02	1.51e-05	7.53e-07	0.00e+00	0.00e+00	0.00e+00	0.00e+00
 3.03880e+23	9.73e-01	2.72e-02	1.50e-05	7.49e-07	0.00e+00	0.00e+00	0.00e+00	0.00e+00
 3.04095e+23	9.73e-01	2.70e-02	1.50e-05	7.47e-07	0.00e+00	0.00e+00	0.00e+00	0.00e+00
 3.04290e+23	9.73e-01	2.68e-02	1.49e-05	7.44e-07	0.00e+00	0.00e+00	0.00e+00	0.00e+00
 3.04504e+23	9.74e-01	2.65e-02	1.48e-05	7.41e-07	0.00e+00	0.00e+00	0.00e+00	0.00e+00
 3.04735e+23	9.74e-01	2.62e-02	1.48e-05	7.39e-07	0.00e+00	0.00e+00	0.00e+00	0.00e+00
 3.04945e+23	9.74e-01	2.60e-02	1.47e-05	7.33e-07	0.00e+00	0.00e+00	0.00e+00	0.00e+00
 3.05176e+23	9.74e-01	2.57e-02	1.46e-05	7.28e-07	0.00e+00	0.00e+00	0.00e+00	0.00e+00
 3.05425e+23	9.75e-01	2.54e-02	1.45e-05	7.26e-07	0.00e+00	0.00e+00	0.00e+00	0.00e+00
 3.05651e+23	9.75e-01	2.52e-02	1.44e-05	7.20e-07	0.00e+00	0.00e+00	0.00e+00	0.00e+00
 3.05899e+23	9.75e-01	2.48e-02	1.44e-05	7.14e-07	0.00e+00	0.00e+00	0.00e+00	0.00e+00
 3.06167e+23	9.75e-01	2.45e-02	1.43e-05	7.11e-07	0.00e+00	0.00e+00	0.00e+00	0.00e+00
 3.06411e+23	9.76e-01	2.43e-02	1.42e-05	7.04e-07	0.00e+00	0.00e+00	0.00e+00	0.00e+00
 3.06678e+23	9.76e-01	2.39e-02	1.41e-05	6.97e-07	0.00e+00	0.00e+00	0.00e+00	0.00e+00
 3.06966e+23	9.76e-01	2.36e-02	1.40e-05	6.91e-07	0.00e+00	0.00e+00	0.00e+00	0.00e+00
 3.07229e+23	9.77e-01	2.34e-02	1.39e-05	6.86e-07	0.00e+00	0.00e+00	0.00e+00	0.00e+00
 3.07467e+23	9.77e-01	2.32e-02	1.38e-05	6.82e-07	0.00e+00	0.00e+00	0.00e+00	0.00e+00
 3.07729e+23	9.77e-01	2.28e-02	1.37e-05	6.74e-07	0.00e+00	0.00e+00	0.00e+00	0.00e+00
 3.08011e+23	9.77e-01	2.26e-02	1.36e-05	6.69e-07	0.00e+00	0.00e+00	0.00e+00	0.00e+00
 3.08268e+23	9.78e-01	2.23e-02	1.36e-05	6.63e-07	0.00e+00	0.00e+00	0.00e+00	0.00e+00
 3.08479e+23	9.78e-01	2.22e-02	1.35e-05	6.60e-07	0.00e+00	0.00e+00	0.00e+00	0.00e+00
