#depth	Ne	Ne+	Ne+2	Ne+3	Ne+4	Ne+5	Ne+6	Ne+7	Ne+8	Ne+9	Ne+10
 4.62852e+21	5.74e-19	3.39e-14	1.18e-10	5.99e-08	8.70e-06	2.89e-04	2.63e-03	1.27e-02	2.62e-01	4.85e-01	2.37e-01
 1.02459e+22	9.68e-18	4.48e-13	1.19e-09	4.48e-07	4.96e-05	1.24e-03	8.06e-03	2.65e-02	3.66e-01	4.51e-01	1.48e-01
 1.17293e+22	3.43e-17	1.43e-12	3.36e-09	1.10e-06	1.08e-04	2.35e-03	1.31e-02	3.61e-02	4.14e-01	4.21e-01	1.14e-01
 1.24710e+22	6.29e-17	2.49e-12	5.55e-09	1.70e-06	1.57e-04	3.21e-03	1.66e-02	4.18e-02	4.37e-01	4.02e-01	9.86e-02
 1.28025e+22	7.70e-17	3.00e-12	6.57e-09	1.98e-06	1.78e-04	3.57e-03	1.80e-02	4.40e-02	4.45e-01	3.96e-01	9.37e-02
 1.29962e+22	9.95e-17	3.80e-12	8.14e-09	2.38e-06	2.10e-04	4.09e-03	2.00e-02	4.69e-02	4.54e-01	3.87e-01	8.77e-02
 1.31911e+22	1.21e-16	4.57e-12	9.62e-09	2.76e-06	2.38e-04	4.54e-03	2.17e-02	4.93e-02	4.62e-01	3.79e-01	8.31e-02
 1.33874e+22	1.55e-16	5.76e-12	1.19e-08	3.32e-06	2.80e-04	5.20e-03	2.40e-02	5.25e-02	4.71e-01	3.70e-01	7.74e-02
 1.35866e+22	1.89e-16	6.92e-12	1.41e-08	3.84e-06	3.19e-04	5.79e-03	2.60e-02	5.52e-02	4.78e-01	3.62e-01	7.29e-02
 1.37896e+22	2.42e-16	8.73e-12	1.74e-08	4.64e-06	3.77e-04	6.67e-03	2.90e-02	5.89e-02	4.87e-01	3.51e-01	6.73e-02
 1.39934e+22	2.92e-16	1.04e-11	2.05e-08	5.35e-06	4.27e-04	7.41e-03	3.14e-02	6.18e-02	4.93e-01	3.42e-01	6.33e-02
 1.41982e+22	3.69e-16	1.30e-11	2.52e-08	6.43e-06	5.02e-04	8.50e-03	3.48e-02	6.59e-02	5.01e-01	3.31e-01	5.82e-02
 1.44075e+22	4.44e-16	1.55e-11	2.97e-08	7.44e-06	5.72e-04	9.48e-03	3.79e-02	6.93e-02	5.07e-01	3.21e-01	5.43e-02
 1.46224e+22	5.56e-16	1.93e-11	3.65e-08	8.95e-06	6.75e-04	1.09e-02	4.21e-02	7.40e-02	5.14e-01	3.08e-01	4.95e-02
 1.48417e+22	6.63e-16	2.29e-11	4.29e-08	1.03e-05	7.69e-04	1.22e-02	4.59e-02	7.79e-02	5.19e-01	2.98e-01	4.58e-02
 1.50662e+22	8.19e-16	2.83e-11	5.25e-08	1.24e-05	9.08e-04	1.41e-02	5.11e-02	8.31e-02	5.25e-01	2.85e-01	4.13e-02
 1.52922e+22	9.59e-16	3.31e-11	6.12e-08	1.43e-05	1.03e-03	1.57e-02	5.55e-02	8.74e-02	5.29e-01	2.74e-01	3.80e-02
 1.54822e+22	1.10e-15	3.80e-11	7.00e-08	1.62e-05	1.16e-03	1.73e-02	5.98e-02	9.14e-02	5.31e-01	2.64e-01	3.51e-02
 1.56869e+22	1.28e-15	4.47e-11	8.24e-08	1.88e-05	1.33e-03	1.96e-02	6.56e-02	9.66e-02	5.34e-01	2.51e-01	3.17e-02
 1.58933e+22	1.44e-15	5.07e-11	9.36e-08	2.12e-05	1.49e-03	2.16e-02	7.05e-02	1.01e-01	5.35e-01	2.41e-01	2.92e-02
 1.60956e+22	1.64e-15	5.83e-11	1.08e-07	2.43e-05	1.69e-03	2.41e-02	7.68e-02	1.06e-01	5.36e-01	2.29e-01	2.64e-02
 1.63020e+22	1.81e-15	6.54e-11	1.22e-07	2.73e-05	1.89e-03	2.66e-02	8.25e-02	1.11e-01	5.35e-01	2.19e-01	2.40e-02
 1.65041e+22	1.99e-15	7.35e-11	1.39e-07	3.08e-05	2.12e-03	2.95e-02	8.91e-02	1.16e-01	5.34e-01	2.08e-01	2.17e-02
 1.67102e+22	2.17e-15	8.16e-11	1.56e-07	3.45e-05	2.37e-03	3.24e-02	9.56e-02	1.21e-01	5.32e-01	1.97e-01	1.96e-02
 1.69145e+22	2.34e-15	9.01e-11	1.75e-07	3.86e-05	2.64e-03	3.57e-02	1.03e-01	1.26e-01	5.29e-01	1.86e-01	1.77e-02
 1.71196e+22	2.49e-15	9.87e-11	1.95e-07	4.30e-05	2.94e-03	3.91e-02	1.10e-01	1.31e-01	5.25e-01	1.76e-01	1.59e-02
 1.73225e+22	2.63e-15	1.07e-10	2.16e-07	4.78e-05	3.25e-03	4.28e-02	1.17e-01	1.36e-01	5.20e-01	1.66e-01	1.43e-02
 1.75250e+22	2.75e-15	1.16e-10	2.38e-07	5.30e-05	3.60e-03	4.66e-02	1.24e-01	1.41e-01	5.15e-01	1.57e-01	1.29e-02
 1.77279e+22	2.86e-15	1.25e-10	2.63e-07	5.86e-05	3.97e-03	5.07e-02	1.32e-01	1.46e-01	5.09e-01	1.47e-01	1.15e-02
 1.79317e+22	2.96e-15	1.34e-10	2.89e-07	6.48e-05	4.38e-03	5.51e-02	1.39e-01	1.51e-01	5.02e-01	1.38e-01	1.03e-02
 1.81368e+22	3.05e-15	1.44e-10	3.18e-07	7.16e-05	4.83e-03	5.98e-02	1.47e-01	1.56e-01	4.94e-01	1.30e-01	9.21e-03
 1.83438e+22	3.13e-15	1.54e-10	3.49e-07	7.92e-05	5.32e-03	6.48e-02	1.55e-01	1.60e-01	4.85e-01	1.21e-01	8.20e-03
 1.85534e+22	3.20e-15	1.64e-10	3.85e-07	8.77e-05	5.87e-03	7.01e-02	1.63e-01	1.65e-01	4.76e-01	1.13e-01	7.29e-03
 1.87640e+22	3.27e-15	1.76e-10	4.23e-07	9.71e-05	6.46e-03	7.57e-02	1.71e-01	1.69e-01	4.66e-01	1.06e-01	6.47e-03
 1.89780e+22	3.33e-15	1.88e-10	4.68e-07	1.08e-04	7.13e-03	8.18e-02	1.79e-01	1.73e-01	4.55e-01	9.80e-02	5.72e-03
 1.91946e+22	3.40e-15	2.02e-10	5.18e-07	1.20e-04	7.86e-03	8.81e-02	1.87e-01	1.77e-01	4.44e-01	9.09e-02	5.05e-03
 1.94155e+22	3.48e-15	2.18e-10	5.77e-07	1.34e-04	8.70e-03	9.51e-02	1.96e-01	1.81e-01	4.31e-01	8.39e-02	4.43e-03
 1.96210e+22	3.56e-15	2.33e-10	6.32e-07	1.48e-04	9.45e-03	1.01e-01	2.02e-01	1.84e-01	4.21e-01	7.86e-02	3.98e-03
 1.98330e+22	3.66e-15	2.53e-10	7.12e-07	1.67e-04	1.05e-02	1.09e-01	2.11e-01	1.87e-01	4.07e-01	7.20e-02	3.46e-03
 2.00485e+22	3.78e-15	2.72e-10	7.86e-07	1.84e-04	1.14e-02	1.16e-01	2.17e-01	1.89e-01	3.96e-01	6.71e-02	3.09e-03
 2.02686e+22	3.90e-15	2.99e-10	8.94e-07	2.10e-04	1.28e-02	1.25e-01	2.26e-01	1.92e-01	3.81e-01	6.10e-02	2.66e-03
 2.04895e+22	4.09e-15	3.26e-10	9.95e-07	2.32e-04	1.39e-02	1.33e-01	2.32e-01	1.93e-01	3.69e-01	5.68e-02	2.37e-03
 2.07116e+22	4.30e-15	3.63e-10	1.14e-06	2.66e-04	1.55e-02	1.43e-01	2.39e-01	1.95e-01	3.54e-01	5.15e-02	2.04e-03
 2.09351e+22	4.54e-15	3.98e-10	1.28e-06	2.96e-04	1.69e-02	1.51e-01	2.45e-01	1.96e-01	3.42e-01	4.77e-02	1.81e-03
 2.11603e+22	4.86e-15	4.49e-10	1.48e-06	3.40e-04	1.88e-02	1.62e-01	2.52e-01	1.97e-01	3.26e-01	4.31e-02	1.55e-03
 2.13875e+22	5.20e-15	4.98e-10	1.67e-06	3.79e-04	2.05e-02	1.71e-01	2.57e-01	1.97e-01	3.14e-01	3.97e-02	1.37e-03
 2.16172e+22	5.67e-15	5.70e-10	1.95e-06	4.37e-04	2.28e-02	1.83e-01	2.63e-01	1.96e-01	2.97e-01	3.57e-02	1.17e-03
 2.18499e+22	6.17e-15	6.40e-10	2.22e-06	4.90e-04	2.49e-02	1.93e-01	2.68e-01	1.96e-01	2.85e-01	3.28e-02	1.03e-03
 2.20863e+22	6.88e-15	7.45e-10	2.62e-06	5.69e-04	2.78e-02	2.06e-01	2.73e-01	1.94e-01	2.69e-01	2.92e-02	8.67e-04
 2.23267e+22	7.62e-15	8.48e-10	3.00e-06	6.40e-04	3.02e-02	2.16e-01	2.76e-01	1.93e-01	2.56e-01	2.67e-02	7.58e-04
 2.25722e+22	8.73e-15	1.01e-09	3.59e-06	7.46e-04	3.38e-02	2.31e-01	2.80e-01	1.90e-01	2.40e-01	2.36e-02	6.34e-04
 2.28231e+22	9.89e-15	1.16e-09	4.16e-06	8.44e-04	3.69e-02	2.42e-01	2.83e-01	1.87e-01	2.28e-01	2.14e-02	5.49e-04
 2.30807e+22	1.17e-14	1.41e-09	5.03e-06	9.90e-04	4.12e-02	2.58e-01	2.86e-01	1.84e-01	2.11e-01	1.87e-02	4.54e-04
 2.33444e+22	1.35e-14	1.65e-09	5.88e-06	1.12e-03	4.50e-02	2.70e-01	2.87e-01	1.80e-01	1.99e-01	1.68e-02	3.89e-04
 2.35668e+22	1.55e-14	1.91e-09	6.75e-06	1.26e-03	4.86e-02	2.81e-01	2.88e-01	1.77e-01	1.88e-01	1.53e-02	3.39e-04
 2.38068e+22	1.86e-14	2.31e-09	8.08e-06	1.46e-03	5.36e-02	2.96e-01	2.89e-01	1.72e-01	1.75e-01	1.34e-02	2.83e-04
 2.40502e+22	2.17e-14	2.70e-09	9.32e-06	1.63e-03	5.78e-02	3.07e-01	2.89e-01	1.68e-01	1.64e-01	1.21e-02	2.45e-04
 2.42607e+22	2.53e-14	3.13e-09	1.07e-05	1.81e-03	6.21e-02	3.18e-01	2.88e-01	1.64e-01	1.55e-01	1.10e-02	2.13e-04
 2.44970e+22	3.09e-14	3.82e-09	1.28e-05	2.09e-03	6.80e-02	3.32e-01	2.87e-01	1.58e-01	1.43e-01	9.62e-03	1.77e-04
 2.47321e+22	3.63e-14	4.44e-09	1.46e-05	2.31e-03	7.26e-02	3.42e-01	2.85e-01	1.54e-01	1.35e-01	8.71e-03	1.54e-04
 2.49657e+22	4.49e-14	5.42e-09	1.74e-05	2.64e-03	7.92e-02	3.56e-01	2.82e-01	1.48e-01	1.24e-01	7.62e-03	1.28e-04
 2.52027e+22	5.34e-14	6.35e-09	1.99e-05	2.93e-03	8.45e-02	3.66e-01	2.80e-01	1.43e-01	1.16e-01	6.86e-03	1.11e-04
 2.54441e+22	6.71e-14	7.81e-09	2.37e-05	3.35e-03	9.19e-02	3.79e-01	2.76e-01	1.37e-01	1.06e-01	5.96e-03	9.17e-05
 2.56897e+22	8.08e-14	9.21e-09	2.73e-05	3.71e-03	9.79e-02	3.89e-01	2.73e-01	1.32e-01	9.91e-02	5.34e-03	7.89e-05
 2.59408e+22	1.03e-13	1.15e-08	3.28e-05	4.25e-03	1.06e-01	4.02e-01	2.68e-01	1.26e-01	9.00e-02	4.59e-03	6.42e-05
 2.61958e+22	1.26e-13	1.36e-08	3.77e-05	4.70e-03	1.13e-01	4.11e-01	2.63e-01	1.20e-01	8.34e-02	4.08e-03	5.49e-05
 2.64557e+22	1.64e-13	1.71e-08	4.54e-05	5.39e-03	1.23e-01	4.23e-01	2.57e-01	1.14e-01	7.52e-02	3.48e-03	4.43e-05
 2.67219e+22	2.02e-13	2.04e-08	5.25e-05	5.98e-03	1.31e-01	4.31e-01	2.52e-01	1.08e-01	6.92e-02	3.07e-03	3.74e-05
 2.69962e+22	2.67e-13	2.59e-08	6.37e-05	6.86e-03	1.41e-01	4.42e-01	2.44e-01	1.01e-01	6.18e-02	2.58e-03	2.97e-05
 2.72768e+22	3.35e-13	3.13e-08	7.40e-05	7.63e-03	1.50e-01	4.50e-01	2.38e-01	9.60e-02	5.64e-02	2.25e-03	2.48e-05
 2.75656e+22	4.50e-13	4.01e-08	9.01e-05	8.76e-03	1.62e-01	4.59e-01	2.29e-01	8.91e-02	4.99e-02	1.88e-03	1.95e-05
 2.78576e+22	5.65e-13	4.84e-08	1.05e-04	9.72e-03	1.72e-01	4.65e-01	2.22e-01	8.39e-02	4.53e-02	1.63e-03	1.61e-05
 2.81537e+22	7.67e-13	6.23e-08	1.27e-04	1.11e-02	1.85e-01	4.72e-01	2.12e-01	7.74e-02	3.98e-02	1.35e-03	1.25e-05
 2.84532e+22	9.68e-13	7.53e-08	1.48e-04	1.23e-02	1.96e-01	4.77e-01	2.05e-01	7.25e-02	3.60e-02	1.16e-03	1.03e-05
 2.87569e+22	1.32e-12	9.71e-08	1.80e-04	1.41e-02	2.10e-01	4.82e-01	1.95e-01	6.64e-02	3.14e-02	9.51e-04	7.95e-06
 2.90535e+22	1.64e-12	1.16e-07	2.06e-04	1.54e-02	2.20e-01	4.84e-01	1.88e-01	6.23e-02	2.85e-02	8.27e-04	6.62e-06
 2.93408e+22	2.20e-12	1.47e-07	2.47e-04	1.74e-02	2.35e-01	4.86e-01	1.79e-01	5.70e-02	2.49e-02	6.81e-04	5.15e-06
 2.96378e+22	2.77e-12	1.77e-07	2.84e-04	1.91e-02	2.46e-01	4.87e-01	1.71e-01	5.31e-02	2.24e-02	5.84e-04	4.21e-06
 2.98915e+22	3.41e-12	2.09e-07	3.22e-04	2.08e-02	2.56e-01	4.88e-01	1.64e-01	4.97e-02	2.03e-02	5.08e-04	3.51e-06
 3.01655e+22	4.48e-12	2.60e-07	3.80e-04	2.32e-02	2.70e-01	4.87e-01	1.56e-01	4.55e-02	1.78e-02	4.22e-04	2.76e-06
 3.04395e+22	5.51e-12	3.07e-07	4.31e-04	2.52e-02	2.81e-01	4.86e-01	1.49e-01	4.25e-02	1.61e-02	3.66e-04	2.30e-06
 3.07137e+22	7.13e-12	3.76e-07	5.03e-04	2.78e-02	2.94e-01	4.83e-01	1.41e-01	3.89e-02	1.42e-02	3.06e-04	1.82e-06
 3.09987e+22	9.01e-12	4.53e-07	5.78e-04	3.04e-02	3.06e-01	4.80e-01	1.34e-01	3.59e-02	1.26e-02	2.59e-04	1.47e-06
 3.12533e+22	1.11e-11	5.35e-07	6.53e-04	3.29e-02	3.17e-01	4.77e-01	1.28e-01	3.34e-02	1.13e-02	2.23e-04	1.22e-06
 3.15396e+22	1.44e-11	6.59e-07	7.62e-04	3.62e-02	3.31e-01	4.72e-01	1.20e-01	3.04e-02	9.91e-03	1.85e-04	9.52e-07
 3.18407e+22	1.84e-11	7.97e-07	8.78e-04	3.96e-02	3.44e-01	4.66e-01	1.13e-01	2.78e-02	8.73e-03	1.55e-04	7.59e-07
 3.21144e+22	2.30e-11	9.50e-07	9.99e-04	4.29e-02	3.56e-01	4.60e-01	1.07e-01	2.56e-02	7.75e-03	1.31e-04	6.14e-07
 3.24236e+22	3.03e-11	1.18e-06	1.17e-03	4.74e-02	3.70e-01	4.52e-01	9.90e-02	2.30e-02	6.67e-03	1.06e-04	4.69e-07
 3.27420e+22	3.88e-11	1.43e-06	1.35e-03	5.17e-02	3.83e-01	4.45e-01	9.26e-02	2.09e-02	5.83e-03	8.81e-05	3.70e-07
 3.30248e+22	4.85e-11	1.71e-06	1.54e-03	5.59e-02	3.94e-01	4.37e-01	8.69e-02	1.91e-02	5.14e-03	7.41e-05	2.97e-07
 3.33449e+22	6.48e-11	2.14e-06	1.81e-03	6.17e-02	4.09e-01	4.26e-01	7.99e-02	1.70e-02	4.36e-03	5.91e-05	2.22e-07
 3.36741e+22	8.25e-11	2.59e-06	2.08e-03	6.70e-02	4.21e-01	4.16e-01	7.43e-02	1.54e-02	3.79e-03	4.87e-05	1.74e-07
 3.40150e+22	1.11e-10	3.27e-06	2.46e-03	7.41e-02	4.35e-01	4.04e-01	6.77e-02	1.35e-02	3.18e-03	3.82e-05	1.28e-07
 3.43619e+22	1.43e-10	3.97e-06	2.82e-03	8.03e-02	4.47e-01	3.92e-01	6.25e-02	1.22e-02	2.74e-03	3.12e-05	0.00e+00
 3.47165e+22	1.94e-10	5.03e-06	3.35e-03	8.87e-02	4.61e-01	3.78e-01	5.65e-02	1.06e-02	2.27e-03	2.42e-05	0.00e+00
 3.50770e+22	2.51e-10	6.12e-06	3.85e-03	9.61e-02	4.71e-01	3.66e-01	5.18e-02	9.48e-03	1.94e-03	1.95e-05	0.00e+00
 3.53967e+22	3.20e-10	7.40e-06	4.41e-03	1.04e-01	4.81e-01	3.53e-01	4.75e-02	8.48e-03	1.66e-03	1.58e-05	0.00e+00
 3.57638e+22	4.38e-10	9.41e-06	5.22e-03	1.14e-01	4.92e-01	3.37e-01	4.24e-02	7.33e-03	1.36e-03	1.20e-05	0.00e+00
 3.61354e+22	5.67e-10	1.15e-05	6.01e-03	1.23e-01	5.01e-01	3.24e-01	3.85e-02	6.49e-03	1.15e-03	9.59e-06	0.00e+00
 3.65129e+22	7.74e-10	1.46e-05	7.10e-03	1.35e-01	5.10e-01	3.07e-01	3.42e-02	5.58e-03	9.35e-04	7.25e-06	0.00e+00
 3.68946e+22	1.00e-09	1.77e-05	8.15e-03	1.45e-01	5.17e-01	2.93e-01	3.09e-02	4.92e-03	7.85e-04	5.73e-06	0.00e+00
 3.72816e+22	1.38e-09	2.26e-05	9.66e-03	1.59e-01	5.24e-01	2.75e-01	2.71e-02	4.18e-03	6.29e-04	4.25e-06	0.00e+00
 3.76722e+22	1.78e-09	2.75e-05	1.10e-02	1.71e-01	5.28e-01	2.61e-01	2.43e-02	3.67e-03	5.25e-04	3.34e-06	0.00e+00
 3.80675e+22	2.46e-09	3.51e-05	1.31e-02	1.86e-01	5.32e-01	2.44e-01	2.11e-02	3.09e-03	4.16e-04	2.44e-06	0.00e+00
 3.84670e+22	3.18e-09	4.25e-05	1.49e-02	1.99e-01	5.34e-01	2.30e-01	1.88e-02	2.70e-03	3.45e-04	1.91e-06	0.00e+00
 3.88717e+22	4.40e-09	5.44e-05	1.77e-02	2.16e-01	5.35e-01	2.13e-01	1.62e-02	2.26e-03	2.70e-04	1.38e-06	0.00e+00
 3.92818e+22	5.69e-09	6.60e-05	2.01e-02	2.30e-01	5.34e-01	1.99e-01	1.44e-02	1.95e-03	2.22e-04	1.06e-06	0.00e+00
 3.96987e+22	7.91e-09	8.44e-05	2.38e-02	2.49e-01	5.31e-01	1.83e-01	1.22e-02	1.62e-03	1.72e-04	7.53e-07	0.00e+00
 4.01081e+22	1.01e-08	1.01e-04	2.68e-02	2.63e-01	5.27e-01	1.71e-01	1.08e-02	1.40e-03	1.41e-04	5.83e-07	0.00e+00
 4.05076e+22	1.37e-08	1.27e-04	3.13e-02	2.82e-01	5.21e-01	1.56e-01	9.21e-03	1.17e-03	1.10e-04	4.17e-07	0.00e+00
 4.08919e+22	1.70e-08	1.49e-04	3.47e-02	2.95e-01	5.15e-01	1.46e-01	8.23e-03	1.02e-03	9.19e-05	3.30e-07	0.00e+00
 4.12566e+22	2.25e-08	1.83e-04	3.98e-02	3.12e-01	5.06e-01	1.33e-01	7.05e-03	8.59e-04	7.24e-05	2.41e-07	0.00e+00
 4.16213e+22	2.77e-08	2.14e-04	4.41e-02	3.26e-01	4.99e-01	1.24e-01	6.27e-03	7.50e-04	6.03e-05	1.90e-07	0.00e+00
 4.19860e+22	3.60e-08	2.60e-04	5.00e-02	3.43e-01	4.88e-01	1.13e-01	5.39e-03	6.32e-04	4.78e-05	1.40e-07	0.00e+00
 4.23636e+22	4.56e-08	3.09e-04	5.59e-02	3.58e-01	4.77e-01	1.04e-01	4.69e-03	5.40e-04	3.86e-05	0.00e+00	0.00e+00
 4.27020e+22	5.63e-08	3.60e-04	6.18e-02	3.71e-01	4.66e-01	9.61e-02	4.13e-03	4.67e-04	3.18e-05	0.00e+00	0.00e+00
 4.30859e+22	7.39e-08	4.39e-04	7.01e-02	3.88e-01	4.51e-01	8.64e-02	3.49e-03	3.86e-04	2.46e-05	0.00e+00	0.00e+00
 4.34759e+22	9.25e-08	5.17e-04	7.78e-02	4.02e-01	4.38e-01	7.87e-02	3.02e-03	3.28e-04	1.98e-05	0.00e+00	0.00e+00
 4.38218e+22	1.14e-07	6.03e-04	8.57e-02	4.15e-01	4.24e-01	7.19e-02	2.63e-03	2.81e-04	1.60e-05	0.00e+00	0.00e+00
 4.41569e+22	1.40e-07	6.97e-04	9.38e-02	4.26e-01	4.11e-01	6.58e-02	2.30e-03	2.41e-04	1.31e-05	0.00e+00	0.00e+00
 4.44661e+22	1.68e-07	7.95e-04	1.02e-01	4.36e-01	3.98e-01	6.05e-02	2.03e-03	2.09e-04	1.09e-05	0.00e+00	0.00e+00
 4.47600e+22	1.99e-07	9.00e-04	1.10e-01	4.46e-01	3.86e-01	5.58e-02	1.80e-03	1.83e-04	9.07e-06	0.00e+00	0.00e+00
 4.50979e+22	2.48e-07	1.05e-03	1.21e-01	4.57e-01	3.69e-01	5.01e-02	1.54e-03	1.53e-04	7.18e-06	0.00e+00	0.00e+00
 4.54408e+22	2.99e-07	1.20e-03	1.31e-01	4.65e-01	3.55e-01	4.56e-02	1.34e-03	1.31e-04	5.87e-06	0.00e+00	0.00e+00
 4.57402e+22	3.56e-07	1.36e-03	1.41e-01	4.73e-01	3.41e-01	4.16e-02	1.18e-03	1.13e-04	4.84e-06	0.00e+00	0.00e+00
 4.60797e+22	4.41e-07	1.58e-03	1.55e-01	4.81e-01	3.24e-01	3.71e-02	1.00e-03	9.41e-05	3.79e-06	0.00e+00	0.00e+00
 4.64257e+22	5.28e-07	1.80e-03	1.67e-01	4.87e-01	3.10e-01	3.35e-02	8.70e-04	8.01e-05	3.08e-06	0.00e+00	0.00e+00
 4.67320e+22	6.25e-07	2.02e-03	1.79e-01	4.92e-01	2.96e-01	3.04e-02	7.60e-04	6.86e-05	2.52e-06	0.00e+00	0.00e+00
 4.70817e+22	7.74e-07	2.35e-03	1.95e-01	4.97e-01	2.78e-01	2.67e-02	6.37e-04	5.61e-05	1.94e-06	0.00e+00	0.00e+00
 4.74364e+22	9.24e-07	2.66e-03	2.09e-01	5.00e-01	2.63e-01	2.39e-02	5.49e-04	4.74e-05	1.56e-06	0.00e+00	0.00e+00
 4.77494e+22	1.09e-06	2.98e-03	2.24e-01	5.02e-01	2.49e-01	2.15e-02	4.75e-04	4.01e-05	1.26e-06	0.00e+00	0.00e+00
 4.81083e+22	1.35e-06	3.45e-03	2.43e-01	5.03e-01	2.32e-01	1.86e-02	3.94e-04	3.24e-05	9.60e-07	0.00e+00	0.00e+00
 4.84728e+22	1.60e-06	3.89e-03	2.59e-01	5.03e-01	2.17e-01	1.65e-02	3.36e-04	2.70e-05	7.61e-07	0.00e+00	0.00e+00
 4.88447e+22	1.97e-06	4.47e-03	2.80e-01	5.01e-01	2.00e-01	1.42e-02	2.77e-04	2.16e-05	5.74e-07	0.00e+00	0.00e+00
 4.92240e+22	2.36e-06	5.06e-03	2.99e-01	4.97e-01	1.86e-01	1.24e-02	2.33e-04	1.76e-05	4.45e-07	0.00e+00	0.00e+00
 4.95549e+22	2.78e-06	5.65e-03	3.17e-01	4.93e-01	1.73e-01	1.10e-02	1.98e-04	1.46e-05	3.52e-07	0.00e+00	0.00e+00
 4.99268e+22	3.40e-06	6.46e-03	3.40e-01	4.86e-01	1.58e-01	9.31e-03	1.62e-04	1.15e-05	2.62e-07	0.00e+00	0.00e+00
 5.01896e+22	3.59e-06	6.71e-03	3.47e-01	4.84e-01	1.54e-01	8.89e-03	1.52e-04	1.07e-05	2.40e-07	0.00e+00	0.00e+00
 5.03105e+22	3.87e-06	7.05e-03	3.55e-01	4.81e-01	1.48e-01	8.36e-03	1.41e-04	9.81e-06	2.15e-07	0.00e+00	0.00e+00
 5.04677e+22	4.18e-06	7.42e-03	3.65e-01	4.77e-01	1.43e-01	7.82e-03	1.30e-04	8.89e-06	1.91e-07	0.00e+00	0.00e+00
 5.06721e+22	4.64e-06	7.95e-03	3.78e-01	4.72e-01	1.35e-01	7.14e-03	1.16e-04	7.79e-06	1.62e-07	0.00e+00	0.00e+00
 5.09378e+22	5.35e-06	8.74e-03	3.95e-01	4.64e-01	1.25e-01	6.29e-03	9.93e-05	6.48e-06	1.29e-07	0.00e+00	0.00e+00
 5.12832e+22	6.43e-06	9.85e-03	4.19e-01	4.53e-01	1.13e-01	5.31e-03	8.09e-05	5.07e-06	0.00e+00	0.00e+00	0.00e+00
 5.16602e+22	7.57e-06	1.10e-02	4.40e-01	4.41e-01	1.03e-01	4.54e-03	6.68e-05	4.05e-06	0.00e+00	0.00e+00	0.00e+00
 5.20780e+22	9.32e-06	1.25e-02	4.68e-01	4.25e-01	9.04e-02	3.69e-03	5.21e-05	3.00e-06	0.00e+00	0.00e+00	0.00e+00
 5.24426e+22	1.05e-05	1.36e-02	4.85e-01	4.15e-01	8.36e-02	3.26e-03	4.48e-05	2.52e-06	0.00e+00	0.00e+00	0.00e+00
 5.27378e+22	1.21e-05	1.48e-02	5.04e-01	4.02e-01	7.60e-02	2.81e-03	3.76e-05	2.04e-06	0.00e+00	0.00e+00	0.00e+00
 5.30453e+22	1.37e-05	1.60e-02	5.21e-01	3.91e-01	6.98e-02	2.46e-03	3.21e-05	1.68e-06	0.00e+00	0.00e+00	0.00e+00
 5.33262e+22	1.54e-05	1.72e-02	5.37e-01	3.80e-01	6.41e-02	2.16e-03	2.75e-05	1.40e-06	0.00e+00	0.00e+00	0.00e+00
 5.36490e+22	1.79e-05	1.89e-02	5.57e-01	3.65e-01	5.73e-02	1.82e-03	2.25e-05	1.10e-06	0.00e+00	0.00e+00	0.00e+00
 5.39741e+22	2.02e-05	2.04e-02	5.74e-01	3.52e-01	5.22e-02	1.58e-03	1.91e-05	8.99e-07	0.00e+00	0.00e+00	0.00e+00
 5.43023e+22	2.32e-05	2.22e-02	5.93e-01	3.37e-01	4.65e-02	1.33e-03	1.56e-05	7.04e-07	0.00e+00	0.00e+00	0.00e+00
 5.46387e+22	2.64e-05	2.40e-02	6.10e-01	3.23e-01	4.18e-02	1.13e-03	1.30e-05	5.64e-07	0.00e+00	0.00e+00	0.00e+00
 5.49358e+22	2.97e-05	2.58e-02	6.25e-01	3.10e-01	3.78e-02	9.77e-04	1.10e-05	4.58e-07	0.00e+00	0.00e+00	0.00e+00
 5.52720e+22	3.42e-05	2.81e-02	6.43e-01	2.94e-01	3.32e-02	8.11e-04	8.84e-06	3.52e-07	0.00e+00	0.00e+00	0.00e+00
 5.56193e+22	3.88e-05	3.02e-02	6.59e-01	2.81e-01	2.96e-02	6.86e-04	7.30e-06	2.79e-07	0.00e+00	0.00e+00	0.00e+00
 5.59332e+22	4.37e-05	3.25e-02	6.73e-01	2.67e-01	2.65e-02	5.83e-04	6.05e-06	2.22e-07	0.00e+00	0.00e+00	0.00e+00
 5.62935e+22	5.05e-05	3.53e-02	6.91e-01	2.51e-01	2.29e-02	4.74e-04	4.78e-06	1.66e-07	0.00e+00	0.00e+00	0.00e+00
 5.66639e+22	5.74e-05	3.81e-02	7.05e-01	2.37e-01	2.01e-02	3.95e-04	3.88e-06	1.29e-07	0.00e+00	0.00e+00	0.00e+00
 5.70474e+22	6.71e-05	4.16e-02	7.21e-01	2.19e-01	1.71e-02	3.14e-04	2.99e-06	0.00e+00	0.00e+00	0.00e+00	0.00e+00
 5.74348e+22	7.62e-05	4.48e-02	7.34e-01	2.06e-01	1.49e-02	2.59e-04	2.40e-06	0.00e+00	0.00e+00	0.00e+00	0.00e+00
 5.78274e+22	8.85e-05	4.87e-02	7.48e-01	1.90e-01	1.26e-02	2.05e-04	1.84e-06	0.00e+00	0.00e+00	0.00e+00	0.00e+00
 5.82307e+22	1.01e-04	5.25e-02	7.60e-01	1.77e-01	1.08e-02	1.67e-04	1.45e-06	0.00e+00	0.00e+00	0.00e+00	0.00e+00
 5.86478e+22	1.18e-04	5.72e-02	7.72e-01	1.61e-01	8.95e-03	1.29e-04	1.09e-06	0.00e+00	0.00e+00	0.00e+00	0.00e+00
 5.90708e+22	1.35e-04	6.15e-02	7.81e-01	1.49e-01	7.62e-03	1.04e-04	8.50e-07	0.00e+00	0.00e+00	0.00e+00	0.00e+00
 5.95014e+22	1.59e-04	6.72e-02	7.92e-01	1.35e-01	6.20e-03	7.93e-05	6.22e-07	0.00e+00	0.00e+00	0.00e+00	0.00e+00
 5.99342e+22	1.80e-04	7.20e-02	7.99e-01	1.24e-01	5.28e-03	6.41e-05	4.87e-07	0.00e+00	0.00e+00	0.00e+00	0.00e+00
 6.03697e+22	2.11e-04	7.84e-02	8.06e-01	1.11e-01	4.26e-03	4.85e-05	3.54e-07	0.00e+00	0.00e+00	0.00e+00	0.00e+00
 6.08151e+22	2.41e-04	8.41e-02	8.11e-01	1.01e-01	3.57e-03	3.85e-05	2.71e-07	0.00e+00	0.00e+00	0.00e+00	0.00e+00
 6.12735e+22	2.85e-04	9.18e-02	8.15e-01	8.98e-02	2.83e-03	2.86e-05	1.93e-07	0.00e+00	0.00e+00	0.00e+00	0.00e+00
 6.17403e+22	3.26e-04	9.84e-02	8.18e-01	8.12e-02	2.35e-03	2.25e-05	1.46e-07	0.00e+00	0.00e+00	0.00e+00	0.00e+00
 6.22183e+22	3.88e-04	1.08e-01	8.19e-01	7.10e-02	1.83e-03	1.64e-05	0.00e+00	0.00e+00	0.00e+00	0.00e+00	0.00e+00
 6.27079e+22	4.46e-04	1.15e-01	8.19e-01	6.36e-02	1.50e-03	1.28e-05	0.00e+00	0.00e+00	0.00e+00	0.00e+00	0.00e+00
 6.32125e+22	5.37e-04	1.27e-01	8.17e-01	5.47e-02	1.14e-03	9.09e-06	0.00e+00	0.00e+00	0.00e+00	0.00e+00	0.00e+00
 6.37310e+22	6.19e-04	1.36e-01	8.14e-01	4.84e-02	9.22e-04	6.96e-06	0.00e+00	0.00e+00	0.00e+00	0.00e+00	0.00e+00
 6.42672e+22	7.53e-04	1.50e-01	8.08e-01	4.08e-02	6.85e-04	4.82e-06	0.00e+00	0.00e+00	0.00e+00	0.00e+00	0.00e+00
 6.48218e+22	8.83e-04	1.62e-01	8.01e-01	3.54e-02	5.38e-04	3.58e-06	0.00e+00	0.00e+00	0.00e+00	0.00e+00	0.00e+00
 6.54002e+22	1.09e-03	1.79e-01	7.91e-01	2.91e-02	3.88e-04	2.40e-06	0.00e+00	0.00e+00	0.00e+00	0.00e+00	0.00e+00
 6.60041e+22	1.30e-03	1.94e-01	7.80e-01	2.45e-02	2.94e-04	1.70e-06	0.00e+00	0.00e+00	0.00e+00	0.00e+00	0.00e+00
 6.66255e+22	1.63e-03	2.15e-01	7.64e-01	1.96e-02	2.06e-04	1.10e-06	0.00e+00	0.00e+00	0.00e+00	0.00e+00	0.00e+00
 6.71631e+22	1.86e-03	2.28e-01	7.52e-01	1.72e-02	1.69e-04	8.57e-07	0.00e+00	0.00e+00	0.00e+00	0.00e+00	0.00e+00
 6.76075e+22	2.18e-03	2.45e-01	7.38e-01	1.44e-02	1.30e-04	6.16e-07	0.00e+00	0.00e+00	0.00e+00	0.00e+00	0.00e+00
 6.80776e+22	2.54e-03	2.62e-01	7.23e-01	1.22e-02	1.02e-04	4.53e-07	0.00e+00	0.00e+00	0.00e+00	0.00e+00	0.00e+00
 6.85812e+22	3.08e-03	2.83e-01	7.04e-01	9.83e-03	7.44e-05	3.02e-07	0.00e+00	0.00e+00	0.00e+00	0.00e+00	0.00e+00
 6.90941e+22	3.62e-03	3.03e-01	6.86e-01	8.10e-03	5.72e-05	2.14e-07	0.00e+00	0.00e+00	0.00e+00	0.00e+00	0.00e+00
 6.96188e+22	4.44e-03	3.28e-01	6.62e-01	6.26e-03	4.05e-05	1.35e-07	0.00e+00	0.00e+00	0.00e+00	0.00e+00	0.00e+00
 7.01026e+22	5.14e-03	3.46e-01	6.43e-01	5.15e-03	3.17e-05	0.00e+00	0.00e+00	0.00e+00	0.00e+00	0.00e+00	0.00e+00
 7.04624e+22	5.81e-03	3.63e-01	6.27e-01	4.31e-03	2.55e-05	0.00e+00	0.00e+00	0.00e+00	0.00e+00	0.00e+00	0.00e+00
 7.08595e+22	6.79e-03	3.83e-01	6.07e-01	3.42e-03	1.92e-05	0.00e+00	0.00e+00	0.00e+00	0.00e+00	0.00e+00	0.00e+00
 7.12863e+22	7.91e-03	4.03e-01	5.87e-01	2.68e-03	1.45e-05	0.00e+00	0.00e+00	0.00e+00	0.00e+00	0.00e+00	0.00e+00
 7.16800e+22	9.11e-03	4.21e-01	5.68e-01	2.09e-03	1.10e-05	0.00e+00	0.00e+00	0.00e+00	0.00e+00	0.00e+00	0.00e+00
 7.20566e+22	1.05e-02	4.39e-01	5.49e-01	1.61e-03	8.31e-06	0.00e+00	0.00e+00	0.00e+00	0.00e+00	0.00e+00	0.00e+00
 7.24139e+22	1.19e-02	4.54e-01	5.33e-01	1.23e-03	6.30e-06	0.00e+00	0.00e+00	0.00e+00	0.00e+00	0.00e+00	0.00e+00
 7.27431e+22	1.34e-02	4.68e-01	5.18e-01	9.46e-04	4.80e-06	0.00e+00	0.00e+00	0.00e+00	0.00e+00	0.00e+00	0.00e+00
 7.30433e+22	1.50e-02	4.79e-01	5.05e-01	7.27e-04	3.70e-06	0.00e+00	0.00e+00	0.00e+00	0.00e+00	0.00e+00	0.00e+00
 7.33164e+22	1.66e-02	4.88e-01	4.95e-01	5.63e-04	2.88e-06	0.00e+00	0.00e+00	0.00e+00	0.00e+00	0.00e+00	0.00e+00
 7.35653e+22	1.82e-02	4.95e-01	4.87e-01	4.39e-04	2.27e-06	0.00e+00	0.00e+00	0.00e+00	0.00e+00	0.00e+00	0.00e+00
 7.37920e+22	1.98e-02	5.00e-01	4.80e-01	3.47e-04	1.82e-06	0.00e+00	0.00e+00	0.00e+00	0.00e+00	0.00e+00	0.00e+00
 7.39982e+22	2.14e-02	5.03e-01	4.76e-01	2.79e-04	1.48e-06	0.00e+00	0.00e+00	0.00e+00	0.00e+00	0.00e+00	0.00e+00
 7.41285e+22	2.21e-02	5.01e-01	4.76e-01	2.48e-04	1.33e-06	0.00e+00	0.00e+00	0.00e+00	0.00e+00	0.00e+00	0.00e+00
 7.41782e+22	2.25e-02	5.02e-01	4.76e-01	2.36e-04	1.27e-06	0.00e+00	0.00e+00	0.00e+00	0.00e+00	0.00e+00	0.00e+00
 7.42179e+22	2.28e-02	5.02e-01	4.75e-01	2.26e-04	1.22e-06	0.00e+00	0.00e+00	0.00e+00	0.00e+00	0.00e+00	0.00e+00
 7.42683e+22	2.33e-02	5.02e-01	4.74e-01	2.14e-04	1.16e-06	0.00e+00	0.00e+00	0.00e+00	0.00e+00	0.00e+00	0.00e+00
 7.43294e+22	2.39e-02	5.03e-01	4.73e-01	2.00e-04	1.09e-06	0.00e+00	0.00e+00	0.00e+00	0.00e+00	0.00e+00	0.00e+00
 7.43917e+22	2.44e-02	5.03e-01	4.73e-01	1.87e-04	1.03e-06	0.00e+00	0.00e+00	0.00e+00	0.00e+00	0.00e+00	0.00e+00
 7.44511e+22	2.50e-02	5.03e-01	4.72e-01	1.76e-04	9.70e-07	0.00e+00	0.00e+00	0.00e+00	0.00e+00	0.00e+00	0.00e+00
 7.45093e+22	2.54e-02	5.02e-01	4.72e-01	1.66e-04	9.22e-07	0.00e+00	0.00e+00	0.00e+00	0.00e+00	0.00e+00	0.00e+00
 7.45707e+22	2.60e-02	5.02e-01	4.72e-01	1.56e-04	8.71e-07	0.00e+00	0.00e+00	0.00e+00	0.00e+00	0.00e+00	0.00e+00
 7.46362e+22	2.66e-02	5.01e-01	4.72e-01	1.46e-04	8.21e-07	0.00e+00	0.00e+00	0.00e+00	0.00e+00	0.00e+00	0.00e+00
 7.47000e+22	2.73e-02	5.00e-01	4.72e-01	1.38e-04	7.77e-07	0.00e+00	0.00e+00	0.00e+00	0.00e+00	0.00e+00	0.00e+00
 7.47626e+22	2.79e-02	5.00e-01	4.72e-01	1.30e-04	7.37e-07	0.00e+00	0.00e+00	0.00e+00	0.00e+00	0.00e+00	0.00e+00
 7.48267e+22	2.85e-02	4.98e-01	4.73e-01	1.22e-04	6.99e-07	0.00e+00	0.00e+00	0.00e+00	0.00e+00	0.00e+00	0.00e+00
 7.48940e+22	2.91e-02	4.97e-01	4.74e-01	1.15e-04	6.63e-07	0.00e+00	0.00e+00	0.00e+00	0.00e+00	0.00e+00	0.00e+00
 7.49651e+22	2.97e-02	4.95e-01	4.75e-01	1.08e-04	6.29e-07	0.00e+00	0.00e+00	0.00e+00	0.00e+00	0.00e+00	0.00e+00
 7.50391e+22	3.04e-02	4.93e-01	4.76e-01	1.02e-04	5.97e-07	0.00e+00	0.00e+00	0.00e+00	0.00e+00	0.00e+00	0.00e+00
 7.51135e+22	3.11e-02	4.92e-01	4.77e-01	9.58e-05	5.67e-07	0.00e+00	0.00e+00	0.00e+00	0.00e+00	0.00e+00	0.00e+00
 7.51717e+22	3.15e-02	4.90e-01	4.79e-01	9.21e-05	5.48e-07	0.00e+00	0.00e+00	0.00e+00	0.00e+00	0.00e+00	0.00e+00
 7.52099e+22	3.18e-02	4.89e-01	4.79e-01	8.96e-05	5.36e-07	0.00e+00	0.00e+00	0.00e+00	0.00e+00	0.00e+00	0.00e+00
 7.52462e+22	3.22e-02	4.88e-01	4.80e-01	8.72e-05	5.24e-07	0.00e+00	0.00e+00	0.00e+00	0.00e+00	0.00e+00	0.00e+00
 7.52893e+22	3.26e-02	4.87e-01	4.81e-01	8.45e-05	5.11e-07	0.00e+00	0.00e+00	0.00e+00	0.00e+00	0.00e+00	0.00e+00
 7.53378e+22	3.31e-02	4.86e-01	4.81e-01	8.17e-05	4.96e-07	0.00e+00	0.00e+00	0.00e+00	0.00e+00	0.00e+00	0.00e+00
 7.53860e+22	3.36e-02	4.85e-01	4.82e-01	7.91e-05	4.83e-07	0.00e+00	0.00e+00	0.00e+00	0.00e+00	0.00e+00	0.00e+00
 7.54311e+22	3.39e-02	4.83e-01	4.83e-01	7.69e-05	4.72e-07	0.00e+00	0.00e+00	0.00e+00	0.00e+00	0.00e+00	0.00e+00
 7.54765e+22	3.44e-02	4.82e-01	4.83e-01	7.46e-05	4.61e-07	0.00e+00	0.00e+00	0.00e+00	0.00e+00	0.00e+00	0.00e+00
 7.55242e+22	3.50e-02	4.82e-01	4.83e-01	7.24e-05	4.50e-07	0.00e+00	0.00e+00	0.00e+00	0.00e+00	0.00e+00	0.00e+00
 7.55721e+22	3.54e-02	4.81e-01	4.84e-01	7.03e-05	4.40e-07	0.00e+00	0.00e+00	0.00e+00	0.00e+00	0.00e+00	0.00e+00
 7.56204e+22	3.60e-02	4.80e-01	4.84e-01	6.83e-05	4.30e-07	0.00e+00	0.00e+00	0.00e+00	0.00e+00	0.00e+00	0.00e+00
 7.56700e+22	3.65e-02	4.79e-01	4.84e-01	6.64e-05	4.20e-07	0.00e+00	0.00e+00	0.00e+00	0.00e+00	0.00e+00	0.00e+00
 7.57210e+22	3.71e-02	4.79e-01	4.84e-01	6.45e-05	4.11e-07	0.00e+00	0.00e+00	0.00e+00	0.00e+00	0.00e+00	0.00e+00
 7.57732e+22	3.77e-02	4.78e-01	4.84e-01	6.27e-05	4.02e-07	0.00e+00	0.00e+00	0.00e+00	0.00e+00	0.00e+00	0.00e+00
 7.58262e+22	3.84e-02	4.78e-01	4.84e-01	6.09e-05	3.93e-07	0.00e+00	0.00e+00	0.00e+00	0.00e+00	0.00e+00	0.00e+00
 7.58796e+22	3.90e-02	4.77e-01	4.83e-01	5.92e-05	3.84e-07	0.00e+00	0.00e+00	0.00e+00	0.00e+00	0.00e+00	0.00e+00
 7.59341e+22	3.98e-02	4.77e-01	4.83e-01	5.75e-05	3.76e-07	0.00e+00	0.00e+00	0.00e+00	0.00e+00	0.00e+00	0.00e+00
 7.59909e+22	4.06e-02	4.77e-01	4.82e-01	5.58e-05	3.68e-07	0.00e+00	0.00e+00	0.00e+00	0.00e+00	0.00e+00	0.00e+00
 7.60495e+22	4.14e-02	4.78e-01	4.81e-01	5.42e-05	3.60e-07	0.00e+00	0.00e+00	0.00e+00	0.00e+00	0.00e+00	0.00e+00
 7.61088e+22	4.23e-02	4.78e-01	4.80e-01	5.26e-05	3.52e-07	0.00e+00	0.00e+00	0.00e+00	0.00e+00	0.00e+00	0.00e+00
 7.61694e+22	4.32e-02	4.78e-01	4.78e-01	5.11e-05	3.44e-07	0.00e+00	0.00e+00	0.00e+00	0.00e+00	0.00e+00	0.00e+00
 7.62324e+22	4.43e-02	4.79e-01	4.77e-01	4.95e-05	3.36e-07	0.00e+00	0.00e+00	0.00e+00	0.00e+00	0.00e+00	0.00e+00
 7.62970e+22	4.54e-02	4.80e-01	4.75e-01	4.81e-05	3.29e-07	0.00e+00	0.00e+00	0.00e+00	0.00e+00	0.00e+00	0.00e+00
 7.63631e+22	4.66e-02	4.81e-01	4.72e-01	4.66e-05	3.21e-07	0.00e+00	0.00e+00	0.00e+00	0.00e+00	0.00e+00	0.00e+00
 7.64316e+22	4.79e-02	4.82e-01	4.70e-01	4.51e-05	3.14e-07	0.00e+00	0.00e+00	0.00e+00	0.00e+00	0.00e+00	0.00e+00
 7.65015e+22	4.92e-02	4.84e-01	4.67e-01	4.37e-05	3.07e-07	0.00e+00	0.00e+00	0.00e+00	0.00e+00	0.00e+00	0.00e+00
 7.65732e+22	5.06e-02	4.85e-01	4.64e-01	4.23e-05	2.99e-07	0.00e+00	0.00e+00	0.00e+00	0.00e+00	0.00e+00	0.00e+00
 7.66475e+22	5.22e-02	4.87e-01	4.61e-01	4.09e-05	2.92e-07	0.00e+00	0.00e+00	0.00e+00	0.00e+00	0.00e+00	0.00e+00
 7.67241e+22	5.38e-02	4.89e-01	4.57e-01	3.95e-05	2.85e-07	0.00e+00	0.00e+00	0.00e+00	0.00e+00	0.00e+00	0.00e+00
 7.68018e+22	5.56e-02	4.91e-01	4.53e-01	3.82e-05	2.78e-07	0.00e+00	0.00e+00	0.00e+00	0.00e+00	0.00e+00	0.00e+00
 7.68809e+22	5.73e-02	4.94e-01	4.49e-01	3.69e-05	2.71e-07	0.00e+00	0.00e+00	0.00e+00	0.00e+00	0.00e+00	0.00e+00
 7.69619e+22	5.94e-02	4.96e-01	4.44e-01	3.56e-05	2.63e-07	0.00e+00	0.00e+00	0.00e+00	0.00e+00	0.00e+00	0.00e+00
 7.70453e+22	6.16e-02	4.99e-01	4.39e-01	3.43e-05	2.56e-07	0.00e+00	0.00e+00	0.00e+00	0.00e+00	0.00e+00	0.00e+00
 7.71305e+22	6.37e-02	5.02e-01	4.35e-01	3.31e-05	2.49e-07	0.00e+00	0.00e+00	0.00e+00	0.00e+00	0.00e+00	0.00e+00
 7.72148e+22	6.61e-02	5.05e-01	4.29e-01	3.19e-05	2.42e-07	0.00e+00	0.00e+00	0.00e+00	0.00e+00	0.00e+00	0.00e+00
 7.72993e+22	6.86e-02	5.08e-01	4.24e-01	3.08e-05	2.36e-07	0.00e+00	0.00e+00	0.00e+00	0.00e+00	0.00e+00	0.00e+00
 7.73877e+22	7.11e-02	5.11e-01	4.18e-01	2.97e-05	2.29e-07	0.00e+00	0.00e+00	0.00e+00	0.00e+00	0.00e+00	0.00e+00
 7.74775e+22	7.38e-02	5.14e-01	4.12e-01	2.86e-05	2.22e-07	0.00e+00	0.00e+00	0.00e+00	0.00e+00	0.00e+00	0.00e+00
 7.75673e+22	7.66e-02	5.17e-01	4.06e-01	2.75e-05	2.16e-07	0.00e+00	0.00e+00	0.00e+00	0.00e+00	0.00e+00	0.00e+00
 7.76597e+22	7.97e-02	5.21e-01	3.99e-01	2.65e-05	2.09e-07	0.00e+00	0.00e+00	0.00e+00	0.00e+00	0.00e+00	0.00e+00
 7.77550e+22	8.30e-02	5.24e-01	3.93e-01	2.54e-05	2.02e-07	0.00e+00	0.00e+00	0.00e+00	0.00e+00	0.00e+00	0.00e+00
 7.78516e+22	8.65e-02	5.28e-01	3.86e-01	2.44e-05	1.95e-07	0.00e+00	0.00e+00	0.00e+00	0.00e+00	0.00e+00	0.00e+00
 7.79493e+22	9.04e-02	5.32e-01	3.78e-01	2.34e-05	1.88e-07	0.00e+00	0.00e+00	0.00e+00	0.00e+00	0.00e+00	0.00e+00
 7.80499e+22	9.44e-02	5.35e-01	3.70e-01	2.24e-05	1.81e-07	0.00e+00	0.00e+00	0.00e+00	0.00e+00	0.00e+00	0.00e+00
 7.81533e+22	9.88e-02	5.39e-01	3.62e-01	2.15e-05	1.74e-07	0.00e+00	0.00e+00	0.00e+00	0.00e+00	0.00e+00	0.00e+00
 7.82545e+22	1.03e-01	5.42e-01	3.54e-01	2.06e-05	1.68e-07	0.00e+00	0.00e+00	0.00e+00	0.00e+00	0.00e+00	0.00e+00
 7.83498e+22	1.08e-01	5.46e-01	3.47e-01	1.95e-05	1.61e-07	0.00e+00	0.00e+00	0.00e+00	0.00e+00	0.00e+00	0.00e+00
 7.84376e+22	1.12e-01	5.49e-01	3.39e-01	1.86e-05	1.55e-07	0.00e+00	0.00e+00	0.00e+00	0.00e+00	0.00e+00	0.00e+00
 7.85191e+22	1.17e-01	5.51e-01	3.32e-01	1.77e-05	1.50e-07	0.00e+00	0.00e+00	0.00e+00	0.00e+00	0.00e+00	0.00e+00
 7.85946e+22	1.21e-01	5.54e-01	3.26e-01	1.69e-05	1.45e-07	0.00e+00	0.00e+00	0.00e+00	0.00e+00	0.00e+00	0.00e+00
 7.86677e+22	1.25e-01	5.56e-01	3.19e-01	1.62e-05	1.40e-07	0.00e+00	0.00e+00	0.00e+00	0.00e+00	0.00e+00	0.00e+00
 7.87412e+22	1.29e-01	5.58e-01	3.13e-01	1.55e-05	1.35e-07	0.00e+00	0.00e+00	0.00e+00	0.00e+00	0.00e+00	0.00e+00
 7.88133e+22	1.34e-01	5.60e-01	3.05e-01	1.48e-05	1.30e-07	0.00e+00	0.00e+00	0.00e+00	0.00e+00	0.00e+00	0.00e+00
 7.88807e+22	1.39e-01	5.62e-01	2.99e-01	1.42e-05	1.26e-07	0.00e+00	0.00e+00	0.00e+00	0.00e+00	0.00e+00	0.00e+00
 7.89435e+22	1.43e-01	5.63e-01	2.93e-01	1.36e-05	0.00e+00	0.00e+00	0.00e+00	0.00e+00	0.00e+00	0.00e+00	0.00e+00
 7.90067e+22	1.48e-01	5.65e-01	2.87e-01	1.30e-05	0.00e+00	0.00e+00	0.00e+00	0.00e+00	0.00e+00	0.00e+00	0.00e+00
 7.90677e+22	1.53e-01	5.66e-01	2.81e-01	1.25e-05	0.00e+00	0.00e+00	0.00e+00	0.00e+00	0.00e+00	0.00e+00	0.00e+00
 7.91252e+22	1.57e-01	5.67e-01	2.76e-01	1.20e-05	0.00e+00	0.00e+00	0.00e+00	0.00e+00	0.00e+00	0.00e+00	0.00e+00
 7.91824e+22	1.62e-01	5.68e-01	2.70e-01	1.16e-05	0.00e+00	0.00e+00	0.00e+00	0.00e+00	0.00e+00	0.00e+00	0.00e+00
 7.92371e+22	1.67e-01	5.69e-01	2.64e-01	1.11e-05	0.00e+00	0.00e+00	0.00e+00	0.00e+00	0.00e+00	0.00e+00	0.00e+00
 7.92887e+22	1.72e-01	5.70e-01	2.59e-01	1.07e-05	0.00e+00	0.00e+00	0.00e+00	0.00e+00	0.00e+00	0.00e+00	0.00e+00
 7.93391e+22	1.76e-01	5.70e-01	2.53e-01	1.03e-05	0.00e+00	0.00e+00	0.00e+00	0.00e+00	0.00e+00	0.00e+00	0.00e+00
 7.93882e+22	1.81e-01	5.71e-01	2.48e-01	9.95e-06	0.00e+00	0.00e+00	0.00e+00	0.00e+00	0.00e+00	0.00e+00	0.00e+00
 7.94345e+22	1.86e-01	5.71e-01	2.43e-01	9.61e-06	0.00e+00	0.00e+00	0.00e+00	0.00e+00	0.00e+00	0.00e+00	0.00e+00
 7.94766e+22	1.91e-01	5.71e-01	2.38e-01	9.30e-06	0.00e+00	0.00e+00	0.00e+00	0.00e+00	0.00e+00	0.00e+00	0.00e+00
 7.95149e+22	1.95e-01	5.71e-01	2.34e-01	9.02e-06	0.00e+00	0.00e+00	0.00e+00	0.00e+00	0.00e+00	0.00e+00	0.00e+00
 7.95497e+22	1.99e-01	5.71e-01	2.29e-01	8.77e-06	0.00e+00	0.00e+00	0.00e+00	0.00e+00	0.00e+00	0.00e+00	0.00e+00
 7.95814e+22	2.03e-01	5.71e-01	2.26e-01	8.54e-06	0.00e+00	0.00e+00	0.00e+00	0.00e+00	0.00e+00	0.00e+00	0.00e+00
 7.96103e+22	2.07e-01	5.71e-01	2.22e-01	8.34e-06	0.00e+00	0.00e+00	0.00e+00	0.00e+00	0.00e+00	0.00e+00	0.00e+00
 7.96365e+22	2.10e-01	5.71e-01	2.19e-01	8.16e-06	0.00e+00	0.00e+00	0.00e+00	0.00e+00	0.00e+00	0.00e+00	0.00e+00
 7.96653e+22	2.14e-01	5.71e-01	2.15e-01	7.93e-06	0.00e+00	0.00e+00	0.00e+00	0.00e+00	0.00e+00	0.00e+00	0.00e+00
 7.96964e+22	2.18e-01	5.70e-01	2.11e-01	7.73e-06	0.00e+00	0.00e+00	0.00e+00	0.00e+00	0.00e+00	0.00e+00	0.00e+00
 7.97246e+22	2.22e-01	5.70e-01	2.08e-01	7.55e-06	0.00e+00	0.00e+00	0.00e+00	0.00e+00	0.00e+00	0.00e+00	0.00e+00
 7.97504e+22	2.25e-01	5.70e-01	2.05e-01	7.38e-06	0.00e+00	0.00e+00	0.00e+00	0.00e+00	0.00e+00	0.00e+00	0.00e+00
 7.97738e+22	2.28e-01	5.69e-01	2.03e-01	7.25e-06	0.00e+00	0.00e+00	0.00e+00	0.00e+00	0.00e+00	0.00e+00	0.00e+00
 7.97994e+22	2.32e-01	5.69e-01	1.99e-01	7.06e-06	0.00e+00	0.00e+00	0.00e+00	0.00e+00	0.00e+00	0.00e+00	0.00e+00
 7.98328e+22	2.37e-01	5.68e-01	1.95e-01	6.83e-06	0.00e+00	0.00e+00	0.00e+00	0.00e+00	0.00e+00	0.00e+00	0.00e+00
 7.98688e+22	2.41e-01	5.67e-01	1.91e-01	6.63e-06	0.00e+00	0.00e+00	0.00e+00	0.00e+00	0.00e+00	0.00e+00	0.00e+00
 7.99015e+22	2.46e-01	5.66e-01	1.88e-01	6.44e-06	0.00e+00	0.00e+00	0.00e+00	0.00e+00	0.00e+00	0.00e+00	0.00e+00
 7.99313e+22	2.50e-01	5.66e-01	1.85e-01	6.29e-06	0.00e+00	0.00e+00	0.00e+00	0.00e+00	0.00e+00	0.00e+00	0.00e+00
 7.99640e+22	2.54e-01	5.65e-01	1.81e-01	6.10e-06	0.00e+00	0.00e+00	0.00e+00	0.00e+00	0.00e+00	0.00e+00	0.00e+00
 7.99993e+22	2.59e-01	5.64e-01	1.78e-01	5.93e-06	0.00e+00	0.00e+00	0.00e+00	0.00e+00	0.00e+00	0.00e+00	0.00e+00
 8.00314e+22	2.62e-01	5.63e-01	1.75e-01	5.77e-06	0.00e+00	0.00e+00	0.00e+00	0.00e+00	0.00e+00	0.00e+00	0.00e+00
 8.00606e+22	2.66e-01	5.62e-01	1.72e-01	5.63e-06	0.00e+00	0.00e+00	0.00e+00	0.00e+00	0.00e+00	0.00e+00	0.00e+00
 8.00872e+22	2.69e-01	5.61e-01	1.70e-01	5.52e-06	0.00e+00	0.00e+00	0.00e+00	0.00e+00	0.00e+00	0.00e+00	0.00e+00
 8.01163e+22	2.74e-01	5.60e-01	1.67e-01	5.36e-06	0.00e+00	0.00e+00	0.00e+00	0.00e+00	0.00e+00	0.00e+00	0.00e+00
 8.01541e+22	2.80e-01	5.58e-01	1.62e-01	5.17e-06	0.00e+00	0.00e+00	0.00e+00	0.00e+00	0.00e+00	0.00e+00	0.00e+00
 8.01950e+22	2.85e-01	5.56e-01	1.59e-01	5.00e-06	0.00e+00	0.00e+00	0.00e+00	0.00e+00	0.00e+00	0.00e+00	0.00e+00
 8.02322e+22	2.89e-01	5.55e-01	1.56e-01	4.85e-06	0.00e+00	0.00e+00	0.00e+00	0.00e+00	0.00e+00	0.00e+00	0.00e+00
 8.02660e+22	2.94e-01	5.53e-01	1.53e-01	4.71e-06	0.00e+00	0.00e+00	0.00e+00	0.00e+00	0.00e+00	0.00e+00	0.00e+00
 8.02968e+22	2.98e-01	5.52e-01	1.50e-01	4.59e-06	0.00e+00	0.00e+00	0.00e+00	0.00e+00	0.00e+00	0.00e+00	0.00e+00
 8.03249e+22	3.02e-01	5.50e-01	1.48e-01	4.48e-06	0.00e+00	0.00e+00	0.00e+00	0.00e+00	0.00e+00	0.00e+00	0.00e+00
 8.03556e+22	3.07e-01	5.49e-01	1.44e-01	4.34e-06	0.00e+00	0.00e+00	0.00e+00	0.00e+00	0.00e+00	0.00e+00	0.00e+00
 8.03887e+22	3.12e-01	5.47e-01	1.41e-01	4.21e-06	0.00e+00	0.00e+00	0.00e+00	0.00e+00	0.00e+00	0.00e+00	0.00e+00
 8.04189e+22	3.16e-01	5.45e-01	1.39e-01	4.09e-06	0.00e+00	0.00e+00	0.00e+00	0.00e+00	0.00e+00	0.00e+00	0.00e+00
 8.04464e+22	3.21e-01	5.43e-01	1.36e-01	3.99e-06	0.00e+00	0.00e+00	0.00e+00	0.00e+00	0.00e+00	0.00e+00	0.00e+00
 8.04714e+22	3.24e-01	5.42e-01	1.34e-01	3.90e-06	0.00e+00	0.00e+00	0.00e+00	0.00e+00	0.00e+00	0.00e+00	0.00e+00
 8.04987e+22	3.29e-01	5.40e-01	1.32e-01	3.79e-06	0.00e+00	0.00e+00	0.00e+00	0.00e+00	0.00e+00	0.00e+00	0.00e+00
 8.05343e+22	3.35e-01	5.37e-01	1.28e-01	3.66e-06	0.00e+00	0.00e+00	0.00e+00	0.00e+00	0.00e+00	0.00e+00	0.00e+00
 8.05728e+22	3.41e-01	5.34e-01	1.25e-01	3.53e-06	0.00e+00	0.00e+00	0.00e+00	0.00e+00	0.00e+00	0.00e+00	0.00e+00
 8.06077e+22	3.45e-01	5.32e-01	1.22e-01	3.42e-06	0.00e+00	0.00e+00	0.00e+00	0.00e+00	0.00e+00	0.00e+00	0.00e+00
 8.06396e+22	3.50e-01	5.30e-01	1.20e-01	3.33e-06	0.00e+00	0.00e+00	0.00e+00	0.00e+00	0.00e+00	0.00e+00	0.00e+00
 8.06685e+22	3.54e-01	5.28e-01	1.18e-01	3.24e-06	0.00e+00	0.00e+00	0.00e+00	0.00e+00	0.00e+00	0.00e+00	0.00e+00
 8.06949e+22	3.58e-01	5.26e-01	1.16e-01	3.16e-06	0.00e+00	0.00e+00	0.00e+00	0.00e+00	0.00e+00	0.00e+00	0.00e+00
 8.07237e+22	3.64e-01	5.23e-01	1.13e-01	3.06e-06	0.00e+00	0.00e+00	0.00e+00	0.00e+00	0.00e+00	0.00e+00	0.00e+00
 8.07549e+22	3.68e-01	5.21e-01	1.11e-01	2.98e-06	0.00e+00	0.00e+00	0.00e+00	0.00e+00	0.00e+00	0.00e+00	0.00e+00
 8.07833e+22	3.72e-01	5.19e-01	1.09e-01	2.90e-06	0.00e+00	0.00e+00	0.00e+00	0.00e+00	0.00e+00	0.00e+00	0.00e+00
 8.08144e+22	3.78e-01	5.16e-01	1.06e-01	2.81e-06	0.00e+00	0.00e+00	0.00e+00	0.00e+00	0.00e+00	0.00e+00	0.00e+00
 8.08479e+22	3.83e-01	5.13e-01	1.04e-01	2.73e-06	0.00e+00	0.00e+00	0.00e+00	0.00e+00	0.00e+00	0.00e+00	0.00e+00
 8.08785e+22	3.87e-01	5.11e-01	1.02e-01	2.65e-06	0.00e+00	0.00e+00	0.00e+00	0.00e+00	0.00e+00	0.00e+00	0.00e+00
 8.09062e+22	3.92e-01	5.08e-01	1.00e-01	2.58e-06	0.00e+00	0.00e+00	0.00e+00	0.00e+00	0.00e+00	0.00e+00	0.00e+00
 8.09315e+22	3.94e-01	5.07e-01	9.89e-02	2.54e-06	0.00e+00	0.00e+00	0.00e+00	0.00e+00	0.00e+00	0.00e+00	0.00e+00
 8.09592e+22	3.99e-01	5.05e-01	9.69e-02	2.47e-06	0.00e+00	0.00e+00	0.00e+00	0.00e+00	0.00e+00	0.00e+00	0.00e+00
 8.09953e+22	4.04e-01	5.02e-01	9.46e-02	2.38e-06	0.00e+00	0.00e+00	0.00e+00	0.00e+00	0.00e+00	0.00e+00	0.00e+00
 8.10342e+22	4.08e-01	4.99e-01	9.27e-02	2.31e-06	0.00e+00	0.00e+00	0.00e+00	0.00e+00	0.00e+00	0.00e+00	0.00e+00
 8.10696e+22	4.14e-01	4.96e-01	9.06e-02	2.24e-06	0.00e+00	0.00e+00	0.00e+00	0.00e+00	0.00e+00	0.00e+00	0.00e+00
 8.11018e+22	4.17e-01	4.94e-01	8.93e-02	2.19e-06	0.00e+00	0.00e+00	0.00e+00	0.00e+00	0.00e+00	0.00e+00	0.00e+00
 8.11371e+22	4.22e-01	4.91e-01	8.70e-02	2.11e-06	0.00e+00	0.00e+00	0.00e+00	0.00e+00	0.00e+00	0.00e+00	0.00e+00
 8.11752e+22	4.27e-01	4.88e-01	8.53e-02	2.05e-06	0.00e+00	0.00e+00	0.00e+00	0.00e+00	0.00e+00	0.00e+00	0.00e+00
 8.12098e+22	4.31e-01	4.85e-01	8.36e-02	1.99e-06	0.00e+00	0.00e+00	0.00e+00	0.00e+00	0.00e+00	0.00e+00	0.00e+00
 8.12478e+22	4.37e-01	4.82e-01	8.14e-02	1.92e-06	0.00e+00	0.00e+00	0.00e+00	0.00e+00	0.00e+00	0.00e+00	0.00e+00
 8.12888e+22	4.42e-01	4.79e-01	7.96e-02	1.86e-06	0.00e+00	0.00e+00	0.00e+00	0.00e+00	0.00e+00	0.00e+00	0.00e+00
 8.13262e+22	4.47e-01	4.75e-01	7.76e-02	1.80e-06	0.00e+00	0.00e+00	0.00e+00	0.00e+00	0.00e+00	0.00e+00	0.00e+00
 8.13601e+22	4.51e-01	4.73e-01	7.64e-02	1.75e-06	0.00e+00	0.00e+00	0.00e+00	0.00e+00	0.00e+00	0.00e+00	0.00e+00
 8.13973e+22	4.56e-01	4.69e-01	7.44e-02	1.69e-06	0.00e+00	0.00e+00	0.00e+00	0.00e+00	0.00e+00	0.00e+00	0.00e+00
 8.14375e+22	4.61e-01	4.66e-01	7.28e-02	1.64e-06	0.00e+00	0.00e+00	0.00e+00	0.00e+00	0.00e+00	0.00e+00	0.00e+00
 8.14741e+22	4.66e-01	4.63e-01	7.10e-02	1.58e-06	0.00e+00	0.00e+00	0.00e+00	0.00e+00	0.00e+00	0.00e+00	0.00e+00
 8.15074e+22	4.69e-01	4.61e-01	7.00e-02	1.55e-06	0.00e+00	0.00e+00	0.00e+00	0.00e+00	0.00e+00	0.00e+00	0.00e+00
 8.15438e+22	4.75e-01	4.57e-01	6.83e-02	1.50e-06	0.00e+00	0.00e+00	0.00e+00	0.00e+00	0.00e+00	0.00e+00	0.00e+00
 8.15832e+22	4.79e-01	4.54e-01	6.68e-02	1.45e-06	0.00e+00	0.00e+00	0.00e+00	0.00e+00	0.00e+00	0.00e+00	0.00e+00
 8.16190e+22	4.83e-01	4.52e-01	6.57e-02	1.41e-06	0.00e+00	0.00e+00	0.00e+00	0.00e+00	0.00e+00	0.00e+00	0.00e+00
 8.16583e+22	4.89e-01	4.48e-01	6.38e-02	1.36e-06	0.00e+00	0.00e+00	0.00e+00	0.00e+00	0.00e+00	0.00e+00	0.00e+00
 8.17006e+22	4.93e-01	4.44e-01	6.24e-02	1.32e-06	0.00e+00	0.00e+00	0.00e+00	0.00e+00	0.00e+00	0.00e+00	0.00e+00
 8.17392e+22	4.98e-01	4.41e-01	6.09e-02	1.27e-06	0.00e+00	0.00e+00	0.00e+00	0.00e+00	0.00e+00	0.00e+00	0.00e+00
 8.17743e+22	5.01e-01	4.39e-01	6.00e-02	1.24e-06	0.00e+00	0.00e+00	0.00e+00	0.00e+00	0.00e+00	0.00e+00	0.00e+00
 8.18127e+22	5.07e-01	4.35e-01	5.85e-02	1.20e-06	0.00e+00	0.00e+00	0.00e+00	0.00e+00	0.00e+00	0.00e+00	0.00e+00
 8.18543e+22	5.11e-01	4.32e-01	5.72e-02	1.16e-06	0.00e+00	0.00e+00	0.00e+00	0.00e+00	0.00e+00	0.00e+00	0.00e+00
 8.18920e+22	5.15e-01	4.29e-01	5.62e-02	1.13e-06	0.00e+00	0.00e+00	0.00e+00	0.00e+00	0.00e+00	0.00e+00	0.00e+00
 8.19334e+22	5.20e-01	4.25e-01	5.46e-02	1.09e-06	0.00e+00	0.00e+00	0.00e+00	0.00e+00	0.00e+00	0.00e+00	0.00e+00
 8.19781e+22	5.25e-01	4.22e-01	5.34e-02	1.05e-06	0.00e+00	0.00e+00	0.00e+00	0.00e+00	0.00e+00	0.00e+00	0.00e+00
