#depth	Si	Si+	Si+2	Si+3	Si+4	Si+5	Si+6	Si+7	Si+8	Si+9	Si+10	Si+11	Si+12	Si+13	Si+14
 4.62852e+21	3.05e-30	3.99e-17	4.49e-14	7.47e-12	5.03e-08	1.59e-05	1.05e-03	1.53e-02	8.47e-02	1.76e-01	1.57e-01	1.37e-01	3.33e-01	8.89e-02	7.40e-03
 1.02459e+22	3.86e-29	6.07e-16	4.63e-13	4.82e-11	2.60e-07	7.22e-05	4.01e-03	4.61e-02	1.80e-01	2.69e-01	1.69e-01	1.08e-01	1.88e-01	3.36e-02	1.87e-03
 1.17293e+22	1.68e-28	2.09e-15	1.34e-12	1.13e-10	5.23e-07	1.35e-04	6.87e-03	7.02e-02	2.32e-01	2.95e-01	1.58e-01	8.71e-02	1.31e-01	1.92e-02	8.87e-04
 1.24710e+22	3.42e-28	3.83e-15	2.24e-12	1.69e-10	7.22e-07	1.80e-04	8.80e-03	8.50e-02	2.58e-01	3.02e-01	1.48e-01	7.66e-02	1.06e-01	1.42e-02	5.94e-04
 1.28025e+22	4.36e-28	4.71e-15	2.67e-12	1.94e-10	8.04e-07	1.98e-04	9.54e-03	9.04e-02	2.66e-01	3.04e-01	1.45e-01	7.31e-02	9.87e-02	1.27e-02	5.16e-04
 1.29962e+22	5.92e-28	6.13e-15	3.34e-12	2.30e-10	9.19e-07	2.24e-04	1.06e-02	9.78e-02	2.77e-01	3.05e-01	1.40e-01	6.86e-02	8.94e-02	1.10e-02	4.28e-04
 1.31911e+22	7.53e-28	7.55e-15	3.97e-12	2.63e-10	1.02e-06	2.45e-04	1.14e-02	1.04e-01	2.86e-01	3.05e-01	1.36e-01	6.52e-02	8.26e-02	9.86e-03	3.69e-04
 1.33874e+22	1.02e-27	9.86e-15	4.96e-12	3.12e-10	1.16e-06	2.75e-04	1.26e-02	1.12e-01	2.96e-01	3.04e-01	1.31e-01	6.09e-02	7.44e-02	8.49e-03	3.04e-04
 1.35866e+22	1.30e-27	1.22e-14	5.93e-12	3.58e-10	1.28e-06	3.02e-04	1.37e-02	1.19e-01	3.04e-01	3.03e-01	1.26e-01	5.75e-02	6.82e-02	7.50e-03	2.59e-04
 1.37896e+22	1.79e-27	1.62e-14	7.47e-12	4.26e-10	1.46e-06	3.39e-04	1.51e-02	1.28e-01	3.14e-01	3.01e-01	1.20e-01	5.32e-02	6.07e-02	6.35e-03	2.09e-04
 1.39934e+22	2.27e-27	2.01e-14	8.92e-12	4.89e-10	1.61e-06	3.70e-04	1.63e-02	1.36e-01	3.22e-01	2.99e-01	1.16e-01	5.01e-02	5.55e-02	5.59e-03	1.77e-04
 1.41982e+22	3.10e-27	2.67e-14	1.12e-11	5.82e-10	1.83e-06	4.15e-04	1.79e-02	1.46e-01	3.31e-01	2.95e-01	1.10e-01	4.61e-02	4.90e-02	4.70e-03	1.42e-04
 1.44075e+22	3.97e-27	3.35e-14	1.35e-11	6.71e-10	2.02e-06	4.53e-04	1.93e-02	1.55e-01	3.38e-01	2.91e-01	1.05e-01	4.30e-02	4.43e-02	4.08e-03	1.18e-04
 1.46224e+22	5.47e-27	4.53e-14	1.73e-11	8.05e-10	2.30e-06	5.08e-04	2.13e-02	1.67e-01	3.46e-01	2.85e-01	9.82e-02	3.92e-02	3.86e-02	3.37e-03	9.27e-05
 1.48417e+22	7.06e-27	5.77e-14	2.10e-11	9.34e-10	2.56e-06	5.57e-04	2.30e-02	1.77e-01	3.53e-01	2.80e-01	9.30e-02	3.63e-02	3.45e-02	2.89e-03	7.61e-05
 1.50662e+22	9.79e-27	7.94e-14	2.71e-11	1.13e-09	2.92e-06	6.26e-04	2.54e-02	1.90e-01	3.60e-01	2.73e-01	8.63e-02	3.28e-02	2.97e-02	2.35e-03	5.84e-05
 1.52922e+22	1.26e-26	1.02e-13	3.32e-11	1.32e-09	3.25e-06	6.87e-04	2.75e-02	2.01e-01	3.65e-01	2.66e-01	8.11e-02	3.02e-02	2.63e-02	1.99e-03	4.74e-05
 1.54822e+22	1.59e-26	1.28e-13	3.99e-11	1.52e-09	3.58e-06	7.46e-04	2.94e-02	2.12e-01	3.69e-01	2.59e-01	7.64e-02	2.79e-02	2.35e-02	1.70e-03	3.89e-05
 1.56869e+22	2.12e-26	1.72e-13	5.05e-11	1.82e-09	4.05e-06	8.29e-04	3.21e-02	2.26e-01	3.73e-01	2.51e-01	7.07e-02	2.53e-02	2.03e-02	1.40e-03	3.03e-05
 1.58933e+22	2.67e-26	2.19e-13	6.12e-11	2.11e-09	4.48e-06	9.03e-04	3.44e-02	2.37e-01	3.76e-01	2.43e-01	6.61e-02	2.32e-02	1.80e-02	1.19e-03	2.47e-05
 1.60956e+22	3.50e-26	2.93e-13	7.70e-11	2.52e-09	5.07e-06	1.00e-03	3.73e-02	2.52e-01	3.78e-01	2.33e-01	6.09e-02	2.10e-02	1.56e-02	9.74e-04	1.92e-05
 1.63020e+22	4.42e-26	3.78e-13	9.46e-11	2.96e-09	5.67e-06	1.10e-03	4.01e-02	2.65e-01	3.79e-01	2.25e-01	5.65e-02	1.91e-02	1.37e-02	8.15e-04	1.54e-05
 1.65041e+22	5.68e-26	5.02e-13	1.19e-10	3.53e-09	6.41e-06	1.21e-03	4.34e-02	2.79e-01	3.80e-01	2.15e-01	5.18e-02	1.73e-02	1.18e-02	6.69e-04	1.20e-05
 1.67102e+22	7.21e-26	6.59e-13	1.48e-10	4.20e-09	7.24e-06	1.33e-03	4.67e-02	2.94e-01	3.79e-01	2.05e-01	4.76e-02	1.56e-02	1.02e-02	5.53e-04	9.48e-06
 1.69145e+22	9.19e-26	8.74e-13	1.85e-10	5.03e-09	8.23e-06	1.47e-03	5.03e-02	3.09e-01	3.78e-01	1.95e-01	4.34e-02	1.40e-02	8.79e-03	4.53e-04	7.40e-06
 1.71196e+22	1.17e-25	1.15e-12	2.32e-10	6.04e-09	9.36e-06	1.63e-03	5.42e-02	3.24e-01	3.75e-01	1.85e-01	3.96e-02	1.26e-02	7.56e-03	3.71e-04	5.78e-06
 1.73225e+22	1.48e-25	1.53e-12	2.91e-10	7.25e-09	1.07e-05	1.80e-03	5.83e-02	3.39e-01	3.72e-01	1.75e-01	3.60e-02	1.13e-02	6.50e-03	3.04e-04	4.51e-06
 1.75250e+22	1.86e-25	2.02e-12	3.65e-10	8.73e-09	1.22e-05	1.99e-03	6.26e-02	3.54e-01	3.67e-01	1.65e-01	3.26e-02	1.01e-02	5.57e-03	2.48e-04	3.51e-06
 1.77279e+22	2.35e-25	2.67e-12	4.58e-10	1.06e-08	1.40e-05	2.21e-03	6.73e-02	3.69e-01	3.62e-01	1.56e-01	2.95e-02	9.06e-03	4.76e-03	2.02e-04	2.73e-06
 1.79317e+22	2.97e-25	3.53e-12	5.77e-10	1.28e-08	1.61e-05	2.45e-03	7.22e-02	3.84e-01	3.56e-01	1.46e-01	2.66e-02	8.08e-03	4.06e-03	1.64e-04	2.11e-06
 1.81368e+22	3.76e-25	4.67e-12	7.27e-10	1.55e-08	1.85e-05	2.72e-03	7.75e-02	3.99e-01	3.49e-01	1.36e-01	2.39e-02	7.18e-03	3.45e-03	1.33e-04	1.63e-06
 1.83438e+22	4.78e-25	6.18e-12	9.18e-10	1.89e-08	2.14e-05	3.01e-03	8.31e-02	4.14e-01	3.42e-01	1.27e-01	2.14e-02	6.36e-03	2.92e-03	1.07e-04	1.25e-06
 1.85534e+22	6.09e-25	8.20e-12	1.16e-09	2.31e-08	2.48e-05	3.35e-03	8.90e-02	4.29e-01	3.33e-01	1.18e-01	1.91e-02	5.62e-03	2.46e-03	8.61e-05	9.58e-07
 1.87640e+22	7.76e-25	1.08e-11	1.47e-09	2.82e-08	2.87e-05	3.72e-03	9.52e-02	4.43e-01	3.24e-01	1.10e-01	1.70e-02	4.96e-03	2.08e-03	6.92e-05	7.34e-07
 1.89780e+22	1.00e-24	1.44e-11	1.86e-09	3.46e-08	3.34e-05	4.14e-03	1.02e-01	4.57e-01	3.14e-01	1.01e-01	1.51e-02	4.35e-03	1.74e-03	5.51e-05	5.56e-07
 1.91946e+22	1.30e-24	1.90e-11	2.35e-09	4.24e-08	3.87e-05	4.60e-03	1.09e-01	4.70e-01	3.04e-01	9.33e-02	1.34e-02	3.82e-03	1.46e-03	4.40e-05	4.23e-07
 1.94155e+22	1.71e-24	2.53e-11	3.00e-09	5.24e-08	4.53e-05	5.13e-03	1.16e-01	4.83e-01	2.93e-01	8.55e-02	1.18e-02	3.32e-03	1.21e-03	3.47e-05	3.17e-07
 1.96210e+22	2.13e-24	3.18e-11	3.65e-09	6.21e-08	5.13e-05	5.59e-03	1.23e-01	4.93e-01	2.84e-01	7.96e-02	1.06e-02	2.97e-03	1.04e-03	2.86e-05	2.51e-07
 1.98330e+22	2.85e-24	4.27e-11	4.70e-09	7.75e-08	6.04e-05	6.25e-03	1.31e-01	5.05e-01	2.72e-01	7.23e-02	9.24e-03	2.56e-03	8.53e-04	2.22e-05	1.85e-07
 2.00485e+22	3.60e-24	5.36e-11	5.72e-09	9.21e-08	6.86e-05	6.82e-03	1.38e-01	5.14e-01	2.63e-01	6.71e-02	8.28e-03	2.27e-03	7.30e-04	1.82e-05	1.45e-07
 2.02686e+22	4.89e-24	7.21e-11	7.40e-09	1.16e-07	8.10e-05	7.64e-03	1.48e-01	5.24e-01	2.50e-01	6.05e-02	7.16e-03	1.94e-03	5.93e-04	1.40e-05	0.00e+00
 2.04895e+22	6.21e-24	8.98e-11	8.95e-09	1.37e-07	9.17e-05	8.30e-03	1.55e-01	5.31e-01	2.41e-01	5.61e-02	6.43e-03	1.73e-03	5.07e-04	1.15e-05	0.00e+00
 2.07116e+22	8.48e-24	1.19e-10	1.15e-08	1.71e-07	1.08e-04	9.26e-03	1.65e-01	5.40e-01	2.28e-01	5.05e-02	5.55e-03	1.47e-03	4.12e-04	8.85e-06	0.00e+00
 2.09351e+22	1.08e-23	1.48e-10	1.39e-08	2.02e-07	1.22e-04	1.01e-02	1.72e-01	5.45e-01	2.19e-01	4.67e-02	4.97e-03	1.30e-03	3.51e-04	7.25e-06	0.00e+00
 2.11603e+22	1.48e-23	1.96e-10	1.78e-08	2.52e-07	1.43e-04	1.12e-02	1.83e-01	5.51e-01	2.07e-01	4.20e-02	4.28e-03	1.11e-03	2.85e-04	5.56e-06	0.00e+00
 2.13875e+22	1.90e-23	2.42e-10	2.14e-08	2.97e-07	1.62e-04	1.21e-02	1.91e-01	5.55e-01	1.98e-01	3.86e-02	3.82e-03	9.80e-04	2.42e-04	4.54e-06	0.00e+00
 2.16172e+22	2.62e-23	3.17e-10	2.73e-08	3.70e-07	1.90e-04	1.35e-02	2.02e-01	5.59e-01	1.86e-01	3.46e-02	3.29e-03	8.32e-04	1.96e-04	3.48e-06	0.00e+00
 2.18499e+22	3.36e-23	3.91e-10	3.29e-08	4.37e-07	2.15e-04	1.46e-02	2.11e-01	5.62e-01	1.78e-01	3.18e-02	2.93e-03	7.32e-04	1.66e-04	2.82e-06	0.00e+00
 2.20863e+22	4.65e-23	5.12e-10	4.19e-08	5.44e-07	2.52e-04	1.62e-02	2.22e-01	5.64e-01	1.66e-01	2.84e-02	2.51e-03	6.18e-04	1.34e-04	2.15e-06	0.00e+00
 2.23267e+22	6.02e-23	6.31e-10	5.06e-08	6.45e-07	2.85e-04	1.75e-02	2.31e-01	5.64e-01	1.58e-01	2.60e-02	2.23e-03	5.42e-04	1.13e-04	1.74e-06	0.00e+00
 2.25722e+22	8.38e-23	8.26e-10	6.46e-08	8.05e-07	3.35e-04	1.94e-02	2.43e-01	5.64e-01	1.47e-01	2.31e-02	1.90e-03	4.55e-04	9.01e-05	1.31e-06	0.00e+00
 2.28231e+22	1.09e-22	1.02e-09	7.83e-08	9.58e-07	3.79e-04	2.10e-02	2.53e-01	5.63e-01	1.39e-01	2.11e-02	1.68e-03	3.96e-04	7.55e-05	1.05e-06	0.00e+00
 2.30807e+22	1.53e-22	1.34e-09	1.00e-07	1.20e-06	4.47e-04	2.33e-02	2.66e-01	5.61e-01	1.29e-01	1.86e-02	1.42e-03	3.30e-04	5.98e-05	7.85e-07	0.00e+00
 2.33444e+22	2.01e-22	1.66e-09	1.22e-07	1.43e-06	5.08e-04	2.53e-02	2.76e-01	5.58e-01	1.22e-01	1.69e-02	1.25e-03	2.86e-04	4.97e-05	6.24e-07	0.00e+00
 2.35668e+22	2.55e-22	2.00e-09	1.45e-07	1.68e-06	5.69e-04	2.71e-02	2.85e-01	5.55e-01	1.15e-01	1.55e-02	1.11e-03	2.51e-04	4.22e-05	5.08e-07	0.00e+00
 2.38068e+22	3.45e-22	2.54e-09	1.81e-07	2.06e-06	6.58e-04	2.97e-02	2.97e-01	5.50e-01	1.07e-01	1.38e-02	9.53e-04	2.12e-04	3.41e-05	3.89e-07	0.00e+00
 2.40502e+22	4.38e-22	3.07e-09	2.16e-07	2.41e-06	7.37e-04	3.18e-02	3.07e-01	5.46e-01	1.01e-01	1.27e-02	8.46e-04	1.86e-04	2.88e-05	3.16e-07	0.00e+00
 2.42607e+22	5.48e-22	3.66e-09	2.54e-07	2.80e-06	8.21e-04	3.40e-02	3.16e-01	5.41e-01	9.55e-02	1.16e-02	7.55e-04	1.64e-04	2.46e-05	2.58e-07	0.00e+00
 2.44970e+22	7.31e-22	4.60e-09	3.14e-07	3.41e-06	9.45e-04	3.71e-02	3.27e-01	5.35e-01	8.86e-02	1.04e-02	6.50e-04	1.39e-04	1.99e-05	1.99e-07	0.00e+00
 2.47321e+22	9.10e-22	5.44e-09	3.68e-07	3.93e-06	1.05e-03	3.95e-02	3.36e-01	5.29e-01	8.39e-02	9.57e-03	5.83e-04	1.23e-04	1.71e-05	1.64e-07	0.00e+00
 2.49657e+22	1.20e-21	6.77e-09	4.52e-07	4.75e-06	1.20e-03	4.28e-02	3.47e-01	5.22e-01	7.78e-02	8.56e-03	5.03e-04	1.04e-04	1.39e-05	1.27e-07	0.00e+00
 2.52027e+22	1.50e-21	8.03e-09	5.30e-07	5.49e-06	1.33e-03	4.56e-02	3.56e-01	5.15e-01	7.34e-02	7.87e-03	4.50e-04	9.21e-05	1.19e-05	0.00e+00	0.00e+00
 2.54441e+22	1.98e-21	1.00e-08	6.52e-07	6.65e-06	1.52e-03	4.94e-02	3.68e-01	5.06e-01	6.79e-02	7.02e-03	3.87e-04	7.79e-05	9.63e-06	0.00e+00	0.00e+00
 2.56897e+22	2.48e-21	1.19e-08	7.66e-07	7.70e-06	1.68e-03	5.26e-02	3.76e-01	4.99e-01	6.39e-02	6.43e-03	3.45e-04	6.85e-05	8.20e-06	0.00e+00	0.00e+00
 2.59408e+22	3.29e-21	1.49e-08	9.47e-07	9.38e-06	1.94e-03	5.71e-02	3.88e-01	4.88e-01	5.87e-02	5.71e-03	2.95e-04	5.75e-05	6.58e-06	0.00e+00	0.00e+00
 2.61958e+22	4.14e-21	1.77e-08	1.12e-06	1.09e-05	2.15e-03	6.08e-02	3.97e-01	4.80e-01	5.51e-02	5.22e-03	2.62e-04	5.04e-05	5.58e-06	0.00e+00	0.00e+00
 2.64557e+22	5.51e-21	2.22e-08	1.38e-06	1.33e-05	2.47e-03	6.60e-02	4.08e-01	4.68e-01	5.04e-02	4.61e-03	2.23e-04	4.21e-05	4.45e-06	0.00e+00	0.00e+00
 2.67219e+22	6.99e-21	2.66e-08	1.64e-06	1.55e-05	2.75e-03	7.03e-02	4.17e-01	4.59e-01	4.70e-02	4.20e-03	1.97e-04	3.67e-05	3.74e-06	0.00e+00	0.00e+00
 2.69962e+22	9.39e-21	3.35e-08	2.05e-06	1.91e-05	3.18e-03	7.64e-02	4.28e-01	4.46e-01	4.27e-02	3.69e-03	1.66e-04	3.04e-05	2.96e-06	0.00e+00	0.00e+00
 2.72768e+22	1.20e-20	4.03e-08	2.44e-06	2.24e-05	3.55e-03	8.14e-02	4.37e-01	4.35e-01	3.97e-02	3.33e-03	1.45e-04	2.62e-05	2.46e-06	0.00e+00	0.00e+00
 2.75656e+22	1.62e-20	5.12e-08	3.07e-06	2.76e-05	4.11e-03	8.85e-02	4.48e-01	4.21e-01	3.59e-02	2.92e-03	1.22e-04	2.16e-05	1.93e-06	0.00e+00	0.00e+00
 2.78576e+22	2.08e-20	6.17e-08	3.66e-06	3.24e-05	4.59e-03	9.42e-02	4.56e-01	4.10e-01	3.32e-02	2.63e-03	1.07e-04	1.86e-05	1.60e-06	0.00e+00	0.00e+00
 2.81537e+22	2.82e-20	7.83e-08	4.60e-06	4.01e-05	5.32e-03	1.02e-01	4.66e-01	3.94e-01	2.98e-02	2.29e-03	8.89e-05	1.52e-05	1.24e-06	0.00e+00	0.00e+00
 2.84532e+22	3.61e-20	9.46e-08	5.49e-06	4.70e-05	5.93e-03	1.09e-01	4.73e-01	3.83e-01	2.75e-02	2.06e-03	7.75e-05	1.31e-05	1.03e-06	0.00e+00	0.00e+00
 2.87569e+22	4.92e-20	1.20e-07	6.91e-06	5.82e-05	6.86e-03	1.18e-01	4.82e-01	3.67e-01	2.46e-02	1.79e-03	6.43e-05	1.07e-05	7.96e-07	0.00e+00	0.00e+00
 2.90535e+22	6.21e-20	1.43e-07	8.14e-06	6.73e-05	7.58e-03	1.24e-01	4.88e-01	3.56e-01	2.28e-02	1.62e-03	5.65e-05	9.24e-06	6.67e-07	0.00e+00	0.00e+00
 2.93408e+22	8.24e-20	1.79e-07	1.01e-05	8.22e-05	8.68e-03	1.34e-01	4.95e-01	3.41e-01	2.04e-02	1.42e-03	4.73e-05	7.61e-06	5.22e-07	0.00e+00	0.00e+00
 2.96378e+22	1.06e-19	2.15e-07	1.20e-05	9.60e-05	9.64e-03	1.42e-01	5.00e-01	3.29e-01	1.88e-02	1.27e-03	4.11e-05	6.53e-06	4.32e-07	0.00e+00	0.00e+00
 2.98915e+22	1.30e-19	2.53e-07	1.40e-05	1.10e-04	1.06e-02	1.49e-01	5.04e-01	3.18e-01	1.74e-02	1.16e-03	3.62e-05	5.68e-06	3.63e-07	0.00e+00	0.00e+00
 3.01655e+22	1.70e-19	3.10e-07	1.70e-05	1.32e-04	1.20e-02	1.59e-01	5.08e-01	3.04e-01	1.56e-02	1.02e-03	3.06e-05	4.74e-06	2.89e-07	0.00e+00	0.00e+00
 3.04395e+22	2.10e-19	3.64e-07	1.98e-05	1.52e-04	1.31e-02	1.66e-01	5.11e-01	2.94e-01	1.44e-02	9.23e-04	2.69e-05	4.11e-06	2.42e-07	0.00e+00	0.00e+00
 3.07137e+22	2.73e-19	4.44e-07	2.40e-05	1.81e-04	1.47e-02	1.76e-01	5.14e-01	2.81e-01	1.30e-02	8.16e-04	2.29e-05	3.46e-06	1.94e-07	0.00e+00	0.00e+00
 3.09987e+22	3.42e-19	5.28e-07	2.83e-05	2.11e-04	1.63e-02	1.86e-01	5.16e-01	2.69e-01	1.19e-02	7.29e-04	1.98e-05	2.95e-06	1.59e-07	0.00e+00	0.00e+00
 3.12533e+22	4.25e-19	6.22e-07	3.30e-05	2.42e-04	1.79e-02	1.94e-01	5.17e-01	2.58e-01	1.09e-02	6.59e-04	1.73e-05	2.55e-06	1.33e-07	0.00e+00	0.00e+00
 3.15396e+22	5.56e-19	7.62e-07	4.01e-05	2.88e-04	2.00e-02	2.06e-01	5.18e-01	2.45e-01	9.78e-03	5.79e-04	1.46e-05	2.12e-06	0.00e+00	0.00e+00	0.00e+00
 3.18407e+22	7.09e-19	9.15e-07	4.77e-05	3.38e-04	2.22e-02	2.16e-01	5.18e-01	2.34e-01	8.83e-03	5.14e-04	1.25e-05	1.79e-06	0.00e+00	0.00e+00	0.00e+00
 3.21144e+22	8.89e-19	1.09e-06	5.60e-05	3.91e-04	2.44e-02	2.26e-01	5.17e-01	2.23e-01	8.02e-03	4.60e-04	1.08e-05	1.53e-06	0.00e+00	0.00e+00	0.00e+00
 3.24236e+22	1.18e-18	1.35e-06	6.87e-05	4.70e-04	2.75e-02	2.39e-01	5.16e-01	2.10e-01	7.10e-03	3.99e-04	8.94e-06	1.26e-06	0.00e+00	0.00e+00	0.00e+00
 3.27420e+22	1.51e-18	1.62e-06	8.18e-05	5.52e-04	3.05e-02	2.51e-01	5.13e-01	1.98e-01	6.36e-03	3.52e-04	7.58e-06	1.05e-06	0.00e+00	0.00e+00	0.00e+00
 3.30248e+22	1.91e-18	1.93e-06	9.63e-05	6.38e-04	3.35e-02	2.62e-01	5.10e-01	1.88e-01	5.75e-03	3.13e-04	6.50e-06	8.95e-07	0.00e+00	0.00e+00	0.00e+00
 3.33449e+22	2.55e-18	2.40e-06	1.19e-04	7.72e-04	3.77e-02	2.76e-01	5.05e-01	1.75e-01	5.03e-03	2.69e-04	5.32e-06	7.23e-07	0.00e+00	0.00e+00	0.00e+00
 3.36741e+22	3.25e-18	2.88e-06	1.41e-04	9.03e-04	4.16e-02	2.88e-01	5.00e-01	1.65e-01	4.48e-03	2.36e-04	4.49e-06	6.04e-07	0.00e+00	0.00e+00	0.00e+00
 3.40150e+22	4.43e-18	3.62e-06	1.75e-04	1.10e-03	4.70e-02	3.03e-01	4.92e-01	1.52e-01	3.88e-03	2.00e-04	3.62e-06	4.82e-07	0.00e+00	0.00e+00	0.00e+00
 3.43619e+22	5.70e-18	4.37e-06	2.09e-04	1.29e-03	5.19e-02	3.16e-01	4.85e-01	1.42e-01	3.43e-03	1.75e-04	3.03e-06	3.99e-07	0.00e+00	0.00e+00	0.00e+00
 3.47165e+22	7.82e-18	5.53e-06	2.61e-04	1.57e-03	5.87e-02	3.32e-01	4.75e-01	1.30e-01	2.94e-03	1.47e-04	2.41e-06	3.14e-07	0.00e+00	0.00e+00	0.00e+00
 3.50770e+22	1.01e-17	6.71e-06	3.12e-04	1.85e-03	6.48e-02	3.44e-01	4.65e-01	1.21e-01	2.58e-03	1.27e-04	2.00e-06	2.58e-07	0.00e+00	0.00e+00	0.00e+00
 3.53967e+22	1.31e-17	8.08e-06	3.71e-04	2.16e-03	7.12e-02	3.56e-01	4.55e-01	1.12e-01	2.26e-03	1.10e-04	1.66e-06	2.12e-07	0.00e+00	0.00e+00	0.00e+00
 3.57638e+22	1.80e-17	1.03e-05	4.64e-04	2.64e-03	8.02e-02	3.72e-01	4.42e-01	1.01e-01	1.91e-03	9.15e-05	1.30e-06	1.65e-07	0.00e+00	0.00e+00	0.00e+00
 3.61354e+22	2.32e-17	1.24e-05	5.54e-04	3.11e-03	8.83e-02	3.84e-01	4.29e-01	9.31e-02	1.66e-03	7.83e-05	1.06e-06	1.34e-07	0.00e+00	0.00e+00	0.00e+00
 3.65129e+22	3.24e-17	1.58e-05	6.93e-04	3.79e-03	9.91e-02	3.98e-01	4.13e-01	8.36e-02	1.39e-03	6.46e-05	8.28e-07	0.00e+00	0.00e+00	0.00e+00	0.00e+00
 3.68946e+22	4.22e-17	1.92e-05	8.28e-04	4.46e-03	1.09e-01	4.09e-01	4.00e-01	7.62e-02	1.20e-03	5.49e-05	6.72e-07	0.00e+00	0.00e+00	0.00e+00	0.00e+00
 3.72816e+22	5.90e-17	2.45e-05	1.04e-03	5.45e-03	1.22e-01	4.22e-01	3.81e-01	6.76e-02	9.91e-04	4.47e-05	5.14e-07	0.00e+00	0.00e+00	0.00e+00	0.00e+00
 3.76722e+22	7.68e-17	2.97e-05	1.24e-03	6.38e-03	1.33e-01	4.31e-01	3.66e-01	6.12e-02	8.49e-04	3.77e-05	4.15e-07	0.00e+00	0.00e+00	0.00e+00	0.00e+00
 3.80675e+22	1.06e-16	3.80e-05	1.55e-03	7.81e-03	1.49e-01	4.42e-01	3.46e-01	5.37e-02	6.93e-04	3.03e-05	3.13e-07	0.00e+00	0.00e+00	0.00e+00	0.00e+00
 3.84670e+22	1.39e-16	4.61e-05	1.85e-03	9.12e-03	1.62e-01	4.49e-01	3.30e-01	4.82e-02	5.89e-04	2.54e-05	2.50e-07	0.00e+00	0.00e+00	0.00e+00	0.00e+00
 3.88717e+22	1.98e-16	5.92e-05	2.31e-03	1.11e-02	1.80e-01	4.56e-01	3.09e-01	4.18e-02	4.75e-04	2.02e-05	1.86e-07	0.00e+00	0.00e+00	0.00e+00	0.00e+00
 3.92818e+22	2.60e-16	7.21e-05	2.75e-03	1.30e-02	1.95e-01	4.60e-01	2.92e-01	3.72e-02	4.00e-04	1.68e-05	1.47e-07	0.00e+00	0.00e+00	0.00e+00	0.00e+00
 3.96987e+22	3.74e-16	9.29e-05	3.44e-03	1.58e-02	2.15e-01	4.64e-01	2.70e-01	3.18e-02	3.18e-04	1.31e-05	1.08e-07	0.00e+00	0.00e+00	0.00e+00	0.00e+00
 4.01081e+22	4.86e-16	1.12e-04	4.06e-03	1.83e-02	2.31e-01	4.65e-01	2.54e-01	2.82e-02	2.68e-04	1.09e-05	0.00e+00	0.00e+00	0.00e+00	0.00e+00	0.00e+00
 4.05076e+22	6.91e-16	1.42e-04	5.00e-03	2.19e-02	2.52e-01	4.64e-01	2.33e-01	2.40e-02	2.13e-04	8.53e-06	0.00e+00	0.00e+00	0.00e+00	0.00e+00	0.00e+00
 4.08919e+22	8.85e-16	1.68e-04	5.78e-03	2.48e-02	2.67e-01	4.62e-01	2.19e-01	2.14e-02	1.82e-04	7.18e-06	0.00e+00	0.00e+00	0.00e+00	0.00e+00	0.00e+00
 4.12566e+22	1.22e-15	2.09e-04	6.95e-03	2.91e-02	2.87e-01	4.57e-01	2.01e-01	1.83e-02	1.47e-04	5.69e-06	0.00e+00	0.00e+00	0.00e+00	0.00e+00	0.00e+00
 4.16213e+22	1.57e-15	2.47e-04	8.01e-03	3.28e-02	3.03e-01	4.52e-01	1.87e-01	1.62e-02	1.24e-04	4.75e-06	0.00e+00	0.00e+00	0.00e+00	0.00e+00	0.00e+00
 4.19860e+22	2.16e-15	3.04e-04	9.56e-03	3.80e-02	3.23e-01	4.44e-01	1.71e-01	1.39e-02	1.00e-04	3.78e-06	0.00e+00	0.00e+00	0.00e+00	0.00e+00	0.00e+00
 4.23636e+22	2.87e-15	3.65e-04	1.11e-02	4.33e-02	3.41e-01	4.36e-01	1.57e-01	1.20e-02	8.25e-05	3.06e-06	0.00e+00	0.00e+00	0.00e+00	0.00e+00	0.00e+00
 4.27020e+22	3.77e-15	4.33e-04	1.28e-02	4.86e-02	3.56e-01	4.27e-01	1.45e-01	1.05e-02	6.89e-05	2.52e-06	0.00e+00	0.00e+00	0.00e+00	0.00e+00	0.00e+00
 4.30859e+22	5.42e-15	5.40e-04	1.53e-02	5.63e-02	3.77e-01	4.13e-01	1.29e-01	8.73e-03	5.44e-05	1.95e-06	0.00e+00	0.00e+00	0.00e+00	0.00e+00	0.00e+00
 4.34759e+22	7.35e-15	6.45e-04	1.77e-02	6.33e-02	3.93e-01	4.00e-01	1.17e-01	7.47e-03	4.44e-05	1.56e-06	0.00e+00	0.00e+00	0.00e+00	0.00e+00	0.00e+00
 4.38218e+22	9.91e-15	7.67e-04	2.03e-02	7.07e-02	4.08e-01	3.87e-01	1.06e-01	6.41e-03	3.65e-05	1.26e-06	0.00e+00	0.00e+00	0.00e+00	0.00e+00	0.00e+00
 4.41569e+22	1.34e-14	9.03e-04	2.31e-02	7.82e-02	4.21e-01	3.74e-01	9.67e-02	5.52e-03	3.02e-05	1.03e-06	0.00e+00	0.00e+00	0.00e+00	0.00e+00	0.00e+00
 4.44661e+22	1.74e-14	1.05e-03	2.60e-02	8.57e-02	4.33e-01	3.61e-01	8.82e-02	4.80e-03	2.53e-05	8.47e-07	0.00e+00	0.00e+00	0.00e+00	0.00e+00	0.00e+00
 4.47600e+22	2.30e-14	1.21e-03	2.91e-02	9.34e-02	4.44e-01	3.48e-01	8.05e-02	4.18e-03	2.13e-05	7.03e-07	0.00e+00	0.00e+00	0.00e+00	0.00e+00	0.00e+00
 4.50979e+22	3.23e-14	1.45e-03	3.34e-02	1.04e-01	4.56e-01	3.31e-01	7.14e-02	3.49e-03	1.70e-05	5.50e-07	0.00e+00	0.00e+00	0.00e+00	0.00e+00	0.00e+00
 4.54408e+22	4.41e-14	1.68e-03	3.75e-02	1.13e-01	4.65e-01	3.16e-01	6.42e-02	2.99e-03	1.40e-05	4.46e-07	0.00e+00	0.00e+00	0.00e+00	0.00e+00	0.00e+00
 4.57402e+22	5.82e-14	1.94e-03	4.17e-02	1.23e-01	4.72e-01	3.01e-01	5.78e-02	2.57e-03	1.17e-05	3.64e-07	0.00e+00	0.00e+00	0.00e+00	0.00e+00	0.00e+00
 4.60797e+22	8.46e-14	2.32e-03	4.77e-02	1.35e-01	4.80e-01	2.83e-01	5.06e-02	2.12e-03	9.22e-06	2.81e-07	0.00e+00	0.00e+00	0.00e+00	0.00e+00	0.00e+00
 4.64257e+22	1.15e-13	2.69e-03	5.31e-02	1.46e-01	4.85e-01	2.67e-01	4.49e-02	1.79e-03	7.52e-06	2.25e-07	0.00e+00	0.00e+00	0.00e+00	0.00e+00	0.00e+00
 4.67320e+22	1.57e-13	3.09e-03	5.89e-02	1.57e-01	4.88e-01	2.52e-01	4.00e-02	1.52e-03	6.19e-06	1.81e-07	0.00e+00	0.00e+00	0.00e+00	0.00e+00	0.00e+00
 4.70817e+22	2.37e-13	3.69e-03	6.69e-02	1.71e-01	4.90e-01	2.33e-01	3.43e-02	1.23e-03	4.80e-06	1.37e-07	0.00e+00	0.00e+00	0.00e+00	0.00e+00	0.00e+00
 4.74364e+22	3.31e-13	4.27e-03	7.41e-02	1.83e-01	4.90e-01	2.17e-01	3.01e-02	1.02e-03	3.86e-06	0.00e+00	0.00e+00	0.00e+00	0.00e+00	0.00e+00	0.00e+00
 4.77494e+22	4.73e-13	4.90e-03	8.17e-02	1.95e-01	4.89e-01	2.02e-01	2.64e-02	8.54e-04	3.13e-06	0.00e+00	0.00e+00	0.00e+00	0.00e+00	0.00e+00	0.00e+00
 4.81083e+22	7.86e-13	5.82e-03	9.21e-02	2.11e-01	4.85e-01	1.84e-01	2.22e-02	6.76e-04	2.39e-06	0.00e+00	0.00e+00	0.00e+00	0.00e+00	0.00e+00	0.00e+00
 4.84728e+22	1.20e-12	6.71e-03	1.01e-01	2.24e-01	4.79e-01	1.69e-01	1.92e-02	5.54e-04	1.89e-06	0.00e+00	0.00e+00	0.00e+00	0.00e+00	0.00e+00	0.00e+00
 4.88447e+22	2.06e-12	7.95e-03	1.14e-01	2.40e-01	4.71e-01	1.52e-01	1.59e-02	4.33e-04	1.43e-06	0.00e+00	0.00e+00	0.00e+00	0.00e+00	0.00e+00	0.00e+00
 4.92240e+22	3.80e-12	9.21e-03	1.25e-01	2.53e-01	4.61e-01	1.37e-01	1.34e-02	3.47e-04	1.10e-06	0.00e+00	0.00e+00	0.00e+00	0.00e+00	0.00e+00	0.00e+00
 4.95549e+22	8.69e-12	1.05e-02	1.36e-01	2.65e-01	4.51e-01	1.25e-01	1.15e-02	2.82e-04	8.71e-07	0.00e+00	0.00e+00	0.00e+00	0.00e+00	0.00e+00	0.00e+00
 4.99268e+22	2.30e-11	1.24e-02	1.51e-01	2.80e-01	4.37e-01	1.10e-01	9.34e-03	2.16e-04	6.43e-07	0.00e+00	0.00e+00	0.00e+00	0.00e+00	0.00e+00	0.00e+00
 5.01896e+22	7.14e-11	1.29e-02	1.55e-01	2.84e-01	4.33e-01	1.06e-01	8.81e-03	2.01e-04	5.91e-07	0.00e+00	0.00e+00	0.00e+00	0.00e+00	0.00e+00	0.00e+00
 5.03105e+22	1.01e-10	1.37e-02	1.60e-01	2.89e-01	4.27e-01	1.02e-01	8.16e-03	1.82e-04	5.28e-07	0.00e+00	0.00e+00	0.00e+00	0.00e+00	0.00e+00	0.00e+00
 5.04677e+22	1.49e-10	1.46e-02	1.67e-01	2.95e-01	4.20e-01	9.62e-02	7.49e-03	1.63e-04	4.66e-07	0.00e+00	0.00e+00	0.00e+00	0.00e+00	0.00e+00	0.00e+00
 5.06721e+22	2.01e-10	1.59e-02	1.76e-01	3.02e-01	4.10e-01	8.94e-02	6.66e-03	1.40e-04	3.94e-07	0.00e+00	0.00e+00	0.00e+00	0.00e+00	0.00e+00	0.00e+00
 5.09378e+22	3.23e-10	1.78e-02	1.88e-01	3.11e-01	3.97e-01	8.07e-02	5.66e-03	1.14e-04	3.13e-07	0.00e+00	0.00e+00	0.00e+00	0.00e+00	0.00e+00	0.00e+00
 5.12832e+22	6.52e-10	2.05e-02	2.04e-01	3.22e-01	3.78e-01	7.03e-02	4.56e-03	8.69e-05	2.30e-07	0.00e+00	0.00e+00	0.00e+00	0.00e+00	0.00e+00	0.00e+00
 5.16602e+22	1.03e-09	2.34e-02	2.19e-01	3.31e-01	3.61e-01	6.17e-02	3.73e-03	6.75e-05	1.73e-07	0.00e+00	0.00e+00	0.00e+00	0.00e+00	0.00e+00	0.00e+00
 5.20780e+22	2.17e-09	2.75e-02	2.40e-01	3.41e-01	3.37e-01	5.17e-02	2.85e-03	4.83e-05	1.20e-07	0.00e+00	0.00e+00	0.00e+00	0.00e+00	0.00e+00	0.00e+00
 5.24426e+22	3.60e-09	3.02e-02	2.51e-01	3.46e-01	3.23e-01	4.66e-02	2.43e-03	3.97e-05	0.00e+00	0.00e+00	0.00e+00	0.00e+00	0.00e+00	0.00e+00	0.00e+00
 5.27378e+22	6.91e-09	3.36e-02	2.66e-01	3.51e-01	3.07e-01	4.10e-02	2.00e-03	3.13e-05	0.00e+00	0.00e+00	0.00e+00	0.00e+00	0.00e+00	0.00e+00	0.00e+00
 5.30453e+22	1.03e-08	3.69e-02	2.78e-01	3.54e-01	2.92e-01	3.65e-02	1.69e-03	2.53e-05	0.00e+00	0.00e+00	0.00e+00	0.00e+00	0.00e+00	0.00e+00	0.00e+00
 5.33262e+22	1.53e-08	4.03e-02	2.91e-01	3.57e-01	2.78e-01	3.26e-02	1.42e-03	2.06e-05	0.00e+00	0.00e+00	0.00e+00	0.00e+00	0.00e+00	0.00e+00	0.00e+00
 5.36490e+22	2.39e-08	4.52e-02	3.06e-01	3.59e-01	2.60e-01	2.79e-02	1.14e-03	1.57e-05	0.00e+00	0.00e+00	0.00e+00	0.00e+00	0.00e+00	0.00e+00	0.00e+00
 5.39741e+22	3.42e-08	4.95e-02	3.19e-01	3.60e-01	2.46e-01	2.47e-02	9.48e-04	1.26e-05	0.00e+00	0.00e+00	0.00e+00	0.00e+00	0.00e+00	0.00e+00	0.00e+00
 5.43023e+22	4.77e-08	5.49e-02	3.34e-01	3.60e-01	2.29e-01	2.11e-02	7.57e-04	9.62e-06	0.00e+00	0.00e+00	0.00e+00	0.00e+00	0.00e+00	0.00e+00	0.00e+00
 5.46387e+22	7.27e-08	6.04e-02	3.47e-01	3.59e-01	2.14e-01	1.83e-02	6.18e-04	7.54e-06	0.00e+00	0.00e+00	0.00e+00	0.00e+00	0.00e+00	0.00e+00	0.00e+00
 5.49358e+22	1.21e-07	6.58e-02	3.59e-01	3.58e-01	2.01e-01	1.61e-02	5.10e-04	6.00e-06	0.00e+00	0.00e+00	0.00e+00	0.00e+00	0.00e+00	0.00e+00	0.00e+00
 5.52720e+22	2.23e-07	7.30e-02	3.73e-01	3.55e-01	1.85e-01	1.35e-02	4.00e-04	4.50e-06	0.00e+00	0.00e+00	0.00e+00	0.00e+00	0.00e+00	0.00e+00	0.00e+00
 5.56193e+22	4.21e-07	7.98e-02	3.86e-01	3.51e-01	1.72e-01	1.16e-02	3.23e-04	3.49e-06	0.00e+00	0.00e+00	0.00e+00	0.00e+00	0.00e+00	0.00e+00	0.00e+00
 5.59332e+22	6.28e-07	8.69e-02	3.97e-01	3.47e-01	1.60e-01	1.00e-02	2.62e-04	2.72e-06	0.00e+00	0.00e+00	0.00e+00	0.00e+00	0.00e+00	0.00e+00	0.00e+00
 5.62935e+22	9.33e-07	9.64e-02	4.10e-01	3.40e-01	1.45e-01	8.28e-03	2.00e-04	1.99e-06	0.00e+00	0.00e+00	0.00e+00	0.00e+00	0.00e+00	0.00e+00	0.00e+00
 5.66639e+22	1.28e-06	1.05e-01	4.21e-01	3.34e-01	1.33e-01	7.01e-03	1.59e-04	1.51e-06	0.00e+00	0.00e+00	0.00e+00	0.00e+00	0.00e+00	0.00e+00	0.00e+00
 5.70474e+22	1.81e-06	1.17e-01	4.33e-01	3.25e-01	1.19e-01	5.66e-03	1.18e-04	1.07e-06	0.00e+00	0.00e+00	0.00e+00	0.00e+00	0.00e+00	0.00e+00	0.00e+00
 5.74348e+22	2.33e-06	1.28e-01	4.42e-01	3.17e-01	1.09e-01	4.74e-03	9.26e-05	8.06e-07	0.00e+00	0.00e+00	0.00e+00	0.00e+00	0.00e+00	0.00e+00	0.00e+00
 5.78274e+22	3.08e-06	1.42e-01	4.52e-01	3.06e-01	9.66e-02	3.81e-03	6.86e-05	5.69e-07	0.00e+00	0.00e+00	0.00e+00	0.00e+00	0.00e+00	0.00e+00	0.00e+00
 5.82307e+22	3.95e-06	1.55e-01	4.59e-01	2.96e-01	8.71e-02	3.14e-03	5.28e-05	4.19e-07	0.00e+00	0.00e+00	0.00e+00	0.00e+00	0.00e+00	0.00e+00	0.00e+00
 5.86478e+22	5.07e-06	1.72e-01	4.66e-01	2.84e-01	7.65e-02	2.47e-03	3.82e-05	2.89e-07	0.00e+00	0.00e+00	0.00e+00	0.00e+00	0.00e+00	0.00e+00	0.00e+00
 5.90708e+22	6.25e-06	1.87e-01	4.70e-01	2.73e-01	6.84e-02	2.02e-03	2.92e-05	2.11e-07	0.00e+00	0.00e+00	0.00e+00	0.00e+00	0.00e+00	0.00e+00	0.00e+00
 5.95014e+22	7.99e-06	2.08e-01	4.73e-01	2.58e-01	5.92e-02	1.56e-03	2.06e-05	1.41e-07	0.00e+00	0.00e+00	0.00e+00	0.00e+00	0.00e+00	0.00e+00	0.00e+00
 5.99342e+22	9.51e-06	2.24e-01	4.75e-01	2.47e-01	5.29e-02	1.27e-03	1.58e-05	0.00e+00	0.00e+00	0.00e+00	0.00e+00	0.00e+00	0.00e+00	0.00e+00	0.00e+00
 6.03697e+22	1.18e-05	2.47e-01	4.75e-01	2.32e-01	4.54e-02	9.76e-04	1.11e-05	0.00e+00	0.00e+00	0.00e+00	0.00e+00	0.00e+00	0.00e+00	0.00e+00	0.00e+00
 6.08151e+22	1.40e-05	2.67e-01	4.72e-01	2.20e-01	4.00e-02	7.85e-04	8.37e-06	0.00e+00	0.00e+00	0.00e+00	0.00e+00	0.00e+00	0.00e+00	0.00e+00	0.00e+00
 6.12735e+22	1.72e-05	2.93e-01	4.67e-01	2.05e-01	3.38e-02	5.89e-04	5.77e-06	0.00e+00	0.00e+00	0.00e+00	0.00e+00	0.00e+00	0.00e+00	0.00e+00	0.00e+00
 6.17403e+22	2.02e-05	3.16e-01	4.61e-01	1.93e-01	2.95e-02	4.69e-04	4.29e-06	0.00e+00	0.00e+00	0.00e+00	0.00e+00	0.00e+00	0.00e+00	0.00e+00	0.00e+00
 6.22183e+22	2.46e-05	3.47e-01	4.51e-01	1.77e-01	2.45e-02	3.46e-04	2.90e-06	0.00e+00	0.00e+00	0.00e+00	0.00e+00	0.00e+00	0.00e+00	0.00e+00	0.00e+00
 6.27079e+22	2.86e-05	3.72e-01	4.41e-01	1.65e-01	2.12e-02	2.72e-04	2.13e-06	0.00e+00	0.00e+00	0.00e+00	0.00e+00	0.00e+00	0.00e+00	0.00e+00	0.00e+00
 6.32125e+22	3.48e-05	4.08e-01	4.25e-01	1.50e-01	1.72e-02	1.95e-04	1.40e-06	0.00e+00	0.00e+00	0.00e+00	0.00e+00	0.00e+00	0.00e+00	0.00e+00	0.00e+00
 6.37310e+22	4.02e-05	4.35e-01	4.12e-01	1.38e-01	1.46e-02	1.51e-04	1.01e-06	0.00e+00	0.00e+00	0.00e+00	0.00e+00	0.00e+00	0.00e+00	0.00e+00	0.00e+00
 6.42672e+22	4.87e-05	4.75e-01	3.90e-01	1.23e-01	1.16e-02	1.06e-04	6.43e-07	0.00e+00	0.00e+00	0.00e+00	0.00e+00	0.00e+00	0.00e+00	0.00e+00	0.00e+00
 6.48218e+22	5.66e-05	5.07e-01	3.71e-01	1.12e-01	9.57e-03	8.02e-05	4.48e-07	0.00e+00	0.00e+00	0.00e+00	0.00e+00	0.00e+00	0.00e+00	0.00e+00	0.00e+00
 6.54002e+22	6.83e-05	5.51e-01	3.44e-01	9.79e-02	7.35e-03	5.49e-05	2.74e-07	0.00e+00	0.00e+00	0.00e+00	0.00e+00	0.00e+00	0.00e+00	0.00e+00	0.00e+00
 6.60041e+22	7.97e-05	5.87e-01	3.20e-01	8.72e-02	5.86e-03	4.01e-05	1.82e-07	0.00e+00	0.00e+00	0.00e+00	0.00e+00	0.00e+00	0.00e+00	0.00e+00	0.00e+00
 6.66255e+22	9.58e-05	6.32e-01	2.88e-01	7.48e-02	4.35e-03	2.69e-05	0.00e+00	0.00e+00	0.00e+00	0.00e+00	0.00e+00	0.00e+00	0.00e+00	0.00e+00	0.00e+00
 6.71631e+22	1.06e-04	6.58e-01	2.69e-01	6.86e-02	3.67e-03	2.16e-05	0.00e+00	0.00e+00	0.00e+00	0.00e+00	0.00e+00	0.00e+00	0.00e+00	0.00e+00	0.00e+00
 6.76075e+22	1.20e-04	6.90e-01	2.46e-01	6.10e-02	2.92e-03	1.63e-05	0.00e+00	0.00e+00	0.00e+00	0.00e+00	0.00e+00	0.00e+00	0.00e+00	0.00e+00	0.00e+00
 6.80776e+22	1.34e-04	7.18e-01	2.25e-01	5.46e-02	2.35e-03	1.26e-05	0.00e+00	0.00e+00	0.00e+00	0.00e+00	0.00e+00	0.00e+00	0.00e+00	0.00e+00	0.00e+00
 6.85812e+22	1.54e-04	7.53e-01	1.98e-01	4.72e-02	1.76e-03	9.04e-06	0.00e+00	0.00e+00	0.00e+00	0.00e+00	0.00e+00	0.00e+00	0.00e+00	0.00e+00	0.00e+00
 6.90941e+22	1.71e-04	7.80e-01	1.76e-01	4.17e-02	1.38e-03	6.92e-06	0.00e+00	0.00e+00	0.00e+00	0.00e+00	0.00e+00	0.00e+00	0.00e+00	0.00e+00	0.00e+00
 6.96188e+22	1.95e-04	8.13e-01	1.51e-01	3.54e-02	9.97e-04	4.91e-06	0.00e+00	0.00e+00	0.00e+00	0.00e+00	0.00e+00	0.00e+00	0.00e+00	0.00e+00	0.00e+00
 7.01026e+22	2.12e-04	8.35e-01	1.33e-01	3.14e-02	7.85e-04	3.87e-06	0.00e+00	0.00e+00	0.00e+00	0.00e+00	0.00e+00	0.00e+00	0.00e+00	0.00e+00	0.00e+00
 7.04624e+22	2.28e-04	8.52e-01	1.19e-01	2.82e-02	6.34e-04	3.14e-06	0.00e+00	0.00e+00	0.00e+00	0.00e+00	0.00e+00	0.00e+00	0.00e+00	0.00e+00	0.00e+00
 7.08595e+22	2.47e-04	8.72e-01	1.03e-01	2.44e-02	4.81e-04	2.42e-06	0.00e+00	0.00e+00	0.00e+00	0.00e+00	0.00e+00	0.00e+00	0.00e+00	0.00e+00	0.00e+00
 7.12863e+22	2.66e-04	8.90e-01	8.81e-02	2.10e-02	3.61e-04	1.86e-06	0.00e+00	0.00e+00	0.00e+00	0.00e+00	0.00e+00	0.00e+00	0.00e+00	0.00e+00	0.00e+00
 7.16800e+22	2.83e-04	9.06e-01	7.57e-02	1.81e-02	2.73e-04	1.45e-06	0.00e+00	0.00e+00	0.00e+00	0.00e+00	0.00e+00	0.00e+00	0.00e+00	0.00e+00	0.00e+00
 7.20566e+22	2.98e-04	9.19e-01	6.48e-02	1.54e-02	2.04e-04	1.12e-06	0.00e+00	0.00e+00	0.00e+00	0.00e+00	0.00e+00	0.00e+00	0.00e+00	0.00e+00	0.00e+00
 7.24139e+22	3.11e-04	9.31e-01	5.55e-02	1.31e-02	1.53e-04	8.73e-07	0.00e+00	0.00e+00	0.00e+00	0.00e+00	0.00e+00	0.00e+00	0.00e+00	0.00e+00	0.00e+00
 7.27431e+22	3.20e-04	9.41e-01	4.76e-02	1.11e-02	1.15e-04	6.82e-07	0.00e+00	0.00e+00	0.00e+00	0.00e+00	0.00e+00	0.00e+00	0.00e+00	0.00e+00	0.00e+00
 7.30433e+22	3.26e-04	9.49e-01	4.09e-02	9.34e-03	8.74e-05	5.36e-07	0.00e+00	0.00e+00	0.00e+00	0.00e+00	0.00e+00	0.00e+00	0.00e+00	0.00e+00	0.00e+00
 7.33164e+22	3.28e-04	9.57e-01	3.51e-02	7.88e-03	6.68e-05	4.25e-07	0.00e+00	0.00e+00	0.00e+00	0.00e+00	0.00e+00	0.00e+00	0.00e+00	0.00e+00	0.00e+00
 7.35653e+22	3.28e-04	9.63e-01	3.01e-02	6.64e-03	5.16e-05	3.40e-07	0.00e+00	0.00e+00	0.00e+00	0.00e+00	0.00e+00	0.00e+00	0.00e+00	0.00e+00	0.00e+00
 7.37920e+22	3.24e-04	9.68e-01	2.57e-02	5.62e-03	4.04e-05	2.75e-07	0.00e+00	0.00e+00	0.00e+00	0.00e+00	0.00e+00	0.00e+00	0.00e+00	0.00e+00	0.00e+00
 7.39982e+22	3.18e-04	9.73e-01	2.20e-02	4.79e-03	3.22e-05	2.26e-07	0.00e+00	0.00e+00	0.00e+00	0.00e+00	0.00e+00	0.00e+00	0.00e+00	0.00e+00	0.00e+00
 7.41285e+22	3.10e-04	9.75e-01	2.00e-02	4.38e-03	2.83e-05	2.02e-07	0.00e+00	0.00e+00	0.00e+00	0.00e+00	0.00e+00	0.00e+00	0.00e+00	0.00e+00	0.00e+00
 7.41782e+22	3.08e-04	9.76e-01	1.91e-02	4.22e-03	2.69e-05	1.93e-07	0.00e+00	0.00e+00	0.00e+00	0.00e+00	0.00e+00	0.00e+00	0.00e+00	0.00e+00	0.00e+00
 7.42179e+22	3.06e-04	9.77e-01	1.84e-02	4.08e-03	2.57e-05	1.85e-07	0.00e+00	0.00e+00	0.00e+00	0.00e+00	0.00e+00	0.00e+00	0.00e+00	0.00e+00	0.00e+00
 7.42683e+22	3.04e-04	9.78e-01	1.76e-02	3.91e-03	2.43e-05	1.76e-07	0.00e+00	0.00e+00	0.00e+00	0.00e+00	0.00e+00	0.00e+00	0.00e+00	0.00e+00	0.00e+00
 7.43294e+22	3.01e-04	9.79e-01	1.65e-02	3.71e-03	2.26e-05	1.66e-07	0.00e+00	0.00e+00	0.00e+00	0.00e+00	0.00e+00	0.00e+00	0.00e+00	0.00e+00	0.00e+00
 7.43917e+22	2.97e-04	9.81e-01	1.56e-02	3.53e-03	2.12e-05	1.56e-07	0.00e+00	0.00e+00	0.00e+00	0.00e+00	0.00e+00	0.00e+00	0.00e+00	0.00e+00	0.00e+00
 7.44511e+22	2.94e-04	9.82e-01	1.46e-02	3.36e-03	1.98e-05	1.48e-07	0.00e+00	0.00e+00	0.00e+00	0.00e+00	0.00e+00	0.00e+00	0.00e+00	0.00e+00	0.00e+00
 7.45093e+22	2.89e-04	9.83e-01	1.39e-02	3.21e-03	1.87e-05	1.40e-07	0.00e+00	0.00e+00	0.00e+00	0.00e+00	0.00e+00	0.00e+00	0.00e+00	0.00e+00	0.00e+00
 7.45707e+22	2.85e-04	9.84e-01	1.30e-02	3.05e-03	1.75e-05	1.32e-07	0.00e+00	0.00e+00	0.00e+00	0.00e+00	0.00e+00	0.00e+00	0.00e+00	0.00e+00	0.00e+00
 7.46362e+22	2.80e-04	9.85e-01	1.20e-02	2.89e-03	1.63e-05	0.00e+00	0.00e+00	0.00e+00	0.00e+00	0.00e+00	0.00e+00	0.00e+00	0.00e+00	0.00e+00	0.00e+00
 7.47000e+22	2.75e-04	9.86e-01	1.12e-02	2.75e-03	1.53e-05	0.00e+00	0.00e+00	0.00e+00	0.00e+00	0.00e+00	0.00e+00	0.00e+00	0.00e+00	0.00e+00	0.00e+00
 7.47626e+22	2.70e-04	9.87e-01	1.04e-02	2.62e-03	1.44e-05	0.00e+00	0.00e+00	0.00e+00	0.00e+00	0.00e+00	0.00e+00	0.00e+00	0.00e+00	0.00e+00	0.00e+00
 7.48267e+22	2.65e-04	9.88e-01	9.65e-03	2.49e-03	1.35e-05	0.00e+00	0.00e+00	0.00e+00	0.00e+00	0.00e+00	0.00e+00	0.00e+00	0.00e+00	0.00e+00	0.00e+00
 7.48940e+22	2.59e-04	9.88e-01	8.93e-03	2.37e-03	1.27e-05	0.00e+00	0.00e+00	0.00e+00	0.00e+00	0.00e+00	0.00e+00	0.00e+00	0.00e+00	0.00e+00	0.00e+00
 7.49651e+22	2.52e-04	9.89e-01	8.23e-03	2.25e-03	1.19e-05	0.00e+00	0.00e+00	0.00e+00	0.00e+00	0.00e+00	0.00e+00	0.00e+00	0.00e+00	0.00e+00	0.00e+00
 7.50391e+22	2.45e-04	9.90e-01	7.53e-03	2.13e-03	1.12e-05	0.00e+00	0.00e+00	0.00e+00	0.00e+00	0.00e+00	0.00e+00	0.00e+00	0.00e+00	0.00e+00	0.00e+00
 7.51135e+22	2.38e-04	9.91e-01	6.87e-03	2.02e-03	1.05e-05	0.00e+00	0.00e+00	0.00e+00	0.00e+00	0.00e+00	0.00e+00	0.00e+00	0.00e+00	0.00e+00	0.00e+00
 7.51717e+22	2.32e-04	9.91e-01	6.44e-03	1.95e-03	1.01e-05	0.00e+00	0.00e+00	0.00e+00	0.00e+00	0.00e+00	0.00e+00	0.00e+00	0.00e+00	0.00e+00	0.00e+00
 7.52099e+22	2.28e-04	9.92e-01	6.15e-03	1.91e-03	9.83e-06	0.00e+00	0.00e+00	0.00e+00	0.00e+00	0.00e+00	0.00e+00	0.00e+00	0.00e+00	0.00e+00	0.00e+00
 7.52462e+22	2.25e-04	9.92e-01	5.89e-03	1.86e-03	9.56e-06	0.00e+00	0.00e+00	0.00e+00	0.00e+00	0.00e+00	0.00e+00	0.00e+00	0.00e+00	0.00e+00	0.00e+00
 7.52893e+22	2.21e-04	9.92e-01	5.60e-03	1.81e-03	9.28e-06	0.00e+00	0.00e+00	0.00e+00	0.00e+00	0.00e+00	0.00e+00	0.00e+00	0.00e+00	0.00e+00	0.00e+00
 7.53378e+22	2.16e-04	9.93e-01	5.27e-03	1.76e-03	8.97e-06	0.00e+00	0.00e+00	0.00e+00	0.00e+00	0.00e+00	0.00e+00	0.00e+00	0.00e+00	0.00e+00	0.00e+00
 7.53860e+22	2.12e-04	9.93e-01	4.97e-03	1.71e-03	8.69e-06	0.00e+00	0.00e+00	0.00e+00	0.00e+00	0.00e+00	0.00e+00	0.00e+00	0.00e+00	0.00e+00	0.00e+00
 7.54311e+22	2.08e-04	9.93e-01	4.74e-03	1.67e-03	8.45e-06	0.00e+00	0.00e+00	0.00e+00	0.00e+00	0.00e+00	0.00e+00	0.00e+00	0.00e+00	0.00e+00	0.00e+00
 7.54765e+22	2.04e-04	9.94e-01	4.47e-03	1.63e-03	8.21e-06	0.00e+00	0.00e+00	0.00e+00	0.00e+00	0.00e+00	0.00e+00	0.00e+00	0.00e+00	0.00e+00	0.00e+00
 7.55242e+22	2.00e-04	9.94e-01	4.22e-03	1.58e-03	7.98e-06	0.00e+00	0.00e+00	0.00e+00	0.00e+00	0.00e+00	0.00e+00	0.00e+00	0.00e+00	0.00e+00	0.00e+00
 7.55721e+22	1.96e-04	9.94e-01	3.99e-03	1.54e-03	7.77e-06	0.00e+00	0.00e+00	0.00e+00	0.00e+00	0.00e+00	0.00e+00	0.00e+00	0.00e+00	0.00e+00	0.00e+00
 7.56204e+22	1.92e-04	9.95e-01	3.77e-03	1.51e-03	7.56e-06	0.00e+00	0.00e+00	0.00e+00	0.00e+00	0.00e+00	0.00e+00	0.00e+00	0.00e+00	0.00e+00	0.00e+00
 7.56700e+22	1.88e-04	9.95e-01	3.56e-03	1.47e-03	7.37e-06	0.00e+00	0.00e+00	0.00e+00	0.00e+00	0.00e+00	0.00e+00	0.00e+00	0.00e+00	0.00e+00	0.00e+00
 7.57210e+22	1.84e-04	9.95e-01	3.36e-03	1.43e-03	7.18e-06	0.00e+00	0.00e+00	0.00e+00	0.00e+00	0.00e+00	0.00e+00	0.00e+00	0.00e+00	0.00e+00	0.00e+00
 7.57732e+22	1.80e-04	9.95e-01	3.16e-03	1.40e-03	7.00e-06	0.00e+00	0.00e+00	0.00e+00	0.00e+00	0.00e+00	0.00e+00	0.00e+00	0.00e+00	0.00e+00	0.00e+00
 7.58262e+22	1.77e-04	9.95e-01	2.96e-03	1.37e-03	6.83e-06	0.00e+00	0.00e+00	0.00e+00	0.00e+00	0.00e+00	0.00e+00	0.00e+00	0.00e+00	0.00e+00	0.00e+00
 7.58796e+22	1.73e-04	9.96e-01	2.79e-03	1.33e-03	6.67e-06	0.00e+00	0.00e+00	0.00e+00	0.00e+00	0.00e+00	0.00e+00	0.00e+00	0.00e+00	0.00e+00	0.00e+00
 7.59341e+22	1.70e-04	9.96e-01	2.62e-03	1.30e-03	6.51e-06	0.00e+00	0.00e+00	0.00e+00	0.00e+00	0.00e+00	0.00e+00	0.00e+00	0.00e+00	0.00e+00	0.00e+00
 7.59909e+22	1.66e-04	9.96e-01	2.46e-03	1.27e-03	6.36e-06	0.00e+00	0.00e+00	0.00e+00	0.00e+00	0.00e+00	0.00e+00	0.00e+00	0.00e+00	0.00e+00	0.00e+00
 7.60495e+22	1.63e-04	9.96e-01	2.30e-03	1.24e-03	6.22e-06	0.00e+00	0.00e+00	0.00e+00	0.00e+00	0.00e+00	0.00e+00	0.00e+00	0.00e+00	0.00e+00	0.00e+00
 7.61088e+22	1.59e-04	9.96e-01	2.15e-03	1.22e-03	6.08e-06	0.00e+00	0.00e+00	0.00e+00	0.00e+00	0.00e+00	0.00e+00	0.00e+00	0.00e+00	0.00e+00	0.00e+00
 7.61694e+22	1.56e-04	9.97e-01	2.01e-03	1.19e-03	5.95e-06	0.00e+00	0.00e+00	0.00e+00	0.00e+00	0.00e+00	0.00e+00	0.00e+00	0.00e+00	0.00e+00	0.00e+00
 7.62324e+22	1.53e-04	9.97e-01	1.87e-03	1.16e-03	5.82e-06	0.00e+00	0.00e+00	0.00e+00	0.00e+00	0.00e+00	0.00e+00	0.00e+00	0.00e+00	0.00e+00	0.00e+00
 7.62970e+22	1.50e-04	9.97e-01	1.74e-03	1.13e-03	5.70e-06	0.00e+00	0.00e+00	0.00e+00	0.00e+00	0.00e+00	0.00e+00	0.00e+00	0.00e+00	0.00e+00	0.00e+00
 7.63631e+22	1.47e-04	9.97e-01	1.62e-03	1.11e-03	5.58e-06	0.00e+00	0.00e+00	0.00e+00	0.00e+00	0.00e+00	0.00e+00	0.00e+00	0.00e+00	0.00e+00	0.00e+00
 7.64316e+22	1.44e-04	9.97e-01	1.49e-03	1.08e-03	5.46e-06	0.00e+00	0.00e+00	0.00e+00	0.00e+00	0.00e+00	0.00e+00	0.00e+00	0.00e+00	0.00e+00	0.00e+00
 7.65015e+22	1.42e-04	9.97e-01	1.38e-03	1.06e-03	5.35e-06	0.00e+00	0.00e+00	0.00e+00	0.00e+00	0.00e+00	0.00e+00	0.00e+00	0.00e+00	0.00e+00	0.00e+00
 7.65732e+22	1.39e-04	9.98e-01	1.27e-03	1.03e-03	5.25e-06	0.00e+00	0.00e+00	0.00e+00	0.00e+00	0.00e+00	0.00e+00	0.00e+00	0.00e+00	0.00e+00	0.00e+00
 7.66475e+22	1.37e-04	9.98e-01	1.17e-03	1.01e-03	5.14e-06	0.00e+00	0.00e+00	0.00e+00	0.00e+00	0.00e+00	0.00e+00	0.00e+00	0.00e+00	0.00e+00	0.00e+00
 7.67241e+22	1.34e-04	9.98e-01	1.07e-03	9.87e-04	5.04e-06	0.00e+00	0.00e+00	0.00e+00	0.00e+00	0.00e+00	0.00e+00	0.00e+00	0.00e+00	0.00e+00	0.00e+00
 7.68018e+22	1.32e-04	9.98e-01	9.81e-04	9.65e-04	4.94e-06	0.00e+00	0.00e+00	0.00e+00	0.00e+00	0.00e+00	0.00e+00	0.00e+00	0.00e+00	0.00e+00	0.00e+00
 7.68809e+22	1.30e-04	9.98e-01	8.99e-04	9.43e-04	4.85e-06	0.00e+00	0.00e+00	0.00e+00	0.00e+00	0.00e+00	0.00e+00	0.00e+00	0.00e+00	0.00e+00	0.00e+00
 7.69619e+22	1.28e-04	9.98e-01	8.14e-04	9.22e-04	4.76e-06	0.00e+00	0.00e+00	0.00e+00	0.00e+00	0.00e+00	0.00e+00	0.00e+00	0.00e+00	0.00e+00	0.00e+00
 7.70453e+22	1.27e-04	9.98e-01	7.38e-04	9.02e-04	4.67e-06	0.00e+00	0.00e+00	0.00e+00	0.00e+00	0.00e+00	0.00e+00	0.00e+00	0.00e+00	0.00e+00	0.00e+00
 7.71305e+22	1.25e-04	9.98e-01	6.66e-04	8.82e-04	4.59e-06	0.00e+00	0.00e+00	0.00e+00	0.00e+00	0.00e+00	0.00e+00	0.00e+00	0.00e+00	0.00e+00	0.00e+00
 7.72148e+22	1.24e-04	9.98e-01	5.98e-04	8.63e-04	4.51e-06	0.00e+00	0.00e+00	0.00e+00	0.00e+00	0.00e+00	0.00e+00	0.00e+00	0.00e+00	0.00e+00	0.00e+00
 7.72993e+22	1.23e-04	9.98e-01	5.38e-04	8.45e-04	4.43e-06	0.00e+00	0.00e+00	0.00e+00	0.00e+00	0.00e+00	0.00e+00	0.00e+00	0.00e+00	0.00e+00	0.00e+00
 7.73877e+22	1.22e-04	9.99e-01	4.82e-04	8.27e-04	4.35e-06	0.00e+00	0.00e+00	0.00e+00	0.00e+00	0.00e+00	0.00e+00	0.00e+00	0.00e+00	0.00e+00	0.00e+00
 7.74775e+22	1.21e-04	9.99e-01	4.31e-04	8.09e-04	4.28e-06	0.00e+00	0.00e+00	0.00e+00	0.00e+00	0.00e+00	0.00e+00	0.00e+00	0.00e+00	0.00e+00	0.00e+00
 7.75673e+22	1.21e-04	9.99e-01	3.87e-04	7.93e-04	4.21e-06	0.00e+00	0.00e+00	0.00e+00	0.00e+00	0.00e+00	0.00e+00	0.00e+00	0.00e+00	0.00e+00	0.00e+00
 7.76597e+22	1.20e-04	9.99e-01	3.43e-04	7.76e-04	4.14e-06	0.00e+00	0.00e+00	0.00e+00	0.00e+00	0.00e+00	0.00e+00	0.00e+00	0.00e+00	0.00e+00	0.00e+00
 7.77550e+22	1.20e-04	9.99e-01	3.04e-04	7.60e-04	4.07e-06	0.00e+00	0.00e+00	0.00e+00	0.00e+00	0.00e+00	0.00e+00	0.00e+00	0.00e+00	0.00e+00	0.00e+00
 7.78516e+22	1.20e-04	9.99e-01	2.68e-04	7.44e-04	4.00e-06	0.00e+00	0.00e+00	0.00e+00	0.00e+00	0.00e+00	0.00e+00	0.00e+00	0.00e+00	0.00e+00	0.00e+00
 7.79493e+22	1.21e-04	9.99e-01	2.36e-04	7.28e-04	3.94e-06	0.00e+00	0.00e+00	0.00e+00	0.00e+00	0.00e+00	0.00e+00	0.00e+00	0.00e+00	0.00e+00	0.00e+00
 7.80499e+22	1.22e-04	9.99e-01	2.07e-04	7.13e-04	3.87e-06	0.00e+00	0.00e+00	0.00e+00	0.00e+00	0.00e+00	0.00e+00	0.00e+00	0.00e+00	0.00e+00	0.00e+00
 7.81533e+22	1.23e-04	9.99e-01	1.82e-04	6.98e-04	3.81e-06	0.00e+00	0.00e+00	0.00e+00	0.00e+00	0.00e+00	0.00e+00	0.00e+00	0.00e+00	0.00e+00	0.00e+00
 7.82545e+22	1.24e-04	9.99e-01	1.62e-04	6.84e-04	3.75e-06	0.00e+00	0.00e+00	0.00e+00	0.00e+00	0.00e+00	0.00e+00	0.00e+00	0.00e+00	0.00e+00	0.00e+00
 7.83498e+22	1.25e-04	9.99e-01	1.45e-04	6.72e-04	3.69e-06	0.00e+00	0.00e+00	0.00e+00	0.00e+00	0.00e+00	0.00e+00	0.00e+00	0.00e+00	0.00e+00	0.00e+00
 7.84376e+22	1.27e-04	9.99e-01	1.31e-04	6.61e-04	3.64e-06	0.00e+00	0.00e+00	0.00e+00	0.00e+00	0.00e+00	0.00e+00	0.00e+00	0.00e+00	0.00e+00	0.00e+00
 7.85191e+22	1.29e-04	9.99e-01	1.20e-04	6.51e-04	3.60e-06	0.00e+00	0.00e+00	0.00e+00	0.00e+00	0.00e+00	0.00e+00	0.00e+00	0.00e+00	0.00e+00	0.00e+00
 7.85946e+22	1.31e-04	9.99e-01	1.12e-04	6.43e-04	3.56e-06	0.00e+00	0.00e+00	0.00e+00	0.00e+00	0.00e+00	0.00e+00	0.00e+00	0.00e+00	0.00e+00	0.00e+00
 7.86677e+22	1.33e-04	9.99e-01	1.04e-04	6.34e-04	3.52e-06	0.00e+00	0.00e+00	0.00e+00	0.00e+00	0.00e+00	0.00e+00	0.00e+00	0.00e+00	0.00e+00	0.00e+00
 7.87412e+22	1.35e-04	9.99e-01	9.84e-05	6.25e-04	3.48e-06	0.00e+00	0.00e+00	0.00e+00	0.00e+00	0.00e+00	0.00e+00	0.00e+00	0.00e+00	0.00e+00	0.00e+00
 7.88133e+22	1.37e-04	9.99e-01	9.30e-05	6.17e-04	3.45e-06	0.00e+00	0.00e+00	0.00e+00	0.00e+00	0.00e+00	0.00e+00	0.00e+00	0.00e+00	0.00e+00	0.00e+00
