#depth	O	O+	O+2	O+3	O+4	O+5	O+6	O+7	O+8	O[1]	O[2]	O[3]
 1.54284e+22	2.78e-08	1.85e-04	3.80e-02	3.84e-01	3.51e-01	1.66e-01	6.07e-02	1.13e-03	5.27e-06	2.78e-08	9.38e-17	1.13e-16
 3.56703e+22	9.89e-08	4.48e-04	6.54e-02	4.69e-01	3.17e-01	1.16e-01	3.17e-02	4.17e-04	1.38e-06	9.89e-08	3.84e-16	4.63e-16
 4.28905e+22	1.81e-07	6.77e-04	8.34e-02	5.05e-01	2.94e-01	9.44e-02	2.25e-02	2.48e-04	6.92e-07	1.81e-07	7.64e-16	9.21e-16
 4.72226e+22	2.90e-07	9.30e-04	1.00e-01	5.29e-01	2.74e-01	7.93e-02	1.69e-02	1.63e-04	3.96e-07	2.90e-07	1.30e-15	1.57e-15
 4.99343e+22	3.52e-07	1.06e-03	1.08e-01	5.38e-01	2.65e-01	7.35e-02	1.50e-02	1.36e-04	3.13e-07	3.52e-07	1.62e-15	1.95e-15
 5.17429e+22	4.48e-07	1.24e-03	1.18e-01	5.48e-01	2.54e-01	6.67e-02	1.29e-02	1.09e-04	2.33e-07	4.48e-07	2.12e-15	2.55e-15
 5.36707e+22	5.56e-07	1.43e-03	1.27e-01	5.56e-01	2.43e-01	6.10e-02	1.12e-02	8.82e-05	1.77e-07	5.56e-07	2.71e-15	3.25e-15
 5.54783e+22	6.85e-07	1.65e-03	1.37e-01	5.62e-01	2.33e-01	5.57e-02	9.73e-03	7.19e-05	1.35e-07	6.85e-07	3.43e-15	4.12e-15
 5.72222e+22	8.35e-07	1.88e-03	1.47e-01	5.68e-01	2.24e-01	5.10e-02	8.51e-03	5.90e-05	0.00e+00	8.35e-07	4.28e-15	5.14e-15
 5.88193e+22	9.97e-07	2.11e-03	1.56e-01	5.72e-01	2.15e-01	4.70e-02	7.52e-03	4.93e-05	0.00e+00	9.97e-07	5.23e-15	6.27e-15
 6.05559e+22	1.24e-06	2.44e-03	1.69e-01	5.76e-01	2.04e-01	4.24e-02	6.44e-03	3.93e-05	0.00e+00	1.24e-06	6.71e-15	8.03e-15
 6.23136e+22	1.48e-06	2.73e-03	1.79e-01	5.78e-01	1.96e-01	3.89e-02	5.67e-03	3.27e-05	0.00e+00	1.48e-06	8.19e-15	9.80e-15
 6.38650e+22	1.76e-06	3.06e-03	1.90e-01	5.79e-01	1.87e-01	3.57e-02	4.99e-03	2.71e-05	0.00e+00	1.76e-06	9.97e-15	1.19e-14
 6.56480e+22	2.19e-06	3.53e-03	2.03e-01	5.80e-01	1.77e-01	3.20e-02	4.25e-03	2.15e-05	0.00e+00	2.19e-06	1.28e-14	1.52e-14
 6.74523e+22	2.62e-06	3.96e-03	2.16e-01	5.79e-01	1.69e-01	2.91e-02	3.70e-03	1.76e-05	0.00e+00	2.62e-06	1.57e-14	1.87e-14
 6.90273e+22	3.11e-06	4.43e-03	2.27e-01	5.78e-01	1.60e-01	2.66e-02	3.24e-03	1.45e-05	0.00e+00	3.11e-06	1.90e-14	2.27e-14
 7.08176e+22	3.86e-06	5.10e-03	2.43e-01	5.75e-01	1.50e-01	2.36e-02	2.73e-03	1.13e-05	0.00e+00	3.86e-06	2.44e-14	2.91e-14
 7.26285e+22	4.58e-06	5.69e-03	2.56e-01	5.72e-01	1.43e-01	2.14e-02	2.38e-03	9.30e-06	0.00e+00	4.58e-06	2.97e-14	3.54e-14
 7.44659e+22	5.67e-06	6.53e-03	2.73e-01	5.66e-01	1.33e-01	1.89e-02	2.00e-03	7.22e-06	0.00e+00	5.67e-06	3.81e-14	4.53e-14
 7.63313e+22	6.79e-06	7.33e-03	2.88e-01	5.60e-01	1.25e-01	1.70e-02	1.71e-03	5.81e-06	0.00e+00	6.79e-06	4.69e-14	5.57e-14
 7.79637e+22	8.01e-06	8.15e-03	3.02e-01	5.54e-01	1.18e-01	1.53e-02	1.49e-03	4.74e-06	0.00e+00	8.01e-06	5.69e-14	6.75e-14
 7.98164e+22	9.83e-06	9.30e-03	3.20e-01	5.46e-01	1.10e-01	1.35e-02	1.24e-03	3.67e-06	0.00e+00	9.83e-06	7.24e-14	8.58e-14
 8.17356e+22	1.18e-05	1.05e-02	3.37e-01	5.37e-01	1.03e-01	1.20e-02	1.05e-03	2.90e-06	0.00e+00	1.18e-05	8.97e-14	1.06e-13
 8.34334e+22	1.40e-05	1.16e-02	3.52e-01	5.28e-01	9.62e-02	1.07e-02	9.07e-04	2.33e-06	0.00e+00	1.40e-05	1.09e-13	1.29e-13
 8.53328e+22	1.72e-05	1.33e-02	3.72e-01	5.16e-01	8.85e-02	9.30e-03	7.48e-04	1.77e-06	0.00e+00	1.72e-05	1.39e-13	1.65e-13
 8.72987e+22	2.05e-05	1.48e-02	3.90e-01	5.04e-01	8.21e-02	8.21e-03	6.31e-04	1.39e-06	0.00e+00	2.05e-05	1.72e-13	2.04e-13
 8.93512e+22	2.56e-05	1.71e-02	4.12e-01	4.89e-01	7.47e-02	7.00e-03	5.10e-04	1.03e-06	0.00e+00	2.56e-05	2.24e-13	2.65e-13
 9.14295e+22	3.07e-05	1.91e-02	4.30e-01	4.75e-01	6.87e-02	6.12e-03	4.25e-04	7.95e-07	0.00e+00	3.07e-05	2.77e-13	3.28e-13
 9.32538e+22	3.64e-05	2.13e-02	4.48e-01	4.62e-01	6.34e-02	5.37e-03	3.57e-04	6.20e-07	0.00e+00	3.64e-05	3.40e-13	4.03e-13
 9.53379e+22	4.51e-05	2.44e-02	4.70e-01	4.44e-01	5.71e-02	4.54e-03	2.85e-04	4.52e-07	0.00e+00	4.51e-05	4.41e-13	5.22e-13
 9.74925e+22	5.41e-05	2.73e-02	4.89e-01	4.27e-01	5.21e-02	3.91e-03	2.35e-04	3.43e-07	0.00e+00	5.41e-05	5.49e-13	6.49e-13
 9.94355e+22	6.45e-05	3.04e-02	5.07e-01	4.11e-01	4.75e-02	3.38e-03	1.94e-04	2.61e-07	0.00e+00	6.45e-05	6.79e-13	8.02e-13
 1.01098e+23	7.31e-05	3.29e-02	5.21e-01	3.99e-01	4.43e-02	3.03e-03	1.68e-04	2.14e-07	0.00e+00	7.31e-05	7.92e-13	9.35e-13
 1.02700e+23	8.57e-05	3.63e-02	5.37e-01	3.84e-01	4.05e-02	2.64e-03	1.40e-04	1.66e-07	0.00e+00	8.57e-05	9.62e-13	1.13e-12
 1.04337e+23	9.76e-05	3.93e-02	5.50e-01	3.71e-01	3.75e-02	2.34e-03	1.20e-04	1.34e-07	0.00e+00	9.76e-05	1.13e-12	1.33e-12
 1.06017e+23	1.14e-04	4.33e-02	5.66e-01	3.54e-01	3.42e-02	2.03e-03	9.95e-05	0.00e+00	0.00e+00	1.14e-04	1.37e-12	1.62e-12
 1.07731e+23	1.31e-04	4.70e-02	5.79e-01	3.40e-01	3.14e-02	1.78e-03	8.42e-05	0.00e+00	0.00e+00	1.31e-04	1.62e-12	1.91e-12
 1.09235e+23	1.48e-04	5.07e-02	5.91e-01	3.27e-01	2.90e-02	1.58e-03	7.20e-05	0.00e+00	0.00e+00	1.48e-04	1.90e-12	2.23e-12
 1.10936e+23	1.74e-04	5.58e-02	6.06e-01	3.11e-01	2.62e-02	1.35e-03	5.91e-05	0.00e+00	0.00e+00	1.74e-04	2.32e-12	2.71e-12
 1.12687e+23	1.99e-04	6.06e-02	6.18e-01	2.96e-01	2.39e-02	1.18e-03	4.97e-05	0.00e+00	0.00e+00	1.99e-04	2.74e-12	3.21e-12
 1.14253e+23	2.26e-04	6.55e-02	6.29e-01	2.83e-01	2.19e-02	1.03e-03	4.19e-05	0.00e+00	0.00e+00	2.26e-04	3.23e-12	3.77e-12
 1.16041e+23	2.67e-04	7.24e-02	6.42e-01	2.65e-01	1.95e-02	8.66e-04	3.37e-05	0.00e+00	0.00e+00	2.67e-04	3.99e-12	4.64e-12
 1.17856e+23	3.04e-04	7.83e-02	6.51e-01	2.52e-01	1.77e-02	7.51e-04	2.81e-05	0.00e+00	0.00e+00	3.04e-04	4.71e-12	5.47e-12
 1.19709e+23	3.58e-04	8.64e-02	6.62e-01	2.35e-01	1.57e-02	6.25e-04	2.24e-05	0.00e+00	0.00e+00	3.58e-04	5.82e-12	6.74e-12
 1.21603e+23	4.11e-04	9.36e-02	6.71e-01	2.21e-01	1.41e-02	5.35e-04	1.84e-05	0.00e+00	0.00e+00	4.11e-04	6.94e-12	8.01e-12
 1.23551e+23	4.84e-04	1.03e-01	6.79e-01	2.04e-01	1.23e-02	4.40e-04	1.44e-05	0.00e+00	0.00e+00	4.84e-04	8.61e-12	9.90e-12
 1.25557e+23	5.59e-04	1.12e-01	6.86e-01	1.90e-01	1.09e-02	3.70e-04	1.16e-05	0.00e+00	0.00e+00	5.59e-04	1.04e-11	1.19e-11
 1.27356e+23	6.39e-04	1.22e-01	6.91e-01	1.77e-01	9.76e-03	3.13e-04	9.46e-06	0.00e+00	0.00e+00	6.39e-04	1.24e-11	1.41e-11
 1.29408e+23	7.55e-04	1.34e-01	6.95e-01	1.61e-01	8.43e-03	2.52e-04	7.28e-06	0.00e+00	0.00e+00	7.55e-04	1.55e-11	1.76e-11
 1.31523e+23	8.70e-04	1.45e-01	6.98e-01	1.49e-01	7.40e-03	2.09e-04	5.78e-06	0.00e+00	0.00e+00	8.70e-04	1.87e-11	2.12e-11
 1.33428e+23	9.99e-04	1.57e-01	6.98e-01	1.37e-01	6.50e-03	1.73e-04	4.60e-06	0.00e+00	0.00e+00	9.99e-04	2.25e-11	2.53e-11
 1.35610e+23	1.19e-03	1.74e-01	6.97e-01	1.22e-01	5.50e-03	1.36e-04	3.43e-06	0.00e+00	0.00e+00	1.19e-03	2.85e-11	3.19e-11
 1.37827e+23	1.36e-03	1.87e-01	6.95e-01	1.11e-01	4.78e-03	1.11e-04	2.69e-06	0.00e+00	0.00e+00	1.36e-03	3.42e-11	3.81e-11
 1.40088e+23	1.62e-03	2.07e-01	6.89e-01	9.85e-02	4.00e-03	8.59e-05	1.98e-06	0.00e+00	0.00e+00	1.62e-03	4.32e-11	4.79e-11
 1.42398e+23	1.85e-03	2.22e-01	6.83e-01	8.88e-02	3.45e-03	6.94e-05	1.54e-06	0.00e+00	0.00e+00	1.85e-03	5.20e-11	5.73e-11
 1.44768e+23	2.21e-03	2.45e-01	6.73e-01	7.73e-02	2.85e-03	5.24e-05	1.10e-06	0.00e+00	0.00e+00	2.21e-03	6.60e-11	7.24e-11
 1.47192e+23	2.53e-03	2.63e-01	6.63e-01	6.88e-02	2.42e-03	4.15e-05	8.40e-07	0.00e+00	0.00e+00	2.53e-03	7.96e-11	8.70e-11
 1.49685e+23	3.03e-03	2.90e-01	6.46e-01	5.88e-02	1.96e-03	3.06e-05	5.89e-07	0.00e+00	0.00e+00	3.03e-03	1.02e-10	1.11e-10
 1.52231e+23	3.47e-03	3.11e-01	6.32e-01	5.16e-02	1.66e-03	2.39e-05	4.42e-07	0.00e+00	0.00e+00	3.47e-03	1.23e-10	1.33e-10
 1.54848e+23	4.15e-03	3.41e-01	6.10e-01	4.32e-02	1.32e-03	1.71e-05	3.02e-07	0.00e+00	0.00e+00	4.15e-03	1.58e-10	1.70e-10
 1.57558e+23	4.76e-03	3.65e-01	5.92e-01	3.72e-02	1.10e-03	1.30e-05	2.22e-07	0.00e+00	0.00e+00	4.76e-03	1.92e-10	2.06e-10
 1.60389e+23	5.73e-03	4.00e-01	5.63e-01	3.02e-02	8.51e-04	8.92e-06	1.46e-07	0.00e+00	0.00e+00	5.73e-03	2.49e-10	2.66e-10
 1.63329e+23	6.59e-03	4.28e-01	5.39e-01	2.55e-02	6.94e-04	6.56e-06	0.00e+00	0.00e+00	0.00e+00	6.59e-03	3.05e-10	3.25e-10
 1.66409e+23	7.99e-03	4.68e-01	5.04e-01	1.99e-02	5.24e-04	4.28e-06	0.00e+00	0.00e+00	0.00e+00	7.99e-03	4.01e-10	4.26e-10
 1.69642e+23	9.28e-03	5.01e-01	4.74e-01	1.61e-02	4.14e-04	2.98e-06	0.00e+00	0.00e+00	0.00e+00	9.28e-03	4.99e-10	5.29e-10
 1.72978e+23	1.12e-02	5.43e-01	4.33e-01	1.22e-02	3.07e-04	1.87e-06	0.00e+00	0.00e+00	0.00e+00	1.12e-02	6.56e-10	6.95e-10
 1.76429e+23	1.31e-02	5.78e-01	3.99e-01	9.49e-03	2.37e-04	1.24e-06	0.00e+00	0.00e+00	0.00e+00	1.31e-02	8.24e-10	8.71e-10
 1.79215e+23	1.46e-02	6.03e-01	3.74e-01	7.86e-03	1.96e-04	9.11e-07	0.00e+00	0.00e+00	0.00e+00	1.46e-02	9.67e-10	1.02e-09
 1.81927e+23	1.69e-02	6.38e-01	3.39e-01	6.03e-03	1.51e-04	5.97e-07	0.00e+00	0.00e+00	0.00e+00	1.69e-02	1.21e-09	1.27e-09
 1.84716e+23	1.90e-02	6.64e-01	3.12e-01	4.84e-03	1.22e-04	4.23e-07	0.00e+00	0.00e+00	0.00e+00	1.90e-02	1.43e-09	1.51e-09
 1.87606e+23	2.22e-02	6.98e-01	2.76e-01	3.56e-03	9.20e-05	2.62e-07	0.00e+00	0.00e+00	0.00e+00	2.22e-02	1.80e-09	1.89e-09
 1.90607e+23	2.51e-02	7.25e-01	2.47e-01	2.72e-03	7.23e-05	1.74e-07	0.00e+00	0.00e+00	0.00e+00	2.51e-02	2.16e-09	2.27e-09
 1.93753e+23	2.97e-02	7.58e-01	2.11e-01	1.88e-03	5.23e-05	0.00e+00	0.00e+00	0.00e+00	0.00e+00	2.97e-02	2.76e-09	2.91e-09
 1.97022e+23	3.42e-02	7.82e-01	1.82e-01	1.35e-03	3.94e-05	0.00e+00	0.00e+00	0.00e+00	0.00e+00	3.42e-02	3.38e-09	3.55e-09
 1.99621e+23	3.80e-02	7.99e-01	1.62e-01	1.04e-03	3.16e-05	0.00e+00	0.00e+00	0.00e+00	0.00e+00	3.80e-02	3.94e-09	4.11e-09
 2.02167e+23	4.38e-02	8.19e-01	1.37e-01	7.30e-04	2.37e-05	0.00e+00	0.00e+00	0.00e+00	0.00e+00	4.38e-02	4.81e-09	4.99e-09
 2.04812e+23	4.98e-02	8.33e-01	1.17e-01	5.26e-04	1.82e-05	0.00e+00	0.00e+00	0.00e+00	0.00e+00	4.98e-02	5.74e-09	5.92e-09
 2.07148e+23	5.64e-02	8.44e-01	9.91e-02	3.82e-04	1.40e-05	0.00e+00	0.00e+00	0.00e+00	0.00e+00	5.64e-02	6.81e-09	6.99e-09
 2.09744e+23	6.61e-02	8.54e-01	7.95e-02	2.51e-04	1.00e-05	0.00e+00	0.00e+00	0.00e+00	0.00e+00	6.61e-02	8.48e-09	8.68e-09
 2.12484e+23	7.78e-02	8.59e-01	6.30e-02	1.64e-04	7.10e-06	0.00e+00	0.00e+00	0.00e+00	0.00e+00	7.78e-02	1.05e-08	1.07e-08
 2.14907e+23	9.11e-02	8.59e-01	4.99e-02	1.09e-04	5.09e-06	0.00e+00	0.00e+00	0.00e+00	0.00e+00	9.11e-02	1.29e-08	1.31e-08
 2.17181e+23	1.07e-01	8.54e-01	3.88e-02	7.16e-05	3.58e-06	0.00e+00	0.00e+00	0.00e+00	0.00e+00	1.07e-01	1.59e-08	1.62e-08
 2.19376e+23	1.28e-01	8.43e-01	2.95e-02	4.66e-05	2.47e-06	0.00e+00	0.00e+00	0.00e+00	0.00e+00	1.28e-01	1.97e-08	2.01e-08
 2.21433e+23	1.52e-01	8.26e-01	2.21e-02	3.05e-05	1.68e-06	0.00e+00	0.00e+00	0.00e+00	0.00e+00	1.52e-01	2.43e-08	2.48e-08
 2.23330e+23	1.81e-01	8.02e-01	1.63e-02	2.02e-05	1.13e-06	0.00e+00	0.00e+00	0.00e+00	0.00e+00	1.81e-01	2.97e-08	3.05e-08
 2.25076e+23	2.15e-01	7.73e-01	1.20e-02	1.36e-05	7.51e-07	0.00e+00	0.00e+00	0.00e+00	0.00e+00	2.15e-01	3.60e-08	3.71e-08
 2.26146e+23	2.38e-01	7.52e-01	1.00e-02	1.10e-05	6.00e-07	0.00e+00	0.00e+00	0.00e+00	0.00e+00	2.38e-01	3.98e-08	4.11e-08
 2.26498e+23	2.47e-01	7.44e-01	9.39e-03	1.02e-05	5.52e-07	0.00e+00	0.00e+00	0.00e+00	0.00e+00	2.47e-01	4.12e-08	4.26e-08
 2.26767e+23	2.54e-01	7.37e-01	8.87e-03	9.54e-06	5.12e-07	0.00e+00	0.00e+00	0.00e+00	0.00e+00	2.54e-01	4.25e-08	4.40e-08
 2.27112e+23	2.64e-01	7.28e-01	8.22e-03	8.75e-06	4.63e-07	0.00e+00	0.00e+00	0.00e+00	0.00e+00	2.64e-01	4.42e-08	4.58e-08
 2.27514e+23	2.76e-01	7.16e-01	7.51e-03	7.90e-06	4.10e-07	0.00e+00	0.00e+00	0.00e+00	0.00e+00	2.76e-01	4.62e-08	4.80e-08
 2.27905e+23	2.87e-01	7.06e-01	6.93e-03	7.24e-06	3.70e-07	0.00e+00	0.00e+00	0.00e+00	0.00e+00	2.87e-01	4.81e-08	5.00e-08
 2.28292e+23	3.00e-01	6.94e-01	6.34e-03	6.57e-06	3.29e-07	0.00e+00	0.00e+00	0.00e+00	0.00e+00	3.00e-01	5.02e-08	5.22e-08
 2.28688e+23	3.12e-01	6.82e-01	5.81e-03	5.99e-06	2.93e-07	0.00e+00	0.00e+00	0.00e+00	0.00e+00	3.12e-01	5.22e-08	5.44e-08
 2.29081e+23	3.26e-01	6.69e-01	5.30e-03	5.44e-06	2.60e-07	0.00e+00	0.00e+00	0.00e+00	0.00e+00	3.26e-01	5.43e-08	5.66e-08
 2.29475e+23	3.41e-01	6.55e-01	4.82e-03	4.93e-06	2.29e-07	0.00e+00	0.00e+00	0.00e+00	0.00e+00	3.41e-01	5.65e-08	5.88e-08
 2.29853e+23	3.54e-01	6.41e-01	4.41e-03	4.51e-06	2.04e-07	0.00e+00	0.00e+00	0.00e+00	0.00e+00	3.54e-01	5.85e-08	6.09e-08
 2.30229e+23	3.69e-01	6.27e-01	4.01e-03	4.11e-06	1.80e-07	0.00e+00	0.00e+00	0.00e+00	0.00e+00	3.69e-01	6.05e-08	6.30e-08
 2.30618e+23	3.84e-01	6.12e-01	3.64e-03	3.73e-06	1.59e-07	0.00e+00	0.00e+00	0.00e+00	0.00e+00	3.84e-01	6.26e-08	6.51e-08
 2.31012e+23	4.00e-01	5.97e-01	3.30e-03	3.40e-06	1.39e-07	0.00e+00	0.00e+00	0.00e+00	0.00e+00	4.00e-01	6.47e-08	6.72e-08
 2.31413e+23	4.17e-01	5.80e-01	2.98e-03	3.08e-06	0.00e+00	0.00e+00	0.00e+00	0.00e+00	0.00e+00	4.17e-01	6.68e-08	6.94e-08
 2.31814e+23	4.34e-01	5.63e-01	2.68e-03	2.79e-06	0.00e+00	0.00e+00	0.00e+00	0.00e+00	0.00e+00	4.34e-01	6.88e-08	7.14e-08
 2.32211e+23	4.51e-01	5.46e-01	2.41e-03	2.53e-06	0.00e+00	0.00e+00	0.00e+00	0.00e+00	0.00e+00	4.51e-01	7.07e-08	7.34e-08
 2.32616e+23	4.69e-01	5.29e-01	2.16e-03	2.30e-06	0.00e+00	0.00e+00	0.00e+00	0.00e+00	0.00e+00	4.69e-01	7.26e-08	7.53e-08
 2.33034e+23	4.88e-01	5.10e-01	1.93e-03	2.07e-06	0.00e+00	0.00e+00	0.00e+00	0.00e+00	0.00e+00	4.88e-01	7.44e-08	7.71e-08
 2.33463e+23	5.07e-01	4.91e-01	1.72e-03	1.87e-06	0.00e+00	0.00e+00	0.00e+00	0.00e+00	0.00e+00	5.07e-01	7.60e-08	7.88e-08
 2.33898e+23	5.26e-01	4.72e-01	1.53e-03	1.69e-06	0.00e+00	0.00e+00	0.00e+00	0.00e+00	0.00e+00	5.26e-01	7.76e-08	8.05e-08
 2.34359e+23	5.47e-01	4.52e-01	1.34e-03	1.51e-06	0.00e+00	0.00e+00	0.00e+00	0.00e+00	0.00e+00	5.47e-01	7.91e-08	8.20e-08
 2.34835e+23	5.68e-01	4.30e-01	1.18e-03	1.35e-06	0.00e+00	0.00e+00	0.00e+00	0.00e+00	0.00e+00	5.68e-01	8.04e-08	8.32e-08
 2.35302e+23	5.89e-01	4.10e-01	1.03e-03	1.21e-06	0.00e+00	0.00e+00	0.00e+00	0.00e+00	0.00e+00	5.89e-01	8.14e-08	8.42e-08
 2.35679e+23	6.04e-01	3.95e-01	9.34e-04	1.12e-06	0.00e+00	0.00e+00	0.00e+00	0.00e+00	0.00e+00	6.04e-01	8.20e-08	8.48e-08
 2.35942e+23	6.15e-01	3.84e-01	8.70e-04	1.06e-06	0.00e+00	0.00e+00	0.00e+00	0.00e+00	0.00e+00	6.15e-01	8.23e-08	8.51e-08
 2.36196e+23	6.26e-01	3.73e-01	8.09e-04	9.96e-07	0.00e+00	0.00e+00	0.00e+00	0.00e+00	0.00e+00	6.26e-01	8.27e-08	8.54e-08
 2.36481e+23	6.38e-01	3.62e-01	7.47e-04	9.33e-07	0.00e+00	0.00e+00	0.00e+00	0.00e+00	0.00e+00	6.38e-01	8.30e-08	8.57e-08
 2.36786e+23	6.50e-01	3.49e-01	6.85e-04	8.72e-07	0.00e+00	0.00e+00	0.00e+00	0.00e+00	0.00e+00	6.50e-01	8.32e-08	8.59e-08
 2.37087e+23	6.61e-01	3.38e-01	6.32e-04	8.18e-07	0.00e+00	0.00e+00	0.00e+00	0.00e+00	0.00e+00	6.61e-01	8.34e-08	8.61e-08
 2.37385e+23	6.73e-01	3.27e-01	5.81e-04	7.66e-07	0.00e+00	0.00e+00	0.00e+00	0.00e+00	0.00e+00	6.73e-01	8.35e-08	8.61e-08
 2.37688e+23	6.84e-01	3.15e-01	5.35e-04	7.18e-07	0.00e+00	0.00e+00	0.00e+00	0.00e+00	0.00e+00	6.84e-01	8.35e-08	8.61e-08
 2.37989e+23	6.95e-01	3.05e-01	4.93e-04	6.74e-07	0.00e+00	0.00e+00	0.00e+00	0.00e+00	0.00e+00	6.95e-01	8.35e-08	8.60e-08
 2.38293e+23	7.05e-01	2.94e-01	4.53e-04	6.33e-07	0.00e+00	0.00e+00	0.00e+00	0.00e+00	0.00e+00	7.05e-01	8.34e-08	8.59e-08
 2.38605e+23	7.16e-01	2.84e-01	4.17e-04	5.94e-07	0.00e+00	0.00e+00	0.00e+00	0.00e+00	0.00e+00	7.16e-01	8.32e-08	8.57e-08
 2.38924e+23	7.26e-01	2.74e-01	3.83e-04	5.57e-07	0.00e+00	0.00e+00	0.00e+00	0.00e+00	0.00e+00	7.26e-01	8.30e-08	8.54e-08
 2.39248e+23	7.36e-01	2.64e-01	3.51e-04	5.22e-07	0.00e+00	0.00e+00	0.00e+00	0.00e+00	0.00e+00	7.36e-01	8.27e-08	8.49e-08
 2.39576e+23	7.46e-01	2.54e-01	3.22e-04	4.90e-07	0.00e+00	0.00e+00	0.00e+00	0.00e+00	0.00e+00	7.46e-01	8.24e-08	8.44e-08
 2.39903e+23	7.55e-01	2.44e-01	2.96e-04	4.60e-07	0.00e+00	0.00e+00	0.00e+00	0.00e+00	0.00e+00	7.55e-01	8.20e-08	8.39e-08
 2.40235e+23	7.64e-01	2.35e-01	2.71e-04	4.32e-07	0.00e+00	0.00e+00	0.00e+00	0.00e+00	0.00e+00	7.64e-01	8.16e-08	8.34e-08
 2.40580e+23	7.73e-01	2.26e-01	2.48e-04	4.06e-07	0.00e+00	0.00e+00	0.00e+00	0.00e+00	0.00e+00	7.73e-01	8.12e-08	8.28e-08
 2.40934e+23	7.82e-01	2.18e-01	2.27e-04	3.80e-07	0.00e+00	0.00e+00	0.00e+00	0.00e+00	0.00e+00	7.82e-01	8.07e-08	8.21e-08
 2.41290e+23	7.91e-01	2.09e-01	2.08e-04	3.57e-07	0.00e+00	0.00e+00	0.00e+00	0.00e+00	0.00e+00	7.91e-01	8.02e-08	8.15e-08
 2.41650e+23	7.99e-01	2.01e-01	1.90e-04	3.36e-07	0.00e+00	0.00e+00	0.00e+00	0.00e+00	0.00e+00	7.99e-01	7.97e-08	8.08e-08
 2.42024e+23	8.07e-01	1.93e-01	1.74e-04	3.15e-07	0.00e+00	0.00e+00	0.00e+00	0.00e+00	0.00e+00	8.07e-01	7.92e-08	8.01e-08
 2.42408e+23	8.15e-01	1.85e-01	1.58e-04	2.95e-07	0.00e+00	0.00e+00	0.00e+00	0.00e+00	0.00e+00	8.15e-01	7.86e-08	7.93e-08
 2.42797e+23	8.22e-01	1.78e-01	1.45e-04	2.78e-07	0.00e+00	0.00e+00	0.00e+00	0.00e+00	0.00e+00	8.22e-01	7.81e-08	7.87e-08
 2.43199e+23	8.29e-01	1.71e-01	1.32e-04	2.61e-07	0.00e+00	0.00e+00	0.00e+00	0.00e+00	0.00e+00	8.29e-01	7.76e-08	7.79e-08
 2.43619e+23	8.36e-01	1.64e-01	1.20e-04	2.44e-07	0.00e+00	0.00e+00	0.00e+00	0.00e+00	0.00e+00	8.36e-01	7.70e-08	7.72e-08
 2.44043e+23	8.43e-01	1.57e-01	1.09e-04	2.29e-07	0.00e+00	0.00e+00	0.00e+00	0.00e+00	0.00e+00	8.43e-01	7.64e-08	7.63e-08
 2.44468e+23	8.50e-01	1.50e-01	9.96e-05	2.15e-07	0.00e+00	0.00e+00	0.00e+00	0.00e+00	0.00e+00	8.50e-01	7.58e-08	7.55e-08
 2.44903e+23	8.56e-01	1.44e-01	9.07e-05	2.02e-07	0.00e+00	0.00e+00	0.00e+00	0.00e+00	0.00e+00	8.56e-01	7.53e-08	7.48e-08
 2.45352e+23	8.62e-01	1.38e-01	8.26e-05	1.90e-07	0.00e+00	0.00e+00	0.00e+00	0.00e+00	0.00e+00	8.62e-01	7.47e-08	7.40e-08
 2.45817e+23	8.68e-01	1.32e-01	7.51e-05	1.78e-07	0.00e+00	0.00e+00	0.00e+00	0.00e+00	0.00e+00	8.68e-01	7.42e-08	7.33e-08
 2.46296e+23	8.73e-01	1.27e-01	6.84e-05	1.67e-07	0.00e+00	0.00e+00	0.00e+00	0.00e+00	0.00e+00	8.73e-01	7.37e-08	7.26e-08
 2.46778e+23	8.79e-01	1.21e-01	6.23e-05	1.56e-07	0.00e+00	0.00e+00	0.00e+00	0.00e+00	0.00e+00	8.79e-01	7.32e-08	7.18e-08
 2.47263e+23	8.84e-01	1.16e-01	5.69e-05	1.47e-07	0.00e+00	0.00e+00	0.00e+00	0.00e+00	0.00e+00	8.84e-01	7.27e-08	7.11e-08
 2.47757e+23	8.89e-01	1.11e-01	5.20e-05	1.38e-07	0.00e+00	0.00e+00	0.00e+00	0.00e+00	0.00e+00	8.89e-01	7.23e-08	7.04e-08
 2.48257e+23	8.94e-01	1.06e-01	4.77e-05	1.30e-07	0.00e+00	0.00e+00	0.00e+00	0.00e+00	0.00e+00	8.94e-01	7.18e-08	6.97e-08
 2.48761e+23	8.98e-01	1.02e-01	4.38e-05	0.00e+00	0.00e+00	0.00e+00	0.00e+00	0.00e+00	0.00e+00	8.98e-01	7.15e-08	6.91e-08
 2.49268e+23	9.02e-01	9.79e-02	4.03e-05	0.00e+00	0.00e+00	0.00e+00	0.00e+00	0.00e+00	0.00e+00	9.02e-01	7.11e-08	6.85e-08
 2.49780e+23	9.06e-01	9.40e-02	3.72e-05	0.00e+00	0.00e+00	0.00e+00	0.00e+00	0.00e+00	0.00e+00	9.06e-01	7.08e-08	6.79e-08
 2.50303e+23	9.10e-01	9.01e-02	3.44e-05	0.00e+00	0.00e+00	0.00e+00	0.00e+00	0.00e+00	0.00e+00	9.10e-01	7.05e-08	6.74e-08
 2.50840e+23	9.14e-01	8.65e-02	3.18e-05	0.00e+00	0.00e+00	0.00e+00	0.00e+00	0.00e+00	0.00e+00	9.14e-01	7.02e-08	6.69e-08
 2.51378e+23	9.17e-01	8.30e-02	2.95e-05	0.00e+00	0.00e+00	0.00e+00	0.00e+00	0.00e+00	0.00e+00	9.17e-01	7.00e-08	6.63e-08
 2.51910e+23	9.20e-01	7.97e-02	2.75e-05	0.00e+00	0.00e+00	0.00e+00	0.00e+00	0.00e+00	0.00e+00	9.20e-01	6.97e-08	6.59e-08
 2.52451e+23	9.24e-01	7.64e-02	2.57e-05	0.00e+00	0.00e+00	0.00e+00	0.00e+00	0.00e+00	0.00e+00	9.24e-01	6.95e-08	6.54e-08
 2.53010e+23	9.27e-01	7.33e-02	2.40e-05	0.00e+00	0.00e+00	0.00e+00	0.00e+00	0.00e+00	0.00e+00	9.27e-01	6.93e-08	6.50e-08
 2.53576e+23	9.30e-01	7.03e-02	2.25e-05	0.00e+00	0.00e+00	0.00e+00	0.00e+00	0.00e+00	0.00e+00	9.30e-01	6.91e-08	6.45e-08
 2.54135e+23	9.32e-01	6.75e-02	2.12e-05	0.00e+00	0.00e+00	0.00e+00	0.00e+00	0.00e+00	0.00e+00	9.32e-01	6.89e-08	6.41e-08
 2.54673e+23	9.35e-01	6.50e-02	2.01e-05	0.00e+00	0.00e+00	0.00e+00	0.00e+00	0.00e+00	0.00e+00	9.35e-01	6.86e-08	6.36e-08
 2.55169e+23	9.37e-01	6.28e-02	1.93e-05	0.00e+00	0.00e+00	0.00e+00	0.00e+00	0.00e+00	0.00e+00	9.37e-01	6.84e-08	6.32e-08
 2.55629e+23	9.39e-01	6.08e-02	1.85e-05	0.00e+00	0.00e+00	0.00e+00	0.00e+00	0.00e+00	0.00e+00	9.39e-01	6.83e-08	6.29e-08
 2.56071e+23	9.41e-01	5.90e-02	1.78e-05	0.00e+00	0.00e+00	0.00e+00	0.00e+00	0.00e+00	0.00e+00	9.41e-01	6.81e-08	6.26e-08
 2.56494e+23	9.43e-01	5.73e-02	1.72e-05	0.00e+00	0.00e+00	0.00e+00	0.00e+00	0.00e+00	0.00e+00	9.43e-01	6.80e-08	6.23e-08
 2.56899e+23	9.44e-01	5.57e-02	1.67e-05	0.00e+00	0.00e+00	0.00e+00	0.00e+00	0.00e+00	0.00e+00	9.44e-01	6.79e-08	6.20e-08
 2.57288e+23	9.46e-01	5.42e-02	1.63e-05	0.00e+00	0.00e+00	0.00e+00	0.00e+00	0.00e+00	0.00e+00	9.46e-01	6.77e-08	6.17e-08
 2.57650e+23	9.47e-01	5.28e-02	1.59e-05	0.00e+00	0.00e+00	0.00e+00	0.00e+00	0.00e+00	0.00e+00	9.47e-01	6.76e-08	6.15e-08
 2.57995e+23	9.48e-01	5.15e-02	1.55e-05	0.00e+00	0.00e+00	0.00e+00	0.00e+00	0.00e+00	0.00e+00	9.48e-01	6.75e-08	6.13e-08
 2.58335e+23	9.50e-01	5.03e-02	1.52e-05	0.00e+00	0.00e+00	0.00e+00	0.00e+00	0.00e+00	0.00e+00	9.50e-01	6.74e-08	6.10e-08
 2.58665e+23	9.51e-01	4.91e-02	1.49e-05	0.00e+00	0.00e+00	0.00e+00	0.00e+00	0.00e+00	0.00e+00	9.51e-01	6.73e-08	6.08e-08
 2.58980e+23	9.52e-01	4.79e-02	1.46e-05	0.00e+00	0.00e+00	0.00e+00	0.00e+00	0.00e+00	0.00e+00	9.52e-01	6.72e-08	6.06e-08
 2.59284e+23	9.53e-01	4.69e-02	1.43e-05	0.00e+00	0.00e+00	0.00e+00	0.00e+00	0.00e+00	0.00e+00	9.53e-01	6.71e-08	6.04e-08
 2.59576e+23	9.54e-01	4.58e-02	1.41e-05	0.00e+00	0.00e+00	0.00e+00	0.00e+00	0.00e+00	0.00e+00	9.54e-01	6.70e-08	6.02e-08
 2.59858e+23	9.55e-01	4.48e-02	1.39e-05	0.00e+00	0.00e+00	0.00e+00	0.00e+00	0.00e+00	0.00e+00	9.55e-01	6.69e-08	6.00e-08
 2.60130e+23	9.56e-01	4.39e-02	1.37e-05	0.00e+00	0.00e+00	0.00e+00	0.00e+00	0.00e+00	0.00e+00	9.56e-01	6.68e-08	5.98e-08
 2.60384e+23	9.57e-01	4.30e-02	1.35e-05	0.00e+00	0.00e+00	0.00e+00	0.00e+00	0.00e+00	0.00e+00	9.57e-01	6.67e-08	5.96e-08
 2.60616e+23	9.58e-01	4.22e-02	1.33e-05	0.00e+00	0.00e+00	0.00e+00	0.00e+00	0.00e+00	0.00e+00	9.58e-01	6.66e-08	5.94e-08
 2.60827e+23	9.59e-01	4.15e-02	1.32e-05	0.00e+00	0.00e+00	0.00e+00	0.00e+00	0.00e+00	0.00e+00	9.59e-01	6.65e-08	5.92e-08
 2.61019e+23	9.59e-01	4.08e-02	1.31e-05	0.00e+00	0.00e+00	0.00e+00	0.00e+00	0.00e+00	0.00e+00	9.59e-01	6.63e-08	5.90e-08
 2.61193e+23	9.60e-01	4.03e-02	1.30e-05	0.00e+00	0.00e+00	0.00e+00	0.00e+00	0.00e+00	0.00e+00	9.60e-01	6.62e-08	5.88e-08
 2.61352e+23	9.60e-01	3.97e-02	1.28e-05	0.00e+00	0.00e+00	0.00e+00	0.00e+00	0.00e+00	0.00e+00	9.60e-01	6.61e-08	5.87e-08
 2.61497e+23	9.61e-01	3.93e-02	1.28e-05	0.00e+00	0.00e+00	0.00e+00	0.00e+00	0.00e+00	0.00e+00	9.61e-01	6.59e-08	5.85e-08
 2.61656e+23	9.61e-01	3.87e-02	1.26e-05	0.00e+00	0.00e+00	0.00e+00	0.00e+00	0.00e+00	0.00e+00	9.61e-01	6.57e-08	5.84e-08
 2.61827e+23	9.62e-01	3.81e-02	1.25e-05	0.00e+00	0.00e+00	0.00e+00	0.00e+00	0.00e+00	0.00e+00	9.62e-01	6.54e-08	5.82e-08
 2.61982e+23	9.62e-01	3.76e-02	1.24e-05	0.00e+00	0.00e+00	0.00e+00	0.00e+00	0.00e+00	0.00e+00	9.62e-01	6.52e-08	5.80e-08
 2.62124e+23	9.63e-01	3.72e-02	1.23e-05	0.00e+00	0.00e+00	0.00e+00	0.00e+00	0.00e+00	0.00e+00	9.63e-01	6.50e-08	5.79e-08
 2.62279e+23	9.63e-01	3.66e-02	1.22e-05	0.00e+00	0.00e+00	0.00e+00	0.00e+00	0.00e+00	0.00e+00	9.63e-01	6.47e-08	5.78e-08
 2.62447e+23	9.64e-01	3.61e-02	1.21e-05	0.00e+00	0.00e+00	0.00e+00	0.00e+00	0.00e+00	0.00e+00	9.64e-01	6.45e-08	5.76e-08
 2.62599e+23	9.64e-01	3.55e-02	1.20e-05	0.00e+00	0.00e+00	0.00e+00	0.00e+00	0.00e+00	0.00e+00	9.64e-01	6.42e-08	5.74e-08
 2.62738e+23	9.65e-01	3.51e-02	1.19e-05	0.00e+00	0.00e+00	0.00e+00	0.00e+00	0.00e+00	0.00e+00	9.65e-01	6.41e-08	5.73e-08
 2.62890e+23	9.65e-01	3.46e-02	1.18e-05	0.00e+00	0.00e+00	0.00e+00	0.00e+00	0.00e+00	0.00e+00	9.65e-01	6.38e-08	5.71e-08
 2.63054e+23	9.66e-01	3.41e-02	1.17e-05	0.00e+00	0.00e+00	0.00e+00	0.00e+00	0.00e+00	0.00e+00	9.66e-01	6.36e-08	5.70e-08
 2.63204e+23	9.66e-01	3.37e-02	1.16e-05	0.00e+00	0.00e+00	0.00e+00	0.00e+00	0.00e+00	0.00e+00	9.66e-01	6.34e-08	5.69e-08
 2.63340e+23	9.67e-01	3.34e-02	1.15e-05	0.00e+00	0.00e+00	0.00e+00	0.00e+00	0.00e+00	0.00e+00	9.67e-01	6.34e-08	5.69e-08
 2.63489e+23	9.67e-01	3.29e-02	1.14e-05	0.00e+00	0.00e+00	0.00e+00	0.00e+00	0.00e+00	0.00e+00	9.67e-01	6.32e-08	5.67e-08
 2.63650e+23	9.67e-01	3.25e-02	1.13e-05	0.00e+00	0.00e+00	0.00e+00	0.00e+00	0.00e+00	0.00e+00	9.67e-01	6.32e-08	5.67e-08
 2.63826e+23	9.68e-01	3.20e-02	1.12e-05	0.00e+00	0.00e+00	0.00e+00	0.00e+00	0.00e+00	0.00e+00	9.68e-01	6.31e-08	5.66e-08
 2.64016e+23	9.69e-01	3.15e-02	1.10e-05	0.00e+00	0.00e+00	0.00e+00	0.00e+00	0.00e+00	0.00e+00	9.69e-01	6.29e-08	5.65e-08
 2.64189e+23	9.69e-01	3.10e-02	1.09e-05	0.00e+00	0.00e+00	0.00e+00	0.00e+00	0.00e+00	0.00e+00	9.69e-01	6.28e-08	5.64e-08
 2.64347e+23	9.69e-01	3.06e-02	1.08e-05	0.00e+00	0.00e+00	0.00e+00	0.00e+00	0.00e+00	0.00e+00	9.69e-01	6.25e-08	5.62e-08
 2.64490e+23	9.70e-01	3.04e-02	1.07e-05	0.00e+00	0.00e+00	0.00e+00	0.00e+00	0.00e+00	0.00e+00	9.70e-01	6.26e-08	5.62e-08
 2.64647e+23	9.70e-01	2.99e-02	1.06e-05	0.00e+00	0.00e+00	0.00e+00	0.00e+00	0.00e+00	0.00e+00	9.70e-01	6.24e-08	5.61e-08
 2.64817e+23	9.71e-01	2.95e-02	1.05e-05	0.00e+00	0.00e+00	0.00e+00	0.00e+00	0.00e+00	0.00e+00	9.71e-01	6.23e-08	5.60e-08
 2.64971e+23	9.71e-01	2.90e-02	1.04e-05	0.00e+00	0.00e+00	0.00e+00	0.00e+00	0.00e+00	0.00e+00	9.71e-01	6.21e-08	5.58e-08
 2.65112e+23	9.71e-01	2.88e-02	1.03e-05	0.00e+00	0.00e+00	0.00e+00	0.00e+00	0.00e+00	0.00e+00	9.71e-01	6.21e-08	5.58e-08
 2.65266e+23	9.72e-01	2.84e-02	1.02e-05	0.00e+00	0.00e+00	0.00e+00	0.00e+00	0.00e+00	0.00e+00	9.72e-01	6.20e-08	5.57e-08
 2.65432e+23	9.72e-01	2.80e-02	1.01e-05	0.00e+00	0.00e+00	0.00e+00	0.00e+00	0.00e+00	0.00e+00	9.72e-01	6.19e-08	5.56e-08
 2.65583e+23	9.72e-01	2.76e-02	9.93e-06	0.00e+00	0.00e+00	0.00e+00	0.00e+00	0.00e+00	0.00e+00	9.72e-01	6.17e-08	5.54e-08
 2.65721e+23	9.73e-01	2.72e-02	9.82e-06	0.00e+00	0.00e+00	0.00e+00	0.00e+00	0.00e+00	0.00e+00	9.73e-01	6.15e-08	5.52e-08
 2.65846e+23	9.73e-01	2.70e-02	9.75e-06	0.00e+00	0.00e+00	0.00e+00	0.00e+00	0.00e+00	0.00e+00	9.73e-01	6.15e-08	5.52e-08
 2.65983e+23	9.73e-01	2.67e-02	9.64e-06	0.00e+00	0.00e+00	0.00e+00	0.00e+00	0.00e+00	0.00e+00	9.73e-01	6.13e-08	5.51e-08
 2.66132e+23	9.74e-01	2.63e-02	9.54e-06	0.00e+00	0.00e+00	0.00e+00	0.00e+00	0.00e+00	0.00e+00	9.74e-01	6.13e-08	5.50e-08
 2.66294e+23	9.74e-01	2.59e-02	9.41e-06	0.00e+00	0.00e+00	0.00e+00	0.00e+00	0.00e+00	0.00e+00	9.74e-01	6.11e-08	5.48e-08
 2.66469e+23	9.75e-01	2.54e-02	9.29e-06	0.00e+00	0.00e+00	0.00e+00	0.00e+00	0.00e+00	0.00e+00	9.75e-01	6.09e-08	5.46e-08
 2.66629e+23	9.75e-01	2.51e-02	9.19e-06	0.00e+00	0.00e+00	0.00e+00	0.00e+00	0.00e+00	0.00e+00	9.75e-01	6.08e-08	5.45e-08
 2.66803e+23	9.75e-01	2.47e-02	9.06e-06	0.00e+00	0.00e+00	0.00e+00	0.00e+00	0.00e+00	0.00e+00	9.75e-01	6.07e-08	5.43e-08
 2.66992e+23	9.76e-01	2.42e-02	8.94e-06	0.00e+00	0.00e+00	0.00e+00	0.00e+00	0.00e+00	0.00e+00	9.76e-01	6.05e-08	5.41e-08
 2.67164e+23	9.76e-01	2.39e-02	8.84e-06	0.00e+00	0.00e+00	0.00e+00	0.00e+00	0.00e+00	0.00e+00	9.76e-01	6.04e-08	5.39e-08
 2.67320e+23	9.76e-01	2.36e-02	8.74e-06	0.00e+00	0.00e+00	0.00e+00	0.00e+00	0.00e+00	0.00e+00	9.76e-01	6.02e-08	5.38e-08
 2.67462e+23	9.77e-01	2.33e-02	8.66e-06	0.00e+00	0.00e+00	0.00e+00	0.00e+00	0.00e+00	0.00e+00	9.77e-01	6.00e-08	5.35e-08
 2.67592e+23	9.77e-01	2.31e-02	8.59e-06	0.00e+00	0.00e+00	0.00e+00	0.00e+00	0.00e+00	0.00e+00	9.77e-01	5.99e-08	5.34e-08
 2.67733e+23	9.77e-01	2.28e-02	8.50e-06	0.00e+00	0.00e+00	0.00e+00	0.00e+00	0.00e+00	0.00e+00	9.77e-01	5.99e-08	5.33e-08
 2.67918e+23	9.78e-01	2.23e-02	8.38e-06	0.00e+00	0.00e+00	0.00e+00	0.00e+00	0.00e+00	0.00e+00	9.78e-01	5.97e-08	5.31e-08
 2.68117e+23	9.78e-01	2.19e-02	8.26e-06	0.00e+00	0.00e+00	0.00e+00	0.00e+00	0.00e+00	0.00e+00	9.78e-01	5.95e-08	5.28e-08
 2.68298e+23	9.78e-01	2.16e-02	8.17e-06	0.00e+00	0.00e+00	0.00e+00	0.00e+00	0.00e+00	0.00e+00	9.78e-01	5.93e-08	5.26e-08
 2.68462e+23	9.79e-01	2.13e-02	8.09e-06	0.00e+00	0.00e+00	0.00e+00	0.00e+00	0.00e+00	0.00e+00	9.79e-01	5.86e-08	5.21e-08
 2.68612e+23	9.79e-01	2.11e-02	8.03e-06	0.00e+00	0.00e+00	0.00e+00	0.00e+00	0.00e+00	0.00e+00	9.79e-01	5.84e-08	5.19e-08
 2.68777e+23	9.79e-01	2.08e-02	7.94e-06	0.00e+00	0.00e+00	0.00e+00	0.00e+00	0.00e+00	0.00e+00	9.79e-01	5.79e-08	5.16e-08
 2.68990e+23	9.80e-01	2.04e-02	7.82e-06	0.00e+00	0.00e+00	0.00e+00	0.00e+00	0.00e+00	0.00e+00	9.80e-01	5.72e-08	5.10e-08
 2.69221e+23	9.80e-01	2.00e-02	7.72e-06	0.00e+00	0.00e+00	0.00e+00	0.00e+00	0.00e+00	0.00e+00	9.80e-01	5.66e-08	5.05e-08
 2.69431e+23	9.80e-01	1.97e-02	7.62e-06	0.00e+00	0.00e+00	0.00e+00	0.00e+00	0.00e+00	0.00e+00	9.80e-01	5.61e-08	5.00e-08
 2.69622e+23	9.81e-01	1.94e-02	7.54e-06	0.00e+00	0.00e+00	0.00e+00	0.00e+00	0.00e+00	0.00e+00	9.81e-01	5.55e-08	4.93e-08
 2.69795e+23	9.81e-01	1.92e-02	7.47e-06	0.00e+00	0.00e+00	0.00e+00	0.00e+00	0.00e+00	0.00e+00	9.81e-01	5.51e-08	4.89e-08
 2.69986e+23	9.81e-01	1.88e-02	7.38e-06	0.00e+00	0.00e+00	0.00e+00	0.00e+00	0.00e+00	0.00e+00	9.81e-01	5.47e-08	4.85e-08
 2.70233e+23	9.82e-01	1.84e-02	7.26e-06	0.00e+00	0.00e+00	0.00e+00	0.00e+00	0.00e+00	0.00e+00	9.82e-01	5.40e-08	4.77e-08
 2.70501e+23	9.82e-01	1.80e-02	7.16e-06	0.00e+00	0.00e+00	0.00e+00	0.00e+00	0.00e+00	0.00e+00	9.82e-01	5.35e-08	4.71e-08
 2.70744e+23	9.82e-01	1.77e-02	7.06e-06	0.00e+00	0.00e+00	0.00e+00	0.00e+00	0.00e+00	0.00e+00	9.82e-01	5.28e-08	4.64e-08
 2.70965e+23	9.83e-01	1.74e-02	6.98e-06	0.00e+00	0.00e+00	0.00e+00	0.00e+00	0.00e+00	0.00e+00	9.83e-01	5.24e-08	4.59e-08
 2.71167e+23	9.83e-01	1.71e-02	6.91e-06	0.00e+00	0.00e+00	0.00e+00	0.00e+00	0.00e+00	0.00e+00	9.83e-01	5.19e-08	4.54e-08
 2.71350e+23	9.83e-01	1.69e-02	6.84e-06	0.00e+00	0.00e+00	0.00e+00	0.00e+00	0.00e+00	0.00e+00	9.83e-01	5.13e-08	4.47e-08
 2.71517e+23	9.83e-01	1.67e-02	6.78e-06	0.00e+00	0.00e+00	0.00e+00	0.00e+00	0.00e+00	0.00e+00	9.83e-01	5.11e-08	4.45e-08
 2.71699e+23	9.84e-01	1.65e-02	6.71e-06	0.00e+00	0.00e+00	0.00e+00	0.00e+00	0.00e+00	0.00e+00	9.84e-01	5.06e-08	4.40e-08
 2.71937e+23	9.84e-01	1.61e-02	6.62e-06	0.00e+00	0.00e+00	0.00e+00	0.00e+00	0.00e+00	0.00e+00	9.84e-01	4.99e-08	4.33e-08
 2.72193e+23	9.84e-01	1.58e-02	6.54e-06	0.00e+00	0.00e+00	0.00e+00	0.00e+00	0.00e+00	0.00e+00	9.84e-01	4.94e-08	4.27e-08
 2.72427e+23	9.84e-01	1.55e-02	6.46e-06	0.00e+00	0.00e+00	0.00e+00	0.00e+00	0.00e+00	0.00e+00	9.84e-01	4.87e-08	4.21e-08
 2.72639e+23	9.85e-01	1.52e-02	6.38e-06	0.00e+00	0.00e+00	0.00e+00	0.00e+00	0.00e+00	0.00e+00	9.85e-01	4.80e-08	4.13e-08
 2.72832e+23	9.85e-01	1.51e-02	6.33e-06	0.00e+00	0.00e+00	0.00e+00	0.00e+00	0.00e+00	0.00e+00	9.85e-01	4.78e-08	4.11e-08
 2.73044e+23	9.85e-01	1.48e-02	6.26e-06	0.00e+00	0.00e+00	0.00e+00	0.00e+00	0.00e+00	0.00e+00	9.85e-01	4.72e-08	4.05e-08
 2.73273e+23	9.85e-01	1.46e-02	6.19e-06	0.00e+00	0.00e+00	0.00e+00	0.00e+00	0.00e+00	0.00e+00	9.85e-01	4.66e-08	3.99e-08
 2.73481e+23	9.86e-01	1.44e-02	6.13e-06	0.00e+00	0.00e+00	0.00e+00	0.00e+00	0.00e+00	0.00e+00	9.86e-01	4.62e-08	3.95e-08
 2.73709e+23	9.86e-01	1.41e-02	6.05e-06	0.00e+00	0.00e+00	0.00e+00	0.00e+00	0.00e+00	0.00e+00	9.86e-01	4.55e-08	3.87e-08
 2.73955e+23	9.86e-01	1.38e-02	5.98e-06	0.00e+00	0.00e+00	0.00e+00	0.00e+00	0.00e+00	0.00e+00	9.86e-01	4.49e-08	3.81e-08
 2.74179e+23	9.86e-01	1.36e-02	5.92e-06	0.00e+00	0.00e+00	0.00e+00	0.00e+00	0.00e+00	0.00e+00	9.86e-01	4.41e-08	3.73e-08
 2.74383e+23	9.87e-01	1.34e-02	5.87e-06	0.00e+00	0.00e+00	0.00e+00	0.00e+00	0.00e+00	0.00e+00	9.87e-01	4.39e-08	3.71e-08
 2.74606e+23	9.87e-01	1.32e-02	5.80e-06	0.00e+00	0.00e+00	0.00e+00	0.00e+00	0.00e+00	0.00e+00	9.87e-01	4.33e-08	3.65e-08
 2.74847e+23	9.87e-01	1.29e-02	5.74e-06	0.00e+00	0.00e+00	0.00e+00	0.00e+00	0.00e+00	0.00e+00	9.87e-01	4.27e-08	3.59e-08
 2.75067e+23	9.87e-01	1.28e-02	5.68e-06	0.00e+00	0.00e+00	0.00e+00	0.00e+00	0.00e+00	0.00e+00	9.87e-01	4.24e-08	3.55e-08
 2.75307e+23	9.87e-01	1.25e-02	5.61e-06	0.00e+00	0.00e+00	0.00e+00	0.00e+00	0.00e+00	0.00e+00	9.87e-01	4.17e-08	3.48e-08
 2.75567e+23	9.88e-01	1.23e-02	5.55e-06	0.00e+00	0.00e+00	0.00e+00	0.00e+00	0.00e+00	0.00e+00	9.88e-01	4.12e-08	3.43e-08
 2.75803e+23	9.88e-01	1.21e-02	5.49e-06	0.00e+00	0.00e+00	0.00e+00	0.00e+00	0.00e+00	0.00e+00	9.88e-01	4.08e-08	3.39e-08
 2.76062e+23	9.88e-01	1.18e-02	5.42e-06	0.00e+00	0.00e+00	0.00e+00	0.00e+00	0.00e+00	0.00e+00	9.88e-01	4.01e-08	3.33e-08
 2.76341e+23	9.88e-01	1.16e-02	5.36e-06	0.00e+00	0.00e+00	0.00e+00	0.00e+00	0.00e+00	0.00e+00	9.88e-01	3.96e-08	3.28e-08
 2.76596e+23	9.89e-01	1.14e-02	5.30e-06	0.00e+00	0.00e+00	0.00e+00	0.00e+00	0.00e+00	0.00e+00	9.89e-01	3.92e-08	3.23e-08
 2.76874e+23	9.89e-01	1.11e-02	5.23e-06	0.00e+00	0.00e+00	0.00e+00	0.00e+00	0.00e+00	0.00e+00	9.89e-01	3.86e-08	3.17e-08
 2.77175e+23	9.89e-01	1.09e-02	5.17e-06	0.00e+00	0.00e+00	0.00e+00	0.00e+00	0.00e+00	0.00e+00	9.89e-01	3.80e-08	3.10e-08
 2.77449e+23	9.89e-01	1.07e-02	5.11e-06	0.00e+00	0.00e+00	0.00e+00	0.00e+00	0.00e+00	0.00e+00	9.89e-01	3.75e-08	3.05e-08
 2.77749e+23	9.90e-01	1.05e-02	5.04e-06	0.00e+00	0.00e+00	0.00e+00	0.00e+00	0.00e+00	0.00e+00	9.90e-01	3.69e-08	2.98e-08
 2.78073e+23	9.90e-01	1.02e-02	4.97e-06	0.00e+00	0.00e+00	0.00e+00	0.00e+00	0.00e+00	0.00e+00	9.90e-01	3.64e-08	2.92e-08
 2.78367e+23	9.90e-01	1.00e-02	4.91e-06	0.00e+00	0.00e+00	0.00e+00	0.00e+00	0.00e+00	0.00e+00	9.90e-01	3.58e-08	2.86e-08
 2.78636e+23	9.90e-01	9.85e-03	4.86e-06	0.00e+00	0.00e+00	0.00e+00	0.00e+00	0.00e+00	0.00e+00	9.90e-01	3.53e-08	2.82e-08
 2.78929e+23	9.90e-01	9.64e-03	4.80e-06	0.00e+00	0.00e+00	0.00e+00	0.00e+00	0.00e+00	0.00e+00	9.90e-01	3.47e-08	2.76e-08
 2.79247e+23	9.91e-01	9.40e-03	4.74e-06	0.00e+00	0.00e+00	0.00e+00	0.00e+00	0.00e+00	0.00e+00	9.91e-01	3.40e-08	2.69e-08
 2.79535e+23	9.91e-01	9.25e-03	4.69e-06	0.00e+00	0.00e+00	0.00e+00	0.00e+00	0.00e+00	0.00e+00	9.91e-01	3.36e-08	2.65e-08
 2.79852e+23	9.91e-01	9.04e-03	4.62e-06	0.00e+00	0.00e+00	0.00e+00	0.00e+00	0.00e+00	0.00e+00	9.91e-01	3.31e-08	2.59e-08
 2.80193e+23	9.91e-01	8.79e-03	4.56e-06	0.00e+00	0.00e+00	0.00e+00	0.00e+00	0.00e+00	0.00e+00	9.91e-01	3.23e-08	2.52e-08
 2.80504e+23	9.91e-01	8.64e-03	4.51e-06	0.00e+00	0.00e+00	0.00e+00	0.00e+00	0.00e+00	0.00e+00	9.91e-01	3.20e-08	2.49e-08
 2.80845e+23	9.92e-01	8.43e-03	4.45e-06	0.00e+00	0.00e+00	0.00e+00	0.00e+00	0.00e+00	0.00e+00	9.92e-01	3.14e-08	2.43e-08
 2.81212e+23	9.92e-01	8.22e-03	4.39e-06	0.00e+00	0.00e+00	0.00e+00	0.00e+00	0.00e+00	0.00e+00	9.92e-01	3.08e-08	2.38e-08
 2.81547e+23	9.92e-01	8.04e-03	4.33e-06	0.00e+00	0.00e+00	0.00e+00	0.00e+00	0.00e+00	0.00e+00	9.92e-01	3.03e-08	2.32e-08
 2.81851e+23	9.92e-01	7.90e-03	4.29e-06	0.00e+00	0.00e+00	0.00e+00	0.00e+00	0.00e+00	0.00e+00	9.92e-01	2.99e-08	2.28e-08
 2.82185e+23	9.92e-01	7.71e-03	4.23e-06	0.00e+00	0.00e+00	0.00e+00	0.00e+00	0.00e+00	0.00e+00	9.92e-01	2.93e-08	2.23e-08
 2.82545e+23	9.93e-01	7.50e-03	4.17e-06	0.00e+00	0.00e+00	0.00e+00	0.00e+00	0.00e+00	0.00e+00	9.93e-01	2.87e-08	2.17e-08
 2.82873e+23	9.93e-01	7.36e-03	4.12e-06	0.00e+00	0.00e+00	0.00e+00	0.00e+00	0.00e+00	0.00e+00	9.93e-01	2.83e-08	2.13e-08
 2.83232e+23	9.93e-01	7.18e-03	4.07e-06	0.00e+00	0.00e+00	0.00e+00	0.00e+00	0.00e+00	0.00e+00	9.93e-01	2.78e-08	2.08e-08
 2.83620e+23	9.93e-01	6.97e-03	4.01e-06	0.00e+00	0.00e+00	0.00e+00	0.00e+00	0.00e+00	0.00e+00	9.93e-01	2.72e-08	2.02e-08
 2.83973e+23	9.93e-01	6.83e-03	3.96e-06	0.00e+00	0.00e+00	0.00e+00	0.00e+00	0.00e+00	0.00e+00	9.93e-01	2.68e-08	1.98e-08
 2.84359e+23	9.93e-01	6.65e-03	3.90e-06	0.00e+00	0.00e+00	0.00e+00	0.00e+00	0.00e+00	0.00e+00	9.93e-01	2.63e-08	1.93e-08
 2.84777e+23	9.94e-01	6.46e-03	3.85e-06	0.00e+00	0.00e+00	0.00e+00	0.00e+00	0.00e+00	0.00e+00	9.94e-01	2.58e-08	1.88e-08
 2.85157e+23	9.94e-01	6.31e-03	3.80e-06	0.00e+00	0.00e+00	0.00e+00	0.00e+00	0.00e+00	0.00e+00	9.94e-01	2.53e-08	1.84e-08
 2.85502e+23	9.94e-01	6.18e-03	3.75e-06	0.00e+00	0.00e+00	0.00e+00	0.00e+00	0.00e+00	0.00e+00	9.94e-01	2.49e-08	1.80e-08
 2.85881e+23	9.94e-01	6.03e-03	3.70e-06	0.00e+00	0.00e+00	0.00e+00	0.00e+00	0.00e+00	0.00e+00	9.94e-01	2.44e-08	1.75e-08
 2.86290e+23	9.94e-01	5.86e-03	3.65e-06	0.00e+00	0.00e+00	0.00e+00	0.00e+00	0.00e+00	0.00e+00	9.94e-01	2.39e-08	1.70e-08
 2.86662e+23	9.94e-01	5.73e-03	3.60e-06	0.00e+00	0.00e+00	0.00e+00	0.00e+00	0.00e+00	0.00e+00	9.94e-01	2.35e-08	1.66e-08
 2.87070e+23	9.94e-01	5.58e-03	3.55e-06	0.00e+00	0.00e+00	0.00e+00	0.00e+00	0.00e+00	0.00e+00	9.94e-01	2.30e-08	1.62e-08
 2.87510e+23	9.95e-01	5.41e-03	3.50e-06	0.00e+00	0.00e+00	0.00e+00	0.00e+00	0.00e+00	0.00e+00	9.95e-01	2.24e-08	1.56e-08
 2.87911e+23	9.95e-01	5.29e-03	3.45e-06	0.00e+00	0.00e+00	0.00e+00	0.00e+00	0.00e+00	0.00e+00	9.95e-01	2.20e-08	1.53e-08
 2.88350e+23	9.95e-01	5.14e-03	3.40e-06	0.00e+00	0.00e+00	0.00e+00	0.00e+00	0.00e+00	0.00e+00	9.95e-01	2.16e-08	1.48e-08
 2.88824e+23	9.95e-01	4.98e-03	3.35e-06	0.00e+00	0.00e+00	0.00e+00	0.00e+00	0.00e+00	0.00e+00	9.95e-01	2.10e-08	1.43e-08
 2.89255e+23	9.95e-01	4.85e-03	3.30e-06	0.00e+00	0.00e+00	0.00e+00	0.00e+00	0.00e+00	0.00e+00	9.95e-01	2.06e-08	1.39e-08
 2.89728e+23	9.95e-01	4.70e-03	3.24e-06	0.00e+00	0.00e+00	0.00e+00	0.00e+00	0.00e+00	0.00e+00	9.95e-01	2.01e-08	1.35e-08
 2.90238e+23	9.95e-01	4.51e-03	3.19e-06	0.00e+00	0.00e+00	0.00e+00	0.00e+00	0.00e+00	0.00e+00	9.95e-01	1.96e-08	1.30e-08
 2.90789e+23	9.96e-01	4.20e-03	3.13e-06	0.00e+00	0.00e+00	0.00e+00	0.00e+00	0.00e+00	0.00e+00	9.96e-01	1.90e-08	1.24e-08
 2.91435e+23	9.96e-01	3.88e-03	3.06e-06	0.00e+00	0.00e+00	0.00e+00	0.00e+00	0.00e+00	0.00e+00	9.96e-01	1.83e-08	1.18e-08
 2.92090e+23	9.96e-01	3.68e-03	2.99e-06	0.00e+00	0.00e+00	0.00e+00	0.00e+00	0.00e+00	0.00e+00	9.96e-01	1.77e-08	1.12e-08
 2.92736e+23	9.97e-01	3.48e-03	2.93e-06	0.00e+00	0.00e+00	0.00e+00	0.00e+00	0.00e+00	0.00e+00	9.97e-01	1.71e-08	1.07e-08
 2.93403e+23	9.97e-01	3.29e-03	2.87e-06	0.00e+00	0.00e+00	0.00e+00	0.00e+00	0.00e+00	0.00e+00	9.97e-01	1.65e-08	1.02e-08
 2.94076e+23	9.97e-01	3.10e-03	2.81e-06	0.00e+00	0.00e+00	0.00e+00	0.00e+00	0.00e+00	0.00e+00	9.97e-01	1.59e-08	9.63e-09
 2.94752e+23	9.97e-01	2.92e-03	2.75e-06	0.00e+00	0.00e+00	0.00e+00	0.00e+00	0.00e+00	0.00e+00	9.97e-01	1.53e-08	9.12e-09
 2.95437e+23	9.97e-01	2.74e-03	2.69e-06	0.00e+00	0.00e+00	0.00e+00	0.00e+00	0.00e+00	0.00e+00	9.97e-01	1.48e-08	8.63e-09
 2.96131e+23	9.97e-01	2.57e-03	2.63e-06	0.00e+00	0.00e+00	0.00e+00	0.00e+00	0.00e+00	0.00e+00	9.97e-01	1.42e-08	8.16e-09
 2.96833e+23	9.98e-01	2.41e-03	2.57e-06	0.00e+00	0.00e+00	0.00e+00	0.00e+00	0.00e+00	0.00e+00	9.98e-01	1.36e-08	7.70e-09
 2.97543e+23	9.98e-01	2.25e-03	2.52e-06	0.00e+00	0.00e+00	0.00e+00	0.00e+00	0.00e+00	0.00e+00	9.98e-01	1.31e-08	7.27e-09
 2.98261e+23	9.98e-01	2.10e-03	2.46e-06	0.00e+00	0.00e+00	0.00e+00	0.00e+00	0.00e+00	0.00e+00	9.98e-01	1.25e-08	6.85e-09
 2.98987e+23	9.98e-01	1.96e-03	2.41e-06	0.00e+00	0.00e+00	0.00e+00	0.00e+00	0.00e+00	0.00e+00	9.98e-01	1.20e-08	6.45e-09
 2.99721e+23	9.98e-01	1.82e-03	2.35e-06	0.00e+00	0.00e+00	0.00e+00	0.00e+00	0.00e+00	0.00e+00	9.98e-01	1.14e-08	6.06e-09
 3.00464e+23	9.98e-01	1.69e-03	2.30e-06	0.00e+00	0.00e+00	0.00e+00	0.00e+00	0.00e+00	0.00e+00	9.98e-01	1.09e-08	5.68e-09
 3.01213e+23	9.98e-01	1.57e-03	2.25e-06	0.00e+00	0.00e+00	0.00e+00	0.00e+00	0.00e+00	0.00e+00	9.98e-01	1.04e-08	5.32e-09
 3.01970e+23	9.99e-01	1.45e-03	2.20e-06	0.00e+00	0.00e+00	0.00e+00	0.00e+00	0.00e+00	0.00e+00	9.99e-01	9.87e-09	4.97e-09
 3.02734e+23	9.99e-01	1.34e-03	2.15e-06	0.00e+00	0.00e+00	0.00e+00	0.00e+00	0.00e+00	0.00e+00	9.99e-01	9.38e-09	4.64e-09
 3.03506e+23	9.99e-01	1.24e-03	2.10e-06	0.00e+00	0.00e+00	0.00e+00	0.00e+00	0.00e+00	0.00e+00	9.99e-01	8.89e-09	4.32e-09
 3.04287e+23	9.99e-01	1.14e-03	2.05e-06	0.00e+00	0.00e+00	0.00e+00	0.00e+00	0.00e+00	0.00e+00	9.99e-01	8.42e-09	4.01e-09
 3.05076e+23	9.99e-01	1.04e-03	2.00e-06	0.00e+00	0.00e+00	0.00e+00	0.00e+00	0.00e+00	0.00e+00	9.99e-01	7.96e-09	3.72e-09
 3.05872e+23	9.99e-01	9.55e-04	1.96e-06	0.00e+00	0.00e+00	0.00e+00	0.00e+00	0.00e+00	0.00e+00	9.99e-01	7.51e-09	3.44e-09
 3.06677e+23	9.99e-01	8.72e-04	1.91e-06	0.00e+00	0.00e+00	0.00e+00	0.00e+00	0.00e+00	0.00e+00	9.99e-01	7.08e-09	3.17e-09
 3.07490e+23	9.99e-01	7.96e-04	1.86e-06	0.00e+00	0.00e+00	0.00e+00	0.00e+00	0.00e+00	0.00e+00	9.99e-01	6.66e-09	2.92e-09
 3.08233e+23	9.99e-01	7.37e-04	1.83e-06	0.00e+00	0.00e+00	0.00e+00	0.00e+00	0.00e+00	0.00e+00	9.99e-01	6.33e-09	2.73e-09
