#depth	N	N+	N+2	N+3	N+4	N+5	N+6	N+7
 1.54284e+22	0.00e+00	8.93e-28	8.35e-22	8.09e-17	2.78e-12	2.02e-07	8.96e-04	9.99e-01
 3.47320e+22	0.00e+00	1.01e-26	6.44e-21	4.32e-16	1.01e-11	4.68e-07	1.35e-03	9.99e-01
 4.09799e+22	0.00e+00	4.35e-26	2.20e-20	1.18e-15	2.19e-11	7.75e-07	1.72e-03	9.98e-01
 4.52507e+22	8.42e-33	1.39e-25	5.85e-20	2.63e-15	4.06e-11	1.16e-06	2.09e-03	9.98e-01
 4.76233e+22	1.19e-32	1.87e-25	7.50e-20	3.22e-15	4.75e-11	1.28e-06	2.19e-03	9.98e-01
 4.84369e+22	1.51e-32	2.31e-25	8.93e-20	3.71e-15	5.31e-11	1.38e-06	2.27e-03	9.98e-01
 4.92168e+22	2.04e-32	3.00e-25	1.12e-19	4.46e-15	6.12e-11	1.51e-06	2.37e-03	9.98e-01
 4.99742e+22	2.56e-32	3.64e-25	1.31e-19	5.09e-15	6.79e-11	1.62e-06	2.45e-03	9.98e-01
 5.07022e+22	3.42e-32	4.67e-25	1.62e-19	6.03e-15	7.72e-11	1.76e-06	2.56e-03	9.97e-01
 5.14302e+22	4.35e-32	5.73e-25	1.92e-19	6.94e-15	8.60e-11	1.89e-06	2.65e-03	9.97e-01
 5.20518e+22	5.37e-32	6.88e-25	2.24e-19	7.87e-15	9.49e-11	2.02e-06	2.73e-03	9.97e-01
 5.27535e+22	6.98e-32	8.62e-25	2.71e-19	9.19e-15	1.07e-10	2.18e-06	2.83e-03	9.97e-01
 5.35071e+22	9.01e-32	1.07e-24	3.26e-19	1.07e-14	1.20e-10	2.36e-06	2.94e-03	9.97e-01
 5.41730e+22	1.13e-31	1.31e-24	3.85e-19	1.22e-14	1.33e-10	2.52e-06	3.04e-03	9.97e-01
 5.47847e+22	1.41e-31	1.58e-24	4.51e-19	1.39e-14	1.47e-10	2.70e-06	3.14e-03	9.97e-01
 5.54809e+22	1.81e-31	1.96e-24	5.42e-19	1.62e-14	1.66e-10	2.91e-06	3.26e-03	9.97e-01
 5.62287e+22	2.35e-31	2.45e-24	6.52e-19	1.88e-14	1.86e-10	3.14e-06	3.38e-03	9.97e-01
 5.69008e+22	2.96e-31	2.99e-24	7.72e-19	2.16e-14	2.07e-10	3.37e-06	3.50e-03	9.96e-01
 5.76316e+22	3.89e-31	3.78e-24	9.41e-19	2.54e-14	2.35e-10	3.66e-06	3.64e-03	9.96e-01
 5.83632e+22	4.96e-31	4.66e-24	1.12e-18	2.93e-14	2.62e-10	3.94e-06	3.77e-03	9.96e-01
 5.89643e+22	6.11e-31	5.57e-24	1.30e-18	3.31e-14	2.88e-10	4.19e-06	3.89e-03	9.96e-01
 5.96141e+22	7.77e-31	6.85e-24	1.55e-18	3.82e-14	3.22e-10	4.51e-06	4.03e-03	9.96e-01
 6.03232e+22	9.94e-31	8.47e-24	1.85e-18	4.41e-14	3.59e-10	4.86e-06	4.18e-03	9.96e-01
 6.09801e+22	1.24e-30	1.03e-23	2.17e-18	5.02e-14	3.97e-10	5.19e-06	4.32e-03	9.96e-01
 6.17046e+22	1.62e-30	1.29e-23	2.64e-18	5.89e-14	4.50e-10	5.64e-06	4.49e-03	9.96e-01
 6.24337e+22	2.07e-30	1.59e-23	3.14e-18	6.78e-14	5.01e-10	6.06e-06	4.66e-03	9.95e-01
 6.30336e+22	2.55e-30	1.90e-23	3.64e-18	7.66e-14	5.50e-10	6.45e-06	4.80e-03	9.95e-01
 6.36780e+22	3.25e-30	2.34e-23	4.33e-18	8.82e-14	6.14e-10	6.94e-06	4.98e-03	9.95e-01
 6.43774e+22	4.13e-30	2.87e-23	5.15e-18	1.01e-13	6.83e-10	7.46e-06	5.16e-03	9.95e-01
 6.50245e+22	5.16e-30	3.47e-23	6.04e-18	1.15e-13	7.54e-10	7.98e-06	5.33e-03	9.95e-01
 6.57418e+22	6.75e-30	4.37e-23	7.32e-18	1.35e-13	8.52e-10	8.66e-06	5.55e-03	9.94e-01
 6.64959e+22	8.82e-30	5.49e-23	8.84e-18	1.57e-13	9.55e-10	9.36e-06	5.78e-03	9.94e-01
 6.71205e+22	1.08e-29	6.54e-23	1.02e-17	1.77e-13	1.05e-09	9.97e-06	5.95e-03	9.94e-01
 6.77552e+22	1.38e-29	8.05e-23	1.22e-17	2.04e-13	1.17e-09	1.07e-05	6.18e-03	9.94e-01
 6.84384e+22	1.75e-29	9.83e-23	1.44e-17	2.33e-13	1.29e-09	1.15e-05	6.40e-03	9.94e-01
 6.90749e+22	2.18e-29	1.19e-22	1.68e-17	2.65e-13	1.42e-09	1.23e-05	6.62e-03	9.93e-01
 6.97924e+22	2.93e-29	1.53e-22	2.07e-17	3.13e-13	1.61e-09	1.34e-05	6.92e-03	9.93e-01
 7.04781e+22	3.63e-29	1.83e-22	2.41e-17	3.54e-13	1.77e-09	1.43e-05	7.14e-03	9.93e-01
 7.11224e+22	4.65e-29	2.26e-22	2.87e-17	4.07e-13	1.97e-09	1.54e-05	7.41e-03	9.93e-01
 7.18046e+22	5.95e-29	2.79e-22	3.41e-17	4.66e-13	2.17e-09	1.65e-05	7.70e-03	9.92e-01
 7.24043e+22	7.29e-29	3.31e-22	3.93e-17	5.23e-13	2.37e-09	1.76e-05	7.94e-03	9.92e-01
 7.30520e+22	9.42e-29	4.11e-22	4.70e-17	6.03e-13	2.64e-09	1.89e-05	8.25e-03	9.92e-01
 7.37390e+22	1.21e-28	5.06e-22	5.57e-17	6.91e-13	2.91e-09	2.03e-05	8.56e-03	9.91e-01
 7.43352e+22	1.50e-28	6.08e-22	6.48e-17	7.78e-13	3.18e-09	2.16e-05	8.85e-03	9.91e-01
 7.48785e+22	1.83e-28	7.19e-22	7.44e-17	8.69e-13	3.45e-09	2.29e-05	9.12e-03	9.91e-01
 7.54953e+22	2.36e-28	8.91e-22	8.87e-17	9.98e-13	3.82e-09	2.47e-05	9.49e-03	9.90e-01
 7.61390e+22	2.97e-28	1.08e-21	1.04e-16	1.13e-12	4.18e-09	2.64e-05	9.83e-03	9.90e-01
 7.67169e+22	3.71e-28	1.31e-21	1.21e-16	1.27e-12	4.55e-09	2.81e-05	1.02e-02	9.90e-01
 7.73674e+22	4.93e-28	1.65e-21	1.47e-16	1.48e-12	5.07e-09	3.04e-05	1.06e-02	9.89e-01
 7.80006e+22	6.10e-28	1.98e-21	1.70e-16	1.66e-12	5.51e-09	3.24e-05	1.10e-02	9.89e-01
 7.85315e+22	7.56e-28	2.37e-21	1.96e-16	1.86e-12	5.97e-09	3.43e-05	1.13e-02	9.89e-01
 7.91420e+22	9.85e-28	2.95e-21	2.35e-16	2.14e-12	6.59e-09	3.70e-05	1.18e-02	9.88e-01
 7.97658e+22	1.23e-27	3.56e-21	2.73e-16	2.40e-12	7.16e-09	3.94e-05	1.22e-02	9.88e-01
 8.03173e+22	1.54e-27	4.29e-21	3.17e-16	2.70e-12	7.77e-09	4.19e-05	1.26e-02	9.87e-01
 8.09449e+22	2.06e-27	5.45e-21	3.85e-16	3.13e-12	8.62e-09	4.54e-05	1.32e-02	9.87e-01
 8.15513e+22	2.54e-27	6.51e-21	4.45e-16	3.50e-12	9.32e-09	4.82e-05	1.36e-02	9.86e-01
 8.21300e+22	3.30e-27	8.08e-21	5.29e-16	4.00e-12	1.02e-08	5.18e-05	1.42e-02	9.86e-01
 8.27230e+22	4.17e-27	9.82e-21	6.19e-16	4.51e-12	1.11e-08	5.52e-05	1.47e-02	9.85e-01
 8.32345e+22	5.09e-27	1.16e-20	7.08e-16	5.00e-12	1.19e-08	5.84e-05	1.52e-02	9.85e-01
 8.37995e+22	6.63e-27	1.44e-20	8.44e-16	5.72e-12	1.31e-08	6.27e-05	1.58e-02	9.84e-01
 8.43834e+22	8.38e-27	1.75e-20	9.86e-16	6.44e-12	1.42e-08	6.69e-05	1.64e-02	9.84e-01
 8.48863e+22	1.03e-26	2.08e-20	1.13e-15	7.17e-12	1.53e-08	7.08e-05	1.69e-02	9.83e-01
 8.54345e+22	1.33e-26	2.58e-20	1.34e-15	8.16e-12	1.67e-08	7.59e-05	1.76e-02	9.82e-01
 8.60061e+22	1.69e-26	3.13e-20	1.57e-15	9.19e-12	1.81e-08	8.09e-05	1.82e-02	9.82e-01
 8.65191e+22	2.12e-26	3.78e-20	1.83e-15	1.03e-11	1.95e-08	8.61e-05	1.88e-02	9.81e-01
 8.70134e+22	2.62e-26	4.51e-20	2.10e-15	1.15e-11	2.10e-08	9.12e-05	1.95e-02	9.80e-01
 8.75727e+22	3.44e-26	5.65e-20	2.52e-15	1.32e-11	2.31e-08	9.83e-05	2.03e-02	9.80e-01
 8.81463e+22	4.38e-26	6.90e-20	2.96e-15	1.49e-11	2.50e-08	1.05e-04	2.10e-02	9.79e-01
 8.86481e+22	5.52e-26	8.35e-20	3.45e-15	1.67e-11	2.70e-08	1.12e-04	2.17e-02	9.78e-01
 8.91305e+22	6.87e-26	1.00e-19	3.99e-15	1.87e-11	2.92e-08	1.18e-04	2.25e-02	9.77e-01
 8.96780e+22	9.03e-26	1.26e-19	4.79e-15	2.14e-11	3.20e-08	1.28e-04	2.34e-02	9.76e-01
 9.02462e+22	1.16e-25	1.54e-19	5.64e-15	2.43e-11	3.48e-08	1.36e-04	2.43e-02	9.76e-01
 9.07557e+22	1.46e-25	1.87e-19	6.58e-15	2.73e-11	3.77e-08	1.45e-04	2.51e-02	9.75e-01
 9.13322e+22	1.99e-25	2.42e-19	8.09e-15	3.20e-11	4.18e-08	1.58e-04	2.63e-02	9.74e-01
 9.19177e+22	2.57e-25	2.99e-19	9.60e-15	3.64e-11	4.56e-08	1.69e-04	2.73e-02	9.73e-01
 9.24054e+22	3.21e-25	3.60e-19	1.11e-14	4.08e-11	4.92e-08	1.79e-04	2.81e-02	9.72e-01
 9.29300e+22	4.28e-25	4.57e-19	1.35e-14	4.71e-11	5.43e-08	1.94e-04	2.93e-02	9.70e-01
 9.34657e+22	5.49e-25	5.62e-19	1.59e-14	5.34e-11	5.90e-08	2.07e-04	3.04e-02	9.69e-01
 9.39002e+22	6.72e-25	6.65e-19	1.82e-14	5.92e-11	6.32e-08	2.18e-04	3.13e-02	9.69e-01
 9.43494e+22	8.68e-25	8.22e-19	2.16e-14	6.75e-11	6.90e-08	2.33e-04	3.24e-02	9.67e-01
 9.47797e+22	1.05e-24	9.65e-19	2.46e-14	7.44e-11	7.36e-08	2.45e-04	3.33e-02	9.66e-01
 9.51268e+22	1.27e-24	1.13e-18	2.80e-14	8.20e-11	7.85e-08	2.58e-04	3.42e-02	9.66e-01
 9.54668e+22	1.53e-24	1.32e-18	3.16e-14	8.99e-11	8.35e-08	2.70e-04	3.50e-02	9.65e-01
 9.57992e+22	1.81e-24	1.52e-18	3.55e-14	9.81e-11	8.85e-08	2.83e-04	3.59e-02	9.64e-01
 9.61746e+22	2.28e-24	1.84e-18	4.14e-14	1.10e-10	9.57e-08	3.00e-04	3.70e-02	9.63e-01
 9.65493e+22	2.74e-24	2.14e-18	4.69e-14	1.21e-10	1.02e-07	3.15e-04	3.79e-02	9.62e-01
 9.68719e+22	3.29e-24	2.50e-18	5.30e-14	1.33e-10	1.09e-07	3.30e-04	3.89e-02	9.61e-01
 9.71796e+22	3.92e-24	2.89e-18	5.97e-14	1.46e-10	1.15e-07	3.45e-04	3.98e-02	9.60e-01
 9.74739e+22	4.65e-24	3.34e-18	6.70e-14	1.59e-10	1.22e-07	3.60e-04	4.07e-02	9.59e-01
 9.78111e+22	5.81e-24	4.02e-18	7.79e-14	1.79e-10	1.32e-07	3.81e-04	4.19e-02	9.58e-01
 9.81508e+22	6.93e-24	4.65e-18	8.77e-14	1.96e-10	1.40e-07	3.99e-04	4.29e-02	9.57e-01
 9.84935e+22	8.83e-24	5.70e-18	1.03e-13	2.22e-10	1.52e-07	4.24e-04	4.42e-02	9.55e-01
 9.88323e+22	1.06e-23	6.63e-18	1.17e-13	2.43e-10	1.62e-07	4.44e-04	4.52e-02	9.54e-01
 9.91110e+22	1.27e-23	7.72e-18	1.32e-13	2.67e-10	1.72e-07	4.64e-04	4.63e-02	9.53e-01
 9.93723e+22	1.50e-23	8.90e-18	1.48e-13	2.92e-10	1.83e-07	4.84e-04	4.73e-02	9.52e-01
 9.96660e+22	1.86e-23	1.06e-17	1.71e-13	3.26e-10	1.97e-07	5.10e-04	4.85e-02	9.51e-01
 9.99683e+22	2.26e-23	1.25e-17	1.96e-13	3.60e-10	2.10e-07	5.34e-04	4.97e-02	9.50e-01
 1.00232e+23	2.67e-23	1.44e-17	2.20e-13	3.93e-10	2.23e-07	5.57e-04	5.07e-02	9.49e-01
 1.00525e+23	3.41e-23	1.77e-17	2.60e-13	4.47e-10	2.43e-07	5.91e-04	5.22e-02	9.47e-01
 1.00819e+23	4.11e-23	2.08e-17	2.95e-13	4.93e-10	2.59e-07	6.18e-04	5.34e-02	9.46e-01
 1.01114e+23	5.26e-23	2.56e-17	3.50e-13	5.61e-10	2.82e-07	6.55e-04	5.50e-02	9.44e-01
 1.01414e+23	6.45e-23	3.04e-17	4.03e-13	6.24e-10	3.03e-07	6.88e-04	5.63e-02	9.43e-01
 1.01671e+23	7.77e-23	3.55e-17	4.58e-13	6.88e-10	3.24e-07	7.19e-04	5.76e-02	9.42e-01
 1.01956e+23	1.02e-22	4.48e-17	5.54e-13	7.95e-10	3.56e-07	7.66e-04	5.94e-02	9.40e-01
 1.02236e+23	1.23e-22	5.23e-17	6.28e-13	8.75e-10	3.80e-07	8.00e-04	6.07e-02	9.39e-01
 1.02510e+23	1.61e-22	6.58e-17	7.57e-13	1.01e-09	4.17e-07	8.51e-04	6.25e-02	9.37e-01
 1.02778e+23	1.93e-22	7.67e-17	8.59e-13	1.11e-09	4.45e-07	8.88e-04	6.38e-02	9.35e-01
 1.03040e+23	2.54e-22	9.68e-17	1.04e-12	1.28e-09	4.89e-07	9.44e-04	6.58e-02	9.33e-01
 1.03302e+23	3.07e-22	1.14e-16	1.19e-12	1.42e-09	5.24e-07	9.87e-04	6.72e-02	9.32e-01
 1.03563e+23	4.08e-22	1.45e-16	1.44e-12	1.65e-09	5.78e-07	1.05e-03	6.93e-02	9.30e-01
 1.03825e+23	5.01e-22	1.72e-16	1.67e-12	1.84e-09	6.22e-07	1.10e-03	7.08e-02	9.28e-01
 1.04090e+23	6.75e-22	2.22e-16	2.05e-12	2.15e-09	6.91e-07	1.18e-03	7.31e-02	9.26e-01
 1.04357e+23	8.36e-22	2.66e-16	2.38e-12	2.42e-09	7.46e-07	1.24e-03	7.48e-02	9.24e-01
 1.04627e+23	1.13e-21	3.43e-16	2.94e-12	2.83e-09	8.29e-07	1.32e-03	7.72e-02	9.21e-01
 1.04895e+23	1.41e-21	4.16e-16	3.44e-12	3.19e-09	8.98e-07	1.39e-03	7.91e-02	9.20e-01
 1.05159e+23	1.91e-21	5.37e-16	4.24e-12	3.75e-09	9.99e-07	1.48e-03	8.16e-02	9.17e-01
 1.05428e+23	2.43e-21	6.60e-16	5.03e-12	4.27e-09	1.09e-06	1.57e-03	8.37e-02	9.15e-01
 1.05704e+23	3.34e-21	8.67e-16	6.29e-12	5.06e-09	1.22e-06	1.68e-03	8.66e-02	9.12e-01
 1.05981e+23	4.29e-21	1.07e-15	7.50e-12	5.78e-09	1.33e-06	1.78e-03	8.89e-02	9.09e-01
 1.06262e+23	5.96e-21	1.42e-15	9.46e-12	6.90e-09	1.50e-06	1.91e-03	9.19e-02	9.06e-01
 1.06544e+23	7.68e-21	1.76e-15	1.13e-11	7.90e-09	1.64e-06	2.02e-03	9.44e-02	9.04e-01
 1.06788e+23	9.85e-21	2.18e-15	1.35e-11	9.03e-09	1.80e-06	2.13e-03	9.69e-02	9.01e-01
 1.07064e+23	1.37e-20	2.89e-15	1.70e-11	1.08e-08	2.02e-06	2.30e-03	1.00e-01	8.97e-01
 1.07339e+23	1.72e-20	3.52e-15	2.00e-11	1.22e-08	2.20e-06	2.42e-03	1.03e-01	8.95e-01
 1.07610e+23	2.34e-20	4.58e-15	2.48e-11	1.44e-08	2.46e-06	2.59e-03	1.06e-01	8.91e-01
 1.07888e+23	3.01e-20	5.67e-15	2.96e-11	1.65e-08	2.69e-06	2.74e-03	1.09e-01	8.88e-01
 1.08178e+23	4.14e-20	7.45e-15	3.71e-11	1.96e-08	3.02e-06	2.94e-03	1.12e-01	8.85e-01
 1.08472e+23	5.32e-20	9.24e-15	4.44e-11	2.25e-08	3.32e-06	3.11e-03	1.15e-01	8.81e-01
 1.08773e+23	7.35e-20	1.22e-14	5.58e-11	2.68e-08	3.73e-06	3.35e-03	1.19e-01	8.77e-01
 1.09081e+23	9.42e-20	1.51e-14	6.66e-11	3.07e-08	4.10e-06	3.55e-03	1.23e-01	8.74e-01
 1.09396e+23	1.30e-19	1.99e-14	8.37e-11	3.65e-08	4.61e-06	3.82e-03	1.27e-01	8.69e-01
 1.09717e+23	1.67e-19	2.46e-14	9.98e-11	4.19e-08	5.06e-06	4.05e-03	1.30e-01	8.66e-01
 1.10045e+23	2.29e-19	3.23e-14	1.25e-10	4.99e-08	5.71e-06	4.36e-03	1.35e-01	8.61e-01
 1.10374e+23	2.91e-19	3.97e-14	1.49e-10	5.69e-08	6.25e-06	4.61e-03	1.38e-01	8.57e-01
 1.10707e+23	3.96e-19	5.17e-14	1.85e-10	6.74e-08	7.02e-06	4.96e-03	1.43e-01	8.52e-01
 1.11048e+23	5.04e-19	6.35e-14	2.20e-10	7.70e-08	7.69e-06	5.25e-03	1.47e-01	8.48e-01
 1.11344e+23	6.29e-19	7.69e-14	2.58e-10	8.71e-08	8.37e-06	5.53e-03	1.50e-01	8.44e-01
 1.11673e+23	8.41e-19	9.87e-14	3.17e-10	1.02e-07	9.36e-06	5.93e-03	1.55e-01	8.39e-01
 1.12004e+23	1.04e-18	1.18e-13	3.69e-10	1.15e-07	1.01e-05	6.24e-03	1.58e-01	8.35e-01
 1.12335e+23	1.37e-18	1.50e-13	4.49e-10	1.34e-07	1.13e-05	6.67e-03	1.63e-01	8.30e-01
 1.12675e+23	1.69e-18	1.80e-13	5.24e-10	1.51e-07	1.23e-05	7.03e-03	1.67e-01	8.26e-01
 1.12975e+23	2.09e-18	2.16e-13	6.09e-10	1.70e-07	1.33e-05	7.39e-03	1.71e-01	8.22e-01
 1.13315e+23	2.75e-18	2.73e-13	7.43e-10	1.98e-07	1.48e-05	7.91e-03	1.76e-01	8.16e-01
 1.13655e+23	3.32e-18	3.22e-13	8.51e-10	2.21e-07	1.60e-05	8.29e-03	1.80e-01	8.12e-01
 1.13992e+23	4.31e-18	4.03e-13	1.03e-09	2.56e-07	1.77e-05	8.84e-03	1.85e-01	8.06e-01
 1.14336e+23	5.23e-18	4.76e-13	1.18e-09	2.85e-07	1.91e-05	9.27e-03	1.89e-01	8.02e-01
 1.14689e+23	6.80e-18	5.96e-13	1.43e-09	3.31e-07	2.12e-05	9.89e-03	1.94e-01	7.96e-01
 1.15048e+23	8.26e-18	7.06e-13	1.64e-09	3.70e-07	2.30e-05	1.04e-02	1.98e-01	7.91e-01
 1.15416e+23	1.08e-17	8.85e-13	1.99e-09	4.29e-07	2.55e-05	1.11e-02	2.04e-01	7.85e-01
 1.15791e+23	1.31e-17	1.05e-12	2.29e-09	4.80e-07	2.76e-05	1.17e-02	2.09e-01	7.80e-01
 1.16174e+23	1.70e-17	1.32e-12	2.77e-09	5.58e-07	3.07e-05	1.25e-02	2.15e-01	7.73e-01
 1.16549e+23	2.02e-17	1.53e-12	3.14e-09	6.16e-07	3.29e-05	1.30e-02	2.19e-01	7.68e-01
 1.16913e+23	2.60e-17	1.89e-12	3.76e-09	7.10e-07	3.64e-05	1.39e-02	2.25e-01	7.62e-01
 1.17282e+23	3.09e-17	2.20e-12	4.26e-09	7.84e-07	3.91e-05	1.45e-02	2.29e-01	7.57e-01
 1.17658e+23	3.92e-17	2.70e-12	5.08e-09	9.00e-07	4.31e-05	1.54e-02	2.35e-01	7.50e-01
 1.18046e+23	4.75e-17	3.19e-12	5.84e-09	1.01e-06	4.66e-05	1.62e-02	2.40e-01	7.44e-01
 1.18449e+23	6.04e-17	3.92e-12	6.94e-09	1.15e-06	5.14e-05	1.72e-02	2.46e-01	7.37e-01
 1.18865e+23	7.39e-17	4.67e-12	8.04e-09	1.30e-06	5.59e-05	1.81e-02	2.51e-01	7.31e-01
 1.19298e+23	9.46e-17	5.78e-12	9.62e-09	1.49e-06	6.19e-05	1.93e-02	2.58e-01	7.23e-01
 1.19743e+23	1.16e-16	6.91e-12	1.12e-08	1.68e-06	6.74e-05	2.03e-02	2.63e-01	7.16e-01
 1.20203e+23	1.49e-16	8.59e-12	1.34e-08	1.95e-06	7.48e-05	2.17e-02	2.70e-01	7.08e-01
 1.20677e+23	1.85e-16	1.03e-11	1.57e-08	2.21e-06	8.18e-05	2.29e-02	2.76e-01	7.01e-01
 1.21170e+23	2.41e-16	1.30e-11	1.90e-08	2.57e-06	9.12e-05	2.45e-02	2.84e-01	6.92e-01
 1.21680e+23	3.01e-16	1.58e-11	2.24e-08	2.93e-06	1.00e-04	2.59e-02	2.90e-01	6.84e-01
 1.22139e+23	3.71e-16	1.89e-11	2.60e-08	3.30e-06	1.09e-04	2.73e-02	2.96e-01	6.76e-01
 1.22666e+23	4.94e-16	2.42e-11	3.21e-08	3.90e-06	1.23e-04	2.94e-02	3.05e-01	6.66e-01
 1.23196e+23	6.08e-16	2.89e-11	3.73e-08	4.40e-06	1.34e-04	3.10e-02	3.11e-01	6.58e-01
 1.23732e+23	8.05e-16	3.68e-11	4.57e-08	5.17e-06	1.50e-04	3.33e-02	3.20e-01	6.47e-01
 1.24279e+23	1.01e-15	4.47e-11	5.39e-08	5.90e-06	1.65e-04	3.52e-02	3.27e-01	6.38e-01
 1.24840e+23	1.34e-15	5.72e-11	6.63e-08	6.96e-06	1.86e-04	3.78e-02	3.35e-01	6.27e-01
 1.25414e+23	1.70e-15	7.03e-11	7.89e-08	7.99e-06	2.05e-04	4.02e-02	3.43e-01	6.17e-01
 1.25924e+23	2.15e-15	8.60e-11	9.34e-08	9.15e-06	2.26e-04	4.26e-02	3.50e-01	6.07e-01
 1.26510e+23	2.91e-15	1.12e-10	1.17e-07	1.09e-05	2.57e-04	4.60e-02	3.60e-01	5.94e-01
 1.27065e+23	3.55e-15	1.33e-10	1.35e-07	1.23e-05	2.79e-04	4.83e-02	3.66e-01	5.86e-01
 1.27582e+23	4.68e-15	1.69e-10	1.65e-07	1.44e-05	3.13e-04	5.17e-02	3.75e-01	5.73e-01
 1.28100e+23	5.72e-15	2.01e-10	1.92e-07	1.62e-05	3.41e-04	5.44e-02	3.81e-01	5.64e-01
 1.28619e+23	7.48e-15	2.54e-10	2.33e-07	1.90e-05	3.81e-04	5.81e-02	3.90e-01	5.52e-01
 1.29150e+23	9.32e-15	3.07e-10	2.74e-07	2.17e-05	4.18e-04	6.14e-02	3.96e-01	5.42e-01
 1.29697e+23	1.24e-14	3.94e-10	3.39e-07	2.57e-05	4.73e-04	6.60e-02	4.06e-01	5.28e-01
 1.30247e+23	1.54e-14	4.76e-10	3.98e-07	2.93e-05	5.18e-04	6.96e-02	4.12e-01	5.17e-01
 1.30800e+23	2.06e-14	6.12e-10	4.93e-07	3.48e-05	5.87e-04	7.48e-02	4.21e-01	5.03e-01
 1.31364e+23	2.59e-14	7.47e-10	5.84e-07	4.00e-05	6.47e-04	7.92e-02	4.28e-01	4.92e-01
 1.31942e+23	3.49e-14	9.69e-10	7.30e-07	4.79e-05	7.37e-04	8.53e-02	4.38e-01	4.76e-01
 1.32532e+23	4.42e-14	1.19e-09	8.72e-07	5.54e-05	8.18e-04	9.06e-02	4.45e-01	4.64e-01
 1.33135e+23	6.00e-14	1.56e-09	1.10e-06	6.70e-05	9.38e-04	9.79e-02	4.54e-01	4.47e-01
 1.33746e+23	7.62e-14	1.92e-09	1.32e-06	7.78e-05	1.04e-03	1.04e-01	4.61e-01	4.34e-01
 1.34262e+23	9.46e-14	2.33e-09	1.56e-06	8.92e-05	1.15e-03	1.10e-01	4.67e-01	4.22e-01
 1.34825e+23	1.25e-13	2.97e-09	1.92e-06	1.06e-04	1.31e-03	1.18e-01	4.74e-01	4.06e-01
 1.35391e+23	1.54e-13	3.58e-09	2.26e-06	1.22e-04	1.45e-03	1.25e-01	4.80e-01	3.94e-01
 1.35944e+23	1.98e-13	4.48e-09	2.76e-06	1.44e-04	1.63e-03	1.33e-01	4.86e-01	3.79e-01
 1.36507e+23	2.45e-13	5.42e-09	3.26e-06	1.66e-04	1.81e-03	1.41e-01	4.91e-01	3.66e-01
 1.37061e+23	3.10e-13	6.69e-09	3.94e-06	1.96e-04	2.03e-03	1.50e-01	4.97e-01	3.51e-01
 1.37626e+23	3.83e-13	8.09e-09	4.67e-06	2.26e-04	2.26e-03	1.59e-01	5.01e-01	3.38e-01
 1.38181e+23	4.75e-13	9.82e-09	5.55e-06	2.63e-04	2.53e-03	1.68e-01	5.05e-01	3.24e-01
 1.38742e+23	5.82e-13	1.18e-08	6.56e-06	3.04e-04	2.81e-03	1.78e-01	5.08e-01	3.11e-01
 1.39295e+23	7.08e-13	1.41e-08	7.73e-06	3.52e-04	3.13e-03	1.88e-01	5.11e-01	2.98e-01
 1.39847e+23	8.55e-13	1.68e-08	9.06e-06	4.05e-04	3.47e-03	1.98e-01	5.13e-01	2.85e-01
 1.40400e+23	1.03e-12	1.99e-08	1.06e-05	4.65e-04	3.85e-03	2.09e-01	5.15e-01	2.72e-01
 1.40955e+23	1.22e-12	2.34e-08	1.23e-05	5.33e-04	4.27e-03	2.20e-01	5.16e-01	2.60e-01
 1.41512e+23	1.45e-12	2.75e-08	1.43e-05	6.11e-04	4.72e-03	2.31e-01	5.16e-01	2.47e-01
 1.42073e+23	1.71e-12	3.21e-08	1.66e-05	6.98e-04	5.22e-03	2.43e-01	5.16e-01	2.35e-01
 1.42640e+23	2.01e-12	3.74e-08	1.92e-05	7.97e-04	5.77e-03	2.55e-01	5.15e-01	2.24e-01
 1.43210e+23	2.35e-12	4.34e-08	2.20e-05	9.06e-04	6.36e-03	2.67e-01	5.13e-01	2.12e-01
 1.43789e+23	2.73e-12	5.02e-08	2.54e-05	1.03e-03	7.03e-03	2.80e-01	5.11e-01	2.01e-01
 1.44374e+23	3.16e-12	5.78e-08	2.90e-05	1.17e-03	7.73e-03	2.93e-01	5.08e-01	1.90e-01
 1.44971e+23	3.72e-12	6.66e-08	3.34e-05	1.33e-03	8.53e-03	3.06e-01	5.04e-01	1.80e-01
 1.45578e+23	4.28e-12	7.63e-08	3.81e-05	1.51e-03	9.38e-03	3.19e-01	5.00e-01	1.69e-01
 1.46133e+23	4.80e-12	8.53e-08	4.25e-05	1.67e-03	1.01e-02	3.31e-01	4.96e-01	1.61e-01
 1.46713e+23	5.52e-12	9.78e-08	4.86e-05	1.90e-03	1.12e-02	3.45e-01	4.91e-01	1.51e-01
 1.47303e+23	6.17e-12	1.09e-07	5.42e-05	2.10e-03	1.21e-02	3.57e-01	4.86e-01	1.43e-01
 1.47910e+23	7.09e-12	1.25e-07	6.21e-05	2.38e-03	1.34e-02	3.72e-01	4.79e-01	1.34e-01
 1.48519e+23	7.88e-12	1.39e-07	6.89e-05	2.63e-03	1.44e-02	3.84e-01	4.73e-01	1.26e-01
 1.49131e+23	8.97e-12	1.58e-07	7.85e-05	2.97e-03	1.59e-02	3.99e-01	4.65e-01	1.18e-01
 1.49746e+23	9.94e-12	1.75e-07	8.68e-05	3.26e-03	1.70e-02	4.10e-01	4.58e-01	1.11e-01
 1.50362e+23	1.13e-11	1.98e-07	9.85e-05	3.67e-03	1.87e-02	4.25e-01	4.49e-01	1.03e-01
 1.50986e+23	1.24e-11	2.19e-07	1.09e-04	4.02e-03	2.00e-02	4.36e-01	4.42e-01	9.74e-02
 1.51617e+23	1.41e-11	2.47e-07	1.23e-04	4.51e-03	2.19e-02	4.51e-01	4.32e-01	9.01e-02
 1.52257e+23	1.55e-11	2.73e-07	1.36e-04	4.94e-03	2.35e-02	4.62e-01	4.24e-01	8.47e-02
 1.52907e+23	1.75e-11	3.08e-07	1.54e-04	5.53e-03	2.57e-02	4.77e-01	4.14e-01	7.81e-02
 1.53569e+23	1.94e-11	3.40e-07	1.70e-04	6.05e-03	2.75e-02	4.88e-01	4.05e-01	7.32e-02
 1.54246e+23	2.19e-11	3.85e-07	1.93e-04	6.77e-03	3.00e-02	5.02e-01	3.93e-01	6.71e-02
 1.54939e+23	2.43e-11	4.26e-07	2.14e-04	7.41e-03	3.21e-02	5.14e-01	3.84e-01	6.26e-02
 1.55651e+23	2.75e-11	4.83e-07	2.43e-04	8.31e-03	3.51e-02	5.28e-01	3.72e-01	5.71e-02
 1.56378e+23	3.07e-11	5.37e-07	2.70e-04	9.09e-03	3.76e-02	5.38e-01	3.62e-01	5.31e-02
 1.56991e+23	3.36e-11	5.88e-07	2.96e-04	9.83e-03	3.99e-02	5.48e-01	3.53e-01	4.96e-02
 1.57655e+23	3.77e-11	6.61e-07	3.33e-04	1.09e-02	4.31e-02	5.59e-01	3.41e-01	4.55e-02
 1.58300e+23	4.12e-11	7.20e-07	3.62e-04	1.17e-02	4.55e-02	5.67e-01	3.33e-01	4.27e-02
 1.58922e+23	4.56e-11	7.99e-07	4.03e-04	1.28e-02	4.88e-02	5.77e-01	3.22e-01	3.92e-02
 1.59550e+23	5.02e-11	8.75e-07	4.40e-04	1.37e-02	5.13e-02	5.84e-01	3.13e-01	3.68e-02
 1.60187e+23	5.58e-11	9.74e-07	4.91e-04	1.50e-02	5.50e-02	5.94e-01	3.02e-01	3.37e-02
 1.60832e+23	6.15e-11	1.07e-06	5.37e-04	1.61e-02	5.79e-02	6.00e-01	2.94e-01	3.15e-02
 1.61489e+23	6.87e-11	1.19e-06	6.01e-04	1.76e-02	6.19e-02	6.09e-01	2.82e-01	2.87e-02
 1.62156e+23	7.60e-11	1.31e-06	6.58e-04	1.89e-02	6.51e-02	6.15e-01	2.74e-01	2.68e-02
 1.62835e+23	8.52e-11	1.47e-06	7.38e-04	2.07e-02	6.96e-02	6.22e-01	2.63e-01	2.43e-02
 1.63526e+23	9.46e-11	1.63e-06	8.11e-04	2.22e-02	7.32e-02	6.27e-01	2.54e-01	2.26e-02
 1.64231e+23	1.07e-10	1.84e-06	9.14e-04	2.43e-02	7.82e-02	6.34e-01	2.43e-01	2.04e-02
 1.64955e+23	1.20e-10	2.04e-06	1.01e-03	2.62e-02	8.23e-02	6.38e-01	2.34e-01	1.88e-02
 1.65703e+23	1.37e-10	2.32e-06	1.14e-03	2.88e-02	8.80e-02	6.43e-01	2.22e-01	1.69e-02
 1.66469e+23	1.54e-10	2.59e-06	1.27e-03	3.10e-02	9.27e-02	6.46e-01	2.13e-01	1.55e-02
 1.67260e+23	1.78e-10	2.98e-06	1.45e-03	3.41e-02	9.91e-02	6.50e-01	2.02e-01	1.38e-02
 1.68058e+23	2.01e-10	3.35e-06	1.61e-03	3.68e-02	1.04e-01	6.52e-01	1.93e-01	1.26e-02
 1.68864e+23	2.33e-10	3.85e-06	1.85e-03	4.04e-02	1.11e-01	6.53e-01	1.82e-01	1.12e-02
 1.69679e+23	2.66e-10	4.34e-06	2.05e-03	4.35e-02	1.16e-01	6.54e-01	1.74e-01	1.02e-02
 1.70504e+23	3.10e-10	5.01e-06	2.36e-03	4.78e-02	1.24e-01	6.54e-01	1.63e-01	9.00e-03
 1.71344e+23	3.56e-10	5.68e-06	2.63e-03	5.15e-02	1.30e-01	6.52e-01	1.55e-01	8.16e-03
 1.72086e+23	4.03e-10	6.38e-06	2.93e-03	5.54e-02	1.36e-01	6.51e-01	1.47e-01	7.38e-03
 1.72932e+23	4.77e-10	7.44e-06	3.37e-03	6.07e-02	1.44e-01	6.47e-01	1.38e-01	6.49e-03
 1.73795e+23	5.45e-10	8.42e-06	3.77e-03	6.53e-02	1.51e-01	6.44e-01	1.30e-01	5.82e-03
 1.74495e+23	6.15e-10	9.39e-06	4.15e-03	6.95e-02	1.57e-01	6.40e-01	1.24e-01	5.31e-03
 1.75221e+23	7.13e-10	1.07e-05	4.65e-03	7.48e-02	1.64e-01	6.35e-01	1.17e-01	4.76e-03
 1.75984e+23	8.11e-10	1.20e-05	5.15e-03	7.97e-02	1.70e-01	6.30e-01	1.11e-01	4.31e-03
 1.76685e+23	9.21e-10	1.34e-05	5.69e-03	8.48e-02	1.76e-01	6.25e-01	1.05e-01	3.91e-03
 1.77485e+23	1.08e-09	1.55e-05	6.44e-03	9.17e-02	1.84e-01	6.17e-01	9.79e-02	3.45e-03
 1.78305e+23	1.24e-09	1.76e-05	7.17e-03	9.80e-02	1.91e-01	6.09e-01	9.18e-02	3.08e-03
 1.79025e+23	1.42e-09	1.97e-05	7.92e-03	1.04e-01	1.97e-01	6.01e-01	8.67e-02	2.78e-03
 1.79834e+23	1.68e-09	2.29e-05	8.96e-03	1.12e-01	2.05e-01	5.91e-01	8.05e-02	2.44e-03
 1.80682e+23	1.95e-09	2.60e-05	1.00e-02	1.20e-01	2.12e-01	5.81e-01	7.50e-02	2.16e-03
 1.81449e+23	2.25e-09	2.94e-05	1.11e-02	1.27e-01	2.19e-01	5.71e-01	7.02e-02	1.93e-03
 1.82315e+23	2.70e-09	3.44e-05	1.26e-02	1.37e-01	2.27e-01	5.57e-01	6.45e-02	1.67e-03
 1.83208e+23	3.14e-09	3.94e-05	1.41e-02	1.46e-01	2.34e-01	5.44e-01	5.96e-02	1.46e-03
 1.84004e+23	3.66e-09	4.47e-05	1.57e-02	1.55e-01	2.40e-01	5.32e-01	5.54e-02	1.29e-03
 1.84903e+23	4.43e-09	5.26e-05	1.78e-02	1.67e-01	2.48e-01	5.16e-01	5.04e-02	1.10e-03
 1.85839e+23	5.24e-09	6.06e-05	2.00e-02	1.78e-01	2.54e-01	5.01e-01	4.62e-02	9.55e-04
 1.86682e+23	6.03e-09	6.93e-05	2.22e-02	1.89e-01	2.60e-01	4.86e-01	4.25e-02	8.33e-04
 1.87638e+23	7.41e-09	8.23e-05	2.54e-02	2.03e-01	2.67e-01	4.66e-01	3.81e-02	6.97e-04
 1.88620e+23	8.82e-09	9.50e-05	2.85e-02	2.15e-01	2.72e-01	4.49e-01	3.46e-02	5.98e-04
 1.89504e+23	1.05e-08	1.09e-04	3.17e-02	2.27e-01	2.77e-01	4.32e-01	3.14e-02	5.14e-04
 1.90517e+23	1.30e-08	1.31e-04	3.64e-02	2.44e-01	2.82e-01	4.10e-01	2.77e-02	4.20e-04
 1.91540e+23	1.55e-08	1.51e-04	4.05e-02	2.57e-01	2.86e-01	3.92e-01	2.49e-02	3.56e-04
 1.92574e+23	1.95e-08	1.81e-04	4.63e-02	2.74e-01	2.89e-01	3.69e-01	2.17e-02	2.90e-04
 1.93625e+23	2.34e-08	2.10e-04	5.15e-02	2.88e-01	2.91e-01	3.50e-01	1.94e-02	2.43e-04
 1.94698e+23	2.96e-08	2.52e-04	5.89e-02	3.06e-01	2.92e-01	3.26e-01	1.67e-02	1.93e-04
 1.95780e+23	3.57e-08	2.92e-04	6.53e-02	3.20e-01	2.93e-01	3.07e-01	1.47e-02	1.60e-04
 1.96876e+23	4.54e-08	3.52e-04	7.45e-02	3.38e-01	2.92e-01	2.83e-01	1.25e-02	1.26e-04
 1.97983e+23	5.50e-08	4.08e-04	8.23e-02	3.52e-01	2.90e-01	2.64e-01	1.09e-02	1.03e-04
 1.99104e+23	7.03e-08	4.93e-04	9.34e-02	3.69e-01	2.86e-01	2.41e-01	9.18e-03	7.96e-05
 2.00240e+23	8.55e-08	5.71e-04	1.03e-01	3.83e-01	2.82e-01	2.23e-01	7.94e-03	6.45e-05
 2.01396e+23	1.10e-07	6.91e-04	1.16e-01	3.99e-01	2.76e-01	2.01e-01	6.56e-03	4.89e-05
 2.02534e+23	1.33e-07	7.94e-04	1.27e-01	4.10e-01	2.70e-01	1.86e-01	5.66e-03	3.96e-05
 2.03486e+23	1.59e-07	9.07e-04	1.38e-01	4.20e-01	2.65e-01	1.71e-01	4.90e-03	3.22e-05
 2.04406e+23	1.89e-07	1.03e-03	1.49e-01	4.29e-01	2.58e-01	1.58e-01	4.25e-03	2.64e-05
 2.05445e+23	2.36e-07	1.21e-03	1.64e-01	4.40e-01	2.49e-01	1.42e-01	3.53e-03	2.03e-05
 2.06479e+23	2.81e-07	1.37e-03	1.77e-01	4.47e-01	2.42e-01	1.30e-01	3.04e-03	1.64e-05
 2.07506e+23	3.49e-07	1.60e-03	1.93e-01	4.54e-01	2.32e-01	1.16e-01	2.51e-03	1.26e-05
 2.08553e+23	4.17e-07	1.82e-03	2.07e-01	4.60e-01	2.24e-01	1.06e-01	2.14e-03	1.00e-05
 2.09625e+23	5.21e-07	2.12e-03	2.25e-01	4.65e-01	2.12e-01	9.35e-02	1.74e-03	7.52e-06
 2.10706e+23	6.22e-07	2.41e-03	2.41e-01	4.68e-01	2.03e-01	8.43e-02	1.46e-03	5.93e-06
 2.11797e+23	7.77e-07	2.81e-03	2.61e-01	4.70e-01	1.92e-01	7.38e-02	1.18e-03	4.39e-06
 2.12901e+23	9.31e-07	3.19e-03	2.78e-01	4.70e-01	1.82e-01	6.59e-02	9.78e-04	3.41e-06
 2.13784e+23	1.07e-06	3.51e-03	2.92e-01	4.69e-01	1.74e-01	6.02e-02	8.46e-04	2.80e-06
 2.14694e+23	1.28e-06	3.97e-03	3.10e-01	4.68e-01	1.65e-01	5.35e-02	6.99e-04	2.16e-06
 2.15619e+23	1.49e-06	4.39e-03	3.25e-01	4.65e-01	1.57e-01	4.84e-02	5.95e-04	1.73e-06
 2.16564e+23	1.78e-06	4.97e-03	3.44e-01	4.61e-01	1.47e-01	4.27e-02	4.88e-04	1.32e-06
 2.17521e+23	2.08e-06	5.50e-03	3.60e-01	4.57e-01	1.39e-01	3.83e-02	4.11e-04	1.05e-06
 2.18355e+23	2.40e-06	6.05e-03	3.75e-01	4.52e-01	1.32e-01	3.46e-02	3.49e-04	8.41e-07
 2.19302e+23	2.87e-06	6.82e-03	3.95e-01	4.45e-01	1.23e-01	3.02e-02	2.82e-04	6.32e-07
 2.20262e+23	3.31e-06	7.50e-03	4.10e-01	4.39e-01	1.15e-01	2.71e-02	2.38e-04	5.02e-07
 2.21238e+23	3.96e-06	8.44e-03	4.30e-01	4.31e-01	1.07e-01	2.35e-02	1.91e-04	3.74e-07
 2.22228e+23	4.60e-06	9.30e-03	4.47e-01	4.23e-01	9.99e-02	2.09e-02	1.58e-04	2.91e-07
 2.23099e+23	5.31e-06	1.02e-02	4.63e-01	4.15e-01	9.36e-02	1.86e-02	1.32e-04	2.28e-07
 2.24094e+23	6.37e-06	1.15e-02	4.83e-01	4.03e-01	8.58e-02	1.60e-02	1.04e-04	1.67e-07
 2.25100e+23	7.33e-06	1.26e-02	4.99e-01	3.94e-01	7.99e-02	1.41e-02	8.66e-05	1.30e-07
 2.26120e+23	8.77e-06	1.41e-02	5.19e-01	3.82e-01	7.29e-02	1.21e-02	6.81e-05	0.00e+00
 2.27162e+23	1.02e-05	1.55e-02	5.36e-01	3.71e-01	6.73e-02	1.06e-02	5.53e-05	0.00e+00
 2.28087e+23	1.18e-05	1.70e-02	5.51e-01	3.60e-01	6.22e-02	9.27e-03	4.53e-05	0.00e+00
 2.29144e+23	1.42e-05	1.91e-02	5.71e-01	3.46e-01	5.61e-02	7.81e-03	3.48e-05	0.00e+00
 2.30215e+23	1.65e-05	2.10e-02	5.86e-01	3.35e-01	5.16e-02	6.81e-03	2.82e-05	0.00e+00
 2.31304e+23	1.98e-05	2.36e-02	6.05e-01	3.20e-01	4.63e-02	5.71e-03	2.15e-05	0.00e+00
 2.32422e+23	2.32e-05	2.60e-02	6.20e-01	3.07e-01	4.21e-02	4.90e-03	1.71e-05	0.00e+00
 2.33423e+23	2.69e-05	2.85e-02	6.34e-01	2.95e-01	3.84e-02	4.22e-03	1.36e-05	0.00e+00
 2.34571e+23	3.26e-05	3.21e-02	6.51e-01	2.79e-01	3.40e-02	3.48e-03	1.01e-05	0.00e+00
 2.35747e+23	3.82e-05	3.54e-02	6.65e-01	2.66e-01	3.06e-02	2.96e-03	7.91e-06	0.00e+00
 2.36642e+23	4.26e-05	3.77e-02	6.74e-01	2.57e-01	2.85e-02	2.64e-03	6.65e-06	0.00e+00
 2.37489e+23	4.90e-05	4.11e-02	6.85e-01	2.46e-01	2.59e-02	2.28e-03	5.31e-06	0.00e+00
 2.38353e+23	5.48e-05	4.40e-02	6.93e-01	2.37e-01	2.40e-02	2.02e-03	4.42e-06	0.00e+00
 2.39240e+23	6.33e-05	4.81e-02	7.03e-01	2.25e-01	2.17e-02	1.73e-03	3.49e-06	0.00e+00
 2.40136e+23	7.09e-05	5.14e-02	7.11e-01	2.16e-01	2.00e-02	1.52e-03	2.89e-06	0.00e+00
 2.41045e+23	8.20e-05	5.61e-02	7.20e-01	2.05e-01	1.80e-02	1.30e-03	2.26e-06	0.00e+00
 2.41966e+23	9.20e-05	6.01e-02	7.26e-01	1.96e-01	1.65e-02	1.14e-03	1.85e-06	0.00e+00
 2.42904e+23	1.07e-04	6.56e-02	7.34e-01	1.85e-01	1.48e-02	9.61e-04	1.44e-06	0.00e+00
 2.43857e+23	1.20e-04	7.04e-02	7.39e-01	1.76e-01	1.35e-02	8.36e-04	1.17e-06	0.00e+00
 2.44832e+23	1.40e-04	7.70e-02	7.45e-01	1.65e-01	1.20e-02	7.00e-04	8.92e-07	0.00e+00
 2.45821e+23	1.57e-04	8.26e-02	7.50e-01	1.56e-01	1.09e-02	6.05e-04	7.16e-07	0.00e+00
 2.46830e+23	1.84e-04	9.05e-02	7.54e-01	1.46e-01	9.60e-03	5.02e-04	5.40e-07	0.00e+00
 2.47857e+23	2.08e-04	9.72e-02	7.56e-01	1.37e-01	8.66e-03	4.30e-04	4.28e-07	0.00e+00
 2.48909e+23	2.44e-04	1.07e-01	7.58e-01	1.27e-01	7.59e-03	3.53e-04	3.18e-07	0.00e+00
 2.49982e+23	2.77e-04	1.15e-01	7.59e-01	1.19e-01	6.80e-03	2.99e-04	2.49e-07	0.00e+00
 2.51085e+23	3.26e-04	1.26e-01	7.58e-01	1.09e-01	5.90e-03	2.42e-04	1.81e-07	0.00e+00
 2.52206e+23	3.72e-04	1.36e-01	7.57e-01	1.01e-01	5.25e-03	2.03e-04	1.40e-07	0.00e+00
 2.53351e+23	4.38e-04	1.49e-01	7.53e-01	9.23e-02	4.53e-03	1.63e-04	0.00e+00	0.00e+00
 2.54518e+23	5.03e-04	1.61e-01	7.50e-01	8.50e-02	3.99e-03	1.35e-04	0.00e+00	0.00e+00
 2.55716e+23	5.99e-04	1.78e-01	7.42e-01	7.63e-02	3.40e-03	1.06e-04	0.00e+00	0.00e+00
 2.56914e+23	6.84e-04	1.91e-01	7.35e-01	7.00e-02	2.99e-03	8.73e-05	0.00e+00	0.00e+00
 2.58114e+23	8.14e-04	2.10e-01	7.24e-01	6.23e-02	2.53e-03	6.78e-05	0.00e+00	0.00e+00
 2.59330e+23	9.35e-04	2.26e-01	7.14e-01	5.65e-02	2.21e-03	5.53e-05	0.00e+00	0.00e+00
 2.60568e+23	1.12e-03	2.49e-01	6.98e-01	4.96e-02	1.85e-03	4.21e-05	0.00e+00	0.00e+00
 2.61822e+23	1.29e-03	2.69e-01	6.84e-01	4.44e-02	1.60e-03	3.37e-05	0.00e+00	0.00e+00
 2.63097e+23	1.55e-03	2.97e-01	6.62e-01	3.83e-02	1.32e-03	2.52e-05	0.00e+00	0.00e+00
 2.64386e+23	1.80e-03	3.20e-01	6.44e-01	3.37e-02	1.13e-03	1.98e-05	0.00e+00	0.00e+00
 2.65695e+23	2.20e-03	3.54e-01	6.15e-01	2.83e-02	9.16e-04	1.42e-05	0.00e+00	0.00e+00
 2.67009e+23	2.56e-03	3.81e-01	5.91e-01	2.46e-02	7.77e-04	1.10e-05	0.00e+00	0.00e+00
 2.68328e+23	3.11e-03	4.20e-01	5.56e-01	2.02e-02	6.20e-04	7.69e-06	0.00e+00	0.00e+00
 2.69672e+23	3.67e-03	4.53e-01	5.26e-01	1.70e-02	5.13e-04	5.68e-06	0.00e+00	0.00e+00
 2.71046e+23	4.54e-03	4.99e-01	4.83e-01	1.34e-02	3.95e-04	3.75e-06	0.00e+00	0.00e+00
 2.72441e+23	5.41e-03	5.38e-01	4.45e-01	1.08e-02	3.17e-04	2.63e-06	0.00e+00	0.00e+00
 2.73862e+23	6.74e-03	5.90e-01	3.95e-01	8.06e-03	2.34e-04	1.62e-06	0.00e+00	0.00e+00
 2.75301e+23	8.14e-03	6.34e-01	3.52e-01	6.16e-03	1.79e-04	1.05e-06	0.00e+00	0.00e+00
 2.76392e+23	9.40e-03	6.67e-01	3.19e-01	4.96e-03	1.44e-04	7.43e-07	0.00e+00	0.00e+00
 2.77440e+23	1.11e-02	7.05e-01	2.80e-01	3.76e-03	1.09e-04	4.79e-07	0.00e+00	0.00e+00
 2.78548e+23	1.30e-02	7.41e-01	2.43e-01	2.84e-03	8.27e-05	3.08e-07	0.00e+00	0.00e+00
 2.79565e+23	1.52e-02	7.73e-01	2.09e-01	2.12e-03	6.17e-05	1.95e-07	0.00e+00	0.00e+00
 2.80717e+23	1.85e-02	8.11e-01	1.69e-01	1.42e-03	4.12e-05	0.00e+00	0.00e+00	0.00e+00
 2.81891e+23	2.25e-02	8.42e-01	1.34e-01	9.50e-04	2.72e-05	0.00e+00	0.00e+00	0.00e+00
 2.82838e+23	2.64e-02	8.65e-01	1.08e-01	6.61e-04	1.85e-05	0.00e+00	0.00e+00	0.00e+00
 2.83663e+23	3.09e-02	8.82e-01	8.66e-02	4.61e-04	1.25e-05	0.00e+00	0.00e+00	0.00e+00
 2.84443e+23	3.62e-02	8.95e-01	6.82e-02	3.20e-04	8.24e-06	0.00e+00	0.00e+00	0.00e+00
 2.85178e+23	4.26e-02	9.05e-01	5.27e-02	2.20e-04	5.28e-06	0.00e+00	0.00e+00	0.00e+00
 2.85847e+23	5.00e-02	9.09e-01	4.05e-02	1.54e-04	3.36e-06	0.00e+00	0.00e+00	0.00e+00
 2.86442e+23	5.87e-02	9.10e-01	3.11e-02	1.10e-04	2.14e-06	0.00e+00	0.00e+00	0.00e+00
 2.86971e+23	6.86e-02	9.07e-01	2.40e-02	8.09e-05	1.37e-06	0.00e+00	0.00e+00	0.00e+00
 2.87448e+23	7.99e-02	9.02e-01	1.85e-02	6.10e-05	8.95e-07	0.00e+00	0.00e+00	0.00e+00
 2.87889e+23	9.33e-02	8.92e-01	1.43e-02	4.68e-05	5.82e-07	0.00e+00	0.00e+00	0.00e+00
 2.88295e+23	1.09e-01	8.80e-01	1.11e-02	3.66e-05	3.83e-07	0.00e+00	0.00e+00	0.00e+00
 2.88664e+23	1.27e-01	8.65e-01	8.64e-03	2.93e-05	2.57e-07	0.00e+00	0.00e+00	0.00e+00
 2.89004e+23	1.47e-01	8.46e-01	6.78e-03	2.39e-05	1.75e-07	0.00e+00	0.00e+00	0.00e+00
 2.89235e+23	1.62e-01	8.33e-01	5.78e-03	2.10e-05	1.37e-07	0.00e+00	0.00e+00	0.00e+00
 2.89346e+23	1.70e-01	8.25e-01	5.33e-03	1.97e-05	0.00e+00	0.00e+00	0.00e+00	0.00e+00
 2.89443e+23	1.77e-01	8.18e-01	4.94e-03	1.86e-05	0.00e+00	0.00e+00	0.00e+00	0.00e+00
 2.89567e+23	1.88e-01	8.08e-01	4.48e-03	1.73e-05	0.00e+00	0.00e+00	0.00e+00	0.00e+00
 2.89712e+23	2.01e-01	7.95e-01	3.99e-03	1.59e-05	0.00e+00	0.00e+00	0.00e+00	0.00e+00
 2.89857e+23	2.14e-01	7.82e-01	3.57e-03	1.47e-05	0.00e+00	0.00e+00	0.00e+00	0.00e+00
 2.90005e+23	2.29e-01	7.68e-01	3.16e-03	1.35e-05	0.00e+00	0.00e+00	0.00e+00	0.00e+00
 2.90158e+23	2.45e-01	7.52e-01	2.80e-03	1.24e-05	0.00e+00	0.00e+00	0.00e+00	0.00e+00
 2.90314e+23	2.63e-01	7.35e-01	2.46e-03	1.14e-05	0.00e+00	0.00e+00	0.00e+00	0.00e+00
 2.90478e+23	2.82e-01	7.16e-01	2.14e-03	1.05e-05	0.00e+00	0.00e+00	0.00e+00	0.00e+00
 2.90646e+23	3.03e-01	6.95e-01	1.86e-03	9.58e-06	0.00e+00	0.00e+00	0.00e+00	0.00e+00
 2.90812e+23	3.23e-01	6.75e-01	1.62e-03	8.81e-06	0.00e+00	0.00e+00	0.00e+00	0.00e+00
 2.90939e+23	3.38e-01	6.60e-01	1.47e-03	8.30e-06	0.00e+00	0.00e+00	0.00e+00	0.00e+00
 2.91024e+23	3.49e-01	6.49e-01	1.37e-03	7.97e-06	0.00e+00	0.00e+00	0.00e+00	0.00e+00
 2.91107e+23	3.60e-01	6.39e-01	1.28e-03	7.66e-06	0.00e+00	0.00e+00	0.00e+00	0.00e+00
 2.91205e+23	3.73e-01	6.26e-01	1.18e-03	7.30e-06	0.00e+00	0.00e+00	0.00e+00	0.00e+00
 2.91313e+23	3.88e-01	6.11e-01	1.07e-03	6.94e-06	0.00e+00	0.00e+00	0.00e+00	0.00e+00
 2.91418e+23	4.01e-01	5.98e-01	9.88e-04	6.61e-06	0.00e+00	0.00e+00	0.00e+00	0.00e+00
 2.91522e+23	4.15e-01	5.84e-01	9.06e-04	6.31e-06	0.00e+00	0.00e+00	0.00e+00	0.00e+00
 2.91629e+23	4.29e-01	5.70e-01	8.30e-04	6.01e-06	0.00e+00	0.00e+00	0.00e+00	0.00e+00
 2.91738e+23	4.43e-01	5.56e-01	7.58e-04	5.73e-06	0.00e+00	0.00e+00	0.00e+00	0.00e+00
 2.91850e+23	4.58e-01	5.41e-01	6.91e-04	5.46e-06	0.00e+00	0.00e+00	0.00e+00	0.00e+00
 2.91962e+23	4.72e-01	5.27e-01	6.32e-04	5.20e-06	0.00e+00	0.00e+00	0.00e+00	0.00e+00
 2.92077e+23	4.87e-01	5.13e-01	5.75e-04	4.96e-06	0.00e+00	0.00e+00	0.00e+00	0.00e+00
 2.92198e+23	5.02e-01	4.97e-01	5.22e-04	4.71e-06	0.00e+00	0.00e+00	0.00e+00	0.00e+00
 2.92320e+23	5.17e-01	4.82e-01	4.74e-04	4.48e-06	0.00e+00	0.00e+00	0.00e+00	0.00e+00
 2.92444e+23	5.32e-01	4.68e-01	4.30e-04	4.27e-06	0.00e+00	0.00e+00	0.00e+00	0.00e+00
 2.92572e+23	5.47e-01	4.52e-01	3.89e-04	4.05e-06	0.00e+00	0.00e+00	0.00e+00	0.00e+00
 2.92705e+23	5.63e-01	4.37e-01	3.50e-04	3.85e-06	0.00e+00	0.00e+00	0.00e+00	0.00e+00
 2.92841e+23	5.77e-01	4.22e-01	3.17e-04	3.66e-06	0.00e+00	0.00e+00	0.00e+00	0.00e+00
 2.92982e+23	5.93e-01	4.07e-01	2.85e-04	3.47e-06	0.00e+00	0.00e+00	0.00e+00	0.00e+00
 2.93129e+23	6.09e-01	3.91e-01	2.55e-04	3.28e-06	0.00e+00	0.00e+00	0.00e+00	0.00e+00
 2.93277e+23	6.24e-01	3.76e-01	2.29e-04	3.11e-06	0.00e+00	0.00e+00	0.00e+00	0.00e+00
 2.93426e+23	6.38e-01	3.61e-01	2.07e-04	2.95e-06	0.00e+00	0.00e+00	0.00e+00	0.00e+00
 2.93582e+23	6.53e-01	3.47e-01	1.85e-04	2.80e-06	0.00e+00	0.00e+00	0.00e+00	0.00e+00
 2.93747e+23	6.68e-01	3.32e-01	1.66e-04	2.64e-06	0.00e+00	0.00e+00	0.00e+00	0.00e+00
 2.93917e+23	6.83e-01	3.17e-01	1.48e-04	2.49e-06	0.00e+00	0.00e+00	0.00e+00	0.00e+00
 2.94088e+23	6.97e-01	3.03e-01	1.33e-04	2.36e-06	0.00e+00	0.00e+00	0.00e+00	0.00e+00
 2.94264e+23	7.11e-01	2.89e-01	1.19e-04	2.23e-06	0.00e+00	0.00e+00	0.00e+00	0.00e+00
 2.94450e+23	7.25e-01	2.75e-01	1.07e-04	2.10e-06	0.00e+00	0.00e+00	0.00e+00	0.00e+00
 2.94642e+23	7.38e-01	2.62e-01	9.61e-05	1.98e-06	0.00e+00	0.00e+00	0.00e+00	0.00e+00
 2.94834e+23	7.51e-01	2.49e-01	8.67e-05	1.87e-06	0.00e+00	0.00e+00	0.00e+00	0.00e+00
 2.95029e+23	7.63e-01	2.37e-01	7.83e-05	1.77e-06	0.00e+00	0.00e+00	0.00e+00	0.00e+00
 2.95233e+23	7.75e-01	2.25e-01	7.09e-05	1.67e-06	0.00e+00	0.00e+00	0.00e+00	0.00e+00
 2.95445e+23	7.87e-01	2.13e-01	6.44e-05	1.58e-06	0.00e+00	0.00e+00	0.00e+00	0.00e+00
 2.95658e+23	7.98e-01	2.02e-01	5.87e-05	1.49e-06	0.00e+00	0.00e+00	0.00e+00	0.00e+00
 2.95874e+23	8.09e-01	1.91e-01	5.38e-05	1.41e-06	0.00e+00	0.00e+00	0.00e+00	0.00e+00
 2.96097e+23	8.19e-01	1.81e-01	4.95e-05	1.34e-06	0.00e+00	0.00e+00	0.00e+00	0.00e+00
 2.96330e+23	8.28e-01	1.72e-01	4.56e-05	1.27e-06	0.00e+00	0.00e+00	0.00e+00	0.00e+00
 2.96571e+23	8.38e-01	1.62e-01	4.22e-05	1.20e-06	0.00e+00	0.00e+00	0.00e+00	0.00e+00
 2.96817e+23	8.47e-01	1.53e-01	3.92e-05	1.13e-06	0.00e+00	0.00e+00	0.00e+00	0.00e+00
 2.97074e+23	8.56e-01	1.44e-01	3.64e-05	1.07e-06	0.00e+00	0.00e+00	0.00e+00	0.00e+00
 2.97342e+23	8.64e-01	1.36e-01	3.40e-05	1.02e-06	0.00e+00	0.00e+00	0.00e+00	0.00e+00
 2.97620e+23	8.72e-01	1.28e-01	3.18e-05	9.61e-07	0.00e+00	0.00e+00	0.00e+00	0.00e+00
 2.97906e+23	8.80e-01	1.20e-01	2.99e-05	9.08e-07	0.00e+00	0.00e+00	0.00e+00	0.00e+00
 2.98191e+23	8.87e-01	1.13e-01	2.82e-05	8.62e-07	0.00e+00	0.00e+00	0.00e+00	0.00e+00
 2.98463e+23	8.94e-01	1.06e-01	2.69e-05	8.22e-07	0.00e+00	0.00e+00	0.00e+00	0.00e+00
 2.98726e+23	8.99e-01	1.01e-01	2.57e-05	7.86e-07	0.00e+00	0.00e+00	0.00e+00	0.00e+00
 2.98981e+23	9.05e-01	9.52e-02	2.46e-05	7.53e-07	0.00e+00	0.00e+00	0.00e+00	0.00e+00
 2.99223e+23	9.10e-01	9.04e-02	2.37e-05	7.24e-07	0.00e+00	0.00e+00	0.00e+00	0.00e+00
 2.99455e+23	9.14e-01	8.58e-02	2.29e-05	6.98e-07	0.00e+00	0.00e+00	0.00e+00	0.00e+00
 2.99671e+23	9.18e-01	8.20e-02	2.23e-05	6.75e-07	0.00e+00	0.00e+00	0.00e+00	0.00e+00
 2.99881e+23	9.22e-01	7.83e-02	2.16e-05	6.53e-07	0.00e+00	0.00e+00	0.00e+00	0.00e+00
 3.00092e+23	9.25e-01	7.48e-02	2.10e-05	6.32e-07	0.00e+00	0.00e+00	0.00e+00	0.00e+00
 3.00297e+23	9.28e-01	7.15e-02	2.05e-05	6.13e-07	0.00e+00	0.00e+00	0.00e+00	0.00e+00
 3.00494e+23	9.31e-01	6.85e-02	2.00e-05	5.96e-07	0.00e+00	0.00e+00	0.00e+00	0.00e+00
 3.00685e+23	9.34e-01	6.57e-02	1.96e-05	5.80e-07	0.00e+00	0.00e+00	0.00e+00	0.00e+00
 3.00869e+23	9.37e-01	6.31e-02	1.92e-05	5.66e-07	0.00e+00	0.00e+00	0.00e+00	0.00e+00
 3.01047e+23	9.39e-01	6.07e-02	1.88e-05	5.53e-07	0.00e+00	0.00e+00	0.00e+00	0.00e+00
 3.01219e+23	9.41e-01	5.85e-02	1.85e-05	5.42e-07	0.00e+00	0.00e+00	0.00e+00	0.00e+00
 3.01386e+23	9.43e-01	5.65e-02	1.82e-05	5.31e-07	0.00e+00	0.00e+00	0.00e+00	0.00e+00
 3.01547e+23	9.45e-01	5.46e-02	1.79e-05	5.22e-07	0.00e+00	0.00e+00	0.00e+00	0.00e+00
 3.01699e+23	9.47e-01	5.30e-02	1.76e-05	5.14e-07	0.00e+00	0.00e+00	0.00e+00	0.00e+00
 3.01849e+23	9.49e-01	5.13e-02	1.74e-05	5.07e-07	0.00e+00	0.00e+00	0.00e+00	0.00e+00
 3.01994e+23	9.50e-01	4.99e-02	1.72e-05	5.01e-07	0.00e+00	0.00e+00	0.00e+00	0.00e+00
 3.02132e+23	9.51e-01	4.86e-02	1.70e-05	4.96e-07	0.00e+00	0.00e+00	0.00e+00	0.00e+00
 3.02263e+23	9.53e-01	4.74e-02	1.68e-05	4.93e-07	0.00e+00	0.00e+00	0.00e+00	0.00e+00
 3.02382e+23	9.54e-01	4.65e-02	1.66e-05	4.90e-07	0.00e+00	0.00e+00	0.00e+00	0.00e+00
 3.02490e+23	9.54e-01	4.56e-02	1.65e-05	4.88e-07	0.00e+00	0.00e+00	0.00e+00	0.00e+00
 3.02588e+23	9.55e-01	4.49e-02	1.64e-05	4.88e-07	0.00e+00	0.00e+00	0.00e+00	0.00e+00
 3.02678e+23	9.56e-01	4.43e-02	1.63e-05	4.87e-07	0.00e+00	0.00e+00	0.00e+00	0.00e+00
 3.02759e+23	9.56e-01	4.38e-02	1.62e-05	4.87e-07	0.00e+00	0.00e+00	0.00e+00	0.00e+00
 3.02833e+23	9.57e-01	4.33e-02	1.61e-05	4.88e-07	0.00e+00	0.00e+00	0.00e+00	0.00e+00
 3.02914e+23	9.57e-01	4.28e-02	1.60e-05	4.88e-07	0.00e+00	0.00e+00	0.00e+00	0.00e+00
 3.03002e+23	9.58e-01	4.22e-02	1.59e-05	4.88e-07	0.00e+00	0.00e+00	0.00e+00	0.00e+00
 3.03082e+23	9.58e-01	4.18e-02	1.58e-05	4.89e-07	0.00e+00	0.00e+00	0.00e+00	0.00e+00
 3.03155e+23	9.59e-01	4.14e-02	1.57e-05	4.91e-07	0.00e+00	0.00e+00	0.00e+00	0.00e+00
 3.03221e+23	9.59e-01	4.11e-02	1.57e-05	4.92e-07	0.00e+00	0.00e+00	0.00e+00	0.00e+00
 3.03293e+23	9.59e-01	4.07e-02	1.56e-05	4.92e-07	0.00e+00	0.00e+00	0.00e+00	0.00e+00
 3.03387e+23	9.60e-01	4.02e-02	1.55e-05	4.94e-07	0.00e+00	0.00e+00	0.00e+00	0.00e+00
 3.03489e+23	9.60e-01	3.97e-02	1.54e-05	4.95e-07	0.00e+00	0.00e+00	0.00e+00	0.00e+00
 3.03581e+23	9.61e-01	3.93e-02	1.53e-05	4.97e-07	0.00e+00	0.00e+00	0.00e+00	0.00e+00
 3.03666e+23	9.61e-01	3.90e-02	1.52e-05	4.98e-07	0.00e+00	0.00e+00	0.00e+00	0.00e+00
 3.03758e+23	9.61e-01	3.87e-02	1.51e-05	4.99e-07	0.00e+00	0.00e+00	0.00e+00	0.00e+00
 3.03857e+23	9.62e-01	3.83e-02	1.50e-05	5.00e-07	0.00e+00	0.00e+00	0.00e+00	0.00e+00
 3.03948e+23	9.62e-01	3.80e-02	1.49e-05	5.01e-07	0.00e+00	0.00e+00	0.00e+00	0.00e+00
 3.04047e+23	9.62e-01	3.77e-02	1.48e-05	5.03e-07	0.00e+00	0.00e+00	0.00e+00	0.00e+00
 3.04154e+23	9.63e-01	3.73e-02	1.47e-05	5.04e-07	0.00e+00	0.00e+00	0.00e+00	0.00e+00
 3.04252e+23	9.63e-01	3.70e-02	1.46e-05	5.06e-07	0.00e+00	0.00e+00	0.00e+00	0.00e+00
 3.04341e+23	9.63e-01	3.68e-02	1.46e-05	5.08e-07	0.00e+00	0.00e+00	0.00e+00	0.00e+00
 3.04422e+23	9.63e-01	3.66e-02	1.45e-05	5.12e-07	0.00e+00	0.00e+00	0.00e+00	0.00e+00
 3.04495e+23	9.64e-01	3.65e-02	1.45e-05	5.14e-07	0.00e+00	0.00e+00	0.00e+00	0.00e+00
 3.04576e+23	9.64e-01	3.62e-02	1.44e-05	5.14e-07	0.00e+00	0.00e+00	0.00e+00	0.00e+00
 3.04680e+23	9.64e-01	3.59e-02	1.43e-05	5.17e-07	0.00e+00	0.00e+00	0.00e+00	0.00e+00
 3.04793e+23	9.64e-01	3.56e-02	1.42e-05	5.17e-07	0.00e+00	0.00e+00	0.00e+00	0.00e+00
