#depth	O	O+	O+2	O+3	O+4	O+5	O+6	O+7	O+8	O[1]	O[2]	O[3]
 1.54284e+22	0.00e+00	0.00e+00	5.73e-25	5.80e-20	1.60e-15	2.01e-11	7.91e-07	1.85e-03	9.98e-01	0.00e+00	0.00e+00	0.00e+00
 3.47320e+22	0.00e+00	7.70e-30	6.45e-24	4.43e-19	8.30e-15	7.02e-11	1.80e-06	2.77e-03	9.97e-01	0.00e+00	0.00e+00	0.00e+00
 4.09799e+22	0.00e+00	4.11e-29	2.73e-23	1.49e-18	2.22e-14	1.49e-10	2.95e-06	3.54e-03	9.96e-01	0.00e+00	0.00e+00	0.00e+00
 4.52507e+22	0.00e+00	1.56e-28	8.66e-23	3.94e-18	4.88e-14	2.72e-10	4.38e-06	4.30e-03	9.96e-01	0.00e+00	0.00e+00	0.00e+00
 4.76233e+22	0.00e+00	2.20e-28	1.16e-22	5.04e-18	5.96e-14	3.17e-10	4.84e-06	4.52e-03	9.95e-01	0.00e+00	0.00e+00	0.00e+00
 4.84369e+22	0.00e+00	2.79e-28	1.42e-22	5.98e-18	6.85e-14	3.53e-10	5.19e-06	4.68e-03	9.95e-01	0.00e+00	0.00e+00	0.00e+00
 4.92168e+22	0.00e+00	3.76e-28	1.84e-22	7.45e-18	8.19e-14	4.05e-10	5.68e-06	4.89e-03	9.95e-01	0.00e+00	0.00e+00	0.00e+00
 4.99742e+22	0.00e+00	4.70e-28	2.24e-22	8.76e-18	9.34e-14	4.47e-10	6.06e-06	5.05e-03	9.95e-01	0.00e+00	0.00e+00	0.00e+00
 5.07022e+22	0.00e+00	6.27e-28	2.87e-22	1.08e-17	1.11e-13	5.08e-10	6.60e-06	5.26e-03	9.95e-01	0.00e+00	0.00e+00	0.00e+00
 5.14302e+22	0.00e+00	7.96e-28	3.52e-22	1.28e-17	1.27e-13	5.65e-10	7.08e-06	5.45e-03	9.95e-01	0.00e+00	0.00e+00	0.00e+00
 5.20518e+22	0.00e+00	9.81e-28	4.21e-22	1.49e-17	1.44e-13	6.22e-10	7.54e-06	5.62e-03	9.94e-01	0.00e+00	0.00e+00	0.00e+00
 5.27535e+22	0.00e+00	1.27e-27	5.26e-22	1.80e-17	1.67e-13	6.99e-10	8.14e-06	5.84e-03	9.94e-01	0.00e+00	0.00e+00	0.00e+00
 5.35071e+22	0.00e+00	1.64e-27	6.54e-22	2.16e-17	1.94e-13	7.83e-10	8.77e-06	6.06e-03	9.94e-01	0.00e+00	0.00e+00	0.00e+00
 5.41730e+22	1.79e-34	2.06e-27	7.97e-22	2.55e-17	2.22e-13	8.67e-10	9.39e-06	6.26e-03	9.94e-01	0.00e+00	0.00e+00	0.00e+00
 5.47847e+22	2.28e-34	2.55e-27	9.58e-22	2.98e-17	2.52e-13	9.56e-10	1.00e-05	6.46e-03	9.94e-01	0.00e+00	0.00e+00	0.00e+00
 5.54809e+22	3.04e-34	3.28e-27	1.19e-21	3.57e-17	2.93e-13	1.07e-09	1.08e-05	6.70e-03	9.93e-01	0.00e+00	0.00e+00	0.00e+00
 5.62287e+22	4.06e-34	4.23e-27	1.48e-21	4.30e-17	3.40e-13	1.20e-09	1.16e-05	6.96e-03	9.93e-01	0.00e+00	0.00e+00	0.00e+00
 5.69008e+22	5.29e-34	5.33e-27	1.81e-21	5.08e-17	3.89e-13	1.33e-09	1.25e-05	7.20e-03	9.93e-01	0.00e+00	0.00e+00	0.00e+00
 5.76316e+22	7.20e-34	6.98e-27	2.28e-21	6.18e-17	4.57e-13	1.51e-09	1.35e-05	7.49e-03	9.92e-01	0.00e+00	0.00e+00	0.00e+00
 5.83632e+22	9.50e-34	8.90e-27	2.81e-21	7.36e-17	5.26e-13	1.68e-09	1.45e-05	7.76e-03	9.92e-01	0.00e+00	0.00e+00	0.00e+00
 5.89643e+22	1.20e-33	1.09e-26	3.36e-21	8.55e-17	5.94e-13	1.84e-09	1.54e-05	8.00e-03	9.92e-01	0.00e+00	0.00e+00	0.00e+00
 5.96141e+22	1.58e-33	1.39e-26	4.12e-21	1.02e-16	6.85e-13	2.05e-09	1.66e-05	8.29e-03	9.92e-01	0.00e+00	0.00e+00	0.00e+00
 6.03232e+22	2.09e-33	1.77e-26	5.09e-21	1.21e-16	7.90e-13	2.29e-09	1.79e-05	8.59e-03	9.91e-01	0.00e+00	0.00e+00	0.00e+00
 6.09801e+22	2.69e-33	2.21e-26	6.16e-21	1.42e-16	9.00e-13	2.53e-09	1.91e-05	8.88e-03	9.91e-01	0.00e+00	0.00e+00	0.00e+00
 6.17046e+22	3.64e-33	2.89e-26	7.74e-21	1.73e-16	1.05e-12	2.86e-09	2.07e-05	9.24e-03	9.91e-01	0.00e+00	0.00e+00	0.00e+00
 6.24337e+22	4.81e-33	3.68e-26	9.54e-21	2.06e-16	1.21e-12	3.18e-09	2.22e-05	9.57e-03	9.90e-01	0.00e+00	0.00e+00	0.00e+00
 6.30336e+22	6.10e-33	4.53e-26	1.14e-20	2.39e-16	1.37e-12	3.49e-09	2.36e-05	9.87e-03	9.90e-01	0.00e+00	0.00e+00	0.00e+00
 6.36780e+22	8.01e-33	5.75e-26	1.40e-20	2.84e-16	1.58e-12	3.89e-09	2.54e-05	1.02e-02	9.90e-01	0.00e+00	0.00e+00	0.00e+00
 6.43774e+22	1.06e-32	7.32e-26	1.72e-20	3.38e-16	1.82e-12	4.33e-09	2.73e-05	1.06e-02	9.89e-01	0.00e+00	0.00e+00	0.00e+00
 6.50245e+22	1.36e-32	9.13e-26	2.08e-20	3.97e-16	2.07e-12	4.78e-09	2.92e-05	1.10e-02	9.89e-01	0.00e+00	0.00e+00	0.00e+00
 6.57418e+22	1.85e-32	1.19e-25	2.62e-20	4.82e-16	2.42e-12	5.39e-09	3.16e-05	1.14e-02	9.89e-01	0.00e+00	0.00e+00	0.00e+00
 6.64959e+22	2.51e-32	1.56e-25	3.29e-20	5.83e-16	2.82e-12	6.05e-09	3.42e-05	1.19e-02	9.88e-01	0.00e+00	0.00e+00	0.00e+00
 6.71205e+22	3.17e-32	1.91e-25	3.93e-20	6.77e-16	3.18e-12	6.64e-09	3.64e-05	1.22e-02	9.88e-01	0.00e+00	0.00e+00	0.00e+00
 6.77552e+22	4.20e-32	2.44e-25	4.84e-20	8.06e-16	3.67e-12	7.39e-09	3.91e-05	1.27e-02	9.87e-01	0.00e+00	0.00e+00	0.00e+00
 6.84384e+22	5.50e-32	3.09e-25	5.92e-20	9.54e-16	4.20e-12	8.19e-09	4.20e-05	1.31e-02	9.87e-01	0.00e+00	0.00e+00	0.00e+00
 6.90749e+22	7.11e-32	3.87e-25	7.17e-20	1.12e-15	4.79e-12	9.04e-09	4.49e-05	1.36e-02	9.86e-01	0.00e+00	0.00e+00	0.00e+00
 6.97924e+22	9.99e-32	5.20e-25	9.24e-20	1.39e-15	5.68e-12	1.03e-08	4.90e-05	1.42e-02	9.86e-01	0.00e+00	0.00e+00	0.00e+00
 7.04781e+22	1.28e-31	6.45e-25	1.11e-19	1.62e-15	6.43e-12	1.13e-08	5.22e-05	1.46e-02	9.85e-01	0.00e+00	0.00e+00	0.00e+00
 7.11224e+22	1.70e-31	8.26e-25	1.37e-19	1.93e-15	7.41e-12	1.26e-08	5.62e-05	1.52e-02	9.85e-01	0.00e+00	0.00e+00	0.00e+00
 7.18046e+22	2.28e-31	1.06e-24	1.70e-19	2.31e-15	8.54e-12	1.40e-08	6.05e-05	1.58e-02	9.84e-01	0.00e+00	0.00e+00	0.00e+00
 7.24043e+22	2.88e-31	1.30e-24	2.02e-19	2.67e-15	9.61e-12	1.53e-08	6.43e-05	1.63e-02	9.84e-01	0.00e+00	0.00e+00	0.00e+00
 7.30520e+22	3.88e-31	1.69e-24	2.53e-19	3.21e-15	1.11e-11	1.70e-08	6.94e-05	1.69e-02	9.83e-01	0.00e+00	0.00e+00	0.00e+00
 7.37390e+22	5.17e-31	2.17e-24	3.13e-19	3.83e-15	1.28e-11	1.89e-08	7.47e-05	1.75e-02	9.82e-01	0.00e+00	0.00e+00	0.00e+00
 7.43352e+22	6.68e-31	2.70e-24	3.77e-19	4.48e-15	1.45e-11	2.07e-08	7.97e-05	1.81e-02	9.82e-01	0.00e+00	0.00e+00	0.00e+00
 7.48785e+22	8.43e-31	3.31e-24	4.48e-19	5.18e-15	1.63e-11	2.26e-08	8.46e-05	1.87e-02	9.81e-01	0.00e+00	0.00e+00	0.00e+00
 7.54953e+22	1.14e-30	4.29e-24	5.59e-19	6.22e-15	1.89e-11	2.52e-08	9.12e-05	1.94e-02	9.81e-01	0.00e+00	0.00e+00	0.00e+00
 7.61390e+22	1.50e-30	5.44e-24	6.83e-19	7.35e-15	2.15e-11	2.77e-08	9.77e-05	2.01e-02	9.80e-01	0.00e+00	0.00e+00	0.00e+00
 7.67169e+22	1.95e-30	6.84e-24	8.30e-19	8.63e-15	2.44e-11	3.04e-08	1.04e-04	2.08e-02	9.79e-01	0.00e+00	0.00e+00	0.00e+00
 7.73674e+22	2.73e-30	9.14e-24	1.06e-18	1.06e-14	2.87e-11	3.42e-08	1.13e-04	2.17e-02	9.78e-01	0.00e+00	0.00e+00	0.00e+00
 7.80006e+22	3.51e-30	1.14e-23	1.28e-18	1.23e-14	3.25e-11	3.74e-08	1.21e-04	2.24e-02	9.77e-01	0.00e+00	0.00e+00	0.00e+00
 7.85315e+22	4.55e-30	1.42e-23	1.54e-18	1.44e-14	3.67e-11	4.09e-08	1.29e-04	2.31e-02	9.77e-01	0.00e+00	0.00e+00	0.00e+00
 7.91420e+22	6.24e-30	1.87e-23	1.95e-18	1.75e-14	4.26e-11	4.56e-08	1.39e-04	2.41e-02	9.76e-01	0.00e+00	0.00e+00	0.00e+00
 7.97658e+22	8.17e-30	2.36e-23	2.37e-18	2.06e-14	4.85e-11	5.00e-08	1.49e-04	2.49e-02	9.75e-01	0.00e+00	0.00e+00	0.00e+00
 8.03173e+22	1.07e-29	2.97e-23	2.88e-18	2.42e-14	5.50e-11	5.48e-08	1.59e-04	2.57e-02	9.74e-01	0.00e+00	0.00e+00	0.00e+00
 8.09449e+22	1.52e-29	4.02e-23	3.72e-18	2.98e-14	6.48e-11	6.17e-08	1.73e-04	2.69e-02	9.73e-01	0.00e+00	0.00e+00	0.00e+00
 8.15513e+22	1.96e-29	5.01e-23	4.48e-18	3.48e-14	7.32e-11	6.73e-08	1.84e-04	2.78e-02	9.72e-01	0.00e+00	0.00e+00	0.00e+00
 8.21300e+22	2.69e-29	6.58e-23	5.64e-18	4.21e-14	8.49e-11	7.49e-08	1.99e-04	2.89e-02	9.71e-01	0.00e+00	0.00e+00	0.00e+00
 8.27230e+22	3.58e-29	8.43e-23	6.95e-18	5.00e-14	9.71e-11	8.24e-08	2.13e-04	2.99e-02	9.70e-01	0.00e+00	0.00e+00	0.00e+00
 8.32345e+22	4.55e-29	1.04e-22	8.28e-18	5.78e-14	1.09e-10	8.95e-08	2.26e-04	3.08e-02	9.69e-01	0.00e+00	0.00e+00	0.00e+00
 8.37995e+22	6.29e-29	1.37e-22	1.05e-17	7.02e-14	1.27e-10	9.96e-08	2.44e-04	3.20e-02	9.68e-01	0.00e+00	0.00e+00	0.00e+00
 8.43834e+22	8.39e-29	1.76e-22	1.29e-17	8.34e-14	1.45e-10	1.10e-07	2.62e-04	3.32e-02	9.67e-01	0.00e+00	0.00e+00	0.00e+00
 8.48863e+22	1.08e-28	2.19e-22	1.56e-17	9.72e-14	1.63e-10	1.19e-07	2.78e-04	3.42e-02	9.66e-01	0.00e+00	0.00e+00	0.00e+00
 8.54345e+22	1.48e-28	2.87e-22	1.96e-17	1.17e-13	1.89e-10	1.33e-07	3.00e-04	3.55e-02	9.64e-01	0.00e+00	0.00e+00	0.00e+00
 8.60061e+22	1.98e-28	3.68e-22	2.41e-17	1.39e-13	2.16e-10	1.46e-07	3.21e-04	3.68e-02	9.63e-01	0.00e+00	0.00e+00	0.00e+00
 8.65191e+22	2.62e-28	4.68e-22	2.96e-17	1.65e-13	2.46e-10	1.60e-07	3.43e-04	3.80e-02	9.62e-01	0.00e+00	0.00e+00	0.00e+00
 8.70134e+22	3.40e-28	5.87e-22	3.59e-17	1.93e-13	2.79e-10	1.75e-07	3.65e-04	3.93e-02	9.60e-01	0.00e+00	0.00e+00	0.00e+00
 8.75727e+22	4.76e-28	7.84e-22	4.58e-17	2.37e-13	3.26e-10	1.95e-07	3.95e-04	4.09e-02	9.59e-01	0.00e+00	0.00e+00	0.00e+00
 8.81463e+22	6.42e-28	1.01e-21	5.70e-17	2.83e-13	3.75e-10	2.16e-07	4.24e-04	4.23e-02	9.57e-01	0.00e+00	0.00e+00	0.00e+00
 8.86481e+22	8.54e-28	1.30e-21	7.02e-17	3.36e-13	4.28e-10	2.37e-07	4.53e-04	4.37e-02	9.56e-01	0.00e+00	0.00e+00	0.00e+00
 8.91305e+22	1.12e-27	1.64e-21	8.55e-17	3.96e-13	4.86e-10	2.59e-07	4.82e-04	4.52e-02	9.54e-01	0.00e+00	0.00e+00	0.00e+00
 8.96780e+22	1.57e-27	2.19e-21	1.09e-16	4.85e-13	5.70e-10	2.90e-07	5.22e-04	4.70e-02	9.53e-01	0.00e+00	0.00e+00	0.00e+00
 9.02462e+22	2.13e-27	2.86e-21	1.37e-16	5.83e-13	6.58e-10	3.21e-07	5.60e-04	4.87e-02	9.51e-01	0.00e+00	0.00e+00	0.00e+00
 9.07557e+22	2.83e-27	3.65e-21	1.68e-16	6.93e-13	7.53e-10	3.53e-07	5.99e-04	5.03e-02	9.49e-01	0.00e+00	0.00e+00	0.00e+00
 9.13322e+22	4.16e-27	5.10e-21	2.23e-16	8.74e-13	9.01e-10	4.01e-07	6.54e-04	5.25e-02	9.47e-01	0.00e+00	0.00e+00	0.00e+00
 9.19177e+22	5.72e-27	6.71e-21	2.82e-16	1.06e-12	1.05e-09	4.46e-07	7.04e-04	5.45e-02	9.45e-01	0.00e+00	0.00e+00	0.00e+00
 9.24054e+22	7.54e-27	8.52e-21	3.45e-16	1.25e-12	1.19e-09	4.89e-07	7.49e-04	5.62e-02	9.43e-01	0.00e+00	0.00e+00	0.00e+00
 9.29300e+22	1.07e-26	1.16e-20	4.47e-16	1.55e-12	1.41e-09	5.50e-07	8.12e-04	5.85e-02	9.41e-01	0.00e+00	0.00e+00	0.00e+00
 9.34657e+22	1.46e-26	1.51e-20	5.60e-16	1.87e-12	1.63e-09	6.09e-07	8.71e-04	6.05e-02	9.39e-01	0.00e+00	0.00e+00	0.00e+00
 9.39002e+22	1.88e-26	1.87e-20	6.73e-16	2.17e-12	1.83e-09	6.62e-07	9.21e-04	6.22e-02	9.37e-01	0.00e+00	0.00e+00	0.00e+00
 9.43494e+22	2.57e-26	2.46e-20	8.47e-16	2.63e-12	2.12e-09	7.34e-07	9.88e-04	6.43e-02	9.35e-01	0.00e+00	0.00e+00	0.00e+00
 9.47797e+22	3.25e-26	3.02e-20	1.01e-15	3.04e-12	2.37e-09	7.94e-07	1.04e-03	6.60e-02	9.33e-01	0.00e+00	0.00e+00	0.00e+00
 9.51268e+22	4.12e-26	3.70e-20	1.20e-15	3.50e-12	2.65e-09	8.58e-07	1.10e-03	6.77e-02	9.31e-01	0.00e+00	0.00e+00	0.00e+00
 9.54668e+22	5.14e-26	4.48e-20	1.41e-15	4.01e-12	2.94e-09	9.24e-07	1.15e-03	6.93e-02	9.30e-01	0.00e+00	0.00e+00	0.00e+00
 9.57992e+22	6.34e-26	5.37e-20	1.65e-15	4.55e-12	3.24e-09	9.90e-07	1.21e-03	7.09e-02	9.28e-01	0.00e+00	0.00e+00	0.00e+00
 9.61746e+22	8.39e-26	6.85e-20	2.02e-15	5.40e-12	3.70e-09	1.09e-06	1.28e-03	7.30e-02	9.26e-01	0.00e+00	0.00e+00	0.00e+00
 9.65493e+22	1.05e-25	8.33e-20	2.39e-15	6.19e-12	4.12e-09	1.17e-06	1.35e-03	7.48e-02	9.24e-01	0.00e+00	0.00e+00	0.00e+00
 9.68719e+22	1.32e-25	1.01e-19	2.82e-15	7.09e-12	4.57e-09	1.26e-06	1.42e-03	7.66e-02	9.22e-01	0.00e+00	0.00e+00	0.00e+00
 9.71796e+22	1.63e-25	1.22e-19	3.29e-15	8.07e-12	5.05e-09	1.35e-06	1.48e-03	7.83e-02	9.20e-01	0.00e+00	0.00e+00	0.00e+00
 9.74739e+22	2.00e-25	1.46e-19	3.84e-15	9.16e-12	5.57e-09	1.45e-06	1.55e-03	8.00e-02	9.18e-01	0.00e+00	0.00e+00	0.00e+00
 9.78111e+22	2.62e-25	1.84e-19	4.68e-15	1.08e-11	6.32e-09	1.58e-06	1.64e-03	8.22e-02	9.16e-01	0.00e+00	0.00e+00	0.00e+00
 9.81508e+22	3.24e-25	2.21e-19	5.47e-15	1.23e-11	6.99e-09	1.69e-06	1.72e-03	8.40e-02	9.14e-01	0.00e+00	0.00e+00	0.00e+00
 9.84935e+22	4.35e-25	2.85e-19	6.79e-15	1.47e-11	8.01e-09	1.86e-06	1.83e-03	8.65e-02	9.12e-01	0.00e+00	0.00e+00	0.00e+00
 9.88323e+22	5.39e-25	3.43e-19	7.95e-15	1.67e-11	8.86e-09	2.00e-06	1.91e-03	8.85e-02	9.10e-01	0.00e+00	0.00e+00	0.00e+00
 9.91110e+22	6.71e-25	4.15e-19	9.35e-15	1.91e-11	9.81e-09	2.15e-06	2.00e-03	9.04e-02	9.08e-01	0.00e+00	0.00e+00	0.00e+00
 9.93723e+22	8.22e-25	4.95e-19	1.08e-14	2.16e-11	1.08e-08	2.29e-06	2.09e-03	9.22e-02	9.06e-01	0.00e+00	0.00e+00	0.00e+00
 9.96660e+22	1.06e-24	6.16e-19	1.31e-14	2.52e-11	1.21e-08	2.49e-06	2.20e-03	9.45e-02	9.03e-01	0.00e+00	0.00e+00	0.00e+00
 9.99683e+22	1.34e-24	7.54e-19	1.55e-14	2.90e-11	1.35e-08	2.68e-06	2.31e-03	9.67e-02	9.01e-01	0.00e+00	0.00e+00	0.00e+00
 1.00232e+23	1.63e-24	8.95e-19	1.80e-14	3.27e-11	1.48e-08	2.86e-06	2.41e-03	9.86e-02	8.99e-01	0.00e+00	0.00e+00	0.00e+00
 1.00525e+23	2.17e-24	1.15e-18	2.22e-14	3.90e-11	1.70e-08	3.14e-06	2.55e-03	1.01e-01	8.96e-01	0.00e+00	0.00e+00	0.00e+00
 1.00819e+23	2.71e-24	1.39e-18	2.61e-14	4.46e-11	1.88e-08	3.37e-06	2.67e-03	1.03e-01	8.94e-01	0.00e+00	0.00e+00	0.00e+00
 1.01114e+23	3.63e-24	1.79e-18	3.24e-14	5.32e-11	2.15e-08	3.70e-06	2.83e-03	1.06e-01	8.91e-01	0.00e+00	0.00e+00	0.00e+00
 1.01414e+23	4.60e-24	2.20e-18	3.86e-14	6.15e-11	2.40e-08	3.99e-06	2.97e-03	1.09e-01	8.88e-01	0.00e+00	0.00e+00	0.00e+00
 1.01671e+23	5.71e-24	2.66e-18	4.53e-14	7.01e-11	2.66e-08	4.27e-06	3.10e-03	1.11e-01	8.86e-01	0.00e+00	0.00e+00	0.00e+00
 1.01956e+23	7.86e-24	3.51e-18	5.73e-14	8.50e-11	3.08e-08	4.72e-06	3.30e-03	1.14e-01	8.82e-01	0.00e+00	0.00e+00	0.00e+00
 1.02236e+23	9.71e-24	4.22e-18	6.70e-14	9.67e-11	3.40e-08	5.06e-06	3.44e-03	1.16e-01	8.80e-01	0.00e+00	0.00e+00	0.00e+00
 1.02510e+23	1.33e-23	5.52e-18	8.42e-14	1.17e-10	3.92e-08	5.57e-06	3.66e-03	1.20e-01	8.77e-01	0.00e+00	0.00e+00	0.00e+00
 1.02778e+23	1.63e-23	6.61e-18	9.82e-14	1.32e-10	4.31e-08	5.95e-06	3.81e-03	1.22e-01	8.74e-01	0.00e+00	0.00e+00	0.00e+00
 1.03040e+23	2.23e-23	8.69e-18	1.24e-13	1.60e-10	4.98e-08	6.57e-06	4.05e-03	1.26e-01	8.70e-01	0.00e+00	0.00e+00	0.00e+00
 1.03302e+23	2.77e-23	1.05e-17	1.45e-13	1.82e-10	5.51e-08	7.03e-06	4.23e-03	1.28e-01	8.68e-01	0.00e+00	0.00e+00	0.00e+00
 1.03563e+23	3.82e-23	1.38e-17	1.84e-13	2.21e-10	6.38e-08	7.77e-06	4.49e-03	1.32e-01	8.64e-01	0.00e+00	0.00e+00	0.00e+00
 1.03825e+23	4.82e-23	1.69e-17	2.18e-13	2.55e-10	7.09e-08	8.36e-06	4.70e-03	1.34e-01	8.61e-01	0.00e+00	0.00e+00	0.00e+00
 1.04090e+23	6.74e-23	2.27e-17	2.79e-13	3.12e-10	8.27e-08	9.27e-06	5.01e-03	1.38e-01	8.57e-01	0.00e+00	0.00e+00	0.00e+00
 1.04357e+23	8.58e-23	2.79e-17	3.33e-13	3.61e-10	9.23e-08	1.00e-05	5.25e-03	1.41e-01	8.53e-01	0.00e+00	0.00e+00	0.00e+00
 1.04627e+23	1.20e-22	3.73e-17	4.26e-13	4.41e-10	1.08e-07	1.11e-05	5.60e-03	1.45e-01	8.49e-01	0.00e+00	0.00e+00	0.00e+00
 1.04895e+23	1.54e-22	4.64e-17	5.13e-13	5.13e-10	1.21e-07	1.20e-05	5.87e-03	1.49e-01	8.45e-01	0.00e+00	0.00e+00	0.00e+00
 1.05159e+23	2.15e-22	6.19e-17	6.55e-13	6.27e-10	1.40e-07	1.33e-05	6.26e-03	1.53e-01	8.41e-01	0.00e+00	0.00e+00	0.00e+00
 1.05428e+23	2.80e-22	7.80e-17	7.97e-13	7.37e-10	1.59e-07	1.44e-05	6.59e-03	1.56e-01	8.37e-01	0.00e+00	0.00e+00	0.00e+00
 1.05704e+23	3.99e-22	1.06e-16	1.03e-12	9.11e-10	1.86e-07	1.61e-05	7.04e-03	1.61e-01	8.32e-01	0.00e+00	0.00e+00	0.00e+00
 1.05981e+23	5.24e-22	1.34e-16	1.26e-12	1.07e-09	2.11e-07	1.76e-05	7.42e-03	1.65e-01	8.27e-01	0.00e+00	0.00e+00	0.00e+00
 1.06262e+23	7.52e-22	1.84e-16	1.65e-12	1.33e-09	2.49e-07	1.96e-05	7.95e-03	1.70e-01	8.22e-01	0.00e+00	0.00e+00	0.00e+00
 1.06544e+23	9.90e-22	2.33e-16	2.02e-12	1.58e-09	2.83e-07	2.14e-05	8.39e-03	1.74e-01	8.17e-01	0.00e+00	0.00e+00	0.00e+00
 1.06788e+23	1.30e-21	2.95e-16	2.46e-12	1.86e-09	3.20e-07	2.33e-05	8.84e-03	1.78e-01	8.13e-01	0.00e+00	0.00e+00	0.00e+00
 1.07064e+23	1.86e-21	4.02e-16	3.20e-12	2.30e-09	3.77e-07	2.61e-05	9.46e-03	1.84e-01	8.07e-01	0.00e+00	0.00e+00	0.00e+00
 1.07339e+23	2.38e-21	4.99e-16	3.85e-12	2.68e-09	4.23e-07	2.82e-05	9.94e-03	1.88e-01	8.02e-01	0.00e+00	0.00e+00	0.00e+00
 1.07610e+23	3.32e-21	6.65e-16	4.91e-12	3.27e-09	4.93e-07	3.13e-05	1.06e-02	1.93e-01	7.96e-01	0.00e+00	0.00e+00	0.00e+00
 1.07888e+23	4.34e-21	8.40e-16	5.99e-12	3.85e-09	5.59e-07	3.41e-05	1.12e-02	1.97e-01	7.91e-01	0.00e+00	0.00e+00	0.00e+00
 1.08178e+23	6.11e-21	1.13e-15	7.70e-12	4.73e-09	6.55e-07	3.80e-05	1.19e-02	2.03e-01	7.85e-01	0.00e+00	0.00e+00	0.00e+00
 1.08472e+23	8.01e-21	1.43e-15	9.39e-12	5.58e-09	7.43e-07	4.15e-05	1.26e-02	2.08e-01	7.79e-01	0.00e+00	0.00e+00	0.00e+00
 1.08773e+23	1.13e-20	1.93e-15	1.21e-11	6.88e-09	8.73e-07	4.64e-05	1.35e-02	2.14e-01	7.72e-01	0.00e+00	0.00e+00	0.00e+00
 1.09081e+23	1.48e-20	2.43e-15	1.47e-11	8.09e-09	9.89e-07	5.05e-05	1.42e-02	2.19e-01	7.67e-01	0.00e+00	0.00e+00	0.00e+00
 1.09396e+23	2.08e-20	3.27e-15	1.90e-11	9.97e-09	1.16e-06	5.65e-05	1.52e-02	2.25e-01	7.59e-01	0.00e+00	0.00e+00	0.00e+00
 1.09717e+23	2.71e-20	4.11e-15	2.31e-11	1.17e-08	1.32e-06	6.16e-05	1.61e-02	2.31e-01	7.53e-01	0.00e+00	0.00e+00	0.00e+00
 1.10045e+23	3.81e-20	5.52e-15	2.97e-11	1.44e-08	1.55e-06	6.89e-05	1.72e-02	2.37e-01	7.45e-01	0.00e+00	0.00e+00	0.00e+00
 1.10374e+23	4.92e-20	6.88e-15	3.58e-11	1.68e-08	1.75e-06	7.50e-05	1.81e-02	2.42e-01	7.39e-01	0.00e+00	0.00e+00	0.00e+00
 1.10707e+23	6.82e-20	9.14e-15	4.56e-11	2.06e-08	2.04e-06	8.36e-05	1.94e-02	2.49e-01	7.31e-01	0.00e+00	0.00e+00	0.00e+00
 1.11048e+23	8.80e-20	1.14e-14	5.51e-11	2.41e-08	2.31e-06	9.11e-05	2.05e-02	2.55e-01	7.25e-01	0.00e+00	0.00e+00	0.00e+00
 1.11344e+23	1.11e-19	1.40e-14	6.56e-11	2.78e-08	2.58e-06	9.86e-05	2.15e-02	2.60e-01	7.19e-01	0.00e+00	0.00e+00	0.00e+00
 1.11673e+23	1.51e-19	1.83e-14	8.23e-11	3.36e-08	3.00e-06	1.09e-04	2.29e-02	2.67e-01	7.10e-01	0.00e+00	0.00e+00	0.00e+00
 1.12004e+23	1.89e-19	2.21e-14	9.70e-11	3.85e-08	3.33e-06	1.18e-04	2.40e-02	2.72e-01	7.04e-01	0.00e+00	0.00e+00	0.00e+00
 1.12335e+23	2.53e-19	2.85e-14	1.20e-10	4.62e-08	3.84e-06	1.30e-04	2.55e-02	2.78e-01	6.96e-01	0.00e+00	0.00e+00	0.00e+00
 1.12675e+23	3.18e-19	3.47e-14	1.43e-10	5.31e-08	4.29e-06	1.41e-04	2.67e-02	2.83e-01	6.90e-01	0.00e+00	0.00e+00	0.00e+00
 1.12975e+23	3.96e-19	4.21e-14	1.68e-10	6.09e-08	4.78e-06	1.52e-04	2.80e-02	2.89e-01	6.83e-01	0.00e+00	0.00e+00	0.00e+00
 1.13315e+23	5.29e-19	5.41e-14	2.08e-10	7.29e-08	5.51e-06	1.68e-04	2.97e-02	2.96e-01	6.74e-01	0.00e+00	0.00e+00	0.00e+00
 1.13655e+23	6.47e-19	6.44e-14	2.42e-10	8.26e-08	6.08e-06	1.80e-04	3.10e-02	3.00e-01	6.68e-01	0.00e+00	0.00e+00	0.00e+00
 1.13992e+23	8.51e-19	8.18e-14	2.97e-10	9.80e-08	6.96e-06	1.98e-04	3.29e-02	3.07e-01	6.60e-01	0.00e+00	0.00e+00	0.00e+00
 1.14336e+23	1.04e-18	9.76e-14	3.45e-10	1.11e-07	7.70e-06	2.13e-04	3.43e-02	3.12e-01	6.53e-01	0.00e+00	0.00e+00	0.00e+00
 1.14689e+23	1.37e-18	1.24e-13	4.24e-10	1.32e-07	8.82e-06	2.34e-04	3.64e-02	3.19e-01	6.44e-01	0.00e+00	0.00e+00	0.00e+00
 1.15048e+23	1.69e-18	1.48e-13	4.94e-10	1.50e-07	9.77e-06	2.51e-04	3.80e-02	3.24e-01	6.37e-01	0.00e+00	0.00e+00	0.00e+00
 1.15416e+23	2.22e-18	1.89e-13	6.07e-10	1.79e-07	1.12e-05	2.77e-04	4.03e-02	3.32e-01	6.28e-01	0.00e+00	0.00e+00	0.00e+00
 1.15791e+23	2.74e-18	2.26e-13	7.09e-10	2.03e-07	1.24e-05	2.98e-04	4.21e-02	3.37e-01	6.21e-01	0.00e+00	0.00e+00	0.00e+00
 1.16174e+23	3.61e-18	2.87e-13	8.71e-10	2.42e-07	1.43e-05	3.29e-04	4.47e-02	3.44e-01	6.11e-01	0.00e+00	0.00e+00	0.00e+00
 1.16549e+23	4.33e-18	3.36e-13	9.98e-10	2.71e-07	1.56e-05	3.51e-04	4.64e-02	3.49e-01	6.04e-01	0.00e+00	0.00e+00	0.00e+00
 1.16913e+23	5.62e-18	4.22e-13	1.21e-09	3.19e-07	1.78e-05	3.85e-04	4.91e-02	3.56e-01	5.95e-01	0.00e+00	0.00e+00	0.00e+00
 1.17282e+23	6.75e-18	4.95e-13	1.39e-09	3.58e-07	1.95e-05	4.10e-04	5.10e-02	3.61e-01	5.88e-01	0.00e+00	0.00e+00	0.00e+00
 1.17658e+23	8.67e-18	6.16e-13	1.68e-09	4.19e-07	2.21e-05	4.49e-04	5.38e-02	3.67e-01	5.79e-01	0.00e+00	0.00e+00	0.00e+00
 1.18046e+23	1.06e-17	7.34e-13	1.95e-09	4.76e-07	2.45e-05	4.82e-04	5.62e-02	3.73e-01	5.71e-01	0.00e+00	0.00e+00	0.00e+00
 1.18449e+23	1.36e-17	9.14e-13	2.35e-09	5.57e-07	2.78e-05	5.27e-04	5.92e-02	3.79e-01	5.61e-01	0.00e+00	0.00e+00	0.00e+00
 1.18865e+23	1.69e-17	1.10e-12	2.76e-09	6.37e-07	3.09e-05	5.68e-04	6.19e-02	3.85e-01	5.53e-01	0.00e+00	0.00e+00	0.00e+00
 1.19298e+23	2.19e-17	1.38e-12	3.35e-09	7.50e-07	3.52e-05	6.24e-04	6.54e-02	3.92e-01	5.42e-01	0.00e+00	0.00e+00	0.00e+00
 1.19743e+23	2.72e-17	1.67e-12	3.95e-09	8.60e-07	3.93e-05	6.74e-04	6.84e-02	3.97e-01	5.34e-01	2.72e-17	6.62e-28	7.04e-28
 1.20203e+23	3.55e-17	2.10e-12	4.82e-09	1.02e-06	4.49e-05	7.41e-04	7.24e-02	4.04e-01	5.23e-01	3.55e-17	6.40e-26	8.06e-26
 1.20677e+23	4.45e-17	2.56e-12	5.71e-09	1.17e-06	5.03e-05	8.03e-04	7.58e-02	4.10e-01	5.13e-01	4.45e-17	8.02e-26	1.01e-25
 1.21170e+23	5.87e-17	3.26e-12	7.02e-09	1.40e-06	5.78e-05	8.85e-04	8.03e-02	4.17e-01	5.02e-01	5.87e-17	1.06e-25	1.33e-25
 1.21680e+23	7.43e-17	4.00e-12	8.38e-09	1.62e-06	6.50e-05	9.62e-04	8.43e-02	4.23e-01	4.92e-01	7.43e-17	1.34e-25	1.69e-25
 1.22139e+23	9.26e-17	4.85e-12	9.88e-09	1.86e-06	7.26e-05	1.04e-03	8.82e-02	4.28e-01	4.82e-01	9.26e-17	1.67e-25	2.10e-25
 1.22666e+23	1.25e-16	6.30e-12	1.24e-08	2.25e-06	8.45e-05	1.16e-03	9.37e-02	4.36e-01	4.69e-01	1.25e-16	2.25e-25	2.84e-25
 1.23196e+23	1.56e-16	7.62e-12	1.46e-08	2.58e-06	9.42e-05	1.25e-03	9.79e-02	4.41e-01	4.60e-01	1.56e-16	2.81e-25	3.53e-25
 1.23732e+23	2.09e-16	9.84e-12	1.82e-08	3.10e-06	1.09e-04	1.39e-03	1.04e-01	4.47e-01	4.47e-01	2.09e-16	3.76e-25	4.73e-25
 1.24279e+23	2.64e-16	1.21e-11	2.17e-08	3.59e-06	1.23e-04	1.51e-03	1.09e-01	4.53e-01	4.37e-01	2.64e-16	4.76e-25	5.99e-25
 1.24840e+23	3.55e-16	1.57e-11	2.71e-08	4.33e-06	1.43e-04	1.67e-03	1.16e-01	4.59e-01	4.24e-01	3.55e-16	6.41e-25	8.07e-25
 1.25414e+23	4.55e-16	1.94e-11	3.26e-08	5.06e-06	1.61e-04	1.82e-03	1.21e-01	4.64e-01	4.13e-01	4.55e-16	8.21e-25	1.03e-24
 1.25924e+23	5.79e-16	2.40e-11	3.90e-08	5.89e-06	1.82e-04	1.99e-03	1.27e-01	4.69e-01	4.02e-01	5.79e-16	1.05e-24	1.32e-24
 1.26510e+23	7.93e-16	3.15e-11	4.94e-08	7.18e-06	2.14e-04	2.22e-03	1.35e-01	4.75e-01	3.88e-01	7.93e-16	1.43e-24	1.80e-24
 1.27065e+23	9.74e-16	3.77e-11	5.76e-08	8.17e-06	2.37e-04	2.39e-03	1.41e-01	4.78e-01	3.78e-01	9.74e-16	1.76e-24	2.21e-24
 1.27582e+23	1.29e-15	4.82e-11	7.13e-08	9.78e-06	2.74e-04	2.64e-03	1.49e-01	4.83e-01	3.65e-01	1.29e-15	2.33e-24	2.93e-24
 1.28100e+23	1.59e-15	5.77e-11	8.32e-08	1.11e-05	3.04e-04	2.84e-03	1.55e-01	4.86e-01	3.56e-01	1.59e-15	2.87e-24	3.61e-24
 1.28619e+23	2.08e-15	7.32e-11	1.02e-07	1.33e-05	3.50e-04	3.13e-03	1.63e-01	4.90e-01	3.43e-01	2.08e-15	3.77e-24	4.74e-24
 1.29150e+23	2.60e-15	8.88e-11	1.21e-07	1.53e-05	3.92e-04	3.39e-03	1.70e-01	4.93e-01	3.33e-01	2.60e-15	4.70e-24	5.92e-24
 1.29697e+23	3.47e-15	1.14e-10	1.50e-07	1.84e-05	4.56e-04	3.77e-03	1.80e-01	4.96e-01	3.19e-01	3.47e-15	6.28e-24	7.90e-24
 1.30247e+23	4.32e-15	1.38e-10	1.77e-07	2.12e-05	5.11e-04	4.08e-03	1.88e-01	4.99e-01	3.09e-01	4.32e-15	7.81e-24	9.82e-24
 1.30800e+23	5.75e-15	1.77e-10	2.20e-07	2.55e-05	5.94e-04	4.53e-03	1.98e-01	5.01e-01	2.96e-01	5.75e-15	1.04e-23	1.31e-23
 1.31364e+23	7.21e-15	2.16e-10	2.62e-07	2.95e-05	6.71e-04	4.93e-03	2.07e-01	5.02e-01	2.85e-01	7.21e-15	1.30e-23	1.64e-23
 1.31942e+23	9.66e-15	2.79e-10	3.27e-07	3.58e-05	7.85e-04	5.51e-03	2.19e-01	5.04e-01	2.71e-01	9.66e-15	1.75e-23	2.20e-23
 1.32532e+23	1.22e-14	3.41e-10	3.90e-07	4.17e-05	8.90e-04	6.01e-03	2.29e-01	5.04e-01	2.60e-01	1.22e-14	2.20e-23	2.77e-23
 1.33135e+23	1.64e-14	4.42e-10	4.90e-07	5.08e-05	1.05e-03	6.74e-03	2.42e-01	5.04e-01	2.46e-01	1.64e-14	2.97e-23	3.73e-23
 1.33746e+23	2.06e-14	5.41e-10	5.85e-07	5.93e-05	1.19e-03	7.38e-03	2.53e-01	5.04e-01	2.35e-01	2.06e-14	3.73e-23	4.69e-23
 1.34262e+23	2.53e-14	6.48e-10	6.87e-07	6.82e-05	1.34e-03	8.01e-03	2.63e-01	5.02e-01	2.25e-01	2.53e-14	4.58e-23	5.76e-23
 1.34825e+23	3.28e-14	8.13e-10	8.41e-07	8.15e-05	1.56e-03	8.90e-03	2.77e-01	5.00e-01	2.12e-01	3.28e-14	5.94e-23	7.46e-23
 1.35391e+23	3.99e-14	9.68e-10	9.83e-07	9.36e-05	1.75e-03	9.67e-03	2.88e-01	4.98e-01	2.03e-01	3.99e-14	7.24e-23	9.10e-23
 1.35944e+23	5.05e-14	1.19e-09	1.19e-06	1.11e-04	2.02e-03	1.07e-02	3.01e-01	4.95e-01	1.91e-01	5.05e-14	9.17e-23	1.15e-22
 1.36507e+23	6.13e-14	1.41e-09	1.39e-06	1.27e-04	2.27e-03	1.16e-02	3.13e-01	4.92e-01	1.81e-01	6.13e-14	1.11e-22	1.40e-22
 1.37061e+23	7.59e-14	1.71e-09	1.65e-06	1.49e-04	2.60e-03	1.28e-02	3.27e-01	4.87e-01	1.71e-01	7.59e-14	1.38e-22	1.73e-22
 1.37626e+23	9.16e-14	2.02e-09	1.92e-06	1.71e-04	2.94e-03	1.40e-02	3.39e-01	4.82e-01	1.61e-01	9.16e-14	1.67e-22	2.09e-22
 1.38181e+23	1.11e-13	2.39e-09	2.25e-06	1.98e-04	3.33e-03	1.53e-02	3.53e-01	4.77e-01	1.52e-01	1.11e-13	2.01e-22	2.53e-22
 1.38742e+23	1.32e-13	2.81e-09	2.61e-06	2.27e-04	3.75e-03	1.67e-02	3.66e-01	4.71e-01	1.43e-01	1.32e-13	2.41e-22	3.02e-22
 1.39295e+23	1.56e-13	3.27e-09	3.02e-06	2.60e-04	4.22e-03	1.81e-02	3.79e-01	4.64e-01	1.34e-01	1.56e-13	2.85e-22	3.57e-22
 1.39847e+23	1.84e-13	3.78e-09	3.47e-06	2.96e-04	4.74e-03	1.97e-02	3.92e-01	4.57e-01	1.26e-01	1.84e-13	3.35e-22	4.20e-22
 1.40400e+23	2.14e-13	4.35e-09	3.98e-06	3.37e-04	5.31e-03	2.14e-02	4.05e-01	4.50e-01	1.18e-01	2.14e-13	3.90e-22	4.89e-22
 1.40955e+23	2.48e-13	4.97e-09	4.53e-06	3.82e-04	5.93e-03	2.33e-02	4.18e-01	4.42e-01	1.10e-01	2.48e-13	4.52e-22	5.66e-22
 1.41512e+23	2.85e-13	5.66e-09	5.15e-06	4.32e-04	6.61e-03	2.52e-02	4.31e-01	4.33e-01	1.03e-01	2.85e-13	5.19e-22	6.51e-22
 1.42073e+23	3.25e-13	6.40e-09	5.83e-06	4.88e-04	7.35e-03	2.73e-02	4.44e-01	4.25e-01	9.63e-02	3.25e-13	5.94e-22	7.44e-22
 1.42640e+23	3.69e-13	7.22e-09	6.59e-06	5.50e-04	8.17e-03	2.95e-02	4.56e-01	4.16e-01	8.97e-02	3.69e-13	6.75e-22	8.45e-22
 1.43210e+23	4.16e-13	8.10e-09	7.41e-06	6.17e-04	9.05e-03	3.19e-02	4.69e-01	4.06e-01	8.35e-02	4.16e-13	7.61e-22	9.54e-22
 1.43789e+23	4.68e-13	9.07e-09	8.33e-06	6.94e-04	1.00e-02	3.44e-02	4.81e-01	3.96e-01	7.75e-02	4.68e-13	8.57e-22	1.07e-21
 1.44374e+23	5.22e-13	1.01e-08	9.32e-06	7.77e-04	1.11e-02	3.71e-02	4.93e-01	3.86e-01	7.19e-02	5.22e-13	9.57e-22	1.20e-21
 1.44971e+23	5.83e-13	1.12e-08	1.05e-05	8.72e-04	1.22e-02	4.01e-02	5.05e-01	3.76e-01	6.64e-02	5.83e-13	1.07e-21	1.34e-21
 1.45578e+23	6.46e-13	1.25e-08	1.17e-05	9.74e-04	1.35e-02	4.31e-02	5.16e-01	3.65e-01	6.14e-02	6.46e-13	1.19e-21	1.48e-21
 1.46133e+23	7.02e-13	1.36e-08	1.28e-05	1.07e-03	1.46e-02	4.58e-02	5.25e-01	3.56e-01	5.75e-02	7.02e-13	1.29e-21	1.61e-21
 1.46713e+23	7.74e-13	1.50e-08	1.43e-05	1.20e-03	1.61e-02	4.94e-02	5.36e-01	3.44e-01	5.27e-02	7.74e-13	1.43e-21	1.78e-21
 1.47303e+23	8.40e-13	1.63e-08	1.57e-05	1.32e-03	1.74e-02	5.24e-02	5.45e-01	3.35e-01	4.91e-02	8.40e-13	1.55e-21	1.94e-21
 1.47910e+23	9.27e-13	1.81e-08	1.76e-05	1.48e-03	1.92e-02	5.65e-02	5.55e-01	3.23e-01	4.48e-02	9.27e-13	1.71e-21	2.14e-21
 1.48519e+23	9.99e-13	1.96e-08	1.92e-05	1.62e-03	2.07e-02	5.98e-02	5.63e-01	3.14e-01	4.17e-02	9.99e-13	1.85e-21	2.31e-21
 1.49131e+23	1.09e-12	2.16e-08	2.14e-05	1.81e-03	2.27e-02	6.43e-02	5.72e-01	3.01e-01	3.79e-02	1.09e-12	2.02e-21	2.52e-21
 1.49746e+23	1.18e-12	2.33e-08	2.34e-05	1.98e-03	2.44e-02	6.79e-02	5.78e-01	2.92e-01	3.53e-02	1.18e-12	2.18e-21	2.72e-21
 1.50362e+23	1.28e-12	2.57e-08	2.61e-05	2.21e-03	2.66e-02	7.28e-02	5.86e-01	2.80e-01	3.21e-02	1.28e-12	2.38e-21	2.97e-21
 1.50986e+23	1.38e-12	2.78e-08	2.84e-05	2.42e-03	2.85e-02	7.66e-02	5.91e-01	2.71e-01	2.97e-02	1.38e-12	2.57e-21	3.21e-21
 1.51617e+23	1.51e-12	3.06e-08	3.17e-05	2.70e-03	3.11e-02	8.20e-02	5.98e-01	2.59e-01	2.69e-02	1.51e-12	2.80e-21	3.50e-21
 1.52257e+23	1.62e-12	3.32e-08	3.47e-05	2.95e-03	3.32e-02	8.62e-02	6.02e-01	2.50e-01	2.49e-02	1.62e-12	3.02e-21	3.77e-21
 1.52907e+23	1.77e-12	3.67e-08	3.88e-05	3.30e-03	3.62e-02	9.21e-02	6.07e-01	2.39e-01	2.24e-02	1.77e-12	3.30e-21	4.12e-21
 1.53569e+23	1.91e-12	4.00e-08	4.26e-05	3.61e-03	3.86e-02	9.68e-02	6.11e-01	2.30e-01	2.07e-02	1.91e-12	3.57e-21	4.46e-21
 1.54246e+23	2.09e-12	4.44e-08	4.78e-05	4.05e-03	4.20e-02	1.03e-01	6.14e-01	2.18e-01	1.85e-02	2.09e-12	3.92e-21	4.89e-21
 1.54939e+23	2.28e-12	4.86e-08	5.27e-05	4.44e-03	4.49e-02	1.08e-01	6.16e-01	2.09e-01	1.70e-02	2.28e-12	4.27e-21	5.32e-21
 1.55651e+23	2.51e-12	5.44e-08	5.97e-05	5.00e-03	4.88e-02	1.15e-01	6.18e-01	1.97e-01	1.51e-02	2.51e-12	4.72e-21	5.88e-21
 1.56378e+23	2.75e-12	6.01e-08	6.62e-05	5.49e-03	5.21e-02	1.21e-01	6.19e-01	1.89e-01	1.38e-02	2.75e-12	5.18e-21	6.46e-21
 1.56991e+23	2.97e-12	6.55e-08	7.24e-05	5.97e-03	5.52e-02	1.26e-01	6.19e-01	1.81e-01	1.27e-02	2.97e-12	5.60e-21	6.98e-21
 1.57655e+23	3.28e-12	7.32e-08	8.14e-05	6.65e-03	5.93e-02	1.33e-01	6.18e-01	1.71e-01	1.14e-02	3.28e-12	6.20e-21	7.72e-21
 1.58300e+23	3.54e-12	7.97e-08	8.88e-05	7.19e-03	6.25e-02	1.38e-01	6.17e-01	1.64e-01	1.05e-02	3.54e-12	6.71e-21	8.36e-21
 1.58922e+23	3.87e-12	8.84e-08	9.90e-05	7.93e-03	6.67e-02	1.45e-01	6.15e-01	1.56e-01	9.46e-03	3.87e-12	7.35e-21	9.15e-21
 1.59550e+23	4.24e-12	9.71e-08	1.08e-04	8.58e-03	7.01e-02	1.50e-01	6.13e-01	1.49e-01	8.73e-03	4.24e-12	8.06e-21	1.00e-20
 1.60187e+23	4.68e-12	1.09e-07	1.21e-04	9.47e-03	7.48e-02	1.57e-01	6.10e-01	1.41e-01	7.84e-03	4.68e-12	8.92e-21	1.11e-20
 1.60832e+23	5.14e-12	1.20e-07	1.34e-04	1.03e-02	7.86e-02	1.63e-01	6.06e-01	1.35e-01	7.21e-03	5.14e-12	9.82e-21	1.22e-20
 1.61489e+23	5.72e-12	1.35e-07	1.50e-04	1.14e-02	8.38e-02	1.70e-01	6.01e-01	1.27e-01	6.44e-03	5.72e-12	1.10e-20	1.36e-20
 1.62156e+23	6.35e-12	1.50e-07	1.66e-04	1.23e-02	8.81e-02	1.76e-01	5.97e-01	1.21e-01	5.90e-03	6.35e-12	1.22e-20	1.52e-20
 1.62835e+23	7.13e-12	1.71e-07	1.88e-04	1.36e-02	9.38e-02	1.84e-01	5.90e-01	1.13e-01	5.24e-03	7.13e-12	1.38e-20	1.71e-20
 1.63526e+23	7.96e-12	1.91e-07	2.08e-04	1.48e-02	9.86e-02	1.89e-01	5.85e-01	1.08e-01	4.77e-03	7.96e-12	1.54e-20	1.91e-20
 1.64231e+23	9.08e-12	2.20e-07	2.38e-04	1.65e-02	1.05e-01	1.97e-01	5.76e-01	1.00e-01	4.22e-03	9.08e-12	1.76e-20	2.19e-20
 1.64955e+23	1.02e-11	2.49e-07	2.65e-04	1.79e-02	1.10e-01	2.03e-01	5.69e-01	9.48e-02	3.82e-03	1.02e-11	1.99e-20	2.47e-20
 1.65703e+23	1.19e-11	2.90e-07	3.05e-04	2.00e-02	1.18e-01	2.12e-01	5.59e-01	8.79e-02	3.34e-03	1.19e-11	2.32e-20	2.88e-20
 1.66469e+23	1.35e-11	3.31e-07	3.43e-04	2.19e-02	1.24e-01	2.18e-01	5.50e-01	8.26e-02	3.00e-03	1.35e-11	2.66e-20	3.30e-20
 1.67260e+23	1.60e-11	3.93e-07	3.98e-04	2.45e-02	1.32e-01	2.26e-01	5.38e-01	7.61e-02	2.60e-03	1.60e-11	3.15e-20	3.91e-20
 1.68058e+23	1.85e-11	4.52e-07	4.49e-04	2.68e-02	1.39e-01	2.32e-01	5.28e-01	7.13e-02	2.33e-03	1.85e-11	3.66e-20	4.54e-20
 1.68864e+23	2.20e-11	5.39e-07	5.23e-04	2.99e-02	1.48e-01	2.40e-01	5.14e-01	6.53e-02	2.01e-03	2.20e-11	4.38e-20	5.42e-20
 1.69679e+23	2.57e-11	6.24e-07	5.91e-04	3.27e-02	1.55e-01	2.46e-01	5.03e-01	6.09e-02	1.79e-03	2.57e-11	5.14e-20	6.35e-20
 1.70504e+23	3.10e-11	7.50e-07	6.90e-04	3.66e-02	1.65e-01	2.53e-01	4.87e-01	5.55e-02	1.53e-03	3.10e-11	6.23e-20	7.71e-20
 1.71344e+23	3.66e-11	8.76e-07	7.83e-04	4.00e-02	1.73e-01	2.59e-01	4.75e-01	5.15e-02	1.36e-03	3.66e-11	7.39e-20	9.14e-20
 1.72086e+23	4.28e-11	1.02e-06	8.86e-04	4.36e-02	1.81e-01	2.64e-01	4.62e-01	4.77e-02	1.20e-03	4.28e-11	8.69e-20	1.07e-19
 1.72932e+23	5.28e-11	1.24e-06	1.04e-03	4.87e-02	1.91e-01	2.70e-01	4.45e-01	4.32e-02	1.02e-03	5.28e-11	1.08e-19	1.33e-19
 1.73795e+23	6.25e-11	1.45e-06	1.18e-03	5.32e-02	2.00e-01	2.75e-01	4.31e-01	3.97e-02	8.90e-04	6.25e-11	1.29e-19	1.59e-19
 1.74495e+23	7.28e-11	1.66e-06	1.32e-03	5.73e-02	2.07e-01	2.78e-01	4.18e-01	3.70e-02	7.94e-04	7.28e-11	1.50e-19	1.86e-19
 1.75221e+23	8.74e-11	1.96e-06	1.50e-03	6.25e-02	2.16e-01	2.81e-01	4.04e-01	3.39e-02	6.93e-04	8.74e-11	1.82e-19	2.24e-19
 1.75984e+23	1.03e-10	2.27e-06	1.68e-03	6.75e-02	2.24e-01	2.84e-01	3.90e-01	3.13e-02	6.12e-04	1.03e-10	2.16e-19	2.66e-19
 1.76685e+23	1.21e-10	2.62e-06	1.88e-03	7.27e-02	2.32e-01	2.87e-01	3.77e-01	2.89e-02	5.41e-04	1.21e-10	2.55e-19	3.14e-19
 1.77485e+23	1.49e-10	3.15e-06	2.17e-03	7.97e-02	2.42e-01	2.89e-01	3.60e-01	2.61e-02	4.62e-04	1.49e-10	3.17e-19	3.90e-19
 1.78305e+23	1.79e-10	3.70e-06	2.45e-03	8.62e-02	2.51e-01	2.91e-01	3.45e-01	2.38e-02	4.01e-04	1.79e-10	3.82e-19	4.70e-19
 1.79025e+23	2.12e-10	4.28e-06	2.75e-03	9.26e-02	2.59e-01	2.91e-01	3.32e-01	2.19e-02	3.52e-04	2.12e-10	4.57e-19	5.61e-19
 1.79834e+23	2.64e-10	5.15e-06	3.15e-03	1.01e-01	2.69e-01	2.92e-01	3.15e-01	1.96e-02	2.99e-04	2.64e-10	5.73e-19	7.03e-19
 1.80682e+23	3.20e-10	6.08e-06	3.57e-03	1.09e-01	2.77e-01	2.92e-01	3.00e-01	1.77e-02	2.56e-04	3.20e-10	7.01e-19	8.60e-19
 1.81449e+23	3.86e-10	7.09e-06	4.01e-03	1.17e-01	2.85e-01	2.91e-01	2.86e-01	1.61e-02	2.22e-04	3.86e-10	8.51e-19	1.04e-18
 1.82315e+23	4.89e-10	8.62e-06	4.63e-03	1.28e-01	2.95e-01	2.89e-01	2.69e-01	1.43e-02	1.85e-04	4.89e-10	1.09e-18	1.33e-18
 1.83208e+23	6.01e-10	1.02e-05	5.25e-03	1.38e-01	3.03e-01	2.87e-01	2.53e-01	1.27e-02	1.57e-04	6.01e-10	1.35e-18	1.66e-18
 1.84004e+23	7.31e-10	1.20e-05	5.89e-03	1.48e-01	3.11e-01	2.84e-01	2.40e-01	1.15e-02	1.34e-04	7.31e-10	1.66e-18	2.03e-18
 1.84903e+23	9.37e-10	1.46e-05	6.80e-03	1.61e-01	3.19e-01	2.80e-01	2.23e-01	1.00e-02	1.10e-04	9.37e-10	2.16e-18	2.63e-18
 1.85839e+23	1.17e-09	1.74e-05	7.72e-03	1.73e-01	3.26e-01	2.76e-01	2.08e-01	8.83e-03	9.19e-05	1.17e-09	2.72e-18	3.32e-18
 1.86682e+23	1.44e-09	2.06e-05	8.68e-03	1.85e-01	3.33e-01	2.71e-01	1.95e-01	7.84e-03	7.74e-05	1.44e-09	3.39e-18	4.14e-18
 1.87638e+23	1.88e-09	2.53e-05	1.01e-02	2.01e-01	3.40e-01	2.64e-01	1.79e-01	6.71e-03	6.19e-05	1.88e-09	4.51e-18	5.49e-18
 1.88620e+23	2.36e-09	3.02e-05	1.14e-02	2.15e-01	3.45e-01	2.58e-01	1.65e-01	5.86e-03	5.11e-05	2.36e-09	5.73e-18	6.98e-18
 1.89504e+23	2.95e-09	3.58e-05	1.28e-02	2.28e-01	3.50e-01	2.51e-01	1.53e-01	5.13e-03	4.23e-05	2.95e-09	7.26e-18	8.83e-18
 1.90517e+23	3.94e-09	4.45e-05	1.49e-02	2.47e-01	3.54e-01	2.42e-01	1.38e-01	4.29e-03	3.29e-05	3.94e-09	9.86e-18	1.20e-17
 1.91540e+23	4.96e-09	5.30e-05	1.67e-02	2.63e-01	3.57e-01	2.34e-01	1.26e-01	3.71e-03	2.68e-05	4.96e-09	1.26e-17	1.53e-17
 1.92574e+23	6.61e-09	6.56e-05	1.93e-02	2.82e-01	3.59e-01	2.23e-01	1.13e-01	3.08e-03	2.07e-05	6.61e-09	1.72e-17	2.09e-17
 1.93625e+23	8.39e-09	7.82e-05	2.17e-02	2.99e-01	3.60e-01	2.14e-01	1.03e-01	2.63e-03	1.66e-05	8.39e-09	2.23e-17	2.70e-17
 1.94698e+23	1.13e-08	9.73e-05	2.51e-02	3.20e-01	3.60e-01	2.02e-01	9.06e-02	2.15e-03	1.26e-05	1.13e-08	3.09e-17	3.74e-17
 1.95780e+23	1.44e-08	1.16e-04	2.81e-02	3.37e-01	3.59e-01	1.93e-01	8.17e-02	1.82e-03	1.00e-05	1.44e-08	4.01e-17	4.85e-17
 1.96876e+23	1.96e-08	1.44e-04	3.24e-02	3.59e-01	3.56e-01	1.80e-01	7.13e-02	1.46e-03	7.44e-06	1.96e-08	5.62e-17	6.80e-17
 1.97983e+23	2.49e-08	1.71e-04	3.62e-02	3.76e-01	3.52e-01	1.70e-01	6.38e-02	1.23e-03	5.87e-06	2.49e-08	7.33e-17	8.86e-17
 1.99104e+23	3.39e-08	2.13e-04	4.16e-02	3.98e-01	3.47e-01	1.58e-01	5.51e-02	9.74e-04	4.29e-06	3.39e-08	1.03e-16	1.25e-16
 2.00240e+23	4.32e-08	2.53e-04	4.63e-02	4.15e-01	3.41e-01	1.48e-01	4.88e-02	8.08e-04	3.34e-06	4.32e-08	1.36e-16	1.64e-16
 2.01396e+23	5.92e-08	3.14e-04	5.29e-02	4.36e-01	3.33e-01	1.35e-01	4.16e-02	6.32e-04	2.40e-06	5.92e-08	1.94e-16	2.34e-16
 2.02534e+23	7.46e-08	3.69e-04	5.84e-02	4.52e-01	3.26e-01	1.26e-01	3.68e-02	5.24e-04	1.87e-06	7.46e-08	2.52e-16	3.04e-16
 2.03486e+23	9.31e-08	4.30e-04	6.40e-02	4.66e-01	3.19e-01	1.18e-01	3.27e-02	4.37e-04	1.46e-06	9.31e-08	3.24e-16	3.91e-16
 2.04406e+23	1.15e-07	4.97e-04	6.98e-02	4.79e-01	3.11e-01	1.10e-01	2.91e-02	3.66e-04	1.16e-06	1.15e-07	4.12e-16	4.97e-16
 2.05445e+23	1.51e-07	5.97e-04	7.78e-02	4.95e-01	3.01e-01	1.00e-01	2.49e-02	2.90e-04	8.51e-07	1.51e-07	5.60e-16	6.75e-16
 2.06479e+23	1.86e-07	6.89e-04	8.45e-02	5.07e-01	2.92e-01	9.33e-02	2.21e-02	2.41e-04	6.66e-07	1.86e-07	7.10e-16	8.57e-16
 2.07506e+23	2.42e-07	8.22e-04	9.36e-02	5.21e-01	2.81e-01	8.48e-02	1.89e-02	1.91e-04	4.89e-07	2.42e-07	9.57e-16	1.15e-15
 2.08553e+23	3.00e-07	9.49e-04	1.02e-01	5.31e-01	2.72e-01	7.81e-02	1.65e-02	1.57e-04	3.77e-07	3.00e-07	1.22e-15	1.47e-15
 2.09625e+23	3.92e-07	1.14e-03	1.12e-01	5.43e-01	2.59e-01	7.02e-02	1.40e-02	1.22e-04	2.72e-07	3.92e-07	1.65e-15	1.99e-15
 2.10706e+23	4.85e-07	1.31e-03	1.22e-01	5.51e-01	2.49e-01	6.43e-02	1.21e-02	9.96e-05	2.08e-07	4.85e-07	2.10e-15	2.53e-15
 2.11797e+23	6.34e-07	1.56e-03	1.34e-01	5.60e-01	2.36e-01	5.73e-02	1.02e-02	7.68e-05	1.48e-07	6.34e-07	2.85e-15	3.42e-15
 2.12901e+23	7.88e-07	1.80e-03	1.45e-01	5.67e-01	2.26e-01	5.21e-02	8.77e-03	6.18e-05	0.00e+00	7.88e-07	3.64e-15	4.37e-15
 2.13784e+23	9.31e-07	2.01e-03	1.54e-01	5.71e-01	2.18e-01	4.82e-02	7.81e-03	5.21e-05	0.00e+00	9.31e-07	4.40e-15	5.28e-15
 2.14694e+23	1.16e-06	2.32e-03	1.66e-01	5.75e-01	2.07e-01	4.35e-02	6.70e-03	4.16e-05	0.00e+00	1.16e-06	5.62e-15	6.74e-15
 2.15619e+23	1.38e-06	2.60e-03	1.76e-01	5.77e-01	1.98e-01	3.99e-02	5.89e-03	3.46e-05	0.00e+00	1.38e-06	6.87e-15	8.22e-15
 2.16564e+23	1.71e-06	3.00e-03	1.89e-01	5.79e-01	1.88e-01	3.59e-02	5.02e-03	2.74e-05	0.00e+00	1.71e-06	8.80e-15	1.05e-14
 2.17521e+23	2.05e-06	3.37e-03	2.01e-01	5.80e-01	1.79e-01	3.27e-02	4.38e-03	2.25e-05	0.00e+00	2.05e-06	1.08e-14	1.29e-14
 2.18355e+23	2.43e-06	3.76e-03	2.13e-01	5.79e-01	1.71e-01	2.99e-02	3.85e-03	1.86e-05	0.00e+00	2.43e-06	1.31e-14	1.56e-14
 2.19302e+23	3.01e-06	4.32e-03	2.28e-01	5.78e-01	1.60e-01	2.66e-02	3.25e-03	1.46e-05	0.00e+00	3.01e-06	1.68e-14	2.00e-14
 2.20262e+23	3.56e-06	4.81e-03	2.40e-01	5.76e-01	1.52e-01	2.42e-02	2.84e-03	1.20e-05	0.00e+00	3.56e-06	2.03e-14	2.42e-14
 2.21238e+23	4.41e-06	5.52e-03	2.57e-01	5.71e-01	1.42e-01	2.14e-02	2.38e-03	9.33e-06	0.00e+00	4.41e-06	2.60e-14	3.10e-14
 2.22228e+23	5.25e-06	6.18e-03	2.71e-01	5.67e-01	1.34e-01	1.93e-02	2.05e-03	7.54e-06	0.00e+00	5.25e-06	3.18e-14	3.79e-14
 2.23099e+23	6.21e-06	6.87e-03	2.85e-01	5.62e-01	1.27e-01	1.74e-02	1.78e-03	6.13e-06	0.00e+00	6.21e-06	3.86e-14	4.60e-14
 2.24094e+23	7.70e-06	7.88e-03	3.04e-01	5.54e-01	1.18e-01	1.52e-02	1.48e-03	4.69e-06	0.00e+00	7.70e-06	4.96e-14	5.91e-14
 2.25100e+23	9.07e-06	8.74e-03	3.19e-01	5.47e-01	1.11e-01	1.37e-02	1.27e-03	3.79e-06	0.00e+00	9.07e-06	6.01e-14	7.15e-14
 2.26120e+23	1.12e-05	9.98e-03	3.39e-01	5.36e-01	1.02e-01	1.19e-02	1.05e-03	2.88e-06	0.00e+00	1.12e-05	7.70e-14	9.16e-14
 2.27162e+23	1.33e-05	1.12e-02	3.56e-01	5.27e-01	9.49e-02	1.06e-02	8.89e-04	2.28e-06	0.00e+00	1.33e-05	9.48e-14	1.13e-13
 2.28087e+23	1.58e-05	1.24e-02	3.72e-01	5.16e-01	8.85e-02	9.39e-03	7.58e-04	1.81e-06	0.00e+00	1.58e-05	1.16e-13	1.38e-13
 2.29144e+23	1.97e-05	1.43e-02	3.94e-01	5.02e-01	8.07e-02	8.04e-03	6.14e-04	1.34e-06	0.00e+00	1.97e-05	1.50e-13	1.78e-13
 2.30215e+23	2.33e-05	1.58e-02	4.12e-01	4.90e-01	7.47e-02	7.10e-03	5.19e-04	1.06e-06	0.00e+00	2.33e-05	1.83e-13	2.18e-13
 2.31304e+23	2.88e-05	1.81e-02	4.34e-01	4.73e-01	6.77e-02	6.04e-03	4.18e-04	7.79e-07	0.00e+00	2.88e-05	2.37e-13	2.82e-13
 2.32422e+23	3.45e-05	2.03e-02	4.54e-01	4.59e-01	6.20e-02	5.24e-03	3.46e-04	5.96e-07	0.00e+00	3.45e-05	2.94e-13	3.49e-13
 2.33423e+23	4.10e-05	2.26e-02	4.72e-01	4.44e-01	5.68e-02	4.56e-03	2.88e-04	4.60e-07	0.00e+00	4.10e-05	3.63e-13	4.30e-13
 2.34571e+23	5.10e-05	2.59e-02	4.96e-01	4.24e-01	5.07e-02	3.81e-03	2.27e-04	3.29e-07	0.00e+00	5.10e-05	4.73e-13	5.61e-13
 2.35747e+23	6.10e-05	2.89e-02	5.15e-01	4.06e-01	4.59e-02	3.26e-03	1.85e-04	2.47e-07	0.00e+00	6.10e-05	5.89e-13	6.98e-13
 2.36642e+23	6.87e-05	3.11e-02	5.29e-01	3.94e-01	4.28e-02	2.93e-03	1.60e-04	2.02e-07	0.00e+00	6.87e-05	6.82e-13	8.09e-13
 2.37489e+23	8.05e-05	3.43e-02	5.46e-01	3.78e-01	3.90e-02	2.54e-03	1.33e-04	1.56e-07	0.00e+00	8.05e-05	8.30e-13	9.83e-13
 2.38353e+23	9.12e-05	3.70e-02	5.59e-01	3.65e-01	3.61e-02	2.26e-03	1.15e-04	0.00e+00	0.00e+00	9.12e-05	9.68e-13	1.15e-12
 2.39240e+23	1.07e-04	4.09e-02	5.76e-01	3.48e-01	3.27e-02	1.94e-03	9.42e-05	0.00e+00	0.00e+00	1.07e-04	1.18e-12	1.40e-12
 2.40136e+23	1.21e-04	4.40e-02	5.89e-01	3.35e-01	3.01e-02	1.72e-03	8.05e-05	0.00e+00	0.00e+00	1.21e-04	1.38e-12	1.63e-12
 2.41045e+23	1.42e-04	4.86e-02	6.05e-01	3.18e-01	2.71e-02	1.47e-03	6.56e-05	0.00e+00	0.00e+00	1.42e-04	1.69e-12	2.00e-12
 2.41966e+23	1.61e-04	5.23e-02	6.18e-01	3.04e-01	2.48e-02	1.29e-03	5.55e-05	0.00e+00	0.00e+00	1.61e-04	1.97e-12	2.33e-12
 2.42904e+23	1.89e-04	5.77e-02	6.33e-01	2.86e-01	2.22e-02	1.09e-03	4.49e-05	0.00e+00	0.00e+00	1.89e-04	2.42e-12	2.86e-12
 2.43857e+23	2.15e-04	6.21e-02	6.45e-01	2.72e-01	2.01e-02	9.46e-04	3.75e-05	0.00e+00	0.00e+00	2.15e-04	2.84e-12	3.35e-12
 2.44832e+23	2.53e-04	6.85e-02	6.58e-01	2.54e-01	1.78e-02	7.90e-04	2.99e-05	0.00e+00	0.00e+00	2.53e-04	3.50e-12	4.13e-12
 2.45821e+23	2.86e-04	7.38e-02	6.69e-01	2.40e-01	1.61e-02	6.80e-04	2.48e-05	0.00e+00	0.00e+00	2.86e-04	4.12e-12	4.86e-12
 2.46830e+23	3.38e-04	8.14e-02	6.81e-01	2.23e-01	1.41e-02	5.62e-04	1.95e-05	0.00e+00	0.00e+00	3.38e-04	5.09e-12	6.00e-12
 2.47857e+23	3.83e-04	8.76e-02	6.90e-01	2.09e-01	1.26e-02	4.79e-04	1.59e-05	0.00e+00	0.00e+00	3.83e-04	6.01e-12	7.07e-12
 2.48909e+23	4.53e-04	9.67e-02	7.00e-01	1.91e-01	1.09e-02	3.90e-04	1.23e-05	0.00e+00	0.00e+00	4.53e-04	7.48e-12	8.79e-12
 2.49982e+23	5.15e-04	1.04e-01	7.08e-01	1.78e-01	9.67e-03	3.28e-04	9.97e-06	0.00e+00	0.00e+00	5.15e-04	8.86e-12	1.04e-11
 2.51085e+23	6.10e-04	1.15e-01	7.15e-01	1.61e-01	8.28e-03	2.63e-04	7.58e-06	0.00e+00	0.00e+00	6.10e-04	1.11e-11	1.30e-11
 2.52206e+23	6.94e-04	1.24e-01	7.20e-01	1.49e-01	7.25e-03	2.18e-04	6.04e-06	0.00e+00	0.00e+00	6.94e-04	1.32e-11	1.54e-11
 2.53351e+23	8.21e-04	1.36e-01	7.23e-01	1.33e-01	6.16e-03	1.72e-04	4.54e-06	0.00e+00	0.00e+00	8.21e-04	1.65e-11	1.93e-11
