#depth	He	He+	He+2
 4.62852e+21	2.37e-08	1.30e-03	9.99e-01
 1.02877e+22	4.07e-08	2.10e-03	9.98e-01
 1.18209e+22	5.97e-08	2.61e-03	9.97e-01
 1.25749e+22	7.29e-08	2.90e-03	9.97e-01
 1.29265e+22	7.90e-08	3.02e-03	9.97e-01
 1.31571e+22	8.77e-08	3.19e-03	9.97e-01
 1.34068e+22	9.66e-08	3.35e-03	9.97e-01
 1.36815e+22	1.10e-07	3.57e-03	9.96e-01
 1.39380e+22	1.19e-07	3.71e-03	9.96e-01
 1.41708e+22	1.32e-07	3.91e-03	9.96e-01
 1.44020e+22	1.43e-07	4.07e-03	9.96e-01
 1.46311e+22	1.59e-07	4.29e-03	9.96e-01
 1.48612e+22	1.72e-07	4.46e-03	9.96e-01
 1.50924e+22	1.90e-07	4.69e-03	9.95e-01
 1.53281e+22	2.06e-07	4.88e-03	9.95e-01
 1.55697e+22	2.30e-07	5.15e-03	9.95e-01
 1.58145e+22	2.50e-07	5.36e-03	9.95e-01
 1.60633e+22	2.79e-07	5.66e-03	9.94e-01
 1.63172e+22	3.03e-07	5.90e-03	9.94e-01
 1.65779e+22	3.40e-07	6.24e-03	9.94e-01
 1.68439e+22	3.71e-07	6.52e-03	9.93e-01
 1.71171e+22	4.18e-07	6.91e-03	9.93e-01
 1.73971e+22	4.58e-07	7.23e-03	9.93e-01
 1.76861e+22	5.18e-07	7.68e-03	9.92e-01
 1.79777e+22	5.68e-07	8.04e-03	9.92e-01
 1.82729e+22	6.44e-07	8.55e-03	9.91e-01
 1.85712e+22	7.08e-07	8.96e-03	9.91e-01
 1.88737e+22	8.00e-07	9.51e-03	9.90e-01
 1.91719e+22	8.78e-07	9.96e-03	9.90e-01
 1.94647e+22	9.88e-07	1.06e-02	9.89e-01
 1.97677e+22	1.09e-06	1.11e-02	9.89e-01
 2.00206e+22	1.19e-06	1.15e-02	9.88e-01
 2.02862e+22	1.31e-06	1.21e-02	9.88e-01
 2.05599e+22	1.44e-06	1.27e-02	9.87e-01
 2.08057e+22	1.57e-06	1.32e-02	9.87e-01
 2.10870e+22	1.74e-06	1.40e-02	9.86e-01
 2.13781e+22	1.92e-06	1.47e-02	9.85e-01
 2.16371e+22	2.10e-06	1.53e-02	9.85e-01
 2.19287e+22	2.34e-06	1.62e-02	9.84e-01
 2.22337e+22	2.59e-06	1.70e-02	9.83e-01
 2.25093e+22	2.84e-06	1.78e-02	9.82e-01
 2.28207e+22	3.19e-06	1.88e-02	9.81e-01
 2.31417e+22	3.55e-06	1.98e-02	9.80e-01
 2.34275e+22	3.90e-06	2.08e-02	9.79e-01
 2.37510e+22	4.40e-06	2.20e-02	9.78e-01
 2.40868e+22	4.91e-06	2.33e-02	9.77e-01
 2.43884e+22	5.42e-06	2.44e-02	9.76e-01
 2.47302e+22	6.14e-06	2.60e-02	9.74e-01
 2.50850e+22	6.90e-06	2.75e-02	9.72e-01
 2.54028e+22	7.64e-06	2.89e-02	9.71e-01
 2.57622e+22	8.74e-06	3.09e-02	9.69e-01
 2.61286e+22	9.80e-06	3.27e-02	9.67e-01
 2.65043e+22	1.12e-05	3.50e-02	9.65e-01
 2.68838e+22	1.26e-05	3.70e-02	9.63e-01
 2.72684e+22	1.46e-05	3.97e-02	9.60e-01
 2.76563e+22	1.63e-05	4.20e-02	9.58e-01
 2.80488e+22	1.89e-05	4.51e-02	9.55e-01
 2.84453e+22	2.12e-05	4.77e-02	9.52e-01
 2.88473e+22	2.47e-05	5.14e-02	9.49e-01
 2.92545e+22	2.78e-05	5.44e-02	9.46e-01
 2.96685e+22	3.24e-05	5.86e-02	9.41e-01
 3.00741e+22	3.63e-05	6.19e-02	9.38e-01
 3.04688e+22	4.20e-05	6.64e-02	9.34e-01
 3.08503e+22	4.66e-05	6.98e-02	9.30e-01
 3.12145e+22	5.29e-05	7.42e-02	9.26e-01
 3.15835e+22	5.90e-05	7.82e-02	9.22e-01
 3.19074e+22	6.54e-05	8.22e-02	9.18e-01
 3.22775e+22	7.46e-05	8.75e-02	9.12e-01
 3.26555e+22	8.32e-05	9.22e-02	9.08e-01
 3.30438e+22	9.54e-05	9.83e-02	9.02e-01
 3.34351e+22	1.06e-04	1.03e-01	8.96e-01
 3.38303e+22	1.23e-04	1.11e-01	8.89e-01
 3.42259e+22	1.36e-04	1.16e-01	8.83e-01
 3.45438e+22	1.50e-04	1.21e-01	8.78e-01
 3.48786e+22	1.67e-04	1.28e-01	8.72e-01
 3.52182e+22	1.84e-04	1.34e-01	8.66e-01
 3.55170e+22	2.01e-04	1.39e-01	8.60e-01
 3.58583e+22	2.25e-04	1.47e-01	8.53e-01
 3.62037e+22	2.47e-04	1.53e-01	8.46e-01
 3.65064e+22	2.71e-04	1.60e-01	8.40e-01
 3.68519e+22	3.04e-04	1.68e-01	8.31e-01
 3.72002e+22	3.32e-04	1.75e-01	8.24e-01
 3.75520e+22	3.71e-04	1.84e-01	8.15e-01
 3.79095e+22	4.09e-04	1.92e-01	8.07e-01
 3.82245e+22	4.47e-04	2.00e-01	7.99e-01
 3.85842e+22	5.00e-04	2.10e-01	7.89e-01
 3.89517e+22	5.50e-04	2.19e-01	7.80e-01
 3.93294e+22	6.15e-04	2.31e-01	7.69e-01
 3.97144e+22	6.81e-04	2.41e-01	7.58e-01
 4.00505e+22	7.45e-04	2.50e-01	7.49e-01
 4.04286e+22	8.34e-04	2.63e-01	7.36e-01
 4.08207e+22	9.20e-04	2.74e-01	7.25e-01
 4.12309e+22	1.04e-03	2.89e-01	7.10e-01
 4.16421e+22	1.14e-03	3.00e-01	6.99e-01
 4.18683e+22	1.17e-03	3.03e-01	6.96e-01
 4.19395e+22	1.18e-03	3.04e-01	6.94e-01
 4.19958e+22	1.21e-03	3.07e-01	6.92e-01
 4.20689e+22	1.23e-03	3.09e-01	6.90e-01
 4.21640e+22	1.26e-03	3.13e-01	6.86e-01
 4.22876e+22	1.31e-03	3.17e-01	6.82e-01
 4.24482e+22	1.37e-03	3.23e-01	6.76e-01
 4.26571e+22	1.46e-03	3.31e-01	6.68e-01
 4.29286e+22	1.58e-03	3.42e-01	6.57e-01
 4.32187e+22	1.69e-03	3.51e-01	6.47e-01
 4.35329e+22	1.84e-03	3.63e-01	6.35e-01
 4.38540e+22	1.98e-03	3.74e-01	6.24e-01
 4.41377e+22	2.13e-03	3.84e-01	6.14e-01
 4.44600e+22	2.32e-03	3.97e-01	6.01e-01
 4.47927e+22	2.50e-03	4.08e-01	5.89e-01
 4.50909e+22	2.69e-03	4.19e-01	5.78e-01
 4.54304e+22	2.94e-03	4.33e-01	5.64e-01
 4.57768e+22	3.17e-03	4.44e-01	5.52e-01
 4.61323e+22	3.47e-03	4.59e-01	5.37e-01
 4.64938e+22	3.74e-03	4.71e-01	5.25e-01
 4.68631e+22	4.10e-03	4.86e-01	5.10e-01
 4.72445e+22	4.44e-03	5.00e-01	4.96e-01
 4.76416e+22	4.90e-03	5.16e-01	4.79e-01
 4.80407e+22	5.31e-03	5.30e-01	4.65e-01
 4.84423e+22	5.86e-03	5.47e-01	4.47e-01
 4.88487e+22	6.33e-03	5.60e-01	4.34e-01
 4.92616e+22	6.96e-03	5.76e-01	4.17e-01
 4.96877e+22	7.56e-03	5.91e-01	4.02e-01
 5.01309e+22	8.42e-03	6.09e-01	3.82e-01
 5.05727e+22	9.08e-03	6.22e-01	3.69e-01
 5.10129e+22	1.00e-02	6.40e-01	3.50e-01
 5.14612e+22	1.09e-02	6.54e-01	3.36e-01
 5.19204e+22	1.21e-02	6.71e-01	3.17e-01
 5.23959e+22	1.31e-02	6.85e-01	3.02e-01
 5.28927e+22	1.47e-02	7.04e-01	2.81e-01
 5.34006e+22	1.60e-02	7.18e-01	2.66e-01
 5.39229e+22	1.80e-02	7.36e-01	2.46e-01
 5.44625e+22	1.97e-02	7.50e-01	2.31e-01
 5.50247e+22	2.23e-02	7.67e-01	2.10e-01
 5.56095e+22	2.47e-02	7.81e-01	1.94e-01
 5.62189e+22	2.82e-02	7.98e-01	1.74e-01
 5.68381e+22	3.14e-02	8.11e-01	1.58e-01
 5.73191e+22	3.41e-02	8.20e-01	1.46e-01
 5.77889e+22	3.78e-02	8.29e-01	1.33e-01
 5.82737e+22	4.14e-02	8.37e-01	1.21e-01
 5.87779e+22	4.64e-02	8.45e-01	1.08e-01
 5.92965e+22	5.14e-02	8.51e-01	9.74e-02
 5.97581e+22	5.67e-02	8.55e-01	8.79e-02
 6.01736e+22	6.19e-02	8.58e-01	8.01e-02
 6.05406e+22	6.71e-02	8.60e-01	7.34e-02
 6.09535e+22	7.47e-02	8.60e-01	6.56e-02
 6.13848e+22	8.26e-02	8.58e-01	5.91e-02
 6.17696e+22	9.10e-02	8.55e-01	5.36e-02
 6.21367e+22	1.00e-01	8.51e-01	4.87e-02
 6.24841e+22	1.10e-01	8.45e-01	4.46e-02
 6.28036e+22	1.21e-01	8.38e-01	4.13e-02
 6.30943e+22	1.32e-01	8.29e-01	3.85e-02
 6.33585e+22	1.44e-01	8.19e-01	3.63e-02
 6.35992e+22	1.57e-01	8.09e-01	3.45e-02
 6.38187e+22	1.69e-01	7.98e-01	3.31e-02
 6.39558e+22	1.76e-01	7.91e-01	3.27e-02
 6.40055e+22	1.79e-01	7.88e-01	3.25e-02
 6.40448e+22	1.82e-01	7.86e-01	3.23e-02
 6.40957e+22	1.86e-01	7.82e-01	3.20e-02
 6.41567e+22	1.91e-01	7.78e-01	3.16e-02
 6.42184e+22	1.95e-01	7.73e-01	3.13e-02
 6.42752e+22	1.99e-01	7.69e-01	3.11e-02
 6.43329e+22	2.04e-01	7.65e-01	3.08e-02
 6.43921e+22	2.09e-01	7.60e-01	3.07e-02
 6.44523e+22	2.14e-01	7.55e-01	3.05e-02
 6.45140e+22	2.20e-01	7.50e-01	3.02e-02
 6.45742e+22	2.26e-01	7.44e-01	3.01e-02
 6.46353e+22	2.31e-01	7.39e-01	2.99e-02
 6.46991e+22	2.38e-01	7.33e-01	2.98e-02
 6.47650e+22	2.44e-01	7.26e-01	2.97e-02
 6.48327e+22	2.52e-01	7.19e-01	2.96e-02
 6.49017e+22	2.59e-01	7.12e-01	2.95e-02
 6.49728e+22	2.67e-01	7.04e-01	2.95e-02
 6.50469e+22	2.75e-01	6.95e-01	2.94e-02
 6.51204e+22	2.84e-01	6.87e-01	2.94e-02
 6.51778e+22	2.90e-01	6.81e-01	2.95e-02
 6.52169e+22	2.94e-01	6.76e-01	2.95e-02
 6.52546e+22	2.99e-01	6.71e-01	2.95e-02
 6.52984e+22	3.05e-01	6.65e-01	2.94e-02
 6.53463e+22	3.12e-01	6.59e-01	2.93e-02
 6.53928e+22	3.18e-01	6.53e-01	2.94e-02
 6.54387e+22	3.24e-01	6.47e-01	2.93e-02
 6.54862e+22	3.31e-01	6.40e-01	2.92e-02
 6.55342e+22	3.38e-01	6.33e-01	2.91e-02
 6.55828e+22	3.45e-01	6.26e-01	2.90e-02
 6.56314e+22	3.52e-01	6.19e-01	2.89e-02
 6.56817e+22	3.60e-01	6.11e-01	2.87e-02
 6.57344e+22	3.68e-01	6.03e-01	2.86e-02
 6.57873e+22	3.77e-01	5.95e-01	2.84e-02
 6.58400e+22	3.85e-01	5.87e-01	2.82e-02
 6.58947e+22	3.94e-01	5.78e-01	2.79e-02
 6.59521e+22	4.04e-01	5.69e-01	2.76e-02
 6.60098e+22	4.13e-01	5.59e-01	2.73e-02
 6.60683e+22	4.23e-01	5.50e-01	2.70e-02
 6.61293e+22	4.34e-01	5.39e-01	2.66e-02
 6.61924e+22	4.45e-01	5.29e-01	2.62e-02
 6.62567e+22	4.57e-01	5.18e-01	2.57e-02
 6.63225e+22	4.68e-01	5.06e-01	2.53e-02
 6.63907e+22	4.81e-01	4.95e-01	2.47e-02
 6.64608e+22	4.93e-01	4.83e-01	2.42e-02
 6.65324e+22	5.06e-01	4.70e-01	2.36e-02
 6.66063e+22	5.19e-01	4.58e-01	2.29e-02
 6.66828e+22	5.33e-01	4.45e-01	2.23e-02
 6.67616e+22	5.47e-01	4.32e-01	2.16e-02
 6.68409e+22	5.61e-01	4.19e-01	2.09e-02
 6.69213e+22	5.75e-01	4.05e-01	2.01e-02
 6.70046e+22	5.89e-01	3.92e-01	1.94e-02
 6.70891e+22	6.03e-01	3.79e-01	1.86e-02
 6.71727e+22	6.16e-01	3.66e-01	1.79e-02
 6.72576e+22	6.30e-01	3.53e-01	1.71e-02
 6.73456e+22	6.43e-01	3.41e-01	1.63e-02
 6.74350e+22	6.56e-01	3.28e-01	1.56e-02
 6.75247e+22	6.69e-01	3.16e-01	1.48e-02
 6.76170e+22	6.82e-01	3.04e-01	1.41e-02
 6.77122e+22	6.95e-01	2.92e-01	1.33e-02
 6.78086e+22	7.07e-01	2.81e-01	1.26e-02
 6.79061e+22	7.19e-01	2.69e-01	1.18e-02
 6.80067e+22	7.31e-01	2.58e-01	1.11e-02
 6.81096e+22	7.42e-01	2.47e-01	1.04e-02
 6.82100e+22	7.53e-01	2.38e-01	9.82e-03
 6.83043e+22	7.62e-01	2.29e-01	9.24e-03
 6.83911e+22	7.70e-01	2.21e-01	8.72e-03
 6.84720e+22	7.78e-01	2.14e-01	8.25e-03
 6.85469e+22	7.85e-01	2.07e-01	7.85e-03
 6.86196e+22	7.91e-01	2.01e-01	7.45e-03
 6.86925e+22	7.97e-01	1.96e-01	7.10e-03
 6.87641e+22	8.03e-01	1.90e-01	6.73e-03
 6.88311e+22	8.08e-01	1.85e-01	6.44e-03
 6.88935e+22	8.13e-01	1.81e-01	6.15e-03
 6.89563e+22	8.18e-01	1.76e-01	5.87e-03
 6.90168e+22	8.22e-01	1.72e-01	5.62e-03
 6.90740e+22	8.27e-01	1.68e-01	5.39e-03
 6.91307e+22	8.31e-01	1.64e-01	5.16e-03
 6.91851e+22	8.34e-01	1.61e-01	4.96e-03
 6.92363e+22	8.38e-01	1.57e-01	4.76e-03
 6.92864e+22	8.41e-01	1.54e-01	4.58e-03
 6.93353e+22	8.44e-01	1.51e-01	4.40e-03
 6.93813e+22	8.47e-01	1.48e-01	4.25e-03
 6.94231e+22	8.50e-01	1.46e-01	4.10e-03
 6.94611e+22	8.53e-01	1.44e-01	3.98e-03
 6.94958e+22	8.55e-01	1.41e-01	3.86e-03
 6.95273e+22	8.57e-01	1.39e-01	3.76e-03
 6.95559e+22	8.59e-01	1.38e-01	3.66e-03
 6.95820e+22	8.60e-01	1.36e-01	3.58e-03
 6.96106e+22	8.62e-01	1.34e-01	3.48e-03
 6.96415e+22	8.64e-01	1.32e-01	3.39e-03
 6.96696e+22	8.66e-01	1.31e-01	3.31e-03
 6.96952e+22	8.67e-01	1.29e-01	3.24e-03
 6.97184e+22	8.68e-01	1.28e-01	3.19e-03
 6.97439e+22	8.70e-01	1.27e-01	3.10e-03
 6.97771e+22	8.72e-01	1.25e-01	3.01e-03
 6.98128e+22	8.74e-01	1.23e-01	2.93e-03
 6.98454e+22	8.76e-01	1.21e-01	2.85e-03
 6.98750e+22	8.77e-01	1.20e-01	2.78e-03
 6.99075e+22	8.79e-01	1.18e-01	2.70e-03
 6.99425e+22	8.81e-01	1.17e-01	2.63e-03
 6.99744e+22	8.82e-01	1.15e-01	2.57e-03
 7.00035e+22	8.84e-01	1.14e-01	2.51e-03
 7.00299e+22	8.85e-01	1.13e-01	2.47e-03
 7.00588e+22	8.86e-01	1.11e-01	2.40e-03
 7.00964e+22	8.88e-01	1.09e-01	2.32e-03
 7.01371e+22	8.90e-01	1.08e-01	2.25e-03
 7.01740e+22	8.91e-01	1.06e-01	2.20e-03
 7.02077e+22	8.93e-01	1.05e-01	2.14e-03
 7.02383e+22	8.94e-01	1.04e-01	2.09e-03
 7.02661e+22	8.95e-01	1.03e-01	2.04e-03
 7.02966e+22	8.97e-01	1.01e-01	1.98e-03
 7.03296e+22	8.98e-01	9.98e-02	1.93e-03
 7.03596e+22	8.99e-01	9.86e-02	1.88e-03
 7.03869e+22	9.01e-01	9.75e-02	1.84e-03
 7.04117e+22	9.02e-01	9.66e-02	1.81e-03
 7.04389e+22	9.03e-01	9.53e-02	1.76e-03
 7.04743e+22	9.04e-01	9.38e-02	1.71e-03
 7.05125e+22	9.06e-01	9.24e-02	1.65e-03
 7.05472e+22	9.07e-01	9.12e-02	1.61e-03
 7.05788e+22	9.08e-01	9.01e-02	1.57e-03
 7.06076e+22	9.09e-01	8.91e-02	1.54e-03
 7.06338e+22	9.10e-01	8.81e-02	1.50e-03
 7.06625e+22	9.12e-01	8.69e-02	1.46e-03
 7.06935e+22	9.13e-01	8.58e-02	1.43e-03
 7.07217e+22	9.14e-01	8.49e-02	1.40e-03
 7.07526e+22	9.15e-01	8.37e-02	1.36e-03
 7.07859e+22	9.16e-01	8.26e-02	1.32e-03
 7.08163e+22	9.17e-01	8.17e-02	1.29e-03
 7.08439e+22	9.18e-01	8.07e-02	1.26e-03
 7.08690e+22	9.19e-01	8.01e-02	1.24e-03
 7.08966e+22	9.20e-01	7.91e-02	1.21e-03
 7.09324e+22	9.21e-01	7.80e-02	1.18e-03
 7.09710e+22	9.22e-01	7.71e-02	1.15e-03
 7.10062e+22	9.23e-01	7.61e-02	1.12e-03
 7.10382e+22	9.24e-01	7.54e-02	1.10e-03
 7.10733e+22	9.25e-01	7.42e-02	1.07e-03
 7.11111e+22	9.26e-01	7.33e-02	1.04e-03
 7.11456e+22	9.27e-01	7.24e-02	1.02e-03
 7.11833e+22	9.28e-01	7.13e-02	9.85e-04
 7.12241e+22	9.29e-01	7.03e-02	9.59e-04
 7.12612e+22	9.30e-01	6.93e-02	9.31e-04
 7.12950e+22	9.30e-01	6.87e-02	9.13e-04
 7.13319e+22	9.32e-01	6.76e-02	8.85e-04
 7.13719e+22	9.32e-01	6.67e-02	8.62e-04
 7.14082e+22	9.33e-01	6.58e-02	8.38e-04
 7.14413e+22	9.34e-01	6.52e-02	8.23e-04
 7.14775e+22	9.35e-01	6.42e-02	7.98e-04
 7.15166e+22	9.36e-01	6.34e-02	7.78e-04
 7.15522e+22	9.37e-01	6.27e-02	7.63e-04
 7.15912e+22	9.38e-01	6.17e-02	7.37e-04
 7.16334e+22	9.38e-01	6.09e-02	7.18e-04
 7.16717e+22	9.39e-01	6.00e-02	6.99e-04
 7.17066e+22	9.40e-01	5.94e-02	6.85e-04
 7.17448e+22	9.41e-01	5.85e-02	6.64e-04
 7.17860e+22	9.42e-01	5.78e-02	6.47e-04
 7.18236e+22	9.42e-01	5.72e-02	6.33e-04
 7.18647e+22	9.43e-01	5.62e-02	6.12e-04
 7.19091e+22	9.44e-01	5.55e-02	5.96e-04
 7.19495e+22	9.45e-01	5.48e-02	5.83e-04
 7.19938e+22	9.46e-01	5.38e-02	5.62e-04
 7.20416e+22	9.46e-01	5.31e-02	5.47e-04
 7.20851e+22	9.47e-01	5.24e-02	5.33e-04
 7.21328e+22	9.48e-01	5.15e-02	5.14e-04
 7.21843e+22	9.49e-01	5.07e-02	4.99e-04
 7.22311e+22	9.49e-01	5.00e-02	4.86e-04
 7.22825e+22	9.50e-01	4.91e-02	4.67e-04
 7.23379e+22	9.51e-01	4.84e-02	4.54e-04
 7.23883e+22	9.52e-01	4.76e-02	4.40e-04
 7.24342e+22	9.53e-01	4.69e-02	4.28e-04
 7.24845e+22	9.54e-01	4.61e-02	4.12e-04
 7.25387e+22	9.54e-01	4.53e-02	3.99e-04
 7.25881e+22	9.55e-01	4.47e-02	3.89e-04
 7.26423e+22	9.56e-01	4.39e-02	3.74e-04
 7.27007e+22	9.56e-01	4.32e-02	3.62e-04
 7.27539e+22	9.57e-01	4.26e-02	3.52e-04
 7.28121e+22	9.58e-01	4.17e-02	3.38e-04
 7.28750e+22	9.59e-01	4.11e-02	3.28e-04
 7.29323e+22	9.59e-01	4.03e-02	3.16e-04
 7.29844e+22	9.60e-01	3.98e-02	3.07e-04
 7.30415e+22	9.61e-01	3.90e-02	2.95e-04
 7.31031e+22	9.61e-01	3.83e-02	2.85e-04
 7.31592e+22	9.62e-01	3.78e-02	2.77e-04
 7.32206e+22	9.63e-01	3.70e-02	2.66e-04
 7.32870e+22	9.63e-01	3.63e-02	2.57e-04
 7.33474e+22	9.64e-01	3.58e-02	2.49e-04
 7.34135e+22	9.65e-01	3.50e-02	2.38e-04
 7.34849e+22	9.65e-01	3.44e-02	2.31e-04
 7.35499e+22	9.66e-01	3.38e-02	2.22e-04
 7.36091e+22	9.67e-01	3.32e-02	2.15e-04
 7.36739e+22	9.67e-01	3.25e-02	2.06e-04
 7.37438e+22	9.68e-01	3.19e-02	1.99e-04
 7.38075e+22	9.68e-01	3.14e-02	1.92e-04
 7.38773e+22	9.69e-01	3.07e-02	1.84e-04
 7.39526e+22	9.70e-01	3.02e-02	1.77e-04
 7.40211e+22	9.70e-01	2.96e-02	1.71e-04
 7.40963e+22	9.71e-01	2.90e-02	1.64e-04
 7.41773e+22	9.71e-01	2.84e-02	1.58e-04
 7.42511e+22	9.72e-01	2.79e-02	1.52e-04
 7.43320e+22	9.73e-01	2.72e-02	1.45e-04
 7.44193e+22	9.73e-01	2.66e-02	1.39e-04
 7.44987e+22	9.74e-01	2.61e-02	1.33e-04
 7.45858e+22	9.74e-01	2.55e-02	1.27e-04
 7.46797e+22	9.75e-01	2.49e-02	1.21e-04
 7.47652e+22	9.76e-01	2.44e-02	1.16e-04
 7.48431e+22	9.76e-01	2.39e-02	1.12e-04
 7.49283e+22	9.77e-01	2.33e-02	1.06e-04
 7.50387e+22	9.77e-01	2.26e-02	1.00e-04
 7.51625e+22	9.78e-01	2.20e-02	9.44e-05
 7.52854e+22	9.79e-01	2.13e-02	8.87e-05
 7.54090e+22	9.79e-01	2.06e-02	8.33e-05
 7.55355e+22	9.80e-01	2.00e-02	7.81e-05
 7.56642e+22	9.81e-01	1.93e-02	7.32e-05
 7.57944e+22	9.81e-01	1.87e-02	6.86e-05
 7.59261e+22	9.82e-01	1.81e-02	6.43e-05
 7.60594e+22	9.82e-01	1.75e-02	6.01e-05
 7.61944e+22	9.83e-01	1.69e-02	5.62e-05
 7.63310e+22	9.84e-01	1.64e-02	5.26e-05
 7.64692e+22	9.84e-01	1.58e-02	4.91e-05
 7.66087e+22	9.85e-01	1.53e-02	4.59e-05
 7.67498e+22	9.85e-01	1.48e-02	4.28e-05
 7.68924e+22	9.86e-01	1.42e-02	3.99e-05
 7.70362e+22	9.86e-01	1.38e-02	3.72e-05
 7.71812e+22	9.87e-01	1.33e-02	3.47e-05
 7.73274e+22	9.87e-01	1.28e-02	3.23e-05
 7.74752e+22	9.88e-01	1.24e-02	3.01e-05
 7.76245e+22	9.88e-01	1.19e-02	2.80e-05
 7.77750e+22	9.88e-01	1.15e-02	2.61e-05
 7.79268e+22	9.89e-01	1.11e-02	2.43e-05
 7.80799e+22	9.89e-01	1.07e-02	2.25e-05
 7.82343e+22	9.90e-01	1.03e-02	2.10e-05
 7.83920e+22	9.90e-01	9.92e-03	1.94e-05
 7.85534e+22	9.90e-01	9.55e-03	1.80e-05
 7.87169e+22	9.91e-01	9.19e-03	1.67e-05
 7.88823e+22	9.91e-01	8.83e-03	1.54e-05
 7.90495e+22	9.91e-01	8.50e-03	1.43e-05
 7.92185e+22	9.92e-01	8.17e-03	1.32e-05
 7.93894e+22	9.92e-01	7.85e-03	1.22e-05
 7.95625e+22	9.92e-01	7.54e-03	1.13e-05
 7.97385e+22	9.93e-01	7.24e-03	1.04e-05
 7.99174e+22	9.93e-01	6.94e-03	9.57e-06
 8.01009e+22	9.93e-01	6.66e-03	8.79e-06
 8.02891e+22	9.94e-01	6.38e-03	8.07e-06
 8.04806e+22	9.94e-01	6.11e-03	7.40e-06
 8.06752e+22	9.94e-01	5.84e-03	6.78e-06
 8.08732e+22	9.94e-01	5.59e-03	6.20e-06
 8.10748e+22	9.95e-01	5.34e-03	5.67e-06
 8.12801e+22	9.95e-01	5.10e-03	5.17e-06
 8.14896e+22	9.95e-01	4.87e-03	4.71e-06
 8.17044e+22	9.95e-01	4.64e-03	4.28e-06
 8.19244e+22	9.96e-01	4.42e-03	3.89e-06
 8.21489e+22	9.96e-01	4.21e-03	3.52e-06
 8.23785e+22	9.96e-01	4.00e-03	3.18e-06
 8.26137e+22	9.96e-01	3.80e-03	2.87e-06
 8.28542e+22	9.96e-01	3.61e-03	2.59e-06
 8.30983e+22	9.97e-01	3.42e-03	2.33e-06
 8.33450e+22	9.97e-01	3.24e-03	2.10e-06
 8.35945e+22	9.97e-01	3.08e-03	1.89e-06
 8.38465e+22	9.97e-01	2.92e-03	1.69e-06
 8.41008e+22	9.97e-01	2.76e-03	1.52e-06
 8.43576e+22	9.97e-01	2.62e-03	1.36e-06
 8.46169e+22	9.98e-01	2.48e-03	1.22e-06
 8.48788e+22	9.98e-01	2.34e-03	1.10e-06
 8.51436e+22	9.98e-01	2.22e-03	9.81e-07
 8.54113e+22	9.98e-01	2.10e-03	8.77e-07
 8.56819e+22	9.98e-01	1.98e-03	7.84e-07
 8.59545e+22	9.98e-01	1.88e-03	7.01e-07
 8.62298e+22	9.98e-01	1.77e-03	6.25e-07
 8.65081e+22	9.98e-01	1.67e-03	5.58e-07
 8.67895e+22	9.98e-01	1.58e-03	4.96e-07
 8.70748e+22	9.99e-01	1.49e-03	4.41e-07
 8.73633e+22	9.99e-01	1.40e-03	3.92e-07
 8.76552e+22	9.99e-01	1.32e-03	3.48e-07
 8.79504e+22	9.99e-01	1.24e-03	3.08e-07
 8.82440e+22	9.99e-01	1.17e-03	2.74e-07
 8.85246e+22	9.99e-01	1.11e-03	2.45e-07
 8.87858e+22	9.99e-01	1.05e-03	2.21e-07
 8.90292e+22	9.99e-01	1.00e-03	2.01e-07
 8.92597e+22	9.99e-01	9.59e-04	1.83e-07
 8.94802e+22	9.99e-01	9.18e-04	1.68e-07
 8.96909e+22	9.99e-01	8.81e-04	1.54e-07
 8.98908e+22	9.99e-01	8.46e-04	1.42e-07
 9.00799e+22	9.99e-01	8.15e-04	1.32e-07
 9.02589e+22	9.99e-01	7.87e-04	1.23e-07
 9.04296e+22	9.99e-01	7.61e-04	1.15e-07
 9.05925e+22	9.99e-01	7.38e-04	1.08e-07
 9.07464e+22	9.99e-01	7.16e-04	1.02e-07
 9.08918e+22	9.99e-01	6.96e-04	9.62e-08
 9.10314e+22	9.99e-01	6.77e-04	9.10e-08
 9.11665e+22	9.99e-01	6.59e-04	8.63e-08
 9.12965e+22	9.99e-01	6.42e-04	8.19e-08
 9.14206e+22	9.99e-01	6.27e-04	7.80e-08
 9.15389e+22	9.99e-01	6.12e-04	7.44e-08
 9.16522e+22	9.99e-01	5.98e-04	7.12e-08
 9.17617e+22	9.99e-01	5.86e-04	6.81e-08
 9.18678e+22	9.99e-01	5.73e-04	6.52e-08
 9.19709e+22	9.99e-01	5.61e-04	6.26e-08
 9.20710e+22	9.99e-01	5.50e-04	6.01e-08
 9.21678e+22	9.99e-01	5.40e-04	5.79e-08
 9.22615e+22	9.99e-01	5.30e-04	5.57e-08
 9.23531e+22	9.99e-01	5.20e-04	5.37e-08
 9.24433e+22	9.99e-01	5.11e-04	5.18e-08
 9.25292e+22	9.99e-01	5.02e-04	5.01e-08
