#depth	H	H+	H2
 4.62852e+21	3.57e-08	1.00e+00	1.25e-35
 1.03958e+22	6.41e-08	1.00e+00	1.30e-34
 1.20482e+22	9.05e-08	1.00e+00	4.45e-34
 1.28187e+22	1.10e-07	1.00e+00	8.53e-34
 1.31398e+22	1.16e-07	1.00e+00	1.00e-33
 1.32494e+22	1.20e-07	1.00e+00	1.13e-33
 1.33521e+22	1.25e-07	1.00e+00	1.30e-33
 1.34535e+22	1.30e-07	1.00e+00	1.46e-33
 1.35542e+22	1.36e-07	1.00e+00	1.69e-33
 1.36554e+22	1.41e-07	1.00e+00	1.88e-33
 1.37574e+22	1.47e-07	1.00e+00	2.17e-33
 1.38609e+22	1.52e-07	1.00e+00	2.42e-33
 1.39661e+22	1.60e-07	1.00e+00	2.80e-33
 1.40737e+22	1.65e-07	1.00e+00	3.13e-33
 1.41842e+22	1.73e-07	1.00e+00	3.62e-33
 1.42974e+22	1.80e-07	1.00e+00	4.06e-33
 1.44141e+22	1.88e-07	1.00e+00	4.71e-33
 1.45329e+22	1.95e-07	1.00e+00	5.29e-33
 1.46545e+22	2.05e-07	1.00e+00	6.14e-33
 1.47770e+22	2.12e-07	1.00e+00	6.87e-33
 1.49004e+22	2.23e-07	1.00e+00	7.95e-33
 1.50266e+22	2.31e-07	1.00e+00	8.91e-33
 1.51367e+22	2.39e-07	1.00e+00	9.93e-33
 1.52601e+22	2.50e-07	1.00e+00	1.14e-32
 1.53835e+22	2.58e-07	1.00e+00	1.27e-32
 1.55068e+22	2.69e-07	1.00e+00	1.45e-32
 1.56329e+22	2.78e-07	1.00e+00	1.61e-32
 1.57444e+22	2.87e-07	1.00e+00	1.79e-32
 1.58711e+22	3.00e-07	1.00e+00	2.05e-32
 1.59972e+22	3.09e-07	1.00e+00	2.25e-32
 1.61223e+22	3.22e-07	1.00e+00	2.57e-32
 1.62499e+22	3.32e-07	1.00e+00	2.83e-32
 1.63806e+22	3.46e-07	1.00e+00	3.23e-32
 1.65139e+22	3.56e-07	1.00e+00	1.76e-32
 1.66504e+22	3.72e-07	1.00e+00	2.01e-32
 1.67894e+22	3.83e-07	1.00e+00	2.23e-32
 1.69317e+22	4.00e-07	1.00e+00	2.56e-32
 1.70707e+22	4.11e-07	1.00e+00	2.81e-32
 1.72056e+22	4.28e-07	1.00e+00	3.20e-32
 1.73425e+22	4.40e-07	1.00e+00	3.51e-32
 1.74823e+22	4.57e-07	1.00e+00	3.99e-32
 1.76263e+22	4.71e-07	1.00e+00	4.42e-32
 1.77760e+22	4.90e-07	1.00e+00	5.04e-32
 1.79306e+22	5.06e-07	1.00e+00	5.62e-32
 1.80915e+22	5.27e-07	1.00e+00	6.45e-32
 1.82567e+22	5.45e-07	1.00e+00	7.23e-32
 1.84277e+22	5.68e-07	1.00e+00	8.35e-32
 1.86043e+22	5.88e-07	1.00e+00	9.42e-32
 1.87881e+22	6.14e-07	1.00e+00	1.10e-31
 1.89772e+22	6.36e-07	1.00e+00	1.25e-31
 1.91472e+22	6.58e-07	1.00e+00	1.41e-31
 1.93426e+22	6.90e-07	1.00e+00	1.66e-31
 1.95391e+22	7.14e-07	1.00e+00	1.88e-31
 1.97372e+22	7.47e-07	1.00e+00	2.21e-31
 1.99395e+22	7.76e-07	1.00e+00	2.52e-31
 2.01472e+22	8.14e-07	1.00e+00	2.88e-31
 2.03592e+22	8.47e-07	1.00e+00	3.31e-31
 2.05480e+22	8.81e-07	1.00e+00	3.78e-31
 2.07648e+22	9.29e-07	1.00e+00	4.51e-31
 2.09685e+22	9.60e-07	1.00e+00	5.05e-31
 2.11554e+22	1.01e-06	1.00e+00	5.89e-31
 2.13447e+22	1.04e-06	1.00e+00	6.60e-31
 2.15372e+22	1.10e-06	1.00e+00	7.69e-31
 2.17336e+22	1.14e-06	1.00e+00	8.69e-31
 2.19351e+22	1.21e-06	1.00e+00	1.02e-30
 2.21379e+22	1.26e-06	1.00e+00	1.15e-30
 2.23424e+22	1.33e-06	1.00e+00	1.34e-30
 2.25509e+22	1.39e-06	1.00e+00	1.52e-30
 2.27647e+22	1.48e-06	1.00e+00	1.78e-30
 2.29826e+22	1.55e-06	1.00e+00	2.02e-30
 2.32060e+22	1.66e-06	1.00e+00	2.37e-30
 2.34314e+22	1.74e-06	1.00e+00	2.69e-30
 2.36221e+22	1.83e-06	1.00e+00	3.01e-30
 2.38291e+22	1.95e-06	1.00e+00	3.45e-30
 2.40365e+22	2.05e-06	1.00e+00	3.85e-30
 2.42396e+22	2.18e-06	1.00e+00	4.36e-30
 2.44467e+22	2.30e-06	1.00e+00	4.86e-30
 2.46497e+22	2.44e-06	1.00e+00	5.40e-30
 2.48569e+22	2.59e-06	1.00e+00	5.98e-30
 2.50614e+22	2.74e-06	1.00e+00	6.62e-30
 2.52673e+22	2.91e-06	1.00e+00	7.31e-30
 2.54707e+22	3.08e-06	1.00e+00	8.05e-30
 2.56737e+22	3.26e-06	1.00e+00	8.86e-30
 2.58770e+22	3.46e-06	1.00e+00	9.76e-30
 2.60809e+22	3.66e-06	1.00e+00	1.08e-29
 2.62860e+22	3.88e-06	1.00e+00	1.19e-29
 2.64928e+22	4.11e-06	1.00e+00	1.32e-29
 2.67018e+22	4.36e-06	1.00e+00	1.47e-29
 2.69120e+22	4.61e-06	1.00e+00	1.64e-29
 2.71255e+22	4.89e-06	1.00e+00	1.85e-29
 2.73412e+22	5.18e-06	1.00e+00	2.15e-29
 2.75612e+22	5.50e-06	1.00e+00	2.47e-29
 2.77851e+22	5.83e-06	1.00e+00	2.85e-29
 2.79904e+22	6.11e-06	1.00e+00	3.25e-29
 2.82048e+22	6.50e-06	1.00e+00	3.85e-29
 2.84224e+22	6.83e-06	1.00e+00	4.45e-29
 2.86462e+22	7.27e-06	1.00e+00	5.39e-29
 2.88704e+22	7.63e-06	1.00e+00	6.31e-29
 2.90951e+22	8.11e-06	1.00e+00	7.76e-29
 2.93207e+22	8.50e-06	1.00e+00	9.15e-29
 2.95474e+22	9.04e-06	1.00e+00	1.14e-28
 2.97766e+22	9.47e-06	1.00e+00	1.36e-28
 3.00090e+22	1.01e-05	1.00e+00	1.71e-28
 3.02446e+22	1.06e-05	1.00e+00	2.05e-28
 3.04843e+22	1.12e-05	1.00e+00	2.61e-28
 3.07284e+22	1.18e-05	1.00e+00	3.17e-28
 3.09783e+22	1.25e-05	1.00e+00	4.10e-28
 3.12340e+22	1.32e-05	1.00e+00	5.03e-28
 3.14973e+22	1.41e-05	1.00e+00	6.59e-28
 3.17651e+22	1.48e-05	1.00e+00	8.15e-28
 3.19909e+22	1.55e-05	1.00e+00	9.87e-28
 3.22362e+22	1.64e-05	1.00e+00	1.27e-27
 3.24741e+22	1.71e-05	1.00e+00	1.51e-27
 3.27023e+22	1.80e-05	1.00e+00	1.91e-27
 3.29328e+22	1.88e-05	1.00e+00	2.28e-27
 3.31666e+22	1.98e-05	1.00e+00	2.88e-27
 3.34039e+22	2.07e-05	1.00e+00	3.46e-27
 3.36457e+22	2.19e-05	1.00e+00	4.41e-27
 3.38911e+22	2.28e-05	1.00e+00	5.32e-27
 3.41409e+22	2.41e-05	1.00e+00	6.81e-27
 3.43952e+22	2.52e-05	1.00e+00	8.26e-27
 3.46552e+22	2.67e-05	1.00e+00	1.07e-26
 3.49210e+22	2.79e-05	1.00e+00	1.31e-26
 3.51943e+22	2.97e-05	1.00e+00	1.70e-26
 3.54749e+22	3.11e-05	1.00e+00	2.11e-26
 3.57652e+22	3.31e-05	1.00e+00	2.78e-26
 3.60580e+22	3.47e-05	1.00e+00	3.45e-26
 3.63539e+22	3.70e-05	1.00e+00	4.58e-26
 3.66538e+22	3.88e-05	1.00e+00	5.70e-26
 3.69587e+22	4.14e-05	1.00e+00	7.61e-26
 3.72682e+22	4.35e-05	1.00e+00	9.53e-26
 3.75418e+22	4.57e-05	1.00e+00	1.20e-25
 3.78558e+22	4.88e-05	1.00e+00	1.60e-25
 3.81749e+22	5.14e-05	1.00e+00	2.02e-25
 3.84333e+22	5.37e-05	1.00e+00	2.47e-25
 3.87018e+22	5.65e-05	1.00e+00	3.13e-25
 3.89835e+22	5.92e-05	1.00e+00	3.87e-25
 3.92417e+22	6.20e-05	1.00e+00	4.76e-25
 3.95368e+22	6.56e-05	1.00e+00	6.18e-25
 3.98395e+22	6.90e-05	1.00e+00	7.77e-25
 4.01069e+22	7.22e-05	1.00e+00	9.61e-25
 4.04092e+22	7.65e-05	1.00e+00	1.26e-24
 4.07224e+22	8.07e-05	1.00e+00	1.59e-24
 4.10027e+22	8.46e-05	1.00e+00	1.99e-24
 4.13201e+22	8.98e-05	1.00e+00	2.62e-24
 4.16481e+22	9.48e-05	1.00e+00	3.36e-24
 4.19410e+22	9.97e-05	1.00e+00	4.23e-24
 4.22731e+22	1.06e-04	1.00e+00	5.68e-24
 4.26152e+22	1.12e-04	1.00e+00	7.30e-24
 4.29706e+22	1.20e-04	1.00e+00	1.00e-23
 4.33321e+22	1.27e-04	1.00e+00	1.30e-23
 4.36524e+22	1.34e-04	1.00e+00	1.68e-23
 4.40198e+22	1.44e-04	1.00e+00	2.32e-23
 4.43919e+22	1.53e-04	1.00e+00	3.04e-23
 4.47702e+22	1.64e-04	1.00e+00	4.24e-23
 4.51526e+22	1.74e-04	1.00e+00	5.57e-23
 4.55403e+22	1.87e-04	1.00e+00	7.90e-23
 4.59316e+22	1.99e-04	1.00e+00	1.04e-22
 4.63275e+22	2.15e-04	1.00e+00	1.44e-22
 4.67276e+22	2.28e-04	1.00e+00	1.91e-22
 4.71331e+22	2.46e-04	1.00e+00	2.76e-22
 4.75439e+22	2.62e-04	1.00e+00	3.69e-22
 4.79615e+22	2.84e-04	1.00e+00	5.43e-22
 4.83713e+22	3.01e-04	1.00e+00	7.18e-22
 4.87710e+22	3.25e-04	1.00e+00	1.04e-21
 4.91559e+22	3.43e-04	1.00e+00	1.35e-21
 4.95215e+22	3.68e-04	1.00e+00	1.92e-21
 4.98869e+22	3.88e-04	1.00e+00	2.50e-21
 5.02519e+22	4.15e-04	1.00e+00	3.51e-21
 5.06301e+22	4.41e-04	1.00e+00	4.80e-21
 5.09691e+22	4.66e-04	1.00e+00	6.37e-21
 5.13537e+22	5.00e-04	9.99e-01	9.31e-21
 5.17444e+22	5.31e-04	9.99e-01	1.28e-20
 5.20908e+22	5.62e-04	9.99e-01	1.73e-20
 5.24265e+22	5.93e-04	9.99e-01	2.34e-20
 5.27363e+22	6.23e-04	9.99e-01	3.05e-20
 5.30750e+22	6.63e-04	9.99e-01	4.36e-20
 5.34156e+22	6.96e-04	9.99e-01	5.73e-20
 5.37587e+22	7.40e-04	9.99e-01	8.24e-20
 5.41052e+22	7.79e-04	9.99e-01	1.13e-19
 5.44065e+22	8.17e-04	9.99e-01	1.55e-19
 5.47485e+22	8.69e-04	9.99e-01	2.23e-19
 5.50972e+22	9.15e-04	9.99e-01	3.08e-19
 5.54066e+22	9.61e-04	9.99e-01	4.30e-19
 5.57607e+22	1.02e-03	9.99e-01	6.84e-19
 5.61197e+22	1.08e-03	9.99e-01	1.00e-18
 5.64367e+22	1.13e-03	9.99e-01	1.51e-18
 5.68006e+22	1.21e-03	9.99e-01	2.78e-18
 5.71704e+22	1.27e-03	9.99e-01	4.67e-18
 5.75479e+22	1.36e-03	9.99e-01	9.08e-18
 5.79334e+22	1.44e-03	9.99e-01	1.92e-17
 5.82708e+22	1.52e-03	9.98e-01	4.26e-17
 5.86509e+22	1.62e-03	9.98e-01	1.22e-16
 5.90445e+22	1.71e-03	9.98e-01	2.40e-16
 5.94555e+22	1.84e-03	9.98e-01	4.71e-16
 5.98726e+22	1.95e-03	9.98e-01	7.85e-16
 6.02414e+22	2.06e-03	9.98e-01	1.05e-15
 6.06648e+22	2.22e-03	9.98e-01	1.61e-15
 6.10331e+22	2.31e-03	9.98e-01	2.00e-15
 6.13298e+22	2.43e-03	9.98e-01	2.54e-15
 6.16391e+22	2.54e-03	9.97e-01	3.08e-15
 6.19648e+22	2.68e-03	9.97e-01	3.84e-15
 6.22937e+22	2.80e-03	9.97e-01	4.57e-15
 6.26270e+22	2.96e-03	9.97e-01	5.67e-15
 6.29623e+22	3.10e-03	9.97e-01	6.73e-15
 6.33004e+22	3.28e-03	9.97e-01	8.33e-15
 6.36437e+22	3.44e-03	9.97e-01	9.93e-15
 6.39940e+22	3.64e-03	9.96e-01	1.24e-14
 6.43499e+22	3.82e-03	9.96e-01	1.48e-14
 6.47131e+22	4.05e-03	9.96e-01	1.86e-14
 6.50834e+22	4.26e-03	9.96e-01	2.25e-14
 6.54630e+22	4.53e-03	9.95e-01	2.85e-14
 6.58509e+22	4.77e-03	9.95e-01	3.46e-14
 6.62499e+22	5.09e-03	9.95e-01	4.44e-14
 6.66540e+22	5.36e-03	9.95e-01	5.42e-14
 6.70650e+22	5.72e-03	9.94e-01	6.94e-14
 6.74858e+22	6.05e-03	9.94e-01	8.61e-14
 6.79193e+22	6.50e-03	9.94e-01	1.13e-13
 6.83549e+22	6.85e-03	9.93e-01	1.40e-13
 6.87930e+22	7.35e-03	9.93e-01	1.84e-13
 6.92417e+22	7.78e-03	9.92e-01	2.31e-13
 6.97044e+22	8.39e-03	9.92e-01	3.09e-13
 7.01750e+22	8.89e-03	9.91e-01	3.89e-13
 7.06559e+22	9.62e-03	9.90e-01	5.28e-13
 7.11489e+22	1.02e-02	9.90e-01	6.70e-13
 7.16573e+22	1.11e-02	9.89e-01	9.30e-13
 7.21800e+22	1.19e-02	9.88e-01	1.20e-12
 7.27213e+22	1.30e-02	9.87e-01	1.71e-12
 7.32829e+22	1.40e-02	9.86e-01	2.27e-12
 7.38708e+22	1.55e-02	9.84e-01	3.34e-12
 7.44844e+22	1.69e-02	9.83e-01	4.63e-12
 7.50467e+22	1.85e-02	9.82e-01	6.48e-12
 7.55311e+22	1.98e-02	9.80e-01	8.29e-12
 7.59991e+22	2.17e-02	9.78e-01	1.15e-11
 7.64837e+22	2.35e-02	9.76e-01	1.54e-11
 7.69900e+22	2.64e-02	9.74e-01	2.27e-11
 7.75067e+22	2.91e-02	9.71e-01	3.16e-11
 7.80371e+22	3.35e-02	9.67e-01	4.92e-11
 7.85256e+22	3.72e-02	9.63e-01	6.82e-11
 7.88889e+22	4.11e-02	9.59e-01	9.17e-11
 7.92903e+22	4.69e-02	9.53e-01	1.35e-10
 7.97216e+22	5.43e-02	9.46e-01	2.02e-10
 8.01188e+22	6.31e-02	9.37e-01	3.02e-10
 8.04958e+22	7.41e-02	9.26e-01	4.58e-10
 8.08503e+22	8.79e-02	9.12e-01	6.99e-10
 8.11763e+22	1.05e-01	8.95e-01	1.06e-09
 8.14737e+22	1.25e-01	8.75e-01	1.60e-09
 8.17446e+22	1.49e-01	8.51e-01	2.37e-09
 8.19919e+22	1.78e-01	8.22e-01	3.49e-09
 8.22166e+22	2.10e-01	7.90e-01	5.02e-09
 8.23560e+22	2.32e-01	7.68e-01	6.13e-09
 8.24062e+22	2.41e-01	7.59e-01	6.62e-09
 8.24460e+22	2.49e-01	7.51e-01	7.09e-09
 8.24975e+22	2.59e-01	7.41e-01	7.72e-09
 8.25592e+22	2.72e-01	7.28e-01	8.60e-09
 8.26214e+22	2.86e-01	7.14e-01	9.55e-09
 8.26787e+22	2.98e-01	7.02e-01	1.04e-08
 8.27367e+22	3.13e-01	6.87e-01	1.15e-08
 8.27963e+22	3.27e-01	6.73e-01	1.26e-08
 8.28568e+22	3.42e-01	6.58e-01	1.39e-08
 8.29186e+22	3.59e-01	6.41e-01	1.54e-08
 8.29791e+22	3.75e-01	6.25e-01	1.69e-08
 8.30403e+22	3.92e-01	6.08e-01	1.85e-08
 8.31041e+22	4.11e-01	5.89e-01	2.03e-08
 8.31699e+22	4.30e-01	5.70e-01	2.23e-08
 8.32374e+22	4.50e-01	5.50e-01	2.46e-08
 8.33060e+22	4.70e-01	5.30e-01	2.69e-08
 8.33766e+22	4.91e-01	5.09e-01	2.94e-08
 8.34511e+22	5.13e-01	4.87e-01	3.21e-08
 8.35257e+22	5.36e-01	4.64e-01	3.50e-08
 8.35832e+22	5.51e-01	4.49e-01	3.68e-08
 8.36220e+22	5.62e-01	4.38e-01	3.83e-08
 8.36598e+22	5.73e-01	4.27e-01	3.98e-08
 8.37035e+22	5.85e-01	4.15e-01	4.16e-08
 8.37510e+22	5.98e-01	4.02e-01	4.34e-08
 8.37980e+22	6.10e-01	3.90e-01	4.52e-08
 8.38441e+22	6.22e-01	3.78e-01	4.69e-08
 8.38907e+22	6.34e-01	3.66e-01	4.86e-08
 8.39389e+22	6.46e-01	3.54e-01	5.05e-08
 8.39880e+22	6.57e-01	3.43e-01	5.23e-08
 8.40369e+22	6.68e-01	3.32e-01	5.41e-08
 8.40865e+22	6.79e-01	3.21e-01	5.58e-08
 8.41380e+22	6.90e-01	3.10e-01	5.76e-08
 8.41911e+22	7.01e-01	2.99e-01	5.96e-08
 8.42447e+22	7.11e-01	2.89e-01	6.12e-08
 8.42993e+22	7.21e-01	2.79e-01	6.30e-08
 8.43560e+22	7.31e-01	2.69e-01	6.49e-08
 8.44134e+22	7.41e-01	2.59e-01	6.68e-08
 8.44712e+22	7.50e-01	2.50e-01	6.86e-08
 8.45308e+22	7.60e-01	2.40e-01	7.04e-08
 8.45934e+22	7.69e-01	2.31e-01	7.23e-08
 8.46579e+22	7.77e-01	2.23e-01	7.42e-08
 8.47235e+22	7.86e-01	2.14e-01	7.61e-08
 8.47899e+22	7.94e-01	2.06e-01	7.80e-08
 8.48581e+22	8.02e-01	1.98e-01	7.99e-08
 8.49296e+22	8.10e-01	1.90e-01	8.19e-08
 8.50031e+22	8.18e-01	1.82e-01	8.39e-08
 8.50783e+22	8.25e-01	1.75e-01	8.59e-08
 8.51556e+22	8.32e-01	1.68e-01	8.81e-08
 8.52349e+22	8.39e-01	1.61e-01	9.01e-08
 8.53154e+22	8.45e-01	1.55e-01	9.24e-08
 8.53976e+22	8.51e-01	1.49e-01	9.46e-08
 8.54817e+22	8.57e-01	1.43e-01	9.70e-08
 8.55658e+22	8.63e-01	1.37e-01	9.93e-08
 8.56500e+22	8.68e-01	1.32e-01	1.02e-07
 8.57367e+22	8.73e-01	1.27e-01	1.04e-07
 8.58257e+22	8.78e-01	1.22e-01	1.07e-07
 8.59152e+22	8.83e-01	1.17e-01	1.10e-07
 8.60056e+22	8.87e-01	1.13e-01	1.13e-07
 8.60990e+22	8.91e-01	1.09e-01	1.16e-07
 8.61947e+22	8.95e-01	1.05e-01	1.19e-07
 8.62914e+22	8.99e-01	1.01e-01	1.23e-07
 8.63897e+22	9.03e-01	9.71e-02	1.27e-07
 8.64911e+22	9.07e-01	9.34e-02	1.32e-07
 8.65941e+22	9.10e-01	9.00e-02	1.37e-07
 8.66937e+22	9.13e-01	8.69e-02	1.41e-07
 8.67864e+22	9.16e-01	8.42e-02	1.45e-07
 8.68720e+22	9.18e-01	8.19e-02	1.49e-07
 8.69526e+22	9.20e-01	7.97e-02	1.54e-07
 8.70272e+22	9.22e-01	7.78e-02	1.58e-07
 8.70996e+22	9.24e-01	7.60e-02	1.62e-07
 8.71723e+22	9.26e-01	7.42e-02	1.67e-07
 8.72427e+22	9.28e-01	7.24e-02	1.72e-07
 8.73089e+22	9.29e-01	7.08e-02	1.77e-07
 8.73718e+22	9.31e-01	6.94e-02	1.82e-07
 8.74348e+22	9.32e-01	6.78e-02	1.88e-07
 8.74952e+22	9.34e-01	6.65e-02	1.93e-07
 8.75521e+22	9.35e-01	6.52e-02	1.99e-07
 8.76086e+22	9.36e-01	6.39e-02	2.05e-07
 8.76628e+22	9.37e-01	6.27e-02	2.11e-07
 8.77138e+22	9.38e-01	6.16e-02	2.17e-07
 8.77638e+22	9.40e-01	6.05e-02	2.23e-07
 8.78125e+22	9.41e-01	5.94e-02	2.30e-07
 8.78583e+22	9.42e-01	5.84e-02	2.36e-07
 8.79000e+22	9.43e-01	5.75e-02	2.42e-07
 8.79379e+22	9.43e-01	5.67e-02	2.48e-07
 8.79724e+22	9.44e-01	5.60e-02	2.53e-07
 8.80038e+22	9.45e-01	5.53e-02	2.57e-07
 8.80324e+22	9.45e-01	5.48e-02	2.62e-07
 8.80584e+22	9.46e-01	5.42e-02	2.65e-07
 8.80869e+22	9.46e-01	5.36e-02	2.70e-07
 8.81177e+22	9.47e-01	5.29e-02	2.74e-07
 8.81457e+22	9.48e-01	5.23e-02	2.78e-07
 8.81711e+22	9.48e-01	5.18e-02	2.82e-07
 8.81943e+22	9.49e-01	5.15e-02	2.85e-07
 8.82197e+22	9.49e-01	5.09e-02	2.87e-07
 8.82528e+22	9.50e-01	5.01e-02	2.92e-07
 8.82884e+22	9.51e-01	4.93e-02	2.96e-07
 8.83209e+22	9.51e-01	4.86e-02	2.98e-07
 8.83504e+22	9.52e-01	4.81e-02	3.01e-07
 8.83828e+22	9.52e-01	4.75e-02	3.03e-07
 8.84177e+22	9.53e-01	4.69e-02	3.05e-07
 8.84495e+22	9.54e-01	4.64e-02	3.07e-07
 8.84784e+22	9.54e-01	4.59e-02	3.08e-07
 8.85047e+22	9.54e-01	4.56e-02	3.10e-07
 8.85336e+22	9.55e-01	4.50e-02	3.10e-07
 8.85711e+22	9.56e-01	4.43e-02	3.11e-07
 8.86116e+22	9.56e-01	4.35e-02	3.12e-07
 8.86484e+22	9.57e-01	4.30e-02	3.12e-07
 8.86819e+22	9.57e-01	4.25e-02	3.13e-07
 8.87124e+22	9.58e-01	4.21e-02	3.12e-07
 8.87402e+22	9.58e-01	4.17e-02	3.12e-07
 8.87655e+22	9.59e-01	4.14e-02	3.12e-07
 8.87931e+22	9.59e-01	4.09e-02	3.10e-07
 8.88291e+22	9.60e-01	4.02e-02	3.09e-07
 8.88680e+22	9.60e-01	3.95e-02	3.08e-07
 8.89033e+22	9.61e-01	3.90e-02	3.07e-07
 8.89355e+22	9.61e-01	3.86e-02	3.06e-07
 8.89648e+22	9.62e-01	3.82e-02	3.05e-07
 8.89914e+22	9.62e-01	3.78e-02	3.04e-07
 8.90206e+22	9.63e-01	3.74e-02	3.02e-07
 8.90521e+22	9.63e-01	3.69e-02	3.00e-07
 8.90808e+22	9.63e-01	3.65e-02	2.99e-07
 8.91069e+22	9.64e-01	3.62e-02	2.98e-07
 8.91307e+22	9.64e-01	3.60e-02	2.97e-07
 8.91567e+22	9.64e-01	3.56e-02	2.95e-07
 8.91905e+22	9.65e-01	3.50e-02	2.92e-07
 8.92271e+22	9.66e-01	3.45e-02	2.91e-07
 8.92603e+22	9.66e-01	3.41e-02	2.90e-07
 8.92906e+22	9.66e-01	3.38e-02	2.89e-07
 8.93181e+22	9.66e-01	3.35e-02	2.88e-07
 8.93483e+22	9.67e-01	3.31e-02	2.86e-07
 8.93875e+22	9.67e-01	3.26e-02	2.85e-07
 8.94298e+22	9.68e-01	3.22e-02	2.85e-07
 8.94683e+22	9.68e-01	3.17e-02	2.83e-07
 8.95034e+22	9.69e-01	3.13e-02	2.81e-07
 8.95353e+22	9.69e-01	3.12e-02	2.81e-07
 8.95702e+22	9.69e-01	3.07e-02	2.78e-07
 8.96080e+22	9.70e-01	3.03e-02	2.78e-07
 8.96423e+22	9.70e-01	3.00e-02	2.76e-07
 8.96736e+22	9.70e-01	2.98e-02	2.76e-07
 8.97078e+22	9.71e-01	2.94e-02	2.74e-07
 8.97448e+22	9.71e-01	2.91e-02	2.73e-07
 8.97784e+22	9.71e-01	2.87e-02	2.72e-07
 8.98090e+22	9.71e-01	2.85e-02	2.71e-07
 8.98426e+22	9.72e-01	2.82e-02	2.69e-07
 8.98788e+22	9.72e-01	2.79e-02	2.69e-07
 8.99185e+22	9.72e-01	2.75e-02	2.68e-07
 8.99613e+22	9.73e-01	2.71e-02	2.67e-07
 9.00003e+22	9.73e-01	2.68e-02	2.66e-07
 9.00358e+22	9.73e-01	2.66e-02	2.66e-07
 9.00747e+22	9.74e-01	2.62e-02	2.64e-07
 9.01166e+22	9.74e-01	2.59e-02	2.63e-07
 9.01548e+22	9.74e-01	2.56e-02	2.63e-07
 9.01967e+22	9.75e-01	2.53e-02	2.61e-07
 9.02419e+22	9.75e-01	2.49e-02	2.61e-07
 9.02830e+22	9.75e-01	2.46e-02	2.60e-07
 9.03204e+22	9.76e-01	2.44e-02	2.60e-07
 9.03614e+22	9.76e-01	2.41e-02	2.59e-07
 9.04057e+22	9.76e-01	2.38e-02	2.59e-07
 9.04460e+22	9.76e-01	2.35e-02	2.58e-07
 9.04901e+22	9.77e-01	2.32e-02	2.57e-07
 9.05378e+22	9.77e-01	2.28e-02	2.57e-07
 9.05811e+22	9.77e-01	2.26e-02	2.57e-07
 9.06286e+22	9.78e-01	2.23e-02	2.56e-07
 9.06799e+22	9.78e-01	2.19e-02	2.56e-07
 9.07266e+22	9.78e-01	2.17e-02	2.56e-07
 9.07778e+22	9.79e-01	2.14e-02	2.55e-07
 9.08330e+22	9.79e-01	2.10e-02	2.55e-07
 9.08833e+22	9.79e-01	2.07e-02	2.55e-07
 9.09290e+22	9.79e-01	2.05e-02	2.54e-07
 9.09791e+22	9.80e-01	2.03e-02	2.53e-07
 9.10332e+22	9.80e-01	1.99e-02	2.53e-07
 9.10824e+22	9.80e-01	1.97e-02	2.53e-07
 9.11364e+22	9.81e-01	1.94e-02	2.52e-07
 9.11946e+22	9.81e-01	1.91e-02	2.52e-07
 9.12476e+22	9.81e-01	1.89e-02	2.52e-07
 9.13057e+22	9.81e-01	1.86e-02	2.51e-07
 9.13684e+22	9.82e-01	1.83e-02	2.52e-07
 9.14255e+22	9.82e-01	1.80e-02	2.51e-07
 9.14774e+22	9.82e-01	1.78e-02	2.51e-07
 9.15343e+22	9.82e-01	1.76e-02	2.50e-07
 9.15957e+22	9.83e-01	1.73e-02	2.50e-07
 9.16516e+22	9.83e-01	1.71e-02	2.50e-07
 9.17128e+22	9.83e-01	1.68e-02	2.49e-07
 9.17790e+22	9.84e-01	1.65e-02	2.49e-07
 9.18391e+22	9.84e-01	1.63e-02	2.49e-07
 9.19051e+22	9.84e-01	1.60e-02	2.49e-07
 9.19763e+22	9.84e-01	1.57e-02	2.49e-07
 9.20410e+22	9.84e-01	1.55e-02	2.49e-07
 9.21000e+22	9.85e-01	1.53e-02	2.48e-07
 9.21646e+22	9.85e-01	1.51e-02	2.48e-07
 9.22343e+22	9.85e-01	1.48e-02	2.48e-07
 9.22978e+22	9.85e-01	1.46e-02	2.48e-07
 9.23673e+22	9.86e-01	1.44e-02	2.47e-07
 9.24424e+22	9.86e-01	1.41e-02	2.48e-07
 9.25107e+22	9.86e-01	1.39e-02	2.48e-07
 9.25568e+22	9.86e-01	1.38e-02	2.47e-07
