#depth	S	S+	S+2	S+3	S+4	S+5	S+6	S+7	S+8	S+9	S+10	S+11	S+12	S+13	S+14	S+15	S+16
 4.62852e+21	0.00e+00	4.25e-26	6.00e-22	8.61e-19	6.04e-16	2.74e-13	3.45e-10	4.79e-08	2.50e-06	5.07e-05	6.34e-04	3.82e-03	1.33e-02	4.95e-02	3.88e-01	4.09e-01	1.36e-01
 1.03958e+22	0.00e+00	1.81e-23	1.46e-19	1.16e-16	4.40e-14	1.03e-11	1.24e-08	1.36e-06	5.22e-05	7.03e-04	5.94e-03	2.26e-02	4.59e-02	9.78e-02	4.71e-01	2.96e-01	5.94e-02
 1.20482e+22	0.00e+00	4.25e-22	2.42e-18	1.31e-15	3.30e-13	5.17e-11	6.92e-08	7.20e-06	2.42e-04	2.60e-03	1.78e-02	5.28e-02	8.02e-02	1.25e-01	4.67e-01	2.21e-01	3.34e-02
 1.28187e+22	0.00e+00	2.25e-21	1.05e-17	4.48e-15	8.92e-13	1.11e-10	1.64e-07	1.68e-05	5.25e-04	4.99e-03	3.05e-02	7.94e-02	1.03e-01	1.36e-01	4.43e-01	1.79e-01	2.33e-02
 1.31398e+22	0.00e+00	3.40e-21	1.51e-17	6.07e-15	1.14e-12	1.34e-10	2.02e-07	2.06e-05	6.34e-04	5.84e-03	3.46e-02	8.74e-02	1.09e-01	1.38e-01	4.34e-01	1.69e-01	2.11e-02
 1.32494e+22	0.00e+00	4.59e-21	1.96e-17	7.55e-15	1.35e-12	1.52e-10	2.34e-07	2.39e-05	7.26e-04	6.52e-03	3.79e-02	9.34e-02	1.14e-01	1.40e-01	4.27e-01	1.61e-01	1.96e-02
 1.33521e+22	0.00e+00	6.61e-21	2.69e-17	9.85e-15	1.67e-12	1.79e-10	2.80e-07	2.85e-05	8.53e-04	7.45e-03	4.22e-02	1.01e-01	1.19e-01	1.41e-01	4.18e-01	1.52e-01	1.79e-02
 1.34535e+22	0.00e+00	8.82e-21	3.47e-17	1.21e-14	1.96e-12	2.02e-10	3.22e-07	3.27e-05	9.68e-04	8.27e-03	4.58e-02	1.08e-01	1.23e-01	1.42e-01	4.10e-01	1.45e-01	1.66e-02
 1.35542e+22	3.68e-34	1.27e-20	4.76e-17	1.58e-14	2.42e-12	2.36e-10	3.83e-07	3.89e-05	1.13e-03	9.40e-03	5.08e-02	1.16e-01	1.29e-01	1.42e-01	4.00e-01	1.37e-01	1.50e-02
 1.36554e+22	5.13e-34	1.67e-20	6.06e-17	1.93e-14	2.83e-12	2.65e-10	4.37e-07	4.43e-05	1.27e-03	1.04e-02	5.48e-02	1.23e-01	1.33e-01	1.43e-01	3.92e-01	1.30e-01	1.39e-02
 1.37574e+22	7.93e-34	2.41e-20	8.33e-17	2.51e-14	3.47e-12	3.09e-10	5.18e-07	5.24e-05	1.49e-03	1.17e-02	6.05e-02	1.32e-01	1.38e-01	1.43e-01	3.80e-01	1.22e-01	1.26e-02
 1.38609e+22	1.10e-33	3.18e-20	1.06e-16	3.06e-14	4.07e-12	3.48e-10	5.90e-07	5.95e-05	1.66e-03	1.29e-02	6.50e-02	1.39e-01	1.41e-01	1.43e-01	3.71e-01	1.16e-01	1.16e-02
 1.39661e+22	1.70e-33	4.57e-20	1.46e-16	3.98e-14	5.00e-12	4.06e-10	6.96e-07	7.01e-05	1.93e-03	1.45e-02	7.13e-02	1.48e-01	1.46e-01	1.42e-01	3.58e-01	1.08e-01	1.04e-02
 1.40737e+22	2.37e-33	6.05e-20	1.86e-16	4.87e-14	5.87e-12	4.59e-10	7.90e-07	7.94e-05	2.16e-03	1.58e-02	7.64e-02	1.55e-01	1.49e-01	1.41e-01	3.48e-01	1.02e-01	9.59e-03
 1.41842e+22	3.67e-33	8.75e-20	2.56e-16	6.36e-14	7.22e-12	5.36e-10	9.30e-07	9.33e-05	2.50e-03	1.78e-02	8.35e-02	1.65e-01	1.54e-01	1.40e-01	3.35e-01	9.40e-02	8.55e-03
 1.42974e+22	5.14e-33	1.16e-19	3.29e-16	7.82e-14	8.51e-12	6.07e-10	1.06e-06	1.06e-04	2.79e-03	1.94e-02	8.92e-02	1.73e-01	1.57e-01	1.39e-01	3.24e-01	8.83e-02	7.81e-03
 1.44141e+22	7.94e-33	1.68e-19	4.54e-16	1.02e-13	1.05e-11	7.12e-10	1.24e-06	1.24e-04	3.21e-03	2.17e-02	9.69e-02	1.83e-01	1.60e-01	1.37e-01	3.10e-01	8.13e-02	6.92e-03
 1.45329e+22	1.12e-32	2.25e-19	5.85e-16	1.26e-13	1.24e-11	8.09e-10	1.40e-06	1.40e-04	3.57e-03	2.36e-02	1.03e-01	1.90e-01	1.63e-01	1.36e-01	2.98e-01	7.60e-02	6.28e-03
 1.46545e+22	1.72e-32	3.26e-19	8.09e-16	1.65e-13	1.54e-11	9.51e-10	1.64e-06	1.63e-04	4.09e-03	2.62e-02	1.12e-01	2.00e-01	1.66e-01	1.33e-01	2.84e-01	6.95e-02	5.53e-03
 1.47770e+22	2.40e-32	4.31e-19	1.03e-15	2.03e-13	1.81e-11	1.08e-09	1.85e-06	1.82e-04	4.53e-03	2.84e-02	1.18e-01	2.08e-01	1.68e-01	1.31e-01	2.73e-01	6.49e-02	5.01e-03
 1.49004e+22	3.66e-32	6.19e-19	1.42e-15	2.64e-13	2.23e-11	1.26e-09	2.14e-06	2.11e-04	5.14e-03	3.13e-02	1.27e-01	2.17e-01	1.70e-01	1.28e-01	2.58e-01	5.92e-02	4.40e-03
 1.50266e+22	5.08e-32	8.19e-19	1.81e-15	3.25e-13	2.63e-11	1.44e-09	2.40e-06	2.36e-04	5.67e-03	3.37e-02	1.34e-01	2.24e-01	1.71e-01	1.26e-01	2.47e-01	5.50e-02	3.97e-03
 1.51367e+22	6.92e-32	1.07e-18	2.29e-15	3.94e-13	3.07e-11	1.62e-09	2.68e-06	2.61e-04	6.21e-03	3.61e-02	1.40e-01	2.30e-01	1.72e-01	1.23e-01	2.37e-01	5.12e-02	3.59e-03
 1.52601e+22	1.03e-31	1.50e-18	3.09e-15	5.07e-13	3.75e-11	1.89e-09	3.07e-06	2.98e-04	6.96e-03	3.94e-02	1.49e-01	2.39e-01	1.73e-01	1.20e-01	2.24e-01	4.66e-02	3.15e-03
 1.53835e+22	1.38e-31	1.93e-18	3.85e-15	6.10e-13	4.36e-11	2.12e-09	3.39e-06	3.28e-04	7.57e-03	4.19e-02	1.55e-01	2.44e-01	1.73e-01	1.17e-01	2.14e-01	4.34e-02	2.86e-03
 1.55068e+22	2.02e-31	2.68e-18	5.14e-15	7.76e-13	5.28e-11	2.46e-09	3.86e-06	3.72e-04	8.42e-03	4.54e-02	1.64e-01	2.52e-01	1.73e-01	1.13e-01	2.02e-01	3.95e-02	2.51e-03
 1.56329e+22	2.72e-31	3.46e-18	6.43e-15	9.38e-13	6.16e-11	2.77e-09	4.27e-06	4.09e-04	9.14e-03	4.83e-02	1.70e-01	2.57e-01	1.73e-01	1.11e-01	1.92e-01	3.66e-02	2.26e-03
 1.57444e+22	3.63e-31	4.43e-18	8.01e-15	1.13e-12	7.14e-11	3.11e-09	4.70e-06	4.49e-04	9.90e-03	5.12e-02	1.77e-01	2.62e-01	1.72e-01	1.08e-01	1.83e-01	3.39e-02	2.04e-03
 1.58711e+22	5.29e-31	6.14e-18	1.07e-14	1.43e-12	8.65e-11	3.61e-09	5.32e-06	5.05e-04	1.10e-02	5.51e-02	1.86e-01	2.68e-01	1.72e-01	1.04e-01	1.72e-01	3.07e-02	1.78e-03
 1.59972e+22	6.90e-31	7.71e-18	1.30e-14	1.70e-12	9.94e-11	4.03e-09	5.83e-06	5.49e-04	1.18e-02	5.81e-02	1.92e-01	2.72e-01	1.71e-01	1.01e-01	1.64e-01	2.85e-02	1.62e-03
 1.61223e+22	9.87e-31	1.05e-17	1.71e-14	2.14e-12	1.20e-10	4.65e-09	6.55e-06	6.13e-04	1.29e-02	6.21e-02	2.00e-01	2.77e-01	1.69e-01	9.73e-02	1.54e-01	2.58e-02	1.41e-03
 1.62499e+22	1.29e-30	1.33e-17	2.10e-14	2.55e-12	1.38e-10	5.21e-09	7.18e-06	6.67e-04	1.39e-02	6.54e-02	2.06e-01	2.81e-01	1.68e-01	9.44e-02	1.46e-01	2.39e-02	1.28e-03
 1.63806e+22	1.85e-30	1.81e-17	2.77e-14	3.21e-12	1.66e-10	6.02e-09	8.07e-06	7.44e-04	1.52e-02	6.98e-02	2.14e-01	2.85e-01	1.66e-01	9.05e-02	1.36e-01	2.15e-02	1.11e-03
 1.65139e+22	1.15e-30	2.29e-17	3.41e-14	3.83e-12	1.92e-10	6.76e-09	8.85e-06	8.09e-04	1.63e-02	7.33e-02	2.20e-01	2.88e-01	1.64e-01	8.75e-02	1.29e-01	1.99e-02	9.96e-04
 1.66504e+22	1.65e-30	3.14e-17	4.50e-14	4.84e-12	2.32e-10	7.84e-09	9.95e-06	9.02e-04	1.79e-02	7.82e-02	2.28e-01	2.91e-01	1.61e-01	8.36e-02	1.20e-01	1.78e-02	8.61e-04
 1.67894e+22	2.17e-30	3.98e-17	5.55e-14	5.80e-12	2.69e-10	8.82e-09	1.09e-05	9.81e-04	1.91e-02	8.20e-02	2.35e-01	2.93e-01	1.59e-01	8.06e-02	1.13e-01	1.63e-02	7.70e-04
 1.69317e+22	3.11e-30	5.45e-17	7.34e-14	7.34e-12	3.26e-10	1.03e-08	1.23e-05	1.09e-03	2.09e-02	8.72e-02	2.42e-01	2.96e-01	1.56e-01	7.67e-02	1.05e-01	1.46e-02	6.62e-04
 1.70707e+22	3.96e-30	6.74e-17	8.86e-14	8.63e-12	3.73e-10	1.14e-08	1.34e-05	1.18e-03	2.22e-02	9.09e-02	2.48e-01	2.97e-01	1.53e-01	7.41e-02	9.95e-02	1.35e-02	5.98e-04
 1.72056e+22	5.57e-30	9.07e-17	1.15e-13	1.08e-11	4.46e-10	1.32e-08	1.49e-05	1.30e-03	2.41e-02	9.60e-02	2.55e-01	2.99e-01	1.50e-01	7.05e-02	9.22e-02	1.21e-02	5.17e-04
 1.73425e+22	7.11e-30	1.12e-16	1.39e-13	1.27e-11	5.11e-10	1.47e-08	1.63e-05	1.40e-03	2.56e-02	1.00e-01	2.60e-01	2.99e-01	1.47e-01	6.79e-02	8.72e-02	1.11e-02	4.65e-04
 1.74823e+22	9.90e-30	1.50e-16	1.80e-13	1.58e-11	6.11e-10	1.70e-08	1.82e-05	1.55e-03	2.77e-02	1.05e-01	2.67e-01	3.00e-01	1.44e-01	6.45e-02	8.07e-02	9.96e-03	4.02e-04
 1.76263e+22	1.29e-29	1.89e-16	2.21e-13	1.89e-11	7.08e-10	1.91e-08	1.99e-05	1.67e-03	2.95e-02	1.10e-01	2.72e-01	3.00e-01	1.40e-01	6.17e-02	7.57e-02	9.08e-03	3.57e-04
 1.77760e+22	1.80e-29	2.53e-16	2.87e-13	2.36e-11	8.50e-10	2.21e-08	2.23e-05	1.85e-03	3.19e-02	1.16e-01	2.78e-01	2.99e-01	1.36e-01	5.84e-02	6.98e-02	8.09e-03	3.07e-04
 1.79306e+22	2.39e-29	3.24e-16	3.58e-13	2.84e-11	9.94e-10	2.51e-08	2.46e-05	2.01e-03	3.41e-02	1.21e-01	2.83e-01	2.99e-01	1.33e-01	5.56e-02	6.51e-02	7.32e-03	2.70e-04
 1.80915e+22	3.37e-29	4.39e-16	4.69e-13	3.59e-11	1.21e-09	2.93e-08	2.77e-05	2.23e-03	3.70e-02	1.27e-01	2.89e-01	2.97e-01	1.29e-01	5.23e-02	5.96e-02	6.47e-03	2.30e-04
 1.82567e+22	4.51e-29	5.66e-16	5.88e-13	4.36e-11	1.42e-09	3.34e-08	3.06e-05	2.43e-03	3.95e-02	1.32e-01	2.94e-01	2.96e-01	1.25e-01	4.96e-02	5.53e-02	5.82e-03	2.01e-04
 1.84277e+22	6.45e-29	7.74e-16	7.77e-13	5.55e-11	1.73e-09	3.92e-08	3.47e-05	2.70e-03	4.28e-02	1.39e-01	3.00e-01	2.93e-01	1.20e-01	4.64e-02	5.04e-02	5.10e-03	1.69e-04
 1.86043e+22	8.72e-29	1.01e-15	9.85e-13	6.81e-11	2.05e-09	4.50e-08	3.86e-05	2.94e-03	4.58e-02	1.45e-01	3.04e-01	2.91e-01	1.16e-01	4.38e-02	4.64e-02	4.55e-03	1.46e-04
 1.87881e+22	1.27e-28	1.40e-15	1.32e-12	8.77e-11	2.54e-09	5.34e-08	4.40e-05	3.29e-03	4.98e-02	1.52e-01	3.09e-01	2.87e-01	1.11e-01	4.07e-02	4.19e-02	3.95e-03	1.22e-04
 1.89772e+22	1.74e-28	1.84e-15	1.69e-12	1.09e-10	3.03e-09	6.17e-08	4.92e-05	3.60e-03	5.33e-02	1.59e-01	3.13e-01	2.84e-01	1.07e-01	3.82e-02	3.84e-02	3.49e-03	1.04e-04
 1.91472e+22	2.34e-28	2.39e-15	2.13e-12	1.33e-10	3.59e-09	7.09e-08	5.47e-05	3.93e-03	5.69e-02	1.65e-01	3.17e-01	2.80e-01	1.03e-01	3.59e-02	3.53e-02	3.11e-03	9.00e-05
 1.93426e+22	3.50e-28	3.40e-15	2.92e-12	1.74e-10	4.50e-09	8.50e-08	6.28e-05	4.40e-03	6.19e-02	1.73e-01	3.21e-01	2.75e-01	9.75e-02	3.29e-02	3.14e-02	2.65e-03	7.35e-05
 1.95391e+22	4.70e-28	4.40e-15	3.68e-12	2.13e-10	5.33e-09	9.77e-08	6.99e-05	4.80e-03	6.59e-02	1.79e-01	3.23e-01	2.71e-01	9.35e-02	3.09e-02	2.88e-02	2.35e-03	6.32e-05
 1.97372e+22	6.97e-28	6.21e-15	5.01e-12	2.78e-10	6.65e-09	1.17e-07	8.01e-05	5.36e-03	7.15e-02	1.88e-01	3.26e-01	2.65e-01	8.84e-02	2.83e-02	2.56e-02	2.00e-03	5.15e-05
 1.99395e+22	9.57e-28	8.20e-15	6.43e-12	3.45e-10	7.96e-09	1.35e-07	8.95e-05	5.85e-03	7.62e-02	1.94e-01	3.28e-01	2.60e-01	8.43e-02	2.63e-02	2.32e-02	1.75e-03	4.36e-05
 2.01472e+22	1.43e-27	1.17e-14	8.81e-12	4.53e-10	9.99e-09	1.63e-07	1.03e-04	6.55e-03	8.25e-02	2.03e-01	3.30e-01	2.53e-01	7.92e-02	2.40e-02	2.05e-02	1.48e-03	3.52e-05
 2.03592e+22	1.99e-27	1.56e-14	1.15e-11	5.69e-10	1.21e-08	1.90e-07	1.16e-04	7.17e-03	8.81e-02	2.10e-01	3.31e-01	2.47e-01	7.51e-02	2.21e-02	1.85e-02	1.28e-03	2.94e-05
 2.05480e+22	2.75e-27	2.09e-14	1.48e-11	7.10e-10	1.45e-08	2.20e-07	1.29e-04	7.84e-03	9.38e-02	2.17e-01	3.31e-01	2.41e-01	7.12e-02	2.05e-02	1.66e-02	1.12e-03	2.46e-05
 2.07648e+22	4.19e-27	3.04e-14	2.07e-11	9.47e-10	1.84e-08	2.67e-07	1.50e-04	8.79e-03	1.02e-01	2.25e-01	3.31e-01	2.33e-01	6.62e-02	1.84e-02	1.45e-02	9.25e-04	1.95e-05
 2.09685e+22	5.48e-27	3.87e-14	2.57e-11	1.14e-09	2.16e-08	3.04e-07	1.65e-04	9.47e-03	1.07e-01	2.31e-01	3.31e-01	2.28e-01	6.31e-02	1.72e-02	1.32e-02	8.19e-04	1.67e-05
 2.11554e+22	7.93e-27	5.40e-14	3.46e-11	1.47e-09	2.66e-08	3.60e-07	1.86e-04	1.04e-02	1.14e-01	2.38e-01	3.29e-01	2.20e-01	5.91e-02	1.56e-02	1.17e-02	6.91e-04	1.35e-05
 2.13447e+22	1.04e-26	6.93e-14	4.32e-11	1.78e-09	3.12e-08	4.10e-07	2.06e-04	1.13e-02	1.20e-01	2.44e-01	3.28e-01	2.14e-01	5.61e-02	1.45e-02	1.06e-02	6.08e-04	1.15e-05
 2.15372e+22	1.51e-26	9.68e-14	5.82e-11	2.30e-09	3.86e-08	4.87e-07	2.34e-04	1.24e-02	1.29e-01	2.51e-01	3.26e-01	2.07e-01	5.23e-02	1.32e-02	9.30e-03	5.11e-04	9.24e-06
 2.17336e+22	2.02e-26	1.27e-13	7.41e-11	2.83e-09	4.59e-08	5.61e-07	2.59e-04	1.35e-02	1.36e-01	2.57e-01	3.23e-01	2.00e-01	4.93e-02	1.21e-02	8.36e-03	4.42e-04	7.73e-06
 2.19351e+22	2.97e-26	1.82e-13	1.02e-10	3.72e-09	5.75e-08	6.74e-07	2.97e-04	1.49e-02	1.45e-01	2.64e-01	3.20e-01	1.92e-01	4.56e-02	1.09e-02	7.25e-03	3.66e-04	6.09e-06
 2.21379e+22	3.97e-26	2.39e-13	1.30e-10	4.58e-09	6.84e-08	7.77e-07	3.29e-04	1.61e-02	1.53e-01	2.69e-01	3.16e-01	1.86e-01	4.28e-02	1.00e-02	6.49e-03	3.16e-04	5.07e-06
 2.23424e+22	5.81e-26	3.43e-13	1.79e-10	6.04e-09	8.60e-08	9.38e-07	3.78e-04	1.79e-02	1.63e-01	2.76e-01	3.12e-01	1.77e-01	3.94e-02	8.93e-03	5.60e-03	2.59e-04	3.96e-06
 2.25509e+22	7.86e-26	4.58e-13	2.31e-10	7.54e-09	1.04e-07	1.09e-06	4.23e-04	1.95e-02	1.72e-01	2.80e-01	3.07e-01	1.71e-01	3.68e-02	8.14e-03	4.96e-03	2.21e-04	3.25e-06
 2.27647e+22	1.16e-25	6.69e-13	3.24e-10	1.01e-08	1.32e-07	1.33e-06	4.89e-04	2.17e-02	1.83e-01	2.86e-01	3.01e-01	1.62e-01	3.35e-02	7.20e-03	4.23e-03	1.78e-04	2.49e-06
 2.29826e+22	1.58e-25	9.06e-13	4.25e-10	1.27e-08	1.61e-07	1.57e-06	5.51e-04	2.37e-02	1.93e-01	2.91e-01	2.95e-01	1.55e-01	3.10e-02	6.51e-03	3.71e-03	1.50e-04	2.01e-06
 2.32060e+22	2.35e-25	1.35e-12	6.05e-10	1.73e-08	2.08e-07	1.94e-06	6.45e-04	2.66e-02	2.07e-01	2.96e-01	2.87e-01	1.46e-01	2.80e-02	5.69e-03	3.11e-03	1.19e-04	1.51e-06
 2.34314e+22	3.19e-25	1.84e-12	7.98e-10	2.20e-08	2.55e-07	2.30e-06	7.30e-04	2.91e-02	2.18e-01	3.00e-01	2.81e-01	1.39e-01	2.58e-02	5.11e-03	2.71e-03	9.91e-05	1.20e-06
 2.36221e+22	4.21e-25	2.44e-12	1.03e-09	2.74e-08	3.08e-07	2.70e-06	8.20e-04	3.16e-02	2.28e-01	3.02e-01	2.74e-01	1.32e-01	2.38e-02	4.62e-03	2.38e-03	8.34e-05	9.69e-07
 2.38291e+22	5.91e-25	3.50e-12	1.42e-09	3.64e-08	3.91e-07	3.31e-06	9.51e-04	3.52e-02	2.41e-01	3.05e-01	2.66e-01	1.24e-01	2.15e-02	4.05e-03	2.01e-03	6.68e-05	7.36e-07
 2.40365e+22	7.72e-25	4.64e-12	1.83e-09	4.55e-08	4.73e-07	3.89e-06	1.07e-03	3.83e-02	2.52e-01	3.07e-01	2.58e-01	1.18e-01	1.97e-02	3.65e-03	1.75e-03	5.58e-05	5.90e-07
 2.42396e+22	1.05e-24	6.51e-12	2.48e-09	5.96e-08	5.98e-07	4.75e-06	1.24e-03	4.24e-02	2.66e-01	3.09e-01	2.49e-01	1.10e-01	1.78e-02	3.20e-03	1.48e-03	4.48e-05	4.50e-07
 2.44467e+22	1.37e-24	8.69e-12	3.22e-09	7.51e-08	7.31e-07	5.65e-06	1.41e-03	4.64e-02	2.78e-01	3.09e-01	2.41e-01	1.04e-01	1.62e-02	2.85e-03	1.27e-03	3.69e-05	3.55e-07
 2.46497e+22	1.79e-24	1.20e-11	4.30e-09	9.73e-08	9.16e-07	6.87e-06	1.62e-03	5.13e-02	2.92e-01	3.09e-01	2.31e-01	9.66e-02	1.45e-02	2.49e-03	1.08e-03	2.96e-05	2.71e-07
 2.48569e+22	2.30e-24	1.60e-11	5.61e-09	1.24e-07	1.13e-06	8.24e-06	1.86e-03	5.63e-02	3.05e-01	3.09e-01	2.22e-01	9.02e-02	1.31e-02	2.20e-03	9.15e-04	2.40e-05	2.10e-07
 2.50614e+22	2.94e-24	2.16e-11	7.37e-09	1.58e-07	1.41e-06	9.98e-06	2.14e-03	6.20e-02	3.18e-01	3.07e-01	2.12e-01	8.38e-02	1.17e-02	1.92e-03	7.71e-04	1.93e-05	1.60e-07
 2.52673e+22	3.70e-24	2.86e-11	9.57e-09	2.01e-07	1.74e-06	1.20e-05	2.45e-03	6.82e-02	3.31e-01	3.05e-01	2.03e-01	7.77e-02	1.05e-02	1.68e-03	6.51e-04	1.55e-05	1.23e-07
 2.54707e+22	4.61e-24	3.77e-11	1.24e-08	2.55e-07	2.14e-06	1.45e-05	2.80e-03	7.48e-02	3.44e-01	3.02e-01	1.93e-01	7.18e-02	9.34e-03	1.46e-03	5.48e-04	1.24e-05	0.00e+00
 2.56737e+22	5.68e-24	4.93e-11	1.59e-08	3.21e-07	2.64e-06	1.74e-05	3.21e-03	8.20e-02	3.57e-01	2.99e-01	1.83e-01	6.62e-02	8.30e-03	1.27e-03	4.60e-04	9.95e-06	0.00e+00
 2.58770e+22	6.94e-24	6.40e-11	2.02e-08	4.04e-07	3.24e-06	2.10e-05	3.67e-03	8.97e-02	3.69e-01	2.94e-01	1.73e-01	6.08e-02	7.36e-03	1.10e-03	3.85e-04	7.94e-06	0.00e+00
 2.60809e+22	8.42e-24	8.24e-11	2.57e-08	5.06e-07	3.97e-06	2.52e-05	4.19e-03	9.80e-02	3.81e-01	2.89e-01	1.63e-01	5.57e-02	6.51e-03	9.53e-04	3.21e-04	6.31e-06	0.00e+00
 2.62860e+22	1.01e-23	1.05e-10	3.25e-08	6.32e-07	4.85e-06	3.02e-05	4.78e-03	1.07e-01	3.93e-01	2.84e-01	1.54e-01	5.09e-02	5.73e-03	8.20e-04	2.67e-04	5.00e-06	0.00e+00
 2.64928e+22	1.21e-23	1.34e-10	4.09e-08	7.88e-07	5.93e-06	3.62e-05	5.45e-03	1.17e-01	4.04e-01	2.77e-01	1.44e-01	4.63e-02	5.03e-03	7.04e-04	2.21e-04	3.95e-06	0.00e+00
 2.67018e+22	1.45e-23	1.69e-10	5.12e-08	9.79e-07	7.23e-06	4.34e-05	6.21e-03	1.27e-01	4.14e-01	2.71e-01	1.35e-01	4.19e-02	4.40e-03	6.01e-04	1.82e-04	3.10e-06	0.00e+00
 2.69120e+22	1.72e-23	2.11e-10	6.36e-08	1.21e-06	8.77e-06	5.18e-05	7.06e-03	1.38e-01	4.24e-01	2.63e-01	1.26e-01	3.79e-02	3.84e-03	5.12e-04	1.50e-04	2.43e-06	0.00e+00
 2.71255e+22	2.04e-23	2.63e-10	7.91e-08	1.50e-06	1.07e-05	6.21e-05	8.03e-03	1.49e-01	4.33e-01	2.55e-01	1.17e-01	3.40e-02	3.33e-03	4.33e-04	1.23e-04	1.89e-06	0.00e+00
 2.73412e+22	2.92e-23	3.25e-10	9.75e-08	1.84e-06	1.29e-05	7.40e-05	9.08e-03	1.61e-01	4.40e-01	2.47e-01	1.08e-01	3.06e-02	2.89e-03	3.67e-04	1.01e-04	1.48e-06	0.00e+00
 2.75612e+22	3.49e-23	4.01e-10	1.21e-07	2.27e-06	1.56e-05	8.86e-05	1.03e-02	1.74e-01	4.47e-01	2.38e-01	9.98e-02	2.72e-02	2.48e-03	3.07e-04	8.14e-05	1.13e-06	0.00e+00
 2.77851e+22	4.14e-23	4.90e-10	1.48e-07	2.78e-06	1.88e-05	1.05e-04	1.16e-02	1.87e-01	4.53e-01	2.29e-01	9.19e-02	2.43e-02	2.13e-03	2.58e-04	6.60e-05	8.76e-07	0.00e+00
 2.79904e+22	4.80e-23	5.76e-10	1.74e-07	3.28e-06	2.20e-05	1.22e-04	1.29e-02	1.99e-01	4.57e-01	2.22e-01	8.56e-02	2.20e-02	1.88e-03	2.22e-04	5.52e-05	7.03e-07	0.00e+00
 2.82048e+22	5.75e-23	7.03e-10	2.14e-07	4.04e-06	2.67e-05	1.46e-04	1.46e-02	2.14e-01	4.60e-01	2.12e-01	7.79e-02	1.93e-02	1.59e-03	1.83e-04	4.39e-05	5.30e-07	0.00e+00
 2.84224e+22	6.72e-23	8.22e-10	2.52e-07	4.75e-06	3.10e-05	1.68e-04	1.61e-02	2.26e-01	4.62e-01	2.04e-01	7.22e-02	1.74e-02	1.39e-03	1.56e-04	3.66e-05	4.23e-07	0.00e+00
 2.86462e+22	8.15e-23	9.98e-10	3.09e-07	5.85e-06	3.75e-05	2.02e-04	1.82e-02	2.43e-01	4.64e-01	1.93e-01	6.52e-02	1.51e-02	1.17e-03	1.27e-04	2.88e-05	3.15e-07	0.00e+00
 2.88704e+22	9.50e-23	1.15e-09	3.60e-07	6.83e-06	4.34e-05	2.31e-04	2.00e-02	2.55e-01	4.64e-01	1.85e-01	6.03e-02	1.36e-02	1.02e-03	1.09e-04	2.39e-05	2.51e-07	0.00e+00
 2.90951e+22	1.15e-22	1.38e-09	4.37e-07	8.33e-06	5.21e-05	2.76e-04	2.25e-02	2.72e-01	4.63e-01	1.75e-01	5.42e-02	1.18e-02	8.52e-04	8.82e-05	1.87e-05	1.86e-07	0.00e+00
 2.93207e+22	1.35e-22	1.59e-09	5.07e-07	9.67e-06	5.98e-05	3.14e-04	2.46e-02	2.85e-01	4.61e-01	1.67e-01	5.00e-02	1.06e-02	7.44e-04	7.52e-05	1.56e-05	1.49e-07	0.00e+00
 2.95474e+22	1.64e-22	1.88e-09	6.10e-07	1.17e-05	7.13e-05	3.73e-04	2.75e-02	3.02e-01	4.58e-01	1.58e-01	4.48e-02	9.16e-03	6.21e-04	6.09e-05	1.22e-05	0.00e+00	0.00e+00
 2.97766e+22	1.92e-22	2.16e-09	7.05e-07	1.35e-05	8.16e-05	4.24e-04	2.99e-02	3.15e-01	4.54e-01	1.50e-01	4.12e-02	8.18e-03	5.39e-04	5.17e-05	1.01e-05	0.00e+00	0.00e+00
 3.00090e+22	2.34e-22	2.54e-09	8.46e-07	1.63e-05	9.70e-05	5.00e-04	3.34e-02	3.32e-01	4.49e-01	1.41e-01	3.67e-02	7.04e-03	4.48e-04	4.16e-05	7.87e-06	0.00e+00	0.00e+00
 3.02446e+22	2.75e-22	2.90e-09	9.76e-07	1.89e-05	1.11e-04	5.68e-04	3.62e-02	3.46e-01	4.44e-01	1.33e-01	3.36e-02	6.26e-03	3.87e-04	3.51e-05	6.48e-06	0.00e+00	0.00e+00
 3.04843e+22	3.37e-22	3.41e-09	1.17e-06	2.27e-05	1.31e-04	6.69e-04	4.03e-02	3.63e-01	4.36e-01	1.24e-01	2.98e-02	5.35e-03	3.20e-04	2.81e-05	5.01e-06	0.00e+00	0.00e+00
 3.07284e+22	3.99e-22	3.89e-09	1.35e-06	2.62e-05	1.50e-04	7.59e-04	4.37e-02	3.76e-01	4.30e-01	1.17e-01	2.71e-02	4.73e-03	2.75e-04	2.36e-05	4.10e-06	0.00e+00	0.00e+00
 3.09783e+22	4.92e-22	4.58e-09	1.62e-06	3.15e-05	1.77e-04	8.94e-04	4.84e-02	3.94e-01	4.20e-01	1.09e-01	2.39e-02	4.02e-03	2.25e-04	1.87e-05	3.14e-06	0.00e+00	0.00e+00
 3.12340e+22	5.88e-22	5.25e-09	1.87e-06	3.65e-05	2.02e-04	1.02e-03	5.25e-02	4.07e-01	4.12e-01	1.02e-01	2.16e-02	3.53e-03	1.92e-04	1.55e-05	2.54e-06	0.00e+00	0.00e+00
 3.14973e+22	7.30e-22	6.19e-09	2.25e-06	4.41e-05	2.39e-04	1.20e-03	5.82e-02	4.24e-01	4.00e-01	9.38e-02	1.88e-02	2.96e-03	1.55e-04	1.21e-05	1.92e-06	0.00e+00	0.00e+00
 3.17651e+22	8.77e-22	7.11e-09	2.62e-06	5.11e-05	2.73e-04	1.36e-03	6.29e-02	4.37e-01	3.91e-01	8.77e-02	1.69e-02	2.59e-03	1.31e-04	1.00e-05	1.54e-06	0.00e+00	0.00e+00
 3.19909e+22	1.03e-21	8.03e-09	2.99e-06	5.82e-05	3.07e-04	1.52e-03	6.73e-02	4.48e-01	3.82e-01	8.25e-02	1.54e-02	2.29e-03	1.13e-04	8.44e-06	1.27e-06	0.00e+00	0.00e+00
 3.22362e+22	1.27e-21	9.36e-09	3.53e-06	6.88e-05	3.56e-04	1.75e-03	7.34e-02	4.62e-01	3.71e-01	7.60e-02	1.36e-02	1.95e-03	9.29e-05	6.73e-06	9.80e-07	0.00e+00	0.00e+00
 3.24741e+22	1.47e-21	1.05e-08	3.99e-06	7.74e-05	3.94e-04	1.94e-03	7.79e-02	4.72e-01	3.62e-01	7.17e-02	1.24e-02	1.74e-03	8.09e-05	5.74e-06	8.18e-07	0.00e+00	0.00e+00
 3.27023e+22	1.76e-21	1.20e-08	4.64e-06	9.00e-05	4.51e-04	2.21e-03	8.43e-02	4.84e-01	3.50e-01	6.62e-02	1.10e-02	1.49e-03	6.72e-05	4.64e-06	6.42e-07	0.00e+00	0.00e+00
 3.29328e+22	2.08e-21	1.36e-08	5.26e-06	1.01e-04	4.99e-04	2.43e-03	8.92e-02	4.93e-01	3.41e-01	6.24e-02	1.00e-02	1.33e-03	5.85e-05	3.95e-06	5.35e-07	0.00e+00	0.00e+00
 3.31666e+22	2.51e-21	1.56e-08	6.14e-06	1.18e-04	5.70e-04	2.77e-03	9.62e-02	5.04e-01	3.29e-01	5.74e-02	8.84e-03	1.14e-03	4.84e-05	3.18e-06	4.19e-07	0.00e+00	0.00e+00
 3.34039e+22	2.98e-21	1.77e-08	6.98e-06	1.33e-04	6.31e-04	3.04e-03	1.02e-01	5.11e-01	3.20e-01	5.39e-02	8.04e-03	1.01e-03	4.19e-05	2.69e-06	3.47e-07	0.00e+00	0.00e+00
 3.36457e+22	3.63e-21	2.06e-08	8.19e-06	1.55e-04	7.20e-04	3.46e-03	1.10e-01	5.21e-01	3.07e-01	4.94e-02	7.06e-03	8.56e-04	3.45e-05	2.16e-06	2.69e-07	0.00e+00	0.00e+00
 3.38911e+22	4.34e-21	2.35e-08	9.35e-06	1.75e-04	7.98e-04	3.81e-03	1.16e-01	5.28e-01	2.98e-01	4.62e-02	6.40e-03	7.56e-04	2.97e-05	1.82e-06	2.22e-07	0.00e+00	0.00e+00
 3.41409e+22	5.33e-21	2.74e-08	1.10e-05	2.05e-04	9.10e-04	4.33e-03	1.24e-01	5.37e-01	2.85e-01	4.21e-02	5.59e-03	6.39e-04	2.43e-05	1.44e-06	1.71e-07	0.00e+00	0.00e+00
 3.43952e+22	6.44e-21	3.16e-08	1.26e-05	2.32e-04	1.01e-03	4.76e-03	1.31e-01	5.43e-01	2.75e-01	3.92e-02	5.04e-03	5.62e-04	2.08e-05	1.21e-06	1.40e-07	0.00e+00	0.00e+00
 3.46552e+22	8.00e-21	3.72e-08	1.50e-05	2.72e-04	1.15e-03	5.42e-03	1.41e-01	5.50e-01	2.62e-01	3.56e-02	4.37e-03	4.72e-04	1.68e-05	9.53e-07	0.00e+00	0.00e+00	0.00e+00
 3.49210e+22	9.74e-21	4.30e-08	1.73e-05	3.10e-04	1.28e-03	5.98e-03	1.49e-01	5.55e-01	2.52e-01	3.29e-02	3.92e-03	4.11e-04	1.43e-05	7.90e-07	0.00e+00	0.00e+00	0.00e+00
 3.51943e+22	1.24e-20	5.16e-08	2.07e-05	3.65e-04	1.47e-03	6.79e-03	1.59e-01	5.60e-01	2.39e-01	2.97e-02	3.38e-03	3.42e-04	1.15e-05	6.17e-07	0.00e+00	0.00e+00	0.00e+00
 3.54749e+22	1.53e-20	6.04e-08	2.41e-05	4.18e-04	1.64e-03	7.51e-03	1.68e-01	5.63e-01	2.28e-01	2.73e-02	3.00e-03	2.96e-04	9.63e-06	5.05e-07	0.00e+00	0.00e+00	0.00e+00
 3.57652e+22	1.99e-20	7.36e-08	2.92e-05	4.97e-04	1.88e-03	8.56e-03	1.80e-01	5.67e-01	2.15e-01	2.44e-02	2.56e-03	2.43e-04	7.64e-06	3.89e-07	0.00e+00	0.00e+00	0.00e+00
 3.60580e+22	2.48e-20	8.68e-08	3.40e-05	5.69e-04	2.09e-03	9.44e-03	1.89e-01	5.69e-01	2.05e-01	2.24e-02	2.27e-03	2.09e-04	6.39e-06	3.18e-07	0.00e+00	0.00e+00	0.00e+00
 3.63539e+22	3.27e-20	1.07e-07	4.14e-05	6.77e-04	2.40e-03	1.07e-02	2.02e-01	5.70e-01	1.92e-01	1.99e-02	1.93e-03	1.72e-04	5.04e-06	2.43e-07	0.00e+00	0.00e+00	0.00e+00
 3.66538e+22	4.14e-20	1.27e-07	4.87e-05	7.77e-04	2.68e-03	1.18e-02	2.12e-01	5.70e-01	1.83e-01	1.82e-02	1.70e-03	1.47e-04	4.20e-06	1.98e-07	0.00e+00	0.00e+00	0.00e+00
 3.69587e+22	5.51e-20	1.58e-07	5.95e-05	9.27e-04	3.07e-03	1.34e-02	2.26e-01	5.69e-01	1.70e-01	1.61e-02	1.44e-03	1.20e-04	3.29e-06	1.50e-07	0.00e+00	0.00e+00	0.00e+00
 3.72682e+22	7.08e-20	1.90e-07	7.03e-05	1.07e-03	3.42e-03	1.48e-02	2.37e-01	5.67e-01	1.61e-01	1.47e-02	1.26e-03	1.02e-04	2.72e-06	1.22e-07	0.00e+00	0.00e+00	0.00e+00
 3.75418e+22	8.97e-20	2.27e-07	8.26e-05	1.23e-03	3.80e-03	1.62e-02	2.48e-01	5.64e-01	1.52e-01	1.33e-02	1.11e-03	8.68e-05	2.24e-06	0.00e+00	0.00e+00	0.00e+00	0.00e+00
 3.78558e+22	1.23e-19	2.87e-07	1.02e-04	1.47e-03	4.35e-03	1.83e-02	2.62e-01	5.60e-01	1.41e-01	1.17e-02	9.32e-04	7.04e-05	1.75e-06	0.00e+00	0.00e+00	0.00e+00	0.00e+00
 3.81749e+22	1.58e-19	3.46e-07	1.21e-04	1.69e-03	4.85e-03	2.02e-02	2.75e-01	5.55e-01	1.32e-01	1.05e-02	8.09e-04	5.93e-05	1.43e-06	0.00e+00	0.00e+00	0.00e+00	0.00e+00
 3.84333e+22	1.98e-19	4.09e-07	1.40e-04	1.91e-03	5.31e-03	2.19e-02	2.85e-01	5.50e-01	1.25e-01	9.64e-03	7.18e-04	5.13e-05	1.20e-06	0.00e+00	0.00e+00	0.00e+00	0.00e+00
 3.87018e+22	2.60e-19	5.00e-07	1.66e-04	2.21e-03	5.91e-03	2.40e-02	2.97e-01	5.44e-01	1.18e-01	8.67e-03	6.24e-04	4.32e-05	9.82e-07	0.00e+00	0.00e+00	0.00e+00	0.00e+00
 3.89835e+22	3.31e-19	5.97e-07	1.94e-04	2.51e-03	6.50e-03	2.61e-02	3.07e-01	5.38e-01	1.11e-01	7.88e-03	5.49e-04	3.70e-05	8.18e-07	0.00e+00	0.00e+00	0.00e+00	0.00e+00
 3.92417e+22	4.20e-19	7.11e-07	2.26e-04	2.84e-03	7.12e-03	2.82e-02	3.18e-01	5.31e-01	1.04e-01	7.16e-03	4.84e-04	3.17e-05	6.83e-07	0.00e+00	0.00e+00	0.00e+00	0.00e+00
 3.95368e+22	5.70e-19	8.91e-07	2.74e-04	3.33e-03	7.99e-03	3.11e-02	3.32e-01	5.22e-01	9.66e-02	6.35e-03	4.12e-04	2.62e-05	5.44e-07	0.00e+00	0.00e+00	0.00e+00	0.00e+00
 3.98395e+22	7.44e-19	1.08e-06	3.23e-04	3.82e-03	8.82e-03	3.39e-02	3.43e-01	5.14e-01	9.01e-02	5.70e-03	3.58e-04	2.20e-05	4.45e-07	0.00e+00	0.00e+00	0.00e+00	0.00e+00
 4.01069e+22	9.57e-19	1.30e-06	3.78e-04	4.33e-03	9.65e-03	3.66e-02	3.54e-01	5.05e-01	8.44e-02	5.15e-03	3.14e-04	1.88e-05	3.69e-07	0.00e+00	0.00e+00	0.00e+00	0.00e+00
 4.04092e+22	1.32e-18	1.64e-06	4.59e-04	5.07e-03	1.08e-02	4.02e-02	3.67e-01	4.94e-01	7.76e-02	4.54e-03	2.66e-04	1.54e-05	2.92e-07	0.00e+00	0.00e+00	0.00e+00	0.00e+00
 4.07224e+22	1.75e-18	2.01e-06	5.45e-04	5.82e-03	1.19e-02	4.38e-02	3.79e-01	4.83e-01	7.18e-02	4.04e-03	2.28e-04	1.28e-05	2.36e-07	0.00e+00	0.00e+00	0.00e+00	0.00e+00
 4.10027e+22	2.29e-18	2.43e-06	6.40e-04	6.62e-03	1.31e-02	4.72e-02	3.90e-01	4.72e-01	6.69e-02	3.63e-03	1.99e-04	1.09e-05	1.94e-07	0.00e+00	0.00e+00	0.00e+00	0.00e+00
 4.13201e+22	3.23e-18	3.11e-06	7.85e-04	7.79e-03	1.46e-02	5.18e-02	4.02e-01	4.58e-01	6.10e-02	3.17e-03	1.67e-04	8.79e-06	1.51e-07	0.00e+00	0.00e+00	0.00e+00	0.00e+00
 4.16481e+22	4.37e-18	3.86e-06	9.37e-04	8.96e-03	1.61e-02	5.62e-02	4.14e-01	4.45e-01	5.60e-02	2.80e-03	1.42e-04	7.26e-06	1.21e-07	0.00e+00	0.00e+00	0.00e+00	0.00e+00
 4.19410e+22	5.82e-18	4.72e-06	1.11e-03	1.02e-02	1.77e-02	6.05e-02	4.23e-01	4.33e-01	5.17e-02	2.49e-03	1.22e-04	6.08e-06	0.00e+00	0.00e+00	0.00e+00	0.00e+00	0.00e+00
 4.22731e+22	8.42e-18	6.11e-06	1.37e-03	1.21e-02	1.98e-02	6.64e-02	4.35e-01	4.16e-01	4.65e-02	2.14e-03	1.01e-04	4.83e-06	0.00e+00	0.00e+00	0.00e+00	0.00e+00	0.00e+00
 4.26152e+22	1.16e-17	7.61e-06	1.64e-03	1.39e-02	2.18e-02	7.17e-02	4.45e-01	4.02e-01	4.24e-02	1.88e-03	8.55e-05	3.97e-06	0.00e+00	0.00e+00	0.00e+00	0.00e+00	0.00e+00
 4.29706e+22	1.72e-17	1.00e-05	2.05e-03	1.65e-02	2.45e-02	7.86e-02	4.56e-01	3.83e-01	3.77e-02	1.60e-03	6.94e-05	3.09e-06	0.00e+00	0.00e+00	0.00e+00	0.00e+00	0.00e+00
 4.33321e+22	2.41e-17	1.26e-05	2.46e-03	1.90e-02	2.69e-02	8.47e-02	4.64e-01	3.68e-01	3.41e-02	1.39e-03	5.82e-05	2.51e-06	0.00e+00	0.00e+00	0.00e+00	0.00e+00	0.00e+00
 4.36524e+22	3.34e-17	1.57e-05	2.93e-03	2.18e-02	2.94e-02	9.09e-02	4.71e-01	3.52e-01	3.09e-02	1.21e-03	4.90e-05	2.05e-06	0.00e+00	0.00e+00	0.00e+00	0.00e+00	0.00e+00
 4.40198e+22	5.10e-17	2.08e-05	3.67e-03	2.59e-02	3.30e-02	9.92e-02	4.78e-01	3.32e-01	2.71e-02	1.02e-03	3.92e-05	1.58e-06	0.00e+00	0.00e+00	0.00e+00	0.00e+00	0.00e+00
 4.43919e+22	7.22e-17	2.61e-05	4.41e-03	2.97e-02	3.60e-02	1.06e-01	4.83e-01	3.15e-01	2.42e-02	8.75e-04	3.24e-05	1.26e-06	0.00e+00	0.00e+00	0.00e+00	0.00e+00	0.00e+00
 4.47702e+22	1.12e-16	3.48e-05	5.52e-03	3.52e-02	4.02e-02	1.15e-01	4.87e-01	2.95e-01	2.10e-02	7.27e-04	2.57e-05	9.62e-07	0.00e+00	0.00e+00	0.00e+00	0.00e+00	0.00e+00
 4.51526e+22	1.62e-16	4.38e-05	6.62e-03	4.03e-02	4.38e-02	1.23e-01	4.89e-01	2.78e-01	1.86e-02	6.22e-04	2.12e-05	7.66e-07	0.00e+00	0.00e+00	0.00e+00	0.00e+00	0.00e+00
 4.55403e+22	2.57e-16	5.86e-05	8.31e-03	4.77e-02	4.87e-02	1.33e-01	4.89e-01	2.57e-01	1.60e-02	5.09e-04	1.65e-05	5.72e-07	0.00e+00	0.00e+00	0.00e+00	0.00e+00	0.00e+00
 4.59316e+22	3.75e-16	7.37e-05	9.93e-03	5.44e-02	5.27e-02	1.41e-01	4.87e-01	2.40e-01	1.40e-02	4.32e-04	1.34e-05	4.52e-07	0.00e+00	0.00e+00	0.00e+00	0.00e+00	0.00e+00
 4.63275e+22	4.13e-16	9.86e-05	1.24e-02	6.41e-02	5.82e-02	1.51e-01	4.83e-01	2.19e-01	1.18e-02	3.49e-04	1.03e-05	3.33e-07	0.00e+00	0.00e+00	0.00e+00	0.00e+00	0.00e+00
 4.67276e+22	6.02e-16	1.24e-04	1.48e-02	7.27e-02	6.27e-02	1.59e-01	4.77e-01	2.03e-01	1.03e-02	2.94e-04	8.34e-06	2.61e-07	0.00e+00	0.00e+00	0.00e+00	0.00e+00	0.00e+00
 4.71331e+22	9.88e-16	1.65e-04	1.85e-02	8.51e-02	6.87e-02	1.69e-01	4.68e-01	1.83e-01	8.57e-03	2.35e-04	6.30e-06	1.89e-07	0.00e+00	0.00e+00	0.00e+00	0.00e+00	0.00e+00
 4.75439e+22	1.47e-15	2.07e-04	2.19e-02	9.60e-02	7.35e-02	1.76e-01	4.58e-01	1.67e-01	7.37e-03	1.95e-04	5.02e-06	1.46e-07	0.00e+00	0.00e+00	0.00e+00	0.00e+00	0.00e+00
 4.79615e+22	2.50e-15	2.76e-04	2.72e-02	1.11e-01	7.98e-02	1.85e-01	4.42e-01	1.48e-01	6.01e-03	1.53e-04	3.72e-06	0.00e+00	0.00e+00	0.00e+00	0.00e+00	0.00e+00	0.00e+00
 4.83713e+22	3.74e-15	3.40e-04	3.17e-02	1.24e-01	8.43e-02	1.91e-01	4.29e-01	1.35e-01	5.15e-03	1.27e-04	2.97e-06	0.00e+00	0.00e+00	0.00e+00	0.00e+00	0.00e+00	0.00e+00
 4.87710e+22	6.44e-15	4.43e-04	3.86e-02	1.41e-01	9.01e-02	1.97e-01	4.10e-01	1.18e-01	4.18e-03	9.98e-05	2.20e-06	0.00e+00	0.00e+00	0.00e+00	0.00e+00	0.00e+00	0.00e+00
 4.91559e+22	9.63e-15	5.30e-04	4.40e-02	1.54e-01	9.40e-02	2.01e-01	3.95e-01	1.08e-01	3.61e-03	8.39e-05	1.78e-06	0.00e+00	0.00e+00	0.00e+00	0.00e+00	0.00e+00	0.00e+00
 4.95215e+22	1.68e-14	6.69e-04	5.20e-02	1.72e-01	9.88e-02	2.05e-01	3.75e-01	9.42e-02	2.94e-03	6.64e-05	1.34e-06	0.00e+00	0.00e+00	0.00e+00	0.00e+00	0.00e+00	0.00e+00
 4.98869e+22	2.62e-14	7.96e-04	5.89e-02	1.86e-01	1.02e-01	2.07e-01	3.58e-01	8.48e-02	2.51e-03	5.54e-05	1.07e-06	0.00e+00	0.00e+00	0.00e+00	0.00e+00	0.00e+00	0.00e+00
 5.02519e+22	4.65e-14	9.84e-04	6.85e-02	2.04e-01	1.06e-01	2.09e-01	3.36e-01	7.38e-02	2.05e-03	4.39e-05	8.06e-07	0.00e+00	0.00e+00	0.00e+00	0.00e+00	0.00e+00	0.00e+00
 5.06301e+22	1.05e-13	1.18e-03	7.79e-02	2.20e-01	1.09e-01	2.09e-01	3.16e-01	6.48e-02	1.69e-03	3.54e-05	6.21e-07	0.00e+00	0.00e+00	0.00e+00	0.00e+00	0.00e+00	0.00e+00
 5.09691e+22	1.81e-13	1.40e-03	8.75e-02	2.36e-01	1.11e-01	2.08e-01	2.97e-01	5.73e-02	1.42e-03	2.90e-05	4.87e-07	0.00e+00	0.00e+00	0.00e+00	0.00e+00	0.00e+00	0.00e+00
 5.13537e+22	5.61e-13	1.72e-03	1.01e-01	2.55e-01	1.14e-01	2.06e-01	2.72e-01	4.85e-02	1.12e-03	2.22e-05	3.54e-07	0.00e+00	0.00e+00	0.00e+00	0.00e+00	0.00e+00	0.00e+00
 5.17444e+22	4.05e-12	2.04e-03	1.13e-01	2.71e-01	1.15e-01	2.03e-01	2.52e-01	4.19e-02	9.11e-04	1.78e-05	2.69e-07	0.00e+00	0.00e+00	0.00e+00	0.00e+00	0.00e+00	0.00e+00
 5.20908e+22	1.37e-11	2.39e-03	1.25e-01	2.87e-01	1.16e-01	1.99e-01	2.33e-01	3.63e-02	7.47e-04	1.42e-05	2.07e-07	0.00e+00	0.00e+00	0.00e+00	0.00e+00	0.00e+00	0.00e+00
 5.24265e+22	1.77e-10	2.76e-03	1.38e-01	3.00e-01	1.17e-01	1.95e-01	2.15e-01	3.15e-02	6.15e-04	1.15e-05	1.60e-07	0.00e+00	0.00e+00	0.00e+00	0.00e+00	0.00e+00	0.00e+00
 5.27363e+22	6.32e-10	3.14e-03	1.50e-01	3.12e-01	1.17e-01	1.90e-01	1.99e-01	2.75e-02	5.13e-04	9.44e-06	1.26e-07	0.00e+00	0.00e+00	0.00e+00	0.00e+00	0.00e+00	0.00e+00
 5.30750e+22	7.08e-09	3.68e-03	1.66e-01	3.27e-01	1.16e-01	1.84e-01	1.80e-01	2.32e-02	4.06e-04	7.32e-06	0.00e+00	0.00e+00	0.00e+00	0.00e+00	0.00e+00	0.00e+00	0.00e+00
 5.34156e+22	2.46e-08	4.16e-03	1.79e-01	3.37e-01	1.16e-01	1.78e-01	1.66e-01	2.01e-02	3.37e-04	5.97e-06	0.00e+00	0.00e+00	0.00e+00	0.00e+00	0.00e+00	0.00e+00	0.00e+00
 5.37587e+22	6.70e-08	4.83e-03	1.96e-01	3.49e-01	1.14e-01	1.70e-01	1.49e-01	1.68e-02	2.65e-04	4.60e-06	0.00e+00	0.00e+00	0.00e+00	0.00e+00	0.00e+00	0.00e+00	0.00e+00
 5.41052e+22	1.00e-07	5.46e-03	2.10e-01	3.58e-01	1.12e-01	1.64e-01	1.35e-01	1.43e-02	2.16e-04	3.69e-06	0.00e+00	0.00e+00	0.00e+00	0.00e+00	0.00e+00	0.00e+00	0.00e+00
 5.44065e+22	1.27e-07	6.10e-03	2.25e-01	3.66e-01	1.11e-01	1.57e-01	1.23e-01	1.23e-02	1.78e-04	2.99e-06	0.00e+00	0.00e+00	0.00e+00	0.00e+00	0.00e+00	0.00e+00	0.00e+00
 5.47485e+22	1.66e-07	7.00e-03	2.43e-01	3.74e-01	1.08e-01	1.48e-01	1.09e-01	1.02e-02	1.38e-04	2.28e-06	0.00e+00	0.00e+00	0.00e+00	0.00e+00	0.00e+00	0.00e+00	0.00e+00
 5.50972e+22	2.11e-07	7.83e-03	2.59e-01	3.80e-01	1.06e-01	1.41e-01	9.80e-02	8.59e-03	1.11e-04	1.81e-06	0.00e+00	0.00e+00	0.00e+00	0.00e+00	0.00e+00	0.00e+00	0.00e+00
 5.54066e+22	2.57e-07	8.70e-03	2.74e-01	3.85e-01	1.03e-01	1.34e-01	8.83e-02	7.29e-03	9.05e-05	1.44e-06	0.00e+00	0.00e+00	0.00e+00	0.00e+00	0.00e+00	0.00e+00	0.00e+00
 5.57607e+22	3.19e-07	9.91e-03	2.94e-01	3.89e-01	9.94e-02	1.25e-01	7.70e-02	5.89e-03	6.91e-05	1.08e-06	0.00e+00	0.00e+00	0.00e+00	0.00e+00	0.00e+00	0.00e+00	0.00e+00
 5.61197e+22	3.94e-07	1.10e-02	3.11e-01	3.91e-01	9.63e-02	1.17e-01	6.85e-02	4.91e-03	5.50e-05	8.46e-07	0.00e+00	0.00e+00	0.00e+00	0.00e+00	0.00e+00	0.00e+00	0.00e+00
 5.64367e+22	4.72e-07	1.22e-02	3.27e-01	3.92e-01	9.31e-02	1.10e-01	6.10e-02	4.11e-03	4.41e-05	6.67e-07	0.00e+00	0.00e+00	0.00e+00	0.00e+00	0.00e+00	0.00e+00	0.00e+00
 5.68006e+22	5.76e-07	1.38e-02	3.48e-01	3.92e-01	8.90e-02	1.01e-01	5.25e-02	3.27e-03	3.31e-05	4.91e-07	0.00e+00	0.00e+00	0.00e+00	0.00e+00	0.00e+00	0.00e+00	0.00e+00
 5.71704e+22	7.00e-07	1.52e-02	3.65e-01	3.91e-01	8.54e-02	9.42e-02	4.62e-02	2.69e-03	2.61e-05	3.79e-07	0.00e+00	0.00e+00	0.00e+00	0.00e+00	0.00e+00	0.00e+00	0.00e+00
 5.75479e+22	8.62e-07	1.71e-02	3.86e-01	3.89e-01	8.12e-02	8.59e-02	3.94e-02	2.12e-03	1.94e-05	2.77e-07	0.00e+00	0.00e+00	0.00e+00	0.00e+00	0.00e+00	0.00e+00	0.00e+00
 5.79334e+22	1.03e-06	1.89e-02	4.04e-01	3.85e-01	7.73e-02	7.90e-02	3.41e-02	1.71e-03	1.49e-05	2.09e-07	0.00e+00	0.00e+00	0.00e+00	0.00e+00	0.00e+00	0.00e+00	0.00e+00
 5.82708e+22	1.21e-06	2.08e-02	4.21e-01	3.81e-01	7.38e-02	7.29e-02	2.99e-02	1.40e-03	1.17e-05	1.61e-07	0.00e+00	0.00e+00	0.00e+00	0.00e+00	0.00e+00	0.00e+00	0.00e+00
 5.86509e+22	1.44e-06	2.32e-02	4.41e-01	3.74e-01	6.95e-02	6.57e-02	2.52e-02	1.08e-03	8.64e-06	0.00e+00	0.00e+00	0.00e+00	0.00e+00	0.00e+00	0.00e+00	0.00e+00	0.00e+00
 5.90445e+22	1.73e-06	2.55e-02	4.59e-01	3.68e-01	6.58e-02	5.99e-02	2.17e-02	8.68e-04	6.62e-06	0.00e+00	0.00e+00	0.00e+00	0.00e+00	0.00e+00	0.00e+00	0.00e+00	0.00e+00
 5.94555e+22	2.08e-06	2.86e-02	4.80e-01	3.58e-01	6.13e-02	5.31e-02	1.79e-02	6.56e-04	4.73e-06	0.00e+00	0.00e+00	0.00e+00	0.00e+00	0.00e+00	0.00e+00	0.00e+00	0.00e+00
 5.98726e+22	2.45e-06	3.14e-02	4.97e-01	3.50e-01	5.77e-02	4.80e-02	1.52e-02	5.17e-04	3.57e-06	0.00e+00	0.00e+00	0.00e+00	0.00e+00	0.00e+00	0.00e+00	0.00e+00	0.00e+00
 6.02414e+22	2.91e-06	3.43e-02	5.14e-01	3.41e-01	5.43e-02	4.33e-02	1.30e-02	4.11e-04	2.72e-06	0.00e+00	0.00e+00	0.00e+00	0.00e+00	0.00e+00	0.00e+00	0.00e+00	0.00e+00
 6.06648e+22	3.50e-06	3.84e-02	5.35e-01	3.28e-01	5.01e-02	3.79e-02	1.06e-02	3.03e-04	1.91e-06	0.00e+00	0.00e+00	0.00e+00	0.00e+00	0.00e+00	0.00e+00	0.00e+00	0.00e+00
 6.10331e+22	3.92e-06	4.08e-02	5.46e-01	3.21e-01	4.78e-02	3.50e-02	9.43e-03	2.56e-04	1.56e-06	0.00e+00	0.00e+00	0.00e+00	0.00e+00	0.00e+00	0.00e+00	0.00e+00	0.00e+00
 6.13298e+22	4.47e-06	4.39e-02	5.59e-01	3.12e-01	4.51e-02	3.18e-02	8.17e-03	2.07e-04	1.23e-06	0.00e+00	0.00e+00	0.00e+00	0.00e+00	0.00e+00	0.00e+00	0.00e+00	0.00e+00
 6.16391e+22	5.03e-06	4.68e-02	5.70e-01	3.04e-01	4.28e-02	2.92e-02	7.20e-03	1.73e-04	9.92e-07	0.00e+00	0.00e+00	0.00e+00	0.00e+00	0.00e+00	0.00e+00	0.00e+00	0.00e+00
 6.19648e+22	5.80e-06	5.05e-02	5.84e-01	2.93e-01	4.02e-02	2.62e-02	6.15e-03	1.37e-04	7.61e-07	0.00e+00	0.00e+00	0.00e+00	0.00e+00	0.00e+00	0.00e+00	0.00e+00	0.00e+00
 6.22937e+22	6.53e-06	5.38e-02	5.95e-01	2.84e-01	3.80e-02	2.39e-02	5.39e-03	1.13e-04	6.11e-07	0.00e+00	0.00e+00	0.00e+00	0.00e+00	0.00e+00	0.00e+00	0.00e+00	0.00e+00
 6.26270e+22	7.54e-06	5.82e-02	6.08e-01	2.73e-01	3.55e-02	2.13e-02	4.56e-03	8.90e-05	4.64e-07	0.00e+00	0.00e+00	0.00e+00	0.00e+00	0.00e+00	0.00e+00	0.00e+00	0.00e+00
 6.29623e+22	8.46e-06	6.19e-02	6.17e-01	2.64e-01	3.35e-02	1.94e-02	3.99e-03	7.33e-05	3.72e-07	0.00e+00	0.00e+00	0.00e+00	0.00e+00	0.00e+00	0.00e+00	0.00e+00	0.00e+00
 6.33004e+22	9.74e-06	6.67e-02	6.29e-01	2.52e-01	3.12e-02	1.72e-02	3.37e-03	5.74e-05	2.82e-07	0.00e+00	0.00e+00	0.00e+00	0.00e+00	0.00e+00	0.00e+00	0.00e+00	0.00e+00
 6.36437e+22	1.09e-05	7.10e-02	6.38e-01	2.43e-01	2.93e-02	1.56e-02	2.93e-03	4.68e-05	2.24e-07	0.00e+00	0.00e+00	0.00e+00	0.00e+00	0.00e+00	0.00e+00	0.00e+00	0.00e+00
 6.39940e+22	1.26e-05	7.65e-02	6.49e-01	2.31e-01	2.72e-02	1.37e-02	2.45e-03	3.63e-05	1.68e-07	0.00e+00	0.00e+00	0.00e+00	0.00e+00	0.00e+00	0.00e+00	0.00e+00	0.00e+00
 6.43499e+22	1.42e-05	8.13e-02	6.58e-01	2.21e-01	2.55e-02	1.23e-02	2.12e-03	2.94e-05	1.33e-07	0.00e+00	0.00e+00	0.00e+00	0.00e+00	0.00e+00	0.00e+00	0.00e+00	0.00e+00
 6.47131e+22	1.63e-05	8.77e-02	6.67e-01	2.09e-01	2.35e-02	1.07e-02	1.76e-03	2.26e-05	0.00e+00	0.00e+00	0.00e+00	0.00e+00	0.00e+00	0.00e+00	0.00e+00	0.00e+00	0.00e+00
 6.50834e+22	1.84e-05	9.32e-02	6.74e-01	1.99e-01	2.19e-02	9.59e-03	1.51e-03	1.81e-05	0.00e+00	0.00e+00	0.00e+00	0.00e+00	0.00e+00	0.00e+00	0.00e+00	0.00e+00	0.00e+00
 6.54630e+22	2.13e-05	1.01e-01	6.83e-01	1.87e-01	2.01e-02	8.29e-03	1.24e-03	1.37e-05	0.00e+00	0.00e+00	0.00e+00	0.00e+00	0.00e+00	0.00e+00	0.00e+00	0.00e+00	0.00e+00
 6.58509e+22	2.40e-05	1.07e-01	6.89e-01	1.77e-01	1.87e-02	7.34e-03	1.06e-03	1.09e-05	0.00e+00	0.00e+00	0.00e+00	0.00e+00	0.00e+00	0.00e+00	0.00e+00	0.00e+00	0.00e+00
 6.62499e+22	2.79e-05	1.15e-01	6.95e-01	1.65e-01	1.70e-02	6.28e-03	8.63e-04	8.15e-06	0.00e+00	0.00e+00	0.00e+00	0.00e+00	0.00e+00	0.00e+00	0.00e+00	0.00e+00	0.00e+00
 6.66540e+22	3.15e-05	1.23e-01	7.00e-01	1.56e-01	1.57e-02	5.53e-03	7.31e-04	6.44e-06	0.00e+00	0.00e+00	0.00e+00	0.00e+00	0.00e+00	0.00e+00	0.00e+00	0.00e+00	0.00e+00
 6.70650e+22	3.65e-05	1.32e-01	7.04e-01	1.44e-01	1.43e-02	4.71e-03	5.94e-04	4.81e-06	0.00e+00	0.00e+00	0.00e+00	0.00e+00	0.00e+00	0.00e+00	0.00e+00	0.00e+00	0.00e+00
 6.74858e+22	4.15e-05	1.40e-01	7.07e-01	1.35e-01	1.31e-02	4.11e-03	4.98e-04	3.74e-06	0.00e+00	0.00e+00	0.00e+00	0.00e+00	0.00e+00	0.00e+00	0.00e+00	0.00e+00	0.00e+00
 6.79193e+22	4.84e-05	1.51e-01	7.09e-01	1.24e-01	1.18e-02	3.44e-03	3.97e-04	2.72e-06	0.00e+00	0.00e+00	0.00e+00	0.00e+00	0.00e+00	0.00e+00	0.00e+00	0.00e+00	0.00e+00
 6.83549e+22	5.47e-05	1.61e-01	7.10e-01	1.15e-01	1.08e-02	3.00e-03	3.34e-04	2.13e-06	0.00e+00	0.00e+00	0.00e+00	0.00e+00	0.00e+00	0.00e+00	0.00e+00	0.00e+00	0.00e+00
 6.87930e+22	6.35e-05	1.73e-01	7.10e-01	1.05e-01	9.65e-03	2.50e-03	2.66e-04	1.55e-06	0.00e+00	0.00e+00	0.00e+00	0.00e+00	0.00e+00	0.00e+00	0.00e+00	0.00e+00	0.00e+00
 6.92417e+22	7.20e-05	1.83e-01	7.09e-01	9.70e-02	8.79e-03	2.16e-03	2.21e-04	1.20e-06	0.00e+00	0.00e+00	0.00e+00	0.00e+00	0.00e+00	0.00e+00	0.00e+00	0.00e+00	0.00e+00
 6.97044e+22	8.42e-05	1.97e-01	7.06e-01	8.72e-02	7.79e-03	1.78e-03	1.74e-04	8.59e-07	0.00e+00	0.00e+00	0.00e+00	0.00e+00	0.00e+00	0.00e+00	0.00e+00	0.00e+00	0.00e+00
 7.01750e+22	9.54e-05	2.09e-01	7.02e-01	8.01e-02	7.06e-03	1.53e-03	1.44e-04	6.60e-07	0.00e+00	0.00e+00	0.00e+00	0.00e+00	0.00e+00	0.00e+00	0.00e+00	0.00e+00	0.00e+00
 7.06559e+22	1.12e-04	2.25e-01	6.96e-01	7.11e-02	6.19e-03	1.24e-03	1.12e-04	4.66e-07	0.00e+00	0.00e+00	0.00e+00	0.00e+00	0.00e+00	0.00e+00	0.00e+00	0.00e+00	0.00e+00
 7.11489e+22	1.27e-04	2.38e-01	6.91e-01	6.47e-02	5.57e-03	1.06e-03	9.18e-05	3.55e-07	0.00e+00	0.00e+00	0.00e+00	0.00e+00	0.00e+00	0.00e+00	0.00e+00	0.00e+00	0.00e+00
 7.16573e+22	1.50e-04	2.56e-01	6.81e-01	5.65e-02	4.82e-03	8.48e-04	7.02e-05	2.45e-07	0.00e+00	0.00e+00	0.00e+00	0.00e+00	0.00e+00	0.00e+00	0.00e+00	0.00e+00	0.00e+00
 7.21800e+22	1.71e-04	2.71e-01	6.73e-01	5.08e-02	4.30e-03	7.13e-04	5.69e-05	1.84e-07	0.00e+00	0.00e+00	0.00e+00	0.00e+00	0.00e+00	0.00e+00	0.00e+00	0.00e+00	0.00e+00
 7.27213e+22	2.02e-04	2.92e-01	6.59e-01	4.36e-02	3.66e-03	5.62e-04	4.29e-05	1.24e-07	0.00e+00	0.00e+00	0.00e+00	0.00e+00	0.00e+00	0.00e+00	0.00e+00	0.00e+00	0.00e+00
 7.32829e+22	2.33e-04	3.10e-01	6.47e-01	3.84e-02	3.21e-03	4.63e-04	3.40e-05	0.00e+00	0.00e+00	0.00e+00	0.00e+00	0.00e+00	0.00e+00	0.00e+00	0.00e+00	0.00e+00	0.00e+00
 7.38708e+22	2.79e-04	3.35e-01	6.30e-01	3.21e-02	2.68e-03	3.56e-04	2.50e-05	0.00e+00	0.00e+00	0.00e+00	0.00e+00	0.00e+00	0.00e+00	0.00e+00	0.00e+00	0.00e+00	0.00e+00
 7.44844e+22	3.24e-04	3.56e-01	6.14e-01	2.75e-02	2.29e-03	2.86e-04	1.94e-05	0.00e+00	0.00e+00	0.00e+00	0.00e+00	0.00e+00	0.00e+00	0.00e+00	0.00e+00	0.00e+00	0.00e+00
 7.50467e+22	3.76e-04	3.78e-01	5.96e-01	2.34e-02	1.95e-03	2.28e-04	1.49e-05	0.00e+00	0.00e+00	0.00e+00	0.00e+00	0.00e+00	0.00e+00	0.00e+00	0.00e+00	0.00e+00	0.00e+00
 7.55311e+22	4.19e-04	3.94e-01	5.83e-01	2.08e-02	1.73e-03	1.94e-04	1.24e-05	0.00e+00	0.00e+00	0.00e+00	0.00e+00	0.00e+00	0.00e+00	0.00e+00	0.00e+00	0.00e+00	0.00e+00
 7.59991e+22	4.80e-04	4.16e-01	5.64e-01	1.76e-02	1.48e-03	1.56e-04	9.65e-06	0.00e+00	0.00e+00	0.00e+00	0.00e+00	0.00e+00	0.00e+00	0.00e+00	0.00e+00	0.00e+00	0.00e+00
 7.64837e+22	5.41e-04	4.35e-01	5.47e-01	1.52e-02	1.28e-03	1.28e-04	7.78e-06	0.00e+00	0.00e+00	0.00e+00	0.00e+00	0.00e+00	0.00e+00	0.00e+00	0.00e+00	0.00e+00	0.00e+00
 7.69900e+22	6.29e-04	4.61e-01	5.25e-01	1.25e-02	1.06e-03	9.94e-05	5.87e-06	0.00e+00	0.00e+00	0.00e+00	0.00e+00	0.00e+00	0.00e+00	0.00e+00	0.00e+00	0.00e+00	0.00e+00
 7.75067e+22	7.10e-04	4.83e-01	5.05e-01	1.05e-02	8.95e-04	8.01e-05	4.65e-06	0.00e+00	0.00e+00	0.00e+00	0.00e+00	0.00e+00	0.00e+00	0.00e+00	0.00e+00	0.00e+00	0.00e+00
 7.80371e+22	8.30e-04	5.11e-01	4.79e-01	8.36e-03	7.13e-04	5.99e-05	3.41e-06	0.00e+00	0.00e+00	0.00e+00	0.00e+00	0.00e+00	0.00e+00	0.00e+00	0.00e+00	0.00e+00	0.00e+00
 7.85256e+22	9.22e-04	5.31e-01	4.60e-01	7.06e-03	6.05e-04	4.86e-05	2.74e-06	0.00e+00	0.00e+00	0.00e+00	0.00e+00	0.00e+00	0.00e+00	0.00e+00	0.00e+00	0.00e+00	0.00e+00
 7.88889e+22	1.01e-03	5.50e-01	4.43e-01	6.04e-03	5.19e-04	4.01e-05	2.25e-06	0.00e+00	0.00e+00	0.00e+00	0.00e+00	0.00e+00	0.00e+00	0.00e+00	0.00e+00	0.00e+00	0.00e+00
