#depth	He	He+	He+2
 4.62852e+21	8.12e-11	1.01e-05	1.00e+00
 1.03958e+22	2.54e-10	1.79e-05	1.00e+00
 1.20482e+22	4.82e-10	2.55e-05	1.00e+00
 1.28187e+22	6.82e-10	3.12e-05	1.00e+00
 1.31398e+22	7.44e-10	3.28e-05	1.00e+00
 1.32494e+22	7.92e-10	3.41e-05	1.00e+00
 1.33521e+22	8.54e-10	3.57e-05	1.00e+00
 1.34535e+22	9.06e-10	3.71e-05	1.00e+00
 1.35542e+22	9.77e-10	3.89e-05	1.00e+00
 1.36554e+22	1.03e-09	4.03e-05	1.00e+00
 1.37574e+22	1.11e-09	4.23e-05	1.00e+00
 1.38609e+22	1.18e-09	4.38e-05	1.00e+00
 1.39661e+22	1.27e-09	4.60e-05	1.00e+00
 1.40737e+22	1.34e-09	4.77e-05	1.00e+00
 1.41842e+22	1.44e-09	5.01e-05	1.00e+00
 1.42974e+22	1.52e-09	5.20e-05	1.00e+00
 1.44141e+22	1.63e-09	5.46e-05	1.00e+00
 1.45329e+22	1.72e-09	5.67e-05	1.00e+00
 1.46545e+22	1.85e-09	5.95e-05	1.00e+00
 1.47770e+22	1.95e-09	6.17e-05	1.00e+00
 1.49004e+22	2.08e-09	6.47e-05	1.00e+00
 1.50266e+22	2.19e-09	6.71e-05	1.00e+00
 1.51367e+22	2.30e-09	6.95e-05	1.00e+00
 1.52601e+22	2.44e-09	7.27e-05	1.00e+00
 1.53835e+22	2.56e-09	7.51e-05	1.00e+00
 1.55068e+22	2.71e-09	7.85e-05	1.00e+00
 1.56329e+22	2.83e-09	8.12e-05	1.00e+00
 1.57444e+22	2.96e-09	8.39e-05	1.00e+00
 1.58711e+22	3.13e-09	8.76e-05	1.00e+00
 1.59972e+22	3.26e-09	9.02e-05	1.00e+00
 1.61223e+22	3.44e-09	9.41e-05	1.00e+00
 1.62499e+22	3.58e-09	9.70e-05	1.00e+00
 1.63806e+22	3.77e-09	1.01e-04	1.00e+00
 1.65139e+22	3.84e-09	1.04e-04	1.00e+00
 1.66504e+22	4.05e-09	1.09e-04	1.00e+00
 1.67894e+22	4.22e-09	1.12e-04	1.00e+00
 1.69317e+22	4.44e-09	1.17e-04	1.00e+00
 1.70707e+22	4.61e-09	1.20e-04	1.00e+00
 1.72056e+22	4.84e-09	1.25e-04	1.00e+00
 1.73425e+22	5.02e-09	1.29e-04	1.00e+00
 1.74823e+22	5.27e-09	1.34e-04	1.00e+00
 1.76263e+22	5.48e-09	1.38e-04	1.00e+00
 1.77760e+22	5.75e-09	1.44e-04	1.00e+00
 1.79306e+22	5.99e-09	1.48e-04	1.00e+00
 1.80915e+22	6.31e-09	1.54e-04	1.00e+00
 1.82567e+22	6.58e-09	1.60e-04	1.00e+00
 1.84277e+22	6.94e-09	1.67e-04	1.00e+00
 1.86043e+22	7.26e-09	1.73e-04	1.00e+00
 1.87881e+22	7.67e-09	1.80e-04	1.00e+00
 1.89772e+22	8.04e-09	1.87e-04	1.00e+00
 1.91472e+22	8.41e-09	1.93e-04	1.00e+00
 1.93426e+22	8.91e-09	2.03e-04	1.00e+00
 1.95391e+22	9.33e-09	2.10e-04	1.00e+00
 1.97372e+22	9.88e-09	2.20e-04	1.00e+00
 1.99395e+22	1.03e-08	2.29e-04	1.00e+00
 2.01472e+22	1.10e-08	2.40e-04	1.00e+00
 2.03592e+22	1.15e-08	2.50e-04	1.00e+00
 2.05480e+22	1.20e-08	2.60e-04	1.00e+00
 2.07648e+22	1.28e-08	2.74e-04	1.00e+00
 2.09685e+22	1.33e-08	2.83e-04	1.00e+00
 2.11554e+22	1.39e-08	2.97e-04	1.00e+00
 2.13447e+22	1.44e-08	3.08e-04	1.00e+00
 2.15372e+22	1.51e-08	3.23e-04	1.00e+00
 2.17336e+22	1.57e-08	3.36e-04	1.00e+00
 2.19351e+22	1.64e-08	3.54e-04	1.00e+00
 2.21379e+22	1.70e-08	3.69e-04	1.00e+00
 2.23424e+22	1.77e-08	3.89e-04	1.00e+00
 2.25509e+22	1.83e-08	4.06e-04	1.00e+00
 2.27647e+22	1.90e-08	4.30e-04	1.00e+00
 2.29826e+22	1.95e-08	4.51e-04	1.00e+00
 2.32060e+22	2.01e-08	4.79e-04	1.00e+00
 2.34314e+22	2.06e-08	5.03e-04	9.99e-01
 2.36221e+22	2.10e-08	5.26e-04	9.99e-01
 2.38291e+22	2.14e-08	5.58e-04	9.99e-01
 2.40365e+22	2.17e-08	5.84e-04	9.99e-01
 2.42396e+22	2.19e-08	6.17e-04	9.99e-01
 2.44467e+22	2.21e-08	6.48e-04	9.99e-01
 2.46497e+22	2.22e-08	6.84e-04	9.99e-01
 2.48569e+22	2.23e-08	7.20e-04	9.99e-01
 2.50614e+22	2.23e-08	7.59e-04	9.99e-01
 2.52673e+22	2.23e-08	7.99e-04	9.99e-01
 2.54707e+22	2.23e-08	8.41e-04	9.99e-01
 2.56737e+22	2.23e-08	8.86e-04	9.99e-01
 2.58770e+22	2.24e-08	9.32e-04	9.99e-01
 2.60809e+22	2.24e-08	9.81e-04	9.99e-01
 2.62860e+22	2.25e-08	1.03e-03	9.99e-01
 2.64928e+22	2.27e-08	1.09e-03	9.99e-01
 2.67018e+22	2.30e-08	1.15e-03	9.99e-01
 2.69120e+22	2.34e-08	1.21e-03	9.99e-01
 2.71255e+22	2.40e-08	1.27e-03	9.99e-01
 2.73412e+22	2.47e-08	1.34e-03	9.99e-01
 2.75612e+22	2.57e-08	1.41e-03	9.99e-01
 2.77851e+22	2.68e-08	1.49e-03	9.99e-01
 2.79904e+22	2.80e-08	1.55e-03	9.98e-01
 2.82048e+22	2.96e-08	1.64e-03	9.98e-01
 2.84224e+22	3.13e-08	1.72e-03	9.98e-01
 2.86462e+22	3.37e-08	1.82e-03	9.98e-01
 2.88704e+22	3.58e-08	1.90e-03	9.98e-01
 2.90951e+22	3.90e-08	2.01e-03	9.98e-01
 2.93207e+22	4.17e-08	2.10e-03	9.98e-01
 2.95474e+22	4.57e-08	2.22e-03	9.98e-01
 2.97766e+22	4.93e-08	2.32e-03	9.98e-01
 3.00090e+22	5.44e-08	2.45e-03	9.98e-01
 3.02446e+22	5.90e-08	2.56e-03	9.97e-01
 3.04843e+22	6.56e-08	2.71e-03	9.97e-01
 3.07284e+22	7.14e-08	2.84e-03	9.97e-01
 3.09783e+22	7.99e-08	3.01e-03	9.97e-01
 3.12340e+22	8.74e-08	3.15e-03	9.97e-01
 3.14973e+22	9.85e-08	3.35e-03	9.97e-01
 3.17651e+22	1.08e-07	3.52e-03	9.96e-01
 3.19909e+22	1.18e-07	3.67e-03	9.96e-01
 3.22362e+22	1.31e-07	3.88e-03	9.96e-01
 3.24741e+22	1.42e-07	4.03e-03	9.96e-01
 3.27023e+22	1.58e-07	4.24e-03	9.96e-01
 3.29328e+22	1.70e-07	4.41e-03	9.96e-01
 3.31666e+22	1.89e-07	4.65e-03	9.95e-01
 3.34039e+22	2.05e-07	4.83e-03	9.95e-01
 3.36457e+22	2.28e-07	5.10e-03	9.95e-01
 3.38911e+22	2.47e-07	5.31e-03	9.95e-01
 3.41409e+22	2.76e-07	5.60e-03	9.94e-01
 3.43952e+22	3.00e-07	5.84e-03	9.94e-01
 3.46552e+22	3.36e-07	6.18e-03	9.94e-01
 3.49210e+22	3.67e-07	6.45e-03	9.94e-01
 3.51943e+22	4.12e-07	6.83e-03	9.93e-01
 3.54749e+22	4.52e-07	7.15e-03	9.93e-01
 3.57652e+22	5.10e-07	7.59e-03	9.92e-01
 3.60580e+22	5.60e-07	7.95e-03	9.92e-01
 3.63539e+22	6.34e-07	8.45e-03	9.92e-01
 3.66538e+22	6.96e-07	8.85e-03	9.91e-01
 3.69587e+22	7.89e-07	9.42e-03	9.91e-01
 3.72682e+22	8.69e-07	9.88e-03	9.90e-01
 3.75418e+22	9.59e-07	1.04e-02	9.90e-01
 3.78558e+22	1.09e-06	1.10e-02	9.89e-01
 3.81749e+22	1.20e-06	1.16e-02	9.88e-01
 3.84333e+22	1.31e-06	1.21e-02	9.88e-01
 3.87018e+22	1.45e-06	1.27e-02	9.87e-01
 3.89835e+22	1.59e-06	1.33e-02	9.87e-01
 3.92417e+22	1.73e-06	1.39e-02	9.86e-01
 3.95368e+22	1.94e-06	1.47e-02	9.85e-01
 3.98395e+22	2.14e-06	1.54e-02	9.85e-01
 4.01069e+22	2.34e-06	1.61e-02	9.84e-01
 4.04092e+22	2.62e-06	1.71e-02	9.83e-01
 4.07224e+22	2.90e-06	1.79e-02	9.82e-01
 4.10027e+22	3.19e-06	1.88e-02	9.81e-01
 4.13201e+22	3.58e-06	1.99e-02	9.80e-01
 4.16481e+22	3.98e-06	2.10e-02	9.79e-01
 4.19410e+22	4.39e-06	2.20e-02	9.78e-01
 4.22731e+22	4.97e-06	2.34e-02	9.77e-01
 4.26152e+22	5.53e-06	2.46e-02	9.75e-01
 4.29706e+22	6.31e-06	2.63e-02	9.74e-01
 4.33321e+22	7.04e-06	2.78e-02	9.72e-01
 4.36524e+22	7.84e-06	2.93e-02	9.71e-01
 4.40198e+22	8.98e-06	3.13e-02	9.69e-01
 4.43919e+22	1.01e-05	3.31e-02	9.67e-01
 4.47702e+22	1.16e-05	3.54e-02	9.65e-01
 4.51526e+22	1.30e-05	3.75e-02	9.63e-01
 4.55403e+22	1.50e-05	4.02e-02	9.60e-01
 4.59316e+22	1.68e-05	4.25e-02	9.57e-01
 4.63275e+22	1.95e-05	4.57e-02	9.54e-01
 4.67276e+22	2.18e-05	4.84e-02	9.52e-01
 4.71331e+22	2.54e-05	5.20e-02	9.48e-01
 4.75439e+22	2.86e-05	5.51e-02	9.45e-01
 4.79615e+22	3.33e-05	5.94e-02	9.41e-01
 4.83713e+22	3.73e-05	6.27e-02	9.37e-01
 4.87710e+22	4.32e-05	6.73e-02	9.33e-01
 4.91559e+22	4.78e-05	7.07e-02	9.29e-01
 4.95215e+22	5.47e-05	7.54e-02	9.25e-01
 4.98869e+22	6.05e-05	7.92e-02	9.21e-01
 5.02519e+22	6.87e-05	8.41e-02	9.16e-01
 5.06301e+22	7.71e-05	8.88e-02	9.11e-01
 5.09691e+22	8.55e-05	9.33e-02	9.07e-01
 5.13537e+22	9.78e-05	9.95e-02	9.00e-01
 5.17444e+22	1.09e-04	1.05e-01	8.95e-01
 5.20908e+22	1.22e-04	1.10e-01	8.90e-01
 5.24265e+22	1.34e-04	1.16e-01	8.84e-01
 5.27363e+22	1.48e-04	1.21e-01	8.79e-01
 5.30750e+22	1.65e-04	1.27e-01	8.72e-01
 5.34156e+22	1.81e-04	1.33e-01	8.67e-01
 5.37587e+22	2.03e-04	1.40e-01	8.60e-01
 5.41052e+22	2.23e-04	1.46e-01	8.54e-01
 5.44065e+22	2.44e-04	1.52e-01	8.47e-01
 5.47485e+22	2.72e-04	1.60e-01	8.39e-01
 5.50972e+22	2.99e-04	1.67e-01	8.32e-01
 5.54066e+22	3.27e-04	1.74e-01	8.26e-01
 5.57607e+22	3.67e-04	1.83e-01	8.16e-01
 5.61197e+22	4.03e-04	1.91e-01	8.08e-01
 5.64367e+22	4.41e-04	1.99e-01	8.01e-01
 5.68006e+22	4.94e-04	2.09e-01	7.90e-01
 5.71704e+22	5.43e-04	2.18e-01	7.81e-01
 5.75479e+22	6.07e-04	2.29e-01	7.70e-01
 5.79334e+22	6.72e-04	2.39e-01	7.60e-01
 5.82708e+22	7.35e-04	2.49e-01	7.50e-01
 5.86509e+22	8.23e-04	2.61e-01	7.38e-01
 5.90445e+22	9.07e-04	2.72e-01	7.27e-01
 5.94555e+22	1.02e-03	2.86e-01	7.13e-01
 5.98726e+22	1.13e-03	2.99e-01	7.00e-01
 6.02414e+22	1.24e-03	3.10e-01	6.88e-01
 6.06648e+22	1.41e-03	3.26e-01	6.72e-01
 6.10331e+22	1.51e-03	3.35e-01	6.63e-01
 6.13298e+22	1.63e-03	3.47e-01	6.52e-01
 6.16391e+22	1.76e-03	3.56e-01	6.42e-01
 6.19648e+22	1.92e-03	3.69e-01	6.29e-01
 6.22937e+22	2.06e-03	3.79e-01	6.19e-01
 6.26270e+22	2.26e-03	3.93e-01	6.05e-01
 6.29623e+22	2.43e-03	4.03e-01	5.94e-01
 6.33004e+22	2.66e-03	4.17e-01	5.80e-01
 6.36437e+22	2.86e-03	4.28e-01	5.69e-01
 6.39940e+22	3.13e-03	4.43e-01	5.54e-01
 6.43499e+22	3.37e-03	4.55e-01	5.42e-01
 6.47131e+22	3.70e-03	4.70e-01	5.27e-01
 6.50834e+22	4.00e-03	4.82e-01	5.14e-01
 6.54630e+22	4.40e-03	4.98e-01	4.98e-01
 6.58509e+22	4.75e-03	5.11e-01	4.84e-01
 6.62499e+22	5.24e-03	5.28e-01	4.67e-01
 6.66540e+22	5.67e-03	5.41e-01	4.53e-01
 6.70650e+22	6.24e-03	5.57e-01	4.37e-01
 6.74858e+22	6.78e-03	5.71e-01	4.22e-01
 6.79193e+22	7.51e-03	5.89e-01	4.03e-01
 6.83549e+22	8.13e-03	6.03e-01	3.89e-01
 6.87930e+22	8.98e-03	6.20e-01	3.71e-01
 6.92417e+22	9.75e-03	6.34e-01	3.56e-01
 6.97044e+22	1.08e-02	6.52e-01	3.37e-01
 7.01750e+22	1.18e-02	6.66e-01	3.22e-01
 7.06559e+22	1.31e-02	6.85e-01	3.02e-01
 7.11489e+22	1.43e-02	6.98e-01	2.87e-01
 7.16573e+22	1.60e-02	7.17e-01	2.67e-01
 7.21800e+22	1.75e-02	7.31e-01	2.52e-01
 7.27213e+22	1.97e-02	7.49e-01	2.32e-01
 7.32829e+22	2.17e-02	7.63e-01	2.15e-01
 7.38708e+22	2.46e-02	7.80e-01	1.95e-01
 7.44844e+22	2.74e-02	7.94e-01	1.78e-01
 7.50467e+22	3.06e-02	8.07e-01	1.62e-01
 7.55311e+22	3.31e-02	8.16e-01	1.51e-01
 7.59991e+22	3.66e-02	8.26e-01	1.37e-01
 7.64837e+22	4.01e-02	8.34e-01	1.26e-01
 7.69900e+22	4.50e-02	8.43e-01	1.12e-01
 7.75067e+22	4.96e-02	8.49e-01	1.01e-01
 7.80371e+22	5.62e-02	8.55e-01	8.91e-02
 7.85256e+22	6.14e-02	8.58e-01	8.09e-02
 7.88889e+22	6.64e-02	8.59e-01	7.43e-02
 7.92903e+22	7.35e-02	8.60e-01	6.68e-02
 7.97216e+22	8.13e-02	8.59e-01	6.01e-02
 8.01188e+22	8.97e-02	8.56e-01	5.44e-02
 8.04958e+22	9.90e-02	8.52e-01	4.94e-02
 8.08503e+22	1.09e-01	8.46e-01	4.52e-02
 8.11763e+22	1.20e-01	8.39e-01	4.17e-02
 8.14737e+22	1.31e-01	8.30e-01	3.89e-02
 8.17446e+22	1.42e-01	8.21e-01	3.66e-02
 8.19919e+22	1.55e-01	8.11e-01	3.47e-02
 8.22166e+22	1.67e-01	7.99e-01	3.33e-02
 8.23560e+22	1.74e-01	7.93e-01	3.29e-02
 8.24062e+22	1.77e-01	7.90e-01	3.27e-02
 8.24460e+22	1.80e-01	7.88e-01	3.24e-02
 8.24975e+22	1.84e-01	7.84e-01	3.22e-02
 8.25592e+22	1.88e-01	7.80e-01	3.18e-02
 8.26214e+22	1.93e-01	7.76e-01	3.15e-02
 8.26787e+22	1.97e-01	7.72e-01	3.13e-02
 8.27367e+22	2.02e-01	7.67e-01	3.10e-02
 8.27963e+22	2.06e-01	7.63e-01	3.08e-02
 8.28568e+22	2.12e-01	7.58e-01	3.06e-02
 8.29186e+22	2.17e-01	7.53e-01	3.04e-02
 8.29791e+22	2.22e-01	7.47e-01	3.02e-02
 8.30403e+22	2.28e-01	7.42e-01	3.01e-02
 8.31041e+22	2.34e-01	7.36e-01	2.99e-02
 8.31699e+22	2.41e-01	7.30e-01	2.98e-02
 8.32374e+22	2.48e-01	7.23e-01	2.97e-02
 8.33060e+22	2.55e-01	7.16e-01	2.96e-02
 8.33766e+22	2.62e-01	7.08e-01	2.95e-02
 8.34511e+22	2.71e-01	7.00e-01	2.95e-02
 8.35257e+22	2.79e-01	6.91e-01	2.94e-02
 8.35832e+22	2.85e-01	6.86e-01	2.96e-02
 8.36220e+22	2.89e-01	6.81e-01	2.95e-02
 8.36598e+22	2.94e-01	6.76e-01	2.95e-02
 8.37035e+22	3.00e-01	6.70e-01	2.94e-02
 8.37510e+22	3.06e-01	6.64e-01	2.94e-02
 8.37980e+22	3.12e-01	6.58e-01	2.93e-02
 8.38441e+22	3.18e-01	6.52e-01	2.93e-02
 8.38907e+22	3.25e-01	6.46e-01	2.92e-02
 8.39389e+22	3.32e-01	6.39e-01	2.92e-02
 8.39880e+22	3.39e-01	6.32e-01	2.90e-02
 8.40369e+22	3.46e-01	6.25e-01	2.90e-02
 8.40865e+22	3.53e-01	6.18e-01	2.88e-02
 8.41380e+22	3.61e-01	6.11e-01	2.87e-02
 8.41911e+22	3.69e-01	6.02e-01	2.85e-02
 8.42447e+22	3.77e-01	5.94e-01	2.83e-02
 8.42993e+22	3.86e-01	5.86e-01	2.81e-02
 8.43560e+22	3.95e-01	5.77e-01	2.78e-02
 8.44134e+22	4.05e-01	5.67e-01	2.75e-02
 8.44712e+22	4.15e-01	5.58e-01	2.72e-02
 8.45308e+22	4.25e-01	5.48e-01	2.69e-02
 8.45934e+22	4.36e-01	5.38e-01	2.65e-02
 8.46579e+22	4.47e-01	5.27e-01	2.61e-02
 8.47235e+22	4.59e-01	5.16e-01	2.56e-02
 8.47899e+22	4.71e-01	5.04e-01	2.51e-02
 8.48581e+22	4.83e-01	4.93e-01	2.46e-02
 8.49296e+22	4.96e-01	4.80e-01	2.40e-02
 8.50031e+22	5.08e-01	4.68e-01	2.34e-02
 8.50783e+22	5.22e-01	4.55e-01	2.27e-02
 8.51556e+22	5.36e-01	4.42e-01	2.21e-02
 8.52349e+22	5.49e-01	4.29e-01	2.14e-02
 8.53154e+22	5.63e-01	4.16e-01	2.06e-02
 8.53976e+22	5.77e-01	4.03e-01	1.99e-02
 8.54817e+22	5.92e-01	3.89e-01	1.91e-02
 8.55658e+22	6.05e-01	3.76e-01	1.84e-02
 8.56500e+22	6.19e-01	3.63e-01	1.76e-02
 8.57367e+22	6.33e-01	3.51e-01	1.69e-02
 8.58257e+22	6.46e-01	3.38e-01	1.61e-02
 8.59152e+22	6.59e-01	3.26e-01	1.54e-02
 8.60056e+22	6.72e-01	3.14e-01	1.46e-02
 8.60990e+22	6.85e-01	3.02e-01	1.39e-02
 8.61947e+22	6.97e-01	2.90e-01	1.31e-02
 8.62914e+22	7.09e-01	2.78e-01	1.24e-02
 8.63897e+22	7.21e-01	2.67e-01	1.17e-02
 8.64911e+22	7.33e-01	2.56e-01	1.10e-02
 8.65941e+22	7.44e-01	2.45e-01	1.03e-02
 8.66937e+22	7.55e-01	2.36e-01	9.67e-03
 8.67864e+22	7.64e-01	2.27e-01	9.11e-03
 8.68720e+22	7.72e-01	2.19e-01	8.61e-03
 8.69526e+22	7.80e-01	2.12e-01	8.15e-03
 8.70272e+22	7.86e-01	2.06e-01	7.75e-03
 8.70996e+22	7.93e-01	2.00e-01	7.36e-03
 8.71723e+22	7.99e-01	1.94e-01	7.01e-03
 8.72427e+22	8.04e-01	1.89e-01	6.66e-03
 8.73089e+22	8.09e-01	1.84e-01	6.37e-03
 8.73718e+22	8.14e-01	1.80e-01	6.08e-03
 8.74348e+22	8.19e-01	1.75e-01	5.81e-03
 8.74952e+22	8.23e-01	1.71e-01	5.57e-03
 8.75521e+22	8.27e-01	1.67e-01	5.34e-03
 8.76086e+22	8.31e-01	1.64e-01	5.11e-03
 8.76628e+22	8.35e-01	1.60e-01	4.91e-03
 8.77138e+22	8.38e-01	1.57e-01	4.72e-03
 8.77638e+22	8.42e-01	1.54e-01	4.54e-03
 8.78125e+22	8.45e-01	1.51e-01	4.37e-03
 8.78583e+22	8.48e-01	1.48e-01	4.21e-03
 8.79000e+22	8.51e-01	1.45e-01	4.07e-03
 8.79379e+22	8.53e-01	1.43e-01	3.94e-03
 8.79724e+22	8.55e-01	1.41e-01	3.83e-03
 8.80038e+22	8.57e-01	1.39e-01	3.73e-03
 8.80324e+22	8.59e-01	1.37e-01	3.64e-03
 8.80584e+22	8.61e-01	1.36e-01	3.55e-03
 8.80869e+22	8.63e-01	1.34e-01	3.46e-03
 8.81177e+22	8.65e-01	1.32e-01	3.37e-03
 8.81457e+22	8.66e-01	1.30e-01	3.29e-03
 8.81711e+22	8.68e-01	1.29e-01	3.22e-03
 8.81943e+22	8.69e-01	1.28e-01	3.17e-03
 8.82197e+22	8.71e-01	1.26e-01	3.08e-03
 8.82528e+22	8.73e-01	1.24e-01	2.99e-03
 8.82884e+22	8.74e-01	1.23e-01	2.91e-03
 8.83209e+22	8.76e-01	1.21e-01	2.83e-03
 8.83504e+22	8.78e-01	1.20e-01	2.77e-03
 8.83828e+22	8.79e-01	1.18e-01	2.69e-03
 8.84177e+22	8.81e-01	1.16e-01	2.62e-03
 8.84495e+22	8.82e-01	1.15e-01	2.56e-03
 8.84784e+22	8.84e-01	1.14e-01	2.50e-03
 8.85047e+22	8.85e-01	1.13e-01	2.46e-03
 8.85336e+22	8.86e-01	1.11e-01	2.39e-03
 8.85711e+22	8.88e-01	1.09e-01	2.31e-03
 8.86116e+22	8.90e-01	1.08e-01	2.25e-03
 8.86484e+22	8.92e-01	1.06e-01	2.19e-03
 8.86819e+22	8.93e-01	1.05e-01	2.14e-03
 8.87124e+22	8.94e-01	1.04e-01	2.08e-03
 8.87402e+22	8.95e-01	1.03e-01	2.04e-03
 8.87655e+22	8.96e-01	1.02e-01	2.00e-03
 8.87931e+22	8.98e-01	1.00e-01	1.94e-03
 8.88291e+22	9.00e-01	9.86e-02	1.88e-03
 8.88680e+22	9.01e-01	9.70e-02	1.82e-03
 8.89033e+22	9.02e-01	9.58e-02	1.78e-03
 8.89355e+22	9.04e-01	9.46e-02	1.73e-03
 8.89648e+22	9.05e-01	9.35e-02	1.69e-03
 8.89914e+22	9.06e-01	9.24e-02	1.65e-03
 8.90206e+22	9.07e-01	9.11e-02	1.61e-03
 8.90521e+22	9.08e-01	9.00e-02	1.57e-03
 8.90808e+22	9.10e-01	8.90e-02	1.53e-03
 8.91069e+22	9.10e-01	8.80e-02	1.50e-03
 8.91307e+22	9.11e-01	8.73e-02	1.48e-03
 8.91567e+22	9.12e-01	8.61e-02	1.44e-03
 8.91905e+22	9.14e-01	8.48e-02	1.39e-03
 8.92271e+22	9.15e-01	8.36e-02	1.35e-03
 8.92603e+22	9.16e-01	8.27e-02	1.32e-03
 8.92906e+22	9.17e-01	8.17e-02	1.29e-03
 8.93181e+22	9.18e-01	8.10e-02	1.27e-03
 8.93483e+22	9.19e-01	7.98e-02	1.23e-03
 8.93875e+22	9.20e-01	7.86e-02	1.20e-03
 8.94298e+22	9.21e-01	7.77e-02	1.17e-03
 8.94683e+22	9.22e-01	7.66e-02	1.14e-03
 8.95034e+22	9.23e-01	7.55e-02	1.10e-03
 8.95353e+22	9.24e-01	7.48e-02	1.09e-03
 8.95702e+22	9.25e-01	7.36e-02	1.05e-03
 8.96080e+22	9.26e-01	7.27e-02	1.02e-03
 8.96423e+22	9.27e-01	7.17e-02	9.97e-04
 8.96736e+22	9.28e-01	7.11e-02	9.79e-04
 8.97078e+22	9.29e-01	7.01e-02	9.51e-04
 8.97448e+22	9.30e-01	6.92e-02	9.28e-04
 8.97784e+22	9.31e-01	6.83e-02	9.04e-04
 8.98090e+22	9.31e-01	6.77e-02	8.88e-04
 8.98426e+22	9.32e-01	6.67e-02	8.60e-04
 8.98788e+22	9.33e-01	6.61e-02	8.45e-04
 8.99185e+22	9.34e-01	6.50e-02	8.18e-04
 8.99613e+22	9.35e-01	6.41e-02	7.97e-04
 9.00003e+22	9.36e-01	6.32e-02	7.75e-04
 9.00358e+22	9.37e-01	6.26e-02	7.59e-04
 9.00747e+22	9.38e-01	6.16e-02	7.35e-04
 9.01166e+22	9.38e-01	6.08e-02	7.16e-04
 9.01548e+22	9.39e-01	6.01e-02	7.01e-04
 9.01967e+22	9.40e-01	5.91e-02	6.76e-04
 9.02419e+22	9.41e-01	5.83e-02	6.58e-04
 9.02830e+22	9.42e-01	5.74e-02	6.39e-04
 9.03204e+22	9.43e-01	5.68e-02	6.26e-04
 9.03614e+22	9.43e-01	5.59e-02	6.06e-04
 9.04057e+22	9.44e-01	5.52e-02	5.90e-04
 9.04460e+22	9.45e-01	5.45e-02	5.77e-04
 9.04901e+22	9.46e-01	5.36e-02	5.57e-04
 9.05378e+22	9.47e-01	5.29e-02	5.42e-04
 9.05811e+22	9.47e-01	5.22e-02	5.28e-04
 9.06286e+22	9.48e-01	5.12e-02	5.09e-04
 9.06799e+22	9.49e-01	5.05e-02	4.95e-04
 9.07266e+22	9.50e-01	4.98e-02	4.82e-04
 9.07778e+22	9.51e-01	4.89e-02	4.64e-04
 9.08330e+22	9.51e-01	4.82e-02	4.51e-04
 9.08833e+22	9.52e-01	4.74e-02	4.36e-04
 9.09290e+22	9.53e-01	4.68e-02	4.25e-04
 9.09791e+22	9.54e-01	4.59e-02	4.09e-04
 9.10332e+22	9.54e-01	4.52e-02	3.97e-04
 9.10824e+22	9.55e-01	4.46e-02	3.86e-04
 9.11364e+22	9.56e-01	4.38e-02	3.72e-04
 9.11946e+22	9.57e-01	4.31e-02	3.60e-04
 9.12476e+22	9.57e-01	4.25e-02	3.50e-04
 9.13057e+22	9.58e-01	4.16e-02	3.36e-04
 9.13684e+22	9.59e-01	4.10e-02	3.26e-04
 9.14255e+22	9.59e-01	4.03e-02	3.15e-04
 9.14774e+22	9.60e-01	3.97e-02	3.06e-04
 9.15343e+22	9.61e-01	3.89e-02	2.94e-04
 9.15957e+22	9.61e-01	3.83e-02	2.85e-04
 9.16516e+22	9.62e-01	3.77e-02	2.77e-04
 9.17128e+22	9.63e-01	3.70e-02	2.66e-04
 9.17790e+22	9.63e-01	3.63e-02	2.56e-04
 9.18391e+22	9.64e-01	3.58e-02	2.49e-04
 9.19051e+22	9.65e-01	3.50e-02	2.38e-04
 9.19763e+22	9.65e-01	3.44e-02	2.30e-04
 9.20410e+22	9.66e-01	3.38e-02	2.22e-04
 9.21000e+22	9.67e-01	3.32e-02	2.15e-04
 9.21646e+22	9.67e-01	3.25e-02	2.06e-04
 9.22343e+22	9.68e-01	3.20e-02	1.99e-04
 9.22978e+22	9.68e-01	3.14e-02	1.92e-04
 9.23673e+22	9.69e-01	3.08e-02	1.85e-04
 9.24424e+22	9.70e-01	3.02e-02	1.78e-04
 9.25107e+22	9.70e-01	2.97e-02	1.72e-04
 9.25568e+22	9.70e-01	2.94e-02	1.69e-04
