#depth	Si	Si+	Si+2	Si+3	Si+4	Si+5	Si+6	Si+7	Si+8	Si+9	Si+10	Si+11	Si+12	Si+13	Si+14
 1.54284e+22	0.00e+00	0.00e+00	0.00e+00	0.00e+00	0.00e+00	2.99e-26	2.95e-22	9.59e-19	1.35e-15	9.38e-13	4.11e-10	1.80e-07	1.86e-04	2.47e-02	9.75e-01
 3.47148e+22	0.00e+00	0.00e+00	0.00e+00	0.00e+00	5.38e-29	1.16e-24	7.60e-21	1.64e-17	1.54e-14	7.11e-12	2.08e-09	6.05e-07	4.15e-04	3.67e-02	9.63e-01
 4.09257e+22	0.00e+00	0.00e+00	0.00e+00	0.00e+00	6.17e-28	1.04e-23	5.32e-20	8.96e-17	6.58e-14	2.36e-11	5.43e-09	1.24e-06	6.70e-04	4.63e-02	9.53e-01
 4.51608e+22	0.00e+00	0.00e+00	0.00e+00	5.15e-32	4.29e-27	5.96e-23	2.50e-19	3.46e-16	2.08e-13	6.15e-11	1.17e-08	2.20e-06	9.77e-04	5.57e-02	9.43e-01
 4.75137e+22	0.00e+00	0.00e+00	0.00e+00	8.84e-32	7.02e-27	9.28e-23	3.71e-19	4.87e-16	2.79e-13	7.84e-11	1.42e-08	2.54e-06	1.08e-03	5.84e-02	9.41e-01
 4.83745e+22	0.00e+00	0.00e+00	0.00e+00	1.37e-31	1.05e-26	1.33e-22	5.10e-19	6.44e-16	3.54e-13	9.55e-11	1.66e-08	2.86e-06	1.16e-03	6.06e-02	9.38e-01
 4.92721e+22	0.00e+00	0.00e+00	0.00e+00	2.42e-31	1.75e-26	2.11e-22	7.68e-19	9.20e-16	4.79e-13	1.23e-10	2.03e-08	3.32e-06	1.28e-03	6.36e-02	9.35e-01
 5.01196e+22	0.00e+00	0.00e+00	0.00e+00	3.66e-31	2.56e-26	2.96e-22	1.04e-18	1.20e-15	6.01e-13	1.48e-10	2.35e-08	3.71e-06	1.38e-03	6.59e-02	9.33e-01
 5.07818e+22	0.00e+00	0.00e+00	0.00e+00	5.20e-31	3.51e-26	3.94e-22	1.34e-18	1.49e-15	7.25e-13	1.73e-10	2.67e-08	4.07e-06	1.47e-03	6.79e-02	9.31e-01
 5.15223e+22	0.00e+00	0.00e+00	0.00e+00	8.10e-31	5.26e-26	5.67e-22	1.85e-18	1.98e-15	9.21e-13	2.11e-10	3.12e-08	4.58e-06	1.59e-03	7.05e-02	9.28e-01
 5.23190e+22	0.00e+00	0.00e+00	0.00e+00	1.25e-30	7.81e-26	8.09e-22	2.53e-18	2.61e-15	1.17e-12	2.56e-10	3.65e-08	5.15e-06	1.72e-03	7.31e-02	9.25e-01
 5.30482e+22	0.00e+00	0.00e+00	0.00e+00	1.86e-30	1.12e-25	1.12e-21	3.37e-18	3.35e-15	1.44e-12	3.06e-10	4.20e-08	5.72e-06	1.84e-03	7.56e-02	9.23e-01
 5.38556e+22	0.00e+00	0.00e+00	0.00e+00	3.06e-30	1.76e-25	1.68e-21	4.84e-18	4.58e-15	1.89e-12	3.82e-10	5.02e-08	6.53e-06	2.01e-03	7.88e-02	9.19e-01
 5.46664e+22	0.00e+00	0.00e+00	0.00e+00	4.65e-30	2.58e-25	2.36e-21	6.56e-18	5.98e-15	2.37e-12	4.61e-10	5.83e-08	7.30e-06	2.16e-03	8.16e-02	9.16e-01
 5.53543e+22	0.00e+00	0.00e+00	0.00e+00	6.81e-30	3.65e-25	3.23e-21	8.66e-18	7.61e-15	2.91e-12	5.47e-10	6.68e-08	8.08e-06	2.31e-03	8.43e-02	9.13e-01
 5.61216e+22	0.00e+00	0.00e+00	0.00e+00	1.07e-29	5.51e-25	4.68e-21	1.20e-17	1.01e-14	3.71e-12	6.70e-10	7.86e-08	9.11e-06	2.50e-03	8.75e-02	9.10e-01
 5.69389e+22	0.00e+00	0.00e+00	0.00e+00	1.68e-29	8.27e-25	6.74e-21	1.66e-17	1.35e-14	4.73e-12	8.18e-10	9.22e-08	1.03e-05	2.70e-03	9.09e-02	9.06e-01
 5.76216e+22	0.00e+00	0.00e+00	0.00e+00	2.40e-29	1.15e-24	9.06e-21	2.16e-17	1.69e-14	5.75e-12	9.62e-10	1.05e-07	1.13e-05	2.88e-03	9.36e-02	9.03e-01
 5.82179e+22	0.00e+00	0.00e+00	0.00e+00	3.32e-29	1.54e-24	1.18e-20	2.73e-17	2.07e-14	6.83e-12	1.11e-09	1.18e-07	1.23e-05	3.04e-03	9.61e-02	9.01e-01
 5.89014e+22	0.00e+00	0.00e+00	0.00e+00	4.96e-29	2.22e-24	1.64e-20	3.66e-17	2.68e-14	8.49e-12	1.33e-09	1.36e-07	1.37e-05	3.26e-03	9.94e-02	8.97e-01
 5.96363e+22	0.00e+00	0.00e+00	0.00e+00	7.44e-29	3.21e-24	2.28e-20	4.91e-17	3.46e-14	1.06e-11	1.59e-09	1.57e-07	1.52e-05	3.50e-03	1.03e-01	8.94e-01
 6.03005e+22	0.00e+00	0.00e+00	3.67e-33	1.06e-28	4.44e-24	3.06e-20	6.36e-17	4.34e-14	1.28e-11	1.87e-09	1.78e-07	1.67e-05	3.73e-03	1.06e-01	8.90e-01
 6.10263e+22	0.00e+00	0.00e+00	5.95e-33	1.66e-28	6.66e-24	4.40e-20	8.78e-17	5.75e-14	1.63e-11	2.28e-09	2.09e-07	1.88e-05	4.03e-03	1.10e-01	8.86e-01
 6.17817e+22	0.00e+00	0.00e+00	9.13e-33	2.46e-28	9.53e-24	6.08e-20	1.17e-16	7.38e-14	2.02e-11	2.72e-09	2.40e-07	2.09e-05	4.31e-03	1.13e-01	8.82e-01
 6.24370e+22	0.00e+00	0.00e+00	1.35e-32	3.52e-28	1.32e-23	8.15e-20	1.52e-16	9.27e-14	2.45e-11	3.20e-09	2.73e-07	2.30e-05	4.59e-03	1.17e-01	8.79e-01
 6.31503e+22	0.00e+00	0.00e+00	2.12e-32	5.36e-28	1.94e-23	1.15e-19	2.06e-16	1.21e-13	3.07e-11	3.85e-09	3.17e-07	2.57e-05	4.93e-03	1.21e-01	8.74e-01
 6.39023e+22	0.00e+00	0.00e+00	3.28e-32	8.01e-28	2.79e-23	1.60e-19	2.76e-16	1.56e-13	3.82e-11	4.62e-09	3.66e-07	2.86e-05	5.29e-03	1.25e-01	8.70e-01
 6.45690e+22	0.00e+00	0.00e+00	4.88e-32	1.15e-27	3.89e-23	2.15e-19	3.60e-16	1.97e-13	4.65e-11	5.44e-09	4.17e-07	3.15e-05	5.63e-03	1.28e-01	8.66e-01
 6.52999e+22	0.00e+00	0.00e+00	7.79e-32	1.78e-27	5.77e-23	3.07e-19	4.92e-16	2.58e-13	5.87e-11	6.59e-09	4.86e-07	3.53e-05	6.06e-03	1.33e-01	8.61e-01
 6.60333e+22	0.00e+00	0.00e+00	1.18e-31	2.61e-27	8.18e-23	4.20e-19	6.51e-16	3.30e-13	7.22e-11	7.83e-09	5.57e-07	3.90e-05	6.48e-03	1.37e-01	8.57e-01
 6.66397e+22	0.00e+00	0.00e+00	1.70e-31	3.64e-27	1.11e-22	5.52e-19	8.30e-16	4.07e-13	8.65e-11	9.09e-09	6.27e-07	4.26e-05	6.86e-03	1.40e-01	8.53e-01
 6.72981e+22	0.00e+00	0.00e+00	2.58e-31	5.36e-27	1.58e-22	7.57e-19	1.10e-15	5.20e-13	1.07e-10	1.08e-08	7.20e-07	4.72e-05	7.33e-03	1.45e-01	8.48e-01
 6.80127e+22	0.00e+00	0.00e+00	3.94e-31	7.93e-27	2.25e-22	1.04e-18	1.46e-15	6.67e-13	1.32e-10	1.29e-08	8.27e-07	5.23e-05	7.84e-03	1.49e-01	8.43e-01
 6.86703e+22	0.00e+00	0.00e+00	5.78e-31	1.13e-26	3.11e-22	1.39e-18	1.89e-15	8.35e-13	1.60e-10	1.51e-08	9.38e-07	5.74e-05	8.32e-03	1.53e-01	8.38e-01
 6.93950e+22	0.00e+00	0.00e+00	9.22e-31	1.74e-26	4.60e-22	1.98e-18	2.58e-15	1.10e-12	2.01e-10	1.83e-08	1.09e-06	6.43e-05	8.96e-03	1.59e-01	8.32e-01
 7.01200e+22	0.00e+00	0.00e+00	1.40e-30	2.55e-26	6.53e-22	2.72e-18	3.41e-15	1.40e-12	2.48e-10	2.17e-08	1.25e-06	7.11e-05	9.56e-03	1.63e-01	8.27e-01
 7.07149e+22	0.00e+00	0.00e+00	1.99e-30	3.52e-26	8.77e-22	3.54e-18	4.32e-15	1.72e-12	2.95e-10	2.51e-08	1.41e-06	7.74e-05	1.01e-02	1.67e-01	8.22e-01
 7.13578e+22	0.00e+00	0.00e+00	3.02e-30	5.19e-26	1.25e-21	4.87e-18	5.73e-15	2.20e-12	3.64e-10	2.99e-08	1.61e-06	8.57e-05	1.08e-02	1.72e-01	8.17e-01
 7.20516e+22	0.00e+00	0.00e+00	4.53e-30	7.53e-26	1.75e-21	6.61e-18	7.52e-15	2.79e-12	4.46e-10	3.53e-08	1.84e-06	9.45e-05	1.15e-02	1.77e-01	8.11e-01
 7.26990e+22	0.00e+00	0.00e+00	6.65e-30	1.07e-25	2.42e-21	8.84e-18	9.73e-15	3.49e-12	5.40e-10	4.14e-08	2.09e-06	1.04e-04	1.22e-02	1.82e-01	8.06e-01
 7.34284e+22	0.00e+00	0.00e+00	1.06e-29	1.66e-25	3.60e-21	1.26e-17	1.33e-14	4.60e-12	6.83e-10	5.03e-08	2.44e-06	1.16e-04	1.31e-02	1.88e-01	7.99e-01
 7.41898e+22	0.00e+00	0.00e+00	1.69e-29	2.54e-25	5.31e-21	1.79e-17	1.82e-14	6.03e-12	8.62e-10	6.10e-08	2.84e-06	1.30e-04	1.41e-02	1.94e-01	7.92e-01
 7.48125e+22	0.00e+00	0.00e+00	2.41e-29	3.51e-25	7.14e-21	2.34e-17	2.31e-14	7.41e-12	1.03e-09	7.05e-08	3.18e-06	1.41e-04	1.49e-02	1.99e-01	7.86e-01
 7.54422e+22	0.00e+00	0.00e+00	3.65e-29	5.16e-25	1.01e-20	3.20e-17	3.05e-14	9.47e-12	1.27e-09	8.38e-08	3.65e-06	1.56e-04	1.59e-02	2.04e-01	7.80e-01
 7.61225e+22	0.00e+00	0.00e+00	5.45e-29	7.45e-25	1.42e-20	4.34e-17	4.00e-14	1.20e-11	1.55e-09	9.89e-08	4.16e-06	1.72e-04	1.69e-02	2.10e-01	7.73e-01
 7.67624e+22	0.00e+00	1.23e-33	8.05e-29	1.07e-24	1.97e-20	5.83e-17	5.19e-14	1.50e-11	1.88e-09	1.16e-07	4.73e-06	1.89e-04	1.79e-02	2.15e-01	7.67e-01
 7.74880e+22	0.00e+00	2.04e-33	1.30e-28	1.65e-24	2.94e-20	8.35e-17	7.15e-14	1.99e-11	2.39e-09	1.41e-07	5.52e-06	2.12e-04	1.93e-02	2.22e-01	7.58e-01
 7.82037e+22	0.00e+00	0.00e+00	1.98e-28	2.44e-24	4.20e-20	1.15e-16	9.49e-14	2.55e-11	2.95e-09	1.69e-07	6.34e-06	2.34e-04	2.05e-02	2.28e-01	7.51e-01
 7.87733e+22	0.00e+00	3.37e-33	2.02e-28	2.43e-24	5.63e-20	1.50e-16	1.20e-13	3.13e-11	3.52e-09	1.95e-07	7.11e-06	2.55e-04	2.17e-02	2.33e-01	7.45e-01
 7.93805e+22	0.00e+00	0.00e+00	3.05e-28	3.54e-24	7.96e-20	2.04e-16	1.58e-13	3.98e-11	4.32e-09	2.31e-07	8.13e-06	2.81e-04	2.31e-02	2.39e-01	7.37e-01
 8.00398e+22	0.00e+00	8.03e-33	4.54e-28	5.09e-24	1.11e-19	2.75e-16	2.06e-13	5.02e-11	5.26e-09	2.72e-07	9.25e-06	3.09e-04	2.45e-02	2.45e-01	7.30e-01
 8.06657e+22	0.00e+00	1.23e-32	6.75e-28	7.34e-24	1.55e-19	3.71e-16	2.69e-13	6.33e-11	6.42e-09	3.21e-07	1.05e-05	3.39e-04	2.60e-02	2.52e-01	7.22e-01
 8.12815e+22	0.00e+00	1.88e-32	1.00e-27	1.05e-23	2.15e-19	5.00e-16	3.50e-13	7.97e-11	7.82e-09	3.78e-07	1.20e-05	3.73e-04	2.75e-02	2.58e-01	7.14e-01
 8.18735e+22	0.00e+00	2.83e-32	1.47e-27	1.49e-23	2.96e-19	6.66e-16	4.52e-13	9.95e-11	9.46e-09	4.43e-07	1.35e-05	4.08e-04	2.91e-02	2.64e-01	7.07e-01
 8.24388e+22	0.00e+00	4.16e-32	2.10e-27	2.07e-23	3.99e-19	8.72e-16	5.74e-13	1.23e-10	1.13e-08	5.13e-07	1.52e-05	4.44e-04	3.07e-02	2.69e-01	7.00e-01
 8.30812e+22	0.00e+00	6.81e-32	3.31e-27	3.15e-23	5.86e-19	1.23e-15	7.80e-13	1.60e-10	1.42e-08	6.20e-07	1.76e-05	4.94e-04	3.29e-02	2.77e-01	6.90e-01
 8.37374e+22	0.00e+00	1.05e-31	4.95e-27	4.55e-23	8.19e-19	1.66e-15	1.02e-12	2.03e-10	1.74e-08	7.32e-07	2.01e-05	5.43e-04	3.48e-02	2.83e-01	6.82e-01
 8.43102e+22	0.00e+00	1.58e-31	7.25e-27	6.45e-23	1.13e-18	2.22e-15	1.32e-12	2.53e-10	2.10e-08	8.58e-07	2.27e-05	5.94e-04	3.68e-02	2.89e-01	6.73e-01
 8.49532e+22	0.00e+00	2.64e-31	1.16e-26	9.96e-23	1.67e-18	3.17e-15	1.80e-12	3.34e-10	2.67e-08	1.04e-06	2.65e-05	6.64e-04	3.95e-02	2.97e-01	6.63e-01
 8.56122e+22	0.00e+00	4.07e-31	1.74e-26	1.44e-22	2.34e-18	4.28e-15	2.36e-12	4.22e-10	3.26e-08	1.23e-06	3.01e-05	7.29e-04	4.18e-02	3.04e-01	6.54e-01
 8.61758e+22	0.00e+00	6.10e-31	2.53e-26	2.02e-22	3.20e-18	5.67e-15	3.03e-12	5.25e-10	3.93e-08	1.44e-06	3.40e-05	7.95e-04	4.41e-02	3.10e-01	6.45e-01
 8.67081e+22	0.00e+00	8.89e-31	3.59e-26	2.79e-22	4.29e-18	7.38e-15	3.83e-12	6.44e-10	4.68e-08	1.66e-06	3.81e-05	8.63e-04	4.64e-02	3.16e-01	6.37e-01
 8.73154e+22	0.00e+00	1.45e-30	5.65e-26	4.21e-22	6.26e-18	1.04e-14	5.18e-12	8.38e-10	5.87e-08	2.01e-06	4.40e-05	9.58e-04	4.95e-02	3.23e-01	6.27e-01
 8.79390e+22	0.00e+00	2.23e-30	8.43e-26	6.07e-22	8.74e-18	1.40e-14	6.76e-12	1.06e-09	7.17e-08	2.37e-06	5.01e-05	1.05e-03	5.23e-02	3.30e-01	6.17e-01
 8.84846e+22	0.00e+00	3.37e-30	1.23e-25	8.56e-22	1.20e-17	1.86e-14	8.70e-12	1.32e-09	8.67e-08	2.77e-06	5.66e-05	1.15e-03	5.52e-02	3.36e-01	6.08e-01
 8.90945e+22	0.00e+00	5.58e-30	1.96e-25	1.31e-21	1.77e-17	2.64e-14	1.19e-11	1.73e-09	1.09e-07	3.36e-06	6.57e-05	1.28e-03	5.89e-02	3.44e-01	5.96e-01
 8.97023e+22	0.00e+00	8.38e-30	2.86e-25	1.85e-21	2.42e-17	3.50e-14	1.53e-11	2.16e-09	1.32e-07	3.93e-06	7.41e-05	1.39e-03	6.20e-02	3.50e-01	5.87e-01
 9.02195e+22	0.00e+00	1.25e-29	4.15e-25	2.59e-21	3.30e-17	4.63e-14	1.96e-11	2.68e-09	1.59e-07	4.59e-06	8.35e-05	1.52e-03	6.53e-02	3.56e-01	5.77e-01
 9.07250e+22	0.00e+00	1.81e-29	5.83e-25	3.53e-21	4.38e-17	5.97e-14	2.45e-11	3.26e-09	1.88e-07	5.27e-06	9.30e-05	1.64e-03	6.84e-02	3.61e-01	5.68e-01
 9.13030e+22	0.00e+00	2.95e-29	9.16e-25	5.31e-21	6.38e-17	8.38e-14	3.31e-11	4.24e-09	2.36e-07	6.36e-06	1.07e-04	1.81e-03	7.27e-02	3.69e-01	5.57e-01
 9.18955e+22	0.00e+00	3.71e-29	1.11e-24	7.61e-21	8.86e-17	1.13e-13	4.31e-11	5.34e-09	2.88e-07	7.49e-06	1.22e-04	1.98e-03	7.66e-02	3.75e-01	5.46e-01
 9.24141e+22	0.00e+00	5.50e-29	1.60e-24	1.06e-20	1.20e-16	1.48e-13	5.49e-11	6.60e-09	3.45e-07	8.71e-06	1.37e-04	2.15e-03	8.05e-02	3.81e-01	5.36e-01
 9.29154e+22	0.00e+00	8.17e-29	2.31e-24	1.47e-20	1.63e-16	1.95e-13	6.99e-11	8.16e-09	4.14e-07	1.01e-05	1.54e-04	2.34e-03	8.44e-02	3.86e-01	5.27e-01
 9.34118e+22	0.00e+00	1.20e-28	3.28e-24	2.03e-20	2.18e-16	2.53e-13	8.83e-11	1.00e-08	4.94e-07	1.17e-05	1.72e-04	2.53e-03	8.84e-02	3.92e-01	5.17e-01
 9.39818e+22	0.00e+00	1.95e-28	5.14e-24	3.04e-20	3.16e-16	3.54e-13	1.19e-10	1.30e-08	6.17e-07	1.41e-05	1.98e-04	2.79e-03	9.37e-02	3.98e-01	5.05e-01
 9.45589e+22	0.00e+00	2.98e-28	7.61e-24	4.33e-20	4.37e-16	4.74e-13	1.54e-10	1.63e-08	7.51e-07	1.65e-05	2.24e-04	3.05e-03	9.86e-02	4.04e-01	4.94e-01
 9.50506e+22	0.00e+00	4.35e-28	1.08e-23	5.93e-20	5.84e-16	6.15e-13	1.94e-10	1.99e-08	8.93e-07	1.91e-05	2.50e-04	3.29e-03	1.03e-01	4.09e-01	4.84e-01
 9.55956e+22	0.00e+00	6.96e-28	1.67e-23	8.78e-20	8.37e-16	8.50e-13	2.59e-10	2.56e-08	1.11e-06	2.28e-05	2.86e-04	3.62e-03	1.09e-01	4.15e-01	4.72e-01
 9.61638e+22	0.00e+00	1.06e-27	2.46e-23	1.25e-19	1.16e-15	1.14e-12	3.36e-10	3.22e-08	1.35e-06	2.68e-05	3.23e-04	3.94e-03	1.14e-01	4.20e-01	4.61e-01
 9.66739e+22	0.00e+00	1.59e-27	3.57e-23	1.74e-19	1.57e-15	1.50e-12	4.29e-10	3.99e-08	1.62e-06	3.12e-05	3.63e-04	4.27e-03	1.20e-01	4.25e-01	4.51e-01
 9.71689e+22	0.00e+00	2.38e-27	5.16e-23	2.43e-19	2.13e-15	1.98e-12	5.48e-10	4.94e-08	1.95e-06	3.63e-05	4.07e-04	4.63e-03	1.25e-01	4.30e-01	4.40e-01
 9.77327e+22	0.00e+00	3.85e-27	8.05e-23	3.63e-19	3.09e-15	2.76e-12	7.36e-10	6.39e-08	2.43e-06	4.36e-05	4.68e-04	5.10e-03	1.32e-01	4.35e-01	4.27e-01
 9.83158e+22	0.00e+00	6.01e-27	1.21e-22	5.24e-19	4.33e-15	3.74e-12	9.65e-10	8.09e-08	2.98e-06	5.16e-05	5.31e-04	5.56e-03	1.39e-01	4.39e-01	4.16e-01
 9.88272e+22	0.00e+00	8.90e-27	1.74e-22	7.25e-19	5.84e-15	4.89e-12	1.23e-09	9.97e-08	3.56e-06	5.98e-05	5.94e-04	6.01e-03	1.45e-01	4.43e-01	4.05e-01
 9.93950e+22	0.00e+00	1.50e-26	2.80e-22	1.11e-18	8.66e-15	6.98e-12	1.68e-09	1.31e-07	4.52e-06	7.27e-05	6.88e-04	6.65e-03	1.53e-01	4.48e-01	3.91e-01
 9.99563e+22	0.00e+00	2.21e-26	4.01e-22	1.53e-18	1.17e-14	9.12e-12	2.13e-09	1.62e-07	5.40e-06	8.42e-05	7.69e-04	7.17e-03	1.60e-01	4.51e-01	3.81e-01
 1.00435e+23	0.00e+00	3.30e-26	5.79e-22	2.13e-18	1.58e-14	1.20e-11	2.72e-09	2.00e-07	6.48e-06	9.79e-05	8.61e-04	7.75e-03	1.67e-01	4.54e-01	3.71e-01
 1.00905e+23	0.00e+00	4.78e-26	8.14e-22	2.89e-18	2.09e-14	1.55e-11	3.41e-09	2.44e-07	7.68e-06	1.13e-04	9.56e-04	8.32e-03	1.73e-01	4.57e-01	3.61e-01
 1.01437e+23	0.00e+00	7.84e-26	1.28e-21	4.33e-18	3.04e-14	2.17e-11	4.60e-09	3.17e-07	9.63e-06	1.35e-04	1.10e-03	9.14e-03	1.82e-01	4.60e-01	3.48e-01
 1.01935e+23	0.00e+00	1.09e-25	1.73e-21	5.68e-18	3.91e-14	2.72e-11	5.62e-09	3.78e-07	1.12e-05	1.53e-04	1.21e-03	9.73e-03	1.88e-01	4.61e-01	3.39e-01
 1.02307e+23	0.00e+00	1.48e-25	2.29e-21	7.26e-18	4.91e-14	3.34e-11	6.75e-09	4.43e-07	1.29e-05	1.72e-04	1.31e-03	1.03e-02	1.94e-01	4.63e-01	3.31e-01
 1.02652e+23	0.00e+00	1.99e-25	3.00e-21	9.24e-18	6.13e-14	4.08e-11	8.08e-09	5.19e-07	1.47e-05	1.92e-04	1.43e-03	1.09e-02	2.00e-01	4.64e-01	3.24e-01
 1.03046e+23	0.00e+00	2.86e-25	4.18e-21	1.24e-17	8.06e-14	5.23e-11	1.01e-08	6.29e-07	1.74e-05	2.20e-04	1.58e-03	1.17e-02	2.07e-01	4.65e-01	3.14e-01
 1.03449e+23	0.00e+00	3.89e-25	5.53e-21	1.59e-17	1.02e-13	6.44e-11	1.21e-08	7.40e-07	2.00e-05	2.47e-04	1.72e-03	1.23e-02	2.13e-01	4.66e-01	3.06e-01
 1.03789e+23	0.00e+00	5.16e-25	7.15e-21	2.00e-17	1.26e-13	7.81e-11	1.44e-08	8.59e-07	2.28e-05	2.75e-04	1.86e-03	1.30e-02	2.19e-01	4.67e-01	2.99e-01
 1.04106e+23	0.00e+00	6.75e-25	9.14e-21	2.49e-17	1.54e-13	9.38e-11	1.69e-08	9.91e-07	2.57e-05	3.04e-04	2.01e-03	1.37e-02	2.25e-01	4.67e-01	2.92e-01
 1.04467e+23	0.00e+00	9.37e-25	1.23e-20	3.24e-17	1.97e-13	1.17e-10	2.06e-08	1.18e-06	2.99e-05	3.43e-04	2.20e-03	1.45e-02	2.31e-01	4.68e-01	2.84e-01
 1.04826e+23	0.00e+00	1.23e-24	1.57e-20	4.03e-17	2.41e-13	1.41e-10	2.43e-08	1.36e-06	3.38e-05	3.79e-04	2.37e-03	1.52e-02	2.37e-01	4.68e-01	2.77e-01
 1.05131e+23	0.00e+00	1.60e-24	2.00e-20	4.98e-17	2.93e-13	1.68e-10	2.85e-08	1.56e-06	3.81e-05	4.19e-04	2.55e-03	1.60e-02	2.43e-01	4.67e-01	2.71e-01
 1.05425e+23	0.00e+00	2.08e-24	2.54e-20	6.13e-17	3.56e-13	2.01e-10	3.34e-08	1.79e-06	4.30e-05	4.62e-04	2.74e-03	1.67e-02	2.49e-01	4.67e-01	2.64e-01
 1.05761e+23	0.00e+00	2.85e-24	3.38e-20	7.90e-17	4.51e-13	2.49e-10	4.04e-08	2.12e-06	4.96e-05	5.20e-04	2.99e-03	1.77e-02	2.56e-01	4.67e-01	2.56e-01
 1.06106e+23	0.00e+00	3.80e-24	4.38e-20	9.91e-17	5.58e-13	3.02e-10	4.81e-08	2.47e-06	5.66e-05	5.79e-04	3.23e-03	1.87e-02	2.62e-01	4.66e-01	2.49e-01
 1.06403e+23	0.00e+00	4.90e-24	5.51e-20	1.21e-16	6.75e-13	3.59e-10	5.60e-08	2.83e-06	6.36e-05	6.37e-04	3.46e-03	1.95e-02	2.68e-01	4.65e-01	2.43e-01
 1.06678e+23	0.00e+00	6.24e-24	6.86e-20	1.47e-16	8.07e-13	4.22e-10	6.49e-08	3.21e-06	7.10e-05	6.97e-04	3.70e-03	2.04e-02	2.74e-01	4.64e-01	2.37e-01
 1.06942e+23	0.00e+00	7.90e-24	8.49e-20	1.77e-16	9.61e-13	4.95e-10	7.48e-08	3.64e-06	7.91e-05	7.62e-04	3.95e-03	2.12e-02	2.79e-01	4.63e-01	2.32e-01
 1.07245e+23	0.00e+00	1.06e-23	1.11e-19	2.24e-16	1.20e-12	6.05e-10	8.96e-08	4.26e-06	9.07e-05	8.52e-04	4.29e-03	2.24e-02	2.86e-01	4.62e-01	2.25e-01
 1.07552e+23	0.00e+00	1.39e-23	1.41e-19	2.75e-16	1.46e-12	7.23e-10	1.05e-07	4.90e-06	1.02e-04	9.41e-04	4.61e-03	2.34e-02	2.92e-01	4.60e-01	2.19e-01
 1.07816e+23	0.00e+00	1.75e-23	1.74e-19	3.30e-16	1.73e-12	8.47e-10	1.21e-07	5.55e-06	1.14e-04	1.03e-03	4.92e-03	2.44e-02	2.98e-01	4.59e-01	2.13e-01
 1.08108e+23	0.00e+00	2.36e-23	2.27e-19	4.17e-16	2.16e-12	1.04e-09	1.45e-07	6.51e-06	1.31e-04	1.15e-03	5.33e-03	2.57e-02	3.05e-01	4.56e-01	2.06e-01
 1.08408e+23	0.00e+00	3.08e-23	2.88e-19	5.11e-16	2.62e-12	1.24e-09	1.70e-07	7.49e-06	1.48e-04	1.27e-03	5.73e-03	2.69e-02	3.11e-01	4.54e-01	2.00e-01
 1.08673e+23	0.00e+00	3.94e-23	3.58e-19	6.17e-16	3.13e-12	1.46e-09	1.97e-07	8.53e-06	1.66e-04	1.39e-03	6.13e-03	2.80e-02	3.17e-01	4.52e-01	1.95e-01
 1.08971e+23	0.00e+00	5.44e-23	4.77e-19	7.90e-16	3.97e-12	1.81e-09	2.40e-07	1.01e-05	1.92e-04	1.57e-03	6.70e-03	2.96e-02	3.25e-01	4.49e-01	1.88e-01
 1.09273e+23	0.00e+00	7.06e-23	6.02e-19	9.64e-16	4.79e-12	2.16e-09	2.81e-07	1.16e-05	2.17e-04	1.73e-03	7.19e-03	3.09e-02	3.31e-01	4.46e-01	1.82e-01
 1.09531e+23	0.00e+00	9.03e-23	7.49e-19	1.16e-15	5.73e-12	2.54e-09	3.26e-07	1.33e-05	2.43e-04	1.90e-03	7.69e-03	3.22e-02	3.37e-01	4.44e-01	1.77e-01
 1.09817e+23	0.00e+00	1.25e-22	9.97e-19	1.48e-15	7.25e-12	3.16e-09	3.97e-07	1.58e-05	2.82e-04	2.15e-03	8.40e-03	3.40e-02	3.45e-01	4.40e-01	1.70e-01
 1.10102e+23	0.00e+00	1.58e-22	1.23e-18	1.77e-15	8.62e-12	3.71e-09	4.59e-07	1.79e-05	3.15e-04	2.35e-03	8.97e-03	3.54e-02	3.51e-01	4.37e-01	1.65e-01
 1.10385e+23	0.00e+00	2.20e-22	1.64e-18	2.27e-15	1.09e-11	4.63e-09	5.61e-07	2.14e-05	3.68e-04	2.67e-03	9.81e-03	3.74e-02	3.59e-01	4.33e-01	1.58e-01
 1.10660e+23	0.00e+00	2.75e-22	2.00e-18	2.67e-15	1.28e-11	5.37e-09	6.42e-07	2.41e-05	4.07e-04	2.90e-03	1.04e-02	3.88e-02	3.64e-01	4.29e-01	1.54e-01
 1.10924e+23	0.00e+00	3.79e-22	2.64e-18	3.38e-15	1.61e-11	6.65e-09	7.81e-07	2.86e-05	4.74e-04	3.28e-03	1.14e-02	4.09e-02	3.72e-01	4.25e-01	1.47e-01
 1.11185e+23	0.00e+00	4.74e-22	3.22e-18	3.99e-15	1.90e-11	7.74e-09	8.97e-07	3.23e-05	5.26e-04	3.57e-03	1.21e-02	4.24e-02	3.78e-01	4.21e-01	1.43e-01
 1.11445e+23	0.00e+00	6.48e-22	4.22e-18	5.00e-15	2.37e-11	9.54e-09	1.09e-06	3.83e-05	6.10e-04	4.02e-03	1.32e-02	4.46e-02	3.85e-01	4.16e-01	1.37e-01
 1.11709e+23	0.00e+00	8.22e-22	5.20e-18	5.95e-15	2.82e-11	1.12e-08	1.26e-06	4.36e-05	6.82e-04	4.40e-03	1.41e-02	4.63e-02	3.91e-01	4.12e-01	1.32e-01
 1.11978e+23	0.00e+00	1.14e-21	6.91e-18	7.53e-15	3.56e-11	1.40e-08	1.54e-06	5.22e-05	7.98e-04	5.00e-03	1.54e-02	4.88e-02	3.98e-01	4.06e-01	1.26e-01
 1.12248e+23	0.00e+00	1.45e-21	8.51e-18	8.94e-15	4.23e-11	1.65e-08	1.79e-06	5.95e-05	8.93e-04	5.47e-03	1.64e-02	5.07e-02	4.04e-01	4.01e-01	1.21e-01
 1.12519e+23	0.00e+00	2.01e-21	1.12e-17	1.12e-14	5.33e-11	2.05e-08	2.19e-06	7.10e-05	1.04e-03	6.19e-03	1.79e-02	5.33e-02	4.11e-01	3.95e-01	1.15e-01
 1.12788e+23	0.00e+00	2.56e-21	1.39e-17	1.34e-14	6.34e-11	2.42e-08	2.55e-06	8.12e-05	1.17e-03	6.80e-03	1.92e-02	5.54e-02	4.17e-01	3.90e-01	1.11e-01
 1.13055e+23	0.00e+00	3.52e-21	1.82e-17	1.67e-14	7.95e-11	3.00e-08	3.12e-06	9.69e-05	1.36e-03	7.69e-03	2.09e-02	5.82e-02	4.23e-01	3.83e-01	1.06e-01
 1.13326e+23	0.00e+00	4.54e-21	2.26e-17	1.99e-14	9.53e-11	3.57e-08	3.66e-06	1.12e-04	1.54e-03	8.47e-03	2.24e-02	6.05e-02	4.29e-01	3.77e-01	1.01e-01
 1.13604e+23	0.00e+00	6.33e-21	3.00e-17	2.50e-14	1.21e-10	4.47e-08	4.51e-06	1.34e-04	1.80e-03	9.62e-03	2.45e-02	6.36e-02	4.36e-01	3.69e-01	9.56e-02
 1.13884e+23	0.00e+00	8.16e-21	3.73e-17	2.97e-14	1.45e-10	5.32e-08	5.30e-06	1.55e-04	2.04e-03	1.06e-02	2.62e-02	6.61e-02	4.40e-01	3.63e-01	9.14e-02
 1.14166e+23	0.00e+00	1.14e-20	4.93e-17	3.72e-14	1.83e-10	6.68e-08	6.55e-06	1.86e-04	2.39e-03	1.20e-02	2.87e-02	6.94e-02	4.47e-01	3.55e-01	8.61e-02
 1.14449e+23	2.20e-34	1.47e-20	6.11e-17	4.42e-14	2.19e-10	7.96e-08	7.71e-06	2.15e-04	2.70e-03	1.33e-02	3.07e-02	7.20e-02	4.51e-01	3.48e-01	8.21e-02
 1.14695e+23	2.98e-34	1.87e-20	7.51e-17	5.20e-14	2.61e-10	9.42e-08	9.02e-06	2.47e-04	3.04e-03	1.46e-02	3.28e-02	7.47e-02	4.55e-01	3.41e-01	7.83e-02
 1.14973e+23	4.42e-34	2.57e-20	9.81e-17	6.42e-14	3.27e-10	1.17e-07	1.11e-05	2.96e-04	3.55e-03	1.65e-02	3.57e-02	7.82e-02	4.60e-01	3.32e-01	7.35e-02
 1.15249e+23	5.87e-34	3.23e-20	1.19e-16	7.47e-14	3.85e-10	1.38e-07	1.28e-05	3.37e-04	3.95e-03	1.80e-02	3.80e-02	8.07e-02	4.63e-01	3.26e-01	7.02e-02
 1.15522e+23	8.49e-34	4.35e-20	1.52e-16	9.08e-14	4.75e-10	1.69e-07	1.56e-05	3.99e-04	4.56e-03	2.01e-02	4.10e-02	8.41e-02	4.67e-01	3.17e-01	6.60e-02
 1.15804e+23	1.15e-33	5.53e-20	1.86e-16	1.06e-13	5.64e-10	2.00e-07	1.82e-05	4.58e-04	5.12e-03	2.20e-02	4.37e-02	8.69e-02	4.70e-01	3.09e-01	6.26e-02
 1.16096e+23	1.67e-33	7.50e-20	2.40e-16	1.29e-13	7.00e-10	2.47e-07	2.22e-05	5.44e-04	5.93e-03	2.47e-02	4.73e-02	9.05e-02	4.73e-01	3.00e-01	5.85e-02
 1.16393e+23	2.25e-33	9.52e-20	2.93e-16	1.51e-13	8.30e-10	2.92e-07	2.59e-05	6.24e-04	6.64e-03	2.70e-02	5.03e-02	9.34e-02	4.74e-01	2.92e-01	5.54e-02
 1.16698e+23	3.27e-33	1.29e-19	3.77e-16	1.84e-13	1.03e-09	3.61e-07	3.16e-05	7.42e-04	7.68e-03	3.03e-02	5.44e-02	9.70e-02	4.76e-01	2.82e-01	5.15e-02
 1.17008e+23	4.39e-33	1.63e-19	4.59e-16	2.14e-13	1.22e-09	4.26e-07	3.69e-05	8.49e-04	8.59e-03	3.30e-02	5.77e-02	9.99e-02	4.77e-01	2.74e-01	4.86e-02
 1.17328e+23	6.37e-33	2.21e-19	5.89e-16	2.60e-13	1.51e-09	5.25e-07	4.49e-05	1.01e-03	9.91e-03	3.69e-02	6.21e-02	1.04e-01	4.77e-01	2.64e-01	4.51e-02
 1.17653e+23	8.50e-33	2.79e-19	7.16e-16	3.02e-13	1.78e-09	6.18e-07	5.23e-05	1.15e-03	1.11e-02	4.01e-02	6.58e-02	1.06e-01	4.77e-01	2.56e-01	4.24e-02
 1.17984e+23	1.23e-32	3.76e-19	9.15e-16	3.65e-13	2.20e-09	7.60e-07	6.34e-05	1.36e-03	1.27e-02	4.47e-02	7.06e-02	1.10e-01	4.76e-01	2.46e-01	3.91e-02
 1.18318e+23	1.62e-32	4.71e-19	1.10e-15	4.22e-13	2.58e-09	8.89e-07	7.34e-05	1.55e-03	1.41e-02	4.84e-02	7.44e-02	1.13e-01	4.74e-01	2.38e-01	3.68e-02
 1.18655e+23	2.31e-32	6.28e-19	1.40e-15	5.07e-13	3.16e-09	1.09e-06	8.84e-05	1.82e-03	1.61e-02	5.35e-02	7.96e-02	1.16e-01	4.72e-01	2.27e-01	3.39e-02
 1.18981e+23	2.94e-32	7.64e-19	1.65e-15	5.76e-13	3.63e-09	1.24e-06	1.00e-04	2.03e-03	1.76e-02	5.72e-02	8.31e-02	1.18e-01	4.69e-01	2.20e-01	3.20e-02
 1.19293e+23	4.03e-32	9.87e-19	2.04e-15	6.77e-13	4.34e-09	1.48e-06	1.18e-04	2.34e-03	1.97e-02	6.24e-02	8.79e-02	1.21e-01	4.66e-01	2.11e-01	2.96e-02
 1.19614e+23	5.15e-32	1.21e-18	2.41e-15	7.71e-13	4.99e-09	1.70e-06	1.34e-04	2.61e-03	2.16e-02	6.67e-02	9.17e-02	1.23e-01	4.62e-01	2.04e-01	2.78e-02
 1.19944e+23	7.10e-32	1.57e-18	2.99e-15	9.09e-13	5.98e-09	2.03e-06	1.58e-04	3.02e-03	2.42e-02	7.28e-02	9.69e-02	1.26e-01	4.57e-01	1.94e-01	2.56e-02
 1.20279e+23	9.03e-32	1.91e-18	3.53e-15	1.03e-12	6.85e-09	2.31e-06	1.79e-04	3.36e-03	2.63e-02	7.75e-02	1.01e-01	1.28e-01	4.53e-01	1.87e-01	2.40e-02
 1.20620e+23	1.23e-31	2.46e-18	4.36e-15	1.22e-12	8.17e-09	2.74e-06	2.09e-04	3.85e-03	2.94e-02	8.40e-02	1.06e-01	1.30e-01	4.47e-01	1.78e-01	2.21e-02
 1.20957e+23	1.56e-31	2.98e-18	5.11e-15	1.38e-12	9.30e-09	3.11e-06	2.35e-04	4.26e-03	3.18e-02	8.91e-02	1.10e-01	1.31e-01	4.41e-01	1.72e-01	2.07e-02
 1.21292e+23	2.10e-31	3.81e-18	6.26e-15	1.61e-12	1.10e-08	3.66e-06	2.74e-04	4.86e-03	3.53e-02	9.61e-02	1.15e-01	1.33e-01	4.34e-01	1.63e-01	1.90e-02
 1.21629e+23	2.63e-31	4.59e-18	7.31e-15	1.82e-12	1.24e-08	4.13e-06	3.06e-04	5.35e-03	3.80e-02	1.01e-01	1.18e-01	1.34e-01	4.28e-01	1.57e-01	1.78e-02
 1.21971e+23	3.53e-31	5.85e-18	8.94e-15	2.12e-12	1.46e-08	4.84e-06	3.54e-04	6.07e-03	4.20e-02	1.09e-01	1.23e-01	1.36e-01	4.19e-01	1.48e-01	1.62e-02
 1.22320e+23	4.43e-31	7.05e-18	1.05e-14	2.40e-12	1.66e-08	5.46e-06	3.95e-04	6.67e-03	4.52e-02	1.15e-01	1.27e-01	1.37e-01	4.12e-01	1.42e-01	1.51e-02
 1.22677e+23	5.97e-31	9.01e-18	1.28e-14	2.80e-12	1.94e-08	6.38e-06	4.57e-04	7.56e-03	4.98e-02	1.23e-01	1.32e-01	1.38e-01	4.03e-01	1.34e-01	1.38e-02
 1.23041e+23	7.51e-31	1.09e-17	1.51e-14	3.18e-12	2.20e-08	7.19e-06	5.10e-04	8.30e-03	5.35e-02	1.29e-01	1.35e-01	1.38e-01	3.95e-01	1.27e-01	1.28e-02
 1.23413e+23	1.01e-30	1.40e-17	1.85e-14	3.73e-12	2.58e-08	8.39e-06	5.88e-04	9.38e-03	5.87e-02	1.38e-01	1.40e-01	1.38e-01	3.84e-01	1.20e-01	1.16e-02
 1.23792e+23	6.30e-31	1.69e-17	2.18e-14	4.24e-12	2.93e-08	9.46e-06	6.56e-04	1.03e-02	6.30e-02	1.45e-01	1.44e-01	1.39e-01	3.75e-01	1.14e-01	1.07e-02
 1.24181e+23	8.53e-31	2.18e-17	2.69e-14	4.99e-12	3.43e-08	1.10e-05	7.54e-04	1.16e-02	6.89e-02	1.54e-01	1.48e-01	1.38e-01	3.63e-01	1.06e-01	9.62e-03
 1.24560e+23	1.05e-30	2.59e-17	3.13e-14	5.63e-12	3.84e-08	1.23e-05	8.31e-04	1.26e-02	7.32e-02	1.60e-01	1.51e-01	1.38e-01	3.55e-01	1.01e-01	8.95e-03
 1.24928e+23	1.40e-30	3.28e-17	3.80e-14	6.54e-12	4.44e-08	1.41e-05	9.45e-04	1.41e-02	7.94e-02	1.69e-01	1.54e-01	1.38e-01	3.43e-01	9.42e-02	8.06e-03
 1.25302e+23	1.73e-30	3.92e-17	4.42e-14	7.39e-12	4.98e-08	1.57e-05	1.04e-03	1.52e-02	8.41e-02	1.75e-01	1.57e-01	1.37e-01	3.34e-01	8.95e-02	7.47e-03
 1.25684e+23	2.28e-30	4.94e-17	5.38e-14	8.62e-12	5.74e-08	1.80e-05	1.18e-03	1.69e-02	9.08e-02	1.84e-01	1.60e-01	1.36e-01	3.22e-01	8.33e-02	6.72e-03
 1.26078e+23	2.86e-30	5.98e-17	6.33e-14	9.80e-12	6.46e-08	2.01e-05	1.30e-03	1.84e-02	9.65e-02	1.91e-01	1.62e-01	1.35e-01	3.12e-01	7.84e-02	6.15e-03
 1.26487e+23	3.80e-30	7.59e-17	7.76e-14	1.15e-11	7.49e-08	2.31e-05	1.47e-03	2.04e-02	1.04e-01	2.00e-01	1.65e-01	1.33e-01	2.99e-01	7.26e-02	5.50e-03
 1.26910e+23	4.84e-30	9.30e-17	9.22e-14	1.32e-11	8.47e-08	2.59e-05	1.63e-03	2.22e-02	1.10e-01	2.07e-01	1.66e-01	1.31e-01	2.88e-01	6.79e-02	5.00e-03
 1.27350e+23	6.52e-30	1.19e-16	1.14e-13	1.57e-11	9.86e-08	2.98e-05	1.85e-03	2.46e-02	1.19e-01	2.17e-01	1.68e-01	1.29e-01	2.74e-01	6.24e-02	4.42e-03
 1.27803e+23	8.37e-30	1.47e-16	1.37e-13	1.81e-11	1.12e-07	3.35e-05	2.05e-03	2.68e-02	1.26e-01	2.24e-01	1.70e-01	1.27e-01	2.63e-01	5.79e-02	3.99e-03
 1.28271e+23	1.14e-29	1.91e-16	1.71e-13	2.16e-11	1.31e-07	3.87e-05	2.33e-03	2.98e-02	1.35e-01	2.33e-01	1.71e-01	1.24e-01	2.49e-01	5.28e-02	3.50e-03
 1.28755e+23	1.48e-29	2.37e-16	2.06e-13	2.51e-11	1.49e-07	4.37e-05	2.59e-03	3.24e-02	1.43e-01	2.41e-01	1.71e-01	1.21e-01	2.37e-01	4.87e-02	3.12e-03
 1.29260e+23	2.05e-29	3.12e-16	2.61e-13	3.04e-11	1.76e-07	5.06e-05	2.95e-03	3.60e-02	1.54e-01	2.49e-01	1.71e-01	1.17e-01	2.23e-01	4.39e-02	2.70e-03
 1.29777e+23	2.68e-29	3.91e-16	3.17e-13	3.55e-11	2.01e-07	5.72e-05	3.28e-03	3.92e-02	1.63e-01	2.56e-01	1.71e-01	1.14e-01	2.11e-01	4.01e-02	2.39e-03
 1.30241e+23	3.47e-29	4.86e-16	3.83e-13	4.14e-11	2.29e-07	6.43e-05	3.63e-03	4.25e-02	1.71e-01	2.63e-01	1.70e-01	1.11e-01	2.00e-01	3.68e-02	2.13e-03
 1.30773e+23	4.89e-29	6.46e-16	4.88e-13	5.02e-11	2.69e-07	7.46e-05	4.13e-03	4.71e-02	1.83e-01	2.71e-01	1.69e-01	1.07e-01	1.85e-01	3.27e-02	1.80e-03
 1.31309e+23	6.31e-29	8.02e-16	5.90e-13	5.86e-11	3.06e-07	8.36e-05	4.55e-03	5.09e-02	1.92e-01	2.76e-01	1.68e-01	1.03e-01	1.74e-01	2.98e-02	1.60e-03
 1.31850e+23	8.83e-29	1.06e-15	7.51e-13	7.10e-11	3.59e-07	9.65e-05	5.15e-03	5.61e-02	2.04e-01	2.83e-01	1.65e-01	9.86e-02	1.61e-01	2.63e-02	1.35e-03
 1.32402e+23	1.16e-28	1.33e-15	9.13e-13	8.30e-11	4.08e-07	1.08e-04	5.68e-03	6.06e-02	2.13e-01	2.87e-01	1.63e-01	9.48e-02	1.50e-01	2.38e-02	1.18e-03
 1.32970e+23	1.63e-28	1.78e-15	1.17e-12	1.01e-10	4.79e-07	1.25e-04	6.43e-03	6.67e-02	2.25e-01	2.93e-01	1.60e-01	8.98e-02	1.37e-01	2.08e-02	9.82e-04
 1.33546e+23	2.15e-28	2.25e-15	1.43e-12	1.18e-10	5.44e-07	1.40e-04	7.08e-03	7.19e-02	2.35e-01	2.96e-01	1.57e-01	8.58e-02	1.27e-01	1.86e-02	8.46e-04
 1.34134e+23	3.05e-28	3.03e-15	1.84e-12	1.44e-10	6.38e-07	1.61e-04	8.01e-03	7.90e-02	2.48e-01	3.00e-01	1.52e-01	8.06e-02	1.15e-01	1.60e-02	6.95e-04
 1.34690e+23	3.85e-28	3.70e-15	2.18e-12	1.65e-10	7.10e-07	1.78e-04	8.67e-03	8.40e-02	2.56e-01	3.02e-01	1.49e-01	7.72e-02	1.08e-01	1.45e-02	6.09e-04
 1.35204e+23	5.22e-28	4.80e-15	2.71e-12	1.96e-10	8.09e-07	2.00e-04	9.61e-03	9.10e-02	2.67e-01	3.04e-01	1.44e-01	7.28e-02	9.79e-02	1.26e-02	5.08e-04
 1.35722e+23	6.57e-28	5.86e-15	3.22e-12	2.24e-10	9.00e-07	2.19e-04	1.04e-02	9.65e-02	2.75e-01	3.04e-01	1.41e-01	6.94e-02	9.11e-02	1.13e-02	4.43e-04
 1.36245e+23	8.94e-28	7.64e-15	4.01e-12	2.65e-10	1.02e-06	2.46e-04	1.15e-02	1.04e-01	2.86e-01	3.05e-01	1.36e-01	6.50e-02	8.22e-02	9.79e-03	3.66e-04
 1.36774e+23	1.13e-27	9.38e-15	4.76e-12	3.03e-10	1.13e-06	2.70e-04	1.24e-02	1.11e-01	2.94e-01	3.04e-01	1.32e-01	6.17e-02	7.59e-02	8.73e-03	3.15e-04
 1.37308e+23	1.54e-27	1.23e-14	5.95e-12	3.58e-10	1.28e-06	3.02e-04	1.37e-02	1.19e-01	3.04e-01	3.03e-01	1.26e-01	5.74e-02	6.81e-02	7.47e-03	2.57e-04
 1.37850e+23	1.95e-27	1.52e-14	7.09e-12	4.11e-10	1.42e-06	3.31e-04	1.48e-02	1.26e-01	3.12e-01	3.02e-01	1.22e-01	5.42e-02	6.24e-02	6.61e-03	2.20e-04
 1.38402e+23	2.67e-27	2.01e-14	8.92e-12	4.88e-10	1.61e-06	3.70e-04	1.63e-02	1.36e-01	3.22e-01	2.99e-01	1.16e-01	5.00e-02	5.54e-02	5.58e-03	1.77e-04
 1.38962e+23	3.39e-27	2.50e-14	1.07e-11	5.60e-10	1.78e-06	4.05e-04	1.75e-02	1.44e-01	3.29e-01	2.96e-01	1.11e-01	4.70e-02	5.04e-02	4.89e-03	1.49e-04
 1.39531e+23	4.64e-27	3.35e-14	1.35e-11	6.69e-10	2.02e-06	4.53e-04	1.93e-02	1.55e-01	3.38e-01	2.91e-01	1.05e-01	4.31e-02	4.43e-02	4.08e-03	1.18e-04
 1.40113e+23	5.97e-27	4.23e-14	1.64e-11	7.73e-10	2.24e-06	4.96e-04	2.09e-02	1.64e-01	3.45e-01	2.87e-01	9.97e-02	4.01e-02	3.99e-02	3.52e-03	9.80e-05
 1.40711e+23	8.24e-27	5.76e-14	2.09e-11	9.32e-10	2.55e-06	5.56e-04	2.30e-02	1.77e-01	3.53e-01	2.80e-01	9.30e-02	3.64e-02	3.46e-02	2.89e-03	7.62e-05
 1.41321e+23	1.07e-26	7.38e-14	2.56e-11	1.08e-09	2.83e-06	6.10e-04	2.49e-02	1.87e-01	3.58e-01	2.74e-01	8.78e-02	3.36e-02	3.08e-02	2.46e-03	6.20e-05
 1.41925e+23	1.46e-26	1.00e-13	3.27e-11	1.31e-09	3.22e-06	6.82e-04	2.73e-02	2.01e-01	3.65e-01	2.66e-01	8.14e-02	3.03e-02	2.65e-02	2.01e-03	4.79e-05
 1.42499e+23	1.83e-26	1.26e-13	3.92e-11	1.50e-09	3.55e-06	7.41e-04	2.92e-02	2.11e-01	3.69e-01	2.60e-01	7.69e-02	2.81e-02	2.38e-02	1.73e-03	3.97e-05
 1.43055e+23	2.44e-26	1.69e-13	4.97e-11	1.80e-09	4.01e-06	8.23e-04	3.19e-02	2.25e-01	3.73e-01	2.51e-01	7.10e-02	2.54e-02	2.05e-02	1.42e-03	3.08e-05
 1.43621e+23	3.09e-26	2.15e-13	6.02e-11	2.08e-09	4.44e-06	8.97e-04	3.42e-02	2.36e-01	3.76e-01	2.44e-01	6.65e-02	2.34e-02	1.82e-02	1.20e-03	2.51e-05
 1.44176e+23	4.06e-26	2.87e-13	7.59e-11	2.49e-09	5.03e-06	9.94e-04	3.71e-02	2.51e-01	3.78e-01	2.34e-01	6.12e-02	2.11e-02	1.57e-02	9.86e-04	1.95e-05
 1.44742e+23	5.14e-26	3.71e-13	9.32e-11	2.92e-09	5.62e-06	1.09e-03	3.99e-02	2.64e-01	3.79e-01	2.25e-01	5.68e-02	1.93e-02	1.38e-02	8.26e-04	1.56e-05
 1.45294e+23	6.61e-26	4.93e-13	1.17e-10	3.49e-09	6.36e-06	1.20e-03	4.31e-02	2.78e-01	3.80e-01	2.16e-01	5.21e-02	1.74e-02	1.19e-02	6.78e-04	1.22e-05
 1.45857e+23	8.41e-26	6.47e-13	1.45e-10	4.15e-09	7.18e-06	1.32e-03	4.64e-02	2.93e-01	3.79e-01	2.06e-01	4.79e-02	1.57e-02	1.03e-02	5.61e-04	9.64e-06
 1.46415e+23	1.07e-25	8.58e-13	1.82e-10	4.97e-09	8.16e-06	1.46e-03	5.01e-02	3.08e-01	3.78e-01	1.96e-01	4.37e-02	1.41e-02	8.88e-03	4.59e-04	7.52e-06
 1.46976e+23	1.37e-25	1.13e-12	2.28e-10	5.96e-09	9.28e-06	1.62e-03	5.39e-02	3.23e-01	3.75e-01	1.86e-01	3.99e-02	1.27e-02	7.64e-03	3.77e-04	5.88e-06
 1.47531e+23	1.73e-25	1.50e-12	2.86e-10	7.16e-09	1.06e-05	1.79e-03	5.80e-02	3.38e-01	3.72e-01	1.76e-01	3.62e-02	1.14e-02	6.57e-03	3.08e-04	4.59e-06
 1.48085e+23	2.19e-25	1.98e-12	3.59e-10	8.62e-09	1.21e-05	1.98e-03	6.23e-02	3.53e-01	3.68e-01	1.66e-01	3.29e-02	1.02e-02	5.63e-03	2.52e-04	3.57e-06
 1.48640e+23	2.78e-25	2.61e-12	4.51e-10	1.04e-08	1.39e-05	2.19e-03	6.69e-02	3.68e-01	3.63e-01	1.56e-01	2.97e-02	9.13e-03	4.81e-03	2.05e-04	2.77e-06
 1.49197e+23	3.52e-25	3.46e-12	5.68e-10	1.26e-08	1.59e-05	2.43e-03	7.19e-02	3.83e-01	3.57e-01	1.47e-01	2.68e-02	8.14e-03	4.10e-03	1.67e-04	2.15e-06
 1.49758e+23	4.47e-25	4.58e-12	7.15e-10	1.53e-08	1.83e-05	2.70e-03	7.71e-02	3.98e-01	3.50e-01	1.37e-01	2.41e-02	7.24e-03	3.49e-03	1.35e-04	1.66e-06
 1.50323e+23	5.68e-25	6.06e-12	9.03e-10	1.86e-08	2.12e-05	2.99e-03	8.27e-02	4.13e-01	3.42e-01	1.28e-01	2.16e-02	6.41e-03	2.95e-03	1.09e-04	1.27e-06
 1.50896e+23	7.26e-25	8.04e-12	1.14e-09	2.28e-08	2.45e-05	3.33e-03	8.86e-02	4.28e-01	3.34e-01	1.19e-01	1.93e-02	5.67e-03	2.49e-03	8.75e-05	9.76e-07
 1.51472e+23	9.28e-25	1.06e-11	1.44e-09	2.78e-08	2.84e-05	3.69e-03	9.48e-02	4.42e-01	3.25e-01	1.10e-01	1.72e-02	5.00e-03	2.10e-03	7.03e-05	7.48e-07
 1.52057e+23	1.20e-24	1.41e-11	1.83e-09	3.41e-08	3.30e-05	4.11e-03	1.01e-01	4.56e-01	3.15e-01	1.02e-01	1.52e-02	4.39e-03	1.76e-03	5.60e-05	5.67e-07
 1.52650e+23	1.57e-24	1.86e-11	2.31e-09	4.17e-08	3.83e-05	4.56e-03	1.08e-01	4.69e-01	3.05e-01	9.38e-02	1.35e-02	3.85e-03	1.48e-03	4.47e-05	4.31e-07
 1.53253e+23	2.06e-24	2.48e-11	2.95e-09	5.16e-08	4.48e-05	5.09e-03	1.16e-01	4.82e-01	2.94e-01	8.60e-02	1.19e-02	3.36e-03	1.23e-03	3.53e-05	3.23e-07
 1.53815e+23	2.57e-24	3.12e-11	3.59e-09	6.12e-08	5.08e-05	5.55e-03	1.22e-01	4.92e-01	2.85e-01	8.01e-02	1.07e-02	3.00e-03	1.05e-03	2.91e-05	2.56e-07
 1.54394e+23	3.43e-24	4.18e-11	4.62e-09	7.63e-08	5.97e-05	6.20e-03	1.31e-01	5.04e-01	2.73e-01	7.28e-02	9.33e-03	2.58e-03	8.66e-04	2.26e-05	1.89e-07
 1.54983e+23	4.34e-24	5.26e-11	5.63e-09	9.07e-08	6.78e-05	6.77e-03	1.38e-01	5.13e-01	2.64e-01	6.75e-02	8.37e-03	2.30e-03	7.40e-04	1.86e-05	1.48e-07
 1.55585e+23	5.89e-24	7.07e-11	7.27e-09	1.14e-07	8.01e-05	7.58e-03	1.47e-01	5.24e-01	2.51e-01	6.10e-02	7.23e-03	1.96e-03	6.01e-04	1.43e-05	0.00e+00
 1.56191e+23	7.47e-24	8.80e-11	8.80e-09	1.35e-07	9.07e-05	8.24e-03	1.54e-01	5.31e-01	2.42e-01	5.65e-02	6.49e-03	1.74e-03	5.14e-04	1.17e-05	0.00e+00
 1.56800e+23	1.02e-23	1.17e-10	1.13e-08	1.68e-07	1.07e-04	9.20e-03	1.64e-01	5.39e-01	2.29e-01	5.09e-02	5.61e-03	1.49e-03	4.18e-04	9.01e-06	0.00e+00
 1.57412e+23	1.30e-23	1.45e-10	1.37e-08	1.99e-07	1.21e-04	9.99e-03	1.72e-01	5.45e-01	2.20e-01	4.70e-02	5.01e-03	1.32e-03	3.56e-04	7.37e-06	0.00e+00
 1.58029e+23	1.78e-23	1.92e-10	1.75e-08	2.48e-07	1.42e-04	1.11e-02	1.82e-01	5.51e-01	2.08e-01	4.22e-02	4.32e-03	1.12e-03	2.89e-04	5.66e-06	0.00e+00
 1.58652e+23	2.28e-23	2.38e-10	2.11e-08	2.93e-07	1.60e-04	1.20e-02	1.90e-01	5.55e-01	1.99e-01	3.89e-02	3.86e-03	9.91e-04	2.46e-04	4.62e-06	0.00e+00
 1.59282e+23	3.13e-23	3.12e-10	2.69e-08	3.65e-07	1.88e-04	1.34e-02	2.01e-01	5.59e-01	1.87e-01	3.49e-02	3.32e-03	8.41e-04	1.99e-04	3.54e-06	0.00e+00
 1.59919e+23	4.01e-23	3.85e-10	3.24e-08	4.32e-07	2.13e-04	1.45e-02	2.10e-01	5.61e-01	1.78e-01	3.20e-02	2.96e-03	7.40e-04	1.68e-04	2.87e-06	0.00e+00
 1.60567e+23	5.53e-23	5.03e-10	4.13e-08	5.37e-07	2.49e-04	1.61e-02	2.21e-01	5.63e-01	1.67e-01	2.86e-02	2.53e-03	6.25e-04	1.35e-04	2.19e-06	0.00e+00
 1.61226e+23	7.14e-23	6.21e-10	4.99e-08	6.37e-07	2.82e-04	1.74e-02	2.30e-01	5.64e-01	1.59e-01	2.62e-02	2.25e-03	5.47e-04	1.14e-04	1.77e-06	0.00e+00
 1.61899e+23	9.91e-23	8.12e-10	6.36e-08	7.94e-07	3.31e-04	1.93e-02	2.43e-01	5.64e-01	1.48e-01	2.33e-02	1.92e-03	4.60e-04	9.13e-05	1.33e-06	0.00e+00
 1.62586e+23	1.29e-22	1.00e-09	7.71e-08	9.45e-07	3.76e-04	2.09e-02	2.52e-01	5.63e-01	1.40e-01	2.12e-02	1.69e-03	4.00e-04	7.65e-05	1.07e-06	0.00e+00
 1.63293e+23	1.80e-22	1.32e-09	9.89e-08	1.19e-06	4.43e-04	2.32e-02	2.65e-01	5.61e-01	1.30e-01	1.88e-02	1.43e-03	3.34e-04	6.06e-05	7.99e-07	0.00e+00
 1.64016e+23	2.36e-22	1.63e-09	1.20e-07	1.42e-06	5.03e-04	2.51e-02	2.75e-01	5.58e-01	1.22e-01	1.70e-02	1.26e-03	2.89e-04	5.04e-05	6.34e-07	0.00e+00
 1.64625e+23	2.98e-22	1.97e-09	1.43e-07	1.66e-06	5.63e-04	2.69e-02	2.84e-01	5.55e-01	1.16e-01	1.56e-02	1.12e-03	2.54e-04	4.28e-05	5.17e-07	0.00e+00
 1.65280e+23	4.02e-22	2.50e-09	1.78e-07	2.03e-06	6.51e-04	2.95e-02	2.96e-01	5.51e-01	1.08e-01	1.40e-02	9.63e-04	2.15e-04	3.46e-05	3.97e-07	0.00e+00
 1.65945e+23	5.09e-22	3.01e-09	2.12e-07	2.37e-06	7.29e-04	3.16e-02	3.06e-01	5.46e-01	1.02e-01	1.28e-02	8.57e-04	1.88e-04	2.93e-05	3.22e-07	0.00e+00
 1.66523e+23	6.37e-22	3.60e-09	2.50e-07	2.76e-06	8.13e-04	3.38e-02	3.15e-01	5.42e-01	9.60e-02	1.17e-02	7.63e-04	1.66e-04	2.49e-05	2.63e-07	0.00e+00
 1.67173e+23	8.47e-22	4.52e-09	3.10e-07	3.36e-06	9.36e-04	3.69e-02	3.27e-01	5.35e-01	8.91e-02	1.05e-02	6.57e-04	1.40e-04	2.02e-05	2.02e-07	0.00e+00
 1.67819e+23	1.05e-21	5.36e-09	3.62e-07	3.88e-06	1.04e-03	3.92e-02	3.35e-01	5.30e-01	8.43e-02	9.64e-03	5.89e-04	1.24e-04	1.73e-05	1.67e-07	0.00e+00
 1.68460e+23	1.38e-21	6.66e-09	4.45e-07	4.69e-06	1.19e-03	4.26e-02	3.47e-01	5.22e-01	7.82e-02	8.63e-03	5.09e-04	1.06e-04	1.41e-05	1.29e-07	0.00e+00
 1.69111e+23	1.72e-21	7.90e-09	5.22e-07	5.42e-06	1.31e-03	4.53e-02	3.55e-01	5.16e-01	7.38e-02	7.93e-03	4.55e-04	9.31e-05	1.21e-05	0.00e+00	0.00e+00
 1.69774e+23	2.27e-21	9.85e-09	6.43e-07	6.57e-06	1.50e-03	4.92e-02	3.67e-01	5.07e-01	6.82e-02	7.07e-03	3.91e-04	7.88e-05	9.77e-06	0.00e+00	0.00e+00
 1.70449e+23	2.85e-21	1.17e-08	7.55e-07	7.60e-06	1.67e-03	5.23e-02	3.76e-01	4.99e-01	6.42e-02	6.48e-03	3.49e-04	6.93e-05	8.32e-06	0.00e+00	0.00e+00
 1.71138e+23	3.77e-21	1.46e-08	9.34e-07	9.26e-06	1.92e-03	5.68e-02	3.87e-01	4.89e-01	5.90e-02	5.75e-03	2.98e-04	5.82e-05	6.68e-06	0.00e+00	0.00e+00
 1.71837e+23	4.72e-21	1.74e-08	1.10e-06	1.08e-05	2.13e-03	6.05e-02	3.96e-01	4.80e-01	5.53e-02	5.25e-03	2.64e-04	5.09e-05	5.65e-06	0.00e+00	0.00e+00
 1.72551e+23	6.29e-21	2.18e-08	1.36e-06	1.31e-05	2.45e-03	6.56e-02	4.07e-01	4.69e-01	5.07e-02	4.65e-03	2.25e-04	4.27e-05	4.52e-06	0.00e+00	0.00e+00
 1.73285e+23	7.96e-21	2.62e-08	1.62e-06	1.53e-05	2.73e-03	7.00e-02	4.16e-01	4.59e-01	4.72e-02	4.22e-03	1.98e-04	3.70e-05	3.78e-06	0.00e+00	0.00e+00
 1.74046e+23	1.07e-20	3.31e-08	2.03e-06	1.89e-05	3.16e-03	7.60e-02	4.28e-01	4.46e-01	4.30e-02	3.71e-03	1.67e-04	3.07e-05	2.99e-06	0.00e+00	0.00e+00
 1.74823e+23	1.37e-20	3.99e-08	2.42e-06	2.22e-05	3.53e-03	8.11e-02	4.36e-01	4.36e-01	3.98e-02	3.35e-03	1.47e-04	2.64e-05	2.48e-06	0.00e+00	0.00e+00
 1.75619e+23	1.85e-20	5.07e-08	3.04e-06	2.74e-05	4.09e-03	8.82e-02	4.47e-01	4.21e-01	3.60e-02	2.93e-03	1.23e-04	2.18e-05	1.94e-06	0.00e+00	0.00e+00
 1.76424e+23	2.37e-20	6.11e-08	3.62e-06	3.21e-05	4.56e-03	9.39e-02	4.55e-01	4.10e-01	3.33e-02	2.65e-03	1.07e-04	1.87e-05	1.61e-06	0.00e+00	0.00e+00
 1.77238e+23	3.21e-20	7.76e-08	4.56e-06	3.97e-05	5.29e-03	1.02e-01	4.65e-01	3.95e-01	2.99e-02	2.30e-03	8.95e-05	1.53e-05	1.26e-06	0.00e+00	0.00e+00
 1.78061e+23	4.10e-20	9.37e-08	5.44e-06	4.66e-05	5.90e-03	1.08e-01	4.73e-01	3.83e-01	2.76e-02	2.08e-03	7.80e-05	1.32e-05	1.04e-06	0.00e+00	0.00e+00
 1.78895e+23	5.57e-20	1.19e-07	6.85e-06	5.77e-05	6.82e-03	1.17e-01	4.82e-01	3.68e-01	2.47e-02	1.80e-03	6.48e-05	1.07e-05	8.04e-07	0.00e+00	0.00e+00
 1.79711e+23	7.02e-20	1.42e-07	8.07e-06	6.68e-05	7.54e-03	1.24e-01	4.87e-01	3.57e-01	2.29e-02	1.63e-03	5.69e-05	9.32e-06	6.73e-07	0.00e+00	0.00e+00
 1.80500e+23	9.31e-20	1.77e-07	9.99e-06	8.15e-05	8.63e-03	1.33e-01	4.94e-01	3.42e-01	2.05e-02	1.43e-03	4.77e-05	7.68e-06	5.28e-07	0.00e+00	0.00e+00
 1.81318e+23	1.19e-19	2.13e-07	1.19e-05	9.52e-05	9.59e-03	1.41e-01	4.99e-01	3.30e-01	1.89e-02	1.28e-03	4.15e-05	6.58e-06	4.36e-07	0.00e+00	0.00e+00
 1.82016e+23	1.46e-19	2.50e-07	1.39e-05	1.10e-04	1.06e-02	1.48e-01	5.03e-01	3.19e-01	1.74e-02	1.16e-03	3.64e-05	5.72e-06	3.65e-07	0.00e+00	0.00e+00
 1.82768e+23	1.91e-19	3.06e-07	1.68e-05	1.31e-04	1.19e-02	1.58e-01	5.08e-01	3.05e-01	1.58e-02	1.03e-03	3.10e-05	4.80e-06	2.93e-07	0.00e+00	0.00e+00
 1.83532e+23	2.37e-19	3.62e-07	1.97e-05	1.52e-04	1.31e-02	1.66e-01	5.11e-01	2.94e-01	1.45e-02	9.26e-04	2.70e-05	4.13e-06	2.43e-07	0.00e+00	0.00e+00
 1.84205e+23	2.92e-19	4.25e-07	2.30e-05	1.74e-04	1.44e-02	1.74e-01	5.14e-01	2.83e-01	1.33e-02	8.38e-04	2.37e-05	3.59e-06	2.04e-07	0.00e+00	0.00e+00
 1.84973e+23	3.80e-19	5.19e-07	2.78e-05	2.07e-04	1.61e-02	1.85e-01	5.16e-01	2.70e-01	1.20e-02	7.40e-04	2.01e-05	3.00e-06	1.63e-07	0.00e+00	0.00e+00
 1.85772e+23	4.78e-19	6.20e-07	3.30e-05	2.42e-04	1.79e-02	1.94e-01	5.17e-01	2.58e-01	1.09e-02	6.60e-04	1.73e-05	2.55e-06	1.33e-07	0.00e+00	0.00e+00
 1.86488e+23	5.94e-19	7.31e-07	3.85e-05	2.79e-04	1.96e-02	2.03e-01	5.18e-01	2.48e-01	9.98e-03	5.94e-04	1.51e-05	2.20e-06	0.00e+00	0.00e+00	0.00e+00
 1.87295e+23	7.81e-19	8.99e-07	4.68e-05	3.32e-04	2.20e-02	2.15e-01	5.18e-01	2.35e-01	8.93e-03	5.21e-04	1.27e-05	1.83e-06	0.00e+00	0.00e+00	0.00e+00
 1.88138e+23	9.90e-19	1.08e-06	5.58e-05	3.91e-04	2.44e-02	2.26e-01	5.17e-01	2.23e-01	8.03e-03	4.60e-04	1.08e-05	1.54e-06	0.00e+00	0.00e+00	0.00e+00
 1.88898e+23	1.24e-18	1.28e-06	6.55e-05	4.52e-04	2.68e-02	2.37e-01	5.16e-01	2.12e-01	7.29e-03	4.11e-04	9.31e-06	1.31e-06	0.00e+00	0.00e+00	0.00e+00
 1.89756e+23	1.65e-18	1.59e-06	8.03e-05	5.42e-04	3.01e-02	2.50e-01	5.13e-01	1.99e-01	6.45e-03	3.57e-04	7.72e-06	1.07e-06	0.00e+00	0.00e+00	0.00e+00
