#depth	N	N+	N+2	N+3	N+4	N+5	N+6	N+7
 1.54284e+22	0.00e+00	0.00e+00	1.13e-22	1.60e-17	8.03e-13	9.01e-08	6.04e-04	9.99e-01
 3.47148e+22	0.00e+00	9.53e-28	8.81e-22	8.53e-17	2.90e-12	2.07e-07	9.07e-04	9.99e-01
 4.09257e+22	0.00e+00	4.10e-27	3.01e-21	2.32e-16	6.25e-12	3.42e-07	1.16e-03	9.99e-01
 4.51608e+22	0.00e+00	1.30e-26	7.96e-21	5.13e-16	1.15e-11	5.10e-07	1.40e-03	9.99e-01
 4.75137e+22	0.00e+00	1.74e-26	1.02e-20	6.28e-16	1.35e-11	5.64e-07	1.47e-03	9.99e-01
 4.83745e+22	0.00e+00	2.21e-26	1.24e-20	7.41e-16	1.53e-11	6.13e-07	1.53e-03	9.98e-01
 4.92721e+22	0.00e+00	3.01e-26	1.61e-20	9.14e-16	1.80e-11	6.81e-07	1.61e-03	9.98e-01
 5.01196e+22	1.84e-33	3.76e-26	1.94e-20	1.07e-15	2.02e-11	7.36e-07	1.68e-03	9.98e-01
 5.07818e+22	2.30e-33	4.55e-26	2.28e-20	1.22e-15	2.24e-11	7.87e-07	1.73e-03	9.98e-01
 5.15223e+22	3.04e-33	5.79e-26	2.80e-20	1.44e-15	2.55e-11	8.55e-07	1.80e-03	9.98e-01
 5.23190e+22	4.00e-33	7.34e-26	3.41e-20	1.69e-15	2.89e-11	9.28e-07	1.87e-03	9.98e-01
 5.30482e+22	5.13e-33	9.10e-26	4.09e-20	1.96e-15	3.24e-11	9.99e-07	1.94e-03	9.98e-01
 5.38556e+22	7.01e-33	1.19e-25	5.13e-20	2.36e-15	3.74e-11	1.10e-06	2.03e-03	9.98e-01
 5.46664e+22	9.14e-33	1.50e-25	6.21e-20	2.76e-15	4.21e-11	1.19e-06	2.11e-03	9.98e-01
 5.53543e+22	1.16e-32	1.84e-25	7.39e-20	3.18e-15	4.71e-11	1.28e-06	2.19e-03	9.98e-01
 5.61216e+22	1.55e-32	2.36e-25	9.11e-20	3.77e-15	5.37e-11	1.39e-06	2.28e-03	9.98e-01
 5.69389e+22	2.05e-32	3.00e-25	1.12e-19	4.45e-15	6.10e-11	1.51e-06	2.37e-03	9.98e-01
 5.76216e+22	2.57e-32	3.65e-25	1.31e-19	5.08e-15	6.76e-11	1.62e-06	2.45e-03	9.98e-01
 5.82179e+22	3.15e-32	4.35e-25	1.52e-19	5.74e-15	7.44e-11	1.72e-06	2.53e-03	9.97e-01
 5.89014e+22	4.06e-32	5.41e-25	1.83e-19	6.68e-15	8.36e-11	1.86e-06	2.62e-03	9.97e-01
 5.96363e+22	5.25e-32	6.74e-25	2.20e-19	7.75e-15	9.38e-11	2.00e-06	2.72e-03	9.97e-01
 6.03005e+22	6.57e-32	8.19e-25	2.59e-19	8.86e-15	1.04e-10	2.14e-06	2.81e-03	9.97e-01
 6.10263e+22	8.70e-32	1.04e-24	3.18e-19	1.05e-14	1.18e-10	2.33e-06	2.93e-03	9.97e-01
 6.17817e+22	1.12e-31	1.29e-24	3.81e-19	1.21e-14	1.32e-10	2.51e-06	3.04e-03	9.97e-01
 6.24370e+22	1.40e-31	1.57e-24	4.48e-19	1.38e-14	1.47e-10	2.69e-06	3.14e-03	9.97e-01
 6.31503e+22	1.82e-31	1.97e-24	5.43e-19	1.62e-14	1.66e-10	2.91e-06	3.26e-03	9.97e-01
 6.39023e+22	2.34e-31	2.44e-24	6.52e-19	1.88e-14	1.86e-10	3.14e-06	3.38e-03	9.97e-01
 6.45690e+22	2.95e-31	2.98e-24	7.70e-19	2.15e-14	2.07e-10	3.37e-06	3.50e-03	9.96e-01
 6.52999e+22	3.87e-31	3.77e-24	9.38e-19	2.53e-14	2.34e-10	3.66e-06	3.64e-03	9.96e-01
 6.60333e+22	4.93e-31	4.64e-24	1.12e-18	2.92e-14	2.61e-10	3.93e-06	3.77e-03	9.96e-01
 6.66397e+22	6.08e-31	5.55e-24	1.30e-18	3.30e-14	2.87e-10	4.19e-06	3.89e-03	9.96e-01
 6.72981e+22	7.76e-31	6.84e-24	1.55e-18	3.81e-14	3.21e-10	4.51e-06	4.03e-03	9.96e-01
 6.80127e+22	9.92e-31	8.45e-24	1.85e-18	4.40e-14	3.59e-10	4.85e-06	4.18e-03	9.96e-01
 6.86703e+22	1.24e-30	1.02e-23	2.17e-18	5.02e-14	3.97e-10	5.19e-06	4.32e-03	9.96e-01
 6.93950e+22	1.62e-30	1.29e-23	2.64e-18	5.89e-14	4.49e-10	5.64e-06	4.49e-03	9.96e-01
 7.01200e+22	2.07e-30	1.59e-23	3.13e-18	6.77e-14	5.00e-10	6.06e-06	4.66e-03	9.95e-01
 7.07149e+22	2.54e-30	1.89e-23	3.63e-18	7.63e-14	5.49e-10	6.44e-06	4.80e-03	9.95e-01
 7.13578e+22	3.23e-30	2.33e-23	4.32e-18	8.80e-14	6.13e-10	6.93e-06	4.98e-03	9.95e-01
 7.20516e+22	4.09e-30	2.85e-23	5.11e-18	1.01e-13	6.80e-10	7.44e-06	5.15e-03	9.95e-01
 7.26990e+22	5.11e-30	3.44e-23	6.00e-18	1.15e-13	7.51e-10	7.96e-06	5.32e-03	9.95e-01
 7.34284e+22	6.71e-30	4.35e-23	7.29e-18	1.35e-13	8.50e-10	8.64e-06	5.54e-03	9.94e-01
 7.41898e+22	8.78e-30	5.47e-23	8.81e-18	1.57e-13	9.53e-10	9.35e-06	5.77e-03	9.94e-01
 7.48125e+22	1.08e-29	6.51e-23	1.02e-17	1.77e-13	1.05e-09	9.95e-06	5.95e-03	9.94e-01
 7.54422e+22	1.37e-29	8.00e-23	1.21e-17	2.03e-13	1.16e-09	1.07e-05	6.17e-03	9.94e-01
 7.61225e+22	1.73e-29	9.75e-23	1.43e-17	2.32e-13	1.29e-09	1.15e-05	6.39e-03	9.94e-01
 7.67624e+22	2.17e-29	1.18e-22	1.67e-17	2.64e-13	1.42e-09	1.23e-05	6.61e-03	9.93e-01
 7.74880e+22	2.85e-29	1.49e-22	2.04e-17	3.09e-13	1.60e-09	1.33e-05	6.89e-03	9.93e-01
 7.82037e+22	3.64e-29	1.84e-22	2.42e-17	3.54e-13	1.77e-09	1.43e-05	7.14e-03	9.93e-01
 7.87733e+22	4.46e-29	2.18e-22	2.79e-17	3.97e-13	1.93e-09	1.52e-05	7.37e-03	9.93e-01
 7.93805e+22	5.66e-29	2.67e-22	3.29e-17	4.54e-13	2.13e-09	1.63e-05	7.64e-03	9.92e-01
 8.00398e+22	7.11e-29	3.24e-22	3.86e-17	5.16e-13	2.35e-09	1.74e-05	7.90e-03	9.92e-01
 8.06657e+22	8.94e-29	3.93e-22	4.53e-17	5.86e-13	2.58e-09	1.86e-05	8.18e-03	9.92e-01
 8.12815e+22	1.12e-28	4.77e-22	5.31e-17	6.65e-13	2.83e-09	1.99e-05	8.47e-03	9.92e-01
 8.18735e+22	1.40e-28	5.74e-22	6.18e-17	7.49e-13	3.09e-09	2.12e-05	8.76e-03	9.91e-01
 8.24388e+22	1.72e-28	6.83e-22	7.13e-17	8.40e-13	3.37e-09	2.25e-05	9.04e-03	9.91e-01
 8.30812e+22	2.24e-28	8.54e-22	8.56e-17	9.71e-13	3.74e-09	2.43e-05	9.41e-03	9.91e-01
 8.37374e+22	2.82e-28	1.04e-21	1.00e-16	1.10e-12	4.10e-09	2.60e-05	9.75e-03	9.90e-01
 8.43102e+22	3.52e-28	1.25e-21	1.17e-16	1.24e-12	4.46e-09	2.77e-05	1.01e-02	9.90e-01
 8.49532e+22	4.64e-28	1.57e-21	1.41e-16	1.43e-12	4.96e-09	2.99e-05	1.05e-02	9.89e-01
 8.56122e+22	5.85e-28	1.91e-21	1.65e-16	1.62e-12	5.42e-09	3.20e-05	1.09e-02	9.89e-01
 8.61758e+22	7.28e-28	2.29e-21	1.91e-16	1.82e-12	5.89e-09	3.40e-05	1.13e-02	9.89e-01
 8.67081e+22	8.92e-28	2.72e-21	2.20e-16	2.03e-12	6.36e-09	3.60e-05	1.16e-02	9.88e-01
 8.73154e+22	1.16e-27	3.39e-21	2.63e-16	2.33e-12	7.02e-09	3.88e-05	1.21e-02	9.88e-01
 8.79390e+22	1.47e-27	4.12e-21	3.07e-16	2.63e-12	7.64e-09	4.14e-05	1.25e-02	9.87e-01
 8.84846e+22	1.83e-27	4.95e-21	3.57e-16	2.95e-12	8.27e-09	4.40e-05	1.30e-02	9.87e-01
 8.90945e+22	2.41e-27	6.22e-21	4.29e-16	3.40e-12	9.13e-09	4.75e-05	1.35e-02	9.86e-01
 8.97023e+22	3.00e-27	7.48e-21	4.97e-16	3.82e-12	9.90e-09	5.05e-05	1.40e-02	9.86e-01
 9.02195e+22	3.74e-27	8.97e-21	5.76e-16	4.27e-12	1.07e-08	5.36e-05	1.45e-02	9.85e-01
 9.07250e+22	4.57e-27	1.06e-20	6.59e-16	4.74e-12	1.15e-08	5.67e-05	1.49e-02	9.85e-01
 9.13030e+22	5.97e-27	1.32e-20	7.87e-16	5.43e-12	1.26e-08	6.10e-05	1.55e-02	9.84e-01
 9.18955e+22	7.57e-27	1.61e-20	9.21e-16	6.11e-12	1.37e-08	6.50e-05	1.61e-02	9.84e-01
 9.24141e+22	9.40e-27	1.93e-20	1.06e-15	6.83e-12	1.48e-08	6.90e-05	1.67e-02	9.83e-01
 9.29154e+22	1.17e-26	2.31e-20	1.23e-15	7.63e-12	1.59e-08	7.32e-05	1.72e-02	9.83e-01
 9.34118e+22	1.44e-26	2.75e-20	1.42e-15	8.50e-12	1.71e-08	7.76e-05	1.78e-02	9.82e-01
 9.39818e+22	1.89e-26	3.45e-20	1.70e-15	9.75e-12	1.88e-08	8.35e-05	1.85e-02	9.81e-01
 9.45589e+22	2.40e-26	4.20e-20	1.99e-15	1.10e-11	2.04e-08	8.91e-05	1.92e-02	9.81e-01
 9.50506e+22	2.97e-26	5.00e-20	2.29e-15	1.22e-11	2.19e-08	9.44e-05	1.98e-02	9.80e-01
 9.55956e+22	3.87e-26	6.24e-20	2.73e-15	1.40e-11	2.40e-08	1.01e-04	2.06e-02	9.79e-01
 9.61638e+22	4.93e-26	7.61e-20	3.20e-15	1.58e-11	2.61e-08	1.08e-04	2.14e-02	9.79e-01
 9.66739e+22	6.20e-26	9.21e-20	3.73e-15	1.77e-11	2.82e-08	1.15e-04	2.21e-02	9.78e-01
 9.71689e+22	7.82e-26	1.12e-19	4.35e-15	1.99e-11	3.04e-08	1.23e-04	2.29e-02	9.77e-01
 9.77327e+22	1.03e-25	1.40e-19	5.23e-15	2.29e-11	3.35e-08	1.32e-04	2.39e-02	9.76e-01
 9.83158e+22	1.34e-25	1.74e-19	6.22e-15	2.61e-11	3.66e-08	1.42e-04	2.48e-02	9.75e-01
 9.88272e+22	1.68e-25	2.10e-19	7.24e-15	2.94e-11	3.96e-08	1.51e-04	2.56e-02	9.74e-01
 9.93950e+22	2.29e-25	2.72e-19	8.88e-15	3.43e-11	4.39e-08	1.64e-04	2.68e-02	9.73e-01
 9.99563e+22	2.88e-25	3.29e-19	1.04e-14	3.86e-11	4.75e-08	1.74e-04	2.77e-02	9.72e-01
 1.00435e+23	3.67e-25	4.02e-19	1.22e-14	4.36e-11	5.15e-08	1.86e-04	2.87e-02	9.71e-01
 1.00905e+23	4.59e-25	4.84e-19	1.41e-14	4.89e-11	5.56e-08	1.97e-04	2.96e-02	9.70e-01
 1.01437e+23	6.21e-25	6.23e-19	1.73e-14	5.69e-11	6.16e-08	2.14e-04	3.09e-02	9.69e-01
 1.01935e+23	7.62e-25	7.38e-19	1.98e-14	6.32e-11	6.61e-08	2.26e-04	3.18e-02	9.68e-01
 1.02307e+23	9.21e-25	8.64e-19	2.25e-14	6.95e-11	7.04e-08	2.37e-04	3.27e-02	9.67e-01
 1.02652e+23	1.11e-24	1.01e-18	2.55e-14	7.65e-11	7.49e-08	2.49e-04	3.35e-02	9.66e-01
 1.03046e+23	1.40e-24	1.22e-18	2.98e-14	8.60e-11	8.10e-08	2.64e-04	3.46e-02	9.65e-01
 1.03449e+23	1.70e-24	1.44e-18	3.40e-14	9.50e-11	8.66e-08	2.78e-04	3.55e-02	9.64e-01
 1.03789e+23	2.04e-24	1.68e-18	3.84e-14	1.04e-10	9.22e-08	2.92e-04	3.64e-02	9.63e-01
 1.04106e+23	2.43e-24	1.94e-18	4.32e-14	1.14e-10	9.79e-08	3.05e-04	3.73e-02	9.62e-01
 1.04467e+23	3.01e-24	2.32e-18	4.99e-14	1.27e-10	1.05e-07	3.23e-04	3.84e-02	9.61e-01
 1.04826e+23	3.60e-24	2.69e-18	5.63e-14	1.40e-10	1.12e-07	3.38e-04	3.93e-02	9.60e-01
 1.05131e+23	4.30e-24	3.13e-18	6.36e-14	1.53e-10	1.19e-07	3.53e-04	4.03e-02	9.59e-01
 1.05425e+23	5.14e-24	3.62e-18	7.16e-14	1.68e-10	1.26e-07	3.70e-04	4.12e-02	9.58e-01
 1.05761e+23	6.37e-24	4.34e-18	8.29e-14	1.87e-10	1.36e-07	3.91e-04	4.24e-02	9.57e-01
 1.06106e+23	7.78e-24	5.13e-18	9.49e-14	2.07e-10	1.46e-07	4.11e-04	4.35e-02	9.56e-01
 1.06403e+23	9.29e-24	5.95e-18	1.07e-13	2.27e-10	1.55e-07	4.29e-04	4.45e-02	9.55e-01
 1.06678e+23	1.10e-23	6.87e-18	1.20e-13	2.48e-10	1.64e-07	4.48e-04	4.55e-02	9.54e-01
 1.06942e+23	1.30e-23	7.91e-18	1.35e-13	2.71e-10	1.74e-07	4.67e-04	4.64e-02	9.53e-01
 1.07245e+23	1.62e-23	9.47e-18	1.56e-13	3.03e-10	1.88e-07	4.93e-04	4.77e-02	9.52e-01
 1.07552e+23	1.96e-23	1.11e-17	1.78e-13	3.35e-10	2.00e-07	5.16e-04	4.88e-02	9.51e-01
 1.07816e+23	2.33e-23	1.29e-17	2.00e-13	3.67e-10	2.13e-07	5.39e-04	4.99e-02	9.50e-01
 1.08108e+23	2.92e-23	1.56e-17	2.34e-13	4.12e-10	2.30e-07	5.69e-04	5.13e-02	9.48e-01
 1.08408e+23	3.57e-23	1.84e-17	2.68e-13	4.58e-10	2.47e-07	5.97e-04	5.25e-02	9.47e-01
 1.08673e+23	4.31e-23	2.16e-17	3.05e-13	5.05e-10	2.63e-07	6.25e-04	5.37e-02	9.46e-01
 1.08971e+23	5.54e-23	2.67e-17	3.63e-13	5.76e-10	2.87e-07	6.63e-04	5.53e-02	9.44e-01
 1.09273e+23	6.80e-23	3.18e-17	4.18e-13	6.42e-10	3.09e-07	6.96e-04	5.67e-02	9.43e-01
 1.09531e+23	8.29e-23	3.75e-17	4.79e-13	7.12e-10	3.31e-07	7.29e-04	5.80e-02	9.41e-01
 1.09817e+23	1.08e-22	4.69e-17	5.75e-13	8.18e-10	3.63e-07	7.76e-04	5.98e-02	9.39e-01
 1.10102e+23	1.31e-22	5.53e-17	6.57e-13	9.06e-10	3.88e-07	8.12e-04	6.11e-02	9.38e-01
 1.10385e+23	1.73e-22	7.00e-17	7.97e-13	1.05e-09	4.28e-07	8.65e-04	6.30e-02	9.36e-01
 1.10660e+23	2.08e-22	8.16e-17	9.04e-13	1.16e-09	4.57e-07	9.03e-04	6.43e-02	9.35e-01
 1.10924e+23	2.75e-22	1.04e-16	1.10e-12	1.34e-09	5.03e-07	9.62e-04	6.63e-02	9.33e-01
 1.11185e+23	3.33e-22	1.22e-16	1.26e-12	1.48e-09	5.39e-07	1.01e-03	6.78e-02	9.31e-01
 1.11445e+23	4.41e-22	1.55e-16	1.52e-12	1.72e-09	5.94e-07	1.07e-03	6.98e-02	9.29e-01
 1.11709e+23	5.44e-22	1.85e-16	1.76e-12	1.92e-09	6.40e-07	1.12e-03	7.15e-02	9.27e-01
 1.11978e+23	7.37e-22	2.39e-16	2.18e-12	2.26e-09	7.12e-07	1.20e-03	7.38e-02	9.25e-01
 1.12248e+23	9.13e-22	2.87e-16	2.54e-12	2.53e-09	7.69e-07	1.26e-03	7.55e-02	9.23e-01
 1.12519e+23	1.23e-21	3.71e-16	3.13e-12	2.97e-09	8.56e-07	1.35e-03	7.80e-02	9.21e-01
 1.12788e+23	1.55e-21	4.50e-16	3.67e-12	3.36e-09	9.28e-07	1.42e-03	7.99e-02	9.19e-01
 1.13055e+23	2.10e-21	5.83e-16	4.54e-12	3.95e-09	1.03e-06	1.52e-03	8.25e-02	9.16e-01
 1.13326e+23	2.68e-21	7.18e-16	5.39e-12	4.50e-09	1.13e-06	1.60e-03	8.46e-02	9.14e-01
 1.13604e+23	3.70e-21	9.46e-16	6.76e-12	5.34e-09	1.27e-06	1.72e-03	8.75e-02	9.11e-01
 1.13884e+23	4.75e-21	1.17e-15	8.06e-12	6.11e-09	1.38e-06	1.82e-03	8.98e-02	9.08e-01
 1.14166e+23	6.61e-21	1.55e-15	1.02e-11	7.30e-09	1.56e-06	1.95e-03	9.29e-02	9.05e-01
 1.14449e+23	8.53e-21	1.93e-15	1.22e-11	8.37e-09	1.71e-06	2.07e-03	9.54e-02	9.02e-01
 1.14695e+23	1.09e-20	2.39e-15	1.45e-11	9.56e-09	1.87e-06	2.18e-03	9.79e-02	9.00e-01
 1.14973e+23	1.52e-20	3.16e-15	1.83e-11	1.14e-08	2.10e-06	2.35e-03	1.01e-01	8.96e-01
 1.15249e+23	1.91e-20	3.85e-15	2.15e-11	1.29e-08	2.29e-06	2.47e-03	1.04e-01	8.94e-01
 1.15522e+23	2.60e-20	5.01e-15	2.67e-11	1.53e-08	2.55e-06	2.65e-03	1.07e-01	8.90e-01
 1.15804e+23	3.35e-20	6.21e-15	3.19e-11	1.75e-08	2.80e-06	2.80e-03	1.10e-01	8.87e-01
 1.16096e+23	4.60e-20	8.16e-15	4.00e-11	2.08e-08	3.15e-06	3.01e-03	1.14e-01	8.83e-01
 1.16393e+23	5.92e-20	1.01e-14	4.78e-11	2.38e-08	3.45e-06	3.19e-03	1.17e-01	8.80e-01
 1.16698e+23	8.17e-20	1.33e-14	6.02e-11	2.84e-08	3.88e-06	3.43e-03	1.21e-01	8.76e-01
 1.17008e+23	1.05e-19	1.65e-14	7.18e-11	3.25e-08	4.26e-06	3.64e-03	1.24e-01	8.72e-01
 1.17328e+23	1.45e-19	2.18e-14	9.03e-11	3.88e-08	4.80e-06	3.92e-03	1.28e-01	8.68e-01
 1.17653e+23	1.85e-19	2.69e-14	1.08e-10	4.44e-08	5.27e-06	4.15e-03	1.32e-01	8.64e-01
 1.17984e+23	2.55e-19	3.54e-14	1.35e-10	5.29e-08	5.94e-06	4.47e-03	1.36e-01	8.59e-01
 1.18318e+23	3.24e-19	4.35e-14	1.61e-10	6.04e-08	6.51e-06	4.73e-03	1.40e-01	8.55e-01
 1.18655e+23	4.43e-19	5.69e-14	2.01e-10	7.17e-08	7.32e-06	5.09e-03	1.45e-01	8.50e-01
 1.18981e+23	5.44e-19	6.79e-14	2.32e-10	8.04e-08	7.92e-06	5.35e-03	1.48e-01	8.47e-01
 1.19293e+23	7.17e-19	8.61e-14	2.83e-10	9.37e-08	8.81e-06	5.71e-03	1.52e-01	8.42e-01
 1.19614e+23	8.87e-19	1.03e-13	3.30e-10	1.05e-07	9.56e-06	6.01e-03	1.56e-01	8.38e-01
 1.19944e+23	1.18e-18	1.32e-13	4.05e-10	1.24e-07	1.07e-05	6.43e-03	1.61e-01	8.33e-01
 1.20279e+23	1.45e-18	1.58e-13	4.69e-10	1.39e-07	1.16e-05	6.76e-03	1.64e-01	8.29e-01
 1.20620e+23	1.90e-18	1.99e-13	5.70e-10	1.61e-07	1.28e-05	7.23e-03	1.69e-01	8.24e-01
 1.20957e+23	2.33e-18	2.37e-13	6.59e-10	1.81e-07	1.39e-05	7.59e-03	1.73e-01	8.19e-01
 1.21292e+23	3.04e-18	2.98e-13	7.99e-10	2.10e-07	1.54e-05	8.11e-03	1.78e-01	8.14e-01
 1.21629e+23	3.68e-18	3.51e-13	9.17e-10	2.34e-07	1.67e-05	8.50e-03	1.82e-01	8.10e-01
 1.21971e+23	4.78e-18	4.40e-13	1.11e-09	2.71e-07	1.85e-05	9.06e-03	1.87e-01	8.04e-01
 1.22320e+23	5.81e-18	5.20e-13	1.27e-09	3.03e-07	1.99e-05	9.51e-03	1.91e-01	7.99e-01
 1.22677e+23	7.55e-18	6.52e-13	1.54e-09	3.51e-07	2.21e-05	1.02e-02	1.96e-01	7.93e-01
 1.23041e+23	9.18e-18	7.72e-13	1.77e-09	3.92e-07	2.40e-05	1.07e-02	2.01e-01	7.89e-01
 1.23413e+23	1.19e-17	9.69e-13	2.14e-09	4.56e-07	2.66e-05	1.14e-02	2.07e-01	7.82e-01
 1.23792e+23	1.45e-17	1.15e-12	2.47e-09	5.10e-07	2.88e-05	1.20e-02	2.11e-01	7.77e-01
 1.24181e+23	1.89e-17	1.44e-12	2.99e-09	5.93e-07	3.20e-05	1.28e-02	2.17e-01	7.70e-01
 1.24560e+23	2.25e-17	1.67e-12	3.39e-09	6.54e-07	3.44e-05	1.34e-02	2.21e-01	7.65e-01
 1.24928e+23	2.89e-17	2.07e-12	4.06e-09	7.55e-07	3.80e-05	1.42e-02	2.27e-01	7.59e-01
 1.25302e+23	3.43e-17	2.41e-12	4.61e-09	8.34e-07	4.08e-05	1.49e-02	2.31e-01	7.54e-01
 1.25684e+23	4.37e-17	2.96e-12	5.49e-09	9.57e-07	4.50e-05	1.58e-02	2.37e-01	7.47e-01
 1.26078e+23	5.30e-17	3.50e-12	6.31e-09	1.07e-06	4.88e-05	1.66e-02	2.42e-01	7.41e-01
 1.26487e+23	6.73e-17	4.30e-12	7.51e-09	1.23e-06	5.38e-05	1.76e-02	2.49e-01	7.34e-01
 1.26910e+23	8.24e-17	5.13e-12	8.70e-09	1.38e-06	5.85e-05	1.86e-02	2.54e-01	7.27e-01
 1.27350e+23	1.06e-16	6.36e-12	1.04e-08	1.59e-06	6.48e-05	1.98e-02	2.61e-01	7.20e-01
 1.27803e+23	1.30e-16	7.61e-12	1.21e-08	1.80e-06	7.06e-05	2.09e-02	2.66e-01	7.13e-01
 1.28271e+23	1.67e-16	9.49e-12	1.46e-08	2.08e-06	7.85e-05	2.23e-02	2.73e-01	7.04e-01
 1.28755e+23	2.08e-16	1.14e-11	1.71e-08	2.36e-06	8.58e-05	2.36e-02	2.80e-01	6.97e-01
 1.29260e+23	2.72e-16	1.44e-11	2.08e-08	2.76e-06	9.59e-05	2.52e-02	2.87e-01	6.87e-01
 1.29777e+23	3.40e-16	1.75e-11	2.44e-08	3.14e-06	1.05e-04	2.67e-02	2.94e-01	6.79e-01
 1.30241e+23	4.19e-16	2.09e-11	2.84e-08	3.54e-06	1.15e-04	2.82e-02	3.00e-01	6.72e-01
 1.30773e+23	5.59e-16	2.69e-11	3.51e-08	4.19e-06	1.29e-04	3.03e-02	3.09e-01	6.61e-01
 1.31309e+23	6.88e-16	3.22e-11	4.08e-08	4.72e-06	1.41e-04	3.20e-02	3.15e-01	6.53e-01
 1.31850e+23	9.13e-16	4.10e-11	5.01e-08	5.56e-06	1.58e-04	3.43e-02	3.23e-01	6.42e-01
 1.32402e+23	1.14e-15	4.99e-11	5.91e-08	6.34e-06	1.74e-04	3.63e-02	3.30e-01	6.33e-01
 1.32970e+23	1.53e-15	6.41e-11	7.29e-08	7.51e-06	1.96e-04	3.91e-02	3.39e-01	6.21e-01
 1.33546e+23	1.93e-15	7.85e-11	8.66e-08	8.61e-06	2.16e-04	4.15e-02	3.47e-01	6.12e-01
 1.34134e+23	2.63e-15	1.02e-10	1.08e-07	1.03e-05	2.46e-04	4.48e-02	3.56e-01	5.99e-01
 1.34690e+23	3.21e-15	1.22e-10	1.25e-07	1.16e-05	2.67e-04	4.71e-02	3.63e-01	5.90e-01
 1.35204e+23	4.20e-15	1.54e-10	1.53e-07	1.35e-05	2.99e-04	5.03e-02	3.71e-01	5.78e-01
 1.35722e+23	5.13e-15	1.83e-10	1.77e-07	1.52e-05	3.25e-04	5.29e-02	3.78e-01	5.69e-01
 1.36245e+23	6.77e-15	2.32e-10	2.17e-07	1.79e-05	3.66e-04	5.67e-02	3.86e-01	5.57e-01
 1.36774e+23	8.35e-15	2.79e-10	2.53e-07	2.03e-05	3.99e-04	5.97e-02	3.93e-01	5.47e-01
 1.37308e+23	1.11e-14	3.56e-10	3.11e-07	2.40e-05	4.50e-04	6.41e-02	4.02e-01	5.34e-01
 1.37850e+23	1.37e-14	4.29e-10	3.64e-07	2.73e-05	4.93e-04	6.76e-02	4.09e-01	5.23e-01
 1.38402e+23	1.84e-14	5.53e-10	4.52e-07	3.25e-05	5.58e-04	7.27e-02	4.18e-01	5.09e-01
 1.38962e+23	2.29e-14	6.70e-10	5.33e-07	3.70e-05	6.13e-04	7.68e-02	4.25e-01	4.98e-01
 1.39531e+23	3.07e-14	8.66e-10	6.63e-07	4.43e-05	6.97e-04	8.26e-02	4.34e-01	4.83e-01
 1.40113e+23	3.88e-14	1.06e-09	7.91e-07	5.11e-05	7.72e-04	8.76e-02	4.41e-01	4.71e-01
 1.40711e+23	5.26e-14	1.39e-09	9.95e-07	6.17e-05	8.84e-04	9.46e-02	4.50e-01	4.55e-01
 1.41321e+23	6.70e-14	1.72e-09	1.19e-06	7.17e-05	9.85e-04	1.01e-01	4.57e-01	4.41e-01
 1.41925e+23	8.98e-14	2.22e-09	1.49e-06	8.63e-05	1.12e-03	1.08e-01	4.65e-01	4.25e-01
 1.42499e+23	1.11e-13	2.67e-09	1.75e-06	9.85e-05	1.24e-03	1.14e-01	4.71e-01	4.13e-01
 1.43055e+23	1.45e-13	3.39e-09	2.16e-06	1.17e-04	1.40e-03	1.23e-01	4.78e-01	3.98e-01
 1.43621e+23	1.79e-13	4.08e-09	2.54e-06	1.35e-04	1.55e-03	1.29e-01	4.84e-01	3.85e-01
 1.44176e+23	2.30e-13	5.10e-09	3.09e-06	1.59e-04	1.75e-03	1.38e-01	4.90e-01	3.70e-01
 1.44742e+23	2.84e-13	6.17e-09	3.66e-06	1.84e-04	1.94e-03	1.46e-01	4.95e-01	3.57e-01
 1.45294e+23	3.56e-13	7.56e-09	4.39e-06	2.15e-04	2.18e-03	1.55e-01	4.99e-01	3.43e-01
 1.45857e+23	4.39e-13	9.13e-09	5.20e-06	2.49e-04	2.42e-03	1.65e-01	5.03e-01	3.29e-01
 1.46415e+23	5.42e-13	1.10e-08	6.17e-06	2.89e-04	2.71e-03	1.74e-01	5.07e-01	3.16e-01
 1.46976e+23	6.61e-13	1.32e-08	7.28e-06	3.34e-04	3.01e-03	1.84e-01	5.10e-01	3.02e-01
 1.47531e+23	8.01e-13	1.58e-08	8.55e-06	3.85e-04	3.35e-03	1.95e-01	5.12e-01	2.89e-01
 1.48085e+23	9.64e-13	1.87e-08	1.00e-05	4.42e-04	3.71e-03	2.05e-01	5.14e-01	2.77e-01
 1.48640e+23	1.15e-12	2.21e-08	1.17e-05	5.08e-04	4.11e-03	2.16e-01	5.15e-01	2.64e-01
 1.49197e+23	1.37e-12	2.60e-08	1.36e-05	5.81e-04	4.55e-03	2.27e-01	5.16e-01	2.52e-01
 1.49758e+23	1.62e-12	3.04e-08	1.57e-05	6.65e-04	5.03e-03	2.39e-01	5.16e-01	2.40e-01
 1.50323e+23	1.91e-12	3.54e-08	1.82e-05	7.59e-04	5.56e-03	2.51e-01	5.15e-01	2.28e-01
 1.50896e+23	2.23e-12	4.12e-08	2.10e-05	8.66e-04	6.15e-03	2.63e-01	5.14e-01	2.16e-01
 1.51472e+23	2.60e-12	4.76e-08	2.41e-05	9.84e-04	6.77e-03	2.75e-01	5.12e-01	2.05e-01
 1.52057e+23	3.02e-12	5.50e-08	2.77e-05	1.12e-03	7.47e-03	2.88e-01	5.09e-01	1.94e-01
 1.52650e+23	3.55e-12	6.32e-08	3.17e-05	1.27e-03	8.22e-03	3.01e-01	5.06e-01	1.84e-01
 1.53253e+23	4.10e-12	7.27e-08	3.63e-05	1.44e-03	9.07e-03	3.15e-01	5.02e-01	1.73e-01
 1.53815e+23	4.61e-12	8.13e-08	4.05e-05	1.60e-03	9.81e-03	3.26e-01	4.98e-01	1.65e-01
 1.54394e+23	5.31e-12	9.34e-08	4.65e-05	1.82e-03	1.08e-02	3.40e-01	4.93e-01	1.54e-01
 1.54983e+23	5.94e-12	1.04e-07	5.18e-05	2.01e-03	1.17e-02	3.52e-01	4.88e-01	1.46e-01
 1.55585e+23	6.80e-12	1.19e-07	5.93e-05	2.29e-03	1.29e-02	3.67e-01	4.81e-01	1.37e-01
 1.56191e+23	7.59e-12	1.33e-07	6.58e-05	2.52e-03	1.39e-02	3.78e-01	4.76e-01	1.30e-01
 1.56800e+23	8.65e-12	1.51e-07	7.50e-05	2.85e-03	1.53e-02	3.93e-01	4.68e-01	1.21e-01
 1.57412e+23	9.59e-12	1.67e-07	8.30e-05	3.13e-03	1.65e-02	4.05e-01	4.61e-01	1.14e-01
 1.58029e+23	1.09e-11	1.90e-07	9.42e-05	3.52e-03	1.81e-02	4.20e-01	4.53e-01	1.06e-01
 1.58652e+23	1.20e-11	2.09e-07	1.04e-04	3.86e-03	1.94e-02	4.31e-01	4.45e-01	1.00e-01
 1.59282e+23	1.36e-11	2.37e-07	1.18e-04	4.33e-03	2.12e-02	4.46e-01	4.36e-01	9.26e-02
 1.59919e+23	1.50e-11	2.61e-07	1.30e-04	4.74e-03	2.28e-02	4.57e-01	4.28e-01	8.71e-02
 1.60567e+23	1.69e-11	2.95e-07	1.47e-04	5.32e-03	2.49e-02	4.72e-01	4.17e-01	8.04e-02
 1.61226e+23	1.87e-11	3.26e-07	1.63e-04	5.81e-03	2.67e-02	4.83e-01	4.09e-01	7.54e-02
 1.61899e+23	2.11e-11	3.68e-07	1.84e-04	6.51e-03	2.91e-02	4.97e-01	3.97e-01	6.92e-02
 1.62586e+23	2.34e-11	4.07e-07	2.04e-04	7.12e-03	3.12e-02	5.09e-01	3.88e-01	6.47e-02
 1.63293e+23	2.65e-11	4.62e-07	2.32e-04	7.98e-03	3.41e-02	5.23e-01	3.76e-01	5.90e-02
 1.64016e+23	2.95e-11	5.13e-07	2.58e-04	8.73e-03	3.65e-02	5.34e-01	3.66e-01	5.49e-02
 1.64625e+23	3.24e-11	5.62e-07	2.82e-04	9.44e-03	3.87e-02	5.43e-01	3.57e-01	5.14e-02
 1.65280e+23	3.63e-11	6.30e-07	3.17e-04	1.04e-02	4.18e-02	5.55e-01	3.46e-01	4.71e-02
 1.65945e+23	4.00e-11	6.92e-07	3.48e-04	1.13e-02	4.43e-02	5.63e-01	3.37e-01	4.40e-02
 1.66523e+23	4.35e-11	7.54e-07	3.80e-04	1.21e-02	4.69e-02	5.72e-01	3.28e-01	4.12e-02
 1.67173e+23	4.85e-11	8.42e-07	4.25e-04	1.33e-02	5.04e-02	5.82e-01	3.16e-01	3.77e-02
 1.67819e+23	5.33e-11	9.21e-07	4.63e-04	1.43e-02	5.30e-02	5.89e-01	3.08e-01	3.53e-02
 1.68460e+23	5.93e-11	1.03e-06	5.17e-04	1.56e-02	5.67e-02	5.98e-01	2.97e-01	3.23e-02
 1.69111e+23	6.54e-11	1.13e-06	5.66e-04	1.68e-02	5.97e-02	6.04e-01	2.89e-01	3.02e-02
 1.69774e+23	7.32e-11	1.26e-06	6.33e-04	1.84e-02	6.38e-02	6.12e-01	2.77e-01	2.75e-02
 1.70449e+23	8.12e-11	1.39e-06	6.95e-04	1.97e-02	6.71e-02	6.18e-01	2.69e-01	2.56e-02
 1.71138e+23	9.11e-11	1.56e-06	7.80e-04	2.16e-02	7.18e-02	6.25e-01	2.57e-01	2.32e-02
 1.71837e+23	1.01e-10	1.72e-06	8.58e-04	2.32e-02	7.55e-02	6.30e-01	2.49e-01	2.15e-02
 1.72551e+23	1.15e-10	1.95e-06	9.68e-04	2.54e-02	8.06e-02	6.36e-01	2.37e-01	1.95e-02
 1.73285e+23	1.28e-10	2.17e-06	1.07e-03	2.73e-02	8.49e-02	6.40e-01	2.28e-01	1.79e-02
 1.74046e+23	1.47e-10	2.47e-06	1.22e-03	3.00e-02	9.07e-02	6.45e-01	2.17e-01	1.61e-02
 1.74823e+23	1.66e-10	2.76e-06	1.35e-03	3.24e-02	9.55e-02	6.48e-01	2.08e-01	1.47e-02
 1.75619e+23	1.91e-10	3.18e-06	1.54e-03	3.56e-02	1.02e-01	6.51e-01	1.97e-01	1.31e-02
 1.76424e+23	2.18e-10	3.57e-06	1.72e-03	3.84e-02	1.07e-01	6.53e-01	1.88e-01	1.20e-02
 1.77238e+23	2.52e-10	4.11e-06	1.96e-03	4.22e-02	1.14e-01	6.54e-01	1.77e-01	1.06e-02
 1.78061e+23	2.88e-10	4.64e-06	2.19e-03	4.54e-02	1.20e-01	6.54e-01	1.69e-01	9.65e-03
 1.78895e+23	3.36e-10	5.37e-06	2.51e-03	4.99e-02	1.28e-01	6.53e-01	1.58e-01	8.49e-03
 1.79711e+23	3.83e-10	6.04e-06	2.78e-03	5.34e-02	1.33e-01	6.52e-01	1.51e-01	7.77e-03
 1.80500e+23	4.44e-10	6.93e-06	3.17e-03	5.82e-02	1.41e-01	6.49e-01	1.42e-01	6.86e-03
 1.81318e+23	5.11e-10	7.86e-06	3.53e-03	6.25e-02	1.47e-01	6.46e-01	1.35e-01	6.22e-03
 1.82016e+23	5.72e-10	8.71e-06	3.88e-03	6.65e-02	1.53e-01	6.43e-01	1.28e-01	5.68e-03
 1.82768e+23	6.65e-10	9.99e-06	4.38e-03	7.19e-02	1.60e-01	6.38e-01	1.21e-01	5.06e-03
 1.83532e+23	7.53e-10	1.12e-05	4.84e-03	7.66e-02	1.66e-01	6.33e-01	1.15e-01	4.59e-03
 1.84205e+23	8.50e-10	1.25e-05	5.32e-03	8.14e-02	1.72e-01	6.28e-01	1.09e-01	4.18e-03
 1.84973e+23	9.94e-10	1.43e-05	6.00e-03	8.77e-02	1.79e-01	6.21e-01	1.02e-01	3.71e-03
 1.85772e+23	1.14e-09	1.61e-05	6.67e-03	9.37e-02	1.86e-01	6.14e-01	9.58e-02	3.32e-03
 1.86488e+23	1.30e-09	1.81e-05	7.36e-03	9.96e-02	1.93e-01	6.07e-01	9.05e-02	3.00e-03
 1.87295e+23	1.53e-09	2.10e-05	8.33e-03	1.07e-01	2.00e-01	5.97e-01	8.41e-02	2.64e-03
 1.88138e+23	1.77e-09	2.38e-05	9.30e-03	1.15e-01	2.08e-01	5.88e-01	7.85e-02	2.34e-03
 1.88898e+23	2.04e-09	2.69e-05	1.03e-02	1.22e-01	2.14e-01	5.78e-01	7.37e-02	2.09e-03
 1.89756e+23	2.44e-09	3.15e-05	1.17e-02	1.31e-01	2.22e-01	5.65e-01	6.78e-02	1.81e-03
 1.90643e+23	2.84e-09	3.59e-05	1.31e-02	1.40e-01	2.29e-01	5.53e-01	6.28e-02	1.59e-03
 1.91432e+23	3.30e-09	4.08e-05	1.45e-02	1.49e-01	2.36e-01	5.41e-01	5.85e-02	1.41e-03
 1.92325e+23	3.99e-09	4.79e-05	1.65e-02	1.60e-01	2.43e-01	5.25e-01	5.33e-02	1.21e-03
 1.93253e+23	4.69e-09	5.50e-05	1.85e-02	1.71e-01	2.50e-01	5.11e-01	4.89e-02	1.05e-03
 1.94086e+23	5.50e-09	6.28e-05	2.06e-02	1.81e-01	2.56e-01	4.96e-01	4.51e-02	9.19e-04
 1.95030e+23	6.72e-09	7.44e-05	2.35e-02	1.94e-01	2.63e-01	4.78e-01	4.07e-02	7.76e-04
 1.96011e+23	7.86e-09	8.61e-05	2.64e-02	2.07e-01	2.69e-01	4.61e-01	3.69e-02	6.62e-04
 1.96890e+23	9.31e-09	9.89e-05	2.94e-02	2.18e-01	2.73e-01	4.44e-01	3.37e-02	5.73e-04
 1.97884e+23	1.15e-08	1.18e-04	3.36e-02	2.34e-01	2.79e-01	4.23e-01	2.98e-02	4.73e-04
 1.98898e+23	1.38e-08	1.36e-04	3.75e-02	2.47e-01	2.83e-01	4.05e-01	2.68e-02	4.01e-04
 1.99803e+23	1.64e-08	1.57e-04	4.17e-02	2.60e-01	2.86e-01	3.87e-01	2.42e-02	3.41e-04
 2.00843e+23	2.06e-08	1.89e-04	4.77e-02	2.78e-01	2.90e-01	3.63e-01	2.10e-02	2.75e-04
 2.01893e+23	2.47e-08	2.17e-04	5.30e-02	2.92e-01	2.91e-01	3.45e-01	1.88e-02	2.31e-04
 2.02953e+23	3.11e-08	2.61e-04	6.03e-02	3.09e-01	2.92e-01	3.21e-01	1.62e-02	1.85e-04
 2.04038e+23	3.77e-08	3.03e-04	6.70e-02	3.24e-01	2.92e-01	3.02e-01	1.43e-02	1.53e-04
 2.05006e+23	4.54e-08	3.51e-04	7.43e-02	3.38e-01	2.92e-01	2.83e-01	1.25e-02	1.26e-04
 2.06118e+23	5.79e-08	4.23e-04	8.43e-02	3.55e-01	2.89e-01	2.60e-01	1.06e-02	9.84e-05
 2.07247e+23	7.05e-08	4.91e-04	9.32e-02	3.69e-01	2.86e-01	2.42e-01	9.20e-03	8.00e-05
 2.08398e+23	9.06e-08	5.94e-04	1.06e-01	3.86e-01	2.81e-01	2.19e-01	7.64e-03	6.10e-05
 2.09560e+23	1.11e-07	6.90e-04	1.16e-01	3.99e-01	2.76e-01	2.01e-01	6.56e-03	4.89e-05
 2.10567e+23	1.34e-07	7.94e-04	1.27e-01	4.10e-01	2.70e-01	1.86e-01	5.66e-03	3.96e-05
 2.11534e+23	1.60e-07	9.08e-04	1.38e-01	4.20e-01	2.64e-01	1.71e-01	4.89e-03	3.22e-05
 2.12458e+23	1.91e-07	1.03e-03	1.49e-01	4.29e-01	2.58e-01	1.58e-01	4.25e-03	2.63e-05
 2.13498e+23	2.38e-07	1.21e-03	1.64e-01	4.40e-01	2.49e-01	1.42e-01	3.53e-03	2.02e-05
 2.14534e+23	2.83e-07	1.37e-03	1.77e-01	4.47e-01	2.42e-01	1.30e-01	3.04e-03	1.64e-05
 2.15566e+23	3.51e-07	1.60e-03	1.93e-01	4.55e-01	2.32e-01	1.16e-01	2.51e-03	1.25e-05
 2.16616e+23	4.19e-07	1.82e-03	2.07e-01	4.60e-01	2.23e-01	1.06e-01	2.13e-03	1.00e-05
 2.17691e+23	5.22e-07	2.13e-03	2.26e-01	4.65e-01	2.12e-01	9.34e-02	1.73e-03	7.50e-06
 2.18774e+23	6.24e-07	2.41e-03	2.41e-01	4.68e-01	2.03e-01	8.42e-02	1.46e-03	5.92e-06
 2.19868e+23	7.79e-07	2.81e-03	2.61e-01	4.70e-01	1.91e-01	7.37e-02	1.17e-03	4.38e-06
 2.20975e+23	9.33e-07	3.19e-03	2.78e-01	4.70e-01	1.82e-01	6.58e-02	9.76e-04	3.40e-06
 2.21860e+23	1.07e-06	3.51e-03	2.92e-01	4.69e-01	1.74e-01	6.02e-02	8.44e-04	2.79e-06
 2.22772e+23	1.29e-06	3.98e-03	3.10e-01	4.67e-01	1.64e-01	5.34e-02	6.98e-04	2.15e-06
 2.23700e+23	1.49e-06	4.40e-03	3.25e-01	4.65e-01	1.57e-01	4.84e-02	5.94e-04	1.73e-06
 2.24648e+23	1.79e-06	4.97e-03	3.44e-01	4.61e-01	1.47e-01	4.26e-02	4.87e-04	1.32e-06
 2.25607e+23	2.08e-06	5.50e-03	3.60e-01	4.57e-01	1.39e-01	3.83e-02	4.10e-04	1.05e-06
 2.26443e+23	2.40e-06	6.05e-03	3.75e-01	4.52e-01	1.32e-01	3.45e-02	3.48e-04	8.39e-07
 2.27392e+23	2.88e-06	6.83e-03	3.95e-01	4.45e-01	1.22e-01	3.02e-02	2.82e-04	6.30e-07
 2.28354e+23	3.32e-06	7.50e-03	4.11e-01	4.39e-01	1.15e-01	2.70e-02	2.37e-04	5.01e-07
 2.29333e+23	3.97e-06	8.45e-03	4.31e-01	4.31e-01	1.07e-01	2.35e-02	1.91e-04	3.73e-07
 2.30326e+23	4.61e-06	9.31e-03	4.47e-01	4.23e-01	9.99e-02	2.08e-02	1.58e-04	2.90e-07
 2.31198e+23	5.32e-06	1.02e-02	4.63e-01	4.14e-01	9.35e-02	1.86e-02	1.32e-04	2.28e-07
 2.32196e+23	6.38e-06	1.15e-02	4.84e-01	4.03e-01	8.57e-02	1.59e-02	1.04e-04	1.66e-07
 2.33204e+23	7.34e-06	1.26e-02	4.99e-01	3.94e-01	7.98e-02	1.41e-02	8.64e-05	1.29e-07
 2.34228e+23	8.78e-06	1.41e-02	5.19e-01	3.82e-01	7.29e-02	1.21e-02	6.79e-05	0.00e+00
 2.35272e+23	1.02e-05	1.55e-02	5.36e-01	3.71e-01	6.72e-02	1.05e-02	5.52e-05	0.00e+00
 2.36199e+23	1.18e-05	1.70e-02	5.51e-01	3.60e-01	6.22e-02	9.25e-03	4.52e-05	0.00e+00
 2.37259e+23	1.43e-05	1.92e-02	5.71e-01	3.46e-01	5.61e-02	7.80e-03	3.47e-05	0.00e+00
 2.38333e+23	1.65e-05	2.10e-02	5.86e-01	3.35e-01	5.16e-02	6.80e-03	2.81e-05	0.00e+00
 2.39425e+23	1.99e-05	2.36e-02	6.05e-01	3.20e-01	4.63e-02	5.70e-03	2.15e-05	0.00e+00
 2.40546e+23	2.32e-05	2.60e-02	6.20e-01	3.07e-01	4.21e-02	4.89e-03	1.70e-05	0.00e+00
 2.41550e+23	2.70e-05	2.85e-02	6.34e-01	2.95e-01	3.83e-02	4.21e-03	1.36e-05	0.00e+00
 2.42701e+23	3.27e-05	3.21e-02	6.51e-01	2.79e-01	3.40e-02	3.48e-03	1.01e-05	0.00e+00
 2.43879e+23	3.83e-05	3.54e-02	6.65e-01	2.66e-01	3.06e-02	2.95e-03	7.88e-06	0.00e+00
 2.44776e+23	4.27e-05	3.78e-02	6.74e-01	2.57e-01	2.84e-02	2.63e-03	6.63e-06	0.00e+00
 2.45626e+23	4.91e-05	4.12e-02	6.85e-01	2.46e-01	2.59e-02	2.27e-03	5.30e-06	0.00e+00
 2.46492e+23	5.49e-05	4.41e-02	6.93e-01	2.37e-01	2.39e-02	2.01e-03	4.41e-06	0.00e+00
 2.47380e+23	6.35e-05	4.81e-02	7.03e-01	2.25e-01	2.16e-02	1.72e-03	3.48e-06	0.00e+00
 2.48279e+23	7.10e-05	5.15e-02	7.11e-01	2.16e-01	1.99e-02	1.52e-03	2.88e-06	0.00e+00
 2.49190e+23	8.22e-05	5.62e-02	7.20e-01	2.05e-01	1.80e-02	1.29e-03	2.26e-06	0.00e+00
 2.50114e+23	9.22e-05	6.02e-02	7.26e-01	1.96e-01	1.65e-02	1.13e-03	1.85e-06	0.00e+00
 2.51053e+23	1.07e-04	6.57e-02	7.34e-01	1.85e-01	1.48e-02	9.59e-04	1.44e-06	0.00e+00
 2.52009e+23	1.20e-04	7.05e-02	7.39e-01	1.76e-01	1.35e-02	8.34e-04	1.16e-06	0.00e+00
 2.52986e+23	1.40e-04	7.71e-02	7.45e-01	1.65e-01	1.20e-02	6.99e-04	8.89e-07	0.00e+00
 2.53978e+23	1.58e-04	8.27e-02	7.50e-01	1.56e-01	1.09e-02	6.04e-04	7.14e-07	0.00e+00
 2.54989e+23	1.84e-04	9.07e-02	7.54e-01	1.45e-01	9.59e-03	5.01e-04	5.39e-07	0.00e+00
 2.56019e+23	2.08e-04	9.73e-02	7.56e-01	1.37e-01	8.65e-03	4.29e-04	4.27e-07	0.00e+00
 2.57073e+23	2.44e-04	1.07e-01	7.58e-01	1.27e-01	7.58e-03	3.52e-04	3.17e-07	0.00e+00
 2.58149e+23	2.77e-04	1.15e-01	7.59e-01	1.19e-01	6.79e-03	2.99e-04	2.48e-07	0.00e+00
 2.59255e+23	3.27e-04	1.26e-01	7.58e-01	1.09e-01	5.89e-03	2.42e-04	1.81e-07	0.00e+00
 2.60378e+23	3.73e-04	1.36e-01	7.57e-01	1.01e-01	5.24e-03	2.03e-04	1.39e-07	0.00e+00
 2.61525e+23	4.39e-04	1.49e-01	7.53e-01	9.22e-02	4.52e-03	1.62e-04	0.00e+00	0.00e+00
 2.62695e+23	5.04e-04	1.61e-01	7.49e-01	8.49e-02	3.98e-03	1.35e-04	0.00e+00	0.00e+00
 2.63895e+23	6.00e-04	1.78e-01	7.42e-01	7.62e-02	3.39e-03	1.05e-04	0.00e+00	0.00e+00
 2.65096e+23	6.86e-04	1.91e-01	7.35e-01	6.99e-02	2.98e-03	8.71e-05	0.00e+00	0.00e+00
 2.66298e+23	8.17e-04	2.11e-01	7.24e-01	6.22e-02	2.53e-03	6.77e-05	0.00e+00	0.00e+00
 2.67517e+23	9.38e-04	2.27e-01	7.14e-01	5.64e-02	2.20e-03	5.51e-05	0.00e+00	0.00e+00
 2.68758e+23	1.12e-03	2.50e-01	6.98e-01	4.95e-02	1.85e-03	4.20e-05	0.00e+00	0.00e+00
 2.70015e+23	1.30e-03	2.69e-01	6.83e-01	4.43e-02	1.60e-03	3.36e-05	0.00e+00	0.00e+00
 2.71292e+23	1.56e-03	2.97e-01	6.62e-01	3.82e-02	1.32e-03	2.51e-05	0.00e+00	0.00e+00
 2.72585e+23	1.81e-03	3.20e-01	6.43e-01	3.37e-02	1.13e-03	1.97e-05	0.00e+00	0.00e+00
 2.73897e+23	2.20e-03	3.55e-01	6.14e-01	2.83e-02	9.14e-04	1.42e-05	0.00e+00	0.00e+00
 2.75214e+23	2.57e-03	3.82e-01	5.91e-01	2.46e-02	7.75e-04	1.09e-05	0.00e+00	0.00e+00
 2.76538e+23	3.13e-03	4.21e-01	5.55e-01	2.02e-02	6.19e-04	7.66e-06	0.00e+00	0.00e+00
 2.77886e+23	3.68e-03	4.54e-01	5.25e-01	1.70e-02	5.12e-04	5.66e-06	0.00e+00	0.00e+00
 2.79266e+23	4.55e-03	5.00e-01	4.82e-01	1.33e-02	3.94e-04	3.73e-06	0.00e+00	0.00e+00
 2.80667e+23	5.43e-03	5.39e-01	4.44e-01	1.08e-02	3.16e-04	2.61e-06	0.00e+00	0.00e+00
 2.82095e+23	6.77e-03	5.91e-01	3.94e-01	8.02e-03	2.33e-04	1.61e-06	0.00e+00	0.00e+00
 2.83538e+23	8.17e-03	6.34e-01	3.51e-01	6.14e-03	1.78e-04	1.04e-06	0.00e+00	0.00e+00
 2.84634e+23	9.44e-03	6.68e-01	3.18e-01	4.93e-03	1.43e-04	7.37e-07	0.00e+00	0.00e+00
 2.85691e+23	1.11e-02	7.06e-01	2.79e-01	3.74e-03	1.09e-04	4.74e-07	0.00e+00	0.00e+00
 2.86807e+23	1.31e-02	7.42e-01	2.42e-01	2.82e-03	8.20e-05	3.04e-07	0.00e+00	0.00e+00
 2.87828e+23	1.53e-02	7.74e-01	2.08e-01	2.10e-03	6.11e-05	1.93e-07	0.00e+00	0.00e+00
 2.88985e+23	1.86e-02	8.12e-01	1.68e-01	1.41e-03	4.08e-05	0.00e+00	0.00e+00	0.00e+00
 2.90164e+23	2.26e-02	8.43e-01	1.33e-01	9.41e-04	2.69e-05	0.00e+00	0.00e+00	0.00e+00
 2.91114e+23	2.65e-02	8.65e-01	1.07e-01	6.53e-04	1.83e-05	0.00e+00	0.00e+00	0.00e+00
 2.91941e+23	3.11e-02	8.83e-01	8.59e-02	4.56e-04	1.23e-05	0.00e+00	0.00e+00	0.00e+00
 2.92721e+23	3.64e-02	8.96e-01	6.77e-02	3.16e-04	8.12e-06	0.00e+00	0.00e+00	0.00e+00
 2.93456e+23	4.28e-02	9.05e-01	5.23e-02	2.18e-04	5.20e-06	0.00e+00	0.00e+00	0.00e+00
 2.94127e+23	5.03e-02	9.09e-01	4.02e-02	1.52e-04	3.31e-06	0.00e+00	0.00e+00	0.00e+00
 2.94722e+23	5.90e-02	9.10e-01	3.09e-02	1.09e-04	2.11e-06	0.00e+00	0.00e+00	0.00e+00
 2.95252e+23	6.89e-02	9.07e-01	2.38e-02	8.01e-05	1.36e-06	0.00e+00	0.00e+00	0.00e+00
 2.95729e+23	8.03e-02	9.01e-01	1.84e-02	6.04e-05	8.82e-07	0.00e+00	0.00e+00	0.00e+00
 2.96171e+23	9.38e-02	8.92e-01	1.42e-02	4.63e-05	5.74e-07	0.00e+00	0.00e+00	0.00e+00
 2.96577e+23	1.10e-01	8.79e-01	1.10e-02	3.63e-05	3.78e-07	0.00e+00	0.00e+00	0.00e+00
 2.96947e+23	1.27e-01	8.64e-01	8.58e-03	2.90e-05	2.54e-07	0.00e+00	0.00e+00	0.00e+00
 2.97288e+23	1.47e-01	8.46e-01	6.74e-03	2.37e-05	1.73e-07	0.00e+00	0.00e+00	0.00e+00
 2.97520e+23	1.62e-01	8.32e-01	5.75e-03	2.08e-05	1.35e-07	0.00e+00	0.00e+00	0.00e+00
 2.97631e+23	1.70e-01	8.24e-01	5.30e-03	1.96e-05	0.00e+00	0.00e+00	0.00e+00	0.00e+00
 2.97730e+23	1.78e-01	8.17e-01	4.91e-03	1.85e-05	0.00e+00	0.00e+00	0.00e+00	0.00e+00
 2.97854e+23	1.89e-01	8.07e-01	4.45e-03	1.72e-05	0.00e+00	0.00e+00	0.00e+00	0.00e+00
 2.98000e+23	2.02e-01	7.94e-01	3.96e-03	1.58e-05	0.00e+00	0.00e+00	0.00e+00	0.00e+00
 2.98146e+23	2.15e-01	7.81e-01	3.55e-03	1.46e-05	0.00e+00	0.00e+00	0.00e+00	0.00e+00
 2.98294e+23	2.30e-01	7.67e-01	3.14e-03	1.34e-05	0.00e+00	0.00e+00	0.00e+00	0.00e+00
 2.98449e+23	2.47e-01	7.51e-01	2.77e-03	1.23e-05	0.00e+00	0.00e+00	0.00e+00	0.00e+00
 2.98602e+23	2.64e-01	7.34e-01	2.44e-03	1.14e-05	0.00e+00	0.00e+00	0.00e+00	0.00e+00
 2.98763e+23	2.82e-01	7.16e-01	2.14e-03	1.04e-05	0.00e+00	0.00e+00	0.00e+00	0.00e+00
 2.98930e+23	3.03e-01	6.96e-01	1.86e-03	9.57e-06	0.00e+00	0.00e+00	0.00e+00	0.00e+00
 2.99092e+23	3.23e-01	6.75e-01	1.63e-03	8.81e-06	0.00e+00	0.00e+00	0.00e+00	0.00e+00
 2.99218e+23	3.38e-01	6.61e-01	1.48e-03	8.31e-06	0.00e+00	0.00e+00	0.00e+00	0.00e+00
 2.99302e+23	3.49e-01	6.50e-01	1.38e-03	7.98e-06	0.00e+00	0.00e+00	0.00e+00	0.00e+00
 2.99386e+23	3.60e-01	6.39e-01	1.29e-03	7.66e-06	0.00e+00	0.00e+00	0.00e+00	0.00e+00
 2.99485e+23	3.73e-01	6.26e-01	1.18e-03	7.30e-06	0.00e+00	0.00e+00	0.00e+00	0.00e+00
 2.99592e+23	3.87e-01	6.12e-01	1.08e-03	6.95e-06	0.00e+00	0.00e+00	0.00e+00	0.00e+00
 2.99698e+23	4.01e-01	5.98e-01	9.93e-04	6.62e-06	0.00e+00	0.00e+00	0.00e+00	0.00e+00
 2.99802e+23	4.14e-01	5.85e-01	9.11e-04	6.32e-06	0.00e+00	0.00e+00	0.00e+00	0.00e+00
 2.99908e+23	4.28e-01	5.71e-01	8.36e-04	6.02e-06	0.00e+00	0.00e+00	0.00e+00	0.00e+00
 3.00019e+23	4.42e-01	5.57e-01	7.63e-04	5.73e-06	0.00e+00	0.00e+00	0.00e+00	0.00e+00
 3.00131e+23	4.57e-01	5.42e-01	6.96e-04	5.46e-06	0.00e+00	0.00e+00	0.00e+00	0.00e+00
 3.00244e+23	4.71e-01	5.28e-01	6.35e-04	5.21e-06	0.00e+00	0.00e+00	0.00e+00	0.00e+00
 3.00360e+23	4.86e-01	5.13e-01	5.79e-04	4.96e-06	0.00e+00	0.00e+00	0.00e+00	0.00e+00
 3.00480e+23	5.01e-01	4.98e-01	5.26e-04	4.72e-06	0.00e+00	0.00e+00	0.00e+00	0.00e+00
 3.00604e+23	5.16e-01	4.83e-01	4.76e-04	4.49e-06	0.00e+00	0.00e+00	0.00e+00	0.00e+00
 3.00730e+23	5.31e-01	4.68e-01	4.31e-04	4.27e-06	0.00e+00	0.00e+00	0.00e+00	0.00e+00
 3.00858e+23	5.47e-01	4.53e-01	3.91e-04	4.06e-06	0.00e+00	0.00e+00	0.00e+00	0.00e+00
 3.00991e+23	5.62e-01	4.38e-01	3.53e-04	3.85e-06	0.00e+00	0.00e+00	0.00e+00	0.00e+00
 3.01128e+23	5.77e-01	4.22e-01	3.18e-04	3.66e-06	0.00e+00	0.00e+00	0.00e+00	0.00e+00
 3.01268e+23	5.92e-01	4.08e-01	2.86e-04	3.47e-06	0.00e+00	0.00e+00	0.00e+00	0.00e+00
 3.01413e+23	6.08e-01	3.92e-01	2.57e-04	3.29e-06	0.00e+00	0.00e+00	0.00e+00	0.00e+00
 3.01564e+23	6.23e-01	3.77e-01	2.31e-04	3.11e-06	0.00e+00	0.00e+00	0.00e+00	0.00e+00
 3.01716e+23	6.38e-01	3.62e-01	2.07e-04	2.95e-06	0.00e+00	0.00e+00	0.00e+00	0.00e+00
 3.01871e+23	6.53e-01	3.47e-01	1.86e-04	2.80e-06	0.00e+00	0.00e+00	0.00e+00	0.00e+00
 3.02034e+23	6.67e-01	3.32e-01	1.67e-04	2.64e-06	0.00e+00	0.00e+00	0.00e+00	0.00e+00
 3.02204e+23	6.82e-01	3.18e-01	1.49e-04	2.50e-06	0.00e+00	0.00e+00	0.00e+00	0.00e+00
 3.02377e+23	6.96e-01	3.03e-01	1.34e-04	2.36e-06	0.00e+00	0.00e+00	0.00e+00	0.00e+00
 3.02555e+23	7.10e-01	2.89e-01	1.20e-04	2.23e-06	0.00e+00	0.00e+00	0.00e+00	0.00e+00
 3.02740e+23	7.24e-01	2.76e-01	1.07e-04	2.10e-06	0.00e+00	0.00e+00	0.00e+00	0.00e+00
 3.02931e+23	7.38e-01	2.62e-01	9.64e-05	1.98e-06	0.00e+00	0.00e+00	0.00e+00	0.00e+00
 3.03124e+23	7.50e-01	2.50e-01	8.70e-05	1.87e-06	0.00e+00	0.00e+00	0.00e+00	0.00e+00
 3.03319e+23	7.63e-01	2.37e-01	7.87e-05	1.77e-06	0.00e+00	0.00e+00	0.00e+00	0.00e+00
 3.03522e+23	7.75e-01	2.25e-01	7.12e-05	1.67e-06	0.00e+00	0.00e+00	0.00e+00	0.00e+00
 3.03733e+23	7.87e-01	2.13e-01	6.46e-05	1.58e-06	0.00e+00	0.00e+00	0.00e+00	0.00e+00
 3.03948e+23	7.98e-01	2.02e-01	5.89e-05	1.49e-06	0.00e+00	0.00e+00	0.00e+00	0.00e+00
 3.04164e+23	8.08e-01	1.92e-01	5.40e-05	1.41e-06	0.00e+00	0.00e+00	0.00e+00	0.00e+00
 3.04386e+23	8.18e-01	1.82e-01	4.96e-05	1.34e-06	0.00e+00	0.00e+00	0.00e+00	0.00e+00
 3.04619e+23	8.28e-01	1.72e-01	4.57e-05	1.27e-06	0.00e+00	0.00e+00	0.00e+00	0.00e+00
 3.04859e+23	8.37e-01	1.63e-01	4.23e-05	1.20e-06	0.00e+00	0.00e+00	0.00e+00	0.00e+00
 3.05105e+23	8.46e-01	1.54e-01	3.93e-05	1.14e-06	0.00e+00	0.00e+00	0.00e+00	0.00e+00
 3.05361e+23	8.55e-01	1.45e-01	3.65e-05	1.07e-06	0.00e+00	0.00e+00	0.00e+00	0.00e+00
 3.05629e+23	8.64e-01	1.36e-01	3.41e-05	1.02e-06	0.00e+00	0.00e+00	0.00e+00	0.00e+00
 3.05906e+23	8.72e-01	1.28e-01	3.19e-05	9.62e-07	0.00e+00	0.00e+00	0.00e+00	0.00e+00
 3.06192e+23	8.80e-01	1.20e-01	3.00e-05	9.09e-07	0.00e+00	0.00e+00	0.00e+00	0.00e+00
 3.06477e+23	8.87e-01	1.13e-01	2.83e-05	8.63e-07	0.00e+00	0.00e+00	0.00e+00	0.00e+00
 3.06751e+23	8.93e-01	1.07e-01	2.69e-05	8.22e-07	0.00e+00	0.00e+00	0.00e+00	0.00e+00
 3.07016e+23	8.99e-01	1.01e-01	2.57e-05	7.85e-07	0.00e+00	0.00e+00	0.00e+00	0.00e+00
 3.07273e+23	9.05e-01	9.54e-02	2.46e-05	7.52e-07	0.00e+00	0.00e+00	0.00e+00	0.00e+00
 3.07518e+23	9.09e-01	9.05e-02	2.37e-05	7.23e-07	0.00e+00	0.00e+00	0.00e+00	0.00e+00
 3.07751e+23	9.14e-01	8.59e-02	2.29e-05	6.96e-07	0.00e+00	0.00e+00	0.00e+00	0.00e+00
 3.07969e+23	9.18e-01	8.20e-02	2.22e-05	6.73e-07	0.00e+00	0.00e+00	0.00e+00	0.00e+00
 3.08181e+23	9.22e-01	7.83e-02	2.16e-05	6.50e-07	0.00e+00	0.00e+00	0.00e+00	0.00e+00
 3.08395e+23	9.25e-01	7.47e-02	2.10e-05	6.29e-07	0.00e+00	0.00e+00	0.00e+00	0.00e+00
 3.08534e+23	9.27e-01	7.27e-02	2.07e-05	6.18e-07	0.00e+00	0.00e+00	0.00e+00	0.00e+00
