#depth	Ar	Ar+	Ar+2	Ar+3	Ar+4	Ar+5	Ar+6	Ar+7	Ar+8	Ar+9	Ar+10	Ar+11	Ar+12	Ar+13	Ar+14	Ar+15	Ar+16	Ar+17	Ar+18
 1.54284e+22	0.00e+00	0.00e+00	0.00e+00	0.00e+00	0.00e+00	0.00e+00	0.00e+00	0.00e+00	1.18e-23	2.62e-20	2.84e-17	1.46e-14	5.27e-12	9.55e-10	1.09e-07	1.30e-05	2.73e-03	8.69e-02	9.10e-01
 3.47148e+22	0.00e+00	0.00e+00	0.00e+00	0.00e+00	0.00e+00	0.00e+00	0.00e+00	1.53e-25	7.11e-22	1.02e-18	7.21e-16	2.46e-13	5.82e-11	6.97e-09	5.29e-07	4.23e-05	5.90e-03	1.25e-01	8.69e-01
 4.09257e+22	0.00e+00	0.00e+00	0.00e+00	0.00e+00	0.00e+00	0.00e+00	1.13e-27	2.29e-24	8.18e-21	9.04e-18	4.94e-15	1.31e-12	2.41e-10	2.25e-08	1.34e-06	8.46e-05	9.26e-03	1.54e-01	8.37e-01
 4.51608e+22	0.00e+00	0.00e+00	0.00e+00	0.00e+00	0.00e+00	4.69e-30	1.17e-26	1.97e-23	5.70e-20	5.12e-17	2.28e-14	4.94e-12	7.41e-10	5.70e-08	2.81e-06	1.46e-04	1.32e-02	1.80e-01	8.07e-01
 4.75137e+22	0.00e+00	0.00e+00	0.00e+00	0.00e+00	0.00e+00	8.88e-30	2.11e-26	3.41e-23	9.33e-20	7.94e-17	3.36e-14	6.90e-12	9.85e-10	7.21e-08	3.38e-06	1.67e-04	1.44e-02	1.87e-01	7.98e-01
 4.83745e+22	0.00e+00	0.00e+00	0.00e+00	0.00e+00	0.00e+00	1.49e-29	3.42e-26	5.31e-23	1.39e-19	1.13e-16	4.60e-14	9.07e-12	1.24e-09	8.72e-08	3.93e-06	1.87e-04	1.54e-02	1.93e-01	7.91e-01
 4.92721e+22	0.00e+00	0.00e+00	0.00e+00	0.00e+00	0.00e+00	2.90e-29	6.35e-26	9.37e-23	2.32e-19	1.79e-16	6.87e-14	1.29e-11	1.67e-09	1.11e-07	4.76e-06	2.15e-04	1.69e-02	2.01e-01	7.82e-01
 5.01196e+22	0.00e+00	0.00e+00	0.00e+00	0.00e+00	0.00e+00	4.73e-29	9.97e-26	1.42e-22	3.38e-19	2.51e-16	9.25e-14	1.66e-11	2.07e-09	1.33e-07	5.49e-06	2.39e-04	1.81e-02	2.07e-01	7.75e-01
 5.07818e+22	0.00e+00	0.00e+00	0.00e+00	0.00e+00	0.00e+00	3.30e-29	6.76e-26	9.34e-23	4.66e-19	3.33e-16	1.19e-13	2.07e-11	2.49e-09	1.55e-07	6.18e-06	2.61e-04	1.91e-02	2.12e-01	7.69e-01
 5.15223e+22	0.00e+00	0.00e+00	0.00e+00	0.00e+00	0.00e+00	1.21e-28	2.38e-25	3.17e-22	6.97e-19	4.77e-16	1.63e-13	2.72e-11	3.14e-09	1.87e-07	7.19e-06	2.92e-04	2.05e-02	2.18e-01	7.61e-01
 5.23190e+22	0.00e+00	0.00e+00	0.00e+00	0.00e+00	0.00e+00	9.29e-29	1.76e-25	2.26e-22	1.03e-18	6.77e-16	2.22e-13	3.55e-11	3.94e-09	2.26e-07	8.33e-06	3.25e-04	2.20e-02	2.25e-01	7.53e-01
 5.30482e+22	0.00e+00	0.00e+00	0.00e+00	0.00e+00	0.00e+00	1.48e-28	2.72e-25	3.37e-22	1.48e-18	9.32e-16	2.94e-13	4.53e-11	4.84e-09	2.67e-07	9.52e-06	3.59e-04	2.34e-02	2.31e-01	7.45e-01
 5.38556e+22	0.00e+00	0.00e+00	0.00e+00	0.00e+00	9.05e-32	2.66e-28	4.69e-25	5.56e-22	2.32e-18	1.39e-15	4.19e-13	6.16e-11	6.27e-09	3.31e-07	1.13e-05	4.05e-04	2.53e-02	2.38e-01	7.36e-01
 5.46664e+22	0.00e+00	0.00e+00	0.00e+00	0.00e+00	1.53e-31	4.35e-28	7.39e-25	8.44e-22	3.39e-18	1.95e-15	5.64e-13	7.97e-11	7.80e-09	3.96e-07	1.30e-05	4.50e-04	2.70e-02	2.45e-01	7.28e-01
 5.53543e+22	0.00e+00	0.00e+00	0.00e+00	0.00e+00	2.48e-31	6.81e-28	1.12e-24	1.24e-21	4.78e-18	2.66e-15	7.39e-13	1.01e-10	9.52e-09	4.66e-07	1.48e-05	4.94e-04	2.87e-02	2.51e-01	7.20e-01
 5.61216e+22	0.00e+00	0.00e+00	0.00e+00	0.00e+00	4.40e-31	1.16e-27	1.84e-24	1.96e-21	7.22e-18	3.84e-15	1.02e-12	1.33e-10	1.20e-08	5.65e-07	1.72e-05	5.52e-04	3.08e-02	2.58e-01	7.10e-01
 5.69389e+22	0.00e+00	0.00e+00	0.00e+00	0.00e+00	7.70e-31	1.96e-27	2.99e-24	3.06e-21	1.08e-17	5.49e-15	1.40e-12	1.75e-10	1.52e-08	6.83e-07	1.99e-05	6.16e-04	3.30e-02	2.65e-01	7.01e-01
 5.76216e+22	0.00e+00	0.00e+00	0.00e+00	0.00e+00	1.21e-30	2.99e-27	4.41e-24	4.38e-21	1.49e-17	7.33e-15	1.81e-12	2.18e-10	1.83e-08	7.97e-07	2.25e-05	6.72e-04	3.48e-02	2.71e-01	6.93e-01
 5.82179e+22	0.00e+00	0.00e+00	0.00e+00	0.00e+00	1.82e-30	4.37e-27	6.28e-24	6.06e-21	2.00e-17	9.51e-15	2.27e-12	2.66e-10	2.16e-08	9.12e-07	2.50e-05	7.27e-04	3.66e-02	2.77e-01	6.86e-01
 5.89014e+22	0.00e+00	0.00e+00	0.00e+00	0.00e+00	3.01e-30	7.00e-27	9.74e-24	9.08e-21	2.88e-17	1.32e-14	3.02e-12	3.40e-10	2.66e-08	1.08e-06	2.86e-05	8.01e-04	3.89e-02	2.83e-01	6.77e-01
 5.96363e+22	0.00e+00	0.00e+00	0.00e+00	0.00e+00	5.00e-30	1.12e-26	1.51e-23	1.36e-20	4.14e-17	1.82e-14	4.01e-12	4.36e-10	3.28e-08	1.28e-06	3.27e-05	8.83e-04	4.13e-02	2.90e-01	6.68e-01
 6.03005e+22	0.00e+00	0.00e+00	0.00e+00	0.00e+00	7.83e-30	1.71e-26	2.22e-23	1.94e-20	5.71e-17	2.42e-14	5.16e-12	5.42e-10	3.94e-08	1.49e-06	3.68e-05	9.62e-04	4.35e-02	2.96e-01	6.59e-01
 6.10263e+22	0.00e+00	0.00e+00	0.00e+00	0.00e+00	1.37e-29	2.87e-26	3.61e-23	3.03e-20	8.53e-17	3.46e-14	7.07e-12	7.11e-10	4.95e-08	1.80e-06	4.27e-05	1.07e-03	4.65e-02	3.03e-01	6.49e-01
 6.17817e+22	0.00e+00	0.00e+00	0.00e+00	0.00e+00	2.24e-29	4.55e-26	5.53e-23	4.49e-20	1.22e-16	4.75e-14	9.33e-12	9.04e-10	6.06e-08	2.12e-06	4.86e-05	1.18e-03	4.93e-02	3.10e-01	6.39e-01
 6.24370e+22	0.00e+00	0.00e+00	0.00e+00	0.00e+00	1.88e-29	3.70e-26	4.36e-23	6.42e-20	1.68e-16	6.33e-14	1.20e-11	1.12e-09	7.29e-08	2.47e-06	5.47e-05	1.28e-03	5.20e-02	3.16e-01	6.31e-01
 6.31503e+22	0.00e+00	0.00e+00	0.00e+00	0.00e+00	5.93e-29	1.13e-25	1.29e-22	9.77e-20	2.45e-16	8.86e-14	1.61e-11	1.45e-09	9.03e-08	2.94e-06	6.27e-05	1.41e-03	5.52e-02	3.23e-01	6.20e-01
 6.39023e+22	0.00e+00	0.00e+00	0.00e+00	0.00e+00	5.25e-29	9.67e-26	1.06e-22	1.45e-19	3.51e-16	1.22e-13	2.14e-11	1.85e-09	1.11e-07	3.48e-06	7.15e-05	1.55e-03	5.85e-02	3.30e-01	6.10e-01
 6.45690e+22	0.00e+00	0.00e+00	0.00e+00	0.00e+00	8.29e-29	1.48e-25	1.58e-22	2.09e-19	4.86e-16	1.63e-13	2.76e-11	2.31e-09	1.34e-07	4.05e-06	8.05e-05	1.69e-03	6.16e-02	3.36e-01	6.00e-01
 6.52999e+22	0.00e+00	0.00e+00	0.00e+00	3.38e-32	1.42e-28	2.45e-25	2.52e-22	3.22e-19	7.17e-16	2.31e-13	3.74e-11	3.00e-09	1.66e-07	4.85e-06	9.25e-05	1.87e-03	6.55e-02	3.43e-01	5.89e-01
 6.60333e+22	0.00e+00	0.00e+00	0.00e+00	5.62e-32	2.29e-28	3.83e-25	3.81e-22	4.70e-19	1.01e-15	3.13e-13	4.89e-11	3.78e-09	2.02e-07	5.69e-06	1.05e-04	2.04e-03	6.91e-02	3.50e-01	5.79e-01
 6.66397e+22	0.00e+00	0.00e+00	0.00e+00	8.76e-32	3.48e-28	5.64e-25	5.46e-22	6.53e-19	1.36e-15	4.08e-13	6.18e-11	4.63e-09	2.40e-07	6.53e-06	1.17e-04	2.21e-03	7.24e-02	3.55e-01	5.70e-01
 6.72981e+22	0.00e+00	0.00e+00	0.00e+00	1.46e-31	5.63e-28	8.85e-25	8.30e-22	9.60e-19	1.92e-15	5.55e-13	8.10e-11	5.84e-09	2.92e-07	7.66e-06	1.32e-04	2.41e-03	7.64e-02	3.61e-01	5.60e-01
 6.80127e+22	0.00e+00	0.00e+00	0.00e+00	2.46e-31	9.15e-28	1.39e-24	1.26e-21	1.41e-18	2.72e-15	7.57e-13	1.06e-10	7.39e-09	3.56e-07	9.00e-06	1.50e-04	2.64e-03	8.06e-02	3.68e-01	5.49e-01
 6.86703e+22	0.00e+00	0.00e+00	0.00e+00	3.92e-31	1.42e-27	2.10e-24	1.85e-21	2.00e-18	3.73e-15	1.00e-12	1.36e-10	9.14e-09	4.25e-07	1.04e-05	1.68e-04	2.86e-03	8.46e-02	3.73e-01	5.39e-01
 6.93950e+22	0.00e+00	0.00e+00	0.00e+00	6.94e-31	2.43e-27	3.46e-24	2.93e-21	3.06e-18	5.47e-15	1.41e-12	1.84e-10	1.18e-08	5.28e-07	1.24e-05	1.92e-04	3.15e-03	8.96e-02	3.80e-01	5.27e-01
 7.01200e+22	0.00e+00	0.00e+00	0.00e+00	1.15e-30	3.90e-27	5.37e-24	4.41e-21	4.45e-18	7.67e-15	1.91e-12	2.39e-10	1.49e-08	6.41e-07	1.45e-05	2.17e-04	3.43e-03	9.43e-02	3.86e-01	5.16e-01
 7.07149e+22	0.00e+00	0.00e+00	0.00e+00	1.77e-30	5.82e-27	7.82e-24	6.25e-21	6.12e-18	1.02e-14	2.46e-12	3.00e-10	1.81e-08	7.55e-07	1.66e-05	2.41e-04	3.69e-03	9.84e-02	3.90e-01	5.07e-01
 7.13578e+22	0.00e+00	0.00e+00	0.00e+00	2.94e-30	9.40e-27	1.22e-23	9.46e-21	8.95e-18	1.44e-14	3.34e-12	3.92e-10	2.28e-08	9.16e-07	1.94e-05	2.72e-04	4.02e-03	1.03e-01	3.96e-01	4.96e-01
 7.20516e+22	0.00e+00	0.00e+00	0.00e+00	4.81e-30	1.49e-26	1.88e-23	1.41e-20	1.29e-17	2.00e-14	4.48e-12	5.07e-10	2.85e-08	1.10e-06	2.26e-05	3.05e-04	4.37e-03	1.09e-01	4.01e-01	4.85e-01
 7.26990e+22	0.00e+00	0.00e+00	0.00e+00	7.66e-30	2.31e-26	2.82e-23	2.05e-20	1.82e-17	2.74e-14	5.92e-12	6.48e-10	3.51e-08	1.32e-06	2.61e-05	3.41e-04	4.72e-03	1.14e-01	4.06e-01	4.75e-01
 7.34284e+22	0.00e+00	0.00e+00	0.00e+00	1.36e-29	3.94e-26	4.65e-23	3.26e-20	2.78e-17	4.01e-14	8.33e-12	8.74e-10	4.55e-08	1.64e-06	3.11e-05	3.90e-04	5.19e-03	1.20e-01	4.12e-01	4.63e-01
 7.41898e+22	0.00e+00	0.00e+00	0.00e+00	2.37e-29	6.64e-26	7.55e-23	5.10e-20	4.18e-17	5.81e-14	1.16e-11	1.17e-09	5.85e-08	2.03e-06	3.70e-05	4.46e-04	5.70e-03	1.27e-01	4.17e-01	4.50e-01
 7.48125e+22	0.00e+00	0.00e+00	0.00e+00	3.63e-29	9.90e-26	1.10e-22	7.22e-20	5.74e-17	7.74e-14	1.50e-11	1.46e-09	7.10e-08	2.38e-06	4.22e-05	4.93e-04	6.11e-03	1.32e-01	4.21e-01	4.41e-01
 7.54422e+22	0.00e+00	0.00e+00	0.00e+00	6.00e-29	1.59e-25	1.70e-22	1.08e-19	8.32e-17	1.08e-13	2.02e-11	1.91e-09	8.90e-08	2.88e-06	4.92e-05	5.55e-04	6.63e-03	1.38e-01	4.25e-01	4.29e-01
 7.61225e+22	0.00e+00	0.00e+00	2.51e-32	9.71e-29	2.49e-25	2.59e-22	1.59e-19	1.19e-16	1.49e-13	2.69e-11	2.45e-09	1.11e-07	3.46e-06	5.71e-05	6.21e-04	7.17e-03	1.44e-01	4.29e-01	4.18e-01
 7.67624e+22	0.00e+00	0.00e+00	4.11e-32	1.55e-28	3.86e-25	3.89e-22	2.32e-19	1.67e-16	2.04e-13	3.55e-11	3.13e-09	1.37e-07	4.13e-06	6.59e-05	6.93e-04	7.74e-03	1.51e-01	4.33e-01	4.08e-01
 7.74880e+22	0.00e+00	0.00e+00	7.51e-32	2.74e-28	6.59e-25	6.39e-22	3.68e-19	2.54e-16	2.98e-13	4.99e-11	4.22e-09	1.77e-07	5.13e-06	7.84e-05	7.92e-04	8.48e-03	1.58e-01	4.37e-01	3.95e-01
 7.82037e+22	0.00e+00	0.00e+00	1.28e-31	4.54e-28	1.05e-24	9.89e-22	5.50e-19	3.66e-16	4.16e-13	6.72e-11	5.49e-09	2.22e-07	6.21e-06	9.16e-05	8.91e-04	9.20e-03	1.66e-01	4.41e-01	3.84e-01
 7.87733e+22	0.00e+00	0.00e+00	1.99e-31	6.90e-28	1.56e-24	1.42e-21	7.69e-19	4.97e-16	5.48e-13	8.61e-11	6.83e-09	2.68e-07	7.28e-06	1.04e-04	9.82e-04	9.83e-03	1.72e-01	4.43e-01	3.74e-01
 7.93805e+22	0.00e+00	0.00e+00	3.34e-31	1.13e-27	2.47e-24	2.18e-21	1.14e-18	7.10e-16	7.58e-13	1.15e-10	8.81e-09	3.34e-07	8.76e-06	1.21e-04	1.10e-03	1.06e-02	1.79e-01	4.46e-01	3.63e-01
 8.00398e+22	0.00e+00	0.00e+00	5.49e-31	1.80e-27	3.82e-24	3.27e-21	1.66e-18	9.98e-16	1.03e-12	1.52e-10	1.13e-08	4.12e-07	1.05e-05	1.40e-04	1.23e-03	1.14e-02	1.87e-01	4.48e-01	3.52e-01
 8.06657e+22	0.00e+00	0.00e+00	9.02e-31	2.88e-27	5.92e-24	4.90e-21	2.40e-18	1.40e-15	1.41e-12	2.00e-10	1.44e-08	5.09e-07	1.25e-05	1.61e-04	1.37e-03	1.23e-02	1.94e-01	4.50e-01	3.42e-01
 8.12815e+22	0.00e+00	0.00e+00	1.47e-30	4.58e-27	9.15e-24	7.34e-21	3.48e-18	1.96e-15	1.91e-12	2.63e-10	1.83e-08	6.27e-07	1.49e-05	1.86e-04	1.52e-03	1.32e-02	2.02e-01	4.52e-01	3.32e-01
 8.18735e+22	0.00e+00	0.00e+00	2.37e-30	7.17e-27	1.39e-23	1.08e-20	4.96e-18	2.70e-15	2.56e-12	3.43e-10	2.31e-08	7.67e-07	1.77e-05	2.13e-04	1.69e-03	1.42e-02	2.09e-01	4.53e-01	3.22e-01
 8.24388e+22	0.00e+00	0.00e+00	3.70e-30	1.09e-26	2.06e-23	1.55e-20	6.93e-18	3.66e-15	3.38e-12	4.39e-10	2.87e-08	9.27e-07	2.07e-05	2.42e-04	1.86e-03	1.51e-02	2.16e-01	4.54e-01	3.12e-01
 8.30812e+22	0.00e+00	0.00e+00	6.53e-30	1.87e-26	3.39e-23	2.47e-20	1.06e-17	5.36e-15	4.79e-12	6.02e-10	3.80e-08	1.18e-06	2.53e-05	2.85e-04	2.10e-03	1.64e-02	2.26e-01	4.55e-01	3.00e-01
 8.37374e+22	0.00e+00	0.00e+00	1.07e-29	2.99e-26	5.25e-23	3.69e-20	1.53e-17	7.47e-15	6.50e-12	7.91e-10	4.84e-08	1.45e-06	3.02e-05	3.29e-04	2.33e-03	1.76e-02	2.34e-01	4.55e-01	2.90e-01
 8.43102e+22	0.00e+00	0.00e+00	1.72e-29	4.66e-26	7.94e-23	5.40e-20	2.17e-17	1.02e-14	8.66e-12	1.03e-09	6.09e-08	1.77e-06	3.58e-05	3.77e-04	2.58e-03	1.89e-02	2.42e-01	4.55e-01	2.81e-01
 8.49532e+22	0.00e+00	0.00e+00	3.09e-29	8.09e-26	1.33e-22	8.67e-20	3.34e-17	1.51e-14	1.24e-11	1.42e-09	8.09e-08	2.27e-06	4.41e-05	4.45e-04	2.92e-03	2.05e-02	2.52e-01	4.55e-01	2.69e-01
 8.56122e+22	0.00e+00	0.00e+00	5.07e-29	1.29e-25	2.05e-22	1.29e-19	4.81e-17	2.09e-14	1.67e-11	1.86e-09	1.03e-07	2.79e-06	5.25e-05	5.13e-04	3.25e-03	2.19e-02	2.61e-01	4.54e-01	2.59e-01
 8.61758e+22	0.00e+00	0.00e+00	8.05e-29	1.99e-25	3.06e-22	1.87e-19	6.74e-17	2.83e-14	2.21e-11	2.39e-09	1.29e-07	3.39e-06	6.19e-05	5.85e-04	3.58e-03	2.34e-02	2.69e-01	4.53e-01	2.50e-01
 8.67081e+22	0.00e+00	0.00e+00	1.24e-28	2.99e-25	4.46e-22	2.65e-19	9.23e-17	3.76e-14	2.87e-11	3.02e-09	1.59e-07	4.06e-06	7.20e-05	6.61e-04	3.92e-03	2.48e-02	2.77e-01	4.52e-01	2.42e-01
 8.73154e+22	0.00e+00	0.00e+00	2.16e-28	5.04e-25	7.25e-22	4.13e-19	1.39e-16	5.41e-14	4.01e-11	4.09e-09	2.07e-07	5.12e-06	8.77e-05	7.73e-04	4.40e-03	2.67e-02	2.87e-01	4.50e-01	2.31e-01
 8.79390e+22	0.00e+00	0.00e+00	3.52e-28	7.99e-25	1.11e-21	6.12e-19	1.98e-16	7.43e-14	5.38e-11	5.34e-09	2.63e-07	6.29e-06	1.04e-04	8.89e-04	4.87e-03	2.85e-02	2.96e-01	4.47e-01	2.22e-01
 8.84846e+22	0.00e+00	0.00e+00	5.60e-28	1.23e-24	1.66e-21	8.84e-19	2.76e-16	1.00e-13	7.09e-11	6.86e-09	3.28e-07	7.62e-06	1.23e-04	1.01e-03	5.37e-03	3.03e-02	3.05e-01	4.45e-01	2.13e-01
 8.90945e+22	0.00e+00	0.00e+00	9.91e-28	2.11e-24	2.73e-21	1.39e-18	4.16e-16	1.44e-13	9.96e-11	9.34e-09	4.32e-07	9.67e-06	1.50e-04	1.19e-03	6.04e-03	3.27e-02	3.16e-01	4.42e-01	2.03e-01
 8.97023e+22	0.00e+00	0.00e+00	1.57e-27	3.26e-24	4.08e-21	2.01e-18	5.81e-16	1.95e-13	1.31e-10	1.20e-08	5.39e-07	1.17e-05	1.76e-04	1.35e-03	6.63e-03	3.47e-02	3.24e-01	4.38e-01	1.95e-01
 9.02195e+22	0.00e+00	0.00e+00	2.47e-27	4.98e-24	6.03e-21	2.88e-18	8.02e-16	2.59e-13	1.71e-10	1.53e-08	6.69e-07	1.41e-05	2.07e-04	1.54e-03	7.27e-03	3.68e-02	3.33e-01	4.35e-01	1.87e-01
 9.07250e+22	0.00e+00	8.25e-33	3.74e-27	7.35e-24	8.65e-21	4.00e-18	1.08e-15	3.38e-13	2.19e-10	1.91e-08	8.16e-07	1.68e-05	2.39e-04	1.73e-03	7.91e-03	3.88e-02	3.40e-01	4.31e-01	1.80e-01
 9.13030e+22	0.00e+00	1.48e-32	6.47e-27	1.23e-23	1.39e-20	6.17e-18	1.60e-15	4.78e-13	3.03e-10	2.56e-08	1.06e-06	2.10e-05	2.90e-04	2.01e-03	8.83e-03	4.15e-02	3.50e-01	4.26e-01	1.71e-01
 9.18955e+22	0.00e+00	2.45e-32	1.05e-26	1.93e-23	2.11e-20	9.00e-18	2.24e-15	6.45e-13	4.00e-10	3.31e-08	1.33e-06	2.56e-05	3.43e-04	2.30e-03	9.73e-03	4.41e-02	3.59e-01	4.22e-01	1.63e-01
 9.24141e+22	0.00e+00	3.92e-32	1.63e-26	2.92e-23	3.09e-20	1.28e-17	3.08e-15	8.53e-13	5.20e-10	4.20e-08	1.65e-06	3.08e-05	4.00e-04	2.60e-03	1.06e-02	4.65e-02	3.67e-01	4.17e-01	1.56e-01
 9.29154e+22	0.00e+00	6.27e-32	2.54e-26	4.43e-23	4.53e-20	1.81e-17	4.20e-15	1.12e-12	6.72e-10	5.31e-08	2.03e-06	3.69e-05	4.66e-04	2.94e-03	1.16e-02	4.91e-02	3.75e-01	4.12e-01	1.49e-01
 9.34118e+22	0.00e+00	9.82e-32	3.89e-26	6.59e-23	6.54e-20	2.53e-17	5.68e-15	1.47e-12	8.62e-10	6.66e-08	2.48e-06	4.39e-05	5.40e-04	3.30e-03	1.26e-02	5.16e-02	3.83e-01	4.07e-01	1.42e-01
 9.39818e+22	0.00e+00	1.75e-31	6.70e-26	1.10e-22	1.05e-19	3.87e-17	8.32e-15	2.05e-12	1.18e-09	8.88e-08	3.21e-06	5.49e-05	6.52e-04	3.83e-03	1.40e-02	5.50e-02	3.92e-01	4.00e-01	1.34e-01
 9.45589e+22	0.00e+00	2.88e-31	1.08e-25	1.71e-22	1.57e-19	5.59e-17	1.16e-14	2.74e-12	1.55e-09	1.14e-07	4.01e-06	6.66e-05	7.67e-04	4.36e-03	1.54e-02	5.81e-02	4.00e-01	3.94e-01	1.28e-01
 9.50506e+22	0.00e+00	4.50e-31	1.64e-25	2.54e-22	2.26e-19	7.79e-17	1.56e-14	3.56e-12	1.98e-09	1.43e-07	4.90e-06	7.91e-05	8.87e-04	4.88e-03	1.66e-02	6.09e-02	4.07e-01	3.88e-01	1.22e-01
 9.55956e+22	0.00e+00	7.84e-31	2.78e-25	4.15e-22	3.55e-19	1.17e-16	2.24e-14	4.91e-12	2.68e-09	1.88e-07	6.28e-06	9.79e-05	1.06e-03	5.63e-03	1.84e-02	6.46e-02	4.15e-01	3.80e-01	1.15e-01
 9.61638e+22	0.00e+00	1.29e-30	4.46e-25	6.45e-22	5.32e-19	1.69e-16	3.11e-14	6.54e-12	3.52e-09	2.41e-07	7.83e-06	1.18e-04	1.25e-03	6.38e-03	2.01e-02	6.80e-02	4.22e-01	3.73e-01	1.09e-01
 9.66739e+22	0.00e+00	2.07e-30	6.99e-25	9.81e-22	7.82e-19	2.40e-16	4.25e-14	8.58e-12	4.54e-09	3.05e-07	9.66e-06	1.42e-04	1.45e-03	7.20e-03	2.19e-02	7.13e-02	4.29e-01	3.66e-01	1.03e-01
 9.71689e+22	0.00e+00	3.33e-30	1.09e-24	1.49e-21	1.15e-18	3.39e-16	5.77e-14	1.12e-11	5.86e-09	3.85e-07	1.19e-05	1.70e-04	1.69e-03	8.10e-03	2.37e-02	7.47e-02	4.35e-01	3.59e-01	9.75e-02
 9.77327e+22	0.00e+00	5.87e-30	1.87e-24	2.46e-21	1.82e-18	5.14e-16	8.37e-14	1.55e-11	7.97e-09	5.11e-07	1.53e-05	2.11e-04	2.03e-03	9.33e-03	2.62e-02	7.90e-02	4.42e-01	3.50e-01	9.12e-02
 9.83158e+22	0.00e+00	9.89e-30	3.07e-24	3.90e-21	2.77e-18	7.52e-16	1.17e-13	2.08e-11	1.05e-08	6.61e-07	1.93e-05	2.57e-04	2.39e-03	1.06e-02	2.86e-02	8.30e-02	4.48e-01	3.41e-01	8.57e-02
 9.88272e+22	0.00e+00	1.57e-29	4.75e-24	5.86e-21	4.03e-18	1.05e-15	1.58e-13	2.71e-11	1.35e-08	8.30e-07	2.36e-05	3.06e-04	2.77e-03	1.19e-02	3.09e-02	8.66e-02	4.53e-01	3.33e-01	8.10e-02
 9.93950e+22	0.00e+00	2.89e-29	8.47e-24	1.00e-20	6.58e-18	1.64e-15	2.34e-13	3.80e-11	1.86e-08	1.12e-06	3.08e-05	3.85e-04	3.36e-03	1.38e-02	3.43e-02	9.15e-02	4.59e-01	3.23e-01	7.49e-02
 9.99563e+22	0.00e+00	4.56e-29	1.31e-23	1.50e-20	9.53e-18	2.29e-15	3.15e-13	4.91e-11	2.38e-08	1.40e-06	3.77e-05	4.57e-04	3.87e-03	1.54e-02	3.69e-02	9.52e-02	4.63e-01	3.15e-01	7.06e-02
 1.00435e+23	0.00e+00	7.30e-29	2.04e-23	2.28e-20	1.39e-17	3.21e-15	4.23e-13	6.34e-11	3.05e-08	1.76e-06	4.62e-05	5.45e-04	4.48e-03	1.73e-02	3.99e-02	9.91e-02	4.66e-01	3.06e-01	6.64e-02
 1.00905e+23	0.00e+00	1.13e-28	3.09e-23	3.34e-20	1.98e-17	4.40e-15	5.60e-13	8.07e-11	3.84e-08	2.18e-06	5.59e-05	6.41e-04	5.13e-03	1.92e-02	4.27e-02	1.03e-01	4.69e-01	2.98e-01	6.26e-02
 1.01437e+23	0.00e+00	2.01e-28	5.35e-23	5.57e-20	3.14e-17	6.66e-15	8.05e-13	1.10e-10	5.19e-08	2.88e-06	7.18e-05	7.95e-04	6.14e-03	2.20e-02	4.68e-02	1.08e-01	4.72e-01	2.87e-01	5.77e-02
 1.01935e+23	0.00e+00	2.97e-28	7.74e-23	7.84e-20	4.29e-17	8.82e-15	1.03e-12	1.36e-10	6.36e-08	3.48e-06	8.49e-05	9.18e-04	6.92e-03	2.41e-02	4.97e-02	1.11e-01	4.73e-01	2.79e-01	5.46e-02
 1.02307e+23	0.00e+00	4.23e-28	1.08e-22	1.07e-19	5.69e-17	1.13e-14	1.28e-12	1.64e-10	7.63e-08	4.12e-06	9.89e-05	1.05e-03	7.71e-03	2.62e-02	5.25e-02	1.14e-01	4.74e-01	2.73e-01	5.19e-02
 1.02652e+23	0.00e+00	6.00e-28	1.51e-22	1.45e-19	7.51e-17	1.45e-14	1.59e-12	1.97e-10	9.13e-08	4.87e-06	1.15e-04	1.19e-03	8.57e-03	2.84e-02	5.54e-02	1.17e-01	4.75e-01	2.66e-01	4.93e-02
 1.03046e+23	0.00e+00	9.18e-28	2.26e-22	2.11e-19	1.05e-16	1.96e-14	2.07e-12	2.47e-10	1.14e-07	5.96e-06	1.38e-04	1.39e-03	9.75e-03	3.13e-02	5.90e-02	1.20e-01	4.75e-01	2.57e-01	4.62e-02
 1.03449e+23	0.00e+00	1.32e-27	3.18e-22	2.90e-19	1.40e-16	2.53e-14	2.58e-12	2.99e-10	1.37e-07	7.08e-06	1.61e-04	1.58e-03	1.09e-02	3.39e-02	6.22e-02	1.23e-01	4.74e-01	2.50e-01	4.37e-02
 1.03789e+23	0.00e+00	1.83e-27	4.36e-22	3.88e-19	1.83e-16	3.20e-14	3.16e-12	3.55e-10	1.62e-07	8.29e-06	1.85e-04	1.78e-03	1.20e-02	3.65e-02	6.52e-02	1.26e-01	4.74e-01	2.44e-01	4.15e-02
 1.04106e+23	0.00e+00	2.51e-27	5.88e-22	5.11e-19	2.35e-16	3.99e-14	3.84e-12	4.18e-10	1.90e-07	9.62e-06	2.11e-04	2.00e-03	1.32e-02	3.92e-02	6.82e-02	1.28e-01	4.73e-01	2.37e-01	3.95e-02
 1.04467e+23	0.00e+00	3.69e-27	8.47e-22	7.16e-19	3.18e-16	5.24e-14	4.85e-12	5.10e-10	2.31e-07	1.15e-05	2.48e-04	2.29e-03	1.48e-02	4.26e-02	7.20e-02	1.31e-01	4.71e-01	2.29e-01	3.71e-02
 1.04826e+23	0.00e+00	5.06e-27	1.14e-21	9.44e-19	4.09e-16	6.53e-14	5.87e-12	5.99e-10	2.71e-07	1.34e-05	2.84e-04	2.56e-03	1.62e-02	4.57e-02	7.51e-02	1.33e-01	4.69e-01	2.23e-01	3.52e-02
 1.05131e+23	0.00e+00	6.90e-27	1.54e-21	1.24e-18	5.22e-16	8.10e-14	7.06e-12	6.99e-10	3.16e-07	1.55e-05	3.23e-04	2.86e-03	1.77e-02	4.89e-02	7.83e-02	1.36e-01	4.66e-01	2.17e-01	3.34e-02
 1.05425e+23	0.00e+00	9.37e-27	2.06e-21	1.62e-18	6.63e-16	1.00e-13	8.47e-12	8.14e-10	3.68e-07	1.78e-05	3.67e-04	3.19e-03	1.94e-02	5.22e-02	8.16e-02	1.38e-01	4.64e-01	2.10e-01	3.16e-02
 1.05761e+23	0.00e+00	1.36e-26	2.93e-21	2.24e-18	8.88e-16	1.29e-13	1.06e-11	9.80e-10	4.42e-07	2.12e-05	4.28e-04	3.63e-03	2.15e-02	5.64e-02	8.56e-02	1.40e-01	4.60e-01	2.03e-01	2.96e-02
 1.06106e+23	4.41e-33	1.90e-26	4.03e-21	3.00e-18	1.15e-15	1.63e-13	1.29e-11	1.15e-09	5.21e-07	2.48e-05	4.91e-04	4.08e-03	2.37e-02	6.05e-02	8.93e-02	1.42e-01	4.56e-01	1.96e-01	2.79e-02
 1.06403e+23	6.03e-33	2.56e-26	5.36e-21	3.89e-18	1.46e-15	2.00e-13	1.53e-11	1.33e-09	6.03e-07	2.84e-05	5.55e-04	4.52e-03	2.58e-02	6.43e-02	9.26e-02	1.44e-01	4.52e-01	1.90e-01	2.64e-02
 1.06678e+23	8.12e-33	3.40e-26	7.02e-21	4.98e-18	1.82e-15	2.42e-13	1.80e-11	1.53e-09	6.92e-07	3.23e-05	6.24e-04	4.99e-03	2.79e-02	6.82e-02	9.58e-02	1.45e-01	4.48e-01	1.84e-01	2.50e-02
 1.06942e+23	1.09e-32	4.49e-26	9.14e-21	6.34e-18	2.25e-15	2.93e-13	2.11e-11	1.74e-09	7.91e-07	3.67e-05	6.98e-04	5.48e-03	3.01e-02	7.21e-02	9.90e-02	1.47e-01	4.44e-01	1.78e-01	2.37e-02
 1.07245e+23	1.57e-32	6.37e-26	1.28e-20	8.59e-18	2.96e-15	3.71e-13	2.58e-11	2.06e-09	9.35e-07	4.30e-05	8.04e-04	6.17e-03	3.32e-02	7.72e-02	1.03e-01	1.48e-01	4.38e-01	1.71e-01	2.22e-02
 1.07552e+23	2.17e-32	8.69e-26	1.71e-20	1.12e-17	3.76e-15	4.56e-13	3.07e-11	2.37e-09	1.08e-06	4.94e-05	9.10e-04	6.85e-03	3.61e-02	8.20e-02	1.07e-01	1.50e-01	4.33e-01	1.65e-01	2.08e-02
 1.07816e+23	2.89e-32	1.14e-25	2.23e-20	1.43e-17	4.64e-15	5.48e-13	3.59e-11	2.69e-09	1.23e-06	5.59e-05	1.02e-03	7.51e-03	3.89e-02	8.64e-02	1.10e-01	1.50e-01	4.27e-01	1.59e-01	1.97e-02
 1.08108e+23	4.19e-32	1.63e-25	3.11e-20	1.93e-17	6.08e-15	6.93e-13	4.37e-11	3.16e-09	1.45e-06	6.53e-05	1.17e-03	8.43e-03	4.27e-02	9.23e-02	1.14e-01	1.52e-01	4.20e-01	1.52e-01	1.83e-02
 1.08408e+23	5.79e-32	2.22e-25	4.19e-20	2.53e-17	7.71e-15	8.50e-13	5.18e-11	3.62e-09	1.68e-06	7.49e-05	1.32e-03	9.34e-03	4.63e-02	9.78e-02	1.17e-01	1.52e-01	4.13e-01	1.46e-01	1.71e-02
 1.08673e+23	7.84e-32	2.96e-25	5.51e-20	3.24e-17	9.61e-15	1.03e-12	6.06e-11	4.11e-09	1.92e-06	8.50e-05	1.48e-03	1.03e-02	4.99e-02	1.03e-01	1.21e-01	1.53e-01	4.06e-01	1.40e-01	1.61e-02
 1.08971e+23	1.17e-31	4.32e-25	7.92e-20	4.49e-17	1.28e-14	1.32e-12	7.44e-11	4.84e-09	2.28e-06	1.00e-04	1.71e-03	1.16e-02	5.50e-02	1.10e-01	1.25e-01	1.53e-01	3.96e-01	1.33e-01	1.48e-02
 1.09273e+23	1.61e-31	5.87e-25	1.06e-19	5.85e-17	1.62e-14	1.60e-12	8.76e-11	5.52e-09	2.62e-06	1.14e-04	1.92e-03	1.28e-02	5.94e-02	1.16e-01	1.28e-01	1.53e-01	3.88e-01	1.27e-01	1.38e-02
 1.09531e+23	2.18e-31	7.85e-25	1.40e-19	7.50e-17	2.01e-14	1.93e-12	1.02e-10	6.23e-09	2.98e-06	1.29e-04	2.15e-03	1.40e-02	6.38e-02	1.22e-01	1.31e-01	1.53e-01	3.80e-01	1.21e-01	1.29e-02
 1.09817e+23	3.24e-31	1.15e-24	2.01e-19	1.04e-16	2.67e-14	2.46e-12	1.24e-10	7.28e-09	3.52e-06	1.52e-04	2.48e-03	1.57e-02	7.00e-02	1.30e-01	1.35e-01	1.52e-01	3.69e-01	1.14e-01	1.17e-02
 1.10102e+23	4.35e-31	1.52e-24	2.63e-19	1.32e-16	3.30e-14	2.95e-12	1.44e-10	8.18e-09	3.99e-06	1.71e-04	2.75e-03	1.71e-02	7.48e-02	1.36e-01	1.38e-01	1.52e-01	3.60e-01	1.09e-01	1.09e-02
 1.10385e+23	6.54e-31	2.25e-24	3.82e-19	1.84e-16	4.41e-14	3.76e-12	1.75e-10	9.52e-09	4.71e-06	2.01e-04	3.17e-03	1.92e-02	8.20e-02	1.44e-01	1.42e-01	1.50e-01	3.48e-01	1.02e-01	9.91e-03
 1.10660e+23	8.58e-31	2.91e-24	4.89e-19	2.30e-16	5.35e-14	4.44e-12	2.00e-10	1.06e-08	5.28e-06	2.23e-04	3.49e-03	2.08e-02	8.70e-02	1.50e-01	1.44e-01	1.49e-01	3.39e-01	9.69e-02	9.26e-03
 1.10924e+23	1.28e-30	4.26e-24	7.03e-19	3.17e-16	7.07e-14	5.60e-12	2.41e-10	1.22e-08	6.17e-06	2.60e-04	3.99e-03	2.32e-02	9.48e-02	1.58e-01	1.47e-01	1.48e-01	3.26e-01	9.03e-02	8.36e-03
 1.11185e+23	1.68e-30	5.55e-24	9.05e-19	3.97e-16	8.60e-14	6.60e-12	2.76e-10	1.35e-08	6.90e-06	2.90e-04	4.39e-03	2.50e-02	1.00e-01	1.64e-01	1.49e-01	1.46e-01	3.17e-01	8.59e-02	7.78e-03
 1.11445e+23	2.48e-30	8.05e-24	1.29e-18	5.44e-16	1.13e-13	8.28e-12	3.30e-10	1.55e-08	8.03e-06	3.35e-04	4.99e-03	2.78e-02	1.09e-01	1.72e-01	1.51e-01	1.44e-01	3.04e-01	7.97e-02	7.00e-03
 1.11709e+23	3.34e-30	1.07e-23	1.69e-18	6.90e-16	1.39e-13	9.84e-12	3.78e-10	1.72e-08	9.01e-06	3.74e-04	5.50e-03	3.00e-02	1.15e-01	1.78e-01	1.53e-01	1.42e-01	2.94e-01	7.53e-02	6.45e-03
 1.11978e+23	5.04e-30	1.58e-23	2.46e-18	9.62e-16	1.84e-13	1.25e-11	4.55e-10	1.98e-08	1.05e-05	4.35e-04	6.28e-03	3.34e-02	1.25e-01	1.87e-01	1.55e-01	1.39e-01	2.80e-01	6.92e-02	5.74e-03
 1.12248e+23	6.78e-30	2.11e-23	3.23e-18	1.22e-15	2.27e-13	1.48e-11	5.22e-10	2.19e-08	1.18e-05	4.85e-04	6.90e-03	3.60e-02	1.32e-01	1.93e-01	1.56e-01	1.36e-01	2.69e-01	6.50e-02	5.26e-03
 1.12519e+23	1.02e-29	3.10e-23	4.67e-18	1.69e-15	3.00e-13	1.87e-11	6.26e-10	2.51e-08	1.37e-05	5.60e-04	7.82e-03	3.97e-02	1.42e-01	2.01e-01	1.57e-01	1.32e-01	2.55e-01	5.95e-02	4.66e-03
 1.12788e+23	1.38e-29	4.16e-23	6.18e-18	2.16e-15	3.70e-13	2.22e-11	7.18e-10	2.78e-08	1.53e-05	6.23e-04	8.58e-03	4.28e-02	1.50e-01	2.07e-01	1.58e-01	1.30e-01	2.44e-01	5.56e-02	4.24e-03
 1.13055e+23	2.06e-29	6.11e-23	8.92e-18	2.98e-15	4.87e-13	2.79e-11	8.57e-10	3.18e-08	1.76e-05	7.15e-04	9.67e-03	4.70e-02	1.60e-01	2.14e-01	1.58e-01	1.25e-01	2.30e-01	5.06e-02	3.74e-03
 1.13326e+23	2.85e-29	8.31e-23	1.20e-17	3.86e-15	6.07e-13	3.35e-11	9.88e-10	3.53e-08	1.98e-05	7.97e-04	1.06e-02	5.05e-02	1.69e-01	2.20e-01	1.58e-01	1.22e-01	2.19e-01	4.69e-02	3.37e-03
 1.13604e+23	4.34e-29	1.24e-22	1.76e-17	5.40e-15	8.08e-13	4.24e-11	1.19e-09	4.04e-08	2.28e-05	9.16e-04	1.20e-02	5.54e-02	1.80e-01	2.27e-01	1.57e-01	1.17e-01	2.05e-01	4.23e-02	2.93e-03
 1.13884e+23	6.02e-29	1.70e-22	2.36e-17	6.99e-15	1.01e-12	5.09e-11	1.37e-09	4.49e-08	2.55e-05	1.02e-03	1.31e-02	5.94e-02	1.89e-01	2.32e-01	1.56e-01	1.14e-01	1.94e-01	3.89e-02	2.63e-03
 1.14166e+23	9.23e-29	2.56e-22	3.49e-17	9.82e-15	1.35e-12	6.46e-11	1.65e-09	5.15e-08	2.93e-05	1.17e-03	1.47e-02	6.49e-02	2.00e-01	2.39e-01	1.55e-01	1.08e-01	1.80e-01	3.48e-02	2.27e-03
 1.14449e+23	1.28e-28	3.51e-22	4.71e-17	1.28e-14	1.69e-12	7.77e-11	1.90e-09	5.73e-08	3.27e-05	1.29e-03	1.60e-02	6.93e-02	2.09e-01	2.43e-01	1.53e-01	1.04e-01	1.70e-01	3.19e-02	2.02e-03
 1.14695e+23	1.77e-28	4.76e-22	6.30e-17	1.64e-14	2.09e-12	9.28e-11	2.18e-09	6.35e-08	3.62e-05	1.42e-03	1.74e-02	7.37e-02	2.18e-01	2.47e-01	1.52e-01	1.01e-01	1.60e-01	2.92e-02	1.80e-03
 1.14973e+23	2.70e-28	7.12e-22	9.24e-17	2.29e-14	2.78e-12	1.17e-10	2.62e-09	7.26e-08	4.12e-05	1.61e-03	1.93e-02	7.97e-02	2.29e-01	2.51e-01	1.49e-01	9.55e-02	1.47e-01	2.60e-02	1.54e-03
 1.15249e+23	3.64e-28	9.49e-22	1.21e-16	2.91e-14	3.40e-12	1.39e-10	2.99e-09	8.02e-08	4.53e-05	1.76e-03	2.08e-02	8.41e-02	2.37e-01	2.54e-01	1.47e-01	9.18e-02	1.39e-01	2.38e-02	1.38e-03
 1.15522e+23	5.42e-28	1.39e-21	1.74e-16	3.98e-14	4.45e-12	1.73e-10	3.56e-09	9.13e-08	5.11e-05	1.97e-03	2.29e-02	9.01e-02	2.47e-01	2.56e-01	1.44e-01	8.71e-02	1.28e-01	2.12e-02	1.19e-03
 1.15804e+23	7.49e-28	1.89e-21	2.33e-16	5.13e-14	5.53e-12	2.08e-10	4.10e-09	1.02e-07	5.63e-05	2.16e-03	2.47e-02	9.52e-02	2.55e-01	2.58e-01	1.41e-01	8.32e-02	1.20e-01	1.93e-02	1.05e-03
 1.16096e+23	1.13e-27	2.80e-21	3.38e-16	7.10e-14	7.31e-12	2.62e-10	4.92e-09	1.17e-07	6.36e-05	2.42e-03	2.71e-02	1.02e-01	2.65e-01	2.60e-01	1.37e-01	7.83e-02	1.10e-01	1.70e-02	8.91e-04
 1.16393e+23	1.57e-27	3.82e-21	4.54e-16	9.17e-14	9.11e-12	3.15e-10	5.69e-09	1.30e-07	7.00e-05	2.64e-03	2.91e-02	1.07e-01	2.73e-01	2.61e-01	1.34e-01	7.46e-02	1.02e-01	1.54e-02	7.83e-04
 1.16698e+23	2.38e-27	5.68e-21	6.61e-16	1.27e-13	1.21e-11	3.98e-10	6.86e-09	1.50e-07	7.90e-05	2.95e-03	3.18e-02	1.14e-01	2.83e-01	2.62e-01	1.30e-01	6.99e-02	9.30e-02	1.35e-02	6.61e-04
 1.17008e+23	3.30e-27	7.75e-21	8.86e-16	1.64e-13	1.51e-11	4.79e-10	7.96e-09	1.68e-07	8.69e-05	3.22e-03	3.40e-02	1.20e-01	2.90e-01	2.62e-01	1.26e-01	6.63e-02	8.63e-02	1.21e-02	5.79e-04
 1.17328e+23	5.03e-27	1.15e-20	1.29e-15	2.28e-13	2.00e-11	6.08e-10	9.63e-09	1.94e-07	9.80e-05	3.59e-03	3.71e-02	1.27e-01	2.99e-01	2.61e-01	1.22e-01	6.18e-02	7.82e-02	1.06e-02	4.86e-04
 1.17653e+23	6.97e-27	1.57e-20	1.73e-15	2.95e-13	2.49e-11	7.33e-10	1.12e-08	2.18e-07	1.08e-04	3.90e-03	3.96e-02	1.33e-01	3.05e-01	2.60e-01	1.18e-01	5.85e-02	7.23e-02	9.50e-03	4.23e-04
 1.17984e+23	1.06e-26	2.34e-20	2.51e-15	4.09e-13	3.31e-11	9.31e-10	1.36e-08	2.53e-07	1.21e-04	4.33e-03	4.30e-02	1.40e-01	3.13e-01	2.58e-01	1.13e-01	5.43e-02	6.53e-02	8.25e-03	3.54e-04
 1.18318e+23	1.46e-26	3.16e-20	3.33e-15	5.24e-13	4.11e-11	1.12e-09	1.57e-08	2.84e-07	1.33e-04	4.69e-03	4.57e-02	1.46e-01	3.19e-01	2.56e-01	1.09e-01	5.13e-02	6.03e-02	7.40e-03	3.08e-04
 1.18655e+23	2.20e-26	4.66e-20	4.80e-15	7.22e-13	5.42e-11	1.42e-09	1.90e-08	3.29e-07	1.49e-04	5.19e-03	4.94e-02	1.54e-01	3.26e-01	2.53e-01	1.05e-01	4.76e-02	5.43e-02	6.41e-03	2.57e-04
 1.18981e+23	2.89e-26	6.05e-20	6.13e-15	8.95e-13	6.54e-11	1.66e-09	2.17e-08	3.65e-07	1.61e-04	5.56e-03	5.20e-02	1.59e-01	3.30e-01	2.51e-01	1.01e-01	4.51e-02	5.06e-02	5.82e-03	2.27e-04
 1.19293e+23	4.18e-26	8.55e-20	8.47e-15	1.19e-12	8.38e-11	2.05e-09	2.57e-08	4.17e-07	1.79e-04	6.07e-03	5.55e-02	1.66e-01	3.35e-01	2.47e-01	9.70e-02	4.21e-02	4.59e-02	5.10e-03	1.93e-04
 1.19614e+23	5.55e-26	1.12e-19	1.09e-14	1.48e-12	1.02e-10	2.42e-09	2.95e-08	4.65e-07	1.94e-04	6.51e-03	5.84e-02	1.71e-01	3.39e-01	2.44e-01	9.36e-02	3.98e-02	4.25e-02	4.60e-03	1.69e-04
 1.19944e+23	8.10e-26	1.60e-19	1.52e-14	1.99e-12	1.31e-10	3.01e-09	3.53e-08	5.35e-07	2.16e-04	7.12e-03	6.24e-02	1.78e-01	3.43e-01	2.40e-01	8.92e-02	3.68e-02	3.84e-02	4.00e-03	1.42e-04
 1.20279e+23	1.07e-25	2.07e-19	1.94e-14	2.47e-12	1.59e-10	3.55e-09	4.03e-08	5.95e-07	2.35e-04	7.62e-03	6.56e-02	1.83e-01	3.46e-01	2.37e-01	8.60e-02	3.48e-02	3.55e-02	3.61e-03	1.25e-04
 1.20620e+23	1.54e-25	2.93e-19	2.67e-14	3.28e-12	2.04e-10	4.39e-09	4.81e-08	6.84e-07	2.61e-04	8.30e-03	6.98e-02	1.90e-01	3.50e-01	2.32e-01	8.17e-02	3.22e-02	3.21e-02	3.14e-03	1.05e-04
 1.20957e+23	2.03e-25	3.78e-19	3.39e-14	4.04e-12	2.45e-10	5.15e-09	5.48e-08	7.59e-07	2.82e-04	8.86e-03	7.31e-02	1.96e-01	3.52e-01	2.28e-01	7.86e-02	3.04e-02	2.97e-02	2.83e-03	9.20e-05
 1.21292e+23	2.90e-25	5.28e-19	4.63e-14	5.32e-12	3.12e-10	6.34e-09	6.51e-08	8.70e-07	3.13e-04	9.62e-03	7.75e-02	2.03e-01	3.55e-01	2.23e-01	7.46e-02	2.81e-02	2.68e-02	2.46e-03	7.74e-05
 1.21629e+23	3.76e-25	6.75e-19	5.81e-14	6.51e-12	3.73e-10	7.40e-09	7.40e-08	9.64e-07	3.38e-04	1.02e-02	8.09e-02	2.08e-01	3.56e-01	2.19e-01	7.18e-02	2.65e-02	2.48e-02	2.22e-03	6.81e-05
 1.21971e+23	5.34e-25	9.37e-19	7.89e-14	8.53e-12	4.73e-10	9.09e-09	8.77e-08	1.10e-06	3.74e-04	1.11e-02	8.56e-02	2.14e-01	3.58e-01	2.14e-01	6.80e-02	2.45e-02	2.23e-02	1.93e-03	5.72e-05
 1.22320e+23	6.98e-25	1.20e-18	9.94e-14	1.05e-11	5.67e-10	1.06e-08	1.00e-07	1.23e-06	4.05e-04	1.18e-02	8.93e-02	2.19e-01	3.59e-01	2.10e-01	6.51e-02	2.30e-02	2.06e-02	1.74e-03	5.01e-05
 1.22677e+23	9.94e-25	1.67e-18	1.35e-13	1.37e-11	7.21e-10	1.31e-08	1.19e-07	1.41e-06	4.49e-04	1.28e-02	9.44e-02	2.26e-01	3.60e-01	2.04e-01	6.15e-02	2.12e-02	1.85e-02	1.51e-03	4.19e-05
 1.23041e+23	1.30e-24	2.15e-18	1.70e-13	1.69e-11	8.67e-10	1.54e-08	1.36e-07	1.57e-06	4.86e-04	1.36e-02	9.84e-02	2.31e-01	3.60e-01	1.99e-01	5.88e-02	1.99e-02	1.70e-02	1.35e-03	3.65e-05
 1.23413e+23	1.86e-24	3.00e-18	2.32e-13	2.22e-11	1.10e-09	1.90e-08	1.62e-07	1.81e-06	5.40e-04	1.48e-02	1.04e-01	2.38e-01	3.60e-01	1.93e-01	5.53e-02	1.83e-02	1.52e-02	1.16e-03	3.04e-05
 1.23792e+23	2.44e-24	3.87e-18	2.93e-13	2.74e-11	1.33e-09	2.23e-08	1.85e-07	2.02e-06	5.86e-04	1.57e-02	1.08e-01	2.43e-01	3.60e-01	1.88e-01	5.27e-02	1.71e-02	1.39e-02	1.04e-03	2.64e-05
 1.24181e+23	3.49e-24	5.40e-18	3.98e-13	3.60e-11	1.70e-09	2.76e-08	2.21e-07	2.33e-06	6.52e-04	1.70e-02	1.14e-01	2.49e-01	3.59e-01	1.82e-01	4.93e-02	1.56e-02	1.24e-02	8.89e-04	2.18e-05
 1.24560e+23	4.46e-24	6.77e-18	4.91e-13	4.34e-11	2.00e-09	3.19e-08	2.50e-07	2.57e-06	7.02e-04	1.80e-02	1.18e-01	2.54e-01	3.58e-01	1.78e-01	4.72e-02	1.47e-02	1.14e-02	8.01e-04	1.92e-05
 1.24928e+23	6.25e-24	9.27e-18	6.55e-13	5.62e-11	2.52e-09	3.90e-08	2.96e-07	2.94e-06	7.76e-04	1.94e-02	1.24e-01	2.60e-01	3.56e-01	1.71e-01	4.42e-02	1.34e-02	1.02e-02	6.91e-04	1.60e-05
 1.25302e+23	8.00e-24	1.16e-17	8.07e-13	6.78e-11	2.98e-09	4.51e-08	3.34e-07	3.25e-06	8.37e-04	2.05e-02	1.29e-01	2.64e-01	3.54e-01	1.67e-01	4.22e-02	1.26e-02	9.43e-03	6.21e-04	1.40e-05
 1.25684e+23	1.11e-23	1.58e-17	1.07e-12	8.72e-11	3.73e-09	5.49e-08	3.94e-07	3.72e-06	9.24e-04	2.21e-02	1.35e-01	2.69e-01	3.52e-01	1.61e-01	3.95e-02	1.15e-02	8.42e-03	5.36e-04	1.17e-05
 1.26078e+23	1.46e-23	2.03e-17	1.34e-12	1.07e-10	4.48e-09	6.44e-08	4.51e-07	4.15e-06	1.00e-03	2.34e-02	1.40e-01	2.74e-01	3.50e-01	1.56e-01	3.74e-02	1.07e-02	7.68e-03	4.76e-04	1.01e-05
 1.26487e+23	2.03e-23	2.76e-17	1.79e-12	1.38e-10	5.62e-09	7.86e-08	5.33e-07	4.75e-06	1.11e-03	2.52e-02	1.47e-01	2.79e-01	3.46e-01	1.50e-01	3.49e-02	9.79e-03	6.84e-03	4.09e-04	8.38e-06
 1.26910e+23	2.70e-23	3.60e-17	2.27e-12	1.71e-10	6.82e-09	9.30e-08	6.14e-07	5.34e-06	1.21e-03	2.68e-02	1.52e-01	2.84e-01	3.43e-01	1.44e-01	3.29e-02	9.05e-03	6.19e-03	3.59e-04	7.15e-06
 1.27350e+23	3.83e-23	4.96e-17	3.05e-12	2.23e-10	8.64e-09	1.14e-07	7.32e-07	6.16e-06	1.34e-03	2.90e-02	1.60e-01	2.89e-01	3.39e-01	1.38e-01	3.05e-02	8.20e-03	5.46e-03	3.06e-04	5.87e-06
 1.27803e+23	5.14e-23	6.51e-17	3.90e-12	2.79e-10	1.05e-08	1.36e-07	8.48e-07	6.94e-06	1.47e-03	3.09e-02	1.66e-01	2.93e-01	3.35e-01	1.33e-01	2.86e-02	7.54e-03	4.92e-03	2.67e-04	4.97e-06
 1.28271e+23	7.38e-23	9.08e-17	5.29e-12	3.67e-10	1.35e-08	1.69e-07	1.02e-06	8.05e-06	1.64e-03	3.34e-02	1.74e-01	2.98e-01	3.30e-01	1.26e-01	2.64e-02	6.79e-03	4.31e-03	2.25e-04	4.04e-06
 1.28755e+23	1.00e-22	1.21e-16	6.85e-12	4.63e-10	1.66e-08	2.03e-07	1.18e-06	9.12e-06	1.80e-03	3.56e-02	1.80e-01	3.01e-01	3.25e-01	1.21e-01	2.46e-02	6.20e-03	3.85e-03	1.95e-04	3.38e-06
 1.29260e+23	1.47e-22	1.71e-16	9.41e-12	6.16e-10	2.14e-08	2.54e-07	1.43e-06	1.06e-05	2.02e-03	3.86e-02	1.89e-01	3.06e-01	3.19e-01	1.14e-01	2.25e-02	5.53e-03	3.34e-03	1.62e-04	2.71e-06
 1.29777e+23	2.02e-22	2.29e-16	1.23e-11	7.83e-10	2.66e-08	3.06e-07	1.68e-06	1.21e-05	2.22e-03	4.13e-02	1.96e-01	3.09e-01	3.13e-01	1.09e-01	2.08e-02	5.02e-03	2.96e-03	1.39e-04	2.24e-06
 1.30241e+23	2.72e-22	3.02e-16	1.58e-11	9.83e-10	3.25e-08	3.66e-07	1.95e-06	1.37e-05	2.43e-03	4.39e-02	2.03e-01	3.12e-01	3.08e-01	1.04e-01	1.94e-02	4.58e-03	2.64e-03	1.20e-04	1.88e-06
 1.30773e+23	4.08e-22	4.37e-16	2.21e-11	1.33e-09	4.27e-08	4.64e-07	2.38e-06	1.61e-05	2.74e-03	4.77e-02	2.13e-01	3.16e-01	3.00e-01	9.73e-02	1.75e-02	4.03e-03	2.25e-03	9.82e-05	1.47e-06
 1.31309e+23	5.51e-22	5.75e-16	2.84e-11	1.67e-09	5.23e-08	5.54e-07	2.76e-06	1.82e-05	3.00e-03	5.07e-02	2.20e-01	3.18e-01	2.94e-01	9.26e-02	1.62e-02	3.67e-03	2.00e-03	8.46e-05	1.23e-06
 1.31850e+23	8.19e-22	8.27e-16	3.94e-11	2.24e-09	6.82e-08	7.00e-07	3.37e-06	2.14e-05	3.38e-03	5.50e-02	2.30e-01	3.21e-01	2.85e-01	8.65e-02	1.46e-02	3.23e-03	1.71e-03	6.91e-05	9.59e-07
 1.32402e+23	1.13e-21	1.11e-15	5.14e-11	2.85e-09	8.46e-08	8.45e-07	3.94e-06	2.44e-05	3.72e-03	5.86e-02	2.37e-01	3.22e-01	2.78e-01	8.17e-02	1.35e-02	2.90e-03	1.50e-03	5.86e-05	7.85e-07
 1.32970e+23	1.69e-21	1.61e-15	7.19e-11	3.86e-09	1.11e-07	1.07e-06	4.83e-06	2.88e-05	4.19e-03	6.35e-02	2.47e-01	3.24e-01	2.69e-01	7.58e-02	1.21e-02	2.53e-03	1.27e-03	4.73e-05	6.07e-07
 1.33546e+23	2.35e-21	2.17e-15	9.44e-11	4.94e-09	1.38e-07	1.30e-06	5.68e-06	3.29e-05	4.62e-03	6.77e-02	2.56e-01	3.25e-01	2.62e-01	7.13e-02	1.10e-02	2.26e-03	1.11e-03	3.98e-05	4.91e-07
 1.34134e+23	3.59e-21	3.20e-15	1.34e-10	6.76e-09	1.84e-07	1.67e-06	7.01e-06	3.91e-05	5.23e-03	7.34e-02	2.66e-01	3.26e-01	2.52e-01	6.56e-02	9.75e-03	1.95e-03	9.23e-04	3.16e-05	3.72e-07
 1.34690e+23	4.75e-21	4.13e-15	1.68e-10	8.32e-09	2.22e-07	1.97e-06	8.05e-06	4.38e-05	5.68e-03	7.74e-02	2.73e-01	3.26e-01	2.45e-01	6.20e-02	8.99e-03	1.77e-03	8.18e-04	2.71e-05	3.10e-07
 1.35204e+23	6.86e-21	5.77e-15	2.28e-10	1.09e-08	2.83e-07	2.45e-06	9.67e-06	5.09e-05	6.33e-03	8.30e-02	2.82e-01	3.25e-01	2.36e-01	5.75e-02	8.05e-03	1.55e-03	6.94e-04	2.20e-05	2.41e-07
 1.35722e+23	9.07e-21	7.45e-15	2.86e-10	1.34e-08	3.41e-07	2.88e-06	1.11e-05	5.70e-05	6.86e-03	8.74e-02	2.89e-01	3.25e-01	2.29e-01	5.42e-02	7.40e-03	1.40e-03	6.13e-04	1.89e-05	2.00e-07
 1.36245e+23	1.32e-20	1.05e-14	3.88e-10	1.77e-08	4.38e-07	3.60e-06	1.34e-05	6.65e-05	7.66e-03	9.37e-02	2.98e-01	3.23e-01	2.19e-01	4.99e-02	6.58e-03	1.21e-03	5.15e-04	1.52e-05	1.54e-07
 1.36774e+23	1.75e-20	1.36e-14	4.89e-10	2.18e-08	5.31e-07	4.26e-06	1.54e-05	7.48e-05	8.33e-03	9.87e-02	3.04e-01	3.22e-01	2.12e-01	4.67e-02	6.01e-03	1.09e-03	4.51e-04	1.28e-05	1.26e-07
 1.37308e+23	2.54e-20	1.90e-14	6.62e-10	2.87e-08	6.82e-07	5.33e-06	1.87e-05	8.75e-05	9.30e-03	1.06e-01	3.13e-01	3.20e-01	2.03e-01	4.28e-02	5.30e-03	9.40e-04	3.76e-04	1.02e-05	0.00e+00
 1.37850e+23	3.40e-20	2.48e-14	8.38e-10	3.56e-08	8.29e-07	6.34e-06	2.16e-05	9.88e-05	1.01e-02	1.11e-01	3.20e-01	3.17e-01	1.95e-01	3.99e-02	4.81e-03	8.37e-04	3.27e-04	8.55e-06	0.00e+00
 1.38402e+23	4.98e-20	3.50e-14	1.14e-09	4.70e-08	1.07e-06	7.98e-06	2.63e-05	1.16e-04	1.14e-02	1.19e-01	3.29e-01	3.14e-01	1.85e-01	3.62e-02	4.20e-03	7.14e-04	2.69e-04	6.70e-06	0.00e+00
 1.38962e+23	6.68e-20	4.56e-14	1.44e-09	5.84e-08	1.31e-06	9.52e-06	3.05e-05	1.32e-04	1.24e-02	1.26e-01	3.35e-01	3.11e-01	1.77e-01	3.35e-02	3.78e-03	6.31e-04	2.31e-04	5.55e-06	0.00e+00
 1.39531e+23	9.79e-20	6.44e-14	1.96e-09	7.72e-08	1.69e-06	1.20e-05	3.72e-05	1.56e-04	1.39e-02	1.35e-01	3.43e-01	3.06e-01	1.67e-01	3.02e-02	3.28e-03	5.34e-04	1.88e-04	4.30e-06	0.00e+00
 1.40113e+23	1.33e-19	8.47e-14	2.50e-09	9.65e-08	2.09e-06	1.45e-05	4.37e-05	1.78e-04	1.53e-02	1.42e-01	3.50e-01	3.02e-01	1.59e-01	2.76e-02	2.91e-03	4.65e-04	1.59e-04	3.49e-06	0.00e+00
 1.40711e+23	1.96e-19	1.20e-13	3.40e-09	1.28e-07	2.73e-06	1.85e-05	5.38e-05	2.12e-04	1.72e-02	1.53e-01	3.57e-01	2.96e-01	1.49e-01	2.46e-02	2.49e-03	3.88e-04	1.27e-04	2.64e-06	0.00e+00
 1.41321e+23	2.67e-19	1.59e-13	4.33e-09	1.61e-07	3.37e-06	2.25e-05	6.35e-05	2.45e-04	1.90e-02	1.61e-01	3.63e-01	2.91e-01	1.41e-01	2.23e-02	2.18e-03	3.34e-04	1.06e-04	2.10e-06	0.00e+00
 1.41925e+23	3.86e-19	2.20e-13	5.77e-09	2.11e-07	4.36e-06	2.85e-05	7.78e-05	2.91e-04	2.14e-02	1.72e-01	3.69e-01	2.84e-01	1.31e-01	1.97e-02	1.85e-03	2.77e-04	8.45e-05	1.58e-06	0.00e+00
 1.42499e+23	5.03e-19	2.79e-13	7.08e-09	2.55e-07	5.25e-06	3.37e-05	9.00e-05	3.30e-04	2.33e-02	1.80e-01	3.74e-01	2.78e-01	1.24e-01	1.80e-02	1.64e-03	2.41e-04	7.15e-05	1.29e-06	0.00e+00
 1.43055e+23	7.03e-19	3.75e-13	9.15e-09	3.27e-07	6.66e-06	4.20e-05	1.09e-04	3.89e-04	2.61e-02	1.92e-01	3.78e-01	2.71e-01	1.15e-01	1.59e-02	1.40e-03	2.00e-04	5.71e-05	9.76e-07	0.00e+00
 1.43621e+23	9.15e-19	4.73e-13	1.12e-08	3.96e-07	8.03e-06	5.01e-05	1.27e-04	4.44e-04	2.85e-02	2.01e-01	3.82e-01	2.64e-01	1.08e-01	1.44e-02	1.22e-03	1.73e-04	4.76e-05	7.80e-07	0.00e+00
 1.44176e+23	1.24e-18	6.20e-13	1.41e-08	4.97e-07	1.00e-05	6.17e-05	1.52e-04	5.21e-04	3.17e-02	2.13e-01	3.85e-01	2.56e-01	9.96e-02	1.27e-02	1.04e-03	1.44e-04	3.81e-05	5.93e-07	0.00e+00
 1.44742e+23	1.61e-18	7.79e-13	1.71e-08	6.02e-07	1.21e-05	7.38e-05	1.77e-04	5.98e-04	3.47e-02	2.23e-01	3.87e-01	2.49e-01	9.28e-02	1.14e-02	9.00e-04	1.22e-04	3.13e-05	4.65e-07	0.00e+00
 1.45294e+23	2.13e-18	9.91e-13	2.10e-08	7.39e-07	1.49e-05	8.96e-05	2.10e-04	6.96e-04	3.84e-02	2.35e-01	3.89e-01	2.40e-01	8.56e-02	1.00e-02	7.66e-04	1.02e-04	2.51e-05	3.56e-07	0.00e+00
 1.45857e+23	2.75e-18	1.24e-12	2.53e-08	8.93e-07	1.81e-05	1.07e-04	2.46e-04	8.03e-04	4.22e-02	2.46e-01	3.90e-01	2.32e-01	7.91e-02	8.90e-03	6.55e-04	8.55e-05	2.04e-05	2.75e-07	0.00e+00
 1.46415e+23	3.56e-18	1.54e-12	3.04e-08	1.08e-06	2.19e-05	1.29e-04	2.89e-04	9.30e-04	4.65e-02	2.58e-01	3.90e-01	2.23e-01	7.26e-02	7.83e-03	5.56e-04	7.12e-05	1.63e-05	2.10e-07	0.00e+00
 1.46976e+23	4.54e-18	1.90e-12	3.61e-08	1.30e-06	2.64e-05	1.55e-04	3.38e-04	1.07e-03	5.11e-02	2.70e-01	3.89e-01	2.14e-01	6.67e-02	6.88e-03	4.73e-04	5.94e-05	1.31e-05	1.61e-07	0.00e+00
 1.47531e+23	5.74e-18	2.33e-12	4.26e-08	1.55e-06	3.17e-05	1.84e-04	3.94e-04	1.24e-03	5.60e-02	2.82e-01	3.88e-01	2.05e-01	6.10e-02	6.04e-03	4.01e-04	4.94e-05	1.05e-05	1.23e-07	0.00e+00
 1.48085e+23	7.21e-18	2.82e-12	4.99e-08	1.83e-06	3.78e-05	2.19e-04	4.58e-04	1.42e-03	6.12e-02	2.94e-01	3.86e-01	1.96e-01	5.57e-02	5.30e-03	3.40e-04	4.11e-05	8.45e-06	0.00e+00	0.00e+00
 1.48640e+23	9.02e-18	3.41e-12	5.81e-08	2.17e-06	4.50e-05	2.59e-04	5.31e-04	1.63e-03	6.69e-02	3.06e-01	3.83e-01	1.86e-01	5.08e-02	4.63e-03	2.87e-04	3.40e-05	6.76e-06	0.00e+00	0.00e+00
 1.49197e+23	1.12e-17	4.09e-12	6.74e-08	2.55e-06	5.35e-05	3.06e-04	6.14e-04	1.87e-03	7.30e-02	3.17e-01	3.79e-01	1.77e-01	4.61e-02	4.04e-03	2.42e-04	2.82e-05	5.40e-06	0.00e+00	0.00e+00
 1.49758e+23	1.39e-17	4.90e-12	7.78e-08	3.00e-06	6.33e-05	3.61e-04	7.08e-04	2.15e-03	7.96e-02	3.29e-01	3.74e-01	1.68e-01	4.18e-02	3.51e-03	2.04e-04	2.32e-05	4.29e-06	0.00e+00	0.00e+00
 1.50323e+23	1.72e-17	5.85e-12	8.96e-08	3.52e-06	7.49e-05	4.24e-04	8.15e-04	2.46e-03	8.66e-02	3.41e-01	3.69e-01	1.59e-01	3.78e-02	3.05e-03	1.71e-04	1.91e-05	3.41e-06	0.00e+00	0.00e+00
 1.50896e+23	2.13e-17	6.97e-12	1.03e-07	4.13e-06	8.84e-05	4.98e-04	9.37e-04	2.81e-03	9.41e-02	3.52e-01	3.63e-01	1.50e-01	3.40e-02	2.64e-03	1.43e-04	1.57e-05	2.70e-06	0.00e+00	0.00e+00
 1.51472e+23	2.62e-17	8.28e-12	1.18e-07	4.82e-06	1.04e-04	5.83e-04	1.07e-03	3.21e-03	1.02e-01	3.63e-01	3.56e-01	1.41e-01	3.06e-02	2.28e-03	1.20e-04	1.28e-05	2.14e-06	0.00e+00	0.00e+00
 1.52057e+23	3.24e-17	9.87e-12	1.36e-07	5.65e-06	1.23e-04	6.83e-04	1.23e-03	3.67e-03	1.11e-01	3.73e-01	3.48e-01	1.33e-01	2.74e-02	1.96e-03	9.93e-05	1.04e-05	1.68e-06	0.00e+00	0.00e+00
 1.52650e+23	3.99e-17	1.17e-11	1.55e-07	6.59e-06	1.44e-04	7.97e-04	1.40e-03	4.17e-03	1.19e-01	3.83e-01	3.40e-01	1.24e-01	2.45e-02	1.69e-03	8.27e-05	8.52e-06	1.32e-06	0.00e+00	0.00e+00
