#depth	Ne	Ne+	Ne+2	Ne+3	Ne+4	Ne+5	Ne+6	Ne+7	Ne+8	Ne+9	Ne+10
 1.54284e+22	4.11e-22	4.77e-17	3.46e-13	3.76e-10	1.05e-07	6.94e-06	1.42e-04	1.78e-03	9.12e-02	4.15e-01	4.92e-01
 3.46520e+22	1.52e-20	1.25e-15	6.19e-12	4.58e-09	9.24e-07	4.35e-05	5.96e-04	4.70e-03	1.57e-01	4.69e-01	3.69e-01
 4.03448e+22	6.18e-20	4.45e-15	1.92e-11	1.23e-08	2.18e-06	9.00e-05	1.05e-03	6.90e-03	1.92e-01	4.82e-01	3.18e-01
 4.31912e+22	1.18e-19	8.00e-15	3.24e-11	1.94e-08	3.25e-06	1.26e-04	1.37e-03	8.25e-03	2.11e-01	4.85e-01	2.94e-01
 4.44106e+22	1.41e-19	9.43e-15	3.76e-11	2.20e-08	3.64e-06	1.39e-04	1.48e-03	8.67e-03	2.16e-01	4.86e-01	2.87e-01
 4.50332e+22	1.76e-19	1.16e-14	4.51e-11	2.59e-08	4.18e-06	1.56e-04	1.62e-03	9.22e-03	2.23e-01	4.86e-01	2.79e-01
 4.57336e+22	2.19e-19	1.41e-14	5.39e-11	3.02e-08	4.79e-06	1.75e-04	1.77e-03	9.79e-03	2.30e-01	4.87e-01	2.71e-01
 4.65355e+22	2.85e-19	1.79e-14	6.68e-11	3.64e-08	5.63e-06	2.01e-04	1.98e-03	1.05e-02	2.38e-01	4.87e-01	2.62e-01
 4.73274e+22	3.55e-19	2.19e-14	7.98e-11	4.25e-08	6.46e-06	2.25e-04	2.16e-03	1.12e-02	2.46e-01	4.87e-01	2.54e-01
 4.79802e+22	4.27e-19	2.59e-14	9.28e-11	4.85e-08	7.24e-06	2.48e-04	2.33e-03	1.17e-02	2.52e-01	4.86e-01	2.48e-01
 4.87026e+22	5.41e-19	3.22e-14	1.13e-10	5.74e-08	8.39e-06	2.80e-04	2.57e-03	1.25e-02	2.60e-01	4.85e-01	2.39e-01
 4.94595e+22	6.61e-19	3.86e-14	1.33e-10	6.63e-08	9.50e-06	3.11e-04	2.79e-03	1.32e-02	2.67e-01	4.84e-01	2.32e-01
 5.02611e+22	8.48e-19	4.85e-14	1.63e-10	7.92e-08	1.11e-05	3.55e-04	3.08e-03	1.41e-02	2.76e-01	4.83e-01	2.24e-01
 5.10844e+22	1.04e-18	5.87e-14	1.93e-10	9.19e-08	1.26e-05	3.95e-04	3.35e-03	1.49e-02	2.83e-01	4.82e-01	2.17e-01
 5.19361e+22	1.35e-18	7.42e-14	2.38e-10	1.10e-07	1.48e-05	4.51e-04	3.72e-03	1.60e-02	2.92e-01	4.80e-01	2.08e-01
 5.28090e+22	1.67e-18	9.01e-14	2.83e-10	1.28e-07	1.69e-05	5.04e-04	4.05e-03	1.69e-02	3.00e-01	4.77e-01	2.01e-01
 5.37094e+22	2.17e-18	1.15e-13	3.51e-10	1.55e-07	1.98e-05	5.77e-04	4.50e-03	1.81e-02	3.10e-01	4.75e-01	1.93e-01
 5.46373e+22	2.71e-18	1.40e-13	4.21e-10	1.81e-07	2.27e-05	6.47e-04	4.91e-03	1.92e-02	3.18e-01	4.72e-01	1.86e-01
 5.56009e+22	3.56e-18	1.80e-13	5.26e-10	2.20e-07	2.69e-05	7.43e-04	5.46e-03	2.06e-02	3.28e-01	4.68e-01	1.77e-01
 5.65996e+22	4.49e-18	2.22e-13	6.36e-10	2.60e-07	3.10e-05	8.37e-04	5.98e-03	2.18e-02	3.37e-01	4.65e-01	1.70e-01
 5.75076e+22	5.63e-18	2.73e-13	7.65e-10	3.05e-07	3.56e-05	9.38e-04	6.53e-03	2.31e-02	3.45e-01	4.61e-01	1.63e-01
 5.85514e+22	7.48e-18	3.54e-13	9.64e-10	3.72e-07	4.23e-05	1.08e-03	7.29e-03	2.48e-02	3.56e-01	4.56e-01	1.55e-01
 5.96170e+22	9.46e-18	4.39e-13	1.17e-09	4.40e-07	4.89e-05	1.22e-03	7.99e-03	2.63e-02	3.65e-01	4.51e-01	1.48e-01
 6.05676e+22	1.19e-17	5.39e-13	1.40e-09	5.16e-07	5.60e-05	1.37e-03	8.70e-03	2.78e-02	3.73e-01	4.47e-01	1.42e-01
 6.16597e+22	1.59e-17	7.05e-13	1.79e-09	6.37e-07	6.72e-05	1.59e-03	9.77e-03	2.99e-02	3.85e-01	4.40e-01	1.34e-01
 6.27615e+22	1.99e-17	8.67e-13	2.15e-09	7.47e-07	7.70e-05	1.78e-03	1.06e-02	3.16e-02	3.93e-01	4.35e-01	1.28e-01
 6.38757e+22	2.67e-17	1.13e-12	2.74e-09	9.22e-07	9.24e-05	2.07e-03	1.19e-02	3.40e-02	4.05e-01	4.27e-01	1.20e-01
 6.50047e+22	3.36e-17	1.40e-12	3.30e-09	1.09e-06	1.06e-04	2.32e-03	1.30e-02	3.59e-02	4.13e-01	4.21e-01	1.14e-01
 6.61529e+22	4.49e-17	1.82e-12	4.20e-09	1.34e-06	1.27e-04	2.69e-03	1.46e-02	3.85e-02	4.24e-01	4.13e-01	1.07e-01
 6.73266e+22	5.68e-17	2.27e-12	5.10e-09	1.58e-06	1.47e-04	3.04e-03	1.60e-02	4.08e-02	4.33e-01	4.06e-01	1.01e-01
 6.83039e+22	6.94e-17	2.72e-12	6.02e-09	1.83e-06	1.67e-04	3.38e-03	1.73e-02	4.29e-02	4.41e-01	3.99e-01	9.62e-02
 6.93450e+22	8.94e-17	3.45e-12	7.45e-09	2.21e-06	1.96e-04	3.87e-03	1.92e-02	4.57e-02	4.51e-01	3.90e-01	9.01e-02
 7.03950e+22	1.09e-16	4.14e-12	8.79e-09	2.55e-06	2.22e-04	4.29e-03	2.07e-02	4.80e-02	4.58e-01	3.83e-01	8.56e-02
 7.14565e+22	1.40e-16	5.21e-12	1.09e-08	3.07e-06	2.62e-04	4.91e-03	2.30e-02	5.11e-02	4.67e-01	3.74e-01	7.97e-02
 7.25298e+22	1.70e-16	6.25e-12	1.28e-08	3.54e-06	2.97e-04	5.46e-03	2.49e-02	5.37e-02	4.74e-01	3.66e-01	7.54e-02
 7.36183e+22	2.16e-16	7.86e-12	1.58e-08	4.26e-06	3.49e-04	6.26e-03	2.76e-02	5.72e-02	4.83e-01	3.56e-01	6.98e-02
 7.47200e+22	2.62e-16	9.40e-12	1.86e-08	4.92e-06	3.96e-04	6.96e-03	2.99e-02	6.01e-02	4.90e-01	3.47e-01	6.57e-02
 7.58386e+22	3.32e-16	1.18e-11	2.29e-08	5.92e-06	4.67e-04	7.99e-03	3.32e-02	6.41e-02	4.98e-01	3.36e-01	6.05e-02
 7.69786e+22	4.00e-16	1.41e-11	2.70e-08	6.85e-06	5.31e-04	8.91e-03	3.61e-02	6.74e-02	5.04e-01	3.27e-01	5.65e-02
 7.81462e+22	5.03e-16	1.75e-11	3.32e-08	8.24e-06	6.27e-04	1.03e-02	4.02e-02	7.19e-02	5.11e-01	3.14e-01	5.16e-02
 7.93372e+22	6.01e-16	2.08e-11	3.91e-08	9.54e-06	7.14e-04	1.15e-02	4.37e-02	7.57e-02	5.17e-01	3.04e-01	4.79e-02
 8.05584e+22	7.46e-16	2.58e-11	4.80e-08	1.15e-05	8.43e-04	1.32e-02	4.87e-02	8.08e-02	5.23e-01	2.91e-01	4.32e-02
 8.17927e+22	8.78e-16	3.03e-11	5.61e-08	1.32e-05	9.60e-04	1.48e-02	5.30e-02	8.49e-02	5.27e-01	2.80e-01	3.98e-02
 8.28338e+22	1.01e-15	3.49e-11	6.44e-08	1.50e-05	1.08e-03	1.63e-02	5.71e-02	8.89e-02	5.30e-01	2.70e-01	3.69e-02
 8.39666e+22	1.19e-15	4.14e-11	7.63e-08	1.75e-05	1.24e-03	1.85e-02	6.28e-02	9.41e-02	5.33e-01	2.57e-01	3.33e-02
 8.51060e+22	1.35e-15	4.71e-11	8.68e-08	1.97e-05	1.39e-03	2.04e-02	6.76e-02	9.83e-02	5.34e-01	2.47e-01	3.07e-02
 8.62175e+22	1.54e-15	5.45e-11	1.01e-07	2.27e-05	1.59e-03	2.28e-02	7.36e-02	1.03e-01	5.35e-01	2.35e-01	2.77e-02
 8.73516e+22	1.71e-15	6.13e-11	1.14e-07	2.55e-05	1.77e-03	2.52e-02	7.92e-02	1.08e-01	5.36e-01	2.25e-01	2.53e-02
 8.84645e+22	1.90e-15	6.93e-11	1.30e-07	2.89e-05	2.00e-03	2.80e-02	8.57e-02	1.13e-01	5.35e-01	2.13e-01	2.29e-02
 8.96005e+22	2.08e-15	7.72e-11	1.46e-07	3.25e-05	2.23e-03	3.08e-02	9.20e-02	1.18e-01	5.33e-01	2.03e-01	2.07e-02
 9.07210e+22	2.25e-15	8.56e-11	1.65e-07	3.64e-05	2.49e-03	3.39e-02	9.89e-02	1.23e-01	5.31e-01	1.92e-01	1.87e-02
 9.18503e+22	2.41e-15	9.41e-11	1.84e-07	4.06e-05	2.77e-03	3.73e-02	1.06e-01	1.28e-01	5.27e-01	1.82e-01	1.68e-02
 9.29661e+22	2.56e-15	1.03e-10	2.04e-07	4.52e-05	3.08e-03	4.08e-02	1.13e-01	1.33e-01	5.23e-01	1.72e-01	1.52e-02
 9.40802e+22	2.69e-15	1.11e-10	2.26e-07	5.01e-05	3.41e-03	4.45e-02	1.20e-01	1.38e-01	5.18e-01	1.62e-01	1.36e-02
 9.51956e+22	2.81e-15	1.20e-10	2.49e-07	5.55e-05	3.77e-03	4.85e-02	1.28e-01	1.43e-01	5.12e-01	1.52e-01	1.22e-02
 9.63148e+22	2.91e-15	1.29e-10	2.74e-07	6.14e-05	4.16e-03	5.27e-02	1.35e-01	1.48e-01	5.05e-01	1.43e-01	1.10e-02
 9.74397e+22	3.00e-15	1.39e-10	3.02e-07	6.78e-05	4.58e-03	5.72e-02	1.43e-01	1.53e-01	4.98e-01	1.34e-01	9.79e-03
 9.85743e+22	3.08e-15	1.48e-10	3.32e-07	7.50e-05	5.05e-03	6.20e-02	1.51e-01	1.58e-01	4.90e-01	1.26e-01	8.73e-03
 9.97211e+22	3.16e-15	1.59e-10	3.65e-07	8.30e-05	5.56e-03	6.72e-02	1.59e-01	1.62e-01	4.81e-01	1.18e-01	7.77e-03
 1.00874e+23	3.23e-15	1.70e-10	4.02e-07	9.18e-05	6.13e-03	7.26e-02	1.67e-01	1.67e-01	4.71e-01	1.10e-01	6.91e-03
 1.02046e+23	3.29e-15	1.81e-10	4.43e-07	1.02e-04	6.76e-03	7.84e-02	1.75e-01	1.71e-01	4.61e-01	1.02e-01	6.11e-03
 1.03230e+23	3.36e-15	1.94e-10	4.90e-07	1.13e-04	7.45e-03	8.45e-02	1.83e-01	1.75e-01	4.50e-01	9.48e-02	5.41e-03
 1.04438e+23	3.44e-15	2.09e-10	5.45e-07	1.27e-04	8.24e-03	9.13e-02	1.91e-01	1.79e-01	4.38e-01	8.76e-02	4.75e-03
 1.05667e+23	3.52e-15	2.26e-10	6.06e-07	1.41e-04	9.10e-03	9.83e-02	1.99e-01	1.82e-01	4.26e-01	8.10e-02	4.18e-03
 1.06794e+23	3.61e-15	2.41e-10	6.65e-07	1.55e-04	9.89e-03	1.05e-01	2.06e-01	1.85e-01	4.15e-01	7.57e-02	3.75e-03
 1.07970e+23	3.71e-15	2.62e-10	7.49e-07	1.76e-04	1.10e-02	1.13e-01	2.14e-01	1.88e-01	4.01e-01	6.93e-02	3.25e-03
 1.09166e+23	3.84e-15	2.84e-10	8.30e-07	1.94e-04	1.20e-02	1.20e-01	2.21e-01	1.90e-01	3.90e-01	6.45e-02	2.90e-03
 1.10401e+23	4.02e-15	3.14e-10	9.50e-07	2.22e-04	1.34e-02	1.29e-01	2.29e-01	1.93e-01	3.74e-01	5.86e-02	2.50e-03
 1.11638e+23	4.19e-15	3.42e-10	1.06e-06	2.47e-04	1.46e-02	1.37e-01	2.35e-01	1.94e-01	3.62e-01	5.44e-02	2.22e-03
 1.12879e+23	4.42e-15	3.82e-10	1.22e-06	2.83e-04	1.63e-02	1.47e-01	2.43e-01	1.96e-01	3.47e-01	4.92e-02	1.90e-03
 1.14126e+23	4.69e-15	4.20e-10	1.37e-06	3.15e-04	1.77e-02	1.56e-01	2.48e-01	1.96e-01	3.35e-01	4.56e-02	1.69e-03
 1.15378e+23	5.04e-15	4.76e-10	1.59e-06	3.62e-04	1.98e-02	1.67e-01	2.55e-01	1.97e-01	3.19e-01	4.11e-02	1.44e-03
 1.16645e+23	5.41e-15	5.30e-10	1.79e-06	4.04e-04	2.15e-02	1.76e-01	2.60e-01	1.97e-01	3.06e-01	3.79e-02	1.28e-03
 1.17929e+23	5.94e-15	6.09e-10	2.10e-06	4.67e-04	2.40e-02	1.89e-01	2.66e-01	1.96e-01	2.90e-01	3.39e-02	1.08e-03
 1.19230e+23	6.48e-15	6.86e-10	2.39e-06	5.25e-04	2.61e-02	1.99e-01	2.70e-01	1.95e-01	2.78e-01	3.11e-02	9.51e-04
 1.20554e+23	7.28e-15	8.02e-10	2.84e-06	6.09e-04	2.92e-02	2.12e-01	2.75e-01	1.93e-01	2.62e-01	2.77e-02	8.01e-04
 1.21903e+23	8.11e-15	9.17e-10	3.26e-06	6.87e-04	3.18e-02	2.23e-01	2.78e-01	1.91e-01	2.49e-01	2.52e-02	6.98e-04
 1.23284e+23	9.36e-15	1.09e-09	3.91e-06	8.02e-04	3.56e-02	2.37e-01	2.82e-01	1.89e-01	2.33e-01	2.23e-02	5.82e-04
 1.24698e+23	1.07e-14	1.27e-09	4.54e-06	9.09e-04	3.88e-02	2.49e-01	2.85e-01	1.86e-01	2.20e-01	2.01e-02	5.03e-04
 1.26153e+23	1.27e-14	1.55e-09	5.52e-06	1.07e-03	4.35e-02	2.65e-01	2.87e-01	1.82e-01	2.04e-01	1.76e-02	4.13e-04
 1.27636e+23	1.49e-14	1.82e-09	6.46e-06	1.21e-03	4.75e-02	2.78e-01	2.88e-01	1.78e-01	1.92e-01	1.58e-02	3.54e-04
 1.28885e+23	1.71e-14	2.12e-09	7.44e-06	1.36e-03	5.13e-02	2.89e-01	2.89e-01	1.74e-01	1.81e-01	1.43e-02	3.07e-04
 1.30240e+23	2.07e-14	2.57e-09	8.93e-06	1.58e-03	5.66e-02	3.04e-01	2.89e-01	1.69e-01	1.67e-01	1.25e-02	2.56e-04
 1.31556e+23	2.40e-14	2.98e-09	1.02e-05	1.75e-03	6.06e-02	3.14e-01	2.88e-01	1.65e-01	1.58e-01	1.14e-02	2.24e-04
 1.32823e+23	2.90e-14	3.59e-09	1.21e-05	2.00e-03	6.62e-02	3.28e-01	2.87e-01	1.60e-01	1.47e-01	1.00e-02	1.87e-04
 1.34103e+23	3.41e-14	4.18e-09	1.38e-05	2.22e-03	7.08e-02	3.38e-01	2.86e-01	1.56e-01	1.38e-01	9.07e-03	1.63e-04
 1.35401e+23	4.20e-14	5.09e-09	1.64e-05	2.53e-03	7.71e-02	3.52e-01	2.83e-01	1.50e-01	1.27e-01	7.94e-03	1.36e-04
 1.36718e+23	4.99e-14	5.96e-09	1.88e-05	2.81e-03	8.23e-02	3.62e-01	2.81e-01	1.45e-01	1.19e-01	7.16e-03	1.18e-04
 1.38060e+23	6.26e-14	7.34e-09	2.25e-05	3.22e-03	8.96e-02	3.75e-01	2.77e-01	1.39e-01	1.09e-01	6.22e-03	9.71e-05
 1.39422e+23	7.52e-14	8.64e-09	2.58e-05	3.56e-03	9.55e-02	3.85e-01	2.74e-01	1.34e-01	1.02e-01	5.57e-03	8.37e-05
 1.40809e+23	9.59e-14	1.07e-08	3.10e-05	4.08e-03	1.04e-01	3.98e-01	2.69e-01	1.28e-01	9.26e-02	4.80e-03	6.83e-05
 1.42219e+23	1.17e-13	1.27e-08	3.56e-05	4.52e-03	1.10e-01	4.07e-01	2.65e-01	1.22e-01	8.60e-02	4.28e-03	5.85e-05
 1.43658e+23	1.51e-13	1.59e-08	4.30e-05	5.18e-03	1.20e-01	4.19e-01	2.59e-01	1.16e-01	7.76e-02	3.65e-03	4.72e-05
 1.45128e+23	1.86e-13	1.90e-08	4.96e-05	5.74e-03	1.27e-01	4.28e-01	2.54e-01	1.10e-01	7.15e-02	3.23e-03	4.00e-05
 1.46638e+23	2.45e-13	2.41e-08	6.00e-05	6.58e-03	1.38e-01	4.39e-01	2.46e-01	1.04e-01	6.40e-02	2.72e-03	3.19e-05
 1.48192e+23	3.07e-13	2.91e-08	6.98e-05	7.33e-03	1.47e-01	4.47e-01	2.40e-01	9.81e-02	5.84e-02	2.38e-03	2.66e-05
 1.49801e+23	4.12e-13	3.72e-08	8.50e-05	8.41e-03	1.59e-01	4.56e-01	2.32e-01	9.11e-02	5.18e-02	1.98e-03	2.09e-05
 1.51428e+23	5.17e-13	4.50e-08	9.86e-05	9.33e-03	1.68e-01	4.63e-01	2.25e-01	8.59e-02	4.71e-02	1.72e-03	1.74e-05
 1.53078e+23	7.01e-13	5.78e-08	1.20e-04	1.07e-02	1.81e-01	4.70e-01	2.15e-01	7.93e-02	4.14e-02	1.42e-03	1.35e-05
 1.54745e+23	8.85e-13	7.00e-08	1.39e-04	1.19e-02	1.92e-01	4.75e-01	2.08e-01	7.44e-02	3.74e-02	1.23e-03	1.11e-05
 1.56433e+23	1.20e-12	9.01e-08	1.70e-04	1.35e-02	2.06e-01	4.80e-01	1.98e-01	6.82e-02	3.27e-02	1.01e-03	8.59e-06
 1.58153e+23	1.53e-12	1.09e-07	1.97e-04	1.50e-02	2.17e-01	4.83e-01	1.90e-01	6.35e-02	2.94e-02	8.64e-04	7.01e-06
 1.59674e+23	1.95e-12	1.33e-07	2.29e-04	1.66e-02	2.29e-01	4.86e-01	1.83e-01	5.91e-02	2.63e-02	7.38e-04	5.71e-06
 1.61411e+23	2.65e-12	1.70e-07	2.76e-04	1.88e-02	2.44e-01	4.87e-01	1.73e-01	5.38e-02	2.28e-02	6.02e-04	4.38e-06
 1.63184e+23	3.42e-12	2.09e-07	3.23e-04	2.08e-02	2.56e-01	4.88e-01	1.64e-01	4.97e-02	2.03e-02	5.07e-04	3.51e-06
 1.64621e+23	4.21e-12	2.47e-07	3.67e-04	2.26e-02	2.67e-01	4.87e-01	1.58e-01	4.64e-02	1.83e-02	4.40e-04	2.91e-06
 1.66106e+23	5.38e-12	3.01e-07	4.25e-04	2.49e-02	2.80e-01	4.86e-01	1.50e-01	4.28e-02	1.63e-02	3.72e-04	2.34e-06
 1.67672e+23	6.72e-12	3.59e-07	4.86e-04	2.72e-02	2.91e-01	4.84e-01	1.43e-01	3.97e-02	1.46e-02	3.18e-04	1.92e-06
 1.69112e+23	8.35e-12	4.27e-07	5.53e-04	2.95e-02	3.02e-01	4.81e-01	1.36e-01	3.69e-02	1.31e-02	2.73e-04	1.58e-06
 1.70752e+23	1.09e-11	5.29e-07	6.49e-04	3.27e-02	3.17e-01	4.77e-01	1.28e-01	3.35e-02	1.14e-02	2.25e-04	1.23e-06
 1.72438e+23	1.39e-11	6.39e-07	7.46e-04	3.58e-02	3.29e-01	4.72e-01	1.21e-01	3.08e-02	1.01e-02	1.89e-04	9.85e-07
 1.73928e+23	1.73e-11	7.60e-07	8.48e-04	3.87e-02	3.41e-01	4.68e-01	1.15e-01	2.84e-02	9.01e-03	1.61e-04	8.02e-07
 1.75610e+23	2.27e-11	9.42e-07	9.93e-04	4.28e-02	3.55e-01	4.61e-01	1.07e-01	2.57e-02	7.80e-03	1.32e-04	6.20e-07
 1.77359e+23	2.89e-11	1.14e-06	1.14e-03	4.67e-02	3.68e-01	4.54e-01	1.00e-01	2.34e-02	6.83e-03	1.10e-04	4.90e-07
 1.78928e+23	3.62e-11	1.36e-06	1.30e-03	5.05e-02	3.80e-01	4.47e-01	9.43e-02	2.14e-02	6.04e-03	9.27e-05	3.94e-07
 1.80702e+23	4.80e-11	1.69e-06	1.53e-03	5.57e-02	3.94e-01	4.37e-01	8.72e-02	1.92e-02	5.17e-03	7.47e-05	2.99e-07
 1.82538e+23	6.15e-11	2.06e-06	1.76e-03	6.07e-02	4.07e-01	4.28e-01	8.11e-02	1.73e-02	4.49e-03	6.15e-05	2.34e-07
 1.84177e+23	7.74e-11	2.46e-06	2.00e-03	6.56e-02	4.18e-01	4.19e-01	7.57e-02	1.58e-02	3.93e-03	5.12e-05	1.85e-07
 1.86032e+23	1.04e-10	3.09e-06	2.36e-03	7.23e-02	4.32e-01	4.07e-01	6.92e-02	1.40e-02	3.32e-03	4.05e-05	1.38e-07
 1.87947e+23	1.33e-10	3.75e-06	2.71e-03	7.85e-02	4.44e-01	3.96e-01	6.40e-02	1.25e-02	2.86e-03	3.31e-05	0.00e+00
 1.89942e+23	1.80e-10	4.75e-06	3.22e-03	8.66e-02	4.57e-01	3.81e-01	5.79e-02	1.10e-02	2.38e-03	2.57e-05	0.00e+00
 1.91973e+23	2.33e-10	5.79e-06	3.70e-03	9.40e-02	4.68e-01	3.69e-01	5.31e-02	9.79e-03	2.03e-03	2.07e-05	0.00e+00
 1.93772e+23	2.97e-10	6.99e-06	4.23e-03	1.01e-01	4.78e-01	3.57e-01	4.87e-02	8.77e-03	1.74e-03	1.68e-05	0.00e+00
 1.95830e+23	4.05e-10	8.87e-06	5.02e-03	1.12e-01	4.90e-01	3.41e-01	4.36e-02	7.59e-03	1.43e-03	1.29e-05	0.00e+00
 1.97920e+23	5.26e-10	1.08e-05	5.77e-03	1.21e-01	4.99e-01	3.27e-01	3.96e-02	6.72e-03	1.21e-03	1.02e-05	0.00e+00
 1.99772e+23	6.70e-10	1.30e-05	6.58e-03	1.30e-01	5.06e-01	3.14e-01	3.61e-02	5.98e-03	1.03e-03	8.24e-06	0.00e+00
 2.01899e+23	9.20e-10	1.66e-05	7.80e-03	1.42e-01	5.15e-01	2.97e-01	3.19e-02	5.12e-03	8.31e-04	6.18e-06	0.00e+00
 2.04051e+23	1.19e-09	2.02e-05	8.93e-03	1.53e-01	5.21e-01	2.83e-01	2.88e-02	4.51e-03	6.97e-04	4.88e-06	0.00e+00
 2.06236e+23	1.62e-09	2.56e-05	1.05e-02	1.66e-01	5.27e-01	2.66e-01	2.53e-02	3.85e-03	5.61e-04	3.64e-06	0.00e+00
 2.08467e+23	2.11e-09	3.12e-05	1.21e-02	1.79e-01	5.31e-01	2.52e-01	2.26e-02	3.35e-03	4.65e-04	2.84e-06	0.00e+00
 2.10453e+23	2.73e-09	3.79e-05	1.38e-02	1.91e-01	5.33e-01	2.38e-01	2.02e-02	2.93e-03	3.86e-04	2.21e-06	0.00e+00
 2.12731e+23	3.75e-09	4.83e-05	1.63e-02	2.08e-01	5.35e-01	2.21e-01	1.74e-02	2.46e-03	3.04e-04	1.61e-06	0.00e+00
 2.15047e+23	4.87e-09	5.88e-05	1.86e-02	2.22e-01	5.35e-01	2.07e-01	1.54e-02	2.13e-03	2.50e-04	1.24e-06	0.00e+00
 2.17412e+23	6.78e-09	7.53e-05	2.20e-02	2.40e-01	5.32e-01	1.90e-01	1.32e-02	1.77e-03	1.93e-04	8.82e-07	0.00e+00
 2.19802e+23	8.78e-09	9.14e-05	2.51e-02	2.55e-01	5.29e-01	1.77e-01	1.16e-02	1.52e-03	1.57e-04	6.72e-07	0.00e+00
 2.21878e+23	1.13e-08	1.10e-04	2.84e-02	2.70e-01	5.25e-01	1.65e-01	1.02e-02	1.31e-03	1.29e-04	5.15e-07	0.00e+00
 2.23869e+23	1.42e-08	1.31e-04	3.19e-02	2.84e-01	5.20e-01	1.54e-01	9.02e-03	1.14e-03	1.06e-04	4.00e-07	0.00e+00
 2.25766e+23	1.77e-08	1.54e-04	3.56e-02	2.98e-01	5.14e-01	1.44e-01	8.01e-03	9.94e-04	8.83e-05	3.13e-07	0.00e+00
 2.27906e+23	2.35e-08	1.90e-04	4.08e-02	3.15e-01	5.05e-01	1.31e-01	6.87e-03	8.34e-04	6.95e-05	2.29e-07	0.00e+00
 2.30042e+23	2.93e-08	2.24e-04	4.54e-02	3.30e-01	4.96e-01	1.22e-01	6.06e-03	7.23e-04	5.72e-05	1.77e-07	0.00e+00
 2.32172e+23	3.84e-08	2.73e-04	5.18e-02	3.47e-01	4.85e-01	1.11e-01	5.17e-03	6.04e-04	4.49e-05	1.29e-07	0.00e+00
 2.34342e+23	4.81e-08	3.22e-04	5.76e-02	3.61e-01	4.74e-01	1.02e-01	4.52e-03	5.19e-04	3.66e-05	0.00e+00	0.00e+00
 2.36563e+23	6.35e-08	3.95e-04	6.56e-02	3.79e-01	4.59e-01	9.15e-02	3.82e-03	4.28e-04	2.82e-05	0.00e+00	0.00e+00
 2.38803e+23	7.94e-08	4.65e-04	7.28e-02	3.93e-01	4.46e-01	8.36e-02	3.32e-03	3.65e-04	2.28e-05	0.00e+00	0.00e+00
 2.41065e+23	1.05e-07	5.68e-04	8.27e-02	4.10e-01	4.29e-01	7.45e-02	2.77e-03	2.98e-04	1.74e-05	0.00e+00	0.00e+00
 2.43356e+23	1.31e-07	6.68e-04	9.15e-02	4.23e-01	4.15e-01	6.75e-02	2.39e-03	2.52e-04	1.39e-05	0.00e+00	0.00e+00
 2.45192e+23	1.57e-07	7.62e-04	9.93e-02	4.33e-01	4.02e-01	6.21e-02	2.11e-03	2.19e-04	1.15e-05	0.00e+00	0.00e+00
 2.47087e+23	1.95e-07	8.91e-04	1.10e-01	4.45e-01	3.87e-01	5.61e-02	1.81e-03	1.85e-04	9.19e-06	0.00e+00	0.00e+00
 2.49028e+23	2.35e-07	1.02e-03	1.19e-01	4.54e-01	3.73e-01	5.12e-02	1.59e-03	1.59e-04	7.55e-06	0.00e+00	0.00e+00
 2.50756e+23	2.80e-07	1.16e-03	1.28e-01	4.63e-01	3.59e-01	4.68e-02	1.39e-03	1.38e-04	6.23e-06	0.00e+00	0.00e+00
 2.52734e+23	3.49e-07	1.35e-03	1.41e-01	4.73e-01	3.42e-01	4.17e-02	1.18e-03	1.14e-04	4.88e-06	0.00e+00	0.00e+00
 2.54735e+23	4.19e-07	1.54e-03	1.53e-01	4.80e-01	3.27e-01	3.78e-02	1.03e-03	9.74e-05	3.96e-06	0.00e+00	0.00e+00
 2.56489e+23	4.99e-07	1.74e-03	1.64e-01	4.86e-01	3.13e-01	3.43e-02	8.96e-04	8.34e-05	3.23e-06	0.00e+00	0.00e+00
 2.58493e+23	6.19e-07	2.03e-03	1.80e-01	4.92e-01	2.95e-01	3.02e-02	7.54e-04	6.85e-05	2.51e-06	0.00e+00	0.00e+00
 2.60528e+23	7.41e-07	2.30e-03	1.93e-01	4.96e-01	2.80e-01	2.71e-02	6.50e-04	5.79e-05	2.02e-06	0.00e+00	0.00e+00
 2.62319e+23	8.80e-07	2.59e-03	2.07e-01	5.00e-01	2.66e-01	2.44e-02	5.62e-04	4.91e-05	1.63e-06	0.00e+00	0.00e+00
 2.64361e+23	1.09e-06	3.00e-03	2.25e-01	5.02e-01	2.48e-01	2.13e-02	4.69e-04	3.99e-05	1.25e-06	0.00e+00	0.00e+00
 2.66439e+23	1.30e-06	3.39e-03	2.41e-01	5.03e-01	2.33e-01	1.89e-02	4.01e-04	3.33e-05	9.92e-07	0.00e+00	0.00e+00
 2.68280e+23	1.54e-06	3.81e-03	2.57e-01	5.02e-01	2.19e-01	1.68e-02	3.43e-04	2.79e-05	7.92e-07	0.00e+00	0.00e+00
 2.70388e+23	1.89e-06	4.40e-03	2.78e-01	5.00e-01	2.02e-01	1.45e-02	2.83e-04	2.23e-05	5.97e-07	0.00e+00	0.00e+00
 2.72534e+23	2.26e-06	4.95e-03	2.97e-01	4.97e-01	1.88e-01	1.27e-02	2.39e-04	1.84e-05	4.67e-07	0.00e+00	0.00e+00
 2.74441e+23	2.67e-06	5.55e-03	3.15e-01	4.93e-01	1.75e-01	1.12e-02	2.02e-04	1.51e-05	3.67e-07	0.00e+00	0.00e+00
 2.76634e+23	3.29e-06	6.38e-03	3.39e-01	4.86e-01	1.59e-01	9.44e-03	1.64e-04	1.19e-05	2.71e-07	0.00e+00	0.00e+00
 2.78870e+23	3.92e-06	7.17e-03	3.60e-01	4.79e-01	1.46e-01	8.16e-03	1.37e-04	9.59e-06	2.08e-07	0.00e+00	0.00e+00
 2.81161e+23	4.83e-06	8.25e-03	3.86e-01	4.68e-01	1.31e-01	6.80e-03	1.09e-04	7.36e-06	1.50e-07	0.00e+00	0.00e+00
 2.83491e+23	5.76e-06	9.26e-03	4.08e-01	4.57e-01	1.19e-01	5.81e-03	8.98e-05	5.86e-06	0.00e+00	0.00e+00	0.00e+00
 2.85546e+23	6.81e-06	1.03e-02	4.30e-01	4.46e-01	1.09e-01	4.97e-03	7.43e-05	4.69e-06	0.00e+00	0.00e+00	0.00e+00
 2.87892e+23	8.35e-06	1.18e-02	4.57e-01	4.31e-01	9.61e-02	4.08e-03	5.86e-05	3.53e-06	0.00e+00	0.00e+00	0.00e+00
 2.90303e+23	9.96e-06	1.32e-02	4.80e-01	4.17e-01	8.61e-02	3.42e-03	4.74e-05	2.75e-06	0.00e+00	0.00e+00	0.00e+00
 2.92139e+23	1.12e-05	1.42e-02	4.97e-01	4.06e-01	7.95e-02	3.02e-03	4.08e-05	2.30e-06	0.00e+00	0.00e+00	0.00e+00
 2.93864e+23	1.30e-05	1.56e-02	5.17e-01	3.93e-01	7.20e-02	2.58e-03	3.40e-05	1.85e-06	0.00e+00	0.00e+00	0.00e+00
 2.95634e+23	1.47e-05	1.68e-02	5.33e-01	3.81e-01	6.61e-02	2.26e-03	2.91e-05	1.54e-06	0.00e+00	0.00e+00	0.00e+00
 2.97462e+23	1.70e-05	1.84e-02	5.54e-01	3.67e-01	5.93e-02	1.92e-03	2.40e-05	1.22e-06	0.00e+00	0.00e+00	0.00e+00
 2.99324e+23	1.94e-05	2.00e-02	5.71e-01	3.54e-01	5.38e-02	1.66e-03	2.02e-05	9.93e-07	0.00e+00	0.00e+00	0.00e+00
 3.00939e+23	2.18e-05	2.15e-02	5.87e-01	3.41e-01	4.91e-02	1.45e-03	1.72e-05	8.20e-07	0.00e+00	0.00e+00	0.00e+00
 3.02748e+23	2.53e-05	2.35e-02	6.06e-01	3.25e-01	4.36e-02	1.21e-03	1.40e-05	6.41e-07	0.00e+00	0.00e+00	0.00e+00
 3.04585e+23	2.85e-05	2.52e-02	6.22e-01	3.12e-01	3.95e-02	1.05e-03	1.18e-05	5.23e-07	0.00e+00	0.00e+00	0.00e+00
 3.06458e+23	3.30e-05	2.75e-02	6.40e-01	2.96e-01	3.48e-02	8.73e-04	9.60e-06	4.05e-07	0.00e+00	0.00e+00	0.00e+00
 3.08042e+23	3.64e-05	2.90e-02	6.51e-01	2.87e-01	3.22e-02	7.81e-04	8.44e-06	3.48e-07	0.00e+00	0.00e+00	0.00e+00
