#depth	N	N+	N+2	N+3	N+4	N+5	N+6	N+7
 1.54284e+22	2.71e-11	4.73e-07	2.37e-04	8.12e-03	3.45e-02	5.25e-01	3.74e-01	5.81e-02
 3.49261e+22	5.31e-11	9.23e-07	4.65e-04	1.44e-02	5.32e-02	5.89e-01	3.08e-01	3.52e-02
 4.10301e+22	7.39e-11	1.28e-06	6.40e-04	1.85e-02	6.42e-02	6.13e-01	2.76e-01	2.73e-02
 4.41568e+22	8.83e-11	1.52e-06	7.59e-04	2.11e-02	7.06e-02	6.24e-01	2.60e-01	2.38e-02
 4.58248e+22	9.71e-11	1.66e-06	8.29e-04	2.26e-02	7.42e-02	6.29e-01	2.52e-01	2.21e-02
 4.71496e+22	1.10e-10	1.87e-06	9.30e-04	2.47e-02	7.89e-02	6.34e-01	2.41e-01	2.01e-02
 4.85536e+22	1.19e-10	2.08e-06	1.03e-03	2.66e-02	8.31e-02	6.39e-01	2.32e-01	1.85e-02
 5.00607e+22	1.36e-10	2.37e-06	1.17e-03	2.92e-02	8.89e-02	6.44e-01	2.21e-01	1.66e-02
 5.15986e+22	1.54e-10	2.65e-06	1.30e-03	3.15e-02	9.37e-02	6.47e-01	2.11e-01	1.52e-02
 5.31767e+22	1.78e-10	3.05e-06	1.49e-03	3.47e-02	1.00e-01	6.50e-01	2.00e-01	1.35e-02
 5.47630e+22	2.02e-10	3.43e-06	1.65e-03	3.74e-02	1.05e-01	6.52e-01	1.91e-01	1.24e-02
 5.63599e+22	2.34e-10	3.94e-06	1.89e-03	4.11e-02	1.12e-01	6.54e-01	1.80e-01	1.10e-02
 5.79752e+22	2.67e-10	4.45e-06	2.11e-03	4.43e-02	1.18e-01	6.54e-01	1.72e-01	9.98e-03
 5.96145e+22	3.11e-10	5.14e-06	2.42e-03	4.86e-02	1.25e-01	6.53e-01	1.61e-01	8.79e-03
 6.12811e+22	3.59e-10	5.84e-06	2.70e-03	5.24e-02	1.31e-01	6.52e-01	1.53e-01	7.98e-03
 6.27604e+22	4.07e-10	6.57e-06	3.01e-03	5.64e-02	1.38e-01	6.50e-01	1.45e-01	7.20e-03
 6.42353e+22	4.64e-10	7.41e-06	3.36e-03	6.06e-02	1.44e-01	6.48e-01	1.38e-01	6.50e-03
 6.59273e+22	5.51e-10	8.65e-06	3.85e-03	6.63e-02	1.52e-01	6.43e-01	1.29e-01	5.71e-03
 6.75223e+22	6.23e-10	9.66e-06	4.25e-03	7.05e-02	1.58e-01	6.39e-01	1.23e-01	5.21e-03
 6.89912e+22	7.22e-10	1.10e-05	4.79e-03	7.61e-02	1.65e-01	6.34e-01	1.15e-01	4.63e-03
 7.04852e+22	8.17e-10	1.23e-05	5.27e-03	8.10e-02	1.71e-01	6.29e-01	1.09e-01	4.21e-03
 7.20119e+22	9.56e-10	1.42e-05	5.95e-03	8.73e-02	1.79e-01	6.22e-01	1.02e-01	3.74e-03
 7.35974e+22	1.10e-09	1.60e-05	6.62e-03	9.33e-02	1.86e-01	6.15e-01	9.63e-02	3.35e-03
 7.50160e+22	1.25e-09	1.80e-05	7.31e-03	9.91e-02	1.92e-01	6.08e-01	9.09e-02	3.02e-03
 7.66171e+22	1.48e-09	2.08e-05	8.27e-03	1.07e-01	2.00e-01	5.98e-01	8.45e-02	2.66e-03
 7.82874e+22	1.71e-09	2.37e-05	9.24e-03	1.14e-01	2.07e-01	5.88e-01	7.89e-02	2.36e-03
 7.97899e+22	1.97e-09	2.67e-05	1.02e-02	1.21e-01	2.14e-01	5.79e-01	7.40e-02	2.11e-03
 8.14851e+22	2.36e-09	3.12e-05	1.16e-02	1.31e-01	2.22e-01	5.66e-01	6.81e-02	1.83e-03
 8.32385e+22	2.75e-09	3.56e-05	1.30e-02	1.40e-01	2.29e-01	5.54e-01	6.31e-02	1.61e-03
 8.48026e+22	3.19e-09	4.04e-05	1.44e-02	1.48e-01	2.35e-01	5.42e-01	5.88e-02	1.42e-03
 8.65711e+22	3.85e-09	4.74e-05	1.64e-02	1.60e-01	2.43e-01	5.26e-01	5.36e-02	1.22e-03
 8.84079e+22	4.55e-09	5.46e-05	1.84e-02	1.70e-01	2.50e-01	5.12e-01	4.92e-02	1.06e-03
 9.00578e+22	5.32e-09	6.23e-05	2.05e-02	1.80e-01	2.55e-01	4.97e-01	4.54e-02	9.27e-04
 9.19269e+22	6.52e-09	7.38e-05	2.34e-02	1.94e-01	2.63e-01	4.79e-01	4.08e-02	7.80e-04
 9.38605e+22	7.75e-09	8.52e-05	2.62e-02	2.06e-01	2.68e-01	4.62e-01	3.71e-02	6.70e-04
 9.56075e+22	9.17e-09	9.79e-05	2.92e-02	2.18e-01	2.73e-01	4.45e-01	3.38e-02	5.78e-04
 9.76083e+22	1.14e-08	1.17e-04	3.35e-02	2.34e-01	2.79e-01	4.23e-01	2.99e-02	4.75e-04
 9.96286e+22	1.36e-08	1.35e-04	3.73e-02	2.47e-01	2.83e-01	4.05e-01	2.69e-02	4.03e-04
 1.01674e+23	1.70e-08	1.62e-04	4.26e-02	2.64e-01	2.87e-01	3.83e-01	2.36e-02	3.29e-04
 1.03751e+23	2.04e-08	1.87e-04	4.75e-02	2.78e-01	2.90e-01	3.64e-01	2.11e-02	2.76e-04
 1.05591e+23	2.44e-08	2.16e-04	5.27e-02	2.91e-01	2.91e-01	3.45e-01	1.89e-02	2.33e-04
 1.07704e+23	3.08e-08	2.60e-04	6.02e-02	3.09e-01	2.93e-01	3.22e-01	1.62e-02	1.85e-04
 1.09846e+23	3.71e-08	3.01e-04	6.68e-02	3.23e-01	2.93e-01	3.03e-01	1.43e-02	1.54e-04
 1.12029e+23	4.71e-08	3.61e-04	7.58e-02	3.41e-01	2.91e-01	2.79e-01	1.22e-02	1.21e-04
 1.14253e+23	5.73e-08	4.21e-04	8.41e-02	3.55e-01	2.89e-01	2.60e-01	1.06e-02	9.86e-05
 1.16232e+23	6.95e-08	4.87e-04	9.28e-02	3.69e-01	2.86e-01	2.42e-01	9.24e-03	8.05e-05
 1.18503e+23	8.92e-08	5.88e-04	1.05e-01	3.86e-01	2.81e-01	2.20e-01	7.69e-03	6.15e-05
 1.20807e+23	1.09e-07	6.82e-04	1.16e-01	3.98e-01	2.76e-01	2.02e-01	6.61e-03	4.94e-05
 1.22815e+23	1.32e-07	7.87e-04	1.27e-01	4.10e-01	2.71e-01	1.86e-01	5.69e-03	3.99e-05
 1.24741e+23	1.58e-07	8.99e-04	1.37e-01	4.20e-01	2.65e-01	1.72e-01	4.92e-03	3.24e-05
 1.26580e+23	1.88e-07	1.02e-03	1.49e-01	4.29e-01	2.58e-01	1.59e-01	4.27e-03	2.65e-05
 1.28655e+23	2.34e-07	1.20e-03	1.63e-01	4.40e-01	2.50e-01	1.43e-01	3.55e-03	2.04e-05
 1.30721e+23	2.78e-07	1.36e-03	1.76e-01	4.47e-01	2.42e-01	1.31e-01	3.05e-03	1.65e-05
 1.32777e+23	3.45e-07	1.58e-03	1.92e-01	4.54e-01	2.32e-01	1.17e-01	2.52e-03	1.26e-05
 1.34875e+23	4.12e-07	1.80e-03	2.06e-01	4.60e-01	2.24e-01	1.06e-01	2.14e-03	1.01e-05
 1.37027e+23	5.14e-07	2.10e-03	2.25e-01	4.65e-01	2.13e-01	9.37e-02	1.74e-03	7.56e-06
 1.39197e+23	6.14e-07	2.38e-03	2.40e-01	4.68e-01	2.03e-01	8.44e-02	1.47e-03	5.96e-06
 1.41388e+23	7.66e-07	2.78e-03	2.61e-01	4.70e-01	1.92e-01	7.39e-02	1.18e-03	4.41e-06
 1.43608e+23	9.16e-07	3.14e-03	2.78e-01	4.70e-01	1.82e-01	6.60e-02	9.81e-04	3.43e-06
 1.45388e+23	1.06e-06	3.47e-03	2.92e-01	4.70e-01	1.74e-01	6.01e-02	8.42e-04	2.78e-06
 1.47229e+23	1.27e-06	3.92e-03	3.10e-01	4.68e-01	1.64e-01	5.34e-02	6.97e-04	2.15e-06
 1.49112e+23	1.47e-06	4.34e-03	3.25e-01	4.66e-01	1.56e-01	4.82e-02	5.92e-04	1.72e-06
 1.50791e+23	1.70e-06	4.78e-03	3.40e-01	4.63e-01	1.49e-01	4.36e-02	5.04e-04	1.38e-06
 1.52714e+23	2.04e-06	5.40e-03	3.59e-01	4.58e-01	1.39e-01	3.83e-02	4.11e-04	1.05e-06
 1.54659e+23	2.36e-06	5.96e-03	3.76e-01	4.53e-01	1.31e-01	3.43e-02	3.45e-04	8.29e-07
 1.56367e+23	2.73e-06	6.56e-03	3.91e-01	4.47e-01	1.24e-01	3.08e-02	2.91e-04	6.59e-07
 1.58321e+23	3.26e-06	7.38e-03	4.11e-01	4.40e-01	1.15e-01	2.68e-02	2.35e-04	4.93e-07
 1.60302e+23	3.79e-06	8.14e-03	4.28e-01	4.32e-01	1.08e-01	2.39e-02	1.96e-04	3.86e-07
 1.62044e+23	4.38e-06	8.94e-03	4.44e-01	4.25e-01	1.01e-01	2.13e-02	1.63e-04	3.03e-07
 1.64033e+23	5.24e-06	1.00e-02	4.64e-01	4.15e-01	9.30e-02	1.84e-02	1.30e-04	2.24e-07
 1.66056e+23	6.08e-06	1.11e-02	4.80e-01	4.06e-01	8.66e-02	1.63e-02	1.08e-04	1.73e-07
 1.67850e+23	7.02e-06	1.21e-02	4.97e-01	3.96e-01	8.06e-02	1.44e-02	8.90e-05	1.34e-07
 1.69909e+23	8.41e-06	1.36e-02	5.16e-01	3.84e-01	7.35e-02	1.23e-02	6.99e-05	0.00e+00
 1.72002e+23	9.77e-06	1.50e-02	5.33e-01	3.73e-01	6.79e-02	1.08e-02	5.70e-05	0.00e+00
 1.74138e+23	1.17e-05	1.68e-02	5.53e-01	3.60e-01	6.14e-02	9.11e-03	4.41e-05	0.00e+00
 1.76300e+23	1.37e-05	1.85e-02	5.69e-01	3.48e-01	5.64e-02	7.92e-03	3.56e-05	0.00e+00
 1.78496e+23	1.64e-05	2.08e-02	5.88e-01	3.34e-01	5.07e-02	6.65e-03	2.73e-05	0.00e+00
 1.80731e+23	1.92e-05	2.28e-02	6.04e-01	3.21e-01	4.63e-02	5.74e-03	2.18e-05	0.00e+00
 1.83019e+23	2.32e-05	2.57e-02	6.23e-01	3.06e-01	4.12e-02	4.76e-03	1.64e-05	0.00e+00
 1.85347e+23	2.71e-05	2.83e-02	6.38e-01	2.93e-01	3.73e-02	4.06e-03	1.29e-05	0.00e+00
 1.87417e+23	3.15e-05	3.10e-02	6.52e-01	2.80e-01	3.38e-02	3.48e-03	1.02e-05	0.00e+00
 1.89796e+23	3.84e-05	3.49e-02	6.69e-01	2.64e-01	2.97e-02	2.85e-03	7.49e-06	0.00e+00
 1.91875e+23	4.28e-05	3.73e-02	6.78e-01	2.54e-01	2.74e-02	2.53e-03	6.24e-06	0.00e+00
 1.93562e+23	4.86e-05	4.03e-02	6.89e-01	2.44e-01	2.51e-02	2.20e-03	5.08e-06	0.00e+00
 1.95355e+23	5.49e-05	4.33e-02	6.98e-01	2.34e-01	2.30e-02	1.93e-03	4.15e-06	0.00e+00
 1.97007e+23	6.13e-05	4.62e-02	7.06e-01	2.25e-01	2.13e-02	1.71e-03	3.45e-06	0.00e+00
 1.98877e+23	7.06e-05	5.04e-02	7.16e-01	2.13e-01	1.92e-02	1.46e-03	2.71e-06	0.00e+00
 2.00783e+23	7.95e-05	5.40e-02	7.24e-01	2.03e-01	1.75e-02	1.27e-03	2.21e-06	0.00e+00
 2.02736e+23	9.25e-05	5.91e-02	7.33e-01	1.91e-01	1.56e-02	1.07e-03	1.70e-06	0.00e+00
 2.04683e+23	1.04e-04	6.31e-02	7.39e-01	1.82e-01	1.42e-02	9.32e-04	1.38e-06	0.00e+00
 2.06621e+23	1.20e-04	6.89e-02	7.46e-01	1.71e-01	1.27e-02	7.82e-04	1.06e-06	0.00e+00
 2.08598e+23	1.35e-04	7.37e-02	7.52e-01	1.62e-01	1.15e-02	6.78e-04	8.58e-07	0.00e+00
 2.10625e+23	1.58e-04	8.07e-02	7.57e-01	1.51e-01	1.02e-02	5.63e-04	6.51e-07	0.00e+00
 2.12690e+23	1.78e-04	8.64e-02	7.61e-01	1.42e-01	9.17e-03	4.83e-04	5.16e-07	0.00e+00
 2.14804e+23	2.08e-04	9.46e-02	7.65e-01	1.32e-01	8.06e-03	3.98e-04	3.88e-07	0.00e+00
 2.16971e+23	2.36e-04	1.02e-01	7.67e-01	1.23e-01	7.19e-03	3.37e-04	3.02e-07	0.00e+00
 2.19208e+23	2.79e-04	1.12e-01	7.68e-01	1.13e-01	6.23e-03	2.72e-04	2.19e-07	0.00e+00
 2.21450e+23	3.18e-04	1.20e-01	7.69e-01	1.05e-01	5.54e-03	2.29e-04	1.70e-07	0.00e+00
 2.23701e+23	3.76e-04	1.33e-01	7.67e-01	9.51e-02	4.78e-03	1.83e-04	0.00e+00	0.00e+00
 2.25965e+23	4.29e-04	1.42e-01	7.65e-01	8.77e-02	4.23e-03	1.53e-04	0.00e+00	0.00e+00
 2.28245e+23	5.09e-04	1.57e-01	7.60e-01	7.88e-02	3.63e-03	1.21e-04	0.00e+00	0.00e+00
 2.30529e+23	5.83e-04	1.69e-01	7.55e-01	7.21e-02	3.20e-03	1.01e-04	0.00e+00	0.00e+00
 2.32817e+23	6.96e-04	1.87e-01	7.45e-01	6.41e-02	2.72e-03	7.85e-05	0.00e+00	0.00e+00
 2.35104e+23	7.98e-04	2.01e-01	7.37e-01	5.81e-02	2.39e-03	6.45e-05	0.00e+00	0.00e+00
 2.37388e+23	9.60e-04	2.23e-01	7.23e-01	5.09e-02	2.02e-03	4.96e-05	0.00e+00	0.00e+00
 2.39663e+23	1.11e-03	2.41e-01	7.10e-01	4.57e-02	1.77e-03	4.02e-05	0.00e+00	0.00e+00
 2.41928e+23	1.34e-03	2.67e-01	6.91e-01	3.94e-02	1.48e-03	3.04e-05	0.00e+00	0.00e+00
 2.44185e+23	1.55e-03	2.89e-01	6.73e-01	3.49e-02	1.28e-03	2.42e-05	0.00e+00	0.00e+00
 2.46434e+23	1.89e-03	3.21e-01	6.47e-01	2.95e-02	1.06e-03	1.78e-05	0.00e+00	0.00e+00
 2.48672e+23	2.21e-03	3.47e-01	6.24e-01	2.56e-02	9.14e-04	1.39e-05	0.00e+00	0.00e+00
 2.50897e+23	2.69e-03	3.84e-01	5.91e-01	2.13e-02	7.47e-04	1.00e-05	0.00e+00	0.00e+00
 2.53135e+23	3.18e-03	4.17e-01	5.62e-01	1.80e-02	6.29e-04	7.51e-06	0.00e+00	0.00e+00
 2.55389e+23	3.91e-03	4.60e-01	5.21e-01	1.44e-02	5.02e-04	5.16e-06	0.00e+00	0.00e+00
 2.57658e+23	4.68e-03	4.99e-01	4.84e-01	1.18e-02	4.11e-04	3.68e-06	0.00e+00	0.00e+00
 2.59623e+23	5.55e-03	5.38e-01	4.46e-01	9.56e-03	3.35e-04	2.62e-06	0.00e+00	0.00e+00
 2.61852e+23	6.85e-03	5.89e-01	3.97e-01	7.23e-03	2.54e-04	1.66e-06	0.00e+00	0.00e+00
 2.64103e+23	8.31e-03	6.34e-01	3.52e-01	5.50e-03	1.95e-04	1.07e-06	0.00e+00	0.00e+00
 2.65815e+23	9.64e-03	6.69e-01	3.16e-01	4.39e-03	1.57e-04	7.53e-07	0.00e+00	0.00e+00
 2.67474e+23	1.14e-02	7.09e-01	2.77e-01	3.33e-03	1.20e-04	4.87e-07	0.00e+00	0.00e+00
 2.69276e+23	1.35e-02	7.48e-01	2.36e-01	2.45e-03	8.84e-05	3.01e-07	0.00e+00	0.00e+00
 2.70916e+23	1.59e-02	7.82e-01	2.00e-01	1.80e-03	6.49e-05	1.86e-07	0.00e+00	0.00e+00
 2.72429e+23	1.88e-02	8.13e-01	1.67e-01	1.30e-03	4.65e-05	0.00e+00	0.00e+00	0.00e+00
 2.73845e+23	2.20e-02	8.39e-01	1.38e-01	9.40e-04	3.30e-05	0.00e+00	0.00e+00	0.00e+00
 2.75180e+23	2.58e-02	8.62e-01	1.12e-01	6.67e-04	2.28e-05	0.00e+00	0.00e+00	0.00e+00
 2.76447e+23	3.03e-02	8.80e-01	8.89e-02	4.68e-04	1.53e-05	0.00e+00	0.00e+00	0.00e+00
 2.77615e+23	3.57e-02	8.94e-01	6.99e-02	3.29e-04	1.01e-05	0.00e+00	0.00e+00	0.00e+00
 2.78667e+23	4.19e-02	9.03e-01	5.47e-02	2.34e-04	6.59e-06	0.00e+00	0.00e+00	0.00e+00
 2.79606e+23	4.91e-02	9.08e-01	4.27e-02	1.70e-04	4.33e-06	0.00e+00	0.00e+00	0.00e+00
 2.80449e+23	5.74e-02	9.09e-01	3.33e-02	1.26e-04	2.84e-06	0.00e+00	0.00e+00	0.00e+00
 2.81204e+23	6.68e-02	9.07e-01	2.62e-02	9.60e-05	1.89e-06	0.00e+00	0.00e+00	0.00e+00
 2.81886e+23	7.73e-02	9.02e-01	2.07e-02	7.50e-05	1.28e-06	0.00e+00	0.00e+00	0.00e+00
 2.82527e+23	8.98e-02	8.94e-01	1.63e-02	5.92e-05	8.65e-07	0.00e+00	0.00e+00	0.00e+00
 2.83128e+23	1.04e-01	8.83e-01	1.28e-02	4.74e-05	5.87e-07	0.00e+00	0.00e+00	0.00e+00
 2.83675e+23	1.21e-01	8.69e-01	1.01e-02	3.88e-05	4.05e-07	0.00e+00	0.00e+00	0.00e+00
 2.84178e+23	1.39e-01	8.53e-01	8.08e-03	3.24e-05	2.85e-07	0.00e+00	0.00e+00	0.00e+00
 2.84644e+23	1.58e-01	8.35e-01	6.50e-03	2.74e-05	2.05e-07	0.00e+00	0.00e+00	0.00e+00
 2.85059e+23	1.78e-01	8.16e-01	5.33e-03	2.37e-05	1.52e-07	0.00e+00	0.00e+00	0.00e+00
 2.85418e+23	1.98e-01	7.98e-01	4.47e-03	2.10e-05	0.00e+00	0.00e+00	0.00e+00	0.00e+00
 2.85737e+23	2.16e-01	7.80e-01	3.82e-03	1.89e-05	0.00e+00	0.00e+00	0.00e+00	0.00e+00
 2.86016e+23	2.34e-01	7.63e-01	3.32e-03	1.73e-05	0.00e+00	0.00e+00	0.00e+00	0.00e+00
 2.86268e+23	2.50e-01	7.47e-01	2.92e-03	1.59e-05	0.00e+00	0.00e+00	0.00e+00	0.00e+00
 2.86536e+23	2.69e-01	7.28e-01	2.54e-03	1.46e-05	0.00e+00	0.00e+00	0.00e+00	0.00e+00
 2.86823e+23	2.90e-01	7.08e-01	2.19e-03	1.34e-05	0.00e+00	0.00e+00	0.00e+00	0.00e+00
 2.87102e+23	3.10e-01	6.88e-01	1.90e-03	1.24e-05	0.00e+00	0.00e+00	0.00e+00	0.00e+00
 2.87314e+23	3.25e-01	6.73e-01	1.72e-03	1.17e-05	0.00e+00	0.00e+00	0.00e+00	0.00e+00
 2.87456e+23	3.36e-01	6.63e-01	1.60e-03	1.12e-05	0.00e+00	0.00e+00	0.00e+00	0.00e+00
 2.87597e+23	3.47e-01	6.52e-01	1.49e-03	1.08e-05	0.00e+00	0.00e+00	0.00e+00	0.00e+00
 2.87766e+23	3.60e-01	6.39e-01	1.37e-03	1.03e-05	0.00e+00	0.00e+00	0.00e+00	0.00e+00
 2.87953e+23	3.75e-01	6.24e-01	1.24e-03	9.82e-06	0.00e+00	0.00e+00	0.00e+00	0.00e+00
 2.88133e+23	3.88e-01	6.11e-01	1.14e-03	9.38e-06	0.00e+00	0.00e+00	0.00e+00	0.00e+00
 2.88310e+23	4.02e-01	5.97e-01	1.04e-03	8.96e-06	0.00e+00	0.00e+00	0.00e+00	0.00e+00
 2.88495e+23	4.16e-01	5.83e-01	9.49e-04	8.55e-06	0.00e+00	0.00e+00	0.00e+00	0.00e+00
 2.88681e+23	4.31e-01	5.69e-01	8.65e-04	8.17e-06	0.00e+00	0.00e+00	0.00e+00	0.00e+00
 2.88871e+23	4.45e-01	5.54e-01	7.89e-04	7.80e-06	0.00e+00	0.00e+00	0.00e+00	0.00e+00
 2.89071e+23	4.60e-01	5.39e-01	7.15e-04	7.43e-06	0.00e+00	0.00e+00	0.00e+00	0.00e+00
 2.89278e+23	4.76e-01	5.24e-01	6.47e-04	7.07e-06	0.00e+00	0.00e+00	0.00e+00	0.00e+00
 2.89483e+23	4.91e-01	5.09e-01	5.86e-04	6.75e-06	0.00e+00	0.00e+00	0.00e+00	0.00e+00
 2.89692e+23	5.06e-01	4.94e-01	5.31e-04	6.43e-06	0.00e+00	0.00e+00	0.00e+00	0.00e+00
 2.89911e+23	5.21e-01	4.78e-01	4.79e-04	6.12e-06	0.00e+00	0.00e+00	0.00e+00	0.00e+00
 2.90139e+23	5.37e-01	4.62e-01	4.31e-04	5.82e-06	0.00e+00	0.00e+00	0.00e+00	0.00e+00
 2.90370e+23	5.53e-01	4.47e-01	3.89e-04	5.53e-06	0.00e+00	0.00e+00	0.00e+00	0.00e+00
 2.90605e+23	5.68e-01	4.32e-01	3.50e-04	5.26e-06	0.00e+00	0.00e+00	0.00e+00	0.00e+00
 2.90850e+23	5.84e-01	4.16e-01	3.15e-04	5.00e-06	0.00e+00	0.00e+00	0.00e+00	0.00e+00
 2.91104e+23	6.00e-01	4.00e-01	2.82e-04	4.74e-06	0.00e+00	0.00e+00	0.00e+00	0.00e+00
 2.91365e+23	6.15e-01	3.85e-01	2.53e-04	4.50e-06	0.00e+00	0.00e+00	0.00e+00	0.00e+00
 2.91632e+23	6.30e-01	3.69e-01	2.28e-04	4.27e-06	0.00e+00	0.00e+00	0.00e+00	0.00e+00
 2.91908e+23	6.45e-01	3.54e-01	2.04e-04	4.05e-06	0.00e+00	0.00e+00	0.00e+00	0.00e+00
 2.92197e+23	6.61e-01	3.39e-01	1.83e-04	3.83e-06	0.00e+00	0.00e+00	0.00e+00	0.00e+00
 2.92496e+23	6.76e-01	3.24e-01	1.65e-04	3.62e-06	0.00e+00	0.00e+00	0.00e+00	0.00e+00
 2.92804e+23	6.90e-01	3.10e-01	1.48e-04	3.43e-06	0.00e+00	0.00e+00	0.00e+00	0.00e+00
 2.93125e+23	7.04e-01	2.96e-01	1.33e-04	3.24e-06	0.00e+00	0.00e+00	0.00e+00	0.00e+00
 2.93457e+23	7.18e-01	2.82e-01	1.20e-04	3.07e-06	0.00e+00	0.00e+00	0.00e+00	0.00e+00
 2.93797e+23	7.31e-01	2.68e-01	1.09e-04	2.90e-06	0.00e+00	0.00e+00	0.00e+00	0.00e+00
 2.94147e+23	7.44e-01	2.56e-01	9.93e-05	2.75e-06	0.00e+00	0.00e+00	0.00e+00	0.00e+00
 2.94506e+23	7.56e-01	2.44e-01	9.06e-05	2.61e-06	0.00e+00	0.00e+00	0.00e+00	0.00e+00
 2.94882e+23	7.68e-01	2.32e-01	8.29e-05	2.47e-06	0.00e+00	0.00e+00	0.00e+00	0.00e+00
 2.95276e+23	7.80e-01	2.20e-01	7.61e-05	2.34e-06	0.00e+00	0.00e+00	0.00e+00	0.00e+00
 2.95680e+23	7.91e-01	2.09e-01	7.02e-05	2.22e-06	0.00e+00	0.00e+00	0.00e+00	0.00e+00
 2.96099e+23	8.01e-01	1.99e-01	6.51e-05	2.11e-06	0.00e+00	0.00e+00	0.00e+00	0.00e+00
 2.96542e+23	8.11e-01	1.89e-01	6.04e-05	2.00e-06	0.00e+00	0.00e+00	0.00e+00	0.00e+00
 2.97011e+23	8.21e-01	1.79e-01	5.64e-05	1.90e-06	0.00e+00	0.00e+00	0.00e+00	0.00e+00
 2.97501e+23	8.30e-01	1.70e-01	5.27e-05	1.81e-06	0.00e+00	0.00e+00	0.00e+00	0.00e+00
 2.98017e+23	8.39e-01	1.60e-01	4.94e-05	1.71e-06	0.00e+00	0.00e+00	0.00e+00	0.00e+00
 2.98568e+23	8.48e-01	1.52e-01	4.65e-05	1.63e-06	0.00e+00	0.00e+00	0.00e+00	0.00e+00
 2.99154e+23	8.57e-01	1.43e-01	4.38e-05	1.54e-06	0.00e+00	0.00e+00	0.00e+00	0.00e+00
 2.99769e+23	8.66e-01	1.34e-01	4.13e-05	1.46e-06	0.00e+00	0.00e+00	0.00e+00	0.00e+00
 3.00383e+23	8.73e-01	1.27e-01	3.93e-05	1.39e-06	0.00e+00	0.00e+00	0.00e+00	0.00e+00
 3.00973e+23	8.80e-01	1.20e-01	3.75e-05	1.33e-06	0.00e+00	0.00e+00	0.00e+00	0.00e+00
 3.01551e+23	8.86e-01	1.14e-01	3.60e-05	1.27e-06	0.00e+00	0.00e+00	0.00e+00	0.00e+00
 3.02117e+23	8.92e-01	1.08e-01	3.46e-05	1.22e-06	0.00e+00	0.00e+00	0.00e+00	0.00e+00
 3.02670e+23	8.97e-01	1.03e-01	3.34e-05	1.17e-06	0.00e+00	0.00e+00	0.00e+00	0.00e+00
 3.03211e+23	9.02e-01	9.78e-02	3.23e-05	1.13e-06	0.00e+00	0.00e+00	0.00e+00	0.00e+00
 3.03727e+23	9.07e-01	9.32e-02	3.13e-05	1.09e-06	0.00e+00	0.00e+00	0.00e+00	0.00e+00
 3.04218e+23	9.11e-01	8.89e-02	3.05e-05	1.05e-06	0.00e+00	0.00e+00	0.00e+00	0.00e+00
 3.04680e+23	9.15e-01	8.52e-02	2.97e-05	1.02e-06	0.00e+00	0.00e+00	0.00e+00	0.00e+00
 3.05128e+23	9.18e-01	8.15e-02	2.90e-05	9.88e-07	0.00e+00	0.00e+00	0.00e+00	0.00e+00
 3.05578e+23	9.22e-01	7.81e-02	2.83e-05	9.58e-07	0.00e+00	0.00e+00	0.00e+00	0.00e+00
 3.06012e+23	9.25e-01	7.49e-02	2.77e-05	9.31e-07	0.00e+00	0.00e+00	0.00e+00	0.00e+00
 3.06431e+23	9.28e-01	7.19e-02	2.71e-05	9.07e-07	0.00e+00	0.00e+00	0.00e+00	0.00e+00
 3.06833e+23	9.31e-01	6.91e-02	2.66e-05	8.85e-07	0.00e+00	0.00e+00	0.00e+00	0.00e+00
 3.07223e+23	9.33e-01	6.66e-02	2.61e-05	8.65e-07	0.00e+00	0.00e+00	0.00e+00	0.00e+00
 3.07599e+23	9.36e-01	6.42e-02	2.57e-05	8.47e-07	0.00e+00	0.00e+00	0.00e+00	0.00e+00
 3.07963e+23	9.38e-01	6.19e-02	2.53e-05	8.30e-07	0.00e+00	0.00e+00	0.00e+00	0.00e+00
 3.08307e+23	9.40e-01	5.99e-02	2.49e-05	8.15e-07	0.00e+00	0.00e+00	0.00e+00	0.00e+00
 3.08521e+23	9.41e-01	5.91e-02	2.48e-05	8.08e-07	0.00e+00	0.00e+00	0.00e+00	0.00e+00
