#depth	Cl	Cl+	Cl+2	Cl+3	Cl+4	Cl+5	Cl+6	Cl+7	Cl+8	Cl+9	Cl+10	Cl+11	Cl+12	Cl+13	Cl+14	Cl+15	Cl+16	Cl+17
 4.62852e+21	0.00e+00	8.38e-27	5.52e-23	1.11e-19	5.63e-17	1.74e-14	4.58e-12	3.30e-09	2.78e-07	9.64e-06	1.49e-04	1.39e-03	6.95e-03	2.02e-02	6.64e-02	4.25e-01	3.74e-01	1.06e-01
 1.04126e+22	0.00e+00	3.97e-24	1.63e-20	2.01e-17	5.80e-15	1.01e-12	1.47e-10	9.65e-08	6.45e-06	1.65e-04	1.72e-03	1.08e-02	3.41e-02	5.94e-02	1.17e-01	4.75e-01	2.56e-01	4.51e-02
 1.21198e+22	0.00e+00	1.11e-22	3.38e-19	3.02e-16	6.08e-14	7.27e-12	7.39e-10	5.17e-07	3.20e-05	7.06e-04	5.97e-03	2.97e-02	7.28e-02	9.51e-02	1.41e-01	4.47e-01	1.83e-01	2.46e-02
 1.29473e+22	0.00e+00	6.91e-22	1.76e-18	1.29e-15	2.08e-13	1.98e-11	1.62e-09	1.22e-06	7.38e-05	1.51e-03	1.13e-02	4.94e-02	1.05e-01	1.17e-01	1.47e-01	4.09e-01	1.44e-01	1.66e-02
 1.32920e+22	0.00e+00	1.10e-21	2.69e-18	1.86e-15	2.83e-13	2.53e-11	1.97e-09	1.51e-06	9.08e-05	1.83e-03	1.33e-02	5.59e-02	1.14e-01	1.23e-01	1.47e-01	3.96e-01	1.34e-01	1.48e-02
 1.34051e+22	0.00e+00	1.52e-21	3.56e-18	2.37e-15	3.48e-13	2.98e-11	2.23e-09	1.74e-06	1.04e-04	2.07e-03	1.47e-02	6.06e-02	1.21e-01	1.26e-01	1.47e-01	3.87e-01	1.27e-01	1.37e-02
 1.34907e+22	0.00e+00	2.00e-21	4.58e-18	2.95e-15	4.17e-13	3.44e-11	2.49e-09	1.97e-06	1.18e-04	2.31e-03	1.61e-02	6.50e-02	1.27e-01	1.29e-01	1.47e-01	3.79e-01	1.21e-01	1.28e-02
 1.35863e+22	0.00e+00	2.91e-21	6.40e-18	3.94e-15	5.30e-13	4.16e-11	2.88e-09	2.32e-06	1.38e-04	2.67e-03	1.82e-02	7.13e-02	1.35e-01	1.33e-01	1.47e-01	3.67e-01	1.14e-01	1.16e-02
 1.36844e+22	0.00e+00	3.96e-21	8.42e-18	4.99e-15	6.46e-13	4.86e-11	3.23e-09	2.65e-06	1.57e-04	3.01e-03	2.00e-02	7.67e-02	1.42e-01	1.36e-01	1.46e-01	3.57e-01	1.08e-01	1.07e-02
 1.37858e+22	0.00e+00	5.91e-21	1.20e-17	6.79e-15	8.33e-13	5.94e-11	3.76e-09	3.15e-06	1.86e-04	3.50e-03	2.27e-02	8.43e-02	1.51e-01	1.40e-01	1.45e-01	3.44e-01	1.00e-01	9.63e-03
 1.38882e+22	0.00e+00	8.08e-21	1.59e-17	8.62e-15	1.02e-12	6.94e-11	4.23e-09	3.59e-06	2.11e-04	3.93e-03	2.50e-02	9.05e-02	1.58e-01	1.43e-01	1.43e-01	3.33e-01	9.44e-02	8.83e-03
 1.39917e+22	0.00e+00	1.22e-20	2.29e-17	1.18e-14	1.32e-12	8.48e-11	4.91e-09	4.25e-06	2.49e-04	4.57e-03	2.82e-02	9.90e-02	1.68e-01	1.46e-01	1.41e-01	3.18e-01	8.69e-02	7.84e-03
 1.40957e+22	0.00e+00	1.66e-20	3.03e-17	1.50e-14	1.60e-12	9.89e-11	5.51e-09	4.83e-06	2.82e-04	5.11e-03	3.09e-02	1.06e-01	1.75e-01	1.48e-01	1.39e-01	3.07e-01	8.15e-02	7.15e-03
 1.42002e+22	0.00e+00	2.51e-20	4.37e-17	2.05e-14	2.07e-12	1.21e-10	6.39e-09	5.69e-06	3.31e-04	5.91e-03	3.48e-02	1.15e-01	1.84e-01	1.51e-01	1.37e-01	2.91e-01	7.45e-02	6.31e-03
 1.43023e+22	0.00e+00	3.36e-20	5.66e-17	2.55e-14	2.49e-12	1.39e-10	7.10e-09	6.39e-06	3.70e-04	6.53e-03	3.77e-02	1.22e-01	1.91e-01	1.52e-01	1.34e-01	2.80e-01	6.99e-02	5.76e-03
 1.44013e+22	0.00e+00	4.97e-20	8.01e-17	3.43e-14	3.17e-12	1.67e-10	8.14e-09	7.42e-06	4.28e-04	7.45e-03	4.19e-02	1.31e-01	1.99e-01	1.54e-01	1.31e-01	2.66e-01	6.38e-02	5.08e-03
 1.45010e+22	0.00e+00	6.59e-20	1.03e-16	4.25e-14	3.78e-12	1.92e-10	9.04e-09	8.28e-06	4.76e-04	8.19e-03	4.52e-02	1.38e-01	2.05e-01	1.55e-01	1.29e-01	2.55e-01	5.97e-02	4.62e-03
 1.46018e+22	0.00e+00	9.63e-20	1.44e-16	5.67e-14	4.79e-12	2.31e-10	1.03e-08	9.54e-06	5.46e-04	9.27e-03	4.98e-02	1.48e-01	2.13e-01	1.55e-01	1.25e-01	2.40e-01	5.43e-02	4.07e-03
 1.47051e+22	0.00e+00	1.30e-19	1.88e-16	7.11e-14	5.78e-12	2.67e-10	1.15e-08	1.07e-05	6.07e-04	1.02e-02	5.37e-02	1.56e-01	2.19e-01	1.55e-01	1.22e-01	2.29e-01	5.03e-02	3.66e-03
 1.48119e+22	0.00e+00	1.93e-19	2.67e-16	9.58e-14	7.38e-12	3.23e-10	1.33e-08	1.23e-05	6.95e-04	1.15e-02	5.91e-02	1.66e-01	2.27e-01	1.55e-01	1.17e-01	2.15e-01	4.54e-02	3.19e-03
 1.49204e+22	0.00e+00	2.59e-19	3.48e-16	1.20e-13	8.90e-12	3.74e-10	1.48e-08	1.37e-05	7.69e-04	1.26e-02	6.34e-02	1.74e-01	2.32e-01	1.55e-01	1.14e-01	2.04e-01	4.19e-02	2.86e-03
 1.50312e+22	0.00e+00	3.83e-19	4.93e-16	1.61e-13	1.14e-11	4.52e-10	1.71e-08	1.57e-05	8.76e-04	1.42e-02	6.94e-02	1.84e-01	2.38e-01	1.54e-01	1.10e-01	1.90e-01	3.76e-02	2.47e-03
 1.51449e+22	0.00e+00	5.19e-19	6.46e-16	2.03e-13	1.38e-11	5.25e-10	1.91e-08	1.74e-05	9.68e-04	1.55e-02	7.43e-02	1.92e-01	2.42e-01	1.53e-01	1.06e-01	1.79e-01	3.45e-02	2.20e-03
 1.52626e+22	0.00e+00	7.69e-19	9.17e-16	2.74e-13	1.76e-11	6.38e-10	2.22e-08	2.00e-05	1.10e-03	1.73e-02	8.09e-02	2.03e-01	2.48e-01	1.51e-01	1.01e-01	1.66e-01	3.07e-02	1.89e-03
 1.53801e+22	0.00e+00	1.03e-18	1.19e-15	3.42e-13	2.12e-11	7.38e-10	2.48e-08	2.20e-05	1.20e-03	1.88e-02	8.61e-02	2.10e-01	2.51e-01	1.49e-01	9.75e-02	1.56e-01	2.81e-02	1.68e-03
 1.54974e+22	0.00e+00	1.51e-18	1.67e-15	4.57e-13	2.70e-11	8.91e-10	2.86e-08	2.50e-05	1.35e-03	2.08e-02	9.30e-02	2.20e-01	2.55e-01	1.46e-01	9.27e-02	1.44e-01	2.50e-02	1.44e-03
 1.56172e+22	2.47e-32	2.01e-18	2.16e-15	5.70e-13	3.25e-11	1.03e-09	3.20e-08	2.76e-05	1.48e-03	2.25e-02	9.85e-02	2.27e-01	2.57e-01	1.44e-01	8.91e-02	1.36e-01	2.28e-02	1.28e-03
 1.57404e+22	3.75e-32	2.95e-18	3.04e-15	7.63e-13	4.14e-11	1.25e-09	3.70e-08	3.12e-05	1.66e-03	2.48e-02	1.06e-01	2.37e-01	2.60e-01	1.41e-01	8.43e-02	1.25e-01	2.02e-02	1.09e-03
 1.58596e+22	4.93e-32	3.79e-18	3.81e-15	9.26e-13	4.87e-11	1.43e-09	4.10e-08	3.40e-05	1.79e-03	2.65e-02	1.11e-01	2.43e-01	2.61e-01	1.38e-01	8.12e-02	1.18e-01	1.85e-02	9.75e-04
 1.59738e+22	7.13e-32	5.32e-18	5.15e-15	1.20e-12	6.05e-11	1.69e-09	4.68e-08	3.79e-05	1.97e-03	2.88e-02	1.18e-01	2.51e-01	2.62e-01	1.35e-01	7.70e-02	1.09e-01	1.65e-02	8.40e-04
 1.60913e+22	9.50e-32	6.92e-18	6.52e-15	1.47e-12	7.17e-11	1.94e-09	5.20e-08	4.13e-05	2.13e-03	3.07e-02	1.24e-01	2.57e-01	2.63e-01	1.32e-01	7.37e-02	1.02e-01	1.51e-02	7.47e-04
 1.62130e+22	1.39e-31	9.81e-18	8.91e-15	1.92e-12	8.98e-11	2.32e-09	5.97e-08	4.61e-05	2.34e-03	3.34e-02	1.32e-01	2.64e-01	2.63e-01	1.28e-01	6.95e-02	9.33e-02	1.33e-02	6.37e-04
 1.63363e+22	1.84e-31	1.27e-17	1.12e-14	2.34e-12	1.06e-10	2.66e-09	6.63e-08	5.01e-05	2.52e-03	3.55e-02	1.38e-01	2.70e-01	2.63e-01	1.25e-01	6.65e-02	8.74e-02	1.22e-02	5.66e-04
 1.64616e+22	2.66e-31	1.77e-17	1.51e-14	3.03e-12	1.32e-10	3.17e-09	7.61e-08	5.58e-05	2.77e-03	3.85e-02	1.46e-01	2.77e-01	2.62e-01	1.21e-01	6.26e-02	8.00e-02	1.07e-02	4.83e-04
 1.65858e+22	3.49e-31	2.28e-17	1.89e-14	3.68e-12	1.56e-10	3.62e-09	8.43e-08	6.05e-05	2.97e-03	4.07e-02	1.52e-01	2.81e-01	2.61e-01	1.18e-01	5.97e-02	7.48e-02	9.79e-03	4.28e-04
 1.67087e+22	4.99e-31	3.16e-17	2.54e-14	4.73e-12	1.92e-10	4.29e-09	9.63e-08	6.70e-05	3.24e-03	4.39e-02	1.59e-01	2.87e-01	2.59e-01	1.14e-01	5.61e-02	6.84e-02	8.64e-03	3.65e-04
 1.68329e+22	6.47e-31	4.00e-17	3.14e-14	5.69e-12	2.25e-10	4.88e-09	1.07e-07	7.24e-05	3.46e-03	4.63e-02	1.65e-01	2.91e-01	2.57e-01	1.11e-01	5.35e-02	6.40e-02	7.88e-03	3.25e-04
 1.69586e+22	9.18e-31	5.51e-17	4.19e-14	7.29e-12	2.78e-10	5.78e-09	1.22e-07	8.01e-05	3.77e-03	4.96e-02	1.73e-01	2.96e-01	2.55e-01	1.06e-01	5.02e-02	5.84e-02	6.94e-03	2.76e-04
 1.70868e+22	1.20e-30	7.01e-17	5.21e-14	8.80e-12	3.26e-10	6.59e-09	1.35e-07	8.67e-05	4.03e-03	5.23e-02	1.80e-01	3.00e-01	2.52e-01	1.03e-01	4.77e-02	5.44e-02	6.30e-03	2.44e-04
 1.72181e+22	1.70e-30	9.67e-17	6.95e-14	1.13e-11	4.03e-10	7.83e-09	1.54e-07	9.59e-05	4.38e-03	5.61e-02	1.88e-01	3.04e-01	2.49e-01	9.87e-02	4.45e-02	4.94e-02	5.52e-03	2.07e-04
 1.73517e+22	6.32e-31	1.23e-16	8.65e-14	1.37e-11	4.74e-10	8.94e-09	1.71e-07	1.04e-04	4.68e-03	5.91e-02	1.94e-01	3.07e-01	2.46e-01	9.54e-02	4.22e-02	4.59e-02	4.99e-03	1.82e-04
 1.74885e+22	9.00e-31	1.70e-16	1.16e-13	1.76e-11	5.87e-10	1.06e-08	1.97e-07	1.15e-04	5.09e-03	6.31e-02	2.03e-01	3.11e-01	2.42e-01	9.10e-02	3.93e-02	4.15e-02	4.36e-03	1.53e-04
 1.76279e+22	1.18e-30	2.17e-16	1.44e-13	2.13e-11	6.92e-10	1.22e-08	2.19e-07	1.25e-04	5.44e-03	6.64e-02	2.10e-01	3.13e-01	2.38e-01	8.77e-02	3.71e-02	3.84e-02	3.92e-03	1.34e-04
 1.77706e+22	1.68e-30	3.00e-16	1.93e-13	2.74e-11	8.58e-10	1.45e-08	2.52e-07	1.38e-04	5.91e-03	7.10e-02	2.18e-01	3.15e-01	2.33e-01	8.33e-02	3.44e-02	3.46e-02	3.41e-03	1.12e-04
 1.79100e+22	2.13e-30	3.73e-16	2.35e-13	3.25e-11	9.95e-10	1.64e-08	2.78e-07	1.49e-04	6.27e-03	7.42e-02	2.24e-01	3.17e-01	2.30e-01	8.04e-02	3.26e-02	3.22e-02	3.09e-03	9.97e-05
 1.80453e+22	2.98e-30	5.06e-16	3.09e-13	4.12e-11	1.22e-09	1.94e-08	3.17e-07	1.64e-04	6.77e-03	7.88e-02	2.33e-01	3.18e-01	2.25e-01	7.64e-02	3.02e-02	2.91e-02	2.70e-03	8.40e-05
 1.81827e+22	3.78e-30	6.28e-16	3.76e-13	4.90e-11	1.42e-09	2.20e-08	3.50e-07	1.77e-04	7.19e-03	8.23e-02	2.39e-01	3.19e-01	2.21e-01	7.35e-02	2.86e-02	2.70e-02	2.44e-03	7.42e-05
 1.83228e+22	5.22e-30	8.44e-16	4.91e-13	6.19e-11	1.73e-09	2.59e-08	3.99e-07	1.95e-04	7.75e-03	8.71e-02	2.47e-01	3.20e-01	2.15e-01	6.97e-02	2.65e-02	2.44e-02	2.13e-03	6.26e-05
 1.84674e+22	6.79e-30	1.07e-15	6.10e-13	7.47e-11	2.03e-09	2.96e-08	4.45e-07	2.11e-04	8.25e-03	9.12e-02	2.54e-01	3.20e-01	2.10e-01	6.66e-02	2.49e-02	2.25e-02	1.91e-03	5.45e-05
 1.86176e+22	9.41e-30	1.44e-15	7.98e-13	9.46e-11	2.49e-09	3.51e-08	5.09e-07	2.34e-04	8.92e-03	9.65e-02	2.62e-01	3.20e-01	2.05e-01	6.29e-02	2.30e-02	2.02e-02	1.66e-03	4.57e-05
 1.87727e+22	1.24e-29	1.85e-15	1.00e-12	1.15e-10	2.96e-09	4.04e-08	5.71e-07	2.54e-04	9.52e-03	1.01e-01	2.69e-01	3.20e-01	1.99e-01	5.99e-02	2.14e-02	1.84e-02	1.47e-03	3.93e-05
 1.89343e+22	1.75e-29	2.52e-15	1.33e-12	1.48e-10	3.65e-09	4.82e-08	6.58e-07	2.82e-04	1.03e-02	1.07e-01	2.77e-01	3.19e-01	1.93e-01	5.62e-02	1.97e-02	1.64e-02	1.26e-03	3.26e-05
 1.91002e+22	2.32e-29	3.27e-15	1.68e-12	1.81e-10	4.36e-09	5.59e-08	7.41e-07	3.08e-04	1.10e-02	1.12e-01	2.84e-01	3.17e-01	1.87e-01	5.33e-02	1.83e-02	1.49e-02	1.11e-03	2.79e-05
 1.92720e+22	3.30e-29	4.49e-15	2.24e-12	2.34e-10	5.43e-09	6.71e-08	8.59e-07	3.44e-04	1.20e-02	1.19e-01	2.92e-01	3.15e-01	1.81e-01	4.97e-02	1.66e-02	1.32e-02	9.48e-04	2.29e-05
 1.94494e+22	4.45e-29	5.87e-15	2.86e-12	2.90e-10	6.54e-09	7.84e-08	9.73e-07	3.77e-04	1.28e-02	1.25e-01	2.99e-01	3.13e-01	1.75e-01	4.68e-02	1.53e-02	1.19e-02	8.27e-04	1.93e-05
 1.96342e+22	6.44e-29	8.18e-15	3.86e-12	3.78e-10	8.24e-09	9.50e-08	1.14e-06	4.23e-04	1.40e-02	1.32e-01	3.07e-01	3.10e-01	1.67e-01	4.34e-02	1.39e-02	1.05e-02	6.97e-04	1.57e-05
 1.98239e+22	8.77e-29	1.08e-14	4.97e-12	4.72e-10	9.99e-09	1.12e-07	1.29e-06	4.66e-04	1.50e-02	1.39e-01	3.14e-01	3.07e-01	1.61e-01	4.07e-02	1.27e-02	9.36e-03	6.03e-04	1.31e-05
 1.99943e+22	1.17e-28	1.40e-14	6.32e-12	5.83e-10	1.20e-08	1.30e-07	1.47e-06	5.11e-04	1.61e-02	1.45e-01	3.21e-01	3.04e-01	1.55e-01	3.82e-02	1.17e-02	8.41e-03	5.25e-04	1.10e-05
 2.01901e+22	1.74e-28	2.00e-14	8.72e-12	7.74e-10	1.53e-08	1.60e-07	1.73e-06	5.77e-04	1.75e-02	1.54e-01	3.29e-01	2.99e-01	1.47e-01	3.50e-02	1.04e-02	7.26e-03	4.34e-04	8.74e-06
 2.03871e+22	2.33e-28	2.60e-14	1.11e-11	9.55e-10	1.84e-08	1.86e-07	1.96e-06	6.32e-04	1.88e-02	1.61e-01	3.34e-01	2.95e-01	1.42e-01	3.27e-02	9.58e-03	6.51e-03	3.77e-04	7.35e-06
 2.05856e+22	3.43e-28	3.67e-14	1.52e-11	1.26e-09	2.34e-08	2.27e-07	2.30e-06	7.12e-04	2.04e-02	1.70e-01	3.42e-01	2.89e-01	1.34e-01	2.99e-02	8.53e-03	5.62e-03	3.11e-04	5.82e-06
 2.07884e+22	4.68e-28	4.85e-14	1.96e-11	1.58e-09	2.84e-08	2.67e-07	2.62e-06	7.83e-04	2.19e-02	1.77e-01	3.47e-01	2.84e-01	1.28e-01	2.78e-02	7.76e-03	4.98e-03	2.66e-04	4.81e-06
 2.09966e+22	6.94e-28	6.93e-14	2.70e-11	2.10e-09	3.63e-08	3.29e-07	3.10e-06	8.85e-04	2.39e-02	1.87e-01	3.54e-01	2.77e-01	1.20e-01	2.52e-02	6.86e-03	4.26e-03	2.18e-04	3.76e-06
 2.12081e+22	9.53e-28	9.23e-14	3.51e-11	2.64e-09	4.43e-08	3.88e-07	3.55e-06	9.76e-04	2.56e-02	1.96e-01	3.59e-01	2.71e-01	1.14e-01	2.32e-02	6.20e-03	3.75e-03	1.85e-04	3.07e-06
 2.14238e+22	1.43e-27	1.34e-13	4.92e-11	3.55e-09	5.73e-08	4.82e-07	4.22e-06	1.11e-03	2.80e-02	2.06e-01	3.65e-01	2.63e-01	1.07e-01	2.09e-02	5.43e-03	3.16e-03	1.49e-04	2.36e-06
 2.16276e+22	1.87e-27	1.71e-13	6.15e-11	4.31e-09	6.79e-08	5.55e-07	4.73e-06	1.20e-03	2.96e-02	2.14e-01	3.68e-01	2.58e-01	1.02e-01	1.94e-02	4.96e-03	2.83e-03	1.29e-04	1.98e-06
 2.18161e+22	2.67e-27	2.37e-13	8.26e-11	5.58e-09	8.50e-08	6.70e-07	5.51e-06	1.34e-03	3.20e-02	2.24e-01	3.73e-01	2.50e-01	9.56e-02	1.76e-02	4.40e-03	2.42e-03	1.06e-04	1.56e-06
 2.20061e+22	3.48e-27	3.02e-13	1.03e-10	6.79e-09	1.01e-07	7.73e-07	6.19e-06	1.46e-03	3.39e-02	2.31e-01	3.75e-01	2.44e-01	9.10e-02	1.64e-02	4.01e-03	2.16e-03	9.12e-05	1.30e-06
 2.21983e+22	4.98e-27	4.21e-13	1.39e-10	8.84e-09	1.27e-07	9.36e-07	7.23e-06	1.63e-03	3.65e-02	2.42e-01	3.79e-01	2.36e-01	8.49e-02	1.47e-02	3.53e-03	1.84e-03	7.42e-05	1.01e-06
 2.23922e+22	6.53e-27	5.42e-13	1.75e-10	1.08e-08	1.51e-07	1.09e-06	8.15e-06	1.77e-03	3.87e-02	2.50e-01	3.81e-01	2.30e-01	8.03e-02	1.36e-02	3.20e-03	1.62e-03	6.33e-05	8.35e-07
 2.25884e+22	9.32e-27	7.58e-13	2.37e-10	1.41e-08	1.91e-07	1.32e-06	9.56e-06	1.98e-03	4.18e-02	2.61e-01	3.84e-01	2.21e-01	7.45e-02	1.22e-02	2.80e-03	1.37e-03	5.10e-05	6.43e-07
 2.27873e+22	1.22e-26	9.81e-13	3.00e-10	1.73e-08	2.28e-07	1.54e-06	1.08e-05	2.17e-03	4.43e-02	2.69e-01	3.85e-01	2.14e-01	7.02e-02	1.11e-02	2.52e-03	1.20e-03	4.32e-05	5.25e-07
 2.29896e+22	1.75e-26	1.38e-12	4.10e-10	2.28e-08	2.90e-07	1.88e-06	1.28e-05	2.43e-03	4.79e-02	2.81e-01	3.86e-01	2.05e-01	6.46e-02	9.88e-03	2.18e-03	1.00e-03	3.43e-05	3.97e-07
 2.31947e+22	2.30e-26	1.80e-12	5.20e-10	2.81e-08	3.49e-07	2.20e-06	1.45e-05	2.66e-03	5.08e-02	2.90e-01	3.87e-01	1.97e-01	6.06e-02	9.00e-03	1.95e-03	8.72e-04	2.87e-05	3.21e-07
 2.34032e+22	3.28e-26	2.54e-12	7.12e-10	3.70e-08	4.45e-07	2.70e-06	1.72e-05	3.00e-03	5.49e-02	3.02e-01	3.87e-01	1.87e-01	5.53e-02	7.91e-03	1.68e-03	7.20e-04	2.26e-05	2.39e-07
 2.36161e+22	4.34e-26	3.35e-12	9.15e-10	4.62e-08	5.42e-07	3.19e-06	1.97e-05	3.30e-03	5.85e-02	3.12e-01	3.86e-01	1.80e-01	5.14e-02	7.12e-03	1.49e-03	6.16e-04	1.85e-05	1.89e-07
 2.38348e+22	6.19e-26	4.78e-12	1.26e-09	6.14e-08	6.99e-07	3.97e-06	2.36e-05	3.74e-03	6.34e-02	3.25e-01	3.85e-01	1.69e-01	4.64e-02	6.18e-03	1.26e-03	5.01e-04	1.43e-05	1.38e-07
 2.40580e+22	8.18e-26	6.33e-12	1.63e-09	7.71e-08	8.57e-07	4.72e-06	2.73e-05	4.14e-03	6.76e-02	3.35e-01	3.82e-01	1.61e-01	4.27e-02	5.50e-03	1.10e-03	4.23e-04	1.15e-05	0.00e+00
 2.42802e+22	1.14e-25	8.91e-12	2.23e-09	1.02e-07	1.10e-06	5.86e-06	3.28e-05	4.69e-03	7.32e-02	3.48e-01	3.79e-01	1.51e-01	3.84e-02	4.74e-03	9.31e-04	3.42e-04	8.80e-06	0.00e+00
 2.44924e+22	1.44e-25	1.14e-11	2.79e-09	1.24e-07	1.32e-06	6.85e-06	3.73e-05	5.13e-03	7.75e-02	3.57e-01	3.76e-01	1.43e-01	3.55e-02	4.25e-03	8.22e-04	2.92e-04	7.23e-06	0.00e+00
 2.46981e+22	1.92e-25	1.55e-11	3.72e-09	1.61e-07	1.67e-06	8.41e-06	4.45e-05	5.78e-03	8.35e-02	3.69e-01	3.71e-01	1.34e-01	3.18e-02	3.67e-03	6.95e-04	2.37e-04	5.55e-06	0.00e+00
 2.49066e+22	2.41e-25	1.98e-11	4.64e-09	1.97e-07	2.01e-06	9.87e-06	5.10e-05	6.35e-03	8.85e-02	3.79e-01	3.67e-01	1.27e-01	2.92e-02	3.26e-03	6.08e-04	2.00e-04	4.50e-06	0.00e+00
 2.51105e+22	3.11e-25	2.63e-11	6.05e-09	2.51e-07	2.51e-06	1.20e-05	6.03e-05	7.12e-03	9.49e-02	3.90e-01	3.61e-01	1.18e-01	2.61e-02	2.81e-03	5.15e-04	1.62e-04	3.47e-06	0.00e+00
 2.53186e+22	3.85e-25	3.34e-11	7.55e-09	3.08e-07	3.03e-06	1.42e-05	6.97e-05	7.86e-03	1.01e-01	3.99e-01	3.55e-01	1.11e-01	2.37e-02	2.47e-03	4.46e-04	1.35e-04	2.76e-06	0.00e+00
 2.55212e+22	4.75e-25	4.31e-11	9.59e-09	3.85e-07	3.73e-06	1.71e-05	8.18e-05	8.77e-03	1.08e-01	4.09e-01	3.47e-01	1.03e-01	2.12e-02	2.13e-03	3.79e-04	1.10e-04	2.14e-06	0.00e+00
 2.57281e+22	5.76e-25	5.45e-11	1.20e-08	4.73e-07	4.53e-06	2.03e-05	9.52e-05	9.71e-03	1.14e-01	4.19e-01	3.40e-01	9.57e-02	1.91e-02	1.85e-03	3.24e-04	9.08e-05	1.68e-06	0.00e+00
 2.59328e+22	6.93e-25	6.87e-11	1.49e-08	5.83e-07	5.53e-06	2.42e-05	1.11e-04	1.08e-02	1.22e-01	4.28e-01	3.32e-01	8.87e-02	1.71e-02	1.60e-03	2.76e-04	7.40e-05	1.31e-06	0.00e+00
 2.61386e+22	8.24e-25	8.54e-11	1.84e-08	7.12e-07	6.69e-06	2.87e-05	1.30e-04	1.20e-02	1.29e-01	4.36e-01	3.23e-01	8.21e-02	1.53e-02	1.38e-03	2.35e-04	6.05e-05	1.02e-06	0.00e+00
 2.63421e+22	9.69e-25	1.05e-10	2.26e-08	8.66e-07	8.08e-06	3.41e-05	1.51e-04	1.33e-02	1.37e-01	4.44e-01	3.14e-01	7.58e-02	1.36e-02	1.19e-03	1.99e-04	4.94e-05	7.91e-07	0.00e+00
 2.65451e+22	1.13e-24	1.28e-10	2.75e-08	1.05e-06	9.71e-06	4.02e-05	1.76e-04	1.47e-02	1.45e-01	4.51e-01	3.05e-01	6.99e-02	1.21e-02	1.03e-03	1.69e-04	4.03e-05	6.15e-07	0.00e+00
 2.67486e+22	1.30e-24	1.56e-10	3.33e-08	1.26e-06	1.17e-05	4.75e-05	2.04e-04	1.62e-02	1.54e-01	4.58e-01	2.95e-01	6.44e-02	1.08e-02	8.83e-04	1.43e-04	3.28e-05	4.77e-07	0.00e+00
 2.69528e+22	1.50e-24	1.87e-10	4.01e-08	1.52e-06	1.40e-05	5.60e-05	2.37e-04	1.79e-02	1.63e-01	4.64e-01	2.85e-01	5.91e-02	9.59e-03	7.59e-04	1.21e-04	2.67e-05	3.70e-07	0.00e+00
 2.71582e+22	1.71e-24	2.23e-10	4.81e-08	1.82e-06	1.67e-05	6.59e-05	2.75e-04	1.98e-02	1.72e-01	4.69e-01	2.75e-01	5.42e-02	8.50e-03	6.50e-04	1.03e-04	2.16e-05	2.86e-07	0.00e+00
 2.73655e+22	1.95e-24	2.65e-10	5.75e-08	2.17e-06	1.99e-05	7.74e-05	3.20e-04	2.19e-02	1.81e-01	4.74e-01	2.65e-01	4.95e-02	7.52e-03	5.56e-04	8.64e-05	1.75e-05	2.20e-07	0.00e+00
 2.75752e+22	2.22e-24	3.12e-10	6.86e-08	2.59e-06	2.37e-05	9.10e-05	3.72e-04	2.41e-02	1.91e-01	4.78e-01	2.54e-01	4.52e-02	6.64e-03	4.74e-04	7.27e-05	1.41e-05	1.69e-07	0.00e+00
 2.77859e+22	2.52e-24	3.66e-10	8.13e-08	3.08e-06	2.81e-05	1.07e-04	4.30e-04	2.66e-02	2.01e-01	4.80e-01	2.44e-01	4.12e-02	5.86e-03	4.05e-04	6.11e-05	1.14e-05	1.30e-07	0.00e+00
 2.80001e+22	2.88e-24	4.27e-10	9.66e-08	3.67e-06	3.35e-05	1.25e-04	5.01e-04	2.94e-02	2.12e-01	4.83e-01	2.33e-01	3.74e-02	5.14e-03	3.44e-04	5.11e-05	9.16e-06	0.00e+00	0.00e+00
 2.82168e+22	7.20e-24	4.96e-10	1.14e-07	4.34e-06	3.96e-05	1.46e-04	5.80e-04	3.23e-02	2.22e-01	4.84e-01	2.22e-01	3.39e-02	4.52e-03	2.92e-04	4.28e-05	7.38e-06	0.00e+00	0.00e+00
 2.84376e+22	8.30e-24	5.76e-10	1.35e-07	5.16e-06	4.71e-05	1.72e-04	6.75e-04	3.56e-02	2.33e-01	4.84e-01	2.11e-01	3.06e-02	3.95e-03	2.47e-04	3.55e-05	5.87e-06	0.00e+00	0.00e+00
 2.86431e+22	9.39e-24	6.49e-10	1.55e-07	5.93e-06	5.41e-05	1.95e-04	7.62e-04	3.86e-02	2.43e-01	4.83e-01	2.02e-01	2.81e-02	3.53e-03	2.15e-04	3.06e-05	4.89e-06	0.00e+00	0.00e+00
 2.88545e+22	1.09e-23	7.52e-10	1.84e-07	7.07e-06	6.46e-05	2.30e-04	8.91e-04	4.26e-02	2.55e-01	4.82e-01	1.91e-01	2.52e-02	3.06e-03	1.80e-04	2.51e-05	3.85e-06	0.00e+00	0.00e+00
 2.90692e+22	1.26e-23	8.47e-10	2.12e-07	8.13e-06	7.42e-05	2.61e-04	1.01e-03	4.61e-02	2.64e-01	4.80e-01	1.82e-01	2.30e-02	2.73e-03	1.56e-04	2.15e-05	3.19e-06	0.00e+00	0.00e+00
 2.92891e+22	1.49e-23	9.75e-10	2.52e-07	9.70e-06	8.86e-05	3.08e-04	1.18e-03	5.10e-02	2.77e-01	4.76e-01	1.71e-01	2.05e-02	2.35e-03	1.29e-04	1.75e-05	2.48e-06	0.00e+00	0.00e+00
 2.95101e+22	1.73e-23	1.10e-09	2.89e-07	1.11e-05	1.01e-04	3.48e-04	1.32e-03	5.49e-02	2.86e-01	4.73e-01	1.63e-01	1.87e-02	2.10e-03	1.13e-04	1.50e-05	2.06e-06	0.00e+00	0.00e+00
 2.97327e+22	2.09e-23	1.27e-09	3.44e-07	1.33e-05	1.21e-04	4.09e-04	1.55e-03	6.05e-02	2.99e-01	4.67e-01	1.52e-01	1.66e-02	1.80e-03	9.33e-05	1.23e-05	1.61e-06	0.00e+00	0.00e+00
 2.99565e+22	2.45e-23	1.42e-09	3.95e-07	1.52e-05	1.38e-04	4.61e-04	1.73e-03	6.51e-02	3.08e-01	4.63e-01	1.45e-01	1.51e-02	1.61e-03	8.09e-05	1.05e-05	1.33e-06	0.00e+00	0.00e+00
 3.01820e+22	3.00e-23	1.64e-09	4.70e-07	1.80e-05	1.64e-04	5.39e-04	2.02e-03	7.14e-02	3.21e-01	4.56e-01	1.35e-01	1.34e-02	1.38e-03	6.71e-05	8.54e-06	1.04e-06	0.00e+00	0.00e+00
 3.04094e+22	3.55e-23	1.84e-09	5.40e-07	2.07e-05	1.87e-04	6.07e-04	2.26e-03	7.66e-02	3.30e-01	4.50e-01	1.27e-01	1.22e-02	1.23e-03	5.80e-05	7.29e-06	8.58e-07	0.00e+00	0.00e+00
 3.06392e+22	4.41e-23	2.13e-09	6.45e-07	2.46e-05	2.21e-04	7.08e-04	2.61e-03	8.39e-02	3.42e-01	4.41e-01	1.18e-01	1.07e-02	1.05e-03	4.80e-05	5.92e-06	6.67e-07	0.00e+00	0.00e+00
 3.08719e+22	5.28e-23	2.40e-09	7.44e-07	2.82e-05	2.52e-04	7.97e-04	2.92e-03	8.98e-02	3.51e-01	4.33e-01	1.11e-01	9.72e-03	9.29e-04	4.14e-05	5.04e-06	5.49e-07	0.00e+00	0.00e+00
 3.11083e+22	6.67e-23	2.79e-09	8.93e-07	3.36e-05	2.98e-04	9.28e-04	3.38e-03	9.80e-02	3.62e-01	4.23e-01	1.03e-01	8.53e-03	7.92e-04	3.40e-05	4.07e-06	4.25e-07	0.00e+00	0.00e+00
 3.13486e+22	8.11e-23	3.16e-09	1.04e-06	3.87e-05	3.41e-04	1.04e-03	3.78e-03	1.05e-01	3.71e-01	4.15e-01	9.63e-02	7.69e-03	6.99e-04	2.92e-05	3.44e-06	3.48e-07	0.00e+00	0.00e+00
 3.15939e+22	1.04e-22	3.70e-09	1.25e-06	4.64e-05	4.04e-04	1.22e-03	4.37e-03	1.14e-01	3.81e-01	4.03e-01	8.83e-02	6.70e-03	5.92e-04	2.39e-05	2.76e-06	2.67e-07	0.00e+00	0.00e+00
 3.18443e+22	1.29e-22	4.24e-09	1.47e-06	5.37e-05	4.63e-04	1.37e-03	4.88e-03	1.22e-01	3.89e-01	3.93e-01	8.23e-02	6.01e-03	5.19e-04	2.04e-05	2.32e-06	2.17e-07	0.00e+00	0.00e+00
 3.21013e+22	1.69e-22	5.03e-09	1.79e-06	6.48e-05	5.52e-04	1.60e-03	5.64e-03	1.33e-01	3.99e-01	3.80e-01	7.49e-02	5.20e-03	4.36e-04	1.65e-05	1.85e-06	1.64e-07	0.00e+00	0.00e+00
 3.23648e+22	2.13e-22	5.84e-09	2.12e-06	7.56e-05	6.35e-04	1.80e-03	6.31e-03	1.42e-01	4.06e-01	3.69e-01	6.94e-02	4.63e-03	3.80e-04	1.39e-05	1.54e-06	1.32e-07	0.00e+00	0.00e+00
 3.26367e+22	2.87e-22	7.01e-09	2.62e-06	9.21e-05	7.60e-04	2.11e-03	7.31e-03	1.54e-01	4.15e-01	3.54e-01	6.25e-02	3.95e-03	3.16e-04	1.11e-05	1.20e-06	0.00e+00	0.00e+00	0.00e+00
 3.28925e+22	3.54e-22	8.05e-09	3.04e-06	1.05e-04	8.56e-04	2.33e-03	8.01e-03	1.62e-01	4.20e-01	3.44e-01	5.84e-02	3.58e-03	2.80e-04	9.66e-06	1.03e-06	0.00e+00	0.00e+00	0.00e+00
 3.31273e+22	4.62e-22	9.52e-09	3.67e-06	1.25e-04	9.96e-04	2.66e-03	9.03e-03	1.74e-01	4.26e-01	3.31e-01	5.33e-02	3.13e-03	2.39e-04	7.98e-06	8.37e-07	0.00e+00	0.00e+00	0.00e+00
 3.33602e+22	5.68e-22	1.09e-08	4.24e-06	1.42e-04	1.12e-03	2.93e-03	9.84e-03	1.82e-01	4.30e-01	3.21e-01	4.98e-02	2.83e-03	2.13e-04	6.93e-06	7.18e-07	0.00e+00	0.00e+00	0.00e+00
 3.35906e+22	7.36e-22	1.28e-08	5.08e-06	1.68e-04	1.29e-03	3.32e-03	1.10e-02	1.94e-01	4.34e-01	3.08e-01	4.53e-02	2.47e-03	1.81e-04	5.72e-06	5.83e-07	0.00e+00	0.00e+00	0.00e+00
 3.38224e+22	9.14e-22	1.48e-08	5.90e-06	1.91e-04	1.45e-03	3.65e-03	1.20e-02	2.03e-01	4.37e-01	2.98e-01	4.22e-02	2.23e-03	1.61e-04	4.96e-06	4.99e-07	0.00e+00	0.00e+00	0.00e+00
 3.40560e+22	1.20e-21	1.77e-08	7.12e-06	2.26e-04	1.68e-03	4.13e-03	1.34e-02	2.15e-01	4.40e-01	2.85e-01	3.83e-02	1.95e-03	1.37e-04	4.10e-06	4.06e-07	0.00e+00	0.00e+00	0.00e+00
 3.42939e+22	1.51e-21	2.06e-08	8.31e-06	2.60e-04	1.88e-03	4.55e-03	1.46e-02	2.25e-01	4.41e-01	2.75e-01	3.55e-02	1.75e-03	1.21e-04	3.53e-06	3.45e-07	0.00e+00	0.00e+00	0.00e+00
 3.45370e+22	2.02e-21	2.49e-08	1.01e-05	3.09e-04	2.19e-03	5.15e-03	1.63e-02	2.38e-01	4.43e-01	2.62e-01	3.20e-02	1.52e-03	1.03e-04	2.89e-06	2.78e-07	0.00e+00	0.00e+00	0.00e+00
 3.47836e+22	2.57e-21	2.93e-08	1.19e-05	3.55e-04	2.46e-03	5.66e-03	1.76e-02	2.48e-01	4.43e-01	2.52e-01	2.95e-02	1.36e-03	9.02e-05	2.48e-06	2.35e-07	0.00e+00	0.00e+00	0.00e+00
 3.50346e+22	3.48e-21	3.58e-08	1.46e-05	4.25e-04	2.86e-03	6.42e-03	1.97e-02	2.62e-01	4.43e-01	2.38e-01	2.64e-02	1.17e-03	7.58e-05	2.02e-06	1.88e-07	0.00e+00	0.00e+00	0.00e+00
 3.52904e+22	4.49e-21	4.27e-08	1.72e-05	4.92e-04	3.23e-03	7.07e-03	2.13e-02	2.73e-01	4.42e-01	2.28e-01	2.43e-02	1.04e-03	6.63e-05	1.72e-06	1.58e-07	0.00e+00	0.00e+00	0.00e+00
 3.55525e+22	6.20e-21	5.29e-08	2.13e-05	5.93e-04	3.77e-03	8.02e-03	2.37e-02	2.87e-01	4.40e-01	2.15e-01	2.16e-02	8.89e-04	5.52e-05	1.38e-06	1.25e-07	0.00e+00	0.00e+00	0.00e+00
 3.58203e+22	8.13e-21	6.38e-08	2.54e-05	6.90e-04	4.26e-03	8.85e-03	2.57e-02	2.98e-01	4.37e-01	2.04e-01	1.97e-02	7.87e-04	4.79e-05	1.17e-06	0.00e+00	0.00e+00	0.00e+00	0.00e+00
 3.60956e+22	1.15e-20	8.05e-08	3.18e-05	8.38e-04	5.00e-03	1.01e-02	2.86e-02	3.14e-01	4.33e-01	1.91e-01	1.73e-02	6.66e-04	3.95e-05	9.30e-07	0.00e+00	0.00e+00	0.00e+00	0.00e+00
 3.63770e+22	1.53e-20	9.81e-08	3.82e-05	9.82e-04	5.68e-03	1.11e-02	3.10e-02	3.25e-01	4.29e-01	1.81e-01	1.57e-02	5.84e-04	3.39e-05	7.78e-07	0.00e+00	0.00e+00	0.00e+00	0.00e+00
 3.66663e+22	2.21e-20	1.26e-07	4.84e-05	1.20e-03	6.68e-03	1.26e-02	3.45e-02	3.41e-01	4.22e-01	1.68e-01	1.37e-02	4.90e-04	2.77e-05	6.13e-07	0.00e+00	0.00e+00	0.00e+00	0.00e+00
 3.69591e+22	2.98e-20	1.55e-07	5.84e-05	1.41e-03	7.59e-03	1.40e-02	3.72e-02	3.52e-01	4.17e-01	1.58e-01	1.24e-02	4.29e-04	2.37e-05	5.10e-07	0.00e+00	0.00e+00	0.00e+00	0.00e+00
 3.72562e+22	4.36e-20	2.02e-07	7.43e-05	1.73e-03	8.94e-03	1.59e-02	4.12e-02	3.67e-01	4.08e-01	1.46e-01	1.07e-02	3.57e-04	1.92e-05	3.98e-07	0.00e+00	0.00e+00	0.00e+00	0.00e+00
 3.75566e+22	5.92e-20	2.50e-07	8.99e-05	2.04e-03	1.02e-02	1.75e-02	4.45e-02	3.78e-01	4.01e-01	1.37e-01	9.58e-03	3.10e-04	1.63e-05	3.29e-07	0.00e+00	0.00e+00	0.00e+00	0.00e+00
 3.78611e+22	8.76e-20	3.28e-07	1.15e-04	2.51e-03	1.19e-02	1.98e-02	4.89e-02	3.92e-01	3.91e-01	1.25e-01	8.27e-03	2.58e-04	1.32e-05	2.57e-07	0.00e+00	0.00e+00	0.00e+00	0.00e+00
 3.81614e+22	1.18e-19	4.04e-07	1.38e-04	2.93e-03	1.35e-02	2.17e-02	5.24e-02	4.02e-01	3.82e-01	1.17e-01	7.40e-03	2.24e-04	1.12e-05	2.12e-07	0.00e+00	0.00e+00	0.00e+00	0.00e+00
 3.84565e+22	1.73e-19	5.28e-07	1.74e-04	3.56e-03	1.57e-02	2.43e-02	5.71e-02	4.14e-01	3.71e-01	1.07e-01	6.39e-03	1.87e-04	9.08e-06	1.66e-07	0.00e+00	0.00e+00	0.00e+00	0.00e+00
 3.87618e+22	2.39e-19	6.61e-07	2.12e-04	4.20e-03	1.78e-02	2.67e-02	6.12e-02	4.24e-01	3.61e-01	9.94e-02	5.65e-03	1.60e-04	7.61e-06	1.36e-07	0.00e+00	0.00e+00	0.00e+00	0.00e+00
 3.90166e+22	3.14e-19	7.98e-07	2.50e-04	4.82e-03	1.97e-02	2.89e-02	6.48e-02	4.31e-01	3.52e-01	9.31e-02	5.08e-03	1.41e-04	6.55e-06	0.00e+00	0.00e+00	0.00e+00	0.00e+00	0.00e+00
 3.92840e+22	4.40e-19	1.01e-06	3.06e-04	5.71e-03	2.24e-02	3.18e-02	6.94e-02	4.40e-01	3.41e-01	8.56e-02	4.44e-03	1.20e-04	5.43e-06	0.00e+00	0.00e+00	0.00e+00	0.00e+00	0.00e+00
 3.95596e+22	5.89e-19	1.24e-06	3.64e-04	6.60e-03	2.50e-02	3.44e-02	7.35e-02	4.46e-01	3.30e-01	7.95e-02	3.95e-03	1.04e-04	4.60e-06	0.00e+00	0.00e+00	0.00e+00	0.00e+00	0.00e+00
 3.98072e+22	7.82e-19	1.51e-06	4.31e-04	7.59e-03	2.78e-02	3.72e-02	7.75e-02	4.52e-01	3.20e-01	7.39e-02	3.52e-03	9.05e-05	3.93e-06	0.00e+00	0.00e+00	0.00e+00	0.00e+00	0.00e+00
 4.00905e+22	1.12e-18	1.93e-06	5.32e-04	9.02e-03	3.16e-02	4.08e-02	8.26e-02	4.58e-01	3.07e-01	6.72e-02	3.05e-03	7.60e-05	3.21e-06	0.00e+00	0.00e+00	0.00e+00	0.00e+00	0.00e+00
 4.03838e+22	1.53e-18	2.41e-06	6.40e-04	1.05e-02	3.54e-02	4.43e-02	8.74e-02	4.62e-01	2.95e-01	6.16e-02	2.66e-03	6.48e-05	2.67e-06	0.00e+00	0.00e+00	0.00e+00	0.00e+00	0.00e+00
 4.06447e+22	2.05e-18	2.95e-06	7.58e-04	1.21e-02	3.92e-02	4.76e-02	9.17e-02	4.65e-01	2.84e-01	5.68e-02	2.36e-03	5.60e-05	2.25e-06	0.00e+00	0.00e+00	0.00e+00	0.00e+00	0.00e+00
 4.09385e+22	2.95e-18	3.80e-06	9.36e-04	1.43e-02	4.44e-02	5.20e-02	9.71e-02	4.68e-01	2.70e-01	5.11e-02	2.02e-03	4.65e-05	1.82e-06	0.00e+00	0.00e+00	0.00e+00	0.00e+00	0.00e+00
 4.12457e+22	4.12e-18	4.76e-06	1.13e-03	1.67e-02	4.96e-02	5.62e-02	1.02e-01	4.69e-01	2.57e-01	4.63e-02	1.74e-03	3.91e-05	1.49e-06	0.00e+00	0.00e+00	0.00e+00	0.00e+00	0.00e+00
 4.15231e+22	5.59e-18	5.88e-06	1.34e-03	1.92e-02	5.49e-02	6.02e-02	1.07e-01	4.69e-01	2.45e-01	4.22e-02	1.52e-03	3.34e-05	1.24e-06	0.00e+00	0.00e+00	0.00e+00	0.00e+00	0.00e+00
 4.18366e+22	8.21e-18	7.66e-06	1.67e-03	2.29e-02	6.21e-02	6.55e-02	1.12e-01	4.67e-01	2.30e-01	3.74e-02	1.27e-03	2.72e-05	9.80e-07	0.00e+00	0.00e+00	0.00e+00	0.00e+00	0.00e+00
 4.21599e+22	1.15e-17	9.64e-06	2.01e-03	2.66e-02	6.91e-02	7.03e-02	1.17e-01	4.64e-01	2.16e-01	3.34e-02	1.08e-03	2.26e-05	7.90e-07	0.00e+00	0.00e+00	0.00e+00	0.00e+00	0.00e+00
 4.24476e+22	1.58e-17	1.19e-05	2.39e-03	3.06e-02	7.60e-02	7.49e-02	1.21e-01	4.60e-01	2.04e-01	3.01e-02	9.34e-04	1.90e-05	6.48e-07	0.00e+00	0.00e+00	0.00e+00	0.00e+00	0.00e+00
 4.27734e+22	2.34e-17	1.56e-05	2.97e-03	3.62e-02	8.53e-02	8.07e-02	1.26e-01	4.53e-01	1.89e-01	2.62e-02	7.72e-04	1.53e-05	5.04e-07	0.00e+00	0.00e+00	0.00e+00	0.00e+00	0.00e+00
 4.31116e+22	3.33e-17	1.96e-05	3.58e-03	4.20e-02	9.43e-02	8.60e-02	1.31e-01	4.44e-01	1.75e-01	2.31e-02	6.45e-04	1.25e-05	3.98e-07	0.00e+00	0.00e+00	0.00e+00	0.00e+00	0.00e+00
 4.34153e+22	4.60e-17	2.44e-05	4.25e-03	4.79e-02	1.03e-01	9.09e-02	1.34e-01	4.36e-01	1.63e-01	2.05e-02	5.47e-04	1.03e-05	3.21e-07	0.00e+00	0.00e+00	0.00e+00	0.00e+00	0.00e+00
 4.37597e+22	6.89e-17	3.19e-05	5.25e-03	5.65e-02	1.15e-01	9.70e-02	1.38e-01	4.22e-01	1.48e-01	1.75e-02	4.42e-04	8.11e-06	2.43e-07	0.00e+00	0.00e+00	0.00e+00	0.00e+00	0.00e+00
 4.41170e+22	9.94e-17	4.04e-05	6.32e-03	6.52e-02	1.26e-01	1.02e-01	1.41e-01	4.09e-01	1.35e-01	1.51e-02	3.61e-04	6.47e-06	1.88e-07	0.00e+00	0.00e+00	0.00e+00	0.00e+00	0.00e+00
 4.44368e+22	1.38e-16	5.01e-05	7.48e-03	7.39e-02	1.36e-01	1.07e-01	1.43e-01	3.95e-01	1.23e-01	1.31e-02	3.01e-04	5.26e-06	1.48e-07	0.00e+00	0.00e+00	0.00e+00	0.00e+00	0.00e+00
 4.47985e+22	2.12e-16	6.57e-05	9.22e-03	8.65e-02	1.50e-01	1.13e-01	1.45e-01	3.76e-01	1.09e-01	1.09e-02	2.35e-04	4.00e-06	0.00e+00	0.00e+00	0.00e+00	0.00e+00	0.00e+00	0.00e+00
 4.51673e+22	3.01e-16	8.19e-05	1.09e-02	9.81e-02	1.62e-01	1.17e-01	1.46e-01	3.58e-01	9.83e-02	9.25e-03	1.90e-04	3.16e-06	0.00e+00	0.00e+00	0.00e+00	0.00e+00	0.00e+00	0.00e+00
 4.55456e+22	4.64e-16	1.07e-04	1.34e-02	1.14e-01	1.76e-01	1.22e-01	1.46e-01	3.36e-01	8.56e-02	7.53e-03	1.46e-04	2.35e-06	0.00e+00	0.00e+00	0.00e+00	0.00e+00	0.00e+00	0.00e+00
 4.59277e+22	6.62e-16	1.33e-04	1.58e-02	1.28e-01	1.88e-01	1.25e-01	1.45e-01	3.16e-01	7.59e-02	6.32e-03	1.17e-04	1.83e-06	0.00e+00	0.00e+00	0.00e+00	0.00e+00	0.00e+00	0.00e+00
 4.63148e+22	1.03e-15	1.74e-04	1.92e-02	1.47e-01	2.02e-01	1.28e-01	1.43e-01	2.91e-01	6.47e-02	5.03e-03	8.73e-05	1.33e-06	0.00e+00	0.00e+00	0.00e+00	0.00e+00	0.00e+00	0.00e+00
 4.67055e+22	1.47e-15	2.13e-04	2.23e-02	1.63e-01	2.13e-01	1.30e-01	1.41e-01	2.71e-01	5.66e-02	4.16e-03	6.89e-05	1.03e-06	0.00e+00	0.00e+00	0.00e+00	0.00e+00	0.00e+00	0.00e+00
 4.71006e+22	8.92e-16	2.76e-04	2.69e-02	1.85e-01	2.25e-01	1.31e-01	1.36e-01	2.45e-01	4.73e-02	3.24e-03	5.05e-05	7.29e-07	0.00e+00	0.00e+00	0.00e+00	0.00e+00	0.00e+00	0.00e+00
 4.75000e+22	1.26e-15	3.36e-04	3.10e-02	2.03e-01	2.34e-01	1.31e-01	1.32e-01	2.25e-01	4.08e-02	2.64e-03	3.93e-05	5.54e-07	0.00e+00	0.00e+00	0.00e+00	0.00e+00	0.00e+00	0.00e+00
 4.79047e+22	1.97e-15	4.32e-04	3.69e-02	2.26e-01	2.44e-01	1.31e-01	1.26e-01	1.99e-01	3.34e-02	2.02e-03	2.82e-05	3.85e-07	0.00e+00	0.00e+00	0.00e+00	0.00e+00	0.00e+00	0.00e+00
 4.83147e+22	2.82e-15	5.23e-04	4.21e-02	2.46e-01	2.51e-01	1.29e-01	1.21e-01	1.80e-01	2.83e-02	1.62e-03	2.16e-05	2.87e-07	0.00e+00	0.00e+00	0.00e+00	0.00e+00	0.00e+00	0.00e+00
 4.87316e+22	4.49e-15	6.65e-04	4.96e-02	2.71e-01	2.58e-01	1.27e-01	1.14e-01	1.57e-01	2.27e-02	1.20e-03	1.51e-05	1.95e-07	0.00e+00	0.00e+00	0.00e+00	0.00e+00	0.00e+00	0.00e+00
 4.91402e+22	6.35e-15	7.91e-04	5.57e-02	2.89e-01	2.61e-01	1.24e-01	1.08e-01	1.41e-01	1.92e-02	9.65e-04	1.16e-05	1.46e-07	0.00e+00	0.00e+00	0.00e+00	0.00e+00	0.00e+00	0.00e+00
 4.95380e+22	1.01e-14	9.83e-04	6.43e-02	3.13e-01	2.64e-01	1.20e-01	1.00e-01	1.22e-01	1.53e-02	7.19e-04	8.18e-06	0.00e+00	0.00e+00	0.00e+00	0.00e+00	0.00e+00	0.00e+00	0.00e+00
 4.99220e+22	1.41e-14	1.14e-03	7.09e-02	3.29e-01	2.65e-01	1.16e-01	9.46e-02	1.10e-01	1.30e-02	5.82e-04	6.37e-06	0.00e+00	0.00e+00	0.00e+00	0.00e+00	0.00e+00	0.00e+00	0.00e+00
 5.02880e+22	2.17e-14	1.38e-03	7.99e-02	3.49e-01	2.64e-01	1.12e-01	8.76e-02	9.54e-02	1.05e-02	4.42e-04	4.61e-06	0.00e+00	0.00e+00	0.00e+00	0.00e+00	0.00e+00	0.00e+00	0.00e+00
 5.06563e+22	3.19e-14	1.59e-03	8.76e-02	3.65e-01	2.63e-01	1.07e-01	8.21e-02	8.49e-02	8.84e-03	3.54e-04	3.55e-06	0.00e+00	0.00e+00	0.00e+00	0.00e+00	0.00e+00	0.00e+00	0.00e+00
 5.10276e+22	5.14e-14	1.91e-03	9.79e-02	3.83e-01	2.59e-01	1.02e-01	7.53e-02	7.29e-02	7.05e-03	2.66e-04	2.54e-06	0.00e+00	0.00e+00	0.00e+00	0.00e+00	0.00e+00	0.00e+00	0.00e+00
 5.14060e+22	8.44e-14	2.20e-03	1.07e-01	3.98e-01	2.56e-01	9.75e-02	6.98e-02	6.41e-02	5.83e-03	2.09e-04	1.92e-06	0.00e+00	0.00e+00	0.00e+00	0.00e+00	0.00e+00	0.00e+00	0.00e+00
 5.17937e+22	1.51e-13	2.63e-03	1.19e-01	4.14e-01	2.50e-01	9.17e-02	6.32e-02	5.42e-02	4.57e-03	1.54e-04	1.35e-06	0.00e+00	0.00e+00	0.00e+00	0.00e+00	0.00e+00	0.00e+00	0.00e+00
 5.21849e+22	3.27e-13	3.04e-03	1.29e-01	4.27e-01	2.45e-01	8.69e-02	5.82e-02	4.72e-02	3.74e-03	1.20e-04	1.01e-06	0.00e+00	0.00e+00	0.00e+00	0.00e+00	0.00e+00	0.00e+00	0.00e+00
 5.25287e+22	6.32e-13	3.48e-03	1.40e-01	4.38e-01	2.39e-01	8.22e-02	5.35e-02	4.11e-02	3.06e-03	9.33e-05	7.56e-07	0.00e+00	0.00e+00	0.00e+00	0.00e+00	0.00e+00	0.00e+00	0.00e+00
 5.29238e+22	1.82e-12	4.12e-03	1.54e-01	4.50e-01	2.30e-01	7.63e-02	4.78e-02	3.43e-02	2.37e-03	6.77e-05	5.23e-07	0.00e+00	0.00e+00	0.00e+00	0.00e+00	0.00e+00	0.00e+00	0.00e+00
 5.33064e+22	1.00e-11	4.66e-03	1.65e-01	4.59e-01	2.24e-01	7.20e-02	4.40e-02	3.00e-02	1.95e-03	5.34e-05	3.98e-07	0.00e+00	0.00e+00	0.00e+00	0.00e+00	0.00e+00	0.00e+00	0.00e+00
 5.36111e+22	3.13e-11	5.20e-03	1.76e-01	4.65e-01	2.17e-01	6.82e-02	4.06e-02	2.64e-02	1.63e-03	4.29e-05	3.10e-07	0.00e+00	0.00e+00	0.00e+00	0.00e+00	0.00e+00	0.00e+00	0.00e+00
 5.39457e+22	1.40e-10	5.94e-03	1.89e-01	4.72e-01	2.09e-01	6.37e-02	3.68e-02	2.26e-02	1.31e-03	3.27e-05	2.27e-07	0.00e+00	0.00e+00	0.00e+00	0.00e+00	0.00e+00	0.00e+00	0.00e+00
 5.42861e+22	5.43e-10	6.63e-03	2.00e-01	4.76e-01	2.02e-01	6.00e-02	3.38e-02	1.98e-02	1.08e-03	2.60e-05	1.75e-07	0.00e+00	0.00e+00	0.00e+00	0.00e+00	0.00e+00	0.00e+00	0.00e+00
 5.45864e+22	2.45e-09	7.35e-03	2.12e-01	4.80e-01	1.95e-01	5.66e-02	3.11e-02	1.74e-02	9.03e-04	2.08e-05	1.36e-07	0.00e+00	0.00e+00	0.00e+00	0.00e+00	0.00e+00	0.00e+00	0.00e+00
 5.49292e+22	1.87e-08	8.37e-03	2.27e-01	4.83e-01	1.86e-01	5.24e-02	2.79e-02	1.47e-02	7.15e-04	1.57e-05	0.00e+00	0.00e+00	0.00e+00	0.00e+00	0.00e+00	0.00e+00	0.00e+00	0.00e+00
 5.52761e+22	1.17e-07	9.30e-03	2.39e-01	4.85e-01	1.79e-01	4.90e-02	2.54e-02	1.28e-02	5.87e-04	1.24e-05	0.00e+00	0.00e+00	0.00e+00	0.00e+00	0.00e+00	0.00e+00	0.00e+00	0.00e+00
 5.55802e+22	3.37e-07	1.03e-02	2.52e-01	4.86e-01	1.71e-01	4.60e-02	2.33e-02	1.11e-02	4.86e-04	9.86e-06	0.00e+00	0.00e+00	0.00e+00	0.00e+00	0.00e+00	0.00e+00	0.00e+00	0.00e+00
 5.59275e+22	6.99e-07	1.17e-02	2.68e-01	4.85e-01	1.62e-01	4.22e-02	2.07e-02	9.34e-03	3.80e-04	7.33e-06	0.00e+00	0.00e+00	0.00e+00	0.00e+00	0.00e+00	0.00e+00	0.00e+00	0.00e+00
 5.62776e+22	8.77e-07	1.29e-02	2.81e-01	4.84e-01	1.55e-01	3.95e-02	1.88e-02	8.12e-03	3.13e-04	5.82e-06	0.00e+00	0.00e+00	0.00e+00	0.00e+00	0.00e+00	0.00e+00	0.00e+00	0.00e+00
 5.65756e+22	1.09e-06	1.41e-02	2.93e-01	4.82e-01	1.48e-01	3.70e-02	1.72e-02	7.10e-03	2.60e-04	4.67e-06	0.00e+00	0.00e+00	0.00e+00	0.00e+00	0.00e+00	0.00e+00	0.00e+00	0.00e+00
 5.69071e+22	1.36e-06	1.57e-02	3.09e-01	4.79e-01	1.40e-01	3.40e-02	1.54e-02	6.01e-03	2.07e-04	3.55e-06	0.00e+00	0.00e+00	0.00e+00	0.00e+00	0.00e+00	0.00e+00	0.00e+00	0.00e+00
 5.72588e+22	1.68e-06	1.74e-02	3.24e-01	4.75e-01	1.33e-01	3.15e-02	1.39e-02	5.15e-03	1.67e-04	2.77e-06	0.00e+00	0.00e+00	0.00e+00	0.00e+00	0.00e+00	0.00e+00	0.00e+00	0.00e+00
 5.75849e+22	2.07e-06	1.92e-02	3.38e-01	4.70e-01	1.26e-01	2.91e-02	1.25e-02	4.41e-03	1.35e-04	2.15e-06	0.00e+00	0.00e+00	0.00e+00	0.00e+00	0.00e+00	0.00e+00	0.00e+00	0.00e+00
 5.79078e+22	2.47e-06	2.10e-02	3.53e-01	4.65e-01	1.19e-01	2.70e-02	1.13e-02	3.79e-03	1.10e-04	1.68e-06	0.00e+00	0.00e+00	0.00e+00	0.00e+00	0.00e+00	0.00e+00	0.00e+00	0.00e+00
 5.82786e+22	3.10e-06	2.36e-02	3.71e-01	4.57e-01	1.11e-01	2.44e-02	9.85e-03	3.12e-03	8.42e-05	1.23e-06	0.00e+00	0.00e+00	0.00e+00	0.00e+00	0.00e+00	0.00e+00	0.00e+00	0.00e+00
 5.86565e+22	3.70e-06	2.60e-02	3.86e-01	4.49e-01	1.04e-01	2.24e-02	8.79e-03	2.65e-03	6.72e-05	9.47e-07	0.00e+00	0.00e+00	0.00e+00	0.00e+00	0.00e+00	0.00e+00	0.00e+00	0.00e+00
 5.90436e+22	4.61e-06	2.93e-02	4.06e-01	4.39e-01	9.63e-02	2.01e-02	7.59e-03	2.15e-03	5.05e-05	6.79e-07	0.00e+00	0.00e+00	0.00e+00	0.00e+00	0.00e+00	0.00e+00	0.00e+00	0.00e+00
 5.94324e+22	5.45e-06	3.21e-02	4.21e-01	4.30e-01	9.02e-02	1.84e-02	6.75e-03	1.82e-03	4.04e-05	5.22e-07	0.00e+00	0.00e+00	0.00e+00	0.00e+00	0.00e+00	0.00e+00	0.00e+00	0.00e+00
 5.98232e+22	6.63e-06	3.59e-02	4.40e-01	4.18e-01	8.31e-02	1.64e-02	5.83e-03	1.48e-03	3.05e-05	3.78e-07	0.00e+00	0.00e+00	0.00e+00	0.00e+00	0.00e+00	0.00e+00	0.00e+00	0.00e+00
 6.02276e+22	7.84e-06	3.94e-02	4.56e-01	4.07e-01	7.72e-02	1.49e-02	5.13e-03	1.24e-03	2.39e-05	2.84e-07	0.00e+00	0.00e+00	0.00e+00	0.00e+00	0.00e+00	0.00e+00	0.00e+00	0.00e+00
 6.05928e+22	9.17e-06	4.31e-02	4.71e-01	3.95e-01	7.17e-02	1.35e-02	4.52e-03	1.04e-03	1.88e-05	2.16e-07	0.00e+00	0.00e+00	0.00e+00	0.00e+00	0.00e+00	0.00e+00	0.00e+00	0.00e+00
 6.10109e+22	1.11e-05	4.83e-02	4.90e-01	3.80e-01	6.51e-02	1.19e-02	3.83e-03	8.25e-04	1.38e-05	1.51e-07	0.00e+00	0.00e+00	0.00e+00	0.00e+00	0.00e+00	0.00e+00	0.00e+00	0.00e+00
 6.14348e+22	1.30e-05	5.28e-02	5.05e-01	3.67e-01	6.02e-02	1.08e-02	3.35e-03	6.87e-04	1.08e-05	0.00e+00	0.00e+00	0.00e+00	0.00e+00	0.00e+00	0.00e+00	0.00e+00	0.00e+00	0.00e+00
 6.17565e+22	1.45e-05	5.64e-02	5.16e-01	3.58e-01	5.67e-02	9.94e-03	3.03e-03	5.99e-04	8.99e-06	0.00e+00	0.00e+00	0.00e+00	0.00e+00	0.00e+00	0.00e+00	0.00e+00	0.00e+00	0.00e+00
 6.20653e+22	1.66e-05	6.09e-02	5.28e-01	3.46e-01	5.27e-02	9.04e-03	2.67e-03	5.07e-04	7.19e-06	0.00e+00	0.00e+00	0.00e+00	0.00e+00	0.00e+00	0.00e+00	0.00e+00	0.00e+00	0.00e+00
 6.23803e+22	1.84e-05	6.49e-02	5.39e-01	3.36e-01	4.95e-02	8.35e-03	2.41e-03	4.42e-04	5.97e-06	0.00e+00	0.00e+00	0.00e+00	0.00e+00	0.00e+00	0.00e+00	0.00e+00	0.00e+00	0.00e+00
 6.27034e+22	2.11e-05	7.03e-02	5.51e-01	3.23e-01	4.57e-02	7.53e-03	2.11e-03	3.71e-04	4.72e-06	0.00e+00	0.00e+00	0.00e+00	0.00e+00	0.00e+00	0.00e+00	0.00e+00	0.00e+00	0.00e+00
 6.30283e+22	2.34e-05	7.48e-02	5.61e-01	3.13e-01	4.28e-02	6.93e-03	1.90e-03	3.23e-04	3.90e-06	0.00e+00	0.00e+00	0.00e+00	0.00e+00	0.00e+00	0.00e+00	0.00e+00	0.00e+00	0.00e+00
 6.33557e+22	2.66e-05	8.07e-02	5.72e-01	2.99e-01	3.94e-02	6.24e-03	1.66e-03	2.71e-04	3.08e-06	0.00e+00	0.00e+00	0.00e+00	0.00e+00	0.00e+00	0.00e+00	0.00e+00	0.00e+00	0.00e+00
 6.36879e+22	2.95e-05	8.59e-02	5.81e-01	2.89e-01	3.68e-02	5.71e-03	1.48e-03	2.34e-04	2.53e-06	0.00e+00	0.00e+00	0.00e+00	0.00e+00	0.00e+00	0.00e+00	0.00e+00	0.00e+00	0.00e+00
 6.40265e+22	3.35e-05	9.27e-02	5.92e-01	2.75e-01	3.37e-02	5.11e-03	1.28e-03	1.95e-04	1.98e-06	0.00e+00	0.00e+00	0.00e+00	0.00e+00	0.00e+00	0.00e+00	0.00e+00	0.00e+00	0.00e+00
 6.43692e+22	3.71e-05	9.86e-02	6.00e-01	2.64e-01	3.13e-02	4.65e-03	1.14e-03	1.68e-04	1.62e-06	0.00e+00	0.00e+00	0.00e+00	0.00e+00	0.00e+00	0.00e+00	0.00e+00	0.00e+00	0.00e+00
 6.47174e+22	4.20e-05	1.06e-01	6.09e-01	2.51e-01	2.86e-02	4.14e-03	9.80e-04	1.40e-04	1.26e-06	0.00e+00	0.00e+00	0.00e+00	0.00e+00	0.00e+00	0.00e+00	0.00e+00	0.00e+00	0.00e+00
 6.50714e+22	4.65e-05	1.13e-01	6.16e-01	2.40e-01	2.64e-02	3.75e-03	8.65e-04	1.20e-04	1.02e-06	0.00e+00	0.00e+00	0.00e+00	0.00e+00	0.00e+00	0.00e+00	0.00e+00	0.00e+00	0.00e+00
 6.54331e+22	5.26e-05	1.22e-01	6.24e-01	2.26e-01	2.40e-02	3.32e-03	7.39e-04	9.91e-05	7.89e-07	0.00e+00	0.00e+00	0.00e+00	0.00e+00	0.00e+00	0.00e+00	0.00e+00	0.00e+00	0.00e+00
 6.58012e+22	5.81e-05	1.29e-01	6.30e-01	2.15e-01	2.21e-02	2.99e-03	6.48e-04	8.48e-05	6.37e-07	0.00e+00	0.00e+00	0.00e+00	0.00e+00	0.00e+00	0.00e+00	0.00e+00	0.00e+00	0.00e+00
 6.61779e+22	6.57e-05	1.39e-01	6.36e-01	2.01e-01	1.99e-02	2.62e-03	5.49e-04	6.97e-05	4.87e-07	0.00e+00	0.00e+00	0.00e+00	0.00e+00	0.00e+00	0.00e+00	0.00e+00	0.00e+00	0.00e+00
 6.65632e+22	7.26e-05	1.48e-01	6.40e-01	1.90e-01	1.82e-02	2.35e-03	4.77e-04	5.93e-05	3.89e-07	0.00e+00	0.00e+00	0.00e+00	0.00e+00	0.00e+00	0.00e+00	0.00e+00	0.00e+00	0.00e+00
 6.69597e+22	8.21e-05	1.59e-01	6.45e-01	1.77e-01	1.63e-02	2.04e-03	3.99e-04	4.84e-05	2.93e-07	0.00e+00	0.00e+00	0.00e+00	0.00e+00	0.00e+00	0.00e+00	0.00e+00	0.00e+00	0.00e+00
 6.73618e+22	9.05e-05	1.69e-01	6.47e-01	1.67e-01	1.48e-02	1.82e-03	3.45e-04	4.12e-05	2.33e-07	0.00e+00	0.00e+00	0.00e+00	0.00e+00	0.00e+00	0.00e+00	0.00e+00	0.00e+00	0.00e+00
 6.77711e+22	1.02e-04	1.82e-01	6.49e-01	1.54e-01	1.32e-02	1.57e-03	2.86e-04	3.36e-05	1.75e-07	0.00e+00	0.00e+00	0.00e+00	0.00e+00	0.00e+00	0.00e+00	0.00e+00	0.00e+00	0.00e+00
 6.81864e+22	1.12e-04	1.92e-01	6.50e-01	1.44e-01	1.20e-02	1.39e-03	2.46e-04	2.85e-05	1.39e-07	0.00e+00	0.00e+00	0.00e+00	0.00e+00	0.00e+00	0.00e+00	0.00e+00	0.00e+00	0.00e+00
 6.86095e+22	1.26e-04	2.06e-01	6.50e-01	1.32e-01	1.06e-02	1.19e-03	2.02e-04	2.32e-05	0.00e+00	0.00e+00	0.00e+00	0.00e+00	0.00e+00	0.00e+00	0.00e+00	0.00e+00	0.00e+00	0.00e+00
 6.90394e+22	1.38e-04	2.19e-01	6.48e-01	1.23e-01	9.55e-03	1.05e-03	1.73e-04	1.97e-05	0.00e+00	0.00e+00	0.00e+00	0.00e+00	0.00e+00	0.00e+00	0.00e+00	0.00e+00	0.00e+00	0.00e+00
 6.94780e+22	1.55e-04	2.34e-01	6.45e-01	1.11e-01	8.37e-03	8.93e-04	1.41e-04	1.60e-05	0.00e+00	0.00e+00	0.00e+00	0.00e+00	0.00e+00	0.00e+00	0.00e+00	0.00e+00	0.00e+00	0.00e+00
