#depth	Si	Si+	Si+2	Si+3	Si+4	Si+5	Si+6	Si+7	Si+8	Si+9	Si+10	Si+11	Si+12	Si+13	Si+14
 4.62852e+21	0.00e+00	7.19e-26	1.23e-21	3.65e-18	1.97e-14	1.47e-11	3.25e-09	2.34e-07	7.42e-06	1.09e-04	9.36e-04	8.20e-03	1.72e-01	4.56e-01	3.63e-01
 1.04126e+22	0.00e+00	9.97e-24	1.05e-19	2.12e-16	1.14e-12	5.79e-10	8.61e-08	4.12e-06	8.81e-05	8.31e-04	4.21e-03	2.21e-02	2.84e-01	4.62e-01	2.26e-01
 1.21198e+22	0.00e+00	1.75e-22	1.34e-18	1.91e-15	9.25e-12	3.96e-09	4.87e-07	1.89e-05	3.30e-04	2.44e-03	9.21e-03	3.60e-02	3.53e-01	4.36e-01	1.63e-01
 1.29473e+22	0.00e+00	8.16e-22	5.17e-18	5.92e-15	2.80e-11	1.12e-08	1.25e-06	4.34e-05	6.80e-04	4.39e-03	1.40e-02	4.62e-02	3.90e-01	4.12e-01	1.32e-01
 1.32920e+22	0.00e+00	1.21e-21	7.25e-18	7.84e-15	3.71e-11	1.45e-08	1.60e-06	5.37e-05	8.18e-04	5.10e-03	1.56e-02	4.92e-02	4.00e-01	4.05e-01	1.25e-01
 1.34051e+22	0.00e+00	1.57e-21	9.09e-18	9.44e-15	4.47e-11	1.73e-08	1.88e-06	6.20e-05	9.26e-04	5.64e-03	1.68e-02	5.13e-02	4.06e-01	4.00e-01	1.20e-01
 1.34907e+22	0.00e+00	1.98e-21	1.11e-17	1.11e-14	5.27e-11	2.03e-08	2.17e-06	7.05e-05	1.03e-03	6.16e-03	1.79e-02	5.32e-02	4.11e-01	3.95e-01	1.16e-01
 1.35863e+22	0.00e+00	2.69e-21	1.45e-17	1.38e-14	6.57e-11	2.50e-08	2.63e-06	8.35e-05	1.20e-03	6.93e-03	1.94e-02	5.58e-02	4.18e-01	3.89e-01	1.10e-01
 1.36844e+22	0.00e+00	3.47e-21	1.80e-17	1.65e-14	7.86e-11	2.97e-08	3.08e-06	9.60e-05	1.35e-03	7.64e-03	2.08e-02	5.80e-02	4.23e-01	3.83e-01	1.06e-01
 1.37858e+22	0.00e+00	4.81e-21	2.38e-17	2.07e-14	9.92e-11	3.71e-08	3.79e-06	1.15e-04	1.58e-03	8.66e-03	2.27e-02	6.10e-02	4.30e-01	3.76e-01	1.00e-01
 1.38882e+22	0.00e+00	6.21e-21	2.95e-17	2.47e-14	1.19e-10	4.41e-08	4.46e-06	1.33e-04	1.79e-03	9.55e-03	2.44e-02	6.34e-02	4.35e-01	3.70e-01	9.59e-02
 1.39917e+22	0.00e+00	8.65e-21	3.92e-17	3.09e-14	1.51e-10	5.54e-08	5.51e-06	1.60e-04	2.10e-03	1.09e-02	2.67e-02	6.67e-02	4.42e-01	3.61e-01	9.05e-02
 1.40957e+22	0.00e+00	1.11e-20	4.85e-17	3.67e-14	1.80e-10	6.59e-08	6.47e-06	1.84e-04	2.37e-03	1.20e-02	2.85e-02	6.92e-02	4.46e-01	3.55e-01	8.64e-02
 1.42002e+22	2.16e-34	1.55e-20	6.41e-17	4.58e-14	2.28e-10	8.28e-08	8.00e-06	2.22e-04	2.78e-03	1.36e-02	3.12e-02	7.27e-02	4.52e-01	3.46e-01	8.12e-02
 1.43023e+22	2.88e-34	1.96e-20	7.80e-17	5.36e-14	2.69e-10	9.72e-08	9.29e-06	2.53e-04	3.10e-03	1.48e-02	3.32e-02	7.51e-02	4.56e-01	3.40e-01	7.77e-02
 1.44013e+22	4.24e-34	2.67e-20	1.01e-16	6.57e-14	3.35e-10	1.20e-07	1.13e-05	3.02e-04	3.61e-03	1.67e-02	3.61e-02	7.85e-02	4.61e-01	3.31e-01	7.30e-02
 1.45010e+22	5.60e-34	3.34e-20	1.22e-16	7.63e-14	3.94e-10	1.41e-07	1.31e-05	3.43e-04	4.02e-03	1.82e-02	3.83e-02	8.11e-02	4.64e-01	3.25e-01	6.97e-02
 1.46018e+22	8.13e-34	4.50e-20	1.57e-16	9.28e-14	4.87e-10	1.73e-07	1.59e-05	4.07e-04	4.64e-03	2.04e-02	4.14e-02	8.45e-02	4.67e-01	3.16e-01	6.55e-02
 1.47051e+22	1.09e-33	5.70e-20	1.91e-16	1.08e-13	5.76e-10	2.04e-07	1.86e-05	4.65e-04	5.19e-03	2.23e-02	4.40e-02	8.72e-02	4.70e-01	3.09e-01	6.22e-02
 1.48119e+22	1.59e-33	7.73e-20	2.46e-16	1.32e-13	7.15e-10	2.52e-07	2.27e-05	5.54e-04	6.02e-03	2.50e-02	4.77e-02	9.09e-02	4.73e-01	2.99e-01	5.81e-02
 1.49204e+22	2.12e-33	9.73e-20	2.98e-16	1.53e-13	8.43e-10	2.96e-07	2.63e-05	6.32e-04	6.71e-03	2.73e-02	5.06e-02	9.36e-02	4.75e-01	2.92e-01	5.51e-02
 1.50312e+22	3.07e-33	1.31e-19	3.83e-16	1.86e-13	1.04e-09	3.66e-07	3.20e-05	7.50e-04	7.75e-03	3.05e-02	5.46e-02	9.73e-02	4.76e-01	2.82e-01	5.13e-02
 1.51449e+22	4.11e-33	1.66e-19	4.65e-16	2.17e-13	1.23e-09	4.31e-07	3.73e-05	8.57e-04	8.66e-03	3.32e-02	5.79e-02	1.00e-01	4.77e-01	2.74e-01	4.84e-02
 1.52626e+22	5.96e-33	2.24e-19	5.97e-16	2.62e-13	1.53e-09	5.31e-07	4.54e-05	1.02e-03	9.98e-03	3.71e-02	6.24e-02	1.04e-01	4.77e-01	2.64e-01	4.49e-02
 1.53801e+22	7.87e-33	2.81e-19	7.19e-16	3.03e-13	1.79e-09	6.21e-07	5.25e-05	1.16e-03	1.11e-02	4.02e-02	6.59e-02	1.06e-01	4.77e-01	2.56e-01	4.23e-02
 1.54974e+22	1.12e-32	3.74e-19	9.12e-16	3.64e-13	2.19e-09	7.58e-07	6.33e-05	1.36e-03	1.27e-02	4.46e-02	7.06e-02	1.10e-01	4.76e-01	2.46e-01	3.92e-02
 1.56172e+22	1.47e-32	4.67e-19	1.10e-15	4.20e-13	2.57e-09	8.84e-07	7.29e-05	1.54e-03	1.40e-02	4.82e-02	7.43e-02	1.13e-01	4.74e-01	2.38e-01	3.69e-02
 1.57404e+22	2.10e-32	6.23e-19	1.39e-15	5.04e-13	3.14e-09	1.08e-06	8.79e-05	1.81e-03	1.60e-02	5.34e-02	7.94e-02	1.16e-01	4.72e-01	2.28e-01	3.39e-02
 1.58596e+22	2.66e-32	7.55e-19	1.63e-15	5.71e-13	3.60e-09	1.23e-06	9.94e-05	2.02e-03	1.75e-02	5.70e-02	8.29e-02	1.18e-01	4.70e-01	2.21e-01	3.21e-02
 1.59738e+22	3.64e-32	9.74e-19	2.02e-15	6.71e-13	4.30e-09	1.47e-06	1.17e-04	2.32e-03	1.96e-02	6.21e-02	8.76e-02	1.21e-01	4.66e-01	2.12e-01	2.97e-02
 1.60913e+22	4.66e-32	1.19e-18	2.38e-15	7.64e-13	4.94e-09	1.68e-06	1.33e-04	2.59e-03	2.14e-02	6.64e-02	9.14e-02	1.23e-01	4.63e-01	2.04e-01	2.80e-02
 1.62130e+22	6.43e-32	1.55e-18	2.96e-15	9.01e-13	5.92e-09	2.01e-06	1.57e-04	3.00e-03	2.41e-02	7.24e-02	9.66e-02	1.26e-01	4.57e-01	1.95e-01	2.57e-02
 1.63363e+22	8.17e-32	1.88e-18	3.49e-15	1.03e-12	6.79e-09	2.29e-06	1.77e-04	3.33e-03	2.62e-02	7.71e-02	1.00e-01	1.27e-01	4.53e-01	1.88e-01	2.41e-02
 1.64616e+22	1.12e-31	2.43e-18	4.31e-15	1.21e-12	8.09e-09	2.72e-06	2.07e-04	3.82e-03	2.92e-02	8.36e-02	1.06e-01	1.30e-01	4.47e-01	1.79e-01	2.22e-02
 1.65858e+22	1.41e-31	2.94e-18	5.05e-15	1.36e-12	9.21e-09	3.08e-06	2.33e-04	4.23e-03	3.16e-02	8.87e-02	1.09e-01	1.31e-01	4.42e-01	1.72e-01	2.08e-02
 1.67087e+22	1.90e-31	3.76e-18	6.19e-15	1.59e-12	1.09e-08	3.63e-06	2.71e-04	4.82e-03	3.51e-02	9.57e-02	1.14e-01	1.33e-01	4.34e-01	1.63e-01	1.91e-02
 1.68329e+22	2.38e-31	4.52e-18	7.22e-15	1.80e-12	1.23e-08	4.09e-06	3.03e-04	5.30e-03	3.78e-02	1.01e-01	1.18e-01	1.34e-01	4.28e-01	1.57e-01	1.79e-02
 1.69586e+22	3.19e-31	5.76e-18	8.83e-15	2.10e-12	1.45e-08	4.79e-06	3.51e-04	6.02e-03	4.17e-02	1.08e-01	1.23e-01	1.36e-01	4.20e-01	1.49e-01	1.63e-02
 1.70868e+22	4.01e-31	6.94e-18	1.03e-14	2.37e-12	1.64e-08	5.40e-06	3.92e-04	6.62e-03	4.49e-02	1.14e-01	1.27e-01	1.37e-01	4.13e-01	1.42e-01	1.52e-02
 1.72181e+22	5.40e-31	8.87e-18	1.27e-14	2.78e-12	1.92e-08	6.32e-06	4.53e-04	7.50e-03	4.95e-02	1.22e-01	1.32e-01	1.38e-01	4.03e-01	1.34e-01	1.39e-02
 1.73517e+22	3.34e-31	1.07e-17	1.49e-14	3.15e-12	2.18e-08	7.12e-06	5.05e-04	8.24e-03	5.31e-02	1.29e-01	1.35e-01	1.38e-01	3.95e-01	1.28e-01	1.29e-02
 1.74885e+22	4.50e-31	1.37e-17	1.83e-14	3.69e-12	2.56e-08	8.31e-06	5.82e-04	9.31e-03	5.84e-02	1.37e-01	1.40e-01	1.38e-01	3.85e-01	1.20e-01	1.16e-02
 1.76279e+22	5.68e-31	1.67e-17	2.15e-14	4.19e-12	2.90e-08	9.36e-06	6.49e-04	1.02e-02	6.26e-02	1.44e-01	1.43e-01	1.39e-01	3.76e-01	1.14e-01	1.08e-02
 1.77706e+22	7.69e-31	2.14e-17	2.65e-14	4.93e-12	3.39e-08	1.09e-05	7.47e-04	1.15e-02	6.85e-02	1.53e-01	1.48e-01	1.38e-01	3.64e-01	1.06e-01	9.69e-03
 1.79100e+22	9.49e-31	2.55e-17	3.08e-14	5.56e-12	3.80e-08	1.21e-05	8.23e-04	1.25e-02	7.27e-02	1.59e-01	1.50e-01	1.38e-01	3.56e-01	1.02e-01	9.02e-03
 1.80453e+22	1.26e-30	3.22e-17	3.74e-14	6.46e-12	4.39e-08	1.40e-05	9.36e-04	1.39e-02	7.89e-02	1.68e-01	1.54e-01	1.38e-01	3.44e-01	9.47e-02	8.12e-03
 1.81827e+22	1.56e-30	3.85e-17	4.36e-14	7.30e-12	4.92e-08	1.55e-05	1.03e-03	1.51e-02	8.36e-02	1.74e-01	1.56e-01	1.37e-01	3.35e-01	9.00e-02	7.53e-03
 1.83228e+22	2.06e-30	4.85e-17	5.30e-14	8.51e-12	5.68e-08	1.78e-05	1.16e-03	1.68e-02	9.03e-02	1.83e-01	1.60e-01	1.36e-01	3.23e-01	8.37e-02	6.77e-03
 1.84674e+22	2.58e-30	5.87e-17	6.23e-14	9.67e-12	6.39e-08	1.99e-05	1.29e-03	1.82e-02	9.59e-02	1.90e-01	1.62e-01	1.35e-01	3.13e-01	7.89e-02	6.21e-03
 1.86176e+22	3.43e-30	7.45e-17	7.63e-14	1.14e-11	7.40e-08	2.28e-05	1.46e-03	2.02e-02	1.03e-01	1.99e-01	1.64e-01	1.33e-01	3.00e-01	7.31e-02	5.55e-03
 1.87727e+22	4.36e-30	9.11e-17	9.06e-14	1.30e-11	8.37e-08	2.56e-05	1.61e-03	2.20e-02	1.10e-01	2.07e-01	1.66e-01	1.31e-01	2.89e-01	6.83e-02	5.04e-03
 1.89343e+22	5.87e-30	1.17e-16	1.12e-13	1.54e-11	9.74e-08	2.95e-05	1.83e-03	2.44e-02	1.18e-01	2.16e-01	1.68e-01	1.29e-01	2.75e-01	6.28e-02	4.47e-03
 1.91002e+22	7.53e-30	1.44e-16	1.34e-13	1.78e-11	1.11e-07	3.31e-05	2.03e-03	2.66e-02	1.25e-01	2.23e-01	1.69e-01	1.27e-01	2.64e-01	5.84e-02	4.03e-03
 1.92720e+22	1.03e-29	1.87e-16	1.68e-13	2.13e-11	1.29e-07	3.83e-05	2.31e-03	2.95e-02	1.35e-01	2.32e-01	1.71e-01	1.24e-01	2.50e-01	5.32e-02	3.54e-03
 1.94494e+22	1.33e-29	2.32e-16	2.02e-13	2.47e-11	1.47e-07	4.31e-05	2.56e-03	3.22e-02	1.43e-01	2.40e-01	1.71e-01	1.21e-01	2.38e-01	4.91e-02	3.16e-03
 1.96342e+22	1.84e-29	3.04e-16	2.55e-13	2.99e-11	1.73e-07	5.00e-05	2.92e-03	3.57e-02	1.53e-01	2.49e-01	1.71e-01	1.18e-01	2.24e-01	4.43e-02	2.74e-03
 1.98239e+22	2.41e-29	3.82e-16	3.11e-13	3.49e-11	1.98e-07	5.65e-05	3.24e-03	3.89e-02	1.62e-01	2.56e-01	1.71e-01	1.15e-01	2.12e-01	4.05e-02	2.42e-03
 1.99943e+22	3.12e-29	4.74e-16	3.75e-13	4.07e-11	2.26e-07	6.35e-05	3.59e-03	4.21e-02	1.70e-01	2.62e-01	1.70e-01	1.11e-01	2.01e-01	3.72e-02	2.15e-03
 2.01901e+22	4.39e-29	6.31e-16	4.79e-13	4.94e-11	2.66e-07	7.37e-05	4.09e-03	4.68e-02	1.82e-01	2.70e-01	1.69e-01	1.07e-01	1.86e-01	3.30e-02	1.83e-03
 2.03871e+22	5.68e-29	7.83e-16	5.78e-13	5.76e-11	3.02e-07	8.26e-05	4.50e-03	5.04e-02	1.91e-01	2.75e-01	1.68e-01	1.04e-01	1.76e-01	3.01e-02	1.62e-03
 2.05856e+22	7.94e-29	1.04e-15	7.36e-13	6.98e-11	3.54e-07	9.54e-05	5.10e-03	5.56e-02	2.03e-01	2.82e-01	1.66e-01	9.90e-02	1.62e-01	2.66e-02	1.37e-03
 2.07884e+22	1.04e-28	1.30e-15	8.94e-13	8.16e-11	4.03e-07	1.07e-04	5.62e-03	6.01e-02	2.12e-01	2.87e-01	1.63e-01	9.52e-02	1.51e-01	2.40e-02	1.19e-03
 2.09966e+22	1.46e-28	1.74e-15	1.15e-12	9.93e-11	4.73e-07	1.24e-04	6.36e-03	6.61e-02	2.24e-01	2.92e-01	1.60e-01	9.03e-02	1.38e-01	2.10e-02	9.97e-04
 2.12081e+22	1.93e-28	2.19e-15	1.40e-12	1.16e-10	5.37e-07	1.38e-04	7.01e-03	7.13e-02	2.34e-01	2.96e-01	1.57e-01	8.63e-02	1.29e-01	1.88e-02	8.60e-04
 2.14238e+22	2.74e-28	2.95e-15	1.80e-12	1.42e-10	6.29e-07	1.60e-04	7.92e-03	7.84e-02	2.47e-01	3.00e-01	1.53e-01	8.11e-02	1.16e-01	1.62e-02	7.07e-04
 2.16276e+22	3.46e-28	3.60e-15	2.13e-12	1.62e-10	7.00e-07	1.75e-04	8.58e-03	8.34e-02	2.55e-01	3.02e-01	1.49e-01	7.77e-02	1.09e-01	1.47e-02	6.20e-04
 2.18161e+22	4.69e-28	4.67e-15	2.65e-12	1.92e-10	7.99e-07	1.98e-04	9.51e-03	9.03e-02	2.66e-01	3.03e-01	1.45e-01	7.32e-02	9.89e-02	1.28e-02	5.18e-04
 2.20061e+22	5.90e-28	5.70e-15	3.14e-12	2.20e-10	8.87e-07	2.17e-04	1.03e-02	9.57e-02	2.74e-01	3.04e-01	1.41e-01	6.99e-02	9.20e-02	1.15e-02	4.52e-04
 2.21983e+22	8.02e-28	7.43e-15	3.92e-12	2.60e-10	1.01e-06	2.43e-04	1.14e-02	1.03e-01	2.85e-01	3.05e-01	1.36e-01	6.54e-02	8.31e-02	9.94e-03	3.73e-04
 2.23922e+22	1.01e-27	9.12e-15	4.65e-12	2.97e-10	1.12e-06	2.66e-04	1.23e-02	1.10e-01	2.93e-01	3.04e-01	1.32e-01	6.21e-02	7.68e-02	8.87e-03	3.22e-04
 2.25884e+22	1.38e-27	1.20e-14	5.81e-12	3.52e-10	1.27e-06	2.99e-04	1.35e-02	1.18e-01	3.03e-01	3.03e-01	1.27e-01	5.78e-02	6.88e-02	7.59e-03	2.63e-04
 2.27873e+22	1.75e-27	1.48e-14	6.93e-12	4.03e-10	1.40e-06	3.27e-04	1.46e-02	1.25e-01	3.11e-01	3.02e-01	1.22e-01	5.46e-02	6.32e-02	6.72e-03	2.25e-04
 2.29896e+22	2.39e-27	1.95e-14	8.71e-12	4.79e-10	1.59e-06	3.66e-04	1.61e-02	1.35e-01	3.21e-01	2.99e-01	1.16e-01	5.05e-02	5.61e-02	5.68e-03	1.81e-04
 2.31947e+22	3.04e-27	2.43e-14	1.04e-11	5.50e-10	1.76e-06	4.00e-04	1.74e-02	1.43e-01	3.28e-01	2.96e-01	1.12e-01	4.74e-02	5.11e-02	4.98e-03	1.53e-04
 2.34032e+22	4.16e-27	3.24e-14	1.32e-11	6.57e-10	1.99e-06	4.47e-04	1.91e-02	1.54e-01	3.37e-01	2.92e-01	1.05e-01	4.35e-02	4.49e-02	4.16e-03	1.21e-04
 2.36161e+22	5.34e-27	4.10e-14	1.59e-11	7.58e-10	2.21e-06	4.90e-04	2.07e-02	1.63e-01	3.44e-01	2.88e-01	1.00e-01	4.05e-02	4.05e-02	3.60e-03	1.01e-04
 2.38348e+22	7.38e-27	5.57e-14	2.04e-11	9.13e-10	2.51e-06	5.49e-04	2.28e-02	1.75e-01	3.52e-01	2.81e-01	9.38e-02	3.68e-02	3.51e-02	2.96e-03	7.83e-05
 2.40580e+22	9.56e-27	7.13e-14	2.49e-11	1.06e-09	2.79e-06	6.03e-04	2.46e-02	1.86e-01	3.58e-01	2.75e-01	8.85e-02	3.40e-02	3.13e-02	2.52e-03	6.38e-05
 2.42802e+22	1.31e-26	9.72e-14	3.19e-11	1.28e-09	3.18e-06	6.74e-04	2.71e-02	1.99e-01	3.64e-01	2.67e-01	8.21e-02	3.07e-02	2.70e-02	2.05e-03	4.93e-05
 2.44924e+22	1.64e-26	1.22e-13	3.82e-11	1.47e-09	3.50e-06	7.32e-04	2.90e-02	2.09e-01	3.68e-01	2.61e-01	7.75e-02	2.84e-02	2.42e-02	1.77e-03	4.08e-05
 2.46981e+22	2.20e-26	1.64e-13	4.85e-11	1.76e-09	3.96e-06	8.15e-04	3.16e-02	2.23e-01	3.72e-01	2.52e-01	7.16e-02	2.57e-02	2.08e-02	1.44e-03	3.16e-05
 2.49066e+22	2.77e-26	2.08e-13	5.87e-11	2.04e-09	4.39e-06	8.87e-04	3.39e-02	2.35e-01	3.75e-01	2.45e-01	6.71e-02	2.37e-02	1.85e-02	1.23e-03	2.58e-05
 2.51105e+22	3.65e-26	2.79e-13	7.42e-11	2.45e-09	4.97e-06	9.84e-04	3.68e-02	2.49e-01	3.78e-01	2.35e-01	6.17e-02	2.13e-02	1.60e-02	1.01e-03	2.00e-05
 2.53186e+22	4.63e-26	3.60e-13	9.09e-11	2.87e-09	5.55e-06	1.08e-03	3.96e-02	2.62e-01	3.79e-01	2.26e-01	5.73e-02	1.95e-02	1.40e-02	8.44e-04	1.61e-05
 2.55212e+22	5.94e-26	4.79e-13	1.14e-10	3.43e-09	6.28e-06	1.19e-03	4.28e-02	2.77e-01	3.80e-01	2.17e-01	5.26e-02	1.76e-02	1.21e-02	6.92e-04	1.25e-05
 2.57281e+22	7.55e-26	6.27e-13	1.42e-10	4.07e-09	7.08e-06	1.31e-03	4.61e-02	2.91e-01	3.79e-01	2.07e-01	4.83e-02	1.59e-02	1.05e-02	5.73e-04	9.90e-06
 2.59328e+22	9.64e-26	8.32e-13	1.78e-10	4.88e-09	8.05e-06	1.45e-03	4.97e-02	3.06e-01	3.78e-01	1.97e-01	4.41e-02	1.43e-02	9.02e-03	4.69e-04	7.72e-06
 2.61386e+22	1.22e-25	1.10e-12	2.23e-10	5.84e-09	9.15e-06	1.60e-03	5.35e-02	3.21e-01	3.76e-01	1.87e-01	4.03e-02	1.29e-02	7.77e-03	3.85e-04	6.04e-06
 2.63421e+22	1.55e-25	1.45e-12	2.79e-10	7.02e-09	1.04e-05	1.77e-03	5.75e-02	3.36e-01	3.72e-01	1.77e-01	3.66e-02	1.15e-02	6.68e-03	3.15e-04	4.71e-06
 2.65451e+22	1.96e-25	1.92e-12	3.50e-10	8.45e-09	1.19e-05	1.96e-03	6.18e-02	3.51e-01	3.68e-01	1.67e-01	3.32e-02	1.03e-02	5.72e-03	2.57e-04	3.67e-06
 2.67486e+22	2.48e-25	2.54e-12	4.40e-10	1.02e-08	1.36e-05	2.17e-03	6.64e-02	3.66e-01	3.63e-01	1.57e-01	3.00e-02	9.25e-03	4.89e-03	2.10e-04	2.85e-06
 2.69528e+22	3.14e-25	3.35e-12	5.54e-10	1.23e-08	1.57e-05	2.40e-03	7.13e-02	3.82e-01	3.57e-01	1.48e-01	2.71e-02	8.24e-03	4.17e-03	1.70e-04	2.21e-06
 2.71582e+22	3.98e-25	4.44e-12	6.98e-10	1.50e-08	1.81e-05	2.67e-03	7.65e-02	3.97e-01	3.51e-01	1.38e-01	2.44e-02	7.33e-03	3.55e-03	1.38e-04	1.71e-06
 2.73655e+22	5.05e-25	5.88e-12	8.81e-10	1.82e-08	2.08e-05	2.96e-03	8.20e-02	4.12e-01	3.43e-01	1.29e-01	2.18e-02	6.50e-03	3.01e-03	1.11e-04	1.31e-06
 2.75752e+22	6.44e-25	7.80e-12	1.11e-09	2.23e-08	2.41e-05	3.29e-03	8.79e-02	4.26e-01	3.35e-01	1.20e-01	1.95e-02	5.74e-03	2.54e-03	8.96e-05	1.00e-06
 2.77859e+22	8.21e-25	1.03e-11	1.41e-09	2.72e-08	2.79e-05	3.65e-03	9.41e-02	4.41e-01	3.26e-01	1.11e-01	1.74e-02	5.07e-03	2.14e-03	7.20e-05	7.70e-07
 2.80001e+22	1.06e-24	1.37e-11	1.79e-09	3.34e-08	3.25e-05	4.06e-03	1.01e-01	4.55e-01	3.16e-01	1.03e-01	1.54e-02	4.45e-03	1.80e-03	5.74e-05	5.84e-07
 2.82168e+22	1.38e-24	1.81e-11	2.26e-09	4.08e-08	3.77e-05	4.51e-03	1.08e-01	4.68e-01	3.06e-01	9.47e-02	1.37e-02	3.91e-03	1.51e-03	4.59e-05	4.44e-07
 2.84376e+22	1.81e-24	2.40e-11	2.88e-09	5.04e-08	4.40e-05	5.03e-03	1.15e-01	4.81e-01	2.95e-01	8.68e-02	1.20e-02	3.41e-03	1.25e-03	3.62e-05	3.33e-07
 2.86431e+22	2.26e-24	3.02e-11	3.50e-09	5.98e-08	4.99e-05	5.48e-03	1.21e-01	4.91e-01	2.86e-01	8.09e-02	1.09e-02	3.04e-03	1.08e-03	2.99e-05	2.64e-07
 2.88545e+22	3.01e-24	4.05e-11	4.50e-09	7.45e-08	5.87e-05	6.13e-03	1.30e-01	5.03e-01	2.74e-01	7.36e-02	9.46e-03	2.63e-03	8.84e-04	2.32e-05	1.95e-07
 2.90692e+22	3.80e-24	5.09e-11	5.47e-09	8.85e-08	6.66e-05	6.69e-03	1.37e-01	5.12e-01	2.65e-01	6.82e-02	8.49e-03	2.33e-03	7.56e-04	1.91e-05	1.53e-07
 2.92891e+22	5.16e-24	6.85e-11	7.08e-09	1.11e-07	7.87e-05	7.49e-03	1.46e-01	5.23e-01	2.52e-01	6.16e-02	7.34e-03	2.00e-03	6.14e-04	1.47e-05	0.00e+00
 2.95101e+22	6.54e-24	8.53e-11	8.56e-09	1.31e-07	8.91e-05	8.14e-03	1.53e-01	5.30e-01	2.43e-01	5.71e-02	6.59e-03	1.77e-03	5.26e-04	1.21e-05	0.00e+00
 2.97327e+22	8.92e-24	1.14e-10	1.10e-08	1.64e-07	1.05e-04	9.09e-03	1.63e-01	5.38e-01	2.30e-01	5.15e-02	5.70e-03	1.51e-03	4.27e-04	9.27e-06	0.00e+00
 2.99565e+22	1.14e-23	1.41e-10	1.33e-08	1.94e-07	1.19e-04	9.87e-03	1.71e-01	5.44e-01	2.21e-01	4.75e-02	5.10e-03	1.34e-03	3.65e-04	7.59e-06	0.00e+00
 3.01820e+22	1.56e-23	1.86e-10	1.70e-08	2.42e-07	1.39e-04	1.10e-02	1.81e-01	5.50e-01	2.09e-01	4.27e-02	4.40e-03	1.14e-03	2.96e-04	5.83e-06	0.00e+00
 3.04094e+22	2.00e-23	2.30e-10	2.05e-08	2.86e-07	1.58e-04	1.19e-02	1.89e-01	5.54e-01	2.00e-01	3.94e-02	3.93e-03	1.01e-03	2.52e-04	4.76e-06	0.00e+00
 3.06392e+22	2.74e-23	3.02e-10	2.61e-08	3.56e-07	1.85e-04	1.32e-02	2.00e-01	5.59e-01	1.88e-01	3.53e-02	3.38e-03	8.57e-04	2.04e-04	3.64e-06	0.00e+00
 3.08719e+22	3.52e-23	3.73e-10	3.15e-08	4.21e-07	2.09e-04	1.43e-02	2.09e-01	5.61e-01	1.80e-01	3.25e-02	3.01e-03	7.54e-04	1.73e-04	2.96e-06	0.00e+00
 3.11083e+22	4.86e-23	4.88e-10	4.02e-08	5.24e-07	2.45e-04	1.59e-02	2.20e-01	5.63e-01	1.68e-01	2.90e-02	2.58e-03	6.37e-04	1.39e-04	2.26e-06	0.00e+00
 3.13486e+22	6.28e-23	6.02e-10	4.85e-08	6.20e-07	2.77e-04	1.72e-02	2.29e-01	5.64e-01	1.60e-01	2.66e-02	2.29e-03	5.58e-04	1.17e-04	1.82e-06	0.00e+00
 3.15939e+22	8.73e-23	7.87e-10	6.19e-08	7.74e-07	3.25e-04	1.90e-02	2.41e-01	5.64e-01	1.49e-01	2.36e-02	1.95e-03	4.69e-04	9.37e-05	1.38e-06	0.00e+00
 3.18443e+22	1.13e-22	9.72e-10	7.49e-08	9.20e-07	3.69e-04	2.06e-02	2.51e-01	5.63e-01	1.41e-01	2.16e-02	1.72e-03	4.09e-04	7.86e-05	1.11e-06	0.00e+00
 3.21013e+22	1.59e-22	1.28e-09	9.60e-08	1.15e-06	4.34e-04	2.29e-02	2.64e-01	5.61e-01	1.31e-01	1.91e-02	1.46e-03	3.41e-04	6.23e-05	8.27e-07	0.00e+00
 3.23648e+22	2.08e-22	1.58e-09	1.17e-07	1.38e-06	4.94e-04	2.48e-02	2.74e-01	5.59e-01	1.23e-01	1.73e-02	1.28e-03	2.95e-04	5.18e-05	6.57e-07	0.00e+00
 3.26367e+22	2.94e-22	2.09e-09	1.51e-07	1.74e-06	5.84e-04	2.76e-02	2.87e-01	5.54e-01	1.13e-01	1.52e-02	1.08e-03	2.43e-04	4.06e-05	4.83e-07	0.00e+00
 3.28925e+22	3.70e-22	2.49e-09	1.78e-07	2.02e-06	6.50e-04	2.95e-02	2.96e-01	5.51e-01	1.08e-01	1.40e-02	9.66e-04	2.15e-04	3.47e-05	3.98e-07	0.00e+00
 3.31273e+22	4.95e-22	3.14e-09	2.20e-07	2.46e-06	7.48e-04	3.21e-02	3.08e-01	5.45e-01	1.00e-01	1.25e-02	8.33e-04	1.83e-04	2.82e-05	3.07e-07	0.00e+00
 3.33602e+22	6.16e-22	3.72e-09	2.58e-07	2.84e-06	8.29e-04	3.42e-02	3.16e-01	5.41e-01	9.51e-02	1.15e-02	7.48e-04	1.62e-04	2.42e-05	2.54e-07	0.00e+00
 3.35906e+22	8.13e-22	4.65e-09	3.18e-07	3.44e-06	9.51e-04	3.72e-02	3.28e-01	5.34e-01	8.83e-02	1.03e-02	6.45e-04	1.38e-04	1.97e-05	1.96e-07	0.00e+00
 3.38224e+22	1.01e-21	5.50e-09	3.71e-07	3.97e-06	1.05e-03	3.96e-02	3.37e-01	5.29e-01	8.36e-02	9.52e-03	5.79e-04	1.22e-04	1.69e-05	1.62e-07	0.00e+00
 3.40560e+22	1.33e-21	6.83e-09	4.56e-07	4.79e-06	1.20e-03	4.30e-02	3.48e-01	5.21e-01	7.75e-02	8.52e-03	5.00e-04	1.04e-04	1.38e-05	1.26e-07	0.00e+00
 3.42939e+22	1.66e-21	8.11e-09	5.35e-07	5.54e-06	1.33e-03	4.57e-02	3.57e-01	5.15e-01	7.32e-02	7.83e-03	4.47e-04	9.14e-05	1.18e-05	0.00e+00	0.00e+00
 3.45370e+22	2.20e-21	1.01e-08	6.59e-07	6.72e-06	1.53e-03	4.97e-02	3.68e-01	5.06e-01	6.76e-02	6.98e-03	3.84e-04	7.72e-05	9.52e-06	0.00e+00	0.00e+00
 3.47836e+22	2.75e-21	1.20e-08	7.74e-07	7.78e-06	1.70e-03	5.28e-02	3.77e-01	4.98e-01	6.36e-02	6.40e-03	3.43e-04	6.79e-05	8.11e-06	0.00e+00	0.00e+00
 3.50346e+22	3.64e-21	1.50e-08	9.56e-07	9.46e-06	1.95e-03	5.73e-02	3.89e-01	4.88e-01	5.85e-02	5.68e-03	2.93e-04	5.71e-05	6.52e-06	0.00e+00	0.00e+00
 3.52904e+22	4.58e-21	1.79e-08	1.13e-06	1.10e-05	2.16e-03	6.10e-02	3.97e-01	4.79e-01	5.49e-02	5.19e-03	2.60e-04	5.00e-05	5.52e-06	0.00e+00	0.00e+00
 3.55525e+22	6.11e-21	2.24e-08	1.40e-06	1.34e-05	2.49e-03	6.63e-02	4.09e-01	4.67e-01	5.01e-02	4.59e-03	2.21e-04	4.18e-05	4.40e-06	0.00e+00	0.00e+00
 3.58203e+22	7.74e-21	2.69e-08	1.66e-06	1.56e-05	2.77e-03	7.05e-02	4.17e-01	4.58e-01	4.68e-02	4.17e-03	1.95e-04	3.63e-05	3.70e-06	0.00e+00	0.00e+00
 3.60956e+22	1.04e-20	3.39e-08	2.07e-06	1.93e-05	3.20e-03	7.67e-02	4.29e-01	4.45e-01	4.25e-02	3.66e-03	1.65e-04	3.01e-05	2.92e-06	0.00e+00	0.00e+00
 3.63770e+22	1.32e-20	4.08e-08	2.47e-06	2.26e-05	3.58e-03	8.17e-02	4.37e-01	4.34e-01	3.95e-02	3.31e-03	1.44e-04	2.60e-05	2.43e-06	0.00e+00	0.00e+00
 3.66663e+22	1.79e-20	5.17e-08	3.10e-06	2.79e-05	4.14e-03	8.88e-02	4.48e-01	4.20e-01	3.57e-02	2.90e-03	1.21e-04	2.14e-05	1.90e-06	0.00e+00	0.00e+00
 3.69591e+22	2.29e-20	6.24e-08	3.69e-06	3.27e-05	4.62e-03	9.45e-02	4.56e-01	4.09e-01	3.30e-02	2.62e-03	1.06e-04	1.84e-05	1.58e-06	0.00e+00	0.00e+00
 3.72562e+22	3.11e-20	7.92e-08	4.65e-06	4.05e-05	5.35e-03	1.03e-01	4.66e-01	3.94e-01	2.97e-02	2.28e-03	8.81e-05	1.51e-05	1.23e-06	0.00e+00	0.00e+00
 3.75566e+22	3.97e-20	9.55e-08	5.55e-06	4.75e-05	5.98e-03	1.09e-01	4.73e-01	3.82e-01	2.73e-02	2.05e-03	7.67e-05	1.29e-05	1.01e-06	0.00e+00	0.00e+00
 3.78611e+22	5.42e-20	1.21e-07	6.97e-06	5.85e-05	6.89e-03	1.18e-01	4.82e-01	3.66e-01	2.45e-02	1.78e-03	6.40e-05	1.06e-05	7.91e-07	0.00e+00	0.00e+00
 3.81614e+22	6.86e-20	1.45e-07	8.26e-06	6.84e-05	7.66e-03	1.25e-01	4.88e-01	3.55e-01	2.26e-02	1.61e-03	5.58e-05	9.11e-06	6.55e-07	0.00e+00	0.00e+00
 3.84565e+22	9.21e-20	1.82e-07	1.03e-05	8.34e-05	8.76e-03	1.34e-01	4.95e-01	3.40e-01	2.03e-02	1.40e-03	4.67e-05	7.51e-06	5.14e-07	0.00e+00	0.00e+00
 3.87618e+22	1.18e-19	2.20e-07	1.23e-05	9.83e-05	9.80e-03	1.43e-01	5.00e-01	3.27e-01	1.85e-02	1.25e-03	4.03e-05	6.38e-06	4.19e-07	0.00e+00	0.00e+00
 3.90166e+22	1.45e-19	2.58e-07	1.43e-05	1.13e-04	1.07e-02	1.50e-01	5.04e-01	3.17e-01	1.71e-02	1.14e-03	3.55e-05	5.56e-06	3.53e-07	0.00e+00	0.00e+00
 3.92840e+22	1.88e-19	3.14e-07	1.72e-05	1.34e-04	1.20e-02	1.59e-01	5.08e-01	3.04e-01	1.56e-02	1.01e-03	3.04e-05	4.69e-06	2.85e-07	0.00e+00	0.00e+00
 3.95596e+22	2.34e-19	3.71e-07	2.02e-05	1.55e-04	1.33e-02	1.67e-01	5.12e-01	2.92e-01	1.43e-02	9.12e-04	2.65e-05	4.04e-06	2.37e-07	0.00e+00	0.00e+00
 3.98072e+22	2.90e-19	4.36e-07	2.36e-05	1.78e-04	1.46e-02	1.76e-01	5.14e-01	2.82e-01	1.31e-02	8.24e-04	2.32e-05	3.50e-06	1.98e-07	0.00e+00	0.00e+00
 4.00905e+22	3.79e-19	5.35e-07	2.86e-05	2.12e-04	1.64e-02	1.86e-01	5.16e-01	2.68e-01	1.18e-02	7.26e-04	1.97e-05	2.93e-06	1.58e-07	0.00e+00	0.00e+00
 4.03838e+22	4.77e-19	6.39e-07	3.39e-05	2.48e-04	1.82e-02	1.96e-01	5.18e-01	2.57e-01	1.07e-02	6.47e-04	1.69e-05	2.49e-06	1.29e-07	0.00e+00	0.00e+00
 4.06447e+22	5.94e-19	7.53e-07	3.96e-05	2.86e-04	1.99e-02	2.05e-01	5.18e-01	2.46e-01	9.82e-03	5.83e-04	1.47e-05	2.14e-06	0.00e+00	0.00e+00	0.00e+00
 4.09385e+22	7.82e-19	9.26e-07	4.82e-05	3.41e-04	2.23e-02	2.17e-01	5.18e-01	2.33e-01	8.78e-03	5.11e-04	1.24e-05	1.78e-06	0.00e+00	0.00e+00	0.00e+00
 4.12457e+22	9.93e-19	1.11e-06	5.74e-05	4.01e-04	2.48e-02	2.28e-01	5.17e-01	2.21e-01	7.89e-03	4.51e-04	1.05e-05	1.50e-06	0.00e+00	0.00e+00	0.00e+00
 4.15231e+22	1.25e-18	1.32e-06	6.74e-05	4.63e-04	2.73e-02	2.38e-01	5.16e-01	2.11e-01	7.17e-03	4.03e-04	9.07e-06	1.28e-06	0.00e+00	0.00e+00	0.00e+00
 4.18366e+22	1.67e-18	1.64e-06	8.27e-05	5.56e-04	3.06e-02	2.52e-01	5.13e-01	1.98e-01	6.33e-03	3.50e-04	7.52e-06	1.04e-06	0.00e+00	0.00e+00	0.00e+00
 4.21599e+22	2.12e-18	1.97e-06	9.86e-05	6.55e-04	3.40e-02	2.64e-01	5.09e-01	1.86e-01	5.65e-03	3.07e-04	6.33e-06	8.71e-07	0.00e+00	0.00e+00	0.00e+00
 4.24476e+22	2.68e-18	2.34e-06	1.16e-04	7.59e-04	3.73e-02	2.75e-01	5.05e-01	1.76e-01	5.09e-03	2.72e-04	5.41e-06	7.37e-07	0.00e+00	0.00e+00	0.00e+00
 4.27734e+22	3.60e-18	2.92e-06	1.43e-04	9.12e-04	4.19e-02	2.89e-01	4.99e-01	1.64e-01	4.45e-03	2.34e-04	4.44e-06	5.97e-07	0.00e+00	0.00e+00	0.00e+00
 4.31116e+22	4.63e-18	3.53e-06	1.71e-04	1.08e-03	4.65e-02	3.02e-01	4.93e-01	1.53e-01	3.93e-03	2.03e-04	3.69e-06	4.92e-07	0.00e+00	0.00e+00	0.00e+00
 4.34153e+22	5.90e-18	4.22e-06	2.02e-04	1.25e-03	5.10e-02	3.14e-01	4.86e-01	1.44e-01	3.50e-03	1.79e-04	3.12e-06	4.12e-07	0.00e+00	0.00e+00	0.00e+00
 4.37597e+22	8.02e-18	5.30e-06	2.50e-04	1.51e-03	5.73e-02	3.29e-01	4.77e-01	1.32e-01	3.03e-03	1.52e-04	2.52e-06	3.29e-07	0.00e+00	0.00e+00	0.00e+00
 4.41170e+22	1.04e-17	6.44e-06	3.01e-04	1.80e-03	6.36e-02	3.42e-01	4.67e-01	1.22e-01	2.64e-03	1.30e-04	2.07e-06	2.67e-07	0.00e+00	0.00e+00	0.00e+00
 4.44368e+22	1.34e-17	7.75e-06	3.57e-04	2.09e-03	6.97e-02	3.54e-01	4.58e-01	1.14e-01	2.33e-03	1.14e-04	1.73e-06	2.22e-07	0.00e+00	0.00e+00	0.00e+00
 4.47985e+22	1.84e-17	9.80e-06	4.45e-04	2.54e-03	7.84e-02	3.69e-01	4.44e-01	1.03e-01	1.98e-03	9.48e-05	1.36e-06	1.73e-07	0.00e+00	0.00e+00	0.00e+00
 4.51673e+22	2.37e-17	1.19e-05	5.31e-04	3.00e-03	8.64e-02	3.81e-01	4.32e-01	9.49e-02	1.71e-03	8.11e-05	1.11e-06	1.40e-07	0.00e+00	0.00e+00	0.00e+00
 4.55456e+22	3.31e-17	1.51e-05	6.64e-04	3.65e-03	9.69e-02	3.95e-01	4.17e-01	8.53e-02	1.44e-03	6.70e-05	8.69e-07	0.00e+00	0.00e+00	0.00e+00	0.00e+00
 4.59277e+22	4.32e-17	1.83e-05	7.95e-04	4.29e-03	1.06e-01	4.06e-01	4.03e-01	7.79e-02	1.24e-03	5.70e-05	7.05e-07	0.00e+00	0.00e+00	0.00e+00	0.00e+00
 4.63148e+22	6.04e-17	2.34e-05	9.94e-04	5.25e-03	1.19e-01	4.20e-01	3.85e-01	6.92e-02	1.03e-03	4.64e-05	5.41e-07	0.00e+00	0.00e+00	0.00e+00	0.00e+00
 4.67055e+22	7.87e-17	2.84e-05	1.19e-03	6.15e-03	1.30e-01	4.29e-01	3.70e-01	6.27e-02	8.81e-04	3.93e-05	4.36e-07	0.00e+00	0.00e+00	0.00e+00	0.00e+00
 4.71006e+22	1.09e-16	3.63e-05	1.48e-03	7.52e-03	1.46e-01	4.40e-01	3.50e-01	5.50e-02	7.20e-04	3.16e-05	3.30e-07	0.00e+00	0.00e+00	0.00e+00	0.00e+00
 4.75000e+22	1.42e-16	4.40e-05	1.77e-03	8.79e-03	1.58e-01	4.47e-01	3.34e-01	4.95e-02	6.13e-04	2.65e-05	2.64e-07	0.00e+00	0.00e+00	0.00e+00	0.00e+00
 4.79047e+22	2.02e-16	5.65e-05	2.21e-03	1.07e-02	1.76e-01	4.55e-01	3.13e-01	4.30e-02	4.95e-04	2.11e-05	1.97e-07	0.00e+00	0.00e+00	0.00e+00	0.00e+00
 4.83147e+22	2.65e-16	6.88e-05	2.64e-03	1.25e-02	1.91e-01	4.59e-01	2.96e-01	3.83e-02	4.17e-04	1.75e-05	1.56e-07	0.00e+00	0.00e+00	0.00e+00	0.00e+00
 4.87316e+22	3.82e-16	8.85e-05	3.30e-03	1.53e-02	2.11e-01	4.63e-01	2.74e-01	3.28e-02	3.32e-04	1.37e-05	1.14e-07	0.00e+00	0.00e+00	0.00e+00	0.00e+00
 4.91402e+22	4.96e-16	1.07e-04	3.89e-03	1.76e-02	2.27e-01	4.65e-01	2.58e-01	2.91e-02	2.80e-04	1.14e-05	0.00e+00	0.00e+00	0.00e+00	0.00e+00	0.00e+00
 4.95380e+22	7.02e-16	1.35e-04	4.78e-03	2.11e-02	2.48e-01	4.64e-01	2.37e-01	2.48e-02	2.23e-04	8.97e-06	0.00e+00	0.00e+00	0.00e+00	0.00e+00	0.00e+00
 4.99220e+22	9.01e-16	1.60e-04	5.54e-03	2.39e-02	2.63e-01	4.62e-01	2.23e-01	2.21e-02	1.90e-04	7.54e-06	0.00e+00	0.00e+00	0.00e+00	0.00e+00	0.00e+00
 5.02880e+22	1.24e-15	1.99e-04	6.66e-03	2.80e-02	2.82e-01	4.58e-01	2.05e-01	1.90e-02	1.55e-04	6.02e-06	0.00e+00	0.00e+00	0.00e+00	0.00e+00	0.00e+00
 5.06563e+22	1.61e-15	2.36e-04	7.70e-03	3.17e-02	2.98e-01	4.54e-01	1.91e-01	1.68e-02	1.30e-04	5.01e-06	0.00e+00	0.00e+00	0.00e+00	0.00e+00	0.00e+00
 5.10276e+22	2.24e-15	2.92e-04	9.23e-03	3.70e-02	3.19e-01	4.46e-01	1.74e-01	1.43e-02	1.05e-04	3.95e-06	0.00e+00	0.00e+00	0.00e+00	0.00e+00	0.00e+00
 5.14060e+22	2.97e-15	3.49e-04	1.07e-02	4.18e-02	3.36e-01	4.38e-01	1.61e-01	1.25e-02	8.70e-05	3.24e-06	0.00e+00	0.00e+00	0.00e+00	0.00e+00	0.00e+00
 5.17937e+22	4.23e-15	4.35e-04	1.29e-02	4.87e-02	3.57e-01	4.26e-01	1.44e-01	1.04e-02	6.87e-05	2.51e-06	0.00e+00	0.00e+00	0.00e+00	0.00e+00	0.00e+00
 5.21849e+22	5.72e-15	5.20e-04	1.49e-02	5.49e-02	3.73e-01	4.15e-01	1.32e-01	9.00e-03	5.66e-05	2.03e-06	0.00e+00	0.00e+00	0.00e+00	0.00e+00	0.00e+00
 5.25287e+22	7.66e-15	6.19e-04	1.71e-02	6.16e-02	3.89e-01	4.04e-01	1.20e-01	7.75e-03	4.66e-05	1.65e-06	0.00e+00	0.00e+00	0.00e+00	0.00e+00	0.00e+00
 5.29238e+22	1.12e-14	7.73e-04	2.05e-02	7.10e-02	4.09e-01	3.87e-01	1.06e-01	6.37e-03	3.62e-05	1.25e-06	0.00e+00	0.00e+00	0.00e+00	0.00e+00	0.00e+00
 5.33064e+22	1.50e-14	9.08e-04	2.32e-02	7.85e-02	4.22e-01	3.74e-01	9.63e-02	5.49e-03	3.00e-05	1.02e-06	0.00e+00	0.00e+00	0.00e+00	0.00e+00	0.00e+00
 5.36111e+22	1.96e-14	1.05e-03	2.61e-02	8.59e-02	4.33e-01	3.61e-01	8.80e-02	4.78e-03	2.52e-05	8.43e-07	0.00e+00	0.00e+00	0.00e+00	0.00e+00	0.00e+00
 5.39457e+22	2.69e-14	1.26e-03	3.00e-02	9.57e-02	4.47e-01	3.44e-01	7.83e-02	4.02e-03	2.02e-05	6.64e-07	0.00e+00	0.00e+00	0.00e+00	0.00e+00	0.00e+00
 5.42861e+22	3.54e-14	1.46e-03	3.37e-02	1.05e-01	4.56e-01	3.30e-01	7.08e-02	3.45e-03	1.68e-05	5.41e-07	0.00e+00	0.00e+00	0.00e+00	0.00e+00	0.00e+00
 5.45864e+22	4.66e-14	1.69e-03	3.76e-02	1.13e-01	4.65e-01	3.15e-01	6.41e-02	2.98e-03	1.40e-05	4.44e-07	0.00e+00	0.00e+00	0.00e+00	0.00e+00	0.00e+00
 5.49292e+22	6.66e-14	2.02e-03	4.31e-02	1.25e-01	4.74e-01	2.97e-01	5.61e-02	2.46e-03	1.11e-05	3.43e-07	0.00e+00	0.00e+00	0.00e+00	0.00e+00	0.00e+00
 5.52761e+22	9.08e-14	2.34e-03	4.81e-02	1.36e-01	4.80e-01	2.81e-01	5.01e-02	2.09e-03	9.07e-06	2.76e-07	0.00e+00	0.00e+00	0.00e+00	0.00e+00	0.00e+00
 5.55802e+22	1.20e-13	2.70e-03	5.34e-02	1.46e-01	4.85e-01	2.66e-01	4.47e-02	1.78e-03	7.47e-06	2.23e-07	0.00e+00	0.00e+00	0.00e+00	0.00e+00	0.00e+00
 5.59275e+22	1.85e-13	3.24e-03	6.08e-02	1.60e-01	4.89e-01	2.47e-01	3.85e-02	1.44e-03	5.79e-06	1.69e-07	0.00e+00	0.00e+00	0.00e+00	0.00e+00	0.00e+00
 5.62776e+22	2.48e-13	3.72e-03	6.73e-02	1.72e-01	4.90e-01	2.32e-01	3.41e-02	1.21e-03	4.74e-06	1.35e-07	0.00e+00	0.00e+00	0.00e+00	0.00e+00	0.00e+00
 5.65756e+22	3.59e-13	4.24e-03	7.38e-02	1.83e-01	4.90e-01	2.18e-01	3.03e-02	1.03e-03	3.91e-06	0.00e+00	0.00e+00	0.00e+00	0.00e+00	0.00e+00	0.00e+00
 5.69071e+22	5.10e-13	4.97e-03	8.25e-02	1.97e-01	4.89e-01	2.00e-01	2.60e-02	8.37e-04	3.06e-06	0.00e+00	0.00e+00	0.00e+00	0.00e+00	0.00e+00	0.00e+00
 5.72588e+22	7.61e-13	5.74e-03	9.12e-02	2.10e-01	4.85e-01	1.85e-01	2.26e-02	6.91e-04	2.45e-06	0.00e+00	0.00e+00	0.00e+00	0.00e+00	0.00e+00	0.00e+00
 5.75849e+22	1.27e-12	6.62e-03	1.00e-01	2.23e-01	4.80e-01	1.70e-01	1.95e-02	5.66e-04	1.94e-06	0.00e+00	0.00e+00	0.00e+00	0.00e+00	0.00e+00	0.00e+00
 5.79078e+22	2.01e-12	7.57e-03	1.10e-01	2.35e-01	4.74e-01	1.57e-01	1.68e-02	4.66e-04	1.55e-06	0.00e+00	0.00e+00	0.00e+00	0.00e+00	0.00e+00	0.00e+00
 5.82786e+22	4.16e-12	8.97e-03	1.23e-01	2.51e-01	4.63e-01	1.40e-01	1.39e-02	3.61e-04	1.16e-06	0.00e+00	0.00e+00	0.00e+00	0.00e+00	0.00e+00	0.00e+00
 5.86565e+22	7.96e-12	1.03e-02	1.34e-01	2.64e-01	4.53e-01	1.27e-01	1.17e-02	2.90e-04	9.00e-07	0.00e+00	0.00e+00	0.00e+00	0.00e+00	0.00e+00	0.00e+00
 5.90436e+22	3.20e-11	1.23e-02	1.50e-01	2.79e-01	4.38e-01	1.11e-01	9.43e-03	2.19e-04	6.52e-07	0.00e+00	0.00e+00	0.00e+00	0.00e+00	0.00e+00	0.00e+00
 5.94324e+22	6.69e-11	1.40e-02	1.63e-01	2.91e-01	4.24e-01	9.95e-02	7.91e-03	1.74e-04	5.04e-07	0.00e+00	0.00e+00	0.00e+00	0.00e+00	0.00e+00	0.00e+00
 5.98232e+22	1.78e-10	1.65e-02	1.80e-01	3.05e-01	4.06e-01	8.64e-02	6.31e-03	1.31e-04	3.65e-07	0.00e+00	0.00e+00	0.00e+00	0.00e+00	0.00e+00	0.00e+00
 6.02276e+22	4.03e-10	1.89e-02	1.95e-01	3.16e-01	3.89e-01	7.60e-02	5.16e-03	1.01e-04	2.74e-07	0.00e+00	0.00e+00	0.00e+00	0.00e+00	0.00e+00	0.00e+00
 6.05928e+22	8.00e-10	2.16e-02	2.10e-01	3.26e-01	3.72e-01	6.68e-02	4.22e-03	7.88e-05	2.06e-07	0.00e+00	0.00e+00	0.00e+00	0.00e+00	0.00e+00	0.00e+00
 6.10109e+22	1.89e-09	2.55e-02	2.30e-01	3.37e-01	3.48e-01	5.63e-02	3.24e-03	5.66e-05	1.43e-07	0.00e+00	0.00e+00	0.00e+00	0.00e+00	0.00e+00	0.00e+00
 6.14348e+22	3.41e-09	2.90e-02	2.46e-01	3.44e-01	3.29e-01	4.88e-02	2.61e-03	4.32e-05	0.00e+00	0.00e+00	0.00e+00	0.00e+00	0.00e+00	0.00e+00	0.00e+00
 6.17565e+22	7.24e-09	3.19e-02	2.59e-01	3.48e-01	3.15e-01	4.37e-02	2.21e-03	3.53e-05	0.00e+00	0.00e+00	0.00e+00	0.00e+00	0.00e+00	0.00e+00	0.00e+00
 6.20653e+22	1.62e-08	3.56e-02	2.74e-01	3.53e-01	2.98e-01	3.81e-02	1.80e-03	2.75e-05	0.00e+00	0.00e+00	0.00e+00	0.00e+00	0.00e+00	0.00e+00	0.00e+00
 6.23803e+22	3.52e-08	3.90e-02	2.86e-01	3.56e-01	2.83e-01	3.40e-02	1.52e-03	2.23e-05	0.00e+00	0.00e+00	0.00e+00	0.00e+00	0.00e+00	0.00e+00	0.00e+00
 6.27034e+22	9.39e-08	4.37e-02	3.02e-01	3.59e-01	2.65e-01	2.92e-02	1.22e-03	1.70e-05	0.00e+00	0.00e+00	0.00e+00	0.00e+00	0.00e+00	0.00e+00	0.00e+00
 6.30283e+22	1.77e-07	4.78e-02	3.14e-01	3.60e-01	2.51e-01	2.59e-02	1.02e-03	1.37e-05	0.00e+00	0.00e+00	0.00e+00	0.00e+00	0.00e+00	0.00e+00	0.00e+00
 6.33557e+22	2.99e-07	5.33e-02	3.30e-01	3.60e-01	2.33e-01	2.21e-02	8.08e-04	1.04e-05	0.00e+00	0.00e+00	0.00e+00	0.00e+00	0.00e+00	0.00e+00	0.00e+00
 6.36879e+22	4.32e-07	5.84e-02	3.42e-01	3.60e-01	2.19e-01	1.93e-02	6.66e-04	8.25e-06	0.00e+00	0.00e+00	0.00e+00	0.00e+00	0.00e+00	0.00e+00	0.00e+00
 6.40265e+22	6.07e-07	6.51e-02	3.58e-01	3.58e-01	2.02e-01	1.63e-02	5.22e-04	6.17e-06	0.00e+00	0.00e+00	0.00e+00	0.00e+00	0.00e+00	0.00e+00	0.00e+00
 6.43692e+22	7.91e-07	7.11e-02	3.70e-01	3.55e-01	1.89e-01	1.42e-02	4.27e-04	4.85e-06	0.00e+00	0.00e+00	0.00e+00	0.00e+00	0.00e+00	0.00e+00	0.00e+00
 6.47174e+22	1.05e-06	7.91e-02	3.84e-01	3.51e-01	1.73e-01	1.18e-02	3.30e-04	3.58e-06	0.00e+00	0.00e+00	0.00e+00	0.00e+00	0.00e+00	0.00e+00	0.00e+00
 6.50714e+22	1.32e-06	8.63e-02	3.96e-01	3.47e-01	1.61e-01	1.02e-02	2.67e-04	2.78e-06	0.00e+00	0.00e+00	0.00e+00	0.00e+00	0.00e+00	0.00e+00	0.00e+00
 6.54331e+22	1.70e-06	9.61e-02	4.09e-01	3.40e-01	1.46e-01	8.36e-03	2.03e-04	2.02e-06	0.00e+00	0.00e+00	0.00e+00	0.00e+00	0.00e+00	0.00e+00	0.00e+00
 6.58012e+22	2.09e-06	1.05e-01	4.20e-01	3.34e-01	1.34e-01	7.12e-03	1.62e-04	1.55e-06	0.00e+00	0.00e+00	0.00e+00	0.00e+00	0.00e+00	0.00e+00	0.00e+00
 6.61779e+22	2.64e-06	1.16e-01	4.32e-01	3.26e-01	1.20e-01	5.78e-03	1.21e-04	1.11e-06	0.00e+00	0.00e+00	0.00e+00	0.00e+00	0.00e+00	0.00e+00	0.00e+00
 6.65632e+22	3.21e-06	1.27e-01	4.41e-01	3.18e-01	1.10e-01	4.85e-03	9.54e-05	8.35e-07	0.00e+00	0.00e+00	0.00e+00	0.00e+00	0.00e+00	0.00e+00	0.00e+00
 6.69597e+22	4.04e-06	1.41e-01	4.51e-01	3.07e-01	9.74e-02	3.87e-03	7.00e-05	5.82e-07	0.00e+00	0.00e+00	0.00e+00	0.00e+00	0.00e+00	0.00e+00	0.00e+00
 6.73618e+22	4.84e-06	1.53e-01	4.58e-01	2.97e-01	8.83e-02	3.22e-03	5.46e-05	4.36e-07	0.00e+00	0.00e+00	0.00e+00	0.00e+00	0.00e+00	0.00e+00	0.00e+00
 6.77711e+22	5.99e-06	1.70e-01	4.65e-01	2.85e-01	7.75e-02	2.53e-03	3.95e-05	3.00e-07	0.00e+00	0.00e+00	0.00e+00	0.00e+00	0.00e+00	0.00e+00	0.00e+00
 6.81864e+22	7.08e-06	1.84e-01	4.69e-01	2.74e-01	6.97e-02	2.09e-03	3.05e-05	2.22e-07	0.00e+00	0.00e+00	0.00e+00	0.00e+00	0.00e+00	0.00e+00	0.00e+00
 6.86095e+22	8.68e-06	2.04e-01	4.73e-01	2.61e-01	6.06e-02	1.62e-03	2.18e-05	1.51e-07	0.00e+00	0.00e+00	0.00e+00	0.00e+00	0.00e+00	0.00e+00	0.00e+00
 6.90394e+22	1.02e-05	2.21e-01	4.74e-01	2.49e-01	5.40e-02	1.32e-03	1.66e-05	0.00e+00	0.00e+00	0.00e+00	0.00e+00	0.00e+00	0.00e+00	0.00e+00	0.00e+00
 6.94780e+22	1.24e-05	2.44e-01	4.74e-01	2.34e-01	4.64e-02	1.01e-03	1.17e-05	0.00e+00	0.00e+00	0.00e+00	0.00e+00	0.00e+00	0.00e+00	0.00e+00	0.00e+00
 6.99248e+22	1.45e-05	2.63e-01	4.72e-01	2.23e-01	4.10e-02	8.18e-04	8.82e-06	0.00e+00	0.00e+00	0.00e+00	0.00e+00	0.00e+00	0.00e+00	0.00e+00	0.00e+00
 7.03822e+22	1.76e-05	2.89e-01	4.68e-01	2.07e-01	3.47e-02	6.14e-04	6.09e-06	0.00e+00	0.00e+00	0.00e+00	0.00e+00	0.00e+00	0.00e+00	0.00e+00	0.00e+00
 7.08467e+22	2.04e-05	3.12e-01	4.62e-01	1.95e-01	3.03e-02	4.91e-04	4.55e-06	0.00e+00	0.00e+00	0.00e+00	0.00e+00	0.00e+00	0.00e+00	0.00e+00	0.00e+00
 7.13205e+22	2.45e-05	3.41e-01	4.53e-01	1.80e-01	2.53e-02	3.64e-04	3.09e-06	0.00e+00	0.00e+00	0.00e+00	0.00e+00	0.00e+00	0.00e+00	0.00e+00	0.00e+00
 7.18083e+22	2.85e-05	3.67e-01	4.43e-01	1.68e-01	2.18e-02	2.85e-04	2.27e-06	0.00e+00	0.00e+00	0.00e+00	0.00e+00	0.00e+00	0.00e+00	0.00e+00	0.00e+00
 7.23145e+22	3.45e-05	4.03e-01	4.27e-01	1.52e-01	1.77e-02	2.05e-04	1.49e-06	0.00e+00	0.00e+00	0.00e+00	0.00e+00	0.00e+00	0.00e+00	0.00e+00	0.00e+00
 7.28327e+22	3.97e-05	4.30e-01	4.14e-01	1.40e-01	1.51e-02	1.59e-04	1.08e-06	0.00e+00	0.00e+00	0.00e+00	0.00e+00	0.00e+00	0.00e+00	0.00e+00	0.00e+00
 7.33668e+22	4.79e-05	4.69e-01	3.93e-01	1.25e-01	1.20e-02	1.12e-04	6.89e-07	0.00e+00	0.00e+00	0.00e+00	0.00e+00	0.00e+00	0.00e+00	0.00e+00	0.00e+00
 7.39192e+22	5.55e-05	5.01e-01	3.75e-01	1.14e-01	9.94e-03	8.48e-05	4.81e-07	0.00e+00	0.00e+00	0.00e+00	0.00e+00	0.00e+00	0.00e+00	0.00e+00	0.00e+00
 7.44956e+22	6.69e-05	5.44e-01	3.48e-01	1.00e-01	7.66e-03	5.82e-05	2.96e-07	0.00e+00	0.00e+00	0.00e+00	0.00e+00	0.00e+00	0.00e+00	0.00e+00	0.00e+00
 7.50972e+22	7.80e-05	5.80e-01	3.24e-01	8.92e-02	6.12e-03	4.26e-05	1.97e-07	0.00e+00	0.00e+00	0.00e+00	0.00e+00	0.00e+00	0.00e+00	0.00e+00	0.00e+00
 7.57182e+22	9.36e-05	6.25e-01	2.93e-01	7.66e-02	4.56e-03	2.86e-05	1.16e-07	0.00e+00	0.00e+00	0.00e+00	0.00e+00	0.00e+00	0.00e+00	0.00e+00	0.00e+00
 7.62565e+22	1.04e-04	6.51e-01	2.74e-01	7.03e-02	3.85e-03	2.30e-05	0.00e+00	0.00e+00	0.00e+00	0.00e+00	0.00e+00	0.00e+00	0.00e+00	0.00e+00	0.00e+00
 7.67004e+22	1.17e-04	6.83e-01	2.52e-01	6.26e-02	3.07e-03	1.73e-05	0.00e+00	0.00e+00	0.00e+00	0.00e+00	0.00e+00	0.00e+00	0.00e+00	0.00e+00	0.00e+00
 7.71698e+22	1.31e-04	7.11e-01	2.30e-01	5.62e-02	2.48e-03	1.34e-05	0.00e+00	0.00e+00	0.00e+00	0.00e+00	0.00e+00	0.00e+00	0.00e+00	0.00e+00	0.00e+00
 7.76725e+22	1.50e-04	7.46e-01	2.04e-01	4.87e-02	1.87e-03	9.66e-06	0.00e+00	0.00e+00	0.00e+00	0.00e+00	0.00e+00	0.00e+00	0.00e+00	0.00e+00	0.00e+00
 7.81840e+22	1.67e-04	7.73e-01	1.82e-01	4.31e-02	1.47e-03	7.41e-06	0.00e+00	0.00e+00	0.00e+00	0.00e+00	0.00e+00	0.00e+00	0.00e+00	0.00e+00	0.00e+00
 7.87068e+22	1.90e-04	8.06e-01	1.56e-01	3.66e-02	1.07e-03	5.28e-06	0.00e+00	0.00e+00	0.00e+00	0.00e+00	0.00e+00	0.00e+00	0.00e+00	0.00e+00	0.00e+00
 7.92505e+22	2.12e-04	8.33e-01	1.34e-01	3.16e-02	7.97e-04	3.93e-06	0.00e+00	0.00e+00	0.00e+00	0.00e+00	0.00e+00	0.00e+00	0.00e+00	0.00e+00	0.00e+00
 7.96817e+22	2.29e-04	8.53e-01	1.18e-01	2.80e-02	6.28e-04	3.11e-06	0.00e+00	0.00e+00	0.00e+00	0.00e+00	0.00e+00	0.00e+00	0.00e+00	0.00e+00	0.00e+00
 8.00433e+22	2.44e-04	8.69e-01	1.05e-01	2.50e-02	5.01e-04	2.52e-06	0.00e+00	0.00e+00	0.00e+00	0.00e+00	0.00e+00	0.00e+00	0.00e+00	0.00e+00	0.00e+00
 8.04537e+22	2.66e-04	8.89e-01	8.92e-02	2.13e-02	3.69e-04	1.90e-06	0.00e+00	0.00e+00	0.00e+00	0.00e+00	0.00e+00	0.00e+00	0.00e+00	0.00e+00	0.00e+00
 8.08876e+22	2.83e-04	9.05e-01	7.62e-02	1.81e-02	2.74e-04	1.45e-06	0.00e+00	0.00e+00	0.00e+00	0.00e+00	0.00e+00	0.00e+00	0.00e+00	0.00e+00	0.00e+00
 8.12713e+22	2.99e-04	9.19e-01	6.50e-02	1.55e-02	2.06e-04	1.13e-06	0.00e+00	0.00e+00	0.00e+00	0.00e+00	0.00e+00	0.00e+00	0.00e+00	0.00e+00	0.00e+00
 8.16223e+22	3.11e-04	9.30e-01	5.60e-02	1.32e-02	1.55e-04	8.82e-07	0.00e+00	0.00e+00	0.00e+00	0.00e+00	0.00e+00	0.00e+00	0.00e+00	0.00e+00	0.00e+00
 8.19506e+22	3.20e-04	9.40e-01	4.80e-02	1.12e-02	1.17e-04	6.89e-07	0.00e+00	0.00e+00	0.00e+00	0.00e+00	0.00e+00	0.00e+00	0.00e+00	0.00e+00	0.00e+00
 8.22551e+22	3.27e-04	9.49e-01	4.11e-02	9.41e-03	8.84e-05	5.41e-07	0.00e+00	0.00e+00	0.00e+00	0.00e+00	0.00e+00	0.00e+00	0.00e+00	0.00e+00	0.00e+00
 8.25320e+22	3.29e-04	9.56e-01	3.53e-02	7.92e-03	6.75e-05	4.28e-07	0.00e+00	0.00e+00	0.00e+00	0.00e+00	0.00e+00	0.00e+00	0.00e+00	0.00e+00	0.00e+00
 8.27829e+22	3.29e-04	9.63e-01	3.03e-02	6.68e-03	5.21e-05	3.43e-07	0.00e+00	0.00e+00	0.00e+00	0.00e+00	0.00e+00	0.00e+00	0.00e+00	0.00e+00	0.00e+00
 8.30111e+22	3.25e-04	9.68e-01	2.59e-02	5.66e-03	4.08e-05	2.77e-07	0.00e+00	0.00e+00	0.00e+00	0.00e+00	0.00e+00	0.00e+00	0.00e+00	0.00e+00	0.00e+00
 8.32190e+22	3.19e-04	9.73e-01	2.21e-02	4.82e-03	3.25e-05	2.27e-07	0.00e+00	0.00e+00	0.00e+00	0.00e+00	0.00e+00	0.00e+00	0.00e+00	0.00e+00	0.00e+00
 8.33504e+22	3.12e-04	9.75e-01	2.01e-02	4.40e-03	2.85e-05	2.03e-07	0.00e+00	0.00e+00	0.00e+00	0.00e+00	0.00e+00	0.00e+00	0.00e+00	0.00e+00	0.00e+00
 8.34002e+22	3.09e-04	9.76e-01	1.93e-02	4.24e-03	2.71e-05	1.94e-07	0.00e+00	0.00e+00	0.00e+00	0.00e+00	0.00e+00	0.00e+00	0.00e+00	0.00e+00	0.00e+00
 8.34402e+22	3.07e-04	9.77e-01	1.86e-02	4.10e-03	2.59e-05	1.87e-07	0.00e+00	0.00e+00	0.00e+00	0.00e+00	0.00e+00	0.00e+00	0.00e+00	0.00e+00	0.00e+00
 8.34919e+22	3.05e-04	9.78e-01	1.78e-02	3.92e-03	2.44e-05	1.77e-07	0.00e+00	0.00e+00	0.00e+00	0.00e+00	0.00e+00	0.00e+00	0.00e+00	0.00e+00	0.00e+00
 8.35538e+22	3.02e-04	9.79e-01	1.66e-02	3.73e-03	2.28e-05	1.67e-07	0.00e+00	0.00e+00	0.00e+00	0.00e+00	0.00e+00	0.00e+00	0.00e+00	0.00e+00	0.00e+00
 8.36166e+22	2.99e-04	9.81e-01	1.56e-02	3.54e-03	2.12e-05	1.57e-07	0.00e+00	0.00e+00	0.00e+00	0.00e+00	0.00e+00	0.00e+00	0.00e+00	0.00e+00	0.00e+00
 8.36748e+22	2.95e-04	9.81e-01	1.48e-02	3.38e-03	2.00e-05	1.49e-07	0.00e+00	0.00e+00	0.00e+00	0.00e+00	0.00e+00	0.00e+00	0.00e+00	0.00e+00	0.00e+00
 8.37343e+22	2.91e-04	9.83e-01	1.39e-02	3.22e-03	1.87e-05	1.41e-07	0.00e+00	0.00e+00	0.00e+00	0.00e+00	0.00e+00	0.00e+00	0.00e+00	0.00e+00	0.00e+00
 8.37966e+22	2.87e-04	9.84e-01	1.30e-02	3.06e-03	1.75e-05	1.33e-07	0.00e+00	0.00e+00	0.00e+00	0.00e+00	0.00e+00	0.00e+00	0.00e+00	0.00e+00	0.00e+00
 8.38580e+22	2.82e-04	9.85e-01	1.21e-02	2.91e-03	1.65e-05	1.26e-07	0.00e+00	0.00e+00	0.00e+00	0.00e+00	0.00e+00	0.00e+00	0.00e+00	0.00e+00	0.00e+00
 8.39200e+22	2.77e-04	9.86e-01	1.13e-02	2.77e-03	1.55e-05	0.00e+00	0.00e+00	0.00e+00	0.00e+00	0.00e+00	0.00e+00	0.00e+00	0.00e+00	0.00e+00	0.00e+00
