#depth	Ne	Ne+	Ne+2	Ne+3	Ne+4	Ne+5	Ne+6	Ne+7	Ne+8	Ne+9	Ne+10
 4.62852e+21	1.50e-28	8.15e-23	2.95e-18	1.54e-14	1.88e-11	5.51e-09	5.91e-07	3.90e-05	9.00e-03	1.71e-01	8.20e-01
 1.04126e+22	2.86e-26	8.95e-21	1.86e-16	5.66e-13	4.09e-10	7.02e-08	4.21e-06	1.57e-04	2.15e-02	2.48e-01	7.30e-01
 1.21198e+22	5.68e-25	1.30e-19	1.95e-15	4.33e-12	2.32e-09	2.93e-07	1.25e-05	3.36e-04	3.41e-02	2.98e-01	6.67e-01
 1.29473e+22	3.05e-24	5.86e-19	7.31e-15	1.35e-11	6.11e-09	6.50e-07	2.30e-05	5.11e-04	4.39e-02	3.28e-01	6.28e-01
 1.32920e+22	4.70e-24	8.63e-19	1.03e-14	1.81e-11	7.83e-09	7.99e-07	2.69e-05	5.70e-04	4.69e-02	3.35e-01	6.17e-01
 1.34051e+22	6.30e-24	1.12e-18	1.29e-14	2.21e-11	9.27e-09	9.18e-07	2.99e-05	6.13e-04	4.89e-02	3.41e-01	6.10e-01
 1.34907e+22	8.15e-24	1.41e-18	1.58e-14	2.63e-11	1.08e-08	1.04e-06	3.29e-05	6.54e-04	5.09e-02	3.45e-01	6.03e-01
 1.35863e+22	1.15e-23	1.93e-18	2.07e-14	3.32e-11	1.31e-08	1.23e-06	3.73e-05	7.13e-04	5.35e-02	3.51e-01	5.94e-01
 1.36844e+22	1.53e-23	2.49e-18	2.59e-14	4.02e-11	1.55e-08	1.40e-06	4.14e-05	7.65e-04	5.58e-02	3.56e-01	5.87e-01
 1.37858e+22	2.22e-23	3.47e-18	3.47e-14	5.17e-11	1.92e-08	1.68e-06	4.75e-05	8.40e-04	5.90e-02	3.63e-01	5.77e-01
 1.38882e+22	2.96e-23	4.49e-18	4.35e-14	6.28e-11	2.27e-08	1.93e-06	5.28e-05	9.03e-04	6.16e-02	3.68e-01	5.69e-01
 1.39917e+22	4.32e-23	6.30e-18	5.85e-14	8.12e-11	2.82e-08	2.31e-06	6.07e-05	9.94e-04	6.51e-02	3.75e-01	5.59e-01
 1.40957e+22	5.75e-23	8.15e-18	7.34e-14	9.86e-11	3.33e-08	2.65e-06	6.76e-05	1.07e-03	6.79e-02	3.80e-01	5.51e-01
 1.42002e+22	8.40e-23	1.15e-17	9.88e-14	1.28e-10	4.16e-08	3.19e-06	7.78e-05	1.18e-03	7.19e-02	3.87e-01	5.40e-01
 1.43023e+22	1.10e-22	1.45e-17	1.22e-13	1.53e-10	4.85e-08	3.63e-06	8.60e-05	1.26e-03	7.48e-02	3.92e-01	5.32e-01
 1.44013e+22	1.57e-22	2.00e-17	1.61e-13	1.95e-10	5.98e-08	4.32e-06	9.84e-05	1.38e-03	7.89e-02	3.98e-01	5.21e-01
 1.45010e+22	2.02e-22	2.52e-17	1.98e-13	2.32e-10	6.95e-08	4.90e-06	1.08e-04	1.48e-03	8.19e-02	4.03e-01	5.14e-01
 1.46018e+22	2.86e-22	3.44e-17	2.59e-13	2.93e-10	8.50e-08	5.81e-06	1.24e-04	1.62e-03	8.63e-02	4.09e-01	5.03e-01
 1.47051e+22	3.74e-22	4.38e-17	3.21e-13	3.52e-10	9.97e-08	6.64e-06	1.37e-04	1.73e-03	8.98e-02	4.14e-01	4.95e-01
 1.48119e+22	5.33e-22	6.03e-17	4.25e-13	4.49e-10	1.23e-07	7.91e-06	1.57e-04	1.90e-03	9.47e-02	4.20e-01	4.84e-01
 1.49204e+22	6.93e-22	7.64e-17	5.23e-13	5.38e-10	1.44e-07	9.02e-06	1.74e-04	2.04e-03	9.85e-02	4.24e-01	4.75e-01
 1.50312e+22	9.81e-22	1.04e-16	6.89e-13	6.82e-10	1.77e-07	1.07e-05	1.99e-04	2.23e-03	1.04e-01	4.30e-01	4.64e-01
 1.51449e+22	1.28e-21	1.33e-16	8.53e-13	8.21e-10	2.07e-07	1.23e-05	2.21e-04	2.40e-03	1.08e-01	4.34e-01	4.55e-01
 1.52626e+22	1.81e-21	1.82e-16	1.12e-12	1.04e-09	2.55e-07	1.46e-05	2.54e-04	2.63e-03	1.14e-01	4.40e-01	4.43e-01
 1.53801e+22	2.34e-21	2.29e-16	1.38e-12	1.24e-09	2.97e-07	1.66e-05	2.81e-04	2.82e-03	1.18e-01	4.44e-01	4.35e-01
 1.54974e+22	3.27e-21	3.09e-16	1.80e-12	1.57e-09	3.63e-07	1.97e-05	3.20e-04	3.09e-03	1.24e-01	4.49e-01	4.23e-01
 1.56172e+22	4.20e-21	3.88e-16	2.20e-12	1.86e-09	4.22e-07	2.24e-05	3.54e-04	3.30e-03	1.29e-01	4.53e-01	4.15e-01
 1.57404e+22	5.85e-21	5.24e-16	2.87e-12	2.35e-09	5.16e-07	2.65e-05	4.04e-04	3.61e-03	1.36e-01	4.57e-01	4.03e-01
 1.58596e+22	7.26e-21	6.37e-16	3.41e-12	2.73e-09	5.88e-07	2.96e-05	4.41e-04	3.83e-03	1.40e-01	4.60e-01	3.95e-01
 1.59738e+22	9.71e-21	8.29e-16	4.30e-12	3.34e-09	7.02e-07	3.44e-05	4.96e-04	4.15e-03	1.46e-01	4.64e-01	3.85e-01
 1.60913e+22	1.22e-20	1.02e-15	5.16e-12	3.91e-09	8.05e-07	3.87e-05	5.43e-04	4.41e-03	1.51e-01	4.67e-01	3.77e-01
 1.62130e+22	1.64e-20	1.33e-15	6.57e-12	4.83e-09	9.67e-07	4.52e-05	6.14e-04	4.79e-03	1.58e-01	4.70e-01	3.66e-01
 1.63363e+22	2.04e-20	1.63e-15	7.84e-12	5.63e-09	1.10e-06	5.06e-05	6.70e-04	5.09e-03	1.64e-01	4.73e-01	3.58e-01
 1.64616e+22	2.72e-20	2.11e-15	9.88e-12	6.88e-09	1.32e-06	5.87e-05	7.53e-04	5.50e-03	1.71e-01	4.75e-01	3.48e-01
 1.65858e+22	3.36e-20	2.56e-15	1.17e-11	7.99e-09	1.50e-06	6.55e-05	8.22e-04	5.84e-03	1.76e-01	4.77e-01	3.40e-01
 1.67087e+22	4.43e-20	3.29e-15	1.47e-11	9.72e-09	1.78e-06	7.57e-05	9.21e-04	6.30e-03	1.83e-01	4.80e-01	3.30e-01
 1.68329e+22	5.43e-20	3.95e-15	1.73e-11	1.12e-08	2.02e-06	8.41e-05	1.00e-03	6.66e-03	1.89e-01	4.81e-01	3.22e-01
 1.69586e+22	7.11e-20	5.05e-15	2.15e-11	1.36e-08	2.38e-06	9.69e-05	1.12e-03	7.18e-03	1.96e-01	4.83e-01	3.12e-01
 1.70868e+22	8.72e-20	6.09e-15	2.54e-11	1.57e-08	2.70e-06	1.08e-04	1.21e-03	7.59e-03	2.02e-01	4.84e-01	3.05e-01
 1.72181e+22	1.14e-19	7.79e-15	3.17e-11	1.90e-08	3.20e-06	1.24e-04	1.36e-03	8.18e-03	2.10e-01	4.85e-01	2.95e-01
 1.73517e+22	1.40e-19	9.39e-15	3.74e-11	2.20e-08	3.63e-06	1.38e-04	1.48e-03	8.66e-03	2.16e-01	4.86e-01	2.88e-01
 1.74885e+22	1.84e-19	1.20e-14	4.66e-11	2.66e-08	4.29e-06	1.59e-04	1.65e-03	9.33e-03	2.25e-01	4.87e-01	2.78e-01
 1.76279e+22	2.26e-19	1.45e-14	5.52e-11	3.08e-08	4.88e-06	1.78e-04	1.80e-03	9.87e-03	2.31e-01	4.87e-01	2.70e-01
 1.77706e+22	2.96e-19	1.86e-14	6.88e-11	3.74e-08	5.77e-06	2.05e-04	2.01e-03	1.06e-02	2.40e-01	4.87e-01	2.61e-01
 1.79100e+22	3.56e-19	2.19e-14	8.00e-11	4.26e-08	6.46e-06	2.25e-04	2.16e-03	1.12e-02	2.46e-01	4.87e-01	2.54e-01
 1.80453e+22	4.58e-19	2.76e-14	9.83e-11	5.10e-08	7.57e-06	2.57e-04	2.40e-03	1.20e-02	2.54e-01	4.86e-01	2.45e-01
 1.81827e+22	5.51e-19	3.27e-14	1.14e-10	5.82e-08	8.48e-06	2.83e-04	2.59e-03	1.26e-02	2.61e-01	4.85e-01	2.39e-01
 1.83228e+22	7.05e-19	4.10e-14	1.40e-10	6.94e-08	9.89e-06	3.22e-04	2.86e-03	1.35e-02	2.69e-01	4.84e-01	2.30e-01
 1.84674e+22	8.61e-19	4.92e-14	1.65e-10	8.00e-08	1.12e-05	3.57e-04	3.10e-03	1.42e-02	2.76e-01	4.83e-01	2.23e-01
 1.86176e+22	1.10e-18	6.17e-14	2.02e-10	9.56e-08	1.31e-05	4.07e-04	3.43e-03	1.52e-02	2.85e-01	4.81e-01	2.15e-01
 1.87727e+22	1.36e-18	7.48e-14	2.40e-10	1.11e-07	1.49e-05	4.54e-04	3.73e-03	1.60e-02	2.93e-01	4.79e-01	2.08e-01
 1.89343e+22	1.77e-18	9.48e-14	2.97e-10	1.34e-07	1.75e-05	5.19e-04	4.14e-03	1.72e-02	3.02e-01	4.77e-01	1.99e-01
 1.91002e+22	2.19e-18	1.16e-13	3.54e-10	1.56e-07	2.00e-05	5.80e-04	4.51e-03	1.82e-02	3.10e-01	4.74e-01	1.92e-01
 1.92720e+22	2.87e-18	1.48e-13	4.41e-10	1.89e-07	2.35e-05	6.65e-04	5.02e-03	1.95e-02	3.20e-01	4.71e-01	1.84e-01
 1.94494e+22	3.60e-18	1.81e-13	5.30e-10	2.22e-07	2.70e-05	7.47e-04	5.49e-03	2.06e-02	3.28e-01	4.68e-01	1.77e-01
 1.96342e+22	4.76e-18	2.34e-13	6.67e-10	2.70e-07	3.21e-05	8.61e-04	6.12e-03	2.21e-02	3.39e-01	4.64e-01	1.68e-01
 1.98239e+22	6.01e-18	2.90e-13	8.07e-10	3.19e-07	3.70e-05	9.70e-04	6.70e-03	2.35e-02	3.48e-01	4.60e-01	1.61e-01
 1.99943e+22	7.53e-18	3.56e-13	9.69e-10	3.74e-07	4.24e-05	1.09e-03	7.30e-03	2.48e-02	3.56e-01	4.56e-01	1.55e-01
 2.01901e+22	1.01e-17	4.66e-13	1.23e-09	4.61e-07	5.09e-05	1.26e-03	8.20e-03	2.67e-02	3.67e-01	4.50e-01	1.46e-01
 2.03871e+22	1.26e-17	5.70e-13	1.48e-09	5.39e-07	5.82e-05	1.41e-03	8.91e-03	2.82e-02	3.76e-01	4.46e-01	1.40e-01
 2.05856e+22	1.68e-17	7.42e-13	1.87e-09	6.62e-07	6.95e-05	1.63e-03	9.97e-03	3.03e-02	3.87e-01	4.39e-01	1.32e-01
 2.07884e+22	2.12e-17	9.17e-13	2.26e-09	7.81e-07	8.01e-05	1.84e-03	1.09e-02	3.21e-02	3.96e-01	4.33e-01	1.26e-01
 2.09966e+22	2.85e-17	1.20e-12	2.88e-09	9.64e-07	9.59e-05	2.13e-03	1.22e-02	3.45e-02	4.07e-01	4.26e-01	1.18e-01
 2.12081e+22	3.60e-17	1.49e-12	3.50e-09	1.14e-06	1.11e-04	2.41e-03	1.34e-02	3.65e-02	4.16e-01	4.19e-01	1.12e-01
 2.14238e+22	4.85e-17	1.96e-12	4.48e-09	1.41e-06	1.34e-04	2.81e-03	1.51e-02	3.93e-02	4.27e-01	4.11e-01	1.05e-01
 2.16276e+22	5.92e-17	2.35e-12	5.28e-09	1.63e-06	1.51e-04	3.11e-03	1.62e-02	4.12e-02	4.35e-01	4.04e-01	1.00e-01
 2.18161e+22	7.63e-17	2.97e-12	6.52e-09	1.96e-06	1.78e-04	3.56e-03	1.80e-02	4.39e-02	4.45e-01	3.96e-01	9.38e-02
 2.20061e+22	9.29e-17	3.57e-12	7.68e-09	2.26e-06	2.01e-04	3.93e-03	1.94e-02	4.60e-02	4.52e-01	3.89e-01	8.94e-02
 2.21983e+22	1.19e-16	4.50e-12	9.49e-09	2.72e-06	2.36e-04	4.51e-03	2.15e-02	4.91e-02	4.61e-01	3.80e-01	8.34e-02
 2.23922e+22	1.45e-16	5.39e-12	1.12e-08	3.14e-06	2.67e-04	5.00e-03	2.33e-02	5.15e-02	4.68e-01	3.73e-01	7.90e-02
 2.25884e+22	1.85e-16	6.77e-12	1.38e-08	3.78e-06	3.14e-04	5.73e-03	2.58e-02	5.49e-02	4.77e-01	3.62e-01	7.34e-02
 2.27873e+22	2.24e-16	8.10e-12	1.62e-08	4.36e-06	3.56e-04	6.36e-03	2.80e-02	5.76e-02	4.84e-01	3.54e-01	6.92e-02
 2.29896e+22	2.84e-16	1.02e-11	2.00e-08	5.25e-06	4.20e-04	7.31e-03	3.11e-02	6.15e-02	4.93e-01	3.43e-01	6.38e-02
 2.31947e+22	3.43e-16	1.21e-11	2.36e-08	6.06e-06	4.76e-04	8.12e-03	3.37e-02	6.45e-02	4.99e-01	3.35e-01	5.99e-02
 2.34032e+22	4.32e-16	1.51e-11	2.90e-08	7.28e-06	5.61e-04	9.34e-03	3.74e-02	6.88e-02	5.06e-01	3.23e-01	5.49e-02
 2.36161e+22	5.17e-16	1.80e-11	3.41e-08	8.42e-06	6.39e-04	1.04e-02	4.07e-02	7.24e-02	5.12e-01	3.13e-01	5.11e-02
 2.38348e+22	6.45e-16	2.23e-11	4.18e-08	1.01e-05	7.54e-04	1.20e-02	4.53e-02	7.73e-02	5.19e-01	3.00e-01	4.63e-02
 2.40580e+22	7.65e-16	2.64e-11	4.91e-08	1.17e-05	8.59e-04	1.34e-02	4.93e-02	8.13e-02	5.23e-01	2.89e-01	4.28e-02
 2.42802e+22	9.29e-16	3.21e-11	5.94e-08	1.39e-05	1.01e-03	1.54e-02	5.47e-02	8.66e-02	5.28e-01	2.76e-01	3.86e-02
 2.44924e+22	1.07e-15	3.69e-11	6.79e-08	1.57e-05	1.13e-03	1.70e-02	5.88e-02	9.04e-02	5.31e-01	2.66e-01	3.58e-02
 2.46981e+22	1.25e-15	4.36e-11	8.03e-08	1.83e-05	1.30e-03	1.92e-02	6.46e-02	9.57e-02	5.33e-01	2.53e-01	3.23e-02
 2.49066e+22	1.41e-15	4.95e-11	9.12e-08	2.07e-05	1.45e-03	2.11e-02	6.95e-02	9.99e-02	5.35e-01	2.43e-01	2.97e-02
 2.51105e+22	1.60e-15	5.70e-11	1.06e-07	2.37e-05	1.65e-03	2.37e-02	7.57e-02	1.05e-01	5.36e-01	2.31e-01	2.68e-02
 2.53186e+22	1.78e-15	6.41e-11	1.20e-07	2.67e-05	1.85e-03	2.61e-02	8.14e-02	1.10e-01	5.35e-01	2.21e-01	2.45e-02
 2.55212e+22	1.96e-15	7.21e-11	1.36e-07	3.02e-05	2.08e-03	2.90e-02	8.80e-02	1.15e-01	5.34e-01	2.09e-01	2.21e-02
 2.57281e+22	2.14e-15	8.01e-11	1.53e-07	3.38e-05	2.32e-03	3.19e-02	9.44e-02	1.20e-01	5.32e-01	1.99e-01	2.00e-02
 2.59328e+22	2.31e-15	8.86e-11	1.71e-07	3.79e-05	2.59e-03	3.51e-02	1.01e-01	1.25e-01	5.30e-01	1.88e-01	1.80e-02
 2.61386e+22	2.46e-15	9.71e-11	1.91e-07	4.22e-05	2.88e-03	3.85e-02	1.08e-01	1.30e-01	5.26e-01	1.78e-01	1.62e-02
 2.63421e+22	2.61e-15	1.06e-10	2.12e-07	4.69e-05	3.19e-03	4.21e-02	1.16e-01	1.35e-01	5.21e-01	1.68e-01	1.46e-02
 2.65451e+22	2.73e-15	1.15e-10	2.34e-07	5.20e-05	3.53e-03	4.59e-02	1.23e-01	1.40e-01	5.16e-01	1.58e-01	1.31e-02
 2.67486e+22	2.85e-15	1.23e-10	2.58e-07	5.75e-05	3.90e-03	5.00e-02	1.30e-01	1.45e-01	5.10e-01	1.49e-01	1.18e-02
 2.69528e+22	2.95e-15	1.33e-10	2.84e-07	6.36e-05	4.30e-03	5.43e-02	1.38e-01	1.50e-01	5.03e-01	1.40e-01	1.05e-02
 2.71582e+22	3.03e-15	1.42e-10	3.12e-07	7.03e-05	4.75e-03	5.89e-02	1.46e-01	1.55e-01	4.95e-01	1.31e-01	9.40e-03
 2.73655e+22	3.11e-15	1.52e-10	3.43e-07	7.78e-05	5.23e-03	6.38e-02	1.54e-01	1.59e-01	4.87e-01	1.23e-01	8.38e-03
 2.75752e+22	3.19e-15	1.63e-10	3.78e-07	8.61e-05	5.76e-03	6.91e-02	1.62e-01	1.64e-01	4.77e-01	1.15e-01	7.44e-03
 2.77859e+22	3.25e-15	1.74e-10	4.16e-07	9.53e-05	6.35e-03	7.46e-02	1.70e-01	1.68e-01	4.68e-01	1.07e-01	6.61e-03
 2.80001e+22	3.32e-15	1.86e-10	4.60e-07	1.06e-04	7.01e-03	8.06e-02	1.78e-01	1.72e-01	4.57e-01	9.93e-02	5.84e-03
 2.82168e+22	3.39e-15	2.00e-10	5.09e-07	1.18e-04	7.72e-03	8.69e-02	1.86e-01	1.76e-01	4.46e-01	9.22e-02	5.17e-03
 2.84376e+22	3.47e-15	2.15e-10	5.66e-07	1.32e-04	8.54e-03	9.38e-02	1.94e-01	1.80e-01	4.33e-01	8.51e-02	4.53e-03
 2.86431e+22	3.55e-15	2.29e-10	6.20e-07	1.45e-04	9.28e-03	9.97e-02	2.01e-01	1.83e-01	4.23e-01	7.97e-02	4.08e-03
 2.88545e+22	3.63e-15	2.49e-10	6.97e-07	1.63e-04	1.03e-02	1.08e-01	2.09e-01	1.86e-01	4.09e-01	7.31e-02	3.54e-03
 2.90692e+22	3.75e-15	2.68e-10	7.69e-07	1.80e-04	1.12e-02	1.14e-01	2.16e-01	1.89e-01	3.98e-01	6.82e-02	3.17e-03
 2.92891e+22	3.87e-15	2.93e-10	8.73e-07	2.05e-04	1.25e-02	1.24e-01	2.24e-01	1.91e-01	3.83e-01	6.20e-02	2.73e-03
 2.95101e+22	4.05e-15	3.20e-10	9.71e-07	2.27e-04	1.36e-02	1.31e-01	2.30e-01	1.93e-01	3.72e-01	5.77e-02	2.44e-03
 2.97327e+22	4.26e-15	3.55e-10	1.11e-06	2.60e-04	1.52e-02	1.41e-01	2.38e-01	1.95e-01	3.56e-01	5.24e-02	2.09e-03
 2.99565e+22	4.49e-15	3.90e-10	1.25e-06	2.88e-04	1.65e-02	1.49e-01	2.44e-01	1.96e-01	3.44e-01	4.85e-02	1.86e-03
 3.01820e+22	4.79e-15	4.39e-10	1.44e-06	3.31e-04	1.84e-02	1.60e-01	2.51e-01	1.96e-01	3.29e-01	4.38e-02	1.59e-03
 3.04094e+22	5.12e-15	4.86e-10	1.62e-06	3.70e-04	2.01e-02	1.69e-01	2.56e-01	1.97e-01	3.16e-01	4.05e-02	1.41e-03
 3.06392e+22	5.58e-15	5.56e-10	1.90e-06	4.26e-04	2.24e-02	1.81e-01	2.62e-01	1.96e-01	3.00e-01	3.64e-02	1.20e-03
 3.08719e+22	6.05e-15	6.23e-10	2.15e-06	4.78e-04	2.44e-02	1.90e-01	2.67e-01	1.96e-01	2.88e-01	3.34e-02	1.06e-03
 3.11083e+22	6.74e-15	7.25e-10	2.54e-06	5.54e-04	2.72e-02	2.03e-01	2.72e-01	1.94e-01	2.72e-01	2.98e-02	8.93e-04
 3.13486e+22	7.45e-15	8.23e-10	2.91e-06	6.23e-04	2.97e-02	2.14e-01	2.76e-01	1.93e-01	2.59e-01	2.72e-02	7.82e-04
 3.15939e+22	8.50e-15	9.74e-10	3.48e-06	7.26e-04	3.31e-02	2.28e-01	2.80e-01	1.91e-01	2.43e-01	2.41e-02	6.54e-04
 3.18443e+22	9.61e-15	1.12e-09	4.02e-06	8.20e-04	3.61e-02	2.40e-01	2.83e-01	1.88e-01	2.30e-01	2.19e-02	5.68e-04
 3.21013e+22	1.13e-14	1.36e-09	4.86e-06	9.62e-04	4.04e-02	2.55e-01	2.85e-01	1.84e-01	2.14e-01	1.92e-02	4.69e-04
 3.23648e+22	1.31e-14	1.59e-09	5.67e-06	1.09e-03	4.41e-02	2.67e-01	2.87e-01	1.81e-01	2.02e-01	1.72e-02	4.03e-04
 3.26367e+22	1.59e-14	1.97e-09	6.96e-06	1.29e-03	4.95e-02	2.84e-01	2.88e-01	1.76e-01	1.86e-01	1.49e-02	3.28e-04
 3.28925e+22	1.84e-14	2.27e-09	7.95e-06	1.44e-03	5.32e-02	2.94e-01	2.89e-01	1.72e-01	1.76e-01	1.36e-02	2.87e-04
 3.31273e+22	2.21e-14	2.75e-09	9.49e-06	1.65e-03	5.84e-02	3.09e-01	2.89e-01	1.67e-01	1.63e-01	1.20e-02	2.40e-04
 3.33602e+22	2.57e-14	3.18e-09	1.08e-05	1.83e-03	6.25e-02	3.19e-01	2.88e-01	1.63e-01	1.54e-01	1.09e-02	2.10e-04
 3.35906e+22	3.12e-14	3.86e-09	1.29e-05	2.10e-03	6.83e-02	3.33e-01	2.86e-01	1.58e-01	1.43e-01	9.55e-03	1.75e-04
 3.38224e+22	3.67e-14	4.48e-09	1.47e-05	2.32e-03	7.30e-02	3.43e-01	2.85e-01	1.54e-01	1.34e-01	8.66e-03	1.53e-04
 3.40560e+22	4.53e-14	5.47e-09	1.75e-05	2.66e-03	7.94e-02	3.56e-01	2.82e-01	1.48e-01	1.24e-01	7.58e-03	1.27e-04
 3.42939e+22	5.39e-14	6.41e-09	2.00e-05	2.94e-03	8.48e-02	3.67e-01	2.80e-01	1.43e-01	1.16e-01	6.82e-03	1.10e-04
 3.45370e+22	6.79e-14	7.90e-09	2.40e-05	3.37e-03	9.23e-02	3.80e-01	2.76e-01	1.37e-01	1.06e-01	5.92e-03	9.08e-05
 3.47836e+22	8.18e-14	9.31e-09	2.75e-05	3.73e-03	9.83e-02	3.90e-01	2.72e-01	1.32e-01	9.86e-02	5.30e-03	7.81e-05
 3.50346e+22	1.05e-13	1.16e-08	3.30e-05	4.27e-03	1.07e-01	4.02e-01	2.67e-01	1.25e-01	8.96e-02	4.56e-03	6.37e-05
 3.52904e+22	1.27e-13	1.37e-08	3.80e-05	4.73e-03	1.14e-01	4.11e-01	2.63e-01	1.20e-01	8.30e-02	4.05e-03	5.44e-05
 3.55525e+22	1.66e-13	1.73e-08	4.59e-05	5.43e-03	1.23e-01	4.23e-01	2.56e-01	1.13e-01	7.48e-02	3.45e-03	4.38e-05
 3.58203e+22	2.05e-13	2.06e-08	5.30e-05	6.02e-03	1.31e-01	4.32e-01	2.51e-01	1.08e-01	6.88e-02	3.04e-03	3.70e-05
 3.60956e+22	2.71e-13	2.62e-08	6.43e-05	6.91e-03	1.42e-01	4.43e-01	2.43e-01	1.01e-01	6.14e-02	2.56e-03	2.94e-05
 3.63770e+22	3.39e-13	3.16e-08	7.47e-05	7.68e-03	1.51e-01	4.50e-01	2.37e-01	9.57e-02	5.61e-02	2.24e-03	2.45e-05
 3.66663e+22	4.56e-13	4.05e-08	9.09e-05	8.81e-03	1.63e-01	4.59e-01	2.28e-01	8.88e-02	4.96e-02	1.86e-03	1.93e-05
 3.69591e+22	5.73e-13	4.89e-08	1.05e-04	9.77e-03	1.73e-01	4.65e-01	2.22e-01	8.36e-02	4.51e-02	1.62e-03	1.60e-05
 3.72562e+22	7.78e-13	6.30e-08	1.28e-04	1.12e-02	1.86e-01	4.73e-01	2.12e-01	7.71e-02	3.96e-02	1.33e-03	1.24e-05
 3.75566e+22	9.84e-13	7.63e-08	1.49e-04	1.24e-02	1.97e-01	4.77e-01	2.05e-01	7.22e-02	3.57e-02	1.15e-03	1.02e-05
 3.78611e+22	1.33e-12	9.78e-08	1.81e-04	1.41e-02	2.11e-01	4.82e-01	1.95e-01	6.62e-02	3.12e-02	9.46e-04	7.89e-06
 3.81614e+22	1.68e-12	1.18e-07	2.08e-04	1.56e-02	2.21e-01	4.84e-01	1.88e-01	6.19e-02	2.82e-02	8.15e-04	6.50e-06
 3.84565e+22	2.25e-12	1.49e-07	2.50e-04	1.76e-02	2.36e-01	4.87e-01	1.78e-01	5.67e-02	2.47e-02	6.72e-04	5.05e-06
 3.87618e+22	2.87e-12	1.82e-07	2.90e-04	1.94e-02	2.48e-01	4.87e-01	1.70e-01	5.25e-02	2.20e-02	5.71e-04	4.09e-06
 3.90166e+22	3.52e-12	2.14e-07	3.29e-04	2.11e-02	2.58e-01	4.88e-01	1.63e-01	4.92e-02	2.00e-02	4.97e-04	3.42e-06
 3.92840e+22	4.54e-12	2.63e-07	3.84e-04	2.33e-02	2.71e-01	4.87e-01	1.55e-01	4.53e-02	1.77e-02	4.18e-04	2.73e-06
 3.95596e+22	5.66e-12	3.13e-07	4.38e-04	2.54e-02	2.82e-01	4.85e-01	1.48e-01	4.21e-02	1.59e-02	3.59e-04	2.24e-06
 3.98072e+22	6.98e-12	3.70e-07	4.96e-04	2.76e-02	2.93e-01	4.83e-01	1.42e-01	3.92e-02	1.43e-02	3.10e-04	1.86e-06
 4.00905e+22	9.09e-12	4.56e-07	5.81e-04	3.05e-02	3.07e-01	4.80e-01	1.34e-01	3.58e-02	1.26e-02	2.57e-04	1.46e-06
 4.03838e+22	1.15e-11	5.51e-07	6.68e-04	3.33e-02	3.19e-01	4.76e-01	1.26e-01	3.29e-02	1.11e-02	2.17e-04	1.17e-06
 4.06447e+22	1.43e-11	6.52e-07	7.57e-04	3.61e-02	3.31e-01	4.72e-01	1.20e-01	3.05e-02	9.97e-03	1.86e-04	9.62e-07
 4.09385e+22	1.86e-11	8.05e-07	8.84e-04	3.98e-02	3.45e-01	4.66e-01	1.12e-01	2.76e-02	8.67e-03	1.53e-04	7.49e-07
 4.12457e+22	2.38e-11	9.77e-07	1.02e-03	4.35e-02	3.58e-01	4.59e-01	1.06e-01	2.52e-02	7.61e-03	1.28e-04	5.93e-07
 4.15231e+22	2.97e-11	1.16e-06	1.16e-03	4.71e-02	3.69e-01	4.53e-01	9.96e-02	2.32e-02	6.75e-03	1.08e-04	4.79e-07
 4.18366e+22	3.92e-11	1.45e-06	1.36e-03	5.19e-02	3.84e-01	4.44e-01	9.23e-02	2.08e-02	5.79e-03	8.73e-05	3.65e-07
 4.21599e+22	5.04e-11	1.76e-06	1.57e-03	5.66e-02	3.96e-01	4.35e-01	8.60e-02	1.88e-02	5.03e-03	7.19e-05	2.85e-07
 4.24476e+22	6.32e-11	2.10e-06	1.78e-03	6.12e-02	4.08e-01	4.27e-01	8.05e-02	1.72e-02	4.43e-03	6.03e-05	2.28e-07
 4.27734e+22	8.38e-11	2.62e-06	2.09e-03	6.73e-02	4.22e-01	4.16e-01	7.40e-02	1.53e-02	3.76e-03	4.81e-05	1.71e-07
 4.31116e+22	1.08e-10	3.20e-06	2.42e-03	7.34e-02	4.34e-01	4.05e-01	6.83e-02	1.37e-02	3.23e-03	3.91e-05	1.32e-07
 4.34153e+22	1.37e-10	3.83e-06	2.75e-03	7.92e-02	4.45e-01	3.94e-01	6.34e-02	1.24e-02	2.81e-03	3.23e-05	0.00e+00
 4.37597e+22	1.83e-10	4.81e-06	3.24e-03	8.70e-02	4.58e-01	3.81e-01	5.76e-02	1.09e-02	2.36e-03	2.54e-05	0.00e+00
 4.41170e+22	2.39e-10	5.91e-06	3.75e-03	9.47e-02	4.69e-01	3.68e-01	5.26e-02	9.69e-03	2.00e-03	2.03e-05	0.00e+00
 4.44368e+22	3.03e-10	7.09e-06	4.28e-03	1.02e-01	4.79e-01	3.56e-01	4.84e-02	8.69e-03	1.72e-03	1.66e-05	0.00e+00
 4.47985e+22	4.12e-10	8.99e-06	5.06e-03	1.12e-01	4.90e-01	3.40e-01	4.34e-02	7.54e-03	1.42e-03	1.27e-05	0.00e+00
 4.51673e+22	5.34e-10	1.10e-05	5.82e-03	1.21e-01	4.99e-01	3.27e-01	3.94e-02	6.68e-03	1.20e-03	1.01e-05	0.00e+00
 4.55456e+22	7.29e-10	1.39e-05	6.88e-03	1.33e-01	5.09e-01	3.10e-01	3.50e-02	5.74e-03	9.73e-04	7.65e-06	0.00e+00
 4.59277e+22	9.43e-10	1.69e-05	7.89e-03	1.43e-01	5.15e-01	2.96e-01	3.16e-02	5.06e-03	8.18e-04	6.05e-06	0.00e+00
 4.63148e+22	1.30e-09	2.16e-05	9.36e-03	1.57e-01	5.23e-01	2.79e-01	2.77e-02	4.31e-03	6.56e-04	4.50e-06	0.00e+00
 4.67055e+22	1.68e-09	2.62e-05	1.07e-02	1.68e-01	5.27e-01	2.65e-01	2.49e-02	3.78e-03	5.48e-04	3.54e-06	0.00e+00
 4.71006e+22	2.32e-09	3.36e-05	1.27e-02	1.83e-01	5.32e-01	2.47e-01	2.17e-02	3.19e-03	4.35e-04	2.59e-06	0.00e+00
 4.75000e+22	2.99e-09	4.06e-05	1.45e-02	1.96e-01	5.34e-01	2.33e-01	1.94e-02	2.79e-03	3.61e-04	2.02e-06	0.00e+00
 4.79047e+22	4.14e-09	5.20e-05	1.71e-02	2.13e-01	5.35e-01	2.16e-01	1.67e-02	2.33e-03	2.83e-04	1.46e-06	0.00e+00
 4.83147e+22	5.35e-09	6.30e-05	1.95e-02	2.27e-01	5.34e-01	2.03e-01	1.48e-02	2.02e-03	2.33e-04	1.13e-06	0.00e+00
 4.87316e+22	7.43e-09	8.06e-05	2.30e-02	2.45e-01	5.31e-01	1.86e-01	1.26e-02	1.68e-03	1.80e-04	8.03e-07	0.00e+00
 4.91402e+22	9.45e-09	9.64e-05	2.60e-02	2.59e-01	5.28e-01	1.74e-01	1.12e-02	1.46e-03	1.49e-04	6.23e-07	0.00e+00
 4.95380e+22	1.29e-08	1.22e-04	3.03e-02	2.78e-01	5.22e-01	1.59e-01	9.52e-03	1.21e-03	1.16e-04	4.47e-07	0.00e+00
 4.99220e+22	1.60e-08	1.43e-04	3.37e-02	2.91e-01	5.17e-01	1.49e-01	8.49e-03	1.06e-03	9.67e-05	3.53e-07	0.00e+00
 5.02880e+22	2.10e-08	1.75e-04	3.85e-02	3.08e-01	5.08e-01	1.36e-01	7.32e-03	8.96e-04	7.67e-05	2.60e-07	0.00e+00
 5.06563e+22	2.61e-08	2.05e-04	4.28e-02	3.22e-01	5.01e-01	1.27e-01	6.49e-03	7.80e-04	6.36e-05	2.04e-07	0.00e+00
 5.10276e+22	3.42e-08	2.50e-04	4.88e-02	3.39e-01	4.90e-01	1.16e-01	5.55e-03	6.53e-04	5.00e-05	1.49e-07	0.00e+00
 5.14060e+22	4.28e-08	2.95e-04	5.43e-02	3.54e-01	4.80e-01	1.07e-01	4.87e-03	5.63e-04	4.09e-05	0.00e+00	0.00e+00
 5.17937e+22	5.65e-08	3.61e-04	6.19e-02	3.71e-01	4.66e-01	9.60e-02	4.12e-03	4.66e-04	3.16e-05	0.00e+00	0.00e+00
 5.21849e+22	7.06e-08	4.25e-04	6.87e-02	3.85e-01	4.54e-01	8.79e-02	3.59e-03	3.98e-04	2.56e-05	0.00e+00	0.00e+00
 5.25287e+22	8.77e-08	4.98e-04	7.59e-02	3.99e-01	4.41e-01	8.05e-02	3.13e-03	3.41e-04	2.08e-05	0.00e+00	0.00e+00
 5.29238e+22	1.15e-07	6.07e-04	8.60e-02	4.15e-01	4.24e-01	7.17e-02	2.62e-03	2.79e-04	1.59e-05	0.00e+00	0.00e+00
 5.33064e+22	1.41e-07	7.00e-04	9.41e-02	4.27e-01	4.10e-01	6.56e-02	2.29e-03	2.40e-04	1.30e-05	0.00e+00	0.00e+00
 5.36111e+22	1.69e-07	7.98e-04	1.02e-01	4.37e-01	3.98e-01	6.04e-02	2.02e-03	2.09e-04	1.08e-05	0.00e+00	0.00e+00
 5.39457e+22	2.10e-07	9.34e-04	1.12e-01	4.48e-01	3.82e-01	5.44e-02	1.74e-03	1.75e-04	8.60e-06	0.00e+00	0.00e+00
 5.42861e+22	2.52e-07	1.06e-03	1.22e-01	4.57e-01	3.68e-01	4.97e-02	1.52e-03	1.51e-04	7.06e-06	0.00e+00	0.00e+00
 5.45864e+22	3.00e-07	1.20e-03	1.31e-01	4.66e-01	3.55e-01	4.55e-02	1.34e-03	1.31e-04	5.84e-06	0.00e+00	0.00e+00
 5.49292e+22	3.73e-07	1.41e-03	1.44e-01	4.75e-01	3.38e-01	4.06e-02	1.14e-03	1.09e-04	4.58e-06	0.00e+00	0.00e+00
 5.52761e+22	4.47e-07	1.60e-03	1.56e-01	4.82e-01	3.23e-01	3.68e-02	9.91e-04	9.29e-05	3.73e-06	0.00e+00	0.00e+00
 5.55802e+22	5.31e-07	1.80e-03	1.67e-01	4.88e-01	3.09e-01	3.34e-02	8.65e-04	7.97e-05	3.05e-06	0.00e+00	0.00e+00
 5.59275e+22	6.61e-07	2.10e-03	1.83e-01	4.94e-01	2.91e-01	2.94e-02	7.26e-04	6.52e-05	2.35e-06	0.00e+00	0.00e+00
 5.62776e+22	7.82e-07	2.37e-03	1.96e-01	4.98e-01	2.77e-01	2.65e-02	6.32e-04	5.56e-05	1.92e-06	0.00e+00	0.00e+00
 5.65756e+22	9.16e-07	2.64e-03	2.09e-01	5.00e-01	2.64e-01	2.40e-02	5.53e-04	4.77e-05	1.58e-06	0.00e+00	0.00e+00
 5.69071e+22	1.11e-06	3.02e-03	2.25e-01	5.02e-01	2.48e-01	2.12e-02	4.68e-04	3.94e-05	1.23e-06	0.00e+00	0.00e+00
 5.72588e+22	1.32e-06	3.40e-03	2.41e-01	5.03e-01	2.33e-01	1.89e-02	4.01e-04	3.30e-05	9.84e-07	0.00e+00	0.00e+00
 5.75849e+22	1.58e-06	3.84e-03	2.57e-01	5.03e-01	2.19e-01	1.67e-02	3.42e-04	2.75e-05	7.80e-07	0.00e+00	0.00e+00
 5.79078e+22	1.86e-06	4.29e-03	2.74e-01	5.01e-01	2.05e-01	1.49e-02	2.94e-04	2.30e-05	6.24e-07	0.00e+00	0.00e+00
 5.82786e+22	2.29e-06	4.95e-03	2.96e-01	4.98e-01	1.89e-01	1.27e-02	2.41e-04	1.83e-05	4.67e-07	0.00e+00	0.00e+00
 5.86565e+22	2.72e-06	5.56e-03	3.14e-01	4.94e-01	1.75e-01	1.11e-02	2.03e-04	1.50e-05	3.64e-07	0.00e+00	0.00e+00
 5.90436e+22	3.37e-06	6.43e-03	3.39e-01	4.86e-01	1.59e-01	9.38e-03	1.63e-04	1.16e-05	2.65e-07	0.00e+00	0.00e+00
 5.94324e+22	3.98e-06	7.18e-03	3.59e-01	4.80e-01	1.46e-01	8.16e-03	1.37e-04	9.47e-06	2.06e-07	0.00e+00	0.00e+00
 5.98232e+22	4.87e-06	8.21e-03	3.84e-01	4.69e-01	1.32e-01	6.85e-03	1.10e-04	7.32e-06	1.50e-07	0.00e+00	0.00e+00
 6.02276e+22	5.80e-06	9.21e-03	4.06e-01	4.59e-01	1.20e-01	5.85e-03	9.08e-05	5.82e-06	0.00e+00	0.00e+00	0.00e+00
 6.05928e+22	6.85e-06	1.03e-02	4.27e-01	4.48e-01	1.09e-01	5.00e-03	7.51e-05	4.65e-06	0.00e+00	0.00e+00	0.00e+00
 6.10109e+22	8.46e-06	1.18e-02	4.55e-01	4.33e-01	9.61e-02	4.07e-03	5.86e-05	3.46e-06	0.00e+00	0.00e+00	0.00e+00
 6.14348e+22	9.99e-06	1.31e-02	4.78e-01	4.19e-01	8.65e-02	3.44e-03	4.79e-05	2.72e-06	0.00e+00	0.00e+00	0.00e+00
 6.17565e+22	1.13e-05	1.42e-02	4.94e-01	4.09e-01	7.97e-02	3.03e-03	4.11e-05	2.27e-06	0.00e+00	0.00e+00	0.00e+00
 6.20653e+22	1.31e-05	1.55e-02	5.14e-01	3.95e-01	7.21e-02	2.59e-03	3.41e-05	1.81e-06	0.00e+00	0.00e+00	0.00e+00
 6.23803e+22	1.47e-05	1.68e-02	5.31e-01	3.84e-01	6.62e-02	2.27e-03	2.92e-05	1.50e-06	0.00e+00	0.00e+00	0.00e+00
 6.27034e+22	1.71e-05	1.84e-02	5.51e-01	3.69e-01	5.92e-02	1.91e-03	2.39e-05	1.18e-06	0.00e+00	0.00e+00	0.00e+00
 6.30283e+22	1.93e-05	1.98e-02	5.68e-01	3.57e-01	5.40e-02	1.66e-03	2.03e-05	9.69e-07	0.00e+00	0.00e+00	0.00e+00
 6.33557e+22	2.23e-05	2.17e-02	5.87e-01	3.41e-01	4.80e-02	1.39e-03	1.65e-05	7.55e-07	0.00e+00	0.00e+00	0.00e+00
 6.36879e+22	2.52e-05	2.34e-02	6.04e-01	3.28e-01	4.35e-02	1.20e-03	1.39e-05	6.12e-07	0.00e+00	0.00e+00	0.00e+00
 6.40265e+22	2.93e-05	2.56e-02	6.23e-01	3.12e-01	3.83e-02	9.95e-04	1.12e-05	4.70e-07	0.00e+00	0.00e+00	0.00e+00
 6.43692e+22	3.30e-05	2.75e-02	6.39e-01	2.99e-01	3.44e-02	8.51e-04	9.34e-06	3.77e-07	0.00e+00	0.00e+00	0.00e+00
 6.47174e+22	3.83e-05	3.00e-02	6.57e-01	2.82e-01	3.00e-02	6.99e-04	7.45e-06	2.86e-07	0.00e+00	0.00e+00	0.00e+00
 6.50714e+22	4.33e-05	3.23e-02	6.72e-01	2.68e-01	2.67e-02	5.91e-04	6.15e-06	2.26e-07	0.00e+00	0.00e+00	0.00e+00
 6.54331e+22	5.03e-05	3.52e-02	6.90e-01	2.51e-01	2.30e-02	4.79e-04	4.83e-06	1.68e-07	0.00e+00	0.00e+00	0.00e+00
 6.58012e+22	5.68e-05	3.78e-02	7.04e-01	2.38e-01	2.03e-02	4.01e-04	3.95e-06	1.32e-07	0.00e+00	0.00e+00	0.00e+00
 6.61779e+22	6.61e-05	4.13e-02	7.20e-01	2.21e-01	1.73e-02	3.21e-04	3.06e-06	0.00e+00	0.00e+00	0.00e+00	0.00e+00
 6.65632e+22	7.50e-05	4.44e-02	7.33e-01	2.08e-01	1.51e-02	2.65e-04	2.47e-06	0.00e+00	0.00e+00	0.00e+00	0.00e+00
 6.69597e+22	8.78e-05	4.85e-02	7.47e-01	1.91e-01	1.27e-02	2.08e-04	1.87e-06	0.00e+00	0.00e+00	0.00e+00	0.00e+00
 6.73618e+22	9.95e-05	5.20e-02	7.58e-01	1.78e-01	1.10e-02	1.71e-04	1.49e-06	0.00e+00	0.00e+00	0.00e+00	0.00e+00
 6.77711e+22	1.16e-04	5.67e-02	7.71e-01	1.63e-01	9.12e-03	1.33e-04	1.12e-06	0.00e+00	0.00e+00	0.00e+00	0.00e+00
 6.81864e+22	1.32e-04	6.08e-02	7.80e-01	1.51e-01	7.83e-03	1.08e-04	8.86e-07	0.00e+00	0.00e+00	0.00e+00	0.00e+00
 6.86095e+22	1.55e-04	6.63e-02	7.90e-01	1.37e-01	6.41e-03	8.29e-05	6.55e-07	0.00e+00	0.00e+00	0.00e+00	0.00e+00
 6.90394e+22	1.76e-04	7.11e-02	7.97e-01	1.26e-01	5.44e-03	6.67e-05	5.10e-07	0.00e+00	0.00e+00	0.00e+00	0.00e+00
 6.94780e+22	2.07e-04	7.75e-02	8.05e-01	1.13e-01	4.40e-03	5.05e-05	3.71e-07	0.00e+00	0.00e+00	0.00e+00	0.00e+00
 6.99248e+22	2.36e-04	8.30e-02	8.10e-01	1.03e-01	3.69e-03	4.02e-05	2.85e-07	0.00e+00	0.00e+00	0.00e+00	0.00e+00
 7.03822e+22	2.79e-04	9.06e-02	8.15e-01	9.14e-02	2.93e-03	2.99e-05	2.03e-07	0.00e+00	0.00e+00	0.00e+00	0.00e+00
 7.08467e+22	3.18e-04	9.71e-02	8.17e-01	8.28e-02	2.44e-03	2.36e-05	1.54e-07	0.00e+00	0.00e+00	0.00e+00	0.00e+00
 7.13205e+22	3.77e-04	1.06e-01	8.19e-01	7.26e-02	1.91e-03	1.73e-05	0.00e+00	0.00e+00	0.00e+00	0.00e+00	0.00e+00
 7.18083e+22	4.34e-04	1.14e-01	8.19e-01	6.51e-02	1.56e-03	1.34e-05	0.00e+00	0.00e+00	0.00e+00	0.00e+00	0.00e+00
 7.23145e+22	5.22e-04	1.25e-01	8.17e-01	5.60e-02	1.19e-03	9.56e-06	0.00e+00	0.00e+00	0.00e+00	0.00e+00	0.00e+00
 7.28327e+22	6.02e-04	1.34e-01	8.15e-01	4.96e-02	9.62e-04	7.34e-06	0.00e+00	0.00e+00	0.00e+00	0.00e+00	0.00e+00
 7.33668e+22	7.31e-04	1.47e-01	8.09e-01	4.19e-02	7.18e-04	5.10e-06	0.00e+00	0.00e+00	0.00e+00	0.00e+00	0.00e+00
 7.39192e+22	8.56e-04	1.59e-01	8.03e-01	3.64e-02	5.64e-04	3.80e-06	0.00e+00	0.00e+00	0.00e+00	0.00e+00	0.00e+00
 7.44956e+22	1.05e-03	1.76e-01	7.93e-01	3.00e-02	4.09e-04	2.55e-06	0.00e+00	0.00e+00	0.00e+00	0.00e+00	0.00e+00
 7.50972e+22	1.26e-03	1.91e-01	7.82e-01	2.54e-02	3.11e-04	1.82e-06	0.00e+00	0.00e+00	0.00e+00	0.00e+00	0.00e+00
 7.57182e+22	1.57e-03	2.11e-01	7.66e-01	2.03e-02	2.18e-04	1.18e-06	0.00e+00	0.00e+00	0.00e+00	0.00e+00	0.00e+00
 7.62565e+22	1.79e-03	2.25e-01	7.55e-01	1.79e-02	1.79e-04	9.20e-07	0.00e+00	0.00e+00	0.00e+00	0.00e+00	0.00e+00
 7.67004e+22	2.11e-03	2.41e-01	7.42e-01	1.50e-02	1.38e-04	6.64e-07	0.00e+00	0.00e+00	0.00e+00	0.00e+00	0.00e+00
 7.71698e+22	2.45e-03	2.57e-01	7.27e-01	1.28e-02	1.08e-04	4.91e-07	0.00e+00	0.00e+00	0.00e+00	0.00e+00	0.00e+00
 7.76725e+22	2.96e-03	2.79e-01	7.08e-01	1.03e-02	7.94e-05	3.29e-07	0.00e+00	0.00e+00	0.00e+00	0.00e+00	0.00e+00
 7.81840e+22	3.47e-03	2.98e-01	6.90e-01	8.53e-03	6.13e-05	2.34e-07	0.00e+00	0.00e+00	0.00e+00	0.00e+00	0.00e+00
 7.87068e+22	4.25e-03	3.22e-01	6.67e-01	6.62e-03	4.36e-05	1.49e-07	0.00e+00	0.00e+00	0.00e+00	0.00e+00	0.00e+00
 7.92505e+22	5.08e-03	3.45e-01	6.45e-01	5.22e-03	3.22e-05	0.00e+00	0.00e+00	0.00e+00	0.00e+00	0.00e+00	0.00e+00
 7.96817e+22	5.85e-03	3.63e-01	6.27e-01	4.28e-03	2.52e-05	0.00e+00	0.00e+00	0.00e+00	0.00e+00	0.00e+00	0.00e+00
 8.00433e+22	6.62e-03	3.80e-01	6.10e-01	3.54e-03	2.01e-05	0.00e+00	0.00e+00	0.00e+00	0.00e+00	0.00e+00	0.00e+00
 8.04537e+22	7.81e-03	4.01e-01	5.88e-01	2.73e-03	1.48e-05	0.00e+00	0.00e+00	0.00e+00	0.00e+00	0.00e+00	0.00e+00
 8.08876e+22	9.09e-03	4.21e-01	5.68e-01	2.10e-03	1.11e-05	0.00e+00	0.00e+00	0.00e+00	0.00e+00	0.00e+00	0.00e+00
 8.12713e+22	1.04e-02	4.38e-01	5.50e-01	1.62e-03	8.36e-06	0.00e+00	0.00e+00	0.00e+00	0.00e+00	0.00e+00	0.00e+00
 8.16223e+22	1.18e-02	4.53e-01	5.34e-01	1.25e-03	6.37e-06	0.00e+00	0.00e+00	0.00e+00	0.00e+00	0.00e+00	0.00e+00
 8.19506e+22	1.34e-02	4.67e-01	5.19e-01	9.58e-04	4.86e-06	0.00e+00	0.00e+00	0.00e+00	0.00e+00	0.00e+00	0.00e+00
 8.22551e+22	1.50e-02	4.79e-01	5.06e-01	7.35e-04	3.73e-06	0.00e+00	0.00e+00	0.00e+00	0.00e+00	0.00e+00	0.00e+00
 8.25320e+22	1.66e-02	4.88e-01	4.95e-01	5.68e-04	2.90e-06	0.00e+00	0.00e+00	0.00e+00	0.00e+00	0.00e+00	0.00e+00
 8.27829e+22	1.82e-02	4.95e-01	4.87e-01	4.43e-04	2.29e-06	0.00e+00	0.00e+00	0.00e+00	0.00e+00	0.00e+00	0.00e+00
 8.30111e+22	1.98e-02	5.00e-01	4.80e-01	3.50e-04	1.83e-06	0.00e+00	0.00e+00	0.00e+00	0.00e+00	0.00e+00	0.00e+00
 8.32190e+22	2.13e-02	5.03e-01	4.76e-01	2.81e-04	1.49e-06	0.00e+00	0.00e+00	0.00e+00	0.00e+00	0.00e+00	0.00e+00
 8.33504e+22	2.20e-02	5.02e-01	4.76e-01	2.50e-04	1.34e-06	0.00e+00	0.00e+00	0.00e+00	0.00e+00	0.00e+00	0.00e+00
 8.34002e+22	2.24e-02	5.02e-01	4.76e-01	2.38e-04	1.28e-06	0.00e+00	0.00e+00	0.00e+00	0.00e+00	0.00e+00	0.00e+00
 8.34402e+22	2.27e-02	5.02e-01	4.75e-01	2.28e-04	1.23e-06	0.00e+00	0.00e+00	0.00e+00	0.00e+00	0.00e+00	0.00e+00
 8.34919e+22	2.32e-02	5.02e-01	4.74e-01	2.15e-04	1.16e-06	0.00e+00	0.00e+00	0.00e+00	0.00e+00	0.00e+00	0.00e+00
 8.35538e+22	2.38e-02	5.03e-01	4.73e-01	2.01e-04	1.09e-06	0.00e+00	0.00e+00	0.00e+00	0.00e+00	0.00e+00	0.00e+00
 8.36166e+22	2.44e-02	5.03e-01	4.72e-01	1.88e-04	1.03e-06	0.00e+00	0.00e+00	0.00e+00	0.00e+00	0.00e+00	0.00e+00
 8.36748e+22	2.48e-02	5.02e-01	4.73e-01	1.78e-04	9.78e-07	0.00e+00	0.00e+00	0.00e+00	0.00e+00	0.00e+00	0.00e+00
 8.37343e+22	2.54e-02	5.02e-01	4.72e-01	1.67e-04	9.24e-07	0.00e+00	0.00e+00	0.00e+00	0.00e+00	0.00e+00	0.00e+00
 8.37966e+22	2.60e-02	5.02e-01	4.72e-01	1.57e-04	8.72e-07	0.00e+00	0.00e+00	0.00e+00	0.00e+00	0.00e+00	0.00e+00
 8.38580e+22	2.66e-02	5.02e-01	4.72e-01	1.48e-04	8.27e-07	0.00e+00	0.00e+00	0.00e+00	0.00e+00	0.00e+00	0.00e+00
 8.39200e+22	2.72e-02	5.01e-01	4.72e-01	1.39e-04	7.83e-07	0.00e+00	0.00e+00	0.00e+00	0.00e+00	0.00e+00	0.00e+00
 8.39846e+22	2.78e-02	5.00e-01	4.72e-01	1.31e-04	7.42e-07	0.00e+00	0.00e+00	0.00e+00	0.00e+00	0.00e+00	0.00e+00
 8.40515e+22	2.84e-02	4.99e-01	4.73e-01	1.23e-04	7.03e-07	0.00e+00	0.00e+00	0.00e+00	0.00e+00	0.00e+00	0.00e+00
 8.41207e+22	2.91e-02	4.98e-01	4.73e-01	1.15e-04	6.65e-07	0.00e+00	0.00e+00	0.00e+00	0.00e+00	0.00e+00	0.00e+00
 8.41910e+22	2.97e-02	4.96e-01	4.74e-01	1.09e-04	6.31e-07	0.00e+00	0.00e+00	0.00e+00	0.00e+00	0.00e+00	0.00e+00
 8.42630e+22	3.04e-02	4.94e-01	4.75e-01	1.02e-04	5.99e-07	0.00e+00	0.00e+00	0.00e+00	0.00e+00	0.00e+00	0.00e+00
 8.43376e+22	3.11e-02	4.92e-01	4.77e-01	9.64e-05	5.69e-07	0.00e+00	0.00e+00	0.00e+00	0.00e+00	0.00e+00	0.00e+00
 8.43974e+22	3.14e-02	4.90e-01	4.78e-01	9.26e-05	5.50e-07	0.00e+00	0.00e+00	0.00e+00	0.00e+00	0.00e+00	0.00e+00
 8.44366e+22	3.17e-02	4.89e-01	4.79e-01	9.00e-05	5.38e-07	0.00e+00	0.00e+00	0.00e+00	0.00e+00	0.00e+00	0.00e+00
 8.44732e+22	3.21e-02	4.88e-01	4.80e-01	8.76e-05	5.26e-07	0.00e+00	0.00e+00	0.00e+00	0.00e+00	0.00e+00	0.00e+00
 8.45169e+22	3.26e-02	4.87e-01	4.80e-01	8.48e-05	5.11e-07	0.00e+00	0.00e+00	0.00e+00	0.00e+00	0.00e+00	0.00e+00
 8.45651e+22	3.30e-02	4.86e-01	4.81e-01	8.20e-05	4.97e-07	0.00e+00	0.00e+00	0.00e+00	0.00e+00	0.00e+00	0.00e+00
 8.46120e+22	3.35e-02	4.85e-01	4.81e-01	7.95e-05	4.85e-07	0.00e+00	0.00e+00	0.00e+00	0.00e+00	0.00e+00	0.00e+00
 8.46573e+22	3.38e-02	4.84e-01	4.82e-01	7.73e-05	4.74e-07	0.00e+00	0.00e+00	0.00e+00	0.00e+00	0.00e+00	0.00e+00
 8.47038e+22	3.43e-02	4.83e-01	4.83e-01	7.49e-05	4.62e-07	0.00e+00	0.00e+00	0.00e+00	0.00e+00	0.00e+00	0.00e+00
 8.47518e+22	3.49e-02	4.82e-01	4.83e-01	7.27e-05	4.51e-07	0.00e+00	0.00e+00	0.00e+00	0.00e+00	0.00e+00	0.00e+00
 8.47996e+22	3.53e-02	4.81e-01	4.83e-01	7.06e-05	4.41e-07	0.00e+00	0.00e+00	0.00e+00	0.00e+00	0.00e+00	0.00e+00
 8.48477e+22	3.59e-02	4.80e-01	4.84e-01	6.86e-05	4.31e-07	0.00e+00	0.00e+00	0.00e+00	0.00e+00	0.00e+00	0.00e+00
 8.48974e+22	3.64e-02	4.80e-01	4.84e-01	6.67e-05	4.21e-07	0.00e+00	0.00e+00	0.00e+00	0.00e+00	0.00e+00	0.00e+00
 8.49486e+22	3.70e-02	4.79e-01	4.84e-01	6.48e-05	4.12e-07	0.00e+00	0.00e+00	0.00e+00	0.00e+00	0.00e+00	0.00e+00
 8.50008e+22	3.76e-02	4.78e-01	4.84e-01	6.29e-05	4.03e-07	0.00e+00	0.00e+00	0.00e+00	0.00e+00	0.00e+00	0.00e+00
 8.50539e+22	3.83e-02	4.78e-01	4.84e-01	6.11e-05	3.94e-07	0.00e+00	0.00e+00	0.00e+00	0.00e+00	0.00e+00	0.00e+00
 8.51072e+22	3.89e-02	4.78e-01	4.83e-01	5.94e-05	3.85e-07	0.00e+00	0.00e+00	0.00e+00	0.00e+00	0.00e+00	0.00e+00
 8.51617e+22	3.96e-02	4.78e-01	4.83e-01	5.77e-05	3.77e-07	0.00e+00	0.00e+00	0.00e+00	0.00e+00	0.00e+00	0.00e+00
 8.52185e+22	4.04e-02	4.78e-01	4.82e-01	5.61e-05	3.69e-07	0.00e+00	0.00e+00	0.00e+00	0.00e+00	0.00e+00	0.00e+00
 8.52771e+22	4.13e-02	4.78e-01	4.81e-01	5.44e-05	3.60e-07	0.00e+00	0.00e+00	0.00e+00	0.00e+00	0.00e+00	0.00e+00
 8.53364e+22	4.21e-02	4.78e-01	4.80e-01	5.28e-05	3.53e-07	0.00e+00	0.00e+00	0.00e+00	0.00e+00	0.00e+00	0.00e+00
 8.53969e+22	4.31e-02	4.78e-01	4.78e-01	5.13e-05	3.45e-07	0.00e+00	0.00e+00	0.00e+00	0.00e+00	0.00e+00	0.00e+00
 8.54598e+22	4.41e-02	4.79e-01	4.77e-01	4.98e-05	3.37e-07	0.00e+00	0.00e+00	0.00e+00	0.00e+00	0.00e+00	0.00e+00
 8.55245e+22	4.52e-02	4.80e-01	4.75e-01	4.82e-05	3.30e-07	0.00e+00	0.00e+00	0.00e+00	0.00e+00	0.00e+00	0.00e+00
 8.55905e+22	4.64e-02	4.81e-01	4.73e-01	4.68e-05	3.22e-07	0.00e+00	0.00e+00	0.00e+00	0.00e+00	0.00e+00	0.00e+00
 8.56587e+22	4.76e-02	4.82e-01	4.70e-01	4.53e-05	3.15e-07	0.00e+00	0.00e+00	0.00e+00	0.00e+00	0.00e+00	0.00e+00
 8.57288e+22	4.89e-02	4.84e-01	4.67e-01	4.39e-05	3.07e-07	0.00e+00	0.00e+00	0.00e+00	0.00e+00	0.00e+00	0.00e+00
 8.58011e+22	5.04e-02	4.85e-01	4.64e-01	4.25e-05	3.00e-07	0.00e+00	0.00e+00	0.00e+00	0.00e+00	0.00e+00	0.00e+00
 8.58756e+22	5.19e-02	4.87e-01	4.61e-01	4.11e-05	2.93e-07	0.00e+00	0.00e+00	0.00e+00	0.00e+00	0.00e+00	0.00e+00
 8.59520e+22	5.36e-02	4.89e-01	4.57e-01	3.97e-05	2.85e-07	0.00e+00	0.00e+00	0.00e+00	0.00e+00	0.00e+00	0.00e+00
 8.60303e+22	5.53e-02	4.91e-01	4.54e-01	3.83e-05	2.78e-07	0.00e+00	0.00e+00	0.00e+00	0.00e+00	0.00e+00	0.00e+00
 8.61104e+22	5.72e-02	4.94e-01	4.49e-01	3.70e-05	2.71e-07	0.00e+00	0.00e+00	0.00e+00	0.00e+00	0.00e+00	0.00e+00
 8.61922e+22	5.92e-02	4.96e-01	4.45e-01	3.57e-05	2.64e-07	0.00e+00	0.00e+00	0.00e+00	0.00e+00	0.00e+00	0.00e+00
 8.62757e+22	6.13e-02	4.99e-01	4.40e-01	3.44e-05	2.57e-07	0.00e+00	0.00e+00	0.00e+00	0.00e+00	0.00e+00	0.00e+00
 8.63598e+22	6.35e-02	5.02e-01	4.35e-01	3.32e-05	2.50e-07	0.00e+00	0.00e+00	0.00e+00	0.00e+00	0.00e+00	0.00e+00
 8.64436e+22	6.58e-02	5.05e-01	4.30e-01	3.21e-05	2.43e-07	0.00e+00	0.00e+00	0.00e+00	0.00e+00	0.00e+00	0.00e+00
 8.65291e+22	6.82e-02	5.08e-01	4.24e-01	3.09e-05	2.36e-07	0.00e+00	0.00e+00	0.00e+00	0.00e+00	0.00e+00	0.00e+00
 8.66174e+22	7.08e-02	5.11e-01	4.19e-01	2.98e-05	2.29e-07	0.00e+00	0.00e+00	0.00e+00	0.00e+00	0.00e+00	0.00e+00
 8.67067e+22	7.35e-02	5.14e-01	4.13e-01	2.87e-05	2.23e-07	0.00e+00	0.00e+00	0.00e+00	0.00e+00	0.00e+00	0.00e+00
 8.67965e+22	7.62e-02	5.17e-01	4.07e-01	2.76e-05	2.16e-07	0.00e+00	0.00e+00	0.00e+00	0.00e+00	0.00e+00	0.00e+00
 8.68889e+22	7.93e-02	5.20e-01	4.00e-01	2.66e-05	2.10e-07	0.00e+00	0.00e+00	0.00e+00	0.00e+00	0.00e+00	0.00e+00
 8.69842e+22	8.26e-02	5.24e-01	3.93e-01	2.55e-05	2.03e-07	0.00e+00	0.00e+00	0.00e+00	0.00e+00	0.00e+00	0.00e+00
 8.70807e+22	8.60e-02	5.27e-01	3.87e-01	2.45e-05	1.96e-07	0.00e+00	0.00e+00	0.00e+00	0.00e+00	0.00e+00	0.00e+00
 8.71783e+22	8.98e-02	5.31e-01	3.79e-01	2.35e-05	1.89e-07	0.00e+00	0.00e+00	0.00e+00	0.00e+00	0.00e+00	0.00e+00
 8.72789e+22	9.39e-02	5.35e-01	3.71e-01	2.26e-05	1.82e-07	0.00e+00	0.00e+00	0.00e+00	0.00e+00	0.00e+00	0.00e+00
 8.73821e+22	9.81e-02	5.38e-01	3.63e-01	2.16e-05	1.75e-07	0.00e+00	0.00e+00	0.00e+00	0.00e+00	0.00e+00	0.00e+00
 8.74839e+22	1.03e-01	5.42e-01	3.56e-01	2.07e-05	1.68e-07	0.00e+00	0.00e+00	0.00e+00	0.00e+00	0.00e+00	0.00e+00
 8.75805e+22	1.07e-01	5.45e-01	3.48e-01	1.96e-05	1.62e-07	0.00e+00	0.00e+00	0.00e+00	0.00e+00	0.00e+00	0.00e+00
 8.76695e+22	1.11e-01	5.48e-01	3.40e-01	1.87e-05	1.56e-07	0.00e+00	0.00e+00	0.00e+00	0.00e+00	0.00e+00	0.00e+00
 8.77521e+22	1.16e-01	5.51e-01	3.33e-01	1.78e-05	1.50e-07	0.00e+00	0.00e+00	0.00e+00	0.00e+00	0.00e+00	0.00e+00
 8.78285e+22	1.20e-01	5.53e-01	3.27e-01	1.70e-05	1.45e-07	0.00e+00	0.00e+00	0.00e+00	0.00e+00	0.00e+00	0.00e+00
 8.79023e+22	1.25e-01	5.56e-01	3.20e-01	1.63e-05	1.40e-07	0.00e+00	0.00e+00	0.00e+00	0.00e+00	0.00e+00	0.00e+00
 8.79763e+22	1.29e-01	5.58e-01	3.14e-01	1.56e-05	1.35e-07	0.00e+00	0.00e+00	0.00e+00	0.00e+00	0.00e+00	0.00e+00
 8.80490e+22	1.34e-01	5.60e-01	3.06e-01	1.48e-05	1.30e-07	0.00e+00	0.00e+00	0.00e+00	0.00e+00	0.00e+00	0.00e+00
 8.81170e+22	1.38e-01	5.61e-01	3.00e-01	1.42e-05	1.26e-07	0.00e+00	0.00e+00	0.00e+00	0.00e+00	0.00e+00	0.00e+00
 8.81804e+22	1.43e-01	5.63e-01	2.94e-01	1.37e-05	0.00e+00	0.00e+00	0.00e+00	0.00e+00	0.00e+00	0.00e+00	0.00e+00
 8.82441e+22	1.47e-01	5.65e-01	2.88e-01	1.31e-05	0.00e+00	0.00e+00	0.00e+00	0.00e+00	0.00e+00	0.00e+00	0.00e+00
 8.83056e+22	1.52e-01	5.66e-01	2.82e-01	1.26e-05	0.00e+00	0.00e+00	0.00e+00	0.00e+00	0.00e+00	0.00e+00	0.00e+00
 8.83636e+22	1.57e-01	5.67e-01	2.76e-01	1.21e-05	0.00e+00	0.00e+00	0.00e+00	0.00e+00	0.00e+00	0.00e+00	0.00e+00
 8.84212e+22	1.62e-01	5.68e-01	2.70e-01	1.16e-05	0.00e+00	0.00e+00	0.00e+00	0.00e+00	0.00e+00	0.00e+00	0.00e+00
 8.84764e+22	1.66e-01	5.69e-01	2.65e-01	1.12e-05	0.00e+00	0.00e+00	0.00e+00	0.00e+00	0.00e+00	0.00e+00	0.00e+00
 8.85284e+22	1.71e-01	5.70e-01	2.59e-01	1.08e-05	0.00e+00	0.00e+00	0.00e+00	0.00e+00	0.00e+00	0.00e+00	0.00e+00
 8.85792e+22	1.76e-01	5.70e-01	2.54e-01	1.04e-05	0.00e+00	0.00e+00	0.00e+00	0.00e+00	0.00e+00	0.00e+00	0.00e+00
 8.86288e+22	1.81e-01	5.71e-01	2.49e-01	1.00e-05	0.00e+00	0.00e+00	0.00e+00	0.00e+00	0.00e+00	0.00e+00	0.00e+00
 8.86754e+22	1.85e-01	5.71e-01	2.43e-01	9.66e-06	0.00e+00	0.00e+00	0.00e+00	0.00e+00	0.00e+00	0.00e+00	0.00e+00
 8.87178e+22	1.90e-01	5.71e-01	2.39e-01	9.35e-06	0.00e+00	0.00e+00	0.00e+00	0.00e+00	0.00e+00	0.00e+00	0.00e+00
 8.87564e+22	1.94e-01	5.71e-01	2.34e-01	9.07e-06	0.00e+00	0.00e+00	0.00e+00	0.00e+00	0.00e+00	0.00e+00	0.00e+00
 8.87915e+22	1.98e-01	5.71e-01	2.30e-01	8.81e-06	0.00e+00	0.00e+00	0.00e+00	0.00e+00	0.00e+00	0.00e+00	0.00e+00
 8.88235e+22	2.02e-01	5.71e-01	2.26e-01	8.59e-06	0.00e+00	0.00e+00	0.00e+00	0.00e+00	0.00e+00	0.00e+00	0.00e+00
 8.88526e+22	2.06e-01	5.71e-01	2.23e-01	8.38e-06	0.00e+00	0.00e+00	0.00e+00	0.00e+00	0.00e+00	0.00e+00	0.00e+00
 8.88790e+22	2.09e-01	5.71e-01	2.20e-01	8.19e-06	0.00e+00	0.00e+00	0.00e+00	0.00e+00	0.00e+00	0.00e+00	0.00e+00
 8.89031e+22	2.13e-01	5.71e-01	2.16e-01	8.02e-06	0.00e+00	0.00e+00	0.00e+00	0.00e+00	0.00e+00	0.00e+00	0.00e+00
 8.89250e+22	2.15e-01	5.71e-01	2.14e-01	7.89e-06	0.00e+00	0.00e+00	0.00e+00	0.00e+00	0.00e+00	0.00e+00	0.00e+00
 8.89490e+22	2.19e-01	5.70e-01	2.11e-01	7.70e-06	0.00e+00	0.00e+00	0.00e+00	0.00e+00	0.00e+00	0.00e+00	0.00e+00
 8.89802e+22	2.23e-01	5.70e-01	2.07e-01	7.47e-06	0.00e+00	0.00e+00	0.00e+00	0.00e+00	0.00e+00	0.00e+00	0.00e+00
 8.90139e+22	2.27e-01	5.69e-01	2.03e-01	7.27e-06	0.00e+00	0.00e+00	0.00e+00	0.00e+00	0.00e+00	0.00e+00	0.00e+00
 8.90446e+22	2.31e-01	5.69e-01	2.00e-01	7.08e-06	0.00e+00	0.00e+00	0.00e+00	0.00e+00	0.00e+00	0.00e+00	0.00e+00
 8.90725e+22	2.35e-01	5.68e-01	1.97e-01	6.92e-06	0.00e+00	0.00e+00	0.00e+00	0.00e+00	0.00e+00	0.00e+00	0.00e+00
 8.91031e+22	2.40e-01	5.68e-01	1.93e-01	6.71e-06	0.00e+00	0.00e+00	0.00e+00	0.00e+00	0.00e+00	0.00e+00	0.00e+00
 8.91361e+22	2.44e-01	5.67e-01	1.89e-01	6.53e-06	0.00e+00	0.00e+00	0.00e+00	0.00e+00	0.00e+00	0.00e+00	0.00e+00
 8.91662e+22	2.48e-01	5.66e-01	1.86e-01	6.36e-06	0.00e+00	0.00e+00	0.00e+00	0.00e+00	0.00e+00	0.00e+00	0.00e+00
 8.91935e+22	2.52e-01	5.65e-01	1.83e-01	6.20e-06	0.00e+00	0.00e+00	0.00e+00	0.00e+00	0.00e+00	0.00e+00	0.00e+00
