#depth	H	H+	H2
 4.62852e+21	2.98e-08	1.00e+00	5.54e-36
 1.04126e+22	5.13e-08	1.00e+00	5.26e-35
 1.21198e+22	7.07e-08	1.00e+00	1.78e-34
 1.29473e+22	8.54e-08	1.00e+00	3.47e-34
 1.32920e+22	8.97e-08	1.00e+00	4.12e-34
 1.34051e+22	9.28e-08	1.00e+00	4.62e-34
 1.34907e+22	9.56e-08	1.00e+00	5.12e-34
 1.35863e+22	9.96e-08	1.00e+00	5.86e-34
 1.36844e+22	1.03e-07	1.00e+00	6.56e-34
 1.37858e+22	1.08e-07	1.00e+00	7.59e-34
 1.38882e+22	1.12e-07	1.00e+00	8.51e-34
 1.39917e+22	1.17e-07	1.00e+00	9.89e-34
 1.40957e+22	1.21e-07	1.00e+00	1.11e-33
 1.42002e+22	1.27e-07	1.00e+00	1.29e-33
 1.43023e+22	1.31e-07	1.00e+00	1.44e-33
 1.44013e+22	1.37e-07	1.00e+00	1.66e-33
 1.45010e+22	1.42e-07	1.00e+00	1.84e-33
 1.46018e+22	1.48e-07	1.00e+00	2.12e-33
 1.47051e+22	1.54e-07	1.00e+00	2.37e-33
 1.48119e+22	1.61e-07	1.00e+00	2.75e-33
 1.49204e+22	1.67e-07	1.00e+00	3.07e-33
 1.50312e+22	1.75e-07	1.00e+00	3.55e-33
 1.51449e+22	1.81e-07	1.00e+00	3.98e-33
 1.52626e+22	1.90e-07	1.00e+00	4.62e-33
 1.53801e+22	1.97e-07	1.00e+00	5.17e-33
 1.54974e+22	2.06e-07	1.00e+00	5.97e-33
 1.56172e+22	2.14e-07	1.00e+00	6.67e-33
 1.57404e+22	2.24e-07	1.00e+00	7.73e-33
 1.58596e+22	2.31e-07	1.00e+00	8.52e-33
 1.59738e+22	2.41e-07	1.00e+00	9.71e-33
 1.60913e+22	2.49e-07	1.00e+00	1.08e-32
 1.62130e+22	2.60e-07	1.00e+00	1.24e-32
 1.63363e+22	2.68e-07	1.00e+00	1.37e-32
 1.64616e+22	2.80e-07	1.00e+00	1.56e-32
 1.65858e+22	2.89e-07	1.00e+00	1.73e-32
 1.67087e+22	3.01e-07	1.00e+00	1.97e-32
 1.68329e+22	3.10e-07	1.00e+00	2.17e-32
 1.69586e+22	3.23e-07	1.00e+00	2.47e-32
 1.70868e+22	3.33e-07	1.00e+00	2.73e-32
 1.72181e+22	3.47e-07	1.00e+00	3.12e-32
 1.73517e+22	3.58e-07	1.00e+00	1.70e-32
 1.74885e+22	3.73e-07	1.00e+00	1.94e-32
 1.76279e+22	3.85e-07	1.00e+00	2.15e-32
 1.77706e+22	4.02e-07	1.00e+00	2.47e-32
 1.79100e+22	4.13e-07	1.00e+00	2.71e-32
 1.80453e+22	4.30e-07	1.00e+00	3.09e-32
 1.81827e+22	4.42e-07	1.00e+00	3.40e-32
 1.83228e+22	4.59e-07	1.00e+00	3.86e-32
 1.84674e+22	4.74e-07	1.00e+00	4.28e-32
 1.86176e+22	4.92e-07	1.00e+00	4.87e-32
 1.87727e+22	5.09e-07	1.00e+00	5.44e-32
 1.89343e+22	5.29e-07	1.00e+00	6.24e-32
 1.91002e+22	5.47e-07	1.00e+00	7.00e-32
 1.92720e+22	5.70e-07	1.00e+00	8.09e-32
 1.94494e+22	5.91e-07	1.00e+00	9.13e-32
 1.96342e+22	6.17e-07	1.00e+00	1.06e-31
 1.98239e+22	6.39e-07	1.00e+00	1.21e-31
 1.99943e+22	6.61e-07	1.00e+00	1.37e-31
 2.01901e+22	6.94e-07	1.00e+00	1.61e-31
 2.03871e+22	7.17e-07	1.00e+00	1.82e-31
 2.05856e+22	7.51e-07	1.00e+00	2.14e-31
 2.07884e+22	7.80e-07	1.00e+00	2.44e-31
 2.09966e+22	8.19e-07	1.00e+00	2.75e-31
 2.12081e+22	8.51e-07	1.00e+00	3.15e-31
 2.14238e+22	8.97e-07	1.00e+00	3.76e-31
 2.16276e+22	9.28e-07	1.00e+00	4.21e-31
 2.18161e+22	9.73e-07	1.00e+00	4.92e-31
 2.20061e+22	1.01e-06	1.00e+00	5.51e-31
 2.21983e+22	1.06e-06	1.00e+00	6.45e-31
 2.23922e+22	1.10e-06	1.00e+00	7.25e-31
 2.25884e+22	1.16e-06	1.00e+00	8.48e-31
 2.27873e+22	1.21e-06	1.00e+00	9.56e-31
 2.29896e+22	1.27e-06	1.00e+00	1.12e-30
 2.31947e+22	1.33e-06	1.00e+00	1.26e-30
 2.34032e+22	1.41e-06	1.00e+00	1.48e-30
 2.36161e+22	1.48e-06	1.00e+00	1.68e-30
 2.38348e+22	1.57e-06	1.00e+00	1.97e-30
 2.40580e+22	1.66e-06	1.00e+00	2.23e-30
 2.42802e+22	1.77e-06	1.00e+00	2.60e-30
 2.44924e+22	1.85e-06	1.00e+00	2.90e-30
 2.46981e+22	1.97e-06	1.00e+00	3.33e-30
 2.49066e+22	2.08e-06	1.00e+00	3.71e-30
 2.51105e+22	2.21e-06	1.00e+00	4.21e-30
 2.53186e+22	2.33e-06	1.00e+00	4.68e-30
 2.55212e+22	2.48e-06	1.00e+00	5.20e-30
 2.57281e+22	2.62e-06	1.00e+00	5.75e-30
 2.59328e+22	2.78e-06	1.00e+00	6.36e-30
 2.61386e+22	2.95e-06	1.00e+00	7.02e-30
 2.63421e+22	3.12e-06	1.00e+00	7.74e-30
 2.65451e+22	3.31e-06	1.00e+00	8.51e-30
 2.67486e+22	3.50e-06	1.00e+00	9.37e-30
 2.69528e+22	3.71e-06	1.00e+00	1.03e-29
 2.71582e+22	3.93e-06	1.00e+00	1.14e-29
 2.73655e+22	4.17e-06	1.00e+00	1.27e-29
 2.75752e+22	4.42e-06	1.00e+00	1.41e-29
 2.77859e+22	4.67e-06	1.00e+00	1.58e-29
 2.80001e+22	4.96e-06	1.00e+00	1.78e-29
 2.82168e+22	5.25e-06	1.00e+00	2.08e-29
 2.84376e+22	5.57e-06	1.00e+00	2.39e-29
 2.86431e+22	5.85e-06	1.00e+00	2.70e-29
 2.88545e+22	6.22e-06	1.00e+00	3.17e-29
 2.90692e+22	6.52e-06	1.00e+00	3.65e-29
 2.92891e+22	6.95e-06	1.00e+00	4.39e-29
 2.95101e+22	7.28e-06	1.00e+00	5.09e-29
 2.97327e+22	7.75e-06	1.00e+00	6.23e-29
 2.99565e+22	8.12e-06	1.00e+00	7.31e-29
 3.01820e+22	8.64e-06	1.00e+00	9.06e-29
 3.04094e+22	9.05e-06	1.00e+00	1.08e-28
 3.06392e+22	9.62e-06	1.00e+00	1.35e-28
 3.08719e+22	1.01e-05	1.00e+00	1.61e-28
 3.11083e+22	1.07e-05	1.00e+00	2.05e-28
 3.13486e+22	1.12e-05	1.00e+00	2.47e-28
 3.15939e+22	1.20e-05	1.00e+00	3.18e-28
 3.18443e+22	1.26e-05	1.00e+00	3.89e-28
 3.21013e+22	1.34e-05	1.00e+00	5.06e-28
 3.23648e+22	1.41e-05	1.00e+00	6.25e-28
 3.26367e+22	1.51e-05	1.00e+00	8.28e-28
 3.28925e+22	1.57e-05	1.00e+00	9.92e-28
 3.31273e+22	1.66e-05	1.00e+00	1.26e-27
 3.33602e+22	1.73e-05	1.00e+00	1.50e-27
 3.35906e+22	1.83e-05	1.00e+00	1.90e-27
 3.38224e+22	1.90e-05	1.00e+00	2.28e-27
 3.40560e+22	2.01e-05	1.00e+00	2.88e-27
 3.42939e+22	2.09e-05	1.00e+00	3.46e-27
 3.45370e+22	2.22e-05	1.00e+00	4.41e-27
 3.47836e+22	2.31e-05	1.00e+00	5.33e-27
 3.50346e+22	2.45e-05	1.00e+00	6.83e-27
 3.52904e+22	2.55e-05	1.00e+00	8.30e-27
 3.55525e+22	2.71e-05	1.00e+00	1.07e-26
 3.58203e+22	2.83e-05	1.00e+00	1.32e-26
 3.60956e+22	3.01e-05	1.00e+00	1.72e-26
 3.63770e+22	3.16e-05	1.00e+00	2.13e-26
 3.66663e+22	3.36e-05	1.00e+00	2.81e-26
 3.69591e+22	3.52e-05	1.00e+00	3.48e-26
 3.72562e+22	3.75e-05	1.00e+00	4.63e-26
 3.75566e+22	3.94e-05	1.00e+00	5.76e-26
 3.78611e+22	4.19e-05	1.00e+00	7.66e-26
 3.81614e+22	4.40e-05	1.00e+00	9.49e-26
 3.84565e+22	4.67e-05	1.00e+00	1.25e-25
 3.87618e+22	4.91e-05	1.00e+00	1.57e-25
 3.90166e+22	5.13e-05	1.00e+00	1.90e-25
 3.92840e+22	5.40e-05	1.00e+00	2.42e-25
 3.95596e+22	5.66e-05	1.00e+00	2.98e-25
 3.98072e+22	5.91e-05	1.00e+00	3.64e-25
 4.00905e+22	6.24e-05	1.00e+00	4.68e-25
 4.03838e+22	6.56e-05	1.00e+00	5.86e-25
 4.06447e+22	6.86e-05	1.00e+00	7.21e-25
 4.09385e+22	7.26e-05	1.00e+00	9.34e-25
 4.12457e+22	7.65e-05	1.00e+00	1.18e-24
 4.15231e+22	8.01e-05	1.00e+00	1.47e-24
 4.18366e+22	8.50e-05	1.00e+00	1.94e-24
 4.21599e+22	8.98e-05	1.00e+00	2.48e-24
 4.24476e+22	9.42e-05	1.00e+00	3.10e-24
 4.27734e+22	1.00e-04	1.00e+00	4.13e-24
 4.31116e+22	1.06e-04	1.00e+00	5.33e-24
 4.34153e+22	1.12e-04	1.00e+00	6.76e-24
 4.37597e+22	1.19e-04	1.00e+00	9.13e-24
 4.41170e+22	1.26e-04	1.00e+00	1.20e-23
 4.44368e+22	1.33e-04	1.00e+00	1.53e-23
 4.47985e+22	1.43e-04	1.00e+00	2.11e-23
 4.51673e+22	1.51e-04	1.00e+00	2.76e-23
 4.55456e+22	1.62e-04	1.00e+00	3.86e-23
 4.59277e+22	1.72e-04	1.00e+00	5.07e-23
 4.63148e+22	1.86e-04	1.00e+00	7.18e-23
 4.67055e+22	1.97e-04	1.00e+00	9.45e-23
 4.71006e+22	2.13e-04	1.00e+00	1.31e-22
 4.75000e+22	2.26e-04	1.00e+00	1.73e-22
 4.79047e+22	2.44e-04	1.00e+00	2.50e-22
 4.83147e+22	2.59e-04	1.00e+00	3.34e-22
 4.87316e+22	2.81e-04	1.00e+00	4.90e-22
 4.91402e+22	2.98e-04	1.00e+00	6.47e-22
 4.95380e+22	3.22e-04	1.00e+00	9.38e-22
 4.99220e+22	3.39e-04	1.00e+00	1.22e-21
 5.02880e+22	3.63e-04	1.00e+00	1.71e-21
 5.06563e+22	3.84e-04	1.00e+00	2.25e-21
 5.10276e+22	4.12e-04	1.00e+00	3.19e-21
 5.14060e+22	4.36e-04	1.00e+00	4.30e-21
 5.17937e+22	4.69e-04	1.00e+00	6.26e-21
 5.21849e+22	4.97e-04	1.00e+00	8.62e-21
 5.25287e+22	5.26e-04	9.99e-01	1.17e-20
 5.29238e+22	5.66e-04	9.99e-01	1.75e-20
 5.33064e+22	5.97e-04	9.99e-01	2.38e-20
 5.36111e+22	6.27e-04	9.99e-01	3.13e-20
 5.39457e+22	6.66e-04	9.99e-01	4.37e-20
 5.42861e+22	7.01e-04	9.99e-01	5.81e-20
 5.45864e+22	7.35e-04	9.99e-01	7.73e-20
 5.49292e+22	7.81e-04	9.99e-01	1.12e-19
 5.52761e+22	8.23e-04	9.99e-01	1.55e-19
 5.55802e+22	8.64e-04	9.99e-01	2.08e-19
 5.59275e+22	9.21e-04	9.99e-01	3.24e-19
 5.62776e+22	9.67e-04	9.99e-01	4.39e-19
 5.65756e+22	1.01e-03	9.99e-01	6.43e-19
 5.69071e+22	1.07e-03	9.99e-01	9.29e-19
 5.72588e+22	1.13e-03	9.99e-01	1.41e-18
 5.75849e+22	1.19e-03	9.99e-01	2.39e-18
 5.79078e+22	1.25e-03	9.99e-01	3.81e-18
 5.82786e+22	1.34e-03	9.99e-01	8.01e-18
 5.86565e+22	1.41e-03	9.99e-01	1.54e-17
 5.90436e+22	1.51e-03	9.98e-01	5.75e-17
 5.94324e+22	1.60e-03	9.98e-01	1.11e-16
 5.98232e+22	1.71e-03	9.98e-01	2.44e-16
 6.02276e+22	1.81e-03	9.98e-01	4.25e-16
 6.05928e+22	1.91e-03	9.98e-01	6.43e-16
 6.10109e+22	2.06e-03	9.98e-01	1.01e-15
 6.14348e+22	2.18e-03	9.98e-01	1.37e-15
 6.17565e+22	2.28e-03	9.98e-01	1.77e-15
 6.20653e+22	2.40e-03	9.98e-01	2.31e-15
 6.23803e+22	2.50e-03	9.97e-01	2.84e-15
 6.27034e+22	2.64e-03	9.97e-01	3.61e-15
 6.30283e+22	2.76e-03	9.97e-01	4.30e-15
 6.33557e+22	2.91e-03	9.97e-01	5.31e-15
 6.36879e+22	3.05e-03	9.97e-01	6.31e-15
 6.40265e+22	3.23e-03	9.97e-01	7.83e-15
 6.43692e+22	3.38e-03	9.97e-01	9.33e-15
 6.47174e+22	3.58e-03	9.96e-01	1.16e-14
 6.50714e+22	3.75e-03	9.96e-01	1.39e-14
 6.54331e+22	3.99e-03	9.96e-01	1.74e-14
 6.58012e+22	4.18e-03	9.96e-01	2.10e-14
 6.61779e+22	4.45e-03	9.96e-01	2.66e-14
 6.65632e+22	4.68e-03	9.95e-01	3.23e-14
 6.69597e+22	5.00e-03	9.95e-01	4.14e-14
 6.73618e+22	5.27e-03	9.95e-01	5.04e-14
 6.77711e+22	5.63e-03	9.94e-01	6.50e-14
 6.81864e+22	5.93e-03	9.94e-01	7.96e-14
 6.86095e+22	6.35e-03	9.94e-01	1.04e-13
 6.90394e+22	6.71e-03	9.93e-01	1.29e-13
 6.94780e+22	7.20e-03	9.93e-01	1.70e-13
 6.99248e+22	7.61e-03	9.92e-01	2.11e-13
 7.03822e+22	8.20e-03	9.92e-01	2.82e-13
 7.08467e+22	8.68e-03	9.91e-01	3.54e-13
 7.13205e+22	9.37e-03	9.91e-01	4.77e-13
 7.18083e+22	9.95e-03	9.90e-01	6.06e-13
 7.23145e+22	1.08e-02	9.89e-01	8.42e-13
 7.28327e+22	1.15e-02	9.88e-01	1.08e-12
 7.33668e+22	1.26e-02	9.87e-01	1.52e-12
 7.39192e+22	1.36e-02	9.86e-01	2.01e-12
 7.44956e+22	1.50e-02	9.85e-01	2.94e-12
 7.50972e+22	1.63e-02	9.84e-01	4.03e-12
 7.57182e+22	1.82e-02	9.82e-01	6.10e-12
 7.62565e+22	1.93e-02	9.81e-01	7.66e-12
 7.67004e+22	2.11e-02	9.79e-01	1.04e-11
 7.71698e+22	2.28e-02	9.77e-01	1.39e-11
 7.76725e+22	2.55e-02	9.74e-01	2.03e-11
 7.81840e+22	2.81e-02	9.72e-01	2.80e-11
 7.87068e+22	3.20e-02	9.68e-01	4.29e-11
 7.92505e+22	3.64e-02	9.64e-01	6.38e-11
 7.96817e+22	4.06e-02	9.59e-01	8.84e-11
 8.00433e+22	4.52e-02	9.55e-01	1.21e-10
 8.04537e+22	5.24e-02	9.48e-01	1.84e-10
 8.08876e+22	6.13e-02	9.39e-01	2.81e-10
 8.12713e+22	7.19e-02	9.28e-01	4.25e-10
 8.16223e+22	8.48e-02	9.15e-01	6.40e-10
 8.19506e+22	1.01e-01	8.99e-01	9.72e-10
 8.22551e+22	1.20e-01	8.80e-01	1.47e-09
 8.25320e+22	1.44e-01	8.56e-01	2.20e-09
 8.27829e+22	1.71e-01	8.29e-01	3.23e-09
 8.30111e+22	2.03e-01	7.97e-01	4.66e-09
 8.32190e+22	2.38e-01	7.62e-01	6.55e-09
 8.33504e+22	2.62e-01	7.38e-01	7.95e-09
 8.34002e+22	2.72e-01	7.28e-01	8.59e-09
 8.34402e+22	2.81e-01	7.19e-01	9.19e-09
 8.34919e+22	2.93e-01	7.07e-01	1.00e-08
 8.35538e+22	3.08e-01	6.92e-01	1.11e-08
 8.36166e+22	3.23e-01	6.77e-01	1.24e-08
 8.36748e+22	3.37e-01	6.63e-01	1.35e-08
 8.37343e+22	3.53e-01	6.47e-01	1.49e-08
 8.37966e+22	3.70e-01	6.30e-01	1.64e-08
 8.38580e+22	3.87e-01	6.13e-01	1.80e-08
 8.39200e+22	4.05e-01	5.95e-01	1.97e-08
 8.39846e+22	4.23e-01	5.77e-01	2.17e-08
 8.40515e+22	4.43e-01	5.57e-01	2.37e-08
 8.41207e+22	4.64e-01	5.36e-01	2.61e-08
 8.41910e+22	4.85e-01	5.15e-01	2.86e-08
 8.42630e+22	5.06e-01	4.94e-01	3.12e-08
 8.43376e+22	5.28e-01	4.72e-01	3.40e-08
 8.43974e+22	5.45e-01	4.55e-01	3.61e-08
 8.44366e+22	5.56e-01	4.44e-01	3.75e-08
 8.44732e+22	5.66e-01	4.34e-01	3.89e-08
 8.45169e+22	5.79e-01	4.21e-01	4.07e-08
 8.45651e+22	5.92e-01	4.08e-01	4.26e-08
 8.46120e+22	6.05e-01	3.95e-01	4.43e-08
 8.46573e+22	6.16e-01	3.84e-01	4.59e-08
 8.47038e+22	6.28e-01	3.72e-01	4.78e-08
 8.47518e+22	6.40e-01	3.60e-01	4.96e-08
 8.47996e+22	6.52e-01	3.48e-01	5.14e-08
 8.48477e+22	6.63e-01	3.37e-01	5.32e-08
 8.48974e+22	6.74e-01	3.26e-01	5.49e-08
 8.49486e+22	6.85e-01	3.15e-01	5.67e-08
 8.50008e+22	6.96e-01	3.04e-01	5.85e-08
 8.50539e+22	7.06e-01	2.94e-01	6.04e-08
 8.51072e+22	7.16e-01	2.84e-01	6.22e-08
 8.51617e+22	7.26e-01	2.74e-01	6.40e-08
 8.52185e+22	7.36e-01	2.64e-01	6.58e-08
 8.52771e+22	7.46e-01	2.54e-01	6.77e-08
 8.53364e+22	7.55e-01	2.45e-01	6.95e-08
 8.53969e+22	7.64e-01	2.36e-01	7.13e-08
 8.54598e+22	7.73e-01	2.27e-01	7.32e-08
 8.55245e+22	7.82e-01	2.18e-01	7.51e-08
 8.55905e+22	7.90e-01	2.10e-01	7.69e-08
 8.56587e+22	7.98e-01	2.02e-01	7.89e-08
 8.57288e+22	8.06e-01	1.94e-01	8.08e-08
 8.58011e+22	8.14e-01	1.86e-01	8.28e-08
 8.58756e+22	8.21e-01	1.79e-01	8.48e-08
 8.59520e+22	8.29e-01	1.71e-01	8.69e-08
 8.60303e+22	8.35e-01	1.65e-01	8.89e-08
 8.61104e+22	8.42e-01	1.58e-01	9.11e-08
 8.61922e+22	8.49e-01	1.51e-01	9.34e-08
 8.62757e+22	8.55e-01	1.45e-01	9.56e-08
 8.63598e+22	8.60e-01	1.40e-01	9.80e-08
 8.64436e+22	8.66e-01	1.34e-01	1.00e-07
 8.65291e+22	8.71e-01	1.29e-01	1.03e-07
 8.66174e+22	8.76e-01	1.24e-01	1.06e-07
 8.67067e+22	8.80e-01	1.20e-01	1.08e-07
 8.67965e+22	8.85e-01	1.15e-01	1.11e-07
 8.68889e+22	8.89e-01	1.11e-01	1.14e-07
 8.69842e+22	8.93e-01	1.07e-01	1.17e-07
 8.70807e+22	8.97e-01	1.03e-01	1.21e-07
 8.71783e+22	9.01e-01	9.89e-02	1.25e-07
 8.72789e+22	9.05e-01	9.52e-02	1.29e-07
 8.73821e+22	9.08e-01	9.16e-02	1.34e-07
 8.74839e+22	9.12e-01	8.84e-02	1.39e-07
 8.75805e+22	9.15e-01	8.55e-02	1.43e-07
 8.76695e+22	9.17e-01	8.30e-02	1.47e-07
 8.77521e+22	9.19e-01	8.07e-02	1.52e-07
 8.78285e+22	9.21e-01	7.88e-02	1.56e-07
 8.79023e+22	9.23e-01	7.69e-02	1.60e-07
 8.79763e+22	9.25e-01	7.51e-02	1.65e-07
 8.80490e+22	9.27e-01	7.32e-02	1.70e-07
 8.81170e+22	9.28e-01	7.15e-02	1.75e-07
 8.81804e+22	9.30e-01	7.01e-02	1.80e-07
 8.82441e+22	9.31e-01	6.86e-02	1.85e-07
 8.83056e+22	9.33e-01	6.71e-02	1.90e-07
 8.83636e+22	9.34e-01	6.58e-02	1.96e-07
 8.84212e+22	9.35e-01	6.45e-02	2.02e-07
 8.84764e+22	9.37e-01	6.33e-02	2.08e-07
 8.85284e+22	9.38e-01	6.21e-02	2.14e-07
 8.85792e+22	9.39e-01	6.10e-02	2.20e-07
 8.86288e+22	9.40e-01	5.99e-02	2.26e-07
 8.86754e+22	9.41e-01	5.89e-02	2.33e-07
 8.87178e+22	9.42e-01	5.80e-02	2.39e-07
 8.87564e+22	9.43e-01	5.72e-02	2.44e-07
 8.87915e+22	9.44e-01	5.65e-02	2.50e-07
 8.88235e+22	9.44e-01	5.58e-02	2.54e-07
 8.88526e+22	9.45e-01	5.52e-02	2.58e-07
 8.88790e+22	9.45e-01	5.47e-02	2.62e-07
 8.89031e+22	9.46e-01	5.42e-02	2.67e-07
 8.89250e+22	9.46e-01	5.38e-02	2.69e-07
 8.89490e+22	9.47e-01	5.33e-02	2.72e-07
 8.89802e+22	9.48e-01	5.24e-02	2.77e-07
 8.90139e+22	9.48e-01	5.18e-02	2.82e-07
 8.90446e+22	9.49e-01	5.11e-02	2.86e-07
 8.90725e+22	9.49e-01	5.06e-02	2.89e-07
 8.91031e+22	9.50e-01	4.98e-02	2.93e-07
 8.91361e+22	9.51e-01	4.92e-02	2.96e-07
 8.91662e+22	9.51e-01	4.86e-02	2.99e-07
 8.91935e+22	9.52e-01	4.80e-02	3.01e-07
 8.92184e+22	9.52e-01	4.77e-02	3.02e-07
 8.92457e+22	9.53e-01	4.72e-02	3.04e-07
 8.92751e+22	9.53e-01	4.67e-02	3.05e-07
 8.93073e+22	9.54e-01	4.61e-02	3.07e-07
 8.93422e+22	9.55e-01	4.55e-02	3.09e-07
 8.93738e+22	9.55e-01	4.50e-02	3.10e-07
 8.94027e+22	9.55e-01	4.45e-02	3.11e-07
 8.94289e+22	9.56e-01	4.42e-02	3.12e-07
 8.94577e+22	9.56e-01	4.37e-02	3.11e-07
 8.94951e+22	9.57e-01	4.29e-02	3.11e-07
 8.95354e+22	9.58e-01	4.22e-02	3.12e-07
 8.95721e+22	9.58e-01	4.17e-02	3.12e-07
 8.96055e+22	9.59e-01	4.12e-02	3.12e-07
 8.96360e+22	9.59e-01	4.08e-02	3.11e-07
 8.96636e+22	9.60e-01	4.04e-02	3.10e-07
 8.96888e+22	9.60e-01	4.00e-02	3.09e-07
 8.97117e+22	9.60e-01	3.98e-02	3.08e-07
 8.97368e+22	9.61e-01	3.93e-02	3.07e-07
 8.97695e+22	9.61e-01	3.87e-02	3.05e-07
 8.98047e+22	9.62e-01	3.82e-02	3.04e-07
 8.98368e+22	9.62e-01	3.77e-02	3.03e-07
 8.98660e+22	9.63e-01	3.73e-02	3.02e-07
 8.98925e+22	9.63e-01	3.70e-02	3.01e-07
 8.99216e+22	9.63e-01	3.66e-02	2.99e-07
 8.99530e+22	9.64e-01	3.61e-02	2.97e-07
 8.99816e+22	9.64e-01	3.57e-02	2.96e-07
 9.00077e+22	9.65e-01	3.54e-02	2.94e-07
 9.00313e+22	9.65e-01	3.51e-02	2.93e-07
 9.00573e+22	9.65e-01	3.48e-02	2.91e-07
 9.00853e+22	9.66e-01	3.44e-02	2.90e-07
 9.01160e+22	9.66e-01	3.40e-02	2.89e-07
 9.01491e+22	9.66e-01	3.36e-02	2.87e-07
 9.01793e+22	9.67e-01	3.33e-02	2.87e-07
 9.02123e+22	9.67e-01	3.29e-02	2.85e-07
 9.02480e+22	9.68e-01	3.25e-02	2.84e-07
 9.02804e+22	9.68e-01	3.21e-02	2.83e-07
 9.03100e+22	9.68e-01	3.19e-02	2.82e-07
 9.03423e+22	9.68e-01	3.15e-02	2.81e-07
 9.03773e+22	9.69e-01	3.11e-02	2.80e-07
 9.04091e+22	9.69e-01	3.08e-02	2.78e-07
 9.04380e+22	9.69e-01	3.06e-02	2.78e-07
 9.04697e+22	9.70e-01	3.02e-02	2.76e-07
 9.05039e+22	9.70e-01	2.99e-02	2.75e-07
 9.05414e+22	9.71e-01	2.95e-02	2.74e-07
 9.05819e+22	9.71e-01	2.91e-02	2.73e-07
 9.06188e+22	9.71e-01	2.87e-02	2.72e-07
 9.06523e+22	9.71e-01	2.85e-02	2.72e-07
 9.06891e+22	9.72e-01	2.82e-02	2.70e-07
 9.07287e+22	9.72e-01	2.78e-02	2.69e-07
 9.07648e+22	9.73e-01	2.75e-02	2.68e-07
 9.08044e+22	9.73e-01	2.71e-02	2.67e-07
 9.08471e+22	9.73e-01	2.67e-02	2.66e-07
 9.08860e+22	9.74e-01	2.64e-02	2.65e-07
 9.09213e+22	9.74e-01	2.62e-02	2.64e-07
 9.09601e+22	9.74e-01	2.59e-02	2.63e-07
 9.10019e+22	9.74e-01	2.55e-02	2.62e-07
 9.10400e+22	9.75e-01	2.53e-02	2.62e-07
 9.10817e+22	9.75e-01	2.50e-02	2.60e-07
 9.11268e+22	9.75e-01	2.46e-02	2.60e-07
 9.11677e+22	9.76e-01	2.43e-02	2.59e-07
 9.12050e+22	9.76e-01	2.41e-02	2.59e-07
 9.12459e+22	9.76e-01	2.38e-02	2.58e-07
 9.12900e+22	9.77e-01	2.35e-02	2.58e-07
 9.13302e+22	9.77e-01	2.33e-02	2.58e-07
 9.13742e+22	9.77e-01	2.29e-02	2.57e-07
 9.14217e+22	9.77e-01	2.26e-02	2.57e-07
 9.14649e+22	9.78e-01	2.24e-02	2.56e-07
 9.15123e+22	9.78e-01	2.20e-02	2.55e-07
 9.15634e+22	9.78e-01	2.17e-02	2.56e-07
 9.16099e+22	9.79e-01	2.15e-02	2.55e-07
 9.16609e+22	9.79e-01	2.11e-02	2.54e-07
 9.17160e+22	9.79e-01	2.08e-02	2.55e-07
 9.17661e+22	9.79e-01	2.05e-02	2.54e-07
 9.18116e+22	9.80e-01	2.03e-02	2.54e-07
 9.18616e+22	9.80e-01	2.01e-02	2.53e-07
 9.19155e+22	9.80e-01	1.97e-02	2.53e-07
 9.19646e+22	9.80e-01	1.95e-02	2.53e-07
 9.20184e+22	9.81e-01	1.92e-02	2.52e-07
 9.20764e+22	9.81e-01	1.89e-02	2.52e-07
 9.21293e+22	9.81e-01	1.87e-02	2.52e-07
 9.21871e+22	9.82e-01	1.84e-02	2.51e-07
 9.22496e+22	9.82e-01	1.81e-02	2.51e-07
 9.23065e+22	9.82e-01	1.79e-02	2.51e-07
 9.23688e+22	9.82e-01	1.76e-02	2.50e-07
 9.24361e+22	9.83e-01	1.73e-02	2.51e-07
 9.24973e+22	9.83e-01	1.70e-02	2.50e-07
 9.25484e+22	9.83e-01	1.68e-02	2.49e-07
