#depth	He	He+	He+2
 4.62852e+21	5.68e-11	8.58e-06	1.00e+00
 1.04126e+22	1.65e-10	1.44e-05	1.00e+00
 1.21198e+22	3.05e-10	1.98e-05	1.00e+00
 1.29473e+22	4.33e-10	2.40e-05	1.00e+00
 1.32920e+22	4.74e-10	2.53e-05	1.00e+00
 1.34051e+22	5.05e-10	2.62e-05	1.00e+00
 1.34907e+22	5.33e-10	2.70e-05	1.00e+00
 1.35863e+22	5.73e-10	2.82e-05	1.00e+00
 1.36844e+22	6.08e-10	2.92e-05	1.00e+00
 1.37858e+22	6.58e-10	3.05e-05	1.00e+00
 1.38882e+22	6.99e-10	3.17e-05	1.00e+00
 1.39917e+22	7.57e-10	3.32e-05	1.00e+00
 1.40957e+22	8.04e-10	3.45e-05	1.00e+00
 1.42002e+22	8.71e-10	3.62e-05	1.00e+00
 1.43023e+22	9.21e-10	3.75e-05	1.00e+00
 1.44013e+22	9.93e-10	3.93e-05	1.00e+00
 1.45010e+22	1.05e-09	4.07e-05	1.00e+00
 1.46018e+22	1.13e-09	4.26e-05	1.00e+00
 1.47051e+22	1.19e-09	4.42e-05	1.00e+00
 1.48119e+22	1.28e-09	4.64e-05	1.00e+00
 1.49204e+22	1.35e-09	4.82e-05	1.00e+00
 1.50312e+22	1.46e-09	5.05e-05	1.00e+00
 1.51449e+22	1.54e-09	5.25e-05	1.00e+00
 1.52626e+22	1.65e-09	5.51e-05	1.00e+00
 1.53801e+22	1.74e-09	5.71e-05	1.00e+00
 1.54974e+22	1.86e-09	5.99e-05	1.00e+00
 1.56172e+22	1.96e-09	6.21e-05	1.00e+00
 1.57404e+22	2.10e-09	6.52e-05	1.00e+00
 1.58596e+22	2.19e-09	6.72e-05	1.00e+00
 1.59738e+22	2.32e-09	7.02e-05	1.00e+00
 1.60913e+22	2.43e-09	7.25e-05	1.00e+00
 1.62130e+22	2.58e-09	7.58e-05	1.00e+00
 1.63363e+22	2.70e-09	7.83e-05	1.00e+00
 1.64616e+22	2.86e-09	8.17e-05	1.00e+00
 1.65858e+22	2.98e-09	8.43e-05	1.00e+00
 1.67087e+22	3.15e-09	8.79e-05	1.00e+00
 1.68329e+22	3.27e-09	9.06e-05	1.00e+00
 1.69586e+22	3.45e-09	9.44e-05	1.00e+00
 1.70868e+22	3.59e-09	9.74e-05	1.00e+00
 1.72181e+22	3.79e-09	1.02e-04	1.00e+00
 1.73517e+22	3.85e-09	1.05e-04	1.00e+00
 1.74885e+22	4.06e-09	1.09e-04	1.00e+00
 1.76279e+22	4.23e-09	1.13e-04	1.00e+00
 1.77706e+22	4.46e-09	1.18e-04	1.00e+00
 1.79100e+22	4.63e-09	1.21e-04	1.00e+00
 1.80453e+22	4.86e-09	1.26e-04	1.00e+00
 1.81827e+22	5.04e-09	1.29e-04	1.00e+00
 1.83228e+22	5.29e-09	1.34e-04	1.00e+00
 1.84674e+22	5.50e-09	1.39e-04	1.00e+00
 1.86176e+22	5.77e-09	1.44e-04	1.00e+00
 1.87727e+22	6.02e-09	1.49e-04	1.00e+00
 1.89343e+22	6.33e-09	1.55e-04	1.00e+00
 1.91002e+22	6.61e-09	1.61e-04	1.00e+00
 1.92720e+22	6.97e-09	1.67e-04	1.00e+00
 1.94494e+22	7.29e-09	1.73e-04	1.00e+00
 1.96342e+22	7.71e-09	1.81e-04	1.00e+00
 1.98239e+22	8.08e-09	1.88e-04	1.00e+00
 1.99943e+22	8.45e-09	1.94e-04	1.00e+00
 2.01901e+22	8.96e-09	2.04e-04	1.00e+00
 2.03871e+22	9.37e-09	2.11e-04	1.00e+00
 2.05856e+22	9.92e-09	2.21e-04	1.00e+00
 2.07884e+22	1.04e-08	2.30e-04	1.00e+00
 2.09966e+22	1.10e-08	2.41e-04	1.00e+00
 2.12081e+22	1.16e-08	2.51e-04	1.00e+00
 2.14238e+22	1.22e-08	2.65e-04	1.00e+00
 2.16276e+22	1.27e-08	2.74e-04	1.00e+00
 2.18161e+22	1.34e-08	2.87e-04	1.00e+00
 2.20061e+22	1.39e-08	2.97e-04	1.00e+00
 2.21983e+22	1.46e-08	3.12e-04	1.00e+00
 2.23922e+22	1.51e-08	3.24e-04	1.00e+00
 2.25884e+22	1.58e-08	3.41e-04	1.00e+00
 2.27873e+22	1.64e-08	3.54e-04	1.00e+00
 2.29896e+22	1.71e-08	3.74e-04	1.00e+00
 2.31947e+22	1.77e-08	3.89e-04	1.00e+00
 2.34032e+22	1.84e-08	4.12e-04	1.00e+00
 2.36161e+22	1.89e-08	4.31e-04	1.00e+00
 2.38348e+22	1.96e-08	4.57e-04	1.00e+00
 2.40580e+22	2.01e-08	4.80e-04	1.00e+00
 2.42802e+22	2.06e-08	5.09e-04	9.99e-01
 2.44924e+22	2.10e-08	5.32e-04	9.99e-01
 2.46981e+22	2.14e-08	5.64e-04	9.99e-01
 2.49066e+22	2.17e-08	5.90e-04	9.99e-01
 2.51105e+22	2.19e-08	6.25e-04	9.99e-01
 2.53186e+22	2.21e-08	6.56e-04	9.99e-01
 2.55212e+22	2.22e-08	6.92e-04	9.99e-01
 2.57281e+22	2.22e-08	7.28e-04	9.99e-01
 2.59328e+22	2.23e-08	7.68e-04	9.99e-01
 2.61386e+22	2.23e-08	8.09e-04	9.99e-01
 2.63421e+22	2.23e-08	8.51e-04	9.99e-01
 2.65451e+22	2.23e-08	8.96e-04	9.99e-01
 2.67486e+22	2.23e-08	9.43e-04	9.99e-01
 2.69528e+22	2.24e-08	9.93e-04	9.99e-01
 2.71582e+22	2.25e-08	1.05e-03	9.99e-01
 2.73655e+22	2.27e-08	1.10e-03	9.99e-01
 2.75752e+22	2.30e-08	1.16e-03	9.99e-01
 2.77859e+22	2.34e-08	1.22e-03	9.99e-01
 2.80001e+22	2.40e-08	1.29e-03	9.99e-01
 2.82168e+22	2.48e-08	1.35e-03	9.99e-01
 2.84376e+22	2.58e-08	1.43e-03	9.99e-01
 2.86431e+22	2.68e-08	1.49e-03	9.99e-01
 2.88545e+22	2.82e-08	1.58e-03	9.98e-01
 2.90692e+22	2.96e-08	1.65e-03	9.98e-01
 2.92891e+22	3.17e-08	1.74e-03	9.98e-01
 2.95101e+22	3.36e-08	1.82e-03	9.98e-01
 2.97327e+22	3.64e-08	1.93e-03	9.98e-01
 2.99565e+22	3.89e-08	2.01e-03	9.98e-01
 3.01820e+22	4.25e-08	2.13e-03	9.98e-01
 3.04094e+22	4.57e-08	2.22e-03	9.98e-01
 3.06392e+22	5.03e-08	2.35e-03	9.98e-01
 3.08719e+22	5.44e-08	2.46e-03	9.98e-01
 3.11083e+22	6.03e-08	2.60e-03	9.97e-01
 3.13486e+22	6.55e-08	2.72e-03	9.97e-01
 3.15939e+22	7.31e-08	2.88e-03	9.97e-01
 3.18443e+22	7.99e-08	3.02e-03	9.97e-01
 3.21013e+22	8.97e-08	3.20e-03	9.97e-01
 3.23648e+22	9.85e-08	3.36e-03	9.97e-01
 3.26367e+22	1.12e-07	3.58e-03	9.96e-01
 3.28925e+22	1.21e-07	3.72e-03	9.96e-01
 3.31273e+22	1.34e-07	3.92e-03	9.96e-01
 3.33602e+22	1.45e-07	4.08e-03	9.96e-01
 3.35906e+22	1.61e-07	4.30e-03	9.96e-01
 3.38224e+22	1.74e-07	4.47e-03	9.96e-01
 3.40560e+22	1.93e-07	4.70e-03	9.95e-01
 3.42939e+22	2.09e-07	4.89e-03	9.95e-01
 3.45370e+22	2.33e-07	5.16e-03	9.95e-01
 3.47836e+22	2.53e-07	5.37e-03	9.95e-01
 3.50346e+22	2.82e-07	5.67e-03	9.94e-01
 3.52904e+22	3.07e-07	5.91e-03	9.94e-01
 3.55525e+22	3.44e-07	6.26e-03	9.94e-01
 3.58203e+22	3.76e-07	6.53e-03	9.93e-01
 3.60956e+22	4.23e-07	6.93e-03	9.93e-01
 3.63770e+22	4.64e-07	7.25e-03	9.93e-01
 3.66663e+22	5.24e-07	7.70e-03	9.92e-01
 3.69591e+22	5.74e-07	8.05e-03	9.92e-01
 3.72562e+22	6.50e-07	8.57e-03	9.91e-01
 3.75566e+22	7.15e-07	8.98e-03	9.91e-01
 3.78611e+22	8.08e-07	9.54e-03	9.90e-01
 3.81614e+22	8.86e-07	9.98e-03	9.90e-01
 3.84565e+22	9.97e-07	1.06e-02	9.89e-01
 3.87618e+22	1.10e-06	1.11e-02	9.89e-01
 3.90166e+22	1.20e-06	1.16e-02	9.88e-01
 3.92840e+22	1.33e-06	1.22e-02	9.88e-01
 3.95596e+22	1.45e-06	1.27e-02	9.87e-01
 3.98072e+22	1.58e-06	1.33e-02	9.87e-01
 4.00905e+22	1.76e-06	1.40e-02	9.86e-01
 4.03838e+22	1.94e-06	1.47e-02	9.85e-01
 4.06447e+22	2.12e-06	1.53e-02	9.85e-01
 4.09385e+22	2.36e-06	1.62e-02	9.84e-01
 4.12457e+22	2.61e-06	1.70e-02	9.83e-01
 4.15231e+22	2.87e-06	1.78e-02	9.82e-01
 4.18366e+22	3.22e-06	1.89e-02	9.81e-01
 4.21599e+22	3.58e-06	1.99e-02	9.80e-01
 4.24476e+22	3.93e-06	2.08e-02	9.79e-01
 4.27734e+22	4.43e-06	2.21e-02	9.78e-01
 4.31116e+22	4.95e-06	2.33e-02	9.77e-01
 4.34153e+22	5.46e-06	2.45e-02	9.75e-01
 4.37597e+22	6.20e-06	2.61e-02	9.74e-01
 4.41170e+22	6.95e-06	2.76e-02	9.72e-01
 4.44368e+22	7.71e-06	2.90e-02	9.71e-01
 4.47985e+22	8.82e-06	3.10e-02	9.69e-01
 4.51673e+22	9.88e-06	3.28e-02	9.67e-01
 4.55456e+22	1.13e-05	3.51e-02	9.65e-01
 4.59277e+22	1.27e-05	3.71e-02	9.63e-01
 4.63148e+22	1.47e-05	3.98e-02	9.60e-01
 4.67055e+22	1.65e-05	4.21e-02	9.58e-01
 4.71006e+22	1.91e-05	4.53e-02	9.55e-01
 4.75000e+22	2.14e-05	4.79e-02	9.52e-01
 4.79047e+22	2.49e-05	5.15e-02	9.48e-01
 4.83147e+22	2.80e-05	5.46e-02	9.45e-01
 4.87316e+22	3.27e-05	5.88e-02	9.41e-01
 4.91402e+22	3.66e-05	6.21e-02	9.38e-01
 4.95380e+22	4.23e-05	6.67e-02	9.33e-01
 4.99220e+22	4.69e-05	7.00e-02	9.30e-01
 5.02880e+22	5.34e-05	7.46e-02	9.25e-01
 5.06563e+22	5.93e-05	7.84e-02	9.22e-01
 5.10276e+22	6.77e-05	8.35e-02	9.16e-01
 5.14060e+22	7.55e-05	8.80e-02	9.12e-01
 5.17937e+22	8.65e-05	9.39e-02	9.06e-01
 5.21849e+22	9.66e-05	9.89e-02	9.01e-01
 5.25287e+22	1.08e-04	1.04e-01	8.96e-01
 5.29238e+22	1.23e-04	1.11e-01	8.89e-01
 5.33064e+22	1.36e-04	1.16e-01	8.84e-01
 5.36111e+22	1.49e-04	1.21e-01	8.78e-01
 5.39457e+22	1.67e-04	1.28e-01	8.72e-01
 5.42861e+22	1.83e-04	1.34e-01	8.66e-01
 5.45864e+22	2.01e-04	1.39e-01	8.61e-01
 5.49292e+22	2.24e-04	1.47e-01	8.53e-01
 5.52761e+22	2.47e-04	1.53e-01	8.47e-01
 5.55802e+22	2.70e-04	1.60e-01	8.40e-01
 5.59275e+22	3.03e-04	1.68e-01	8.32e-01
 5.62776e+22	3.31e-04	1.75e-01	8.25e-01
 5.65756e+22	3.60e-04	1.82e-01	8.18e-01
 5.69071e+22	3.99e-04	1.90e-01	8.09e-01
 5.72588e+22	4.39e-04	1.99e-01	8.01e-01
 5.75849e+22	4.82e-04	2.07e-01	7.92e-01
 5.79078e+22	5.27e-04	2.16e-01	7.84e-01
 5.82786e+22	5.91e-04	2.27e-01	7.73e-01
 5.86565e+22	6.51e-04	2.36e-01	7.63e-01
 5.90436e+22	7.34e-04	2.49e-01	7.50e-01
 5.94324e+22	8.05e-04	2.59e-01	7.40e-01
 5.98232e+22	9.02e-04	2.72e-01	7.27e-01
 6.02276e+22	9.97e-04	2.83e-01	7.16e-01
 6.05928e+22	1.10e-03	2.95e-01	7.04e-01
 6.10109e+22	1.24e-03	3.10e-01	6.89e-01
 6.14348e+22	1.36e-03	3.22e-01	6.76e-01
 6.17565e+22	1.47e-03	3.32e-01	6.67e-01
 6.20653e+22	1.60e-03	3.43e-01	6.55e-01
 6.23803e+22	1.71e-03	3.53e-01	6.45e-01
 6.27034e+22	1.87e-03	3.66e-01	6.32e-01
 6.30283e+22	2.01e-03	3.76e-01	6.22e-01
 6.33557e+22	2.20e-03	3.89e-01	6.09e-01
 6.36879e+22	2.36e-03	3.99e-01	5.98e-01
 6.40265e+22	2.59e-03	4.13e-01	5.84e-01
 6.43692e+22	2.78e-03	4.24e-01	5.73e-01
 6.47174e+22	3.05e-03	4.39e-01	5.58e-01
 6.50714e+22	3.29e-03	4.50e-01	5.46e-01
 6.54331e+22	3.61e-03	4.65e-01	5.31e-01
 6.58012e+22	3.89e-03	4.78e-01	5.18e-01
 6.61779e+22	4.27e-03	4.93e-01	5.02e-01
 6.65632e+22	4.62e-03	5.06e-01	4.89e-01
 6.69597e+22	5.10e-03	5.23e-01	4.72e-01
 6.73618e+22	5.51e-03	5.36e-01	4.58e-01
 6.77711e+22	6.08e-03	5.53e-01	4.41e-01
 6.81864e+22	6.58e-03	5.66e-01	4.27e-01
 6.86095e+22	7.26e-03	5.84e-01	4.09e-01
 6.90394e+22	7.87e-03	5.98e-01	3.95e-01
 6.94780e+22	8.71e-03	6.15e-01	3.76e-01
 6.99248e+22	9.44e-03	6.29e-01	3.62e-01
 7.03822e+22	1.05e-02	6.47e-01	3.43e-01
 7.08467e+22	1.14e-02	6.61e-01	3.28e-01
 7.13205e+22	1.26e-02	6.79e-01	3.09e-01
 7.18083e+22	1.38e-02	6.93e-01	2.93e-01
 7.23145e+22	1.54e-02	7.11e-01	2.73e-01
 7.28327e+22	1.68e-02	7.25e-01	2.58e-01
 7.33668e+22	1.89e-02	7.43e-01	2.38e-01
 7.39192e+22	2.08e-02	7.57e-01	2.22e-01
 7.44956e+22	2.36e-02	7.75e-01	2.02e-01
 7.50972e+22	2.62e-02	7.89e-01	1.85e-01
 7.57182e+22	2.99e-02	8.05e-01	1.65e-01
 7.62565e+22	3.22e-02	8.14e-01	1.54e-01
 7.67004e+22	3.55e-02	8.23e-01	1.41e-01
 7.71698e+22	3.88e-02	8.32e-01	1.30e-01
 7.76725e+22	4.35e-02	8.41e-01	1.16e-01
 7.81840e+22	4.78e-02	8.47e-01	1.05e-01
 7.87068e+22	5.41e-02	8.53e-01	9.27e-02
 7.92505e+22	6.03e-02	8.57e-01	8.25e-02
 7.96817e+22	6.58e-02	8.59e-01	7.51e-02
 8.00433e+22	7.14e-02	8.60e-01	6.88e-02
 8.04537e+22	7.95e-02	8.59e-01	6.15e-02
 8.08876e+22	8.82e-02	8.56e-01	5.53e-02
 8.12713e+22	9.73e-02	8.52e-01	5.02e-02
 8.16223e+22	1.07e-01	8.47e-01	4.60e-02
 8.19506e+22	1.17e-01	8.40e-01	4.24e-02
 8.22551e+22	1.29e-01	8.32e-01	3.94e-02
 8.25320e+22	1.40e-01	8.23e-01	3.70e-02
 8.27829e+22	1.52e-01	8.13e-01	3.51e-02
 8.30111e+22	1.65e-01	8.02e-01	3.35e-02
 8.32190e+22	1.78e-01	7.90e-01	3.23e-02
 8.33504e+22	1.85e-01	7.83e-01	3.20e-02
 8.34002e+22	1.88e-01	7.80e-01	3.18e-02
 8.34402e+22	1.91e-01	7.77e-01	3.16e-02
 8.34919e+22	1.95e-01	7.73e-01	3.14e-02
 8.35538e+22	2.00e-01	7.68e-01	3.11e-02
 8.36166e+22	2.06e-01	7.64e-01	3.08e-02
 8.36748e+22	2.10e-01	7.59e-01	3.07e-02
 8.37343e+22	2.15e-01	7.54e-01	3.04e-02
 8.37966e+22	2.21e-01	7.49e-01	3.02e-02
 8.38580e+22	2.27e-01	7.43e-01	3.01e-02
 8.39200e+22	2.33e-01	7.37e-01	2.99e-02
 8.39846e+22	2.39e-01	7.31e-01	2.98e-02
 8.40515e+22	2.46e-01	7.25e-01	2.97e-02
 8.41207e+22	2.53e-01	7.17e-01	2.96e-02
 8.41910e+22	2.60e-01	7.10e-01	2.95e-02
 8.42630e+22	2.68e-01	7.02e-01	2.95e-02
 8.43376e+22	2.77e-01	6.94e-01	2.94e-02
 8.43974e+22	2.83e-01	6.87e-01	2.95e-02
 8.44366e+22	2.87e-01	6.83e-01	2.95e-02
 8.44732e+22	2.92e-01	6.78e-01	2.95e-02
 8.45169e+22	2.98e-01	6.73e-01	2.94e-02
 8.45651e+22	3.04e-01	6.67e-01	2.94e-02
 8.46120e+22	3.10e-01	6.61e-01	2.94e-02
 8.46573e+22	3.16e-01	6.55e-01	2.93e-02
 8.47038e+22	3.22e-01	6.49e-01	2.93e-02
 8.47518e+22	3.29e-01	6.42e-01	2.92e-02
 8.47996e+22	3.36e-01	6.35e-01	2.91e-02
 8.48477e+22	3.43e-01	6.28e-01	2.90e-02
 8.48974e+22	3.50e-01	6.21e-01	2.89e-02
 8.49486e+22	3.58e-01	6.14e-01	2.88e-02
 8.50008e+22	3.66e-01	6.06e-01	2.86e-02
 8.50539e+22	3.74e-01	5.98e-01	2.84e-02
 8.51072e+22	3.82e-01	5.89e-01	2.82e-02
 8.51617e+22	3.91e-01	5.81e-01	2.80e-02
 8.52185e+22	4.01e-01	5.72e-01	2.77e-02
 8.52771e+22	4.11e-01	5.62e-01	2.74e-02
 8.53364e+22	4.20e-01	5.52e-01	2.71e-02
 8.53969e+22	4.31e-01	5.42e-01	2.67e-02
 8.54598e+22	4.42e-01	5.32e-01	2.63e-02
 8.55245e+22	4.53e-01	5.21e-01	2.59e-02
 8.55905e+22	4.65e-01	5.10e-01	2.54e-02
 8.56587e+22	4.77e-01	4.98e-01	2.49e-02
 8.57288e+22	4.89e-01	4.86e-01	2.43e-02
 8.58011e+22	5.02e-01	4.74e-01	2.37e-02
 8.58756e+22	5.16e-01	4.61e-01	2.31e-02
 8.59520e+22	5.29e-01	4.49e-01	2.24e-02
 8.60303e+22	5.43e-01	4.36e-01	2.18e-02
 8.61104e+22	5.57e-01	4.22e-01	2.10e-02
 8.61922e+22	5.71e-01	4.09e-01	2.03e-02
 8.62757e+22	5.85e-01	3.96e-01	1.95e-02
 8.63598e+22	5.99e-01	3.82e-01	1.88e-02
 8.64436e+22	6.12e-01	3.70e-01	1.80e-02
 8.65291e+22	6.26e-01	3.57e-01	1.73e-02
 8.66174e+22	6.39e-01	3.44e-01	1.65e-02
 8.67067e+22	6.53e-01	3.32e-01	1.58e-02
 8.67965e+22	6.65e-01	3.20e-01	1.50e-02
 8.68889e+22	6.78e-01	3.07e-01	1.43e-02
 8.69842e+22	6.91e-01	2.95e-01	1.35e-02
 8.70807e+22	7.04e-01	2.84e-01	1.28e-02
 8.71783e+22	7.16e-01	2.72e-01	1.20e-02
 8.72789e+22	7.28e-01	2.61e-01	1.13e-02
 8.73821e+22	7.39e-01	2.50e-01	1.06e-02
 8.74839e+22	7.50e-01	2.40e-01	9.97e-03
 8.75805e+22	7.60e-01	2.31e-01	9.38e-03
 8.76695e+22	7.68e-01	2.23e-01	8.85e-03
 8.77521e+22	7.76e-01	2.16e-01	8.37e-03
 8.78285e+22	7.83e-01	2.09e-01	7.95e-03
 8.79023e+22	7.90e-01	2.03e-01	7.55e-03
 8.79763e+22	7.96e-01	1.97e-01	7.19e-03
 8.80490e+22	8.02e-01	1.91e-01	6.82e-03
 8.81170e+22	8.07e-01	1.87e-01	6.51e-03
 8.81804e+22	8.12e-01	1.82e-01	6.22e-03
 8.82441e+22	8.17e-01	1.77e-01	5.94e-03
 8.83056e+22	8.21e-01	1.73e-01	5.68e-03
 8.83636e+22	8.25e-01	1.69e-01	5.45e-03
 8.84212e+22	8.30e-01	1.65e-01	5.21e-03
 8.84764e+22	8.33e-01	1.62e-01	5.01e-03
 8.85284e+22	8.37e-01	1.58e-01	4.81e-03
 8.85792e+22	8.40e-01	1.55e-01	4.62e-03
 8.86288e+22	8.44e-01	1.52e-01	4.45e-03
 8.86754e+22	8.47e-01	1.49e-01	4.29e-03
 8.87178e+22	8.49e-01	1.47e-01	4.14e-03
 8.87564e+22	8.52e-01	1.44e-01	4.01e-03
 8.87915e+22	8.54e-01	1.42e-01	3.90e-03
 8.88235e+22	8.56e-01	1.40e-01	3.79e-03
 8.88526e+22	8.58e-01	1.38e-01	3.70e-03
 8.88790e+22	8.60e-01	1.37e-01	3.61e-03
 8.89031e+22	8.61e-01	1.35e-01	3.53e-03
 8.89250e+22	8.62e-01	1.34e-01	3.48e-03
 8.89490e+22	8.64e-01	1.32e-01	3.39e-03
 8.89802e+22	8.66e-01	1.30e-01	3.29e-03
 8.90139e+22	8.68e-01	1.29e-01	3.21e-03
 8.90446e+22	8.70e-01	1.27e-01	3.13e-03
 8.90725e+22	8.71e-01	1.26e-01	3.06e-03
 8.91031e+22	8.73e-01	1.24e-01	2.97e-03
 8.91361e+22	8.75e-01	1.22e-01	2.89e-03
 8.91662e+22	8.76e-01	1.21e-01	2.82e-03
 8.91935e+22	8.78e-01	1.19e-01	2.75e-03
 8.92184e+22	8.79e-01	1.18e-01	2.71e-03
 8.92457e+22	8.80e-01	1.17e-01	2.64e-03
 8.92751e+22	8.82e-01	1.16e-01	2.59e-03
 8.93073e+22	8.84e-01	1.14e-01	2.51e-03
 8.93422e+22	8.85e-01	1.12e-01	2.45e-03
 8.93738e+22	8.86e-01	1.11e-01	2.39e-03
 8.94027e+22	8.88e-01	1.10e-01	2.34e-03
 8.94289e+22	8.89e-01	1.09e-01	2.30e-03
 8.94577e+22	8.90e-01	1.07e-01	2.24e-03
 8.94951e+22	8.92e-01	1.06e-01	2.16e-03
 8.95354e+22	8.94e-01	1.04e-01	2.10e-03
 8.95721e+22	8.95e-01	1.03e-01	2.05e-03
 8.96055e+22	8.96e-01	1.02e-01	2.00e-03
 8.96360e+22	8.98e-01	1.00e-01	1.95e-03
 8.96636e+22	8.99e-01	9.91e-02	1.90e-03
 8.96888e+22	9.00e-01	9.80e-02	1.86e-03
 8.97117e+22	9.01e-01	9.72e-02	1.83e-03
 8.97368e+22	9.02e-01	9.59e-02	1.78e-03
 8.97695e+22	9.04e-01	9.44e-02	1.73e-03
 8.98047e+22	9.05e-01	9.33e-02	1.69e-03
 8.98368e+22	9.06e-01	9.21e-02	1.64e-03
 8.98660e+22	9.07e-01	9.10e-02	1.61e-03
 8.98925e+22	9.08e-01	9.01e-02	1.57e-03
 8.99216e+22	9.10e-01	8.89e-02	1.53e-03
 8.99530e+22	9.11e-01	8.77e-02	1.49e-03
 8.99816e+22	9.12e-01	8.67e-02	1.46e-03
 9.00077e+22	9.13e-01	8.57e-02	1.42e-03
 9.00313e+22	9.14e-01	8.50e-02	1.40e-03
 9.00573e+22	9.15e-01	8.40e-02	1.37e-03
 9.00853e+22	9.16e-01	8.31e-02	1.34e-03
 9.01160e+22	9.17e-01	8.20e-02	1.30e-03
 9.01491e+22	9.18e-01	8.10e-02	1.27e-03
 9.01793e+22	9.18e-01	8.03e-02	1.25e-03
 9.02123e+22	9.20e-01	7.91e-02	1.21e-03
 9.02480e+22	9.21e-01	7.82e-02	1.18e-03
 9.02804e+22	9.22e-01	7.72e-02	1.16e-03
 9.03100e+22	9.22e-01	7.66e-02	1.14e-03
 9.03423e+22	9.23e-01	7.55e-02	1.10e-03
 9.03773e+22	9.24e-01	7.46e-02	1.08e-03
 9.04091e+22	9.25e-01	7.37e-02	1.05e-03
 9.04380e+22	9.26e-01	7.30e-02	1.03e-03
 9.04697e+22	9.27e-01	7.19e-02	1.00e-03
 9.05039e+22	9.28e-01	7.13e-02	9.84e-04
 9.05414e+22	9.29e-01	7.02e-02	9.54e-04
 9.05819e+22	9.30e-01	6.93e-02	9.30e-04
 9.06188e+22	9.31e-01	6.83e-02	9.05e-04
 9.06523e+22	9.31e-01	6.77e-02	8.88e-04
 9.06891e+22	9.32e-01	6.67e-02	8.61e-04
 9.07287e+22	9.33e-01	6.58e-02	8.39e-04
 9.07648e+22	9.34e-01	6.50e-02	8.20e-04
 9.08044e+22	9.35e-01	6.40e-02	7.94e-04
 9.08471e+22	9.36e-01	6.32e-02	7.73e-04
 9.08860e+22	9.37e-01	6.23e-02	7.51e-04
 9.09213e+22	9.38e-01	6.16e-02	7.36e-04
 9.09601e+22	9.39e-01	6.07e-02	7.13e-04
 9.10019e+22	9.39e-01	5.99e-02	6.95e-04
 9.10400e+22	9.40e-01	5.92e-02	6.80e-04
 9.10817e+22	9.41e-01	5.82e-02	6.57e-04
 9.11268e+22	9.42e-01	5.74e-02	6.39e-04
 9.11677e+22	9.43e-01	5.66e-02	6.21e-04
 9.12050e+22	9.43e-01	5.60e-02	6.08e-04
 9.12459e+22	9.44e-01	5.51e-02	5.89e-04
 9.12900e+22	9.45e-01	5.44e-02	5.74e-04
 9.13302e+22	9.46e-01	5.38e-02	5.60e-04
 9.13742e+22	9.47e-01	5.28e-02	5.41e-04
 9.14217e+22	9.47e-01	5.21e-02	5.27e-04
 9.14649e+22	9.48e-01	5.15e-02	5.14e-04
 9.15123e+22	9.49e-01	5.06e-02	4.96e-04
 9.15634e+22	9.50e-01	4.98e-02	4.82e-04
 9.16099e+22	9.50e-01	4.92e-02	4.69e-04
 9.16609e+22	9.51e-01	4.83e-02	4.52e-04
 9.17160e+22	9.52e-01	4.76e-02	4.39e-04
 9.17661e+22	9.53e-01	4.68e-02	4.25e-04
 9.18116e+22	9.53e-01	4.62e-02	4.14e-04
 9.18616e+22	9.54e-01	4.53e-02	3.99e-04
 9.19155e+22	9.55e-01	4.46e-02	3.87e-04
 9.19646e+22	9.56e-01	4.41e-02	3.77e-04
 9.20184e+22	9.56e-01	4.32e-02	3.63e-04
 9.20764e+22	9.57e-01	4.25e-02	3.51e-04
 9.21293e+22	9.58e-01	4.19e-02	3.42e-04
 9.21871e+22	9.59e-01	4.11e-02	3.29e-04
 9.22496e+22	9.59e-01	4.04e-02	3.17e-04
 9.23065e+22	9.60e-01	3.98e-02	3.08e-04
 9.23688e+22	9.61e-01	3.90e-02	2.96e-04
 9.24361e+22	9.61e-01	3.84e-02	2.86e-04
 9.24973e+22	9.62e-01	3.77e-02	2.76e-04
 9.25484e+22	9.63e-01	3.71e-02	2.68e-04
