#depth	Fe	Fe+	Fe+2	Fe+3	Fe+4	Fe+5	Fe+6	Fe+7	Fe+8	Fe+9	Fe+10	Fe+11	Fe+12	Fe+13	Fe+14	Fe+15	Fe+16	Fe+17	Fe+18	Fe+19	Fe+20	Fe+21	Fe+22	Fe+23	Fe+24	Fe+25	Fe+26
 4.62852e+21	0.00e+00	0.00e+00	0.00e+00	0.00e+00	0.00e+00	0.00e+00	4.02e-24	9.99e-22	1.51e-19	7.52e-18	2.67e-16	6.64e-15	2.68e-13	8.51e-12	3.01e-10	1.29e-08	3.72e-06	9.60e-05	1.27e-03	8.21e-03	3.15e-02	6.78e-02	1.11e-01	1.71e-01	4.21e-01	1.64e-01	2.31e-02
 1.05607e+22	0.00e+00	0.00e+00	0.00e+00	0.00e+00	0.00e+00	1.75e-24	1.18e-21	2.10e-19	2.35e-17	9.48e-16	2.89e-14	6.94e-13	1.87e-11	3.96e-10	9.36e-09	2.68e-07	5.41e-05	9.64e-04	8.74e-03	3.81e-02	9.86e-02	1.43e-01	1.59e-01	1.68e-01	2.98e-01	7.83e-02	7.44e-03
 1.26665e+22	0.00e+00	0.00e+00	0.00e+00	0.00e+00	1.10e-25	1.34e-22	7.16e-20	9.95e-18	8.60e-16	2.67e-14	6.23e-13	1.14e-11	2.34e-10	3.79e-09	6.81e-08	1.49e-06	2.46e-04	3.51e-03	2.50e-02	8.44e-02	1.68e-01	1.89e-01	1.62e-01	1.33e-01	1.92e-01	3.91e-02	2.87e-03
 1.40197e+22	0.00e+00	0.00e+00	0.00e+00	8.20e-28	2.68e-24	2.75e-21	1.23e-18	1.43e-16	1.03e-14	2.62e-13	5.02e-12	7.54e-11	1.27e-09	1.68e-08	2.47e-07	4.44e-06	6.41e-04	7.82e-03	4.72e-02	1.32e-01	2.18e-01	2.03e-01	1.45e-01	9.91e-02	1.25e-01	2.10e-02	1.28e-03
 1.47085e+22	0.00e+00	0.00e+00	9.37e-32	1.91e-27	5.97e-24	5.91e-21	2.53e-18	2.80e-16	1.91e-14	4.64e-13	8.46e-12	1.21e-10	1.92e-09	2.42e-08	3.38e-07	5.77e-06	8.05e-04	9.44e-03	5.46e-02	1.46e-01	2.30e-01	2.03e-01	1.38e-01	9.03e-02	1.10e-01	1.76e-02	1.02e-03
 1.49396e+22	0.00e+00	0.00e+00	1.85e-31	3.63e-27	1.10e-23	1.05e-20	4.36e-18	4.66e-16	3.06e-14	7.14e-13	1.25e-11	1.72e-10	2.63e-09	3.18e-08	4.26e-07	6.99e-06	9.52e-04	1.09e-02	6.07e-02	1.57e-01	2.37e-01	2.02e-01	1.33e-01	8.37e-02	9.90e-02	1.53e-02	8.58e-04
 1.51141e+22	0.00e+00	0.00e+00	2.91e-31	5.60e-27	1.66e-23	1.56e-20	6.28e-18	6.56e-16	4.20e-14	9.55e-13	1.63e-11	2.18e-10	3.25e-09	3.82e-08	4.99e-07	7.98e-06	1.07e-03	1.19e-02	6.51e-02	1.64e-01	2.42e-01	2.01e-01	1.29e-01	7.93e-02	9.22e-02	1.39e-02	7.60e-04
 1.53005e+22	0.00e+00	0.00e+00	5.58e-31	1.04e-26	2.99e-23	2.71e-20	1.06e-17	1.07e-15	6.59e-14	1.44e-12	2.37e-11	3.05e-10	4.38e-09	4.96e-08	6.23e-07	9.59e-06	1.25e-03	1.35e-02	7.17e-02	1.74e-01	2.48e-01	1.99e-01	1.23e-01	7.32e-02	8.30e-02	1.21e-02	6.37e-04
 1.55032e+22	0.00e+00	0.00e+00	1.07e-30	1.92e-26	5.36e-23	4.71e-20	1.78e-17	1.73e-15	1.03e-13	2.17e-12	3.44e-11	4.25e-10	5.86e-09	6.39e-08	7.72e-07	1.14e-05	1.45e-03	1.53e-02	7.87e-02	1.85e-01	2.54e-01	1.96e-01	1.17e-01	6.73e-02	7.44e-02	1.05e-02	5.32e-04
 1.56928e+22	0.00e+00	0.00e+00	1.87e-30	3.28e-26	8.90e-23	7.62e-20	2.79e-17	2.64e-15	1.52e-13	3.11e-12	4.75e-11	5.69e-10	7.59e-09	8.00e-08	9.33e-07	1.34e-05	1.66e-03	1.71e-02	8.52e-02	1.94e-01	2.58e-01	1.93e-01	1.12e-01	6.24e-02	6.75e-02	9.19e-03	4.54e-04
 1.59051e+22	0.00e+00	0.00e+00	4.02e-30	6.79e-26	1.77e-22	1.46e-19	5.13e-17	4.66e-15	2.57e-13	5.02e-12	7.34e-11	8.39e-10	1.07e-08	1.08e-07	1.20e-06	1.64e-05	1.98e-03	1.96e-02	9.44e-02	2.06e-01	2.62e-01	1.88e-01	1.04e-01	5.60e-02	5.88e-02	7.68e-03	3.63e-04
 1.61174e+22	0.00e+00	0.00e+00	7.53e-30	1.23e-25	3.11e-22	2.49e-19	8.46e-17	7.41e-15	3.95e-13	7.43e-12	1.05e-10	1.15e-09	1.41e-08	1.37e-07	1.47e-06	1.93e-05	2.28e-03	2.20e-02	1.02e-01	2.16e-01	2.65e-01	1.84e-01	9.84e-02	5.11e-02	5.23e-02	6.60e-03	3.02e-04
 1.62990e+22	0.00e+00	0.00e+00	1.36e-29	2.16e-25	5.30e-22	4.11e-19	1.35e-16	1.15e-14	5.92e-13	1.07e-11	1.46e-10	1.55e-09	1.83e-08	1.71e-07	1.77e-06	2.26e-05	2.59e-03	2.44e-02	1.10e-01	2.25e-01	2.67e-01	1.79e-01	9.28e-02	4.67e-02	4.67e-02	5.70e-03	2.52e-04
 1.65045e+22	0.00e+00	0.00e+00	2.85e-29	4.35e-25	1.03e-21	7.71e-19	2.44e-16	1.99e-14	9.80e-13	1.70e-11	2.21e-10	2.25e-09	2.54e-08	2.27e-07	2.24e-06	2.72e-05	3.04e-03	2.76e-02	1.21e-01	2.35e-01	2.68e-01	1.73e-01	8.58e-02	4.15e-02	4.04e-02	4.73e-03	2.00e-04
 1.67155e+22	0.00e+00	5.30e-34	5.23e-29	7.74e-25	1.78e-21	1.29e-18	3.95e-16	3.11e-14	1.48e-12	2.48e-11	3.11e-10	3.04e-09	3.31e-08	2.85e-07	2.71e-06	3.18e-05	3.45e-03	3.05e-02	1.29e-01	2.44e-01	2.68e-01	1.67e-01	8.02e-02	3.75e-02	3.57e-02	4.04e-03	1.65e-04
 1.69033e+22	0.00e+00	9.97e-34	9.52e-29	1.37e-24	3.05e-21	2.15e-18	6.36e-16	4.85e-14	2.23e-12	3.60e-11	4.35e-10	4.10e-09	4.30e-08	3.57e-07	3.26e-06	3.69e-05	3.91e-03	3.37e-02	1.38e-01	2.52e-01	2.68e-01	1.61e-01	7.47e-02	3.39e-02	3.15e-02	3.44e-03	1.36e-04
 1.71170e+22	0.00e+00	0.00e+00	2.02e-28	2.78e-24	5.99e-21	4.06e-18	1.15e-15	8.44e-14	3.71e-12	5.73e-11	6.61e-10	5.95e-09	5.95e-08	4.71e-07	4.11e-06	4.44e-05	4.56e-03	3.79e-02	1.50e-01	2.62e-01	2.66e-01	1.53e-01	6.82e-02	2.97e-02	2.68e-02	2.81e-03	1.07e-04
 1.73343e+22	0.00e+00	4.41e-33	3.88e-28	5.17e-24	1.08e-20	7.05e-18	1.93e-15	1.36e-13	5.77e-12	8.56e-11	9.48e-10	8.20e-09	7.88e-08	5.98e-07	5.01e-06	5.19e-05	5.19e-03	4.18e-02	1.60e-01	2.69e-01	2.63e-01	1.46e-01	6.27e-02	2.63e-02	2.32e-02	2.34e-03	8.56e-05
 1.75233e+22	0.00e+00	8.19e-33	6.98e-28	9.01e-24	1.82e-20	1.16e-17	3.07e-15	2.10e-13	8.57e-12	1.23e-10	1.31e-09	1.09e-08	1.01e-07	7.41e-07	5.98e-06	5.98e-05	5.82e-03	4.56e-02	1.69e-01	2.76e-01	2.60e-01	1.39e-01	5.79e-02	2.36e-02	2.04e-02	1.98e-03	7.02e-05
 1.77357e+22	0.00e+00	1.88e-32	1.53e-27	1.89e-23	3.67e-20	2.24e-17	5.70e-15	3.72e-13	1.45e-11	1.98e-10	2.01e-09	1.60e-08	1.41e-07	9.82e-07	7.53e-06	7.18e-05	6.75e-03	5.11e-02	1.82e-01	2.83e-01	2.55e-01	1.30e-01	5.20e-02	2.03e-02	1.70e-02	1.58e-03	5.35e-05
 1.79406e+22	0.00e+00	3.37e-32	2.66e-27	3.19e-23	6.01e-20	3.57e-17	8.81e-15	5.58e-13	2.10e-11	2.77e-10	2.73e-09	2.09e-08	1.78e-07	1.20e-06	8.87e-06	8.16e-05	7.49e-03	5.52e-02	1.91e-01	2.88e-01	2.51e-01	1.24e-01	4.80e-02	1.82e-02	1.50e-02	1.35e-03	4.41e-05
 1.81355e+22	0.00e+00	7.32e-32	5.53e-27	6.39e-23	1.16e-19	6.62e-17	1.57e-14	9.52e-13	3.43e-11	4.33e-10	4.06e-09	2.98e-08	2.42e-07	1.55e-06	1.10e-05	9.63e-05	8.56e-03	6.09e-02	2.03e-01	2.94e-01	2.45e-01	1.16e-01	4.30e-02	1.57e-02	1.25e-02	1.08e-03	3.40e-05
 1.83309e+22	0.00e+00	1.31e-31	9.56e-27	1.07e-22	1.89e-19	1.05e-16	2.41e-14	1.42e-12	4.95e-11	6.03e-10	5.47e-09	3.88e-08	3.04e-07	1.88e-06	1.28e-05	1.09e-04	9.45e-03	6.55e-02	2.13e-01	2.97e-01	2.40e-01	1.10e-01	3.96e-02	1.40e-02	1.10e-02	9.18e-04	2.79e-05
 1.84934e+22	0.00e+00	2.29e-31	1.62e-26	1.77e-22	3.03e-19	1.64e-16	3.65e-14	2.09e-12	7.03e-11	8.30e-10	7.28e-09	4.99e-08	3.78e-07	2.26e-06	1.49e-05	1.22e-04	1.04e-02	7.01e-02	2.21e-01	3.00e-01	2.34e-01	1.04e-01	3.64e-02	1.25e-02	9.63e-03	7.80e-04	2.30e-05
 1.86445e+22	0.00e+00	3.85e-31	2.65e-26	2.81e-22	4.69e-19	2.47e-16	5.36e-14	2.98e-12	9.74e-11	1.12e-09	9.49e-09	6.30e-08	4.63e-07	2.69e-06	1.71e-05	1.36e-04	1.13e-02	7.45e-02	2.30e-01	3.02e-01	2.29e-01	9.91e-02	3.36e-02	1.12e-02	8.51e-03	6.70e-04	1.92e-05
 1.87834e+22	0.00e+00	6.19e-31	4.15e-26	4.29e-22	6.98e-19	3.60e-16	7.61e-14	4.12e-12	1.31e-10	1.46e-09	1.21e-08	7.79e-08	5.56e-07	3.13e-06	1.94e-05	1.50e-04	1.22e-02	7.87e-02	2.37e-01	3.04e-01	2.24e-01	9.44e-02	3.12e-02	1.02e-02	7.60e-03	5.82e-04	1.62e-05
 1.89129e+22	0.00e+00	9.79e-31	6.39e-26	6.46e-22	1.03e-18	5.17e-16	1.07e-13	5.63e-12	1.75e-10	1.89e-09	1.52e-08	9.56e-08	6.63e-07	3.64e-06	2.19e-05	1.65e-04	1.31e-02	8.29e-02	2.44e-01	3.05e-01	2.19e-01	8.99e-02	2.91e-02	9.26e-03	6.80e-03	5.08e-04	1.38e-05
 1.90609e+22	0.00e+00	1.77e-30	1.11e-25	1.09e-21	1.68e-18	8.23e-16	1.65e-13	8.42e-12	2.52e-10	2.64e-09	2.05e-08	1.24e-07	8.32e-07	4.40e-06	2.55e-05	1.85e-04	1.43e-02	8.85e-02	2.53e-01	3.06e-01	2.12e-01	8.44e-02	2.64e-02	8.17e-03	5.88e-03	4.25e-04	1.12e-05
 1.92037e+22	0.00e+00	2.73e-30	1.68e-25	1.61e-21	2.43e-18	1.16e-15	2.27e-13	1.14e-11	3.31e-10	3.38e-09	2.56e-08	1.51e-07	9.84e-07	5.07e-06	2.86e-05	2.02e-04	1.53e-02	9.28e-02	2.60e-01	3.07e-01	2.07e-01	8.04e-02	2.46e-02	7.44e-03	5.27e-03	3.72e-04	9.55e-06
 1.93216e+22	0.00e+00	4.18e-30	2.51e-25	2.35e-21	3.46e-18	1.62e-15	3.10e-13	1.51e-11	4.31e-10	4.29e-09	3.16e-08	1.82e-07	1.16e-06	5.80e-06	3.19e-05	2.20e-04	1.64e-02	9.71e-02	2.66e-01	3.07e-01	2.02e-01	7.66e-02	2.29e-02	6.78e-03	4.74e-03	3.27e-04	8.19e-06
 1.94564e+22	0.00e+00	7.05e-30	4.11e-25	3.75e-21	5.37e-18	2.45e-15	4.55e-13	2.16e-11	5.96e-10	5.76e-09	4.12e-08	2.29e-07	1.41e-06	6.86e-06	3.65e-05	2.44e-04	1.77e-02	1.02e-01	2.74e-01	3.06e-01	1.96e-01	7.20e-02	2.10e-02	6.04e-03	4.15e-03	2.77e-04	6.75e-06
 1.95951e+22	0.00e+00	1.12e-29	6.36e-25	5.65e-21	7.90e-18	3.52e-15	6.39e-13	2.96e-11	7.94e-10	7.46e-09	5.19e-08	2.81e-07	1.68e-06	7.94e-06	4.11e-05	2.67e-04	1.89e-02	1.07e-01	2.81e-01	3.06e-01	1.90e-01	6.81e-02	1.94e-02	5.45e-03	3.69e-03	2.40e-04	5.69e-06
 1.97118e+22	0.00e+00	1.69e-29	9.37e-25	8.15e-21	1.11e-17	4.87e-15	8.63e-13	3.91e-11	1.02e-09	9.39e-09	6.37e-08	3.37e-07	1.96e-06	9.04e-06	4.56e-05	2.88e-04	2.01e-02	1.12e-01	2.87e-01	3.05e-01	1.85e-01	6.48e-02	1.80e-02	4.97e-03	3.32e-03	2.11e-04	4.89e-06
 1.98197e+22	0.00e+00	2.55e-29	1.38e-24	1.17e-20	1.57e-17	6.71e-15	1.16e-12	5.15e-11	1.32e-09	1.18e-08	7.81e-08	4.03e-07	2.29e-06	1.03e-05	5.05e-05	3.12e-04	2.13e-02	1.16e-01	2.92e-01	3.04e-01	1.80e-01	6.16e-02	1.68e-02	4.52e-03	2.98e-03	1.85e-04	4.19e-06
 1.99433e+22	0.00e+00	4.23e-29	2.22e-24	1.84e-20	2.39e-17	9.97e-15	1.69e-12	7.26e-11	1.80e-09	1.56e-08	1.00e-07	5.03e-07	2.77e-06	1.20e-05	5.73e-05	3.43e-04	2.29e-02	1.22e-01	2.99e-01	3.02e-01	1.73e-01	5.77e-02	1.53e-02	4.02e-03	2.61e-03	1.57e-04	3.46e-06
 2.00690e+22	0.00e+00	6.42e-29	3.29e-24	2.66e-20	3.38e-17	1.38e-14	2.28e-12	9.61e-11	2.33e-09	1.97e-08	1.24e-07	6.03e-07	3.24e-06	1.37e-05	6.36e-05	3.71e-04	2.42e-02	1.27e-01	3.05e-01	3.00e-01	1.68e-01	5.47e-02	1.42e-02	3.65e-03	2.33e-03	1.38e-04	2.96e-06
 2.01804e+22	0.00e+00	9.68e-29	4.84e-24	3.82e-20	4.76e-17	1.90e-14	3.08e-12	1.27e-10	2.99e-09	2.48e-08	1.51e-07	7.21e-07	3.77e-06	1.56e-05	7.04e-05	4.01e-04	2.57e-02	1.32e-01	3.10e-01	2.98e-01	1.63e-01	5.18e-02	1.31e-02	3.31e-03	2.09e-03	1.20e-04	2.53e-06
 2.03083e+22	0.00e+00	1.64e-28	7.96e-24	6.11e-20	7.38e-17	2.87e-14	4.52e-12	1.81e-10	4.14e-09	3.32e-08	1.97e-07	9.07e-07	4.59e-06	1.84e-05	8.02e-05	4.42e-04	2.76e-02	1.38e-01	3.17e-01	2.96e-01	1.56e-01	4.83e-02	1.19e-02	2.92e-03	1.81e-03	1.01e-04	2.06e-06
 2.04300e+22	0.00e+00	2.41e-28	1.14e-23	8.58e-20	1.01e-16	3.88e-14	5.97e-12	2.34e-10	5.24e-09	4.11e-08	2.38e-07	1.07e-06	5.30e-06	2.07e-05	8.82e-05	4.74e-04	2.90e-02	1.43e-01	3.21e-01	2.93e-01	1.52e-01	4.58e-02	1.11e-02	2.66e-03	1.63e-03	8.91e-05	1.77e-06
 2.05280e+22	0.00e+00	3.57e-28	1.65e-23	1.21e-19	1.40e-16	5.25e-14	7.93e-12	3.04e-10	6.65e-09	5.10e-08	2.88e-07	1.27e-06	6.12e-06	2.33e-05	9.69e-05	5.09e-04	3.05e-02	1.48e-01	3.26e-01	2.91e-01	1.47e-01	4.34e-02	1.03e-02	2.42e-03	1.47e-03	7.82e-05	1.52e-06
 2.06244e+22	0.00e+00	5.19e-28	2.34e-23	1.68e-19	1.91e-16	7.01e-14	1.04e-11	3.90e-10	8.35e-09	6.26e-08	3.46e-07	1.49e-06	7.02e-06	2.62e-05	1.06e-04	5.44e-04	3.20e-02	1.52e-01	3.30e-01	2.88e-01	1.42e-01	4.12e-02	9.55e-03	2.21e-03	1.32e-03	6.90e-05	1.32e-06
 2.07341e+22	0.00e+00	8.27e-28	3.63e-23	2.54e-19	2.80e-16	1.01e-13	1.45e-11	5.33e-10	1.11e-08	8.10e-08	4.35e-07	1.82e-06	8.34e-06	3.02e-05	1.19e-04	5.92e-04	3.40e-02	1.58e-01	3.35e-01	2.85e-01	1.36e-01	3.85e-02	8.72e-03	1.97e-03	1.16e-03	5.90e-05	1.09e-06
 2.08469e+22	0.00e+00	1.26e-27	5.39e-23	3.68e-19	3.97e-16	1.39e-13	1.97e-11	7.07e-10	1.43e-08	1.02e-07	5.35e-07	2.18e-06	9.74e-06	3.43e-05	1.31e-04	6.38e-04	3.59e-02	1.63e-01	3.40e-01	2.82e-01	1.31e-01	3.62e-02	8.02e-03	1.77e-03	1.03e-03	5.11e-05	9.25e-07
 2.09448e+22	0.00e+00	1.81e-27	7.55e-23	5.05e-19	5.33e-16	1.84e-13	2.55e-11	8.98e-10	1.78e-08	1.24e-07	6.37e-07	2.55e-06	1.11e-05	3.83e-05	1.43e-04	6.80e-04	3.75e-02	1.68e-01	3.43e-01	2.79e-01	1.27e-01	3.43e-02	7.47e-03	1.62e-03	9.31e-04	4.52e-05	8.01e-07
 2.10532e+22	0.00e+00	3.04e-27	1.23e-22	7.98e-19	8.17e-16	2.74e-13	3.70e-11	1.27e-09	2.44e-08	1.65e-07	8.22e-07	3.18e-06	1.34e-05	4.48e-05	1.62e-04	7.44e-04	4.00e-02	1.75e-01	3.48e-01	2.74e-01	1.21e-01	3.17e-02	6.72e-03	1.42e-03	8.03e-04	3.78e-05	6.50e-07
 2.11610e+22	0.00e+00	4.32e-27	1.71e-22	1.09e-18	1.09e-15	3.60e-13	4.77e-11	1.60e-09	3.02e-08	2.01e-07	9.76e-07	3.70e-06	1.53e-05	4.98e-05	1.76e-04	7.93e-04	4.17e-02	1.80e-01	3.51e-01	2.71e-01	1.17e-01	3.01e-02	6.25e-03	1.30e-03	7.25e-04	3.34e-05	5.63e-07
 2.12681e+22	0.00e+00	7.30e-27	2.79e-22	1.72e-18	1.67e-15	5.37e-13	6.93e-11	2.27e-09	4.14e-08	2.67e-07	1.26e-06	4.63e-06	1.85e-05	5.83e-05	1.99e-04	8.67e-04	4.44e-02	1.86e-01	3.56e-01	2.66e-01	1.11e-01	2.77e-02	5.61e-03	1.13e-03	6.23e-04	2.78e-05	4.54e-07
 2.13718e+22	0.00e+00	1.03e-26	3.87e-22	2.33e-18	2.22e-15	7.00e-13	8.88e-11	2.86e-09	5.11e-08	3.23e-07	1.49e-06	5.37e-06	2.10e-05	6.48e-05	2.17e-04	9.21e-04	4.63e-02	1.91e-01	3.58e-01	2.63e-01	1.07e-01	2.62e-02	5.21e-03	1.03e-03	5.62e-04	2.46e-05	3.93e-07
 2.14712e+22	0.00e+00	1.65e-26	5.98e-22	3.51e-18	3.25e-15	1.00e-12	1.24e-10	3.89e-09	6.78e-08	4.17e-07	1.87e-06	6.55e-06	2.49e-05	7.46e-05	2.42e-04	9.98e-04	4.88e-02	1.97e-01	3.62e-01	2.58e-01	1.02e-01	2.44e-02	4.72e-03	9.15e-04	4.90e-04	2.08e-05	3.24e-07
 2.15739e+22	0.00e+00	2.44e-26	8.63e-22	4.94e-18	4.47e-15	1.35e-12	1.64e-10	5.05e-09	8.59e-08	5.17e-07	2.27e-06	7.75e-06	2.87e-05	8.39e-05	2.65e-04	1.07e-03	5.11e-02	2.03e-01	3.65e-01	2.54e-01	9.80e-02	2.28e-02	4.34e-03	8.24e-04	4.36e-04	1.81e-05	2.75e-07
 2.16810e+22	0.00e+00	4.12e-26	1.41e-21	7.79e-18	6.82e-15	2.00e-12	2.37e-10	7.13e-09	1.18e-07	6.88e-07	2.93e-06	9.69e-06	3.47e-05	9.82e-05	3.00e-04	1.17e-03	5.42e-02	2.10e-01	3.68e-01	2.48e-01	9.26e-02	2.10e-02	3.87e-03	7.15e-04	3.72e-04	1.49e-05	2.20e-07
 2.17842e+22	0.00e+00	5.86e-26	1.96e-21	1.06e-17	9.08e-15	2.62e-12	3.05e-10	9.00e-09	1.46e-07	8.35e-07	3.48e-06	1.13e-05	3.95e-05	1.09e-04	3.25e-04	1.24e-03	5.64e-02	2.15e-01	3.70e-01	2.44e-01	8.90e-02	1.97e-02	3.58e-03	6.50e-04	3.34e-04	1.31e-05	1.89e-07
 2.18822e+22	0.00e+00	9.62e-26	3.10e-21	1.63e-17	1.35e-14	3.81e-12	4.33e-10	1.25e-08	1.96e-07	1.09e-06	4.43e-06	1.39e-05	4.73e-05	1.27e-04	3.65e-04	1.35e-03	5.96e-02	2.21e-01	3.73e-01	2.38e-01	8.41e-02	1.81e-02	3.21e-03	5.67e-04	2.87e-04	1.09e-05	1.53e-07
 2.19799e+22	0.00e+00	1.37e-25	4.31e-21	2.21e-17	1.80e-14	4.97e-12	5.55e-10	1.58e-08	2.42e-07	1.33e-06	5.26e-06	1.62e-05	5.38e-05	1.41e-04	3.97e-04	1.43e-03	6.19e-02	2.26e-01	3.74e-01	2.34e-01	8.07e-02	1.71e-02	2.96e-03	5.14e-04	2.57e-04	9.57e-06	1.31e-07
 2.20772e+22	0.00e+00	2.23e-25	6.80e-21	3.38e-17	2.66e-14	7.18e-12	7.85e-10	2.18e-08	3.26e-07	1.74e-06	6.69e-06	2.00e-05	6.44e-05	1.63e-04	4.45e-04	1.56e-03	6.53e-02	2.33e-01	3.76e-01	2.28e-01	7.61e-02	1.56e-02	2.65e-03	4.47e-04	2.20e-04	7.94e-06	0.00e+00
 2.21754e+22	0.00e+00	3.22e-25	9.53e-21	4.63e-17	3.56e-14	9.44e-12	1.02e-09	2.77e-08	4.06e-07	2.12e-06	8.00e-06	2.34e-05	7.36e-05	1.82e-04	4.85e-04	1.65e-03	6.79e-02	2.38e-01	3.78e-01	2.24e-01	7.28e-02	1.46e-02	2.43e-03	4.03e-04	1.96e-04	6.91e-06	0.00e+00
 2.22746e+22	0.00e+00	5.34e-25	1.53e-20	7.17e-17	5.33e-14	1.38e-11	1.45e-09	3.87e-08	5.51e-07	2.81e-06	1.03e-05	2.91e-05	8.87e-05	2.12e-04	5.46e-04	1.80e-03	7.16e-02	2.45e-01	3.79e-01	2.17e-01	6.83e-02	1.33e-02	2.15e-03	3.48e-04	1.66e-04	5.67e-06	0.00e+00
 2.23740e+22	0.00e+00	7.69e-25	2.14e-20	9.82e-17	7.14e-14	1.81e-11	1.88e-09	4.93e-08	6.88e-07	3.43e-06	1.23e-05	3.41e-05	1.02e-04	2.37e-04	5.95e-04	1.92e-03	7.45e-02	2.50e-01	3.80e-01	2.13e-01	6.51e-02	1.25e-02	1.97e-03	3.12e-04	1.47e-04	4.91e-06	0.00e+00
 2.24739e+22	0.00e+00	1.26e-24	3.38e-20	1.50e-16	1.05e-13	2.61e-11	2.65e-09	6.82e-08	9.27e-07	4.51e-06	1.57e-05	4.23e-05	1.22e-04	2.76e-04	6.68e-04	2.09e-03	7.84e-02	2.56e-01	3.81e-01	2.07e-01	6.10e-02	1.13e-02	1.75e-03	2.70e-04	1.25e-04	4.03e-06	0.00e+00
 2.25728e+22	0.00e+00	1.81e-24	4.73e-20	2.05e-16	1.41e-13	3.42e-11	3.43e-09	8.69e-08	1.16e-06	5.52e-06	1.88e-05	4.96e-05	1.40e-04	3.08e-04	7.28e-04	2.22e-03	8.15e-02	2.62e-01	3.81e-01	2.02e-01	5.81e-02	1.06e-02	1.60e-03	2.41e-04	1.11e-04	3.48e-06	0.00e+00
 2.26707e+22	0.00e+00	2.92e-24	7.37e-20	3.08e-16	2.05e-13	4.88e-11	4.80e-09	1.20e-07	1.55e-06	7.22e-06	2.39e-05	6.12e-05	1.67e-04	3.57e-04	8.16e-04	2.41e-03	8.56e-02	2.68e-01	3.81e-01	1.95e-01	5.43e-02	9.59e-03	1.41e-03	2.08e-04	9.37e-05	2.85e-06	0.00e+00
 2.27701e+22	0.00e+00	4.25e-24	1.04e-19	4.25e-16	2.76e-13	6.45e-11	6.25e-09	1.54e-07	1.95e-06	8.92e-06	2.89e-05	7.23e-05	1.92e-04	4.01e-04	8.93e-04	2.57e-03	8.90e-02	2.73e-01	3.81e-01	1.90e-01	5.14e-02	8.88e-03	1.28e-03	1.85e-04	8.21e-05	2.43e-06	0.00e+00
 2.28715e+22	0.00e+00	6.92e-24	1.63e-19	6.43e-16	4.04e-13	9.24e-11	8.80e-09	2.13e-07	2.64e-06	1.17e-05	3.70e-05	8.99e-05	2.31e-04	4.67e-04	1.00e-03	2.80e-03	9.36e-02	2.80e-01	3.81e-01	1.84e-01	4.78e-02	8.01e-03	1.13e-03	1.58e-04	6.90e-05	1.97e-06	0.00e+00
 2.29740e+22	0.00e+00	1.01e-23	2.31e-19	8.86e-16	5.43e-13	1.22e-10	1.15e-08	2.74e-07	3.33e-06	1.46e-05	4.49e-05	1.06e-04	2.67e-04	5.26e-04	1.10e-03	2.99e-03	9.73e-02	2.85e-01	3.80e-01	1.79e-01	4.52e-02	7.39e-03	1.02e-03	1.40e-04	6.01e-05	1.67e-06	0.00e+00
 2.30780e+22	0.00e+00	1.64e-23	3.62e-19	1.34e-15	7.93e-13	1.75e-10	1.62e-08	3.81e-07	4.51e-06	1.92e-05	5.77e-05	1.33e-04	3.22e-04	6.14e-04	1.24e-03	3.26e-03	1.02e-01	2.92e-01	3.79e-01	1.72e-01	4.18e-02	6.63e-03	8.91e-04	1.19e-04	5.02e-05	1.35e-06	0.00e+00
 2.31825e+22	0.00e+00	2.37e-23	5.08e-19	1.83e-15	1.06e-12	2.29e-10	2.10e-08	4.89e-07	5.68e-06	2.38e-05	6.98e-05	1.57e-04	3.72e-04	6.90e-04	1.36e-03	3.48e-03	1.06e-01	2.97e-01	3.78e-01	1.67e-01	3.94e-02	6.10e-03	8.02e-04	1.05e-04	4.36e-05	1.14e-06	0.00e+00
 2.32728e+22	0.00e+00	3.39e-23	7.04e-19	2.47e-15	1.39e-12	2.97e-10	2.70e-08	6.23e-07	7.11e-06	2.93e-05	8.41e-05	1.85e-04	4.27e-04	7.74e-04	1.48e-03	3.71e-03	1.10e-01	3.01e-01	3.77e-01	1.61e-01	3.71e-02	5.62e-03	7.24e-04	9.27e-05	3.80e-05	9.65e-07	0.00e+00
 2.33751e+22	0.00e+00	5.31e-23	1.06e-18	3.60e-15	1.97e-12	4.13e-10	3.71e-08	8.48e-07	9.46e-06	3.81e-05	1.07e-04	2.28e-04	5.10e-04	8.96e-04	1.66e-03	4.03e-03	1.16e-01	3.07e-01	3.74e-01	1.55e-01	3.43e-02	5.04e-03	6.33e-04	7.90e-05	3.18e-05	7.79e-07	0.00e+00
 2.34782e+22	0.00e+00	7.50e-23	1.46e-18	4.81e-15	2.57e-12	5.32e-10	4.75e-08	1.08e-06	1.18e-05	4.68e-05	1.28e-04	2.68e-04	5.86e-04	1.00e-03	1.81e-03	4.30e-03	1.20e-01	3.12e-01	3.72e-01	1.50e-01	3.22e-02	4.63e-03	5.70e-04	6.97e-05	2.76e-05	6.59e-07	0.00e+00
 2.35823e+22	0.00e+00	1.17e-22	2.18e-18	6.96e-15	3.61e-12	7.34e-10	6.50e-08	1.46e-06	1.57e-05	6.09e-05	1.62e-04	3.31e-04	7.00e-04	1.16e-03	2.03e-03	4.67e-03	1.25e-01	3.18e-01	3.70e-01	1.44e-01	2.97e-02	4.14e-03	4.96e-04	5.91e-05	2.30e-05	5.28e-07	0.00e+00
 2.36866e+22	0.00e+00	1.61e-22	2.93e-18	9.11e-15	4.63e-12	9.30e-10	8.19e-08	1.83e-06	1.93e-05	7.39e-05	1.93e-04	3.85e-04	7.97e-04	1.29e-03	2.21e-03	4.96e-03	1.30e-01	3.22e-01	3.67e-01	1.39e-01	2.79e-02	3.81e-03	4.48e-04	5.23e-05	2.00e-05	4.49e-07	0.00e+00
 2.37912e+22	0.00e+00	2.45e-22	4.30e-18	1.29e-14	6.39e-12	1.26e-09	1.11e-07	2.46e-06	2.55e-05	9.56e-05	2.44e-04	4.72e-04	9.48e-04	1.49e-03	2.47e-03	5.38e-03	1.36e-01	3.27e-01	3.63e-01	1.33e-01	2.56e-02	3.40e-03	3.90e-04	4.43e-05	1.67e-05	3.60e-07	0.00e+00
 2.38977e+22	0.00e+00	3.36e-22	5.74e-18	1.69e-14	8.15e-12	1.59e-09	1.39e-07	3.08e-06	3.14e-05	1.16e-04	2.90e-04	5.51e-04	1.08e-03	1.66e-03	2.68e-03	5.72e-03	1.40e-01	3.31e-01	3.60e-01	1.28e-01	2.40e-02	3.11e-03	3.50e-04	3.91e-05	1.45e-05	3.04e-07	0.00e+00
 2.40067e+22	0.00e+00	5.03e-22	8.30e-18	2.36e-14	1.11e-11	2.15e-09	1.87e-07	4.11e-06	4.11e-05	1.49e-04	3.63e-04	6.72e-04	1.28e-03	1.91e-03	2.98e-03	6.19e-03	1.47e-01	3.36e-01	3.56e-01	1.22e-01	2.21e-02	2.77e-03	3.05e-04	3.32e-05	1.21e-05	2.44e-07	0.00e+00
 2.41193e+22	0.00e+00	6.97e-22	1.12e-17	3.10e-14	1.43e-11	2.73e-09	2.37e-07	5.20e-06	5.12e-05	1.83e-04	4.36e-04	7.89e-04	1.47e-03	2.14e-03	3.26e-03	6.61e-03	1.52e-01	3.40e-01	3.52e-01	1.17e-01	2.05e-02	2.52e-03	2.71e-04	2.89e-05	1.04e-05	2.04e-07	0.00e+00
 2.42365e+22	2.11e-34	1.05e-21	1.62e-17	4.34e-14	1.95e-11	3.68e-09	3.20e-07	7.00e-06	6.75e-05	2.36e-04	5.50e-04	9.68e-04	1.74e-03	2.47e-03	3.64e-03	7.17e-03	1.59e-01	3.45e-01	3.47e-01	1.11e-01	1.87e-02	2.23e-03	2.34e-04	2.43e-05	8.52e-06	1.61e-07	0.00e+00
 2.43553e+22	3.04e-34	1.44e-21	2.15e-17	5.64e-14	2.48e-11	4.64e-09	4.03e-07	8.81e-06	8.37e-05	2.89e-04	6.58e-04	1.13e-03	1.99e-03	2.75e-03	3.97e-03	7.65e-03	1.65e-01	3.48e-01	3.42e-01	1.07e-01	1.74e-02	2.02e-03	2.08e-04	2.12e-05	7.31e-06	1.34e-07	0.00e+00
 2.44761e+22	4.82e-34	2.13e-21	3.08e-17	7.82e-14	3.35e-11	6.21e-09	5.40e-07	1.18e-05	1.10e-04	3.72e-04	8.27e-04	1.38e-03	2.36e-03	3.17e-03	4.42e-03	8.29e-03	1.72e-01	3.53e-01	3.36e-01	1.01e-01	1.58e-02	1.78e-03	1.79e-04	1.77e-05	6.00e-06	0.00e+00	0.00e+00
 2.45977e+22	6.84e-34	2.87e-21	4.04e-17	1.00e-13	4.22e-11	7.75e-09	6.74e-07	1.47e-05	1.35e-04	4.51e-04	9.83e-04	1.61e-03	2.68e-03	3.52e-03	4.80e-03	8.82e-03	1.78e-01	3.55e-01	3.31e-01	9.65e-02	1.47e-02	1.62e-03	1.59e-04	1.55e-05	5.15e-06	0.00e+00	0.00e+00
 2.47203e+22	1.06e-33	4.18e-21	5.68e-17	1.37e-13	5.63e-11	1.02e-08	8.94e-07	1.95e-05	1.76e-04	5.75e-04	1.22e-03	1.95e-03	3.16e-03	4.03e-03	5.33e-03	9.54e-03	1.85e-01	3.59e-01	3.24e-01	9.11e-02	1.33e-02	1.43e-03	1.37e-04	1.30e-05	4.23e-06	0.00e+00	0.00e+00
 2.48461e+22	1.50e-33	5.63e-21	7.45e-17	1.75e-13	7.08e-11	1.28e-08	1.12e-06	2.44e-05	2.16e-04	6.99e-04	1.46e-03	2.28e-03	3.59e-03	4.48e-03	5.79e-03	1.01e-02	1.91e-01	3.61e-01	3.18e-01	8.68e-02	1.23e-02	1.29e-03	1.21e-04	1.13e-05	3.62e-06	0.00e+00	0.00e+00
 2.49553e+22	2.06e-33	7.38e-21	9.53e-17	2.20e-13	8.72e-11	1.56e-08	1.37e-06	2.99e-05	2.62e-04	8.34e-04	1.71e-03	2.62e-03	4.04e-03	4.93e-03	6.24e-03	1.07e-02	1.97e-01	3.63e-01	3.13e-01	8.30e-02	1.15e-02	1.17e-03	1.08e-04	9.89e-06	3.13e-06	0.00e+00	0.00e+00
 2.50767e+22	3.08e-33	1.04e-20	1.30e-16	2.92e-13	1.14e-10	2.02e-08	1.78e-06	3.89e-05	3.34e-04	1.05e-03	2.09e-03	3.12e-03	4.69e-03	5.57e-03	6.86e-03	1.15e-02	2.04e-01	3.65e-01	3.06e-01	7.83e-02	1.04e-02	1.03e-03	9.32e-05	8.35e-06	2.59e-06	0.00e+00	0.00e+00
 2.51994e+22	4.20e-33	1.36e-20	1.66e-16	3.64e-13	1.39e-10	2.47e-08	2.18e-06	4.76e-05	4.04e-04	1.25e-03	2.45e-03	3.58e-03	5.26e-03	6.12e-03	7.38e-03	1.22e-02	2.10e-01	3.66e-01	3.00e-01	7.47e-02	9.65e-03	9.38e-04	8.30e-05	7.30e-06	2.23e-06	0.00e+00	0.00e+00
 2.53237e+22	6.23e-33	1.90e-20	2.25e-16	4.81e-13	1.81e-10	3.18e-08	2.82e-06	6.17e-05	5.14e-04	1.56e-03	2.99e-03	4.26e-03	6.09e-03	6.91e-03	8.10e-03	1.31e-02	2.18e-01	3.67e-01	2.92e-01	7.01e-02	8.74e-03	8.26e-04	7.14e-05	6.14e-06	1.84e-06	0.00e+00	0.00e+00
 2.54500e+22	8.45e-33	2.47e-20	2.85e-16	5.98e-13	2.21e-10	3.87e-08	3.45e-06	7.54e-05	6.19e-04	1.85e-03	3.49e-03	4.87e-03	6.81e-03	7.57e-03	8.70e-03	1.38e-02	2.24e-01	3.68e-01	2.85e-01	6.67e-02	8.09e-03	7.48e-04	6.35e-05	5.37e-06	1.58e-06	0.00e+00	0.00e+00
 2.55608e+22	1.13e-32	3.17e-20	3.58e-16	7.37e-13	2.69e-10	4.68e-08	4.19e-06	9.16e-05	7.41e-04	2.19e-03	4.05e-03	5.55e-03	7.60e-03	8.27e-03	9.31e-03	1.45e-02	2.29e-01	3.68e-01	2.79e-01	6.35e-02	7.48e-03	6.78e-04	5.65e-05	4.70e-06	1.37e-06	0.00e+00	0.00e+00
 2.56868e+22	1.65e-32	4.36e-20	4.78e-16	9.60e-13	3.44e-10	5.95e-08	5.37e-06	1.18e-04	9.37e-04	2.72e-03	4.91e-03	6.56e-03	8.74e-03	9.27e-03	1.02e-02	1.55e-02	2.37e-01	3.68e-01	2.70e-01	5.94e-02	6.75e-03	5.94e-04	4.85e-05	3.94e-06	1.12e-06	0.00e+00	0.00e+00
 2.58121e+22	2.17e-32	5.53e-20	5.93e-16	1.17e-12	4.14e-10	7.13e-08	6.45e-06	1.41e-04	1.11e-03	3.17e-03	5.63e-03	7.38e-03	9.64e-03	1.00e-02	1.08e-02	1.63e-02	2.42e-01	3.67e-01	2.63e-01	5.66e-02	6.27e-03	5.41e-04	4.34e-05	3.47e-06	9.78e-07	0.00e+00	0.00e+00
 2.59365e+22	3.10e-32	7.49e-20	7.80e-16	1.50e-12	5.24e-10	8.97e-08	8.18e-06	1.79e-04	1.38e-03	3.90e-03	6.76e-03	8.65e-03	1.10e-02	1.12e-02	1.17e-02	1.73e-02	2.49e-01	3.66e-01	2.55e-01	5.28e-02	5.65e-03	4.75e-04	3.73e-05	2.92e-06	8.08e-07	0.00e+00	0.00e+00
 2.60633e+22	4.10e-32	9.51e-20	9.69e-16	1.84e-12	6.31e-10	1.08e-07	9.84e-06	2.16e-04	1.64e-03	4.55e-03	7.76e-03	9.73e-03	1.21e-02	1.21e-02	1.25e-02	1.81e-02	2.54e-01	3.64e-01	2.48e-01	5.01e-02	5.22e-03	4.31e-04	3.33e-05	2.56e-06	6.99e-07	0.00e+00	0.00e+00
 2.61932e+22	5.85e-32	1.29e-19	1.28e-15	2.37e-12	8.00e-10	1.36e-07	1.25e-05	2.74e-04	2.05e-03	5.59e-03	9.31e-03	1.14e-02	1.38e-02	1.34e-02	1.35e-02	1.92e-02	2.60e-01	3.61e-01	2.38e-01	4.66e-02	4.69e-03	3.76e-04	2.84e-05	2.14e-06	5.73e-07	0.00e+00	0.00e+00
 2.63255e+22	7.75e-32	1.64e-19	1.59e-15	2.89e-12	9.66e-10	1.63e-07	1.51e-05	3.30e-04	2.43e-03	6.54e-03	1.07e-02	1.28e-02	1.52e-02	1.45e-02	1.43e-02	2.00e-02	2.65e-01	3.59e-01	2.31e-01	4.39e-02	4.31e-03	3.39e-04	2.52e-05	1.87e-06	4.93e-07	0.00e+00	0.00e+00
 2.64611e+22	5.26e-32	2.23e-19	2.10e-15	3.73e-12	1.23e-09	2.06e-07	1.92e-05	4.21e-04	3.03e-03	8.02e-03	1.28e-02	1.49e-02	1.73e-02	1.60e-02	1.54e-02	2.12e-02	2.71e-01	3.54e-01	2.21e-01	4.06e-02	3.84e-03	2.94e-04	2.13e-05	1.55e-06	4.01e-07	0.00e+00	0.00e+00
 2.65991e+22	6.97e-32	2.84e-19	2.62e-15	4.57e-12	1.48e-09	2.48e-07	2.32e-05	5.07e-04	3.60e-03	9.37e-03	1.47e-02	1.68e-02	1.90e-02	1.73e-02	1.63e-02	2.21e-02	2.75e-01	3.50e-01	2.13e-01	3.81e-02	3.51e-03	2.63e-04	1.88e-05	1.34e-06	3.42e-07	0.00e+00	0.00e+00
 2.67403e+22	9.99e-32	3.86e-19	3.46e-15	5.91e-12	1.89e-09	3.14e-07	2.96e-05	6.46e-04	4.49e-03	1.15e-02	1.75e-02	1.95e-02	2.15e-02	1.91e-02	1.75e-02	2.33e-02	2.80e-01	3.44e-01	2.02e-01	3.50e-02	3.11e-03	2.27e-04	1.58e-05	1.11e-06	2.77e-07	0.00e+00	0.00e+00
 2.68784e+22	1.29e-31	4.83e-19	4.24e-15	7.14e-12	2.25e-09	3.73e-07	3.51e-05	7.64e-04	5.22e-03	1.32e-02	1.97e-02	2.16e-02	2.33e-02	2.03e-02	1.84e-02	2.41e-02	2.83e-01	3.40e-01	1.95e-01	3.29e-02	2.86e-03	2.05e-04	1.41e-05	9.71e-07	2.39e-07	0.00e+00	0.00e+00
 2.70122e+22	1.80e-31	6.38e-19	5.46e-15	9.00e-12	2.80e-09	4.62e-07	4.39e-05	9.56e-04	6.41e-03	1.59e-02	2.32e-02	2.47e-02	2.60e-02	2.21e-02	1.96e-02	2.52e-02	2.86e-01	3.32e-01	1.85e-01	3.01e-02	2.53e-03	1.77e-04	1.19e-05	8.02e-07	1.94e-07	0.00e+00	0.00e+00
 2.71481e+22	2.33e-31	8.00e-19	6.71e-15	1.09e-11	3.34e-09	5.48e-07	5.21e-05	1.13e-03	7.44e-03	1.82e-02	2.61e-02	2.72e-02	2.81e-02	2.35e-02	2.04e-02	2.59e-02	2.87e-01	3.26e-01	1.78e-01	2.82e-02	2.32e-03	1.59e-04	1.05e-05	7.00e-07	1.67e-07	0.00e+00	0.00e+00
 2.72865e+22	3.23e-31	1.06e-18	8.65e-15	1.37e-11	4.16e-09	6.79e-07	6.49e-05	1.40e-03	9.06e-03	2.17e-02	3.04e-02	3.10e-02	3.11e-02	2.54e-02	2.16e-02	2.69e-02	2.89e-01	3.17e-01	1.67e-01	2.57e-02	2.04e-03	1.37e-04	8.85e-06	5.78e-07	1.36e-07	0.00e+00	0.00e+00
 2.74292e+22	4.23e-31	1.33e-18	1.07e-14	1.67e-11	4.99e-09	8.10e-07	7.76e-05	1.67e-03	1.06e-02	2.50e-02	3.44e-02	3.43e-02	3.37e-02	2.70e-02	2.25e-02	2.76e-02	2.89e-01	3.09e-01	1.59e-01	2.38e-02	1.84e-03	1.21e-04	7.69e-06	4.93e-07	0.00e+00	0.00e+00	0.00e+00
 2.75773e+22	5.92e-31	1.78e-18	1.39e-14	2.12e-11	6.27e-09	1.01e-06	9.69e-05	2.08e-03	1.29e-02	2.98e-02	3.99e-02	3.87e-02	3.71e-02	2.90e-02	2.36e-02	2.85e-02	2.88e-01	2.98e-01	1.48e-01	2.15e-02	1.61e-03	1.03e-04	6.41e-06	4.03e-07	0.00e+00	0.00e+00	0.00e+00
 2.77302e+22	7.83e-31	2.27e-18	1.73e-14	2.60e-11	7.57e-09	1.21e-06	1.17e-04	2.49e-03	1.52e-02	3.44e-02	4.51e-02	4.28e-02	4.01e-02	3.07e-02	2.45e-02	2.91e-02	2.87e-01	2.88e-01	1.39e-01	1.96e-02	1.43e-03	8.96e-05	5.48e-06	3.39e-07	0.00e+00	0.00e+00	0.00e+00
 2.78892e+22	1.11e-30	3.06e-18	2.27e-14	3.34e-11	9.57e-09	1.52e-06	1.46e-04	3.10e-03	1.84e-02	4.09e-02	5.22e-02	4.82e-02	4.39e-02	3.28e-02	2.55e-02	2.97e-02	2.83e-01	2.75e-01	1.29e-01	1.75e-02	1.23e-03	7.51e-05	4.49e-06	2.72e-07	0.00e+00	0.00e+00	0.00e+00
 2.80524e+22	1.48e-30	3.91e-18	2.84e-14	4.10e-11	1.16e-08	1.83e-06	1.76e-04	3.71e-03	2.16e-02	4.70e-02	5.87e-02	5.29e-02	4.71e-02	3.44e-02	2.62e-02	3.01e-02	2.79e-01	2.63e-01	1.19e-01	1.58e-02	1.08e-03	6.45e-05	3.79e-06	2.25e-07	0.00e+00	0.00e+00	0.00e+00
 2.82210e+22	2.11e-30	5.30e-18	3.75e-14	5.28e-11	1.47e-08	2.30e-06	2.21e-04	4.61e-03	2.61e-02	5.56e-02	6.75e-02	5.91e-02	5.11e-02	3.63e-02	2.70e-02	3.04e-02	2.72e-01	2.47e-01	1.08e-01	1.38e-02	9.13e-04	5.31e-05	3.05e-06	1.77e-07	0.00e+00	0.00e+00	0.00e+00
 2.83948e+22	2.83e-30	6.82e-18	4.71e-14	6.51e-11	1.79e-08	2.77e-06	2.67e-04	5.50e-03	3.06e-02	6.37e-02	7.55e-02	6.45e-02	5.44e-02	3.78e-02	2.75e-02	3.05e-02	2.65e-01	2.33e-01	9.92e-02	1.23e-02	7.87e-04	4.48e-05	2.52e-06	1.44e-07	0.00e+00	0.00e+00	0.00e+00
 2.85755e+22	4.07e-30	9.30e-18	6.24e-14	8.43e-11	2.27e-08	3.48e-06	3.34e-04	6.82e-03	3.68e-02	7.48e-02	8.60e-02	7.12e-02	5.83e-02	3.94e-02	2.79e-02	3.03e-02	2.54e-01	2.15e-01	8.82e-02	1.05e-02	6.50e-04	3.60e-05	1.98e-06	1.10e-07	0.00e+00	0.00e+00	0.00e+00
 2.87624e+22	5.50e-30	1.20e-17	7.88e-14	1.04e-10	2.77e-08	4.20e-06	4.03e-04	8.14e-03	4.28e-02	8.52e-02	9.55e-02	7.69e-02	6.14e-02	4.05e-02	2.81e-02	3.00e-02	2.43e-01	1.99e-01	7.92e-02	9.11e-03	5.48e-04	2.97e-05	1.60e-06	0.00e+00	0.00e+00	0.00e+00	0.00e+00
 2.89317e+22	7.35e-30	1.54e-17	9.84e-14	1.28e-10	3.34e-08	5.02e-06	4.80e-04	9.59e-03	4.93e-02	9.59e-02	1.05e-01	8.24e-02	6.41e-02	4.13e-02	2.80e-02	2.94e-02	2.32e-01	1.84e-01	7.08e-02	7.90e-03	4.62e-04	2.44e-05	1.29e-06	0.00e+00	0.00e+00	0.00e+00	0.00e+00
 2.91261e+22	1.06e-29	2.09e-17	1.30e-13	1.64e-10	4.21e-08	6.26e-06	5.95e-04	1.17e-02	5.84e-02	1.11e-01	1.17e-01	8.89e-02	6.71e-02	4.20e-02	2.77e-02	2.85e-02	2.16e-01	1.64e-01	6.08e-02	6.52e-03	3.68e-04	1.89e-05	9.72e-07	0.00e+00	0.00e+00	0.00e+00	0.00e+00
 2.93243e+22	1.41e-29	2.67e-17	1.61e-13	2.00e-10	5.06e-08	7.44e-06	7.06e-04	1.37e-02	6.67e-02	1.23e-01	1.27e-01	9.39e-02	6.90e-02	4.21e-02	2.72e-02	2.75e-02	2.02e-01	1.48e-01	5.32e-02	5.52e-03	3.02e-04	1.51e-05	7.63e-07	0.00e+00	0.00e+00	0.00e+00	0.00e+00
 2.95274e+22	2.01e-29	3.59e-17	2.11e-13	2.55e-10	6.32e-08	9.16e-06	8.64e-04	1.66e-02	7.78e-02	1.40e-01	1.39e-01	9.94e-02	7.07e-02	4.19e-02	2.62e-02	2.60e-02	1.83e-01	1.29e-01	4.45e-02	4.43e-03	2.33e-04	1.14e-05	5.58e-07	0.00e+00	0.00e+00	0.00e+00	0.00e+00
 2.97332e+22	2.65e-29	4.53e-17	2.59e-13	3.07e-10	7.50e-08	1.08e-05	1.01e-03	1.91e-02	8.75e-02	1.53e-01	1.49e-01	1.03e-01	7.15e-02	4.13e-02	2.53e-02	2.46e-02	1.68e-01	1.14e-01	3.81e-02	3.66e-03	1.87e-04	8.91e-06	4.28e-07	0.00e+00	0.00e+00	0.00e+00	0.00e+00
 2.99425e+22	3.72e-29	6.01e-17	3.33e-13	3.84e-10	9.22e-08	1.31e-05	1.22e-03	2.27e-02	1.00e-01	1.71e-01	1.60e-01	1.07e-01	7.16e-02	4.01e-02	2.38e-02	2.28e-02	1.49e-01	9.70e-02	3.09e-02	2.85e-03	1.40e-04	6.47e-06	3.03e-07	0.00e+00	0.00e+00	0.00e+00	0.00e+00
 3.01541e+22	4.83e-29	7.46e-17	4.03e-13	4.56e-10	1.08e-07	1.51e-05	1.41e-03	2.58e-02	1.11e-01	1.84e-01	1.68e-01	1.09e-01	7.11e-02	3.88e-02	2.26e-02	2.12e-02	1.34e-01	8.42e-02	2.60e-02	2.31e-03	1.10e-04	4.96e-06	2.27e-07	0.00e+00	0.00e+00	0.00e+00	0.00e+00
 3.03685e+22	6.65e-29	9.68e-17	5.07e-13	5.59e-10	1.30e-07	1.80e-05	1.68e-03	3.02e-02	1.25e-01	2.01e-01	1.77e-01	1.11e-01	6.96e-02	3.68e-02	2.08e-02	1.91e-02	1.16e-01	6.94e-02	2.04e-02	1.74e-03	7.97e-05	3.48e-06	1.55e-07	0.00e+00	0.00e+00	0.00e+00	0.00e+00
 3.05841e+22	8.48e-29	1.18e-16	6.05e-13	6.54e-10	1.50e-07	2.06e-05	1.91e-03	3.39e-02	1.37e-01	2.14e-01	1.82e-01	1.11e-01	6.80e-02	3.50e-02	1.93e-02	1.75e-02	1.03e-01	5.93e-02	1.69e-02	1.39e-03	6.17e-05	2.63e-06	0.00e+00	0.00e+00	0.00e+00	0.00e+00	0.00e+00
 3.07644e+22	1.05e-28	1.41e-16	7.05e-13	7.50e-10	1.70e-07	2.31e-05	2.13e-03	3.74e-02	1.47e-01	2.25e-01	1.87e-01	1.11e-01	6.61e-02	3.33e-02	1.80e-02	1.61e-02	9.14e-02	5.12e-02	1.41e-02	1.12e-03	4.86e-05	2.03e-06	0.00e+00	0.00e+00	0.00e+00	0.00e+00	0.00e+00
 3.09621e+22	1.35e-28	1.73e-16	8.40e-13	8.75e-10	1.96e-07	2.64e-05	2.44e-03	4.22e-02	1.60e-01	2.38e-01	1.91e-01	1.10e-01	6.32e-02	3.09e-02	1.62e-02	1.43e-02	7.77e-02	4.16e-02	1.10e-02	8.38e-04	3.49e-05	1.41e-06	0.00e+00	0.00e+00	0.00e+00	0.00e+00	0.00e+00
 3.11569e+22	1.64e-28	2.03e-16	9.64e-13	9.87e-10	2.19e-07	2.93e-05	2.70e-03	4.60e-02	1.70e-01	2.47e-01	1.94e-01	1.08e-01	6.08e-02	2.91e-02	1.50e-02	1.30e-02	6.88e-02	3.56e-02	9.14e-03	6.75e-04	2.74e-05	1.08e-06	0.00e+00	0.00e+00	0.00e+00	0.00e+00	0.00e+00
 3.13482e+22	2.06e-28	2.44e-16	1.13e-12	1.13e-09	2.48e-07	3.30e-05	3.04e-03	5.12e-02	1.83e-01	2.58e-01	1.96e-01	1.05e-01	5.74e-02	2.67e-02	1.34e-02	1.15e-02	5.81e-02	2.88e-02	7.09e-03	5.02e-04	1.96e-05	7.55e-07	0.00e+00	0.00e+00	0.00e+00	0.00e+00	0.00e+00
 3.15426e+22	2.47e-28	2.83e-16	1.28e-12	1.27e-09	2.76e-07	3.64e-05	3.34e-03	5.54e-02	1.93e-01	2.66e-01	1.96e-01	1.03e-01	5.47e-02	2.48e-02	1.22e-02	1.03e-02	5.07e-02	2.43e-02	5.78e-03	3.96e-04	1.51e-05	5.67e-07	0.00e+00	0.00e+00	0.00e+00	0.00e+00	0.00e+00
 3.17414e+22	3.07e-28	3.37e-16	1.48e-12	1.44e-09	3.11e-07	4.09e-05	3.76e-03	6.13e-02	2.06e-01	2.76e-01	1.96e-01	9.90e-02	5.08e-02	2.24e-02	1.07e-02	8.95e-03	4.20e-02	1.92e-02	4.38e-03	2.87e-04	1.05e-05	3.83e-07	0.00e+00	0.00e+00	0.00e+00	0.00e+00	0.00e+00
 3.19424e+22	3.65e-28	3.88e-16	1.67e-12	1.61e-09	3.44e-07	4.48e-05	4.11e-03	6.62e-02	2.15e-01	2.82e-01	1.95e-01	9.57e-02	4.78e-02	2.06e-02	9.66e-03	7.97e-03	3.61e-02	1.59e-02	3.51e-03	2.23e-04	7.92e-06	2.82e-07	0.00e+00	0.00e+00	0.00e+00	0.00e+00	0.00e+00
 3.21466e+22	4.47e-28	4.60e-16	1.93e-12	1.82e-09	3.88e-07	5.02e-05	4.61e-03	7.28e-02	2.28e-01	2.89e-01	1.92e-01	9.10e-02	4.39e-02	1.83e-02	8.36e-03	6.81e-03	2.95e-02	1.24e-02	2.61e-03	1.58e-04	5.41e-06	1.87e-07	0.00e+00	0.00e+00	0.00e+00	0.00e+00	0.00e+00
 3.23545e+22	5.26e-28	5.25e-16	2.16e-12	2.01e-09	4.26e-07	5.49e-05	5.04e-03	7.83e-02	2.38e-01	2.94e-01	1.90e-01	8.70e-02	4.08e-02	1.66e-02	7.42e-03	5.99e-03	2.49e-02	1.01e-02	2.05e-03	1.20e-04	3.97e-06	1.33e-07	0.00e+00	0.00e+00	0.00e+00	0.00e+00	0.00e+00
 3.25674e+22	6.40e-28	6.17e-16	2.47e-12	2.27e-09	4.80e-07	6.15e-05	5.64e-03	8.59e-02	2.50e-01	2.99e-01	1.86e-01	8.17e-02	3.69e-02	1.45e-02	6.31e-03	5.03e-03	2.00e-02	7.68e-03	1.49e-03	8.26e-05	2.63e-06	0.00e+00	0.00e+00	0.00e+00	0.00e+00	0.00e+00	0.00e+00
 3.27841e+22	7.44e-28	7.01e-16	2.74e-12	2.50e-09	5.29e-07	6.74e-05	6.16e-03	9.23e-02	2.60e-01	3.02e-01	1.82e-01	7.73e-02	3.39e-02	1.30e-02	5.52e-03	4.37e-03	1.66e-02	6.14e-03	1.14e-03	6.11e-05	1.88e-06	0.00e+00	0.00e+00	0.00e+00	0.00e+00	0.00e+00	0.00e+00
 3.30059e+22	8.94e-28	8.20e-16	3.13e-12	2.83e-09	5.97e-07	7.57e-05	6.89e-03	1.01e-01	2.72e-01	3.05e-01	1.76e-01	7.16e-02	3.01e-02	1.11e-02	4.61e-03	3.61e-03	1.30e-02	4.56e-03	8.08e-04	4.10e-05	1.21e-06	0.00e+00	0.00e+00	0.00e+00	0.00e+00	0.00e+00	0.00e+00
 3.32304e+22	1.03e-27	9.28e-16	3.47e-12	3.11e-09	6.59e-07	8.31e-05	7.53e-03	1.08e-01	2.81e-01	3.06e-01	1.71e-01	6.71e-02	2.74e-02	9.83e-03	3.98e-03	3.10e-03	1.07e-02	3.60e-03	6.12e-04	2.98e-05	8.51e-07	0.00e+00	0.00e+00	0.00e+00	0.00e+00	0.00e+00	0.00e+00
 3.34202e+22	1.16e-27	1.03e-15	3.80e-12	3.40e-09	7.21e-07	9.05e-05	8.16e-03	1.15e-01	2.89e-01	3.07e-01	1.66e-01	6.30e-02	2.50e-02	8.75e-03	3.48e-03	2.69e-03	8.94e-03	2.88e-03	4.73e-04	2.21e-05	6.14e-07	0.00e+00	0.00e+00	0.00e+00	0.00e+00	0.00e+00	0.00e+00
 3.36285e+22	1.35e-27	1.19e-15	4.27e-12	3.80e-09	8.12e-07	1.01e-04	9.05e-03	1.25e-01	2.98e-01	3.07e-01	1.59e-01	5.79e-02	2.21e-02	7.49e-03	2.90e-03	2.23e-03	7.03e-03	2.15e-03	3.36e-04	1.50e-05	3.99e-07	0.00e+00	0.00e+00	0.00e+00	0.00e+00	0.00e+00	0.00e+00
 3.38374e+22	1.51e-27	1.32e-15	4.68e-12	4.15e-09	8.92e-07	1.10e-04	9.80e-03	1.33e-01	3.06e-01	3.06e-01	1.53e-01	5.41e-02	2.00e-02	6.61e-03	2.51e-03	1.92e-03	5.82e-03	1.71e-03	2.57e-04	1.10e-05	2.85e-07	0.00e+00	0.00e+00	0.00e+00	0.00e+00	0.00e+00	0.00e+00
 3.40415e+22	1.72e-27	1.50e-15	5.22e-12	4.64e-09	1.00e-06	1.23e-04	1.08e-02	1.43e-01	3.14e-01	3.04e-01	1.46e-01	4.95e-02	1.77e-02	5.65e-03	2.09e-03	1.59e-03	4.59e-03	1.28e-03	1.84e-04	7.51e-06	1.87e-07	0.00e+00	0.00e+00	0.00e+00	0.00e+00	0.00e+00	0.00e+00
 3.42496e+22	1.92e-27	1.67e-15	5.74e-12	5.11e-09	1.11e-06	1.35e-04	1.17e-02	1.52e-01	3.21e-01	3.01e-01	1.40e-01	4.58e-02	1.59e-02	4.94e-03	1.79e-03	1.36e-03	3.74e-03	1.00e-03	1.39e-04	5.43e-06	1.31e-07	0.00e+00	0.00e+00	0.00e+00	0.00e+00	0.00e+00	0.00e+00
 3.44539e+22	2.15e-27	1.88e-15	6.38e-12	5.71e-09	1.26e-06	1.51e-04	1.29e-02	1.63e-01	3.28e-01	2.98e-01	1.33e-01	4.17e-02	1.39e-02	4.21e-03	1.49e-03	1.13e-03	2.95e-03	7.53e-04	9.94e-05	3.71e-06	0.00e+00	0.00e+00	0.00e+00	0.00e+00	0.00e+00	0.00e+00	0.00e+00
 3.46625e+22	2.37e-27	2.11e-15	7.05e-12	6.34e-09	1.41e-06	1.67e-04	1.40e-02	1.73e-01	3.33e-01	2.94e-01	1.27e-01	3.83e-02	1.24e-02	3.63e-03	1.26e-03	9.50e-04	2.38e-03	5.80e-04	7.34e-05	2.63e-06	0.00e+00	0.00e+00	0.00e+00	0.00e+00	0.00e+00	0.00e+00	0.00e+00
 3.48667e+22	2.62e-27	2.36e-15	7.81e-12	7.09e-09	1.59e-06	1.86e-04	1.53e-02	1.84e-01	3.39e-01	2.89e-01	1.20e-01	3.48e-02	1.09e-02	3.09e-03	1.05e-03	7.90e-04	1.88e-03	4.37e-04	5.30e-05	1.81e-06	0.00e+00	0.00e+00	0.00e+00	0.00e+00	0.00e+00	0.00e+00	0.00e+00
 3.50706e+22	2.89e-27	2.65e-15	8.68e-12	7.93e-09	1.79e-06	2.06e-04	1.67e-02	1.95e-01	3.43e-01	2.84e-01	1.13e-01	3.18e-02	9.61e-03	2.66e-03	8.86e-04	6.64e-04	1.51e-03	3.36e-04	3.91e-05	1.28e-06	0.00e+00	0.00e+00	0.00e+00	0.00e+00	0.00e+00	0.00e+00	0.00e+00
 3.52763e+22	3.20e-27	2.99e-15	9.71e-12	8.96e-09	2.04e-06	2.30e-04	1.82e-02	2.07e-01	3.48e-01	2.78e-01	1.07e-01	2.87e-02	8.39e-03	2.26e-03	7.35e-04	5.49e-04	1.19e-03	2.52e-04	2.81e-05	8.79e-07	0.00e+00	0.00e+00	0.00e+00	0.00e+00	0.00e+00	0.00e+00	0.00e+00
 3.54846e+22	3.53e-27	3.36e-15	1.08e-11	1.01e-08	2.32e-06	2.56e-04	1.98e-02	2.19e-01	3.51e-01	2.72e-01	1.00e-01	2.61e-02	7.35e-03	1.92e-03	6.14e-04	4.57e-04	9.44e-04	1.91e-04	2.04e-05	6.12e-07	0.00e+00	0.00e+00	0.00e+00	0.00e+00	0.00e+00	0.00e+00	0.00e+00
 3.56884e+22	3.90e-27	3.78e-15	1.21e-11	1.14e-08	2.64e-06	2.86e-04	2.15e-02	2.32e-01	3.54e-01	2.65e-01	9.44e-02	2.36e-02	6.44e-03	1.64e-03	5.13e-04	3.80e-04	7.49e-04	1.45e-04	1.48e-05	4.25e-07	0.00e+00	0.00e+00	0.00e+00	0.00e+00	0.00e+00	0.00e+00	0.00e+00
 3.58925e+22	4.31e-27	4.26e-15	1.36e-11	1.30e-08	3.01e-06	3.19e-04	2.33e-02	2.44e-01	3.55e-01	2.58e-01	8.85e-02	2.13e-02	5.62e-03	1.39e-03	4.27e-04	3.15e-04	5.93e-04	1.10e-04	1.08e-05	2.96e-07	0.00e+00	0.00e+00	0.00e+00	0.00e+00	0.00e+00	0.00e+00	0.00e+00
 3.60976e+22	4.79e-27	4.82e-15	1.54e-11	1.48e-08	3.44e-06	3.56e-04	2.53e-02	2.58e-01	3.57e-01	2.51e-01	8.27e-02	1.92e-02	4.90e-03	1.18e-03	3.56e-04	2.61e-04	4.68e-04	8.27e-05	7.80e-06	2.05e-07	0.00e+00	0.00e+00	0.00e+00	0.00e+00	0.00e+00	0.00e+00	0.00e+00
 3.63041e+22	5.35e-27	5.47e-15	1.74e-11	1.70e-08	3.94e-06	3.97e-04	2.74e-02	2.71e-01	3.57e-01	2.43e-01	7.72e-02	1.72e-02	4.27e-03	1.00e-03	2.96e-04	2.15e-04	3.69e-04	6.23e-05	5.64e-06	1.42e-07	0.00e+00	0.00e+00	0.00e+00	0.00e+00	0.00e+00	0.00e+00	0.00e+00
 3.65125e+22	6.02e-27	6.23e-15	1.98e-11	1.96e-08	4.53e-06	4.45e-04	2.97e-02	2.85e-01	3.57e-01	2.35e-01	7.18e-02	1.55e-02	3.70e-03	8.46e-04	2.45e-04	1.77e-04	2.90e-04	4.68e-05	4.06e-06	0.00e+00	0.00e+00	0.00e+00	0.00e+00	0.00e+00	0.00e+00	0.00e+00	0.00e+00
 3.67222e+22	6.81e-27	7.12e-15	2.27e-11	2.26e-08	5.20e-06	4.97e-04	3.21e-02	2.99e-01	3.56e-01	2.27e-01	6.67e-02	1.39e-02	3.21e-03	7.15e-04	2.03e-04	1.46e-04	2.28e-04	3.51e-05	2.92e-06	0.00e+00	0.00e+00	0.00e+00	0.00e+00	0.00e+00	0.00e+00	0.00e+00	0.00e+00
 3.69351e+22	7.80e-27	8.20e-15	2.62e-11	2.63e-08	6.01e-06	5.58e-04	3.48e-02	3.13e-01	3.55e-01	2.18e-01	6.18e-02	1.24e-02	2.77e-03	6.01e-04	1.68e-04	1.19e-04	1.78e-04	2.62e-05	2.09e-06	0.00e+00	0.00e+00	0.00e+00	0.00e+00	0.00e+00	0.00e+00	0.00e+00	0.00e+00
 3.71500e+22	9.00e-27	9.45e-15	3.02e-11	3.06e-08	6.93e-06	6.24e-04	3.76e-02	3.28e-01	3.52e-01	2.10e-01	5.72e-02	1.10e-02	2.40e-03	5.07e-04	1.39e-04	9.76e-05	1.40e-04	1.96e-05	1.50e-06	0.00e+00	0.00e+00	0.00e+00	0.00e+00	0.00e+00	0.00e+00	0.00e+00	0.00e+00
 3.73690e+22	1.21e-26	1.10e-14	3.53e-11	3.60e-08	8.06e-06	7.03e-04	4.07e-02	3.43e-01	3.49e-01	2.01e-01	5.26e-02	9.80e-03	2.06e-03	4.24e-04	1.14e-04	7.92e-05	1.08e-04	1.45e-05	1.06e-06	0.00e+00	0.00e+00	0.00e+00	0.00e+00	0.00e+00	0.00e+00	0.00e+00	0.00e+00
 3.75915e+22	1.43e-26	1.28e-14	4.13e-11	4.23e-08	9.33e-06	7.88e-04	4.39e-02	3.58e-01	3.46e-01	1.92e-01	4.84e-02	8.70e-03	1.77e-03	3.56e-04	9.42e-05	6.45e-05	8.43e-05	1.07e-05	7.56e-07	0.00e+00	0.00e+00	0.00e+00	0.00e+00	0.00e+00	0.00e+00	0.00e+00	0.00e+00
 3.77954e+22	1.67e-26	1.46e-14	4.74e-11	4.86e-08	1.06e-05	8.69e-04	4.68e-02	3.70e-01	3.42e-01	1.85e-01	4.51e-02	7.87e-03	1.56e-03	3.07e-04	8.01e-05	5.43e-05	6.83e-05	8.37e-06	5.69e-07	0.00e+00	0.00e+00	0.00e+00	0.00e+00	0.00e+00	0.00e+00	0.00e+00	0.00e+00
 3.80084e+22	2.03e-26	1.74e-14	5.65e-11	5.82e-08	1.24e-05	9.83e-04	5.07e-02	3.86e-01	3.37e-01	1.76e-01	4.11e-02	6.91e-03	1.32e-03	2.54e-04	6.51e-05	4.34e-05	5.21e-05	6.07e-06	3.95e-07	0.00e+00	0.00e+00	0.00e+00	0.00e+00	0.00e+00	0.00e+00	0.00e+00	0.00e+00
 3.82246e+22	2.41e-26	2.00e-14	6.55e-11	6.72e-08	1.41e-05	1.08e-03	5.39e-02	3.98e-01	3.33e-01	1.69e-01	3.81e-02	6.23e-03	1.16e-03	2.18e-04	5.52e-05	3.64e-05	4.21e-05	4.71e-06	2.96e-07	0.00e+00	0.00e+00	0.00e+00	0.00e+00	0.00e+00	0.00e+00	0.00e+00	0.00e+00
