#depth	Cl	Cl+	Cl+2	Cl+3	Cl+4	Cl+5	Cl+6	Cl+7	Cl+8	Cl+9	Cl+10	Cl+11	Cl+12	Cl+13	Cl+14	Cl+15	Cl+16	Cl+17
 4.62852e+21	0.00e+00	0.00e+00	0.00e+00	0.00e+00	1.06e-23	1.45e-20	1.10e-17	1.10e-14	3.02e-12	3.69e-10	2.16e-08	7.74e-07	1.64e-05	2.27e-04	3.46e-03	9.73e-02	3.92e-01	5.07e-01
 1.05607e+22	0.00e+00	0.00e+00	0.00e+00	2.14e-25	3.28e-22	3.16e-19	2.78e-16	3.91e-13	7.47e-11	6.28e-09	2.52e-07	6.20e-06	8.91e-05	8.30e-04	8.54e-03	1.63e-01	4.42e-01	3.85e-01
 1.26665e+22	0.00e+00	0.00e+00	1.19e-27	5.17e-24	6.23e-21	4.69e-18	3.17e-15	3.66e-12	5.62e-10	3.77e-08	1.20e-06	2.33e-05	2.61e-04	1.86e-03	1.48e-02	2.18e-01	4.57e-01	3.07e-01
 1.40197e+22	0.00e+00	1.08e-30	1.32e-26	4.87e-23	4.91e-20	3.07e-17	1.70e-14	1.74e-11	2.30e-09	1.32e-07	3.57e-06	5.89e-05	5.54e-04	3.26e-03	2.14e-02	2.63e-01	4.57e-01	2.55e-01
 1.47085e+22	0.00e+00	2.08e-30	2.43e-26	8.62e-23	8.28e-20	4.94e-17	2.60e-14	2.57e-11	3.29e-09	1.82e-07	4.71e-06	7.45e-05	6.71e-04	3.76e-03	2.35e-02	2.75e-01	4.55e-01	2.42e-01
 1.49396e+22	0.00e+00	3.42e-30	3.88e-26	1.33e-22	1.23e-19	7.07e-17	3.58e-14	3.46e-11	4.30e-09	2.31e-07	5.81e-06	8.92e-05	7.75e-04	4.18e-03	2.52e-02	2.85e-01	4.53e-01	2.32e-01
 1.51141e+22	0.00e+00	4.80e-30	5.32e-26	1.78e-22	1.61e-19	9.04e-17	4.45e-14	4.24e-11	5.17e-09	2.73e-07	6.71e-06	1.01e-04	8.55e-04	4.49e-03	2.63e-02	2.91e-01	4.52e-01	2.26e-01
 1.53005e+22	0.00e+00	7.78e-30	8.34e-26	2.71e-22	2.37e-19	1.28e-16	6.07e-14	5.66e-11	6.72e-09	3.44e-07	8.22e-06	1.20e-04	9.82e-04	4.97e-03	2.81e-02	3.00e-01	4.49e-01	2.17e-01
 1.55032e+22	0.00e+00	1.26e-29	1.30e-25	4.11e-22	3.46e-19	1.80e-16	8.20e-14	7.50e-11	8.69e-09	4.34e-07	1.00e-05	1.42e-04	1.13e-03	5.50e-03	3.00e-02	3.09e-01	4.46e-01	2.08e-01
 1.56928e+22	0.00e+00	1.92e-29	1.93e-25	5.93e-22	4.84e-19	2.45e-16	1.08e-13	9.66e-11	1.09e-08	5.32e-07	1.20e-05	1.65e-04	1.27e-03	6.01e-03	3.17e-02	3.17e-01	4.44e-01	2.00e-01
 1.59051e+22	0.00e+00	3.39e-29	3.29e-25	9.72e-22	7.60e-19	3.67e-16	1.55e-13	1.35e-10	1.49e-08	7.00e-07	1.52e-05	2.02e-04	1.50e-03	6.76e-03	3.42e-02	3.28e-01	4.40e-01	1.90e-01
 1.61174e+22	0.00e+00	5.42e-29	5.09e-25	1.46e-21	1.10e-18	5.12e-16	2.07e-13	1.78e-10	1.91e-08	8.76e-07	1.85e-05	2.38e-04	1.71e-03	7.45e-03	3.63e-02	3.37e-01	4.36e-01	1.82e-01
 1.62990e+22	0.00e+00	8.43e-29	7.68e-25	2.13e-21	1.56e-18	7.00e-16	2.73e-13	2.31e-10	2.42e-08	1.08e-06	2.23e-05	2.79e-04	1.94e-03	8.16e-03	3.85e-02	3.45e-01	4.32e-01	1.74e-01
 1.65045e+22	0.00e+00	1.47e-28	1.29e-24	3.45e-21	2.41e-18	1.04e-15	3.86e-13	3.19e-10	3.26e-08	1.41e-06	2.81e-05	3.39e-04	2.27e-03	9.14e-03	4.13e-02	3.55e-01	4.26e-01	1.65e-01
 1.67155e+22	0.00e+00	2.32e-28	1.97e-24	5.12e-21	3.45e-18	1.43e-15	5.14e-13	4.17e-10	4.16e-08	1.76e-06	3.40e-05	3.99e-04	2.58e-03	1.00e-02	4.37e-02	3.64e-01	4.22e-01	1.58e-01
 1.69033e+22	0.00e+00	3.65e-28	3.01e-24	7.56e-21	4.92e-18	1.97e-15	6.81e-13	5.43e-10	5.30e-08	2.18e-06	4.10e-05	4.68e-04	2.93e-03	1.10e-02	4.62e-02	3.72e-01	4.17e-01	1.51e-01
 1.71170e+22	0.00e+00	6.45e-28	5.10e-24	1.23e-20	7.69e-18	2.94e-15	9.68e-13	7.57e-10	7.17e-08	2.86e-06	5.18e-05	5.71e-04	3.43e-03	1.23e-02	4.95e-02	3.82e-01	4.10e-01	1.42e-01
 1.73343e+22	0.00e+00	1.06e-27	8.08e-24	1.89e-20	1.13e-17	4.15e-15	1.31e-12	1.01e-09	9.31e-08	3.62e-06	6.36e-05	6.78e-04	3.94e-03	1.36e-02	5.25e-02	3.91e-01	4.04e-01	1.35e-01
 1.75233e+22	0.00e+00	1.65e-27	1.22e-23	2.77e-20	1.60e-17	5.68e-15	1.72e-12	1.30e-09	1.18e-07	4.47e-06	7.64e-05	7.92e-04	4.46e-03	1.48e-02	5.53e-02	3.99e-01	3.98e-01	1.28e-01
 1.77357e+22	0.00e+00	2.99e-27	2.12e-23	4.61e-20	2.54e-17	8.56e-15	2.46e-12	1.83e-09	1.61e-07	5.92e-06	9.75e-05	9.73e-04	5.25e-03	1.66e-02	5.92e-02	4.09e-01	3.89e-01	1.20e-01
 1.79406e+22	0.00e+00	4.55e-27	3.13e-23	6.61e-20	3.52e-17	1.15e-14	3.18e-12	2.33e-09	2.01e-07	7.22e-06	1.16e-04	1.12e-03	5.89e-03	1.80e-02	6.21e-02	4.15e-01	3.83e-01	1.14e-01
 1.81355e+22	0.00e+00	7.93e-27	5.25e-23	1.06e-19	5.40e-17	1.68e-14	4.43e-12	3.20e-09	2.69e-07	9.39e-06	1.45e-04	1.36e-03	6.85e-03	2.00e-02	6.60e-02	4.24e-01	3.74e-01	1.07e-01
 1.83309e+22	0.00e+00	1.20e-26	7.74e-23	1.52e-19	7.48e-17	2.24e-14	5.71e-12	4.07e-09	3.36e-07	1.14e-05	1.72e-04	1.57e-03	7.67e-03	2.17e-02	6.91e-02	4.30e-01	3.68e-01	1.02e-01
 1.84934e+22	0.00e+00	1.80e-26	1.12e-22	2.14e-19	1.02e-16	2.94e-14	7.21e-12	5.09e-09	4.14e-07	1.38e-05	2.03e-04	1.81e-03	8.55e-03	2.34e-02	7.21e-02	4.36e-01	3.61e-01	9.69e-02
 1.86445e+22	0.00e+00	2.62e-26	1.59e-22	2.95e-19	1.35e-16	3.79e-14	8.99e-12	6.28e-09	5.03e-07	1.64e-05	2.36e-04	2.05e-03	9.45e-03	2.50e-02	7.50e-02	4.41e-01	3.55e-01	9.25e-02
 1.87834e+22	0.00e+00	3.68e-26	2.18e-22	3.94e-19	1.76e-16	4.77e-14	1.10e-11	7.60e-09	6.00e-07	1.93e-05	2.71e-04	2.30e-03	1.03e-02	2.67e-02	7.77e-02	4.45e-01	3.49e-01	8.86e-02
 1.89129e+22	0.00e+00	5.13e-26	2.96e-22	5.21e-19	2.26e-16	5.96e-14	1.33e-11	9.15e-09	7.12e-07	2.25e-05	3.10e-04	2.58e-03	1.13e-02	2.83e-02	8.03e-02	4.49e-01	3.43e-01	8.49e-02
 1.90609e+22	0.00e+00	7.84e-26	4.38e-22	7.47e-19	3.12e-16	7.91e-14	1.69e-11	1.16e-08	8.86e-07	2.74e-05	3.68e-04	2.97e-03	1.26e-02	3.06e-02	8.38e-02	4.54e-01	3.35e-01	8.03e-02
 1.92037e+22	0.00e+00	1.08e-25	5.87e-22	9.77e-19	3.97e-16	9.79e-14	2.03e-11	1.38e-08	1.04e-06	3.17e-05	4.17e-04	3.31e-03	1.37e-02	3.24e-02	8.64e-02	4.58e-01	3.29e-01	7.69e-02
 1.93216e+22	0.00e+00	1.46e-25	7.79e-22	1.27e-18	5.00e-16	1.20e-13	2.42e-11	1.64e-08	1.22e-06	3.66e-05	4.72e-04	3.66e-03	1.49e-02	3.42e-02	8.89e-02	4.61e-01	3.24e-01	7.38e-02
 1.94564e+22	0.00e+00	2.13e-25	1.11e-21	1.74e-18	6.66e-16	1.54e-13	3.01e-11	2.02e-08	1.48e-06	4.36e-05	5.49e-04	4.16e-03	1.64e-02	3.65e-02	9.21e-02	4.64e-01	3.16e-01	7.00e-02
 1.95951e+22	0.00e+00	2.98e-25	1.51e-21	2.31e-18	8.57e-16	1.92e-13	3.62e-11	2.42e-08	1.76e-06	5.08e-05	6.27e-04	4.65e-03	1.79e-02	3.87e-02	9.50e-02	4.67e-01	3.10e-01	6.68e-02
 1.97118e+22	0.00e+00	4.02e-25	1.98e-21	2.97e-18	1.07e-15	2.33e-13	4.27e-11	2.84e-08	2.04e-06	5.82e-05	7.05e-04	5.13e-03	1.93e-02	4.07e-02	9.75e-02	4.69e-01	3.04e-01	6.40e-02
 1.98197e+22	0.00e+00	5.40e-25	2.60e-21	3.81e-18	1.33e-15	2.83e-13	5.03e-11	3.34e-08	2.38e-06	6.67e-05	7.93e-04	5.65e-03	2.08e-02	4.29e-02	1.00e-01	4.71e-01	2.98e-01	6.13e-02
 1.99433e+22	0.00e+00	7.80e-25	3.65e-21	5.17e-18	1.75e-15	3.58e-13	6.14e-11	4.07e-08	2.86e-06	7.89e-05	9.16e-04	6.38e-03	2.28e-02	4.56e-02	1.03e-01	4.72e-01	2.90e-01	5.81e-02
 2.00690e+22	0.00e+00	1.06e-24	4.82e-21	6.67e-18	2.19e-15	4.35e-13	7.25e-11	4.79e-08	3.33e-06	9.05e-05	1.03e-03	7.04e-03	2.46e-02	4.80e-02	1.06e-01	4.74e-01	2.84e-01	5.55e-02
 2.01804e+22	0.00e+00	1.42e-24	6.35e-21	8.56e-18	2.74e-15	5.27e-13	8.53e-11	5.62e-08	3.87e-06	1.04e-04	1.16e-03	7.75e-03	2.65e-02	5.04e-02	1.08e-01	4.75e-01	2.78e-01	5.30e-02
 2.03083e+22	0.00e+00	2.09e-24	9.04e-21	1.18e-17	3.64e-15	6.74e-13	1.05e-10	6.90e-08	4.70e-06	1.23e-04	1.35e-03	8.78e-03	2.92e-02	5.36e-02	1.12e-01	4.75e-01	2.70e-01	4.99e-02
 2.04300e+22	0.00e+00	2.77e-24	1.17e-20	1.49e-17	4.47e-15	8.05e-13	1.22e-10	8.01e-08	5.40e-06	1.40e-04	1.50e-03	9.60e-03	3.12e-02	5.61e-02	1.14e-01	4.76e-01	2.64e-01	4.77e-02
 2.05280e+22	0.00e+00	3.68e-24	1.52e-20	1.89e-17	5.49e-15	9.60e-13	1.41e-10	9.29e-08	6.21e-06	1.59e-04	1.67e-03	1.05e-02	3.35e-02	5.87e-02	1.16e-01	4.76e-01	2.58e-01	4.56e-02
 2.06244e+22	0.00e+00	4.83e-24	1.95e-20	2.36e-17	6.68e-15	1.14e-12	1.62e-10	1.07e-07	7.11e-06	1.80e-04	1.86e-03	1.15e-02	3.58e-02	6.12e-02	1.19e-01	4.75e-01	2.52e-01	4.36e-02
 2.07341e+22	0.00e+00	6.80e-24	2.66e-20	3.13e-17	8.56e-15	1.40e-12	1.93e-10	1.28e-07	8.41e-06	2.09e-04	2.12e-03	1.28e-02	3.88e-02	6.45e-02	1.21e-01	4.74e-01	2.45e-01	4.12e-02
 2.08469e+22	0.00e+00	9.26e-24	3.53e-20	4.03e-17	1.07e-14	1.69e-12	2.26e-10	1.50e-07	9.77e-06	2.40e-04	2.38e-03	1.41e-02	4.17e-02	6.76e-02	1.24e-01	4.73e-01	2.38e-01	3.91e-02
 2.09448e+22	0.00e+00	1.20e-23	4.50e-20	5.01e-17	1.29e-14	1.99e-12	2.59e-10	1.72e-07	1.11e-05	2.70e-04	2.63e-03	1.53e-02	4.44e-02	7.02e-02	1.26e-01	4.72e-01	2.32e-01	3.74e-02
 2.10532e+22	0.00e+00	1.77e-23	6.37e-20	6.84e-17	1.69e-14	2.50e-12	3.11e-10	2.08e-07	1.34e-05	3.19e-04	3.04e-03	1.72e-02	4.85e-02	7.43e-02	1.29e-01	4.69e-01	2.24e-01	3.49e-02
 2.11610e+22	0.00e+00	2.29e-23	8.08e-20	8.47e-17	2.04e-14	2.93e-12	3.55e-10	2.38e-07	1.52e-05	3.58e-04	3.35e-03	1.86e-02	5.15e-02	7.71e-02	1.31e-01	4.67e-01	2.18e-01	3.33e-02
 2.12681e+22	0.00e+00	3.38e-23	1.15e-19	1.16e-16	2.67e-14	3.66e-12	4.25e-10	2.88e-07	1.82e-05	4.23e-04	3.87e-03	2.09e-02	5.62e-02	8.14e-02	1.33e-01	4.63e-01	2.10e-01	3.10e-02
 2.13718e+22	0.00e+00	4.37e-23	1.45e-19	1.43e-16	3.20e-14	4.27e-12	4.81e-10	3.28e-07	2.06e-05	4.74e-04	4.25e-03	2.26e-02	5.95e-02	8.43e-02	1.35e-01	4.60e-01	2.04e-01	2.96e-02
 2.14712e+22	0.00e+00	6.18e-23	1.99e-19	1.89e-16	4.07e-14	5.21e-12	5.66e-10	3.89e-07	2.43e-05	5.50e-04	4.83e-03	2.50e-02	6.42e-02	8.83e-02	1.37e-01	4.56e-01	1.96e-01	2.77e-02
 2.15739e+22	0.00e+00	8.29e-23	2.60e-19	2.39e-16	4.99e-14	6.17e-12	6.48e-10	4.49e-07	2.79e-05	6.24e-04	5.38e-03	2.73e-02	6.84e-02	9.17e-02	1.39e-01	4.52e-01	1.90e-01	2.61e-02
 2.16810e+22	0.00e+00	1.23e-22	3.71e-19	3.27e-16	6.52e-14	7.69e-12	7.72e-10	5.42e-07	3.35e-05	7.37e-04	6.19e-03	3.06e-02	7.43e-02	9.64e-02	1.41e-01	4.45e-01	1.81e-01	2.41e-02
 2.17842e+22	0.00e+00	1.60e-22	4.72e-19	4.05e-16	7.83e-14	8.94e-12	8.71e-10	6.17e-07	3.80e-05	8.25e-04	6.81e-03	3.30e-02	7.86e-02	9.95e-02	1.42e-01	4.41e-01	1.75e-01	2.29e-02
 2.18822e+22	0.00e+00	2.33e-22	6.62e-19	5.45e-16	1.01e-13	1.10e-11	1.02e-09	7.36e-07	4.51e-05	9.65e-04	7.78e-03	3.67e-02	8.49e-02	1.04e-01	1.44e-01	4.34e-01	1.67e-01	2.11e-02
 2.19799e+22	0.00e+00	3.05e-22	8.44e-19	6.75e-16	1.21e-13	1.27e-11	1.15e-09	8.36e-07	5.10e-05	1.08e-03	8.54e-03	3.96e-02	8.96e-02	1.07e-01	1.45e-01	4.28e-01	1.61e-01	1.99e-02
 2.20772e+22	0.00e+00	4.44e-22	1.18e-18	9.08e-16	1.55e-13	1.56e-11	1.35e-09	9.95e-07	6.05e-05	1.26e-03	9.74e-03	4.39e-02	9.64e-02	1.12e-01	1.46e-01	4.19e-01	1.53e-01	1.83e-02
 2.21754e+22	0.00e+00	5.88e-22	1.52e-18	1.13e-15	1.87e-13	1.81e-11	1.52e-09	1.13e-06	6.86e-05	1.41e-03	1.07e-02	4.73e-02	1.02e-01	1.15e-01	1.47e-01	4.13e-01	1.47e-01	1.72e-02
 2.22746e+22	0.00e+00	8.73e-22	2.17e-18	1.54e-15	2.42e-13	2.23e-11	1.78e-09	1.36e-06	8.17e-05	1.66e-03	1.23e-02	5.25e-02	1.10e-01	1.20e-01	1.47e-01	4.03e-01	1.39e-01	1.57e-02
 2.23740e+22	0.00e+00	1.16e-21	2.81e-18	1.93e-15	2.92e-13	2.59e-11	2.00e-09	1.55e-06	9.27e-05	1.86e-03	1.35e-02	5.66e-02	1.15e-01	1.23e-01	1.47e-01	3.95e-01	1.33e-01	1.47e-02
 2.24739e+22	0.00e+00	1.71e-21	3.97e-18	2.60e-15	3.76e-13	3.17e-11	2.34e-09	1.84e-06	1.10e-04	2.17e-03	1.53e-02	6.25e-02	1.24e-01	1.27e-01	1.47e-01	3.84e-01	1.25e-01	1.33e-02
 2.25728e+22	0.00e+00	2.28e-21	5.15e-18	3.26e-15	4.54e-13	3.68e-11	2.62e-09	2.09e-06	1.24e-04	2.43e-03	1.68e-02	6.71e-02	1.30e-01	1.31e-01	1.47e-01	3.75e-01	1.19e-01	1.24e-02
 2.26707e+22	0.00e+00	3.36e-21	7.27e-18	4.39e-15	5.81e-13	4.47e-11	3.04e-09	2.47e-06	1.47e-04	2.82e-03	1.90e-02	7.38e-02	1.38e-01	1.35e-01	1.46e-01	3.63e-01	1.11e-01	1.12e-02
 2.27701e+22	0.00e+00	4.55e-21	9.54e-18	5.56e-15	7.06e-13	5.22e-11	3.41e-09	2.82e-06	1.67e-04	3.17e-03	2.09e-02	7.93e-02	1.45e-01	1.38e-01	1.46e-01	3.53e-01	1.05e-01	1.03e-02
 2.28715e+22	0.00e+00	6.79e-21	1.36e-17	7.55e-15	9.11e-13	6.37e-11	3.96e-09	3.34e-06	1.97e-04	3.69e-03	2.37e-02	8.70e-02	1.54e-01	1.41e-01	1.44e-01	3.39e-01	9.76e-02	9.27e-03
 2.29740e+22	0.00e+00	9.29e-21	1.80e-17	9.59e-15	1.11e-12	7.43e-11	4.45e-09	3.80e-06	2.24e-04	4.14e-03	2.60e-02	9.33e-02	1.62e-01	1.44e-01	1.43e-01	3.28e-01	9.18e-02	8.48e-03
 2.30780e+22	0.00e+00	1.40e-20	2.60e-17	1.31e-14	1.44e-12	9.08e-11	5.17e-09	4.50e-06	2.63e-04	4.80e-03	2.94e-02	1.02e-01	1.71e-01	1.47e-01	1.40e-01	3.13e-01	8.45e-02	7.53e-03
 2.31825e+22	0.00e+00	1.91e-20	3.43e-17	1.67e-14	1.75e-12	1.06e-10	5.80e-09	5.11e-06	2.98e-04	5.37e-03	3.22e-02	1.09e-01	1.78e-01	1.49e-01	1.39e-01	3.01e-01	7.91e-02	6.85e-03
 2.32728e+22	0.00e+00	2.60e-20	4.51e-17	2.10e-14	2.12e-12	1.23e-10	6.48e-09	5.78e-06	3.36e-04	5.98e-03	3.51e-02	1.16e-01	1.85e-01	1.51e-01	1.36e-01	2.90e-01	7.40e-02	6.24e-03
 2.33751e+22	0.00e+00	3.86e-20	6.40e-17	2.83e-14	2.71e-12	1.49e-10	7.46e-09	6.74e-06	3.90e-04	6.85e-03	3.91e-02	1.25e-01	1.94e-01	1.53e-01	1.33e-01	2.75e-01	6.77e-02	5.51e-03
 2.34782e+22	0.00e+00	5.24e-20	8.40e-17	3.57e-14	3.28e-12	1.72e-10	8.32e-09	7.58e-06	4.37e-04	7.59e-03	4.25e-02	1.33e-01	2.01e-01	1.54e-01	1.31e-01	2.64e-01	6.30e-02	4.99e-03
 2.35823e+22	0.00e+00	7.80e-20	1.20e-16	4.83e-14	4.20e-12	2.08e-10	9.58e-09	8.81e-06	5.05e-04	8.65e-03	4.72e-02	1.43e-01	2.09e-01	1.55e-01	1.27e-01	2.48e-01	5.73e-02	4.37e-03
 2.36866e+22	0.00e+00	1.04e-19	1.55e-16	6.02e-14	5.04e-12	2.40e-10	1.07e-08	9.83e-06	5.61e-04	9.51e-03	5.08e-02	1.50e-01	2.15e-01	1.55e-01	1.24e-01	2.37e-01	5.33e-02	3.96e-03
 2.37912e+22	0.00e+00	1.54e-19	2.19e-16	8.08e-14	6.42e-12	2.90e-10	1.22e-08	1.13e-05	6.44e-04	1.08e-02	5.60e-02	1.60e-01	2.22e-01	1.55e-01	1.20e-01	2.23e-01	4.82e-02	3.45e-03
 2.38977e+22	0.00e+00	2.07e-19	2.85e-16	1.01e-13	7.72e-12	3.35e-10	1.36e-08	1.26e-05	7.13e-04	1.18e-02	6.01e-02	1.68e-01	2.28e-01	1.55e-01	1.17e-01	2.12e-01	4.46e-02	3.11e-03
 2.40067e+22	0.00e+00	3.03e-19	4.00e-16	1.35e-13	9.81e-12	4.03e-10	1.57e-08	1.45e-05	8.11e-04	1.32e-02	6.58e-02	1.78e-01	2.34e-01	1.54e-01	1.12e-01	1.98e-01	4.02e-02	2.70e-03
 2.41193e+22	0.00e+00	4.14e-19	5.28e-16	1.71e-13	1.19e-11	4.70e-10	1.76e-08	1.61e-05	8.99e-04	1.45e-02	7.06e-02	1.86e-01	2.39e-01	1.53e-01	1.09e-01	1.87e-01	3.68e-02	2.40e-03
 2.42365e+22	0.00e+00	6.15e-19	7.51e-16	2.31e-13	1.53e-11	5.71e-10	2.04e-08	1.85e-05	1.02e-03	1.62e-02	7.71e-02	1.97e-01	2.45e-01	1.52e-01	1.04e-01	1.74e-01	3.28e-02	2.06e-03
 2.43553e+22	0.00e+00	8.35e-19	9.86e-16	2.92e-13	1.86e-11	6.65e-10	2.29e-08	2.05e-05	1.13e-03	1.77e-02	8.23e-02	2.05e-01	2.49e-01	1.50e-01	1.00e-01	1.63e-01	3.00e-02	1.83e-03
 2.44761e+22	0.00e+00	1.23e-18	1.40e-15	3.92e-13	2.38e-11	8.07e-10	2.65e-08	2.34e-05	1.27e-03	1.97e-02	8.93e-02	2.15e-01	2.53e-01	1.48e-01	9.52e-02	1.51e-01	2.66e-02	1.56e-03
 2.45977e+22	3.19e-32	1.66e-18	1.82e-15	4.92e-13	2.87e-11	9.37e-10	2.97e-08	2.59e-05	1.39e-03	2.13e-02	9.48e-02	2.22e-01	2.56e-01	1.46e-01	9.15e-02	1.42e-01	2.43e-02	1.39e-03
 2.47203e+22	4.81e-32	2.42e-18	2.55e-15	6.56e-13	3.65e-11	1.13e-09	3.43e-08	2.93e-05	1.56e-03	2.36e-02	1.02e-01	2.32e-01	2.59e-01	1.42e-01	8.68e-02	1.30e-01	2.15e-02	1.18e-03
 2.48461e+22	6.65e-32	3.26e-18	3.33e-15	8.25e-13	4.42e-11	1.32e-09	3.86e-08	3.23e-05	1.71e-03	2.55e-02	1.08e-01	2.39e-01	2.60e-01	1.40e-01	8.30e-02	1.22e-01	1.95e-02	1.04e-03
 2.49553e+22	8.95e-32	4.29e-18	4.25e-15	1.02e-12	5.27e-11	1.52e-09	4.30e-08	3.53e-05	1.85e-03	2.73e-02	1.14e-01	2.46e-01	2.62e-01	1.37e-01	7.96e-02	1.14e-01	1.78e-02	9.24e-04
 2.50767e+22	1.31e-31	6.08e-18	5.81e-15	1.33e-12	6.60e-11	1.82e-09	4.94e-08	3.96e-05	2.05e-03	2.98e-02	1.21e-01	2.54e-01	2.63e-01	1.34e-01	7.53e-02	1.05e-01	1.58e-02	7.91e-04
 2.51994e+22	1.75e-31	7.97e-18	7.40e-15	1.64e-12	7.87e-11	2.09e-09	5.50e-08	4.32e-05	2.21e-03	3.18e-02	1.27e-01	2.60e-01	2.63e-01	1.31e-01	7.20e-02	9.83e-02	1.44e-02	7.00e-04
 2.53237e+22	2.55e-31	1.13e-17	1.01e-14	2.14e-12	9.84e-11	2.50e-09	6.32e-08	4.83e-05	2.44e-03	3.46e-02	1.35e-01	2.67e-01	2.63e-01	1.27e-01	6.79e-02	9.00e-02	1.27e-02	5.97e-04
 2.54500e+22	3.41e-31	1.47e-17	1.28e-14	2.62e-12	1.17e-10	2.87e-09	7.05e-08	5.26e-05	2.63e-03	3.68e-02	1.41e-01	2.73e-01	2.62e-01	1.23e-01	6.47e-02	8.41e-02	1.15e-02	5.28e-04
 2.55608e+22	4.51e-31	1.90e-17	1.61e-14	3.20e-12	1.38e-10	3.29e-09	7.83e-08	5.71e-05	2.83e-03	3.91e-02	1.47e-01	2.78e-01	2.61e-01	1.20e-01	6.18e-02	7.85e-02	1.05e-02	4.67e-04
 2.56868e+22	6.51e-31	2.67e-17	2.18e-14	4.15e-12	1.72e-10	3.93e-09	8.98e-08	6.35e-05	3.10e-03	4.22e-02	1.55e-01	2.84e-01	2.60e-01	1.16e-01	5.80e-02	7.17e-02	9.22e-03	3.96e-04
 2.58121e+22	8.42e-31	3.38e-17	2.70e-14	4.99e-12	2.02e-10	4.46e-09	9.93e-08	6.86e-05	3.31e-03	4.46e-02	1.61e-01	2.88e-01	2.58e-01	1.13e-01	5.53e-02	6.71e-02	8.42e-03	3.53e-04
 2.59365e+22	1.19e-30	4.65e-17	3.60e-14	6.39e-12	2.48e-10	5.28e-09	1.13e-07	7.59e-05	3.60e-03	4.78e-02	1.69e-01	2.94e-01	2.56e-01	1.09e-01	5.19e-02	6.13e-02	7.42e-03	3.01e-04
 2.60633e+22	1.55e-30	5.91e-17	4.47e-14	7.71e-12	2.91e-10	6.01e-09	1.25e-07	8.21e-05	3.85e-03	5.04e-02	1.75e-01	2.97e-01	2.54e-01	1.05e-01	4.94e-02	5.72e-02	6.75e-03	2.67e-04
 2.61932e+22	2.20e-30	8.15e-17	5.96e-14	9.88e-12	3.60e-10	7.13e-09	1.43e-07	9.08e-05	4.19e-03	5.40e-02	1.84e-01	3.02e-01	2.51e-01	1.01e-01	4.62e-02	5.20e-02	5.93e-03	2.26e-04
 2.63255e+22	2.86e-30	1.04e-16	7.41e-14	1.19e-11	4.23e-10	8.14e-09	1.59e-07	9.83e-05	4.47e-03	5.69e-02	1.90e-01	3.05e-01	2.48e-01	9.78e-02	4.38e-02	4.84e-02	5.36e-03	1.99e-04
 2.64611e+22	1.06e-30	1.43e-16	9.90e-14	1.54e-11	5.23e-10	9.69e-09	1.83e-07	1.09e-04	4.87e-03	6.09e-02	1.98e-01	3.09e-01	2.44e-01	9.34e-02	4.08e-02	4.38e-02	4.69e-03	1.68e-04
 2.65991e+22	1.38e-30	1.83e-16	1.23e-13	1.86e-11	6.16e-10	1.11e-08	2.03e-07	1.18e-04	5.19e-03	6.41e-02	2.05e-01	3.11e-01	2.41e-01	9.00e-02	3.86e-02	4.06e-02	4.23e-03	1.47e-04
 2.67403e+22	1.96e-30	2.53e-16	1.65e-13	2.39e-11	7.64e-10	1.32e-08	2.34e-07	1.31e-04	5.65e-03	6.85e-02	2.14e-01	3.14e-01	2.36e-01	8.57e-02	3.58e-02	3.66e-02	3.67e-03	1.24e-04
 2.68784e+22	2.49e-30	3.14e-16	2.01e-13	2.84e-11	8.86e-10	1.49e-08	2.58e-07	1.41e-04	5.99e-03	7.16e-02	2.20e-01	3.16e-01	2.32e-01	8.27e-02	3.40e-02	3.41e-02	3.34e-03	1.10e-04
 2.70122e+22	3.47e-30	4.25e-16	2.64e-13	3.60e-11	1.08e-09	1.76e-08	2.94e-07	1.55e-04	6.47e-03	7.61e-02	2.28e-01	3.18e-01	2.28e-01	7.87e-02	3.16e-02	3.09e-02	2.92e-03	9.27e-05
 2.71481e+22	4.40e-30	5.28e-16	3.21e-13	4.27e-11	1.26e-09	1.99e-08	3.24e-07	1.67e-04	6.86e-03	7.95e-02	2.34e-01	3.19e-01	2.24e-01	7.58e-02	2.99e-02	2.87e-02	2.65e-03	8.20e-05
 2.72865e+22	6.07e-30	7.08e-16	4.19e-13	5.38e-11	1.53e-09	2.35e-08	3.69e-07	1.84e-04	7.41e-03	8.42e-02	2.42e-01	3.20e-01	2.18e-01	7.19e-02	2.77e-02	2.60e-02	2.31e-03	6.93e-05
 2.74292e+22	7.86e-30	8.98e-16	5.19e-13	6.49e-11	1.80e-09	2.68e-08	4.11e-07	1.99e-04	7.88e-03	8.82e-02	2.49e-01	3.20e-01	2.14e-01	6.89e-02	2.61e-02	2.39e-02	2.07e-03	6.04e-05
 2.75773e+22	1.09e-29	1.21e-15	6.79e-13	8.21e-11	2.20e-09	3.17e-08	4.69e-07	2.20e-04	8.51e-03	9.33e-02	2.57e-01	3.20e-01	2.08e-01	6.52e-02	2.41e-02	2.15e-02	1.80e-03	5.08e-05
 2.77302e+22	1.43e-29	1.55e-15	8.51e-13	1.00e-10	2.61e-09	3.65e-08	5.26e-07	2.39e-04	9.08e-03	9.78e-02	2.64e-01	3.20e-01	2.03e-01	6.21e-02	2.25e-02	1.97e-02	1.60e-03	4.38e-05
 2.78892e+22	2.00e-29	2.10e-15	1.12e-12	1.28e-10	3.22e-09	4.34e-08	6.05e-07	2.65e-04	9.84e-03	1.04e-01	2.72e-01	3.19e-01	1.97e-01	5.84e-02	2.07e-02	1.76e-02	1.38e-03	3.65e-05
 2.80524e+22	2.65e-29	2.71e-15	1.42e-12	1.56e-10	3.84e-09	5.03e-08	6.80e-07	2.89e-04	1.05e-02	1.09e-01	2.79e-01	3.18e-01	1.91e-01	5.54e-02	1.93e-02	1.60e-02	1.22e-03	3.12e-05
 2.82210e+22	3.75e-29	3.71e-15	1.88e-12	2.01e-10	4.77e-09	6.02e-08	7.87e-07	3.22e-04	1.14e-02	1.15e-01	2.87e-01	3.17e-01	1.85e-01	5.18e-02	1.76e-02	1.42e-02	1.04e-03	2.57e-05
 2.83948e+22	5.03e-29	4.84e-15	2.40e-12	2.48e-10	5.72e-09	7.01e-08	8.89e-07	3.53e-04	1.22e-02	1.21e-01	2.94e-01	3.15e-01	1.79e-01	4.89e-02	1.63e-02	1.28e-02	9.13e-04	2.18e-05
 2.85755e+22	7.22e-29	6.71e-15	3.22e-12	3.22e-10	7.18e-09	8.47e-08	1.04e-06	3.95e-04	1.33e-02	1.28e-01	3.03e-01	3.12e-01	1.72e-01	4.54e-02	1.47e-02	1.13e-02	7.73e-04	1.78e-05
 2.87624e+22	9.82e-29	8.85e-15	4.15e-12	4.02e-10	8.70e-09	9.95e-08	1.18e-06	4.35e-04	1.43e-02	1.34e-01	3.09e-01	3.09e-01	1.66e-01	4.26e-02	1.35e-02	1.01e-02	6.69e-04	1.49e-05
 2.89317e+22	1.32e-28	1.16e-14	5.30e-12	4.99e-10	1.05e-08	1.16e-07	1.34e-06	4.77e-04	1.53e-02	1.41e-01	3.16e-01	3.06e-01	1.60e-01	4.00e-02	1.24e-02	9.10e-03	5.82e-04	1.25e-05
 2.91261e+22	1.93e-28	1.62e-14	7.21e-12	6.55e-10	1.33e-08	1.41e-07	1.57e-06	5.37e-04	1.67e-02	1.49e-01	3.24e-01	3.02e-01	1.52e-01	3.68e-02	1.12e-02	7.92e-03	4.86e-04	1.00e-05
 2.93243e+22	2.63e-28	2.15e-14	9.31e-12	8.20e-10	1.61e-08	1.66e-07	1.79e-06	5.91e-04	1.79e-02	1.56e-01	3.30e-01	2.98e-01	1.46e-01	3.44e-02	1.02e-02	7.05e-03	4.18e-04	8.34e-06
 2.95274e+22	3.87e-28	3.04e-14	1.28e-11	1.08e-09	2.05e-08	2.04e-07	2.11e-06	6.67e-04	1.95e-02	1.65e-01	3.38e-01	2.92e-01	1.38e-01	3.14e-02	9.09e-03	6.09e-03	3.46e-04	6.61e-06
 2.97332e+22	5.30e-28	4.04e-14	1.65e-11	1.36e-09	2.50e-08	2.40e-07	2.41e-06	7.35e-04	2.09e-02	1.72e-01	3.44e-01	2.87e-01	1.32e-01	2.92e-02	8.26e-03	5.39e-03	2.95e-04	5.45e-06
 2.99425e+22	7.88e-28	5.78e-14	2.29e-11	1.81e-09	3.20e-08	2.96e-07	2.85e-06	8.32e-04	2.28e-02	1.82e-01	3.51e-01	2.81e-01	1.24e-01	2.65e-02	7.31e-03	4.61e-03	2.42e-04	4.27e-06
 3.01541e+22	1.08e-27	7.68e-14	2.97e-11	2.28e-09	3.90e-08	3.49e-07	3.25e-06	9.17e-04	2.45e-02	1.90e-01	3.56e-01	2.75e-01	1.18e-01	2.45e-02	6.62e-03	4.07e-03	2.05e-04	3.50e-06
 3.03685e+22	1.62e-27	1.11e-13	4.15e-11	3.06e-09	5.04e-08	4.32e-07	3.87e-06	1.04e-03	2.67e-02	2.01e-01	3.62e-01	2.67e-01	1.11e-01	2.21e-02	5.80e-03	3.44e-03	1.66e-04	2.69e-06
 3.05841e+22	2.21e-27	1.47e-13	5.37e-11	3.83e-09	6.12e-08	5.09e-07	4.41e-06	1.14e-03	2.86e-02	2.09e-01	3.66e-01	2.61e-01	1.05e-01	2.03e-02	5.24e-03	3.03e-03	1.41e-04	2.20e-06
 3.07644e+22	2.92e-27	1.90e-13	6.77e-11	4.69e-09	7.31e-08	5.90e-07	4.98e-06	1.25e-03	3.04e-02	2.17e-01	3.70e-01	2.55e-01	9.99e-02	1.88e-02	4.77e-03	2.69e-03	1.21e-04	1.83e-06
 3.09621e+22	4.23e-27	2.68e-13	9.24e-11	6.16e-09	9.26e-08	7.20e-07	5.84e-06	1.40e-03	3.29e-02	2.27e-01	3.74e-01	2.47e-01	9.33e-02	1.70e-02	4.20e-03	2.29e-03	9.81e-05	1.42e-06
 3.11569e+22	5.52e-27	3.42e-13	1.15e-10	7.49e-09	1.10e-07	8.30e-07	6.56e-06	1.52e-03	3.48e-02	2.35e-01	3.77e-01	2.41e-01	8.87e-02	1.57e-02	3.82e-03	2.03e-03	8.45e-05	1.19e-06
 3.13482e+22	7.84e-27	4.74e-13	1.55e-10	9.71e-09	1.38e-07	1.00e-06	7.65e-06	1.69e-03	3.75e-02	2.45e-01	3.80e-01	2.33e-01	8.27e-02	1.42e-02	3.37e-03	1.73e-03	6.89e-05	9.25e-07
 3.15426e+22	1.03e-26	6.12e-13	1.96e-10	1.19e-08	1.64e-07	1.16e-06	8.63e-06	1.85e-03	3.98e-02	2.54e-01	3.82e-01	2.27e-01	7.82e-02	1.31e-02	3.05e-03	1.53e-03	5.86e-05	7.61e-07
 3.17414e+22	1.47e-26	8.57e-13	2.66e-10	1.56e-08	2.08e-07	1.42e-06	1.01e-05	2.07e-03	4.30e-02	2.65e-01	3.84e-01	2.18e-01	7.25e-02	1.17e-02	2.66e-03	1.29e-03	4.71e-05	5.84e-07
 3.19424e+22	1.93e-26	1.11e-12	3.36e-10	1.91e-08	2.49e-07	1.65e-06	1.15e-05	2.26e-03	4.56e-02	2.74e-01	3.86e-01	2.11e-01	6.82e-02	1.07e-02	2.39e-03	1.13e-03	3.98e-05	4.75e-07
 3.21466e+22	2.75e-26	1.56e-12	4.58e-10	2.51e-08	3.16e-07	2.02e-06	1.35e-05	2.54e-03	4.92e-02	2.85e-01	3.87e-01	2.01e-01	6.27e-02	9.47e-03	2.08e-03	9.40e-04	3.16e-05	3.60e-07
 3.23545e+22	3.65e-26	2.05e-12	5.86e-10	3.12e-08	3.82e-07	2.37e-06	1.55e-05	2.78e-03	5.23e-02	2.94e-01	3.87e-01	1.94e-01	5.86e-02	8.58e-03	1.85e-03	8.12e-04	2.62e-05	2.87e-07
 3.25674e+22	5.23e-26	2.91e-12	8.05e-10	4.12e-08	4.90e-07	2.93e-06	1.84e-05	3.14e-03	5.66e-02	3.07e-01	3.87e-01	1.84e-01	5.34e-02	7.52e-03	1.58e-03	6.68e-04	2.05e-05	2.13e-07
 3.27841e+22	6.92e-26	3.84e-12	1.04e-09	5.15e-08	5.97e-07	3.47e-06	2.11e-05	3.46e-03	6.03e-02	3.17e-01	3.86e-01	1.76e-01	4.95e-02	6.75e-03	1.40e-03	5.70e-04	1.68e-05	1.67e-07
 3.30059e+22	9.88e-26	5.49e-12	1.43e-09	6.87e-08	7.72e-07	4.32e-06	2.54e-05	3.93e-03	6.54e-02	3.30e-01	3.84e-01	1.65e-01	4.46e-02	5.84e-03	1.18e-03	4.61e-04	1.28e-05	1.21e-07
 3.32304e+22	1.30e-25	7.25e-12	1.85e-09	8.61e-08	9.45e-07	5.14e-06	2.93e-05	4.34e-03	6.98e-02	3.40e-01	3.81e-01	1.57e-01	4.10e-02	5.20e-03	1.03e-03	3.89e-04	1.04e-05	0.00e+00
 3.34202e+22	1.66e-25	9.31e-12	2.32e-09	1.06e-07	1.14e-06	6.02e-06	3.35e-05	4.76e-03	7.39e-02	3.50e-01	3.79e-01	1.49e-01	3.79e-02	4.66e-03	9.11e-04	3.32e-04	8.51e-06	0.00e+00
 3.36285e+22	2.25e-25	1.28e-11	3.11e-09	1.37e-07	1.44e-06	7.40e-06	3.99e-05	5.37e-03	7.97e-02	3.62e-01	3.74e-01	1.40e-01	3.40e-02	4.02e-03	7.72e-04	2.70e-04	6.54e-06	0.00e+00
 3.38374e+22	2.83e-25	1.63e-11	3.89e-09	1.68e-07	1.73e-06	8.68e-06	4.57e-05	5.89e-03	8.45e-02	3.71e-01	3.70e-01	1.32e-01	3.13e-02	3.59e-03	6.77e-04	2.29e-04	5.32e-06	0.00e+00
 3.40415e+22	3.72e-25	2.19e-11	5.09e-09	2.15e-07	2.17e-06	1.06e-05	5.41e-05	6.61e-03	9.07e-02	3.83e-01	3.65e-01	1.24e-01	2.81e-02	3.10e-03	5.74e-04	1.86e-04	4.11e-06	0.00e+00
 3.42496e+22	4.63e-25	2.78e-11	6.36e-09	2.63e-07	2.62e-06	1.25e-05	6.23e-05	7.28e-03	9.62e-02	3.92e-01	3.59e-01	1.16e-01	2.56e-02	2.73e-03	4.99e-04	1.56e-04	3.29e-06	0.00e+00
 3.44539e+22	5.85e-25	3.63e-11	8.17e-09	3.31e-07	3.24e-06	1.51e-05	7.34e-05	8.14e-03	1.03e-01	4.03e-01	3.52e-01	1.08e-01	2.29e-02	2.36e-03	4.23e-04	1.27e-04	2.54e-06	0.00e+00
 3.46625e+22	7.15e-25	4.60e-11	1.02e-08	4.07e-07	3.93e-06	1.79e-05	8.52e-05	9.01e-03	1.09e-01	4.12e-01	3.45e-01	1.01e-01	2.06e-02	2.06e-03	3.64e-04	1.05e-04	2.01e-06	0.00e+00
 3.48667e+22	8.76e-25	5.84e-11	1.28e-08	5.04e-07	4.82e-06	2.14e-05	1.00e-04	1.00e-02	1.17e-01	4.22e-01	3.38e-01	9.35e-02	1.84e-02	1.77e-03	3.09e-04	8.52e-05	1.55e-06	0.00e+00
 3.50706e+22	1.05e-24	7.27e-11	1.58e-08	6.14e-07	5.80e-06	2.53e-05	1.16e-04	1.11e-02	1.24e-01	4.30e-01	3.30e-01	8.69e-02	1.66e-02	1.54e-03	2.65e-04	7.03e-05	1.23e-06	0.00e+00
 3.52763e+22	1.26e-24	9.10e-11	1.96e-08	7.55e-07	7.08e-06	3.02e-05	1.36e-04	1.23e-02	1.32e-01	4.39e-01	3.21e-01	8.02e-02	1.48e-02	1.32e-03	2.24e-04	5.70e-05	9.44e-07	0.00e+00
 3.54846e+22	1.49e-24	1.12e-10	2.40e-08	9.17e-07	8.54e-06	3.58e-05	1.58e-04	1.37e-02	1.40e-01	4.46e-01	3.12e-01	7.40e-02	1.32e-02	1.14e-03	1.90e-04	4.65e-05	7.34e-07	0.00e+00
 3.56884e+22	1.74e-24	1.36e-10	2.91e-08	1.11e-06	1.03e-05	4.23e-05	1.84e-04	1.51e-02	1.48e-01	4.53e-01	3.02e-01	6.82e-02	1.17e-02	9.82e-04	1.61e-04	3.79e-05	5.70e-07	0.00e+00
 3.58925e+22	2.03e-24	1.64e-10	3.52e-08	1.34e-06	1.23e-05	4.99e-05	2.13e-04	1.67e-02	1.56e-01	4.60e-01	2.92e-01	6.28e-02	1.04e-02	8.45e-04	1.37e-04	3.09e-05	4.42e-07	0.00e+00
 3.60976e+22	2.35e-24	1.97e-10	4.24e-08	1.60e-06	1.47e-05	5.88e-05	2.48e-04	1.85e-02	1.65e-01	4.66e-01	2.82e-01	5.76e-02	9.26e-03	7.25e-04	1.15e-04	2.51e-05	3.42e-07	0.00e+00
 3.63041e+22	2.70e-24	2.35e-10	5.08e-08	1.92e-06	1.76e-05	6.91e-05	2.88e-04	2.04e-02	1.75e-01	4.71e-01	2.72e-01	5.28e-02	8.20e-03	6.21e-04	9.75e-05	2.03e-05	2.65e-07	0.00e+00
 3.65125e+22	3.11e-24	2.78e-10	6.06e-08	2.29e-06	2.09e-05	8.12e-05	3.34e-04	2.25e-02	1.84e-01	4.75e-01	2.62e-01	4.82e-02	7.25e-03	5.31e-04	8.21e-05	1.64e-05	2.04e-07	0.00e+00
 3.67222e+22	3.56e-24	3.27e-10	7.21e-08	2.73e-06	2.49e-05	9.52e-05	3.88e-04	2.48e-02	1.94e-01	4.79e-01	2.51e-01	4.40e-02	6.40e-03	4.53e-04	6.91e-05	1.33e-05	1.57e-07	0.00e+00
 3.69351e+22	4.10e-24	3.83e-10	8.57e-08	3.25e-06	2.96e-05	1.12e-04	4.51e-04	2.74e-02	2.04e-01	4.81e-01	2.40e-01	4.00e-02	5.63e-03	3.86e-04	5.79e-05	1.07e-05	1.20e-07	0.00e+00
 3.71500e+22	4.70e-24	4.46e-10	1.01e-07	3.85e-06	3.51e-05	1.31e-04	5.22e-04	3.02e-02	2.15e-01	4.83e-01	2.30e-01	3.64e-02	4.96e-03	3.29e-04	4.86e-05	8.62e-06	0.00e+00	0.00e+00
 3.73690e+22	1.75e-23	5.19e-10	1.20e-07	4.58e-06	4.18e-05	1.54e-04	6.07e-04	3.33e-02	2.26e-01	4.84e-01	2.19e-01	3.29e-02	4.34e-03	2.78e-04	4.04e-05	6.88e-06	0.00e+00	0.00e+00
 3.75915e+22	2.03e-23	6.00e-10	1.42e-07	5.41e-06	4.94e-05	1.79e-04	7.03e-04	3.66e-02	2.37e-01	4.84e-01	2.08e-01	2.97e-02	3.80e-03	2.35e-04	3.38e-05	5.52e-06	0.00e+00	0.00e+00
 3.77954e+22	2.30e-23	6.77e-10	1.63e-07	6.22e-06	5.68e-05	2.04e-04	7.95e-04	3.96e-02	2.46e-01	4.83e-01	1.99e-01	2.73e-02	3.40e-03	2.05e-04	2.90e-05	4.58e-06	0.00e+00	0.00e+00
 3.80084e+22	2.71e-23	7.82e-10	1.93e-07	7.41e-06	6.77e-05	2.40e-04	9.29e-04	4.38e-02	2.58e-01	4.81e-01	1.88e-01	2.44e-02	2.94e-03	1.71e-04	2.38e-05	3.61e-06	0.00e+00	0.00e+00
 3.82246e+22	3.12e-23	8.81e-10	2.22e-07	8.52e-06	7.78e-05	2.73e-04	1.05e-03	4.73e-02	2.68e-01	4.79e-01	1.79e-01	2.23e-02	2.63e-03	1.49e-04	2.04e-05	2.99e-06	0.00e+00	0.00e+00
 3.84467e+22	3.75e-23	1.02e-09	2.65e-07	1.02e-05	9.29e-05	3.21e-04	1.23e-03	5.23e-02	2.80e-01	4.75e-01	1.68e-01	1.99e-02	2.26e-03	1.23e-04	1.67e-05	2.33e-06	0.00e+00	0.00e+00
 3.86701e+22	4.35e-23	1.15e-09	3.04e-07	1.17e-05	1.07e-04	3.64e-04	1.38e-03	5.64e-02	2.90e-01	4.72e-01	1.60e-01	1.81e-02	2.01e-03	1.07e-04	1.42e-05	1.93e-06	0.00e+00	0.00e+00
 3.88953e+22	5.28e-23	1.32e-09	3.61e-07	1.39e-05	1.27e-04	4.27e-04	1.61e-03	6.22e-02	3.02e-01	4.66e-01	1.50e-01	1.60e-02	1.73e-03	8.85e-05	1.16e-05	1.50e-06	0.00e+00	0.00e+00
 3.91209e+22	6.19e-23	1.48e-09	4.15e-07	1.59e-05	1.45e-04	4.82e-04	1.81e-03	6.68e-02	3.12e-01	4.61e-01	1.42e-01	1.46e-02	1.54e-03	7.68e-05	9.91e-06	1.24e-06	0.00e+00	0.00e+00
 3.93472e+22	7.60e-23	1.71e-09	4.94e-07	1.90e-05	1.72e-04	5.63e-04	2.10e-03	7.33e-02	3.24e-01	4.53e-01	1.32e-01	1.29e-02	1.32e-03	6.36e-05	8.07e-06	9.69e-07	0.00e+00	0.00e+00
 3.95758e+22	9.01e-23	1.92e-09	5.68e-07	2.17e-05	1.96e-04	6.34e-04	2.35e-03	7.86e-02	3.33e-01	4.47e-01	1.25e-01	1.18e-02	1.17e-03	5.51e-05	6.88e-06	8.00e-07	0.00e+00	0.00e+00
 3.98074e+22	1.12e-22	2.22e-09	6.79e-07	2.58e-05	2.32e-04	7.39e-04	2.72e-03	8.60e-02	3.45e-01	4.38e-01	1.16e-01	1.04e-02	1.00e-03	4.55e-05	5.59e-06	6.22e-07	0.00e+00	0.00e+00
 4.00418e+22	1.34e-22	2.50e-09	7.84e-07	2.97e-05	2.64e-04	8.32e-04	3.05e-03	9.20e-02	3.54e-01	4.31e-01	1.09e-01	9.38e-03	8.89e-04	3.92e-05	4.75e-06	5.11e-07	0.00e+00	0.00e+00
 4.02800e+22	1.70e-22	2.91e-09	9.41e-07	3.54e-05	3.13e-04	9.68e-04	3.52e-03	1.00e-01	3.65e-01	4.20e-01	1.00e-01	8.22e-03	7.57e-04	3.22e-05	3.83e-06	3.95e-07	0.00e+00	0.00e+00
 4.05223e+22	2.06e-22	3.31e-09	1.09e-06	4.08e-05	3.58e-04	1.09e-03	3.93e-03	1.07e-01	3.74e-01	4.11e-01	9.40e-02	7.40e-03	6.67e-04	2.76e-05	3.24e-06	3.23e-07	0.00e+00	0.00e+00
 4.07700e+22	2.66e-22	3.88e-09	1.32e-06	4.89e-05	4.24e-04	1.27e-03	4.55e-03	1.17e-01	3.84e-01	3.99e-01	8.61e-02	6.44e-03	5.65e-04	2.26e-05	2.60e-06	2.48e-07	0.00e+00	0.00e+00
 4.10230e+22	3.29e-22	4.46e-09	1.55e-06	5.67e-05	4.87e-04	1.43e-03	5.08e-03	1.25e-01	3.92e-01	3.89e-01	8.02e-02	5.77e-03	4.95e-04	1.92e-05	2.18e-06	2.01e-07	0.00e+00	0.00e+00
 4.12830e+22	4.33e-22	5.29e-09	1.90e-06	6.85e-05	5.80e-04	1.67e-03	5.88e-03	1.36e-01	4.02e-01	3.76e-01	7.29e-02	4.98e-03	4.15e-04	1.55e-05	1.73e-06	1.52e-07	0.00e+00	0.00e+00
 4.15489e+22	5.48e-22	6.16e-09	2.25e-06	7.99e-05	6.67e-04	1.88e-03	6.57e-03	1.45e-01	4.09e-01	3.65e-01	6.75e-02	4.44e-03	3.61e-04	1.31e-05	1.44e-06	1.22e-07	0.00e+00	0.00e+00
 4.17732e+22	6.74e-22	7.02e-09	2.61e-06	9.16e-05	7.55e-04	2.10e-03	7.25e-03	1.53e-01	4.15e-01	3.55e-01	6.29e-02	3.99e-03	3.19e-04	1.13e-05	1.22e-06	0.00e+00	0.00e+00	0.00e+00
 4.20158e+22	8.83e-22	8.33e-09	3.16e-06	1.09e-04	8.84e-04	2.40e-03	8.22e-03	1.65e-01	4.21e-01	3.41e-01	5.73e-02	3.48e-03	2.71e-04	9.27e-06	9.85e-07	0.00e+00	0.00e+00	0.00e+00
 4.22520e+22	1.08e-21	9.48e-09	3.64e-06	1.24e-04	9.90e-04	2.65e-03	8.97e-03	1.73e-01	4.26e-01	3.32e-01	5.35e-02	3.15e-03	2.41e-04	8.05e-06	8.45e-07	0.00e+00	0.00e+00	0.00e+00
 4.24799e+22	1.40e-21	1.11e-08	4.36e-06	1.46e-04	1.15e-03	3.00e-03	1.01e-02	1.84e-01	4.31e-01	3.19e-01	4.88e-02	2.76e-03	2.06e-04	6.68e-06	6.90e-07	0.00e+00	0.00e+00	0.00e+00
 4.27098e+22	1.73e-21	1.28e-08	5.05e-06	1.67e-04	1.28e-03	3.30e-03	1.10e-02	1.93e-01	4.34e-01	3.09e-01	4.56e-02	2.49e-03	1.83e-04	5.80e-06	5.91e-07	0.00e+00	0.00e+00	0.00e+00
 4.29425e+22	2.27e-21	1.52e-08	6.08e-06	1.97e-04	1.49e-03	3.73e-03	1.23e-02	2.05e-01	4.38e-01	2.96e-01	4.14e-02	2.18e-03	1.56e-04	4.79e-06	4.81e-07	0.00e+00	0.00e+00	0.00e+00
 4.31785e+22	2.85e-21	1.77e-08	7.09e-06	2.25e-04	1.67e-03	4.11e-03	1.33e-02	2.14e-01	4.40e-01	2.86e-01	3.85e-02	1.96e-03	1.38e-04	4.14e-06	4.10e-07	0.00e+00	0.00e+00	0.00e+00
 4.34186e+22	3.79e-21	2.12e-08	8.59e-06	2.67e-04	1.93e-03	4.65e-03	1.49e-02	2.27e-01	4.42e-01	2.73e-01	3.48e-02	1.70e-03	1.17e-04	3.40e-06	3.31e-07	0.00e+00	0.00e+00	0.00e+00
 4.36620e+22	4.82e-21	2.49e-08	1.01e-05	3.07e-04	2.17e-03	5.12e-03	1.61e-02	2.37e-01	4.43e-01	2.63e-01	3.22e-02	1.53e-03	1.04e-04	2.92e-06	2.81e-07	0.00e+00	0.00e+00	0.00e+00
 4.39099e+22	6.53e-21	3.02e-08	1.23e-05	3.67e-04	2.53e-03	5.80e-03	1.80e-02	2.51e-01	4.43e-01	2.49e-01	2.89e-02	1.32e-03	8.72e-05	2.38e-06	2.25e-07	0.00e+00	0.00e+00	0.00e+00
 4.41618e+22	8.43e-21	3.58e-08	1.45e-05	4.23e-04	2.84e-03	6.38e-03	1.95e-02	2.61e-01	4.43e-01	2.39e-01	2.66e-02	1.18e-03	7.65e-05	2.04e-06	1.90e-07	0.00e+00	0.00e+00	0.00e+00
 4.44191e+22	1.16e-20	4.41e-08	1.78e-05	5.08e-04	3.31e-03	7.23e-03	2.18e-02	2.75e-01	4.42e-01	2.25e-01	2.37e-02	1.01e-03	6.40e-05	1.65e-06	1.51e-07	0.00e+00	0.00e+00	0.00e+00
 4.46816e+22	1.53e-20	5.28e-08	2.12e-05	5.89e-04	3.75e-03	7.97e-03	2.36e-02	2.86e-01	4.40e-01	2.15e-01	2.17e-02	8.98e-04	5.58e-05	1.40e-06	1.27e-07	0.00e+00	0.00e+00	0.00e+00
 4.49510e+22	2.15e-20	6.61e-08	2.64e-05	7.13e-04	4.38e-03	9.05e-03	2.62e-02	3.01e-01	4.37e-01	2.02e-01	1.92e-02	7.63e-04	4.62e-05	1.12e-06	0.00e+00	0.00e+00	0.00e+00	0.00e+00
 4.52272e+22	2.88e-20	8.01e-08	3.16e-05	8.33e-04	4.97e-03	1.00e-02	2.85e-02	3.13e-01	4.33e-01	1.92e-01	1.74e-02	6.71e-04	3.98e-05	9.40e-07	0.00e+00	0.00e+00	0.00e+00	0.00e+00
 4.55124e+22	4.20e-20	1.02e-07	3.98e-05	1.02e-03	5.85e-03	1.14e-02	3.17e-02	3.28e-01	4.28e-01	1.78e-01	1.53e-02	5.65e-04	3.26e-05	7.44e-07	0.00e+00	0.00e+00	0.00e+00	0.00e+00
 4.58018e+22	5.71e-20	1.25e-07	4.80e-05	1.19e-03	6.64e-03	1.26e-02	3.43e-02	3.40e-01	4.23e-01	1.68e-01	1.38e-02	4.94e-04	2.80e-05	6.20e-07	0.00e+00	0.00e+00	0.00e+00	0.00e+00
 4.60965e+22	8.48e-20	1.62e-07	6.10e-05	1.46e-03	7.82e-03	1.43e-02	3.80e-02	3.55e-01	4.15e-01	1.56e-01	1.20e-02	4.13e-04	2.27e-05	4.86e-07	0.00e+00	0.00e+00	0.00e+00	0.00e+00
 4.63946e+22	1.17e-19	2.01e-07	7.38e-05	1.72e-03	8.89e-03	1.58e-02	4.10e-02	3.66e-01	4.09e-01	1.46e-01	1.08e-02	3.60e-04	1.94e-05	4.03e-07	0.00e+00	0.00e+00	0.00e+00	0.00e+00
 4.66973e+22	1.77e-19	2.62e-07	9.40e-05	2.12e-03	1.05e-02	1.79e-02	4.53e-02	3.81e-01	3.99e-01	1.34e-01	9.31e-03	2.99e-04	1.56e-05	3.13e-07	0.00e+00	0.00e+00	0.00e+00	0.00e+00
 4.70040e+22	2.48e-19	3.27e-07	1.14e-04	2.50e-03	1.19e-02	1.97e-02	4.87e-02	3.92e-01	3.91e-01	1.26e-01	8.31e-03	2.59e-04	1.32e-05	2.58e-07	0.00e+00	0.00e+00	0.00e+00	0.00e+00
 4.72733e+22	3.45e-19	4.05e-07	1.38e-04	2.93e-03	1.35e-02	2.17e-02	5.24e-02	4.02e-01	3.82e-01	1.17e-01	7.39e-03	2.24e-04	1.12e-05	2.12e-07	0.00e+00	0.00e+00	0.00e+00	0.00e+00
 4.75806e+22	5.31e-19	5.33e-07	1.76e-04	3.59e-03	1.58e-02	2.44e-02	5.73e-02	4.15e-01	3.71e-01	1.07e-01	6.36e-03	1.86e-04	9.01e-06	1.65e-07	0.00e+00	0.00e+00	0.00e+00	0.00e+00
 4.78933e+22	7.59e-19	6.67e-07	2.14e-04	4.24e-03	1.79e-02	2.69e-02	6.15e-02	4.24e-01	3.60e-01	9.89e-02	5.60e-03	1.59e-04	7.52e-06	1.34e-07	0.00e+00	0.00e+00	0.00e+00	0.00e+00
 4.81473e+22	1.03e-18	8.10e-07	2.53e-04	4.87e-03	1.99e-02	2.91e-02	6.52e-02	4.32e-01	3.51e-01	9.25e-02	5.03e-03	1.39e-04	6.46e-06	0.00e+00	0.00e+00	0.00e+00	0.00e+00	0.00e+00
 4.84120e+22	1.49e-18	1.02e-06	3.09e-04	5.75e-03	2.26e-02	3.19e-02	6.96e-02	4.40e-01	3.40e-01	8.53e-02	4.42e-03	1.19e-04	5.39e-06	0.00e+00	0.00e+00	0.00e+00	0.00e+00	0.00e+00
 4.86896e+22	2.09e-18	1.25e-06	3.68e-04	6.65e-03	2.52e-02	3.46e-02	7.37e-02	4.46e-01	3.30e-01	7.92e-02	3.93e-03	1.03e-04	4.57e-06	0.00e+00	0.00e+00	0.00e+00	0.00e+00	0.00e+00
 4.89438e+22	2.91e-18	1.53e-06	4.36e-04	7.66e-03	2.80e-02	3.74e-02	7.78e-02	4.52e-01	3.20e-01	7.35e-02	3.50e-03	8.96e-05	3.88e-06	0.00e+00	0.00e+00	0.00e+00	0.00e+00	0.00e+00
 4.92343e+22	4.45e-18	1.97e-06	5.41e-04	9.15e-03	3.19e-02	4.11e-02	8.30e-02	4.58e-01	3.06e-01	6.67e-02	3.01e-03	7.50e-05	3.16e-06	0.00e+00	0.00e+00	0.00e+00	0.00e+00	0.00e+00
 4.95320e+22	6.57e-18	2.46e-06	6.50e-04	1.07e-02	3.57e-02	4.46e-02	8.78e-02	4.63e-01	2.94e-01	6.11e-02	2.63e-03	6.38e-05	2.62e-06	0.00e+00	0.00e+00	0.00e+00	0.00e+00	0.00e+00
 4.97932e+22	9.32e-18	3.01e-06	7.71e-04	1.22e-02	3.96e-02	4.79e-02	9.21e-02	4.66e-01	2.83e-01	5.63e-02	2.33e-03	5.52e-05	2.21e-06	0.00e+00	0.00e+00	0.00e+00	0.00e+00	0.00e+00
 5.00866e+22	1.47e-17	3.87e-06	9.51e-04	1.45e-02	4.48e-02	5.23e-02	9.75e-02	4.68e-01	2.69e-01	5.07e-02	1.99e-03	4.59e-05	1.79e-06	0.00e+00	0.00e+00	0.00e+00	0.00e+00	0.00e+00
 5.03945e+22	2.30e-17	4.85e-06	1.15e-03	1.69e-02	5.01e-02	5.65e-02	1.02e-01	4.69e-01	2.56e-01	4.60e-02	1.72e-03	3.87e-05	1.47e-06	0.00e+00	0.00e+00	0.00e+00	0.00e+00	0.00e+00
 5.06740e+22	3.45e-17	6.00e-06	1.37e-03	1.95e-02	5.54e-02	6.06e-02	1.07e-01	4.69e-01	2.44e-01	4.18e-02	1.50e-03	3.29e-05	1.22e-06	0.00e+00	0.00e+00	0.00e+00	0.00e+00	0.00e+00
 5.09899e+22	5.94e-17	7.82e-06	1.70e-03	2.32e-02	6.27e-02	6.59e-02	1.13e-01	4.67e-01	2.29e-01	3.70e-02	1.26e-03	2.68e-05	9.62e-07	0.00e+00	0.00e+00	0.00e+00	0.00e+00	0.00e+00
 5.13153e+22	1.06e-16	9.84e-06	2.05e-03	2.70e-02	6.97e-02	7.07e-02	1.18e-01	4.64e-01	2.15e-01	3.31e-02	1.07e-03	2.23e-05	7.77e-07	0.00e+00	0.00e+00	0.00e+00	0.00e+00	0.00e+00
 5.16045e+22	1.74e-16	1.22e-05	2.44e-03	3.10e-02	7.67e-02	7.53e-02	1.22e-01	4.59e-01	2.03e-01	2.98e-02	9.21e-04	1.87e-05	6.36e-07	0.00e+00	0.00e+00	0.00e+00	0.00e+00	0.00e+00
 5.19320e+22	3.51e-16	1.59e-05	3.02e-03	3.67e-02	8.61e-02	8.12e-02	1.27e-01	4.52e-01	1.87e-01	2.60e-02	7.60e-04	1.50e-05	4.93e-07	0.00e+00	0.00e+00	0.00e+00	0.00e+00	0.00e+00
 5.22718e+22	9.42e-16	2.01e-05	3.64e-03	4.25e-02	9.51e-02	8.65e-02	1.31e-01	4.44e-01	1.74e-01	2.28e-02	6.37e-04	1.23e-05	3.91e-07	0.00e+00	0.00e+00	0.00e+00	0.00e+00	0.00e+00
 5.25773e+22	2.13e-15	2.49e-05	4.32e-03	4.86e-02	1.04e-01	9.14e-02	1.35e-01	4.35e-01	1.62e-01	2.02e-02	5.38e-04	1.01e-05	3.14e-07	0.00e+00	0.00e+00	0.00e+00	0.00e+00	0.00e+00
 5.29240e+22	8.42e-15	3.28e-05	5.37e-03	5.74e-02	1.16e-01	9.76e-02	1.39e-01	4.21e-01	1.46e-01	1.72e-02	4.32e-04	7.90e-06	2.36e-07	0.00e+00	0.00e+00	0.00e+00	0.00e+00	0.00e+00
 5.32811e+22	8.78e-14	4.12e-05	6.42e-03	6.59e-02	1.27e-01	1.03e-01	1.41e-01	4.08e-01	1.34e-01	1.49e-02	3.56e-04	6.37e-06	1.84e-07	0.00e+00	0.00e+00	0.00e+00	0.00e+00	0.00e+00
 5.36028e+22	5.71e-13	5.12e-05	7.61e-03	7.49e-02	1.37e-01	1.07e-01	1.44e-01	3.94e-01	1.22e-01	1.29e-02	2.95e-04	5.14e-06	1.44e-07	0.00e+00	0.00e+00	0.00e+00	0.00e+00	0.00e+00
 5.39722e+22	8.50e-12	6.75e-05	9.42e-03	8.79e-02	1.51e-01	1.13e-01	1.45e-01	3.74e-01	1.08e-01	1.07e-02	2.29e-04	3.89e-06	0.00e+00	0.00e+00	0.00e+00	0.00e+00	0.00e+00	0.00e+00
 5.43456e+22	1.97e-10	8.42e-05	1.11e-02	9.96e-02	1.63e-01	1.17e-01	1.46e-01	3.56e-01	9.70e-02	9.07e-03	1.85e-04	3.07e-06	0.00e+00	0.00e+00	0.00e+00	0.00e+00	0.00e+00	0.00e+00
 5.47242e+22	4.54e-10	1.10e-04	1.37e-02	1.15e-01	1.78e-01	1.22e-01	1.46e-01	3.33e-01	8.44e-02	7.38e-03	1.42e-04	2.28e-06	0.00e+00	0.00e+00	0.00e+00	0.00e+00	0.00e+00	0.00e+00
 5.51073e+22	7.13e-10	1.37e-04	1.61e-02	1.30e-01	1.89e-01	1.25e-01	1.45e-01	3.14e-01	7.48e-02	6.19e-03	1.14e-04	1.78e-06	0.00e+00	0.00e+00	0.00e+00	0.00e+00	0.00e+00	0.00e+00
 5.54960e+22	1.19e-09	1.78e-04	1.95e-02	1.49e-01	2.03e-01	1.28e-01	1.43e-01	2.88e-01	6.37e-02	4.92e-03	8.50e-05	1.29e-06	0.00e+00	0.00e+00	0.00e+00	0.00e+00	0.00e+00	0.00e+00
 5.58884e+22	1.76e-09	2.19e-04	2.27e-02	1.65e-01	2.14e-01	1.30e-01	1.40e-01	2.68e-01	5.57e-02	4.07e-03	6.70e-05	9.94e-07	0.00e+00	0.00e+00	0.00e+00	0.00e+00	0.00e+00	0.00e+00
 5.62854e+22	1.55e-10	2.83e-04	2.74e-02	1.87e-01	2.26e-01	1.31e-01	1.36e-01	2.42e-01	4.65e-02	3.16e-03	4.90e-05	7.05e-07	0.00e+00	0.00e+00	0.00e+00	0.00e+00	0.00e+00	0.00e+00
 5.66865e+22	1.21e-10	3.45e-04	3.15e-02	2.05e-01	2.35e-01	1.31e-01	1.32e-01	2.22e-01	4.01e-02	2.58e-03	3.81e-05	5.35e-07	0.00e+00	0.00e+00	0.00e+00	0.00e+00	0.00e+00	0.00e+00
 5.70931e+22	2.67e-10	4.42e-04	3.75e-02	2.29e-01	2.45e-01	1.31e-01	1.26e-01	1.97e-01	3.28e-02	1.96e-03	2.73e-05	3.72e-07	0.00e+00	0.00e+00	0.00e+00	0.00e+00	0.00e+00	0.00e+00
 5.75049e+22	8.53e-10	5.35e-04	4.28e-02	2.48e-01	2.52e-01	1.29e-01	1.20e-01	1.78e-01	2.78e-02	1.57e-03	2.09e-05	2.77e-07	0.00e+00	0.00e+00	0.00e+00	0.00e+00	0.00e+00	0.00e+00
 5.79237e+22	2.18e-09	6.81e-04	5.04e-02	2.73e-01	2.58e-01	1.26e-01	1.13e-01	1.55e-01	2.22e-02	1.17e-03	1.46e-05	1.88e-07	0.00e+00	0.00e+00	0.00e+00	0.00e+00	0.00e+00	0.00e+00
 5.83345e+22	3.79e-09	8.09e-04	5.66e-02	2.92e-01	2.62e-01	1.23e-01	1.07e-01	1.39e-01	1.88e-02	9.36e-04	1.12e-05	1.40e-07	0.00e+00	0.00e+00	0.00e+00	0.00e+00	0.00e+00	0.00e+00
 5.87349e+22	6.64e-09	1.01e-03	6.53e-02	3.15e-01	2.64e-01	1.19e-01	9.93e-02	1.20e-01	1.50e-02	6.97e-04	7.89e-06	0.00e+00	0.00e+00	0.00e+00	0.00e+00	0.00e+00	0.00e+00	0.00e+00
 5.91207e+22	9.59e-09	1.17e-03	7.19e-02	3.31e-01	2.65e-01	1.16e-01	9.38e-02	1.08e-01	1.27e-02	5.65e-04	6.16e-06	0.00e+00	0.00e+00	0.00e+00	0.00e+00	0.00e+00	0.00e+00	0.00e+00
 5.94874e+22	1.49e-08	1.41e-03	8.11e-02	3.52e-01	2.64e-01	1.11e-01	8.67e-02	9.36e-02	1.02e-02	4.26e-04	4.42e-06	0.00e+00	0.00e+00	0.00e+00	0.00e+00	0.00e+00	0.00e+00	0.00e+00
