#depth	Ar	Ar+	Ar+2	Ar+3	Ar+4	Ar+5	Ar+6	Ar+7	Ar+8	Ar+9	Ar+10	Ar+11	Ar+12	Ar+13	Ar+14	Ar+15	Ar+16	Ar+17	Ar+18
 4.62852e+21	0.00e+00	0.00e+00	0.00e+00	0.00e+00	5.68e-25	5.80e-22	3.52e-19	1.41e-16	1.75e-13	3.09e-11	2.77e-09	1.23e-07	3.78e-06	6.13e-05	6.56e-04	7.45e-03	1.47e-01	4.31e-01	4.13e-01
 1.05607e+22	0.00e+00	0.00e+00	0.00e+00	2.51e-26	4.46e-23	3.18e-20	1.33e-17	6.60e-15	5.79e-12	7.14e-10	4.42e-08	1.34e-06	2.83e-05	3.12e-04	2.24e-03	1.72e-02	2.31e-01	4.55e-01	2.94e-01
 1.26665e+22	0.00e+00	0.00e+00	3.23e-28	7.38e-25	1.03e-21	5.71e-19	1.86e-16	7.03e-14	5.11e-11	5.10e-09	2.52e-07	6.06e-06	1.01e-04	8.68e-04	4.79e-03	2.82e-02	2.95e-01	4.48e-01	2.23e-01
 1.40197e+22	0.00e+00	0.00e+00	4.10e-27	8.02e-24	9.37e-21	4.30e-18	1.15e-15	3.58e-13	2.31e-10	2.01e-08	8.52e-07	1.74e-05	2.47e-04	1.77e-03	8.06e-03	3.92e-02	3.42e-01	4.31e-01	1.78e-01
 1.47085e+22	0.00e+00	1.81e-32	7.85e-27	1.47e-23	1.64e-20	7.17e-18	1.83e-15	5.38e-13	3.38e-10	2.84e-08	1.16e-06	2.28e-05	3.10e-04	2.12e-03	9.18e-03	4.25e-02	3.54e-01	4.25e-01	1.67e-01
 1.49396e+22	0.00e+00	3.04e-32	1.28e-26	2.33e-23	2.51e-20	1.06e-17	2.59e-15	7.31e-13	4.50e-10	3.69e-08	1.47e-06	2.79e-05	3.68e-04	2.43e-03	1.01e-02	4.52e-02	3.63e-01	4.20e-01	1.60e-01
 1.51141e+22	0.00e+00	4.33e-32	1.79e-26	3.19e-23	3.35e-20	1.37e-17	3.28e-15	9.03e-13	5.48e-10	4.41e-08	1.72e-06	3.20e-05	4.13e-04	2.67e-03	1.08e-02	4.71e-02	3.69e-01	4.16e-01	1.54e-01
 1.53005e+22	0.00e+00	7.17e-32	2.89e-26	4.99e-23	5.06e-20	2.00e-17	4.61e-15	1.22e-12	7.25e-10	5.68e-08	2.16e-06	3.89e-05	4.87e-04	3.04e-03	1.19e-02	4.98e-02	3.77e-01	4.10e-01	1.47e-01
 1.55032e+22	0.00e+00	1.18e-31	4.64e-26	7.77e-23	7.60e-20	2.89e-17	6.40e-15	1.63e-12	9.51e-10	7.29e-08	2.70e-06	4.72e-05	5.74e-04	3.46e-03	1.30e-02	5.27e-02	3.86e-01	4.05e-01	1.40e-01
 1.56928e+22	0.00e+00	1.84e-31	7.03e-26	1.15e-22	1.09e-19	4.02e-17	8.62e-15	2.12e-12	1.22e-09	9.12e-08	3.29e-06	5.60e-05	6.62e-04	3.88e-03	1.41e-02	5.53e-02	3.93e-01	3.99e-01	1.34e-01
 1.59051e+22	0.00e+00	3.33e-31	1.24e-25	1.94e-22	1.77e-19	6.24e-17	1.28e-14	2.99e-12	1.68e-09	1.23e-07	4.29e-06	7.04e-05	8.04e-04	4.52e-03	1.58e-02	5.90e-02	4.02e-01	3.92e-01	1.26e-01
 1.61174e+22	0.00e+00	5.42e-31	1.96e-25	2.99e-22	2.63e-19	8.93e-17	1.76e-14	3.96e-12	2.19e-09	1.56e-07	5.32e-06	8.49e-05	9.42e-04	5.12e-03	1.72e-02	6.21e-02	4.10e-01	3.85e-01	1.19e-01
 1.62990e+22	0.00e+00	8.60e-31	3.03e-25	4.50e-22	3.82e-19	1.25e-16	2.38e-14	5.17e-12	2.82e-09	1.97e-07	6.54e-06	1.01e-04	1.09e-03	5.76e-03	1.87e-02	6.52e-02	4.17e-01	3.79e-01	1.14e-01
 1.65045e+22	0.00e+00	1.53e-30	5.25e-25	7.51e-22	6.12e-19	1.92e-16	3.48e-14	7.20e-12	3.85e-09	2.62e-07	8.45e-06	1.27e-04	1.32e-03	6.67e-03	2.07e-02	6.92e-02	4.25e-01	3.71e-01	1.07e-01
 1.67155e+22	0.00e+00	2.47e-30	8.25e-25	1.14e-21	9.01e-19	2.73e-16	4.76e-14	9.48e-12	4.99e-09	3.33e-07	1.04e-05	1.52e-04	1.54e-03	7.52e-03	2.25e-02	7.26e-02	4.31e-01	3.63e-01	1.01e-01
 1.69033e+22	0.00e+00	3.96e-30	1.29e-24	1.74e-21	1.32e-18	3.85e-16	6.47e-14	1.24e-11	6.44e-09	4.20e-07	1.29e-05	1.82e-04	1.79e-03	8.46e-03	2.45e-02	7.60e-02	4.37e-01	3.56e-01	9.56e-02
 1.71170e+22	0.00e+00	7.16e-30	2.26e-24	2.93e-21	2.14e-18	5.95e-16	9.53e-14	1.74e-11	8.86e-09	5.64e-07	1.67e-05	2.28e-04	2.16e-03	9.81e-03	2.71e-02	8.05e-02	4.45e-01	3.47e-01	8.91e-02
 1.73343e+22	0.00e+00	1.20e-29	3.68e-24	4.62e-21	3.23e-18	8.64e-16	1.33e-13	2.32e-11	1.17e-08	7.26e-07	2.09e-05	2.77e-04	2.54e-03	1.11e-02	2.96e-02	8.45e-02	4.50e-01	3.38e-01	8.37e-02
 1.75233e+22	0.00e+00	1.90e-29	5.70e-24	6.95e-21	4.71e-18	1.21e-15	1.79e-13	3.02e-11	1.50e-08	9.12e-07	2.57e-05	3.29e-04	2.94e-03	1.25e-02	3.20e-02	8.81e-02	4.55e-01	3.30e-01	7.90e-02
 1.77357e+22	0.00e+00	3.53e-29	1.02e-23	1.20e-20	7.74e-18	1.90e-15	2.66e-13	4.24e-11	2.07e-08	1.23e-06	3.36e-05	4.15e-04	3.57e-03	1.45e-02	3.54e-02	9.31e-02	4.61e-01	3.19e-01	7.30e-02
 1.79406e+22	0.00e+00	5.46e-29	1.55e-23	1.76e-20	1.10e-17	2.61e-15	3.53e-13	5.42e-11	2.62e-08	1.53e-06	4.07e-05	4.89e-04	4.10e-03	1.61e-02	3.80e-02	9.67e-02	4.64e-01	3.11e-01	6.90e-02
 1.81355e+22	0.00e+00	9.73e-29	2.68e-23	2.93e-20	1.75e-17	3.95e-15	5.08e-13	7.42e-11	3.54e-08	2.02e-06	5.24e-05	6.07e-04	4.90e-03	1.85e-02	4.17e-02	1.01e-01	4.68e-01	3.01e-01	6.38e-02
 1.83309e+22	0.00e+00	1.50e-28	4.05e-23	4.30e-20	2.49e-17	5.41e-15	6.71e-13	9.44e-11	4.46e-08	2.50e-06	6.33e-05	7.13e-04	5.61e-03	2.05e-02	4.47e-02	1.05e-01	4.71e-01	2.93e-01	6.01e-02
 1.84934e+22	0.00e+00	2.28e-28	6.02e-23	6.21e-20	3.47e-17	7.28e-15	8.70e-13	1.18e-10	5.53e-08	3.06e-06	7.57e-05	8.32e-04	6.38e-03	2.26e-02	4.78e-02	1.09e-01	4.72e-01	2.85e-01	5.67e-02
 1.86445e+22	0.00e+00	3.36e-28	8.70e-23	8.74e-20	4.73e-17	9.61e-15	1.11e-12	1.45e-10	6.77e-08	3.69e-06	8.95e-05	9.60e-04	7.19e-03	2.48e-02	5.07e-02	1.12e-01	4.74e-01	2.77e-01	5.37e-02
 1.87834e+22	0.00e+00	4.78e-28	1.22e-22	1.19e-19	6.27e-17	1.24e-14	1.38e-12	1.75e-10	8.13e-08	4.37e-06	1.04e-04	1.09e-03	8.00e-03	2.69e-02	5.35e-02	1.15e-01	4.74e-01	2.70e-01	5.10e-02
 1.89129e+22	0.00e+00	6.74e-28	1.68e-22	1.61e-19	8.24e-17	1.58e-14	1.71e-12	2.10e-10	9.70e-08	5.15e-06	1.21e-04	1.24e-03	8.88e-03	2.91e-02	5.63e-02	1.18e-01	4.75e-01	2.63e-01	4.84e-02
 1.90609e+22	0.00e+00	1.05e-27	2.56e-22	2.37e-19	1.17e-16	2.15e-14	2.24e-12	2.65e-10	1.21e-07	6.34e-06	1.46e-04	1.45e-03	1.01e-02	3.22e-02	6.01e-02	1.21e-01	4.75e-01	2.55e-01	4.53e-02
 1.92037e+22	0.00e+00	1.45e-27	3.49e-22	3.16e-19	1.52e-16	2.71e-14	2.74e-12	3.14e-10	1.44e-07	7.42e-06	1.67e-04	1.64e-03	1.12e-02	3.47e-02	6.31e-02	1.24e-01	4.74e-01	2.48e-01	4.31e-02
 1.93216e+22	0.00e+00	1.99e-27	4.71e-22	4.17e-19	1.95e-16	3.39e-14	3.33e-12	3.71e-10	1.69e-07	8.62e-06	1.91e-04	1.83e-03	1.23e-02	3.72e-02	6.60e-02	1.26e-01	4.73e-01	2.42e-01	4.10e-02
 1.94564e+22	0.00e+00	2.94e-27	6.83e-22	5.87e-19	2.66e-16	4.47e-14	4.23e-12	4.54e-10	2.06e-07	1.04e-05	2.26e-04	2.11e-03	1.38e-02	4.06e-02	6.97e-02	1.29e-01	4.72e-01	2.34e-01	3.85e-02
 1.95951e+22	0.00e+00	4.15e-27	9.48e-22	7.94e-19	3.49e-16	5.68e-14	5.21e-12	5.41e-10	2.45e-07	1.22e-05	2.61e-04	2.39e-03	1.53e-02	4.38e-02	7.31e-02	1.32e-01	4.70e-01	2.27e-01	3.64e-02
 1.97118e+22	0.00e+00	5.64e-27	1.27e-21	1.04e-18	4.45e-16	7.03e-14	6.25e-12	6.31e-10	2.85e-07	1.41e-05	2.97e-04	2.66e-03	1.67e-02	4.68e-02	7.63e-02	1.34e-01	4.68e-01	2.21e-01	3.45e-02
 1.98197e+22	0.00e+00	7.65e-27	1.70e-21	1.36e-18	5.65e-16	8.69e-14	7.50e-12	7.35e-10	3.32e-07	1.62e-05	3.37e-04	2.97e-03	1.83e-02	5.00e-02	7.94e-02	1.36e-01	4.66e-01	2.14e-01	3.28e-02
 1.99433e+22	0.00e+00	1.12e-26	2.43e-21	1.88e-18	7.60e-16	1.13e-13	9.37e-12	8.86e-10	4.00e-07	1.93e-05	3.94e-04	3.39e-03	2.04e-02	5.41e-02	8.35e-02	1.39e-01	4.62e-01	2.07e-01	3.07e-02
 2.00690e+22	3.49e-33	1.52e-26	3.27e-21	2.47e-18	9.70e-16	1.40e-13	1.13e-11	1.03e-09	4.67e-07	2.23e-05	4.48e-04	3.78e-03	2.22e-02	5.78e-02	8.68e-02	1.41e-01	4.59e-01	2.00e-01	2.90e-02
 2.01804e+22	4.81e-33	2.07e-26	4.37e-21	3.23e-18	1.23e-15	1.73e-13	1.35e-11	1.20e-09	5.43e-07	2.57e-05	5.09e-04	4.20e-03	2.43e-02	6.16e-02	9.02e-02	1.43e-01	4.55e-01	1.94e-01	2.75e-02
 2.03083e+22	7.28e-33	3.07e-26	6.36e-21	4.55e-18	1.68e-15	2.26e-13	1.70e-11	1.46e-09	6.58e-07	3.08e-05	5.98e-04	4.81e-03	2.71e-02	6.67e-02	9.46e-02	1.45e-01	4.50e-01	1.86e-01	2.55e-02
 2.04300e+22	9.84e-33	4.09e-26	8.36e-21	5.84e-18	2.10e-15	2.75e-13	2.01e-11	1.67e-09	7.57e-07	3.52e-05	6.72e-04	5.31e-03	2.93e-02	7.07e-02	9.79e-02	1.46e-01	4.46e-01	1.80e-01	2.42e-02
 2.05280e+22	1.33e-32	5.47e-26	1.10e-20	7.52e-18	2.63e-15	3.34e-13	2.37e-11	1.91e-09	8.69e-07	4.01e-05	7.56e-04	5.86e-03	3.18e-02	7.49e-02	1.01e-01	1.48e-01	4.41e-01	1.74e-01	2.29e-02
 2.06244e+22	1.78e-32	7.21e-26	1.44e-20	9.56e-18	3.25e-15	4.03e-13	2.77e-11	2.18e-09	9.92e-07	4.54e-05	8.45e-04	6.43e-03	3.43e-02	7.91e-02	1.04e-01	1.49e-01	4.36e-01	1.68e-01	2.16e-02
 2.07341e+22	2.57e-32	1.02e-25	2.00e-20	1.29e-17	4.26e-15	5.09e-13	3.37e-11	2.56e-09	1.17e-06	5.31e-05	9.71e-04	7.23e-03	3.77e-02	8.46e-02	1.08e-01	1.50e-01	4.29e-01	1.61e-01	2.02e-02
 2.08469e+22	3.57e-32	1.40e-25	2.70e-20	1.70e-17	5.41e-15	6.26e-13	4.01e-11	2.94e-09	1.35e-06	6.10e-05	1.10e-03	8.02e-03	4.10e-02	8.98e-02	1.12e-01	1.51e-01	4.23e-01	1.55e-01	1.89e-02
 2.09448e+22	4.73e-32	1.83e-25	3.48e-20	2.14e-17	6.66e-15	7.50e-13	4.67e-11	3.33e-09	1.54e-06	6.88e-05	1.22e-03	8.76e-03	4.40e-02	9.43e-02	1.15e-01	1.52e-01	4.17e-01	1.50e-01	1.79e-02
 2.10532e+22	7.09e-32	2.69e-25	5.03e-20	2.98e-17	8.93e-15	9.64e-13	5.74e-11	3.93e-09	1.83e-06	8.14e-05	1.42e-03	9.94e-03	4.87e-02	1.01e-01	1.20e-01	1.53e-01	4.08e-01	1.42e-01	1.64e-02
 2.11610e+22	9.35e-32	3.50e-25	6.47e-20	3.75e-17	1.09e-14	1.15e-12	6.66e-11	4.44e-09	2.08e-06	9.15e-05	1.58e-03	1.08e-02	5.21e-02	1.06e-01	1.23e-01	1.53e-01	4.02e-01	1.37e-01	1.55e-02
 2.12681e+22	1.41e-31	5.17e-25	9.39e-20	5.24e-17	1.47e-14	1.47e-12	8.17e-11	5.22e-09	2.47e-06	1.08e-04	1.83e-03	1.23e-02	5.75e-02	1.14e-01	1.27e-01	1.53e-01	3.91e-01	1.29e-01	1.42e-02
 2.13718e+22	1.85e-31	6.70e-25	1.20e-19	6.55e-17	1.79e-14	1.75e-12	9.39e-11	5.84e-09	2.78e-06	1.21e-04	2.02e-03	1.33e-02	6.14e-02	1.19e-01	1.30e-01	1.53e-01	3.84e-01	1.24e-01	1.34e-02
 2.14712e+22	2.66e-31	9.51e-25	1.68e-19	8.84e-17	2.32e-14	2.19e-12	1.13e-10	6.75e-09	3.25e-06	1.40e-04	2.31e-03	1.48e-02	6.69e-02	1.26e-01	1.33e-01	1.53e-01	3.74e-01	1.17e-01	1.23e-02
 2.15739e+22	3.62e-31	1.28e-24	2.22e-19	1.14e-16	2.90e-14	2.64e-12	1.32e-10	7.62e-09	3.69e-06	1.59e-04	2.58e-03	1.62e-02	7.18e-02	1.32e-01	1.36e-01	1.52e-01	3.66e-01	1.12e-01	1.14e-02
 2.16810e+22	5.46e-31	1.89e-24	3.24e-19	1.59e-16	3.88e-14	3.38e-12	1.61e-10	8.90e-09	4.38e-06	1.87e-04	2.98e-03	1.83e-02	7.88e-02	1.40e-01	1.40e-01	1.51e-01	3.53e-01	1.05e-01	1.04e-02
 2.17842e+22	7.22e-31	2.47e-24	4.17e-19	2.00e-16	4.73e-14	4.00e-12	1.84e-10	9.91e-09	4.91e-06	2.09e-04	3.28e-03	1.98e-02	8.38e-02	1.46e-01	1.43e-01	1.50e-01	3.45e-01	9.99e-02	9.68e-03
 2.18822e+22	1.07e-30	3.59e-24	5.97e-19	2.74e-16	6.23e-14	5.03e-12	2.22e-10	1.14e-08	5.75e-06	2.43e-04	3.76e-03	2.21e-02	9.12e-02	1.54e-01	1.46e-01	1.48e-01	3.32e-01	9.33e-02	8.76e-03
 2.19799e+22	1.41e-30	4.69e-24	7.70e-19	3.44e-16	7.60e-14	5.95e-12	2.54e-10	1.27e-08	6.44e-06	2.71e-04	4.13e-03	2.39e-02	9.68e-02	1.60e-01	1.48e-01	1.47e-01	3.23e-01	8.87e-02	8.15e-03
 2.20772e+22	2.09e-30	6.82e-24	1.10e-18	4.72e-16	9.99e-14	7.48e-12	3.04e-10	1.46e-08	7.50e-06	3.14e-04	4.71e-03	2.65e-02	1.05e-01	1.68e-01	1.50e-01	1.45e-01	3.10e-01	8.24e-02	7.34e-03
 2.21754e+22	2.80e-30	9.01e-24	1.44e-18	5.98e-16	1.23e-13	8.88e-12	3.49e-10	1.62e-08	8.42e-06	3.50e-04	5.19e-03	2.87e-02	1.11e-01	1.74e-01	1.52e-01	1.43e-01	3.00e-01	7.79e-02	6.78e-03
 2.22746e+22	4.21e-30	1.33e-23	2.09e-18	8.32e-16	1.63e-13	1.12e-11	4.20e-10	1.86e-08	9.83e-06	4.07e-04	5.92e-03	3.19e-02	1.21e-01	1.83e-01	1.54e-01	1.40e-01	2.86e-01	7.18e-02	6.04e-03
 2.23740e+22	5.66e-30	1.77e-23	2.74e-18	1.06e-15	2.00e-13	1.34e-11	4.81e-10	2.06e-08	1.10e-05	4.54e-04	6.51e-03	3.44e-02	1.28e-01	1.89e-01	1.55e-01	1.38e-01	2.76e-01	6.75e-02	5.55e-03
 2.24739e+22	8.45e-30	2.60e-23	3.95e-18	1.46e-15	2.64e-13	1.68e-11	5.77e-10	2.36e-08	1.28e-05	5.24e-04	7.39e-03	3.80e-02	1.37e-01	1.97e-01	1.57e-01	1.34e-01	2.62e-01	6.20e-02	4.93e-03
 2.25728e+22	1.14e-29	3.47e-23	5.20e-18	1.86e-15	3.25e-13	2.00e-11	6.60e-10	2.62e-08	1.43e-05	5.83e-04	8.10e-03	4.09e-02	1.45e-01	2.03e-01	1.57e-01	1.31e-01	2.51e-01	5.80e-02	4.50e-03
 2.26707e+22	1.70e-29	5.08e-23	7.48e-18	2.56e-15	4.27e-13	2.50e-11	7.87e-10	2.98e-08	1.65e-05	6.70e-04	9.14e-03	4.49e-02	1.55e-01	2.11e-01	1.58e-01	1.27e-01	2.37e-01	5.30e-02	3.98e-03
 2.27701e+22	2.34e-29	6.88e-23	9.98e-18	3.29e-15	5.30e-13	2.99e-11	9.05e-10	3.31e-08	1.84e-05	7.46e-04	1.00e-02	4.83e-02	1.63e-01	2.17e-01	1.58e-01	1.24e-01	2.26e-01	4.92e-02	3.59e-03
 2.28715e+22	3.54e-29	1.02e-22	1.46e-17	4.59e-15	7.03e-13	3.78e-11	1.09e-09	3.78e-08	2.13e-05	8.57e-04	1.13e-02	5.30e-02	1.74e-01	2.24e-01	1.58e-01	1.20e-01	2.12e-01	4.45e-02	3.14e-03
 2.29740e+22	4.90e-29	1.40e-22	1.96e-17	5.94e-15	8.78e-13	4.54e-11	1.25e-09	4.20e-08	2.38e-05	9.53e-04	1.24e-02	5.69e-02	1.83e-01	2.29e-01	1.57e-01	1.16e-01	2.01e-01	4.10e-02	2.82e-03
 2.30780e+22	7.51e-29	2.10e-22	2.89e-17	8.34e-15	1.17e-12	5.76e-11	1.51e-09	4.82e-08	2.74e-05	1.09e-03	1.39e-02	6.22e-02	1.95e-01	2.36e-01	1.56e-01	1.11e-01	1.87e-01	3.67e-02	2.44e-03
 2.31825e+22	1.04e-28	2.87e-22	3.90e-17	1.08e-14	1.46e-12	6.91e-11	1.74e-09	5.36e-08	3.05e-05	1.21e-03	1.52e-02	6.65e-02	2.04e-01	2.40e-01	1.54e-01	1.07e-01	1.76e-01	3.37e-02	2.17e-03
 2.32728e+22	1.44e-28	3.90e-22	5.22e-17	1.39e-14	1.82e-12	8.26e-11	1.99e-09	5.94e-08	3.39e-05	1.34e-03	1.65e-02	7.08e-02	2.12e-01	2.44e-01	1.53e-01	1.03e-01	1.66e-01	3.09e-02	1.94e-03
 2.33751e+22	2.17e-28	5.78e-22	7.58e-17	1.93e-14	2.40e-12	1.04e-10	2.38e-09	6.78e-08	3.86e-05	1.51e-03	1.83e-02	7.65e-02	2.23e-01	2.49e-01	1.50e-01	9.82e-02	1.54e-01	2.76e-02	1.67e-03
 2.34782e+22	2.99e-28	7.85e-22	1.01e-16	2.49e-14	2.98e-12	1.24e-10	2.74e-09	7.52e-08	4.26e-05	1.66e-03	1.98e-02	8.12e-02	2.32e-01	2.52e-01	1.48e-01	9.43e-02	1.45e-01	2.52e-02	1.48e-03
 2.35823e+22	4.54e-28	1.17e-21	1.48e-16	3.46e-14	3.95e-12	1.57e-10	3.29e-09	8.60e-08	4.84e-05	1.87e-03	2.19e-02	8.74e-02	2.43e-01	2.55e-01	1.45e-01	8.92e-02	1.33e-01	2.23e-02	1.27e-03
 2.36866e+22	6.17e-28	1.57e-21	1.96e-16	4.41e-14	4.86e-12	1.86e-10	3.77e-09	9.53e-08	5.31e-05	2.05e-03	2.36e-02	9.21e-02	2.50e-01	2.57e-01	1.43e-01	8.55e-02	1.25e-01	2.04e-02	1.13e-03
 2.37912e+22	9.32e-28	2.33e-21	2.84e-16	6.09e-14	6.41e-12	2.35e-10	4.51e-09	1.09e-07	6.00e-05	2.29e-03	2.59e-02	9.86e-02	2.61e-01	2.59e-01	1.39e-01	8.06e-02	1.14e-01	1.80e-02	9.62e-04
 2.38977e+22	1.27e-27	3.12e-21	3.76e-16	7.78e-14	7.91e-12	2.80e-10	5.19e-09	1.21e-07	6.58e-05	2.50e-03	2.78e-02	1.04e-01	2.68e-01	2.61e-01	1.36e-01	7.70e-02	1.07e-01	1.64e-02	8.51e-04
 2.40067e+22	1.91e-27	4.60e-21	5.41e-16	1.07e-13	1.04e-11	3.51e-10	6.21e-09	1.39e-07	7.41e-05	2.79e-03	3.03e-02	1.10e-01	2.78e-01	2.61e-01	1.32e-01	7.24e-02	9.78e-02	1.45e-02	7.24e-04
 2.41193e+22	2.66e-27	6.30e-21	7.29e-16	1.39e-13	1.30e-11	4.24e-10	7.21e-09	1.56e-07	8.16e-05	3.04e-03	3.25e-02	1.16e-01	2.85e-01	2.62e-01	1.29e-01	6.87e-02	9.08e-02	1.30e-02	6.33e-04
 2.42365e+22	4.05e-27	9.40e-21	1.06e-15	1.93e-13	1.73e-11	5.38e-10	8.72e-09	1.80e-07	9.21e-05	3.39e-03	3.55e-02	1.23e-01	2.94e-01	2.61e-01	1.24e-01	6.41e-02	8.23e-02	1.14e-02	5.32e-04
 2.43553e+22	5.61e-27	1.28e-20	1.42e-15	2.49e-13	2.15e-11	6.48e-10	1.01e-08	2.02e-07	1.01e-04	3.69e-03	3.79e-02	1.29e-01	3.01e-01	2.60e-01	1.20e-01	6.07e-02	7.62e-02	1.02e-02	4.64e-04
 2.44761e+22	8.52e-27	1.90e-20	2.07e-15	3.45e-13	2.86e-11	8.22e-10	1.23e-08	2.34e-07	1.14e-04	4.10e-03	4.12e-02	1.36e-01	3.09e-01	2.59e-01	1.16e-01	5.65e-02	6.89e-02	8.88e-03	3.89e-04
 2.45977e+22	1.17e-26	2.57e-20	2.74e-15	4.42e-13	3.54e-11	9.86e-10	1.42e-08	2.62e-07	1.25e-04	4.44e-03	4.38e-02	1.42e-01	3.15e-01	2.57e-01	1.12e-01	5.34e-02	6.37e-02	7.98e-03	3.39e-04
 2.47203e+22	1.75e-26	3.77e-20	3.93e-15	6.06e-13	4.66e-11	1.24e-09	1.71e-08	3.04e-07	1.40e-04	4.91e-03	4.73e-02	1.49e-01	3.22e-01	2.55e-01	1.07e-01	4.96e-02	5.75e-02	6.94e-03	2.84e-04
 2.48461e+22	2.42e-26	5.11e-20	5.23e-15	7.78e-13	5.79e-11	1.50e-09	1.99e-08	3.41e-07	1.53e-04	5.32e-03	5.03e-02	1.55e-01	3.27e-01	2.52e-01	1.03e-01	4.67e-02	5.30e-02	6.20e-03	2.46e-04
 2.49553e+22	3.25e-26	6.75e-20	6.78e-15	9.79e-13	7.07e-11	1.78e-09	2.29e-08	3.81e-07	1.67e-04	5.72e-03	5.31e-02	1.61e-01	3.32e-01	2.50e-01	1.00e-01	4.42e-02	4.91e-02	5.58e-03	2.16e-04
 2.50767e+22	4.74e-26	9.63e-20	9.46e-15	1.31e-12	9.13e-11	2.21e-09	2.73e-08	4.38e-07	1.86e-04	6.26e-03	5.68e-02	1.68e-01	3.37e-01	2.46e-01	9.55e-02	4.10e-02	4.44e-02	4.87e-03	1.82e-04
 2.51994e+22	6.35e-26	1.27e-19	1.23e-14	1.65e-12	1.11e-10	2.62e-09	3.14e-08	4.89e-07	2.02e-04	6.72e-03	5.99e-02	1.73e-01	3.40e-01	2.43e-01	9.21e-02	3.87e-02	4.10e-02	4.38e-03	1.59e-04
 2.53237e+22	9.24e-26	1.81e-19	1.70e-14	2.20e-12	1.44e-10	3.25e-09	3.76e-08	5.62e-07	2.25e-04	7.35e-03	6.39e-02	1.81e-01	3.45e-01	2.39e-01	8.77e-02	3.59e-02	3.70e-02	3.81e-03	1.34e-04
 2.54500e+22	1.23e-25	2.37e-19	2.20e-14	2.75e-12	1.75e-10	3.85e-09	4.32e-08	6.28e-07	2.45e-04	7.88e-03	6.72e-02	1.86e-01	3.48e-01	2.35e-01	8.43e-02	3.38e-02	3.42e-02	3.42e-03	1.17e-04
 2.55608e+22	1.64e-25	3.09e-19	2.81e-14	3.42e-12	2.12e-10	4.54e-09	4.94e-08	6.99e-07	2.65e-04	8.42e-03	7.05e-02	1.92e-01	3.50e-01	2.31e-01	8.11e-02	3.18e-02	3.16e-02	3.07e-03	1.02e-04
 2.56868e+22	2.36e-25	4.36e-19	3.87e-14	4.54e-12	2.71e-10	5.63e-09	5.89e-08	8.04e-07	2.95e-04	9.17e-03	7.49e-02	1.99e-01	3.53e-01	2.26e-01	7.69e-02	2.94e-02	2.84e-02	2.67e-03	8.55e-05
 2.58121e+22	3.06e-25	5.56e-19	4.86e-14	5.55e-12	3.24e-10	6.55e-09	6.69e-08	8.90e-07	3.18e-04	9.75e-03	7.82e-02	2.04e-01	3.55e-01	2.22e-01	7.40e-02	2.78e-02	2.63e-02	2.41e-03	7.54e-05
 2.59365e+22	4.34e-25	7.72e-19	6.59e-14	7.27e-12	4.11e-10	8.05e-09	7.93e-08	1.02e-06	3.52e-04	1.06e-02	8.28e-02	2.10e-01	3.57e-01	2.17e-01	7.02e-02	2.57e-02	2.37e-02	2.10e-03	6.34e-05
 2.60633e+22	5.65e-25	9.88e-19	8.28e-14	8.91e-12	4.92e-10	9.40e-09	9.02e-08	1.13e-06	3.80e-04	1.12e-02	8.64e-02	2.15e-01	3.58e-01	2.13e-01	6.74e-02	2.42e-02	2.19e-02	1.89e-03	5.57e-05
 2.61932e+22	8.04e-25	1.37e-18	1.12e-13	1.17e-11	6.25e-10	1.16e-08	1.07e-07	1.30e-06	4.22e-04	1.22e-02	9.13e-02	2.22e-01	3.59e-01	2.07e-01	6.37e-02	2.23e-02	1.97e-02	1.64e-03	4.66e-05
 2.63255e+22	1.05e-24	1.76e-18	1.42e-13	1.44e-11	7.50e-10	1.36e-08	1.22e-07	1.44e-06	4.57e-04	1.30e-02	9.53e-02	2.27e-01	3.60e-01	2.03e-01	6.09e-02	2.09e-02	1.82e-02	1.47e-03	4.07e-05
 2.64611e+22	1.50e-24	2.46e-18	1.93e-13	1.89e-11	9.55e-10	1.67e-08	1.46e-07	1.66e-06	5.07e-04	1.41e-02	1.01e-01	2.34e-01	3.60e-01	1.97e-01	5.73e-02	1.92e-02	1.63e-02	1.27e-03	3.39e-05
 2.65991e+22	1.97e-24	3.16e-18	2.43e-13	2.32e-11	1.15e-09	1.96e-08	1.67e-07	1.85e-06	5.50e-04	1.50e-02	1.05e-01	2.39e-01	3.60e-01	1.92e-01	5.47e-02	1.80e-02	1.49e-02	1.13e-03	2.95e-05
 2.67403e+22	2.81e-24	4.42e-18	3.31e-13	3.05e-11	1.46e-09	2.43e-08	1.99e-07	2.13e-06	6.11e-04	1.62e-02	1.11e-01	2.45e-01	3.59e-01	1.86e-01	5.13e-02	1.65e-02	1.33e-02	9.75e-04	2.45e-05
 2.68784e+22	3.59e-24	5.53e-18	4.07e-13	3.68e-11	1.73e-09	2.80e-08	2.24e-07	2.35e-06	6.58e-04	1.71e-02	1.15e-01	2.50e-01	3.58e-01	1.81e-01	4.91e-02	1.55e-02	1.23e-02	8.81e-04	2.16e-05
 2.70122e+22	5.02e-24	7.56e-18	5.43e-13	4.75e-11	2.17e-09	3.42e-08	2.65e-07	2.69e-06	7.26e-04	1.85e-02	1.20e-01	2.56e-01	3.57e-01	1.75e-01	4.61e-02	1.42e-02	1.10e-02	7.61e-04	1.80e-05
 2.71481e+22	6.41e-24	9.48e-18	6.68e-13	5.73e-11	2.56e-09	3.95e-08	2.99e-07	2.97e-06	7.83e-04	1.95e-02	1.25e-01	2.60e-01	3.56e-01	1.71e-01	4.40e-02	1.34e-02	1.02e-02	6.85e-04	1.58e-05
 2.72865e+22	8.90e-24	1.29e-17	8.85e-13	7.36e-11	3.20e-09	4.81e-08	3.53e-07	3.40e-06	8.64e-04	2.10e-02	1.31e-01	2.66e-01	3.54e-01	1.65e-01	4.13e-02	1.22e-02	9.09e-03	5.92e-04	1.32e-05
 2.74292e+22	1.16e-23	1.65e-17	1.11e-12	9.01e-11	3.84e-09	5.63e-08	4.03e-07	3.78e-06	9.36e-04	2.23e-02	1.36e-01	2.70e-01	3.52e-01	1.60e-01	3.92e-02	1.14e-02	8.30e-03	5.26e-04	1.14e-05
 2.75773e+22	1.62e-23	2.24e-17	1.47e-12	1.16e-10	4.81e-09	6.86e-08	4.75e-07	4.33e-06	1.03e-03	2.40e-02	1.42e-01	2.76e-01	3.49e-01	1.54e-01	3.66e-02	1.04e-02	7.40e-03	4.54e-04	9.52e-06
 2.77302e+22	2.14e-23	2.90e-17	1.87e-12	1.44e-10	5.83e-09	8.11e-08	5.47e-07	4.86e-06	1.13e-03	2.55e-02	1.48e-01	2.80e-01	3.46e-01	1.49e-01	3.45e-02	9.65e-03	6.71e-03	3.99e-04	8.14e-06
 2.78892e+22	3.03e-23	4.00e-17	2.50e-12	1.87e-10	7.37e-09	9.96e-08	6.51e-07	5.59e-06	1.25e-03	2.75e-02	1.55e-01	2.85e-01	3.42e-01	1.42e-01	3.21e-02	8.76e-03	5.94e-03	3.41e-04	6.71e-06
 2.80524e+22	4.05e-23	5.22e-17	3.19e-12	2.33e-10	8.96e-09	1.18e-07	7.52e-07	6.29e-06	1.37e-03	2.93e-02	1.61e-01	2.89e-01	3.38e-01	1.37e-01	3.01e-02	8.08e-03	5.36e-03	2.98e-04	5.69e-06
 2.82210e+22	5.78e-23	7.25e-17	4.31e-12	3.05e-10	1.14e-08	1.46e-07	8.98e-07	7.28e-06	1.52e-03	3.16e-02	1.68e-01	2.94e-01	3.33e-01	1.31e-01	2.79e-02	7.29e-03	4.71e-03	2.53e-04	4.65e-06
 2.83948e+22	7.81e-23	9.56e-17	5.54e-12	3.83e-10	1.40e-08	1.75e-07	1.04e-06	8.23e-06	1.67e-03	3.38e-02	1.75e-01	2.98e-01	3.29e-01	1.25e-01	2.60e-02	6.68e-03	4.22e-03	2.19e-04	3.91e-06
 2.85755e+22	1.13e-22	1.35e-16	7.57e-12	5.07e-10	1.80e-08	2.18e-07	1.26e-06	9.58e-06	1.87e-03	3.65e-02	1.83e-01	3.03e-01	3.23e-01	1.19e-01	2.39e-02	5.98e-03	3.68e-03	1.84e-04	3.15e-06
 2.87624e+22	1.55e-22	1.80e-16	9.87e-12	6.44e-10	2.23e-08	2.63e-07	1.47e-06	1.09e-05	2.05e-03	3.91e-02	1.90e-01	3.06e-01	3.18e-01	1.13e-01	2.22e-02	5.44e-03	3.27e-03	1.58e-04	2.62e-06
 2.89317e+22	2.11e-22	2.39e-16	1.28e-11	8.11e-10	2.74e-08	3.15e-07	1.72e-06	1.24e-05	2.25e-03	4.17e-02	1.97e-01	3.10e-01	3.12e-01	1.08e-01	2.06e-02	4.95e-03	2.91e-03	1.36e-04	2.18e-06
 2.91261e+22	3.11e-22	3.41e-16	1.76e-11	1.09e-09	3.56e-08	3.96e-07	2.08e-06	1.45e-05	2.53e-03	4.51e-02	2.06e-01	3.13e-01	3.05e-01	1.02e-01	1.87e-02	4.39e-03	2.51e-03	1.12e-04	1.73e-06
 2.93243e+22	4.28e-22	4.57e-16	2.30e-11	1.38e-09	4.41e-08	4.78e-07	2.44e-06	1.65e-05	2.79e-03	4.82e-02	2.14e-01	3.16e-01	2.99e-01	9.65e-02	1.73e-02	3.97e-03	2.21e-03	9.59e-05	1.43e-06
 2.95274e+22	6.38e-22	6.58e-16	3.20e-11	1.86e-09	5.77e-08	6.04e-07	2.97e-06	1.94e-05	3.14e-03	5.23e-02	2.24e-01	3.19e-01	2.91e-01	9.03e-02	1.56e-02	3.50e-03	1.89e-03	7.85e-05	1.12e-06
 2.97332e+22	8.83e-22	8.87e-16	4.19e-11	2.37e-09	7.18e-08	7.31e-07	3.49e-06	2.21e-05	3.46e-03	5.58e-02	2.31e-01	3.21e-01	2.84e-01	8.53e-02	1.44e-02	3.15e-03	1.66e-03	6.65e-05	9.15e-07
 2.99425e+22	1.33e-21	1.29e-15	5.89e-11	3.22e-09	9.44e-08	9.31e-07	4.28e-06	2.61e-05	3.90e-03	6.05e-02	2.41e-01	3.23e-01	2.75e-01	7.93e-02	1.29e-02	2.75e-03	1.40e-03	5.38e-05	7.08e-07
 3.01541e+22	1.84e-21	1.74e-15	7.70e-11	4.11e-09	1.17e-07	1.13e-06	5.03e-06	2.98e-05	4.30e-03	6.45e-02	2.49e-01	3.24e-01	2.67e-01	7.47e-02	1.18e-02	2.46e-03	1.23e-03	4.53e-05	5.76e-07
 3.03685e+22	2.80e-21	2.55e-15	1.09e-10	5.62e-09	1.56e-07	1.44e-06	6.19e-06	3.53e-05	4.86e-03	7.00e-02	2.60e-01	3.25e-01	2.58e-01	6.89e-02	1.05e-02	2.13e-03	1.03e-03	3.62e-05	4.38e-07
 3.05841e+22	3.86e-21	3.42e-15	1.42e-10	7.13e-09	1.93e-07	1.74e-06	7.26e-06	4.02e-05	5.34e-03	7.44e-02	2.68e-01	3.26e-01	2.50e-01	6.47e-02	9.55e-03	1.91e-03	8.95e-04	3.04e-05	3.55e-07
 3.07644e+22	5.17e-21	4.46e-15	1.80e-10	8.85e-09	2.34e-07	2.07e-06	8.39e-06	4.53e-05	5.82e-03	7.87e-02	2.75e-01	3.25e-01	2.43e-01	6.10e-02	8.77e-03	1.72e-03	7.89e-04	2.59e-05	2.93e-07
 3.09621e+22	7.60e-21	6.34e-15	2.47e-10	1.18e-08	3.03e-07	2.60e-06	1.02e-05	5.31e-05	6.52e-03	8.46e-02	2.84e-01	3.25e-01	2.33e-01	5.62e-02	7.81e-03	1.49e-03	6.63e-04	2.08e-05	2.25e-07
 3.11569e+22	1.00e-20	8.17e-15	3.11e-10	1.45e-08	3.65e-07	3.06e-06	1.17e-05	5.94e-05	7.07e-03	8.91e-02	2.91e-01	3.24e-01	2.26e-01	5.30e-02	7.17e-03	1.35e-03	5.85e-04	1.78e-05	1.86e-07
 3.13482e+22	1.45e-20	1.14e-14	4.19e-10	1.90e-08	4.67e-07	3.81e-06	1.40e-05	6.92e-05	7.88e-03	9.53e-02	3.00e-01	3.23e-01	2.17e-01	4.88e-02	6.38e-03	1.17e-03	4.93e-04	1.43e-05	1.44e-07
 3.15426e+22	1.93e-20	1.48e-14	5.29e-10	2.34e-08	5.66e-07	4.51e-06	1.62e-05	7.79e-05	8.57e-03	1.00e-01	3.07e-01	3.21e-01	2.10e-01	4.57e-02	5.82e-03	1.05e-03	4.31e-04	1.21e-05	0.00e+00
 3.17414e+22	2.81e-20	2.08e-14	7.18e-10	3.09e-08	7.29e-07	5.65e-06	1.96e-05	9.13e-05	9.58e-03	1.08e-01	3.16e-01	3.19e-01	2.00e-01	4.18e-02	5.13e-03	9.03e-04	3.59e-04	9.61e-06	0.00e+00
 3.19424e+22	3.76e-20	2.71e-14	9.09e-10	3.83e-08	8.87e-07	6.73e-06	2.27e-05	1.03e-04	1.04e-02	1.13e-01	3.22e-01	3.17e-01	1.92e-01	3.89e-02	4.65e-03	8.03e-04	3.11e-04	8.03e-06	0.00e+00
 3.21466e+22	5.49e-20	3.82e-14	1.23e-09	5.05e-08	1.14e-06	8.45e-06	2.76e-05	1.21e-04	1.17e-02	1.21e-01	3.31e-01	3.13e-01	1.83e-01	3.53e-02	4.06e-03	6.86e-04	2.56e-04	6.31e-06	0.00e+00
 3.23545e+22	7.42e-20	5.01e-14	1.57e-09	6.30e-08	1.40e-06	1.01e-05	3.22e-05	1.38e-04	1.28e-02	1.28e-01	3.37e-01	3.10e-01	1.75e-01	3.26e-02	3.64e-03	6.03e-04	2.19e-04	5.18e-06	0.00e+00
 3.25674e+22	1.09e-19	7.10e-14	2.13e-09	8.36e-08	1.82e-06	1.29e-05	3.94e-05	1.63e-04	1.44e-02	1.37e-01	3.46e-01	3.05e-01	1.64e-01	2.93e-02	3.14e-03	5.09e-04	1.78e-04	3.99e-06	0.00e+00
 3.27841e+22	1.48e-19	9.35e-14	2.72e-09	1.04e-07	2.25e-06	1.55e-05	4.63e-05	1.87e-04	1.58e-02	1.45e-01	3.52e-01	3.01e-01	1.56e-01	2.68e-02	2.79e-03	4.43e-04	1.50e-04	3.23e-06	0.00e+00
 3.30059e+22	2.19e-19	1.33e-13	3.70e-09	1.39e-07	2.94e-06	1.98e-05	5.71e-05	2.23e-04	1.78e-02	1.56e-01	3.59e-01	2.94e-01	1.46e-01	2.38e-02	2.37e-03	3.68e-04	1.20e-04	2.44e-06	0.00e+00
 3.32304e+22	2.97e-19	1.74e-13	4.70e-09	1.74e-07	3.63e-06	2.40e-05	6.73e-05	2.57e-04	1.96e-02	1.64e-01	3.65e-01	2.89e-01	1.38e-01	2.16e-02	2.09e-03	3.17e-04	9.97e-05	1.94e-06	0.00e+00
 3.34202e+22	3.90e-19	2.22e-13	5.81e-09	2.12e-07	4.39e-06	2.86e-05	7.81e-05	2.92e-04	2.14e-02	1.72e-01	3.70e-01	2.84e-01	1.30e-01	1.97e-02	1.85e-03	2.76e-04	8.42e-05	1.58e-06	0.00e+00
 3.36285e+22	5.52e-19	3.03e-13	7.59e-09	2.73e-07	5.60e-06	3.58e-05	9.49e-05	3.45e-04	2.40e-02	1.84e-01	3.75e-01	2.76e-01	1.21e-01	1.74e-02	1.57e-03	2.29e-04	6.72e-05	1.19e-06	0.00e+00
 3.38374e+22	7.18e-19	3.82e-13	9.29e-09	3.32e-07	6.75e-06	4.26e-05	1.10e-04	3.93e-04	2.62e-02	1.93e-01	3.79e-01	2.70e-01	1.14e-01	1.58e-02	1.38e-03	1.98e-04	5.64e-05	9.60e-07	0.00e+00
 3.40415e+22	9.87e-19	5.06e-13	1.18e-08	4.19e-07	8.48e-06	5.27e-05	1.32e-04	4.62e-04	2.92e-02	2.04e-01	3.83e-01	2.62e-01	1.06e-01	1.40e-02	1.18e-03	1.65e-04	4.51e-05	7.30e-07	0.00e+00
 3.42496e+22	1.28e-18	6.37e-13	1.44e-08	5.08e-07	1.02e-05	6.29e-05	1.54e-04	5.29e-04	3.20e-02	2.14e-01	3.85e-01	2.55e-01	9.89e-02	1.26e-02	1.02e-03	1.41e-04	3.73e-05	5.78e-07	0.00e+00
 3.44539e+22	1.72e-18	8.21e-13	1.79e-08	6.29e-07	1.27e-05	7.70e-05	1.84e-04	6.18e-04	3.55e-02	2.26e-01	3.88e-01	2.47e-01	9.12e-02	1.11e-02	8.69e-04	1.17e-04	2.98e-05	4.39e-07	0.00e+00
 3.46625e+22	2.22e-18	1.03e-12	2.16e-08	7.62e-07	1.54e-05	9.23e-05	2.15e-04	7.12e-04	3.90e-02	2.37e-01	3.89e-01	2.39e-01	8.45e-02	9.85e-03	7.47e-04	9.91e-05	2.43e-05	3.41e-07	0.00e+00
 3.48667e+22	2.89e-18	1.29e-12	2.62e-08	9.27e-07	1.88e-05	1.12e-04	2.54e-04	8.28e-04	4.31e-02	2.49e-01	3.90e-01	2.30e-01	7.77e-02	8.67e-03	6.34e-04	8.24e-05	1.95e-05	2.60e-07	0.00e+00
 3.50706e+22	3.69e-18	1.59e-12	3.12e-08	1.11e-06	2.25e-05	1.33e-04	2.96e-04	9.50e-04	4.71e-02	2.60e-01	3.90e-01	2.21e-01	7.17e-02	7.68e-03	5.43e-04	6.94e-05	1.58e-05	2.02e-07	0.00e+00
 3.52763e+22	4.75e-18	1.98e-12	3.73e-08	1.34e-06	2.73e-05	1.60e-04	3.48e-04	1.10e-03	5.20e-02	2.72e-01	3.89e-01	2.12e-01	6.56e-02	6.72e-03	4.58e-04	5.74e-05	1.26e-05	1.53e-07	0.00e+00
 3.54846e+22	6.00e-18	2.41e-12	4.39e-08	1.60e-06	3.27e-05	1.90e-04	4.06e-04	1.27e-03	5.69e-02	2.84e-01	3.88e-01	2.03e-01	6.00e-02	5.90e-03	3.89e-04	4.77e-05	1.01e-05	1.17e-07	0.00e+00
 3.56884e+22	7.53e-18	2.93e-12	5.14e-08	1.89e-06	3.91e-05	2.26e-04	4.71e-04	1.46e-03	6.23e-02	2.96e-01	3.85e-01	1.94e-01	5.48e-02	5.16e-03	3.29e-04	3.96e-05	8.10e-06	0.00e+00	0.00e+00
 3.58925e+22	9.41e-18	3.53e-12	5.98e-08	2.24e-06	4.65e-05	2.67e-04	5.46e-04	1.68e-03	6.80e-02	3.08e-01	3.82e-01	1.85e-01	4.99e-02	4.51e-03	2.78e-04	3.29e-05	6.48e-06	0.00e+00	0.00e+00
 3.60976e+22	1.17e-17	4.24e-12	6.93e-08	2.63e-06	5.52e-05	3.16e-04	6.31e-04	1.92e-03	7.42e-02	3.20e-01	3.78e-01	1.76e-01	4.53e-02	3.93e-03	2.34e-04	2.72e-05	5.17e-06	0.00e+00	0.00e+00
 3.63041e+22	1.45e-17	5.07e-12	7.99e-08	3.09e-06	6.54e-05	3.72e-04	7.27e-04	2.20e-03	8.09e-02	3.31e-01	3.73e-01	1.67e-01	4.10e-02	3.42e-03	1.97e-04	2.24e-05	4.11e-06	0.00e+00	0.00e+00
 3.65125e+22	1.79e-17	6.05e-12	9.20e-08	3.63e-06	7.73e-05	4.37e-04	8.37e-04	2.52e-03	8.80e-02	3.43e-01	3.68e-01	1.57e-01	3.71e-02	2.97e-03	1.65e-04	1.84e-05	3.26e-06	0.00e+00	0.00e+00
 3.67222e+22	2.21e-17	7.19e-12	1.06e-07	4.24e-06	9.10e-05	5.13e-04	9.60e-04	2.88e-03	9.55e-02	3.54e-01	3.62e-01	1.49e-01	3.34e-02	2.57e-03	1.38e-04	1.51e-05	2.59e-06	0.00e+00	0.00e+00
 3.69351e+22	2.73e-17	8.57e-12	1.21e-07	4.97e-06	1.07e-04	6.01e-04	1.10e-03	3.29e-03	1.04e-01	3.65e-01	3.55e-01	1.40e-01	3.00e-02	2.21e-03	1.15e-04	1.23e-05	2.04e-06	0.00e+00	0.00e+00
 3.71500e+22	3.36e-17	1.02e-11	1.39e-07	5.80e-06	1.26e-04	7.02e-04	1.26e-03	3.75e-03	1.12e-01	3.75e-01	3.47e-01	1.31e-01	2.69e-02	1.91e-03	9.62e-05	1.01e-05	1.61e-06	0.00e+00	0.00e+00
 3.73690e+22	4.17e-17	1.22e-11	1.60e-07	6.80e-06	1.49e-04	8.22e-04	1.44e-03	4.28e-03	1.21e-01	3.85e-01	3.39e-01	1.23e-01	2.40e-02	1.63e-03	7.96e-05	8.17e-06	1.26e-06	0.00e+00	0.00e+00
 3.75915e+22	5.15e-17	1.45e-11	1.83e-07	7.95e-06	1.74e-04	9.58e-04	1.63e-03	4.86e-03	1.31e-01	3.94e-01	3.30e-01	1.15e-01	2.14e-02	1.40e-03	6.60e-05	6.63e-06	9.86e-07	0.00e+00	0.00e+00
 3.77954e+22	6.17e-17	1.68e-11	2.06e-07	9.07e-06	1.99e-04	1.09e-03	1.82e-03	5.40e-03	1.39e-01	4.02e-01	3.22e-01	1.08e-01	1.94e-02	1.23e-03	5.64e-05	5.57e-06	8.03e-07	0.00e+00	0.00e+00
 3.80084e+22	7.75e-17	2.03e-11	2.39e-07	1.07e-05	2.35e-04	1.27e-03	2.07e-03	6.17e-03	1.50e-01	4.10e-01	3.12e-01	9.99e-02	1.71e-02	1.04e-03	4.60e-05	4.44e-06	6.17e-07	0.00e+00	0.00e+00
 3.82246e+22	9.36e-17	2.37e-11	2.71e-07	1.23e-05	2.69e-04	1.44e-03	2.30e-03	6.84e-03	1.59e-01	4.16e-01	3.03e-01	9.38e-02	1.54e-02	9.09e-04	3.92e-05	3.71e-06	5.01e-07	0.00e+00	0.00e+00
 3.84467e+22	1.20e-16	2.91e-11	3.18e-07	1.46e-05	3.19e-04	1.69e-03	2.62e-03	7.79e-03	1.71e-01	4.23e-01	2.92e-01	8.62e-02	1.35e-02	7.63e-04	3.17e-05	2.93e-06	3.82e-07	0.00e+00	0.00e+00
 3.86701e+22	1.45e-16	3.42e-11	3.62e-07	1.68e-05	3.64e-04	1.91e-03	2.89e-03	8.61e-03	1.81e-01	4.28e-01	2.83e-01	8.07e-02	1.21e-02	6.66e-04	2.69e-05	2.44e-06	3.09e-07	0.00e+00	0.00e+00
 3.88953e+22	1.86e-16	4.21e-11	4.28e-07	2.00e-05	4.31e-04	2.23e-03	3.27e-03	9.78e-03	1.94e-01	4.34e-01	2.72e-01	7.38e-02	1.06e-02	5.57e-04	2.17e-05	1.93e-06	2.34e-07	0.00e+00	0.00e+00
 3.91209e+22	2.28e-16	4.98e-11	4.90e-07	2.30e-05	4.91e-04	2.51e-03	3.59e-03	1.07e-02	2.04e-01	4.37e-01	2.63e-01	6.90e-02	9.51e-03	4.86e-04	1.85e-05	1.61e-06	1.90e-07	0.00e+00	0.00e+00
 3.93472e+22	2.96e-16	6.20e-11	5.85e-07	2.75e-05	5.81e-04	2.92e-03	4.04e-03	1.21e-02	2.18e-01	4.40e-01	2.51e-01	6.30e-02	8.27e-03	4.07e-04	1.49e-05	1.27e-06	1.45e-07	0.00e+00	0.00e+00
 3.95758e+22	3.65e-16	7.40e-11	6.76e-07	3.18e-05	6.62e-04	3.28e-03	4.43e-03	1.33e-02	2.28e-01	4.42e-01	2.42e-01	5.86e-02	7.42e-03	3.54e-04	1.27e-05	1.06e-06	0.00e+00	0.00e+00	0.00e+00
 3.98074e+22	4.79e-16	9.32e-11	8.15e-07	3.82e-05	7.83e-04	3.81e-03	4.97e-03	1.49e-02	2.42e-01	4.44e-01	2.30e-01	5.33e-02	6.42e-03	2.95e-04	1.02e-05	8.30e-07	0.00e+00	0.00e+00	0.00e+00
 4.00418e+22	5.98e-16	1.12e-10	9.52e-07	4.44e-05	8.94e-04	4.28e-03	5.43e-03	1.63e-02	2.53e-01	4.44e-01	2.21e-01	4.94e-02	5.74e-03	2.56e-04	8.62e-06	6.88e-07	0.00e+00	0.00e+00	0.00e+00
 4.02800e+22	7.99e-16	1.44e-10	1.16e-06	5.39e-05	1.06e-03	4.97e-03	6.07e-03	1.82e-02	2.67e-01	4.43e-01	2.09e-01	4.47e-02	4.94e-03	2.12e-04	6.90e-06	5.38e-07	0.00e+00	0.00e+00	0.00e+00
 4.05223e+22	1.01e-15	1.76e-10	1.38e-06	6.30e-05	1.21e-03	5.58e-03	6.62e-03	1.99e-02	2.79e-01	4.42e-01	2.00e-01	4.12e-02	4.39e-03	1.83e-04	5.80e-06	4.43e-07	0.00e+00	0.00e+00	0.00e+00
 4.07700e+22	1.38e-15	2.29e-10	1.71e-06	7.72e-05	1.45e-03	6.48e-03	7.40e-03	2.22e-02	2.94e-01	4.40e-01	1.88e-01	3.70e-02	3.76e-03	1.51e-04	4.61e-06	3.44e-07	0.00e+00	0.00e+00	0.00e+00
 4.10230e+22	1.78e-15	2.85e-10	2.05e-06	9.12e-05	1.67e-03	7.30e-03	8.08e-03	2.42e-02	3.05e-01	4.37e-01	1.79e-01	3.40e-02	3.32e-03	1.29e-04	3.84e-06	2.81e-07	0.00e+00	0.00e+00	0.00e+00
 4.12830e+22	2.48e-15	3.79e-10	2.60e-06	1.13e-04	2.00e-03	8.51e-03	9.02e-03	2.70e-02	3.21e-01	4.32e-01	1.67e-01	3.03e-02	2.81e-03	1.06e-04	3.02e-06	2.16e-07	0.00e+00	0.00e+00	0.00e+00
 4.15489e+22	3.25e-15	4.79e-10	3.17e-06	1.35e-04	2.31e-03	9.60e-03	9.84e-03	2.93e-02	3.32e-01	4.28e-01	1.58e-01	2.77e-02	2.47e-03	9.00e-05	2.50e-06	1.75e-07	0.00e+00	0.00e+00	0.00e+00
 4.17732e+22	4.15e-15	5.90e-10	3.78e-06	1.58e-04	2.63e-03	1.07e-02	1.06e-02	3.16e-02	3.43e-01	4.23e-01	1.51e-01	2.54e-02	2.19e-03	7.79e-05	2.11e-06	1.45e-07	0.00e+00	0.00e+00	0.00e+00
 4.20158e+22	5.69e-15	7.76e-10	4.76e-06	1.93e-04	3.11e-03	1.22e-02	1.17e-02	3.47e-02	3.56e-01	4.16e-01	1.41e-01	2.28e-02	1.87e-03	6.45e-05	1.69e-06	1.14e-07	0.00e+00	0.00e+00	0.00e+00
 4.22520e+22	7.18e-15	9.48e-10	5.63e-06	2.24e-04	3.51e-03	1.35e-02	1.25e-02	3.70e-02	3.65e-01	4.11e-01	1.34e-01	2.11e-02	1.68e-03	5.64e-05	1.44e-06	0.00e+00	0.00e+00	0.00e+00	0.00e+00
 4.24799e+22	9.71e-15	1.23e-09	7.02e-06	2.71e-04	4.09e-03	1.53e-02	1.37e-02	4.02e-02	3.77e-01	4.03e-01	1.26e-01	1.89e-02	1.45e-03	4.72e-05	1.17e-06	0.00e+00	0.00e+00	0.00e+00	0.00e+00
 4.27098e+22	1.23e-14	1.51e-09	8.36e-06	3.15e-04	4.62e-03	1.68e-02	1.46e-02	4.27e-02	3.86e-01	3.97e-01	1.19e-01	1.75e-02	1.29e-03	4.12e-05	9.96e-07	0.00e+00	0.00e+00	0.00e+00	0.00e+00
 4.29425e+22	1.68e-14	1.98e-09	1.05e-05	3.82e-04	5.40e-03	1.91e-02	1.59e-02	4.63e-02	3.97e-01	3.88e-01	1.11e-01	1.56e-02	1.11e-03	3.44e-05	8.05e-07	0.00e+00	0.00e+00	0.00e+00	0.00e+00
 4.31785e+22	2.15e-14	2.45e-09	1.26e-05	4.46e-04	6.11e-03	2.10e-02	1.70e-02	4.91e-02	4.05e-01	3.81e-01	1.05e-01	1.44e-02	9.86e-04	2.99e-05	6.82e-07	0.00e+00	0.00e+00	0.00e+00	0.00e+00
 4.34186e+22	2.97e-14	3.24e-09	1.59e-05	5.45e-04	7.16e-03	2.38e-02	1.85e-02	5.31e-02	4.15e-01	3.71e-01	9.76e-02	1.28e-02	8.42e-04	2.48e-05	5.47e-07	0.00e+00	0.00e+00	0.00e+00	0.00e+00
 4.36620e+22	3.83e-14	4.05e-09	1.92e-05	6.38e-04	8.11e-03	2.62e-02	1.97e-02	5.62e-02	4.22e-01	3.63e-01	9.20e-02	1.17e-02	7.45e-04	2.14e-05	4.62e-07	0.00e+00	0.00e+00	0.00e+00	0.00e+00
 4.39099e+22	5.34e-14	5.40e-09	2.45e-05	7.84e-04	9.53e-03	2.97e-02	2.14e-02	6.06e-02	4.31e-01	3.51e-01	8.49e-02	1.03e-02	6.31e-04	1.76e-05	3.67e-07	0.00e+00	0.00e+00	0.00e+00	0.00e+00
 4.41618e+22	6.95e-14	6.79e-09	2.98e-05	9.22e-04	1.08e-02	3.27e-02	2.28e-02	6.39e-02	4.37e-01	3.42e-01	7.96e-02	9.39e-03	5.55e-04	1.52e-05	3.08e-07	0.00e+00	0.00e+00	0.00e+00	0.00e+00
 4.44191e+22	9.81e-14	9.17e-09	3.84e-05	1.14e-03	1.28e-02	3.70e-02	2.48e-02	6.87e-02	4.44e-01	3.30e-01	7.29e-02	8.25e-03	4.67e-04	1.24e-05	2.43e-07	0.00e+00	0.00e+00	0.00e+00	0.00e+00
 4.46816e+22	1.29e-13	1.16e-08	4.70e-05	1.34e-03	1.45e-02	4.08e-02	2.64e-02	7.24e-02	4.49e-01	3.20e-01	6.80e-02	7.45e-03	4.07e-04	1.06e-05	2.02e-07	0.00e+00	0.00e+00	0.00e+00	0.00e+00
 4.49510e+22	1.85e-13	1.59e-08	6.12e-05	1.67e-03	1.72e-02	4.63e-02	2.86e-02	7.76e-02	4.54e-01	3.06e-01	6.18e-02	6.48e-03	3.39e-04	8.52e-06	1.57e-07	0.00e+00	0.00e+00	0.00e+00	0.00e+00
 4.52272e+22	2.47e-13	2.04e-08	7.56e-05	1.99e-03	1.96e-02	5.11e-02	3.05e-02	8.17e-02	4.57e-01	2.95e-01	5.71e-02	5.79e-03	2.92e-04	7.18e-06	1.29e-07	0.00e+00	0.00e+00	0.00e+00	0.00e+00
 4.55124e+22	3.59e-13	2.83e-08	9.95e-05	2.49e-03	2.33e-02	5.79e-02	3.30e-02	8.71e-02	4.60e-01	2.80e-01	5.14e-02	4.98e-03	2.40e-04	5.72e-06	0.00e+00	0.00e+00	0.00e+00	0.00e+00	0.00e+00
 4.58018e+22	4.83e-13	3.65e-08	1.24e-04	2.97e-03	2.66e-02	6.38e-02	3.50e-02	9.13e-02	4.61e-01	2.68e-01	4.72e-02	4.41e-03	2.05e-04	4.78e-06	0.00e+00	0.00e+00	0.00e+00	0.00e+00	0.00e+00
 4.60965e+22	7.07e-13	5.08e-08	1.63e-04	3.72e-03	3.16e-02	7.22e-02	3.77e-02	9.68e-02	4.60e-01	2.52e-01	4.21e-02	3.76e-03	1.67e-04	3.77e-06	0.00e+00	0.00e+00	0.00e+00	0.00e+00	0.00e+00
 4.63946e+22	9.51e-13	6.56e-08	2.03e-04	4.42e-03	3.60e-02	7.92e-02	3.99e-02	1.01e-01	4.58e-01	2.40e-01	3.84e-02	3.31e-03	1.42e-04	3.13e-06	0.00e+00	0.00e+00	0.00e+00	0.00e+00	0.00e+00
 4.66973e+22	1.40e-12	9.17e-08	2.68e-04	5.54e-03	4.26e-02	8.91e-02	4.27e-02	1.06e-01	4.54e-01	2.23e-01	3.38e-02	2.78e-03	1.14e-04	2.44e-06	0.00e+00	0.00e+00	0.00e+00	0.00e+00	0.00e+00
 4.70040e+22	1.89e-12	1.19e-07	3.33e-04	6.57e-03	4.83e-02	9.74e-02	4.50e-02	1.10e-01	4.48e-01	2.11e-01	3.06e-02	2.43e-03	9.59e-05	2.01e-06	0.00e+00	0.00e+00	0.00e+00	0.00e+00	0.00e+00
 4.72733e+22	2.53e-12	1.53e-07	4.11e-04	7.78e-03	5.47e-02	1.06e-01	4.71e-02	1.14e-01	4.42e-01	1.98e-01	2.76e-02	2.11e-03	8.05e-05	1.65e-06	0.00e+00	0.00e+00	0.00e+00	0.00e+00	0.00e+00
 4.75806e+22	3.68e-12	2.11e-07	5.38e-04	9.61e-03	6.39e-02	1.18e-01	4.99e-02	1.18e-01	4.32e-01	1.83e-01	2.41e-02	1.76e-03	6.41e-05	1.28e-06	0.00e+00	0.00e+00	0.00e+00	0.00e+00	0.00e+00
 4.78933e+22	4.99e-12	2.73e-07	6.68e-04	1.14e-02	7.22e-02	1.28e-01	5.20e-02	1.21e-01	4.22e-01	1.70e-01	2.14e-02	1.51e-03	5.30e-05	1.03e-06	0.00e+00	0.00e+00	0.00e+00	0.00e+00	0.00e+00
 4.81473e+22	6.43e-12	3.39e-07	7.99e-04	1.31e-02	7.98e-02	1.36e-01	5.37e-02	1.23e-01	4.13e-01	1.60e-01	1.94e-02	1.33e-03	4.50e-05	8.58e-07	0.00e+00	0.00e+00	0.00e+00	0.00e+00	0.00e+00
 4.84120e+22	8.65e-12	4.38e-07	9.86e-04	1.54e-02	8.97e-02	1.47e-01	5.57e-02	1.25e-01	4.01e-01	1.47e-01	1.71e-02	1.13e-03	3.70e-05	6.89e-07	0.00e+00	0.00e+00	0.00e+00	0.00e+00	0.00e+00
 4.86896e+22	1.13e-11	5.47e-07	1.19e-03	1.78e-02	9.91e-02	1.56e-01	5.73e-02	1.27e-01	3.88e-01	1.37e-01	1.53e-02	9.76e-04	3.10e-05	5.65e-07	0.00e+00	0.00e+00	0.00e+00	0.00e+00	0.00e+00
 4.89438e+22	1.45e-11	6.80e-07	1.42e-03	2.04e-02	1.09e-01	1.65e-01	5.87e-02	1.28e-01	3.76e-01	1.27e-01	1.36e-02	8.43e-04	2.59e-05	4.63e-07	0.00e+00	0.00e+00	0.00e+00	0.00e+00	0.00e+00
 4.92343e+22	1.99e-11	8.90e-07	1.77e-03	2.41e-02	1.22e-01	1.77e-01	6.03e-02	1.29e-01	3.59e-01	1.15e-01	1.18e-02	6.98e-04	2.06e-05	3.60e-07	0.00e+00	0.00e+00	0.00e+00	0.00e+00	0.00e+00
 4.95320e+22	2.63e-11	1.12e-06	2.14e-03	2.78e-02	1.35e-01	1.87e-01	6.14e-02	1.29e-01	3.43e-01	1.05e-01	1.03e-02	5.88e-04	1.68e-05	2.86e-07	0.00e+00	0.00e+00	0.00e+00	0.00e+00	0.00e+00
 4.97932e+22	3.36e-11	1.38e-06	2.53e-03	3.15e-02	1.46e-01	1.96e-01	6.23e-02	1.29e-01	3.27e-01	9.57e-02	9.05e-03	5.02e-04	1.39e-05	2.32e-07	0.00e+00	0.00e+00	0.00e+00	0.00e+00	0.00e+00
 5.00866e+22	4.55e-11	1.78e-06	3.10e-03	3.67e-02	1.62e-01	2.06e-01	6.30e-02	1.28e-01	3.08e-01	8.53e-02	7.69e-03	4.10e-04	1.09e-05	1.78e-07	0.00e+00	0.00e+00	0.00e+00	0.00e+00	0.00e+00
 5.03945e+22	5.97e-11	2.24e-06	3.73e-03	4.20e-02	1.76e-01	2.16e-01	6.34e-02	1.26e-01	2.90e-01	7.64e-02	6.59e-03	3.39e-04	8.71e-06	1.39e-07	0.00e+00	0.00e+00	0.00e+00	0.00e+00	0.00e+00
 5.06740e+22	7.67e-11	2.76e-06	4.40e-03	4.73e-02	1.90e-01	2.23e-01	6.35e-02	1.24e-01	2.72e-01	6.86e-02	5.68e-03	2.83e-04	7.03e-06	0.00e+00	0.00e+00	0.00e+00	0.00e+00	0.00e+00	0.00e+00
 5.09899e+22	1.05e-10	3.57e-06	5.40e-03	5.48e-02	2.08e-01	2.32e-01	6.33e-02	1.21e-01	2.51e-01	5.96e-02	4.69e-03	2.24e-04	5.34e-06	0.00e+00	0.00e+00	0.00e+00	0.00e+00	0.00e+00	0.00e+00
 5.13153e+22	1.37e-10	4.45e-06	6.43e-03	6.20e-02	2.24e-01	2.39e-01	6.28e-02	1.18e-01	2.32e-01	5.24e-02	3.94e-03	1.81e-04	4.17e-06	0.00e+00	0.00e+00	0.00e+00	0.00e+00	0.00e+00	0.00e+00
 5.16045e+22	1.74e-10	5.44e-06	7.53e-03	6.92e-02	2.38e-01	2.44e-01	6.20e-02	1.14e-01	2.15e-01	4.63e-02	3.34e-03	1.49e-04	3.30e-06	0.00e+00	0.00e+00	0.00e+00	0.00e+00	0.00e+00	0.00e+00
 5.19320e+22	2.36e-10	6.96e-06	9.13e-03	7.90e-02	2.57e-01	2.50e-01	6.08e-02	1.09e-01	1.94e-01	3.93e-02	2.69e-03	1.15e-04	2.45e-06	0.00e+00	0.00e+00	0.00e+00	0.00e+00	0.00e+00	0.00e+00
 5.22718e+22	3.06e-10	8.64e-06	1.08e-02	8.84e-02	2.72e-01	2.53e-01	5.94e-02	1.04e-01	1.76e-01	3.38e-02	2.21e-03	9.09e-05	1.87e-06	0.00e+00	0.00e+00	0.00e+00	0.00e+00	0.00e+00	0.00e+00
 5.25773e+22	3.90e-10	1.05e-05	1.25e-02	9.77e-02	2.87e-01	2.55e-01	5.78e-02	9.94e-02	1.60e-01	2.92e-02	1.83e-03	7.27e-05	1.44e-06	0.00e+00	0.00e+00	0.00e+00	0.00e+00	0.00e+00	0.00e+00
 5.29240e+22	5.29e-10	1.34e-05	1.51e-02	1.10e-01	3.04e-01	2.56e-01	5.55e-02	9.30e-02	1.40e-01	2.41e-02	1.43e-03	5.43e-05	1.03e-06	0.00e+00	0.00e+00	0.00e+00	0.00e+00	0.00e+00	0.00e+00
 5.32811e+22	6.81e-10	1.65e-05	1.76e-02	1.22e-01	3.18e-01	2.55e-01	5.34e-02	8.75e-02	1.25e-01	2.04e-02	1.15e-03	4.21e-05	7.71e-07	0.00e+00	0.00e+00	0.00e+00	0.00e+00	0.00e+00	0.00e+00
 5.36028e+22	8.66e-10	2.00e-05	2.03e-02	1.33e-01	3.30e-01	2.54e-01	5.12e-02	8.20e-02	1.12e-01	1.72e-02	9.30e-04	3.28e-05	5.79e-07	0.00e+00	0.00e+00	0.00e+00	0.00e+00	0.00e+00	0.00e+00
 5.39722e+22	1.17e-09	2.54e-05	2.43e-02	1.48e-01	3.44e-01	2.50e-01	4.82e-02	7.50e-02	9.56e-02	1.38e-02	7.03e-04	2.37e-05	3.99e-07	0.00e+00	0.00e+00	0.00e+00	0.00e+00	0.00e+00	0.00e+00
 5.43456e+22	1.50e-09	3.08e-05	2.80e-02	1.62e-01	3.54e-01	2.45e-01	4.57e-02	6.94e-02	8.37e-02	1.14e-02	5.55e-04	1.80e-05	2.92e-07	0.00e+00	0.00e+00	0.00e+00	0.00e+00	0.00e+00	0.00e+00
 5.47242e+22	2.01e-09	3.89e-05	3.31e-02	1.78e-01	3.65e-01	2.38e-01	4.25e-02	6.27e-02	7.08e-02	8.99e-03	4.13e-04	1.28e-05	1.98e-07	0.00e+00	0.00e+00	0.00e+00	0.00e+00	0.00e+00	0.00e+00
 5.51073e+22	2.55e-09	4.68e-05	3.78e-02	1.92e-01	3.72e-01	2.32e-01	3.99e-02	5.74e-02	6.14e-02	7.36e-03	3.23e-04	9.63e-06	1.43e-07	0.00e+00	0.00e+00	0.00e+00	0.00e+00	0.00e+00	0.00e+00
