#depth	S	S+	S+2	S+3	S+4	S+5	S+6	S+7	S+8	S+9	S+10	S+11	S+12	S+13	S+14	S+15	S+16
 4.62852e+21	0.00e+00	0.00e+00	0.00e+00	1.70e-26	5.93e-23	1.01e-19	2.19e-16	1.17e-13	2.51e-11	2.27e-09	1.23e-07	3.56e-06	6.99e-05	1.44e-03	5.93e-02	3.38e-01	6.01e-01
 1.05607e+22	0.00e+00	0.00e+00	1.42e-28	6.65e-25	1.64e-21	3.03e-18	8.42e-15	3.11e-12	4.57e-10	2.82e-08	1.05e-06	2.06e-05	2.73e-04	3.80e-03	1.05e-01	4.05e-01	4.86e-01
 1.26665e+22	0.00e+00	9.31e-32	3.59e-27	1.35e-23	2.63e-20	3.72e-17	8.43e-14	2.48e-11	2.89e-09	1.40e-07	4.12e-06	6.35e-05	6.44e-04	6.90e-03	1.48e-01	4.38e-01	4.06e-01
 1.40197e+22	0.00e+00	1.10e-30	3.54e-26	1.12e-22	1.83e-19	2.13e-16	4.22e-13	1.06e-10	1.06e-08	4.35e-07	1.08e-05	1.40e-04	1.17e-03	1.04e-02	1.85e-01	4.54e-01	3.49e-01
 1.47085e+22	0.00e+00	2.06e-30	6.33e-26	1.93e-22	3.00e-19	3.32e-16	6.35e-13	1.54e-10	1.47e-08	5.79e-07	1.38e-05	1.71e-04	1.36e-03	1.15e-02	1.96e-01	4.57e-01	3.34e-01
 1.49396e+22	0.00e+00	3.32e-30	9.86e-26	2.90e-22	4.36e-19	4.62e-16	8.64e-13	2.03e-10	1.88e-08	7.20e-07	1.67e-05	2.00e-04	1.53e-03	1.24e-02	2.04e-01	4.58e-01	3.24e-01
 1.51141e+22	0.00e+00	4.59e-30	1.33e-25	3.83e-22	5.62e-19	5.81e-16	1.07e-12	2.46e-10	2.23e-08	8.35e-07	1.89e-05	2.22e-04	1.65e-03	1.31e-02	2.09e-01	4.59e-01	3.16e-01
 1.53005e+22	0.00e+00	7.30e-30	2.04e-25	5.69e-22	8.08e-19	8.02e-16	1.44e-12	3.23e-10	2.84e-08	1.03e-06	2.27e-05	2.57e-04	1.85e-03	1.41e-02	2.18e-01	4.60e-01	3.06e-01
 1.55032e+22	0.00e+00	1.16e-29	3.13e-25	8.41e-22	1.15e-18	1.10e-15	1.93e-12	4.22e-10	3.61e-08	1.27e-06	2.71e-05	2.97e-04	2.06e-03	1.52e-02	2.26e-01	4.61e-01	2.96e-01
 1.56928e+22	0.00e+00	1.73e-29	4.54e-25	1.19e-21	1.58e-18	1.46e-15	2.52e-12	5.35e-10	4.46e-08	1.53e-06	3.17e-05	3.38e-04	2.27e-03	1.62e-02	2.33e-01	4.61e-01	2.87e-01
 1.59051e+22	0.00e+00	2.99e-29	7.53e-25	1.90e-21	2.42e-18	2.13e-15	3.57e-12	7.36e-10	5.93e-08	1.96e-06	3.92e-05	4.02e-04	2.58e-03	1.76e-02	2.43e-01	4.61e-01	2.75e-01
 1.61174e+22	0.00e+00	4.68e-29	1.14e-24	2.78e-21	3.42e-18	2.90e-15	4.76e-12	9.54e-10	7.48e-08	2.40e-06	4.67e-05	4.63e-04	2.86e-03	1.88e-02	2.52e-01	4.61e-01	2.65e-01
 1.62990e+22	0.00e+00	7.16e-29	1.69e-24	3.98e-21	4.74e-18	3.87e-15	6.23e-12	1.22e-09	9.32e-08	2.90e-06	5.50e-05	5.29e-04	3.16e-03	2.01e-02	2.60e-01	4.60e-01	2.56e-01
 1.65045e+22	0.00e+00	1.22e-28	2.75e-24	6.25e-21	7.14e-18	5.56e-15	8.75e-12	1.66e-09	1.23e-07	3.69e-06	6.76e-05	6.26e-04	3.58e-03	2.18e-02	2.71e-01	4.59e-01	2.45e-01
 1.67155e+22	0.00e+00	1.89e-28	4.13e-24	9.07e-21	1.00e-17	7.51e-15	1.16e-11	2.14e-09	1.54e-07	4.50e-06	8.00e-05	7.18e-04	3.96e-03	2.33e-02	2.79e-01	4.57e-01	2.36e-01
 1.69033e+22	0.00e+00	2.91e-28	6.15e-24	1.31e-20	1.40e-17	1.01e-14	1.53e-11	2.75e-09	1.93e-07	5.47e-06	9.46e-05	8.22e-04	4.38e-03	2.48e-02	2.88e-01	4.55e-01	2.27e-01
 1.71170e+22	0.00e+00	5.02e-28	1.02e-23	2.08e-20	2.12e-17	1.46e-14	2.16e-11	3.77e-09	2.56e-07	6.98e-06	1.17e-04	9.74e-04	4.96e-03	2.69e-02	2.99e-01	4.53e-01	2.16e-01
 1.73343e+22	0.00e+00	8.05e-28	1.57e-23	3.10e-20	3.04e-17	2.00e-14	2.90e-11	4.95e-09	3.26e-07	8.63e-06	1.40e-04	1.13e-03	5.52e-03	2.88e-02	3.08e-01	4.50e-01	2.07e-01
 1.75233e+22	0.00e+00	1.23e-27	2.32e-23	4.44e-20	4.22e-17	2.68e-14	3.81e-11	6.34e-09	4.07e-07	1.05e-05	1.65e-04	1.29e-03	6.08e-03	3.06e-02	3.17e-01	4.47e-01	1.98e-01
 1.77357e+22	0.00e+00	2.17e-27	3.92e-23	7.15e-20	6.48e-17	3.90e-14	5.43e-11	8.77e-09	5.44e-07	1.35e-05	2.05e-04	1.54e-03	6.92e-03	3.31e-02	3.29e-01	4.42e-01	1.88e-01
 1.79406e+22	0.00e+00	3.25e-27	5.67e-23	1.00e-19	8.80e-17	5.11e-14	7.00e-11	1.11e-08	6.70e-07	1.61e-05	2.38e-04	1.74e-03	7.57e-03	3.51e-02	3.37e-01	4.39e-01	1.80e-01
 1.81355e+22	0.00e+00	5.52e-27	9.23e-23	1.57e-19	1.31e-16	7.24e-14	9.74e-11	1.50e-08	8.79e-07	2.04e-05	2.92e-04	2.05e-03	8.52e-03	3.77e-02	3.47e-01	4.33e-01	1.71e-01
 1.83309e+22	0.00e+00	8.23e-27	1.33e-22	2.19e-19	1.78e-16	9.45e-14	1.25e-10	1.88e-08	1.08e-06	2.44e-05	3.40e-04	2.31e-03	9.31e-03	3.98e-02	3.56e-01	4.29e-01	1.64e-01
 1.84934e+22	0.00e+00	1.21e-26	1.89e-22	3.02e-19	2.36e-16	1.21e-13	1.59e-10	2.34e-08	1.31e-06	2.90e-05	3.93e-04	2.60e-03	1.01e-02	4.19e-02	3.63e-01	4.25e-01	1.57e-01
 1.86445e+22	0.00e+00	1.73e-26	2.63e-22	4.06e-19	3.09e-16	1.53e-13	1.98e-10	2.87e-08	1.58e-06	3.39e-05	4.51e-04	2.90e-03	1.10e-02	4.40e-02	3.70e-01	4.21e-01	1.51e-01
 1.87834e+22	0.00e+00	2.39e-26	3.54e-22	5.32e-19	3.93e-16	1.88e-13	2.42e-10	3.45e-08	1.86e-06	3.92e-05	5.10e-04	3.20e-03	1.18e-02	4.59e-02	3.77e-01	4.16e-01	1.46e-01
 1.89129e+22	0.00e+00	3.27e-26	4.72e-22	6.92e-19	4.97e-16	2.31e-13	2.93e-10	4.12e-08	2.18e-06	4.51e-05	5.74e-04	3.52e-03	1.26e-02	4.78e-02	3.83e-01	4.12e-01	1.40e-01
 1.90609e+22	0.00e+00	4.90e-26	6.83e-22	9.67e-19	6.69e-16	2.99e-13	3.76e-10	5.17e-08	2.68e-06	5.39e-05	6.69e-04	3.98e-03	1.37e-02	5.04e-02	3.90e-01	4.07e-01	1.34e-01
 1.92037e+22	0.00e+00	6.62e-26	9.00e-22	1.24e-18	8.36e-16	3.63e-13	4.52e-10	6.14e-08	3.13e-06	6.16e-05	7.49e-04	4.36e-03	1.47e-02	5.24e-02	3.96e-01	4.02e-01	1.29e-01
 1.93216e+22	0.00e+00	8.85e-26	1.17e-21	1.58e-18	1.04e-15	4.37e-13	5.40e-10	7.23e-08	3.63e-06	7.00e-05	8.36e-04	4.76e-03	1.56e-02	5.43e-02	4.01e-01	3.98e-01	1.25e-01
 1.94564e+22	0.00e+00	1.27e-25	1.63e-21	2.13e-18	1.35e-15	5.49e-13	6.73e-10	8.86e-08	4.35e-06	8.21e-05	9.57e-04	5.31e-03	1.69e-02	5.68e-02	4.08e-01	3.93e-01	1.20e-01
 1.95951e+22	0.00e+00	1.74e-25	2.18e-21	2.77e-18	1.70e-15	6.70e-13	8.15e-10	1.06e-07	5.12e-06	9.44e-05	1.08e-03	5.84e-03	1.80e-02	5.91e-02	4.14e-01	3.87e-01	1.15e-01
 1.97118e+22	0.00e+00	2.31e-25	2.82e-21	3.49e-18	2.09e-15	7.98e-13	9.66e-10	1.24e-07	5.90e-06	1.07e-04	1.20e-03	6.35e-03	1.91e-02	6.11e-02	4.18e-01	3.83e-01	1.11e-01
 1.98197e+22	0.00e+00	3.06e-25	3.64e-21	4.39e-18	2.56e-15	9.50e-13	1.14e-09	1.45e-07	6.80e-06	1.21e-04	1.33e-03	6.91e-03	2.03e-02	6.32e-02	4.23e-01	3.78e-01	1.07e-01
 1.99433e+22	0.00e+00	4.34e-25	5.00e-21	5.83e-18	3.29e-15	1.18e-12	1.41e-09	1.76e-07	8.11e-06	1.41e-04	1.52e-03	7.66e-03	2.18e-02	6.59e-02	4.29e-01	3.72e-01	1.02e-01
 2.00690e+22	0.00e+00	5.78e-25	6.49e-21	7.37e-18	4.04e-15	1.40e-12	1.67e-09	2.07e-07	9.37e-06	1.59e-04	1.69e-03	8.34e-03	2.32e-02	6.81e-02	4.33e-01	3.67e-01	9.85e-02
 2.01804e+22	0.00e+00	7.67e-25	8.40e-21	9.28e-18	4.95e-15	1.67e-12	1.98e-09	2.42e-07	1.08e-05	1.80e-04	1.87e-03	9.06e-03	2.45e-02	7.03e-02	4.38e-01	3.62e-01	9.48e-02
 2.03083e+22	0.00e+00	1.10e-24	1.17e-20	1.25e-17	6.42e-15	2.08e-12	2.46e-09	2.96e-07	1.30e-05	2.11e-04	2.14e-03	1.01e-02	2.64e-02	7.33e-02	4.43e-01	3.55e-01	9.02e-02
 2.04300e+22	0.00e+00	1.44e-24	1.49e-20	1.55e-17	7.75e-15	2.44e-12	2.88e-09	3.43e-07	1.48e-05	2.37e-04	2.36e-03	1.09e-02	2.79e-02	7.55e-02	4.46e-01	3.50e-01	8.70e-02
 2.05280e+22	0.00e+00	1.88e-24	1.90e-20	1.92e-17	9.34e-15	2.85e-12	3.37e-09	3.97e-07	1.70e-05	2.66e-04	2.61e-03	1.18e-02	2.95e-02	7.77e-02	4.50e-01	3.44e-01	8.37e-02
 2.06244e+22	0.00e+00	2.43e-24	2.39e-20	2.36e-17	1.12e-14	3.32e-12	3.91e-09	4.57e-07	1.93e-05	2.98e-04	2.87e-03	1.27e-02	3.10e-02	7.99e-02	4.53e-01	3.39e-01	8.07e-02
 2.07341e+22	0.00e+00	3.35e-24	3.20e-20	3.06e-17	1.40e-14	4.01e-12	4.72e-09	5.46e-07	2.26e-05	3.42e-04	3.23e-03	1.39e-02	3.31e-02	8.27e-02	4.57e-01	3.33e-01	7.70e-02
 2.08469e+22	0.00e+00	4.49e-24	4.16e-20	3.86e-17	1.71e-14	4.73e-12	5.58e-09	6.39e-07	2.62e-05	3.88e-04	3.59e-03	1.52e-02	3.50e-02	8.53e-02	4.60e-01	3.27e-01	7.38e-02
 2.09448e+22	0.00e+00	5.75e-24	5.21e-20	4.71e-17	2.03e-14	5.48e-12	6.46e-09	7.33e-07	2.96e-05	4.32e-04	3.93e-03	1.63e-02	3.68e-02	8.74e-02	4.63e-01	3.21e-01	7.11e-02
 2.10532e+22	0.00e+00	8.24e-24	7.20e-20	6.25e-17	2.59e-14	6.68e-12	7.91e-09	8.89e-07	3.54e-05	5.03e-04	4.48e-03	1.81e-02	3.95e-02	9.07e-02	4.66e-01	3.14e-01	6.73e-02
 2.11610e+22	0.00e+00	1.05e-23	8.99e-20	7.61e-17	3.07e-14	7.70e-12	9.12e-09	1.02e-06	4.00e-05	5.59e-04	4.89e-03	1.93e-02	4.14e-02	9.29e-02	4.68e-01	3.08e-01	6.47e-02
 2.12681e+22	0.00e+00	1.51e-23	1.24e-19	1.01e-16	3.90e-14	9.36e-12	1.12e-08	1.24e-06	4.78e-05	6.52e-04	5.58e-03	2.15e-02	4.44e-02	9.62e-02	4.70e-01	3.00e-01	6.11e-02
 2.13718e+22	0.00e+00	1.93e-23	1.55e-19	1.22e-16	4.59e-14	1.07e-11	1.28e-08	1.41e-06	5.39e-05	7.23e-04	6.08e-03	2.30e-02	4.64e-02	9.83e-02	4.72e-01	2.95e-01	5.88e-02
 2.14712e+22	0.00e+00	2.67e-23	2.07e-19	1.58e-16	5.70e-14	1.28e-11	1.54e-08	1.68e-06	6.33e-05	8.30e-04	6.83e-03	2.52e-02	4.94e-02	1.01e-01	4.73e-01	2.87e-01	5.57e-02
 2.15739e+22	0.00e+00	3.52e-23	2.65e-19	1.95e-16	6.83e-14	1.48e-11	1.80e-08	1.94e-06	7.24e-05	9.32e-04	7.54e-03	2.71e-02	5.20e-02	1.04e-01	4.74e-01	2.81e-01	5.32e-02
 2.16810e+22	0.00e+00	5.08e-23	3.68e-19	2.59e-16	8.66e-14	1.79e-11	2.20e-08	2.36e-06	8.67e-05	1.09e-03	8.58e-03	3.00e-02	5.56e-02	1.07e-01	4.75e-01	2.73e-01	4.99e-02
 2.17842e+22	0.00e+00	6.52e-23	4.60e-19	3.15e-16	1.02e-13	2.05e-11	2.52e-08	2.70e-06	9.79e-05	1.21e-03	9.37e-03	3.22e-02	5.82e-02	1.09e-01	4.75e-01	2.67e-01	4.78e-02
 2.18822e+22	0.00e+00	9.26e-23	6.28e-19	4.11e-16	1.27e-13	2.44e-11	3.05e-08	3.25e-06	1.16e-04	1.40e-03	1.06e-02	3.54e-02	6.19e-02	1.13e-01	4.75e-01	2.58e-01	4.48e-02
 2.19799e+22	0.00e+00	1.19e-22	7.85e-19	4.99e-16	1.50e-13	2.78e-11	3.50e-08	3.71e-06	1.31e-04	1.55e-03	1.15e-02	3.78e-02	6.47e-02	1.15e-01	4.75e-01	2.52e-01	4.28e-02
 2.20772e+22	0.00e+00	1.69e-22	1.07e-18	6.51e-16	1.86e-13	3.30e-11	4.23e-08	4.45e-06	1.55e-04	1.79e-03	1.30e-02	4.16e-02	6.88e-02	1.18e-01	4.73e-01	2.44e-01	4.01e-02
 2.21754e+22	0.00e+00	2.20e-22	1.35e-18	7.95e-16	2.20e-13	3.77e-11	4.88e-08	5.11e-06	1.76e-04	1.99e-03	1.43e-02	4.45e-02	7.19e-02	1.20e-01	4.72e-01	2.37e-01	3.81e-02
 2.22746e+22	0.00e+00	3.18e-22	1.87e-18	1.05e-15	2.75e-13	4.48e-11	5.92e-08	6.18e-06	2.10e-04	2.31e-03	1.61e-02	4.90e-02	7.65e-02	1.23e-01	4.69e-01	2.28e-01	3.55e-02
 2.23740e+22	0.00e+00	4.15e-22	2.37e-18	1.28e-15	3.25e-13	5.11e-11	6.83e-08	7.10e-06	2.39e-04	2.57e-03	1.77e-02	5.25e-02	7.99e-02	1.25e-01	4.67e-01	2.21e-01	3.36e-02
 2.24739e+22	0.00e+00	5.95e-22	3.26e-18	1.68e-15	4.04e-13	6.06e-11	8.26e-08	8.56e-06	2.83e-04	2.97e-03	1.99e-02	5.75e-02	8.47e-02	1.28e-01	4.63e-01	2.12e-01	3.12e-02
 2.25728e+22	0.00e+00	7.81e-22	4.14e-18	2.05e-15	4.77e-13	6.89e-11	9.52e-08	9.83e-06	3.22e-04	3.31e-03	2.18e-02	6.15e-02	8.84e-02	1.30e-01	4.60e-01	2.06e-01	2.95e-02
 2.26707e+22	0.00e+00	1.12e-21	5.68e-18	2.68e-15	5.90e-13	8.12e-11	1.15e-07	1.18e-05	3.81e-04	3.81e-03	2.44e-02	6.72e-02	9.33e-02	1.32e-01	4.55e-01	1.97e-01	2.72e-02
 2.27701e+22	0.00e+00	1.49e-21	7.29e-18	3.31e-15	6.99e-13	9.24e-11	1.33e-07	1.36e-05	4.34e-04	4.26e-03	2.68e-02	7.20e-02	9.74e-02	1.34e-01	4.50e-01	1.89e-01	2.56e-02
 2.28715e+22	4.09e-34	2.16e-21	1.01e-17	4.35e-15	8.71e-13	1.09e-10	1.60e-07	1.64e-05	5.16e-04	4.91e-03	3.01e-02	7.87e-02	1.03e-01	1.36e-01	4.43e-01	1.80e-01	2.35e-02
 2.29740e+22	5.79e-34	2.89e-21	1.31e-17	5.39e-15	1.03e-12	1.24e-10	1.86e-07	1.90e-05	5.89e-04	5.49e-03	3.29e-02	8.42e-02	1.07e-01	1.38e-01	4.38e-01	1.73e-01	2.19e-02
 2.30780e+22	9.12e-34	4.24e-21	1.83e-17	7.12e-15	1.29e-12	1.47e-10	2.25e-07	2.29e-05	7.00e-04	6.33e-03	3.70e-02	9.18e-02	1.13e-01	1.39e-01	4.29e-01	1.63e-01	2.00e-02
 2.31825e+22	1.29e-33	5.68e-21	2.36e-17	8.81e-15	1.53e-12	1.67e-10	2.60e-07	2.65e-05	7.98e-04	7.05e-03	4.03e-02	9.79e-02	1.17e-01	1.40e-01	4.22e-01	1.56e-01	1.86e-02
 2.32728e+22	1.81e-33	7.57e-21	3.03e-17	1.09e-14	1.80e-12	1.89e-10	2.99e-07	3.04e-05	9.05e-04	7.83e-03	4.39e-02	1.04e-01	1.21e-01	1.41e-01	4.15e-01	1.49e-01	1.72e-02
 2.33751e+22	2.80e-33	1.09e-20	4.18e-17	1.42e-14	2.22e-12	2.21e-10	3.57e-07	3.62e-05	1.06e-03	8.92e-03	4.87e-02	1.12e-01	1.26e-01	1.42e-01	4.04e-01	1.40e-01	1.57e-02
 2.34782e+22	3.92e-33	1.46e-20	5.36e-17	1.74e-14	2.61e-12	2.50e-10	4.09e-07	4.15e-05	1.20e-03	9.86e-03	5.28e-02	1.19e-01	1.31e-01	1.43e-01	3.96e-01	1.33e-01	1.45e-02
 2.35823e+22	6.09e-33	2.11e-20	7.42e-17	2.28e-14	3.22e-12	2.92e-10	4.87e-07	4.93e-05	1.40e-03	1.12e-02	5.84e-02	1.28e-01	1.36e-01	1.43e-01	3.84e-01	1.25e-01	1.31e-02
 2.36866e+22	8.29e-33	2.77e-20	9.42e-17	2.78e-14	3.77e-12	3.29e-10	5.54e-07	5.59e-05	1.57e-03	1.23e-02	6.28e-02	1.35e-01	1.40e-01	1.43e-01	3.75e-01	1.19e-01	1.21e-02
 2.37912e+22	1.27e-32	4.00e-20	1.30e-16	3.61e-14	4.63e-12	3.83e-10	6.54e-07	6.60e-05	1.83e-03	1.39e-02	6.90e-02	1.44e-01	1.44e-01	1.42e-01	3.63e-01	1.10e-01	1.09e-02
 2.38977e+22	1.76e-32	5.27e-20	1.65e-16	4.41e-14	5.42e-12	4.32e-10	7.43e-07	7.47e-05	2.04e-03	1.52e-02	7.39e-02	1.52e-01	1.48e-01	1.42e-01	3.53e-01	1.04e-01	1.00e-02
 2.40067e+22	2.68e-32	7.55e-20	2.26e-16	5.72e-14	6.65e-12	5.04e-10	8.72e-07	8.76e-05	2.36e-03	1.70e-02	8.06e-02	1.61e-01	1.52e-01	1.41e-01	3.40e-01	9.70e-02	8.95e-03
 2.41193e+22	3.78e-32	1.01e-19	2.91e-16	7.08e-14	7.87e-12	5.72e-10	9.93e-07	9.95e-05	2.64e-03	1.86e-02	8.64e-02	1.69e-01	1.55e-01	1.40e-01	3.29e-01	9.11e-02	8.16e-03
 2.42365e+22	5.85e-32	1.47e-19	4.04e-16	9.27e-14	9.73e-12	6.72e-10	1.17e-06	1.17e-04	3.05e-03	2.08e-02	9.41e-02	1.79e-01	1.59e-01	1.38e-01	3.15e-01	8.38e-02	7.23e-03
 2.43553e+22	8.18e-32	1.96e-19	5.20e-16	1.14e-13	1.15e-11	7.62e-10	1.32e-06	1.32e-04	3.40e-03	2.27e-02	1.00e-01	1.87e-01	1.62e-01	1.36e-01	3.04e-01	7.84e-02	6.57e-03
 2.44761e+22	1.26e-31	2.84e-19	7.18e-16	1.50e-13	1.42e-11	8.96e-10	1.55e-06	1.54e-04	3.89e-03	2.52e-02	1.08e-01	1.97e-01	1.65e-01	1.34e-01	2.89e-01	7.19e-02	5.79e-03
 2.45977e+22	1.74e-31	3.76e-19	9.18e-16	1.84e-13	1.67e-11	1.01e-09	1.74e-06	1.73e-04	4.31e-03	2.73e-02	1.15e-01	2.04e-01	1.67e-01	1.32e-01	2.78e-01	6.71e-02	5.26e-03
 2.47203e+22	2.63e-31	5.39e-19	1.26e-15	2.39e-13	2.06e-11	1.19e-09	2.02e-06	2.00e-04	4.90e-03	3.01e-02	1.23e-01	2.13e-01	1.69e-01	1.29e-01	2.64e-01	6.13e-02	4.63e-03
 2.48461e+22	3.66e-31	7.16e-19	1.61e-15	2.94e-13	2.43e-11	1.35e-09	2.28e-06	2.24e-04	5.41e-03	3.25e-02	1.30e-01	2.21e-01	1.71e-01	1.27e-01	2.53e-01	5.69e-02	4.17e-03
 2.49553e+22	4.94e-31	9.30e-19	2.03e-15	3.56e-13	2.83e-11	1.52e-09	2.53e-06	2.48e-04	5.92e-03	3.48e-02	1.37e-01	2.27e-01	1.72e-01	1.24e-01	2.42e-01	5.31e-02	3.79e-03
 2.50767e+22	7.26e-31	1.30e-18	2.72e-15	4.55e-13	3.45e-11	1.77e-09	2.90e-06	2.82e-04	6.63e-03	3.80e-02	1.45e-01	2.35e-01	1.73e-01	1.21e-01	2.29e-01	4.85e-02	3.34e-03
 2.51994e+22	9.78e-31	1.68e-18	3.42e-15	5.51e-13	4.02e-11	1.99e-09	3.21e-06	3.12e-04	7.23e-03	4.05e-02	1.52e-01	2.41e-01	1.73e-01	1.18e-01	2.19e-01	4.51e-02	3.02e-03
 2.53237e+22	1.43e-30	2.35e-18	4.57e-15	7.04e-13	4.88e-11	2.32e-09	3.66e-06	3.54e-04	8.07e-03	4.40e-02	1.60e-01	2.49e-01	1.73e-01	1.15e-01	2.07e-01	4.10e-02	2.65e-03
 2.54500e+22	1.92e-30	3.03e-18	5.72e-15	8.50e-13	5.69e-11	2.61e-09	4.05e-06	3.89e-04	8.76e-03	4.68e-02	1.67e-01	2.54e-01	1.73e-01	1.12e-01	1.97e-01	3.81e-02	2.39e-03
 2.55608e+22	2.55e-30	3.88e-18	7.13e-15	1.02e-12	6.60e-11	2.93e-09	4.47e-06	4.27e-04	9.49e-03	4.96e-02	1.73e-01	2.59e-01	1.73e-01	1.09e-01	1.88e-01	3.53e-02	2.16e-03
 2.56868e+22	3.70e-30	5.37e-18	9.48e-15	1.30e-12	7.98e-11	3.39e-09	5.05e-06	4.81e-04	1.05e-02	5.35e-02	1.82e-01	2.66e-01	1.72e-01	1.05e-01	1.77e-01	3.20e-02	1.89e-03
 2.58121e+22	4.80e-30	6.75e-18	1.16e-14	1.54e-12	9.18e-11	3.79e-09	5.54e-06	5.23e-04	1.13e-02	5.64e-02	1.88e-01	2.70e-01	1.71e-01	1.03e-01	1.69e-01	2.98e-02	1.71e-03
 2.59365e+22	6.84e-30	9.20e-18	1.52e-14	1.94e-12	1.10e-10	4.37e-09	6.22e-06	5.84e-04	1.24e-02	6.03e-02	1.96e-01	2.75e-01	1.70e-01	9.89e-02	1.58e-01	2.69e-02	1.50e-03
 2.60633e+22	8.91e-30	1.16e-17	1.87e-14	2.30e-12	1.27e-10	4.89e-09	6.82e-06	6.36e-04	1.33e-02	6.35e-02	2.03e-01	2.79e-01	1.68e-01	9.60e-02	1.51e-01	2.50e-02	1.35e-03
 2.61932e+22	1.27e-29	1.58e-17	2.46e-14	2.90e-12	1.53e-10	5.65e-09	7.66e-06	7.09e-04	1.46e-02	6.79e-02	2.11e-01	2.83e-01	1.66e-01	9.22e-02	1.41e-01	2.25e-02	1.18e-03
 2.63255e+22	1.66e-29	2.00e-17	3.03e-14	3.46e-12	1.77e-10	6.34e-09	8.40e-06	7.72e-04	1.57e-02	7.13e-02	2.17e-01	2.86e-01	1.65e-01	8.92e-02	1.33e-01	2.08e-02	1.06e-03
 2.64611e+22	7.20e-30	2.74e-17	3.99e-14	4.37e-12	2.14e-10	7.35e-09	9.45e-06	8.61e-04	1.72e-02	7.60e-02	2.25e-01	2.90e-01	1.62e-01	8.53e-02	1.24e-01	1.87e-02	9.17e-04
 2.65991e+22	9.42e-30	3.47e-17	4.92e-14	5.23e-12	2.47e-10	8.26e-09	1.04e-05	9.36e-04	1.84e-02	7.98e-02	2.31e-01	2.92e-01	1.60e-01	8.23e-02	1.17e-01	1.72e-02	8.21e-04
 2.67403e+22	1.35e-29	4.76e-17	6.50e-14	6.62e-12	3.00e-10	9.60e-09	1.17e-05	1.04e-03	2.01e-02	8.49e-02	2.39e-01	2.95e-01	1.57e-01	7.84e-02	1.09e-01	1.53e-02	7.07e-04
 2.68784e+22	1.71e-29	5.87e-17	7.85e-14	7.78e-12	3.42e-10	1.07e-08	1.27e-05	1.12e-03	2.14e-02	8.85e-02	2.44e-01	2.96e-01	1.55e-01	7.58e-02	1.03e-01	1.42e-02	6.39e-04
 2.70122e+22	2.39e-29	7.90e-17	1.02e-13	9.71e-12	4.10e-10	1.23e-08	1.42e-05	1.24e-03	2.32e-02	9.36e-02	2.52e-01	2.98e-01	1.51e-01	7.22e-02	9.56e-02	1.27e-02	5.53e-04
 2.71481e+22	3.04e-29	9.77e-17	1.23e-13	1.14e-11	4.69e-10	1.37e-08	1.54e-05	1.34e-03	2.47e-02	9.74e-02	2.57e-01	2.99e-01	1.49e-01	6.95e-02	9.05e-02	1.17e-02	4.98e-04
 2.72865e+22	4.22e-29	1.30e-16	1.59e-13	1.42e-11	5.60e-10	1.58e-08	1.72e-05	1.48e-03	2.67e-02	1.03e-01	2.63e-01	3.00e-01	1.45e-01	6.61e-02	8.38e-02	1.05e-02	4.31e-04
 2.74292e+22	5.48e-29	1.64e-16	1.95e-13	1.69e-11	6.48e-10	1.78e-08	1.89e-05	1.60e-03	2.84e-02	1.07e-01	2.69e-01	3.00e-01	1.42e-01	6.34e-02	7.87e-02	9.60e-03	3.83e-04
 2.75773e+22	7.60e-29	2.20e-16	2.53e-13	2.11e-11	7.78e-10	2.06e-08	2.11e-05	1.76e-03	3.08e-02	1.13e-01	2.75e-01	3.00e-01	1.38e-01	6.00e-02	7.27e-02	8.56e-03	3.30e-04
 2.77302e+22	1.00e-28	2.81e-16	3.15e-13	2.55e-11	9.07e-10	2.33e-08	2.32e-05	1.91e-03	3.28e-02	1.18e-01	2.80e-01	2.99e-01	1.35e-01	5.72e-02	6.78e-02	7.76e-03	2.91e-04
 2.78892e+22	1.41e-28	3.80e-16	4.12e-13	3.21e-11	1.10e-09	2.72e-08	2.62e-05	2.12e-03	3.56e-02	1.24e-01	2.86e-01	2.98e-01	1.31e-01	5.39e-02	6.22e-02	6.87e-03	2.48e-04
 2.80524e+22	1.87e-28	4.88e-16	5.15e-13	3.89e-11	1.29e-09	3.09e-08	2.89e-05	2.31e-03	3.80e-02	1.29e-01	2.91e-01	2.97e-01	1.27e-01	5.12e-02	5.78e-02	6.19e-03	2.17e-04
 2.82210e+22	2.65e-28	6.65e-16	6.79e-13	4.94e-11	1.57e-09	3.63e-08	3.27e-05	2.56e-03	4.12e-02	1.36e-01	2.97e-01	2.95e-01	1.22e-01	4.79e-02	5.27e-02	5.43e-03	1.84e-04
 2.83948e+22	3.57e-28	8.64e-16	8.58e-13	6.05e-11	1.86e-09	4.15e-08	3.63e-05	2.80e-03	4.41e-02	1.41e-01	3.02e-01	2.92e-01	1.18e-01	4.53e-02	4.87e-02	4.86e-03	1.59e-04
 2.85755e+22	5.14e-28	1.19e-15	1.15e-12	7.76e-11	2.29e-09	4.92e-08	4.13e-05	3.12e-03	4.78e-02	1.49e-01	3.07e-01	2.89e-01	1.14e-01	4.22e-02	4.40e-02	4.23e-03	1.33e-04
 2.87624e+22	7.01e-28	1.57e-15	1.46e-12	9.60e-11	2.73e-09	5.68e-08	4.61e-05	3.41e-03	5.12e-02	1.55e-01	3.11e-01	2.86e-01	1.09e-01	3.96e-02	4.04e-02	3.75e-03	1.14e-04
 2.89317e+22	9.46e-28	2.05e-15	1.86e-12	1.18e-10	3.24e-09	6.53e-08	5.13e-05	3.73e-03	5.47e-02	1.61e-01	3.15e-01	2.83e-01	1.05e-01	3.72e-02	3.71e-02	3.33e-03	9.83e-05
 2.91261e+22	1.39e-27	2.87e-15	2.51e-12	1.53e-10	4.03e-09	7.79e-08	5.88e-05	4.17e-03	5.94e-02	1.69e-01	3.19e-01	2.78e-01	1.00e-01	3.43e-02	3.32e-02	2.86e-03	8.10e-05
 2.93243e+22	1.90e-27	3.79e-15	3.22e-12	1.90e-10	4.83e-09	9.01e-08	6.57e-05	4.56e-03	6.36e-02	1.76e-01	3.22e-01	2.73e-01	9.58e-02	3.21e-02	3.03e-02	2.52e-03	6.90e-05
 2.95274e+22	2.81e-27	5.35e-15	4.39e-12	2.48e-10	6.04e-09	1.08e-07	7.55e-05	5.11e-03	6.90e-02	1.84e-01	3.25e-01	2.68e-01	9.06e-02	2.94e-02	2.69e-02	2.15e-03	5.63e-05
 2.97332e+22	3.86e-27	7.10e-15	5.65e-12	3.09e-10	7.26e-09	1.25e-07	8.45e-05	5.59e-03	7.37e-02	1.91e-01	3.27e-01	2.63e-01	8.64e-02	2.73e-02	2.44e-02	1.88e-03	4.75e-05
 2.99425e+22	5.77e-27	1.02e-14	7.78e-12	4.07e-10	9.14e-09	1.51e-07	9.74e-05	6.26e-03	8.00e-02	1.99e-01	3.29e-01	2.56e-01	8.12e-02	2.49e-02	2.15e-02	1.58e-03	3.83e-05
 3.01541e+22	7.94e-27	1.35e-14	1.00e-11	5.08e-10	1.10e-08	1.76e-07	1.09e-04	6.85e-03	8.53e-02	2.06e-01	3.30e-01	2.50e-01	7.71e-02	2.30e-02	1.95e-02	1.38e-03	3.22e-05
 3.03685e+22	1.20e-26	1.96e-14	1.40e-11	6.75e-10	1.39e-08	2.13e-07	1.26e-04	7.69e-03	9.25e-02	2.15e-01	3.31e-01	2.42e-01	7.21e-02	2.08e-02	1.70e-02	1.15e-03	2.56e-05
 3.05841e+22	1.64e-26	2.60e-14	1.80e-11	8.41e-10	1.67e-08	2.47e-07	1.41e-04	8.39e-03	9.84e-02	2.22e-01	3.31e-01	2.36e-01	6.82e-02	1.92e-02	1.53e-02	1.00e-03	2.15e-05
 3.07644e+22	2.19e-26	3.36e-14	2.27e-11	1.03e-09	1.97e-08	2.82e-07	1.56e-04	9.08e-03	1.04e-01	2.28e-01	3.31e-01	2.31e-01	6.49e-02	1.79e-02	1.39e-02	8.79e-04	1.83e-05
 3.09621e+22	3.21e-26	4.77e-14	3.10e-11	1.34e-09	2.46e-08	3.38e-07	1.78e-04	1.01e-02	1.12e-01	2.36e-01	3.30e-01	2.23e-01	6.06e-02	1.62e-02	1.22e-02	7.36e-04	1.46e-05
 3.11569e+22	4.21e-26	6.12e-14	3.87e-11	1.62e-09	2.88e-08	3.84e-07	1.96e-04	1.09e-02	1.17e-01	2.41e-01	3.29e-01	2.17e-01	5.75e-02	1.51e-02	1.11e-02	6.48e-04	1.25e-05
 3.13482e+22	6.07e-26	8.56e-14	5.21e-11	2.09e-09	3.56e-08	4.57e-07	2.23e-04	1.20e-02	1.26e-01	2.48e-01	3.27e-01	2.10e-01	5.37e-02	1.37e-02	9.76e-03	5.45e-04	1.00e-05
 3.15426e+22	8.04e-26	1.11e-13	6.58e-11	2.56e-09	4.21e-08	5.23e-07	2.46e-04	1.29e-02	1.32e-01	2.54e-01	3.25e-01	2.04e-01	5.07e-02	1.26e-02	8.81e-03	4.75e-04	8.44e-06
 3.17414e+22	1.17e-25	1.58e-13	8.99e-11	3.34e-09	5.26e-08	6.27e-07	2.81e-04	1.43e-02	1.41e-01	2.61e-01	3.21e-01	1.96e-01	4.70e-02	1.14e-02	7.67e-03	3.94e-04	6.69e-06
 3.19424e+22	1.56e-25	2.07e-13	1.14e-10	4.11e-09	6.25e-08	7.22e-07	3.12e-04	1.55e-02	1.49e-01	2.66e-01	3.18e-01	1.89e-01	4.42e-02	1.05e-02	6.88e-03	3.41e-04	5.58e-06
 3.21466e+22	2.26e-25	2.96e-13	1.57e-10	5.41e-09	7.85e-08	8.69e-07	3.58e-04	1.72e-02	1.59e-01	2.73e-01	3.14e-01	1.81e-01	4.07e-02	9.35e-03	5.94e-03	2.81e-04	4.38e-06
 3.23545e+22	3.05e-25	3.95e-13	2.03e-10	6.74e-09	9.43e-08	1.01e-06	3.99e-04	1.87e-02	1.67e-01	2.78e-01	3.09e-01	1.74e-01	3.81e-02	8.53e-03	5.28e-03	2.40e-04	3.59e-06
 3.25674e+22	4.49e-25	5.76e-13	2.84e-10	8.99e-09	1.20e-07	1.23e-06	4.62e-04	2.08e-02	1.79e-01	2.84e-01	3.03e-01	1.65e-01	3.48e-02	7.56e-03	4.51e-03	1.94e-04	2.77e-06
 3.27841e+22	6.08e-25	7.78e-13	3.71e-10	1.13e-08	1.46e-07	1.45e-06	5.19e-04	2.27e-02	1.88e-01	2.89e-01	2.98e-01	1.58e-01	3.23e-02	6.85e-03	3.96e-03	1.64e-04	2.24e-06
 3.30059e+22	8.99e-25	1.15e-12	5.26e-10	1.53e-08	1.88e-07	1.79e-06	6.06e-04	2.54e-02	2.01e-01	2.94e-01	2.91e-01	1.49e-01	2.92e-02	6.00e-03	3.34e-03	1.31e-04	1.69e-06
 3.32304e+22	1.22e-24	1.57e-12	6.93e-10	1.94e-08	2.30e-07	2.11e-06	6.85e-04	2.78e-02	2.12e-01	2.98e-01	2.84e-01	1.42e-01	2.69e-02	5.40e-03	2.91e-03	1.09e-04	1.35e-06
 3.34202e+22	1.60e-24	2.08e-12	8.91e-10	2.42e-08	2.76e-07	2.47e-06	7.68e-04	3.01e-02	2.22e-01	3.01e-01	2.78e-01	1.36e-01	2.49e-02	4.89e-03	2.56e-03	9.20e-05	1.09e-06
 3.36285e+22	2.26e-24	3.00e-12	1.24e-09	3.22e-08	3.53e-07	3.03e-06	8.92e-04	3.36e-02	2.36e-01	3.04e-01	2.69e-01	1.27e-01	2.25e-02	4.29e-03	2.16e-03	7.35e-05	8.29e-07
 3.38374e+22	2.94e-24	3.97e-12	1.59e-09	4.02e-08	4.26e-07	3.56e-06	1.00e-03	3.65e-02	2.46e-01	3.06e-01	2.62e-01	1.21e-01	2.07e-02	3.87e-03	1.89e-03	6.17e-05	6.67e-07
 3.40415e+22	4.04e-24	5.61e-12	2.17e-09	5.28e-08	5.39e-07	4.35e-06	1.16e-03	4.05e-02	2.60e-01	3.08e-01	2.53e-01	1.13e-01	1.86e-02	3.39e-03	1.59e-03	4.94e-05	5.08e-07
 3.42496e+22	5.24e-24	7.47e-12	2.81e-09	6.65e-08	6.57e-07	5.15e-06	1.32e-03	4.43e-02	2.72e-01	3.09e-01	2.45e-01	1.07e-01	1.70e-02	3.03e-03	1.38e-03	4.09e-05	4.02e-07
 3.44539e+22	6.94e-24	1.04e-11	3.77e-09	8.66e-08	8.27e-07	6.28e-06	1.52e-03	4.90e-02	2.86e-01	3.09e-01	2.36e-01	9.98e-02	1.53e-02	2.65e-03	1.16e-03	3.27e-05	3.06e-07
 3.46625e+22	8.87e-24	1.39e-11	4.92e-09	1.10e-07	1.02e-06	7.53e-06	1.74e-03	5.38e-02	2.98e-01	3.09e-01	2.27e-01	9.34e-02	1.38e-02	2.34e-03	9.92e-04	2.67e-05	2.38e-07
 3.48667e+22	1.14e-23	1.88e-11	6.49e-09	1.41e-07	1.27e-06	9.14e-06	2.00e-03	5.93e-02	3.12e-01	3.08e-01	2.17e-01	8.68e-02	1.23e-02	2.05e-03	8.36e-04	2.14e-05	1.82e-07
 3.50706e+22	1.43e-23	2.48e-11	8.37e-09	1.78e-07	1.56e-06	1.09e-05	2.28e-03	6.49e-02	3.25e-01	3.06e-01	2.08e-01	8.08e-02	1.11e-02	1.80e-03	7.11e-04	1.74e-05	1.41e-07
 3.52763e+22	1.81e-23	3.32e-11	1.10e-08	2.28e-07	1.94e-06	1.33e-05	2.63e-03	7.16e-02	3.38e-01	3.04e-01	1.97e-01	7.46e-02	9.86e-03	1.56e-03	5.94e-04	1.38e-05	0.00e+00
 3.54846e+22	2.25e-23	4.35e-11	1.41e-08	2.88e-07	2.39e-06	1.60e-05	3.01e-03	7.85e-02	3.51e-01	3.00e-01	1.88e-01	6.88e-02	8.78e-03	1.36e-03	5.00e-04	1.11e-05	0.00e+00
 3.56884e+22	2.76e-23	5.67e-11	1.81e-08	3.63e-07	2.94e-06	1.92e-05	3.45e-03	8.60e-02	3.64e-01	2.96e-01	1.78e-01	6.33e-02	7.79e-03	1.18e-03	4.19e-04	8.83e-06	0.00e+00
 3.58925e+22	3.36e-23	7.32e-11	2.30e-08	4.55e-07	3.61e-06	2.31e-05	3.94e-03	9.40e-02	3.76e-01	2.92e-01	1.68e-01	5.81e-02	6.90e-03	1.02e-03	3.50e-04	7.04e-06	0.00e+00
 3.60976e+22	4.06e-23	9.39e-11	2.91e-08	5.70e-07	4.42e-06	2.77e-05	4.50e-03	1.03e-01	3.88e-01	2.86e-01	1.58e-01	5.31e-02	6.09e-03	8.81e-04	2.91e-04	5.58e-06	0.00e+00
 3.63041e+22	4.88e-23	1.20e-10	3.67e-08	7.10e-07	5.39e-06	3.32e-05	5.13e-03	1.12e-01	3.99e-01	2.80e-01	1.49e-01	4.84e-02	5.35e-03	7.57e-04	2.42e-04	4.42e-06	0.00e+00
 3.65125e+22	5.84e-23	1.51e-10	4.60e-08	8.84e-07	6.58e-06	3.98e-05	5.84e-03	1.22e-01	4.09e-01	2.74e-01	1.39e-01	4.39e-02	4.69e-03	6.48e-04	2.00e-04	3.48e-06	0.00e+00
 3.67222e+22	6.95e-23	1.90e-10	5.74e-08	1.09e-06	8.00e-06	4.76e-05	6.64e-03	1.32e-01	4.19e-01	2.67e-01	1.30e-01	3.98e-02	4.10e-03	5.53e-04	1.65e-04	2.73e-06	0.00e+00
 3.69351e+22	8.28e-23	2.37e-10	7.15e-08	1.36e-06	9.73e-06	5.71e-05	7.56e-03	1.44e-01	4.29e-01	2.59e-01	1.21e-01	3.58e-02	3.56e-03	4.69e-04	1.35e-04	2.13e-06	0.00e+00
 3.71500e+22	9.80e-23	2.94e-10	8.82e-08	1.67e-06	1.18e-05	6.80e-05	8.56e-03	1.55e-01	4.37e-01	2.51e-01	1.12e-01	3.22e-02	3.09e-03	3.98e-04	1.11e-04	1.67e-06	0.00e+00
 3.73690e+22	3.06e-22	3.64e-10	1.09e-07	2.06e-06	1.43e-05	8.15e-05	9.72e-03	1.68e-01	4.44e-01	2.43e-01	1.04e-01	2.88e-02	2.66e-03	3.34e-04	8.99e-05	1.28e-06	0.00e+00
 3.75915e+22	3.63e-22	4.45e-10	1.34e-07	2.52e-06	1.72e-05	9.69e-05	1.10e-02	1.81e-01	4.50e-01	2.34e-01	9.57e-02	2.57e-02	2.30e-03	2.81e-04	7.31e-05	9.93e-07	0.00e+00
 3.77954e+22	4.20e-22	5.24e-10	1.58e-07	2.98e-06	2.01e-05	1.12e-04	1.21e-02	1.92e-01	4.54e-01	2.26e-01	8.92e-02	2.33e-02	2.02e-03	2.42e-04	6.13e-05	7.99e-07	0.00e+00
 3.80084e+22	5.03e-22	6.41e-10	1.95e-07	3.67e-06	2.44e-05	1.34e-04	1.38e-02	2.07e-01	4.59e-01	2.16e-01	8.14e-02	2.05e-02	1.72e-03	2.00e-04	4.88e-05	6.04e-07	0.00e+00
 3.82246e+22	5.84e-22	7.51e-10	2.29e-07	4.32e-06	2.84e-05	1.55e-04	1.52e-02	2.19e-01	4.61e-01	2.08e-01	7.55e-02	1.85e-02	1.51e-03	1.71e-04	4.07e-05	4.83e-07	0.00e+00
 3.84467e+22	7.06e-22	9.14e-10	2.81e-07	5.32e-06	3.44e-05	1.86e-04	1.72e-02	2.35e-01	4.63e-01	1.98e-01	6.84e-02	1.61e-02	1.27e-03	1.40e-04	3.21e-05	3.61e-07	0.00e+00
 3.86701e+22	8.20e-22	1.06e-09	3.29e-07	6.23e-06	3.98e-05	2.13e-04	1.89e-02	2.48e-01	4.64e-01	1.90e-01	6.32e-02	1.45e-02	1.11e-03	1.19e-04	2.67e-05	2.87e-07	0.00e+00
 3.88953e+22	9.90e-22	1.27e-09	4.00e-07	7.61e-06	4.79e-05	2.55e-04	2.13e-02	2.65e-01	4.63e-01	1.80e-01	5.69e-02	1.26e-02	9.25e-04	9.70e-05	2.09e-05	2.13e-07	0.00e+00
 3.91209e+22	1.15e-21	1.46e-09	4.64e-07	8.85e-06	5.50e-05	2.91e-04	2.33e-02	2.77e-01	4.62e-01	1.72e-01	5.25e-02	1.13e-02	8.08e-04	8.28e-05	1.74e-05	1.70e-07	0.00e+00
 3.93472e+22	1.39e-21	1.74e-09	5.60e-07	1.07e-05	6.58e-05	3.45e-04	2.61e-02	2.94e-01	4.59e-01	1.62e-01	4.72e-02	9.80e-03	6.75e-04	6.72e-05	1.37e-05	1.27e-07	0.00e+00
 3.95758e+22	1.62e-21	1.99e-09	6.47e-07	1.24e-05	7.53e-05	3.92e-04	2.84e-02	3.07e-01	4.56e-01	1.55e-01	4.34e-02	8.76e-03	5.87e-04	5.71e-05	1.13e-05	0.00e+00	0.00e+00
 3.98074e+22	1.97e-21	2.35e-09	7.77e-07	1.50e-05	8.95e-05	4.63e-04	3.17e-02	3.24e-01	4.51e-01	1.45e-01	3.87e-02	7.55e-03	4.88e-04	4.60e-05	8.84e-06	0.00e+00	0.00e+00
 4.00418e+22	2.30e-21	2.68e-09	8.96e-07	1.73e-05	1.02e-04	5.26e-04	3.45e-02	3.38e-01	4.47e-01	1.38e-01	3.55e-02	6.72e-03	4.23e-04	3.89e-05	7.29e-06	0.00e+00	0.00e+00
 4.02800e+22	2.79e-21	3.16e-09	1.07e-06	2.08e-05	1.21e-04	6.20e-04	3.84e-02	3.55e-01	4.40e-01	1.28e-01	3.15e-02	5.76e-03	3.50e-04	3.12e-05	5.65e-06	0.00e+00	0.00e+00
 4.05223e+22	3.28e-21	3.60e-09	1.24e-06	2.41e-05	1.38e-04	7.04e-04	4.16e-02	3.68e-01	4.34e-01	1.21e-01	2.87e-02	5.10e-03	3.01e-04	2.62e-05	4.63e-06	0.00e+00	0.00e+00
 4.07700e+22	4.01e-21	4.24e-09	1.48e-06	2.89e-05	1.64e-04	8.29e-04	4.62e-02	3.86e-01	4.25e-01	1.13e-01	2.53e-02	4.34e-03	2.47e-04	2.08e-05	3.56e-06	0.00e+00	0.00e+00
 4.10230e+22	4.76e-21	4.85e-09	1.72e-06	3.35e-05	1.87e-04	9.40e-04	5.00e-02	3.99e-01	4.17e-01	1.06e-01	2.29e-02	3.82e-03	2.11e-04	1.74e-05	2.89e-06	0.00e+00	0.00e+00
 4.12830e+22	5.87e-21	5.71e-09	2.06e-06	4.03e-05	2.21e-04	1.11e-03	5.54e-02	4.16e-01	4.06e-01	9.77e-02	2.01e-02	3.22e-03	1.71e-04	1.36e-05	2.19e-06	0.00e+00	0.00e+00
 4.15489e+22	7.04e-21	6.57e-09	2.40e-06	4.68e-05	2.52e-04	1.26e-03	5.99e-02	4.29e-01	3.97e-01	9.14e-02	1.81e-02	2.81e-03	1.45e-04	1.13e-05	1.76e-06	0.00e+00	0.00e+00
 4.17732e+22	8.22e-21	7.40e-09	2.73e-06	5.33e-05	2.83e-04	1.41e-03	6.42e-02	4.40e-01	3.88e-01	8.61e-02	1.64e-02	2.49e-03	1.25e-04	9.50e-06	1.45e-06	0.00e+00	0.00e+00
 4.20158e+22	1.00e-20	8.60e-09	3.22e-06	6.29e-05	3.28e-04	1.62e-03	7.01e-02	4.55e-01	3.77e-01	7.95e-02	1.45e-02	2.12e-03	1.03e-04	7.60e-06	1.13e-06	0.00e+00	0.00e+00
 4.22520e+22	1.16e-20	9.64e-09	3.64e-06	7.08e-05	3.65e-04	1.80e-03	7.45e-02	4.64e-01	3.69e-01	7.50e-02	1.33e-02	1.89e-03	8.99e-05	6.48e-06	9.39e-07	0.00e+00	0.00e+00
 4.24799e+22	1.39e-20	1.10e-08	4.24e-06	8.23e-05	4.17e-04	2.05e-03	8.06e-02	4.77e-01	3.57e-01	6.93e-02	1.18e-02	1.63e-03	7.48e-05	5.24e-06	7.38e-07	0.00e+00	0.00e+00
 4.27098e+22	1.64e-20	1.24e-08	4.80e-06	9.27e-05	4.62e-04	2.26e-03	8.54e-02	4.86e-01	3.48e-01	6.54e-02	1.07e-02	1.45e-03	6.51e-05	4.47e-06	6.16e-07	0.00e+00	0.00e+00
 4.29425e+22	1.98e-20	1.43e-08	5.60e-06	1.08e-04	5.27e-04	2.57e-03	9.21e-02	4.97e-01	3.36e-01	6.03e-02	9.50e-03	1.24e-03	5.40e-05	3.61e-06	4.83e-07	0.00e+00	0.00e+00
 4.31785e+22	2.34e-20	1.62e-08	6.36e-06	1.22e-04	5.84e-04	2.83e-03	9.75e-02	5.05e-01	3.27e-01	5.66e-02	8.65e-03	1.10e-03	4.68e-05	3.06e-06	4.00e-07	0.00e+00	0.00e+00
 4.34186e+22	2.85e-20	1.88e-08	7.44e-06	1.42e-04	6.67e-04	3.22e-03	1.05e-01	5.16e-01	3.15e-01	5.19e-02	7.61e-03	9.40e-04	3.86e-05	2.45e-06	3.12e-07	0.00e+00	0.00e+00
 4.36620e+22	3.40e-20	2.14e-08	8.49e-06	1.60e-04	7.39e-04	3.54e-03	1.11e-01	5.23e-01	3.05e-01	4.86e-02	6.90e-03	8.32e-04	3.33e-05	2.07e-06	2.57e-07	0.00e+00	0.00e+00
 4.39099e+22	4.18e-20	2.49e-08	9.97e-06	1.87e-04	8.43e-04	4.02e-03	1.19e-01	5.32e-01	2.92e-01	4.44e-02	6.04e-03	7.04e-04	2.73e-05	1.65e-06	1.99e-07	0.00e+00	0.00e+00
 4.41618e+22	5.06e-20	2.86e-08	1.14e-05	2.11e-04	9.34e-04	4.42e-03	1.26e-01	5.38e-01	2.83e-01	4.14e-02	5.46e-03	6.20e-04	2.34e-05	1.39e-06	1.63e-07	0.00e+00	0.00e+00
 4.44191e+22	6.30e-20	3.36e-08	1.35e-05	2.48e-04	1.07e-03	5.03e-03	1.35e-01	5.46e-01	2.70e-01	3.76e-02	4.75e-03	5.22e-04	1.90e-05	1.09e-06	1.25e-07	0.00e+00	0.00e+00
 4.46816e+22	7.72e-20	3.89e-08	1.56e-05	2.81e-04	1.18e-03	5.54e-03	1.43e-01	5.51e-01	2.60e-01	3.49e-02	4.26e-03	4.57e-04	1.62e-05	9.12e-07	0.00e+00	0.00e+00	0.00e+00
 4.49510e+22	9.79e-20	4.62e-08	1.86e-05	3.31e-04	1.35e-03	6.31e-03	1.53e-01	5.57e-01	2.46e-01	3.15e-02	3.68e-03	3.81e-04	1.30e-05	7.13e-07	0.00e+00	0.00e+00	0.00e+00
 4.52272e+22	1.21e-19	5.39e-08	2.15e-05	3.78e-04	1.51e-03	6.96e-03	1.61e-01	5.61e-01	2.36e-01	2.91e-02	3.28e-03	3.30e-04	1.10e-05	5.87e-07	0.00e+00	0.00e+00	0.00e+00
 4.55124e+22	1.59e-19	6.53e-08	2.60e-05	4.48e-04	1.73e-03	7.93e-03	1.73e-01	5.65e-01	2.23e-01	2.61e-02	2.81e-03	2.73e-04	8.76e-06	4.54e-07	0.00e+00	0.00e+00	0.00e+00
 4.58018e+22	2.00e-19	7.68e-08	3.03e-05	5.13e-04	1.93e-03	8.75e-03	1.82e-01	5.67e-01	2.13e-01	2.39e-02	2.49e-03	2.35e-04	7.33e-06	3.71e-07	0.00e+00	0.00e+00	0.00e+00
 4.60965e+22	2.66e-19	9.41e-08	3.68e-05	6.10e-04	2.21e-03	9.96e-03	1.95e-01	5.69e-01	2.00e-01	2.13e-02	2.12e-03	1.93e-04	5.80e-06	2.85e-07	0.00e+00	0.00e+00	0.00e+00
 4.63946e+22	3.42e-19	1.12e-07	4.32e-05	7.00e-04	2.47e-03	1.10e-02	2.04e-01	5.70e-01	1.90e-01	1.95e-02	1.88e-03	1.66e-04	4.84e-06	2.32e-07	0.00e+00	0.00e+00	0.00e+00
 4.66973e+22	4.62e-19	1.38e-07	5.27e-05	8.34e-04	2.83e-03	1.25e-02	2.18e-01	5.69e-01	1.77e-01	1.73e-02	1.59e-03	1.35e-04	3.79e-06	1.77e-07	0.00e+00	0.00e+00	0.00e+00
 4.70040e+22	6.04e-19	1.66e-07	6.21e-05	9.60e-04	3.15e-03	1.37e-02	2.28e-01	5.68e-01	1.68e-01	1.58e-02	1.40e-03	1.16e-04	3.15e-06	1.43e-07	0.00e+00	0.00e+00	0.00e+00
 4.72733e+22	7.76e-19	1.97e-07	7.27e-05	1.10e-03	3.50e-03	1.51e-02	2.39e-01	5.66e-01	1.59e-01	1.43e-02	1.23e-03	9.87e-05	2.61e-06	1.16e-07	0.00e+00	0.00e+00	0.00e+00
 4.75806e+22	1.09e-18	2.47e-07	8.92e-05	1.31e-03	3.99e-03	1.70e-02	2.53e-01	5.63e-01	1.48e-01	1.27e-02	1.04e-03	8.05e-05	2.05e-06	0.00e+00	0.00e+00	0.00e+00	0.00e+00
 4.78933e+22	1.43e-18	2.96e-07	1.05e-04	1.51e-03	4.44e-03	1.87e-02	2.65e-01	5.59e-01	1.39e-01	1.15e-02	9.05e-04	6.80e-05	1.68e-06	0.00e+00	0.00e+00	0.00e+00	0.00e+00
 4.81473e+22	1.83e-18	3.49e-07	1.21e-04	1.70e-03	4.86e-03	2.03e-02	2.75e-01	5.55e-01	1.32e-01	1.05e-02	8.06e-04	5.90e-05	1.42e-06	0.00e+00	0.00e+00	0.00e+00	0.00e+00
 4.84120e+22	2.48e-18	4.25e-07	1.44e-04	1.96e-03	5.41e-03	2.22e-02	2.87e-01	5.49e-01	1.24e-01	9.47e-03	7.01e-04	4.99e-05	1.16e-06	0.00e+00	0.00e+00	0.00e+00	0.00e+00
 4.86896e+22	3.26e-18	5.05e-07	1.68e-04	2.22e-03	5.94e-03	2.41e-02	2.97e-01	5.44e-01	1.17e-01	8.63e-03	6.19e-04	4.28e-05	9.72e-07	0.00e+00	0.00e+00	0.00e+00	0.00e+00
 4.89438e+22	4.29e-18	6.00e-07	1.95e-04	2.52e-03	6.51e-03	2.61e-02	3.08e-01	5.38e-01	1.11e-01	7.86e-03	5.47e-04	3.69e-05	8.14e-07	0.00e+00	0.00e+00	0.00e+00	0.00e+00
 4.92343e+22	6.12e-18	7.47e-07	2.35e-04	2.94e-03	7.30e-03	2.88e-02	3.21e-01	5.30e-01	1.03e-01	6.99e-03	4.68e-04	3.05e-05	6.51e-07	0.00e+00	0.00e+00	0.00e+00	0.00e+00
 4.95320e+22	8.48e-18	9.01e-07	2.77e-04	3.36e-03	8.05e-03	3.14e-02	3.33e-01	5.22e-01	9.59e-02	6.28e-03	4.07e-04	2.57e-05	5.34e-07	0.00e+00	0.00e+00	0.00e+00	0.00e+00
 4.97932e+22	1.15e-17	1.08e-06	3.22e-04	3.81e-03	8.80e-03	3.39e-02	3.43e-01	5.14e-01	9.02e-02	5.71e-03	3.58e-04	2.21e-05	4.46e-07	0.00e+00	0.00e+00	0.00e+00	0.00e+00
 5.00866e+22	1.71e-17	1.35e-06	3.90e-04	4.44e-03	9.83e-03	3.71e-02	3.56e-01	5.03e-01	8.33e-02	5.06e-03	3.06e-04	1.82e-05	3.56e-07	0.00e+00	0.00e+00	0.00e+00	0.00e+00
 5.03945e+22	2.52e-17	1.65e-06	4.62e-04	5.09e-03	1.08e-02	4.04e-02	3.68e-01	4.93e-01	7.74e-02	4.52e-03	2.64e-04	1.53e-05	2.89e-07	0.00e+00	0.00e+00	0.00e+00	0.00e+00
 5.06740e+22	3.62e-17	2.00e-06	5.42e-04	5.80e-03	1.19e-02	4.36e-02	3.79e-01	4.83e-01	7.21e-02	4.06e-03	2.30e-04	1.29e-05	2.38e-07	0.00e+00	0.00e+00	0.00e+00	0.00e+00
 5.09899e+22	5.91e-17	2.54e-06	6.64e-04	6.81e-03	1.33e-02	4.80e-02	3.92e-01	4.70e-01	6.59e-02	3.55e-03	1.93e-04	1.05e-05	1.86e-07	0.00e+00	0.00e+00	0.00e+00	0.00e+00
 5.13153e+22	1.01e-16	3.14e-06	7.92e-04	7.84e-03	1.47e-02	5.21e-02	4.03e-01	4.58e-01	6.07e-02	3.14e-03	1.65e-04	8.70e-06	1.50e-07	0.00e+00	0.00e+00	0.00e+00	0.00e+00
 5.16045e+22	1.59e-16	3.83e-06	9.33e-04	8.93e-03	1.61e-02	5.61e-02	4.13e-01	4.46e-01	5.61e-02	2.81e-03	1.43e-04	7.30e-06	1.22e-07	0.00e+00	0.00e+00	0.00e+00	0.00e+00
 5.19320e+22	3.08e-16	4.93e-06	1.15e-03	1.05e-02	1.80e-02	6.14e-02	4.25e-01	4.30e-01	5.08e-02	2.43e-03	1.19e-04	5.85e-06	0.00e+00	0.00e+00	0.00e+00	0.00e+00	0.00e+00
 5.22718e+22	7.98e-16	6.16e-06	1.38e-03	1.21e-02	1.99e-02	6.66e-02	4.36e-01	4.16e-01	4.64e-02	2.13e-03	1.00e-04	4.80e-06	0.00e+00	0.00e+00	0.00e+00	0.00e+00	0.00e+00
 5.25773e+22	1.76e-15	7.59e-06	1.63e-03	1.39e-02	2.18e-02	7.16e-02	4.45e-01	4.02e-01	4.25e-02	1.88e-03	8.57e-05	3.98e-06	0.00e+00	0.00e+00	0.00e+00	0.00e+00	0.00e+00
 5.29240e+22	6.72e-15	9.93e-06	2.03e-03	1.64e-02	2.44e-02	7.84e-02	4.55e-01	3.84e-01	3.79e-02	1.61e-03	6.99e-05	3.12e-06	0.00e+00	0.00e+00	0.00e+00	0.00e+00	0.00e+00
 5.32811e+22	6.76e-14	1.25e-05	2.44e-03	1.89e-02	2.68e-02	8.45e-02	4.63e-01	3.68e-01	3.43e-02	1.40e-03	5.86e-05	2.54e-06	0.00e+00	0.00e+00	0.00e+00	0.00e+00	0.00e+00
 5.36028e+22	4.23e-13	1.55e-05	2.91e-03	2.16e-02	2.93e-02	9.06e-02	4.70e-01	3.53e-01	3.10e-02	1.22e-03	4.94e-05	2.07e-06	0.00e+00	0.00e+00	0.00e+00	0.00e+00	0.00e+00
 5.39722e+22	5.84e-12	2.06e-05	3.65e-03	2.57e-02	3.28e-02	9.89e-02	4.78e-01	3.33e-01	2.72e-02	1.02e-03	3.95e-05	1.59e-06	0.00e+00	0.00e+00	0.00e+00	0.00e+00	0.00e+00
 5.43456e+22	9.10e-11	2.59e-05	4.37e-03	2.95e-02	3.59e-02	1.06e-01	4.83e-01	3.16e-01	2.43e-02	8.80e-04	3.27e-05	1.27e-06	0.00e+00	0.00e+00	0.00e+00	0.00e+00	0.00e+00
 5.47242e+22	1.72e-10	3.45e-05	5.48e-03	3.50e-02	4.01e-02	1.15e-01	4.87e-01	2.96e-01	2.11e-02	7.31e-04	2.59e-05	9.71e-07	0.00e+00	0.00e+00	0.00e+00	0.00e+00	0.00e+00
 5.51073e+22	2.48e-10	4.34e-05	6.58e-03	4.01e-02	4.37e-02	1.23e-01	4.89e-01	2.79e-01	1.87e-02	6.26e-04	2.13e-05	7.73e-07	0.00e+00	0.00e+00	0.00e+00	0.00e+00	0.00e+00
 5.54960e+22	3.79e-10	5.80e-05	8.25e-03	4.75e-02	4.85e-02	1.33e-01	4.89e-01	2.58e-01	1.60e-02	5.12e-04	1.66e-05	5.78e-07	0.00e+00	0.00e+00	0.00e+00	0.00e+00	0.00e+00
 5.58884e+22	5.28e-10	7.30e-05	9.86e-03	5.41e-02	5.26e-02	1.40e-01	4.88e-01	2.41e-01	1.41e-02	4.35e-04	1.36e-05	4.57e-07	0.00e+00	0.00e+00	0.00e+00	0.00e+00	0.00e+00
 5.62854e+22	1.25e-10	9.76e-05	1.23e-02	6.37e-02	5.80e-02	1.51e-01	4.83e-01	2.20e-01	1.19e-02	3.52e-04	1.04e-05	3.36e-07	0.00e+00	0.00e+00	0.00e+00	0.00e+00	0.00e+00
 5.66865e+22	1.04e-10	1.22e-04	1.47e-02	7.23e-02	6.25e-02	1.58e-01	4.78e-01	2.04e-01	1.04e-02	2.96e-04	8.42e-06	2.64e-07	0.00e+00	0.00e+00	0.00e+00	0.00e+00	0.00e+00
 5.70931e+22	2.26e-10	1.64e-04	1.83e-02	8.46e-02	6.85e-02	1.68e-01	4.68e-01	1.83e-01	8.63e-03	2.36e-04	6.36e-06	1.91e-07	0.00e+00	0.00e+00	0.00e+00	0.00e+00	0.00e+00
 5.75049e+22	6.49e-10	2.05e-04	2.18e-02	9.55e-02	7.33e-02	1.76e-01	4.58e-01	1.68e-01	7.41e-03	1.97e-04	5.07e-06	1.48e-07	0.00e+00	0.00e+00	0.00e+00	0.00e+00	0.00e+00
 5.79237e+22	1.46e-09	2.73e-04	2.70e-02	1.11e-01	7.96e-02	1.84e-01	4.43e-01	1.49e-01	6.05e-03	1.54e-04	3.76e-06	0.00e+00	0.00e+00	0.00e+00	0.00e+00	0.00e+00	0.00e+00
 5.83345e+22	2.32e-09	3.37e-04	3.15e-02	1.23e-01	8.41e-02	1.90e-01	4.30e-01	1.35e-01	5.19e-03	1.28e-04	3.00e-06	0.00e+00	0.00e+00	0.00e+00	0.00e+00	0.00e+00	0.00e+00
 5.87349e+22	3.75e-09	4.38e-04	3.83e-02	1.41e-01	8.99e-02	1.97e-01	4.11e-01	1.19e-01	4.22e-03	1.01e-04	2.22e-06	0.00e+00	0.00e+00	0.00e+00	0.00e+00	0.00e+00	0.00e+00
 5.91207e+22	5.13e-09	5.25e-04	4.37e-02	1.53e-01	9.38e-02	2.01e-01	3.96e-01	1.08e-01	3.64e-03	8.47e-05	1.80e-06	0.00e+00	0.00e+00	0.00e+00	0.00e+00	0.00e+00	0.00e+00
 5.94874e+22	7.51e-09	6.62e-04	5.17e-02	1.71e-01	9.86e-02	2.05e-01	3.75e-01	9.47e-02	2.97e-03	6.70e-05	1.35e-06	0.00e+00	0.00e+00	0.00e+00	0.00e+00	0.00e+00	0.00e+00
 5.98537e+22	9.90e-09	7.88e-04	5.85e-02	1.85e-01	1.02e-01	2.07e-01	3.59e-01	8.53e-02	2.53e-03	5.59e-05	1.08e-06	0.00e+00	0.00e+00	0.00e+00	0.00e+00	0.00e+00	0.00e+00
 6.02194e+22	1.37e-08	9.74e-04	6.81e-02	2.03e-01	1.06e-01	2.09e-01	3.37e-01	7.43e-02	2.07e-03	4.43e-05	8.17e-07	0.00e+00	0.00e+00	0.00e+00	0.00e+00	0.00e+00	0.00e+00
 6.05984e+22	1.83e-08	1.17e-03	7.74e-02	2.19e-01	1.09e-01	2.09e-01	3.17e-01	6.53e-02	1.71e-03	3.58e-05	6.29e-07	0.00e+00	0.00e+00	0.00e+00	0.00e+00	0.00e+00	0.00e+00
 6.09384e+22	2.35e-08	1.38e-03	8.69e-02	2.35e-01	1.11e-01	2.08e-01	2.98e-01	5.77e-02	1.43e-03	2.93e-05	4.94e-07	0.00e+00	0.00e+00	0.00e+00	0.00e+00	0.00e+00	0.00e+00
 6.13240e+22	3.21e-08	1.71e-03	1.00e-01	2.55e-01	1.14e-01	2.06e-01	2.73e-01	4.88e-02	1.13e-03	2.25e-05	3.58e-07	0.00e+00	0.00e+00	0.00e+00	0.00e+00	0.00e+00	0.00e+00
 6.17157e+22	4.13e-08	2.02e-03	1.12e-01	2.71e-01	1.15e-01	2.03e-01	2.53e-01	4.22e-02	9.21e-04	1.80e-05	2.73e-07	0.00e+00	0.00e+00	0.00e+00	0.00e+00	0.00e+00	0.00e+00
 6.20630e+22	5.22e-08	2.37e-03	1.25e-01	2.86e-01	1.16e-01	2.00e-01	2.34e-01	3.66e-02	7.55e-04	1.44e-05	2.10e-07	0.00e+00	0.00e+00	0.00e+00	0.00e+00	0.00e+00	0.00e+00
 6.23996e+22	6.47e-08	2.74e-03	1.37e-01	3.00e-01	1.17e-01	1.95e-01	2.16e-01	3.18e-02	6.22e-04	1.17e-05	1.62e-07	0.00e+00	0.00e+00	0.00e+00	0.00e+00	0.00e+00	0.00e+00
 6.27103e+22	7.87e-08	3.12e-03	1.49e-01	3.12e-01	1.17e-01	1.91e-01	2.00e-01	2.78e-02	5.19e-04	9.56e-06	1.28e-07	0.00e+00	0.00e+00	0.00e+00	0.00e+00	0.00e+00	0.00e+00
 6.30500e+22	9.94e-08	3.65e-03	1.65e-01	3.26e-01	1.16e-01	1.84e-01	1.81e-01	2.34e-02	4.11e-04	7.42e-06	0.00e+00	0.00e+00	0.00e+00	0.00e+00	0.00e+00	0.00e+00	0.00e+00
 6.33915e+22	1.20e-07	4.13e-03	1.78e-01	3.37e-01	1.16e-01	1.79e-01	1.67e-01	2.03e-02	3.41e-04	6.05e-06	0.00e+00	0.00e+00	0.00e+00	0.00e+00	0.00e+00	0.00e+00	0.00e+00
 6.37356e+22	1.49e-07	4.80e-03	1.95e-01	3.49e-01	1.14e-01	1.71e-01	1.49e-01	1.69e-02	2.68e-04	4.66e-06	0.00e+00	0.00e+00	0.00e+00	0.00e+00	0.00e+00	0.00e+00	0.00e+00
 6.40830e+22	1.79e-07	5.42e-03	2.09e-01	3.58e-01	1.13e-01	1.64e-01	1.36e-01	1.45e-02	2.19e-04	3.74e-06	0.00e+00	0.00e+00	0.00e+00	0.00e+00	0.00e+00	0.00e+00	0.00e+00
