#depth	Cl	Cl+	Cl+2	Cl+3	Cl+4	Cl+5	Cl+6	Cl+7	Cl+8	Cl+9	Cl+10	Cl+11	Cl+12	Cl+13	Cl+14	Cl+15	Cl+16	Cl+17
 1.54284e+22	0.00e+00	0.00e+00	0.00e+00	3.85e-24	4.75e-21	3.66e-18	2.54e-15	3.00e-12	4.69e-10	3.21e-08	1.04e-06	2.06e-05	2.37e-04	1.73e-03	1.41e-02	2.13e-01	4.57e-01	3.14e-01
 3.62253e+22	0.00e+00	7.24e-30	7.67e-26	2.51e-22	2.20e-19	1.20e-16	5.71e-14	5.33e-11	6.37e-09	3.29e-07	7.89e-06	1.16e-04	9.56e-04	4.87e-03	2.78e-02	2.98e-01	4.50e-01	2.19e-01
 4.42782e+22	0.00e+00	7.83e-29	7.17e-25	2.00e-21	1.47e-18	6.64e-16	2.61e-13	2.20e-10	2.32e-08	1.04e-06	2.16e-05	2.72e-04	1.90e-03	8.03e-03	3.81e-02	3.43e-01	4.33e-01	1.76e-01
 4.84552e+22	0.00e+00	3.01e-28	2.51e-24	6.39e-21	4.22e-18	1.72e-15	6.03e-13	4.85e-10	4.77e-08	1.99e-06	3.78e-05	4.37e-04	2.78e-03	1.06e-02	4.51e-02	3.68e-01	4.19e-01	1.54e-01
 5.03777e+22	0.00e+00	4.56e-28	3.70e-24	9.14e-21	5.84e-18	2.30e-15	7.79e-13	6.17e-10	5.95e-08	2.42e-06	4.49e-05	5.05e-04	3.12e-03	1.15e-02	4.75e-02	3.76e-01	4.14e-01	1.47e-01
 5.13660e+22	0.00e+00	7.39e-28	5.79e-24	1.39e-20	8.53e-18	3.23e-15	1.05e-12	8.18e-10	7.70e-08	3.05e-06	5.48e-05	5.98e-04	3.57e-03	1.26e-02	5.03e-02	3.85e-01	4.08e-01	1.40e-01
 5.24621e+22	0.00e+00	1.20e-27	9.12e-24	2.11e-20	1.25e-17	4.54e-15	1.42e-12	1.08e-09	9.97e-08	3.85e-06	6.70e-05	7.09e-04	4.08e-03	1.39e-02	5.33e-02	3.93e-01	4.02e-01	1.33e-01
 5.35229e+22	0.00e+00	1.92e-27	1.41e-23	3.15e-20	1.80e-17	6.29e-15	1.88e-12	1.42e-09	1.28e-07	4.80e-06	8.13e-05	8.34e-04	4.65e-03	1.52e-02	5.63e-02	4.01e-01	3.96e-01	1.26e-01
 5.45482e+22	0.00e+00	3.05e-27	2.16e-23	4.68e-20	2.57e-17	8.67e-15	2.49e-12	1.85e-09	1.63e-07	5.97e-06	9.83e-05	9.80e-04	5.28e-03	1.67e-02	5.93e-02	4.09e-01	3.89e-01	1.20e-01
 5.55196e+22	0.00e+00	4.64e-27	3.19e-23	6.72e-20	3.57e-17	1.16e-14	3.22e-12	2.36e-09	2.03e-07	7.29e-06	1.17e-04	1.13e-03	5.92e-03	1.81e-02	6.22e-02	4.16e-01	3.83e-01	1.14e-01
 5.65988e+22	0.00e+00	8.10e-27	5.35e-23	1.08e-19	5.48e-17	1.70e-14	4.48e-12	3.23e-09	2.72e-07	9.47e-06	1.47e-04	1.37e-03	6.89e-03	2.01e-02	6.62e-02	4.24e-01	3.74e-01	1.07e-01
 5.76805e+22	0.00e+00	1.27e-26	8.10e-23	1.58e-19	7.73e-17	2.31e-14	5.85e-12	4.16e-09	3.44e-07	1.17e-05	1.76e-04	1.60e-03	7.77e-03	2.19e-02	6.95e-02	4.31e-01	3.67e-01	1.01e-01
 5.85498e+22	0.00e+00	1.85e-26	1.15e-22	2.18e-19	1.03e-16	2.98e-14	7.30e-12	5.15e-09	4.18e-07	1.39e-05	2.05e-04	1.82e-03	8.60e-03	2.35e-02	7.23e-02	4.36e-01	3.61e-01	9.67e-02
 5.94643e+22	0.00e+00	2.94e-26	1.77e-22	3.25e-19	1.48e-16	4.10e-14	9.62e-12	6.70e-09	5.34e-07	1.74e-05	2.48e-04	2.13e-03	9.74e-03	2.56e-02	7.59e-02	4.42e-01	3.53e-01	9.12e-02
 6.03388e+22	0.00e+00	4.18e-26	2.45e-22	4.37e-19	1.93e-16	5.19e-14	1.18e-11	8.15e-09	6.40e-07	2.04e-05	2.85e-04	2.40e-03	1.07e-02	2.73e-02	7.87e-02	4.47e-01	3.47e-01	8.72e-02
 6.10405e+22	0.00e+00	5.88e-26	3.35e-22	5.84e-19	2.50e-16	6.51e-14	1.43e-11	9.85e-09	7.63e-07	2.39e-05	3.27e-04	2.70e-03	1.17e-02	2.90e-02	8.14e-02	4.51e-01	3.40e-01	8.34e-02
 6.17263e+22	0.00e+00	8.10e-26	4.51e-22	7.67e-19	3.19e-16	8.08e-14	1.73e-11	1.18e-08	9.00e-07	2.78e-05	3.72e-04	3.00e-03	1.27e-02	3.08e-02	8.40e-02	4.55e-01	3.35e-01	7.99e-02
 6.23987e+22	0.00e+00	1.10e-25	5.97e-22	9.92e-19	4.02e-16	9.90e-14	2.05e-11	1.39e-08	1.05e-06	3.20e-05	4.20e-04	3.33e-03	1.38e-02	3.25e-02	8.65e-02	4.58e-01	3.29e-01	7.68e-02
 6.31594e+22	0.00e+00	1.65e-25	8.70e-22	1.40e-18	5.46e-16	1.30e-13	2.59e-11	1.74e-08	1.30e-06	3.86e-05	4.95e-04	3.81e-03	1.53e-02	3.49e-02	8.99e-02	4.62e-01	3.21e-01	7.26e-02
 6.39133e+22	0.00e+00	2.27e-25	1.17e-21	1.83e-18	6.95e-16	1.60e-13	3.10e-11	2.08e-08	1.53e-06	4.47e-05	5.61e-04	4.24e-03	1.67e-02	3.69e-02	9.26e-02	4.64e-01	3.15e-01	6.95e-02
 6.45308e+22	0.00e+00	3.04e-25	1.53e-21	2.34e-18	8.66e-16	1.94e-13	3.65e-11	2.44e-08	1.77e-06	5.12e-05	6.31e-04	4.67e-03	1.80e-02	3.88e-02	9.51e-02	4.67e-01	3.09e-01	6.66e-02
 6.52065e+22	0.00e+00	4.32e-25	2.12e-21	3.15e-18	1.13e-15	2.44e-13	4.45e-11	2.96e-08	2.12e-06	6.02e-05	7.25e-04	5.25e-03	1.97e-02	4.13e-02	9.81e-02	4.69e-01	3.02e-01	6.33e-02
 6.59021e+22	5.68e-32	5.85e-25	2.80e-21	4.07e-18	1.42e-15	2.98e-13	5.27e-11	3.49e-08	2.48e-06	6.92e-05	8.18e-04	5.80e-03	2.12e-02	4.34e-02	1.01e-01	4.71e-01	2.96e-01	6.06e-02
 6.65226e+22	7.79e-32	7.90e-25	3.70e-21	5.24e-18	1.77e-15	3.62e-13	6.22e-11	4.11e-08	2.88e-06	7.94e-05	9.20e-04	6.40e-03	2.29e-02	4.57e-02	1.03e-01	4.73e-01	2.90e-01	5.80e-02
 6.71352e+22	1.09e-31	1.08e-24	4.94e-21	6.82e-18	2.24e-15	4.43e-13	7.36e-11	4.86e-08	3.38e-06	9.16e-05	1.04e-03	7.10e-03	2.48e-02	4.82e-02	1.06e-01	4.74e-01	2.84e-01	5.53e-02
 6.77327e+22	1.47e-31	1.44e-24	6.43e-21	8.66e-18	2.77e-15	5.33e-13	8.61e-11	5.67e-08	3.90e-06	1.04e-04	1.16e-03	7.79e-03	2.66e-02	5.05e-02	1.08e-01	4.75e-01	2.78e-01	5.29e-02
 6.84035e+22	2.18e-31	2.10e-24	9.09e-21	1.18e-17	3.64e-15	6.75e-13	1.05e-10	6.92e-08	4.70e-06	1.24e-04	1.35e-03	8.79e-03	2.92e-02	5.36e-02	1.12e-01	4.75e-01	2.70e-01	4.99e-02
 6.90496e+22	2.93e-31	2.78e-24	1.17e-20	1.50e-17	4.48e-15	8.07e-13	1.22e-10	8.02e-08	5.41e-06	1.40e-04	1.50e-03	9.62e-03	3.13e-02	5.61e-02	1.14e-01	4.76e-01	2.64e-01	4.77e-02
 6.95794e+22	3.94e-31	3.69e-24	1.52e-20	1.89e-17	5.49e-15	9.60e-13	1.41e-10	9.29e-08	6.22e-06	1.59e-04	1.68e-03	1.05e-02	3.35e-02	5.87e-02	1.16e-01	4.76e-01	2.58e-01	4.56e-02
 7.01028e+22	5.19e-31	4.80e-24	1.94e-20	2.35e-17	6.66e-15	1.13e-12	1.62e-10	1.07e-07	7.08e-06	1.79e-04	1.85e-03	1.14e-02	3.57e-02	6.11e-02	1.19e-01	4.75e-01	2.52e-01	4.37e-02
 7.07021e+22	7.49e-31	6.81e-24	2.67e-20	3.13e-17	8.56e-15	1.40e-12	1.93e-10	1.28e-07	8.41e-06	2.09e-04	2.12e-03	1.28e-02	3.88e-02	6.45e-02	1.21e-01	4.74e-01	2.45e-01	4.12e-02
 7.13120e+22	1.03e-30	9.23e-24	3.52e-20	4.02e-17	1.06e-14	1.69e-12	2.25e-10	1.49e-07	9.75e-06	2.40e-04	2.38e-03	1.40e-02	4.17e-02	6.75e-02	1.24e-01	4.73e-01	2.38e-01	3.91e-02
 7.18392e+22	1.36e-30	1.20e-23	4.48e-20	4.99e-17	1.29e-14	1.99e-12	2.58e-10	1.71e-07	1.11e-05	2.69e-04	2.63e-03	1.52e-02	4.43e-02	7.02e-02	1.26e-01	4.72e-01	2.32e-01	3.74e-02
 7.24283e+22	2.02e-30	1.75e-23	6.33e-20	6.79e-17	1.68e-14	2.48e-12	3.09e-10	2.07e-07	1.33e-05	3.18e-04	3.03e-03	1.71e-02	4.84e-02	7.42e-02	1.29e-01	4.69e-01	2.24e-01	3.50e-02
 7.30166e+22	2.65e-30	2.28e-23	8.04e-20	8.43e-17	2.03e-14	2.92e-12	3.53e-10	2.37e-07	1.51e-05	3.57e-04	3.34e-03	1.86e-02	5.14e-02	7.70e-02	1.31e-01	4.67e-01	2.18e-01	3.34e-02
 7.36037e+22	3.98e-30	3.36e-23	1.14e-19	1.15e-16	2.65e-14	3.65e-12	4.23e-10	2.87e-07	1.82e-05	4.22e-04	3.86e-03	2.09e-02	5.61e-02	8.13e-02	1.33e-01	4.63e-01	2.10e-01	3.11e-02
 7.41717e+22	5.21e-30	4.35e-23	1.45e-19	1.42e-16	3.19e-14	4.25e-12	4.80e-10	3.27e-07	2.06e-05	4.73e-04	4.25e-03	2.26e-02	5.94e-02	8.42e-02	1.35e-01	4.60e-01	2.04e-01	2.96e-02
 7.47148e+22	7.49e-30	6.16e-23	1.99e-19	1.88e-16	4.05e-14	5.20e-12	5.64e-10	3.88e-07	2.43e-05	5.49e-04	4.82e-03	2.50e-02	6.41e-02	8.82e-02	1.37e-01	4.56e-01	1.96e-01	2.77e-02
 7.52767e+22	1.02e-29	8.27e-23	2.59e-19	2.39e-16	4.97e-14	6.15e-12	6.46e-10	4.48e-07	2.79e-05	6.23e-04	5.37e-03	2.73e-02	6.83e-02	9.17e-02	1.39e-01	4.52e-01	1.90e-01	2.61e-02
 7.58630e+22	1.53e-29	1.22e-22	3.70e-19	3.26e-16	6.49e-14	7.66e-12	7.70e-10	5.41e-07	3.35e-05	7.36e-04	6.18e-03	3.06e-02	7.43e-02	9.63e-02	1.41e-01	4.45e-01	1.81e-01	2.42e-02
 7.64279e+22	2.02e-29	1.60e-22	4.71e-19	4.05e-16	7.81e-14	8.93e-12	8.70e-10	6.16e-07	3.79e-05	8.24e-04	6.80e-03	3.30e-02	7.86e-02	9.95e-02	1.42e-01	4.41e-01	1.75e-01	2.29e-02
 7.69650e+22	2.99e-29	2.33e-22	6.61e-19	5.44e-16	1.00e-13	1.09e-11	1.02e-09	7.35e-07	4.50e-05	9.64e-04	7.77e-03	3.67e-02	8.48e-02	1.04e-01	1.44e-01	4.34e-01	1.67e-01	2.11e-02
 7.75004e+22	3.95e-29	3.05e-22	8.44e-19	6.75e-16	1.21e-13	1.27e-11	1.15e-09	8.36e-07	5.10e-05	1.08e-03	8.54e-03	3.95e-02	8.95e-02	1.07e-01	1.45e-01	4.28e-01	1.61e-01	1.99e-02
 7.80338e+22	5.83e-29	4.45e-22	1.18e-18	9.07e-16	1.55e-13	1.56e-11	1.35e-09	9.94e-07	6.04e-05	1.26e-03	9.73e-03	4.39e-02	9.64e-02	1.12e-01	1.46e-01	4.19e-01	1.53e-01	1.83e-02
 7.85718e+22	7.81e-29	5.89e-22	1.53e-18	1.13e-15	1.87e-13	1.81e-11	1.52e-09	1.13e-06	6.86e-05	1.42e-03	1.07e-02	4.73e-02	1.02e-01	1.15e-01	1.47e-01	4.13e-01	1.47e-01	1.72e-02
 7.91158e+22	1.17e-28	8.75e-22	2.18e-18	1.54e-15	2.42e-13	2.23e-11	1.78e-09	1.36e-06	8.17e-05	1.66e-03	1.23e-02	5.26e-02	1.10e-01	1.20e-01	1.47e-01	4.03e-01	1.39e-01	1.57e-02
 7.96612e+22	1.58e-28	1.17e-21	2.82e-18	1.93e-15	2.92e-13	2.60e-11	2.00e-09	1.55e-06	9.28e-05	1.86e-03	1.35e-02	5.66e-02	1.15e-01	1.23e-01	1.47e-01	3.95e-01	1.33e-01	1.47e-02
 8.02084e+22	2.35e-28	1.72e-21	3.98e-18	2.61e-15	3.76e-13	3.17e-11	2.34e-09	1.84e-06	1.10e-04	2.17e-03	1.53e-02	6.25e-02	1.24e-01	1.27e-01	1.47e-01	3.84e-01	1.25e-01	1.33e-02
 8.07511e+22	3.17e-28	2.30e-21	5.18e-18	3.27e-15	4.55e-13	3.69e-11	2.62e-09	2.09e-06	1.25e-04	2.44e-03	1.68e-02	6.72e-02	1.30e-01	1.31e-01	1.47e-01	3.75e-01	1.19e-01	1.24e-02
 8.12878e+22	4.70e-28	3.38e-21	7.30e-18	4.41e-15	5.82e-13	4.48e-11	3.04e-09	2.47e-06	1.47e-04	2.83e-03	1.91e-02	7.38e-02	1.38e-01	1.35e-01	1.46e-01	3.62e-01	1.11e-01	1.12e-02
 8.18332e+22	6.45e-28	4.59e-21	9.60e-18	5.58e-15	7.08e-13	5.23e-11	3.42e-09	2.82e-06	1.67e-04	3.18e-03	2.10e-02	7.94e-02	1.45e-01	1.38e-01	1.46e-01	3.52e-01	1.05e-01	1.03e-02
 8.23900e+22	9.30e-32	6.85e-21	1.37e-17	7.59e-15	9.13e-13	6.38e-11	3.97e-09	3.34e-06	1.97e-04	3.69e-03	2.37e-02	8.71e-02	1.54e-01	1.41e-01	1.44e-01	3.39e-01	9.75e-02	9.25e-03
 8.29528e+22	1.30e-31	9.38e-21	1.82e-17	9.65e-15	1.11e-12	7.46e-11	4.46e-09	3.82e-06	2.24e-04	4.15e-03	2.61e-02	9.35e-02	1.62e-01	1.44e-01	1.43e-01	3.28e-01	9.17e-02	8.46e-03
 8.35233e+22	2.00e-31	1.41e-20	2.62e-17	1.32e-14	1.44e-12	9.11e-11	5.18e-09	4.51e-06	2.64e-04	4.82e-03	2.95e-02	1.02e-01	1.71e-01	1.47e-01	1.40e-01	3.13e-01	8.43e-02	7.51e-03
 8.40971e+22	2.79e-31	1.94e-20	3.47e-17	1.68e-14	1.76e-12	1.06e-10	5.81e-09	5.13e-06	2.99e-04	5.39e-03	3.23e-02	1.09e-01	1.78e-01	1.49e-01	1.38e-01	3.01e-01	7.89e-02	6.83e-03
 8.45913e+22	3.85e-31	2.63e-20	4.55e-17	2.12e-14	2.13e-12	1.23e-10	6.49e-09	5.80e-06	3.37e-04	6.00e-03	3.52e-02	1.16e-01	1.85e-01	1.51e-01	1.36e-01	2.90e-01	7.38e-02	6.22e-03
 8.51499e+22	5.82e-31	3.89e-20	6.44e-17	2.85e-14	2.72e-12	1.49e-10	7.47e-09	6.75e-06	3.91e-04	6.86e-03	3.92e-02	1.25e-01	1.94e-01	1.53e-01	1.33e-01	2.75e-01	6.76e-02	5.50e-03
 8.57103e+22	8.02e-31	5.26e-20	8.43e-17	3.58e-14	3.28e-12	1.72e-10	8.33e-09	7.59e-06	4.38e-04	7.60e-03	4.25e-02	1.33e-01	2.01e-01	1.54e-01	1.31e-01	2.63e-01	6.30e-02	4.98e-03
 8.62729e+22	1.22e-30	7.79e-20	1.19e-16	4.82e-14	4.19e-12	2.08e-10	9.57e-09	8.80e-06	5.05e-04	8.64e-03	4.71e-02	1.43e-01	2.09e-01	1.55e-01	1.27e-01	2.49e-01	5.73e-02	4.37e-03
 8.68408e+22	1.66e-30	1.04e-19	1.55e-16	6.02e-14	5.03e-12	2.40e-10	1.06e-08	9.82e-06	5.61e-04	9.50e-03	5.08e-02	1.50e-01	2.15e-01	1.55e-01	1.24e-01	2.38e-01	5.33e-02	3.96e-03
 8.74155e+22	2.51e-30	1.54e-19	2.19e-16	8.08e-14	6.41e-12	2.89e-10	1.22e-08	1.13e-05	6.43e-04	1.07e-02	5.60e-02	1.60e-01	2.22e-01	1.55e-01	1.20e-01	2.23e-01	4.82e-02	3.45e-03
 8.80008e+22	3.44e-30	2.07e-19	2.85e-16	1.01e-13	7.72e-12	3.35e-10	1.36e-08	1.26e-05	7.13e-04	1.18e-02	6.01e-02	1.68e-01	2.28e-01	1.55e-01	1.17e-01	2.12e-01	4.46e-02	3.11e-03
 8.85999e+22	5.21e-30	3.06e-19	4.04e-16	1.36e-13	9.85e-12	4.04e-10	1.57e-08	1.45e-05	8.12e-04	1.32e-02	6.59e-02	1.78e-01	2.34e-01	1.54e-01	1.12e-01	1.98e-01	4.01e-02	2.69e-03
 8.92142e+22	7.19e-30	4.13e-19	5.27e-16	1.71e-13	1.19e-11	4.69e-10	1.76e-08	1.61e-05	8.98e-04	1.45e-02	7.06e-02	1.86e-01	2.39e-01	1.54e-01	1.09e-01	1.87e-01	3.68e-02	2.41e-03
 8.98480e+22	1.09e-29	6.11e-19	7.47e-16	2.30e-13	1.52e-11	5.68e-10	2.03e-08	1.84e-05	1.02e-03	1.62e-02	7.69e-02	1.97e-01	2.45e-01	1.52e-01	1.04e-01	1.74e-01	3.29e-02	2.07e-03
 9.04949e+22	1.51e-29	8.30e-19	9.81e-16	2.90e-13	1.85e-11	6.62e-10	2.28e-08	2.05e-05	1.12e-03	1.77e-02	8.22e-02	2.05e-01	2.48e-01	1.50e-01	1.00e-01	1.64e-01	3.01e-02	1.84e-03
 9.11587e+22	2.30e-29	1.23e-18	1.39e-15	3.90e-13	2.36e-11	8.03e-10	2.64e-08	2.33e-05	1.27e-03	1.97e-02	8.92e-02	2.15e-01	2.53e-01	1.48e-01	9.53e-02	1.51e-01	2.67e-02	1.57e-03
 9.18273e+22	3.17e-29	1.65e-18	1.81e-15	4.90e-13	2.86e-11	9.34e-10	2.96e-08	2.58e-05	1.39e-03	2.13e-02	9.47e-02	2.22e-01	2.56e-01	1.46e-01	9.16e-02	1.42e-01	2.43e-02	1.39e-03
 9.25020e+22	4.76e-29	2.41e-18	2.54e-15	6.53e-13	3.63e-11	1.13e-09	3.42e-08	2.92e-05	1.56e-03	2.35e-02	1.02e-01	2.32e-01	2.58e-01	1.43e-01	8.69e-02	1.30e-01	2.16e-02	1.19e-03
 9.31943e+22	6.59e-29	3.25e-18	3.32e-15	8.23e-13	4.41e-11	1.32e-09	3.85e-08	3.23e-05	1.71e-03	2.54e-02	1.08e-01	2.39e-01	2.60e-01	1.40e-01	8.31e-02	1.22e-01	1.95e-02	1.04e-03
 9.37931e+22	8.85e-29	4.27e-18	4.24e-15	1.01e-12	5.25e-11	1.51e-09	4.29e-08	3.53e-05	1.85e-03	2.73e-02	1.14e-01	2.46e-01	2.62e-01	1.37e-01	7.97e-02	1.14e-01	1.78e-02	9.26e-04
 9.44553e+22	1.29e-28	6.04e-18	5.78e-15	1.32e-12	6.57e-11	1.81e-09	4.92e-08	3.95e-05	2.04e-03	2.97e-02	1.21e-01	2.54e-01	2.63e-01	1.34e-01	7.54e-02	1.05e-01	1.58e-02	7.94e-04
 9.51270e+22	1.73e-28	7.93e-18	7.37e-15	1.63e-12	7.83e-11	2.08e-09	5.49e-08	4.31e-05	2.21e-03	3.18e-02	1.27e-01	2.60e-01	2.63e-01	1.31e-01	7.21e-02	9.84e-02	1.44e-02	7.03e-04
 9.58110e+22	2.53e-28	1.12e-17	1.01e-14	2.13e-12	9.79e-11	2.49e-09	6.30e-08	4.81e-05	2.44e-03	3.45e-02	1.35e-01	2.67e-01	2.63e-01	1.27e-01	6.79e-02	9.02e-02	1.27e-02	5.99e-04
 9.65053e+22	3.38e-28	1.46e-17	1.27e-14	2.61e-12	1.16e-10	2.86e-09	7.03e-08	5.25e-05	2.62e-03	3.68e-02	1.41e-01	2.73e-01	2.62e-01	1.23e-01	6.48e-02	8.42e-02	1.15e-02	5.29e-04
 9.71136e+22	4.49e-28	1.89e-17	1.61e-14	3.19e-12	1.38e-10	3.28e-09	7.81e-08	5.70e-05	2.82e-03	3.90e-02	1.47e-01	2.78e-01	2.61e-01	1.20e-01	6.18e-02	7.86e-02	1.05e-02	4.68e-04
 9.78047e+22	6.49e-28	2.65e-17	2.17e-14	4.13e-12	1.71e-10	3.91e-09	8.94e-08	6.33e-05	3.09e-03	4.21e-02	1.55e-01	2.84e-01	2.60e-01	1.16e-01	5.81e-02	7.18e-02	9.24e-03	3.98e-04
 9.84934e+22	8.43e-28	3.36e-17	2.69e-14	4.97e-12	2.01e-10	4.44e-09	9.90e-08	6.85e-05	3.30e-03	4.45e-02	1.61e-01	2.88e-01	2.58e-01	1.13e-01	5.54e-02	6.72e-02	8.44e-03	3.54e-04
 9.91788e+22	1.20e-27	4.63e-17	3.59e-14	6.37e-12	2.47e-10	5.26e-09	1.13e-07	7.57e-05	3.60e-03	4.78e-02	1.69e-01	2.94e-01	2.56e-01	1.09e-01	5.20e-02	6.14e-02	7.44e-03	3.02e-04
 9.98776e+22	1.57e-27	5.90e-17	4.45e-14	7.68e-12	2.90e-10	5.99e-09	1.25e-07	8.19e-05	3.84e-03	5.04e-02	1.75e-01	2.97e-01	2.54e-01	1.05e-01	4.95e-02	5.73e-02	6.76e-03	2.67e-04
 1.00594e+23	2.24e-27	8.13e-17	5.94e-14	9.85e-12	3.58e-10	7.11e-09	1.43e-07	9.06e-05	4.18e-03	5.40e-02	1.83e-01	3.02e-01	2.51e-01	1.01e-01	4.63e-02	5.21e-02	5.94e-03	2.27e-04
 1.01324e+23	2.94e-27	1.04e-16	7.40e-14	1.19e-11	4.22e-10	8.13e-09	1.59e-07	9.82e-05	4.47e-03	5.69e-02	1.90e-01	3.05e-01	2.48e-01	9.78e-02	4.39e-02	4.84e-02	5.37e-03	2.00e-04
 1.02071e+23	4.20e-27	1.43e-16	9.89e-14	1.53e-11	5.22e-10	9.67e-09	1.82e-07	1.09e-04	4.86e-03	6.09e-02	1.98e-01	3.09e-01	2.44e-01	9.34e-02	4.08e-02	4.39e-02	4.69e-03	1.68e-04
 1.02833e+23	1.19e-27	1.83e-16	1.23e-13	1.86e-11	6.15e-10	1.11e-08	2.03e-07	1.18e-04	5.19e-03	6.41e-02	2.05e-01	3.11e-01	2.41e-01	9.01e-02	3.86e-02	4.06e-02	4.23e-03	1.48e-04
 1.03612e+23	1.71e-27	2.53e-16	1.65e-13	2.39e-11	7.63e-10	1.32e-08	2.33e-07	1.31e-04	5.65e-03	6.85e-02	2.14e-01	3.14e-01	2.36e-01	8.57e-02	3.58e-02	3.66e-02	3.68e-03	1.24e-04
 1.04374e+23	2.18e-27	3.14e-16	2.01e-13	2.84e-11	8.85e-10	1.49e-08	2.58e-07	1.41e-04	5.99e-03	7.16e-02	2.20e-01	3.16e-01	2.32e-01	8.27e-02	3.40e-02	3.41e-02	3.34e-03	1.10e-04
 1.05112e+23	3.08e-27	4.26e-16	2.64e-13	3.60e-11	1.08e-09	1.76e-08	2.93e-07	1.55e-04	6.47e-03	7.61e-02	2.28e-01	3.18e-01	2.28e-01	7.87e-02	3.16e-02	3.09e-02	2.92e-03	9.27e-05
 1.05862e+23	3.95e-27	5.29e-16	3.22e-13	4.28e-11	1.26e-09	1.99e-08	3.24e-07	1.67e-04	6.86e-03	7.95e-02	2.34e-01	3.19e-01	2.24e-01	7.58e-02	2.99e-02	2.87e-02	2.65e-03	8.20e-05
 1.06627e+23	5.53e-27	7.11e-16	4.20e-13	5.40e-11	1.53e-09	2.35e-08	3.69e-07	1.84e-04	7.41e-03	8.42e-02	2.42e-01	3.20e-01	2.18e-01	7.19e-02	2.77e-02	2.59e-02	2.31e-03	6.92e-05
 1.07414e+23	7.26e-27	9.01e-16	5.21e-13	6.51e-11	1.80e-09	2.68e-08	4.11e-07	1.99e-04	7.88e-03	8.82e-02	2.49e-01	3.20e-01	2.14e-01	6.89e-02	2.61e-02	2.39e-02	2.07e-03	6.04e-05
 1.08230e+23	1.02e-26	1.21e-15	6.80e-13	8.22e-11	2.20e-09	3.17e-08	4.69e-07	2.20e-04	8.51e-03	9.33e-02	2.57e-01	3.20e-01	2.08e-01	6.52e-02	2.41e-02	2.15e-02	1.80e-03	5.08e-05
 1.09073e+23	1.36e-26	1.55e-15	8.54e-13	1.00e-10	2.61e-09	3.65e-08	5.26e-07	2.39e-04	9.08e-03	9.79e-02	2.64e-01	3.20e-01	2.03e-01	6.21e-02	2.25e-02	1.97e-02	1.60e-03	4.38e-05
 1.09952e+23	1.93e-26	2.11e-15	1.13e-12	1.28e-10	3.23e-09	4.35e-08	6.05e-07	2.65e-04	9.84e-03	1.04e-01	2.72e-01	3.19e-01	1.97e-01	5.84e-02	2.07e-02	1.76e-02	1.38e-03	3.64e-05
 1.10855e+23	2.60e-26	2.73e-15	1.42e-12	1.57e-10	3.85e-09	5.04e-08	6.81e-07	2.90e-04	1.05e-02	1.09e-01	2.79e-01	3.18e-01	1.91e-01	5.54e-02	1.92e-02	1.60e-02	1.22e-03	3.12e-05
 1.11787e+23	3.75e-26	3.74e-15	1.89e-12	2.02e-10	4.78e-09	6.03e-08	7.88e-07	3.23e-04	1.14e-02	1.15e-01	2.87e-01	3.17e-01	1.85e-01	5.18e-02	1.76e-02	1.42e-02	1.04e-03	2.57e-05
 1.12749e+23	5.11e-26	4.87e-15	2.41e-12	2.49e-10	5.74e-09	7.03e-08	8.91e-07	3.54e-04	1.22e-02	1.21e-01	2.94e-01	3.15e-01	1.79e-01	4.89e-02	1.62e-02	1.28e-02	9.11e-04	2.18e-05
 1.13749e+23	7.48e-26	6.76e-15	3.24e-12	3.24e-10	7.20e-09	8.49e-08	1.04e-06	3.96e-04	1.33e-02	1.28e-01	3.03e-01	3.12e-01	1.72e-01	4.54e-02	1.47e-02	1.13e-02	7.71e-04	1.77e-05
 1.14783e+23	1.04e-25	8.93e-15	4.18e-12	4.05e-10	8.73e-09	9.98e-08	1.18e-06	4.36e-04	1.43e-02	1.34e-01	3.10e-01	3.09e-01	1.65e-01	4.26e-02	1.35e-02	1.01e-02	6.67e-04	1.48e-05
 1.15717e+23	1.41e-25	1.16e-14	5.31e-12	4.99e-10	1.05e-08	1.16e-07	1.34e-06	4.78e-04	1.53e-02	1.41e-01	3.16e-01	3.06e-01	1.60e-01	4.00e-02	1.24e-02	9.10e-03	5.82e-04	1.25e-05
 1.16788e+23	2.12e-25	1.65e-14	7.31e-12	6.61e-10	1.34e-08	1.42e-07	1.58e-06	5.38e-04	1.67e-02	1.49e-01	3.24e-01	3.02e-01	1.52e-01	3.67e-02	1.11e-02	7.88e-03	4.83e-04	9.96e-06
 1.17868e+23	2.88e-25	2.14e-14	9.27e-12	8.16e-10	1.60e-08	1.66e-07	1.78e-06	5.90e-04	1.78e-02	1.56e-01	3.30e-01	2.98e-01	1.46e-01	3.44e-02	1.02e-02	7.07e-03	4.20e-04	8.39e-06
 1.18960e+23	4.32e-25	3.02e-14	1.27e-11	1.08e-09	2.04e-08	2.02e-07	2.09e-06	6.64e-04	1.94e-02	1.65e-01	3.38e-01	2.92e-01	1.38e-01	3.15e-02	9.13e-03	6.12e-03	3.48e-04	6.66e-06
 1.20075e+23	5.99e-25	3.99e-14	1.63e-11	1.34e-09	2.47e-08	2.38e-07	2.39e-06	7.31e-04	2.08e-02	1.72e-01	3.43e-01	2.88e-01	1.32e-01	2.93e-02	8.31e-03	5.43e-03	2.98e-04	5.51e-06
 1.21220e+23	9.04e-25	5.66e-14	2.25e-11	1.78e-09	3.15e-08	2.92e-07	2.81e-06	8.25e-04	2.27e-02	1.82e-01	3.50e-01	2.81e-01	1.25e-01	2.67e-02	7.37e-03	4.66e-03	2.45e-04	4.34e-06
 1.22389e+23	1.28e-24	7.58e-14	2.93e-11	2.25e-09	3.86e-08	3.46e-07	3.23e-06	9.12e-04	2.44e-02	1.90e-01	3.55e-01	2.75e-01	1.19e-01	2.46e-02	6.65e-03	4.10e-03	2.07e-04	3.54e-06
 1.23429e+23	1.78e-24	1.01e-13	3.80e-11	2.82e-09	4.70e-08	4.08e-07	3.69e-06	1.00e-03	2.61e-02	1.98e-01	3.60e-01	2.70e-01	1.13e-01	2.27e-02	6.02e-03	3.61e-03	1.76e-04	2.90e-06
 1.24621e+23	2.74e-24	1.46e-13	5.31e-11	3.79e-09	6.06e-08	5.04e-07	4.38e-06	1.14e-03	2.85e-02	2.09e-01	3.66e-01	2.62e-01	1.05e-01	2.04e-02	5.27e-03	3.05e-03	1.42e-04	2.22e-06
 1.25753e+23	3.66e-24	1.86e-13	6.63e-11	4.60e-09	7.18e-08	5.82e-07	4.92e-06	1.24e-03	3.02e-02	2.16e-01	3.69e-01	2.56e-01	1.00e-01	1.90e-02	4.82e-03	2.72e-03	1.23e-04	1.87e-06
 1.26807e+23	5.40e-24	2.59e-13	8.95e-11	5.99e-09	9.02e-08	7.04e-07	5.74e-06	1.38e-03	3.26e-02	2.26e-01	3.74e-01	2.48e-01	9.40e-02	1.72e-02	4.26e-03	2.33e-03	1.00e-04	1.46e-06
 1.27865e+23	7.21e-24	3.30e-13	1.12e-10	7.28e-09	1.07e-07	8.12e-07	6.45e-06	1.50e-03	3.45e-02	2.34e-01	3.76e-01	2.42e-01	8.94e-02	1.59e-02	3.88e-03	2.07e-03	8.64e-05	1.22e-06
 1.28926e+23	1.05e-23	4.56e-13	1.50e-10	9.41e-09	1.34e-07	9.79e-07	7.50e-06	1.67e-03	3.72e-02	2.44e-01	3.80e-01	2.34e-01	8.35e-02	1.44e-02	3.43e-03	1.77e-03	7.07e-05	9.55e-07
 1.30012e+23	1.44e-23	5.94e-13	1.90e-10	1.16e-08	1.61e-07	1.14e-06	8.50e-06	1.83e-03	3.95e-02	2.53e-01	3.82e-01	2.27e-01	7.88e-02	1.32e-02	3.09e-03	1.55e-03	5.98e-05	7.80e-07
 1.31129e+23	2.15e-23	8.36e-13	2.60e-10	1.52e-08	2.04e-07	1.39e-06	1.00e-05	2.05e-03	4.27e-02	2.64e-01	3.84e-01	2.18e-01	7.29e-02	1.18e-02	2.69e-03	1.31e-03	4.80e-05	5.97e-07
 1.32252e+23	2.92e-23	1.08e-12	3.29e-10	1.87e-08	2.44e-07	1.63e-06	1.13e-05	2.24e-03	4.53e-02	2.73e-01	3.86e-01	2.11e-01	6.86e-02	1.08e-02	2.42e-03	1.14e-03	4.05e-05	4.86e-07
 1.33383e+23	4.36e-23	1.52e-12	4.48e-10	2.46e-08	3.10e-07	1.99e-06	1.34e-05	2.51e-03	4.89e-02	2.84e-01	3.87e-01	2.02e-01	6.32e-02	9.56e-03	2.10e-03	9.54e-04	3.22e-05	3.68e-07
 1.34536e+23	6.00e-23	2.00e-12	5.72e-10	3.05e-08	3.75e-07	2.34e-06	1.52e-05	2.76e-03	5.20e-02	2.93e-01	3.87e-01	1.94e-01	5.90e-02	8.67e-03	1.87e-03	8.24e-04	2.68e-05	2.94e-07
 1.35716e+23	9.07e-23	2.84e-12	7.86e-10	4.03e-08	4.80e-07	2.88e-06	1.81e-05	3.11e-03	5.63e-02	3.06e-01	3.87e-01	1.84e-01	5.38e-02	7.60e-03	1.60e-03	6.78e-04	2.09e-05	2.18e-07
 1.36918e+23	1.26e-22	3.74e-12	1.01e-09	5.04e-08	5.85e-07	3.41e-06	2.08e-05	3.43e-03	5.99e-02	3.16e-01	3.86e-01	1.76e-01	4.98e-02	6.82e-03	1.41e-03	5.79e-04	1.71e-05	1.71e-07
 1.38148e+23	1.92e-22	5.35e-12	1.40e-09	6.72e-08	7.56e-07	4.25e-06	2.50e-05	3.89e-03	6.50e-02	3.29e-01	3.84e-01	1.66e-01	4.50e-02	5.91e-03	1.20e-03	4.69e-04	1.31e-05	1.24e-07
 1.39396e+23	2.69e-22	7.08e-12	1.81e-09	8.43e-08	9.27e-07	5.05e-06	2.89e-05	4.30e-03	6.93e-02	3.39e-01	3.82e-01	1.58e-01	4.13e-02	5.25e-03	1.05e-03	3.96e-04	1.06e-05	0.00e+00
 1.40624e+23	4.01e-22	9.89e-12	2.45e-09	1.11e-07	1.19e-06	6.25e-06	3.46e-05	4.87e-03	7.50e-02	3.52e-01	3.78e-01	1.48e-01	3.71e-02	4.53e-03	8.84e-04	3.20e-04	8.11e-06	0.00e+00
 1.41797e+23	5.36e-22	1.26e-11	3.06e-09	1.35e-07	1.42e-06	7.31e-06	3.95e-05	5.33e-03	7.93e-02	3.61e-01	3.75e-01	1.40e-01	3.43e-02	4.06e-03	7.80e-04	2.73e-04	6.65e-06	0.00e+00
 1.42941e+23	7.78e-22	1.72e-11	4.07e-09	1.75e-07	1.80e-06	8.96e-06	4.69e-05	6.00e-03	8.54e-02	3.73e-01	3.69e-01	1.31e-01	3.07e-02	3.50e-03	6.59e-04	2.21e-04	5.10e-06	0.00e+00
 1.44107e+23	1.04e-21	2.19e-11	5.09e-09	2.14e-07	2.16e-06	1.05e-05	5.40e-05	6.60e-03	9.06e-02	3.82e-01	3.65e-01	1.24e-01	2.81e-02	3.10e-03	5.75e-04	1.86e-04	4.12e-06	0.00e+00
 1.45241e+23	1.46e-21	2.89e-11	6.59e-09	2.71e-07	2.69e-06	1.28e-05	6.37e-05	7.39e-03	9.71e-02	3.93e-01	3.58e-01	1.15e-01	2.52e-02	2.68e-03	4.88e-04	1.52e-04	3.18e-06	0.00e+00
 1.46399e+23	1.96e-21	3.67e-11	8.24e-09	3.34e-07	3.26e-06	1.51e-05	7.37e-05	8.17e-03	1.03e-01	4.03e-01	3.52e-01	1.08e-01	2.28e-02	2.35e-03	4.21e-04	1.26e-04	2.53e-06	0.00e+00
 1.47528e+23	2.67e-21	4.70e-11	1.04e-08	4.15e-07	4.00e-06	1.81e-05	8.64e-05	9.09e-03	1.10e-01	4.13e-01	3.45e-01	1.00e-01	2.05e-02	2.03e-03	3.59e-04	1.03e-04	1.96e-06	0.00e+00
 1.48679e+23	3.57e-21	5.93e-11	1.30e-08	5.09e-07	4.86e-06	2.16e-05	1.01e-04	1.01e-02	1.17e-01	4.22e-01	3.37e-01	9.32e-02	1.84e-02	1.76e-03	3.07e-04	8.46e-05	1.54e-06	0.00e+00
 1.49823e+23	4.76e-21	7.45e-11	1.61e-08	6.26e-07	5.92e-06	2.57e-05	1.18e-04	1.12e-02	1.24e-01	4.31e-01	3.29e-01	8.63e-02	1.64e-02	1.52e-03	2.60e-04	6.89e-05	1.19e-06	0.00e+00
 1.50972e+23	6.27e-21	9.23e-11	1.99e-08	7.64e-07	7.16e-06	3.05e-05	1.37e-04	1.24e-02	1.32e-01	4.39e-01	3.20e-01	7.98e-02	1.47e-02	1.31e-03	2.21e-04	5.63e-05	9.30e-07	0.00e+00
 1.52108e+23	8.18e-21	1.13e-10	2.43e-08	9.28e-07	8.63e-06	3.61e-05	1.59e-04	1.37e-02	1.40e-01	4.47e-01	3.11e-01	7.37e-02	1.31e-02	1.13e-03	1.88e-04	4.60e-05	7.23e-07	0.00e+00
 1.53243e+23	1.06e-20	1.38e-10	2.95e-08	1.12e-06	1.04e-05	4.27e-05	1.85e-04	1.52e-02	1.48e-01	4.54e-01	3.02e-01	6.79e-02	1.17e-02	9.74e-04	1.60e-04	3.75e-05	5.62e-07	0.00e+00
 1.54381e+23	1.37e-20	1.67e-10	3.57e-08	1.35e-06	1.24e-05	5.04e-05	2.15e-04	1.68e-02	1.57e-01	4.60e-01	2.92e-01	6.25e-02	1.04e-02	8.37e-04	1.35e-04	3.05e-05	4.36e-07	0.00e+00
 1.55525e+23	1.75e-20	2.00e-10	4.29e-08	1.62e-06	1.49e-05	5.93e-05	2.50e-04	1.86e-02	1.66e-01	4.66e-01	2.82e-01	5.73e-02	9.19e-03	7.18e-04	1.14e-04	2.48e-05	3.37e-07	0.00e+00
 1.56676e+23	2.23e-20	2.38e-10	5.14e-08	1.94e-06	1.77e-05	6.98e-05	2.90e-04	2.05e-02	1.75e-01	4.71e-01	2.72e-01	5.25e-02	8.14e-03	6.15e-04	9.65e-05	2.01e-05	2.61e-07	0.00e+00
 1.57840e+23	2.83e-20	2.81e-10	6.14e-08	2.32e-06	2.12e-05	8.20e-05	3.37e-04	2.26e-02	1.85e-01	4.75e-01	2.61e-01	4.80e-02	7.20e-03	5.26e-04	8.13e-05	1.62e-05	2.01e-07	0.00e+00
 1.59019e+23	3.60e-20	3.31e-10	7.31e-08	2.76e-06	2.52e-05	9.63e-05	3.92e-04	2.50e-02	1.95e-01	4.79e-01	2.51e-01	4.37e-02	6.35e-03	4.48e-04	6.83e-05	1.31e-05	1.54e-07	0.00e+00
 1.60203e+23	4.53e-20	3.87e-10	8.66e-08	3.28e-06	2.99e-05	1.13e-04	4.54e-04	2.75e-02	2.05e-01	4.81e-01	2.40e-01	3.98e-02	5.60e-03	3.83e-04	5.74e-05	1.06e-05	1.19e-07	0.00e+00
 1.61407e+23	5.74e-20	4.52e-10	1.03e-07	3.90e-06	3.55e-05	1.32e-04	5.28e-04	3.04e-02	2.15e-01	4.83e-01	2.29e-01	3.61e-02	4.91e-03	3.24e-04	4.80e-05	8.48e-06	0.00e+00	0.00e+00
 1.62627e+23	7.24e-20	5.24e-10	1.21e-07	4.61e-06	4.20e-05	1.55e-04	6.11e-04	3.34e-02	2.26e-01	4.84e-01	2.18e-01	3.27e-02	4.31e-03	2.76e-04	4.01e-05	6.82e-06	0.00e+00	0.00e+00
 1.63872e+23	9.19e-20	6.07e-10	1.44e-07	5.48e-06	5.00e-05	1.81e-04	7.12e-04	3.69e-02	2.38e-01	4.84e-01	2.07e-01	2.95e-02	3.76e-03	2.32e-04	3.33e-05	5.42e-06	0.00e+00	0.00e+00
 1.65030e+23	1.12e-19	6.85e-10	1.65e-07	6.30e-06	5.75e-05	2.06e-04	8.03e-04	3.99e-02	2.47e-01	4.83e-01	1.99e-01	2.71e-02	3.37e-03	2.02e-04	2.86e-05	4.51e-06	0.00e+00	0.00e+00
 1.66224e+23	1.44e-19	7.93e-10	1.96e-07	7.51e-06	6.86e-05	2.43e-04	9.39e-04	4.41e-02	2.59e-01	4.81e-01	1.87e-01	2.42e-02	2.91e-03	1.69e-04	2.35e-05	3.55e-06	0.00e+00	0.00e+00
 1.67441e+23	1.77e-19	8.93e-10	2.25e-07	8.65e-06	7.89e-05	2.76e-04	1.06e-03	4.77e-02	2.69e-01	4.79e-01	1.79e-01	2.21e-02	2.60e-03	1.47e-04	2.01e-05	2.93e-06	0.00e+00	0.00e+00
 1.68688e+23	2.28e-19	1.03e-09	2.68e-07	1.03e-05	9.42e-05	3.26e-04	1.24e-03	5.28e-02	2.81e-01	4.75e-01	1.67e-01	1.96e-02	2.23e-03	1.21e-04	1.63e-05	2.28e-06	0.00e+00	0.00e+00
 1.69938e+23	2.84e-19	1.16e-09	3.08e-07	1.19e-05	1.08e-04	3.68e-04	1.40e-03	5.68e-02	2.91e-01	4.71e-01	1.59e-01	1.80e-02	1.99e-03	1.05e-04	1.40e-05	1.89e-06	0.00e+00	0.00e+00
 1.71191e+23	2.29e-17	1.34e-09	3.67e-07	1.41e-05	1.28e-04	4.32e-04	1.63e-03	6.26e-02	3.03e-01	4.65e-01	1.49e-01	1.59e-02	1.71e-03	8.75e-05	1.14e-05	1.48e-06	0.00e+00	0.00e+00
 1.72454e+23	2.20e-16	1.50e-09	4.21e-07	1.62e-05	1.47e-04	4.88e-04	1.83e-03	6.72e-02	3.13e-01	4.60e-01	1.41e-01	1.45e-02	1.52e-03	7.58e-05	9.76e-06	1.22e-06	0.00e+00	0.00e+00
 1.73728e+23	3.80e-16	1.73e-09	5.02e-07	1.92e-05	1.74e-04	5.70e-04	2.12e-03	7.38e-02	3.25e-01	4.53e-01	1.31e-01	1.28e-02	1.31e-03	6.28e-05	7.95e-06	9.51e-07	0.00e+00	0.00e+00
 1.75014e+23	5.32e-16	1.95e-09	5.78e-07	2.20e-05	1.98e-04	6.42e-04	2.38e-03	7.91e-02	3.34e-01	4.46e-01	1.24e-01	1.16e-02	1.16e-03	5.42e-05	6.77e-06	7.84e-07	0.00e+00	0.00e+00
 1.76316e+23	7.74e-16	2.25e-09	6.90e-07	2.62e-05	2.35e-04	7.48e-04	2.75e-03	8.66e-02	3.46e-01	4.37e-01	1.15e-01	1.03e-02	9.92e-04	4.48e-05	5.49e-06	6.10e-07	0.00e+00	0.00e+00
 1.77635e+23	1.04e-15	2.54e-09	7.97e-07	3.01e-05	2.68e-04	8.42e-04	3.08e-03	9.27e-02	3.55e-01	4.30e-01	1.08e-01	9.28e-03	8.78e-04	3.86e-05	4.66e-06	5.01e-07	0.00e+00	0.00e+00
 1.78975e+23	1.45e-15	2.96e-09	9.58e-07	3.59e-05	3.17e-04	9.80e-04	3.56e-03	1.01e-01	3.66e-01	4.19e-01	9.97e-02	8.13e-03	7.47e-04	3.17e-05	3.77e-06	3.87e-07	0.00e+00	0.00e+00
 1.80340e+23	1.91e-15	3.36e-09	1.11e-06	4.14e-05	3.63e-04	1.10e-03	3.98e-03	1.08e-01	3.75e-01	4.10e-01	9.33e-02	7.32e-03	6.58e-04	2.72e-05	3.18e-06	3.16e-07	0.00e+00	0.00e+00
 1.81737e+23	2.64e-15	3.95e-09	1.35e-06	4.97e-05	4.31e-04	1.29e-03	4.60e-03	1.18e-01	3.85e-01	3.98e-01	8.54e-02	6.37e-03	5.57e-04	2.22e-05	2.55e-06	2.42e-07	0.00e+00	0.00e+00
 1.83164e+23	3.45e-15	4.54e-09	1.58e-06	5.77e-05	4.94e-04	1.45e-03	5.15e-03	1.26e-01	3.93e-01	3.88e-01	7.95e-02	5.70e-03	4.87e-04	1.88e-05	2.13e-06	1.96e-07	0.00e+00	0.00e+00
 1.84633e+23	4.75e-15	5.39e-09	1.94e-06	6.97e-05	5.89e-04	1.69e-03	5.95e-03	1.37e-01	4.03e-01	3.74e-01	7.22e-02	4.92e-03	4.09e-04	1.52e-05	1.69e-06	1.48e-07	0.00e+00	0.00e+00
 1.86133e+23	6.22e-15	6.28e-09	2.30e-06	8.15e-05	6.78e-04	1.91e-03	6.66e-03	1.46e-01	4.10e-01	3.63e-01	6.68e-02	4.37e-03	3.55e-04	1.29e-05	1.41e-06	0.00e+00	0.00e+00	0.00e+00
 1.87395e+23	7.80e-15	7.17e-09	2.67e-06	9.33e-05	7.67e-04	2.13e-03	7.34e-03	1.55e-01	4.15e-01	3.53e-01	6.23e-02	3.94e-03	3.14e-04	1.11e-05	1.19e-06	0.00e+00	0.00e+00	0.00e+00
 1.88755e+23	1.04e-14	8.49e-09	3.23e-06	1.11e-04	8.98e-04	2.43e-03	8.32e-03	1.66e-01	4.22e-01	3.40e-01	5.68e-02	3.43e-03	2.67e-04	9.09e-06	9.65e-07	0.00e+00	0.00e+00	0.00e+00
 1.90083e+23	1.28e-14	9.68e-09	3.73e-06	1.26e-04	1.01e-03	2.68e-03	9.09e-03	1.74e-01	4.26e-01	3.30e-01	5.30e-02	3.10e-03	2.37e-04	7.89e-06	8.27e-07	0.00e+00	0.00e+00	0.00e+00
 1.91369e+23	1.67e-14	1.14e-08	4.46e-06	1.49e-04	1.16e-03	3.04e-03	1.02e-02	1.86e-01	4.31e-01	3.17e-01	4.84e-02	2.72e-03	2.03e-04	6.54e-06	6.74e-07	0.00e+00	0.00e+00	0.00e+00
 1.92668e+23	2.07e-14	1.31e-08	5.17e-06	1.70e-04	1.31e-03	3.35e-03	1.11e-02	1.94e-01	4.34e-01	3.08e-01	4.51e-02	2.46e-03	1.80e-04	5.67e-06	5.77e-07	0.00e+00	0.00e+00	0.00e+00
 1.93983e+23	2.71e-14	1.56e-08	6.23e-06	2.01e-04	1.51e-03	3.79e-03	1.24e-02	2.06e-01	4.38e-01	2.95e-01	4.10e-02	2.14e-03	1.54e-04	4.69e-06	4.70e-07	0.00e+00	0.00e+00	0.00e+00
 1.95317e+23	3.39e-14	1.81e-08	7.26e-06	2.30e-04	1.70e-03	4.17e-03	1.35e-02	2.16e-01	4.40e-01	2.84e-01	3.80e-02	1.93e-03	1.36e-04	4.04e-06	4.00e-07	0.00e+00	0.00e+00	0.00e+00
 1.96675e+23	4.47e-14	2.18e-08	8.81e-06	2.73e-04	1.97e-03	4.72e-03	1.51e-02	2.29e-01	4.42e-01	2.71e-01	3.44e-02	1.68e-03	1.15e-04	3.32e-06	3.23e-07	0.00e+00	0.00e+00	0.00e+00
 1.98053e+23	5.63e-14	2.55e-08	1.03e-05	3.14e-04	2.21e-03	5.20e-03	1.64e-02	2.39e-01	4.43e-01	2.61e-01	3.18e-02	1.50e-03	1.01e-04	2.85e-06	2.74e-07	0.00e+00	0.00e+00	0.00e+00
 1.99456e+23	7.49e-14	3.10e-08	1.26e-05	3.75e-04	2.57e-03	5.88e-03	1.82e-02	2.52e-01	4.43e-01	2.47e-01	2.85e-02	1.30e-03	8.54e-05	2.33e-06	2.19e-07	0.00e+00	0.00e+00	0.00e+00
 2.00883e+23	9.52e-14	3.68e-08	1.49e-05	4.33e-04	2.90e-03	6.48e-03	1.98e-02	2.63e-01	4.43e-01	2.37e-01	2.63e-02	1.16e-03	7.49e-05	1.99e-06	1.85e-07	0.00e+00	0.00e+00	0.00e+00
 2.02338e+23	1.28e-13	4.53e-08	1.83e-05	5.20e-04	3.38e-03	7.34e-03	2.20e-02	2.77e-01	4.41e-01	2.24e-01	2.34e-02	9.92e-04	6.26e-05	1.61e-06	1.47e-07	0.00e+00	0.00e+00	0.00e+00
 2.03826e+23	1.65e-13	5.44e-08	2.18e-05	6.04e-04	3.82e-03	8.10e-03	2.39e-02	2.88e-01	4.39e-01	2.14e-01	2.14e-02	8.80e-04	5.45e-05	1.36e-06	1.23e-07	0.00e+00	0.00e+00	0.00e+00
 2.05355e+23	2.25e-13	6.82e-08	2.72e-05	7.31e-04	4.47e-03	9.20e-03	2.66e-02	3.03e-01	4.36e-01	2.00e-01	1.89e-02	7.47e-04	4.51e-05	1.09e-06	0.00e+00	0.00e+00	0.00e+00	0.00e+00
 2.06924e+23	9.10e-14	8.28e-08	3.26e-05	8.55e-04	5.08e-03	1.02e-02	2.89e-02	3.15e-01	4.33e-01	1.90e-01	1.72e-02	6.57e-04	3.88e-05	9.12e-07	0.00e+00	0.00e+00	0.00e+00	0.00e+00
 2.08545e+23	1.36e-13	1.06e-07	4.11e-05	1.05e-03	5.97e-03	1.16e-02	3.21e-02	3.30e-01	4.27e-01	1.77e-01	1.50e-02	5.53e-04	3.18e-05	7.22e-07	0.00e+00	0.00e+00	0.00e+00	0.00e+00
 2.10189e+23	1.88e-13	1.30e-07	4.97e-05	1.23e-03	6.79e-03	1.28e-02	3.47e-02	3.42e-01	4.22e-01	1.67e-01	1.36e-02	4.83e-04	2.72e-05	6.01e-07	0.00e+00	0.00e+00	0.00e+00	0.00e+00
 2.11861e+23	2.82e-13	1.68e-07	6.30e-05	1.51e-03	7.99e-03	1.45e-02	3.85e-02	3.57e-01	4.14e-01	1.54e-01	1.18e-02	4.04e-04	2.21e-05	4.71e-07	0.00e+00	0.00e+00	0.00e+00	0.00e+00
 2.13551e+23	3.90e-13	2.08e-07	7.63e-05	1.77e-03	9.08e-03	1.60e-02	4.15e-02	3.68e-01	4.08e-01	1.45e-01	1.06e-02	3.52e-04	1.89e-05	3.90e-07	0.00e+00	0.00e+00	0.00e+00	0.00e+00
 2.15267e+23	5.85e-13	2.72e-07	9.72e-05	2.18e-03	1.07e-02	1.82e-02	4.59e-02	3.83e-01	3.98e-01	1.33e-01	9.13e-03	2.92e-04	1.52e-05	3.03e-07	0.00e+00	0.00e+00	0.00e+00	0.00e+00
 2.17009e+23	8.13e-13	3.40e-07	1.18e-04	2.57e-03	1.22e-02	2.01e-02	4.94e-02	3.94e-01	3.90e-01	1.24e-01	8.14e-03	2.53e-04	1.29e-05	2.50e-07	0.00e+00	0.00e+00	0.00e+00	0.00e+00
 2.18540e+23	1.12e-12	4.22e-07	1.43e-04	3.01e-03	1.38e-02	2.20e-02	5.30e-02	4.04e-01	3.81e-01	1.16e-01	7.25e-03	2.19e-04	1.09e-05	2.05e-07	0.00e+00	0.00e+00	0.00e+00	0.00e+00
 2.20284e+23	1.67e-12	5.55e-07	1.82e-04	3.70e-03	1.61e-02	2.49e-02	5.81e-02	4.17e-01	3.69e-01	1.05e-01	6.21e-03	1.80e-04	8.71e-06	1.59e-07	0.00e+00	0.00e+00	0.00e+00	0.00e+00
 2.22045e+23	2.30e-12	6.93e-07	2.21e-04	4.34e-03	1.82e-02	2.72e-02	6.20e-02	4.25e-01	3.59e-01	9.80e-02	5.52e-03	1.56e-04	7.36e-06	1.30e-07	0.00e+00	0.00e+00	0.00e+00	0.00e+00
 2.23500e+23	3.03e-12	8.40e-07	2.61e-04	5.00e-03	2.03e-02	2.95e-02	6.58e-02	4.33e-01	3.50e-01	9.15e-02	4.94e-03	1.36e-04	6.30e-06	0.00e+00	0.00e+00	0.00e+00	0.00e+00	0.00e+00
 2.25066e+23	4.28e-12	1.07e-06	3.22e-04	5.95e-03	2.31e-02	3.25e-02	7.05e-02	4.41e-01	3.38e-01	8.39e-02	4.30e-03	1.15e-04	5.18e-06	0.00e+00	0.00e+00	0.00e+00	0.00e+00	0.00e+00
 2.26658e+23	5.73e-12	1.32e-06	3.83e-04	6.88e-03	2.58e-02	3.52e-02	7.47e-02	4.48e-01	3.27e-01	7.78e-02	3.82e-03	9.98e-05	4.39e-06	0.00e+00	0.00e+00	0.00e+00	0.00e+00	0.00e+00
 2.28064e+23	7.56e-12	1.60e-06	4.53e-04	7.91e-03	2.86e-02	3.80e-02	7.87e-02	4.53e-01	3.17e-01	7.23e-02	3.41e-03	8.69e-05	3.74e-06	0.00e+00	0.00e+00	0.00e+00	0.00e+00	0.00e+00
 2.29673e+23	1.07e-11	2.05e-06	5.59e-04	9.39e-03	3.25e-02	4.17e-02	8.38e-02	4.59e-01	3.04e-01	6.58e-02	2.95e-03	7.30e-05	3.06e-06	0.00e+00	0.00e+00	0.00e+00	0.00e+00	0.00e+00
 2.31348e+23	1.46e-11	2.55e-06	6.72e-04	1.09e-02	3.64e-02	4.52e-02	8.86e-02	4.63e-01	2.92e-01	6.02e-02	2.57e-03	6.21e-05	2.54e-06	0.00e+00	0.00e+00	0.00e+00	0.00e+00	0.00e+00
 2.32848e+23	1.94e-11	3.13e-06	7.97e-04	1.26e-02	4.03e-02	4.86e-02	9.30e-02	4.66e-01	2.81e-01	5.54e-02	2.27e-03	5.36e-05	2.14e-06	0.00e+00	0.00e+00	0.00e+00	0.00e+00	0.00e+00
 2.34535e+23	2.75e-11	4.04e-06	9.85e-04	1.49e-02	4.57e-02	5.30e-02	9.84e-02	4.68e-01	2.67e-01	4.99e-02	1.94e-03	4.45e-05	1.73e-06	0.00e+00	0.00e+00	0.00e+00	0.00e+00	0.00e+00
 2.36298e+23	3.78e-11	5.07e-06	1.19e-03	1.74e-02	5.11e-02	5.73e-02	1.04e-01	4.69e-01	2.53e-01	4.51e-02	1.67e-03	3.74e-05	1.41e-06	0.00e+00	0.00e+00	0.00e+00	0.00e+00	0.00e+00
 2.37885e+23	5.05e-11	6.25e-06	1.41e-03	2.00e-02	5.65e-02	6.14e-02	1.08e-01	4.69e-01	2.41e-01	4.10e-02	1.46e-03	3.18e-05	1.17e-06	0.00e+00	0.00e+00	0.00e+00	0.00e+00	0.00e+00
 2.39675e+23	7.22e-11	8.14e-06	1.76e-03	2.38e-02	6.38e-02	6.67e-02	1.14e-01	4.66e-01	2.26e-01	3.63e-02	1.22e-03	2.60e-05	9.27e-07	0.00e+00	0.00e+00	0.00e+00	0.00e+00	0.00e+00
 2.41528e+23	9.95e-11	1.03e-05	2.12e-03	2.77e-02	7.10e-02	7.16e-02	1.18e-01	4.63e-01	2.13e-01	3.24e-02	1.04e-03	2.15e-05	7.46e-07	0.00e+00	0.00e+00	0.00e+00	0.00e+00	0.00e+00
 2.43180e+23	1.33e-10	1.27e-05	2.52e-03	3.18e-02	7.80e-02	7.62e-02	1.23e-01	4.58e-01	2.00e-01	2.92e-02	8.94e-04	1.81e-05	6.12e-07	0.00e+00	0.00e+00	0.00e+00	0.00e+00	0.00e+00
 2.45048e+23	1.90e-10	1.65e-05	3.12e-03	3.76e-02	8.76e-02	8.21e-02	1.28e-01	4.51e-01	1.85e-01	2.54e-02	7.38e-04	1.45e-05	4.75e-07	0.00e+00	0.00e+00	0.00e+00	0.00e+00	0.00e+00
 2.46991e+23	2.63e-10	2.09e-05	3.76e-03	4.36e-02	9.67e-02	8.74e-02	1.32e-01	4.42e-01	1.72e-01	2.23e-02	6.17e-04	1.18e-05	3.76e-07	0.00e+00	0.00e+00	0.00e+00	0.00e+00	0.00e+00
 2.48740e+23	3.51e-10	2.59e-05	4.46e-03	4.98e-02	1.06e-01	9.23e-02	1.35e-01	4.33e-01	1.59e-01	1.97e-02	5.21e-04	9.78e-06	3.01e-07	0.00e+00	0.00e+00	0.00e+00	0.00e+00	0.00e+00
 2.50721e+23	5.10e-10	3.41e-05	5.53e-03	5.88e-02	1.18e-01	9.85e-02	1.39e-01	4.19e-01	1.44e-01	1.68e-02	4.18e-04	7.62e-06	2.26e-07	0.00e+00	0.00e+00	0.00e+00	0.00e+00	0.00e+00
 2.52764e+23	6.95e-10	4.28e-05	6.62e-03	6.74e-02	1.29e-01	1.04e-01	1.42e-01	4.05e-01	1.32e-01	1.45e-02	3.44e-04	6.13e-06	1.76e-07	0.00e+00	0.00e+00	0.00e+00	0.00e+00	0.00e+00
 2.54605e+23	9.31e-10	5.32e-05	7.84e-03	7.66e-02	1.39e-01	1.08e-01	1.44e-01	3.91e-01	1.20e-01	1.26e-02	2.85e-04	4.95e-06	1.38e-07	0.00e+00	0.00e+00	0.00e+00	0.00e+00	0.00e+00
 2.56713e+23	1.35e-09	7.00e-05	9.68e-03	8.97e-02	1.53e-01	1.14e-01	1.46e-01	3.71e-01	1.06e-01	1.04e-02	2.22e-04	3.74e-06	0.00e+00	0.00e+00	0.00e+00	0.00e+00	0.00e+00	0.00e+00
 2.58851e+23	1.83e-09	8.73e-05	1.15e-02	1.02e-01	1.65e-01	1.18e-01	1.46e-01	3.53e-01	9.52e-02	8.81e-03	1.79e-04	2.94e-06	0.00e+00	0.00e+00	0.00e+00	0.00e+00	0.00e+00	0.00e+00
 2.60741e+23	2.42e-09	1.08e-04	1.34e-02	1.14e-01	1.76e-01	1.22e-01	1.46e-01	3.35e-01	8.54e-02	7.50e-03	1.45e-04	2.34e-06	0.00e+00	0.00e+00	0.00e+00	0.00e+00	0.00e+00	0.00e+00
 2.62912e+23	3.48e-09	1.40e-04	1.64e-02	1.32e-01	1.91e-01	1.26e-01	1.45e-01	3.11e-01	7.35e-02	6.03e-03	1.10e-04	1.72e-06	0.00e+00	0.00e+00	0.00e+00	0.00e+00	0.00e+00	0.00e+00
 2.65112e+23	4.62e-09	1.73e-04	1.91e-02	1.47e-01	2.02e-01	1.28e-01	1.43e-01	2.91e-01	6.47e-02	5.02e-03	8.72e-05	1.33e-06	0.00e+00	0.00e+00	0.00e+00	0.00e+00	0.00e+00	0.00e+00
 2.67349e+23	6.55e-09	2.23e-04	2.31e-02	1.67e-01	2.15e-01	1.30e-01	1.40e-01	2.66e-01	5.48e-02	3.98e-03	6.52e-05	9.65e-07	0.00e+00	0.00e+00	0.00e+00	0.00e+00	0.00e+00	0.00e+00
 2.69633e+23	8.70e-09	2.75e-04	2.68e-02	1.85e-01	2.25e-01	1.31e-01	1.37e-01	2.45e-01	4.74e-02	3.24e-03	5.06e-05	7.30e-07	0.00e+00	0.00e+00	0.00e+00	0.00e+00	0.00e+00	0.00e+00
 2.71665e+23	1.14e-08	3.36e-04	3.09e-02	2.03e-01	2.34e-01	1.31e-01	1.33e-01	2.25e-01	4.08e-02	2.64e-03	3.93e-05	5.53e-07	0.00e+00	0.00e+00	0.00e+00	0.00e+00	0.00e+00	0.00e+00
 2.73995e+23	1.60e-08	4.29e-04	3.67e-02	2.26e-01	2.44e-01	1.31e-01	1.27e-01	2.00e-01	3.35e-02	2.02e-03	2.84e-05	3.87e-07	0.00e+00	0.00e+00	0.00e+00	0.00e+00	0.00e+00	0.00e+00
 2.76364e+23	2.09e-08	5.22e-04	4.21e-02	2.46e-01	2.51e-01	1.29e-01	1.21e-01	1.80e-01	2.83e-02	1.61e-03	2.16e-05	2.87e-07	0.00e+00	0.00e+00	0.00e+00	0.00e+00	0.00e+00	0.00e+00
 2.78785e+23	2.92e-08	6.65e-04	4.96e-02	2.71e-01	2.58e-01	1.27e-01	1.14e-01	1.57e-01	2.27e-02	1.20e-03	1.51e-05	1.94e-07	0.00e+00	0.00e+00	0.00e+00	0.00e+00	0.00e+00	0.00e+00
 2.81153e+23	3.71e-08	7.90e-04	5.57e-02	2.90e-01	2.61e-01	1.24e-01	1.08e-01	1.41e-01	1.92e-02	9.61e-04	1.16e-05	1.45e-07	0.00e+00	0.00e+00	0.00e+00	0.00e+00	0.00e+00	0.00e+00
 2.83450e+23	5.03e-08	9.82e-04	6.43e-02	3.13e-01	2.64e-01	1.20e-01	1.00e-01	1.22e-01	1.53e-02	7.16e-04	8.14e-06	0.00e+00	0.00e+00	0.00e+00	0.00e+00	0.00e+00	0.00e+00	0.00e+00
 2.85670e+23	6.19e-08	1.14e-03	7.09e-02	3.29e-01	2.65e-01	1.16e-01	9.46e-02	1.10e-01	1.30e-02	5.80e-04	6.34e-06	0.00e+00	0.00e+00	0.00e+00	0.00e+00	0.00e+00	0.00e+00	0.00e+00
 2.87791e+23	8.06e-08	1.38e-03	7.99e-02	3.50e-01	2.64e-01	1.11e-01	8.75e-02	9.50e-02	1.05e-02	4.39e-04	4.57e-06	0.00e+00	0.00e+00	0.00e+00	0.00e+00	0.00e+00	0.00e+00	0.00e+00
 2.89913e+23	9.85e-08	1.59e-03	8.75e-02	3.65e-01	2.63e-01	1.07e-01	8.20e-02	8.47e-02	8.81e-03	3.52e-04	3.53e-06	0.00e+00	0.00e+00	0.00e+00	0.00e+00	0.00e+00	0.00e+00	0.00e+00
 2.92037e+23	1.27e-07	1.90e-03	9.77e-02	3.83e-01	2.60e-01	1.02e-01	7.53e-02	7.29e-02	7.05e-03	2.65e-04	2.53e-06	0.00e+00	0.00e+00	0.00e+00	0.00e+00	0.00e+00	0.00e+00	0.00e+00
 2.94216e+23	1.55e-07	2.20e-03	1.07e-01	3.98e-01	2.56e-01	9.75e-02	6.98e-02	6.40e-02	5.82e-03	2.08e-04	1.91e-06	0.00e+00	0.00e+00	0.00e+00	0.00e+00	0.00e+00	0.00e+00	0.00e+00
 2.96171e+23	1.88e-07	2.53e-03	1.16e-01	4.11e-01	2.52e-01	9.29e-02	6.47e-02	5.62e-02	4.82e-03	1.64e-04	1.45e-06	0.00e+00	0.00e+00	0.00e+00	0.00e+00	0.00e+00	0.00e+00	0.00e+00
 2.98414e+23	2.43e-07	3.02e-03	1.29e-01	4.27e-01	2.45e-01	8.70e-02	5.84e-02	4.74e-02	3.76e-03	1.20e-04	1.01e-06	0.00e+00	0.00e+00	0.00e+00	0.00e+00	0.00e+00	0.00e+00	0.00e+00
 3.00681e+23	2.97e-07	3.47e-03	1.40e-01	4.38e-01	2.39e-01	8.21e-02	5.35e-02	4.11e-02	3.06e-03	9.31e-05	7.52e-07	0.00e+00	0.00e+00	0.00e+00	0.00e+00	0.00e+00	0.00e+00	0.00e+00
 3.02673e+23	3.58e-07	3.97e-03	1.51e-01	4.48e-01	2.32e-01	7.76e-02	4.91e-02	3.58e-02	2.51e-03	7.27e-05	5.67e-07	0.00e+00	0.00e+00	0.00e+00	0.00e+00	0.00e+00	0.00e+00	0.00e+00
 3.04600e+23	4.28e-07	4.49e-03	1.62e-01	4.56e-01	2.26e-01	7.33e-02	4.52e-02	3.13e-02	2.07e-03	5.74e-05	4.32e-07	0.00e+00	0.00e+00	0.00e+00	0.00e+00	0.00e+00	0.00e+00	0.00e+00
 3.06382e+23	5.02e-07	5.02e-03	1.72e-01	4.63e-01	2.19e-01	6.95e-02	4.18e-02	2.76e-02	1.73e-03	4.61e-05	3.37e-07	0.00e+00	0.00e+00	0.00e+00	0.00e+00	0.00e+00	0.00e+00	0.00e+00
 3.07899e+23	5.69e-07	5.47e-03	1.81e-01	4.68e-01	2.14e-01	6.65e-02	3.92e-02	2.50e-02	1.50e-03	3.88e-05	2.76e-07	0.00e+00	0.00e+00	0.00e+00	0.00e+00	0.00e+00	0.00e+00	0.00e+00
