#depth	N	N+	N+2	N+3	N+4	N+5	N+6	N+7
 4.62852e+21	0.00e+00	1.92e-26	1.10e-20	6.72e-16	1.42e-11	5.84e-07	1.50e-03	9.99e-01
 1.05610e+22	1.00e-32	1.62e-25	6.64e-20	2.91e-15	4.40e-11	1.22e-06	2.14e-03	9.98e-01
 1.27568e+22	5.36e-32	6.87e-25	2.24e-19	7.86e-15	9.47e-11	2.02e-06	2.73e-03	9.97e-01
 1.43621e+22	2.04e-31	2.17e-24	5.90e-19	1.73e-14	1.75e-10	3.01e-06	3.31e-03	9.97e-01
 1.52539e+22	2.86e-31	2.90e-24	7.52e-19	2.11e-14	2.04e-10	3.33e-06	3.48e-03	9.97e-01
 1.55519e+22	3.57e-31	3.51e-24	8.84e-19	2.41e-14	2.26e-10	3.57e-06	3.60e-03	9.96e-01
 1.57858e+22	4.41e-31	4.22e-24	1.03e-18	2.74e-14	2.49e-10	3.80e-06	3.71e-03	9.96e-01
 1.60487e+22	5.79e-31	5.32e-24	1.25e-18	3.20e-14	2.81e-10	4.13e-06	3.86e-03	9.96e-01
 1.63158e+22	7.27e-31	6.47e-24	1.48e-18	3.67e-14	3.12e-10	4.42e-06	3.99e-03	9.96e-01
 1.65501e+22	9.07e-31	7.82e-24	1.73e-18	4.17e-14	3.45e-10	4.72e-06	4.12e-03	9.96e-01
 1.68167e+22	1.18e-30	9.81e-24	2.09e-18	4.88e-14	3.89e-10	5.12e-06	4.29e-03	9.96e-01
 1.70989e+22	1.52e-30	1.22e-23	2.51e-18	5.66e-14	4.36e-10	5.52e-06	4.45e-03	9.96e-01
 1.73422e+22	1.90e-30	1.48e-23	2.95e-18	6.45e-14	4.82e-10	5.91e-06	4.60e-03	9.95e-01
 1.75621e+22	2.34e-30	1.76e-23	3.42e-18	7.28e-14	5.29e-10	6.29e-06	4.74e-03	9.95e-01
 1.78105e+22	2.98e-30	2.17e-23	4.08e-18	8.40e-14	5.91e-10	6.77e-06	4.92e-03	9.95e-01
 1.80790e+22	3.80e-30	2.67e-23	4.85e-18	9.67e-14	6.58e-10	7.28e-06	5.10e-03	9.95e-01
 1.83244e+22	4.78e-30	3.25e-23	5.71e-18	1.10e-13	7.29e-10	7.80e-06	5.27e-03	9.95e-01
 1.85590e+22	5.98e-30	3.94e-23	6.71e-18	1.26e-13	8.05e-10	8.34e-06	5.45e-03	9.95e-01
 1.88286e+22	7.80e-30	4.95e-23	8.12e-18	1.47e-13	9.09e-10	9.04e-06	5.67e-03	9.94e-01
 1.91009e+22	9.96e-30	6.09e-23	9.65e-18	1.69e-13	1.01e-09	9.72e-06	5.88e-03	9.94e-01
 1.93265e+22	1.23e-29	7.31e-23	1.12e-17	1.91e-13	1.11e-09	1.04e-05	6.07e-03	9.94e-01
 1.95696e+22	1.58e-29	9.01e-23	1.34e-17	2.20e-13	1.24e-09	1.12e-05	6.30e-03	9.94e-01
 1.98312e+22	2.01e-29	1.11e-22	1.59e-17	2.53e-13	1.37e-09	1.20e-05	6.54e-03	9.93e-01
 2.00694e+22	2.51e-29	1.34e-22	1.86e-17	2.87e-13	1.51e-09	1.28e-05	6.75e-03	9.93e-01
 2.03318e+22	3.29e-29	1.68e-22	2.25e-17	3.34e-13	1.70e-09	1.39e-05	7.03e-03	9.93e-01
 2.05941e+22	4.17e-29	2.06e-22	2.66e-17	3.82e-13	1.87e-09	1.49e-05	7.29e-03	9.93e-01
 2.08109e+22	5.13e-29	2.46e-22	3.07e-17	4.30e-13	2.05e-09	1.58e-05	7.52e-03	9.92e-01
 2.10472e+22	6.60e-29	3.04e-22	3.67e-17	4.95e-13	2.27e-09	1.70e-05	7.82e-03	9.92e-01
 2.12973e+22	8.29e-29	3.69e-22	4.30e-17	5.62e-13	2.50e-09	1.82e-05	8.09e-03	9.92e-01
 2.15294e+22	1.04e-28	4.48e-22	5.04e-17	6.38e-13	2.75e-09	1.95e-05	8.38e-03	9.92e-01
 2.17601e+22	1.31e-28	5.44e-22	5.91e-17	7.24e-13	3.02e-09	2.08e-05	8.68e-03	9.91e-01
 2.19822e+22	1.63e-28	6.54e-22	6.88e-17	8.16e-13	3.29e-09	2.22e-05	8.97e-03	9.91e-01
 2.21936e+22	2.01e-28	7.80e-22	7.95e-17	9.15e-13	3.58e-09	2.36e-05	9.26e-03	9.91e-01
 2.24334e+22	2.62e-28	9.75e-22	9.54e-17	1.06e-12	3.98e-09	2.55e-05	9.64e-03	9.90e-01
 2.26793e+22	3.32e-28	1.19e-21	1.12e-16	1.20e-12	4.36e-09	2.72e-05	9.99e-03	9.90e-01
 2.28945e+22	4.15e-28	1.43e-21	1.30e-16	1.35e-12	4.75e-09	2.90e-05	1.03e-02	9.90e-01
 2.31356e+22	5.45e-28	1.80e-21	1.57e-16	1.56e-12	5.28e-09	3.13e-05	1.08e-02	9.89e-01
 2.33747e+22	6.83e-28	2.18e-21	1.83e-16	1.76e-12	5.75e-09	3.34e-05	1.12e-02	9.89e-01
 2.35746e+22	8.39e-28	2.58e-21	2.11e-16	1.96e-12	6.21e-09	3.54e-05	1.15e-02	9.88e-01
 2.37979e+22	1.09e-27	3.21e-21	2.51e-16	2.25e-12	6.85e-09	3.81e-05	1.20e-02	9.88e-01
 2.40288e+22	1.37e-27	3.89e-21	2.93e-16	2.54e-12	7.45e-09	4.06e-05	1.24e-02	9.88e-01
 2.42334e+22	1.71e-27	4.68e-21	3.41e-16	2.85e-12	8.07e-09	4.32e-05	1.28e-02	9.87e-01
 2.44635e+22	2.26e-27	5.90e-21	4.11e-16	3.29e-12	8.92e-09	4.66e-05	1.34e-02	9.87e-01
 2.46903e+22	2.81e-27	7.08e-21	4.76e-16	3.69e-12	9.66e-09	4.95e-05	1.39e-02	9.86e-01
 2.48816e+22	3.46e-27	8.41e-21	5.47e-16	4.10e-12	1.04e-08	5.25e-05	1.43e-02	9.86e-01
 2.50990e+22	4.53e-27	1.05e-20	6.54e-16	4.71e-12	1.14e-08	5.65e-05	1.49e-02	9.85e-01
 2.53201e+22	5.69e-27	1.27e-20	7.62e-16	5.29e-12	1.24e-08	6.02e-05	1.54e-02	9.85e-01
 2.55131e+22	7.07e-27	1.52e-20	8.81e-16	5.91e-12	1.34e-08	6.38e-05	1.60e-02	9.84e-01
 2.57311e+22	9.29e-27	1.91e-20	1.06e-15	6.79e-12	1.47e-08	6.88e-05	1.66e-02	9.83e-01
 2.59483e+22	1.17e-26	2.31e-20	1.23e-15	7.63e-12	1.59e-08	7.32e-05	1.72e-02	9.83e-01
 2.61309e+22	1.44e-26	2.74e-20	1.41e-15	8.47e-12	1.71e-08	7.75e-05	1.78e-02	9.82e-01
 2.63349e+22	1.88e-26	3.42e-20	1.68e-15	9.69e-12	1.87e-08	8.33e-05	1.85e-02	9.81e-01
 2.65435e+22	2.34e-26	4.11e-20	1.95e-15	1.08e-11	2.02e-08	8.85e-05	1.91e-02	9.81e-01
 2.67579e+22	3.09e-26	5.17e-20	2.35e-15	1.25e-11	2.22e-08	9.54e-05	1.99e-02	9.80e-01
 2.69746e+22	3.94e-26	6.32e-20	2.76e-15	1.41e-11	2.41e-08	1.02e-04	2.07e-02	9.79e-01
 2.71599e+22	4.93e-26	7.61e-20	3.20e-15	1.58e-11	2.60e-08	1.08e-04	2.14e-02	9.79e-01
 2.73668e+22	6.54e-26	9.61e-20	3.86e-15	1.82e-11	2.86e-08	1.17e-04	2.23e-02	9.78e-01
 2.75758e+22	8.20e-26	1.16e-19	4.49e-15	2.04e-11	3.10e-08	1.24e-04	2.31e-02	9.77e-01
 2.77877e+22	1.09e-25	1.47e-19	5.43e-15	2.36e-11	3.41e-08	1.34e-04	2.40e-02	9.76e-01
 2.80049e+22	1.40e-25	1.80e-19	6.40e-15	2.68e-11	3.72e-08	1.44e-04	2.49e-02	9.75e-01
 2.81978e+22	1.80e-25	2.22e-19	7.56e-15	3.03e-11	4.04e-08	1.53e-04	2.59e-02	9.74e-01
 2.84171e+22	2.46e-25	2.89e-19	9.33e-15	3.56e-11	4.50e-08	1.67e-04	2.71e-02	9.73e-01
 2.86275e+22	3.08e-25	3.48e-19	1.08e-14	3.99e-11	4.86e-08	1.77e-04	2.80e-02	9.72e-01
 2.88264e+22	4.20e-25	4.50e-19	1.33e-14	4.66e-11	5.38e-08	1.92e-04	2.92e-02	9.71e-01
 2.90224e+22	5.24e-25	5.41e-19	1.54e-14	5.22e-11	5.81e-08	2.04e-04	3.02e-02	9.70e-01
 2.91828e+22	6.46e-25	6.43e-19	1.78e-14	5.80e-11	6.24e-08	2.16e-04	3.11e-02	9.69e-01
 2.93365e+22	7.98e-25	7.67e-19	2.05e-14	6.46e-11	6.70e-08	2.28e-04	3.20e-02	9.68e-01
 2.94786e+22	9.69e-25	9.02e-19	2.33e-14	7.13e-11	7.15e-08	2.40e-04	3.29e-02	9.67e-01
 2.96065e+22	1.14e-24	1.03e-18	2.60e-14	7.75e-11	7.57e-08	2.51e-04	3.36e-02	9.66e-01
 2.97500e+22	1.43e-24	1.25e-18	3.03e-14	8.70e-11	8.17e-08	2.66e-04	3.47e-02	9.65e-01
 2.98983e+22	1.75e-24	1.48e-18	3.47e-14	9.65e-11	8.76e-08	2.80e-04	3.57e-02	9.64e-01
 3.00230e+22	2.09e-24	1.71e-18	3.90e-14	1.06e-10	9.29e-08	2.93e-04	3.66e-02	9.63e-01
 3.01557e+22	2.59e-24	2.05e-18	4.51e-14	1.18e-10	1.00e-07	3.10e-04	3.76e-02	9.62e-01
 3.02927e+22	3.12e-24	2.39e-18	5.12e-14	1.30e-10	1.07e-07	3.26e-04	3.86e-02	9.61e-01
 3.04102e+22	3.73e-24	2.78e-18	5.77e-14	1.42e-10	1.13e-07	3.41e-04	3.95e-02	9.60e-01
 3.05197e+22	4.45e-24	3.21e-18	6.50e-14	1.56e-10	1.20e-07	3.56e-04	4.04e-02	9.59e-01
 3.06438e+22	5.53e-24	3.86e-18	7.53e-14	1.74e-10	1.30e-07	3.77e-04	4.16e-02	9.58e-01
 3.07697e+22	6.59e-24	4.47e-18	8.48e-14	1.91e-10	1.38e-07	3.94e-04	4.26e-02	9.57e-01
 3.08978e+22	8.36e-24	5.45e-18	9.96e-14	2.15e-10	1.49e-07	4.18e-04	4.39e-02	9.56e-01
 3.10254e+22	1.02e-23	6.41e-18	1.14e-13	2.38e-10	1.60e-07	4.39e-04	4.50e-02	9.55e-01
 3.11275e+22	1.20e-23	7.38e-18	1.27e-13	2.60e-10	1.69e-07	4.57e-04	4.59e-02	9.54e-01
 3.12354e+22	1.48e-23	8.78e-18	1.47e-13	2.89e-10	1.82e-07	4.82e-04	4.72e-02	9.52e-01
 3.13466e+22	1.75e-23	1.01e-17	1.65e-13	3.16e-10	1.93e-07	5.03e-04	4.82e-02	9.51e-01
 3.14618e+22	2.24e-23	1.24e-17	1.95e-13	3.59e-10	2.10e-07	5.33e-04	4.96e-02	9.50e-01
 3.15748e+22	2.66e-23	1.44e-17	2.19e-13	3.93e-10	2.23e-07	5.56e-04	5.07e-02	9.49e-01
 3.16850e+22	3.43e-23	1.78e-17	2.61e-13	4.48e-10	2.43e-07	5.91e-04	5.23e-02	9.47e-01
 3.17935e+22	4.09e-23	2.07e-17	2.94e-13	4.91e-10	2.58e-07	6.17e-04	5.34e-02	9.46e-01
 3.19000e+22	5.18e-23	2.52e-17	3.46e-13	5.56e-10	2.81e-07	6.53e-04	5.49e-02	9.44e-01
 3.20103e+22	6.38e-23	3.01e-17	4.00e-13	6.20e-10	3.02e-07	6.86e-04	5.63e-02	9.43e-01
 3.21063e+22	7.66e-23	3.51e-17	4.54e-13	6.83e-10	3.22e-07	7.16e-04	5.75e-02	9.42e-01
 3.22114e+22	1.01e-22	4.42e-17	5.47e-13	7.87e-10	3.54e-07	7.63e-04	5.93e-02	9.40e-01
 3.23152e+22	1.21e-22	5.16e-17	6.21e-13	8.67e-10	3.77e-07	7.96e-04	6.05e-02	9.39e-01
 3.24173e+22	1.58e-22	6.48e-17	7.48e-13	9.99e-10	4.14e-07	8.47e-04	6.24e-02	9.37e-01
 3.25175e+22	1.89e-22	7.54e-17	8.47e-13	1.10e-09	4.42e-07	8.84e-04	6.37e-02	9.35e-01
 3.26153e+22	2.50e-22	9.54e-17	1.03e-12	1.27e-09	4.86e-07	9.41e-04	6.56e-02	9.33e-01
 3.27125e+22	3.01e-22	1.12e-16	1.17e-12	1.40e-09	5.20e-07	9.82e-04	6.70e-02	9.32e-01
 3.28090e+22	3.99e-22	1.42e-16	1.42e-12	1.63e-09	5.74e-07	1.05e-03	6.91e-02	9.30e-01
 3.29063e+22	4.89e-22	1.69e-16	1.64e-12	1.82e-09	6.17e-07	1.10e-03	7.06e-02	9.28e-01
 3.30045e+22	6.57e-22	2.17e-16	2.01e-12	2.12e-09	6.84e-07	1.17e-03	7.29e-02	9.26e-01
 3.31037e+22	8.15e-22	2.60e-16	2.34e-12	2.38e-09	7.39e-07	1.23e-03	7.46e-02	9.24e-01
 3.32041e+22	1.10e-21	3.35e-16	2.88e-12	2.79e-09	8.21e-07	1.31e-03	7.70e-02	9.22e-01
 3.33036e+22	1.37e-21	4.06e-16	3.37e-12	3.15e-09	8.89e-07	1.38e-03	7.89e-02	9.20e-01
 3.34018e+22	1.85e-21	5.25e-16	4.16e-12	3.69e-09	9.89e-07	1.47e-03	8.14e-02	9.17e-01
 3.35017e+22	2.36e-21	6.43e-16	4.92e-12	4.20e-09	1.08e-06	1.56e-03	8.35e-02	9.15e-01
 3.36037e+22	3.24e-21	8.44e-16	6.15e-12	4.97e-09	1.21e-06	1.67e-03	8.63e-02	9.12e-01
 3.37067e+22	4.15e-21	1.04e-15	7.33e-12	5.68e-09	1.32e-06	1.76e-03	8.86e-02	9.10e-01
 3.38110e+22	5.77e-21	1.38e-15	9.24e-12	6.78e-09	1.48e-06	1.90e-03	9.16e-02	9.06e-01
 3.39160e+22	7.42e-21	1.71e-15	1.10e-11	7.76e-09	1.62e-06	2.00e-03	9.41e-02	9.04e-01
 3.40066e+22	9.52e-21	2.12e-15	1.31e-11	8.87e-09	1.78e-06	2.12e-03	9.65e-02	9.01e-01
 3.41095e+22	1.31e-20	2.78e-15	1.65e-11	1.05e-08	1.99e-06	2.27e-03	9.98e-02	8.98e-01
 3.42123e+22	1.67e-20	3.43e-15	1.96e-11	1.20e-08	2.18e-06	2.40e-03	1.02e-01	8.95e-01
 3.43151e+22	2.29e-20	4.49e-15	2.44e-11	1.42e-08	2.44e-06	2.58e-03	1.06e-01	8.92e-01
 3.44197e+22	2.94e-20	5.56e-15	2.91e-11	1.63e-08	2.67e-06	2.72e-03	1.08e-01	8.89e-01
 3.45265e+22	4.03e-20	7.28e-15	3.64e-11	1.93e-08	3.00e-06	2.92e-03	1.12e-01	8.85e-01
 3.46356e+22	5.18e-20	9.03e-15	4.35e-11	2.21e-08	3.28e-06	3.10e-03	1.15e-01	8.82e-01
 3.47475e+22	7.17e-20	1.19e-14	5.48e-11	2.64e-08	3.70e-06	3.33e-03	1.19e-01	8.78e-01
 3.48615e+22	9.17e-20	1.47e-14	6.53e-11	3.02e-08	4.05e-06	3.53e-03	1.22e-01	8.74e-01
 3.49782e+22	1.26e-19	1.94e-14	8.20e-11	3.60e-08	4.57e-06	3.79e-03	1.26e-01	8.70e-01
 3.50969e+22	1.62e-19	2.40e-14	9.78e-11	4.12e-08	5.01e-06	4.02e-03	1.30e-01	8.66e-01
 3.52184e+22	2.23e-19	3.15e-14	1.23e-10	4.91e-08	5.64e-06	4.33e-03	1.34e-01	8.61e-01
 3.53407e+22	2.83e-19	3.87e-14	1.46e-10	5.60e-08	6.18e-06	4.58e-03	1.38e-01	8.58e-01
 3.54638e+22	3.84e-19	5.04e-14	1.81e-10	6.63e-08	6.94e-06	4.92e-03	1.42e-01	8.53e-01
 3.55902e+22	4.89e-19	6.19e-14	2.15e-10	7.57e-08	7.60e-06	5.21e-03	1.46e-01	8.49e-01
 3.57001e+22	6.10e-19	7.50e-14	2.52e-10	8.57e-08	8.28e-06	5.49e-03	1.50e-01	8.45e-01
 3.58224e+22	8.16e-19	9.62e-14	3.11e-10	1.01e-07	9.25e-06	5.89e-03	1.54e-01	8.40e-01
 3.59449e+22	1.00e-18	1.15e-13	3.61e-10	1.13e-07	1.00e-05	6.19e-03	1.58e-01	8.36e-01
 3.60677e+22	1.33e-18	1.46e-13	4.40e-10	1.32e-07	1.12e-05	6.62e-03	1.63e-01	8.31e-01
 3.61934e+22	1.64e-18	1.75e-13	5.13e-10	1.49e-07	1.21e-05	6.97e-03	1.67e-01	8.26e-01
 3.63048e+22	2.02e-18	2.10e-13	5.96e-10	1.67e-07	1.32e-05	7.34e-03	1.70e-01	8.22e-01
 3.64314e+22	2.67e-18	2.66e-13	7.27e-10	1.95e-07	1.47e-05	7.85e-03	1.75e-01	8.17e-01
 3.65573e+22	3.22e-18	3.13e-13	8.33e-10	2.17e-07	1.58e-05	8.22e-03	1.79e-01	8.13e-01
 3.66823e+22	4.19e-18	3.93e-13	1.01e-09	2.51e-07	1.75e-05	8.77e-03	1.84e-01	8.07e-01
 3.68097e+22	5.07e-18	4.63e-13	1.16e-09	2.80e-07	1.89e-05	9.20e-03	1.88e-01	8.03e-01
 3.69403e+22	6.59e-18	5.80e-13	1.40e-09	3.25e-07	2.10e-05	9.82e-03	1.94e-01	7.97e-01
 3.70733e+22	8.01e-18	6.87e-13	1.61e-09	3.63e-07	2.27e-05	1.03e-02	1.98e-01	7.92e-01
 3.72096e+22	1.04e-17	8.61e-13	1.94e-09	4.22e-07	2.52e-05	1.10e-02	2.03e-01	7.86e-01
 3.73483e+22	1.27e-17	1.02e-12	2.24e-09	4.72e-07	2.73e-05	1.16e-02	2.08e-01	7.81e-01
 3.74903e+22	1.65e-17	1.28e-12	2.71e-09	5.48e-07	3.03e-05	1.24e-02	2.14e-01	7.74e-01
 3.76291e+22	1.96e-17	1.48e-12	3.07e-09	6.04e-07	3.25e-05	1.29e-02	2.18e-01	7.69e-01
 3.77636e+22	2.51e-17	1.84e-12	3.68e-09	6.97e-07	3.60e-05	1.37e-02	2.24e-01	7.62e-01
 3.79002e+22	2.99e-17	2.14e-12	4.16e-09	7.69e-07	3.86e-05	1.44e-02	2.28e-01	7.58e-01
 3.80394e+22	3.79e-17	2.63e-12	4.95e-09	8.83e-07	4.25e-05	1.53e-02	2.34e-01	7.51e-01
 3.81829e+22	4.60e-17	3.10e-12	5.69e-09	9.86e-07	4.60e-05	1.60e-02	2.39e-01	7.45e-01
 3.83319e+22	5.83e-17	3.81e-12	6.77e-09	1.13e-06	5.07e-05	1.70e-02	2.45e-01	7.38e-01
 3.84857e+22	7.14e-17	4.53e-12	7.84e-09	1.27e-06	5.51e-05	1.79e-02	2.50e-01	7.32e-01
 3.86457e+22	9.13e-17	5.60e-12	9.37e-09	1.46e-06	6.10e-05	1.91e-02	2.57e-01	7.24e-01
 3.88099e+22	1.12e-16	6.69e-12	1.09e-08	1.65e-06	6.64e-05	2.01e-02	2.62e-01	7.18e-01
 3.89795e+22	1.44e-16	8.33e-12	1.31e-08	1.91e-06	7.37e-05	2.15e-02	2.69e-01	7.09e-01
 3.91545e+22	1.79e-16	1.00e-11	1.53e-08	2.16e-06	8.05e-05	2.27e-02	2.75e-01	7.02e-01
 3.93365e+22	2.32e-16	1.26e-11	1.85e-08	2.51e-06	8.97e-05	2.42e-02	2.83e-01	6.93e-01
 3.95245e+22	2.91e-16	1.52e-11	2.17e-08	2.86e-06	9.84e-05	2.56e-02	2.89e-01	6.85e-01
 3.96946e+22	3.60e-16	1.83e-11	2.54e-08	3.24e-06	1.08e-04	2.71e-02	2.95e-01	6.77e-01
 3.98900e+22	4.73e-16	2.32e-11	3.10e-08	3.79e-06	1.20e-04	2.90e-02	3.03e-01	6.67e-01
 4.00892e+22	5.93e-16	2.82e-11	3.65e-08	4.32e-06	1.32e-04	3.07e-02	3.10e-01	6.59e-01
 4.02933e+22	7.86e-16	3.59e-11	4.48e-08	5.09e-06	1.49e-04	3.30e-02	3.19e-01	6.48e-01
 4.05001e+22	9.89e-16	4.39e-11	5.30e-08	5.82e-06	1.64e-04	3.50e-02	3.26e-01	6.39e-01
 4.07105e+22	1.32e-15	5.64e-11	6.55e-08	6.89e-06	1.85e-04	3.77e-02	3.35e-01	6.27e-01
 4.09231e+22	1.67e-15	6.89e-11	7.75e-08	7.88e-06	2.03e-04	3.99e-02	3.42e-01	6.18e-01
 4.11386e+22	2.26e-15	8.96e-11	9.67e-08	9.40e-06	2.31e-04	4.31e-02	3.51e-01	6.05e-01
 4.13552e+22	2.84e-15	1.09e-10	1.14e-07	1.07e-05	2.54e-04	4.56e-02	3.59e-01	5.95e-01
 4.15351e+22	3.51e-15	1.31e-10	1.33e-07	1.22e-05	2.77e-04	4.81e-02	3.65e-01	5.86e-01
 4.17309e+22	4.63e-15	1.67e-10	1.63e-07	1.43e-05	3.11e-04	5.15e-02	3.74e-01	5.74e-01
 4.19260e+22	5.68e-15	1.99e-10	1.90e-07	1.61e-05	3.39e-04	5.42e-02	3.81e-01	5.65e-01
 4.21203e+22	7.49e-15	2.53e-10	2.32e-07	1.90e-05	3.81e-04	5.81e-02	3.89e-01	5.52e-01
 4.23169e+22	9.25e-15	3.03e-10	2.71e-07	2.15e-05	4.16e-04	6.12e-02	3.96e-01	5.42e-01
 4.25165e+22	1.23e-14	3.88e-10	3.35e-07	2.55e-05	4.69e-04	6.57e-02	4.05e-01	5.29e-01
 4.27185e+22	1.53e-14	4.69e-10	3.93e-07	2.89e-05	5.14e-04	6.93e-02	4.12e-01	5.18e-01
 4.29235e+22	2.03e-14	6.02e-10	4.86e-07	3.44e-05	5.82e-04	7.45e-02	4.21e-01	5.04e-01
 4.31324e+22	2.56e-14	7.35e-10	5.77e-07	3.95e-05	6.42e-04	7.88e-02	4.28e-01	4.93e-01
 4.33465e+22	3.45e-14	9.54e-10	7.21e-07	4.74e-05	7.31e-04	8.50e-02	4.37e-01	4.77e-01
 4.35645e+22	4.37e-14	1.17e-09	8.60e-07	5.47e-05	8.11e-04	9.01e-02	4.44e-01	4.65e-01
 4.37875e+22	5.94e-14	1.53e-09	1.08e-06	6.62e-05	9.30e-04	9.74e-02	4.53e-01	4.48e-01
 4.40131e+22	7.54e-14	1.89e-09	1.30e-06	7.68e-05	1.03e-03	1.03e-01	4.60e-01	4.35e-01
 4.42039e+22	9.36e-14	2.29e-09	1.53e-06	8.81e-05	1.14e-03	1.09e-01	4.66e-01	4.23e-01
 4.44128e+22	1.23e-13	2.92e-09	1.89e-06	1.05e-04	1.30e-03	1.17e-01	4.74e-01	4.08e-01
 4.46223e+22	1.53e-13	3.52e-09	2.23e-06	1.21e-04	1.43e-03	1.24e-01	4.79e-01	3.95e-01
 4.48270e+22	1.97e-13	4.41e-09	2.72e-06	1.43e-04	1.62e-03	1.32e-01	4.86e-01	3.80e-01
 4.50357e+22	2.44e-13	5.33e-09	3.22e-06	1.64e-04	1.79e-03	1.40e-01	4.91e-01	3.67e-01
 4.52412e+22	3.10e-13	6.60e-09	3.89e-06	1.93e-04	2.02e-03	1.49e-01	4.96e-01	3.52e-01
 4.54508e+22	3.83e-13	7.97e-09	4.60e-06	2.24e-04	2.24e-03	1.58e-01	5.00e-01	3.39e-01
 4.56559e+22	4.76e-13	9.70e-09	5.50e-06	2.61e-04	2.51e-03	1.68e-01	5.05e-01	3.25e-01
 4.58590e+22	5.79e-13	1.16e-08	6.44e-06	2.99e-04	2.78e-03	1.77e-01	5.08e-01	3.12e-01
 4.60657e+22	7.15e-13	1.40e-08	7.67e-06	3.50e-04	3.12e-03	1.88e-01	5.11e-01	2.98e-01
 4.62716e+22	8.57e-13	1.65e-08	8.91e-06	3.99e-04	3.44e-03	1.97e-01	5.13e-01	2.86e-01
 4.64776e+22	1.04e-12	1.98e-08	1.05e-05	4.62e-04	3.84e-03	2.09e-01	5.15e-01	2.73e-01
 4.66888e+22	1.25e-12	2.33e-08	1.22e-05	5.30e-04	4.25e-03	2.20e-01	5.16e-01	2.60e-01
 4.68946e+22	1.48e-12	2.73e-08	1.42e-05	6.07e-04	4.70e-03	2.31e-01	5.16e-01	2.48e-01
 4.71018e+22	1.75e-12	3.19e-08	1.65e-05	6.93e-04	5.20e-03	2.42e-01	5.16e-01	2.36e-01
 4.73113e+22	2.06e-12	3.72e-08	1.90e-05	7.92e-04	5.74e-03	2.54e-01	5.15e-01	2.24e-01
 4.75221e+22	2.41e-12	4.31e-08	2.19e-05	9.01e-04	6.33e-03	2.67e-01	5.13e-01	2.13e-01
 4.77362e+22	2.82e-12	4.99e-08	2.52e-05	1.03e-03	6.99e-03	2.79e-01	5.11e-01	2.02e-01
 4.79523e+22	3.27e-12	5.74e-08	2.89e-05	1.16e-03	7.70e-03	2.92e-01	5.08e-01	1.91e-01
 4.81728e+22	3.80e-12	6.62e-08	3.32e-05	1.32e-03	8.50e-03	3.06e-01	5.05e-01	1.80e-01
 4.83970e+22	4.43e-12	7.58e-08	3.78e-05	1.50e-03	9.34e-03	3.19e-01	5.01e-01	1.70e-01
 4.86021e+22	4.97e-12	8.48e-08	4.22e-05	1.66e-03	1.01e-02	3.30e-01	4.97e-01	1.62e-01
 4.88164e+22	5.73e-12	9.73e-08	4.84e-05	1.89e-03	1.12e-02	3.45e-01	4.91e-01	1.51e-01
 4.90340e+22	6.42e-12	1.08e-07	5.39e-05	2.09e-03	1.21e-02	3.56e-01	4.86e-01	1.44e-01
 4.92577e+22	7.39e-12	1.24e-07	6.17e-05	2.37e-03	1.33e-02	3.71e-01	4.79e-01	1.34e-01
 4.94823e+22	8.22e-12	1.38e-07	6.85e-05	2.61e-03	1.43e-02	3.83e-01	4.73e-01	1.27e-01
 4.97083e+22	9.37e-12	1.57e-07	7.81e-05	2.96e-03	1.58e-02	3.98e-01	4.65e-01	1.18e-01
 4.99349e+22	1.04e-11	1.74e-07	8.63e-05	3.24e-03	1.70e-02	4.09e-01	4.59e-01	1.12e-01
 5.01623e+22	1.18e-11	1.97e-07	9.79e-05	3.65e-03	1.86e-02	4.24e-01	4.50e-01	1.04e-01
 5.03920e+22	1.30e-11	2.17e-07	1.08e-04	4.00e-03	1.99e-02	4.36e-01	4.43e-01	9.78e-02
 5.06248e+22	1.47e-11	2.46e-07	1.22e-04	4.49e-03	2.18e-02	4.50e-01	4.33e-01	9.04e-02
 5.08605e+22	1.63e-11	2.71e-07	1.35e-04	4.91e-03	2.34e-02	4.62e-01	4.25e-01	8.51e-02
 5.11000e+22	1.84e-11	3.06e-07	1.53e-04	5.50e-03	2.56e-02	4.76e-01	4.14e-01	7.84e-02
 5.13438e+22	2.03e-11	3.38e-07	1.69e-04	6.01e-03	2.74e-02	4.87e-01	4.06e-01	7.35e-02
 5.15932e+22	2.29e-11	3.82e-07	1.92e-04	6.73e-03	2.99e-02	5.02e-01	3.94e-01	6.75e-02
 5.18481e+22	2.54e-11	4.23e-07	2.12e-04	7.36e-03	3.20e-02	5.13e-01	3.85e-01	6.30e-02
 5.21101e+22	2.87e-11	4.80e-07	2.41e-04	8.25e-03	3.50e-02	5.27e-01	3.72e-01	5.74e-02
 5.23777e+22	3.20e-11	5.34e-07	2.68e-04	9.03e-03	3.74e-02	5.38e-01	3.62e-01	5.34e-02
 5.26035e+22	3.51e-11	5.85e-07	2.94e-04	9.77e-03	3.97e-02	5.47e-01	3.53e-01	4.99e-02
 5.28483e+22	3.93e-11	6.57e-07	3.30e-04	1.08e-02	4.29e-02	5.59e-01	3.42e-01	4.57e-02
 5.30862e+22	4.29e-11	7.15e-07	3.60e-04	1.16e-02	4.53e-02	5.66e-01	3.33e-01	4.29e-02
 5.33151e+22	4.75e-11	7.94e-07	4.01e-04	1.27e-02	4.86e-02	5.77e-01	3.22e-01	3.94e-02
 5.35462e+22	5.22e-11	8.69e-07	4.37e-04	1.36e-02	5.11e-02	5.84e-01	3.14e-01	3.70e-02
 5.37803e+22	5.80e-11	9.68e-07	4.87e-04	1.49e-02	5.47e-02	5.93e-01	3.03e-01	3.39e-02
 5.40176e+22	6.38e-11	1.06e-06	5.33e-04	1.60e-02	5.76e-02	6.00e-01	2.94e-01	3.17e-02
 5.42593e+22	7.12e-11	1.19e-06	5.96e-04	1.75e-02	6.16e-02	6.08e-01	2.83e-01	2.89e-02
 5.45044e+22	7.88e-11	1.30e-06	6.53e-04	1.88e-02	6.48e-02	6.14e-01	2.75e-01	2.70e-02
 5.47540e+22	8.82e-11	1.46e-06	7.32e-04	2.06e-02	6.93e-02	6.22e-01	2.63e-01	2.45e-02
 5.50076e+22	9.80e-11	1.62e-06	8.05e-04	2.21e-02	7.29e-02	6.27e-01	2.55e-01	2.27e-02
 5.52667e+22	1.11e-10	1.82e-06	9.06e-04	2.42e-02	7.79e-02	6.33e-01	2.43e-01	2.06e-02
 5.55318e+22	1.24e-10	2.02e-06	1.00e-03	2.60e-02	8.19e-02	6.37e-01	2.35e-01	1.90e-02
 5.58049e+22	1.40e-10	2.30e-06	1.13e-03	2.85e-02	8.75e-02	6.43e-01	2.23e-01	1.71e-02
 5.60845e+22	1.58e-10	2.56e-06	1.26e-03	3.07e-02	9.21e-02	6.46e-01	2.14e-01	1.57e-02
 5.63725e+22	1.82e-10	2.94e-06	1.43e-03	3.38e-02	9.84e-02	6.49e-01	2.03e-01	1.40e-02
 5.66641e+22	2.06e-10	3.30e-06	1.59e-03	3.64e-02	1.03e-01	6.51e-01	1.94e-01	1.28e-02
 5.69604e+22	2.38e-10	3.80e-06	1.82e-03	4.00e-02	1.10e-01	6.53e-01	1.83e-01	1.13e-02
 5.72600e+22	2.71e-10	4.28e-06	2.03e-03	4.31e-02	1.16e-01	6.54e-01	1.75e-01	1.03e-02
 5.75640e+22	3.16e-10	4.95e-06	2.33e-03	4.74e-02	1.23e-01	6.54e-01	1.64e-01	9.11e-03
 5.78726e+22	3.62e-10	5.60e-06	2.60e-03	5.10e-02	1.29e-01	6.53e-01	1.56e-01	8.26e-03
 5.81444e+22	4.10e-10	6.29e-06	2.89e-03	5.48e-02	1.35e-01	6.51e-01	1.48e-01	7.48e-03
 5.84549e+22	4.85e-10	7.34e-06	3.32e-03	6.01e-02	1.43e-01	6.48e-01	1.39e-01	6.57e-03
 5.87709e+22	5.53e-10	8.29e-06	3.72e-03	6.47e-02	1.50e-01	6.44e-01	1.31e-01	5.90e-03
 5.90274e+22	6.24e-10	9.24e-06	4.09e-03	6.88e-02	1.56e-01	6.41e-01	1.25e-01	5.39e-03
 5.92939e+22	7.22e-10	1.05e-05	4.59e-03	7.41e-02	1.63e-01	6.36e-01	1.18e-01	4.83e-03
 5.95738e+22	8.20e-10	1.18e-05	5.08e-03	7.90e-02	1.69e-01	6.31e-01	1.12e-01	4.38e-03
 5.98304e+22	9.30e-10	1.32e-05	5.60e-03	8.40e-02	1.75e-01	6.26e-01	1.06e-01	3.97e-03
 6.01235e+22	1.09e-09	1.53e-05	6.35e-03	9.08e-02	1.83e-01	6.18e-01	9.87e-02	3.50e-03
 6.04240e+22	1.26e-09	1.73e-05	7.07e-03	9.71e-02	1.90e-01	6.10e-01	9.28e-02	3.13e-03
 6.06889e+22	1.43e-09	1.94e-05	7.81e-03	1.03e-01	1.96e-01	6.03e-01	8.75e-02	2.82e-03
 6.09883e+22	1.70e-09	2.25e-05	8.85e-03	1.11e-01	2.04e-01	5.92e-01	8.12e-02	2.47e-03
 6.13000e+22	1.97e-09	2.56e-05	9.88e-03	1.19e-01	2.11e-01	5.82e-01	7.57e-02	2.19e-03
 6.15804e+22	2.26e-09	2.90e-05	1.09e-02	1.26e-01	2.18e-01	5.72e-01	7.09e-02	1.96e-03
 6.18976e+22	2.71e-09	3.39e-05	1.25e-02	1.36e-01	2.26e-01	5.59e-01	6.51e-02	1.69e-03
 6.22249e+22	3.17e-09	3.88e-05	1.39e-02	1.45e-01	2.33e-01	5.46e-01	6.03e-02	1.49e-03
 6.25166e+22	3.67e-09	4.41e-05	1.55e-02	1.54e-01	2.39e-01	5.34e-01	5.60e-02	1.31e-03
 6.28472e+22	4.44e-09	5.18e-05	1.76e-02	1.66e-01	2.47e-01	5.18e-01	5.10e-02	1.12e-03
 6.31901e+22	5.25e-09	5.97e-05	1.97e-02	1.77e-01	2.53e-01	5.02e-01	4.67e-02	9.72e-04
 6.34982e+22	6.15e-09	6.82e-05	2.20e-02	1.87e-01	2.59e-01	4.88e-01	4.30e-02	8.49e-04
 6.38480e+22	7.54e-09	8.09e-05	2.51e-02	2.01e-01	2.66e-01	4.68e-01	3.85e-02	7.11e-04
 6.42077e+22	8.96e-09	9.34e-05	2.81e-02	2.13e-01	2.71e-01	4.51e-01	3.50e-02	6.10e-04
 6.45311e+22	1.06e-08	1.07e-04	3.13e-02	2.26e-01	2.76e-01	4.34e-01	3.18e-02	5.24e-04
 6.49027e+22	1.32e-08	1.29e-04	3.59e-02	2.42e-01	2.81e-01	4.12e-01	2.81e-02	4.30e-04
 6.52784e+22	1.57e-08	1.49e-04	4.00e-02	2.55e-01	2.85e-01	3.94e-01	2.52e-02	3.63e-04
 6.56595e+22	1.97e-08	1.78e-04	4.58e-02	2.72e-01	2.89e-01	3.71e-01	2.20e-02	2.95e-04
 6.60451e+22	2.37e-08	2.07e-04	5.10e-02	2.86e-01	2.91e-01	3.52e-01	1.96e-02	2.47e-04
 6.64366e+22	2.99e-08	2.49e-04	5.83e-02	3.04e-01	2.92e-01	3.28e-01	1.69e-02	1.97e-04
 6.68319e+22	3.59e-08	2.88e-04	6.46e-02	3.18e-01	2.93e-01	3.09e-01	1.49e-02	1.64e-04
 6.72320e+22	4.56e-08	3.47e-04	7.37e-02	3.36e-01	2.92e-01	2.85e-01	1.27e-02	1.28e-04
 6.76361e+22	5.51e-08	4.02e-04	8.14e-02	3.50e-01	2.90e-01	2.67e-01	1.11e-02	1.06e-04
 6.80456e+22	7.02e-08	4.85e-04	9.24e-02	3.68e-01	2.87e-01	2.43e-01	9.33e-03	8.16e-05
 6.84605e+22	8.53e-08	5.63e-04	1.02e-01	3.81e-01	2.83e-01	2.26e-01	8.08e-03	6.62e-05
 6.88824e+22	1.10e-07	6.81e-04	1.15e-01	3.97e-01	2.77e-01	2.03e-01	6.68e-03	5.02e-05
 6.92971e+22	1.32e-07	7.82e-04	1.26e-01	4.09e-01	2.71e-01	1.88e-01	5.77e-03	4.07e-05
 6.96444e+22	1.58e-07	8.93e-04	1.36e-01	4.19e-01	2.65e-01	1.73e-01	5.01e-03	3.33e-05
 6.99792e+22	1.87e-07	1.01e-03	1.48e-01	4.28e-01	2.59e-01	1.60e-01	4.34e-03	2.72e-05
 7.03558e+22	2.32e-07	1.19e-03	1.62e-01	4.38e-01	2.50e-01	1.44e-01	3.62e-03	2.10e-05
 7.07313e+22	2.76e-07	1.35e-03	1.75e-01	4.45e-01	2.43e-01	1.32e-01	3.12e-03	1.70e-05
 7.11056e+22	3.42e-07	1.57e-03	1.91e-01	4.53e-01	2.33e-01	1.18e-01	2.58e-03	1.30e-05
 7.14868e+22	4.08e-07	1.79e-03	2.05e-01	4.59e-01	2.25e-01	1.08e-01	2.19e-03	1.04e-05
 7.18770e+22	5.09e-07	2.09e-03	2.23e-01	4.64e-01	2.14e-01	9.51e-02	1.79e-03	7.82e-06
 7.22712e+22	6.07e-07	2.37e-03	2.38e-01	4.67e-01	2.05e-01	8.59e-02	1.51e-03	6.19e-06
 7.26704e+22	7.63e-07	2.78e-03	2.59e-01	4.69e-01	1.93e-01	7.49e-02	1.20e-03	4.54e-06
 7.30688e+22	9.06e-07	3.13e-03	2.75e-01	4.70e-01	1.84e-01	6.73e-02	1.01e-03	3.58e-06
 7.33884e+22	1.05e-06	3.47e-03	2.90e-01	4.69e-01	1.76e-01	6.13e-02	8.70e-04	2.91e-06
 7.37259e+22	1.26e-06	3.93e-03	3.07e-01	4.67e-01	1.66e-01	5.45e-02	7.19e-04	2.24e-06
 7.40683e+22	1.46e-06	4.35e-03	3.23e-01	4.65e-01	1.58e-01	4.93e-02	6.12e-04	1.80e-06
 7.43694e+22	1.69e-06	4.80e-03	3.37e-01	4.62e-01	1.50e-01	4.46e-02	5.23e-04	1.45e-06
 7.47134e+22	2.03e-06	5.43e-03	3.56e-01	4.58e-01	1.41e-01	3.93e-02	4.27e-04	1.11e-06
 7.50615e+22	2.36e-06	6.00e-03	3.72e-01	4.53e-01	1.33e-01	3.53e-02	3.60e-04	8.79e-07
 7.53663e+22	2.72e-06	6.61e-03	3.88e-01	4.48e-01	1.26e-01	3.17e-02	3.05e-04	7.02e-07
 7.57140e+22	3.27e-06	7.46e-03	4.08e-01	4.40e-01	1.17e-01	2.76e-02	2.46e-04	5.24e-07
 7.60645e+22	3.77e-06	8.20e-03	4.23e-01	4.33e-01	1.10e-01	2.48e-02	2.07e-04	4.17e-07
 7.64185e+22	4.51e-06	9.23e-03	4.43e-01	4.24e-01	1.02e-01	2.15e-02	1.66e-04	3.10e-07
 7.67781e+22	5.25e-06	1.02e-02	4.60e-01	4.16e-01	9.50e-02	1.91e-02	1.38e-04	2.41e-07
 7.70944e+22	6.05e-06	1.12e-02	4.76e-01	4.07e-01	8.89e-02	1.70e-02	1.15e-04	1.89e-07
 7.74553e+22	7.22e-06	1.25e-02	4.95e-01	3.96e-01	8.15e-02	1.46e-02	9.11e-05	1.39e-07
 7.78241e+22	8.39e-06	1.38e-02	5.12e-01	3.86e-01	7.56e-02	1.28e-02	7.47e-05	0.00e+00
 7.81531e+22	9.69e-06	1.51e-02	5.27e-01	3.76e-01	7.02e-02	1.13e-02	6.16e-05	0.00e+00
 7.85311e+22	1.16e-05	1.70e-02	5.47e-01	3.63e-01	6.37e-02	9.61e-03	4.79e-05	0.00e+00
 7.89149e+22	1.35e-05	1.87e-02	5.63e-01	3.51e-01	5.87e-02	8.38e-03	3.88e-05	0.00e+00
 7.93060e+22	1.62e-05	2.10e-02	5.82e-01	3.37e-01	5.30e-02	7.08e-03	2.99e-05	0.00e+00
 7.97071e+22	1.91e-05	2.32e-02	5.98e-01	3.24e-01	4.82e-02	6.08e-03	2.37e-05	0.00e+00
 8.00614e+22	2.21e-05	2.55e-02	6.13e-01	3.12e-01	4.42e-02	5.27e-03	1.91e-05	0.00e+00
 8.04619e+22	2.66e-05	2.86e-02	6.30e-01	2.97e-01	3.95e-02	4.40e-03	1.45e-05	0.00e+00
 8.08754e+22	3.11e-05	3.15e-02	6.44e-01	2.84e-01	3.57e-02	3.75e-03	1.14e-05	0.00e+00
 8.13059e+22	3.79e-05	3.56e-02	6.61e-01	2.68e-01	3.15e-02	3.07e-03	8.38e-06	0.00e+00
 8.16802e+22	4.27e-05	3.83e-02	6.71e-01	2.59e-01	2.91e-02	2.72e-03	6.96e-06	0.00e+00
 8.19404e+22	4.72e-05	4.07e-02	6.79e-01	2.51e-01	2.72e-02	2.45e-03	5.93e-06	0.00e+00
 8.22377e+22	5.40e-05	4.42e-02	6.89e-01	2.40e-01	2.49e-02	2.12e-03	4.78e-06	0.00e+00
 8.25478e+22	6.06e-05	4.74e-02	6.97e-01	2.31e-01	2.30e-02	1.88e-03	3.97e-06	0.00e+00
 8.28747e+22	6.98e-05	5.18e-02	7.06e-01	2.19e-01	2.08e-02	1.61e-03	3.14e-06	0.00e+00
 8.32066e+22	7.89e-05	5.58e-02	7.14e-01	2.10e-01	1.91e-02	1.41e-03	2.56e-06	0.00e+00
 8.34954e+22	8.87e-05	5.98e-02	7.20e-01	2.01e-01	1.76e-02	1.24e-03	2.11e-06	0.00e+00
 8.38216e+22	1.03e-04	6.54e-02	7.28e-01	1.90e-01	1.58e-02	1.05e-03	1.65e-06	0.00e+00
 8.41539e+22	1.15e-04	7.01e-02	7.33e-01	1.81e-01	1.45e-02	9.21e-04	1.35e-06	0.00e+00
 8.44945e+22	1.33e-04	7.65e-02	7.39e-01	1.71e-01	1.30e-02	7.78e-04	1.05e-06	0.00e+00
 8.48448e+22	1.51e-04	8.25e-02	7.43e-01	1.62e-01	1.18e-02	6.72e-04	8.37e-07	0.00e+00
 8.51583e+22	1.71e-04	8.87e-02	7.46e-01	1.53e-01	1.07e-02	5.81e-04	6.73e-07	0.00e+00
 8.55161e+22	2.00e-04	9.74e-02	7.49e-01	1.43e-01	9.46e-03	4.82e-04	5.08e-07	0.00e+00
 8.58801e+22	2.26e-04	1.05e-01	7.51e-01	1.35e-01	8.56e-03	4.15e-04	4.05e-07	0.00e+00
 8.62519e+22	2.64e-04	1.15e-01	7.52e-01	1.25e-01	7.54e-03	3.42e-04	3.03e-07	0.00e+00
 8.66372e+22	3.02e-04	1.24e-01	7.51e-01	1.17e-01	6.73e-03	2.89e-04	2.35e-07	0.00e+00
 8.69855e+22	3.45e-04	1.34e-01	7.50e-01	1.09e-01	6.02e-03	2.44e-04	1.83e-07	0.00e+00
 8.73839e+22	4.08e-04	1.48e-01	7.46e-01	9.99e-02	5.21e-03	1.96e-04	1.32e-07	0.00e+00
 8.77858e+22	4.65e-04	1.59e-01	7.43e-01	9.29e-02	4.64e-03	1.65e-04	0.00e+00	0.00e+00
 8.81923e+22	5.50e-04	1.75e-01	7.36e-01	8.44e-02	3.99e-03	1.32e-04	0.00e+00	0.00e+00
 8.86069e+22	6.30e-04	1.89e-01	7.29e-01	7.78e-02	3.53e-03	1.09e-04	0.00e+00	0.00e+00
 8.90319e+22	7.48e-04	2.09e-01	7.18e-01	6.98e-02	3.00e-03	8.58e-05	0.00e+00	0.00e+00
 8.94632e+22	8.60e-04	2.25e-01	7.07e-01	6.38e-02	2.63e-03	7.03e-05	0.00e+00	0.00e+00
 8.99026e+22	1.02e-03	2.48e-01	6.92e-01	5.66e-02	2.21e-03	5.43e-05	0.00e+00	0.00e+00
 9.03501e+22	1.18e-03	2.68e-01	6.78e-01	5.11e-02	1.92e-03	4.38e-05	0.00e+00	0.00e+00
 9.08079e+22	1.42e-03	2.95e-01	6.57e-01	4.46e-02	1.59e-03	3.31e-05	0.00e+00	0.00e+00
 9.12757e+22	1.65e-03	3.20e-01	6.38e-01	3.97e-02	1.36e-03	2.62e-05	0.00e+00	0.00e+00
 9.17565e+22	1.99e-03	3.53e-01	6.10e-01	3.39e-02	1.11e-03	1.92e-05	0.00e+00	0.00e+00
 9.22446e+22	2.33e-03	3.81e-01	5.86e-01	2.97e-02	9.36e-04	1.49e-05	0.00e+00	0.00e+00
 9.25157e+22	2.48e-03	3.94e-01	5.74e-01	2.84e-02	8.85e-04	1.37e-05	0.00e+00	0.00e+00
