#depth	O	O+	O+2	O+3	O+4	O+5	O+6	O+7	O+8	O[1]	O[2]	O[3]
 4.62852e+21	0.00e+00	1.61e-29	1.22e-23	7.55e-19	1.28e-14	9.77e-11	2.24e-06	3.09e-03	9.97e-01	0.00e+00	0.00e+00	0.00e+00
 1.05610e+22	0.00e+00	1.86e-28	1.00e-22	4.46e-18	5.40e-14	2.94e-10	4.60e-06	4.41e-03	9.96e-01	0.00e+00	0.00e+00	0.00e+00
 1.27568e+22	0.00e+00	9.78e-28	4.20e-22	1.49e-17	1.43e-13	6.21e-10	7.53e-06	5.62e-03	9.94e-01	0.00e+00	0.00e+00	0.00e+00
 1.43621e+22	0.00e+00	3.68e-27	1.32e-21	3.89e-17	3.13e-13	1.13e-09	1.12e-05	6.82e-03	9.93e-01	0.00e+00	0.00e+00	0.00e+00
 1.52539e+22	5.08e-34	5.14e-27	1.75e-21	4.95e-17	3.81e-13	1.31e-09	1.23e-05	7.16e-03	9.93e-01	0.00e+00	0.00e+00	0.00e+00
 1.55519e+22	6.54e-34	6.42e-27	2.12e-21	5.81e-17	4.35e-13	1.45e-09	1.32e-05	7.40e-03	9.93e-01	0.00e+00	0.00e+00	0.00e+00
 1.57858e+22	8.31e-34	7.91e-27	2.54e-21	6.77e-17	4.92e-13	1.60e-09	1.40e-05	7.63e-03	9.92e-01	0.00e+00	0.00e+00	0.00e+00
 1.60487e+22	1.13e-33	1.04e-26	3.20e-21	8.22e-17	5.76e-13	1.80e-09	1.52e-05	7.94e-03	9.92e-01	0.00e+00	0.00e+00	0.00e+00
 1.63158e+22	1.46e-33	1.30e-26	3.89e-21	9.69e-17	6.58e-13	1.99e-09	1.63e-05	8.21e-03	9.92e-01	0.00e+00	0.00e+00	0.00e+00
 1.65501e+22	1.88e-33	1.62e-26	4.70e-21	1.14e-16	7.49e-13	2.20e-09	1.74e-05	8.48e-03	9.92e-01	0.00e+00	0.00e+00	0.00e+00
 1.68167e+22	2.53e-33	2.10e-26	5.88e-21	1.37e-16	8.74e-13	2.48e-09	1.88e-05	8.81e-03	9.91e-01	0.00e+00	0.00e+00	0.00e+00
 1.70989e+22	3.39e-33	2.71e-26	7.32e-21	1.65e-16	1.01e-12	2.77e-09	2.03e-05	9.15e-03	9.91e-01	0.00e+00	0.00e+00	0.00e+00
 1.73422e+22	4.36e-33	3.38e-26	8.86e-21	1.94e-16	1.15e-12	3.06e-09	2.16e-05	9.45e-03	9.91e-01	0.00e+00	0.00e+00	0.00e+00
 1.75621e+22	5.53e-33	4.16e-26	1.06e-20	2.25e-16	1.30e-12	3.36e-09	2.30e-05	9.75e-03	9.90e-01	0.00e+00	0.00e+00	0.00e+00
 1.78105e+22	7.27e-33	5.28e-26	1.30e-20	2.67e-16	1.50e-12	3.75e-09	2.48e-05	1.01e-02	9.90e-01	0.00e+00	0.00e+00	0.00e+00
 1.80790e+22	9.60e-33	6.73e-26	1.60e-20	3.19e-16	1.73e-12	4.17e-09	2.66e-05	1.05e-02	9.90e-01	0.00e+00	0.00e+00	0.00e+00
 1.83244e+22	1.25e-32	8.46e-26	1.95e-20	3.76e-16	1.98e-12	4.62e-09	2.85e-05	1.08e-02	9.89e-01	0.00e+00	0.00e+00	0.00e+00
 1.85590e+22	1.61e-32	1.06e-25	2.36e-20	4.41e-16	2.25e-12	5.10e-09	3.05e-05	1.12e-02	9.89e-01	0.00e+00	0.00e+00	0.00e+00
 1.88286e+22	2.18e-32	1.38e-25	2.97e-20	5.35e-16	2.63e-12	5.75e-09	3.30e-05	1.16e-02	9.88e-01	0.00e+00	0.00e+00	0.00e+00
 1.91009e+22	2.89e-32	1.76e-25	3.66e-20	6.37e-16	3.03e-12	6.40e-09	3.55e-05	1.21e-02	9.88e-01	0.00e+00	0.00e+00	0.00e+00
 1.93265e+22	3.68e-32	2.18e-25	4.39e-20	7.42e-16	3.43e-12	7.02e-09	3.78e-05	1.25e-02	9.88e-01	0.00e+00	0.00e+00	0.00e+00
 1.95696e+22	4.88e-32	2.78e-25	5.42e-20	8.86e-16	3.96e-12	7.83e-09	4.07e-05	1.29e-02	9.87e-01	0.00e+00	0.00e+00	0.00e+00
 1.98312e+22	6.49e-32	3.56e-25	6.69e-20	1.06e-15	4.57e-12	8.72e-09	4.38e-05	1.34e-02	9.87e-01	0.00e+00	0.00e+00	0.00e+00
 2.00694e+22	8.35e-32	4.44e-25	8.08e-20	1.24e-15	5.19e-12	9.60e-09	4.68e-05	1.39e-02	9.86e-01	0.00e+00	0.00e+00	0.00e+00
 2.03318e+22	1.14e-31	5.82e-25	1.02e-19	1.50e-15	6.07e-12	1.08e-08	5.07e-05	1.44e-02	9.86e-01	0.00e+00	0.00e+00	0.00e+00
 2.05941e+22	1.50e-31	7.41e-25	1.25e-19	1.79e-15	6.96e-12	1.20e-08	5.44e-05	1.49e-02	9.85e-01	0.00e+00	0.00e+00	0.00e+00
 2.08109e+22	1.91e-31	9.13e-25	1.50e-19	2.07e-15	7.85e-12	1.31e-08	5.79e-05	1.54e-02	9.85e-01	0.00e+00	0.00e+00	0.00e+00
 2.10472e+22	2.56e-31	1.18e-24	1.86e-19	2.49e-15	9.08e-12	1.46e-08	6.24e-05	1.60e-02	9.84e-01	0.00e+00	0.00e+00	0.00e+00
 2.12973e+22	3.34e-31	1.48e-24	2.26e-19	2.93e-15	1.04e-11	1.61e-08	6.68e-05	1.66e-02	9.83e-01	0.00e+00	0.00e+00	0.00e+00
 2.15294e+22	4.37e-31	1.87e-24	2.76e-19	3.46e-15	1.18e-11	1.78e-08	7.16e-05	1.72e-02	9.83e-01	0.00e+00	0.00e+00	0.00e+00
 2.17601e+22	5.71e-31	2.36e-24	3.36e-19	4.08e-15	1.35e-11	1.96e-08	7.66e-05	1.78e-02	9.82e-01	0.00e+00	0.00e+00	0.00e+00
 2.19822e+22	7.39e-31	2.95e-24	4.07e-19	4.77e-15	1.53e-11	2.15e-08	8.18e-05	1.83e-02	9.82e-01	0.00e+00	0.00e+00	0.00e+00
 2.21936e+22	9.44e-31	3.65e-24	4.87e-19	5.55e-15	1.72e-11	2.35e-08	8.70e-05	1.89e-02	9.81e-01	0.00e+00	0.00e+00	0.00e+00
 2.24334e+22	1.29e-30	4.79e-24	6.13e-19	6.72e-15	2.01e-11	2.63e-08	9.42e-05	1.97e-02	9.80e-01	0.00e+00	0.00e+00	0.00e+00
 2.26793e+22	1.70e-30	6.09e-24	7.52e-19	7.95e-15	2.29e-11	2.90e-08	1.01e-04	2.04e-02	9.79e-01	0.00e+00	0.00e+00	0.00e+00
 2.28945e+22	2.22e-30	7.66e-24	9.13e-19	9.34e-15	2.60e-11	3.18e-08	1.08e-04	2.11e-02	9.79e-01	0.00e+00	0.00e+00	0.00e+00
 2.31356e+22	3.08e-30	1.01e-23	1.16e-18	1.14e-14	3.04e-11	3.57e-08	1.17e-04	2.20e-02	9.78e-01	0.00e+00	0.00e+00	0.00e+00
 2.33747e+22	4.03e-30	1.28e-23	1.41e-18	1.34e-14	3.46e-11	3.92e-08	1.25e-04	2.28e-02	9.77e-01	0.00e+00	0.00e+00	0.00e+00
 2.35746e+22	5.15e-30	1.58e-23	1.69e-18	1.56e-14	3.89e-11	4.27e-08	1.33e-04	2.35e-02	9.76e-01	0.00e+00	0.00e+00	0.00e+00
 2.37979e+22	7.02e-30	2.07e-23	2.12e-18	1.88e-14	4.51e-11	4.75e-08	1.43e-04	2.44e-02	9.75e-01	0.00e+00	0.00e+00	0.00e+00
 2.40288e+22	9.28e-30	2.63e-23	2.60e-18	2.22e-14	5.15e-11	5.22e-08	1.54e-04	2.53e-02	9.75e-01	0.00e+00	0.00e+00	0.00e+00
 2.42334e+22	1.21e-29	3.31e-23	3.16e-18	2.61e-14	5.84e-11	5.72e-08	1.64e-04	2.61e-02	9.74e-01	0.00e+00	0.00e+00	0.00e+00
 2.44635e+22	1.70e-29	4.44e-23	4.04e-18	3.20e-14	6.84e-11	6.41e-08	1.78e-04	2.73e-02	9.73e-01	0.00e+00	0.00e+00	0.00e+00
 2.46903e+22	2.21e-29	5.57e-23	4.90e-18	3.75e-14	7.75e-11	7.01e-08	1.90e-04	2.82e-02	9.72e-01	0.00e+00	0.00e+00	0.00e+00
 2.48816e+22	2.85e-29	6.92e-23	5.89e-18	4.36e-14	8.73e-11	7.64e-08	2.02e-04	2.91e-02	9.71e-01	0.00e+00	0.00e+00	0.00e+00
 2.50990e+22	3.95e-29	9.17e-23	7.47e-18	5.30e-14	1.02e-10	8.52e-08	2.18e-04	3.03e-02	9.70e-01	0.00e+00	0.00e+00	0.00e+00
 2.53201e+22	5.22e-29	1.17e-22	9.16e-18	6.27e-14	1.16e-10	9.36e-08	2.34e-04	3.13e-02	9.68e-01	0.00e+00	0.00e+00	0.00e+00
 2.55131e+22	6.81e-29	1.47e-22	1.11e-17	7.36e-14	1.31e-10	1.02e-07	2.49e-04	3.23e-02	9.67e-01	0.00e+00	0.00e+00	0.00e+00
 2.57311e+22	9.50e-29	1.96e-22	1.42e-17	8.99e-14	1.54e-10	1.14e-07	2.70e-04	3.37e-02	9.66e-01	0.00e+00	0.00e+00	0.00e+00
 2.59483e+22	1.26e-28	2.50e-22	1.74e-17	1.07e-13	1.75e-10	1.26e-07	2.88e-04	3.49e-02	9.65e-01	0.00e+00	0.00e+00	0.00e+00
 2.61309e+22	1.63e-28	3.11e-22	2.09e-17	1.24e-13	1.97e-10	1.37e-07	3.06e-04	3.59e-02	9.64e-01	0.00e+00	0.00e+00	0.00e+00
 2.63349e+22	2.26e-28	4.13e-22	2.66e-17	1.51e-13	2.30e-10	1.52e-07	3.31e-04	3.74e-02	9.62e-01	0.00e+00	0.00e+00	0.00e+00
 2.65435e+22	2.96e-28	5.21e-22	3.24e-17	1.78e-13	2.61e-10	1.67e-07	3.53e-04	3.86e-02	9.61e-01	0.00e+00	0.00e+00	0.00e+00
 2.67579e+22	4.17e-28	7.00e-22	4.16e-17	2.19e-13	3.07e-10	1.87e-07	3.83e-04	4.02e-02	9.59e-01	0.00e+00	0.00e+00	0.00e+00
 2.69746e+22	5.62e-28	9.06e-22	5.17e-17	2.62e-13	3.53e-10	2.06e-07	4.11e-04	4.17e-02	9.58e-01	0.00e+00	0.00e+00	0.00e+00
 2.71599e+22	7.43e-28	1.15e-21	6.34e-17	3.09e-13	4.01e-10	2.26e-07	4.38e-04	4.30e-02	9.57e-01	0.00e+00	0.00e+00	0.00e+00
 2.73668e+22	1.05e-27	1.56e-21	8.17e-17	3.81e-13	4.72e-10	2.54e-07	4.75e-04	4.48e-02	9.55e-01	0.00e+00	0.00e+00	0.00e+00
 2.75758e+22	1.39e-27	1.98e-21	1.00e-16	4.52e-13	5.39e-10	2.79e-07	5.08e-04	4.63e-02	9.53e-01	0.00e+00	0.00e+00	0.00e+00
 2.77877e+22	1.98e-27	2.68e-21	1.30e-16	5.58e-13	6.36e-10	3.14e-07	5.51e-04	4.83e-02	9.51e-01	0.00e+00	0.00e+00	0.00e+00
 2.80049e+22	2.68e-27	3.49e-21	1.62e-16	6.71e-13	7.34e-10	3.47e-07	5.92e-04	5.00e-02	9.49e-01	0.00e+00	0.00e+00	0.00e+00
 2.81978e+22	3.67e-27	4.57e-21	2.04e-16	8.10e-13	8.50e-10	3.85e-07	6.36e-04	5.18e-02	9.48e-01	0.00e+00	0.00e+00	0.00e+00
 2.84171e+22	5.41e-27	6.40e-21	2.71e-16	1.02e-12	1.02e-09	4.38e-07	6.95e-04	5.41e-02	9.45e-01	0.00e+00	0.00e+00	0.00e+00
 2.86275e+22	7.14e-27	8.13e-21	3.32e-16	1.21e-12	1.16e-09	4.81e-07	7.41e-04	5.59e-02	9.43e-01	0.00e+00	0.00e+00	0.00e+00
 2.88264e+22	1.05e-26	1.13e-20	4.40e-16	1.53e-12	1.39e-09	5.45e-07	8.07e-04	5.83e-02	9.41e-01	0.00e+00	0.00e+00	0.00e+00
 2.90224e+22	1.38e-26	1.43e-20	5.37e-16	1.80e-12	1.58e-09	5.97e-07	8.59e-04	6.01e-02	9.39e-01	0.00e+00	0.00e+00	0.00e+00
 2.91828e+22	1.78e-26	1.79e-20	6.48e-16	2.11e-12	1.79e-09	6.51e-07	9.11e-04	6.18e-02	9.37e-01	0.00e+00	0.00e+00	0.00e+00
 2.93365e+22	2.31e-26	2.25e-20	7.85e-16	2.47e-12	2.02e-09	7.09e-07	9.66e-04	6.36e-02	9.35e-01	0.00e+00	0.00e+00	0.00e+00
 2.94786e+22	2.94e-26	2.77e-20	9.37e-16	2.86e-12	2.26e-09	7.68e-07	1.02e-03	6.53e-02	9.34e-01	0.00e+00	0.00e+00	0.00e+00
 2.96065e+22	3.59e-26	3.28e-20	1.08e-15	3.22e-12	2.48e-09	8.21e-07	1.07e-03	6.67e-02	9.32e-01	0.00e+00	0.00e+00	0.00e+00
 2.97500e+22	4.74e-26	4.18e-20	1.33e-15	3.82e-12	2.83e-09	9.00e-07	1.13e-03	6.88e-02	9.30e-01	0.00e+00	0.00e+00	0.00e+00
 2.98983e+22	6.08e-26	5.19e-20	1.60e-15	4.44e-12	3.18e-09	9.77e-07	1.20e-03	7.06e-02	9.28e-01	0.00e+00	0.00e+00	0.00e+00
 3.00230e+22	7.56e-26	6.26e-20	1.87e-15	5.06e-12	3.52e-09	1.05e-06	1.25e-03	7.22e-02	9.27e-01	0.00e+00	0.00e+00	0.00e+00
 3.01557e+22	9.83e-26	7.85e-20	2.27e-15	5.94e-12	3.99e-09	1.14e-06	1.33e-03	7.43e-02	9.24e-01	0.00e+00	0.00e+00	0.00e+00
 3.02927e+22	1.23e-25	9.55e-20	2.68e-15	6.82e-12	4.44e-09	1.23e-06	1.40e-03	7.61e-02	9.23e-01	0.00e+00	0.00e+00	0.00e+00
 3.04102e+22	1.53e-25	1.15e-19	3.15e-15	7.79e-12	4.91e-09	1.32e-06	1.46e-03	7.78e-02	9.21e-01	0.00e+00	0.00e+00	0.00e+00
 3.05197e+22	1.90e-25	1.39e-19	3.68e-15	8.86e-12	5.43e-09	1.42e-06	1.53e-03	7.95e-02	9.19e-01	0.00e+00	0.00e+00	0.00e+00
 3.06438e+22	2.47e-25	1.75e-19	4.48e-15	1.04e-11	6.15e-09	1.55e-06	1.62e-03	8.17e-02	9.17e-01	0.00e+00	0.00e+00	0.00e+00
 3.07697e+22	3.05e-25	2.10e-19	5.23e-15	1.18e-11	6.79e-09	1.66e-06	1.70e-03	8.35e-02	9.15e-01	0.00e+00	0.00e+00	0.00e+00
 3.08978e+22	4.07e-25	2.69e-19	6.46e-15	1.41e-11	7.76e-09	1.82e-06	1.80e-03	8.60e-02	9.12e-01	0.00e+00	0.00e+00	0.00e+00
 3.10254e+22	5.15e-25	3.30e-19	7.68e-15	1.63e-11	8.67e-09	1.97e-06	1.89e-03	8.80e-02	9.10e-01	0.00e+00	0.00e+00	0.00e+00
 3.11275e+22	6.28e-25	3.92e-19	8.90e-15	1.83e-11	9.51e-09	2.10e-06	1.98e-03	8.98e-02	9.08e-01	0.00e+00	0.00e+00	0.00e+00
 3.12354e+22	8.06e-25	4.86e-19	1.07e-14	2.13e-11	1.07e-08	2.28e-06	2.08e-03	9.20e-02	9.06e-01	0.00e+00	0.00e+00	0.00e+00
 3.13466e+22	9.89e-25	5.81e-19	1.24e-14	2.42e-11	1.18e-08	2.44e-06	2.17e-03	9.39e-02	9.04e-01	0.00e+00	0.00e+00	0.00e+00
 3.14618e+22	1.32e-24	7.47e-19	1.54e-14	2.88e-11	1.35e-08	2.67e-06	2.30e-03	9.66e-02	9.01e-01	0.00e+00	0.00e+00	0.00e+00
 3.15748e+22	1.62e-24	8.91e-19	1.79e-14	3.26e-11	1.48e-08	2.86e-06	2.40e-03	9.85e-02	8.99e-01	0.00e+00	0.00e+00	0.00e+00
 3.16850e+22	2.19e-24	1.16e-18	2.24e-14	3.92e-11	1.70e-08	3.14e-06	2.56e-03	1.01e-01	8.96e-01	0.00e+00	0.00e+00	0.00e+00
 3.17935e+22	2.69e-24	1.38e-18	2.60e-14	4.44e-11	1.87e-08	3.36e-06	2.66e-03	1.03e-01	8.94e-01	0.00e+00	0.00e+00	0.00e+00
 3.19000e+22	3.56e-24	1.76e-18	3.19e-14	5.26e-11	2.13e-08	3.67e-06	2.82e-03	1.06e-01	8.91e-01	0.00e+00	0.00e+00	0.00e+00
 3.20103e+22	4.54e-24	2.18e-18	3.82e-14	6.10e-11	2.39e-08	3.97e-06	2.96e-03	1.09e-01	8.88e-01	0.00e+00	0.00e+00	0.00e+00
 3.21063e+22	5.62e-24	2.62e-18	4.47e-14	6.94e-11	2.64e-08	4.25e-06	3.09e-03	1.11e-01	8.86e-01	0.00e+00	0.00e+00	0.00e+00
 3.22114e+22	7.70e-24	3.45e-18	5.64e-14	8.40e-11	3.05e-08	4.69e-06	3.29e-03	1.14e-01	8.83e-01	0.00e+00	0.00e+00	0.00e+00
 3.23152e+22	9.51e-24	4.14e-18	6.60e-14	9.55e-11	3.36e-08	5.02e-06	3.43e-03	1.16e-01	8.80e-01	0.00e+00	0.00e+00	0.00e+00
 3.24173e+22	1.30e-23	5.42e-18	8.29e-14	1.15e-10	3.88e-08	5.54e-06	3.64e-03	1.20e-01	8.77e-01	0.00e+00	0.00e+00	0.00e+00
 3.25175e+22	1.59e-23	6.48e-18	9.65e-14	1.31e-10	4.27e-08	5.91e-06	3.80e-03	1.22e-01	8.74e-01	0.00e+00	0.00e+00	0.00e+00
 3.26153e+22	2.19e-23	8.54e-18	1.22e-13	1.58e-10	4.94e-08	6.52e-06	4.03e-03	1.25e-01	8.71e-01	0.00e+00	0.00e+00	0.00e+00
 3.27125e+22	2.71e-23	1.03e-17	1.43e-13	1.80e-10	5.45e-08	6.98e-06	4.21e-03	1.28e-01	8.68e-01	0.00e+00	0.00e+00	0.00e+00
 3.28090e+22	3.73e-23	1.36e-17	1.81e-13	2.18e-10	6.30e-08	7.71e-06	4.47e-03	1.31e-01	8.64e-01	0.00e+00	0.00e+00	0.00e+00
 3.29063e+22	4.69e-23	1.65e-17	2.14e-13	2.51e-10	7.01e-08	8.29e-06	4.68e-03	1.34e-01	8.61e-01	0.00e+00	0.00e+00	0.00e+00
 3.30045e+22	6.54e-23	2.21e-17	2.73e-13	3.06e-10	8.15e-08	9.18e-06	4.98e-03	1.38e-01	8.57e-01	0.00e+00	0.00e+00	0.00e+00
 3.31037e+22	8.33e-23	2.72e-17	3.26e-13	3.54e-10	9.11e-08	9.91e-06	5.22e-03	1.41e-01	8.54e-01	0.00e+00	0.00e+00	0.00e+00
 3.32041e+22	1.16e-22	3.63e-17	4.17e-13	4.33e-10	1.06e-07	1.10e-05	5.56e-03	1.45e-01	8.49e-01	0.00e+00	0.00e+00	0.00e+00
 3.33036e+22	1.49e-22	4.51e-17	5.01e-13	5.03e-10	1.19e-07	1.19e-05	5.84e-03	1.48e-01	8.46e-01	0.00e+00	0.00e+00	0.00e+00
 3.34018e+22	2.08e-22	6.02e-17	6.40e-13	6.15e-10	1.38e-07	1.32e-05	6.22e-03	1.53e-01	8.41e-01	0.00e+00	0.00e+00	0.00e+00
 3.35017e+22	2.71e-22	7.58e-17	7.78e-13	7.22e-10	1.56e-07	1.43e-05	6.54e-03	1.56e-01	8.37e-01	0.00e+00	0.00e+00	0.00e+00
 3.36037e+22	3.85e-22	1.03e-16	1.01e-12	8.91e-10	1.83e-07	1.59e-05	7.00e-03	1.61e-01	8.32e-01	0.00e+00	0.00e+00	0.00e+00
 3.37067e+22	5.05e-22	1.30e-16	1.23e-12	1.05e-09	2.08e-07	1.74e-05	7.37e-03	1.65e-01	8.28e-01	0.00e+00	0.00e+00	0.00e+00
 3.38110e+22	7.25e-22	1.78e-16	1.60e-12	1.31e-09	2.45e-07	1.94e-05	7.90e-03	1.70e-01	8.22e-01	0.00e+00	0.00e+00	0.00e+00
 3.39160e+22	9.54e-22	2.26e-16	1.96e-12	1.54e-09	2.78e-07	2.12e-05	8.33e-03	1.74e-01	8.18e-01	0.00e+00	0.00e+00	0.00e+00
 3.40066e+22	1.25e-21	2.85e-16	2.39e-12	1.81e-09	3.15e-07	2.30e-05	8.77e-03	1.78e-01	8.13e-01	0.00e+00	0.00e+00	0.00e+00
 3.41095e+22	1.77e-21	3.85e-16	3.09e-12	2.24e-09	3.69e-07	2.57e-05	9.38e-03	1.83e-01	8.08e-01	0.00e+00	0.00e+00	0.00e+00
 3.42123e+22	2.31e-21	4.85e-16	3.76e-12	2.62e-09	4.17e-07	2.79e-05	9.87e-03	1.87e-01	8.03e-01	0.00e+00	0.00e+00	0.00e+00
 3.43151e+22	3.24e-21	6.51e-16	4.82e-12	3.22e-09	4.88e-07	3.11e-05	1.05e-02	1.93e-01	7.97e-01	0.00e+00	0.00e+00	0.00e+00
 3.44197e+22	4.23e-21	8.21e-16	5.87e-12	3.79e-09	5.52e-07	3.38e-05	1.11e-02	1.97e-01	7.92e-01	0.00e+00	0.00e+00	0.00e+00
 3.45265e+22	5.94e-21	1.10e-15	7.54e-12	4.65e-09	6.46e-07	3.77e-05	1.19e-02	2.03e-01	7.85e-01	0.00e+00	0.00e+00	0.00e+00
 3.46356e+22	7.79e-21	1.39e-15	9.20e-12	5.48e-09	7.33e-07	4.11e-05	1.25e-02	2.07e-01	7.80e-01	0.00e+00	0.00e+00	0.00e+00
 3.47475e+22	1.10e-20	1.88e-15	1.19e-11	6.77e-09	8.62e-07	4.59e-05	1.34e-02	2.14e-01	7.73e-01	0.00e+00	0.00e+00	0.00e+00
 3.48615e+22	1.43e-20	2.37e-15	1.44e-11	7.94e-09	9.75e-07	5.01e-05	1.41e-02	2.18e-01	7.67e-01	0.00e+00	0.00e+00	0.00e+00
 3.49782e+22	2.02e-20	3.18e-15	1.86e-11	9.78e-09	1.15e-06	5.60e-05	1.52e-02	2.25e-01	7.60e-01	0.00e+00	0.00e+00	0.00e+00
 3.50969e+22	2.63e-20	4.00e-15	2.26e-11	1.15e-08	1.30e-06	6.10e-05	1.60e-02	2.30e-01	7.54e-01	0.00e+00	0.00e+00	0.00e+00
 3.52184e+22	3.70e-20	5.37e-15	2.90e-11	1.41e-08	1.52e-06	6.82e-05	1.71e-02	2.37e-01	7.46e-01	0.00e+00	0.00e+00	0.00e+00
 3.53407e+22	4.76e-20	6.70e-15	3.50e-11	1.65e-08	1.72e-06	7.42e-05	1.80e-02	2.42e-01	7.40e-01	0.00e+00	0.00e+00	0.00e+00
 3.54638e+22	6.60e-20	8.88e-15	4.45e-11	2.02e-08	2.01e-06	8.27e-05	1.93e-02	2.49e-01	7.32e-01	0.00e+00	0.00e+00	0.00e+00
 3.55902e+22	8.52e-20	1.11e-14	5.38e-11	2.36e-08	2.27e-06	9.01e-05	2.03e-02	2.54e-01	7.26e-01	0.00e+00	0.00e+00	0.00e+00
 3.57001e+22	1.08e-19	1.36e-14	6.40e-11	2.73e-08	2.54e-06	9.75e-05	2.13e-02	2.59e-01	7.19e-01	0.00e+00	0.00e+00	0.00e+00
 3.58224e+22	1.47e-19	1.78e-14	8.04e-11	3.30e-08	2.95e-06	1.08e-04	2.27e-02	2.66e-01	7.11e-01	0.00e+00	0.00e+00	0.00e+00
 3.59449e+22	1.83e-19	2.15e-14	9.47e-11	3.78e-08	3.28e-06	1.17e-04	2.38e-02	2.71e-01	7.05e-01	0.00e+00	0.00e+00	0.00e+00
 3.60677e+22	2.45e-19	2.77e-14	1.18e-10	4.53e-08	3.78e-06	1.29e-04	2.53e-02	2.77e-01	6.97e-01	0.00e+00	0.00e+00	0.00e+00
 3.61934e+22	3.07e-19	3.38e-14	1.39e-10	5.21e-08	4.22e-06	1.39e-04	2.65e-02	2.83e-01	6.91e-01	0.00e+00	0.00e+00	0.00e+00
 3.63048e+22	3.84e-19	4.09e-14	1.64e-10	5.97e-08	4.71e-06	1.50e-04	2.78e-02	2.88e-01	6.84e-01	0.00e+00	0.00e+00	0.00e+00
 3.64314e+22	5.12e-19	5.26e-14	2.03e-10	7.15e-08	5.42e-06	1.66e-04	2.95e-02	2.95e-01	6.75e-01	0.00e+00	0.00e+00	0.00e+00
 3.65573e+22	6.26e-19	6.26e-14	2.36e-10	8.10e-08	5.98e-06	1.78e-04	3.08e-02	3.00e-01	6.69e-01	0.00e+00	0.00e+00	0.00e+00
 3.66823e+22	8.24e-19	7.95e-14	2.90e-10	9.61e-08	6.85e-06	1.96e-04	3.26e-02	3.06e-01	6.61e-01	0.00e+00	0.00e+00	0.00e+00
 3.68097e+22	1.01e-18	9.49e-14	3.37e-10	1.09e-07	7.57e-06	2.10e-04	3.41e-02	3.11e-01	6.54e-01	0.00e+00	0.00e+00	0.00e+00
 3.69403e+22	1.33e-18	1.20e-13	4.13e-10	1.29e-07	8.68e-06	2.31e-04	3.61e-02	3.18e-01	6.45e-01	0.00e+00	0.00e+00	0.00e+00
 3.70733e+22	1.63e-18	1.44e-13	4.82e-10	1.47e-07	9.61e-06	2.49e-04	3.77e-02	3.24e-01	6.38e-01	0.00e+00	0.00e+00	0.00e+00
 3.72096e+22	2.15e-18	1.83e-13	5.92e-10	1.75e-07	1.10e-05	2.74e-04	4.00e-02	3.31e-01	6.29e-01	0.00e+00	0.00e+00	0.00e+00
 3.73483e+22	2.65e-18	2.19e-13	6.91e-10	1.99e-07	1.22e-05	2.95e-04	4.18e-02	3.36e-01	6.22e-01	0.00e+00	0.00e+00	0.00e+00
 3.74903e+22	3.49e-18	2.79e-13	8.49e-10	2.37e-07	1.40e-05	3.25e-04	4.43e-02	3.43e-01	6.12e-01	0.00e+00	0.00e+00	0.00e+00
 3.76291e+22	4.18e-18	3.27e-13	9.73e-10	2.65e-07	1.54e-05	3.46e-04	4.61e-02	3.48e-01	6.06e-01	0.00e+00	0.00e+00	0.00e+00
 3.77636e+22	5.43e-18	4.10e-13	1.18e-09	3.12e-07	1.75e-05	3.80e-04	4.87e-02	3.55e-01	5.96e-01	0.00e+00	0.00e+00	0.00e+00
 3.79002e+22	6.51e-18	4.80e-13	1.35e-09	3.50e-07	1.92e-05	4.05e-04	5.06e-02	3.60e-01	5.89e-01	0.00e+00	0.00e+00	0.00e+00
 3.80394e+22	8.37e-18	5.97e-13	1.63e-09	4.10e-07	2.17e-05	4.43e-04	5.34e-02	3.66e-01	5.80e-01	0.00e+00	0.00e+00	0.00e+00
 3.81829e+22	1.02e-17	7.12e-13	1.90e-09	4.65e-07	2.40e-05	4.76e-04	5.57e-02	3.72e-01	5.72e-01	0.00e+00	0.00e+00	0.00e+00
 3.83319e+22	1.32e-17	8.85e-13	2.29e-09	5.45e-07	2.73e-05	5.20e-04	5.88e-02	3.78e-01	5.62e-01	0.00e+00	0.00e+00	0.00e+00
 3.84857e+22	1.63e-17	1.06e-12	2.69e-09	6.22e-07	3.03e-05	5.61e-04	6.14e-02	3.84e-01	5.54e-01	0.00e+00	0.00e+00	0.00e+00
 3.86457e+22	2.11e-17	1.33e-12	3.26e-09	7.33e-07	3.46e-05	6.15e-04	6.49e-02	3.91e-01	5.44e-01	0.00e+00	0.00e+00	0.00e+00
 3.88099e+22	2.62e-17	1.61e-12	3.83e-09	8.40e-07	3.85e-05	6.65e-04	6.79e-02	3.96e-01	5.35e-01	2.62e-17	6.68e-28	7.10e-28
 3.89795e+22	3.41e-17	2.03e-12	4.68e-09	9.93e-07	4.40e-05	7.30e-04	7.18e-02	4.03e-01	5.24e-01	3.41e-17	6.48e-26	8.16e-26
 3.91545e+22	4.27e-17	2.47e-12	5.54e-09	1.14e-06	4.93e-05	7.91e-04	7.52e-02	4.09e-01	5.15e-01	4.27e-17	8.11e-26	1.02e-25
 3.93365e+22	5.63e-17	3.14e-12	6.81e-09	1.36e-06	5.66e-05	8.73e-04	7.96e-02	4.16e-01	5.03e-01	5.63e-17	1.07e-25	1.35e-25
 3.95245e+22	7.12e-17	3.86e-12	8.12e-09	1.58e-06	6.37e-05	9.48e-04	8.36e-02	4.22e-01	4.94e-01	7.12e-17	1.35e-25	1.70e-25
 3.96946e+22	8.94e-17	4.70e-12	9.62e-09	1.82e-06	7.14e-05	1.03e-03	8.75e-02	4.27e-01	4.84e-01	8.94e-17	1.70e-25	2.14e-25
 3.98900e+22	1.19e-16	6.03e-12	1.19e-08	2.18e-06	8.24e-05	1.14e-03	9.28e-02	4.34e-01	4.72e-01	1.19e-16	2.26e-25	2.85e-25
 4.00892e+22	1.51e-16	7.42e-12	1.42e-08	2.53e-06	9.28e-05	1.24e-03	9.73e-02	4.40e-01	4.61e-01	1.51e-16	2.87e-25	3.61e-25
 4.02933e+22	2.02e-16	9.59e-12	1.78e-08	3.04e-06	1.07e-04	1.37e-03	1.03e-01	4.47e-01	4.49e-01	2.02e-16	3.85e-25	4.85e-25
 4.05001e+22	2.58e-16	1.18e-11	2.13e-08	3.54e-06	1.21e-04	1.49e-03	1.08e-01	4.52e-01	4.38e-01	2.58e-16	4.90e-25	6.17e-25
 4.07105e+22	3.49e-16	1.54e-11	2.67e-08	4.28e-06	1.41e-04	1.66e-03	1.15e-01	4.59e-01	4.25e-01	3.49e-16	6.64e-25	8.35e-25
 4.09231e+22	4.44e-16	1.90e-11	3.20e-08	4.98e-06	1.59e-04	1.81e-03	1.21e-01	4.64e-01	4.14e-01	4.44e-16	8.45e-25	1.06e-24
 4.11386e+22	6.08e-16	2.50e-11	4.05e-08	6.07e-06	1.87e-04	2.02e-03	1.28e-01	4.70e-01	4.00e-01	6.08e-16	1.16e-24	1.46e-24
 4.13552e+22	7.71e-16	3.07e-11	4.84e-08	7.05e-06	2.11e-04	2.20e-03	1.34e-01	4.74e-01	3.89e-01	7.71e-16	1.47e-24	1.85e-24
 4.15351e+22	9.57e-16	3.71e-11	5.69e-08	8.08e-06	2.35e-04	2.37e-03	1.40e-01	4.78e-01	3.79e-01	9.57e-16	1.82e-24	2.29e-24
 4.17309e+22	1.27e-15	4.75e-11	7.04e-08	9.67e-06	2.72e-04	2.62e-03	1.48e-01	4.83e-01	3.66e-01	1.27e-15	2.42e-24	3.05e-24
 4.19260e+22	1.57e-15	5.71e-11	8.24e-08	1.11e-05	3.02e-04	2.83e-03	1.54e-01	4.86e-01	3.57e-01	1.57e-15	2.99e-24	3.76e-24
 4.21203e+22	2.07e-15	7.28e-11	1.02e-07	1.32e-05	3.49e-04	3.13e-03	1.63e-01	4.90e-01	3.44e-01	2.07e-15	3.95e-24	4.97e-24
 4.23169e+22	2.57e-15	8.77e-11	1.20e-07	1.51e-05	3.89e-04	3.38e-03	1.70e-01	4.93e-01	3.34e-01	2.57e-15	4.90e-24	6.16e-24
 4.25165e+22	3.41e-15	1.12e-10	1.48e-07	1.82e-05	4.52e-04	3.75e-03	1.79e-01	4.96e-01	3.20e-01	3.41e-15	6.52e-24	8.20e-24
 4.27185e+22	4.24e-15	1.36e-10	1.75e-07	2.09e-05	5.06e-04	4.05e-03	1.87e-01	4.98e-01	3.10e-01	4.24e-15	8.11e-24	1.02e-23
 4.29235e+22	5.65e-15	1.74e-10	2.17e-07	2.52e-05	5.88e-04	4.50e-03	1.97e-01	5.01e-01	2.97e-01	5.65e-15	1.08e-23	1.36e-23
 4.31324e+22	7.08e-15	2.13e-10	2.58e-07	2.92e-05	6.64e-04	4.90e-03	2.06e-01	5.02e-01	2.86e-01	7.08e-15	1.35e-23	1.70e-23
 4.33465e+22	9.49e-15	2.75e-10	3.22e-07	3.53e-05	7.78e-04	5.47e-03	2.18e-01	5.04e-01	2.72e-01	9.49e-15	1.82e-23	2.28e-23
 4.35645e+22	1.20e-14	3.36e-10	3.85e-07	4.11e-05	8.81e-04	5.97e-03	2.28e-01	5.04e-01	2.61e-01	1.20e-14	2.29e-23	2.88e-23
 4.37875e+22	1.61e-14	4.35e-10	4.83e-07	5.01e-05	1.04e-03	6.69e-03	2.41e-01	5.04e-01	2.47e-01	1.61e-14	3.08e-23	3.87e-23
 4.40131e+22	2.02e-14	5.32e-10	5.76e-07	5.85e-05	1.18e-03	7.32e-03	2.52e-01	5.04e-01	2.36e-01	2.02e-14	3.87e-23	4.87e-23
 4.42039e+22	2.48e-14	6.37e-10	6.76e-07	6.73e-05	1.33e-03	7.95e-03	2.62e-01	5.03e-01	2.26e-01	2.48e-14	4.76e-23	5.98e-23
 4.44128e+22	3.22e-14	8.01e-10	8.29e-07	8.05e-05	1.54e-03	8.84e-03	2.76e-01	5.01e-01	2.13e-01	3.22e-14	6.18e-23	7.76e-23
 4.46223e+22	3.92e-14	9.53e-10	9.69e-07	9.24e-05	1.73e-03	9.59e-03	2.87e-01	4.98e-01	2.04e-01	3.92e-14	7.53e-23	9.46e-23
 4.48270e+22	4.97e-14	1.17e-09	1.17e-06	1.09e-04	2.00e-03	1.06e-02	3.00e-01	4.95e-01	1.92e-01	4.97e-14	9.55e-23	1.20e-22
 4.50357e+22	6.03e-14	1.39e-09	1.37e-06	1.26e-04	2.25e-03	1.15e-02	3.12e-01	4.92e-01	1.82e-01	6.03e-14	1.16e-22	1.46e-22
 4.52412e+22	7.48e-14	1.69e-09	1.63e-06	1.47e-04	2.58e-03	1.27e-02	3.26e-01	4.87e-01	1.72e-01	7.48e-14	1.44e-22	1.81e-22
 4.54508e+22	9.03e-14	1.99e-09	1.90e-06	1.69e-04	2.91e-03	1.39e-02	3.38e-01	4.83e-01	1.62e-01	9.03e-14	1.74e-22	2.18e-22
 4.56559e+22	1.09e-13	2.36e-09	2.23e-06	1.96e-04	3.30e-03	1.52e-02	3.52e-01	4.77e-01	1.52e-01	1.09e-13	2.11e-22	2.64e-22
 4.58590e+22	1.30e-13	2.75e-09	2.57e-06	2.23e-04	3.70e-03	1.65e-02	3.64e-01	4.71e-01	1.44e-01	1.30e-13	2.50e-22	3.13e-22
 4.60657e+22	1.55e-13	3.24e-09	3.00e-06	2.58e-04	4.20e-03	1.81e-02	3.79e-01	4.64e-01	1.34e-01	1.55e-13	2.99e-22	3.75e-22
 4.62716e+22	1.81e-13	3.73e-09	3.42e-06	2.92e-04	4.68e-03	1.96e-02	3.91e-01	4.58e-01	1.27e-01	1.81e-13	3.49e-22	4.38e-22
 4.64776e+22	2.13e-13	4.32e-09	3.95e-06	3.35e-04	5.28e-03	2.14e-02	4.05e-01	4.50e-01	1.18e-01	2.13e-13	4.11e-22	5.16e-22
 4.66888e+22	2.46e-13	4.94e-09	4.51e-06	3.80e-04	5.90e-03	2.32e-02	4.18e-01	4.42e-01	1.11e-01	2.46e-13	4.76e-22	5.97e-22
 4.68946e+22	2.83e-13	5.62e-09	5.12e-06	4.30e-04	6.58e-03	2.51e-02	4.31e-01	4.34e-01	1.03e-01	2.83e-13	5.48e-22	6.87e-22
 4.71018e+22	3.23e-13	6.37e-09	5.80e-06	4.85e-04	7.32e-03	2.72e-02	4.43e-01	4.25e-01	9.66e-02	3.23e-13	6.26e-22	7.85e-22
 4.73113e+22	3.67e-13	7.18e-09	6.55e-06	5.46e-04	8.13e-03	2.94e-02	4.56e-01	4.16e-01	9.00e-02	3.67e-13	7.12e-22	8.92e-22
 4.75221e+22	4.14e-13	8.06e-09	7.37e-06	6.14e-04	9.01e-03	3.18e-02	4.68e-01	4.07e-01	8.38e-02	4.14e-13	8.04e-22	1.01e-21
 4.77362e+22	4.65e-13	9.02e-09	8.29e-06	6.90e-04	9.99e-03	3.43e-02	4.81e-01	3.97e-01	7.77e-02	4.65e-13	9.05e-22	1.13e-21
 4.79523e+22	5.20e-13	1.00e-08	9.27e-06	7.72e-04	1.10e-02	3.70e-02	4.92e-01	3.87e-01	7.22e-02	5.20e-13	1.01e-21	1.27e-21
 4.81728e+22	5.80e-13	1.12e-08	1.04e-05	8.67e-04	1.22e-02	3.99e-02	5.04e-01	3.76e-01	6.67e-02	5.80e-13	1.13e-21	1.42e-21
 4.83970e+22	6.43e-13	1.24e-08	1.16e-05	9.69e-04	1.34e-02	4.29e-02	5.15e-01	3.66e-01	6.17e-02	6.43e-13	1.26e-21	1.57e-21
 4.86021e+22	6.99e-13	1.35e-08	1.27e-05	1.06e-03	1.45e-02	4.56e-02	5.25e-01	3.57e-01	5.77e-02	6.99e-13	1.37e-21	1.71e-21
 4.88164e+22	7.71e-13	1.49e-08	1.42e-05	1.19e-03	1.60e-02	4.92e-02	5.36e-01	3.45e-01	5.29e-02	7.71e-13	1.51e-21	1.89e-21
 4.90340e+22	8.37e-13	1.62e-08	1.56e-05	1.31e-03	1.73e-02	5.22e-02	5.44e-01	3.36e-01	4.93e-02	8.37e-13	1.64e-21	2.05e-21
 4.92577e+22	9.23e-13	1.80e-08	1.75e-05	1.47e-03	1.91e-02	5.63e-02	5.55e-01	3.24e-01	4.50e-02	9.23e-13	1.81e-21	2.27e-21
 4.94823e+22	9.95e-13	1.95e-08	1.91e-05	1.61e-03	2.06e-02	5.96e-02	5.62e-01	3.14e-01	4.19e-02	9.95e-13	1.96e-21	2.44e-21
 4.97083e+22	1.09e-12	2.15e-08	2.13e-05	1.80e-03	2.26e-02	6.41e-02	5.71e-01	3.02e-01	3.81e-02	1.09e-12	2.14e-21	2.68e-21
 4.99349e+22	1.17e-12	2.32e-08	2.32e-05	1.97e-03	2.43e-02	6.77e-02	5.78e-01	2.93e-01	3.55e-02	1.17e-12	2.31e-21	2.89e-21
 5.01623e+22	1.28e-12	2.56e-08	2.59e-05	2.20e-03	2.65e-02	7.25e-02	5.86e-01	2.81e-01	3.22e-02	1.28e-12	2.53e-21	3.16e-21
 5.03920e+22	1.38e-12	2.77e-08	2.83e-05	2.40e-03	2.84e-02	7.64e-02	5.91e-01	2.72e-01	2.99e-02	1.38e-12	2.72e-21	3.40e-21
 5.06248e+22	1.50e-12	3.05e-08	3.16e-05	2.69e-03	3.10e-02	8.17e-02	5.98e-01	2.60e-01	2.71e-02	1.50e-12	2.97e-21	3.71e-21
 5.08605e+22	1.62e-12	3.31e-08	3.45e-05	2.93e-03	3.31e-02	8.60e-02	6.02e-01	2.51e-01	2.50e-02	1.62e-12	3.21e-21	4.00e-21
 5.11000e+22	1.76e-12	3.65e-08	3.86e-05	3.28e-03	3.60e-02	9.18e-02	6.07e-01	2.39e-01	2.26e-02	1.76e-12	3.51e-21	4.37e-21
 5.13438e+22	1.90e-12	3.97e-08	4.23e-05	3.59e-03	3.85e-02	9.64e-02	6.10e-01	2.30e-01	2.08e-02	1.90e-12	3.79e-21	4.73e-21
 5.15932e+22	2.09e-12	4.41e-08	4.75e-05	4.02e-03	4.18e-02	1.03e-01	6.14e-01	2.19e-01	1.86e-02	2.09e-12	4.16e-21	5.19e-21
 5.18481e+22	2.27e-12	4.83e-08	5.24e-05	4.41e-03	4.47e-02	1.08e-01	6.16e-01	2.10e-01	1.71e-02	2.27e-12	4.53e-21	5.65e-21
 5.21101e+22	2.50e-12	5.41e-08	5.92e-05	4.96e-03	4.86e-02	1.15e-01	6.18e-01	1.98e-01	1.52e-02	2.50e-12	5.01e-21	6.24e-21
 5.23777e+22	2.74e-12	5.97e-08	6.57e-05	5.46e-03	5.19e-02	1.21e-01	6.19e-01	1.89e-01	1.39e-02	2.74e-12	5.50e-21	6.85e-21
 5.26035e+22	2.95e-12	6.51e-08	7.19e-05	5.93e-03	5.49e-02	1.26e-01	6.19e-01	1.81e-01	1.28e-02	2.95e-12	5.95e-21	7.41e-21
 5.28483e+22	3.26e-12	7.27e-08	8.08e-05	6.61e-03	5.91e-02	1.33e-01	6.18e-01	1.72e-01	1.14e-02	3.26e-12	6.58e-21	8.19e-21
 5.30862e+22	3.52e-12	7.92e-08	8.81e-05	7.14e-03	6.22e-02	1.38e-01	6.17e-01	1.65e-01	1.06e-02	3.52e-12	7.13e-21	8.87e-21
 5.33151e+22	3.85e-12	8.78e-08	9.82e-05	7.88e-03	6.64e-02	1.45e-01	6.15e-01	1.56e-01	9.53e-03	3.85e-12	7.81e-21	9.72e-21
 5.35462e+22	4.21e-12	9.64e-08	1.08e-04	8.52e-03	6.98e-02	1.50e-01	6.13e-01	1.50e-01	8.80e-03	4.21e-12	8.55e-21	1.06e-20
 5.37803e+22	4.64e-12	1.08e-07	1.21e-04	9.41e-03	7.44e-02	1.57e-01	6.10e-01	1.41e-01	7.90e-03	4.64e-12	9.47e-21	1.18e-20
 5.40176e+22	5.10e-12	1.19e-07	1.32e-04	1.02e-02	7.83e-02	1.62e-01	6.07e-01	1.35e-01	7.26e-03	5.10e-12	1.04e-20	1.30e-20
 5.42593e+22	5.68e-12	1.34e-07	1.49e-04	1.13e-02	8.34e-02	1.70e-01	6.02e-01	1.27e-01	6.49e-03	5.68e-12	1.16e-20	1.45e-20
 5.45044e+22	6.30e-12	1.49e-07	1.65e-04	1.22e-02	8.77e-02	1.75e-01	5.97e-01	1.21e-01	5.95e-03	6.30e-12	1.29e-20	1.61e-20
 5.47540e+22	7.07e-12	1.69e-07	1.86e-04	1.35e-02	9.34e-02	1.83e-01	5.91e-01	1.14e-01	5.28e-03	7.07e-12	1.46e-20	1.81e-20
 5.50076e+22	7.90e-12	1.90e-07	2.06e-04	1.47e-02	9.82e-02	1.89e-01	5.85e-01	1.08e-01	4.82e-03	7.90e-12	1.63e-20	2.03e-20
 5.52667e+22	8.99e-12	2.18e-07	2.35e-04	1.63e-02	1.05e-01	1.97e-01	5.77e-01	1.01e-01	4.26e-03	8.99e-12	1.87e-20	2.32e-20
 5.55318e+22	1.02e-11	2.46e-07	2.62e-04	1.78e-02	1.10e-01	2.03e-01	5.70e-01	9.55e-02	3.86e-03	1.02e-11	2.12e-20	2.63e-20
 5.58049e+22	1.17e-11	2.86e-07	3.01e-04	1.98e-02	1.17e-01	2.11e-01	5.60e-01	8.85e-02	3.38e-03	1.17e-11	2.45e-20	3.04e-20
 5.60845e+22	1.34e-11	3.27e-07	3.38e-04	2.16e-02	1.23e-01	2.17e-01	5.51e-01	8.33e-02	3.04e-03	1.34e-11	2.81e-20	3.48e-20
 5.63725e+22	1.57e-11	3.86e-07	3.92e-04	2.42e-02	1.31e-01	2.25e-01	5.39e-01	7.67e-02	2.64e-03	1.57e-11	3.33e-20	4.12e-20
 5.66641e+22	1.82e-11	4.44e-07	4.42e-04	2.65e-02	1.38e-01	2.31e-01	5.29e-01	7.19e-02	2.36e-03	1.82e-11	3.85e-20	4.77e-20
 5.69604e+22	2.16e-11	5.29e-07	5.15e-04	2.96e-02	1.47e-01	2.40e-01	5.16e-01	6.59e-02	2.04e-03	2.16e-11	4.62e-20	5.71e-20
 5.72600e+22	2.52e-11	6.13e-07	5.82e-04	3.24e-02	1.54e-01	2.45e-01	5.04e-01	6.15e-02	1.82e-03	2.52e-11	5.41e-20	6.69e-20
 5.75640e+22	3.04e-11	7.37e-07	6.80e-04	3.62e-02	1.64e-01	2.53e-01	4.89e-01	5.60e-02	1.55e-03	3.04e-11	6.57e-20	8.12e-20
 5.78726e+22	3.59e-11	8.60e-07	7.71e-04	3.96e-02	1.72e-01	2.58e-01	4.77e-01	5.20e-02	1.38e-03	3.59e-11	7.78e-20	9.62e-20
 5.81444e+22	4.20e-11	9.98e-07	8.72e-04	4.32e-02	1.80e-01	2.63e-01	4.64e-01	4.82e-02	1.22e-03	4.20e-11	9.15e-20	1.13e-19
 5.84549e+22	5.17e-11	1.21e-06	1.02e-03	4.82e-02	1.90e-01	2.69e-01	4.47e-01	4.36e-02	1.04e-03	5.17e-11	1.14e-19	1.40e-19
 5.87709e+22	6.12e-11	1.42e-06	1.16e-03	5.26e-02	1.99e-01	2.74e-01	4.33e-01	4.01e-02	9.05e-04	6.12e-11	1.35e-19	1.67e-19
 5.90274e+22	7.12e-11	1.63e-06	1.30e-03	5.66e-02	2.06e-01	2.77e-01	4.20e-01	3.74e-02	8.08e-04	7.12e-11	1.58e-19	1.95e-19
 5.92939e+22	8.55e-11	1.92e-06	1.48e-03	6.18e-02	2.15e-01	2.81e-01	4.06e-01	3.43e-02	7.06e-04	8.55e-11	1.91e-19	2.35e-19
 5.95738e+22	1.01e-10	2.22e-06	1.66e-03	6.67e-02	2.23e-01	2.84e-01	3.92e-01	3.17e-02	6.23e-04	1.01e-10	2.26e-19	2.79e-19
 5.98304e+22	1.18e-10	2.57e-06	1.85e-03	7.18e-02	2.31e-01	2.86e-01	3.79e-01	2.93e-02	5.51e-04	1.18e-10	2.68e-19	3.30e-19
 6.01235e+22	1.46e-10	3.08e-06	2.13e-03	7.88e-02	2.41e-01	2.89e-01	3.62e-01	2.65e-02	4.71e-04	1.46e-10	3.33e-19	4.09e-19
 6.04240e+22	1.75e-10	3.61e-06	2.41e-03	8.52e-02	2.50e-01	2.90e-01	3.48e-01	2.42e-02	4.10e-04	1.75e-10	4.01e-19	4.93e-19
 6.06889e+22	2.07e-10	4.19e-06	2.70e-03	9.16e-02	2.58e-01	2.91e-01	3.34e-01	2.22e-02	3.59e-04	2.07e-10	4.79e-19	5.89e-19
 6.09883e+22	2.58e-10	5.04e-06	3.10e-03	1.00e-01	2.68e-01	2.92e-01	3.17e-01	1.99e-02	3.05e-04	2.58e-10	6.02e-19	7.39e-19
 6.13000e+22	3.13e-10	5.95e-06	3.52e-03	1.08e-01	2.76e-01	2.92e-01	3.02e-01	1.80e-02	2.62e-04	3.13e-10	7.37e-19	9.04e-19
 6.15804e+22	3.76e-10	6.95e-06	3.94e-03	1.16e-01	2.84e-01	2.91e-01	2.88e-01	1.64e-02	2.27e-04	3.76e-10	8.93e-19	1.10e-18
 6.18976e+22	4.77e-10	8.44e-06	4.56e-03	1.27e-01	2.94e-01	2.89e-01	2.71e-01	1.45e-02	1.89e-04	4.77e-10	1.14e-18	1.40e-18
 6.22249e+22	5.86e-10	1.00e-05	5.16e-03	1.37e-01	3.02e-01	2.87e-01	2.56e-01	1.29e-02	1.60e-04	5.86e-10	1.42e-18	1.74e-18
 6.25166e+22	7.12e-10	1.17e-05	5.80e-03	1.46e-01	3.10e-01	2.85e-01	2.42e-01	1.16e-02	1.37e-04	7.12e-10	1.74e-18	2.13e-18
 6.28472e+22	9.13e-10	1.43e-05	6.70e-03	1.59e-01	3.18e-01	2.81e-01	2.25e-01	1.02e-02	1.13e-04	9.13e-10	2.26e-18	2.76e-18
 6.31901e+22	1.14e-09	1.71e-05	7.60e-03	1.71e-01	3.26e-01	2.76e-01	2.10e-01	8.97e-03	9.40e-05	1.14e-09	2.85e-18	3.48e-18
 6.34982e+22	1.40e-09	2.01e-05	8.54e-03	1.83e-01	3.32e-01	2.72e-01	1.97e-01	7.97e-03	7.92e-05	1.40e-09	3.55e-18	4.33e-18
 6.38480e+22	1.83e-09	2.48e-05	9.91e-03	1.99e-01	3.39e-01	2.65e-01	1.80e-01	6.82e-03	6.34e-05	1.83e-09	4.71e-18	5.74e-18
 6.42077e+22	2.30e-09	2.96e-05	1.12e-02	2.13e-01	3.44e-01	2.59e-01	1.67e-01	5.96e-03	5.23e-05	2.30e-09	5.99e-18	7.29e-18
 6.45311e+22	2.87e-09	3.51e-05	1.26e-02	2.27e-01	3.49e-01	2.52e-01	1.55e-01	5.22e-03	4.33e-05	2.87e-09	7.57e-18	9.21e-18
 6.49027e+22	3.82e-09	4.35e-05	1.46e-02	2.45e-01	3.54e-01	2.43e-01	1.39e-01	4.38e-03	3.38e-05	3.82e-09	1.03e-17	1.25e-17
 6.52784e+22	4.83e-09	5.19e-05	1.65e-02	2.61e-01	3.57e-01	2.35e-01	1.28e-01	3.77e-03	2.75e-05	4.83e-09	1.32e-17	1.60e-17
 6.56595e+22	6.46e-09	6.44e-05	1.91e-02	2.80e-01	3.59e-01	2.24e-01	1.14e-01	3.13e-03	2.12e-05	6.46e-09	1.79e-17	2.17e-17
 6.60451e+22	8.19e-09	7.68e-05	2.15e-02	2.97e-01	3.60e-01	2.15e-01	1.04e-01	2.68e-03	1.71e-05	8.19e-09	2.31e-17	2.80e-17
 6.64366e+22	1.11e-08	9.56e-05	2.48e-02	3.18e-01	3.60e-01	2.03e-01	9.17e-02	2.19e-03	1.29e-05	1.11e-08	3.19e-17	3.86e-17
 6.68319e+22	1.40e-08	1.14e-04	2.78e-02	3.35e-01	3.59e-01	1.94e-01	8.28e-02	1.85e-03	1.03e-05	1.40e-08	4.12e-17	4.98e-17
 6.72320e+22	1.91e-08	1.42e-04	3.20e-02	3.57e-01	3.56e-01	1.81e-01	7.22e-02	1.49e-03	7.65e-06	1.91e-08	5.73e-17	6.92e-17
 6.76361e+22	2.42e-08	1.68e-04	3.57e-02	3.74e-01	3.53e-01	1.71e-01	6.47e-02	1.25e-03	6.04e-06	2.42e-08	7.43e-17	8.97e-17
 6.80456e+22	3.30e-08	2.09e-04	4.10e-02	3.96e-01	3.47e-01	1.59e-01	5.59e-02	9.96e-04	4.42e-06	3.30e-08	1.04e-16	1.25e-16
 6.84605e+22	4.21e-08	2.48e-04	4.56e-02	4.13e-01	3.42e-01	1.49e-01	4.96e-02	8.27e-04	3.44e-06	4.21e-08	1.36e-16	1.63e-16
 6.88824e+22	5.76e-08	3.09e-04	5.22e-02	4.34e-01	3.34e-01	1.36e-01	4.23e-02	6.47e-04	2.47e-06	5.76e-08	1.91e-16	2.30e-16
 6.92971e+22	7.26e-08	3.62e-04	5.76e-02	4.50e-01	3.27e-01	1.27e-01	3.74e-02	5.37e-04	1.93e-06	7.26e-08	2.46e-16	2.96e-16
 6.96444e+22	9.04e-08	4.21e-04	6.31e-02	4.64e-01	3.20e-01	1.19e-01	3.33e-02	4.49e-04	1.52e-06	9.04e-08	3.13e-16	3.77e-16
 6.99792e+22	1.12e-07	4.88e-04	6.88e-02	4.77e-01	3.12e-01	1.11e-01	2.96e-02	3.76e-04	1.20e-06	1.12e-07	3.97e-16	4.76e-16
 7.03558e+22	1.46e-07	5.85e-04	7.67e-02	4.93e-01	3.02e-01	1.02e-01	2.54e-02	2.99e-04	8.85e-07	1.46e-07	5.34e-16	6.40e-16
 7.07313e+22	1.81e-07	6.75e-04	8.33e-02	5.05e-01	2.94e-01	9.45e-02	2.25e-02	2.49e-04	6.94e-07	1.81e-07	6.74e-16	8.08e-16
 7.11056e+22	2.35e-07	8.06e-04	9.23e-02	5.19e-01	2.83e-01	8.59e-02	1.93e-02	1.97e-04	5.10e-07	2.35e-07	9.02e-16	1.08e-15
 7.14868e+22	2.91e-07	9.31e-04	1.00e-01	5.29e-01	2.73e-01	7.92e-02	1.69e-02	1.62e-04	3.94e-07	2.91e-07	1.15e-15	1.37e-15
 7.18770e+22	3.80e-07	1.11e-03	1.11e-01	5.41e-01	2.61e-01	7.13e-02	1.43e-02	1.27e-04	2.84e-07	3.80e-07	1.55e-15	1.85e-15
 7.22712e+22	4.71e-07	1.28e-03	1.20e-01	5.50e-01	2.51e-01	6.53e-02	1.25e-02	1.03e-04	2.18e-07	4.71e-07	1.97e-15	2.35e-15
 7.26704e+22	6.21e-07	1.54e-03	1.32e-01	5.59e-01	2.38e-01	5.81e-02	1.04e-02	7.91e-05	1.53e-07	6.21e-07	2.69e-15	3.21e-15
 7.30688e+22	7.63e-07	1.77e-03	1.43e-01	5.65e-01	2.28e-01	5.31e-02	9.04e-03	6.45e-05	0.00e+00	7.63e-07	3.39e-15	4.05e-15
 7.33884e+22	9.11e-07	1.99e-03	1.52e-01	5.70e-01	2.19e-01	4.90e-02	8.00e-03	5.39e-05	0.00e+00	9.11e-07	4.15e-15	4.94e-15
 7.37259e+22	1.13e-06	2.29e-03	1.64e-01	5.74e-01	2.09e-01	4.42e-02	6.87e-03	4.31e-05	0.00e+00	1.13e-06	5.33e-15	6.34e-15
 7.40683e+22	1.35e-06	2.58e-03	1.74e-01	5.77e-01	2.00e-01	4.06e-02	6.04e-03	3.58e-05	0.00e+00	1.35e-06	6.54e-15	7.77e-15
 7.43694e+22	1.61e-06	2.89e-03	1.84e-01	5.79e-01	1.92e-01	3.73e-02	5.32e-03	2.98e-05	0.00e+00	1.61e-06	7.98e-15	9.47e-15
 7.47134e+22	2.00e-06	3.33e-03	1.98e-01	5.80e-01	1.81e-01	3.34e-02	4.53e-03	2.36e-05	0.00e+00	2.00e-06	1.03e-14	1.22e-14
 7.50615e+22	2.39e-06	3.74e-03	2.10e-01	5.80e-01	1.73e-01	3.05e-02	3.96e-03	1.94e-05	0.00e+00	2.39e-06	1.26e-14	1.49e-14
 7.53663e+22	2.84e-06	4.17e-03	2.22e-01	5.79e-01	1.64e-01	2.78e-02	3.47e-03	1.60e-05	0.00e+00	2.84e-06	1.54e-14	1.82e-14
 7.57140e+22	3.53e-06	4.81e-03	2.37e-01	5.76e-01	1.54e-01	2.47e-02	2.92e-03	1.25e-05	0.00e+00	3.53e-06	1.98e-14	2.34e-14
 7.60645e+22	4.18e-06	5.36e-03	2.50e-01	5.73e-01	1.46e-01	2.24e-02	2.55e-03	1.03e-05	0.00e+00	4.18e-06	2.41e-14	2.85e-14
 7.64185e+22	5.18e-06	6.15e-03	2.67e-01	5.68e-01	1.37e-01	1.98e-02	2.14e-03	7.97e-06	0.00e+00	5.18e-06	3.10e-14	3.66e-14
 7.67781e+22	6.18e-06	6.89e-03	2.81e-01	5.63e-01	1.29e-01	1.78e-02	1.84e-03	6.44e-06	0.00e+00	6.18e-06	3.82e-14	4.51e-14
 7.70944e+22	7.31e-06	7.68e-03	2.95e-01	5.57e-01	1.22e-01	1.61e-02	1.60e-03	5.24e-06	0.00e+00	7.31e-06	4.65e-14	5.49e-14
 7.74553e+22	9.03e-06	8.78e-03	3.14e-01	5.49e-01	1.13e-01	1.41e-02	1.33e-03	4.03e-06	0.00e+00	9.03e-06	5.98e-14	7.05e-14
 7.78241e+22	1.08e-05	9.82e-03	3.30e-01	5.41e-01	1.06e-01	1.26e-02	1.14e-03	3.22e-06	0.00e+00	1.08e-05	7.36e-14	8.68e-14
 7.81531e+22	1.27e-05	1.09e-02	3.45e-01	5.32e-01	9.90e-02	1.13e-02	9.74e-04	2.58e-06	0.00e+00	1.27e-05	9.01e-14	1.06e-13
 7.85311e+22	1.58e-05	1.25e-02	3.66e-01	5.20e-01	9.09e-02	9.75e-03	7.97e-04	1.94e-06	0.00e+00	1.58e-05	1.17e-13	1.38e-13
 7.89149e+22	1.88e-05	1.40e-02	3.83e-01	5.09e-01	8.44e-02	8.62e-03	6.74e-04	1.53e-06	0.00e+00	1.88e-05	1.44e-13	1.70e-13
 7.93060e+22	2.33e-05	1.60e-02	4.05e-01	4.94e-01	7.71e-02	7.40e-03	5.48e-04	1.14e-06	0.00e+00	2.33e-05	1.86e-13	2.20e-13
 7.97071e+22	2.81e-05	1.80e-02	4.24e-01	4.81e-01	7.08e-02	6.44e-03	4.55e-04	8.77e-07	0.00e+00	2.81e-05	2.33e-13	2.75e-13
 8.00614e+22	3.33e-05	2.00e-02	4.41e-01	4.67e-01	6.53e-02	5.65e-03	3.82e-04	6.85e-07	0.00e+00	3.33e-05	2.86e-13	3.38e-13
 8.04619e+22	4.12e-05	2.29e-02	4.64e-01	4.49e-01	5.89e-02	4.78e-03	3.06e-04	4.99e-07	0.00e+00	4.12e-05	3.72e-13	4.39e-13
 8.08754e+22	4.93e-05	2.56e-02	4.83e-01	4.33e-01	5.37e-02	4.13e-03	2.52e-04	3.79e-07	0.00e+00	4.93e-05	4.64e-13	5.47e-13
 8.13059e+22	6.18e-05	2.95e-02	5.07e-01	4.12e-01	4.77e-02	3.42e-03	1.97e-04	2.68e-07	0.00e+00	6.18e-05	6.13e-13	7.23e-13
 8.16802e+22	7.07e-05	3.20e-02	5.21e-01	4.00e-01	4.43e-02	3.05e-03	1.69e-04	2.16e-07	0.00e+00	7.07e-05	7.21e-13	8.51e-13
 8.19404e+22	7.92e-05	3.44e-02	5.33e-01	3.88e-01	4.15e-02	2.76e-03	1.48e-04	1.80e-07	0.00e+00	7.92e-05	8.32e-13	9.82e-13
 8.22377e+22	9.22e-05	3.78e-02	5.48e-01	3.73e-01	3.81e-02	2.41e-03	1.25e-04	1.41e-07	0.00e+00	9.22e-05	1.00e-12	1.19e-12
 8.25478e+22	1.05e-04	4.09e-02	5.61e-01	3.60e-01	3.53e-02	2.14e-03	1.07e-04	0.00e+00	0.00e+00	1.05e-04	1.18e-12	1.39e-12
 8.28747e+22	1.23e-04	4.51e-02	5.77e-01	3.44e-01	3.20e-02	1.84e-03	8.81e-05	0.00e+00	0.00e+00	1.23e-04	1.45e-12	1.71e-12
 8.32066e+22	1.41e-04	4.91e-02	5.90e-01	3.29e-01	2.94e-02	1.62e-03	7.45e-05	0.00e+00	0.00e+00	1.41e-04	1.71e-12	2.02e-12
 8.34954e+22	1.60e-04	5.31e-02	6.02e-01	3.16e-01	2.70e-02	1.43e-03	6.34e-05	0.00e+00	0.00e+00	1.60e-04	2.01e-12	2.38e-12
 8.38216e+22	1.89e-04	5.86e-02	6.17e-01	2.99e-01	2.43e-02	1.21e-03	5.16e-05	0.00e+00	0.00e+00	1.89e-04	2.47e-12	2.91e-12
 8.41539e+22	2.14e-04	6.32e-02	6.28e-01	2.85e-01	2.22e-02	1.06e-03	4.37e-05	0.00e+00	0.00e+00	2.14e-04	2.90e-12	3.43e-12
 8.44945e+22	2.51e-04	6.97e-02	6.41e-01	2.69e-01	1.99e-02	9.01e-04	3.53e-05	0.00e+00	0.00e+00	2.51e-04	3.56e-12	4.20e-12
 8.48448e+22	2.88e-04	7.56e-02	6.51e-01	2.54e-01	1.80e-02	7.76e-04	2.93e-05	0.00e+00	0.00e+00	2.88e-04	4.24e-12	5.00e-12
 8.51583e+22	3.28e-04	8.19e-02	6.60e-01	2.40e-01	1.63e-02	6.71e-04	2.44e-05	0.00e+00	0.00e+00	3.28e-04	5.02e-12	5.92e-12
 8.55161e+22	3.88e-04	9.05e-02	6.71e-01	2.23e-01	1.43e-02	5.55e-04	1.92e-05	0.00e+00	0.00e+00	3.88e-04	6.24e-12	7.35e-12
 8.58801e+22	4.43e-04	9.78e-02	6.79e-01	2.10e-01	1.29e-02	4.75e-04	1.59e-05	0.00e+00	0.00e+00	4.43e-04	7.39e-12	8.71e-12
 8.62519e+22	5.22e-04	1.08e-01	6.87e-01	1.93e-01	1.13e-02	3.90e-04	1.24e-05	0.00e+00	0.00e+00	5.22e-04	9.16e-12	1.08e-11
 8.66372e+22	6.01e-04	1.17e-01	6.92e-01	1.80e-01	9.95e-03	3.27e-04	9.98e-06	0.00e+00	0.00e+00	6.01e-04	1.10e-11	1.30e-11
 8.69855e+22	6.90e-04	1.27e-01	6.97e-01	1.67e-01	8.82e-03	2.75e-04	8.06e-06	0.00e+00	0.00e+00	6.90e-04	1.32e-11	1.56e-11
 8.73839e+22	8.23e-04	1.41e-01	7.00e-01	1.51e-01	7.53e-03	2.19e-04	6.09e-06	0.00e+00	0.00e+00	8.23e-04	1.66e-11	1.96e-11
 8.77858e+22	9.40e-04	1.52e-01	7.01e-01	1.39e-01	6.63e-03	1.82e-04	4.88e-06	0.00e+00	0.00e+00	9.40e-04	1.99e-11	2.34e-11
 8.81923e+22	1.12e-03	1.68e-01	7.01e-01	1.24e-01	5.63e-03	1.44e-04	3.66e-06	0.00e+00	0.00e+00	1.12e-03	2.50e-11	2.94e-11
 8.86069e+22	1.28e-03	1.82e-01	6.99e-01	1.13e-01	4.89e-03	1.18e-04	2.88e-06	0.00e+00	0.00e+00	1.28e-03	2.99e-11	3.52e-11
 8.90319e+22	1.53e-03	2.01e-01	6.93e-01	1.00e-01	4.10e-03	9.11e-05	2.12e-06	0.00e+00	0.00e+00	1.53e-03	3.77e-11	4.44e-11
 8.94632e+22	1.75e-03	2.17e-01	6.87e-01	9.02e-02	3.52e-03	7.36e-05	1.64e-06	0.00e+00	0.00e+00	1.75e-03	4.53e-11	5.34e-11
 8.99026e+22	2.09e-03	2.40e-01	6.77e-01	7.86e-02	2.91e-03	5.59e-05	1.19e-06	0.00e+00	0.00e+00	2.09e-03	5.73e-11	6.76e-11
 9.03501e+22	2.41e-03	2.59e-01	6.66e-01	6.98e-02	2.47e-03	4.43e-05	9.05e-07	0.00e+00	0.00e+00	2.41e-03	6.91e-11	8.16e-11
 9.08079e+22	2.88e-03	2.86e-01	6.49e-01	5.97e-02	2.01e-03	3.29e-05	6.41e-07	0.00e+00	0.00e+00	2.88e-03	8.79e-11	1.04e-10
 9.12757e+22	3.34e-03	3.10e-01	6.33e-01	5.20e-02	1.68e-03	2.55e-05	4.77e-07	0.00e+00	0.00e+00	3.34e-03	1.07e-10	1.26e-10
 9.17565e+22	4.02e-03	3.43e-01	6.08e-01	4.33e-02	1.34e-03	1.82e-05	3.26e-07	0.00e+00	0.00e+00	4.02e-03	1.38e-10	1.63e-10
 9.22446e+22	4.68e-03	3.72e-01	5.85e-01	3.70e-02	1.11e-03	1.38e-05	2.39e-07	0.00e+00	0.00e+00	4.68e-03	1.68e-10	1.99e-10
 9.25157e+22	4.98e-03	3.88e-01	5.71e-01	3.49e-02	1.03e-03	1.26e-05	2.16e-07	0.00e+00	0.00e+00	4.98e-03	1.81e-10	2.14e-10
