#depth	H	H+	H2
 1.54284e+22	6.47e-07	1.00e+00	3.47e-32
 3.40639e+22	1.10e-06	1.00e+00	1.48e-31
 3.88378e+22	1.46e-06	1.00e+00	2.07e-31
 4.11879e+22	1.70e-06	1.00e+00	3.40e-31
 4.21946e+22	1.78e-06	1.00e+00	3.93e-31
 4.27081e+22	1.88e-06	1.00e+00	4.72e-31
 4.32415e+22	1.98e-06	1.00e+00	5.53e-31
 4.37781e+22	2.10e-06	1.00e+00	6.62e-31
 4.43251e+22	2.22e-06	1.00e+00	7.78e-31
 4.48601e+22	2.36e-06	1.00e+00	9.17e-31
 4.54035e+22	2.49e-06	1.00e+00	1.08e-30
 4.59420e+22	2.65e-06	1.00e+00	1.26e-30
 4.64758e+22	2.80e-06	1.00e+00	1.45e-30
 4.70190e+22	2.98e-06	1.00e+00	1.71e-30
 4.75603e+22	3.14e-06	1.00e+00	1.97e-30
 4.81008e+22	3.34e-06	1.00e+00	2.29e-30
 4.86551e+22	3.54e-06	1.00e+00	2.65e-30
 4.91950e+22	3.75e-06	1.00e+00	3.05e-30
 4.97383e+22	3.97e-06	1.00e+00	3.50e-30
 5.02871e+22	4.21e-06	1.00e+00	4.03e-30
 5.08395e+22	4.46e-06	1.00e+00	4.64e-30
 5.14000e+22	4.72e-06	1.00e+00	5.37e-30
 5.19659e+22	5.00e-06	1.00e+00	6.22e-30
 5.25420e+22	5.31e-06	1.00e+00	7.37e-30
 5.31271e+22	5.62e-06	1.00e+00	8.63e-30
 5.36635e+22	5.90e-06	1.00e+00	9.94e-30
 5.42232e+22	6.27e-06	1.00e+00	1.18e-29
 5.47914e+22	6.58e-06	1.00e+00	1.38e-29
 5.53763e+22	7.01e-06	1.00e+00	1.68e-29
 5.59653e+22	7.35e-06	1.00e+00	1.98e-29
 5.65599e+22	7.83e-06	1.00e+00	2.44e-29
 5.71556e+22	8.20e-06	1.00e+00	2.88e-29
 5.77528e+22	8.72e-06	1.00e+00	3.59e-29
 5.83559e+22	9.14e-06	1.00e+00	4.27e-29
 5.89667e+22	9.71e-06	1.00e+00	5.37e-29
 5.95852e+22	1.02e-05	1.00e+00	6.43e-29
 6.02136e+22	1.08e-05	1.00e+00	8.16e-29
 6.08527e+22	1.14e-05	1.00e+00	9.84e-29
 6.15056e+22	1.21e-05	1.00e+00	1.26e-28
 6.21726e+22	1.27e-05	1.00e+00	1.53e-28
 6.28579e+22	1.35e-05	1.00e+00	1.99e-28
 6.35594e+22	1.42e-05	1.00e+00	2.43e-28
 6.41502e+22	1.49e-05	1.00e+00	2.96e-28
 6.47861e+22	1.58e-05	1.00e+00	3.90e-28
 6.54321e+22	1.65e-05	1.00e+00	4.83e-28
 6.59913e+22	1.72e-05	1.00e+00	5.93e-28
 6.66183e+22	1.82e-05	1.00e+00	7.72e-28
 6.72432e+22	1.90e-05	1.00e+00	9.40e-28
 6.78654e+22	2.00e-05	1.00e+00	1.22e-27
 6.84963e+22	2.09e-05	1.00e+00	1.49e-27
 6.91387e+22	2.21e-05	1.00e+00	1.93e-27
 6.97924e+22	2.30e-05	1.00e+00	2.37e-27
 7.04609e+22	2.44e-05	1.00e+00	3.11e-27
 7.11397e+22	2.54e-05	1.00e+00	3.83e-27
 7.18320e+22	2.70e-05	1.00e+00	5.04e-27
 7.25410e+22	2.82e-05	1.00e+00	6.27e-27
 7.32717e+22	3.00e-05	1.00e+00	8.33e-27
 7.40202e+22	3.14e-05	1.00e+00	1.05e-26
 7.47917e+22	3.35e-05	1.00e+00	1.40e-26
 7.55710e+22	3.51e-05	1.00e+00	1.76e-26
 7.63605e+22	3.74e-05	1.00e+00	2.38e-26
 7.71587e+22	3.92e-05	1.00e+00	2.99e-26
 7.79680e+22	4.18e-05	1.00e+00	4.05e-26
 7.87586e+22	4.38e-05	1.00e+00	5.03e-26
 7.95250e+22	4.64e-05	1.00e+00	6.64e-26
 8.03275e+22	4.89e-05	1.00e+00	8.44e-26
 8.10052e+22	5.10e-05	1.00e+00	1.03e-25
 8.17147e+22	5.37e-05	1.00e+00	1.32e-25
 8.24463e+22	5.63e-05	1.00e+00	1.63e-25
 8.31000e+22	5.87e-05	1.00e+00	2.00e-25
 8.38431e+22	6.20e-05	1.00e+00	2.59e-25
 8.46182e+22	6.51e-05	1.00e+00	3.25e-25
 8.53162e+22	6.81e-05	1.00e+00	4.03e-25
 8.61050e+22	7.21e-05	1.00e+00	5.28e-25
 8.69255e+22	7.59e-05	1.00e+00	6.71e-25
 8.76617e+22	7.96e-05	1.00e+00	8.39e-25
 8.84934e+22	8.45e-05	1.00e+00	1.11e-24
 8.93528e+22	8.91e-05	1.00e+00	1.42e-24
 9.01196e+22	9.36e-05	1.00e+00	1.79e-24
 9.09878e+22	9.95e-05	1.00e+00	2.39e-24
 9.18882e+22	1.05e-04	1.00e+00	3.10e-24
 9.26963e+22	1.11e-04	1.00e+00	3.94e-24
 9.36127e+22	1.18e-04	1.00e+00	5.24e-24
 9.45590e+22	1.25e-04	1.00e+00	6.82e-24
 9.54134e+22	1.32e-04	1.00e+00	8.81e-24
 9.63934e+22	1.42e-04	1.00e+00	1.23e-23
 9.73812e+22	1.50e-04	1.00e+00	1.60e-23
 9.83792e+22	1.61e-04	1.00e+00	2.22e-23
 9.93998e+22	1.71e-04	1.00e+00	2.95e-23
 1.00298e+23	1.81e-04	1.00e+00	3.84e-23
 1.01313e+23	1.95e-04	1.00e+00	5.42e-23
 1.02352e+23	2.07e-04	1.00e+00	7.20e-23
 1.03425e+23	2.23e-04	1.00e+00	1.03e-22
 1.04514e+23	2.38e-04	1.00e+00	1.39e-22
 1.05479e+23	2.53e-04	1.00e+00	1.87e-22
 1.06588e+23	2.74e-04	1.00e+00	2.73e-22
 1.07715e+23	2.92e-04	1.00e+00	3.73e-22
 1.08694e+23	3.10e-04	1.00e+00	5.03e-22
 1.09628e+23	3.28e-04	1.00e+00	6.69e-22
 1.10523e+23	3.46e-04	1.00e+00	8.83e-22
 1.11532e+23	3.73e-04	1.00e+00	1.27e-21
 1.12529e+23	3.93e-04	1.00e+00	1.68e-21
 1.13512e+23	4.21e-04	1.00e+00	2.39e-21
 1.14522e+23	4.46e-04	1.00e+00	3.25e-21
 1.15566e+23	4.79e-04	1.00e+00	4.74e-21
 1.16616e+23	5.08e-04	9.99e-01	6.51e-21
 1.17676e+23	5.47e-04	9.99e-01	9.66e-21
 1.18749e+23	5.81e-04	9.99e-01	1.35e-20
 1.19607e+23	6.10e-04	9.99e-01	1.77e-20
 1.20491e+23	6.47e-04	9.99e-01	2.52e-20
 1.21402e+23	6.81e-04	9.99e-01	3.32e-20
 1.22216e+23	7.14e-04	9.99e-01	4.43e-20
 1.23145e+23	7.59e-04	9.99e-01	6.50e-20
 1.24082e+23	8.00e-04	9.99e-01	9.12e-20
 1.24899e+23	8.40e-04	9.99e-01	1.24e-19
 1.25832e+23	8.93e-04	9.99e-01	1.88e-19
 1.26782e+23	9.41e-04	9.99e-01	2.74e-19
 1.27624e+23	9.89e-04	9.99e-01	3.86e-19
 1.28589e+23	1.05e-03	9.99e-01	6.25e-19
 1.29568e+23	1.11e-03	9.99e-01	9.69e-19
 1.30566e+23	1.18e-03	9.99e-01	1.65e-18
 1.31573e+23	1.25e-03	9.99e-01	2.75e-18
 1.32460e+23	1.32e-03	9.99e-01	4.31e-18
 1.33478e+23	1.40e-03	9.99e-01	9.34e-18
 1.34511e+23	1.48e-03	9.99e-01	1.60e-17
 1.35562e+23	1.58e-03	9.98e-01	3.48e-17
 1.36633e+23	1.68e-03	9.98e-01	6.75e-17
 1.37731e+23	1.80e-03	9.98e-01	1.28e-16
 1.38849e+23	1.90e-03	9.98e-01	2.17e-16
 1.39842e+23	2.01e-03	9.98e-01	3.23e-16
 1.40982e+23	2.16e-03	9.98e-01	5.17e-16
 1.41983e+23	2.25e-03	9.98e-01	6.57e-16
 1.42428e+23	2.27e-03	9.98e-01	6.86e-16
 1.42633e+23	2.30e-03	9.98e-01	7.40e-16
 1.42899e+23	2.34e-03	9.98e-01	8.22e-16
 1.43245e+23	2.39e-03	9.98e-01	9.27e-16
 1.43696e+23	2.45e-03	9.98e-01	1.08e-15
 1.44281e+23	2.55e-03	9.97e-01	1.38e-15
 1.45041e+23	2.67e-03	9.97e-01	1.83e-15
 1.45872e+23	2.80e-03	9.97e-01	2.43e-15
 1.46667e+23	2.92e-03	9.97e-01	3.10e-15
 1.47574e+23	3.08e-03	9.97e-01	4.16e-15
 1.48503e+23	3.23e-03	9.97e-01	5.33e-15
 1.49461e+23	3.43e-03	9.97e-01	7.20e-15
 1.50421e+23	3.59e-03	9.96e-01	9.03e-15
 1.51384e+23	3.80e-03	9.96e-01	1.18e-14
 1.52378e+23	3.99e-03	9.96e-01	1.49e-14
 1.53412e+23	4.24e-03	9.96e-01	1.97e-14
 1.54458e+23	4.46e-03	9.96e-01	2.45e-14
 1.55521e+23	4.73e-03	9.95e-01	3.18e-14
 1.56614e+23	4.99e-03	9.95e-01	3.97e-14
 1.57745e+23	5.33e-03	9.95e-01	5.19e-14
 1.58876e+23	5.61e-03	9.94e-01	6.39e-14
 1.60009e+23	6.00e-03	9.94e-01	8.31e-14
 1.61158e+23	6.32e-03	9.94e-01	1.02e-13
 1.62325e+23	6.77e-03	9.93e-01	1.34e-13
 1.63506e+23	7.15e-03	9.93e-01	1.66e-13
 1.64519e+23	7.53e-03	9.92e-01	2.06e-13
 1.65651e+23	8.05e-03	9.92e-01	2.68e-13
 1.66844e+23	8.56e-03	9.91e-01	3.36e-13
 1.68116e+23	9.29e-03	9.91e-01	4.60e-13
 1.69377e+23	9.84e-03	9.90e-01	5.79e-13
 1.70624e+23	1.07e-02	9.89e-01	7.89e-13
 1.71897e+23	1.14e-02	9.89e-01	1.03e-12
 1.73203e+23	1.26e-02	9.87e-01	1.46e-12
 1.74516e+23	1.36e-02	9.86e-01	1.92e-12
 1.75837e+23	1.51e-02	9.85e-01	2.80e-12
 1.77183e+23	1.66e-02	9.83e-01	3.86e-12
 1.78564e+23	1.88e-02	9.81e-01	5.88e-12
 1.79777e+23	2.05e-02	9.80e-01	7.75e-12
 1.80637e+23	2.23e-02	9.78e-01	1.01e-11
 1.81620e+23	2.49e-02	9.75e-01	1.42e-11
 1.82670e+23	2.80e-02	9.72e-01	2.01e-11
 1.83652e+23	3.17e-02	9.68e-01	2.88e-11
 1.84775e+23	3.77e-02	9.62e-01	4.65e-11
 1.85895e+23	4.50e-02	9.55e-01	7.38e-11
 1.86772e+23	5.28e-02	9.47e-01	1.11e-10
 1.87532e+23	6.21e-02	9.38e-01	1.65e-10
 1.88253e+23	7.35e-02	9.26e-01	2.47e-10
 1.88933e+23	8.80e-02	9.12e-01	3.75e-10
 1.89554e+23	1.05e-01	8.95e-01	5.63e-10
 1.90102e+23	1.26e-01	8.74e-01	8.31e-10
 1.90590e+23	1.49e-01	8.51e-01	1.19e-09
 1.91032e+23	1.75e-01	8.25e-01	1.69e-09
 1.91439e+23	2.04e-01	7.96e-01	2.33e-09
 1.91814e+23	2.36e-01	7.64e-01	3.16e-09
 1.92161e+23	2.71e-01	7.29e-01	4.21e-09
 1.92478e+23	3.08e-01	6.92e-01	5.42e-09
 1.92693e+23	3.34e-01	6.66e-01	6.31e-09
 1.92801e+23	3.47e-01	6.53e-01	6.85e-09
 1.92897e+23	3.60e-01	6.40e-01	7.35e-09
 1.93020e+23	3.77e-01	6.23e-01	8.08e-09
 1.93161e+23	3.97e-01	6.03e-01	8.97e-09
 1.93300e+23	4.17e-01	5.83e-01	9.79e-09
 1.93443e+23	4.38e-01	5.62e-01	1.08e-08
 1.93591e+23	4.59e-01	5.41e-01	1.18e-08
 1.93743e+23	4.81e-01	5.19e-01	1.29e-08
 1.93904e+23	5.05e-01	4.95e-01	1.41e-08
 1.94067e+23	5.28e-01	4.72e-01	1.53e-08
 1.94193e+23	5.45e-01	4.55e-01	1.61e-08
 1.94275e+23	5.56e-01	4.44e-01	1.67e-08
 1.94352e+23	5.66e-01	4.34e-01	1.73e-08
 1.94444e+23	5.78e-01	4.22e-01	1.80e-08
 1.94545e+23	5.91e-01	4.09e-01	1.87e-08
 1.94647e+23	6.03e-01	3.97e-01	1.94e-08
 1.94748e+23	6.16e-01	3.84e-01	2.01e-08
 1.94846e+23	6.27e-01	3.73e-01	2.07e-08
 1.94948e+23	6.39e-01	3.61e-01	2.14e-08
 1.95054e+23	6.50e-01	3.50e-01	2.21e-08
 1.95164e+23	6.62e-01	3.38e-01	2.28e-08
 1.95274e+23	6.73e-01	3.27e-01	2.34e-08
 1.95386e+23	6.84e-01	3.16e-01	2.40e-08
 1.95501e+23	6.94e-01	3.06e-01	2.47e-08
 1.95621e+23	7.05e-01	2.95e-01	2.53e-08
 1.95744e+23	7.15e-01	2.85e-01	2.60e-08
 1.95869e+23	7.25e-01	2.75e-01	2.66e-08
 1.95997e+23	7.35e-01	2.65e-01	2.72e-08
 1.96130e+23	7.44e-01	2.56e-01	2.78e-08
 1.96267e+23	7.54e-01	2.46e-01	2.84e-08
 1.96408e+23	7.63e-01	2.37e-01	2.90e-08
 1.96553e+23	7.72e-01	2.28e-01	2.96e-08
 1.96702e+23	7.80e-01	2.20e-01	3.01e-08
 1.96857e+23	7.89e-01	2.11e-01	3.07e-08
 1.97017e+23	7.97e-01	2.03e-01	3.13e-08
 1.97182e+23	8.05e-01	1.95e-01	3.19e-08
 1.97352e+23	8.12e-01	1.88e-01	3.24e-08
 1.97528e+23	8.20e-01	1.80e-01	3.30e-08
 1.97710e+23	8.27e-01	1.73e-01	3.36e-08
 1.97896e+23	8.34e-01	1.66e-01	3.41e-08
 1.98084e+23	8.40e-01	1.60e-01	3.48e-08
 1.98278e+23	8.46e-01	1.54e-01	3.54e-08
 1.98479e+23	8.52e-01	1.48e-01	3.60e-08
 1.98685e+23	8.58e-01	1.42e-01	3.67e-08
 1.98892e+23	8.63e-01	1.37e-01	3.74e-08
 1.99106e+23	8.68e-01	1.32e-01	3.82e-08
 1.99332e+23	8.73e-01	1.27e-01	3.90e-08
 1.99563e+23	8.77e-01	1.23e-01	3.98e-08
 1.99799e+23	8.81e-01	1.19e-01	4.07e-08
 2.00046e+23	8.86e-01	1.14e-01	4.18e-08
 2.00304e+23	8.90e-01	1.10e-01	4.30e-08
 2.00571e+23	8.94e-01	1.06e-01	4.43e-08
 2.00847e+23	8.97e-01	1.03e-01	4.59e-08
 2.01124e+23	9.01e-01	9.92e-02	4.75e-08
 2.01394e+23	9.04e-01	9.61e-02	4.92e-08
 2.01656e+23	9.07e-01	9.33e-02	5.10e-08
 2.01908e+23	9.09e-01	9.08e-02	5.30e-08
 2.02151e+23	9.12e-01	8.84e-02	5.45e-08
 2.02381e+23	9.14e-01	8.62e-02	5.62e-08
 2.02595e+23	9.16e-01	8.43e-02	5.78e-08
 2.02803e+23	9.18e-01	8.24e-02	5.96e-08
 2.03011e+23	9.19e-01	8.05e-02	6.15e-08
 2.03213e+23	9.21e-01	7.88e-02	6.36e-08
 2.03409e+23	9.23e-01	7.71e-02	6.58e-08
 2.03597e+23	9.24e-01	7.55e-02	6.80e-08
 2.03779e+23	9.26e-01	7.40e-02	7.05e-08
 2.03955e+23	9.27e-01	7.26e-02	7.28e-08
 2.04126e+23	9.29e-01	7.12e-02	7.54e-08
 2.04291e+23	9.30e-01	6.98e-02	7.81e-08
 2.04450e+23	9.31e-01	6.85e-02	8.09e-08
 2.04604e+23	9.33e-01	6.73e-02	8.40e-08
 2.04750e+23	9.34e-01	6.61e-02	8.70e-08
 2.04892e+23	9.35e-01	6.50e-02	9.05e-08
 2.05032e+23	9.36e-01	6.38e-02	9.40e-08
 2.05159e+23	9.37e-01	6.28e-02	9.73e-08
 2.05274e+23	9.38e-01	6.20e-02	1.01e-07
 2.05380e+23	9.39e-01	6.12e-02	1.04e-07
 2.05475e+23	9.40e-01	6.04e-02	1.07e-07
 2.05563e+23	9.40e-01	5.98e-02	1.10e-07
 2.05642e+23	9.41e-01	5.92e-02	1.12e-07
 2.05714e+23	9.41e-01	5.87e-02	1.15e-07
 2.05793e+23	9.42e-01	5.80e-02	1.18e-07
 2.05879e+23	9.43e-01	5.72e-02	1.21e-07
 2.05956e+23	9.43e-01	5.66e-02	1.23e-07
 2.06027e+23	9.44e-01	5.61e-02	1.26e-07
 2.06092e+23	9.44e-01	5.58e-02	1.28e-07
 2.06162e+23	9.45e-01	5.51e-02	1.30e-07
 2.06254e+23	9.46e-01	5.43e-02	1.34e-07
 2.06353e+23	9.47e-01	5.34e-02	1.37e-07
 2.06443e+23	9.47e-01	5.26e-02	1.39e-07
 2.06525e+23	9.48e-01	5.21e-02	1.42e-07
 2.06599e+23	9.49e-01	5.15e-02	1.44e-07
 2.06667e+23	9.49e-01	5.13e-02	1.45e-07
 2.06742e+23	9.49e-01	5.07e-02	1.46e-07
 2.06822e+23	9.50e-01	5.02e-02	1.48e-07
 2.06910e+23	9.50e-01	4.95e-02	1.49e-07
 2.07005e+23	9.51e-01	4.89e-02	1.51e-07
 2.07091e+23	9.52e-01	4.83e-02	1.53e-07
 2.07170e+23	9.52e-01	4.80e-02	1.54e-07
 2.07256e+23	9.53e-01	4.73e-02	1.54e-07
 2.07368e+23	9.53e-01	4.65e-02	1.55e-07
 2.07489e+23	9.54e-01	4.57e-02	1.57e-07
 2.07599e+23	9.55e-01	4.50e-02	1.57e-07
 2.07700e+23	9.56e-01	4.45e-02	1.57e-07
 2.07791e+23	9.56e-01	4.40e-02	1.57e-07
 2.07874e+23	9.56e-01	4.35e-02	1.57e-07
 2.07949e+23	9.57e-01	4.31e-02	1.57e-07
 2.08018e+23	9.57e-01	4.27e-02	1.57e-07
 2.08080e+23	9.58e-01	4.25e-02	1.56e-07
 2.08149e+23	9.58e-01	4.20e-02	1.56e-07
 2.08223e+23	9.58e-01	4.16e-02	1.55e-07
 2.08290e+23	9.59e-01	4.11e-02	1.55e-07
 2.08351e+23	9.59e-01	4.09e-02	1.55e-07
 2.08419e+23	9.59e-01	4.06e-02	1.54e-07
 2.08506e+23	9.60e-01	4.00e-02	1.54e-07
 2.08600e+23	9.61e-01	3.94e-02	1.54e-07
 2.08686e+23	9.61e-01	3.89e-02	1.53e-07
 2.08764e+23	9.61e-01	3.85e-02	1.52e-07
 2.08835e+23	9.62e-01	3.82e-02	1.52e-07
 2.08912e+23	9.62e-01	3.78e-02	1.51e-07
 2.09014e+23	9.63e-01	3.72e-02	1.50e-07
 2.09123e+23	9.63e-01	3.66e-02	1.50e-07
 2.09222e+23	9.64e-01	3.61e-02	1.49e-07
 2.09312e+23	9.64e-01	3.57e-02	1.49e-07
 2.09411e+23	9.65e-01	3.53e-02	1.48e-07
 2.09518e+23	9.65e-01	3.48e-02	1.47e-07
 2.09616e+23	9.66e-01	3.43e-02	1.47e-07
 2.09704e+23	9.66e-01	3.41e-02	1.47e-07
 2.09801e+23	9.66e-01	3.37e-02	1.46e-07
 2.09906e+23	9.67e-01	3.32e-02	1.45e-07
 2.10001e+23	9.67e-01	3.28e-02	1.44e-07
 2.10088e+23	9.67e-01	3.26e-02	1.44e-07
 2.10183e+23	9.68e-01	3.22e-02	1.43e-07
 2.10286e+23	9.68e-01	3.18e-02	1.43e-07
 2.10379e+23	9.68e-01	3.15e-02	1.43e-07
 2.10482e+23	9.69e-01	3.11e-02	1.42e-07
 2.10592e+23	9.69e-01	3.07e-02	1.42e-07
 2.10693e+23	9.70e-01	3.03e-02	1.41e-07
 2.10784e+23	9.70e-01	3.01e-02	1.41e-07
 2.10884e+23	9.70e-01	2.97e-02	1.40e-07
 2.10993e+23	9.71e-01	2.93e-02	1.40e-07
 2.11091e+23	9.71e-01	2.91e-02	1.40e-07
 2.11199e+23	9.71e-01	2.87e-02	1.39e-07
 2.11315e+23	9.72e-01	2.82e-02	1.39e-07
 2.11421e+23	9.72e-01	2.79e-02	1.38e-07
 2.11518e+23	9.72e-01	2.77e-02	1.38e-07
 2.11624e+23	9.73e-01	2.74e-02	1.37e-07
 2.11738e+23	9.73e-01	2.70e-02	1.37e-07
 2.11842e+23	9.73e-01	2.67e-02	1.37e-07
 2.11955e+23	9.74e-01	2.64e-02	1.36e-07
 2.12078e+23	9.74e-01	2.60e-02	1.36e-07
 2.12190e+23	9.74e-01	2.57e-02	1.36e-07
 2.12313e+23	9.75e-01	2.54e-02	1.36e-07
 2.12445e+23	9.75e-01	2.50e-02	1.36e-07
 2.12565e+23	9.75e-01	2.47e-02	1.36e-07
 2.12697e+23	9.76e-01	2.43e-02	1.36e-07
 2.12840e+23	9.76e-01	2.40e-02	1.36e-07
 2.12969e+23	9.76e-01	2.36e-02	1.36e-07
 2.13087e+23	9.77e-01	2.34e-02	1.35e-07
 2.13216e+23	9.77e-01	2.31e-02	1.35e-07
 2.13356e+23	9.77e-01	2.27e-02	1.35e-07
 2.13483e+23	9.77e-01	2.25e-02	1.35e-07
 2.13622e+23	9.78e-01	2.22e-02	1.35e-07
 2.13772e+23	9.78e-01	2.18e-02	1.35e-07
 2.13909e+23	9.78e-01	2.16e-02	1.35e-07
 2.14059e+23	9.79e-01	2.12e-02	1.35e-07
 2.14220e+23	9.79e-01	2.09e-02	1.35e-07
 2.14367e+23	9.79e-01	2.06e-02	1.35e-07
 2.14529e+23	9.80e-01	2.03e-02	1.34e-07
 2.14703e+23	9.80e-01	2.00e-02	1.35e-07
 2.14861e+23	9.80e-01	1.97e-02	1.34e-07
 2.15005e+23	9.81e-01	1.95e-02	1.34e-07
 2.15163e+23	9.81e-01	1.92e-02	1.34e-07
 2.15334e+23	9.81e-01	1.88e-02	1.34e-07
 2.15489e+23	9.81e-01	1.86e-02	1.34e-07
 2.15659e+23	9.82e-01	1.83e-02	1.34e-07
 2.15842e+23	9.82e-01	1.80e-02	1.34e-07
 2.16009e+23	9.82e-01	1.77e-02	1.34e-07
 2.16192e+23	9.83e-01	1.74e-02	1.34e-07
 2.16390e+23	9.83e-01	1.71e-02	1.34e-07
 2.16570e+23	9.83e-01	1.69e-02	1.34e-07
 2.16767e+23	9.83e-01	1.66e-02	1.34e-07
 2.16980e+23	9.84e-01	1.63e-02	1.34e-07
 2.17173e+23	9.84e-01	1.60e-02	1.34e-07
 2.17349e+23	9.84e-01	1.58e-02	1.34e-07
 2.17542e+23	9.84e-01	1.55e-02	1.34e-07
 2.17751e+23	9.85e-01	1.52e-02	1.34e-07
 2.17940e+23	9.85e-01	1.50e-02	1.34e-07
 2.18148e+23	9.85e-01	1.48e-02	1.34e-07
 2.18372e+23	9.86e-01	1.45e-02	1.34e-07
 2.18577e+23	9.86e-01	1.43e-02	1.34e-07
 2.18762e+23	9.86e-01	1.41e-02	1.34e-07
 2.18966e+23	9.86e-01	1.38e-02	1.34e-07
 2.19186e+23	9.86e-01	1.36e-02	1.34e-07
 2.19427e+23	9.87e-01	1.33e-02	1.34e-07
 2.19687e+23	9.87e-01	1.30e-02	1.34e-07
 2.19923e+23	9.87e-01	1.28e-02	1.34e-07
 2.20138e+23	9.87e-01	1.26e-02	1.34e-07
 2.20374e+23	9.88e-01	1.24e-02	1.34e-07
 2.20629e+23	9.88e-01	1.21e-02	1.35e-07
 2.20861e+23	9.88e-01	1.19e-02	1.34e-07
 2.21072e+23	9.88e-01	1.18e-02	1.34e-07
 2.21303e+23	9.88e-01	1.15e-02	1.35e-07
 2.21603e+23	9.89e-01	1.12e-02	1.35e-07
 2.21950e+23	9.89e-01	1.09e-02	1.35e-07
 2.22309e+23	9.89e-01	1.06e-02	1.35e-07
 2.22674e+23	9.90e-01	1.04e-02	1.35e-07
 2.23045e+23	9.90e-01	1.01e-02	1.35e-07
 2.23421e+23	9.90e-01	9.80e-03	1.35e-07
 2.23800e+23	9.90e-01	9.52e-03	1.36e-07
 2.24183e+23	9.91e-01	9.26e-03	1.36e-07
 2.24572e+23	9.91e-01	9.00e-03	1.36e-07
 2.24964e+23	9.91e-01	8.75e-03	1.36e-07
 2.25360e+23	9.92e-01	8.50e-03	1.36e-07
 2.25760e+23	9.92e-01	8.25e-03	1.36e-07
 2.26163e+23	9.92e-01	8.02e-03	1.36e-07
 2.26570e+23	9.92e-01	7.79e-03	1.36e-07
 2.26980e+23	9.92e-01	7.56e-03	1.37e-07
 2.27393e+23	9.93e-01	7.34e-03	1.37e-07
 2.27809e+23	9.93e-01	7.12e-03	1.37e-07
 2.28228e+23	9.93e-01	6.91e-03	1.37e-07
 2.28650e+23	9.93e-01	6.71e-03	1.37e-07
 2.29076e+23	9.93e-01	6.51e-03	1.37e-07
 2.29504e+23	9.94e-01	6.32e-03	1.38e-07
 2.29936e+23	9.94e-01	6.13e-03	1.38e-07
 2.30370e+23	9.94e-01	5.94e-03	1.38e-07
 2.30808e+23	9.94e-01	5.76e-03	1.38e-07
 2.31256e+23	9.94e-01	5.59e-03	1.39e-07
 2.31713e+23	9.95e-01	5.41e-03	1.39e-07
 2.32174e+23	9.95e-01	5.24e-03	1.39e-07
 2.32641e+23	9.95e-01	5.08e-03	1.40e-07
 2.33113e+23	9.95e-01	4.92e-03	1.40e-07
 2.33589e+23	9.95e-01	4.76e-03	1.41e-07
 2.34071e+23	9.95e-01	4.61e-03	1.41e-07
 2.34559e+23	9.96e-01	4.46e-03	1.42e-07
 2.35055e+23	9.96e-01	4.31e-03	1.42e-07
 2.35558e+23	9.96e-01	4.17e-03	1.43e-07
 2.36076e+23	9.96e-01	4.03e-03	1.44e-07
 2.36606e+23	9.96e-01	3.89e-03	1.45e-07
 2.37144e+23	9.96e-01	3.75e-03	1.46e-07
 2.37692e+23	9.96e-01	3.62e-03	1.47e-07
 2.38250e+23	9.97e-01	3.49e-03	1.48e-07
 2.38818e+23	9.97e-01	3.36e-03	1.49e-07
 2.39396e+23	9.97e-01	3.24e-03	1.50e-07
 2.39987e+23	9.97e-01	3.12e-03	1.51e-07
 2.40593e+23	9.97e-01	3.00e-03	1.53e-07
 2.41213e+23	9.97e-01	2.88e-03	1.55e-07
 2.41848e+23	9.97e-01	2.77e-03	1.56e-07
 2.42497e+23	9.97e-01	2.66e-03	1.58e-07
 2.43162e+23	9.97e-01	2.55e-03	1.61e-07
 2.43843e+23	9.98e-01	2.45e-03	1.63e-07
 2.44539e+23	9.98e-01	2.34e-03	1.66e-07
 2.45245e+23	9.98e-01	2.24e-03	1.69e-07
 2.45957e+23	9.98e-01	2.15e-03	1.72e-07
 2.46678e+23	9.98e-01	2.06e-03	1.76e-07
 2.47407e+23	9.98e-01	1.97e-03	1.80e-07
 2.48143e+23	9.98e-01	1.88e-03	1.85e-07
 2.48886e+23	9.98e-01	1.80e-03	1.90e-07
 2.49637e+23	9.98e-01	1.72e-03	1.95e-07
 2.50397e+23	9.98e-01	1.65e-03	2.01e-07
 2.51165e+23	9.98e-01	1.57e-03	2.08e-07
 2.51939e+23	9.98e-01	1.50e-03	2.16e-07
 2.52717e+23	9.99e-01	1.43e-03	2.24e-07
 2.53507e+23	9.99e-01	1.37e-03	2.34e-07
 2.54306e+23	9.99e-01	1.30e-03	2.45e-07
 2.55113e+23	9.99e-01	1.24e-03	2.57e-07
 2.55931e+23	9.99e-01	1.18e-03	2.71e-07
 2.56759e+23	9.99e-01	1.13e-03	2.88e-07
 2.57595e+23	9.99e-01	1.07e-03	3.07e-07
 2.58432e+23	9.99e-01	1.02e-03	3.29e-07
 2.59243e+23	9.99e-01	9.75e-04	3.55e-07
 2.60000e+23	9.99e-01	9.34e-04	3.83e-07
 2.60705e+23	9.99e-01	8.96e-04	4.14e-07
 2.61371e+23	9.99e-01	8.62e-04	4.48e-07
 2.62006e+23	9.99e-01	8.31e-04	4.85e-07
 2.62613e+23	9.99e-01	8.02e-04	5.26e-07
 2.63190e+23	9.99e-01	7.76e-04	5.72e-07
 2.63735e+23	9.99e-01	7.51e-04	6.23e-07
 2.64252e+23	9.99e-01	7.28e-04	6.79e-07
 2.64743e+23	9.99e-01	7.08e-04	7.41e-07
 2.65211e+23	9.99e-01	6.89e-04	8.09e-07
 2.65655e+23	9.99e-01	6.68e-04	8.87e-07
 2.66075e+23	9.99e-01	6.52e-04	9.71e-07
 2.66472e+23	9.99e-01	6.37e-04	1.06e-06
 2.66853e+23	9.99e-01	6.23e-04	1.16e-06
 2.67222e+23	9.99e-01	6.09e-04	1.28e-06
 2.67576e+23	9.99e-01	5.97e-04	1.40e-06
 2.67914e+23	9.99e-01	5.85e-04	1.54e-06
 2.68234e+23	9.99e-01	5.74e-04	1.69e-06
 2.68542e+23	9.99e-01	5.63e-04	1.86e-06
 2.68838e+23	9.99e-01	5.53e-04	2.04e-06
 2.69126e+23	9.99e-01	5.43e-04	2.25e-06
 2.69405e+23	9.99e-01	5.34e-04	2.47e-06
 2.69673e+23	9.99e-01	5.25e-04	2.72e-06
 2.69931e+23	9.99e-01	5.17e-04	3.00e-06
 2.70181e+23	9.99e-01	5.09e-04	3.30e-06
 2.70425e+23	9.99e-01	5.02e-04	3.63e-06
 2.70665e+23	9.99e-01	4.94e-04	3.99e-06
 2.70902e+23	1.00e+00	4.87e-04	4.39e-06
 2.71133e+23	1.00e+00	4.80e-04	4.83e-06
 2.71361e+23	1.00e+00	4.73e-04	5.31e-06
 2.71586e+23	1.00e+00	4.67e-04	5.84e-06
 2.71811e+23	1.00e+00	4.60e-04	6.41e-06
 2.72036e+23	1.00e+00	4.54e-04	7.05e-06
 2.72262e+23	1.00e+00	4.47e-04	7.73e-06
 2.72489e+23	1.00e+00	4.40e-04	8.47e-06
 2.72720e+23	1.00e+00	4.34e-04	9.28e-06
 2.72956e+23	1.00e+00	4.28e-04	1.02e-05
 2.73197e+23	1.00e+00	4.21e-04	1.11e-05
 2.73444e+23	1.00e+00	4.14e-04	1.22e-05
 2.73700e+23	1.00e+00	4.07e-04	1.33e-05
 2.73967e+23	1.00e+00	4.00e-04	1.45e-05
 2.74245e+23	1.00e+00	3.93e-04	1.58e-05
 2.74535e+23	1.00e+00	3.86e-04	1.72e-05
 2.74838e+23	1.00e+00	3.77e-04	1.87e-05
 2.75160e+23	1.00e+00	3.69e-04	2.03e-05
 2.75503e+23	1.00e+00	3.61e-04	2.20e-05
 2.75867e+23	1.00e+00	3.52e-04	2.39e-05
 2.76250e+23	1.00e+00	3.43e-04	2.59e-05
 2.76652e+23	1.00e+00	3.34e-04	2.80e-05
 2.77078e+23	1.00e+00	3.25e-04	3.02e-05
 2.77535e+23	1.00e+00	3.14e-04	3.25e-05
 2.78026e+23	1.00e+00	3.04e-04	3.50e-05
 2.78549e+23	1.00e+00	2.93e-04	3.76e-05
 2.79105e+23	1.00e+00	2.82e-04	4.04e-05
 2.79696e+23	1.00e+00	2.70e-04	4.32e-05
 2.80331e+23	1.00e+00	2.58e-04	4.60e-05
 2.81016e+23	1.00e+00	2.46e-04	4.90e-05
 2.81752e+23	1.00e+00	2.33e-04	5.20e-05
 2.82544e+23	1.00e+00	2.20e-04	5.50e-05
 2.83403e+23	1.00e+00	2.06e-04	5.80e-05
 2.84337e+23	1.00e+00	1.92e-04	6.08e-05
 2.85353e+23	1.00e+00	1.77e-04	6.35e-05
 2.86459e+23	1.00e+00	1.62e-04	6.61e-05
 2.87660e+23	1.00e+00	1.48e-04	6.85e-05
 2.88959e+23	1.00e+00	1.33e-04	7.07e-05
 2.90352e+23	1.00e+00	1.18e-04	7.29e-05
 2.91819e+23	1.00e+00	1.05e-04	7.51e-05
 2.93325e+23	1.00e+00	9.22e-05	7.77e-05
 2.94766e+23	1.00e+00	8.19e-05	8.11e-05
 2.96017e+23	1.00e+00	7.39e-05	8.51e-05
 2.97048e+23	1.00e+00	6.79e-05	8.96e-05
 2.97914e+23	1.00e+00	6.30e-05	9.48e-05
 2.98668e+23	1.00e+00	5.90e-05	1.01e-04
 2.99335e+23	1.00e+00	5.56e-05	1.08e-04
 2.99880e+23	1.00e+00	5.30e-05	1.16e-04
 3.00280e+23	1.00e+00	5.11e-05	1.23e-04
 3.00577e+23	1.00e+00	4.97e-05	1.29e-04
 3.00821e+23	1.00e+00	4.85e-05	1.35e-04
 3.01039e+23	1.00e+00	4.75e-05	1.41e-04
 3.01236e+23	1.00e+00	4.65e-05	1.47e-04
 3.01417e+23	1.00e+00	4.57e-05	1.53e-04
 3.01583e+23	1.00e+00	4.50e-05	1.59e-04
 3.01740e+23	1.00e+00	4.43e-05	1.65e-04
 3.01890e+23	1.00e+00	4.37e-05	1.72e-04
 3.02033e+23	1.00e+00	4.31e-05	1.78e-04
 3.02172e+23	1.00e+00	4.26e-05	1.84e-04
 3.02309e+23	1.00e+00	4.22e-05	1.91e-04
 3.02444e+23	1.00e+00	4.18e-05	1.97e-04
 3.02578e+23	1.00e+00	4.15e-05	2.03e-04
 3.02712e+23	1.00e+00	4.12e-05	2.09e-04
 3.02848e+23	1.00e+00	4.10e-05	2.15e-04
 3.02985e+23	1.00e+00	4.08e-05	2.19e-04
 3.03126e+23	1.00e+00	4.06e-05	2.23e-04
 3.03270e+23	1.00e+00	4.05e-05	2.25e-04
 3.03420e+23	1.00e+00	4.05e-05	2.26e-04
 3.03576e+23	1.00e+00	4.04e-05	2.26e-04
 3.03741e+23	1.00e+00	4.04e-05	2.25e-04
 3.03916e+23	1.00e+00	4.04e-05	2.22e-04
 3.04106e+23	1.00e+00	4.04e-05	2.18e-04
 3.04309e+23	1.00e+00	4.03e-05	2.14e-04
 3.04529e+23	1.00e+00	4.01e-05	2.10e-04
 3.04780e+23	1.00e+00	3.98e-05	2.07e-04
 3.05083e+23	1.00e+00	3.91e-05	2.06e-04
 3.05468e+23	1.00e+00	3.80e-05	2.08e-04
 3.05969e+23	1.00e+00	3.64e-05	2.16e-04
 3.06620e+23	1.00e+00	3.42e-05	2.33e-04
 3.07346e+23	9.99e-01	3.20e-05	2.55e-04
 3.08007e+23	9.99e-01	3.01e-05	2.82e-04
 3.08439e+23	9.99e-01	2.91e-05	2.99e-04
