#depth	O	O+	O+2	O+3	O+4	O+5	O+6	O+7	O+8	O[1]	O[2]	O[3]
 1.54284e+22	8.88e-17	4.67e-12	9.58e-09	1.81e-06	7.11e-05	1.02e-03	8.75e-02	4.27e-01	4.84e-01	8.88e-17	2.61e-27	2.77e-27
 3.40639e+22	2.22e-15	7.72e-11	1.07e-07	1.38e-05	3.62e-04	3.21e-03	1.65e-01	4.91e-01	3.40e-01	2.22e-15	4.22e-24	5.31e-24
 3.88378e+22	9.71e-15	2.80e-10	3.28e-07	3.59e-05	7.87e-04	5.52e-03	2.19e-01	5.04e-01	2.71e-01	9.71e-15	1.86e-23	2.34e-23
 4.11879e+22	1.96e-14	5.19e-10	5.64e-07	5.74e-05	1.16e-03	7.24e-03	2.51e-01	5.04e-01	2.37e-01	1.96e-14	3.77e-23	4.73e-23
 4.21946e+22	2.39e-14	6.16e-10	6.57e-07	6.56e-05	1.30e-03	7.83e-03	2.60e-01	5.03e-01	2.28e-01	2.39e-14	4.58e-23	5.76e-23
 4.27081e+22	3.05e-14	7.63e-10	7.95e-07	7.76e-05	1.49e-03	8.64e-03	2.73e-01	5.01e-01	2.16e-01	3.05e-14	5.86e-23	7.36e-23
 4.32415e+22	3.73e-14	9.12e-10	9.32e-07	8.92e-05	1.68e-03	9.40e-03	2.84e-01	4.99e-01	2.06e-01	3.73e-14	7.17e-23	9.01e-23
 4.37781e+22	4.71e-14	1.12e-09	1.12e-06	1.05e-04	1.93e-03	1.04e-02	2.97e-01	4.96e-01	1.95e-01	4.71e-14	9.06e-23	1.14e-22
 4.43251e+22	5.75e-14	1.34e-09	1.31e-06	1.21e-04	2.18e-03	1.13e-02	3.09e-01	4.93e-01	1.85e-01	5.75e-14	1.11e-22	1.39e-22
 4.48601e+22	7.10e-14	1.61e-09	1.56e-06	1.42e-04	2.49e-03	1.24e-02	3.22e-01	4.88e-01	1.74e-01	7.10e-14	1.37e-22	1.72e-22
 4.54035e+22	8.59e-14	1.91e-09	1.82e-06	1.63e-04	2.82e-03	1.35e-02	3.35e-01	4.84e-01	1.65e-01	8.59e-14	1.66e-22	2.08e-22
 4.59420e+22	1.04e-13	2.27e-09	2.14e-06	1.89e-04	3.20e-03	1.49e-02	3.49e-01	4.78e-01	1.55e-01	1.04e-13	2.01e-22	2.52e-22
 4.64758e+22	1.24e-13	2.65e-09	2.47e-06	2.16e-04	3.59e-03	1.61e-02	3.61e-01	4.73e-01	1.46e-01	1.24e-13	2.39e-22	2.99e-22
 4.70190e+22	1.48e-13	3.12e-09	2.89e-06	2.50e-04	4.08e-03	1.77e-02	3.75e-01	4.66e-01	1.37e-01	1.48e-13	2.86e-22	3.59e-22
 4.75603e+22	1.74e-13	3.59e-09	3.30e-06	2.83e-04	4.55e-03	1.91e-02	3.88e-01	4.60e-01	1.29e-01	1.74e-13	3.35e-22	4.20e-22
 4.81008e+22	2.05e-13	4.17e-09	3.82e-06	3.24e-04	5.13e-03	2.09e-02	4.01e-01	4.52e-01	1.20e-01	2.05e-13	3.95e-22	4.96e-22
 4.86551e+22	2.37e-13	4.78e-09	4.36e-06	3.68e-04	5.73e-03	2.27e-02	4.14e-01	4.44e-01	1.13e-01	2.37e-13	4.58e-22	5.75e-22
 4.91950e+22	2.73e-13	5.44e-09	4.96e-06	4.17e-04	6.40e-03	2.46e-02	4.27e-01	4.36e-01	1.05e-01	2.73e-13	5.28e-22	6.62e-22
 4.97383e+22	3.12e-13	6.17e-09	5.62e-06	4.70e-04	7.12e-03	2.66e-02	4.40e-01	4.27e-01	9.83e-02	3.12e-13	6.04e-22	7.58e-22
 5.02871e+22	3.55e-13	6.97e-09	6.35e-06	5.30e-04	7.92e-03	2.88e-02	4.53e-01	4.18e-01	9.16e-02	3.55e-13	6.88e-22	8.62e-22
 5.08395e+22	4.01e-13	7.82e-09	7.15e-06	5.96e-04	8.78e-03	3.11e-02	4.65e-01	4.09e-01	8.53e-02	4.01e-13	7.78e-22	9.75e-22
 5.14000e+22	4.52e-13	8.77e-09	8.04e-06	6.70e-04	9.73e-03	3.36e-02	4.77e-01	3.99e-01	7.92e-02	4.52e-13	8.77e-22	1.10e-21
 5.19659e+22	5.05e-13	9.77e-09	9.01e-06	7.50e-04	1.07e-02	3.63e-02	4.89e-01	3.89e-01	7.36e-02	5.05e-13	9.81e-22	1.23e-21
 5.25420e+22	5.64e-13	1.09e-08	1.01e-05	8.42e-04	1.19e-02	3.91e-02	5.01e-01	3.79e-01	6.81e-02	5.64e-13	1.10e-21	1.37e-21
 5.31271e+22	6.25e-13	1.21e-08	1.13e-05	9.41e-04	1.31e-02	4.21e-02	5.12e-01	3.68e-01	6.30e-02	6.25e-13	1.22e-21	1.52e-21
 5.36635e+22	6.80e-13	1.31e-08	1.24e-05	1.03e-03	1.42e-02	4.48e-02	5.22e-01	3.59e-01	5.89e-02	6.80e-13	1.33e-21	1.66e-21
 5.42232e+22	7.51e-13	1.45e-08	1.38e-05	1.16e-03	1.56e-02	4.83e-02	5.33e-01	3.48e-01	5.41e-02	7.51e-13	1.46e-21	1.83e-21
 5.47914e+22	8.15e-13	1.58e-08	1.51e-05	1.27e-03	1.69e-02	5.13e-02	5.41e-01	3.39e-01	5.05e-02	8.15e-13	1.59e-21	1.99e-21
 5.53763e+22	9.00e-13	1.75e-08	1.70e-05	1.43e-03	1.87e-02	5.53e-02	5.52e-01	3.27e-01	4.61e-02	9.00e-13	1.76e-21	2.20e-21
 5.59653e+22	9.71e-13	1.90e-08	1.85e-05	1.56e-03	2.01e-02	5.85e-02	5.60e-01	3.17e-01	4.29e-02	9.71e-13	1.90e-21	2.37e-21
 5.65599e+22	1.06e-12	2.09e-08	2.07e-05	1.75e-03	2.21e-02	6.30e-02	5.69e-01	3.05e-01	3.90e-02	1.06e-12	2.08e-21	2.60e-21
 5.71556e+22	1.15e-12	2.27e-08	2.26e-05	1.91e-03	2.37e-02	6.65e-02	5.76e-01	2.96e-01	3.63e-02	1.15e-12	2.25e-21	2.81e-21
 5.77528e+22	1.25e-12	2.49e-08	2.52e-05	2.14e-03	2.59e-02	7.13e-02	5.84e-01	2.84e-01	3.30e-02	1.25e-12	2.46e-21	3.07e-21
 5.83559e+22	1.35e-12	2.70e-08	2.75e-05	2.34e-03	2.78e-02	7.51e-02	5.89e-01	2.75e-01	3.06e-02	1.35e-12	2.65e-21	3.30e-21
 5.89667e+22	1.47e-12	2.97e-08	3.07e-05	2.61e-03	3.03e-02	8.04e-02	5.96e-01	2.63e-01	2.77e-02	1.47e-12	2.89e-21	3.60e-21
 5.95852e+22	1.58e-12	3.22e-08	3.35e-05	2.85e-03	3.24e-02	8.46e-02	6.01e-01	2.54e-01	2.57e-02	1.58e-12	3.11e-21	3.88e-21
 6.02136e+22	1.72e-12	3.56e-08	3.75e-05	3.19e-03	3.53e-02	9.03e-02	6.06e-01	2.42e-01	2.32e-02	1.72e-12	3.40e-21	4.24e-21
 6.08527e+22	1.86e-12	3.87e-08	4.11e-05	3.49e-03	3.77e-02	9.49e-02	6.09e-01	2.33e-01	2.13e-02	1.86e-12	3.68e-21	4.59e-21
 6.15056e+22	2.03e-12	4.29e-08	4.62e-05	3.91e-03	4.10e-02	1.01e-01	6.13e-01	2.21e-01	1.92e-02	2.03e-12	4.03e-21	5.03e-21
 6.21726e+22	2.21e-12	4.70e-08	5.08e-05	4.28e-03	4.38e-02	1.06e-01	6.16e-01	2.12e-01	1.76e-02	2.21e-12	4.38e-21	5.47e-21
 6.28579e+22	2.43e-12	5.25e-08	5.74e-05	4.82e-03	4.76e-02	1.13e-01	6.18e-01	2.01e-01	1.57e-02	2.43e-12	4.84e-21	6.03e-21
 6.35594e+22	2.66e-12	5.79e-08	6.36e-05	5.30e-03	5.08e-02	1.19e-01	6.19e-01	1.92e-01	1.43e-02	2.66e-12	5.30e-21	6.61e-21
 6.41502e+22	2.87e-12	6.31e-08	6.96e-05	5.76e-03	5.38e-02	1.24e-01	6.19e-01	1.84e-01	1.32e-02	2.87e-12	5.74e-21	7.15e-21
 6.47861e+22	3.16e-12	7.03e-08	7.80e-05	6.40e-03	5.78e-02	1.31e-01	6.19e-01	1.74e-01	1.18e-02	3.16e-12	6.33e-21	7.88e-21
 6.54321e+22	3.43e-12	7.70e-08	8.57e-05	6.97e-03	6.12e-02	1.36e-01	6.18e-01	1.67e-01	1.08e-02	3.43e-12	6.89e-21	8.58e-21
 6.59913e+22	3.71e-12	8.40e-08	9.37e-05	7.54e-03	6.45e-02	1.42e-01	6.16e-01	1.60e-01	9.99e-03	3.71e-12	7.46e-21	9.28e-21
 6.66183e+22	4.08e-12	9.38e-08	1.05e-04	8.35e-03	6.90e-02	1.49e-01	6.14e-01	1.51e-01	8.96e-03	4.08e-12	8.23e-21	1.02e-20
 6.72432e+22	4.48e-12	1.03e-07	1.15e-04	9.04e-03	7.25e-02	1.54e-01	6.11e-01	1.45e-01	8.26e-03	4.48e-12	9.04e-21	1.12e-20
 6.78654e+22	4.95e-12	1.16e-07	1.29e-04	9.98e-03	7.73e-02	1.61e-01	6.07e-01	1.37e-01	7.40e-03	4.95e-12	1.00e-20	1.25e-20
 6.84963e+22	5.45e-12	1.28e-07	1.42e-04	1.08e-02	8.13e-02	1.67e-01	6.04e-01	1.31e-01	6.80e-03	5.45e-12	1.11e-20	1.37e-20
 6.91387e+22	6.09e-12	1.44e-07	1.60e-04	1.20e-02	8.66e-02	1.74e-01	5.98e-01	1.23e-01	6.07e-03	6.09e-12	1.24e-20	1.54e-20
 6.97924e+22	6.78e-12	1.61e-07	1.77e-04	1.30e-02	9.11e-02	1.80e-01	5.94e-01	1.17e-01	5.56e-03	6.78e-12	1.38e-20	1.72e-20
 7.04609e+22	7.63e-12	1.84e-07	2.01e-04	1.44e-02	9.70e-02	1.88e-01	5.87e-01	1.09e-01	4.92e-03	7.63e-12	1.56e-20	1.94e-20
 7.11397e+22	8.57e-12	2.06e-07	2.23e-04	1.57e-02	1.02e-01	1.93e-01	5.80e-01	1.04e-01	4.49e-03	8.57e-12	1.76e-20	2.18e-20
 7.18320e+22	9.76e-12	2.38e-07	2.55e-04	1.74e-02	1.08e-01	2.01e-01	5.72e-01	9.67e-02	3.95e-03	9.76e-12	2.01e-20	2.50e-20
 7.25410e+22	1.11e-11	2.69e-07	2.85e-04	1.90e-02	1.14e-01	2.07e-01	5.64e-01	9.14e-02	3.58e-03	1.11e-11	2.29e-20	2.84e-20
 7.32717e+22	1.28e-11	3.15e-07	3.28e-04	2.11e-02	1.22e-01	2.16e-01	5.54e-01	8.46e-02	3.12e-03	1.28e-11	2.67e-20	3.31e-20
 7.40202e+22	1.47e-11	3.60e-07	3.69e-04	2.31e-02	1.28e-01	2.22e-01	5.44e-01	7.94e-02	2.80e-03	1.47e-11	3.06e-20	3.80e-20
 7.47917e+22	1.74e-11	4.27e-07	4.28e-04	2.59e-02	1.36e-01	2.30e-01	5.32e-01	7.30e-02	2.43e-03	1.74e-11	3.65e-20	4.52e-20
 7.55710e+22	2.02e-11	4.93e-07	4.83e-04	2.83e-02	1.43e-01	2.36e-01	5.21e-01	6.84e-02	2.17e-03	2.02e-11	4.25e-20	5.26e-20
 7.63605e+22	2.41e-11	5.89e-07	5.64e-04	3.16e-02	1.52e-01	2.44e-01	5.07e-01	6.25e-02	1.87e-03	2.41e-11	5.10e-20	6.31e-20
 7.71587e+22	2.82e-11	6.83e-07	6.37e-04	3.46e-02	1.60e-01	2.49e-01	4.96e-01	5.83e-02	1.66e-03	2.82e-11	5.99e-20	7.41e-20
 7.79680e+22	3.42e-11	8.24e-07	7.46e-04	3.87e-02	1.70e-01	2.57e-01	4.80e-01	5.30e-02	1.42e-03	3.42e-11	7.31e-20	9.04e-20
 7.87586e+22	3.98e-11	9.50e-07	8.38e-04	4.20e-02	1.77e-01	2.62e-01	4.68e-01	4.94e-02	1.27e-03	3.98e-11	8.54e-20	1.06e-19
 7.95250e+22	4.83e-11	1.14e-06	9.72e-04	4.65e-02	1.87e-01	2.67e-01	4.52e-01	4.51e-02	1.09e-03	4.83e-11	1.04e-19	1.29e-19
 8.03275e+22	5.73e-11	1.33e-06	1.10e-03	5.08e-02	1.95e-01	2.72e-01	4.38e-01	4.15e-02	9.56e-04	5.73e-11	1.24e-19	1.54e-19
 8.10052e+22	6.61e-11	1.52e-06	1.23e-03	5.46e-02	2.02e-01	2.76e-01	4.26e-01	3.88e-02	8.56e-04	6.61e-11	1.44e-19	1.78e-19
 8.17147e+22	7.96e-11	1.80e-06	1.40e-03	5.97e-02	2.12e-01	2.80e-01	4.11e-01	3.55e-02	7.45e-04	7.96e-11	1.75e-19	2.16e-19
 8.24463e+22	9.32e-11	2.08e-06	1.57e-03	6.45e-02	2.19e-01	2.83e-01	3.98e-01	3.28e-02	6.58e-04	9.32e-11	2.06e-19	2.54e-19
 8.31000e+22	1.09e-10	2.39e-06	1.75e-03	6.93e-02	2.27e-01	2.85e-01	3.86e-01	3.05e-02	5.86e-04	1.09e-10	2.42e-19	2.98e-19
 8.38431e+22	1.33e-10	2.85e-06	2.01e-03	7.57e-02	2.37e-01	2.88e-01	3.70e-01	2.77e-02	5.05e-04	1.33e-10	2.98e-19	3.66e-19
 8.46182e+22	1.59e-10	3.33e-06	2.27e-03	8.19e-02	2.45e-01	2.90e-01	3.55e-01	2.53e-02	4.40e-04	1.59e-10	3.58e-19	4.40e-19
 8.53162e+22	1.88e-10	3.86e-06	2.53e-03	8.80e-02	2.53e-01	2.91e-01	3.42e-01	2.33e-02	3.87e-04	1.88e-10	4.27e-19	5.25e-19
 8.61050e+22	2.34e-10	4.64e-06	2.92e-03	9.63e-02	2.63e-01	2.92e-01	3.25e-01	2.09e-02	3.28e-04	2.34e-10	5.35e-19	6.57e-19
 8.69255e+22	2.83e-10	5.47e-06	3.30e-03	1.04e-01	2.72e-01	2.92e-01	3.10e-01	1.89e-02	2.82e-04	2.83e-10	6.54e-19	8.03e-19
 8.76617e+22	3.40e-10	6.38e-06	3.71e-03	1.12e-01	2.80e-01	2.91e-01	2.96e-01	1.72e-02	2.45e-04	3.40e-10	7.91e-19	9.70e-19
 8.84934e+22	4.29e-10	7.74e-06	4.28e-03	1.22e-01	2.90e-01	2.90e-01	2.78e-01	1.53e-02	2.05e-04	4.29e-10	1.01e-18	1.24e-18
 8.93528e+22	5.27e-10	9.17e-06	4.85e-03	1.32e-01	2.98e-01	2.88e-01	2.63e-01	1.37e-02	1.74e-04	5.27e-10	1.25e-18	1.53e-18
 9.01196e+22	6.39e-10	1.07e-05	5.44e-03	1.41e-01	3.06e-01	2.86e-01	2.49e-01	1.23e-02	1.49e-04	6.39e-10	1.53e-18	1.87e-18
 9.09878e+22	8.17e-10	1.31e-05	6.29e-03	1.54e-01	3.15e-01	2.82e-01	2.32e-01	1.08e-02	1.23e-04	8.17e-10	1.98e-18	2.42e-18
 9.18882e+22	1.02e-09	1.56e-05	7.13e-03	1.65e-01	3.22e-01	2.79e-01	2.17e-01	9.55e-03	1.03e-04	1.02e-09	2.49e-18	3.04e-18
 9.26963e+22	1.25e-09	1.84e-05	8.02e-03	1.77e-01	3.28e-01	2.74e-01	2.04e-01	8.50e-03	8.70e-05	1.25e-09	3.09e-18	3.78e-18
 9.36127e+22	1.63e-09	2.26e-05	9.29e-03	1.92e-01	3.36e-01	2.68e-01	1.87e-01	7.30e-03	6.99e-05	1.63e-09	4.09e-18	4.99e-18
 9.45590e+22	2.04e-09	2.70e-05	1.05e-02	2.05e-01	3.42e-01	2.62e-01	1.74e-01	6.39e-03	5.78e-05	2.04e-09	5.20e-18	6.33e-18
 9.54134e+22	2.55e-09	3.20e-05	1.18e-02	2.19e-01	3.47e-01	2.56e-01	1.61e-01	5.61e-03	4.80e-05	2.55e-09	6.57e-18	8.00e-18
 9.63934e+22	3.39e-09	3.98e-05	1.38e-02	2.37e-01	3.52e-01	2.47e-01	1.46e-01	4.71e-03	3.75e-05	3.39e-09	8.91e-18	1.08e-17
 9.73812e+22	4.26e-09	4.73e-05	1.55e-02	2.52e-01	3.55e-01	2.39e-01	1.34e-01	4.08e-03	3.06e-05	4.26e-09	1.14e-17	1.38e-17
 9.83792e+22	5.65e-09	5.84e-05	1.79e-02	2.71e-01	3.58e-01	2.29e-01	1.20e-01	3.41e-03	2.39e-05	5.65e-09	1.54e-17	1.87e-17
 9.93998e+22	7.22e-09	7.00e-05	2.02e-02	2.88e-01	3.60e-01	2.20e-01	1.09e-01	2.90e-03	1.91e-05	7.22e-09	2.01e-17	2.43e-17
 1.00298e+23	9.07e-09	8.27e-05	2.26e-02	3.04e-01	3.60e-01	2.11e-01	9.95e-02	2.50e-03	1.55e-05	9.07e-09	2.57e-17	3.11e-17
 1.01313e+23	1.21e-08	1.02e-04	2.60e-02	3.25e-01	3.60e-01	1.99e-01	8.80e-02	2.04e-03	1.18e-05	1.21e-08	3.53e-17	4.28e-17
 1.02352e+23	1.55e-08	1.22e-04	2.91e-02	3.42e-01	3.58e-01	1.90e-01	7.91e-02	1.72e-03	9.32e-06	1.55e-08	4.60e-17	5.57e-17
 1.03425e+23	2.09e-08	1.51e-04	3.35e-02	3.64e-01	3.55e-01	1.77e-01	6.91e-02	1.39e-03	6.96e-06	2.09e-08	6.42e-17	7.76e-17
 1.04514e+23	2.68e-08	1.81e-04	3.75e-02	3.82e-01	3.51e-01	1.67e-01	6.15e-02	1.16e-03	5.43e-06	2.68e-08	8.46e-17	1.02e-16
 1.05479e+23	3.43e-08	2.15e-04	4.18e-02	3.99e-01	3.46e-01	1.57e-01	5.47e-02	9.65e-04	4.24e-06	3.43e-08	1.11e-16	1.34e-16
 1.06588e+23	4.66e-08	2.66e-04	4.78e-02	4.20e-01	3.39e-01	1.45e-01	4.70e-02	7.62e-04	3.08e-06	4.66e-08	1.57e-16	1.90e-16
 1.07715e+23	5.99e-08	3.17e-04	5.32e-02	4.37e-01	3.33e-01	1.35e-01	4.13e-02	6.25e-04	2.36e-06	5.99e-08	2.08e-16	2.51e-16
 1.08694e+23	7.57e-08	3.73e-04	5.87e-02	4.53e-01	3.25e-01	1.26e-01	3.65e-02	5.17e-04	1.83e-06	7.57e-08	2.72e-16	3.28e-16
 1.09628e+23	9.46e-08	4.35e-04	6.44e-02	4.67e-01	3.18e-01	1.17e-01	3.24e-02	4.31e-04	1.44e-06	9.46e-08	3.49e-16	4.22e-16
 1.10523e+23	1.17e-07	5.01e-04	7.02e-02	4.80e-01	3.11e-01	1.10e-01	2.88e-02	3.61e-04	1.14e-06	1.17e-07	4.44e-16	5.35e-16
 1.11532e+23	1.53e-07	6.05e-04	7.84e-02	4.96e-01	3.00e-01	9.98e-02	2.47e-02	2.86e-04	8.32e-07	1.53e-07	6.06e-16	7.31e-16
 1.12529e+23	1.88e-07	6.94e-04	8.49e-02	5.08e-01	2.92e-01	9.29e-02	2.19e-02	2.39e-04	6.57e-07	1.88e-07	7.63e-16	9.21e-16
 1.13512e+23	2.44e-07	8.26e-04	9.39e-02	5.21e-01	2.81e-01	8.45e-02	1.88e-02	1.90e-04	4.84e-07	2.44e-07	1.02e-15	1.23e-15
 1.14522e+23	3.02e-07	9.54e-04	1.02e-01	5.31e-01	2.71e-01	7.78e-02	1.64e-02	1.56e-04	3.73e-07	3.02e-07	1.30e-15	1.57e-15
 1.15566e+23	3.95e-07	1.14e-03	1.13e-01	5.43e-01	2.59e-01	6.99e-02	1.39e-02	1.21e-04	2.69e-07	3.95e-07	1.77e-15	2.13e-15
 1.16616e+23	4.89e-07	1.32e-03	1.22e-01	5.52e-01	2.49e-01	6.40e-02	1.21e-02	9.87e-05	2.05e-07	4.89e-07	2.25e-15	2.71e-15
 1.17676e+23	6.39e-07	1.57e-03	1.34e-01	5.61e-01	2.36e-01	5.71e-02	1.01e-02	7.61e-05	1.46e-07	6.39e-07	3.05e-15	3.66e-15
 1.18749e+23	7.94e-07	1.81e-03	1.45e-01	5.67e-01	2.25e-01	5.19e-02	8.72e-03	6.12e-05	0.00e+00	7.94e-07	3.89e-15	4.67e-15
 1.19607e+23	9.47e-07	2.04e-03	1.55e-01	5.71e-01	2.17e-01	4.78e-02	7.71e-03	5.11e-05	0.00e+00	9.47e-07	4.75e-15	5.70e-15
 1.20491e+23	1.17e-06	2.34e-03	1.66e-01	5.75e-01	2.06e-01	4.33e-02	6.64e-03	4.11e-05	0.00e+00	1.17e-06	6.03e-15	7.23e-15
 1.21402e+23	1.40e-06	2.63e-03	1.77e-01	5.77e-01	1.97e-01	3.97e-02	5.83e-03	3.40e-05	0.00e+00	1.40e-06	7.40e-15	8.86e-15
 1.22216e+23	1.66e-06	2.94e-03	1.87e-01	5.79e-01	1.89e-01	3.64e-02	5.14e-03	2.83e-05	0.00e+00	1.66e-06	8.99e-15	1.08e-14
 1.23145e+23	2.06e-06	3.38e-03	2.01e-01	5.80e-01	1.79e-01	3.26e-02	4.36e-03	2.23e-05	0.00e+00	2.06e-06	1.15e-14	1.38e-14
 1.24082e+23	2.46e-06	3.79e-03	2.14e-01	5.79e-01	1.70e-01	2.96e-02	3.80e-03	1.83e-05	0.00e+00	2.46e-06	1.41e-14	1.68e-14
 1.24899e+23	2.92e-06	4.24e-03	2.26e-01	5.78e-01	1.62e-01	2.70e-02	3.32e-03	1.51e-05	0.00e+00	2.92e-06	1.72e-14	2.05e-14
 1.25832e+23	3.61e-06	4.85e-03	2.41e-01	5.75e-01	1.52e-01	2.40e-02	2.81e-03	1.18e-05	0.00e+00	3.61e-06	2.19e-14	2.61e-14
 1.26782e+23	4.30e-06	5.43e-03	2.55e-01	5.72e-01	1.43e-01	2.17e-02	2.43e-03	9.59e-06	0.00e+00	4.30e-06	2.68e-14	3.19e-14
 1.27624e+23	5.09e-06	6.05e-03	2.69e-01	5.68e-01	1.36e-01	1.96e-02	2.11e-03	7.82e-06	0.00e+00	5.09e-06	3.25e-14	3.87e-14
 1.28589e+23	6.29e-06	6.93e-03	2.86e-01	5.61e-01	1.26e-01	1.73e-02	1.76e-03	6.04e-06	0.00e+00	6.29e-06	4.17e-14	4.95e-14
 1.29568e+23	7.47e-06	7.73e-03	3.02e-01	5.55e-01	1.19e-01	1.55e-02	1.51e-03	4.85e-06	0.00e+00	7.47e-06	5.09e-14	6.05e-14
 1.30566e+23	9.26e-06	8.85e-03	3.21e-01	5.46e-01	1.10e-01	1.35e-02	1.25e-03	3.69e-06	0.00e+00	9.26e-06	6.55e-14	7.78e-14
 1.31573e+23	1.10e-05	9.88e-03	3.38e-01	5.37e-01	1.02e-01	1.20e-02	1.06e-03	2.93e-06	0.00e+00	1.10e-05	8.03e-14	9.53e-14
 1.32460e+23	1.31e-05	1.10e-02	3.54e-01	5.28e-01	9.57e-02	1.07e-02	9.07e-04	2.34e-06	0.00e+00	1.31e-05	9.81e-14	1.16e-13
 1.33478e+23	1.62e-05	1.26e-02	3.75e-01	5.15e-01	8.76e-02	9.22e-03	7.40e-04	1.75e-06	0.00e+00	1.62e-05	1.27e-13	1.50e-13
 1.34511e+23	1.92e-05	1.40e-02	3.92e-01	5.03e-01	8.13e-02	8.15e-03	6.25e-04	1.38e-06	0.00e+00	1.92e-05	1.56e-13	1.84e-13
 1.35562e+23	2.39e-05	1.61e-02	4.15e-01	4.88e-01	7.39e-02	6.96e-03	5.06e-04	1.02e-06	0.00e+00	2.39e-05	2.02e-13	2.38e-13
 1.36633e+23	2.85e-05	1.80e-02	4.33e-01	4.74e-01	6.79e-02	6.08e-03	4.21e-04	7.88e-07	0.00e+00	2.85e-05	2.49e-13	2.94e-13
 1.37731e+23	3.55e-05	2.06e-02	4.57e-01	4.56e-01	6.11e-02	5.12e-03	3.35e-04	5.71e-07	0.00e+00	3.55e-05	3.26e-13	3.83e-13
 1.38849e+23	4.24e-05	2.31e-02	4.76e-01	4.40e-01	5.57e-02	4.43e-03	2.76e-04	4.34e-07	0.00e+00	4.24e-05	4.05e-13	4.76e-13
 1.39842e+23	5.05e-05	2.57e-02	4.95e-01	4.24e-01	5.08e-02	3.83e-03	2.28e-04	3.31e-07	0.00e+00	5.05e-05	5.02e-13	5.88e-13
 1.40982e+23	6.29e-05	2.94e-02	5.19e-01	4.03e-01	4.51e-02	3.17e-03	1.78e-04	2.35e-07	0.00e+00	6.29e-05	6.59e-13	7.69e-13
 1.41983e+23	7.09e-05	3.17e-02	5.33e-01	3.91e-01	4.19e-02	2.84e-03	1.54e-04	1.91e-07	0.00e+00	7.09e-05	7.66e-13	8.92e-13
 1.42428e+23	7.26e-05	3.21e-02	5.36e-01	3.88e-01	4.11e-02	2.76e-03	1.49e-04	1.82e-07	0.00e+00	7.26e-05	7.90e-13	9.19e-13
 1.42633e+23	7.56e-05	3.29e-02	5.40e-01	3.84e-01	4.02e-02	2.67e-03	1.42e-04	1.70e-07	0.00e+00	7.56e-05	8.31e-13	9.66e-13
 1.42899e+23	7.97e-05	3.40e-02	5.46e-01	3.78e-01	3.90e-02	2.54e-03	1.33e-04	1.56e-07	0.00e+00	7.97e-05	8.87e-13	1.03e-12
 1.43245e+23	8.48e-05	3.54e-02	5.53e-01	3.72e-01	3.75e-02	2.40e-03	1.24e-04	1.41e-07	0.00e+00	8.48e-05	9.60e-13	1.11e-12
 1.43696e+23	9.19e-05	3.72e-02	5.61e-01	3.63e-01	3.58e-02	2.23e-03	1.12e-04	0.00e+00	0.00e+00	9.19e-05	1.06e-12	1.23e-12
 1.44281e+23	1.03e-04	3.99e-02	5.73e-01	3.51e-01	3.33e-02	2.00e-03	9.79e-05	0.00e+00	0.00e+00	1.03e-04	1.23e-12	1.42e-12
 1.45041e+23	1.18e-04	4.34e-02	5.87e-01	3.37e-01	3.05e-02	1.75e-03	8.25e-05	0.00e+00	0.00e+00	1.18e-04	1.47e-12	1.68e-12
 1.45872e+23	1.35e-04	4.70e-02	6.01e-01	3.22e-01	2.79e-02	1.53e-03	6.95e-05	0.00e+00	0.00e+00	1.35e-04	1.74e-12	1.99e-12
 1.46667e+23	1.53e-04	5.07e-02	6.14e-01	3.09e-01	2.56e-02	1.35e-03	5.90e-05	0.00e+00	0.00e+00	1.53e-04	2.04e-12	2.32e-12
 1.47574e+23	1.79e-04	5.58e-02	6.29e-01	2.91e-01	2.30e-02	1.15e-03	4.79e-05	0.00e+00	0.00e+00	1.79e-04	2.51e-12	2.84e-12
 1.48503e+23	2.04e-04	6.03e-02	6.41e-01	2.77e-01	2.08e-02	9.93e-04	3.99e-05	0.00e+00	0.00e+00	2.04e-04	2.98e-12	3.34e-12
 1.49461e+23	2.41e-04	6.66e-02	6.55e-01	2.59e-01	1.84e-02	8.27e-04	3.17e-05	0.00e+00	0.00e+00	2.41e-04	3.72e-12	4.13e-12
 1.50421e+23	2.73e-04	7.17e-02	6.66e-01	2.44e-01	1.66e-02	7.14e-04	2.63e-05	0.00e+00	0.00e+00	2.73e-04	4.40e-12	4.85e-12
 1.51384e+23	3.20e-04	7.88e-02	6.78e-01	2.27e-01	1.46e-02	5.93e-04	2.09e-05	0.00e+00	0.00e+00	3.20e-04	5.46e-12	5.95e-12
 1.52378e+23	3.65e-04	8.50e-02	6.88e-01	2.13e-01	1.30e-02	5.04e-04	1.70e-05	0.00e+00	0.00e+00	3.65e-04	6.54e-12	7.05e-12
 1.53412e+23	4.32e-04	9.39e-02	6.99e-01	1.95e-01	1.13e-02	4.10e-04	1.31e-05	0.00e+00	0.00e+00	4.32e-04	8.26e-12	8.78e-12
 1.54458e+23	4.92e-04	1.01e-01	7.06e-01	1.82e-01	1.00e-02	3.45e-04	1.06e-05	0.00e+00	0.00e+00	4.92e-04	9.92e-12	1.04e-11
 1.55521e+23	5.79e-04	1.11e-01	7.14e-01	1.65e-01	8.61e-03	2.78e-04	8.14e-06	0.00e+00	0.00e+00	5.79e-04	1.25e-11	1.29e-11
 1.56614e+23	6.63e-04	1.20e-01	7.19e-01	1.52e-01	7.51e-03	2.30e-04	6.43e-06	0.00e+00	0.00e+00	6.63e-04	1.52e-11	1.54e-11
 1.57745e+23	7.89e-04	1.33e-01	7.24e-01	1.36e-01	6.34e-03	1.80e-04	4.79e-06	0.00e+00	0.00e+00	7.89e-04	1.96e-11	1.94e-11
 1.58876e+23	8.96e-04	1.43e-01	7.26e-01	1.24e-01	5.52e-03	1.48e-04	3.78e-06	0.00e+00	0.00e+00	8.96e-04	2.36e-11	2.30e-11
 1.60009e+23	1.06e-03	1.57e-01	7.27e-01	1.10e-01	4.62e-03	1.15e-04	2.79e-06	0.00e+00	0.00e+00	1.06e-03	3.03e-11	2.88e-11
 1.61158e+23	1.21e-03	1.69e-01	7.26e-01	9.97e-02	3.99e-03	9.40e-05	2.18e-06	0.00e+00	0.00e+00	1.21e-03	3.67e-11	3.41e-11
 1.62325e+23	1.44e-03	1.86e-01	7.22e-01	8.71e-02	3.30e-03	7.18e-05	1.58e-06	0.00e+00	0.00e+00	1.44e-03	4.75e-11	4.30e-11
 1.63506e+23	1.64e-03	2.00e-01	7.18e-01	7.78e-02	2.82e-03	5.76e-05	1.22e-06	0.00e+00	0.00e+00	1.64e-03	5.78e-11	5.11e-11
 1.64519e+23	1.86e-03	2.14e-01	7.12e-01	6.96e-02	2.43e-03	4.65e-05	9.51e-07	0.00e+00	0.00e+00	1.86e-03	7.00e-11	6.05e-11
 1.65651e+23	2.19e-03	2.35e-01	7.01e-01	6.01e-02	2.01e-03	3.54e-05	6.94e-07	0.00e+00	0.00e+00	2.19e-03	8.97e-11	7.53e-11
 1.66844e+23	2.53e-03	2.54e-01	6.90e-01	5.24e-02	1.68e-03	2.74e-05	5.18e-07	0.00e+00	0.00e+00	2.53e-03	1.11e-10	9.11e-11
 1.68116e+23	3.07e-03	2.82e-01	6.70e-01	4.34e-02	1.34e-03	1.96e-05	3.55e-07	0.00e+00	0.00e+00	3.07e-03	1.49e-10	1.18e-10
 1.69377e+23	3.51e-03	3.03e-01	6.55e-01	3.74e-02	1.12e-03	1.51e-05	2.67e-07	0.00e+00	0.00e+00	3.51e-03	1.82e-10	1.41e-10
 1.70624e+23	4.24e-03	3.35e-01	6.29e-01	3.05e-02	8.94e-04	1.07e-05	1.83e-07	0.00e+00	0.00e+00	4.24e-03	2.41e-10	1.81e-10
 1.71897e+23	4.94e-03	3.63e-01	6.06e-01	2.55e-02	7.34e-04	7.90e-06	1.33e-07	0.00e+00	0.00e+00	4.94e-03	3.02e-10	2.21e-10
 1.73203e+23	6.08e-03	4.03e-01	5.71e-01	1.99e-02	5.68e-04	5.27e-06	0.00e+00	0.00e+00	0.00e+00	6.08e-03	4.08e-10	2.90e-10
 1.74516e+23	7.11e-03	4.35e-01	5.41e-01	1.61e-02	4.62e-04	3.79e-06	0.00e+00	0.00e+00	0.00e+00	7.11e-03	5.11e-10	3.57e-10
 1.75837e+23	8.82e-03	4.82e-01	4.96e-01	1.21e-02	3.52e-04	2.40e-06	0.00e+00	0.00e+00	0.00e+00	8.82e-03	6.94e-10	4.72e-10
 1.77183e+23	1.05e-02	5.22e-01	4.58e-01	9.29e-03	2.79e-04	1.62e-06	0.00e+00	0.00e+00	0.00e+00	1.05e-02	8.86e-10	5.92e-10
 1.78564e+23	1.33e-02	5.76e-01	4.04e-01	6.49e-03	2.06e-04	9.46e-07	0.00e+00	0.00e+00	0.00e+00	1.33e-02	1.22e-09	7.98e-10
 1.79777e+23	1.54e-02	6.09e-01	3.70e-01	5.07e-03	1.69e-04	6.63e-07	0.00e+00	0.00e+00	0.00e+00	1.54e-02	1.48e-09	9.56e-10
 1.80637e+23	1.76e-02	6.41e-01	3.38e-01	4.00e-03	1.40e-04	4.70e-07	0.00e+00	0.00e+00	0.00e+00	1.76e-02	1.77e-09	1.14e-09
 1.81620e+23	2.10e-02	6.79e-01	2.96e-01	2.91e-03	1.10e-04	2.98e-07	0.00e+00	0.00e+00	0.00e+00	2.10e-02	2.24e-09	1.42e-09
 1.82670e+23	2.50e-02	7.15e-01	2.58e-01	2.10e-03	8.62e-05	1.88e-07	0.00e+00	0.00e+00	0.00e+00	2.50e-02	2.80e-09	1.76e-09
 1.83652e+23	2.99e-02	7.48e-01	2.20e-01	1.48e-03	6.68e-05	0.00e+00	0.00e+00	0.00e+00	0.00e+00	2.99e-02	3.51e-09	2.19e-09
 1.84775e+23	3.76e-02	7.85e-01	1.76e-01	9.23e-04	4.73e-05	0.00e+00	0.00e+00	0.00e+00	0.00e+00	3.76e-02	4.70e-09	2.91e-09
 1.85895e+23	4.70e-02	8.13e-01	1.39e-01	5.81e-04	3.40e-05	0.00e+00	0.00e+00	0.00e+00	0.00e+00	4.70e-02	6.15e-09	3.77e-09
 1.86772e+23	5.70e-02	8.31e-01	1.12e-01	3.86e-04	2.53e-05	0.00e+00	0.00e+00	0.00e+00	0.00e+00	5.70e-02	7.73e-09	4.72e-09
 1.87532e+23	6.86e-02	8.42e-01	8.94e-02	2.59e-04	1.87e-05	0.00e+00	0.00e+00	0.00e+00	0.00e+00	6.86e-02	9.63e-09	5.86e-09
 1.88253e+23	8.29e-02	8.47e-01	7.01e-02	1.72e-04	1.36e-05	0.00e+00	0.00e+00	0.00e+00	0.00e+00	8.29e-02	1.20e-08	7.26e-09
 1.88933e+23	1.01e-01	8.45e-01	5.38e-02	1.14e-04	9.72e-06	0.00e+00	0.00e+00	0.00e+00	0.00e+00	1.01e-01	1.49e-08	9.01e-09
 1.89554e+23	1.22e-01	8.37e-01	4.10e-02	7.61e-05	6.88e-06	0.00e+00	0.00e+00	0.00e+00	0.00e+00	1.22e-01	1.84e-08	1.11e-08
 1.90102e+23	1.46e-01	8.22e-01	3.12e-02	5.23e-05	4.87e-06	0.00e+00	0.00e+00	0.00e+00	0.00e+00	1.46e-01	2.23e-08	1.34e-08
 1.90590e+23	1.73e-01	8.03e-01	2.38e-02	3.70e-05	3.45e-06	0.00e+00	0.00e+00	0.00e+00	0.00e+00	1.73e-01	2.67e-08	1.60e-08
 1.91032e+23	2.04e-01	7.78e-01	1.82e-02	2.68e-05	2.44e-06	0.00e+00	0.00e+00	0.00e+00	0.00e+00	2.04e-01	3.13e-08	1.87e-08
 1.91439e+23	2.38e-01	7.48e-01	1.39e-02	1.98e-05	1.73e-06	0.00e+00	0.00e+00	0.00e+00	0.00e+00	2.38e-01	3.62e-08	2.16e-08
 1.91814e+23	2.74e-01	7.15e-01	1.06e-02	1.49e-05	1.23e-06	0.00e+00	0.00e+00	0.00e+00	0.00e+00	2.74e-01	4.13e-08	2.46e-08
 1.92161e+23	3.14e-01	6.78e-01	8.13e-03	1.14e-05	8.70e-07	0.00e+00	0.00e+00	0.00e+00	0.00e+00	3.14e-01	4.62e-08	2.75e-08
 1.92478e+23	3.53e-01	6.40e-01	6.29e-03	8.94e-06	6.25e-07	0.00e+00	0.00e+00	0.00e+00	0.00e+00	3.53e-01	5.08e-08	3.02e-08
 1.92693e+23	3.81e-01	6.13e-01	5.30e-03	7.65e-06	5.04e-07	0.00e+00	0.00e+00	0.00e+00	0.00e+00	3.81e-01	5.36e-08	3.18e-08
 1.92801e+23	3.96e-01	5.99e-01	4.85e-03	7.05e-06	4.49e-07	0.00e+00	0.00e+00	0.00e+00	0.00e+00	3.96e-01	5.50e-08	3.26e-08
 1.92897e+23	4.10e-01	5.86e-01	4.45e-03	6.55e-06	4.03e-07	0.00e+00	0.00e+00	0.00e+00	0.00e+00	4.10e-01	5.63e-08	3.33e-08
 1.93020e+23	4.28e-01	5.68e-01	3.99e-03	5.94e-06	3.50e-07	0.00e+00	0.00e+00	0.00e+00	0.00e+00	4.28e-01	5.79e-08	3.43e-08
 1.93161e+23	4.49e-01	5.48e-01	3.51e-03	5.33e-06	2.97e-07	0.00e+00	0.00e+00	0.00e+00	0.00e+00	4.49e-01	5.95e-08	3.52e-08
 1.93300e+23	4.69e-01	5.28e-01	3.11e-03	4.81e-06	2.55e-07	0.00e+00	0.00e+00	0.00e+00	0.00e+00	4.69e-01	6.10e-08	3.61e-08
 1.93443e+23	4.91e-01	5.07e-01	2.72e-03	4.31e-06	2.15e-07	0.00e+00	0.00e+00	0.00e+00	0.00e+00	4.91e-01	6.25e-08	3.69e-08
 1.93591e+23	5.12e-01	4.86e-01	2.38e-03	3.87e-06	1.82e-07	0.00e+00	0.00e+00	0.00e+00	0.00e+00	5.12e-01	6.37e-08	3.76e-08
 1.93743e+23	5.35e-01	4.63e-01	2.07e-03	3.46e-06	1.53e-07	0.00e+00	0.00e+00	0.00e+00	0.00e+00	5.35e-01	6.48e-08	3.83e-08
 1.93904e+23	5.58e-01	4.40e-01	1.78e-03	3.07e-06	1.27e-07	0.00e+00	0.00e+00	0.00e+00	0.00e+00	5.58e-01	6.58e-08	3.88e-08
 1.94067e+23	5.81e-01	4.17e-01	1.53e-03	2.74e-06	0.00e+00	0.00e+00	0.00e+00	0.00e+00	0.00e+00	5.81e-01	6.65e-08	3.92e-08
 1.94193e+23	5.97e-01	4.01e-01	1.38e-03	2.53e-06	0.00e+00	0.00e+00	0.00e+00	0.00e+00	0.00e+00	5.97e-01	6.68e-08	3.94e-08
 1.94275e+23	6.08e-01	3.91e-01	1.28e-03	2.40e-06	0.00e+00	0.00e+00	0.00e+00	0.00e+00	0.00e+00	6.08e-01	6.70e-08	3.94e-08
 1.94352e+23	6.18e-01	3.81e-01	1.20e-03	2.28e-06	0.00e+00	0.00e+00	0.00e+00	0.00e+00	0.00e+00	6.18e-01	6.71e-08	3.95e-08
 1.94444e+23	6.30e-01	3.69e-01	1.10e-03	2.14e-06	0.00e+00	0.00e+00	0.00e+00	0.00e+00	0.00e+00	6.30e-01	6.73e-08	3.96e-08
 1.94545e+23	6.42e-01	3.57e-01	1.01e-03	2.01e-06	0.00e+00	0.00e+00	0.00e+00	0.00e+00	0.00e+00	6.42e-01	6.73e-08	3.96e-08
 1.94647e+23	6.54e-01	3.45e-01	9.21e-04	1.89e-06	0.00e+00	0.00e+00	0.00e+00	0.00e+00	0.00e+00	6.54e-01	6.73e-08	3.95e-08
 1.94748e+23	6.65e-01	3.34e-01	8.44e-04	1.77e-06	0.00e+00	0.00e+00	0.00e+00	0.00e+00	0.00e+00	6.65e-01	6.72e-08	3.95e-08
 1.94846e+23	6.76e-01	3.23e-01	7.75e-04	1.67e-06	0.00e+00	0.00e+00	0.00e+00	0.00e+00	0.00e+00	6.76e-01	6.71e-08	3.94e-08
 1.94948e+23	6.87e-01	3.12e-01	7.11e-04	1.58e-06	0.00e+00	0.00e+00	0.00e+00	0.00e+00	0.00e+00	6.87e-01	6.70e-08	3.93e-08
 1.95054e+23	6.98e-01	3.02e-01	6.50e-04	1.48e-06	0.00e+00	0.00e+00	0.00e+00	0.00e+00	0.00e+00	6.98e-01	6.68e-08	3.92e-08
 1.95164e+23	7.09e-01	2.91e-01	5.93e-04	1.39e-06	0.00e+00	0.00e+00	0.00e+00	0.00e+00	0.00e+00	7.09e-01	6.65e-08	3.90e-08
 1.95274e+23	7.19e-01	2.81e-01	5.41e-04	1.31e-06	0.00e+00	0.00e+00	0.00e+00	0.00e+00	0.00e+00	7.19e-01	6.62e-08	3.88e-08
 1.95386e+23	7.29e-01	2.71e-01	4.95e-04	1.24e-06	0.00e+00	0.00e+00	0.00e+00	0.00e+00	0.00e+00	7.29e-01	6.59e-08	3.86e-08
 1.95501e+23	7.38e-01	2.61e-01	4.51e-04	1.16e-06	0.00e+00	0.00e+00	0.00e+00	0.00e+00	0.00e+00	7.38e-01	6.55e-08	3.83e-08
 1.95621e+23	7.48e-01	2.51e-01	4.10e-04	1.10e-06	0.00e+00	0.00e+00	0.00e+00	0.00e+00	0.00e+00	7.48e-01	6.51e-08	3.81e-08
 1.95744e+23	7.57e-01	2.42e-01	3.73e-04	1.03e-06	0.00e+00	0.00e+00	0.00e+00	0.00e+00	0.00e+00	7.57e-01	6.47e-08	3.78e-08
 1.95869e+23	7.67e-01	2.33e-01	3.39e-04	9.71e-07	0.00e+00	0.00e+00	0.00e+00	0.00e+00	0.00e+00	7.67e-01	6.43e-08	3.75e-08
 1.95997e+23	7.75e-01	2.24e-01	3.08e-04	9.15e-07	0.00e+00	0.00e+00	0.00e+00	0.00e+00	0.00e+00	7.75e-01	6.38e-08	3.72e-08
 1.96130e+23	7.84e-01	2.16e-01	2.80e-04	8.61e-07	0.00e+00	0.00e+00	0.00e+00	0.00e+00	0.00e+00	7.84e-01	6.33e-08	3.69e-08
 1.96267e+23	7.92e-01	2.07e-01	2.54e-04	8.11e-07	0.00e+00	0.00e+00	0.00e+00	0.00e+00	0.00e+00	7.92e-01	6.28e-08	3.66e-08
 1.96408e+23	8.00e-01	1.99e-01	2.30e-04	7.63e-07	0.00e+00	0.00e+00	0.00e+00	0.00e+00	0.00e+00	8.00e-01	6.23e-08	3.63e-08
 1.96553e+23	8.08e-01	1.91e-01	2.08e-04	7.19e-07	0.00e+00	0.00e+00	0.00e+00	0.00e+00	0.00e+00	8.08e-01	6.18e-08	3.60e-08
 1.96702e+23	8.16e-01	1.84e-01	1.89e-04	6.77e-07	0.00e+00	0.00e+00	0.00e+00	0.00e+00	0.00e+00	8.16e-01	6.13e-08	3.56e-08
 1.96857e+23	8.23e-01	1.77e-01	1.71e-04	6.37e-07	0.00e+00	0.00e+00	0.00e+00	0.00e+00	0.00e+00	8.23e-01	6.08e-08	3.53e-08
 1.97017e+23	8.30e-01	1.69e-01	1.55e-04	6.00e-07	0.00e+00	0.00e+00	0.00e+00	0.00e+00	0.00e+00	8.30e-01	6.02e-08	3.50e-08
 1.97182e+23	8.37e-01	1.62e-01	1.40e-04	5.65e-07	0.00e+00	0.00e+00	0.00e+00	0.00e+00	0.00e+00	8.37e-01	5.97e-08	3.47e-08
 1.97352e+23	8.44e-01	1.56e-01	1.27e-04	5.31e-07	0.00e+00	0.00e+00	0.00e+00	0.00e+00	0.00e+00	8.44e-01	5.92e-08	3.43e-08
 1.97528e+23	8.50e-01	1.49e-01	1.15e-04	5.00e-07	0.00e+00	0.00e+00	0.00e+00	0.00e+00	0.00e+00	8.50e-01	5.87e-08	3.40e-08
 1.97710e+23	8.57e-01	1.43e-01	1.04e-04	4.71e-07	0.00e+00	0.00e+00	0.00e+00	0.00e+00	0.00e+00	8.57e-01	5.81e-08	3.35e-08
 1.97896e+23	8.62e-01	1.38e-01	9.50e-05	4.44e-07	0.00e+00	0.00e+00	0.00e+00	0.00e+00	0.00e+00	8.62e-01	5.76e-08	3.31e-08
 1.98084e+23	8.68e-01	1.32e-01	8.68e-05	4.19e-07	0.00e+00	0.00e+00	0.00e+00	0.00e+00	0.00e+00	8.68e-01	5.71e-08	3.27e-08
 1.98278e+23	8.73e-01	1.27e-01	7.95e-05	3.96e-07	0.00e+00	0.00e+00	0.00e+00	0.00e+00	0.00e+00	8.73e-01	5.66e-08	3.23e-08
 1.98479e+23	8.78e-01	1.22e-01	7.30e-05	3.73e-07	0.00e+00	0.00e+00	0.00e+00	0.00e+00	0.00e+00	8.78e-01	5.61e-08	3.19e-08
 1.98685e+23	8.83e-01	1.17e-01	6.73e-05	3.53e-07	0.00e+00	0.00e+00	0.00e+00	0.00e+00	0.00e+00	8.83e-01	5.57e-08	3.15e-08
 1.98892e+23	8.88e-01	1.12e-01	6.23e-05	3.34e-07	0.00e+00	0.00e+00	0.00e+00	0.00e+00	0.00e+00	8.88e-01	5.52e-08	3.11e-08
 1.99106e+23	8.92e-01	1.08e-01	5.79e-05	3.16e-07	0.00e+00	0.00e+00	0.00e+00	0.00e+00	0.00e+00	8.92e-01	5.48e-08	3.07e-08
 1.99332e+23	8.96e-01	1.04e-01	5.39e-05	3.00e-07	0.00e+00	0.00e+00	0.00e+00	0.00e+00	0.00e+00	8.96e-01	5.45e-08	3.04e-08
 1.99563e+23	9.00e-01	1.00e-01	5.04e-05	2.84e-07	0.00e+00	0.00e+00	0.00e+00	0.00e+00	0.00e+00	9.00e-01	5.42e-08	3.01e-08
 1.99799e+23	9.03e-01	9.66e-02	4.73e-05	2.69e-07	0.00e+00	0.00e+00	0.00e+00	0.00e+00	0.00e+00	9.03e-01	5.39e-08	2.97e-08
 2.00046e+23	9.07e-01	9.30e-02	4.45e-05	2.55e-07	0.00e+00	0.00e+00	0.00e+00	0.00e+00	0.00e+00	9.07e-01	5.36e-08	2.94e-08
 2.00304e+23	9.10e-01	8.95e-02	4.20e-05	2.42e-07	0.00e+00	0.00e+00	0.00e+00	0.00e+00	0.00e+00	9.10e-01	5.34e-08	2.92e-08
 2.00571e+23	9.14e-01	8.62e-02	3.99e-05	2.29e-07	0.00e+00	0.00e+00	0.00e+00	0.00e+00	0.00e+00	9.14e-01	5.32e-08	2.89e-08
 2.00847e+23	9.17e-01	8.30e-02	3.79e-05	2.17e-07	0.00e+00	0.00e+00	0.00e+00	0.00e+00	0.00e+00	9.17e-01	5.30e-08	2.86e-08
 2.01124e+23	9.20e-01	8.00e-02	3.62e-05	2.06e-07	0.00e+00	0.00e+00	0.00e+00	0.00e+00	0.00e+00	9.20e-01	5.29e-08	2.84e-08
 2.01394e+23	9.23e-01	7.74e-02	3.48e-05	1.96e-07	0.00e+00	0.00e+00	0.00e+00	0.00e+00	0.00e+00	9.23e-01	5.28e-08	2.82e-08
 2.01656e+23	9.25e-01	7.50e-02	3.36e-05	1.87e-07	0.00e+00	0.00e+00	0.00e+00	0.00e+00	0.00e+00	9.25e-01	5.27e-08	2.80e-08
 2.01908e+23	9.27e-01	7.29e-02	3.26e-05	1.80e-07	0.00e+00	0.00e+00	0.00e+00	0.00e+00	0.00e+00	9.27e-01	5.26e-08	2.78e-08
 2.02151e+23	9.29e-01	7.08e-02	3.18e-05	1.72e-07	0.00e+00	0.00e+00	0.00e+00	0.00e+00	0.00e+00	9.29e-01	5.25e-08	2.76e-08
 2.02381e+23	9.31e-01	6.89e-02	3.10e-05	1.66e-07	0.00e+00	0.00e+00	0.00e+00	0.00e+00	0.00e+00	9.31e-01	5.24e-08	2.74e-08
 2.02595e+23	9.33e-01	6.73e-02	3.04e-05	1.60e-07	0.00e+00	0.00e+00	0.00e+00	0.00e+00	0.00e+00	9.33e-01	5.23e-08	2.73e-08
 2.02803e+23	9.34e-01	6.57e-02	2.98e-05	1.55e-07	0.00e+00	0.00e+00	0.00e+00	0.00e+00	0.00e+00	9.34e-01	5.23e-08	2.72e-08
 2.03011e+23	9.36e-01	6.41e-02	2.93e-05	1.49e-07	0.00e+00	0.00e+00	0.00e+00	0.00e+00	0.00e+00	9.36e-01	5.22e-08	2.70e-08
 2.03213e+23	9.37e-01	6.26e-02	2.88e-05	1.44e-07	0.00e+00	0.00e+00	0.00e+00	0.00e+00	0.00e+00	9.37e-01	5.21e-08	2.69e-08
 2.03409e+23	9.39e-01	6.11e-02	2.84e-05	1.40e-07	0.00e+00	0.00e+00	0.00e+00	0.00e+00	0.00e+00	9.39e-01	5.21e-08	2.68e-08
 2.03597e+23	9.40e-01	5.98e-02	2.80e-05	1.35e-07	0.00e+00	0.00e+00	0.00e+00	0.00e+00	0.00e+00	9.40e-01	5.20e-08	2.67e-08
 2.03779e+23	9.42e-01	5.85e-02	2.76e-05	1.31e-07	0.00e+00	0.00e+00	0.00e+00	0.00e+00	0.00e+00	9.42e-01	5.20e-08	2.66e-08
 2.03955e+23	9.43e-01	5.72e-02	2.73e-05	1.28e-07	0.00e+00	0.00e+00	0.00e+00	0.00e+00	0.00e+00	9.43e-01	5.20e-08	2.65e-08
 2.04126e+23	9.44e-01	5.60e-02	2.70e-05	1.24e-07	0.00e+00	0.00e+00	0.00e+00	0.00e+00	0.00e+00	9.44e-01	5.19e-08	2.64e-08
 2.04291e+23	9.45e-01	5.48e-02	2.67e-05	0.00e+00	0.00e+00	0.00e+00	0.00e+00	0.00e+00	0.00e+00	9.45e-01	5.19e-08	2.63e-08
 2.04450e+23	9.46e-01	5.37e-02	2.65e-05	0.00e+00	0.00e+00	0.00e+00	0.00e+00	0.00e+00	0.00e+00	9.46e-01	5.18e-08	2.62e-08
 2.04604e+23	9.47e-01	5.26e-02	2.63e-05	0.00e+00	0.00e+00	0.00e+00	0.00e+00	0.00e+00	0.00e+00	9.47e-01	5.18e-08	2.61e-08
 2.04750e+23	9.48e-01	5.16e-02	2.60e-05	0.00e+00	0.00e+00	0.00e+00	0.00e+00	0.00e+00	0.00e+00	9.48e-01	5.17e-08	2.60e-08
 2.04892e+23	9.49e-01	5.06e-02	2.58e-05	0.00e+00	0.00e+00	0.00e+00	0.00e+00	0.00e+00	0.00e+00	9.49e-01	5.17e-08	2.59e-08
 2.05032e+23	9.50e-01	4.96e-02	2.56e-05	0.00e+00	0.00e+00	0.00e+00	0.00e+00	0.00e+00	0.00e+00	9.50e-01	5.16e-08	2.58e-08
 2.05159e+23	9.51e-01	4.87e-02	2.55e-05	0.00e+00	0.00e+00	0.00e+00	0.00e+00	0.00e+00	0.00e+00	9.51e-01	5.15e-08	2.57e-08
 2.05274e+23	9.52e-01	4.80e-02	2.53e-05	0.00e+00	0.00e+00	0.00e+00	0.00e+00	0.00e+00	0.00e+00	9.52e-01	5.15e-08	2.56e-08
 2.05380e+23	9.53e-01	4.73e-02	2.52e-05	0.00e+00	0.00e+00	0.00e+00	0.00e+00	0.00e+00	0.00e+00	9.53e-01	5.14e-08	2.55e-08
 2.05475e+23	9.53e-01	4.66e-02	2.51e-05	0.00e+00	0.00e+00	0.00e+00	0.00e+00	0.00e+00	0.00e+00	9.53e-01	5.13e-08	2.55e-08
 2.05563e+23	9.54e-01	4.60e-02	2.50e-05	0.00e+00	0.00e+00	0.00e+00	0.00e+00	0.00e+00	0.00e+00	9.54e-01	5.13e-08	2.54e-08
 2.05642e+23	9.54e-01	4.55e-02	2.49e-05	0.00e+00	0.00e+00	0.00e+00	0.00e+00	0.00e+00	0.00e+00	9.54e-01	5.12e-08	2.53e-08
 2.05714e+23	9.55e-01	4.50e-02	2.48e-05	0.00e+00	0.00e+00	0.00e+00	0.00e+00	0.00e+00	0.00e+00	9.55e-01	5.12e-08	2.53e-08
 2.05793e+23	9.56e-01	4.44e-02	2.47e-05	0.00e+00	0.00e+00	0.00e+00	0.00e+00	0.00e+00	0.00e+00	9.56e-01	5.10e-08	2.52e-08
 2.05879e+23	9.56e-01	4.38e-02	2.45e-05	0.00e+00	0.00e+00	0.00e+00	0.00e+00	0.00e+00	0.00e+00	9.56e-01	5.07e-08	2.51e-08
 2.05956e+23	9.57e-01	4.32e-02	2.44e-05	0.00e+00	0.00e+00	0.00e+00	0.00e+00	0.00e+00	0.00e+00	9.57e-01	5.06e-08	2.50e-08
 2.06027e+23	9.57e-01	4.28e-02	2.43e-05	0.00e+00	0.00e+00	0.00e+00	0.00e+00	0.00e+00	0.00e+00	9.57e-01	5.03e-08	2.49e-08
 2.06092e+23	9.58e-01	4.24e-02	2.42e-05	0.00e+00	0.00e+00	0.00e+00	0.00e+00	0.00e+00	0.00e+00	9.58e-01	5.02e-08	2.49e-08
 2.06162e+23	9.58e-01	4.19e-02	2.41e-05	0.00e+00	0.00e+00	0.00e+00	0.00e+00	0.00e+00	0.00e+00	9.58e-01	5.01e-08	2.49e-08
 2.06254e+23	9.59e-01	4.11e-02	2.39e-05	0.00e+00	0.00e+00	0.00e+00	0.00e+00	0.00e+00	0.00e+00	9.59e-01	4.99e-08	2.48e-08
 2.06353e+23	9.60e-01	4.04e-02	2.37e-05	0.00e+00	0.00e+00	0.00e+00	0.00e+00	0.00e+00	0.00e+00	9.60e-01	4.96e-08	2.47e-08
 2.06443e+23	9.60e-01	3.97e-02	2.36e-05	0.00e+00	0.00e+00	0.00e+00	0.00e+00	0.00e+00	0.00e+00	9.60e-01	4.95e-08	2.46e-08
 2.06525e+23	9.61e-01	3.92e-02	2.34e-05	0.00e+00	0.00e+00	0.00e+00	0.00e+00	0.00e+00	0.00e+00	9.61e-01	4.93e-08	2.45e-08
 2.06599e+23	9.61e-01	3.87e-02	2.33e-05	0.00e+00	0.00e+00	0.00e+00	0.00e+00	0.00e+00	0.00e+00	9.61e-01	4.91e-08	2.44e-08
 2.06667e+23	9.61e-01	3.85e-02	2.32e-05	0.00e+00	0.00e+00	0.00e+00	0.00e+00	0.00e+00	0.00e+00	9.61e-01	4.91e-08	2.45e-08
 2.06742e+23	9.62e-01	3.80e-02	2.30e-05	0.00e+00	0.00e+00	0.00e+00	0.00e+00	0.00e+00	0.00e+00	9.62e-01	4.90e-08	2.44e-08
 2.06822e+23	9.62e-01	3.75e-02	2.29e-05	0.00e+00	0.00e+00	0.00e+00	0.00e+00	0.00e+00	0.00e+00	9.62e-01	4.90e-08	2.44e-08
 2.06910e+23	9.63e-01	3.70e-02	2.27e-05	0.00e+00	0.00e+00	0.00e+00	0.00e+00	0.00e+00	0.00e+00	9.63e-01	4.88e-08	2.43e-08
 2.07005e+23	9.64e-01	3.64e-02	2.25e-05	0.00e+00	0.00e+00	0.00e+00	0.00e+00	0.00e+00	0.00e+00	9.64e-01	4.88e-08	2.43e-08
 2.07091e+23	9.64e-01	3.59e-02	2.23e-05	0.00e+00	0.00e+00	0.00e+00	0.00e+00	0.00e+00	0.00e+00	9.64e-01	4.86e-08	2.42e-08
 2.07170e+23	9.64e-01	3.56e-02	2.22e-05	0.00e+00	0.00e+00	0.00e+00	0.00e+00	0.00e+00	0.00e+00	9.64e-01	4.86e-08	2.42e-08
 2.07256e+23	9.65e-01	3.50e-02	2.20e-05	0.00e+00	0.00e+00	0.00e+00	0.00e+00	0.00e+00	0.00e+00	9.65e-01	4.85e-08	2.42e-08
 2.07368e+23	9.66e-01	3.43e-02	2.17e-05	0.00e+00	0.00e+00	0.00e+00	0.00e+00	0.00e+00	0.00e+00	9.66e-01	4.84e-08	2.41e-08
 2.07489e+23	9.66e-01	3.36e-02	2.15e-05	0.00e+00	0.00e+00	0.00e+00	0.00e+00	0.00e+00	0.00e+00	9.66e-01	4.83e-08	2.41e-08
 2.07599e+23	9.67e-01	3.29e-02	2.13e-05	0.00e+00	0.00e+00	0.00e+00	0.00e+00	0.00e+00	0.00e+00	9.67e-01	4.82e-08	2.40e-08
 2.07700e+23	9.67e-01	3.25e-02	2.11e-05	0.00e+00	0.00e+00	0.00e+00	0.00e+00	0.00e+00	0.00e+00	9.67e-01	4.81e-08	2.40e-08
 2.07791e+23	9.68e-01	3.20e-02	2.08e-05	0.00e+00	0.00e+00	0.00e+00	0.00e+00	0.00e+00	0.00e+00	9.68e-01	4.80e-08	2.39e-08
 2.07874e+23	9.68e-01	3.16e-02	2.06e-05	0.00e+00	0.00e+00	0.00e+00	0.00e+00	0.00e+00	0.00e+00	9.68e-01	4.79e-08	2.38e-08
 2.07949e+23	9.69e-01	3.13e-02	2.05e-05	0.00e+00	0.00e+00	0.00e+00	0.00e+00	0.00e+00	0.00e+00	9.69e-01	4.79e-08	2.38e-08
 2.08018e+23	9.69e-01	3.09e-02	2.03e-05	0.00e+00	0.00e+00	0.00e+00	0.00e+00	0.00e+00	0.00e+00	9.69e-01	4.77e-08	2.37e-08
 2.08080e+23	9.69e-01	3.07e-02	2.02e-05	0.00e+00	0.00e+00	0.00e+00	0.00e+00	0.00e+00	0.00e+00	9.69e-01	4.77e-08	2.37e-08
 2.08149e+23	9.70e-01	3.03e-02	2.00e-05	0.00e+00	0.00e+00	0.00e+00	0.00e+00	0.00e+00	0.00e+00	9.70e-01	4.76e-08	2.36e-08
 2.08223e+23	9.70e-01	2.98e-02	1.98e-05	0.00e+00	0.00e+00	0.00e+00	0.00e+00	0.00e+00	0.00e+00	9.70e-01	4.75e-08	2.35e-08
 2.08290e+23	9.71e-01	2.95e-02	1.96e-05	0.00e+00	0.00e+00	0.00e+00	0.00e+00	0.00e+00	0.00e+00	9.71e-01	4.74e-08	2.34e-08
 2.08351e+23	9.71e-01	2.93e-02	1.95e-05	0.00e+00	0.00e+00	0.00e+00	0.00e+00	0.00e+00	0.00e+00	9.71e-01	4.74e-08	2.34e-08
 2.08419e+23	9.71e-01	2.89e-02	1.94e-05	0.00e+00	0.00e+00	0.00e+00	0.00e+00	0.00e+00	0.00e+00	9.71e-01	4.73e-08	2.34e-08
 2.08506e+23	9.72e-01	2.84e-02	1.91e-05	0.00e+00	0.00e+00	0.00e+00	0.00e+00	0.00e+00	0.00e+00	9.72e-01	4.72e-08	2.33e-08
 2.08600e+23	9.72e-01	2.79e-02	1.89e-05	0.00e+00	0.00e+00	0.00e+00	0.00e+00	0.00e+00	0.00e+00	9.72e-01	4.71e-08	2.33e-08
 2.08686e+23	9.73e-01	2.75e-02	1.87e-05	0.00e+00	0.00e+00	0.00e+00	0.00e+00	0.00e+00	0.00e+00	9.73e-01	4.70e-08	2.32e-08
 2.08764e+23	9.73e-01	2.71e-02	1.86e-05	0.00e+00	0.00e+00	0.00e+00	0.00e+00	0.00e+00	0.00e+00	9.73e-01	4.69e-08	2.31e-08
 2.08835e+23	9.73e-01	2.69e-02	1.84e-05	0.00e+00	0.00e+00	0.00e+00	0.00e+00	0.00e+00	0.00e+00	9.73e-01	4.69e-08	2.30e-08
 2.08912e+23	9.74e-01	2.65e-02	1.83e-05	0.00e+00	0.00e+00	0.00e+00	0.00e+00	0.00e+00	0.00e+00	9.74e-01	4.68e-08	2.30e-08
 2.09014e+23	9.74e-01	2.59e-02	1.80e-05	0.00e+00	0.00e+00	0.00e+00	0.00e+00	0.00e+00	0.00e+00	9.74e-01	4.67e-08	2.29e-08
 2.09123e+23	9.75e-01	2.54e-02	1.78e-05	0.00e+00	0.00e+00	0.00e+00	0.00e+00	0.00e+00	0.00e+00	9.75e-01	4.66e-08	2.28e-08
 2.09222e+23	9.75e-01	2.49e-02	1.76e-05	0.00e+00	0.00e+00	0.00e+00	0.00e+00	0.00e+00	0.00e+00	9.75e-01	4.65e-08	2.27e-08
 2.09312e+23	9.75e-01	2.46e-02	1.75e-05	0.00e+00	0.00e+00	0.00e+00	0.00e+00	0.00e+00	0.00e+00	9.75e-01	4.63e-08	2.26e-08
 2.09411e+23	9.76e-01	2.43e-02	1.73e-05	0.00e+00	0.00e+00	0.00e+00	0.00e+00	0.00e+00	0.00e+00	9.76e-01	4.59e-08	2.24e-08
 2.09518e+23	9.76e-01	2.38e-02	1.71e-05	0.00e+00	0.00e+00	0.00e+00	0.00e+00	0.00e+00	0.00e+00	9.76e-01	4.54e-08	2.22e-08
 2.09616e+23	9.77e-01	2.34e-02	1.69e-05	0.00e+00	0.00e+00	0.00e+00	0.00e+00	0.00e+00	0.00e+00	9.77e-01	4.49e-08	2.19e-08
 2.09704e+23	9.77e-01	2.32e-02	1.68e-05	0.00e+00	0.00e+00	0.00e+00	0.00e+00	0.00e+00	0.00e+00	9.77e-01	4.48e-08	2.19e-08
 2.09801e+23	9.77e-01	2.28e-02	1.66e-05	0.00e+00	0.00e+00	0.00e+00	0.00e+00	0.00e+00	0.00e+00	9.77e-01	4.44e-08	2.17e-08
 2.09906e+23	9.78e-01	2.24e-02	1.64e-05	0.00e+00	0.00e+00	0.00e+00	0.00e+00	0.00e+00	0.00e+00	9.78e-01	4.40e-08	2.14e-08
 2.10001e+23	9.78e-01	2.21e-02	1.63e-05	0.00e+00	0.00e+00	0.00e+00	0.00e+00	0.00e+00	0.00e+00	9.78e-01	4.35e-08	2.11e-08
 2.10088e+23	9.78e-01	2.19e-02	1.62e-05	0.00e+00	0.00e+00	0.00e+00	0.00e+00	0.00e+00	0.00e+00	9.78e-01	4.34e-08	2.11e-08
 2.10183e+23	9.78e-01	2.15e-02	1.60e-05	0.00e+00	0.00e+00	0.00e+00	0.00e+00	0.00e+00	0.00e+00	9.78e-01	4.31e-08	2.08e-08
 2.10286e+23	9.79e-01	2.12e-02	1.59e-05	0.00e+00	0.00e+00	0.00e+00	0.00e+00	0.00e+00	0.00e+00	9.79e-01	4.27e-08	2.06e-08
 2.10379e+23	9.79e-01	2.09e-02	1.57e-05	0.00e+00	0.00e+00	0.00e+00	0.00e+00	0.00e+00	0.00e+00	9.79e-01	4.25e-08	2.05e-08
 2.10482e+23	9.79e-01	2.05e-02	1.55e-05	0.00e+00	0.00e+00	0.00e+00	0.00e+00	0.00e+00	0.00e+00	9.79e-01	4.21e-08	2.02e-08
 2.10592e+23	9.80e-01	2.02e-02	1.54e-05	0.00e+00	0.00e+00	0.00e+00	0.00e+00	0.00e+00	0.00e+00	9.80e-01	4.18e-08	2.00e-08
 2.10693e+23	9.80e-01	1.98e-02	1.52e-05	0.00e+00	0.00e+00	0.00e+00	0.00e+00	0.00e+00	0.00e+00	9.80e-01	4.13e-08	1.97e-08
 2.10784e+23	9.80e-01	1.96e-02	1.51e-05	0.00e+00	0.00e+00	0.00e+00	0.00e+00	0.00e+00	0.00e+00	9.80e-01	4.12e-08	1.96e-08
 2.10884e+23	9.81e-01	1.93e-02	1.50e-05	0.00e+00	0.00e+00	0.00e+00	0.00e+00	0.00e+00	0.00e+00	9.81e-01	4.09e-08	1.94e-08
 2.10993e+23	9.81e-01	1.90e-02	1.48e-05	0.00e+00	0.00e+00	0.00e+00	0.00e+00	0.00e+00	0.00e+00	9.81e-01	4.06e-08	1.92e-08
