#depth	N	N+	N+2	N+3	N+4	N+5	N+6	N+7
 4.62852e+21	4.34e-11	5.97e-07	3.18e-04	1.27e-02	5.59e-02	6.22e-01	2.83e-01	2.59e-02
 1.03073e+22	1.20e-10	1.58e-06	7.94e-04	2.49e-02	9.01e-02	6.67e-01	2.04e-01	1.26e-02
 1.18828e+22	2.04e-10	2.58e-06	1.24e-03	3.41e-02	1.11e-01	6.75e-01	1.70e-01	8.65e-03
 1.26876e+22	2.71e-10	3.36e-06	1.58e-03	4.00e-02	1.23e-01	6.75e-01	1.53e-01	7.05e-03
 1.30845e+22	3.09e-10	3.76e-06	1.75e-03	4.28e-02	1.29e-01	6.74e-01	1.47e-01	6.46e-03
 1.33542e+22	3.62e-10	4.34e-06	1.98e-03	4.66e-02	1.35e-01	6.72e-01	1.38e-01	5.77e-03
 1.36430e+22	4.19e-10	4.95e-06	2.22e-03	5.03e-02	1.42e-01	6.69e-01	1.31e-01	5.21e-03
 1.39110e+22	4.82e-10	5.61e-06	2.48e-03	5.40e-02	1.48e-01	6.66e-01	1.24e-01	4.71e-03
 1.42137e+22	5.78e-10	6.60e-06	2.86e-03	5.92e-02	1.57e-01	6.61e-01	1.16e-01	4.14e-03
 1.45248e+22	6.71e-10	7.55e-06	3.21e-03	6.38e-02	1.64e-01	6.56e-01	1.09e-01	3.70e-03
 1.48468e+22	8.19e-10	8.97e-06	3.72e-03	7.01e-02	1.73e-01	6.49e-01	1.01e-01	3.23e-03
 1.51473e+22	9.37e-10	1.01e-05	4.12e-03	7.48e-02	1.79e-01	6.43e-01	9.60e-02	2.92e-03
 1.53788e+22	1.06e-09	1.13e-05	4.54e-03	7.94e-02	1.86e-01	6.37e-01	9.10e-02	2.65e-03
 1.56385e+22	1.24e-09	1.29e-05	5.08e-03	8.52e-02	1.93e-01	6.29e-01	8.54e-02	2.37e-03
 1.59157e+22	1.44e-09	1.47e-05	5.64e-03	9.08e-02	2.00e-01	6.21e-01	8.06e-02	2.14e-03
 1.62158e+22	1.74e-09	1.73e-05	6.47e-03	9.88e-02	2.09e-01	6.10e-01	7.42e-02	1.85e-03
 1.65112e+22	2.01e-09	1.96e-05	7.17e-03	1.05e-01	2.16e-01	6.01e-01	6.98e-02	1.66e-03
 1.68005e+22	2.41e-09	2.28e-05	8.13e-03	1.13e-01	2.24e-01	5.89e-01	6.46e-02	1.45e-03
 1.70990e+22	2.82e-09	2.61e-05	9.06e-03	1.21e-01	2.31e-01	5.77e-01	6.02e-02	1.29e-03
 1.73650e+22	3.27e-09	2.96e-05	1.00e-02	1.28e-01	2.38e-01	5.66e-01	5.62e-02	1.15e-03
 1.76661e+22	3.95e-09	3.47e-05	1.14e-02	1.38e-01	2.46e-01	5.51e-01	5.15e-02	9.91e-04
 1.79766e+22	4.65e-09	3.98e-05	1.27e-02	1.47e-01	2.54e-01	5.38e-01	4.77e-02	8.71e-04
 1.82542e+22	5.44e-09	4.54e-05	1.41e-02	1.56e-01	2.60e-01	5.24e-01	4.41e-02	7.67e-04
 1.85700e+22	6.66e-09	5.37e-05	1.61e-02	1.68e-01	2.68e-01	5.07e-01	4.00e-02	6.53e-04
 1.88949e+22	7.92e-09	6.19e-05	1.80e-02	1.79e-01	2.75e-01	4.91e-01	3.66e-02	5.66e-04
 1.91844e+22	9.33e-09	7.09e-05	2.00e-02	1.89e-01	2.81e-01	4.76e-01	3.36e-02	4.93e-04
 1.95133e+22	1.15e-08	8.42e-05	2.28e-02	2.03e-01	2.88e-01	4.56e-01	3.01e-02	4.13e-04
 1.98513e+22	1.35e-08	9.76e-05	2.55e-02	2.15e-01	2.93e-01	4.38e-01	2.73e-02	3.53e-04
 2.01505e+22	1.60e-08	1.12e-04	2.82e-02	2.27e-01	2.98e-01	4.21e-01	2.48e-02	3.04e-04
 2.04890e+22	1.99e-08	1.33e-04	3.21e-02	2.43e-01	3.03e-01	4.00e-01	2.19e-02	2.51e-04
 2.08363e+22	2.40e-08	1.55e-04	3.59e-02	2.56e-01	3.07e-01	3.81e-01	1.96e-02	2.12e-04
 2.11434e+22	2.86e-08	1.78e-04	3.96e-02	2.69e-01	3.10e-01	3.63e-01	1.77e-02	1.80e-04
 2.14908e+22	3.58e-08	2.12e-04	4.49e-02	2.86e-01	3.13e-01	3.41e-01	1.54e-02	1.47e-04
 2.18488e+22	4.34e-08	2.47e-04	5.01e-02	3.00e-01	3.15e-01	3.21e-01	1.36e-02	1.21e-04
 2.21666e+22	5.22e-08	2.85e-04	5.52e-02	3.14e-01	3.15e-01	3.03e-01	1.21e-02	1.02e-04
 2.25262e+22	6.58e-08	3.40e-04	6.24e-02	3.31e-01	3.15e-01	2.81e-01	1.04e-02	8.11e-05
 2.28964e+22	8.05e-08	3.97e-04	6.92e-02	3.46e-01	3.14e-01	2.62e-01	9.05e-03	6.62e-05
 2.32273e+22	9.75e-08	4.58e-04	7.62e-02	3.59e-01	3.11e-01	2.45e-01	7.91e-03	5.44e-05
 2.36045e+22	1.25e-07	5.51e-04	8.59e-02	3.76e-01	3.08e-01	2.23e-01	6.63e-03	4.20e-05
 2.39888e+22	1.53e-07	6.41e-04	9.47e-02	3.90e-01	3.03e-01	2.06e-01	5.70e-03	3.38e-05
 2.43823e+22	1.97e-07	7.74e-04	1.07e-01	4.06e-01	2.97e-01	1.85e-01	4.69e-03	2.56e-05
 2.47726e+22	2.40e-07	8.95e-04	1.17e-01	4.18e-01	2.91e-01	1.70e-01	4.02e-03	2.05e-05
 2.50890e+22	2.86e-07	1.02e-03	1.26e-01	4.28e-01	2.85e-01	1.57e-01	3.49e-03	1.68e-05
 2.54304e+22	3.55e-07	1.19e-03	1.38e-01	4.39e-01	2.77e-01	1.42e-01	2.92e-03	1.30e-05
 2.57764e+22	4.25e-07	1.35e-03	1.49e-01	4.48e-01	2.70e-01	1.30e-01	2.51e-03	1.05e-05
 2.60819e+22	5.06e-07	1.53e-03	1.60e-01	4.55e-01	2.62e-01	1.19e-01	2.16e-03	8.53e-06
 2.64324e+22	6.31e-07	1.79e-03	1.75e-01	4.64e-01	2.52e-01	1.06e-01	1.78e-03	6.52e-06
 2.67921e+22	7.64e-07	2.04e-03	1.88e-01	4.70e-01	2.43e-01	9.60e-02	1.50e-03	5.14e-06
 2.71121e+22	9.13e-07	2.31e-03	2.01e-01	4.75e-01	2.34e-01	8.70e-02	1.27e-03	4.09e-06
 2.74767e+22	1.14e-06	2.70e-03	2.18e-01	4.79e-01	2.22e-01	7.66e-02	1.03e-03	3.05e-06
 2.78444e+22	1.38e-06	3.07e-03	2.33e-01	4.82e-01	2.12e-01	6.87e-02	8.60e-04	2.38e-06
 2.81648e+22	1.64e-06	3.47e-03	2.48e-01	4.83e-01	2.03e-01	6.17e-02	7.21e-04	1.87e-06
 2.84532e+22	1.90e-06	3.81e-03	2.60e-01	4.84e-01	1.95e-01	5.65e-02	6.25e-04	1.54e-06
 2.87510e+22	2.26e-06	4.31e-03	2.76e-01	4.84e-01	1.86e-01	5.04e-02	5.20e-04	1.19e-06
 2.90549e+22	2.64e-06	4.77e-03	2.89e-01	4.82e-01	1.77e-01	4.57e-02	4.43e-04	9.60e-07
 2.93216e+22	3.03e-06	5.24e-03	3.03e-01	4.81e-01	1.69e-01	4.16e-02	3.81e-04	7.82e-07
 2.96234e+22	3.63e-06	5.92e-03	3.20e-01	4.78e-01	1.60e-01	3.68e-02	3.13e-04	5.99e-07
 2.99304e+22	4.21e-06	6.52e-03	3.34e-01	4.74e-01	1.52e-01	3.32e-02	2.65e-04	4.79e-07
 3.02028e+22	4.83e-06	7.17e-03	3.48e-01	4.70e-01	1.44e-01	3.00e-02	2.26e-04	3.85e-07
 3.05155e+22	5.78e-06	8.10e-03	3.66e-01	4.64e-01	1.35e-01	2.62e-02	1.83e-04	2.89e-07
 3.08299e+22	6.63e-06	8.89e-03	3.81e-01	4.59e-01	1.28e-01	2.36e-02	1.55e-04	2.31e-07
 3.11464e+22	7.88e-06	1.00e-02	4.00e-01	4.51e-01	1.19e-01	2.05e-02	1.24e-04	1.72e-07
 3.14681e+22	9.07e-06	1.10e-02	4.15e-01	4.44e-01	1.12e-01	1.83e-02	1.04e-04	1.35e-07
 3.17965e+22	1.08e-05	1.24e-02	4.34e-01	4.34e-01	1.03e-01	1.58e-02	8.26e-05	0.00e+00
 3.21286e+22	1.25e-05	1.36e-02	4.50e-01	4.26e-01	9.63e-02	1.40e-02	6.85e-05	0.00e+00
 3.24653e+22	1.49e-05	1.53e-02	4.70e-01	4.15e-01	8.83e-02	1.20e-02	5.38e-05	0.00e+00
 3.28068e+22	1.71e-05	1.68e-02	4.86e-01	4.05e-01	8.21e-02	1.06e-02	4.43e-05	0.00e+00
 3.29958e+22	1.77e-05	1.72e-02	4.90e-01	4.02e-01	8.05e-02	1.02e-02	4.19e-05	0.00e+00
 3.30827e+22	1.84e-05	1.77e-02	4.94e-01	3.99e-01	7.88e-02	9.85e-03	3.96e-05	0.00e+00
 3.31957e+22	1.97e-05	1.85e-02	5.01e-01	3.95e-01	7.63e-02	9.29e-03	3.62e-05	0.00e+00
 3.33426e+22	2.10e-05	1.93e-02	5.09e-01	3.90e-01	7.35e-02	8.73e-03	3.29e-05	0.00e+00
 3.35335e+22	2.34e-05	2.07e-02	5.20e-01	3.82e-01	6.95e-02	7.92e-03	2.83e-05	0.00e+00
 3.37818e+22	2.63e-05	2.24e-02	5.33e-01	3.73e-01	6.51e-02	7.08e-03	2.39e-05	0.00e+00
 3.41045e+22	3.15e-05	2.52e-02	5.51e-01	3.58e-01	5.89e-02	5.99e-03	1.84e-05	0.00e+00
 3.44436e+22	3.62e-05	2.76e-02	5.66e-01	3.47e-01	5.42e-02	5.23e-03	1.49e-05	0.00e+00
 3.48042e+22	4.33e-05	3.10e-02	5.84e-01	3.32e-01	4.86e-02	4.37e-03	1.14e-05	0.00e+00
 3.51269e+22	4.83e-05	3.32e-02	5.95e-01	3.22e-01	4.54e-02	3.92e-03	9.62e-06	0.00e+00
 3.54004e+22	5.53e-05	3.63e-02	6.08e-01	3.11e-01	4.17e-02	3.41e-03	7.80e-06	0.00e+00
 3.56811e+22	6.18e-05	3.89e-02	6.18e-01	3.01e-01	3.88e-02	3.04e-03	6.54e-06	0.00e+00
 3.59712e+22	7.09e-05	4.25e-02	6.30e-01	2.89e-01	3.54e-02	2.63e-03	5.25e-06	0.00e+00
 3.62673e+22	7.96e-05	4.58e-02	6.40e-01	2.79e-01	3.27e-02	2.33e-03	4.35e-06	0.00e+00
 3.65308e+22	8.92e-05	4.92e-02	6.50e-01	2.69e-01	3.02e-02	2.06e-03	3.61e-06	0.00e+00
 3.68328e+22	1.03e-04	5.39e-02	6.61e-01	2.56e-01	2.73e-02	1.76e-03	2.84e-06	0.00e+00
 3.71355e+22	1.15e-04	5.77e-02	6.69e-01	2.46e-01	2.52e-02	1.55e-03	2.36e-06	0.00e+00
 3.74389e+22	1.32e-04	6.30e-02	6.79e-01	2.34e-01	2.27e-02	1.33e-03	1.86e-06	0.00e+00
 3.77518e+22	1.49e-04	6.78e-02	6.86e-01	2.24e-01	2.08e-02	1.16e-03	1.51e-06	0.00e+00
 3.80769e+22	1.73e-04	7.44e-02	6.95e-01	2.11e-01	1.85e-02	9.73e-04	1.16e-06	0.00e+00
 3.83525e+22	1.86e-04	7.78e-02	6.99e-01	2.04e-01	1.74e-02	8.88e-04	1.01e-06	0.00e+00
 3.85199e+22	1.97e-04	8.04e-02	7.02e-01	2.00e-01	1.66e-02	8.31e-04	9.17e-07	0.00e+00
 3.86937e+22	2.14e-04	8.47e-02	7.06e-01	1.93e-01	1.56e-02	7.52e-04	7.89e-07	0.00e+00
 3.89195e+22	2.35e-04	8.98e-02	7.10e-01	1.85e-01	1.44e-02	6.70e-04	6.63e-07	0.00e+00
 3.92132e+22	2.70e-04	9.77e-02	7.15e-01	1.74e-01	1.29e-02	5.66e-04	5.15e-07	0.00e+00
 3.94713e+22	2.89e-04	1.02e-01	7.17e-01	1.68e-01	1.21e-02	5.19e-04	4.52e-07	0.00e+00
 3.96833e+22	3.18e-04	1.08e-01	7.20e-01	1.61e-01	1.12e-02	4.60e-04	3.77e-07	0.00e+00
 3.99588e+22	3.57e-04	1.16e-01	7.22e-01	1.52e-01	1.01e-02	3.96e-04	3.02e-07	0.00e+00
 4.02653e+22	4.01e-04	1.24e-01	7.23e-01	1.43e-01	9.09e-03	3.41e-04	2.41e-07	0.00e+00
 4.05500e+22	4.44e-04	1.31e-01	7.24e-01	1.36e-01	8.28e-03	2.98e-04	1.97e-07	0.00e+00
 4.08581e+22	5.07e-04	1.42e-01	7.24e-01	1.26e-01	7.33e-03	2.50e-04	1.52e-07	0.00e+00
 4.12021e+22	5.73e-04	1.53e-01	7.22e-01	1.18e-01	6.52e-03	2.11e-04	0.00e+00	0.00e+00
 4.15929e+22	6.78e-04	1.68e-01	7.19e-01	1.07e-01	5.55e-03	1.67e-04	0.00e+00	0.00e+00
 4.19818e+22	7.64e-04	1.80e-01	7.15e-01	9.90e-02	4.92e-03	1.41e-04	0.00e+00	0.00e+00
 4.23683e+22	8.93e-04	1.97e-01	7.08e-01	8.95e-02	4.20e-03	1.12e-04	0.00e+00	0.00e+00
 4.27689e+22	1.02e-03	2.11e-01	7.02e-01	8.20e-02	3.67e-03	9.22e-05	0.00e+00	0.00e+00
 4.31876e+22	1.21e-03	2.33e-01	6.90e-01	7.27e-02	3.06e-03	7.12e-05	0.00e+00	0.00e+00
 4.36088e+22	1.37e-03	2.49e-01	6.81e-01	6.61e-02	2.66e-03	5.82e-05	0.00e+00	0.00e+00
 4.40332e+22	1.63e-03	2.74e-01	6.64e-01	5.78e-02	2.20e-03	4.42e-05	0.00e+00	0.00e+00
 4.44626e+22	1.86e-03	2.93e-01	6.51e-01	5.21e-02	1.90e-03	3.58e-05	0.00e+00	0.00e+00
 4.48983e+22	2.22e-03	3.22e-01	6.29e-01	4.48e-02	1.55e-03	2.66e-05	0.00e+00	0.00e+00
 4.53439e+22	2.56e-03	3.46e-01	6.11e-01	3.95e-02	1.31e-03	2.09e-05	0.00e+00	0.00e+00
 4.56947e+22	2.84e-03	3.64e-01	5.96e-01	3.58e-02	1.16e-03	1.74e-05	0.00e+00	0.00e+00
 4.60426e+22	3.29e-03	3.93e-01	5.72e-01	3.10e-02	9.66e-04	1.33e-05	0.00e+00	0.00e+00
 4.63886e+22	3.65e-03	4.13e-01	5.55e-01	2.79e-02	8.46e-04	1.10e-05	0.00e+00	0.00e+00
 4.67318e+22	4.23e-03	4.43e-01	5.28e-01	2.39e-02	7.02e-04	8.30e-06	0.00e+00	0.00e+00
 4.70794e+22	4.75e-03	4.68e-01	5.06e-01	2.10e-02	6.03e-04	6.61e-06	0.00e+00	0.00e+00
 4.74327e+22	5.52e-03	5.02e-01	4.75e-01	1.75e-02	4.91e-04	4.85e-06	0.00e+00	0.00e+00
 4.77900e+22	6.26e-03	5.30e-01	4.49e-01	1.50e-02	4.12e-04	3.73e-06	0.00e+00	0.00e+00
 4.81011e+22	7.07e-03	5.58e-01	4.22e-01	1.28e-02	3.45e-04	2.86e-06	0.00e+00	0.00e+00
 4.84542e+22	8.25e-03	5.96e-01	3.85e-01	1.03e-02	2.72e-04	1.99e-06	0.00e+00	0.00e+00
 4.88163e+22	9.48e-03	6.29e-01	3.53e-01	8.35e-03	2.19e-04	1.43e-06	0.00e+00	0.00e+00
 4.91331e+22	1.08e-02	6.60e-01	3.23e-01	6.80e-03	1.77e-04	1.03e-06	0.00e+00	0.00e+00
 4.94880e+22	1.27e-02	6.98e-01	2.84e-01	5.14e-03	1.32e-04	6.60e-07	0.00e+00	0.00e+00
 4.98613e+22	1.48e-02	7.34e-01	2.47e-01	3.86e-03	9.84e-05	4.23e-07	0.00e+00	0.00e+00
 5.01834e+22	1.70e-02	7.63e-01	2.17e-01	2.94e-03	7.48e-05	2.79e-07	0.00e+00	0.00e+00
 5.04629e+22	1.93e-02	7.89e-01	1.90e-01	2.27e-03	5.75e-05	1.88e-07	0.00e+00	0.00e+00
 5.07203e+22	2.17e-02	8.11e-01	1.66e-01	1.75e-03	4.40e-05	1.26e-07	0.00e+00	0.00e+00
 5.10128e+22	2.52e-02	8.36e-01	1.37e-01	1.24e-03	3.08e-05	0.00e+00	0.00e+00	0.00e+00
 5.13158e+22	2.92e-02	8.57e-01	1.12e-01	8.68e-04	2.13e-05	0.00e+00	0.00e+00	0.00e+00
 5.14971e+22	3.14e-02	8.67e-01	1.01e-01	7.24e-04	1.76e-05	0.00e+00	0.00e+00	0.00e+00
 5.15660e+22	3.24e-02	8.70e-01	9.67e-02	6.67e-04	1.62e-05	0.00e+00	0.00e+00	0.00e+00
 5.16233e+22	3.34e-02	8.74e-01	9.23e-02	6.17e-04	1.48e-05	0.00e+00	0.00e+00	0.00e+00
 5.16958e+22	3.49e-02	8.78e-01	8.66e-02	5.55e-04	1.32e-05	0.00e+00	0.00e+00	0.00e+00
 5.17734e+22	3.64e-02	8.82e-01	8.12e-02	4.99e-04	1.18e-05	0.00e+00	0.00e+00	0.00e+00
 5.18446e+22	3.79e-02	8.85e-01	7.64e-02	4.51e-04	1.05e-05	0.00e+00	0.00e+00	0.00e+00
 5.19126e+22	3.94e-02	8.88e-01	7.19e-02	4.09e-04	9.46e-06	0.00e+00	0.00e+00	0.00e+00
 5.19804e+22	4.10e-02	8.91e-01	6.76e-02	3.71e-04	8.46e-06	0.00e+00	0.00e+00	0.00e+00
 5.20473e+22	4.25e-02	8.94e-01	6.36e-02	3.37e-04	7.60e-06	0.00e+00	0.00e+00	0.00e+00
 5.21163e+22	4.44e-02	8.96e-01	5.94e-02	3.03e-04	6.73e-06	0.00e+00	0.00e+00	0.00e+00
 5.21853e+22	4.63e-02	8.98e-01	5.56e-02	2.74e-04	5.98e-06	0.00e+00	0.00e+00	0.00e+00
 5.22498e+22	4.83e-02	8.99e-01	5.20e-02	2.48e-04	5.32e-06	0.00e+00	0.00e+00	0.00e+00
 5.23111e+22	5.02e-02	9.01e-01	4.88e-02	2.26e-04	4.76e-06	0.00e+00	0.00e+00	0.00e+00
 5.23711e+22	5.23e-02	9.02e-01	4.57e-02	2.05e-04	4.25e-06	0.00e+00	0.00e+00	0.00e+00
 5.24314e+22	5.43e-02	9.03e-01	4.29e-02	1.87e-04	3.80e-06	0.00e+00	0.00e+00	0.00e+00
 5.24938e+22	5.67e-02	9.03e-01	4.00e-02	1.69e-04	3.36e-06	0.00e+00	0.00e+00	0.00e+00
 5.25562e+22	5.91e-02	9.03e-01	3.73e-02	1.54e-04	2.98e-06	0.00e+00	0.00e+00	0.00e+00
 5.26160e+22	6.18e-02	9.03e-01	3.47e-02	1.40e-04	2.63e-06	0.00e+00	0.00e+00	0.00e+00
 5.26726e+22	6.42e-02	9.03e-01	3.25e-02	1.28e-04	2.35e-06	0.00e+00	0.00e+00	0.00e+00
 5.27295e+22	6.70e-02	9.03e-01	3.03e-02	1.17e-04	2.09e-06	0.00e+00	0.00e+00	0.00e+00
 5.27887e+22	7.02e-02	9.02e-01	2.81e-02	1.06e-04	1.84e-06	0.00e+00	0.00e+00	0.00e+00
 5.28439e+22	7.32e-02	9.01e-01	2.62e-02	9.76e-05	1.63e-06	0.00e+00	0.00e+00	0.00e+00
 5.28966e+22	7.60e-02	8.99e-01	2.46e-02	9.01e-05	1.46e-06	0.00e+00	0.00e+00	0.00e+00
 5.29532e+22	7.97e-02	8.97e-01	2.28e-02	8.22e-05	1.29e-06	0.00e+00	0.00e+00	0.00e+00
 5.30106e+22	8.35e-02	8.95e-01	2.11e-02	7.51e-05	1.13e-06	0.00e+00	0.00e+00	0.00e+00
 5.30628e+22	8.72e-02	8.93e-01	1.96e-02	6.94e-05	1.01e-06	0.00e+00	0.00e+00	0.00e+00
 5.31134e+22	9.06e-02	8.91e-01	1.84e-02	6.44e-05	9.00e-07	0.00e+00	0.00e+00	0.00e+00
 5.31689e+22	9.52e-02	8.88e-01	1.70e-02	5.90e-05	7.88e-07	0.00e+00	0.00e+00	0.00e+00
 5.32255e+22	1.00e-01	8.84e-01	1.56e-02	5.41e-05	6.90e-07	0.00e+00	0.00e+00	0.00e+00
 5.32761e+22	1.05e-01	8.81e-01	1.45e-02	5.03e-05	6.14e-07	0.00e+00	0.00e+00	0.00e+00
 5.33249e+22	1.09e-01	8.78e-01	1.36e-02	4.69e-05	5.50e-07	0.00e+00	0.00e+00	0.00e+00
 5.33798e+22	1.15e-01	8.73e-01	1.25e-02	4.32e-05	4.80e-07	0.00e+00	0.00e+00	0.00e+00
 5.34362e+22	1.20e-01	8.68e-01	1.15e-02	3.99e-05	4.21e-07	0.00e+00	0.00e+00	0.00e+00
 5.34885e+22	1.27e-01	8.63e-01	1.06e-02	3.70e-05	3.69e-07	0.00e+00	0.00e+00	0.00e+00
 5.35377e+22	1.32e-01	8.58e-01	9.85e-03	3.47e-05	3.30e-07	0.00e+00	0.00e+00	0.00e+00
 5.35895e+22	1.39e-01	8.52e-01	9.06e-03	3.22e-05	2.90e-07	0.00e+00	0.00e+00	0.00e+00
 5.36445e+22	1.46e-01	8.46e-01	8.33e-03	2.99e-05	2.54e-07	0.00e+00	0.00e+00	0.00e+00
 5.36978e+22	1.54e-01	8.39e-01	7.64e-03	2.79e-05	2.23e-07	0.00e+00	0.00e+00	0.00e+00
 5.37495e+22	1.61e-01	8.32e-01	7.05e-03	2.61e-05	1.97e-07	0.00e+00	0.00e+00	0.00e+00
 5.38018e+22	1.69e-01	8.24e-01	6.46e-03	2.44e-05	1.73e-07	0.00e+00	0.00e+00	0.00e+00
 5.38548e+22	1.78e-01	8.16e-01	5.94e-03	2.28e-05	1.53e-07	0.00e+00	0.00e+00	0.00e+00
 5.39086e+22	1.87e-01	8.08e-01	5.43e-03	2.13e-05	1.34e-07	0.00e+00	0.00e+00	0.00e+00
 5.39642e+22	1.97e-01	7.98e-01	4.94e-03	2.00e-05	0.00e+00	0.00e+00	0.00e+00	0.00e+00
 5.40180e+22	2.07e-01	7.88e-01	4.52e-03	1.87e-05	0.00e+00	0.00e+00	0.00e+00	0.00e+00
 5.40719e+22	2.17e-01	7.78e-01	4.13e-03	1.76e-05	0.00e+00	0.00e+00	0.00e+00	0.00e+00
 5.41281e+22	2.29e-01	7.67e-01	3.75e-03	1.65e-05	0.00e+00	0.00e+00	0.00e+00	0.00e+00
 5.41860e+22	2.41e-01	7.56e-01	3.40e-03	1.55e-05	0.00e+00	0.00e+00	0.00e+00	0.00e+00
 5.42451e+22	2.54e-01	7.43e-01	3.07e-03	1.45e-05	0.00e+00	0.00e+00	0.00e+00	0.00e+00
 5.43043e+22	2.67e-01	7.30e-01	2.78e-03	1.36e-05	0.00e+00	0.00e+00	0.00e+00	0.00e+00
 5.43638e+22	2.80e-01	7.17e-01	2.51e-03	1.28e-05	0.00e+00	0.00e+00	0.00e+00	0.00e+00
 5.44255e+22	2.95e-01	7.03e-01	2.25e-03	1.20e-05	0.00e+00	0.00e+00	0.00e+00	0.00e+00
 5.44828e+22	3.08e-01	6.90e-01	2.05e-03	1.13e-05	0.00e+00	0.00e+00	0.00e+00	0.00e+00
 5.45320e+22	3.20e-01	6.78e-01	1.88e-03	1.08e-05	0.00e+00	0.00e+00	0.00e+00	0.00e+00
 5.45809e+22	3.32e-01	6.66e-01	1.73e-03	1.03e-05	0.00e+00	0.00e+00	0.00e+00	0.00e+00
 5.46340e+22	3.45e-01	6.53e-01	1.58e-03	9.82e-06	0.00e+00	0.00e+00	0.00e+00	0.00e+00
 5.46897e+22	3.59e-01	6.39e-01	1.43e-03	9.31e-06	0.00e+00	0.00e+00	0.00e+00	0.00e+00
 5.47450e+22	3.73e-01	6.26e-01	1.30e-03	8.85e-06	0.00e+00	0.00e+00	0.00e+00	0.00e+00
 5.47999e+22	3.87e-01	6.12e-01	1.19e-03	8.42e-06	0.00e+00	0.00e+00	0.00e+00	0.00e+00
 5.48564e+22	4.01e-01	5.98e-01	1.08e-03	8.01e-06	0.00e+00	0.00e+00	0.00e+00	0.00e+00
 5.49151e+22	4.16e-01	5.83e-01	9.73e-04	7.60e-06	0.00e+00	0.00e+00	0.00e+00	0.00e+00
 5.49746e+22	4.32e-01	5.68e-01	8.79e-04	7.22e-06	0.00e+00	0.00e+00	0.00e+00	0.00e+00
 5.50340e+22	4.47e-01	5.53e-01	7.95e-04	6.86e-06	0.00e+00	0.00e+00	0.00e+00	0.00e+00
 5.50948e+22	4.62e-01	5.37e-01	7.17e-04	6.51e-06	0.00e+00	0.00e+00	0.00e+00	0.00e+00
 5.51579e+22	4.78e-01	5.21e-01	6.44e-04	6.17e-06	0.00e+00	0.00e+00	0.00e+00	0.00e+00
 5.52218e+22	4.94e-01	5.05e-01	5.79e-04	5.85e-06	0.00e+00	0.00e+00	0.00e+00	0.00e+00
 5.52861e+22	5.10e-01	4.90e-01	5.20e-04	5.55e-06	0.00e+00	0.00e+00	0.00e+00	0.00e+00
 5.53520e+22	5.26e-01	4.74e-01	4.67e-04	5.26e-06	0.00e+00	0.00e+00	0.00e+00	0.00e+00
 5.54202e+22	5.42e-01	4.58e-01	4.18e-04	4.98e-06	0.00e+00	0.00e+00	0.00e+00	0.00e+00
 5.54897e+22	5.58e-01	4.41e-01	3.74e-04	4.71e-06	0.00e+00	0.00e+00	0.00e+00	0.00e+00
 5.55602e+22	5.74e-01	4.25e-01	3.34e-04	4.45e-06	0.00e+00	0.00e+00	0.00e+00	0.00e+00
 5.56320e+22	5.90e-01	4.09e-01	2.99e-04	4.21e-06	0.00e+00	0.00e+00	0.00e+00	0.00e+00
 5.57058e+22	6.06e-01	3.93e-01	2.67e-04	3.98e-06	0.00e+00	0.00e+00	0.00e+00	0.00e+00
 5.57818e+22	6.22e-01	3.78e-01	2.38e-04	3.75e-06	0.00e+00	0.00e+00	0.00e+00	0.00e+00
 5.58596e+22	6.38e-01	3.62e-01	2.13e-04	3.54e-06	0.00e+00	0.00e+00	0.00e+00	0.00e+00
 5.59391e+22	6.53e-01	3.46e-01	1.90e-04	3.33e-06	0.00e+00	0.00e+00	0.00e+00	0.00e+00
 5.60208e+22	6.69e-01	3.31e-01	1.70e-04	3.14e-06	0.00e+00	0.00e+00	0.00e+00	0.00e+00
 5.61051e+22	6.84e-01	3.16e-01	1.52e-04	2.96e-06	0.00e+00	0.00e+00	0.00e+00	0.00e+00
 5.61921e+22	6.98e-01	3.01e-01	1.36e-04	2.78e-06	0.00e+00	0.00e+00	0.00e+00	0.00e+00
 5.62811e+22	7.13e-01	2.87e-01	1.22e-04	2.62e-06	0.00e+00	0.00e+00	0.00e+00	0.00e+00
 5.63712e+22	7.26e-01	2.74e-01	1.10e-04	2.47e-06	0.00e+00	0.00e+00	0.00e+00	0.00e+00
 5.64624e+22	7.39e-01	2.61e-01	9.94e-05	2.33e-06	0.00e+00	0.00e+00	0.00e+00	0.00e+00
 5.65560e+22	7.52e-01	2.48e-01	9.01e-05	2.19e-06	0.00e+00	0.00e+00	0.00e+00	0.00e+00
 5.66525e+22	7.64e-01	2.36e-01	8.17e-05	2.07e-06	0.00e+00	0.00e+00	0.00e+00	0.00e+00
 5.67526e+22	7.76e-01	2.24e-01	7.44e-05	1.95e-06	0.00e+00	0.00e+00	0.00e+00	0.00e+00
 5.68563e+22	7.88e-01	2.12e-01	6.78e-05	1.83e-06	0.00e+00	0.00e+00	0.00e+00	0.00e+00
 5.69602e+22	7.99e-01	2.01e-01	6.23e-05	1.73e-06	0.00e+00	0.00e+00	0.00e+00	0.00e+00
 5.70652e+22	8.09e-01	1.91e-01	5.74e-05	1.64e-06	0.00e+00	0.00e+00	0.00e+00	0.00e+00
 5.71760e+22	8.19e-01	1.81e-01	5.30e-05	1.55e-06	0.00e+00	0.00e+00	0.00e+00	0.00e+00
 5.72912e+22	8.30e-01	1.70e-01	4.90e-05	1.46e-06	0.00e+00	0.00e+00	0.00e+00	0.00e+00
 5.74085e+22	8.39e-01	1.61e-01	4.55e-05	1.38e-06	0.00e+00	0.00e+00	0.00e+00	0.00e+00
 5.75296e+22	8.48e-01	1.52e-01	4.24e-05	1.30e-06	0.00e+00	0.00e+00	0.00e+00	0.00e+00
 5.76554e+22	8.58e-01	1.42e-01	3.95e-05	1.23e-06	0.00e+00	0.00e+00	0.00e+00	0.00e+00
 5.77831e+22	8.66e-01	1.34e-01	3.70e-05	1.16e-06	0.00e+00	0.00e+00	0.00e+00	0.00e+00
 5.79064e+22	8.74e-01	1.26e-01	3.49e-05	1.10e-06	0.00e+00	0.00e+00	0.00e+00	0.00e+00
 5.80234e+22	8.81e-01	1.19e-01	3.31e-05	1.04e-06	0.00e+00	0.00e+00	0.00e+00	0.00e+00
 5.81364e+22	8.87e-01	1.13e-01	3.15e-05	9.95e-07	0.00e+00	0.00e+00	0.00e+00	0.00e+00
 5.82456e+22	8.93e-01	1.07e-01	3.01e-05	9.51e-07	0.00e+00	0.00e+00	0.00e+00	0.00e+00
 5.83511e+22	8.99e-01	1.01e-01	2.89e-05	9.10e-07	0.00e+00	0.00e+00	0.00e+00	0.00e+00
 5.84529e+22	9.04e-01	9.60e-02	2.78e-05	8.73e-07	0.00e+00	0.00e+00	0.00e+00	0.00e+00
 5.85499e+22	9.09e-01	9.13e-02	2.68e-05	8.39e-07	0.00e+00	0.00e+00	0.00e+00	0.00e+00
 5.86419e+22	9.13e-01	8.68e-02	2.60e-05	8.09e-07	0.00e+00	0.00e+00	0.00e+00	0.00e+00
 5.87278e+22	9.17e-01	8.31e-02	2.53e-05	7.82e-07	0.00e+00	0.00e+00	0.00e+00	0.00e+00
 5.88106e+22	9.21e-01	7.94e-02	2.46e-05	7.57e-07	0.00e+00	0.00e+00	0.00e+00	0.00e+00
 5.88931e+22	9.24e-01	7.59e-02	2.39e-05	7.33e-07	0.00e+00	0.00e+00	0.00e+00	0.00e+00
 5.89729e+22	9.27e-01	7.26e-02	2.33e-05	7.10e-07	0.00e+00	0.00e+00	0.00e+00	0.00e+00
 5.90497e+22	9.30e-01	6.96e-02	2.28e-05	6.90e-07	0.00e+00	0.00e+00	0.00e+00	0.00e+00
 5.91236e+22	9.33e-01	6.68e-02	2.23e-05	6.72e-07	0.00e+00	0.00e+00	0.00e+00	0.00e+00
 5.91949e+22	9.36e-01	6.42e-02	2.18e-05	6.55e-07	0.00e+00	0.00e+00	0.00e+00	0.00e+00
 5.92638e+22	9.38e-01	6.18e-02	2.14e-05	6.40e-07	0.00e+00	0.00e+00	0.00e+00	0.00e+00
 5.93303e+22	9.40e-01	5.96e-02	2.10e-05	6.27e-07	0.00e+00	0.00e+00	0.00e+00	0.00e+00
 5.93945e+22	9.42e-01	5.76e-02	2.07e-05	6.14e-07	0.00e+00	0.00e+00	0.00e+00	0.00e+00
 5.94565e+22	9.44e-01	5.57e-02	2.04e-05	6.04e-07	0.00e+00	0.00e+00	0.00e+00	0.00e+00
 5.95162e+22	9.46e-01	5.40e-02	2.01e-05	5.94e-07	0.00e+00	0.00e+00	0.00e+00	0.00e+00
 5.95738e+22	9.48e-01	5.24e-02	1.98e-05	5.86e-07	0.00e+00	0.00e+00	0.00e+00	0.00e+00
 5.96296e+22	9.49e-01	5.09e-02	1.95e-05	5.78e-07	0.00e+00	0.00e+00	0.00e+00	0.00e+00
 5.96834e+22	9.50e-01	4.95e-02	1.93e-05	5.73e-07	0.00e+00	0.00e+00	0.00e+00	0.00e+00
 5.97336e+22	9.52e-01	4.84e-02	1.91e-05	5.68e-07	0.00e+00	0.00e+00	0.00e+00	0.00e+00
 5.97793e+22	9.53e-01	4.74e-02	1.89e-05	5.65e-07	0.00e+00	0.00e+00	0.00e+00	0.00e+00
 5.98209e+22	9.53e-01	4.65e-02	1.87e-05	5.64e-07	0.00e+00	0.00e+00	0.00e+00	0.00e+00
 5.98587e+22	9.54e-01	4.58e-02	1.86e-05	5.63e-07	0.00e+00	0.00e+00	0.00e+00	0.00e+00
 5.98931e+22	9.55e-01	4.52e-02	1.85e-05	5.62e-07	0.00e+00	0.00e+00	0.00e+00	0.00e+00
 5.99244e+22	9.55e-01	4.47e-02	1.83e-05	5.62e-07	0.00e+00	0.00e+00	0.00e+00	0.00e+00
 5.99530e+22	9.56e-01	4.42e-02	1.83e-05	5.62e-07	0.00e+00	0.00e+00	0.00e+00	0.00e+00
 5.99842e+22	9.56e-01	4.36e-02	1.81e-05	5.63e-07	0.00e+00	0.00e+00	0.00e+00	0.00e+00
 6.00179e+22	9.57e-01	4.31e-02	1.80e-05	5.63e-07	0.00e+00	0.00e+00	0.00e+00	0.00e+00
 6.00486e+22	9.57e-01	4.26e-02	1.79e-05	5.63e-07	0.00e+00	0.00e+00	0.00e+00	0.00e+00
 6.00765e+22	9.58e-01	4.22e-02	1.78e-05	5.66e-07	0.00e+00	0.00e+00	0.00e+00	0.00e+00
 6.01020e+22	9.58e-01	4.20e-02	1.78e-05	5.68e-07	0.00e+00	0.00e+00	0.00e+00	0.00e+00
 6.01298e+22	9.58e-01	4.15e-02	1.76e-05	5.67e-07	0.00e+00	0.00e+00	0.00e+00	0.00e+00
 6.01660e+22	9.59e-01	4.10e-02	1.75e-05	5.69e-07	0.00e+00	0.00e+00	0.00e+00	0.00e+00
 6.02051e+22	9.59e-01	4.05e-02	1.74e-05	5.69e-07	0.00e+00	0.00e+00	0.00e+00	0.00e+00
 6.02407e+22	9.60e-01	4.01e-02	1.73e-05	5.72e-07	0.00e+00	0.00e+00	0.00e+00	0.00e+00
 6.02730e+22	9.60e-01	3.98e-02	1.72e-05	5.75e-07	0.00e+00	0.00e+00	0.00e+00	0.00e+00
 6.03025e+22	9.60e-01	3.95e-02	1.71e-05	5.76e-07	0.00e+00	0.00e+00	0.00e+00	0.00e+00
 6.03348e+22	9.61e-01	3.92e-02	1.70e-05	5.75e-07	0.00e+00	0.00e+00	0.00e+00	0.00e+00
 6.03767e+22	9.61e-01	3.87e-02	1.69e-05	5.77e-07	0.00e+00	0.00e+00	0.00e+00	0.00e+00
 6.04220e+22	9.62e-01	3.82e-02	1.67e-05	5.76e-07	0.00e+00	0.00e+00	0.00e+00	0.00e+00
 6.04632e+22	9.62e-01	3.79e-02	1.66e-05	5.79e-07	0.00e+00	0.00e+00	0.00e+00	0.00e+00
 6.05007e+22	9.62e-01	3.76e-02	1.65e-05	5.81e-07	0.00e+00	0.00e+00	0.00e+00	0.00e+00
 6.05349e+22	9.63e-01	3.74e-02	1.64e-05	5.83e-07	0.00e+00	0.00e+00	0.00e+00	0.00e+00
 6.05659e+22	9.63e-01	3.72e-02	1.64e-05	5.86e-07	0.00e+00	0.00e+00	0.00e+00	0.00e+00
 6.06000e+22	9.63e-01	3.69e-02	1.63e-05	5.89e-07	0.00e+00	0.00e+00	0.00e+00	0.00e+00
 6.06367e+22	9.63e-01	3.67e-02	1.62e-05	5.91e-07	0.00e+00	0.00e+00	0.00e+00	0.00e+00
 6.06702e+22	9.64e-01	3.64e-02	1.61e-05	5.93e-07	0.00e+00	0.00e+00	0.00e+00	0.00e+00
 6.07068e+22	9.64e-01	3.62e-02	1.60e-05	5.96e-07	0.00e+00	0.00e+00	0.00e+00	0.00e+00
 6.07464e+22	9.64e-01	3.59e-02	1.60e-05	6.00e-07	0.00e+00	0.00e+00	0.00e+00	0.00e+00
 6.07824e+22	9.64e-01	3.57e-02	1.59e-05	6.03e-07	0.00e+00	0.00e+00	0.00e+00	0.00e+00
 6.08151e+22	9.64e-01	3.55e-02	1.59e-05	6.07e-07	0.00e+00	0.00e+00	0.00e+00	0.00e+00
 6.08449e+22	9.65e-01	3.54e-02	1.59e-05	6.10e-07	0.00e+00	0.00e+00	0.00e+00	0.00e+00
 6.08721e+22	9.65e-01	3.53e-02	1.58e-05	6.17e-07	0.00e+00	0.00e+00	0.00e+00	0.00e+00
 6.08968e+22	9.65e-01	3.52e-02	1.58e-05	6.18e-07	0.00e+00	0.00e+00	0.00e+00	0.00e+00
 6.09238e+22	9.65e-01	3.50e-02	1.58e-05	6.20e-07	0.00e+00	0.00e+00	0.00e+00	0.00e+00
 6.09590e+22	9.65e-01	3.47e-02	1.57e-05	6.24e-07	0.00e+00	0.00e+00	0.00e+00	0.00e+00
 6.09969e+22	9.66e-01	3.44e-02	1.57e-05	6.25e-07	0.00e+00	0.00e+00	0.00e+00	0.00e+00
 6.10315e+22	9.66e-01	3.42e-02	1.56e-05	6.29e-07	0.00e+00	0.00e+00	0.00e+00	0.00e+00
 6.10629e+22	9.66e-01	3.41e-02	1.56e-05	6.35e-07	0.00e+00	0.00e+00	0.00e+00	0.00e+00
 6.10915e+22	9.66e-01	3.40e-02	1.56e-05	6.37e-07	0.00e+00	0.00e+00	0.00e+00	0.00e+00
 6.11229e+22	9.66e-01	3.38e-02	1.55e-05	6.38e-07	0.00e+00	0.00e+00	0.00e+00	0.00e+00
 6.11567e+22	9.66e-01	3.36e-02	1.55e-05	6.42e-07	0.00e+00	0.00e+00	0.00e+00	0.00e+00
 6.11875e+22	9.67e-01	3.34e-02	1.55e-05	6.44e-07	0.00e+00	0.00e+00	0.00e+00	0.00e+00
 6.12213e+22	9.67e-01	3.32e-02	1.54e-05	6.47e-07	0.00e+00	0.00e+00	0.00e+00	0.00e+00
 6.12577e+22	9.67e-01	3.30e-02	1.54e-05	6.50e-07	0.00e+00	0.00e+00	0.00e+00	0.00e+00
 6.12909e+22	9.67e-01	3.28e-02	1.53e-05	6.51e-07	0.00e+00	0.00e+00	0.00e+00	0.00e+00
 6.13272e+22	9.67e-01	3.26e-02	1.53e-05	6.52e-07	0.00e+00	0.00e+00	0.00e+00	0.00e+00
 6.13664e+22	9.68e-01	3.23e-02	1.52e-05	6.53e-07	0.00e+00	0.00e+00	0.00e+00	0.00e+00
 6.14021e+22	9.68e-01	3.22e-02	1.52e-05	6.56e-07	0.00e+00	0.00e+00	0.00e+00	0.00e+00
 6.14346e+22	9.68e-01	3.20e-02	1.51e-05	6.54e-07	0.00e+00	0.00e+00	0.00e+00	0.00e+00
 6.14702e+22	9.68e-01	3.17e-02	1.51e-05	6.55e-07	0.00e+00	0.00e+00	0.00e+00	0.00e+00
 6.15086e+22	9.68e-01	3.15e-02	1.50e-05	6.55e-07	0.00e+00	0.00e+00	0.00e+00	0.00e+00
 6.15436e+22	9.69e-01	3.13e-02	1.50e-05	6.55e-07	0.00e+00	0.00e+00	0.00e+00	0.00e+00
 6.15819e+22	9.69e-01	3.11e-02	1.49e-05	6.56e-07	0.00e+00	0.00e+00	0.00e+00	0.00e+00
 6.16233e+22	9.69e-01	3.08e-02	1.49e-05	6.56e-07	0.00e+00	0.00e+00	0.00e+00	0.00e+00
 6.16609e+22	9.69e-01	3.06e-02	1.48e-05	6.58e-07	0.00e+00	0.00e+00	0.00e+00	0.00e+00
 6.16952e+22	9.70e-01	3.04e-02	1.48e-05	6.56e-07	0.00e+00	0.00e+00	0.00e+00	0.00e+00
 6.17327e+22	9.70e-01	3.02e-02	1.47e-05	6.56e-07	0.00e+00	0.00e+00	0.00e+00	0.00e+00
 6.17732e+22	9.70e-01	3.00e-02	1.47e-05	6.56e-07	0.00e+00	0.00e+00	0.00e+00	0.00e+00
 6.18101e+22	9.70e-01	2.98e-02	1.46e-05	6.54e-07	0.00e+00	0.00e+00	0.00e+00	0.00e+00
 6.18505e+22	9.70e-01	2.95e-02	1.46e-05	6.55e-07	0.00e+00	0.00e+00	0.00e+00	0.00e+00
 6.18941e+22	9.71e-01	2.92e-02	1.45e-05	6.54e-07	0.00e+00	0.00e+00	0.00e+00	0.00e+00
 6.19338e+22	9.71e-01	2.91e-02	1.45e-05	6.56e-07	0.00e+00	0.00e+00	0.00e+00	0.00e+00
 6.19699e+22	9.71e-01	2.89e-02	1.44e-05	6.53e-07	0.00e+00	0.00e+00	0.00e+00	0.00e+00
 6.20095e+22	9.71e-01	2.86e-02	1.43e-05	6.52e-07	0.00e+00	0.00e+00	0.00e+00	0.00e+00
 6.20523e+22	9.72e-01	2.84e-02	1.43e-05	6.52e-07	0.00e+00	0.00e+00	0.00e+00	0.00e+00
 6.20912e+22	9.72e-01	2.82e-02	1.42e-05	6.49e-07	0.00e+00	0.00e+00	0.00e+00	0.00e+00
 6.21338e+22	9.72e-01	2.79e-02	1.42e-05	6.48e-07	0.00e+00	0.00e+00	0.00e+00	0.00e+00
 6.21798e+22	9.72e-01	2.76e-02	1.41e-05	6.46e-07	0.00e+00	0.00e+00	0.00e+00	0.00e+00
 6.22216e+22	9.73e-01	2.74e-02	1.41e-05	6.43e-07	0.00e+00	0.00e+00	0.00e+00	0.00e+00
 6.22675e+22	9.73e-01	2.71e-02	1.40e-05	6.42e-07	0.00e+00	0.00e+00	0.00e+00	0.00e+00
 6.23171e+22	9.73e-01	2.69e-02	1.39e-05	6.41e-07	0.00e+00	0.00e+00	0.00e+00	0.00e+00
 6.23621e+22	9.73e-01	2.67e-02	1.39e-05	6.37e-07	0.00e+00	0.00e+00	0.00e+00	0.00e+00
 6.24115e+22	9.74e-01	2.63e-02	1.38e-05	6.34e-07	0.00e+00	0.00e+00	0.00e+00	0.00e+00
 6.24648e+22	9.74e-01	2.60e-02	1.37e-05	6.31e-07	0.00e+00	0.00e+00	0.00e+00	0.00e+00
 6.25134e+22	9.74e-01	2.58e-02	1.36e-05	6.29e-07	0.00e+00	0.00e+00	0.00e+00	0.00e+00
 6.25575e+22	9.74e-01	2.56e-02	1.36e-05	6.27e-07	0.00e+00	0.00e+00	0.00e+00	0.00e+00
 6.26059e+22	9.75e-01	2.53e-02	1.35e-05	6.23e-07	0.00e+00	0.00e+00	0.00e+00	0.00e+00
 6.26581e+22	9.75e-01	2.51e-02	1.35e-05	6.22e-07	0.00e+00	0.00e+00	0.00e+00	0.00e+00
 6.27057e+22	9.75e-01	2.48e-02	1.34e-05	6.17e-07	0.00e+00	0.00e+00	0.00e+00	0.00e+00
 6.27577e+22	9.75e-01	2.45e-02	1.33e-05	6.12e-07	0.00e+00	0.00e+00	0.00e+00	0.00e+00
 6.28140e+22	9.76e-01	2.42e-02	1.32e-05	6.10e-07	0.00e+00	0.00e+00	0.00e+00	0.00e+00
 6.28651e+22	9.76e-01	2.40e-02	1.32e-05	6.04e-07	0.00e+00	0.00e+00	0.00e+00	0.00e+00
 6.29212e+22	9.76e-01	2.37e-02	1.31e-05	5.99e-07	0.00e+00	0.00e+00	0.00e+00	0.00e+00
 6.29817e+22	9.77e-01	2.34e-02	1.30e-05	5.94e-07	0.00e+00	0.00e+00	0.00e+00	0.00e+00
 6.30368e+22	9.77e-01	2.31e-02	1.29e-05	5.90e-07	0.00e+00	0.00e+00	0.00e+00	0.00e+00
 6.30870e+22	9.77e-01	2.29e-02	1.29e-05	5.87e-07	0.00e+00	0.00e+00	0.00e+00	0.00e+00
 6.31419e+22	9.77e-01	2.26e-02	1.28e-05	5.81e-07	0.00e+00	0.00e+00	0.00e+00	0.00e+00
 6.32012e+22	9.78e-01	2.23e-02	1.27e-05	5.77e-07	0.00e+00	0.00e+00	0.00e+00	0.00e+00
 6.32551e+22	9.78e-01	2.21e-02	1.26e-05	5.72e-07	0.00e+00	0.00e+00	0.00e+00	0.00e+00
 6.33143e+22	9.78e-01	2.17e-02	1.25e-05	5.65e-07	0.00e+00	0.00e+00	0.00e+00	0.00e+00
 6.33781e+22	9.79e-01	2.15e-02	1.24e-05	5.61e-07	0.00e+00	0.00e+00	0.00e+00	0.00e+00
 6.34362e+22	9.79e-01	2.12e-02	1.24e-05	5.55e-07	0.00e+00	0.00e+00	0.00e+00	0.00e+00
 6.34999e+22	9.79e-01	2.09e-02	1.23e-05	5.47e-07	0.00e+00	0.00e+00	0.00e+00	0.00e+00
 6.35686e+22	9.79e-01	2.06e-02	1.22e-05	5.42e-07	0.00e+00	0.00e+00	0.00e+00	0.00e+00
 6.36311e+22	9.80e-01	2.03e-02	1.21e-05	5.35e-07	0.00e+00	0.00e+00	0.00e+00	0.00e+00
 6.36997e+22	9.80e-01	2.00e-02	1.20e-05	5.27e-07	0.00e+00	0.00e+00	0.00e+00	0.00e+00
 6.37737e+22	9.80e-01	1.97e-02	1.19e-05	5.21e-07	0.00e+00	0.00e+00	0.00e+00	0.00e+00
 6.38410e+22	9.81e-01	1.94e-02	1.18e-05	5.14e-07	0.00e+00	0.00e+00	0.00e+00	0.00e+00
 6.39148e+22	9.81e-01	1.90e-02	1.17e-05	5.05e-07	0.00e+00	0.00e+00	0.00e+00	0.00e+00
 6.39944e+22	9.81e-01	1.87e-02	1.16e-05	4.97e-07	0.00e+00	0.00e+00	0.00e+00	0.00e+00
 6.40669e+22	9.82e-01	1.84e-02	1.15e-05	4.91e-07	0.00e+00	0.00e+00	0.00e+00	0.00e+00
 6.41328e+22	9.82e-01	1.82e-02	1.14e-05	4.86e-07	0.00e+00	0.00e+00	0.00e+00	0.00e+00
 6.42051e+22	9.82e-01	1.79e-02	1.13e-05	4.77e-07	0.00e+00	0.00e+00	0.00e+00	0.00e+00
 6.42831e+22	9.82e-01	1.76e-02	1.12e-05	4.70e-07	0.00e+00	0.00e+00	0.00e+00	0.00e+00
 6.43541e+22	9.83e-01	1.73e-02	1.11e-05	4.64e-07	0.00e+00	0.00e+00	0.00e+00	0.00e+00
 6.44319e+22	9.83e-01	1.70e-02	1.10e-05	4.53e-07	0.00e+00	0.00e+00	0.00e+00	0.00e+00
 6.45159e+22	9.83e-01	1.67e-02	1.09e-05	4.46e-07	0.00e+00	0.00e+00	0.00e+00	0.00e+00
 6.45924e+22	9.84e-01	1.64e-02	1.08e-05	4.40e-07	0.00e+00	0.00e+00	0.00e+00	0.00e+00
 6.46619e+22	9.84e-01	1.62e-02	1.07e-05	4.34e-07	0.00e+00	0.00e+00	0.00e+00	0.00e+00
 6.47382e+22	9.84e-01	1.59e-02	1.06e-05	4.24e-07	0.00e+00	0.00e+00	0.00e+00	0.00e+00
 6.48204e+22	9.84e-01	1.56e-02	1.05e-05	4.17e-07	0.00e+00	0.00e+00	0.00e+00	0.00e+00
 6.48953e+22	9.85e-01	1.54e-02	1.04e-05	4.11e-07	0.00e+00	0.00e+00	0.00e+00	0.00e+00
 6.49774e+22	9.85e-01	1.50e-02	1.03e-05	4.01e-07	0.00e+00	0.00e+00	0.00e+00	0.00e+00
 6.50660e+22	9.85e-01	1.48e-02	1.02e-05	3.94e-07	0.00e+00	0.00e+00	0.00e+00	0.00e+00
 6.51466e+22	9.85e-01	1.46e-02	1.01e-05	3.87e-07	0.00e+00	0.00e+00	0.00e+00	0.00e+00
 6.52349e+22	9.86e-01	1.42e-02	1.00e-05	3.76e-07	0.00e+00	0.00e+00	0.00e+00	0.00e+00
 6.53303e+22	9.86e-01	1.39e-02	9.89e-06	3.69e-07	0.00e+00	0.00e+00	0.00e+00	0.00e+00
 6.54171e+22	9.86e-01	1.37e-02	9.79e-06	3.63e-07	0.00e+00	0.00e+00	0.00e+00	0.00e+00
 6.54960e+22	9.86e-01	1.35e-02	9.70e-06	3.57e-07	0.00e+00	0.00e+00	0.00e+00	0.00e+00
 6.55826e+22	9.87e-01	1.32e-02	9.58e-06	3.47e-07	0.00e+00	0.00e+00	0.00e+00	0.00e+00
 6.56760e+22	9.87e-01	1.30e-02	9.48e-06	3.40e-07	0.00e+00	0.00e+00	0.00e+00	0.00e+00
 6.57610e+22	9.87e-01	1.28e-02	9.38e-06	3.34e-07	0.00e+00	0.00e+00	0.00e+00	0.00e+00
 6.58542e+22	9.88e-01	1.24e-02	9.26e-06	3.24e-07	0.00e+00	0.00e+00	0.00e+00	0.00e+00
 6.59753e+22	9.88e-01	1.20e-02	9.11e-06	3.12e-07	0.00e+00	0.00e+00	0.00e+00	0.00e+00
 6.61096e+22	9.88e-01	1.17e-02	8.96e-06	3.02e-07	0.00e+00	0.00e+00	0.00e+00	0.00e+00
 6.62436e+22	9.89e-01	1.14e-02	8.81e-06	2.92e-07	0.00e+00	0.00e+00	0.00e+00	0.00e+00
 6.63816e+22	9.89e-01	1.10e-02	8.66e-06	2.82e-07	0.00e+00	0.00e+00	0.00e+00	0.00e+00
 6.65220e+22	9.89e-01	1.07e-02	8.51e-06	2.72e-07	0.00e+00	0.00e+00	0.00e+00	0.00e+00
 6.66640e+22	9.90e-01	1.04e-02	8.35e-06	2.63e-07	0.00e+00	0.00e+00	0.00e+00	0.00e+00
 6.68075e+22	9.90e-01	1.01e-02	8.20e-06	2.54e-07	0.00e+00	0.00e+00	0.00e+00	0.00e+00
 6.69525e+22	9.90e-01	9.83e-03	8.05e-06	2.45e-07	0.00e+00	0.00e+00	0.00e+00	0.00e+00
 6.70989e+22	9.90e-01	9.54e-03	7.91e-06	2.36e-07	0.00e+00	0.00e+00	0.00e+00	0.00e+00
 6.72467e+22	9.91e-01	9.27e-03	7.76e-06	2.27e-07	0.00e+00	0.00e+00	0.00e+00	0.00e+00
 6.73959e+22	9.91e-01	9.00e-03	7.61e-06	2.19e-07	0.00e+00	0.00e+00	0.00e+00	0.00e+00
 6.75464e+22	9.91e-01	8.73e-03	7.47e-06	2.11e-07	0.00e+00	0.00e+00	0.00e+00	0.00e+00
 6.76982e+22	9.92e-01	8.48e-03	7.32e-06	2.03e-07	0.00e+00	0.00e+00	0.00e+00	0.00e+00
 6.78512e+22	9.92e-01	8.23e-03	7.18e-06	1.96e-07	0.00e+00	0.00e+00	0.00e+00	0.00e+00
 6.80054e+22	9.92e-01	7.99e-03	7.04e-06	1.88e-07	0.00e+00	0.00e+00	0.00e+00	0.00e+00
 6.81606e+22	9.92e-01	7.76e-03	6.90e-06	1.81e-07	0.00e+00	0.00e+00	0.00e+00	0.00e+00
 6.83167e+22	9.92e-01	7.54e-03	6.76e-06	1.74e-07	0.00e+00	0.00e+00	0.00e+00	0.00e+00
 6.84738e+22	9.93e-01	7.32e-03	6.62e-06	1.68e-07	0.00e+00	0.00e+00	0.00e+00	0.00e+00
 6.86323e+22	9.93e-01	7.10e-03	6.48e-06	1.61e-07	0.00e+00	0.00e+00	0.00e+00	0.00e+00
 6.87920e+22	9.93e-01	6.90e-03	6.35e-06	1.55e-07	0.00e+00	0.00e+00	0.00e+00	0.00e+00
 6.89526e+22	9.93e-01	6.70e-03	6.22e-06	1.49e-07	0.00e+00	0.00e+00	0.00e+00	0.00e+00
 6.91143e+22	9.93e-01	6.50e-03	6.09e-06	1.43e-07	0.00e+00	0.00e+00	0.00e+00	0.00e+00
 6.92771e+22	9.94e-01	6.31e-03	5.96e-06	1.37e-07	0.00e+00	0.00e+00	0.00e+00	0.00e+00
 6.94410e+22	9.94e-01	6.13e-03	5.83e-06	1.32e-07	0.00e+00	0.00e+00	0.00e+00	0.00e+00
 6.96083e+22	9.94e-01	5.94e-03	5.69e-06	1.26e-07	0.00e+00	0.00e+00	0.00e+00	0.00e+00
 6.97788e+22	9.94e-01	5.76e-03	5.56e-06	0.00e+00	0.00e+00	0.00e+00	0.00e+00	0.00e+00
 6.99510e+22	9.94e-01	5.59e-03	5.44e-06	0.00e+00	0.00e+00	0.00e+00	0.00e+00	0.00e+00
 7.01250e+22	9.95e-01	5.42e-03	5.31e-06	0.00e+00	0.00e+00	0.00e+00	0.00e+00	0.00e+00
 7.03006e+22	9.95e-01	5.25e-03	5.18e-06	0.00e+00	0.00e+00	0.00e+00	0.00e+00	0.00e+00
 7.04780e+22	9.95e-01	5.09e-03	5.06e-06	0.00e+00	0.00e+00	0.00e+00	0.00e+00	0.00e+00
 7.06570e+22	9.95e-01	4.94e-03	4.93e-06	0.00e+00	0.00e+00	0.00e+00	0.00e+00	0.00e+00
 7.08382e+22	9.95e-01	4.79e-03	4.81e-06	0.00e+00	0.00e+00	0.00e+00	0.00e+00	0.00e+00
 7.10221e+22	9.95e-01	4.64e-03	4.68e-06	0.00e+00	0.00e+00	0.00e+00	0.00e+00	0.00e+00
 7.12086e+22	9.96e-01	4.49e-03	4.56e-06	0.00e+00	0.00e+00	0.00e+00	0.00e+00	0.00e+00
 7.13998e+22	9.96e-01	4.34e-03	4.44e-06	0.00e+00	0.00e+00	0.00e+00	0.00e+00	0.00e+00
 7.15953e+22	9.96e-01	4.20e-03	4.31e-06	0.00e+00	0.00e+00	0.00e+00	0.00e+00	0.00e+00
 7.17936e+22	9.96e-01	4.06e-03	4.19e-06	0.00e+00	0.00e+00	0.00e+00	0.00e+00	0.00e+00
 7.19951e+22	9.96e-01	3.93e-03	4.07e-06	0.00e+00	0.00e+00	0.00e+00	0.00e+00	0.00e+00
 7.21998e+22	9.96e-01	3.80e-03	3.95e-06	0.00e+00	0.00e+00	0.00e+00	0.00e+00	0.00e+00
 7.24078e+22	9.96e-01	3.67e-03	3.83e-06	0.00e+00	0.00e+00	0.00e+00	0.00e+00	0.00e+00
 7.26194e+22	9.96e-01	3.54e-03	3.71e-06	0.00e+00	0.00e+00	0.00e+00	0.00e+00	0.00e+00
 7.28351e+22	9.97e-01	3.42e-03	3.59e-06	0.00e+00	0.00e+00	0.00e+00	0.00e+00	0.00e+00
 7.30557e+22	9.97e-01	3.29e-03	3.47e-06	0.00e+00	0.00e+00	0.00e+00	0.00e+00	0.00e+00
 7.32811e+22	9.97e-01	3.18e-03	3.35e-06	0.00e+00	0.00e+00	0.00e+00	0.00e+00	0.00e+00
 7.35110e+22	9.97e-01	3.06e-03	3.23e-06	0.00e+00	0.00e+00	0.00e+00	0.00e+00	0.00e+00
 7.37457e+22	9.97e-01	2.94e-03	3.11e-06	0.00e+00	0.00e+00	0.00e+00	0.00e+00	0.00e+00
 7.39853e+22	9.97e-01	2.83e-03	2.99e-06	0.00e+00	0.00e+00	0.00e+00	0.00e+00	0.00e+00
 7.42281e+22	9.97e-01	2.72e-03	2.88e-06	0.00e+00	0.00e+00	0.00e+00	0.00e+00	0.00e+00
 7.44730e+22	9.97e-01	2.62e-03	2.77e-06	0.00e+00	0.00e+00	0.00e+00	0.00e+00	0.00e+00
 7.47205e+22	9.97e-01	2.52e-03	2.66e-06	0.00e+00	0.00e+00	0.00e+00	0.00e+00	0.00e+00
 7.49690e+22	9.98e-01	2.42e-03	2.55e-06	0.00e+00	0.00e+00	0.00e+00	0.00e+00	0.00e+00
 7.52190e+22	9.98e-01	2.32e-03	2.45e-06	0.00e+00	0.00e+00	0.00e+00	0.00e+00	0.00e+00
 7.54714e+22	9.98e-01	2.23e-03	2.34e-06	0.00e+00	0.00e+00	0.00e+00	0.00e+00	0.00e+00
 7.57256e+22	9.98e-01	2.14e-03	2.24e-06	0.00e+00	0.00e+00	0.00e+00	0.00e+00	0.00e+00
 7.59812e+22	9.98e-01	2.05e-03	2.15e-06	0.00e+00	0.00e+00	0.00e+00	0.00e+00	0.00e+00
 7.62384e+22	9.98e-01	1.97e-03	2.05e-06	0.00e+00	0.00e+00	0.00e+00	0.00e+00	0.00e+00
 7.64975e+22	9.98e-01	1.89e-03	1.96e-06	0.00e+00	0.00e+00	0.00e+00	0.00e+00	0.00e+00
 7.67575e+22	9.98e-01	1.81e-03	1.87e-06	0.00e+00	0.00e+00	0.00e+00	0.00e+00	0.00e+00
 7.70182e+22	9.98e-01	1.73e-03	1.79e-06	0.00e+00	0.00e+00	0.00e+00	0.00e+00	0.00e+00
 7.72812e+22	9.98e-01	1.66e-03	1.70e-06	0.00e+00	0.00e+00	0.00e+00	0.00e+00	0.00e+00
 7.75467e+22	9.98e-01	1.58e-03	1.62e-06	0.00e+00	0.00e+00	0.00e+00	0.00e+00	0.00e+00
 7.78137e+22	9.98e-01	1.51e-03	1.54e-06	0.00e+00	0.00e+00	0.00e+00	0.00e+00	0.00e+00
 7.80820e+22	9.99e-01	1.44e-03	1.46e-06	0.00e+00	0.00e+00	0.00e+00	0.00e+00	0.00e+00
 7.83516e+22	9.99e-01	1.38e-03	1.39e-06	0.00e+00	0.00e+00	0.00e+00	0.00e+00	0.00e+00
 7.86224e+22	9.99e-01	1.31e-03	1.32e-06	0.00e+00	0.00e+00	0.00e+00	0.00e+00	0.00e+00
 7.88946e+22	9.99e-01	1.25e-03	1.25e-06	0.00e+00	0.00e+00	0.00e+00	0.00e+00	0.00e+00
 7.91679e+22	9.99e-01	1.19e-03	1.18e-06	0.00e+00	0.00e+00	0.00e+00	0.00e+00	0.00e+00
 7.94423e+22	9.99e-01	1.13e-03	1.12e-06	0.00e+00	0.00e+00	0.00e+00	0.00e+00	0.00e+00
 7.97177e+22	9.99e-01	1.08e-03	1.06e-06	0.00e+00	0.00e+00	0.00e+00	0.00e+00	0.00e+00
 7.99939e+22	9.99e-01	1.02e-03	9.98e-07	0.00e+00	0.00e+00	0.00e+00	0.00e+00	0.00e+00
 8.02707e+22	9.99e-01	9.68e-04	9.42e-07	0.00e+00	0.00e+00	0.00e+00	0.00e+00	0.00e+00
 8.05481e+22	9.99e-01	9.17e-04	8.87e-07	0.00e+00	0.00e+00	0.00e+00	0.00e+00	0.00e+00
 8.08258e+22	9.99e-01	8.68e-04	8.35e-07	0.00e+00	0.00e+00	0.00e+00	0.00e+00	0.00e+00
 8.11035e+22	9.99e-01	8.22e-04	7.86e-07	0.00e+00	0.00e+00	0.00e+00	0.00e+00	0.00e+00
 8.13766e+22	9.99e-01	7.79e-04	7.40e-07	0.00e+00	0.00e+00	0.00e+00	0.00e+00	0.00e+00
 8.16459e+22	9.99e-01	7.37e-04	6.96e-07	0.00e+00	0.00e+00	0.00e+00	0.00e+00	0.00e+00
 8.19185e+22	9.99e-01	6.96e-04	6.54e-07	0.00e+00	0.00e+00	0.00e+00	0.00e+00	0.00e+00
 8.21969e+22	9.99e-01	6.56e-04	6.13e-07	0.00e+00	0.00e+00	0.00e+00	0.00e+00	0.00e+00
 8.24709e+22	9.99e-01	6.20e-04	5.75e-07	0.00e+00	0.00e+00	0.00e+00	0.00e+00	0.00e+00
 8.27399e+22	9.99e-01	5.85e-04	5.39e-07	0.00e+00	0.00e+00	0.00e+00	0.00e+00	0.00e+00
 8.30049e+22	9.99e-01	5.53e-04	5.06e-07	0.00e+00	0.00e+00	0.00e+00	0.00e+00	0.00e+00
 8.32619e+22	9.99e-01	5.23e-04	4.76e-07	0.00e+00	0.00e+00	0.00e+00	0.00e+00	0.00e+00
 8.35150e+22	1.00e+00	4.95e-04	4.47e-07	0.00e+00	0.00e+00	0.00e+00	0.00e+00	0.00e+00
 8.37613e+22	1.00e+00	4.70e-04	4.21e-07	0.00e+00	0.00e+00	0.00e+00	0.00e+00	0.00e+00
 8.39973e+22	1.00e+00	4.47e-04	3.98e-07	0.00e+00	0.00e+00	0.00e+00	0.00e+00	0.00e+00
 8.42196e+22	1.00e+00	4.27e-04	3.77e-07	0.00e+00	0.00e+00	0.00e+00	0.00e+00	0.00e+00
 8.44231e+22	1.00e+00	4.10e-04	3.59e-07	0.00e+00	0.00e+00	0.00e+00	0.00e+00	0.00e+00
 8.46059e+22	1.00e+00	3.96e-04	3.43e-07	0.00e+00	0.00e+00	0.00e+00	0.00e+00	0.00e+00
 8.47724e+22	1.00e+00	3.83e-04	3.30e-07	0.00e+00	0.00e+00	0.00e+00	0.00e+00	0.00e+00
 8.49256e+22	1.00e+00	3.72e-04	3.18e-07	0.00e+00	0.00e+00	0.00e+00	0.00e+00	0.00e+00
 8.50679e+22	1.00e+00	3.62e-04	3.07e-07	0.00e+00	0.00e+00	0.00e+00	0.00e+00	0.00e+00
 8.52015e+22	1.00e+00	3.53e-04	2.97e-07	0.00e+00	0.00e+00	0.00e+00	0.00e+00	0.00e+00
 8.53285e+22	1.00e+00	3.44e-04	2.88e-07	0.00e+00	0.00e+00	0.00e+00	0.00e+00	0.00e+00
 8.54510e+22	1.00e+00	3.36e-04	2.79e-07	0.00e+00	0.00e+00	0.00e+00	0.00e+00	0.00e+00
 8.55691e+22	1.00e+00	3.29e-04	2.71e-07	0.00e+00	0.00e+00	0.00e+00	0.00e+00	0.00e+00
 8.56842e+22	1.00e+00	3.21e-04	2.63e-07	0.00e+00	0.00e+00	0.00e+00	0.00e+00	0.00e+00
 8.57991e+22	1.00e+00	3.14e-04	2.56e-07	0.00e+00	0.00e+00	0.00e+00	0.00e+00	0.00e+00
 8.59127e+22	1.00e+00	3.07e-04	2.48e-07	0.00e+00	0.00e+00	0.00e+00	0.00e+00	0.00e+00
 8.60265e+22	1.00e+00	3.00e-04	2.41e-07	0.00e+00	0.00e+00	0.00e+00	0.00e+00	0.00e+00
 8.61428e+22	1.00e+00	2.93e-04	2.34e-07	0.00e+00	0.00e+00	0.00e+00	0.00e+00	0.00e+00
 8.62620e+22	1.00e+00	2.86e-04	2.26e-07	0.00e+00	0.00e+00	0.00e+00	0.00e+00	0.00e+00
 8.63853e+22	1.00e+00	2.78e-04	2.19e-07	0.00e+00	0.00e+00	0.00e+00	0.00e+00	0.00e+00
