#depth	N	N+	N+2	N+3	N+4	N+5	N+6	N+7
 4.62852e+21	0.00e+00	0.00e+00	0.00e+00	1.71e-24	6.35e-18	5.22e-11	1.56e-05	1.00e+00
 1.05192e+22	0.00e+00	0.00e+00	8.01e-31	7.32e-24	1.89e-17	1.08e-10	2.24e-05	1.00e+00
 1.26122e+22	0.00e+00	0.00e+00	2.63e-30	1.89e-23	3.86e-17	1.73e-10	2.85e-05	1.00e+00
 1.41075e+22	0.00e+00	0.00e+00	6.78e-30	4.05e-23	6.82e-17	2.53e-10	3.44e-05	1.00e+00
 1.50686e+22	0.00e+00	0.00e+00	9.64e-30	5.31e-23	8.69e-17	2.98e-10	3.73e-05	1.00e+00
 1.57505e+22	0.00e+00	0.00e+00	1.70e-29	8.38e-23	1.23e-16	3.74e-10	4.18e-05	1.00e+00
 1.64455e+22	0.00e+00	0.00e+00	2.58e-29	1.17e-22	1.57e-16	4.42e-10	4.54e-05	1.00e+00
 1.71576e+22	0.00e+00	0.00e+00	4.69e-29	1.89e-22	2.26e-16	5.61e-10	5.11e-05	1.00e+00
 1.78666e+22	0.00e+00	0.00e+00	7.10e-29	2.63e-22	2.89e-16	6.62e-10	5.55e-05	1.00e+00
 1.85716e+22	0.00e+00	0.00e+00	1.28e-28	4.21e-22	4.13e-16	8.39e-10	6.25e-05	1.00e+00
 1.92790e+22	0.00e+00	0.00e+00	1.94e-28	5.88e-22	5.30e-16	9.91e-10	6.79e-05	1.00e+00
 1.99893e+22	0.00e+00	0.00e+00	3.51e-28	9.46e-22	7.59e-16	1.26e-09	7.64e-05	1.00e+00
 2.06995e+22	0.00e+00	0.00e+00	5.31e-28	1.32e-21	9.74e-16	1.48e-09	8.30e-05	1.00e+00
 2.14095e+22	0.00e+00	0.00e+00	9.59e-28	2.12e-21	1.39e-15	1.88e-09	9.33e-05	1.00e+00
 2.21204e+22	0.00e+00	0.00e+00	1.46e-27	2.96e-21	1.79e-15	2.22e-09	1.01e-04	1.00e+00
 2.28325e+22	0.00e+00	0.00e+00	2.63e-27	4.77e-21	2.57e-15	2.82e-09	1.14e-04	1.00e+00
 2.34495e+22	0.00e+00	0.00e+00	3.52e-27	6.01e-21	3.06e-15	3.16e-09	1.21e-04	1.00e+00
 2.39426e+22	0.00e+00	0.00e+00	5.18e-27	8.21e-21	3.87e-15	3.70e-09	1.31e-04	1.00e+00
 2.44623e+22	0.00e+00	0.00e+00	7.34e-27	1.09e-20	4.77e-15	4.25e-09	1.40e-04	1.00e+00
 2.49381e+22	0.00e+00	0.00e+00	1.02e-26	1.42e-20	5.84e-15	4.86e-09	1.50e-04	1.00e+00
 2.54781e+22	0.00e+00	0.00e+00	1.59e-26	2.02e-20	7.64e-15	5.80e-09	1.63e-04	1.00e+00
 2.60099e+22	0.00e+00	0.00e+00	2.15e-26	2.58e-20	9.17e-15	6.55e-09	1.73e-04	1.00e+00
 2.65308e+22	0.00e+00	0.00e+00	3.24e-26	3.58e-20	1.18e-14	7.71e-09	1.88e-04	1.00e+00
 2.70691e+22	0.00e+00	3.49e-33	4.61e-26	4.76e-20	1.46e-14	8.89e-09	2.02e-04	1.00e+00
 2.75483e+22	0.00e+00	5.21e-33	6.44e-26	6.22e-20	1.79e-14	1.02e-08	2.16e-04	1.00e+00
 2.80895e+22	0.00e+00	8.84e-33	1.00e-25	8.88e-20	2.34e-14	1.21e-08	2.35e-04	1.00e+00
 2.86236e+22	0.00e+00	1.27e-32	1.36e-25	1.13e-19	2.81e-14	1.37e-08	2.50e-04	1.00e+00
 2.91483e+22	0.00e+00	2.07e-32	2.04e-25	1.58e-19	3.61e-14	1.62e-08	2.71e-04	1.00e+00
 2.96906e+22	0.00e+00	3.16e-32	2.91e-25	2.10e-19	4.48e-14	1.86e-08	2.91e-04	1.00e+00
 3.01233e+22	0.00e+00	4.36e-32	3.81e-25	2.60e-19	5.28e-14	2.08e-08	3.07e-04	1.00e+00
 3.05535e+22	0.00e+00	6.51e-32	5.33e-25	3.41e-19	6.49e-14	2.38e-08	3.28e-04	1.00e+00
 3.09991e+22	0.00e+00	9.13e-32	7.08e-25	4.29e-19	7.71e-14	2.66e-08	3.47e-04	1.00e+00
 3.14004e+22	0.00e+00	1.28e-31	9.36e-25	5.37e-19	9.15e-14	2.98e-08	3.66e-04	1.00e+00
 3.18577e+22	0.00e+00	1.95e-31	1.34e-24	7.16e-19	1.14e-13	3.44e-08	3.93e-04	1.00e+00
 3.23185e+22	0.00e+00	2.75e-31	1.78e-24	9.02e-19	1.36e-13	3.86e-08	4.16e-04	1.00e+00
 3.27163e+22	0.00e+00	3.81e-31	2.34e-24	1.13e-18	1.61e-13	4.31e-08	4.39e-04	1.00e+00
 3.31658e+22	0.00e+00	5.73e-31	3.29e-24	1.49e-18	1.99e-13	4.96e-08	4.71e-04	1.00e+00
 3.36223e+22	0.00e+00	8.05e-31	4.38e-24	1.88e-18	2.37e-13	5.56e-08	4.98e-04	1.00e+00
 3.40877e+22	0.00e+00	1.24e-30	6.28e-24	2.52e-18	2.97e-13	6.44e-08	5.35e-04	9.99e-01
 3.45148e+22	0.00e+00	1.66e-30	8.05e-24	3.07e-18	3.45e-13	7.11e-08	5.62e-04	9.99e-01
 3.48363e+22	0.00e+00	2.18e-30	1.01e-23	3.68e-18	3.96e-13	7.79e-08	5.87e-04	9.99e-01
 3.51983e+22	0.00e+00	3.00e-30	1.32e-23	4.58e-18	4.68e-13	8.68e-08	6.19e-04	9.99e-01
 3.55886e+22	0.00e+00	4.07e-30	1.71e-23	5.64e-18	5.48e-13	9.62e-08	6.51e-04	9.99e-01
 3.59438e+22	0.00e+00	5.47e-30	2.18e-23	6.88e-18	6.38e-13	1.06e-07	6.84e-04	9.99e-01
 3.62778e+22	0.00e+00	7.19e-30	2.75e-23	8.29e-18	7.35e-13	1.17e-07	7.16e-04	9.99e-01
 3.66560e+22	0.00e+00	9.98e-30	3.62e-23	1.04e-17	8.73e-13	1.30e-07	7.55e-04	9.99e-01
 3.70591e+22	0.00e+00	1.38e-29	4.73e-23	1.29e-17	1.03e-12	1.45e-07	7.97e-04	9.99e-01
 3.74127e+22	0.00e+00	1.83e-29	6.01e-23	1.56e-17	1.19e-12	1.60e-07	8.35e-04	9.99e-01
 3.77149e+22	0.00e+00	2.34e-29	7.38e-23	1.84e-17	1.35e-12	1.74e-07	8.70e-04	9.99e-01
 3.79900e+22	0.00e+00	2.92e-29	8.90e-23	2.15e-17	1.52e-12	1.88e-07	9.03e-04	9.99e-01
 3.83055e+22	0.00e+00	3.83e-29	1.12e-22	2.58e-17	1.75e-12	2.06e-07	9.44e-04	9.99e-01
 3.86479e+22	0.00e+00	5.05e-29	1.41e-22	3.11e-17	2.02e-12	2.26e-07	9.88e-04	9.99e-01
 3.89588e+22	0.00e+00	6.47e-29	1.73e-22	3.68e-17	2.30e-12	2.46e-07	1.03e-03	9.99e-01
 3.92498e+22	0.00e+00	8.22e-29	2.12e-22	4.34e-17	2.60e-12	2.67e-07	1.07e-03	9.99e-01
 3.95811e+22	0.00e+00	1.10e-28	2.70e-22	5.28e-17	3.03e-12	2.94e-07	1.12e-03	9.99e-01
 3.99275e+22	0.00e+00	1.44e-28	3.39e-22	6.34e-17	3.48e-12	3.22e-07	1.18e-03	9.99e-01
 4.02316e+22	0.00e+00	1.85e-28	4.18e-22	7.51e-17	3.96e-12	3.51e-07	1.22e-03	9.99e-01
 4.05175e+22	0.00e+00	2.34e-28	5.10e-22	8.82e-17	4.48e-12	3.80e-07	1.27e-03	9.99e-01
 4.07859e+22	0.00e+00	2.90e-28	6.10e-22	1.02e-16	5.00e-12	4.09e-07	1.32e-03	9.99e-01
 4.10789e+22	0.00e+00	3.73e-28	7.54e-22	1.21e-16	5.71e-12	4.45e-07	1.38e-03	9.99e-01
 4.13870e+22	0.00e+00	4.74e-28	9.23e-22	1.43e-16	6.47e-12	4.83e-07	1.43e-03	9.99e-01
 4.16588e+22	0.00e+00	5.91e-28	1.11e-21	1.66e-16	7.25e-12	5.21e-07	1.49e-03	9.99e-01
 4.19563e+22	0.00e+00	7.67e-28	1.38e-21	1.98e-16	8.31e-12	5.69e-07	1.55e-03	9.98e-01
 4.22685e+22	0.00e+00	9.81e-28	1.70e-21	2.34e-16	9.43e-12	6.19e-07	1.62e-03	9.98e-01
 4.25373e+22	0.00e+00	1.22e-27	2.04e-21	2.71e-16	1.05e-11	6.66e-07	1.67e-03	9.98e-01
 4.28243e+22	0.00e+00	1.57e-27	2.52e-21	3.21e-16	1.20e-11	7.26e-07	1.75e-03	9.98e-01
 4.31279e+22	0.00e+00	1.99e-27	3.07e-21	3.77e-16	1.36e-11	7.87e-07	1.82e-03	9.98e-01
 4.33999e+22	0.00e+00	2.48e-27	3.70e-21	4.38e-16	1.53e-11	8.48e-07	1.88e-03	9.98e-01
 4.36454e+22	0.00e+00	3.02e-27	4.36e-21	5.01e-16	1.69e-11	9.07e-07	1.95e-03	9.98e-01
 4.38746e+22	0.00e+00	3.64e-27	5.10e-21	5.69e-16	1.86e-11	9.67e-07	2.01e-03	9.98e-01
 4.41376e+22	0.00e+00	4.55e-27	6.15e-21	6.63e-16	2.09e-11	1.04e-06	2.08e-03	9.98e-01
 4.44194e+22	0.00e+00	5.69e-27	7.41e-21	7.70e-16	2.35e-11	1.13e-06	2.16e-03	9.98e-01
 4.46728e+22	0.00e+00	6.99e-27	8.81e-21	8.85e-16	2.61e-11	1.21e-06	2.24e-03	9.98e-01
 4.49494e+22	0.00e+00	8.91e-27	1.08e-20	1.05e-15	2.97e-11	1.31e-06	2.33e-03	9.98e-01
 4.52298e+22	2.54e-34	1.11e-26	1.30e-20	1.21e-15	3.32e-11	1.41e-06	2.42e-03	9.98e-01
 4.54644e+22	3.17e-34	1.34e-26	1.52e-20	1.38e-15	3.66e-11	1.51e-06	2.50e-03	9.98e-01
 4.57185e+22	4.10e-34	1.67e-26	1.83e-20	1.60e-15	4.11e-11	1.63e-06	2.59e-03	9.97e-01
 4.59921e+22	5.27e-34	2.08e-26	2.19e-20	1.85e-15	4.59e-11	1.75e-06	2.68e-03	9.97e-01
 4.62449e+22	6.72e-34	2.56e-26	2.61e-20	2.13e-15	5.11e-11	1.88e-06	2.78e-03	9.97e-01
 4.64885e+22	8.47e-34	3.12e-26	3.09e-20	2.44e-15	5.67e-11	2.01e-06	2.87e-03	9.97e-01
 4.67235e+22	1.06e-33	3.77e-26	3.62e-20	2.77e-15	6.25e-11	2.15e-06	2.97e-03	9.97e-01
 4.69864e+22	1.37e-33	4.73e-26	4.37e-20	3.24e-15	7.03e-11	2.32e-06	3.08e-03	9.97e-01
 4.72610e+22	1.77e-33	5.88e-26	5.24e-20	3.74e-15	7.85e-11	2.50e-06	3.19e-03	9.97e-01
 4.75002e+22	2.22e-33	7.14e-26	6.17e-20	4.27e-15	8.67e-11	2.67e-06	3.30e-03	9.97e-01
 4.77607e+22	2.90e-33	8.98e-26	7.48e-20	4.99e-15	9.77e-11	2.88e-06	3.43e-03	9.97e-01
 4.80380e+22	3.77e-33	1.13e-25	9.02e-20	5.80e-15	1.09e-10	3.11e-06	3.56e-03	9.96e-01
 4.82739e+22	4.66e-33	1.35e-25	1.05e-19	6.56e-15	1.20e-10	3.31e-06	3.67e-03	9.96e-01
 4.85175e+22	6.00e-33	1.67e-25	1.26e-19	7.58e-15	1.34e-10	3.56e-06	3.81e-03	9.96e-01
 4.87770e+22	7.62e-33	2.06e-25	1.49e-19	8.70e-15	1.49e-10	3.82e-06	3.94e-03	9.96e-01
 4.90148e+22	9.56e-33	2.50e-25	1.75e-19	9.91e-15	1.64e-10	4.08e-06	4.07e-03	9.96e-01
 4.92816e+22	1.26e-32	3.16e-25	2.13e-19	1.16e-14	1.85e-10	4.42e-06	4.24e-03	9.96e-01
 4.95611e+22	1.65e-32	3.98e-25	2.58e-19	1.35e-14	2.07e-10	4.78e-06	4.41e-03	9.96e-01
 4.98027e+22	2.06e-32	4.81e-25	3.03e-19	1.54e-14	2.29e-10	5.10e-06	4.55e-03	9.95e-01
 5.00624e+22	2.71e-32	6.08e-25	3.68e-19	1.79e-14	2.57e-10	5.52e-06	4.74e-03	9.95e-01
 5.03279e+22	3.46e-32	7.49e-25	4.37e-19	2.06e-14	2.85e-10	5.92e-06	4.91e-03	9.95e-01
 5.05579e+22	4.32e-32	9.06e-25	5.12e-19	2.34e-14	3.13e-10	6.31e-06	5.07e-03	9.95e-01
 5.08137e+22	5.64e-32	1.14e-24	6.19e-19	2.72e-14	3.51e-10	6.82e-06	5.27e-03	9.95e-01
 5.10856e+22	7.37e-32	1.43e-24	7.46e-19	3.15e-14	3.91e-10	7.35e-06	5.48e-03	9.95e-01
 5.13147e+22	9.09e-32	1.71e-24	8.65e-19	3.55e-14	4.28e-10	7.81e-06	5.65e-03	9.94e-01
 5.15490e+22	1.17e-31	2.12e-24	1.03e-18	4.09e-14	4.75e-10	8.39e-06	5.86e-03	9.94e-01
 5.17972e+22	1.48e-31	2.59e-24	1.22e-18	4.66e-14	5.23e-10	8.97e-06	6.07e-03	9.94e-01
 5.20264e+22	1.87e-31	3.15e-24	1.43e-18	5.29e-14	5.74e-10	9.58e-06	6.27e-03	9.94e-01
 5.22873e+22	2.52e-31	4.05e-24	1.76e-18	6.22e-14	6.47e-10	1.04e-05	6.55e-03	9.93e-01
 5.25488e+22	3.20e-31	4.96e-24	2.08e-18	7.09e-14	7.12e-10	1.11e-05	6.79e-03	9.93e-01
 5.28114e+22	4.31e-31	6.39e-24	2.56e-18	8.34e-14	8.00e-10	1.21e-05	7.09e-03	9.93e-01
 5.30682e+22	5.48e-31	7.83e-24	3.02e-18	9.50e-14	8.79e-10	1.29e-05	7.35e-03	9.93e-01
 5.32776e+22	6.79e-31	9.38e-24	3.50e-18	1.07e-13	9.55e-10	1.37e-05	7.58e-03	9.92e-01
 5.35099e+22	8.86e-31	1.17e-23	4.21e-18	1.23e-13	1.06e-09	1.48e-05	7.89e-03	9.92e-01
 5.37543e+22	1.12e-30	1.43e-23	4.95e-18	1.39e-13	1.16e-09	1.58e-05	8.17e-03	9.92e-01
 5.39798e+22	1.43e-30	1.75e-23	5.83e-18	1.58e-13	1.27e-09	1.68e-05	8.46e-03	9.92e-01
 5.42033e+22	1.82e-30	2.14e-23	6.86e-18	1.80e-13	1.39e-09	1.80e-05	8.77e-03	9.91e-01
 5.44166e+22	2.28e-30	2.59e-23	8.00e-18	2.02e-13	1.51e-09	1.91e-05	9.06e-03	9.91e-01
 5.46202e+22	2.83e-30	3.12e-23	9.29e-18	2.27e-13	1.63e-09	2.03e-05	9.36e-03	9.91e-01
 5.48532e+22	3.74e-30	3.93e-23	1.12e-17	2.62e-13	1.81e-09	2.19e-05	9.75e-03	9.90e-01
 5.50915e+22	4.78e-30	4.83e-23	1.32e-17	2.97e-13	1.97e-09	2.34e-05	1.01e-02	9.90e-01
 5.52985e+22	6.02e-30	5.85e-23	1.54e-17	3.35e-13	2.14e-09	2.48e-05	1.05e-02	9.90e-01
 5.55298e+22	8.01e-30	7.43e-23	1.87e-17	3.87e-13	2.37e-09	2.68e-05	1.09e-02	9.89e-01
 5.57607e+22	1.01e-29	9.00e-23	2.18e-17	4.36e-13	2.57e-09	2.85e-05	1.13e-02	9.89e-01
 5.59601e+22	1.27e-29	1.09e-22	2.55e-17	4.91e-13	2.78e-09	3.03e-05	1.17e-02	9.88e-01
 5.61554e+22	1.58e-29	1.31e-22	2.96e-17	5.49e-13	3.01e-09	3.22e-05	1.21e-02	9.88e-01
 5.63760e+22	2.08e-29	1.65e-22	3.55e-17	6.30e-13	3.31e-09	3.46e-05	1.26e-02	9.87e-01
 5.66047e+22	2.67e-29	2.03e-22	4.19e-17	7.14e-13	3.60e-09	3.69e-05	1.30e-02	9.87e-01
 5.68058e+22	3.35e-29	2.45e-22	4.88e-17	8.03e-13	3.90e-09	3.92e-05	1.35e-02	9.86e-01
 5.69977e+22	4.21e-29	2.96e-22	5.68e-17	9.00e-13	4.21e-09	4.17e-05	1.39e-02	9.86e-01
 5.71861e+22	5.22e-29	3.54e-22	6.56e-17	1.00e-12	4.54e-09	4.41e-05	1.44e-02	9.86e-01
 5.74017e+22	6.90e-29	4.47e-22	7.89e-17	1.16e-12	4.99e-09	4.75e-05	1.50e-02	9.85e-01
 5.76245e+22	8.86e-29	5.50e-22	9.32e-17	1.31e-12	5.42e-09	5.07e-05	1.55e-02	9.84e-01
 5.78175e+22	1.11e-28	6.64e-22	1.08e-16	1.47e-12	5.86e-09	5.38e-05	1.61e-02	9.84e-01
 5.80292e+22	1.46e-28	8.35e-22	1.30e-16	1.68e-12	6.43e-09	5.79e-05	1.67e-02	9.83e-01
 5.82493e+22	1.88e-28	1.03e-21	1.54e-16	1.91e-12	7.00e-09	6.19e-05	1.73e-02	9.83e-01
 5.84440e+22	2.38e-28	1.25e-21	1.80e-16	2.15e-12	7.59e-09	6.59e-05	1.79e-02	9.82e-01
 5.86608e+22	3.21e-28	1.60e-21	2.19e-16	2.50e-12	8.39e-09	7.12e-05	1.87e-02	9.81e-01
 5.88788e+22	4.09e-28	1.96e-21	2.58e-16	2.82e-12	9.10e-09	7.60e-05	1.94e-02	9.81e-01
 5.90983e+22	5.51e-28	2.52e-21	3.15e-16	3.28e-12	1.01e-08	8.22e-05	2.02e-02	9.80e-01
 5.93234e+22	7.14e-28	3.12e-21	3.74e-16	3.74e-12	1.10e-08	8.80e-05	2.10e-02	9.79e-01
 5.95239e+22	9.17e-28	3.85e-21	4.42e-16	4.24e-12	1.20e-08	9.41e-05	2.18e-02	9.78e-01
 5.97524e+22	1.29e-27	5.10e-21	5.54e-16	5.02e-12	1.34e-08	1.03e-04	2.28e-02	9.77e-01
 5.99724e+22	1.64e-27	6.22e-21	6.49e-16	5.67e-12	1.45e-08	1.09e-04	2.36e-02	9.76e-01
 6.01531e+22	2.07e-27	7.57e-21	7.60e-16	6.38e-12	1.57e-08	1.16e-04	2.44e-02	9.75e-01
 6.03598e+22	2.79e-27	9.72e-21	9.29e-16	7.43e-12	1.74e-08	1.26e-04	2.55e-02	9.74e-01
 6.05695e+22	3.62e-27	1.20e-20	1.10e-15	8.46e-12	1.90e-08	1.35e-04	2.64e-02	9.73e-01
 6.07370e+22	4.47e-27	1.44e-20	1.27e-15	9.41e-12	2.04e-08	1.42e-04	2.72e-02	9.73e-01
 6.09084e+22	5.76e-27	1.77e-20	1.51e-15	1.07e-11	2.23e-08	1.52e-04	2.82e-02	9.72e-01
 6.10869e+22	7.18e-27	2.13e-20	1.75e-15	1.20e-11	2.40e-08	1.61e-04	2.90e-02	9.71e-01
 6.12368e+22	8.77e-27	2.52e-20	2.00e-15	1.32e-11	2.57e-08	1.70e-04	2.98e-02	9.70e-01
 6.13707e+22	1.07e-26	2.97e-20	2.28e-15	1.46e-11	2.75e-08	1.79e-04	3.06e-02	9.69e-01
 6.15003e+22	1.27e-26	3.44e-20	2.56e-15	1.60e-11	2.92e-08	1.87e-04	3.14e-02	9.68e-01
 6.16477e+22	1.61e-26	4.18e-20	3.00e-15	1.80e-11	3.16e-08	1.98e-04	3.24e-02	9.67e-01
 6.17931e+22	1.94e-26	4.89e-20	3.40e-15	1.98e-11	3.37e-08	2.08e-04	3.32e-02	9.67e-01
 6.19152e+22	2.33e-26	5.70e-20	3.85e-15	2.18e-11	3.59e-08	2.18e-04	3.40e-02	9.66e-01
 6.20533e+22	2.93e-26	6.89e-20	4.48e-15	2.45e-11	3.88e-08	2.31e-04	3.51e-02	9.65e-01
 6.21946e+22	3.53e-26	8.07e-20	5.09e-15	2.69e-11	4.14e-08	2.43e-04	3.60e-02	9.64e-01
 6.23401e+22	4.54e-26	9.94e-20	6.03e-15	3.06e-11	4.51e-08	2.59e-04	3.71e-02	9.63e-01
 6.24782e+22	5.46e-26	1.16e-19	6.83e-15	3.37e-11	4.81e-08	2.71e-04	3.81e-02	9.62e-01
 6.25882e+22	6.54e-26	1.35e-19	7.72e-15	3.69e-11	5.12e-08	2.84e-04	3.89e-02	9.61e-01
 6.27124e+22	8.12e-26	1.62e-19	8.94e-15	4.13e-11	5.52e-08	3.00e-04	4.00e-02	9.60e-01
 6.28413e+22	9.88e-26	1.91e-19	1.02e-14	4.57e-11	5.91e-08	3.15e-04	4.11e-02	9.59e-01
 6.29559e+22	1.18e-25	2.22e-19	1.15e-14	5.02e-11	6.29e-08	3.30e-04	4.20e-02	9.58e-01
 6.30846e+22	1.52e-25	2.74e-19	1.37e-14	5.71e-11	6.86e-08	3.51e-04	4.33e-02	9.56e-01
 6.32128e+22	1.85e-25	3.23e-19	1.56e-14	6.31e-11	7.34e-08	3.68e-04	4.44e-02	9.55e-01
 6.33181e+22	2.20e-25	3.74e-19	1.76e-14	6.92e-11	7.81e-08	3.85e-04	4.54e-02	9.54e-01
 6.34327e+22	2.76e-25	4.52e-19	2.05e-14	7.78e-11	8.46e-08	4.07e-04	4.67e-02	9.53e-01
 6.35489e+22	3.35e-25	5.31e-19	2.34e-14	8.60e-11	9.05e-08	4.26e-04	4.78e-02	9.52e-01
 6.36508e+22	4.03e-25	6.22e-19	2.66e-14	9.48e-11	9.66e-08	4.46e-04	4.89e-02	9.51e-01
 6.37669e+22	5.15e-25	7.63e-19	3.14e-14	1.08e-10	1.05e-07	4.74e-04	5.04e-02	9.49e-01
 6.38843e+22	6.31e-25	9.06e-19	3.61e-14	1.20e-10	1.13e-07	4.98e-04	5.16e-02	9.48e-01
 6.39877e+22	7.72e-25	1.07e-18	4.15e-14	1.33e-10	1.22e-07	5.23e-04	5.29e-02	9.47e-01
 6.41064e+22	1.02e-24	1.35e-18	5.01e-14	1.54e-10	1.34e-07	5.58e-04	5.46e-02	9.45e-01
 6.42230e+22	1.23e-24	1.59e-18	5.73e-14	1.70e-10	1.44e-07	5.85e-04	5.59e-02	9.44e-01
 6.43370e+22	1.63e-24	2.01e-18	6.93e-14	1.97e-10	1.58e-07	6.25e-04	5.77e-02	9.42e-01
 6.44509e+22	1.98e-24	2.38e-18	7.95e-14	2.19e-10	1.70e-07	6.55e-04	5.90e-02	9.40e-01
 6.45646e+22	2.65e-24	3.04e-18	9.71e-14	2.55e-10	1.89e-07	7.02e-04	6.10e-02	9.38e-01
 6.46782e+22	3.26e-24	3.63e-18	1.12e-13	2.85e-10	2.03e-07	7.37e-04	6.25e-02	9.37e-01
 6.47915e+22	4.40e-24	4.67e-18	1.38e-13	3.34e-10	2.26e-07	7.91e-04	6.47e-02	9.35e-01
 6.49032e+22	5.41e-24	5.56e-18	1.59e-13	3.73e-10	2.44e-07	8.31e-04	6.62e-02	9.33e-01
 6.50128e+22	7.23e-24	7.11e-18	1.95e-13	4.35e-10	2.71e-07	8.89e-04	6.84e-02	9.31e-01
 6.51213e+22	8.97e-24	8.54e-18	2.26e-13	4.88e-10	2.93e-07	9.35e-04	7.01e-02	9.29e-01
 6.52283e+22	1.20e-23	1.09e-17	2.77e-13	5.70e-10	3.26e-07	1.00e-03	7.24e-02	9.27e-01
 6.53370e+22	1.51e-23	1.33e-17	3.25e-13	6.45e-10	3.54e-07	1.06e-03	7.42e-02	9.25e-01
 6.54479e+22	2.05e-23	1.72e-17	4.03e-13	7.60e-10	3.96e-07	1.13e-03	7.68e-02	9.22e-01
 6.55608e+22	2.63e-23	2.12e-17	4.79e-13	8.68e-10	4.34e-07	1.20e-03	7.89e-02	9.20e-01
 6.56764e+22	3.64e-23	2.80e-17	6.01e-13	1.03e-09	4.88e-07	1.30e-03	8.18e-02	9.17e-01
 6.57923e+22	4.67e-23	3.46e-17	7.16e-13	1.18e-09	5.35e-07	1.37e-03	8.41e-02	9.15e-01
 6.59086e+22	6.49e-23	4.58e-17	9.02e-13	1.41e-09	6.05e-07	1.48e-03	8.72e-02	9.11e-01
 6.60225e+22	8.23e-23	5.61e-17	1.07e-12	1.61e-09	6.60e-07	1.57e-03	8.95e-02	9.09e-01
 6.61335e+22	1.13e-22	7.35e-17	1.33e-12	1.91e-09	7.43e-07	1.69e-03	9.27e-02	9.06e-01
 6.62445e+22	1.43e-22	8.95e-17	1.57e-12	2.17e-09	8.10e-07	1.78e-03	9.51e-02	9.03e-01
 6.63556e+22	1.95e-22	1.17e-16	1.95e-12	2.57e-09	9.10e-07	1.92e-03	9.84e-02	9.00e-01
 6.64687e+22	2.48e-22	1.43e-16	2.32e-12	2.93e-09	9.96e-07	2.03e-03	1.01e-01	8.97e-01
 6.65846e+22	3.41e-22	1.88e-16	2.90e-12	3.49e-09	1.12e-06	2.19e-03	1.05e-01	8.93e-01
 6.67025e+22	4.34e-22	2.31e-16	3.44e-12	3.99e-09	1.23e-06	2.32e-03	1.07e-01	8.90e-01
 6.68231e+22	5.95e-22	3.02e-16	4.30e-12	4.74e-09	1.39e-06	2.50e-03	1.11e-01	8.86e-01
 6.69470e+22	7.67e-22	3.76e-16	5.15e-12	5.45e-09	1.53e-06	2.66e-03	1.14e-01	8.83e-01
 6.70747e+22	1.06e-21	4.94e-16	6.47e-12	6.51e-09	1.73e-06	2.87e-03	1.19e-01	8.78e-01
 6.71998e+22	1.33e-21	6.02e-16	7.62e-12	7.40e-09	1.89e-06	3.04e-03	1.22e-01	8.75e-01
 6.73225e+22	1.80e-21	7.79e-16	9.45e-12	8.75e-09	2.12e-06	3.27e-03	1.26e-01	8.71e-01
 6.74483e+22	2.27e-21	9.50e-16	1.12e-11	9.96e-09	2.32e-06	3.46e-03	1.29e-01	8.67e-01
 6.75780e+22	3.07e-21	1.23e-15	1.38e-11	1.18e-08	2.61e-06	3.72e-03	1.34e-01	8.63e-01
 6.77118e+22	3.91e-21	1.51e-15	1.64e-11	1.35e-08	2.86e-06	3.95e-03	1.37e-01	8.59e-01
 6.78327e+22	4.96e-21	1.85e-15	1.95e-11	1.54e-08	3.15e-06	4.19e-03	1.41e-01	8.55e-01
 6.79717e+22	6.73e-21	2.41e-15	2.43e-11	1.83e-08	3.55e-06	4.52e-03	1.46e-01	8.49e-01
 6.81111e+22	8.48e-21	2.93e-15	2.86e-11	2.09e-08	3.89e-06	4.79e-03	1.50e-01	8.45e-01
 6.82514e+22	1.15e-20	3.80e-15	3.55e-11	2.47e-08	4.38e-06	5.16e-03	1.55e-01	8.40e-01
 6.83936e+22	1.43e-20	4.60e-15	4.17e-11	2.81e-08	4.79e-06	5.46e-03	1.59e-01	8.35e-01
 6.85167e+22	1.78e-20	5.54e-15	4.88e-11	3.18e-08	5.22e-06	5.77e-03	1.63e-01	8.31e-01
 6.86549e+22	2.35e-20	7.05e-15	5.97e-11	3.73e-08	5.85e-06	6.19e-03	1.68e-01	8.26e-01
 6.87924e+22	2.89e-20	8.40e-15	6.91e-11	4.19e-08	6.35e-06	6.52e-03	1.72e-01	8.21e-01
 6.89289e+22	3.76e-20	1.05e-14	8.37e-11	4.87e-08	7.06e-06	6.98e-03	1.77e-01	8.16e-01
 6.90684e+22	4.64e-20	1.26e-14	9.74e-11	5.50e-08	7.70e-06	7.36e-03	1.82e-01	8.11e-01
 6.92119e+22	6.12e-20	1.60e-14	1.19e-10	6.44e-08	8.61e-06	7.90e-03	1.87e-01	8.05e-01
 6.93562e+22	7.48e-20	1.90e-14	1.38e-10	7.23e-08	9.35e-06	8.32e-03	1.92e-01	8.00e-01
 6.95019e+22	9.82e-20	2.41e-14	1.68e-10	8.46e-08	1.05e-05	8.92e-03	1.98e-01	7.93e-01
 6.96441e+22	1.18e-19	2.82e-14	1.91e-10	9.41e-08	1.13e-05	9.36e-03	2.02e-01	7.89e-01
 6.97820e+22	1.52e-19	3.50e-14	2.30e-10	1.09e-07	1.25e-05	9.98e-03	2.07e-01	7.83e-01
 6.99226e+22	1.83e-19	4.11e-14	2.63e-10	1.21e-07	1.35e-05	1.05e-02	2.12e-01	7.78e-01
 7.00666e+22	2.35e-19	5.10e-14	3.16e-10	1.40e-07	1.50e-05	1.12e-02	2.18e-01	7.71e-01
 7.02133e+22	2.84e-19	6.01e-14	3.63e-10	1.57e-07	1.62e-05	1.18e-02	2.23e-01	7.66e-01
 7.03634e+22	3.67e-19	7.49e-14	4.37e-10	1.82e-07	1.80e-05	1.26e-02	2.29e-01	7.59e-01
 7.05162e+22	4.45e-19	8.84e-14	5.03e-10	2.03e-07	1.95e-05	1.32e-02	2.34e-01	7.53e-01
 7.06725e+22	5.74e-19	1.10e-13	6.06e-10	2.36e-07	2.18e-05	1.41e-02	2.40e-01	7.45e-01
 7.08320e+22	6.99e-19	1.31e-13	6.99e-10	2.65e-07	2.36e-05	1.49e-02	2.46e-01	7.39e-01
 7.09956e+22	9.01e-19	1.63e-13	8.41e-10	3.08e-07	2.63e-05	1.59e-02	2.53e-01	7.32e-01
 7.11639e+22	1.11e-18	1.94e-13	9.78e-10	3.47e-07	2.87e-05	1.68e-02	2.58e-01	7.25e-01
 7.13382e+22	1.44e-18	2.43e-13	1.18e-09	4.05e-07	3.20e-05	1.79e-02	2.66e-01	7.16e-01
 7.15076e+22	1.73e-18	2.85e-13	1.35e-09	4.50e-07	3.46e-05	1.88e-02	2.71e-01	7.10e-01
 7.16705e+22	2.21e-18	3.53e-13	1.62e-09	5.21e-07	3.84e-05	2.01e-02	2.78e-01	7.02e-01
 7.18366e+22	2.67e-18	4.15e-13	1.86e-09	5.81e-07	4.15e-05	2.11e-02	2.83e-01	6.95e-01
 7.20067e+22	3.37e-18	5.07e-13	2.20e-09	6.66e-07	4.58e-05	2.24e-02	2.90e-01	6.87e-01
 7.21865e+22	4.18e-18	6.11e-13	2.58e-09	7.56e-07	5.02e-05	2.37e-02	2.97e-01	6.79e-01
 7.23516e+22	5.11e-18	7.26e-13	2.98e-09	8.50e-07	5.46e-05	2.49e-02	3.03e-01	6.72e-01
 7.25389e+22	6.55e-18	8.98e-13	3.57e-09	9.82e-07	6.06e-05	2.66e-02	3.11e-01	6.63e-01
 7.27374e+22	8.25e-18	1.10e-12	4.23e-09	1.13e-06	6.68e-05	2.82e-02	3.18e-01	6.54e-01
 7.29212e+22	1.02e-17	1.32e-12	4.94e-09	1.28e-06	7.32e-05	2.98e-02	3.25e-01	6.46e-01
 7.31005e+22	1.26e-17	1.58e-12	5.74e-09	1.44e-06	7.97e-05	3.15e-02	3.31e-01	6.37e-01
 7.33029e+22	1.64e-17	1.98e-12	6.96e-09	1.68e-06	8.92e-05	3.37e-02	3.39e-01	6.27e-01
 7.35063e+22	2.02e-17	2.37e-12	8.09e-09	1.90e-06	9.73e-05	3.55e-02	3.46e-01	6.18e-01
 7.37110e+22	2.63e-17	2.98e-12	9.83e-09	2.22e-06	1.09e-04	3.80e-02	3.55e-01	6.07e-01
 7.39179e+22	3.24e-17	3.57e-12	1.14e-08	2.51e-06	1.19e-04	4.01e-02	3.62e-01	5.98e-01
 7.41278e+22	4.25e-17	4.50e-12	1.39e-08	2.94e-06	1.33e-04	4.29e-02	3.70e-01	5.87e-01
 7.43403e+22	5.25e-17	5.41e-12	1.63e-08	3.33e-06	1.46e-04	4.52e-02	3.77e-01	5.77e-01
 7.45564e+22	6.94e-17	6.89e-12	2.00e-08	3.92e-06	1.64e-04	4.86e-02	3.87e-01	5.65e-01
 7.47746e+22	8.60e-17	8.28e-12	2.33e-08	4.45e-06	1.79e-04	5.12e-02	3.93e-01	5.55e-01
 7.49955e+22	1.15e-16	1.06e-11	2.88e-08	5.28e-06	2.03e-04	5.51e-02	4.03e-01	5.42e-01
 7.52174e+22	1.42e-16	1.27e-11	3.36e-08	5.98e-06	2.22e-04	5.80e-02	4.10e-01	5.32e-01
 7.54406e+22	1.89e-16	1.64e-11	4.16e-08	7.11e-06	2.51e-04	6.24e-02	4.19e-01	5.18e-01
 7.56662e+22	2.36e-16	1.98e-11	4.89e-08	8.10e-06	2.75e-04	6.59e-02	4.26e-01	5.07e-01
 7.58952e+22	3.16e-16	2.55e-11	6.07e-08	9.65e-06	3.12e-04	7.09e-02	4.36e-01	4.93e-01
 7.61278e+22	3.95e-16	3.09e-11	7.15e-08	1.10e-05	3.43e-04	7.49e-02	4.43e-01	4.82e-01
 7.63235e+22	4.87e-16	3.71e-11	8.36e-08	1.25e-05	3.76e-04	7.90e-02	4.49e-01	4.71e-01
 7.65079e+22	5.94e-16	4.41e-11	9.69e-08	1.41e-05	4.10e-04	8.30e-02	4.56e-01	4.61e-01
 7.67194e+22	7.77e-16	5.58e-11	1.19e-07	1.67e-05	4.62e-04	8.88e-02	4.64e-01	4.47e-01
 7.69311e+22	9.47e-16	6.62e-11	1.37e-07	1.88e-05	5.03e-04	9.32e-02	4.70e-01	4.37e-01
 7.71430e+22	1.23e-15	8.34e-11	1.68e-07	2.22e-05	5.66e-04	9.96e-02	4.77e-01	4.22e-01
 7.73587e+22	1.52e-15	1.00e-10	1.96e-07	2.52e-05	6.21e-04	1.05e-01	4.83e-01	4.11e-01
 7.75793e+22	1.99e-15	1.27e-10	2.41e-07	2.99e-05	7.03e-04	1.12e-01	4.91e-01	3.96e-01
 7.78040e+22	2.46e-15	1.52e-10	2.83e-07	3.42e-05	7.73e-04	1.18e-01	4.96e-01	3.85e-01
 7.80341e+22	3.23e-15	1.94e-10	3.49e-07	4.07e-05	8.77e-04	1.27e-01	5.03e-01	3.69e-01
 7.82700e+22	4.02e-15	2.35e-10	4.13e-07	4.70e-05	9.72e-04	1.34e-01	5.08e-01	3.57e-01
 7.85137e+22	5.33e-15	3.02e-10	5.14e-07	5.65e-05	1.11e-03	1.44e-01	5.14e-01	3.40e-01
 7.87593e+22	6.61e-15	3.65e-10	6.09e-07	6.52e-05	1.23e-03	1.52e-01	5.19e-01	3.28e-01
 7.90025e+22	8.62e-15	4.63e-10	7.52e-07	7.82e-05	1.40e-03	1.63e-01	5.24e-01	3.12e-01
 7.92480e+22	1.07e-14	5.58e-10	8.90e-07	9.03e-05	1.56e-03	1.72e-01	5.27e-01	2.99e-01
 7.94867e+22	1.35e-14	6.93e-10	1.08e-06	1.07e-04	1.76e-03	1.84e-01	5.30e-01	2.84e-01
 7.97231e+22	1.65e-14	8.27e-10	1.27e-06	1.23e-04	1.95e-03	1.93e-01	5.32e-01	2.72e-01
 7.99322e+22	1.97e-14	9.72e-10	1.47e-06	1.40e-04	2.15e-03	2.03e-01	5.34e-01	2.61e-01
 8.01572e+22	2.44e-14	1.18e-09	1.75e-06	1.63e-04	2.41e-03	2.15e-01	5.35e-01	2.48e-01
 8.03788e+22	2.88e-14	1.37e-09	2.01e-06	1.84e-04	2.63e-03	2.25e-01	5.35e-01	2.38e-01
 8.06031e+22	3.54e-14	1.65e-09	2.39e-06	2.15e-04	2.95e-03	2.37e-01	5.35e-01	2.25e-01
 8.08271e+22	4.13e-14	1.91e-09	2.72e-06	2.41e-04	3.21e-03	2.47e-01	5.34e-01	2.15e-01
 8.10517e+22	5.02e-14	2.28e-09	3.22e-06	2.80e-04	3.59e-03	2.61e-01	5.32e-01	2.03e-01
 8.12766e+22	5.81e-14	2.61e-09	3.64e-06	3.13e-04	3.90e-03	2.71e-01	5.31e-01	1.94e-01
 8.15019e+22	6.98e-14	3.09e-09	4.27e-06	3.61e-04	4.34e-03	2.85e-01	5.28e-01	1.82e-01
 8.17282e+22	8.03e-14	3.52e-09	4.82e-06	4.03e-04	4.71e-03	2.96e-01	5.25e-01	1.74e-01
 8.19558e+22	9.56e-14	4.14e-09	5.63e-06	4.63e-04	5.23e-03	3.10e-01	5.21e-01	1.63e-01
 8.21852e+22	1.09e-13	4.69e-09	6.33e-06	5.15e-04	5.66e-03	3.22e-01	5.17e-01	1.55e-01
 8.24168e+22	1.29e-13	5.49e-09	7.35e-06	5.91e-04	6.27e-03	3.36e-01	5.11e-01	1.46e-01
 8.26516e+22	1.47e-13	6.20e-09	8.26e-06	6.56e-04	6.78e-03	3.48e-01	5.06e-01	1.38e-01
 8.28902e+22	1.73e-13	7.24e-09	9.57e-06	7.51e-04	7.51e-03	3.63e-01	4.99e-01	1.29e-01
 8.31328e+22	1.97e-13	8.18e-09	1.07e-05	8.33e-04	8.12e-03	3.76e-01	4.94e-01	1.22e-01
 8.33804e+22	2.31e-13	9.52e-09	1.24e-05	9.53e-04	8.99e-03	3.92e-01	4.85e-01	1.13e-01
 8.36335e+22	2.64e-13	1.08e-08	1.40e-05	1.06e-03	9.72e-03	4.04e-01	4.79e-01	1.07e-01
 8.38937e+22	3.10e-13	1.25e-08	1.62e-05	1.21e-03	1.08e-02	4.21e-01	4.69e-01	9.84e-02
 8.41557e+22	3.52e-13	1.41e-08	1.82e-05	1.34e-03	1.16e-02	4.33e-01	4.62e-01	9.25e-02
 8.43782e+22	3.95e-13	1.58e-08	2.02e-05	1.47e-03	1.25e-02	4.45e-01	4.54e-01	8.72e-02
 8.46258e+22	4.56e-13	1.81e-08	2.31e-05	1.66e-03	1.37e-02	4.60e-01	4.44e-01	8.07e-02
 8.48627e+22	5.05e-13	2.00e-08	2.53e-05	1.80e-03	1.45e-02	4.70e-01	4.37e-01	7.65e-02
 8.50856e+22	5.73e-13	2.25e-08	2.85e-05	2.00e-03	1.57e-02	4.83e-01	4.28e-01	7.12e-02
 8.53116e+22	6.34e-13	2.48e-08	3.13e-05	2.17e-03	1.67e-02	4.94e-01	4.20e-01	6.73e-02
 8.55418e+22	7.17e-13	2.80e-08	3.52e-05	2.41e-03	1.81e-02	5.07e-01	4.10e-01	6.24e-02
 8.57734e+22	7.95e-13	3.09e-08	3.86e-05	2.61e-03	1.92e-02	5.17e-01	4.02e-01	5.90e-02
 8.60068e+22	8.98e-13	3.48e-08	4.34e-05	2.90e-03	2.07e-02	5.30e-01	3.91e-01	5.46e-02
 8.62432e+22	9.98e-13	3.84e-08	4.76e-05	3.14e-03	2.20e-02	5.40e-01	3.83e-01	5.14e-02
 8.64834e+22	1.13e-12	4.33e-08	5.36e-05	3.48e-03	2.37e-02	5.53e-01	3.72e-01	4.74e-02
 8.67275e+22	1.26e-12	4.79e-08	5.90e-05	3.77e-03	2.52e-02	5.63e-01	3.64e-01	4.45e-02
 8.69763e+22	1.42e-12	5.41e-08	6.65e-05	4.18e-03	2.72e-02	5.75e-01	3.53e-01	4.09e-02
 8.72297e+22	1.59e-12	6.01e-08	7.33e-05	4.53e-03	2.88e-02	5.85e-01	3.44e-01	3.83e-02
 8.74889e+22	1.81e-12	6.80e-08	8.29e-05	5.02e-03	3.11e-02	5.97e-01	3.32e-01	3.49e-02
 8.77533e+22	2.03e-12	7.59e-08	9.18e-05	5.45e-03	3.30e-02	6.06e-01	3.23e-01	3.26e-02
 8.80244e+22	2.31e-12	8.62e-08	1.04e-04	6.06e-03	3.57e-02	6.18e-01	3.11e-01	2.96e-02
 8.82969e+22	2.59e-12	9.60e-08	1.15e-04	6.57e-03	3.78e-02	6.26e-01	3.02e-01	2.75e-02
 8.85711e+22	2.96e-12	1.09e-07	1.31e-04	7.28e-03	4.08e-02	6.37e-01	2.90e-01	2.50e-02
 8.88492e+22	3.34e-12	1.22e-07	1.45e-04	7.90e-03	4.32e-02	6.45e-01	2.81e-01	2.31e-02
 8.90913e+22	3.71e-12	1.35e-07	1.60e-04	8.53e-03	4.57e-02	6.53e-01	2.72e-01	2.14e-02
 8.93651e+22	4.24e-12	1.54e-07	1.82e-04	9.42e-03	4.91e-02	6.62e-01	2.60e-01	1.94e-02
 8.96410e+22	4.76e-12	1.72e-07	2.01e-04	1.02e-02	5.18e-02	6.68e-01	2.52e-01	1.80e-02
 8.98696e+22	5.24e-12	1.88e-07	2.19e-04	1.09e-02	5.44e-02	6.74e-01	2.44e-01	1.68e-02
 9.01169e+22	5.95e-12	2.12e-07	2.45e-04	1.19e-02	5.77e-02	6.80e-01	2.34e-01	1.54e-02
 9.03660e+22	6.62e-12	2.34e-07	2.69e-04	1.27e-02	6.05e-02	6.85e-01	2.27e-01	1.43e-02
 9.06178e+22	7.48e-12	2.64e-07	3.01e-04	1.38e-02	6.43e-02	6.91e-01	2.18e-01	1.30e-02
 9.08713e+22	8.34e-12	2.92e-07	3.30e-04	1.48e-02	6.72e-02	6.95e-01	2.10e-01	1.21e-02
 9.11272e+22	9.47e-12	3.29e-07	3.71e-04	1.61e-02	7.13e-02	7.00e-01	2.01e-01	1.10e-02
 9.13890e+22	1.06e-11	3.67e-07	4.08e-04	1.73e-02	7.47e-02	7.03e-01	1.94e-01	1.02e-02
 9.16586e+22	1.22e-11	4.17e-07	4.61e-04	1.88e-02	7.94e-02	7.07e-01	1.85e-01	9.20e-03
 9.19323e+22	1.37e-11	4.65e-07	5.09e-04	2.02e-02	8.32e-02	7.10e-01	1.78e-01	8.49e-03
 9.22112e+22	1.58e-11	5.32e-07	5.78e-04	2.21e-02	8.83e-02	7.13e-01	1.69e-01	7.63e-03
 9.24696e+22	1.74e-11	5.83e-07	6.29e-04	2.35e-02	9.19e-02	7.14e-01	1.63e-01	7.09e-03
