#depth	O	O+	O+2	O+3	O+4	O+5	O+6	O+7	O+8	O[1]	O[2]	O[3]
 1.54284e+22	1.29e-12	2.56e-08	2.58e-05	2.18e-03	2.63e-02	7.19e-02	5.85e-01	2.82e-01	3.26e-02	1.29e-12	2.62e-21	3.27e-21
 3.47372e+22	2.16e-12	4.59e-08	4.96e-05	4.19e-03	4.31e-02	1.05e-01	6.15e-01	2.15e-01	1.79e-02	2.16e-12	4.33e-21	5.40e-21
 4.05579e+22	2.83e-12	6.20e-08	6.84e-05	5.67e-03	5.33e-02	1.23e-01	6.19e-01	1.86e-01	1.34e-02	2.83e-12	5.72e-21	7.13e-21
 4.34682e+22	3.25e-12	7.25e-08	8.05e-05	6.58e-03	5.89e-02	1.33e-01	6.18e-01	1.72e-01	1.15e-02	3.25e-12	6.60e-21	8.21e-21
 4.49715e+22	3.52e-12	7.91e-08	8.81e-05	7.14e-03	6.22e-02	1.38e-01	6.17e-01	1.65e-01	1.06e-02	3.52e-12	7.15e-21	8.90e-21
 4.60362e+22	3.80e-12	8.62e-08	9.62e-05	7.72e-03	6.55e-02	1.43e-01	6.16e-01	1.58e-01	9.75e-03	3.80e-12	7.74e-21	9.64e-21
 4.72584e+22	4.18e-12	9.62e-08	1.08e-04	8.55e-03	7.00e-02	1.50e-01	6.13e-01	1.49e-01	8.74e-03	4.18e-12	8.54e-21	1.06e-20
 4.84812e+22	4.59e-12	1.06e-07	1.18e-04	9.25e-03	7.36e-02	1.56e-01	6.10e-01	1.43e-01	8.06e-03	4.59e-12	9.38e-21	1.17e-20
 4.97047e+22	5.08e-12	1.19e-07	1.33e-04	1.02e-02	7.84e-02	1.63e-01	6.06e-01	1.35e-01	7.22e-03	5.08e-12	1.04e-20	1.30e-20
 5.09483e+22	5.61e-12	1.32e-07	1.46e-04	1.11e-02	8.25e-02	1.68e-01	6.03e-01	1.29e-01	6.63e-03	5.61e-12	1.15e-20	1.43e-20
 5.22181e+22	6.27e-12	1.49e-07	1.65e-04	1.23e-02	8.79e-02	1.76e-01	5.97e-01	1.21e-01	5.91e-03	6.27e-12	1.29e-20	1.61e-20
 5.35079e+22	7.00e-12	1.67e-07	1.83e-04	1.33e-02	9.24e-02	1.81e-01	5.92e-01	1.15e-01	5.41e-03	7.00e-12	1.45e-20	1.80e-20
 5.48239e+22	7.88e-12	1.90e-07	2.07e-04	1.48e-02	9.84e-02	1.89e-01	5.85e-01	1.08e-01	4.78e-03	7.88e-12	1.63e-20	2.03e-20
 5.61604e+22	8.86e-12	2.14e-07	2.30e-04	1.61e-02	1.03e-01	1.95e-01	5.78e-01	1.02e-01	4.36e-03	8.86e-12	1.84e-20	2.28e-20
 5.75239e+22	1.01e-11	2.46e-07	2.63e-04	1.78e-02	1.10e-01	2.03e-01	5.70e-01	9.51e-02	3.84e-03	1.01e-11	2.11e-20	2.61e-20
 5.89234e+22	1.15e-11	2.80e-07	2.94e-04	1.95e-02	1.16e-01	2.09e-01	5.62e-01	8.98e-02	3.47e-03	1.15e-11	2.40e-20	2.98e-20
 6.03698e+22	1.34e-11	3.28e-07	3.39e-04	2.17e-02	1.23e-01	2.18e-01	5.51e-01	8.30e-02	3.02e-03	1.34e-11	2.80e-20	3.47e-20
 6.18466e+22	1.53e-11	3.75e-07	3.82e-04	2.37e-02	1.30e-01	2.24e-01	5.42e-01	7.79e-02	2.71e-03	1.53e-11	3.22e-20	4.00e-20
 6.33630e+22	1.82e-11	4.45e-07	4.44e-04	2.66e-02	1.38e-01	2.32e-01	5.29e-01	7.16e-02	2.35e-03	1.82e-11	3.84e-20	4.75e-20
 6.48968e+22	2.11e-11	5.14e-07	5.01e-04	2.90e-02	1.45e-01	2.38e-01	5.18e-01	6.70e-02	2.10e-03	2.11e-11	4.47e-20	5.54e-20
 6.64533e+22	2.52e-11	6.15e-07	5.85e-04	3.25e-02	1.54e-01	2.46e-01	5.04e-01	6.12e-02	1.80e-03	2.52e-11	5.38e-20	6.66e-20
 6.80284e+22	2.96e-11	7.15e-07	6.62e-04	3.55e-02	1.62e-01	2.51e-01	4.92e-01	5.70e-02	1.60e-03	2.96e-11	6.34e-20	7.84e-20
 6.96278e+22	3.60e-11	8.64e-07	7.75e-04	3.97e-02	1.72e-01	2.59e-01	4.76e-01	5.18e-02	1.37e-03	3.60e-11	7.74e-20	9.57e-20
 7.11938e+22	4.21e-11	9.99e-07	8.72e-04	4.31e-02	1.80e-01	2.63e-01	4.64e-01	4.83e-02	1.22e-03	4.21e-11	9.10e-20	1.12e-19
 7.27166e+22	5.10e-11	1.20e-06	1.01e-03	4.79e-02	1.89e-01	2.69e-01	4.48e-01	4.39e-02	1.04e-03	5.10e-11	1.11e-19	1.37e-19
 7.42956e+22	6.07e-11	1.40e-06	1.15e-03	5.22e-02	1.98e-01	2.73e-01	4.34e-01	4.05e-02	9.20e-04	6.07e-11	1.33e-19	1.64e-19
 7.56395e+22	7.03e-11	1.61e-06	1.28e-03	5.62e-02	2.05e-01	2.77e-01	4.22e-01	3.77e-02	8.20e-04	7.03e-11	1.54e-19	1.90e-19
 7.70784e+22	8.50e-11	1.91e-06	1.47e-03	6.16e-02	2.15e-01	2.81e-01	4.06e-01	3.44e-02	7.10e-04	8.50e-11	1.88e-19	2.32e-19
 7.85407e+22	9.99e-11	2.21e-06	1.65e-03	6.65e-02	2.23e-01	2.84e-01	3.93e-01	3.18e-02	6.27e-04	9.99e-11	2.22e-19	2.73e-19
 7.98309e+22	1.17e-10	2.54e-06	1.84e-03	7.14e-02	2.30e-01	2.86e-01	3.80e-01	2.95e-02	5.56e-04	1.17e-10	2.61e-19	3.21e-19
 8.13059e+22	1.43e-10	3.03e-06	2.10e-03	7.81e-02	2.40e-01	2.88e-01	3.64e-01	2.67e-02	4.78e-04	1.43e-10	3.21e-19	3.95e-19
 8.28434e+22	1.71e-10	3.55e-06	2.38e-03	8.45e-02	2.49e-01	2.90e-01	3.49e-01	2.44e-02	4.16e-04	1.71e-10	3.87e-19	4.76e-19
 8.42220e+22	2.03e-10	4.11e-06	2.66e-03	9.08e-02	2.57e-01	2.91e-01	3.36e-01	2.24e-02	3.65e-04	2.03e-10	4.62e-19	5.67e-19
 8.57739e+22	2.52e-10	4.95e-06	3.06e-03	9.91e-02	2.67e-01	2.92e-01	3.19e-01	2.01e-02	3.10e-04	2.52e-10	5.79e-19	7.10e-19
 8.73937e+22	3.06e-10	5.84e-06	3.47e-03	1.07e-01	2.75e-01	2.92e-01	3.04e-01	1.82e-02	2.66e-04	3.06e-10	7.08e-19	8.68e-19
 8.88515e+22	3.68e-10	6.81e-06	3.89e-03	1.15e-01	2.83e-01	2.91e-01	2.90e-01	1.66e-02	2.31e-04	3.68e-10	8.57e-19	1.05e-18
 9.04963e+22	4.65e-10	8.26e-06	4.48e-03	1.26e-01	2.93e-01	2.90e-01	2.73e-01	1.47e-02	1.93e-04	4.65e-10	1.09e-18	1.34e-18
 9.21982e+22	5.71e-10	9.80e-06	5.08e-03	1.35e-01	3.01e-01	2.88e-01	2.57e-01	1.31e-02	1.64e-04	5.71e-10	1.36e-18	1.66e-18
 9.37177e+22	6.94e-10	1.15e-05	5.71e-03	1.45e-01	3.09e-01	2.85e-01	2.44e-01	1.18e-02	1.40e-04	6.94e-10	1.66e-18	2.03e-18
 9.54366e+22	8.88e-10	1.40e-05	6.59e-03	1.58e-01	3.17e-01	2.81e-01	2.27e-01	1.03e-02	1.15e-04	8.88e-10	2.16e-18	2.63e-18
 9.72228e+22	1.11e-09	1.67e-05	7.48e-03	1.70e-01	3.25e-01	2.77e-01	2.12e-01	9.12e-03	9.62e-05	1.11e-09	2.71e-18	3.31e-18
 9.88289e+22	1.36e-09	1.97e-05	8.41e-03	1.81e-01	3.31e-01	2.72e-01	1.99e-01	8.10e-03	8.12e-05	1.36e-09	3.38e-18	4.12e-18
 1.00649e+23	1.78e-09	2.42e-05	9.74e-03	1.97e-01	3.38e-01	2.66e-01	1.82e-01	6.95e-03	6.51e-05	1.78e-09	4.47e-18	5.45e-18
 1.02526e+23	2.23e-09	2.89e-05	1.10e-02	2.11e-01	3.44e-01	2.60e-01	1.69e-01	6.07e-03	5.37e-05	2.23e-09	5.69e-18	6.92e-18
 1.04217e+23	2.79e-09	3.42e-05	1.24e-02	2.25e-01	3.48e-01	2.53e-01	1.56e-01	5.32e-03	4.45e-05	2.79e-09	7.19e-18	8.74e-18
 1.06154e+23	3.70e-09	4.25e-05	1.44e-02	2.43e-01	3.53e-01	2.44e-01	1.41e-01	4.47e-03	3.48e-05	3.70e-09	9.72e-18	1.18e-17
 1.08118e+23	4.68e-09	5.07e-05	1.62e-02	2.58e-01	3.56e-01	2.36e-01	1.29e-01	3.85e-03	2.83e-05	4.68e-09	1.25e-17	1.51e-17
 1.09854e+23	5.86e-09	6.00e-05	1.82e-02	2.74e-01	3.58e-01	2.28e-01	1.19e-01	3.34e-03	2.31e-05	5.86e-09	1.59e-17	1.93e-17
 1.11848e+23	7.85e-09	7.44e-05	2.10e-02	2.94e-01	3.60e-01	2.17e-01	1.06e-01	2.75e-03	1.77e-05	7.85e-09	2.18e-17	2.64e-17
 1.13872e+23	9.97e-09	8.87e-05	2.36e-02	3.11e-01	3.60e-01	2.07e-01	9.58e-02	2.35e-03	1.42e-05	9.97e-09	2.81e-17	3.41e-17
 1.15935e+23	1.34e-08	1.10e-04	2.72e-02	3.32e-01	3.59e-01	1.96e-01	8.45e-02	1.92e-03	1.08e-05	1.34e-08	3.88e-17	4.69e-17
 1.18037e+23	1.71e-08	1.31e-04	3.05e-02	3.49e-01	3.57e-01	1.86e-01	7.58e-02	1.61e-03	8.49e-06	1.71e-08	5.07e-17	6.14e-17
 1.19904e+23	2.18e-08	1.56e-04	3.40e-02	3.66e-01	3.54e-01	1.76e-01	6.80e-02	1.35e-03	6.70e-06	2.18e-08	6.61e-17	7.99e-17
 1.22046e+23	2.96e-08	1.93e-04	3.90e-02	3.88e-01	3.49e-01	1.63e-01	5.89e-02	1.08e-03	4.95e-06	2.96e-08	9.25e-17	1.12e-16
 1.24224e+23	3.79e-08	2.30e-04	4.36e-02	4.05e-01	3.44e-01	1.53e-01	5.23e-02	8.98e-04	3.84e-06	3.79e-08	1.22e-16	1.47e-16
 1.26450e+23	5.19e-08	2.87e-04	4.99e-02	4.27e-01	3.37e-01	1.41e-01	4.46e-02	7.03e-04	2.77e-06	5.19e-08	1.73e-16	2.09e-16
 1.28625e+23	6.53e-08	3.37e-04	5.50e-02	4.43e-01	3.30e-01	1.32e-01	3.96e-02	5.86e-04	2.17e-06	6.53e-08	2.24e-16	2.70e-16
 1.30735e+23	8.77e-08	4.13e-04	6.23e-02	4.62e-01	3.21e-01	1.20e-01	3.39e-02	4.61e-04	1.57e-06	8.77e-08	3.12e-16	3.77e-16
 1.32774e+23	1.08e-07	4.76e-04	6.78e-02	4.75e-01	3.14e-01	1.13e-01	3.02e-02	3.88e-04	1.25e-06	1.08e-07	3.94e-16	4.75e-16
 1.34720e+23	1.40e-07	5.69e-04	7.54e-02	4.91e-01	3.04e-01	1.03e-01	2.61e-02	3.10e-04	9.30e-07	1.40e-07	5.30e-16	6.39e-16
 1.36676e+23	1.73e-07	6.56e-04	8.19e-02	5.02e-01	2.96e-01	9.60e-02	2.31e-02	2.59e-04	7.31e-07	1.73e-07	6.71e-16	8.09e-16
 1.38648e+23	2.25e-07	7.83e-04	9.07e-02	5.16e-01	2.85e-01	8.73e-02	1.98e-02	2.05e-04	5.38e-07	2.25e-07	9.02e-16	1.09e-15
 1.40659e+23	2.79e-07	9.05e-04	9.85e-02	5.27e-01	2.75e-01	8.05e-02	1.74e-02	1.69e-04	4.16e-07	2.79e-07	1.15e-15	1.38e-15
 1.42451e+23	3.44e-07	1.04e-03	1.07e-01	5.37e-01	2.66e-01	7.43e-02	1.52e-02	1.39e-04	3.23e-07	3.44e-07	1.45e-15	1.75e-15
 1.44509e+23	4.49e-07	1.24e-03	1.18e-01	5.48e-01	2.54e-01	6.67e-02	1.29e-02	1.09e-04	2.32e-07	4.49e-07	1.96e-15	2.36e-15
 1.46595e+23	5.58e-07	1.44e-03	1.27e-01	5.56e-01	2.43e-01	6.09e-02	1.12e-02	8.80e-05	1.76e-07	5.58e-07	2.50e-15	3.01e-15
 1.48434e+23	6.86e-07	1.65e-03	1.37e-01	5.62e-01	2.33e-01	5.57e-02	9.73e-03	7.19e-05	1.35e-07	6.86e-07	3.16e-15	3.79e-15
 1.50215e+23	8.33e-07	1.87e-03	1.47e-01	5.68e-01	2.24e-01	5.11e-02	8.53e-03	5.92e-05	0.00e+00	8.33e-07	3.94e-15	4.72e-15
 1.51863e+23	9.96e-07	2.11e-03	1.56e-01	5.72e-01	2.15e-01	4.71e-02	7.53e-03	4.94e-05	0.00e+00	9.96e-07	4.82e-15	5.77e-15
 1.53430e+23	1.18e-06	2.36e-03	1.66e-01	5.75e-01	2.07e-01	4.34e-02	6.68e-03	4.14e-05	0.00e+00	1.18e-06	5.85e-15	7.00e-15
 1.55230e+23	1.47e-06	2.72e-03	1.78e-01	5.78e-01	1.97e-01	3.91e-02	5.72e-03	3.31e-05	0.00e+00	1.47e-06	7.47e-15	8.93e-15
 1.57064e+23	1.76e-06	3.06e-03	1.89e-01	5.79e-01	1.88e-01	3.58e-02	5.00e-03	2.72e-05	0.00e+00	1.76e-06	9.19e-15	1.10e-14
 1.58667e+23	2.09e-06	3.42e-03	2.00e-01	5.80e-01	1.79e-01	3.28e-02	4.40e-03	2.26e-05	0.00e+00	2.09e-06	1.12e-14	1.33e-14
 1.60478e+23	2.59e-06	3.93e-03	2.15e-01	5.79e-01	1.69e-01	2.93e-02	3.74e-03	1.79e-05	0.00e+00	2.59e-06	1.43e-14	1.70e-14
 1.62327e+23	3.09e-06	4.42e-03	2.27e-01	5.78e-01	1.61e-01	2.66e-02	3.26e-03	1.46e-05	0.00e+00	3.09e-06	1.75e-14	2.08e-14
 1.63962e+23	3.66e-06	4.93e-03	2.39e-01	5.76e-01	1.53e-01	2.43e-02	2.85e-03	1.21e-05	0.00e+00	3.66e-06	2.13e-14	2.53e-14
 1.65824e+23	4.54e-06	5.66e-03	2.56e-01	5.72e-01	1.43e-01	2.15e-02	2.40e-03	9.41e-06	0.00e+00	4.54e-06	2.72e-14	3.23e-14
 1.67716e+23	5.42e-06	6.34e-03	2.70e-01	5.67e-01	1.35e-01	1.94e-02	2.07e-03	7.63e-06	0.00e+00	5.42e-06	3.34e-14	3.97e-14
 1.69387e+23	6.41e-06	7.07e-03	2.83e-01	5.62e-01	1.28e-01	1.76e-02	1.80e-03	6.23e-06	0.00e+00	6.41e-06	4.06e-14	4.82e-14
 1.71296e+23	7.93e-06	8.10e-03	3.01e-01	5.55e-01	1.19e-01	1.54e-02	1.50e-03	4.80e-06	0.00e+00	7.93e-06	5.21e-14	6.18e-14
 1.73242e+23	9.47e-06	9.07e-03	3.17e-01	5.48e-01	1.12e-01	1.38e-02	1.29e-03	3.85e-06	0.00e+00	9.47e-06	6.40e-14	7.58e-14
 1.74967e+23	1.12e-05	1.01e-02	3.32e-01	5.40e-01	1.05e-01	1.24e-02	1.11e-03	3.11e-06	0.00e+00	1.12e-05	7.81e-14	9.25e-14
 1.76945e+23	1.39e-05	1.16e-02	3.52e-01	5.28e-01	9.65e-02	1.08e-02	9.13e-04	2.36e-06	0.00e+00	1.39e-05	1.01e-13	1.19e-13
 1.78959e+23	1.66e-05	1.30e-02	3.69e-01	5.18e-01	8.99e-02	9.54e-03	7.74e-04	1.86e-06	0.00e+00	1.66e-05	1.24e-13	1.47e-13
 1.81023e+23	2.06e-05	1.49e-02	3.90e-01	5.04e-01	8.21e-02	8.20e-03	6.30e-04	1.39e-06	0.00e+00	2.06e-05	1.60e-13	1.90e-13
 1.83114e+23	2.47e-05	1.67e-02	4.08e-01	4.92e-01	7.59e-02	7.20e-03	5.29e-04	1.08e-06	0.00e+00	2.47e-05	1.98e-13	2.35e-13
 1.84962e+23	2.93e-05	1.86e-02	4.25e-01	4.79e-01	7.03e-02	6.34e-03	4.46e-04	8.50e-07	0.00e+00	2.93e-05	2.44e-13	2.89e-13
 1.87084e+23	3.64e-05	2.13e-02	4.47e-01	4.62e-01	6.36e-02	5.39e-03	3.58e-04	6.24e-07	0.00e+00	3.64e-05	3.16e-13	3.74e-13
 1.89268e+23	4.36e-05	2.38e-02	4.66e-01	4.47e-01	5.82e-02	4.67e-03	2.96e-04	4.77e-07	0.00e+00	4.36e-05	3.92e-13	4.65e-13
 1.91232e+23	5.19e-05	2.66e-02	4.84e-01	4.31e-01	5.33e-02	4.05e-03	2.46e-04	3.67e-07	0.00e+00	5.19e-05	4.85e-13	5.74e-13
 1.93484e+23	6.48e-05	3.05e-02	5.07e-01	4.11e-01	4.74e-02	3.37e-03	1.93e-04	2.61e-07	0.00e+00	6.48e-05	6.35e-13	7.52e-13
 1.95458e+23	7.39e-05	3.31e-02	5.21e-01	3.98e-01	4.41e-02	3.01e-03	1.66e-04	2.11e-07	0.00e+00	7.39e-05	7.43e-13	8.80e-13
 1.97071e+23	8.61e-05	3.64e-02	5.37e-01	3.83e-01	4.05e-02	2.63e-03	1.40e-04	1.65e-07	0.00e+00	8.61e-05	8.96e-13	1.06e-12
 1.98743e+23	9.82e-05	3.94e-02	5.50e-01	3.70e-01	3.75e-02	2.34e-03	1.20e-04	1.33e-07	0.00e+00	9.82e-05	1.05e-12	1.25e-12
 2.00262e+23	1.11e-04	4.26e-02	5.63e-01	3.57e-01	3.48e-02	2.08e-03	1.03e-04	0.00e+00	0.00e+00	1.11e-04	1.23e-12	1.46e-12
 2.02004e+23	1.31e-04	4.70e-02	5.79e-01	3.41e-01	3.15e-02	1.79e-03	8.47e-05	0.00e+00	0.00e+00	1.31e-04	1.50e-12	1.78e-12
 2.03767e+23	1.49e-04	5.09e-02	5.91e-01	3.27e-01	2.90e-02	1.58e-03	7.21e-05	0.00e+00	0.00e+00	1.49e-04	1.76e-12	2.09e-12
 2.05556e+23	1.75e-04	5.62e-02	6.06e-01	3.10e-01	2.61e-02	1.34e-03	5.87e-05	0.00e+00	0.00e+00	1.75e-04	2.16e-12	2.56e-12
 2.07363e+23	2.00e-04	6.09e-02	6.18e-01	2.96e-01	2.39e-02	1.17e-03	4.95e-05	0.00e+00	0.00e+00	2.00e-04	2.55e-12	3.01e-12
 2.09192e+23	2.35e-04	6.71e-02	6.31e-01	2.79e-01	2.14e-02	9.96e-04	4.02e-05	0.00e+00	0.00e+00	2.35e-04	3.12e-12	3.69e-12
 2.11064e+23	2.69e-04	7.29e-02	6.42e-01	2.65e-01	1.94e-02	8.60e-04	3.34e-05	0.00e+00	0.00e+00	2.69e-04	3.70e-12	4.38e-12
 2.12722e+23	3.07e-04	7.88e-02	6.51e-01	2.51e-01	1.76e-02	7.46e-04	2.79e-05	0.00e+00	0.00e+00	3.07e-04	4.37e-12	5.17e-12
 2.14611e+23	3.60e-04	8.67e-02	6.62e-01	2.35e-01	1.57e-02	6.25e-04	2.24e-05	0.00e+00	0.00e+00	3.60e-04	5.36e-12	6.33e-12
 2.16571e+23	4.15e-04	9.43e-02	6.71e-01	2.20e-01	1.40e-02	5.32e-04	1.83e-05	0.00e+00	0.00e+00	4.15e-04	6.41e-12	7.58e-12
 2.18339e+23	4.73e-04	1.02e-01	6.78e-01	2.07e-01	1.26e-02	4.55e-04	1.50e-05	0.00e+00	0.00e+00	4.73e-04	7.60e-12	8.98e-12
 2.20352e+23	5.60e-04	1.13e-01	6.85e-01	1.90e-01	1.10e-02	3.71e-04	1.17e-05	0.00e+00	0.00e+00	5.60e-04	9.45e-12	1.12e-11
 2.22423e+23	6.43e-04	1.22e-01	6.90e-01	1.77e-01	9.76e-03	3.13e-04	9.46e-06	0.00e+00	0.00e+00	6.43e-04	1.13e-11	1.33e-11
 2.24571e+23	7.66e-04	1.35e-01	6.95e-01	1.61e-01	8.38e-03	2.50e-04	7.20e-06	0.00e+00	0.00e+00	7.66e-04	1.42e-11	1.67e-11
 2.26746e+23	8.78e-04	1.46e-01	6.97e-01	1.48e-01	7.38e-03	2.08e-04	5.75e-06	0.00e+00	0.00e+00	8.78e-04	1.70e-11	2.00e-11
 2.28960e+23	1.04e-03	1.61e-01	6.97e-01	1.34e-01	6.30e-03	1.65e-04	4.35e-06	0.00e+00	0.00e+00	1.04e-03	2.12e-11	2.50e-11
 2.31226e+23	1.20e-03	1.75e-01	6.96e-01	1.22e-01	5.48e-03	1.35e-04	3.41e-06	0.00e+00	0.00e+00	1.20e-03	2.56e-11	3.02e-11
 2.33250e+23	1.38e-03	1.89e-01	6.94e-01	1.11e-01	4.77e-03	1.11e-04	2.68e-06	0.00e+00	0.00e+00	1.38e-03	3.07e-11	3.62e-11
 2.35571e+23	1.64e-03	2.08e-01	6.88e-01	9.82e-02	3.99e-03	8.54e-05	1.97e-06	0.00e+00	0.00e+00	1.64e-03	3.86e-11	4.55e-11
 2.37934e+23	1.87e-03	2.24e-01	6.82e-01	8.86e-02	3.44e-03	6.91e-05	1.53e-06	0.00e+00	0.00e+00	1.87e-03	4.61e-11	5.44e-11
 2.40352e+23	2.23e-03	2.47e-01	6.71e-01	7.72e-02	2.85e-03	5.24e-05	1.10e-06	0.00e+00	0.00e+00	2.23e-03	5.80e-11	6.85e-11
 2.42835e+23	2.56e-03	2.66e-01	6.61e-01	6.87e-02	2.42e-03	4.15e-05	8.39e-07	0.00e+00	0.00e+00	2.56e-03	6.98e-11	8.25e-11
 2.45404e+23	3.06e-03	2.93e-01	6.44e-01	5.86e-02	1.96e-03	3.05e-05	5.88e-07	0.00e+00	0.00e+00	3.06e-03	8.89e-11	1.05e-10
 2.48024e+23	3.51e-03	3.14e-01	6.29e-01	5.15e-02	1.65e-03	2.38e-05	4.41e-07	0.00e+00	0.00e+00	3.51e-03	1.07e-10	1.26e-10
 2.50711e+23	4.20e-03	3.44e-01	6.07e-01	4.31e-02	1.32e-03	1.70e-05	3.02e-07	0.00e+00	0.00e+00	4.20e-03	1.37e-10	1.62e-10
 2.53495e+23	4.82e-03	3.69e-01	5.88e-01	3.71e-02	1.09e-03	1.29e-05	2.21e-07	0.00e+00	0.00e+00	4.82e-03	1.66e-10	1.96e-10
 2.56404e+23	5.81e-03	4.05e-01	5.58e-01	3.01e-02	8.48e-04	8.87e-06	1.45e-07	0.00e+00	0.00e+00	5.81e-03	2.14e-10	2.54e-10
 2.59425e+23	6.68e-03	4.33e-01	5.34e-01	2.53e-02	6.90e-04	6.52e-06	0.00e+00	0.00e+00	0.00e+00	6.68e-03	2.62e-10	3.10e-10
 2.62591e+23	8.11e-03	4.74e-01	4.98e-01	1.98e-02	5.20e-04	4.25e-06	0.00e+00	0.00e+00	0.00e+00	8.11e-03	3.43e-10	4.06e-10
 2.65916e+23	9.43e-03	5.07e-01	4.67e-01	1.59e-02	4.10e-04	2.95e-06	0.00e+00	0.00e+00	0.00e+00	9.43e-03	4.26e-10	5.05e-10
 2.69353e+23	1.14e-02	5.50e-01	4.26e-01	1.20e-02	3.03e-04	1.84e-06	0.00e+00	0.00e+00	0.00e+00	1.14e-02	5.59e-10	6.63e-10
 2.72904e+23	1.33e-02	5.86e-01	3.91e-01	9.35e-03	2.33e-04	1.22e-06	0.00e+00	0.00e+00	0.00e+00	1.33e-02	7.00e-10	8.31e-10
 2.75777e+23	1.48e-02	6.11e-01	3.66e-01	7.71e-03	1.92e-04	8.91e-07	0.00e+00	0.00e+00	0.00e+00	1.48e-02	8.23e-10	9.78e-10
 2.78579e+23	1.72e-02	6.46e-01	3.31e-01	5.90e-03	1.48e-04	5.83e-07	0.00e+00	0.00e+00	0.00e+00	1.72e-02	1.02e-09	1.22e-09
 2.81469e+23	1.93e-02	6.72e-01	3.04e-01	4.71e-03	1.19e-04	4.09e-07	0.00e+00	0.00e+00	0.00e+00	1.93e-02	1.21e-09	1.44e-09
 2.84325e+23	2.23e-02	7.03e-01	2.71e-01	3.55e-03	9.16e-05	2.64e-07	0.00e+00	0.00e+00	0.00e+00	2.23e-02	1.49e-09	1.78e-09
 2.87306e+23	2.53e-02	7.30e-01	2.42e-01	2.70e-03	7.14e-05	1.74e-07	0.00e+00	0.00e+00	0.00e+00	2.53e-02	1.80e-09	2.15e-09
 2.90287e+23	2.91e-02	7.57e-01	2.12e-01	1.98e-03	5.43e-05	0.00e+00	0.00e+00	0.00e+00	0.00e+00	2.91e-02	2.21e-09	2.63e-09
 2.93025e+23	3.24e-02	7.77e-01	1.89e-01	1.54e-03	4.36e-05	0.00e+00	0.00e+00	0.00e+00	0.00e+00	3.24e-02	2.58e-09	3.07e-09
 2.95414e+23	3.61e-02	7.95e-01	1.68e-01	1.18e-03	3.48e-05	0.00e+00	0.00e+00	0.00e+00	0.00e+00	3.61e-02	3.02e-09	3.58e-09
 2.98152e+23	4.17e-02	8.16e-01	1.42e-01	8.26e-04	2.59e-05	0.00e+00	0.00e+00	0.00e+00	0.00e+00	4.17e-02	3.71e-09	4.37e-09
 3.00940e+23	4.73e-02	8.31e-01	1.21e-01	6.00e-04	1.99e-05	0.00e+00	0.00e+00	0.00e+00	0.00e+00	4.73e-02	4.40e-09	5.16e-09
 3.03374e+23	5.34e-02	8.43e-01	1.03e-01	4.36e-04	1.53e-05	0.00e+00	0.00e+00	0.00e+00	0.00e+00	5.34e-02	5.22e-09	6.09e-09
 3.06107e+23	6.27e-02	8.54e-01	8.29e-02	2.86e-04	1.09e-05	0.00e+00	0.00e+00	0.00e+00	0.00e+00	6.27e-02	6.50e-09	7.56e-09
 3.08109e+23	6.83e-02	8.59e-01	7.28e-02	2.30e-04	9.12e-06	0.00e+00	0.00e+00	0.00e+00	0.00e+00	6.83e-02	7.18e-09	8.33e-09
