#depth	He	He+	He+2
 1.54284e+22	4.63e-08	2.24e-03	9.98e-01
 3.45598e+22	8.89e-08	3.19e-03	9.97e-01
 4.01145e+22	1.23e-07	3.76e-03	9.96e-01
 4.28918e+22	1.45e-07	4.08e-03	9.96e-01
 4.42465e+22	1.56e-07	4.23e-03	9.96e-01
 4.52332e+22	1.72e-07	4.44e-03	9.96e-01
 4.62745e+22	1.86e-07	4.62e-03	9.95e-01
 4.73867e+22	2.07e-07	4.87e-03	9.95e-01
 4.85214e+22	2.26e-07	5.08e-03	9.95e-01
 4.95277e+22	2.45e-07	5.30e-03	9.95e-01
 5.06784e+22	2.74e-07	5.59e-03	9.94e-01
 5.18515e+22	2.99e-07	5.84e-03	9.94e-01
 5.30539e+22	3.33e-07	6.16e-03	9.94e-01
 5.43076e+22	3.66e-07	6.46e-03	9.94e-01
 5.54497e+22	4.03e-07	6.77e-03	9.93e-01
 5.67560e+22	4.52e-07	7.17e-03	9.93e-01
 5.80886e+22	4.99e-07	7.52e-03	9.92e-01
 5.94553e+22	5.64e-07	7.99e-03	9.92e-01
 6.08301e+22	6.19e-07	8.37e-03	9.92e-01
 6.22154e+22	7.03e-07	8.91e-03	9.91e-01
 6.36146e+22	7.71e-07	9.33e-03	9.91e-01
 6.48397e+22	8.48e-07	9.77e-03	9.90e-01
 6.62403e+22	9.61e-07	1.04e-02	9.90e-01
 6.76448e+22	1.05e-06	1.09e-02	9.89e-01
 6.90542e+22	1.19e-06	1.16e-02	9.88e-01
 7.03946e+22	1.30e-06	1.21e-02	9.88e-01
 7.16451e+22	1.44e-06	1.27e-02	9.87e-01
 7.29327e+22	1.57e-06	1.33e-02	9.87e-01
 7.42683e+22	1.76e-06	1.40e-02	9.86e-01
 7.56206e+22	1.93e-06	1.47e-02	9.85e-01
 7.69948e+22	2.16e-06	1.55e-02	9.84e-01
 7.84155e+22	2.39e-06	1.63e-02	9.84e-01
 7.96792e+22	2.62e-06	1.71e-02	9.83e-01
 8.11047e+22	2.93e-06	1.80e-02	9.82e-01
 8.25803e+22	3.25e-06	1.90e-02	9.81e-01
 8.38977e+22	3.58e-06	1.99e-02	9.80e-01
 8.53868e+22	4.03e-06	2.11e-02	9.79e-01
 8.69303e+22	4.48e-06	2.22e-02	9.78e-01
 8.83134e+22	4.95e-06	2.34e-02	9.77e-01
 8.98800e+22	5.62e-06	2.49e-02	9.75e-01
 9.14997e+22	6.26e-06	2.62e-02	9.74e-01
 9.31884e+22	7.17e-06	2.80e-02	9.72e-01
 9.48941e+22	8.01e-06	2.96e-02	9.70e-01
 9.63910e+22	8.92e-06	3.12e-02	9.69e-01
 9.81056e+22	1.02e-05	3.34e-02	9.67e-01
 9.98438e+22	1.15e-05	3.53e-02	9.65e-01
 1.01613e+23	1.32e-05	3.78e-02	9.62e-01
 1.03409e+23	1.48e-05	4.00e-02	9.60e-01
 1.05002e+23	1.66e-05	4.23e-02	9.58e-01
 1.06834e+23	1.92e-05	4.54e-02	9.55e-01
 1.08689e+23	2.16e-05	4.80e-02	9.52e-01
 1.10575e+23	2.50e-05	5.17e-02	9.48e-01
 1.12486e+23	2.82e-05	5.47e-02	9.45e-01
 1.14429e+23	3.29e-05	5.90e-02	9.41e-01
 1.16336e+23	3.68e-05	6.23e-02	9.38e-01
 1.18196e+23	4.26e-05	6.68e-02	9.33e-01
 1.19991e+23	4.72e-05	7.02e-02	9.30e-01
 1.21704e+23	5.38e-05	7.48e-02	9.25e-01
 1.23420e+23	5.96e-05	7.85e-02	9.21e-01
 1.25139e+23	6.80e-05	8.36e-02	9.16e-01
 1.26899e+23	7.58e-05	8.80e-02	9.12e-01
 1.28712e+23	8.67e-05	9.39e-02	9.06e-01
 1.30546e+23	9.68e-05	9.89e-02	9.01e-01
 1.32407e+23	1.11e-04	1.06e-01	8.94e-01
 1.34269e+23	1.24e-04	1.11e-01	8.89e-01
 1.35842e+23	1.37e-04	1.16e-01	8.83e-01
 1.37303e+23	1.50e-04	1.22e-01	8.78e-01
 1.38906e+23	1.68e-04	1.28e-01	8.72e-01
 1.40532e+23	1.85e-04	1.34e-01	8.66e-01
 1.41953e+23	2.02e-04	1.40e-01	8.60e-01
 1.43565e+23	2.26e-04	1.47e-01	8.53e-01
 1.45208e+23	2.48e-04	1.54e-01	8.46e-01
 1.46664e+23	2.72e-04	1.60e-01	8.40e-01
 1.48329e+23	3.04e-04	1.69e-01	8.31e-01
 1.50019e+23	3.34e-04	1.76e-01	8.24e-01
 1.51505e+23	3.66e-04	1.83e-01	8.16e-01
 1.52962e+23	3.99e-04	1.91e-01	8.09e-01
 1.54615e+23	4.45e-04	2.00e-01	7.99e-01
 1.56329e+23	4.89e-04	2.09e-01	7.91e-01
 1.57880e+23	5.36e-04	2.17e-01	7.82e-01
 1.59656e+23	6.02e-04	2.29e-01	7.71e-01
 1.61460e+23	6.62e-04	2.38e-01	7.61e-01
 1.63300e+23	7.44e-04	2.51e-01	7.49e-01
 1.65170e+23	8.20e-04	2.61e-01	7.38e-01
 1.67077e+23	9.23e-04	2.75e-01	7.24e-01
 1.69025e+23	1.02e-03	2.87e-01	7.12e-01
 1.70757e+23	1.12e-03	2.98e-01	7.01e-01
 1.72741e+23	1.26e-03	3.13e-01	6.85e-01
 1.74774e+23	1.40e-03	3.27e-01	6.72e-01
 1.76330e+23	1.50e-03	3.36e-01	6.62e-01
 1.77812e+23	1.64e-03	3.49e-01	6.50e-01
 1.79325e+23	1.75e-03	3.58e-01	6.40e-01
 1.80879e+23	1.92e-03	3.72e-01	6.26e-01
 1.82448e+23	2.06e-03	3.83e-01	6.15e-01
 1.84036e+23	2.26e-03	3.96e-01	6.01e-01
 1.85651e+23	2.43e-03	4.08e-01	5.89e-01
 1.87300e+23	2.67e-03	4.23e-01	5.74e-01
 1.88972e+23	2.87e-03	4.35e-01	5.62e-01
 1.90675e+23	3.15e-03	4.51e-01	5.45e-01
 1.92406e+23	3.41e-03	4.65e-01	5.32e-01
 1.94173e+23	3.74e-03	4.82e-01	5.15e-01
 1.95991e+23	4.06e-03	4.97e-01	4.99e-01
 1.97872e+23	4.48e-03	5.15e-01	4.80e-01
 1.99785e+23	4.88e-03	5.32e-01	4.64e-01
 2.01739e+23	5.40e-03	5.51e-01	4.43e-01
 2.03699e+23	5.87e-03	5.68e-01	4.26e-01
 2.05666e+23	6.51e-03	5.89e-01	4.05e-01
 2.07630e+23	7.07e-03	6.06e-01	3.87e-01
 2.09591e+23	7.84e-03	6.27e-01	3.65e-01
 2.11561e+23	8.52e-03	6.45e-01	3.46e-01
 2.13542e+23	9.48e-03	6.67e-01	3.24e-01
 2.15524e+23	1.03e-02	6.85e-01	3.05e-01
 2.17506e+23	1.15e-02	7.06e-01	2.82e-01
 2.19480e+23	1.25e-02	7.24e-01	2.64e-01
 2.21443e+23	1.39e-02	7.44e-01	2.42e-01
 2.23412e+23	1.52e-02	7.62e-01	2.23e-01
 2.25388e+23	1.70e-02	7.81e-01	2.02e-01
 2.27369e+23	1.86e-02	7.97e-01	1.84e-01
 2.29355e+23	2.08e-02	8.15e-01	1.65e-01
 2.31355e+23	2.29e-02	8.29e-01	1.48e-01
 2.33105e+23	2.52e-02	8.41e-01	1.33e-01
 2.35114e+23	2.83e-02	8.55e-01	1.17e-01
 2.37141e+23	3.14e-02	8.65e-01	1.03e-01
 2.38672e+23	3.40e-02	8.72e-01	9.39e-02
 2.40144e+23	3.73e-02	8.78e-01	8.45e-02
 2.41725e+23	4.09e-02	8.83e-01	7.60e-02
 2.43190e+23	4.48e-02	8.87e-01	6.86e-02
 2.44604e+23	4.93e-02	8.89e-01	6.20e-02
 2.45956e+23	5.41e-02	8.89e-01	5.64e-02
 2.47219e+23	5.95e-02	8.89e-01	5.16e-02
 2.48385e+23	6.53e-02	8.87e-01	4.77e-02
 2.49463e+23	7.17e-02	8.84e-01	4.43e-02
 2.50455e+23	7.86e-02	8.80e-01	4.15e-02
 2.51358e+23	8.61e-02	8.75e-01	3.92e-02
 2.52168e+23	9.39e-02	8.69e-01	3.73e-02
 2.52879e+23	1.02e-01	8.62e-01	3.59e-02
 2.53528e+23	1.11e-01	8.55e-01	3.46e-02
 2.54124e+23	1.19e-01	8.47e-01	3.37e-02
 2.54675e+23	1.29e-01	8.38e-01	3.30e-02
 2.55190e+23	1.39e-01	8.29e-01	3.23e-02
 2.55660e+23	1.49e-01	8.19e-01	3.20e-02
 2.56092e+23	1.59e-01	8.09e-01	3.18e-02
 2.56480e+23	1.69e-01	7.99e-01	3.17e-02
 2.56814e+23	1.78e-01	7.90e-01	3.17e-02
 2.57069e+23	1.85e-01	7.83e-01	3.19e-02
 2.57262e+23	1.91e-01	7.77e-01	3.19e-02
 2.57462e+23	1.98e-01	7.70e-01	3.19e-02
 2.57691e+23	2.06e-01	7.62e-01	3.19e-02
 2.57942e+23	2.15e-01	7.53e-01	3.20e-02
 2.58196e+23	2.24e-01	7.43e-01	3.21e-02
 2.58431e+23	2.33e-01	7.34e-01	3.23e-02
 2.58611e+23	2.40e-01	7.28e-01	3.25e-02
 2.58736e+23	2.45e-01	7.23e-01	3.26e-02
 2.58861e+23	2.50e-01	7.17e-01	3.26e-02
 2.59009e+23	2.57e-01	7.11e-01	3.26e-02
 2.59171e+23	2.64e-01	7.03e-01	3.25e-02
 2.59328e+23	2.71e-01	6.96e-01	3.26e-02
 2.59482e+23	2.79e-01	6.89e-01	3.26e-02
 2.59642e+23	2.87e-01	6.81e-01	3.25e-02
 2.59805e+23	2.95e-01	6.73e-01	3.25e-02
 2.59971e+23	3.03e-01	6.65e-01	3.24e-02
 2.60144e+23	3.12e-01	6.56e-01	3.23e-02
 2.60321e+23	3.21e-01	6.47e-01	3.22e-02
 2.60503e+23	3.31e-01	6.37e-01	3.20e-02
 2.60687e+23	3.41e-01	6.27e-01	3.18e-02
 2.60876e+23	3.52e-01	6.17e-01	3.16e-02
 2.61072e+23	3.63e-01	6.06e-01	3.13e-02
 2.61275e+23	3.75e-01	5.94e-01	3.10e-02
 2.61482e+23	3.87e-01	5.83e-01	3.07e-02
 2.61694e+23	3.99e-01	5.70e-01	3.03e-02
 2.61915e+23	4.12e-01	5.58e-01	2.99e-02
 2.62143e+23	4.26e-01	5.44e-01	2.94e-02
 2.62377e+23	4.40e-01	5.31e-01	2.89e-02
 2.62617e+23	4.54e-01	5.17e-01	2.84e-02
 2.62868e+23	4.69e-01	5.03e-01	2.78e-02
 2.63129e+23	4.85e-01	4.88e-01	2.71e-02
 2.63398e+23	5.01e-01	4.73e-01	2.64e-02
 2.63677e+23	5.17e-01	4.57e-01	2.57e-02
 2.63965e+23	5.33e-01	4.42e-01	2.49e-02
 2.64261e+23	5.50e-01	4.26e-01	2.41e-02
 2.64564e+23	5.66e-01	4.11e-01	2.33e-02
 2.64875e+23	5.82e-01	3.95e-01	2.24e-02
 2.65200e+23	5.99e-01	3.80e-01	2.15e-02
 2.65539e+23	6.15e-01	3.64e-01	2.05e-02
 2.65886e+23	6.31e-01	3.50e-01	1.96e-02
 2.66244e+23	6.46e-01	3.35e-01	1.86e-02
 2.66621e+23	6.62e-01	3.21e-01	1.77e-02
 2.67018e+23	6.76e-01	3.07e-01	1.68e-02
 2.67432e+23	6.90e-01	2.94e-01	1.58e-02
 2.67864e+23	7.04e-01	2.81e-01	1.49e-02
 2.68323e+23	7.18e-01	2.69e-01	1.39e-02
 2.68810e+23	7.30e-01	2.57e-01	1.30e-02
 2.69320e+23	7.43e-01	2.45e-01	1.21e-02
 2.69830e+23	7.54e-01	2.35e-01	1.13e-02
 2.70321e+23	7.64e-01	2.26e-01	1.05e-02
 2.70800e+23	7.72e-01	2.18e-01	9.86e-03
 2.71267e+23	7.80e-01	2.10e-01	9.25e-03
 2.71724e+23	7.88e-01	2.04e-01	8.69e-03
 2.72167e+23	7.94e-01	1.97e-01	8.19e-03
 2.72591e+23	8.01e-01	1.92e-01	7.73e-03
 2.72985e+23	8.06e-01	1.87e-01	7.33e-03
 2.73367e+23	8.11e-01	1.82e-01	6.94e-03
 2.73750e+23	8.16e-01	1.77e-01	6.59e-03
 2.74121e+23	8.21e-01	1.73e-01	6.27e-03
 2.74478e+23	8.25e-01	1.69e-01	5.96e-03
 2.74822e+23	8.29e-01	1.65e-01	5.68e-03
 2.75156e+23	8.33e-01	1.61e-01	5.42e-03
 2.75478e+23	8.37e-01	1.58e-01	5.18e-03
 2.75789e+23	8.40e-01	1.55e-01	4.95e-03
 2.76089e+23	8.44e-01	1.51e-01	4.74e-03
 2.76378e+23	8.47e-01	1.48e-01	4.54e-03
 2.76657e+23	8.50e-01	1.46e-01	4.36e-03
 2.76927e+23	8.53e-01	1.43e-01	4.18e-03
 2.77183e+23	8.56e-01	1.40e-01	4.02e-03
 2.77434e+23	8.59e-01	1.38e-01	3.86e-03
 2.77677e+23	8.61e-01	1.35e-01	3.72e-03
 2.77899e+23	8.64e-01	1.33e-01	3.59e-03
 2.78101e+23	8.66e-01	1.31e-01	3.47e-03
 2.78285e+23	8.68e-01	1.29e-01	3.37e-03
 2.78452e+23	8.70e-01	1.27e-01	3.27e-03
 2.78604e+23	8.71e-01	1.26e-01	3.18e-03
 2.78743e+23	8.73e-01	1.24e-01	3.11e-03
 2.78869e+23	8.74e-01	1.23e-01	3.03e-03
 2.78983e+23	8.75e-01	1.22e-01	2.98e-03
 2.79109e+23	8.77e-01	1.20e-01	2.90e-03
 2.79272e+23	8.79e-01	1.19e-01	2.82e-03
 2.79448e+23	8.80e-01	1.17e-01	2.76e-03
 2.79609e+23	8.82e-01	1.16e-01	2.68e-03
 2.79755e+23	8.83e-01	1.14e-01	2.62e-03
 2.79888e+23	8.84e-01	1.13e-01	2.55e-03
 2.80009e+23	8.86e-01	1.12e-01	2.50e-03
 2.80119e+23	8.87e-01	1.11e-01	2.44e-03
 2.80219e+23	8.88e-01	1.10e-01	2.41e-03
 2.80328e+23	8.89e-01	1.09e-01	2.36e-03
 2.80471e+23	8.90e-01	1.08e-01	2.30e-03
 2.80625e+23	8.91e-01	1.07e-01	2.26e-03
 2.80765e+23	8.92e-01	1.06e-01	2.21e-03
 2.80919e+23	8.94e-01	1.04e-01	2.15e-03
 2.81084e+23	8.95e-01	1.03e-01	2.10e-03
 2.81235e+23	8.96e-01	1.02e-01	2.05e-03
 2.81372e+23	8.97e-01	1.01e-01	2.01e-03
 2.81523e+23	8.99e-01	9.95e-02	1.96e-03
 2.81685e+23	9.00e-01	9.83e-02	1.91e-03
 2.81833e+23	9.01e-01	9.71e-02	1.86e-03
 2.81967e+23	9.02e-01	9.63e-02	1.83e-03
 2.82115e+23	9.03e-01	9.50e-02	1.78e-03
 2.82274e+23	9.04e-01	9.40e-02	1.74e-03
 2.82448e+23	9.06e-01	9.26e-02	1.69e-03
 2.82636e+23	9.07e-01	9.14e-02	1.64e-03
 2.82808e+23	9.08e-01	9.01e-02	1.60e-03
 2.82963e+23	9.09e-01	8.90e-02	1.56e-03
 2.83105e+23	9.11e-01	8.80e-02	1.52e-03
 2.83234e+23	9.12e-01	8.69e-02	1.48e-03
 2.83352e+23	9.12e-01	8.62e-02	1.46e-03
 2.83480e+23	9.14e-01	8.50e-02	1.42e-03
 2.83619e+23	9.15e-01	8.41e-02	1.39e-03
 2.83746e+23	9.15e-01	8.33e-02	1.36e-03
 2.83884e+23	9.16e-01	8.22e-02	1.32e-03
 2.84034e+23	9.17e-01	8.14e-02	1.30e-03
 2.84170e+23	9.18e-01	8.05e-02	1.27e-03
 2.84294e+23	9.19e-01	7.98e-02	1.25e-03
 2.84429e+23	9.20e-01	7.88e-02	1.21e-03
 2.84576e+23	9.21e-01	7.80e-02	1.19e-03
 2.84737e+23	9.22e-01	7.69e-02	1.16e-03
 2.84910e+23	9.23e-01	7.60e-02	1.13e-03
 2.85068e+23	9.24e-01	7.51e-02	1.10e-03
 2.85211e+23	9.25e-01	7.42e-02	1.08e-03
 2.85342e+23	9.25e-01	7.36e-02	1.06e-03
 2.85485e+23	9.26e-01	7.27e-02	1.03e-03
 2.85671e+23	9.27e-01	7.17e-02	1.00e-03
 2.85872e+23	9.28e-01	7.09e-02	9.80e-04
 2.86054e+23	9.29e-01	6.99e-02	9.54e-04
 2.86221e+23	9.30e-01	6.93e-02	9.38e-04
 2.86372e+23	9.31e-01	6.84e-02	9.11e-04
 2.86538e+23	9.32e-01	6.74e-02	8.85e-04
 2.86754e+23	9.33e-01	6.63e-02	8.57e-04
 2.86986e+23	9.34e-01	6.54e-02	8.34e-04
 2.87198e+23	9.35e-01	6.44e-02	8.09e-04
 2.87391e+23	9.36e-01	6.35e-02	7.85e-04
 2.87566e+23	9.36e-01	6.28e-02	7.69e-04
 2.87759e+23	9.38e-01	6.17e-02	7.41e-04
 2.87966e+23	9.38e-01	6.10e-02	7.25e-04
 2.88155e+23	9.39e-01	6.02e-02	7.05e-04
 2.88327e+23	9.40e-01	5.95e-02	6.90e-04
 2.88515e+23	9.41e-01	5.86e-02	6.67e-04
 2.88718e+23	9.42e-01	5.78e-02	6.50e-04
 2.88903e+23	9.42e-01	5.72e-02	6.37e-04
 2.89106e+23	9.43e-01	5.63e-02	6.16e-04
 2.89325e+23	9.44e-01	5.55e-02	6.00e-04
 2.89524e+23	9.45e-01	5.49e-02	5.85e-04
 2.89742e+23	9.46e-01	5.39e-02	5.64e-04
 2.89978e+23	9.46e-01	5.31e-02	5.49e-04
 2.90192e+23	9.47e-01	5.25e-02	5.35e-04
 2.90427e+23	9.48e-01	5.15e-02	5.15e-04
 2.90681e+23	9.49e-01	5.08e-02	5.01e-04
 2.90912e+23	9.50e-01	5.00e-02	4.85e-04
 2.91122e+23	9.50e-01	4.92e-02	4.71e-04
 2.91313e+23	9.51e-01	4.87e-02	4.61e-04
 2.91522e+23	9.52e-01	4.79e-02	4.46e-04
 2.91748e+23	9.52e-01	4.73e-02	4.34e-04
 2.91954e+23	9.53e-01	4.67e-02	4.24e-04
 2.92180e+23	9.54e-01	4.59e-02	4.09e-04
 2.92423e+23	9.54e-01	4.55e-02	4.02e-04
 2.92645e+23	9.55e-01	4.47e-02	3.89e-04
 2.92887e+23	9.56e-01	4.39e-02	3.75e-04
 2.93149e+23	9.56e-01	4.33e-02	3.65e-04
 2.93388e+23	9.57e-01	4.26e-02	3.53e-04
 2.93605e+23	9.58e-01	4.21e-02	3.45e-04
 2.93843e+23	9.58e-01	4.14e-02	3.33e-04
 2.94099e+23	9.59e-01	4.10e-02	3.26e-04
 2.94333e+23	9.59e-01	4.03e-02	3.15e-04
 2.94589e+23	9.60e-01	3.96e-02	3.04e-04
 2.94865e+23	9.61e-01	3.90e-02	2.96e-04
 2.95117e+23	9.61e-01	3.84e-02	2.87e-04
 2.95392e+23	9.62e-01	3.77e-02	2.76e-04
 2.95690e+23	9.63e-01	3.71e-02	2.67e-04
 2.95960e+23	9.63e-01	3.65e-02	2.59e-04
 2.96257e+23	9.64e-01	3.58e-02	2.49e-04
 2.96577e+23	9.65e-01	3.52e-02	2.41e-04
 2.96869e+23	9.65e-01	3.46e-02	2.33e-04
 2.97188e+23	9.66e-01	3.39e-02	2.23e-04
 2.97533e+23	9.67e-01	3.33e-02	2.15e-04
 2.97847e+23	9.67e-01	3.27e-02	2.08e-04
 2.98191e+23	9.68e-01	3.20e-02	1.99e-04
 2.98562e+23	9.68e-01	3.13e-02	1.91e-04
 2.98899e+23	9.69e-01	3.08e-02	1.85e-04
 2.99270e+23	9.70e-01	3.01e-02	1.76e-04
 2.99669e+23	9.70e-01	2.94e-02	1.69e-04
 3.00033e+23	9.71e-01	2.89e-02	1.63e-04
 3.00431e+23	9.72e-01	2.82e-02	1.55e-04
 3.00861e+23	9.72e-01	2.76e-02	1.48e-04
 3.01253e+23	9.73e-01	2.70e-02	1.42e-04
 3.01609e+23	9.73e-01	2.65e-02	1.37e-04
 3.01999e+23	9.74e-01	2.59e-02	1.30e-04
 3.02421e+23	9.75e-01	2.53e-02	1.25e-04
 3.02804e+23	9.75e-01	2.48e-02	1.20e-04
 3.03224e+23	9.76e-01	2.42e-02	1.14e-04
 3.03678e+23	9.76e-01	2.37e-02	1.09e-04
 3.04091e+23	9.77e-01	2.32e-02	1.05e-04
 3.04466e+23	9.77e-01	2.28e-02	1.01e-04
 3.04878e+23	9.78e-01	2.22e-02	9.63e-05
 3.05322e+23	9.78e-01	2.17e-02	9.21e-05
 3.05727e+23	9.79e-01	2.13e-02	8.83e-05
 3.06170e+23	9.79e-01	2.08e-02	8.42e-05
 3.06648e+23	9.80e-01	2.03e-02	8.03e-05
 3.07084e+23	9.80e-01	1.98e-02	7.68e-05
 3.07561e+23	9.81e-01	1.93e-02	7.30e-05
 3.08177e+23	9.81e-01	1.87e-02	6.80e-05
 3.08546e+23	9.81e-01	1.86e-02	6.75e-05
