#depth	O	O+	O+2	O+3	O+4	O+5	O+6	O+7	O+8	O[1]	O[2]	O[3]
 1.54284e+22	1.35e-12	2.71e-08	2.75e-05	2.34e-03	2.78e-02	7.51e-02	5.89e-01	2.75e-01	3.06e-02	1.35e-12	2.75e-21	3.44e-21
 3.45598e+22	2.38e-12	5.13e-08	5.60e-05	4.70e-03	4.68e-02	1.12e-01	6.17e-01	2.03e-01	1.61e-02	2.38e-12	4.79e-21	5.97e-21
 4.01145e+22	3.20e-12	7.14e-08	7.93e-05	6.50e-03	5.84e-02	1.32e-01	6.18e-01	1.73e-01	1.16e-02	3.20e-12	6.51e-21	8.11e-21
 4.28918e+22	3.74e-12	8.48e-08	9.47e-05	7.62e-03	6.49e-02	1.42e-01	6.16e-01	1.59e-01	9.89e-03	3.74e-12	7.63e-21	9.50e-21
 4.42465e+22	4.03e-12	9.21e-08	1.03e-04	8.19e-03	6.81e-02	1.47e-01	6.14e-01	1.53e-01	9.16e-03	4.03e-12	8.23e-21	1.02e-20
 4.52332e+22	4.44e-12	1.02e-07	1.14e-04	8.99e-03	7.23e-02	1.54e-01	6.11e-01	1.45e-01	8.30e-03	4.44e-12	9.09e-21	1.13e-20
 4.62745e+22	4.84e-12	1.12e-07	1.26e-04	9.74e-03	7.61e-02	1.59e-01	6.08e-01	1.39e-01	7.62e-03	4.84e-12	9.93e-21	1.23e-20
 4.73867e+22	5.43e-12	1.27e-07	1.42e-04	1.08e-02	8.11e-02	1.66e-01	6.04e-01	1.31e-01	6.83e-03	5.43e-12	1.12e-20	1.39e-20
 4.85214e+22	5.97e-12	1.41e-07	1.56e-04	1.17e-02	8.55e-02	1.72e-01	6.00e-01	1.24e-01	6.22e-03	5.97e-12	1.23e-20	1.53e-20
 4.95277e+22	6.57e-12	1.56e-07	1.73e-04	1.27e-02	8.99e-02	1.78e-01	5.95e-01	1.18e-01	5.68e-03	6.57e-12	1.36e-20	1.69e-20
 5.06784e+22	7.43e-12	1.78e-07	1.96e-04	1.41e-02	9.57e-02	1.86e-01	5.88e-01	1.11e-01	5.04e-03	7.43e-12	1.54e-20	1.91e-20
 5.18515e+22	8.23e-12	1.99e-07	2.17e-04	1.53e-02	1.01e-01	1.92e-01	5.82e-01	1.05e-01	4.58e-03	8.23e-12	1.71e-20	2.12e-20
 5.30539e+22	9.55e-12	2.31e-07	2.48e-04	1.70e-02	1.07e-01	2.00e-01	5.74e-01	9.82e-02	4.06e-03	9.55e-12	1.99e-20	2.47e-20
 5.43076e+22	1.08e-11	2.63e-07	2.79e-04	1.87e-02	1.13e-01	2.06e-01	5.66e-01	9.23e-02	3.64e-03	1.08e-11	2.26e-20	2.80e-20
 5.54497e+22	1.21e-11	2.97e-07	3.12e-04	2.04e-02	1.19e-01	2.13e-01	5.57e-01	8.68e-02	3.27e-03	1.21e-11	2.55e-20	3.16e-20
 5.67560e+22	1.44e-11	3.52e-07	3.62e-04	2.28e-02	1.27e-01	2.21e-01	5.46e-01	8.03e-02	2.85e-03	1.44e-11	3.03e-20	3.75e-20
 5.80886e+22	1.65e-11	4.04e-07	4.08e-04	2.49e-02	1.34e-01	2.27e-01	5.36e-01	7.51e-02	2.54e-03	1.65e-11	3.48e-20	4.31e-20
 5.94553e+22	1.97e-11	4.83e-07	4.76e-04	2.80e-02	1.42e-01	2.35e-01	5.23e-01	6.89e-02	2.20e-03	1.97e-11	4.19e-20	5.19e-20
 6.08301e+22	2.30e-11	5.59e-07	5.38e-04	3.06e-02	1.50e-01	2.41e-01	5.12e-01	6.43e-02	1.96e-03	2.30e-11	4.90e-20	6.06e-20
 6.22154e+22	2.75e-11	6.70e-07	6.29e-04	3.42e-02	1.59e-01	2.49e-01	4.97e-01	5.86e-02	1.68e-03	2.75e-11	5.90e-20	7.30e-20
 6.36146e+22	3.25e-11	7.81e-07	7.12e-04	3.74e-02	1.67e-01	2.54e-01	4.85e-01	5.46e-02	1.49e-03	3.25e-11	6.99e-20	8.64e-20
 6.48397e+22	3.79e-11	9.04e-07	8.05e-04	4.08e-02	1.75e-01	2.60e-01	4.72e-01	5.07e-02	1.32e-03	3.79e-11	8.19e-20	1.01e-19
 6.62403e+22	4.61e-11	1.09e-06	9.41e-04	4.55e-02	1.85e-01	2.66e-01	4.55e-01	4.59e-02	1.12e-03	4.61e-11	1.00e-19	1.24e-19
 6.76448e+22	5.44e-11	1.27e-06	1.06e-03	4.95e-02	1.93e-01	2.71e-01	4.42e-01	4.25e-02	9.94e-04	5.44e-11	1.19e-19	1.47e-19
 6.90542e+22	6.72e-11	1.54e-06	1.24e-03	5.50e-02	2.03e-01	2.76e-01	4.25e-01	3.85e-02	8.47e-04	6.72e-11	1.48e-19	1.82e-19
 7.03946e+22	7.81e-11	1.77e-06	1.39e-03	5.92e-02	2.11e-01	2.79e-01	4.13e-01	3.58e-02	7.55e-04	7.81e-11	1.73e-19	2.13e-19
 7.16451e+22	9.45e-11	2.10e-06	1.59e-03	6.48e-02	2.20e-01	2.83e-01	3.97e-01	3.27e-02	6.53e-04	9.45e-11	2.10e-19	2.59e-19
 7.29327e+22	1.12e-10	2.44e-06	1.78e-03	7.00e-02	2.28e-01	2.85e-01	3.84e-01	3.02e-02	5.77e-04	1.12e-10	2.50e-19	3.08e-19
 7.42683e+22	1.37e-10	2.93e-06	2.05e-03	7.68e-02	2.38e-01	2.88e-01	3.67e-01	2.72e-02	4.92e-04	1.37e-10	3.09e-19	3.81e-19
 7.56206e+22	1.63e-10	3.40e-06	2.30e-03	8.28e-02	2.47e-01	2.90e-01	3.53e-01	2.50e-02	4.32e-04	1.63e-10	3.70e-19	4.55e-19
 7.69948e+22	2.02e-10	4.10e-06	2.66e-03	9.07e-02	2.57e-01	2.91e-01	3.36e-01	2.25e-02	3.66e-04	2.02e-10	4.63e-19	5.68e-19
 7.84155e+22	2.44e-10	4.83e-06	3.01e-03	9.82e-02	2.65e-01	2.92e-01	3.21e-01	2.04e-02	3.15e-04	2.44e-10	5.63e-19	6.91e-19
 7.96792e+22	2.93e-10	5.63e-06	3.38e-03	1.05e-01	2.73e-01	2.92e-01	3.07e-01	1.86e-02	2.75e-04	2.93e-10	6.79e-19	8.34e-19
 8.11047e+22	3.68e-10	6.81e-06	3.89e-03	1.15e-01	2.83e-01	2.91e-01	2.90e-01	1.65e-02	2.31e-04	3.68e-10	8.62e-19	1.06e-18
 8.25803e+22	4.50e-10	8.06e-06	4.41e-03	1.24e-01	2.92e-01	2.90e-01	2.74e-01	1.49e-02	1.97e-04	4.50e-10	1.06e-18	1.30e-18
 8.38977e+22	5.45e-10	9.44e-06	4.95e-03	1.33e-01	3.00e-01	2.88e-01	2.60e-01	1.34e-02	1.69e-04	5.45e-10	1.30e-18	1.59e-18
 8.53868e+22	6.95e-10	1.15e-05	5.72e-03	1.45e-01	3.09e-01	2.85e-01	2.43e-01	1.18e-02	1.40e-04	6.95e-10	1.67e-18	2.05e-18
 8.69303e+22	8.61e-10	1.37e-05	6.49e-03	1.56e-01	3.16e-01	2.82e-01	2.28e-01	1.05e-02	1.18e-04	8.61e-10	2.10e-18	2.56e-18
 8.83134e+22	1.05e-09	1.61e-05	7.29e-03	1.67e-01	3.23e-01	2.78e-01	2.15e-01	9.35e-03	9.98e-05	1.05e-09	2.59e-18	3.17e-18
 8.98800e+22	1.37e-09	1.97e-05	8.44e-03	1.82e-01	3.31e-01	2.72e-01	1.98e-01	8.07e-03	8.07e-05	1.37e-09	3.41e-18	4.16e-18
 9.14997e+22	1.71e-09	2.35e-05	9.55e-03	1.95e-01	3.37e-01	2.67e-01	1.84e-01	7.09e-03	6.70e-05	1.71e-09	4.32e-18	5.26e-18
 9.31884e+22	2.26e-09	2.92e-05	1.11e-02	2.12e-01	3.44e-01	2.59e-01	1.68e-01	6.01e-03	5.29e-05	2.26e-09	5.81e-18	7.08e-18
 9.48941e+22	2.85e-09	3.48e-05	1.26e-02	2.26e-01	3.49e-01	2.52e-01	1.55e-01	5.23e-03	4.35e-05	2.85e-09	7.41e-18	9.01e-18
 9.63910e+22	3.56e-09	4.13e-05	1.41e-02	2.41e-01	3.53e-01	2.45e-01	1.43e-01	4.56e-03	3.59e-05	3.56e-09	9.39e-18	1.14e-17
 9.81056e+22	4.74e-09	5.12e-05	1.64e-02	2.60e-01	3.57e-01	2.35e-01	1.28e-01	3.81e-03	2.79e-05	4.74e-09	1.28e-17	1.55e-17
 9.98438e+22	5.99e-09	6.10e-05	1.84e-02	2.76e-01	3.59e-01	2.27e-01	1.17e-01	3.28e-03	2.26e-05	5.99e-09	1.64e-17	1.99e-17
 1.01613e+23	8.01e-09	7.55e-05	2.13e-02	2.96e-01	3.60e-01	2.16e-01	1.05e-01	2.71e-03	1.73e-05	8.01e-09	2.24e-17	2.72e-17
 1.03409e+23	1.02e-08	9.01e-05	2.39e-02	3.13e-01	3.60e-01	2.06e-01	9.47e-02	2.30e-03	1.39e-05	1.02e-08	2.91e-17	3.52e-17
 1.05002e+23	1.29e-08	1.07e-04	2.67e-02	3.29e-01	3.59e-01	1.97e-01	8.57e-02	1.96e-03	1.11e-05	1.29e-08	3.75e-17	4.55e-17
 1.06834e+23	1.74e-08	1.33e-04	3.08e-02	3.51e-01	3.57e-01	1.85e-01	7.50e-02	1.58e-03	8.30e-06	1.74e-08	5.23e-17	6.33e-17
 1.08689e+23	2.22e-08	1.58e-04	3.44e-02	3.68e-01	3.54e-01	1.75e-01	6.72e-02	1.33e-03	6.55e-06	2.22e-08	6.81e-17	8.24e-17
 1.10575e+23	3.02e-08	1.96e-04	3.95e-02	3.90e-01	3.49e-01	1.62e-01	5.81e-02	1.06e-03	4.81e-06	3.02e-08	9.59e-17	1.16e-16
 1.12486e+23	3.85e-08	2.33e-04	4.40e-02	4.07e-01	3.44e-01	1.52e-01	5.16e-02	8.81e-04	3.75e-06	3.85e-08	1.26e-16	1.52e-16
 1.14429e+23	5.26e-08	2.90e-04	5.04e-02	4.29e-01	3.36e-01	1.40e-01	4.41e-02	6.91e-04	2.70e-06	5.26e-08	1.79e-16	2.16e-16
 1.16336e+23	6.61e-08	3.40e-04	5.56e-02	4.44e-01	3.29e-01	1.31e-01	3.91e-02	5.75e-04	2.11e-06	6.61e-08	2.32e-16	2.80e-16
 1.18196e+23	8.89e-08	4.16e-04	6.29e-02	4.63e-01	3.20e-01	1.19e-01	3.34e-02	4.52e-04	1.53e-06	8.89e-08	3.24e-16	3.91e-16
 1.19991e+23	1.09e-07	4.79e-04	6.85e-02	4.76e-01	3.13e-01	1.12e-01	2.98e-02	3.81e-04	1.22e-06	1.09e-07	4.08e-16	4.93e-16
 1.21704e+23	1.42e-07	5.74e-04	7.62e-02	4.92e-01	3.03e-01	1.02e-01	2.57e-02	3.03e-04	9.02e-07	1.42e-07	5.52e-16	6.66e-16
 1.23420e+23	1.74e-07	6.59e-04	8.27e-02	5.04e-01	2.95e-01	9.52e-02	2.28e-02	2.54e-04	7.13e-07	1.74e-07	6.95e-16	8.38e-16
 1.25139e+23	2.27e-07	7.87e-04	9.16e-02	5.18e-01	2.84e-01	8.65e-02	1.95e-02	2.01e-04	5.23e-07	2.27e-07	9.35e-16	1.13e-15
 1.26899e+23	2.80e-07	9.07e-04	9.95e-02	5.28e-01	2.74e-01	7.98e-02	1.71e-02	1.66e-04	4.05e-07	2.80e-07	1.19e-15	1.43e-15
 1.28712e+23	3.66e-07	1.08e-03	1.10e-01	5.40e-01	2.62e-01	7.19e-02	1.45e-02	1.29e-04	2.92e-07	3.66e-07	1.61e-15	1.94e-15
 1.30546e+23	4.53e-07	1.25e-03	1.19e-01	5.49e-01	2.52e-01	6.58e-02	1.26e-02	1.05e-04	2.23e-07	4.53e-07	2.04e-15	2.46e-15
 1.32407e+23	5.96e-07	1.50e-03	1.32e-01	5.59e-01	2.39e-01	5.86e-02	1.05e-02	8.05e-05	1.57e-07	5.96e-07	2.79e-15	3.35e-15
 1.34269e+23	7.31e-07	1.71e-03	1.42e-01	5.65e-01	2.29e-01	5.34e-02	9.14e-03	6.56e-05	0.00e+00	7.31e-07	3.51e-15	4.22e-15
 1.35842e+23	8.87e-07	1.94e-03	1.52e-01	5.70e-01	2.19e-01	4.89e-02	7.99e-03	5.39e-05	0.00e+00	8.87e-07	4.36e-15	5.24e-15
 1.37303e+23	1.06e-06	2.18e-03	1.62e-01	5.74e-01	2.10e-01	4.50e-02	7.04e-03	4.48e-05	0.00e+00	1.06e-06	5.33e-15	6.39e-15
 1.38906e+23	1.31e-06	2.51e-03	1.75e-01	5.77e-01	2.00e-01	4.05e-02	6.02e-03	3.57e-05	0.00e+00	1.31e-06	6.81e-15	8.17e-15
 1.40532e+23	1.57e-06	2.82e-03	1.86e-01	5.79e-01	1.90e-01	3.70e-02	5.27e-03	2.93e-05	0.00e+00	1.57e-06	8.34e-15	1.00e-14
 1.41953e+23	1.86e-06	3.15e-03	1.97e-01	5.80e-01	1.82e-01	3.39e-02	4.62e-03	2.43e-05	0.00e+00	1.86e-06	1.01e-14	1.21e-14
 1.43565e+23	2.30e-06	3.62e-03	2.11e-01	5.79e-01	1.72e-01	3.03e-02	3.93e-03	1.92e-05	0.00e+00	2.30e-06	1.29e-14	1.54e-14
 1.45208e+23	2.74e-06	4.05e-03	2.24e-01	5.78e-01	1.63e-01	2.75e-02	3.41e-03	1.57e-05	0.00e+00	2.74e-06	1.58e-14	1.88e-14
 1.46664e+23	3.25e-06	4.51e-03	2.36e-01	5.76e-01	1.55e-01	2.50e-02	2.98e-03	1.29e-05	0.00e+00	3.25e-06	1.91e-14	2.28e-14
 1.48329e+23	4.01e-06	5.16e-03	2.53e-01	5.73e-01	1.45e-01	2.21e-02	2.50e-03	1.00e-05	0.00e+00	4.01e-06	2.44e-14	2.91e-14
 1.50019e+23	4.78e-06	5.78e-03	2.67e-01	5.68e-01	1.37e-01	1.99e-02	2.16e-03	8.09e-06	0.00e+00	4.78e-06	2.99e-14	3.56e-14
 1.51505e+23	5.66e-06	6.44e-03	2.81e-01	5.63e-01	1.29e-01	1.80e-02	1.87e-03	6.57e-06	0.00e+00	5.66e-06	3.64e-14	4.33e-14
 1.52962e+23	6.66e-06	7.14e-03	2.95e-01	5.58e-01	1.22e-01	1.63e-02	1.62e-03	5.37e-06	0.00e+00	6.66e-06	4.39e-14	5.23e-14
 1.54615e+23	8.16e-06	8.13e-03	3.14e-01	5.50e-01	1.13e-01	1.43e-02	1.35e-03	4.16e-06	0.00e+00	8.16e-06	5.57e-14	6.63e-14
 1.56329e+23	9.72e-06	9.08e-03	3.30e-01	5.41e-01	1.06e-01	1.28e-02	1.15e-03	3.31e-06	0.00e+00	9.72e-06	6.83e-14	8.13e-14
 1.57880e+23	1.15e-05	1.01e-02	3.46e-01	5.32e-01	9.89e-02	1.14e-02	9.87e-04	2.65e-06	0.00e+00	1.15e-05	8.33e-14	9.91e-14
 1.59656e+23	1.42e-05	1.16e-02	3.67e-01	5.20e-01	9.07e-02	9.83e-03	8.08e-04	1.99e-06	0.00e+00	1.42e-05	1.07e-13	1.27e-13
 1.61460e+23	1.69e-05	1.29e-02	3.85e-01	5.09e-01	8.40e-02	8.68e-03	6.82e-04	1.56e-06	0.00e+00	1.69e-05	1.32e-13	1.56e-13
 1.63300e+23	2.10e-05	1.48e-02	4.07e-01	4.94e-01	7.64e-02	7.42e-03	5.51e-04	1.16e-06	0.00e+00	2.10e-05	1.70e-13	2.02e-13
 1.65170e+23	2.50e-05	1.65e-02	4.26e-01	4.80e-01	7.03e-02	6.48e-03	4.60e-04	8.95e-07	0.00e+00	2.50e-05	2.10e-13	2.49e-13
 1.67077e+23	3.11e-05	1.89e-02	4.50e-01	4.62e-01	6.33e-02	5.48e-03	3.67e-04	6.52e-07	0.00e+00	3.11e-05	2.73e-13	3.23e-13
 1.69025e+23	3.72e-05	2.11e-02	4.70e-01	4.46e-01	5.76e-02	4.73e-03	3.02e-04	4.95e-07	0.00e+00	3.72e-05	3.38e-13	4.01e-13
 1.70757e+23	4.40e-05	2.35e-02	4.89e-01	4.31e-01	5.27e-02	4.11e-03	2.50e-04	3.80e-07	0.00e+00	4.40e-05	4.16e-13	4.92e-13
 1.72741e+23	5.47e-05	2.68e-02	5.13e-01	4.10e-01	4.68e-02	3.41e-03	1.96e-04	2.70e-07	0.00e+00	5.47e-05	5.42e-13	6.41e-13
 1.74774e+23	6.52e-05	2.99e-02	5.33e-01	3.92e-01	4.21e-02	2.91e-03	1.59e-04	2.01e-07	0.00e+00	6.52e-05	6.73e-13	7.95e-13
 1.76330e+23	7.35e-05	3.21e-02	5.47e-01	3.79e-01	3.90e-02	2.59e-03	1.37e-04	1.63e-07	0.00e+00	7.35e-05	7.82e-13	9.23e-13
 1.77812e+23	8.60e-05	3.54e-02	5.65e-01	3.62e-01	3.54e-02	2.24e-03	1.13e-04	0.00e+00	0.00e+00	8.60e-05	9.51e-13	1.12e-12
 1.79325e+23	9.70e-05	3.81e-02	5.79e-01	3.49e-01	3.26e-02	1.98e-03	9.67e-05	0.00e+00	0.00e+00	9.70e-05	1.11e-12	1.30e-12
 1.80879e+23	1.14e-04	4.20e-02	5.96e-01	3.31e-01	2.94e-02	1.69e-03	7.89e-05	0.00e+00	0.00e+00	1.14e-04	1.35e-12	1.59e-12
 1.82448e+23	1.28e-04	4.51e-02	6.09e-01	3.17e-01	2.69e-02	1.49e-03	6.69e-05	0.00e+00	0.00e+00	1.28e-04	1.58e-12	1.85e-12
 1.84036e+23	1.50e-04	4.97e-02	6.26e-01	2.99e-01	2.41e-02	1.26e-03	5.42e-05	0.00e+00	0.00e+00	1.50e-04	1.93e-12	2.26e-12
 1.85651e+23	1.70e-04	5.34e-02	6.39e-01	2.85e-01	2.19e-02	1.10e-03	4.54e-05	0.00e+00	0.00e+00	1.70e-04	2.26e-12	2.64e-12
 1.87300e+23	2.00e-04	5.88e-02	6.54e-01	2.67e-01	1.94e-02	9.21e-04	3.63e-05	0.00e+00	0.00e+00	2.00e-04	2.77e-12	3.24e-12
 1.88972e+23	2.25e-04	6.31e-02	6.66e-01	2.52e-01	1.75e-02	7.95e-04	3.01e-05	0.00e+00	0.00e+00	2.25e-04	3.25e-12	3.78e-12
 1.90675e+23	2.65e-04	6.95e-02	6.80e-01	2.34e-01	1.53e-02	6.59e-04	2.38e-05	0.00e+00	0.00e+00	2.65e-04	4.01e-12	4.66e-12
 1.92406e+23	3.00e-04	7.47e-02	6.91e-01	2.19e-01	1.37e-02	5.62e-04	1.95e-05	0.00e+00	0.00e+00	3.00e-04	4.72e-12	5.47e-12
 1.94173e+23	3.52e-04	8.21e-02	7.03e-01	2.02e-01	1.19e-02	4.62e-04	1.53e-05	0.00e+00	0.00e+00	3.52e-04	5.83e-12	6.73e-12
 1.95991e+23	4.00e-04	8.85e-02	7.13e-01	1.88e-01	1.05e-02	3.87e-04	1.22e-05	0.00e+00	0.00e+00	4.00e-04	6.93e-12	7.97e-12
 1.97872e+23	4.74e-04	9.77e-02	7.22e-01	1.70e-01	9.01e-03	3.11e-04	9.35e-06	0.00e+00	0.00e+00	4.74e-04	8.67e-12	9.93e-12
 1.99785e+23	5.40e-04	1.05e-01	7.30e-01	1.56e-01	7.85e-03	2.57e-04	7.39e-06	0.00e+00	0.00e+00	5.40e-04	1.04e-11	1.18e-11
 2.01739e+23	6.42e-04	1.16e-01	7.36e-01	1.40e-01	6.64e-03	2.03e-04	5.54e-06	0.00e+00	0.00e+00	6.42e-04	1.30e-11	1.48e-11
 2.03699e+23	7.30e-04	1.25e-01	7.41e-01	1.27e-01	5.74e-03	1.67e-04	4.35e-06	0.00e+00	0.00e+00	7.30e-04	1.55e-11	1.75e-11
 2.05666e+23	8.71e-04	1.39e-01	7.43e-01	1.13e-01	4.79e-03	1.29e-04	3.21e-06	0.00e+00	0.00e+00	8.71e-04	1.96e-11	2.20e-11
 2.07630e+23	9.88e-04	1.49e-01	7.44e-01	1.02e-01	4.13e-03	1.06e-04	2.51e-06	0.00e+00	0.00e+00	9.88e-04	2.32e-11	2.60e-11
 2.09591e+23	1.18e-03	1.65e-01	7.42e-01	8.87e-02	3.42e-03	8.09e-05	1.84e-06	0.00e+00	0.00e+00	1.18e-03	2.94e-11	3.26e-11
 2.11561e+23	1.34e-03	1.78e-01	7.39e-01	7.92e-02	2.93e-03	6.52e-05	1.42e-06	0.00e+00	0.00e+00	1.34e-03	3.50e-11	3.87e-11
 2.13542e+23	1.61e-03	1.97e-01	7.31e-01	6.79e-02	2.40e-03	4.91e-05	1.03e-06	0.00e+00	0.00e+00	1.61e-03	4.46e-11	4.90e-11
 2.15524e+23	1.84e-03	2.13e-01	7.24e-01	5.98e-02	2.04e-03	3.91e-05	7.89e-07	0.00e+00	0.00e+00	1.84e-03	5.34e-11	5.83e-11
 2.17506e+23	2.23e-03	2.37e-01	7.09e-01	5.03e-02	1.66e-03	2.87e-05	5.58e-07	0.00e+00	0.00e+00	2.23e-03	6.86e-11	7.45e-11
 2.19480e+23	2.56e-03	2.56e-01	6.97e-01	4.36e-02	1.40e-03	2.25e-05	4.26e-07	0.00e+00	0.00e+00	2.56e-03	8.25e-11	8.91e-11
 2.21443e+23	3.11e-03	2.85e-01	6.75e-01	3.59e-02	1.13e-03	1.62e-05	2.99e-07	0.00e+00	0.00e+00	3.11e-03	1.06e-10	1.14e-10
 2.23412e+23	3.61e-03	3.09e-01	6.56e-01	3.04e-02	9.44e-04	1.24e-05	2.24e-07	0.00e+00	0.00e+00	3.61e-03	1.29e-10	1.38e-10
 2.25388e+23	4.42e-03	3.45e-01	6.26e-01	2.44e-02	7.53e-04	8.63e-06	1.54e-07	0.00e+00	0.00e+00	4.42e-03	1.68e-10	1.78e-10
 2.27369e+23	5.21e-03	3.75e-01	5.99e-01	2.00e-02	6.23e-04	6.36e-06	0.00e+00	0.00e+00	0.00e+00	5.21e-03	2.07e-10	2.18e-10
 2.29355e+23	6.43e-03	4.17e-01	5.60e-01	1.55e-02	4.91e-04	4.26e-06	0.00e+00	0.00e+00	0.00e+00	6.43e-03	2.71e-10	2.84e-10
 2.31355e+23	7.68e-03	4.54e-01	5.25e-01	1.23e-02	4.01e-04	3.00e-06	0.00e+00	0.00e+00	0.00e+00	7.68e-03	3.38e-10	3.53e-10
 2.33105e+23	9.19e-03	4.93e-01	4.87e-01	9.60e-03	3.27e-04	2.08e-06	0.00e+00	0.00e+00	0.00e+00	9.19e-03	4.22e-10	4.40e-10
 2.35114e+23	1.15e-02	5.44e-01	4.37e-01	6.91e-03	2.51e-04	1.29e-06	0.00e+00	0.00e+00	0.00e+00	1.15e-02	5.60e-10	5.82e-10
 2.37141e+23	1.41e-02	5.90e-01	3.91e-01	5.05e-03	1.99e-04	8.23e-07	0.00e+00	0.00e+00	0.00e+00	1.41e-02	7.16e-10	7.41e-10
 2.38672e+23	1.65e-02	6.24e-01	3.55e-01	3.92e-03	1.65e-04	5.76e-07	0.00e+00	0.00e+00	0.00e+00	1.65e-02	8.63e-10	8.91e-10
 2.40144e+23	1.98e-02	6.63e-01	3.14e-01	2.88e-03	1.32e-04	3.73e-07	0.00e+00	0.00e+00	0.00e+00	1.98e-02	1.08e-09	1.11e-09
 2.41725e+23	2.39e-02	7.01e-01	2.73e-01	2.07e-03	1.05e-04	2.37e-07	0.00e+00	0.00e+00	0.00e+00	2.39e-02	1.35e-09	1.39e-09
 2.43190e+23	2.88e-02	7.36e-01	2.34e-01	1.48e-03	8.31e-05	1.48e-07	0.00e+00	0.00e+00	0.00e+00	2.88e-02	1.68e-09	1.73e-09
 2.44604e+23	3.50e-02	7.67e-01	1.97e-01	1.03e-03	6.45e-05	0.00e+00	0.00e+00	0.00e+00	0.00e+00	3.50e-02	2.11e-09	2.16e-09
 2.45956e+23	4.25e-02	7.94e-01	1.63e-01	7.04e-04	4.96e-05	0.00e+00	0.00e+00	0.00e+00	0.00e+00	4.25e-02	2.64e-09	2.71e-09
 2.47219e+23	5.18e-02	8.15e-01	1.32e-01	4.77e-04	3.76e-05	0.00e+00	0.00e+00	0.00e+00	0.00e+00	5.18e-02	3.32e-09	3.39e-09
 2.48385e+23	6.29e-02	8.30e-01	1.06e-01	3.24e-04	2.83e-05	0.00e+00	0.00e+00	0.00e+00	0.00e+00	6.29e-02	4.13e-09	4.21e-09
 2.49463e+23	7.66e-02	8.39e-01	8.40e-02	2.18e-04	2.09e-05	0.00e+00	0.00e+00	0.00e+00	0.00e+00	7.66e-02	5.14e-09	5.24e-09
 2.50455e+23	9.28e-02	8.41e-01	6.58e-02	1.49e-04	1.53e-05	0.00e+00	0.00e+00	0.00e+00	0.00e+00	9.28e-02	6.33e-09	6.45e-09
 2.51358e+23	1.12e-01	8.37e-01	5.08e-02	1.02e-04	1.11e-05	0.00e+00	0.00e+00	0.00e+00	0.00e+00	1.12e-01	7.77e-09	7.90e-09
 2.52168e+23	1.35e-01	8.26e-01	3.92e-02	7.12e-05	7.98e-06	0.00e+00	0.00e+00	0.00e+00	0.00e+00	1.35e-01	9.39e-09	9.54e-09
 2.52879e+23	1.59e-01	8.10e-01	3.04e-02	5.15e-05	5.81e-06	0.00e+00	0.00e+00	0.00e+00	0.00e+00	1.59e-01	1.11e-08	1.13e-08
 2.53528e+23	1.88e-01	7.89e-01	2.35e-02	3.78e-05	4.19e-06	0.00e+00	0.00e+00	0.00e+00	0.00e+00	1.88e-01	1.30e-08	1.32e-08
 2.54124e+23	2.18e-01	7.64e-01	1.83e-02	2.85e-05	3.05e-06	0.00e+00	0.00e+00	0.00e+00	0.00e+00	2.18e-01	1.50e-08	1.52e-08
 2.54675e+23	2.51e-01	7.35e-01	1.42e-02	2.17e-05	2.20e-06	0.00e+00	0.00e+00	0.00e+00	0.00e+00	2.51e-01	1.71e-08	1.73e-08
 2.55190e+23	2.88e-01	7.01e-01	1.10e-02	1.68e-05	1.58e-06	0.00e+00	0.00e+00	0.00e+00	0.00e+00	2.88e-01	1.92e-08	1.94e-08
 2.55660e+23	3.25e-01	6.67e-01	8.54e-03	1.32e-05	1.15e-06	0.00e+00	0.00e+00	0.00e+00	0.00e+00	3.25e-01	2.12e-08	2.14e-08
 2.56092e+23	3.63e-01	6.31e-01	6.72e-03	1.06e-05	8.46e-07	0.00e+00	0.00e+00	0.00e+00	0.00e+00	3.63e-01	2.30e-08	2.32e-08
 2.56480e+23	3.99e-01	5.96e-01	5.38e-03	8.73e-06	6.37e-07	0.00e+00	0.00e+00	0.00e+00	0.00e+00	3.99e-01	2.45e-08	2.47e-08
 2.56814e+23	4.31e-01	5.65e-01	4.42e-03	7.39e-06	4.96e-07	0.00e+00	0.00e+00	0.00e+00	0.00e+00	4.31e-01	2.57e-08	2.59e-08
 2.57069e+23	4.55e-01	5.41e-01	3.81e-03	6.53e-06	4.11e-07	0.00e+00	0.00e+00	0.00e+00	0.00e+00	4.55e-01	2.65e-08	2.66e-08
 2.57262e+23	4.75e-01	5.22e-01	3.39e-03	5.93e-06	3.55e-07	0.00e+00	0.00e+00	0.00e+00	0.00e+00	4.75e-01	2.70e-08	2.72e-08
 2.57462e+23	4.95e-01	5.02e-01	2.99e-03	5.37e-06	3.04e-07	0.00e+00	0.00e+00	0.00e+00	0.00e+00	4.95e-01	2.75e-08	2.77e-08
 2.57691e+23	5.17e-01	4.80e-01	2.60e-03	4.81e-06	2.54e-07	0.00e+00	0.00e+00	0.00e+00	0.00e+00	5.17e-01	2.81e-08	2.82e-08
 2.57942e+23	5.42e-01	4.56e-01	2.22e-03	4.26e-06	2.10e-07	0.00e+00	0.00e+00	0.00e+00	0.00e+00	5.42e-01	2.85e-08	2.87e-08
 2.58196e+23	5.66e-01	4.32e-01	1.90e-03	3.80e-06	1.73e-07	0.00e+00	0.00e+00	0.00e+00	0.00e+00	5.66e-01	2.89e-08	2.90e-08
 2.58431e+23	5.87e-01	4.11e-01	1.65e-03	3.42e-06	1.46e-07	0.00e+00	0.00e+00	0.00e+00	0.00e+00	5.87e-01	2.91e-08	2.92e-08
 2.58611e+23	6.02e-01	3.97e-01	1.49e-03	3.18e-06	1.29e-07	0.00e+00	0.00e+00	0.00e+00	0.00e+00	6.02e-01	2.92e-08	2.93e-08
 2.58736e+23	6.12e-01	3.86e-01	1.39e-03	3.02e-06	0.00e+00	0.00e+00	0.00e+00	0.00e+00	0.00e+00	6.12e-01	2.92e-08	2.93e-08
 2.58861e+23	6.22e-01	3.76e-01	1.29e-03	2.87e-06	0.00e+00	0.00e+00	0.00e+00	0.00e+00	0.00e+00	6.22e-01	2.93e-08	2.93e-08
 2.59009e+23	6.34e-01	3.65e-01	1.18e-03	2.70e-06	0.00e+00	0.00e+00	0.00e+00	0.00e+00	0.00e+00	6.34e-01	2.93e-08	2.94e-08
 2.59171e+23	6.47e-01	3.52e-01	1.07e-03	2.52e-06	0.00e+00	0.00e+00	0.00e+00	0.00e+00	0.00e+00	6.47e-01	2.93e-08	2.93e-08
 2.59328e+23	6.58e-01	3.41e-01	9.80e-04	2.38e-06	0.00e+00	0.00e+00	0.00e+00	0.00e+00	0.00e+00	6.58e-01	2.92e-08	2.93e-08
 2.59482e+23	6.69e-01	3.30e-01	8.97e-04	2.24e-06	0.00e+00	0.00e+00	0.00e+00	0.00e+00	0.00e+00	6.69e-01	2.92e-08	2.92e-08
 2.59642e+23	6.81e-01	3.18e-01	8.19e-04	2.11e-06	0.00e+00	0.00e+00	0.00e+00	0.00e+00	0.00e+00	6.81e-01	2.91e-08	2.91e-08
 2.59805e+23	6.91e-01	3.08e-01	7.48e-04	1.99e-06	0.00e+00	0.00e+00	0.00e+00	0.00e+00	0.00e+00	6.91e-01	2.90e-08	2.90e-08
 2.59971e+23	7.02e-01	2.97e-01	6.83e-04	1.87e-06	0.00e+00	0.00e+00	0.00e+00	0.00e+00	0.00e+00	7.02e-01	2.88e-08	2.89e-08
 2.60144e+23	7.12e-01	2.87e-01	6.22e-04	1.77e-06	0.00e+00	0.00e+00	0.00e+00	0.00e+00	0.00e+00	7.12e-01	2.87e-08	2.87e-08
 2.60321e+23	7.23e-01	2.77e-01	5.65e-04	1.66e-06	0.00e+00	0.00e+00	0.00e+00	0.00e+00	0.00e+00	7.23e-01	2.85e-08	2.85e-08
 2.60503e+23	7.33e-01	2.67e-01	5.13e-04	1.57e-06	0.00e+00	0.00e+00	0.00e+00	0.00e+00	0.00e+00	7.33e-01	2.84e-08	2.83e-08
 2.60687e+23	7.42e-01	2.57e-01	4.67e-04	1.48e-06	0.00e+00	0.00e+00	0.00e+00	0.00e+00	0.00e+00	7.42e-01	2.82e-08	2.81e-08
 2.60876e+23	7.52e-01	2.48e-01	4.24e-04	1.39e-06	0.00e+00	0.00e+00	0.00e+00	0.00e+00	0.00e+00	7.52e-01	2.80e-08	2.79e-08
 2.61072e+23	7.61e-01	2.39e-01	3.84e-04	1.31e-06	0.00e+00	0.00e+00	0.00e+00	0.00e+00	0.00e+00	7.61e-01	2.78e-08	2.77e-08
 2.61275e+23	7.70e-01	2.30e-01	3.48e-04	1.24e-06	0.00e+00	0.00e+00	0.00e+00	0.00e+00	0.00e+00	7.70e-01	2.75e-08	2.75e-08
 2.61482e+23	7.79e-01	2.21e-01	3.15e-04	1.17e-06	0.00e+00	0.00e+00	0.00e+00	0.00e+00	0.00e+00	7.79e-01	2.73e-08	2.72e-08
 2.61694e+23	7.87e-01	2.13e-01	2.85e-04	1.10e-06	0.00e+00	0.00e+00	0.00e+00	0.00e+00	0.00e+00	7.87e-01	2.71e-08	2.70e-08
 2.61915e+23	7.95e-01	2.04e-01	2.58e-04	1.04e-06	0.00e+00	0.00e+00	0.00e+00	0.00e+00	0.00e+00	7.95e-01	2.68e-08	2.67e-08
 2.62143e+23	8.04e-01	1.96e-01	2.33e-04	9.76e-07	0.00e+00	0.00e+00	0.00e+00	0.00e+00	0.00e+00	8.04e-01	2.66e-08	2.65e-08
 2.62377e+23	8.11e-01	1.88e-01	2.11e-04	9.20e-07	0.00e+00	0.00e+00	0.00e+00	0.00e+00	0.00e+00	8.11e-01	2.63e-08	2.62e-08
 2.62617e+23	8.19e-01	1.81e-01	1.91e-04	8.67e-07	0.00e+00	0.00e+00	0.00e+00	0.00e+00	0.00e+00	8.19e-01	2.61e-08	2.59e-08
 2.62868e+23	8.26e-01	1.74e-01	1.72e-04	8.17e-07	0.00e+00	0.00e+00	0.00e+00	0.00e+00	0.00e+00	8.26e-01	2.58e-08	2.57e-08
 2.63129e+23	8.33e-01	1.67e-01	1.56e-04	7.70e-07	0.00e+00	0.00e+00	0.00e+00	0.00e+00	0.00e+00	8.33e-01	2.56e-08	2.54e-08
 2.63398e+23	8.40e-01	1.60e-01	1.41e-04	7.25e-07	0.00e+00	0.00e+00	0.00e+00	0.00e+00	0.00e+00	8.40e-01	2.53e-08	2.52e-08
 2.63677e+23	8.46e-01	1.53e-01	1.28e-04	6.84e-07	0.00e+00	0.00e+00	0.00e+00	0.00e+00	0.00e+00	8.46e-01	2.51e-08	2.49e-08
 2.63965e+23	8.53e-01	1.47e-01	1.17e-04	6.45e-07	0.00e+00	0.00e+00	0.00e+00	0.00e+00	0.00e+00	8.53e-01	2.49e-08	2.47e-08
 2.64261e+23	8.59e-01	1.41e-01	1.06e-04	6.09e-07	0.00e+00	0.00e+00	0.00e+00	0.00e+00	0.00e+00	8.59e-01	2.46e-08	2.44e-08
 2.64564e+23	8.64e-01	1.36e-01	9.74e-05	5.77e-07	0.00e+00	0.00e+00	0.00e+00	0.00e+00	0.00e+00	8.64e-01	2.44e-08	2.41e-08
 2.64875e+23	8.69e-01	1.31e-01	8.95e-05	5.45e-07	0.00e+00	0.00e+00	0.00e+00	0.00e+00	0.00e+00	8.69e-01	2.42e-08	2.38e-08
 2.65200e+23	8.74e-01	1.26e-01	8.25e-05	5.16e-07	0.00e+00	0.00e+00	0.00e+00	0.00e+00	0.00e+00	8.74e-01	2.39e-08	2.35e-08
 2.65539e+23	8.79e-01	1.21e-01	7.63e-05	4.88e-07	0.00e+00	0.00e+00	0.00e+00	0.00e+00	0.00e+00	8.79e-01	2.37e-08	2.31e-08
 2.65886e+23	8.84e-01	1.16e-01	7.09e-05	4.62e-07	0.00e+00	0.00e+00	0.00e+00	0.00e+00	0.00e+00	8.84e-01	2.35e-08	2.29e-08
 2.66244e+23	8.88e-01	1.12e-01	6.62e-05	4.39e-07	0.00e+00	0.00e+00	0.00e+00	0.00e+00	0.00e+00	8.88e-01	2.33e-08	2.26e-08
 2.66621e+23	8.92e-01	1.08e-01	6.20e-05	4.16e-07	0.00e+00	0.00e+00	0.00e+00	0.00e+00	0.00e+00	8.92e-01	2.32e-08	2.23e-08
 2.67018e+23	8.96e-01	1.04e-01	5.82e-05	3.95e-07	0.00e+00	0.00e+00	0.00e+00	0.00e+00	0.00e+00	8.96e-01	2.30e-08	2.21e-08
 2.67432e+23	9.00e-01	1.00e-01	5.49e-05	3.75e-07	0.00e+00	0.00e+00	0.00e+00	0.00e+00	0.00e+00	9.00e-01	2.29e-08	2.18e-08
 2.67864e+23	9.03e-01	9.68e-02	5.20e-05	3.56e-07	0.00e+00	0.00e+00	0.00e+00	0.00e+00	0.00e+00	9.03e-01	2.28e-08	2.16e-08
 2.68323e+23	9.07e-01	9.33e-02	4.94e-05	3.38e-07	0.00e+00	0.00e+00	0.00e+00	0.00e+00	0.00e+00	9.07e-01	2.27e-08	2.14e-08
 2.68810e+23	9.10e-01	8.99e-02	4.70e-05	3.20e-07	0.00e+00	0.00e+00	0.00e+00	0.00e+00	0.00e+00	9.10e-01	2.26e-08	2.12e-08
 2.69320e+23	9.13e-01	8.66e-02	4.49e-05	3.03e-07	0.00e+00	0.00e+00	0.00e+00	0.00e+00	0.00e+00	9.13e-01	2.25e-08	2.09e-08
 2.69830e+23	9.16e-01	8.37e-02	4.32e-05	2.88e-07	0.00e+00	0.00e+00	0.00e+00	0.00e+00	0.00e+00	9.16e-01	2.24e-08	2.08e-08
 2.70321e+23	9.19e-01	8.11e-02	4.17e-05	2.75e-07	0.00e+00	0.00e+00	0.00e+00	0.00e+00	0.00e+00	9.19e-01	2.24e-08	2.06e-08
 2.70800e+23	9.21e-01	7.87e-02	4.05e-05	2.63e-07	0.00e+00	0.00e+00	0.00e+00	0.00e+00	0.00e+00	9.21e-01	2.23e-08	2.05e-08
 2.71267e+23	9.23e-01	7.65e-02	3.94e-05	2.52e-07	0.00e+00	0.00e+00	0.00e+00	0.00e+00	0.00e+00	9.23e-01	2.23e-08	2.04e-08
 2.71724e+23	9.26e-01	7.44e-02	3.85e-05	2.42e-07	0.00e+00	0.00e+00	0.00e+00	0.00e+00	0.00e+00	9.26e-01	2.23e-08	2.02e-08
 2.72167e+23	9.28e-01	7.24e-02	3.76e-05	2.32e-07	0.00e+00	0.00e+00	0.00e+00	0.00e+00	0.00e+00	9.28e-01	2.22e-08	2.01e-08
 2.72591e+23	9.29e-01	7.05e-02	3.69e-05	2.23e-07	0.00e+00	0.00e+00	0.00e+00	0.00e+00	0.00e+00	9.29e-01	2.22e-08	2.00e-08
 2.72985e+23	9.31e-01	6.89e-02	3.63e-05	2.16e-07	0.00e+00	0.00e+00	0.00e+00	0.00e+00	0.00e+00	9.31e-01	2.22e-08	1.99e-08
 2.73367e+23	9.33e-01	6.73e-02	3.57e-05	2.09e-07	0.00e+00	0.00e+00	0.00e+00	0.00e+00	0.00e+00	9.33e-01	2.21e-08	1.98e-08
 2.73750e+23	9.34e-01	6.56e-02	3.52e-05	2.01e-07	0.00e+00	0.00e+00	0.00e+00	0.00e+00	0.00e+00	9.34e-01	2.21e-08	1.97e-08
 2.74121e+23	9.36e-01	6.41e-02	3.47e-05	1.95e-07	0.00e+00	0.00e+00	0.00e+00	0.00e+00	0.00e+00	9.36e-01	2.21e-08	1.96e-08
 2.74478e+23	9.37e-01	6.26e-02	3.43e-05	1.88e-07	0.00e+00	0.00e+00	0.00e+00	0.00e+00	0.00e+00	9.37e-01	2.21e-08	1.95e-08
 2.74822e+23	9.39e-01	6.13e-02	3.39e-05	1.83e-07	0.00e+00	0.00e+00	0.00e+00	0.00e+00	0.00e+00	9.39e-01	2.20e-08	1.95e-08
 2.75156e+23	9.40e-01	5.99e-02	3.35e-05	1.77e-07	0.00e+00	0.00e+00	0.00e+00	0.00e+00	0.00e+00	9.40e-01	2.20e-08	1.94e-08
 2.75478e+23	9.41e-01	5.86e-02	3.32e-05	1.72e-07	0.00e+00	0.00e+00	0.00e+00	0.00e+00	0.00e+00	9.41e-01	2.20e-08	1.93e-08
 2.75789e+23	9.43e-01	5.74e-02	3.29e-05	1.67e-07	0.00e+00	0.00e+00	0.00e+00	0.00e+00	0.00e+00	9.43e-01	2.19e-08	1.92e-08
 2.76089e+23	9.44e-01	5.62e-02	3.26e-05	1.62e-07	0.00e+00	0.00e+00	0.00e+00	0.00e+00	0.00e+00	9.44e-01	2.19e-08	1.92e-08
 2.76378e+23	9.45e-01	5.51e-02	3.24e-05	1.58e-07	0.00e+00	0.00e+00	0.00e+00	0.00e+00	0.00e+00	9.45e-01	2.19e-08	1.91e-08
 2.76657e+23	9.46e-01	5.40e-02	3.21e-05	1.54e-07	0.00e+00	0.00e+00	0.00e+00	0.00e+00	0.00e+00	9.46e-01	2.19e-08	1.90e-08
 2.76927e+23	9.47e-01	5.29e-02	3.19e-05	1.50e-07	0.00e+00	0.00e+00	0.00e+00	0.00e+00	0.00e+00	9.47e-01	2.18e-08	1.89e-08
 2.77183e+23	9.48e-01	5.19e-02	3.17e-05	1.46e-07	0.00e+00	0.00e+00	0.00e+00	0.00e+00	0.00e+00	9.48e-01	2.18e-08	1.89e-08
 2.77434e+23	9.49e-01	5.09e-02	3.15e-05	1.42e-07	0.00e+00	0.00e+00	0.00e+00	0.00e+00	0.00e+00	9.49e-01	2.18e-08	1.88e-08
 2.77677e+23	9.50e-01	4.99e-02	3.13e-05	1.39e-07	0.00e+00	0.00e+00	0.00e+00	0.00e+00	0.00e+00	9.50e-01	2.17e-08	1.87e-08
 2.77899e+23	9.51e-01	4.90e-02	3.11e-05	1.36e-07	0.00e+00	0.00e+00	0.00e+00	0.00e+00	0.00e+00	9.51e-01	2.17e-08	1.87e-08
 2.78101e+23	9.52e-01	4.82e-02	3.10e-05	1.33e-07	0.00e+00	0.00e+00	0.00e+00	0.00e+00	0.00e+00	9.52e-01	2.17e-08	1.86e-08
 2.78285e+23	9.52e-01	4.76e-02	3.09e-05	1.31e-07	0.00e+00	0.00e+00	0.00e+00	0.00e+00	0.00e+00	9.52e-01	2.16e-08	1.85e-08
 2.78452e+23	9.53e-01	4.69e-02	3.07e-05	1.29e-07	0.00e+00	0.00e+00	0.00e+00	0.00e+00	0.00e+00	9.53e-01	2.16e-08	1.85e-08
 2.78604e+23	9.54e-01	4.63e-02	3.06e-05	1.27e-07	0.00e+00	0.00e+00	0.00e+00	0.00e+00	0.00e+00	9.54e-01	2.16e-08	1.84e-08
 2.78743e+23	9.54e-01	4.58e-02	3.05e-05	1.25e-07	0.00e+00	0.00e+00	0.00e+00	0.00e+00	0.00e+00	9.54e-01	2.15e-08	1.84e-08
 2.78869e+23	9.55e-01	4.53e-02	3.05e-05	1.23e-07	0.00e+00	0.00e+00	0.00e+00	0.00e+00	0.00e+00	9.55e-01	2.14e-08	1.83e-08
 2.78983e+23	9.55e-01	4.50e-02	3.04e-05	0.00e+00	0.00e+00	0.00e+00	0.00e+00	0.00e+00	0.00e+00	9.55e-01	2.13e-08	1.83e-08
 2.79109e+23	9.56e-01	4.44e-02	3.02e-05	0.00e+00	0.00e+00	0.00e+00	0.00e+00	0.00e+00	0.00e+00	9.56e-01	2.13e-08	1.82e-08
 2.79272e+23	9.56e-01	4.37e-02	3.01e-05	0.00e+00	0.00e+00	0.00e+00	0.00e+00	0.00e+00	0.00e+00	9.56e-01	2.12e-08	1.82e-08
 2.79448e+23	9.57e-01	4.29e-02	2.99e-05	0.00e+00	0.00e+00	0.00e+00	0.00e+00	0.00e+00	0.00e+00	9.57e-01	2.11e-08	1.81e-08
 2.79609e+23	9.58e-01	4.22e-02	2.97e-05	0.00e+00	0.00e+00	0.00e+00	0.00e+00	0.00e+00	0.00e+00	9.58e-01	2.10e-08	1.81e-08
 2.79755e+23	9.58e-01	4.17e-02	2.96e-05	0.00e+00	0.00e+00	0.00e+00	0.00e+00	0.00e+00	0.00e+00	9.58e-01	2.09e-08	1.80e-08
 2.79888e+23	9.59e-01	4.12e-02	2.94e-05	0.00e+00	0.00e+00	0.00e+00	0.00e+00	0.00e+00	0.00e+00	9.59e-01	2.08e-08	1.80e-08
 2.80009e+23	9.59e-01	4.07e-02	2.93e-05	0.00e+00	0.00e+00	0.00e+00	0.00e+00	0.00e+00	0.00e+00	9.59e-01	2.08e-08	1.79e-08
 2.80119e+23	9.60e-01	4.03e-02	2.92e-05	0.00e+00	0.00e+00	0.00e+00	0.00e+00	0.00e+00	0.00e+00	9.60e-01	2.07e-08	1.79e-08
 2.80219e+23	9.60e-01	4.01e-02	2.91e-05	0.00e+00	0.00e+00	0.00e+00	0.00e+00	0.00e+00	0.00e+00	9.60e-01	2.07e-08	1.79e-08
 2.80328e+23	9.60e-01	3.97e-02	2.90e-05	0.00e+00	0.00e+00	0.00e+00	0.00e+00	0.00e+00	0.00e+00	9.60e-01	2.06e-08	1.79e-08
 2.80471e+23	9.61e-01	3.92e-02	2.88e-05	0.00e+00	0.00e+00	0.00e+00	0.00e+00	0.00e+00	0.00e+00	9.61e-01	2.06e-08	1.78e-08
 2.80625e+23	9.61e-01	3.86e-02	2.86e-05	0.00e+00	0.00e+00	0.00e+00	0.00e+00	0.00e+00	0.00e+00	9.61e-01	2.05e-08	1.78e-08
 2.80765e+23	9.62e-01	3.81e-02	2.84e-05	0.00e+00	0.00e+00	0.00e+00	0.00e+00	0.00e+00	0.00e+00	9.62e-01	2.05e-08	1.78e-08
 2.80919e+23	9.62e-01	3.76e-02	2.82e-05	0.00e+00	0.00e+00	0.00e+00	0.00e+00	0.00e+00	0.00e+00	9.62e-01	2.05e-08	1.77e-08
 2.81084e+23	9.63e-01	3.70e-02	2.80e-05	0.00e+00	0.00e+00	0.00e+00	0.00e+00	0.00e+00	0.00e+00	9.63e-01	2.04e-08	1.77e-08
 2.81235e+23	9.64e-01	3.64e-02	2.78e-05	0.00e+00	0.00e+00	0.00e+00	0.00e+00	0.00e+00	0.00e+00	9.64e-01	2.03e-08	1.76e-08
 2.81372e+23	9.64e-01	3.62e-02	2.76e-05	0.00e+00	0.00e+00	0.00e+00	0.00e+00	0.00e+00	0.00e+00	9.64e-01	2.03e-08	1.76e-08
 2.81523e+23	9.64e-01	3.57e-02	2.74e-05	0.00e+00	0.00e+00	0.00e+00	0.00e+00	0.00e+00	0.00e+00	9.64e-01	2.03e-08	1.76e-08
 2.81685e+23	9.65e-01	3.51e-02	2.72e-05	0.00e+00	0.00e+00	0.00e+00	0.00e+00	0.00e+00	0.00e+00	9.65e-01	2.02e-08	1.76e-08
 2.81833e+23	9.65e-01	3.46e-02	2.70e-05	0.00e+00	0.00e+00	0.00e+00	0.00e+00	0.00e+00	0.00e+00	9.65e-01	2.02e-08	1.75e-08
 2.81967e+23	9.66e-01	3.43e-02	2.68e-05	0.00e+00	0.00e+00	0.00e+00	0.00e+00	0.00e+00	0.00e+00	9.66e-01	2.02e-08	1.75e-08
 2.82115e+23	9.66e-01	3.38e-02	2.66e-05	0.00e+00	0.00e+00	0.00e+00	0.00e+00	0.00e+00	0.00e+00	9.66e-01	2.01e-08	1.75e-08
 2.82274e+23	9.67e-01	3.33e-02	2.64e-05	0.00e+00	0.00e+00	0.00e+00	0.00e+00	0.00e+00	0.00e+00	9.67e-01	2.01e-08	1.74e-08
 2.82448e+23	9.67e-01	3.27e-02	2.61e-05	0.00e+00	0.00e+00	0.00e+00	0.00e+00	0.00e+00	0.00e+00	9.67e-01	2.01e-08	1.74e-08
 2.82636e+23	9.68e-01	3.21e-02	2.58e-05	0.00e+00	0.00e+00	0.00e+00	0.00e+00	0.00e+00	0.00e+00	9.68e-01	2.00e-08	1.73e-08
 2.82808e+23	9.68e-01	3.16e-02	2.55e-05	0.00e+00	0.00e+00	0.00e+00	0.00e+00	0.00e+00	0.00e+00	9.68e-01	1.99e-08	1.73e-08
 2.82963e+23	9.69e-01	3.12e-02	2.53e-05	0.00e+00	0.00e+00	0.00e+00	0.00e+00	0.00e+00	0.00e+00	9.69e-01	1.99e-08	1.73e-08
 2.83105e+23	9.69e-01	3.08e-02	2.50e-05	0.00e+00	0.00e+00	0.00e+00	0.00e+00	0.00e+00	0.00e+00	9.69e-01	1.99e-08	1.72e-08
 2.83234e+23	9.70e-01	3.04e-02	2.48e-05	0.00e+00	0.00e+00	0.00e+00	0.00e+00	0.00e+00	0.00e+00	9.70e-01	1.98e-08	1.71e-08
 2.83352e+23	9.70e-01	3.02e-02	2.47e-05	0.00e+00	0.00e+00	0.00e+00	0.00e+00	0.00e+00	0.00e+00	9.70e-01	1.98e-08	1.71e-08
 2.83480e+23	9.70e-01	2.98e-02	2.45e-05	0.00e+00	0.00e+00	0.00e+00	0.00e+00	0.00e+00	0.00e+00	9.70e-01	1.97e-08	1.71e-08
 2.83619e+23	9.71e-01	2.93e-02	2.43e-05	0.00e+00	0.00e+00	0.00e+00	0.00e+00	0.00e+00	0.00e+00	9.71e-01	1.97e-08	1.70e-08
 2.83746e+23	9.71e-01	2.90e-02	2.41e-05	0.00e+00	0.00e+00	0.00e+00	0.00e+00	0.00e+00	0.00e+00	9.71e-01	1.97e-08	1.70e-08
 2.83884e+23	9.71e-01	2.86e-02	2.39e-05	0.00e+00	0.00e+00	0.00e+00	0.00e+00	0.00e+00	0.00e+00	9.71e-01	1.96e-08	1.70e-08
 2.84034e+23	9.72e-01	2.81e-02	2.36e-05	0.00e+00	0.00e+00	0.00e+00	0.00e+00	0.00e+00	0.00e+00	9.72e-01	1.96e-08	1.69e-08
 2.84170e+23	9.72e-01	2.78e-02	2.34e-05	0.00e+00	0.00e+00	0.00e+00	0.00e+00	0.00e+00	0.00e+00	9.72e-01	1.95e-08	1.68e-08
 2.84294e+23	9.72e-01	2.75e-02	2.33e-05	0.00e+00	0.00e+00	0.00e+00	0.00e+00	0.00e+00	0.00e+00	9.72e-01	1.95e-08	1.68e-08
 2.84429e+23	9.73e-01	2.71e-02	2.31e-05	0.00e+00	0.00e+00	0.00e+00	0.00e+00	0.00e+00	0.00e+00	9.73e-01	1.95e-08	1.68e-08
 2.84576e+23	9.73e-01	2.68e-02	2.29e-05	0.00e+00	0.00e+00	0.00e+00	0.00e+00	0.00e+00	0.00e+00	9.73e-01	1.95e-08	1.67e-08
 2.84737e+23	9.74e-01	2.63e-02	2.27e-05	0.00e+00	0.00e+00	0.00e+00	0.00e+00	0.00e+00	0.00e+00	9.74e-01	1.94e-08	1.67e-08
 2.84910e+23	9.74e-01	2.58e-02	2.24e-05	0.00e+00	0.00e+00	0.00e+00	0.00e+00	0.00e+00	0.00e+00	9.74e-01	1.94e-08	1.66e-08
 2.85068e+23	9.75e-01	2.55e-02	2.22e-05	0.00e+00	0.00e+00	0.00e+00	0.00e+00	0.00e+00	0.00e+00	9.75e-01	1.93e-08	1.66e-08
 2.85211e+23	9.75e-01	2.51e-02	2.21e-05	0.00e+00	0.00e+00	0.00e+00	0.00e+00	0.00e+00	0.00e+00	9.75e-01	1.92e-08	1.64e-08
 2.85342e+23	9.75e-01	2.49e-02	2.19e-05	0.00e+00	0.00e+00	0.00e+00	0.00e+00	0.00e+00	0.00e+00	9.75e-01	1.91e-08	1.64e-08
 2.85485e+23	9.75e-01	2.46e-02	2.17e-05	0.00e+00	0.00e+00	0.00e+00	0.00e+00	0.00e+00	0.00e+00	9.75e-01	1.90e-08	1.63e-08
 2.85671e+23	9.76e-01	2.42e-02	2.15e-05	0.00e+00	0.00e+00	0.00e+00	0.00e+00	0.00e+00	0.00e+00	9.76e-01	1.88e-08	1.62e-08
 2.85872e+23	9.76e-01	2.37e-02	2.13e-05	0.00e+00	0.00e+00	0.00e+00	0.00e+00	0.00e+00	0.00e+00	9.76e-01	1.86e-08	1.60e-08
 2.86054e+23	9.77e-01	2.33e-02	2.11e-05	0.00e+00	0.00e+00	0.00e+00	0.00e+00	0.00e+00	0.00e+00	9.77e-01	1.84e-08	1.59e-08
 2.86221e+23	9.77e-01	2.31e-02	2.09e-05	0.00e+00	0.00e+00	0.00e+00	0.00e+00	0.00e+00	0.00e+00	9.77e-01	1.83e-08	1.57e-08
 2.86372e+23	9.77e-01	2.28e-02	2.07e-05	0.00e+00	0.00e+00	0.00e+00	0.00e+00	0.00e+00	0.00e+00	9.77e-01	1.82e-08	1.56e-08
 2.86538e+23	9.78e-01	2.25e-02	2.06e-05	0.00e+00	0.00e+00	0.00e+00	0.00e+00	0.00e+00	0.00e+00	9.78e-01	1.81e-08	1.55e-08
 2.86754e+23	9.78e-01	2.20e-02	2.03e-05	0.00e+00	0.00e+00	0.00e+00	0.00e+00	0.00e+00	0.00e+00	9.78e-01	1.79e-08	1.53e-08
 2.86986e+23	9.79e-01	2.15e-02	2.01e-05	0.00e+00	0.00e+00	0.00e+00	0.00e+00	0.00e+00	0.00e+00	9.79e-01	1.77e-08	1.51e-08
 2.87198e+23	9.79e-01	2.11e-02	1.98e-05	0.00e+00	0.00e+00	0.00e+00	0.00e+00	0.00e+00	0.00e+00	9.79e-01	1.75e-08	1.49e-08
 2.87391e+23	9.79e-01	2.07e-02	1.96e-05	0.00e+00	0.00e+00	0.00e+00	0.00e+00	0.00e+00	0.00e+00	9.79e-01	1.73e-08	1.47e-08
 2.87566e+23	9.79e-01	2.05e-02	1.95e-05	0.00e+00	0.00e+00	0.00e+00	0.00e+00	0.00e+00	0.00e+00	9.79e-01	1.72e-08	1.46e-08
 2.87759e+23	9.80e-01	2.02e-02	1.93e-05	0.00e+00	0.00e+00	0.00e+00	0.00e+00	0.00e+00	0.00e+00	9.80e-01	1.71e-08	1.45e-08
 2.87966e+23	9.80e-01	1.98e-02	1.91e-05	0.00e+00	0.00e+00	0.00e+00	0.00e+00	0.00e+00	0.00e+00	9.80e-01	1.70e-08	1.43e-08
 2.88155e+23	9.80e-01	1.95e-02	1.89e-05	0.00e+00	0.00e+00	0.00e+00	0.00e+00	0.00e+00	0.00e+00	9.80e-01	1.68e-08	1.42e-08
 2.88327e+23	9.81e-01	1.93e-02	1.88e-05	0.00e+00	0.00e+00	0.00e+00	0.00e+00	0.00e+00	0.00e+00	9.81e-01	1.67e-08	1.41e-08
 2.88515e+23	9.81e-01	1.89e-02	1.86e-05	0.00e+00	0.00e+00	0.00e+00	0.00e+00	0.00e+00	0.00e+00	9.81e-01	1.65e-08	1.39e-08
 2.88718e+23	9.81e-01	1.86e-02	1.84e-05	0.00e+00	0.00e+00	0.00e+00	0.00e+00	0.00e+00	0.00e+00	9.81e-01	1.63e-08	1.37e-08
 2.88903e+23	9.82e-01	1.84e-02	1.83e-05	0.00e+00	0.00e+00	0.00e+00	0.00e+00	0.00e+00	0.00e+00	9.82e-01	1.63e-08	1.36e-08
 2.89106e+23	9.82e-01	1.80e-02	1.81e-05	0.00e+00	0.00e+00	0.00e+00	0.00e+00	0.00e+00	0.00e+00	9.82e-01	1.61e-08	1.34e-08
 2.89325e+23	9.82e-01	1.77e-02	1.79e-05	0.00e+00	0.00e+00	0.00e+00	0.00e+00	0.00e+00	0.00e+00	9.82e-01	1.58e-08	1.32e-08
 2.89524e+23	9.83e-01	1.74e-02	1.77e-05	0.00e+00	0.00e+00	0.00e+00	0.00e+00	0.00e+00	0.00e+00	9.83e-01	1.58e-08	1.31e-08
 2.89742e+23	9.83e-01	1.71e-02	1.75e-05	0.00e+00	0.00e+00	0.00e+00	0.00e+00	0.00e+00	0.00e+00	9.83e-01	1.55e-08	1.29e-08
 2.89978e+23	9.83e-01	1.67e-02	1.73e-05	0.00e+00	0.00e+00	0.00e+00	0.00e+00	0.00e+00	0.00e+00	9.83e-01	1.53e-08	1.26e-08
 2.90192e+23	9.84e-01	1.65e-02	1.72e-05	0.00e+00	0.00e+00	0.00e+00	0.00e+00	0.00e+00	0.00e+00	9.84e-01	1.52e-08	1.25e-08
 2.90427e+23	9.84e-01	1.61e-02	1.70e-05	0.00e+00	0.00e+00	0.00e+00	0.00e+00	0.00e+00	0.00e+00	9.84e-01	1.50e-08	1.23e-08
 2.90681e+23	9.84e-01	1.58e-02	1.68e-05	0.00e+00	0.00e+00	0.00e+00	0.00e+00	0.00e+00	0.00e+00	9.84e-01	1.48e-08	1.21e-08
 2.90912e+23	9.84e-01	1.55e-02	1.66e-05	0.00e+00	0.00e+00	0.00e+00	0.00e+00	0.00e+00	0.00e+00	9.84e-01	1.46e-08	1.19e-08
 2.91122e+23	9.85e-01	1.52e-02	1.65e-05	0.00e+00	0.00e+00	0.00e+00	0.00e+00	0.00e+00	0.00e+00	9.85e-01	1.44e-08	1.17e-08
 2.91313e+23	9.85e-01	1.51e-02	1.63e-05	0.00e+00	0.00e+00	0.00e+00	0.00e+00	0.00e+00	0.00e+00	9.85e-01	1.44e-08	1.16e-08
 2.91522e+23	9.85e-01	1.48e-02	1.62e-05	0.00e+00	0.00e+00	0.00e+00	0.00e+00	0.00e+00	0.00e+00	9.85e-01	1.42e-08	1.15e-08
 2.91748e+23	9.85e-01	1.45e-02	1.60e-05	0.00e+00	0.00e+00	0.00e+00	0.00e+00	0.00e+00	0.00e+00	9.85e-01	1.40e-08	1.13e-08
 2.91954e+23	9.86e-01	1.43e-02	1.59e-05	0.00e+00	0.00e+00	0.00e+00	0.00e+00	0.00e+00	0.00e+00	9.86e-01	1.39e-08	1.12e-08
 2.92180e+23	9.86e-01	1.40e-02	1.57e-05	0.00e+00	0.00e+00	0.00e+00	0.00e+00	0.00e+00	0.00e+00	9.86e-01	1.37e-08	1.10e-08
 2.92423e+23	9.86e-01	1.38e-02	1.55e-05	0.00e+00	0.00e+00	0.00e+00	0.00e+00	0.00e+00	0.00e+00	9.86e-01	1.35e-08	1.08e-08
 2.92645e+23	9.86e-01	1.35e-02	1.54e-05	0.00e+00	0.00e+00	0.00e+00	0.00e+00	0.00e+00	0.00e+00	9.86e-01	1.34e-08	1.07e-08
 2.92887e+23	9.87e-01	1.33e-02	1.52e-05	0.00e+00	0.00e+00	0.00e+00	0.00e+00	0.00e+00	0.00e+00	9.87e-01	1.33e-08	1.06e-08
 2.93149e+23	9.87e-01	1.30e-02	1.51e-05	0.00e+00	0.00e+00	0.00e+00	0.00e+00	0.00e+00	0.00e+00	9.87e-01	1.31e-08	1.04e-08
 2.93388e+23	9.87e-01	1.27e-02	1.49e-05	0.00e+00	0.00e+00	0.00e+00	0.00e+00	0.00e+00	0.00e+00	9.87e-01	1.29e-08	1.02e-08
 2.93605e+23	9.87e-01	1.26e-02	1.48e-05	0.00e+00	0.00e+00	0.00e+00	0.00e+00	0.00e+00	0.00e+00	9.87e-01	1.29e-08	1.02e-08
 2.93843e+23	9.88e-01	1.23e-02	1.46e-05	0.00e+00	0.00e+00	0.00e+00	0.00e+00	0.00e+00	0.00e+00	9.88e-01	1.27e-08	9.97e-09
 2.94099e+23	9.88e-01	1.21e-02	1.45e-05	0.00e+00	0.00e+00	0.00e+00	0.00e+00	0.00e+00	0.00e+00	9.88e-01	1.25e-08	9.77e-09
 2.94333e+23	9.88e-01	1.19e-02	1.44e-05	0.00e+00	0.00e+00	0.00e+00	0.00e+00	0.00e+00	0.00e+00	9.88e-01	1.24e-08	9.68e-09
 2.94589e+23	9.88e-01	1.16e-02	1.42e-05	0.00e+00	0.00e+00	0.00e+00	0.00e+00	0.00e+00	0.00e+00	9.88e-01	1.23e-08	9.51e-09
 2.94865e+23	9.89e-01	1.14e-02	1.40e-05	0.00e+00	0.00e+00	0.00e+00	0.00e+00	0.00e+00	0.00e+00	9.89e-01	1.21e-08	9.34e-09
 2.95117e+23	9.89e-01	1.12e-02	1.39e-05	0.00e+00	0.00e+00	0.00e+00	0.00e+00	0.00e+00	0.00e+00	9.89e-01	1.20e-08	9.20e-09
 2.95392e+23	9.89e-01	1.10e-02	1.37e-05	0.00e+00	0.00e+00	0.00e+00	0.00e+00	0.00e+00	0.00e+00	9.89e-01	1.18e-08	9.02e-09
 2.95690e+23	9.89e-01	1.07e-02	1.36e-05	0.00e+00	0.00e+00	0.00e+00	0.00e+00	0.00e+00	0.00e+00	9.89e-01	1.16e-08	8.82e-09
 2.95960e+23	9.89e-01	1.05e-02	1.34e-05	0.00e+00	0.00e+00	0.00e+00	0.00e+00	0.00e+00	0.00e+00	9.89e-01	1.15e-08	8.73e-09
 2.96257e+23	9.90e-01	1.03e-02	1.33e-05	0.00e+00	0.00e+00	0.00e+00	0.00e+00	0.00e+00	0.00e+00	9.90e-01	1.13e-08	8.54e-09
 2.96577e+23	9.90e-01	9.99e-03	1.31e-05	0.00e+00	0.00e+00	0.00e+00	0.00e+00	0.00e+00	0.00e+00	9.90e-01	1.11e-08	8.35e-09
 2.96869e+23	9.90e-01	9.82e-03	1.30e-05	0.00e+00	0.00e+00	0.00e+00	0.00e+00	0.00e+00	0.00e+00	9.90e-01	1.10e-08	8.24e-09
 2.97188e+23	9.90e-01	9.57e-03	1.28e-05	0.00e+00	0.00e+00	0.00e+00	0.00e+00	0.00e+00	0.00e+00	9.90e-01	1.08e-08	8.06e-09
 2.97533e+23	9.91e-01	9.31e-03	1.26e-05	0.00e+00	0.00e+00	0.00e+00	0.00e+00	0.00e+00	0.00e+00	9.91e-01	1.06e-08	7.87e-09
 2.97847e+23	9.91e-01	9.14e-03	1.25e-05	0.00e+00	0.00e+00	0.00e+00	0.00e+00	0.00e+00	0.00e+00	9.91e-01	1.05e-08	7.76e-09
 2.98191e+23	9.91e-01	8.89e-03	1.23e-05	0.00e+00	0.00e+00	0.00e+00	0.00e+00	0.00e+00	0.00e+00	9.91e-01	1.03e-08	7.58e-09
 2.98562e+23	9.91e-01	8.64e-03	1.21e-05	0.00e+00	0.00e+00	0.00e+00	0.00e+00	0.00e+00	0.00e+00	9.91e-01	1.01e-08	7.38e-09
 2.98899e+23	9.92e-01	8.47e-03	1.20e-05	0.00e+00	0.00e+00	0.00e+00	0.00e+00	0.00e+00	0.00e+00	9.92e-01	9.96e-09	7.28e-09
 2.99270e+23	9.92e-01	8.22e-03	1.18e-05	0.00e+00	0.00e+00	0.00e+00	0.00e+00	0.00e+00	0.00e+00	9.92e-01	9.76e-09	7.09e-09
 2.99669e+23	9.92e-01	7.97e-03	1.16e-05	0.00e+00	0.00e+00	0.00e+00	0.00e+00	0.00e+00	0.00e+00	9.92e-01	9.55e-09	6.90e-09
 3.00033e+23	9.92e-01	7.81e-03	1.15e-05	0.00e+00	0.00e+00	0.00e+00	0.00e+00	0.00e+00	0.00e+00	9.92e-01	9.45e-09	6.79e-09
 3.00431e+23	9.92e-01	7.58e-03	1.13e-05	0.00e+00	0.00e+00	0.00e+00	0.00e+00	0.00e+00	0.00e+00	9.92e-01	9.26e-09	6.62e-09
