#depth	He	He+	He+2
 4.62852e+21	3.50e-11	5.90e-06	1.00e+00
 1.03218e+22	9.79e-11	9.83e-06	1.00e+00
 1.19107e+22	1.66e-10	1.30e-05	1.00e+00
 1.26967e+22	2.16e-10	1.52e-05	1.00e+00
 1.30243e+22	2.31e-10	1.57e-05	1.00e+00
 1.31463e+22	2.44e-10	1.63e-05	1.00e+00
 1.32585e+22	2.58e-10	1.68e-05	1.00e+00
 1.33865e+22	2.77e-10	1.75e-05	1.00e+00
 1.35129e+22	2.92e-10	1.81e-05	1.00e+00
 1.36372e+22	3.13e-10	1.89e-05	1.00e+00
 1.37636e+22	3.30e-10	1.95e-05	1.00e+00
 1.38925e+22	3.53e-10	2.03e-05	1.00e+00
 1.40250e+22	3.73e-10	2.11e-05	1.00e+00
 1.41624e+22	4.01e-10	2.20e-05	1.00e+00
 1.43017e+22	4.23e-10	2.28e-05	1.00e+00
 1.44437e+22	4.55e-10	2.39e-05	1.00e+00
 1.45817e+22	4.78e-10	2.47e-05	1.00e+00
 1.47146e+22	5.09e-10	2.58e-05	1.00e+00
 1.48492e+22	5.35e-10	2.66e-05	1.00e+00
 1.49861e+22	5.70e-10	2.78e-05	1.00e+00
 1.51245e+22	5.98e-10	2.87e-05	1.00e+00
 1.52646e+22	5.99e-10	3.00e-05	1.00e+00
 1.54072e+22	6.29e-10	3.10e-05	1.00e+00
 1.55529e+22	6.71e-10	3.24e-05	1.00e+00
 1.57014e+22	7.04e-10	3.35e-05	1.00e+00
 1.58535e+22	7.51e-10	3.50e-05	1.00e+00
 1.60009e+22	7.84e-10	3.61e-05	1.00e+00
 1.61422e+22	8.31e-10	3.76e-05	1.00e+00
 1.62869e+22	8.69e-10	3.88e-05	1.00e+00
 1.64358e+22	9.21e-10	4.04e-05	1.00e+00
 1.65880e+22	9.64e-10	4.18e-05	1.00e+00
 1.67447e+22	1.02e-09	4.36e-05	1.00e+00
 1.69021e+22	1.07e-09	4.50e-05	1.00e+00
 1.70604e+22	1.13e-09	4.70e-05	1.00e+00
 1.72207e+22	1.19e-09	4.85e-05	1.00e+00
 1.73835e+22	1.26e-09	5.07e-05	1.00e+00
 1.75485e+22	1.31e-09	5.24e-05	1.00e+00
 1.76891e+22	1.37e-09	5.40e-05	1.00e+00
 1.78449e+22	1.44e-09	5.63e-05	1.00e+00
 1.79990e+22	1.50e-09	5.79e-05	1.00e+00
 1.81509e+22	1.58e-09	6.02e-05	1.00e+00
 1.83056e+22	1.64e-09	6.20e-05	1.00e+00
 1.84639e+22	1.73e-09	6.45e-05	1.00e+00
 1.86234e+22	1.80e-09	6.65e-05	1.00e+00
 1.87848e+22	1.89e-09	6.92e-05	1.00e+00
 1.89407e+22	1.96e-09	7.12e-05	1.00e+00
 1.90897e+22	2.05e-09	7.37e-05	1.00e+00
 1.92442e+22	2.13e-09	7.59e-05	1.00e+00
 1.93837e+22	2.21e-09	7.82e-05	1.00e+00
 1.95429e+22	2.32e-09	8.11e-05	1.00e+00
 1.97050e+22	2.41e-09	8.36e-05	1.00e+00
 1.98478e+22	2.51e-09	8.61e-05	1.00e+00
 2.00101e+22	2.63e-09	8.94e-05	1.00e+00
 2.01771e+22	2.73e-09	9.20e-05	1.00e+00
 2.03502e+22	2.87e-09	9.55e-05	1.00e+00
 2.05280e+22	3.00e-09	9.87e-05	1.00e+00
 2.06759e+22	3.11e-09	1.01e-04	1.00e+00
 2.08321e+22	3.24e-09	1.05e-04	1.00e+00
 2.09953e+22	3.37e-09	1.08e-04	1.00e+00
 2.11678e+22	3.54e-09	1.12e-04	1.00e+00
 2.13417e+22	3.69e-09	1.15e-04	1.00e+00
 2.15173e+22	3.87e-09	1.19e-04	1.00e+00
 2.17038e+22	4.05e-09	1.24e-04	1.00e+00
 2.18714e+22	4.22e-09	1.27e-04	1.00e+00
 2.20563e+22	4.44e-09	1.32e-04	1.00e+00
 2.22483e+22	4.64e-09	1.37e-04	1.00e+00
 2.24496e+22	4.91e-09	1.42e-04	1.00e+00
 2.26529e+22	5.13e-09	1.47e-04	1.00e+00
 2.28296e+22	5.36e-09	1.52e-04	1.00e+00
 2.30302e+22	5.65e-09	1.59e-04	1.00e+00
 2.32383e+22	5.91e-09	1.64e-04	1.00e+00
 2.34244e+22	6.16e-09	1.70e-04	1.00e+00
 2.36346e+22	6.50e-09	1.78e-04	1.00e+00
 2.38506e+22	6.79e-09	1.85e-04	1.00e+00
 2.40403e+22	7.08e-09	1.92e-04	1.00e+00
 2.42531e+22	7.44e-09	2.01e-04	1.00e+00
 2.44756e+22	7.77e-09	2.10e-04	1.00e+00
 2.46751e+22	8.07e-09	2.18e-04	1.00e+00
 2.48988e+22	8.46e-09	2.30e-04	1.00e+00
 2.51116e+22	8.74e-09	2.38e-04	1.00e+00
 2.53104e+22	9.07e-09	2.50e-04	1.00e+00
 2.55094e+22	9.35e-09	2.59e-04	1.00e+00
 2.57090e+22	9.66e-09	2.72e-04	1.00e+00
 2.59107e+22	9.93e-09	2.83e-04	1.00e+00
 2.61152e+22	1.02e-08	2.98e-04	1.00e+00
 2.63222e+22	1.05e-08	3.10e-04	1.00e+00
 2.65324e+22	1.07e-08	3.27e-04	1.00e+00
 2.67465e+22	1.10e-08	3.41e-04	1.00e+00
 2.69659e+22	1.12e-08	3.61e-04	1.00e+00
 2.71895e+22	1.14e-08	3.78e-04	1.00e+00
 2.74188e+22	1.15e-08	4.02e-04	1.00e+00
 2.76519e+22	1.17e-08	4.21e-04	1.00e+00
 2.78819e+22	1.18e-08	4.47e-04	1.00e+00
 2.81024e+22	1.19e-08	4.67e-04	1.00e+00
 2.83189e+22	1.20e-08	4.95e-04	1.00e+00
 2.85339e+22	1.21e-08	5.17e-04	9.99e-01
 2.87470e+22	1.21e-08	5.48e-04	9.99e-01
 2.89601e+22	1.22e-08	5.72e-04	9.99e-01
 2.91732e+22	1.23e-08	6.05e-04	9.99e-01
 2.93862e+22	1.25e-08	6.32e-04	9.99e-01
 2.95989e+22	1.27e-08	6.69e-04	9.99e-01
 2.98116e+22	1.29e-08	6.98e-04	9.99e-01
 3.00245e+22	1.32e-08	7.37e-04	9.99e-01
 3.02381e+22	1.35e-08	7.69e-04	9.99e-01
 3.04526e+22	1.40e-08	8.13e-04	9.99e-01
 3.06683e+22	1.45e-08	8.48e-04	9.99e-01
 3.08856e+22	1.52e-08	8.97e-04	9.99e-01
 3.11054e+22	1.59e-08	9.36e-04	9.99e-01
 3.13282e+22	1.68e-08	9.90e-04	9.99e-01
 3.15541e+22	1.77e-08	1.03e-03	9.99e-01
 3.17839e+22	1.91e-08	1.09e-03	9.99e-01
 3.20181e+22	2.03e-08	1.14e-03	9.99e-01
 3.22578e+22	2.22e-08	1.21e-03	9.99e-01
 3.25030e+22	2.38e-08	1.27e-03	9.99e-01
 3.27119e+22	2.55e-08	1.32e-03	9.99e-01
 3.29066e+22	2.73e-08	1.38e-03	9.99e-01
 3.31262e+22	2.99e-08	1.45e-03	9.99e-01
 3.33440e+22	3.20e-08	1.51e-03	9.98e-01
 3.35594e+22	3.52e-08	1.59e-03	9.98e-01
 3.37767e+22	3.78e-08	1.65e-03	9.98e-01
 3.39964e+22	4.16e-08	1.74e-03	9.98e-01
 3.42186e+22	4.49e-08	1.80e-03	9.98e-01
 3.44440e+22	4.96e-08	1.90e-03	9.98e-01
 3.46723e+22	5.36e-08	1.98e-03	9.98e-01
 3.49043e+22	5.96e-08	2.08e-03	9.98e-01
 3.51400e+22	6.46e-08	2.17e-03	9.98e-01
 3.53804e+22	7.20e-08	2.29e-03	9.98e-01
 3.56255e+22	7.83e-08	2.39e-03	9.98e-01
 3.58765e+22	8.77e-08	2.53e-03	9.97e-01
 3.61327e+22	9.56e-08	2.63e-03	9.97e-01
 3.63954e+22	1.08e-07	2.79e-03	9.97e-01
 3.66598e+22	1.18e-07	2.92e-03	9.97e-01
 3.69265e+22	1.32e-07	3.09e-03	9.97e-01
 3.71829e+22	1.43e-07	3.21e-03	9.97e-01
 3.74260e+22	1.60e-07	3.39e-03	9.97e-01
 3.76779e+22	1.74e-07	3.53e-03	9.96e-01
 3.78964e+22	1.88e-07	3.67e-03	9.96e-01
 3.81358e+22	2.09e-07	3.86e-03	9.96e-01
 3.83754e+22	2.25e-07	4.01e-03	9.96e-01
 3.86152e+22	2.50e-07	4.22e-03	9.96e-01
 3.88578e+22	2.70e-07	4.38e-03	9.96e-01
 3.91042e+22	3.00e-07	4.61e-03	9.95e-01
 3.93549e+22	3.25e-07	4.80e-03	9.95e-01
 3.96114e+22	3.62e-07	5.06e-03	9.95e-01
 3.98731e+22	3.94e-07	5.28e-03	9.95e-01
 4.01416e+22	4.41e-07	5.57e-03	9.94e-01
 4.04147e+22	4.81e-07	5.82e-03	9.94e-01
 4.06939e+22	5.39e-07	6.15e-03	9.94e-01
 4.09756e+22	5.89e-07	6.43e-03	9.94e-01
 4.12603e+22	6.61e-07	6.80e-03	9.93e-01
 4.15486e+22	7.23e-07	7.11e-03	9.93e-01
 4.18415e+22	8.12e-07	7.53e-03	9.92e-01
 4.21397e+22	8.93e-07	7.89e-03	9.92e-01
 4.24448e+22	1.01e-06	8.36e-03	9.92e-01
 4.27559e+22	1.11e-06	8.78e-03	9.91e-01
 4.30283e+22	1.22e-06	9.19e-03	9.91e-01
 4.33357e+22	1.37e-06	9.75e-03	9.90e-01
 4.36543e+22	1.52e-06	1.02e-02	9.90e-01
 4.39138e+22	1.65e-06	1.07e-02	9.89e-01
 4.41428e+22	1.78e-06	1.11e-02	9.89e-01
 4.44056e+22	1.96e-06	1.16e-02	9.88e-01
 4.46843e+22	2.14e-06	1.21e-02	9.88e-01
 4.49423e+22	2.33e-06	1.27e-02	9.87e-01
 4.52362e+22	2.61e-06	1.34e-02	9.87e-01
 4.55335e+22	2.86e-06	1.40e-02	9.86e-01
 4.58350e+22	3.20e-06	1.48e-02	9.85e-01
 4.61416e+22	3.52e-06	1.55e-02	9.84e-01
 4.64098e+22	3.85e-06	1.62e-02	9.84e-01
 4.67136e+22	4.32e-06	1.72e-02	9.83e-01
 4.70250e+22	4.73e-06	1.80e-02	9.82e-01
 4.73465e+22	5.32e-06	1.90e-02	9.81e-01
 4.76746e+22	5.89e-06	2.00e-02	9.80e-01
 4.79635e+22	6.48e-06	2.10e-02	9.79e-01
 4.82911e+22	7.30e-06	2.22e-02	9.78e-01
 4.86297e+22	8.11e-06	2.34e-02	9.77e-01
 4.89314e+22	8.94e-06	2.46e-02	9.75e-01
 4.92725e+22	1.01e-05	2.61e-02	9.74e-01
 4.96220e+22	1.13e-05	2.76e-02	9.72e-01
 4.99304e+22	1.25e-05	2.89e-02	9.71e-01
 5.02792e+22	1.41e-05	3.08e-02	9.69e-01
 5.06385e+22	1.58e-05	3.25e-02	9.67e-01
 5.09575e+22	1.75e-05	3.42e-02	9.66e-01
 5.13184e+22	1.99e-05	3.64e-02	9.64e-01
 5.16900e+22	2.23e-05	3.85e-02	9.61e-01
 5.20222e+22	2.48e-05	4.06e-02	9.59e-01
 5.24008e+22	2.84e-05	4.34e-02	9.57e-01
 5.27864e+22	3.19e-05	4.59e-02	9.54e-01
 5.31812e+22	3.67e-05	4.91e-02	9.51e-01
 5.35715e+22	4.10e-05	5.18e-02	9.48e-01
 5.38879e+22	4.52e-05	5.44e-02	9.46e-01
 5.42312e+22	5.10e-05	5.76e-02	9.42e-01
 5.45778e+22	5.63e-05	6.05e-02	9.39e-01
 5.48820e+22	6.20e-05	6.34e-02	9.37e-01
 5.52309e+22	7.00e-05	6.71e-02	9.33e-01
 5.55902e+22	7.78e-05	7.07e-02	9.29e-01
 5.59113e+22	8.59e-05	7.41e-02	9.26e-01
 5.62772e+22	9.74e-05	7.87e-02	9.21e-01
 5.66462e+22	1.08e-04	8.28e-02	9.17e-01
 5.69675e+22	1.19e-04	8.68e-02	9.13e-01
 5.72570e+22	1.29e-04	9.02e-02	9.10e-01
 5.75565e+22	1.43e-04	9.46e-02	9.05e-01
 5.78620e+22	1.56e-04	9.85e-02	9.01e-01
 5.81300e+22	1.69e-04	1.02e-01	8.97e-01
 5.84331e+22	1.87e-04	1.07e-01	8.92e-01
 5.87414e+22	2.03e-04	1.12e-01	8.88e-01
 5.90147e+22	2.20e-04	1.16e-01	8.84e-01
 5.92828e+22	2.38e-04	1.20e-01	8.79e-01
 5.95859e+22	2.63e-04	1.26e-01	8.73e-01
 5.98995e+22	2.86e-04	1.31e-01	8.68e-01
 6.01836e+22	3.11e-04	1.36e-01	8.63e-01
 6.05098e+22	3.46e-04	1.43e-01	8.56e-01
 6.08372e+22	3.75e-04	1.49e-01	8.51e-01
 6.11659e+22	4.17e-04	1.56e-01	8.43e-01
 6.15010e+22	4.54e-04	1.63e-01	8.37e-01
 6.18441e+22	5.05e-04	1.71e-01	8.29e-01
 6.21943e+22	5.51e-04	1.78e-01	8.22e-01
 6.25536e+22	6.15e-04	1.87e-01	8.12e-01
 6.29180e+22	6.74e-04	1.95e-01	8.04e-01
 6.32888e+22	7.54e-04	2.05e-01	7.94e-01
 6.36675e+22	8.28e-04	2.14e-01	7.85e-01
 6.40563e+22	9.31e-04	2.25e-01	7.74e-01
 6.43956e+22	9.94e-04	2.32e-01	7.67e-01
 6.46705e+22	1.08e-03	2.40e-01	7.59e-01
 6.49536e+22	1.15e-03	2.47e-01	7.51e-01
 6.52473e+22	1.26e-03	2.57e-01	7.42e-01
 6.55460e+22	1.35e-03	2.64e-01	7.34e-01
 6.58514e+22	1.47e-03	2.74e-01	7.24e-01
 6.61586e+22	1.58e-03	2.83e-01	7.16e-01
 6.64681e+22	1.72e-03	2.93e-01	7.05e-01
 6.67847e+22	1.85e-03	3.02e-01	6.96e-01
 6.70199e+22	1.94e-03	3.08e-01	6.90e-01
 6.71799e+22	2.01e-03	3.13e-01	6.85e-01
 6.73327e+22	2.09e-03	3.18e-01	6.80e-01
 6.75312e+22	2.21e-03	3.26e-01	6.72e-01
 6.77893e+22	2.37e-03	3.35e-01	6.63e-01
 6.80562e+22	2.52e-03	3.44e-01	6.54e-01
 6.82638e+22	2.63e-03	3.50e-01	6.48e-01
 6.84628e+22	2.77e-03	3.57e-01	6.40e-01
 6.87216e+22	2.97e-03	3.67e-01	6.30e-01
 6.90069e+22	3.17e-03	3.77e-01	6.20e-01
 6.93267e+22	3.45e-03	3.90e-01	6.06e-01
 6.96703e+22	3.73e-03	4.02e-01	5.94e-01
 7.00448e+22	4.12e-03	4.18e-01	5.78e-01
 7.04258e+22	4.46e-03	4.31e-01	5.64e-01
 7.08150e+22	4.91e-03	4.47e-01	5.48e-01
 7.12128e+22	5.35e-03	4.62e-01	5.33e-01
 7.16219e+22	5.95e-03	4.81e-01	5.13e-01
 7.20299e+22	6.44e-03	4.95e-01	4.99e-01
 7.24366e+22	7.14e-03	5.14e-01	4.79e-01
 7.28531e+22	7.75e-03	5.29e-01	4.63e-01
 7.32823e+22	8.63e-03	5.49e-01	4.42e-01
 7.37199e+22	9.41e-03	5.66e-01	4.25e-01
 7.41685e+22	1.05e-02	5.87e-01	4.02e-01
 7.46238e+22	1.16e-02	6.06e-01	3.83e-01
 7.49785e+22	1.24e-02	6.19e-01	3.69e-01
 7.53299e+22	1.36e-02	6.36e-01	3.50e-01
 7.56797e+22	1.45e-02	6.50e-01	3.36e-01
 7.60273e+22	1.59e-02	6.67e-01	3.18e-01
 7.63796e+22	1.71e-02	6.81e-01	3.02e-01
 7.67381e+22	1.88e-02	6.97e-01	2.84e-01
 7.71011e+22	2.04e-02	7.12e-01	2.68e-01
 7.74172e+22	2.20e-02	7.25e-01	2.53e-01
 7.77753e+22	2.42e-02	7.40e-01	2.35e-01
 7.81439e+22	2.64e-02	7.54e-01	2.19e-01
 7.84678e+22	2.86e-02	7.66e-01	2.05e-01
 7.88301e+22	3.17e-02	7.80e-01	1.88e-01
 7.92126e+22	3.50e-02	7.92e-01	1.73e-01
 7.95403e+22	3.82e-02	8.02e-01	1.60e-01
 7.98214e+22	4.12e-02	8.09e-01	1.50e-01
 8.00813e+22	4.44e-02	8.16e-01	1.40e-01
 8.03776e+22	4.89e-02	8.22e-01	1.29e-01
 8.05976e+22	5.12e-02	8.25e-01	1.24e-01
 8.06774e+22	5.23e-02	8.26e-01	1.22e-01
 8.07356e+22	5.34e-02	8.27e-01	1.20e-01
 8.08031e+22	5.44e-02	8.28e-01	1.18e-01
 8.08844e+22	5.61e-02	8.29e-01	1.15e-01
 8.09665e+22	5.75e-02	8.30e-01	1.13e-01
 8.10395e+22	5.90e-02	8.31e-01	1.10e-01
 8.11105e+22	6.04e-02	8.31e-01	1.08e-01
 8.11806e+22	6.19e-02	8.32e-01	1.06e-01
 8.12491e+22	6.33e-02	8.32e-01	1.04e-01
 8.13199e+22	6.50e-02	8.33e-01	1.02e-01
 8.13904e+22	6.66e-02	8.33e-01	1.01e-01
 8.14562e+22	6.83e-02	8.33e-01	9.87e-02
 8.15192e+22	6.99e-02	8.33e-01	9.71e-02
 8.15819e+22	7.16e-02	8.33e-01	9.55e-02
 8.16451e+22	7.32e-02	8.33e-01	9.40e-02
 8.17092e+22	7.51e-02	8.33e-01	9.24e-02
 8.17727e+22	7.69e-02	8.32e-01	9.09e-02
 8.18337e+22	7.90e-02	8.32e-01	8.93e-02
 8.18918e+22	8.06e-02	8.31e-01	8.83e-02
 8.19509e+22	8.27e-02	8.30e-01	8.68e-02
 8.20121e+22	8.50e-02	8.30e-01	8.53e-02
 8.20682e+22	8.70e-02	8.29e-01	8.42e-02
 8.21215e+22	8.88e-02	8.28e-01	8.32e-02
 8.21796e+22	9.14e-02	8.27e-01	8.18e-02
 8.22375e+22	9.35e-02	8.26e-01	8.09e-02
 8.22922e+22	9.59e-02	8.24e-01	7.98e-02
 8.23474e+22	9.85e-02	8.23e-01	7.86e-02
 8.24000e+22	1.01e-01	8.21e-01	7.77e-02
 8.24520e+22	1.03e-01	8.20e-01	7.68e-02
 8.25054e+22	1.06e-01	8.18e-01	7.58e-02
 8.25591e+22	1.09e-01	8.16e-01	7.49e-02
 8.26125e+22	1.12e-01	8.14e-01	7.42e-02
 8.26670e+22	1.15e-01	8.12e-01	7.33e-02
 8.27226e+22	1.18e-01	8.10e-01	7.24e-02
 8.27756e+22	1.21e-01	8.07e-01	7.17e-02
 8.28278e+22	1.24e-01	8.05e-01	7.10e-02
 8.28820e+22	1.28e-01	8.02e-01	7.01e-02
 8.29347e+22	1.31e-01	7.99e-01	6.96e-02
 8.29872e+22	1.35e-01	7.96e-01	6.88e-02
 8.30403e+22	1.39e-01	7.93e-01	6.82e-02
 8.30942e+22	1.44e-01	7.89e-01	6.74e-02
 8.31483e+22	1.48e-01	7.85e-01	6.69e-02
 8.32031e+22	1.52e-01	7.81e-01	6.63e-02
 8.32597e+22	1.57e-01	7.77e-01	6.56e-02
 8.33145e+22	1.62e-01	7.73e-01	6.50e-02
 8.33694e+22	1.67e-01	7.68e-01	6.44e-02
 8.34268e+22	1.73e-01	7.63e-01	6.38e-02
 8.34859e+22	1.79e-01	7.58e-01	6.33e-02
 8.35464e+22	1.85e-01	7.52e-01	6.26e-02
 8.36069e+22	1.92e-01	7.46e-01	6.19e-02
 8.36675e+22	1.99e-01	7.40e-01	6.13e-02
 8.37304e+22	2.06e-01	7.33e-01	6.06e-02
 8.37889e+22	2.13e-01	7.27e-01	6.01e-02
 8.38393e+22	2.20e-01	7.21e-01	5.96e-02
 8.38892e+22	2.26e-01	7.15e-01	5.90e-02
 8.39434e+22	2.34e-01	7.08e-01	5.83e-02
 8.40005e+22	2.42e-01	7.01e-01	5.76e-02
 8.40570e+22	2.50e-01	6.94e-01	5.70e-02
 8.41136e+22	2.58e-01	6.86e-01	5.62e-02
 8.41721e+22	2.67e-01	6.78e-01	5.54e-02
 8.42307e+22	2.76e-01	6.69e-01	5.46e-02
 8.42902e+22	2.86e-01	6.60e-01	5.38e-02
 8.43516e+22	2.96e-01	6.51e-01	5.29e-02
 8.44146e+22	3.06e-01	6.42e-01	5.20e-02
 8.44786e+22	3.17e-01	6.31e-01	5.11e-02
 8.45432e+22	3.29e-01	6.21e-01	5.01e-02
 8.46089e+22	3.40e-01	6.10e-01	4.91e-02
 8.46768e+22	3.53e-01	5.99e-01	4.81e-02
 8.47463e+22	3.66e-01	5.87e-01	4.69e-02
 8.48165e+22	3.79e-01	5.76e-01	4.58e-02
 8.48879e+22	3.92e-01	5.63e-01	4.47e-02
 8.49617e+22	4.06e-01	5.50e-01	4.34e-02
 8.50372e+22	4.21e-01	5.37e-01	4.22e-02
 8.51141e+22	4.36e-01	5.24e-01	4.09e-02
 8.51935e+22	4.51e-01	5.09e-01	3.95e-02
 8.52743e+22	4.67e-01	4.95e-01	3.82e-02
 8.53571e+22	4.83e-01	4.81e-01	3.68e-02
 8.54435e+22	4.99e-01	4.66e-01	3.53e-02
 8.55323e+22	5.16e-01	4.50e-01	3.39e-02
 8.56223e+22	5.32e-01	4.35e-01	3.24e-02
 8.57130e+22	5.48e-01	4.21e-01	3.10e-02
 8.58055e+22	5.65e-01	4.06e-01	2.95e-02
 8.59008e+22	5.81e-01	3.91e-01	2.80e-02
 8.59997e+22	5.97e-01	3.76e-01	2.65e-02
 8.61013e+22	6.14e-01	3.61e-01	2.51e-02
 8.62038e+22	6.29e-01	3.47e-01	2.36e-02
 8.63089e+22	6.44e-01	3.34e-01	2.22e-02
 8.64183e+22	6.59e-01	3.20e-01	2.09e-02
 8.65307e+22	6.73e-01	3.07e-01	1.95e-02
 8.66460e+22	6.87e-01	2.95e-01	1.82e-02
 8.67659e+22	7.01e-01	2.82e-01	1.70e-02
 8.68900e+22	7.14e-01	2.71e-01	1.57e-02
 8.70174e+22	7.26e-01	2.59e-01	1.46e-02
 8.71453e+22	7.38e-01	2.48e-01	1.35e-02
 8.72679e+22	7.49e-01	2.39e-01	1.25e-02
 8.73841e+22	7.58e-01	2.30e-01	1.16e-02
 8.74964e+22	7.67e-01	2.22e-01	1.09e-02
 8.76051e+22	7.75e-01	2.15e-01	1.02e-02
 8.77102e+22	7.82e-01	2.08e-01	9.52e-03
 8.78115e+22	7.89e-01	2.02e-01	8.94e-03
 8.79077e+22	7.95e-01	1.96e-01	8.42e-03
 8.79987e+22	8.01e-01	1.91e-01	7.95e-03
 8.80841e+22	8.06e-01	1.86e-01	7.53e-03
 8.81666e+22	8.12e-01	1.81e-01	7.13e-03
 8.82490e+22	8.16e-01	1.77e-01	6.77e-03
 8.83285e+22	8.21e-01	1.73e-01	6.43e-03
 8.84050e+22	8.25e-01	1.69e-01	6.11e-03
 8.84787e+22	8.29e-01	1.65e-01	5.82e-03
 8.85498e+22	8.33e-01	1.61e-01	5.55e-03
 8.86184e+22	8.37e-01	1.58e-01	5.30e-03
 8.86848e+22	8.41e-01	1.54e-01	5.06e-03
 8.87488e+22	8.44e-01	1.51e-01	4.84e-03
 8.88105e+22	8.47e-01	1.48e-01	4.64e-03
 8.88700e+22	8.50e-01	1.45e-01	4.44e-03
 8.89275e+22	8.53e-01	1.43e-01	4.26e-03
 8.89830e+22	8.56e-01	1.40e-01	4.09e-03
 8.90351e+22	8.59e-01	1.37e-01	3.94e-03
 8.90825e+22	8.61e-01	1.35e-01	3.80e-03
 8.91256e+22	8.63e-01	1.33e-01	3.67e-03
 8.91649e+22	8.65e-01	1.31e-01	3.56e-03
 8.92006e+22	8.67e-01	1.29e-01	3.46e-03
 8.92331e+22	8.69e-01	1.28e-01	3.37e-03
 8.92627e+22	8.71e-01	1.26e-01	3.28e-03
 8.92896e+22	8.72e-01	1.25e-01	3.21e-03
 8.93141e+22	8.73e-01	1.24e-01	3.15e-03
 8.93410e+22	8.75e-01	1.22e-01	3.06e-03
 8.93699e+22	8.76e-01	1.21e-01	3.00e-03
 8.93963e+22	8.78e-01	1.20e-01	2.93e-03
 8.94203e+22	8.79e-01	1.19e-01	2.88e-03
 8.94466e+22	8.80e-01	1.17e-01	2.81e-03
 8.94750e+22	8.81e-01	1.16e-01	2.75e-03
 8.95061e+22	8.83e-01	1.15e-01	2.68e-03
 8.95397e+22	8.84e-01	1.13e-01	2.61e-03
 8.95702e+22	8.85e-01	1.12e-01	2.55e-03
 8.96037e+22	8.87e-01	1.11e-01	2.48e-03
 8.96399e+22	8.88e-01	1.09e-01	2.42e-03
 8.96728e+22	8.90e-01	1.08e-01	2.36e-03
 8.97027e+22	8.91e-01	1.07e-01	2.32e-03
 8.97355e+22	8.92e-01	1.05e-01	2.25e-03
 8.97710e+22	8.94e-01	1.04e-01	2.20e-03
 8.98032e+22	8.95e-01	1.03e-01	2.14e-03
 8.98385e+22	8.96e-01	1.02e-01	2.08e-03
 8.98766e+22	8.98e-01	1.00e-01	2.03e-03
 8.99113e+22	8.99e-01	9.91e-02	1.98e-03
 8.99493e+22	9.01e-01	9.75e-02	1.91e-03
 8.99904e+22	9.02e-01	9.62e-02	1.86e-03
 9.00277e+22	9.03e-01	9.50e-02	1.81e-03
 9.00617e+22	9.04e-01	9.37e-02	1.76e-03
 9.00927e+22	9.06e-01	9.26e-02	1.72e-03
 9.01208e+22	9.07e-01	9.15e-02	1.68e-03
 9.01517e+22	9.08e-01	9.02e-02	1.63e-03
 9.01850e+22	9.09e-01	8.91e-02	1.59e-03
 9.02153e+22	9.10e-01	8.80e-02	1.55e-03
 9.02428e+22	9.11e-01	8.73e-02	1.52e-03
 9.02730e+22	9.12e-01	8.60e-02	1.48e-03
 9.03057e+22	9.14e-01	8.50e-02	1.44e-03
 9.03353e+22	9.15e-01	8.40e-02	1.41e-03
 9.03624e+22	9.15e-01	8.32e-02	1.38e-03
 9.03920e+22	9.16e-01	8.22e-02	1.35e-03
 9.04239e+22	9.17e-01	8.13e-02	1.32e-03
 9.04589e+22	9.19e-01	8.01e-02	1.28e-03
 9.04967e+22	9.20e-01	7.90e-02	1.24e-03
 9.05311e+22	9.21e-01	7.81e-02	1.21e-03
 9.05624e+22	9.22e-01	7.72e-02	1.18e-03
 9.05909e+22	9.22e-01	7.64e-02	1.16e-03
 9.06222e+22	9.24e-01	7.52e-02	1.13e-03
 9.06559e+22	9.24e-01	7.44e-02	1.10e-03
 9.06928e+22	9.26e-01	7.34e-02	1.07e-03
 9.07327e+22	9.26e-01	7.26e-02	1.05e-03
 9.07689e+22	9.27e-01	7.16e-02	1.02e-03
 9.08019e+22	9.28e-01	7.09e-02	9.97e-04
 9.08381e+22	9.29e-01	6.98e-02	9.66e-04
 9.08772e+22	9.30e-01	6.89e-02	9.43e-04
 9.09127e+22	9.31e-01	6.82e-02	9.22e-04
 9.09517e+22	9.32e-01	6.71e-02	8.92e-04
 9.09937e+22	9.33e-01	6.62e-02	8.70e-04
 9.10320e+22	9.34e-01	6.53e-02	8.45e-04
 9.10668e+22	9.35e-01	6.46e-02	8.28e-04
 9.11050e+22	9.36e-01	6.36e-02	8.02e-04
 9.11461e+22	9.36e-01	6.28e-02	7.83e-04
 9.11836e+22	9.37e-01	6.21e-02	7.65e-04
 9.12247e+22	9.38e-01	6.11e-02	7.39e-04
 9.12690e+22	9.39e-01	6.03e-02	7.20e-04
 9.13094e+22	9.40e-01	5.96e-02	7.03e-04
 9.13536e+22	9.41e-01	5.85e-02	6.78e-04
 9.14013e+22	9.42e-01	5.77e-02	6.60e-04
 9.14448e+22	9.43e-01	5.68e-02	6.40e-04
 9.14843e+22	9.43e-01	5.62e-02	6.25e-04
 9.15276e+22	9.44e-01	5.52e-02	6.04e-04
 9.15744e+22	9.45e-01	5.45e-02	5.88e-04
 9.16170e+22	9.46e-01	5.38e-02	5.74e-04
 9.16636e+22	9.47e-01	5.28e-02	5.53e-04
 9.17139e+22	9.47e-01	5.20e-02	5.36e-04
 9.17597e+22	9.48e-01	5.14e-02	5.23e-04
 9.18099e+22	9.49e-01	5.04e-02	5.04e-04
 9.18641e+22	9.50e-01	4.97e-02	4.90e-04
 9.19135e+22	9.51e-01	4.89e-02	4.74e-04
 9.19583e+22	9.51e-01	4.82e-02	4.62e-04
 9.20075e+22	9.52e-01	4.73e-02	4.45e-04
 9.20606e+22	9.53e-01	4.66e-02	4.31e-04
 9.21089e+22	9.54e-01	4.60e-02	4.20e-04
 9.21619e+22	9.54e-01	4.51e-02	4.04e-04
 9.22190e+22	9.55e-01	4.44e-02	3.92e-04
 9.22710e+22	9.56e-01	4.38e-02	3.81e-04
 9.23280e+22	9.57e-01	4.29e-02	3.66e-04
 9.23896e+22	9.57e-01	4.23e-02	3.55e-04
 9.24456e+22	9.58e-01	4.15e-02	3.43e-04
 9.24965e+22	9.59e-01	4.09e-02	3.33e-04
 9.25456e+22	9.59e-01	4.03e-02	3.23e-04
