#depth	S	S+	S+2	S+3	S+4	S+5	S+6	S+7	S+8	S+9	S+10	S+11	S+12	S+13	S+14	S+15	S+16
 4.62852e+21	0.00e+00	2.00e-28	2.71e-24	4.65e-21	4.33e-18	1.93e-15	6.70e-12	2.45e-09	3.08e-07	1.28e-05	3.05e-04	2.98e-03	1.42e-02	6.05e-02	5.15e-01	3.39e-01	6.84e-02
 1.03218e+22	0.00e+00	2.90e-26	2.36e-22	2.35e-19	1.25e-16	4.85e-14	1.70e-10	5.09e-08	4.78e-06	1.34e-04	2.19e-03	1.40e-02	4.12e-02	1.06e-01	5.70e-01	2.36e-01	3.01e-02
 1.19107e+22	0.00e+00	4.61e-25	2.83e-21	2.08e-18	8.02e-16	2.26e-13	8.47e-10	2.34e-07	1.90e-05	4.31e-04	5.75e-03	2.97e-02	6.80e-02	1.33e-01	5.63e-01	1.81e-01	1.81e-02
 1.26967e+22	0.00e+00	1.88e-24	9.92e-21	6.19e-18	2.02e-15	4.81e-13	1.87e-09	4.99e-07	3.77e-05	7.66e-04	9.21e-03	4.26e-02	8.60e-02	1.47e-01	5.47e-01	1.55e-01	1.35e-02
 1.30243e+22	0.00e+00	2.68e-24	1.36e-20	8.13e-18	2.54e-15	5.80e-13	2.27e-09	6.02e-07	4.47e-05	8.82e-04	1.03e-02	4.66e-02	9.10e-02	1.50e-01	5.41e-01	1.48e-01	1.25e-02
 1.31463e+22	0.00e+00	3.65e-24	1.79e-20	1.03e-17	3.10e-15	6.82e-13	2.69e-09	7.07e-07	5.17e-05	9.96e-04	1.14e-02	5.02e-02	9.55e-02	1.52e-01	5.36e-01	1.42e-01	1.17e-02
 1.32585e+22	0.00e+00	4.90e-24	2.33e-20	1.30e-17	3.76e-15	7.98e-13	3.16e-09	8.26e-07	5.94e-05	1.12e-03	1.25e-02	5.40e-02	1.00e-01	1.55e-01	5.30e-01	1.37e-01	1.09e-02
 1.33865e+22	0.00e+00	7.18e-24	3.27e-20	1.74e-17	4.81e-15	9.73e-13	3.89e-09	1.01e-06	7.10e-05	1.30e-03	1.41e-02	5.91e-02	1.06e-01	1.58e-01	5.22e-01	1.30e-01	1.00e-02
 1.35129e+22	0.00e+00	9.59e-24	4.23e-20	2.17e-17	5.80e-15	1.13e-12	4.54e-09	1.17e-06	8.12e-05	1.45e-03	1.55e-02	6.33e-02	1.10e-01	1.60e-01	5.15e-01	1.25e-01	9.37e-03
 1.36372e+22	0.00e+00	1.39e-23	5.89e-20	2.89e-17	7.38e-15	1.38e-12	5.54e-09	1.41e-06	9.65e-05	1.67e-03	1.74e-02	6.90e-02	1.16e-01	1.62e-01	5.06e-01	1.18e-01	8.57e-03
 1.37636e+22	0.00e+00	1.87e-23	7.66e-20	3.63e-17	8.93e-15	1.61e-12	6.47e-09	1.64e-06	1.10e-04	1.87e-03	1.90e-02	7.38e-02	1.21e-01	1.64e-01	4.99e-01	1.13e-01	7.98e-03
 1.38925e+22	0.00e+00	2.74e-23	1.07e-19	4.86e-17	1.14e-14	1.96e-12	7.90e-09	1.99e-06	1.31e-04	2.15e-03	2.12e-02	8.03e-02	1.28e-01	1.66e-01	4.88e-01	1.07e-01	7.26e-03
 1.40250e+22	0.00e+00	3.74e-23	1.42e-19	6.18e-17	1.40e-14	2.31e-12	9.28e-09	2.32e-06	1.51e-04	2.41e-03	2.33e-02	8.59e-02	1.33e-01	1.68e-01	4.79e-01	1.02e-01	6.71e-03
 1.41624e+22	0.00e+00	5.58e-23	2.03e-19	8.41e-17	1.81e-14	2.84e-12	1.14e-08	2.83e-06	1.80e-04	2.79e-03	2.61e-02	9.36e-02	1.40e-01	1.70e-01	4.67e-01	9.52e-02	6.04e-03
 1.43017e+22	0.00e+00	7.63e-23	2.68e-19	1.07e-16	2.21e-14	3.35e-12	1.34e-08	3.30e-06	2.06e-04	3.12e-03	2.85e-02	9.98e-02	1.45e-01	1.71e-01	4.57e-01	9.03e-02	5.56e-03
 1.44437e+22	0.00e+00	1.15e-22	3.85e-19	1.47e-16	2.88e-14	4.15e-12	1.64e-08	4.02e-06	2.45e-04	3.60e-03	3.19e-02	1.08e-01	1.52e-01	1.72e-01	4.43e-01	8.41e-02	4.98e-03
 1.45817e+22	0.00e+00	1.53e-22	4.96e-19	1.83e-16	3.47e-14	4.82e-12	1.90e-08	4.60e-06	2.77e-04	3.97e-03	3.45e-02	1.15e-01	1.57e-01	1.73e-01	4.33e-01	7.99e-02	4.60e-03
 1.47146e+22	0.00e+00	2.22e-22	6.92e-19	2.43e-16	4.41e-14	5.87e-12	2.28e-08	5.49e-06	3.24e-04	4.51e-03	3.80e-02	1.23e-01	1.63e-01	1.73e-01	4.19e-01	7.46e-02	4.14e-03
 1.48492e+22	0.00e+00	2.96e-22	8.95e-19	3.04e-16	5.33e-14	6.84e-12	2.63e-08	6.29e-06	3.66e-04	4.97e-03	4.10e-02	1.30e-01	1.68e-01	1.73e-01	4.09e-01	7.06e-02	3.81e-03
 1.49861e+22	0.00e+00	4.33e-22	1.25e-18	4.08e-16	6.81e-14	8.34e-12	3.16e-08	7.50e-06	4.27e-04	5.64e-03	4.52e-02	1.39e-01	1.74e-01	1.73e-01	3.94e-01	6.56e-02	3.40e-03
 1.51245e+22	0.00e+00	5.74e-22	1.61e-18	5.08e-16	8.20e-14	9.72e-12	3.63e-08	8.54e-06	4.80e-04	6.19e-03	4.85e-02	1.46e-01	1.78e-01	1.72e-01	3.83e-01	6.20e-02	3.13e-03
 1.52646e+22	0.00e+00	8.38e-22	2.26e-18	6.80e-16	1.05e-13	1.19e-11	4.34e-08	1.01e-05	5.58e-04	6.99e-03	5.32e-02	1.56e-01	1.84e-01	1.72e-01	3.68e-01	5.73e-02	2.78e-03
 1.54072e+22	0.00e+00	1.11e-21	2.92e-18	8.51e-16	1.27e-13	1.39e-11	4.99e-08	1.16e-05	6.26e-04	7.65e-03	5.69e-02	1.63e-01	1.88e-01	1.71e-01	3.57e-01	5.39e-02	2.55e-03
 1.55529e+22	0.00e+00	1.63e-21	4.11e-18	1.14e-15	1.62e-13	1.70e-11	5.96e-08	1.37e-05	7.27e-04	8.62e-03	6.22e-02	1.74e-01	1.93e-01	1.69e-01	3.41e-01	4.95e-02	2.25e-03
 1.57014e+22	0.00e+00	2.19e-21	5.33e-18	1.44e-15	1.97e-13	1.99e-11	6.85e-08	1.56e-05	8.14e-04	9.43e-03	6.65e-02	1.82e-01	1.97e-01	1.67e-01	3.29e-01	4.64e-02	2.05e-03
 1.58535e+22	0.00e+00	3.22e-21	7.54e-18	1.94e-15	2.54e-13	2.45e-11	8.20e-08	1.85e-05	9.45e-04	1.06e-02	7.24e-02	1.92e-01	2.02e-01	1.65e-01	3.13e-01	4.24e-02	1.80e-03
 1.60009e+22	0.00e+00	4.18e-21	9.53e-18	2.38e-15	3.02e-13	2.83e-11	9.29e-08	2.07e-05	1.04e-03	1.15e-02	7.67e-02	1.99e-01	2.04e-01	1.63e-01	3.02e-01	3.99e-02	1.65e-03
 1.61422e+22	0.00e+00	5.95e-21	1.30e-17	3.13e-15	3.80e-13	3.41e-11	1.09e-07	2.41e-05	1.19e-03	1.27e-02	8.26e-02	2.09e-01	2.08e-01	1.61e-01	2.88e-01	3.66e-02	1.45e-03
 1.62869e+22	1.55e-34	7.78e-21	1.66e-17	3.86e-15	4.55e-13	3.96e-11	1.24e-07	2.71e-05	1.32e-03	1.38e-02	8.74e-02	2.17e-01	2.10e-01	1.58e-01	2.77e-01	3.42e-02	1.32e-03
 1.64358e+22	2.34e-34	1.11e-20	2.29e-17	5.10e-15	5.76e-13	4.80e-11	1.46e-07	3.16e-05	1.50e-03	1.52e-02	9.39e-02	2.27e-01	2.13e-01	1.55e-01	2.62e-01	3.12e-02	1.16e-03
 1.65880e+22	3.23e-34	1.47e-20	2.94e-17	6.35e-15	6.94e-13	5.60e-11	1.66e-07	3.55e-05	1.66e-03	1.65e-02	9.92e-02	2.35e-01	2.15e-01	1.52e-01	2.51e-01	2.90e-02	1.05e-03
 1.67447e+22	4.92e-34	2.12e-20	4.07e-17	8.45e-15	8.83e-13	6.82e-11	1.95e-07	4.14e-05	1.90e-03	1.82e-02	1.06e-01	2.45e-01	2.17e-01	1.48e-01	2.36e-01	2.62e-02	9.14e-04
 1.69021e+22	6.75e-34	2.79e-20	5.21e-17	1.05e-14	1.06e-12	7.94e-11	2.22e-07	4.64e-05	2.09e-03	1.96e-02	1.12e-01	2.52e-01	2.18e-01	1.45e-01	2.25e-01	2.43e-02	8.23e-04
 1.70604e+22	1.02e-33	4.00e-20	7.20e-17	1.39e-14	1.35e-12	9.66e-11	2.61e-07	5.39e-05	2.38e-03	2.16e-02	1.20e-01	2.62e-01	2.19e-01	1.41e-01	2.12e-01	2.20e-02	7.15e-04
 1.72207e+22	1.40e-33	5.27e-20	9.21e-17	1.72e-14	1.62e-12	1.13e-10	2.96e-07	6.04e-05	2.62e-03	2.33e-02	1.26e-01	2.69e-01	2.20e-01	1.38e-01	2.01e-01	2.03e-02	6.41e-04
 1.73835e+22	2.12e-33	7.57e-20	1.27e-16	2.29e-14	2.06e-12	1.37e-10	3.47e-07	6.99e-05	2.96e-03	2.55e-02	1.34e-01	2.78e-01	2.20e-01	1.33e-01	1.88e-01	1.82e-02	5.53e-04
 1.75485e+22	2.92e-33	9.98e-20	1.63e-16	2.85e-14	2.48e-12	1.60e-10	3.94e-07	7.83e-05	3.26e-03	2.74e-02	1.40e-01	2.85e-01	2.20e-01	1.29e-01	1.78e-01	1.67e-02	4.94e-04
 1.76891e+22	3.91e-33	1.29e-19	2.06e-16	3.48e-14	2.94e-12	1.84e-10	4.42e-07	8.68e-05	3.55e-03	2.92e-02	1.46e-01	2.91e-01	2.19e-01	1.26e-01	1.69e-01	1.55e-02	4.44e-04
 1.78449e+22	5.76e-33	1.81e-19	2.78e-16	4.53e-14	3.68e-12	2.21e-10	5.12e-07	9.92e-05	3.97e-03	3.18e-02	1.54e-01	2.99e-01	2.18e-01	1.21e-01	1.58e-01	1.39e-02	3.84e-04
 1.79990e+22	7.56e-33	2.29e-19	3.45e-16	5.47e-14	4.33e-12	2.53e-10	5.72e-07	1.09e-04	4.31e-03	3.37e-02	1.59e-01	3.04e-01	2.17e-01	1.18e-01	1.50e-01	1.29e-02	3.47e-04
 1.81509e+22	1.09e-32	3.16e-19	4.59e-16	7.03e-14	5.35e-12	3.02e-10	6.58e-07	1.24e-04	4.78e-03	3.63e-02	1.67e-01	3.10e-01	2.16e-01	1.13e-01	1.40e-01	1.16e-02	3.02e-04
 1.83056e+22	1.44e-32	4.04e-19	5.74e-16	8.55e-14	6.32e-12	3.47e-10	7.36e-07	1.37e-04	5.18e-03	3.86e-02	1.73e-01	3.15e-01	2.14e-01	1.10e-01	1.33e-01	1.07e-02	2.70e-04
 1.84639e+22	2.08e-32	5.60e-19	7.69e-16	1.10e-13	7.86e-12	4.15e-10	8.49e-07	1.55e-04	5.76e-03	4.16e-02	1.81e-01	3.21e-01	2.12e-01	1.05e-01	1.24e-01	9.57e-03	2.33e-04
 1.86234e+22	2.76e-32	7.18e-19	9.61e-16	1.34e-13	9.30e-12	4.77e-10	9.50e-07	1.71e-04	6.24e-03	4.40e-02	1.88e-01	3.25e-01	2.09e-01	1.02e-01	1.17e-01	8.79e-03	2.08e-04
 1.87848e+22	4.00e-32	9.94e-19	1.29e-15	1.74e-13	1.16e-11	5.70e-10	1.10e-06	1.94e-04	6.91e-03	4.73e-02	1.96e-01	3.31e-01	2.06e-01	9.70e-02	1.08e-01	7.84e-03	1.79e-04
 1.89407e+22	5.20e-32	1.25e-18	1.59e-15	2.09e-13	1.35e-11	6.50e-10	1.22e-06	2.12e-04	7.43e-03	4.98e-02	2.02e-01	3.34e-01	2.04e-01	9.37e-02	1.02e-01	7.22e-03	1.61e-04
 1.90897e+22	7.17e-32	1.66e-18	2.05e-15	2.61e-13	1.64e-11	7.61e-10	1.38e-06	2.37e-04	8.12e-03	5.30e-02	2.09e-01	3.38e-01	2.01e-01	8.97e-02	9.52e-02	6.52e-03	1.41e-04
 1.92442e+22	9.47e-32	2.12e-18	2.55e-15	3.17e-13	1.93e-11	8.73e-10	1.54e-06	2.60e-04	8.76e-03	5.59e-02	2.15e-01	3.41e-01	1.98e-01	8.64e-02	8.96e-02	5.96e-03	1.25e-04
 1.93837e+22	1.24e-31	2.69e-18	3.15e-15	3.82e-13	2.26e-11	9.97e-10	1.71e-06	2.85e-04	9.41e-03	5.88e-02	2.21e-01	3.43e-01	1.95e-01	8.31e-02	8.44e-02	5.47e-03	1.12e-04
 1.95429e+22	1.73e-31	3.62e-18	4.12e-15	4.83e-13	2.77e-11	1.18e-09	1.95e-06	3.19e-04	1.03e-02	6.25e-02	2.28e-01	3.46e-01	1.91e-01	7.91e-02	7.81e-02	4.89e-03	9.65e-05
 1.97050e+22	2.30e-31	4.65e-18	5.16e-15	5.89e-13	3.28e-11	1.36e-09	2.18e-06	3.51e-04	1.11e-02	6.58e-02	2.34e-01	3.48e-01	1.87e-01	7.58e-02	7.31e-02	4.45e-03	8.53e-05
 1.98478e+22	3.02e-31	5.90e-18	6.40e-15	7.12e-13	3.86e-11	1.55e-09	2.43e-06	3.84e-04	1.19e-02	6.91e-02	2.40e-01	3.49e-01	1.84e-01	7.27e-02	6.86e-02	4.06e-03	7.57e-05
 2.00101e+22	4.24e-31	7.95e-18	8.38e-15	9.02e-13	4.72e-11	1.84e-09	2.78e-06	4.29e-04	1.30e-02	7.33e-02	2.48e-01	3.51e-01	1.79e-01	6.88e-02	6.32e-02	3.61e-03	6.51e-05
 2.01771e+22	5.59e-31	1.01e-17	1.04e-14	1.09e-12	5.57e-11	2.11e-09	3.10e-06	4.71e-04	1.40e-02	7.69e-02	2.54e-01	3.51e-01	1.75e-01	6.58e-02	5.91e-02	3.29e-03	5.76e-05
 2.03502e+22	7.91e-31	1.37e-17	1.37e-14	1.40e-12	6.87e-11	2.51e-09	3.56e-06	5.28e-04	1.53e-02	8.16e-02	2.61e-01	3.52e-01	1.70e-01	6.21e-02	5.43e-02	2.91e-03	4.92e-05
 2.05280e+22	1.07e-30	1.79e-17	1.75e-14	1.72e-12	8.23e-11	2.92e-09	4.01e-06	5.84e-04	1.65e-02	8.58e-02	2.67e-01	3.52e-01	1.66e-01	5.90e-02	5.03e-02	2.61e-03	4.29e-05
 2.06759e+22	1.37e-30	2.22e-17	2.12e-14	2.05e-12	9.55e-11	3.31e-09	4.43e-06	6.33e-04	1.76e-02	8.94e-02	2.72e-01	3.52e-01	1.62e-01	5.65e-02	4.73e-02	2.40e-03	3.84e-05
 2.08321e+22	1.87e-30	2.91e-17	2.71e-14	2.54e-12	1.15e-10	3.86e-09	5.01e-06	7.00e-04	1.90e-02	9.40e-02	2.79e-01	3.51e-01	1.57e-01	5.34e-02	4.36e-02	2.14e-03	3.32e-05
 2.09953e+22	2.45e-30	3.68e-17	3.35e-14	3.07e-12	1.35e-10	4.42e-09	5.57e-06	7.65e-04	2.03e-02	9.81e-02	2.84e-01	3.50e-01	1.53e-01	5.09e-02	4.07e-02	1.94e-03	2.93e-05
 2.11678e+22	3.46e-30	4.98e-17	4.41e-14	3.90e-12	1.66e-10	5.25e-09	6.39e-06	8.55e-04	2.21e-02	1.03e-01	2.90e-01	3.48e-01	1.48e-01	4.77e-02	3.71e-02	1.71e-03	2.49e-05
 2.13417e+22	4.54e-30	6.31e-17	5.46e-14	4.72e-12	1.95e-10	6.01e-09	7.12e-06	9.33e-04	2.36e-02	1.08e-01	2.95e-01	3.47e-01	1.44e-01	4.53e-02	3.45e-02	1.55e-03	2.19e-05
 2.15173e+22	6.26e-30	8.36e-17	7.05e-14	5.91e-12	2.37e-10	7.08e-09	8.10e-06	1.04e-03	2.55e-02	1.13e-01	3.01e-01	3.44e-01	1.39e-01	4.26e-02	3.16e-02	1.37e-03	1.88e-05
 2.17038e+22	8.62e-30	1.10e-16	9.06e-14	7.39e-12	2.87e-10	8.30e-09	9.19e-06	1.15e-03	2.76e-02	1.19e-01	3.07e-01	3.42e-01	1.34e-01	4.00e-02	2.90e-02	1.22e-03	1.61e-05
 2.18714e+22	1.14e-29	1.41e-16	1.13e-13	8.98e-12	3.40e-10	9.54e-09	1.03e-05	1.25e-03	2.94e-02	1.24e-01	3.11e-01	3.39e-01	1.30e-01	3.78e-02	2.68e-02	1.09e-03	1.41e-05
 2.20563e+22	1.62e-29	1.92e-16	1.49e-13	1.15e-11	4.20e-10	1.14e-08	1.18e-05	1.40e-03	3.20e-02	1.30e-01	3.17e-01	3.35e-01	1.24e-01	3.51e-02	2.43e-02	9.53e-04	1.18e-05
 2.22483e+22	2.19e-29	2.48e-16	1.89e-13	1.42e-11	5.03e-10	1.32e-08	1.33e-05	1.54e-03	3.43e-02	1.36e-01	3.21e-01	3.32e-01	1.19e-01	3.30e-02	2.23e-02	8.48e-04	1.02e-05
 2.24496e+22	3.18e-29	3.45e-16	2.55e-13	1.84e-11	6.30e-10	1.60e-08	1.54e-05	1.74e-03	3.74e-02	1.43e-01	3.27e-01	3.27e-01	1.14e-01	3.04e-02	1.99e-02	7.30e-04	8.46e-06
 2.26529e+22	4.37e-29	4.54e-16	3.27e-13	2.29e-11	7.61e-10	1.87e-08	1.75e-05	1.92e-03	4.01e-02	1.49e-01	3.31e-01	3.22e-01	1.09e-01	2.84e-02	1.82e-02	6.44e-04	7.21e-06
 2.28296e+22	5.85e-29	5.86e-16	4.12e-13	2.82e-11	9.07e-10	2.17e-08	1.96e-05	2.10e-03	4.29e-02	1.55e-01	3.34e-01	3.18e-01	1.05e-01	2.66e-02	1.66e-02	5.71e-04	6.21e-06
 2.30302e+22	8.41e-29	8.07e-16	5.50e-13	3.64e-11	1.13e-09	2.60e-08	2.26e-05	2.35e-03	4.65e-02	1.62e-01	3.38e-01	3.12e-01	9.93e-02	2.45e-02	1.49e-02	4.92e-04	5.14e-06
 2.32383e+22	1.16e-28	1.07e-15	7.11e-13	4.56e-11	1.37e-09	3.06e-08	2.57e-05	2.60e-03	4.99e-02	1.68e-01	3.41e-01	3.06e-01	9.46e-02	2.27e-02	1.35e-02	4.30e-04	4.34e-06
 2.34244e+22	1.58e-28	1.41e-15	9.10e-13	5.67e-11	1.65e-09	3.58e-08	2.90e-05	2.86e-03	5.34e-02	1.75e-01	3.44e-01	3.01e-01	9.03e-02	2.11e-02	1.22e-02	3.77e-04	3.68e-06
 2.36346e+22	2.31e-28	1.97e-15	1.23e-12	7.41e-11	2.08e-09	4.33e-08	3.37e-05	3.21e-03	5.79e-02	1.83e-01	3.47e-01	2.94e-01	8.50e-02	1.93e-02	1.08e-02	3.20e-04	3.00e-06
 2.38506e+22	3.24e-28	2.66e-15	1.62e-12	9.42e-11	2.55e-09	5.14e-08	3.84e-05	3.56e-03	6.23e-02	1.90e-01	3.49e-01	2.87e-01	8.05e-02	1.77e-02	9.70e-03	2.76e-04	2.49e-06
 2.40403e+22	4.39e-28	3.50e-15	2.07e-12	1.17e-10	3.07e-09	6.00e-08	4.33e-05	3.91e-03	6.64e-02	1.97e-01	3.50e-01	2.81e-01	7.65e-02	1.64e-02	8.76e-03	2.41e-04	2.10e-06
 2.42531e+22	6.39e-28	4.91e-15	2.81e-12	1.53e-10	3.88e-09	7.28e-08	5.03e-05	4.39e-03	7.19e-02	2.05e-01	3.52e-01	2.73e-01	7.17e-02	1.49e-02	7.71e-03	2.03e-04	1.70e-06
 2.44756e+22	9.02e-28	6.72e-15	3.73e-12	1.97e-10	4.79e-09	8.70e-08	5.77e-05	4.87e-03	7.73e-02	2.12e-01	3.52e-01	2.65e-01	6.74e-02	1.36e-02	6.84e-03	1.73e-04	1.39e-06
 2.46751e+22	1.24e-27	8.98e-15	4.84e-12	2.48e-10	5.84e-09	1.03e-07	6.55e-05	5.37e-03	8.25e-02	2.19e-01	3.52e-01	2.58e-01	6.36e-02	1.25e-02	6.12e-03	1.49e-04	1.15e-06
 2.48988e+22	1.86e-27	1.31e-14	6.82e-12	3.35e-10	7.56e-09	1.27e-07	7.72e-05	6.10e-03	8.98e-02	2.28e-01	3.52e-01	2.49e-01	5.88e-02	1.12e-02	5.27e-03	1.22e-04	9.00e-07
 2.51116e+22	2.45e-27	1.69e-14	8.58e-12	4.10e-10	9.00e-09	1.47e-07	8.64e-05	6.64e-03	9.50e-02	2.34e-01	3.51e-01	2.42e-01	5.57e-02	1.03e-02	4.76e-03	1.07e-04	7.61e-07
 2.53104e+22	3.51e-27	2.38e-14	1.17e-11	5.39e-10	1.14e-08	1.79e-07	1.00e-04	7.44e-03	1.02e-01	2.42e-01	3.49e-01	2.34e-01	5.17e-02	9.29e-03	4.15e-03	8.90e-05	6.05e-07
 2.55094e+22	4.59e-27	3.08e-14	1.47e-11	6.60e-10	1.35e-08	2.08e-07	1.12e-04	8.09e-03	1.08e-01	2.48e-01	3.47e-01	2.27e-01	4.88e-02	8.57e-03	3.74e-03	7.75e-05	5.10e-07
 2.57090e+22	6.56e-27	4.34e-14	2.00e-11	8.69e-10	1.72e-08	2.53e-07	1.31e-04	9.07e-03	1.16e-01	2.56e-01	3.44e-01	2.18e-01	4.52e-02	7.68e-03	3.24e-03	6.41e-05	4.03e-07
 2.59107e+22	8.60e-27	5.65e-14	2.54e-11	1.07e-09	2.06e-08	2.95e-07	1.47e-04	9.91e-03	1.23e-01	2.62e-01	3.42e-01	2.11e-01	4.24e-02	7.05e-03	2.90e-03	5.53e-05	3.36e-07
 2.61152e+22	1.23e-26	8.05e-14	3.49e-11	1.43e-09	2.63e-08	3.64e-07	1.72e-04	1.11e-02	1.32e-01	2.69e-01	3.38e-01	2.02e-01	3.90e-02	6.27e-03	2.49e-03	4.53e-05	2.62e-07
 2.63222e+22	1.61e-26	1.05e-13	4.46e-11	1.77e-09	3.17e-08	4.27e-07	1.94e-04	1.22e-02	1.40e-01	2.75e-01	3.34e-01	1.95e-01	3.65e-02	5.72e-03	2.22e-03	3.88e-05	2.16e-07
 2.65324e+22	2.29e-26	1.51e-13	6.16e-11	2.37e-09	4.08e-08	5.29e-07	2.28e-04	1.38e-02	1.50e-01	2.82e-01	3.28e-01	1.85e-01	3.33e-02	5.06e-03	1.89e-03	3.15e-05	1.67e-07
 2.67465e+22	3.03e-26	2.01e-13	7.97e-11	2.98e-09	4.99e-08	6.29e-07	2.60e-04	1.52e-02	1.59e-01	2.88e-01	3.23e-01	1.77e-01	3.09e-02	4.57e-03	1.66e-03	2.65e-05	1.35e-07
 2.69659e+22	4.30e-26	2.91e-13	1.12e-10	4.04e-09	6.51e-08	7.89e-07	3.09e-04	1.72e-02	1.71e-01	2.94e-01	3.16e-01	1.68e-01	2.79e-02	4.00e-03	1.40e-03	2.12e-05	0.00e+00
 2.71895e+22	5.68e-26	3.90e-13	1.46e-10	5.15e-09	8.05e-08	9.48e-07	3.55e-04	1.90e-02	1.81e-01	2.99e-01	3.10e-01	1.60e-01	2.57e-02	3.58e-03	1.21e-03	1.76e-05	0.00e+00
 2.74188e+22	7.97e-26	5.71e-13	2.06e-10	7.06e-09	1.06e-07	1.21e-06	4.26e-04	2.18e-02	1.95e-01	3.05e-01	3.01e-01	1.49e-01	2.29e-02	3.09e-03	1.01e-03	1.38e-05	0.00e+00
 2.76519e+22	1.05e-25	7.70e-13	2.71e-10	9.07e-09	1.33e-07	1.46e-06	4.93e-04	2.42e-02	2.07e-01	3.09e-01	2.94e-01	1.41e-01	2.09e-02	2.74e-03	8.65e-04	1.13e-05	0.00e+00
 2.78819e+22	1.65e-25	1.11e-12	3.79e-10	1.23e-08	1.74e-07	1.86e-06	5.90e-04	2.75e-02	2.21e-01	3.13e-01	2.84e-01	1.31e-01	1.86e-02	2.36e-03	7.15e-04	8.85e-06	0.00e+00
 2.81024e+22	2.09e-25	1.44e-12	4.83e-10	1.54e-08	2.12e-07	2.21e-06	6.73e-04	3.03e-02	2.33e-01	3.16e-01	2.76e-01	1.24e-01	1.70e-02	2.11e-03	6.20e-04	7.36e-06	0.00e+00
 2.83189e+22	2.77e-25	2.02e-12	6.61e-10	2.07e-08	2.76e-07	2.79e-06	8.01e-04	3.43e-02	2.48e-01	3.19e-01	2.66e-01	1.15e-01	1.51e-02	1.81e-03	5.12e-04	5.76e-06	0.00e+00
 2.85339e+22	3.43e-25	2.60e-12	8.34e-10	2.57e-08	3.35e-07	3.31e-06	9.12e-04	3.76e-02	2.59e-01	3.20e-01	2.57e-01	1.09e-01	1.37e-02	1.61e-03	4.43e-04	4.78e-06	0.00e+00
 2.87470e+22	4.43e-25	3.58e-12	1.12e-09	3.40e-08	4.31e-07	4.15e-06	1.08e-03	4.24e-02	2.75e-01	3.21e-01	2.46e-01	1.00e-01	1.21e-02	1.38e-03	3.65e-04	3.73e-06	0.00e+00
 2.89601e+22	5.42e-25	4.55e-12	1.41e-09	4.20e-08	5.22e-07	4.93e-06	1.23e-03	4.64e-02	2.87e-01	3.21e-01	2.38e-01	9.39e-02	1.10e-02	1.22e-03	3.14e-04	3.08e-06	0.00e+00
 2.91732e+22	6.88e-25	6.17e-12	1.88e-09	5.52e-08	6.68e-07	6.16e-06	1.45e-03	5.21e-02	3.03e-01	3.21e-01	2.26e-01	8.60e-02	9.64e-03	1.04e-03	2.57e-04	2.39e-06	0.00e+00
 2.93862e+22	8.32e-25	7.74e-12	2.33e-09	6.78e-08	8.05e-07	7.28e-06	1.64e-03	5.68e-02	3.14e-01	3.20e-01	2.17e-01	8.03e-02	8.71e-03	9.15e-04	2.21e-04	1.97e-06	0.00e+00
 2.95989e+22	1.04e-24	1.03e-11	3.07e-09	8.82e-08	1.02e-06	9.05e-06	1.93e-03	6.35e-02	3.30e-01	3.18e-01	2.05e-01	7.31e-02	7.60e-03	7.74e-04	1.80e-04	1.52e-06	0.00e+00
 2.98116e+22	1.25e-24	1.28e-11	3.77e-09	1.07e-07	1.22e-06	1.07e-05	2.18e-03	6.90e-02	3.41e-01	3.15e-01	1.97e-01	6.79e-02	6.83e-03	6.81e-04	1.54e-04	1.25e-06	0.00e+00
 3.00245e+22	1.55e-24	1.68e-11	4.90e-09	1.39e-07	1.54e-06	1.32e-05	2.55e-03	7.67e-02	3.56e-01	3.11e-01	1.85e-01	6.15e-02	5.93e-03	5.73e-04	1.25e-04	9.64e-07	0.00e+00
 3.02381e+22	1.84e-24	2.06e-11	5.97e-09	1.68e-07	1.84e-06	1.55e-05	2.87e-03	8.30e-02	3.67e-01	3.08e-01	1.76e-01	5.69e-02	5.31e-03	5.01e-04	1.07e-04	7.89e-07	0.00e+00
 3.04526e+22	2.28e-24	2.66e-11	7.68e-09	2.15e-07	2.31e-06	1.90e-05	3.34e-03	9.18e-02	3.81e-01	3.03e-01	1.65e-01	5.12e-02	4.59e-03	4.20e-04	8.61e-05	6.05e-07	0.00e+00
 3.06683e+22	2.71e-24	3.23e-11	9.29e-09	2.59e-07	2.73e-06	2.22e-05	3.74e-03	9.89e-02	3.91e-01	2.98e-01	1.56e-01	4.71e-02	4.09e-03	3.65e-04	7.30e-05	4.92e-07	0.00e+00
 3.08856e+22	3.36e-24	4.12e-11	1.18e-08	3.28e-07	3.40e-06	2.72e-05	4.34e-03	1.09e-01	4.04e-01	2.91e-01	1.45e-01	4.21e-02	3.51e-03	3.04e-04	5.87e-05	3.75e-07	0.00e+00
 3.11054e+22	4.01e-24	4.98e-11	1.43e-08	3.94e-07	4.03e-06	3.18e-05	4.85e-03	1.17e-01	4.13e-01	2.86e-01	1.37e-01	3.86e-02	3.11e-03	2.63e-04	4.94e-05	3.03e-07	0.00e+00
 3.13282e+22	5.00e-24	6.29e-11	1.81e-08	4.98e-07	5.00e-06	3.89e-05	5.61e-03	1.28e-01	4.25e-01	2.78e-01	1.27e-01	3.42e-02	2.65e-03	2.17e-04	3.94e-05	2.29e-07	0.00e+00
 3.15541e+22	6.02e-24	7.56e-11	2.17e-08	5.97e-07	5.89e-06	4.53e-05	6.26e-03	1.37e-01	4.33e-01	2.71e-01	1.19e-01	3.11e-02	2.33e-03	1.87e-04	3.30e-05	1.84e-07	0.00e+00
 3.17839e+22	7.56e-24	9.48e-11	2.74e-08	7.52e-07	7.30e-06	5.54e-05	7.22e-03	1.50e-01	4.42e-01	2.62e-01	1.09e-01	2.74e-02	1.97e-03	1.52e-04	2.60e-05	1.37e-07	0.00e+00
 3.20181e+22	9.20e-24	1.14e-10	3.29e-08	9.00e-07	8.60e-06	6.45e-05	8.04e-03	1.60e-01	4.49e-01	2.55e-01	1.02e-01	2.48e-02	1.72e-03	1.30e-04	2.16e-05	0.00e+00	0.00e+00
 3.22578e+22	1.17e-23	1.42e-10	4.14e-08	1.13e-06	1.06e-05	7.89e-05	9.26e-03	1.74e-01	4.56e-01	2.44e-01	9.26e-02	2.16e-02	1.44e-03	1.05e-04	1.68e-05	0.00e+00	0.00e+00
 3.25030e+22	1.44e-23	1.70e-10	4.97e-08	1.36e-06	1.26e-05	9.19e-05	1.03e-02	1.86e-01	4.61e-01	2.36e-01	8.59e-02	1.93e-02	1.25e-03	8.86e-05	1.38e-05	0.00e+00	0.00e+00
 3.27119e+22	1.73e-23	1.99e-10	5.85e-08	1.60e-06	1.46e-05	1.06e-04	1.14e-02	1.96e-01	4.65e-01	2.29e-01	8.00e-02	1.75e-02	1.09e-03	7.58e-05	1.16e-05	0.00e+00	0.00e+00
 3.29066e+22	2.06e-23	2.31e-10	6.82e-08	1.86e-06	1.67e-05	1.20e-04	1.24e-02	2.07e-01	4.68e-01	2.22e-01	7.47e-02	1.58e-02	9.63e-04	6.52e-05	9.71e-06	0.00e+00	0.00e+00
 3.31262e+22	2.57e-23	2.77e-10	8.28e-08	2.26e-06	2.01e-05	1.43e-04	1.40e-02	2.21e-01	4.70e-01	2.12e-01	6.80e-02	1.39e-02	8.13e-04	5.34e-05	7.72e-06	0.00e+00	0.00e+00
 3.33440e+22	3.07e-23	3.20e-10	9.59e-08	2.61e-06	2.29e-05	1.61e-04	1.52e-02	2.31e-01	4.72e-01	2.05e-01	6.35e-02	1.26e-02	7.18e-04	4.62e-05	6.52e-06	0.00e+00	0.00e+00
 3.35594e+22	3.79e-23	3.80e-10	1.15e-07	3.14e-06	2.71e-05	1.90e-04	1.70e-02	2.46e-01	4.72e-01	1.95e-01	5.78e-02	1.11e-02	6.07e-04	3.79e-05	5.20e-06	0.00e+00	0.00e+00
 3.37767e+22	4.55e-23	4.38e-10	1.33e-07	3.62e-06	3.08e-05	2.14e-04	1.84e-02	2.56e-01	4.72e-01	1.88e-01	5.38e-02	1.00e-02	5.35e-04	3.26e-05	4.38e-06	0.00e+00	0.00e+00
 3.39964e+22	5.65e-23	5.19e-10	1.60e-07	4.35e-06	3.64e-05	2.51e-04	2.05e-02	2.71e-01	4.71e-01	1.79e-01	4.87e-02	8.73e-03	4.50e-04	2.67e-05	3.48e-06	0.00e+00	0.00e+00
 3.42186e+22	6.79e-23	5.97e-10	1.85e-07	5.01e-06	4.13e-05	2.82e-04	2.22e-02	2.82e-01	4.70e-01	1.72e-01	4.52e-02	7.87e-03	3.95e-04	2.29e-05	2.92e-06	0.00e+00	0.00e+00
 3.44440e+22	8.45e-23	7.06e-10	2.21e-07	6.00e-06	4.88e-05	3.31e-04	2.46e-02	2.98e-01	4.67e-01	1.63e-01	4.07e-02	6.83e-03	3.30e-04	1.86e-05	2.30e-06	0.00e+00	0.00e+00
 3.46723e+22	1.02e-22	8.14e-10	2.56e-07	6.91e-06	5.53e-05	3.72e-04	2.66e-02	3.09e-01	4.64e-01	1.56e-01	3.76e-02	6.13e-03	2.88e-04	1.58e-05	1.92e-06	0.00e+00	0.00e+00
 3.49043e+22	1.27e-22	9.63e-10	3.07e-07	8.29e-06	6.52e-05	4.35e-04	2.95e-02	3.25e-01	4.59e-01	1.46e-01	3.38e-02	5.29e-03	2.40e-04	1.28e-05	1.50e-06	0.00e+00	0.00e+00
 3.51400e+22	1.54e-22	1.11e-09	3.55e-07	9.55e-06	7.40e-05	4.90e-04	3.19e-02	3.37e-01	4.55e-01	1.40e-01	3.10e-02	4.72e-03	2.08e-04	1.08e-05	1.24e-06	0.00e+00	0.00e+00
 3.53804e+22	1.94e-22	1.32e-09	4.27e-07	1.15e-05	8.72e-05	5.73e-04	3.53e-02	3.53e-01	4.48e-01	1.31e-01	2.77e-02	4.04e-03	1.72e-04	8.67e-06	9.65e-07	0.00e+00	0.00e+00
 3.56255e+22	2.36e-22	1.53e-09	4.97e-07	1.33e-05	9.90e-05	6.45e-04	3.81e-02	3.65e-01	4.43e-01	1.24e-01	2.53e-02	3.58e-03	1.48e-04	7.29e-06	7.93e-07	0.00e+00	0.00e+00
 3.58765e+22	2.99e-22	1.82e-09	5.99e-07	1.59e-05	1.17e-04	7.57e-04	4.21e-02	3.82e-01	4.34e-01	1.16e-01	2.24e-02	3.05e-03	1.21e-04	5.77e-06	6.08e-07	0.00e+00	0.00e+00
 3.61327e+22	3.70e-22	2.13e-09	7.02e-07	1.85e-05	1.33e-04	8.51e-04	4.53e-02	3.94e-01	4.28e-01	1.09e-01	2.04e-02	2.69e-03	1.03e-04	4.83e-06	4.97e-07	0.00e+00	0.00e+00
 3.63954e+22	4.71e-22	2.55e-09	8.51e-07	2.23e-05	1.57e-04	9.99e-04	5.02e-02	4.10e-01	4.17e-01	1.01e-01	1.78e-02	2.26e-03	8.35e-05	3.78e-06	3.76e-07	0.00e+00	0.00e+00
 3.66598e+22	5.77e-22	2.97e-09	9.93e-07	2.58e-05	1.78e-04	1.13e-03	5.40e-02	4.22e-01	4.09e-01	9.52e-02	1.62e-02	1.98e-03	7.10e-05	3.14e-06	3.04e-07	0.00e+00	0.00e+00
 3.69265e+22	7.37e-22	3.56e-09	1.20e-06	3.12e-05	2.10e-04	1.32e-03	5.95e-02	4.38e-01	3.97e-01	8.77e-02	1.41e-02	1.66e-03	5.71e-05	2.44e-06	2.29e-07	0.00e+00	0.00e+00
 3.71829e+22	8.95e-22	4.10e-09	1.39e-06	3.55e-05	2.35e-04	1.46e-03	6.33e-02	4.48e-01	3.90e-01	8.29e-02	1.29e-02	1.47e-03	4.93e-05	2.07e-06	1.90e-07	0.00e+00	0.00e+00
 3.74260e+22	1.12e-21	4.84e-09	1.65e-06	4.20e-05	2.71e-04	1.68e-03	6.89e-02	4.62e-01	3.78e-01	7.67e-02	1.14e-02	1.25e-03	4.04e-05	1.65e-06	1.47e-07	0.00e+00	0.00e+00
 3.76779e+22	1.37e-21	5.64e-09	1.92e-06	4.82e-05	3.05e-04	1.87e-03	7.35e-02	4.72e-01	3.69e-01	7.20e-02	1.03e-02	1.10e-03	3.44e-05	1.37e-06	0.00e+00	0.00e+00	0.00e+00
 3.78964e+22	1.64e-21	6.44e-09	2.19e-06	5.47e-05	3.39e-04	2.06e-03	7.80e-02	4.81e-01	3.61e-01	6.78e-02	9.35e-03	9.71e-04	2.97e-05	1.16e-06	0.00e+00	0.00e+00	0.00e+00
 3.81358e+22	2.05e-21	7.64e-09	2.61e-06	6.41e-05	3.89e-04	2.34e-03	8.41e-02	4.92e-01	3.49e-01	6.27e-02	8.27e-03	8.29e-04	2.45e-05	9.29e-07	0.00e+00	0.00e+00	0.00e+00
 3.83754e+22	2.48e-21	8.79e-09	2.99e-06	7.27e-05	4.31e-04	2.57e-03	8.89e-02	5.00e-01	3.40e-01	5.91e-02	7.53e-03	7.34e-04	2.11e-05	7.86e-07	0.00e+00	0.00e+00	0.00e+00
 3.86152e+22	3.10e-21	1.04e-08	3.54e-06	8.50e-05	4.92e-04	2.92e-03	9.56e-02	5.11e-01	3.28e-01	5.45e-02	6.64e-03	6.24e-04	1.74e-05	6.29e-07	0.00e+00	0.00e+00	0.00e+00
 3.88578e+22	3.78e-21	1.20e-08	4.08e-06	9.65e-05	5.46e-04	3.21e-03	1.01e-01	5.18e-01	3.19e-01	5.11e-02	6.02e-03	5.50e-04	1.49e-05	5.29e-07	0.00e+00	0.00e+00	0.00e+00
 3.91042e+22	4.76e-21	1.43e-08	4.85e-06	1.13e-04	6.24e-04	3.63e-03	1.08e-01	5.27e-01	3.07e-01	4.69e-02	5.28e-03	4.66e-04	1.22e-05	4.21e-07	0.00e+00	0.00e+00	0.00e+00
 3.93549e+22	5.86e-21	1.67e-08	5.61e-06	1.29e-04	6.93e-04	4.00e-03	1.14e-01	5.34e-01	2.98e-01	4.39e-02	4.76e-03	4.08e-04	1.04e-05	3.52e-07	0.00e+00	0.00e+00	0.00e+00
 3.96114e+22	7.48e-21	2.01e-08	6.72e-06	1.52e-04	7.93e-04	4.54e-03	1.23e-01	5.42e-01	2.85e-01	4.00e-02	4.15e-03	3.43e-04	8.41e-06	2.77e-07	0.00e+00	0.00e+00	0.00e+00
 3.98731e+22	9.31e-21	2.37e-08	7.83e-06	1.74e-04	8.84e-04	5.00e-03	1.30e-01	5.48e-01	2.75e-01	3.72e-02	3.72e-03	2.98e-04	7.11e-06	2.30e-07	0.00e+00	0.00e+00	0.00e+00
 4.01416e+22	1.21e-20	2.89e-08	9.47e-06	2.06e-04	1.01e-03	5.67e-03	1.39e-01	5.54e-01	2.62e-01	3.38e-02	3.22e-03	2.48e-04	5.70e-06	1.79e-07	0.00e+00	0.00e+00	0.00e+00
 4.04147e+22	1.52e-20	3.43e-08	1.11e-05	2.36e-04	1.13e-03	6.25e-03	1.47e-01	5.59e-01	2.53e-01	3.13e-02	2.87e-03	2.15e-04	4.79e-06	1.47e-07	0.00e+00	0.00e+00	0.00e+00
 4.06939e+22	2.00e-20	4.23e-08	1.35e-05	2.82e-04	1.30e-03	7.11e-03	1.57e-01	5.64e-01	2.39e-01	2.82e-02	2.46e-03	1.77e-04	3.80e-06	1.14e-07	0.00e+00	0.00e+00	0.00e+00
 4.09756e+22	2.54e-20	5.05e-08	1.59e-05	3.24e-04	1.45e-03	7.83e-03	1.65e-01	5.67e-01	2.30e-01	2.60e-02	2.19e-03	1.52e-04	3.18e-06	0.00e+00	0.00e+00	0.00e+00	0.00e+00
 4.12603e+22	3.39e-20	6.28e-08	1.94e-05	3.86e-04	1.67e-03	8.88e-03	1.77e-01	5.70e-01	2.17e-01	2.33e-02	1.87e-03	1.25e-04	2.51e-06	0.00e+00	0.00e+00	0.00e+00	0.00e+00
 4.15486e+22	4.34e-20	7.55e-08	2.30e-05	4.45e-04	1.86e-03	9.77e-03	1.86e-01	5.72e-01	2.07e-01	2.14e-02	1.65e-03	1.07e-04	2.09e-06	0.00e+00	0.00e+00	0.00e+00	0.00e+00
 4.18415e+22	5.86e-20	9.48e-08	2.82e-05	5.31e-04	2.14e-03	1.11e-02	1.98e-01	5.73e-01	1.95e-01	1.92e-02	1.40e-03	8.77e-05	1.64e-06	0.00e+00	0.00e+00	0.00e+00	0.00e+00
 4.21397e+22	7.58e-20	1.15e-07	3.35e-05	6.15e-04	2.40e-03	1.22e-02	2.08e-01	5.73e-01	1.85e-01	1.74e-02	1.23e-03	7.43e-05	1.35e-06	0.00e+00	0.00e+00	0.00e+00	0.00e+00
 4.24448e+22	1.05e-19	1.47e-07	4.17e-05	7.39e-04	2.76e-03	1.38e-02	2.21e-01	5.72e-01	1.74e-01	1.55e-02	1.04e-03	6.03e-05	1.05e-06	0.00e+00	0.00e+00	0.00e+00	0.00e+00
 4.27559e+22	1.38e-19	1.80e-07	4.99e-05	8.60e-04	3.10e-03	1.53e-02	2.32e-01	5.70e-01	1.64e-01	1.40e-02	9.02e-04	5.06e-05	8.54e-07	0.00e+00	0.00e+00	0.00e+00	0.00e+00
 4.30283e+22	1.80e-19	2.19e-07	5.92e-05	9.93e-04	3.45e-03	1.67e-02	2.42e-01	5.67e-01	1.56e-01	1.28e-02	7.90e-04	4.30e-05	7.03e-07	0.00e+00	0.00e+00	0.00e+00	0.00e+00
 4.33357e+22	2.50e-19	2.80e-07	7.36e-05	1.19e-03	3.96e-03	1.88e-02	2.56e-01	5.63e-01	1.45e-01	1.13e-02	6.64e-04	3.47e-05	5.45e-07	0.00e+00	0.00e+00	0.00e+00	0.00e+00
 4.36543e+22	3.34e-19	3.48e-07	8.87e-05	1.39e-03	4.45e-03	2.08e-02	2.68e-01	5.58e-01	1.36e-01	1.01e-02	5.72e-04	2.88e-05	4.39e-07	0.00e+00	0.00e+00	0.00e+00	0.00e+00
 4.39138e+22	4.24e-19	4.14e-07	1.03e-04	1.58e-03	4.89e-03	2.26e-02	2.78e-01	5.54e-01	1.29e-01	9.26e-03	5.05e-04	2.47e-05	3.66e-07	0.00e+00	0.00e+00	0.00e+00	0.00e+00
 4.41428e+22	5.33e-19	4.90e-07	1.19e-04	1.77e-03	5.33e-03	2.42e-02	2.87e-01	5.49e-01	1.23e-01	8.54e-03	4.51e-04	2.16e-05	3.12e-07	0.00e+00	0.00e+00	0.00e+00	0.00e+00
 4.44056e+22	7.06e-19	6.04e-07	1.43e-04	2.06e-03	5.94e-03	2.66e-02	2.99e-01	5.43e-01	1.15e-01	7.68e-03	3.90e-04	1.80e-05	2.52e-07	0.00e+00	0.00e+00	0.00e+00	0.00e+00
 4.46843e+22	9.15e-19	7.31e-07	1.68e-04	2.35e-03	6.56e-03	2.89e-02	3.10e-01	5.36e-01	1.08e-01	6.96e-03	3.40e-04	1.53e-05	2.08e-07	0.00e+00	0.00e+00	0.00e+00	0.00e+00
 4.49423e+22	1.19e-18	8.86e-07	1.98e-04	2.68e-03	7.23e-03	3.12e-02	3.20e-01	5.29e-01	1.02e-01	6.31e-03	2.98e-04	1.30e-05	1.72e-07	0.00e+00	0.00e+00	0.00e+00	0.00e+00
 4.52362e+22	1.67e-18	1.13e-06	2.44e-04	3.18e-03	8.18e-03	3.46e-02	3.34e-01	5.19e-01	9.44e-02	5.55e-03	2.50e-04	1.05e-05	1.34e-07	0.00e+00	0.00e+00	0.00e+00	0.00e+00
 4.55335e+22	2.19e-18	1.38e-06	2.88e-04	3.64e-03	9.02e-03	3.75e-02	3.45e-01	5.11e-01	8.84e-02	5.00e-03	2.17e-04	8.86e-06	0.00e+00	0.00e+00	0.00e+00	0.00e+00	0.00e+00
 4.58350e+22	3.08e-18	1.77e-06	3.54e-04	4.31e-03	1.02e-02	4.14e-02	3.59e-01	4.99e-01	8.14e-02	4.39e-03	1.82e-04	7.17e-06	0.00e+00	0.00e+00	0.00e+00	0.00e+00	0.00e+00
 4.61416e+22	4.13e-18	2.19e-06	4.22e-04	4.96e-03	1.13e-02	4.49e-02	3.70e-01	4.89e-01	7.57e-02	3.92e-03	1.57e-04	5.96e-06	0.00e+00	0.00e+00	0.00e+00	0.00e+00	0.00e+00
 4.64098e+22	5.44e-18	2.66e-06	4.98e-04	5.66e-03	1.24e-02	4.85e-02	3.80e-01	4.78e-01	7.06e-02	3.52e-03	1.36e-04	5.02e-06	0.00e+00	0.00e+00	0.00e+00	0.00e+00	0.00e+00
 4.67136e+22	7.73e-18	3.43e-06	6.14e-04	6.69e-03	1.39e-02	5.33e-02	3.93e-01	4.65e-01	6.44e-02	3.06e-03	1.13e-04	4.01e-06	0.00e+00	0.00e+00	0.00e+00	0.00e+00	0.00e+00
 4.70250e+22	1.04e-17	4.22e-06	7.29e-04	7.67e-03	1.53e-02	5.75e-02	4.03e-01	4.53e-01	5.98e-02	2.73e-03	9.69e-05	3.35e-06	0.00e+00	0.00e+00	0.00e+00	0.00e+00	0.00e+00
 4.73465e+22	1.50e-17	5.49e-06	9.06e-04	9.10e-03	1.73e-02	6.32e-02	4.16e-01	4.37e-01	5.42e-02	2.35e-03	7.98e-05	2.65e-06	0.00e+00	0.00e+00	0.00e+00	0.00e+00	0.00e+00
 4.76746e+22	2.08e-17	6.88e-06	1.09e-03	1.05e-02	1.92e-02	6.84e-02	4.26e-01	4.23e-01	4.96e-02	2.06e-03	6.73e-05	2.16e-06	0.00e+00	0.00e+00	0.00e+00	0.00e+00	0.00e+00
 4.79635e+22	2.81e-17	8.49e-06	1.29e-03	1.20e-02	2.10e-02	7.36e-02	4.35e-01	4.10e-01	4.56e-02	1.82e-03	5.72e-05	1.78e-06	0.00e+00	0.00e+00	0.00e+00	0.00e+00	0.00e+00
 4.82911e+22	4.12e-17	1.11e-05	1.61e-03	1.43e-02	2.36e-02	8.04e-02	4.45e-01	3.92e-01	4.10e-02	1.56e-03	4.67e-05	1.40e-06	0.00e+00	0.00e+00	0.00e+00	0.00e+00	0.00e+00
 4.86297e+22	5.78e-17	1.40e-05	1.94e-03	1.65e-02	2.61e-02	8.68e-02	4.53e-01	3.77e-01	3.72e-02	1.35e-03	3.89e-05	1.13e-06	0.00e+00	0.00e+00	0.00e+00	0.00e+00	0.00e+00
 4.89314e+22	6.06e-17	1.73e-05	2.31e-03	1.89e-02	2.86e-02	9.31e-02	4.60e-01	3.62e-01	3.38e-02	1.18e-03	3.28e-05	9.21e-07	0.00e+00	0.00e+00	0.00e+00	0.00e+00	0.00e+00
 4.92725e+22	9.02e-17	2.28e-05	2.88e-03	2.24e-02	3.21e-02	1.01e-01	4.68e-01	3.43e-01	3.00e-02	9.95e-04	2.63e-05	7.11e-07	0.00e+00	0.00e+00	0.00e+00	0.00e+00	0.00e+00
 4.96220e+22	1.28e-16	2.88e-05	3.48e-03	2.59e-02	3.53e-02	1.09e-01	4.73e-01	3.26e-01	2.69e-02	8.53e-04	2.16e-05	5.65e-07	0.00e+00	0.00e+00	0.00e+00	0.00e+00	0.00e+00
 4.99304e+22	1.77e-16	3.58e-05	4.14e-03	2.95e-02	3.86e-02	1.16e-01	4.77e-01	3.10e-01	2.42e-02	7.39e-04	1.80e-05	4.56e-07	0.00e+00	0.00e+00	0.00e+00	0.00e+00	0.00e+00
 5.02792e+22	2.68e-16	4.70e-05	5.14e-03	3.48e-02	4.30e-02	1.25e-01	4.80e-01	2.90e-01	2.12e-02	6.14e-04	1.43e-05	3.48e-07	0.00e+00	0.00e+00	0.00e+00	0.00e+00	0.00e+00
 5.06385e+22	3.86e-16	5.96e-05	6.21e-03	4.01e-02	4.71e-02	1.34e-01	4.81e-01	2.72e-01	1.87e-02	5.19e-04	1.16e-05	2.72e-07	0.00e+00	0.00e+00	0.00e+00	0.00e+00	0.00e+00
 5.09575e+22	5.42e-16	7.42e-05	7.38e-03	4.57e-02	5.12e-02	1.42e-01	4.80e-01	2.56e-01	1.67e-02	4.44e-04	9.53e-06	2.16e-07	0.00e+00	0.00e+00	0.00e+00	0.00e+00	0.00e+00
 5.13184e+22	8.37e-16	9.76e-05	9.16e-03	5.36e-02	5.66e-02	1.52e-01	4.78e-01	2.36e-01	1.43e-02	3.62e-04	7.41e-06	1.62e-07	0.00e+00	0.00e+00	0.00e+00	0.00e+00	0.00e+00
 5.16900e+22	1.23e-15	1.24e-04	1.10e-02	6.14e-02	6.16e-02	1.60e-01	4.74e-01	2.19e-01	1.25e-02	3.02e-04	5.92e-06	1.24e-07	0.00e+00	0.00e+00	0.00e+00	0.00e+00	0.00e+00
 5.20222e+22	1.78e-15	1.54e-04	1.31e-02	6.96e-02	6.66e-02	1.69e-01	4.68e-01	2.03e-01	1.09e-02	2.53e-04	4.77e-06	0.00e+00	0.00e+00	0.00e+00	0.00e+00	0.00e+00	0.00e+00
 5.24008e+22	2.87e-15	2.04e-04	1.63e-02	8.14e-02	7.32e-02	1.79e-01	4.58e-01	1.83e-01	9.10e-03	2.01e-04	3.59e-06	0.00e+00	0.00e+00	0.00e+00	0.00e+00	0.00e+00	0.00e+00
 5.27864e+22	4.31e-15	2.57e-04	1.94e-02	9.23e-02	7.87e-02	1.87e-01	4.48e-01	1.67e-01	7.81e-03	1.65e-04	2.83e-06	0.00e+00	0.00e+00	0.00e+00	0.00e+00	0.00e+00	0.00e+00
 5.31812e+22	7.20e-15	3.40e-04	2.40e-02	1.07e-01	8.58e-02	1.96e-01	4.32e-01	1.48e-01	6.39e-03	1.28e-04	2.08e-06	0.00e+00	0.00e+00	0.00e+00	0.00e+00	0.00e+00	0.00e+00
 5.35715e+22	1.10e-14	4.21e-04	2.83e-02	1.20e-01	9.13e-02	2.02e-01	4.18e-01	1.34e-01	5.44e-03	1.05e-04	1.63e-06	0.00e+00	0.00e+00	0.00e+00	0.00e+00	0.00e+00	0.00e+00
 5.38879e+22	1.57e-14	5.07e-04	3.25e-02	1.32e-01	9.61e-02	2.07e-01	4.05e-01	1.22e-01	4.69e-03	8.71e-05	1.31e-06	0.00e+00	0.00e+00	0.00e+00	0.00e+00	0.00e+00	0.00e+00
 5.42312e+22	2.51e-14	6.37e-04	3.85e-02	1.48e-01	1.02e-01	2.12e-01	3.86e-01	1.08e-01	3.89e-03	6.91e-05	9.94e-07	0.00e+00	0.00e+00	0.00e+00	0.00e+00	0.00e+00	0.00e+00
 5.45778e+22	3.84e-14	7.65e-04	4.41e-02	1.62e-01	1.07e-01	2.16e-01	3.70e-01	9.71e-02	3.31e-03	5.67e-05	7.87e-07	0.00e+00	0.00e+00	0.00e+00	0.00e+00	0.00e+00	0.00e+00
 5.48820e+22	5.67e-14	9.11e-04	5.02e-02	1.76e-01	1.11e-01	2.18e-01	3.54e-01	8.72e-02	2.82e-03	4.66e-05	6.23e-07	0.00e+00	0.00e+00	0.00e+00	0.00e+00	0.00e+00	0.00e+00
 5.52309e+22	1.01e-13	1.13e-03	5.87e-02	1.94e-01	1.16e-01	2.20e-01	3.32e-01	7.57e-02	2.29e-03	3.63e-05	4.63e-07	0.00e+00	0.00e+00	0.00e+00	0.00e+00	0.00e+00	0.00e+00
 5.55902e+22	1.99e-13	1.36e-03	6.69e-02	2.11e-01	1.20e-01	2.21e-01	3.12e-01	6.66e-02	1.90e-03	2.90e-05	3.56e-07	0.00e+00	0.00e+00	0.00e+00	0.00e+00	0.00e+00	0.00e+00
 5.59113e+22	3.43e-13	1.61e-03	7.54e-02	2.27e-01	1.23e-01	2.20e-01	2.93e-01	5.86e-02	1.58e-03	2.33e-05	2.75e-07	0.00e+00	0.00e+00	0.00e+00	0.00e+00	0.00e+00	0.00e+00
 5.62772e+22	7.43e-13	1.98e-03	8.74e-02	2.47e-01	1.27e-01	2.18e-01	2.68e-01	4.95e-02	1.24e-03	1.76e-05	1.98e-07	0.00e+00	0.00e+00	0.00e+00	0.00e+00	0.00e+00	0.00e+00
 5.66462e+22	1.82e-12	2.34e-03	9.80e-02	2.64e-01	1.29e-01	2.15e-01	2.49e-01	4.27e-02	1.01e-03	1.38e-05	1.49e-07	0.00e+00	0.00e+00	0.00e+00	0.00e+00	0.00e+00	0.00e+00
 5.69675e+22	4.23e-12	2.73e-03	1.09e-01	2.79e-01	1.31e-01	2.11e-01	2.30e-01	3.69e-02	8.27e-04	1.09e-05	0.00e+00	0.00e+00	0.00e+00	0.00e+00	0.00e+00	0.00e+00	0.00e+00
 5.72570e+22	2.60e-11	3.09e-03	1.19e-01	2.92e-01	1.32e-01	2.07e-01	2.15e-01	3.28e-02	7.01e-04	9.03e-06	0.00e+00	0.00e+00	0.00e+00	0.00e+00	0.00e+00	0.00e+00	0.00e+00
 5.75565e+22	8.60e-11	3.59e-03	1.31e-01	3.07e-01	1.32e-01	2.02e-01	1.96e-01	2.80e-02	5.66e-04	7.05e-06	0.00e+00	0.00e+00	0.00e+00	0.00e+00	0.00e+00	0.00e+00	0.00e+00
 5.78620e+22	5.52e-10	4.08e-03	1.42e-01	3.19e-01	1.32e-01	1.96e-01	1.81e-01	2.44e-02	4.69e-04	5.68e-06	0.00e+00	0.00e+00	0.00e+00	0.00e+00	0.00e+00	0.00e+00	0.00e+00
 5.81300e+22	2.82e-09	4.57e-03	1.54e-01	3.30e-01	1.32e-01	1.90e-01	1.68e-01	2.13e-02	3.92e-04	4.63e-06	0.00e+00	0.00e+00	0.00e+00	0.00e+00	0.00e+00	0.00e+00	0.00e+00
 5.84331e+22	3.35e-08	5.28e-03	1.68e-01	3.43e-01	1.31e-01	1.83e-01	1.51e-01	1.79e-02	3.11e-04	3.55e-06	0.00e+00	0.00e+00	0.00e+00	0.00e+00	0.00e+00	0.00e+00	0.00e+00
 5.87414e+22	7.16e-07	5.92e-03	1.81e-01	3.53e-01	1.30e-01	1.76e-01	1.38e-01	1.54e-02	2.55e-04	2.84e-06	0.00e+00	0.00e+00	0.00e+00	0.00e+00	0.00e+00	0.00e+00	0.00e+00
 5.90147e+22	9.60e-07	6.60e-03	1.93e-01	3.62e-01	1.29e-01	1.69e-01	1.26e-01	1.33e-02	2.11e-04	2.29e-06	0.00e+00	0.00e+00	0.00e+00	0.00e+00	0.00e+00	0.00e+00	0.00e+00
 5.92828e+22	1.19e-06	7.32e-03	2.06e-01	3.70e-01	1.27e-01	1.63e-01	1.16e-01	1.15e-02	1.74e-04	1.85e-06	0.00e+00	0.00e+00	0.00e+00	0.00e+00	0.00e+00	0.00e+00	0.00e+00
 5.95859e+22	1.52e-06	8.32e-03	2.22e-01	3.79e-01	1.24e-01	1.54e-01	1.03e-01	9.53e-03	1.36e-04	1.40e-06	0.00e+00	0.00e+00	0.00e+00	0.00e+00	0.00e+00	0.00e+00	0.00e+00
 5.98995e+22	1.86e-06	9.25e-03	2.37e-01	3.85e-01	1.22e-01	1.46e-01	9.27e-02	8.08e-03	1.10e-04	1.10e-06	0.00e+00	0.00e+00	0.00e+00	0.00e+00	0.00e+00	0.00e+00	0.00e+00
 6.01836e+22	2.23e-06	1.02e-02	2.51e-01	3.91e-01	1.19e-01	1.39e-01	8.35e-02	6.86e-03	8.90e-05	8.70e-07	0.00e+00	0.00e+00	0.00e+00	0.00e+00	0.00e+00	0.00e+00	0.00e+00
 6.05098e+22	2.82e-06	1.17e-02	2.70e-01	3.96e-01	1.15e-01	1.29e-01	7.26e-02	5.51e-03	6.71e-05	6.36e-07	0.00e+00	0.00e+00	0.00e+00	0.00e+00	0.00e+00	0.00e+00	0.00e+00
 6.08372e+22	3.34e-06	1.28e-02	2.85e-01	3.99e-01	1.12e-01	1.21e-01	6.51e-02	4.64e-03	5.39e-05	4.99e-07	0.00e+00	0.00e+00	0.00e+00	0.00e+00	0.00e+00	0.00e+00	0.00e+00
 6.11659e+22	4.13e-06	1.45e-02	3.04e-01	4.02e-01	1.08e-01	1.12e-01	5.63e-02	3.70e-03	4.05e-05	3.63e-07	0.00e+00	0.00e+00	0.00e+00	0.00e+00	0.00e+00	0.00e+00	0.00e+00
 6.15010e+22	4.88e-06	1.59e-02	3.20e-01	4.03e-01	1.04e-01	1.05e-01	4.98e-02	3.07e-03	3.20e-05	2.80e-07	0.00e+00	0.00e+00	0.00e+00	0.00e+00	0.00e+00	0.00e+00	0.00e+00
 6.18441e+22	5.97e-06	1.79e-02	3.39e-01	4.02e-01	9.93e-02	9.57e-02	4.26e-02	2.42e-03	2.37e-05	2.01e-07	0.00e+00	0.00e+00	0.00e+00	0.00e+00	0.00e+00	0.00e+00	0.00e+00
 6.21943e+22	7.03e-06	1.97e-02	3.56e-01	4.01e-01	9.52e-02	8.86e-02	3.74e-02	1.98e-03	1.84e-05	1.52e-07	0.00e+00	0.00e+00	0.00e+00	0.00e+00	0.00e+00	0.00e+00	0.00e+00
 6.25536e+22	8.57e-06	2.22e-02	3.77e-01	3.98e-01	9.01e-02	8.00e-02	3.15e-02	1.53e-03	1.33e-05	0.00e+00	0.00e+00	0.00e+00	0.00e+00	0.00e+00	0.00e+00	0.00e+00	0.00e+00
 6.29180e+22	1.01e-05	2.44e-02	3.94e-01	3.94e-01	8.59e-02	7.34e-02	2.74e-02	1.24e-03	1.02e-05	0.00e+00	0.00e+00	0.00e+00	0.00e+00	0.00e+00	0.00e+00	0.00e+00	0.00e+00
 6.32888e+22	1.22e-05	2.73e-02	4.15e-01	3.87e-01	8.06e-02	6.56e-02	2.29e-02	9.41e-04	7.30e-06	0.00e+00	0.00e+00	0.00e+00	0.00e+00	0.00e+00	0.00e+00	0.00e+00	0.00e+00
 6.36675e+22	1.43e-05	3.00e-02	4.33e-01	3.81e-01	7.63e-02	5.96e-02	1.96e-02	7.49e-04	5.50e-06	0.00e+00	0.00e+00	0.00e+00	0.00e+00	0.00e+00	0.00e+00	0.00e+00	0.00e+00
 6.40563e+22	1.74e-05	3.36e-02	4.54e-01	3.72e-01	7.11e-02	5.27e-02	1.62e-02	5.60e-04	3.85e-06	0.00e+00	0.00e+00	0.00e+00	0.00e+00	0.00e+00	0.00e+00	0.00e+00	0.00e+00
 6.43956e+22	1.94e-05	3.58e-02	4.66e-01	3.66e-01	6.81e-02	4.90e-02	1.45e-02	4.74e-04	3.14e-06	0.00e+00	0.00e+00	0.00e+00	0.00e+00	0.00e+00	0.00e+00	0.00e+00	0.00e+00
 6.46705e+22	2.21e-05	3.87e-02	4.81e-01	3.58e-01	6.45e-02	4.47e-02	1.26e-02	3.85e-04	2.43e-06	0.00e+00	0.00e+00	0.00e+00	0.00e+00	0.00e+00	0.00e+00	0.00e+00	0.00e+00
 6.49536e+22	2.47e-05	4.12e-02	4.93e-01	3.51e-01	6.16e-02	4.13e-02	1.12e-02	3.23e-04	1.96e-06	0.00e+00	0.00e+00	0.00e+00	0.00e+00	0.00e+00	0.00e+00	0.00e+00	0.00e+00
 6.52473e+22	2.82e-05	4.45e-02	5.08e-01	3.42e-01	5.81e-02	3.74e-02	9.62e-03	2.59e-04	1.50e-06	0.00e+00	0.00e+00	0.00e+00	0.00e+00	0.00e+00	0.00e+00	0.00e+00	0.00e+00
 6.55460e+22	3.14e-05	4.75e-02	5.20e-01	3.34e-01	5.53e-02	3.44e-02	8.51e-03	2.15e-04	1.20e-06	0.00e+00	0.00e+00	0.00e+00	0.00e+00	0.00e+00	0.00e+00	0.00e+00	0.00e+00
 6.58514e+22	3.60e-05	5.13e-02	5.35e-01	3.24e-01	5.18e-02	3.09e-02	7.25e-03	1.70e-04	9.01e-07	0.00e+00	0.00e+00	0.00e+00	0.00e+00	0.00e+00	0.00e+00	0.00e+00	0.00e+00
 6.61586e+22	4.01e-05	5.47e-02	5.46e-01	3.15e-01	4.91e-02	2.83e-02	6.39e-03	1.41e-04	7.17e-07	0.00e+00	0.00e+00	0.00e+00	0.00e+00	0.00e+00	0.00e+00	0.00e+00	0.00e+00
 6.64681e+22	4.58e-05	5.89e-02	5.60e-01	3.05e-01	4.60e-02	2.53e-02	5.44e-03	1.11e-04	5.39e-07	0.00e+00	0.00e+00	0.00e+00	0.00e+00	0.00e+00	0.00e+00	0.00e+00	0.00e+00
 6.67847e+22	5.12e-05	6.28e-02	5.71e-01	2.95e-01	4.34e-02	2.30e-02	4.75e-03	9.09e-05	4.24e-07	0.00e+00	0.00e+00	0.00e+00	0.00e+00	0.00e+00	0.00e+00	0.00e+00	0.00e+00
 6.70199e+22	5.49e-05	6.53e-02	5.78e-01	2.89e-01	4.18e-02	2.16e-02	4.35e-03	7.98e-05	3.62e-07	0.00e+00	0.00e+00	0.00e+00	0.00e+00	0.00e+00	0.00e+00	0.00e+00	0.00e+00
 6.71799e+22	5.80e-05	6.73e-02	5.83e-01	2.85e-01	4.06e-02	2.06e-02	4.07e-03	7.24e-05	3.22e-07	0.00e+00	0.00e+00	0.00e+00	0.00e+00	0.00e+00	0.00e+00	0.00e+00	0.00e+00
 6.73327e+22	6.15e-05	6.97e-02	5.89e-01	2.79e-01	3.92e-02	1.95e-02	3.76e-03	6.45e-05	2.81e-07	0.00e+00	0.00e+00	0.00e+00	0.00e+00	0.00e+00	0.00e+00	0.00e+00	0.00e+00
 6.75312e+22	6.67e-05	7.29e-02	5.96e-01	2.72e-01	3.75e-02	1.81e-02	3.39e-03	5.52e-05	2.34e-07	0.00e+00	0.00e+00	0.00e+00	0.00e+00	0.00e+00	0.00e+00	0.00e+00	0.00e+00
 6.77893e+22	7.40e-05	7.72e-02	6.06e-01	2.62e-01	3.53e-02	1.64e-02	2.96e-03	4.52e-05	1.84e-07	0.00e+00	0.00e+00	0.00e+00	0.00e+00	0.00e+00	0.00e+00	0.00e+00	0.00e+00
 6.80562e+22	8.12e-05	8.13e-02	6.14e-01	2.54e-01	3.35e-02	1.50e-02	2.62e-03	3.79e-05	1.49e-07	0.00e+00	0.00e+00	0.00e+00	0.00e+00	0.00e+00	0.00e+00	0.00e+00	0.00e+00
 6.82638e+22	8.64e-05	8.41e-02	6.19e-01	2.48e-01	3.23e-02	1.42e-02	2.41e-03	3.36e-05	1.29e-07	0.00e+00	0.00e+00	0.00e+00	0.00e+00	0.00e+00	0.00e+00	0.00e+00	0.00e+00
 6.84628e+22	9.34e-05	8.78e-02	6.25e-01	2.41e-01	3.08e-02	1.31e-02	2.17e-03	2.87e-05	0.00e+00	0.00e+00	0.00e+00	0.00e+00	0.00e+00	0.00e+00	0.00e+00	0.00e+00	0.00e+00
 6.87216e+22	1.03e-04	9.27e-02	6.33e-01	2.31e-01	2.89e-02	1.18e-02	1.89e-03	2.34e-05	0.00e+00	0.00e+00	0.00e+00	0.00e+00	0.00e+00	0.00e+00	0.00e+00	0.00e+00	0.00e+00
 6.90069e+22	1.13e-04	9.77e-02	6.40e-01	2.22e-01	2.72e-02	1.07e-02	1.65e-03	1.93e-05	0.00e+00	0.00e+00	0.00e+00	0.00e+00	0.00e+00	0.00e+00	0.00e+00	0.00e+00	0.00e+00
