#depth	O	O+	O+2	O+3	O+4	O+5	O+6	O+7	O+8	O[1]	O[2]	O[3]
 1.54284e+22	6.57e-09	6.53e-05	1.92e-02	2.82e-01	3.59e-01	2.23e-01	1.13e-01	3.09e-03	2.08e-05	6.57e-09	1.92e-17	2.34e-17
 3.55360e+22	2.46e-08	1.70e-04	3.62e-02	3.76e-01	3.53e-01	1.70e-01	6.38e-02	1.23e-03	5.87e-06	2.46e-08	7.99e-17	9.66e-17
 4.25549e+22	4.65e-08	2.66e-04	4.80e-02	4.21e-01	3.39e-01	1.44e-01	4.68e-02	7.58e-04	3.06e-06	4.65e-08	1.63e-16	1.97e-16
 4.66935e+22	7.50e-08	3.70e-04	5.88e-02	4.53e-01	3.25e-01	1.26e-01	3.65e-02	5.17e-04	1.84e-06	7.50e-08	2.79e-16	3.37e-16
 4.93240e+22	9.33e-08	4.30e-04	6.44e-02	4.67e-01	3.18e-01	1.17e-01	3.24e-02	4.32e-04	1.44e-06	9.33e-08	3.57e-16	4.32e-16
 5.09638e+22	1.15e-07	4.97e-04	7.02e-02	4.80e-01	3.10e-01	1.10e-01	2.88e-02	3.62e-04	1.14e-06	1.15e-07	4.54e-16	5.48e-16
 5.28229e+22	1.51e-07	5.97e-04	7.83e-02	4.96e-01	3.00e-01	1.00e-01	2.47e-02	2.87e-04	8.38e-07	1.51e-07	6.15e-16	7.43e-16
 5.46738e+22	1.85e-07	6.85e-04	8.49e-02	5.07e-01	2.92e-01	9.30e-02	2.19e-02	2.40e-04	6.59e-07	1.85e-07	7.76e-16	9.37e-16
 5.65140e+22	2.40e-07	8.16e-04	9.40e-02	5.21e-01	2.81e-01	8.45e-02	1.88e-02	1.90e-04	4.85e-07	2.40e-07	1.04e-15	1.26e-15
 5.83996e+22	2.97e-07	9.42e-04	1.02e-01	5.31e-01	2.71e-01	7.78e-02	1.64e-02	1.56e-04	3.74e-07	2.97e-07	1.33e-15	1.60e-15
 6.03443e+22	3.88e-07	1.13e-03	1.13e-01	5.43e-01	2.59e-01	6.99e-02	1.39e-02	1.21e-04	2.69e-07	3.88e-07	1.79e-15	2.16e-15
 6.23041e+22	4.80e-07	1.30e-03	1.22e-01	5.52e-01	2.49e-01	6.40e-02	1.21e-02	9.86e-05	2.05e-07	4.80e-07	2.28e-15	2.75e-15
 6.42835e+22	6.27e-07	1.55e-03	1.35e-01	5.61e-01	2.36e-01	5.70e-02	1.01e-02	7.59e-05	1.46e-07	6.27e-07	3.08e-15	3.71e-15
 6.62873e+22	7.76e-07	1.78e-03	1.46e-01	5.67e-01	2.25e-01	5.18e-02	8.71e-03	6.12e-05	0.00e+00	7.76e-07	3.92e-15	4.71e-15
 6.78945e+22	9.24e-07	2.00e-03	1.55e-01	5.71e-01	2.16e-01	4.78e-02	7.70e-03	5.11e-05	0.00e+00	9.24e-07	4.77e-15	5.73e-15
 6.95552e+22	1.14e-06	2.29e-03	1.67e-01	5.75e-01	2.06e-01	4.32e-02	6.62e-03	4.09e-05	0.00e+00	1.14e-06	6.07e-15	7.28e-15
 7.12548e+22	1.36e-06	2.57e-03	1.78e-01	5.78e-01	1.97e-01	3.95e-02	5.81e-03	3.38e-05	0.00e+00	1.36e-06	7.41e-15	8.89e-15
 7.27698e+22	1.62e-06	2.87e-03	1.88e-01	5.79e-01	1.88e-01	3.63e-02	5.11e-03	2.81e-05	0.00e+00	1.62e-06	9.01e-15	1.08e-14
 7.45044e+22	2.01e-06	3.30e-03	2.02e-01	5.80e-01	1.78e-01	3.24e-02	4.33e-03	2.21e-05	0.00e+00	2.01e-06	1.15e-14	1.38e-14
 7.62590e+22	2.39e-06	3.70e-03	2.15e-01	5.79e-01	1.69e-01	2.95e-02	3.77e-03	1.81e-05	0.00e+00	2.39e-06	1.41e-14	1.68e-14
 7.77995e+22	2.83e-06	4.12e-03	2.27e-01	5.78e-01	1.61e-01	2.68e-02	3.29e-03	1.49e-05	0.00e+00	2.83e-06	1.71e-14	2.04e-14
 7.95621e+22	3.50e-06	4.73e-03	2.43e-01	5.75e-01	1.51e-01	2.38e-02	2.77e-03	1.16e-05	0.00e+00	3.50e-06	2.18e-14	2.60e-14
 8.13479e+22	4.17e-06	5.29e-03	2.57e-01	5.71e-01	1.42e-01	2.15e-02	2.40e-03	9.43e-06	0.00e+00	4.17e-06	2.67e-14	3.18e-14
 8.29179e+22	4.94e-06	5.89e-03	2.71e-01	5.67e-01	1.35e-01	1.94e-02	2.08e-03	7.68e-06	0.00e+00	4.94e-06	3.24e-14	3.87e-14
 8.47128e+22	6.10e-06	6.75e-03	2.89e-01	5.61e-01	1.25e-01	1.71e-02	1.74e-03	5.93e-06	0.00e+00	6.10e-06	4.15e-14	4.94e-14
 8.65375e+22	7.26e-06	7.54e-03	3.04e-01	5.54e-01	1.17e-01	1.53e-02	1.49e-03	4.76e-06	0.00e+00	7.26e-06	5.07e-14	6.04e-14
 8.81554e+22	8.60e-06	8.39e-03	3.20e-01	5.47e-01	1.10e-01	1.37e-02	1.28e-03	3.83e-06	0.00e+00	8.60e-06	6.18e-14	7.35e-14
 9.00132e+22	1.06e-05	9.60e-03	3.40e-01	5.36e-01	1.02e-01	1.19e-02	1.06e-03	2.91e-06	0.00e+00	1.06e-05	7.93e-14	9.42e-14
 9.19011e+22	1.26e-05	1.07e-02	3.57e-01	5.26e-01	9.47e-02	1.06e-02	8.96e-04	2.31e-06	0.00e+00	1.26e-05	9.72e-14	1.15e-13
 9.38281e+22	1.57e-05	1.23e-02	3.78e-01	5.13e-01	8.65e-02	9.12e-03	7.30e-04	1.72e-06	0.00e+00	1.57e-05	1.26e-13	1.49e-13
 9.57783e+22	1.86e-05	1.37e-02	3.97e-01	5.01e-01	8.00e-02	8.03e-03	6.13e-04	1.35e-06	0.00e+00	1.86e-05	1.54e-13	1.83e-13
 9.77589e+22	2.31e-05	1.57e-02	4.19e-01	4.85e-01	7.25e-02	6.84e-03	4.94e-04	9.93e-07	0.00e+00	2.31e-05	2.00e-13	2.36e-13
 9.94566e+22	2.62e-05	1.69e-02	4.33e-01	4.75e-01	6.81e-02	6.19e-03	4.32e-04	8.21e-07	0.00e+00	2.62e-05	2.31e-13	2.73e-13
 1.00787e+23	2.98e-05	1.84e-02	4.48e-01	4.64e-01	6.39e-02	5.59e-03	3.77e-04	6.78e-07	0.00e+00	2.98e-05	2.72e-13	3.21e-13
 1.02516e+23	3.58e-05	2.06e-02	4.68e-01	4.48e-01	5.83e-02	4.83e-03	3.10e-04	5.15e-07	0.00e+00	3.58e-05	3.40e-13	4.00e-13
 1.04316e+23	4.16e-05	2.26e-02	4.85e-01	4.34e-01	5.37e-02	4.25e-03	2.62e-04	4.06e-07	0.00e+00	4.16e-05	4.08e-13	4.80e-13
 1.06211e+23	5.06e-05	2.55e-02	5.07e-01	4.15e-01	4.83e-02	3.60e-03	2.10e-04	2.98e-07	0.00e+00	5.06e-05	5.20e-13	6.10e-13
 1.08250e+23	6.05e-05	2.85e-02	5.27e-01	3.97e-01	4.34e-02	3.06e-03	1.70e-04	2.22e-07	0.00e+00	6.05e-05	6.47e-13	7.58e-13
 1.09896e+23	6.80e-05	3.06e-02	5.42e-01	3.85e-01	4.03e-02	2.74e-03	1.47e-04	1.81e-07	0.00e+00	6.80e-05	7.50e-13	8.76e-13
 1.11455e+23	7.95e-05	3.36e-02	5.59e-01	3.68e-01	3.67e-02	2.37e-03	1.22e-04	1.39e-07	0.00e+00	7.95e-05	9.11e-13	1.06e-12
 1.13054e+23	8.96e-05	3.62e-02	5.73e-01	3.55e-01	3.38e-02	2.10e-03	1.04e-04	0.00e+00	0.00e+00	8.96e-05	1.06e-12	1.23e-12
 1.14707e+23	1.05e-04	3.99e-02	5.91e-01	3.37e-01	3.05e-02	1.80e-03	8.53e-05	0.00e+00	0.00e+00	1.05e-04	1.30e-12	1.51e-12
 1.16377e+23	1.19e-04	4.29e-02	6.05e-01	3.23e-01	2.79e-02	1.58e-03	7.24e-05	0.00e+00	0.00e+00	1.19e-04	1.52e-12	1.75e-12
 1.18069e+23	1.39e-04	4.72e-02	6.21e-01	3.05e-01	2.50e-02	1.34e-03	5.87e-05	0.00e+00	0.00e+00	1.39e-04	1.86e-12	2.14e-12
 1.19785e+23	1.57e-04	5.07e-02	6.35e-01	2.91e-01	2.27e-02	1.17e-03	4.92e-05	0.00e+00	0.00e+00	1.57e-04	2.18e-12	2.49e-12
 1.21534e+23	1.84e-04	5.58e-02	6.50e-01	2.72e-01	2.02e-02	9.83e-04	3.95e-05	0.00e+00	0.00e+00	1.84e-04	2.69e-12	3.05e-12
 1.23307e+23	2.08e-04	5.99e-02	6.63e-01	2.58e-01	1.82e-02	8.50e-04	3.28e-05	0.00e+00	0.00e+00	2.08e-04	3.16e-12	3.56e-12
 1.25113e+23	2.43e-04	6.59e-02	6.77e-01	2.40e-01	1.60e-02	7.08e-04	2.61e-05	0.00e+00	0.00e+00	2.43e-04	3.90e-12	4.36e-12
 1.26963e+23	2.76e-04	7.09e-02	6.89e-01	2.25e-01	1.43e-02	6.03e-04	2.13e-05	0.00e+00	0.00e+00	2.76e-04	4.63e-12	5.14e-12
 1.28872e+23	3.27e-04	7.84e-02	7.02e-01	2.06e-01	1.24e-02	4.90e-04	1.64e-05	0.00e+00	0.00e+00	3.27e-04	5.82e-12	6.40e-12
 1.30779e+23	3.68e-04	8.39e-02	7.12e-01	1.93e-01	1.10e-02	4.16e-04	1.34e-05	0.00e+00	0.00e+00	3.68e-04	6.86e-12	7.47e-12
 1.32685e+23	4.34e-04	9.24e-02	7.22e-01	1.76e-01	9.45e-03	3.37e-04	1.03e-05	0.00e+00	0.00e+00	4.34e-04	8.59e-12	9.25e-12
 1.34640e+23	4.90e-04	9.91e-02	7.30e-01	1.62e-01	8.30e-03	2.82e-04	8.28e-06	0.00e+00	0.00e+00	4.90e-04	1.02e-11	1.09e-11
 1.36660e+23	5.81e-04	1.09e-01	7.37e-01	1.46e-01	7.05e-03	2.24e-04	6.25e-06	0.00e+00	0.00e+00	5.81e-04	1.30e-11	1.36e-11
 1.38704e+23	6.59e-04	1.18e-01	7.42e-01	1.33e-01	6.12e-03	1.85e-04	4.94e-06	0.00e+00	0.00e+00	6.59e-04	1.55e-11	1.60e-11
 1.40781e+23	7.84e-04	1.30e-01	7.46e-01	1.18e-01	5.13e-03	1.44e-04	3.66e-06	0.00e+00	0.00e+00	7.84e-04	1.98e-11	2.01e-11
 1.42857e+23	8.90e-04	1.40e-01	7.48e-01	1.06e-01	4.42e-03	1.18e-04	2.87e-06	0.00e+00	0.00e+00	8.90e-04	2.37e-11	2.37e-11
 1.44932e+23	1.06e-03	1.55e-01	7.47e-01	9.31e-02	3.67e-03	9.07e-05	2.10e-06	0.00e+00	0.00e+00	1.06e-03	3.05e-11	2.98e-11
 1.47011e+23	1.21e-03	1.67e-01	7.45e-01	8.32e-02	3.15e-03	7.34e-05	1.64e-06	0.00e+00	0.00e+00	1.21e-03	3.67e-11	3.52e-11
 1.49094e+23	1.45e-03	1.85e-01	7.39e-01	7.16e-02	2.59e-03	5.54e-05	1.18e-06	0.00e+00	0.00e+00	1.45e-03	4.76e-11	4.46e-11
 1.51172e+23	1.66e-03	2.00e-01	7.33e-01	6.32e-02	2.20e-03	4.43e-05	9.14e-07	0.00e+00	0.00e+00	1.66e-03	5.77e-11	5.30e-11
 1.53244e+23	2.01e-03	2.23e-01	7.20e-01	5.33e-02	1.79e-03	3.28e-05	6.51e-07	0.00e+00	0.00e+00	2.01e-03	7.56e-11	6.75e-11
 1.55303e+23	2.30e-03	2.41e-01	7.09e-01	4.64e-02	1.52e-03	2.58e-05	4.99e-07	0.00e+00	0.00e+00	2.30e-03	9.22e-11	8.06e-11
 1.57347e+23	2.79e-03	2.69e-01	6.89e-01	3.85e-02	1.23e-03	1.88e-05	3.53e-07	0.00e+00	0.00e+00	2.79e-03	1.21e-10	1.03e-10
 1.59391e+23	3.25e-03	2.92e-01	6.71e-01	3.27e-02	1.03e-03	1.44e-05	2.66e-07	0.00e+00	0.00e+00	3.25e-03	1.49e-10	1.24e-10
 1.61437e+23	3.97e-03	3.26e-01	6.43e-01	2.64e-02	8.30e-04	1.02e-05	1.85e-07	0.00e+00	0.00e+00	3.97e-03	1.98e-10	1.60e-10
 1.63482e+23	4.67e-03	3.55e-01	6.18e-01	2.19e-02	6.91e-04	7.59e-06	1.37e-07	0.00e+00	0.00e+00	4.67e-03	2.46e-10	1.96e-10
 1.65527e+23	5.76e-03	3.95e-01	5.82e-01	1.71e-02	5.49e-04	5.16e-06	0.00e+00	0.00e+00	0.00e+00	5.76e-03	3.28e-10	2.54e-10
 1.67581e+23	6.86e-03	4.31e-01	5.48e-01	1.37e-02	4.51e-04	3.69e-06	0.00e+00	0.00e+00	0.00e+00	6.86e-03	4.13e-10	3.14e-10
 1.69370e+23	8.18e-03	4.68e-01	5.12e-01	1.08e-02	3.71e-04	2.61e-06	0.00e+00	0.00e+00	0.00e+00	8.18e-03	5.21e-10	3.89e-10
 1.71421e+23	1.02e-02	5.17e-01	4.64e-01	7.96e-03	2.90e-04	1.65e-06	0.00e+00	0.00e+00	0.00e+00	1.02e-02	6.97e-10	5.11e-10
 1.73509e+23	1.25e-02	5.62e-01	4.19e-01	5.90e-03	2.31e-04	1.08e-06	0.00e+00	0.00e+00	0.00e+00	1.25e-02	8.99e-10	6.50e-10
 1.75269e+23	1.50e-02	6.03e-01	3.77e-01	4.43e-03	1.87e-04	7.17e-07	0.00e+00	0.00e+00	0.00e+00	1.50e-02	1.13e-09	8.08e-10
 1.76790e+23	1.76e-02	6.38e-01	3.41e-01	3.42e-03	1.56e-04	5.00e-07	0.00e+00	0.00e+00	0.00e+00	1.76e-02	1.38e-09	9.74e-10
 1.78374e+23	2.15e-02	6.79e-01	2.97e-01	2.45e-03	1.23e-04	3.13e-07	0.00e+00	0.00e+00	0.00e+00	2.15e-02	1.76e-09	1.23e-09
 1.80039e+23	2.62e-02	7.17e-01	2.55e-01	1.73e-03	9.68e-05	1.94e-07	0.00e+00	0.00e+00	0.00e+00	2.62e-02	2.23e-09	1.55e-09
 1.81509e+23	3.16e-02	7.50e-01	2.17e-01	1.23e-03	7.65e-05	1.21e-07	0.00e+00	0.00e+00	0.00e+00	3.16e-02	2.79e-09	1.93e-09
 1.82884e+23	3.82e-02	7.79e-01	1.82e-01	8.58e-04	5.98e-05	0.00e+00	0.00e+00	0.00e+00	0.00e+00	3.82e-02	3.50e-09	2.40e-09
 1.84207e+23	4.65e-02	8.03e-01	1.50e-01	5.89e-04	4.58e-05	0.00e+00	0.00e+00	0.00e+00	0.00e+00	4.65e-02	4.39e-09	3.00e-09
 1.85453e+23	5.65e-02	8.22e-01	1.21e-01	4.02e-04	3.48e-05	0.00e+00	0.00e+00	0.00e+00	0.00e+00	5.65e-02	5.49e-09	3.73e-09
 1.86610e+23	6.89e-02	8.34e-01	9.66e-02	2.72e-04	2.59e-05	0.00e+00	0.00e+00	0.00e+00	0.00e+00	6.89e-02	6.87e-09	4.65e-09
 1.87673e+23	8.36e-02	8.40e-01	7.61e-02	1.85e-04	1.92e-05	0.00e+00	0.00e+00	0.00e+00	0.00e+00	8.36e-02	8.51e-09	5.74e-09
 1.88649e+23	1.01e-01	8.39e-01	5.91e-02	1.27e-04	1.40e-05	0.00e+00	0.00e+00	0.00e+00	0.00e+00	1.01e-01	1.05e-08	7.06e-09
 1.89531e+23	1.22e-01	8.32e-01	4.57e-02	8.81e-05	1.01e-05	0.00e+00	0.00e+00	0.00e+00	0.00e+00	1.22e-01	1.28e-08	8.58e-09
 1.90308e+23	1.45e-01	8.19e-01	3.55e-02	6.32e-05	7.37e-06	0.00e+00	0.00e+00	0.00e+00	0.00e+00	1.45e-01	1.53e-08	1.02e-08
 1.91009e+23	1.72e-01	8.01e-01	2.75e-02	4.61e-05	5.34e-06	0.00e+00	0.00e+00	0.00e+00	0.00e+00	1.72e-01	1.80e-08	1.21e-08
 1.91646e+23	2.01e-01	7.78e-01	2.13e-02	3.44e-05	3.87e-06	0.00e+00	0.00e+00	0.00e+00	0.00e+00	2.01e-01	2.10e-08	1.40e-08
 1.92224e+23	2.32e-01	7.52e-01	1.67e-02	2.62e-05	2.82e-06	0.00e+00	0.00e+00	0.00e+00	0.00e+00	2.32e-01	2.40e-08	1.60e-08
 1.92762e+23	2.66e-01	7.21e-01	1.30e-02	2.03e-05	2.05e-06	0.00e+00	0.00e+00	0.00e+00	0.00e+00	2.66e-01	2.70e-08	1.80e-08
 1.93266e+23	3.02e-01	6.88e-01	1.01e-02	1.59e-05	1.49e-06	0.00e+00	0.00e+00	0.00e+00	0.00e+00	3.02e-01	3.01e-08	2.00e-08
 1.93735e+23	3.40e-01	6.52e-01	7.89e-03	1.26e-05	1.09e-06	0.00e+00	0.00e+00	0.00e+00	0.00e+00	3.40e-01	3.30e-08	2.19e-08
 1.94164e+23	3.77e-01	6.17e-01	6.24e-03	1.02e-05	8.04e-07	0.00e+00	0.00e+00	0.00e+00	0.00e+00	3.77e-01	3.55e-08	2.35e-08
 1.94541e+23	4.12e-01	5.83e-01	5.04e-03	8.52e-06	6.14e-07	0.00e+00	0.00e+00	0.00e+00	0.00e+00	4.12e-01	3.76e-08	2.49e-08
 1.94865e+23	4.42e-01	5.53e-01	4.18e-03	7.28e-06	4.85e-07	0.00e+00	0.00e+00	0.00e+00	0.00e+00	4.42e-01	3.92e-08	2.60e-08
 1.95122e+23	4.67e-01	5.30e-01	3.61e-03	6.46e-06	4.03e-07	0.00e+00	0.00e+00	0.00e+00	0.00e+00	4.67e-01	4.03e-08	2.67e-08
 1.95329e+23	4.87e-01	5.10e-01	3.19e-03	5.86e-06	3.46e-07	0.00e+00	0.00e+00	0.00e+00	0.00e+00	4.87e-01	4.11e-08	2.72e-08
 1.95550e+23	5.08e-01	4.89e-01	2.80e-03	5.28e-06	2.93e-07	0.00e+00	0.00e+00	0.00e+00	0.00e+00	5.08e-01	4.19e-08	2.77e-08
 1.95806e+23	5.32e-01	4.65e-01	2.40e-03	4.69e-06	2.42e-07	0.00e+00	0.00e+00	0.00e+00	0.00e+00	5.32e-01	4.27e-08	2.82e-08
 1.96076e+23	5.58e-01	4.40e-01	2.04e-03	4.15e-06	1.98e-07	0.00e+00	0.00e+00	0.00e+00	0.00e+00	5.58e-01	4.33e-08	2.85e-08
 1.96334e+23	5.80e-01	4.18e-01	1.75e-03	3.72e-06	1.65e-07	0.00e+00	0.00e+00	0.00e+00	0.00e+00	5.80e-01	4.37e-08	2.88e-08
 1.96529e+23	5.96e-01	4.02e-01	1.57e-03	3.43e-06	1.44e-07	0.00e+00	0.00e+00	0.00e+00	0.00e+00	5.96e-01	4.38e-08	2.89e-08
 1.96656e+23	6.06e-01	3.92e-01	1.47e-03	3.27e-06	1.32e-07	0.00e+00	0.00e+00	0.00e+00	0.00e+00	6.06e-01	4.39e-08	2.89e-08
 1.96778e+23	6.16e-01	3.82e-01	1.37e-03	3.11e-06	0.00e+00	0.00e+00	0.00e+00	0.00e+00	0.00e+00	6.16e-01	4.40e-08	2.89e-08
 1.96928e+23	6.28e-01	3.71e-01	1.25e-03	2.92e-06	0.00e+00	0.00e+00	0.00e+00	0.00e+00	0.00e+00	6.28e-01	4.40e-08	2.90e-08
 1.97095e+23	6.41e-01	3.58e-01	1.14e-03	2.74e-06	0.00e+00	0.00e+00	0.00e+00	0.00e+00	0.00e+00	6.41e-01	4.40e-08	2.89e-08
 1.97259e+23	6.53e-01	3.46e-01	1.04e-03	2.58e-06	0.00e+00	0.00e+00	0.00e+00	0.00e+00	0.00e+00	6.53e-01	4.40e-08	2.89e-08
 1.97417e+23	6.64e-01	3.35e-01	9.52e-04	2.43e-06	0.00e+00	0.00e+00	0.00e+00	0.00e+00	0.00e+00	6.64e-01	4.39e-08	2.88e-08
 1.97579e+23	6.75e-01	3.25e-01	8.72e-04	2.29e-06	0.00e+00	0.00e+00	0.00e+00	0.00e+00	0.00e+00	6.75e-01	4.38e-08	2.88e-08
 1.97749e+23	6.86e-01	3.13e-01	7.94e-04	2.16e-06	0.00e+00	0.00e+00	0.00e+00	0.00e+00	0.00e+00	6.86e-01	4.36e-08	2.86e-08
 1.97924e+23	6.97e-01	3.02e-01	7.23e-04	2.03e-06	0.00e+00	0.00e+00	0.00e+00	0.00e+00	0.00e+00	6.97e-01	4.34e-08	2.85e-08
 1.98099e+23	7.07e-01	2.92e-01	6.59e-04	1.92e-06	0.00e+00	0.00e+00	0.00e+00	0.00e+00	0.00e+00	7.07e-01	4.32e-08	2.84e-08
 1.98277e+23	7.17e-01	2.82e-01	6.01e-04	1.81e-06	0.00e+00	0.00e+00	0.00e+00	0.00e+00	0.00e+00	7.17e-01	4.30e-08	2.82e-08
 1.98463e+23	7.27e-01	2.72e-01	5.46e-04	1.70e-06	0.00e+00	0.00e+00	0.00e+00	0.00e+00	0.00e+00	7.27e-01	4.28e-08	2.80e-08
 1.98656e+23	7.38e-01	2.62e-01	4.95e-04	1.60e-06	0.00e+00	0.00e+00	0.00e+00	0.00e+00	0.00e+00	7.38e-01	4.25e-08	2.78e-08
 1.98851e+23	7.47e-01	2.53e-01	4.50e-04	1.51e-06	0.00e+00	0.00e+00	0.00e+00	0.00e+00	0.00e+00	7.47e-01	4.22e-08	2.76e-08
 1.99051e+23	7.56e-01	2.43e-01	4.08e-04	1.43e-06	0.00e+00	0.00e+00	0.00e+00	0.00e+00	0.00e+00	7.56e-01	4.19e-08	2.74e-08
 1.99260e+23	7.66e-01	2.34e-01	3.69e-04	1.34e-06	0.00e+00	0.00e+00	0.00e+00	0.00e+00	0.00e+00	7.66e-01	4.15e-08	2.72e-08
 1.99472e+23	7.74e-01	2.25e-01	3.34e-04	1.27e-06	0.00e+00	0.00e+00	0.00e+00	0.00e+00	0.00e+00	7.74e-01	4.12e-08	2.69e-08
 1.99688e+23	7.83e-01	2.17e-01	3.03e-04	1.19e-06	0.00e+00	0.00e+00	0.00e+00	0.00e+00	0.00e+00	7.83e-01	4.09e-08	2.67e-08
 1.99914e+23	7.91e-01	2.09e-01	2.74e-04	1.13e-06	0.00e+00	0.00e+00	0.00e+00	0.00e+00	0.00e+00	7.91e-01	4.05e-08	2.64e-08
 2.00149e+23	7.99e-01	2.00e-01	2.47e-04	1.06e-06	0.00e+00	0.00e+00	0.00e+00	0.00e+00	0.00e+00	7.99e-01	4.01e-08	2.62e-08
 2.00390e+23	8.07e-01	1.92e-01	2.24e-04	1.00e-06	0.00e+00	0.00e+00	0.00e+00	0.00e+00	0.00e+00	8.07e-01	3.97e-08	2.59e-08
 2.00636e+23	8.15e-01	1.85e-01	2.03e-04	9.43e-07	0.00e+00	0.00e+00	0.00e+00	0.00e+00	0.00e+00	8.15e-01	3.94e-08	2.56e-08
 2.00893e+23	8.22e-01	1.78e-01	1.83e-04	8.89e-07	0.00e+00	0.00e+00	0.00e+00	0.00e+00	0.00e+00	8.22e-01	3.90e-08	2.54e-08
 2.01160e+23	8.29e-01	1.70e-01	1.66e-04	8.38e-07	0.00e+00	0.00e+00	0.00e+00	0.00e+00	0.00e+00	8.29e-01	3.86e-08	2.51e-08
 2.01438e+23	8.36e-01	1.63e-01	1.50e-04	7.90e-07	0.00e+00	0.00e+00	0.00e+00	0.00e+00	0.00e+00	8.36e-01	3.82e-08	2.49e-08
 2.01725e+23	8.43e-01	1.57e-01	1.36e-04	7.45e-07	0.00e+00	0.00e+00	0.00e+00	0.00e+00	0.00e+00	8.43e-01	3.79e-08	2.46e-08
 2.02022e+23	8.49e-01	1.50e-01	1.24e-04	7.02e-07	0.00e+00	0.00e+00	0.00e+00	0.00e+00	0.00e+00	8.49e-01	3.75e-08	2.43e-08
 2.02329e+23	8.55e-01	1.44e-01	1.13e-04	6.63e-07	0.00e+00	0.00e+00	0.00e+00	0.00e+00	0.00e+00	8.55e-01	3.72e-08	2.41e-08
 2.02643e+23	8.61e-01	1.39e-01	1.03e-04	6.27e-07	0.00e+00	0.00e+00	0.00e+00	0.00e+00	0.00e+00	8.61e-01	3.69e-08	2.39e-08
 2.02966e+23	8.66e-01	1.34e-01	9.48e-05	5.94e-07	0.00e+00	0.00e+00	0.00e+00	0.00e+00	0.00e+00	8.66e-01	3.65e-08	2.36e-08
 2.03299e+23	8.72e-01	1.28e-01	8.74e-05	5.62e-07	0.00e+00	0.00e+00	0.00e+00	0.00e+00	0.00e+00	8.72e-01	3.62e-08	2.32e-08
 2.03651e+23	8.76e-01	1.23e-01	8.07e-05	5.32e-07	0.00e+00	0.00e+00	0.00e+00	0.00e+00	0.00e+00	8.76e-01	3.58e-08	2.29e-08
 2.04019e+23	8.81e-01	1.19e-01	7.48e-05	5.03e-07	0.00e+00	0.00e+00	0.00e+00	0.00e+00	0.00e+00	8.81e-01	3.55e-08	2.26e-08
 2.04393e+23	8.86e-01	1.14e-01	6.98e-05	4.77e-07	0.00e+00	0.00e+00	0.00e+00	0.00e+00	0.00e+00	8.86e-01	3.52e-08	2.23e-08
 2.04781e+23	8.90e-01	1.10e-01	6.54e-05	4.53e-07	0.00e+00	0.00e+00	0.00e+00	0.00e+00	0.00e+00	8.90e-01	3.50e-08	2.21e-08
 2.05194e+23	8.94e-01	1.06e-01	6.15e-05	4.31e-07	0.00e+00	0.00e+00	0.00e+00	0.00e+00	0.00e+00	8.94e-01	3.48e-08	2.18e-08
 2.05629e+23	8.97e-01	1.03e-01	5.79e-05	4.09e-07	0.00e+00	0.00e+00	0.00e+00	0.00e+00	0.00e+00	8.97e-01	3.46e-08	2.16e-08
 2.06084e+23	9.01e-01	9.89e-02	5.48e-05	3.88e-07	0.00e+00	0.00e+00	0.00e+00	0.00e+00	0.00e+00	9.01e-01	3.44e-08	2.13e-08
 2.06566e+23	9.05e-01	9.54e-02	5.21e-05	3.68e-07	0.00e+00	0.00e+00	0.00e+00	0.00e+00	0.00e+00	9.05e-01	3.42e-08	2.11e-08
 2.07078e+23	9.08e-01	9.20e-02	4.96e-05	3.49e-07	0.00e+00	0.00e+00	0.00e+00	0.00e+00	0.00e+00	9.08e-01	3.41e-08	2.09e-08
 2.07619e+23	9.11e-01	8.87e-02	4.73e-05	3.31e-07	0.00e+00	0.00e+00	0.00e+00	0.00e+00	0.00e+00	9.11e-01	3.40e-08	2.07e-08
 2.08175e+23	9.14e-01	8.55e-02	4.54e-05	3.14e-07	0.00e+00	0.00e+00	0.00e+00	0.00e+00	0.00e+00	9.14e-01	3.39e-08	2.05e-08
 2.08716e+23	9.17e-01	8.28e-02	4.38e-05	2.99e-07	0.00e+00	0.00e+00	0.00e+00	0.00e+00	0.00e+00	9.17e-01	3.38e-08	2.04e-08
 2.09235e+23	9.20e-01	8.04e-02	4.25e-05	2.86e-07	0.00e+00	0.00e+00	0.00e+00	0.00e+00	0.00e+00	9.20e-01	3.38e-08	2.02e-08
 2.09744e+23	9.22e-01	7.81e-02	4.14e-05	2.74e-07	0.00e+00	0.00e+00	0.00e+00	0.00e+00	0.00e+00	9.22e-01	3.38e-08	2.01e-08
 2.10244e+23	9.24e-01	7.59e-02	4.03e-05	2.62e-07	0.00e+00	0.00e+00	0.00e+00	0.00e+00	0.00e+00	9.24e-01	3.38e-08	2.00e-08
 2.10733e+23	9.26e-01	7.38e-02	3.94e-05	2.52e-07	0.00e+00	0.00e+00	0.00e+00	0.00e+00	0.00e+00	9.26e-01	3.37e-08	1.99e-08
 2.11204e+23	9.28e-01	7.19e-02	3.86e-05	2.42e-07	0.00e+00	0.00e+00	0.00e+00	0.00e+00	0.00e+00	9.28e-01	3.37e-08	1.98e-08
 2.11653e+23	9.30e-01	7.01e-02	3.80e-05	2.33e-07	0.00e+00	0.00e+00	0.00e+00	0.00e+00	0.00e+00	9.30e-01	3.36e-08	1.96e-08
 2.12073e+23	9.31e-01	6.85e-02	3.74e-05	2.25e-07	0.00e+00	0.00e+00	0.00e+00	0.00e+00	0.00e+00	9.31e-01	3.36e-08	1.96e-08
 2.12479e+23	9.33e-01	6.69e-02	3.68e-05	2.18e-07	0.00e+00	0.00e+00	0.00e+00	0.00e+00	0.00e+00	9.33e-01	3.36e-08	1.95e-08
 2.12886e+23	9.35e-01	6.53e-02	3.63e-05	2.10e-07	0.00e+00	0.00e+00	0.00e+00	0.00e+00	0.00e+00	9.35e-01	3.35e-08	1.94e-08
 2.13280e+23	9.36e-01	6.38e-02	3.58e-05	2.03e-07	0.00e+00	0.00e+00	0.00e+00	0.00e+00	0.00e+00	9.36e-01	3.35e-08	1.93e-08
 2.13660e+23	9.38e-01	6.23e-02	3.54e-05	1.97e-07	0.00e+00	0.00e+00	0.00e+00	0.00e+00	0.00e+00	9.38e-01	3.35e-08	1.92e-08
 2.14026e+23	9.39e-01	6.10e-02	3.50e-05	1.91e-07	0.00e+00	0.00e+00	0.00e+00	0.00e+00	0.00e+00	9.39e-01	3.35e-08	1.91e-08
 2.14379e+23	9.40e-01	5.97e-02	3.47e-05	1.85e-07	0.00e+00	0.00e+00	0.00e+00	0.00e+00	0.00e+00	9.40e-01	3.35e-08	1.91e-08
 2.14721e+23	9.42e-01	5.84e-02	3.44e-05	1.80e-07	0.00e+00	0.00e+00	0.00e+00	0.00e+00	0.00e+00	9.42e-01	3.34e-08	1.90e-08
 2.15051e+23	9.43e-01	5.72e-02	3.41e-05	1.74e-07	0.00e+00	0.00e+00	0.00e+00	0.00e+00	0.00e+00	9.43e-01	3.34e-08	1.89e-08
 2.15368e+23	9.44e-01	5.60e-02	3.38e-05	1.70e-07	0.00e+00	0.00e+00	0.00e+00	0.00e+00	0.00e+00	9.44e-01	3.34e-08	1.88e-08
 2.15674e+23	9.45e-01	5.48e-02	3.35e-05	1.65e-07	0.00e+00	0.00e+00	0.00e+00	0.00e+00	0.00e+00	9.45e-01	3.34e-08	1.88e-08
 2.15970e+23	9.46e-01	5.37e-02	3.33e-05	1.61e-07	0.00e+00	0.00e+00	0.00e+00	0.00e+00	0.00e+00	9.46e-01	3.33e-08	1.87e-08
 2.16251e+23	9.47e-01	5.27e-02	3.31e-05	1.57e-07	0.00e+00	0.00e+00	0.00e+00	0.00e+00	0.00e+00	9.47e-01	3.33e-08	1.86e-08
 2.16525e+23	9.48e-01	5.17e-02	3.29e-05	1.53e-07	0.00e+00	0.00e+00	0.00e+00	0.00e+00	0.00e+00	9.48e-01	3.33e-08	1.86e-08
 2.16793e+23	9.49e-01	5.06e-02	3.27e-05	1.49e-07	0.00e+00	0.00e+00	0.00e+00	0.00e+00	0.00e+00	9.49e-01	3.32e-08	1.85e-08
 2.17036e+23	9.50e-01	4.98e-02	3.25e-05	1.46e-07	0.00e+00	0.00e+00	0.00e+00	0.00e+00	0.00e+00	9.50e-01	3.32e-08	1.84e-08
 2.17258e+23	9.51e-01	4.90e-02	3.24e-05	1.43e-07	0.00e+00	0.00e+00	0.00e+00	0.00e+00	0.00e+00	9.51e-01	3.31e-08	1.84e-08
 2.17460e+23	9.52e-01	4.83e-02	3.22e-05	1.40e-07	0.00e+00	0.00e+00	0.00e+00	0.00e+00	0.00e+00	9.52e-01	3.31e-08	1.83e-08
 2.17643e+23	9.52e-01	4.76e-02	3.21e-05	1.38e-07	0.00e+00	0.00e+00	0.00e+00	0.00e+00	0.00e+00	9.52e-01	3.31e-08	1.82e-08
 2.17810e+23	9.53e-01	4.70e-02	3.20e-05	1.36e-07	0.00e+00	0.00e+00	0.00e+00	0.00e+00	0.00e+00	9.53e-01	3.30e-08	1.82e-08
 2.17962e+23	9.53e-01	4.65e-02	3.19e-05	1.34e-07	0.00e+00	0.00e+00	0.00e+00	0.00e+00	0.00e+00	9.53e-01	3.30e-08	1.81e-08
 2.18100e+23	9.54e-01	4.60e-02	3.18e-05	1.32e-07	0.00e+00	0.00e+00	0.00e+00	0.00e+00	0.00e+00	9.54e-01	3.29e-08	1.81e-08
 2.18252e+23	9.55e-01	4.54e-02	3.17e-05	1.30e-07	0.00e+00	0.00e+00	0.00e+00	0.00e+00	0.00e+00	9.55e-01	3.27e-08	1.80e-08
 2.18416e+23	9.55e-01	4.47e-02	3.15e-05	1.28e-07	0.00e+00	0.00e+00	0.00e+00	0.00e+00	0.00e+00	9.55e-01	3.26e-08	1.80e-08
 2.18565e+23	9.56e-01	4.42e-02	3.14e-05	1.26e-07	0.00e+00	0.00e+00	0.00e+00	0.00e+00	0.00e+00	9.56e-01	3.25e-08	1.79e-08
 2.18728e+23	9.56e-01	4.35e-02	3.13e-05	1.24e-07	0.00e+00	0.00e+00	0.00e+00	0.00e+00	0.00e+00	9.56e-01	3.24e-08	1.79e-08
 2.18904e+23	9.57e-01	4.28e-02	3.11e-05	0.00e+00	0.00e+00	0.00e+00	0.00e+00	0.00e+00	0.00e+00	9.57e-01	3.22e-08	1.78e-08
 2.19064e+23	9.58e-01	4.22e-02	3.09e-05	0.00e+00	0.00e+00	0.00e+00	0.00e+00	0.00e+00	0.00e+00	9.58e-01	3.21e-08	1.78e-08
 2.19210e+23	9.58e-01	4.17e-02	3.08e-05	0.00e+00	0.00e+00	0.00e+00	0.00e+00	0.00e+00	0.00e+00	9.58e-01	3.20e-08	1.77e-08
 2.19343e+23	9.59e-01	4.13e-02	3.07e-05	0.00e+00	0.00e+00	0.00e+00	0.00e+00	0.00e+00	0.00e+00	9.59e-01	3.19e-08	1.77e-08
 2.19488e+23	9.59e-01	4.07e-02	3.05e-05	0.00e+00	0.00e+00	0.00e+00	0.00e+00	0.00e+00	0.00e+00	9.59e-01	3.18e-08	1.76e-08
 2.19645e+23	9.60e-01	4.02e-02	3.03e-05	0.00e+00	0.00e+00	0.00e+00	0.00e+00	0.00e+00	0.00e+00	9.60e-01	3.17e-08	1.76e-08
 2.19817e+23	9.60e-01	3.96e-02	3.01e-05	0.00e+00	0.00e+00	0.00e+00	0.00e+00	0.00e+00	0.00e+00	9.60e-01	3.17e-08	1.76e-08
 2.20003e+23	9.61e-01	3.90e-02	2.99e-05	0.00e+00	0.00e+00	0.00e+00	0.00e+00	0.00e+00	0.00e+00	9.61e-01	3.16e-08	1.75e-08
 2.20172e+23	9.62e-01	3.84e-02	2.97e-05	0.00e+00	0.00e+00	0.00e+00	0.00e+00	0.00e+00	0.00e+00	9.62e-01	3.15e-08	1.75e-08
 2.20326e+23	9.62e-01	3.81e-02	2.96e-05	0.00e+00	0.00e+00	0.00e+00	0.00e+00	0.00e+00	0.00e+00	9.62e-01	3.15e-08	1.75e-08
 2.20495e+23	9.63e-01	3.74e-02	2.93e-05	0.00e+00	0.00e+00	0.00e+00	0.00e+00	0.00e+00	0.00e+00	9.63e-01	3.14e-08	1.74e-08
 2.20714e+23	9.63e-01	3.67e-02	2.90e-05	0.00e+00	0.00e+00	0.00e+00	0.00e+00	0.00e+00	0.00e+00	9.63e-01	3.14e-08	1.74e-08
 2.20950e+23	9.64e-01	3.59e-02	2.87e-05	0.00e+00	0.00e+00	0.00e+00	0.00e+00	0.00e+00	0.00e+00	9.64e-01	3.13e-08	1.74e-08
 2.21166e+23	9.65e-01	3.53e-02	2.85e-05	0.00e+00	0.00e+00	0.00e+00	0.00e+00	0.00e+00	0.00e+00	9.65e-01	3.12e-08	1.73e-08
 2.21362e+23	9.65e-01	3.48e-02	2.82e-05	0.00e+00	0.00e+00	0.00e+00	0.00e+00	0.00e+00	0.00e+00	9.65e-01	3.12e-08	1.73e-08
 2.21540e+23	9.66e-01	3.43e-02	2.80e-05	0.00e+00	0.00e+00	0.00e+00	0.00e+00	0.00e+00	0.00e+00	9.66e-01	3.11e-08	1.73e-08
 2.21702e+23	9.66e-01	3.39e-02	2.78e-05	0.00e+00	0.00e+00	0.00e+00	0.00e+00	0.00e+00	0.00e+00	9.66e-01	3.11e-08	1.72e-08
 2.21880e+23	9.67e-01	3.34e-02	2.75e-05	0.00e+00	0.00e+00	0.00e+00	0.00e+00	0.00e+00	0.00e+00	9.67e-01	3.10e-08	1.72e-08
 2.22072e+23	9.67e-01	3.27e-02	2.72e-05	0.00e+00	0.00e+00	0.00e+00	0.00e+00	0.00e+00	0.00e+00	9.67e-01	3.09e-08	1.71e-08
 2.22247e+23	9.68e-01	3.23e-02	2.70e-05	0.00e+00	0.00e+00	0.00e+00	0.00e+00	0.00e+00	0.00e+00	9.68e-01	3.09e-08	1.71e-08
 2.22405e+23	9.68e-01	3.19e-02	2.67e-05	0.00e+00	0.00e+00	0.00e+00	0.00e+00	0.00e+00	0.00e+00	9.68e-01	3.08e-08	1.70e-08
 2.22550e+23	9.68e-01	3.15e-02	2.65e-05	0.00e+00	0.00e+00	0.00e+00	0.00e+00	0.00e+00	0.00e+00	9.68e-01	3.08e-08	1.70e-08
 2.22709e+23	9.69e-01	3.11e-02	2.63e-05	0.00e+00	0.00e+00	0.00e+00	0.00e+00	0.00e+00	0.00e+00	9.69e-01	3.07e-08	1.70e-08
 2.22880e+23	9.69e-01	3.05e-02	2.60e-05	0.00e+00	0.00e+00	0.00e+00	0.00e+00	0.00e+00	0.00e+00	9.69e-01	3.07e-08	1.69e-08
 2.23035e+23	9.70e-01	3.02e-02	2.58e-05	0.00e+00	0.00e+00	0.00e+00	0.00e+00	0.00e+00	0.00e+00	9.70e-01	3.06e-08	1.69e-08
 2.23206e+23	9.70e-01	2.97e-02	2.55e-05	0.00e+00	0.00e+00	0.00e+00	0.00e+00	0.00e+00	0.00e+00	9.70e-01	3.06e-08	1.68e-08
 2.23390e+23	9.71e-01	2.91e-02	2.52e-05	0.00e+00	0.00e+00	0.00e+00	0.00e+00	0.00e+00	0.00e+00	9.71e-01	3.05e-08	1.68e-08
 2.23558e+23	9.71e-01	2.88e-02	2.50e-05	0.00e+00	0.00e+00	0.00e+00	0.00e+00	0.00e+00	0.00e+00	9.71e-01	3.05e-08	1.67e-08
 2.23742e+23	9.72e-01	2.83e-02	2.47e-05	0.00e+00	0.00e+00	0.00e+00	0.00e+00	0.00e+00	0.00e+00	9.72e-01	3.04e-08	1.67e-08
 2.23940e+23	9.72e-01	2.77e-02	2.45e-05	0.00e+00	0.00e+00	0.00e+00	0.00e+00	0.00e+00	0.00e+00	9.72e-01	3.03e-08	1.66e-08
 2.24120e+23	9.73e-01	2.73e-02	2.42e-05	0.00e+00	0.00e+00	0.00e+00	0.00e+00	0.00e+00	0.00e+00	9.73e-01	3.03e-08	1.66e-08
 2.24284e+23	9.73e-01	2.70e-02	2.40e-05	0.00e+00	0.00e+00	0.00e+00	0.00e+00	0.00e+00	0.00e+00	9.73e-01	3.03e-08	1.65e-08
 2.24464e+23	9.73e-01	2.65e-02	2.38e-05	0.00e+00	0.00e+00	0.00e+00	0.00e+00	0.00e+00	0.00e+00	9.73e-01	3.02e-08	1.64e-08
 2.24659e+23	9.74e-01	2.60e-02	2.35e-05	0.00e+00	0.00e+00	0.00e+00	0.00e+00	0.00e+00	0.00e+00	9.74e-01	3.01e-08	1.64e-08
 2.24835e+23	9.74e-01	2.56e-02	2.33e-05	0.00e+00	0.00e+00	0.00e+00	0.00e+00	0.00e+00	0.00e+00	9.74e-01	3.01e-08	1.63e-08
 2.25029e+23	9.75e-01	2.52e-02	2.31e-05	0.00e+00	0.00e+00	0.00e+00	0.00e+00	0.00e+00	0.00e+00	9.75e-01	3.00e-08	1.62e-08
 2.25238e+23	9.75e-01	2.47e-02	2.28e-05	0.00e+00	0.00e+00	0.00e+00	0.00e+00	0.00e+00	0.00e+00	9.75e-01	2.97e-08	1.61e-08
 2.25429e+23	9.76e-01	2.43e-02	2.26e-05	0.00e+00	0.00e+00	0.00e+00	0.00e+00	0.00e+00	0.00e+00	9.76e-01	2.94e-08	1.59e-08
 2.25602e+23	9.76e-01	2.41e-02	2.24e-05	0.00e+00	0.00e+00	0.00e+00	0.00e+00	0.00e+00	0.00e+00	9.76e-01	2.93e-08	1.59e-08
 2.25792e+23	9.76e-01	2.37e-02	2.22e-05	0.00e+00	0.00e+00	0.00e+00	0.00e+00	0.00e+00	0.00e+00	9.76e-01	2.90e-08	1.58e-08
 2.25996e+23	9.77e-01	2.33e-02	2.20e-05	0.00e+00	0.00e+00	0.00e+00	0.00e+00	0.00e+00	0.00e+00	9.77e-01	2.87e-08	1.56e-08
 2.26183e+23	9.77e-01	2.30e-02	2.18e-05	0.00e+00	0.00e+00	0.00e+00	0.00e+00	0.00e+00	0.00e+00	9.77e-01	2.86e-08	1.55e-08
 2.26387e+23	9.77e-01	2.26e-02	2.16e-05	0.00e+00	0.00e+00	0.00e+00	0.00e+00	0.00e+00	0.00e+00	9.77e-01	2.84e-08	1.53e-08
 2.26608e+23	9.78e-01	2.21e-02	2.13e-05	0.00e+00	0.00e+00	0.00e+00	0.00e+00	0.00e+00	0.00e+00	9.78e-01	2.81e-08	1.51e-08
 2.26808e+23	9.78e-01	2.18e-02	2.11e-05	0.00e+00	0.00e+00	0.00e+00	0.00e+00	0.00e+00	0.00e+00	9.78e-01	2.78e-08	1.49e-08
 2.26991e+23	9.78e-01	2.16e-02	2.10e-05	0.00e+00	0.00e+00	0.00e+00	0.00e+00	0.00e+00	0.00e+00	9.78e-01	2.78e-08	1.48e-08
 2.27191e+23	9.79e-01	2.12e-02	2.08e-05	0.00e+00	0.00e+00	0.00e+00	0.00e+00	0.00e+00	0.00e+00	9.79e-01	2.76e-08	1.47e-08
 2.27407e+23	9.79e-01	2.08e-02	2.05e-05	0.00e+00	0.00e+00	0.00e+00	0.00e+00	0.00e+00	0.00e+00	9.79e-01	2.73e-08	1.45e-08
 2.27604e+23	9.79e-01	2.05e-02	2.04e-05	0.00e+00	0.00e+00	0.00e+00	0.00e+00	0.00e+00	0.00e+00	9.79e-01	2.72e-08	1.44e-08
 2.27819e+23	9.80e-01	2.01e-02	2.02e-05	0.00e+00	0.00e+00	0.00e+00	0.00e+00	0.00e+00	0.00e+00	9.80e-01	2.69e-08	1.42e-08
 2.28052e+23	9.80e-01	1.97e-02	1.99e-05	0.00e+00	0.00e+00	0.00e+00	0.00e+00	0.00e+00	0.00e+00	9.80e-01	2.67e-08	1.41e-08
 2.28263e+23	9.81e-01	1.94e-02	1.97e-05	0.00e+00	0.00e+00	0.00e+00	0.00e+00	0.00e+00	0.00e+00	9.81e-01	2.64e-08	1.39e-08
 2.28456e+23	9.81e-01	1.92e-02	1.96e-05	0.00e+00	0.00e+00	0.00e+00	0.00e+00	0.00e+00	0.00e+00	9.81e-01	2.64e-08	1.38e-08
 2.28667e+23	9.81e-01	1.89e-02	1.94e-05	0.00e+00	0.00e+00	0.00e+00	0.00e+00	0.00e+00	0.00e+00	9.81e-01	2.61e-08	1.36e-08
 2.28895e+23	9.81e-01	1.85e-02	1.92e-05	0.00e+00	0.00e+00	0.00e+00	0.00e+00	0.00e+00	0.00e+00	9.81e-01	2.58e-08	1.34e-08
 2.29102e+23	9.82e-01	1.83e-02	1.90e-05	0.00e+00	0.00e+00	0.00e+00	0.00e+00	0.00e+00	0.00e+00	9.82e-01	2.57e-08	1.33e-08
 2.29330e+23	9.82e-01	1.79e-02	1.88e-05	0.00e+00	0.00e+00	0.00e+00	0.00e+00	0.00e+00	0.00e+00	9.82e-01	2.54e-08	1.31e-08
 2.29575e+23	9.82e-01	1.75e-02	1.86e-05	0.00e+00	0.00e+00	0.00e+00	0.00e+00	0.00e+00	0.00e+00	9.82e-01	2.51e-08	1.29e-08
 2.29798e+23	9.83e-01	1.73e-02	1.85e-05	0.00e+00	0.00e+00	0.00e+00	0.00e+00	0.00e+00	0.00e+00	9.83e-01	2.50e-08	1.28e-08
 2.30043e+23	9.83e-01	1.69e-02	1.82e-05	0.00e+00	0.00e+00	0.00e+00	0.00e+00	0.00e+00	0.00e+00	9.83e-01	2.46e-08	1.26e-08
 2.30307e+23	9.83e-01	1.66e-02	1.81e-05	0.00e+00	0.00e+00	0.00e+00	0.00e+00	0.00e+00	0.00e+00	9.83e-01	2.44e-08	1.24e-08
 2.30547e+23	9.84e-01	1.63e-02	1.79e-05	0.00e+00	0.00e+00	0.00e+00	0.00e+00	0.00e+00	0.00e+00	9.84e-01	2.42e-08	1.22e-08
 2.30766e+23	9.84e-01	1.60e-02	1.77e-05	0.00e+00	0.00e+00	0.00e+00	0.00e+00	0.00e+00	0.00e+00	9.84e-01	2.38e-08	1.20e-08
 2.30965e+23	9.84e-01	1.59e-02	1.76e-05	0.00e+00	0.00e+00	0.00e+00	0.00e+00	0.00e+00	0.00e+00	9.84e-01	2.38e-08	1.19e-08
 2.31183e+23	9.84e-01	1.56e-02	1.74e-05	0.00e+00	0.00e+00	0.00e+00	0.00e+00	0.00e+00	0.00e+00	9.84e-01	2.35e-08	1.18e-08
 2.31418e+23	9.85e-01	1.53e-02	1.72e-05	0.00e+00	0.00e+00	0.00e+00	0.00e+00	0.00e+00	0.00e+00	9.85e-01	2.32e-08	1.16e-08
 2.31632e+23	9.85e-01	1.51e-02	1.71e-05	0.00e+00	0.00e+00	0.00e+00	0.00e+00	0.00e+00	0.00e+00	9.85e-01	2.31e-08	1.15e-08
 2.31867e+23	9.85e-01	1.48e-02	1.69e-05	0.00e+00	0.00e+00	0.00e+00	0.00e+00	0.00e+00	0.00e+00	9.85e-01	2.28e-08	1.13e-08
 2.32121e+23	9.86e-01	1.44e-02	1.67e-05	0.00e+00	0.00e+00	0.00e+00	0.00e+00	0.00e+00	0.00e+00	9.86e-01	2.25e-08	1.11e-08
 2.32351e+23	9.86e-01	1.43e-02	1.66e-05	0.00e+00	0.00e+00	0.00e+00	0.00e+00	0.00e+00	0.00e+00	9.86e-01	2.24e-08	1.10e-08
 2.32604e+23	9.86e-01	1.40e-02	1.64e-05	0.00e+00	0.00e+00	0.00e+00	0.00e+00	0.00e+00	0.00e+00	9.86e-01	2.22e-08	1.08e-08
 2.32877e+23	9.86e-01	1.37e-02	1.62e-05	0.00e+00	0.00e+00	0.00e+00	0.00e+00	0.00e+00	0.00e+00	9.86e-01	2.19e-08	1.06e-08
 2.33125e+23	9.87e-01	1.35e-02	1.61e-05	0.00e+00	0.00e+00	0.00e+00	0.00e+00	0.00e+00	0.00e+00	9.87e-01	2.18e-08	1.06e-08
 2.33397e+23	9.87e-01	1.32e-02	1.59e-05	0.00e+00	0.00e+00	0.00e+00	0.00e+00	0.00e+00	0.00e+00	9.87e-01	2.15e-08	1.04e-08
 2.33691e+23	9.87e-01	1.29e-02	1.57e-05	0.00e+00	0.00e+00	0.00e+00	0.00e+00	0.00e+00	0.00e+00	9.87e-01	2.12e-08	1.02e-08
 2.33958e+23	9.87e-01	1.27e-02	1.56e-05	0.00e+00	0.00e+00	0.00e+00	0.00e+00	0.00e+00	0.00e+00	9.87e-01	2.11e-08	1.01e-08
 2.34251e+23	9.88e-01	1.24e-02	1.54e-05	0.00e+00	0.00e+00	0.00e+00	0.00e+00	0.00e+00	0.00e+00	9.88e-01	2.09e-08	9.87e-09
 2.34567e+23	9.88e-01	1.21e-02	1.52e-05	0.00e+00	0.00e+00	0.00e+00	0.00e+00	0.00e+00	0.00e+00	9.88e-01	2.05e-08	9.65e-09
 2.34855e+23	9.88e-01	1.19e-02	1.50e-05	0.00e+00	0.00e+00	0.00e+00	0.00e+00	0.00e+00	0.00e+00	9.88e-01	2.05e-08	9.55e-09
 2.35170e+23	9.88e-01	1.16e-02	1.48e-05	0.00e+00	0.00e+00	0.00e+00	0.00e+00	0.00e+00	0.00e+00	9.88e-01	2.02e-08	9.34e-09
 2.35510e+23	9.89e-01	1.13e-02	1.46e-05	0.00e+00	0.00e+00	0.00e+00	0.00e+00	0.00e+00	0.00e+00	9.89e-01	1.99e-08	9.11e-09
 2.35820e+23	9.89e-01	1.11e-02	1.45e-05	0.00e+00	0.00e+00	0.00e+00	0.00e+00	0.00e+00	0.00e+00	9.89e-01	1.97e-08	9.00e-09
 2.36160e+23	9.89e-01	1.08e-02	1.43e-05	0.00e+00	0.00e+00	0.00e+00	0.00e+00	0.00e+00	0.00e+00	9.89e-01	1.94e-08	8.81e-09
 2.36526e+23	9.89e-01	1.05e-02	1.41e-05	0.00e+00	0.00e+00	0.00e+00	0.00e+00	0.00e+00	0.00e+00	9.89e-01	1.91e-08	8.59e-09
 2.36859e+23	9.90e-01	1.03e-02	1.39e-05	0.00e+00	0.00e+00	0.00e+00	0.00e+00	0.00e+00	0.00e+00	9.90e-01	1.90e-08	8.48e-09
 2.37225e+23	9.90e-01	1.00e-02	1.37e-05	0.00e+00	0.00e+00	0.00e+00	0.00e+00	0.00e+00	0.00e+00	9.90e-01	1.87e-08	8.28e-09
 2.37619e+23	9.90e-01	9.78e-03	1.35e-05	0.00e+00	0.00e+00	0.00e+00	0.00e+00	0.00e+00	0.00e+00	9.90e-01	1.84e-08	8.11e-09
 2.37978e+23	9.90e-01	9.55e-03	1.34e-05	0.00e+00	0.00e+00	0.00e+00	0.00e+00	0.00e+00	0.00e+00	9.90e-01	1.82e-08	7.95e-09
 2.38305e+23	9.91e-01	9.37e-03	1.32e-05	0.00e+00	0.00e+00	0.00e+00	0.00e+00	0.00e+00	0.00e+00	9.91e-01	1.80e-08	7.83e-09
 2.38663e+23	9.91e-01	9.12e-03	1.30e-05	0.00e+00	0.00e+00	0.00e+00	0.00e+00	0.00e+00	0.00e+00	9.91e-01	1.78e-08	7.64e-09
 2.39049e+23	9.91e-01	8.86e-03	1.28e-05	0.00e+00	0.00e+00	0.00e+00	0.00e+00	0.00e+00	0.00e+00	9.91e-01	1.75e-08	7.45e-09
 2.39401e+23	9.91e-01	8.69e-03	1.27e-05	0.00e+00	0.00e+00	0.00e+00	0.00e+00	0.00e+00	0.00e+00	9.91e-01	1.74e-08	7.34e-09
 2.39786e+23	9.92e-01	8.45e-03	1.25e-05	0.00e+00	0.00e+00	0.00e+00	0.00e+00	0.00e+00	0.00e+00	9.92e-01	1.71e-08	7.16e-09
 2.40202e+23	9.92e-01	8.20e-03	1.23e-05	0.00e+00	0.00e+00	0.00e+00	0.00e+00	0.00e+00	0.00e+00	9.92e-01	1.68e-08	6.97e-09
 2.40581e+23	9.92e-01	8.03e-03	1.22e-05	0.00e+00	0.00e+00	0.00e+00	0.00e+00	0.00e+00	0.00e+00	9.92e-01	1.67e-08	6.87e-09
 2.40996e+23	9.92e-01	7.80e-03	1.20e-05	0.00e+00	0.00e+00	0.00e+00	0.00e+00	0.00e+00	0.00e+00	9.92e-01	1.65e-08	6.70e-09
 2.41444e+23	9.92e-01	7.58e-03	1.18e-05	0.00e+00	0.00e+00	0.00e+00	0.00e+00	0.00e+00	0.00e+00	9.92e-01	1.62e-08	6.55e-09
 2.41851e+23	9.93e-01	7.39e-03	1.16e-05	0.00e+00	0.00e+00	0.00e+00	0.00e+00	0.00e+00	0.00e+00	9.93e-01	1.61e-08	6.41e-09
 2.42222e+23	9.93e-01	7.22e-03	1.15e-05	0.00e+00	0.00e+00	0.00e+00	0.00e+00	0.00e+00	0.00e+00	9.93e-01	1.59e-08	6.28e-09
 2.42628e+23	9.93e-01	7.02e-03	1.13e-05	0.00e+00	0.00e+00	0.00e+00	0.00e+00	0.00e+00	0.00e+00	9.93e-01	1.56e-08	6.12e-09
 2.43067e+23	9.93e-01	6.83e-03	1.12e-05	0.00e+00	0.00e+00	0.00e+00	0.00e+00	0.00e+00	0.00e+00	9.93e-01	1.55e-08	5.98e-09
 2.43466e+23	9.93e-01	6.65e-03	1.10e-05	0.00e+00	0.00e+00	0.00e+00	0.00e+00	0.00e+00	0.00e+00	9.93e-01	1.53e-08	5.85e-09
 2.43830e+23	9.93e-01	6.51e-03	1.09e-05	0.00e+00	0.00e+00	0.00e+00	0.00e+00	0.00e+00	0.00e+00	9.93e-01	1.51e-08	5.74e-09
 2.44228e+23	9.94e-01	6.34e-03	1.07e-05	0.00e+00	0.00e+00	0.00e+00	0.00e+00	0.00e+00	0.00e+00	9.94e-01	1.49e-08	5.59e-09
 2.44657e+23	9.94e-01	6.17e-03	1.06e-05	0.00e+00	0.00e+00	0.00e+00	0.00e+00	0.00e+00	0.00e+00	9.94e-01	1.47e-08	5.46e-09
 2.45128e+23	9.94e-01	5.98e-03	1.04e-05	0.00e+00	0.00e+00	0.00e+00	0.00e+00	0.00e+00	0.00e+00	9.94e-01	1.45e-08	5.30e-09
 2.45637e+23	9.94e-01	5.80e-03	1.02e-05	0.00e+00	0.00e+00	0.00e+00	0.00e+00	0.00e+00	0.00e+00	9.94e-01	1.43e-08	5.16e-09
 2.46100e+23	9.94e-01	5.64e-03	1.01e-05	0.00e+00	0.00e+00	0.00e+00	0.00e+00	0.00e+00	0.00e+00	9.94e-01	1.41e-08	5.02e-09
 2.46521e+23	9.94e-01	5.50e-03	9.93e-06	0.00e+00	0.00e+00	0.00e+00	0.00e+00	0.00e+00	0.00e+00	9.94e-01	1.40e-08	4.91e-09
 2.46982e+23	9.95e-01	5.34e-03	9.76e-06	0.00e+00	0.00e+00	0.00e+00	0.00e+00	0.00e+00	0.00e+00	9.95e-01	1.38e-08	4.77e-09
 2.47480e+23	9.95e-01	5.18e-03	9.61e-06	0.00e+00	0.00e+00	0.00e+00	0.00e+00	0.00e+00	0.00e+00	9.95e-01	1.36e-08	4.64e-09
 2.47933e+23	9.95e-01	5.03e-03	9.47e-06	0.00e+00	0.00e+00	0.00e+00	0.00e+00	0.00e+00	0.00e+00	9.95e-01	1.34e-08	4.51e-09
 2.48430e+23	9.95e-01	4.88e-03	9.29e-06	0.00e+00	0.00e+00	0.00e+00	0.00e+00	0.00e+00	0.00e+00	9.95e-01	1.32e-08	4.37e-09
 2.48966e+23	9.95e-01	4.60e-03	9.14e-06	0.00e+00	0.00e+00	0.00e+00	0.00e+00	0.00e+00	0.00e+00	9.95e-01	1.30e-08	4.23e-09
 2.49554e+23	9.96e-01	4.24e-03	8.94e-06	0.00e+00	0.00e+00	0.00e+00	0.00e+00	0.00e+00	0.00e+00	9.96e-01	1.27e-08	4.05e-09
 2.50232e+23	9.96e-01	4.00e-03	8.73e-06	0.00e+00	0.00e+00	0.00e+00	0.00e+00	0.00e+00	0.00e+00	9.96e-01	1.24e-08	3.87e-09
 2.50932e+23	9.96e-01	3.78e-03	8.53e-06	0.00e+00	0.00e+00	0.00e+00	0.00e+00	0.00e+00	0.00e+00	9.96e-01	1.21e-08	3.69e-09
 2.51646e+23	9.96e-01	3.56e-03	8.33e-06	0.00e+00	0.00e+00	0.00e+00	0.00e+00	0.00e+00	0.00e+00	9.96e-01	1.19e-08	3.51e-09
 2.52371e+23	9.97e-01	3.35e-03	8.14e-06	0.00e+00	0.00e+00	0.00e+00	0.00e+00	0.00e+00	0.00e+00	9.97e-01	1.16e-08	3.34e-09
 2.53105e+23	9.97e-01	3.15e-03	7.94e-06	0.00e+00	0.00e+00	0.00e+00	0.00e+00	0.00e+00	0.00e+00	9.97e-01	1.13e-08	3.18e-09
 2.53846e+23	9.97e-01	2.95e-03	7.75e-06	0.00e+00	0.00e+00	0.00e+00	0.00e+00	0.00e+00	0.00e+00	9.97e-01	1.11e-08	3.01e-09
 2.54595e+23	9.97e-01	2.76e-03	7.56e-06	0.00e+00	0.00e+00	0.00e+00	0.00e+00	0.00e+00	0.00e+00	9.97e-01	1.08e-08	2.86e-09
 2.55349e+23	9.97e-01	2.59e-03	7.38e-06	0.00e+00	0.00e+00	0.00e+00	0.00e+00	0.00e+00	0.00e+00	9.97e-01	1.05e-08	2.70e-09
 2.56111e+23	9.98e-01	2.41e-03	7.20e-06	0.00e+00	0.00e+00	0.00e+00	0.00e+00	0.00e+00	0.00e+00	9.98e-01	1.03e-08	2.56e-09
 2.56881e+23	9.98e-01	2.25e-03	7.02e-06	0.00e+00	0.00e+00	0.00e+00	0.00e+00	0.00e+00	0.00e+00	9.98e-01	9.98e-09	2.42e-09
 2.57659e+23	9.98e-01	2.09e-03	6.84e-06	0.00e+00	0.00e+00	0.00e+00	0.00e+00	0.00e+00	0.00e+00	9.98e-01	9.70e-09	2.29e-09
 2.58443e+23	9.98e-01	1.94e-03	6.67e-06	0.00e+00	0.00e+00	0.00e+00	0.00e+00	0.00e+00	0.00e+00	9.98e-01	9.42e-09	2.15e-09
 2.59234e+23	9.98e-01	1.80e-03	6.50e-06	0.00e+00	0.00e+00	0.00e+00	0.00e+00	0.00e+00	0.00e+00	9.98e-01	9.13e-09	2.03e-09
 2.60031e+23	9.98e-01	1.67e-03	6.33e-06	0.00e+00	0.00e+00	0.00e+00	0.00e+00	0.00e+00	0.00e+00	9.98e-01	8.85e-09	1.90e-09
 2.60834e+23	9.98e-01	1.54e-03	6.17e-06	0.00e+00	0.00e+00	0.00e+00	0.00e+00	0.00e+00	0.00e+00	9.98e-01	8.57e-09	1.78e-09
 2.61641e+23	9.99e-01	1.42e-03	6.01e-06	0.00e+00	0.00e+00	0.00e+00	0.00e+00	0.00e+00	0.00e+00	9.99e-01	8.29e-09	1.67e-09
 2.62453e+23	9.99e-01	1.31e-03	5.86e-06	0.00e+00	0.00e+00	0.00e+00	0.00e+00	0.00e+00	0.00e+00	9.99e-01	8.01e-09	1.56e-09
 2.63274e+23	9.99e-01	1.20e-03	5.70e-06	0.00e+00	0.00e+00	0.00e+00	0.00e+00	0.00e+00	0.00e+00	9.99e-01	7.73e-09	1.45e-09
 2.64101e+23	9.99e-01	1.10e-03	5.55e-06	0.00e+00	0.00e+00	0.00e+00	0.00e+00	0.00e+00	0.00e+00	9.99e-01	7.45e-09	1.35e-09
 2.64933e+23	9.99e-01	1.01e-03	5.40e-06	0.00e+00	0.00e+00	0.00e+00	0.00e+00	0.00e+00	0.00e+00	9.99e-01	7.17e-09	1.25e-09
 2.65772e+23	9.99e-01	9.21e-04	5.26e-06	0.00e+00	0.00e+00	0.00e+00	0.00e+00	0.00e+00	0.00e+00	9.99e-01	6.90e-09	1.16e-09
 2.66617e+23	9.99e-01	8.39e-04	5.12e-06	0.00e+00	0.00e+00	0.00e+00	0.00e+00	0.00e+00	0.00e+00	9.99e-01	6.62e-09	1.07e-09
 2.67468e+23	9.99e-01	7.64e-04	4.98e-06	0.00e+00	0.00e+00	0.00e+00	0.00e+00	0.00e+00	0.00e+00	9.99e-01	6.36e-09	9.87e-10
 2.68341e+23	9.99e-01	6.92e-04	4.83e-06	0.00e+00	0.00e+00	0.00e+00	0.00e+00	0.00e+00	0.00e+00	9.99e-01	6.08e-09	9.05e-10
 2.69232e+23	9.99e-01	6.27e-04	4.70e-06	0.00e+00	0.00e+00	0.00e+00	0.00e+00	0.00e+00	0.00e+00	9.99e-01	5.82e-09	8.29e-10
 2.70129e+23	9.99e-01	5.65e-04	4.56e-06	0.00e+00	0.00e+00	0.00e+00	0.00e+00	0.00e+00	0.00e+00	9.99e-01	5.55e-09	7.58e-10
 2.71039e+23	9.99e-01	5.09e-04	4.43e-06	0.00e+00	0.00e+00	0.00e+00	0.00e+00	0.00e+00	0.00e+00	9.99e-01	5.29e-09	6.90e-10
 2.71957e+23	1.00e+00	4.57e-04	4.30e-06	0.00e+00	0.00e+00	0.00e+00	0.00e+00	0.00e+00	0.00e+00	1.00e+00	5.03e-09	6.27e-10
 2.72885e+23	1.00e+00	4.09e-04	4.17e-06	0.00e+00	0.00e+00	0.00e+00	0.00e+00	0.00e+00	0.00e+00	1.00e+00	4.78e-09	5.68e-10
 2.73824e+23	1.00e+00	3.66e-04	4.05e-06	0.00e+00	0.00e+00	0.00e+00	0.00e+00	0.00e+00	0.00e+00	1.00e+00	4.53e-09	5.14e-10
 2.74776e+23	1.00e+00	3.26e-04	3.92e-06	0.00e+00	0.00e+00	0.00e+00	0.00e+00	0.00e+00	0.00e+00	1.00e+00	4.29e-09	4.63e-10
 2.75743e+23	1.00e+00	2.90e-04	3.80e-06	0.00e+00	0.00e+00	0.00e+00	0.00e+00	0.00e+00	0.00e+00	1.00e+00	4.05e-09	4.16e-10
 2.76727e+23	1.00e+00	2.57e-04	3.68e-06	0.00e+00	0.00e+00	0.00e+00	0.00e+00	0.00e+00	0.00e+00	1.00e+00	3.83e-09	3.74e-10
 2.77739e+23	1.00e+00	2.27e-04	3.56e-06	0.00e+00	0.00e+00	0.00e+00	0.00e+00	0.00e+00	0.00e+00	1.00e+00	3.60e-09	3.34e-10
 2.78774e+23	1.00e+00	2.00e-04	3.44e-06	0.00e+00	0.00e+00	0.00e+00	0.00e+00	0.00e+00	0.00e+00	1.00e+00	3.39e-09	2.98e-10
 2.79825e+23	1.00e+00	1.76e-04	3.32e-06	0.00e+00	0.00e+00	0.00e+00	0.00e+00	0.00e+00	0.00e+00	1.00e+00	3.19e-09	2.64e-10
 2.80896e+23	1.00e+00	1.54e-04	3.21e-06	0.00e+00	0.00e+00	0.00e+00	0.00e+00	0.00e+00	0.00e+00	1.00e+00	2.98e-09	2.34e-10
 2.81986e+23	1.00e+00	1.34e-04	3.09e-06	0.00e+00	0.00e+00	0.00e+00	0.00e+00	0.00e+00	0.00e+00	1.00e+00	2.79e-09	2.06e-10
 2.83096e+23	1.00e+00	1.17e-04	2.98e-06	0.00e+00	0.00e+00	0.00e+00	0.00e+00	0.00e+00	0.00e+00	1.00e+00	2.60e-09	1.81e-10
