#depth	Si	Si+	Si+2	Si+3	Si+4	Si+5	Si+6	Si+7	Si+8	Si+9	Si+10	Si+11	Si+12	Si+13	Si+14
 1.54284e+22	4.16e-29	1.87e-17	2.37e-14	4.53e-12	3.13e-08	1.01e-05	6.94e-04	1.08e-02	6.53e-02	1.48e-01	1.45e-01	1.39e-01	3.71e-01	1.11e-01	1.03e-02
 3.44158e+22	2.36e-28	1.61e-16	1.47e-13	1.92e-11	1.18e-07	3.51e-05	2.14e-03	2.78e-02	1.29e-01	2.27e-01	1.70e-01	1.26e-01	2.58e-01	5.62e-02	3.82e-03
 3.97542e+22	7.28e-28	4.14e-16	3.33e-13	3.69e-11	2.08e-07	5.90e-05	3.37e-03	4.01e-02	1.65e-01	2.58e-01	1.71e-01	1.13e-01	2.08e-01	3.93e-02	2.32e-03
 4.24370e+22	1.27e-27	6.59e-16	4.98e-13	5.10e-11	2.73e-07	7.55e-05	4.17e-03	4.75e-02	1.84e-01	2.71e-01	1.69e-01	1.06e-01	1.84e-01	3.24e-02	1.79e-03
 4.37401e+22	1.61e-27	8.08e-16	5.94e-13	5.89e-11	3.08e-07	8.39e-05	4.56e-03	5.10e-02	1.92e-01	2.76e-01	1.68e-01	1.03e-01	1.74e-01	2.97e-02	1.59e-03
 4.46596e+22	2.20e-27	1.05e-15	7.43e-13	7.04e-11	3.57e-07	9.59e-05	5.12e-03	5.58e-02	2.03e-01	2.82e-01	1.65e-01	9.88e-02	1.61e-01	2.65e-02	1.36e-03
 4.56338e+22	2.88e-27	1.31e-15	9.02e-13	8.21e-11	4.05e-07	1.07e-04	5.65e-03	6.03e-02	2.13e-01	2.87e-01	1.63e-01	9.50e-02	1.51e-01	2.39e-02	1.19e-03
 4.66789e+22	4.01e-27	1.74e-15	1.15e-12	9.96e-11	4.74e-07	1.24e-04	6.36e-03	6.61e-02	2.24e-01	2.92e-01	1.60e-01	9.03e-02	1.38e-01	2.10e-02	9.97e-04
 4.77581e+22	5.39e-27	2.23e-15	1.42e-12	1.18e-10	5.42e-07	1.40e-04	7.07e-03	7.18e-02	2.35e-01	2.96e-01	1.57e-01	8.59e-02	1.28e-01	1.86e-02	8.49e-04
 4.87042e+22	7.01e-27	2.79e-15	1.72e-12	1.37e-10	6.12e-07	1.56e-04	7.75e-03	7.70e-02	2.45e-01	2.99e-01	1.53e-01	8.21e-02	1.19e-01	1.67e-02	7.34e-04
 4.95868e+22	8.93e-27	3.43e-15	2.05e-12	1.57e-10	6.83e-07	1.72e-04	8.42e-03	8.21e-02	2.53e-01	3.01e-01	1.50e-01	7.85e-02	1.10e-01	1.50e-02	6.40e-04
 5.05636e+22	1.22e-26	4.46e-15	2.56e-12	1.87e-10	7.83e-07	1.94e-04	9.35e-03	8.90e-02	2.64e-01	3.03e-01	1.46e-01	7.40e-02	1.01e-01	1.31e-02	5.35e-04
 5.15432e+22	1.55e-26	5.51e-15	3.05e-12	2.15e-10	8.71e-07	2.13e-04	1.01e-02	9.48e-02	2.73e-01	3.04e-01	1.42e-01	7.04e-02	9.31e-02	1.17e-02	4.62e-04
 5.23972e+22	1.97e-26	6.77e-15	3.63e-12	2.45e-10	9.65e-07	2.34e-04	1.10e-02	1.01e-01	2.81e-01	3.05e-01	1.38e-01	6.70e-02	8.61e-02	1.05e-02	3.99e-04
 5.33787e+22	2.68e-26	8.86e-15	4.53e-12	2.91e-10	1.10e-06	2.63e-04	1.21e-02	1.09e-01	2.92e-01	3.05e-01	1.33e-01	6.26e-02	7.76e-02	9.01e-03	3.28e-04
 5.43682e+22	3.41e-26	1.09e-14	5.40e-12	3.33e-10	1.22e-06	2.88e-04	1.31e-02	1.15e-01	3.00e-01	3.04e-01	1.29e-01	5.93e-02	7.15e-02	8.01e-03	2.82e-04
 5.53681e+22	4.65e-26	1.44e-14	6.76e-12	3.95e-10	1.38e-06	3.22e-04	1.45e-02	1.24e-01	3.10e-01	3.02e-01	1.23e-01	5.50e-02	6.38e-02	6.82e-03	2.29e-04
 5.63808e+22	5.91e-26	1.78e-14	8.08e-12	4.53e-10	1.53e-06	3.53e-04	1.56e-02	1.32e-01	3.17e-01	3.00e-01	1.18e-01	5.18e-02	5.84e-02	6.01e-03	1.95e-04
 5.74098e+22	8.04e-26	2.36e-14	1.02e-11	5.40e-10	1.73e-06	3.95e-04	1.72e-02	1.42e-01	3.27e-01	2.97e-01	1.12e-01	4.78e-02	5.17e-02	5.07e-03	1.56e-04
 5.84592e+22	1.04e-25	2.96e-14	1.22e-11	6.21e-10	1.92e-06	4.32e-04	1.86e-02	1.50e-01	3.34e-01	2.93e-01	1.07e-01	4.47e-02	4.68e-02	4.41e-03	1.31e-04
 5.95351e+22	1.43e-25	3.99e-14	1.56e-11	7.45e-10	2.18e-06	4.84e-04	2.05e-02	1.62e-01	3.43e-01	2.88e-01	1.01e-01	4.08e-02	4.10e-02	3.66e-03	1.03e-04
 6.06313e+22	1.85e-25	5.07e-14	1.89e-11	8.63e-10	2.42e-06	5.31e-04	2.21e-02	1.71e-01	3.49e-01	2.83e-01	9.58e-02	3.79e-02	3.67e-02	3.14e-03	8.46e-05
 6.17541e+22	2.57e-25	6.94e-14	2.43e-11	1.04e-09	2.76e-06	5.96e-04	2.44e-02	1.84e-01	3.57e-01	2.76e-01	8.91e-02	3.43e-02	3.17e-02	2.56e-03	6.53e-05
 6.28885e+22	3.33e-25	8.91e-14	2.98e-11	1.22e-09	3.07e-06	6.54e-04	2.64e-02	1.95e-01	3.62e-01	2.70e-01	8.39e-02	3.16e-02	2.81e-02	2.18e-03	5.30e-05
 6.38457e+22	4.21e-25	1.12e-13	3.58e-11	1.40e-09	3.38e-06	7.11e-04	2.83e-02	2.06e-01	3.67e-01	2.63e-01	7.92e-02	2.92e-02	2.52e-02	1.87e-03	4.37e-05
 6.48868e+22	5.65e-25	1.51e-13	4.53e-11	1.67e-09	3.82e-06	7.90e-04	3.09e-02	2.19e-01	3.71e-01	2.55e-01	7.33e-02	2.64e-02	2.17e-02	1.53e-03	3.40e-05
 6.59335e+22	7.16e-25	1.91e-13	5.48e-11	1.94e-09	4.23e-06	8.60e-04	3.31e-02	2.31e-01	3.74e-01	2.47e-01	6.87e-02	2.44e-02	1.93e-02	1.30e-03	2.77e-05
 6.69550e+22	9.45e-25	2.55e-13	6.91e-11	2.31e-09	4.78e-06	9.53e-04	3.59e-02	2.45e-01	3.77e-01	2.38e-01	6.33e-02	2.20e-02	1.67e-02	1.07e-03	2.16e-05
 6.79972e+22	1.21e-24	3.29e-13	8.46e-11	2.71e-09	5.33e-06	1.04e-03	3.86e-02	2.57e-01	3.79e-01	2.30e-01	5.89e-02	2.01e-02	1.47e-02	8.98e-04	1.74e-05
 6.90198e+22	1.56e-24	4.38e-13	1.06e-10	3.24e-09	6.04e-06	1.15e-03	4.17e-02	2.72e-01	3.80e-01	2.20e-01	5.40e-02	1.82e-02	1.27e-02	7.37e-04	1.36e-05
 7.00636e+22	2.00e-24	5.73e-13	1.32e-10	3.84e-09	6.80e-06	1.27e-03	4.49e-02	2.86e-01	3.80e-01	2.10e-01	4.97e-02	1.64e-02	1.10e-02	6.11e-04	1.07e-05
 7.10934e+22	2.57e-24	7.59e-13	1.65e-10	4.60e-09	7.72e-06	1.40e-03	4.85e-02	3.01e-01	3.78e-01	2.00e-01	4.55e-02	1.48e-02	9.47e-03	5.01e-04	8.37e-06
 7.21310e+22	3.29e-24	1.00e-12	2.07e-10	5.50e-09	8.77e-06	1.55e-03	5.22e-02	3.16e-01	3.76e-01	1.90e-01	4.15e-02	1.33e-02	8.17e-03	4.11e-04	6.55e-06
 7.31564e+22	4.21e-24	1.32e-12	2.59e-10	6.60e-09	9.98e-06	1.71e-03	5.62e-02	3.31e-01	3.74e-01	1.80e-01	3.78e-02	1.20e-02	7.02e-03	3.37e-04	5.12e-06
 7.41801e+22	5.37e-24	1.75e-12	3.25e-10	7.94e-09	1.14e-05	1.89e-03	6.04e-02	3.46e-01	3.70e-01	1.70e-01	3.43e-02	1.07e-02	6.03e-03	2.75e-04	3.99e-06
 7.52050e+22	6.87e-24	2.31e-12	4.08e-10	9.58e-09	1.30e-05	2.10e-03	6.49e-02	3.61e-01	3.65e-01	1.61e-01	3.11e-02	9.60e-03	5.16e-03	2.25e-04	3.10e-06
 7.62335e+22	8.77e-24	3.06e-12	5.13e-10	1.16e-08	1.50e-05	2.32e-03	6.96e-02	3.77e-01	3.59e-01	1.51e-01	2.81e-02	8.57e-03	4.40e-03	1.83e-04	2.41e-06
 7.72672e+22	1.12e-23	4.05e-12	6.46e-10	1.40e-08	1.72e-05	2.57e-03	7.47e-02	3.92e-01	3.53e-01	1.41e-01	2.52e-02	7.63e-03	3.75e-03	1.48e-04	1.86e-06
 7.83100e+22	1.44e-23	5.36e-12	8.15e-10	1.71e-08	1.99e-05	2.86e-03	8.02e-02	4.07e-01	3.46e-01	1.32e-01	2.27e-02	6.77e-03	3.18e-03	1.20e-04	1.43e-06
 7.93641e+22	1.86e-23	7.10e-12	1.03e-09	2.08e-08	2.30e-05	3.17e-03	8.59e-02	4.22e-01	3.38e-01	1.23e-01	2.03e-02	5.99e-03	2.69e-03	9.64e-05	1.10e-06
 8.04240e+22	2.39e-23	9.38e-12	1.30e-09	2.54e-08	2.66e-05	3.52e-03	9.20e-02	4.36e-01	3.29e-01	1.14e-01	1.81e-02	5.29e-03	2.27e-03	7.76e-05	8.43e-07
 8.15009e+22	3.11e-23	1.25e-11	1.65e-09	3.12e-08	3.09e-05	3.92e-03	9.85e-02	4.50e-01	3.19e-01	1.05e-01	1.61e-02	4.65e-03	1.90e-03	6.19e-05	6.40e-07
 8.25894e+22	4.03e-23	1.64e-11	2.08e-09	3.81e-08	3.58e-05	4.35e-03	1.05e-01	4.63e-01	3.10e-01	9.73e-02	1.43e-02	4.09e-03	1.60e-03	4.95e-05	4.88e-07
 8.36994e+22	6.44e-23	2.19e-11	2.66e-09	4.70e-08	4.18e-05	4.85e-03	1.13e-01	4.77e-01	2.99e-01	8.94e-02	1.26e-02	3.57e-03	1.33e-03	3.92e-05	3.67e-07
 8.48292e+22	9.31e-23	2.89e-11	3.36e-09	5.78e-08	4.86e-05	5.39e-03	1.20e-01	4.89e-01	2.88e-01	8.20e-02	1.11e-02	3.11e-03	1.11e-03	3.11e-05	2.77e-07
 8.58647e+22	1.18e-22	3.64e-11	4.10e-09	6.87e-08	5.53e-05	5.88e-03	1.27e-01	4.99e-01	2.79e-01	7.62e-02	9.96e-03	2.77e-03	9.51e-04	2.55e-05	2.18e-07
 8.69455e+22	1.60e-22	4.86e-11	5.26e-09	8.55e-08	6.50e-05	6.57e-03	1.35e-01	5.10e-01	2.67e-01	6.93e-02	8.68e-03	2.39e-03	7.80e-04	1.99e-05	1.61e-07
 8.80449e+22	2.05e-22	6.12e-11	6.42e-09	1.02e-07	7.39e-05	7.18e-03	1.42e-01	5.19e-01	2.57e-01	6.41e-02	7.77e-03	2.12e-03	6.66e-04	1.62e-05	1.26e-07
 8.91799e+22	2.81e-22	8.21e-11	8.28e-09	1.28e-07	8.72e-05	8.03e-03	1.52e-01	5.28e-01	2.45e-01	5.79e-02	6.72e-03	1.81e-03	5.41e-04	1.25e-05	0.00e+00
 9.03170e+22	3.62e-22	1.03e-10	1.01e-08	1.52e-07	9.90e-05	8.74e-03	1.59e-01	5.35e-01	2.35e-01	5.34e-02	6.00e-03	1.60e-03	4.60e-04	1.02e-05	0.00e+00
 9.14567e+22	4.99e-22	1.37e-10	1.29e-08	1.89e-07	1.17e-04	9.75e-03	1.70e-01	5.43e-01	2.22e-01	4.81e-02	5.18e-03	1.37e-03	3.73e-04	7.82e-06	0.00e+00
 9.26011e+22	6.41e-22	1.69e-10	1.56e-08	2.24e-07	1.32e-04	1.06e-02	1.77e-01	5.48e-01	2.13e-01	4.44e-02	4.63e-03	1.21e-03	3.18e-04	6.39e-06	0.00e+00
 9.37516e+22	8.86e-22	2.23e-10	1.99e-08	2.79e-07	1.55e-04	1.18e-02	1.88e-01	5.54e-01	2.01e-01	3.99e-02	3.99e-03	1.03e-03	2.58e-04	4.91e-06	0.00e+00
 9.49147e+22	1.14e-21	2.76e-10	2.41e-08	3.30e-07	1.75e-04	1.27e-02	1.96e-01	5.57e-01	1.92e-01	3.67e-02	3.56e-03	9.07e-04	2.19e-04	4.00e-06	0.00e+00
 9.60941e+22	1.58e-21	3.61e-10	3.07e-08	4.11e-07	2.05e-04	1.41e-02	2.07e-01	5.61e-01	1.81e-01	3.29e-02	3.06e-03	7.68e-04	1.77e-04	3.05e-06	0.00e+00
 9.72896e+22	2.05e-21	4.46e-10	3.70e-08	4.86e-07	2.32e-04	1.53e-02	2.16e-01	5.63e-01	1.72e-01	3.01e-02	2.72e-03	6.75e-04	1.50e-04	2.48e-06	0.00e+00
 9.85061e+22	2.86e-21	5.83e-10	4.71e-08	6.05e-07	2.72e-04	1.70e-02	2.28e-01	5.64e-01	1.61e-01	2.69e-02	2.33e-03	5.69e-04	1.20e-04	1.88e-06	0.00e+00
 9.97453e+22	3.73e-21	7.20e-10	5.70e-08	7.19e-07	3.08e-04	1.84e-02	2.37e-01	5.64e-01	1.53e-01	2.46e-02	2.06e-03	4.98e-04	1.01e-04	1.52e-06	0.00e+00
 1.01014e+23	5.26e-21	9.43e-10	7.29e-08	8.98e-07	3.62e-04	2.04e-02	2.49e-01	5.64e-01	1.42e-01	2.18e-02	1.75e-03	4.17e-04	8.06e-05	1.14e-06	0.00e+00
 1.02313e+23	6.93e-21	1.17e-09	8.85e-08	1.07e-06	4.11e-04	2.21e-02	2.59e-01	5.62e-01	1.34e-01	1.99e-02	1.54e-03	3.62e-04	6.73e-05	9.11e-07	0.00e+00
 1.03650e+23	9.87e-21	1.53e-09	1.14e-07	1.35e-06	4.85e-04	2.45e-02	2.72e-01	5.59e-01	1.24e-01	1.75e-02	1.31e-03	3.01e-04	5.31e-05	6.77e-07	0.00e+00
 1.05012e+23	1.31e-20	1.90e-09	1.38e-07	1.61e-06	5.51e-04	2.66e-02	2.83e-01	5.56e-01	1.17e-01	1.59e-02	1.15e-03	2.60e-04	4.42e-05	5.38e-07	0.00e+00
 1.06160e+23	1.68e-20	2.30e-09	1.65e-07	1.89e-06	6.18e-04	2.86e-02	2.92e-01	5.53e-01	1.10e-01	1.45e-02	1.02e-03	2.28e-04	3.74e-05	4.36e-07	0.00e+00
 1.07405e+23	2.32e-20	2.92e-09	2.06e-07	2.32e-06	7.16e-04	3.13e-02	3.04e-01	5.47e-01	1.03e-01	1.30e-02	8.72e-04	1.92e-04	3.01e-05	3.33e-07	0.00e+00
 1.08615e+23	2.93e-20	3.47e-09	2.42e-07	2.68e-06	7.95e-04	3.34e-02	3.13e-01	5.43e-01	9.72e-02	1.19e-02	7.82e-04	1.70e-04	2.58e-05	2.75e-07	0.00e+00
 1.09778e+23	3.94e-20	4.32e-09	2.97e-07	3.24e-06	9.10e-04	3.63e-02	3.24e-01	5.37e-01	9.04e-02	1.07e-02	6.76e-04	1.45e-04	2.11e-05	2.13e-07	0.00e+00
 1.10954e+23	4.99e-20	5.12e-09	3.48e-07	3.73e-06	1.01e-03	3.86e-02	3.33e-01	5.31e-01	8.56e-02	9.86e-03	6.07e-04	1.28e-04	1.81e-05	1.76e-07	0.00e+00
 1.12145e+23	6.74e-20	6.37e-09	4.27e-07	4.51e-06	1.15e-03	4.19e-02	3.44e-01	5.24e-01	7.94e-02	8.83e-03	5.24e-04	1.09e-04	1.47e-05	1.36e-07	0.00e+00
 1.13354e+23	8.61e-20	7.57e-09	5.01e-07	5.22e-06	1.28e-03	4.46e-02	3.53e-01	5.17e-01	7.50e-02	8.11e-03	4.68e-04	9.62e-05	1.26e-05	0.00e+00	0.00e+00
 1.14586e+23	1.17e-19	9.43e-09	6.17e-07	6.33e-06	1.47e-03	4.84e-02	3.65e-01	5.09e-01	6.93e-02	7.23e-03	4.03e-04	8.14e-05	1.02e-05	0.00e+00	0.00e+00
 1.15837e+23	1.51e-19	1.12e-08	7.25e-07	7.32e-06	1.63e-03	5.15e-02	3.73e-01	5.01e-01	6.52e-02	6.63e-03	3.59e-04	7.16e-05	8.66e-06	0.00e+00	0.00e+00
 1.17112e+23	2.08e-19	1.40e-08	8.95e-07	8.91e-06	1.87e-03	5.59e-02	3.85e-01	4.91e-01	6.00e-02	5.89e-03	3.07e-04	6.03e-05	6.97e-06	0.00e+00	0.00e+00
 1.18410e+23	2.71e-19	1.67e-08	1.06e-06	1.03e-05	2.07e-03	5.95e-02	3.94e-01	4.83e-01	5.63e-02	5.39e-03	2.73e-04	5.28e-05	5.91e-06	0.00e+00	0.00e+00
 1.19739e+23	3.79e-19	2.09e-08	1.31e-06	1.26e-05	2.38e-03	6.46e-02	4.05e-01	4.71e-01	5.15e-02	4.76e-03	2.32e-04	4.41e-05	4.72e-06	0.00e+00	0.00e+00
 1.21095e+23	5.02e-19	2.50e-08	1.55e-06	1.47e-05	2.66e-03	6.88e-02	4.14e-01	4.62e-01	4.81e-02	4.33e-03	2.05e-04	3.84e-05	3.96e-06	0.00e+00	0.00e+00
 1.22489e+23	7.18e-19	3.15e-08	1.93e-06	1.81e-05	3.06e-03	7.47e-02	4.25e-01	4.49e-01	4.38e-02	3.81e-03	1.74e-04	3.19e-05	3.14e-06	0.00e+00	0.00e+00
 1.23921e+23	9.77e-19	3.80e-08	2.31e-06	2.12e-05	3.43e-03	7.98e-02	4.34e-01	4.38e-01	4.06e-02	3.45e-03	1.52e-04	2.75e-05	2.61e-06	0.00e+00	0.00e+00
 1.25403e+23	1.45e-18	4.83e-08	2.90e-06	2.62e-05	3.97e-03	8.67e-02	4.45e-01	4.24e-01	3.68e-02	3.01e-03	1.27e-04	2.26e-05	2.04e-06	0.00e+00	0.00e+00
 1.26900e+23	2.03e-18	5.82e-08	3.46e-06	3.08e-05	4.43e-03	9.23e-02	4.53e-01	4.13e-01	3.40e-02	2.72e-03	1.11e-04	1.95e-05	1.70e-06	0.00e+00	0.00e+00
 1.28414e+23	3.08e-18	7.39e-08	4.35e-06	3.81e-05	5.13e-03	1.00e-01	4.63e-01	3.98e-01	3.06e-02	2.37e-03	9.28e-05	1.60e-05	1.32e-06	0.00e+00	0.00e+00
 1.29944e+23	4.50e-18	8.92e-08	5.19e-06	4.47e-05	5.73e-03	1.07e-01	4.71e-01	3.86e-01	2.82e-02	2.13e-03	8.09e-05	1.37e-05	1.09e-06	0.00e+00	0.00e+00
 1.31496e+23	7.15e-18	1.13e-07	6.53e-06	5.53e-05	6.63e-03	1.16e-01	4.80e-01	3.71e-01	2.53e-02	1.85e-03	6.72e-05	1.12e-05	8.47e-07	0.00e+00	0.00e+00
 1.33076e+23	2.99e-18	1.37e-07	7.83e-06	6.51e-05	7.41e-03	1.23e-01	4.86e-01	3.59e-01	2.32e-02	1.66e-03	5.83e-05	9.56e-06	6.95e-07	0.00e+00	0.00e+00
 1.34474e+23	3.89e-18	1.65e-07	9.36e-06	7.67e-05	8.28e-03	1.30e-01	4.92e-01	3.46e-01	2.12e-02	1.49e-03	5.04e-05	8.15e-06	5.69e-07	0.00e+00	0.00e+00
 1.36072e+23	5.64e-18	2.10e-07	1.17e-05	9.44e-05	9.53e-03	1.41e-01	4.99e-01	3.30e-01	1.90e-02	1.29e-03	4.18e-05	6.64e-06	4.41e-07	0.00e+00	0.00e+00
 1.37700e+23	7.69e-18	2.54e-07	1.41e-05	1.12e-04	1.07e-02	1.49e-01	5.04e-01	3.17e-01	1.72e-02	1.15e-03	3.58e-05	5.61e-06	3.56e-07	0.00e+00	0.00e+00
 1.39021e+23	9.95e-18	2.99e-07	1.65e-05	1.29e-04	1.17e-02	1.57e-01	5.08e-01	3.07e-01	1.59e-02	1.04e-03	3.14e-05	4.87e-06	2.99e-07	0.00e+00	0.00e+00
 1.40391e+23	1.41e-17	3.63e-07	1.98e-05	1.52e-04	1.31e-02	1.66e-01	5.11e-01	2.94e-01	1.44e-02	9.24e-04	2.70e-05	4.12e-06	2.43e-07	0.00e+00	0.00e+00
 1.41831e+23	1.88e-17	4.31e-07	2.33e-05	1.76e-04	1.45e-02	1.75e-01	5.14e-01	2.83e-01	1.32e-02	8.31e-04	2.35e-05	3.55e-06	2.01e-07	0.00e+00	0.00e+00
 1.43153e+23	2.55e-17	5.09e-07	2.73e-05	2.04e-04	1.59e-02	1.84e-01	5.16e-01	2.72e-01	1.21e-02	7.49e-04	2.05e-05	3.06e-06	1.67e-07	0.00e+00	0.00e+00
 1.44661e+23	3.75e-17	6.27e-07	3.33e-05	2.44e-04	1.79e-02	1.95e-01	5.17e-01	2.58e-01	1.09e-02	6.57e-04	1.72e-05	2.54e-06	1.32e-07	0.00e+00	0.00e+00
 1.46210e+23	5.77e-17	7.51e-07	3.96e-05	2.86e-04	1.99e-02	2.05e-01	5.18e-01	2.46e-01	9.82e-03	5.83e-04	1.47e-05	2.14e-06	0.00e+00	0.00e+00	0.00e+00
 1.47572e+23	7.82e-17	8.87e-07	4.63e-05	3.30e-04	2.19e-02	2.15e-01	5.18e-01	2.35e-01	8.97e-03	5.24e-04	1.28e-05	1.84e-06	0.00e+00	0.00e+00	0.00e+00
 1.49102e+23	1.23e-16	1.09e-06	5.63e-05	3.93e-04	2.45e-02	2.27e-01	5.17e-01	2.22e-01	8.00e-03	4.58e-04	1.07e-05	1.53e-06	0.00e+00	0.00e+00	0.00e+00
 1.50702e+23	2.24e-16	1.31e-06	6.72e-05	4.62e-04	2.72e-02	2.38e-01	5.16e-01	2.11e-01	7.18e-03	4.04e-04	9.09e-06	1.28e-06	0.00e+00	0.00e+00	0.00e+00
 1.52146e+23	3.30e-16	1.56e-06	7.90e-05	5.35e-04	2.99e-02	2.49e-01	5.14e-01	2.00e-01	6.50e-03	3.60e-04	7.82e-06	1.09e-06	0.00e+00	0.00e+00	0.00e+00
 1.53776e+23	5.99e-16	1.93e-06	9.68e-05	6.42e-04	3.36e-02	2.62e-01	5.10e-01	1.88e-01	5.73e-03	3.12e-04	6.47e-06	8.89e-07	0.00e+00	0.00e+00	0.00e+00
 1.55462e+23	1.37e-15	2.33e-06	1.16e-04	7.55e-04	3.72e-02	2.75e-01	5.05e-01	1.77e-01	5.10e-03	2.73e-04	5.44e-06	7.41e-07	0.00e+00	0.00e+00	0.00e+00
 1.56965e+23	2.36e-15	2.78e-06	1.36e-04	8.77e-04	4.09e-02	2.86e-01	5.01e-01	1.67e-01	4.58e-03	2.42e-04	4.63e-06	6.25e-07	0.00e+00	0.00e+00	0.00e+00
 1.58667e+23	4.72e-15	3.47e-06	1.68e-04	1.06e-03	4.60e-02	3.01e-01	4.94e-01	1.54e-01	3.98e-03	2.06e-04	3.76e-06	5.02e-07	0.00e+00	0.00e+00	0.00e+00
 1.60425e+23	9.00e-15	4.19e-06	2.01e-04	1.24e-03	5.08e-02	3.13e-01	4.87e-01	1.44e-01	3.52e-03	1.80e-04	3.15e-06	4.16e-07	0.00e+00	0.00e+00	0.00e+00
 1.62255e+23	1.51e-14	5.30e-06	2.50e-04	1.52e-03	5.74e-02	3.29e-01	4.77e-01	1.32e-01	3.02e-03	1.51e-04	2.51e-06	3.28e-07	0.00e+00	0.00e+00	0.00e+00
 1.64120e+23	2.33e-14	6.43e-06	3.00e-04	1.79e-03	6.34e-02	3.42e-01	4.67e-01	1.23e-01	2.65e-03	1.31e-04	2.08e-06	2.69e-07	0.00e+00	0.00e+00	0.00e+00
 1.65770e+23	3.39e-14	7.74e-06	3.57e-04	2.09e-03	6.97e-02	3.54e-01	4.58e-01	1.14e-01	2.33e-03	1.14e-04	1.73e-06	2.21e-07	0.00e+00	0.00e+00	0.00e+00
 1.67657e+23	5.41e-14	9.81e-06	4.45e-04	2.55e-03	7.85e-02	3.69e-01	4.44e-01	1.03e-01	1.97e-03	9.46e-05	1.36e-06	1.73e-07	0.00e+00	0.00e+00	0.00e+00
 1.69575e+23	7.93e-14	1.19e-05	5.32e-04	3.01e-03	8.65e-02	3.81e-01	4.32e-01	9.48e-02	1.71e-03	8.09e-05	1.11e-06	1.40e-07	0.00e+00	0.00e+00	0.00e+00
 1.71274e+23	1.10e-13	1.43e-05	6.33e-04	3.50e-03	9.46e-02	3.92e-01	4.20e-01	8.73e-02	1.49e-03	6.97e-05	9.15e-07	0.00e+00	0.00e+00	0.00e+00	0.00e+00
 1.73225e+23	1.73e-13	1.82e-05	7.91e-04	4.28e-03	1.06e-01	4.06e-01	4.03e-01	7.80e-02	1.24e-03	5.72e-05	7.08e-07	0.00e+00	0.00e+00	0.00e+00	0.00e+00
 1.75199e+23	2.43e-13	2.20e-05	9.43e-04	5.03e-03	1.16e-01	4.17e-01	3.89e-01	7.10e-02	1.07e-03	4.86e-05	5.73e-07	0.00e+00	0.00e+00	0.00e+00	0.00e+00
 1.77204e+23	3.63e-13	2.80e-05	1.18e-03	6.10e-03	1.30e-01	4.29e-01	3.70e-01	6.30e-02	8.87e-04	3.96e-05	4.41e-07	0.00e+00	0.00e+00	0.00e+00	0.00e+00
 1.79250e+23	5.05e-13	3.42e-05	1.41e-03	7.18e-03	1.42e-01	4.37e-01	3.54e-01	5.67e-02	7.54e-04	3.32e-05	3.52e-07	0.00e+00	0.00e+00	0.00e+00	0.00e+00
 1.81071e+23	6.83e-13	4.14e-05	1.68e-03	8.41e-03	1.55e-01	4.45e-01	3.38e-01	5.10e-02	6.41e-04	2.79e-05	2.81e-07	0.00e+00	0.00e+00	0.00e+00	0.00e+00
 1.83161e+23	1.01e-12	5.31e-05	2.09e-03	1.02e-02	1.72e-01	4.53e-01	3.18e-01	4.45e-02	5.21e-04	2.23e-05	2.11e-07	0.00e+00	0.00e+00	0.00e+00	0.00e+00
 1.85285e+23	1.40e-12	6.48e-05	2.50e-03	1.20e-02	1.87e-01	4.58e-01	3.01e-01	3.96e-02	4.38e-04	1.85e-05	1.67e-07	0.00e+00	0.00e+00	0.00e+00	0.00e+00
 1.87455e+23	2.12e-12	8.35e-05	3.14e-03	1.46e-02	2.07e-01	4.63e-01	2.79e-01	3.39e-02	3.49e-04	1.45e-05	1.22e-07	0.00e+00	0.00e+00	0.00e+00	0.00e+00
 1.89646e+23	2.96e-12	1.02e-04	3.74e-03	1.71e-02	2.23e-01	4.64e-01	2.61e-01	2.99e-02	2.91e-04	1.19e-05	0.00e+00	0.00e+00	0.00e+00	0.00e+00	0.00e+00
 1.91551e+23	4.11e-12	1.24e-04	4.43e-03	1.98e-02	2.40e-01	4.65e-01	2.45e-01	2.63e-02	2.43e-04	9.80e-06	0.00e+00	0.00e+00	0.00e+00	0.00e+00	0.00e+00
 1.93377e+23	5.63e-12	1.48e-04	5.18e-03	2.27e-02	2.56e-01	4.63e-01	2.29e-01	2.33e-02	2.04e-04	8.14e-06	0.00e+00	0.00e+00	0.00e+00	0.00e+00	0.00e+00
 1.95117e+23	7.67e-12	1.76e-04	6.01e-03	2.57e-02	2.72e-01	4.61e-01	2.15e-01	2.07e-02	1.73e-04	6.82e-06	0.00e+00	0.00e+00	0.00e+00	0.00e+00	0.00e+00
 1.97079e+23	1.14e-11	2.20e-04	7.26e-03	3.04e-02	2.93e-01	4.55e-01	1.96e-01	1.76e-02	1.38e-04	5.35e-06	0.00e+00	0.00e+00	0.00e+00	0.00e+00	0.00e+00
 1.99019e+23	1.57e-11	2.60e-04	8.37e-03	3.42e-02	3.08e-01	4.50e-01	1.83e-01	1.56e-02	1.17e-04	4.46e-06	0.00e+00	0.00e+00	0.00e+00	0.00e+00	0.00e+00
 2.00929e+23	2.36e-11	3.21e-04	1.00e-02	3.97e-02	3.29e-01	4.42e-01	1.66e-01	1.32e-02	9.40e-05	3.53e-06	0.00e+00	0.00e+00	0.00e+00	0.00e+00	0.00e+00
 2.02896e+23	3.47e-11	3.84e-04	1.16e-02	4.49e-02	3.46e-01	4.33e-01	1.53e-01	1.15e-02	7.79e-05	2.88e-06	0.00e+00	0.00e+00	0.00e+00	0.00e+00	0.00e+00
 2.04937e+23	5.64e-11	4.79e-04	1.39e-02	5.23e-02	3.67e-01	4.20e-01	1.37e-01	9.57e-03	6.13e-05	2.22e-06	0.00e+00	0.00e+00	0.00e+00	0.00e+00	0.00e+00
 2.06993e+23	9.20e-11	5.73e-04	1.61e-02	5.89e-02	3.83e-01	4.08e-01	1.25e-01	8.22e-03	5.02e-05	1.79e-06	0.00e+00	0.00e+00	0.00e+00	0.00e+00	0.00e+00
 2.09067e+23	1.67e-10	7.16e-04	1.92e-02	6.81e-02	4.03e-01	3.92e-01	1.10e-01	6.76e-03	3.90e-05	1.36e-06	0.00e+00	0.00e+00	0.00e+00	0.00e+00	0.00e+00
 2.11166e+23	3.12e-10	8.58e-04	2.22e-02	7.63e-02	4.18e-01	3.78e-01	9.91e-02	5.73e-03	3.16e-05	1.08e-06	0.00e+00	0.00e+00	0.00e+00	0.00e+00	0.00e+00
 2.12849e+23	5.40e-10	9.93e-04	2.49e-02	8.36e-02	4.30e-01	3.65e-01	9.05e-02	4.99e-03	2.65e-05	8.94e-07	0.00e+00	0.00e+00	0.00e+00	0.00e+00	0.00e+00
 2.14586e+23	1.08e-09	1.19e-03	2.87e-02	9.31e-02	4.43e-01	3.49e-01	8.08e-02	4.20e-03	2.14e-05	7.06e-07	0.00e+00	0.00e+00	0.00e+00	0.00e+00	0.00e+00
 2.16365e+23	2.09e-09	1.38e-03	3.22e-02	1.02e-01	4.54e-01	3.34e-01	7.31e-02	3.61e-03	1.77e-05	5.75e-07	0.00e+00	0.00e+00	0.00e+00	0.00e+00	0.00e+00
 2.17950e+23	3.43e-09	1.60e-03	3.59e-02	1.11e-01	4.63e-01	3.20e-01	6.60e-02	3.11e-03	1.47e-05	4.70e-07	0.00e+00	0.00e+00	0.00e+00	0.00e+00	0.00e+00
 2.19764e+23	6.28e-09	1.92e-03	4.13e-02	1.23e-01	4.72e-01	3.01e-01	5.79e-02	2.57e-03	1.16e-05	3.63e-07	0.00e+00	0.00e+00	0.00e+00	0.00e+00	0.00e+00
 2.21600e+23	9.51e-09	2.23e-03	4.61e-02	1.33e-01	4.79e-01	2.86e-01	5.16e-02	2.18e-03	9.51e-06	2.92e-07	0.00e+00	0.00e+00	0.00e+00	0.00e+00	0.00e+00
 2.23211e+23	1.30e-08	2.57e-03	5.13e-02	1.44e-01	4.84e-01	2.70e-01	4.61e-02	1.85e-03	7.81e-06	2.35e-07	0.00e+00	0.00e+00	0.00e+00	0.00e+00	0.00e+00
 2.25053e+23	1.90e-08	3.07e-03	5.84e-02	1.58e-01	4.89e-01	2.51e-01	3.98e-02	1.50e-03	6.09e-06	1.79e-07	0.00e+00	0.00e+00	0.00e+00	0.00e+00	0.00e+00
 2.26927e+23	2.53e-08	3.56e-03	6.50e-02	1.70e-01	4.91e-01	2.35e-01	3.50e-02	1.26e-03	4.91e-06	1.41e-07	0.00e+00	0.00e+00	0.00e+00	0.00e+00	0.00e+00
 2.28577e+23	3.25e-08	4.10e-03	7.18e-02	1.82e-01	4.91e-01	2.20e-01	3.08e-02	1.05e-03	3.98e-06	0.00e+00	0.00e+00	0.00e+00	0.00e+00	0.00e+00	0.00e+00
 2.30459e+23	4.39e-08	4.89e-03	8.12e-02	1.97e-01	4.89e-01	2.01e-01	2.61e-02	8.40e-04	3.05e-06	0.00e+00	0.00e+00	0.00e+00	0.00e+00	0.00e+00	0.00e+00
 2.32371e+23	5.56e-08	5.65e-03	8.97e-02	2.10e-01	4.86e-01	1.86e-01	2.26e-02	6.91e-04	2.43e-06	0.00e+00	0.00e+00	0.00e+00	0.00e+00	0.00e+00	0.00e+00
 2.34064e+23	6.91e-08	6.50e-03	9.85e-02	2.22e-01	4.81e-01	1.71e-01	1.96e-02	5.70e-04	1.94e-06	0.00e+00	0.00e+00	0.00e+00	0.00e+00	0.00e+00	0.00e+00
 2.36008e+23	9.00e-08	7.71e-03	1.11e-01	2.38e-01	4.73e-01	1.54e-01	1.63e-02	4.45e-04	1.46e-06	0.00e+00	0.00e+00	0.00e+00	0.00e+00	0.00e+00	0.00e+00
 2.37984e+23	1.11e-07	8.89e-03	1.21e-01	2.52e-01	4.64e-01	1.40e-01	1.38e-02	3.60e-04	1.14e-06	0.00e+00	0.00e+00	0.00e+00	0.00e+00	0.00e+00	0.00e+00
 2.40002e+23	1.43e-07	1.06e-02	1.36e-01	2.67e-01	4.51e-01	1.24e-01	1.13e-02	2.75e-04	8.39e-07	0.00e+00	0.00e+00	0.00e+00	0.00e+00	0.00e+00	0.00e+00
 2.42045e+23	1.76e-07	1.22e-02	1.48e-01	2.80e-01	4.39e-01	1.11e-01	9.45e-03	2.19e-04	6.45e-07	0.00e+00	0.00e+00	0.00e+00	0.00e+00	0.00e+00	0.00e+00
 2.44120e+23	2.24e-07	1.44e-02	1.64e-01	2.95e-01	4.22e-01	9.69e-02	7.56e-03	1.64e-04	4.67e-07	0.00e+00	0.00e+00	0.00e+00	0.00e+00	0.00e+00	0.00e+00
 2.46232e+23	2.73e-07	1.66e-02	1.78e-01	3.07e-01	4.06e-01	8.60e-02	6.24e-03	1.28e-04	3.53e-07	0.00e+00	0.00e+00	0.00e+00	0.00e+00	0.00e+00	0.00e+00
 2.48395e+23	3.46e-07	1.96e-02	1.97e-01	3.20e-01	3.85e-01	7.36e-02	4.88e-03	9.43e-05	2.49e-07	0.00e+00	0.00e+00	0.00e+00	0.00e+00	0.00e+00	0.00e+00
 2.50596e+23	4.21e-07	2.25e-02	2.12e-01	3.30e-01	3.67e-01	6.43e-02	3.96e-03	7.23e-05	1.85e-07	0.00e+00	0.00e+00	0.00e+00	0.00e+00	0.00e+00	0.00e+00
 2.52552e+23	5.07e-07	2.57e-02	2.28e-01	3.38e-01	3.49e-01	5.61e-02	3.21e-03	5.57e-05	1.38e-07	0.00e+00	0.00e+00	0.00e+00	0.00e+00	0.00e+00	0.00e+00
 2.54799e+23	6.36e-07	3.02e-02	2.49e-01	3.47e-01	3.25e-01	4.69e-02	2.45e-03	3.98e-05	0.00e+00	0.00e+00	0.00e+00	0.00e+00	0.00e+00	0.00e+00	0.00e+00
 2.56772e+23	7.34e-07	3.34e-02	2.61e-01	3.51e-01	3.10e-01	4.19e-02	2.06e-03	3.22e-05	0.00e+00	0.00e+00	0.00e+00	0.00e+00	0.00e+00	0.00e+00	0.00e+00
 2.58391e+23	8.54e-07	3.71e-02	2.76e-01	3.56e-01	2.93e-01	3.67e-02	1.69e-03	2.53e-05	0.00e+00	0.00e+00	0.00e+00	0.00e+00	0.00e+00	0.00e+00	0.00e+00
 2.60082e+23	9.78e-07	4.08e-02	2.88e-01	3.58e-01	2.79e-01	3.26e-02	1.42e-03	2.04e-05	0.00e+00	0.00e+00	0.00e+00	0.00e+00	0.00e+00	0.00e+00	0.00e+00
 2.61869e+23	1.16e-06	4.59e-02	3.05e-01	3.61e-01	2.60e-01	2.78e-02	1.13e-03	1.54e-05	0.00e+00	0.00e+00	0.00e+00	0.00e+00	0.00e+00	0.00e+00	0.00e+00
 2.63648e+23	1.33e-06	5.05e-02	3.17e-01	3.61e-01	2.45e-01	2.45e-02	9.35e-04	1.23e-05	0.00e+00	0.00e+00	0.00e+00	0.00e+00	0.00e+00	0.00e+00	0.00e+00
 2.65418e+23	1.55e-06	5.62e-02	3.33e-01	3.61e-01	2.28e-01	2.09e-02	7.44e-04	9.36e-06	0.00e+00	0.00e+00	0.00e+00	0.00e+00	0.00e+00	0.00e+00	0.00e+00
 2.67224e+23	1.78e-06	6.18e-02	3.46e-01	3.60e-01	2.14e-01	1.82e-02	6.09e-04	7.36e-06	0.00e+00	0.00e+00	0.00e+00	0.00e+00	0.00e+00	0.00e+00	0.00e+00
 2.68837e+23	2.03e-06	6.76e-02	3.58e-01	3.58e-01	2.00e-01	1.59e-02	5.01e-04	5.83e-06	0.00e+00	0.00e+00	0.00e+00	0.00e+00	0.00e+00	0.00e+00	0.00e+00
 2.70690e+23	2.39e-06	7.54e-02	3.73e-01	3.54e-01	1.84e-01	1.33e-02	3.88e-04	4.31e-06	0.00e+00	0.00e+00	0.00e+00	0.00e+00	0.00e+00	0.00e+00	0.00e+00
 2.72565e+23	2.73e-06	8.25e-02	3.84e-01	3.51e-01	1.71e-01	1.15e-02	3.15e-04	3.37e-06	0.00e+00	0.00e+00	0.00e+00	0.00e+00	0.00e+00	0.00e+00	0.00e+00
 2.74467e+23	3.19e-06	9.17e-02	3.99e-01	3.45e-01	1.55e-01	9.52e-03	2.43e-04	2.48e-06	0.00e+00	0.00e+00	0.00e+00	0.00e+00	0.00e+00	0.00e+00	0.00e+00
 2.76412e+23	3.67e-06	1.01e-01	4.10e-01	3.39e-01	1.43e-01	8.09e-03	1.93e-04	1.89e-06	0.00e+00	0.00e+00	0.00e+00	0.00e+00	0.00e+00	0.00e+00	0.00e+00
 2.78414e+23	4.32e-06	1.12e-01	4.22e-01	3.30e-01	1.29e-01	6.59e-03	1.46e-04	1.36e-06	0.00e+00	0.00e+00	0.00e+00	0.00e+00	0.00e+00	0.00e+00	0.00e+00
 2.80448e+23	4.98e-06	1.23e-01	4.32e-01	3.22e-01	1.17e-01	5.53e-03	1.14e-04	1.03e-06	0.00e+00	0.00e+00	0.00e+00	0.00e+00	0.00e+00	0.00e+00	0.00e+00
 2.82525e+23	5.91e-06	1.37e-01	4.43e-01	3.11e-01	1.04e-01	4.42e-03	8.42e-05	7.17e-07	0.00e+00	0.00e+00	0.00e+00	0.00e+00	0.00e+00	0.00e+00	0.00e+00
 2.84590e+23	6.75e-06	1.49e-01	4.50e-01	3.02e-01	9.48e-02	3.71e-03	6.65e-05	5.45e-07	0.00e+00	0.00e+00	0.00e+00	0.00e+00	0.00e+00	0.00e+00	0.00e+00
 2.86638e+23	7.90e-06	1.65e-01	4.58e-01	2.90e-01	8.39e-02	2.97e-03	4.91e-05	3.84e-07	0.00e+00	0.00e+00	0.00e+00	0.00e+00	0.00e+00	0.00e+00	0.00e+00
 2.88722e+23	9.04e-06	1.80e-01	4.63e-01	2.79e-01	7.57e-02	2.46e-03	3.82e-05	2.87e-07	0.00e+00	0.00e+00	0.00e+00	0.00e+00	0.00e+00	0.00e+00	0.00e+00
 2.90855e+23	1.06e-05	1.99e-01	4.68e-01	2.65e-01	6.60e-02	1.93e-03	2.77e-05	1.98e-07	0.00e+00	0.00e+00	0.00e+00	0.00e+00	0.00e+00	0.00e+00	0.00e+00
 2.92979e+23	1.21e-05	2.16e-01	4.69e-01	2.54e-01	5.92e-02	1.59e-03	2.14e-05	1.47e-07	0.00e+00	0.00e+00	0.00e+00	0.00e+00	0.00e+00	0.00e+00	0.00e+00
 2.95091e+23	1.42e-05	2.38e-01	4.70e-01	2.39e-01	5.12e-02	1.24e-03	1.54e-05	0.00e+00	0.00e+00	0.00e+00	0.00e+00	0.00e+00	0.00e+00	0.00e+00	0.00e+00
 2.97200e+23	1.62e-05	2.58e-01	4.68e-01	2.28e-01	4.55e-02	1.01e-03	1.18e-05	0.00e+00	0.00e+00	0.00e+00	0.00e+00	0.00e+00	0.00e+00	0.00e+00	0.00e+00
 2.99306e+23	1.90e-05	2.84e-01	4.64e-01	2.13e-01	3.90e-02	7.77e-04	8.41e-06	0.00e+00	0.00e+00	0.00e+00	0.00e+00	0.00e+00	0.00e+00	0.00e+00	0.00e+00
 3.01408e+23	2.15e-05	3.06e-01	4.58e-01	2.01e-01	3.43e-02	6.30e-04	6.42e-06	0.00e+00	0.00e+00	0.00e+00	0.00e+00	0.00e+00	0.00e+00	0.00e+00	0.00e+00
 3.03226e+23	2.43e-05	3.29e-01	4.51e-01	1.89e-01	3.01e-02	5.09e-04	4.88e-06	0.00e+00	0.00e+00	0.00e+00	0.00e+00	0.00e+00	0.00e+00	0.00e+00	0.00e+00
 3.05312e+23	2.84e-05	3.61e-01	4.39e-01	1.74e-01	2.52e-02	3.81e-04	3.37e-06	0.00e+00	0.00e+00	0.00e+00	0.00e+00	0.00e+00	0.00e+00	0.00e+00	0.00e+00
 3.07381e+23	3.21e-05	3.88e-01	4.27e-01	1.63e-01	2.18e-02	3.03e-04	2.52e-06	0.00e+00	0.00e+00	0.00e+00	0.00e+00	0.00e+00	0.00e+00	0.00e+00	0.00e+00
 3.08420e+23	3.33e-05	3.98e-01	4.21e-01	1.60e-01	2.10e-02	2.86e-04	2.34e-06	0.00e+00	0.00e+00	0.00e+00	0.00e+00	0.00e+00	0.00e+00	0.00e+00	0.00e+00
