#depth	Ne	Ne+	Ne+2	Ne+3	Ne+4	Ne+5	Ne+6	Ne+7	Ne+8	Ne+9	Ne+10
 1.54284e+22	2.57e-19	1.63e-14	6.13e-11	3.38e-08	5.27e-06	1.90e-04	1.89e-03	1.02e-02	2.35e-01	4.87e-01	2.66e-01
 3.44158e+22	2.45e-18	1.28e-13	3.88e-10	1.69e-07	2.14e-05	6.15e-04	4.72e-03	1.87e-02	3.14e-01	4.73e-01	1.89e-01
 3.97542e+22	6.53e-18	3.13e-13	8.63e-10	3.38e-07	3.90e-05	1.01e-03	6.92e-03	2.40e-02	3.51e-01	4.58e-01	1.59e-01
 4.24370e+22	1.06e-17	4.85e-13	1.28e-09	4.76e-07	5.23e-05	1.29e-03	8.33e-03	2.70e-02	3.69e-01	4.49e-01	1.45e-01
 4.37401e+22	1.30e-17	5.87e-13	1.52e-09	5.52e-07	5.93e-05	1.43e-03	9.02e-03	2.84e-02	3.77e-01	4.45e-01	1.39e-01
 4.46596e+22	1.70e-17	7.50e-13	1.89e-09	6.68e-07	7.00e-05	1.64e-03	1.00e-02	3.04e-02	3.87e-01	4.39e-01	1.32e-01
 4.56338e+22	2.14e-17	9.26e-13	2.28e-09	7.87e-07	8.06e-05	1.85e-03	1.09e-02	3.21e-02	3.96e-01	4.33e-01	1.26e-01
 4.66789e+22	2.85e-17	1.20e-12	2.88e-09	9.65e-07	9.60e-05	2.13e-03	1.22e-02	3.44e-02	4.07e-01	4.26e-01	1.18e-01
 4.77581e+22	3.67e-17	1.52e-12	3.55e-09	1.16e-06	1.12e-04	2.43e-03	1.35e-02	3.67e-02	4.17e-01	4.19e-01	1.12e-01
 4.87042e+22	4.59e-17	1.86e-12	4.28e-09	1.36e-06	1.29e-04	2.73e-03	1.47e-02	3.87e-02	4.25e-01	4.12e-01	1.06e-01
 4.95868e+22	5.64e-17	2.25e-12	5.07e-09	1.58e-06	1.47e-04	3.03e-03	1.59e-02	4.07e-02	4.33e-01	4.06e-01	1.01e-01
 5.05636e+22	7.31e-17	2.86e-12	6.29e-09	1.90e-06	1.73e-04	3.47e-03	1.77e-02	4.34e-02	4.43e-01	3.98e-01	9.50e-02
 5.15432e+22	8.97e-17	3.46e-12	7.47e-09	2.21e-06	1.97e-04	3.87e-03	1.92e-02	4.57e-02	4.51e-01	3.90e-01	9.01e-02
 5.23972e+22	1.09e-16	4.15e-12	8.82e-09	2.55e-06	2.23e-04	4.30e-03	2.08e-02	4.80e-02	4.58e-01	3.83e-01	8.54e-02
 5.33787e+22	1.40e-16	5.24e-12	1.09e-08	3.08e-06	2.63e-04	4.93e-03	2.31e-02	5.12e-02	4.67e-01	3.74e-01	7.96e-02
 5.43682e+22	1.71e-16	6.28e-12	1.29e-08	3.56e-06	2.98e-04	5.47e-03	2.49e-02	5.37e-02	4.74e-01	3.66e-01	7.53e-02
 5.53681e+22	2.17e-16	7.90e-12	1.59e-08	4.28e-06	3.51e-04	6.28e-03	2.77e-02	5.73e-02	4.83e-01	3.55e-01	6.97e-02
 5.63808e+22	2.63e-16	9.45e-12	1.87e-08	4.94e-06	3.98e-04	6.98e-03	3.00e-02	6.02e-02	4.90e-01	3.47e-01	6.56e-02
 5.74098e+22	3.34e-16	1.18e-11	2.30e-08	5.94e-06	4.68e-04	8.01e-03	3.33e-02	6.41e-02	4.98e-01	3.36e-01	6.04e-02
 5.84592e+22	4.02e-16	1.41e-11	2.72e-08	6.88e-06	5.33e-04	8.94e-03	3.62e-02	6.75e-02	5.04e-01	3.26e-01	5.64e-02
 5.95351e+22	5.05e-16	1.76e-11	3.34e-08	8.28e-06	6.29e-04	1.03e-02	4.03e-02	7.20e-02	5.11e-01	3.14e-01	5.15e-02
 6.06313e+22	6.04e-16	2.09e-11	3.93e-08	9.58e-06	7.17e-04	1.15e-02	4.38e-02	7.58e-02	5.17e-01	3.04e-01	4.77e-02
 6.17541e+22	7.49e-16	2.59e-11	4.82e-08	1.15e-05	8.47e-04	1.33e-02	4.89e-02	8.09e-02	5.23e-01	2.90e-01	4.31e-02
 6.28885e+22	8.82e-16	3.05e-11	5.64e-08	1.33e-05	9.63e-04	1.48e-02	5.31e-02	8.51e-02	5.27e-01	2.80e-01	3.97e-02
 6.38457e+22	1.01e-15	3.51e-11	6.47e-08	1.50e-05	1.08e-03	1.64e-02	5.73e-02	8.90e-02	5.30e-01	2.70e-01	3.68e-02
 6.48868e+22	1.19e-15	4.16e-11	7.66e-08	1.76e-05	1.25e-03	1.85e-02	6.29e-02	9.42e-02	5.33e-01	2.57e-01	3.32e-02
 6.59335e+22	1.35e-15	4.73e-11	8.72e-08	1.98e-05	1.40e-03	2.04e-02	6.77e-02	9.84e-02	5.34e-01	2.47e-01	3.06e-02
 6.69550e+22	1.54e-15	5.46e-11	1.01e-07	2.28e-05	1.59e-03	2.29e-02	7.38e-02	1.04e-01	5.36e-01	2.35e-01	2.77e-02
 6.79972e+22	1.72e-15	6.16e-11	1.15e-07	2.56e-05	1.78e-03	2.52e-02	7.94e-02	1.08e-01	5.36e-01	2.25e-01	2.53e-02
 6.90198e+22	1.90e-15	6.95e-11	1.31e-07	2.90e-05	2.01e-03	2.80e-02	8.59e-02	1.13e-01	5.35e-01	2.13e-01	2.28e-02
 7.00636e+22	2.08e-15	7.74e-11	1.47e-07	3.26e-05	2.24e-03	3.09e-02	9.22e-02	1.18e-01	5.33e-01	2.02e-01	2.07e-02
 7.10934e+22	2.25e-15	8.58e-11	1.65e-07	3.65e-05	2.50e-03	3.40e-02	9.91e-02	1.23e-01	5.31e-01	1.92e-01	1.86e-02
 7.21310e+22	2.41e-15	9.43e-11	1.84e-07	4.08e-05	2.78e-03	3.74e-02	1.06e-01	1.29e-01	5.27e-01	1.81e-01	1.68e-02
 7.31564e+22	2.56e-15	1.03e-10	2.05e-07	4.53e-05	3.09e-03	4.09e-02	1.13e-01	1.34e-01	5.23e-01	1.71e-01	1.51e-02
 7.41801e+22	2.69e-15	1.12e-10	2.26e-07	5.03e-05	3.42e-03	4.46e-02	1.20e-01	1.39e-01	5.18e-01	1.62e-01	1.36e-02
 7.52050e+22	2.81e-15	1.20e-10	2.50e-07	5.57e-05	3.78e-03	4.86e-02	1.28e-01	1.43e-01	5.12e-01	1.52e-01	1.22e-02
 7.62335e+22	2.91e-15	1.29e-10	2.75e-07	6.15e-05	4.17e-03	5.29e-02	1.36e-01	1.48e-01	5.05e-01	1.43e-01	1.09e-02
 7.72672e+22	3.00e-15	1.39e-10	3.03e-07	6.80e-05	4.59e-03	5.74e-02	1.43e-01	1.53e-01	4.98e-01	1.34e-01	9.76e-03
 7.83100e+22	3.09e-15	1.49e-10	3.33e-07	7.52e-05	5.06e-03	6.22e-02	1.51e-01	1.58e-01	4.90e-01	1.26e-01	8.70e-03
 7.93641e+22	3.16e-15	1.59e-10	3.66e-07	8.32e-05	5.58e-03	6.73e-02	1.59e-01	1.62e-01	4.81e-01	1.17e-01	7.74e-03
 8.04240e+22	3.23e-15	1.70e-10	4.03e-07	9.21e-05	6.14e-03	7.27e-02	1.67e-01	1.67e-01	4.71e-01	1.09e-01	6.88e-03
 8.15009e+22	3.29e-15	1.82e-10	4.45e-07	1.02e-04	6.78e-03	7.86e-02	1.75e-01	1.71e-01	4.60e-01	1.02e-01	6.09e-03
 8.25894e+22	3.37e-15	1.95e-10	4.91e-07	1.14e-04	7.47e-03	8.47e-02	1.83e-01	1.75e-01	4.49e-01	9.46e-02	5.39e-03
 8.36994e+22	3.44e-15	2.10e-10	5.46e-07	1.27e-04	8.26e-03	9.15e-02	1.92e-01	1.79e-01	4.38e-01	8.74e-02	4.74e-03
 8.48292e+22	3.52e-15	2.26e-10	6.08e-07	1.42e-04	9.12e-03	9.85e-02	2.00e-01	1.82e-01	4.25e-01	8.08e-02	4.16e-03
 8.58647e+22	3.61e-15	2.42e-10	6.67e-07	1.56e-04	9.92e-03	1.05e-01	2.06e-01	1.85e-01	4.15e-01	7.55e-02	3.73e-03
 8.69455e+22	3.71e-15	2.63e-10	7.52e-07	1.76e-04	1.10e-02	1.13e-01	2.15e-01	1.88e-01	4.01e-01	6.91e-02	3.24e-03
 8.80449e+22	3.84e-15	2.84e-10	8.33e-07	1.95e-04	1.20e-02	1.20e-01	2.21e-01	1.90e-01	3.89e-01	6.43e-02	2.89e-03
 8.91799e+22	4.02e-15	3.15e-10	9.53e-07	2.23e-04	1.34e-02	1.30e-01	2.29e-01	1.93e-01	3.74e-01	5.85e-02	2.49e-03
 9.03170e+22	4.19e-15	3.43e-10	1.06e-06	2.47e-04	1.46e-02	1.37e-01	2.35e-01	1.94e-01	3.62e-01	5.42e-02	2.21e-03
 9.14567e+22	4.43e-15	3.83e-10	1.22e-06	2.84e-04	1.63e-02	1.48e-01	2.43e-01	1.96e-01	3.46e-01	4.91e-02	1.89e-03
 9.26011e+22	4.69e-15	4.22e-10	1.37e-06	3.16e-04	1.78e-02	1.56e-01	2.48e-01	1.96e-01	3.34e-01	4.54e-02	1.68e-03
 9.37516e+22	5.05e-15	4.78e-10	1.59e-06	3.63e-04	1.98e-02	1.67e-01	2.55e-01	1.97e-01	3.18e-01	4.10e-02	1.44e-03
 9.49147e+22	5.42e-15	5.32e-10	1.80e-06	4.06e-04	2.16e-02	1.77e-01	2.60e-01	1.97e-01	3.06e-01	3.77e-02	1.27e-03
 9.60941e+22	5.95e-15	6.11e-10	2.11e-06	4.69e-04	2.41e-02	1.89e-01	2.66e-01	1.96e-01	2.90e-01	3.38e-02	1.08e-03
 9.72896e+22	6.50e-15	6.89e-10	2.40e-06	5.27e-04	2.62e-02	1.99e-01	2.70e-01	1.95e-01	2.77e-01	3.10e-02	9.46e-04
 9.85061e+22	7.31e-15	8.06e-10	2.85e-06	6.12e-04	2.93e-02	2.12e-01	2.75e-01	1.93e-01	2.61e-01	2.76e-02	7.97e-04
 9.97453e+22	8.14e-15	9.21e-10	3.28e-06	6.90e-04	3.19e-02	2.23e-01	2.78e-01	1.91e-01	2.48e-01	2.51e-02	6.95e-04
 1.01014e+23	9.40e-15	1.10e-09	3.93e-06	8.06e-04	3.57e-02	2.38e-01	2.82e-01	1.88e-01	2.32e-01	2.22e-02	5.79e-04
 1.02313e+23	1.07e-14	1.28e-09	4.57e-06	9.13e-04	3.90e-02	2.50e-01	2.85e-01	1.86e-01	2.20e-01	2.00e-02	5.00e-04
 1.03650e+23	1.28e-14	1.55e-09	5.55e-06	1.07e-03	4.36e-02	2.66e-01	2.87e-01	1.82e-01	2.03e-01	1.75e-02	4.11e-04
 1.05012e+23	1.49e-14	1.83e-09	6.49e-06	1.22e-03	4.76e-02	2.78e-01	2.88e-01	1.78e-01	1.91e-01	1.57e-02	3.52e-04
 1.06160e+23	1.72e-14	2.13e-09	7.48e-06	1.37e-03	5.14e-02	2.89e-01	2.89e-01	1.74e-01	1.80e-01	1.42e-02	3.06e-04
 1.07405e+23	2.09e-14	2.59e-09	8.98e-06	1.58e-03	5.67e-02	3.04e-01	2.89e-01	1.69e-01	1.67e-01	1.24e-02	2.54e-04
 1.08615e+23	2.41e-14	2.99e-09	1.02e-05	1.76e-03	6.08e-02	3.15e-01	2.88e-01	1.65e-01	1.58e-01	1.13e-02	2.22e-04
 1.09778e+23	2.92e-14	3.62e-09	1.22e-05	2.01e-03	6.64e-02	3.28e-01	2.87e-01	1.60e-01	1.46e-01	9.96e-03	1.86e-04
 1.10954e+23	3.43e-14	4.21e-09	1.39e-05	2.23e-03	7.10e-02	3.39e-01	2.86e-01	1.56e-01	1.38e-01	9.03e-03	1.62e-04
 1.12145e+23	4.23e-14	5.13e-09	1.65e-05	2.55e-03	7.73e-02	3.52e-01	2.83e-01	1.50e-01	1.27e-01	7.91e-03	1.35e-04
 1.13354e+23	5.02e-14	6.00e-09	1.89e-05	2.82e-03	8.26e-02	3.62e-01	2.81e-01	1.45e-01	1.19e-01	7.12e-03	1.17e-04
 1.14586e+23	6.30e-14	7.39e-09	2.27e-05	3.23e-03	8.99e-02	3.76e-01	2.77e-01	1.39e-01	1.09e-01	6.19e-03	9.65e-05
 1.15837e+23	7.58e-14	8.71e-09	2.60e-05	3.58e-03	9.58e-02	3.86e-01	2.74e-01	1.34e-01	1.02e-01	5.54e-03	8.31e-05
 1.17112e+23	9.67e-14	1.08e-08	3.12e-05	4.10e-03	1.04e-01	3.98e-01	2.69e-01	1.27e-01	9.23e-02	4.78e-03	6.79e-05
 1.18410e+23	1.18e-13	1.28e-08	3.59e-05	4.54e-03	1.11e-01	4.08e-01	2.65e-01	1.22e-01	8.56e-02	4.25e-03	5.80e-05
 1.19739e+23	1.53e-13	1.61e-08	4.33e-05	5.20e-03	1.20e-01	4.20e-01	2.58e-01	1.15e-01	7.72e-02	3.63e-03	4.68e-05
 1.21095e+23	1.88e-13	1.92e-08	5.01e-05	5.78e-03	1.28e-01	4.29e-01	2.53e-01	1.10e-01	7.11e-02	3.20e-03	3.95e-05
 1.22489e+23	2.48e-13	2.43e-08	6.06e-05	6.62e-03	1.39e-01	4.39e-01	2.46e-01	1.03e-01	6.36e-02	2.70e-03	3.16e-05
 1.23921e+23	3.11e-13	2.94e-08	7.05e-05	7.38e-03	1.47e-01	4.47e-01	2.40e-01	9.77e-02	5.81e-02	2.36e-03	2.63e-05
 1.25403e+23	4.18e-13	3.77e-08	8.59e-05	8.47e-03	1.59e-01	4.57e-01	2.31e-01	9.08e-02	5.14e-02	1.96e-03	2.06e-05
 1.26900e+23	5.25e-13	4.56e-08	9.97e-05	9.40e-03	1.69e-01	4.63e-01	2.24e-01	8.55e-02	4.67e-02	1.71e-03	1.71e-05
 1.28414e+23	7.13e-13	5.86e-08	1.22e-04	1.08e-02	1.82e-01	4.71e-01	2.15e-01	7.89e-02	4.11e-02	1.41e-03	1.33e-05
 1.29944e+23	8.99e-13	7.09e-08	1.41e-04	1.19e-02	1.93e-01	4.75e-01	2.08e-01	7.40e-02	3.72e-02	1.22e-03	1.10e-05
 1.31496e+23	1.22e-12	9.13e-08	1.71e-04	1.36e-02	2.07e-01	4.81e-01	1.98e-01	6.79e-02	3.24e-02	9.98e-04	8.47e-06
 1.33076e+23	1.56e-12	1.11e-07	1.99e-04	1.51e-02	2.18e-01	4.84e-01	1.90e-01	6.32e-02	2.91e-02	8.54e-04	6.91e-06
 1.34474e+23	1.98e-12	1.35e-07	2.31e-04	1.67e-02	2.30e-01	4.86e-01	1.82e-01	5.88e-02	2.61e-02	7.29e-04	5.62e-06
 1.36072e+23	2.70e-12	1.73e-07	2.80e-04	1.89e-02	2.45e-01	4.87e-01	1.72e-01	5.35e-02	2.26e-02	5.94e-04	4.31e-06
 1.37700e+23	3.48e-12	2.12e-07	3.27e-04	2.10e-02	2.57e-01	4.88e-01	1.64e-01	4.94e-02	2.01e-02	5.01e-04	3.45e-06
 1.39021e+23	4.29e-12	2.51e-07	3.71e-04	2.28e-02	2.68e-01	4.87e-01	1.57e-01	4.62e-02	1.82e-02	4.34e-04	2.87e-06
 1.40391e+23	5.49e-12	3.06e-07	4.30e-04	2.51e-02	2.81e-01	4.86e-01	1.49e-01	4.25e-02	1.61e-02	3.66e-04	2.30e-06
 1.41831e+23	6.86e-12	3.65e-07	4.92e-04	2.74e-02	2.92e-01	4.84e-01	1.42e-01	3.94e-02	1.44e-02	3.14e-04	1.88e-06
 1.43153e+23	8.52e-12	4.34e-07	5.59e-04	2.98e-02	3.03e-01	4.81e-01	1.36e-01	3.66e-02	1.30e-02	2.69e-04	1.55e-06
 1.44661e+23	1.12e-11	5.38e-07	6.56e-04	3.30e-02	3.18e-01	4.77e-01	1.27e-01	3.33e-02	1.13e-02	2.22e-04	1.21e-06
 1.46210e+23	1.42e-11	6.52e-07	7.57e-04	3.61e-02	3.31e-01	4.72e-01	1.20e-01	3.05e-02	9.97e-03	1.86e-04	9.63e-07
 1.47572e+23	1.77e-11	7.73e-07	8.59e-04	3.91e-02	3.42e-01	4.67e-01	1.14e-01	2.82e-02	8.91e-03	1.59e-04	7.86e-07
 1.49102e+23	2.31e-11	9.54e-07	1.00e-03	4.30e-02	3.56e-01	4.60e-01	1.06e-01	2.55e-02	7.72e-03	1.30e-04	6.10e-07
 1.50702e+23	2.96e-11	1.16e-06	1.16e-03	4.70e-02	3.69e-01	4.53e-01	9.97e-02	2.32e-02	6.76e-03	1.08e-04	4.81e-07
 1.52146e+23	3.69e-11	1.38e-06	1.32e-03	5.09e-02	3.81e-01	4.46e-01	9.38e-02	2.13e-02	5.98e-03	9.13e-05	3.87e-07
 1.53776e+23	4.88e-11	1.72e-06	1.54e-03	5.61e-02	3.95e-01	4.36e-01	8.67e-02	1.90e-02	5.12e-03	7.36e-05	2.94e-07
 1.55462e+23	6.26e-11	2.09e-06	1.78e-03	6.11e-02	4.08e-01	4.27e-01	8.07e-02	1.72e-02	4.44e-03	6.06e-05	2.29e-07
 1.56965e+23	7.88e-11	2.50e-06	2.02e-03	6.60e-02	4.19e-01	4.18e-01	7.53e-02	1.57e-02	3.89e-03	5.05e-05	1.82e-07
 1.58667e+23	1.05e-10	3.13e-06	2.38e-03	7.28e-02	4.33e-01	4.06e-01	6.88e-02	1.38e-02	3.28e-03	3.99e-05	1.35e-07
 1.60425e+23	1.35e-10	3.80e-06	2.74e-03	7.89e-02	4.45e-01	3.95e-01	6.36e-02	1.24e-02	2.83e-03	3.26e-05	0.00e+00
 1.62255e+23	1.84e-10	4.82e-06	3.25e-03	8.72e-02	4.58e-01	3.81e-01	5.75e-02	1.09e-02	2.35e-03	2.53e-05	0.00e+00
 1.64120e+23	2.37e-10	5.87e-06	3.74e-03	9.45e-02	4.69e-01	3.68e-01	5.27e-02	9.71e-03	2.01e-03	2.04e-05	0.00e+00
 1.65770e+23	3.03e-10	7.09e-06	4.28e-03	1.02e-01	4.79e-01	3.56e-01	4.84e-02	8.69e-03	1.72e-03	1.66e-05	0.00e+00
 1.67657e+23	4.13e-10	9.00e-06	5.07e-03	1.12e-01	4.90e-01	3.40e-01	4.33e-02	7.53e-03	1.41e-03	1.27e-05	0.00e+00
 1.69575e+23	5.36e-10	1.10e-05	5.83e-03	1.21e-01	4.99e-01	3.26e-01	3.93e-02	6.66e-03	1.19e-03	1.01e-05	0.00e+00
 1.71274e+23	6.82e-10	1.32e-05	6.65e-03	1.30e-01	5.07e-01	3.13e-01	3.59e-02	5.93e-03	1.02e-03	8.10e-06	0.00e+00
 1.73225e+23	9.37e-10	1.69e-05	7.88e-03	1.43e-01	5.15e-01	2.96e-01	3.17e-02	5.07e-03	8.20e-04	6.07e-06	0.00e+00
 1.75199e+23	1.21e-09	2.05e-05	9.02e-03	1.54e-01	5.21e-01	2.82e-01	2.85e-02	4.47e-03	6.88e-04	4.80e-06	0.00e+00
 1.77204e+23	1.65e-09	2.60e-05	1.06e-02	1.67e-01	5.27e-01	2.65e-01	2.51e-02	3.81e-03	5.53e-04	3.58e-06	0.00e+00
 1.79250e+23	2.15e-09	3.17e-05	1.22e-02	1.80e-01	5.31e-01	2.51e-01	2.24e-02	3.32e-03	4.58e-04	2.78e-06	0.00e+00
 1.81071e+23	2.78e-09	3.85e-05	1.39e-02	1.92e-01	5.33e-01	2.37e-01	2.00e-02	2.90e-03	3.80e-04	2.17e-06	0.00e+00
 1.83161e+23	3.82e-09	4.90e-05	1.65e-02	2.09e-01	5.35e-01	2.20e-01	1.73e-02	2.44e-03	3.00e-04	1.58e-06	0.00e+00
 1.85285e+23	4.97e-09	5.96e-05	1.88e-02	2.23e-01	5.34e-01	2.06e-01	1.53e-02	2.11e-03	2.46e-04	1.21e-06	0.00e+00
 1.87455e+23	6.91e-09	7.64e-05	2.22e-02	2.41e-01	5.32e-01	1.89e-01	1.30e-02	1.75e-03	1.90e-04	8.64e-07	0.00e+00
 1.89646e+23	8.95e-09	9.28e-05	2.53e-02	2.56e-01	5.29e-01	1.76e-01	1.15e-02	1.50e-03	1.55e-04	6.58e-07	0.00e+00
 1.91551e+23	1.15e-08	1.12e-04	2.87e-02	2.71e-01	5.24e-01	1.64e-01	1.01e-02	1.30e-03	1.27e-04	5.04e-07	0.00e+00
 1.93377e+23	1.45e-08	1.33e-04	3.22e-02	2.85e-01	5.19e-01	1.53e-01	8.93e-03	1.13e-03	1.05e-04	3.92e-07	0.00e+00
 1.95117e+23	1.80e-08	1.56e-04	3.59e-02	2.99e-01	5.13e-01	1.43e-01	7.94e-03	9.84e-04	8.71e-05	3.08e-07	0.00e+00
 1.97079e+23	2.41e-08	1.94e-04	4.13e-02	3.17e-01	5.04e-01	1.30e-01	6.77e-03	8.20e-04	6.79e-05	2.22e-07	0.00e+00
 1.99019e+23	2.97e-08	2.26e-04	4.57e-02	3.31e-01	4.96e-01	1.21e-01	6.01e-03	7.15e-04	5.65e-05	1.74e-07	0.00e+00
 2.00929e+23	3.88e-08	2.75e-04	5.20e-02	3.48e-01	4.84e-01	1.10e-01	5.14e-03	6.00e-04	4.45e-05	1.28e-07	0.00e+00
 2.02896e+23	4.86e-08	3.24e-04	5.78e-02	3.62e-01	4.73e-01	1.01e-01	4.50e-03	5.15e-04	3.62e-05	0.00e+00	0.00e+00
 2.04937e+23	6.42e-08	3.98e-04	6.59e-02	3.80e-01	4.59e-01	9.11e-02	3.79e-03	4.25e-04	2.79e-05	0.00e+00	0.00e+00
 2.06993e+23	8.02e-08	4.68e-04	7.32e-02	3.94e-01	4.46e-01	8.32e-02	3.29e-03	3.62e-04	2.26e-05	0.00e+00	0.00e+00
 2.09067e+23	1.06e-07	5.72e-04	8.31e-02	4.10e-01	4.29e-01	7.41e-02	2.75e-03	2.96e-04	1.72e-05	0.00e+00	0.00e+00
 2.11166e+23	1.32e-07	6.73e-04	9.19e-02	4.23e-01	4.14e-01	6.72e-02	2.37e-03	2.50e-04	1.38e-05	0.00e+00	0.00e+00
 2.12849e+23	1.59e-07	7.67e-04	9.98e-02	4.34e-01	4.02e-01	6.18e-02	2.10e-03	2.18e-04	1.14e-05	0.00e+00	0.00e+00
 2.14586e+23	1.97e-07	8.98e-04	1.10e-01	4.46e-01	3.86e-01	5.58e-02	1.80e-03	1.83e-04	9.09e-06	0.00e+00	0.00e+00
 2.16365e+23	2.37e-07	1.03e-03	1.19e-01	4.55e-01	3.72e-01	5.10e-02	1.58e-03	1.58e-04	7.47e-06	0.00e+00	0.00e+00
 2.17950e+23	2.83e-07	1.16e-03	1.29e-01	4.63e-01	3.58e-01	4.66e-02	1.38e-03	1.36e-04	6.15e-06	0.00e+00	0.00e+00
 2.19764e+23	3.53e-07	1.36e-03	1.42e-01	4.73e-01	3.41e-01	4.15e-02	1.17e-03	1.13e-04	4.82e-06	0.00e+00	0.00e+00
 2.21600e+23	4.23e-07	1.55e-03	1.53e-01	4.80e-01	3.26e-01	3.76e-02	1.02e-03	9.65e-05	3.91e-06	0.00e+00	0.00e+00
 2.23211e+23	5.05e-07	1.76e-03	1.65e-01	4.86e-01	3.12e-01	3.40e-02	8.88e-04	8.25e-05	3.19e-06	0.00e+00	0.00e+00
 2.25053e+23	6.25e-07	2.04e-03	1.80e-01	4.93e-01	2.94e-01	3.00e-02	7.47e-04	6.78e-05	2.47e-06	0.00e+00	0.00e+00
 2.26927e+23	7.49e-07	2.32e-03	1.94e-01	4.97e-01	2.79e-01	2.69e-02	6.44e-04	5.72e-05	1.98e-06	0.00e+00	0.00e+00
 2.28577e+23	8.90e-07	2.62e-03	2.08e-01	5.00e-01	2.65e-01	2.42e-02	5.56e-04	4.84e-05	1.60e-06	0.00e+00	0.00e+00
 2.30459e+23	1.10e-06	3.03e-03	2.26e-01	5.02e-01	2.47e-01	2.11e-02	4.63e-04	3.93e-05	1.22e-06	0.00e+00	0.00e+00
 2.32371e+23	1.31e-06	3.43e-03	2.42e-01	5.03e-01	2.32e-01	1.87e-02	3.96e-04	3.28e-05	9.73e-07	0.00e+00	0.00e+00
 2.34064e+23	1.56e-06	3.85e-03	2.59e-01	5.02e-01	2.18e-01	1.66e-02	3.39e-04	2.74e-05	7.76e-07	0.00e+00	0.00e+00
 2.36008e+23	1.92e-06	4.45e-03	2.80e-01	5.00e-01	2.01e-01	1.43e-02	2.78e-04	2.19e-05	5.83e-07	0.00e+00	0.00e+00
 2.37984e+23	2.28e-06	5.01e-03	2.98e-01	4.97e-01	1.87e-01	1.25e-02	2.35e-04	1.80e-05	4.56e-07	0.00e+00	0.00e+00
 2.40002e+23	2.82e-06	5.78e-03	3.22e-01	4.91e-01	1.70e-01	1.06e-02	1.91e-04	1.41e-05	3.36e-07	0.00e+00	0.00e+00
 2.42045e+23	3.36e-06	6.51e-03	3.42e-01	4.85e-01	1.57e-01	9.22e-03	1.59e-04	1.15e-05	2.60e-07	0.00e+00	0.00e+00
 2.44120e+23	4.14e-06	7.48e-03	3.67e-01	4.76e-01	1.42e-01	7.73e-03	1.28e-04	8.84e-06	1.89e-07	0.00e+00	0.00e+00
 2.46232e+23	4.94e-06	8.41e-03	3.89e-01	4.66e-01	1.29e-01	6.62e-03	1.06e-04	7.08e-06	1.43e-07	0.00e+00	0.00e+00
 2.48395e+23	6.10e-06	9.66e-03	4.16e-01	4.53e-01	1.15e-01	5.46e-03	8.35e-05	5.36e-06	0.00e+00	0.00e+00	0.00e+00
 2.50596e+23	7.27e-06	1.08e-02	4.40e-01	4.41e-01	1.04e-01	4.62e-03	6.80e-05	4.21e-06	0.00e+00	0.00e+00	0.00e+00
 2.52552e+23	8.61e-06	1.21e-02	4.62e-01	4.28e-01	9.37e-02	3.91e-03	5.57e-05	3.33e-06	0.00e+00	0.00e+00	0.00e+00
 2.54799e+23	1.06e-05	1.38e-02	4.91e-01	4.10e-01	8.19e-02	3.17e-03	4.32e-05	2.46e-06	0.00e+00	0.00e+00	0.00e+00
 2.56772e+23	1.21e-05	1.51e-02	5.08e-01	3.99e-01	7.50e-02	2.75e-03	3.66e-05	2.02e-06	0.00e+00	0.00e+00	0.00e+00
 2.58391e+23	1.39e-05	1.65e-02	5.28e-01	3.85e-01	6.79e-02	2.36e-03	3.05e-05	1.63e-06	0.00e+00	0.00e+00	0.00e+00
 2.60082e+23	1.57e-05	1.78e-02	5.45e-01	3.73e-01	6.20e-02	2.05e-03	2.59e-05	1.33e-06	0.00e+00	0.00e+00	0.00e+00
 2.61869e+23	1.84e-05	1.96e-02	5.67e-01	3.57e-01	5.50e-02	1.71e-03	2.10e-05	1.04e-06	0.00e+00	0.00e+00	0.00e+00
 2.63648e+23	2.08e-05	2.13e-02	5.84e-01	3.43e-01	4.98e-02	1.48e-03	1.76e-05	8.41e-07	0.00e+00	0.00e+00	0.00e+00
 2.65418e+23	2.41e-05	2.33e-02	6.04e-01	3.27e-01	4.41e-02	1.23e-03	1.43e-05	6.54e-07	0.00e+00	0.00e+00	0.00e+00
 2.67224e+23	2.74e-05	2.52e-02	6.21e-01	3.13e-01	3.95e-02	1.05e-03	1.19e-05	5.23e-07	0.00e+00	0.00e+00	0.00e+00
 2.68837e+23	3.10e-05	2.72e-02	6.37e-01	2.99e-01	3.55e-02	8.99e-04	9.92e-06	4.21e-07	0.00e+00	0.00e+00	0.00e+00
 2.70690e+23	3.61e-05	2.98e-02	6.56e-01	2.82e-01	3.09e-02	7.35e-04	7.88e-06	3.18e-07	0.00e+00	0.00e+00	0.00e+00
 2.72565e+23	4.09e-05	3.21e-02	6.72e-01	2.68e-01	2.75e-02	6.21e-04	6.49e-06	2.52e-07	0.00e+00	0.00e+00	0.00e+00
 2.74467e+23	4.75e-05	3.51e-02	6.90e-01	2.51e-01	2.37e-02	5.05e-04	5.12e-06	1.89e-07	0.00e+00	0.00e+00	0.00e+00
 2.76412e+23	5.43e-05	3.80e-02	7.05e-01	2.36e-01	2.08e-02	4.19e-04	4.14e-06	1.46e-07	0.00e+00	0.00e+00	0.00e+00
 2.78414e+23	6.34e-05	4.17e-02	7.21e-01	2.19e-01	1.77e-02	3.35e-04	3.21e-06	0.00e+00	0.00e+00	0.00e+00	0.00e+00
 2.80448e+23	7.27e-05	4.51e-02	7.35e-01	2.04e-01	1.53e-02	2.74e-04	2.56e-06	0.00e+00	0.00e+00	0.00e+00	0.00e+00
 2.82525e+23	8.58e-05	4.96e-02	7.50e-01	1.87e-01	1.28e-02	2.14e-04	1.93e-06	0.00e+00	0.00e+00	0.00e+00	0.00e+00
 2.84590e+23	9.78e-05	5.35e-02	7.61e-01	1.74e-01	1.10e-02	1.76e-04	1.54e-06	0.00e+00	0.00e+00	0.00e+00	0.00e+00
 2.86638e+23	1.14e-04	5.84e-02	7.73e-01	1.59e-01	9.19e-03	1.38e-04	1.17e-06	0.00e+00	0.00e+00	0.00e+00	0.00e+00
 2.88722e+23	1.31e-04	6.30e-02	7.83e-01	1.46e-01	7.86e-03	1.12e-04	9.23e-07	0.00e+00	0.00e+00	0.00e+00	0.00e+00
 2.90855e+23	1.54e-04	6.90e-02	7.93e-01	1.32e-01	6.42e-03	8.58e-05	6.84e-07	0.00e+00	0.00e+00	0.00e+00	0.00e+00
 2.92979e+23	1.77e-04	7.44e-02	7.99e-01	1.21e-01	5.44e-03	6.93e-05	5.36e-07	0.00e+00	0.00e+00	0.00e+00	0.00e+00
 2.95091e+23	2.09e-04	8.13e-02	8.06e-01	1.08e-01	4.40e-03	5.27e-05	3.93e-07	0.00e+00	0.00e+00	0.00e+00	0.00e+00
 2.97200e+23	2.40e-04	8.76e-02	8.11e-01	9.78e-02	3.70e-03	4.22e-05	3.05e-07	0.00e+00	0.00e+00	0.00e+00	0.00e+00
 2.99306e+23	2.85e-04	9.57e-02	8.15e-01	8.65e-02	2.96e-03	3.19e-05	2.21e-07	0.00e+00	0.00e+00	0.00e+00	0.00e+00
 3.01408e+23	3.28e-04	1.03e-01	8.16e-01	7.79e-02	2.46e-03	2.53e-05	1.70e-07	0.00e+00	0.00e+00	0.00e+00	0.00e+00
 3.03226e+23	3.77e-04	1.10e-01	8.17e-01	7.01e-02	2.05e-03	2.01e-05	1.31e-07	0.00e+00	0.00e+00	0.00e+00	0.00e+00
 3.05312e+23	4.50e-04	1.20e-01	8.17e-01	6.09e-02	1.60e-03	1.49e-05	0.00e+00	0.00e+00	0.00e+00	0.00e+00	0.00e+00
 3.07381e+23	5.23e-04	1.29e-01	8.15e-01	5.40e-02	1.31e-03	1.17e-05	0.00e+00	0.00e+00	0.00e+00	0.00e+00	0.00e+00
 3.08420e+23	5.53e-04	1.32e-01	8.14e-01	5.23e-02	1.25e-03	1.09e-05	0.00e+00	0.00e+00	0.00e+00	0.00e+00	0.00e+00
