#depth	He	He+	He+2
 1.54284e+22	4.54e-09	1.15e-04	1.00e+00
 3.44158e+22	7.03e-09	1.63e-04	1.00e+00
 3.97542e+22	8.54e-09	1.90e-04	1.00e+00
 4.24370e+22	9.40e-09	2.05e-04	1.00e+00
 4.37401e+22	9.80e-09	2.12e-04	1.00e+00
 4.46596e+22	1.03e-08	2.22e-04	1.00e+00
 4.56338e+22	1.08e-08	2.30e-04	1.00e+00
 4.66789e+22	1.15e-08	2.41e-04	1.00e+00
 4.77581e+22	1.20e-08	2.52e-04	1.00e+00
 4.87042e+22	1.26e-08	2.62e-04	1.00e+00
 4.95868e+22	1.31e-08	2.71e-04	1.00e+00
 5.05636e+22	1.38e-08	2.84e-04	1.00e+00
 5.15432e+22	1.43e-08	2.95e-04	1.00e+00
 5.23972e+22	1.49e-08	3.07e-04	1.00e+00
 5.33787e+22	1.56e-08	3.22e-04	1.00e+00
 5.43682e+22	1.62e-08	3.35e-04	1.00e+00
 5.53681e+22	1.69e-08	3.53e-04	1.00e+00
 5.63808e+22	1.75e-08	3.67e-04	1.00e+00
 5.74098e+22	1.83e-08	3.87e-04	1.00e+00
 5.84592e+22	1.89e-08	4.04e-04	1.00e+00
 5.95351e+22	1.96e-08	4.28e-04	1.00e+00
 6.06313e+22	2.02e-08	4.49e-04	1.00e+00
 6.17541e+22	2.09e-08	4.77e-04	1.00e+00
 6.28885e+22	2.14e-08	5.01e-04	9.99e-01
 6.38457e+22	2.18e-08	5.24e-04	9.99e-01
 6.48868e+22	2.23e-08	5.55e-04	9.99e-01
 6.59335e+22	2.26e-08	5.81e-04	9.99e-01
 6.69550e+22	2.30e-08	6.14e-04	9.99e-01
 6.79972e+22	2.32e-08	6.44e-04	9.99e-01
 6.90198e+22	2.34e-08	6.80e-04	9.99e-01
 7.00636e+22	2.36e-08	7.16e-04	9.99e-01
 7.10934e+22	2.37e-08	7.55e-04	9.99e-01
 7.21310e+22	2.38e-08	7.95e-04	9.99e-01
 7.31564e+22	2.38e-08	8.37e-04	9.99e-01
 7.41801e+22	2.39e-08	8.81e-04	9.99e-01
 7.52050e+22	2.40e-08	9.27e-04	9.99e-01
 7.62335e+22	2.42e-08	9.76e-04	9.99e-01
 7.72672e+22	2.44e-08	1.03e-03	9.99e-01
 7.83100e+22	2.47e-08	1.08e-03	9.99e-01
 7.93641e+22	2.50e-08	1.14e-03	9.99e-01
 8.04240e+22	2.55e-08	1.20e-03	9.99e-01
 8.15009e+22	2.62e-08	1.26e-03	9.99e-01
 8.25894e+22	2.70e-08	1.33e-03	9.99e-01
 8.36994e+22	2.81e-08	1.40e-03	9.99e-01
 8.48292e+22	2.94e-08	1.48e-03	9.99e-01
 8.58647e+22	3.06e-08	1.54e-03	9.98e-01
 8.69455e+22	3.24e-08	1.63e-03	9.98e-01
 8.80449e+22	3.42e-08	1.71e-03	9.98e-01
 8.91799e+22	3.68e-08	1.81e-03	9.98e-01
 9.03170e+22	3.90e-08	1.89e-03	9.98e-01
 9.14567e+22	4.24e-08	2.00e-03	9.98e-01
 9.26011e+22	4.53e-08	2.09e-03	9.98e-01
 9.37516e+22	4.95e-08	2.21e-03	9.98e-01
 9.49147e+22	5.32e-08	2.31e-03	9.98e-01
 9.60941e+22	5.86e-08	2.44e-03	9.98e-01
 9.72896e+22	6.33e-08	2.55e-03	9.97e-01
 9.85061e+22	7.02e-08	2.70e-03	9.97e-01
 9.97453e+22	7.62e-08	2.82e-03	9.97e-01
 1.01014e+23	8.50e-08	3.00e-03	9.97e-01
 1.02313e+23	9.27e-08	3.14e-03	9.97e-01
 1.03650e+23	1.04e-07	3.34e-03	9.97e-01
 1.05012e+23	1.14e-07	3.50e-03	9.97e-01
 1.06160e+23	1.24e-07	3.65e-03	9.96e-01
 1.07405e+23	1.38e-07	3.86e-03	9.96e-01
 1.08615e+23	1.49e-07	4.01e-03	9.96e-01
 1.09778e+23	1.65e-07	4.23e-03	9.96e-01
 1.10954e+23	1.78e-07	4.39e-03	9.96e-01
 1.12145e+23	1.97e-07	4.63e-03	9.95e-01
 1.13354e+23	2.13e-07	4.81e-03	9.95e-01
 1.14586e+23	2.36e-07	5.08e-03	9.95e-01
 1.15837e+23	2.56e-07	5.28e-03	9.95e-01
 1.17112e+23	2.85e-07	5.58e-03	9.94e-01
 1.18410e+23	3.09e-07	5.81e-03	9.94e-01
 1.19739e+23	3.46e-07	6.15e-03	9.94e-01
 1.21095e+23	3.77e-07	6.42e-03	9.94e-01
 1.22489e+23	4.23e-07	6.80e-03	9.93e-01
 1.23921e+23	4.63e-07	7.12e-03	9.93e-01
 1.25403e+23	5.22e-07	7.56e-03	9.92e-01
 1.26900e+23	5.72e-07	7.92e-03	9.92e-01
 1.28414e+23	6.46e-07	8.42e-03	9.92e-01
 1.29944e+23	7.09e-07	8.81e-03	9.91e-01
 1.31496e+23	8.02e-07	9.38e-03	9.91e-01
 1.33076e+23	8.82e-07	9.83e-03	9.90e-01
 1.34474e+23	9.71e-07	1.03e-02	9.90e-01
 1.36072e+23	1.10e-06	1.10e-02	9.89e-01
 1.37700e+23	1.22e-06	1.15e-02	9.88e-01
 1.39021e+23	1.32e-06	1.20e-02	9.88e-01
 1.40391e+23	1.46e-06	1.27e-02	9.87e-01
 1.41831e+23	1.60e-06	1.32e-02	9.87e-01
 1.43153e+23	1.74e-06	1.38e-02	9.86e-01
 1.44661e+23	1.95e-06	1.46e-02	9.85e-01
 1.46210e+23	2.15e-06	1.53e-02	9.85e-01
 1.47572e+23	2.35e-06	1.60e-02	9.84e-01
 1.49102e+23	2.62e-06	1.69e-02	9.83e-01
 1.50702e+23	2.90e-06	1.78e-02	9.82e-01
 1.52146e+23	3.18e-06	1.86e-02	9.81e-01
 1.53776e+23	3.57e-06	1.97e-02	9.80e-01
 1.55462e+23	3.96e-06	2.08e-02	9.79e-01
 1.56965e+23	4.37e-06	2.18e-02	9.78e-01
 1.58667e+23	4.94e-06	2.32e-02	9.77e-01
 1.60425e+23	5.49e-06	2.44e-02	9.76e-01
 1.62255e+23	6.26e-06	2.61e-02	9.74e-01
 1.64120e+23	6.99e-06	2.75e-02	9.72e-01
 1.65770e+23	7.76e-06	2.90e-02	9.71e-01
 1.67657e+23	8.89e-06	3.10e-02	9.69e-01
 1.69575e+23	9.96e-06	3.28e-02	9.67e-01
 1.71274e+23	1.11e-05	3.46e-02	9.65e-01
 1.73225e+23	1.27e-05	3.70e-02	9.63e-01
 1.75199e+23	1.43e-05	3.92e-02	9.61e-01
 1.77204e+23	1.64e-05	4.19e-02	9.58e-01
 1.79250e+23	1.85e-05	4.44e-02	9.56e-01
 1.81071e+23	2.08e-05	4.71e-02	9.53e-01
 1.83161e+23	2.41e-05	5.05e-02	9.49e-01
 1.85285e+23	2.71e-05	5.36e-02	9.46e-01
 1.87455e+23	3.16e-05	5.77e-02	9.42e-01
 1.89646e+23	3.57e-05	6.12e-02	9.39e-01
 1.91551e+23	4.01e-05	6.48e-02	9.35e-01
 1.93377e+23	4.47e-05	6.83e-02	9.32e-01
 1.95117e+23	4.96e-05	7.18e-02	9.28e-01
 1.97079e+23	5.70e-05	7.67e-02	9.23e-01
 1.99019e+23	6.30e-05	8.05e-02	9.19e-01
 2.00929e+23	7.17e-05	8.56e-02	9.14e-01
 2.02896e+23	7.99e-05	9.02e-02	9.10e-01
 2.04937e+23	9.16e-05	9.63e-02	9.04e-01
 2.06993e+23	1.02e-04	1.01e-01	8.98e-01
 2.09067e+23	1.17e-04	1.08e-01	8.92e-01
 2.11166e+23	1.31e-04	1.14e-01	8.86e-01
 2.12849e+23	1.43e-04	1.19e-01	8.81e-01
 2.14586e+23	1.60e-04	1.25e-01	8.75e-01
 2.16365e+23	1.76e-04	1.31e-01	8.69e-01
 2.17950e+23	1.92e-04	1.36e-01	8.63e-01
 2.19764e+23	2.15e-04	1.44e-01	8.56e-01
 2.21600e+23	2.36e-04	1.50e-01	8.50e-01
 2.23211e+23	2.59e-04	1.57e-01	8.43e-01
 2.25053e+23	2.89e-04	1.65e-01	8.35e-01
 2.26927e+23	3.18e-04	1.72e-01	8.28e-01
 2.28577e+23	3.48e-04	1.79e-01	8.20e-01
 2.30459e+23	3.90e-04	1.89e-01	8.11e-01
 2.32371e+23	4.28e-04	1.97e-01	8.03e-01
 2.34064e+23	4.69e-04	2.05e-01	7.95e-01
 2.36008e+23	5.26e-04	2.15e-01	7.84e-01
 2.37984e+23	5.78e-04	2.24e-01	7.75e-01
 2.40002e+23	6.49e-04	2.36e-01	7.63e-01
 2.42045e+23	7.15e-04	2.46e-01	7.53e-01
 2.44120e+23	8.04e-04	2.59e-01	7.40e-01
 2.46232e+23	8.87e-04	2.70e-01	7.29e-01
 2.48395e+23	1.00e-03	2.84e-01	7.15e-01
 2.50596e+23	1.10e-03	2.96e-01	7.03e-01
 2.52552e+23	1.22e-03	3.08e-01	6.90e-01
 2.54799e+23	1.37e-03	3.24e-01	6.75e-01
 2.56772e+23	1.48e-03	3.34e-01	6.64e-01
 2.58391e+23	1.61e-03	3.45e-01	6.53e-01
 2.60082e+23	1.73e-03	3.56e-01	6.43e-01
 2.61869e+23	1.90e-03	3.69e-01	6.29e-01
 2.63648e+23	2.04e-03	3.80e-01	6.18e-01
 2.65418e+23	2.23e-03	3.94e-01	6.04e-01
 2.67224e+23	2.41e-03	4.06e-01	5.92e-01
 2.68837e+23	2.60e-03	4.18e-01	5.80e-01
 2.70690e+23	2.85e-03	4.33e-01	5.64e-01
 2.72565e+23	3.07e-03	4.46e-01	5.51e-01
 2.74467e+23	3.37e-03	4.62e-01	5.35e-01
 2.76412e+23	3.66e-03	4.76e-01	5.20e-01
 2.78414e+23	4.03e-03	4.94e-01	5.02e-01
 2.80448e+23	4.39e-03	5.09e-01	4.86e-01
 2.82525e+23	4.86e-03	5.28e-01	4.67e-01
 2.84590e+23	5.27e-03	5.44e-01	4.51e-01
 2.86638e+23	5.82e-03	5.63e-01	4.31e-01
 2.88722e+23	6.33e-03	5.80e-01	4.14e-01
 2.90855e+23	7.02e-03	6.00e-01	3.93e-01
 2.92979e+23	7.64e-03	6.17e-01	3.75e-01
 2.95091e+23	8.48e-03	6.38e-01	3.54e-01
 2.97200e+23	9.24e-03	6.55e-01	3.35e-01
 2.99306e+23	1.03e-02	6.76e-01	3.13e-01
 3.01408e+23	1.12e-02	6.94e-01	2.95e-01
 3.03226e+23	1.22e-02	7.10e-01	2.78e-01
 3.05312e+23	1.36e-02	7.31e-01	2.56e-01
 3.07381e+23	1.49e-02	7.47e-01	2.38e-01
 3.08420e+23	1.55e-02	7.52e-01	2.32e-01
