#depth	N	N+	N+2	N+3	N+4	N+5	N+6	N+7
 1.54284e+22	1.62e-17	1.26e-12	2.67e-09	5.41e-07	3.01e-05	1.23e-02	2.13e-01	7.74e-01
 3.44158e+22	1.41e-16	8.19e-12	1.29e-08	1.89e-06	7.31e-05	2.13e-02	2.69e-01	7.10e-01
 3.97542e+22	3.60e-16	1.83e-11	2.54e-08	3.24e-06	1.08e-04	2.71e-02	2.95e-01	6.77e-01
 4.24370e+22	5.70e-16	2.73e-11	3.55e-08	4.23e-06	1.30e-04	3.04e-02	3.09e-01	6.60e-01
 4.37401e+22	6.95e-16	3.24e-11	4.10e-08	4.74e-06	1.41e-04	3.20e-02	3.15e-01	6.53e-01
 4.46596e+22	9.03e-16	4.06e-11	4.96e-08	5.52e-06	1.58e-04	3.42e-02	3.23e-01	6.43e-01
 4.56338e+22	1.13e-15	4.93e-11	5.85e-08	6.29e-06	1.73e-04	3.62e-02	3.30e-01	6.34e-01
 4.66789e+22	1.49e-15	6.27e-11	7.16e-08	7.40e-06	1.94e-04	3.88e-02	3.39e-01	6.22e-01
 4.77581e+22	1.93e-15	7.81e-11	8.62e-08	8.58e-06	2.16e-04	4.14e-02	3.47e-01	6.12e-01
 4.87042e+22	2.42e-15	9.50e-11	1.02e-07	9.79e-06	2.37e-04	4.38e-02	3.54e-01	6.02e-01
 4.95868e+22	2.98e-15	1.14e-10	1.18e-07	1.11e-05	2.59e-04	4.62e-02	3.60e-01	5.93e-01
 5.05636e+22	3.90e-15	1.44e-10	1.44e-07	1.29e-05	2.90e-04	4.94e-02	3.69e-01	5.82e-01
 5.15432e+22	4.84e-15	1.73e-10	1.69e-07	1.47e-05	3.17e-04	5.21e-02	3.76e-01	5.72e-01
 5.23972e+22	5.99e-15	2.08e-10	1.97e-07	1.67e-05	3.47e-04	5.50e-02	3.82e-01	5.62e-01
 5.33787e+22	7.91e-15	2.65e-10	2.42e-07	1.96e-05	3.90e-04	5.89e-02	3.91e-01	5.49e-01
 5.43682e+22	9.79e-15	3.19e-10	2.83e-07	2.23e-05	4.26e-04	6.21e-02	3.98e-01	5.39e-01
 5.53681e+22	1.30e-14	4.09e-10	3.50e-07	2.64e-05	4.81e-04	6.67e-02	4.07e-01	5.26e-01
 5.63808e+22	1.62e-14	4.94e-10	4.11e-07	3.00e-05	5.28e-04	7.04e-02	4.14e-01	5.15e-01
 5.74098e+22	2.16e-14	6.35e-10	5.09e-07	3.57e-05	5.98e-04	7.56e-02	4.23e-01	5.01e-01
 5.84592e+22	2.72e-14	7.77e-10	6.05e-07	4.11e-05	6.60e-04	8.01e-02	4.30e-01	4.89e-01
 5.95351e+22	3.67e-14	1.01e-09	7.57e-07	4.93e-05	7.53e-04	8.64e-02	4.39e-01	4.74e-01
 6.06313e+22	4.66e-14	1.24e-09	9.05e-07	5.71e-05	8.36e-04	9.17e-02	4.46e-01	4.61e-01
 6.17541e+22	6.34e-14	1.63e-09	1.14e-06	6.91e-05	9.59e-04	9.91e-02	4.55e-01	4.45e-01
 6.28885e+22	8.05e-14	2.01e-09	1.37e-06	8.03e-05	1.07e-03	1.05e-01	4.62e-01	4.31e-01
 6.38457e+22	1.00e-13	2.43e-09	1.62e-06	9.21e-05	1.18e-03	1.11e-01	4.68e-01	4.19e-01
 6.48868e+22	1.31e-13	3.09e-09	1.99e-06	1.10e-04	1.34e-03	1.19e-01	4.76e-01	4.04e-01
 6.59335e+22	1.63e-13	3.73e-09	2.35e-06	1.26e-04	1.48e-03	1.26e-01	4.81e-01	3.91e-01
 6.69550e+22	2.09e-13	4.66e-09	2.86e-06	1.49e-04	1.67e-03	1.35e-01	4.87e-01	3.76e-01
 6.79972e+22	2.59e-13	5.64e-09	3.38e-06	1.72e-04	1.85e-03	1.42e-01	4.92e-01	3.63e-01
 6.90198e+22	3.27e-13	6.94e-09	4.07e-06	2.01e-04	2.08e-03	1.52e-01	4.97e-01	3.49e-01
 7.00636e+22	4.04e-13	8.39e-09	4.82e-06	2.33e-04	2.31e-03	1.60e-01	5.02e-01	3.35e-01
 7.10934e+22	5.00e-13	1.02e-08	5.74e-06	2.71e-04	2.58e-03	1.70e-01	5.06e-01	3.22e-01
 7.21310e+22	6.12e-13	1.22e-08	6.77e-06	3.13e-04	2.87e-03	1.80e-01	5.09e-01	3.08e-01
 7.31564e+22	7.45e-13	1.46e-08	7.97e-06	3.61e-04	3.19e-03	1.90e-01	5.11e-01	2.95e-01
 7.41801e+22	8.99e-13	1.74e-08	9.34e-06	4.16e-04	3.54e-03	2.00e-01	5.13e-01	2.82e-01
 7.52050e+22	1.08e-12	2.05e-08	1.09e-05	4.78e-04	3.93e-03	2.11e-01	5.15e-01	2.70e-01
 7.62335e+22	1.29e-12	2.42e-08	1.27e-05	5.48e-04	4.35e-03	2.22e-01	5.16e-01	2.57e-01
 7.72672e+22	1.53e-12	2.83e-08	1.47e-05	6.27e-04	4.82e-03	2.34e-01	5.16e-01	2.45e-01
 7.83100e+22	1.80e-12	3.31e-08	1.70e-05	7.16e-04	5.32e-03	2.45e-01	5.16e-01	2.33e-01
 7.93641e+22	2.12e-12	3.85e-08	1.97e-05	8.17e-04	5.88e-03	2.57e-01	5.14e-01	2.21e-01
 8.04240e+22	2.48e-12	4.46e-08	2.26e-05	9.29e-04	6.48e-03	2.70e-01	5.13e-01	2.10e-01
 8.15009e+22	2.89e-12	5.16e-08	2.60e-05	1.06e-03	7.16e-03	2.82e-01	5.10e-01	1.99e-01
 8.25894e+22	3.34e-12	5.93e-08	2.98e-05	1.20e-03	7.88e-03	2.95e-01	5.07e-01	1.88e-01
 8.36994e+22	3.95e-12	6.84e-08	3.42e-05	1.36e-03	8.69e-03	3.09e-01	5.04e-01	1.78e-01
 8.48292e+22	4.54e-12	7.83e-08	3.90e-05	1.54e-03	9.55e-03	3.22e-01	4.99e-01	1.67e-01
 8.58647e+22	5.10e-12	8.75e-08	4.36e-05	1.71e-03	1.03e-02	3.33e-01	4.95e-01	1.59e-01
 8.69455e+22	5.86e-12	1.00e-07	4.99e-05	1.94e-03	1.14e-02	3.48e-01	4.90e-01	1.49e-01
 8.80449e+22	6.57e-12	1.12e-07	5.56e-05	2.15e-03	1.23e-02	3.60e-01	4.85e-01	1.41e-01
 8.91799e+22	7.56e-12	1.28e-07	6.37e-05	2.44e-03	1.36e-02	3.75e-01	4.77e-01	1.32e-01
 9.03170e+22	8.40e-12	1.42e-07	7.06e-05	2.69e-03	1.47e-02	3.86e-01	4.71e-01	1.25e-01
 9.14567e+22	9.57e-12	1.62e-07	8.05e-05	3.04e-03	1.61e-02	4.02e-01	4.63e-01	1.16e-01
 9.26011e+22	1.06e-11	1.79e-07	8.89e-05	3.34e-03	1.73e-02	4.13e-01	4.57e-01	1.10e-01
 9.37516e+22	1.20e-11	2.03e-07	1.01e-04	3.75e-03	1.90e-02	4.28e-01	4.48e-01	1.02e-01
 9.49147e+22	1.33e-11	2.24e-07	1.11e-04	4.11e-03	2.04e-02	4.39e-01	4.40e-01	9.59e-02
 9.60941e+22	1.50e-11	2.53e-07	1.26e-04	4.62e-03	2.23e-02	4.54e-01	4.30e-01	8.87e-02
 9.72896e+22	1.66e-11	2.79e-07	1.39e-04	5.05e-03	2.39e-02	4.65e-01	4.22e-01	8.34e-02
 9.85061e+22	1.87e-11	3.16e-07	1.58e-04	5.66e-03	2.61e-02	4.80e-01	4.11e-01	7.68e-02
 9.97453e+22	2.07e-11	3.49e-07	1.74e-04	6.19e-03	2.80e-02	4.91e-01	4.03e-01	7.20e-02
 1.01014e+23	2.34e-11	3.94e-07	1.98e-04	6.93e-03	3.06e-02	5.05e-01	3.91e-01	6.60e-02
 1.02313e+23	2.60e-11	4.37e-07	2.19e-04	7.58e-03	3.27e-02	5.16e-01	3.82e-01	6.15e-02
 1.03650e+23	2.95e-11	4.96e-07	2.50e-04	8.50e-03	3.58e-02	5.31e-01	3.69e-01	5.60e-02
 1.05012e+23	3.29e-11	5.52e-07	2.77e-04	9.30e-03	3.83e-02	5.41e-01	3.59e-01	5.20e-02
 1.06160e+23	3.60e-11	6.05e-07	3.04e-04	1.01e-02	4.07e-02	5.50e-01	3.50e-01	4.86e-02
 1.07405e+23	4.04e-11	6.79e-07	3.42e-04	1.11e-02	4.39e-02	5.62e-01	3.38e-01	4.45e-02
 1.08615e+23	4.42e-11	7.41e-07	3.73e-04	1.20e-02	4.63e-02	5.70e-01	3.30e-01	4.18e-02
 1.09778e+23	4.89e-11	8.22e-07	4.15e-04	1.31e-02	4.97e-02	5.80e-01	3.19e-01	3.83e-02
 1.10954e+23	5.37e-11	9.01e-07	4.53e-04	1.40e-02	5.23e-02	5.87e-01	3.10e-01	3.59e-02
 1.12145e+23	5.98e-11	1.00e-06	5.06e-04	1.54e-02	5.60e-02	5.96e-01	2.99e-01	3.29e-02
 1.13354e+23	6.59e-11	1.10e-06	5.53e-04	1.65e-02	5.89e-02	6.03e-01	2.91e-01	3.07e-02
 1.14586e+23	7.36e-11	1.23e-06	6.19e-04	1.80e-02	6.30e-02	6.11e-01	2.79e-01	2.80e-02
 1.15837e+23	8.15e-11	1.36e-06	6.79e-04	1.94e-02	6.63e-02	6.17e-01	2.71e-01	2.61e-02
 1.17112e+23	9.15e-11	1.52e-06	7.62e-04	2.12e-02	7.09e-02	6.24e-01	2.60e-01	2.37e-02
 1.18410e+23	1.02e-10	1.69e-06	8.38e-04	2.28e-02	7.45e-02	6.29e-01	2.51e-01	2.20e-02
 1.19739e+23	1.15e-10	1.90e-06	9.45e-04	2.50e-02	7.96e-02	6.35e-01	2.40e-01	1.98e-02
 1.21095e+23	1.29e-10	2.11e-06	1.04e-03	2.68e-02	8.38e-02	6.39e-01	2.31e-01	1.83e-02
 1.22489e+23	1.47e-10	2.40e-06	1.18e-03	2.94e-02	8.95e-02	6.44e-01	2.19e-01	1.64e-02
 1.23921e+23	1.65e-10	2.68e-06	1.31e-03	3.18e-02	9.42e-02	6.47e-01	2.10e-01	1.51e-02
 1.25403e+23	1.91e-10	3.08e-06	1.50e-03	3.49e-02	1.01e-01	6.50e-01	1.99e-01	1.34e-02
 1.26900e+23	2.17e-10	3.47e-06	1.67e-03	3.76e-02	1.06e-01	6.52e-01	1.90e-01	1.23e-02
 1.28414e+23	2.50e-10	3.99e-06	1.91e-03	4.14e-02	1.13e-01	6.54e-01	1.79e-01	1.09e-02
 1.29944e+23	2.86e-10	4.50e-06	2.13e-03	4.46e-02	1.18e-01	6.54e-01	1.71e-01	9.89e-03
 1.31496e+23	3.33e-10	5.21e-06	2.44e-03	4.90e-02	1.26e-01	6.53e-01	1.61e-01	8.71e-03
 1.33076e+23	3.78e-10	5.90e-06	2.73e-03	5.28e-02	1.32e-01	6.52e-01	1.53e-01	7.89e-03
 1.34474e+23	4.30e-10	6.64e-06	3.04e-03	5.67e-02	1.38e-01	6.50e-01	1.45e-01	7.13e-03
 1.36072e+23	5.10e-10	7.76e-06	3.50e-03	6.22e-02	1.46e-01	6.46e-01	1.35e-01	6.26e-03
 1.37700e+23	5.83e-10	8.78e-06	3.92e-03	6.70e-02	1.53e-01	6.43e-01	1.28e-01	5.61e-03
 1.39021e+23	6.59e-10	9.81e-06	4.32e-03	7.13e-02	1.59e-01	6.39e-01	1.21e-01	5.11e-03
 1.40391e+23	7.65e-10	1.12e-05	4.84e-03	7.67e-02	1.66e-01	6.33e-01	1.14e-01	4.58e-03
 1.41831e+23	8.71e-10	1.26e-05	5.36e-03	8.18e-02	1.72e-01	6.28e-01	1.08e-01	4.14e-03
 1.43153e+23	9.91e-10	1.41e-05	5.92e-03	8.71e-02	1.79e-01	6.22e-01	1.03e-01	3.75e-03
 1.44661e+23	1.17e-09	1.63e-05	6.71e-03	9.41e-02	1.87e-01	6.14e-01	9.55e-02	3.30e-03
 1.46210e+23	1.34e-09	1.84e-05	7.48e-03	1.01e-01	1.94e-01	6.06e-01	8.96e-02	2.94e-03
 1.47572e+23	1.54e-09	2.07e-05	8.27e-03	1.07e-01	2.00e-01	5.98e-01	8.44e-02	2.65e-03
 1.49102e+23	1.82e-09	2.41e-05	9.36e-03	1.15e-01	2.08e-01	5.87e-01	7.83e-02	2.32e-03
 1.50702e+23	2.11e-09	2.74e-05	1.05e-02	1.23e-01	2.15e-01	5.76e-01	7.29e-02	2.05e-03
 1.52146e+23	2.44e-09	3.10e-05	1.16e-02	1.31e-01	2.22e-01	5.66e-01	6.82e-02	1.83e-03
 1.53776e+23	2.93e-09	3.63e-05	1.32e-02	1.41e-01	2.29e-01	5.52e-01	6.26e-02	1.58e-03
 1.55462e+23	3.43e-09	4.16e-05	1.48e-02	1.50e-01	2.36e-01	5.39e-01	5.78e-02	1.39e-03
 1.56965e+23	3.98e-09	4.73e-05	1.64e-02	1.59e-01	2.43e-01	5.27e-01	5.37e-02	1.22e-03
 1.58667e+23	4.83e-09	5.57e-05	1.87e-02	1.72e-01	2.50e-01	5.10e-01	4.87e-02	1.04e-03
 1.60425e+23	5.70e-09	6.40e-05	2.09e-02	1.82e-01	2.57e-01	4.94e-01	4.46e-02	9.03e-04
 1.62255e+23	7.01e-09	7.62e-05	2.40e-02	1.96e-01	2.64e-01	4.75e-01	4.00e-02	7.55e-04
 1.64120e+23	8.33e-09	8.80e-05	2.68e-02	2.09e-01	2.69e-01	4.58e-01	3.64e-02	6.48e-04
 1.65770e+23	9.86e-09	1.01e-04	2.99e-02	2.21e-01	2.74e-01	4.41e-01	3.31e-02	5.58e-04
 1.67657e+23	1.22e-08	1.21e-04	3.42e-02	2.36e-01	2.80e-01	4.20e-01	2.93e-02	4.59e-04
 1.69575e+23	1.46e-08	1.40e-04	3.82e-02	2.50e-01	2.84e-01	4.01e-01	2.63e-02	3.88e-04
 1.71274e+23	1.74e-08	1.61e-04	4.25e-02	2.63e-01	2.87e-01	3.83e-01	2.37e-02	3.31e-04
 1.73225e+23	2.18e-08	1.93e-04	4.86e-02	2.80e-01	2.90e-01	3.60e-01	2.06e-02	2.67e-04
 1.75199e+23	2.60e-08	2.23e-04	5.40e-02	2.94e-01	2.92e-01	3.41e-01	1.84e-02	2.23e-04
 1.77204e+23	3.28e-08	2.68e-04	6.15e-02	3.12e-01	2.93e-01	3.18e-01	1.58e-02	1.79e-04
 1.79250e+23	3.96e-08	3.11e-04	6.83e-02	3.26e-01	2.92e-01	2.98e-01	1.39e-02	1.47e-04
 1.81071e+23	4.77e-08	3.60e-04	7.57e-02	3.40e-01	2.91e-01	2.80e-01	1.22e-02	1.21e-04
 1.83161e+23	6.07e-08	4.34e-04	8.58e-02	3.58e-01	2.89e-01	2.57e-01	1.03e-02	9.47e-05
 1.85285e+23	7.38e-08	5.04e-04	9.49e-02	3.72e-01	2.86e-01	2.38e-01	8.95e-03	7.68e-05
 1.87455e+23	9.47e-08	6.09e-04	1.07e-01	3.89e-01	2.80e-01	2.15e-01	7.42e-03	5.85e-05
 1.89646e+23	1.15e-07	7.07e-04	1.18e-01	4.01e-01	2.75e-01	1.98e-01	6.37e-03	4.70e-05
 1.91551e+23	1.39e-07	8.15e-04	1.29e-01	4.13e-01	2.69e-01	1.82e-01	5.48e-03	3.78e-05
 1.93377e+23	1.67e-07	9.31e-04	1.40e-01	4.23e-01	2.63e-01	1.68e-01	4.74e-03	3.07e-05
 1.95117e+23	1.98e-07	1.06e-03	1.52e-01	4.31e-01	2.57e-01	1.55e-01	4.11e-03	2.51e-05
 1.97079e+23	2.47e-07	1.24e-03	1.67e-01	4.42e-01	2.48e-01	1.39e-01	3.39e-03	1.92e-05
 1.99019e+23	2.92e-07	1.40e-03	1.79e-01	4.48e-01	2.40e-01	1.28e-01	2.94e-03	1.56e-05
 2.00929e+23	3.60e-07	1.63e-03	1.95e-01	4.56e-01	2.30e-01	1.14e-01	2.43e-03	1.20e-05
 2.02896e+23	4.30e-07	1.85e-03	2.10e-01	4.61e-01	2.22e-01	1.04e-01	2.06e-03	9.56e-06
 2.04937e+23	5.37e-07	2.17e-03	2.28e-01	4.66e-01	2.11e-01	9.15e-02	1.67e-03	7.15e-06
 2.06993e+23	6.41e-07	2.45e-03	2.44e-01	4.68e-01	2.01e-01	8.24e-02	1.41e-03	5.63e-06
 2.09067e+23	8.01e-07	2.87e-03	2.65e-01	4.70e-01	1.89e-01	7.20e-02	1.13e-03	4.16e-06
 2.11166e+23	9.58e-07	3.24e-03	2.82e-01	4.70e-01	1.80e-01	6.43e-02	9.40e-04	3.23e-06
 2.12849e+23	1.11e-06	3.58e-03	2.96e-01	4.69e-01	1.72e-01	5.85e-02	8.06e-04	2.62e-06
 2.14586e+23	1.32e-06	4.05e-03	3.14e-01	4.67e-01	1.62e-01	5.20e-02	6.67e-04	2.02e-06
 2.16365e+23	1.54e-06	4.47e-03	3.29e-01	4.65e-01	1.54e-01	4.69e-02	5.66e-04	1.62e-06
 2.17950e+23	1.78e-06	4.93e-03	3.44e-01	4.61e-01	1.46e-01	4.24e-02	4.82e-04	1.30e-06
 2.19764e+23	2.13e-06	5.57e-03	3.64e-01	4.56e-01	1.37e-01	3.72e-02	3.92e-04	9.86e-07
 2.21600e+23	2.47e-06	6.15e-03	3.80e-01	4.51e-01	1.29e-01	3.33e-02	3.30e-04	7.79e-07
 2.23211e+23	2.85e-06	6.76e-03	3.96e-01	4.46e-01	1.22e-01	2.99e-02	2.78e-04	6.18e-07
 2.25053e+23	3.41e-06	7.60e-03	4.16e-01	4.38e-01	1.13e-01	2.60e-02	2.24e-04	4.63e-07
 2.26927e+23	3.96e-06	8.39e-03	4.32e-01	4.30e-01	1.06e-01	2.31e-02	1.86e-04	3.61e-07
 2.28577e+23	4.58e-06	9.21e-03	4.48e-01	4.23e-01	9.92e-02	2.06e-02	1.56e-04	2.84e-07
 2.30459e+23	5.48e-06	1.04e-02	4.68e-01	4.12e-01	9.13e-02	1.78e-02	1.24e-04	2.09e-07
 2.32371e+23	6.35e-06	1.14e-02	4.85e-01	4.03e-01	8.49e-02	1.57e-02	1.02e-04	1.62e-07
 2.34064e+23	7.35e-06	1.25e-02	5.01e-01	3.94e-01	7.90e-02	1.39e-02	8.44e-05	1.25e-07
 2.36008e+23	8.80e-06	1.40e-02	5.21e-01	3.81e-01	7.21e-02	1.19e-02	6.63e-05	0.00e+00
 2.37984e+23	1.02e-05	1.54e-02	5.37e-01	3.70e-01	6.65e-02	1.04e-02	5.40e-05	0.00e+00
 2.40002e+23	1.23e-05	1.73e-02	5.57e-01	3.57e-01	6.02e-02	8.79e-03	4.18e-05	0.00e+00
 2.42045e+23	1.43e-05	1.91e-02	5.73e-01	3.45e-01	5.52e-02	7.64e-03	3.37e-05	0.00e+00
 2.44120e+23	1.72e-05	2.14e-02	5.92e-01	3.30e-01	4.96e-02	6.41e-03	2.57e-05	0.00e+00
 2.46232e+23	2.01e-05	2.36e-02	6.08e-01	3.18e-01	4.52e-02	5.52e-03	2.05e-05	0.00e+00
 2.48395e+23	2.44e-05	2.66e-02	6.26e-01	3.02e-01	4.02e-02	4.58e-03	1.54e-05	0.00e+00
 2.50596e+23	2.85e-05	2.92e-02	6.41e-01	2.89e-01	3.64e-02	3.91e-03	1.21e-05	0.00e+00
 2.52552e+23	3.32e-05	3.21e-02	6.55e-01	2.77e-01	3.29e-02	3.34e-03	9.55e-06	0.00e+00
 2.54799e+23	4.03e-05	3.61e-02	6.71e-01	2.61e-01	2.90e-02	2.74e-03	7.06e-06	0.00e+00
 2.56772e+23	4.53e-05	3.87e-02	6.81e-01	2.51e-01	2.67e-02	2.42e-03	5.84e-06	0.00e+00
 2.58391e+23	5.17e-05	4.20e-02	6.91e-01	2.40e-01	2.44e-02	2.10e-03	4.71e-06	0.00e+00
 2.60082e+23	5.80e-05	4.50e-02	7.00e-01	2.31e-01	2.25e-02	1.85e-03	3.89e-06	0.00e+00
 2.61869e+23	6.74e-05	4.92e-02	7.10e-01	2.18e-01	2.02e-02	1.57e-03	3.04e-06	0.00e+00
 2.63648e+23	7.58e-05	5.28e-02	7.18e-01	2.09e-01	1.85e-02	1.38e-03	2.49e-06	0.00e+00
 2.65418e+23	8.74e-05	5.75e-02	7.27e-01	1.98e-01	1.66e-02	1.17e-03	1.95e-06	0.00e+00
 2.67224e+23	9.89e-05	6.18e-02	7.34e-01	1.88e-01	1.52e-02	1.02e-03	1.58e-06	0.00e+00
 2.68837e+23	1.11e-04	6.62e-02	7.40e-01	1.79e-01	1.38e-02	8.88e-04	1.28e-06	0.00e+00
 2.70690e+23	1.29e-04	7.25e-02	7.46e-01	1.68e-01	1.23e-02	7.44e-04	9.85e-07	0.00e+00
 2.72565e+23	1.46e-04	7.77e-02	7.51e-01	1.59e-01	1.12e-02	6.43e-04	7.92e-07	0.00e+00
 2.74467e+23	1.70e-04	8.50e-02	7.56e-01	1.49e-01	9.88e-03	5.36e-04	6.03e-07	0.00e+00
 2.76412e+23	1.94e-04	9.16e-02	7.59e-01	1.40e-01	8.88e-03	4.58e-04	4.76e-07	0.00e+00
 2.78414e+23	2.27e-04	1.01e-01	7.62e-01	1.29e-01	7.79e-03	3.76e-04	3.55e-07	0.00e+00
 2.80448e+23	2.60e-04	1.09e-01	7.63e-01	1.21e-01	6.95e-03	3.18e-04	2.76e-07	0.00e+00
 2.82525e+23	3.08e-04	1.20e-01	7.63e-01	1.10e-01	6.01e-03	2.56e-04	2.00e-07	0.00e+00
 2.84590e+23	3.51e-04	1.29e-01	7.63e-01	1.03e-01	5.37e-03	2.17e-04	1.56e-07	0.00e+00
 2.86638e+23	4.14e-04	1.42e-01	7.60e-01	9.33e-02	4.65e-03	1.75e-04	0.00e+00	0.00e+00
 2.88722e+23	4.75e-04	1.53e-01	7.56e-01	8.61e-02	4.12e-03	1.46e-04	0.00e+00	0.00e+00
 2.90855e+23	5.66e-04	1.69e-01	7.49e-01	7.73e-02	3.52e-03	1.15e-04	0.00e+00	0.00e+00
 2.92979e+23	6.52e-04	1.83e-01	7.42e-01	7.07e-02	3.11e-03	9.57e-05	0.00e+00	0.00e+00
 2.95091e+23	7.80e-04	2.02e-01	7.31e-01	6.29e-02	2.65e-03	7.48e-05	0.00e+00	0.00e+00
 2.97200e+23	9.02e-04	2.19e-01	7.21e-01	5.70e-02	2.32e-03	6.14e-05	0.00e+00	0.00e+00
 2.99306e+23	1.08e-03	2.43e-01	7.04e-01	5.00e-02	1.96e-03	4.73e-05	0.00e+00	0.00e+00
 3.01408e+23	1.26e-03	2.63e-01	6.89e-01	4.47e-02	1.71e-03	3.82e-05	0.00e+00	0.00e+00
 3.03226e+23	1.47e-03	2.86e-01	6.71e-01	3.98e-02	1.48e-03	3.07e-05	0.00e+00	0.00e+00
 3.05312e+23	1.79e-03	3.17e-01	6.46e-01	3.40e-02	1.23e-03	2.29e-05	0.00e+00	0.00e+00
 3.07381e+23	2.12e-03	3.47e-01	6.20e-01	2.96e-02	1.05e-03	1.79e-05	0.00e+00	0.00e+00
 3.08420e+23	2.29e-03	3.60e-01	6.08e-01	2.83e-02	1.00e-03	1.67e-05	0.00e+00	0.00e+00
