#depth	Ar	Ar+	Ar+2	Ar+3	Ar+4	Ar+5	Ar+6	Ar+7	Ar+8	Ar+9	Ar+10	Ar+11	Ar+12	Ar+13	Ar+14	Ar+15	Ar+16	Ar+17	Ar+18
 4.62852e+21	0.00e+00	1.90e-27	4.87e-22	3.12e-19	1.21e-16	1.73e-14	1.35e-12	1.40e-10	2.08e-07	2.10e-05	6.75e-04	7.29e-03	5.04e-02	1.27e-01	1.58e-01	1.79e-01	4.03e-01	7.01e-02	3.94e-03
 1.03189e+22	3.03e-31	8.73e-25	1.62e-19	5.81e-17	1.25e-14	9.69e-13	3.93e-11	2.15e-09	2.81e-06	2.35e-04	5.37e-03	3.81e-02	1.71e-01	2.63e-01	1.94e-01	1.29e-01	1.81e-01	1.85e-02	6.18e-04
 1.18382e+22	4.10e-30	1.03e-23	1.65e-18	4.69e-16	8.00e-14	4.86e-12	1.52e-10	6.43e-09	7.09e-06	5.40e-04	1.06e-02	6.35e-02	2.37e-01	2.98e-01	1.77e-01	9.47e-02	1.10e-01	8.94e-03	2.38e-04
 1.25244e+22	1.39e-29	3.26e-23	4.87e-18	1.24e-15	1.91e-13	1.04e-11	2.88e-10	1.08e-08	1.08e-05	7.79e-04	1.42e-02	7.84e-02	2.68e-01	3.06e-01	1.63e-01	7.94e-02	8.41e-02	6.12e-03	1.46e-04
 1.28103e+22	1.88e-29	4.33e-23	6.35e-18	1.58e-15	2.36e-13	1.25e-11	3.37e-10	1.23e-08	1.20e-05	8.52e-04	1.52e-02	8.24e-02	2.75e-01	3.07e-01	1.60e-01	7.58e-02	7.85e-02	5.56e-03	1.29e-04
 1.29418e+22	2.76e-29	6.18e-23	8.87e-18	2.14e-15	3.09e-13	1.59e-11	4.11e-10	1.45e-08	1.37e-05	9.52e-04	1.66e-02	8.75e-02	2.84e-01	3.07e-01	1.55e-01	7.14e-02	7.18e-02	4.91e-03	1.10e-04
 1.30828e+22	3.85e-29	8.48e-23	1.19e-17	2.79e-15	3.93e-13	1.96e-11	4.90e-10	1.67e-08	1.53e-05	1.05e-03	1.79e-02	9.23e-02	2.92e-01	3.07e-01	1.51e-01	6.76e-02	6.63e-02	4.40e-03	9.57e-05
 1.32360e+22	5.96e-29	1.28e-22	1.74e-17	3.93e-15	5.35e-13	2.56e-11	6.16e-10	2.01e-08	1.77e-05	1.19e-03	1.97e-02	9.86e-02	3.02e-01	3.07e-01	1.45e-01	6.28e-02	5.96e-02	3.80e-03	7.94e-05
 1.33901e+22	8.27e-29	1.74e-22	2.33e-17	5.10e-15	6.75e-13	3.15e-11	7.33e-10	2.32e-08	1.99e-05	1.31e-03	2.12e-02	1.04e-01	3.10e-01	3.06e-01	1.41e-01	5.93e-02	5.50e-02	3.40e-03	6.89e-05
 1.35221e+22	1.13e-28	2.33e-22	3.06e-17	6.54e-15	8.43e-13	3.83e-11	8.65e-10	2.66e-08	2.21e-05	1.43e-03	2.26e-02	1.08e-01	3.16e-01	3.05e-01	1.37e-01	5.61e-02	5.08e-02	3.05e-03	6.01e-05
 1.36704e+22	1.70e-28	3.42e-22	4.37e-17	9.02e-15	1.13e-12	4.93e-11	1.07e-09	3.17e-08	2.54e-05	1.60e-03	2.47e-02	1.15e-01	3.25e-01	3.02e-01	1.31e-01	5.21e-02	4.57e-02	2.64e-03	5.01e-05
 1.38187e+22	2.29e-28	4.51e-22	5.66e-17	1.14e-14	1.39e-12	5.94e-11	1.26e-09	3.61e-08	2.81e-05	1.74e-03	2.63e-02	1.20e-01	3.31e-01	3.00e-01	1.27e-01	4.93e-02	4.23e-02	2.38e-03	4.38e-05
 1.39667e+22	3.41e-28	6.54e-22	7.99e-17	1.56e-14	1.84e-12	7.60e-11	1.55e-09	4.28e-08	3.21e-05	1.94e-03	2.85e-02	1.26e-01	3.39e-01	2.97e-01	1.21e-01	4.57e-02	3.80e-02	2.06e-03	3.66e-05
 1.41182e+22	4.64e-28	8.72e-22	1.04e-16	1.99e-14	2.29e-12	9.22e-11	1.82e-09	4.90e-08	3.57e-05	2.11e-03	3.04e-02	1.31e-01	3.45e-01	2.95e-01	1.17e-01	4.30e-02	3.50e-02	1.84e-03	3.18e-05
 1.42744e+22	6.96e-28	1.27e-21	1.48e-16	2.74e-14	3.05e-12	1.19e-10	2.26e-09	5.85e-08	4.09e-05	2.36e-03	3.30e-02	1.39e-01	3.52e-01	2.90e-01	1.11e-01	3.96e-02	3.13e-02	1.58e-03	2.63e-05
 1.44314e+22	9.46e-28	1.70e-21	1.93e-16	3.48e-14	3.79e-12	1.44e-10	2.66e-09	6.69e-08	4.54e-05	2.56e-03	3.50e-02	1.44e-01	3.57e-01	2.87e-01	1.07e-01	3.73e-02	2.88e-02	1.41e-03	2.28e-05
 1.45896e+22	1.41e-27	2.47e-21	2.74e-16	4.77e-14	5.03e-12	1.85e-10	3.29e-09	7.97e-08	5.20e-05	2.86e-03	3.79e-02	1.51e-01	3.63e-01	2.82e-01	1.02e-01	3.42e-02	2.56e-02	1.21e-03	1.88e-05
 1.47498e+22	1.92e-27	3.29e-21	3.57e-16	6.07e-14	6.25e-12	2.24e-10	3.88e-09	9.12e-08	5.78e-05	3.11e-03	4.02e-02	1.57e-01	3.68e-01	2.78e-01	9.75e-02	3.21e-02	2.35e-02	1.08e-03	1.62e-05
 1.49124e+22	2.88e-27	4.79e-21	5.05e-16	8.32e-14	8.32e-12	2.88e-10	4.80e-09	1.09e-07	6.62e-05	3.46e-03	4.34e-02	1.65e-01	3.73e-01	2.72e-01	9.21e-02	2.94e-02	2.09e-02	9.19e-04	1.33e-05
 1.50771e+22	3.93e-27	6.39e-21	6.59e-16	1.06e-13	1.04e-11	3.49e-10	5.66e-09	1.25e-07	7.36e-05	3.76e-03	4.60e-02	1.70e-01	3.77e-01	2.68e-01	8.81e-02	2.74e-02	1.90e-02	8.13e-04	1.14e-05
 1.52176e+22	5.23e-27	8.34e-21	8.42e-16	1.33e-13	1.27e-11	4.17e-10	6.60e-09	1.42e-07	8.11e-05	4.05e-03	4.86e-02	1.76e-01	3.80e-01	2.63e-01	8.44e-02	2.57e-02	1.75e-02	7.26e-04	9.94e-06
 1.53731e+22	7.63e-27	1.18e-20	1.16e-15	1.78e-13	1.65e-11	5.28e-10	8.06e-09	1.67e-07	9.21e-05	4.47e-03	5.20e-02	1.83e-01	3.84e-01	2.57e-01	7.97e-02	2.36e-02	1.56e-02	6.23e-04	8.21e-06
 1.55269e+22	9.98e-27	1.52e-20	1.46e-15	2.20e-13	2.00e-11	6.24e-10	9.30e-09	1.88e-07	1.01e-04	4.80e-03	5.47e-02	1.89e-01	3.86e-01	2.52e-01	7.64e-02	2.22e-02	1.43e-02	5.59e-04	7.18e-06
 1.56783e+22	1.43e-26	2.11e-20	1.99e-15	2.90e-13	2.57e-11	7.80e-10	1.12e-08	2.20e-07	1.14e-04	5.26e-03	5.83e-02	1.96e-01	3.89e-01	2.46e-01	7.22e-02	2.04e-02	1.28e-02	4.82e-04	5.99e-06
 1.58326e+22	1.88e-26	2.74e-20	2.52e-15	3.60e-13	3.12e-11	9.27e-10	1.30e-08	2.49e-07	1.25e-04	5.66e-03	6.12e-02	2.01e-01	3.91e-01	2.41e-01	6.90e-02	1.91e-02	1.18e-02	4.30e-04	5.19e-06
 1.59907e+22	2.72e-26	3.85e-20	3.44e-15	4.78e-13	4.04e-11	1.17e-09	1.58e-08	2.92e-07	1.42e-04	6.22e-03	6.53e-02	2.08e-01	3.93e-01	2.34e-01	6.48e-02	1.74e-02	1.04e-02	3.68e-04	4.29e-06
 1.61502e+22	3.59e-26	4.98e-20	4.36e-15	5.94e-13	4.91e-11	1.39e-09	1.84e-08	3.30e-07	1.56e-04	6.68e-03	6.86e-02	2.14e-01	3.94e-01	2.29e-01	6.18e-02	1.62e-02	9.55e-03	3.28e-04	3.71e-06
 1.63112e+22	5.18e-26	6.99e-20	5.95e-15	7.89e-13	6.35e-11	1.74e-09	2.23e-08	3.88e-07	1.76e-04	7.33e-03	7.30e-02	2.21e-01	3.95e-01	2.22e-01	5.79e-02	1.48e-02	8.47e-03	2.80e-04	3.05e-06
 1.64670e+22	6.73e-26	8.90e-20	7.43e-15	9.67e-13	7.63e-11	2.05e-09	2.57e-08	4.36e-07	1.92e-04	7.83e-03	7.63e-02	2.27e-01	3.95e-01	2.17e-01	5.52e-02	1.38e-02	7.76e-03	2.50e-04	2.66e-06
 1.66158e+22	9.26e-26	1.20e-19	9.73e-15	1.24e-12	9.54e-11	2.50e-09	3.04e-08	5.01e-07	2.14e-04	8.49e-03	8.05e-02	2.33e-01	3.95e-01	2.10e-01	5.20e-02	1.27e-02	6.98e-03	2.18e-04	2.24e-06
 1.67700e+22	1.22e-25	1.54e-19	1.23e-14	1.53e-12	1.16e-10	2.96e-09	3.52e-08	5.66e-07	2.35e-04	9.09e-03	8.42e-02	2.39e-01	3.95e-01	2.05e-01	4.94e-02	1.19e-02	6.36e-03	1.93e-04	1.93e-06
 1.69093e+22	1.59e-25	1.97e-19	1.54e-14	1.88e-12	1.39e-10	3.49e-09	4.05e-08	6.36e-07	2.57e-04	9.72e-03	8.80e-02	2.44e-01	3.95e-01	1.99e-01	4.70e-02	1.11e-02	5.81e-03	1.72e-04	1.67e-06
 1.70683e+22	2.22e-25	2.68e-19	2.04e-14	2.43e-12	1.76e-10	4.30e-09	4.83e-08	7.37e-07	2.88e-04	1.06e-02	9.29e-02	2.51e-01	3.94e-01	1.93e-01	4.40e-02	1.01e-02	5.18e-03	1.48e-04	1.39e-06
 1.72302e+22	2.95e-25	3.48e-19	2.59e-14	3.02e-12	2.14e-10	5.12e-09	5.61e-08	8.34e-07	3.16e-04	1.13e-02	9.71e-02	2.56e-01	3.92e-01	1.87e-01	4.16e-02	9.35e-03	4.69e-03	1.30e-04	1.19e-06
 1.73727e+22	3.86e-25	4.46e-19	3.24e-14	3.72e-12	2.59e-10	6.05e-09	6.47e-08	9.39e-07	3.46e-04	1.21e-02	1.01e-01	2.61e-01	3.91e-01	1.81e-01	3.94e-02	8.67e-03	4.27e-03	1.15e-04	1.02e-06
 1.75347e+22	5.40e-25	6.08e-19	4.30e-14	4.81e-12	3.27e-10	7.44e-09	7.73e-08	1.09e-06	3.87e-04	1.31e-02	1.07e-01	2.68e-01	3.89e-01	1.75e-01	3.67e-02	7.89e-03	3.79e-03	9.86e-05	8.49e-07
 1.77014e+22	7.11e-25	7.82e-19	5.42e-14	5.94e-12	3.95e-10	8.81e-09	8.93e-08	1.23e-06	4.24e-04	1.40e-02	1.11e-01	2.73e-01	3.87e-01	1.69e-01	3.47e-02	7.31e-03	3.44e-03	8.70e-05	7.29e-07
 1.78743e+22	1.00e-24	1.08e-18	7.23e-14	7.74e-12	5.02e-10	1.09e-08	1.07e-07	1.43e-06	4.76e-04	1.52e-02	1.17e-01	2.79e-01	3.83e-01	1.62e-01	3.22e-02	6.62e-03	3.04e-03	7.42e-05	6.00e-07
 1.80518e+22	1.36e-24	1.42e-18	9.30e-14	9.74e-12	6.19e-10	1.31e-08	1.25e-07	1.63e-06	5.26e-04	1.64e-02	1.23e-01	2.85e-01	3.80e-01	1.56e-01	3.02e-02	6.07e-03	2.72e-03	6.45e-05	5.05e-07
 1.81994e+22	1.73e-24	1.77e-18	1.14e-13	1.18e-11	7.33e-10	1.52e-08	1.42e-07	1.81e-06	5.70e-04	1.74e-02	1.27e-01	2.89e-01	3.78e-01	1.51e-01	2.86e-02	5.65e-03	2.49e-03	5.75e-05	4.40e-07
 1.83552e+22	2.35e-24	2.35e-18	1.47e-13	1.49e-11	9.06e-10	1.83e-08	1.67e-07	2.07e-06	6.30e-04	1.87e-02	1.33e-01	2.94e-01	3.74e-01	1.46e-01	2.67e-02	5.16e-03	2.22e-03	4.97e-05	3.68e-07
 1.85182e+22	3.07e-24	3.01e-18	1.84e-13	1.82e-11	1.09e-09	2.16e-08	1.92e-07	2.32e-06	6.88e-04	1.99e-02	1.38e-01	2.99e-01	3.70e-01	1.40e-01	2.51e-02	4.76e-03	2.01e-03	4.38e-05	3.16e-07
 1.86904e+22	4.32e-24	4.11e-18	2.45e-13	2.36e-11	1.38e-09	2.66e-08	2.29e-07	2.69e-06	7.70e-04	2.15e-02	1.45e-01	3.04e-01	3.65e-01	1.34e-01	2.32e-02	4.29e-03	1.77e-03	3.72e-05	2.59e-07
 1.88639e+22	5.66e-24	5.26e-18	3.06e-13	2.90e-11	1.66e-09	3.13e-08	2.64e-07	3.01e-06	8.40e-04	2.29e-02	1.50e-01	3.08e-01	3.61e-01	1.29e-01	2.18e-02	3.96e-03	1.60e-03	3.27e-05	2.21e-07
 1.90392e+22	7.80e-24	7.06e-18	4.00e-13	3.70e-11	2.07e-09	3.80e-08	3.11e-07	3.46e-06	9.32e-04	2.46e-02	1.57e-01	3.13e-01	3.56e-01	1.23e-01	2.02e-02	3.58e-03	1.41e-03	2.80e-05	1.83e-07
 1.92252e+22	1.07e-23	9.43e-18	5.20e-13	4.70e-11	2.57e-09	4.60e-08	3.66e-07	3.96e-06	1.03e-03	2.64e-02	1.64e-01	3.18e-01	3.50e-01	1.17e-01	1.87e-02	3.25e-03	1.25e-03	2.40e-05	1.52e-07
 1.93924e+22	1.41e-23	1.21e-17	6.54e-13	5.80e-11	3.10e-09	5.44e-08	4.22e-07	4.45e-06	1.13e-03	2.81e-02	1.70e-01	3.21e-01	3.45e-01	1.13e-01	1.75e-02	2.97e-03	1.12e-03	2.09e-05	1.29e-07
 1.95768e+22	2.00e-23	1.67e-17	8.74e-13	7.56e-11	3.94e-09	6.72e-08	5.05e-07	5.17e-06	1.26e-03	3.04e-02	1.78e-01	3.26e-01	3.39e-01	1.07e-01	1.60e-02	2.66e-03	9.80e-04	1.76e-05	0.00e+00
 1.97685e+22	2.69e-23	2.19e-17	1.12e-12	9.46e-11	4.82e-09	8.03e-08	5.88e-07	5.86e-06	1.39e-03	3.25e-02	1.84e-01	3.29e-01	3.33e-01	1.02e-01	1.49e-02	2.42e-03	8.71e-04	1.51e-05	0.00e+00
 1.99697e+22	3.92e-23	3.09e-17	1.52e-12	1.26e-10	6.23e-09	1.01e-07	7.12e-07	6.87e-06	1.56e-03	3.53e-02	1.93e-01	3.33e-01	3.25e-01	9.56e-02	1.35e-02	2.14e-03	7.50e-04	1.25e-05	0.00e+00
 2.01727e+22	5.34e-23	4.10e-17	1.97e-12	1.59e-10	7.70e-09	1.21e-07	8.35e-07	7.83e-06	1.72e-03	3.77e-02	2.00e-01	3.36e-01	3.18e-01	9.07e-02	1.24e-02	1.93e-03	6.60e-04	1.07e-05	0.00e+00
 2.03491e+22	7.14e-23	5.35e-17	2.50e-12	1.98e-10	9.38e-09	1.44e-07	9.68e-07	8.85e-06	1.89e-03	4.01e-02	2.07e-01	3.39e-01	3.12e-01	8.63e-02	1.15e-02	1.75e-03	5.86e-04	9.18e-06	0.00e+00
 2.05495e+22	1.02e-22	7.44e-17	3.36e-12	2.59e-10	1.20e-08	1.79e-07	1.16e-06	1.03e-05	2.12e-03	4.34e-02	2.16e-01	3.42e-01	3.03e-01	8.09e-02	1.04e-02	1.54e-03	5.04e-04	7.60e-06	0.00e+00
 2.07573e+22	1.41e-22	9.95e-17	4.37e-12	3.30e-10	1.49e-08	2.17e-07	1.37e-06	1.18e-05	2.34e-03	4.64e-02	2.24e-01	3.44e-01	2.96e-01	7.63e-02	9.52e-03	1.38e-03	4.40e-04	6.41e-06	0.00e+00
 2.09431e+22	1.91e-22	1.31e-16	5.61e-12	4.15e-10	1.83e-08	2.61e-07	1.60e-06	1.34e-05	2.58e-03	4.94e-02	2.32e-01	3.46e-01	2.88e-01	7.20e-02	8.72e-03	1.24e-03	3.86e-04	5.43e-06	0.00e+00
 2.11531e+22	2.78e-22	1.85e-16	7.64e-12	5.50e-10	2.37e-08	3.27e-07	1.94e-06	1.57e-05	2.90e-03	5.35e-02	2.41e-01	3.47e-01	2.79e-01	6.70e-02	7.82e-03	1.08e-03	3.28e-04	4.42e-06	0.00e+00
 2.13688e+22	3.87e-22	2.50e-16	1.00e-11	7.05e-10	2.97e-08	4.00e-07	2.30e-06	1.82e-05	3.21e-03	5.73e-02	2.50e-01	3.49e-01	2.70e-01	6.26e-02	7.07e-03	9.57e-04	2.82e-04	3.66e-06	0.00e+00
 2.15582e+22	5.24e-22	3.29e-16	1.28e-11	8.85e-10	3.65e-08	4.80e-07	2.69e-06	2.06e-05	3.53e-03	6.09e-02	2.58e-01	3.49e-01	2.62e-01	5.88e-02	6.44e-03	8.55e-04	2.46e-04	3.09e-06	0.00e+00
 2.17707e+22	7.62e-22	4.63e-16	1.74e-11	1.17e-09	4.71e-08	6.02e-07	3.26e-06	2.42e-05	3.97e-03	6.57e-02	2.67e-01	3.49e-01	2.53e-01	5.43e-02	5.73e-03	7.42e-04	2.07e-04	2.49e-06	0.00e+00
 2.19928e+22	1.07e-21	6.29e-16	2.29e-11	1.51e-09	5.94e-08	7.40e-07	3.89e-06	2.80e-05	4.41e-03	7.04e-02	2.76e-01	3.49e-01	2.43e-01	5.04e-02	5.14e-03	6.49e-04	1.76e-04	2.04e-06	0.00e+00
 2.21920e+22	1.46e-21	8.35e-16	2.95e-11	1.91e-09	7.36e-08	8.96e-07	4.57e-06	3.21e-05	4.87e-03	7.50e-02	2.84e-01	3.49e-01	2.35e-01	4.69e-02	4.63e-03	5.73e-04	1.52e-04	1.69e-06	0.00e+00
 2.24155e+22	2.18e-21	1.20e-15	4.08e-11	2.58e-09	9.72e-08	1.15e-06	5.66e-06	3.84e-05	5.53e-03	8.13e-02	2.95e-01	3.47e-01	2.24e-01	4.26e-02	4.03e-03	4.85e-04	1.24e-04	1.31e-06	0.00e+00
 2.26280e+22	2.87e-21	1.54e-15	5.08e-11	3.16e-09	1.17e-07	1.36e-06	6.53e-06	4.32e-05	6.03e-03	8.58e-02	3.02e-01	3.46e-01	2.16e-01	3.99e-02	3.66e-03	4.33e-04	1.08e-04	1.11e-06	0.00e+00
 2.28264e+22	4.08e-21	2.11e-15	6.73e-11	4.11e-09	1.50e-07	1.69e-06	7.89e-06	5.07e-05	6.76e-03	9.21e-02	3.11e-01	3.44e-01	2.06e-01	3.64e-02	3.22e-03	3.72e-04	8.96e-05	8.78e-07	0.00e+00
 2.30255e+22	5.35e-21	2.69e-15	8.36e-11	5.02e-09	1.80e-07	2.00e-06	9.08e-06	5.70e-05	7.35e-03	9.71e-02	3.18e-01	3.42e-01	1.99e-01	3.40e-02	2.92e-03	3.31e-04	7.79e-05	7.38e-07	0.00e+00
 2.32255e+22	7.59e-21	3.69e-15	1.10e-10	6.53e-09	2.31e-07	2.50e-06	1.10e-05	6.72e-05	8.26e-03	1.04e-01	3.27e-01	3.38e-01	1.88e-01	3.08e-02	2.54e-03	2.81e-04	6.40e-05	5.78e-07	0.00e+00
 2.34267e+22	9.93e-21	4.70e-15	1.37e-10	7.98e-09	2.78e-07	2.96e-06	1.27e-05	7.59e-05	9.00e-03	1.10e-01	3.34e-01	3.35e-01	1.81e-01	2.86e-02	2.29e-03	2.49e-04	5.52e-05	4.81e-07	0.00e+00
 2.36294e+22	1.40e-20	6.41e-15	1.79e-10	1.03e-08	3.55e-07	3.71e-06	1.54e-05	8.96e-05	1.01e-02	1.18e-01	3.42e-01	3.31e-01	1.71e-01	2.58e-02	1.98e-03	2.10e-04	4.50e-05	3.74e-07	0.00e+00
 2.38353e+22	1.84e-20	8.18e-15	2.22e-10	1.27e-08	4.30e-07	4.41e-06	1.79e-05	1.02e-04	1.11e-02	1.24e-01	3.49e-01	3.27e-01	1.63e-01	2.38e-02	1.76e-03	1.84e-04	3.84e-05	3.07e-07	0.00e+00
 2.40453e+22	2.61e-20	1.12e-14	2.91e-10	1.64e-08	5.52e-07	5.54e-06	2.18e-05	1.20e-04	1.24e-02	1.33e-01	3.57e-01	3.21e-01	1.53e-01	2.12e-02	1.51e-03	1.54e-04	3.09e-05	2.35e-07	0.00e+00
 2.42591e+22	3.44e-20	1.43e-14	3.61e-10	2.02e-08	6.72e-07	6.64e-06	2.55e-05	1.38e-04	1.37e-02	1.41e-01	3.63e-01	3.16e-01	1.45e-01	1.94e-02	1.33e-03	1.33e-04	2.60e-05	1.90e-07	0.00e+00
 2.44778e+22	4.89e-20	1.95e-14	4.73e-10	2.63e-08	8.66e-07	8.39e-06	3.12e-05	1.65e-04	1.55e-02	1.51e-01	3.71e-01	3.09e-01	1.35e-01	1.71e-02	1.12e-03	1.10e-04	2.06e-05	1.43e-07	0.00e+00
 2.47008e+22	6.46e-20	2.49e-14	5.85e-10	3.24e-08	1.06e-06	1.01e-05	3.67e-05	1.90e-04	1.70e-02	1.60e-01	3.77e-01	3.03e-01	1.27e-01	1.55e-02	9.80e-04	9.40e-05	1.70e-05	0.00e+00	0.00e+00
 2.49295e+22	9.19e-20	3.39e-14	7.63e-10	4.22e-08	1.37e-06	1.29e-05	4.53e-05	2.28e-04	1.94e-02	1.71e-01	3.83e-01	2.94e-01	1.17e-01	1.35e-02	8.15e-04	7.62e-05	1.32e-05	0.00e+00	0.00e+00
 2.51621e+22	1.21e-19	4.32e-14	9.40e-10	5.20e-08	1.68e-06	1.56e-05	5.35e-05	2.64e-04	2.14e-02	1.81e-01	3.88e-01	2.87e-01	1.09e-01	1.21e-02	7.02e-04	6.44e-05	1.08e-05	0.00e+00	0.00e+00
 2.53919e+22	1.69e-19	5.76e-14	1.20e-09	6.66e-08	2.16e-06	1.97e-05	6.55e-05	3.17e-04	2.42e-02	1.94e-01	3.93e-01	2.78e-01	9.98e-02	1.05e-02	5.82e-04	5.21e-05	8.38e-06	0.00e+00	0.00e+00
 2.56122e+22	2.14e-19	7.11e-14	1.43e-09	7.99e-08	2.58e-06	2.33e-05	7.59e-05	3.61e-04	2.65e-02	2.03e-01	3.96e-01	2.70e-01	9.34e-02	9.43e-03	5.06e-04	4.45e-05	6.94e-06	0.00e+00	0.00e+00
 2.58280e+22	2.90e-19	9.24e-14	1.79e-09	1.00e-07	3.25e-06	2.90e-05	9.18e-05	4.30e-04	2.98e-02	2.16e-01	4.00e-01	2.60e-01	8.53e-02	8.17e-03	4.19e-04	3.61e-05	5.40e-06	0.00e+00	0.00e+00
 2.60424e+22	3.64e-19	1.12e-13	2.11e-09	1.19e-07	3.86e-06	3.41e-05	1.06e-04	4.89e-04	3.24e-02	2.26e-01	4.01e-01	2.52e-01	7.95e-02	7.33e-03	3.64e-04	3.08e-05	4.47e-06	0.00e+00	0.00e+00
 2.62551e+22	4.85e-19	1.44e-13	2.59e-09	1.48e-07	4.80e-06	4.20e-05	1.27e-04	5.78e-04	3.63e-02	2.39e-01	4.03e-01	2.42e-01	7.23e-02	6.34e-03	3.01e-04	2.49e-05	3.47e-06	0.00e+00	0.00e+00
 2.64680e+22	6.03e-19	1.73e-13	3.02e-09	1.75e-07	5.67e-06	4.92e-05	1.46e-04	6.56e-04	3.94e-02	2.49e-01	4.03e-01	2.34e-01	6.71e-02	5.66e-03	2.60e-04	2.12e-05	2.86e-06	0.00e+00	0.00e+00
 2.66810e+22	7.94e-19	2.19e-13	3.67e-09	2.15e-07	7.01e-06	6.03e-05	1.74e-04	7.73e-04	4.40e-02	2.63e-01	4.03e-01	2.23e-01	6.07e-02	4.87e-03	2.14e-04	1.71e-05	2.21e-06	0.00e+00	0.00e+00
 2.68938e+22	9.80e-19	2.62e-13	4.25e-09	2.52e-07	8.23e-06	7.02e-05	1.98e-04	8.74e-04	4.77e-02	2.73e-01	4.02e-01	2.15e-01	5.62e-02	4.34e-03	1.85e-04	1.45e-05	1.82e-06	0.00e+00	0.00e+00
 2.71063e+22	1.28e-18	3.28e-13	5.11e-09	3.08e-07	1.01e-05	8.54e-05	2.35e-04	1.03e-03	5.29e-02	2.87e-01	4.00e-01	2.04e-01	5.06e-02	3.72e-03	1.52e-04	1.16e-05	1.41e-06	0.00e+00	0.00e+00
 2.73189e+22	1.57e-18	3.90e-13	5.89e-09	3.59e-07	1.18e-05	9.89e-05	2.67e-04	1.15e-03	5.71e-02	2.97e-01	3.98e-01	1.96e-01	4.67e-02	3.31e-03	1.31e-04	9.86e-06	1.16e-06	0.00e+00	0.00e+00
 2.75316e+22	2.03e-18	4.85e-13	7.04e-09	4.35e-07	1.44e-05	1.19e-04	3.14e-04	1.35e-03	6.31e-02	3.11e-01	3.94e-01	1.85e-01	4.19e-02	2.83e-03	1.08e-04	7.92e-06	8.94e-07	0.00e+00	0.00e+00
 2.77449e+22	2.48e-18	5.74e-13	8.09e-09	5.06e-07	1.67e-05	1.38e-04	3.55e-04	1.51e-03	6.79e-02	3.21e-01	3.91e-01	1.77e-01	3.85e-02	2.51e-03	9.25e-05	6.69e-06	7.33e-07	0.00e+00	0.00e+00
 2.79592e+22	3.20e-18	7.12e-13	9.63e-09	6.12e-07	2.03e-05	1.66e-04	4.15e-04	1.76e-03	7.47e-02	3.34e-01	3.86e-01	1.67e-01	3.44e-02	2.14e-03	7.57e-05	5.35e-06	5.65e-07	0.00e+00	0.00e+00
 2.81746e+22	3.92e-18	8.44e-13	1.11e-08	7.11e-07	2.35e-05	1.90e-04	4.68e-04	1.97e-03	8.02e-02	3.44e-01	3.81e-01	1.59e-01	3.15e-02	1.89e-03	6.49e-05	4.51e-06	4.62e-07	0.00e+00	0.00e+00
 2.83917e+22	5.07e-18	1.05e-12	1.32e-08	8.60e-07	2.84e-05	2.28e-04	5.44e-04	2.28e-03	8.78e-02	3.56e-01	3.74e-01	1.49e-01	2.81e-02	1.60e-03	5.30e-05	3.60e-06	3.55e-07	0.00e+00	0.00e+00
 2.86110e+22	6.22e-18	1.24e-12	1.52e-08	9.99e-07	3.30e-05	2.61e-04	6.11e-04	2.55e-03	9.40e-02	3.65e-01	3.68e-01	1.42e-01	2.56e-02	1.41e-03	4.52e-05	3.02e-06	2.89e-07	0.00e+00	0.00e+00
 2.88332e+22	8.08e-18	1.55e-12	1.82e-08	1.21e-06	3.98e-05	3.12e-04	7.08e-04	2.94e-03	1.03e-01	3.77e-01	3.60e-01	1.32e-01	2.27e-02	1.19e-03	3.67e-05	2.39e-06	2.21e-07	0.00e+00	0.00e+00
 2.90585e+22	1.00e-17	1.86e-12	2.10e-08	1.41e-06	4.62e-05	3.58e-04	7.94e-04	3.28e-03	1.10e-01	3.86e-01	3.53e-01	1.25e-01	2.06e-02	1.04e-03	3.12e-05	2.00e-06	1.79e-07	0.00e+00	0.00e+00
 2.92878e+22	1.31e-17	2.33e-12	2.53e-08	1.72e-06	5.59e-05	4.27e-04	9.19e-04	3.78e-03	1.19e-01	3.97e-01	3.44e-01	1.16e-01	1.81e-02	8.74e-04	2.52e-05	1.57e-06	1.35e-07	0.00e+00	0.00e+00
 2.95212e+22	1.64e-17	2.83e-12	2.96e-08	2.02e-06	6.50e-05	4.90e-04	1.03e-03	4.21e-03	1.27e-01	4.05e-01	3.36e-01	1.09e-01	1.63e-02	7.61e-04	2.13e-05	1.30e-06	0.00e+00	0.00e+00	0.00e+00
 2.97600e+22	2.19e-17	3.60e-12	3.61e-08	2.47e-06	7.89e-05	5.86e-04	1.19e-03	4.86e-03	1.38e-01	4.15e-01	3.25e-01	1.00e-01	1.42e-02	6.33e-04	1.70e-05	1.02e-06	0.00e+00	0.00e+00	0.00e+00
 3.00046e+22	2.78e-17	4.42e-12	4.28e-08	2.93e-06	9.23e-05	6.74e-04	1.33e-03	5.41e-03	1.47e-01	4.22e-01	3.16e-01	9.39e-02	1.28e-02	5.47e-04	1.43e-05	8.35e-07	0.00e+00	0.00e+00	0.00e+00
 3.02129e+22	3.45e-17	5.30e-12	4.98e-08	3.41e-06	1.06e-04	7.64e-04	1.47e-03	5.97e-03	1.56e-01	4.28e-01	3.08e-01	8.83e-02	1.15e-02	4.78e-04	1.21e-05	6.98e-07	0.00e+00	0.00e+00	0.00e+00
 3.04397e+22	4.57e-17	6.74e-12	6.06e-08	4.14e-06	1.27e-04	8.97e-04	1.67e-03	6.75e-03	1.67e-01	4.35e-01	2.97e-01	8.14e-02	1.01e-02	4.02e-04	9.84e-06	5.53e-07	0.00e+00	0.00e+00	0.00e+00
 3.06611e+22	5.62e-17	8.05e-12	7.03e-08	4.79e-06	1.45e-04	1.01e-03	1.83e-03	7.37e-03	1.75e-01	4.39e-01	2.89e-01	7.67e-02	9.20e-03	3.54e-04	8.46e-06	4.68e-07	0.00e+00	0.00e+00	0.00e+00
 3.08754e+22	7.36e-17	1.01e-11	8.51e-08	5.76e-06	1.71e-04	1.17e-03	2.05e-03	8.25e-03	1.86e-01	4.44e-01	2.79e-01	7.08e-02	8.11e-03	3.00e-04	6.94e-06	3.75e-07	0.00e+00	0.00e+00	0.00e+00
 3.10921e+22	9.14e-17	1.22e-11	9.94e-08	6.68e-06	1.95e-04	1.31e-03	2.25e-03	8.99e-03	1.95e-01	4.47e-01	2.71e-01	6.65e-02	7.35e-03	2.64e-04	5.95e-06	3.16e-07	0.00e+00	0.00e+00	0.00e+00
 3.13117e+22	1.21e-16	1.55e-11	1.21e-07	8.08e-06	2.31e-04	1.52e-03	2.52e-03	1.01e-02	2.07e-01	4.51e-01	2.60e-01	6.11e-02	6.44e-03	2.22e-04	4.85e-06	2.52e-07	0.00e+00	0.00e+00	0.00e+00
 3.15324e+22	1.51e-16	1.88e-11	1.43e-07	9.41e-06	2.64e-04	1.70e-03	2.75e-03	1.09e-02	2.16e-01	4.53e-01	2.52e-01	5.73e-02	5.83e-03	1.95e-04	4.16e-06	2.12e-07	0.00e+00	0.00e+00	0.00e+00
 3.17547e+22	2.02e-16	2.41e-11	1.76e-07	1.14e-05	3.12e-04	1.97e-03	3.07e-03	1.22e-02	2.29e-01	4.56e-01	2.41e-01	5.25e-02	5.09e-03	1.64e-04	3.38e-06	1.69e-07	0.00e+00	0.00e+00	0.00e+00
 3.19796e+22	2.55e-16	2.94e-11	2.08e-07	1.33e-05	3.57e-04	2.21e-03	3.35e-03	1.32e-02	2.38e-01	4.57e-01	2.32e-01	4.90e-02	4.59e-03	1.44e-04	2.89e-06	1.42e-07	0.00e+00	0.00e+00	0.00e+00
 3.22081e+22	3.44e-16	3.82e-11	2.59e-07	1.63e-05	4.24e-04	2.56e-03	3.74e-03	1.46e-02	2.51e-01	4.57e-01	2.21e-01	4.47e-02	3.99e-03	1.20e-04	2.34e-06	0.00e+00	0.00e+00	0.00e+00	0.00e+00
 3.24399e+22	4.39e-16	4.72e-11	3.10e-07	1.92e-05	4.86e-04	2.87e-03	4.07e-03	1.58e-02	2.61e-01	4.57e-01	2.13e-01	4.16e-02	3.58e-03	1.05e-04	1.99e-06	0.00e+00	0.00e+00	0.00e+00	0.00e+00
 3.26762e+22	6.03e-16	6.20e-11	3.90e-07	2.36e-05	5.80e-04	3.33e-03	4.55e-03	1.76e-02	2.75e-01	4.56e-01	2.02e-01	3.77e-02	3.09e-03	8.69e-05	1.60e-06	0.00e+00	0.00e+00	0.00e+00	0.00e+00
 3.29164e+22	7.79e-16	7.75e-11	4.72e-07	2.80e-05	6.68e-04	3.74e-03	4.96e-03	1.90e-02	2.85e-01	4.55e-01	1.94e-01	3.50e-02	2.76e-03	7.53e-05	1.35e-06	0.00e+00	0.00e+00	0.00e+00	0.00e+00
 3.31620e+22	1.09e-15	1.03e-10	6.02e-07	3.48e-05	8.01e-04	4.35e-03	5.53e-03	2.11e-02	3.00e-01	4.52e-01	1.83e-01	3.15e-02	2.37e-03	6.21e-05	1.07e-06	0.00e+00	0.00e+00	0.00e+00	0.00e+00
 3.34127e+22	1.43e-15	1.31e-10	7.37e-07	4.15e-05	9.27e-04	4.90e-03	6.04e-03	2.28e-02	3.11e-01	4.49e-01	1.75e-01	2.90e-02	2.10e-03	5.34e-05	9.01e-07	0.00e+00	0.00e+00	0.00e+00	0.00e+00
 3.36702e+22	2.03e-15	1.78e-10	9.56e-07	5.22e-05	1.12e-03	5.72e-03	6.75e-03	2.54e-02	3.25e-01	4.44e-01	1.64e-01	2.60e-02	1.78e-03	4.36e-05	7.09e-07	0.00e+00	0.00e+00	0.00e+00	0.00e+00
 3.39307e+22	2.69e-15	2.28e-10	1.18e-06	6.25e-05	1.30e-03	6.44e-03	7.36e-03	2.74e-02	3.36e-01	4.40e-01	1.56e-01	2.38e-02	1.57e-03	3.73e-05	5.92e-07	0.00e+00	0.00e+00	0.00e+00	0.00e+00
 3.41951e+22	3.88e-15	3.13e-10	1.54e-06	7.91e-05	1.57e-03	7.53e-03	8.21e-03	3.03e-02	3.51e-01	4.34e-01	1.45e-01	2.12e-02	1.33e-03	3.03e-05	4.63e-07	0.00e+00	0.00e+00	0.00e+00	0.00e+00
 3.44623e+22	5.17e-15	4.03e-10	1.92e-06	9.52e-05	1.83e-03	8.48e-03	8.94e-03	3.26e-02	3.62e-01	4.28e-01	1.38e-01	1.93e-02	1.17e-03	2.58e-05	3.85e-07	0.00e+00	0.00e+00	0.00e+00	0.00e+00
 3.46922e+22	6.82e-15	5.12e-10	2.35e-06	1.13e-04	2.10e-03	9.50e-03	9.69e-03	3.50e-02	3.72e-01	4.22e-01	1.30e-01	1.77e-02	1.03e-03	2.21e-05	3.21e-07	0.00e+00	0.00e+00	0.00e+00	0.00e+00
 3.49499e+22	9.76e-15	7.01e-10	3.08e-06	1.43e-04	2.53e-03	1.10e-02	1.07e-02	3.84e-02	3.85e-01	4.14e-01	1.21e-01	1.57e-02	8.68e-04	1.80e-05	2.53e-07	0.00e+00	0.00e+00	0.00e+00	0.00e+00
 3.52100e+22	1.29e-14	8.96e-10	3.79e-06	1.70e-04	2.92e-03	1.23e-02	1.16e-02	4.10e-02	3.95e-01	4.07e-01	1.15e-01	1.44e-02	7.64e-04	1.54e-05	2.11e-07	0.00e+00	0.00e+00	0.00e+00	0.00e+00
 3.54291e+22	1.67e-14	1.12e-09	4.60e-06	2.00e-04	3.32e-03	1.36e-02	1.24e-02	4.36e-02	4.04e-01	4.00e-01	1.09e-01	1.32e-02	6.78e-04	1.33e-05	1.78e-07	0.00e+00	0.00e+00	0.00e+00	0.00e+00
 3.56700e+22	2.34e-14	1.51e-09	5.91e-06	2.48e-04	3.93e-03	1.55e-02	1.36e-02	4.72e-02	4.15e-01	3.91e-01	1.01e-01	1.18e-02	5.77e-04	1.10e-05	1.42e-07	0.00e+00	0.00e+00	0.00e+00	0.00e+00
 3.59082e+22	3.02e-14	1.88e-09	7.14e-06	2.90e-04	4.46e-03	1.71e-02	1.46e-02	4.99e-02	4.22e-01	3.84e-01	9.61e-02	1.08e-02	5.13e-04	9.55e-06	1.21e-07	0.00e+00	0.00e+00	0.00e+00	0.00e+00
 3.61431e+22	4.14e-14	2.48e-09	9.04e-06	3.54e-04	5.21e-03	1.93e-02	1.58e-02	5.34e-02	4.32e-01	3.74e-01	8.97e-02	9.68e-03	4.42e-04	7.98e-06	0.00e+00	0.00e+00	0.00e+00	0.00e+00	0.00e+00
 3.63880e+22	5.49e-14	3.17e-09	1.12e-05	4.22e-04	5.99e-03	2.15e-02	1.70e-02	5.68e-02	4.39e-01	3.66e-01	8.41e-02	8.77e-03	3.85e-04	6.78e-06	0.00e+00	0.00e+00	0.00e+00	0.00e+00	0.00e+00
 3.66083e+22	7.14e-14	3.99e-09	1.36e-05	4.97e-04	6.81e-03	2.37e-02	1.82e-02	5.99e-02	4.46e-01	3.57e-01	7.93e-02	8.00e-03	3.40e-04	5.84e-06	0.00e+00	0.00e+00	0.00e+00	0.00e+00	0.00e+00
 3.68573e+22	1.01e-13	5.38e-09	1.76e-05	6.14e-04	8.04e-03	2.69e-02	1.98e-02	6.42e-02	4.54e-01	3.46e-01	7.32e-02	7.07e-03	2.87e-04	4.78e-06	0.00e+00	0.00e+00	0.00e+00	0.00e+00	0.00e+00
 3.71119e+22	1.33e-13	6.88e-09	2.16e-05	7.30e-04	9.20e-03	2.98e-02	2.12e-02	6.79e-02	4.60e-01	3.36e-01	6.84e-02	6.38e-03	2.50e-04	4.06e-06	0.00e+00	0.00e+00	0.00e+00	0.00e+00	0.00e+00
 3.73737e+22	1.88e-13	9.30e-09	2.80e-05	9.03e-04	1.08e-02	3.38e-02	2.30e-02	7.24e-02	4.67e-01	3.24e-01	6.29e-02	5.62e-03	2.10e-04	3.32e-06	0.00e+00	0.00e+00	0.00e+00	0.00e+00	0.00e+00
 3.76473e+22	2.58e-13	1.22e-08	3.54e-05	1.09e-03	1.26e-02	3.77e-02	2.47e-02	7.67e-02	4.72e-01	3.12e-01	5.81e-02	4.99e-03	1.79e-04	2.76e-06	0.00e+00	0.00e+00	0.00e+00	0.00e+00	0.00e+00
 3.78915e+22	3.42e-13	1.56e-08	4.36e-05	1.30e-03	1.44e-02	4.16e-02	2.64e-02	8.06e-02	4.75e-01	3.02e-01	5.40e-02	4.48e-03	1.55e-04	2.33e-06	0.00e+00	0.00e+00	0.00e+00	0.00e+00	0.00e+00
 3.81644e+22	4.94e-13	2.15e-08	5.72e-05	1.62e-03	1.71e-02	4.72e-02	2.86e-02	8.58e-02	4.79e-01	2.88e-01	4.89e-02	3.88e-03	1.28e-04	1.87e-06	0.00e+00	0.00e+00	0.00e+00	0.00e+00	0.00e+00
 3.84423e+22	6.63e-13	2.78e-08	7.12e-05	1.94e-03	1.95e-02	5.22e-02	3.05e-02	9.00e-02	4.80e-01	2.77e-01	4.51e-02	3.44e-03	1.10e-04	1.56e-06	0.00e+00	0.00e+00	0.00e+00	0.00e+00	0.00e+00
 3.87269e+22	9.62e-13	3.85e-08	9.36e-05	2.42e-03	2.32e-02	5.90e-02	3.29e-02	9.53e-02	4.81e-01	2.62e-01	4.06e-02	2.96e-03	8.99e-05	1.24e-06	0.00e+00	0.00e+00	0.00e+00	0.00e+00	0.00e+00
 3.90170e+22	1.31e-12	5.02e-08	1.17e-04	2.90e-03	2.66e-02	6.52e-02	3.50e-02	9.97e-02	4.81e-01	2.50e-01	3.71e-02	2.60e-03	7.59e-05	1.02e-06	0.00e+00	0.00e+00	0.00e+00	0.00e+00	0.00e+00
 3.92753e+22	1.76e-12	6.50e-08	1.46e-04	3.46e-03	3.04e-02	7.17e-02	3.72e-02	1.04e-01	4.79e-01	2.38e-01	3.39e-02	2.29e-03	6.43e-05	8.42e-07	0.00e+00	0.00e+00	0.00e+00	0.00e+00	0.00e+00
 3.95722e+22	2.57e-12	9.01e-08	1.92e-04	4.32e-03	3.59e-02	8.07e-02	3.99e-02	1.09e-01	4.75e-01	2.23e-01	3.01e-02	1.93e-03	5.18e-05	6.58e-07	0.00e+00	0.00e+00	0.00e+00	0.00e+00	0.00e+00
 3.98752e+22	3.50e-12	1.18e-07	2.42e-04	5.18e-03	4.11e-02	8.87e-02	4.22e-02	1.13e-01	4.70e-01	2.10e-01	2.72e-02	1.68e-03	4.32e-05	5.35e-07	0.00e+00	0.00e+00	0.00e+00	0.00e+00	0.00e+00
 4.01861e+22	5.15e-12	1.65e-07	3.20e-04	6.48e-03	4.85e-02	9.94e-02	4.51e-02	1.18e-01	4.62e-01	1.95e-01	2.38e-02	1.40e-03	3.42e-05	4.11e-07	0.00e+00	0.00e+00	0.00e+00	0.00e+00	0.00e+00
 4.04962e+22	6.96e-12	2.13e-07	3.97e-04	7.69e-03	5.51e-02	1.08e-01	4.74e-02	1.22e-01	4.54e-01	1.83e-01	2.14e-02	1.21e-03	2.85e-05	3.33e-07	0.00e+00	0.00e+00	0.00e+00	0.00e+00	0.00e+00
 4.08051e+22	1.01e-11	2.95e-07	5.21e-04	9.52e-03	6.43e-02	1.20e-01	5.01e-02	1.26e-01	4.42e-01	1.68e-01	1.85e-02	9.96e-04	2.24e-05	2.54e-07	0.00e+00	0.00e+00	0.00e+00	0.00e+00	0.00e+00
 4.11231e+22	1.39e-11	3.86e-07	6.52e-04	1.13e-02	7.30e-02	1.31e-01	5.24e-02	1.29e-01	4.30e-01	1.55e-01	1.64e-02	8.44e-04	1.82e-05	2.02e-07	0.00e+00	0.00e+00	0.00e+00	0.00e+00	0.00e+00
 4.13808e+22	1.79e-11	4.81e-07	7.83e-04	1.31e-02	8.09e-02	1.40e-01	5.41e-02	1.31e-01	4.20e-01	1.45e-01	1.48e-02	7.33e-04	1.53e-05	1.66e-07	0.00e+00	0.00e+00	0.00e+00	0.00e+00	0.00e+00
 4.16087e+22	2.25e-11	5.85e-07	9.20e-04	1.48e-02	8.84e-02	1.48e-01	5.57e-02	1.33e-01	4.09e-01	1.36e-01	1.34e-02	6.45e-04	1.31e-05	1.39e-07	0.00e+00	0.00e+00	0.00e+00	0.00e+00	0.00e+00
 4.18700e+22	3.01e-11	7.49e-07	1.13e-03	1.74e-02	9.88e-02	1.58e-01	5.75e-02	1.34e-01	3.95e-01	1.25e-01	1.18e-02	5.45e-04	1.06e-05	0.00e+00	0.00e+00	0.00e+00	0.00e+00	0.00e+00	0.00e+00
 4.21474e+22	3.93e-11	9.39e-07	1.36e-03	2.00e-02	1.09e-01	1.68e-01	5.90e-02	1.36e-01	3.80e-01	1.16e-01	1.04e-02	4.65e-04	8.75e-06	0.00e+00	0.00e+00	0.00e+00	0.00e+00	0.00e+00	0.00e+00
 4.24045e+22	5.07e-11	1.17e-06	1.62e-03	2.29e-02	1.20e-01	1.78e-01	6.04e-02	1.36e-01	3.66e-01	1.07e-01	9.22e-03	3.97e-04	7.21e-06	0.00e+00	0.00e+00	0.00e+00	0.00e+00	0.00e+00	0.00e+00
 4.26972e+22	7.06e-11	1.54e-06	2.04e-03	2.72e-02	1.34e-01	1.90e-01	6.18e-02	1.36e-01	3.45e-01	9.50e-02	7.80e-03	3.20e-04	5.57e-06	0.00e+00	0.00e+00	0.00e+00	0.00e+00	0.00e+00	0.00e+00
 4.29912e+22	9.09e-11	1.91e-06	2.43e-03	3.10e-02	1.47e-01	1.99e-01	6.28e-02	1.36e-01	3.29e-01	8.65e-02	6.82e-03	2.70e-04	4.54e-06	0.00e+00	0.00e+00	0.00e+00	0.00e+00	0.00e+00	0.00e+00
 4.32868e+22	1.24e-10	2.47e-06	3.00e-03	3.62e-02	1.62e-01	2.10e-01	6.36e-02	1.34e-01	3.08e-01	7.67e-02	5.75e-03	2.17e-04	3.50e-06	0.00e+00	0.00e+00	0.00e+00	0.00e+00	0.00e+00	0.00e+00
 4.35902e+22	1.61e-10	3.09e-06	3.58e-03	4.12e-02	1.76e-01	2.19e-01	6.40e-02	1.32e-01	2.90e-01	6.87e-02	4.93e-03	1.79e-04	2.78e-06	0.00e+00	0.00e+00	0.00e+00	0.00e+00	0.00e+00	0.00e+00
 4.38588e+22	2.05e-10	3.78e-06	4.21e-03	4.64e-02	1.90e-01	2.27e-01	6.42e-02	1.30e-01	2.72e-01	6.17e-02	4.25e-03	1.49e-04	2.23e-06	0.00e+00	0.00e+00	0.00e+00	0.00e+00	0.00e+00	0.00e+00
 4.41627e+22	2.77e-10	4.85e-06	5.14e-03	5.35e-02	2.07e-01	2.36e-01	6.41e-02	1.27e-01	2.51e-01	5.37e-02	3.51e-03	1.17e-04	1.69e-06	0.00e+00	0.00e+00	0.00e+00	0.00e+00	0.00e+00	0.00e+00
 4.44766e+22	3.58e-10	6.00e-06	6.08e-03	6.02e-02	2.22e-01	2.42e-01	6.37e-02	1.23e-01	2.32e-01	4.73e-02	2.95e-03	9.49e-05	1.32e-06	0.00e+00	0.00e+00	0.00e+00	0.00e+00	0.00e+00	0.00e+00
 4.47578e+22	4.56e-10	7.33e-06	7.12e-03	6.72e-02	2.37e-01	2.48e-01	6.30e-02	1.19e-01	2.14e-01	4.16e-02	2.49e-03	7.70e-05	1.03e-06	0.00e+00	0.00e+00	0.00e+00	0.00e+00	0.00e+00	0.00e+00
 4.50780e+22	6.14e-10	9.36e-06	8.62e-03	7.67e-02	2.55e-01	2.53e-01	6.18e-02	1.14e-01	1.93e-01	3.53e-02	2.00e-03	5.90e-05	7.57e-07	0.00e+00	0.00e+00	0.00e+00	0.00e+00	0.00e+00	0.00e+00
 4.54072e+22	7.92e-10	1.15e-05	1.01e-02	8.56e-02	2.70e-01	2.57e-01	6.05e-02	1.09e-01	1.75e-01	3.04e-02	1.64e-03	4.64e-05	5.74e-07	0.00e+00	0.00e+00	0.00e+00	0.00e+00	0.00e+00	0.00e+00
 4.57005e+22	1.00e-09	1.40e-05	1.18e-02	9.45e-02	2.84e-01	2.59e-01	5.91e-02	1.04e-01	1.59e-01	2.63e-02	1.36e-03	3.69e-05	4.40e-07	0.00e+00	0.00e+00	0.00e+00	0.00e+00	0.00e+00	0.00e+00
 4.60337e+22	1.34e-09	1.77e-05	1.41e-02	1.06e-01	3.01e-01	2.60e-01	5.70e-02	9.79e-02	1.40e-01	2.18e-02	1.06e-03	2.75e-05	3.14e-07	0.00e+00	0.00e+00	0.00e+00	0.00e+00	0.00e+00	0.00e+00
 4.63756e+22	1.72e-09	2.16e-05	1.64e-02	1.17e-01	3.15e-01	2.60e-01	5.50e-02	9.21e-02	1.25e-01	1.84e-02	8.53e-04	2.12e-05	2.33e-07	0.00e+00	0.00e+00	0.00e+00	0.00e+00	0.00e+00	0.00e+00
 4.66780e+22	2.16e-09	2.60e-05	1.88e-02	1.28e-01	3.27e-01	2.59e-01	5.30e-02	8.67e-02	1.12e-01	1.56e-02	6.93e-04	1.65e-05	1.75e-07	0.00e+00	0.00e+00	0.00e+00	0.00e+00	0.00e+00	0.00e+00
 4.70201e+22	2.86e-09	3.25e-05	2.22e-02	1.42e-01	3.40e-01	2.56e-01	5.03e-02	7.99e-02	9.66e-02	1.26e-02	5.29e-04	1.20e-05	1.22e-07	0.00e+00	0.00e+00	0.00e+00	0.00e+00	0.00e+00	0.00e+00
 4.73711e+22	3.64e-09	3.94e-05	2.56e-02	1.54e-01	3.51e-01	2.52e-01	4.78e-02	7.40e-02	8.46e-02	1.04e-02	4.16e-04	9.05e-06	0.00e+00	0.00e+00	0.00e+00	0.00e+00	0.00e+00	0.00e+00	0.00e+00
 4.76817e+22	4.54e-09	4.69e-05	2.91e-02	1.66e-01	3.60e-01	2.47e-01	4.55e-02	6.87e-02	7.46e-02	8.72e-03	3.32e-04	6.94e-06	0.00e+00	0.00e+00	0.00e+00	0.00e+00	0.00e+00	0.00e+00	0.00e+00
 4.80331e+22	5.95e-09	5.80e-05	3.40e-02	1.82e-01	3.69e-01	2.40e-01	4.25e-02	6.23e-02	6.32e-02	6.92e-03	2.48e-04	4.94e-06	0.00e+00	0.00e+00	0.00e+00	0.00e+00	0.00e+00	0.00e+00	0.00e+00
 4.83952e+22	7.54e-09	6.99e-05	3.89e-02	1.96e-01	3.75e-01	2.33e-01	3.98e-02	5.68e-02	5.44e-02	5.61e-03	1.91e-04	3.63e-06	0.00e+00	0.00e+00	0.00e+00	0.00e+00	0.00e+00	0.00e+00	0.00e+00
 4.87169e+22	9.34e-09	8.25e-05	4.37e-02	2.09e-01	3.80e-01	2.26e-01	3.75e-02	5.20e-02	4.72e-02	4.60e-03	1.50e-04	2.73e-06	0.00e+00	0.00e+00	0.00e+00	0.00e+00	0.00e+00	0.00e+00	0.00e+00
 4.90809e+22	1.22e-08	1.01e-04	5.06e-02	2.25e-01	3.84e-01	2.16e-01	3.45e-02	4.63e-02	3.92e-02	3.57e-03	1.09e-04	1.89e-06	0.00e+00	0.00e+00	0.00e+00	0.00e+00	0.00e+00	0.00e+00	0.00e+00
 4.94554e+22	1.53e-08	1.21e-04	5.72e-02	2.40e-01	3.86e-01	2.07e-01	3.20e-02	4.17e-02	3.33e-02	2.84e-03	8.25e-05	1.37e-06	0.00e+00	0.00e+00	0.00e+00	0.00e+00	0.00e+00	0.00e+00	0.00e+00
 4.97902e+22	1.90e-08	1.42e-04	6.40e-02	2.54e-01	3.86e-01	1.98e-01	2.97e-02	3.76e-02	2.83e-02	2.29e-03	6.30e-05	1.00e-06	0.00e+00	0.00e+00	0.00e+00	0.00e+00	0.00e+00	0.00e+00	0.00e+00
 5.01719e+22	2.48e-08	1.75e-04	7.37e-02	2.71e-01	3.84e-01	1.87e-01	2.69e-02	3.28e-02	2.30e-02	1.72e-03	4.44e-05	6.71e-07	0.00e+00	0.00e+00	0.00e+00	0.00e+00	0.00e+00	0.00e+00	0.00e+00
 5.05605e+22	3.08e-08	2.06e-04	8.24e-02	2.85e-01	3.81e-01	1.77e-01	2.46e-02	2.92e-02	1.92e-02	1.35e-03	3.31e-05	4.79e-07	0.00e+00	0.00e+00	0.00e+00	0.00e+00	0.00e+00	0.00e+00	0.00e+00
 5.08971e+22	3.76e-08	2.39e-04	9.11e-02	2.98e-01	3.77e-01	1.68e-01	2.27e-02	2.61e-02	1.63e-02	1.08e-03	2.52e-05	3.50e-07	0.00e+00	0.00e+00	0.00e+00	0.00e+00	0.00e+00	0.00e+00	0.00e+00
 5.12737e+22	4.84e-08	2.89e-04	1.03e-01	3.13e-01	3.70e-01	1.56e-01	2.04e-02	2.25e-02	1.31e-02	8.03e-04	1.76e-05	2.33e-07	0.00e+00	0.00e+00	0.00e+00	0.00e+00	0.00e+00	0.00e+00	0.00e+00
 5.16371e+22	5.80e-08	3.31e-04	1.13e-01	3.24e-01	3.64e-01	1.48e-01	1.88e-02	2.02e-02	1.11e-02	6.46e-04	1.35e-05	1.72e-07	0.00e+00	0.00e+00	0.00e+00	0.00e+00	0.00e+00	0.00e+00	0.00e+00
 5.19835e+22	7.23e-08	3.89e-04	1.25e-01	3.37e-01	3.56e-01	1.38e-01	1.69e-02	1.76e-02	9.06e-03	4.92e-04	9.75e-06	0.00e+00	0.00e+00	0.00e+00	0.00e+00	0.00e+00	0.00e+00	0.00e+00	0.00e+00
 5.23333e+22	8.65e-08	4.44e-04	1.36e-01	3.47e-01	3.48e-01	1.29e-01	1.55e-02	1.56e-02	7.63e-03	3.91e-04	7.40e-06	0.00e+00	0.00e+00	0.00e+00	0.00e+00	0.00e+00	0.00e+00	0.00e+00	0.00e+00
 5.26409e+22	1.03e-07	5.04e-04	1.47e-01	3.56e-01	3.39e-01	1.22e-01	1.42e-02	1.39e-02	6.44e-03	3.12e-04	5.65e-06	0.00e+00	0.00e+00	0.00e+00	0.00e+00	0.00e+00	0.00e+00	0.00e+00	0.00e+00
 5.29940e+22	1.27e-07	5.89e-04	1.62e-01	3.67e-01	3.28e-01	1.12e-01	1.27e-02	1.20e-02	5.20e-03	2.35e-04	4.02e-06	0.00e+00	0.00e+00	0.00e+00	0.00e+00	0.00e+00	0.00e+00	0.00e+00	0.00e+00
 5.33571e+22	1.53e-07	6.72e-04	1.76e-01	3.75e-01	3.17e-01	1.04e-01	1.15e-02	1.05e-02	4.30e-03	1.83e-04	2.98e-06	0.00e+00	0.00e+00	0.00e+00	0.00e+00	0.00e+00	0.00e+00	0.00e+00	0.00e+00
 5.36811e+22	1.81e-07	7.59e-04	1.90e-01	3.82e-01	3.07e-01	9.73e-02	1.05e-02	9.24e-03	3.59e-03	1.44e-04	2.24e-06	0.00e+00	0.00e+00	0.00e+00	0.00e+00	0.00e+00	0.00e+00	0.00e+00	0.00e+00
 5.40502e+22	2.24e-07	8.84e-04	2.08e-01	3.89e-01	2.93e-01	8.87e-02	9.27e-03	7.84e-03	2.84e-03	1.06e-04	1.55e-06	0.00e+00	0.00e+00	0.00e+00	0.00e+00	0.00e+00	0.00e+00	0.00e+00	0.00e+00
 5.44221e+22	2.66e-07	9.99e-04	2.23e-01	3.95e-01	2.82e-01	8.20e-02	8.35e-03	6.83e-03	2.34e-03	8.19e-05	1.15e-06	0.00e+00	0.00e+00	0.00e+00	0.00e+00	0.00e+00	0.00e+00	0.00e+00	0.00e+00
 5.47124e+22	3.04e-07	1.10e-03	2.36e-01	3.98e-01	2.72e-01	7.71e-02	7.69e-03	6.12e-03	2.01e-03	6.70e-05	9.03e-07	0.00e+00	0.00e+00	0.00e+00	0.00e+00	0.00e+00	0.00e+00	0.00e+00	0.00e+00
 5.50047e+22	3.57e-07	1.23e-03	2.52e-01	4.01e-01	2.61e-01	7.13e-02	6.95e-03	5.35e-03	1.66e-03	5.22e-05	6.73e-07	0.00e+00	0.00e+00	0.00e+00	0.00e+00	0.00e+00	0.00e+00	0.00e+00	0.00e+00
 5.53052e+22	4.08e-07	1.35e-03	2.65e-01	4.03e-01	2.51e-01	6.67e-02	6.37e-03	4.76e-03	1.42e-03	4.23e-05	5.25e-07	0.00e+00	0.00e+00	0.00e+00	0.00e+00	0.00e+00	0.00e+00	0.00e+00	0.00e+00
 5.55754e+22	4.64e-07	1.48e-03	2.79e-01	4.05e-01	2.42e-01	6.23e-02	5.84e-03	4.25e-03	1.21e-03	3.43e-05	4.11e-07	0.00e+00	0.00e+00	0.00e+00	0.00e+00	0.00e+00	0.00e+00	0.00e+00	0.00e+00
 5.58858e+22	5.47e-07	1.65e-03	2.97e-01	4.05e-01	2.29e-01	5.71e-02	5.23e-03	3.66e-03	9.85e-04	2.63e-05	3.00e-07	0.00e+00	0.00e+00	0.00e+00	0.00e+00	0.00e+00	0.00e+00	0.00e+00	0.00e+00
 5.61980e+22	6.24e-07	1.81e-03	3.11e-01	4.05e-01	2.19e-01	5.32e-02	4.77e-03	3.24e-03	8.32e-04	2.11e-05	2.32e-07	0.00e+00	0.00e+00	0.00e+00	0.00e+00	0.00e+00	0.00e+00	0.00e+00	0.00e+00
 5.64707e+22	7.08e-07	1.97e-03	3.26e-01	4.05e-01	2.10e-01	4.95e-02	4.35e-03	2.87e-03	7.06e-04	1.70e-05	1.80e-07	0.00e+00	0.00e+00	0.00e+00	0.00e+00	0.00e+00	0.00e+00	0.00e+00	0.00e+00
 5.67836e+22	8.32e-07	2.20e-03	3.45e-01	4.03e-01	1.98e-01	4.51e-02	3.87e-03	2.45e-03	5.70e-04	1.29e-05	1.30e-07	0.00e+00	0.00e+00	0.00e+00	0.00e+00	0.00e+00	0.00e+00	0.00e+00	0.00e+00
 5.70981e+22	9.42e-07	2.39e-03	3.60e-01	4.01e-01	1.89e-01	4.18e-02	3.52e-03	2.17e-03	4.82e-04	1.03e-05	0.00e+00	0.00e+00	0.00e+00	0.00e+00	0.00e+00	0.00e+00	0.00e+00	0.00e+00	0.00e+00
 5.72907e+22	9.89e-07	2.47e-03	3.66e-01	4.00e-01	1.85e-01	4.06e-02	3.39e-03	2.06e-03	4.50e-04	9.44e-06	0.00e+00	0.00e+00	0.00e+00	0.00e+00	0.00e+00	0.00e+00	0.00e+00	0.00e+00	0.00e+00
 5.74169e+22	1.06e-06	2.58e-03	3.74e-01	3.98e-01	1.80e-01	3.90e-02	3.22e-03	1.92e-03	4.11e-04	8.38e-06	0.00e+00	0.00e+00	0.00e+00	0.00e+00	0.00e+00	0.00e+00	0.00e+00	0.00e+00	0.00e+00
 5.75809e+22	1.14e-06	2.72e-03	3.84e-01	3.96e-01	1.75e-01	3.72e-02	3.04e-03	1.78e-03	3.70e-04	7.30e-06	0.00e+00	0.00e+00	0.00e+00	0.00e+00	0.00e+00	0.00e+00	0.00e+00	0.00e+00	0.00e+00
 5.77942e+22	1.26e-06	2.90e-03	3.97e-01	3.93e-01	1.67e-01	3.49e-02	2.81e-03	1.60e-03	3.20e-04	6.06e-06	0.00e+00	0.00e+00	0.00e+00	0.00e+00	0.00e+00	0.00e+00	0.00e+00	0.00e+00	0.00e+00
 5.80714e+22	1.45e-06	3.18e-03	4.15e-01	3.88e-01	1.58e-01	3.19e-02	2.51e-03	1.38e-03	2.63e-04	4.68e-06	0.00e+00	0.00e+00	0.00e+00	0.00e+00	0.00e+00	0.00e+00	0.00e+00	0.00e+00	0.00e+00
 5.83701e+22	1.62e-06	3.43e-03	4.30e-01	3.84e-01	1.50e-01	2.95e-02	2.28e-03	1.22e-03	2.22e-04	3.76e-06	0.00e+00	0.00e+00	0.00e+00	0.00e+00	0.00e+00	0.00e+00	0.00e+00	0.00e+00	0.00e+00
 5.86967e+22	1.89e-06	3.79e-03	4.50e-01	3.77e-01	1.39e-01	2.66e-02	2.01e-03	1.02e-03	1.77e-04	2.80e-06	0.00e+00	0.00e+00	0.00e+00	0.00e+00	0.00e+00	0.00e+00	0.00e+00	0.00e+00	0.00e+00
 5.90301e+22	2.15e-06	4.11e-03	4.67e-01	3.71e-01	1.31e-01	2.43e-02	1.80e-03	8.86e-04	1.46e-04	2.18e-06	0.00e+00	0.00e+00	0.00e+00	0.00e+00	0.00e+00	0.00e+00	0.00e+00	0.00e+00	0.00e+00
 5.93722e+22	2.50e-06	4.53e-03	4.87e-01	3.63e-01	1.21e-01	2.18e-02	1.57e-03	7.41e-04	1.15e-04	1.61e-06	0.00e+00	0.00e+00	0.00e+00	0.00e+00	0.00e+00	0.00e+00	0.00e+00	0.00e+00	0.00e+00
 5.97215e+22	2.84e-06	4.91e-03	5.04e-01	3.56e-01	1.13e-01	1.99e-02	1.41e-03	6.38e-04	9.46e-05	1.24e-06	0.00e+00	0.00e+00	0.00e+00	0.00e+00	0.00e+00	0.00e+00	0.00e+00	0.00e+00	0.00e+00
 6.00803e+22	3.32e-06	5.42e-03	5.26e-01	3.45e-01	1.04e-01	1.77e-02	1.22e-03	5.26e-04	7.35e-05	8.96e-07	0.00e+00	0.00e+00	0.00e+00	0.00e+00	0.00e+00	0.00e+00	0.00e+00	0.00e+00	0.00e+00
 6.04425e+22	3.77e-06	5.86e-03	5.43e-01	3.37e-01	9.69e-02	1.60e-02	1.08e-03	4.51e-04	6.01e-05	6.91e-07	0.00e+00	0.00e+00	0.00e+00	0.00e+00	0.00e+00	0.00e+00	0.00e+00	0.00e+00	0.00e+00
 6.08091e+22	4.40e-06	6.46e-03	5.64e-01	3.25e-01	8.85e-02	1.42e-02	9.35e-04	3.71e-04	4.66e-05	4.97e-07	0.00e+00	0.00e+00	0.00e+00	0.00e+00	0.00e+00	0.00e+00	0.00e+00	0.00e+00	0.00e+00
 6.11864e+22	5.01e-06	7.00e-03	5.82e-01	3.15e-01	8.19e-02	1.28e-02	8.25e-04	3.14e-04	3.76e-05	3.76e-07	0.00e+00	0.00e+00	0.00e+00	0.00e+00	0.00e+00	0.00e+00	0.00e+00	0.00e+00	0.00e+00
 6.15776e+22	5.89e-06	7.73e-03	6.04e-01	3.02e-01	7.41e-02	1.12e-02	7.03e-04	2.54e-04	2.86e-05	2.65e-07	0.00e+00	0.00e+00	0.00e+00	0.00e+00	0.00e+00	0.00e+00	0.00e+00	0.00e+00	0.00e+00
 6.19183e+22	6.47e-06	8.18e-03	6.16e-01	2.95e-01	6.98e-02	1.04e-02	6.39e-04	2.25e-04	2.44e-05	2.15e-07	0.00e+00	0.00e+00	0.00e+00	0.00e+00	0.00e+00	0.00e+00	0.00e+00	0.00e+00	0.00e+00
 6.21933e+22	7.22e-06	8.74e-03	6.30e-01	2.86e-01	6.51e-02	9.45e-03	5.72e-04	1.94e-04	2.02e-05	1.69e-07	0.00e+00	0.00e+00	0.00e+00	0.00e+00	0.00e+00	0.00e+00	0.00e+00	0.00e+00	0.00e+00
 6.24791e+22	7.94e-06	9.25e-03	6.42e-01	2.78e-01	6.11e-02	8.71e-03	5.19e-04	1.71e-04	1.71e-05	1.36e-07	0.00e+00	0.00e+00	0.00e+00	0.00e+00	0.00e+00	0.00e+00	0.00e+00	0.00e+00	0.00e+00
 6.27789e+22	8.89e-06	9.90e-03	6.57e-01	2.68e-01	5.66e-02	7.89e-03	4.61e-04	1.46e-04	1.40e-05	0.00e+00	0.00e+00	0.00e+00	0.00e+00	0.00e+00	0.00e+00	0.00e+00	0.00e+00	0.00e+00	0.00e+00
 6.30837e+22	9.83e-06	1.05e-02	6.70e-01	2.59e-01	5.29e-02	7.23e-03	4.15e-04	1.27e-04	1.17e-05	0.00e+00	0.00e+00	0.00e+00	0.00e+00	0.00e+00	0.00e+00	0.00e+00	0.00e+00	0.00e+00	0.00e+00
 6.33514e+22	1.08e-05	1.11e-02	6.81e-01	2.51e-01	4.96e-02	6.66e-03	3.76e-04	1.12e-04	9.95e-06	0.00e+00	0.00e+00	0.00e+00	0.00e+00	0.00e+00	0.00e+00	0.00e+00	0.00e+00	0.00e+00	0.00e+00
 6.36559e+22	1.21e-05	1.19e-02	6.95e-01	2.41e-01	4.57e-02	5.99e-03	3.31e-04	9.50e-05	8.05e-06	0.00e+00	0.00e+00	0.00e+00	0.00e+00	0.00e+00	0.00e+00	0.00e+00	0.00e+00	0.00e+00	0.00e+00
 6.39646e+22	1.33e-05	1.25e-02	7.06e-01	2.33e-01	4.27e-02	5.49e-03	2.99e-04	8.32e-05	6.79e-06	0.00e+00	0.00e+00	0.00e+00	0.00e+00	0.00e+00	0.00e+00	0.00e+00	0.00e+00	0.00e+00	0.00e+00
 6.42788e+22	1.49e-05	1.34e-02	7.20e-01	2.22e-01	3.93e-02	4.94e-03	2.63e-04	7.05e-05	5.48e-06	0.00e+00	0.00e+00	0.00e+00	0.00e+00	0.00e+00	0.00e+00	0.00e+00	0.00e+00	0.00e+00	0.00e+00
 6.45803e+22	1.63e-05	1.41e-02	7.29e-01	2.15e-01	3.68e-02	4.55e-03	2.38e-04	6.23e-05	4.67e-06	0.00e+00	0.00e+00	0.00e+00	0.00e+00	0.00e+00	0.00e+00	0.00e+00	0.00e+00	0.00e+00	0.00e+00
