#depth	Ar	Ar+	Ar+2	Ar+3	Ar+4	Ar+5	Ar+6	Ar+7	Ar+8	Ar+9	Ar+10	Ar+11	Ar+12	Ar+13	Ar+14	Ar+15	Ar+16	Ar+17	Ar+18
 4.62852e+21	7.58e-31	2.08e-24	3.67e-19	1.21e-16	2.40e-14	1.71e-12	6.31e-11	3.16e-09	3.92e-06	3.18e-04	6.90e-03	4.61e-02	1.94e-01	2.78e-01	1.90e-01	1.17e-01	1.53e-01	1.45e-02	4.47e-04
 1.02925e+22	1.83e-28	3.65e-22	4.65e-17	9.56e-15	1.19e-12	5.17e-11	1.12e-09	3.27e-08	2.60e-05	1.63e-03	2.51e-02	1.16e-01	3.27e-01	3.02e-01	1.30e-01	5.14e-02	4.49e-02	2.58e-03	4.85e-05
 1.17986e+22	1.58e-27	2.74e-21	3.01e-16	5.20e-14	5.44e-12	1.98e-10	3.49e-09	8.37e-08	5.40e-05	2.95e-03	3.87e-02	1.53e-01	3.65e-01	2.81e-01	1.00e-01	3.35e-02	2.49e-02	1.16e-03	1.78e-05
 1.25046e+22	4.40e-27	7.10e-21	7.26e-16	1.16e-13	1.12e-11	3.75e-10	6.02e-09	1.31e-07	7.65e-05	3.87e-03	4.70e-02	1.73e-01	3.78e-01	2.66e-01	8.66e-02	2.67e-02	1.84e-02	7.78e-04	1.08e-05
 1.28013e+22	5.70e-27	9.03e-21	9.07e-16	1.42e-13	1.35e-11	4.40e-10	6.90e-09	1.47e-07	8.35e-05	4.15e-03	4.93e-02	1.78e-01	3.81e-01	2.62e-01	8.34e-02	2.52e-02	1.70e-02	7.02e-04	9.53e-06
 1.29423e+22	8.01e-27	1.24e-20	1.21e-15	1.85e-13	1.71e-11	5.44e-10	8.27e-09	1.71e-07	9.37e-05	4.53e-03	5.25e-02	1.84e-01	3.84e-01	2.56e-01	7.91e-02	2.33e-02	1.53e-02	6.11e-04	8.02e-06
 1.30892e+22	1.06e-26	1.61e-20	1.55e-15	2.31e-13	2.09e-11	6.50e-10	9.62e-09	1.93e-07	1.03e-04	4.88e-03	5.53e-02	1.90e-01	3.87e-01	2.51e-01	7.57e-02	2.18e-02	1.41e-02	5.44e-04	6.95e-06
 1.32437e+22	1.50e-26	2.22e-20	2.08e-15	3.02e-13	2.66e-11	8.06e-10	1.16e-08	2.25e-07	1.16e-04	5.34e-03	5.88e-02	1.97e-01	3.89e-01	2.45e-01	7.16e-02	2.01e-02	1.26e-02	4.72e-04	5.83e-06
 1.34036e+22	2.05e-26	2.96e-20	2.71e-15	3.84e-13	3.31e-11	9.78e-10	1.36e-08	2.58e-07	1.29e-04	5.78e-03	6.22e-02	2.03e-01	3.91e-01	2.39e-01	6.80e-02	1.87e-02	1.14e-02	4.15e-04	4.96e-06
 1.35444e+22	2.69e-26	3.81e-20	3.41e-15	4.75e-13	4.01e-11	1.16e-09	1.58e-08	2.91e-07	1.41e-04	6.20e-03	6.52e-02	2.08e-01	3.93e-01	2.34e-01	6.49e-02	1.75e-02	1.05e-02	3.70e-04	4.31e-06
 1.37013e+22	3.86e-26	5.32e-20	4.64e-15	6.28e-13	5.17e-11	1.45e-09	1.91e-08	3.41e-07	1.59e-04	6.80e-03	6.94e-02	2.16e-01	3.94e-01	2.27e-01	6.10e-02	1.60e-02	9.32e-03	3.17e-04	3.57e-06
 1.38613e+22	5.11e-26	6.90e-20	5.89e-15	7.81e-13	6.29e-11	1.73e-09	2.22e-08	3.86e-07	1.75e-04	7.31e-03	7.28e-02	2.21e-01	3.95e-01	2.22e-01	5.80e-02	1.49e-02	8.51e-03	2.82e-04	3.08e-06
 1.40002e+22	6.68e-26	8.84e-20	7.38e-15	9.60e-13	7.59e-11	2.04e-09	2.55e-08	4.34e-07	1.92e-04	7.82e-03	7.62e-02	2.27e-01	3.95e-01	2.17e-01	5.53e-02	1.39e-02	7.79e-03	2.51e-04	2.67e-06
 1.41556e+22	9.43e-26	1.22e-19	9.88e-15	1.25e-12	9.66e-11	2.52e-09	3.07e-08	5.05e-07	2.15e-04	8.53e-03	8.07e-02	2.34e-01	3.95e-01	2.10e-01	5.19e-02	1.27e-02	6.94e-03	2.16e-04	2.22e-06
 1.43106e+22	1.23e-25	1.56e-19	1.24e-14	1.54e-12	1.17e-10	2.98e-09	3.54e-08	5.69e-07	2.36e-04	9.12e-03	8.44e-02	2.39e-01	3.95e-01	2.04e-01	4.93e-02	1.18e-02	6.33e-03	1.92e-04	1.92e-06
 1.44650e+22	1.70e-25	2.10e-19	1.63e-14	1.98e-12	1.46e-10	3.64e-09	4.20e-08	6.56e-07	2.63e-04	9.88e-03	8.90e-02	2.45e-01	3.95e-01	1.98e-01	4.63e-02	1.08e-02	5.67e-03	1.66e-04	1.61e-06
 1.46246e+22	2.26e-25	2.72e-19	2.06e-14	2.46e-12	1.78e-10	4.34e-09	4.87e-08	7.42e-07	2.89e-04	1.06e-02	9.31e-02	2.51e-01	3.94e-01	1.92e-01	4.39e-02	1.01e-02	5.15e-03	1.47e-04	1.38e-06
 1.47673e+22	2.96e-25	3.49e-19	2.59e-14	3.03e-12	2.15e-10	5.13e-09	5.62e-08	8.36e-07	3.16e-04	1.13e-02	9.72e-02	2.56e-01	3.92e-01	1.87e-01	4.16e-02	9.34e-03	4.69e-03	1.30e-04	1.19e-06
 1.49294e+22	4.12e-25	4.74e-19	3.43e-14	3.91e-12	2.71e-10	6.29e-09	6.70e-08	9.66e-07	3.54e-04	1.23e-02	1.02e-01	2.63e-01	3.91e-01	1.80e-01	3.88e-02	8.52e-03	4.17e-03	1.12e-04	9.89e-07
 1.50964e+22	5.50e-25	6.18e-19	4.37e-14	4.88e-12	3.31e-10	7.52e-09	7.80e-08	1.10e-06	3.89e-04	1.32e-02	1.07e-01	2.68e-01	3.89e-01	1.74e-01	3.66e-02	7.86e-03	3.77e-03	9.79e-05	8.42e-07
 1.52454e+22	7.24e-25	7.96e-19	5.50e-14	6.03e-12	4.01e-10	8.91e-09	9.02e-08	1.24e-06	4.27e-04	1.41e-02	1.12e-01	2.73e-01	3.86e-01	1.69e-01	3.45e-02	7.27e-03	3.41e-03	8.62e-05	7.21e-07
 1.54145e+22	1.02e-24	1.09e-18	7.35e-14	7.86e-12	5.09e-10	1.10e-08	1.08e-07	1.44e-06	4.79e-04	1.53e-02	1.18e-01	2.80e-01	3.83e-01	1.62e-01	3.21e-02	6.58e-03	3.01e-03	7.34e-05	5.92e-07
 1.55881e+22	1.35e-24	1.42e-18	9.29e-14	9.74e-12	6.18e-10	1.31e-08	1.25e-07	1.62e-06	5.25e-04	1.64e-02	1.23e-01	2.85e-01	3.80e-01	1.56e-01	3.02e-02	6.07e-03	2.72e-03	6.45e-05	5.06e-07
 1.57374e+22	1.76e-24	1.80e-18	1.15e-13	1.19e-11	7.40e-10	1.53e-08	1.43e-07	1.82e-06	5.72e-04	1.74e-02	1.27e-01	2.89e-01	3.77e-01	1.51e-01	2.85e-02	5.62e-03	2.47e-03	5.71e-05	4.36e-07
 1.59014e+22	2.41e-24	2.40e-18	1.50e-13	1.51e-11	9.21e-10	1.86e-08	1.69e-07	2.09e-06	6.35e-04	1.88e-02	1.33e-01	2.95e-01	3.73e-01	1.45e-01	2.65e-02	5.12e-03	2.20e-03	4.92e-05	3.63e-07
 1.60705e+22	3.18e-24	3.10e-18	1.90e-13	1.87e-11	1.12e-09	2.21e-08	1.96e-07	2.35e-06	6.96e-04	2.00e-02	1.39e-01	2.99e-01	3.70e-01	1.40e-01	2.49e-02	4.71e-03	1.99e-03	4.31e-05	3.09e-07
 1.62204e+22	4.13e-24	3.94e-18	2.36e-13	2.28e-11	1.34e-09	2.59e-08	2.24e-07	2.63e-06	7.58e-04	2.13e-02	1.44e-01	3.04e-01	3.66e-01	1.35e-01	2.35e-02	4.35e-03	1.80e-03	3.80e-05	2.66e-07
 1.63894e+22	5.66e-24	5.26e-18	3.06e-13	2.90e-11	1.66e-09	3.13e-08	2.63e-07	3.01e-06	8.40e-04	2.29e-02	1.50e-01	3.08e-01	3.61e-01	1.29e-01	2.18e-02	3.96e-03	1.60e-03	3.27e-05	2.22e-07
 1.65689e+22	7.68e-24	6.96e-18	3.95e-13	3.66e-11	2.05e-09	3.77e-08	3.09e-07	3.44e-06	9.28e-04	2.45e-02	1.57e-01	3.13e-01	3.56e-01	1.23e-01	2.03e-02	3.60e-03	1.42e-03	2.81e-05	1.85e-07
 1.67304e+22	1.01e-23	8.91e-18	4.94e-13	4.49e-11	2.46e-09	4.43e-08	3.55e-07	3.86e-06	1.01e-03	2.61e-02	1.62e-01	3.17e-01	3.51e-01	1.19e-01	1.90e-02	3.31e-03	1.28e-03	2.47e-05	1.58e-07
 1.69087e+22	1.42e-23	1.22e-17	6.56e-13	5.82e-11	3.11e-09	5.46e-08	4.23e-07	4.46e-06	1.13e-03	2.82e-02	1.70e-01	3.21e-01	3.45e-01	1.13e-01	1.75e-02	2.97e-03	1.12e-03	2.09e-05	1.28e-07
 1.70963e+22	1.90e-23	1.60e-17	8.37e-13	7.27e-11	3.80e-09	6.51e-08	4.92e-07	5.06e-06	1.24e-03	3.01e-02	1.76e-01	3.25e-01	3.40e-01	1.08e-01	1.62e-02	2.70e-03	1.00e-03	1.80e-05	0.00e+00
 1.72960e+22	2.78e-23	2.26e-17	1.15e-12	9.69e-11	4.93e-09	8.19e-08	5.98e-07	5.94e-06	1.40e-03	3.27e-02	1.85e-01	3.30e-01	3.32e-01	1.01e-01	1.47e-02	2.39e-03	8.60e-04	1.49e-05	0.00e+00
 1.74958e+22	3.75e-23	2.97e-17	1.47e-12	1.22e-10	6.04e-09	9.80e-08	6.97e-07	6.74e-06	1.54e-03	3.49e-02	1.92e-01	3.33e-01	3.26e-01	9.63e-02	1.36e-02	2.17e-03	7.63e-04	1.28e-05	0.00e+00
 1.76959e+22	5.39e-23	4.14e-17	1.98e-12	1.60e-10	7.74e-09	1.22e-07	8.39e-07	7.86e-06	1.73e-03	3.78e-02	2.01e-01	3.36e-01	3.18e-01	9.06e-02	1.24e-02	1.92e-03	6.58e-04	1.06e-05	0.00e+00
 1.79013e+22	7.42e-23	5.54e-17	2.58e-12	2.03e-10	9.62e-09	1.48e-07	9.87e-07	9.00e-06	1.91e-03	4.05e-02	2.08e-01	3.39e-01	3.11e-01	8.57e-02	1.14e-02	1.72e-03	5.77e-04	9.00e-06	0.00e+00
 1.80817e+22	9.93e-23	7.23e-17	3.28e-12	2.53e-10	1.17e-08	1.76e-07	1.15e-06	1.02e-05	2.10e-03	4.31e-02	2.15e-01	3.42e-01	3.04e-01	8.13e-02	1.05e-02	1.56e-03	5.11e-04	7.72e-06	0.00e+00
 1.82842e+22	1.43e-22	1.01e-16	4.43e-12	3.34e-10	1.51e-08	2.19e-07	1.38e-06	1.19e-05	2.35e-03	4.65e-02	2.25e-01	3.44e-01	2.95e-01	7.61e-02	9.47e-03	1.37e-03	4.37e-04	6.36e-06	0.00e+00
 1.84934e+22	1.97e-22	1.35e-16	5.76e-12	4.25e-10	1.87e-08	2.66e-07	1.63e-06	1.36e-05	2.60e-03	4.98e-02	2.33e-01	3.46e-01	2.87e-01	7.16e-02	8.64e-03	1.23e-03	3.81e-04	5.34e-06	0.00e+00
 1.86799e+22	2.67e-22	1.78e-16	7.39e-12	5.34e-10	2.30e-08	3.19e-07	1.90e-06	1.55e-05	2.86e-03	5.30e-02	2.40e-01	3.47e-01	2.80e-01	6.75e-02	7.91e-03	1.10e-03	3.33e-04	4.52e-06	0.00e+00
 1.88911e+22	3.90e-22	2.52e-16	1.01e-11	7.09e-10	2.98e-08	4.01e-07	2.31e-06	1.82e-05	3.22e-03	5.73e-02	2.50e-01	3.48e-01	2.70e-01	6.26e-02	7.06e-03	9.56e-04	2.82e-04	3.66e-06	0.00e+00
 1.91084e+22	5.43e-22	3.40e-16	1.32e-11	9.08e-10	3.74e-08	4.90e-07	2.74e-06	2.09e-05	3.57e-03	6.13e-02	2.58e-01	3.49e-01	2.62e-01	5.84e-02	6.38e-03	8.44e-04	2.42e-04	3.03e-06	0.00e+00
 1.93008e+22	7.36e-22	4.48e-16	1.69e-11	1.14e-09	4.59e-08	5.88e-07	3.20e-06	2.38e-05	3.92e-03	6.52e-02	2.66e-01	3.49e-01	2.54e-01	5.48e-02	5.81e-03	7.53e-04	2.11e-04	2.55e-06	0.00e+00
 1.95183e+22	1.10e-21	6.44e-16	2.34e-11	1.54e-09	6.05e-08	7.53e-07	3.94e-06	2.84e-05	4.45e-03	7.08e-02	2.77e-01	3.49e-01	2.43e-01	5.01e-02	5.09e-03	6.42e-04	1.74e-04	2.00e-06	0.00e+00
 1.97379e+22	1.49e-21	8.52e-16	3.00e-11	1.94e-09	7.47e-08	9.08e-07	4.63e-06	3.24e-05	4.90e-03	7.53e-02	2.85e-01	3.49e-01	2.34e-01	4.67e-02	4.60e-03	5.68e-04	1.50e-04	1.66e-06	0.00e+00
 1.99605e+22	2.23e-21	1.23e-15	4.15e-11	2.62e-09	9.86e-08	1.16e-06	5.72e-06	3.87e-05	5.57e-03	8.17e-02	2.95e-01	3.47e-01	2.23e-01	4.24e-02	4.00e-03	4.81e-04	1.22e-04	1.29e-06	0.00e+00
 2.01725e+22	2.93e-21	1.57e-15	5.17e-11	3.21e-09	1.19e-07	1.38e-06	6.59e-06	4.36e-05	6.07e-03	8.62e-02	3.02e-01	3.46e-01	2.16e-01	3.97e-02	3.64e-03	4.30e-04	1.07e-04	1.09e-06	0.00e+00
 2.03709e+22	4.18e-21	2.16e-15	6.86e-11	4.18e-09	1.52e-07	1.72e-06	7.98e-06	5.12e-05	6.81e-03	9.25e-02	3.12e-01	3.44e-01	2.05e-01	3.62e-02	3.19e-03	3.68e-04	8.85e-05	8.65e-07	0.00e+00
 2.05694e+22	5.46e-21	2.75e-15	8.50e-11	5.10e-09	1.83e-07	2.02e-06	9.18e-06	5.76e-05	7.40e-03	9.75e-02	3.18e-01	3.41e-01	1.98e-01	3.38e-02	2.89e-03	3.28e-04	7.71e-05	7.28e-07	0.00e+00
 2.07681e+22	7.73e-21	3.75e-15	1.12e-10	6.62e-09	2.33e-07	2.53e-06	1.11e-05	6.78e-05	8.30e-03	1.05e-01	3.27e-01	3.38e-01	1.88e-01	3.07e-02	2.52e-03	2.79e-04	6.34e-05	5.71e-07	0.00e+00
 2.09687e+22	1.01e-20	4.78e-15	1.39e-10	8.09e-09	2.82e-07	3.00e-06	1.28e-05	7.66e-05	9.06e-03	1.10e-01	3.34e-01	3.35e-01	1.80e-01	2.85e-02	2.27e-03	2.47e-04	5.46e-05	4.75e-07	0.00e+00
 2.11718e+22	1.43e-20	6.52e-15	1.82e-10	1.05e-08	3.60e-07	3.75e-06	1.56e-05	9.04e-05	1.02e-02	1.18e-01	3.43e-01	3.31e-01	1.70e-01	2.56e-02	1.96e-03	2.08e-04	4.45e-05	3.69e-07	0.00e+00
 2.13779e+22	1.88e-20	8.32e-15	2.26e-10	1.29e-08	4.36e-07	4.46e-06	1.81e-05	1.03e-04	1.11e-02	1.25e-01	3.49e-01	3.27e-01	1.62e-01	2.36e-02	1.75e-03	1.83e-04	3.79e-05	3.03e-07	0.00e+00
 2.15880e+22	2.66e-20	1.13e-14	2.96e-10	1.67e-08	5.59e-07	5.61e-06	2.20e-05	1.22e-04	1.25e-02	1.34e-01	3.58e-01	3.21e-01	1.52e-01	2.11e-02	1.50e-03	1.53e-04	3.05e-05	2.32e-07	0.00e+00
 2.18018e+22	3.51e-20	1.45e-14	3.66e-10	2.05e-08	6.81e-07	6.72e-06	2.58e-05	1.39e-04	1.38e-02	1.41e-01	3.64e-01	3.16e-01	1.44e-01	1.92e-02	1.32e-03	1.32e-04	2.56e-05	1.87e-07	0.00e+00
 2.20205e+22	4.99e-20	1.98e-14	4.80e-10	2.67e-08	8.78e-07	8.50e-06	3.16e-05	1.66e-04	1.56e-02	1.51e-01	3.71e-01	3.09e-01	1.34e-01	1.70e-02	1.11e-03	1.09e-04	2.03e-05	1.40e-07	0.00e+00
 2.22437e+22	6.58e-20	2.53e-14	5.93e-10	3.29e-08	1.07e-06	1.03e-05	3.72e-05	1.92e-04	1.72e-02	1.60e-01	3.77e-01	3.03e-01	1.26e-01	1.54e-02	9.70e-04	9.29e-05	1.68e-05	0.00e+00	0.00e+00
 2.24726e+22	9.37e-20	3.45e-14	7.75e-10	4.28e-08	1.39e-06	1.31e-05	4.59e-05	2.31e-04	1.95e-02	1.72e-01	3.84e-01	2.94e-01	1.16e-01	1.34e-02	8.06e-04	7.53e-05	1.31e-05	0.00e+00	0.00e+00
 2.27053e+22	1.24e-19	4.40e-14	9.53e-10	5.27e-08	1.71e-06	1.58e-05	5.42e-05	2.67e-04	2.16e-02	1.82e-01	3.89e-01	2.87e-01	1.08e-01	1.20e-02	6.94e-04	6.36e-05	1.07e-05	0.00e+00	0.00e+00
 2.29349e+22	1.72e-19	5.86e-14	1.22e-09	6.76e-08	2.19e-06	1.99e-05	6.63e-05	3.20e-04	2.44e-02	1.94e-01	3.94e-01	2.77e-01	9.93e-02	1.04e-02	5.75e-04	5.15e-05	8.26e-06	0.00e+00	0.00e+00
 2.31551e+22	2.18e-19	7.23e-14	1.45e-09	8.10e-08	2.62e-06	2.36e-05	7.68e-05	3.65e-04	2.67e-02	2.04e-01	3.97e-01	2.70e-01	9.29e-02	9.35e-03	5.00e-04	4.40e-05	6.84e-06	0.00e+00	0.00e+00
 2.33711e+22	2.96e-19	9.39e-14	1.81e-09	1.02e-07	3.29e-06	2.94e-05	9.29e-05	4.34e-04	3.00e-02	2.17e-01	4.00e-01	2.60e-01	8.48e-02	8.10e-03	4.14e-04	3.56e-05	5.32e-06	0.00e+00	0.00e+00
 2.35857e+22	3.71e-19	1.14e-13	2.14e-09	1.21e-07	3.91e-06	3.46e-05	1.07e-04	4.94e-04	3.27e-02	2.27e-01	4.02e-01	2.52e-01	7.90e-02	7.26e-03	3.59e-04	3.04e-05	4.39e-06	0.00e+00	0.00e+00
 2.37985e+22	4.94e-19	1.46e-13	2.62e-09	1.50e-07	4.87e-06	4.26e-05	1.28e-04	5.84e-04	3.65e-02	2.40e-01	4.03e-01	2.41e-01	7.19e-02	6.28e-03	2.97e-04	2.46e-05	3.41e-06	0.00e+00	0.00e+00
 2.40112e+22	6.14e-19	1.76e-13	3.06e-09	1.77e-07	5.75e-06	4.99e-05	1.47e-04	6.63e-04	3.97e-02	2.50e-01	4.03e-01	2.33e-01	6.67e-02	5.61e-03	2.57e-04	2.09e-05	2.81e-06	0.00e+00	0.00e+00
 2.42240e+22	8.09e-19	2.22e-13	3.71e-09	2.18e-07	7.11e-06	6.11e-05	1.76e-04	7.81e-04	4.43e-02	2.64e-01	4.03e-01	2.22e-01	6.03e-02	4.83e-03	2.12e-04	1.68e-05	2.18e-06	0.00e+00	0.00e+00
 2.44366e+22	9.97e-19	2.66e-13	4.30e-09	2.55e-07	8.34e-06	7.11e-05	2.01e-04	8.83e-04	4.80e-02	2.74e-01	4.02e-01	2.14e-01	5.58e-02	4.30e-03	1.83e-04	1.43e-05	1.79e-06	0.00e+00	0.00e+00
 2.46490e+22	1.30e-18	3.33e-13	5.17e-09	3.12e-07	1.02e-05	8.65e-05	2.38e-04	1.04e-03	5.32e-02	2.88e-01	4.00e-01	2.03e-01	5.03e-02	3.69e-03	1.50e-04	1.15e-05	1.38e-06	0.00e+00	0.00e+00
 2.48614e+22	1.59e-18	3.95e-13	5.96e-09	3.63e-07	1.19e-05	1.00e-04	2.70e-04	1.17e-03	5.75e-02	2.98e-01	3.98e-01	1.95e-01	4.64e-02	3.28e-03	1.29e-04	9.72e-06	1.14e-06	0.00e+00	0.00e+00
 2.50740e+22	2.06e-18	4.92e-13	7.12e-09	4.41e-07	1.46e-05	1.21e-04	3.17e-04	1.36e-03	6.35e-02	3.11e-01	3.94e-01	1.85e-01	4.16e-02	2.80e-03	1.06e-04	7.80e-06	8.79e-07	0.00e+00	0.00e+00
 2.52872e+22	2.52e-18	5.83e-13	8.18e-09	5.12e-07	1.69e-05	1.40e-04	3.59e-04	1.53e-03	6.83e-02	3.22e-01	3.91e-01	1.77e-01	3.83e-02	2.48e-03	9.13e-05	6.59e-06	7.21e-07	0.00e+00	0.00e+00
 2.55014e+22	3.26e-18	7.22e-13	9.74e-09	6.20e-07	2.05e-05	1.68e-04	4.20e-04	1.78e-03	7.51e-02	3.35e-01	3.85e-01	1.66e-01	3.42e-02	2.11e-03	7.47e-05	5.28e-06	5.55e-07	0.00e+00	0.00e+00
 2.57167e+22	3.98e-18	8.56e-13	1.12e-08	7.20e-07	2.38e-05	1.93e-04	4.72e-04	1.99e-03	8.06e-02	3.44e-01	3.81e-01	1.58e-01	3.13e-02	1.87e-03	6.41e-05	4.45e-06	4.54e-07	0.00e+00	0.00e+00
 2.59337e+22	5.15e-18	1.06e-12	1.33e-08	8.71e-07	2.88e-05	2.30e-04	5.49e-04	2.30e-03	8.83e-02	3.57e-01	3.74e-01	1.49e-01	2.79e-02	1.59e-03	5.23e-05	3.55e-06	3.49e-07	0.00e+00	0.00e+00
 2.61531e+22	6.33e-18	1.26e-12	1.54e-08	1.01e-06	3.34e-05	2.65e-04	6.17e-04	2.57e-03	9.46e-02	3.66e-01	3.68e-01	1.41e-01	2.54e-02	1.40e-03	4.46e-05	2.97e-06	2.84e-07	0.00e+00	0.00e+00
 2.63755e+22	8.23e-18	1.58e-12	1.84e-08	1.23e-06	4.03e-05	3.16e-04	7.15e-04	2.97e-03	1.03e-01	3.78e-01	3.60e-01	1.31e-01	2.25e-02	1.18e-03	3.62e-05	2.36e-06	2.17e-07	0.00e+00	0.00e+00
 2.66010e+22	1.02e-17	1.89e-12	2.13e-08	1.43e-06	4.68e-05	3.62e-04	8.02e-04	3.31e-03	1.10e-01	3.87e-01	3.53e-01	1.24e-01	2.04e-02	1.03e-03	3.08e-05	1.97e-06	1.76e-07	0.00e+00	0.00e+00
 2.68304e+22	1.34e-17	2.37e-12	2.56e-08	1.74e-06	5.66e-05	4.32e-04	9.28e-04	3.82e-03	1.20e-01	3.98e-01	3.43e-01	1.15e-01	1.79e-02	8.63e-04	2.48e-05	1.55e-06	1.33e-07	0.00e+00	0.00e+00
 2.70641e+22	1.67e-17	2.87e-12	3.00e-08	2.04e-06	6.59e-05	4.96e-04	1.04e-03	4.26e-03	1.28e-01	4.06e-01	3.35e-01	1.08e-01	1.62e-02	7.52e-04	2.10e-05	1.28e-06	0.00e+00	0.00e+00	0.00e+00
 2.73034e+22	2.23e-17	3.66e-12	3.66e-08	2.51e-06	8.00e-05	5.93e-04	1.20e-03	4.91e-03	1.39e-01	4.15e-01	3.24e-01	9.98e-02	1.41e-02	6.24e-04	1.67e-05	9.99e-07	0.00e+00	0.00e+00	0.00e+00
 2.75482e+22	2.84e-17	4.49e-12	4.34e-08	2.97e-06	9.36e-05	6.82e-04	1.34e-03	5.46e-03	1.48e-01	4.22e-01	3.16e-01	9.34e-02	1.26e-02	5.40e-04	1.40e-05	8.21e-07	0.00e+00	0.00e+00	0.00e+00
 2.77567e+22	3.52e-17	5.40e-12	5.05e-08	3.46e-06	1.08e-04	7.74e-04	1.49e-03	6.02e-03	1.56e-01	4.28e-01	3.07e-01	8.78e-02	1.14e-02	4.72e-04	1.19e-05	6.86e-07	0.00e+00	0.00e+00	0.00e+00
 2.79510e+22	4.35e-17	6.46e-12	5.86e-08	4.00e-06	1.23e-04	8.72e-04	1.63e-03	6.60e-03	1.65e-01	4.33e-01	2.99e-01	8.26e-02	1.04e-02	4.15e-04	1.02e-05	5.77e-07	0.00e+00	0.00e+00	0.00e+00
 2.81703e+22	5.70e-17	8.14e-12	7.09e-08	4.84e-06	1.46e-04	1.02e-03	1.84e-03	7.44e-03	1.76e-01	4.39e-01	2.88e-01	7.62e-02	9.11e-03	3.50e-04	8.32e-06	4.59e-07	0.00e+00	0.00e+00	0.00e+00
 2.83878e+22	7.05e-17	9.76e-12	8.26e-08	5.59e-06	1.66e-04	1.14e-03	2.02e-03	8.10e-03	1.84e-01	4.43e-01	2.81e-01	7.18e-02	8.29e-03	3.09e-04	7.17e-06	3.89e-07	0.00e+00	0.00e+00	0.00e+00
 2.86028e+22	9.24e-17	1.23e-11	1.00e-07	6.74e-06	1.97e-04	1.32e-03	2.26e-03	9.06e-03	1.96e-01	4.48e-01	2.70e-01	6.61e-02	7.28e-03	2.61e-04	5.86e-06	3.11e-07	0.00e+00	0.00e+00	0.00e+00
 2.88197e+22	1.15e-16	1.49e-11	1.17e-07	7.82e-06	2.24e-04	1.48e-03	2.47e-03	9.84e-03	2.05e-01	4.51e-01	2.62e-01	6.21e-02	6.61e-03	2.30e-04	5.04e-06	2.63e-07	0.00e+00	0.00e+00	0.00e+00
 2.90391e+22	1.53e-16	1.89e-11	1.44e-07	9.47e-06	2.65e-04	1.71e-03	2.76e-03	1.10e-02	2.17e-01	4.54e-01	2.51e-01	5.70e-02	5.79e-03	1.93e-04	4.11e-06	2.10e-07	0.00e+00	0.00e+00	0.00e+00
 2.92609e+22	1.92e-16	2.31e-11	1.69e-07	1.10e-05	3.03e-04	1.92e-03	3.01e-03	1.19e-02	2.26e-01	4.55e-01	2.43e-01	5.34e-02	5.23e-03	1.70e-04	3.52e-06	1.76e-07	0.00e+00	0.00e+00	0.00e+00
 2.94859e+22	2.57e-16	2.97e-11	2.10e-07	1.34e-05	3.59e-04	2.22e-03	3.36e-03	1.32e-02	2.39e-01	4.57e-01	2.32e-01	4.88e-02	4.56e-03	1.42e-04	2.85e-06	1.40e-07	0.00e+00	0.00e+00	0.00e+00
 2.97137e+22	3.27e-16	3.65e-11	2.49e-07	1.58e-05	4.11e-04	2.49e-03	3.67e-03	1.43e-02	2.49e-01	4.57e-01	2.23e-01	4.55e-02	4.10e-03	1.24e-04	2.43e-06	0.00e+00	0.00e+00	0.00e+00	0.00e+00
 2.99453e+22	4.44e-16	4.76e-11	3.12e-07	1.93e-05	4.90e-04	2.88e-03	4.09e-03	1.59e-02	2.62e-01	4.57e-01	2.12e-01	4.14e-02	3.55e-03	1.04e-04	1.96e-06	0.00e+00	0.00e+00	0.00e+00	0.00e+00
 3.01806e+22	5.70e-16	5.92e-11	3.75e-07	2.28e-05	5.62e-04	3.24e-03	4.46e-03	1.73e-02	2.72e-01	4.56e-01	2.04e-01	3.84e-02	3.18e-03	9.00e-05	1.66e-06	0.00e+00	0.00e+00	0.00e+00	0.00e+00
 3.04207e+22	7.88e-16	7.83e-11	4.75e-07	2.82e-05	6.72e-04	3.76e-03	4.98e-03	1.92e-02	2.86e-01	4.54e-01	1.93e-01	3.48e-02	2.74e-03	7.46e-05	1.33e-06	0.00e+00	0.00e+00	0.00e+00	0.00e+00
 3.06653e+22	1.03e-15	9.84e-11	5.77e-07	3.35e-05	7.76e-04	4.23e-03	5.43e-03	2.07e-02	2.97e-01	4.52e-01	1.85e-01	3.21e-02	2.44e-03	6.44e-05	1.12e-06	0.00e+00	0.00e+00	0.00e+00	0.00e+00
 3.09158e+22	1.44e-15	1.32e-10	7.43e-07	4.18e-05	9.33e-04	4.93e-03	6.06e-03	2.30e-02	3.11e-01	4.49e-01	1.74e-01	2.89e-02	2.08e-03	5.28e-05	8.89e-07	0.00e+00	0.00e+00	0.00e+00	0.00e+00
 3.11714e+22	1.91e-15	1.69e-10	9.13e-07	5.01e-05	1.08e-03	5.56e-03	6.61e-03	2.48e-02	3.22e-01	4.45e-01	1.66e-01	2.65e-02	1.84e-03	4.54e-05	7.44e-07	0.00e+00	0.00e+00	0.00e+00	0.00e+00
 3.14337e+22	2.74e-15	2.31e-10	1.19e-06	6.32e-05	1.31e-03	6.50e-03	7.40e-03	2.76e-02	3.37e-01	4.40e-01	1.55e-01	2.36e-02	1.56e-03	3.68e-05	5.82e-07	0.00e+00	0.00e+00	0.00e+00	0.00e+00
 3.16972e+22	3.63e-15	2.96e-10	1.47e-06	7.58e-05	1.52e-03	7.32e-03	8.05e-03	2.97e-02	3.48e-01	4.35e-01	1.47e-01	2.16e-02	1.37e-03	3.15e-05	4.85e-07	0.00e+00	0.00e+00	0.00e+00	0.00e+00
 3.19625e+22	5.25e-15	4.08e-10	1.94e-06	9.60e-05	1.84e-03	8.54e-03	8.98e-03	3.28e-02	3.62e-01	4.28e-01	1.37e-01	1.92e-02	1.16e-03	2.55e-05	3.80e-07	0.00e+00	0.00e+00	0.00e+00	0.00e+00
 3.22182e+22	6.80e-15	5.12e-10	2.35e-06	1.13e-04	2.10e-03	9.49e-03	9.68e-03	3.50e-02	3.72e-01	4.22e-01	1.31e-01	1.77e-02	1.03e-03	2.22e-05	3.22e-07	0.00e+00	0.00e+00	0.00e+00	0.00e+00
 3.24616e+22	9.56e-15	6.88e-10	3.03e-06	1.41e-04	2.50e-03	1.09e-02	1.07e-02	3.82e-02	3.85e-01	4.14e-01	1.22e-01	1.58e-02	8.76e-04	1.82e-05	2.56e-07	0.00e+00	0.00e+00	0.00e+00	0.00e+00
 3.27125e+22	1.26e-14	8.77e-10	3.73e-06	1.68e-04	2.88e-03	1.22e-02	1.15e-02	4.07e-02	3.94e-01	4.08e-01	1.15e-01	1.45e-02	7.73e-04	1.57e-05	2.15e-07	0.00e+00	0.00e+00	0.00e+00	0.00e+00
 3.29316e+22	1.64e-14	1.10e-09	4.53e-06	1.98e-04	3.29e-03	1.35e-02	1.24e-02	4.34e-02	4.03e-01	4.01e-01	1.09e-01	1.33e-02	6.83e-04	1.35e-05	1.80e-07	0.00e+00	0.00e+00	0.00e+00	0.00e+00
 3.31403e+22	2.11e-14	1.37e-09	5.47e-06	2.32e-04	3.73e-03	1.49e-02	1.33e-02	4.60e-02	4.11e-01	3.94e-01	1.04e-01	1.22e-02	6.08e-04	1.17e-05	1.53e-07	0.00e+00	0.00e+00	0.00e+00	0.00e+00
 3.33771e+22	2.92e-14	1.83e-09	6.98e-06	2.85e-04	4.39e-03	1.69e-02	1.45e-02	4.95e-02	4.21e-01	3.85e-01	9.67e-02	1.09e-02	5.21e-04	9.72e-06	1.23e-07	0.00e+00	0.00e+00	0.00e+00	0.00e+00
 3.36170e+22	3.82e-14	2.31e-09	8.52e-06	3.37e-04	5.01e-03	1.88e-02	1.55e-02	5.26e-02	4.30e-01	3.77e-01	9.12e-02	9.94e-03	4.58e-04	8.33e-06	0.00e+00	0.00e+00	0.00e+00	0.00e+00	0.00e+00
 3.38287e+22	4.95e-14	2.89e-09	1.03e-05	3.95e-04	5.69e-03	2.07e-02	1.66e-02	5.55e-02	4.37e-01	3.69e-01	8.61e-02	9.09e-03	4.05e-04	7.20e-06	0.00e+00	0.00e+00	0.00e+00	0.00e+00	0.00e+00
 3.40717e+22	6.86e-14	3.85e-09	1.32e-05	4.84e-04	6.67e-03	2.34e-02	1.80e-02	5.94e-02	4.45e-01	3.58e-01	8.00e-02	8.11e-03	3.46e-04	5.98e-06	0.00e+00	0.00e+00	0.00e+00	0.00e+00	0.00e+00
 3.43247e+22	9.19e-14	4.97e-09	1.64e-05	5.80e-04	7.69e-03	2.60e-02	1.93e-02	6.31e-02	4.52e-01	3.49e-01	7.47e-02	7.31e-03	3.00e-04	5.04e-06	0.00e+00	0.00e+00	0.00e+00	0.00e+00	0.00e+00
 3.45519e+22	1.21e-13	6.30e-09	2.01e-05	6.86e-04	8.77e-03	2.88e-02	2.07e-02	6.66e-02	4.58e-01	3.39e-01	7.01e-02	6.62e-03	2.63e-04	4.31e-06	0.00e+00	0.00e+00	0.00e+00	0.00e+00	0.00e+00
 3.48083e+22	1.71e-13	8.53e-09	2.60e-05	8.49e-04	1.03e-02	3.26e-02	2.25e-02	7.11e-02	4.65e-01	3.27e-01	6.44e-02	5.83e-03	2.21e-04	3.52e-06	0.00e+00	0.00e+00	0.00e+00	0.00e+00	0.00e+00
 3.50747e+22	2.30e-13	1.11e-08	3.25e-05	1.02e-03	1.19e-02	3.62e-02	2.41e-02	7.51e-02	4.70e-01	3.17e-01	5.98e-02	5.21e-03	1.90e-04	2.95e-06	0.00e+00	0.00e+00	0.00e+00	0.00e+00	0.00e+00
 3.53172e+22	3.07e-13	1.42e-08	4.03e-05	1.22e-03	1.37e-02	4.01e-02	2.57e-02	7.91e-02	4.74e-01	3.06e-01	5.55e-02	4.67e-03	1.64e-04	2.48e-06	0.00e+00	0.00e+00	0.00e+00	0.00e+00	0.00e+00
 3.55959e+22	4.46e-13	1.97e-08	5.30e-05	1.52e-03	1.63e-02	4.56e-02	2.80e-02	8.43e-02	4.78e-01	2.92e-01	5.03e-02	4.04e-03	1.35e-04	1.99e-06	0.00e+00	0.00e+00	0.00e+00	0.00e+00	0.00e+00
 3.58781e+22	6.04e-13	2.57e-08	6.65e-05	1.83e-03	1.87e-02	5.06e-02	2.99e-02	8.87e-02	4.80e-01	2.80e-01	4.63e-02	3.58e-03	1.15e-04	1.65e-06	0.00e+00	0.00e+00	0.00e+00	0.00e+00	0.00e+00
 3.61264e+22	8.07e-13	3.30e-08	8.23e-05	2.18e-03	2.14e-02	5.57e-02	3.17e-02	9.28e-02	4.81e-01	2.69e-01	4.27e-02	3.18e-03	9.88e-05	1.38e-06	0.00e+00	0.00e+00	0.00e+00	0.00e+00	0.00e+00
 3.64107e+22	1.16e-12	4.53e-08	1.08e-04	2.71e-03	2.52e-02	6.28e-02	3.42e-02	9.80e-02	4.81e-01	2.55e-01	3.84e-02	2.73e-03	8.11e-05	1.10e-06	0.00e+00	0.00e+00	0.00e+00	0.00e+00	0.00e+00
 3.67040e+22	1.60e-12	5.97e-08	1.36e-04	3.27e-03	2.91e-02	6.95e-02	3.65e-02	1.03e-01	4.79e-01	2.42e-01	3.49e-02	2.39e-03	6.79e-05	8.96e-07	0.00e+00	0.00e+00	0.00e+00	0.00e+00	0.00e+00
 3.69644e+22	2.13e-12	7.68e-08	1.68e-04	3.88e-03	3.31e-02	7.62e-02	3.86e-02	1.07e-01	4.77e-01	2.31e-01	3.19e-02	2.10e-03	5.77e-05	7.43e-07	0.00e+00	0.00e+00	0.00e+00	0.00e+00	0.00e+00
 3.72582e+22	3.10e-12	1.06e-07	2.21e-04	4.83e-03	3.90e-02	8.55e-02	4.13e-02	1.12e-01	4.72e-01	2.15e-01	2.83e-02	1.77e-03	4.64e-05	5.80e-07	0.00e+00	0.00e+00	0.00e+00	0.00e+00	0.00e+00
 3.75600e+22	4.23e-12	1.39e-07	2.77e-04	5.78e-03	4.46e-02	9.38e-02	4.36e-02	1.16e-01	4.66e-01	2.03e-01	2.55e-02	1.53e-03	3.86e-05	4.70e-07	0.00e+00	0.00e+00	0.00e+00	0.00e+00	0.00e+00
 3.78261e+22	5.65e-12	1.78e-07	3.41e-04	6.82e-03	5.04e-02	1.02e-01	4.58e-02	1.19e-01	4.59e-01	1.91e-01	2.30e-02	1.34e-03	3.24e-05	3.86e-07	0.00e+00	0.00e+00	0.00e+00	0.00e+00	0.00e+00
 3.81258e+22	8.16e-12	2.45e-07	4.46e-04	8.42e-03	5.88e-02	1.13e-01	4.85e-02	1.24e-01	4.49e-01	1.76e-01	2.01e-02	1.11e-03	2.57e-05	2.98e-07	0.00e+00	0.00e+00	0.00e+00	0.00e+00	0.00e+00
 3.84360e+22	1.11e-11	3.19e-07	5.56e-04	1.00e-02	6.68e-02	1.23e-01	5.08e-02	1.27e-01	4.39e-01	1.64e-01	1.79e-02	9.49e-04	2.11e-05	2.38e-07	0.00e+00	0.00e+00	0.00e+00	0.00e+00	0.00e+00
 3.87597e+22	1.63e-11	4.44e-07	7.32e-04	1.24e-02	7.79e-02	1.36e-01	5.35e-02	1.30e-01	4.24e-01	1.49e-01	1.53e-02	7.73e-04	1.63e-05	1.79e-07	0.00e+00	0.00e+00	0.00e+00	0.00e+00	0.00e+00
 3.90587e+22	2.12e-11	5.54e-07	8.81e-04	1.43e-02	8.63e-02	1.45e-01	5.53e-02	1.32e-01	4.12e-01	1.39e-01	1.38e-02	6.68e-04	1.36e-05	1.46e-07	0.00e+00	0.00e+00	0.00e+00	0.00e+00	0.00e+00
 3.92890e+22	2.66e-11	6.74e-07	1.04e-03	1.62e-02	9.43e-02	1.54e-01	5.68e-02	1.34e-01	4.01e-01	1.30e-01	1.24e-02	5.86e-04	1.16e-05	0.00e+00	0.00e+00	0.00e+00	0.00e+00	0.00e+00	0.00e+00
 3.95519e+22	3.59e-11	8.69e-07	1.28e-03	1.91e-02	1.05e-01	1.65e-01	5.85e-02	1.35e-01	3.85e-01	1.19e-01	1.09e-02	4.91e-04	9.36e-06	0.00e+00	0.00e+00	0.00e+00	0.00e+00	0.00e+00	0.00e+00
 3.98283e+22	4.64e-11	1.08e-06	1.53e-03	2.19e-02	1.16e-01	1.74e-01	5.99e-02	1.36e-01	3.71e-01	1.10e-01	9.62e-03	4.19e-04	7.72e-06	0.00e+00	0.00e+00	0.00e+00	0.00e+00	0.00e+00	0.00e+00
 4.01222e+22	6.40e-11	1.42e-06	1.91e-03	2.59e-02	1.30e-01	1.86e-01	6.14e-02	1.36e-01	3.52e-01	9.84e-02	8.20e-03	3.42e-04	6.02e-06	0.00e+00	0.00e+00	0.00e+00	0.00e+00	0.00e+00	0.00e+00
 4.04216e+22	8.43e-11	1.79e-06	2.31e-03	2.98e-02	1.43e-01	1.96e-01	6.25e-02	1.36e-01	3.34e-01	8.90e-02	7.10e-03	2.84e-04	4.82e-06	0.00e+00	0.00e+00	0.00e+00	0.00e+00	0.00e+00	0.00e+00
 4.06812e+22	1.07e-10	2.20e-06	2.72e-03	3.37e-02	1.55e-01	2.05e-01	6.33e-02	1.35e-01	3.18e-01	8.11e-02	6.22e-03	2.40e-04	3.95e-06	0.00e+00	0.00e+00	0.00e+00	0.00e+00	0.00e+00	0.00e+00
 4.09719e+22	1.45e-10	2.83e-06	3.34e-03	3.91e-02	1.71e-01	2.15e-01	6.39e-02	1.33e-01	2.97e-01	7.18e-02	5.24e-03	1.94e-04	3.05e-06	0.00e+00	0.00e+00	0.00e+00	0.00e+00	0.00e+00	0.00e+00
 4.12743e+22	1.88e-10	3.51e-06	3.97e-03	4.44e-02	1.85e-01	2.24e-01	6.42e-02	1.31e-01	2.79e-01	6.42e-02	4.48e-03	1.59e-04	2.42e-06	0.00e+00	0.00e+00	0.00e+00	0.00e+00	0.00e+00	0.00e+00
 4.15474e+22	2.40e-10	4.32e-06	4.68e-03	5.00e-02	1.99e-01	2.32e-01	6.42e-02	1.28e-01	2.61e-01	5.74e-02	3.84e-03	1.31e-04	1.93e-06	0.00e+00	0.00e+00	0.00e+00	0.00e+00	0.00e+00	0.00e+00
 4.18579e+22	3.26e-10	5.55e-06	5.72e-03	5.77e-02	2.17e-01	2.40e-01	6.39e-02	1.25e-01	2.39e-01	4.96e-02	3.15e-03	1.03e-04	1.44e-06	0.00e+00	0.00e+00	0.00e+00	0.00e+00	0.00e+00	0.00e+00
 4.21756e+22	4.21e-10	6.87e-06	6.76e-03	6.49e-02	2.32e-01	2.46e-01	6.32e-02	1.21e-01	2.20e-01	4.34e-02	2.63e-03	8.26e-05	1.12e-06	0.00e+00	0.00e+00	0.00e+00	0.00e+00	0.00e+00	0.00e+00
 4.24569e+22	5.35e-10	8.36e-06	7.89e-03	7.22e-02	2.47e-01	2.51e-01	6.24e-02	1.17e-01	2.03e-01	3.81e-02	2.22e-03	6.68e-05	8.75e-07	0.00e+00	0.00e+00	0.00e+00	0.00e+00	0.00e+00	0.00e+00
 4.27767e+22	7.17e-10	1.06e-05	9.51e-03	8.20e-02	2.64e-01	2.56e-01	6.11e-02	1.11e-01	1.82e-01	3.23e-02	1.78e-03	5.10e-05	6.40e-07	0.00e+00	0.00e+00	0.00e+00	0.00e+00	0.00e+00	0.00e+00
 4.31079e+22	9.25e-10	1.31e-05	1.12e-02	9.13e-02	2.80e-01	2.59e-01	5.96e-02	1.06e-01	1.65e-01	2.76e-02	1.45e-03	4.00e-05	4.82e-07	0.00e+00	0.00e+00	0.00e+00	0.00e+00	0.00e+00	0.00e+00
 4.34046e+22	1.17e-09	1.59e-05	1.29e-02	1.01e-01	2.93e-01	2.60e-01	5.80e-02	1.01e-01	1.49e-01	2.38e-02	1.19e-03	3.16e-05	3.68e-07	0.00e+00	0.00e+00	0.00e+00	0.00e+00	0.00e+00	0.00e+00
 4.37411e+22	1.56e-09	2.00e-05	1.55e-02	1.13e-01	3.10e-01	2.60e-01	5.58e-02	9.43e-02	1.31e-01	1.96e-02	9.28e-04	2.34e-05	2.61e-07	0.00e+00	0.00e+00	0.00e+00	0.00e+00	0.00e+00	0.00e+00
 4.40852e+22	2.00e-09	2.44e-05	1.80e-02	1.24e-01	3.23e-01	2.59e-01	5.36e-02	8.85e-02	1.16e-01	1.65e-02	7.43e-04	1.80e-05	1.93e-07	0.00e+00	0.00e+00	0.00e+00	0.00e+00	0.00e+00	0.00e+00
 4.43884e+22	2.51e-09	2.93e-05	2.06e-02	1.35e-01	3.34e-01	2.57e-01	5.15e-02	8.31e-02	1.04e-01	1.39e-02	6.01e-04	1.40e-05	1.44e-07	0.00e+00	0.00e+00	0.00e+00	0.00e+00	0.00e+00	0.00e+00
 4.47317e+22	3.32e-09	3.66e-05	2.43e-02	1.49e-01	3.47e-01	2.53e-01	4.88e-02	7.63e-02	8.91e-02	1.12e-02	4.57e-04	1.01e-05	0.00e+00	0.00e+00	0.00e+00	0.00e+00	0.00e+00	0.00e+00	0.00e+00
 4.50843e+22	4.22e-09	4.43e-05	2.79e-02	1.62e-01	3.57e-01	2.49e-01	4.62e-02	7.05e-02	7.78e-02	9.26e-03	3.58e-04	7.58e-06	0.00e+00	0.00e+00	0.00e+00	0.00e+00	0.00e+00	0.00e+00	0.00e+00
 4.53966e+22	5.25e-09	5.26e-05	3.16e-02	1.75e-01	3.65e-01	2.43e-01	4.39e-02	6.52e-02	6.83e-02	7.71e-03	2.84e-04	5.79e-06	0.00e+00	0.00e+00	0.00e+00	0.00e+00	0.00e+00	0.00e+00	0.00e+00
 4.57503e+22	6.88e-09	6.50e-05	3.69e-02	1.90e-01	3.73e-01	2.36e-01	4.09e-02	5.89e-02	5.77e-02	6.09e-03	2.12e-04	4.10e-06	0.00e+00	0.00e+00	0.00e+00	0.00e+00	0.00e+00	0.00e+00	0.00e+00
 4.61145e+22	8.69e-09	7.80e-05	4.20e-02	2.04e-01	3.79e-01	2.28e-01	3.83e-02	5.36e-02	4.95e-02	4.93e-03	1.63e-04	3.01e-06	0.00e+00	0.00e+00	0.00e+00	0.00e+00	0.00e+00	0.00e+00	0.00e+00
 4.64390e+22	1.08e-08	9.22e-05	4.73e-02	2.18e-01	3.82e-01	2.21e-01	3.59e-02	4.89e-02	4.28e-02	4.02e-03	1.26e-04	2.25e-06	0.00e+00	0.00e+00	0.00e+00	0.00e+00	0.00e+00	0.00e+00	0.00e+00
 4.68074e+22	1.41e-08	1.14e-04	5.48e-02	2.35e-01	3.85e-01	2.10e-01	3.29e-02	4.33e-02	3.53e-02	3.08e-03	9.11e-05	1.54e-06	0.00e+00	0.00e+00	0.00e+00	0.00e+00	0.00e+00	0.00e+00	0.00e+00
 4.71836e+22	1.76e-08	1.35e-04	6.17e-02	2.49e-01	3.86e-01	2.01e-01	3.04e-02	3.89e-02	2.99e-02	2.46e-03	6.91e-05	1.12e-06	0.00e+00	0.00e+00	0.00e+00	0.00e+00	0.00e+00	0.00e+00	0.00e+00
 4.75697e+22	2.32e-08	1.66e-04	7.11e-02	2.67e-01	3.85e-01	1.90e-01	2.76e-02	3.40e-02	2.42e-02	1.85e-03	4.86e-05	7.44e-07	0.00e+00	0.00e+00	0.00e+00	0.00e+00	0.00e+00	0.00e+00	0.00e+00
 4.79603e+22	2.88e-08	1.96e-04	7.96e-02	2.81e-01	3.82e-01	1.80e-01	2.53e-02	3.03e-02	2.03e-02	1.46e-03	3.63e-05	5.32e-07	0.00e+00	0.00e+00	0.00e+00	0.00e+00	0.00e+00	0.00e+00	0.00e+00
 4.83568e+22	3.78e-08	2.40e-04	9.12e-02	2.98e-01	3.77e-01	1.68e-01	2.27e-02	2.60e-02	1.62e-02	1.07e-03	2.51e-05	3.48e-07	0.00e+00	0.00e+00	0.00e+00	0.00e+00	0.00e+00	0.00e+00	0.00e+00
 4.87500e+22	4.64e-08	2.80e-04	1.01e-01	3.11e-01	3.72e-01	1.58e-01	2.08e-02	2.31e-02	1.36e-02	8.44e-04	1.87e-05	2.49e-07	0.00e+00	0.00e+00	0.00e+00	0.00e+00	0.00e+00	0.00e+00	0.00e+00
 4.90687e+22	5.56e-08	3.21e-04	1.10e-01	3.22e-01	3.66e-01	1.50e-01	1.91e-02	2.07e-02	1.15e-02	6.80e-04	1.44e-05	1.85e-07	0.00e+00	0.00e+00	0.00e+00	0.00e+00	0.00e+00	0.00e+00	0.00e+00
 4.94129e+22	6.91e-08	3.77e-04	1.23e-01	3.35e-01	3.58e-01	1.40e-01	1.73e-02	1.81e-02	9.44e-03	5.20e-04	1.04e-05	1.28e-07	0.00e+00	0.00e+00	0.00e+00	0.00e+00	0.00e+00	0.00e+00	0.00e+00
 4.97615e+22	8.27e-08	4.30e-04	1.33e-01	3.45e-01	3.50e-01	1.31e-01	1.59e-02	1.61e-02	7.96e-03	4.14e-04	7.93e-06	0.00e+00	0.00e+00	0.00e+00	0.00e+00	0.00e+00	0.00e+00	0.00e+00	0.00e+00
 5.00691e+22	9.84e-08	4.88e-04	1.45e-01	3.54e-01	3.42e-01	1.24e-01	1.45e-02	1.43e-02	6.73e-03	3.31e-04	6.06e-06	0.00e+00	0.00e+00	0.00e+00	0.00e+00	0.00e+00	0.00e+00	0.00e+00	0.00e+00
 5.04220e+22	1.22e-07	5.71e-04	1.59e-01	3.65e-01	3.30e-01	1.14e-01	1.30e-02	1.24e-02	5.43e-03	2.49e-04	4.31e-06	0.00e+00	0.00e+00	0.00e+00	0.00e+00	0.00e+00	0.00e+00	0.00e+00	0.00e+00
 5.07841e+22	1.46e-07	6.51e-04	1.73e-01	3.73e-01	3.20e-01	1.06e-01	1.18e-02	1.08e-02	4.50e-03	1.94e-04	3.20e-06	0.00e+00	0.00e+00	0.00e+00	0.00e+00	0.00e+00	0.00e+00	0.00e+00	0.00e+00
 5.11065e+22	1.73e-07	7.36e-04	1.86e-01	3.80e-01	3.10e-01	9.90e-02	1.07e-02	9.55e-03	3.76e-03	1.53e-04	2.41e-06	0.00e+00	0.00e+00	0.00e+00	0.00e+00	0.00e+00	0.00e+00	0.00e+00	0.00e+00
 5.14738e+22	2.14e-07	8.57e-04	2.04e-01	3.88e-01	2.96e-01	9.04e-02	9.51e-03	8.11e-03	2.98e-03	1.13e-04	1.67e-06	0.00e+00	0.00e+00	0.00e+00	0.00e+00	0.00e+00	0.00e+00	0.00e+00	0.00e+00
 5.18442e+22	2.55e-07	9.69e-04	2.19e-01	3.93e-01	2.84e-01	8.37e-02	8.57e-03	7.07e-03	2.46e-03	8.73e-05	1.24e-06	0.00e+00	0.00e+00	0.00e+00	0.00e+00	0.00e+00	0.00e+00	0.00e+00	0.00e+00
 5.21669e+22	3.00e-07	1.09e-03	2.35e-01	3.98e-01	2.73e-01	7.75e-02	7.75e-03	6.18e-03	2.04e-03	6.82e-05	9.22e-07	0.00e+00	0.00e+00	0.00e+00	0.00e+00	0.00e+00	0.00e+00	0.00e+00	0.00e+00
 5.24574e+22	3.42e-07	1.19e-03	2.47e-01	4.00e-01	2.64e-01	7.28e-02	7.14e-03	5.54e-03	1.75e-03	5.58e-05	7.28e-07	0.00e+00	0.00e+00	0.00e+00	0.00e+00	0.00e+00	0.00e+00	0.00e+00	0.00e+00
 5.27574e+22	4.02e-07	1.34e-03	2.64e-01	4.03e-01	2.52e-01	6.72e-02	6.43e-03	4.82e-03	1.44e-03	4.33e-05	5.40e-07	0.00e+00	0.00e+00	0.00e+00	0.00e+00	0.00e+00	0.00e+00	0.00e+00	0.00e+00
 5.30635e+22	4.61e-07	1.47e-03	2.78e-01	4.05e-01	2.42e-01	6.26e-02	5.87e-03	4.27e-03	1.22e-03	3.47e-05	4.16e-07	0.00e+00	0.00e+00	0.00e+00	0.00e+00	0.00e+00	0.00e+00	0.00e+00	0.00e+00
 5.33322e+22	5.23e-07	1.60e-03	2.92e-01	4.05e-01	2.33e-01	5.85e-02	5.39e-03	3.81e-03	1.04e-03	2.82e-05	3.26e-07	0.00e+00	0.00e+00	0.00e+00	0.00e+00	0.00e+00	0.00e+00	0.00e+00	0.00e+00
 5.36362e+22	6.14e-07	1.79e-03	3.10e-01	4.05e-01	2.21e-01	5.36e-02	4.82e-03	3.29e-03	8.50e-04	2.16e-05	2.39e-07	0.00e+00	0.00e+00	0.00e+00	0.00e+00	0.00e+00	0.00e+00	0.00e+00	0.00e+00
 5.39455e+22	7.00e-07	1.96e-03	3.25e-01	4.05e-01	2.11e-01	4.98e-02	4.39e-03	2.90e-03	7.17e-04	1.73e-05	1.84e-07	0.00e+00	0.00e+00	0.00e+00	0.00e+00	0.00e+00	0.00e+00	0.00e+00	0.00e+00
 5.42199e+22	7.92e-07	2.13e-03	3.39e-01	4.03e-01	2.02e-01	4.64e-02	4.01e-03	2.57e-03	6.08e-04	1.40e-05	1.43e-07	0.00e+00	0.00e+00	0.00e+00	0.00e+00	0.00e+00	0.00e+00	0.00e+00	0.00e+00
 5.45348e+22	9.31e-07	2.37e-03	3.59e-01	4.01e-01	1.90e-01	4.21e-02	3.56e-03	2.19e-03	4.90e-04	1.05e-05	0.00e+00	0.00e+00	0.00e+00	0.00e+00	0.00e+00	0.00e+00	0.00e+00	0.00e+00	0.00e+00
 5.48513e+22	1.05e-06	2.58e-03	3.74e-01	3.98e-01	1.81e-01	3.91e-02	3.24e-03	1.93e-03	4.13e-04	8.45e-06	0.00e+00	0.00e+00	0.00e+00	0.00e+00	0.00e+00	0.00e+00	0.00e+00	0.00e+00	0.00e+00
 5.50465e+22	1.11e-06	2.66e-03	3.80e-01	3.97e-01	1.77e-01	3.79e-02	3.11e-03	1.83e-03	3.85e-04	7.70e-06	0.00e+00	0.00e+00	0.00e+00	0.00e+00	0.00e+00	0.00e+00	0.00e+00	0.00e+00	0.00e+00
 5.51769e+22	1.18e-06	2.78e-03	3.89e-01	3.95e-01	1.72e-01	3.63e-02	2.95e-03	1.71e-03	3.51e-04	6.82e-06	0.00e+00	0.00e+00	0.00e+00	0.00e+00	0.00e+00	0.00e+00	0.00e+00	0.00e+00	0.00e+00
 5.53463e+22	1.28e-06	2.93e-03	3.98e-01	3.93e-01	1.66e-01	3.46e-02	2.78e-03	1.58e-03	3.14e-04	5.91e-06	0.00e+00	0.00e+00	0.00e+00	0.00e+00	0.00e+00	0.00e+00	0.00e+00	0.00e+00	0.00e+00
 5.55665e+22	1.42e-06	3.14e-03	4.12e-01	3.89e-01	1.59e-01	3.23e-02	2.55e-03	1.41e-03	2.71e-04	4.87e-06	0.00e+00	0.00e+00	0.00e+00	0.00e+00	0.00e+00	0.00e+00	0.00e+00	0.00e+00	0.00e+00
 5.58528e+22	1.63e-06	3.44e-03	4.30e-01	3.84e-01	1.49e-01	2.94e-02	2.27e-03	1.21e-03	2.20e-04	3.73e-06	0.00e+00	0.00e+00	0.00e+00	0.00e+00	0.00e+00	0.00e+00	0.00e+00	0.00e+00	0.00e+00
 5.61579e+22	1.83e-06	3.71e-03	4.46e-01	3.79e-01	1.41e-01	2.72e-02	2.06e-03	1.06e-03	1.86e-04	2.98e-06	0.00e+00	0.00e+00	0.00e+00	0.00e+00	0.00e+00	0.00e+00	0.00e+00	0.00e+00	0.00e+00
 5.64875e+22	2.13e-06	4.09e-03	4.66e-01	3.71e-01	1.31e-01	2.45e-02	1.81e-03	8.94e-04	1.48e-04	2.21e-06	0.00e+00	0.00e+00	0.00e+00	0.00e+00	0.00e+00	0.00e+00	0.00e+00	0.00e+00	0.00e+00
 5.68248e+22	2.42e-06	4.43e-03	4.83e-01	3.65e-01	1.23e-01	2.24e-02	1.62e-03	7.72e-04	1.22e-04	1.72e-06	0.00e+00	0.00e+00	0.00e+00	0.00e+00	0.00e+00	0.00e+00	0.00e+00	0.00e+00	0.00e+00
 5.71721e+22	2.82e-06	4.89e-03	5.04e-01	3.56e-01	1.14e-01	2.00e-02	1.41e-03	6.42e-04	9.54e-05	1.26e-06	0.00e+00	0.00e+00	0.00e+00	0.00e+00	0.00e+00	0.00e+00	0.00e+00	0.00e+00	0.00e+00
 5.75249e+22	3.20e-06	5.29e-03	5.20e-01	3.48e-01	1.06e-01	1.82e-02	1.26e-03	5.52e-04	7.83e-05	9.72e-07	0.00e+00	0.00e+00	0.00e+00	0.00e+00	0.00e+00	0.00e+00	0.00e+00	0.00e+00	0.00e+00
 5.78847e+22	3.75e-06	5.85e-03	5.42e-01	3.37e-01	9.72e-02	1.61e-02	1.09e-03	4.54e-04	6.07e-05	6.99e-07	0.00e+00	0.00e+00	0.00e+00	0.00e+00	0.00e+00	0.00e+00	0.00e+00	0.00e+00	0.00e+00
 5.82496e+22	4.24e-06	6.31e-03	5.59e-01	3.28e-01	9.05e-02	1.46e-02	9.68e-04	3.89e-04	4.96e-05	5.38e-07	0.00e+00	0.00e+00	0.00e+00	0.00e+00	0.00e+00	0.00e+00	0.00e+00	0.00e+00	0.00e+00
 5.86213e+22	4.95e-06	6.95e-03	5.80e-01	3.16e-01	8.25e-02	1.29e-02	8.34e-04	3.19e-04	3.83e-05	3.85e-07	0.00e+00	0.00e+00	0.00e+00	0.00e+00	0.00e+00	0.00e+00	0.00e+00	0.00e+00	0.00e+00
 5.90047e+22	5.64e-06	7.53e-03	5.98e-01	3.06e-01	7.61e-02	1.16e-02	7.33e-04	2.69e-04	3.07e-05	2.90e-07	0.00e+00	0.00e+00	0.00e+00	0.00e+00	0.00e+00	0.00e+00	0.00e+00	0.00e+00	0.00e+00
 5.93002e+22	6.20e-06	7.97e-03	6.10e-01	2.99e-01	7.18e-02	1.07e-02	6.67e-04	2.38e-04	2.62e-05	2.36e-07	0.00e+00	0.00e+00	0.00e+00	0.00e+00	0.00e+00	0.00e+00	0.00e+00	0.00e+00	0.00e+00
 5.95812e+22	6.94e-06	8.54e-03	6.25e-01	2.89e-01	6.68e-02	9.77e-03	5.95e-04	2.05e-04	2.16e-05	1.84e-07	0.00e+00	0.00e+00	0.00e+00	0.00e+00	0.00e+00	0.00e+00	0.00e+00	0.00e+00	0.00e+00
 5.98685e+22	7.63e-06	9.04e-03	6.37e-01	2.81e-01	6.28e-02	9.01e-03	5.41e-04	1.80e-04	1.83e-05	1.49e-07	0.00e+00	0.00e+00	0.00e+00	0.00e+00	0.00e+00	0.00e+00	0.00e+00	0.00e+00	0.00e+00
 6.01641e+22	8.54e-06	9.67e-03	6.52e-01	2.71e-01	5.82e-02	8.17e-03	4.81e-04	1.54e-04	1.50e-05	0.00e+00	0.00e+00	0.00e+00	0.00e+00	0.00e+00	0.00e+00	0.00e+00	0.00e+00	0.00e+00	0.00e+00
 6.04656e+22	9.42e-06	1.02e-02	6.64e-01	2.63e-01	5.45e-02	7.50e-03	4.34e-04	1.35e-04	1.26e-05	0.00e+00	0.00e+00	0.00e+00	0.00e+00	0.00e+00	0.00e+00	0.00e+00	0.00e+00	0.00e+00	0.00e+00
 6.07327e+22	1.03e-05	1.08e-02	6.76e-01	2.55e-01	5.11e-02	6.90e-03	3.92e-04	1.18e-04	1.07e-05	0.00e+00	0.00e+00	0.00e+00	0.00e+00	0.00e+00	0.00e+00	0.00e+00	0.00e+00	0.00e+00	0.00e+00
 6.10383e+22	1.17e-05	1.16e-02	6.91e-01	2.44e-01	4.69e-02	6.19e-03	3.45e-04	1.00e-04	8.61e-06	0.00e+00	0.00e+00	0.00e+00	0.00e+00	0.00e+00	0.00e+00	0.00e+00	0.00e+00	0.00e+00	0.00e+00
 6.13446e+22	1.28e-05	1.23e-02	7.01e-01	2.36e-01	4.40e-02	5.70e-03	3.12e-04	8.81e-05	7.31e-06	0.00e+00	0.00e+00	0.00e+00	0.00e+00	0.00e+00	0.00e+00	0.00e+00	0.00e+00	0.00e+00	0.00e+00
 6.16517e+22	1.43e-05	1.31e-02	7.15e-01	2.26e-01	4.05e-02	5.13e-03	2.76e-04	7.49e-05	5.93e-06	0.00e+00	0.00e+00	0.00e+00	0.00e+00	0.00e+00	0.00e+00	0.00e+00	0.00e+00	0.00e+00	0.00e+00
 6.19688e+22	1.58e-05	1.38e-02	7.26e-01	2.18e-01	3.77e-02	4.69e-03	2.47e-04	6.51e-05	4.95e-06	0.00e+00	0.00e+00	0.00e+00	0.00e+00	0.00e+00	0.00e+00	0.00e+00	0.00e+00	0.00e+00	0.00e+00
 6.22056e+22	1.69e-05	1.44e-02	7.33e-01	2.12e-01	3.59e-02	4.40e-03	2.29e-04	5.91e-05	4.37e-06	0.00e+00	0.00e+00	0.00e+00	0.00e+00	0.00e+00	0.00e+00	0.00e+00	0.00e+00	0.00e+00	0.00e+00
 6.23787e+22	1.77e-05	1.48e-02	7.38e-01	2.08e-01	3.46e-02	4.20e-03	2.17e-04	5.51e-05	4.00e-06	0.00e+00	0.00e+00	0.00e+00	0.00e+00	0.00e+00	0.00e+00	0.00e+00	0.00e+00	0.00e+00	0.00e+00
 6.25618e+22	1.90e-05	1.54e-02	7.46e-01	2.02e-01	3.29e-02	3.94e-03	2.01e-04	5.00e-05	3.52e-06	0.00e+00	0.00e+00	0.00e+00	0.00e+00	0.00e+00	0.00e+00	0.00e+00	0.00e+00	0.00e+00	0.00e+00
 6.27998e+22	2.06e-05	1.61e-02	7.55e-01	1.95e-01	3.08e-02	3.63e-03	1.82e-04	4.42e-05	3.00e-06	0.00e+00	0.00e+00	0.00e+00	0.00e+00	0.00e+00	0.00e+00	0.00e+00	0.00e+00	0.00e+00	0.00e+00
 6.30510e+22	2.23e-05	1.68e-02	7.62e-01	1.88e-01	2.91e-02	3.38e-03	1.67e-04	3.96e-05	2.60e-06	0.00e+00	0.00e+00	0.00e+00	0.00e+00	0.00e+00	0.00e+00	0.00e+00	0.00e+00	0.00e+00	0.00e+00
 6.32768e+22	2.39e-05	1.75e-02	7.69e-01	1.82e-01	2.75e-02	3.15e-03	1.53e-04	3.57e-05	2.27e-06	0.00e+00	0.00e+00	0.00e+00	0.00e+00	0.00e+00	0.00e+00	0.00e+00	0.00e+00	0.00e+00	0.00e+00
 6.35277e+22	2.62e-05	1.84e-02	7.78e-01	1.75e-01	2.56e-02	2.88e-03	1.38e-04	3.12e-05	1.91e-06	0.00e+00	0.00e+00	0.00e+00	0.00e+00	0.00e+00	0.00e+00	0.00e+00	0.00e+00	0.00e+00	0.00e+00
 6.37677e+22	2.80e-05	1.91e-02	7.84e-01	1.70e-01	2.44e-02	2.71e-03	1.28e-04	2.85e-05	1.70e-06	0.00e+00	0.00e+00	0.00e+00	0.00e+00	0.00e+00	0.00e+00	0.00e+00	0.00e+00	0.00e+00	0.00e+00
 6.39934e+22	3.02e-05	1.99e-02	7.91e-01	1.64e-01	2.29e-02	2.51e-03	1.17e-04	2.54e-05	1.46e-06	0.00e+00	0.00e+00	0.00e+00	0.00e+00	0.00e+00	0.00e+00	0.00e+00	0.00e+00	0.00e+00	0.00e+00
 6.42868e+22	3.35e-05	2.11e-02	8.00e-01	1.55e-01	2.11e-02	2.27e-03	1.03e-04	2.19e-05	1.20e-06	0.00e+00	0.00e+00	0.00e+00	0.00e+00	0.00e+00	0.00e+00	0.00e+00	0.00e+00	0.00e+00	0.00e+00
 6.46058e+22	3.68e-05	2.22e-02	8.08e-01	1.48e-01	1.95e-02	2.06e-03	9.20e-05	1.91e-05	9.97e-07	0.00e+00	0.00e+00	0.00e+00	0.00e+00	0.00e+00	0.00e+00	0.00e+00	0.00e+00	0.00e+00	0.00e+00
 6.49579e+22	4.16e-05	2.37e-02	8.18e-01	1.39e-01	1.77e-02	1.82e-03	7.92e-05	1.59e-05	7.86e-07	0.00e+00	0.00e+00	0.00e+00	0.00e+00	0.00e+00	0.00e+00	0.00e+00	0.00e+00	0.00e+00	0.00e+00
 6.53262e+22	4.62e-05	2.51e-02	8.25e-01	1.31e-01	1.62e-02	1.64e-03	6.97e-05	1.37e-05	6.41e-07	0.00e+00	0.00e+00	0.00e+00	0.00e+00	0.00e+00	0.00e+00	0.00e+00	0.00e+00	0.00e+00	0.00e+00
 6.57154e+22	5.25e-05	2.69e-02	8.35e-01	1.22e-01	1.46e-02	1.44e-03	5.94e-05	1.14e-05	4.97e-07	0.00e+00	0.00e+00	0.00e+00	0.00e+00	0.00e+00	0.00e+00	0.00e+00	0.00e+00	0.00e+00	0.00e+00
 6.61136e+22	5.88e-05	2.85e-02	8.42e-01	1.15e-01	1.33e-02	1.28e-03	5.18e-05	9.74e-06	4.01e-07	0.00e+00	0.00e+00	0.00e+00	0.00e+00	0.00e+00	0.00e+00	0.00e+00	0.00e+00	0.00e+00	0.00e+00
 6.65234e+22	6.77e-05	3.07e-02	8.51e-01	1.06e-01	1.18e-02	1.11e-03	4.34e-05	7.98e-06	3.04e-07	0.00e+00	0.00e+00	0.00e+00	0.00e+00	0.00e+00	0.00e+00	0.00e+00	0.00e+00	0.00e+00	0.00e+00
