#depth	Cl	Cl+	Cl+2	Cl+3	Cl+4	Cl+5	Cl+6	Cl+7	Cl+8	Cl+9	Cl+10	Cl+11	Cl+12	Cl+13	Cl+14	Cl+15	Cl+16	Cl+17
 4.62852e+21	0.00e+00	1.75e-22	3.02e-19	1.74e-16	2.56e-14	2.15e-12	1.84e-10	3.97e-07	5.24e-05	1.87e-03	1.85e-02	8.96e-02	1.92e-01	1.84e-01	1.63e-01	3.06e-01	4.23e-02	1.87e-03
 1.02925e+22	0.00e+00	2.93e-20	3.14e-17	1.06e-14	9.12e-13	4.31e-11	2.11e-09	3.21e-06	3.44e-04	9.66e-03	6.74e-02	2.10e-01	2.96e-01	1.80e-01	1.02e-01	1.24e-01	1.04e-02	2.80e-04
 1.17986e+22	0.00e+00	2.10e-19	1.88e-16	5.21e-14	3.68e-12	1.40e-10	5.53e-09	6.93e-06	6.63e-04	1.67e-02	1.01e-01	2.60e-01	3.09e-01	1.57e-01	7.47e-02	7.62e-02	5.20e-03	1.15e-04
 1.25046e+22	0.00e+00	5.32e-19	4.39e-16	1.11e-13	7.11e-12	2.45e-10	8.75e-09	9.94e-06	8.95e-04	2.13e-02	1.20e-01	2.82e-01	3.08e-01	1.43e-01	6.29e-02	5.91e-02	3.65e-03	7.28e-05
 1.28013e+22	0.00e+00	6.71e-19	5.43e-16	1.34e-13	8.41e-12	2.83e-10	9.84e-09	1.09e-05	9.65e-04	2.26e-02	1.25e-01	2.87e-01	3.07e-01	1.39e-01	6.01e-02	5.53e-02	3.33e-03	6.48e-05
 1.29423e+22	0.00e+00	9.13e-19	7.19e-16	1.72e-13	1.05e-11	3.40e-10	1.15e-08	1.23e-05	1.06e-03	2.44e-02	1.31e-01	2.93e-01	3.05e-01	1.34e-01	5.65e-02	5.06e-02	2.94e-03	5.53e-05
 1.30892e+22	0.00e+00	1.18e-18	9.07e-16	2.11e-13	1.26e-11	3.97e-10	1.30e-08	1.35e-05	1.15e-03	2.60e-02	1.37e-01	2.98e-01	3.03e-01	1.30e-01	5.36e-02	4.69e-02	2.65e-03	4.85e-05
 1.32437e+22	0.00e+00	1.61e-18	1.20e-15	2.72e-13	1.57e-11	4.80e-10	1.52e-08	1.53e-05	1.27e-03	2.81e-02	1.45e-01	3.05e-01	3.01e-01	1.25e-01	5.02e-02	4.27e-02	2.33e-03	4.13e-05
 1.34036e+22	0.00e+00	2.13e-18	1.55e-15	3.42e-13	1.91e-11	5.68e-10	1.75e-08	1.70e-05	1.39e-03	3.01e-02	1.51e-01	3.10e-01	2.98e-01	1.21e-01	4.72e-02	3.92e-02	2.08e-03	3.56e-05
 1.35444e+22	9.49e-33	2.71e-18	1.94e-15	4.17e-13	2.28e-11	6.59e-10	1.97e-08	1.87e-05	1.50e-03	3.19e-02	1.57e-01	3.14e-01	2.95e-01	1.17e-01	4.47e-02	3.63e-02	1.87e-03	3.13e-05
 1.37013e+22	1.35e-32	3.74e-18	2.61e-15	5.42e-13	2.87e-11	8.02e-10	2.32e-08	2.12e-05	1.65e-03	3.45e-02	1.66e-01	3.19e-01	2.91e-01	1.12e-01	4.16e-02	3.28e-02	1.63e-03	2.62e-05
 1.38613e+22	1.79e-32	4.81e-18	3.28e-15	6.66e-13	3.44e-11	9.36e-10	2.63e-08	2.34e-05	1.79e-03	3.66e-02	1.72e-01	3.23e-01	2.88e-01	1.08e-01	3.92e-02	3.02e-02	1.46e-03	2.29e-05
 1.40002e+22	2.32e-32	6.11e-18	4.08e-15	8.09e-13	4.08e-11	1.08e-09	2.97e-08	2.56e-05	1.93e-03	3.87e-02	1.78e-01	3.27e-01	2.84e-01	1.04e-01	3.71e-02	2.80e-02	1.32e-03	2.01e-05
 1.41556e+22	3.27e-32	8.31e-18	5.40e-15	1.04e-12	5.09e-11	1.31e-09	3.47e-08	2.89e-05	2.12e-03	4.16e-02	1.87e-01	3.31e-01	2.79e-01	9.89e-02	3.44e-02	2.52e-02	1.15e-03	1.69e-05
 1.43106e+22	4.24e-32	1.05e-17	6.72e-15	1.26e-12	6.05e-11	1.51e-09	3.91e-08	3.17e-05	2.28e-03	4.40e-02	1.93e-01	3.33e-01	2.75e-01	9.52e-02	3.24e-02	2.33e-02	1.03e-03	1.47e-05
 1.44650e+22	5.84e-32	1.41e-17	8.74e-15	1.60e-12	7.44e-11	1.80e-09	4.53e-08	3.55e-05	2.49e-03	4.70e-02	2.01e-01	3.36e-01	2.70e-01	9.07e-02	3.01e-02	2.11e-02	9.02e-04	1.25e-05
 1.46246e+22	7.71e-32	1.80e-17	1.10e-14	1.96e-12	8.90e-11	2.10e-09	5.14e-08	3.91e-05	2.69e-03	4.97e-02	2.08e-01	3.39e-01	2.65e-01	8.69e-02	2.83e-02	1.93e-02	8.04e-04	1.08e-05
 1.47673e+22	1.01e-31	2.29e-17	1.37e-14	2.39e-12	1.06e-10	2.44e-09	5.80e-08	4.29e-05	2.89e-03	5.24e-02	2.15e-01	3.41e-01	2.60e-01	8.33e-02	2.66e-02	1.78e-02	7.19e-04	9.42e-06
 1.49294e+22	1.39e-31	3.08e-17	1.79e-14	3.04e-12	1.31e-10	2.92e-09	6.74e-08	4.81e-05	3.16e-03	5.59e-02	2.24e-01	3.43e-01	2.54e-01	7.90e-02	2.45e-02	1.60e-02	6.26e-04	7.93e-06
 1.50964e+22	1.85e-31	3.97e-17	2.26e-14	3.75e-12	1.57e-10	3.42e-09	7.67e-08	5.32e-05	3.41e-03	5.92e-02	2.31e-01	3.44e-01	2.49e-01	7.53e-02	2.29e-02	1.46e-02	5.54e-04	6.81e-06
 1.52454e+22	2.43e-31	5.06e-17	2.82e-14	4.57e-12	1.88e-10	3.97e-09	8.69e-08	5.85e-05	3.67e-03	6.24e-02	2.38e-01	3.45e-01	2.44e-01	7.18e-02	2.14e-02	1.33e-02	4.92e-04	5.89e-06
 1.54145e+22	3.42e-31	6.86e-17	3.74e-14	5.87e-12	2.34e-10	4.79e-09	1.01e-07	6.59e-05	4.02e-03	6.66e-02	2.47e-01	3.46e-01	2.37e-01	6.77e-02	1.97e-02	1.19e-02	4.24e-04	4.90e-06
 1.55881e+22	4.50e-31	8.78e-17	4.68e-14	7.19e-12	2.79e-10	5.58e-09	1.15e-07	7.26e-05	4.33e-03	7.01e-02	2.54e-01	3.46e-01	2.31e-01	6.44e-02	1.83e-02	1.09e-02	3.76e-04	4.22e-06
 1.57374e+22	5.81e-31	1.10e-16	5.77e-14	8.67e-12	3.30e-10	6.43e-09	1.29e-07	7.94e-05	4.63e-03	7.36e-02	2.61e-01	3.46e-01	2.26e-01	6.14e-02	1.71e-02	9.95e-03	3.35e-04	3.66e-06
 1.59014e+22	7.94e-31	1.46e-16	7.44e-14	1.09e-11	4.03e-10	7.63e-09	1.49e-07	8.85e-05	5.03e-03	7.79e-02	2.69e-01	3.46e-01	2.19e-01	5.79e-02	1.58e-02	8.94e-03	2.92e-04	3.08e-06
 1.60705e+22	1.05e-30	1.86e-16	9.31e-14	1.33e-11	4.81e-10	8.87e-09	1.69e-07	9.74e-05	5.41e-03	8.19e-02	2.76e-01	3.45e-01	2.13e-01	5.49e-02	1.47e-02	8.13e-03	2.58e-04	2.65e-06
 1.62204e+22	1.35e-30	2.33e-16	1.15e-13	1.61e-11	5.67e-10	1.02e-08	1.90e-07	1.07e-04	5.78e-03	8.58e-02	2.83e-01	3.44e-01	2.08e-01	5.22e-02	1.37e-02	7.43e-03	2.29e-04	2.29e-06
 1.63894e+22	1.85e-30	3.07e-16	1.48e-13	2.01e-11	6.92e-10	1.21e-08	2.18e-07	1.19e-04	6.27e-03	9.06e-02	2.91e-01	3.43e-01	2.01e-01	4.91e-02	1.26e-02	6.67e-03	1.99e-04	1.93e-06
 1.65689e+22	2.50e-30	4.01e-16	1.89e-13	2.51e-11	8.40e-10	1.43e-08	2.50e-07	1.32e-04	6.77e-03	9.55e-02	2.98e-01	3.41e-01	1.94e-01	4.62e-02	1.16e-02	5.98e-03	1.73e-04	1.62e-06
 1.67304e+22	3.26e-30	5.06e-16	2.34e-13	3.04e-11	9.95e-10	1.65e-08	2.82e-07	1.44e-04	7.25e-03	1.00e-01	3.05e-01	3.39e-01	1.89e-01	4.37e-02	1.07e-02	5.43e-03	1.53e-04	1.40e-06
 1.69087e+22	4.57e-30	6.83e-16	3.08e-13	3.89e-11	1.23e-09	1.98e-08	3.29e-07	1.62e-04	7.90e-03	1.06e-01	3.13e-01	3.36e-01	1.81e-01	4.07e-02	9.74e-03	4.80e-03	1.30e-04	1.15e-06
 1.70963e+22	6.11e-30	8.81e-16	3.89e-13	4.80e-11	1.48e-09	2.32e-08	3.74e-07	1.79e-04	8.50e-03	1.11e-01	3.20e-01	3.34e-01	1.75e-01	3.82e-02	8.95e-03	4.32e-03	1.14e-04	9.71e-07
 1.72960e+22	8.89e-30	1.23e-15	5.27e-13	6.30e-11	1.89e-09	2.85e-08	4.43e-07	2.03e-04	9.33e-03	1.18e-01	3.29e-01	3.29e-01	1.67e-01	3.52e-02	8.02e-03	3.75e-03	9.49e-05	7.79e-07
 1.74958e+22	1.19e-29	1.59e-15	6.69e-13	7.79e-11	2.27e-09	3.34e-08	5.05e-07	2.25e-04	1.00e-02	1.24e-01	3.36e-01	3.26e-01	1.60e-01	3.29e-02	7.34e-03	3.36e-03	8.22e-05	6.55e-07
 1.76959e+22	1.70e-29	2.18e-15	8.94e-13	1.01e-10	2.86e-09	4.05e-08	5.93e-07	2.54e-04	1.10e-02	1.31e-01	3.44e-01	3.21e-01	1.53e-01	3.03e-02	6.58e-03	2.92e-03	6.89e-05	5.28e-07
 1.79013e+22	2.33e-29	2.87e-15	1.15e-12	1.27e-10	3.49e-09	4.81e-08	6.82e-07	2.82e-04	1.18e-02	1.38e-01	3.51e-01	3.17e-01	1.46e-01	2.81e-02	5.97e-03	2.59e-03	5.89e-05	4.36e-07
 1.80817e+22	3.11e-29	3.70e-15	1.46e-12	1.56e-10	4.19e-09	5.62e-08	7.76e-07	3.11e-04	1.27e-02	1.44e-01	3.57e-01	3.12e-01	1.40e-01	2.62e-02	5.45e-03	2.31e-03	5.09e-05	3.66e-07
 1.82842e+22	4.44e-29	5.09e-15	1.95e-12	2.03e-10	5.28e-09	6.84e-08	9.12e-07	3.51e-04	1.39e-02	1.52e-01	3.64e-01	3.06e-01	1.33e-01	2.40e-02	4.86e-03	2.00e-03	4.24e-05	2.92e-07
 1.84934e+22	6.06e-29	6.73e-15	2.52e-12	2.55e-10	6.46e-09	8.12e-08	1.05e-06	3.90e-04	1.49e-02	1.59e-01	3.70e-01	3.01e-01	1.26e-01	2.21e-02	4.38e-03	1.76e-03	3.59e-05	2.39e-07
 1.86799e+22	8.16e-29	8.77e-15	3.21e-12	3.17e-10	7.82e-09	9.56e-08	1.20e-06	4.31e-04	1.61e-02	1.66e-01	3.76e-01	2.95e-01	1.20e-01	2.05e-02	3.97e-03	1.55e-03	3.07e-05	1.97e-07
 1.88911e+22	1.18e-28	1.22e-14	4.35e-12	4.16e-10	9.93e-09	1.17e-07	1.42e-06	4.89e-04	1.75e-02	1.76e-01	3.82e-01	2.88e-01	1.13e-01	1.85e-02	3.50e-03	1.32e-03	2.51e-05	1.55e-07
 1.91084e+22	1.62e-28	1.63e-14	5.67e-12	5.28e-10	1.22e-08	1.40e-07	1.65e-06	5.45e-04	1.89e-02	1.84e-01	3.88e-01	2.81e-01	1.07e-01	1.69e-02	3.12e-03	1.15e-03	2.10e-05	1.25e-07
 1.93008e+22	2.17e-28	2.12e-14	7.23e-12	6.56e-10	1.48e-08	1.65e-07	1.88e-06	6.02e-04	2.03e-02	1.92e-01	3.92e-01	2.74e-01	1.01e-01	1.56e-02	2.81e-03	1.01e-03	1.78e-05	0.00e+00
 1.95183e+22	3.20e-28	3.02e-14	9.99e-12	8.78e-10	1.92e-08	2.05e-07	2.26e-06	6.88e-04	2.23e-02	2.03e-01	3.98e-01	2.65e-01	9.38e-02	1.39e-02	2.44e-03	8.43e-04	1.42e-05	0.00e+00
 1.97379e+22	4.29e-28	3.96e-14	1.28e-11	1.10e-09	2.34e-08	2.43e-07	2.60e-06	7.62e-04	2.39e-02	2.11e-01	4.02e-01	2.58e-01	8.84e-02	1.27e-02	2.18e-03	7.34e-04	1.19e-05	0.00e+00
 1.99605e+22	6.28e-28	5.66e-14	1.78e-11	1.47e-09	3.03e-08	3.04e-07	3.13e-06	8.72e-04	2.62e-02	2.23e-01	4.07e-01	2.48e-01	8.15e-02	1.12e-02	1.87e-03	6.08e-04	9.37e-06	0.00e+00
 2.01725e+22	8.09e-28	7.19e-14	2.21e-11	1.79e-09	3.61e-08	3.53e-07	3.54e-06	9.55e-04	2.79e-02	2.31e-01	4.09e-01	2.41e-01	7.71e-02	1.03e-02	1.69e-03	5.35e-04	7.98e-06	0.00e+00
 2.03709e+22	1.13e-27	9.86e-14	2.96e-11	2.33e-09	4.57e-08	4.32e-07	4.19e-06	1.08e-03	3.03e-02	2.42e-01	4.12e-01	2.32e-01	7.13e-02	9.18e-03	1.47e-03	4.49e-04	6.40e-06	0.00e+00
 2.05694e+22	1.44e-27	1.25e-13	3.67e-11	2.83e-09	5.43e-08	5.00e-07	4.74e-06	1.18e-03	3.22e-02	2.50e-01	4.14e-01	2.25e-01	6.72e-02	8.41e-03	1.32e-03	3.94e-04	5.43e-06	0.00e+00
 2.07681e+22	1.99e-27	1.70e-13	4.89e-11	3.67e-09	6.87e-08	6.13e-07	5.61e-06	1.33e-03	3.50e-02	2.62e-01	4.16e-01	2.15e-01	6.18e-02	7.44e-03	1.14e-03	3.28e-04	4.32e-06	0.00e+00
 2.09687e+22	2.55e-27	2.16e-13	6.10e-11	4.48e-09	8.21e-08	7.14e-07	6.38e-06	1.46e-03	3.72e-02	2.70e-01	4.17e-01	2.08e-01	5.79e-02	6.77e-03	1.02e-03	2.86e-04	3.63e-06	0.00e+00
 2.11718e+22	3.49e-27	2.96e-13	8.13e-11	5.82e-09	1.04e-07	8.77e-07	7.59e-06	1.65e-03	4.04e-02	2.83e-01	4.17e-01	1.98e-01	5.30e-02	5.95e-03	8.76e-04	2.36e-04	2.85e-06	0.00e+00
 2.13779e+22	4.45e-27	3.77e-13	1.02e-10	7.14e-09	1.25e-07	1.03e-06	8.68e-06	1.82e-03	4.30e-02	2.92e-01	4.17e-01	1.91e-01	4.93e-02	5.37e-03	7.77e-04	2.03e-04	2.37e-06	0.00e+00
 2.15880e+22	6.04e-27	5.15e-13	1.36e-10	9.31e-09	1.59e-07	1.27e-06	1.04e-05	2.07e-03	4.68e-02	3.05e-01	4.16e-01	1.80e-01	4.47e-02	4.67e-03	6.60e-04	1.66e-04	1.84e-06	0.00e+00
 2.18018e+22	7.70e-27	6.59e-13	1.71e-10	1.15e-08	1.93e-07	1.50e-06	1.20e-05	2.29e-03	5.00e-02	3.15e-01	4.15e-01	1.72e-01	4.13e-02	4.17e-03	5.79e-04	1.41e-04	1.50e-06	0.00e+00
 2.20205e+22	1.04e-26	9.03e-13	2.29e-10	1.51e-08	2.47e-07	1.87e-06	1.44e-05	2.61e-03	5.44e-02	3.28e-01	4.12e-01	1.62e-01	3.70e-02	3.59e-03	4.86e-04	1.14e-04	1.14e-06	0.00e+00
 2.22437e+22	1.31e-26	1.16e-12	2.89e-10	1.87e-08	3.02e-07	2.22e-06	1.68e-05	2.90e-03	5.83e-02	3.39e-01	4.09e-01	1.53e-01	3.39e-02	3.17e-03	4.21e-04	9.51e-05	9.19e-07	0.00e+00
 2.24726e+22	1.73e-26	1.59e-12	3.89e-10	2.47e-08	3.90e-07	2.79e-06	2.04e-05	3.33e-03	6.36e-02	3.53e-01	4.04e-01	1.42e-01	3.00e-02	2.68e-03	3.48e-04	7.52e-05	6.86e-07	0.00e+00
 2.27053e+22	2.16e-26	2.03e-12	4.90e-10	3.07e-08	4.78e-07	3.34e-06	2.39e-05	3.72e-03	6.82e-02	3.64e-01	4.00e-01	1.34e-01	2.72e-02	2.35e-03	2.99e-04	6.22e-05	5.43e-07	0.00e+00
 2.29349e+22	5.51e-26	2.71e-12	6.47e-10	3.99e-08	6.12e-07	4.16e-06	2.89e-05	4.25e-03	7.42e-02	3.78e-01	3.93e-01	1.24e-01	2.41e-02	1.98e-03	2.47e-04	4.91e-05	4.05e-07	0.00e+00
 2.31551e+22	6.67e-26	3.35e-12	7.92e-10	4.84e-08	7.33e-07	4.88e-06	3.33e-05	4.69e-03	7.89e-02	3.88e-01	3.88e-01	1.17e-01	2.19e-02	1.75e-03	2.14e-04	4.12e-05	3.26e-07	0.00e+00
 2.33711e+22	8.27e-26	4.36e-12	1.02e-09	6.19e-08	9.26e-07	6.02e-06	4.01e-05	5.34e-03	8.54e-02	4.00e-01	3.80e-01	1.08e-01	1.93e-02	1.48e-03	1.77e-04	3.26e-05	2.44e-07	0.00e+00
 2.35857e+22	9.80e-26	5.31e-12	1.24e-09	7.43e-08	1.10e-06	7.03e-06	4.60e-05	5.87e-03	9.05e-02	4.10e-01	3.73e-01	1.02e-01	1.76e-02	1.30e-03	1.53e-04	2.73e-05	1.96e-07	0.00e+00
 2.37985e+22	1.19e-25	6.77e-12	1.58e-09	9.38e-08	1.38e-06	8.60e-06	5.52e-05	6.66e-03	9.76e-02	4.21e-01	3.64e-01	9.36e-02	1.55e-02	1.10e-03	1.27e-04	2.16e-05	1.47e-07	0.00e+00
 2.40112e+22	1.39e-25	8.13e-12	1.89e-09	1.12e-07	1.63e-06	1.00e-05	6.33e-05	7.32e-03	1.03e-01	4.30e-01	3.57e-01	8.77e-02	1.40e-02	9.61e-04	1.09e-04	1.81e-05	0.00e+00	0.00e+00
 2.42240e+22	1.66e-25	1.02e-11	2.38e-09	1.40e-07	2.03e-06	1.22e-05	7.57e-05	8.27e-03	1.11e-01	4.40e-01	3.47e-01	8.04e-02	1.23e-02	8.08e-04	9.03e-05	1.43e-05	0.00e+00	0.00e+00
 2.44366e+22	1.92e-25	1.21e-11	2.83e-09	1.66e-07	2.39e-06	1.42e-05	8.66e-05	9.08e-03	1.17e-01	4.48e-01	3.39e-01	7.51e-02	1.11e-02	7.08e-04	7.79e-05	1.19e-05	0.00e+00	0.00e+00
 2.46490e+22	2.27e-25	1.50e-11	3.52e-09	2.06e-07	2.95e-06	1.72e-05	1.03e-04	1.02e-02	1.26e-01	4.57e-01	3.28e-01	6.86e-02	9.70e-03	5.95e-04	6.41e-05	9.38e-06	0.00e+00	0.00e+00
 2.48614e+22	2.61e-25	1.76e-11	4.15e-09	2.43e-07	3.45e-06	1.98e-05	1.18e-04	1.12e-02	1.32e-01	4.64e-01	3.19e-01	6.40e-02	8.75e-03	5.20e-04	5.53e-05	7.83e-06	0.00e+00	0.00e+00
 2.50740e+22	3.08e-25	2.15e-11	5.12e-09	2.99e-07	4.24e-06	2.39e-05	1.40e-04	1.26e-02	1.42e-01	4.72e-01	3.08e-01	5.83e-02	7.63e-03	4.36e-04	4.55e-05	6.17e-06	0.00e+00	0.00e+00
 2.52872e+22	3.55e-25	2.51e-11	6.02e-09	3.51e-07	4.95e-06	2.75e-05	1.59e-04	1.37e-02	1.49e-01	4.77e-01	2.99e-01	5.42e-02	6.87e-03	3.81e-04	3.91e-05	5.15e-06	0.00e+00	0.00e+00
 2.55014e+22	4.20e-25	3.03e-11	7.37e-09	4.30e-07	6.04e-06	3.31e-05	1.89e-04	1.54e-02	1.59e-01	4.83e-01	2.87e-01	4.92e-02	5.98e-03	3.19e-04	3.21e-05	4.05e-06	0.00e+00	0.00e+00
 2.57167e+22	4.87e-25	3.51e-11	8.64e-09	5.03e-07	7.03e-06	3.80e-05	2.15e-04	1.68e-02	1.66e-01	4.87e-01	2.78e-01	4.56e-02	5.37e-03	2.78e-04	2.76e-05	3.37e-06	0.00e+00	0.00e+00
 2.59337e+22	5.82e-25	4.21e-11	1.05e-08	6.14e-07	8.55e-06	4.54e-05	2.54e-04	1.88e-02	1.77e-01	4.92e-01	2.66e-01	4.12e-02	4.66e-03	2.33e-04	2.26e-05	2.65e-06	0.00e+00	0.00e+00
 2.61531e+22	6.80e-25	4.86e-11	1.23e-08	7.17e-07	9.96e-06	5.22e-05	2.89e-04	2.05e-02	1.85e-01	4.95e-01	2.57e-01	3.81e-02	4.17e-03	2.02e-04	1.93e-05	2.19e-06	0.00e+00	0.00e+00
 2.63755e+22	8.25e-25	5.81e-11	1.50e-08	8.74e-07	1.21e-05	6.24e-05	3.41e-04	2.29e-02	1.96e-01	4.98e-01	2.44e-01	3.43e-02	3.60e-03	1.68e-04	1.57e-05	1.71e-06	0.00e+00	0.00e+00
 2.66010e+22	9.78e-25	6.71e-11	1.76e-08	1.02e-06	1.41e-05	7.16e-05	3.88e-04	2.49e-02	2.05e-01	5.00e-01	2.35e-01	3.15e-02	3.21e-03	1.45e-04	1.34e-05	1.41e-06	0.00e+00	0.00e+00
 2.68304e+22	1.21e-24	7.99e-11	2.15e-08	1.25e-06	1.71e-05	8.57e-05	4.60e-04	2.79e-02	2.17e-01	5.01e-01	2.23e-01	2.82e-02	2.76e-03	1.20e-04	1.09e-05	1.09e-06	0.00e+00	0.00e+00
 2.70641e+22	1.46e-24	9.27e-11	2.54e-08	1.46e-06	1.99e-05	9.84e-05	5.23e-04	3.03e-02	2.26e-01	5.01e-01	2.13e-01	2.58e-02	2.45e-03	1.04e-04	9.21e-06	8.98e-07	0.00e+00	0.00e+00
 2.73034e+22	1.85e-24	1.11e-10	3.11e-08	1.79e-06	2.43e-05	1.18e-04	6.20e-04	3.39e-02	2.39e-01	5.00e-01	2.01e-01	2.29e-02	2.09e-03	8.48e-05	7.39e-06	6.89e-07	0.00e+00	0.00e+00
 2.75482e+22	2.28e-24	1.29e-10	3.69e-08	2.11e-06	2.84e-05	1.36e-04	7.07e-04	3.70e-02	2.49e-01	4.99e-01	1.91e-01	2.09e-02	1.84e-03	7.26e-05	6.22e-06	5.61e-07	0.00e+00	0.00e+00
 2.77567e+22	2.75e-24	1.47e-10	4.29e-08	2.44e-06	3.27e-05	1.54e-04	7.96e-04	3.99e-02	2.59e-01	4.97e-01	1.83e-01	1.92e-02	1.64e-03	6.30e-05	5.31e-06	4.64e-07	0.00e+00	0.00e+00
 2.79510e+22	3.30e-24	1.68e-10	4.96e-08	2.81e-06	3.74e-05	1.74e-04	8.91e-04	4.29e-02	2.68e-01	4.94e-01	1.75e-01	1.76e-02	1.47e-03	5.49e-05	4.56e-06	3.87e-07	0.00e+00	0.00e+00
 2.81703e+22	4.17e-24	1.96e-10	5.97e-08	3.36e-06	4.45e-05	2.03e-04	1.03e-03	4.72e-02	2.79e-01	4.90e-01	1.65e-01	1.57e-02	1.27e-03	4.58e-05	3.73e-06	3.04e-07	0.00e+00	0.00e+00
 2.83878e+22	5.05e-24	2.24e-10	6.90e-08	3.85e-06	5.06e-05	2.28e-04	1.15e-03	5.05e-02	2.88e-01	4.87e-01	1.57e-01	1.45e-02	1.14e-03	4.01e-05	3.22e-06	2.56e-07	0.00e+00	0.00e+00
 2.86028e+22	6.38e-24	2.61e-10	8.25e-08	4.57e-06	5.97e-05	2.65e-04	1.32e-03	5.52e-02	3.00e-01	4.82e-01	1.48e-01	1.30e-02	9.85e-04	3.36e-05	2.65e-06	2.02e-07	0.00e+00	0.00e+00
 2.88197e+22	7.80e-24	2.99e-10	9.57e-08	5.25e-06	6.79e-05	2.96e-04	1.47e-03	5.90e-02	3.08e-01	4.77e-01	1.41e-01	1.19e-02	8.83e-04	2.94e-05	2.28e-06	1.70e-07	0.00e+00	0.00e+00
 2.90391e+22	9.98e-24	3.50e-10	1.15e-07	6.26e-06	8.01e-05	3.44e-04	1.68e-03	6.43e-02	3.20e-01	4.70e-01	1.32e-01	1.06e-02	7.61e-04	2.45e-05	1.87e-06	1.34e-07	0.00e+00	0.00e+00
 2.92609e+22	1.23e-23	4.02e-10	1.34e-07	7.20e-06	9.12e-05	3.85e-04	1.87e-03	6.86e-02	3.28e-01	4.65e-01	1.25e-01	9.73e-03	6.80e-04	2.14e-05	1.61e-06	0.00e+00	0.00e+00	0.00e+00
 2.94859e+22	1.59e-23	4.74e-10	1.62e-07	8.60e-06	1.08e-04	4.46e-04	2.14e-03	7.48e-02	3.40e-01	4.57e-01	1.17e-01	8.63e-03	5.84e-04	1.78e-05	1.31e-06	0.00e+00	0.00e+00	0.00e+00
 2.97137e+22	1.98e-23	5.47e-10	1.89e-07	9.92e-06	1.23e-04	5.00e-04	2.38e-03	7.97e-02	3.48e-01	4.50e-01	1.11e-01	7.87e-03	5.20e-04	1.54e-05	1.12e-06	0.00e+00	0.00e+00	0.00e+00
 2.99453e+22	2.60e-23	6.50e-10	2.29e-07	1.19e-05	1.45e-04	5.79e-04	2.73e-03	8.67e-02	3.59e-01	4.41e-01	1.03e-01	6.94e-03	4.44e-04	1.27e-05	9.09e-07	0.00e+00	0.00e+00	0.00e+00
 3.01806e+22	3.28e-23	7.56e-10	2.70e-07	1.38e-05	1.66e-04	6.50e-04	3.02e-03	9.23e-02	3.67e-01	4.33e-01	9.69e-02	6.30e-03	3.94e-04	1.10e-05	7.73e-07	0.00e+00	0.00e+00	0.00e+00
 3.04207e+22	4.37e-23	9.07e-10	3.31e-07	1.66e-05	1.97e-04	7.54e-04	3.47e-03	1.00e-01	3.78e-01	4.22e-01	8.94e-02	5.53e-03	3.34e-04	9.04e-06	6.22e-07	0.00e+00	0.00e+00	0.00e+00
 3.06653e+22	5.57e-23	1.07e-09	3.92e-07	1.94e-05	2.25e-04	8.47e-04	3.85e-03	1.07e-01	3.86e-01	4.13e-01	8.39e-02	4.99e-03	2.94e-04	7.75e-06	5.26e-07	0.00e+00	0.00e+00	0.00e+00
 3.09158e+22	7.54e-23	1.29e-09	4.84e-07	2.36e-05	2.69e-04	9.86e-04	4.42e-03	1.16e-01	3.96e-01	4.01e-01	7.69e-02	4.34e-03	2.48e-04	6.31e-06	4.19e-07	0.00e+00	0.00e+00	0.00e+00
 3.11714e+22	9.79e-23	1.54e-09	5.79e-07	2.76e-05	3.09e-04	1.11e-03	4.91e-03	1.23e-01	4.03e-01	3.91e-01	7.18e-02	3.90e-03	2.17e-04	5.38e-06	3.52e-07	0.00e+00	0.00e+00	0.00e+00
 3.14337e+22	1.35e-22	1.89e-09	7.24e-07	3.38e-05	3.70e-04	1.30e-03	5.65e-03	1.34e-01	4.13e-01	3.77e-01	6.52e-02	3.35e-03	1.81e-04	4.32e-06	2.77e-07	0.00e+00	0.00e+00	0.00e+00
 3.16972e+22	1.75e-22	2.26e-09	8.67e-07	3.97e-05	4.25e-04	1.46e-03	6.26e-03	1.42e-01	4.19e-01	3.67e-01	6.07e-02	3.00e-03	1.58e-04	3.67e-06	2.31e-07	0.00e+00	0.00e+00	0.00e+00
 3.19625e+22	2.44e-22	2.80e-09	1.09e-06	4.87e-05	5.09e-04	1.70e-03	7.17e-03	1.53e-01	4.27e-01	3.53e-01	5.50e-02	2.58e-03	1.32e-04	2.95e-06	1.82e-07	0.00e+00	0.00e+00	0.00e+00
 3.22182e+22	3.14e-22	3.32e-09	1.29e-06	5.65e-05	5.77e-04	1.88e-03	7.82e-03	1.61e-01	4.32e-01	3.43e-01	5.14e-02	2.33e-03	1.16e-04	2.55e-06	1.55e-07	0.00e+00	0.00e+00	0.00e+00
 3.24616e+22	4.24e-22	4.05e-09	1.59e-06	6.81e-05	6.78e-04	2.16e-03	8.84e-03	1.72e-01	4.37e-01	3.30e-01	4.67e-02	2.02e-03	9.81e-05	2.07e-06	1.24e-07	0.00e+00	0.00e+00	0.00e+00
 3.27125e+22	5.56e-22	4.88e-09	1.90e-06	7.96e-05	7.74e-04	2.40e-03	9.67e-03	1.81e-01	4.41e-01	3.19e-01	4.34e-02	1.81e-03	8.60e-05	1.77e-06	0.00e+00	0.00e+00	0.00e+00	0.00e+00
 3.29316e+22	7.05e-22	5.72e-09	2.23e-06	9.19e-05	8.75e-04	2.66e-03	1.06e-02	1.90e-01	4.45e-01	3.09e-01	4.03e-02	1.62e-03	7.54e-05	1.51e-06	0.00e+00	0.00e+00	0.00e+00	0.00e+00
 3.31403e+22	8.99e-22	6.76e-09	2.62e-06	1.06e-04	9.84e-04	2.93e-03	1.15e-02	1.99e-01	4.47e-01	2.99e-01	3.75e-02	1.46e-03	6.67e-05	1.31e-06	0.00e+00	0.00e+00	0.00e+00	0.00e+00
 3.33771e+22	1.22e-21	8.29e-09	3.21e-06	1.26e-04	1.14e-03	3.32e-03	1.28e-02	2.11e-01	4.50e-01	2.86e-01	3.41e-02	1.27e-03	5.66e-05	1.08e-06	0.00e+00	0.00e+00	0.00e+00	0.00e+00
 3.36170e+22	1.56e-21	9.82e-09	3.79e-06	1.46e-04	1.29e-03	3.67e-03	1.39e-02	2.20e-01	4.52e-01	2.76e-01	3.15e-02	1.13e-03	4.94e-05	9.17e-07	0.00e+00	0.00e+00	0.00e+00	0.00e+00
 3.38287e+22	2.01e-21	1.17e-08	4.47e-06	1.69e-04	1.46e-03	4.04e-03	1.51e-02	2.30e-01	4.53e-01	2.66e-01	2.92e-02	1.02e-03	4.35e-05	7.88e-07	0.00e+00	0.00e+00	0.00e+00	0.00e+00
 3.40717e+22	2.75e-21	1.45e-08	5.50e-06	2.02e-04	1.69e-03	4.55e-03	1.66e-02	2.42e-01	4.54e-01	2.54e-01	2.65e-02	8.86e-04	3.70e-05	6.50e-07	0.00e+00	0.00e+00	0.00e+00	0.00e+00
 3.43247e+22	3.64e-21	1.76e-08	6.61e-06	2.37e-04	1.93e-03	5.07e-03	1.82e-02	2.53e-01	4.54e-01	2.43e-01	2.42e-02	7.81e-04	3.19e-05	5.45e-07	0.00e+00	0.00e+00	0.00e+00	0.00e+00
 3.45519e+22	4.74e-21	2.12e-08	7.85e-06	2.76e-04	2.18e-03	5.59e-03	1.97e-02	2.63e-01	4.53e-01	2.33e-01	2.23e-02	6.94e-04	2.77e-05	4.62e-07	0.00e+00	0.00e+00	0.00e+00	0.00e+00
 3.48083e+22	6.66e-21	2.69e-08	9.79e-06	3.33e-04	2.55e-03	6.33e-03	2.18e-02	2.76e-01	4.52e-01	2.20e-01	2.00e-02	5.96e-04	2.32e-05	3.75e-07	0.00e+00	0.00e+00	0.00e+00	0.00e+00
 3.50747e+22	8.95e-21	3.30e-08	1.18e-05	3.93e-04	2.91e-03	7.03e-03	2.37e-02	2.88e-01	4.49e-01	2.10e-01	1.82e-02	5.22e-04	1.99e-05	3.13e-07	0.00e+00	0.00e+00	0.00e+00	0.00e+00
 3.53172e+22	1.19e-20	4.04e-08	1.43e-05	4.61e-04	3.31e-03	7.79e-03	2.57e-02	2.99e-01	4.47e-01	2.00e-01	1.65e-02	4.58e-04	1.71e-05	2.62e-07	0.00e+00	0.00e+00	0.00e+00	0.00e+00
 3.55959e+22	1.73e-20	5.25e-08	1.81e-05	5.66e-04	3.90e-03	8.86e-03	2.85e-02	3.14e-01	4.42e-01	1.87e-01	1.46e-02	3.88e-04	1.41e-05	2.08e-07	0.00e+00	0.00e+00	0.00e+00	0.00e+00
 3.58781e+22	2.35e-20	6.50e-08	2.20e-05	6.68e-04	4.46e-03	9.84e-03	3.10e-02	3.26e-01	4.38e-01	1.77e-01	1.32e-02	3.36e-04	1.20e-05	1.72e-07	0.00e+00	0.00e+00	0.00e+00	0.00e+00
 3.61264e+22	3.17e-20	8.03e-08	2.65e-05	7.85e-04	5.07e-03	1.09e-02	3.34e-02	3.37e-01	4.33e-01	1.67e-01	1.19e-02	2.95e-04	1.03e-05	1.43e-07	0.00e+00	0.00e+00	0.00e+00	0.00e+00
 3.64107e+22	4.62e-20	1.05e-07	3.37e-05	9.60e-04	5.94e-03	1.23e-02	3.67e-02	3.51e-01	4.27e-01	1.56e-01	1.05e-02	2.48e-04	8.44e-06	0.00e+00	0.00e+00	0.00e+00	0.00e+00	0.00e+00
 3.67040e+22	6.42e-20	1.32e-07	4.14e-05	1.14e-03	6.82e-03	1.37e-02	3.99e-02	3.63e-01	4.20e-01	1.46e-01	9.36e-03	2.13e-04	7.08e-06	0.00e+00	0.00e+00	0.00e+00	0.00e+00	0.00e+00
 3.69644e+22	8.75e-20	1.65e-07	5.02e-05	1.35e-03	7.75e-03	1.51e-02	4.29e-02	3.74e-01	4.13e-01	1.37e-01	8.42e-03	1.85e-04	6.03e-06	0.00e+00	0.00e+00	0.00e+00	0.00e+00	0.00e+00
 3.72582e+22	1.30e-19	2.18e-07	6.41e-05	1.66e-03	9.11e-03	1.71e-02	4.71e-02	3.88e-01	4.03e-01	1.27e-01	7.31e-03	1.54e-04	4.87e-06	0.00e+00	0.00e+00	0.00e+00	0.00e+00	0.00e+00
 3.75600e+22	1.81e-19	2.76e-07	7.87e-05	1.97e-03	1.04e-02	1.89e-02	5.08e-02	3.99e-01	3.95e-01	1.18e-01	6.49e-03	1.32e-04	4.08e-06	0.00e+00	0.00e+00	0.00e+00	0.00e+00	0.00e+00
 3.78261e+22	2.48e-19	3.45e-07	9.54e-05	2.32e-03	1.18e-02	2.07e-02	5.43e-02	4.08e-01	3.86e-01	1.10e-01	5.79e-03	1.14e-04	3.45e-06	0.00e+00	0.00e+00	0.00e+00	0.00e+00	0.00e+00
 3.81258e+22	3.69e-19	4.58e-07	1.22e-04	2.85e-03	1.38e-02	2.34e-02	5.92e-02	4.20e-01	3.74e-01	1.01e-01	4.99e-03	9.39e-05	2.77e-06	0.00e+00	0.00e+00	0.00e+00	0.00e+00	0.00e+00
 3.84360e+22	5.21e-19	5.84e-07	1.50e-04	3.39e-03	1.58e-02	2.58e-02	6.36e-02	4.30e-01	3.64e-01	9.32e-02	4.38e-03	7.97e-05	2.29e-06	0.00e+00	0.00e+00	0.00e+00	0.00e+00	0.00e+00
 3.87597e+22	8.00e-19	7.93e-07	1.95e-04	4.21e-03	1.86e-02	2.91e-02	6.93e-02	4.41e-01	3.50e-01	8.42e-02	3.72e-03	6.47e-05	1.81e-06	0.00e+00	0.00e+00	0.00e+00	0.00e+00	0.00e+00
 3.90587e+22	1.08e-18	9.75e-07	2.32e-04	4.87e-03	2.08e-02	3.16e-02	7.34e-02	4.48e-01	3.40e-01	7.84e-02	3.31e-03	5.59e-05	1.53e-06	0.00e+00	0.00e+00	0.00e+00	0.00e+00	0.00e+00
 3.92890e+22	1.40e-18	1.18e-06	2.73e-04	5.56e-03	2.30e-02	3.39e-02	7.70e-02	4.53e-01	3.31e-01	7.34e-02	2.99e-03	4.91e-05	1.32e-06	0.00e+00	0.00e+00	0.00e+00	0.00e+00	0.00e+00
 3.95519e+22	1.98e-18	1.50e-06	3.35e-04	6.58e-03	2.61e-02	3.72e-02	8.20e-02	4.60e-01	3.18e-01	6.72e-02	2.60e-03	4.13e-05	1.09e-06	0.00e+00	0.00e+00	0.00e+00	0.00e+00	0.00e+00
 3.98283e+22	2.67e-18	1.86e-06	4.00e-04	7.62e-03	2.91e-02	4.02e-02	8.65e-02	4.64e-01	3.07e-01	6.21e-02	2.30e-03	3.55e-05	9.13e-07	0.00e+00	0.00e+00	0.00e+00	0.00e+00	0.00e+00
 4.01222e+22	3.91e-18	2.43e-06	5.01e-04	9.17e-03	3.33e-02	4.44e-02	9.23e-02	4.69e-01	2.93e-01	5.60e-02	1.96e-03	2.92e-05	7.32e-07	0.00e+00	0.00e+00	0.00e+00	0.00e+00	0.00e+00
 4.04216e+22	5.44e-18	3.06e-06	6.07e-04	1.07e-02	3.74e-02	4.82e-02	9.74e-02	4.72e-01	2.80e-01	5.10e-02	1.70e-03	2.45e-05	6.01e-07	0.00e+00	0.00e+00	0.00e+00	0.00e+00	0.00e+00
 4.06812e+22	7.33e-18	3.77e-06	7.22e-04	1.23e-02	4.15e-02	5.17e-02	1.02e-01	4.74e-01	2.69e-01	4.69e-02	1.50e-03	2.10e-05	5.04e-07	0.00e+00	0.00e+00	0.00e+00	0.00e+00	0.00e+00
 4.09719e+22	1.06e-17	4.88e-06	8.93e-04	1.47e-02	4.70e-02	5.64e-02	1.08e-01	4.75e-01	2.55e-01	4.21e-02	1.27e-03	1.73e-05	4.03e-07	0.00e+00	0.00e+00	0.00e+00	0.00e+00	0.00e+00
 4.12743e+22	1.47e-17	6.12e-06	1.08e-03	1.71e-02	5.24e-02	6.08e-02	1.13e-01	4.75e-01	2.42e-01	3.81e-02	1.10e-03	1.45e-05	3.30e-07	0.00e+00	0.00e+00	0.00e+00	0.00e+00	0.00e+00
 4.15474e+22	2.01e-17	7.59e-06	1.28e-03	1.97e-02	5.80e-02	6.52e-02	1.18e-01	4.73e-01	2.30e-01	3.45e-02	9.50e-04	1.22e-05	2.71e-07	0.00e+00	0.00e+00	0.00e+00	0.00e+00	0.00e+00
 4.18579e+22	2.96e-17	9.95e-06	1.60e-03	2.35e-02	6.56e-02	7.08e-02	1.23e-01	4.69e-01	2.15e-01	3.04e-02	7.91e-04	9.77e-06	2.12e-07	0.00e+00	0.00e+00	0.00e+00	0.00e+00	0.00e+00
 4.21756e+22	4.15e-17	1.25e-05	1.93e-03	2.72e-02	7.28e-02	7.58e-02	1.28e-01	4.65e-01	2.01e-01	2.71e-02	6.72e-04	8.06e-06	1.70e-07	0.00e+00	0.00e+00	0.00e+00	0.00e+00	0.00e+00
 4.24569e+22	5.70e-17	1.55e-05	2.30e-03	3.12e-02	8.01e-02	8.07e-02	1.33e-01	4.59e-01	1.89e-01	2.43e-02	5.73e-04	6.70e-06	1.38e-07	0.00e+00	0.00e+00	0.00e+00	0.00e+00	0.00e+00
 4.27767e+22	8.44e-17	2.03e-05	2.85e-03	3.70e-02	8.99e-02	8.69e-02	1.38e-01	4.50e-01	1.74e-01	2.11e-02	4.70e-04	5.30e-06	0.00e+00	0.00e+00	0.00e+00	0.00e+00	0.00e+00	0.00e+00
 4.31079e+22	1.20e-16	2.56e-05	3.43e-03	4.28e-02	9.91e-02	9.24e-02	1.42e-01	4.40e-01	1.61e-01	1.85e-02	3.91e-04	4.29e-06	0.00e+00	0.00e+00	0.00e+00	0.00e+00	0.00e+00	0.00e+00
 4.34046e+22	1.65e-16	3.18e-05	4.08e-03	4.89e-02	1.08e-01	9.75e-02	1.46e-01	4.30e-01	1.49e-01	1.63e-02	3.28e-04	3.50e-06	0.00e+00	0.00e+00	0.00e+00	0.00e+00	0.00e+00	0.00e+00
 4.37411e+22	2.48e-16	4.16e-05	5.04e-03	5.75e-02	1.20e-01	1.04e-01	1.49e-01	4.15e-01	1.35e-01	1.38e-02	2.62e-04	2.71e-06	0.00e+00	0.00e+00	0.00e+00	0.00e+00	0.00e+00	0.00e+00
 4.40852e+22	1.54e-16	5.23e-05	6.03e-03	6.59e-02	1.31e-01	1.09e-01	1.52e-01	4.00e-01	1.23e-01	1.19e-02	2.14e-04	2.15e-06	0.00e+00	0.00e+00	0.00e+00	0.00e+00	0.00e+00	0.00e+00
 4.43884e+22	2.13e-16	6.45e-05	7.11e-03	7.46e-02	1.42e-01	1.14e-01	1.54e-01	3.86e-01	1.12e-01	1.03e-02	1.77e-04	1.73e-06	0.00e+00	0.00e+00	0.00e+00	0.00e+00	0.00e+00	0.00e+00
 4.47317e+22	3.17e-16	8.36e-05	8.69e-03	8.66e-02	1.56e-01	1.19e-01	1.56e-01	3.66e-01	9.92e-02	8.55e-03	1.38e-04	1.31e-06	0.00e+00	0.00e+00	0.00e+00	0.00e+00	0.00e+00	0.00e+00
 4.50843e+22	4.50e-16	1.04e-04	1.03e-02	9.82e-02	1.68e-01	1.24e-01	1.56e-01	3.48e-01	8.86e-02	7.22e-03	1.11e-04	1.02e-06	0.00e+00	0.00e+00	0.00e+00	0.00e+00	0.00e+00	0.00e+00
 4.53966e+22	6.19e-16	1.28e-04	1.20e-02	1.10e-01	1.79e-01	1.28e-01	1.56e-01	3.30e-01	7.95e-02	6.14e-03	8.97e-05	8.07e-07	0.00e+00	0.00e+00	0.00e+00	0.00e+00	0.00e+00	0.00e+00
 4.57503e+22	9.25e-16	1.64e-04	1.45e-02	1.26e-01	1.93e-01	1.32e-01	1.55e-01	3.07e-01	6.88e-02	4.98e-03	6.84e-05	5.96e-07	0.00e+00	0.00e+00	0.00e+00	0.00e+00	0.00e+00	0.00e+00
 4.61145e+22	1.32e-15	2.04e-04	1.71e-02	1.41e-01	2.04e-01	1.34e-01	1.53e-01	2.86e-01	6.03e-02	4.11e-03	5.35e-05	4.54e-07	0.00e+00	0.00e+00	0.00e+00	0.00e+00	0.00e+00	0.00e+00
 4.64390e+22	1.83e-15	2.48e-04	1.97e-02	1.55e-01	2.15e-01	1.36e-01	1.50e-01	2.66e-01	5.29e-02	3.41e-03	4.23e-05	3.50e-07	0.00e+00	0.00e+00	0.00e+00	0.00e+00	0.00e+00	0.00e+00
 4.68074e+22	2.78e-15	3.17e-04	2.37e-02	1.75e-01	2.28e-01	1.38e-01	1.46e-01	2.42e-01	4.44e-02	2.67e-03	3.11e-05	2.49e-07	0.00e+00	0.00e+00	0.00e+00	0.00e+00	0.00e+00	0.00e+00
 4.71836e+22	3.93e-15	3.87e-04	2.73e-02	1.93e-01	2.37e-01	1.38e-01	1.42e-01	2.21e-01	3.82e-02	2.16e-03	2.39e-05	1.87e-07	0.00e+00	0.00e+00	0.00e+00	0.00e+00	0.00e+00	0.00e+00
 4.75697e+22	6.08e-15	4.93e-04	3.25e-02	2.15e-01	2.48e-01	1.38e-01	1.36e-01	1.97e-01	3.13e-02	1.65e-03	1.70e-05	1.29e-07	0.00e+00	0.00e+00	0.00e+00	0.00e+00	0.00e+00	0.00e+00
 4.79603e+22	8.71e-15	5.99e-04	3.73e-02	2.34e-01	2.55e-01	1.37e-01	1.30e-01	1.77e-01	2.64e-02	1.31e-03	1.29e-05	0.00e+00	0.00e+00	0.00e+00	0.00e+00	0.00e+00	0.00e+00	0.00e+00
 4.83568e+22	1.37e-14	7.57e-04	4.39e-02	2.59e-01	2.63e-01	1.34e-01	1.22e-01	1.55e-01	2.12e-02	9.75e-04	8.95e-06	0.00e+00	0.00e+00	0.00e+00	0.00e+00	0.00e+00	0.00e+00	0.00e+00
 4.87500e+22	1.97e-14	9.05e-04	4.96e-02	2.77e-01	2.67e-01	1.32e-01	1.16e-01	1.38e-01	1.78e-02	7.69e-04	6.72e-06	0.00e+00	0.00e+00	0.00e+00	0.00e+00	0.00e+00	0.00e+00	0.00e+00
 4.90687e+22	2.69e-14	1.06e-03	5.50e-02	2.94e-01	2.70e-01	1.29e-01	1.10e-01	1.25e-01	1.51e-02	6.21e-04	5.19e-06	0.00e+00	0.00e+00	0.00e+00	0.00e+00	0.00e+00	0.00e+00	0.00e+00
 4.94129e+22	4.00e-14	1.27e-03	6.23e-02	3.14e-01	2.72e-01	1.25e-01	1.03e-01	1.09e-01	1.23e-02	4.74e-04	3.76e-06	0.00e+00	0.00e+00	0.00e+00	0.00e+00	0.00e+00	0.00e+00	0.00e+00
 4.97615e+22	5.70e-14	1.48e-03	6.88e-02	3.30e-01	2.73e-01	1.21e-01	9.71e-02	9.75e-02	1.03e-02	3.77e-04	2.86e-06	0.00e+00	0.00e+00	0.00e+00	0.00e+00	0.00e+00	0.00e+00	0.00e+00
 5.00691e+22	7.91e-14	1.71e-03	7.56e-02	3.46e-01	2.72e-01	1.17e-01	9.13e-02	8.69e-02	8.69e-03	3.01e-04	2.18e-06	0.00e+00	0.00e+00	0.00e+00	0.00e+00	0.00e+00	0.00e+00	0.00e+00
 5.04220e+22	1.26e-13	2.04e-03	8.47e-02	3.65e-01	2.70e-01	1.12e-01	8.40e-02	7.48e-02	6.94e-03	2.25e-04	1.55e-06	0.00e+00	0.00e+00	0.00e+00	0.00e+00	0.00e+00	0.00e+00	0.00e+00
 5.07841e+22	2.10e-13	2.36e-03	9.31e-02	3.80e-01	2.67e-01	1.07e-01	7.79e-02	6.54e-02	5.69e-03	1.74e-04	1.14e-06	0.00e+00	0.00e+00	0.00e+00	0.00e+00	0.00e+00	0.00e+00	0.00e+00
 5.11065e+22	3.10e-13	2.72e-03	1.02e-01	3.94e-01	2.64e-01	1.03e-01	7.23e-02	5.74e-02	4.70e-03	1.36e-04	8.57e-07	0.00e+00	0.00e+00	0.00e+00	0.00e+00	0.00e+00	0.00e+00	0.00e+00
 5.14738e+22	5.42e-13	3.22e-03	1.13e-01	4.11e-01	2.58e-01	9.69e-02	6.55e-02	4.85e-02	3.66e-03	9.91e-05	5.92e-07	0.00e+00	0.00e+00	0.00e+00	0.00e+00	0.00e+00	0.00e+00	0.00e+00
 5.18442e+22	9.78e-13	3.71e-03	1.23e-01	4.24e-01	2.53e-01	9.19e-02	6.02e-02	4.20e-02	2.97e-03	7.60e-05	4.34e-07	0.00e+00	0.00e+00	0.00e+00	0.00e+00	0.00e+00	0.00e+00	0.00e+00
 5.21669e+22	1.67e-12	4.23e-03	1.33e-01	4.35e-01	2.47e-01	8.71e-02	5.53e-02	3.65e-02	2.42e-03	5.86e-05	3.22e-07	0.00e+00	0.00e+00	0.00e+00	0.00e+00	0.00e+00	0.00e+00	0.00e+00
 5.24574e+22	4.38e-12	4.68e-03	1.41e-01	4.43e-01	2.42e-01	8.33e-02	5.15e-02	3.25e-02	2.05e-03	4.75e-05	2.53e-07	0.00e+00	0.00e+00	0.00e+00	0.00e+00	0.00e+00	0.00e+00	0.00e+00
 5.27574e+22	8.29e-12	5.32e-03	1.52e-01	4.53e-01	2.35e-01	7.86e-02	4.71e-02	2.81e-02	1.66e-03	3.63e-05	1.85e-07	0.00e+00	0.00e+00	0.00e+00	0.00e+00	0.00e+00	0.00e+00	0.00e+00
 5.30635e+22	2.31e-11	5.93e-03	1.62e-01	4.60e-01	2.28e-01	7.45e-02	4.35e-02	2.47e-02	1.38e-03	2.88e-05	1.42e-07	0.00e+00	0.00e+00	0.00e+00	0.00e+00	0.00e+00	0.00e+00	0.00e+00
 5.33322e+22	5.94e-11	6.55e-03	1.71e-01	4.66e-01	2.22e-01	7.09e-02	4.02e-02	2.18e-02	1.16e-03	2.32e-05	0.00e+00	0.00e+00	0.00e+00	0.00e+00	0.00e+00	0.00e+00	0.00e+00	0.00e+00
 5.36362e+22	2.92e-10	7.43e-03	1.84e-01	4.72e-01	2.14e-01	6.63e-02	3.65e-02	1.86e-02	9.23e-04	1.75e-05	0.00e+00	0.00e+00	0.00e+00	0.00e+00	0.00e+00	0.00e+00	0.00e+00	0.00e+00
 5.39455e+22	1.19e-08	8.23e-03	1.95e-01	4.77e-01	2.07e-01	6.26e-02	3.35e-02	1.63e-02	7.64e-04	1.38e-05	0.00e+00	0.00e+00	0.00e+00	0.00e+00	0.00e+00	0.00e+00	0.00e+00	0.00e+00
 5.42199e+22	8.85e-08	9.06e-03	2.05e-01	4.81e-01	2.00e-01	5.92e-02	3.08e-02	1.43e-02	6.35e-04	1.10e-05	0.00e+00	0.00e+00	0.00e+00	0.00e+00	0.00e+00	0.00e+00	0.00e+00	0.00e+00
 5.45348e+22	1.06e-06	1.03e-02	2.19e-01	4.84e-01	1.91e-01	5.49e-02	2.76e-02	1.20e-02	4.98e-04	8.12e-06	0.00e+00	0.00e+00	0.00e+00	0.00e+00	0.00e+00	0.00e+00	0.00e+00	0.00e+00
 5.48513e+22	1.78e-06	1.13e-02	2.31e-01	4.86e-01	1.84e-01	5.17e-02	2.53e-02	1.05e-02	4.11e-04	6.41e-06	0.00e+00	0.00e+00	0.00e+00	0.00e+00	0.00e+00	0.00e+00	0.00e+00	0.00e+00
 5.50465e+22	2.00e-06	1.17e-02	2.35e-01	4.87e-01	1.81e-01	5.04e-02	2.43e-02	9.93e-03	3.80e-04	5.80e-06	0.00e+00	0.00e+00	0.00e+00	0.00e+00	0.00e+00	0.00e+00	0.00e+00	0.00e+00
 5.51769e+22	2.21e-06	1.23e-02	2.42e-01	4.87e-01	1.77e-01	4.87e-02	2.32e-02	9.20e-03	3.41e-04	5.09e-06	0.00e+00	0.00e+00	0.00e+00	0.00e+00	0.00e+00	0.00e+00	0.00e+00	0.00e+00
 5.53463e+22	2.46e-06	1.31e-02	2.50e-01	4.88e-01	1.72e-01	4.68e-02	2.19e-02	8.42e-03	3.01e-04	4.37e-06	0.00e+00	0.00e+00	0.00e+00	0.00e+00	0.00e+00	0.00e+00	0.00e+00	0.00e+00
 5.55665e+22	2.85e-06	1.42e-02	2.60e-01	4.87e-01	1.66e-01	4.43e-02	2.02e-02	7.47e-03	2.54e-04	3.55e-06	0.00e+00	0.00e+00	0.00e+00	0.00e+00	0.00e+00	0.00e+00	0.00e+00	0.00e+00
 5.58528e+22	3.48e-06	1.58e-02	2.74e-01	4.86e-01	1.58e-01	4.10e-02	1.81e-02	6.31e-03	2.01e-04	2.66e-06	0.00e+00	0.00e+00	0.00e+00	0.00e+00	0.00e+00	0.00e+00	0.00e+00	0.00e+00
 5.61579e+22	4.04e-06	1.72e-02	2.87e-01	4.85e-01	1.51e-01	3.84e-02	1.65e-02	5.48e-03	1.65e-04	2.09e-06	0.00e+00	0.00e+00	0.00e+00	0.00e+00	0.00e+00	0.00e+00	0.00e+00	0.00e+00
 5.64875e+22	4.91e-06	1.93e-02	3.03e-01	4.81e-01	1.42e-01	3.51e-02	1.45e-02	4.53e-03	1.27e-04	1.52e-06	0.00e+00	0.00e+00	0.00e+00	0.00e+00	0.00e+00	0.00e+00	0.00e+00	0.00e+00
 5.68248e+22	5.75e-06	2.12e-02	3.17e-01	4.77e-01	1.35e-01	3.25e-02	1.30e-02	3.86e-03	1.01e-04	1.15e-06	0.00e+00	0.00e+00	0.00e+00	0.00e+00	0.00e+00	0.00e+00	0.00e+00	0.00e+00
 5.71721e+22	6.94e-06	2.38e-02	3.35e-01	4.71e-01	1.26e-01	2.95e-02	1.14e-02	3.15e-03	7.64e-05	8.20e-07	0.00e+00	0.00e+00	0.00e+00	0.00e+00	0.00e+00	0.00e+00	0.00e+00	0.00e+00
 5.75249e+22	8.04e-06	2.61e-02	3.50e-01	4.66e-01	1.18e-01	2.72e-02	1.01e-02	2.67e-03	6.07e-05	6.20e-07	0.00e+00	0.00e+00	0.00e+00	0.00e+00	0.00e+00	0.00e+00	0.00e+00	0.00e+00
 5.78847e+22	9.66e-06	2.93e-02	3.69e-01	4.57e-01	1.10e-01	2.45e-02	8.75e-03	2.15e-03	4.50e-05	4.33e-07	0.00e+00	0.00e+00	0.00e+00	0.00e+00	0.00e+00	0.00e+00	0.00e+00	0.00e+00
 5.82496e+22	1.11e-05	3.21e-02	3.84e-01	4.49e-01	1.03e-01	2.24e-02	7.77e-03	1.81e-03	3.55e-05	3.26e-07	0.00e+00	0.00e+00	0.00e+00	0.00e+00	0.00e+00	0.00e+00	0.00e+00	0.00e+00
 5.86213e+22	1.32e-05	3.59e-02	4.03e-01	4.38e-01	9.48e-02	2.01e-02	6.66e-03	1.45e-03	2.62e-05	2.26e-07	0.00e+00	0.00e+00	0.00e+00	0.00e+00	0.00e+00	0.00e+00	0.00e+00	0.00e+00
 5.90047e+22	1.52e-05	3.94e-02	4.19e-01	4.28e-01	8.82e-02	1.83e-02	5.84e-03	1.20e-03	2.02e-05	1.66e-07	0.00e+00	0.00e+00	0.00e+00	0.00e+00	0.00e+00	0.00e+00	0.00e+00	0.00e+00
 5.93002e+22	1.68e-05	4.22e-02	4.30e-01	4.21e-01	8.36e-02	1.70e-02	5.30e-03	1.04e-03	1.67e-05	1.32e-07	0.00e+00	0.00e+00	0.00e+00	0.00e+00	0.00e+00	0.00e+00	0.00e+00	0.00e+00
 5.95812e+22	1.89e-05	4.56e-02	4.44e-01	4.11e-01	7.83e-02	1.56e-02	4.70e-03	8.81e-04	1.32e-05	0.00e+00	0.00e+00	0.00e+00	0.00e+00	0.00e+00	0.00e+00	0.00e+00	0.00e+00	0.00e+00
 5.98685e+22	2.09e-05	4.88e-02	4.56e-01	4.02e-01	7.40e-02	1.45e-02	4.25e-03	7.64e-04	1.09e-05	0.00e+00	0.00e+00	0.00e+00	0.00e+00	0.00e+00	0.00e+00	0.00e+00	0.00e+00	0.00e+00
 6.01641e+22	2.35e-05	5.28e-02	4.69e-01	3.91e-01	6.89e-02	1.32e-02	3.75e-03	6.40e-04	8.57e-06	0.00e+00	0.00e+00	0.00e+00	0.00e+00	0.00e+00	0.00e+00	0.00e+00	0.00e+00	0.00e+00
 6.04656e+22	2.60e-05	5.64e-02	4.81e-01	3.82e-01	6.48e-02	1.22e-02	3.37e-03	5.50e-04	6.97e-06	0.00e+00	0.00e+00	0.00e+00	0.00e+00	0.00e+00	0.00e+00	0.00e+00	0.00e+00	0.00e+00
 6.07327e+22	2.86e-05	6.02e-02	4.92e-01	3.72e-01	6.09e-02	1.13e-02	3.03e-03	4.74e-04	5.69e-06	0.00e+00	0.00e+00	0.00e+00	0.00e+00	0.00e+00	0.00e+00	0.00e+00	0.00e+00	0.00e+00
 6.10383e+22	3.23e-05	6.53e-02	5.06e-01	3.59e-01	5.62e-02	1.02e-02	2.63e-03	3.91e-04	4.38e-06	0.00e+00	0.00e+00	0.00e+00	0.00e+00	0.00e+00	0.00e+00	0.00e+00	0.00e+00	0.00e+00
 6.13446e+22	3.53e-05	6.94e-02	5.17e-01	3.49e-01	5.28e-02	9.37e-03	2.36e-03	3.37e-04	3.59e-06	0.00e+00	0.00e+00	0.00e+00	0.00e+00	0.00e+00	0.00e+00	0.00e+00	0.00e+00	0.00e+00
 6.16517e+22	3.93e-05	7.48e-02	5.29e-01	3.36e-01	4.88e-02	8.46e-03	2.06e-03	2.79e-04	2.78e-06	0.00e+00	0.00e+00	0.00e+00	0.00e+00	0.00e+00	0.00e+00	0.00e+00	0.00e+00	0.00e+00
 6.19688e+22	4.33e-05	7.98e-02	5.40e-01	3.25e-01	4.54e-02	7.73e-03	1.83e-03	2.37e-04	2.23e-06	0.00e+00	0.00e+00	0.00e+00	0.00e+00	0.00e+00	0.00e+00	0.00e+00	0.00e+00	0.00e+00
 6.22056e+22	4.62e-05	8.35e-02	5.47e-01	3.17e-01	4.32e-02	7.26e-03	1.68e-03	2.12e-04	1.92e-06	0.00e+00	0.00e+00	0.00e+00	0.00e+00	0.00e+00	0.00e+00	0.00e+00	0.00e+00	0.00e+00
 6.23787e+22	4.82e-05	8.60e-02	5.52e-01	3.12e-01	4.17e-02	6.94e-03	1.58e-03	1.95e-04	1.72e-06	0.00e+00	0.00e+00	0.00e+00	0.00e+00	0.00e+00	0.00e+00	0.00e+00	0.00e+00	0.00e+00
 6.25618e+22	5.14e-05	8.98e-02	5.58e-01	3.04e-01	3.97e-02	6.51e-03	1.45e-03	1.74e-04	1.47e-06	0.00e+00	0.00e+00	0.00e+00	0.00e+00	0.00e+00	0.00e+00	0.00e+00	0.00e+00	0.00e+00
 6.27998e+22	5.55e-05	9.48e-02	5.67e-01	2.94e-01	3.71e-02	5.99e-03	1.30e-03	1.50e-04	1.21e-06	0.00e+00	0.00e+00	0.00e+00	0.00e+00	0.00e+00	0.00e+00	0.00e+00	0.00e+00	0.00e+00
 6.30510e+22	5.96e-05	9.95e-02	5.74e-01	2.85e-01	3.50e-02	5.56e-03	1.18e-03	1.32e-04	1.01e-06	0.00e+00	0.00e+00	0.00e+00	0.00e+00	0.00e+00	0.00e+00	0.00e+00	0.00e+00	0.00e+00
 6.32768e+22	6.36e-05	1.04e-01	5.80e-01	2.76e-01	3.31e-02	5.18e-03	1.07e-03	1.16e-04	8.57e-07	0.00e+00	0.00e+00	0.00e+00	0.00e+00	0.00e+00	0.00e+00	0.00e+00	0.00e+00	0.00e+00
 6.35277e+22	6.91e-05	1.10e-01	5.88e-01	2.65e-01	3.08e-02	4.72e-03	9.51e-04	9.92e-05	6.92e-07	0.00e+00	0.00e+00	0.00e+00	0.00e+00	0.00e+00	0.00e+00	0.00e+00	0.00e+00	0.00e+00
 6.37677e+22	7.31e-05	1.14e-01	5.93e-01	2.58e-01	2.92e-02	4.43e-03	8.74e-04	8.88e-05	5.97e-07	0.00e+00	0.00e+00	0.00e+00	0.00e+00	0.00e+00	0.00e+00	0.00e+00	0.00e+00	0.00e+00
 6.39934e+22	7.81e-05	1.20e-01	5.99e-01	2.49e-01	2.74e-02	4.09e-03	7.85e-04	7.73e-05	4.96e-07	0.00e+00	0.00e+00	0.00e+00	0.00e+00	0.00e+00	0.00e+00	0.00e+00	0.00e+00	0.00e+00
 6.42868e+22	8.54e-05	1.27e-01	6.06e-01	2.37e-01	2.51e-02	3.67e-03	6.81e-04	6.44e-05	3.88e-07	0.00e+00	0.00e+00	0.00e+00	0.00e+00	0.00e+00	0.00e+00	0.00e+00	0.00e+00	0.00e+00
 6.46058e+22	9.26e-05	1.35e-01	6.12e-01	2.26e-01	2.32e-02	3.32e-03	5.96e-04	5.43e-05	3.09e-07	0.00e+00	0.00e+00	0.00e+00	0.00e+00	0.00e+00	0.00e+00	0.00e+00	0.00e+00	0.00e+00
 6.49579e+22	1.03e-04	1.45e-01	6.19e-01	2.12e-01	2.09e-02	2.90e-03	5.01e-04	4.36e-05	2.30e-07	0.00e+00	0.00e+00	0.00e+00	0.00e+00	0.00e+00	0.00e+00	0.00e+00	0.00e+00	0.00e+00
 6.53262e+22	1.12e-04	1.54e-01	6.24e-01	2.00e-01	1.90e-02	2.59e-03	4.31e-04	3.61e-05	1.79e-07	0.00e+00	0.00e+00	0.00e+00	0.00e+00	0.00e+00	0.00e+00	0.00e+00	0.00e+00	0.00e+00
 6.57154e+22	1.24e-04	1.65e-01	6.30e-01	1.86e-01	1.69e-02	2.24e-03	3.56e-04	2.85e-05	1.31e-07	0.00e+00	0.00e+00	0.00e+00	0.00e+00	0.00e+00	0.00e+00	0.00e+00	0.00e+00	0.00e+00
 6.61136e+22	1.36e-04	1.76e-01	6.33e-01	1.74e-01	1.53e-02	1.97e-03	3.02e-04	2.34e-05	0.00e+00	0.00e+00	0.00e+00	0.00e+00	0.00e+00	0.00e+00	0.00e+00	0.00e+00	0.00e+00	0.00e+00
 6.65234e+22	1.51e-04	1.89e-01	6.36e-01	1.60e-01	1.34e-02	1.68e-03	2.44e-04	1.81e-05	0.00e+00	0.00e+00	0.00e+00	0.00e+00	0.00e+00	0.00e+00	0.00e+00	0.00e+00	0.00e+00	0.00e+00
 6.69317e+22	1.64e-04	2.00e-01	6.37e-01	1.49e-01	1.22e-02	1.48e-03	2.08e-04	1.50e-05	0.00e+00	0.00e+00	0.00e+00	0.00e+00	0.00e+00	0.00e+00	0.00e+00	0.00e+00	0.00e+00	0.00e+00
 6.73379e+22	1.81e-04	2.14e-01	6.37e-01	1.36e-01	1.07e-02	1.26e-03	1.68e-04	1.17e-05	0.00e+00	0.00e+00	0.00e+00	0.00e+00	0.00e+00	0.00e+00	0.00e+00	0.00e+00	0.00e+00	0.00e+00
 6.77527e+22	1.96e-04	2.26e-01	6.36e-01	1.27e-01	9.61e-03	1.11e-03	1.42e-04	9.69e-06	0.00e+00	0.00e+00	0.00e+00	0.00e+00	0.00e+00	0.00e+00	0.00e+00	0.00e+00	0.00e+00	0.00e+00
 6.81787e+22	2.16e-04	2.42e-01	6.34e-01	1.14e-01	8.36e-03	9.30e-04	1.13e-04	7.52e-06	0.00e+00	0.00e+00	0.00e+00	0.00e+00	0.00e+00	0.00e+00	0.00e+00	0.00e+00	0.00e+00	0.00e+00
 6.86137e+22	2.34e-04	2.56e-01	6.30e-01	1.05e-01	7.46e-03	8.07e-04	9.40e-05	6.16e-06	0.00e+00	0.00e+00	0.00e+00	0.00e+00	0.00e+00	0.00e+00	0.00e+00	0.00e+00	0.00e+00	0.00e+00
 6.90602e+22	2.59e-04	2.74e-01	6.25e-01	9.33e-02	6.41e-03	6.69e-04	7.34e-05	4.74e-06	0.00e+00	0.00e+00	0.00e+00	0.00e+00	0.00e+00	0.00e+00	0.00e+00	0.00e+00	0.00e+00	0.00e+00
 6.95134e+22	2.81e-04	2.90e-01	6.19e-01	8.46e-02	5.67e-03	5.73e-04	6.00e-05	3.85e-06	0.00e+00	0.00e+00	0.00e+00	0.00e+00	0.00e+00	0.00e+00	0.00e+00	0.00e+00	0.00e+00	0.00e+00
 6.98670e+22	2.97e-04	3.01e-01	6.14e-01	7.86e-02	5.17e-03	5.12e-04	5.17e-05	3.31e-06	0.00e+00	0.00e+00	0.00e+00	0.00e+00	0.00e+00	0.00e+00	0.00e+00	0.00e+00	0.00e+00	0.00e+00
 7.02182e+22	3.21e-04	3.18e-01	6.06e-01	7.06e-02	4.55e-03	4.37e-04	4.18e-05	2.69e-06	0.00e+00	0.00e+00	0.00e+00	0.00e+00	0.00e+00	0.00e+00	0.00e+00	0.00e+00	0.00e+00	0.00e+00
 7.05674e+22	3.39e-04	3.30e-01	6.00e-01	6.52e-02	4.14e-03	3.89e-04	3.58e-05	2.31e-06	0.00e+00	0.00e+00	0.00e+00	0.00e+00	0.00e+00	0.00e+00	0.00e+00	0.00e+00	0.00e+00	0.00e+00
 7.09137e+22	3.66e-04	3.47e-01	5.91e-01	5.83e-02	3.63e-03	3.31e-04	2.89e-05	1.89e-06	0.00e+00	0.00e+00	0.00e+00	0.00e+00	0.00e+00	0.00e+00	0.00e+00	0.00e+00	0.00e+00	0.00e+00
