#depth	He	He+	He+2
 4.62852e+21	3.83e-10	2.15e-05	1.00e+00
 1.02925e+22	8.84e-10	3.78e-05	1.00e+00
 1.17986e+22	1.14e-09	4.75e-05	1.00e+00
 1.25046e+22	1.32e-09	5.30e-05	1.00e+00
 1.28013e+22	1.37e-09	5.44e-05	1.00e+00
 1.29423e+22	1.44e-09	5.65e-05	1.00e+00
 1.30892e+22	1.50e-09	5.82e-05	1.00e+00
 1.32437e+22	1.57e-09	6.04e-05	1.00e+00
 1.34036e+22	1.64e-09	6.25e-05	1.00e+00
 1.35444e+22	1.71e-09	6.43e-05	1.00e+00
 1.37013e+22	1.80e-09	6.69e-05	1.00e+00
 1.38613e+22	1.87e-09	6.90e-05	1.00e+00
 1.40002e+22	1.94e-09	7.10e-05	1.00e+00
 1.41556e+22	2.04e-09	7.37e-05	1.00e+00
 1.43106e+22	2.11e-09	7.59e-05	1.00e+00
 1.44650e+22	2.21e-09	7.86e-05	1.00e+00
 1.46246e+22	2.30e-09	8.11e-05	1.00e+00
 1.47673e+22	2.39e-09	8.35e-05	1.00e+00
 1.49294e+22	2.51e-09	8.66e-05	1.00e+00
 1.50964e+22	2.61e-09	8.93e-05	1.00e+00
 1.52454e+22	2.71e-09	9.21e-05	1.00e+00
 1.54145e+22	2.85e-09	9.56e-05	1.00e+00
 1.55881e+22	2.97e-09	9.85e-05	1.00e+00
 1.57374e+22	3.08e-09	1.01e-04	1.00e+00
 1.59014e+22	3.23e-09	1.05e-04	1.00e+00
 1.60705e+22	3.36e-09	1.08e-04	1.00e+00
 1.62204e+22	3.49e-09	1.11e-04	1.00e+00
 1.63894e+22	3.66e-09	1.15e-04	1.00e+00
 1.65689e+22	3.82e-09	1.19e-04	1.00e+00
 1.67304e+22	3.98e-09	1.22e-04	1.00e+00
 1.69087e+22	4.18e-09	1.27e-04	1.00e+00
 1.70963e+22	4.37e-09	1.31e-04	1.00e+00
 1.72960e+22	4.62e-09	1.37e-04	1.00e+00
 1.74958e+22	4.83e-09	1.41e-04	1.00e+00
 1.76959e+22	5.10e-09	1.47e-04	1.00e+00
 1.79013e+22	5.34e-09	1.53e-04	1.00e+00
 1.80817e+22	5.57e-09	1.58e-04	1.00e+00
 1.82842e+22	5.87e-09	1.64e-04	1.00e+00
 1.84934e+22	6.14e-09	1.71e-04	1.00e+00
 1.86799e+22	6.41e-09	1.77e-04	1.00e+00
 1.88911e+22	6.76e-09	1.85e-04	1.00e+00
 1.91084e+22	7.06e-09	1.92e-04	1.00e+00
 1.93008e+22	7.36e-09	1.99e-04	1.00e+00
 1.95183e+22	7.72e-09	2.10e-04	1.00e+00
 1.97379e+22	8.03e-09	2.18e-04	1.00e+00
 1.99605e+22	8.42e-09	2.30e-04	1.00e+00
 2.01725e+22	8.70e-09	2.38e-04	1.00e+00
 2.03709e+22	9.02e-09	2.50e-04	1.00e+00
 2.05694e+22	9.31e-09	2.59e-04	1.00e+00
 2.07681e+22	9.60e-09	2.72e-04	1.00e+00
 2.09687e+22	9.87e-09	2.83e-04	1.00e+00
 2.11718e+22	1.02e-08	2.98e-04	1.00e+00
 2.13779e+22	1.04e-08	3.10e-04	1.00e+00
 2.15880e+22	1.07e-08	3.27e-04	1.00e+00
 2.18018e+22	1.09e-08	3.41e-04	1.00e+00
 2.20205e+22	1.11e-08	3.61e-04	1.00e+00
 2.22437e+22	1.13e-08	3.78e-04	1.00e+00
 2.24726e+22	1.14e-08	4.01e-04	1.00e+00
 2.27053e+22	1.16e-08	4.21e-04	1.00e+00
 2.29349e+22	1.17e-08	4.47e-04	1.00e+00
 2.31551e+22	1.18e-08	4.67e-04	1.00e+00
 2.33711e+22	1.19e-08	4.95e-04	1.00e+00
 2.35857e+22	1.19e-08	5.17e-04	9.99e-01
 2.37985e+22	1.20e-08	5.47e-04	9.99e-01
 2.40112e+22	1.21e-08	5.72e-04	9.99e-01
 2.42240e+22	1.22e-08	6.05e-04	9.99e-01
 2.44366e+22	1.24e-08	6.32e-04	9.99e-01
 2.46490e+22	1.25e-08	6.68e-04	9.99e-01
 2.48614e+22	1.27e-08	6.97e-04	9.99e-01
 2.50740e+22	1.30e-08	7.37e-04	9.99e-01
 2.52872e+22	1.34e-08	7.69e-04	9.99e-01
 2.55014e+22	1.38e-08	8.13e-04	9.99e-01
 2.57167e+22	1.43e-08	8.48e-04	9.99e-01
 2.59337e+22	1.50e-08	8.96e-04	9.99e-01
 2.61531e+22	1.56e-08	9.35e-04	9.99e-01
 2.63755e+22	1.66e-08	9.89e-04	9.99e-01
 2.66010e+22	1.75e-08	1.03e-03	9.99e-01
 2.68304e+22	1.88e-08	1.09e-03	9.99e-01
 2.70641e+22	2.01e-08	1.14e-03	9.99e-01
 2.73034e+22	2.19e-08	1.21e-03	9.99e-01
 2.75482e+22	2.35e-08	1.27e-03	9.99e-01
 2.77567e+22	2.52e-08	1.32e-03	9.99e-01
 2.79510e+22	2.70e-08	1.38e-03	9.99e-01
 2.81703e+22	2.96e-08	1.45e-03	9.99e-01
 2.83878e+22	3.17e-08	1.51e-03	9.98e-01
 2.86028e+22	3.48e-08	1.59e-03	9.98e-01
 2.88197e+22	3.74e-08	1.65e-03	9.98e-01
 2.90391e+22	4.12e-08	1.74e-03	9.98e-01
 2.92609e+22	4.44e-08	1.80e-03	9.98e-01
 2.94859e+22	4.91e-08	1.90e-03	9.98e-01
 2.97137e+22	5.31e-08	1.98e-03	9.98e-01
 2.99453e+22	5.90e-08	2.08e-03	9.98e-01
 3.01806e+22	6.40e-08	2.17e-03	9.98e-01
 3.04207e+22	7.14e-08	2.29e-03	9.98e-01
 3.06653e+22	7.76e-08	2.39e-03	9.98e-01
 3.09158e+22	8.70e-08	2.52e-03	9.97e-01
 3.11714e+22	9.49e-08	2.63e-03	9.97e-01
 3.14337e+22	1.07e-07	2.79e-03	9.97e-01
 3.16972e+22	1.17e-07	2.92e-03	9.97e-01
 3.19625e+22	1.31e-07	3.09e-03	9.97e-01
 3.22182e+22	1.42e-07	3.21e-03	9.97e-01
 3.24616e+22	1.59e-07	3.39e-03	9.97e-01
 3.27125e+22	1.72e-07	3.53e-03	9.96e-01
 3.29316e+22	1.87e-07	3.67e-03	9.96e-01
 3.31403e+22	2.02e-07	3.81e-03	9.96e-01
 3.33771e+22	2.24e-07	4.01e-03	9.96e-01
 3.36170e+22	2.43e-07	4.17e-03	9.96e-01
 3.38287e+22	2.63e-07	4.33e-03	9.96e-01
 3.40717e+22	2.90e-07	4.55e-03	9.95e-01
 3.43247e+22	3.17e-07	4.75e-03	9.95e-01
 3.45519e+22	3.45e-07	4.95e-03	9.95e-01
 3.48083e+22	3.83e-07	5.21e-03	9.95e-01
 3.50747e+22	4.19e-07	5.45e-03	9.95e-01
 3.53172e+22	4.57e-07	5.68e-03	9.94e-01
 3.55959e+22	5.12e-07	6.01e-03	9.94e-01
 3.58781e+22	5.62e-07	6.29e-03	9.94e-01
 3.61264e+22	6.13e-07	6.57e-03	9.93e-01
 3.64107e+22	6.85e-07	6.93e-03	9.93e-01
 3.67040e+22	7.56e-07	7.27e-03	9.93e-01
 3.69644e+22	8.26e-07	7.60e-03	9.92e-01
 3.72582e+22	9.28e-07	8.05e-03	9.92e-01
 3.75600e+22	1.02e-06	8.44e-03	9.92e-01
 3.78261e+22	1.12e-06	8.82e-03	9.91e-01
 3.81258e+22	1.26e-06	9.35e-03	9.91e-01
 3.84360e+22	1.39e-06	9.82e-03	9.90e-01
 3.87597e+22	1.57e-06	1.04e-02	9.90e-01
 3.90587e+22	1.71e-06	1.09e-02	9.89e-01
 3.92890e+22	1.84e-06	1.13e-02	9.89e-01
 3.95519e+22	2.04e-06	1.19e-02	9.88e-01
 3.98283e+22	2.22e-06	1.24e-02	9.88e-01
 4.01222e+22	2.48e-06	1.31e-02	9.87e-01
 4.04216e+22	2.73e-06	1.37e-02	9.86e-01
 4.06812e+22	2.98e-06	1.43e-02	9.86e-01
 4.09719e+22	3.31e-06	1.51e-02	9.85e-01
 4.12743e+22	3.64e-06	1.58e-02	9.84e-01
 4.15474e+22	3.99e-06	1.65e-02	9.83e-01
 4.18579e+22	4.47e-06	1.75e-02	9.83e-01
 4.21756e+22	4.94e-06	1.84e-02	9.82e-01
 4.24569e+22	5.42e-06	1.92e-02	9.81e-01
 4.27767e+22	6.09e-06	2.04e-02	9.80e-01
 4.31079e+22	6.76e-06	2.14e-02	9.79e-01
 4.34046e+22	7.45e-06	2.25e-02	9.78e-01
 4.37411e+22	8.41e-06	2.39e-02	9.76e-01
 4.40852e+22	9.35e-06	2.51e-02	9.75e-01
 4.43884e+22	1.03e-05	2.64e-02	9.74e-01
 4.47317e+22	1.17e-05	2.81e-02	9.72e-01
 4.50843e+22	1.31e-05	2.96e-02	9.70e-01
 4.53966e+22	1.44e-05	3.11e-02	9.69e-01
 4.57503e+22	1.64e-05	3.31e-02	9.67e-01
 4.61145e+22	1.83e-05	3.50e-02	9.65e-01
 4.64390e+22	2.04e-05	3.68e-02	9.63e-01
 4.68074e+22	2.33e-05	3.93e-02	9.61e-01
 4.71836e+22	2.60e-05	4.15e-02	9.58e-01
 4.75697e+22	2.99e-05	4.45e-02	9.55e-01
 4.79603e+22	3.35e-05	4.70e-02	9.53e-01
 4.83568e+22	3.87e-05	5.04e-02	9.50e-01
 4.87500e+22	4.32e-05	5.32e-02	9.47e-01
 4.90687e+22	4.77e-05	5.58e-02	9.44e-01
 4.94129e+22	5.38e-05	5.91e-02	9.41e-01
 4.97615e+22	5.95e-05	6.21e-02	9.38e-01
 5.00691e+22	6.56e-05	6.51e-02	9.35e-01
 5.04220e+22	7.41e-05	6.90e-02	9.31e-01
 5.07841e+22	8.24e-05	7.27e-02	9.27e-01
 5.11065e+22	9.11e-05	7.62e-02	9.24e-01
 5.14738e+22	1.03e-04	8.10e-02	9.19e-01
 5.18442e+22	1.15e-04	8.51e-02	9.15e-01
 5.21669e+22	1.27e-04	8.93e-02	9.11e-01
 5.24574e+22	1.37e-04	9.27e-02	9.07e-01
 5.27574e+22	1.52e-04	9.73e-02	9.03e-01
 5.30635e+22	1.65e-04	1.01e-01	8.98e-01
 5.33322e+22	1.79e-04	1.05e-01	8.95e-01
 5.36362e+22	1.98e-04	1.10e-01	8.89e-01
 5.39455e+22	2.16e-04	1.15e-01	8.85e-01
 5.42199e+22	2.34e-04	1.19e-01	8.80e-01
 5.45348e+22	2.60e-04	1.25e-01	8.74e-01
 5.48513e+22	2.82e-04	1.30e-01	8.69e-01
 5.50465e+22	2.91e-04	1.32e-01	8.67e-01
 5.51769e+22	3.05e-04	1.35e-01	8.64e-01
 5.53463e+22	3.21e-04	1.38e-01	8.61e-01
 5.55665e+22	3.44e-04	1.43e-01	8.57e-01
 5.58528e+22	3.79e-04	1.50e-01	8.50e-01
 5.61579e+22	4.09e-04	1.55e-01	8.44e-01
 5.64875e+22	4.54e-04	1.63e-01	8.37e-01
 5.68248e+22	4.96e-04	1.70e-01	8.30e-01
 5.71721e+22	5.53e-04	1.78e-01	8.21e-01
 5.75249e+22	6.04e-04	1.86e-01	8.14e-01
 5.78847e+22	6.76e-04	1.95e-01	8.04e-01
 5.82496e+22	7.38e-04	2.03e-01	7.96e-01
 5.86213e+22	8.25e-04	2.13e-01	7.86e-01
 5.90047e+22	9.07e-04	2.23e-01	7.77e-01
 5.93002e+22	9.72e-04	2.29e-01	7.70e-01
 5.95812e+22	1.05e-03	2.38e-01	7.61e-01
 5.98685e+22	1.13e-03	2.45e-01	7.54e-01
 6.01641e+22	1.23e-03	2.54e-01	7.45e-01
 6.04656e+22	1.32e-03	2.62e-01	7.37e-01
 6.07327e+22	1.42e-03	2.70e-01	7.29e-01
 6.10383e+22	1.55e-03	2.81e-01	7.18e-01
 6.13446e+22	1.66e-03	2.89e-01	7.10e-01
 6.16517e+22	1.80e-03	2.99e-01	6.99e-01
 6.19688e+22	1.94e-03	3.09e-01	6.89e-01
 6.22056e+22	2.04e-03	3.15e-01	6.83e-01
 6.23787e+22	2.12e-03	3.20e-01	6.78e-01
 6.25618e+22	2.23e-03	3.27e-01	6.71e-01
 6.27998e+22	2.37e-03	3.35e-01	6.62e-01
 6.30510e+22	2.51e-03	3.43e-01	6.54e-01
 6.32768e+22	2.65e-03	3.51e-01	6.46e-01
 6.35277e+22	2.84e-03	3.61e-01	6.36e-01
 6.37677e+22	2.98e-03	3.68e-01	6.29e-01
 6.39934e+22	3.16e-03	3.77e-01	6.20e-01
 6.42868e+22	3.42e-03	3.89e-01	6.08e-01
 6.46058e+22	3.67e-03	4.00e-01	5.96e-01
 6.49579e+22	4.03e-03	4.15e-01	5.81e-01
 6.53262e+22	4.37e-03	4.28e-01	5.68e-01
 6.57154e+22	4.82e-03	4.44e-01	5.51e-01
 6.61136e+22	5.24e-03	4.59e-01	5.36e-01
 6.65234e+22	5.83e-03	4.77e-01	5.17e-01
 6.69317e+22	6.31e-03	4.92e-01	5.02e-01
 6.73379e+22	7.00e-03	5.10e-01	4.83e-01
 6.77527e+22	7.60e-03	5.26e-01	4.67e-01
 6.81787e+22	8.45e-03	5.45e-01	4.46e-01
 6.86137e+22	9.22e-03	5.62e-01	4.29e-01
 6.90602e+22	1.03e-02	5.83e-01	4.06e-01
 6.95134e+22	1.13e-02	6.02e-01	3.87e-01
 6.98670e+22	1.21e-02	6.15e-01	3.73e-01
 7.02182e+22	1.33e-02	6.32e-01	3.54e-01
 7.05674e+22	1.42e-02	6.46e-01	3.40e-01
 7.09137e+22	1.55e-02	6.63e-01	3.22e-01
 7.12647e+22	1.67e-02	6.77e-01	3.07e-01
 7.16218e+22	1.84e-02	6.93e-01	2.88e-01
 7.19832e+22	1.99e-02	7.08e-01	2.72e-01
 7.22980e+22	2.14e-02	7.21e-01	2.57e-01
 7.26552e+22	2.36e-02	7.37e-01	2.40e-01
 7.30221e+22	2.57e-02	7.51e-01	2.24e-01
 7.33435e+22	2.79e-02	7.63e-01	2.09e-01
 7.37034e+22	3.09e-02	7.76e-01	1.93e-01
 7.40824e+22	3.40e-02	7.89e-01	1.77e-01
 7.44089e+22	3.71e-02	7.99e-01	1.64e-01
 7.46917e+22	4.01e-02	8.07e-01	1.53e-01
 7.49523e+22	4.31e-02	8.13e-01	1.44e-01
 7.52486e+22	4.75e-02	8.20e-01	1.32e-01
 7.55556e+22	5.20e-02	8.26e-01	1.22e-01
 7.57389e+22	5.41e-02	8.28e-01	1.18e-01
 7.58082e+22	5.51e-02	8.28e-01	1.17e-01
 7.58658e+22	5.62e-02	8.29e-01	1.15e-01
 7.59362e+22	5.76e-02	8.30e-01	1.12e-01
 7.60124e+22	5.91e-02	8.31e-01	1.10e-01
 7.60862e+22	6.07e-02	8.31e-01	1.08e-01
 7.61561e+22	6.22e-02	8.32e-01	1.06e-01
 7.62234e+22	6.36e-02	8.32e-01	1.04e-01
 7.62921e+22	6.53e-02	8.33e-01	1.02e-01
 7.63603e+22	6.67e-02	8.33e-01	1.00e-01
 7.64279e+22	6.85e-02	8.33e-01	9.86e-02
 7.64961e+22	7.03e-02	8.33e-01	9.67e-02
 7.65593e+22	7.20e-02	8.33e-01	9.51e-02
 7.66186e+22	7.35e-02	8.33e-01	9.37e-02
 7.66798e+22	7.54e-02	8.32e-01	9.21e-02
 7.67415e+22	7.71e-02	8.32e-01	9.08e-02
 7.68030e+22	7.92e-02	8.32e-01	8.93e-02
 7.68639e+22	8.12e-02	8.31e-01	8.78e-02
 7.69207e+22	8.31e-02	8.30e-01	8.66e-02
 7.69764e+22	8.51e-02	8.30e-01	8.53e-02
 7.70330e+22	8.72e-02	8.29e-01	8.41e-02
 7.70898e+22	8.93e-02	8.28e-01	8.30e-02
 7.71459e+22	9.16e-02	8.27e-01	8.18e-02
 7.72012e+22	9.39e-02	8.25e-01	8.07e-02
 7.72559e+22	9.62e-02	8.24e-01	7.97e-02
 7.73105e+22	9.86e-02	8.23e-01	7.86e-02
 7.73649e+22	1.01e-01	8.21e-01	7.78e-02
 7.74207e+22	1.04e-01	8.20e-01	7.67e-02
 7.74770e+22	1.07e-01	8.18e-01	7.57e-02
 7.75299e+22	1.09e-01	8.16e-01	7.48e-02
 7.75795e+22	1.12e-01	8.14e-01	7.40e-02
 7.76294e+22	1.15e-01	8.12e-01	7.33e-02
 7.76853e+22	1.18e-01	8.09e-01	7.24e-02
 7.77421e+22	1.22e-01	8.07e-01	7.16e-02
 7.77950e+22	1.25e-01	8.04e-01	7.09e-02
 7.78476e+22	1.29e-01	8.01e-01	7.01e-02
 7.78993e+22	1.32e-01	7.99e-01	6.95e-02
 7.79525e+22	1.36e-01	7.95e-01	6.87e-02
 7.80061e+22	1.40e-01	7.92e-01	6.82e-02
 7.80597e+22	1.44e-01	7.89e-01	6.75e-02
 7.81148e+22	1.49e-01	7.85e-01	6.68e-02
 7.81682e+22	1.53e-01	7.81e-01	6.62e-02
 7.82217e+22	1.58e-01	7.77e-01	6.56e-02
 7.82774e+22	1.63e-01	7.72e-01	6.50e-02
 7.83345e+22	1.68e-01	7.68e-01	6.44e-02
 7.83929e+22	1.74e-01	7.62e-01	6.37e-02
 7.84510e+22	1.80e-01	7.57e-01	6.32e-02
 7.85088e+22	1.86e-01	7.51e-01	6.26e-02
 7.85692e+22	1.93e-01	7.45e-01	6.20e-02
 7.86325e+22	2.00e-01	7.39e-01	6.13e-02
 7.86962e+22	2.07e-01	7.32e-01	6.07e-02
 7.87535e+22	2.14e-01	7.26e-01	6.00e-02
 7.88028e+22	2.20e-01	7.20e-01	5.96e-02
 7.88530e+22	2.27e-01	7.14e-01	5.90e-02
 7.89083e+22	2.35e-01	7.07e-01	5.82e-02
 7.89643e+22	2.43e-01	7.00e-01	5.76e-02
 7.90195e+22	2.51e-01	6.92e-01	5.69e-02
 7.90767e+22	2.59e-01	6.85e-01	5.62e-02
 7.91357e+22	2.68e-01	6.76e-01	5.53e-02
 7.91942e+22	2.78e-01	6.68e-01	5.46e-02
 7.92534e+22	2.87e-01	6.59e-01	5.38e-02
 7.93147e+22	2.97e-01	6.50e-01	5.29e-02
 7.93782e+22	3.08e-01	6.40e-01	5.20e-02
 7.94421e+22	3.19e-01	6.30e-01	5.10e-02
 7.95062e+22	3.30e-01	6.20e-01	5.01e-02
 7.95721e+22	3.42e-01	6.09e-01	4.90e-02
 7.96402e+22	3.54e-01	5.98e-01	4.80e-02
 7.97096e+22	3.67e-01	5.86e-01	4.69e-02
 7.97799e+22	3.80e-01	5.74e-01	4.57e-02
 7.98515e+22	3.94e-01	5.61e-01	4.46e-02
 7.99252e+22	4.08e-01	5.49e-01	4.33e-02
 8.00008e+22	4.23e-01	5.35e-01	4.21e-02
 8.00782e+22	4.38e-01	5.22e-01	4.08e-02
 8.01572e+22	4.53e-01	5.08e-01	3.94e-02
 8.02383e+22	4.69e-01	4.93e-01	3.81e-02
 8.03220e+22	4.85e-01	4.79e-01	3.67e-02
 8.04082e+22	5.01e-01	4.64e-01	3.52e-02
 8.04967e+22	5.18e-01	4.49e-01	3.38e-02
 8.05867e+22	5.34e-01	4.33e-01	3.23e-02
 8.06782e+22	5.51e-01	4.19e-01	3.08e-02
 8.07712e+22	5.67e-01	4.04e-01	2.94e-02
 8.08664e+22	5.83e-01	3.89e-01	2.79e-02
 8.09654e+22	6.00e-01	3.74e-01	2.63e-02
 8.10683e+22	6.16e-01	3.59e-01	2.49e-02
 8.11716e+22	6.31e-01	3.46e-01	2.35e-02
 8.12750e+22	6.46e-01	3.32e-01	2.21e-02
 8.13842e+22	6.61e-01	3.19e-01	2.07e-02
 8.14990e+22	6.75e-01	3.06e-01	1.94e-02
 8.16154e+22	6.89e-01	2.93e-01	1.81e-02
 8.17347e+22	7.02e-01	2.81e-01	1.68e-02
 8.18589e+22	7.15e-01	2.69e-01	1.56e-02
 8.19874e+22	7.28e-01	2.58e-01	1.44e-02
 8.21156e+22	7.40e-01	2.47e-01	1.33e-02
 8.22373e+22	7.50e-01	2.38e-01	1.24e-02
 8.23525e+22	7.59e-01	2.29e-01	1.15e-02
 8.24639e+22	7.68e-01	2.21e-01	1.08e-02
 8.25720e+22	7.76e-01	2.14e-01	1.01e-02
 8.26765e+22	7.83e-01	2.07e-01	9.44e-03
 8.27771e+22	7.90e-01	2.01e-01	8.87e-03
 8.28725e+22	7.96e-01	1.96e-01	8.36e-03
 8.29630e+22	8.02e-01	1.90e-01	7.88e-03
 8.30478e+22	8.07e-01	1.85e-01	7.48e-03
 8.31299e+22	8.12e-01	1.81e-01	7.08e-03
 8.32117e+22	8.17e-01	1.76e-01	6.72e-03
 8.32908e+22	8.22e-01	1.72e-01	6.38e-03
 8.33669e+22	8.26e-01	1.68e-01	6.07e-03
 8.34401e+22	8.30e-01	1.64e-01	5.78e-03
 8.35107e+22	8.34e-01	1.61e-01	5.51e-03
 8.35790e+22	8.38e-01	1.57e-01	5.26e-03
 8.36449e+22	8.41e-01	1.54e-01	5.03e-03
 8.37085e+22	8.44e-01	1.51e-01	4.81e-03
 8.37699e+22	8.48e-01	1.48e-01	4.61e-03
 8.38290e+22	8.51e-01	1.45e-01	4.42e-03
 8.38862e+22	8.54e-01	1.42e-01	4.24e-03
 8.39413e+22	8.56e-01	1.39e-01	4.07e-03
 8.39931e+22	8.59e-01	1.37e-01	3.92e-03
 8.40402e+22	8.62e-01	1.35e-01	3.78e-03
 8.40830e+22	8.64e-01	1.33e-01	3.65e-03
 8.41220e+22	8.66e-01	1.31e-01	3.54e-03
 8.41575e+22	8.68e-01	1.29e-01	3.44e-03
 8.41898e+22	8.69e-01	1.27e-01	3.35e-03
 8.42191e+22	8.71e-01	1.26e-01	3.27e-03
 8.42513e+22	8.73e-01	1.24e-01	3.17e-03
 8.42861e+22	8.74e-01	1.23e-01	3.09e-03
 8.43177e+22	8.76e-01	1.21e-01	3.02e-03
 8.43524e+22	8.78e-01	1.19e-01	2.92e-03
 8.43898e+22	8.79e-01	1.18e-01	2.84e-03
 8.44238e+22	8.81e-01	1.16e-01	2.77e-03
 8.44548e+22	8.82e-01	1.15e-01	2.70e-03
 8.44830e+22	8.84e-01	1.14e-01	2.64e-03
 8.45087e+22	8.85e-01	1.13e-01	2.58e-03
 8.45368e+22	8.86e-01	1.11e-01	2.51e-03
 8.45671e+22	8.88e-01	1.10e-01	2.46e-03
 8.46004e+22	8.89e-01	1.09e-01	2.39e-03
 8.46363e+22	8.90e-01	1.07e-01	2.34e-03
 8.46690e+22	8.92e-01	1.06e-01	2.28e-03
 8.46987e+22	8.93e-01	1.05e-01	2.24e-03
 8.47313e+22	8.94e-01	1.04e-01	2.17e-03
 8.47665e+22	8.95e-01	1.03e-01	2.12e-03
 8.47985e+22	8.97e-01	1.01e-01	2.07e-03
 8.48336e+22	8.98e-01	9.99e-02	2.01e-03
 8.48714e+22	8.99e-01	9.86e-02	1.96e-03
 8.49059e+22	9.01e-01	9.74e-02	1.91e-03
 8.49437e+22	9.02e-01	9.59e-02	1.85e-03
 8.49844e+22	9.04e-01	9.46e-02	1.80e-03
 8.50215e+22	9.05e-01	9.33e-02	1.75e-03
 8.50553e+22	9.06e-01	9.21e-02	1.70e-03
 8.50860e+22	9.07e-01	9.10e-02	1.66e-03
 8.51140e+22	9.08e-01	9.00e-02	1.62e-03
 8.51446e+22	9.10e-01	8.87e-02	1.57e-03
 8.51777e+22	9.11e-01	8.76e-02	1.53e-03
 8.52078e+22	9.12e-01	8.65e-02	1.50e-03
 8.52352e+22	9.13e-01	8.58e-02	1.47e-03
 8.52652e+22	9.14e-01	8.46e-02	1.43e-03
 8.52976e+22	9.15e-01	8.36e-02	1.39e-03
 8.53271e+22	9.16e-01	8.26e-02	1.36e-03
 8.53539e+22	9.17e-01	8.18e-02	1.33e-03
 8.53833e+22	9.18e-01	8.08e-02	1.30e-03
 8.54150e+22	9.19e-01	8.00e-02	1.27e-03
 8.54498e+22	9.20e-01	7.88e-02	1.24e-03
 8.54873e+22	9.21e-01	7.78e-02	1.20e-03
 8.55215e+22	9.22e-01	7.69e-02	1.17e-03
 8.55526e+22	9.23e-01	7.59e-02	1.15e-03
 8.55809e+22	9.24e-01	7.52e-02	1.12e-03
 8.56119e+22	9.25e-01	7.41e-02	1.09e-03
 8.56522e+22	9.26e-01	7.31e-02	1.06e-03
 8.56957e+22	9.27e-01	7.22e-02	1.03e-03
 8.57353e+22	9.28e-01	7.13e-02	1.01e-03
 8.57787e+22	9.29e-01	7.00e-02	9.72e-04
 8.58256e+22	9.30e-01	6.90e-02	9.45e-04
 8.58682e+22	9.31e-01	6.80e-02	9.18e-04
 8.59070e+22	9.32e-01	6.71e-02	8.92e-04
 8.59423e+22	9.33e-01	6.64e-02	8.74e-04
 8.59810e+22	9.34e-01	6.52e-02	8.42e-04
 8.60227e+22	9.35e-01	6.44e-02	8.23e-04
 8.60607e+22	9.36e-01	6.36e-02	8.01e-04
 8.60953e+22	9.36e-01	6.29e-02	7.84e-04
 8.61332e+22	9.37e-01	6.19e-02	7.59e-04
 8.61741e+22	9.38e-01	6.11e-02	7.40e-04
 8.62114e+22	9.39e-01	6.05e-02	7.24e-04
 8.62522e+22	9.40e-01	5.94e-02	7.00e-04
 8.62962e+22	9.41e-01	5.87e-02	6.82e-04
 8.63363e+22	9.41e-01	5.80e-02	6.66e-04
 8.63802e+22	9.42e-01	5.70e-02	6.43e-04
 8.64276e+22	9.43e-01	5.62e-02	6.26e-04
 8.64707e+22	9.44e-01	5.53e-02	6.07e-04
 8.65100e+22	9.45e-01	5.47e-02	5.93e-04
 8.65530e+22	9.46e-01	5.38e-02	5.74e-04
 8.65995e+22	9.46e-01	5.30e-02	5.58e-04
 8.66417e+22	9.47e-01	5.24e-02	5.45e-04
 8.66881e+22	9.48e-01	5.15e-02	5.26e-04
 8.67381e+22	9.49e-01	5.08e-02	5.11e-04
 8.67836e+22	9.49e-01	5.01e-02	4.98e-04
 8.68334e+22	9.50e-01	4.92e-02	4.79e-04
 8.68873e+22	9.51e-01	4.85e-02	4.66e-04
 8.69362e+22	9.52e-01	4.77e-02	4.52e-04
 8.69808e+22	9.52e-01	4.71e-02	4.40e-04
 8.70297e+22	9.53e-01	4.62e-02	4.24e-04
 8.70824e+22	9.54e-01	4.55e-02	4.11e-04
 8.71304e+22	9.55e-01	4.49e-02	4.01e-04
 8.71830e+22	9.56e-01	4.41e-02	3.86e-04
 8.72397e+22	9.56e-01	4.34e-02	3.74e-04
 8.72914e+22	9.57e-01	4.28e-02	3.64e-04
 8.73480e+22	9.58e-01	4.19e-02	3.50e-04
 8.74091e+22	9.58e-01	4.12e-02	3.38e-04
 8.74647e+22	9.59e-01	4.06e-02	3.28e-04
 8.75257e+22	9.60e-01	3.98e-02	3.15e-04
 8.75915e+22	9.61e-01	3.91e-02	3.05e-04
 8.76513e+22	9.61e-01	3.84e-02	2.94e-04
 8.77058e+22	9.62e-01	3.79e-02	2.85e-04
 8.77655e+22	9.63e-01	3.71e-02	2.74e-04
 8.78300e+22	9.63e-01	3.65e-02	2.65e-04
 8.78886e+22	9.64e-01	3.59e-02	2.57e-04
 8.79529e+22	9.65e-01	3.51e-02	2.46e-04
 8.80223e+22	9.65e-01	3.45e-02	2.38e-04
 8.80854e+22	9.66e-01	3.39e-02	2.30e-04
 8.81546e+22	9.67e-01	3.32e-02	2.20e-04
 8.82293e+22	9.67e-01	3.25e-02	2.12e-04
 8.82972e+22	9.68e-01	3.20e-02	2.05e-04
 8.83717e+22	9.69e-01	3.12e-02	1.95e-04
 8.84521e+22	9.69e-01	3.06e-02	1.87e-04
 8.85253e+22	9.70e-01	3.00e-02	1.81e-04
 8.86047e+22	9.71e-01	2.93e-02	1.72e-04
 8.86896e+22	9.71e-01	2.87e-02	1.65e-04
 8.87670e+22	9.72e-01	2.81e-02	1.58e-04
 8.88373e+22	9.72e-01	2.76e-02	1.53e-04
 8.89144e+22	9.73e-01	2.70e-02	1.46e-04
 8.89977e+22	9.73e-01	2.64e-02	1.40e-04
 8.90735e+22	9.74e-01	2.59e-02	1.35e-04
 8.91565e+22	9.75e-01	2.53e-02	1.29e-04
 8.92461e+22	9.75e-01	2.47e-02	1.23e-04
 8.93276e+22	9.76e-01	2.42e-02	1.18e-04
 8.94170e+22	9.76e-01	2.36e-02	1.13e-04
 8.95135e+22	9.77e-01	2.31e-02	1.07e-04
 8.96013e+22	9.77e-01	2.26e-02	1.03e-04
 8.96812e+22	9.78e-01	2.21e-02	9.88e-05
 8.97687e+22	9.78e-01	2.16e-02	9.43e-05
 8.98632e+22	9.79e-01	2.11e-02	9.02e-05
 8.99492e+22	9.79e-01	2.07e-02	8.63e-05
 9.00435e+22	9.80e-01	2.01e-02	8.22e-05
 9.01452e+22	9.80e-01	1.97e-02	7.83e-05
 9.02567e+22	9.81e-01	1.91e-02	7.37e-05
 9.03872e+22	9.81e-01	1.84e-02	6.91e-05
 9.05229e+22	9.82e-01	1.78e-02	6.46e-05
 9.06610e+22	9.83e-01	1.72e-02	6.03e-05
 9.08017e+22	9.83e-01	1.66e-02	5.63e-05
 9.09442e+22	9.84e-01	1.61e-02	5.26e-05
 9.10882e+22	9.84e-01	1.55e-02	4.90e-05
 9.12337e+22	9.85e-01	1.49e-02	4.57e-05
 9.13806e+22	9.86e-01	1.44e-02	4.26e-05
 9.15290e+22	9.86e-01	1.39e-02	3.97e-05
 9.16787e+22	9.87e-01	1.34e-02	3.69e-05
 9.18298e+22	9.87e-01	1.29e-02	3.44e-05
 9.19822e+22	9.88e-01	1.25e-02	3.20e-05
 9.21359e+22	9.88e-01	1.20e-02	2.97e-05
 9.22908e+22	9.88e-01	1.16e-02	2.76e-05
 9.24466e+22	9.89e-01	1.12e-02	2.57e-05
 9.25476e+22	9.89e-01	1.10e-02	2.51e-05
