#depth	N	N+	N+2	N+3	N+4	N+5	N+6	N+7
 4.62852e+21	1.31e-21	2.44e-16	1.91e-12	1.97e-09	5.84e-07	1.12e-03	7.42e-02	9.25e-01
 1.02925e+22	5.91e-20	6.40e-15	2.92e-11	1.69e-08	2.67e-06	2.95e-03	1.17e-01	8.80e-01
 1.17986e+22	2.62e-19	2.31e-14	8.59e-11	4.00e-08	4.94e-06	4.37e-03	1.40e-01	8.55e-01
 1.25046e+22	5.32e-19	4.24e-14	1.43e-10	6.02e-08	6.64e-06	5.27e-03	1.53e-01	8.42e-01
 1.28013e+22	6.34e-19	4.94e-14	1.63e-10	6.67e-08	7.15e-06	5.53e-03	1.56e-01	8.38e-01
 1.29423e+22	8.04e-19	6.05e-14	1.94e-10	7.66e-08	7.89e-06	5.89e-03	1.61e-01	8.33e-01
 1.30892e+22	9.77e-19	7.17e-14	2.23e-10	8.58e-08	8.57e-06	6.21e-03	1.64e-01	8.29e-01
 1.32437e+22	1.24e-18	8.80e-14	2.65e-10	9.85e-08	9.47e-06	6.61e-03	1.69e-01	8.24e-01
 1.34036e+22	1.54e-18	1.06e-13	3.10e-10	1.12e-07	1.04e-05	7.00e-03	1.74e-01	8.19e-01
 1.35444e+22	1.85e-18	1.24e-13	3.55e-10	1.24e-07	1.12e-05	7.36e-03	1.77e-01	8.15e-01
 1.37013e+22	2.37e-18	1.54e-13	4.26e-10	1.44e-07	1.25e-05	7.87e-03	1.83e-01	8.09e-01
 1.38613e+22	2.87e-18	1.82e-13	4.89e-10	1.61e-07	1.35e-05	8.29e-03	1.87e-01	8.05e-01
 1.40002e+22	3.44e-18	2.13e-13	5.59e-10	1.79e-07	1.46e-05	8.70e-03	1.91e-01	8.00e-01
 1.41556e+22	4.37e-18	2.61e-13	6.65e-10	2.06e-07	1.62e-05	9.28e-03	1.96e-01	7.94e-01
 1.43106e+22	5.26e-18	3.06e-13	7.61e-10	2.30e-07	1.75e-05	9.75e-03	2.01e-01	7.89e-01
 1.44650e+22	6.55e-18	3.71e-13	8.94e-10	2.62e-07	1.92e-05	1.03e-02	2.06e-01	7.84e-01
 1.46246e+22	7.92e-18	4.37e-13	1.03e-09	2.93e-07	2.08e-05	1.09e-02	2.11e-01	7.78e-01
 1.47673e+22	9.54e-18	5.13e-13	1.18e-09	3.26e-07	2.26e-05	1.14e-02	2.15e-01	7.73e-01
 1.49294e+22	1.20e-17	6.23e-13	1.39e-09	3.73e-07	2.48e-05	1.22e-02	2.21e-01	7.67e-01
 1.50964e+22	1.45e-17	7.38e-13	1.60e-09	4.18e-07	2.70e-05	1.28e-02	2.26e-01	7.61e-01
 1.52454e+22	1.75e-17	8.68e-13	1.83e-09	4.67e-07	2.93e-05	1.35e-02	2.31e-01	7.56e-01
 1.54145e+22	2.22e-17	1.06e-12	2.18e-09	5.36e-07	3.23e-05	1.44e-02	2.37e-01	7.49e-01
 1.55881e+22	2.67e-17	1.25e-12	2.50e-09	5.98e-07	3.50e-05	1.51e-02	2.42e-01	7.43e-01
 1.57374e+22	3.18e-17	1.45e-12	2.84e-09	6.63e-07	3.77e-05	1.58e-02	2.47e-01	7.37e-01
 1.59014e+22	3.94e-17	1.75e-12	3.31e-09	7.52e-07	4.13e-05	1.67e-02	2.53e-01	7.31e-01
 1.60705e+22	4.75e-17	2.05e-12	3.80e-09	8.39e-07	4.48e-05	1.76e-02	2.58e-01	7.24e-01
 1.62204e+22	5.65e-17	2.39e-12	4.31e-09	9.30e-07	4.82e-05	1.84e-02	2.63e-01	7.19e-01
 1.63894e+22	6.97e-17	2.86e-12	5.02e-09	1.05e-06	5.27e-05	1.95e-02	2.69e-01	7.12e-01
 1.65689e+22	8.57e-17	3.42e-12	5.84e-09	1.19e-06	5.76e-05	2.06e-02	2.75e-01	7.04e-01
 1.67304e+22	1.02e-16	3.99e-12	6.65e-09	1.32e-06	6.22e-05	2.16e-02	2.80e-01	6.98e-01
 1.69087e+22	1.29e-16	4.87e-12	7.87e-09	1.51e-06	6.85e-05	2.29e-02	2.87e-01	6.90e-01
 1.70963e+22	1.54e-16	5.76e-12	9.07e-09	1.69e-06	7.45e-05	2.41e-02	2.93e-01	6.83e-01
 1.72960e+22	1.99e-16	7.18e-12	1.09e-08	1.96e-06	8.30e-05	2.58e-02	3.01e-01	6.73e-01
 1.74958e+22	2.43e-16	8.53e-12	1.26e-08	2.21e-06	9.04e-05	2.72e-02	3.07e-01	6.66e-01
 1.76959e+22	3.10e-16	1.05e-11	1.51e-08	2.55e-06	1.00e-04	2.90e-02	3.15e-01	6.56e-01
 1.79013e+22	3.84e-16	1.27e-11	1.77e-08	2.89e-06	1.10e-04	3.07e-02	3.22e-01	6.48e-01
 1.80817e+22	4.68e-16	1.51e-11	2.04e-08	3.25e-06	1.20e-04	3.23e-02	3.28e-01	6.40e-01
 1.82842e+22	6.00e-16	1.87e-11	2.45e-08	3.76e-06	1.33e-04	3.44e-02	3.36e-01	6.30e-01
 1.84934e+22	7.46e-16	2.26e-11	2.88e-08	4.28e-06	1.46e-04	3.65e-02	3.43e-01	6.20e-01
 1.86799e+22	9.20e-16	2.71e-11	3.35e-08	4.85e-06	1.60e-04	3.85e-02	3.50e-01	6.12e-01
 1.88911e+22	1.19e-15	3.40e-11	4.06e-08	5.65e-06	1.79e-04	4.12e-02	3.58e-01	6.00e-01
 1.91084e+22	1.50e-15	4.15e-11	4.81e-08	6.49e-06	1.97e-04	4.37e-02	3.66e-01	5.90e-01
 1.93008e+22	1.85e-15	4.98e-11	5.61e-08	7.35e-06	2.16e-04	4.61e-02	3.73e-01	5.81e-01
 1.95183e+22	2.47e-15	6.39e-11	6.94e-08	8.74e-06	2.45e-04	4.97e-02	3.83e-01	5.67e-01
 1.97379e+22	3.07e-15	7.72e-11	8.15e-08	9.96e-06	2.69e-04	5.26e-02	3.90e-01	5.57e-01
 1.99605e+22	4.10e-15	9.94e-11	1.01e-07	1.19e-05	3.05e-04	5.67e-02	4.00e-01	5.43e-01
 2.01725e+22	4.97e-15	1.18e-10	1.17e-07	1.34e-05	3.32e-04	5.96e-02	4.06e-01	5.34e-01
 2.03709e+22	6.45e-15	1.48e-10	1.42e-07	1.57e-05	3.73e-04	6.38e-02	4.15e-01	5.21e-01
 2.05694e+22	7.80e-15	1.74e-10	1.64e-07	1.76e-05	4.06e-04	6.70e-02	4.21e-01	5.11e-01
 2.07681e+22	1.01e-14	2.19e-10	1.99e-07	2.07e-05	4.57e-04	7.18e-02	4.30e-01	4.98e-01
 2.09687e+22	1.23e-14	2.61e-10	2.31e-07	2.34e-05	4.99e-04	7.56e-02	4.36e-01	4.88e-01
 2.11718e+22	1.60e-14	3.28e-10	2.82e-07	2.77e-05	5.63e-04	8.10e-02	4.45e-01	4.73e-01
 2.13779e+22	1.96e-14	3.91e-10	3.29e-07	3.14e-05	6.17e-04	8.53e-02	4.51e-01	4.63e-01
 2.15880e+22	2.55e-14	4.94e-10	4.03e-07	3.72e-05	6.98e-04	9.16e-02	4.60e-01	4.48e-01
 2.18018e+22	3.13e-14	5.94e-10	4.73e-07	4.26e-05	7.70e-04	9.68e-02	4.66e-01	4.36e-01
 2.20205e+22	4.10e-14	7.54e-10	5.83e-07	5.08e-05	8.76e-04	1.04e-01	4.75e-01	4.20e-01
 2.22437e+22	5.06e-14	9.11e-10	6.89e-07	5.85e-05	9.72e-04	1.10e-01	4.81e-01	4.08e-01
 2.24726e+22	6.64e-14	1.16e-09	8.54e-07	7.03e-05	1.11e-03	1.19e-01	4.89e-01	3.91e-01
 2.27053e+22	8.20e-14	1.40e-09	1.01e-06	8.12e-05	1.24e-03	1.26e-01	4.95e-01	3.78e-01
 2.29349e+22	1.07e-13	1.77e-09	1.24e-06	9.70e-05	1.41e-03	1.35e-01	5.01e-01	3.62e-01
 2.31551e+22	1.28e-13	2.08e-09	1.44e-06	1.10e-04	1.55e-03	1.42e-01	5.06e-01	3.50e-01
 2.33711e+22	1.62e-13	2.58e-09	1.75e-06	1.31e-04	1.76e-03	1.52e-01	5.11e-01	3.35e-01
 2.35857e+22	1.92e-13	3.02e-09	2.01e-06	1.48e-04	1.93e-03	1.60e-01	5.15e-01	3.24e-01
 2.37985e+22	2.39e-13	3.69e-09	2.42e-06	1.74e-04	2.17e-03	1.70e-01	5.19e-01	3.09e-01
 2.40112e+22	2.81e-13	4.28e-09	2.77e-06	1.96e-04	2.38e-03	1.78e-01	5.21e-01	2.98e-01
 2.42240e+22	3.45e-13	5.18e-09	3.30e-06	2.30e-04	2.68e-03	1.89e-01	5.24e-01	2.83e-01
 2.44366e+22	4.01e-13	5.98e-09	3.77e-06	2.58e-04	2.92e-03	1.98e-01	5.26e-01	2.73e-01
 2.46490e+22	4.86e-13	7.16e-09	4.46e-06	3.01e-04	3.28e-03	2.10e-01	5.27e-01	2.59e-01
 2.48614e+22	5.61e-13	8.20e-09	5.06e-06	3.37e-04	3.57e-03	2.19e-01	5.28e-01	2.49e-01
 2.50740e+22	6.72e-13	9.73e-09	5.94e-06	3.90e-04	3.99e-03	2.31e-01	5.28e-01	2.36e-01
 2.52872e+22	7.71e-13	1.11e-08	6.71e-06	4.35e-04	4.34e-03	2.41e-01	5.28e-01	2.27e-01
 2.55014e+22	9.14e-13	1.30e-08	7.84e-06	5.01e-04	4.83e-03	2.54e-01	5.26e-01	2.14e-01
 2.57167e+22	1.04e-12	1.48e-08	8.82e-06	5.58e-04	5.24e-03	2.64e-01	5.25e-01	2.05e-01
 2.59337e+22	1.23e-12	1.73e-08	1.02e-05	6.41e-04	5.83e-03	2.77e-01	5.23e-01	1.94e-01
 2.61531e+22	1.39e-12	1.95e-08	1.15e-05	7.12e-04	6.32e-03	2.88e-01	5.20e-01	1.85e-01
 2.63755e+22	1.63e-12	2.28e-08	1.33e-05	8.16e-04	7.01e-03	3.02e-01	5.16e-01	1.74e-01
 2.66010e+22	1.85e-12	2.57e-08	1.50e-05	9.06e-04	7.60e-03	3.13e-01	5.13e-01	1.65e-01
 2.68304e+22	2.15e-12	2.98e-08	1.73e-05	1.04e-03	8.43e-03	3.28e-01	5.08e-01	1.55e-01
 2.70641e+22	2.44e-12	3.37e-08	1.94e-05	1.15e-03	9.13e-03	3.39e-01	5.03e-01	1.47e-01
 2.73034e+22	2.84e-12	3.91e-08	2.25e-05	1.32e-03	1.01e-02	3.55e-01	4.97e-01	1.37e-01
 2.75482e+22	3.23e-12	4.42e-08	2.53e-05	1.46e-03	1.10e-02	3.67e-01	4.91e-01	1.30e-01
 2.77567e+22	3.60e-12	4.91e-08	2.81e-05	1.61e-03	1.18e-02	3.78e-01	4.85e-01	1.23e-01
 2.79510e+22	4.00e-12	5.44e-08	3.10e-05	1.76e-03	1.26e-02	3.89e-01	4.80e-01	1.17e-01
 2.81703e+22	4.54e-12	6.17e-08	3.51e-05	1.97e-03	1.38e-02	4.03e-01	4.72e-01	1.09e-01
 2.83878e+22	5.04e-12	6.82e-08	3.86e-05	2.15e-03	1.47e-02	4.13e-01	4.66e-01	1.04e-01
 2.86028e+22	5.69e-12	7.68e-08	4.35e-05	2.39e-03	1.60e-02	4.27e-01	4.58e-01	9.71e-02
 2.88197e+22	6.32e-12	8.48e-08	4.78e-05	2.60e-03	1.70e-02	4.37e-01	4.51e-01	9.22e-02
 2.90391e+22	7.14e-12	9.56e-08	5.38e-05	2.89e-03	1.85e-02	4.51e-01	4.42e-01	8.59e-02
 2.92609e+22	7.92e-12	1.06e-07	5.92e-05	3.14e-03	1.97e-02	4.61e-01	4.35e-01	8.14e-02
 2.94859e+22	8.95e-12	1.19e-07	6.67e-05	3.49e-03	2.14e-02	4.74e-01	4.25e-01	7.56e-02
 2.97137e+22	9.94e-12	1.32e-07	7.33e-05	3.79e-03	2.27e-02	4.85e-01	4.17e-01	7.14e-02
 2.99453e+22	1.12e-11	1.48e-07	8.27e-05	4.21e-03	2.47e-02	4.98e-01	4.07e-01	6.61e-02
 3.01806e+22	1.25e-11	1.64e-07	9.12e-05	4.57e-03	2.62e-02	5.08e-01	3.99e-01	6.22e-02
 3.04207e+22	1.42e-11	1.86e-07	1.03e-04	5.09e-03	2.85e-02	5.21e-01	3.88e-01	5.73e-02
 3.06653e+22	1.59e-11	2.07e-07	1.14e-04	5.53e-03	3.03e-02	5.31e-01	3.79e-01	5.38e-02
 3.09158e+22	1.81e-11	2.34e-07	1.29e-04	6.15e-03	3.29e-02	5.45e-01	3.67e-01	4.93e-02
 3.11714e+22	2.03e-11	2.62e-07	1.43e-04	6.69e-03	3.49e-02	5.54e-01	3.58e-01	4.61e-02
 3.14337e+22	2.31e-11	2.98e-07	1.63e-04	7.46e-03	3.80e-02	5.67e-01	3.45e-01	4.19e-02
 3.16972e+22	2.60e-11	3.32e-07	1.81e-04	8.11e-03	4.03e-02	5.76e-01	3.36e-01	3.91e-02
 3.19625e+22	2.98e-11	3.79e-07	2.06e-04	9.02e-03	4.37e-02	5.88e-01	3.23e-01	3.55e-02
 3.22182e+22	3.33e-11	4.20e-07	2.27e-04	9.71e-03	4.60e-02	5.96e-01	3.15e-01	3.33e-02
 3.24616e+22	3.75e-11	4.73e-07	2.55e-04	1.07e-02	4.95e-02	6.06e-01	3.04e-01	3.04e-02
 3.27125e+22	4.23e-11	5.28e-07	2.82e-04	1.15e-02	5.22e-02	6.13e-01	2.95e-01	2.84e-02
 3.29316e+22	4.65e-11	5.79e-07	3.09e-04	1.24e-02	5.50e-02	6.20e-01	2.86e-01	2.64e-02
 3.31403e+22	5.16e-11	6.37e-07	3.38e-04	1.33e-02	5.78e-02	6.26e-01	2.78e-01	2.47e-02
 3.33771e+22	5.82e-11	7.16e-07	3.78e-04	1.45e-02	6.15e-02	6.33e-01	2.68e-01	2.27e-02
 3.36170e+22	6.42e-11	7.87e-07	4.15e-04	1.55e-02	6.48e-02	6.39e-01	2.59e-01	2.11e-02
 3.38287e+22	7.15e-11	8.69e-07	4.54e-04	1.66e-02	6.79e-02	6.44e-01	2.51e-01	1.96e-02
 3.40717e+22	8.16e-11	9.83e-07	5.10e-04	1.81e-02	7.21e-02	6.50e-01	2.41e-01	1.80e-02
 3.43247e+22	9.13e-11	1.09e-06	5.64e-04	1.95e-02	7.60e-02	6.55e-01	2.32e-01	1.66e-02
 3.45519e+22	1.02e-10	1.21e-06	6.21e-04	2.09e-02	7.98e-02	6.59e-01	2.24e-01	1.54e-02
 3.48083e+22	1.17e-10	1.38e-06	7.02e-04	2.28e-02	8.48e-02	6.64e-01	2.14e-01	1.39e-02
 3.50747e+22	1.32e-10	1.55e-06	7.79e-04	2.46e-02	8.92e-02	6.67e-01	2.06e-01	1.28e-02
 3.53172e+22	1.50e-10	1.73e-06	8.64e-04	2.64e-02	9.37e-02	6.70e-01	1.98e-01	1.17e-02
 3.55959e+22	1.75e-10	2.00e-06	9.86e-04	2.90e-02	9.97e-02	6.72e-01	1.87e-01	1.05e-02
 3.58781e+22	1.98e-10	2.24e-06	1.10e-03	3.13e-02	1.05e-01	6.74e-01	1.79e-01	9.61e-03
 3.61264e+22	2.26e-10	2.52e-06	1.22e-03	3.36e-02	1.10e-01	6.75e-01	1.72e-01	8.81e-03
 3.64107e+22	2.66e-10	2.92e-06	1.39e-03	3.68e-02	1.16e-01	6.75e-01	1.62e-01	7.88e-03
 3.67040e+22	3.05e-10	3.32e-06	1.56e-03	3.97e-02	1.23e-01	6.75e-01	1.54e-01	7.12e-03
 3.69644e+22	3.51e-10	3.75e-06	1.74e-03	4.27e-02	1.28e-01	6.74e-01	1.47e-01	6.50e-03
 3.72582e+22	4.15e-10	4.37e-06	1.99e-03	4.68e-02	1.36e-01	6.72e-01	1.38e-01	5.75e-03
 3.75600e+22	4.80e-10	4.98e-06	2.23e-03	5.04e-02	1.42e-01	6.69e-01	1.31e-01	5.18e-03
 3.78261e+22	5.53e-10	5.64e-06	2.49e-03	5.41e-02	1.48e-01	6.66e-01	1.24e-01	4.70e-03
 3.81258e+22	6.60e-10	6.61e-06	2.86e-03	5.92e-02	1.57e-01	6.61e-01	1.16e-01	4.14e-03
 3.84360e+22	7.70e-10	7.57e-06	3.22e-03	6.39e-02	1.64e-01	6.56e-01	1.09e-01	3.70e-03
 3.87597e+22	9.37e-10	8.99e-06	3.73e-03	7.02e-02	1.73e-01	6.49e-01	1.01e-01	3.22e-03
 3.90587e+22	1.07e-09	1.01e-05	4.12e-03	7.47e-02	1.79e-01	6.43e-01	9.60e-02	2.92e-03
 3.92890e+22	1.21e-09	1.13e-05	4.51e-03	7.91e-02	1.85e-01	6.37e-01	9.14e-02	2.67e-03
 3.95519e+22	1.42e-09	1.29e-05	5.07e-03	8.51e-02	1.93e-01	6.29e-01	8.56e-02	2.38e-03
 3.98283e+22	1.63e-09	1.46e-05	5.62e-03	9.06e-02	1.99e-01	6.21e-01	8.08e-02	2.14e-03
 4.01222e+22	1.96e-09	1.71e-05	6.39e-03	9.81e-02	2.08e-01	6.11e-01	7.49e-02	1.88e-03
 4.04216e+22	2.28e-09	1.95e-05	7.14e-03	1.05e-01	2.16e-01	6.01e-01	6.99e-02	1.67e-03
 4.06812e+22	2.64e-09	2.20e-05	7.89e-03	1.11e-01	2.22e-01	5.91e-01	6.58e-02	1.50e-03
 4.09719e+22	3.16e-09	2.57e-05	8.94e-03	1.20e-01	2.30e-01	5.79e-01	6.07e-02	1.31e-03
 4.12743e+22	3.70e-09	2.93e-05	9.97e-03	1.28e-01	2.38e-01	5.67e-01	5.65e-02	1.16e-03
 4.15474e+22	4.30e-09	3.33e-05	1.11e-02	1.36e-01	2.44e-01	5.55e-01	5.26e-02	1.03e-03
 4.18579e+22	5.23e-09	3.93e-05	1.26e-02	1.46e-01	2.53e-01	5.39e-01	4.81e-02	8.82e-04
 4.21756e+22	6.17e-09	4.51e-05	1.41e-02	1.56e-01	2.60e-01	5.25e-01	4.43e-02	7.72e-04
 4.24569e+22	7.22e-09	5.15e-05	1.56e-02	1.65e-01	2.66e-01	5.11e-01	4.10e-02	6.78e-04
 4.27767e+22	8.83e-09	6.09e-05	1.78e-02	1.78e-01	2.74e-01	4.93e-01	3.70e-02	5.76e-04
 4.31079e+22	1.05e-08	7.04e-05	1.99e-02	1.89e-01	2.80e-01	4.76e-01	3.38e-02	4.97e-04
 4.34046e+22	1.24e-08	8.07e-05	2.21e-02	2.00e-01	2.86e-01	4.60e-01	3.09e-02	4.31e-04
 4.37411e+22	1.54e-08	9.61e-05	2.52e-02	2.14e-01	2.93e-01	4.40e-01	2.76e-02	3.60e-04
 4.40852e+22	1.78e-08	1.11e-04	2.81e-02	2.27e-01	2.98e-01	4.22e-01	2.49e-02	3.06e-04
 4.43884e+22	2.12e-08	1.28e-04	3.12e-02	2.39e-01	3.02e-01	4.05e-01	2.26e-02	2.63e-04
 4.47317e+22	2.63e-08	1.52e-04	3.54e-02	2.55e-01	3.07e-01	3.83e-01	1.99e-02	2.16e-04
 4.50843e+22	3.17e-08	1.77e-04	3.95e-02	2.69e-01	3.10e-01	3.64e-01	1.77e-02	1.81e-04
 4.53966e+22	3.78e-08	2.03e-04	4.36e-02	2.82e-01	3.12e-01	3.46e-01	1.59e-02	1.54e-04
 4.57503e+22	4.74e-08	2.43e-04	4.94e-02	2.99e-01	3.14e-01	3.23e-01	1.38e-02	1.24e-04
 4.61145e+22	5.75e-08	2.83e-04	5.50e-02	3.13e-01	3.15e-01	3.04e-01	1.22e-02	1.03e-04
 4.64390e+22	6.92e-08	3.26e-04	6.07e-02	3.27e-01	3.15e-01	2.86e-01	1.08e-02	8.56e-05
 4.68074e+22	8.76e-08	3.92e-04	6.86e-02	3.44e-01	3.14e-01	2.64e-01	9.15e-03	6.73e-05
 4.71836e+22	1.06e-07	4.55e-04	7.58e-02	3.59e-01	3.12e-01	2.45e-01	7.97e-03	5.49e-05
 4.75697e+22	1.36e-07	5.49e-04	8.57e-02	3.76e-01	3.08e-01	2.23e-01	6.66e-03	4.23e-05
 4.79603e+22	1.66e-07	6.38e-04	9.44e-02	3.90e-01	3.04e-01	2.06e-01	5.73e-03	3.40e-05
 4.83568e+22	2.14e-07	7.71e-04	1.06e-01	4.06e-01	2.97e-01	1.85e-01	4.72e-03	2.58e-05
 4.87500e+22	2.60e-07	8.91e-04	1.16e-01	4.18e-01	2.91e-01	1.70e-01	4.04e-03	2.06e-05
 4.90687e+22	3.09e-07	1.01e-03	1.26e-01	4.28e-01	2.85e-01	1.57e-01	3.51e-03	1.69e-05
 4.94129e+22	3.82e-07	1.18e-03	1.38e-01	4.39e-01	2.77e-01	1.42e-01	2.94e-03	1.31e-05
 4.97615e+22	4.55e-07	1.34e-03	1.49e-01	4.47e-01	2.70e-01	1.30e-01	2.53e-03	1.06e-05
 5.00691e+22	5.40e-07	1.52e-03	1.60e-01	4.55e-01	2.62e-01	1.19e-01	2.17e-03	8.60e-06
 5.04220e+22	6.70e-07	1.78e-03	1.74e-01	4.63e-01	2.52e-01	1.07e-01	1.79e-03	6.57e-06
 5.07841e+22	8.07e-07	2.03e-03	1.87e-01	4.69e-01	2.43e-01	9.64e-02	1.51e-03	5.18e-06
 5.11065e+22	9.60e-07	2.30e-03	2.00e-01	4.74e-01	2.34e-01	8.74e-02	1.28e-03	4.12e-06
 5.14738e+22	1.20e-06	2.69e-03	2.18e-01	4.79e-01	2.23e-01	7.69e-02	1.04e-03	3.07e-06
 5.18442e+22	1.43e-06	3.05e-03	2.32e-01	4.82e-01	2.13e-01	6.90e-02	8.66e-04	2.40e-06
 5.21669e+22	1.70e-06	3.45e-03	2.47e-01	4.83e-01	2.03e-01	6.19e-02	7.26e-04	1.88e-06
 5.24574e+22	1.95e-06	3.80e-03	2.59e-01	4.84e-01	1.96e-01	5.68e-02	6.30e-04	1.55e-06
 5.27574e+22	2.32e-06	4.29e-03	2.75e-01	4.84e-01	1.86e-01	5.07e-02	5.24e-04	1.21e-06
 5.30635e+22	2.68e-06	4.75e-03	2.89e-01	4.83e-01	1.78e-01	4.59e-02	4.46e-04	9.70e-07
 5.33322e+22	3.07e-06	5.22e-03	3.02e-01	4.81e-01	1.70e-01	4.18e-02	3.84e-04	7.90e-07
 5.36362e+22	3.65e-06	5.89e-03	3.19e-01	4.78e-01	1.60e-01	3.70e-02	3.15e-04	6.05e-07
 5.39455e+22	4.21e-06	6.50e-03	3.33e-01	4.74e-01	1.52e-01	3.33e-02	2.68e-04	4.84e-07
 5.42199e+22	4.82e-06	7.14e-03	3.47e-01	4.70e-01	1.45e-01	3.01e-02	2.28e-04	3.90e-07
 5.45348e+22	5.75e-06	8.06e-03	3.66e-01	4.64e-01	1.35e-01	2.64e-02	1.84e-04	2.92e-07
 5.48513e+22	6.59e-06	8.85e-03	3.80e-01	4.59e-01	1.28e-01	2.37e-02	1.56e-04	2.33e-07
 5.50465e+22	6.96e-06	9.18e-03	3.86e-01	4.57e-01	1.25e-01	2.27e-02	1.45e-04	2.12e-07
 5.51769e+22	7.51e-06	9.67e-03	3.94e-01	4.53e-01	1.21e-01	2.14e-02	1.32e-04	1.87e-07
 5.53463e+22	8.19e-06	1.03e-02	4.04e-01	4.49e-01	1.17e-01	1.99e-02	1.19e-04	1.61e-07
 5.55665e+22	9.19e-06	1.11e-02	4.17e-01	4.43e-01	1.11e-01	1.81e-02	1.02e-04	1.32e-07
 5.58528e+22	1.08e-05	1.24e-02	4.34e-01	4.34e-01	1.03e-01	1.58e-02	8.30e-05	0.00e+00
 5.61579e+22	1.23e-05	1.35e-02	4.49e-01	4.27e-01	9.70e-02	1.42e-02	6.97e-05	0.00e+00
 5.64875e+22	1.46e-05	1.52e-02	4.68e-01	4.16e-01	8.91e-02	1.22e-02	5.51e-05	0.00e+00
 5.68248e+22	1.69e-05	1.67e-02	4.84e-01	4.06e-01	8.28e-02	1.07e-02	4.52e-05	0.00e+00
 5.71721e+22	2.02e-05	1.88e-02	5.04e-01	3.93e-01	7.54e-02	9.10e-03	3.51e-05	0.00e+00
 5.75249e+22	2.33e-05	2.07e-02	5.19e-01	3.82e-01	6.97e-02	7.97e-03	2.86e-05	0.00e+00
 5.78847e+22	2.81e-05	2.34e-02	5.39e-01	3.68e-01	6.29e-02	6.69e-03	2.19e-05	0.00e+00
 5.82496e+22	3.24e-05	2.57e-02	5.55e-01	3.56e-01	5.79e-02	5.82e-03	1.76e-05	0.00e+00
 5.86213e+22	3.90e-05	2.90e-02	5.73e-01	3.41e-01	5.19e-02	4.86e-03	1.34e-05	0.00e+00
 5.90047e+22	4.55e-05	3.20e-02	5.89e-01	3.28e-01	4.72e-02	4.17e-03	1.06e-05	0.00e+00
 5.93002e+22	5.08e-05	3.43e-02	6.00e-01	3.18e-01	4.40e-02	3.73e-03	8.91e-06	0.00e+00
 5.95812e+22	5.82e-05	3.75e-02	6.12e-01	3.06e-01	4.04e-02	3.24e-03	7.21e-06	0.00e+00
 5.98685e+22	6.51e-05	4.02e-02	6.23e-01	2.97e-01	3.75e-02	2.88e-03	6.03e-06	0.00e+00
 6.01641e+22	7.47e-05	4.40e-02	6.35e-01	2.84e-01	3.42e-02	2.49e-03	4.83e-06	0.00e+00
 6.04656e+22	8.39e-05	4.73e-02	6.45e-01	2.74e-01	3.16e-02	2.20e-03	3.99e-06	0.00e+00
 6.07327e+22	9.40e-05	5.08e-02	6.54e-01	2.64e-01	2.92e-02	1.94e-03	3.31e-06	0.00e+00
 6.10383e+22	1.09e-04	5.58e-02	6.65e-01	2.51e-01	2.63e-02	1.66e-03	2.60e-06	0.00e+00
 6.13446e+22	1.21e-04	5.97e-02	6.73e-01	2.42e-01	2.42e-02	1.46e-03	2.15e-06	0.00e+00
 6.16517e+22	1.39e-04	6.51e-02	6.82e-01	2.29e-01	2.19e-02	1.25e-03	1.70e-06	0.00e+00
 6.19688e+22	1.57e-04	7.01e-02	6.90e-01	2.19e-01	2.00e-02	1.09e-03	1.38e-06	0.00e+00
 6.22056e+22	1.70e-04	7.35e-02	6.94e-01	2.12e-01	1.87e-02	9.91e-04	1.20e-06	0.00e+00
 6.23787e+22	1.80e-04	7.62e-02	6.97e-01	2.07e-01	1.79e-02	9.25e-04	1.08e-06	0.00e+00
 6.25618e+22	1.96e-04	8.02e-02	7.02e-01	2.00e-01	1.68e-02	8.38e-04	9.29e-07	0.00e+00
 6.27998e+22	2.17e-04	8.56e-02	7.06e-01	1.92e-01	1.54e-02	7.39e-04	7.69e-07	0.00e+00
 6.30510e+22	2.38e-04	9.05e-02	7.10e-01	1.84e-01	1.43e-02	6.61e-04	6.49e-07	0.00e+00
 6.32768e+22	2.60e-04	9.54e-02	7.14e-01	1.77e-01	1.33e-02	5.94e-04	5.53e-07	0.00e+00
 6.35277e+22	2.91e-04	1.02e-01	7.17e-01	1.68e-01	1.21e-02	5.16e-04	4.49e-07	0.00e+00
 6.37677e+22	3.13e-04	1.07e-01	7.19e-01	1.62e-01	1.13e-02	4.69e-04	3.89e-07	0.00e+00
 6.39934e+22	3.45e-04	1.13e-01	7.21e-01	1.55e-01	1.04e-02	4.15e-04	3.24e-07	0.00e+00
 6.42868e+22	3.91e-04	1.22e-01	7.23e-01	1.45e-01	9.31e-03	3.53e-04	2.54e-07	0.00e+00
 6.46058e+22	4.39e-04	1.31e-01	7.24e-01	1.37e-01	8.39e-03	3.03e-04	2.02e-07	0.00e+00
 6.49579e+22	5.10e-04	1.43e-01	7.23e-01	1.26e-01	7.31e-03	2.48e-04	1.50e-07	0.00e+00
 6.53262e+22	5.77e-04	1.53e-01	7.22e-01	1.17e-01	6.48e-03	2.09e-04	0.00e+00	0.00e+00
 6.57154e+22	6.76e-04	1.68e-01	7.19e-01	1.07e-01	5.57e-03	1.68e-04	0.00e+00	0.00e+00
 6.61136e+22	7.71e-04	1.81e-01	7.15e-01	9.86e-02	4.89e-03	1.39e-04	0.00e+00	0.00e+00
 6.65234e+22	9.15e-04	2.00e-01	7.07e-01	8.83e-02	4.12e-03	1.09e-04	0.00e+00	0.00e+00
 6.69317e+22	1.03e-03	2.13e-01	7.01e-01	8.13e-02	3.62e-03	9.05e-05	0.00e+00	0.00e+00
 6.73379e+22	1.22e-03	2.34e-01	6.89e-01	7.23e-02	3.04e-03	7.04e-05	0.00e+00	0.00e+00
 6.77527e+22	1.38e-03	2.50e-01	6.80e-01	6.59e-02	2.65e-03	5.78e-05	0.00e+00	0.00e+00
 6.81787e+22	1.64e-03	2.75e-01	6.63e-01	5.77e-02	2.20e-03	4.41e-05	0.00e+00	0.00e+00
 6.86137e+22	1.88e-03	2.95e-01	6.50e-01	5.18e-02	1.89e-03	3.54e-05	0.00e+00	0.00e+00
 6.90602e+22	2.25e-03	3.24e-01	6.27e-01	4.44e-02	1.53e-03	2.62e-05	0.00e+00	0.00e+00
 6.95134e+22	2.59e-03	3.48e-01	6.09e-01	3.91e-02	1.30e-03	2.05e-05	0.00e+00	0.00e+00
 6.98670e+22	2.87e-03	3.67e-01	5.94e-01	3.55e-02	1.14e-03	1.71e-05	0.00e+00	0.00e+00
 7.02182e+22	3.33e-03	3.95e-01	5.70e-01	3.07e-02	9.54e-04	1.31e-05	0.00e+00	0.00e+00
 7.05674e+22	3.70e-03	4.16e-01	5.52e-01	2.76e-02	8.35e-04	1.08e-05	0.00e+00	0.00e+00
 7.09137e+22	4.28e-03	4.46e-01	5.25e-01	2.36e-02	6.92e-04	8.14e-06	0.00e+00	0.00e+00
 7.12647e+22	4.81e-03	4.71e-01	5.03e-01	2.07e-02	5.94e-04	6.47e-06	0.00e+00	0.00e+00
 7.16218e+22	5.59e-03	5.05e-01	4.72e-01	1.73e-02	4.83e-04	4.75e-06	0.00e+00	0.00e+00
 7.19832e+22	6.34e-03	5.33e-01	4.45e-01	1.48e-02	4.05e-04	3.64e-06	0.00e+00	0.00e+00
 7.22980e+22	7.16e-03	5.61e-01	4.18e-01	1.26e-02	3.39e-04	2.78e-06	0.00e+00	0.00e+00
 7.26552e+22	8.36e-03	5.99e-01	3.82e-01	1.01e-02	2.67e-04	1.94e-06	0.00e+00	0.00e+00
 7.30221e+22	9.61e-03	6.32e-01	3.50e-01	8.20e-03	2.14e-04	1.39e-06	0.00e+00	0.00e+00
 7.33435e+22	1.09e-02	6.63e-01	3.19e-01	6.66e-03	1.73e-04	9.94e-07	0.00e+00	0.00e+00
 7.37034e+22	1.29e-02	7.02e-01	2.80e-01	5.02e-03	1.29e-04	6.36e-07	0.00e+00	0.00e+00
 7.40824e+22	1.51e-02	7.37e-01	2.44e-01	3.76e-03	9.56e-05	4.05e-07	0.00e+00	0.00e+00
 7.44089e+22	1.73e-02	7.67e-01	2.13e-01	2.86e-03	7.25e-05	2.66e-07	0.00e+00	0.00e+00
 7.46917e+22	1.95e-02	7.92e-01	1.87e-01	2.20e-03	5.56e-05	1.79e-07	0.00e+00	0.00e+00
 7.49523e+22	2.20e-02	8.14e-01	1.63e-01	1.69e-03	4.25e-05	0.00e+00	0.00e+00	0.00e+00
 7.52486e+22	2.56e-02	8.39e-01	1.34e-01	1.19e-03	2.96e-05	0.00e+00	0.00e+00	0.00e+00
 7.55556e+22	2.97e-02	8.60e-01	1.10e-01	8.34e-04	2.04e-05	0.00e+00	0.00e+00	0.00e+00
 7.57389e+22	3.19e-02	8.68e-01	9.89e-02	6.94e-04	1.68e-05	0.00e+00	0.00e+00	0.00e+00
 7.58082e+22	3.29e-02	8.72e-01	9.44e-02	6.40e-04	1.54e-05	0.00e+00	0.00e+00	0.00e+00
 7.58658e+22	3.40e-02	8.75e-01	9.00e-02	5.91e-04	1.41e-05	0.00e+00	0.00e+00	0.00e+00
 7.59362e+22	3.54e-02	8.79e-01	8.47e-02	5.35e-04	1.27e-05	0.00e+00	0.00e+00	0.00e+00
 7.60124e+22	3.69e-02	8.83e-01	7.95e-02	4.81e-04	1.13e-05	0.00e+00	0.00e+00	0.00e+00
 7.60862e+22	3.85e-02	8.86e-01	7.46e-02	4.34e-04	1.01e-05	0.00e+00	0.00e+00	0.00e+00
 7.61561e+22	4.01e-02	8.89e-01	7.01e-02	3.92e-04	9.01e-06	0.00e+00	0.00e+00	0.00e+00
 7.62234e+22	4.16e-02	8.92e-01	6.60e-02	3.57e-04	8.10e-06	0.00e+00	0.00e+00	0.00e+00
 7.62921e+22	4.34e-02	8.94e-01	6.18e-02	3.22e-04	7.20e-06	0.00e+00	0.00e+00	0.00e+00
 7.63603e+22	4.51e-02	8.97e-01	5.80e-02	2.92e-04	6.44e-06	0.00e+00	0.00e+00	0.00e+00
 7.64279e+22	4.70e-02	8.98e-01	5.43e-02	2.63e-04	5.72e-06	0.00e+00	0.00e+00	0.00e+00
 7.64961e+22	4.91e-02	9.00e-01	5.06e-02	2.37e-04	5.06e-06	0.00e+00	0.00e+00	0.00e+00
 7.65593e+22	5.11e-02	9.01e-01	4.74e-02	2.16e-04	4.51e-06	0.00e+00	0.00e+00	0.00e+00
 7.66186e+22	5.31e-02	9.02e-01	4.46e-02	1.97e-04	4.05e-06	0.00e+00	0.00e+00	0.00e+00
 7.66798e+22	5.54e-02	9.03e-01	4.16e-02	1.79e-04	3.59e-06	0.00e+00	0.00e+00	0.00e+00
 7.67415e+22	5.76e-02	9.03e-01	3.89e-02	1.63e-04	3.20e-06	0.00e+00	0.00e+00	0.00e+00
 7.68030e+22	6.02e-02	9.03e-01	3.62e-02	1.48e-04	2.83e-06	0.00e+00	0.00e+00	0.00e+00
 7.68639e+22	6.29e-02	9.03e-01	3.38e-02	1.34e-04	2.50e-06	0.00e+00	0.00e+00	0.00e+00
 7.69207e+22	6.55e-02	9.03e-01	3.16e-02	1.23e-04	2.23e-06	0.00e+00	0.00e+00	0.00e+00
 7.69764e+22	6.82e-02	9.02e-01	2.95e-02	1.13e-04	1.98e-06	0.00e+00	0.00e+00	0.00e+00
 7.70330e+22	7.12e-02	9.01e-01	2.75e-02	1.03e-04	1.76e-06	0.00e+00	0.00e+00	0.00e+00
 7.70898e+22	7.43e-02	9.00e-01	2.56e-02	9.44e-05	1.56e-06	0.00e+00	0.00e+00	0.00e+00
 7.71459e+22	7.76e-02	8.98e-01	2.38e-02	8.65e-05	1.38e-06	0.00e+00	0.00e+00	0.00e+00
 7.72012e+22	8.11e-02	8.97e-01	2.22e-02	7.94e-05	1.22e-06	0.00e+00	0.00e+00	0.00e+00
 7.72559e+22	8.47e-02	8.95e-01	2.06e-02	7.30e-05	1.09e-06	0.00e+00	0.00e+00	0.00e+00
 7.73105e+22	8.85e-02	8.92e-01	1.92e-02	6.72e-05	9.60e-07	0.00e+00	0.00e+00	0.00e+00
 7.73649e+22	9.24e-02	8.90e-01	1.78e-02	6.21e-05	8.53e-07	0.00e+00	0.00e+00	0.00e+00
 7.74207e+22	9.68e-02	8.87e-01	1.65e-02	5.71e-05	7.51e-07	0.00e+00	0.00e+00	0.00e+00
 7.74770e+22	1.02e-01	8.83e-01	1.52e-02	5.25e-05	6.58e-07	0.00e+00	0.00e+00	0.00e+00
 7.75299e+22	1.07e-01	8.79e-01	1.41e-02	4.85e-05	5.81e-07	0.00e+00	0.00e+00	0.00e+00
 7.75795e+22	1.11e-01	8.75e-01	1.31e-02	4.52e-05	5.18e-07	0.00e+00	0.00e+00	0.00e+00
 7.76294e+22	1.16e-01	8.72e-01	1.22e-02	4.22e-05	4.62e-07	0.00e+00	0.00e+00	0.00e+00
 7.76853e+22	1.22e-01	8.66e-01	1.12e-02	3.89e-05	4.03e-07	0.00e+00	0.00e+00	0.00e+00
 7.77421e+22	1.29e-01	8.61e-01	1.03e-02	3.60e-05	3.54e-07	0.00e+00	0.00e+00	0.00e+00
 7.77950e+22	1.35e-01	8.56e-01	9.52e-03	3.35e-05	3.12e-07	0.00e+00	0.00e+00	0.00e+00
 7.78476e+22	1.42e-01	8.49e-01	8.77e-03	3.12e-05	2.74e-07	0.00e+00	0.00e+00	0.00e+00
 7.78993e+22	1.48e-01	8.44e-01	8.11e-03	2.91e-05	2.43e-07	0.00e+00	0.00e+00	0.00e+00
 7.79525e+22	1.56e-01	8.36e-01	7.43e-03	2.71e-05	2.13e-07	0.00e+00	0.00e+00	0.00e+00
 7.80061e+22	1.64e-01	8.29e-01	6.84e-03	2.54e-05	1.88e-07	0.00e+00	0.00e+00	0.00e+00
 7.80597e+22	1.72e-01	8.21e-01	6.27e-03	2.37e-05	1.65e-07	0.00e+00	0.00e+00	0.00e+00
 7.81148e+22	1.81e-01	8.13e-01	5.73e-03	2.21e-05	1.44e-07	0.00e+00	0.00e+00	0.00e+00
 7.81682e+22	1.91e-01	8.04e-01	5.26e-03	2.08e-05	1.27e-07	0.00e+00	0.00e+00	0.00e+00
 7.82217e+22	2.00e-01	7.95e-01	4.81e-03	1.95e-05	0.00e+00	0.00e+00	0.00e+00	0.00e+00
 7.82774e+22	2.11e-01	7.85e-01	4.39e-03	1.83e-05	0.00e+00	0.00e+00	0.00e+00	0.00e+00
 7.83345e+22	2.21e-01	7.75e-01	3.99e-03	1.71e-05	0.00e+00	0.00e+00	0.00e+00	0.00e+00
 7.83929e+22	2.33e-01	7.63e-01	3.62e-03	1.60e-05	0.00e+00	0.00e+00	0.00e+00	0.00e+00
 7.84510e+22	2.45e-01	7.51e-01	3.28e-03	1.50e-05	0.00e+00	0.00e+00	0.00e+00	0.00e+00
 7.85088e+22	2.58e-01	7.39e-01	2.98e-03	1.41e-05	0.00e+00	0.00e+00	0.00e+00	0.00e+00
 7.85692e+22	2.71e-01	7.26e-01	2.69e-03	1.33e-05	0.00e+00	0.00e+00	0.00e+00	0.00e+00
 7.86325e+22	2.86e-01	7.12e-01	2.41e-03	1.24e-05	0.00e+00	0.00e+00	0.00e+00	0.00e+00
 7.86962e+22	3.00e-01	6.97e-01	2.17e-03	1.17e-05	0.00e+00	0.00e+00	0.00e+00	0.00e+00
 7.87535e+22	3.14e-01	6.84e-01	1.97e-03	1.10e-05	0.00e+00	0.00e+00	0.00e+00	0.00e+00
 7.88028e+22	3.25e-01	6.73e-01	1.81e-03	1.05e-05	0.00e+00	0.00e+00	0.00e+00	0.00e+00
 7.88530e+22	3.38e-01	6.61e-01	1.66e-03	1.01e-05	0.00e+00	0.00e+00	0.00e+00	0.00e+00
 7.89083e+22	3.52e-01	6.47e-01	1.51e-03	9.54e-06	0.00e+00	0.00e+00	0.00e+00	0.00e+00
 7.89643e+22	3.65e-01	6.33e-01	1.37e-03	9.07e-06	0.00e+00	0.00e+00	0.00e+00	0.00e+00
 7.90195e+22	3.79e-01	6.20e-01	1.25e-03	8.63e-06	0.00e+00	0.00e+00	0.00e+00	0.00e+00
 7.90767e+22	3.94e-01	6.05e-01	1.13e-03	8.20e-06	0.00e+00	0.00e+00	0.00e+00	0.00e+00
 7.91357e+22	4.09e-01	5.90e-01	1.03e-03	7.78e-06	0.00e+00	0.00e+00	0.00e+00	0.00e+00
 7.91942e+22	4.23e-01	5.76e-01	9.30e-04	7.40e-06	0.00e+00	0.00e+00	0.00e+00	0.00e+00
 7.92534e+22	4.38e-01	5.61e-01	8.41e-04	7.03e-06	0.00e+00	0.00e+00	0.00e+00	0.00e+00
 7.93147e+22	4.54e-01	5.46e-01	7.59e-04	6.67e-06	0.00e+00	0.00e+00	0.00e+00	0.00e+00
 7.93782e+22	4.70e-01	5.30e-01	6.82e-04	6.32e-06	0.00e+00	0.00e+00	0.00e+00	0.00e+00
 7.94421e+22	4.85e-01	5.14e-01	6.13e-04	6.00e-06	0.00e+00	0.00e+00	0.00e+00	0.00e+00
 7.95062e+22	5.01e-01	4.98e-01	5.52e-04	5.69e-06	0.00e+00	0.00e+00	0.00e+00	0.00e+00
 7.95721e+22	5.17e-01	4.82e-01	4.95e-04	5.39e-06	0.00e+00	0.00e+00	0.00e+00	0.00e+00
 7.96402e+22	5.33e-01	4.66e-01	4.43e-04	5.10e-06	0.00e+00	0.00e+00	0.00e+00	0.00e+00
 7.97096e+22	5.50e-01	4.50e-01	3.96e-04	4.83e-06	0.00e+00	0.00e+00	0.00e+00	0.00e+00
 7.97799e+22	5.66e-01	4.34e-01	3.55e-04	4.57e-06	0.00e+00	0.00e+00	0.00e+00	0.00e+00
 7.98515e+22	5.82e-01	4.18e-01	3.17e-04	4.32e-06	0.00e+00	0.00e+00	0.00e+00	0.00e+00
 7.99252e+22	5.98e-01	4.02e-01	2.83e-04	4.08e-06	0.00e+00	0.00e+00	0.00e+00	0.00e+00
 8.00008e+22	6.14e-01	3.86e-01	2.53e-04	3.85e-06	0.00e+00	0.00e+00	0.00e+00	0.00e+00
 8.00782e+22	6.30e-01	3.70e-01	2.26e-04	3.63e-06	0.00e+00	0.00e+00	0.00e+00	0.00e+00
 8.01572e+22	6.45e-01	3.55e-01	2.02e-04	3.43e-06	0.00e+00	0.00e+00	0.00e+00	0.00e+00
 8.02383e+22	6.60e-01	3.39e-01	1.80e-04	3.23e-06	0.00e+00	0.00e+00	0.00e+00	0.00e+00
 8.03220e+22	6.76e-01	3.24e-01	1.61e-04	3.04e-06	0.00e+00	0.00e+00	0.00e+00	0.00e+00
 8.04082e+22	6.91e-01	3.09e-01	1.44e-04	2.86e-06	0.00e+00	0.00e+00	0.00e+00	0.00e+00
 8.04967e+22	7.05e-01	2.95e-01	1.29e-04	2.69e-06	0.00e+00	0.00e+00	0.00e+00	0.00e+00
 8.05867e+22	7.19e-01	2.81e-01	1.16e-04	2.54e-06	0.00e+00	0.00e+00	0.00e+00	0.00e+00
 8.06782e+22	7.32e-01	2.68e-01	1.05e-04	2.39e-06	0.00e+00	0.00e+00	0.00e+00	0.00e+00
 8.07712e+22	7.45e-01	2.55e-01	9.48e-05	2.25e-06	0.00e+00	0.00e+00	0.00e+00	0.00e+00
 8.08664e+22	7.58e-01	2.42e-01	8.59e-05	2.12e-06	0.00e+00	0.00e+00	0.00e+00	0.00e+00
 8.09654e+22	7.70e-01	2.30e-01	7.80e-05	2.00e-06	0.00e+00	0.00e+00	0.00e+00	0.00e+00
 8.10683e+22	7.82e-01	2.18e-01	7.10e-05	1.89e-06	0.00e+00	0.00e+00	0.00e+00	0.00e+00
 8.11716e+22	7.93e-01	2.07e-01	6.51e-05	1.78e-06	0.00e+00	0.00e+00	0.00e+00	0.00e+00
 8.12750e+22	8.04e-01	1.96e-01	6.00e-05	1.68e-06	0.00e+00	0.00e+00	0.00e+00	0.00e+00
 8.13842e+22	8.14e-01	1.86e-01	5.53e-05	1.59e-06	0.00e+00	0.00e+00	0.00e+00	0.00e+00
 8.14990e+22	8.24e-01	1.76e-01	5.10e-05	1.50e-06	0.00e+00	0.00e+00	0.00e+00	0.00e+00
 8.16154e+22	8.34e-01	1.66e-01	4.73e-05	1.41e-06	0.00e+00	0.00e+00	0.00e+00	0.00e+00
 8.17347e+22	8.43e-01	1.56e-01	4.39e-05	1.34e-06	0.00e+00	0.00e+00	0.00e+00	0.00e+00
 8.18589e+22	8.53e-01	1.47e-01	4.09e-05	1.26e-06	0.00e+00	0.00e+00	0.00e+00	0.00e+00
 8.19874e+22	8.62e-01	1.38e-01	3.82e-05	1.19e-06	0.00e+00	0.00e+00	0.00e+00	0.00e+00
 8.21156e+22	8.70e-01	1.30e-01	3.58e-05	1.12e-06	0.00e+00	0.00e+00	0.00e+00	0.00e+00
 8.22373e+22	8.78e-01	1.22e-01	3.39e-05	1.07e-06	0.00e+00	0.00e+00	0.00e+00	0.00e+00
 8.23525e+22	8.84e-01	1.16e-01	3.22e-05	1.02e-06	0.00e+00	0.00e+00	0.00e+00	0.00e+00
 8.24639e+22	8.90e-01	1.10e-01	3.08e-05	9.69e-07	0.00e+00	0.00e+00	0.00e+00	0.00e+00
 8.25720e+22	8.96e-01	1.04e-01	2.94e-05	9.27e-07	0.00e+00	0.00e+00	0.00e+00	0.00e+00
 8.26765e+22	9.01e-01	9.86e-02	2.83e-05	8.88e-07	0.00e+00	0.00e+00	0.00e+00	0.00e+00
 8.27771e+22	9.06e-01	9.36e-02	2.73e-05	8.52e-07	0.00e+00	0.00e+00	0.00e+00	0.00e+00
 8.28725e+22	9.11e-01	8.91e-02	2.63e-05	8.21e-07	0.00e+00	0.00e+00	0.00e+00	0.00e+00
 8.29630e+22	9.15e-01	8.49e-02	2.55e-05	7.92e-07	0.00e+00	0.00e+00	0.00e+00	0.00e+00
 8.30478e+22	9.19e-01	8.12e-02	2.48e-05	7.66e-07	0.00e+00	0.00e+00	0.00e+00	0.00e+00
 8.31299e+22	9.22e-01	7.76e-02	2.42e-05	7.42e-07	0.00e+00	0.00e+00	0.00e+00	0.00e+00
 8.32117e+22	9.26e-01	7.42e-02	2.35e-05	7.19e-07	0.00e+00	0.00e+00	0.00e+00	0.00e+00
 8.32908e+22	9.29e-01	7.11e-02	2.30e-05	6.97e-07	0.00e+00	0.00e+00	0.00e+00	0.00e+00
 8.33669e+22	9.32e-01	6.82e-02	2.25e-05	6.78e-07	0.00e+00	0.00e+00	0.00e+00	0.00e+00
 8.34401e+22	9.34e-01	6.55e-02	2.20e-05	6.61e-07	0.00e+00	0.00e+00	0.00e+00	0.00e+00
 8.35107e+22	9.37e-01	6.30e-02	2.16e-05	6.45e-07	0.00e+00	0.00e+00	0.00e+00	0.00e+00
 8.35790e+22	9.39e-01	6.07e-02	2.12e-05	6.31e-07	0.00e+00	0.00e+00	0.00e+00	0.00e+00
 8.36449e+22	9.41e-01	5.86e-02	2.08e-05	6.18e-07	0.00e+00	0.00e+00	0.00e+00	0.00e+00
 8.37085e+22	9.43e-01	5.66e-02	2.05e-05	6.06e-07	0.00e+00	0.00e+00	0.00e+00	0.00e+00
 8.37699e+22	9.45e-01	5.48e-02	2.01e-05	5.96e-07	0.00e+00	0.00e+00	0.00e+00	0.00e+00
 8.38290e+22	9.47e-01	5.31e-02	1.99e-05	5.87e-07	0.00e+00	0.00e+00	0.00e+00	0.00e+00
 8.38862e+22	9.48e-01	5.16e-02	1.96e-05	5.79e-07	0.00e+00	0.00e+00	0.00e+00	0.00e+00
 8.39413e+22	9.50e-01	5.02e-02	1.93e-05	5.73e-07	0.00e+00	0.00e+00	0.00e+00	0.00e+00
 8.39931e+22	9.51e-01	4.90e-02	1.91e-05	5.68e-07	0.00e+00	0.00e+00	0.00e+00	0.00e+00
 8.40402e+22	9.52e-01	4.79e-02	1.89e-05	5.65e-07	0.00e+00	0.00e+00	0.00e+00	0.00e+00
 8.40830e+22	9.53e-01	4.70e-02	1.88e-05	5.62e-07	0.00e+00	0.00e+00	0.00e+00	0.00e+00
 8.41220e+22	9.54e-01	4.63e-02	1.86e-05	5.61e-07	0.00e+00	0.00e+00	0.00e+00	0.00e+00
 8.41575e+22	9.54e-01	4.56e-02	1.85e-05	5.60e-07	0.00e+00	0.00e+00	0.00e+00	0.00e+00
 8.41898e+22	9.55e-01	4.50e-02	1.84e-05	5.60e-07	0.00e+00	0.00e+00	0.00e+00	0.00e+00
 8.42191e+22	9.55e-01	4.45e-02	1.83e-05	5.60e-07	0.00e+00	0.00e+00	0.00e+00	0.00e+00
 8.42513e+22	9.56e-01	4.39e-02	1.81e-05	5.60e-07	0.00e+00	0.00e+00	0.00e+00	0.00e+00
 8.42861e+22	9.57e-01	4.33e-02	1.80e-05	5.60e-07	0.00e+00	0.00e+00	0.00e+00	0.00e+00
 8.43177e+22	9.57e-01	4.29e-02	1.79e-05	5.60e-07	0.00e+00	0.00e+00	0.00e+00	0.00e+00
 8.43524e+22	9.58e-01	4.23e-02	1.78e-05	5.60e-07	0.00e+00	0.00e+00	0.00e+00	0.00e+00
 8.43898e+22	9.58e-01	4.18e-02	1.77e-05	5.61e-07	0.00e+00	0.00e+00	0.00e+00	0.00e+00
 8.44238e+22	9.59e-01	4.13e-02	1.76e-05	5.62e-07	0.00e+00	0.00e+00	0.00e+00	0.00e+00
 8.44548e+22	9.59e-01	4.10e-02	1.75e-05	5.65e-07	0.00e+00	0.00e+00	0.00e+00	0.00e+00
 8.44830e+22	9.59e-01	4.07e-02	1.74e-05	5.67e-07	0.00e+00	0.00e+00	0.00e+00	0.00e+00
 8.45087e+22	9.60e-01	4.04e-02	1.73e-05	5.69e-07	0.00e+00	0.00e+00	0.00e+00	0.00e+00
 8.45368e+22	9.60e-01	4.01e-02	1.72e-05	5.72e-07	0.00e+00	0.00e+00	0.00e+00	0.00e+00
 8.45671e+22	9.60e-01	3.98e-02	1.71e-05	5.72e-07	0.00e+00	0.00e+00	0.00e+00	0.00e+00
 8.46004e+22	9.61e-01	3.94e-02	1.70e-05	5.72e-07	0.00e+00	0.00e+00	0.00e+00	0.00e+00
 8.46363e+22	9.61e-01	3.90e-02	1.69e-05	5.73e-07	0.00e+00	0.00e+00	0.00e+00	0.00e+00
 8.46690e+22	9.61e-01	3.88e-02	1.68e-05	5.77e-07	0.00e+00	0.00e+00	0.00e+00	0.00e+00
 8.46987e+22	9.61e-01	3.85e-02	1.68e-05	5.75e-07	0.00e+00	0.00e+00	0.00e+00	0.00e+00
 8.47313e+22	9.62e-01	3.82e-02	1.67e-05	5.77e-07	0.00e+00	0.00e+00	0.00e+00	0.00e+00
 8.47665e+22	9.62e-01	3.79e-02	1.66e-05	5.79e-07	0.00e+00	0.00e+00	0.00e+00	0.00e+00
 8.47985e+22	9.62e-01	3.76e-02	1.65e-05	5.80e-07	0.00e+00	0.00e+00	0.00e+00	0.00e+00
 8.48336e+22	9.63e-01	3.73e-02	1.64e-05	5.82e-07	0.00e+00	0.00e+00	0.00e+00	0.00e+00
 8.48714e+22	9.63e-01	3.70e-02	1.63e-05	5.84e-07	0.00e+00	0.00e+00	0.00e+00	0.00e+00
 8.49059e+22	9.63e-01	3.68e-02	1.62e-05	5.86e-07	0.00e+00	0.00e+00	0.00e+00	0.00e+00
 8.49437e+22	9.63e-01	3.65e-02	1.61e-05	5.89e-07	0.00e+00	0.00e+00	0.00e+00	0.00e+00
 8.49844e+22	9.64e-01	3.62e-02	1.60e-05	5.91e-07	0.00e+00	0.00e+00	0.00e+00	0.00e+00
 8.50215e+22	9.64e-01	3.60e-02	1.59e-05	5.94e-07	0.00e+00	0.00e+00	0.00e+00	0.00e+00
 8.50553e+22	9.64e-01	3.58e-02	1.59e-05	5.98e-07	0.00e+00	0.00e+00	0.00e+00	0.00e+00
 8.50860e+22	9.64e-01	3.56e-02	1.59e-05	6.02e-07	0.00e+00	0.00e+00	0.00e+00	0.00e+00
 8.51140e+22	9.64e-01	3.55e-02	1.58e-05	6.05e-07	0.00e+00	0.00e+00	0.00e+00	0.00e+00
 8.51446e+22	9.65e-01	3.53e-02	1.58e-05	6.09e-07	0.00e+00	0.00e+00	0.00e+00	0.00e+00
 8.51777e+22	9.65e-01	3.51e-02	1.58e-05	6.12e-07	0.00e+00	0.00e+00	0.00e+00	0.00e+00
 8.52078e+22	9.65e-01	3.50e-02	1.57e-05	6.19e-07	0.00e+00	0.00e+00	0.00e+00	0.00e+00
 8.52352e+22	9.65e-01	3.48e-02	1.57e-05	6.18e-07	0.00e+00	0.00e+00	0.00e+00	0.00e+00
 8.52652e+22	9.65e-01	3.46e-02	1.57e-05	6.22e-07	0.00e+00	0.00e+00	0.00e+00	0.00e+00
 8.52976e+22	9.66e-01	3.44e-02	1.56e-05	6.25e-07	0.00e+00	0.00e+00	0.00e+00	0.00e+00
 8.53271e+22	9.66e-01	3.43e-02	1.56e-05	6.31e-07	0.00e+00	0.00e+00	0.00e+00	0.00e+00
 8.53539e+22	9.66e-01	3.42e-02	1.56e-05	6.31e-07	0.00e+00	0.00e+00	0.00e+00	0.00e+00
 8.53833e+22	9.66e-01	3.40e-02	1.55e-05	6.36e-07	0.00e+00	0.00e+00	0.00e+00	0.00e+00
 8.54150e+22	9.66e-01	3.38e-02	1.55e-05	6.35e-07	0.00e+00	0.00e+00	0.00e+00	0.00e+00
 8.54498e+22	9.66e-01	3.36e-02	1.54e-05	6.38e-07	0.00e+00	0.00e+00	0.00e+00	0.00e+00
 8.54873e+22	9.67e-01	3.33e-02	1.54e-05	6.41e-07	0.00e+00	0.00e+00	0.00e+00	0.00e+00
 8.55215e+22	9.67e-01	3.31e-02	1.54e-05	6.43e-07	0.00e+00	0.00e+00	0.00e+00	0.00e+00
 8.55526e+22	9.67e-01	3.30e-02	1.53e-05	6.49e-07	0.00e+00	0.00e+00	0.00e+00	0.00e+00
 8.55809e+22	9.67e-01	3.29e-02	1.53e-05	6.50e-07	0.00e+00	0.00e+00	0.00e+00	0.00e+00
 8.56119e+22	9.67e-01	3.27e-02	1.53e-05	6.50e-07	0.00e+00	0.00e+00	0.00e+00	0.00e+00
 8.56522e+22	9.68e-01	3.24e-02	1.52e-05	6.50e-07	0.00e+00	0.00e+00	0.00e+00	0.00e+00
 8.56957e+22	9.68e-01	3.21e-02	1.51e-05	6.51e-07	0.00e+00	0.00e+00	0.00e+00	0.00e+00
 8.57353e+22	9.68e-01	3.18e-02	1.51e-05	6.49e-07	0.00e+00	0.00e+00	0.00e+00	0.00e+00
 8.57787e+22	9.68e-01	3.16e-02	1.50e-05	6.50e-07	0.00e+00	0.00e+00	0.00e+00	0.00e+00
 8.58256e+22	9.69e-01	3.13e-02	1.50e-05	6.51e-07	0.00e+00	0.00e+00	0.00e+00	0.00e+00
 8.58682e+22	9.69e-01	3.10e-02	1.49e-05	6.51e-07	0.00e+00	0.00e+00	0.00e+00	0.00e+00
 8.59070e+22	9.69e-01	3.09e-02	1.49e-05	6.54e-07	0.00e+00	0.00e+00	0.00e+00	0.00e+00
 8.59423e+22	9.69e-01	3.07e-02	1.48e-05	6.54e-07	0.00e+00	0.00e+00	0.00e+00	0.00e+00
 8.59810e+22	9.70e-01	3.04e-02	1.47e-05	6.52e-07	0.00e+00	0.00e+00	0.00e+00	0.00e+00
 8.60227e+22	9.70e-01	3.02e-02	1.47e-05	6.52e-07	0.00e+00	0.00e+00	0.00e+00	0.00e+00
 8.60607e+22	9.70e-01	3.00e-02	1.46e-05	6.53e-07	0.00e+00	0.00e+00	0.00e+00	0.00e+00
 8.60953e+22	9.70e-01	2.98e-02	1.46e-05	6.52e-07	0.00e+00	0.00e+00	0.00e+00	0.00e+00
 8.61332e+22	9.70e-01	2.96e-02	1.45e-05	6.52e-07	0.00e+00	0.00e+00	0.00e+00	0.00e+00
 8.61741e+22	9.71e-01	2.94e-02	1.45e-05	6.52e-07	0.00e+00	0.00e+00	0.00e+00	0.00e+00
 8.62114e+22	9.71e-01	2.92e-02	1.44e-05	6.50e-07	0.00e+00	0.00e+00	0.00e+00	0.00e+00
 8.62522e+22	9.71e-01	2.89e-02	1.44e-05	6.50e-07	0.00e+00	0.00e+00	0.00e+00	0.00e+00
 8.62962e+22	9.71e-01	2.87e-02	1.43e-05	6.49e-07	0.00e+00	0.00e+00	0.00e+00	0.00e+00
 8.63363e+22	9.72e-01	2.85e-02	1.43e-05	6.47e-07	0.00e+00	0.00e+00	0.00e+00	0.00e+00
 8.63802e+22	9.72e-01	2.82e-02	1.42e-05	6.46e-07	0.00e+00	0.00e+00	0.00e+00	0.00e+00
 8.64276e+22	9.72e-01	2.79e-02	1.41e-05	6.44e-07	0.00e+00	0.00e+00	0.00e+00	0.00e+00
 8.64707e+22	9.72e-01	2.77e-02	1.41e-05	6.45e-07	0.00e+00	0.00e+00	0.00e+00	0.00e+00
 8.65100e+22	9.72e-01	2.75e-02	1.40e-05	6.42e-07	0.00e+00	0.00e+00	0.00e+00	0.00e+00
 8.65530e+22	9.73e-01	2.73e-02	1.40e-05	6.40e-07	0.00e+00	0.00e+00	0.00e+00	0.00e+00
 8.65995e+22	9.73e-01	2.70e-02	1.39e-05	6.40e-07	0.00e+00	0.00e+00	0.00e+00	0.00e+00
 8.66417e+22	9.73e-01	2.68e-02	1.38e-05	6.36e-07	0.00e+00	0.00e+00	0.00e+00	0.00e+00
 8.66881e+22	9.73e-01	2.65e-02	1.38e-05	6.33e-07	0.00e+00	0.00e+00	0.00e+00	0.00e+00
 8.67381e+22	9.74e-01	2.62e-02	1.37e-05	6.32e-07	0.00e+00	0.00e+00	0.00e+00	0.00e+00
 8.67836e+22	9.74e-01	2.60e-02	1.37e-05	6.28e-07	0.00e+00	0.00e+00	0.00e+00	0.00e+00
 8.68334e+22	9.74e-01	2.57e-02	1.36e-05	6.25e-07	0.00e+00	0.00e+00	0.00e+00	0.00e+00
 8.68873e+22	9.75e-01	2.54e-02	1.35e-05	6.21e-07	0.00e+00	0.00e+00	0.00e+00	0.00e+00
 8.69362e+22	9.75e-01	2.52e-02	1.34e-05	6.19e-07	0.00e+00	0.00e+00	0.00e+00	0.00e+00
 8.69808e+22	9.75e-01	2.50e-02	1.34e-05	6.17e-07	0.00e+00	0.00e+00	0.00e+00	0.00e+00
 8.70297e+22	9.75e-01	2.47e-02	1.33e-05	6.13e-07	0.00e+00	0.00e+00	0.00e+00	0.00e+00
 8.70824e+22	9.76e-01	2.44e-02	1.33e-05	6.11e-07	0.00e+00	0.00e+00	0.00e+00	0.00e+00
 8.71304e+22	9.76e-01	2.42e-02	1.32e-05	6.06e-07	0.00e+00	0.00e+00	0.00e+00	0.00e+00
 8.71830e+22	9.76e-01	2.39e-02	1.31e-05	6.01e-07	0.00e+00	0.00e+00	0.00e+00	0.00e+00
 8.72397e+22	9.76e-01	2.36e-02	1.30e-05	5.98e-07	0.00e+00	0.00e+00	0.00e+00	0.00e+00
 8.72914e+22	9.77e-01	2.34e-02	1.30e-05	5.93e-07	0.00e+00	0.00e+00	0.00e+00	0.00e+00
 8.73480e+22	9.77e-01	2.31e-02	1.29e-05	5.87e-07	0.00e+00	0.00e+00	0.00e+00	0.00e+00
 8.74091e+22	9.77e-01	2.28e-02	1.28e-05	5.83e-07	0.00e+00	0.00e+00	0.00e+00	0.00e+00
 8.74647e+22	9.77e-01	2.25e-02	1.27e-05	5.78e-07	0.00e+00	0.00e+00	0.00e+00	0.00e+00
 8.75257e+22	9.78e-01	2.22e-02	1.26e-05	5.71e-07	0.00e+00	0.00e+00	0.00e+00	0.00e+00
 8.75915e+22	9.78e-01	2.19e-02	1.25e-05	5.65e-07	0.00e+00	0.00e+00	0.00e+00	0.00e+00
 8.76513e+22	9.78e-01	2.16e-02	1.25e-05	5.61e-07	0.00e+00	0.00e+00	0.00e+00	0.00e+00
 8.77058e+22	9.79e-01	2.14e-02	1.24e-05	5.57e-07	0.00e+00	0.00e+00	0.00e+00	0.00e+00
 8.77655e+22	9.79e-01	2.11e-02	1.23e-05	5.50e-07	0.00e+00	0.00e+00	0.00e+00	0.00e+00
 8.78300e+22	9.79e-01	2.08e-02	1.22e-05	5.45e-07	0.00e+00	0.00e+00	0.00e+00	0.00e+00
 8.78886e+22	9.79e-01	2.06e-02	1.21e-05	5.39e-07	0.00e+00	0.00e+00	0.00e+00	0.00e+00
 8.79529e+22	9.80e-01	2.02e-02	1.20e-05	5.31e-07	0.00e+00	0.00e+00	0.00e+00	0.00e+00
 8.80223e+22	9.80e-01	1.99e-02	1.20e-05	5.26e-07	0.00e+00	0.00e+00	0.00e+00	0.00e+00
 8.80854e+22	9.80e-01	1.97e-02	1.19e-05	5.20e-07	0.00e+00	0.00e+00	0.00e+00	0.00e+00
 8.81546e+22	9.81e-01	1.93e-02	1.18e-05	5.11e-07	0.00e+00	0.00e+00	0.00e+00	0.00e+00
 8.82293e+22	9.81e-01	1.90e-02	1.17e-05	5.05e-07	0.00e+00	0.00e+00	0.00e+00	0.00e+00
 8.82972e+22	9.81e-01	1.88e-02	1.16e-05	4.98e-07	0.00e+00	0.00e+00	0.00e+00	0.00e+00
 8.83717e+22	9.82e-01	1.84e-02	1.15e-05	4.89e-07	0.00e+00	0.00e+00	0.00e+00	0.00e+00
 8.84521e+22	9.82e-01	1.81e-02	1.14e-05	4.83e-07	0.00e+00	0.00e+00	0.00e+00	0.00e+00
 8.85253e+22	9.82e-01	1.79e-02	1.13e-05	4.76e-07	0.00e+00	0.00e+00	0.00e+00	0.00e+00
 8.86047e+22	9.83e-01	1.75e-02	1.12e-05	4.66e-07	0.00e+00	0.00e+00	0.00e+00	0.00e+00
 8.86896e+22	9.83e-01	1.72e-02	1.11e-05	4.58e-07	0.00e+00	0.00e+00	0.00e+00	0.00e+00
 8.87670e+22	9.83e-01	1.69e-02	1.10e-05	4.52e-07	0.00e+00	0.00e+00	0.00e+00	0.00e+00
 8.88373e+22	9.83e-01	1.67e-02	1.09e-05	4.46e-07	0.00e+00	0.00e+00	0.00e+00	0.00e+00
 8.89144e+22	9.84e-01	1.64e-02	1.08e-05	4.36e-07	0.00e+00	0.00e+00	0.00e+00	0.00e+00
 8.89977e+22	9.84e-01	1.61e-02	1.07e-05	4.29e-07	0.00e+00	0.00e+00	0.00e+00	0.00e+00
 8.90735e+22	9.84e-01	1.59e-02	1.06e-05	4.23e-07	0.00e+00	0.00e+00	0.00e+00	0.00e+00
