#depth	O	O+	O+2	O+3	O+4	O+5	O+6	O+7	O+8	O[1]	O[2]	O[3]
 4.62852e+21	1.02e-22	2.11e-17	2.66e-13	3.43e-10	9.34e-08	1.03e-05	6.23e-03	1.58e-01	8.36e-01	0.00e+00	0.00e+00	0.00e+00
 1.02925e+22	6.17e-21	7.42e-16	5.63e-12	4.45e-09	7.11e-07	4.38e-05	1.54e-02	2.34e-01	7.50e-01	0.00e+00	0.00e+00	0.00e+00
 1.17986e+22	3.03e-20	2.96e-15	1.85e-11	1.22e-08	1.59e-06	7.80e-05	2.21e-02	2.71e-01	7.06e-01	0.00e+00	0.00e+00	0.00e+00
 1.25046e+22	6.42e-20	5.71e-15	3.26e-11	1.96e-08	2.33e-06	1.03e-04	2.62e-02	2.90e-01	6.83e-01	0.00e+00	0.00e+00	0.00e+00
 1.28013e+22	7.75e-20	6.72e-15	3.75e-11	2.21e-08	2.57e-06	1.10e-04	2.73e-02	2.95e-01	6.77e-01	0.00e+00	0.00e+00	0.00e+00
 1.29423e+22	9.96e-20	8.36e-15	4.53e-11	2.59e-08	2.92e-06	1.21e-04	2.89e-02	3.02e-01	6.69e-01	0.00e+00	0.00e+00	0.00e+00
 1.30892e+22	1.23e-19	1.00e-14	5.29e-11	2.96e-08	3.25e-06	1.30e-04	3.03e-02	3.07e-01	6.62e-01	0.00e+00	0.00e+00	0.00e+00
 1.32437e+22	1.58e-19	1.25e-14	6.39e-11	3.47e-08	3.69e-06	1.43e-04	3.21e-02	3.14e-01	6.54e-01	0.00e+00	0.00e+00	0.00e+00
 1.34036e+22	1.98e-19	1.52e-14	7.59e-11	4.01e-08	4.15e-06	1.55e-04	3.38e-02	3.20e-01	6.46e-01	0.00e+00	0.00e+00	0.00e+00
 1.35444e+22	2.41e-19	1.81e-14	8.80e-11	4.55e-08	4.59e-06	1.67e-04	3.53e-02	3.25e-01	6.39e-01	0.00e+00	0.00e+00	0.00e+00
 1.37013e+22	3.13e-19	2.27e-14	1.07e-10	5.38e-08	5.26e-06	1.84e-04	3.74e-02	3.33e-01	6.30e-01	0.00e+00	0.00e+00	0.00e+00
 1.38613e+22	3.84e-19	2.71e-14	1.25e-10	6.12e-08	5.83e-06	1.98e-04	3.92e-02	3.38e-01	6.23e-01	0.00e+00	0.00e+00	0.00e+00
 1.40002e+22	4.65e-19	3.21e-14	1.45e-10	6.92e-08	6.44e-06	2.13e-04	4.09e-02	3.43e-01	6.15e-01	0.00e+00	0.00e+00	0.00e+00
 1.41556e+22	5.98e-19	4.00e-14	1.75e-10	8.13e-08	7.33e-06	2.34e-04	4.32e-02	3.50e-01	6.06e-01	0.00e+00	0.00e+00	0.00e+00
 1.43106e+22	7.27e-19	4.73e-14	2.02e-10	9.20e-08	8.10e-06	2.51e-04	4.51e-02	3.56e-01	5.99e-01	0.00e+00	0.00e+00	0.00e+00
 1.44650e+22	9.17e-19	5.80e-14	2.41e-10	1.07e-07	9.13e-06	2.74e-04	4.75e-02	3.62e-01	5.90e-01	0.00e+00	0.00e+00	0.00e+00
 1.46246e+22	1.12e-18	6.92e-14	2.80e-10	1.21e-07	1.01e-05	2.95e-04	4.97e-02	3.68e-01	5.82e-01	0.00e+00	0.00e+00	0.00e+00
 1.47673e+22	1.36e-18	8.20e-14	3.25e-10	1.38e-07	1.12e-05	3.17e-04	5.19e-02	3.73e-01	5.74e-01	0.00e+00	0.00e+00	0.00e+00
 1.49294e+22	1.73e-18	1.01e-13	3.89e-10	1.60e-07	1.26e-05	3.45e-04	5.46e-02	3.80e-01	5.65e-01	0.00e+00	0.00e+00	0.00e+00
 1.50964e+22	2.13e-18	1.21e-13	4.54e-10	1.83e-07	1.41e-05	3.73e-04	5.72e-02	3.86e-01	5.57e-01	0.00e+00	0.00e+00	0.00e+00
 1.52454e+22	2.59e-18	1.44e-13	5.27e-10	2.07e-07	1.55e-05	4.01e-04	5.97e-02	3.91e-01	5.49e-01	0.00e+00	0.00e+00	0.00e+00
 1.54145e+22	3.32e-18	1.78e-13	6.35e-10	2.42e-07	1.76e-05	4.39e-04	6.30e-02	3.98e-01	5.38e-01	0.00e+00	0.00e+00	0.00e+00
 1.55881e+22	4.05e-18	2.12e-13	7.37e-10	2.75e-07	1.95e-05	4.71e-04	6.57e-02	4.03e-01	5.30e-01	0.00e+00	0.00e+00	0.00e+00
 1.57374e+22	4.87e-18	2.49e-13	8.47e-10	3.09e-07	2.14e-05	5.04e-04	6.83e-02	4.08e-01	5.23e-01	0.00e+00	0.00e+00	0.00e+00
 1.59014e+22	6.09e-18	3.03e-13	1.00e-09	3.56e-07	2.40e-05	5.47e-04	7.17e-02	4.15e-01	5.13e-01	0.00e+00	0.00e+00	0.00e+00
 1.60705e+22	7.42e-18	3.60e-13	1.16e-09	4.04e-07	2.66e-05	5.87e-04	7.47e-02	4.20e-01	5.05e-01	0.00e+00	0.00e+00	0.00e+00
 1.62204e+22	8.92e-18	4.23e-13	1.34e-09	4.54e-07	2.92e-05	6.28e-04	7.77e-02	4.25e-01	4.97e-01	0.00e+00	0.00e+00	0.00e+00
 1.63894e+22	1.11e-17	5.13e-13	1.58e-09	5.22e-07	3.26e-05	6.80e-04	8.14e-02	4.30e-01	4.88e-01	0.00e+00	0.00e+00	0.00e+00
 1.65689e+22	1.38e-17	6.21e-13	1.86e-09	5.99e-07	3.64e-05	7.35e-04	8.51e-02	4.36e-01	4.78e-01	0.00e+00	0.00e+00	0.00e+00
 1.67304e+22	1.67e-17	7.32e-13	2.14e-09	6.75e-07	4.00e-05	7.87e-04	8.85e-02	4.41e-01	4.70e-01	0.00e+00	0.00e+00	0.00e+00
 1.69087e+22	2.13e-17	9.04e-13	2.57e-09	7.86e-07	4.52e-05	8.58e-04	9.30e-02	4.46e-01	4.60e-01	0.00e+00	0.00e+00	0.00e+00
 1.70963e+22	2.62e-17	1.08e-12	3.00e-09	8.95e-07	5.02e-05	9.23e-04	9.70e-02	4.51e-01	4.51e-01	2.62e-17	1.66e-27	1.75e-27
 1.72960e+22	3.42e-17	1.37e-12	3.67e-09	1.06e-06	5.74e-05	1.02e-03	1.02e-01	4.58e-01	4.39e-01	3.42e-17	5.52e-27	6.37e-27
 1.74958e+22	4.22e-17	1.64e-12	4.30e-09	1.21e-06	6.38e-05	1.09e-03	1.07e-01	4.62e-01	4.30e-01	4.22e-17	6.87e-27	7.93e-27
 1.76959e+22	5.45e-17	2.06e-12	5.22e-09	1.42e-06	7.26e-05	1.20e-03	1.12e-01	4.68e-01	4.18e-01	5.45e-17	9.00e-27	1.04e-26
 1.79013e+22	6.83e-17	2.51e-12	6.18e-09	1.64e-06	8.13e-05	1.30e-03	1.18e-01	4.73e-01	4.08e-01	6.83e-17	1.14e-26	1.31e-26
 1.80817e+22	8.40e-17	3.00e-12	7.22e-09	1.87e-06	9.02e-05	1.40e-03	1.22e-01	4.77e-01	3.99e-01	8.40e-17	1.42e-26	1.63e-26
 1.82842e+22	1.09e-16	3.76e-12	8.77e-09	2.20e-06	1.03e-04	1.53e-03	1.29e-01	4.82e-01	3.87e-01	1.09e-16	1.86e-26	2.14e-26
 1.84934e+22	1.37e-16	4.59e-12	1.04e-08	2.54e-06	1.15e-04	1.66e-03	1.35e-01	4.86e-01	3.77e-01	1.37e-16	2.36e-26	2.71e-26
 1.86799e+22	1.70e-16	5.55e-12	1.23e-08	2.91e-06	1.29e-04	1.79e-03	1.41e-01	4.90e-01	3.67e-01	1.70e-16	2.97e-26	3.40e-26
 1.88911e+22	2.22e-16	7.02e-12	1.50e-08	3.46e-06	1.48e-04	1.97e-03	1.48e-01	4.95e-01	3.55e-01	2.22e-16	3.94e-26	4.52e-26
 1.91084e+22	2.81e-16	8.63e-12	1.79e-08	4.02e-06	1.67e-04	2.15e-03	1.55e-01	4.98e-01	3.44e-01	2.81e-16	5.06e-26	5.78e-26
 1.93008e+22	3.49e-16	1.04e-11	2.11e-08	4.61e-06	1.86e-04	2.32e-03	1.62e-01	5.01e-01	3.35e-01	3.49e-16	6.36e-26	7.26e-26
 1.95183e+22	4.67e-16	1.34e-11	2.63e-08	5.56e-06	2.16e-04	2.58e-03	1.71e-01	5.05e-01	3.21e-01	4.67e-16	8.63e-26	9.84e-26
 1.97379e+22	5.83e-16	1.63e-11	3.11e-08	6.41e-06	2.42e-04	2.79e-03	1.78e-01	5.07e-01	3.11e-01	5.83e-16	1.09e-25	1.24e-25
 1.99605e+22	7.79e-16	2.10e-11	3.88e-08	7.74e-06	2.83e-04	3.11e-03	1.89e-01	5.10e-01	2.98e-01	7.79e-16	1.48e-25	1.69e-25
 2.01725e+22	9.47e-16	2.49e-11	4.50e-08	8.77e-06	3.13e-04	3.34e-03	1.96e-01	5.12e-01	2.89e-01	9.47e-16	1.83e-25	2.07e-25
 2.03709e+22	1.23e-15	3.12e-11	5.48e-08	1.04e-05	3.60e-04	3.68e-03	2.06e-01	5.14e-01	2.77e-01	1.23e-15	2.40e-25	2.72e-25
 2.05694e+22	1.48e-15	3.69e-11	6.34e-08	1.18e-05	3.97e-04	3.95e-03	2.13e-01	5.14e-01	2.68e-01	1.48e-15	2.94e-25	3.33e-25
 2.07681e+22	1.91e-15	4.61e-11	7.72e-08	1.39e-05	4.57e-04	4.36e-03	2.24e-01	5.15e-01	2.56e-01	1.91e-15	3.85e-25	4.36e-25
 2.09687e+22	2.32e-15	5.46e-11	8.95e-08	1.58e-05	5.07e-04	4.69e-03	2.32e-01	5.15e-01	2.47e-01	2.32e-15	4.74e-25	5.35e-25
 2.11718e+22	2.99e-15	6.82e-11	1.09e-07	1.88e-05	5.85e-04	5.18e-03	2.44e-01	5.15e-01	2.35e-01	2.99e-15	6.20e-25	6.99e-25
 2.13779e+22	3.64e-15	8.10e-11	1.27e-07	2.14e-05	6.51e-04	5.58e-03	2.53e-01	5.14e-01	2.26e-01	3.64e-15	7.64e-25	8.61e-25
 2.15880e+22	4.68e-15	1.01e-10	1.54e-07	2.54e-05	7.51e-04	6.18e-03	2.66e-01	5.13e-01	2.14e-01	4.68e-15	1.00e-24	1.13e-24
 2.18018e+22	5.71e-15	1.20e-10	1.80e-07	2.92e-05	8.42e-04	6.69e-03	2.76e-01	5.11e-01	2.05e-01	5.71e-15	1.24e-24	1.39e-24
 2.20205e+22	7.35e-15	1.50e-10	2.20e-07	3.48e-05	9.76e-04	7.43e-03	2.90e-01	5.08e-01	1.93e-01	7.35e-15	1.62e-24	1.82e-24
 2.22437e+22	8.96e-15	1.79e-10	2.58e-07	4.00e-05	1.10e-03	8.08e-03	3.01e-01	5.06e-01	1.84e-01	8.96e-15	2.01e-24	2.25e-24
 2.24726e+22	1.15e-14	2.24e-10	3.15e-07	4.79e-05	1.28e-03	9.00e-03	3.16e-01	5.01e-01	1.72e-01	1.15e-14	2.63e-24	2.95e-24
 2.27053e+22	1.40e-14	2.66e-10	3.69e-07	5.52e-05	1.44e-03	9.81e-03	3.28e-01	4.97e-01	1.63e-01	1.40e-14	3.25e-24	3.63e-24
 2.29349e+22	1.76e-14	3.26e-10	4.46e-07	6.54e-05	1.67e-03	1.09e-02	3.44e-01	4.91e-01	1.53e-01	1.76e-14	4.17e-24	4.65e-24
 2.31551e+22	2.07e-14	3.78e-10	5.11e-07	7.40e-05	1.85e-03	1.17e-02	3.55e-01	4.86e-01	1.45e-01	2.07e-14	5.00e-24	5.57e-24
 2.33711e+22	2.55e-14	4.55e-10	6.07e-07	8.68e-05	2.13e-03	1.30e-02	3.70e-01	4.80e-01	1.35e-01	2.55e-14	6.27e-24	6.97e-24
 2.35857e+22	2.97e-14	5.21e-10	6.90e-07	9.76e-05	2.35e-03	1.39e-02	3.81e-01	4.74e-01	1.28e-01	2.97e-14	7.41e-24	8.22e-24
 2.37985e+22	3.58e-14	6.18e-10	8.12e-07	1.14e-04	2.68e-03	1.53e-02	3.96e-01	4.66e-01	1.19e-01	3.58e-14	9.12e-24	1.01e-23
 2.40112e+22	4.12e-14	7.03e-10	9.17e-07	1.27e-04	2.95e-03	1.65e-02	4.08e-01	4.60e-01	1.13e-01	4.12e-14	1.07e-23	1.18e-23
 2.42240e+22	4.90e-14	8.23e-10	1.07e-06	1.47e-04	3.35e-03	1.80e-02	4.23e-01	4.51e-01	1.05e-01	4.90e-14	1.29e-23	1.43e-23
 2.44366e+22	5.58e-14	9.28e-10	1.20e-06	1.64e-04	3.68e-03	1.93e-02	4.34e-01	4.44e-01	9.92e-02	5.58e-14	1.50e-23	1.65e-23
 2.46490e+22	6.55e-14	1.08e-09	1.39e-06	1.88e-04	4.15e-03	2.11e-02	4.48e-01	4.34e-01	9.20e-02	6.55e-14	1.79e-23	1.97e-23
 2.48614e+22	7.39e-14	1.20e-09	1.55e-06	2.09e-04	4.54e-03	2.26e-02	4.59e-01	4.27e-01	8.68e-02	7.39e-14	2.05e-23	2.26e-23
 2.50740e+22	8.55e-14	1.38e-09	1.78e-06	2.38e-04	5.09e-03	2.46e-02	4.73e-01	4.17e-01	8.03e-02	8.55e-14	2.43e-23	2.67e-23
 2.52872e+22	9.57e-14	1.53e-09	1.97e-06	2.64e-04	5.55e-03	2.62e-02	4.84e-01	4.09e-01	7.56e-02	9.57e-14	2.76e-23	3.03e-23
 2.55014e+22	1.10e-13	1.75e-09	2.25e-06	3.00e-04	6.20e-03	2.85e-02	4.97e-01	3.98e-01	6.98e-02	1.10e-13	3.23e-23	3.55e-23
 2.57167e+22	1.22e-13	1.93e-09	2.49e-06	3.31e-04	6.74e-03	3.03e-02	5.07e-01	3.90e-01	6.56e-02	1.22e-13	3.66e-23	4.01e-23
 2.59337e+22	1.39e-13	2.19e-09	2.83e-06	3.75e-04	7.50e-03	3.28e-02	5.20e-01	3.79e-01	6.05e-02	1.39e-13	4.25e-23	4.66e-23
 2.61531e+22	1.54e-13	2.41e-09	3.13e-06	4.13e-04	8.15e-03	3.49e-02	5.30e-01	3.70e-01	5.67e-02	1.54e-13	4.79e-23	5.24e-23
 2.63755e+22	1.74e-13	2.72e-09	3.55e-06	4.68e-04	9.05e-03	3.78e-02	5.42e-01	3.58e-01	5.20e-02	1.74e-13	5.54e-23	6.05e-23
 2.66010e+22	1.92e-13	3.00e-09	3.93e-06	5.16e-04	9.80e-03	4.01e-02	5.52e-01	3.49e-01	4.86e-02	1.92e-13	6.24e-23	6.81e-23
 2.68304e+22	2.15e-13	3.38e-09	4.45e-06	5.84e-04	1.09e-02	4.34e-02	5.63e-01	3.37e-01	4.44e-02	2.15e-13	7.18e-23	7.83e-23
 2.70641e+22	2.38e-13	3.73e-09	4.92e-06	6.45e-04	1.18e-02	4.60e-02	5.72e-01	3.28e-01	4.14e-02	2.38e-13	8.11e-23	8.82e-23
 2.73034e+22	2.67e-13	4.19e-09	5.59e-06	7.31e-04	1.30e-02	4.98e-02	5.83e-01	3.16e-01	3.76e-02	2.67e-13	9.33e-23	1.01e-22
 2.75482e+22	2.96e-13	4.64e-09	6.21e-06	8.09e-04	1.41e-02	5.28e-02	5.91e-01	3.06e-01	3.49e-02	2.96e-13	1.06e-22	1.15e-22
 2.77567e+22	3.23e-13	5.07e-09	6.80e-06	8.85e-04	1.52e-02	5.57e-02	5.98e-01	2.97e-01	3.25e-02	3.23e-13	1.17e-22	1.27e-22
 2.79510e+22	3.51e-13	5.51e-09	7.43e-06	9.64e-04	1.62e-02	5.86e-02	6.05e-01	2.89e-01	3.04e-02	3.51e-13	1.30e-22	1.41e-22
 2.81703e+22	3.86e-13	6.11e-09	8.30e-06	1.08e-03	1.77e-02	6.26e-02	6.13e-01	2.78e-01	2.78e-02	3.86e-13	1.47e-22	1.59e-22
 2.83878e+22	4.21e-13	6.66e-09	9.07e-06	1.17e-03	1.89e-02	6.56e-02	6.18e-01	2.70e-01	2.60e-02	4.21e-13	1.63e-22	1.76e-22
 2.86028e+22	4.61e-13	7.35e-09	1.01e-05	1.30e-03	2.05e-02	6.98e-02	6.25e-01	2.60e-01	2.38e-02	4.61e-13	1.83e-22	1.98e-22
 2.88197e+22	5.04e-13	8.02e-09	1.10e-05	1.41e-03	2.18e-02	7.31e-02	6.30e-01	2.52e-01	2.22e-02	5.04e-13	2.03e-22	2.20e-22
 2.90391e+22	5.54e-13	8.88e-09	1.23e-05	1.57e-03	2.36e-02	7.77e-02	6.35e-01	2.42e-01	2.03e-02	5.54e-13	2.29e-22	2.48e-22
 2.92609e+22	6.05e-13	9.71e-09	1.35e-05	1.71e-03	2.51e-02	8.12e-02	6.39e-01	2.34e-01	1.89e-02	6.05e-13	2.55e-22	2.76e-22
 2.94859e+22	6.67e-13	1.08e-08	1.51e-05	1.90e-03	2.72e-02	8.62e-02	6.44e-01	2.24e-01	1.72e-02	6.67e-13	2.88e-22	3.12e-22
 2.97137e+22	7.31e-13	1.18e-08	1.65e-05	2.07e-03	2.89e-02	9.01e-02	6.47e-01	2.16e-01	1.60e-02	7.31e-13	3.22e-22	3.49e-22
 2.99453e+22	8.08e-13	1.32e-08	1.86e-05	2.31e-03	3.12e-02	9.55e-02	6.50e-01	2.06e-01	1.45e-02	8.08e-13	3.65e-22	3.96e-22
 3.01806e+22	8.90e-13	1.46e-08	2.05e-05	2.52e-03	3.32e-02	9.98e-02	6.52e-01	1.99e-01	1.34e-02	8.90e-13	4.11e-22	4.46e-22
 3.04207e+22	9.90e-13	1.63e-08	2.31e-05	2.82e-03	3.59e-02	1.06e-01	6.54e-01	1.89e-01	1.21e-02	9.90e-13	4.69e-22	5.10e-22
 3.06653e+22	1.10e-12	1.81e-08	2.55e-05	3.08e-03	3.82e-02	1.10e-01	6.56e-01	1.82e-01	1.11e-02	1.10e-12	5.32e-22	5.78e-22
 3.09158e+22	1.23e-12	2.05e-08	2.90e-05	3.46e-03	4.13e-02	1.17e-01	6.56e-01	1.72e-01	9.99e-03	1.23e-12	6.13e-22	6.67e-22
 3.11714e+22	1.38e-12	2.29e-08	3.23e-05	3.79e-03	4.40e-02	1.22e-01	6.56e-01	1.65e-01	9.18e-03	1.38e-12	7.05e-22	7.66e-22
 3.14337e+22	1.55e-12	2.61e-08	3.68e-05	4.27e-03	4.76e-02	1.29e-01	6.55e-01	1.55e-01	8.16e-03	1.55e-12	8.17e-22	8.89e-22
 3.16972e+22	1.74e-12	2.93e-08	4.10e-05	4.68e-03	5.06e-02	1.35e-01	6.54e-01	1.48e-01	7.47e-03	1.74e-12	9.40e-22	1.02e-21
 3.19625e+22	1.98e-12	3.36e-08	4.70e-05	5.27e-03	5.47e-02	1.42e-01	6.52e-01	1.39e-01	6.63e-03	1.98e-12	1.11e-21	1.20e-21
 3.22182e+22	2.22e-12	3.76e-08	5.21e-05	5.73e-03	5.77e-02	1.48e-01	6.49e-01	1.34e-01	6.12e-03	2.22e-12	1.27e-21	1.38e-21
 3.24616e+22	2.49e-12	4.26e-08	5.90e-05	6.37e-03	6.18e-02	1.55e-01	6.45e-01	1.26e-01	5.47e-03	2.49e-12	1.47e-21	1.60e-21
 3.27125e+22	2.83e-12	4.82e-08	6.59e-05	6.96e-03	6.54e-02	1.60e-01	6.42e-01	1.20e-01	5.01e-03	2.83e-12	1.71e-21	1.87e-21
 3.29316e+22	3.12e-12	5.34e-08	7.27e-05	7.55e-03	6.89e-02	1.66e-01	6.38e-01	1.15e-01	4.59e-03	3.12e-12	1.94e-21	2.11e-21
 3.31403e+22	3.49e-12	5.95e-08	8.02e-05	8.18e-03	7.24e-02	1.71e-01	6.34e-01	1.10e-01	4.24e-03	3.49e-12	2.21e-21	2.41e-21
 3.33771e+22	3.97e-12	6.80e-08	9.08e-05	9.04e-03	7.70e-02	1.79e-01	6.28e-01	1.03e-01	3.80e-03	3.97e-12	2.60e-21	2.84e-21
 3.36170e+22	4.42e-12	7.59e-08	1.00e-04	9.81e-03	8.09e-02	1.85e-01	6.23e-01	9.84e-02	3.47e-03	4.42e-12	2.96e-21	3.24e-21
 3.38287e+22	4.98e-12	8.52e-08	1.11e-04	1.06e-02	8.50e-02	1.90e-01	6.17e-01	9.38e-02	3.19e-03	4.98e-12	3.42e-21	3.74e-21
 3.40717e+22	5.78e-12	9.85e-08	1.27e-04	1.17e-02	9.03e-02	1.97e-01	6.10e-01	8.83e-02	2.85e-03	5.78e-12	4.10e-21	4.48e-21
 3.43247e+22	6.59e-12	1.12e-07	1.42e-04	1.28e-02	9.52e-02	2.04e-01	6.02e-01	8.34e-02	2.58e-03	6.59e-12	4.80e-21	5.25e-21
 3.45519e+22	7.48e-12	1.27e-07	1.58e-04	1.39e-02	1.00e-01	2.10e-01	5.95e-01	7.91e-02	2.35e-03	7.48e-12	5.59e-21	6.12e-21
 3.48083e+22	8.83e-12	1.48e-07	1.81e-04	1.54e-02	1.06e-01	2.17e-01	5.85e-01	7.38e-02	2.08e-03	8.83e-12	6.84e-21	7.48e-21
 3.50747e+22	1.02e-11	1.70e-07	2.04e-04	1.69e-02	1.12e-01	2.24e-01	5.76e-01	6.94e-02	1.87e-03	1.02e-11	8.13e-21	8.90e-21
 3.53172e+22	1.18e-11	1.95e-07	2.30e-04	1.84e-02	1.18e-01	2.30e-01	5.67e-01	6.54e-02	1.69e-03	1.18e-11	9.68e-21	1.06e-20
 3.55959e+22	1.43e-11	2.34e-07	2.67e-04	2.06e-02	1.25e-01	2.38e-01	5.54e-01	6.04e-02	1.48e-03	1.43e-11	1.22e-20	1.33e-20
 3.58781e+22	1.67e-11	2.70e-07	3.02e-04	2.25e-02	1.32e-01	2.44e-01	5.43e-01	5.65e-02	1.32e-03	1.67e-11	1.46e-20	1.60e-20
 3.61264e+22	1.96e-11	3.12e-07	3.40e-04	2.45e-02	1.39e-01	2.50e-01	5.32e-01	5.30e-02	1.18e-03	1.96e-11	1.77e-20	1.94e-20
 3.64107e+22	2.40e-11	3.75e-07	3.96e-04	2.73e-02	1.47e-01	2.57e-01	5.18e-01	4.87e-02	1.03e-03	2.40e-11	2.26e-20	2.48e-20
 3.67040e+22	2.87e-11	4.41e-07	4.51e-04	3.00e-02	1.55e-01	2.64e-01	5.05e-01	4.52e-02	9.09e-04	2.87e-11	2.78e-20	3.06e-20
 3.69644e+22	3.40e-11	5.13e-07	5.10e-04	3.27e-02	1.62e-01	2.69e-01	4.93e-01	4.21e-02	8.10e-04	3.40e-11	3.41e-20	3.75e-20
 3.72582e+22	4.24e-11	6.24e-07	5.97e-04	3.64e-02	1.72e-01	2.76e-01	4.76e-01	3.84e-02	6.96e-04	4.24e-11	4.42e-20	4.86e-20
 3.75600e+22	5.11e-11	7.35e-07	6.81e-04	3.99e-02	1.80e-01	2.81e-01	4.62e-01	3.54e-02	6.12e-04	5.11e-11	5.52e-20	6.07e-20
 3.78261e+22	6.13e-11	8.60e-07	7.71e-04	4.34e-02	1.89e-01	2.85e-01	4.49e-01	3.28e-02	5.42e-04	6.13e-11	6.84e-20	7.53e-20
 3.81258e+22	7.73e-11	1.05e-06	9.02e-04	4.83e-02	1.99e-01	2.91e-01	4.31e-01	2.97e-02	4.62e-04	7.73e-11	9.00e-20	9.91e-20
 3.84360e+22	9.45e-11	1.25e-06	1.03e-03	5.28e-02	2.08e-01	2.95e-01	4.15e-01	2.72e-02	4.02e-04	9.45e-11	1.14e-19	1.26e-19
 3.87597e+22	1.22e-10	1.55e-06	1.22e-03	5.90e-02	2.20e-01	2.99e-01	3.96e-01	2.43e-02	3.37e-04	1.22e-10	1.54e-19	1.70e-19
 3.90587e+22	1.46e-10	1.79e-06	1.37e-03	6.35e-02	2.28e-01	3.02e-01	3.82e-01	2.25e-02	2.98e-04	1.46e-10	1.89e-19	2.09e-19
 3.92890e+22	1.71e-10	2.05e-06	1.51e-03	6.79e-02	2.36e-01	3.03e-01	3.70e-01	2.09e-02	2.67e-04	1.71e-10	2.30e-19	2.54e-19
 3.95519e+22	2.11e-10	2.44e-06	1.73e-03	7.39e-02	2.45e-01	3.05e-01	3.54e-01	1.90e-02	2.31e-04	2.11e-10	2.94e-19	3.25e-19
 3.98283e+22	2.55e-10	2.84e-06	1.94e-03	7.96e-02	2.54e-01	3.07e-01	3.40e-01	1.74e-02	2.02e-04	2.55e-10	3.66e-19	4.05e-19
 4.01222e+22	3.24e-10	3.44e-06	2.24e-03	8.72e-02	2.65e-01	3.07e-01	3.23e-01	1.56e-02	1.71e-04	3.24e-10	4.85e-19	5.37e-19
 4.04216e+22	3.97e-10	4.07e-06	2.54e-03	9.43e-02	2.74e-01	3.08e-01	3.08e-01	1.41e-02	1.47e-04	3.97e-10	6.16e-19	6.82e-19
 4.06812e+22	4.80e-10	4.73e-06	2.83e-03	1.01e-01	2.82e-01	3.07e-01	2.94e-01	1.29e-02	1.29e-04	4.80e-10	7.70e-19	8.52e-19
 4.09719e+22	6.08e-10	5.70e-06	3.25e-03	1.10e-01	2.92e-01	3.06e-01	2.77e-01	1.15e-02	1.09e-04	6.08e-10	1.02e-18	1.13e-18
 4.12743e+22	7.49e-10	6.72e-06	3.67e-03	1.18e-01	3.01e-01	3.04e-01	2.63e-01	1.04e-02	9.30e-05	7.49e-10	1.30e-18	1.44e-18
 4.15474e+22	9.16e-10	7.87e-06	4.12e-03	1.27e-01	3.09e-01	3.02e-01	2.49e-01	9.35e-03	8.00e-05	9.16e-10	1.65e-18	1.83e-18
 4.18579e+22	1.18e-09	9.59e-06	4.75e-03	1.38e-01	3.19e-01	2.98e-01	2.32e-01	8.20e-03	6.61e-05	1.18e-09	2.23e-18	2.47e-18
 4.21756e+22	1.47e-09	1.14e-05	5.36e-03	1.48e-01	3.27e-01	2.95e-01	2.18e-01	7.30e-03	5.58e-05	1.47e-09	2.88e-18	3.20e-18
 4.24569e+22	1.81e-09	1.33e-05	6.01e-03	1.58e-01	3.34e-01	2.91e-01	2.05e-01	6.52e-03	4.74e-05	1.81e-09	3.67e-18	4.09e-18
 4.27767e+22	2.36e-09	1.63e-05	6.92e-03	1.71e-01	3.42e-01	2.85e-01	1.89e-01	5.65e-03	3.86e-05	2.36e-09	5.01e-18	5.57e-18
 4.31079e+22	2.97e-09	1.94e-05	7.83e-03	1.83e-01	3.49e-01	2.79e-01	1.76e-01	4.96e-03	3.21e-05	2.97e-09	6.56e-18	7.31e-18
 4.34046e+22	3.69e-09	2.28e-05	8.78e-03	1.95e-01	3.55e-01	2.73e-01	1.63e-01	4.37e-03	2.68e-05	3.69e-09	8.48e-18	9.46e-18
 4.37411e+22	4.86e-09	2.80e-05	1.01e-02	2.11e-01	3.62e-01	2.65e-01	1.49e-01	3.72e-03	2.14e-05	4.86e-09	1.17e-17	1.31e-17
 4.40852e+22	6.15e-09	3.34e-05	1.14e-02	2.25e-01	3.67e-01	2.57e-01	1.37e-01	3.23e-03	1.75e-05	6.15e-09	1.55e-17	1.73e-17
 4.43884e+22	7.67e-09	3.93e-05	1.27e-02	2.38e-01	3.71e-01	2.49e-01	1.26e-01	2.82e-03	1.45e-05	7.67e-09	2.01e-17	2.24e-17
 4.47317e+22	1.01e-08	4.81e-05	1.46e-02	2.55e-01	3.75e-01	2.39e-01	1.14e-01	2.37e-03	1.14e-05	1.01e-08	2.79e-17	3.12e-17
 4.50843e+22	1.29e-08	5.74e-05	1.65e-02	2.71e-01	3.77e-01	2.30e-01	1.03e-01	2.02e-03	9.15e-06	1.29e-08	3.71e-17	4.15e-17
 4.53966e+22	1.61e-08	6.76e-05	1.83e-02	2.85e-01	3.79e-01	2.21e-01	9.44e-02	1.74e-03	7.46e-06	1.61e-08	4.83e-17	5.41e-17
 4.57503e+22	2.13e-08	8.28e-05	2.10e-02	3.04e-01	3.80e-01	2.10e-01	8.39e-02	1.44e-03	5.75e-06	2.13e-08	6.75e-17	7.57e-17
 4.61145e+22	2.73e-08	9.88e-05	2.35e-02	3.20e-01	3.80e-01	2.00e-01	7.54e-02	1.21e-03	4.55e-06	2.73e-08	9.02e-17	1.01e-16
 4.64390e+22	3.43e-08	1.16e-04	2.62e-02	3.36e-01	3.78e-01	1.90e-01	6.80e-02	1.03e-03	3.64e-06	3.43e-08	1.18e-16	1.33e-16
 4.68074e+22	4.60e-08	1.44e-04	2.99e-02	3.56e-01	3.76e-01	1.78e-01	5.94e-02	8.33e-04	2.73e-06	4.60e-08	1.68e-16	1.89e-16
 4.71836e+22	5.85e-08	1.70e-04	3.33e-02	3.72e-01	3.73e-01	1.68e-01	5.29e-02	6.95e-04	2.13e-06	5.85e-08	2.24e-16	2.52e-16
 4.75697e+22	7.91e-08	2.11e-04	3.81e-02	3.93e-01	3.67e-01	1.55e-01	4.55e-02	5.51e-04	1.56e-06	7.91e-08	3.21e-16	3.62e-16
 4.79603e+22	1.01e-07	2.51e-04	4.24e-02	4.09e-01	3.62e-01	1.45e-01	4.02e-02	4.54e-04	1.21e-06	1.01e-07	4.29e-16	4.84e-16
 4.83568e+22	1.37e-07	3.11e-04	4.84e-02	4.29e-01	3.54e-01	1.33e-01	3.42e-02	3.54e-04	8.66e-07	1.37e-07	6.18e-16	6.99e-16
 4.87500e+22	1.73e-07	3.66e-04	5.34e-02	4.45e-01	3.48e-01	1.24e-01	3.01e-02	2.91e-04	6.67e-07	1.73e-07	8.19e-16	9.26e-16
 4.90687e+22	2.13e-07	4.23e-04	5.83e-02	4.58e-01	3.41e-01	1.16e-01	2.68e-02	2.44e-04	5.28e-07	2.13e-07	1.05e-15	1.19e-15
 4.94129e+22	2.75e-07	5.05e-04	6.47e-02	4.73e-01	3.32e-01	1.06e-01	2.31e-02	1.96e-04	3.94e-07	2.75e-07	1.43e-15	1.62e-15
 4.97615e+22	3.39e-07	5.84e-04	7.05e-02	4.85e-01	3.24e-01	9.89e-02	2.04e-02	1.63e-04	3.08e-07	3.39e-07	1.83e-15	2.08e-15
 5.00691e+22	4.15e-07	6.72e-04	7.66e-02	4.97e-01	3.16e-01	9.19e-02	1.81e-02	1.35e-04	2.41e-07	4.15e-07	2.34e-15	2.66e-15
 5.04220e+22	5.36e-07	8.01e-04	8.47e-02	5.10e-01	3.06e-01	8.35e-02	1.54e-02	1.07e-04	1.77e-07	5.36e-07	3.19e-15	3.62e-15
 5.07841e+22	6.66e-07	9.31e-04	9.23e-02	5.21e-01	2.96e-01	7.67e-02	1.34e-02	8.69e-05	1.35e-07	6.66e-07	4.14e-15	4.71e-15
 5.11065e+22	8.18e-07	1.07e-03	1.00e-01	5.30e-01	2.87e-01	7.05e-02	1.18e-02	7.13e-05	0.00e+00	8.18e-07	5.31e-15	6.05e-15
 5.14738e+22	1.06e-06	1.28e-03	1.10e-01	5.41e-01	2.75e-01	6.32e-02	9.90e-03	5.53e-05	0.00e+00	1.06e-06	7.28e-15	8.30e-15
 5.18442e+22	1.31e-06	1.48e-03	1.20e-01	5.48e-01	2.64e-01	5.77e-02	8.57e-03	4.47e-05	0.00e+00	1.31e-06	9.40e-15	1.07e-14
 5.21669e+22	1.60e-06	1.70e-03	1.29e-01	5.55e-01	2.54e-01	5.26e-02	7.44e-03	3.63e-05	0.00e+00	1.60e-06	1.20e-14	1.37e-14
 5.24574e+22	1.88e-06	1.90e-03	1.37e-01	5.60e-01	2.46e-01	4.88e-02	6.64e-03	3.07e-05	0.00e+00	1.88e-06	1.46e-14	1.67e-14
 5.27574e+22	2.31e-06	2.18e-03	1.47e-01	5.64e-01	2.36e-01	4.43e-02	5.73e-03	2.47e-05	0.00e+00	2.31e-06	1.88e-14	2.14e-14
 5.30635e+22	2.74e-06	2.45e-03	1.57e-01	5.68e-01	2.27e-01	4.07e-02	5.05e-03	2.06e-05	0.00e+00	2.74e-06	2.31e-14	2.64e-14
 5.33322e+22	3.21e-06	2.73e-03	1.66e-01	5.70e-01	2.19e-01	3.75e-02	4.48e-03	1.72e-05	0.00e+00	3.21e-06	2.82e-14	3.22e-14
 5.36362e+22	3.94e-06	3.14e-03	1.79e-01	5.72e-01	2.08e-01	3.38e-02	3.83e-03	1.37e-05	0.00e+00	3.94e-06	3.62e-14	4.14e-14
 5.39455e+22	4.65e-06	3.51e-03	1.89e-01	5.73e-01	2.00e-01	3.09e-02	3.36e-03	1.14e-05	0.00e+00	4.65e-06	4.44e-14	5.08e-14
 5.42199e+22	5.46e-06	3.91e-03	2.00e-01	5.73e-01	1.92e-01	2.83e-02	2.96e-03	9.45e-06	0.00e+00	5.46e-06	5.40e-14	6.19e-14
 5.45348e+22	6.72e-06	4.51e-03	2.15e-01	5.72e-01	1.81e-01	2.52e-02	2.51e-03	7.41e-06	0.00e+00	6.72e-06	6.99e-14	8.00e-14
 5.48513e+22	7.88e-06	5.02e-03	2.27e-01	5.70e-01	1.73e-01	2.29e-02	2.20e-03	6.12e-06	0.00e+00	7.88e-06	8.51e-14	9.75e-14
 5.50465e+22	8.39e-06	5.23e-03	2.32e-01	5.69e-01	1.70e-01	2.20e-02	2.08e-03	5.65e-06	0.00e+00	8.39e-06	9.21e-14	1.06e-13
 5.51769e+22	9.16e-06	5.55e-03	2.38e-01	5.68e-01	1.65e-01	2.09e-02	1.93e-03	5.08e-06	0.00e+00	9.16e-06	1.03e-13	1.18e-13
 5.53463e+22	1.01e-05	5.95e-03	2.46e-01	5.66e-01	1.60e-01	1.97e-02	1.77e-03	4.48e-06	0.00e+00	1.01e-05	1.17e-13	1.34e-13
 5.55665e+22	1.16e-05	6.52e-03	2.58e-01	5.63e-01	1.54e-01	1.81e-02	1.58e-03	3.79e-06	0.00e+00	1.16e-05	1.38e-13	1.59e-13
 5.58528e+22	1.40e-05	7.39e-03	2.73e-01	5.57e-01	1.44e-01	1.61e-02	1.34e-03	2.99e-06	0.00e+00	1.40e-05	1.74e-13	2.00e-13
 5.61579e+22	1.63e-05	8.18e-03	2.87e-01	5.52e-01	1.37e-01	1.45e-02	1.17e-03	2.45e-06	0.00e+00	1.63e-05	2.11e-13	2.42e-13
 5.64875e+22	1.99e-05	9.36e-03	3.06e-01	5.44e-01	1.28e-01	1.27e-02	9.71e-04	1.88e-06	0.00e+00	1.99e-05	2.72e-13	3.12e-13
 5.68248e+22	2.35e-05	1.04e-02	3.22e-01	5.36e-01	1.20e-01	1.13e-02	8.30e-04	1.50e-06	0.00e+00	2.35e-05	3.34e-13	3.84e-13
 5.71721e+22	2.90e-05	1.20e-02	3.42e-01	5.25e-01	1.11e-01	9.76e-03	6.80e-04	1.13e-06	0.00e+00	2.90e-05	4.34e-13	4.99e-13
 5.75249e+22	3.41e-05	1.34e-02	3.59e-01	5.15e-01	1.03e-01	8.63e-03	5.78e-04	8.96e-07	0.00e+00	3.41e-05	5.34e-13	6.14e-13
 5.78847e+22	4.23e-05	1.54e-02	3.81e-01	5.01e-01	9.47e-02	7.35e-03	4.68e-04	6.62e-07	0.00e+00	4.23e-05	7.01e-13	8.06e-13
 5.82496e+22	4.99e-05	1.72e-02	3.99e-01	4.89e-01	8.79e-02	6.46e-03	3.95e-04	5.20e-07	0.00e+00	4.99e-05	8.65e-13	9.94e-13
 5.86213e+22	6.16e-05	1.98e-02	4.22e-01	4.72e-01	7.99e-02	5.46e-03	3.18e-04	3.81e-07	0.00e+00	6.16e-05	1.13e-12	1.30e-12
 5.90047e+22	7.33e-05	2.22e-02	4.42e-01	4.58e-01	7.34e-02	4.72e-03	2.63e-04	2.91e-07	0.00e+00	7.33e-05	1.42e-12	1.62e-12
 5.93002e+22	8.30e-05	2.41e-02	4.56e-01	4.47e-01	6.89e-02	4.24e-03	2.29e-04	2.40e-07	0.00e+00	8.30e-05	1.66e-12	1.90e-12
 5.95812e+22	9.68e-05	2.66e-02	4.73e-01	4.32e-01	6.37e-02	3.71e-03	1.94e-04	1.89e-07	0.00e+00	9.68e-05	2.02e-12	2.32e-12
 5.98685e+22	1.10e-04	2.89e-02	4.87e-01	4.20e-01	5.96e-02	3.32e-03	1.68e-04	1.54e-07	0.00e+00	1.10e-04	2.38e-12	2.72e-12
 6.01641e+22	1.28e-04	3.20e-02	5.05e-01	4.05e-01	5.48e-02	2.88e-03	1.40e-04	0.00e+00	0.00e+00	1.28e-04	2.91e-12	3.33e-12
 6.04656e+22	1.45e-04	3.48e-02	5.20e-01	3.92e-01	5.08e-02	2.55e-03	1.20e-04	0.00e+00	0.00e+00	1.45e-04	3.44e-12	3.93e-12
 6.07327e+22	1.65e-04	3.77e-02	5.34e-01	3.79e-01	4.72e-02	2.26e-03	1.03e-04	0.00e+00	0.00e+00	1.65e-04	4.05e-12	4.62e-12
 6.10383e+22	1.94e-04	4.19e-02	5.52e-01	3.62e-01	4.28e-02	1.93e-03	8.49e-05	0.00e+00	0.00e+00	1.94e-04	5.01e-12	5.70e-12
 6.13446e+22	2.18e-04	4.52e-02	5.65e-01	3.48e-01	3.96e-02	1.70e-03	7.29e-05	0.00e+00	0.00e+00	2.18e-04	5.85e-12	6.65e-12
 6.16517e+22	2.54e-04	4.99e-02	5.81e-01	3.31e-01	3.59e-02	1.45e-03	6.00e-05	0.00e+00	0.00e+00	2.54e-04	7.17e-12	8.13e-12
 6.19688e+22	2.88e-04	5.41e-02	5.95e-01	3.17e-01	3.28e-02	1.27e-03	5.05e-05	0.00e+00	0.00e+00	2.88e-04	8.50e-12	9.60e-12
 6.22056e+22	3.14e-04	5.70e-02	6.04e-01	3.07e-01	3.08e-02	1.15e-03	4.49e-05	0.00e+00	0.00e+00	3.14e-04	9.51e-12	1.07e-11
 6.23787e+22	3.34e-04	5.93e-02	6.10e-01	3.00e-01	2.95e-02	1.07e-03	4.11e-05	0.00e+00	0.00e+00	3.34e-04	1.04e-11	1.17e-11
 6.25618e+22	3.65e-04	6.28e-02	6.19e-01	2.89e-01	2.77e-02	9.69e-04	3.64e-05	0.00e+00	0.00e+00	3.65e-04	1.17e-11	1.31e-11
 6.27998e+22	4.08e-04	6.74e-02	6.29e-01	2.77e-01	2.55e-02	8.52e-04	3.11e-05	0.00e+00	0.00e+00	4.08e-04	1.36e-11	1.52e-11
 6.30510e+22	4.50e-04	7.16e-02	6.38e-01	2.65e-01	2.36e-02	7.58e-04	2.70e-05	0.00e+00	0.00e+00	4.50e-04	1.55e-11	1.73e-11
 6.32768e+22	4.93e-04	7.58e-02	6.46e-01	2.55e-01	2.19e-02	6.79e-04	2.36e-05	0.00e+00	0.00e+00	4.93e-04	1.76e-11	1.96e-11
 6.35277e+22	5.55e-04	8.17e-02	6.56e-01	2.41e-01	1.99e-02	5.88e-04	1.98e-05	0.00e+00	0.00e+00	5.55e-04	2.07e-11	2.29e-11
 6.37677e+22	5.98e-04	8.56e-02	6.62e-01	2.32e-01	1.86e-02	5.31e-04	1.76e-05	0.00e+00	0.00e+00	5.98e-04	2.30e-11	2.54e-11
 6.39934e+22	6.62e-04	9.12e-02	6.70e-01	2.21e-01	1.71e-02	4.68e-04	1.51e-05	0.00e+00	0.00e+00	6.62e-04	2.64e-11	2.91e-11
 6.42868e+22	7.56e-04	9.90e-02	6.78e-01	2.07e-01	1.53e-02	3.94e-04	1.23e-05	0.00e+00	0.00e+00	7.56e-04	3.18e-11	3.48e-11
 6.46058e+22	8.49e-04	1.06e-01	6.85e-01	1.94e-01	1.37e-02	3.36e-04	1.01e-05	0.00e+00	0.00e+00	8.49e-04	3.74e-11	4.08e-11
 6.49579e+22	9.92e-04	1.17e-01	6.93e-01	1.77e-01	1.19e-02	2.72e-04	7.87e-06	0.00e+00	0.00e+00	9.92e-04	4.65e-11	5.03e-11
 6.53262e+22	1.12e-03	1.26e-01	6.98e-01	1.64e-01	1.05e-02	2.26e-04	6.32e-06	0.00e+00	0.00e+00	1.12e-03	5.56e-11	5.97e-11
 6.57154e+22	1.32e-03	1.39e-01	7.03e-01	1.48e-01	8.93e-03	1.79e-04	4.79e-06	0.00e+00	0.00e+00	1.32e-03	7.00e-11	7.46e-11
 6.61136e+22	1.50e-03	1.50e-01	7.06e-01	1.35e-01	7.75e-03	1.46e-04	3.77e-06	0.00e+00	0.00e+00	1.50e-03	8.41e-11	8.90e-11
 6.65234e+22	1.78e-03	1.66e-01	7.06e-01	1.20e-01	6.46e-03	1.12e-04	2.76e-06	0.00e+00	0.00e+00	1.78e-03	1.08e-10	1.13e-10
 6.69317e+22	2.00e-03	1.77e-01	7.06e-01	1.09e-01	5.61e-03	9.17e-05	2.18e-06	0.00e+00	0.00e+00	2.00e-03	1.28e-10	1.33e-10
 6.73379e+22	2.37e-03	1.96e-01	7.02e-01	9.56e-02	4.65e-03	7.01e-05	1.60e-06	0.00e+00	0.00e+00	2.37e-03	1.62e-10	1.68e-10
 6.77527e+22	2.67e-03	2.09e-01	6.98e-01	8.60e-02	3.99e-03	5.64e-05	1.24e-06	0.00e+00	0.00e+00	2.67e-03	1.94e-10	1.99e-10
 6.81787e+22	3.16e-03	2.31e-01	6.88e-01	7.41e-02	3.26e-03	4.21e-05	8.88e-07	0.00e+00	0.00e+00	3.16e-03	2.48e-10	2.52e-10
 6.86137e+22	3.59e-03	2.48e-01	6.80e-01	6.55e-02	2.75e-03	3.32e-05	6.75e-07	0.00e+00	0.00e+00	3.59e-03	2.99e-10	3.01e-10
 6.90602e+22	4.30e-03	2.74e-01	6.64e-01	5.52e-02	2.20e-03	2.40e-05	4.68e-07	0.00e+00	0.00e+00	4.30e-03	3.85e-10	3.85e-10
 6.95134e+22	4.92e-03	2.95e-01	6.50e-01	4.77e-02	1.83e-03	1.84e-05	3.47e-07	0.00e+00	0.00e+00	4.92e-03	4.66e-10	4.64e-10
 6.98670e+22	5.43e-03	3.12e-01	6.39e-01	4.27e-02	1.59e-03	1.50e-05	2.77e-07	0.00e+00	0.00e+00	5.43e-03	5.37e-10	5.33e-10
 7.02182e+22	6.31e-03	3.37e-01	6.19e-01	3.64e-02	1.31e-03	1.13e-05	2.03e-07	0.00e+00	0.00e+00	6.31e-03	6.60e-10	6.51e-10
 7.05674e+22	6.98e-03	3.56e-01	6.04e-01	3.22e-02	1.13e-03	9.17e-06	1.61e-07	0.00e+00	0.00e+00	6.98e-03	7.61e-10	7.48e-10
 7.09137e+22	8.10e-03	3.84e-01	5.80e-01	2.70e-02	9.30e-04	6.82e-06	0.00e+00	0.00e+00	0.00e+00	8.10e-03	9.33e-10	9.13e-10
 7.12647e+22	9.09e-03	4.07e-01	5.60e-01	2.33e-02	7.90e-04	5.34e-06	0.00e+00	0.00e+00	0.00e+00	9.09e-03	1.09e-09	1.07e-09
 7.16218e+22	1.06e-02	4.40e-01	5.30e-01	1.91e-02	6.40e-04	3.85e-06	0.00e+00	0.00e+00	0.00e+00	1.06e-02	1.35e-09	1.31e-09
 7.19832e+22	1.21e-02	4.67e-01	5.04e-01	1.60e-02	5.34e-04	2.91e-06	0.00e+00	0.00e+00	0.00e+00	1.21e-02	1.60e-09	1.55e-09
 7.22980e+22	1.37e-02	4.95e-01	4.77e-01	1.34e-02	4.47e-04	2.20e-06	0.00e+00	0.00e+00	0.00e+00	1.37e-02	1.90e-09	1.83e-09
 7.26552e+22	1.62e-02	5.33e-01	4.40e-01	1.05e-02	3.54e-04	1.51e-06	0.00e+00	0.00e+00	0.00e+00	1.62e-02	2.37e-09	2.28e-09
 7.30221e+22	1.88e-02	5.66e-01	4.07e-01	8.32e-03	2.87e-04	1.06e-06	0.00e+00	0.00e+00	0.00e+00	1.88e-02	2.87e-09	2.76e-09
 7.33435e+22	2.16e-02	5.98e-01	3.74e-01	6.61e-03	2.34e-04	7.57e-07	0.00e+00	0.00e+00	0.00e+00	2.16e-02	3.44e-09	3.30e-09
 7.37034e+22	2.60e-02	6.38e-01	3.31e-01	4.84e-03	1.80e-04	4.80e-07	0.00e+00	0.00e+00	0.00e+00	2.60e-02	4.35e-09	4.17e-09
 7.40824e+22	3.10e-02	6.75e-01	2.90e-01	3.51e-03	1.38e-04	3.04e-07	0.00e+00	0.00e+00	0.00e+00	3.10e-02	5.44e-09	5.20e-09
 7.44089e+22	3.63e-02	7.06e-01	2.55e-01	2.60e-03	1.09e-04	1.99e-07	0.00e+00	0.00e+00	0.00e+00	3.63e-02	6.62e-09	6.32e-09
 7.46917e+22	4.21e-02	7.32e-01	2.24e-01	1.95e-03	8.72e-05	1.33e-07	0.00e+00	0.00e+00	0.00e+00	4.21e-02	7.92e-09	7.55e-09
 7.49523e+22	4.85e-02	7.54e-01	1.96e-01	1.45e-03	6.99e-05	0.00e+00	0.00e+00	0.00e+00	0.00e+00	4.85e-02	9.42e-09	8.97e-09
 7.52486e+22	5.80e-02	7.79e-01	1.62e-01	9.86e-04	5.21e-05	0.00e+00	0.00e+00	0.00e+00	0.00e+00	5.80e-02	1.17e-08	1.12e-08
 7.55556e+22	6.96e-02	7.97e-01	1.33e-01	6.61e-04	3.86e-05	0.00e+00	0.00e+00	0.00e+00	0.00e+00	6.96e-02	1.45e-08	1.38e-08
 7.57389e+22	7.66e-02	8.04e-01	1.19e-01	5.38e-04	3.33e-05	0.00e+00	0.00e+00	0.00e+00	0.00e+00	7.66e-02	1.61e-08	1.53e-08
 7.58082e+22	7.97e-02	8.06e-01	1.13e-01	4.91e-04	3.12e-05	0.00e+00	0.00e+00	0.00e+00	0.00e+00	7.97e-02	1.69e-08	1.60e-08
 7.58658e+22	8.29e-02	8.09e-01	1.08e-01	4.49e-04	2.91e-05	0.00e+00	0.00e+00	0.00e+00	0.00e+00	8.29e-02	1.77e-08	1.68e-08
 7.59362e+22	8.70e-02	8.11e-01	1.02e-01	4.01e-04	2.67e-05	0.00e+00	0.00e+00	0.00e+00	0.00e+00	8.70e-02	1.87e-08	1.78e-08
 7.60124e+22	9.16e-02	8.13e-01	9.52e-02	3.55e-04	2.43e-05	0.00e+00	0.00e+00	0.00e+00	0.00e+00	9.16e-02	1.99e-08	1.88e-08
 7.60862e+22	9.64e-02	8.14e-01	8.92e-02	3.16e-04	2.22e-05	0.00e+00	0.00e+00	0.00e+00	0.00e+00	9.64e-02	2.10e-08	1.99e-08
 7.61561e+22	1.01e-01	8.15e-01	8.37e-02	2.82e-04	2.03e-05	0.00e+00	0.00e+00	0.00e+00	0.00e+00	1.01e-01	2.22e-08	2.11e-08
 7.62234e+22	1.06e-01	8.15e-01	7.86e-02	2.53e-04	1.87e-05	0.00e+00	0.00e+00	0.00e+00	0.00e+00	1.06e-01	2.34e-08	2.22e-08
 7.62921e+22	1.11e-01	8.15e-01	7.34e-02	2.24e-04	1.70e-05	0.00e+00	0.00e+00	0.00e+00	0.00e+00	1.11e-01	2.48e-08	2.35e-08
 7.63603e+22	1.17e-01	8.14e-01	6.88e-02	2.01e-04	1.56e-05	0.00e+00	0.00e+00	0.00e+00	0.00e+00	1.17e-01	2.61e-08	2.47e-08
 7.64279e+22	1.23e-01	8.13e-01	6.41e-02	1.78e-04	1.42e-05	0.00e+00	0.00e+00	0.00e+00	0.00e+00	1.23e-01	2.76e-08	2.61e-08
 7.64961e+22	1.29e-01	8.11e-01	5.96e-02	1.58e-04	1.28e-05	0.00e+00	0.00e+00	0.00e+00	0.00e+00	1.29e-01	2.92e-08	2.76e-08
 7.65593e+22	1.35e-01	8.09e-01	5.57e-02	1.41e-04	1.17e-05	0.00e+00	0.00e+00	0.00e+00	0.00e+00	1.35e-01	3.07e-08	2.90e-08
 7.66186e+22	1.41e-01	8.07e-01	5.22e-02	1.27e-04	1.07e-05	0.00e+00	0.00e+00	0.00e+00	0.00e+00	1.41e-01	3.22e-08	3.04e-08
 7.66798e+22	1.48e-01	8.03e-01	4.86e-02	1.13e-04	9.72e-06	0.00e+00	0.00e+00	0.00e+00	0.00e+00	1.48e-01	3.39e-08	3.20e-08
 7.67415e+22	1.55e-01	8.00e-01	4.53e-02	1.01e-04	8.86e-06	0.00e+00	0.00e+00	0.00e+00	0.00e+00	1.55e-01	3.56e-08	3.36e-08
 7.68030e+22	1.63e-01	7.95e-01	4.20e-02	9.02e-05	8.01e-06	0.00e+00	0.00e+00	0.00e+00	0.00e+00	1.63e-01	3.75e-08	3.54e-08
 7.68639e+22	1.70e-01	7.90e-01	3.90e-02	8.04e-05	7.24e-06	0.00e+00	0.00e+00	0.00e+00	0.00e+00	1.70e-01	3.94e-08	3.72e-08
 7.69207e+22	1.78e-01	7.85e-01	3.63e-02	7.23e-05	6.58e-06	0.00e+00	0.00e+00	0.00e+00	0.00e+00	1.78e-01	4.12e-08	3.89e-08
 7.69764e+22	1.86e-01	7.80e-01	3.38e-02	6.49e-05	5.98e-06	0.00e+00	0.00e+00	0.00e+00	0.00e+00	1.86e-01	4.31e-08	4.07e-08
 7.70330e+22	1.95e-01	7.74e-01	3.13e-02	5.83e-05	5.41e-06	0.00e+00	0.00e+00	0.00e+00	0.00e+00	1.95e-01	4.52e-08	4.26e-08
 7.70898e+22	2.04e-01	7.67e-01	2.90e-02	5.23e-05	4.89e-06	0.00e+00	0.00e+00	0.00e+00	0.00e+00	2.04e-01	4.73e-08	4.46e-08
 7.71459e+22	2.13e-01	7.60e-01	2.69e-02	4.69e-05	4.41e-06	0.00e+00	0.00e+00	0.00e+00	0.00e+00	2.13e-01	4.94e-08	4.66e-08
 7.72012e+22	2.22e-01	7.53e-01	2.49e-02	4.22e-05	3.98e-06	0.00e+00	0.00e+00	0.00e+00	0.00e+00	2.22e-01	5.16e-08	4.86e-08
 7.72559e+22	2.32e-01	7.45e-01	2.30e-02	3.80e-05	3.59e-06	0.00e+00	0.00e+00	0.00e+00	0.00e+00	2.32e-01	5.38e-08	5.07e-08
 7.73105e+22	2.42e-01	7.37e-01	2.13e-02	3.42e-05	3.23e-06	0.00e+00	0.00e+00	0.00e+00	0.00e+00	2.42e-01	5.61e-08	5.29e-08
 7.73649e+22	2.52e-01	7.28e-01	1.97e-02	3.09e-05	2.92e-06	0.00e+00	0.00e+00	0.00e+00	0.00e+00	2.52e-01	5.84e-08	5.50e-08
 7.74207e+22	2.63e-01	7.18e-01	1.81e-02	2.78e-05	2.61e-06	0.00e+00	0.00e+00	0.00e+00	0.00e+00	2.63e-01	6.08e-08	5.73e-08
 7.74770e+22	2.75e-01	7.08e-01	1.66e-02	2.49e-05	2.33e-06	0.00e+00	0.00e+00	0.00e+00	0.00e+00	2.75e-01	6.33e-08	5.96e-08
 7.75299e+22	2.87e-01	6.97e-01	1.53e-02	2.25e-05	2.08e-06	0.00e+00	0.00e+00	0.00e+00	0.00e+00	2.87e-01	6.58e-08	6.19e-08
 7.75795e+22	2.98e-01	6.87e-01	1.41e-02	2.05e-05	1.88e-06	0.00e+00	0.00e+00	0.00e+00	0.00e+00	2.98e-01	6.80e-08	6.40e-08
 7.76294e+22	3.09e-01	6.78e-01	1.31e-02	1.88e-05	1.70e-06	0.00e+00	0.00e+00	0.00e+00	0.00e+00	3.09e-01	7.02e-08	6.61e-08
 7.76853e+22	3.23e-01	6.65e-01	1.19e-02	1.68e-05	1.50e-06	0.00e+00	0.00e+00	0.00e+00	0.00e+00	3.23e-01	7.29e-08	6.86e-08
 7.77421e+22	3.36e-01	6.53e-01	1.09e-02	1.52e-05	1.33e-06	0.00e+00	0.00e+00	0.00e+00	0.00e+00	3.36e-01	7.55e-08	7.10e-08
 7.77950e+22	3.49e-01	6.41e-01	9.98e-03	1.38e-05	1.19e-06	0.00e+00	0.00e+00	0.00e+00	0.00e+00	3.49e-01	7.79e-08	7.32e-08
 7.78476e+22	3.63e-01	6.28e-01	9.13e-03	1.25e-05	1.05e-06	0.00e+00	0.00e+00	0.00e+00	0.00e+00	3.63e-01	8.03e-08	7.55e-08
 7.78993e+22	3.76e-01	6.16e-01	8.38e-03	1.15e-05	9.43e-07	0.00e+00	0.00e+00	0.00e+00	0.00e+00	3.76e-01	8.26e-08	7.76e-08
 7.79525e+22	3.91e-01	6.02e-01	7.63e-03	1.04e-05	8.33e-07	0.00e+00	0.00e+00	0.00e+00	0.00e+00	3.91e-01	8.50e-08	7.98e-08
 7.80061e+22	4.05e-01	5.89e-01	6.97e-03	9.49e-06	7.41e-07	0.00e+00	0.00e+00	0.00e+00	0.00e+00	4.05e-01	8.72e-08	8.19e-08
 7.80597e+22	4.19e-01	5.74e-01	6.34e-03	8.64e-06	6.55e-07	0.00e+00	0.00e+00	0.00e+00	0.00e+00	4.19e-01	8.94e-08	8.39e-08
 7.81148e+22	4.35e-01	5.60e-01	5.75e-03	7.86e-06	5.77e-07	0.00e+00	0.00e+00	0.00e+00	0.00e+00	4.35e-01	9.16e-08	8.60e-08
 7.81682e+22	4.49e-01	5.46e-01	5.24e-03	7.19e-06	5.11e-07	0.00e+00	0.00e+00	0.00e+00	0.00e+00	4.49e-01	9.36e-08	8.78e-08
 7.82217e+22	4.64e-01	5.31e-01	4.76e-03	6.58e-06	4.52e-07	0.00e+00	0.00e+00	0.00e+00	0.00e+00	4.64e-01	9.55e-08	8.96e-08
 7.82774e+22	4.79e-01	5.17e-01	4.31e-03	6.01e-06	3.98e-07	0.00e+00	0.00e+00	0.00e+00	0.00e+00	4.79e-01	9.73e-08	9.13e-08
 7.83345e+22	4.94e-01	5.02e-01	3.89e-03	5.49e-06	3.49e-07	0.00e+00	0.00e+00	0.00e+00	0.00e+00	4.94e-01	9.91e-08	9.29e-08
 7.83929e+22	5.11e-01	4.86e-01	3.50e-03	5.00e-06	3.05e-07	0.00e+00	0.00e+00	0.00e+00	0.00e+00	5.11e-01	1.01e-07	9.45e-08
 7.84510e+22	5.26e-01	4.71e-01	3.15e-03	4.58e-06	2.67e-07	0.00e+00	0.00e+00	0.00e+00	0.00e+00	5.26e-01	1.02e-07	9.58e-08
 7.85088e+22	5.41e-01	4.56e-01	2.84e-03	4.20e-06	2.34e-07	0.00e+00	0.00e+00	0.00e+00	0.00e+00	5.41e-01	1.04e-07	9.70e-08
 7.85692e+22	5.57e-01	4.41e-01	2.55e-03	3.85e-06	2.04e-07	0.00e+00	0.00e+00	0.00e+00	0.00e+00	5.57e-01	1.05e-07	9.82e-08
 7.86325e+22	5.73e-01	4.25e-01	2.27e-03	3.51e-06	1.77e-07	0.00e+00	0.00e+00	0.00e+00	0.00e+00	5.73e-01	1.06e-07	9.92e-08
 7.86962e+22	5.88e-01	4.10e-01	2.03e-03	3.22e-06	1.54e-07	0.00e+00	0.00e+00	0.00e+00	0.00e+00	5.88e-01	1.07e-07	1.00e-07
 7.87535e+22	6.02e-01	3.96e-01	1.83e-03	2.98e-06	1.36e-07	0.00e+00	0.00e+00	0.00e+00	0.00e+00	6.02e-01	1.07e-07	1.01e-07
 7.88028e+22	6.13e-01	3.85e-01	1.69e-03	2.80e-06	0.00e+00	0.00e+00	0.00e+00	0.00e+00	0.00e+00	6.13e-01	1.08e-07	1.01e-07
 7.88530e+22	6.24e-01	3.74e-01	1.54e-03	2.62e-06	0.00e+00	0.00e+00	0.00e+00	0.00e+00	0.00e+00	6.24e-01	1.08e-07	1.01e-07
 7.89083e+22	6.37e-01	3.62e-01	1.40e-03	2.44e-06	0.00e+00	0.00e+00	0.00e+00	0.00e+00	0.00e+00	6.37e-01	1.09e-07	1.02e-07
 7.89643e+22	6.49e-01	3.50e-01	1.27e-03	2.28e-06	0.00e+00	0.00e+00	0.00e+00	0.00e+00	0.00e+00	6.49e-01	1.09e-07	1.02e-07
 7.90195e+22	6.60e-01	3.39e-01	1.15e-03	2.13e-06	0.00e+00	0.00e+00	0.00e+00	0.00e+00	0.00e+00	6.60e-01	1.09e-07	1.02e-07
 7.90767e+22	6.71e-01	3.28e-01	1.04e-03	1.99e-06	0.00e+00	0.00e+00	0.00e+00	0.00e+00	0.00e+00	6.71e-01	1.09e-07	1.02e-07
 7.91357e+22	6.83e-01	3.16e-01	9.41e-04	1.86e-06	0.00e+00	0.00e+00	0.00e+00	0.00e+00	0.00e+00	6.83e-01	1.09e-07	1.02e-07
 7.91942e+22	6.93e-01	3.06e-01	8.52e-04	1.74e-06	0.00e+00	0.00e+00	0.00e+00	0.00e+00	0.00e+00	6.93e-01	1.09e-07	1.02e-07
 7.92534e+22	7.04e-01	2.95e-01	7.70e-04	1.63e-06	0.00e+00	0.00e+00	0.00e+00	0.00e+00	0.00e+00	7.04e-01	1.09e-07	1.02e-07
 7.93147e+22	7.14e-01	2.85e-01	6.95e-04	1.52e-06	0.00e+00	0.00e+00	0.00e+00	0.00e+00	0.00e+00	7.14e-01	1.09e-07	1.02e-07
 7.93782e+22	7.25e-01	2.75e-01	6.25e-04	1.42e-06	0.00e+00	0.00e+00	0.00e+00	0.00e+00	0.00e+00	7.25e-01	1.09e-07	1.01e-07
 7.94421e+22	7.35e-01	2.65e-01	5.62e-04	1.33e-06	0.00e+00	0.00e+00	0.00e+00	0.00e+00	0.00e+00	7.35e-01	1.08e-07	1.01e-07
 7.95062e+22	7.44e-01	2.55e-01	5.06e-04	1.25e-06	0.00e+00	0.00e+00	0.00e+00	0.00e+00	0.00e+00	7.44e-01	1.08e-07	1.01e-07
 7.95721e+22	7.54e-01	2.46e-01	4.55e-04	1.17e-06	0.00e+00	0.00e+00	0.00e+00	0.00e+00	0.00e+00	7.54e-01	1.08e-07	1.00e-07
 7.96402e+22	7.63e-01	2.37e-01	4.08e-04	1.09e-06	0.00e+00	0.00e+00	0.00e+00	0.00e+00	0.00e+00	7.63e-01	1.07e-07	9.98e-08
 7.97096e+22	7.72e-01	2.27e-01	3.66e-04	1.03e-06	0.00e+00	0.00e+00	0.00e+00	0.00e+00	0.00e+00	7.72e-01	1.07e-07	9.92e-08
 7.97799e+22	7.81e-01	2.19e-01	3.28e-04	9.61e-07	0.00e+00	0.00e+00	0.00e+00	0.00e+00	0.00e+00	7.81e-01	1.06e-07	9.87e-08
 7.98515e+22	7.89e-01	2.10e-01	2.95e-04	9.01e-07	0.00e+00	0.00e+00	0.00e+00	0.00e+00	0.00e+00	7.89e-01	1.06e-07	9.81e-08
 7.99252e+22	7.98e-01	2.02e-01	2.64e-04	8.44e-07	0.00e+00	0.00e+00	0.00e+00	0.00e+00	0.00e+00	7.98e-01	1.05e-07	9.76e-08
 8.00008e+22	8.06e-01	1.94e-01	2.36e-04	7.91e-07	0.00e+00	0.00e+00	0.00e+00	0.00e+00	0.00e+00	8.06e-01	1.04e-07	9.70e-08
 8.00782e+22	8.13e-01	1.86e-01	2.12e-04	7.41e-07	0.00e+00	0.00e+00	0.00e+00	0.00e+00	0.00e+00	8.13e-01	1.04e-07	9.64e-08
 8.01572e+22	8.21e-01	1.79e-01	1.90e-04	6.95e-07	0.00e+00	0.00e+00	0.00e+00	0.00e+00	0.00e+00	8.21e-01	1.03e-07	9.57e-08
 8.02383e+22	8.28e-01	1.72e-01	1.70e-04	6.51e-07	0.00e+00	0.00e+00	0.00e+00	0.00e+00	0.00e+00	8.28e-01	1.03e-07	9.51e-08
 8.03220e+22	8.35e-01	1.65e-01	1.53e-04	6.11e-07	0.00e+00	0.00e+00	0.00e+00	0.00e+00	0.00e+00	8.35e-01	1.02e-07	9.45e-08
 8.04082e+22	8.42e-01	1.58e-01	1.37e-04	5.72e-07	0.00e+00	0.00e+00	0.00e+00	0.00e+00	0.00e+00	8.42e-01	1.01e-07	9.39e-08
 8.04967e+22	8.48e-01	1.51e-01	1.24e-04	5.37e-07	0.00e+00	0.00e+00	0.00e+00	0.00e+00	0.00e+00	8.48e-01	1.01e-07	9.34e-08
 8.05867e+22	8.55e-01	1.45e-01	1.12e-04	5.04e-07	0.00e+00	0.00e+00	0.00e+00	0.00e+00	0.00e+00	8.55e-01	1.00e-07	9.28e-08
 8.06782e+22	8.60e-01	1.40e-01	1.01e-04	4.74e-07	0.00e+00	0.00e+00	0.00e+00	0.00e+00	0.00e+00	8.60e-01	9.99e-08	9.24e-08
 8.07712e+22	8.66e-01	1.34e-01	9.23e-05	4.47e-07	0.00e+00	0.00e+00	0.00e+00	0.00e+00	0.00e+00	8.66e-01	9.95e-08	9.19e-08
 8.08664e+22	8.71e-01	1.29e-01	8.42e-05	4.20e-07	0.00e+00	0.00e+00	0.00e+00	0.00e+00	0.00e+00	8.71e-01	9.91e-08	9.14e-08
 8.09654e+22	8.76e-01	1.24e-01	7.70e-05	3.95e-07	0.00e+00	0.00e+00	0.00e+00	0.00e+00	0.00e+00	8.76e-01	9.85e-08	9.05e-08
 8.10683e+22	8.81e-01	1.19e-01	7.06e-05	3.72e-07	0.00e+00	0.00e+00	0.00e+00	0.00e+00	0.00e+00	8.81e-01	9.80e-08	8.96e-08
 8.11716e+22	8.85e-01	1.14e-01	6.53e-05	3.51e-07	0.00e+00	0.00e+00	0.00e+00	0.00e+00	0.00e+00	8.85e-01	9.76e-08	8.88e-08
 8.12750e+22	8.90e-01	1.10e-01	6.06e-05	3.32e-07	0.00e+00	0.00e+00	0.00e+00	0.00e+00	0.00e+00	8.90e-01	9.72e-08	8.80e-08
 8.13842e+22	8.94e-01	1.06e-01	5.63e-05	3.13e-07	0.00e+00	0.00e+00	0.00e+00	0.00e+00	0.00e+00	8.94e-01	9.69e-08	8.74e-08
 8.14990e+22	8.98e-01	1.02e-01	5.25e-05	2.95e-07	0.00e+00	0.00e+00	0.00e+00	0.00e+00	0.00e+00	8.98e-01	9.66e-08	8.66e-08
 8.16154e+22	9.02e-01	9.84e-02	4.92e-05	2.79e-07	0.00e+00	0.00e+00	0.00e+00	0.00e+00	0.00e+00	9.02e-01	9.64e-08	8.59e-08
