#depth	Si	Si+	Si+2	Si+3	Si+4	Si+5	Si+6	Si+7	Si+8	Si+9	Si+10	Si+11	Si+12	Si+13	Si+14
 1.54284e+22	3.46e-28	2.31e-15	1.46e-12	1.21e-10	5.55e-07	1.42e-04	7.18e-03	7.26e-02	2.37e-01	2.97e-01	1.56e-01	8.53e-02	1.26e-01	1.83e-02	8.29e-04
 3.40645e+22	5.19e-27	4.85e-14	1.83e-11	8.39e-10	2.37e-06	5.21e-04	2.18e-02	1.69e-01	3.48e-01	2.84e-01	9.67e-02	3.84e-02	3.74e-02	3.23e-03	8.77e-05
 3.87381e+22	2.12e-26	1.99e-13	5.66e-11	1.99e-09	4.30e-06	8.72e-04	3.34e-02	2.33e-01	3.75e-01	2.46e-01	6.79e-02	2.40e-02	1.89e-02	1.27e-03	2.68e-05
 4.09370e+22	4.16e-26	4.16e-13	1.02e-10	3.13e-09	5.90e-06	1.13e-03	4.12e-02	2.69e-01	3.80e-01	2.22e-01	5.49e-02	1.85e-02	1.30e-02	7.64e-04	1.42e-05
 4.18877e+22	5.08e-26	5.20e-13	1.22e-10	3.61e-09	6.52e-06	1.23e-03	4.38e-02	2.81e-01	3.80e-01	2.14e-01	5.13e-02	1.70e-02	1.16e-02	6.53e-04	1.17e-05
 4.23779e+22	6.47e-26	6.88e-13	1.53e-10	4.32e-09	7.38e-06	1.35e-03	4.72e-02	2.96e-01	3.79e-01	2.04e-01	4.69e-02	1.54e-02	9.98e-03	5.37e-04	9.13e-06
 4.29185e+22	8.18e-26	9.06e-13	1.91e-10	5.15e-09	8.37e-06	1.49e-03	5.08e-02	3.11e-01	3.77e-01	1.94e-01	4.29e-02	1.38e-02	8.62e-03	4.42e-04	7.17e-06
 4.34576e+22	1.04e-25	1.20e-12	2.39e-10	6.19e-09	9.53e-06	1.65e-03	5.47e-02	3.26e-01	3.75e-01	1.84e-01	3.91e-02	1.24e-02	7.41e-03	3.62e-04	5.59e-06
 4.39954e+22	1.31e-25	1.58e-12	2.99e-10	7.43e-09	1.09e-05	1.83e-03	5.88e-02	3.41e-01	3.71e-01	1.74e-01	3.56e-02	1.12e-02	6.37e-03	2.96e-04	4.36e-06
 4.45311e+22	1.65e-25	2.09e-12	3.76e-10	8.96e-09	1.24e-05	2.02e-03	6.32e-02	3.56e-01	3.67e-01	1.64e-01	3.22e-02	9.99e-03	5.45e-03	2.42e-04	3.39e-06
 4.50686e+22	2.07e-25	2.76e-12	4.72e-10	1.08e-08	1.42e-05	2.24e-03	6.79e-02	3.71e-01	3.62e-01	1.54e-01	2.91e-02	8.93e-03	4.66e-03	1.97e-04	2.64e-06
 4.56082e+22	2.61e-25	3.66e-12	5.95e-10	1.31e-08	1.64e-05	2.48e-03	7.29e-02	3.86e-01	3.55e-01	1.45e-01	2.62e-02	7.95e-03	3.97e-03	1.60e-04	2.04e-06
 4.61522e+22	3.30e-25	4.84e-12	7.50e-10	1.59e-08	1.89e-05	2.75e-03	7.82e-02	4.01e-01	3.48e-01	1.35e-01	2.36e-02	7.06e-03	3.37e-03	1.29e-04	1.57e-06
 4.67011e+22	4.17e-25	6.42e-12	9.47e-10	1.94e-08	2.18e-05	3.06e-03	8.38e-02	4.16e-01	3.41e-01	1.26e-01	2.11e-02	6.26e-03	2.85e-03	1.04e-04	1.21e-06
 4.72572e+22	5.30e-25	8.51e-12	1.20e-09	2.37e-08	2.53e-05	3.40e-03	8.98e-02	4.31e-01	3.32e-01	1.17e-01	1.88e-02	5.53e-03	2.41e-03	8.37e-05	9.24e-07
 4.78156e+22	6.74e-25	1.12e-11	1.51e-09	2.89e-08	2.92e-05	3.77e-03	9.61e-02	4.45e-01	3.23e-01	1.08e-01	1.68e-02	4.88e-03	2.03e-03	6.72e-05	7.08e-07
 4.83835e+22	8.67e-25	1.49e-11	1.92e-09	3.56e-08	3.40e-05	4.20e-03	1.03e-01	4.59e-01	3.13e-01	1.00e-01	1.49e-02	4.27e-03	1.70e-03	5.35e-05	5.36e-07
 4.89585e+22	1.13e-24	1.97e-11	2.43e-09	4.35e-08	3.95e-05	4.66e-03	1.10e-01	4.72e-01	3.03e-01	9.22e-02	1.32e-02	3.75e-03	1.42e-03	4.27e-05	4.07e-07
 4.95452e+22	1.48e-24	2.63e-11	3.10e-09	5.39e-08	4.62e-05	5.20e-03	1.17e-01	4.85e-01	2.92e-01	8.45e-02	1.16e-02	3.26e-03	1.18e-03	3.36e-05	3.05e-07
 5.00903e+22	1.84e-24	3.30e-11	3.77e-09	6.38e-08	5.23e-05	5.67e-03	1.24e-01	4.95e-01	2.83e-01	7.87e-02	1.04e-02	2.91e-03	1.02e-03	2.78e-05	2.42e-07
 5.06518e+22	2.45e-24	4.42e-11	4.85e-09	7.96e-08	6.16e-05	6.34e-03	1.32e-01	5.07e-01	2.71e-01	7.15e-02	9.08e-03	2.51e-03	8.33e-04	2.16e-05	1.78e-07
 5.12241e+22	3.11e-24	5.56e-11	5.91e-09	9.46e-08	7.00e-05	6.92e-03	1.39e-01	5.15e-01	2.61e-01	6.62e-02	8.14e-03	2.23e-03	7.12e-04	1.77e-05	1.40e-07
 5.18104e+22	4.22e-24	7.48e-11	7.64e-09	1.19e-07	8.27e-05	7.75e-03	1.49e-01	5.26e-01	2.48e-01	5.98e-02	7.03e-03	1.90e-03	5.77e-04	1.36e-05	0.00e+00
 5.23979e+22	5.36e-24	9.31e-11	9.24e-09	1.41e-07	9.36e-05	8.42e-03	1.56e-01	5.32e-01	2.39e-01	5.54e-02	6.31e-03	1.69e-03	4.94e-04	1.11e-05	0.00e+00
 5.29870e+22	7.31e-24	1.24e-10	1.19e-08	1.75e-07	1.10e-04	9.39e-03	1.66e-01	5.41e-01	2.27e-01	4.99e-02	5.45e-03	1.44e-03	4.01e-04	8.57e-06	0.00e+00
 5.35804e+22	9.34e-24	1.53e-10	1.43e-08	2.08e-07	1.25e-04	1.02e-02	1.74e-01	5.46e-01	2.17e-01	4.60e-02	4.87e-03	1.28e-03	3.42e-04	7.01e-06	0.00e+00
 5.41791e+22	1.28e-23	2.03e-10	1.83e-08	2.59e-07	1.46e-04	1.13e-02	1.84e-01	5.52e-01	2.05e-01	4.14e-02	4.20e-03	1.09e-03	2.77e-04	5.38e-06	0.00e+00
 5.47832e+22	1.65e-23	2.50e-10	2.21e-08	3.06e-07	1.65e-04	1.23e-02	1.92e-01	5.56e-01	1.96e-01	3.81e-02	3.75e-03	9.60e-04	2.36e-04	4.39e-06	0.00e+00
 5.53944e+22	2.27e-23	3.29e-10	2.82e-08	3.80e-07	1.94e-04	1.36e-02	2.03e-01	5.60e-01	1.85e-01	3.42e-02	3.23e-03	8.14e-04	1.91e-04	3.36e-06	0.00e+00
 5.60134e+22	2.92e-23	4.05e-10	3.40e-08	4.50e-07	2.19e-04	1.48e-02	2.12e-01	5.62e-01	1.76e-01	3.14e-02	2.87e-03	7.16e-04	1.62e-04	2.73e-06	0.00e+00
 5.66425e+22	4.05e-23	5.30e-10	4.32e-08	5.60e-07	2.57e-04	1.64e-02	2.24e-01	5.64e-01	1.65e-01	2.80e-02	2.46e-03	6.05e-04	1.30e-04	2.07e-06	0.00e+00
 5.72827e+22	5.24e-23	6.54e-10	5.23e-08	6.64e-07	2.91e-04	1.77e-02	2.33e-01	5.64e-01	1.57e-01	2.56e-02	2.18e-03	5.30e-04	1.10e-04	1.67e-06	0.00e+00
 5.79374e+22	7.32e-23	8.56e-10	6.67e-08	8.29e-07	3.42e-04	1.97e-02	2.45e-01	5.64e-01	1.46e-01	2.28e-02	1.86e-03	4.44e-04	8.74e-05	1.26e-06	0.00e+00
 5.86063e+22	9.54e-23	1.06e-09	8.09e-08	9.87e-07	3.88e-04	2.13e-02	2.55e-01	5.63e-01	1.38e-01	2.08e-02	1.64e-03	3.87e-04	7.32e-05	1.01e-06	0.00e+00
 5.92939e+22	1.34e-22	1.39e-09	1.04e-07	1.24e-06	4.57e-04	2.36e-02	2.68e-01	5.60e-01	1.28e-01	1.83e-02	1.39e-03	3.22e-04	5.79e-05	7.54e-07	0.00e+00
 5.99968e+22	1.76e-22	1.72e-09	1.26e-07	1.48e-06	5.19e-04	2.56e-02	2.78e-01	5.58e-01	1.20e-01	1.66e-02	1.22e-03	2.78e-04	4.82e-05	5.99e-07	0.00e+00
 6.05891e+22	2.24e-22	2.08e-09	1.50e-07	1.73e-06	5.82e-04	2.75e-02	2.87e-01	5.54e-01	1.14e-01	1.52e-02	1.08e-03	2.45e-04	4.09e-05	4.88e-07	0.00e+00
 6.12285e+22	3.04e-22	2.64e-09	1.88e-07	2.12e-06	6.73e-04	3.01e-02	2.99e-01	5.50e-01	1.06e-01	1.36e-02	9.31e-04	2.07e-04	3.30e-05	3.73e-07	0.00e+00
 6.18519e+22	3.78e-22	3.13e-09	2.20e-07	2.45e-06	7.47e-04	3.21e-02	3.08e-01	5.46e-01	1.00e-01	1.25e-02	8.35e-04	1.83e-04	2.83e-05	3.08e-07	0.00e+00
 6.24544e+22	5.00e-22	3.91e-09	2.70e-07	2.97e-06	8.56e-04	3.49e-02	3.19e-01	5.40e-01	9.34e-02	1.12e-02	7.22e-04	1.56e-04	2.31e-05	2.39e-07	0.00e+00
 6.30626e+22	6.23e-22	4.63e-09	3.16e-07	3.42e-06	9.47e-04	3.71e-02	3.28e-01	5.35e-01	8.85e-02	1.04e-02	6.49e-04	1.38e-04	1.98e-05	1.98e-07	0.00e+00
 6.36783e+22	8.22e-22	5.76e-09	3.88e-07	4.14e-06	1.08e-03	4.03e-02	3.39e-01	5.27e-01	8.22e-02	9.29e-03	5.61e-04	1.18e-04	1.62e-05	1.53e-07	0.00e+00
 6.43025e+22	1.03e-21	6.83e-09	4.55e-07	4.78e-06	1.20e-03	4.29e-02	3.48e-01	5.21e-01	7.77e-02	8.54e-03	5.01e-04	1.04e-04	1.38e-05	1.26e-07	0.00e+00
 6.49379e+22	1.36e-21	8.51e-09	5.60e-07	5.79e-06	1.38e-03	4.66e-02	3.59e-01	5.13e-01	7.18e-02	7.62e-03	4.32e-04	8.80e-05	1.12e-05	0.00e+00	0.00e+00
 6.55825e+22	1.70e-21	1.01e-08	6.58e-07	6.70e-06	1.53e-03	4.96e-02	3.68e-01	5.06e-01	6.77e-02	6.99e-03	3.85e-04	7.74e-05	9.56e-06	0.00e+00	0.00e+00
 6.62390e+22	2.25e-21	1.26e-08	8.12e-07	8.14e-06	1.75e-03	5.38e-02	3.80e-01	4.96e-01	6.24e-02	6.22e-03	3.30e-04	6.53e-05	7.71e-06	0.00e+00	0.00e+00
 6.69068e+22	2.83e-21	1.50e-08	9.55e-07	9.43e-06	1.94e-03	5.73e-02	3.88e-01	4.88e-01	5.86e-02	5.69e-03	2.94e-04	5.72e-05	6.54e-06	0.00e+00	0.00e+00
 6.75892e+22	3.76e-21	1.88e-08	1.18e-06	1.15e-05	2.23e-03	6.22e-02	4.00e-01	4.77e-01	5.37e-02	5.04e-03	2.50e-04	4.79e-05	5.23e-06	0.00e+00	0.00e+00
 6.82851e+22	4.76e-21	2.25e-08	1.40e-06	1.34e-05	2.48e-03	6.62e-02	4.09e-01	4.68e-01	5.02e-02	4.59e-03	2.22e-04	4.18e-05	4.41e-06	0.00e+00	0.00e+00
 6.89985e+22	6.36e-21	2.82e-08	1.74e-06	1.64e-05	2.87e-03	7.19e-02	4.20e-01	4.55e-01	4.58e-02	4.05e-03	1.88e-04	3.48e-05	3.50e-06	0.00e+00	0.00e+00
 6.97305e+22	8.10e-21	3.40e-08	2.07e-06	1.93e-05	3.20e-03	7.67e-02	4.29e-01	4.45e-01	4.26e-02	3.66e-03	1.65e-04	3.01e-05	2.92e-06	0.00e+00	0.00e+00
 7.04867e+22	1.10e-20	4.30e-08	2.60e-06	2.37e-05	3.70e-03	8.33e-02	4.40e-01	4.31e-01	3.86e-02	3.21e-03	1.38e-04	2.48e-05	2.30e-06	0.00e+00	0.00e+00
 7.12536e+22	1.40e-20	5.19e-08	3.10e-06	2.79e-05	4.14e-03	8.88e-02	4.48e-01	4.20e-01	3.57e-02	2.90e-03	1.21e-04	2.14e-05	1.90e-06	0.00e+00	0.00e+00
 7.20344e+22	1.90e-20	6.59e-08	3.90e-06	3.44e-05	4.79e-03	9.64e-02	4.59e-01	4.05e-01	3.22e-02	2.53e-03	1.01e-04	1.76e-05	1.49e-06	0.00e+00	0.00e+00
 7.28244e+22	2.44e-20	7.95e-08	4.65e-06	4.04e-05	5.35e-03	1.03e-01	4.66e-01	3.94e-01	2.97e-02	2.28e-03	8.83e-05	1.51e-05	1.23e-06	0.00e+00	0.00e+00
 7.36263e+22	3.31e-20	1.01e-07	5.86e-06	5.00e-05	6.19e-03	1.11e-01	4.76e-01	3.78e-01	2.66e-02	1.98e-03	7.34e-05	1.23e-05	9.55e-07	0.00e+00	0.00e+00
 7.44395e+22	4.25e-20	1.22e-07	7.01e-06	5.88e-05	6.91e-03	1.18e-01	4.82e-01	3.66e-01	2.45e-02	1.78e-03	6.37e-05	1.05e-05	7.86e-07	0.00e+00	0.00e+00
 7.51535e+22	5.40e-20	1.47e-07	8.36e-06	6.91e-05	7.72e-03	1.26e-01	4.89e-01	3.54e-01	2.25e-02	1.59e-03	5.52e-05	9.01e-06	6.46e-07	0.00e+00	0.00e+00
 7.59677e+22	7.33e-20	1.86e-07	1.05e-05	8.49e-05	8.87e-03	1.35e-01	4.96e-01	3.38e-01	2.01e-02	1.39e-03	4.60e-05	7.38e-06	5.03e-07	0.00e+00	0.00e+00
 7.67969e+22	9.34e-20	2.24e-07	1.25e-05	1.01e-04	9.94e-03	1.44e-01	5.01e-01	3.26e-01	1.83e-02	1.23e-03	3.95e-05	6.25e-06	4.08e-07	0.00e+00	0.00e+00
 7.74707e+22	1.16e-19	2.64e-07	1.46e-05	1.16e-04	1.09e-02	1.51e-01	5.05e-01	3.15e-01	1.69e-02	1.12e-03	3.47e-05	5.44e-06	3.43e-07	0.00e+00	0.00e+00
 7.81718e+22	1.49e-19	3.20e-07	1.75e-05	1.36e-04	1.22e-02	1.60e-01	5.09e-01	3.02e-01	1.54e-02	9.99e-04	2.99e-05	4.61e-06	2.79e-07	0.00e+00	0.00e+00
 7.89081e+22	1.86e-19	3.79e-07	2.06e-05	1.58e-04	1.34e-02	1.68e-01	5.12e-01	2.91e-01	1.41e-02	9.00e-04	2.61e-05	3.97e-06	2.32e-07	0.00e+00	0.00e+00
 7.95830e+22	2.30e-19	4.47e-07	2.41e-05	1.82e-04	1.48e-02	1.77e-01	5.14e-01	2.80e-01	1.30e-02	8.12e-04	2.28e-05	3.43e-06	1.93e-07	0.00e+00	0.00e+00
 8.03533e+22	3.03e-19	5.50e-07	2.94e-05	2.17e-04	1.66e-02	1.88e-01	5.17e-01	2.67e-01	1.17e-02	7.14e-04	1.92e-05	2.85e-06	1.53e-07	0.00e+00	0.00e+00
 8.11434e+22	3.81e-19	6.57e-07	3.49e-05	2.55e-04	1.85e-02	1.98e-01	5.18e-01	2.55e-01	1.06e-02	6.35e-04	1.65e-05	2.42e-06	1.24e-07	0.00e+00	0.00e+00
 8.18368e+22	4.74e-19	7.75e-07	4.07e-05	2.93e-04	2.03e-02	2.07e-01	5.18e-01	2.44e-01	9.67e-03	5.72e-04	1.44e-05	2.09e-06	0.00e+00	0.00e+00	0.00e+00
 8.26157e+22	6.21e-19	9.52e-07	4.95e-05	3.49e-04	2.27e-02	2.19e-01	5.18e-01	2.31e-01	8.65e-03	5.01e-04	1.21e-05	1.73e-06	0.00e+00	0.00e+00	0.00e+00
 8.34333e+22	7.88e-19	1.14e-06	5.89e-05	4.10e-04	2.52e-02	2.30e-01	5.17e-01	2.19e-01	7.77e-03	4.43e-04	1.03e-05	1.46e-06	0.00e+00	0.00e+00	0.00e+00
 8.41744e+22	9.89e-19	1.36e-06	6.93e-05	4.75e-04	2.77e-02	2.40e-01	5.15e-01	2.09e-01	7.05e-03	3.96e-04	8.85e-06	1.24e-06	0.00e+00	0.00e+00	0.00e+00
 8.50112e+22	1.32e-18	1.68e-06	8.49e-05	5.70e-04	3.11e-02	2.53e-01	5.12e-01	1.96e-01	6.23e-03	3.43e-04	7.33e-06	1.02e-06	0.00e+00	0.00e+00	0.00e+00
 8.58740e+22	1.68e-18	2.03e-06	1.01e-04	6.72e-04	3.45e-02	2.66e-01	5.09e-01	1.85e-01	5.55e-03	3.01e-04	6.17e-06	8.46e-07	0.00e+00	0.00e+00	0.00e+00
 8.66412e+22	2.12e-18	2.41e-06	1.19e-04	7.78e-04	3.79e-02	2.77e-01	5.05e-01	1.75e-01	5.00e-03	2.67e-04	5.27e-06	7.17e-07	0.00e+00	0.00e+00	0.00e+00
 8.75093e+22	2.84e-18	3.00e-06	1.47e-04	9.35e-04	4.26e-02	2.91e-01	4.98e-01	1.62e-01	4.37e-03	2.29e-04	4.32e-06	5.80e-07	0.00e+00	0.00e+00	0.00e+00
 8.84116e+22	3.66e-18	3.64e-06	1.76e-04	1.10e-03	4.72e-02	3.04e-01	4.92e-01	1.52e-01	3.86e-03	2.00e-04	3.60e-06	4.79e-07	0.00e+00	0.00e+00	0.00e+00
 8.92238e+22	4.64e-18	4.35e-06	2.08e-04	1.28e-03	5.18e-02	3.16e-01	4.85e-01	1.42e-01	3.44e-03	1.75e-04	3.04e-06	4.00e-07	0.00e+00	0.00e+00	0.00e+00
 9.01448e+22	6.22e-18	5.47e-06	2.58e-04	1.56e-03	5.84e-02	3.31e-01	4.75e-01	1.31e-01	2.96e-03	1.48e-04	2.44e-06	3.18e-07	0.00e+00	0.00e+00	0.00e+00
 9.10937e+22	8.04e-18	6.63e-06	3.09e-04	1.83e-03	6.44e-02	3.44e-01	4.66e-01	1.21e-01	2.59e-03	1.28e-04	2.02e-06	2.60e-07	0.00e+00	0.00e+00	0.00e+00
 9.19486e+22	1.03e-17	7.99e-06	3.68e-04	2.14e-03	7.08e-02	3.56e-01	4.56e-01	1.12e-01	2.28e-03	1.11e-04	1.67e-06	2.14e-07	0.00e+00	0.00e+00	0.00e+00
 9.29295e+22	1.42e-17	1.01e-05	4.59e-04	2.62e-03	7.98e-02	3.71e-01	4.42e-01	1.02e-01	1.93e-03	9.22e-05	1.32e-06	1.67e-07	0.00e+00	0.00e+00	0.00e+00
 9.39222e+22	1.83e-17	1.23e-05	5.49e-04	3.09e-03	8.79e-02	3.83e-01	4.30e-01	9.35e-02	1.67e-03	7.89e-05	1.07e-06	1.35e-07	0.00e+00	0.00e+00	0.00e+00
 9.49300e+22	2.55e-17	1.56e-05	6.86e-04	3.76e-03	9.86e-02	3.97e-01	4.14e-01	8.40e-02	1.40e-03	6.51e-05	8.37e-07	0.00e+00	0.00e+00	0.00e+00	0.00e+00
 9.59498e+22	3.31e-17	1.90e-05	8.20e-04	4.42e-03	1.08e-01	4.08e-01	4.00e-01	7.66e-02	1.21e-03	5.54e-05	6.79e-07	0.00e+00	0.00e+00	0.00e+00	0.00e+00
 9.69851e+22	4.62e-17	2.42e-05	1.03e-03	5.40e-03	1.21e-01	4.21e-01	3.82e-01	6.79e-02	9.99e-04	4.50e-05	5.20e-07	0.00e+00	0.00e+00	0.00e+00	0.00e+00
 9.80301e+22	6.02e-17	2.94e-05	1.23e-03	6.33e-03	1.32e-01	4.31e-01	3.67e-01	6.15e-02	8.55e-04	3.81e-05	4.19e-07	0.00e+00	0.00e+00	0.00e+00	0.00e+00
 9.90879e+22	8.47e-17	3.76e-05	1.53e-03	7.75e-03	1.48e-01	4.41e-01	3.47e-01	5.40e-02	6.98e-04	3.06e-05	3.16e-07	0.00e+00	0.00e+00	0.00e+00	0.00e+00
 1.00157e+23	1.11e-16	4.56e-05	1.83e-03	9.05e-03	1.61e-01	4.48e-01	3.31e-01	4.85e-02	5.94e-04	2.57e-05	2.53e-07	0.00e+00	0.00e+00	0.00e+00	0.00e+00
 1.01240e+23	1.58e-16	5.85e-05	2.29e-03	1.10e-02	1.79e-01	4.56e-01	3.10e-01	4.20e-02	4.79e-04	2.04e-05	1.89e-07	0.00e+00	0.00e+00	0.00e+00	0.00e+00
 1.02337e+23	2.09e-16	7.13e-05	2.73e-03	1.29e-02	1.94e-01	4.60e-01	2.93e-01	3.74e-02	4.03e-04	1.69e-05	1.49e-07	0.00e+00	0.00e+00	0.00e+00	0.00e+00
 1.03453e+23	3.01e-16	9.18e-05	3.41e-03	1.57e-02	2.14e-01	4.64e-01	2.71e-01	3.20e-02	3.21e-04	1.32e-05	1.09e-07	0.00e+00	0.00e+00	0.00e+00	0.00e+00
 1.04549e+23	3.95e-16	1.11e-04	4.02e-03	1.81e-02	2.30e-01	4.65e-01	2.54e-01	2.84e-02	2.70e-04	1.10e-05	0.00e+00	0.00e+00	0.00e+00	0.00e+00	0.00e+00
 1.05618e+23	5.63e-16	1.40e-04	4.95e-03	2.18e-02	2.51e-01	4.64e-01	2.34e-01	2.42e-02	2.15e-04	8.60e-06	0.00e+00	0.00e+00	0.00e+00	0.00e+00	0.00e+00
 1.06648e+23	7.32e-16	1.67e-04	5.73e-03	2.46e-02	2.66e-01	4.62e-01	2.20e-01	2.16e-02	1.83e-04	7.25e-06	0.00e+00	0.00e+00	0.00e+00	0.00e+00	0.00e+00
 1.07629e+23	1.02e-15	2.07e-04	6.89e-03	2.90e-02	2.87e-01	4.57e-01	2.02e-01	1.84e-02	1.48e-04	5.74e-06	0.00e+00	0.00e+00	0.00e+00	0.00e+00	0.00e+00
 1.08608e+23	1.33e-15	2.44e-04	7.94e-03	3.26e-02	3.02e-01	4.52e-01	1.88e-01	1.63e-02	1.25e-04	4.79e-06	0.00e+00	0.00e+00	0.00e+00	0.00e+00	0.00e+00
 1.09585e+23	1.84e-15	3.01e-04	9.47e-03	3.78e-02	3.22e-01	4.45e-01	1.72e-01	1.40e-02	1.01e-04	3.81e-06	0.00e+00	0.00e+00	0.00e+00	0.00e+00	0.00e+00
 1.10598e+23	2.46e-15	3.61e-04	1.10e-02	4.31e-02	3.40e-01	4.36e-01	1.58e-01	1.21e-02	8.31e-05	3.09e-06	0.00e+00	0.00e+00	0.00e+00	0.00e+00	0.00e+00
 1.11507e+23	3.24e-15	4.29e-04	1.27e-02	4.84e-02	3.56e-01	4.27e-01	1.45e-01	1.05e-02	6.94e-05	2.54e-06	0.00e+00	0.00e+00	0.00e+00	0.00e+00	0.00e+00
 1.12537e+23	4.67e-15	5.34e-04	1.52e-02	5.60e-02	3.76e-01	4.14e-01	1.30e-01	8.78e-03	5.47e-05	1.96e-06	0.00e+00	0.00e+00	0.00e+00	0.00e+00	0.00e+00
 1.13583e+23	6.30e-15	6.38e-04	1.75e-02	6.31e-02	3.93e-01	4.01e-01	1.18e-01	7.51e-03	4.47e-05	1.57e-06	0.00e+00	0.00e+00	0.00e+00	0.00e+00	0.00e+00
 1.14652e+23	9.12e-15	7.95e-04	2.09e-02	7.25e-02	4.11e-01	3.84e-01	1.04e-01	6.19e-03	3.49e-05	1.20e-06	0.00e+00	0.00e+00	0.00e+00	0.00e+00	0.00e+00
 1.15691e+23	1.24e-14	9.40e-04	2.39e-02	8.05e-02	4.25e-01	3.70e-01	9.40e-02	5.29e-03	2.86e-05	9.69e-07	0.00e+00	0.00e+00	0.00e+00	0.00e+00	0.00e+00
 1.16509e+23	1.60e-14	1.09e-03	2.67e-02	8.79e-02	4.36e-01	3.57e-01	8.59e-02	4.61e-03	2.40e-05	8.02e-07	0.00e+00	0.00e+00	0.00e+00	0.00e+00	0.00e+00
 1.17389e+23	2.19e-14	1.30e-03	3.07e-02	9.77e-02	4.49e-01	3.41e-01	7.66e-02	3.88e-03	1.94e-05	6.34e-07	0.00e+00	0.00e+00	0.00e+00	0.00e+00	0.00e+00
 1.18295e+23	2.91e-14	1.50e-03	3.44e-02	1.07e-01	4.59e-01	3.26e-01	6.92e-02	3.34e-03	1.61e-05	5.16e-07	0.00e+00	0.00e+00	0.00e+00	0.00e+00	0.00e+00
 1.19107e+23	3.80e-14	1.74e-03	3.84e-02	1.16e-01	4.67e-01	3.12e-01	6.24e-02	2.87e-03	1.33e-05	4.22e-07	0.00e+00	0.00e+00	0.00e+00	0.00e+00	0.00e+00
 1.20036e+23	5.47e-14	2.09e-03	4.40e-02	1.28e-01	4.76e-01	2.93e-01	5.46e-02	2.36e-03	1.05e-05	3.25e-07	0.00e+00	0.00e+00	0.00e+00	0.00e+00	0.00e+00
 1.20975e+23	7.53e-14	2.42e-03	4.91e-02	1.39e-01	4.82e-01	2.77e-01	4.86e-02	2.00e-03	8.60e-06	2.61e-07	0.00e+00	0.00e+00	0.00e+00	0.00e+00	0.00e+00
 1.21796e+23	1.01e-13	2.79e-03	5.45e-02	1.49e-01	4.86e-01	2.62e-01	4.33e-02	1.70e-03	7.06e-06	2.10e-07	0.00e+00	0.00e+00	0.00e+00	0.00e+00	0.00e+00
 1.22734e+23	1.50e-13	3.33e-03	6.20e-02	1.63e-01	4.89e-01	2.43e-01	3.74e-02	1.38e-03	5.50e-06	1.59e-07	0.00e+00	0.00e+00	0.00e+00	0.00e+00	0.00e+00
 1.23689e+23	2.16e-13	3.85e-03	6.89e-02	1.75e-01	4.91e-01	2.27e-01	3.28e-02	1.15e-03	4.44e-06	1.26e-07	0.00e+00	0.00e+00	0.00e+00	0.00e+00	0.00e+00
 1.24535e+23	3.01e-13	4.44e-03	7.60e-02	1.87e-01	4.90e-01	2.12e-01	2.88e-02	9.62e-04	3.59e-06	0.00e+00	0.00e+00	0.00e+00	0.00e+00	0.00e+00	0.00e+00
 1.25506e+23	4.82e-13	5.28e-03	8.60e-02	2.03e-01	4.87e-01	1.93e-01	2.43e-02	7.64e-04	2.74e-06	0.00e+00	0.00e+00	0.00e+00	0.00e+00	0.00e+00	0.00e+00
 1.26492e+23	7.49e-13	6.10e-03	9.48e-02	2.16e-01	4.83e-01	1.78e-01	2.10e-02	6.27e-04	2.18e-06	0.00e+00	0.00e+00	0.00e+00	0.00e+00	0.00e+00	0.00e+00
 1.27497e+23	1.27e-12	7.27e-03	1.07e-01	2.32e-01	4.76e-01	1.60e-01	1.74e-02	4.89e-04	1.63e-06	0.00e+00	0.00e+00	0.00e+00	0.00e+00	0.00e+00	0.00e+00
 1.28512e+23	2.14e-12	8.39e-03	1.17e-01	2.45e-01	4.68e-01	1.46e-01	1.49e-02	3.95e-04	1.28e-06	0.00e+00	0.00e+00	0.00e+00	0.00e+00	0.00e+00	0.00e+00
 1.29403e+23	3.37e-12	9.61e-03	1.28e-01	2.58e-01	4.58e-01	1.33e-01	1.27e-02	3.21e-04	1.01e-06	0.00e+00	0.00e+00	0.00e+00	0.00e+00	0.00e+00	0.00e+00
 1.30422e+23	7.48e-12	1.14e-02	1.43e-01	2.74e-01	4.45e-01	1.17e-01	1.03e-02	2.45e-04	7.40e-07	0.00e+00	0.00e+00	0.00e+00	0.00e+00	0.00e+00	0.00e+00
 1.31461e+23	1.28e-11	1.31e-02	1.55e-01	2.86e-01	4.32e-01	1.05e-01	8.65e-03	1.95e-04	5.71e-07	0.00e+00	0.00e+00	0.00e+00	0.00e+00	0.00e+00	0.00e+00
 1.32524e+23	2.75e-11	1.54e-02	1.72e-01	3.00e-01	4.14e-01	9.14e-02	6.89e-03	1.46e-04	4.11e-07	0.00e+00	0.00e+00	0.00e+00	0.00e+00	0.00e+00	0.00e+00
 1.33609e+23	5.59e-11	1.78e-02	1.87e-01	3.12e-01	3.97e-01	8.07e-02	5.65e-03	1.14e-04	3.09e-07	0.00e+00	0.00e+00	0.00e+00	0.00e+00	0.00e+00	0.00e+00
 1.34570e+23	8.49e-11	2.02e-02	2.01e-01	3.22e-01	3.81e-01	7.14e-02	4.67e-03	8.93e-05	2.36e-07	0.00e+00	0.00e+00	0.00e+00	0.00e+00	0.00e+00	0.00e+00
 1.35668e+23	1.55e-10	2.37e-02	2.20e-01	3.33e-01	3.59e-01	6.07e-02	3.63e-03	6.51e-05	1.66e-07	0.00e+00	0.00e+00	0.00e+00	0.00e+00	0.00e+00	0.00e+00
 1.36797e+23	2.46e-10	2.71e-02	2.37e-01	3.41e-01	3.40e-01	5.26e-02	2.91e-03	4.95e-05	1.22e-07	0.00e+00	0.00e+00	0.00e+00	0.00e+00	0.00e+00	0.00e+00
 1.37664e+23	3.26e-10	2.98e-02	2.48e-01	3.46e-01	3.26e-01	4.74e-02	2.49e-03	4.07e-05	0.00e+00	0.00e+00	0.00e+00	0.00e+00	0.00e+00	0.00e+00	0.00e+00
 1.38112e+23	3.37e-10	3.03e-02	2.51e-01	3.47e-01	3.23e-01	4.63e-02	2.40e-03	3.90e-05	0.00e+00	0.00e+00	0.00e+00	0.00e+00	0.00e+00	0.00e+00	0.00e+00
 1.38269e+23	3.54e-10	3.09e-02	2.53e-01	3.48e-01	3.20e-01	4.54e-02	2.33e-03	3.75e-05	0.00e+00	0.00e+00	0.00e+00	0.00e+00	0.00e+00	0.00e+00	0.00e+00
 1.38424e+23	3.83e-10	3.17e-02	2.56e-01	3.49e-01	3.17e-01	4.41e-02	2.24e-03	3.57e-05	0.00e+00	0.00e+00	0.00e+00	0.00e+00	0.00e+00	0.00e+00	0.00e+00
 1.38627e+23	4.08e-10	3.24e-02	2.59e-01	3.50e-01	3.13e-01	4.28e-02	2.14e-03	3.38e-05	0.00e+00	0.00e+00	0.00e+00	0.00e+00	0.00e+00	0.00e+00	0.00e+00
 1.38890e+23	4.54e-10	3.37e-02	2.64e-01	3.52e-01	3.07e-01	4.10e-02	2.00e-03	3.11e-05	0.00e+00	0.00e+00	0.00e+00	0.00e+00	0.00e+00	0.00e+00	0.00e+00
 1.39231e+23	5.14e-10	3.51e-02	2.70e-01	3.54e-01	3.00e-01	3.88e-02	1.85e-03	2.82e-05	0.00e+00	0.00e+00	0.00e+00	0.00e+00	0.00e+00	0.00e+00	0.00e+00
 1.39676e+23	6.19e-10	3.75e-02	2.79e-01	3.56e-01	2.90e-01	3.59e-02	1.64e-03	2.44e-05	0.00e+00	0.00e+00	0.00e+00	0.00e+00	0.00e+00	0.00e+00	0.00e+00
 1.40253e+23	7.83e-10	4.04e-02	2.89e-01	3.58e-01	2.78e-01	3.26e-02	1.42e-03	2.05e-05	0.00e+00	0.00e+00	0.00e+00	0.00e+00	0.00e+00	0.00e+00	0.00e+00
 1.41004e+23	1.10e-09	4.49e-02	3.03e-01	3.60e-01	2.62e-01	2.84e-02	1.16e-03	1.61e-05	0.00e+00	0.00e+00	0.00e+00	0.00e+00	0.00e+00	0.00e+00	0.00e+00
 1.41808e+23	1.49e-09	4.87e-02	3.15e-01	3.61e-01	2.49e-01	2.53e-02	9.83e-04	1.31e-05	0.00e+00	0.00e+00	0.00e+00	0.00e+00	0.00e+00	0.00e+00	0.00e+00
 1.42681e+23	2.39e-09	5.44e-02	3.31e-01	3.61e-01	2.31e-01	2.16e-02	7.80e-04	9.94e-06	0.00e+00	0.00e+00	0.00e+00	0.00e+00	0.00e+00	0.00e+00	0.00e+00
 1.43570e+23	3.49e-09	5.96e-02	3.43e-01	3.60e-01	2.17e-01	1.89e-02	6.44e-04	7.89e-06	0.00e+00	0.00e+00	0.00e+00	0.00e+00	0.00e+00	0.00e+00	0.00e+00
 1.44480e+23	5.86e-09	6.65e-02	3.58e-01	3.58e-01	2.01e-01	1.60e-02	5.05e-04	5.90e-06	0.00e+00	0.00e+00	0.00e+00	0.00e+00	0.00e+00	0.00e+00	0.00e+00
 1.45408e+23	9.14e-09	7.27e-02	3.70e-01	3.56e-01	1.87e-01	1.38e-02	4.12e-04	4.64e-06	0.00e+00	0.00e+00	0.00e+00	0.00e+00	0.00e+00	0.00e+00	0.00e+00
 1.46359e+23	1.60e-08	8.12e-02	3.85e-01	3.51e-01	1.71e-01	1.15e-02	3.17e-04	3.40e-06	0.00e+00	0.00e+00	0.00e+00	0.00e+00	0.00e+00	0.00e+00	0.00e+00
 1.47320e+23	2.25e-08	8.84e-02	3.96e-01	3.47e-01	1.59e-01	9.92e-03	2.57e-04	2.66e-06	0.00e+00	0.00e+00	0.00e+00	0.00e+00	0.00e+00	0.00e+00	0.00e+00
 1.48296e+23	3.78e-08	9.81e-02	4.09e-01	3.40e-01	1.44e-01	8.20e-03	1.97e-04	1.94e-06	0.00e+00	0.00e+00	0.00e+00	0.00e+00	0.00e+00	0.00e+00	0.00e+00
 1.49306e+23	6.50e-08	1.07e-01	4.20e-01	3.34e-01	1.32e-01	6.94e-03	1.56e-04	1.48e-06	0.00e+00	0.00e+00	0.00e+00	0.00e+00	0.00e+00	0.00e+00	0.00e+00
 1.50362e+23	1.37e-07	1.20e-01	4.32e-01	3.24e-01	1.18e-01	5.59e-03	1.16e-04	1.04e-06	0.00e+00	0.00e+00	0.00e+00	0.00e+00	0.00e+00	0.00e+00	0.00e+00
 1.51427e+23	2.12e-07	1.31e-01	4.40e-01	3.16e-01	1.08e-01	4.68e-03	9.08e-05	7.84e-07	0.00e+00	0.00e+00	0.00e+00	0.00e+00	0.00e+00	0.00e+00	0.00e+00
 1.52505e+23	4.27e-07	1.45e-01	4.50e-01	3.05e-01	9.58e-02	3.75e-03	6.71e-05	5.52e-07	0.00e+00	0.00e+00	0.00e+00	0.00e+00	0.00e+00	0.00e+00	0.00e+00
 1.53610e+23	1.21e-06	1.58e-01	4.57e-01	2.95e-01	8.64e-02	3.10e-03	5.17e-05	4.08e-07	0.00e+00	0.00e+00	0.00e+00	0.00e+00	0.00e+00	0.00e+00	0.00e+00
 1.54747e+23	2.72e-06	1.76e-01	4.64e-01	2.82e-01	7.55e-02	2.42e-03	3.72e-05	2.78e-07	0.00e+00	0.00e+00	0.00e+00	0.00e+00	0.00e+00	0.00e+00	0.00e+00
 1.55887e+23	4.19e-06	1.91e-01	4.68e-01	2.71e-01	6.79e-02	2.00e-03	2.87e-05	2.06e-07	0.00e+00	0.00e+00	0.00e+00	0.00e+00	0.00e+00	0.00e+00	0.00e+00
 1.57029e+23	6.02e-06	2.11e-01	4.71e-01	2.57e-01	5.89e-02	1.55e-03	2.05e-05	1.40e-07	0.00e+00	0.00e+00	0.00e+00	0.00e+00	0.00e+00	0.00e+00	0.00e+00
 1.58186e+23	7.81e-06	2.29e-01	4.72e-01	2.45e-01	5.24e-02	1.26e-03	1.57e-05	0.00e+00	0.00e+00	0.00e+00	0.00e+00	0.00e+00	0.00e+00	0.00e+00	0.00e+00
 1.59364e+23	1.03e-05	2.53e-01	4.71e-01	2.30e-01	4.49e-02	9.67e-04	1.10e-05	0.00e+00	0.00e+00	0.00e+00	0.00e+00	0.00e+00	0.00e+00	0.00e+00	0.00e+00
 1.60507e+23	1.25e-05	2.72e-01	4.68e-01	2.19e-01	4.01e-02	7.95e-04	8.54e-06	0.00e+00	0.00e+00	0.00e+00	0.00e+00	0.00e+00	0.00e+00	0.00e+00	0.00e+00
 1.61607e+23	1.55e-05	2.96e-01	4.63e-01	2.05e-01	3.44e-02	6.14e-04	6.12e-06	0.00e+00	0.00e+00	0.00e+00	0.00e+00	0.00e+00	0.00e+00	0.00e+00	0.00e+00
 1.62771e+23	1.87e-05	3.20e-01	4.56e-01	1.93e-01	3.00e-02	4.88e-04	4.55e-06	0.00e+00	0.00e+00	0.00e+00	0.00e+00	0.00e+00	0.00e+00	0.00e+00	0.00e+00
 1.64019e+23	2.30e-05	3.51e-01	4.47e-01	1.77e-01	2.50e-02	3.62e-04	3.10e-06	0.00e+00	0.00e+00	0.00e+00	0.00e+00	0.00e+00	0.00e+00	0.00e+00	0.00e+00
 1.65276e+23	2.73e-05	3.78e-01	4.35e-01	1.65e-01	2.15e-02	2.84e-04	2.28e-06	0.00e+00	0.00e+00	0.00e+00	0.00e+00	0.00e+00	0.00e+00	0.00e+00	0.00e+00
 1.66544e+23	3.32e-05	4.13e-01	4.19e-01	1.50e-01	1.75e-02	2.07e-04	1.52e-06	0.00e+00	0.00e+00	0.00e+00	0.00e+00	0.00e+00	0.00e+00	0.00e+00	0.00e+00
 1.67821e+23	3.88e-05	4.43e-01	4.04e-01	1.38e-01	1.49e-02	1.60e-04	1.10e-06	0.00e+00	0.00e+00	0.00e+00	0.00e+00	0.00e+00	0.00e+00	0.00e+00	0.00e+00
 1.69107e+23	4.67e-05	4.82e-01	3.82e-01	1.24e-01	1.19e-02	1.14e-04	7.14e-07	0.00e+00	0.00e+00	0.00e+00	0.00e+00	0.00e+00	0.00e+00	0.00e+00	0.00e+00
 1.70406e+23	5.40e-05	5.14e-01	3.63e-01	1.13e-01	9.88e-03	8.73e-05	5.07e-07	0.00e+00	0.00e+00	0.00e+00	0.00e+00	0.00e+00	0.00e+00	0.00e+00	0.00e+00
 1.71722e+23	6.43e-05	5.57e-01	3.36e-01	9.96e-02	7.66e-03	6.07e-05	3.18e-07	0.00e+00	0.00e+00	0.00e+00	0.00e+00	0.00e+00	0.00e+00	0.00e+00	0.00e+00
 1.73061e+23	7.41e-05	5.93e-01	3.11e-01	8.95e-02	6.16e-03	4.50e-05	2.15e-07	0.00e+00	0.00e+00	0.00e+00	0.00e+00	0.00e+00	0.00e+00	0.00e+00	0.00e+00
 1.74432e+23	8.74e-05	6.37e-01	2.81e-01	7.76e-02	4.60e-03	3.04e-05	1.29e-07	0.00e+00	0.00e+00	0.00e+00	0.00e+00	0.00e+00	0.00e+00	0.00e+00	0.00e+00
 1.75636e+23	9.67e-05	6.66e-01	2.59e-01	7.09e-02	3.80e-03	2.39e-05	0.00e+00	0.00e+00	0.00e+00	0.00e+00	0.00e+00	0.00e+00	0.00e+00	0.00e+00	0.00e+00
 1.76491e+23	1.06e-04	6.91e-01	2.41e-01	6.49e-02	3.16e-03	1.90e-05	0.00e+00	0.00e+00	0.00e+00	0.00e+00	0.00e+00	0.00e+00	0.00e+00	0.00e+00	0.00e+00
 1.77472e+23	1.17e-04	7.22e-01	2.18e-01	5.77e-02	2.47e-03	1.41e-05	0.00e+00	0.00e+00	0.00e+00	0.00e+00	0.00e+00	0.00e+00	0.00e+00	0.00e+00	0.00e+00
 1.78514e+23	1.29e-04	7.50e-01	1.96e-01	5.15e-02	1.94e-03	1.07e-05	0.00e+00	0.00e+00	0.00e+00	0.00e+00	0.00e+00	0.00e+00	0.00e+00	0.00e+00	0.00e+00
 1.79484e+23	1.41e-04	7.78e-01	1.75e-01	4.57e-02	1.51e-03	8.09e-06	0.00e+00	0.00e+00	0.00e+00	0.00e+00	0.00e+00	0.00e+00	0.00e+00	0.00e+00	0.00e+00
 1.80592e+23	1.56e-04	8.10e-01	1.50e-01	3.89e-02	1.08e-03	5.67e-06	0.00e+00	0.00e+00	0.00e+00	0.00e+00	0.00e+00	0.00e+00	0.00e+00	0.00e+00	0.00e+00
 1.81717e+23	1.70e-04	8.37e-01	1.28e-01	3.34e-02	7.79e-04	4.08e-06	0.00e+00	0.00e+00	0.00e+00	0.00e+00	0.00e+00	0.00e+00	0.00e+00	0.00e+00	0.00e+00
 1.82625e+23	1.80e-04	8.59e-01	1.12e-01	2.90e-02	5.84e-04	3.09e-06	0.00e+00	0.00e+00	0.00e+00	0.00e+00	0.00e+00	0.00e+00	0.00e+00	0.00e+00	0.00e+00
 1.83415e+23	1.89e-04	8.77e-01	9.69e-02	2.51e-02	4.40e-04	2.37e-06	0.00e+00	0.00e+00	0.00e+00	0.00e+00	0.00e+00	0.00e+00	0.00e+00	0.00e+00	0.00e+00
 1.84161e+23	1.97e-04	8.93e-01	8.43e-02	2.17e-02	3.31e-04	1.82e-06	0.00e+00	0.00e+00	0.00e+00	0.00e+00	0.00e+00	0.00e+00	0.00e+00	0.00e+00	0.00e+00
 1.84864e+23	2.03e-04	9.09e-01	7.25e-02	1.85e-02	2.47e-04	1.40e-06	0.00e+00	0.00e+00	0.00e+00	0.00e+00	0.00e+00	0.00e+00	0.00e+00	0.00e+00	0.00e+00
 1.85506e+23	2.07e-04	9.21e-01	6.25e-02	1.58e-02	1.85e-04	1.09e-06	0.00e+00	0.00e+00	0.00e+00	0.00e+00	0.00e+00	0.00e+00	0.00e+00	0.00e+00	0.00e+00
 1.86075e+23	2.10e-04	9.33e-01	5.37e-02	1.35e-02	1.41e-04	8.60e-07	0.00e+00	0.00e+00	0.00e+00	0.00e+00	0.00e+00	0.00e+00	0.00e+00	0.00e+00	0.00e+00
 1.86582e+23	2.11e-04	9.42e-01	4.63e-02	1.15e-02	1.09e-04	6.89e-07	0.00e+00	0.00e+00	0.00e+00	0.00e+00	0.00e+00	0.00e+00	0.00e+00	0.00e+00	0.00e+00
 1.87038e+23	2.10e-04	9.50e-01	4.00e-02	9.90e-03	8.56e-05	5.61e-07	0.00e+00	0.00e+00	0.00e+00	0.00e+00	0.00e+00	0.00e+00	0.00e+00	0.00e+00	0.00e+00
 1.87461e+23	2.08e-04	9.57e-01	3.43e-02	8.51e-03	6.77e-05	4.60e-07	0.00e+00	0.00e+00	0.00e+00	0.00e+00	0.00e+00	0.00e+00	0.00e+00	0.00e+00	0.00e+00
 1.87850e+23	2.04e-04	9.63e-01	2.94e-02	7.35e-03	5.44e-05	3.82e-07	0.00e+00	0.00e+00	0.00e+00	0.00e+00	0.00e+00	0.00e+00	0.00e+00	0.00e+00	0.00e+00
 1.88203e+23	1.99e-04	9.68e-01	2.53e-02	6.41e-03	4.46e-05	3.22e-07	0.00e+00	0.00e+00	0.00e+00	0.00e+00	0.00e+00	0.00e+00	0.00e+00	0.00e+00	0.00e+00
 1.88528e+23	1.94e-04	9.73e-01	2.15e-02	5.62e-03	3.71e-05	2.75e-07	0.00e+00	0.00e+00	0.00e+00	0.00e+00	0.00e+00	0.00e+00	0.00e+00	0.00e+00	0.00e+00
 1.88821e+23	1.88e-04	9.76e-01	1.87e-02	5.01e-03	3.16e-05	2.40e-07	0.00e+00	0.00e+00	0.00e+00	0.00e+00	0.00e+00	0.00e+00	0.00e+00	0.00e+00	0.00e+00
 1.89021e+23	1.83e-04	9.78e-01	1.68e-02	4.65e-03	2.86e-05	2.20e-07	0.00e+00	0.00e+00	0.00e+00	0.00e+00	0.00e+00	0.00e+00	0.00e+00	0.00e+00	0.00e+00
 1.89130e+23	1.80e-04	9.79e-01	1.59e-02	4.47e-03	2.71e-05	2.10e-07	0.00e+00	0.00e+00	0.00e+00	0.00e+00	0.00e+00	0.00e+00	0.00e+00	0.00e+00	0.00e+00
 1.89234e+23	1.77e-04	9.81e-01	1.50e-02	4.29e-03	2.56e-05	2.00e-07	0.00e+00	0.00e+00	0.00e+00	0.00e+00	0.00e+00	0.00e+00	0.00e+00	0.00e+00	0.00e+00
 1.89365e+23	1.74e-04	9.82e-01	1.39e-02	4.07e-03	2.40e-05	1.89e-07	0.00e+00	0.00e+00	0.00e+00	0.00e+00	0.00e+00	0.00e+00	0.00e+00	0.00e+00	0.00e+00
 1.89513e+23	1.70e-04	9.83e-01	1.27e-02	3.84e-03	2.23e-05	1.77e-07	0.00e+00	0.00e+00	0.00e+00	0.00e+00	0.00e+00	0.00e+00	0.00e+00	0.00e+00	0.00e+00
 1.89660e+23	1.66e-04	9.84e-01	1.18e-02	3.65e-03	2.09e-05	1.67e-07	0.00e+00	0.00e+00	0.00e+00	0.00e+00	0.00e+00	0.00e+00	0.00e+00	0.00e+00	0.00e+00
 1.89811e+23	1.61e-04	9.86e-01	1.08e-02	3.45e-03	1.95e-05	1.58e-07	0.00e+00	0.00e+00	0.00e+00	0.00e+00	0.00e+00	0.00e+00	0.00e+00	0.00e+00	0.00e+00
 1.89971e+23	1.57e-04	9.87e-01	9.78e-03	3.27e-03	1.82e-05	1.48e-07	0.00e+00	0.00e+00	0.00e+00	0.00e+00	0.00e+00	0.00e+00	0.00e+00	0.00e+00	0.00e+00
 1.90134e+23	1.52e-04	9.88e-01	8.91e-03	3.09e-03	1.70e-05	1.40e-07	0.00e+00	0.00e+00	0.00e+00	0.00e+00	0.00e+00	0.00e+00	0.00e+00	0.00e+00	0.00e+00
 1.90291e+23	1.47e-04	9.89e-01	8.15e-03	2.95e-03	1.61e-05	1.33e-07	0.00e+00	0.00e+00	0.00e+00	0.00e+00	0.00e+00	0.00e+00	0.00e+00	0.00e+00	0.00e+00
 1.90410e+23	1.43e-04	9.89e-01	7.69e-03	2.85e-03	1.54e-05	1.29e-07	0.00e+00	0.00e+00	0.00e+00	0.00e+00	0.00e+00	0.00e+00	0.00e+00	0.00e+00	0.00e+00
 1.90491e+23	1.40e-04	9.90e-01	7.34e-03	2.79e-03	1.50e-05	1.26e-07	0.00e+00	0.00e+00	0.00e+00	0.00e+00	0.00e+00	0.00e+00	0.00e+00	0.00e+00	0.00e+00
 1.90571e+23	1.38e-04	9.90e-01	7.00e-03	2.72e-03	1.46e-05	0.00e+00	0.00e+00	0.00e+00	0.00e+00	0.00e+00	0.00e+00	0.00e+00	0.00e+00	0.00e+00	0.00e+00
 1.90665e+23	1.36e-04	9.91e-01	6.63e-03	2.65e-03	1.42e-05	0.00e+00	0.00e+00	0.00e+00	0.00e+00	0.00e+00	0.00e+00	0.00e+00	0.00e+00	0.00e+00	0.00e+00
 1.90768e+23	1.33e-04	9.91e-01	6.26e-03	2.58e-03	1.37e-05	0.00e+00	0.00e+00	0.00e+00	0.00e+00	0.00e+00	0.00e+00	0.00e+00	0.00e+00	0.00e+00	0.00e+00
 1.90869e+23	1.30e-04	9.91e-01	5.93e-03	2.51e-03	1.34e-05	0.00e+00	0.00e+00	0.00e+00	0.00e+00	0.00e+00	0.00e+00	0.00e+00	0.00e+00	0.00e+00	0.00e+00
 1.90968e+23	1.27e-04	9.92e-01	5.62e-03	2.45e-03	1.30e-05	0.00e+00	0.00e+00	0.00e+00	0.00e+00	0.00e+00	0.00e+00	0.00e+00	0.00e+00	0.00e+00	0.00e+00
 1.91070e+23	1.25e-04	9.92e-01	5.33e-03	2.39e-03	1.26e-05	0.00e+00	0.00e+00	0.00e+00	0.00e+00	0.00e+00	0.00e+00	0.00e+00	0.00e+00	0.00e+00	0.00e+00
 1.91176e+23	1.22e-04	9.93e-01	5.03e-03	2.33e-03	1.23e-05	0.00e+00	0.00e+00	0.00e+00	0.00e+00	0.00e+00	0.00e+00	0.00e+00	0.00e+00	0.00e+00	0.00e+00
 1.91285e+23	1.19e-04	9.93e-01	4.73e-03	2.27e-03	1.20e-05	0.00e+00	0.00e+00	0.00e+00	0.00e+00	0.00e+00	0.00e+00	0.00e+00	0.00e+00	0.00e+00	0.00e+00
 1.91393e+23	1.17e-04	9.93e-01	4.48e-03	2.21e-03	1.17e-05	0.00e+00	0.00e+00	0.00e+00	0.00e+00	0.00e+00	0.00e+00	0.00e+00	0.00e+00	0.00e+00	0.00e+00
 1.91503e+23	1.14e-04	9.93e-01	4.23e-03	2.16e-03	1.14e-05	0.00e+00	0.00e+00	0.00e+00	0.00e+00	0.00e+00	0.00e+00	0.00e+00	0.00e+00	0.00e+00	0.00e+00
 1.91618e+23	1.12e-04	9.94e-01	3.99e-03	2.11e-03	1.11e-05	0.00e+00	0.00e+00	0.00e+00	0.00e+00	0.00e+00	0.00e+00	0.00e+00	0.00e+00	0.00e+00	0.00e+00
 1.91737e+23	1.09e-04	9.94e-01	3.74e-03	2.06e-03	1.08e-05	0.00e+00	0.00e+00	0.00e+00	0.00e+00	0.00e+00	0.00e+00	0.00e+00	0.00e+00	0.00e+00	0.00e+00
 1.91858e+23	1.07e-04	9.94e-01	3.52e-03	2.01e-03	1.06e-05	0.00e+00	0.00e+00	0.00e+00	0.00e+00	0.00e+00	0.00e+00	0.00e+00	0.00e+00	0.00e+00	0.00e+00
 1.91981e+23	1.05e-04	9.95e-01	3.32e-03	1.97e-03	1.03e-05	0.00e+00	0.00e+00	0.00e+00	0.00e+00	0.00e+00	0.00e+00	0.00e+00	0.00e+00	0.00e+00	0.00e+00
 1.92109e+23	1.02e-04	9.95e-01	3.12e-03	1.92e-03	1.01e-05	0.00e+00	0.00e+00	0.00e+00	0.00e+00	0.00e+00	0.00e+00	0.00e+00	0.00e+00	0.00e+00	0.00e+00
 1.92241e+23	1.00e-04	9.95e-01	2.92e-03	1.87e-03	9.88e-06	0.00e+00	0.00e+00	0.00e+00	0.00e+00	0.00e+00	0.00e+00	0.00e+00	0.00e+00	0.00e+00	0.00e+00
 1.92376e+23	9.78e-05	9.95e-01	2.73e-03	1.83e-03	9.66e-06	0.00e+00	0.00e+00	0.00e+00	0.00e+00	0.00e+00	0.00e+00	0.00e+00	0.00e+00	0.00e+00	0.00e+00
 1.92515e+23	9.56e-05	9.96e-01	2.55e-03	1.79e-03	9.46e-06	0.00e+00	0.00e+00	0.00e+00	0.00e+00	0.00e+00	0.00e+00	0.00e+00	0.00e+00	0.00e+00	0.00e+00
 1.92657e+23	9.35e-05	9.96e-01	2.39e-03	1.75e-03	9.26e-06	0.00e+00	0.00e+00	0.00e+00	0.00e+00	0.00e+00	0.00e+00	0.00e+00	0.00e+00	0.00e+00	0.00e+00
 1.92806e+23	9.14e-05	9.96e-01	2.22e-03	1.71e-03	9.07e-06	0.00e+00	0.00e+00	0.00e+00	0.00e+00	0.00e+00	0.00e+00	0.00e+00	0.00e+00	0.00e+00	0.00e+00
 1.92959e+23	8.94e-05	9.96e-01	2.07e-03	1.67e-03	8.88e-06	0.00e+00	0.00e+00	0.00e+00	0.00e+00	0.00e+00	0.00e+00	0.00e+00	0.00e+00	0.00e+00	0.00e+00
 1.93116e+23	8.75e-05	9.96e-01	1.92e-03	1.63e-03	8.71e-06	0.00e+00	0.00e+00	0.00e+00	0.00e+00	0.00e+00	0.00e+00	0.00e+00	0.00e+00	0.00e+00	0.00e+00
 1.93278e+23	8.56e-05	9.97e-01	1.78e-03	1.59e-03	8.54e-06	0.00e+00	0.00e+00	0.00e+00	0.00e+00	0.00e+00	0.00e+00	0.00e+00	0.00e+00	0.00e+00	0.00e+00
 1.93446e+23	8.39e-05	9.97e-01	1.65e-03	1.56e-03	8.37e-06	0.00e+00	0.00e+00	0.00e+00	0.00e+00	0.00e+00	0.00e+00	0.00e+00	0.00e+00	0.00e+00	0.00e+00
 1.93620e+23	8.21e-05	9.97e-01	1.52e-03	1.52e-03	8.21e-06	0.00e+00	0.00e+00	0.00e+00	0.00e+00	0.00e+00	0.00e+00	0.00e+00	0.00e+00	0.00e+00	0.00e+00
 1.93801e+23	8.05e-05	9.97e-01	1.39e-03	1.49e-03	8.05e-06	0.00e+00	0.00e+00	0.00e+00	0.00e+00	0.00e+00	0.00e+00	0.00e+00	0.00e+00	0.00e+00	0.00e+00
 1.93985e+23	7.89e-05	9.97e-01	1.28e-03	1.45e-03	7.90e-06	0.00e+00	0.00e+00	0.00e+00	0.00e+00	0.00e+00	0.00e+00	0.00e+00	0.00e+00	0.00e+00	0.00e+00
 1.94172e+23	7.75e-05	9.97e-01	1.18e-03	1.42e-03	7.76e-06	0.00e+00	0.00e+00	0.00e+00	0.00e+00	0.00e+00	0.00e+00	0.00e+00	0.00e+00	0.00e+00	0.00e+00
 1.94361e+23	7.64e-05	9.97e-01	1.08e-03	1.39e-03	7.62e-06	0.00e+00	0.00e+00	0.00e+00	0.00e+00	0.00e+00	0.00e+00	0.00e+00	0.00e+00	0.00e+00	0.00e+00
 1.94562e+23	7.52e-05	9.98e-01	9.79e-04	1.36e-03	7.49e-06	0.00e+00	0.00e+00	0.00e+00	0.00e+00	0.00e+00	0.00e+00	0.00e+00	0.00e+00	0.00e+00	0.00e+00
 1.94768e+23	7.41e-05	9.98e-01	8.90e-04	1.33e-03	7.36e-06	0.00e+00	0.00e+00	0.00e+00	0.00e+00	0.00e+00	0.00e+00	0.00e+00	0.00e+00	0.00e+00	0.00e+00
 1.94972e+23	7.33e-05	9.98e-01	8.06e-04	1.30e-03	7.24e-06	0.00e+00	0.00e+00	0.00e+00	0.00e+00	0.00e+00	0.00e+00	0.00e+00	0.00e+00	0.00e+00	0.00e+00
 1.95183e+23	7.26e-05	9.98e-01	7.28e-04	1.27e-03	7.12e-06	0.00e+00	0.00e+00	0.00e+00	0.00e+00	0.00e+00	0.00e+00	0.00e+00	0.00e+00	0.00e+00	0.00e+00
 1.95406e+23	7.20e-05	9.98e-01	6.54e-04	1.24e-03	7.00e-06	0.00e+00	0.00e+00	0.00e+00	0.00e+00	0.00e+00	0.00e+00	0.00e+00	0.00e+00	0.00e+00	0.00e+00
 1.95636e+23	7.14e-05	9.98e-01	5.92e-04	1.22e-03	6.88e-06	0.00e+00	0.00e+00	0.00e+00	0.00e+00	0.00e+00	0.00e+00	0.00e+00	0.00e+00	0.00e+00	0.00e+00
 1.95869e+23	7.12e-05	9.98e-01	5.30e-04	1.19e-03	6.77e-06	0.00e+00	0.00e+00	0.00e+00	0.00e+00	0.00e+00	0.00e+00	0.00e+00	0.00e+00	0.00e+00	0.00e+00
 1.96110e+23	7.11e-05	9.98e-01	4.73e-04	1.16e-03	6.65e-06	0.00e+00	0.00e+00	0.00e+00	0.00e+00	0.00e+00	0.00e+00	0.00e+00	0.00e+00	0.00e+00	0.00e+00
 1.96364e+23	7.11e-05	9.98e-01	4.20e-04	1.14e-03	6.54e-06	0.00e+00	0.00e+00	0.00e+00	0.00e+00	0.00e+00	0.00e+00	0.00e+00	0.00e+00	0.00e+00	0.00e+00
 1.96629e+23	7.13e-05	9.98e-01	3.72e-04	1.11e-03	6.42e-06	0.00e+00	0.00e+00	0.00e+00	0.00e+00	0.00e+00	0.00e+00	0.00e+00	0.00e+00	0.00e+00	0.00e+00
 1.96901e+23	7.19e-05	9.99e-01	3.28e-04	1.09e-03	6.31e-06	0.00e+00	0.00e+00	0.00e+00	0.00e+00	0.00e+00	0.00e+00	0.00e+00	0.00e+00	0.00e+00	0.00e+00
 1.97177e+23	7.25e-05	9.99e-01	2.90e-04	1.06e-03	6.20e-06	0.00e+00	0.00e+00	0.00e+00	0.00e+00	0.00e+00	0.00e+00	0.00e+00	0.00e+00	0.00e+00	0.00e+00
 1.97451e+23	7.33e-05	9.99e-01	2.58e-04	1.04e-03	6.10e-06	0.00e+00	0.00e+00	0.00e+00	0.00e+00	0.00e+00	0.00e+00	0.00e+00	0.00e+00	0.00e+00	0.00e+00
 1.97717e+23	7.42e-05	9.99e-01	2.32e-04	1.02e-03	6.00e-06	0.00e+00	0.00e+00	0.00e+00	0.00e+00	0.00e+00	0.00e+00	0.00e+00	0.00e+00	0.00e+00	0.00e+00
 1.97972e+23	7.53e-05	9.99e-01	2.10e-04	9.96e-04	5.91e-06	0.00e+00	0.00e+00	0.00e+00	0.00e+00	0.00e+00	0.00e+00	0.00e+00	0.00e+00	0.00e+00	0.00e+00
 1.98218e+23	7.65e-05	9.99e-01	1.91e-04	9.77e-04	5.83e-06	0.00e+00	0.00e+00	0.00e+00	0.00e+00	0.00e+00	0.00e+00	0.00e+00	0.00e+00	0.00e+00	0.00e+00
 1.98452e+23	7.77e-05	9.99e-01	1.75e-04	9.60e-04	5.75e-06	0.00e+00	0.00e+00	0.00e+00	0.00e+00	0.00e+00	0.00e+00	0.00e+00	0.00e+00	0.00e+00	0.00e+00
 1.98675e+23	7.92e-05	9.99e-01	1.62e-04	9.44e-04	5.67e-06	0.00e+00	0.00e+00	0.00e+00	0.00e+00	0.00e+00	0.00e+00	0.00e+00	0.00e+00	0.00e+00	0.00e+00
 1.98884e+23	8.04e-05	9.99e-01	1.52e-04	9.30e-04	5.61e-06	0.00e+00	0.00e+00	0.00e+00	0.00e+00	0.00e+00	0.00e+00	0.00e+00	0.00e+00	0.00e+00	0.00e+00
 1.99088e+23	8.19e-05	9.99e-01	1.43e-04	9.16e-04	5.54e-06	0.00e+00	0.00e+00	0.00e+00	0.00e+00	0.00e+00	0.00e+00	0.00e+00	0.00e+00	0.00e+00	0.00e+00
 1.99292e+23	8.34e-05	9.99e-01	1.36e-04	9.02e-04	5.47e-06	0.00e+00	0.00e+00	0.00e+00	0.00e+00	0.00e+00	0.00e+00	0.00e+00	0.00e+00	0.00e+00	0.00e+00
 1.99490e+23	8.49e-05	9.99e-01	1.30e-04	8.88e-04	5.41e-06	0.00e+00	0.00e+00	0.00e+00	0.00e+00	0.00e+00	0.00e+00	0.00e+00	0.00e+00	0.00e+00	0.00e+00
 1.99681e+23	8.64e-05	9.99e-01	1.24e-04	8.76e-04	5.35e-06	0.00e+00	0.00e+00	0.00e+00	0.00e+00	0.00e+00	0.00e+00	0.00e+00	0.00e+00	0.00e+00	0.00e+00
 1.99865e+23	8.80e-05	9.99e-01	1.20e-04	8.64e-04	5.29e-06	0.00e+00	0.00e+00	0.00e+00	0.00e+00	0.00e+00	0.00e+00	0.00e+00	0.00e+00	0.00e+00	0.00e+00
 2.00043e+23	8.97e-05	9.99e-01	1.16e-04	8.53e-04	5.24e-06	0.00e+00	0.00e+00	0.00e+00	0.00e+00	0.00e+00	0.00e+00	0.00e+00	0.00e+00	0.00e+00	0.00e+00
 2.00215e+23	9.13e-05	9.99e-01	1.13e-04	8.42e-04	5.19e-06	0.00e+00	0.00e+00	0.00e+00	0.00e+00	0.00e+00	0.00e+00	0.00e+00	0.00e+00	0.00e+00	0.00e+00
 2.00382e+23	9.30e-05	9.99e-01	1.10e-04	8.32e-04	5.14e-06	0.00e+00	0.00e+00	0.00e+00	0.00e+00	0.00e+00	0.00e+00	0.00e+00	0.00e+00	0.00e+00	0.00e+00
 2.00543e+23	9.47e-05	9.99e-01	1.08e-04	8.22e-04	5.09e-06	0.00e+00	0.00e+00	0.00e+00	0.00e+00	0.00e+00	0.00e+00	0.00e+00	0.00e+00	0.00e+00	0.00e+00
 2.00698e+23	9.65e-05	9.99e-01	1.06e-04	8.13e-04	5.05e-06	0.00e+00	0.00e+00	0.00e+00	0.00e+00	0.00e+00	0.00e+00	0.00e+00	0.00e+00	0.00e+00	0.00e+00
 2.00845e+23	9.82e-05	9.99e-01	1.04e-04	8.04e-04	5.01e-06	0.00e+00	0.00e+00	0.00e+00	0.00e+00	0.00e+00	0.00e+00	0.00e+00	0.00e+00	0.00e+00	0.00e+00
 2.00990e+23	1.00e-04	9.99e-01	1.03e-04	7.95e-04	4.97e-06	0.00e+00	0.00e+00	0.00e+00	0.00e+00	0.00e+00	0.00e+00	0.00e+00	0.00e+00	0.00e+00	0.00e+00
 2.01130e+23	1.02e-04	9.99e-01	1.01e-04	7.87e-04	4.93e-06	0.00e+00	0.00e+00	0.00e+00	0.00e+00	0.00e+00	0.00e+00	0.00e+00	0.00e+00	0.00e+00	0.00e+00
 2.01259e+23	1.04e-04	9.99e-01	1.00e-04	7.80e-04	4.89e-06	0.00e+00	0.00e+00	0.00e+00	0.00e+00	0.00e+00	0.00e+00	0.00e+00	0.00e+00	0.00e+00	0.00e+00
 2.01376e+23	1.05e-04	9.99e-01	9.93e-05	7.73e-04	4.87e-06	0.00e+00	0.00e+00	0.00e+00	0.00e+00	0.00e+00	0.00e+00	0.00e+00	0.00e+00	0.00e+00	0.00e+00
 2.01482e+23	1.07e-04	9.99e-01	9.85e-05	7.67e-04	4.84e-06	0.00e+00	0.00e+00	0.00e+00	0.00e+00	0.00e+00	0.00e+00	0.00e+00	0.00e+00	0.00e+00	0.00e+00
 2.01579e+23	1.09e-04	9.99e-01	9.77e-05	7.62e-04	4.82e-06	0.00e+00	0.00e+00	0.00e+00	0.00e+00	0.00e+00	0.00e+00	0.00e+00	0.00e+00	0.00e+00	0.00e+00
 2.01667e+23	1.10e-04	9.99e-01	9.71e-05	7.57e-04	4.80e-06	0.00e+00	0.00e+00	0.00e+00	0.00e+00	0.00e+00	0.00e+00	0.00e+00	0.00e+00	0.00e+00	0.00e+00
 2.01747e+23	1.11e-04	9.99e-01	9.66e-05	7.53e-04	4.78e-06	0.00e+00	0.00e+00	0.00e+00	0.00e+00	0.00e+00	0.00e+00	0.00e+00	0.00e+00	0.00e+00	0.00e+00
 2.01820e+23	1.13e-04	9.99e-01	9.61e-05	7.49e-04	4.76e-06	0.00e+00	0.00e+00	0.00e+00	0.00e+00	0.00e+00	0.00e+00	0.00e+00	0.00e+00	0.00e+00	0.00e+00
 2.01900e+23	1.15e-04	9.99e-01	9.55e-05	7.44e-04	4.74e-06	0.00e+00	0.00e+00	0.00e+00	0.00e+00	0.00e+00	0.00e+00	0.00e+00	0.00e+00	0.00e+00	0.00e+00
 2.01987e+23	1.16e-04	9.99e-01	9.49e-05	7.39e-04	4.72e-06	0.00e+00	0.00e+00	0.00e+00	0.00e+00	0.00e+00	0.00e+00	0.00e+00	0.00e+00	0.00e+00	0.00e+00
 2.02065e+23	1.17e-04	9.99e-01	9.44e-05	7.35e-04	4.70e-06	0.00e+00	0.00e+00	0.00e+00	0.00e+00	0.00e+00	0.00e+00	0.00e+00	0.00e+00	0.00e+00	0.00e+00
 2.02137e+23	1.19e-04	9.99e-01	9.39e-05	7.31e-04	4.69e-06	0.00e+00	0.00e+00	0.00e+00	0.00e+00	0.00e+00	0.00e+00	0.00e+00	0.00e+00	0.00e+00	0.00e+00
 2.02202e+23	1.20e-04	9.99e-01	9.35e-05	7.27e-04	4.68e-06	0.00e+00	0.00e+00	0.00e+00	0.00e+00	0.00e+00	0.00e+00	0.00e+00	0.00e+00	0.00e+00	0.00e+00
