#depth	S	S+	S+2	S+3	S+4	S+5	S+6	S+7	S+8	S+9	S+10	S+11	S+12	S+13	S+14	S+15	S+16
 4.62852e+21	0.00e+00	0.00e+00	0.00e+00	0.00e+00	0.00e+00	1.94e-23	9.09e-20	1.10e-16	5.29e-14	1.08e-11	1.32e-09	8.58e-08	3.74e-06	1.72e-04	1.56e-02	1.98e-01	7.86e-01
 1.05686e+22	0.00e+00	0.00e+00	0.00e+00	0.00e+00	2.11e-25	5.37e-22	3.24e-18	2.69e-15	8.95e-13	1.26e-10	1.06e-08	4.75e-07	1.44e-05	4.61e-04	2.92e-02	2.58e-01	7.12e-01
 1.27685e+22	0.00e+00	0.00e+00	0.00e+00	9.17e-28	3.75e-24	7.62e-21	3.60e-17	2.32e-14	6.01e-12	6.55e-10	4.28e-08	1.50e-06	3.56e-05	8.88e-04	4.40e-02	3.03e-01	6.52e-01
 1.43674e+22	0.00e+00	0.00e+00	1.09e-30	6.96e-27	2.40e-23	6.41e-20	2.50e-16	1.32e-13	2.78e-11	2.48e-09	1.32e-07	3.79e-06	7.34e-05	1.49e-03	6.06e-02	3.40e-01	5.97e-01
 1.52557e+22	0.00e+00	0.00e+00	2.13e-30	1.31e-26	4.30e-23	1.10e-19	4.07e-16	2.04e-13	4.10e-11	3.47e-09	1.76e-07	4.78e-06	8.80e-05	1.70e-03	6.56e-02	3.50e-01	5.83e-01
 1.55364e+22	0.00e+00	0.00e+00	3.22e-30	1.92e-26	6.16e-23	1.52e-19	5.48e-16	2.67e-13	5.20e-11	4.26e-09	2.10e-07	5.52e-06	9.84e-05	1.84e-03	6.88e-02	3.55e-01	5.74e-01
 1.57734e+22	0.00e+00	0.00e+00	5.52e-30	3.18e-26	9.84e-23	2.33e-19	8.09e-16	3.79e-13	7.08e-11	5.58e-09	2.64e-07	6.67e-06	1.14e-04	2.05e-03	7.32e-02	3.63e-01	5.62e-01
 1.60106e+22	0.00e+00	0.00e+00	7.92e-30	4.47e-26	1.35e-22	3.12e-19	1.05e-15	4.79e-13	8.73e-11	6.69e-09	3.07e-07	7.55e-06	1.25e-04	2.19e-03	7.63e-02	3.68e-01	5.54e-01
 1.62480e+22	0.00e+00	0.00e+00	1.29e-29	7.05e-26	2.06e-22	4.58e-19	1.50e-15	6.58e-13	1.15e-10	8.53e-09	3.78e-07	8.95e-06	1.43e-04	2.41e-03	8.07e-02	3.74e-01	5.42e-01
 1.65018e+22	0.00e+00	0.00e+00	2.06e-29	1.09e-25	3.09e-22	6.63e-19	2.10e-15	8.91e-13	1.51e-10	1.08e-08	4.61e-07	1.05e-05	1.62e-04	2.63e-03	8.51e-02	3.81e-01	5.32e-01
 1.67341e+22	0.00e+00	0.00e+00	3.19e-29	1.65e-25	4.51e-22	9.37e-19	2.88e-15	1.18e-12	1.94e-10	1.34e-08	5.55e-07	1.23e-05	1.83e-04	2.86e-03	8.94e-02	3.86e-01	5.21e-01
 1.69524e+22	0.00e+00	0.00e+00	4.84e-29	2.43e-25	6.48e-22	1.30e-18	3.89e-15	1.55e-12	2.47e-10	1.65e-08	6.63e-07	1.42e-05	2.04e-04	3.10e-03	9.37e-02	3.92e-01	5.11e-01
 1.71625e+22	0.00e+00	0.00e+00	7.29e-29	3.57e-25	9.23e-22	1.80e-18	5.22e-15	2.02e-12	3.12e-10	2.03e-08	7.89e-07	1.64e-05	2.28e-04	3.35e-03	9.81e-02	3.97e-01	5.02e-01
 1.74025e+22	0.00e+00	2.46e-33	1.22e-28	5.79e-25	1.44e-21	2.70e-18	7.58e-15	2.82e-12	4.20e-10	2.62e-08	9.82e-07	1.96e-05	2.62e-04	3.69e-03	1.04e-01	4.03e-01	4.89e-01
 1.76465e+22	0.00e+00	3.92e-33	1.89e-28	8.68e-25	2.10e-21	3.79e-18	1.03e-14	3.74e-12	5.39e-10	3.26e-08	1.18e-06	2.28e-05	2.95e-04	4.01e-03	1.09e-01	4.08e-01	4.79e-01
 1.78616e+22	0.00e+00	6.17e-33	2.88e-28	1.29e-24	3.03e-21	5.28e-18	1.40e-14	4.91e-12	6.86e-10	4.02e-08	1.41e-06	2.64e-05	3.30e-04	4.34e-03	1.14e-01	4.13e-01	4.68e-01
 1.81070e+22	0.00e+00	1.10e-32	4.92e-28	2.12e-24	4.79e-21	8.01e-18	2.05e-14	6.93e-12	9.31e-10	5.24e-08	1.77e-06	3.18e-05	3.80e-04	4.79e-03	1.21e-01	4.19e-01	4.55e-01
 1.83473e+22	0.00e+00	1.74e-32	7.56e-28	3.16e-24	6.93e-21	1.12e-17	2.79e-14	9.12e-12	1.19e-09	6.49e-08	2.13e-06	3.70e-05	4.26e-04	5.19e-03	1.26e-01	4.24e-01	4.45e-01
 1.85450e+22	0.00e+00	2.68e-32	1.13e-27	4.59e-24	9.76e-21	1.52e-17	3.70e-14	1.18e-11	1.49e-09	7.91e-08	2.52e-06	4.25e-05	4.74e-04	5.58e-03	1.32e-01	4.28e-01	4.35e-01
 1.87659e+22	0.00e+00	4.52e-32	1.84e-27	7.22e-24	1.48e-20	2.22e-17	5.24e-14	1.61e-11	1.97e-09	1.01e-07	3.10e-06	5.03e-05	5.39e-04	6.11e-03	1.38e-01	4.32e-01	4.23e-01
 1.89953e+22	0.00e+00	7.14e-32	2.81e-27	1.07e-23	2.13e-20	3.08e-17	7.08e-14	2.12e-11	2.51e-09	1.24e-07	3.71e-06	5.83e-05	6.04e-04	6.60e-03	1.45e-01	4.36e-01	4.12e-01
 1.92024e+22	0.00e+00	1.13e-31	4.30e-27	1.59e-23	3.06e-20	4.27e-17	9.57e-14	2.78e-11	3.20e-09	1.54e-07	4.44e-06	6.76e-05	6.76e-04	7.13e-03	1.51e-01	4.40e-01	4.01e-01
 1.94061e+22	0.00e+00	1.76e-31	6.50e-27	2.34e-23	4.35e-20	5.86e-17	1.28e-13	3.61e-11	4.04e-09	1.88e-07	5.29e-06	7.80e-05	7.53e-04	7.68e-03	1.57e-01	4.43e-01	3.91e-01
 1.96046e+22	0.00e+00	2.73e-31	9.74e-27	3.40e-23	6.14e-20	7.99e-17	1.70e-13	4.68e-11	5.08e-09	2.30e-07	6.28e-06	8.98e-05	8.37e-04	8.26e-03	1.64e-01	4.46e-01	3.81e-01
 1.97989e+22	0.00e+00	4.18e-31	1.45e-26	4.91e-23	8.60e-20	1.08e-16	2.25e-13	6.02e-11	6.37e-09	2.80e-07	7.42e-06	1.03e-04	9.29e-04	8.87e-03	1.70e-01	4.49e-01	3.71e-01
 2.00220e+22	0.00e+00	7.41e-31	2.46e-26	8.02e-23	1.35e-19	1.61e-16	3.27e-13	8.43e-11	8.59e-09	3.63e-07	9.29e-06	1.24e-04	1.07e-03	9.75e-03	1.79e-01	4.52e-01	3.58e-01
 2.02413e+22	0.00e+00	1.13e-30	3.63e-26	1.15e-22	1.88e-19	2.18e-16	4.30e-13	1.08e-10	1.07e-08	4.40e-07	1.09e-05	1.42e-04	1.18e-03	1.04e-02	1.86e-01	4.54e-01	3.48e-01
 2.04558e+22	0.00e+00	1.90e-30	5.88e-26	1.80e-22	2.82e-19	3.13e-16	6.03e-13	1.47e-10	1.41e-08	5.58e-07	1.34e-05	1.67e-04	1.34e-03	1.14e-02	1.94e-01	4.57e-01	3.36e-01
 2.06789e+22	0.00e+00	3.08e-30	9.22e-26	2.73e-22	4.12e-19	4.40e-16	8.26e-13	1.95e-10	1.81e-08	6.97e-07	1.62e-05	1.95e-04	1.50e-03	1.23e-02	2.03e-01	4.58e-01	3.25e-01
 2.08741e+22	0.00e+00	4.73e-30	1.37e-25	3.93e-22	5.76e-19	5.93e-16	1.09e-12	2.51e-10	2.27e-08	8.47e-07	1.92e-05	2.24e-04	1.67e-03	1.32e-02	2.10e-01	4.59e-01	3.15e-01
 2.10601e+22	0.00e+00	7.26e-30	2.03e-25	5.67e-22	8.04e-19	7.99e-16	1.44e-12	3.22e-10	2.84e-08	1.03e-06	2.26e-05	2.56e-04	1.85e-03	1.41e-02	2.18e-01	4.60e-01	3.06e-01
 2.12732e+22	0.00e+00	1.23e-29	3.30e-25	8.87e-22	1.21e-18	1.15e-15	2.01e-12	4.37e-10	3.73e-08	1.31e-06	2.77e-05	3.03e-04	2.09e-03	1.53e-02	2.27e-01	4.61e-01	2.94e-01
 2.14925e+22	0.00e+00	1.96e-29	5.09e-25	1.32e-21	1.74e-18	1.59e-15	2.72e-12	5.74e-10	4.76e-08	1.61e-06	3.33e-05	3.51e-04	2.33e-03	1.65e-02	2.36e-01	4.61e-01	2.84e-01
 2.16809e+22	0.00e+00	3.01e-29	7.56e-25	1.90e-21	2.42e-18	2.13e-15	3.58e-12	7.37e-10	5.94e-08	1.96e-06	3.93e-05	4.02e-04	2.58e-03	1.76e-02	2.44e-01	4.61e-01	2.75e-01
 2.18871e+22	0.00e+00	5.04e-29	1.22e-24	2.95e-21	3.61e-18	3.04e-15	4.98e-12	9.96e-10	7.77e-08	2.48e-06	4.80e-05	4.74e-04	2.91e-03	1.91e-02	2.53e-01	4.61e-01	2.63e-01
 2.21001e+22	0.00e+00	7.98e-29	1.86e-24	4.36e-21	5.15e-18	4.16e-15	6.67e-12	1.30e-09	9.86e-08	3.05e-06	5.74e-05	5.47e-04	3.24e-03	2.04e-02	2.62e-01	4.60e-01	2.54e-01
 2.22884e+22	0.00e+00	1.22e-28	2.76e-24	6.27e-21	7.16e-18	5.58e-15	8.77e-12	1.67e-09	1.23e-07	3.70e-06	6.76e-05	6.26e-04	3.58e-03	2.18e-02	2.71e-01	4.59e-01	2.45e-01
 2.24997e+22	0.00e+00	2.10e-28	4.55e-24	9.92e-21	1.09e-17	8.08e-15	1.24e-11	2.28e-09	1.63e-07	4.72e-06	8.33e-05	7.41e-04	4.06e-03	2.36e-02	2.81e-01	4.57e-01	2.33e-01
 2.27122e+22	0.00e+00	3.24e-28	6.79e-24	1.44e-20	1.52e-17	1.09e-14	1.63e-11	2.93e-09	2.04e-07	5.74e-06	9.85e-05	8.50e-04	4.49e-03	2.52e-02	2.90e-01	4.55e-01	2.25e-01
 2.29261e+22	0.00e+00	5.64e-28	1.13e-23	2.29e-20	2.32e-17	1.58e-14	2.32e-11	4.04e-09	2.72e-07	7.36e-06	1.22e-04	1.01e-03	5.09e-03	2.73e-02	3.01e-01	4.52e-01	2.13e-01
 2.31426e+22	0.00e+00	8.87e-28	1.72e-23	3.37e-20	3.28e-17	2.15e-14	3.10e-11	5.25e-09	3.43e-07	9.02e-06	1.45e-04	1.16e-03	5.65e-03	2.92e-02	3.10e-01	4.49e-01	2.05e-01
 2.33623e+22	0.00e+00	1.61e-27	2.96e-23	5.54e-20	5.15e-17	3.18e-14	4.49e-11	7.37e-09	4.66e-07	1.18e-05	1.82e-04	1.40e-03	6.46e-03	3.18e-02	3.22e-01	4.45e-01	1.93e-01
 2.35735e+22	0.00e+00	2.43e-27	4.34e-23	7.86e-20	7.05e-17	4.20e-14	5.82e-11	9.35e-09	5.76e-07	1.42e-05	2.13e-04	1.59e-03	7.09e-03	3.37e-02	3.31e-01	4.41e-01	1.85e-01
 2.37738e+22	0.00e+00	4.14e-27	7.08e-23	1.23e-19	1.05e-16	5.98e-14	8.13e-11	1.27e-08	7.58e-07	1.80e-05	2.62e-04	1.87e-03	7.99e-03	3.63e-02	3.42e-01	4.36e-01	1.76e-01
 2.39741e+22	0.00e+00	6.22e-27	1.03e-22	1.73e-19	1.44e-16	7.86e-14	1.05e-10	1.60e-08	9.35e-07	2.16e-05	3.06e-04	2.12e-03	8.75e-03	3.83e-02	3.50e-01	4.32e-01	1.68e-01
 2.41743e+22	0.00e+00	1.08e-26	1.71e-22	2.74e-19	2.17e-16	1.12e-13	1.48e-10	2.19e-08	1.24e-06	2.76e-05	3.77e-04	2.51e-03	9.88e-03	4.13e-02	3.61e-01	4.26e-01	1.59e-01
 2.43591e+22	0.00e+00	1.54e-26	2.36e-22	3.68e-19	2.83e-16	1.42e-13	1.84e-10	2.68e-08	1.48e-06	3.22e-05	4.31e-04	2.80e-03	1.07e-02	4.33e-02	3.68e-01	4.22e-01	1.53e-01
 2.44947e+22	0.00e+00	2.13e-26	3.18e-22	4.83e-19	3.60e-16	1.75e-13	2.25e-10	3.23e-08	1.75e-06	3.73e-05	4.88e-04	3.09e-03	1.15e-02	4.52e-02	3.74e-01	4.18e-01	1.47e-01
 2.46214e+22	0.00e+00	2.91e-26	4.24e-22	6.28e-19	4.55e-16	2.14e-13	2.73e-10	3.86e-08	2.06e-06	4.28e-05	5.49e-04	3.40e-03	1.23e-02	4.71e-02	3.80e-01	4.14e-01	1.42e-01
 2.47656e+22	0.00e+00	4.23e-26	5.97e-22	8.56e-19	6.00e-16	2.72e-13	3.43e-10	4.76e-08	2.49e-06	5.05e-05	6.33e-04	3.81e-03	1.33e-02	4.95e-02	3.88e-01	4.09e-01	1.36e-01
 2.49167e+22	0.00e+00	5.90e-26	8.09e-22	1.13e-18	7.68e-16	3.37e-13	4.21e-10	5.75e-08	2.95e-06	5.85e-05	7.17e-04	4.21e-03	1.43e-02	5.16e-02	3.94e-01	4.04e-01	1.31e-01
 2.50480e+22	0.00e+00	8.05e-26	1.08e-21	1.46e-18	9.66e-16	4.11e-13	5.09e-10	6.85e-08	3.46e-06	6.71e-05	8.06e-04	4.63e-03	1.53e-02	5.37e-02	4.00e-01	4.00e-01	1.26e-01
 2.51685e+22	0.00e+00	1.09e-25	1.42e-21	1.88e-18	1.21e-15	4.98e-13	6.13e-10	8.13e-08	4.03e-06	7.68e-05	9.04e-04	5.07e-03	1.63e-02	5.57e-02	4.05e-01	3.95e-01	1.22e-01
 2.52854e+22	0.00e+00	1.45e-25	1.84e-21	2.37e-18	1.49e-15	5.96e-13	7.28e-10	9.54e-08	4.66e-06	8.70e-05	1.01e-03	5.52e-03	1.73e-02	5.77e-02	4.10e-01	3.90e-01	1.18e-01
 2.54002e+22	0.00e+00	1.91e-25	2.37e-21	2.98e-18	1.82e-15	7.10e-13	8.62e-10	1.12e-07	5.36e-06	9.83e-05	1.12e-03	6.00e-03	1.84e-02	5.97e-02	4.15e-01	3.86e-01	1.14e-01
 2.55307e+22	0.00e+00	2.76e-25	3.32e-21	4.03e-18	2.38e-15	8.92e-13	1.08e-09	1.37e-07	6.46e-06	1.15e-04	1.28e-03	6.70e-03	1.99e-02	6.24e-02	4.21e-01	3.80e-01	1.08e-01
 2.56594e+22	0.00e+00	3.67e-25	4.29e-21	5.09e-18	2.92e-15	1.06e-12	1.28e-09	1.60e-07	7.45e-06	1.31e-04	1.42e-03	7.29e-03	2.11e-02	6.46e-02	4.26e-01	3.75e-01	1.05e-01
 2.57691e+22	0.00e+00	4.85e-25	5.54e-21	6.40e-18	3.57e-15	1.26e-12	1.51e-09	1.88e-07	8.58e-06	1.48e-04	1.58e-03	7.92e-03	2.23e-02	6.67e-02	4.31e-01	3.70e-01	1.01e-01
 2.58951e+22	0.00e+00	6.92e-25	7.66e-21	8.55e-18	4.61e-15	1.57e-12	1.87e-09	2.29e-07	1.03e-05	1.73e-04	1.80e-03	8.79e-03	2.40e-02	6.95e-02	4.36e-01	3.64e-01	9.61e-02
 2.60226e+22	0.00e+00	9.38e-25	1.01e-20	1.09e-17	5.71e-15	1.88e-12	2.23e-09	2.70e-07	1.20e-05	1.97e-04	2.02e-03	9.62e-03	2.56e-02	7.20e-02	4.40e-01	3.58e-01	9.23e-02
 2.61259e+22	0.00e+00	1.21e-24	1.27e-20	1.34e-17	6.83e-15	2.19e-12	2.59e-09	3.11e-07	1.36e-05	2.20e-04	2.22e-03	1.04e-02	2.69e-02	7.40e-02	4.44e-01	3.53e-01	8.91e-02
 2.62341e+22	0.00e+00	1.65e-24	1.69e-20	1.73e-17	8.53e-15	2.64e-12	3.12e-09	3.70e-07	1.59e-05	2.52e-04	2.49e-03	1.14e-02	2.87e-02	7.67e-02	4.48e-01	3.47e-01	8.53e-02
 2.63453e+22	0.00e+00	2.14e-24	2.14e-20	2.14e-17	1.03e-14	3.09e-12	3.64e-09	4.27e-07	1.81e-05	2.82e-04	2.74e-03	1.22e-02	3.03e-02	7.89e-02	4.52e-01	3.42e-01	8.22e-02
 2.64603e+22	0.00e+00	3.05e-24	2.94e-20	2.83e-17	1.31e-14	3.79e-12	4.47e-09	5.18e-07	2.16e-05	3.29e-04	3.12e-03	1.36e-02	3.25e-02	8.19e-02	4.56e-01	3.35e-01	7.81e-02
 2.65732e+22	0.00e+00	3.94e-24	3.71e-20	3.48e-17	1.57e-14	4.41e-12	5.19e-09	5.96e-07	2.45e-05	3.67e-04	3.42e-03	1.46e-02	3.42e-02	8.41e-02	4.59e-01	3.29e-01	7.52e-02
 2.66833e+22	0.00e+00	5.65e-24	5.12e-20	4.63e-17	2.00e-14	5.39e-12	6.37e-09	7.24e-07	2.93e-05	4.28e-04	3.90e-03	1.62e-02	3.67e-02	8.73e-02	4.62e-01	3.22e-01	7.13e-02
 2.67918e+22	0.00e+00	7.26e-24	6.42e-20	5.65e-17	2.38e-14	6.23e-12	7.36e-09	8.31e-07	3.32e-05	4.77e-04	4.28e-03	1.74e-02	3.85e-02	8.95e-02	4.65e-01	3.16e-01	6.86e-02
 2.68982e+22	0.00e+00	1.01e-23	8.67e-20	7.36e-17	2.98e-14	7.51e-12	8.90e-09	9.95e-07	3.92e-05	5.50e-04	4.82e-03	1.91e-02	4.11e-02	9.25e-02	4.67e-01	3.09e-01	6.51e-02
 2.70084e+22	0.00e+00	1.35e-23	1.12e-19	9.24e-17	3.62e-14	8.81e-12	1.05e-08	1.16e-06	4.52e-05	6.21e-04	5.35e-03	2.08e-02	4.34e-02	9.51e-02	4.70e-01	3.03e-01	6.22e-02
 2.71040e+22	0.00e+00	1.74e-23	1.41e-19	1.13e-16	4.29e-14	1.01e-11	1.21e-08	1.33e-06	5.13e-05	6.92e-04	5.86e-03	2.23e-02	4.56e-02	9.74e-02	4.71e-01	2.97e-01	5.97e-02
 2.72087e+22	0.00e+00	2.49e-23	1.94e-19	1.49e-16	5.43e-14	1.23e-11	1.48e-08	1.62e-06	6.11e-05	8.05e-04	6.67e-03	2.47e-02	4.88e-02	1.01e-01	4.73e-01	2.89e-01	5.63e-02
 2.73121e+22	0.00e+00	3.19e-23	2.43e-19	1.81e-16	6.41e-14	1.41e-11	1.70e-08	1.85e-06	6.90e-05	8.94e-04	7.28e-03	2.64e-02	5.10e-02	1.03e-01	4.74e-01	2.83e-01	5.40e-02
 2.74138e+22	0.00e+00	4.54e-23	3.33e-19	2.38e-16	8.05e-14	1.69e-11	2.06e-08	2.23e-06	8.21e-05	1.04e-03	8.25e-03	2.91e-02	5.45e-02	1.06e-01	4.75e-01	2.75e-01	5.09e-02
 2.75170e+22	0.00e+00	5.92e-23	4.22e-19	2.92e-16	9.58e-14	1.95e-11	2.39e-08	2.56e-06	9.34e-05	1.16e-03	9.05e-03	3.13e-02	5.72e-02	1.09e-01	4.75e-01	2.69e-01	4.86e-02
 2.76222e+22	0.00e+00	8.57e-23	5.86e-19	3.87e-16	1.21e-13	2.35e-11	2.93e-08	3.12e-06	1.12e-04	1.35e-03	1.03e-02	3.46e-02	6.11e-02	1.12e-01	4.75e-01	2.60e-01	4.55e-02
 2.77241e+22	0.00e+00	1.10e-22	7.33e-19	4.70e-16	1.42e-13	2.67e-11	3.36e-08	3.56e-06	1.26e-04	1.50e-03	1.12e-02	3.71e-02	6.38e-02	1.14e-01	4.75e-01	2.54e-01	4.34e-02
 2.78220e+22	0.00e+00	1.57e-22	1.01e-18	6.16e-16	1.78e-13	3.18e-11	4.07e-08	4.29e-06	1.50e-04	1.74e-03	1.27e-02	4.08e-02	6.80e-02	1.17e-01	4.74e-01	2.45e-01	4.06e-02
 2.79198e+22	0.00e+00	2.03e-22	1.26e-18	7.47e-16	2.09e-13	3.62e-11	4.67e-08	4.90e-06	1.70e-04	1.93e-03	1.39e-02	4.36e-02	7.09e-02	1.19e-01	4.72e-01	2.39e-01	3.87e-02
 2.80175e+22	0.00e+00	2.91e-22	1.73e-18	9.81e-16	2.61e-13	4.30e-11	5.66e-08	5.91e-06	2.02e-04	2.23e-03	1.57e-02	4.79e-02	7.54e-02	1.22e-01	4.70e-01	2.30e-01	3.61e-02
 2.81159e+22	0.00e+00	3.80e-22	2.19e-18	1.20e-15	3.08e-13	4.90e-11	6.52e-08	6.79e-06	2.29e-04	2.49e-03	1.72e-02	5.13e-02	7.88e-02	1.24e-01	4.68e-01	2.24e-01	3.42e-02
 2.82152e+22	0.00e+00	5.44e-22	3.01e-18	1.57e-15	3.83e-13	5.81e-11	7.87e-08	8.17e-06	2.71e-04	2.87e-03	1.93e-02	5.62e-02	8.35e-02	1.27e-01	4.64e-01	2.15e-01	3.18e-02
 2.83138e+22	0.00e+00	7.12e-22	3.82e-18	1.92e-15	4.51e-13	6.60e-11	9.07e-08	9.38e-06	3.08e-04	3.19e-03	2.11e-02	6.02e-02	8.71e-02	1.29e-01	4.61e-01	2.08e-01	3.00e-02
 2.84116e+22	0.00e+00	1.02e-21	5.23e-18	2.50e-15	5.58e-13	7.78e-11	1.09e-07	1.13e-05	3.64e-04	3.68e-03	2.37e-02	6.57e-02	9.20e-02	1.32e-01	4.56e-01	1.99e-01	2.78e-02
 2.85108e+22	4.04e-34	1.35e-21	6.71e-18	3.08e-15	6.61e-13	8.85e-11	1.26e-07	1.30e-05	4.16e-04	4.11e-03	2.60e-02	7.04e-02	9.60e-02	1.33e-01	4.52e-01	1.92e-01	2.61e-02
 2.86120e+22	6.27e-34	1.96e-21	9.30e-18	4.05e-15	8.22e-13	1.05e-10	1.53e-07	1.57e-05	4.93e-04	4.74e-03	2.92e-02	7.69e-02	1.01e-01	1.36e-01	4.45e-01	1.82e-01	2.40e-02
 2.87144e+22	8.85e-34	2.62e-21	1.20e-17	5.02e-15	9.76e-13	1.19e-10	1.77e-07	1.81e-05	5.64e-04	5.29e-03	3.20e-02	8.23e-02	1.06e-01	1.37e-01	4.40e-01	1.75e-01	2.24e-02
 2.88184e+22	1.39e-33	3.85e-21	1.68e-17	6.63e-15	1.22e-12	1.41e-10	2.14e-07	2.19e-05	6.70e-04	6.11e-03	3.59e-02	8.98e-02	1.11e-01	1.39e-01	4.31e-01	1.66e-01	2.04e-02
 2.89230e+22	1.91e-33	5.15e-21	2.17e-17	8.21e-15	1.44e-12	1.60e-10	2.48e-07	2.52e-05	7.64e-04	6.81e-03	3.92e-02	9.59e-02	1.16e-01	1.40e-01	4.24e-01	1.58e-01	1.90e-02
 2.90130e+22	2.67e-33	6.86e-21	2.78e-17	1.01e-14	1.70e-12	1.81e-10	2.85e-07	2.90e-05	8.67e-04	7.55e-03	4.26e-02	1.02e-01	1.20e-01	1.41e-01	4.17e-01	1.51e-01	1.77e-02
 2.91149e+22	4.15e-33	9.96e-21	3.85e-17	1.32e-14	2.10e-12	2.12e-10	3.41e-07	3.46e-05	1.02e-03	8.63e-03	4.75e-02	1.10e-01	1.25e-01	1.42e-01	4.07e-01	1.42e-01	1.60e-02
 2.92167e+22	5.72e-33	1.31e-20	4.89e-17	1.61e-14	2.46e-12	2.39e-10	3.89e-07	3.94e-05	1.15e-03	9.51e-03	5.12e-02	1.17e-01	1.29e-01	1.42e-01	3.99e-01	1.36e-01	1.49e-02
 2.93183e+22	8.80e-33	1.89e-20	6.73e-17	2.10e-14	3.02e-12	2.79e-10	4.62e-07	4.68e-05	1.34e-03	1.08e-02	5.66e-02	1.26e-01	1.34e-01	1.43e-01	3.88e-01	1.27e-01	1.35e-02
 2.94210e+22	1.21e-32	2.47e-20	8.52e-17	2.55e-14	3.53e-12	3.13e-10	5.25e-07	5.30e-05	1.50e-03	1.18e-02	6.09e-02	1.32e-01	1.38e-01	1.43e-01	3.79e-01	1.21e-01	1.25e-02
 2.95248e+22	1.85e-32	3.56e-20	1.17e-16	3.32e-14	4.33e-12	3.65e-10	6.20e-07	6.26e-05	1.74e-03	1.33e-02	6.69e-02	1.41e-01	1.43e-01	1.43e-01	3.67e-01	1.13e-01	1.12e-02
 2.96306e+22	2.55e-32	4.69e-20	1.49e-16	4.05e-14	5.07e-12	4.11e-10	7.04e-07	7.09e-05	1.95e-03	1.46e-02	7.18e-02	1.49e-01	1.46e-01	1.42e-01	3.57e-01	1.07e-01	1.04e-02
 2.97389e+22	3.88e-32	6.71e-20	2.04e-16	5.25e-14	6.22e-12	4.79e-10	8.28e-07	8.32e-05	2.25e-03	1.64e-02	7.84e-02	1.58e-01	1.51e-01	1.41e-01	3.44e-01	9.94e-02	9.28e-03
 2.98507e+22	5.46e-32	9.00e-20	2.63e-16	6.49e-14	7.35e-12	5.44e-10	9.43e-07	9.45e-05	2.52e-03	1.79e-02	8.41e-02	1.66e-01	1.54e-01	1.40e-01	3.33e-01	9.34e-02	8.47e-03
 2.99670e+22	8.41e-32	1.31e-19	3.64e-16	8.50e-14	9.09e-12	6.38e-10	1.11e-06	1.11e-04	2.91e-03	2.01e-02	9.16e-02	1.76e-01	1.58e-01	1.39e-01	3.19e-01	8.61e-02	7.52e-03
 3.00860e+22	1.18e-31	1.75e-19	4.71e-16	1.05e-13	1.08e-11	7.25e-10	1.26e-06	1.26e-04	3.26e-03	2.19e-02	9.78e-02	1.84e-01	1.61e-01	1.37e-01	3.08e-01	8.05e-02	6.82e-03
 3.01919e+22	1.65e-31	2.33e-19	6.04e-16	1.30e-13	1.27e-11	8.22e-10	1.43e-06	1.42e-04	3.62e-03	2.38e-02	1.04e-01	1.91e-01	1.63e-01	1.35e-01	2.97e-01	7.53e-02	6.20e-03
 3.03129e+22	2.51e-31	3.36e-19	8.31e-16	1.69e-13	1.57e-11	9.64e-10	1.66e-06	1.65e-04	4.14e-03	2.64e-02	1.12e-01	2.01e-01	1.66e-01	1.33e-01	2.82e-01	6.90e-02	5.47e-03
 3.04356e+22	3.42e-31	4.46e-19	1.06e-15	2.08e-13	1.85e-11	1.09e-09	1.87e-06	1.85e-04	4.58e-03	2.86e-02	1.19e-01	2.08e-01	1.68e-01	1.31e-01	2.71e-01	6.43e-02	4.95e-03
 3.05606e+22	5.18e-31	6.39e-19	1.46e-15	2.71e-13	2.28e-11	1.28e-09	2.17e-06	2.14e-04	5.20e-03	3.16e-02	1.27e-01	2.18e-01	1.70e-01	1.28e-01	2.57e-01	5.87e-02	4.35e-03
 3.06819e+22	6.92e-31	8.23e-19	1.82e-15	3.26e-13	2.64e-11	1.44e-09	2.41e-06	2.36e-04	5.68e-03	3.37e-02	1.34e-01	2.24e-01	1.71e-01	1.25e-01	2.47e-01	5.49e-02	3.96e-03
 3.07986e+22	1.01e-30	1.14e-18	2.43e-15	4.14e-13	3.19e-11	1.67e-09	2.75e-06	2.68e-04	6.35e-03	3.67e-02	1.42e-01	2.32e-01	1.72e-01	1.22e-01	2.34e-01	5.02e-02	3.50e-03
 3.09175e+22	1.34e-30	1.47e-18	3.03e-15	4.98e-13	3.71e-11	1.87e-09	3.04e-06	2.96e-04	6.91e-03	3.92e-02	1.48e-01	2.38e-01	1.73e-01	1.20e-01	2.25e-01	4.69e-02	3.18e-03
 3.10394e+22	1.97e-30	2.05e-18	4.06e-15	6.36e-13	4.50e-11	2.17e-09	3.46e-06	3.36e-04	7.71e-03	4.25e-02	1.57e-01	2.46e-01	1.73e-01	1.16e-01	2.12e-01	4.26e-02	2.79e-03
 3.11629e+22	2.60e-30	2.62e-18	5.04e-15	7.64e-13	5.22e-11	2.44e-09	3.83e-06	3.69e-04	8.36e-03	4.52e-02	1.63e-01	2.51e-01	1.73e-01	1.14e-01	2.03e-01	3.97e-02	2.53e-03
 3.12886e+22	3.80e-30	3.65e-18	6.74e-15	9.74e-13	6.34e-11	2.83e-09	4.35e-06	4.17e-04	9.30e-03	4.89e-02	1.72e-01	2.58e-01	1.73e-01	1.10e-01	1.90e-01	3.60e-02	2.21e-03
 3.14122e+22	4.92e-30	4.57e-18	8.23e-15	1.15e-12	7.27e-11	3.16e-09	4.76e-06	4.54e-04	1.00e-02	5.16e-02	1.78e-01	2.63e-01	1.72e-01	1.07e-01	1.82e-01	3.36e-02	2.02e-03
 3.15330e+22	6.99e-30	6.23e-18	1.08e-14	1.45e-12	8.72e-11	3.64e-09	5.35e-06	5.07e-04	1.10e-02	5.53e-02	1.86e-01	2.68e-01	1.71e-01	1.04e-01	1.71e-01	3.05e-02	1.77e-03
 3.16563e+22	9.08e-30	7.84e-18	1.32e-14	1.72e-12	1.00e-10	4.06e-09	5.87e-06	5.52e-04	1.18e-02	5.83e-02	1.92e-01	2.72e-01	1.70e-01	1.01e-01	1.64e-01	2.84e-02	1.61e-03
 3.17827e+22	1.29e-29	1.07e-17	1.74e-14	2.16e-12	1.21e-10	4.69e-09	6.59e-06	6.17e-04	1.30e-02	6.24e-02	2.00e-01	2.77e-01	1.69e-01	9.71e-02	1.53e-01	2.57e-02	1.40e-03
 3.19115e+22	1.68e-29	1.35e-17	2.14e-14	2.58e-12	1.39e-10	5.25e-09	7.23e-06	6.71e-04	1.39e-02	6.56e-02	2.07e-01	2.81e-01	1.68e-01	9.42e-02	1.46e-01	2.38e-02	1.26e-03
 3.20434e+22	2.40e-29	1.84e-17	2.81e-14	3.25e-12	1.68e-10	6.08e-09	8.13e-06	7.49e-04	1.53e-02	7.01e-02	2.15e-01	2.85e-01	1.65e-01	9.03e-02	1.36e-01	2.14e-02	1.10e-03
 3.21777e+22	8.08e-30	2.34e-17	3.47e-14	3.89e-12	1.94e-10	6.82e-09	8.91e-06	8.15e-04	1.64e-02	7.36e-02	2.21e-01	2.88e-01	1.64e-01	8.73e-02	1.29e-01	1.97e-02	9.87e-04
 3.23150e+22	1.15e-29	3.20e-17	4.57e-14	4.91e-12	2.35e-10	7.92e-09	1.00e-05	9.08e-04	1.80e-02	7.84e-02	2.29e-01	2.91e-01	1.61e-01	8.34e-02	1.20e-01	1.77e-02	8.54e-04
 3.24549e+22	1.51e-29	4.05e-17	5.65e-14	5.88e-12	2.72e-10	8.90e-09	1.10e-05	9.88e-04	1.92e-02	8.23e-02	2.35e-01	2.94e-01	1.59e-01	8.04e-02	1.13e-01	1.62e-02	7.63e-04
 3.25981e+22	2.15e-29	5.56e-17	7.46e-14	7.44e-12	3.30e-10	1.04e-08	1.24e-05	1.10e-03	2.10e-02	8.75e-02	2.43e-01	2.96e-01	1.55e-01	7.65e-02	1.04e-01	1.45e-02	6.56e-04
 3.27380e+22	2.74e-29	6.87e-17	9.01e-14	8.76e-12	3.77e-10	1.15e-08	1.35e-05	1.19e-03	2.24e-02	9.12e-02	2.48e-01	2.97e-01	1.53e-01	7.38e-02	9.90e-02	1.34e-02	5.92e-04
 3.28738e+22	3.83e-29	9.24e-17	1.17e-13	1.09e-11	4.51e-10	1.33e-08	1.51e-05	1.31e-03	2.43e-02	9.64e-02	2.55e-01	2.99e-01	1.50e-01	7.02e-02	9.18e-02	1.20e-02	5.12e-04
 3.30117e+22	4.87e-29	1.14e-16	1.42e-13	1.29e-11	5.17e-10	1.49e-08	1.64e-05	1.41e-03	2.58e-02	1.00e-01	2.60e-01	2.99e-01	1.47e-01	6.76e-02	8.68e-02	1.10e-02	4.61e-04
 3.31523e+22	6.75e-29	1.53e-16	1.83e-13	1.60e-11	6.19e-10	1.71e-08	1.83e-05	1.56e-03	2.79e-02	1.06e-01	2.67e-01	3.00e-01	1.43e-01	6.42e-02	8.03e-02	9.88e-03	3.98e-04
 3.32974e+22	8.78e-29	1.93e-16	2.25e-13	1.91e-11	7.16e-10	1.93e-08	2.01e-05	1.69e-03	2.97e-02	1.10e-01	2.72e-01	3.00e-01	1.40e-01	6.15e-02	7.53e-02	9.01e-03	3.53e-04
 3.34481e+22	1.22e-28	2.58e-16	2.92e-13	2.39e-11	8.61e-10	2.23e-08	2.25e-05	1.86e-03	3.21e-02	1.16e-01	2.79e-01	2.99e-01	1.36e-01	5.82e-02	6.94e-02	8.03e-03	3.04e-04
 3.36038e+22	1.61e-28	3.31e-16	3.64e-13	2.89e-11	1.01e-09	2.53e-08	2.48e-05	2.02e-03	3.43e-02	1.21e-01	2.84e-01	2.99e-01	1.33e-01	5.54e-02	6.47e-02	7.26e-03	2.67e-04
 3.37658e+22	2.27e-28	4.48e-16	4.77e-13	3.65e-11	1.22e-09	2.96e-08	2.79e-05	2.24e-03	3.72e-02	1.27e-01	2.90e-01	2.97e-01	1.28e-01	5.21e-02	5.93e-02	6.41e-03	2.27e-04
 3.39323e+22	3.02e-28	5.78e-16	5.99e-13	4.43e-11	1.44e-09	3.37e-08	3.09e-05	2.44e-03	3.97e-02	1.33e-01	2.95e-01	2.96e-01	1.25e-01	4.94e-02	5.50e-02	5.77e-03	1.98e-04
 3.41046e+22	4.31e-28	7.90e-16	7.92e-13	5.64e-11	1.76e-09	3.97e-08	3.50e-05	2.71e-03	4.31e-02	1.40e-01	3.00e-01	2.93e-01	1.20e-01	4.62e-02	5.00e-02	5.05e-03	1.67e-04
 3.42825e+22	5.81e-28	1.03e-15	1.00e-12	6.93e-11	2.08e-09	4.55e-08	3.89e-05	2.97e-03	4.61e-02	1.45e-01	3.05e-01	2.91e-01	1.16e-01	4.36e-02	4.61e-02	4.51e-03	1.45e-04
 3.44678e+22	8.42e-28	1.43e-15	1.35e-12	8.93e-11	2.57e-09	5.41e-08	4.44e-05	3.31e-03	5.01e-02	1.53e-01	3.10e-01	2.87e-01	1.11e-01	4.05e-02	4.16e-02	3.91e-03	1.20e-04
 3.46582e+22	1.15e-27	1.88e-15	1.72e-12	1.10e-10	3.07e-09	6.24e-08	4.96e-05	3.63e-03	5.36e-02	1.59e-01	3.14e-01	2.84e-01	1.07e-01	3.80e-02	3.81e-02	3.46e-03	1.03e-04
 3.48293e+22	1.54e-27	2.44e-15	2.17e-12	1.35e-10	3.64e-09	7.17e-08	5.52e-05	3.96e-03	5.72e-02	1.65e-01	3.17e-01	2.80e-01	1.02e-01	3.57e-02	3.50e-02	3.08e-03	8.89e-05
 3.50259e+22	2.30e-27	3.47e-15	2.98e-12	1.77e-10	4.56e-09	8.60e-08	6.34e-05	4.43e-03	6.22e-02	1.74e-01	3.21e-01	2.75e-01	9.72e-02	3.28e-02	3.12e-02	2.62e-03	7.25e-05
 3.52236e+22	3.07e-27	4.50e-15	3.76e-12	2.17e-10	5.41e-09	9.89e-08	7.05e-05	4.83e-03	6.63e-02	1.80e-01	3.24e-01	2.71e-01	9.32e-02	3.07e-02	2.86e-02	2.33e-03	6.23e-05
 3.54229e+22	4.54e-27	6.36e-15	5.12e-12	2.83e-10	6.75e-09	1.18e-07	8.09e-05	5.40e-03	7.18e-02	1.88e-01	3.26e-01	2.65e-01	8.80e-02	2.81e-02	2.54e-02	1.98e-03	5.08e-05
 3.56265e+22	6.21e-27	8.40e-15	6.57e-12	3.52e-10	8.08e-09	1.37e-07	9.04e-05	5.90e-03	7.66e-02	1.95e-01	3.28e-01	2.59e-01	8.39e-02	2.61e-02	2.30e-02	1.74e-03	4.30e-05
 3.58355e+22	9.26e-27	1.20e-14	9.03e-12	4.63e-10	1.02e-08	1.65e-07	1.04e-04	6.60e-03	8.30e-02	2.03e-01	3.30e-01	2.52e-01	7.88e-02	2.38e-02	2.03e-02	1.46e-03	3.46e-05
 3.60479e+22	1.28e-26	1.60e-14	1.17e-11	5.78e-10	1.22e-08	1.92e-07	1.17e-04	7.22e-03	8.85e-02	2.10e-01	3.31e-01	2.47e-01	7.48e-02	2.20e-02	1.83e-02	1.27e-03	2.90e-05
 3.62645e+22	1.94e-26	2.32e-14	1.63e-11	7.71e-10	1.55e-08	2.33e-07	1.35e-04	8.10e-03	9.60e-02	2.19e-01	3.31e-01	2.39e-01	6.98e-02	1.99e-02	1.60e-02	1.06e-03	2.30e-05
 3.64820e+22	2.66e-26	3.09e-14	2.10e-11	9.60e-10	1.87e-08	2.70e-07	1.51e-04	8.85e-03	1.02e-01	2.26e-01	3.31e-01	2.33e-01	6.60e-02	1.83e-02	1.44e-02	9.17e-04	1.93e-05
 3.66626e+22	3.53e-26	4.00e-14	2.65e-11	1.17e-09	2.20e-08	3.09e-07	1.67e-04	9.57e-03	1.08e-01	2.32e-01	3.30e-01	2.27e-01	6.27e-02	1.70e-02	1.30e-02	8.05e-04	1.63e-05
 3.68591e+22	5.15e-26	5.65e-14	3.60e-11	1.52e-09	2.74e-08	3.68e-07	1.90e-04	1.06e-02	1.16e-01	2.39e-01	3.29e-01	2.19e-01	5.85e-02	1.54e-02	1.15e-02	6.75e-04	1.31e-05
 3.70548e+22	6.79e-26	7.28e-14	4.51e-11	1.85e-09	3.22e-08	4.21e-07	2.10e-04	1.14e-02	1.22e-01	2.45e-01	3.28e-01	2.13e-01	5.55e-02	1.43e-02	1.04e-02	5.92e-04	1.11e-05
 3.72494e+22	9.82e-26	1.02e-13	6.12e-11	2.40e-09	4.00e-08	5.01e-07	2.38e-04	1.26e-02	1.30e-01	2.52e-01	3.25e-01	2.06e-01	5.17e-02	1.29e-02	9.10e-03	4.96e-04	8.91e-06
 3.74466e+22	1.30e-25	1.33e-13	7.74e-11	2.94e-09	4.73e-08	5.75e-07	2.64e-04	1.36e-02	1.37e-01	2.58e-01	3.23e-01	1.99e-01	4.88e-02	1.20e-02	8.20e-03	4.31e-04	7.48e-06
 3.76472e+22	1.90e-25	1.90e-13	1.06e-10	3.85e-09	5.92e-08	6.90e-07	3.02e-04	1.51e-02	1.46e-01	2.65e-01	3.19e-01	1.91e-01	4.51e-02	1.07e-02	7.12e-03	3.57e-04	5.91e-06
 3.78502e+22	2.53e-25	2.50e-13	1.35e-10	4.75e-09	7.04e-08	7.96e-07	3.35e-04	1.64e-02	1.54e-01	2.70e-01	3.16e-01	1.85e-01	4.24e-02	9.86e-03	6.37e-03	3.08e-04	4.91e-06
 3.80564e+22	3.69e-25	3.59e-13	1.87e-10	6.26e-09	8.87e-08	9.61e-07	3.85e-04	1.82e-02	1.64e-01	2.76e-01	3.11e-01	1.76e-01	3.89e-02	8.80e-03	5.49e-03	2.53e-04	3.84e-06
 3.82667e+22	4.98e-25	4.80e-13	2.42e-10	7.82e-09	1.07e-07	1.12e-06	4.31e-04	1.97e-02	1.73e-01	2.81e-01	3.06e-01	1.69e-01	3.63e-02	8.01e-03	4.86e-03	2.15e-04	3.14e-06
 3.84822e+22	7.33e-25	7.03e-13	3.39e-10	1.05e-08	1.36e-07	1.37e-06	4.99e-04	2.20e-02	1.85e-01	2.87e-01	3.00e-01	1.61e-01	3.31e-02	7.08e-03	4.14e-03	1.73e-04	2.40e-06
 3.87019e+22	9.95e-25	9.53e-13	4.45e-10	1.32e-08	1.66e-07	1.61e-06	5.62e-04	2.40e-02	1.95e-01	2.92e-01	2.94e-01	1.54e-01	3.06e-02	6.40e-03	3.63e-03	1.46e-04	1.93e-06
 3.89272e+22	1.47e-24	1.42e-12	6.34e-10	1.80e-08	2.15e-07	2.00e-06	6.58e-04	2.70e-02	2.08e-01	2.97e-01	2.86e-01	1.44e-01	2.76e-02	5.59e-03	3.04e-03	1.15e-04	1.45e-06
 3.91544e+22	1.99e-24	1.93e-12	8.36e-10	2.29e-08	2.64e-07	2.37e-06	7.46e-04	2.95e-02	2.19e-01	3.00e-01	2.80e-01	1.37e-01	2.54e-02	5.02e-03	2.65e-03	9.61e-05	1.15e-06
 3.93453e+22	2.61e-24	2.57e-12	1.08e-09	2.85e-08	3.18e-07	2.78e-06	8.37e-04	3.21e-02	2.30e-01	3.03e-01	2.73e-01	1.31e-01	2.35e-02	4.54e-03	2.32e-03	8.09e-05	9.33e-07
 3.95521e+22	3.65e-24	3.67e-12	1.48e-09	3.78e-08	4.04e-07	3.40e-06	9.70e-04	3.57e-02	2.43e-01	3.06e-01	2.64e-01	1.23e-01	2.12e-02	3.98e-03	1.96e-03	6.48e-05	7.09e-07
 3.97605e+22	4.76e-24	4.87e-12	1.91e-09	4.72e-08	4.89e-07	4.00e-06	1.09e-03	3.88e-02	2.54e-01	3.07e-01	2.57e-01	1.17e-01	1.94e-02	3.58e-03	1.71e-03	5.41e-05	5.68e-07
 3.99644e+22	6.46e-24	6.82e-12	2.59e-09	6.18e-08	6.17e-07	4.88e-06	1.27e-03	4.31e-02	2.68e-01	3.09e-01	2.48e-01	1.09e-01	1.75e-02	3.14e-03	1.44e-03	4.34e-05	4.33e-07
 4.01725e+22	8.36e-24	9.11e-12	3.36e-09	7.81e-08	7.56e-07	5.81e-06	1.44e-03	4.71e-02	2.80e-01	3.09e-01	2.39e-01	1.03e-01	1.59e-02	2.79e-03	1.24e-03	3.57e-05	3.41e-07
 4.03764e+22	1.09e-23	1.25e-11	4.48e-09	1.01e-07	9.46e-07	7.06e-06	1.66e-03	5.20e-02	2.94e-01	3.09e-01	2.30e-01	9.56e-02	1.43e-02	2.45e-03	1.05e-03	2.87e-05	2.60e-07
 4.05846e+22	1.40e-23	1.67e-11	5.85e-09	1.28e-07	1.17e-06	8.48e-06	1.90e-03	5.71e-02	3.07e-01	3.08e-01	2.21e-01	8.93e-02	1.29e-02	2.15e-03	8.92e-04	2.33e-05	2.01e-07
 4.07903e+22	1.78e-23	2.25e-11	7.67e-09	1.64e-07	1.45e-06	1.03e-05	2.18e-03	6.29e-02	3.20e-01	3.07e-01	2.11e-01	8.28e-02	1.15e-02	1.88e-03	7.52e-04	1.87e-05	1.54e-07
 4.09972e+22	2.25e-23	2.99e-11	9.95e-09	2.09e-07	1.79e-06	1.24e-05	2.50e-03	6.91e-02	3.33e-01	3.05e-01	2.01e-01	7.68e-02	1.03e-02	1.64e-03	6.34e-04	1.50e-05	1.18e-07
 4.12016e+22	2.80e-23	3.93e-11	1.28e-08	2.64e-07	2.21e-06	1.49e-05	2.86e-03	7.59e-02	3.46e-01	3.02e-01	1.91e-01	7.09e-02	9.17e-03	1.43e-03	5.33e-04	1.20e-05	0.00e+00
 4.14057e+22	3.45e-23	5.13e-11	1.65e-08	3.33e-07	2.72e-06	1.79e-05	3.28e-03	8.31e-02	3.59e-01	2.98e-01	1.82e-01	6.54e-02	8.15e-03	1.25e-03	4.48e-04	9.62e-06	0.00e+00
 4.16100e+22	4.23e-23	6.66e-11	2.10e-08	4.18e-07	3.34e-06	2.15e-05	3.75e-03	9.10e-02	3.71e-01	2.94e-01	1.72e-01	6.00e-02	7.22e-03	1.08e-03	3.74e-04	7.66e-06	0.00e+00
 4.18151e+22	5.13e-23	8.56e-11	2.66e-08	5.24e-07	4.09e-06	2.59e-05	4.28e-03	9.94e-02	3.83e-01	2.88e-01	1.62e-01	5.50e-02	6.38e-03	9.31e-04	3.12e-04	6.09e-06	0.00e+00
 4.20214e+22	6.20e-23	1.09e-10	3.37e-08	6.54e-07	5.01e-06	3.11e-05	4.88e-03	1.08e-01	3.95e-01	2.83e-01	1.52e-01	5.01e-02	5.62e-03	8.01e-04	2.59e-04	4.82e-06	0.00e+00
 4.22295e+22	7.44e-23	1.39e-10	4.23e-08	8.15e-07	6.11e-06	3.72e-05	5.56e-03	1.18e-01	4.06e-01	2.76e-01	1.43e-01	4.56e-02	4.93e-03	6.87e-04	2.15e-04	3.80e-06	0.00e+00
 4.24401e+22	8.91e-23	1.75e-10	5.30e-08	1.01e-06	7.45e-06	4.46e-05	6.34e-03	1.28e-01	4.16e-01	2.70e-01	1.33e-01	4.13e-02	4.31e-03	5.86e-04	1.77e-04	2.99e-06	0.00e+00
 4.26516e+22	1.06e-22	2.18e-10	6.58e-08	1.25e-06	9.03e-06	5.33e-05	7.19e-03	1.39e-01	4.25e-01	2.62e-01	1.24e-01	3.73e-02	3.76e-03	5.00e-04	1.46e-04	2.34e-06	0.00e+00
 4.28666e+22	1.26e-22	2.72e-10	8.18e-08	1.55e-06	1.10e-05	6.38e-05	8.18e-03	1.51e-01	4.34e-01	2.54e-01	1.15e-01	3.35e-02	3.26e-03	4.22e-04	1.19e-04	1.82e-06	0.00e+00
 4.30840e+22	5.55e-22	3.35e-10	1.01e-07	1.90e-06	1.33e-05	7.60e-05	9.26e-03	1.63e-01	4.41e-01	2.46e-01	1.07e-01	3.01e-02	2.82e-03	3.57e-04	9.74e-05	1.42e-06	0.00e+00
 4.33056e+22	6.65e-22	4.14e-10	1.24e-07	2.34e-06	1.61e-05	9.11e-05	1.05e-02	1.76e-01	4.48e-01	2.37e-01	9.86e-02	2.68e-02	2.42e-03	2.99e-04	7.88e-05	1.09e-06	0.00e+00
 4.35118e+22	7.71e-22	4.88e-10	1.47e-07	2.77e-06	1.88e-05	1.05e-04	1.16e-02	1.87e-01	4.53e-01	2.30e-01	9.20e-02	2.43e-02	2.14e-03	2.58e-04	6.62e-05	8.80e-07	0.00e+00
 4.37237e+22	9.24e-22	5.98e-10	1.81e-07	3.42e-06	2.28e-05	1.26e-04	1.32e-02	2.02e-01	4.57e-01	2.20e-01	8.40e-02	2.14e-02	1.82e-03	2.13e-04	5.28e-05	6.65e-07	0.00e+00
 4.39390e+22	1.08e-21	7.01e-10	2.13e-07	4.02e-06	2.65e-05	1.45e-04	1.46e-02	2.14e-01	4.60e-01	2.12e-01	7.81e-02	1.94e-02	1.60e-03	1.83e-04	4.42e-05	5.33e-07	0.00e+00
 4.41594e+22	1.30e-21	8.52e-10	2.62e-07	4.96e-06	3.22e-05	1.75e-04	1.65e-02	2.30e-01	4.63e-01	2.01e-01	7.07e-02	1.69e-02	1.34e-03	1.50e-04	3.48e-05	3.97e-07	0.00e+00
 4.43812e+22	1.52e-21	9.91e-10	3.06e-07	5.80e-06	3.72e-05	2.00e-04	1.81e-02	2.42e-01	4.64e-01	1.94e-01	6.55e-02	1.52e-02	1.18e-03	1.28e-04	2.91e-05	3.19e-07	0.00e+00
 4.46048e+22	1.84e-21	1.19e-09	3.73e-07	7.09e-06	4.49e-05	2.39e-04	2.05e-02	2.59e-01	4.64e-01	1.83e-01	5.91e-02	1.33e-02	9.86e-04	1.04e-04	2.28e-05	2.37e-07	0.00e+00
 4.48297e+22	2.15e-21	1.37e-09	4.33e-07	8.25e-06	5.16e-05	2.73e-04	2.24e-02	2.71e-01	4.63e-01	1.76e-01	5.46e-02	1.19e-02	8.61e-04	8.92e-05	1.90e-05	1.89e-07	0.00e+00
 4.50561e+22	2.60e-21	1.63e-09	5.23e-07	1.00e-05	6.17e-05	3.25e-04	2.51e-02	2.88e-01	4.61e-01	1.66e-01	4.90e-02	1.03e-02	7.20e-04	7.24e-05	1.49e-05	1.41e-07	0.00e+00
 4.52843e+22	3.04e-21	1.87e-09	6.05e-07	1.16e-05	7.07e-05	3.69e-04	2.73e-02	3.01e-01	4.58e-01	1.58e-01	4.51e-02	9.23e-03	6.27e-04	6.16e-05	1.24e-05	0.00e+00	0.00e+00
 4.55150e+22	3.70e-21	2.21e-09	7.27e-07	1.40e-05	8.41e-05	4.37e-04	3.05e-02	3.18e-01	4.53e-01	1.48e-01	4.03e-02	7.96e-03	5.22e-04	4.97e-05	9.66e-06	0.00e+00	0.00e+00
 4.57485e+22	4.34e-21	2.53e-09	8.39e-07	1.62e-05	9.62e-05	4.96e-04	3.32e-02	3.31e-01	4.49e-01	1.41e-01	3.69e-02	7.09e-03	4.52e-04	4.21e-05	7.97e-06	0.00e+00	0.00e+00
 4.59858e+22	5.30e-21	2.98e-09	1.01e-06	1.95e-05	1.14e-04	5.85e-04	3.69e-02	3.49e-01	4.43e-01	1.32e-01	3.29e-02	6.09e-03	3.74e-04	3.38e-05	6.19e-06	0.00e+00	0.00e+00
 4.62268e+22	6.26e-21	3.40e-09	1.16e-06	2.25e-05	1.30e-04	6.64e-04	4.01e-02	3.62e-01	4.37e-01	1.25e-01	3.00e-02	5.40e-03	3.23e-04	2.84e-05	5.08e-06	0.00e+00	0.00e+00
 4.64729e+22	7.69e-21	3.99e-09	1.39e-06	2.71e-05	1.54e-04	7.82e-04	4.45e-02	3.79e-01	4.28e-01	1.16e-01	2.65e-02	4.60e-03	2.65e-04	2.26e-05	3.91e-06	0.00e+00	0.00e+00
 4.67241e+22	9.16e-21	4.56e-09	1.61e-06	3.13e-05	1.76e-04	8.87e-04	4.82e-02	3.93e-01	4.21e-01	1.09e-01	2.40e-02	4.05e-03	2.27e-04	1.89e-05	3.18e-06	0.00e+00	0.00e+00
 4.69819e+22	1.14e-20	5.37e-09	1.93e-06	3.77e-05	2.08e-04	1.05e-03	5.34e-02	4.10e-01	4.10e-01	1.01e-01	2.11e-02	3.42e-03	1.85e-04	1.49e-05	2.42e-06	0.00e+00	0.00e+00
 4.72463e+22	1.37e-20	6.18e-09	2.24e-06	4.38e-05	2.38e-04	1.19e-03	5.78e-02	4.23e-01	4.01e-01	9.42e-02	1.90e-02	2.99e-03	1.57e-04	1.23e-05	1.95e-06	0.00e+00	0.00e+00
 4.75193e+22	1.72e-20	7.29e-09	2.70e-06	5.29e-05	2.82e-04	1.40e-03	6.41e-02	4.40e-01	3.89e-01	8.62e-02	1.65e-02	2.50e-03	1.26e-04	9.54e-06	1.46e-06	0.00e+00	0.00e+00
 4.77759e+22	2.04e-20	8.25e-09	3.07e-06	5.99e-05	3.14e-04	1.56e-03	6.83e-02	4.51e-01	3.80e-01	8.14e-02	1.51e-02	2.23e-03	1.09e-04	8.12e-06	1.21e-06	0.00e+00	0.00e+00
 4.80111e+22	2.50e-20	9.54e-09	3.61e-06	7.02e-05	3.62e-04	1.78e-03	7.42e-02	4.64e-01	3.69e-01	7.53e-02	1.33e-02	1.91e-03	9.07e-05	6.54e-06	9.50e-07	0.00e+00	0.00e+00
 4.82446e+22	2.95e-20	1.07e-08	4.08e-06	7.91e-05	4.02e-04	1.97e-03	7.87e-02	4.73e-01	3.61e-01	7.10e-02	1.22e-02	1.70e-03	7.89e-05	5.58e-06	7.92e-07	0.00e+00	0.00e+00
 4.84759e+22	3.57e-20	1.23e-08	4.75e-06	9.20e-05	4.60e-04	2.25e-03	8.52e-02	4.86e-01	3.49e-01	6.55e-02	1.08e-02	1.46e-03	6.55e-05	4.49e-06	6.20e-07	0.00e+00	0.00e+00
 4.87086e+22	4.24e-20	1.38e-08	5.38e-06	1.04e-04	5.09e-04	2.48e-03	9.02e-02	4.94e-01	3.40e-01	6.17e-02	9.84e-03	1.30e-03	5.69e-05	3.83e-06	5.16e-07	0.00e+00	0.00e+00
 4.89430e+22	5.21e-20	1.60e-08	6.28e-06	1.20e-04	5.80e-04	2.82e-03	9.72e-02	5.05e-01	3.28e-01	5.68e-02	8.69e-03	1.11e-03	4.72e-05	3.09e-06	4.04e-07	0.00e+00	0.00e+00
 4.91816e+22	6.27e-20	1.81e-08	7.14e-06	1.36e-04	6.43e-04	3.10e-03	1.03e-01	5.13e-01	3.18e-01	5.33e-02	7.90e-03	9.85e-04	4.08e-05	2.61e-06	3.35e-07	0.00e+00	0.00e+00
 4.94255e+22	7.79e-20	2.10e-08	8.38e-06	1.58e-04	7.34e-04	3.53e-03	1.11e-01	5.23e-01	3.06e-01	4.88e-02	6.93e-03	8.37e-04	3.35e-05	2.09e-06	2.60e-07	0.00e+00	0.00e+00
 4.96727e+22	9.48e-20	2.40e-08	9.56e-06	1.79e-04	8.13e-04	3.88e-03	1.17e-01	5.30e-01	2.96e-01	4.56e-02	6.28e-03	7.39e-04	2.89e-05	1.76e-06	2.14e-07	0.00e+00	0.00e+00
 4.99242e+22	1.20e-19	2.81e-08	1.13e-05	2.09e-04	9.27e-04	4.41e-03	1.26e-01	5.38e-01	2.83e-01	4.16e-02	5.48e-03	6.25e-04	2.36e-05	1.40e-06	1.65e-07	0.00e+00	0.00e+00
 5.01807e+22	1.48e-19	3.23e-08	1.29e-05	2.37e-04	1.03e-03	4.85e-03	1.32e-01	5.44e-01	2.73e-01	3.87e-02	4.94e-03	5.48e-04	2.02e-05	1.17e-06	1.35e-07	0.00e+00	0.00e+00
 5.04437e+22	1.90e-19	3.81e-08	1.53e-05	2.78e-04	1.18e-03	5.52e-03	1.42e-01	5.51e-01	2.60e-01	3.51e-02	4.29e-03	4.60e-04	1.63e-05	9.20e-07	0.00e+00	0.00e+00	0.00e+00
 5.07123e+22	2.39e-19	4.42e-08	1.77e-05	3.17e-04	1.31e-03	6.08e-03	1.50e-01	5.55e-01	2.50e-01	3.25e-02	3.84e-03	4.01e-04	1.39e-05	7.63e-07	0.00e+00	0.00e+00	0.00e+00
 5.09880e+22	3.17e-19	5.30e-08	2.12e-05	3.74e-04	1.50e-03	6.92e-03	1.61e-01	5.61e-01	2.37e-01	2.92e-02	3.31e-03	3.33e-04	1.11e-05	5.95e-07	0.00e+00	0.00e+00	0.00e+00
 5.12707e+22	4.07e-19	6.21e-08	2.47e-05	4.28e-04	1.67e-03	7.65e-03	1.70e-01	5.64e-01	2.27e-01	2.69e-02	2.94e-03	2.88e-04	9.33e-06	4.87e-07	0.00e+00	0.00e+00	0.00e+00
 5.15624e+22	5.58e-19	7.57e-08	2.99e-05	5.09e-04	1.92e-03	8.71e-03	1.82e-01	5.67e-01	2.13e-01	2.40e-02	2.51e-03	2.37e-04	7.40e-06	3.75e-07	0.00e+00	0.00e+00	0.00e+00
 5.18569e+22	7.36e-19	8.97e-08	3.50e-05	5.83e-04	2.13e-03	9.59e-03	1.91e-01	5.69e-01	2.04e-01	2.21e-02	2.22e-03	2.04e-04	6.20e-06	3.07e-07	0.00e+00	0.00e+00	0.00e+00
 5.21550e+22	1.03e-18	1.10e-07	4.26e-05	6.93e-04	2.45e-03	1.09e-02	2.04e-01	5.70e-01	1.90e-01	1.96e-02	1.89e-03	1.67e-04	4.88e-06	2.34e-07	0.00e+00	0.00e+00	0.00e+00
 5.24562e+22	1.39e-18	1.31e-07	5.00e-05	7.96e-04	2.72e-03	1.20e-02	2.14e-01	5.70e-01	1.81e-01	1.79e-02	1.67e-03	1.44e-04	4.07e-06	1.91e-07	0.00e+00	0.00e+00	0.00e+00
 5.27612e+22	2.01e-18	1.62e-07	6.11e-05	9.48e-04	3.12e-03	1.36e-02	2.28e-01	5.68e-01	1.69e-01	1.59e-02	1.41e-03	1.17e-04	3.18e-06	1.45e-07	0.00e+00	0.00e+00	0.00e+00
 5.30583e+22	2.72e-18	1.92e-07	7.10e-05	1.08e-03	3.44e-03	1.49e-02	2.37e-01	5.67e-01	1.61e-01	1.45e-02	1.25e-03	1.01e-04	2.68e-06	1.20e-07	0.00e+00	0.00e+00	0.00e+00
 5.33450e+22	3.96e-18	2.37e-07	8.58e-05	1.27e-03	3.90e-03	1.66e-02	2.50e-01	5.63e-01	1.50e-01	1.30e-02	1.07e-03	8.37e-05	2.14e-06	0.00e+00	0.00e+00	0.00e+00	0.00e+00
 5.36472e+22	5.69e-18	2.86e-07	1.01e-04	1.46e-03	4.34e-03	1.83e-02	2.62e-01	5.60e-01	1.41e-01	1.17e-02	9.35e-04	7.07e-05	1.76e-06	0.00e+00	0.00e+00	0.00e+00	0.00e+00
 5.39029e+22	7.75e-18	3.34e-07	1.17e-04	1.64e-03	4.74e-03	1.98e-02	2.72e-01	5.56e-01	1.34e-01	1.08e-02	8.35e-04	6.16e-05	1.49e-06	0.00e+00	0.00e+00	0.00e+00	0.00e+00
 5.41686e+22	1.15e-17	4.07e-07	1.39e-04	1.90e-03	5.28e-03	2.17e-02	2.84e-01	5.51e-01	1.26e-01	9.71e-03	7.24e-04	5.18e-05	1.22e-06	0.00e+00	0.00e+00	0.00e+00	0.00e+00
 5.44435e+22	1.68e-17	4.82e-07	1.61e-04	2.15e-03	5.80e-03	2.36e-02	2.94e-01	5.45e-01	1.19e-01	8.84e-03	6.40e-04	4.46e-05	1.02e-06	0.00e+00	0.00e+00	0.00e+00	0.00e+00
 5.46912e+22	2.43e-17	5.70e-07	1.86e-04	2.43e-03	6.34e-03	2.55e-02	3.05e-01	5.40e-01	1.12e-01	8.08e-03	5.67e-04	3.85e-05	8.57e-07	0.00e+00	0.00e+00	0.00e+00	0.00e+00
 5.49744e+22	3.99e-17	7.06e-07	2.24e-04	2.83e-03	7.09e-03	2.81e-02	3.18e-01	5.32e-01	1.05e-01	7.20e-03	4.87e-04	3.20e-05	6.90e-07	0.00e+00	0.00e+00	0.00e+00	0.00e+00
 5.52676e+22	7.33e-17	8.50e-07	2.63e-04	3.23e-03	7.81e-03	3.06e-02	3.29e-01	5.24e-01	9.79e-02	6.49e-03	4.24e-04	2.71e-05	5.66e-07	0.00e+00	0.00e+00	0.00e+00	0.00e+00
 5.55285e+22	1.11e-16	1.01e-06	3.06e-04	3.65e-03	8.54e-03	3.30e-02	3.40e-01	5.16e-01	9.21e-02	5.90e-03	3.74e-04	2.33e-05	4.74e-07	0.00e+00	0.00e+00	0.00e+00	0.00e+00
 5.58222e+22	2.22e-16	1.27e-06	3.70e-04	4.26e-03	9.55e-03	3.62e-02	3.53e-01	5.06e-01	8.51e-02	5.22e-03	3.19e-04	1.92e-05	3.78e-07	0.00e+00	0.00e+00	0.00e+00	0.00e+00
 5.61297e+22	5.98e-16	1.55e-06	4.39e-04	4.89e-03	1.05e-02	3.94e-02	3.64e-01	4.96e-01	7.91e-02	4.67e-03	2.76e-04	1.61e-05	3.07e-07	0.00e+00	0.00e+00	0.00e+00	0.00e+00
 5.64080e+22	1.38e-15	1.88e-06	5.15e-04	5.56e-03	1.15e-02	4.26e-02	3.75e-01	4.86e-01	7.38e-02	4.20e-03	2.40e-04	1.36e-05	2.53e-07	0.00e+00	0.00e+00	0.00e+00	0.00e+00
 5.67228e+22	4.58e-15	2.39e-06	6.30e-04	6.53e-03	1.29e-02	4.68e-02	3.88e-01	4.73e-01	6.75e-02	3.68e-03	2.02e-04	1.11e-05	1.98e-07	0.00e+00	0.00e+00	0.00e+00	0.00e+00
 5.70471e+22	4.45e-14	2.95e-06	7.51e-04	7.52e-03	1.43e-02	5.08e-02	4.00e-01	4.61e-01	6.22e-02	3.26e-03	1.73e-04	9.20e-06	1.60e-07	0.00e+00	0.00e+00	0.00e+00	0.00e+00
 5.73356e+22	2.43e-13	3.59e-06	8.84e-04	8.56e-03	1.56e-02	5.47e-02	4.10e-01	4.50e-01	5.76e-02	2.91e-03	1.50e-04	7.73e-06	1.30e-07	0.00e+00	0.00e+00	0.00e+00	0.00e+00
 5.76624e+22	1.96e-12	4.62e-06	1.09e-03	1.01e-02	1.75e-02	6.00e-02	4.22e-01	4.34e-01	5.22e-02	2.52e-03	1.25e-04	6.20e-06	0.00e+00	0.00e+00	0.00e+00	0.00e+00	0.00e+00
 5.80013e+22	1.63e-11	5.76e-06	1.30e-03	1.16e-02	1.93e-02	6.50e-02	4.33e-01	4.20e-01	4.77e-02	2.22e-03	1.05e-04	5.09e-06	0.00e+00	0.00e+00	0.00e+00	0.00e+00	0.00e+00
 5.83055e+22	2.51e-11	7.09e-06	1.54e-03	1.33e-02	2.11e-02	6.99e-02	4.42e-01	4.07e-01	4.37e-02	1.96e-03	9.02e-05	4.23e-06	0.00e+00	0.00e+00	0.00e+00	0.00e+00	0.00e+00
 5.86508e+22	3.85e-11	9.27e-06	1.92e-03	1.57e-02	2.37e-02	7.66e-02	4.53e-01	3.89e-01	3.90e-02	1.67e-03	7.37e-05	3.32e-06	0.00e+00	0.00e+00	0.00e+00	0.00e+00	0.00e+00
 5.90071e+22	5.42e-11	1.16e-05	2.30e-03	1.81e-02	2.60e-02	8.26e-02	4.61e-01	3.73e-01	3.53e-02	1.46e-03	6.19e-05	2.70e-06	0.00e+00	0.00e+00	0.00e+00	0.00e+00	0.00e+00
 5.93287e+22	7.40e-11	1.45e-05	2.75e-03	2.07e-02	2.85e-02	8.86e-02	4.68e-01	3.58e-01	3.20e-02	1.27e-03	5.22e-05	2.21e-06	0.00e+00	0.00e+00	0.00e+00	0.00e+00	0.00e+00
 5.96980e+22	1.10e-10	1.93e-05	3.45e-03	2.47e-02	3.20e-02	9.69e-02	4.76e-01	3.38e-01	2.81e-02	1.07e-03	4.17e-05	1.69e-06	0.00e+00	0.00e+00	0.00e+00	0.00e+00	0.00e+00
 6.00698e+22	1.49e-10	2.41e-05	4.13e-03	2.83e-02	3.49e-02	1.04e-01	4.81e-01	3.21e-01	2.52e-02	9.22e-04	3.47e-05	1.36e-06	0.00e+00	0.00e+00	0.00e+00	0.00e+00	0.00e+00
 6.04449e+22	2.16e-10	3.18e-05	5.15e-03	3.34e-02	3.89e-02	1.12e-01	4.86e-01	3.01e-01	2.20e-02	7.71e-04	2.77e-05	1.05e-06	0.00e+00	0.00e+00	0.00e+00	0.00e+00	0.00e+00
 6.08284e+22	2.96e-10	4.04e-05	6.22e-03	3.85e-02	4.25e-02	1.20e-01	4.88e-01	2.84e-01	1.95e-02	6.57e-04	2.27e-05	8.30e-07	0.00e+00	0.00e+00	0.00e+00	0.00e+00	0.00e+00
 6.11660e+22	3.96e-10	5.04e-05	7.39e-03	4.38e-02	4.61e-02	1.28e-01	4.89e-01	2.68e-01	1.73e-02	5.65e-04	1.88e-05	6.66e-07	0.00e+00	0.00e+00	0.00e+00	0.00e+00	0.00e+00
 6.15479e+22	5.71e-10	6.69e-05	9.22e-03	5.15e-02	5.10e-02	1.37e-01	4.88e-01	2.47e-01	1.48e-02	4.63e-04	1.47e-05	5.00e-07	0.00e+00	0.00e+00	0.00e+00	0.00e+00	0.00e+00
