#depth	S	S+	S+2	S+3	S+4	S+5	S+6	S+7	S+8	S+9	S+10	S+11	S+12	S+13	S+14	S+15	S+16
 1.54284e+22	6.17e-31	3.08e-18	5.81e-15	8.60e-13	5.73e-11	2.63e-09	4.10e-06	3.93e-04	8.83e-03	4.70e-02	1.68e-01	2.55e-01	1.73e-01	1.12e-01	1.97e-01	3.78e-02	2.37e-03
 3.43084e+22	3.52e-29	1.04e-16	1.30e-13	1.20e-11	4.87e-10	1.41e-08	1.57e-05	1.36e-03	2.50e-02	9.84e-02	2.58e-01	2.99e-01	1.48e-01	6.88e-02	8.91e-02	1.15e-02	4.84e-04
 3.94859e+22	7.51e-29	4.45e-16	4.74e-13	3.63e-11	1.22e-09	2.95e-08	2.78e-05	2.24e-03	3.71e-02	1.27e-01	2.90e-01	2.97e-01	1.28e-01	5.22e-02	5.94e-02	6.43e-03	2.28e-04
 4.20747e+22	1.64e-28	8.84e-16	8.76e-13	6.15e-11	1.89e-09	4.20e-08	3.66e-05	2.82e-03	4.43e-02	1.42e-01	3.02e-01	2.92e-01	1.18e-01	4.51e-02	4.83e-02	4.81e-03	1.57e-04
 4.32206e+22	2.12e-28	1.11e-15	1.07e-12	7.34e-11	2.18e-09	4.73e-08	4.01e-05	3.04e-03	4.70e-02	1.47e-01	3.06e-01	2.90e-01	1.15e-01	4.29e-02	4.50e-02	4.36e-03	1.39e-04
 4.38715e+22	2.90e-28	1.46e-15	1.37e-12	9.07e-11	2.61e-09	5.46e-08	4.48e-05	3.33e-03	5.03e-02	1.53e-01	3.10e-01	2.87e-01	1.10e-01	4.03e-02	4.13e-02	3.87e-03	1.19e-04
 4.46066e+22	3.98e-28	1.93e-15	1.76e-12	1.12e-10	3.12e-09	6.32e-08	5.01e-05	3.65e-03	5.39e-02	1.60e-01	3.14e-01	2.83e-01	1.06e-01	3.77e-02	3.78e-02	3.42e-03	1.02e-04
 4.53362e+22	5.38e-28	2.52e-15	2.23e-12	1.38e-10	3.71e-09	7.27e-08	5.58e-05	3.99e-03	5.76e-02	1.66e-01	3.17e-01	2.80e-01	1.02e-01	3.54e-02	3.47e-02	3.04e-03	8.74e-05
 4.61695e+22	8.03e-28	3.57e-15	3.06e-12	1.81e-10	4.65e-09	8.74e-08	6.42e-05	4.48e-03	6.27e-02	1.74e-01	3.21e-01	2.74e-01	9.67e-02	3.25e-02	3.09e-02	2.59e-03	7.13e-05
 4.70045e+22	1.08e-27	4.65e-15	3.87e-12	2.23e-10	5.53e-09	1.01e-07	7.15e-05	4.88e-03	6.68e-02	1.81e-01	3.24e-01	2.70e-01	9.26e-02	3.04e-02	2.82e-02	2.29e-03	6.11e-05
 4.78415e+22	1.62e-27	6.63e-15	5.32e-12	2.93e-10	6.93e-09	1.21e-07	8.21e-05	5.46e-03	7.25e-02	1.89e-01	3.27e-01	2.64e-01	8.74e-02	2.78e-02	2.50e-02	1.94e-03	4.95e-05
 4.86894e+22	2.19e-27	8.65e-15	6.74e-12	3.60e-10	8.25e-09	1.39e-07	9.16e-05	5.96e-03	7.72e-02	1.96e-01	3.28e-01	2.59e-01	8.35e-02	2.59e-02	2.28e-02	1.71e-03	4.22e-05
 4.95513e+22	3.29e-27	1.24e-14	9.31e-12	4.75e-10	1.04e-08	1.68e-07	1.05e-04	6.67e-03	8.37e-02	2.04e-01	3.30e-01	2.52e-01	7.84e-02	2.36e-02	2.01e-02	1.44e-03	3.39e-05
 5.04241e+22	4.49e-27	1.64e-14	1.19e-11	5.89e-10	1.24e-08	1.94e-07	1.18e-04	7.28e-03	8.90e-02	2.11e-01	3.31e-01	2.46e-01	7.45e-02	2.19e-02	1.81e-02	1.26e-03	2.86e-05
 5.13110e+22	6.76e-27	2.36e-14	1.66e-11	7.81e-10	1.57e-08	2.35e-07	1.36e-04	8.14e-03	9.63e-02	2.19e-01	3.31e-01	2.38e-01	6.95e-02	1.98e-02	1.59e-02	1.05e-03	2.28e-05
 5.21576e+22	8.89e-27	3.02e-14	2.06e-11	9.44e-10	1.84e-08	2.67e-07	1.50e-04	8.79e-03	1.02e-01	2.25e-01	3.31e-01	2.33e-01	6.63e-02	1.84e-02	1.45e-02	9.27e-04	1.95e-05
 5.29519e+22	1.29e-26	4.22e-14	2.78e-11	1.22e-09	2.27e-08	3.17e-07	1.70e-04	9.71e-03	1.09e-01	2.33e-01	3.30e-01	2.26e-01	6.21e-02	1.68e-02	1.28e-02	7.83e-04	1.58e-05
 5.37494e+22	1.69e-26	5.41e-14	3.47e-11	1.48e-09	2.67e-08	3.61e-07	1.87e-04	1.05e-02	1.15e-01	2.38e-01	3.29e-01	2.20e-01	5.90e-02	1.56e-02	1.16e-02	6.90e-04	1.35e-05
 5.45512e+22	2.44e-26	7.57e-14	4.67e-11	1.91e-09	3.30e-08	4.29e-07	2.12e-04	1.16e-02	1.23e-01	2.46e-01	3.27e-01	2.12e-01	5.51e-02	1.42e-02	1.02e-02	5.80e-04	1.08e-05
 5.53644e+22	3.25e-26	9.84e-14	5.90e-11	2.33e-09	3.90e-08	4.91e-07	2.35e-04	1.25e-02	1.29e-01	2.51e-01	3.26e-01	2.06e-01	5.21e-02	1.31e-02	9.24e-03	5.06e-04	9.14e-06
 5.61925e+22	4.73e-26	1.39e-13	8.04e-11	3.04e-09	4.86e-08	5.88e-07	2.68e-04	1.38e-02	1.38e-01	2.58e-01	3.22e-01	1.98e-01	4.83e-02	1.18e-02	8.06e-03	4.21e-04	7.27e-06
 5.70305e+22	6.30e-26	1.83e-13	1.02e-10	3.74e-09	5.77e-08	6.76e-07	2.97e-04	1.49e-02	1.45e-01	2.64e-01	3.20e-01	1.92e-01	4.55e-02	1.09e-02	7.23e-03	3.65e-04	6.07e-06
 5.78816e+22	9.24e-26	2.62e-13	1.41e-10	4.92e-09	7.25e-08	8.15e-07	3.41e-04	1.66e-02	1.55e-01	2.71e-01	3.15e-01	1.84e-01	4.19e-02	9.72e-03	6.25e-03	3.00e-04	4.76e-06
 5.87442e+22	1.23e-25	3.46e-13	1.80e-10	6.08e-09	8.66e-08	9.43e-07	3.80e-04	1.80e-02	1.63e-01	2.76e-01	3.11e-01	1.77e-01	3.93e-02	8.90e-03	5.58e-03	2.58e-04	3.94e-06
 5.96221e+22	1.81e-25	5.01e-13	2.51e-10	8.08e-09	1.10e-07	1.15e-06	4.38e-04	2.00e-02	1.74e-01	2.82e-01	3.06e-01	1.69e-01	3.60e-02	7.91e-03	4.78e-03	2.10e-04	3.05e-06
 6.05184e+22	2.46e-25	6.75e-13	3.27e-10	1.02e-08	1.33e-07	1.34e-06	4.91e-04	2.18e-02	1.84e-01	2.87e-01	3.01e-01	1.62e-01	3.34e-02	7.17e-03	4.21e-03	1.77e-04	2.47e-06
 6.14387e+22	3.62e-25	9.96e-13	4.62e-10	1.37e-08	1.71e-07	1.65e-06	5.72e-04	2.43e-02	1.96e-01	2.92e-01	2.94e-01	1.53e-01	3.03e-02	6.31e-03	3.56e-03	1.42e-04	1.88e-06
 6.23785e+22	4.95e-25	1.36e-12	6.11e-10	1.74e-08	2.09e-07	1.96e-06	6.47e-04	2.66e-02	2.07e-01	2.96e-01	2.87e-01	1.45e-01	2.79e-02	5.67e-03	3.10e-03	1.18e-04	1.50e-06
 6.33119e+22	7.17e-25	1.99e-12	8.59e-10	2.34e-08	2.69e-07	2.41e-06	7.55e-04	2.98e-02	2.20e-01	3.00e-01	2.79e-01	1.37e-01	2.52e-02	4.97e-03	2.61e-03	9.43e-05	1.13e-06
 6.42029e+22	9.36e-25	2.63e-12	1.10e-09	2.91e-08	3.23e-07	2.82e-06	8.45e-04	3.23e-02	2.31e-01	3.03e-01	2.73e-01	1.30e-01	2.33e-02	4.50e-03	2.30e-03	7.97e-05	9.16e-07
 6.50705e+22	1.32e-24	3.78e-12	1.52e-09	3.87e-08	4.12e-07	3.46e-06	9.83e-04	3.60e-02	2.44e-01	3.06e-01	2.64e-01	1.22e-01	2.10e-02	3.94e-03	1.93e-03	6.36e-05	6.93e-07
 6.59497e+22	1.71e-24	5.02e-12	1.96e-09	4.84e-08	5.00e-07	4.08e-06	1.11e-03	3.92e-02	2.56e-01	3.08e-01	2.56e-01	1.16e-01	1.93e-02	3.54e-03	1.68e-03	5.31e-05	5.54e-07
 6.68067e+22	2.33e-24	7.04e-12	2.66e-09	6.34e-08	6.31e-07	4.98e-06	1.28e-03	4.35e-02	2.69e-01	3.09e-01	2.47e-01	1.08e-01	1.73e-02	3.10e-03	1.42e-03	4.25e-05	4.22e-07
 6.76817e+22	3.01e-24	9.42e-12	3.46e-09	8.02e-08	7.73e-07	5.93e-06	1.46e-03	4.76e-02	2.82e-01	3.09e-01	2.38e-01	1.02e-01	1.57e-02	2.76e-03	1.22e-03	3.49e-05	3.32e-07
 6.85342e+22	3.92e-24	1.29e-11	4.60e-09	1.04e-07	9.67e-07	7.20e-06	1.68e-03	5.25e-02	2.95e-01	3.09e-01	2.29e-01	9.50e-02	1.41e-02	2.41e-03	1.03e-03	2.81e-05	2.54e-07
 6.94047e+22	5.00e-24	1.73e-11	6.01e-09	1.32e-07	1.19e-06	8.65e-06	1.92e-03	5.77e-02	3.08e-01	3.08e-01	2.20e-01	8.86e-02	1.27e-02	2.12e-03	8.77e-04	2.28e-05	1.96e-07
 7.02670e+22	6.36e-24	2.32e-11	7.88e-09	1.68e-07	1.48e-06	1.05e-05	2.21e-03	6.36e-02	3.22e-01	3.07e-01	2.10e-01	8.22e-02	1.14e-02	1.86e-03	7.39e-04	1.83e-05	1.50e-07
 7.11337e+22	7.98e-24	3.07e-11	1.02e-08	2.14e-07	1.83e-06	1.26e-05	2.53e-03	6.98e-02	3.35e-01	3.04e-01	2.00e-01	7.62e-02	1.02e-02	1.62e-03	6.23e-04	1.47e-05	0.00e+00
 7.19907e+22	9.90e-24	4.04e-11	1.32e-08	2.70e-07	2.26e-06	1.52e-05	2.90e-03	7.66e-02	3.48e-01	3.01e-01	1.90e-01	7.04e-02	9.06e-03	1.41e-03	5.24e-04	1.18e-05	0.00e+00
 7.28463e+22	1.22e-23	5.27e-11	1.69e-08	3.41e-07	2.78e-06	1.83e-05	3.32e-03	8.39e-02	3.60e-01	2.97e-01	1.81e-01	6.48e-02	8.06e-03	1.23e-03	4.40e-04	9.40e-06	0.00e+00
 7.37035e+22	1.48e-23	6.83e-11	2.15e-08	4.28e-07	3.41e-06	2.20e-05	3.80e-03	9.18e-02	3.73e-01	2.93e-01	1.71e-01	5.95e-02	7.14e-03	1.06e-03	3.68e-04	7.49e-06	0.00e+00
 7.45643e+22	1.79e-23	8.77e-11	2.73e-08	5.36e-07	4.18e-06	2.64e-05	4.34e-03	1.00e-01	3.84e-01	2.88e-01	1.61e-01	5.45e-02	6.30e-03	9.18e-04	3.06e-04	5.95e-06	0.00e+00
 7.54304e+22	2.15e-23	1.12e-10	3.44e-08	6.69e-07	5.11e-06	3.16e-05	4.95e-03	1.09e-01	3.96e-01	2.82e-01	1.51e-01	4.97e-02	5.55e-03	7.89e-04	2.55e-04	4.71e-06	0.00e+00
 7.63045e+22	2.57e-23	1.42e-10	4.33e-08	8.33e-07	6.23e-06	3.79e-05	5.64e-03	1.19e-01	4.07e-01	2.76e-01	1.42e-01	4.51e-02	4.86e-03	6.76e-04	2.11e-04	3.71e-06	0.00e+00
 7.71892e+22	3.06e-23	1.79e-10	5.41e-08	1.03e-06	7.60e-06	4.54e-05	6.42e-03	1.30e-01	4.17e-01	2.69e-01	1.33e-01	4.08e-02	4.25e-03	5.77e-04	1.74e-04	2.91e-06	0.00e+00
 7.80785e+22	3.62e-23	2.23e-10	6.72e-08	1.28e-06	9.21e-06	5.42e-05	7.29e-03	1.40e-01	4.26e-01	2.61e-01	1.24e-01	3.69e-02	3.71e-03	4.91e-04	1.43e-04	2.29e-06	0.00e+00
 7.89824e+22	4.30e-23	2.78e-10	8.35e-08	1.58e-06	1.12e-05	6.50e-05	8.29e-03	1.52e-01	4.35e-01	2.53e-01	1.15e-01	3.31e-02	3.21e-03	4.15e-04	1.17e-04	1.78e-06	0.00e+00
 7.98971e+22	5.07e-23	3.42e-10	1.03e-07	1.94e-06	1.35e-05	7.74e-05	9.38e-03	1.64e-01	4.42e-01	2.45e-01	1.06e-01	2.97e-02	2.78e-03	3.51e-04	9.54e-05	1.38e-06	0.00e+00
 8.08296e+22	9.16e-23	4.22e-10	1.27e-07	2.39e-06	1.64e-05	9.27e-05	1.06e-02	1.78e-01	4.49e-01	2.36e-01	9.77e-02	2.64e-02	2.39e-03	2.94e-04	7.71e-05	1.06e-06	0.00e+00
 8.16974e+22	1.06e-22	4.98e-10	1.50e-07	2.83e-06	1.91e-05	1.07e-04	1.18e-02	1.89e-01	4.53e-01	2.29e-01	9.13e-02	2.40e-02	2.11e-03	2.54e-04	6.48e-05	8.56e-07	0.00e+00
 8.25898e+22	1.26e-22	6.10e-10	1.85e-07	3.48e-06	2.32e-05	1.28e-04	1.34e-02	2.03e-01	4.58e-01	2.19e-01	8.33e-02	2.12e-02	1.79e-03	2.10e-04	5.17e-05	6.48e-07	0.00e+00
 8.34974e+22	1.47e-22	7.15e-10	2.18e-07	4.11e-06	2.70e-05	1.48e-04	1.47e-02	2.15e-01	4.61e-01	2.11e-01	7.74e-02	1.91e-02	1.57e-03	1.80e-04	4.32e-05	5.18e-07	0.00e+00
 8.44287e+22	1.76e-22	8.68e-10	2.67e-07	5.06e-06	3.29e-05	1.78e-04	1.67e-02	2.32e-01	4.63e-01	2.00e-01	7.00e-02	1.67e-02	1.32e-03	1.47e-04	3.40e-05	3.86e-07	0.00e+00
 8.53648e+22	2.06e-22	1.01e-09	3.13e-07	5.92e-06	3.79e-05	2.04e-04	1.84e-02	2.44e-01	4.64e-01	1.93e-01	6.49e-02	1.50e-02	1.16e-03	1.26e-04	2.84e-05	3.09e-07	0.00e+00
 8.63072e+22	2.49e-22	1.21e-09	3.80e-07	7.23e-06	4.57e-05	2.44e-04	2.07e-02	2.60e-01	4.64e-01	1.82e-01	5.85e-02	1.31e-02	9.69e-04	1.02e-04	2.23e-05	2.30e-07	0.00e+00
 8.72555e+22	2.90e-22	1.40e-09	4.42e-07	8.42e-06	5.26e-05	2.78e-04	2.26e-02	2.73e-01	4.63e-01	1.75e-01	5.40e-02	1.17e-02	8.45e-04	8.73e-05	1.85e-05	1.84e-07	0.00e+00
 8.82113e+22	3.51e-22	1.66e-09	5.34e-07	1.02e-05	6.29e-05	3.30e-04	2.54e-02	2.90e-01	4.60e-01	1.65e-01	4.85e-02	1.02e-02	7.06e-04	7.08e-05	1.45e-05	1.36e-07	0.00e+00
 8.91752e+22	4.10e-22	1.91e-09	6.18e-07	1.18e-05	7.21e-05	3.76e-04	2.77e-02	3.03e-01	4.58e-01	1.57e-01	4.46e-02	9.08e-03	6.14e-04	6.02e-05	1.20e-05	0.00e+00	0.00e+00
 9.01498e+22	4.98e-22	2.25e-09	7.42e-07	1.43e-05	8.57e-05	4.45e-04	3.09e-02	3.20e-01	4.53e-01	1.47e-01	3.98e-02	7.84e-03	5.11e-04	4.86e-05	9.40e-06	0.00e+00	0.00e+00
 9.11367e+22	5.83e-22	2.57e-09	8.56e-07	1.65e-05	9.80e-05	5.05e-04	3.36e-02	3.33e-01	4.48e-01	1.40e-01	3.65e-02	6.97e-03	4.43e-04	4.11e-05	7.75e-06	0.00e+00	0.00e+00
 9.21398e+22	7.10e-22	3.03e-09	1.03e-06	1.99e-05	1.16e-04	5.96e-04	3.74e-02	3.51e-01	4.42e-01	1.31e-01	3.24e-02	5.98e-03	3.66e-04	3.30e-05	6.02e-06	0.00e+00	0.00e+00
 9.31597e+22	8.36e-22	3.46e-09	1.18e-06	2.30e-05	1.33e-04	6.76e-04	4.05e-02	3.64e-01	4.36e-01	1.24e-01	2.96e-02	5.30e-03	3.15e-04	2.77e-05	4.93e-06	0.00e+00	0.00e+00
 9.42013e+22	1.02e-21	4.07e-09	1.42e-06	2.76e-05	1.57e-04	7.96e-04	4.50e-02	3.81e-01	4.27e-01	1.15e-01	2.61e-02	4.51e-03	2.59e-04	2.20e-05	3.79e-06	0.00e+00	0.00e+00
 9.52649e+22	1.21e-21	4.65e-09	1.64e-06	3.20e-05	1.79e-04	9.04e-04	4.88e-02	3.95e-01	4.19e-01	1.08e-01	2.37e-02	3.97e-03	2.22e-04	1.84e-05	3.08e-06	0.00e+00	0.00e+00
 9.63572e+22	1.50e-21	5.48e-09	1.97e-06	3.85e-05	2.12e-04	1.07e-03	5.41e-02	4.12e-01	4.09e-01	9.97e-02	2.08e-02	3.36e-03	1.80e-04	1.45e-05	2.34e-06	0.00e+00	0.00e+00
 9.74770e+22	1.80e-21	6.30e-09	2.29e-06	4.47e-05	2.42e-04	1.21e-03	5.85e-02	4.25e-01	4.00e-01	9.33e-02	1.87e-02	2.93e-03	1.53e-04	1.19e-05	1.88e-06	0.00e+00	0.00e+00
 9.84186e+22	2.10e-21	7.09e-09	2.61e-06	5.09e-05	2.72e-04	1.35e-03	6.27e-02	4.36e-01	3.92e-01	8.80e-02	1.70e-02	2.60e-03	1.32e-04	1.01e-05	1.56e-06	0.00e+00	0.00e+00
 9.94287e+22	2.55e-21	8.22e-09	3.07e-06	5.99e-05	3.15e-04	1.56e-03	6.84e-02	4.51e-01	3.80e-01	8.13e-02	1.50e-02	2.22e-03	1.09e-04	8.10e-06	1.21e-06	0.00e+00	0.00e+00
 1.00456e+23	2.99e-21	9.29e-09	3.50e-06	6.82e-05	3.53e-04	1.74e-03	7.31e-02	4.62e-01	3.71e-01	7.63e-02	1.36e-02	1.96e-03	9.38e-05	6.80e-06	9.93e-07	0.00e+00	0.00e+00
 1.01346e+23	3.47e-21	1.04e-08	3.97e-06	7.70e-05	3.93e-04	1.93e-03	7.78e-02	4.71e-01	3.62e-01	7.19e-02	1.24e-02	1.74e-03	8.13e-05	5.77e-06	8.22e-07	0.00e+00	0.00e+00
 1.02344e+23	4.19e-21	1.20e-08	4.64e-06	9.00e-05	4.51e-04	2.21e-03	8.43e-02	4.84e-01	3.50e-01	6.63e-02	1.10e-02	1.49e-03	6.73e-05	4.64e-06	6.42e-07	0.00e+00	0.00e+00
 1.03341e+23	4.93e-21	1.36e-08	5.26e-06	1.01e-04	4.99e-04	2.43e-03	8.92e-02	4.93e-01	3.41e-01	6.24e-02	1.00e-02	1.33e-03	5.84e-05	3.95e-06	5.34e-07	0.00e+00	0.00e+00
 1.04335e+23	5.95e-21	1.56e-08	6.14e-06	1.18e-04	5.70e-04	2.77e-03	9.62e-02	5.04e-01	3.29e-01	5.74e-02	8.84e-03	1.13e-03	4.84e-05	3.18e-06	4.18e-07	0.00e+00	0.00e+00
 1.05344e+23	7.03e-21	1.77e-08	6.98e-06	1.33e-04	6.31e-04	3.05e-03	1.02e-01	5.11e-01	3.20e-01	5.39e-02	8.03e-03	1.01e-03	4.18e-05	2.69e-06	3.46e-07	0.00e+00	0.00e+00
 1.06371e+23	8.57e-21	2.06e-08	8.18e-06	1.55e-04	7.20e-04	3.46e-03	1.10e-01	5.21e-01	3.07e-01	4.94e-02	7.06e-03	8.56e-04	3.45e-05	2.16e-06	2.69e-07	0.00e+00	0.00e+00
 1.07415e+23	1.03e-20	2.35e-08	9.36e-06	1.75e-04	7.98e-04	3.81e-03	1.16e-01	5.28e-01	2.98e-01	4.62e-02	6.39e-03	7.56e-04	2.97e-05	1.82e-06	2.22e-07	0.00e+00	0.00e+00
 1.08482e+23	1.26e-20	2.74e-08	1.10e-05	2.05e-04	9.11e-04	4.34e-03	1.24e-01	5.37e-01	2.85e-01	4.21e-02	5.58e-03	6.38e-04	2.42e-05	1.44e-06	1.70e-07	0.00e+00	0.00e+00
 1.09565e+23	1.52e-20	3.16e-08	1.26e-05	2.32e-04	1.01e-03	4.77e-03	1.31e-01	5.43e-01	2.75e-01	3.92e-02	5.03e-03	5.61e-04	2.07e-05	1.21e-06	1.39e-07	0.00e+00	0.00e+00
 1.10670e+23	1.89e-20	3.72e-08	1.50e-05	2.72e-04	1.15e-03	5.42e-03	1.41e-01	5.50e-01	2.62e-01	3.55e-02	4.37e-03	4.71e-04	1.68e-05	9.51e-07	0.00e+00	0.00e+00	0.00e+00
 1.11801e+23	2.30e-20	4.31e-08	1.73e-05	3.10e-04	1.28e-03	5.98e-03	1.49e-01	5.55e-01	2.52e-01	3.29e-02	3.91e-03	4.10e-04	1.43e-05	7.88e-07	0.00e+00	0.00e+00	0.00e+00
 1.12966e+23	2.93e-20	5.17e-08	2.07e-05	3.65e-04	1.47e-03	6.80e-03	1.59e-01	5.60e-01	2.39e-01	2.97e-02	3.37e-03	3.42e-04	1.15e-05	6.15e-07	0.00e+00	0.00e+00	0.00e+00
 1.14163e+23	3.61e-20	6.05e-08	2.41e-05	4.19e-04	1.64e-03	7.52e-03	1.68e-01	5.64e-01	2.28e-01	2.73e-02	2.99e-03	2.95e-04	9.60e-06	5.04e-07	0.00e+00	0.00e+00	0.00e+00
 1.15401e+23	4.70e-20	7.37e-08	2.92e-05	4.97e-04	1.88e-03	8.57e-03	1.80e-01	5.67e-01	2.15e-01	2.44e-02	2.56e-03	2.43e-04	7.62e-06	3.88e-07	0.00e+00	0.00e+00	0.00e+00
 1.16650e+23	5.90e-20	8.72e-08	3.42e-05	5.70e-04	2.10e-03	9.44e-03	1.89e-01	5.69e-01	2.05e-01	2.24e-02	2.27e-03	2.09e-04	6.38e-06	3.17e-07	0.00e+00	0.00e+00	0.00e+00
 1.17913e+23	7.73e-20	1.07e-07	4.15e-05	6.78e-04	2.41e-03	1.08e-02	2.02e-01	5.70e-01	1.92e-01	1.99e-02	1.93e-03	1.71e-04	5.02e-06	2.42e-07	0.00e+00	0.00e+00	0.00e+00
 1.19189e+23	9.81e-20	1.27e-07	4.87e-05	7.79e-04	2.68e-03	1.18e-02	2.12e-01	5.70e-01	1.83e-01	1.82e-02	1.70e-03	1.47e-04	4.19e-06	1.97e-07	0.00e+00	0.00e+00	0.00e+00
 1.20484e+23	1.31e-19	1.58e-07	5.96e-05	9.28e-04	3.07e-03	1.34e-02	2.26e-01	5.69e-01	1.70e-01	1.61e-02	1.44e-03	1.20e-04	3.28e-06	1.50e-07	0.00e+00	0.00e+00	0.00e+00
 1.21802e+23	1.69e-19	1.90e-07	7.04e-05	1.07e-03	3.42e-03	1.48e-02	2.37e-01	5.67e-01	1.61e-01	1.46e-02	1.26e-03	1.02e-04	2.71e-06	1.21e-07	0.00e+00	0.00e+00	0.00e+00
 1.22970e+23	2.14e-19	2.27e-07	8.27e-05	1.23e-03	3.81e-03	1.63e-02	2.48e-01	5.64e-01	1.52e-01	1.33e-02	1.10e-03	8.67e-05	2.24e-06	0.00e+00	0.00e+00	0.00e+00	0.00e+00
 1.24306e+23	2.94e-19	2.87e-07	1.02e-04	1.47e-03	4.35e-03	1.83e-02	2.62e-01	5.60e-01	1.41e-01	1.17e-02	9.31e-04	7.04e-05	1.75e-06	0.00e+00	0.00e+00	0.00e+00	0.00e+00
 1.25668e+23	2.18e-19	3.46e-07	1.21e-04	1.69e-03	4.85e-03	2.02e-02	2.75e-01	5.55e-01	1.32e-01	1.05e-02	8.08e-04	5.92e-05	1.42e-06	0.00e+00	0.00e+00	0.00e+00	0.00e+00
 1.26771e+23	2.73e-19	4.09e-07	1.40e-04	1.91e-03	5.31e-03	2.19e-02	2.85e-01	5.50e-01	1.25e-01	9.63e-03	7.17e-04	5.12e-05	1.20e-06	0.00e+00	0.00e+00	0.00e+00	0.00e+00
 1.27915e+23	3.58e-19	4.99e-07	1.66e-04	2.21e-03	5.91e-03	2.40e-02	2.97e-01	5.44e-01	1.18e-01	8.67e-03	6.23e-04	4.32e-05	9.81e-07	0.00e+00	0.00e+00	0.00e+00	0.00e+00
 1.29117e+23	4.55e-19	5.97e-07	1.94e-04	2.51e-03	6.50e-03	2.61e-02	3.08e-01	5.38e-01	1.11e-01	7.88e-03	5.48e-04	3.70e-05	8.17e-07	0.00e+00	0.00e+00	0.00e+00	0.00e+00
 1.30221e+23	5.77e-19	7.11e-07	2.26e-04	2.84e-03	7.13e-03	2.82e-02	3.18e-01	5.31e-01	1.04e-01	7.16e-03	4.83e-04	3.17e-05	6.82e-07	0.00e+00	0.00e+00	0.00e+00	0.00e+00
 1.31480e+23	1.40e-18	8.90e-07	2.74e-04	3.33e-03	7.99e-03	3.11e-02	3.32e-01	5.22e-01	9.66e-02	6.35e-03	4.12e-04	2.62e-05	5.43e-07	0.00e+00	0.00e+00	0.00e+00	0.00e+00
 1.32774e+23	1.84e-18	1.08e-06	3.23e-04	3.82e-03	8.82e-03	3.40e-02	3.44e-01	5.14e-01	8.99e-02	5.69e-03	3.57e-04	2.20e-05	4.43e-07	0.00e+00	0.00e+00	0.00e+00	0.00e+00
 1.33912e+23	2.38e-18	1.30e-06	3.77e-04	4.32e-03	9.65e-03	3.66e-02	3.54e-01	5.05e-01	8.44e-02	5.15e-03	3.13e-04	1.88e-05	3.69e-07	0.00e+00	0.00e+00	0.00e+00	0.00e+00
 1.35189e+23	3.30e-18	1.63e-06	4.57e-04	5.05e-03	1.08e-02	4.02e-02	3.67e-01	4.94e-01	7.77e-02	4.55e-03	2.66e-04	1.54e-05	2.93e-07	0.00e+00	0.00e+00	0.00e+00	0.00e+00
 1.36524e+23	4.42e-18	2.00e-06	5.43e-04	5.81e-03	1.19e-02	4.38e-02	3.79e-01	4.83e-01	7.19e-02	4.05e-03	2.29e-04	1.29e-05	2.36e-07	0.00e+00	0.00e+00	0.00e+00	0.00e+00
 1.37728e+23	3.14e-18	2.42e-06	6.38e-04	6.60e-03	1.30e-02	4.72e-02	3.89e-01	4.72e-01	6.69e-02	3.64e-03	1.99e-04	1.09e-05	1.94e-07	0.00e+00	0.00e+00	0.00e+00	0.00e+00
 1.39088e+23	4.42e-18	3.10e-06	7.82e-04	7.76e-03	1.46e-02	5.17e-02	4.02e-01	4.58e-01	6.10e-02	3.17e-03	1.67e-04	8.81e-06	1.52e-07	0.00e+00	0.00e+00	0.00e+00	0.00e+00
 1.40493e+23	6.00e-18	3.83e-06	9.34e-04	8.94e-03	1.61e-02	5.62e-02	4.14e-01	4.45e-01	5.60e-02	2.80e-03	1.42e-04	7.26e-06	1.21e-07	0.00e+00	0.00e+00	0.00e+00	0.00e+00
 1.41746e+23	8.01e-18	4.69e-06	1.10e-03	1.02e-02	1.76e-02	6.05e-02	4.23e-01	4.33e-01	5.17e-02	2.49e-03	1.23e-04	6.09e-06	0.00e+00	0.00e+00	0.00e+00	0.00e+00	0.00e+00
 1.43163e+23	1.16e-17	6.05e-06	1.36e-03	1.20e-02	1.97e-02	6.61e-02	4.35e-01	4.17e-01	4.67e-02	2.15e-03	1.02e-04	4.87e-06	0.00e+00	0.00e+00	0.00e+00	0.00e+00	0.00e+00
 1.44638e+23	1.61e-17	7.59e-06	1.63e-03	1.39e-02	2.18e-02	7.16e-02	4.45e-01	4.02e-01	4.24e-02	1.88e-03	8.56e-05	3.97e-06	0.00e+00	0.00e+00	0.00e+00	0.00e+00	0.00e+00
 1.45968e+23	2.21e-17	9.39e-06	1.94e-03	1.58e-02	2.38e-02	7.70e-02	4.53e-01	3.88e-01	3.88e-02	1.66e-03	7.28e-05	3.28e-06	0.00e+00	0.00e+00	0.00e+00	0.00e+00	0.00e+00
 1.47477e+23	3.32e-17	1.23e-05	2.42e-03	1.88e-02	2.67e-02	8.42e-02	4.63e-01	3.69e-01	3.44e-02	1.41e-03	5.91e-05	2.56e-06	0.00e+00	0.00e+00	0.00e+00	0.00e+00	0.00e+00
 1.49024e+23	4.70e-17	1.55e-05	2.90e-03	2.16e-02	2.93e-02	9.06e-02	4.70e-01	3.53e-01	3.10e-02	1.22e-03	4.94e-05	2.07e-06	0.00e+00	0.00e+00	0.00e+00	0.00e+00	0.00e+00
 1.50410e+23	6.59e-17	1.93e-05	3.46e-03	2.47e-02	3.20e-02	9.70e-02	4.76e-01	3.37e-01	2.80e-02	1.06e-03	4.15e-05	1.69e-06	0.00e+00	0.00e+00	0.00e+00	0.00e+00	0.00e+00
 1.52000e+23	1.03e-16	2.57e-05	4.34e-03	2.94e-02	3.58e-02	1.06e-01	4.83e-01	3.17e-01	2.44e-02	8.86e-04	3.30e-05	1.29e-06	0.00e+00	0.00e+00	0.00e+00	0.00e+00	0.00e+00
 1.53607e+23	1.48e-16	3.22e-05	5.19e-03	3.37e-02	3.91e-02	1.13e-01	4.86e-01	3.00e-01	2.18e-02	7.62e-04	2.73e-05	1.03e-06	0.00e+00	0.00e+00	0.00e+00	0.00e+00	0.00e+00
 1.55236e+23	2.37e-16	4.28e-05	6.50e-03	3.98e-02	4.34e-02	1.22e-01	4.89e-01	2.80e-01	1.89e-02	6.32e-04	2.16e-05	7.83e-07	0.00e+00	0.00e+00	0.00e+00	0.00e+00	0.00e+00
 1.56891e+23	3.54e-16	5.40e-05	7.79e-03	4.55e-02	4.73e-02	1.30e-01	4.89e-01	2.63e-01	1.67e-02	5.38e-04	1.77e-05	6.20e-07	0.00e+00	0.00e+00	0.00e+00	0.00e+00	0.00e+00
 1.58361e+23	5.23e-16	6.76e-05	9.29e-03	5.19e-02	5.12e-02	1.38e-01	4.88e-01	2.46e-01	1.47e-02	4.59e-04	1.45e-05	4.93e-07	0.00e+00	0.00e+00	0.00e+00	0.00e+00	0.00e+00
 1.60051e+23	8.93e-16	9.04e-05	1.16e-02	6.11e-02	5.66e-02	1.48e-01	4.85e-01	2.25e-01	1.24e-02	3.72e-04	1.11e-05	3.64e-07	0.00e+00	0.00e+00	0.00e+00	0.00e+00	0.00e+00
 1.61763e+23	1.39e-15	1.13e-04	1.39e-02	6.94e-02	6.10e-02	1.56e-01	4.80e-01	2.09e-01	1.09e-02	3.14e-04	9.02e-06	2.86e-07	0.00e+00	0.00e+00	0.00e+00	0.00e+00	0.00e+00
 1.63502e+23	2.54e-15	1.52e-04	1.73e-02	8.13e-02	6.69e-02	1.66e-01	4.71e-01	1.89e-01	9.05e-03	2.51e-04	6.83e-06	2.08e-07	0.00e+00	0.00e+00	0.00e+00	0.00e+00	0.00e+00
 1.65265e+23	4.23e-15	1.90e-04	2.05e-02	9.18e-02	7.17e-02	1.73e-01	4.62e-01	1.73e-01	7.79e-03	2.09e-04	5.45e-06	1.61e-07	0.00e+00	0.00e+00	0.00e+00	0.00e+00	0.00e+00
 1.67058e+23	9.15e-15	2.54e-04	2.55e-02	1.07e-01	7.80e-02	1.82e-01	4.47e-01	1.54e-01	6.38e-03	1.64e-04	4.05e-06	0.00e+00	0.00e+00	0.00e+00	0.00e+00	0.00e+00	0.00e+00
 1.68813e+23	1.74e-14	3.12e-04	2.98e-02	1.19e-01	8.25e-02	1.88e-01	4.35e-01	1.40e-01	5.48e-03	1.37e-04	3.24e-06	0.00e+00	0.00e+00	0.00e+00	0.00e+00	0.00e+00	0.00e+00
 1.70519e+23	4.87e-14	4.06e-04	3.62e-02	1.36e-01	8.83e-02	1.95e-01	4.16e-01	1.23e-01	4.47e-03	1.08e-04	2.42e-06	0.00e+00	0.00e+00	0.00e+00	0.00e+00	0.00e+00	0.00e+00
 1.72203e+23	1.43e-13	4.92e-04	4.16e-02	1.49e-01	9.25e-02	2.00e-01	4.01e-01	1.12e-01	3.83e-03	8.99e-05	1.93e-06	0.00e+00	0.00e+00	0.00e+00	0.00e+00	0.00e+00	0.00e+00
 1.73627e+23	6.06e-13	5.91e-04	4.76e-02	1.62e-01	9.63e-02	2.03e-01	3.86e-01	1.01e-01	3.27e-03	7.51e-05	1.55e-06	0.00e+00	0.00e+00	0.00e+00	0.00e+00	0.00e+00	0.00e+00
 1.75248e+23	4.22e-12	7.46e-04	5.63e-02	1.81e-01	1.01e-01	2.07e-01	3.64e-01	8.80e-02	2.66e-03	5.90e-05	1.16e-06	0.00e+00	0.00e+00	0.00e+00	0.00e+00	0.00e+00	0.00e+00
 1.76865e+23	1.17e-10	8.88e-04	6.37e-02	1.95e-01	1.04e-01	2.08e-01	3.46e-01	7.89e-02	2.25e-03	4.89e-05	9.21e-07	0.00e+00	0.00e+00	0.00e+00	0.00e+00	0.00e+00	0.00e+00
 1.78475e+23	3.92e-09	1.11e-03	7.44e-02	2.15e-01	1.08e-01	2.09e-01	3.23e-01	6.78e-02	1.80e-03	3.81e-05	6.77e-07	0.00e+00	0.00e+00	0.00e+00	0.00e+00	0.00e+00	0.00e+00
 1.80117e+23	1.41e-08	1.31e-03	8.38e-02	2.30e-01	1.11e-01	2.09e-01	3.03e-01	5.98e-02	1.50e-03	3.10e-05	5.29e-07	0.00e+00	0.00e+00	0.00e+00	0.00e+00	0.00e+00	0.00e+00
 1.81799e+23	2.16e-08	1.63e-03	9.69e-02	2.51e-01	1.13e-01	2.07e-01	2.79e-01	5.06e-02	1.19e-03	2.38e-05	3.83e-07	0.00e+00	0.00e+00	0.00e+00	0.00e+00	0.00e+00	0.00e+00
 1.83500e+23	2.95e-08	1.92e-03	1.09e-01	2.67e-01	1.15e-01	2.04e-01	2.58e-01	4.39e-02	9.70e-04	1.90e-05	2.93e-07	0.00e+00	0.00e+00	0.00e+00	0.00e+00	0.00e+00	0.00e+00
 1.85225e+23	4.19e-08	2.36e-03	1.24e-01	2.86e-01	1.16e-01	2.00e-01	2.34e-01	3.64e-02	7.50e-04	1.43e-05	2.08e-07	0.00e+00	0.00e+00	0.00e+00	0.00e+00	0.00e+00	0.00e+00
 1.86972e+23	5.52e-08	2.78e-03	1.38e-01	3.02e-01	1.17e-01	1.95e-01	2.14e-01	3.11e-02	6.02e-04	1.13e-05	1.55e-07	0.00e+00	0.00e+00	0.00e+00	0.00e+00	0.00e+00	0.00e+00
 1.88367e+23	6.88e-08	3.16e-03	1.50e-01	3.14e-01	1.17e-01	1.90e-01	1.98e-01	2.72e-02	5.02e-04	9.24e-06	0.00e+00	0.00e+00	0.00e+00	0.00e+00	0.00e+00	0.00e+00	0.00e+00
 1.89803e+23	8.74e-08	3.68e-03	1.65e-01	3.28e-01	1.16e-01	1.84e-01	1.80e-01	2.30e-02	4.02e-04	7.26e-06	0.00e+00	0.00e+00	0.00e+00	0.00e+00	0.00e+00	0.00e+00	0.00e+00
 1.91283e+23	1.08e-07	4.17e-03	1.78e-01	3.39e-01	1.15e-01	1.78e-01	1.65e-01	1.99e-02	3.31e-04	5.87e-06	0.00e+00	0.00e+00	0.00e+00	0.00e+00	0.00e+00	0.00e+00	0.00e+00
 1.92610e+23	1.30e-07	4.70e-03	1.92e-01	3.49e-01	1.14e-01	1.72e-01	1.51e-01	1.72e-02	2.73e-04	4.77e-06	0.00e+00	0.00e+00	0.00e+00	0.00e+00	0.00e+00	0.00e+00	0.00e+00
 1.94124e+23	1.64e-07	5.44e-03	2.09e-01	3.60e-01	1.12e-01	1.64e-01	1.35e-01	1.42e-02	2.13e-04	3.65e-06	0.00e+00	0.00e+00	0.00e+00	0.00e+00	0.00e+00	0.00e+00	0.00e+00
 1.95652e+23	1.98e-07	6.12e-03	2.24e-01	3.68e-01	1.10e-01	1.57e-01	1.22e-01	1.21e-02	1.73e-04	2.91e-06	0.00e+00	0.00e+00	0.00e+00	0.00e+00	0.00e+00	0.00e+00	0.00e+00
 1.96987e+23	2.37e-07	6.84e-03	2.39e-01	3.75e-01	1.08e-01	1.50e-01	1.10e-01	1.03e-02	1.41e-04	2.33e-06	0.00e+00	0.00e+00	0.00e+00	0.00e+00	0.00e+00	0.00e+00	0.00e+00
 1.98513e+23	2.92e-07	7.84e-03	2.58e-01	3.83e-01	1.05e-01	1.41e-01	9.71e-02	8.44e-03	1.09e-04	1.76e-06	0.00e+00	0.00e+00	0.00e+00	0.00e+00	0.00e+00	0.00e+00	0.00e+00
 2.00066e+23	3.48e-07	8.75e-03	2.74e-01	3.88e-01	1.03e-01	1.33e-01	8.69e-02	7.09e-03	8.70e-05	1.39e-06	0.00e+00	0.00e+00	0.00e+00	0.00e+00	0.00e+00	0.00e+00	0.00e+00
 2.01445e+23	4.14e-07	9.72e-03	2.90e-01	3.91e-01	9.96e-02	1.26e-01	7.78e-02	5.96e-03	6.98e-05	1.10e-06	0.00e+00	0.00e+00	0.00e+00	0.00e+00	0.00e+00	0.00e+00	0.00e+00
 2.03030e+23	5.07e-07	1.11e-02	3.10e-01	3.94e-01	9.58e-02	1.17e-01	6.73e-02	4.77e-03	5.28e-05	8.13e-07	0.00e+00	0.00e+00	0.00e+00	0.00e+00	0.00e+00	0.00e+00	0.00e+00
 2.04629e+23	5.99e-07	1.23e-02	3.27e-01	3.96e-01	9.24e-02	1.09e-01	5.96e-02	3.96e-03	4.18e-05	6.33e-07	0.00e+00	0.00e+00	0.00e+00	0.00e+00	0.00e+00	0.00e+00	0.00e+00
 2.06034e+23	7.05e-07	1.36e-02	3.43e-01	3.96e-01	8.91e-02	1.02e-01	5.28e-02	3.29e-03	3.32e-05	4.95e-07	0.00e+00	0.00e+00	0.00e+00	0.00e+00	0.00e+00	0.00e+00	0.00e+00
 2.07648e+23	8.54e-07	1.53e-02	3.64e-01	3.94e-01	8.48e-02	9.35e-02	4.52e-02	2.60e-03	2.48e-05	3.62e-07	0.00e+00	0.00e+00	0.00e+00	0.00e+00	0.00e+00	0.00e+00	0.00e+00
 2.09291e+23	1.00e-06	1.69e-02	3.81e-01	3.92e-01	8.12e-02	8.66e-02	3.96e-02	2.13e-03	1.94e-05	2.78e-07	0.00e+00	0.00e+00	0.00e+00	0.00e+00	0.00e+00	0.00e+00	0.00e+00
 2.10972e+23	1.22e-06	1.90e-02	4.03e-01	3.88e-01	7.67e-02	7.84e-02	3.34e-02	1.65e-03	1.43e-05	1.99e-07	0.00e+00	0.00e+00	0.00e+00	0.00e+00	0.00e+00	0.00e+00	0.00e+00
 2.12673e+23	1.43e-06	2.10e-02	4.20e-01	3.84e-01	7.29e-02	7.20e-02	2.90e-02	1.33e-03	1.10e-05	1.51e-07	0.00e+00	0.00e+00	0.00e+00	0.00e+00	0.00e+00	0.00e+00	0.00e+00
 2.14400e+23	1.73e-06	2.36e-02	4.41e-01	3.77e-01	6.84e-02	6.46e-02	2.43e-02	1.02e-03	8.00e-06	0.00e+00	0.00e+00	0.00e+00	0.00e+00	0.00e+00	0.00e+00	0.00e+00	0.00e+00
 2.16161e+23	2.03e-06	2.59e-02	4.59e-01	3.70e-01	6.47e-02	5.88e-02	2.09e-02	8.17e-04	6.10e-06	0.00e+00	0.00e+00	0.00e+00	0.00e+00	0.00e+00	0.00e+00	0.00e+00	0.00e+00
 2.17966e+23	2.46e-06	2.91e-02	4.80e-01	3.61e-01	6.03e-02	5.22e-02	1.72e-02	6.17e-04	4.36e-06	0.00e+00	0.00e+00	0.00e+00	0.00e+00	0.00e+00	0.00e+00	0.00e+00	0.00e+00
 2.19801e+23	2.89e-06	3.19e-02	4.97e-01	3.52e-01	5.66e-02	4.71e-02	1.47e-02	4.86e-04	3.29e-06	0.00e+00	0.00e+00	0.00e+00	0.00e+00	0.00e+00	0.00e+00	0.00e+00	0.00e+00
 2.21431e+23	3.37e-06	3.49e-02	5.13e-01	3.43e-01	5.32e-02	4.25e-02	1.25e-02	3.85e-04	2.50e-06	0.00e+00	0.00e+00	0.00e+00	0.00e+00	0.00e+00	0.00e+00	0.00e+00	0.00e+00
 2.23306e+23	4.06e-06	3.90e-02	5.34e-01	3.31e-01	4.91e-02	3.71e-02	1.02e-02	2.86e-04	1.76e-06	0.00e+00	0.00e+00	0.00e+00	0.00e+00	0.00e+00	0.00e+00	0.00e+00	0.00e+00
 2.24951e+23	4.58e-06	4.17e-02	5.45e-01	3.23e-01	4.66e-02	3.42e-02	9.00e-03	2.37e-04	1.41e-06	0.00e+00	0.00e+00	0.00e+00	0.00e+00	0.00e+00	0.00e+00	0.00e+00	0.00e+00
 2.26297e+23	5.20e-06	4.49e-02	5.59e-01	3.14e-01	4.40e-02	3.10e-02	7.79e-03	1.92e-04	1.11e-06	0.00e+00	0.00e+00	0.00e+00	0.00e+00	0.00e+00	0.00e+00	0.00e+00	0.00e+00
 2.27702e+23	5.85e-06	4.80e-02	5.70e-01	3.05e-01	4.16e-02	2.84e-02	6.83e-03	1.59e-04	8.89e-07	0.00e+00	0.00e+00	0.00e+00	0.00e+00	0.00e+00	0.00e+00	0.00e+00	0.00e+00
 2.28987e+23	6.51e-06	5.10e-02	5.80e-01	2.97e-01	3.95e-02	2.61e-02	6.03e-03	1.32e-04	7.21e-07	0.00e+00	0.00e+00	0.00e+00	0.00e+00	0.00e+00	0.00e+00	0.00e+00	0.00e+00
 2.30457e+23	7.45e-06	5.50e-02	5.93e-01	2.86e-01	3.70e-02	2.33e-02	5.13e-03	1.05e-04	5.52e-07	0.00e+00	0.00e+00	0.00e+00	0.00e+00	0.00e+00	0.00e+00	0.00e+00	0.00e+00
 2.31955e+23	8.38e-06	5.87e-02	6.04e-01	2.77e-01	3.48e-02	2.12e-02	4.47e-03	8.58e-05	4.39e-07	0.00e+00	0.00e+00	0.00e+00	0.00e+00	0.00e+00	0.00e+00	0.00e+00	0.00e+00
 2.33486e+23	9.63e-06	6.34e-02	6.16e-01	2.65e-01	3.24e-02	1.88e-02	3.77e-03	6.70e-05	3.32e-07	0.00e+00	0.00e+00	0.00e+00	0.00e+00	0.00e+00	0.00e+00	0.00e+00	0.00e+00
 2.35029e+23	1.08e-05	6.77e-02	6.26e-01	2.56e-01	3.04e-02	1.70e-02	3.27e-03	5.45e-05	2.62e-07	0.00e+00	0.00e+00	0.00e+00	0.00e+00	0.00e+00	0.00e+00	0.00e+00	0.00e+00
 2.36587e+23	1.24e-05	7.30e-02	6.37e-01	2.44e-01	2.82e-02	1.50e-02	2.74e-03	4.23e-05	1.97e-07	0.00e+00	0.00e+00	0.00e+00	0.00e+00	0.00e+00	0.00e+00	0.00e+00	0.00e+00
 2.38172e+23	1.40e-05	7.78e-02	6.46e-01	2.34e-01	2.64e-02	1.35e-02	2.37e-03	3.42e-05	1.55e-07	0.00e+00	0.00e+00	0.00e+00	0.00e+00	0.00e+00	0.00e+00	0.00e+00	0.00e+00
 2.39790e+23	1.61e-05	8.39e-02	6.56e-01	2.22e-01	2.43e-02	1.18e-02	1.97e-03	2.63e-05	0.00e+00	0.00e+00	0.00e+00	0.00e+00	0.00e+00	0.00e+00	0.00e+00	0.00e+00	0.00e+00
 2.41440e+23	1.82e-05	8.94e-02	6.64e-01	2.12e-01	2.27e-02	1.05e-02	1.69e-03	2.11e-05	0.00e+00	0.00e+00	0.00e+00	0.00e+00	0.00e+00	0.00e+00	0.00e+00	0.00e+00	0.00e+00
 2.43129e+23	2.10e-05	9.67e-02	6.73e-01	1.99e-01	2.08e-02	9.09e-03	1.39e-03	1.60e-05	0.00e+00	0.00e+00	0.00e+00	0.00e+00	0.00e+00	0.00e+00	0.00e+00	0.00e+00	0.00e+00
 2.44839e+23	2.37e-05	1.03e-01	6.79e-01	1.89e-01	1.93e-02	8.09e-03	1.19e-03	1.28e-05	0.00e+00	0.00e+00	0.00e+00	0.00e+00	0.00e+00	0.00e+00	0.00e+00	0.00e+00	0.00e+00
 2.46574e+23	2.73e-05	1.11e-01	6.87e-01	1.77e-01	1.76e-02	6.96e-03	9.77e-04	9.64e-06	0.00e+00	0.00e+00	0.00e+00	0.00e+00	0.00e+00	0.00e+00	0.00e+00	0.00e+00	0.00e+00
 2.48349e+23	3.09e-05	1.18e-01	6.92e-01	1.67e-01	1.63e-02	6.13e-03	8.26e-04	7.59e-06	0.00e+00	0.00e+00	0.00e+00	0.00e+00	0.00e+00	0.00e+00	0.00e+00	0.00e+00	0.00e+00
 2.50175e+23	3.58e-05	1.28e-01	6.98e-01	1.54e-01	1.47e-02	5.20e-03	6.68e-04	5.62e-06	0.00e+00	0.00e+00	0.00e+00	0.00e+00	0.00e+00	0.00e+00	0.00e+00	0.00e+00	0.00e+00
 2.51996e+23	4.04e-05	1.35e-01	7.01e-01	1.45e-01	1.36e-02	4.57e-03	5.66e-04	4.45e-06	0.00e+00	0.00e+00	0.00e+00	0.00e+00	0.00e+00	0.00e+00	0.00e+00	0.00e+00	0.00e+00
 2.53810e+23	4.67e-05	1.46e-01	7.04e-01	1.33e-01	1.23e-02	3.87e-03	4.57e-04	3.29e-06	0.00e+00	0.00e+00	0.00e+00	0.00e+00	0.00e+00	0.00e+00	0.00e+00	0.00e+00	0.00e+00
 2.55636e+23	5.25e-05	1.55e-01	7.06e-01	1.24e-01	1.13e-02	3.38e-03	3.86e-04	2.59e-06	0.00e+00	0.00e+00	0.00e+00	0.00e+00	0.00e+00	0.00e+00	0.00e+00	0.00e+00	0.00e+00
 2.57478e+23	6.08e-05	1.66e-01	7.07e-01	1.13e-01	1.01e-02	2.84e-03	3.09e-04	1.91e-06	0.00e+00	0.00e+00	0.00e+00	0.00e+00	0.00e+00	0.00e+00	0.00e+00	0.00e+00	0.00e+00
 2.59329e+23	6.82e-05	1.76e-01	7.07e-01	1.05e-01	9.28e-03	2.47e-03	2.60e-04	1.50e-06	0.00e+00	0.00e+00	0.00e+00	0.00e+00	0.00e+00	0.00e+00	0.00e+00	0.00e+00	0.00e+00
 2.61191e+23	7.92e-05	1.89e-01	7.06e-01	9.45e-02	8.28e-03	2.05e-03	2.07e-04	1.09e-06	0.00e+00	0.00e+00	0.00e+00	0.00e+00	0.00e+00	0.00e+00	0.00e+00	0.00e+00	0.00e+00
 2.63050e+23	8.86e-05	2.00e-01	7.04e-01	8.70e-02	7.58e-03	1.78e-03	1.73e-04	8.54e-07	0.00e+00	0.00e+00	0.00e+00	0.00e+00	0.00e+00	0.00e+00	0.00e+00	0.00e+00	0.00e+00
 2.64905e+23	1.03e-04	2.14e-01	7.00e-01	7.75e-02	6.73e-03	1.47e-03	1.37e-04	6.17e-07	0.00e+00	0.00e+00	0.00e+00	0.00e+00	0.00e+00	0.00e+00	0.00e+00	0.00e+00	0.00e+00
 2.66765e+23	1.15e-04	2.26e-01	6.96e-01	7.06e-02	6.13e-03	1.27e-03	1.14e-04	4.81e-07	0.00e+00	0.00e+00	0.00e+00	0.00e+00	0.00e+00	0.00e+00	0.00e+00	0.00e+00	0.00e+00
 2.68631e+23	1.33e-04	2.42e-01	6.89e-01	6.20e-02	5.40e-03	1.03e-03	8.90e-05	3.43e-07	0.00e+00	0.00e+00	0.00e+00	0.00e+00	0.00e+00	0.00e+00	0.00e+00	0.00e+00	0.00e+00
 2.70502e+23	1.50e-04	2.56e-01	6.83e-01	5.58e-02	4.88e-03	8.80e-04	7.34e-05	2.64e-07	0.00e+00	0.00e+00	0.00e+00	0.00e+00	0.00e+00	0.00e+00	0.00e+00	0.00e+00	0.00e+00
 2.72377e+23	1.73e-04	2.73e-01	6.73e-01	4.83e-02	4.27e-03	7.11e-04	5.69e-05	1.87e-07	0.00e+00	0.00e+00	0.00e+00	0.00e+00	0.00e+00	0.00e+00	0.00e+00	0.00e+00	0.00e+00
 2.74272e+23	1.95e-04	2.89e-01	6.64e-01	4.27e-02	3.82e-03	5.96e-04	4.61e-05	1.40e-07	0.00e+00	0.00e+00	0.00e+00	0.00e+00	0.00e+00	0.00e+00	0.00e+00	0.00e+00	0.00e+00
 2.76192e+23	2.26e-04	3.09e-01	6.50e-01	3.63e-02	3.29e-03	4.73e-04	3.50e-05	0.00e+00	0.00e+00	0.00e+00	0.00e+00	0.00e+00	0.00e+00	0.00e+00	0.00e+00	0.00e+00	0.00e+00
 2.78134e+23	2.56e-04	3.27e-01	6.38e-01	3.14e-02	2.89e-03	3.88e-04	2.77e-05	0.00e+00	0.00e+00	0.00e+00	0.00e+00	0.00e+00	0.00e+00	0.00e+00	0.00e+00	0.00e+00	0.00e+00
 2.79839e+23	2.89e-04	3.46e-01	6.24e-01	2.70e-02	2.52e-03	3.17e-04	2.19e-05	0.00e+00	0.00e+00	0.00e+00	0.00e+00	0.00e+00	0.00e+00	0.00e+00	0.00e+00	0.00e+00	0.00e+00
 2.81524e+23	3.26e-04	3.65e-01	6.09e-01	2.31e-02	2.19e-03	2.57e-04	1.72e-05	0.00e+00	0.00e+00	0.00e+00	0.00e+00	0.00e+00	0.00e+00	0.00e+00	0.00e+00	0.00e+00	0.00e+00
 2.83005e+23	3.59e-04	3.81e-01	5.96e-01	2.02e-02	1.94e-03	2.15e-04	1.40e-05	0.00e+00	0.00e+00	0.00e+00	0.00e+00	0.00e+00	0.00e+00	0.00e+00	0.00e+00	0.00e+00	0.00e+00
 2.84287e+23	3.92e-04	3.98e-01	5.83e-01	1.77e-02	1.72e-03	1.81e-04	1.15e-05	0.00e+00	0.00e+00	0.00e+00	0.00e+00	0.00e+00	0.00e+00	0.00e+00	0.00e+00	0.00e+00	0.00e+00
 2.85756e+23	4.40e-04	4.20e-01	5.63e-01	1.47e-02	1.46e-03	1.43e-04	8.82e-06	0.00e+00	0.00e+00	0.00e+00	0.00e+00	0.00e+00	0.00e+00	0.00e+00	0.00e+00	0.00e+00	0.00e+00
 2.87313e+23	4.91e-04	4.42e-01	5.44e-01	1.23e-02	1.23e-03	1.13e-04	6.77e-06	0.00e+00	0.00e+00	0.00e+00	0.00e+00	0.00e+00	0.00e+00	0.00e+00	0.00e+00	0.00e+00	0.00e+00
 2.88701e+23	5.41e-04	4.64e-01	5.24e-01	1.02e-02	1.03e-03	8.92e-05	5.24e-06	0.00e+00	0.00e+00	0.00e+00	0.00e+00	0.00e+00	0.00e+00	0.00e+00	0.00e+00	0.00e+00	0.00e+00
 2.89991e+23	5.92e-04	4.86e-01	5.04e-01	8.44e-03	8.59e-04	7.04e-05	4.06e-06	0.00e+00	0.00e+00	0.00e+00	0.00e+00	0.00e+00	0.00e+00	0.00e+00	0.00e+00	0.00e+00	0.00e+00
 2.91221e+23	6.47e-04	5.10e-01	4.82e-01	6.91e-03	7.06e-04	5.47e-05	3.11e-06	0.00e+00	0.00e+00	0.00e+00	0.00e+00	0.00e+00	0.00e+00	0.00e+00	0.00e+00	0.00e+00	0.00e+00
 2.92377e+23	6.97e-04	5.32e-01	4.61e-01	5.64e-03	5.77e-04	4.25e-05	2.39e-06	0.00e+00	0.00e+00	0.00e+00	0.00e+00	0.00e+00	0.00e+00	0.00e+00	0.00e+00	0.00e+00	0.00e+00
 2.93447e+23	7.50e-04	5.56e-01	4.38e-01	4.56e-03	4.64e-04	3.26e-05	1.82e-06	0.00e+00	0.00e+00	0.00e+00	0.00e+00	0.00e+00	0.00e+00	0.00e+00	0.00e+00	0.00e+00	0.00e+00
 2.94423e+23	7.93e-04	5.79e-01	4.16e-01	3.70e-03	3.74e-04	2.52e-05	1.41e-06	0.00e+00	0.00e+00	0.00e+00	0.00e+00	0.00e+00	0.00e+00	0.00e+00	0.00e+00	0.00e+00	0.00e+00
 2.95310e+23	8.36e-04	6.02e-01	3.94e-01	2.99e-03	2.99e-04	1.94e-05	1.09e-06	0.00e+00	0.00e+00	0.00e+00	0.00e+00	0.00e+00	0.00e+00	0.00e+00	0.00e+00	0.00e+00	0.00e+00
 2.96112e+23	8.70e-04	6.24e-01	3.73e-01	2.43e-03	2.40e-04	1.50e-05	8.48e-07	0.00e+00	0.00e+00	0.00e+00	0.00e+00	0.00e+00	0.00e+00	0.00e+00	0.00e+00	0.00e+00	0.00e+00
 2.96824e+23	8.94e-04	6.44e-01	3.53e-01	2.00e-03	1.94e-04	1.18e-05	6.74e-07	0.00e+00	0.00e+00	0.00e+00	0.00e+00	0.00e+00	0.00e+00	0.00e+00	0.00e+00	0.00e+00	0.00e+00
 2.97467e+23	9.16e-04	6.63e-01	3.34e-01	1.65e-03	1.57e-04	9.32e-06	5.39e-07	0.00e+00	0.00e+00	0.00e+00	0.00e+00	0.00e+00	0.00e+00	0.00e+00	0.00e+00	0.00e+00	0.00e+00
 2.98052e+23	9.26e-04	6.81e-01	3.17e-01	1.38e-03	1.28e-04	7.47e-06	4.39e-07	0.00e+00	0.00e+00	0.00e+00	0.00e+00	0.00e+00	0.00e+00	0.00e+00	0.00e+00	0.00e+00	0.00e+00
 2.98586e+23	9.30e-04	6.97e-01	3.01e-01	1.16e-03	1.06e-04	6.05e-06	3.62e-07	0.00e+00	0.00e+00	0.00e+00	0.00e+00	0.00e+00	0.00e+00	0.00e+00	0.00e+00	0.00e+00	0.00e+00
 2.99082e+23	9.26e-04	7.12e-01	2.86e-01	9.87e-04	8.82e-05	4.95e-06	3.02e-07	0.00e+00	0.00e+00	0.00e+00	0.00e+00	0.00e+00	0.00e+00	0.00e+00	0.00e+00	0.00e+00	0.00e+00
 2.99543e+23	9.18e-04	7.26e-01	2.72e-01	8.46e-04	7.42e-05	4.10e-06	2.55e-07	0.00e+00	0.00e+00	0.00e+00	0.00e+00	0.00e+00	0.00e+00	0.00e+00	0.00e+00	0.00e+00	0.00e+00
 2.99972e+23	9.02e-04	7.38e-01	2.60e-01	7.35e-04	6.33e-05	3.45e-06	2.19e-07	0.00e+00	0.00e+00	0.00e+00	0.00e+00	0.00e+00	0.00e+00	0.00e+00	0.00e+00	0.00e+00	0.00e+00
 3.00355e+23	8.81e-04	7.48e-01	2.51e-01	6.51e-04	5.52e-05	2.98e-06	1.92e-07	0.00e+00	0.00e+00	0.00e+00	0.00e+00	0.00e+00	0.00e+00	0.00e+00	0.00e+00	0.00e+00	0.00e+00
 3.00678e+23	8.59e-04	7.55e-01	2.44e-01	5.90e-04	4.94e-05	2.64e-06	1.72e-07	0.00e+00	0.00e+00	0.00e+00	0.00e+00	0.00e+00	0.00e+00	0.00e+00	0.00e+00	0.00e+00	0.00e+00
 3.00920e+23	8.41e-04	7.59e-01	2.39e-01	5.49e-04	4.57e-05	2.43e-06	1.60e-07	0.00e+00	0.00e+00	0.00e+00	0.00e+00	0.00e+00	0.00e+00	0.00e+00	0.00e+00	0.00e+00	0.00e+00
 3.01099e+23	8.29e-04	7.63e-01	2.35e-01	5.21e-04	4.30e-05	2.28e-06	1.51e-07	0.00e+00	0.00e+00	0.00e+00	0.00e+00	0.00e+00	0.00e+00	0.00e+00	0.00e+00	0.00e+00	0.00e+00
 3.01279e+23	8.12e-04	7.66e-01	2.33e-01	4.96e-04	4.08e-05	2.15e-06	1.43e-07	0.00e+00	0.00e+00	0.00e+00	0.00e+00	0.00e+00	0.00e+00	0.00e+00	0.00e+00	0.00e+00	0.00e+00
 3.01498e+23	7.94e-04	7.69e-01	2.29e-01	4.66e-04	3.81e-05	2.00e-06	1.35e-07	0.00e+00	0.00e+00	0.00e+00	0.00e+00	0.00e+00	0.00e+00	0.00e+00	0.00e+00	0.00e+00	0.00e+00
 3.01749e+23	7.70e-04	7.72e-01	2.26e-01	4.37e-04	3.56e-05	1.86e-06	1.26e-07	0.00e+00	0.00e+00	0.00e+00	0.00e+00	0.00e+00	0.00e+00	0.00e+00	0.00e+00	0.00e+00	0.00e+00
 3.01992e+23	7.47e-04	7.75e-01	2.24e-01	4.11e-04	3.35e-05	1.75e-06	0.00e+00	0.00e+00	0.00e+00	0.00e+00	0.00e+00	0.00e+00	0.00e+00	0.00e+00	0.00e+00	0.00e+00	0.00e+00
 3.02215e+23	7.26e-04	7.77e-01	2.22e-01	3.90e-04	3.17e-05	1.65e-06	0.00e+00	0.00e+00	0.00e+00	0.00e+00	0.00e+00	0.00e+00	0.00e+00	0.00e+00	0.00e+00	0.00e+00	0.00e+00
 3.02385e+23	7.08e-04	7.77e-01	2.22e-01	3.77e-04	3.07e-05	1.60e-06	0.00e+00	0.00e+00	0.00e+00	0.00e+00	0.00e+00	0.00e+00	0.00e+00	0.00e+00	0.00e+00	0.00e+00	0.00e+00
 3.02502e+23	6.96e-04	7.77e-01	2.22e-01	3.68e-04	3.00e-05	1.56e-06	0.00e+00	0.00e+00	0.00e+00	0.00e+00	0.00e+00	0.00e+00	0.00e+00	0.00e+00	0.00e+00	0.00e+00	0.00e+00
 3.02621e+23	6.85e-04	7.78e-01	2.21e-01	3.59e-04	2.93e-05	1.52e-06	0.00e+00	0.00e+00	0.00e+00	0.00e+00	0.00e+00	0.00e+00	0.00e+00	0.00e+00	0.00e+00	0.00e+00	0.00e+00
 3.02765e+23	6.72e-04	7.78e-01	2.21e-01	3.48e-04	2.84e-05	1.48e-06	0.00e+00	0.00e+00	0.00e+00	0.00e+00	0.00e+00	0.00e+00	0.00e+00	0.00e+00	0.00e+00	0.00e+00	0.00e+00
 3.02919e+23	6.59e-04	7.79e-01	2.20e-01	3.38e-04	2.77e-05	1.43e-06	0.00e+00	0.00e+00	0.00e+00	0.00e+00	0.00e+00	0.00e+00	0.00e+00	0.00e+00	0.00e+00	0.00e+00	0.00e+00
 3.03066e+23	6.44e-04	7.78e-01	2.21e-01	3.29e-04	2.70e-05	1.40e-06	0.00e+00	0.00e+00	0.00e+00	0.00e+00	0.00e+00	0.00e+00	0.00e+00	0.00e+00	0.00e+00	0.00e+00	0.00e+00
 3.03212e+23	6.31e-04	7.78e-01	2.21e-01	3.21e-04	2.64e-05	1.37e-06	0.00e+00	0.00e+00	0.00e+00	0.00e+00	0.00e+00	0.00e+00	0.00e+00	0.00e+00	0.00e+00	0.00e+00	0.00e+00
 3.03364e+23	6.18e-04	7.78e-01	2.21e-01	3.12e-04	2.58e-05	1.34e-06	0.00e+00	0.00e+00	0.00e+00	0.00e+00	0.00e+00	0.00e+00	0.00e+00	0.00e+00	0.00e+00	0.00e+00	0.00e+00
 3.03519e+23	6.05e-04	7.77e-01	2.22e-01	3.05e-04	2.53e-05	1.31e-06	0.00e+00	0.00e+00	0.00e+00	0.00e+00	0.00e+00	0.00e+00	0.00e+00	0.00e+00	0.00e+00	0.00e+00	0.00e+00
 3.03676e+23	5.92e-04	7.77e-01	2.22e-01	2.97e-04	2.47e-05	1.28e-06	0.00e+00	0.00e+00	0.00e+00	0.00e+00	0.00e+00	0.00e+00	0.00e+00	0.00e+00	0.00e+00	0.00e+00	0.00e+00
 3.03839e+23	5.78e-04	7.76e-01	2.23e-01	2.90e-04	2.43e-05	1.26e-06	0.00e+00	0.00e+00	0.00e+00	0.00e+00	0.00e+00	0.00e+00	0.00e+00	0.00e+00	0.00e+00	0.00e+00	0.00e+00
 3.04006e+23	5.65e-04	7.75e-01	2.25e-01	2.83e-04	2.38e-05	1.23e-06	0.00e+00	0.00e+00	0.00e+00	0.00e+00	0.00e+00	0.00e+00	0.00e+00	0.00e+00	0.00e+00	0.00e+00	0.00e+00
 3.04178e+23	5.52e-04	7.74e-01	2.26e-01	2.76e-04	2.34e-05	1.21e-06	0.00e+00	0.00e+00	0.00e+00	0.00e+00	0.00e+00	0.00e+00	0.00e+00	0.00e+00	0.00e+00	0.00e+00	0.00e+00
 3.04352e+23	5.39e-04	7.72e-01	2.27e-01	2.70e-04	2.30e-05	1.19e-06	0.00e+00	0.00e+00	0.00e+00	0.00e+00	0.00e+00	0.00e+00	0.00e+00	0.00e+00	0.00e+00	0.00e+00	0.00e+00
 3.04530e+23	5.26e-04	7.71e-01	2.28e-01	2.64e-04	2.26e-05	1.17e-06	0.00e+00	0.00e+00	0.00e+00	0.00e+00	0.00e+00	0.00e+00	0.00e+00	0.00e+00	0.00e+00	0.00e+00	0.00e+00
 3.04715e+23	5.13e-04	7.69e-01	2.30e-01	2.58e-04	2.23e-05	1.16e-06	0.00e+00	0.00e+00	0.00e+00	0.00e+00	0.00e+00	0.00e+00	0.00e+00	0.00e+00	0.00e+00	0.00e+00	0.00e+00
 3.04906e+23	5.00e-04	7.67e-01	2.32e-01	2.52e-04	2.19e-05	1.14e-06	0.00e+00	0.00e+00	0.00e+00	0.00e+00	0.00e+00	0.00e+00	0.00e+00	0.00e+00	0.00e+00	0.00e+00	0.00e+00
 3.05101e+23	4.88e-04	7.65e-01	2.34e-01	2.46e-04	2.16e-05	1.12e-06	0.00e+00	0.00e+00	0.00e+00	0.00e+00	0.00e+00	0.00e+00	0.00e+00	0.00e+00	0.00e+00	0.00e+00	0.00e+00
 3.05300e+23	4.76e-04	7.64e-01	2.36e-01	2.41e-04	2.13e-05	1.11e-06	0.00e+00	0.00e+00	0.00e+00	0.00e+00	0.00e+00	0.00e+00	0.00e+00	0.00e+00	0.00e+00	0.00e+00	0.00e+00
 3.05507e+23	4.64e-04	7.62e-01	2.38e-01	2.36e-04	2.10e-05	1.10e-06	0.00e+00	0.00e+00	0.00e+00	0.00e+00	0.00e+00	0.00e+00	0.00e+00	0.00e+00	0.00e+00	0.00e+00	0.00e+00
 3.05720e+23	4.52e-04	7.59e-01	2.40e-01	2.31e-04	2.08e-05	1.08e-06	0.00e+00	0.00e+00	0.00e+00	0.00e+00	0.00e+00	0.00e+00	0.00e+00	0.00e+00	0.00e+00	0.00e+00	0.00e+00
 3.05939e+23	4.40e-04	7.57e-01	2.42e-01	2.26e-04	2.05e-05	1.07e-06	0.00e+00	0.00e+00	0.00e+00	0.00e+00	0.00e+00	0.00e+00	0.00e+00	0.00e+00	0.00e+00	0.00e+00	0.00e+00
 3.06167e+23	4.29e-04	7.55e-01	2.45e-01	2.21e-04	2.02e-05	1.06e-06	0.00e+00	0.00e+00	0.00e+00	0.00e+00	0.00e+00	0.00e+00	0.00e+00	0.00e+00	0.00e+00	0.00e+00	0.00e+00
