#depth	C	C+	C+2	C+3	C+4	C+5	C+6	C[1]	C[2]	C[3]	C+[1]	C+[2]	CO
 4.62852e+21	0.00e+00	0.00e+00	1.07e-22	1.46e-16	2.81e-10	2.98e-05	1.00e+00	0.00e+00	0.00e+00	0.00e+00	0.00e+00	0.00e+00	5.39e-116
 1.05221e+22	0.00e+00	5.11e-29	4.40e-22	4.36e-16	5.83e-10	4.28e-05	1.00e+00	0.00e+00	0.00e+00	0.00e+00	0.00e+00	0.00e+00	1.92e-119
 1.26251e+22	0.00e+00	1.69e-28	1.15e-21	8.99e-16	9.41e-10	5.42e-05	1.00e+00	0.00e+00	0.00e+00	0.00e+00	0.00e+00	0.00e+00	6.31e-120
 1.41335e+22	0.00e+00	4.37e-28	2.46e-21	1.60e-15	1.38e-09	6.55e-05	1.00e+00	0.00e+00	0.00e+00	0.00e+00	0.00e+00	0.00e+00	9.14e-120
 1.50057e+22	0.00e+00	5.79e-28	3.09e-21	1.90e-15	1.55e-09	6.92e-05	1.00e+00	0.00e+00	0.00e+00	0.00e+00	0.00e+00	0.00e+00	1.07e-119
 1.54698e+22	0.00e+00	8.38e-28	4.16e-21	2.38e-15	1.80e-09	7.45e-05	1.00e+00	0.00e+00	0.00e+00	0.00e+00	0.00e+00	0.00e+00	1.24e-119
 1.59729e+22	0.00e+00	1.17e-27	5.45e-21	2.93e-15	2.06e-09	7.96e-05	1.00e+00	0.00e+00	0.00e+00	0.00e+00	0.00e+00	0.00e+00	1.40e-119
 1.65267e+22	0.00e+00	1.85e-27	7.87e-21	3.87e-15	2.47e-09	8.71e-05	1.00e+00	0.00e+00	0.00e+00	0.00e+00	0.00e+00	0.00e+00	1.68e-119
 1.70656e+22	0.00e+00	2.50e-27	1.00e-20	4.65e-15	2.79e-09	9.25e-05	1.00e+00	0.00e+00	0.00e+00	0.00e+00	0.00e+00	0.00e+00	1.88e-119
 1.75853e+22	0.00e+00	3.77e-27	1.40e-20	5.97e-15	3.29e-09	1.00e-04	1.00e+00	0.00e+00	0.00e+00	0.00e+00	0.00e+00	0.00e+00	2.22e-119
 1.81227e+22	0.00e+00	5.36e-27	1.85e-20	7.41e-15	3.80e-09	1.08e-04	1.00e+00	0.00e+00	0.00e+00	0.00e+00	0.00e+00	0.00e+00	2.62e-119
 1.85995e+22	0.00e+00	7.47e-27	2.42e-20	9.09e-15	4.34e-09	1.15e-04	1.00e+00	0.00e+00	0.00e+00	0.00e+00	0.00e+00	0.00e+00	2.97e-119
 1.91358e+22	0.00e+00	1.16e-26	3.46e-20	1.19e-14	5.19e-09	1.25e-04	1.00e+00	0.00e+00	0.00e+00	0.00e+00	0.00e+00	0.00e+00	2.00e-115
 1.96714e+22	0.00e+00	1.58e-26	4.43e-20	1.44e-14	5.88e-09	1.33e-04	1.00e+00	0.00e+00	0.00e+00	0.00e+00	0.00e+00	0.00e+00	2.22e-115
 2.02062e+22	0.00e+00	2.46e-26	6.35e-20	1.89e-14	7.04e-09	1.45e-04	1.00e+00	0.00e+00	0.00e+00	0.00e+00	0.00e+00	0.00e+00	2.69e-115
 2.07358e+22	0.00e+00	3.33e-26	8.10e-20	2.27e-14	7.95e-09	1.54e-04	1.00e+00	0.00e+00	0.00e+00	0.00e+00	0.00e+00	0.00e+00	9.55e-114
 2.11711e+22	0.00e+00	4.46e-26	1.03e-19	2.73e-14	8.96e-09	1.63e-04	1.00e+00	0.00e+00	0.00e+00	0.00e+00	0.00e+00	0.00e+00	1.05e-113
 2.15791e+22	0.00e+00	5.94e-26	1.29e-19	3.25e-14	1.01e-08	1.73e-04	1.00e+00	0.00e+00	0.00e+00	0.00e+00	0.00e+00	0.00e+00	1.17e-113
 2.19787e+22	0.00e+00	7.86e-26	1.62e-19	3.87e-14	1.13e-08	1.83e-04	1.00e+00	0.00e+00	0.00e+00	0.00e+00	0.00e+00	0.00e+00	3.78e-94
 2.24377e+22	0.00e+00	1.13e-25	2.17e-19	4.83e-14	1.31e-08	1.96e-04	1.00e+00	0.00e+00	0.00e+00	0.00e+00	0.00e+00	0.00e+00	1.42e-93
 2.28950e+22	0.00e+00	1.49e-25	2.72e-19	5.75e-14	1.46e-08	2.07e-04	1.00e+00	0.00e+00	0.00e+00	0.00e+00	0.00e+00	0.00e+00	6.34e-93
 2.33500e+22	0.00e+00	2.13e-25	3.64e-19	7.18e-14	1.69e-08	2.22e-04	1.00e+00	0.00e+00	0.00e+00	0.00e+00	0.00e+00	0.00e+00	1.30e-92
 2.38122e+22	0.00e+00	2.84e-25	4.59e-19	8.58e-14	1.90e-08	2.35e-04	1.00e+00	0.00e+00	0.00e+00	0.00e+00	0.00e+00	0.00e+00	3.18e-92
 2.42151e+22	2.16e-33	3.75e-25	5.76e-19	1.02e-13	2.13e-08	2.48e-04	1.00e+00	0.00e+00	0.00e+00	0.00e+00	0.00e+00	0.00e+00	4.07e-92
 2.46701e+22	3.30e-33	5.36e-25	7.68e-19	1.27e-13	2.47e-08	2.66e-04	1.00e+00	0.00e+00	0.00e+00	0.00e+00	0.00e+00	0.00e+00	3.52e-92
 2.51312e+22	4.64e-33	7.13e-25	9.68e-19	1.52e-13	2.77e-08	2.81e-04	1.00e+00	0.00e+00	0.00e+00	0.00e+00	0.00e+00	0.00e+00	6.38e-91
 2.55004e+22	6.22e-33	9.11e-25	1.18e-18	1.77e-13	3.06e-08	2.95e-04	1.00e+00	0.00e+00	0.00e+00	0.00e+00	0.00e+00	0.00e+00	1.35e-90
 2.58257e+22	8.14e-33	1.14e-24	1.42e-18	2.04e-13	3.36e-08	3.09e-04	1.00e+00	0.00e+00	0.00e+00	0.00e+00	0.00e+00	0.00e+00	3.17e-90
 2.61938e+22	1.12e-32	1.50e-24	1.77e-18	2.42e-13	3.76e-08	3.25e-04	1.00e+00	0.00e+00	0.00e+00	0.00e+00	0.00e+00	0.00e+00	5.76e-90
 2.65891e+22	1.53e-32	1.95e-24	2.19e-18	2.85e-13	4.18e-08	3.43e-04	1.00e+00	0.00e+00	0.00e+00	0.00e+00	0.00e+00	0.00e+00	9.94e-90
 2.69429e+22	2.04e-32	2.48e-24	2.66e-18	3.31e-13	4.61e-08	3.59e-04	1.00e+00	0.00e+00	0.00e+00	0.00e+00	0.00e+00	0.00e+00	1.05e-89
 2.72749e+22	2.69e-32	3.12e-24	3.22e-18	3.83e-13	5.08e-08	3.76e-04	1.00e+00	0.00e+00	0.00e+00	0.00e+00	0.00e+00	0.00e+00	5.53e-89
 2.76556e+22	3.78e-32	4.16e-24	4.07e-18	4.59e-13	5.72e-08	3.98e-04	1.00e+00	0.00e+00	0.00e+00	0.00e+00	0.00e+00	0.00e+00	8.83e-89
 2.80503e+22	5.13e-32	5.37e-24	5.00e-18	5.38e-13	6.35e-08	4.18e-04	1.00e+00	0.00e+00	0.00e+00	0.00e+00	0.00e+00	0.00e+00	9.27e-89
 2.83957e+22	6.77e-32	6.79e-24	6.05e-18	6.23e-13	6.99e-08	4.38e-04	1.00e+00	0.00e+00	0.00e+00	0.00e+00	0.00e+00	0.00e+00	3.30e-88
 2.87773e+22	9.54e-32	9.06e-24	7.65e-18	7.48e-13	7.87e-08	4.63e-04	1.00e+00	0.00e+00	0.00e+00	0.00e+00	0.00e+00	0.00e+00	5.10e-88
 2.91417e+22	1.24e-31	1.13e-23	9.14e-18	8.57e-13	8.61e-08	4.84e-04	1.00e+00	0.00e+00	0.00e+00	0.00e+00	0.00e+00	0.00e+00	2.67e-87
 2.94294e+22	1.57e-31	1.37e-23	1.07e-17	9.70e-13	9.34e-08	5.03e-04	9.99e-01	0.00e+00	0.00e+00	0.00e+00	0.00e+00	0.00e+00	4.11e-87
 2.97490e+22	2.06e-31	1.73e-23	1.29e-17	1.12e-12	1.03e-07	5.26e-04	9.99e-01	0.00e+00	0.00e+00	0.00e+00	0.00e+00	0.00e+00	4.25e-87
 3.00937e+22	2.68e-31	2.16e-23	1.55e-17	1.29e-12	1.13e-07	5.50e-04	9.99e-01	0.00e+00	0.00e+00	0.00e+00	0.00e+00	0.00e+00	1.50e-86
 3.04132e+22	3.49e-31	2.69e-23	1.86e-17	1.49e-12	1.24e-07	5.74e-04	9.99e-01	0.00e+00	0.00e+00	0.00e+00	0.00e+00	0.00e+00	1.01e-86
 3.07127e+22	4.44e-31	3.30e-23	2.19e-17	1.69e-12	1.34e-07	5.98e-04	9.99e-01	0.00e+00	0.00e+00	0.00e+00	0.00e+00	0.00e+00	6.25e-86
 3.10439e+22	5.90e-31	4.19e-23	2.66e-17	1.97e-12	1.48e-07	6.26e-04	9.99e-01	0.00e+00	0.00e+00	0.00e+00	0.00e+00	0.00e+00	4.16e-86
 3.13947e+22	7.77e-31	5.29e-23	3.21e-17	2.27e-12	1.63e-07	6.55e-04	9.99e-01	0.00e+00	0.00e+00	0.00e+00	0.00e+00	0.00e+00	1.10e-85
 3.17052e+22	9.97e-31	6.52e-23	3.81e-17	2.59e-12	1.78e-07	6.83e-04	9.99e-01	0.00e+00	0.00e+00	0.00e+00	0.00e+00	0.00e+00	2.98e-85
 3.19954e+22	1.27e-30	7.97e-23	4.48e-17	2.94e-12	1.93e-07	7.11e-04	9.99e-01	0.00e+00	0.00e+00	0.00e+00	0.00e+00	0.00e+00	5.27e-85
 3.22675e+22	1.56e-30	9.51e-23	5.18e-17	3.29e-12	2.08e-07	7.36e-04	9.99e-01	0.00e+00	0.00e+00	0.00e+00	0.00e+00	0.00e+00	2.57e-85
 3.25636e+22	2.01e-30	1.18e-22	6.16e-17	3.77e-12	2.28e-07	7.67e-04	9.99e-01	0.00e+00	0.00e+00	0.00e+00	0.00e+00	0.00e+00	1.18e-84
 3.28758e+22	2.56e-30	1.44e-22	7.26e-17	4.28e-12	2.48e-07	7.99e-04	9.99e-01	0.00e+00	0.00e+00	0.00e+00	0.00e+00	0.00e+00	1.98e-84
 3.31502e+22	3.19e-30	1.73e-22	8.43e-17	4.80e-12	2.67e-07	8.28e-04	9.99e-01	0.00e+00	0.00e+00	0.00e+00	0.00e+00	0.00e+00	6.18e-84
 3.34483e+22	4.13e-30	2.16e-22	1.01e-16	5.52e-12	2.93e-07	8.65e-04	9.99e-01	0.00e+00	0.00e+00	0.00e+00	0.00e+00	0.00e+00	8.30e-84
 3.37557e+22	5.24e-30	2.63e-22	1.18e-16	6.24e-12	3.18e-07	8.99e-04	9.99e-01	0.00e+00	0.00e+00	0.00e+00	0.00e+00	0.00e+00	1.14e-83
 3.40202e+22	6.47e-30	3.14e-22	1.37e-16	6.98e-12	3.42e-07	9.32e-04	9.99e-01	0.00e+00	0.00e+00	0.00e+00	0.00e+00	0.00e+00	4.78e-83
 3.43090e+22	8.29e-30	3.87e-22	1.62e-16	7.98e-12	3.74e-07	9.71e-04	9.99e-01	0.00e+00	0.00e+00	0.00e+00	0.00e+00	0.00e+00	7.44e-83
 3.46171e+22	1.05e-29	4.73e-22	1.91e-16	9.05e-12	4.06e-07	1.01e-03	9.99e-01	0.00e+00	0.00e+00	0.00e+00	0.00e+00	0.00e+00	1.08e-82
 3.48952e+22	1.32e-29	5.70e-22	2.22e-16	1.02e-11	4.39e-07	1.05e-03	9.99e-01	0.00e+00	0.00e+00	0.00e+00	0.00e+00	0.00e+00	1.06e-82
 3.51445e+22	1.60e-29	6.73e-22	2.54e-16	1.13e-11	4.70e-07	1.08e-03	9.99e-01	0.00e+00	0.00e+00	0.00e+00	0.00e+00	0.00e+00	4.57e-82
 3.53762e+22	1.93e-29	7.86e-22	2.88e-16	1.25e-11	5.02e-07	1.12e-03	9.99e-01	0.00e+00	0.00e+00	0.00e+00	0.00e+00	0.00e+00	6.22e-82
 3.56421e+22	2.41e-29	9.48e-22	3.36e-16	1.41e-11	5.43e-07	1.16e-03	9.99e-01	0.00e+00	0.00e+00	0.00e+00	0.00e+00	0.00e+00	1.05e-81
 3.59285e+22	3.01e-29	1.14e-21	3.91e-16	1.58e-11	5.87e-07	1.20e-03	9.99e-01	0.00e+00	0.00e+00	0.00e+00	0.00e+00	0.00e+00	1.47e-81
 3.61874e+22	3.70e-29	1.36e-21	4.50e-16	1.76e-11	6.31e-07	1.25e-03	9.99e-01	0.00e+00	0.00e+00	0.00e+00	0.00e+00	0.00e+00	3.06e-81
 3.64327e+22	4.53e-29	1.61e-21	5.15e-16	1.96e-11	6.77e-07	1.29e-03	9.99e-01	0.00e+00	0.00e+00	0.00e+00	0.00e+00	0.00e+00	5.95e-81
 3.66743e+22	5.49e-29	1.89e-21	5.88e-16	2.17e-11	7.25e-07	1.33e-03	9.99e-01	0.00e+00	0.00e+00	0.00e+00	0.00e+00	0.00e+00	1.77e-80
 3.69479e+22	6.91e-29	2.29e-21	6.88e-16	2.45e-11	7.87e-07	1.38e-03	9.99e-01	0.00e+00	0.00e+00	0.00e+00	0.00e+00	0.00e+00	3.13e-80
 3.72351e+22	8.64e-29	2.76e-21	8.00e-16	2.76e-11	8.50e-07	1.44e-03	9.99e-01	0.00e+00	0.00e+00	0.00e+00	0.00e+00	0.00e+00	5.46e-80
 3.74849e+22	1.05e-28	3.26e-21	9.15e-16	3.06e-11	9.11e-07	1.49e-03	9.99e-01	0.00e+00	0.00e+00	0.00e+00	0.00e+00	0.00e+00	8.92e-80
 3.77545e+22	1.33e-28	3.96e-21	1.07e-15	3.46e-11	9.89e-07	1.55e-03	9.98e-01	0.00e+00	0.00e+00	0.00e+00	0.00e+00	0.00e+00	1.59e-79
 3.80413e+22	1.66e-28	4.77e-21	1.25e-15	3.89e-11	1.07e-06	1.60e-03	9.98e-01	0.00e+00	0.00e+00	0.00e+00	0.00e+00	0.00e+00	2.76e-79
 3.82871e+22	2.01e-28	5.60e-21	1.42e-15	4.29e-11	1.14e-06	1.66e-03	9.98e-01	0.00e+00	0.00e+00	0.00e+00	0.00e+00	0.00e+00	4.44e-79
 3.85089e+22	2.39e-28	6.48e-21	1.60e-15	4.71e-11	1.22e-06	1.71e-03	9.98e-01	0.00e+00	0.00e+00	0.00e+00	0.00e+00	0.00e+00	6.86e-79
 3.87627e+22	2.96e-28	7.76e-21	1.85e-15	5.28e-11	1.31e-06	1.77e-03	9.98e-01	0.00e+00	0.00e+00	0.00e+00	0.00e+00	0.00e+00	1.17e-78
 3.90375e+22	3.68e-28	9.28e-21	2.13e-15	5.90e-11	1.41e-06	1.84e-03	9.98e-01	0.00e+00	0.00e+00	0.00e+00	0.00e+00	0.00e+00	1.99e-78
 3.92892e+22	4.49e-28	1.10e-20	2.44e-15	6.55e-11	1.52e-06	1.90e-03	9.98e-01	0.00e+00	0.00e+00	0.00e+00	0.00e+00	0.00e+00	3.28e-78
 3.95659e+22	5.69e-28	1.34e-20	2.87e-15	7.43e-11	1.65e-06	1.98e-03	9.98e-01	0.00e+00	0.00e+00	0.00e+00	0.00e+00	0.00e+00	5.93e-78
 3.98422e+22	7.02e-28	1.59e-20	3.30e-15	8.26e-11	1.78e-06	2.05e-03	9.98e-01	0.00e+00	0.00e+00	0.00e+00	0.00e+00	0.00e+00	1.00e-77
 4.00682e+22	8.41e-28	1.85e-20	3.72e-15	9.07e-11	1.89e-06	2.12e-03	9.98e-01	0.00e+00	0.00e+00	0.00e+00	0.00e+00	0.00e+00	1.56e-77
 4.03121e+22	1.04e-27	2.20e-20	4.28e-15	1.01e-10	2.04e-06	2.19e-03	9.98e-01	0.00e+00	0.00e+00	0.00e+00	0.00e+00	0.00e+00	2.63e-77
 4.05783e+22	1.28e-27	2.62e-20	4.92e-15	1.13e-10	2.19e-06	2.27e-03	9.98e-01	0.00e+00	0.00e+00	0.00e+00	0.00e+00	0.00e+00	4.45e-77
 4.08260e+22	1.55e-27	3.07e-20	5.60e-15	1.24e-10	2.34e-06	2.35e-03	9.98e-01	0.00e+00	0.00e+00	0.00e+00	0.00e+00	0.00e+00	7.21e-77
 4.11003e+22	1.96e-27	3.74e-20	6.55e-15	1.41e-10	2.55e-06	2.45e-03	9.98e-01	0.00e+00	0.00e+00	0.00e+00	0.00e+00	0.00e+00	1.30e-76
 4.13742e+22	2.42e-27	4.45e-20	7.52e-15	1.56e-10	2.74e-06	2.54e-03	9.97e-01	0.00e+00	0.00e+00	0.00e+00	0.00e+00	0.00e+00	2.21e-76
 4.15968e+22	2.89e-27	5.14e-20	8.45e-15	1.71e-10	2.91e-06	2.62e-03	9.97e-01	0.00e+00	0.00e+00	0.00e+00	0.00e+00	0.00e+00	3.41e-76
 4.18356e+22	3.56e-27	6.11e-20	9.71e-15	1.90e-10	3.13e-06	2.71e-03	9.97e-01	0.00e+00	0.00e+00	0.00e+00	0.00e+00	0.00e+00	5.79e-76
 4.20935e+22	4.35e-27	7.20e-20	1.11e-14	2.10e-10	3.35e-06	2.81e-03	9.97e-01	0.00e+00	0.00e+00	0.00e+00	0.00e+00	0.00e+00	9.55e-76
 4.23367e+22	5.29e-27	8.47e-20	1.26e-14	2.31e-10	3.59e-06	2.91e-03	9.97e-01	0.00e+00	0.00e+00	0.00e+00	0.00e+00	0.00e+00	1.56e-75
 4.26132e+22	6.86e-27	1.05e-19	1.49e-14	2.63e-10	3.92e-06	3.05e-03	9.97e-01	0.00e+00	0.00e+00	0.00e+00	0.00e+00	0.00e+00	3.00e-75
 4.28749e+22	8.24e-27	1.22e-19	1.68e-14	2.87e-10	4.17e-06	3.15e-03	9.97e-01	0.00e+00	0.00e+00	0.00e+00	0.00e+00	0.00e+00	4.77e-75
 4.31172e+22	1.02e-26	1.45e-19	1.92e-14	3.19e-10	4.49e-06	3.27e-03	9.97e-01	0.00e+00	0.00e+00	0.00e+00	0.00e+00	0.00e+00	8.14e-75
 4.33742e+22	1.25e-26	1.71e-19	2.20e-14	3.52e-10	4.81e-06	3.39e-03	9.97e-01	0.00e+00	0.00e+00	0.00e+00	0.00e+00	0.00e+00	1.38e-74
 4.36035e+22	1.50e-26	1.99e-19	2.47e-14	3.84e-10	5.12e-06	3.50e-03	9.96e-01	0.00e+00	0.00e+00	0.00e+00	0.00e+00	0.00e+00	2.17e-74
 4.38543e+22	1.88e-26	2.39e-19	2.85e-14	4.27e-10	5.52e-06	3.64e-03	9.96e-01	0.00e+00	0.00e+00	0.00e+00	0.00e+00	0.00e+00	3.86e-74
 4.41169e+22	2.32e-26	2.83e-19	3.25e-14	4.71e-10	5.92e-06	3.78e-03	9.96e-01	0.00e+00	0.00e+00	0.00e+00	0.00e+00	0.00e+00	6.56e-74
 4.43420e+22	2.79e-26	3.29e-19	3.65e-14	5.13e-10	6.30e-06	3.92e-03	9.96e-01	0.00e+00	0.00e+00	0.00e+00	0.00e+00	0.00e+00	1.06e-73
 4.45466e+22	3.32e-26	3.78e-19	4.07e-14	5.56e-10	6.67e-06	4.04e-03	9.96e-01	0.00e+00	0.00e+00	0.00e+00	0.00e+00	0.00e+00	1.63e-73
 4.47776e+22	4.08e-26	4.47e-19	4.63e-14	6.11e-10	7.14e-06	4.19e-03	9.96e-01	0.00e+00	0.00e+00	0.00e+00	0.00e+00	0.00e+00	2.79e-73
 4.50240e+22	4.98e-26	5.25e-19	5.24e-14	6.69e-10	7.63e-06	4.35e-03	9.96e-01	0.00e+00	0.00e+00	0.00e+00	0.00e+00	0.00e+00	4.66e-73
 4.52487e+22	6.05e-26	6.13e-19	5.91e-14	7.29e-10	8.12e-06	4.51e-03	9.95e-01	0.00e+00	0.00e+00	0.00e+00	0.00e+00	0.00e+00	7.65e-73
 4.54647e+22	7.31e-26	7.13e-19	6.63e-14	7.92e-10	8.63e-06	4.67e-03	9.95e-01	0.00e+00	0.00e+00	0.00e+00	0.00e+00	0.00e+00	1.25e-72
 4.56716e+22	8.69e-26	8.19e-19	7.37e-14	8.54e-10	9.13e-06	4.82e-03	9.95e-01	0.00e+00	0.00e+00	0.00e+00	0.00e+00	0.00e+00	1.95e-72
 4.59008e+22	1.08e-25	9.75e-19	8.42e-14	9.39e-10	9.80e-06	5.02e-03	9.95e-01	0.00e+00	0.00e+00	0.00e+00	0.00e+00	0.00e+00	3.43e-72
 4.61356e+22	1.31e-25	1.14e-18	9.45e-14	1.02e-09	1.04e-05	5.20e-03	9.95e-01	0.00e+00	0.00e+00	0.00e+00	0.00e+00	0.00e+00	5.65e-72
 4.63398e+22	1.57e-25	1.31e-18	1.05e-13	1.10e-09	1.10e-05	5.38e-03	9.95e-01	0.00e+00	0.00e+00	0.00e+00	0.00e+00	0.00e+00	9.04e-72
 4.65674e+22	1.96e-25	1.56e-18	1.20e-13	1.20e-09	1.18e-05	5.61e-03	9.94e-01	0.00e+00	0.00e+00	0.00e+00	0.00e+00	0.00e+00	1.61e-71
 4.68018e+22	2.37e-25	1.82e-18	1.35e-13	1.30e-09	1.26e-05	5.81e-03	9.94e-01	0.00e+00	0.00e+00	0.00e+00	0.00e+00	0.00e+00	2.65e-71
 4.70044e+22	2.84e-25	2.09e-18	1.50e-13	1.40e-09	1.33e-05	6.01e-03	9.94e-01	0.00e+00	0.00e+00	0.00e+00	0.00e+00	0.00e+00	4.27e-71
 4.71951e+22	3.35e-25	2.39e-18	1.65e-13	1.50e-09	1.40e-05	6.20e-03	9.94e-01	0.00e+00	0.00e+00	0.00e+00	0.00e+00	0.00e+00	6.60e-71
 4.74105e+22	4.15e-25	2.82e-18	1.87e-13	1.63e-09	1.49e-05	6.46e-03	9.94e-01	0.00e+00	0.00e+00	0.00e+00	0.00e+00	0.00e+00	1.16e-70
 4.76327e+22	5.01e-25	3.27e-18	2.08e-13	1.76e-09	1.58e-05	6.70e-03	9.93e-01	0.00e+00	0.00e+00	0.00e+00	0.00e+00	0.00e+00	1.92e-70
 4.78277e+22	5.96e-25	3.75e-18	2.31e-13	1.88e-09	1.67e-05	6.92e-03	9.93e-01	0.00e+00	0.00e+00	0.00e+00	0.00e+00	0.00e+00	3.03e-70
 4.80451e+22	7.42e-25	4.45e-18	2.62e-13	2.05e-09	1.79e-05	7.22e-03	9.93e-01	0.00e+00	0.00e+00	0.00e+00	0.00e+00	0.00e+00	5.44e-70
 4.82619e+22	8.90e-25	5.13e-18	2.91e-13	2.19e-09	1.89e-05	7.48e-03	9.93e-01	0.00e+00	0.00e+00	0.00e+00	0.00e+00	0.00e+00	8.84e-70
 4.84455e+22	1.05e-24	5.83e-18	3.20e-13	2.34e-09	1.99e-05	7.71e-03	9.92e-01	0.00e+00	0.00e+00	0.00e+00	0.00e+00	0.00e+00	1.37e-69
 4.86520e+22	1.30e-24	6.88e-18	3.60e-13	2.53e-09	2.12e-05	8.03e-03	9.92e-01	0.00e+00	0.00e+00	0.00e+00	0.00e+00	0.00e+00	2.42e-69
 4.88633e+22	1.55e-24	7.92e-18	3.99e-13	2.71e-09	2.24e-05	8.32e-03	9.92e-01	0.00e+00	0.00e+00	0.00e+00	0.00e+00	0.00e+00	3.94e-69
 4.90490e+22	1.85e-24	9.05e-18	4.40e-13	2.89e-09	2.36e-05	8.60e-03	9.91e-01	0.00e+00	0.00e+00	0.00e+00	0.00e+00	0.00e+00	6.26e-69
 4.92587e+22	2.29e-24	1.07e-17	4.97e-13	3.13e-09	2.52e-05	8.97e-03	9.91e-01	0.00e+00	0.00e+00	0.00e+00	0.00e+00	0.00e+00	1.12e-68
 4.94743e+22	2.76e-24	1.24e-17	5.53e-13	3.35e-09	2.66e-05	9.30e-03	9.91e-01	0.00e+00	0.00e+00	0.00e+00	0.00e+00	0.00e+00	1.87e-68
 4.96644e+22	3.31e-24	1.42e-17	6.12e-13	3.57e-09	2.81e-05	9.64e-03	9.90e-01	0.00e+00	0.00e+00	0.00e+00	0.00e+00	0.00e+00	3.06e-68
 4.98474e+22	3.94e-24	1.63e-17	6.74e-13	3.80e-09	2.96e-05	9.96e-03	9.90e-01	0.00e+00	0.00e+00	0.00e+00	0.00e+00	0.00e+00	4.90e-68
 5.00547e+22	4.91e-24	1.93e-17	7.62e-13	4.10e-09	3.16e-05	1.04e-02	9.90e-01	0.00e+00	0.00e+00	0.00e+00	0.00e+00	0.00e+00	8.92e-68
 5.02677e+22	5.90e-24	2.22e-17	8.44e-13	4.38e-09	3.34e-05	1.08e-02	9.89e-01	0.00e+00	0.00e+00	0.00e+00	0.00e+00	0.00e+00	1.47e-67
 5.04880e+22	7.44e-24	2.66e-17	9.61e-13	4.76e-09	3.58e-05	1.13e-02	9.89e-01	0.00e+00	0.00e+00	0.00e+00	0.00e+00	0.00e+00	2.79e-67
 5.07126e+22	9.13e-24	3.11e-17	1.08e-12	5.10e-09	3.81e-05	1.17e-02	9.88e-01	0.00e+00	0.00e+00	0.00e+00	0.00e+00	0.00e+00	4.90e-67
 5.08996e+22	1.08e-23	3.55e-17	1.18e-12	5.41e-09	4.01e-05	1.21e-02	9.88e-01	0.00e+00	0.00e+00	0.00e+00	0.00e+00	0.00e+00	7.86e-67
 5.10998e+22	1.35e-23	4.20e-17	1.33e-12	5.84e-09	4.28e-05	1.27e-02	9.87e-01	0.00e+00	0.00e+00	0.00e+00	0.00e+00	0.00e+00	1.44e-66
 5.13024e+22	1.62e-23	4.84e-17	1.48e-12	6.20e-09	4.52e-05	1.31e-02	9.87e-01	0.00e+00	0.00e+00	0.00e+00	4.84e-17	5.26e-26	2.40e-66
 5.14789e+22	1.93e-23	5.52e-17	1.62e-12	6.59e-09	4.76e-05	1.36e-02	9.86e-01	0.00e+00	0.00e+00	0.00e+00	5.52e-17	6.62e-24	3.83e-66
 5.16449e+22	2.27e-23	6.27e-17	1.77e-12	6.94e-09	4.99e-05	1.40e-02	9.86e-01	0.00e+00	0.00e+00	0.00e+00	6.27e-17	7.51e-24	6.10e-66
 5.17982e+22	2.65e-23	7.05e-17	1.93e-12	7.30e-09	5.23e-05	1.44e-02	9.86e-01	0.00e+00	0.00e+00	0.00e+00	7.05e-17	8.45e-24	9.34e-66
 5.19384e+22	3.05e-23	7.85e-17	2.08e-12	7.64e-09	5.45e-05	1.48e-02	9.85e-01	0.00e+00	0.00e+00	0.00e+00	7.85e-17	9.41e-24	1.38e-65
 5.20692e+22	3.50e-23	8.72e-17	2.24e-12	7.99e-09	5.67e-05	1.52e-02	9.85e-01	0.00e+00	0.00e+00	0.00e+00	8.72e-17	1.05e-23	2.03e-65
 5.22184e+22	4.16e-23	9.95e-17	2.47e-12	8.45e-09	5.97e-05	1.57e-02	9.84e-01	0.00e+00	0.00e+00	0.00e+00	9.95e-17	1.19e-23	3.28e-65
 5.23640e+22	4.77e-23	1.10e-16	2.65e-12	8.83e-09	6.21e-05	1.61e-02	9.84e-01	0.00e+00	0.00e+00	0.00e+00	1.10e-16	1.32e-23	4.79e-65
 5.24845e+22	5.45e-23	1.22e-16	2.85e-12	9.20e-09	6.46e-05	1.65e-02	9.83e-01	0.00e+00	0.00e+00	0.00e+00	1.22e-16	1.47e-23	6.94e-65
 5.26028e+22	6.20e-23	1.35e-16	3.06e-12	9.59e-09	6.71e-05	1.70e-02	9.83e-01	0.00e+00	0.00e+00	0.00e+00	1.35e-16	1.62e-23	9.94e-65
 5.27180e+22	7.00e-23	1.48e-16	3.27e-12	9.97e-09	6.95e-05	1.74e-02	9.83e-01	0.00e+00	0.00e+00	0.00e+00	1.48e-16	1.78e-23	1.39e-64
 5.28471e+22	8.19e-23	1.67e-16	3.56e-12	1.05e-08	7.28e-05	1.79e-02	9.82e-01	0.00e+00	0.00e+00	0.00e+00	1.67e-16	2.01e-23	2.16e-64
 5.29772e+22	9.33e-23	1.85e-16	3.82e-12	1.09e-08	7.57e-05	1.83e-02	9.82e-01	0.00e+00	0.00e+00	0.00e+00	1.85e-16	2.22e-23	3.10e-64
 5.30904e+22	1.06e-22	2.04e-16	4.10e-12	1.14e-08	7.86e-05	1.88e-02	9.81e-01	0.00e+00	0.00e+00	0.00e+00	2.04e-16	2.45e-23	4.43e-64
 5.32193e+22	1.26e-22	2.33e-16	4.50e-12	1.20e-08	8.27e-05	1.94e-02	9.81e-01	0.00e+00	0.00e+00	0.00e+00	2.33e-16	2.80e-23	7.22e-64
 5.33459e+22	1.44e-22	2.57e-16	4.83e-12	1.25e-08	8.59e-05	1.98e-02	9.80e-01	0.00e+00	0.00e+00	0.00e+00	2.57e-16	3.09e-23	1.03e-63
 5.34499e+22	1.63e-22	2.83e-16	5.17e-12	1.30e-08	8.91e-05	2.03e-02	9.80e-01	0.00e+00	0.00e+00	0.00e+00	2.83e-16	3.40e-23	1.46e-63
 5.35483e+22	1.84e-22	3.11e-16	5.52e-12	1.35e-08	9.23e-05	2.07e-02	9.79e-01	0.00e+00	0.00e+00	0.00e+00	3.11e-16	3.74e-23	2.05e-63
 5.36593e+22	2.14e-22	3.49e-16	6.00e-12	1.42e-08	9.64e-05	2.13e-02	9.79e-01	0.00e+00	0.00e+00	0.00e+00	3.49e-16	4.20e-23	3.11e-63
 5.37733e+22	2.46e-22	3.88e-16	6.47e-12	1.48e-08	1.00e-04	2.19e-02	9.78e-01	0.00e+00	0.00e+00	0.00e+00	3.88e-16	4.67e-23	4.55e-63
 5.38725e+22	2.79e-22	4.27e-16	6.92e-12	1.54e-08	1.04e-04	2.23e-02	9.78e-01	0.00e+00	0.00e+00	0.00e+00	4.27e-16	5.14e-23	6.40e-63
 5.39827e+22	3.28e-22	4.85e-16	7.58e-12	1.62e-08	1.09e-04	2.30e-02	9.77e-01	0.00e+00	0.00e+00	0.00e+00	4.85e-16	5.84e-23	1.00e-62
 5.40952e+22	3.79e-22	5.42e-16	8.20e-12	1.69e-08	1.14e-04	2.36e-02	9.76e-01	0.00e+00	0.00e+00	0.00e+00	5.42e-16	6.53e-23	1.48e-62
 5.41941e+22	4.35e-22	6.03e-16	8.84e-12	1.77e-08	1.18e-04	2.41e-02	9.76e-01	0.00e+00	0.00e+00	0.00e+00	6.03e-16	7.25e-23	2.15e-62
 5.43056e+22	5.21e-22	6.94e-16	9.79e-12	1.88e-08	1.25e-04	2.49e-02	9.75e-01	0.00e+00	0.00e+00	0.00e+00	6.94e-16	8.36e-23	3.51e-62
 5.44184e+22	6.05e-22	7.80e-16	1.06e-11	1.97e-08	1.30e-04	2.55e-02	9.74e-01	0.00e+00	0.00e+00	0.00e+00	7.80e-16	9.39e-23	5.25e-62
 5.45149e+22	6.95e-22	8.68e-16	1.15e-11	2.06e-08	1.35e-04	2.61e-02	9.74e-01	0.00e+00	0.00e+00	0.00e+00	8.68e-16	1.05e-22	7.58e-62
 5.46221e+22	8.49e-22	1.02e-15	1.29e-11	2.20e-08	1.43e-04	2.70e-02	9.73e-01	0.00e+00	0.00e+00	0.00e+00	1.02e-15	1.22e-22	1.29e-61
 5.47276e+22	9.76e-22	1.13e-15	1.39e-11	2.30e-08	1.49e-04	2.76e-02	9.72e-01	0.00e+00	0.00e+00	0.00e+00	1.13e-15	1.36e-22	1.86e-61
 5.48310e+22	1.19e-21	1.33e-15	1.56e-11	2.46e-08	1.58e-04	2.85e-02	9.71e-01	0.00e+00	0.00e+00	0.00e+00	1.33e-15	1.60e-22	3.16e-61
 5.49323e+22	1.37e-21	1.48e-15	1.69e-11	2.58e-08	1.64e-04	2.91e-02	9.71e-01	0.00e+00	0.00e+00	0.00e+00	1.48e-15	1.78e-22	4.54e-61
 5.50307e+22	1.69e-21	1.74e-15	1.91e-11	2.77e-08	1.74e-04	3.00e-02	9.70e-01	0.00e+00	0.00e+00	0.00e+00	1.74e-15	2.10e-22	7.72e-61
 5.51293e+22	1.95e-21	1.96e-15	2.08e-11	2.92e-08	1.81e-04	3.07e-02	9.69e-01	0.00e+00	0.00e+00	0.00e+00	1.96e-15	2.36e-22	1.13e-60
 5.52279e+22	2.43e-21	2.33e-15	2.36e-11	3.15e-08	1.92e-04	3.17e-02	9.68e-01	0.00e+00	0.00e+00	0.00e+00	2.33e-15	2.81e-22	1.96e-60
 5.53269e+22	2.85e-21	2.64e-15	2.60e-11	3.33e-08	2.01e-04	3.25e-02	9.67e-01	0.00e+00	0.00e+00	0.00e+00	2.64e-15	3.19e-22	2.94e-60
 5.54265e+22	3.60e-21	3.19e-15	2.98e-11	3.63e-08	2.14e-04	3.36e-02	9.66e-01	0.00e+00	0.00e+00	0.00e+00	3.19e-15	3.85e-22	5.27e-60
 5.55269e+22	4.26e-21	3.65e-15	3.30e-11	3.86e-08	2.24e-04	3.44e-02	9.65e-01	0.00e+00	0.00e+00	0.00e+00	3.65e-15	4.41e-22	8.02e-60
 5.56281e+22	5.40e-21	4.42e-15	3.81e-11	4.22e-08	2.39e-04	3.56e-02	9.64e-01	0.00e+00	0.00e+00	0.00e+00	4.42e-15	5.34e-22	1.44e-59
 5.57286e+22	6.49e-21	5.11e-15	4.25e-11	4.52e-08	2.52e-04	3.65e-02	9.63e-01	0.00e+00	0.00e+00	0.00e+00	5.11e-15	6.18e-22	2.25e-59
 5.58281e+22	8.28e-21	6.23e-15	4.94e-11	4.97e-08	2.69e-04	3.78e-02	9.62e-01	0.00e+00	0.00e+00	0.00e+00	6.23e-15	7.54e-22	4.07e-59
 5.59294e+22	1.01e-20	7.32e-15	5.58e-11	5.37e-08	2.84e-04	3.88e-02	9.61e-01	0.00e+00	0.00e+00	0.00e+00	7.32e-15	8.85e-22	6.56e-59
 5.60332e+22	1.32e-20	9.08e-15	6.57e-11	5.95e-08	3.04e-04	4.02e-02	9.59e-01	0.00e+00	0.00e+00	0.00e+00	9.08e-15	1.10e-21	1.24e-58
 5.61376e+22	1.62e-20	1.07e-14	7.48e-11	6.47e-08	3.22e-04	4.13e-02	9.58e-01	0.00e+00	0.00e+00	0.00e+00	1.07e-14	1.30e-21	2.02e-58
 5.62428e+22	2.14e-20	1.35e-14	8.89e-11	7.23e-08	3.46e-04	4.29e-02	9.57e-01	0.00e+00	0.00e+00	0.00e+00	1.35e-14	1.63e-21	3.88e-58
 5.63487e+22	2.64e-20	1.60e-14	1.02e-10	7.88e-08	3.67e-04	4.41e-02	9.56e-01	0.00e+00	0.00e+00	0.00e+00	1.60e-14	1.94e-21	6.39e-58
 5.64406e+22	3.27e-20	1.91e-14	1.16e-10	8.60e-08	3.88e-04	4.54e-02	9.54e-01	0.00e+00	0.00e+00	0.00e+00	1.91e-14	2.32e-21	1.05e-57
 5.65451e+22	4.35e-20	2.41e-14	1.39e-10	9.67e-08	4.18e-04	4.70e-02	9.53e-01	0.00e+00	0.00e+00	0.00e+00	2.41e-14	2.93e-21	2.03e-57
 5.66484e+22	5.30e-20	2.84e-14	1.58e-10	1.05e-07	4.41e-04	4.83e-02	9.51e-01	0.00e+00	0.00e+00	0.00e+00	2.84e-14	3.45e-21	3.21e-57
 5.67503e+22	6.92e-20	3.54e-14	1.87e-10	1.17e-07	4.73e-04	5.00e-02	9.50e-01	0.00e+00	0.00e+00	0.00e+00	3.54e-14	4.29e-21	5.91e-57
 5.68553e+22	8.61e-20	4.24e-14	2.15e-10	1.29e-07	5.02e-04	5.14e-02	9.48e-01	0.00e+00	0.00e+00	0.00e+00	4.24e-14	5.14e-21	9.75e-57
 5.69642e+22	1.14e-19	5.34e-14	2.57e-10	1.45e-07	5.40e-04	5.33e-02	9.46e-01	0.00e+00	0.00e+00	0.00e+00	5.34e-14	6.48e-21	1.84e-56
 5.70752e+22	1.42e-19	6.41e-14	2.97e-10	1.59e-07	5.73e-04	5.48e-02	9.45e-01	0.00e+00	0.00e+00	0.00e+00	6.41e-14	7.78e-21	3.05e-56
 5.71888e+22	1.89e-19	8.12e-14	3.57e-10	1.80e-07	6.19e-04	5.69e-02	9.43e-01	0.00e+00	0.00e+00	0.00e+00	8.12e-14	9.86e-21	5.83e-56
 5.73047e+22	2.36e-19	9.75e-14	4.12e-10	1.98e-07	6.57e-04	5.85e-02	9.41e-01	0.00e+00	0.00e+00	0.00e+00	9.75e-14	1.19e-20	9.62e-56
 5.74237e+22	3.14e-19	1.24e-13	4.96e-10	2.24e-07	7.10e-04	6.07e-02	9.39e-01	0.00e+00	0.00e+00	0.00e+00	1.24e-13	1.50e-20	1.84e-55
 5.75447e+22	3.92e-19	1.49e-13	5.73e-10	2.47e-07	7.54e-04	6.25e-02	9.37e-01	0.00e+00	0.00e+00	0.00e+00	1.49e-13	1.81e-20	3.03e-55
 5.76683e+22	5.23e-19	1.89e-13	6.90e-10	2.80e-07	8.15e-04	6.49e-02	9.34e-01	0.00e+00	0.00e+00	0.00e+00	1.89e-13	2.30e-20	5.77e-55
 5.77926e+22	6.48e-19	2.26e-13	7.94e-10	3.08e-07	8.65e-04	6.67e-02	9.32e-01	0.00e+00	0.00e+00	0.00e+00	2.26e-13	2.75e-20	9.35e-55
 5.79179e+22	8.58e-19	2.85e-13	9.53e-10	3.49e-07	9.34e-04	6.92e-02	9.30e-01	0.00e+00	0.00e+00	0.00e+00	2.85e-13	3.47e-20	1.75e-54
 5.80393e+22	1.03e-18	3.32e-13	1.08e-09	3.79e-07	9.83e-04	7.10e-02	9.28e-01	0.00e+00	0.00e+00	0.00e+00	3.32e-13	4.05e-20	2.67e-54
 5.81558e+22	1.33e-18	4.10e-13	1.27e-09	4.23e-07	1.05e-03	7.34e-02	9.26e-01	0.00e+00	0.00e+00	0.00e+00	4.10e-13	5.00e-20	4.67e-54
 5.82752e+22	1.60e-18	4.81e-13	1.44e-09	4.61e-07	1.11e-03	7.53e-02	9.24e-01	0.00e+00	0.00e+00	0.00e+00	4.81e-13	5.87e-20	7.17e-54
 5.83984e+22	2.08e-18	5.97e-13	1.71e-09	5.18e-07	1.20e-03	7.79e-02	9.21e-01	0.00e+00	0.00e+00	0.00e+00	5.97e-13	7.29e-20	1.28e-53
 5.85232e+22	2.50e-18	6.97e-13	1.93e-09	5.64e-07	1.26e-03	7.99e-02	9.19e-01	0.00e+00	0.00e+00	0.00e+00	6.97e-13	8.52e-20	1.94e-53
 5.86499e+22	3.20e-18	8.58e-13	2.27e-09	6.31e-07	1.35e-03	8.26e-02	9.16e-01	0.00e+00	0.00e+00	0.00e+00	8.58e-13	1.05e-19	3.38e-53
 5.87756e+22	3.85e-18	1.00e-12	2.57e-09	6.86e-07	1.42e-03	8.46e-02	9.14e-01	0.00e+00	0.00e+00	0.00e+00	1.00e-12	1.22e-19	5.11e-53
 5.89000e+22	4.92e-18	1.23e-12	3.02e-09	7.66e-07	1.53e-03	8.74e-02	9.11e-01	0.00e+00	0.00e+00	0.00e+00	1.23e-12	1.50e-19	8.79e-53
 5.90257e+22	5.84e-18	1.42e-12	3.38e-09	8.29e-07	1.61e-03	8.95e-02	9.09e-01	0.00e+00	0.00e+00	0.00e+00	1.42e-12	1.74e-19	1.30e-52
 5.91529e+22	7.43e-18	1.74e-12	3.97e-09	9.25e-07	1.72e-03	9.25e-02	9.06e-01	0.00e+00	0.00e+00	0.00e+00	1.74e-12	2.13e-19	2.21e-52
 5.92827e+22	8.86e-18	2.01e-12	4.46e-09	1.00e-06	1.81e-03	9.47e-02	9.03e-01	0.00e+00	0.00e+00	0.00e+00	2.01e-12	2.47e-19	3.29e-52
 5.94155e+22	1.13e-17	2.46e-12	5.23e-09	1.12e-06	1.94e-03	9.79e-02	9.00e-01	0.00e+00	0.00e+00	0.00e+00	2.46e-12	3.02e-19	5.63e-52
 5.95508e+22	1.35e-17	2.86e-12	5.90e-09	1.22e-06	2.04e-03	1.00e-01	8.98e-01	0.00e+00	0.00e+00	0.00e+00	2.86e-12	3.51e-19	8.40e-52
 5.96893e+22	1.71e-17	3.51e-12	6.93e-09	1.36e-06	2.19e-03	1.04e-01	8.94e-01	0.00e+00	0.00e+00	0.00e+00	3.51e-12	4.31e-19	1.44e-51
 5.98303e+22	8.88e-20	4.08e-12	7.81e-09	1.48e-06	2.31e-03	1.06e-01	8.91e-01	0.00e+00	0.00e+00	0.00e+00	4.08e-12	5.02e-19	2.32e-52
 5.99747e+22	1.15e-19	5.01e-12	9.19e-09	1.66e-06	2.48e-03	1.10e-01	8.88e-01	0.00e+00	0.00e+00	0.00e+00	5.01e-12	6.16e-19	3.97e-52
 6.01158e+22	1.36e-19	5.71e-12	1.02e-08	1.79e-06	2.60e-03	1.12e-01	8.85e-01	0.00e+00	0.00e+00	0.00e+00	5.71e-12	7.03e-19	5.66e-52
 6.02527e+22	1.73e-19	6.94e-12	1.19e-08	1.99e-06	2.79e-03	1.16e-01	8.81e-01	0.00e+00	0.00e+00	0.00e+00	6.94e-12	8.55e-19	9.41e-52
 6.03917e+22	2.05e-19	7.93e-12	1.33e-08	2.15e-06	2.92e-03	1.18e-01	8.79e-01	0.00e+00	0.00e+00	0.00e+00	7.93e-12	9.77e-19	1.34e-51
 6.05335e+22	2.60e-19	9.56e-12	1.54e-08	2.38e-06	3.12e-03	1.22e-01	8.75e-01	0.00e+00	0.00e+00	0.00e+00	9.56e-12	1.18e-18	2.20e-51
 6.06797e+22	3.14e-19	1.11e-11	1.73e-08	2.59e-06	3.29e-03	1.25e-01	8.72e-01	0.00e+00	0.00e+00	0.00e+00	1.11e-11	1.37e-18	3.26e-51
 6.08316e+22	3.98e-19	1.34e-11	2.01e-08	2.88e-06	3.52e-03	1.29e-01	8.67e-01	0.00e+00	0.00e+00	0.00e+00	1.34e-11	1.65e-18	5.34e-51
 6.09885e+22	4.87e-19	1.56e-11	2.28e-08	3.15e-06	3.72e-03	1.32e-01	8.64e-01	0.00e+00	0.00e+00	0.00e+00	1.56e-11	1.93e-18	8.11e-51
 6.11519e+22	6.22e-19	1.90e-11	2.66e-08	3.51e-06	3.99e-03	1.37e-01	8.59e-01	0.00e+00	0.00e+00	0.00e+00	1.90e-11	2.35e-18	1.35e-50
 6.13197e+22	7.65e-19	2.23e-11	3.02e-08	3.85e-06	4.23e-03	1.40e-01	8.55e-01	0.00e+00	0.00e+00	0.00e+00	2.23e-11	2.76e-18	2.08e-50
 6.14933e+22	9.87e-19	2.72e-11	3.54e-08	4.31e-06	4.54e-03	1.45e-01	8.50e-01	0.00e+00	0.00e+00	0.00e+00	2.72e-11	3.37e-18	3.53e-50
 6.16726e+22	1.23e-18	3.21e-11	4.05e-08	4.74e-06	4.83e-03	1.49e-01	8.46e-01	0.00e+00	0.00e+00	0.00e+00	3.21e-11	3.99e-18	5.51e-50
 6.18593e+22	1.17e-18	3.95e-11	4.78e-08	5.34e-06	5.20e-03	1.54e-01	8.41e-01	0.00e+00	0.00e+00	0.00e+00	3.95e-11	4.91e-18	9.47e-50
 6.20512e+22	1.47e-18	4.70e-11	5.50e-08	5.90e-06	5.54e-03	1.59e-01	8.36e-01	0.00e+00	0.00e+00	0.00e+00	4.70e-11	5.85e-18	1.51e-49
 6.22237e+22	1.81e-18	5.53e-11	6.26e-08	6.47e-06	5.88e-03	1.63e-01	8.31e-01	0.00e+00	0.00e+00	0.00e+00	5.53e-11	6.89e-18	2.33e-49
 6.24219e+22	2.42e-18	6.94e-11	7.51e-08	7.37e-06	6.38e-03	1.69e-01	8.25e-01	0.00e+00	0.00e+00	0.00e+00	6.94e-11	8.66e-18	4.24e-49
 6.26213e+22	2.99e-18	8.15e-11	8.55e-08	8.09e-06	6.77e-03	1.74e-01	8.20e-01	0.00e+00	0.00e+00	0.00e+00	8.15e-11	1.02e-17	6.55e-49
 6.28223e+22	3.97e-18	1.02e-10	1.02e-07	9.18e-06	7.33e-03	1.80e-01	8.13e-01	0.00e+00	0.00e+00	0.00e+00	1.02e-10	1.27e-17	1.18e-48
 6.30276e+22	5.00e-18	1.21e-10	1.18e-07	1.02e-05	7.82e-03	1.85e-01	8.07e-01	0.00e+00	0.00e+00	0.00e+00	1.21e-10	1.52e-17	1.88e-48
 6.32384e+22	6.71e-18	1.52e-10	1.41e-07	1.16e-05	8.49e-03	1.92e-01	8.00e-01	0.00e+00	0.00e+00	0.00e+00	1.52e-10	1.92e-17	3.45e-48
 6.34525e+22	8.53e-18	1.83e-10	1.64e-07	1.29e-05	9.08e-03	1.98e-01	7.93e-01	0.00e+00	0.00e+00	0.00e+00	1.83e-10	2.31e-17	5.62e-48
 6.36709e+22	1.17e-17	2.34e-10	1.99e-07	1.48e-05	9.90e-03	2.05e-01	7.85e-01	0.00e+00	0.00e+00	0.00e+00	2.34e-10	2.95e-17	1.06e-47
 6.38903e+22	1.48e-17	2.81e-10	2.31e-07	1.65e-05	1.06e-02	2.11e-01	7.78e-01	0.00e+00	0.00e+00	0.00e+00	2.81e-10	3.56e-17	1.72e-47
 6.40724e+22	1.84e-17	3.33e-10	2.65e-07	1.81e-05	1.12e-02	2.17e-01	7.72e-01	0.00e+00	0.00e+00	0.00e+00	3.33e-10	4.22e-17	2.67e-47
 6.42705e+22	2.47e-17	4.18e-10	3.17e-07	2.06e-05	1.22e-02	2.24e-01	7.63e-01	0.00e+00	0.00e+00	0.00e+00	4.18e-10	5.30e-17	4.80e-47
 6.44679e+22	3.06e-17	4.93e-10	3.63e-07	2.27e-05	1.29e-02	2.30e-01	7.57e-01	0.00e+00	0.00e+00	0.00e+00	4.93e-10	6.27e-17	7.39e-47
 6.46642e+22	4.10e-17	6.19e-10	4.35e-07	2.58e-05	1.40e-02	2.38e-01	7.48e-01	0.00e+00	0.00e+00	0.00e+00	6.19e-10	7.89e-17	1.32e-46
 6.48631e+22	5.14e-17	7.37e-10	5.01e-07	2.85e-05	1.49e-02	2.44e-01	7.41e-01	5.14e-17	6.07e-23	1.46e-23	7.37e-10	9.41e-17	2.06e-46
 6.50653e+22	6.99e-17	9.35e-10	6.06e-07	3.27e-05	1.62e-02	2.53e-01	7.31e-01	6.99e-17	2.44e-21	3.79e-22	9.35e-10	1.20e-16	3.76e-46
 6.52700e+22	8.83e-17	1.12e-09	7.01e-07	3.63e-05	1.73e-02	2.60e-01	7.23e-01	8.83e-17	3.09e-21	4.80e-22	1.12e-09	1.44e-16	5.94e-46
 6.54779e+22	1.21e-16	1.43e-09	8.54e-07	4.17e-05	1.88e-02	2.69e-01	7.12e-01	1.21e-16	4.25e-21	6.61e-22	1.43e-09	1.84e-16	1.09e-45
 6.56899e+22	1.57e-16	1.74e-09	9.99e-07	4.67e-05	2.02e-02	2.77e-01	7.03e-01	1.57e-16	5.48e-21	8.54e-22	1.74e-09	2.24e-16	1.78e-45
 6.59070e+22	2.20e-16	2.25e-09	1.23e-06	5.41e-05	2.21e-02	2.87e-01	6.91e-01	2.20e-16	7.71e-21	1.20e-21	2.25e-09	2.91e-16	3.36e-45
 6.61284e+22	2.89e-16	2.77e-09	1.45e-06	6.10e-05	2.38e-02	2.95e-01	6.81e-01	2.89e-16	1.01e-20	1.58e-21	2.77e-09	3.59e-16	5.57e-45
 6.63555e+22	4.16e-16	3.63e-09	1.81e-06	7.13e-05	2.62e-02	3.06e-01	6.67e-01	4.16e-16	1.46e-20	2.28e-21	3.63e-09	4.72e-16	1.08e-44
 6.65846e+22	5.55e-16	4.49e-09	2.15e-06	8.06e-05	2.82e-02	3.15e-01	6.56e-01	5.55e-16	1.95e-20	3.05e-21	4.49e-09	5.85e-16	1.79e-44
 6.67771e+22	7.26e-16	5.44e-09	2.52e-06	9.03e-05	3.02e-02	3.24e-01	6.46e-01	7.26e-16	2.55e-20	3.99e-21	5.44e-09	7.12e-16	2.85e-44
 6.69858e+22	1.03e-15	6.97e-09	3.08e-06	1.04e-04	3.29e-02	3.34e-01	6.33e-01	1.03e-15	3.63e-20	5.68e-21	6.97e-09	9.14e-16	5.11e-44
 6.71961e+22	1.37e-15	8.48e-09	3.61e-06	1.17e-04	3.53e-02	3.43e-01	6.22e-01	1.37e-15	4.83e-20	7.57e-21	8.48e-09	1.12e-15	8.10e-44
 6.74019e+22	1.96e-15	1.07e-08	4.38e-06	1.35e-04	3.84e-02	3.53e-01	6.08e-01	1.96e-15	6.91e-20	1.08e-20	1.07e-08	1.42e-15	1.40e-43
 6.76118e+22	2.69e-15	1.31e-08	5.17e-06	1.52e-04	4.12e-02	3.63e-01	5.96e-01	2.69e-15	9.53e-20	1.50e-20	1.31e-08	1.74e-15	2.24e-43
 6.78174e+22	3.93e-15	1.64e-08	6.22e-06	1.74e-04	4.47e-02	3.73e-01	5.82e-01	3.93e-15	1.39e-19	2.18e-20	1.64e-08	2.18e-15	3.76e-43
 6.80275e+22	5.73e-15	2.02e-08	7.38e-06	1.97e-04	4.81e-02	3.82e-01	5.69e-01	5.73e-15	2.03e-19	3.20e-20	2.02e-08	2.69e-15	6.06e-43
 6.82350e+22	8.87e-15	2.49e-08	8.81e-06	2.24e-04	5.19e-02	3.92e-01	5.55e-01	8.87e-15	3.15e-19	4.95e-20	2.49e-08	3.34e-15	9.90e-43
 6.84437e+22	1.44e-14	3.06e-08	1.05e-05	2.54e-04	5.59e-02	4.02e-01	5.42e-01	1.44e-14	5.12e-19	8.05e-20	3.06e-08	4.11e-15	1.60e-42
 6.86499e+22	2.57e-14	3.74e-08	1.24e-05	2.88e-04	6.02e-02	4.11e-01	5.28e-01	2.57e-14	9.16e-19	1.44e-19	3.74e-08	5.05e-15	2.62e-42
 6.88557e+22	5.34e-14	4.55e-08	1.46e-05	3.26e-04	6.47e-02	4.21e-01	5.14e-01	5.34e-14	1.90e-18	3.00e-19	4.55e-08	6.17e-15	4.47e-42
 6.90618e+22	1.34e-13	5.52e-08	1.73e-05	3.69e-04	6.94e-02	4.30e-01	5.00e-01	1.34e-13	4.80e-18	7.57e-19	5.52e-08	7.53e-15	8.57e-42
 6.92687e+22	3.55e-13	6.67e-08	2.03e-05	4.16e-04	7.45e-02	4.39e-01	4.86e-01	3.55e-13	1.27e-17	2.01e-18	6.67e-08	9.14e-15	1.88e-41
 6.94767e+22	7.30e-13	8.05e-08	2.39e-05	4.70e-04	7.99e-02	4.48e-01	4.72e-01	7.29e-13	2.62e-17	4.14e-18	8.05e-08	1.11e-14	3.85e-41
 6.96866e+22	1.19e-12	9.68e-08	2.81e-05	5.31e-04	8.56e-02	4.56e-01	4.58e-01	1.19e-12	4.27e-17	6.75e-18	9.68e-08	1.34e-14	6.86e-41
 6.98989e+22	1.75e-12	1.16e-07	3.30e-05	5.99e-04	9.16e-02	4.64e-01	4.44e-01	1.75e-12	6.30e-17	9.97e-18	1.16e-07	1.62e-14	1.14e-40
 7.01122e+22	2.43e-12	1.39e-07	3.85e-05	6.74e-04	9.79e-02	4.72e-01	4.29e-01	2.43e-12	8.76e-17	1.39e-17	1.39e-07	1.94e-14	1.79e-40
 7.03290e+22	3.28e-12	1.66e-07	4.52e-05	7.60e-04	1.05e-01	4.80e-01	4.15e-01	3.28e-12	1.19e-16	1.88e-17	1.66e-07	2.34e-14	2.77e-40
 7.05482e+22	4.30e-12	1.97e-07	5.27e-05	8.55e-04	1.12e-01	4.87e-01	4.01e-01	4.30e-12	1.56e-16	2.47e-17	1.97e-07	2.79e-14	4.12e-40
 7.07716e+22	5.57e-12	2.35e-07	6.17e-05	9.65e-04	1.20e-01	4.94e-01	3.86e-01	5.57e-12	2.03e-16	3.22e-17	2.35e-07	3.35e-14	6.11e-40
 7.09991e+22	7.07e-12	2.79e-07	7.19e-05	1.08e-03	1.27e-01	5.00e-01	3.71e-01	7.07e-12	2.58e-16	4.10e-17	2.79e-07	3.99e-14	8.83e-40
 7.12077e+22	9.01e-12	3.20e-07	8.16e-05	1.20e-03	1.34e-01	5.05e-01	3.59e-01	9.01e-12	3.29e-16	5.24e-17	3.20e-07	4.62e-14	1.24e-39
 7.14256e+22	1.30e-11	3.81e-07	9.58e-05	1.35e-03	1.44e-01	5.11e-01	3.44e-01	1.30e-11	4.77e-16	7.62e-17	3.81e-07	5.54e-14	2.00e-39
 7.16466e+22	1.52e-11	4.37e-07	1.08e-04	1.49e-03	1.51e-01	5.15e-01	3.33e-01	1.52e-11	5.59e-16	8.93e-17	4.37e-07	6.39e-14	2.62e-39
 7.18735e+22	1.85e-11	5.19e-07	1.27e-04	1.68e-03	1.61e-01	5.19e-01	3.17e-01	1.85e-11	6.82e-16	1.09e-16	5.19e-07	7.66e-14	3.65e-39
 7.21008e+22	2.14e-11	5.91e-07	1.44e-04	1.85e-03	1.69e-01	5.22e-01	3.06e-01	2.14e-11	7.91e-16	1.27e-16	5.91e-07	8.78e-14	4.69e-39
 7.23287e+22	2.58e-11	6.98e-07	1.68e-04	2.09e-03	1.80e-01	5.26e-01	2.91e-01	2.58e-11	9.54e-16	1.53e-16	6.98e-07	1.05e-13	6.42e-39
 7.25576e+22	2.96e-11	7.90e-07	1.88e-04	2.28e-03	1.89e-01	5.28e-01	2.81e-01	2.96e-11	1.10e-15	1.77e-16	7.90e-07	1.19e-13	8.21e-39
 7.27879e+22	3.53e-11	9.26e-07	2.18e-04	2.56e-03	2.01e-01	5.30e-01	2.67e-01	3.53e-11	1.31e-15	2.11e-16	9.26e-07	1.41e-13	1.11e-38
 7.30206e+22	4.04e-11	1.05e-06	2.45e-04	2.80e-03	2.10e-01	5.31e-01	2.56e-01	4.04e-11	1.51e-15	2.43e-16	1.05e-06	1.61e-13	1.41e-38
 7.32566e+22	4.78e-11	1.22e-06	2.84e-04	3.15e-03	2.22e-01	5.32e-01	2.43e-01	4.78e-11	1.79e-15	2.89e-16	1.22e-06	1.89e-13	1.90e-38
 7.34959e+22	5.45e-11	1.38e-06	3.18e-04	3.44e-03	2.32e-01	5.32e-01	2.32e-01	5.45e-11	2.05e-15	3.31e-16	1.38e-06	2.15e-13	2.42e-38
 7.37395e+22	6.42e-11	1.60e-06	3.67e-04	3.85e-03	2.46e-01	5.31e-01	2.19e-01	6.42e-11	2.43e-15	3.93e-16	1.60e-06	2.54e-13	3.26e-38
 7.39877e+22	7.31e-11	1.80e-06	4.12e-04	4.21e-03	2.56e-01	5.30e-01	2.09e-01	7.31e-11	2.77e-15	4.50e-16	1.80e-06	2.89e-13	4.16e-38
 7.42418e+22	8.60e-11	2.10e-06	4.76e-04	4.72e-03	2.71e-01	5.28e-01	1.97e-01	8.60e-11	3.28e-15	5.33e-16	2.10e-06	3.40e-13	5.62e-38
 7.45020e+22	9.80e-11	2.37e-06	5.34e-04	5.16e-03	2.82e-01	5.25e-01	1.87e-01	9.80e-11	3.75e-15	6.11e-16	2.37e-06	3.88e-13	7.25e-38
 7.47699e+22	1.15e-10	2.75e-06	6.19e-04	5.79e-03	2.98e-01	5.21e-01	1.75e-01	1.15e-10	4.43e-15	7.23e-16	2.75e-06	4.58e-13	9.88e-38
 7.50422e+22	1.31e-10	3.10e-06	6.93e-04	6.33e-03	3.10e-01	5.17e-01	1.66e-01	1.31e-10	5.06e-15	8.28e-16	3.10e-06	5.22e-13	1.28e-37
 7.52717e+22	1.47e-10	3.45e-06	7.67e-04	6.84e-03	3.21e-01	5.14e-01	1.58e-01	1.47e-10	5.69e-15	9.32e-16	3.45e-06	5.86e-13	1.62e-37
 7.55217e+22	1.69e-10	3.94e-06	8.73e-04	7.58e-03	3.36e-01	5.08e-01	1.48e-01	1.69e-10	6.60e-15	1.08e-15	3.94e-06	6.80e-13	2.16e-37
 7.57636e+22	1.87e-10	4.33e-06	9.55e-04	8.13e-03	3.46e-01	5.04e-01	1.41e-01	1.87e-10	7.33e-15	1.20e-15	4.33e-06	7.55e-13	2.68e-37
 7.59953e+22	2.11e-10	4.87e-06	1.07e-03	8.91e-03	3.60e-01	4.98e-01	1.32e-01	2.11e-10	8.33e-15	1.37e-15	4.87e-06	8.62e-13	3.46e-37
 7.62295e+22	2.34e-10	5.35e-06	1.17e-03	9.54e-03	3.71e-01	4.93e-01	1.26e-01	2.34e-10	9.28e-15	1.53e-15	5.35e-06	9.59e-13	4.36e-37
 7.64670e+22	2.65e-10	6.02e-06	1.32e-03	1.04e-02	3.85e-01	4.86e-01	1.18e-01	2.65e-10	1.06e-14	1.75e-15	6.02e-06	1.10e-12	5.72e-37
 7.67082e+22	2.94e-10	6.63e-06	1.44e-03	1.12e-02	3.96e-01	4.80e-01	1.12e-01	2.94e-10	1.18e-14	1.95e-15	6.63e-06	1.22e-12	7.25e-37
 7.69540e+22	3.32e-10	7.45e-06	1.61e-03	1.22e-02	4.11e-01	4.71e-01	1.04e-01	3.32e-10	1.34e-14	2.22e-15	7.45e-06	1.40e-12	9.59e-37
 7.72032e+22	3.69e-10	8.21e-06	1.77e-03	1.31e-02	4.22e-01	4.65e-01	9.87e-02	3.68e-10	1.49e-14	2.48e-15	8.21e-06	1.56e-12	1.23e-36
 7.74568e+22	4.16e-10	9.23e-06	1.98e-03	1.43e-02	4.36e-01	4.56e-01	9.16e-02	4.16e-10	1.70e-14	2.84e-15	9.23e-06	1.79e-12	1.65e-36
 7.77154e+22	4.64e-10	1.02e-05	2.17e-03	1.53e-02	4.48e-01	4.48e-01	8.65e-02	4.64e-10	1.90e-14	3.18e-15	1.02e-05	2.00e-12	2.14e-36
 7.79808e+22	5.25e-10	1.15e-05	2.44e-03	1.68e-02	4.63e-01	4.38e-01	7.98e-02	5.25e-10	2.17e-14	3.64e-15	1.15e-05	2.30e-12	2.92e-36
 7.82518e+22	5.85e-10	1.27e-05	2.67e-03	1.80e-02	4.75e-01	4.29e-01	7.50e-02	5.85e-10	2.43e-14	4.10e-15	1.27e-05	2.59e-12	3.84e-36
 7.85299e+22	6.65e-10	1.44e-05	3.01e-03	1.97e-02	4.90e-01	4.18e-01	6.89e-02	6.65e-10	2.79e-14	4.72e-15	1.44e-05	2.99e-12	5.37e-36
 7.88151e+22	7.43e-10	1.59e-05	3.30e-03	2.12e-02	5.02e-01	4.09e-01	6.43e-02	7.43e-10	3.14e-14	5.32e-15	1.59e-05	3.38e-12	7.19e-36
 7.91095e+22	8.50e-10	1.81e-05	3.73e-03	2.32e-02	5.18e-01	3.96e-01	5.87e-02	8.50e-10	3.64e-14	6.18e-15	1.81e-05	3.94e-12	1.04e-35
 7.94066e+22	9.55e-10	2.01e-05	4.09e-03	2.49e-02	5.30e-01	3.87e-01	5.47e-02	9.55e-10	4.12e-14	7.01e-15	2.01e-05	4.46e-12	1.41e-35
 7.97074e+22	1.09e-09	2.28e-05	4.61e-03	2.72e-02	5.45e-01	3.74e-01	4.97e-02	1.09e-09	4.74e-14	8.11e-15	2.28e-05	5.20e-12	2.05e-35
 8.00113e+22	1.22e-09	2.54e-05	5.06e-03	2.92e-02	5.56e-01	3.63e-01	4.61e-02	1.22e-09	5.36e-14	9.20e-15	2.54e-05	5.90e-12	2.81e-35
 8.03193e+22	1.40e-09	2.89e-05	5.70e-03	3.18e-02	5.70e-01	3.50e-01	4.18e-02	1.40e-09	6.25e-14	1.08e-14	2.89e-05	6.91e-12	4.20e-35
 8.06230e+22	1.56e-09	3.20e-05	6.22e-03	3.40e-02	5.81e-01	3.40e-01	3.87e-02	1.56e-09	7.02e-14	1.21e-14	3.20e-05	7.80e-12	5.71e-35
 8.09210e+22	1.79e-09	3.62e-05	6.95e-03	3.68e-02	5.94e-01	3.27e-01	3.51e-02	1.79e-09	8.12e-14	1.41e-14	3.62e-05	9.09e-12	8.46e-35
 8.12293e+22	2.00e-09	4.02e-05	7.62e-03	3.94e-02	6.04e-01	3.17e-01	3.23e-02	2.00e-09	9.19e-14	1.60e-14	4.02e-05	1.03e-11	1.18e-34
 8.14869e+22	2.20e-09	4.39e-05	8.23e-03	4.17e-02	6.12e-01	3.08e-01	3.01e-02	2.20e-09	1.02e-13	1.78e-14	4.39e-05	1.15e-11	1.57e-34
 8.17575e+22	2.48e-09	4.91e-05	9.06e-03	4.46e-02	6.22e-01	2.97e-01	2.76e-02	2.48e-09	1.17e-13	2.04e-14	4.91e-05	1.32e-11	2.26e-34
 8.20362e+22	2.75e-09	5.39e-05	9.82e-03	4.73e-02	6.30e-01	2.87e-01	2.55e-02	2.75e-09	1.30e-13	2.29e-14	5.39e-05	1.49e-11	3.07e-34
 8.22866e+22	3.03e-09	5.91e-05	1.06e-02	5.00e-02	6.38e-01	2.78e-01	2.36e-02	3.03e-09	1.46e-13	2.57e-14	5.91e-05	1.67e-11	4.16e-34
 8.25730e+22	3.45e-09	6.64e-05	1.17e-02	5.35e-02	6.47e-01	2.67e-01	2.15e-02	3.45e-09	1.68e-13	2.97e-14	6.64e-05	1.93e-11	6.15e-34
 8.28694e+22	3.83e-09	7.33e-05	1.27e-02	5.69e-02	6.54e-01	2.56e-01	1.96e-02	3.83e-09	1.89e-13	3.35e-14	7.33e-05	2.19e-11	8.58e-34
 8.31331e+22	4.25e-09	8.07e-05	1.38e-02	6.01e-02	6.61e-01	2.47e-01	1.81e-02	4.25e-09	2.12e-13	3.78e-14	8.07e-05	2.47e-11	1.19e-33
 8.34300e+22	4.86e-09	9.10e-05	1.52e-02	6.42e-02	6.68e-01	2.36e-01	1.64e-02	4.86e-09	2.46e-13	4.41e-14	9.10e-05	2.87e-11	1.79e-33
 8.37407e+22	5.42e-09	1.01e-04	1.66e-02	6.83e-02	6.74e-01	2.26e-01	1.49e-02	5.42e-09	2.79e-13	5.01e-14	1.01e-04	3.28e-11	2.56e-33
 8.40216e+22	6.06e-09	1.12e-04	1.80e-02	7.21e-02	6.79e-01	2.17e-01	1.36e-02	6.06e-09	3.16e-13	5.70e-14	1.12e-04	3.73e-11	3.62e-33
 8.43389e+22	7.00e-09	1.27e-04	1.99e-02	7.72e-02	6.85e-01	2.06e-01	1.22e-02	7.00e-09	3.71e-13	6.73e-14	1.27e-04	4.39e-11	5.66e-33
