#depth	O	O+	O+2	O+3	O+4	O+5	O+6	O+7	O+8	O[1]	O[2]	O[3]
 4.62852e+21	0.00e+00	0.00e+00	0.00e+00	1.60e-25	5.38e-20	8.37e-15	4.57e-09	1.42e-04	1.00e+00	0.00e+00	0.00e+00	0.00e+00
 1.05221e+22	0.00e+00	0.00e+00	1.11e-30	9.75e-25	2.29e-19	2.48e-14	9.42e-09	2.03e-04	1.00e+00	0.00e+00	0.00e+00	0.00e+00
 1.26251e+22	0.00e+00	0.00e+00	4.59e-30	3.19e-24	5.91e-19	5.08e-14	1.51e-08	2.58e-04	1.00e+00	0.00e+00	0.00e+00	0.00e+00
 1.41335e+22	0.00e+00	0.00e+00	1.43e-29	8.20e-24	1.26e-18	8.98e-14	2.21e-08	3.12e-04	1.00e+00	0.00e+00	0.00e+00	0.00e+00
 1.50057e+22	0.00e+00	0.00e+00	1.96e-29	1.07e-23	1.58e-18	1.06e-13	2.48e-08	3.30e-04	1.00e+00	0.00e+00	0.00e+00	0.00e+00
 1.54698e+22	0.00e+00	0.00e+00	3.03e-29	1.54e-23	2.12e-18	1.33e-13	2.87e-08	3.55e-04	1.00e+00	0.00e+00	0.00e+00	0.00e+00
 1.59729e+22	0.00e+00	0.00e+00	4.53e-29	2.15e-23	2.77e-18	1.62e-13	3.28e-08	3.79e-04	1.00e+00	0.00e+00	0.00e+00	0.00e+00
 1.65267e+22	0.00e+00	0.00e+00	7.76e-29	3.37e-23	3.97e-18	2.13e-13	3.93e-08	4.15e-04	1.00e+00	0.00e+00	0.00e+00	0.00e+00
 1.70656e+22	0.00e+00	0.00e+00	1.11e-28	4.53e-23	5.04e-18	2.55e-13	4.43e-08	4.40e-04	1.00e+00	0.00e+00	0.00e+00	0.00e+00
 1.75853e+22	0.00e+00	0.00e+00	1.80e-28	6.79e-23	6.98e-18	3.26e-13	5.21e-08	4.77e-04	1.00e+00	0.00e+00	0.00e+00	0.00e+00
 1.81227e+22	0.00e+00	0.00e+00	2.73e-28	9.64e-23	9.24e-18	4.03e-13	5.99e-08	5.12e-04	9.99e-01	0.00e+00	0.00e+00	0.00e+00
 1.85995e+22	0.00e+00	0.00e+00	4.04e-28	1.34e-22	1.20e-17	4.91e-13	6.83e-08	5.47e-04	9.99e-01	0.00e+00	0.00e+00	0.00e+00
 1.91358e+22	0.00e+00	0.00e+00	6.79e-28	2.06e-22	1.70e-17	6.39e-13	8.13e-08	5.96e-04	9.99e-01	0.00e+00	0.00e+00	0.00e+00
 1.96714e+22	0.00e+00	0.00e+00	9.76e-28	2.79e-22	2.17e-17	7.68e-13	9.19e-08	6.34e-04	9.99e-01	0.00e+00	0.00e+00	0.00e+00
 2.02062e+22	0.00e+00	0.00e+00	1.65e-27	4.33e-22	3.09e-17	1.00e-12	1.10e-07	6.92e-04	9.99e-01	0.00e+00	0.00e+00	0.00e+00
 2.07358e+22	0.00e+00	0.00e+00	2.36e-27	5.83e-22	3.93e-17	1.20e-12	1.24e-07	7.34e-04	9.99e-01	0.00e+00	0.00e+00	0.00e+00
 2.11711e+22	0.00e+00	0.00e+00	3.32e-27	7.77e-22	4.95e-17	1.43e-12	1.39e-07	7.78e-04	9.99e-01	0.00e+00	0.00e+00	0.00e+00
 2.15791e+22	0.00e+00	1.72e-33	4.65e-27	1.03e-21	6.21e-17	1.70e-12	1.55e-07	8.23e-04	9.99e-01	0.00e+00	0.00e+00	0.00e+00
 2.19787e+22	0.00e+00	2.52e-33	6.45e-27	1.35e-21	7.74e-17	2.01e-12	1.73e-07	8.69e-04	9.99e-01	0.00e+00	0.00e+00	0.00e+00
 2.24377e+22	0.00e+00	4.13e-33	9.84e-27	1.93e-21	1.03e-16	2.49e-12	2.00e-07	9.33e-04	9.99e-01	0.00e+00	0.00e+00	0.00e+00
 2.28950e+22	0.00e+00	6.07e-33	1.37e-26	2.54e-21	1.29e-16	2.95e-12	2.24e-07	9.86e-04	9.99e-01	0.00e+00	0.00e+00	0.00e+00
 2.33500e+22	0.00e+00	9.82e-33	2.08e-26	3.60e-21	1.70e-16	3.65e-12	2.57e-07	1.06e-03	9.99e-01	0.00e+00	0.00e+00	0.00e+00
 2.38122e+22	0.00e+00	1.46e-32	2.92e-26	4.79e-21	2.14e-16	4.34e-12	2.89e-07	1.12e-03	9.99e-01	0.00e+00	0.00e+00	0.00e+00
 2.42151e+22	0.00e+00	2.13e-32	4.04e-26	6.29e-21	2.67e-16	5.13e-12	3.22e-07	1.18e-03	9.99e-01	0.00e+00	0.00e+00	0.00e+00
 2.46701e+22	0.00e+00	3.45e-32	6.12e-26	8.90e-21	3.53e-16	6.35e-12	3.71e-07	1.27e-03	9.99e-01	0.00e+00	0.00e+00	0.00e+00
 2.51312e+22	0.00e+00	5.10e-32	8.56e-26	1.18e-20	4.43e-16	7.54e-12	4.15e-07	1.34e-03	9.99e-01	0.00e+00	0.00e+00	0.00e+00
 2.55004e+22	0.00e+00	7.14e-32	1.14e-25	1.50e-20	5.38e-16	8.74e-12	4.57e-07	1.41e-03	9.99e-01	0.00e+00	0.00e+00	0.00e+00
 2.58257e+22	0.00e+00	9.70e-32	1.49e-25	1.87e-20	6.43e-16	1.00e-11	5.00e-07	1.47e-03	9.99e-01	0.00e+00	0.00e+00	0.00e+00
 2.61938e+22	0.00e+00	1.40e-31	2.04e-25	2.44e-20	7.96e-16	1.18e-11	5.56e-07	1.55e-03	9.98e-01	0.00e+00	0.00e+00	0.00e+00
 2.65891e+22	0.00e+00	2.00e-31	2.77e-25	3.16e-20	9.80e-16	1.38e-11	6.18e-07	1.63e-03	9.98e-01	0.00e+00	0.00e+00	0.00e+00
 2.69429e+22	0.00e+00	2.77e-31	3.67e-25	3.99e-20	1.19e-15	1.59e-11	6.79e-07	1.71e-03	9.98e-01	0.00e+00	0.00e+00	0.00e+00
 2.72749e+22	0.00e+00	3.80e-31	4.82e-25	5.02e-20	1.43e-15	1.83e-11	7.45e-07	1.79e-03	9.98e-01	0.00e+00	0.00e+00	0.00e+00
 2.76556e+22	0.00e+00	5.61e-31	6.74e-25	6.65e-20	1.79e-15	2.18e-11	8.35e-07	1.90e-03	9.98e-01	0.00e+00	0.00e+00	0.00e+00
 2.80503e+22	0.00e+00	7.94e-31	9.08e-25	8.54e-20	2.19e-15	2.54e-11	9.23e-07	1.99e-03	9.98e-01	0.00e+00	0.00e+00	0.00e+00
 2.83957e+22	0.00e+00	1.09e-30	1.19e-24	1.07e-19	2.64e-15	2.93e-11	1.01e-06	2.09e-03	9.98e-01	0.00e+00	0.00e+00	0.00e+00
 2.87773e+22	0.00e+00	1.60e-30	1.66e-24	1.42e-19	3.31e-15	3.49e-11	1.14e-06	2.21e-03	9.98e-01	0.00e+00	0.00e+00	0.00e+00
 2.91417e+22	0.00e+00	2.17e-30	2.15e-24	1.77e-19	3.95e-15	3.98e-11	1.24e-06	2.31e-03	9.98e-01	0.00e+00	0.00e+00	0.00e+00
 2.94294e+22	0.00e+00	2.82e-30	2.70e-24	2.14e-19	4.61e-15	4.48e-11	1.34e-06	2.40e-03	9.98e-01	0.00e+00	0.00e+00	0.00e+00
 2.97490e+22	0.00e+00	3.85e-30	3.54e-24	2.68e-19	5.54e-15	5.16e-11	1.47e-06	2.51e-03	9.97e-01	0.00e+00	0.00e+00	0.00e+00
 3.00937e+22	0.00e+00	5.22e-30	4.60e-24	3.34e-19	6.61e-15	5.91e-11	1.61e-06	2.62e-03	9.97e-01	0.00e+00	0.00e+00	0.00e+00
 3.04132e+22	0.00e+00	7.04e-30	5.95e-24	4.15e-19	7.88e-15	6.75e-11	1.75e-06	2.74e-03	9.97e-01	0.00e+00	0.00e+00	0.00e+00
 3.07127e+22	0.00e+00	9.26e-30	7.54e-24	5.06e-19	9.25e-15	7.63e-11	1.90e-06	2.85e-03	9.97e-01	0.00e+00	0.00e+00	0.00e+00
 3.10439e+22	0.00e+00	1.28e-29	9.95e-24	6.39e-19	1.12e-14	8.82e-11	2.09e-06	2.98e-03	9.97e-01	0.00e+00	0.00e+00	0.00e+00
 3.13947e+22	0.00e+00	1.75e-29	1.31e-23	8.04e-19	1.34e-14	1.02e-10	2.29e-06	3.12e-03	9.97e-01	0.00e+00	0.00e+00	0.00e+00
 3.17052e+22	0.00e+00	2.33e-29	1.67e-23	9.87e-19	1.59e-14	1.15e-10	2.49e-06	3.26e-03	9.97e-01	0.00e+00	0.00e+00	0.00e+00
 3.19954e+22	0.00e+00	3.06e-29	2.11e-23	1.20e-18	1.86e-14	1.30e-10	2.70e-06	3.39e-03	9.97e-01	0.00e+00	0.00e+00	0.00e+00
 3.22675e+22	0.00e+00	3.88e-29	2.59e-23	1.43e-18	2.14e-14	1.45e-10	2.90e-06	3.51e-03	9.96e-01	0.00e+00	0.00e+00	0.00e+00
 3.25636e+22	0.00e+00	5.17e-29	3.32e-23	1.76e-18	2.54e-14	1.65e-10	3.15e-06	3.66e-03	9.96e-01	0.00e+00	0.00e+00	0.00e+00
 3.28758e+22	0.00e+00	6.84e-29	4.22e-23	2.15e-18	2.99e-14	1.87e-10	3.42e-06	3.81e-03	9.96e-01	0.00e+00	0.00e+00	0.00e+00
 3.31502e+22	0.00e+00	8.77e-29	5.23e-23	2.58e-18	3.46e-14	2.09e-10	3.68e-06	3.95e-03	9.96e-01	0.00e+00	0.00e+00	0.00e+00
 3.34483e+22	0.00e+00	1.18e-28	6.74e-23	3.19e-18	4.12e-14	2.39e-10	4.02e-06	4.12e-03	9.96e-01	0.00e+00	0.00e+00	0.00e+00
 3.37557e+22	0.00e+00	1.54e-28	8.51e-23	3.88e-18	4.82e-14	2.70e-10	4.35e-06	4.29e-03	9.96e-01	0.00e+00	0.00e+00	0.00e+00
 3.40202e+22	0.00e+00	1.97e-28	1.05e-22	4.63e-18	5.56e-14	3.00e-10	4.67e-06	4.44e-03	9.96e-01	0.00e+00	0.00e+00	0.00e+00
 3.43090e+22	0.00e+00	2.60e-28	1.34e-22	5.67e-18	6.57e-14	3.41e-10	5.08e-06	4.63e-03	9.95e-01	0.00e+00	0.00e+00	0.00e+00
 3.46171e+22	0.00e+00	3.43e-28	1.69e-22	6.92e-18	7.71e-14	3.86e-10	5.51e-06	4.81e-03	9.95e-01	0.00e+00	0.00e+00	0.00e+00
 3.48952e+22	0.00e+00	4.42e-28	2.11e-22	8.32e-18	8.96e-14	4.33e-10	5.94e-06	5.00e-03	9.95e-01	0.00e+00	0.00e+00	0.00e+00
 3.51445e+22	0.00e+00	5.55e-28	2.56e-22	9.81e-18	1.02e-13	4.79e-10	6.35e-06	5.16e-03	9.95e-01	0.00e+00	0.00e+00	0.00e+00
 3.53762e+22	0.00e+00	6.84e-28	3.07e-22	1.14e-17	1.16e-13	5.27e-10	6.76e-06	5.33e-03	9.95e-01	0.00e+00	0.00e+00	0.00e+00
 3.56421e+22	0.00e+00	8.80e-28	3.82e-22	1.37e-17	1.34e-13	5.91e-10	7.29e-06	5.53e-03	9.94e-01	0.00e+00	0.00e+00	0.00e+00
 3.59285e+22	0.00e+00	1.14e-27	4.76e-22	1.65e-17	1.56e-13	6.63e-10	7.86e-06	5.74e-03	9.94e-01	0.00e+00	0.00e+00	0.00e+00
 3.61874e+22	0.00e+00	1.44e-27	5.83e-22	1.96e-17	1.80e-13	7.37e-10	8.43e-06	5.94e-03	9.94e-01	0.00e+00	0.00e+00	0.00e+00
 3.64327e+22	0.00e+00	1.81e-27	7.11e-22	2.31e-17	2.06e-13	8.18e-10	9.03e-06	6.14e-03	9.94e-01	0.00e+00	0.00e+00	0.00e+00
 3.66743e+22	1.99e-34	2.26e-27	8.59e-22	2.71e-17	2.34e-13	9.03e-10	9.64e-06	6.34e-03	9.94e-01	0.00e+00	0.00e+00	0.00e+00
 3.69479e+22	2.67e-34	2.93e-27	1.08e-21	3.28e-17	2.73e-13	1.02e-09	1.04e-05	6.59e-03	9.93e-01	0.00e+00	0.00e+00	0.00e+00
 3.72351e+22	3.59e-34	3.79e-27	1.34e-21	3.95e-17	3.18e-13	1.14e-09	1.12e-05	6.84e-03	9.93e-01	0.00e+00	0.00e+00	0.00e+00
 3.74849e+22	4.65e-34	4.76e-27	1.63e-21	4.66e-17	3.63e-13	1.26e-09	1.20e-05	7.08e-03	9.93e-01	0.00e+00	0.00e+00	0.00e+00
 3.77545e+22	6.28e-34	6.20e-27	2.05e-21	5.64e-17	4.24e-13	1.43e-09	1.30e-05	7.36e-03	9.93e-01	0.00e+00	0.00e+00	0.00e+00
 3.80413e+22	8.42e-34	8.00e-27	2.55e-21	6.79e-17	4.93e-13	1.60e-09	1.41e-05	7.64e-03	9.92e-01	0.00e+00	0.00e+00	0.00e+00
 3.82871e+22	1.08e-33	9.98e-27	3.09e-21	7.97e-17	5.61e-13	1.76e-09	1.50e-05	7.89e-03	9.92e-01	0.00e+00	0.00e+00	0.00e+00
 3.85089e+22	1.36e-33	1.22e-26	3.67e-21	9.21e-17	6.31e-13	1.93e-09	1.59e-05	8.12e-03	9.92e-01	0.00e+00	0.00e+00	0.00e+00
 3.87627e+22	1.79e-33	1.55e-26	4.52e-21	1.10e-16	7.30e-13	2.16e-09	1.71e-05	8.42e-03	9.92e-01	0.00e+00	0.00e+00	0.00e+00
 3.90375e+22	2.38e-33	1.99e-26	5.60e-21	1.31e-16	8.43e-13	2.41e-09	1.85e-05	8.74e-03	9.91e-01	0.00e+00	0.00e+00	0.00e+00
 3.92892e+22	3.10e-33	2.51e-26	6.82e-21	1.55e-16	9.65e-13	2.67e-09	1.98e-05	9.04e-03	9.91e-01	0.00e+00	0.00e+00	0.00e+00
 3.95659e+22	4.23e-33	3.29e-26	8.62e-21	1.89e-16	1.13e-12	3.02e-09	2.15e-05	9.41e-03	9.91e-01	0.00e+00	0.00e+00	0.00e+00
 3.98422e+22	5.59e-33	4.20e-26	1.06e-20	2.25e-16	1.31e-12	3.37e-09	2.31e-05	9.75e-03	9.90e-01	0.00e+00	0.00e+00	0.00e+00
 4.00682e+22	7.09e-33	5.17e-26	1.27e-20	2.62e-16	1.48e-12	3.69e-09	2.45e-05	1.01e-02	9.90e-01	0.00e+00	0.00e+00	0.00e+00
 4.03121e+22	9.31e-33	6.55e-26	1.56e-20	3.11e-16	1.70e-12	4.11e-09	2.64e-05	1.04e-02	9.90e-01	0.00e+00	0.00e+00	0.00e+00
 4.05783e+22	1.23e-32	8.36e-26	1.92e-20	3.71e-16	1.96e-12	4.58e-09	2.83e-05	1.08e-02	9.89e-01	0.00e+00	0.00e+00	0.00e+00
 4.08260e+22	1.59e-32	1.05e-25	2.33e-20	4.36e-16	2.23e-12	5.06e-09	3.03e-05	1.12e-02	9.89e-01	0.00e+00	0.00e+00	0.00e+00
 4.11003e+22	2.17e-32	1.37e-25	2.94e-20	5.30e-16	2.62e-12	5.72e-09	3.29e-05	1.16e-02	9.88e-01	0.00e+00	0.00e+00	0.00e+00
 4.13742e+22	2.88e-32	1.76e-25	3.63e-20	6.33e-16	3.02e-12	6.37e-09	3.54e-05	1.21e-02	9.88e-01	0.00e+00	0.00e+00	0.00e+00
 4.15968e+22	3.63e-32	2.15e-25	4.32e-20	7.32e-16	3.40e-12	6.97e-09	3.76e-05	1.24e-02	9.88e-01	0.00e+00	0.00e+00	0.00e+00
 4.18356e+22	4.80e-32	2.74e-25	5.32e-20	8.73e-16	3.91e-12	7.76e-09	4.04e-05	1.29e-02	9.87e-01	0.00e+00	0.00e+00	0.00e+00
 4.20935e+22	6.27e-32	3.46e-25	6.50e-20	1.03e-15	4.48e-12	8.59e-09	4.33e-05	1.33e-02	9.87e-01	0.00e+00	0.00e+00	0.00e+00
 4.23367e+22	8.16e-32	4.36e-25	7.91e-20	1.22e-15	5.11e-12	9.50e-09	4.64e-05	1.38e-02	9.86e-01	0.00e+00	0.00e+00	0.00e+00
 4.26132e+22	1.16e-31	5.91e-25	1.03e-19	1.51e-15	6.09e-12	1.08e-08	5.08e-05	1.44e-02	9.86e-01	0.00e+00	0.00e+00	0.00e+00
 4.28749e+22	1.49e-31	7.33e-25	1.23e-19	1.76e-15	6.90e-12	1.19e-08	5.42e-05	1.49e-02	9.85e-01	0.00e+00	0.00e+00	0.00e+00
 4.31172e+22	1.98e-31	9.40e-25	1.53e-19	2.11e-15	7.96e-12	1.32e-08	5.83e-05	1.55e-02	9.84e-01	0.00e+00	0.00e+00	0.00e+00
 4.33742e+22	2.63e-31	1.20e-24	1.88e-19	2.51e-15	9.15e-12	1.47e-08	6.27e-05	1.60e-02	9.84e-01	0.00e+00	0.00e+00	0.00e+00
 4.36035e+22	3.36e-31	1.49e-24	2.26e-19	2.93e-15	1.03e-11	1.61e-08	6.68e-05	1.66e-02	9.83e-01	0.00e+00	0.00e+00	0.00e+00
 4.38543e+22	4.57e-31	1.95e-24	2.84e-19	3.54e-15	1.20e-11	1.80e-08	7.23e-05	1.72e-02	9.83e-01	0.00e+00	0.00e+00	0.00e+00
 4.41169e+22	6.10e-31	2.50e-24	3.51e-19	4.23e-15	1.39e-11	2.00e-08	7.78e-05	1.79e-02	9.82e-01	0.00e+00	0.00e+00	0.00e+00
 4.43420e+22	7.93e-31	3.14e-24	4.26e-19	4.96e-15	1.57e-11	2.20e-08	8.31e-05	1.85e-02	9.81e-01	0.00e+00	0.00e+00	0.00e+00
 4.45466e+22	1.00e-30	3.85e-24	5.07e-19	5.74e-15	1.77e-11	2.40e-08	8.82e-05	1.91e-02	9.81e-01	0.00e+00	0.00e+00	0.00e+00
 4.47776e+22	1.34e-30	4.96e-24	6.28e-19	6.85e-15	2.04e-11	2.66e-08	9.49e-05	1.98e-02	9.80e-01	0.00e+00	0.00e+00	0.00e+00
 4.50240e+22	1.78e-30	6.32e-24	7.72e-19	8.13e-15	2.33e-11	2.94e-08	1.02e-04	2.05e-02	9.79e-01	0.00e+00	0.00e+00	0.00e+00
 4.52487e+22	2.34e-30	8.00e-24	9.43e-19	9.60e-15	2.66e-11	3.24e-08	1.09e-04	2.12e-02	9.79e-01	0.00e+00	0.00e+00	0.00e+00
 4.54647e+22	3.06e-30	1.01e-23	1.15e-18	1.13e-14	3.03e-11	3.56e-08	1.17e-04	2.20e-02	9.78e-01	0.00e+00	0.00e+00	0.00e+00
 4.56716e+22	3.92e-30	1.25e-23	1.38e-18	1.31e-14	3.41e-11	3.88e-08	1.24e-04	2.27e-02	9.77e-01	0.00e+00	0.00e+00	0.00e+00
 4.59008e+22	5.35e-30	1.64e-23	1.73e-18	1.59e-14	3.95e-11	4.32e-08	1.34e-04	2.36e-02	9.76e-01	0.00e+00	0.00e+00	0.00e+00
 4.61356e+22	7.07e-30	2.08e-23	2.12e-18	1.88e-14	4.51e-11	4.75e-08	1.43e-04	2.44e-02	9.75e-01	0.00e+00	0.00e+00	0.00e+00
 4.63398e+22	9.19e-30	2.61e-23	2.57e-18	2.20e-14	5.11e-11	5.19e-08	1.53e-04	2.52e-02	9.75e-01	0.00e+00	0.00e+00	0.00e+00
 4.65674e+22	1.27e-29	3.45e-23	3.25e-18	2.67e-14	5.95e-11	5.80e-08	1.66e-04	2.63e-02	9.74e-01	0.00e+00	0.00e+00	0.00e+00
 4.68018e+22	1.68e-29	4.39e-23	3.98e-18	3.16e-14	6.79e-11	6.38e-08	1.77e-04	2.72e-02	9.73e-01	0.00e+00	0.00e+00	0.00e+00
 4.70044e+22	2.20e-29	5.53e-23	4.85e-18	3.71e-14	7.70e-11	6.98e-08	1.89e-04	2.81e-02	9.72e-01	0.00e+00	0.00e+00	0.00e+00
 4.71951e+22	2.80e-29	6.83e-23	5.80e-18	4.30e-14	8.64e-11	7.59e-08	2.01e-04	2.90e-02	9.71e-01	0.00e+00	0.00e+00	0.00e+00
 4.74105e+22	3.85e-29	8.98e-23	7.30e-18	5.20e-14	1.00e-10	8.44e-08	2.17e-04	3.01e-02	9.70e-01	0.00e+00	0.00e+00	0.00e+00
 4.76327e+22	5.14e-29	1.15e-22	9.00e-18	6.18e-14	1.15e-10	9.28e-08	2.32e-04	3.12e-02	9.69e-01	0.00e+00	0.00e+00	0.00e+00
 4.78277e+22	6.65e-29	1.44e-22	1.09e-17	7.23e-14	1.30e-10	1.01e-07	2.47e-04	3.22e-02	9.68e-01	0.00e+00	0.00e+00	0.00e+00
 4.80451e+22	9.28e-29	1.92e-22	1.39e-17	8.82e-14	1.51e-10	1.13e-07	2.68e-04	3.36e-02	9.66e-01	0.00e+00	0.00e+00	0.00e+00
 4.82619e+22	1.23e-28	2.44e-22	1.70e-17	1.04e-13	1.72e-10	1.24e-07	2.86e-04	3.47e-02	9.65e-01	0.00e+00	0.00e+00	0.00e+00
 4.84455e+22	1.57e-28	3.02e-22	2.03e-17	1.21e-13	1.94e-10	1.35e-07	3.04e-04	3.58e-02	9.64e-01	0.00e+00	0.00e+00	0.00e+00
 4.86520e+22	2.18e-28	4.00e-22	2.58e-17	1.47e-13	2.26e-10	1.50e-07	3.28e-04	3.72e-02	9.62e-01	0.00e+00	0.00e+00	0.00e+00
 4.88633e+22	2.89e-28	5.11e-22	3.17e-17	1.75e-13	2.57e-10	1.65e-07	3.51e-04	3.85e-02	9.61e-01	0.00e+00	0.00e+00	0.00e+00
 4.90490e+22	3.77e-28	6.43e-22	3.85e-17	2.05e-13	2.92e-10	1.80e-07	3.73e-04	3.97e-02	9.60e-01	0.00e+00	0.00e+00	0.00e+00
 4.92587e+22	5.28e-28	8.58e-22	4.92e-17	2.51e-13	3.41e-10	2.02e-07	4.04e-04	4.13e-02	9.58e-01	0.00e+00	0.00e+00	0.00e+00
 4.94743e+22	7.11e-28	1.11e-21	6.11e-17	3.00e-13	3.92e-10	2.23e-07	4.33e-04	4.28e-02	9.57e-01	0.00e+00	0.00e+00	0.00e+00
 4.96644e+22	9.49e-28	1.42e-21	7.54e-17	3.57e-13	4.49e-10	2.45e-07	4.63e-04	4.43e-02	9.55e-01	0.00e+00	0.00e+00	0.00e+00
 4.98474e+22	1.25e-27	1.80e-21	9.21e-17	4.21e-13	5.10e-10	2.68e-07	4.94e-04	4.57e-02	9.54e-01	0.00e+00	0.00e+00	0.00e+00
 5.00547e+22	1.77e-27	2.43e-21	1.19e-16	5.19e-13	6.01e-10	3.01e-07	5.36e-04	4.76e-02	9.52e-01	0.00e+00	0.00e+00	0.00e+00
 5.02677e+22	2.37e-27	3.14e-21	1.47e-16	6.20e-13	6.90e-10	3.32e-07	5.74e-04	4.92e-02	9.50e-01	0.00e+00	0.00e+00	0.00e+00
 5.04880e+22	3.44e-27	4.33e-21	1.93e-16	7.76e-13	8.22e-10	3.76e-07	6.25e-04	5.14e-02	9.48e-01	0.00e+00	0.00e+00	0.00e+00
 5.07126e+22	4.80e-27	5.77e-21	2.47e-16	9.49e-13	9.61e-10	4.20e-07	6.75e-04	5.34e-02	9.46e-01	0.00e+00	0.00e+00	0.00e+00
 5.08996e+22	6.34e-27	7.34e-21	3.03e-16	1.12e-12	1.10e-09	4.61e-07	7.19e-04	5.51e-02	9.44e-01	0.00e+00	0.00e+00	0.00e+00
 5.10998e+22	9.06e-27	9.98e-21	3.93e-16	1.39e-12	1.30e-09	5.19e-07	7.80e-04	5.73e-02	9.42e-01	0.00e+00	0.00e+00	0.00e+00
 5.13024e+22	1.23e-26	1.30e-20	4.90e-16	1.67e-12	1.49e-09	5.73e-07	8.36e-04	5.93e-02	9.40e-01	0.00e+00	0.00e+00	0.00e+00
 5.14789e+22	1.61e-26	1.65e-20	6.00e-16	1.98e-12	1.70e-09	6.29e-07	8.90e-04	6.11e-02	9.38e-01	0.00e+00	0.00e+00	0.00e+00
 5.16449e+22	2.13e-26	2.09e-20	7.36e-16	2.34e-12	1.94e-09	6.89e-07	9.47e-04	6.30e-02	9.36e-01	0.00e+00	0.00e+00	0.00e+00
 5.17982e+22	2.75e-26	2.61e-20	8.87e-16	2.73e-12	2.18e-09	7.50e-07	1.00e-03	6.48e-02	9.34e-01	0.00e+00	0.00e+00	0.00e+00
 5.19384e+22	3.48e-26	3.20e-20	1.05e-15	3.15e-12	2.44e-09	8.10e-07	1.06e-03	6.64e-02	9.33e-01	0.00e+00	0.00e+00	0.00e+00
 5.20692e+22	4.37e-26	3.89e-20	1.25e-15	3.62e-12	2.71e-09	8.73e-07	1.11e-03	6.81e-02	9.31e-01	0.00e+00	0.00e+00	0.00e+00
 5.22184e+22	5.81e-26	4.99e-20	1.54e-15	4.30e-12	3.11e-09	9.61e-07	1.18e-03	7.02e-02	9.29e-01	0.00e+00	0.00e+00	0.00e+00
 5.23640e+22	7.30e-26	6.07e-20	1.82e-15	4.94e-12	3.46e-09	1.04e-06	1.24e-03	7.19e-02	9.27e-01	0.00e+00	0.00e+00	0.00e+00
 5.24845e+22	9.12e-26	7.36e-20	2.14e-15	5.66e-12	3.84e-09	1.11e-06	1.31e-03	7.36e-02	9.25e-01	0.00e+00	0.00e+00	0.00e+00
 5.26028e+22	1.13e-25	8.87e-20	2.51e-15	6.45e-12	4.25e-09	1.20e-06	1.37e-03	7.53e-02	9.23e-01	0.00e+00	0.00e+00	0.00e+00
 5.27180e+22	1.38e-25	1.06e-19	2.91e-15	7.29e-12	4.67e-09	1.28e-06	1.43e-03	7.69e-02	9.22e-01	0.00e+00	0.00e+00	0.00e+00
 5.28471e+22	1.80e-25	1.33e-19	3.53e-15	8.55e-12	5.28e-09	1.39e-06	1.51e-03	7.91e-02	9.19e-01	0.00e+00	0.00e+00	0.00e+00
 5.29772e+22	2.23e-25	1.60e-19	4.14e-15	9.75e-12	5.85e-09	1.50e-06	1.59e-03	8.09e-02	9.18e-01	0.00e+00	0.00e+00	0.00e+00
 5.30904e+22	2.77e-25	1.93e-19	4.85e-15	1.11e-11	6.47e-09	1.61e-06	1.66e-03	8.27e-02	9.16e-01	0.00e+00	0.00e+00	0.00e+00
 5.32193e+22	3.72e-25	2.49e-19	6.02e-15	1.33e-11	7.42e-09	1.77e-06	1.77e-03	8.51e-02	9.13e-01	0.00e+00	0.00e+00	0.00e+00
 5.33459e+22	4.59e-25	2.99e-19	7.04e-15	1.51e-11	8.20e-09	1.89e-06	1.85e-03	8.70e-02	9.11e-01	0.00e+00	0.00e+00	0.00e+00
 5.34499e+22	5.69e-25	3.60e-19	8.24e-15	1.72e-11	9.06e-09	2.03e-06	1.93e-03	8.89e-02	9.09e-01	0.00e+00	0.00e+00	0.00e+00
 5.35483e+22	6.97e-25	4.29e-19	9.57e-15	1.95e-11	9.96e-09	2.17e-06	2.02e-03	9.06e-02	9.07e-01	0.00e+00	0.00e+00	0.00e+00
 5.36593e+22	8.95e-25	5.33e-19	1.15e-14	2.27e-11	1.12e-08	2.35e-06	2.12e-03	9.29e-02	9.05e-01	0.00e+00	0.00e+00	0.00e+00
 5.37733e+22	1.13e-24	6.50e-19	1.36e-14	2.61e-11	1.25e-08	2.53e-06	2.23e-03	9.50e-02	9.03e-01	0.00e+00	0.00e+00	0.00e+00
 5.38725e+22	1.38e-24	7.76e-19	1.58e-14	2.95e-11	1.37e-08	2.71e-06	2.32e-03	9.69e-02	9.01e-01	0.00e+00	0.00e+00	0.00e+00
 5.39827e+22	1.81e-24	9.81e-19	1.93e-14	3.48e-11	1.55e-08	2.95e-06	2.46e-03	9.95e-02	8.98e-01	0.00e+00	0.00e+00	0.00e+00
 5.40952e+22	2.29e-24	1.20e-18	2.30e-14	4.01e-11	1.73e-08	3.18e-06	2.58e-03	1.02e-01	8.96e-01	0.00e+00	0.00e+00	0.00e+00
 5.41941e+22	2.86e-24	1.46e-18	2.71e-14	4.59e-11	1.92e-08	3.42e-06	2.69e-03	1.04e-01	8.93e-01	0.00e+00	0.00e+00	0.00e+00
 5.43056e+22	3.83e-24	1.88e-18	3.36e-14	5.48e-11	2.20e-08	3.76e-06	2.86e-03	1.07e-01	8.90e-01	0.00e+00	0.00e+00	0.00e+00
 5.44184e+22	4.87e-24	2.32e-18	4.01e-14	6.34e-11	2.46e-08	4.05e-06	3.00e-03	1.09e-01	8.88e-01	0.00e+00	0.00e+00	0.00e+00
 5.45149e+22	6.06e-24	2.80e-18	4.71e-14	7.24e-11	2.73e-08	4.35e-06	3.13e-03	1.11e-01	8.85e-01	0.00e+00	0.00e+00	0.00e+00
 5.46221e+22	8.34e-24	3.69e-18	5.96e-14	8.78e-11	3.16e-08	4.80e-06	3.33e-03	1.15e-01	8.82e-01	0.00e+00	0.00e+00	0.00e+00
 5.47276e+22	1.03e-23	4.45e-18	6.98e-14	1.00e-10	3.49e-08	5.15e-06	3.48e-03	1.17e-01	8.79e-01	0.00e+00	0.00e+00	0.00e+00
 5.48310e+22	1.41e-23	5.84e-18	8.80e-14	1.21e-10	4.03e-08	5.68e-06	3.70e-03	1.20e-01	8.76e-01	0.00e+00	0.00e+00	0.00e+00
 5.49323e+22	1.75e-23	7.02e-18	1.03e-13	1.38e-10	4.44e-08	6.07e-06	3.86e-03	1.23e-01	8.73e-01	0.00e+00	0.00e+00	0.00e+00
 5.50307e+22	2.39e-23	9.21e-18	1.30e-13	1.66e-10	5.13e-08	6.69e-06	4.10e-03	1.26e-01	8.70e-01	0.00e+00	0.00e+00	0.00e+00
 5.51293e+22	2.98e-23	1.12e-17	1.52e-13	1.90e-10	5.67e-08	7.18e-06	4.28e-03	1.29e-01	8.67e-01	0.00e+00	0.00e+00	0.00e+00
 5.52279e+22	4.12e-23	1.48e-17	1.93e-13	2.31e-10	6.58e-08	7.94e-06	4.55e-03	1.32e-01	8.63e-01	0.00e+00	0.00e+00	0.00e+00
 5.53269e+22	5.20e-23	1.81e-17	2.30e-13	2.66e-10	7.32e-08	8.54e-06	4.76e-03	1.35e-01	8.60e-01	0.00e+00	0.00e+00	0.00e+00
 5.54265e+22	7.29e-23	2.42e-17	2.94e-13	3.26e-10	8.54e-08	9.48e-06	5.08e-03	1.39e-01	8.56e-01	0.00e+00	0.00e+00	0.00e+00
 5.55269e+22	9.26e-23	2.98e-17	3.51e-13	3.76e-10	9.54e-08	1.02e-05	5.32e-03	1.42e-01	8.52e-01	0.00e+00	0.00e+00	0.00e+00
 5.56281e+22	1.29e-22	3.99e-17	4.49e-13	4.61e-10	1.11e-07	1.13e-05	5.67e-03	1.46e-01	8.48e-01	0.00e+00	0.00e+00	0.00e+00
 5.57286e+22	1.67e-22	4.97e-17	5.41e-13	5.36e-10	1.25e-07	1.23e-05	5.96e-03	1.50e-01	8.44e-01	0.00e+00	0.00e+00	0.00e+00
 5.58281e+22	2.33e-22	6.64e-17	6.93e-13	6.57e-10	1.45e-07	1.36e-05	6.35e-03	1.54e-01	8.40e-01	0.00e+00	0.00e+00	0.00e+00
 5.59294e+22	3.04e-22	8.38e-17	8.44e-13	7.72e-10	1.64e-07	1.48e-05	6.68e-03	1.58e-01	8.36e-01	0.00e+00	0.00e+00	0.00e+00
 5.60332e+22	4.34e-22	1.14e-16	1.09e-12	9.55e-10	1.93e-07	1.65e-05	7.15e-03	1.62e-01	8.30e-01	0.00e+00	0.00e+00	0.00e+00
 5.61376e+22	5.70e-22	1.44e-16	1.34e-12	1.13e-09	2.19e-07	1.80e-05	7.54e-03	1.66e-01	8.26e-01	0.00e+00	0.00e+00	0.00e+00
 5.62428e+22	8.18e-22	1.98e-16	1.75e-12	1.40e-09	2.58e-07	2.01e-05	8.08e-03	1.71e-01	8.21e-01	0.00e+00	0.00e+00	0.00e+00
 5.63487e+22	1.08e-21	2.51e-16	2.14e-12	1.65e-09	2.93e-07	2.19e-05	8.52e-03	1.75e-01	8.16e-01	0.00e+00	0.00e+00	0.00e+00
 5.64406e+22	1.41e-21	3.18e-16	2.61e-12	1.95e-09	3.32e-07	2.39e-05	8.97e-03	1.79e-01	8.12e-01	0.00e+00	0.00e+00	0.00e+00
 5.65451e+22	2.03e-21	4.33e-16	3.40e-12	2.42e-09	3.92e-07	2.67e-05	9.62e-03	1.85e-01	8.05e-01	0.00e+00	0.00e+00	0.00e+00
 5.66484e+22	2.60e-21	5.38e-16	4.09e-12	2.81e-09	4.40e-07	2.89e-05	1.01e-02	1.89e-01	8.01e-01	0.00e+00	0.00e+00	0.00e+00
 5.67503e+22	3.62e-21	7.17e-16	5.21e-12	3.44e-09	5.12e-07	3.21e-05	1.08e-02	1.94e-01	7.95e-01	0.00e+00	0.00e+00	0.00e+00
 5.68553e+22	4.74e-21	9.06e-16	6.36e-12	4.04e-09	5.80e-07	3.50e-05	1.14e-02	1.99e-01	7.90e-01	0.00e+00	0.00e+00	0.00e+00
 5.69642e+22	6.67e-21	1.22e-15	8.18e-12	4.98e-09	6.80e-07	3.91e-05	1.21e-02	2.05e-01	7.83e-01	0.00e+00	0.00e+00	0.00e+00
 5.70752e+22	8.74e-21	1.54e-15	9.98e-12	5.86e-09	7.72e-07	4.26e-05	1.28e-02	2.09e-01	7.78e-01	0.00e+00	0.00e+00	0.00e+00
 5.71888e+22	1.23e-20	2.08e-15	1.29e-11	7.23e-09	9.07e-07	4.76e-05	1.37e-02	2.16e-01	7.71e-01	0.00e+00	0.00e+00	0.00e+00
 5.73047e+22	1.61e-20	2.62e-15	1.57e-11	8.50e-09	1.03e-06	5.19e-05	1.45e-02	2.21e-01	7.65e-01	0.00e+00	0.00e+00	0.00e+00
 5.74237e+22	2.27e-20	3.52e-15	2.02e-11	1.05e-08	1.21e-06	5.80e-05	1.55e-02	2.27e-01	7.57e-01	0.00e+00	0.00e+00	0.00e+00
 5.75447e+22	2.96e-20	4.43e-15	2.45e-11	1.23e-08	1.37e-06	6.33e-05	1.64e-02	2.32e-01	7.51e-01	0.00e+00	0.00e+00	0.00e+00
 5.76683e+22	4.16e-20	5.95e-15	3.15e-11	1.51e-08	1.61e-06	7.08e-05	1.75e-02	2.39e-01	7.43e-01	0.00e+00	0.00e+00	0.00e+00
 5.77926e+22	5.36e-20	7.41e-15	3.80e-11	1.77e-08	1.81e-06	7.70e-05	1.85e-02	2.44e-01	7.37e-01	0.00e+00	0.00e+00	0.00e+00
 5.79179e+22	7.45e-20	9.87e-15	4.85e-11	2.17e-08	2.12e-06	8.60e-05	1.97e-02	2.51e-01	7.29e-01	0.00e+00	0.00e+00	0.00e+00
 5.80393e+22	9.28e-20	1.19e-14	5.71e-11	2.48e-08	2.36e-06	9.26e-05	2.07e-02	2.56e-01	7.24e-01	0.00e+00	0.00e+00	0.00e+00
 5.81558e+22	1.24e-19	1.54e-14	7.09e-11	2.97e-08	2.72e-06	1.02e-04	2.19e-02	2.62e-01	7.16e-01	0.00e+00	0.00e+00	0.00e+00
 5.82752e+22	1.56e-19	1.87e-14	8.38e-11	3.41e-08	3.03e-06	1.10e-04	2.30e-02	2.67e-01	7.10e-01	0.00e+00	0.00e+00	0.00e+00
 5.83984e+22	2.11e-19	2.43e-14	1.05e-10	4.11e-08	3.51e-06	1.22e-04	2.45e-02	2.74e-01	7.02e-01	0.00e+00	0.00e+00	0.00e+00
 5.85232e+22	2.61e-19	2.93e-14	1.23e-10	4.70e-08	3.90e-06	1.32e-04	2.56e-02	2.79e-01	6.95e-01	0.00e+00	0.00e+00	0.00e+00
 5.86499e+22	3.49e-19	3.77e-14	1.52e-10	5.61e-08	4.48e-06	1.45e-04	2.72e-02	2.86e-01	6.87e-01	0.00e+00	0.00e+00	0.00e+00
 5.87756e+22	4.32e-19	4.53e-14	1.78e-10	6.41e-08	4.97e-06	1.56e-04	2.85e-02	2.91e-01	6.81e-01	0.00e+00	0.00e+00	0.00e+00
 5.89000e+22	5.72e-19	5.79e-14	2.20e-10	7.63e-08	5.71e-06	1.72e-04	3.02e-02	2.97e-01	6.72e-01	0.00e+00	0.00e+00	0.00e+00
 5.90257e+22	6.99e-19	6.89e-14	2.55e-10	8.65e-08	6.30e-06	1.85e-04	3.15e-02	3.02e-01	6.66e-01	0.00e+00	0.00e+00	0.00e+00
 5.91529e+22	9.20e-19	8.75e-14	3.13e-10	1.03e-07	7.22e-06	2.03e-04	3.34e-02	3.09e-01	6.57e-01	0.00e+00	0.00e+00	0.00e+00
 5.92827e+22	1.13e-18	1.05e-13	3.65e-10	1.17e-07	7.98e-06	2.18e-04	3.49e-02	3.14e-01	6.51e-01	0.00e+00	0.00e+00	0.00e+00
 5.94155e+22	1.49e-18	1.33e-13	4.48e-10	1.38e-07	9.15e-06	2.40e-04	3.70e-02	3.21e-01	6.42e-01	0.00e+00	0.00e+00	0.00e+00
 5.95508e+22	1.83e-18	1.59e-13	5.22e-10	1.57e-07	1.01e-05	2.58e-04	3.86e-02	3.26e-01	6.35e-01	0.00e+00	0.00e+00	0.00e+00
 5.96893e+22	2.41e-18	2.02e-13	6.42e-10	1.87e-07	1.16e-05	2.84e-04	4.09e-02	3.33e-01	6.25e-01	0.00e+00	0.00e+00	0.00e+00
 5.98303e+22	2.96e-18	2.42e-13	7.49e-10	2.13e-07	1.29e-05	3.06e-04	4.28e-02	3.39e-01	6.18e-01	0.00e+00	0.00e+00	0.00e+00
 5.99747e+22	3.90e-18	3.07e-13	9.20e-10	2.53e-07	1.48e-05	3.37e-04	4.54e-02	3.46e-01	6.08e-01	0.00e+00	0.00e+00	0.00e+00
 6.01158e+22	4.68e-18	3.60e-13	1.05e-09	2.84e-07	1.62e-05	3.60e-04	4.72e-02	3.51e-01	6.02e-01	0.00e+00	0.00e+00	0.00e+00
 6.02527e+22	6.08e-18	4.52e-13	1.28e-09	3.34e-07	1.85e-05	3.95e-04	4.99e-02	3.58e-01	5.92e-01	0.00e+00	0.00e+00	0.00e+00
 6.03917e+22	7.30e-18	5.30e-13	1.47e-09	3.75e-07	2.02e-05	4.21e-04	5.18e-02	3.63e-01	5.85e-01	0.00e+00	0.00e+00	0.00e+00
 6.05335e+22	9.38e-18	6.60e-13	1.77e-09	4.39e-07	2.30e-05	4.61e-04	5.47e-02	3.69e-01	5.76e-01	0.00e+00	0.00e+00	0.00e+00
 6.06797e+22	1.15e-17	7.87e-13	2.06e-09	4.99e-07	2.54e-05	4.95e-04	5.70e-02	3.75e-01	5.68e-01	0.00e+00	0.00e+00	0.00e+00
 6.08316e+22	1.48e-17	9.79e-13	2.49e-09	5.84e-07	2.88e-05	5.41e-04	6.02e-02	3.81e-01	5.58e-01	0.00e+00	0.00e+00	0.00e+00
 6.09885e+22	1.83e-17	1.18e-12	2.92e-09	6.68e-07	3.21e-05	5.84e-04	6.29e-02	3.87e-01	5.50e-01	0.00e+00	0.00e+00	0.00e+00
 6.11519e+22	2.37e-17	1.48e-12	3.55e-09	7.87e-07	3.66e-05	6.41e-04	6.65e-02	3.94e-01	5.39e-01	2.37e-17	5.91e-28	6.29e-28
 6.13197e+22	2.95e-17	1.79e-12	4.18e-09	9.03e-07	4.08e-05	6.92e-04	6.96e-02	3.99e-01	5.30e-01	2.95e-17	5.52e-26	6.95e-26
 6.14933e+22	3.86e-17	2.26e-12	5.11e-09	1.07e-06	4.67e-05	7.62e-04	7.35e-02	4.06e-01	5.19e-01	3.86e-17	7.21e-26	9.08e-26
 6.16726e+22	4.84e-17	2.75e-12	6.06e-09	1.23e-06	5.23e-05	8.26e-04	7.71e-02	4.12e-01	5.10e-01	4.84e-17	9.05e-26	1.14e-25
 6.18593e+22	6.40e-17	3.51e-12	7.47e-09	1.47e-06	6.02e-05	9.11e-04	8.17e-02	4.19e-01	4.98e-01	6.40e-17	1.20e-25	1.51e-25
 6.20512e+22	8.10e-17	4.31e-12	8.91e-09	1.70e-06	6.78e-05	9.91e-04	8.57e-02	4.25e-01	4.88e-01	8.10e-17	1.52e-25	1.91e-25
 6.22237e+22	1.01e-16	5.23e-12	1.05e-08	1.96e-06	7.57e-05	1.07e-03	8.96e-02	4.30e-01	4.79e-01	1.01e-16	1.89e-25	2.38e-25
 6.24219e+22	1.36e-16	6.80e-12	1.32e-08	2.37e-06	8.81e-05	1.19e-03	9.53e-02	4.38e-01	4.66e-01	1.36e-16	2.56e-25	3.22e-25
 6.26213e+22	1.70e-16	8.23e-12	1.55e-08	2.71e-06	9.82e-05	1.29e-03	9.96e-02	4.43e-01	4.56e-01	1.70e-16	3.18e-25	4.01e-25
 6.28223e+22	2.28e-16	1.06e-11	1.93e-08	3.26e-06	1.14e-04	1.43e-03	1.06e-01	4.49e-01	4.44e-01	2.28e-16	4.27e-25	5.38e-25
 6.30276e+22	2.89e-16	1.31e-11	2.31e-08	3.79e-06	1.28e-04	1.55e-03	1.11e-01	4.54e-01	4.33e-01	2.89e-16	5.41e-25	6.81e-25
 6.32384e+22	3.90e-16	1.70e-11	2.89e-08	4.58e-06	1.49e-04	1.73e-03	1.18e-01	4.61e-01	4.20e-01	3.90e-16	7.32e-25	9.21e-25
 6.34525e+22	4.97e-16	2.10e-11	3.47e-08	5.33e-06	1.68e-04	1.88e-03	1.23e-01	4.66e-01	4.09e-01	4.97e-16	9.33e-25	1.17e-24
 6.36709e+22	6.81e-16	2.76e-11	4.39e-08	6.51e-06	1.98e-04	2.10e-03	1.31e-01	4.72e-01	3.95e-01	6.81e-16	1.28e-24	1.61e-24
 6.38903e+22	8.65e-16	3.40e-11	5.26e-08	7.56e-06	2.23e-04	2.29e-03	1.37e-01	4.76e-01	3.84e-01	8.65e-16	1.62e-24	2.04e-24
 6.40724e+22	1.07e-15	4.11e-11	6.18e-08	8.67e-06	2.49e-04	2.47e-03	1.43e-01	4.80e-01	3.74e-01	1.07e-15	2.02e-24	2.54e-24
 6.42705e+22	1.43e-15	5.26e-11	7.66e-08	1.04e-05	2.88e-04	2.73e-03	1.52e-01	4.85e-01	3.61e-01	1.43e-15	2.68e-24	3.38e-24
 6.44679e+22	1.76e-15	6.32e-11	8.97e-08	1.19e-05	3.20e-04	2.94e-03	1.58e-01	4.88e-01	3.51e-01	1.76e-15	3.31e-24	4.17e-24
 6.46642e+22	2.33e-15	8.07e-11	1.11e-07	1.42e-05	3.70e-04	3.26e-03	1.67e-01	4.92e-01	3.38e-01	2.33e-15	4.39e-24	5.52e-24
 6.48631e+22	2.89e-15	9.73e-11	1.30e-07	1.63e-05	4.13e-04	3.52e-03	1.73e-01	4.94e-01	3.28e-01	2.89e-15	5.44e-24	6.84e-24
 6.50653e+22	3.85e-15	1.25e-10	1.62e-07	1.96e-05	4.80e-04	3.91e-03	1.83e-01	4.97e-01	3.15e-01	3.85e-15	7.25e-24	9.11e-24
 6.52700e+22	4.79e-15	1.51e-10	1.91e-07	2.25e-05	5.38e-04	4.23e-03	1.91e-01	4.99e-01	3.05e-01	4.79e-15	9.02e-24	1.13e-23
 6.54779e+22	6.38e-15	1.94e-10	2.37e-07	2.72e-05	6.27e-04	4.70e-03	2.02e-01	5.02e-01	2.91e-01	6.38e-15	1.20e-23	1.51e-23
 6.56899e+22	8.00e-15	2.37e-10	2.82e-07	3.15e-05	7.07e-04	5.12e-03	2.11e-01	5.03e-01	2.80e-01	8.00e-15	1.51e-23	1.90e-23
 6.59070e+22	1.07e-14	3.06e-10	3.53e-07	3.82e-05	8.29e-04	5.72e-03	2.23e-01	5.04e-01	2.66e-01	1.07e-14	2.02e-23	2.54e-23
 6.61284e+22	1.35e-14	3.74e-10	4.21e-07	4.45e-05	9.41e-04	6.25e-03	2.33e-01	5.04e-01	2.55e-01	1.35e-14	2.55e-23	3.21e-23
 6.63555e+22	1.82e-14	4.85e-10	5.30e-07	5.44e-05	1.11e-03	7.02e-03	2.47e-01	5.04e-01	2.41e-01	1.82e-14	3.44e-23	4.32e-23
 6.65846e+22	2.28e-14	5.92e-10	6.32e-07	6.34e-05	1.26e-03	7.67e-03	2.58e-01	5.03e-01	2.30e-01	2.28e-14	4.32e-23	5.42e-23
 6.67771e+22	2.80e-14	7.08e-10	7.41e-07	7.29e-05	1.42e-03	8.33e-03	2.68e-01	5.02e-01	2.20e-01	2.80e-14	5.30e-23	6.65e-23
 6.69858e+22	3.61e-14	8.85e-10	9.04e-07	8.69e-05	1.64e-03	9.25e-03	2.82e-01	4.99e-01	2.08e-01	3.61e-14	6.83e-23	8.57e-23
 6.71961e+22	4.39e-14	1.05e-09	1.06e-06	9.98e-05	1.85e-03	1.00e-02	2.93e-01	4.97e-01	1.98e-01	4.39e-14	8.32e-23	1.04e-22
 6.74019e+22	5.53e-14	1.29e-09	1.27e-06	1.18e-04	2.13e-03	1.11e-02	3.06e-01	4.93e-01	1.87e-01	5.53e-14	1.05e-22	1.32e-22
 6.76118e+22	6.70e-14	1.53e-09	1.48e-06	1.35e-04	2.40e-03	1.21e-02	3.18e-01	4.90e-01	1.77e-01	6.70e-14	1.27e-22	1.60e-22
 6.78174e+22	8.24e-14	1.84e-09	1.76e-06	1.58e-04	2.73e-03	1.33e-02	3.32e-01	4.85e-01	1.67e-01	8.24e-14	1.56e-22	1.96e-22
 6.80275e+22	9.94e-14	2.17e-09	2.05e-06	1.81e-04	3.09e-03	1.45e-02	3.45e-01	4.80e-01	1.57e-01	9.94e-14	1.89e-22	2.37e-22
 6.82350e+22	1.20e-13	2.57e-09	2.39e-06	2.09e-04	3.50e-03	1.58e-02	3.58e-01	4.74e-01	1.48e-01	1.20e-13	2.28e-22	2.86e-22
 6.84437e+22	1.42e-13	3.00e-09	2.77e-06	2.40e-04	3.94e-03	1.73e-02	3.71e-01	4.68e-01	1.39e-01	1.42e-13	2.71e-22	3.40e-22
 6.86499e+22	1.68e-13	3.48e-09	3.20e-06	2.74e-04	4.43e-03	1.88e-02	3.85e-01	4.61e-01	1.31e-01	1.68e-13	3.20e-22	4.01e-22
 6.88557e+22	1.97e-13	4.02e-09	3.67e-06	3.12e-04	4.96e-03	2.04e-02	3.98e-01	4.54e-01	1.23e-01	1.97e-13	3.75e-22	4.70e-22
 6.90618e+22	2.28e-13	4.61e-09	4.20e-06	3.55e-04	5.55e-03	2.22e-02	4.11e-01	4.47e-01	1.15e-01	2.28e-13	4.36e-22	5.46e-22
 6.92687e+22	2.63e-13	5.26e-09	4.78e-06	4.02e-04	6.20e-03	2.40e-02	4.24e-01	4.38e-01	1.07e-01	2.63e-13	5.03e-22	6.30e-22
 6.94767e+22	3.02e-13	5.98e-09	5.42e-06	4.54e-04	6.91e-03	2.60e-02	4.36e-01	4.30e-01	1.00e-01	3.02e-13	5.77e-22	7.23e-22
 6.96866e+22	3.44e-13	6.75e-09	6.13e-06	5.12e-04	7.68e-03	2.82e-02	4.49e-01	4.21e-01	9.35e-02	3.44e-13	6.58e-22	8.24e-22
 6.98989e+22	3.90e-13	7.60e-09	6.92e-06	5.77e-04	8.53e-03	3.05e-02	4.62e-01	4.12e-01	8.71e-02	3.90e-13	7.46e-22	9.35e-22
 7.01122e+22	4.38e-13	8.51e-09	7.77e-06	6.47e-04	9.44e-03	3.29e-02	4.74e-01	4.02e-01	8.10e-02	4.38e-13	8.40e-22	1.05e-21
 7.03290e+22	4.92e-13	9.52e-09	8.73e-06	7.27e-04	1.05e-02	3.55e-02	4.86e-01	3.92e-01	7.51e-02	4.92e-13	9.44e-22	1.18e-21
 7.05482e+22	5.48e-13	1.06e-08	9.77e-06	8.14e-04	1.15e-02	3.83e-02	4.98e-01	3.82e-01	6.97e-02	5.48e-13	1.05e-21	1.32e-21
 7.07716e+22	6.11e-13	1.18e-08	1.09e-05	9.13e-04	1.28e-02	4.13e-02	5.09e-01	3.71e-01	6.43e-02	6.11e-13	1.17e-21	1.47e-21
 7.09991e+22	6.76e-13	1.30e-08	1.22e-05	1.02e-03	1.40e-02	4.44e-02	5.21e-01	3.61e-01	5.94e-02	6.76e-13	1.30e-21	1.63e-21
 7.12077e+22	7.34e-13	1.42e-08	1.34e-05	1.12e-03	1.52e-02	4.72e-02	5.29e-01	3.51e-01	5.55e-02	7.34e-13	1.42e-21	1.77e-21
 7.14256e+22	8.09e-13	1.57e-08	1.50e-05	1.26e-03	1.68e-02	5.09e-02	5.40e-01	3.40e-01	5.08e-02	8.09e-13	1.56e-21	1.95e-21
 7.16466e+22	8.77e-13	1.70e-08	1.64e-05	1.38e-03	1.81e-02	5.40e-02	5.49e-01	3.30e-01	4.74e-02	8.77e-13	1.70e-21	2.12e-21
 7.18735e+22	9.67e-13	1.89e-08	1.84e-05	1.55e-03	1.99e-02	5.82e-02	5.59e-01	3.18e-01	4.32e-02	9.67e-13	1.87e-21	2.34e-21
 7.21008e+22	1.04e-12	2.04e-08	2.00e-05	1.69e-03	2.15e-02	6.16e-02	5.66e-01	3.09e-01	4.02e-02	1.04e-12	2.02e-21	2.52e-21
 7.23287e+22	1.14e-12	2.25e-08	2.24e-05	1.90e-03	2.35e-02	6.61e-02	5.75e-01	2.97e-01	3.66e-02	1.14e-12	2.21e-21	2.76e-21
 7.25576e+22	1.23e-12	2.44e-08	2.44e-05	2.07e-03	2.52e-02	6.98e-02	5.81e-01	2.88e-01	3.40e-02	1.23e-12	2.38e-21	2.98e-21
 7.27879e+22	1.34e-12	2.68e-08	2.72e-05	2.31e-03	2.76e-02	7.47e-02	5.89e-01	2.76e-01	3.09e-02	1.34e-12	2.60e-21	3.25e-21
 7.30206e+22	1.44e-12	2.90e-08	2.97e-05	2.52e-03	2.95e-02	7.87e-02	5.94e-01	2.67e-01	2.86e-02	1.44e-12	2.80e-21	3.50e-21
 7.32566e+22	1.57e-12	3.20e-08	3.32e-05	2.82e-03	3.22e-02	8.41e-02	6.00e-01	2.55e-01	2.59e-02	1.57e-12	3.06e-21	3.82e-21
 7.34959e+22	1.69e-12	3.47e-08	3.63e-05	3.08e-03	3.44e-02	8.85e-02	6.04e-01	2.46e-01	2.39e-02	1.69e-12	3.30e-21	4.12e-21
 7.37395e+22	1.84e-12	3.84e-08	4.06e-05	3.45e-03	3.74e-02	9.44e-02	6.09e-01	2.34e-01	2.15e-02	1.84e-12	3.62e-21	4.51e-21
 7.39877e+22	1.99e-12	4.18e-08	4.46e-05	3.78e-03	3.99e-02	9.92e-02	6.12e-01	2.25e-01	1.98e-02	1.99e-12	3.92e-21	4.88e-21
 7.42418e+22	2.19e-12	4.65e-08	5.02e-05	4.24e-03	4.34e-02	1.06e-01	6.15e-01	2.13e-01	1.77e-02	2.19e-12	4.31e-21	5.37e-21
 7.45020e+22	2.38e-12	5.10e-08	5.54e-05	4.65e-03	4.64e-02	1.11e-01	6.17e-01	2.04e-01	1.62e-02	2.38e-12	4.70e-21	5.86e-21
 7.47699e+22	2.63e-12	5.72e-08	6.27e-05	5.24e-03	5.04e-02	1.18e-01	6.19e-01	1.93e-01	1.44e-02	2.63e-12	5.20e-21	6.48e-21
 7.50422e+22	2.88e-12	6.32e-08	6.96e-05	5.76e-03	5.38e-02	1.24e-01	6.19e-01	1.84e-01	1.31e-02	2.88e-12	5.71e-21	7.11e-21
 7.52717e+22	3.12e-12	6.91e-08	7.63e-05	6.27e-03	5.70e-02	1.29e-01	6.19e-01	1.76e-01	1.21e-02	3.12e-12	6.20e-21	7.72e-21
 7.55217e+22	3.45e-12	7.74e-08	8.60e-05	6.99e-03	6.13e-02	1.37e-01	6.18e-01	1.67e-01	1.08e-02	3.45e-12	6.88e-21	8.56e-21
 7.57636e+22	3.74e-12	8.44e-08	9.38e-05	7.55e-03	6.45e-02	1.42e-01	6.16e-01	1.60e-01	9.99e-03	3.74e-12	7.46e-21	9.29e-21
 7.59953e+22	4.09e-12	9.37e-08	1.05e-04	8.33e-03	6.88e-02	1.49e-01	6.14e-01	1.51e-01	8.98e-03	4.09e-12	8.19e-21	1.02e-20
 7.62295e+22	4.48e-12	1.03e-07	1.15e-04	9.01e-03	7.24e-02	1.54e-01	6.11e-01	1.45e-01	8.29e-03	4.48e-12	8.99e-21	1.12e-20
 7.64670e+22	4.96e-12	1.16e-07	1.29e-04	9.95e-03	7.72e-02	1.61e-01	6.08e-01	1.37e-01	7.43e-03	4.96e-12	9.98e-21	1.24e-20
 7.67082e+22	5.46e-12	1.28e-07	1.42e-04	1.08e-02	8.11e-02	1.66e-01	6.04e-01	1.31e-01	6.83e-03	5.46e-12	1.10e-20	1.37e-20
 7.69540e+22	6.09e-12	1.44e-07	1.60e-04	1.19e-02	8.64e-02	1.74e-01	5.99e-01	1.23e-01	6.09e-03	6.09e-12	1.23e-20	1.53e-20
 7.72032e+22	6.77e-12	1.61e-07	1.76e-04	1.29e-02	9.09e-02	1.80e-01	5.94e-01	1.17e-01	5.57e-03	6.77e-12	1.37e-20	1.71e-20
 7.74568e+22	7.63e-12	1.83e-07	2.00e-04	1.43e-02	9.67e-02	1.87e-01	5.87e-01	1.10e-01	4.95e-03	7.63e-12	1.55e-20	1.93e-20
 7.77154e+22	8.57e-12	2.06e-07	2.22e-04	1.56e-02	1.02e-01	1.93e-01	5.81e-01	1.04e-01	4.51e-03	8.57e-12	1.75e-20	2.17e-20
 7.79808e+22	9.76e-12	2.37e-07	2.54e-04	1.73e-02	1.08e-01	2.01e-01	5.72e-01	9.69e-02	3.97e-03	9.76e-12	2.00e-20	2.49e-20
 7.82518e+22	1.10e-11	2.69e-07	2.83e-04	1.89e-02	1.14e-01	2.07e-01	5.65e-01	9.16e-02	3.59e-03	1.10e-11	2.28e-20	2.82e-20
 7.85299e+22	1.28e-11	3.14e-07	3.26e-04	2.11e-02	1.21e-01	2.15e-01	5.54e-01	8.48e-02	3.14e-03	1.28e-11	2.66e-20	3.29e-20
 7.88151e+22	1.47e-11	3.59e-07	3.67e-04	2.30e-02	1.28e-01	2.22e-01	5.45e-01	7.96e-02	2.82e-03	1.47e-11	3.05e-20	3.78e-20
 7.91095e+22	1.74e-11	4.27e-07	4.26e-04	2.58e-02	1.36e-01	2.30e-01	5.32e-01	7.32e-02	2.44e-03	1.74e-11	3.63e-20	4.50e-20
 7.94066e+22	2.02e-11	4.92e-07	4.81e-04	2.82e-02	1.43e-01	2.36e-01	5.22e-01	6.86e-02	2.18e-03	2.02e-11	4.23e-20	5.24e-20
 7.97074e+22	2.41e-11	5.87e-07	5.61e-04	3.15e-02	1.52e-01	2.44e-01	5.08e-01	6.27e-02	1.87e-03	2.41e-11	5.08e-20	6.28e-20
 8.00113e+22	2.81e-11	6.80e-07	6.34e-04	3.44e-02	1.59e-01	2.49e-01	4.96e-01	5.84e-02	1.67e-03	2.81e-11	5.95e-20	7.36e-20
 8.03193e+22	3.42e-11	8.22e-07	7.42e-04	3.85e-02	1.69e-01	2.56e-01	4.80e-01	5.32e-02	1.43e-03	3.42e-11	7.30e-20	9.02e-20
 8.06230e+22	3.98e-11	9.50e-07	8.35e-04	4.19e-02	1.77e-01	2.61e-01	4.68e-01	4.95e-02	1.27e-03	3.98e-11	8.54e-20	1.06e-19
 8.09210e+22	4.85e-11	1.14e-06	9.72e-04	4.65e-02	1.87e-01	2.67e-01	4.52e-01	4.51e-02	1.09e-03	4.85e-11	1.05e-19	1.29e-19
 8.12293e+22	5.75e-11	1.34e-06	1.10e-03	5.08e-02	1.95e-01	2.72e-01	4.38e-01	4.16e-02	9.57e-04	5.75e-11	1.25e-19	1.54e-19
 8.14869e+22	6.64e-11	1.53e-06	1.23e-03	5.46e-02	2.02e-01	2.76e-01	4.27e-01	3.88e-02	8.57e-04	6.64e-11	1.45e-19	1.79e-19
 8.17575e+22	7.99e-11	1.81e-06	1.40e-03	5.97e-02	2.12e-01	2.80e-01	4.12e-01	3.55e-02	7.46e-04	7.99e-11	1.76e-19	2.16e-19
 8.20362e+22	9.36e-11	2.09e-06	1.57e-03	6.44e-02	2.19e-01	2.83e-01	3.98e-01	3.29e-02	6.60e-04	9.36e-11	2.07e-19	2.55e-19
 8.22866e+22	1.10e-10	2.40e-06	1.75e-03	6.93e-02	2.27e-01	2.85e-01	3.86e-01	3.05e-02	5.86e-04	1.10e-10	2.44e-19	3.00e-19
 8.25730e+22	1.34e-10	2.86e-06	2.01e-03	7.58e-02	2.37e-01	2.88e-01	3.69e-01	2.76e-02	5.04e-04	1.34e-10	3.00e-19	3.70e-19
 8.28694e+22	1.60e-10	3.35e-06	2.27e-03	8.20e-02	2.45e-01	2.90e-01	3.55e-01	2.53e-02	4.38e-04	1.60e-10	3.61e-19	4.43e-19
 8.31331e+22	1.89e-10	3.87e-06	2.54e-03	8.81e-02	2.53e-01	2.91e-01	3.42e-01	2.33e-02	3.86e-04	1.89e-10	4.30e-19	5.28e-19
 8.34300e+22	2.34e-10	4.65e-06	2.91e-03	9.62e-02	2.63e-01	2.92e-01	3.25e-01	2.09e-02	3.28e-04	2.34e-10	5.37e-19	6.60e-19
 8.37407e+22	2.84e-10	5.49e-06	3.30e-03	1.04e-01	2.72e-01	2.92e-01	3.10e-01	1.89e-02	2.82e-04	2.84e-10	6.56e-19	8.05e-19
 8.40216e+22	3.41e-10	6.40e-06	3.70e-03	1.12e-01	2.80e-01	2.92e-01	2.96e-01	1.72e-02	2.45e-04	3.41e-10	7.94e-19	9.74e-19
 8.43389e+22	4.31e-10	7.77e-06	4.28e-03	1.22e-01	2.90e-01	2.90e-01	2.78e-01	1.53e-02	2.05e-04	4.31e-10	1.01e-18	1.24e-18
 8.46661e+22	5.29e-10	9.21e-06	4.85e-03	1.32e-01	2.98e-01	2.89e-01	2.63e-01	1.37e-02	1.74e-04	5.29e-10	1.26e-18	1.54e-18
 8.49572e+22	6.42e-10	1.08e-05	5.44e-03	1.41e-01	3.06e-01	2.86e-01	2.49e-01	1.23e-02	1.49e-04	6.42e-10	1.54e-18	1.88e-18
 8.52868e+22	8.20e-10	1.31e-05	6.28e-03	1.53e-01	3.15e-01	2.83e-01	2.32e-01	1.08e-02	1.23e-04	8.20e-10	1.99e-18	2.43e-18
 8.56288e+22	1.02e-09	1.57e-05	7.13e-03	1.65e-01	3.22e-01	2.79e-01	2.17e-01	9.55e-03	1.03e-04	1.02e-09	2.50e-18	3.06e-18
 8.59360e+22	1.25e-09	1.84e-05	8.01e-03	1.77e-01	3.28e-01	2.74e-01	2.04e-01	8.51e-03	8.71e-05	1.25e-09	3.11e-18	3.79e-18
 8.62842e+22	1.63e-09	2.26e-05	9.26e-03	1.92e-01	3.36e-01	2.68e-01	1.88e-01	7.33e-03	7.03e-05	1.63e-09	4.09e-18	4.99e-18
 8.66458e+22	2.06e-09	2.71e-05	1.05e-02	2.06e-01	3.42e-01	2.62e-01	1.74e-01	6.38e-03	5.77e-05	2.06e-09	5.24e-18	6.38e-18
 8.69698e+22	2.55e-09	3.20e-05	1.18e-02	2.19e-01	3.47e-01	2.56e-01	1.61e-01	5.61e-03	4.81e-05	2.55e-09	6.58e-18	8.01e-18
 8.73361e+22	3.38e-09	3.96e-05	1.37e-02	2.37e-01	3.52e-01	2.47e-01	1.46e-01	4.74e-03	3.78e-05	3.38e-09	8.85e-18	1.08e-17
 8.77096e+22	4.26e-09	4.73e-05	1.55e-02	2.52e-01	3.55e-01	2.39e-01	1.34e-01	4.09e-03	3.08e-05	4.26e-09	1.13e-17	1.38e-17
 8.80926e+22	5.70e-09	5.87e-05	1.79e-02	2.72e-01	3.58e-01	2.29e-01	1.20e-01	3.41e-03	2.38e-05	5.70e-09	1.54e-17	1.87e-17
 8.84794e+22	7.22e-09	7.00e-05	2.01e-02	2.88e-01	3.60e-01	2.20e-01	1.09e-01	2.92e-03	1.92e-05	7.22e-09	1.99e-17	2.41e-17
 8.88713e+22	9.73e-09	8.71e-05	2.33e-02	3.09e-01	3.60e-01	2.08e-01	9.69e-02	2.39e-03	1.46e-05	9.73e-09	2.73e-17	3.31e-17
 8.92666e+22	1.23e-08	1.04e-04	2.61e-02	3.26e-01	3.60e-01	1.99e-01	8.76e-02	2.03e-03	1.17e-05	1.23e-08	3.52e-17	4.26e-17
 8.96665e+22	1.67e-08	1.29e-04	3.01e-02	3.47e-01	3.57e-01	1.87e-01	7.68e-02	1.64e-03	8.73e-06	1.67e-08	4.88e-17	5.90e-17
 9.00709e+22	2.13e-08	1.53e-04	3.36e-02	3.64e-01	3.55e-01	1.77e-01	6.89e-02	1.38e-03	6.90e-06	2.13e-08	6.33e-17	7.64e-17
 9.04814e+22	2.90e-08	1.91e-04	3.86e-02	3.86e-01	3.50e-01	1.64e-01	5.96e-02	1.10e-03	5.07e-06	2.90e-08	8.83e-17	1.07e-16
 9.08967e+22	3.69e-08	2.26e-04	4.30e-02	4.03e-01	3.45e-01	1.54e-01	5.30e-02	9.18e-04	3.96e-06	3.69e-08	1.15e-16	1.38e-16
 9.13184e+22	5.05e-08	2.82e-04	4.93e-02	4.25e-01	3.38e-01	1.42e-01	4.53e-02	7.21e-04	2.86e-06	5.05e-08	1.62e-16	1.94e-16
 9.17313e+22	6.35e-08	3.30e-04	5.43e-02	4.40e-01	3.31e-01	1.33e-01	4.03e-02	6.02e-04	2.24e-06	6.35e-08	2.07e-16	2.49e-16
 9.21329e+22	8.52e-08	4.05e-04	6.14e-02	4.60e-01	3.22e-01	1.22e-01	3.45e-02	4.74e-04	1.63e-06	8.52e-08	2.86e-16	3.44e-16
 9.24651e+22	9.74e-08	4.44e-04	6.49e-02	4.68e-01	3.17e-01	1.17e-01	3.21e-02	4.24e-04	1.41e-06	9.74e-08	3.32e-16	3.98e-16
