#depth	H	H+	H2
 4.62852e+21	4.53e-09	1.00e+00	1.71e-37
 1.02138e+22	9.74e-09	1.00e+00	1.56e-36
 1.15282e+22	1.29e-08	1.00e+00	3.96e-36
 1.20647e+22	1.48e-08	1.00e+00	6.41e-36
 1.22921e+22	1.54e-08	1.00e+00	7.35e-36
 1.24022e+22	1.61e-08	1.00e+00	8.71e-36
 1.25237e+22	1.69e-08	1.00e+00	1.03e-35
 1.26413e+22	1.77e-08	1.00e+00	1.22e-35
 1.27591e+22	1.85e-08	1.00e+00	1.46e-35
 1.28792e+22	1.94e-08	1.00e+00	1.75e-35
 1.29988e+22	2.03e-08	1.00e+00	2.10e-35
 1.31176e+22	2.13e-08	1.00e+00	2.53e-35
 1.32358e+22	2.23e-08	1.00e+00	3.06e-35
 1.33533e+22	2.34e-08	1.00e+00	3.69e-35
 1.34702e+22	2.45e-08	1.00e+00	4.46e-35
 1.35864e+22	2.56e-08	1.00e+00	5.39e-35
 1.37020e+22	2.68e-08	1.00e+00	6.50e-35
 1.38164e+22	2.80e-08	1.00e+00	7.86e-35
 1.39306e+22	2.93e-08	1.00e+00	9.54e-35
 1.40447e+22	3.06e-08	1.00e+00	1.16e-34
 1.41580e+22	3.20e-08	1.00e+00	1.40e-34
 1.42711e+22	3.35e-08	1.00e+00	1.70e-34
 1.43842e+22	3.50e-08	1.00e+00	2.05e-34
 1.44973e+22	3.66e-08	1.00e+00	2.48e-34
 1.46106e+22	3.82e-08	1.00e+00	3.00e-34
 1.47244e+22	3.99e-08	1.00e+00	3.62e-34
 1.48392e+22	4.17e-08	1.00e+00	4.37e-34
 1.49550e+22	4.36e-08	1.00e+00	5.28e-34
 1.50721e+22	4.55e-08	1.00e+00	6.36e-34
 1.51909e+22	4.75e-08	1.00e+00	7.66e-34
 1.53115e+22	4.97e-08	1.00e+00	9.24e-34
 1.54345e+22	5.19e-08	1.00e+00	1.11e-33
 1.55603e+22	5.42e-08	1.00e+00	1.34e-33
 1.56834e+22	5.64e-08	1.00e+00	1.59e-33
 1.58101e+22	5.89e-08	1.00e+00	6.59e-34
 1.59389e+22	6.13e-08	1.00e+00	7.95e-34
 1.60719e+22	6.41e-08	1.00e+00	9.75e-34
 1.62072e+22	6.66e-08	1.00e+00	1.17e-33
 1.63473e+22	6.97e-08	1.00e+00	1.44e-33
 1.64902e+22	7.24e-08	1.00e+00	1.73e-33
 1.66385e+22	7.58e-08	1.00e+00	2.13e-33
 1.67860e+22	7.85e-08	1.00e+00	2.53e-33
 1.69370e+22	8.22e-08	1.00e+00	3.07e-33
 1.70907e+22	8.52e-08	1.00e+00	3.62e-33
 1.72478e+22	8.91e-08	1.00e+00	4.18e-33
 1.74053e+22	9.22e-08	1.00e+00	4.91e-33
 1.75635e+22	9.63e-08	1.00e+00	6.01e-33
 1.77248e+22	9.96e-08	1.00e+00	7.06e-33
 1.78901e+22	1.04e-07	1.00e+00	8.68e-33
 1.80539e+22	1.07e-07	1.00e+00	1.00e-32
 1.82158e+22	1.12e-07	1.00e+00	1.23e-32
 1.83800e+22	1.16e-07	1.00e+00	1.35e-32
 1.85472e+22	1.21e-07	1.00e+00	1.65e-32
 1.87168e+22	1.25e-07	1.00e+00	1.92e-32
 1.88893e+22	1.31e-07	1.00e+00	2.36e-32
 1.90648e+22	1.35e-07	1.00e+00	2.77e-32
 1.92443e+22	1.41e-07	1.00e+00	3.41e-32
 1.94192e+22	1.46e-07	1.00e+00	3.94e-32
 1.95640e+22	1.51e-07	1.00e+00	4.56e-32
 1.97068e+22	1.56e-07	1.00e+00	5.28e-32
 1.98709e+22	1.62e-07	1.00e+00	6.40e-32
 2.00338e+22	1.68e-07	1.00e+00	7.37e-32
 2.01648e+22	1.72e-07	1.00e+00	8.36e-32
 2.03052e+22	1.79e-07	1.00e+00	9.57e-32
 2.04346e+22	1.83e-07	1.00e+00	1.06e-31
 2.05499e+22	1.90e-07	1.00e+00	1.22e-31
 2.06613e+22	1.94e-07	1.00e+00	1.35e-31
 2.07677e+22	2.00e-07	1.00e+00	1.53e-31
 2.08765e+22	2.05e-07	1.00e+00	1.71e-31
 2.09708e+22	2.10e-07	1.00e+00	1.89e-31
 2.10758e+22	2.17e-07	1.00e+00	2.16e-31
 2.11786e+22	2.21e-07	1.00e+00	2.38e-31
 2.12785e+22	2.29e-07	1.00e+00	2.72e-31
 2.13783e+22	2.34e-07	1.00e+00	2.99e-31
 2.14777e+22	2.42e-07	1.00e+00	3.43e-31
 2.15710e+22	2.47e-07	1.00e+00	3.74e-31
 2.16565e+22	2.55e-07	1.00e+00	4.21e-31
 2.17436e+22	2.60e-07	1.00e+00	4.61e-31
 2.18329e+22	2.70e-07	1.00e+00	5.26e-31
 2.19211e+22	2.76e-07	1.00e+00	5.77e-31
 2.20078e+22	2.86e-07	1.00e+00	6.58e-31
 2.20952e+22	2.93e-07	1.00e+00	7.25e-31
 2.21834e+22	3.04e-07	1.00e+00	8.33e-31
 2.22719e+22	3.12e-07	1.00e+00	9.23e-31
 2.23606e+22	3.24e-07	1.00e+00	1.06e-30
 2.24480e+22	3.34e-07	1.00e+00	1.18e-30
 2.25337e+22	3.47e-07	1.00e+00	1.37e-30
 2.26203e+22	3.59e-07	1.00e+00	1.53e-30
 2.27080e+22	3.74e-07	1.00e+00	1.78e-30
 2.27926e+22	3.86e-07	1.00e+00	1.99e-30
 2.28732e+22	4.03e-07	1.00e+00	2.31e-30
 2.29543e+22	4.16e-07	1.00e+00	2.58e-30
 2.30359e+22	4.35e-07	1.00e+00	3.00e-30
 2.31188e+22	4.51e-07	1.00e+00	3.37e-30
 2.32033e+22	4.72e-07	1.00e+00	3.94e-30
 2.32896e+22	4.90e-07	1.00e+00	4.46e-30
 2.33660e+22	5.08e-07	1.00e+00	5.04e-30
 2.34500e+22	5.32e-07	1.00e+00	5.85e-30
 2.35349e+22	5.53e-07	1.00e+00	6.65e-30
 2.36195e+22	5.79e-07	1.00e+00	7.69e-30
 2.37054e+22	6.03e-07	1.00e+00	8.75e-30
 2.37918e+22	6.32e-07	1.00e+00	1.01e-29
 2.38797e+22	6.59e-07	1.00e+00	1.16e-29
 2.39680e+22	6.90e-07	1.00e+00	1.34e-29
 2.40562e+22	7.17e-07	1.00e+00	1.51e-29
 2.41477e+22	7.53e-07	1.00e+00	1.76e-29
 2.42400e+22	7.83e-07	1.00e+00	1.99e-29
 2.43339e+22	8.22e-07	1.00e+00	2.31e-29
 2.44307e+22	8.56e-07	1.00e+00	2.62e-29
 2.45301e+22	8.98e-07	1.00e+00	3.04e-29
 2.46326e+22	9.35e-07	1.00e+00	3.45e-29
 2.47390e+22	9.82e-07	1.00e+00	4.01e-29
 2.48484e+22	1.02e-06	1.00e+00	4.56e-29
 2.49622e+22	1.07e-06	1.00e+00	5.29e-29
 2.50793e+22	1.12e-06	1.00e+00	6.02e-29
 2.52033e+22	1.18e-06	1.00e+00	7.05e-29
 2.53279e+22	1.22e-06	1.00e+00	7.97e-29
 2.54547e+22	1.29e-06	1.00e+00	9.32e-29
 2.55845e+22	1.34e-06	1.00e+00	1.06e-28
 2.56967e+22	1.39e-06	1.00e+00	1.18e-28
 2.58213e+22	1.45e-06	1.00e+00	1.37e-28
 2.59469e+22	1.50e-06	1.00e+00	1.52e-28
 2.60739e+22	1.57e-06	1.00e+00	1.76e-28
 2.62038e+22	1.63e-06	1.00e+00	1.97e-28
 2.63179e+22	1.69e-06	1.00e+00	2.19e-28
 2.64465e+22	1.76e-06	1.00e+00	2.50e-28
 2.65769e+22	1.82e-06	1.00e+00	2.78e-28
 2.67097e+22	1.90e-06	1.00e+00	3.20e-28
 2.68427e+22	1.96e-06	1.00e+00	3.54e-28
 2.69760e+22	2.05e-06	1.00e+00	4.06e-28
 2.71118e+22	2.11e-06	1.00e+00	4.48e-28
 2.72507e+22	2.20e-06	1.00e+00	5.32e-28
 2.73922e+22	2.27e-06	1.00e+00	5.88e-28
 2.75161e+22	2.34e-06	1.00e+00	6.49e-28
 2.76561e+22	2.44e-06	1.00e+00	7.39e-28
 2.77959e+22	2.50e-06	1.00e+00	8.08e-28
 2.79354e+22	2.61e-06	1.00e+00	9.20e-28
 2.80768e+22	2.68e-06	1.00e+00	1.01e-27
 2.82208e+22	2.78e-06	1.00e+00	1.14e-27
 2.83697e+22	2.86e-06	1.00e+00	1.26e-27
 2.85249e+22	2.97e-06	1.00e+00	1.44e-27
 2.86828e+22	3.06e-06	1.00e+00	1.59e-27
 2.88439e+22	3.18e-06	1.00e+00	1.81e-27
 2.90107e+22	3.27e-06	1.00e+00	2.01e-27
 2.91847e+22	3.40e-06	1.00e+00	2.32e-27
 2.93644e+22	3.50e-06	1.00e+00	2.59e-27
 2.95516e+22	3.65e-06	1.00e+00	3.01e-27
 2.97394e+22	3.76e-06	1.00e+00	3.36e-27
 2.99278e+22	3.92e-06	1.00e+00	3.90e-27
 3.01236e+22	4.05e-06	1.00e+00	4.41e-27
 3.03289e+22	4.23e-06	1.00e+00	5.15e-27
 3.05371e+22	4.39e-06	1.00e+00	5.86e-27
 3.07212e+22	4.55e-06	1.00e+00	6.64e-27
 3.09328e+22	4.78e-06	1.00e+00	7.85e-27
 3.11326e+22	4.93e-06	1.00e+00	8.71e-27
 3.13171e+22	5.18e-06	1.00e+00	1.02e-26
 3.15032e+22	5.36e-06	1.00e+00	1.13e-26
 3.16913e+22	5.63e-06	1.00e+00	1.31e-26
 3.18828e+22	5.87e-06	1.00e+00	1.51e-26
 3.20785e+22	6.24e-06	1.00e+00	1.77e-26
 3.22739e+22	6.51e-06	1.00e+00	1.99e-26
 3.24687e+22	6.93e-06	1.00e+00	2.33e-26
 3.26665e+22	7.29e-06	1.00e+00	2.64e-26
 3.28681e+22	7.83e-06	1.00e+00	3.11e-26
 3.30719e+22	8.29e-06	1.00e+00	3.54e-26
 3.32747e+22	8.96e-06	1.00e+00	4.16e-26
 3.34671e+22	9.45e-06	1.00e+00	4.65e-26
 3.36501e+22	1.02e-05	1.00e+00	5.39e-26
 3.38367e+22	1.09e-05	1.00e+00	6.06e-26
 3.40166e+22	1.17e-05	1.00e+00	6.89e-26
 3.42010e+22	1.25e-05	1.00e+00	7.74e-26
 3.43790e+22	1.35e-05	1.00e+00	8.75e-26
 3.45555e+22	1.45e-05	1.00e+00	9.80e-26
 3.47300e+22	1.56e-05	1.00e+00	1.10e-25
 3.49036e+22	1.68e-05	1.00e+00	1.23e-25
 3.50741e+22	1.80e-05	1.00e+00	1.37e-25
 3.52442e+22	1.94e-05	1.00e+00	1.53e-25
 3.54143e+22	2.08e-05	1.00e+00	1.71e-25
 3.55852e+22	2.24e-05	1.00e+00	1.92e-25
 3.57574e+22	2.41e-05	1.00e+00	2.17e-25
 3.59320e+22	2.59e-05	1.00e+00	2.46e-25
 3.61095e+22	2.78e-05	1.00e+00	2.80e-25
 3.62884e+22	2.99e-05	1.00e+00	3.21e-25
 3.64711e+22	3.21e-05	1.00e+00	3.31e-25
 3.66548e+22	3.44e-05	1.00e+00	3.83e-25
 3.68434e+22	3.70e-05	1.00e+00	4.52e-25
 3.70344e+22	3.96e-05	1.00e+00	5.32e-25
 3.72077e+22	4.20e-05	1.00e+00	6.15e-25
 3.73929e+22	4.52e-05	1.00e+00	7.48e-25
 3.75798e+22	4.77e-05	1.00e+00	8.69e-25
 3.77686e+22	5.13e-05	1.00e+00	1.07e-24
 3.79624e+22	5.41e-05	1.00e+00	1.26e-24
 3.81626e+22	5.82e-05	1.00e+00	1.58e-24
 3.83646e+22	6.13e-05	1.00e+00	1.88e-24
 3.85690e+22	6.59e-05	1.00e+00	2.37e-24
 3.87753e+22	6.93e-05	1.00e+00	2.83e-24
 3.89842e+22	7.43e-05	1.00e+00	3.59e-24
 3.91957e+22	7.82e-05	1.00e+00	4.32e-24
 3.94108e+22	8.37e-05	1.00e+00	5.52e-24
 3.96295e+22	8.81e-05	1.00e+00	6.67e-24
 3.98529e+22	9.43e-05	1.00e+00	8.59e-24
 4.00808e+22	9.93e-05	1.00e+00	1.05e-23
 4.03144e+22	1.06e-04	1.00e+00	1.36e-23
 4.05536e+22	1.12e-04	1.00e+00	1.67e-23
 4.07553e+22	1.17e-04	1.00e+00	2.00e-23
 4.09730e+22	1.25e-04	1.00e+00	2.55e-23
 4.11919e+22	1.30e-04	1.00e+00	3.04e-23
 4.14124e+22	1.38e-04	1.00e+00	3.87e-23
 4.16299e+22	1.44e-04	1.00e+00	4.57e-23
 4.18436e+22	1.53e-04	1.00e+00	5.78e-23
 4.20584e+22	1.59e-04	1.00e+00	6.83e-23
 4.22748e+22	1.68e-04	1.00e+00	8.62e-23
 4.24947e+22	1.75e-04	1.00e+00	1.02e-22
 4.27190e+22	1.86e-04	1.00e+00	1.30e-22
 4.29466e+22	1.93e-04	1.00e+00	1.55e-22
 4.31785e+22	2.05e-04	1.00e+00	1.97e-22
 4.34146e+22	2.13e-04	1.00e+00	2.37e-22
 4.36562e+22	2.27e-04	1.00e+00	3.04e-22
 4.39029e+22	2.36e-04	1.00e+00	3.68e-22
 4.41565e+22	2.51e-04	1.00e+00	4.77e-22
 4.44138e+22	2.62e-04	1.00e+00	5.79e-22
 4.46758e+22	2.79e-04	1.00e+00	7.55e-22
 4.49406e+22	2.91e-04	1.00e+00	9.20e-22
 4.51663e+22	3.04e-04	1.00e+00	1.11e-21
 4.54172e+22	3.22e-04	1.00e+00	1.42e-21
 4.56705e+22	3.36e-04	1.00e+00	1.73e-21
 4.59270e+22	3.54e-04	1.00e+00	2.13e-21
 4.61762e+22	3.69e-04	1.00e+00	2.56e-21
 4.63830e+22	3.84e-04	1.00e+00	3.06e-21
 4.66187e+22	4.03e-04	1.00e+00	3.82e-21
 4.68620e+22	4.20e-04	1.00e+00	4.63e-21
 4.70806e+22	4.38e-04	1.00e+00	5.57e-21
 4.73302e+22	4.60e-04	1.00e+00	7.07e-21
 4.75877e+22	4.81e-04	1.00e+00	8.72e-21
 4.78171e+22	5.02e-04	9.99e-01	1.05e-20
 4.80769e+22	5.28e-04	9.99e-01	1.35e-20
 4.83481e+22	5.54e-04	9.99e-01	1.70e-20
 4.85932e+22	5.78e-04	9.99e-01	2.09e-20
 4.88706e+22	6.11e-04	9.99e-01	2.73e-20
 4.91555e+22	6.40e-04	9.99e-01	3.48e-20
 4.94086e+22	6.70e-04	9.99e-01	4.34e-20
 4.96961e+22	7.08e-04	9.99e-01	5.76e-20
 4.99929e+22	7.44e-04	9.99e-01	7.53e-20
 5.02554e+22	7.78e-04	9.99e-01	9.50e-20
 5.05503e+22	8.23e-04	9.99e-01	1.29e-19
 5.08515e+22	8.64e-04	9.99e-01	1.73e-19
 5.11189e+22	9.05e-04	9.99e-01	2.23e-19
 5.14245e+22	9.59e-04	9.99e-01	3.12e-19
 5.17365e+22	1.01e-03	9.99e-01	4.45e-19
 5.20137e+22	1.06e-03	9.99e-01	5.88e-19
 5.23311e+22	1.12e-03	9.99e-01	8.60e-19
 5.26556e+22	1.18e-03	9.99e-01	1.35e-18
 5.29331e+22	1.24e-03	9.99e-01	1.84e-18
 5.32377e+22	1.31e-03	9.99e-01	2.79e-18
 5.35501e+22	1.37e-03	9.99e-01	4.29e-18
 5.38285e+22	1.44e-03	9.99e-01	6.81e-18
 5.41462e+22	1.52e-03	9.98e-01	1.22e-17
 5.44691e+22	1.60e-03	9.98e-01	2.54e-17
 5.47433e+22	1.67e-03	9.98e-01	4.35e-17
 5.50442e+22	1.76e-03	9.98e-01	9.97e-17
 5.53533e+22	1.84e-03	9.98e-01	2.40e-16
 5.56297e+22	1.93e-03	9.98e-01	5.00e-16
 5.58782e+22	2.00e-03	9.98e-01	1.16e-15
 5.61001e+22	2.07e-03	9.98e-01	4.00e-15
 5.63548e+22	2.16e-03	9.98e-01	1.18e-14
 5.66182e+22	2.25e-03	9.98e-01	7.91e-14
 5.68506e+22	2.33e-03	9.98e-01	1.69e-13
 5.71105e+22	2.44e-03	9.98e-01	2.55e-13
 5.73756e+22	2.53e-03	9.97e-01	3.27e-13
 5.76473e+22	2.66e-03	9.97e-01	4.07e-13
 5.79212e+22	2.75e-03	9.97e-01	4.88e-13
 5.81980e+22	2.89e-03	9.97e-01	6.04e-13
 5.84786e+22	3.00e-03	9.97e-01	7.17e-13
 5.87643e+22	3.15e-03	9.97e-01	8.88e-13
 5.90527e+22	3.27e-03	9.97e-01	1.04e-12
 5.93445e+22	3.43e-03	9.97e-01	1.25e-12
 5.96440e+22	3.57e-03	9.96e-01	1.49e-12
 5.99128e+22	3.72e-03	9.96e-01	1.74e-12
 6.02213e+22	3.91e-03	9.96e-01	2.11e-12
 6.05383e+22	4.08e-03	9.96e-01	2.49e-12
 6.08663e+22	4.32e-03	9.96e-01	3.09e-12
 6.11552e+22	4.44e-03	9.96e-01	3.45e-12
 6.13934e+22	4.61e-03	9.95e-01	3.96e-12
 6.16437e+22	4.77e-03	9.95e-01	4.46e-12
 6.19100e+22	4.96e-03	9.95e-01	5.13e-12
 6.21814e+22	5.14e-03	9.95e-01	5.79e-12
 6.24592e+22	5.37e-03	9.95e-01	6.76e-12
 6.27352e+22	5.55e-03	9.94e-01	7.58e-12
 6.30087e+22	5.79e-03	9.94e-01	8.73e-12
 6.32898e+22	5.99e-03	9.94e-01	9.82e-12
 6.35806e+22	6.28e-03	9.94e-01	1.14e-11
 6.38736e+22	6.49e-03	9.94e-01	1.27e-11
 6.41693e+22	6.78e-03	9.93e-01	1.45e-11
 6.44737e+22	7.03e-03	9.93e-01	1.63e-11
 6.47119e+22	7.20e-03	9.93e-01	1.77e-11
 6.48884e+22	7.35e-03	9.93e-01	1.88e-11
 6.50618e+22	7.54e-03	9.92e-01	2.03e-11
 6.52873e+22	7.79e-03	9.92e-01	2.24e-11
 6.55805e+22	8.18e-03	9.92e-01	2.59e-11
 6.58160e+22	8.27e-03	9.92e-01	2.70e-11
 6.59765e+22	8.46e-03	9.92e-01	2.88e-11
 6.61852e+22	8.74e-03	9.91e-01	3.17e-11
 6.64566e+22	9.10e-03	9.91e-01	3.56e-11
 6.67314e+22	9.38e-03	9.91e-01	3.90e-11
 6.69605e+22	9.64e-03	9.90e-01	4.23e-11
 6.72083e+22	1.00e-02	9.90e-01	4.71e-11
 6.75305e+22	1.05e-02	9.89e-01	5.41e-11
 6.78620e+22	1.09e-02	9.89e-01	6.04e-11
 6.82057e+22	1.15e-02	9.88e-01	7.03e-11
 6.85652e+22	1.20e-02	9.88e-01	7.97e-11
 6.89450e+22	1.28e-02	9.87e-01	9.45e-11
 6.93265e+22	1.34e-02	9.87e-01	1.07e-10
 6.97102e+22	1.43e-02	9.86e-01	1.28e-10
 7.00972e+22	1.50e-02	9.85e-01	1.48e-10
 7.04883e+22	1.62e-02	9.84e-01	1.79e-10
 7.08816e+22	1.72e-02	9.83e-01	2.11e-10
 7.11813e+22	1.79e-02	9.82e-01	2.35e-10
 7.14745e+22	1.92e-02	9.81e-01	2.79e-10
 7.17656e+22	2.02e-02	9.80e-01	3.19e-10
 7.20539e+22	2.17e-02	9.78e-01	3.82e-10
 7.23473e+22	2.31e-02	9.77e-01	4.49e-10
 7.26035e+22	2.46e-02	9.75e-01	5.27e-10
 7.28926e+22	2.69e-02	9.73e-01	6.54e-10
 7.31884e+22	2.92e-02	9.71e-01	8.02e-10
 7.34471e+22	3.17e-02	9.68e-01	9.77e-10
 7.37376e+22	3.54e-02	9.65e-01	1.28e-09
 7.40438e+22	3.98e-02	9.60e-01	1.68e-09
 7.43222e+22	4.48e-02	9.55e-01	2.22e-09
 7.46362e+22	5.23e-02	9.48e-01	3.18e-09
 7.49535e+22	6.16e-02	9.38e-01	4.64e-09
 7.52009e+22	7.05e-02	9.30e-01	6.29e-09
 7.53463e+22	7.62e-02	9.24e-01	7.50e-09
 7.54065e+22	7.92e-02	9.21e-01	8.23e-09
 7.54524e+22	8.11e-02	9.19e-01	8.67e-09
 7.55069e+22	8.41e-02	9.16e-01	9.43e-09
 7.55724e+22	8.78e-02	9.12e-01	1.04e-08
 7.56424e+22	9.20e-02	9.08e-01	1.15e-08
 7.57095e+22	9.63e-02	9.04e-01	1.28e-08
 7.57708e+22	1.00e-01	9.00e-01	1.41e-08
 7.58308e+22	1.05e-01	8.95e-01	1.54e-08
 7.58933e+22	1.09e-01	8.91e-01	1.71e-08
 7.59549e+22	1.14e-01	8.86e-01	1.89e-08
 7.60144e+22	1.19e-01	8.81e-01	2.09e-08
 7.60726e+22	1.24e-01	8.76e-01	2.30e-08
 7.61302e+22	1.30e-01	8.70e-01	2.54e-08
 7.61882e+22	1.36e-01	8.64e-01	2.81e-08
 7.62442e+22	1.42e-01	8.58e-01	3.10e-08
 7.62992e+22	1.47e-01	8.53e-01	3.39e-08
 7.63569e+22	1.54e-01	8.46e-01	3.78e-08
 7.64137e+22	1.61e-01	8.39e-01	4.14e-08
 7.64689e+22	1.68e-01	8.32e-01	4.60e-08
 7.65240e+22	1.76e-01	8.24e-01	5.10e-08
 7.65760e+22	1.83e-01	8.17e-01	5.61e-08
 7.66276e+22	1.90e-01	8.10e-01	6.11e-08
 7.66836e+22	1.99e-01	8.01e-01	6.82e-08
 7.67401e+22	2.08e-01	7.92e-01	7.60e-08
 7.67910e+22	2.16e-01	7.84e-01	8.35e-08
 7.68409e+22	2.24e-01	7.76e-01	9.05e-08
 7.68968e+22	2.34e-01	7.66e-01	1.01e-07
 7.69545e+22	2.45e-01	7.55e-01	1.13e-07
 7.70067e+22	2.55e-01	7.45e-01	1.25e-07
 7.70556e+22	2.64e-01	7.36e-01	1.35e-07
 7.71092e+22	2.75e-01	7.25e-01	1.49e-07
 7.71667e+22	2.87e-01	7.13e-01	1.67e-07
 7.72201e+22	2.99e-01	7.01e-01	1.85e-07
 7.72698e+22	3.09e-01	6.91e-01	2.00e-07
 7.73241e+22	3.21e-01	6.79e-01	2.21e-07
 7.73830e+22	3.34e-01	6.66e-01	2.45e-07
 7.74393e+22	3.47e-01	6.53e-01	2.71e-07
 7.74928e+22	3.59e-01	6.41e-01	2.96e-07
 7.75487e+22	3.73e-01	6.27e-01	3.27e-07
 7.76073e+22	3.87e-01	6.13e-01	3.62e-07
 7.76642e+22	4.00e-01	6.00e-01	3.97e-07
 7.77209e+22	4.13e-01	5.87e-01	4.33e-07
 7.77815e+22	4.28e-01	5.72e-01	4.81e-07
 7.78427e+22	4.42e-01	5.58e-01	5.25e-07
 7.79046e+22	4.56e-01	5.44e-01	5.79e-07
 7.79689e+22	4.71e-01	5.29e-01	6.39e-07
 7.80323e+22	4.86e-01	5.14e-01	7.00e-07
 7.80969e+22	5.00e-01	5.00e-01	7.67e-07
 7.81647e+22	5.15e-01	4.85e-01	8.41e-07
 7.82349e+22	5.30e-01	4.70e-01	9.22e-07
 7.83013e+22	5.44e-01	4.56e-01	1.01e-06
 7.83606e+22	5.55e-01	4.45e-01	1.08e-06
 7.84209e+22	5.67e-01	4.33e-01	1.16e-06
 7.84856e+22	5.79e-01	4.21e-01	1.25e-06
 7.85529e+22	5.92e-01	4.08e-01	1.35e-06
 7.86213e+22	6.04e-01	3.96e-01	1.46e-06
 7.86889e+22	6.16e-01	3.84e-01	1.57e-06
 7.87579e+22	6.27e-01	3.73e-01	1.69e-06
 7.88304e+22	6.39e-01	3.61e-01	1.81e-06
 7.89058e+22	6.51e-01	3.49e-01	1.95e-06
 7.89821e+22	6.62e-01	3.38e-01	2.10e-06
 7.90594e+22	6.73e-01	3.27e-01	2.25e-06
 7.91401e+22	6.83e-01	3.17e-01	2.41e-06
 7.92247e+22	6.94e-01	3.06e-01	2.59e-06
 7.93120e+22	7.05e-01	2.95e-01	2.78e-06
 7.94018e+22	7.15e-01	2.85e-01	2.97e-06
 7.94954e+22	7.24e-01	2.76e-01	3.19e-06
 7.95941e+22	7.34e-01	2.66e-01	3.42e-06
 7.96976e+22	7.44e-01	2.56e-01	3.66e-06
 7.98057e+22	7.53e-01	2.47e-01	3.93e-06
 7.99202e+22	7.61e-01	2.39e-01	4.21e-06
 8.00428e+22	7.70e-01	2.30e-01	4.52e-06
 8.01731e+22	7.78e-01	2.22e-01	4.86e-06
 8.03103e+22	7.86e-01	2.14e-01	5.21e-06
 8.04540e+22	7.94e-01	2.06e-01	5.60e-06
 8.06059e+22	8.01e-01	1.99e-01	6.02e-06
 8.07671e+22	8.08e-01	1.92e-01	6.47e-06
 8.09363e+22	8.14e-01	1.86e-01	6.98e-06
 8.11139e+22	8.21e-01	1.79e-01	7.54e-06
 8.12987e+22	8.27e-01	1.73e-01	8.16e-06
 8.14855e+22	8.32e-01	1.68e-01	8.82e-06
 8.16734e+22	8.38e-01	1.62e-01	9.62e-06
 8.18567e+22	8.43e-01	1.57e-01	1.04e-05
 8.20355e+22	8.48e-01	1.52e-01	1.13e-05
 8.22152e+22	8.52e-01	1.48e-01	1.23e-05
 8.23923e+22	8.56e-01	1.43e-01	1.33e-05
 8.25656e+22	8.61e-01	1.39e-01	1.44e-05
 8.27386e+22	8.65e-01	1.35e-01	1.58e-05
 8.29082e+22	8.69e-01	1.31e-01	1.72e-05
 8.30704e+22	8.72e-01	1.28e-01	1.87e-05
 8.32286e+22	8.76e-01	1.24e-01	2.04e-05
 8.33841e+22	8.79e-01	1.21e-01	2.22e-05
 8.35359e+22	8.82e-01	1.18e-01	2.42e-05
 8.36831e+22	8.86e-01	1.14e-01	2.64e-05
 8.38265e+22	8.89e-01	1.11e-01	2.87e-05
 8.39683e+22	8.92e-01	1.08e-01	3.13e-05
 8.41093e+22	8.94e-01	1.06e-01	3.42e-05
 8.42480e+22	8.97e-01	1.03e-01	3.76e-05
 8.43815e+22	9.00e-01	9.99e-02	4.10e-05
 8.45100e+22	9.03e-01	9.74e-02	4.48e-05
 8.46347e+22	9.05e-01	9.50e-02	4.89e-05
 8.47532e+22	9.07e-01	9.27e-02	5.32e-05
 8.48640e+22	9.09e-01	9.05e-02	5.77e-05
 8.49689e+22	9.11e-01	8.85e-02	6.25e-05
 8.50667e+22	9.13e-01	8.67e-02	6.74e-05
 8.51409e+22	9.14e-01	8.54e-02	7.18e-05
 8.51855e+22	9.15e-01	8.50e-02	7.40e-05
 8.52181e+22	9.15e-01	8.48e-02	7.58e-05
 8.52522e+22	9.16e-01	8.42e-02	7.80e-05
 8.52892e+22	9.16e-01	8.36e-02	8.03e-05
 8.53267e+22	9.17e-01	8.28e-02	8.28e-05
 8.53630e+22	9.18e-01	8.20e-02	8.55e-05
 8.53974e+22	9.18e-01	8.14e-02	8.79e-05
 8.54317e+22	9.19e-01	8.08e-02	9.05e-05
 8.54673e+22	9.20e-01	8.01e-02	9.32e-05
 8.55032e+22	9.20e-01	7.94e-02	9.60e-05
 8.55389e+22	9.21e-01	7.87e-02	9.87e-05
 8.55759e+22	9.22e-01	7.79e-02	1.01e-04
 8.56150e+22	9.23e-01	7.71e-02	1.05e-04
 8.56538e+22	9.23e-01	7.64e-02	1.08e-04
 8.56924e+22	9.24e-01	7.57e-02	1.11e-04
 8.57320e+22	9.25e-01	7.48e-02	1.14e-04
 8.57709e+22	9.26e-01	7.42e-02	1.17e-04
 8.58100e+22	9.26e-01	7.35e-02	1.21e-04
 8.58508e+22	9.27e-01	7.26e-02	1.25e-04
 8.58911e+22	9.28e-01	7.19e-02	1.28e-04
 8.59315e+22	9.29e-01	7.11e-02	1.32e-04
 8.59726e+22	9.29e-01	7.04e-02	1.36e-04
 8.60150e+22	9.30e-01	6.95e-02	1.40e-04
 8.60587e+22	9.31e-01	6.86e-02	1.45e-04
 8.60998e+22	9.32e-01	6.78e-02	1.49e-04
 8.61369e+22	9.32e-01	6.74e-02	1.52e-04
 8.61770e+22	9.33e-01	6.66e-02	1.56e-04
 8.62198e+22	9.34e-01	6.57e-02	1.60e-04
 8.62588e+22	9.35e-01	6.50e-02	1.64e-04
 8.62942e+22	9.35e-01	6.46e-02	1.67e-04
 8.63331e+22	9.36e-01	6.38e-02	1.70e-04
 8.63750e+22	9.37e-01	6.30e-02	1.74e-04
 8.64132e+22	9.37e-01	6.24e-02	1.77e-04
 8.64550e+22	9.38e-01	6.16e-02	1.81e-04
 8.65002e+22	9.39e-01	6.08e-02	1.86e-04
 8.65413e+22	9.40e-01	6.00e-02	1.90e-04
 8.65787e+22	9.40e-01	5.96e-02	1.94e-04
 8.66197e+22	9.41e-01	5.89e-02	1.98e-04
 8.66639e+22	9.42e-01	5.81e-02	2.02e-04
 8.67042e+22	9.42e-01	5.73e-02	2.07e-04
 8.67408e+22	9.43e-01	5.70e-02	2.10e-04
 8.67810e+22	9.43e-01	5.62e-02	2.14e-04
 8.68243e+22	9.44e-01	5.55e-02	2.18e-04
 8.68637e+22	9.45e-01	5.48e-02	2.21e-04
 8.68996e+22	9.45e-01	5.45e-02	2.24e-04
 8.69390e+22	9.46e-01	5.38e-02	2.27e-04
 8.69901e+22	9.47e-01	5.30e-02	2.31e-04
 8.70453e+22	9.47e-01	5.21e-02	2.36e-04
 8.70955e+22	9.48e-01	5.15e-02	2.39e-04
 8.71412e+22	9.49e-01	5.08e-02	2.42e-04
 8.71828e+22	9.49e-01	5.05e-02	2.44e-04
 8.72284e+22	9.50e-01	4.98e-02	2.47e-04
 8.72776e+22	9.50e-01	4.91e-02	2.50e-04
 8.73224e+22	9.51e-01	4.87e-02	2.52e-04
 8.73715e+22	9.52e-01	4.80e-02	2.54e-04
 8.74244e+22	9.52e-01	4.73e-02	2.57e-04
 8.74726e+22	9.53e-01	4.67e-02	2.58e-04
 8.75165e+22	9.53e-01	4.63e-02	2.60e-04
 8.75646e+22	9.54e-01	4.57e-02	2.61e-04
 8.76165e+22	9.54e-01	4.50e-02	2.63e-04
 8.76637e+22	9.55e-01	4.44e-02	2.63e-04
 8.77067e+22	9.55e-01	4.41e-02	2.64e-04
 8.77537e+22	9.56e-01	4.34e-02	2.64e-04
 8.78046e+22	9.57e-01	4.28e-02	2.65e-04
 8.78508e+22	9.57e-01	4.22e-02	2.64e-04
 8.78929e+22	9.58e-01	4.19e-02	2.65e-04
 8.79391e+22	9.58e-01	4.13e-02	2.65e-04
 8.79889e+22	9.59e-01	4.08e-02	2.65e-04
 8.80342e+22	9.59e-01	4.02e-02	2.64e-04
 8.80754e+22	9.60e-01	4.00e-02	2.64e-04
 8.81206e+22	9.60e-01	3.94e-02	2.62e-04
 8.81694e+22	9.61e-01	3.88e-02	2.61e-04
 8.82138e+22	9.61e-01	3.84e-02	2.58e-04
 8.82542e+22	9.61e-01	3.81e-02	2.57e-04
 8.82985e+22	9.62e-01	3.76e-02	2.55e-04
 8.83463e+22	9.62e-01	3.71e-02	2.54e-04
 8.83898e+22	9.63e-01	3.67e-02	2.51e-04
 8.84294e+22	9.63e-01	3.64e-02	2.50e-04
 8.84727e+22	9.64e-01	3.59e-02	2.48e-04
 8.85196e+22	9.64e-01	3.55e-02	2.47e-04
 8.85709e+22	9.65e-01	3.50e-02	2.45e-04
 8.86263e+22	9.65e-01	3.45e-02	2.43e-04
 8.86767e+22	9.65e-01	3.41e-02	2.41e-04
 8.87225e+22	9.66e-01	3.38e-02	2.40e-04
 8.87728e+22	9.66e-01	3.33e-02	2.38e-04
 8.88271e+22	9.67e-01	3.29e-02	2.36e-04
 8.88764e+22	9.67e-01	3.26e-02	2.35e-04
 8.89305e+22	9.67e-01	3.21e-02	2.32e-04
 8.89890e+22	9.68e-01	3.16e-02	2.30e-04
 8.90421e+22	9.68e-01	3.13e-02	2.29e-04
 8.91004e+22	9.69e-01	3.08e-02	2.26e-04
 8.91633e+22	9.69e-01	3.03e-02	2.24e-04
 8.92205e+22	9.70e-01	3.00e-02	2.23e-04
 8.92832e+22	9.70e-01	2.94e-02	2.20e-04
 8.93509e+22	9.71e-01	2.90e-02	2.18e-04
 8.94125e+22	9.71e-01	2.86e-02	2.16e-04
 8.94686e+22	9.71e-01	2.83e-02	2.14e-04
 8.95300e+22	9.72e-01	2.78e-02	2.12e-04
 8.95963e+22	9.72e-01	2.74e-02	2.10e-04
 8.96567e+22	9.73e-01	2.71e-02	2.08e-04
 8.97228e+22	9.73e-01	2.66e-02	2.06e-04
 8.97942e+22	9.73e-01	2.62e-02	2.04e-04
 8.98592e+22	9.74e-01	2.58e-02	2.03e-04
 8.99183e+22	9.74e-01	2.55e-02	2.01e-04
 8.99831e+22	9.75e-01	2.51e-02	1.99e-04
 9.00530e+22	9.75e-01	2.47e-02	1.98e-04
 9.01167e+22	9.75e-01	2.44e-02	1.97e-04
 9.01864e+22	9.76e-01	2.40e-02	1.95e-04
 9.02617e+22	9.76e-01	2.36e-02	1.93e-04
 9.03302e+22	9.76e-01	2.33e-02	1.92e-04
 9.04053e+22	9.77e-01	2.28e-02	1.90e-04
 9.04864e+22	9.77e-01	2.25e-02	1.89e-04
 9.05601e+22	9.77e-01	2.21e-02	1.88e-04
 9.06273e+22	9.78e-01	2.19e-02	1.87e-04
 9.07008e+22	9.78e-01	2.15e-02	1.85e-04
 9.07802e+22	9.79e-01	2.11e-02	1.84e-04
 9.08525e+22	9.79e-01	2.09e-02	1.83e-04
 9.09317e+22	9.79e-01	2.05e-02	1.82e-04
 9.10172e+22	9.80e-01	2.01e-02	1.81e-04
 9.10950e+22	9.80e-01	1.98e-02	1.80e-04
 9.11802e+22	9.80e-01	1.94e-02	1.79e-04
 9.12722e+22	9.81e-01	1.91e-02	1.78e-04
 9.13560e+22	9.81e-01	1.88e-02	1.77e-04
 9.14322e+22	9.81e-01	1.86e-02	1.76e-04
 9.15157e+22	9.81e-01	1.82e-02	1.75e-04
 9.16058e+22	9.82e-01	1.79e-02	1.74e-04
 9.16879e+22	9.82e-01	1.76e-02	1.74e-04
 9.17625e+22	9.82e-01	1.74e-02	1.73e-04
 9.18444e+22	9.83e-01	1.71e-02	1.73e-04
 9.19327e+22	9.83e-01	1.68e-02	1.72e-04
 9.20130e+22	9.83e-01	1.66e-02	1.72e-04
 9.21011e+22	9.83e-01	1.63e-02	1.71e-04
 9.21962e+22	9.84e-01	1.60e-02	1.70e-04
 9.22827e+22	9.84e-01	1.57e-02	1.70e-04
 9.23775e+22	9.84e-01	1.54e-02	1.69e-04
 9.24799e+22	9.85e-01	1.51e-02	1.69e-04
 9.25495e+22	9.85e-01	1.50e-02	1.71e-04
