#depth	Si	Si+	Si+2	Si+3	Si+4	Si+5	Si+6	Si+7	Si+8	Si+9	Si+10	Si+11	Si+12	Si+13	Si+14
 4.62852e+21	0.00e+00	0.00e+00	0.00e+00	0.00e+00	0.00e+00	3.30e-26	3.22e-22	1.03e-18	1.46e-15	1.00e-12	4.33e-10	1.87e-07	1.91e-04	2.50e-02	9.75e-01
 1.05444e+22	0.00e+00	0.00e+00	0.00e+00	0.00e+00	3.62e-29	8.14e-25	5.53e-21	1.24e-17	1.22e-14	5.84e-12	1.77e-09	5.38e-07	3.84e-04	3.53e-02	9.64e-01
 1.27105e+22	0.00e+00	0.00e+00	0.00e+00	0.00e+00	4.03e-28	7.10e-24	3.78e-20	6.65e-17	5.10e-14	1.92e-11	4.59e-09	1.09e-06	6.16e-04	4.45e-02	9.55e-01
 1.42922e+22	0.00e+00	0.00e+00	0.00e+00	3.15e-32	2.75e-27	3.99e-23	1.75e-19	2.53e-16	1.60e-13	4.93e-11	9.78e-09	1.93e-06	8.96e-04	5.34e-02	9.46e-01
 1.51709e+22	0.00e+00	0.00e+00	0.00e+00	5.34e-32	4.45e-27	6.15e-23	2.57e-19	3.54e-16	2.13e-13	6.26e-11	1.18e-08	2.22e-06	9.84e-04	5.59e-02	9.43e-01
 1.54943e+22	0.00e+00	0.00e+00	0.00e+00	8.32e-32	6.65e-27	8.83e-23	3.55e-19	4.69e-16	2.70e-13	7.63e-11	1.39e-08	2.50e-06	1.06e-03	5.81e-02	9.41e-01
 1.58337e+22	0.00e+00	0.00e+00	0.00e+00	1.46e-31	1.11e-26	1.40e-22	5.34e-19	6.71e-16	3.66e-13	9.82e-11	1.70e-08	2.91e-06	1.18e-03	6.09e-02	9.38e-01
 1.61786e+22	0.00e+00	0.00e+00	0.00e+00	2.34e-31	1.70e-26	2.05e-22	7.51e-19	9.02e-16	4.71e-13	1.21e-10	2.01e-08	3.29e-06	1.28e-03	6.34e-02	9.35e-01
 1.64580e+22	0.00e+00	0.00e+00	0.00e+00	3.48e-31	2.44e-26	2.84e-22	1.00e-18	1.16e-15	5.84e-13	1.45e-10	2.31e-08	3.66e-06	1.37e-03	6.56e-02	9.33e-01
 1.67104e+22	0.00e+00	0.00e+00	0.00e+00	5.08e-31	3.44e-26	3.87e-22	1.32e-18	1.47e-15	7.16e-13	1.71e-10	2.64e-08	4.05e-06	1.46e-03	6.77e-02	9.31e-01
 1.70003e+22	0.00e+00	0.00e+00	0.00e+00	7.91e-31	5.15e-26	5.56e-22	1.82e-18	1.95e-15	9.09e-13	2.09e-10	3.10e-08	4.55e-06	1.58e-03	7.03e-02	9.28e-01
 1.73127e+22	0.00e+00	0.00e+00	0.00e+00	1.25e-30	7.81e-26	8.08e-22	2.53e-18	2.60e-15	1.16e-12	2.56e-10	3.65e-08	5.15e-06	1.72e-03	7.31e-02	9.25e-01
 1.75914e+22	0.00e+00	0.00e+00	0.00e+00	1.86e-30	1.12e-25	1.12e-21	3.38e-18	3.35e-15	1.44e-12	3.06e-10	4.21e-08	5.72e-06	1.84e-03	7.56e-02	9.23e-01
 1.78907e+22	0.00e+00	0.00e+00	0.00e+00	2.99e-30	1.73e-25	1.65e-21	4.76e-18	4.52e-15	1.86e-12	3.78e-10	4.98e-08	6.49e-06	2.00e-03	7.87e-02	9.19e-01
 1.81991e+22	0.00e+00	0.00e+00	0.00e+00	4.64e-30	2.57e-25	2.36e-21	6.55e-18	5.97e-15	2.36e-12	4.61e-10	5.83e-08	7.30e-06	2.16e-03	8.16e-02	9.16e-01
 1.84627e+22	0.00e+00	0.00e+00	0.00e+00	6.82e-30	3.65e-25	3.24e-21	8.67e-18	7.62e-15	2.91e-12	5.48e-10	6.69e-08	8.08e-06	2.31e-03	8.43e-02	9.13e-01
 1.87490e+22	0.00e+00	0.00e+00	0.00e+00	1.07e-29	5.51e-25	4.68e-21	1.20e-17	1.01e-14	3.71e-12	6.70e-10	7.86e-08	9.11e-06	2.50e-03	8.75e-02	9.10e-01
 1.90550e+22	0.00e+00	0.00e+00	0.00e+00	1.66e-29	8.20e-25	6.69e-21	1.65e-17	1.34e-14	4.70e-12	8.15e-10	9.18e-08	1.02e-05	2.70e-03	9.08e-02	9.07e-01
 1.93143e+22	0.00e+00	0.00e+00	0.00e+00	2.41e-29	1.15e-24	9.07e-21	2.16e-17	1.69e-14	5.75e-12	9.63e-10	1.05e-07	1.13e-05	2.88e-03	9.36e-02	9.03e-01
 1.95396e+22	0.00e+00	0.00e+00	0.00e+00	3.35e-29	1.56e-24	1.19e-20	2.75e-17	2.09e-14	6.87e-12	1.12e-09	1.18e-07	1.23e-05	3.05e-03	9.62e-02	9.01e-01
 1.97936e+22	0.00e+00	0.00e+00	0.00e+00	4.95e-29	2.21e-24	1.63e-20	3.65e-17	2.67e-14	8.47e-12	1.33e-09	1.36e-07	1.37e-05	3.26e-03	9.93e-02	8.97e-01
 2.00726e+22	0.00e+00	0.00e+00	0.00e+00	7.41e-29	3.20e-24	2.27e-20	4.89e-17	3.45e-14	1.05e-11	1.59e-09	1.57e-07	1.52e-05	3.50e-03	1.03e-01	8.94e-01
 2.03312e+22	0.00e+00	0.00e+00	3.74e-33	1.08e-28	4.50e-24	3.09e-20	6.43e-17	4.38e-14	1.29e-11	1.88e-09	1.79e-07	1.68e-05	3.74e-03	1.06e-01	8.90e-01
 2.05767e+22	0.00e+00	0.00e+00	5.58e-33	1.56e-28	6.30e-24	4.19e-20	8.41e-17	5.53e-14	1.58e-11	2.22e-09	2.04e-07	1.85e-05	3.98e-03	1.09e-01	8.87e-01
 2.08585e+22	0.00e+00	0.00e+00	9.16e-33	2.47e-28	9.56e-24	6.09e-20	1.17e-16	7.39e-14	2.02e-11	2.73e-09	2.40e-07	2.09e-05	4.31e-03	1.13e-01	8.82e-01
 2.11397e+22	0.00e+00	0.00e+00	1.38e-32	3.61e-28	1.35e-23	8.31e-20	1.54e-16	9.40e-14	2.48e-11	3.23e-09	2.75e-07	2.31e-05	4.61e-03	1.17e-01	8.79e-01
 2.13773e+22	0.00e+00	0.00e+00	2.02e-32	5.13e-28	1.86e-23	1.11e-19	1.99e-16	1.18e-13	3.00e-11	3.78e-09	3.12e-07	2.54e-05	4.89e-03	1.20e-01	8.75e-01
 2.16435e+22	0.00e+00	0.00e+00	3.18e-32	7.77e-28	2.72e-23	1.56e-19	2.70e-16	1.53e-13	3.75e-11	4.55e-09	3.62e-07	2.83e-05	5.26e-03	1.24e-01	8.70e-01
 2.19265e+22	0.00e+00	0.00e+00	4.90e-32	1.16e-27	3.91e-23	2.16e-19	3.61e-16	1.97e-13	4.66e-11	5.44e-09	4.17e-07	3.15e-05	5.63e-03	1.28e-01	8.66e-01
 2.21820e+22	0.00e+00	0.00e+00	7.37e-32	1.69e-27	5.51e-23	2.94e-19	4.74e-16	2.50e-13	5.71e-11	6.45e-09	4.77e-07	3.48e-05	6.01e-03	1.32e-01	8.62e-01
 2.24154e+22	0.00e+00	0.00e+00	1.07e-31	2.38e-27	7.52e-23	3.89e-19	6.08e-16	3.11e-13	6.87e-11	7.51e-09	5.39e-07	3.81e-05	6.38e-03	1.36e-01	8.58e-01
 2.26695e+22	0.00e+00	0.00e+00	1.63e-31	3.52e-27	1.07e-22	5.36e-19	8.09e-16	3.99e-13	8.49e-11	8.95e-09	6.20e-07	4.22e-05	6.82e-03	1.40e-01	8.53e-01
 2.29408e+22	0.00e+00	0.00e+00	2.49e-31	5.19e-27	1.53e-22	7.37e-19	1.07e-15	5.10e-13	1.05e-10	1.07e-08	7.12e-07	4.68e-05	7.29e-03	1.44e-01	8.48e-01
 2.31845e+22	0.00e+00	0.00e+00	3.66e-31	7.41e-27	2.12e-22	9.87e-19	1.39e-15	6.39e-13	1.27e-10	1.25e-08	8.08e-07	5.14e-05	7.75e-03	1.48e-01	8.44e-01
 2.34515e+22	0.00e+00	0.00e+00	5.77e-31	1.13e-26	3.11e-22	1.39e-18	1.89e-15	8.34e-13	1.59e-10	1.51e-08	9.38e-07	5.74e-05	8.32e-03	1.53e-01	8.38e-01
 2.37333e+22	0.00e+00	0.00e+00	8.95e-31	1.69e-26	4.49e-22	1.94e-18	2.53e-15	1.08e-12	1.98e-10	1.81e-08	1.08e-06	6.38e-05	8.92e-03	1.58e-01	8.33e-01
 2.39720e+22	0.00e+00	0.00e+00	1.30e-30	2.39e-26	6.16e-22	2.58e-18	3.26e-15	1.34e-12	2.39e-10	2.11e-08	1.23e-06	6.99e-05	9.46e-03	1.63e-01	8.28e-01
 2.41867e+22	0.00e+00	0.00e+00	1.83e-30	3.26e-26	8.18e-22	3.33e-18	4.09e-15	1.64e-12	2.83e-10	2.43e-08	1.37e-06	7.59e-05	9.97e-03	1.66e-01	8.23e-01
 2.44322e+22	0.00e+00	0.00e+00	2.77e-30	4.79e-26	1.16e-21	4.55e-18	5.40e-15	2.09e-12	3.49e-10	2.88e-08	1.57e-06	8.39e-05	1.06e-02	1.71e-01	8.18e-01
 2.46983e+22	0.00e+00	0.00e+00	4.21e-30	7.04e-26	1.65e-21	6.25e-18	7.15e-15	2.67e-12	4.30e-10	3.43e-08	1.80e-06	9.28e-05	1.14e-02	1.76e-01	8.12e-01
 2.49429e+22	0.00e+00	0.00e+00	6.24e-30	1.01e-25	2.30e-21	8.42e-18	9.32e-15	3.36e-12	5.23e-10	4.03e-08	2.05e-06	1.02e-04	1.21e-02	1.81e-01	8.07e-01
 2.52127e+22	0.00e+00	0.00e+00	9.94e-30	1.55e-25	3.40e-21	1.20e-17	1.27e-14	4.42e-12	6.60e-10	4.89e-08	2.38e-06	1.14e-04	1.30e-02	1.87e-01	8.00e-01
 2.54953e+22	0.00e+00	0.00e+00	1.55e-29	2.34e-25	4.94e-21	1.68e-17	1.72e-14	5.73e-12	8.25e-10	5.88e-08	2.76e-06	1.27e-04	1.39e-02	1.93e-01	7.93e-01
 2.57318e+22	0.00e+00	0.00e+00	2.26e-29	3.31e-25	6.78e-21	2.23e-17	2.21e-14	7.15e-12	9.96e-10	6.87e-08	3.12e-06	1.39e-04	1.47e-02	1.98e-01	7.87e-01
 2.59767e+22	0.00e+00	0.00e+00	3.47e-29	4.91e-25	9.71e-21	3.08e-17	2.95e-14	9.18e-12	1.23e-09	8.20e-08	3.59e-06	1.54e-04	1.57e-02	2.04e-01	7.80e-01
 2.62377e+22	0.00e+00	0.00e+00	5.22e-29	7.16e-25	1.37e-20	4.20e-17	3.88e-14	1.17e-11	1.51e-09	9.71e-08	4.10e-06	1.70e-04	1.68e-02	2.09e-01	7.74e-01
 2.64764e+22	0.00e+00	1.17e-33	7.71e-29	1.03e-24	1.90e-20	5.63e-17	5.04e-14	1.47e-11	1.84e-09	1.14e-07	4.66e-06	1.87e-04	1.78e-02	2.15e-01	7.67e-01
 2.67435e+22	0.00e+00	1.97e-33	1.25e-28	1.60e-24	2.86e-20	8.14e-17	6.99e-14	1.95e-11	2.35e-09	1.40e-07	5.46e-06	2.10e-04	1.92e-02	2.22e-01	7.59e-01
 2.70038e+22	0.00e+00	2.99e-33	1.85e-28	2.29e-24	3.96e-20	1.09e-16	9.06e-14	2.45e-11	2.85e-09	1.64e-07	6.20e-06	2.30e-04	2.03e-02	2.27e-01	7.52e-01
 2.72173e+22	0.00e+00	3.15e-33	1.90e-28	2.29e-24	5.34e-20	1.43e-16	1.15e-13	3.01e-11	3.40e-09	1.90e-07	6.96e-06	2.51e-04	2.15e-02	2.32e-01	7.46e-01
 2.74568e+22	0.00e+00	5.04e-33	2.94e-28	3.42e-24	7.70e-20	1.98e-16	1.54e-13	3.89e-11	4.24e-09	2.28e-07	8.03e-06	2.78e-04	2.29e-02	2.39e-01	7.38e-01
 2.77083e+22	0.00e+00	7.68e-33	4.35e-28	4.90e-24	1.07e-19	2.67e-16	2.00e-13	4.89e-11	5.15e-09	2.68e-07	9.12e-06	3.06e-04	2.43e-02	2.45e-01	7.31e-01
 2.79394e+22	0.00e+00	1.17e-32	6.44e-28	7.02e-24	1.49e-19	3.58e-16	2.61e-13	6.15e-11	6.27e-09	3.15e-07	1.04e-05	3.35e-04	2.58e-02	2.51e-01	7.23e-01
 2.82036e+22	0.00e+00	2.02e-32	1.07e-27	1.12e-23	2.27e-19	5.25e-16	3.66e-13	8.28e-11	8.08e-09	3.89e-07	1.22e-05	3.78e-04	2.78e-02	2.59e-01	7.13e-01
 2.84577e+22	0.00e+00	3.02e-32	1.55e-27	1.58e-23	3.11e-19	6.96e-16	4.70e-13	1.03e-10	9.74e-09	4.53e-07	1.38e-05	4.13e-04	2.94e-02	2.64e-01	7.06e-01
 2.86987e+22	0.00e+00	4.95e-32	2.46e-27	2.41e-23	4.57e-19	9.85e-16	6.40e-13	1.35e-10	1.23e-08	5.49e-07	1.60e-05	4.61e-04	3.15e-02	2.72e-01	6.96e-01
 2.89425e+22	0.00e+00	7.66e-32	3.69e-27	3.48e-23	6.41e-19	1.33e-15	8.38e-13	1.71e-10	1.50e-08	6.49e-07	1.83e-05	5.07e-04	3.34e-02	2.78e-01	6.88e-01
 2.91507e+22	0.00e+00	1.10e-31	5.18e-27	4.75e-23	8.51e-19	1.72e-15	1.05e-12	2.08e-10	1.78e-08	7.46e-07	2.04e-05	5.49e-04	3.51e-02	2.84e-01	6.81e-01
 2.93820e+22	0.00e+00	1.79e-31	8.13e-27	7.18e-23	1.24e-18	2.42e-15	1.42e-12	2.71e-10	2.23e-08	9.00e-07	2.36e-05	6.10e-04	3.75e-02	2.91e-01	6.71e-01
 2.96238e+22	0.00e+00	2.77e-31	1.22e-26	1.04e-22	1.74e-18	3.28e-15	1.86e-12	3.43e-10	2.73e-08	1.06e-06	2.69e-05	6.71e-04	3.97e-02	2.98e-01	6.62e-01
 2.98336e+22	0.00e+00	4.14e-31	1.77e-26	1.46e-22	2.37e-18	4.33e-15	2.38e-12	4.26e-10	3.28e-08	1.24e-06	3.03e-05	7.31e-04	4.19e-02	3.04e-01	6.54e-01
 3.00299e+22	0.00e+00	6.04e-31	2.51e-26	2.01e-22	3.18e-18	5.64e-15	3.01e-12	5.23e-10	3.91e-08	1.43e-06	3.39e-05	7.94e-04	4.41e-02	3.10e-01	6.46e-01
 3.02546e+22	0.00e+00	9.70e-31	3.89e-26	3.00e-22	4.59e-18	7.85e-15	4.04e-12	6.75e-10	4.87e-08	1.72e-06	3.91e-05	8.79e-04	4.69e-02	3.17e-01	6.35e-01
 3.04880e+22	0.00e+00	1.50e-30	5.81e-26	4.32e-22	6.41e-18	1.06e-14	5.28e-12	8.52e-10	5.95e-08	2.03e-06	4.44e-05	9.64e-04	4.96e-02	3.23e-01	6.26e-01
 3.06941e+22	0.00e+00	2.25e-30	8.50e-26	6.11e-22	8.79e-18	1.41e-14	6.79e-12	1.06e-09	7.20e-08	2.38e-06	5.02e-05	1.05e-03	5.24e-02	3.30e-01	6.17e-01
 3.09235e+22	0.00e+00	3.73e-30	1.35e-25	9.33e-22	1.30e-17	2.00e-14	9.27e-12	1.39e-09	9.09e-08	2.88e-06	5.83e-05	1.17e-03	5.59e-02	3.37e-01	6.05e-01
 3.11586e+22	0.00e+00	5.75e-30	2.02e-25	1.34e-21	1.81e-17	2.70e-14	1.21e-11	1.76e-09	1.11e-07	3.40e-06	6.63e-05	1.28e-03	5.91e-02	3.44e-01	5.95e-01
 3.13597e+22	0.00e+00	8.61e-30	2.93e-25	1.89e-21	2.47e-17	3.57e-14	1.55e-11	2.19e-09	1.34e-07	3.97e-06	7.47e-05	1.40e-03	6.22e-02	3.50e-01	5.86e-01
 3.15490e+22	0.00e+00	1.25e-29	4.13e-25	2.58e-21	3.28e-17	4.61e-14	1.95e-11	2.67e-09	1.59e-07	4.57e-06	8.33e-05	1.51e-03	6.52e-02	3.56e-01	5.77e-01
 3.17641e+22	0.00e+00	2.02e-29	6.45e-25	3.87e-21	4.76e-17	6.44e-14	2.62e-11	3.46e-09	1.98e-07	5.50e-06	9.60e-05	1.68e-03	6.93e-02	3.63e-01	5.66e-01
 3.19850e+22	0.00e+00	3.08e-29	9.54e-25	5.51e-21	6.59e-17	8.64e-14	3.40e-11	4.34e-09	2.41e-07	6.47e-06	1.09e-04	1.83e-03	7.31e-02	3.69e-01	5.56e-01
 3.21793e+22	0.00e+00	3.77e-29	1.13e-24	7.72e-21	8.98e-17	1.14e-13	4.35e-11	5.39e-09	2.90e-07	7.54e-06	1.22e-04	1.99e-03	7.68e-02	3.75e-01	5.46e-01
 3.23977e+22	0.00e+00	6.23e-29	1.80e-24	1.17e-20	1.32e-16	1.61e-13	5.92e-11	7.06e-09	3.66e-07	9.13e-06	1.42e-04	2.21e-03	8.17e-02	3.83e-01	5.33e-01
 3.26144e+22	0.00e+00	9.30e-29	2.60e-24	1.64e-20	1.79e-16	2.13e-13	7.57e-11	8.75e-09	4.40e-07	1.06e-05	1.59e-04	2.40e-03	8.58e-02	3.88e-01	5.23e-01
 3.27999e+22	0.00e+00	1.37e-28	3.73e-24	2.27e-20	2.42e-16	2.78e-13	9.61e-11	1.08e-08	5.26e-07	1.23e-05	1.79e-04	2.60e-03	8.99e-02	3.94e-01	5.14e-01
 3.30118e+22	0.00e+00	2.23e-28	5.83e-24	3.41e-20	3.51e-16	3.89e-13	1.29e-10	1.40e-08	6.57e-07	1.48e-05	2.06e-04	2.87e-03	9.52e-02	4.00e-01	5.01e-01
 3.32271e+22	0.00e+00	3.40e-28	8.61e-24	4.84e-20	4.84e-16	5.19e-13	1.67e-10	1.75e-08	7.98e-07	1.74e-05	2.32e-04	3.13e-03	1.00e-01	4.06e-01	4.91e-01
 3.34123e+22	0.00e+00	4.98e-28	1.22e-23	6.65e-20	6.48e-16	6.75e-13	2.11e-10	2.14e-08	9.51e-07	2.01e-05	2.60e-04	3.38e-03	1.05e-01	4.11e-01	4.81e-01
 3.36184e+22	0.00e+00	8.02e-28	1.90e-23	9.88e-20	9.32e-16	9.37e-13	2.82e-10	2.77e-08	1.18e-06	2.41e-05	2.98e-04	3.72e-03	1.11e-01	4.17e-01	4.68e-01
 3.38326e+22	0.00e+00	1.23e-27	2.81e-23	1.41e-19	1.29e-15	1.26e-12	3.67e-10	3.47e-08	1.44e-06	2.83e-05	3.37e-04	4.06e-03	1.16e-01	4.22e-01	4.57e-01
 3.40235e+22	0.00e+00	1.84e-27	4.08e-23	1.97e-19	1.76e-15	1.66e-12	4.69e-10	4.31e-08	1.73e-06	3.30e-05	3.78e-04	4.40e-03	1.22e-01	4.27e-01	4.47e-01
 3.42086e+22	0.00e+00	2.74e-27	5.88e-23	2.73e-19	2.38e-15	2.18e-12	5.97e-10	5.32e-08	2.08e-06	3.83e-05	4.24e-04	4.76e-03	1.27e-01	4.31e-01	4.36e-01
 3.44198e+22	0.00e+00	4.47e-27	9.23e-23	4.10e-19	3.46e-15	3.05e-12	8.06e-10	6.91e-08	2.60e-06	4.61e-05	4.88e-04	5.25e-03	1.34e-01	4.36e-01	4.23e-01
 3.46373e+22	0.00e+00	7.05e-27	1.40e-22	5.96e-19	4.88e-15	4.16e-12	1.06e-09	8.80e-08	3.20e-06	5.47e-05	5.56e-04	5.74e-03	1.41e-01	4.41e-01	4.11e-01
 3.48257e+22	3.31e-34	1.04e-26	2.01e-22	8.26e-19	6.59e-15	5.46e-12	1.35e-09	1.09e-07	3.83e-06	6.35e-05	6.21e-04	6.20e-03	1.47e-01	4.45e-01	4.01e-01
 3.50335e+22	5.66e-34	1.70e-26	3.14e-22	1.23e-18	9.53e-15	7.61e-12	1.81e-09	1.40e-07	4.78e-06	7.62e-05	7.13e-04	6.81e-03	1.55e-01	4.49e-01	3.88e-01
 3.52418e+22	8.77e-34	2.52e-26	4.53e-22	1.71e-18	1.29e-14	9.99e-12	2.31e-09	1.74e-07	5.74e-06	8.84e-05	7.98e-04	7.36e-03	1.62e-01	4.52e-01	3.78e-01
 3.54213e+22	1.37e-33	3.77e-26	6.54e-22	2.38e-18	1.75e-14	1.31e-11	2.95e-09	2.15e-07	6.89e-06	1.03e-04	8.94e-04	7.95e-03	1.69e-01	4.55e-01	3.67e-01
 3.55956e+22	2.06e-33	5.45e-26	9.18e-22	3.22e-18	2.31e-14	1.69e-11	3.69e-09	2.61e-07	8.15e-06	1.18e-04	9.92e-04	8.53e-03	1.75e-01	4.58e-01	3.57e-01
 3.57596e+22	3.02e-33	7.69e-26	1.26e-21	4.27e-18	3.00e-14	2.14e-11	4.55e-09	3.14e-07	9.54e-06	1.34e-04	1.09e-03	9.10e-03	1.82e-01	4.60e-01	3.48e-01
 3.59148e+22	4.48e-33	1.10e-25	1.74e-21	5.69e-18	3.92e-14	2.72e-11	5.63e-09	3.78e-07	1.12e-05	1.54e-04	1.21e-03	9.74e-03	1.88e-01	4.61e-01	3.39e-01
 3.60547e+22	6.29e-33	1.49e-25	2.30e-21	7.29e-18	4.92e-14	3.35e-11	6.77e-09	4.45e-07	1.29e-05	1.72e-04	1.31e-03	1.03e-02	1.94e-01	4.63e-01	3.31e-01
 3.61787e+22	8.37e-33	1.92e-25	2.91e-21	9.00e-18	5.98e-14	3.99e-11	7.92e-09	5.10e-07	1.45e-05	1.90e-04	1.41e-03	1.08e-02	1.99e-01	4.64e-01	3.24e-01
 3.63194e+22	1.23e-32	2.72e-25	4.00e-21	1.19e-17	7.78e-14	5.06e-11	9.78e-09	6.13e-07	1.70e-05	2.16e-04	1.56e-03	1.15e-02	2.06e-01	4.65e-01	3.15e-01
 3.64664e+22	1.73e-32	3.70e-25	5.29e-21	1.53e-17	9.80e-14	6.24e-11	1.18e-08	7.21e-07	1.96e-05	2.42e-04	1.70e-03	1.22e-02	2.12e-01	4.66e-01	3.08e-01
 3.65938e+22	2.37e-32	4.90e-25	6.83e-21	1.92e-17	1.21e-13	7.55e-11	1.40e-08	8.36e-07	2.22e-05	2.69e-04	1.83e-03	1.29e-02	2.18e-01	4.67e-01	3.00e-01
 3.67128e+22	3.24e-32	6.48e-25	8.81e-21	2.41e-17	1.49e-13	9.12e-11	1.65e-08	9.70e-07	2.52e-05	2.99e-04	1.98e-03	1.36e-02	2.24e-01	4.67e-01	2.93e-01
 3.68309e+22	4.34e-32	8.44e-25	1.12e-20	2.98e-17	1.82e-13	1.09e-10	1.94e-08	1.11e-06	2.85e-05	3.30e-04	2.13e-03	1.42e-02	2.29e-01	4.67e-01	2.87e-01
 3.69469e+22	5.81e-32	1.10e-24	1.42e-20	3.67e-17	2.21e-13	1.30e-10	2.27e-08	1.28e-06	3.21e-05	3.64e-04	2.29e-03	1.49e-02	2.35e-01	4.68e-01	2.80e-01
 3.70605e+22	7.80e-32	1.43e-24	1.80e-20	4.54e-17	2.69e-13	1.56e-10	2.66e-08	1.47e-06	3.62e-05	4.01e-04	2.47e-03	1.56e-02	2.40e-01	4.68e-01	2.73e-01
 3.71728e+22	1.04e-31	1.85e-24	2.28e-20	5.59e-17	3.27e-13	1.86e-10	3.11e-08	1.69e-06	4.07e-05	4.42e-04	2.65e-03	1.64e-02	2.46e-01	4.67e-01	2.67e-01
 3.73009e+22	1.50e-31	2.56e-24	3.06e-20	7.24e-17	4.16e-13	2.31e-10	3.79e-08	2.00e-06	4.72e-05	4.99e-04	2.90e-03	1.74e-02	2.53e-01	4.67e-01	2.59e-01
 3.74308e+22	6.99e-34	3.41e-24	3.97e-20	9.10e-17	5.16e-13	2.81e-10	4.50e-08	2.33e-06	5.39e-05	5.56e-04	3.14e-03	1.83e-02	2.60e-01	4.66e-01	2.52e-01
 3.75407e+22	9.37e-34	4.38e-24	4.99e-20	1.11e-16	6.21e-13	3.33e-10	5.24e-08	2.67e-06	6.04e-05	6.11e-04	3.36e-03	1.91e-02	2.66e-01	4.65e-01	2.46e-01
 3.76425e+22	1.24e-33	5.57e-24	6.20e-20	1.34e-16	7.43e-13	3.91e-10	6.06e-08	3.03e-06	6.75e-05	6.69e-04	3.59e-03	2.00e-02	2.71e-01	4.65e-01	2.40e-01
 3.77411e+22	1.64e-33	7.07e-24	7.68e-20	1.62e-16	8.86e-13	4.60e-10	7.00e-08	3.43e-06	7.52e-05	7.31e-04	3.83e-03	2.08e-02	2.77e-01	4.64e-01	2.34e-01
 3.78542e+22	2.32e-33	9.51e-24	1.00e-19	2.05e-16	1.10e-12	5.61e-10	8.37e-08	4.02e-06	8.61e-05	8.17e-04	4.16e-03	2.19e-02	2.83e-01	4.62e-01	2.27e-01
 3.79694e+22	3.16e-33	1.24e-23	1.27e-19	2.52e-16	1.34e-12	6.70e-10	9.82e-08	4.62e-06	9.72e-05	9.02e-04	4.47e-03	2.30e-02	2.90e-01	4.61e-01	2.21e-01
 3.80679e+22	4.16e-33	1.57e-23	1.57e-19	3.02e-16	1.59e-12	7.85e-10	1.13e-07	5.23e-06	1.08e-04	9.84e-04	4.76e-03	2.39e-02	2.95e-01	4.59e-01	2.16e-01
 3.81766e+22	5.90e-33	2.11e-23	2.05e-19	3.81e-16	1.98e-12	9.60e-10	1.35e-07	6.13e-06	1.24e-04	1.10e-03	5.17e-03	2.52e-02	3.02e-01	4.57e-01	2.09e-01
 3.82884e+22	8.02e-33	2.74e-23	2.60e-19	4.67e-16	2.41e-12	1.14e-09	1.59e-07	7.04e-06	1.40e-04	1.22e-03	5.56e-03	2.63e-02	3.09e-01	4.55e-01	2.03e-01
 3.83872e+22	1.07e-32	3.51e-23	3.23e-19	5.65e-16	2.88e-12	1.35e-09	1.84e-07	8.02e-06	1.57e-04	1.33e-03	5.94e-03	2.75e-02	3.14e-01	4.53e-01	1.97e-01
 3.84983e+22	1.55e-32	4.84e-23	4.30e-19	7.23e-16	3.64e-12	1.67e-09	2.24e-07	9.51e-06	1.82e-04	1.50e-03	6.49e-03	2.90e-02	3.22e-01	4.50e-01	1.90e-01
 3.86107e+22	2.10e-32	6.26e-23	5.41e-19	8.80e-16	4.40e-12	1.99e-09	2.61e-07	1.09e-05	2.05e-04	1.66e-03	6.96e-03	3.03e-02	3.28e-01	4.48e-01	1.85e-01
 3.87065e+22	2.76e-32	7.92e-23	6.67e-19	1.05e-15	5.22e-12	2.33e-09	3.01e-07	1.24e-05	2.28e-04	1.81e-03	7.42e-03	3.15e-02	3.34e-01	4.45e-01	1.80e-01
 3.88130e+22	4.07e-32	1.10e-22	8.95e-19	1.35e-15	6.63e-12	2.91e-09	3.69e-07	1.48e-05	2.67e-04	2.05e-03	8.13e-03	3.33e-02	3.42e-01	4.41e-01	1.72e-01
 3.89174e+22	5.30e-32	1.39e-22	1.09e-18	1.61e-15	7.82e-12	3.39e-09	4.23e-07	1.67e-05	2.96e-04	2.24e-03	8.64e-03	3.46e-02	3.48e-01	4.39e-01	1.68e-01
 3.90194e+22	7.70e-32	1.91e-22	1.45e-18	2.04e-15	9.85e-12	4.20e-09	5.14e-07	1.98e-05	3.44e-04	2.53e-03	9.43e-03	3.65e-02	3.56e-01	4.35e-01	1.61e-01
 3.91195e+22	9.91e-32	2.37e-22	1.76e-18	2.40e-15	1.15e-11	4.86e-09	5.87e-07	2.22e-05	3.80e-04	2.74e-03	1.00e-02	3.78e-02	3.61e-01	4.32e-01	1.57e-01
 3.92173e+22	1.43e-31	3.25e-22	2.32e-18	3.02e-15	1.45e-11	6.01e-09	7.12e-07	2.64e-05	4.41e-04	3.09e-03	1.09e-02	3.99e-02	3.69e-01	4.27e-01	1.50e-01
 3.93147e+22	1.85e-31	4.07e-22	2.82e-18	3.57e-15	1.70e-11	6.98e-09	8.16e-07	2.98e-05	4.90e-04	3.36e-03	1.16e-02	4.13e-02	3.74e-01	4.24e-01	1.46e-01
 3.94118e+22	2.68e-31	5.58e-22	3.71e-18	4.49e-15	2.13e-11	8.63e-09	9.91e-07	3.53e-05	5.68e-04	3.80e-03	1.26e-02	4.35e-02	3.81e-01	4.18e-01	1.39e-01
 3.95095e+22	3.51e-31	7.04e-22	4.55e-18	5.32e-15	2.52e-11	1.01e-08	1.14e-06	4.01e-05	6.34e-04	4.15e-03	1.35e-02	4.52e-02	3.87e-01	4.15e-01	1.35e-01
 3.96082e+22	5.11e-31	9.75e-22	6.02e-18	6.71e-15	3.18e-11	1.26e-08	1.40e-06	4.78e-05	7.39e-04	4.70e-03	1.47e-02	4.76e-02	3.95e-01	4.09e-01	1.29e-01
 3.97077e+22	6.75e-31	1.24e-21	7.41e-18	7.98e-15	3.77e-11	1.48e-08	1.62e-06	5.45e-05	8.28e-04	5.15e-03	1.57e-02	4.94e-02	4.00e-01	4.04e-01	1.24e-01
 3.98082e+22	9.79e-31	1.71e-21	9.78e-18	1.00e-14	4.74e-11	1.83e-08	1.98e-06	6.50e-05	9.64e-04	5.82e-03	1.71e-02	5.20e-02	4.07e-01	3.98e-01	1.18e-01
 3.99078e+22	1.30e-30	2.17e-21	1.20e-17	1.19e-14	5.63e-11	2.16e-08	2.30e-06	7.41e-05	1.08e-03	6.38e-03	1.83e-02	5.40e-02	4.13e-01	3.93e-01	1.14e-01
 4.00061e+22	1.87e-30	2.98e-21	1.58e-17	1.48e-14	7.06e-11	2.68e-08	2.80e-06	8.83e-05	1.26e-03	7.20e-03	2.00e-02	5.67e-02	4.20e-01	3.86e-01	1.08e-01
 4.01060e+22	2.50e-30	3.83e-21	1.96e-17	1.77e-14	8.43e-11	3.17e-08	3.28e-06	1.01e-04	1.42e-03	7.93e-03	2.14e-02	5.89e-02	4.25e-01	3.81e-01	1.04e-01
 4.02078e+22	3.66e-30	5.30e-21	2.58e-17	2.21e-14	1.06e-10	3.96e-08	4.03e-06	1.22e-04	1.66e-03	8.99e-03	2.33e-02	6.19e-02	4.32e-01	3.73e-01	9.86e-02
 4.03109e+22	4.93e-30	6.84e-21	3.21e-17	2.64e-14	1.28e-10	4.72e-08	4.74e-06	1.40e-04	1.87e-03	9.91e-03	2.50e-02	6.43e-02	4.37e-01	3.67e-01	9.43e-02
 4.04154e+22	7.25e-30	9.54e-21	4.25e-17	3.30e-14	1.61e-10	5.92e-08	5.86e-06	1.69e-04	2.20e-03	1.13e-02	2.74e-02	6.76e-02	4.43e-01	3.59e-01	8.89e-02
 4.05204e+22	9.76e-30	1.23e-20	5.27e-17	3.92e-14	1.93e-10	7.05e-08	6.88e-06	1.95e-04	2.48e-03	1.24e-02	2.93e-02	7.02e-02	4.48e-01	3.53e-01	8.49e-02
 4.06111e+22	1.30e-29	1.57e-20	6.48e-17	4.63e-14	2.30e-10	8.35e-08	8.06e-06	2.24e-04	2.79e-03	1.36e-02	3.13e-02	7.28e-02	4.52e-01	3.46e-01	8.10e-02
 4.07139e+22	1.89e-29	2.17e-20	8.48e-17	5.72e-14	2.89e-10	1.04e-07	9.92e-06	2.68e-04	3.26e-03	1.54e-02	3.41e-02	7.62e-02	4.57e-01	3.37e-01	7.61e-02
 4.08164e+22	2.48e-29	2.73e-20	1.03e-16	6.68e-14	3.41e-10	1.22e-07	1.15e-05	3.06e-04	3.64e-03	1.68e-02	3.63e-02	7.88e-02	4.61e-01	3.31e-01	7.27e-02
 4.09184e+22	3.54e-29	3.68e-20	1.33e-16	8.14e-14	4.22e-10	1.51e-07	1.40e-05	3.63e-04	4.21e-03	1.89e-02	3.93e-02	8.22e-02	4.65e-01	3.22e-01	6.83e-02
 4.10227e+22	4.69e-29	4.68e-20	1.62e-16	9.52e-14	5.00e-10	1.78e-07	1.63e-05	4.16e-04	4.72e-03	2.07e-02	4.18e-02	8.49e-02	4.68e-01	3.15e-01	6.50e-02
 4.11297e+22	6.72e-29	6.35e-20	2.09e-16	1.16e-13	6.22e-10	2.20e-07	1.99e-05	4.95e-04	5.47e-03	2.32e-02	4.53e-02	8.85e-02	4.71e-01	3.05e-01	6.07e-02
 4.12382e+22	8.87e-29	8.04e-20	2.54e-16	1.35e-13	7.36e-10	2.59e-07	2.32e-05	5.66e-04	6.13e-03	2.54e-02	4.82e-02	9.13e-02	4.73e-01	2.98e-01	5.76e-02
 4.13487e+22	1.27e-28	1.09e-19	3.27e-16	1.65e-13	9.13e-10	3.21e-07	2.83e-05	6.74e-04	7.09e-03	2.84e-02	5.21e-02	9.50e-02	4.75e-01	2.88e-01	5.36e-02
 4.14615e+22	1.28e-28	1.37e-19	3.97e-16	1.92e-13	1.08e-09	3.77e-07	3.29e-05	7.69e-04	7.91e-03	3.10e-02	5.52e-02	9.78e-02	4.76e-01	2.80e-01	5.08e-02
 4.15773e+22	1.83e-28	1.85e-19	5.09e-16	2.32e-13	1.33e-09	4.65e-07	4.00e-05	9.12e-04	9.12e-03	3.46e-02	5.95e-02	1.01e-01	4.77e-01	2.70e-01	4.71e-02
 4.16953e+22	2.42e-28	2.34e-19	6.17e-16	2.70e-13	1.57e-09	5.46e-07	4.66e-05	1.04e-03	1.02e-02	3.76e-02	6.30e-02	1.04e-01	4.77e-01	2.62e-01	4.44e-02
 4.18162e+22	3.45e-28	3.14e-19	7.89e-16	3.26e-13	1.94e-09	6.72e-07	5.65e-05	1.23e-03	1.17e-02	4.19e-02	6.77e-02	1.08e-01	4.77e-01	2.52e-01	4.11e-02
 4.19380e+22	4.51e-28	3.94e-19	9.52e-16	3.77e-13	2.27e-09	7.85e-07	6.53e-05	1.40e-03	1.30e-02	4.54e-02	7.14e-02	1.11e-01	4.76e-01	2.44e-01	3.87e-02
 4.20608e+22	6.37e-28	5.24e-19	1.21e-15	4.52e-13	2.78e-09	9.57e-07	7.86e-05	1.64e-03	1.48e-02	5.02e-02	7.63e-02	1.14e-01	4.73e-01	2.34e-01	3.57e-02
 4.21869e+22	8.37e-28	6.57e-19	1.46e-15	5.23e-13	3.26e-09	1.12e-06	9.09e-05	1.87e-03	1.64e-02	5.43e-02	8.03e-02	1.17e-01	4.71e-01	2.26e-01	3.34e-02
 4.22965e+22	1.08e-27	8.09e-19	1.73e-15	5.97e-13	3.78e-09	1.29e-06	1.04e-04	2.09e-03	1.80e-02	5.83e-02	8.41e-02	1.19e-01	4.69e-01	2.18e-01	3.15e-02
 4.24181e+22	1.48e-27	1.05e-18	2.15e-15	7.07e-13	4.54e-09	1.55e-06	1.23e-04	2.43e-03	2.03e-02	6.37e-02	8.91e-02	1.22e-01	4.65e-01	2.09e-01	2.90e-02
 4.25410e+22	1.90e-27	1.29e-18	2.55e-15	8.06e-13	5.24e-09	1.78e-06	1.40e-04	2.71e-03	2.22e-02	6.82e-02	9.30e-02	1.24e-01	4.61e-01	2.02e-01	2.72e-02
 4.26656e+22	2.61e-27	1.68e-18	3.17e-15	9.51e-13	6.27e-09	2.12e-06	1.65e-04	3.13e-03	2.49e-02	7.43e-02	9.82e-02	1.26e-01	4.56e-01	1.92e-01	2.51e-02
 4.27922e+22	3.34e-27	2.05e-18	3.75e-15	1.08e-12	7.21e-09	2.43e-06	1.87e-04	3.49e-03	2.72e-02	7.93e-02	1.02e-01	1.28e-01	4.51e-01	1.85e-01	2.35e-02
 4.29034e+22	4.23e-27	2.50e-18	4.42e-15	1.23e-12	8.25e-09	2.77e-06	2.11e-04	3.88e-03	2.96e-02	8.43e-02	1.06e-01	1.30e-01	4.46e-01	1.78e-01	2.20e-02
 4.30298e+22	5.78e-27	3.22e-18	5.44e-15	1.44e-12	9.78e-09	3.28e-06	2.47e-04	4.45e-03	3.29e-02	9.13e-02	1.11e-01	1.32e-01	4.39e-01	1.69e-01	2.01e-02
 4.31555e+22	7.22e-27	3.87e-18	6.35e-15	1.63e-12	1.11e-08	3.70e-06	2.76e-04	4.89e-03	3.55e-02	9.64e-02	1.15e-01	1.33e-01	4.33e-01	1.62e-01	1.89e-02
 4.32803e+22	9.72e-27	4.93e-18	7.75e-15	1.90e-12	1.30e-08	4.33e-06	3.19e-04	5.56e-03	3.92e-02	1.04e-01	1.20e-01	1.35e-01	4.25e-01	1.54e-01	1.73e-02
 4.34075e+22	1.22e-26	5.94e-18	9.07e-15	2.14e-12	1.48e-08	4.88e-06	3.57e-04	6.11e-03	4.22e-02	1.09e-01	1.24e-01	1.36e-01	4.19e-01	1.48e-01	1.62e-02
 4.35379e+22	1.65e-26	7.58e-18	1.11e-14	2.50e-12	1.73e-08	5.71e-06	4.13e-04	6.92e-03	4.65e-02	1.17e-01	1.29e-01	1.37e-01	4.10e-01	1.39e-01	1.47e-02
 4.36706e+22	2.08e-26	9.15e-18	1.30e-14	2.84e-12	1.96e-08	6.44e-06	4.61e-04	7.61e-03	5.00e-02	1.23e-01	1.32e-01	1.38e-01	4.02e-01	1.33e-01	1.37e-02
 4.38066e+22	1.85e-27	1.17e-17	1.60e-14	3.32e-12	2.30e-08	7.52e-06	5.32e-04	8.61e-03	5.50e-02	1.32e-01	1.37e-01	1.38e-01	3.92e-01	1.25e-01	1.24e-02
 4.39451e+22	1.87e-27	1.42e-17	1.88e-14	3.78e-12	2.61e-08	8.48e-06	5.93e-04	9.45e-03	5.90e-02	1.38e-01	1.40e-01	1.38e-01	3.83e-01	1.19e-01	1.15e-02
 4.40867e+22	2.57e-27	1.82e-17	2.31e-14	4.43e-12	3.06e-08	9.88e-06	6.83e-04	1.07e-02	6.47e-02	1.47e-01	1.45e-01	1.39e-01	3.72e-01	1.11e-01	1.04e-02
 4.42312e+22	3.33e-27	2.21e-17	2.73e-14	5.05e-12	3.47e-08	1.11e-05	7.61e-04	1.17e-02	6.93e-02	1.54e-01	1.48e-01	1.38e-01	3.62e-01	1.06e-01	9.57e-03
 4.43582e+22	4.16e-27	2.67e-17	3.20e-14	5.72e-12	3.91e-08	1.25e-05	8.44e-04	1.28e-02	7.40e-02	1.61e-01	1.51e-01	1.38e-01	3.53e-01	1.00e-01	8.83e-03
 4.45019e+22	5.74e-27	3.40e-17	3.92e-14	6.71e-12	4.55e-08	1.44e-05	9.64e-04	1.43e-02	8.04e-02	1.70e-01	1.55e-01	1.37e-01	3.41e-01	9.32e-02	7.93e-03
 4.46457e+22	7.31e-27	4.07e-17	4.58e-14	7.59e-12	5.10e-08	1.61e-05	1.06e-03	1.55e-02	8.52e-02	1.77e-01	1.57e-01	1.37e-01	3.32e-01	8.85e-02	7.34e-03
 4.47897e+22	1.01e-26	5.18e-17	5.59e-14	8.87e-12	5.90e-08	1.85e-05	1.20e-03	1.72e-02	9.22e-02	1.86e-01	1.60e-01	1.35e-01	3.19e-01	8.20e-02	6.57e-03
 4.49362e+22	1.30e-26	6.21e-17	6.54e-14	1.01e-11	6.62e-08	2.05e-05	1.33e-03	1.87e-02	9.76e-02	1.92e-01	1.62e-01	1.34e-01	3.10e-01	7.76e-02	6.05e-03
 4.50858e+22	1.79e-26	7.89e-17	8.01e-14	1.18e-11	7.66e-08	2.35e-05	1.50e-03	2.07e-02	1.05e-01	2.01e-01	1.65e-01	1.33e-01	2.97e-01	7.17e-02	5.41e-03
 4.52404e+22	2.34e-26	9.57e-17	9.46e-14	1.35e-11	8.64e-08	2.63e-05	1.65e-03	2.24e-02	1.11e-01	2.08e-01	1.67e-01	1.31e-01	2.86e-01	6.73e-02	4.94e-03
 4.54015e+22	3.31e-26	1.23e-16	1.17e-13	1.60e-11	1.00e-07	3.03e-05	1.88e-03	2.49e-02	1.20e-01	2.18e-01	1.68e-01	1.29e-01	2.73e-01	6.17e-02	4.36e-03
 4.55664e+22	4.38e-26	1.50e-16	1.39e-13	1.84e-11	1.14e-07	3.39e-05	2.07e-03	2.70e-02	1.27e-01	2.25e-01	1.70e-01	1.26e-01	2.62e-01	5.76e-02	3.95e-03
 4.57362e+22	6.24e-26	1.94e-16	1.73e-13	2.19e-11	1.32e-07	3.91e-05	2.35e-03	3.00e-02	1.36e-01	2.34e-01	1.71e-01	1.24e-01	2.48e-01	5.24e-02	3.46e-03
 4.59123e+22	8.44e-26	2.40e-16	2.08e-13	2.54e-11	1.51e-07	4.40e-05	2.60e-03	3.25e-02	1.44e-01	2.41e-01	1.71e-01	1.21e-01	2.37e-01	4.86e-02	3.11e-03
 4.60963e+22	1.23e-25	3.15e-16	2.63e-13	3.06e-11	1.77e-07	5.09e-05	2.96e-03	3.62e-02	1.54e-01	2.50e-01	1.71e-01	1.17e-01	2.22e-01	4.37e-02	2.69e-03
 4.62850e+22	1.68e-25	3.91e-16	3.18e-13	3.57e-11	2.02e-07	5.73e-05	3.28e-03	3.92e-02	1.63e-01	2.56e-01	1.71e-01	1.14e-01	2.11e-01	4.02e-02	2.40e-03
 4.64795e+22	2.50e-25	5.20e-16	4.05e-13	4.32e-11	2.37e-07	6.65e-05	3.74e-03	4.36e-02	1.74e-01	2.65e-01	1.70e-01	1.10e-01	1.96e-01	3.58e-02	2.04e-03
 4.66754e+22	3.38e-25	6.44e-16	4.88e-13	5.03e-11	2.70e-07	7.46e-05	4.12e-03	4.71e-02	1.83e-01	2.70e-01	1.69e-01	1.07e-01	1.85e-01	3.28e-02	1.81e-03
 4.68733e+22	5.00e-25	8.52e-16	6.21e-13	6.10e-11	3.17e-07	8.62e-05	4.67e-03	5.20e-02	1.94e-01	2.78e-01	1.67e-01	1.02e-01	1.71e-01	2.90e-02	1.54e-03
 4.70754e+22	6.90e-25	1.07e-15	7.54e-13	7.12e-11	3.60e-07	9.68e-05	5.16e-03	5.62e-02	2.04e-01	2.83e-01	1.65e-01	9.85e-02	1.61e-01	2.63e-02	1.35e-03
 4.72829e+22	1.02e-24	1.42e-15	9.63e-13	8.66e-11	4.23e-07	1.12e-04	5.84e-03	6.18e-02	2.16e-01	2.89e-01	1.62e-01	9.37e-02	1.48e-01	2.31e-02	1.13e-03
 4.74946e+22	1.43e-24	1.79e-15	1.18e-12	1.02e-10	4.81e-07	1.26e-04	6.45e-03	6.68e-02	2.26e-01	2.93e-01	1.60e-01	8.97e-02	1.37e-01	2.07e-02	9.77e-04
 4.76833e+22	1.97e-24	2.26e-15	1.43e-12	1.19e-10	5.46e-07	1.40e-04	7.10e-03	7.20e-02	2.36e-01	2.96e-01	1.57e-01	8.57e-02	1.27e-01	1.85e-02	8.44e-04
 4.79003e+22	2.97e-24	3.04e-15	1.84e-12	1.45e-10	6.39e-07	1.62e-04	8.02e-03	7.91e-02	2.48e-01	3.00e-01	1.52e-01	8.06e-02	1.15e-01	1.60e-02	6.93e-04
 4.81059e+22	3.90e-24	3.70e-15	2.19e-12	1.66e-10	7.12e-07	1.78e-04	8.68e-03	8.41e-02	2.56e-01	3.02e-01	1.49e-01	7.72e-02	1.08e-01	1.45e-02	6.09e-04
 4.82964e+22	5.61e-24	4.82e-15	2.72e-12	1.96e-10	8.11e-07	2.00e-04	9.62e-03	9.11e-02	2.67e-01	3.04e-01	1.44e-01	7.27e-02	9.78e-02	1.26e-02	5.07e-04
 4.84876e+22	7.36e-24	5.87e-15	3.22e-12	2.24e-10	8.99e-07	2.19e-04	1.04e-02	9.66e-02	2.76e-01	3.04e-01	1.41e-01	6.94e-02	9.09e-02	1.13e-02	4.42e-04
 4.86797e+22	1.05e-23	7.61e-15	4.00e-12	2.64e-10	1.02e-06	2.46e-04	1.15e-02	1.04e-01	2.86e-01	3.05e-01	1.36e-01	6.51e-02	8.24e-02	9.82e-03	3.67e-04
 4.88760e+22	1.40e-23	9.40e-15	4.77e-12	3.03e-10	1.13e-06	2.70e-04	1.24e-02	1.11e-01	2.94e-01	3.04e-01	1.32e-01	6.16e-02	7.58e-02	8.72e-03	3.15e-04
 4.90780e+22	2.03e-23	1.24e-14	5.99e-12	3.60e-10	1.29e-06	3.03e-04	1.37e-02	1.19e-01	3.05e-01	3.03e-01	1.26e-01	5.73e-02	6.78e-02	7.44e-03	2.56e-04
 4.92809e+22	2.71e-23	1.53e-14	7.14e-12	4.12e-10	1.43e-06	3.32e-04	1.48e-02	1.26e-01	3.12e-01	3.02e-01	1.22e-01	5.41e-02	6.22e-02	6.58e-03	2.19e-04
 4.94849e+22	3.92e-23	2.02e-14	8.96e-12	4.90e-10	1.62e-06	3.71e-04	1.63e-02	1.36e-01	3.22e-01	2.99e-01	1.16e-01	5.00e-02	5.53e-02	5.57e-03	1.76e-04
 4.96929e+22	5.29e-23	2.53e-14	1.08e-11	5.64e-10	1.79e-06	4.06e-04	1.76e-02	1.44e-01	3.29e-01	2.96e-01	1.11e-01	4.69e-02	5.02e-02	4.87e-03	1.48e-04
 4.99059e+22	7.80e-23	3.39e-14	1.37e-11	6.74e-10	2.03e-06	4.55e-04	1.94e-02	1.55e-01	3.38e-01	2.91e-01	1.04e-01	4.29e-02	4.41e-02	4.05e-03	1.17e-04
 5.01224e+22	1.06e-22	4.28e-14	1.65e-11	7.78e-10	2.25e-06	4.98e-04	2.09e-02	1.64e-01	3.45e-01	2.87e-01	9.94e-02	3.99e-02	3.97e-02	3.50e-03	9.71e-05
 5.03434e+22	1.59e-22	5.82e-14	2.11e-11	9.38e-10	2.56e-06	5.59e-04	2.31e-02	1.77e-01	3.53e-01	2.80e-01	9.28e-02	3.63e-02	3.44e-02	2.87e-03	7.55e-05
 5.05689e+22	2.21e-22	7.46e-14	2.58e-11	1.09e-09	2.85e-06	6.13e-04	2.50e-02	1.88e-01	3.59e-01	2.74e-01	8.75e-02	3.35e-02	3.06e-02	2.44e-03	6.15e-05
 5.07926e+22	3.28e-22	1.02e-13	3.30e-11	1.32e-09	3.24e-06	6.85e-04	2.74e-02	2.01e-01	3.65e-01	2.66e-01	8.12e-02	3.02e-02	2.64e-02	1.99e-03	4.75e-05
 5.10052e+22	4.39e-22	1.27e-13	3.96e-11	1.51e-09	3.56e-06	7.44e-04	2.93e-02	2.11e-01	3.69e-01	2.60e-01	7.67e-02	2.80e-02	2.37e-02	1.72e-03	3.94e-05
 5.12110e+22	6.42e-22	1.71e-13	5.01e-11	1.81e-09	4.03e-06	8.26e-04	3.20e-02	2.25e-01	3.73e-01	2.51e-01	7.08e-02	2.53e-02	2.04e-02	1.41e-03	3.05e-05
 5.14206e+22	8.73e-22	2.17e-13	6.07e-11	2.10e-09	4.47e-06	9.00e-04	3.43e-02	2.37e-01	3.76e-01	2.43e-01	6.63e-02	2.33e-02	1.81e-02	1.20e-03	2.49e-05
 5.16260e+22	1.26e-21	2.91e-13	7.67e-11	2.51e-09	5.06e-06	9.98e-04	3.73e-02	2.51e-01	3.78e-01	2.34e-01	6.10e-02	2.10e-02	1.56e-02	9.78e-04	1.93e-05
 5.18357e+22	1.74e-21	3.76e-13	9.41e-11	2.94e-09	5.65e-06	1.09e-03	4.00e-02	2.64e-01	3.79e-01	2.25e-01	5.66e-02	1.92e-02	1.37e-02	8.19e-04	1.55e-05
 5.20399e+22	2.47e-21	4.99e-13	1.18e-10	3.52e-09	6.39e-06	1.21e-03	4.33e-02	2.79e-01	3.80e-01	2.15e-01	5.19e-02	1.73e-02	1.18e-02	6.72e-04	1.21e-05
 5.22484e+22	3.46e-21	6.55e-13	1.47e-10	4.18e-09	7.22e-06	1.33e-03	4.66e-02	2.93e-01	3.79e-01	2.06e-01	4.77e-02	1.56e-02	1.03e-02	5.56e-04	9.54e-06
 5.24549e+22	4.91e-21	8.68e-13	1.84e-10	5.01e-09	8.21e-06	1.47e-03	5.02e-02	3.08e-01	3.78e-01	1.96e-01	4.35e-02	1.41e-02	8.82e-03	4.55e-04	7.44e-06
 5.26624e+22	6.91e-21	1.15e-12	2.31e-10	6.01e-09	9.33e-06	1.63e-03	5.41e-02	3.23e-01	3.75e-01	1.86e-01	3.97e-02	1.27e-02	7.59e-03	3.73e-04	5.82e-06
 5.28676e+22	9.71e-21	1.52e-12	2.89e-10	7.22e-09	1.06e-05	1.80e-03	5.82e-02	3.38e-01	3.72e-01	1.76e-01	3.61e-02	1.14e-02	6.52e-03	3.06e-04	4.54e-06
 5.30724e+22	1.36e-20	2.00e-12	3.63e-10	8.69e-09	1.22e-05	1.99e-03	6.25e-02	3.54e-01	3.68e-01	1.66e-01	3.27e-02	1.02e-02	5.59e-03	2.50e-04	3.53e-06
 5.32776e+22	1.92e-20	2.65e-12	4.56e-10	1.05e-08	1.39e-05	2.20e-03	6.72e-02	3.69e-01	3.62e-01	1.56e-01	2.96e-02	9.09e-03	4.78e-03	2.03e-04	2.74e-06
 5.34837e+22	2.69e-20	3.50e-12	5.74e-10	1.27e-08	1.60e-05	2.44e-03	7.21e-02	3.84e-01	3.56e-01	1.46e-01	2.67e-02	8.10e-03	4.07e-03	1.65e-04	2.12e-06
 5.36911e+22	3.78e-20	4.64e-12	7.23e-10	1.54e-08	1.85e-05	2.71e-03	7.73e-02	3.99e-01	3.49e-01	1.37e-01	2.40e-02	7.20e-03	3.46e-03	1.34e-04	1.64e-06
 5.39005e+22	5.31e-20	6.14e-12	9.13e-10	1.88e-08	2.13e-05	3.01e-03	8.29e-02	4.14e-01	3.42e-01	1.27e-01	2.15e-02	6.38e-03	2.93e-03	1.08e-04	1.26e-06
 5.41124e+22	7.47e-20	8.15e-12	1.16e-09	2.30e-08	2.47e-05	3.34e-03	8.89e-02	4.29e-01	3.33e-01	1.18e-01	1.92e-02	5.64e-03	2.47e-03	8.66e-05	9.64e-07
 5.43253e+22	1.05e-19	1.08e-11	1.46e-09	2.80e-08	2.86e-05	3.71e-03	9.51e-02	4.43e-01	3.24e-01	1.10e-01	1.71e-02	4.97e-03	2.09e-03	6.96e-05	7.39e-07
 5.45417e+22	1.47e-19	1.43e-11	1.85e-09	3.44e-08	3.32e-05	4.13e-03	1.02e-01	4.57e-01	3.15e-01	1.01e-01	1.51e-02	4.36e-03	1.75e-03	5.54e-05	5.60e-07
 5.47607e+22	2.06e-19	1.89e-11	2.34e-09	4.21e-08	3.86e-05	4.58e-03	1.09e-01	4.70e-01	3.05e-01	9.35e-02	1.34e-02	3.83e-03	1.47e-03	4.43e-05	4.26e-07
 5.49841e+22	2.92e-19	2.51e-11	2.99e-09	5.21e-08	4.51e-05	5.11e-03	1.16e-01	4.83e-01	2.94e-01	8.57e-02	1.18e-02	3.33e-03	1.22e-03	3.49e-05	3.19e-07
 5.51918e+22	3.85e-19	3.16e-11	3.63e-09	6.18e-08	5.11e-05	5.58e-03	1.23e-01	4.93e-01	2.85e-01	7.98e-02	1.06e-02	2.98e-03	1.05e-03	2.88e-05	2.53e-07
 5.54062e+22	5.49e-19	4.24e-11	4.67e-09	7.71e-08	6.02e-05	6.24e-03	1.31e-01	5.05e-01	2.72e-01	7.25e-02	9.27e-03	2.57e-03	8.58e-04	2.24e-05	1.86e-07
 5.56241e+22	3.91e-18	5.33e-11	5.69e-09	9.16e-08	6.83e-05	6.80e-03	1.38e-01	5.14e-01	2.63e-01	6.72e-02	8.31e-03	2.28e-03	7.33e-04	1.83e-05	1.46e-07
 5.58465e+22	5.66e-18	7.16e-11	7.35e-09	1.15e-07	8.07e-05	7.62e-03	1.47e-01	5.24e-01	2.50e-01	6.07e-02	7.19e-03	1.95e-03	5.96e-04	1.41e-05	0.00e+00
 5.60699e+22	7.48e-18	8.92e-11	8.90e-09	1.36e-07	9.14e-05	8.28e-03	1.55e-01	5.31e-01	2.41e-01	5.62e-02	6.45e-03	1.73e-03	5.10e-04	1.16e-05	0.00e+00
 5.62947e+22	1.08e-17	1.19e-10	1.14e-08	1.70e-07	1.08e-04	9.24e-03	1.65e-01	5.39e-01	2.29e-01	5.07e-02	5.57e-03	1.48e-03	4.14e-04	8.91e-06	0.00e+00
 5.65207e+22	1.42e-17	1.47e-10	1.38e-08	2.01e-07	1.22e-04	1.00e-02	1.72e-01	5.45e-01	2.19e-01	4.68e-02	4.98e-03	1.31e-03	3.53e-04	7.29e-06	0.00e+00
 5.67484e+22	2.05e-17	1.94e-10	1.77e-08	2.50e-07	1.43e-04	1.12e-02	1.83e-01	5.51e-01	2.07e-01	4.21e-02	4.30e-03	1.11e-03	2.86e-04	5.60e-06	0.00e+00
 5.69781e+22	2.72e-17	2.40e-10	2.13e-08	2.96e-07	1.61e-04	1.21e-02	1.91e-01	5.55e-01	1.98e-01	3.87e-02	3.84e-03	9.84e-04	2.44e-04	4.57e-06	0.00e+00
 5.72104e+22	3.91e-17	3.15e-10	2.71e-08	3.68e-07	1.89e-04	1.34e-02	2.02e-01	5.59e-01	1.86e-01	3.47e-02	3.30e-03	8.35e-04	1.97e-04	3.50e-06	0.00e+00
 5.74457e+22	5.24e-17	3.89e-10	3.27e-08	4.35e-07	2.14e-04	1.45e-02	2.10e-01	5.61e-01	1.78e-01	3.19e-02	2.94e-03	7.35e-04	1.67e-04	2.84e-06	0.00e+00
 5.76847e+22	7.61e-17	5.09e-10	4.17e-08	5.42e-07	2.51e-04	1.61e-02	2.22e-01	5.64e-01	1.67e-01	2.85e-02	2.52e-03	6.21e-04	1.34e-04	2.16e-06	0.00e+00
 5.79277e+22	1.03e-16	6.27e-10	5.03e-08	6.42e-07	2.84e-04	1.75e-02	2.31e-01	5.64e-01	1.58e-01	2.61e-02	2.23e-03	5.44e-04	1.13e-04	1.75e-06	0.00e+00
 5.81760e+22	1.53e-16	8.21e-10	6.43e-08	8.01e-07	3.33e-04	1.93e-02	2.43e-01	5.64e-01	1.48e-01	2.32e-02	1.91e-03	4.57e-04	9.06e-05	1.32e-06	0.00e+00
 5.84295e+22	2.13e-16	1.01e-09	7.78e-08	9.53e-07	3.78e-04	2.10e-02	2.53e-01	5.63e-01	1.40e-01	2.12e-02	1.68e-03	3.98e-04	7.59e-05	1.06e-06	0.00e+00
 5.86899e+22	3.26e-16	1.33e-09	9.98e-08	1.20e-06	4.45e-04	2.32e-02	2.66e-01	5.61e-01	1.29e-01	1.87e-02	1.42e-03	3.31e-04	6.01e-05	7.90e-07	0.00e+00
 5.89565e+22	4.69e-16	1.65e-09	1.21e-07	1.43e-06	5.06e-04	2.52e-02	2.76e-01	5.58e-01	1.22e-01	1.70e-02	1.25e-03	2.87e-04	5.00e-05	6.28e-07	0.00e+00
 5.91814e+22	6.42e-16	1.99e-09	1.44e-07	1.67e-06	5.67e-04	2.70e-02	2.85e-01	5.55e-01	1.15e-01	1.56e-02	1.11e-03	2.52e-04	4.25e-05	5.12e-07	0.00e+00
 5.94238e+22	9.80e-16	2.53e-09	1.80e-07	2.05e-06	6.56e-04	2.96e-02	2.97e-01	5.51e-01	1.07e-01	1.39e-02	9.57e-04	2.13e-04	3.43e-05	3.92e-07	0.00e+00
 5.96697e+22	1.37e-15	3.05e-09	2.14e-07	2.40e-06	7.34e-04	3.18e-02	3.06e-01	5.46e-01	1.01e-01	1.27e-02	8.50e-04	1.87e-04	2.90e-05	3.18e-07	0.00e+00
 5.98828e+22	1.82e-15	3.64e-09	2.53e-07	2.79e-06	8.18e-04	3.40e-02	3.15e-01	5.42e-01	9.57e-02	1.17e-02	7.58e-04	1.64e-04	2.47e-05	2.60e-07	0.00e+00
 6.01223e+22	2.51e-15	4.57e-09	3.13e-07	3.39e-06	9.42e-04	3.70e-02	3.27e-01	5.35e-01	8.87e-02	1.04e-02	6.52e-04	1.39e-04	2.00e-05	2.00e-07	0.00e+00
 6.03603e+22	3.13e-15	5.41e-09	3.66e-07	3.91e-06	1.04e-03	3.94e-02	3.36e-01	5.30e-01	8.41e-02	9.59e-03	5.85e-04	1.23e-04	1.72e-05	1.65e-07	0.00e+00
 6.05965e+22	4.05e-15	6.73e-09	4.50e-07	4.73e-06	1.19e-03	4.27e-02	3.47e-01	5.22e-01	7.79e-02	8.58e-03	5.05e-04	1.05e-04	1.40e-05	1.28e-07	0.00e+00
 6.08361e+22	4.95e-15	7.99e-09	5.27e-07	5.47e-06	1.32e-03	4.55e-02	3.56e-01	5.15e-01	7.36e-02	7.89e-03	4.52e-04	9.24e-05	1.19e-05	0.00e+00	0.00e+00
 6.10802e+22	6.37e-15	9.95e-09	6.49e-07	6.62e-06	1.51e-03	4.93e-02	3.67e-01	5.06e-01	6.80e-02	7.04e-03	3.89e-04	7.82e-05	9.68e-06	0.00e+00	0.00e+00
 6.13285e+22	7.80e-15	1.18e-08	7.62e-07	7.66e-06	1.68e-03	5.25e-02	3.76e-01	4.99e-01	6.40e-02	6.45e-03	3.47e-04	6.88e-05	8.24e-06	0.00e+00	0.00e+00
 6.15823e+22	1.01e-14	1.48e-08	9.43e-07	9.34e-06	1.93e-03	5.70e-02	3.88e-01	4.88e-01	5.88e-02	5.73e-03	2.96e-04	5.78e-05	6.62e-06	0.00e+00	0.00e+00
 6.18399e+22	1.24e-14	1.76e-08	1.11e-06	1.08e-05	2.14e-03	6.07e-02	3.97e-01	4.80e-01	5.51e-02	5.23e-03	2.63e-04	5.05e-05	5.59e-06	0.00e+00	0.00e+00
 6.21027e+22	1.60e-14	2.20e-08	1.38e-06	1.32e-05	2.46e-03	6.58e-02	4.08e-01	4.68e-01	5.05e-02	4.63e-03	2.24e-04	4.24e-05	4.48e-06	0.00e+00	0.00e+00
 6.23731e+22	1.99e-14	2.65e-08	1.64e-06	1.55e-05	2.75e-03	7.02e-02	4.17e-01	4.59e-01	4.70e-02	4.20e-03	1.97e-04	3.67e-05	3.75e-06	0.00e+00	0.00e+00
 6.26534e+22	2.61e-14	3.34e-08	2.04e-06	1.90e-05	3.17e-03	7.63e-02	4.28e-01	4.46e-01	4.28e-02	3.69e-03	1.66e-04	3.04e-05	2.96e-06	0.00e+00	0.00e+00
 6.29393e+22	3.25e-14	4.03e-08	2.44e-06	2.23e-05	3.55e-03	8.14e-02	4.37e-01	4.35e-01	3.97e-02	3.34e-03	1.46e-04	2.62e-05	2.46e-06	0.00e+00	0.00e+00
 6.32322e+22	4.29e-14	5.12e-08	3.07e-06	2.76e-05	4.11e-03	8.85e-02	4.48e-01	4.21e-01	3.59e-02	2.92e-03	1.22e-04	2.16e-05	1.93e-06	0.00e+00	0.00e+00
 6.35280e+22	5.36e-14	6.17e-08	3.66e-06	3.24e-05	4.59e-03	9.42e-02	4.56e-01	4.10e-01	3.32e-02	2.63e-03	1.07e-04	1.86e-05	1.60e-06	0.00e+00	0.00e+00
 6.38273e+22	7.08e-14	7.83e-08	4.60e-06	4.01e-05	5.31e-03	1.02e-01	4.66e-01	3.94e-01	2.98e-02	2.29e-03	8.89e-05	1.52e-05	1.24e-06	0.00e+00	0.00e+00
 6.41300e+22	8.88e-14	9.45e-08	5.49e-06	4.70e-05	5.93e-03	1.09e-01	4.73e-01	3.83e-01	2.75e-02	2.06e-03	7.75e-05	1.31e-05	1.03e-06	0.00e+00	0.00e+00
 6.44369e+22	1.18e-13	1.20e-07	6.91e-06	5.82e-05	6.86e-03	1.18e-01	4.82e-01	3.67e-01	2.46e-02	1.79e-03	6.43e-05	1.07e-05	7.97e-07	0.00e+00	0.00e+00
 6.47368e+22	1.46e-13	1.43e-07	8.14e-06	6.74e-05	7.58e-03	1.24e-01	4.88e-01	3.56e-01	2.28e-02	1.62e-03	5.65e-05	9.24e-06	6.67e-07	0.00e+00	0.00e+00
 6.50274e+22	1.90e-13	1.78e-07	1.01e-05	8.22e-05	8.68e-03	1.34e-01	4.95e-01	3.41e-01	2.05e-02	1.42e-03	4.73e-05	7.62e-06	5.23e-07	0.00e+00	0.00e+00
 6.53286e+22	2.40e-13	2.15e-07	1.20e-05	9.60e-05	9.64e-03	1.42e-01	5.00e-01	3.29e-01	1.88e-02	1.27e-03	4.11e-05	6.53e-06	4.32e-07	0.00e+00	0.00e+00
 6.55860e+22	2.92e-13	2.53e-07	1.40e-05	1.10e-04	1.06e-02	1.49e-01	5.04e-01	3.18e-01	1.74e-02	1.16e-03	3.62e-05	5.68e-06	3.63e-07	0.00e+00	0.00e+00
 6.58627e+22	3.75e-13	3.10e-07	1.70e-05	1.32e-04	1.20e-02	1.59e-01	5.08e-01	3.04e-01	1.56e-02	1.02e-03	3.06e-05	4.74e-06	2.89e-07	0.00e+00	0.00e+00
 6.61397e+22	4.59e-13	3.64e-07	1.98e-05	1.52e-04	1.31e-02	1.66e-01	5.11e-01	2.94e-01	1.44e-02	9.23e-04	2.69e-05	4.12e-06	2.42e-07	0.00e+00	0.00e+00
 6.64169e+22	5.89e-13	4.44e-07	2.40e-05	1.81e-04	1.47e-02	1.76e-01	5.14e-01	2.81e-01	1.30e-02	8.16e-04	2.29e-05	3.46e-06	1.95e-07	0.00e+00	0.00e+00
 6.67052e+22	7.35e-13	5.28e-07	2.83e-05	2.11e-04	1.63e-02	1.86e-01	5.16e-01	2.69e-01	1.19e-02	7.29e-04	1.98e-05	2.95e-06	1.59e-07	0.00e+00	0.00e+00
 6.69627e+22	9.12e-13	6.22e-07	3.30e-05	2.42e-04	1.79e-02	1.94e-01	5.17e-01	2.58e-01	1.09e-02	6.59e-04	1.73e-05	2.55e-06	1.33e-07	0.00e+00	0.00e+00
 6.72523e+22	1.19e-12	7.62e-07	4.01e-05	2.88e-04	2.00e-02	2.06e-01	5.18e-01	2.45e-01	9.78e-03	5.79e-04	1.46e-05	2.12e-06	0.00e+00	0.00e+00	0.00e+00
 6.75568e+22	1.51e-12	9.15e-07	4.77e-05	3.38e-04	2.22e-02	2.16e-01	5.18e-01	2.34e-01	8.83e-03	5.14e-04	1.25e-05	1.79e-06	0.00e+00	0.00e+00	0.00e+00
 6.78336e+22	1.90e-12	1.09e-06	5.60e-05	3.91e-04	2.44e-02	2.26e-01	5.17e-01	2.23e-01	8.02e-03	4.60e-04	1.08e-05	1.53e-06	0.00e+00	0.00e+00	0.00e+00
