#depth	Ne	Ne+	Ne+2	Ne+3	Ne+4	Ne+5	Ne+6	Ne+7	Ne+8	Ne+9	Ne+10
 4.62852e+21	0.00e+00	0.00e+00	3.76e-28	3.36e-23	6.82e-19	3.40e-15	6.69e-12	8.19e-09	3.35e-05	1.15e-02	9.88e-01
 1.05627e+22	0.00e+00	1.33e-32	6.12e-27	3.88e-22	5.60e-18	1.98e-14	2.76e-11	2.39e-08	6.84e-05	1.64e-02	9.84e-01
 1.27607e+22	0.00e+00	1.11e-31	4.06e-26	2.04e-21	2.34e-17	6.53e-14	7.23e-11	4.94e-08	1.11e-04	2.08e-02	9.79e-01
 1.43669e+22	0.00e+00	6.09e-31	1.85e-25	7.72e-21	7.33e-17	1.70e-13	1.56e-10	8.83e-08	1.64e-04	2.52e-02	9.75e-01
 1.52592e+22	0.00e+00	9.35e-31	2.71e-25	1.08e-20	9.77e-17	2.16e-13	1.90e-10	1.02e-07	1.80e-04	2.64e-02	9.73e-01
 1.55494e+22	0.00e+00	1.22e-30	3.43e-25	1.33e-20	1.17e-16	2.51e-13	2.14e-10	1.12e-07	1.92e-04	2.73e-02	9.73e-01
 1.58064e+22	0.00e+00	1.71e-30	4.62e-25	1.73e-20	1.46e-16	3.04e-13	2.49e-10	1.26e-07	2.07e-04	2.83e-02	9.71e-01
 1.60754e+22	0.00e+00	2.30e-30	6.03e-25	2.18e-20	1.79e-16	3.59e-13	2.85e-10	1.39e-07	2.22e-04	2.93e-02	9.71e-01
 1.63225e+22	0.00e+00	3.12e-30	7.92e-25	2.77e-20	2.20e-16	4.26e-13	3.28e-10	1.54e-07	2.37e-04	3.03e-02	9.69e-01
 1.65563e+22	0.00e+00	4.12e-30	1.01e-24	3.44e-20	2.65e-16	4.98e-13	3.71e-10	1.70e-07	2.53e-04	3.12e-02	9.69e-01
 1.68104e+22	0.00e+00	5.70e-30	1.35e-24	4.43e-20	3.29e-16	5.98e-13	4.30e-10	1.90e-07	2.72e-04	3.24e-02	9.67e-01
 1.70758e+22	0.00e+00	7.73e-30	1.77e-24	5.62e-20	4.04e-16	7.10e-13	4.94e-10	2.11e-07	2.92e-04	3.35e-02	9.66e-01
 1.73117e+22	0.00e+00	1.02e-29	2.28e-24	7.00e-20	4.88e-16	8.32e-13	5.61e-10	2.32e-07	3.11e-04	3.46e-02	9.65e-01
 1.75740e+22	0.00e+00	1.43e-29	3.06e-24	9.08e-20	6.10e-16	1.00e-12	6.53e-10	2.60e-07	3.36e-04	3.59e-02	9.64e-01
 1.78516e+22	0.00e+00	2.01e-29	4.15e-24	1.19e-19	7.67e-16	1.22e-12	7.61e-10	2.92e-07	3.63e-04	3.73e-02	9.62e-01
 1.80956e+22	0.00e+00	2.66e-29	5.33e-24	1.48e-19	9.26e-16	1.42e-12	8.64e-10	3.21e-07	3.87e-04	3.85e-02	9.61e-01
 1.83235e+22	0.00e+00	3.51e-29	6.82e-24	1.83e-19	1.12e-15	1.66e-12	9.80e-10	3.53e-07	4.12e-04	3.97e-02	9.60e-01
 1.85839e+22	0.00e+00	4.92e-29	9.22e-24	2.39e-19	1.40e-15	2.01e-12	1.14e-09	3.96e-07	4.45e-04	4.12e-02	9.58e-01
 1.88540e+22	0.00e+00	6.84e-29	1.23e-23	3.08e-19	1.75e-15	2.42e-12	1.32e-09	4.42e-07	4.79e-04	4.27e-02	9.57e-01
 1.90864e+22	0.00e+00	9.13e-29	1.60e-23	3.86e-19	2.12e-15	2.84e-12	1.51e-09	4.87e-07	5.11e-04	4.41e-02	9.55e-01
 1.93383e+22	0.00e+00	1.29e-28	2.16e-23	5.04e-19	2.67e-15	3.45e-12	1.76e-09	5.48e-07	5.52e-04	4.58e-02	9.54e-01
 1.95923e+22	0.00e+00	1.73e-28	2.82e-23	6.35e-19	3.25e-15	4.07e-12	2.01e-09	6.05e-07	5.90e-04	4.73e-02	9.52e-01
 1.98102e+22	0.00e+00	2.28e-28	3.59e-23	7.86e-19	3.91e-15	4.75e-12	2.27e-09	6.63e-07	6.27e-04	4.87e-02	9.51e-01
 2.00545e+22	0.00e+00	3.21e-28	4.87e-23	1.03e-18	4.91e-15	5.75e-12	2.65e-09	7.44e-07	6.77e-04	5.06e-02	9.49e-01
 2.03081e+22	0.00e+00	4.36e-28	6.40e-23	1.30e-18	6.03e-15	6.83e-12	3.04e-09	8.24e-07	7.25e-04	5.23e-02	9.47e-01
 2.05362e+22	0.00e+00	5.88e-28	8.34e-23	1.64e-18	7.36e-15	8.07e-12	3.47e-09	9.11e-07	7.75e-04	5.40e-02	9.45e-01
 2.07951e+22	4.17e-34	8.66e-28	1.18e-22	2.22e-18	9.53e-15	1.00e-11	4.13e-09	1.04e-06	8.44e-04	5.63e-02	9.43e-01
 2.10467e+22	5.74e-34	1.15e-27	1.52e-22	2.78e-18	1.16e-14	1.18e-11	4.69e-09	1.14e-06	9.00e-04	5.81e-02	9.41e-01
 2.12571e+22	7.94e-34	1.54e-27	1.96e-22	3.48e-18	1.40e-14	1.38e-11	5.34e-09	1.25e-06	9.59e-04	5.99e-02	9.39e-01
 2.14988e+22	1.20e-33	2.24e-27	2.73e-22	4.64e-18	1.79e-14	1.70e-11	6.29e-09	1.42e-06	1.04e-03	6.23e-02	9.37e-01
 2.17429e+22	1.67e-33	3.01e-27	3.55e-22	5.83e-18	2.19e-14	2.00e-11	7.17e-09	1.56e-06	1.11e-03	6.43e-02	9.35e-01
 2.19903e+22	2.56e-33	4.41e-27	4.98e-22	7.85e-18	2.82e-14	2.48e-11	8.49e-09	1.77e-06	1.21e-03	6.69e-02	9.32e-01
 2.22399e+22	3.70e-33	6.14e-27	6.68e-22	1.01e-17	3.51e-14	2.98e-11	9.82e-09	1.97e-06	1.29e-03	6.92e-02	9.29e-01
 2.24452e+22	5.13e-33	8.21e-27	8.64e-22	1.27e-17	4.26e-14	3.50e-11	1.12e-08	2.17e-06	1.38e-03	7.13e-02	9.27e-01
 2.26650e+22	7.46e-33	1.15e-26	1.16e-21	1.65e-17	5.33e-14	4.21e-11	1.29e-08	2.42e-06	1.48e-03	7.39e-02	9.25e-01
 2.28977e+22	1.08e-32	1.59e-26	1.56e-21	2.12e-17	6.62e-14	5.05e-11	1.49e-08	2.69e-06	1.59e-03	7.64e-02	9.22e-01
 2.31054e+22	1.51e-32	2.16e-26	2.03e-21	2.68e-17	8.10e-14	5.97e-11	1.70e-08	2.96e-06	1.69e-03	7.88e-02	9.20e-01
 2.33340e+22	2.33e-32	3.18e-26	2.86e-21	3.62e-17	1.05e-13	7.39e-11	2.02e-08	3.36e-06	1.84e-03	8.19e-02	9.16e-01
 2.35647e+22	3.29e-32	4.33e-26	3.77e-21	4.60e-17	1.29e-13	8.78e-11	2.31e-08	3.71e-06	1.96e-03	8.45e-02	9.14e-01
 2.37625e+22	4.63e-32	5.88e-26	4.94e-21	5.83e-17	1.57e-13	1.04e-10	2.64e-08	4.09e-06	2.09e-03	8.71e-02	9.11e-01
 2.39544e+22	6.38e-32	7.84e-26	6.37e-21	7.28e-17	1.91e-13	1.22e-10	2.99e-08	4.48e-06	2.22e-03	8.97e-02	9.08e-01
 2.41747e+22	9.69e-32	1.14e-25	8.87e-21	9.72e-17	2.44e-13	1.50e-10	3.52e-08	5.05e-06	2.40e-03	9.31e-02	9.05e-01
 2.43988e+22	1.40e-31	1.59e-25	1.19e-20	1.25e-16	3.04e-13	1.79e-10	4.06e-08	5.61e-06	2.57e-03	9.61e-02	9.01e-01
 2.45920e+22	1.98e-31	2.16e-25	1.56e-20	1.59e-16	3.72e-13	2.13e-10	4.64e-08	6.18e-06	2.74e-03	9.90e-02	8.98e-01
 2.48072e+22	3.04e-31	3.17e-25	2.19e-20	2.14e-16	4.80e-13	2.63e-10	5.48e-08	6.98e-06	2.97e-03	1.03e-01	8.94e-01
 2.50281e+22	4.34e-31	4.36e-25	2.91e-20	2.74e-16	5.94e-13	3.13e-10	6.30e-08	7.72e-06	3.17e-03	1.06e-01	8.91e-01
 2.52206e+22	6.19e-31	5.99e-25	3.85e-20	3.50e-16	7.32e-13	3.73e-10	7.22e-08	8.53e-06	3.39e-03	1.09e-01	8.87e-01
 2.54058e+22	8.60e-31	8.04e-25	4.99e-20	4.39e-16	8.89e-13	4.39e-10	8.20e-08	9.36e-06	3.60e-03	1.12e-01	8.84e-01
 2.56171e+22	1.32e-30	1.18e-24	7.00e-20	5.90e-16	1.15e-12	5.41e-10	9.67e-08	1.06e-05	3.89e-03	1.17e-01	8.80e-01
 2.58316e+22	1.93e-30	1.65e-24	9.45e-20	7.65e-16	1.43e-12	6.52e-10	1.12e-07	1.17e-05	4.16e-03	1.20e-01	8.76e-01
 2.60155e+22	2.69e-30	2.23e-24	1.23e-19	9.65e-16	1.75e-12	7.69e-10	1.27e-07	1.29e-05	4.42e-03	1.24e-01	8.72e-01
 2.62198e+22	4.10e-30	3.25e-24	1.72e-19	1.29e-15	2.24e-12	9.45e-10	1.50e-07	1.45e-05	4.77e-03	1.28e-01	8.67e-01
 2.64326e+22	6.01e-30	4.58e-24	2.32e-19	1.68e-15	2.81e-12	1.14e-09	1.73e-07	1.61e-05	5.11e-03	1.32e-01	8.63e-01
 2.66191e+22	8.61e-30	6.32e-24	3.09e-19	2.15e-15	3.47e-12	1.36e-09	1.99e-07	1.78e-05	5.45e-03	1.36e-01	8.58e-01
 2.68241e+22	1.32e-29	9.23e-24	4.32e-19	2.88e-15	4.46e-12	1.67e-09	2.34e-07	2.00e-05	5.88e-03	1.41e-01	8.53e-01
 2.70374e+22	1.97e-29	1.33e-23	5.95e-19	3.81e-15	5.67e-12	2.04e-09	2.73e-07	2.24e-05	6.31e-03	1.46e-01	8.48e-01
 2.72253e+22	2.82e-29	1.82e-23	7.88e-19	4.87e-15	7.00e-12	2.43e-09	3.13e-07	2.47e-05	6.72e-03	1.50e-01	8.43e-01
 2.74336e+22	4.39e-29	2.71e-23	1.12e-18	6.61e-15	9.09e-12	3.02e-09	3.71e-07	2.79e-05	7.27e-03	1.55e-01	8.37e-01
 2.76454e+22	6.59e-29	3.90e-23	1.54e-18	8.75e-15	1.16e-11	3.68e-09	4.32e-07	3.12e-05	7.80e-03	1.60e-01	8.32e-01
 2.78211e+22	9.24e-29	5.28e-23	2.02e-18	1.10e-14	1.41e-11	4.35e-09	4.92e-07	3.42e-05	8.27e-03	1.65e-01	8.27e-01
 2.80089e+22	1.39e-28	7.63e-23	2.79e-18	1.47e-14	1.80e-11	5.32e-09	5.75e-07	3.82e-05	8.88e-03	1.70e-01	8.21e-01
 2.82072e+22	2.03e-28	1.07e-22	3.76e-18	1.90e-14	2.25e-11	6.40e-09	6.64e-07	4.24e-05	9.48e-03	1.75e-01	8.16e-01
 2.83747e+22	2.79e-28	1.42e-22	4.83e-18	2.37e-14	2.71e-11	7.46e-09	7.48e-07	4.62e-05	1.00e-02	1.79e-01	8.11e-01
 2.85479e+22	4.17e-28	2.04e-22	6.63e-18	3.12e-14	3.43e-11	9.08e-09	8.71e-07	5.15e-05	1.07e-02	1.85e-01	8.05e-01
 2.87110e+22	5.59e-28	2.65e-22	8.36e-18	3.81e-14	4.08e-11	1.05e-08	9.72e-07	5.57e-05	1.13e-02	1.89e-01	8.00e-01
 2.88390e+22	7.46e-28	3.43e-22	1.05e-17	4.65e-14	4.83e-11	1.20e-08	1.08e-06	6.02e-05	1.18e-02	1.93e-01	7.95e-01
 2.89641e+22	9.74e-28	4.35e-22	1.30e-17	5.58e-14	5.65e-11	1.37e-08	1.20e-06	6.46e-05	1.24e-02	1.97e-01	7.91e-01
 2.90877e+22	1.24e-27	5.41e-22	1.57e-17	6.61e-14	6.52e-11	1.54e-08	1.31e-06	6.90e-05	1.29e-02	2.00e-01	7.87e-01
 2.92284e+22	1.74e-27	7.31e-22	2.05e-17	8.32e-14	7.94e-11	1.82e-08	1.49e-06	7.55e-05	1.36e-02	2.05e-01	7.81e-01
 2.93696e+22	2.33e-27	9.49e-22	2.58e-17	1.02e-13	9.43e-11	2.09e-08	1.66e-06	8.16e-05	1.43e-02	2.09e-01	7.76e-01
 2.94884e+22	3.03e-27	1.20e-21	3.18e-17	1.22e-13	1.10e-10	2.38e-08	1.83e-06	8.74e-05	1.49e-02	2.13e-01	7.72e-01
 2.95997e+22	3.93e-27	1.52e-21	3.90e-17	1.46e-13	1.28e-10	2.70e-08	2.02e-06	9.36e-05	1.56e-02	2.17e-01	7.67e-01
 2.97071e+22	4.98e-27	1.87e-21	4.70e-17	1.71e-13	1.47e-10	3.02e-08	2.20e-06	9.97e-05	1.62e-02	2.21e-01	7.63e-01
 2.98292e+22	6.78e-27	2.47e-21	5.99e-17	2.11e-13	1.76e-10	3.51e-08	2.47e-06	1.08e-04	1.71e-02	2.25e-01	7.57e-01
 2.99549e+22	8.85e-27	3.14e-21	7.40e-17	2.54e-13	2.06e-10	3.99e-08	2.73e-06	1.16e-04	1.78e-02	2.30e-01	7.52e-01
 3.00669e+22	1.14e-26	3.93e-21	9.03e-17	3.02e-13	2.39e-10	4.51e-08	3.00e-06	1.24e-04	1.86e-02	2.34e-01	7.48e-01
 3.01942e+22	1.62e-26	5.39e-21	1.19e-16	3.84e-13	2.93e-10	5.34e-08	3.41e-06	1.36e-04	1.96e-02	2.39e-01	7.41e-01
 3.03135e+22	2.06e-26	6.68e-21	1.44e-16	4.52e-13	3.38e-10	6.00e-08	3.73e-06	1.44e-04	2.04e-02	2.43e-01	7.36e-01
 3.04225e+22	2.77e-26	8.72e-21	1.82e-16	5.55e-13	4.02e-10	6.92e-08	4.16e-06	1.56e-04	2.14e-02	2.48e-01	7.31e-01
 3.05337e+22	3.57e-26	1.09e-20	2.22e-16	6.59e-13	4.65e-10	7.81e-08	4.57e-06	1.66e-04	2.23e-02	2.52e-01	7.26e-01
 3.06324e+22	4.53e-26	1.35e-20	2.67e-16	7.75e-13	5.34e-10	8.75e-08	4.98e-06	1.77e-04	2.31e-02	2.56e-01	7.21e-01
 3.07451e+22	6.35e-26	1.83e-20	3.49e-16	9.76e-13	6.51e-10	1.03e-07	5.64e-06	1.93e-04	2.44e-02	2.61e-01	7.14e-01
 3.08561e+22	8.03e-26	2.26e-20	4.20e-16	1.15e-12	7.46e-10	1.15e-07	6.15e-06	2.05e-04	2.53e-02	2.65e-01	7.09e-01
 3.09651e+22	1.14e-25	3.09e-20	5.53e-16	1.45e-12	9.13e-10	1.36e-07	6.98e-06	2.24e-04	2.67e-02	2.71e-01	7.02e-01
 3.10733e+22	1.45e-25	3.83e-20	6.68e-16	1.71e-12	1.05e-09	1.53e-07	7.62e-06	2.38e-04	2.77e-02	2.75e-01	6.97e-01
 3.11803e+22	2.01e-25	5.14e-20	8.64e-16	2.14e-12	1.27e-09	1.78e-07	8.58e-06	2.59e-04	2.91e-02	2.81e-01	6.90e-01
 3.12869e+22	2.61e-25	6.48e-20	1.06e-15	2.55e-12	1.48e-09	2.02e-07	9.44e-06	2.76e-04	3.03e-02	2.85e-01	6.84e-01
 3.13929e+22	3.68e-25	8.83e-20	1.39e-15	3.23e-12	1.80e-09	2.38e-07	1.07e-05	3.01e-04	3.20e-02	2.91e-01	6.77e-01
 3.14983e+22	4.73e-25	1.11e-19	1.69e-15	3.83e-12	2.08e-09	2.68e-07	1.17e-05	3.21e-04	3.32e-02	2.95e-01	6.71e-01
 3.16030e+22	6.75e-25	1.52e-19	2.24e-15	4.87e-12	2.56e-09	3.18e-07	1.33e-05	3.51e-04	3.50e-02	3.01e-01	6.63e-01
 3.17045e+22	8.51e-25	1.87e-19	2.69e-15	5.70e-12	2.93e-09	3.55e-07	1.45e-05	3.72e-04	3.63e-02	3.05e-01	6.58e-01
 3.18021e+22	1.21e-24	2.56e-19	3.54e-15	7.22e-12	3.58e-09	4.19e-07	1.64e-05	4.06e-04	3.82e-02	3.11e-01	6.50e-01
 3.18991e+22	1.52e-24	3.15e-19	4.24e-15	8.45e-12	4.09e-09	4.67e-07	1.79e-05	4.30e-04	3.96e-02	3.15e-01	6.44e-01
 3.19954e+22	2.18e-24	4.34e-19	5.61e-15	1.08e-11	5.03e-09	5.54e-07	2.04e-05	4.70e-04	4.18e-02	3.22e-01	6.36e-01
 3.20918e+22	2.79e-24	5.41e-19	6.81e-15	1.27e-11	5.80e-09	6.23e-07	2.23e-05	5.00e-04	4.33e-02	3.26e-01	6.30e-01
 3.21883e+22	3.98e-24	7.44e-19	9.01e-15	1.62e-11	7.12e-09	7.38e-07	2.53e-05	5.46e-04	4.57e-02	3.32e-01	6.21e-01
 3.22865e+22	5.18e-24	9.42e-19	1.11e-14	1.93e-11	8.28e-09	8.37e-07	2.79e-05	5.83e-04	4.75e-02	3.37e-01	6.15e-01
 3.23870e+22	7.40e-24	1.30e-18	1.47e-14	2.46e-11	1.02e-08	9.92e-07	3.18e-05	6.38e-04	5.01e-02	3.43e-01	6.06e-01
 3.24867e+22	9.72e-24	1.66e-18	1.82e-14	2.96e-11	1.19e-08	1.13e-06	3.51e-05	6.83e-04	5.22e-02	3.48e-01	5.99e-01
 3.25854e+22	1.39e-23	2.28e-18	2.40e-14	3.77e-11	1.46e-08	1.34e-06	4.00e-05	7.47e-04	5.50e-02	3.55e-01	5.89e-01
 3.26857e+22	1.85e-23	2.94e-18	3.00e-14	4.57e-11	1.73e-08	1.54e-06	4.44e-05	8.02e-04	5.74e-02	3.60e-01	5.82e-01
 3.27881e+22	2.68e-23	4.11e-18	4.02e-14	5.88e-11	2.14e-08	1.84e-06	5.09e-05	8.81e-04	6.07e-02	3.67e-01	5.72e-01
 3.28913e+22	3.57e-23	5.32e-18	5.04e-14	7.14e-11	2.53e-08	2.11e-06	5.66e-05	9.48e-04	6.33e-02	3.72e-01	5.64e-01
 3.29956e+22	5.22e-23	7.47e-18	6.79e-14	9.23e-11	3.15e-08	2.53e-06	6.51e-05	1.04e-03	6.70e-02	3.79e-01	5.53e-01
 3.31006e+22	6.95e-23	9.67e-18	8.51e-14	1.12e-10	3.72e-08	2.91e-06	7.25e-05	1.12e-03	6.99e-02	3.84e-01	5.45e-01
 3.31914e+22	9.22e-23	1.25e-17	1.06e-13	1.36e-10	4.39e-08	3.34e-06	8.06e-05	1.21e-03	7.29e-02	3.89e-01	5.37e-01
 3.32945e+22	1.34e-22	1.74e-17	1.42e-13	1.75e-10	5.45e-08	4.00e-06	9.26e-05	1.33e-03	7.70e-02	3.95e-01	5.26e-01
 3.33965e+22	1.73e-22	2.19e-17	1.75e-13	2.08e-10	6.34e-08	4.54e-06	1.02e-04	1.42e-03	8.00e-02	4.00e-01	5.18e-01
 3.34973e+22	2.43e-22	2.98e-17	2.28e-13	2.63e-10	7.74e-08	5.36e-06	1.16e-04	1.55e-03	8.42e-02	4.06e-01	5.08e-01
 3.36009e+22	3.21e-22	3.82e-17	2.84e-13	3.17e-10	9.10e-08	6.15e-06	1.29e-04	1.66e-03	8.78e-02	4.11e-01	5.00e-01
 3.37084e+22	4.55e-22	5.23e-17	3.75e-13	4.03e-10	1.12e-07	7.31e-06	1.48e-04	1.82e-03	9.25e-02	4.17e-01	4.89e-01
 3.38179e+22	5.99e-22	6.70e-17	4.66e-13	4.87e-10	1.32e-07	8.39e-06	1.64e-04	1.96e-03	9.64e-02	4.22e-01	4.80e-01
 3.39299e+22	8.51e-22	9.19e-17	6.16e-13	6.19e-10	1.62e-07	9.99e-06	1.89e-04	2.15e-03	1.02e-01	4.28e-01	4.68e-01
 3.40441e+22	1.12e-21	1.17e-16	7.64e-13	7.46e-10	1.91e-07	1.14e-05	2.10e-04	2.31e-03	1.06e-01	4.32e-01	4.60e-01
 3.41613e+22	1.58e-21	1.60e-16	1.01e-12	9.47e-10	2.34e-07	1.36e-05	2.40e-04	2.54e-03	1.12e-01	4.38e-01	4.48e-01
 3.42804e+22	2.06e-21	2.04e-16	1.25e-12	1.14e-09	2.75e-07	1.56e-05	2.67e-04	2.73e-03	1.16e-01	4.42e-01	4.39e-01
 3.44022e+22	2.91e-21	2.78e-16	1.64e-12	1.44e-09	3.38e-07	1.86e-05	3.06e-04	2.99e-03	1.22e-01	4.47e-01	4.27e-01
 3.45247e+22	3.75e-21	3.51e-16	2.01e-12	1.72e-09	3.95e-07	2.12e-05	3.39e-04	3.20e-03	1.27e-01	4.51e-01	4.18e-01
 3.46481e+22	5.21e-21	4.72e-16	2.61e-12	2.17e-09	4.81e-07	2.50e-05	3.86e-04	3.50e-03	1.33e-01	4.56e-01	4.07e-01
 3.47745e+22	6.73e-21	5.95e-16	3.21e-12	2.59e-09	5.62e-07	2.85e-05	4.28e-04	3.75e-03	1.39e-01	4.59e-01	3.98e-01
 3.48846e+22	8.54e-21	7.38e-16	3.88e-12	3.06e-09	6.49e-07	3.22e-05	4.71e-04	4.01e-03	1.44e-01	4.62e-01	3.89e-01
 3.50075e+22	1.16e-20	9.73e-16	4.96e-12	3.78e-09	7.82e-07	3.77e-05	5.33e-04	4.35e-03	1.50e-01	4.66e-01	3.79e-01
 3.51307e+22	1.45e-20	1.19e-15	5.94e-12	4.42e-09	8.96e-07	4.23e-05	5.83e-04	4.63e-03	1.55e-01	4.69e-01	3.70e-01
 3.52544e+22	1.94e-20	1.55e-15	7.53e-12	5.43e-09	1.07e-06	4.93e-05	6.57e-04	5.02e-03	1.62e-01	4.72e-01	3.60e-01
 3.53806e+22	2.44e-20	1.91e-15	9.03e-12	6.37e-09	1.23e-06	5.54e-05	7.20e-04	5.34e-03	1.68e-01	4.74e-01	3.52e-01
 3.54922e+22	3.04e-20	2.33e-15	1.08e-11	7.44e-09	1.41e-06	6.21e-05	7.88e-04	5.67e-03	1.73e-01	4.76e-01	3.44e-01
 3.56193e+22	4.04e-20	3.02e-15	1.36e-11	9.10e-09	1.68e-06	7.22e-05	8.87e-04	6.14e-03	1.81e-01	4.79e-01	3.33e-01
 3.57456e+22	4.94e-20	3.63e-15	1.60e-11	1.05e-08	1.90e-06	8.01e-05	9.62e-04	6.49e-03	1.86e-01	4.80e-01	3.26e-01
 3.58708e+22	6.47e-20	4.64e-15	2.00e-11	1.27e-08	2.25e-06	9.23e-05	1.08e-03	7.00e-03	1.94e-01	4.82e-01	3.16e-01
 3.59985e+22	7.93e-20	5.58e-15	2.35e-11	1.47e-08	2.55e-06	1.03e-04	1.17e-03	7.40e-03	1.99e-01	4.83e-01	3.09e-01
 3.61293e+22	1.04e-19	7.14e-15	2.93e-11	1.78e-08	3.01e-06	1.18e-04	1.31e-03	7.97e-03	2.07e-01	4.85e-01	2.99e-01
 3.62627e+22	1.28e-19	8.61e-15	3.46e-11	2.05e-08	3.42e-06	1.32e-04	1.42e-03	8.43e-03	2.13e-01	4.86e-01	2.91e-01
 3.63992e+22	1.67e-19	1.10e-14	4.32e-11	2.49e-08	4.05e-06	1.52e-04	1.59e-03	9.09e-03	2.22e-01	4.86e-01	2.81e-01
 3.65383e+22	2.05e-19	1.33e-14	5.11e-11	2.88e-08	4.60e-06	1.69e-04	1.73e-03	9.61e-03	2.28e-01	4.87e-01	2.74e-01
 3.66806e+22	2.69e-19	1.70e-14	6.37e-11	3.49e-08	5.44e-06	1.95e-04	1.93e-03	1.04e-02	2.37e-01	4.87e-01	2.64e-01
 3.68197e+22	3.23e-19	2.01e-14	7.40e-11	3.98e-08	6.09e-06	2.14e-04	2.08e-03	1.09e-02	2.43e-01	4.87e-01	2.58e-01
 3.69545e+22	4.16e-19	2.53e-14	9.09e-11	4.77e-08	7.13e-06	2.45e-04	2.31e-03	1.17e-02	2.51e-01	4.86e-01	2.48e-01
 3.70915e+22	5.00e-19	3.00e-14	1.06e-10	5.43e-08	7.99e-06	2.69e-04	2.49e-03	1.23e-02	2.57e-01	4.86e-01	2.42e-01
 3.72311e+22	6.40e-19	3.75e-14	1.29e-10	6.48e-08	9.31e-06	3.06e-04	2.75e-03	1.31e-02	2.66e-01	4.85e-01	2.33e-01
 3.73750e+22	7.81e-19	4.50e-14	1.52e-10	7.46e-08	1.05e-05	3.40e-04	2.98e-03	1.38e-02	2.73e-01	4.84e-01	2.27e-01
 3.75244e+22	1.00e-18	5.64e-14	1.86e-10	8.91e-08	1.23e-05	3.87e-04	3.30e-03	1.48e-02	2.81e-01	4.82e-01	2.18e-01
 3.76787e+22	1.23e-18	6.83e-14	2.21e-10	1.03e-07	1.40e-05	4.31e-04	3.59e-03	1.56e-02	2.89e-01	4.80e-01	2.11e-01
 3.78393e+22	1.60e-18	8.65e-14	2.73e-10	1.24e-07	1.64e-05	4.92e-04	3.98e-03	1.67e-02	2.98e-01	4.78e-01	2.03e-01
 3.80040e+22	1.98e-18	1.05e-13	3.26e-10	1.45e-07	1.87e-05	5.50e-04	4.33e-03	1.77e-02	3.06e-01	4.76e-01	1.96e-01
 3.81744e+22	2.58e-18	1.34e-13	4.05e-10	1.75e-07	2.21e-05	6.31e-04	4.81e-03	1.89e-02	3.16e-01	4.73e-01	1.87e-01
 3.83501e+22	3.23e-18	1.65e-13	4.86e-10	2.05e-07	2.53e-05	7.07e-04	5.26e-03	2.01e-02	3.24e-01	4.70e-01	1.80e-01
 3.85329e+22	4.26e-18	2.12e-13	6.09e-10	2.50e-07	3.00e-05	8.14e-04	5.86e-03	2.15e-02	3.35e-01	4.66e-01	1.72e-01
 3.87216e+22	5.38e-18	2.62e-13	7.37e-10	2.95e-07	3.46e-05	9.17e-04	6.42e-03	2.29e-02	3.44e-01	4.62e-01	1.64e-01
 3.88920e+22	6.75e-18	3.22e-13	8.87e-10	3.46e-07	3.98e-05	1.03e-03	7.01e-03	2.42e-02	3.52e-01	4.58e-01	1.58e-01
 3.90877e+22	8.99e-18	4.19e-13	1.12e-09	4.24e-07	4.73e-05	1.19e-03	7.83e-03	2.60e-02	3.63e-01	4.52e-01	1.50e-01
 3.92872e+22	1.14e-17	5.19e-13	1.36e-09	5.01e-07	5.47e-05	1.34e-03	8.57e-03	2.75e-02	3.72e-01	4.48e-01	1.43e-01
 3.94917e+22	1.52e-17	6.77e-13	1.72e-09	6.17e-07	6.53e-05	1.55e-03	9.59e-03	2.96e-02	3.83e-01	4.41e-01	1.35e-01
 3.96989e+22	1.93e-17	8.41e-13	2.09e-09	7.30e-07	7.56e-05	1.75e-03	1.05e-02	3.13e-02	3.92e-01	4.36e-01	1.29e-01
 3.99096e+22	2.60e-17	1.10e-12	2.67e-09	9.03e-07	9.07e-05	2.04e-03	1.18e-02	3.37e-02	4.03e-01	4.28e-01	1.21e-01
 4.01226e+22	3.28e-17	1.37e-12	3.24e-09	1.07e-06	1.05e-04	2.29e-03	1.29e-02	3.57e-02	4.12e-01	4.22e-01	1.15e-01
 4.03383e+22	4.43e-17	1.80e-12	4.15e-09	1.32e-06	1.26e-04	2.68e-03	1.45e-02	3.84e-02	4.24e-01	4.13e-01	1.07e-01
 4.05551e+22	5.57e-17	2.22e-12	5.01e-09	1.56e-06	1.45e-04	3.01e-03	1.59e-02	4.06e-02	4.32e-01	4.06e-01	1.02e-01
 4.07353e+22	6.82e-17	2.68e-12	5.94e-09	1.81e-06	1.65e-04	3.35e-03	1.72e-02	4.27e-02	4.40e-01	4.00e-01	9.67e-02
 4.09314e+22	8.84e-17	3.41e-12	7.38e-09	2.19e-06	1.95e-04	3.84e-03	1.91e-02	4.56e-02	4.50e-01	3.91e-01	9.03e-02
 4.11267e+22	1.08e-16	4.09e-12	8.69e-09	2.52e-06	2.21e-04	4.26e-03	2.06e-02	4.78e-02	4.57e-01	3.84e-01	8.59e-02
 4.13211e+22	1.38e-16	5.15e-12	1.07e-08	3.03e-06	2.59e-04	4.88e-03	2.29e-02	5.09e-02	4.67e-01	3.74e-01	8.00e-02
 4.15179e+22	1.67e-16	6.17e-12	1.26e-08	3.50e-06	2.94e-04	5.41e-03	2.47e-02	5.35e-02	4.74e-01	3.67e-01	7.57e-02
 4.17179e+22	2.13e-16	7.76e-12	1.56e-08	4.22e-06	3.46e-04	6.21e-03	2.75e-02	5.70e-02	4.83e-01	3.56e-01	7.01e-02
 4.19202e+22	2.58e-16	9.27e-12	1.84e-08	4.87e-06	3.92e-04	6.90e-03	2.97e-02	5.98e-02	4.89e-01	3.48e-01	6.61e-02
 4.21257e+22	3.27e-16	1.16e-11	2.26e-08	5.85e-06	4.62e-04	7.92e-03	3.30e-02	6.38e-02	4.97e-01	3.37e-01	6.08e-02
 4.23351e+22	3.94e-16	1.39e-11	2.67e-08	6.77e-06	5.25e-04	8.83e-03	3.59e-02	6.71e-02	5.03e-01	3.27e-01	5.69e-02
 4.25498e+22	4.96e-16	1.73e-11	3.28e-08	8.14e-06	6.20e-04	1.02e-02	3.99e-02	7.16e-02	5.11e-01	3.15e-01	5.19e-02
 4.27684e+22	5.92e-16	2.05e-11	3.86e-08	9.42e-06	7.06e-04	1.14e-02	4.34e-02	7.53e-02	5.16e-01	3.05e-01	4.82e-02
 4.29921e+22	7.36e-16	2.54e-11	4.73e-08	1.13e-05	8.34e-04	1.31e-02	4.84e-02	8.04e-02	5.22e-01	2.92e-01	4.35e-02
 4.32182e+22	8.66e-16	2.99e-11	5.53e-08	1.30e-05	9.48e-04	1.46e-02	5.26e-02	8.46e-02	5.26e-01	2.81e-01	4.01e-02
 4.34095e+22	9.96e-16	3.44e-11	6.36e-08	1.48e-05	1.06e-03	1.62e-02	5.67e-02	8.85e-02	5.29e-01	2.71e-01	3.72e-02
 4.36181e+22	1.18e-15	4.09e-11	7.53e-08	1.73e-05	1.23e-03	1.83e-02	6.24e-02	9.37e-02	5.33e-01	2.58e-01	3.36e-02
 4.38273e+22	1.33e-15	4.65e-11	8.57e-08	1.95e-05	1.37e-03	2.02e-02	6.71e-02	9.78e-02	5.34e-01	2.48e-01	3.10e-02
 4.40317e+22	1.52e-15	5.39e-11	9.96e-08	2.24e-05	1.57e-03	2.26e-02	7.32e-02	1.03e-01	5.35e-01	2.36e-01	2.80e-02
 4.42402e+22	1.70e-15	6.07e-11	1.13e-07	2.52e-05	1.75e-03	2.49e-02	7.86e-02	1.08e-01	5.36e-01	2.26e-01	2.56e-02
 4.44449e+22	1.88e-15	6.87e-11	1.29e-07	2.87e-05	1.98e-03	2.77e-02	8.52e-02	1.13e-01	5.35e-01	2.14e-01	2.30e-02
 4.46537e+22	2.06e-15	7.65e-11	1.45e-07	3.21e-05	2.21e-03	3.05e-02	9.15e-02	1.18e-01	5.33e-01	2.04e-01	2.09e-02
 4.48592e+22	2.24e-15	8.49e-11	1.63e-07	3.61e-05	2.47e-03	3.37e-02	9.83e-02	1.23e-01	5.31e-01	1.93e-01	1.88e-02
 4.50666e+22	2.40e-15	9.33e-11	1.82e-07	4.03e-05	2.75e-03	3.70e-02	1.05e-01	1.28e-01	5.28e-01	1.82e-01	1.70e-02
 4.52712e+22	2.54e-15	1.02e-10	2.02e-07	4.48e-05	3.05e-03	4.05e-02	1.12e-01	1.33e-01	5.23e-01	1.72e-01	1.53e-02
 4.54755e+22	2.68e-15	1.11e-10	2.24e-07	4.97e-05	3.38e-03	4.42e-02	1.20e-01	1.38e-01	5.18e-01	1.63e-01	1.38e-02
 4.56800e+22	2.80e-15	1.19e-10	2.47e-07	5.50e-05	3.73e-03	4.82e-02	1.27e-01	1.43e-01	5.13e-01	1.53e-01	1.23e-02
 4.58852e+22	2.90e-15	1.28e-10	2.72e-07	6.08e-05	4.12e-03	5.24e-02	1.35e-01	1.48e-01	5.06e-01	1.44e-01	1.11e-02
 4.60912e+22	3.00e-15	1.38e-10	2.99e-07	6.73e-05	4.54e-03	5.68e-02	1.42e-01	1.53e-01	4.99e-01	1.35e-01	9.88e-03
 4.62990e+22	3.08e-15	1.48e-10	3.29e-07	7.44e-05	5.01e-03	6.16e-02	1.50e-01	1.57e-01	4.90e-01	1.26e-01	8.82e-03
 4.65088e+22	3.15e-15	1.58e-10	3.62e-07	8.23e-05	5.52e-03	6.67e-02	1.58e-01	1.62e-01	4.82e-01	1.18e-01	7.85e-03
 4.67198e+22	3.22e-15	1.69e-10	3.99e-07	9.10e-05	6.08e-03	7.21e-02	1.66e-01	1.66e-01	4.72e-01	1.10e-01	6.98e-03
 4.69340e+22	3.29e-15	1.80e-10	4.40e-07	1.01e-04	6.71e-03	7.79e-02	1.74e-01	1.71e-01	4.62e-01	1.03e-01	6.17e-03
 4.71504e+22	3.36e-15	1.93e-10	4.86e-07	1.12e-04	7.39e-03	8.40e-02	1.82e-01	1.75e-01	4.51e-01	9.54e-02	5.47e-03
 4.73712e+22	3.43e-15	2.08e-10	5.40e-07	1.25e-04	8.17e-03	9.07e-02	1.91e-01	1.78e-01	4.39e-01	8.82e-02	4.80e-03
 4.75956e+22	3.52e-15	2.24e-10	6.01e-07	1.40e-04	9.02e-03	9.77e-02	1.99e-01	1.82e-01	4.27e-01	8.15e-02	4.23e-03
 4.78012e+22	3.60e-15	2.40e-10	6.59e-07	1.54e-04	9.81e-03	1.04e-01	2.05e-01	1.85e-01	4.16e-01	7.62e-02	3.79e-03
 4.80160e+22	3.70e-15	2.61e-10	7.43e-07	1.74e-04	1.09e-02	1.12e-01	2.14e-01	1.88e-01	4.02e-01	6.98e-02	3.29e-03
 4.82341e+22	3.83e-15	2.81e-10	8.22e-07	1.92e-04	1.19e-02	1.19e-01	2.20e-01	1.90e-01	3.91e-01	6.50e-02	2.94e-03
 4.84585e+22	4.00e-15	3.12e-10	9.39e-07	2.20e-04	1.33e-02	1.29e-01	2.28e-01	1.92e-01	3.76e-01	5.91e-02	2.53e-03
 4.86836e+22	4.17e-15	3.39e-10	1.05e-06	2.44e-04	1.44e-02	1.36e-01	2.35e-01	1.94e-01	3.64e-01	5.48e-02	2.25e-03
 4.89096e+22	4.40e-15	3.78e-10	1.20e-06	2.79e-04	1.61e-02	1.47e-01	2.42e-01	1.95e-01	3.48e-01	4.97e-02	1.93e-03
 4.91362e+22	4.66e-15	4.16e-10	1.35e-06	3.11e-04	1.75e-02	1.55e-01	2.48e-01	1.96e-01	3.36e-01	4.60e-02	1.71e-03
 4.93639e+22	5.00e-15	4.71e-10	1.56e-06	3.57e-04	1.96e-02	1.66e-01	2.54e-01	1.97e-01	3.20e-01	4.15e-02	1.46e-03
 4.95939e+22	5.37e-15	5.23e-10	1.77e-06	3.99e-04	2.13e-02	1.75e-01	2.59e-01	1.97e-01	3.08e-01	3.82e-02	1.29e-03
 4.98271e+22	5.88e-15	6.01e-10	2.07e-06	4.61e-04	2.38e-02	1.87e-01	2.65e-01	1.96e-01	2.92e-01	3.43e-02	1.10e-03
 5.00632e+22	6.41e-15	6.76e-10	2.36e-06	5.17e-04	2.59e-02	1.97e-01	2.70e-01	1.95e-01	2.79e-01	3.15e-02	9.67e-04
 5.03033e+22	7.19e-15	7.90e-10	2.79e-06	6.00e-04	2.89e-02	2.11e-01	2.74e-01	1.94e-01	2.63e-01	2.80e-02	8.15e-04
 5.05478e+22	8.00e-15	9.01e-10	3.20e-06	6.76e-04	3.15e-02	2.21e-01	2.78e-01	1.92e-01	2.50e-01	2.55e-02	7.11e-04
 5.07979e+22	9.22e-15	1.07e-09	3.84e-06	7.90e-04	3.52e-02	2.36e-01	2.82e-01	1.89e-01	2.34e-01	2.26e-02	5.93e-04
 5.10536e+22	1.05e-14	1.24e-09	4.45e-06	8.94e-04	3.84e-02	2.48e-01	2.84e-01	1.86e-01	2.22e-01	2.04e-02	5.13e-04
 5.13167e+22	1.25e-14	1.51e-09	5.41e-06	1.05e-03	4.30e-02	2.63e-01	2.87e-01	1.82e-01	2.06e-01	1.78e-02	4.22e-04
 5.15849e+22	1.45e-14	1.78e-09	6.32e-06	1.19e-03	4.69e-02	2.76e-01	2.88e-01	1.78e-01	1.93e-01	1.60e-02	3.62e-04
 5.18116e+22	1.67e-14	2.07e-09	7.27e-06	1.34e-03	5.07e-02	2.87e-01	2.89e-01	1.75e-01	1.83e-01	1.45e-02	3.14e-04
 5.20580e+22	2.03e-14	2.52e-09	8.74e-06	1.55e-03	5.59e-02	3.02e-01	2.89e-01	1.70e-01	1.69e-01	1.27e-02	2.61e-04
 5.22968e+22	2.34e-14	2.90e-09	9.95e-06	1.72e-03	5.99e-02	3.12e-01	2.88e-01	1.66e-01	1.60e-01	1.16e-02	2.29e-04
 5.25260e+22	2.83e-14	3.50e-09	1.18e-05	1.97e-03	6.54e-02	3.26e-01	2.87e-01	1.61e-01	1.48e-01	1.02e-02	1.92e-04
 5.27575e+22	3.31e-14	4.07e-09	1.35e-05	2.18e-03	6.99e-02	3.36e-01	2.86e-01	1.57e-01	1.40e-01	9.23e-03	1.67e-04
 5.29919e+22	4.08e-14	4.95e-09	1.61e-05	2.49e-03	7.62e-02	3.50e-01	2.84e-01	1.51e-01	1.29e-01	8.09e-03	1.39e-04
 5.32298e+22	4.84e-14	5.80e-09	1.84e-05	2.76e-03	8.14e-02	3.60e-01	2.81e-01	1.46e-01	1.21e-01	7.29e-03	1.21e-04
 5.34720e+22	6.06e-14	7.13e-09	2.20e-05	3.15e-03	8.86e-02	3.73e-01	2.78e-01	1.40e-01	1.11e-01	6.34e-03	9.98e-05
 5.37178e+22	7.27e-14	8.39e-09	2.52e-05	3.49e-03	9.44e-02	3.83e-01	2.75e-01	1.35e-01	1.03e-01	5.69e-03	8.60e-05
 5.39681e+22	9.26e-14	1.04e-08	3.02e-05	4.00e-03	1.03e-01	3.96e-01	2.70e-01	1.29e-01	9.39e-02	4.90e-03	7.03e-05
 5.42227e+22	1.12e-13	1.23e-08	3.47e-05	4.43e-03	1.09e-01	4.06e-01	2.66e-01	1.23e-01	8.72e-02	4.37e-03	6.02e-05
 5.44827e+22	1.46e-13	1.54e-08	4.19e-05	5.08e-03	1.18e-01	4.18e-01	2.60e-01	1.17e-01	7.87e-02	3.73e-03	4.87e-05
 5.47484e+22	1.79e-13	1.84e-08	4.83e-05	5.63e-03	1.26e-01	4.26e-01	2.55e-01	1.11e-01	7.26e-02	3.30e-03	4.12e-05
 5.50212e+22	2.36e-13	2.33e-08	5.85e-05	6.46e-03	1.37e-01	4.37e-01	2.47e-01	1.04e-01	6.50e-02	2.79e-03	3.29e-05
 5.53013e+22	2.95e-13	2.81e-08	6.80e-05	7.19e-03	1.45e-01	4.45e-01	2.41e-01	9.90e-02	5.94e-02	2.44e-03	2.75e-05
 5.55908e+22	3.95e-13	3.60e-08	8.27e-05	8.25e-03	1.57e-01	4.55e-01	2.33e-01	9.21e-02	5.26e-02	2.03e-03	2.16e-05
 5.58834e+22	4.97e-13	4.35e-08	9.61e-05	9.16e-03	1.67e-01	4.62e-01	2.26e-01	8.68e-02	4.79e-02	1.77e-03	1.80e-05
 5.61803e+22	6.72e-13	5.58e-08	1.17e-04	1.05e-02	1.80e-01	4.69e-01	2.17e-01	8.02e-02	4.21e-02	1.46e-03	1.40e-05
 5.64805e+22	8.47e-13	6.75e-08	1.36e-04	1.16e-02	1.90e-01	4.74e-01	2.09e-01	7.53e-02	3.81e-02	1.26e-03	1.15e-05
 5.67852e+22	1.16e-12	8.70e-08	1.65e-04	1.33e-02	2.04e-01	4.80e-01	2.00e-01	6.90e-02	3.33e-02	1.04e-03	8.91e-06
 5.70947e+22	1.47e-12	1.06e-07	1.92e-04	1.47e-02	2.15e-01	4.83e-01	1.92e-01	6.44e-02	2.99e-02	8.89e-04	7.28e-06
 5.73678e+22	1.87e-12	1.28e-07	2.23e-04	1.63e-02	2.27e-01	4.85e-01	1.84e-01	5.99e-02	2.69e-02	7.60e-04	5.93e-06
 5.76802e+22	2.53e-12	1.64e-07	2.69e-04	1.85e-02	2.41e-01	4.87e-01	1.74e-01	5.46e-02	2.33e-02	6.20e-04	4.55e-06
 5.79983e+22	3.26e-12	2.01e-07	3.14e-04	2.04e-02	2.54e-01	4.88e-01	1.66e-01	5.05e-02	2.07e-02	5.24e-04	3.65e-06
 5.82560e+22	4.02e-12	2.38e-07	3.56e-04	2.22e-02	2.65e-01	4.87e-01	1.59e-01	4.72e-02	1.88e-02	4.54e-04	3.04e-06
 5.85234e+22	5.14e-12	2.90e-07	4.13e-04	2.45e-02	2.77e-01	4.86e-01	1.51e-01	4.35e-02	1.67e-02	3.84e-04	2.44e-06
 5.88044e+22	6.42e-12	3.46e-07	4.72e-04	2.67e-02	2.89e-01	4.84e-01	1.44e-01	4.04e-02	1.49e-02	3.29e-04	2.00e-06
 5.90623e+22	7.97e-12	4.11e-07	5.37e-04	2.90e-02	3.00e-01	4.82e-01	1.38e-01	3.75e-02	1.34e-02	2.83e-04	1.65e-06
 5.93568e+22	1.04e-11	5.10e-07	6.30e-04	3.21e-02	3.14e-01	4.78e-01	1.29e-01	3.41e-02	1.17e-02	2.33e-04	1.28e-06
 5.96587e+22	1.33e-11	6.17e-07	7.26e-04	3.52e-02	3.27e-01	4.73e-01	1.22e-01	3.13e-02	1.03e-02	1.96e-04	1.03e-06
 5.99238e+22	1.65e-11	7.31e-07	8.24e-04	3.80e-02	3.38e-01	4.69e-01	1.16e-01	2.89e-02	9.25e-03	1.68e-04	8.41e-07
 6.02217e+22	2.15e-11	9.03e-07	9.62e-04	4.19e-02	3.52e-01	4.62e-01	1.08e-01	2.62e-02	8.03e-03	1.38e-04	6.53e-07
 6.05333e+22	2.75e-11	1.10e-06	1.11e-03	4.58e-02	3.65e-01	4.55e-01	1.02e-01	2.39e-02	7.03e-03	1.14e-04	5.16e-07
 6.08150e+22	3.44e-11	1.30e-06	1.26e-03	4.96e-02	3.77e-01	4.48e-01	9.57e-02	2.19e-02	6.23e-03	9.66e-05	4.16e-07
 6.11334e+22	4.55e-11	1.63e-06	1.48e-03	5.47e-02	3.91e-01	4.39e-01	8.85e-02	1.96e-02	5.33e-03	7.79e-05	3.16e-07
 6.14616e+22	5.85e-11	1.98e-06	1.71e-03	5.96e-02	4.04e-01	4.30e-01	8.23e-02	1.77e-02	4.62e-03	6.40e-05	2.46e-07
 6.17537e+22	7.34e-11	2.36e-06	1.94e-03	6.44e-02	4.15e-01	4.21e-01	7.70e-02	1.61e-02	4.06e-03	5.35e-05	1.96e-07
 6.20846e+22	9.75e-11	2.95e-06	2.28e-03	7.08e-02	4.29e-01	4.09e-01	7.06e-02	1.43e-02	3.44e-03	4.26e-05	1.47e-07
 6.24283e+22	1.26e-10	3.59e-06	2.63e-03	7.71e-02	4.41e-01	3.98e-01	6.51e-02	1.28e-02	2.96e-03	3.46e-05	0.00e+00
 6.27378e+22	1.60e-10	4.32e-06	3.00e-03	8.32e-02	4.52e-01	3.87e-01	6.03e-02	1.16e-02	2.56e-03	2.85e-05	0.00e+00
 6.30891e+22	2.16e-10	5.46e-06	3.55e-03	9.17e-02	4.65e-01	3.73e-01	5.45e-02	1.01e-02	2.13e-03	2.21e-05	0.00e+00
 6.34498e+22	2.78e-10	6.64e-06	4.08e-03	9.93e-02	4.75e-01	3.60e-01	4.99e-02	9.04e-03	1.82e-03	1.78e-05	0.00e+00
 6.37736e+22	3.55e-10	8.01e-06	4.66e-03	1.07e-01	4.85e-01	3.48e-01	4.58e-02	8.08e-03	1.56e-03	1.44e-05	0.00e+00
 6.41458e+22	4.88e-10	1.02e-05	5.54e-03	1.18e-01	4.96e-01	3.32e-01	4.08e-02	6.97e-03	1.27e-03	1.10e-05	0.00e+00
 6.45208e+22	6.29e-10	1.24e-05	6.35e-03	1.27e-01	5.04e-01	3.18e-01	3.70e-02	6.18e-03	1.07e-03	8.74e-06	0.00e+00
 6.48996e+22	8.56e-10	1.57e-05	7.50e-03	1.39e-01	5.13e-01	3.01e-01	3.28e-02	5.31e-03	8.73e-04	6.61e-06	0.00e+00
 6.52845e+22	1.11e-09	1.91e-05	8.60e-03	1.50e-01	5.19e-01	2.87e-01	2.96e-02	4.67e-03	7.33e-04	5.22e-06	0.00e+00
 6.56773e+22	1.53e-09	2.45e-05	1.02e-02	1.64e-01	5.26e-01	2.70e-01	2.59e-02	3.97e-03	5.85e-04	3.86e-06	0.00e+00
 6.60738e+22	1.97e-09	2.97e-05	1.17e-02	1.75e-01	5.30e-01	2.56e-01	2.33e-02	3.48e-03	4.88e-04	3.03e-06	0.00e+00
 6.64751e+22	2.73e-09	3.80e-05	1.38e-02	1.91e-01	5.33e-01	2.38e-01	2.02e-02	2.93e-03	3.85e-04	2.21e-06	0.00e+00
 6.68803e+22	3.52e-09	4.60e-05	1.57e-02	2.04e-01	5.35e-01	2.25e-01	1.80e-02	2.55e-03	3.19e-04	1.72e-06	0.00e+00
 6.72908e+22	4.89e-09	5.89e-05	1.86e-02	2.22e-01	5.35e-01	2.07e-01	1.54e-02	2.13e-03	2.49e-04	1.24e-06	0.00e+00
 6.77067e+22	6.32e-09	7.14e-05	2.12e-02	2.36e-01	5.33e-01	1.94e-01	1.36e-02	1.84e-03	2.04e-04	9.50e-07	0.00e+00
 6.81297e+22	8.79e-09	9.14e-05	2.51e-02	2.55e-01	5.29e-01	1.77e-01	1.16e-02	1.52e-03	1.58e-04	6.73e-07	0.00e+00
 6.85463e+22	1.12e-08	1.10e-04	2.83e-02	2.69e-01	5.25e-01	1.65e-01	1.02e-02	1.32e-03	1.30e-04	5.19e-07	0.00e+00
 6.88951e+22	1.41e-08	1.30e-04	3.17e-02	2.83e-01	5.20e-01	1.55e-01	9.09e-03	1.15e-03	1.07e-04	4.06e-07	0.00e+00
 6.92303e+22	1.76e-08	1.53e-04	3.54e-02	2.97e-01	5.14e-01	1.44e-01	8.06e-03	1.00e-03	8.91e-05	3.17e-07	0.00e+00
 6.96074e+22	2.33e-08	1.88e-04	4.05e-02	3.15e-01	5.05e-01	1.32e-01	6.92e-03	8.40e-04	7.02e-05	2.32e-07	0.00e+00
 6.99842e+22	2.91e-08	2.22e-04	4.51e-02	3.29e-01	4.97e-01	1.22e-01	6.10e-03	7.27e-04	5.78e-05	1.79e-07	0.00e+00
 7.03607e+22	3.79e-08	2.70e-04	5.13e-02	3.46e-01	4.85e-01	1.11e-01	5.23e-03	6.11e-04	4.56e-05	1.32e-07	0.00e+00
 7.07453e+22	4.77e-08	3.19e-04	5.72e-02	3.60e-01	4.75e-01	1.02e-01	4.57e-03	5.23e-04	3.70e-05	0.00e+00	0.00e+00
 7.10852e+22	5.89e-08	3.73e-04	6.31e-02	3.74e-01	4.64e-01	9.45e-02	4.02e-03	4.52e-04	3.04e-05	0.00e+00	0.00e+00
 7.14719e+22	7.80e-08	4.57e-04	7.19e-02	3.91e-01	4.48e-01	8.45e-02	3.37e-03	3.71e-04	2.33e-05	0.00e+00	0.00e+00
 7.18620e+22	9.62e-08	5.32e-04	7.92e-02	4.04e-01	4.35e-01	7.75e-02	2.95e-03	3.19e-04	1.90e-05	0.00e+00	0.00e+00
 7.22565e+22	1.27e-07	6.49e-04	8.97e-02	4.20e-01	4.18e-01	6.88e-02	2.46e-03	2.60e-04	1.45e-05	0.00e+00	0.00e+00
 7.26390e+22	1.54e-07	7.47e-04	9.80e-02	4.32e-01	4.04e-01	6.30e-02	2.16e-03	2.24e-04	1.19e-05	0.00e+00	0.00e+00
 7.29463e+22	1.85e-07	8.53e-04	1.06e-01	4.42e-01	3.91e-01	5.78e-02	1.90e-03	1.94e-04	9.81e-06	0.00e+00	0.00e+00
 7.32407e+22	2.19e-07	9.61e-04	1.14e-01	4.50e-01	3.79e-01	5.34e-02	1.69e-03	1.70e-04	8.23e-06	0.00e+00	0.00e+00
 7.35779e+22	2.71e-07	1.12e-03	1.26e-01	4.61e-01	3.63e-01	4.79e-02	1.44e-03	1.42e-04	6.52e-06	0.00e+00	0.00e+00
 7.39224e+22	3.26e-07	1.28e-03	1.36e-01	4.69e-01	3.48e-01	4.36e-02	1.26e-03	1.22e-04	5.33e-06	0.00e+00	0.00e+00
 7.42263e+22	3.88e-07	1.45e-03	1.47e-01	4.76e-01	3.34e-01	3.97e-02	1.10e-03	1.05e-04	4.38e-06	0.00e+00	0.00e+00
 7.45713e+22	4.81e-07	1.68e-03	1.61e-01	4.84e-01	3.17e-01	3.53e-02	9.36e-04	8.70e-05	3.43e-06	0.00e+00	0.00e+00
 7.49219e+22	5.77e-07	1.91e-03	1.73e-01	4.90e-01	3.02e-01	3.19e-02	8.11e-04	7.40e-05	2.77e-06	0.00e+00	0.00e+00
 7.52312e+22	6.82e-07	2.15e-03	1.85e-01	4.95e-01	2.88e-01	2.88e-02	7.08e-04	6.33e-05	2.27e-06	0.00e+00	0.00e+00
 7.55846e+22	8.44e-07	2.49e-03	2.02e-01	4.99e-01	2.71e-01	2.53e-02	5.93e-04	5.17e-05	1.75e-06	0.00e+00	0.00e+00
 7.59435e+22	1.01e-06	2.82e-03	2.17e-01	5.01e-01	2.56e-01	2.26e-02	5.10e-04	4.35e-05	1.40e-06	0.00e+00	0.00e+00
 7.62609e+22	1.19e-06	3.16e-03	2.31e-01	5.03e-01	2.42e-01	2.03e-02	4.41e-04	3.68e-05	1.13e-06	0.00e+00	0.00e+00
 7.66249e+22	1.47e-06	3.66e-03	2.51e-01	5.03e-01	2.25e-01	1.76e-02	3.65e-04	2.96e-05	8.58e-07	0.00e+00	0.00e+00
 7.69945e+22	1.75e-06	4.12e-03	2.68e-01	5.02e-01	2.10e-01	1.56e-02	3.11e-04	2.46e-05	6.79e-07	0.00e+00	0.00e+00
 7.73715e+22	2.14e-06	4.74e-03	2.89e-01	4.99e-01	1.94e-01	1.34e-02	2.56e-04	1.96e-05	5.10e-07	0.00e+00	0.00e+00
 7.77562e+22	2.57e-06	5.36e-03	3.08e-01	4.95e-01	1.79e-01	1.16e-02	2.14e-04	1.60e-05	3.95e-07	0.00e+00	0.00e+00
 7.80922e+22	3.02e-06	5.97e-03	3.26e-01	4.90e-01	1.67e-01	1.02e-02	1.82e-04	1.32e-05	3.12e-07	0.00e+00	0.00e+00
 7.84701e+22	3.70e-06	6.83e-03	3.50e-01	4.83e-01	1.52e-01	8.69e-03	1.48e-04	1.04e-05	2.31e-07	0.00e+00	0.00e+00
 7.88614e+22	4.39e-06	7.67e-03	3.71e-01	4.75e-01	1.39e-01	7.50e-03	1.23e-04	8.37e-06	1.77e-07	0.00e+00	0.00e+00
 7.92700e+22	5.45e-06	8.84e-03	3.97e-01	4.63e-01	1.24e-01	6.20e-03	9.75e-05	6.34e-06	1.26e-07	0.00e+00	0.00e+00
 7.96802e+22	6.43e-06	9.85e-03	4.19e-01	4.53e-01	1.13e-01	5.32e-03	8.09e-05	5.08e-06	0.00e+00	0.00e+00	0.00e+00
 8.00925e+22	7.88e-06	1.12e-02	4.46e-01	4.38e-01	1.00e-01	4.37e-03	6.38e-05	3.83e-06	0.00e+00	0.00e+00	0.00e+00
 8.05176e+22	9.37e-06	1.26e-02	4.69e-01	4.25e-01	9.01e-02	3.68e-03	5.18e-05	2.99e-06	0.00e+00	0.00e+00	0.00e+00
 8.08419e+22	1.06e-05	1.36e-02	4.85e-01	4.15e-01	8.33e-02	3.24e-03	4.46e-05	2.50e-06	0.00e+00	0.00e+00	0.00e+00
 8.11462e+22	1.22e-05	1.49e-02	5.05e-01	4.02e-01	7.56e-02	2.79e-03	3.73e-05	2.01e-06	0.00e+00	0.00e+00	0.00e+00
 8.14594e+22	1.38e-05	1.61e-02	5.21e-01	3.91e-01	6.95e-02	2.44e-03	3.19e-05	1.67e-06	0.00e+00	0.00e+00	0.00e+00
 8.17842e+22	1.61e-05	1.77e-02	5.42e-01	3.76e-01	6.22e-02	2.06e-03	2.61e-05	1.31e-06	0.00e+00	0.00e+00	0.00e+00
 8.21098e+22	1.81e-05	1.90e-02	5.58e-01	3.64e-01	5.69e-02	1.80e-03	2.22e-05	1.08e-06	0.00e+00	0.00e+00	0.00e+00
 8.24364e+22	2.10e-05	2.08e-02	5.79e-01	3.48e-01	5.06e-02	1.51e-03	1.81e-05	8.44e-07	0.00e+00	0.00e+00	0.00e+00
 8.27665e+22	2.36e-05	2.24e-02	5.95e-01	3.36e-01	4.60e-02	1.31e-03	1.53e-05	6.89e-07	0.00e+00	0.00e+00	0.00e+00
 8.31011e+22	2.74e-05	2.45e-02	6.14e-01	3.20e-01	4.06e-02	1.09e-03	1.24e-05	5.32e-07	0.00e+00	0.00e+00	0.00e+00
 8.34413e+22	3.09e-05	2.64e-02	6.30e-01	3.06e-01	3.66e-02	9.32e-04	1.04e-05	4.28e-07	0.00e+00	0.00e+00	0.00e+00
 8.37889e+22	3.58e-05	2.88e-02	6.49e-01	2.90e-01	3.20e-02	7.67e-04	8.29e-06	3.26e-07	0.00e+00	0.00e+00	0.00e+00
 8.41415e+22	4.04e-05	3.10e-02	6.64e-01	2.76e-01	2.86e-02	6.51e-04	6.87e-06	2.59e-07	0.00e+00	0.00e+00	0.00e+00
 8.45004e+22	4.70e-05	3.38e-02	6.82e-01	2.59e-01	2.47e-02	5.29e-04	5.42e-06	1.94e-07	0.00e+00	0.00e+00	0.00e+00
 8.48657e+22	5.31e-05	3.63e-02	6.96e-01	2.46e-01	2.19e-02	4.45e-04	4.44e-06	1.52e-07	0.00e+00	0.00e+00	0.00e+00
 8.52393e+22	6.18e-05	3.96e-02	7.12e-01	2.29e-01	1.87e-02	3.57e-04	3.46e-06	0.00e+00	0.00e+00	0.00e+00	0.00e+00
 8.56207e+22	7.00e-05	4.25e-02	7.25e-01	2.16e-01	1.64e-02	2.97e-04	2.80e-06	0.00e+00	0.00e+00	0.00e+00	0.00e+00
 8.60124e+22	8.17e-05	4.64e-02	7.40e-01	1.99e-01	1.38e-02	2.34e-04	2.14e-06	0.00e+00	0.00e+00	0.00e+00	0.00e+00
 8.64107e+22	9.27e-05	4.98e-02	7.52e-01	1.86e-01	1.20e-02	1.93e-04	1.71e-06	0.00e+00	0.00e+00	0.00e+00	0.00e+00
 8.68173e+22	1.08e-04	5.44e-02	7.65e-01	1.70e-01	9.99e-03	1.50e-04	1.29e-06	0.00e+00	0.00e+00	0.00e+00	0.00e+00
 8.72294e+22	1.23e-04	5.83e-02	7.75e-01	1.58e-01	8.59e-03	1.23e-04	1.02e-06	0.00e+00	0.00e+00	0.00e+00	0.00e+00
 8.76484e+22	1.44e-04	6.35e-02	7.85e-01	1.44e-01	7.07e-03	9.44e-05	7.59e-07	0.00e+00	0.00e+00	0.00e+00	0.00e+00
 8.80739e+22	1.64e-04	6.81e-02	7.93e-01	1.33e-01	6.02e-03	7.63e-05	5.95e-07	0.00e+00	0.00e+00	0.00e+00	0.00e+00
 8.85078e+22	1.91e-04	7.39e-02	8.01e-01	1.20e-01	4.91e-03	5.84e-05	4.38e-07	0.00e+00	0.00e+00	0.00e+00	0.00e+00
 8.89534e+22	2.20e-04	7.95e-02	8.07e-01	1.09e-01	4.11e-03	4.63e-05	3.35e-07	0.00e+00	0.00e+00	0.00e+00	0.00e+00
 8.94146e+22	2.60e-04	8.69e-02	8.13e-01	9.68e-02	3.27e-03	3.43e-05	2.38e-07	0.00e+00	0.00e+00	0.00e+00	0.00e+00
 8.98762e+22	2.97e-04	9.30e-02	8.16e-01	8.80e-02	2.73e-03	2.73e-05	1.82e-07	0.00e+00	0.00e+00	0.00e+00	0.00e+00
 9.03386e+22	3.51e-04	1.01e-01	8.19e-01	7.76e-02	2.16e-03	2.02e-05	1.29e-07	0.00e+00	0.00e+00	0.00e+00	0.00e+00
 9.08156e+22	4.03e-04	1.09e-01	8.19e-01	6.97e-02	1.77e-03	1.58e-05	0.00e+00	0.00e+00	0.00e+00	0.00e+00	0.00e+00
 9.13117e+22	4.84e-04	1.19e-01	8.19e-01	6.03e-02	1.36e-03	1.13e-05	0.00e+00	0.00e+00	0.00e+00	0.00e+00	0.00e+00
 9.18189e+22	5.58e-04	1.28e-01	8.17e-01	5.37e-02	1.11e-03	8.73e-06	0.00e+00	0.00e+00	0.00e+00	0.00e+00	0.00e+00
 9.23080e+22	6.61e-04	1.39e-01	8.13e-01	4.65e-02	8.60e-04	6.38e-06	0.00e+00	0.00e+00	0.00e+00	0.00e+00	0.00e+00
