#depth	N	N+	N+2	N+3	N+4	N+5	N+6	N+7
 4.62852e+21	0.00e+00	3.74e-26	1.93e-20	1.06e-15	2.02e-11	7.35e-07	1.67e-03	9.98e-01
 1.05627e+22	2.17e-32	3.16e-25	1.16e-19	4.61e-15	6.27e-11	1.54e-06	2.39e-03	9.98e-01
 1.27607e+22	1.16e-31	1.34e-24	3.92e-19	1.24e-14	1.35e-10	2.54e-06	3.05e-03	9.97e-01
 1.43669e+22	4.43e-31	4.23e-24	1.03e-18	2.74e-14	2.49e-10	3.80e-06	3.71e-03	9.96e-01
 1.52592e+22	6.19e-31	5.64e-24	1.32e-18	3.33e-14	2.90e-10	4.21e-06	3.90e-03	9.96e-01
 1.55494e+22	7.63e-31	6.74e-24	1.53e-18	3.77e-14	3.19e-10	4.49e-06	4.02e-03	9.96e-01
 1.58064e+22	9.94e-31	8.48e-24	1.85e-18	4.42e-14	3.61e-10	4.87e-06	4.18e-03	9.96e-01
 1.60754e+22	1.26e-30	1.04e-23	2.19e-18	5.07e-14	4.01e-10	5.22e-06	4.33e-03	9.96e-01
 1.63225e+22	1.59e-30	1.27e-23	2.59e-18	5.81e-14	4.45e-10	5.60e-06	4.48e-03	9.96e-01
 1.65563e+22	1.97e-30	1.52e-23	3.03e-18	6.58e-14	4.89e-10	5.97e-06	4.62e-03	9.95e-01
 1.68104e+22	2.54e-30	1.89e-23	3.64e-18	7.65e-14	5.50e-10	6.45e-06	4.80e-03	9.95e-01
 1.70758e+22	3.22e-30	2.32e-23	4.31e-18	8.78e-14	6.11e-10	6.92e-06	4.97e-03	9.95e-01
 1.73117e+22	4.00e-30	2.79e-23	5.03e-18	9.96e-14	6.73e-10	7.39e-06	5.14e-03	9.95e-01
 1.75740e+22	5.19e-30	3.49e-23	6.07e-18	1.16e-13	7.58e-10	8.00e-06	5.34e-03	9.95e-01
 1.78516e+22	6.74e-30	4.36e-23	7.30e-18	1.35e-13	8.48e-10	8.64e-06	5.55e-03	9.94e-01
 1.80956e+22	8.38e-30	5.26e-23	8.54e-18	1.53e-13	9.36e-10	9.23e-06	5.73e-03	9.94e-01
 1.83235e+22	1.04e-29	6.31e-23	9.94e-18	1.73e-13	1.03e-09	9.84e-06	5.92e-03	9.94e-01
 1.85839e+22	1.35e-29	7.89e-23	1.20e-17	2.01e-13	1.16e-09	1.06e-05	6.15e-03	9.94e-01
 1.88540e+22	1.73e-29	9.77e-23	1.43e-17	2.32e-13	1.29e-09	1.15e-05	6.39e-03	9.94e-01
 1.90864e+22	2.16e-29	1.18e-22	1.67e-17	2.63e-13	1.41e-09	1.22e-05	6.60e-03	9.93e-01
 1.93383e+22	2.80e-29	1.47e-22	2.01e-17	3.05e-13	1.58e-09	1.32e-05	6.87e-03	9.93e-01
 1.95923e+22	3.51e-29	1.78e-22	2.35e-17	3.47e-13	1.74e-09	1.41e-05	7.10e-03	9.93e-01
 1.98102e+22	4.32e-29	2.12e-22	2.72e-17	3.90e-13	1.90e-09	1.50e-05	7.33e-03	9.93e-01
 2.00545e+22	5.59e-29	2.64e-22	3.26e-17	4.51e-13	2.12e-09	1.62e-05	7.62e-03	9.92e-01
 2.03081e+22	7.03e-29	3.21e-22	3.83e-17	5.13e-13	2.33e-09	1.74e-05	7.89e-03	9.92e-01
 2.05362e+22	8.80e-29	3.88e-22	4.48e-17	5.81e-13	2.56e-09	1.85e-05	8.16e-03	9.92e-01
 2.07951e+22	1.17e-28	4.94e-22	5.46e-17	6.80e-13	2.88e-09	2.01e-05	8.53e-03	9.91e-01
 2.10467e+22	1.46e-28	5.94e-22	6.36e-17	7.67e-13	3.15e-09	2.15e-05	8.81e-03	9.91e-01
 2.12571e+22	1.80e-28	7.11e-22	7.36e-17	8.61e-13	3.43e-09	2.28e-05	9.10e-03	9.91e-01
 2.14988e+22	2.36e-28	8.93e-22	8.87e-17	9.97e-13	3.81e-09	2.47e-05	9.49e-03	9.90e-01
 2.17429e+22	2.94e-28	1.07e-21	1.03e-16	1.13e-12	4.17e-09	2.63e-05	9.81e-03	9.90e-01
 2.19903e+22	3.90e-28	1.36e-21	1.25e-16	1.31e-12	4.65e-09	2.85e-05	1.02e-02	9.90e-01
 2.22399e+22	4.95e-28	1.66e-21	1.47e-16	1.49e-12	5.09e-09	3.05e-05	1.06e-02	9.89e-01
 2.24452e+22	6.12e-28	1.98e-21	1.70e-16	1.66e-12	5.51e-09	3.24e-05	1.10e-02	9.89e-01
 2.26650e+22	7.80e-28	2.43e-21	2.01e-16	1.89e-12	6.05e-09	3.47e-05	1.14e-02	9.89e-01
 2.28977e+22	9.88e-28	2.96e-21	2.35e-16	2.14e-12	6.60e-09	3.70e-05	1.18e-02	9.88e-01
 2.31054e+22	1.23e-27	3.55e-21	2.73e-16	2.40e-12	7.15e-09	3.94e-05	1.22e-02	9.88e-01
 2.33340e+22	1.62e-27	4.47e-21	3.29e-16	2.77e-12	7.91e-09	4.25e-05	1.27e-02	9.87e-01
 2.35647e+22	2.03e-27	5.39e-21	3.82e-16	3.11e-12	8.59e-09	4.53e-05	1.32e-02	9.87e-01
 2.37625e+22	2.52e-27	6.45e-21	4.41e-16	3.48e-12	9.28e-09	4.80e-05	1.36e-02	9.86e-01
 2.39544e+22	3.09e-27	7.66e-21	5.07e-16	3.87e-12	1.00e-08	5.09e-05	1.41e-02	9.86e-01
 2.41747e+22	4.04e-27	9.56e-21	6.06e-16	4.44e-12	1.10e-08	5.48e-05	1.46e-02	9.85e-01
 2.43988e+22	5.10e-27	1.16e-20	7.08e-16	5.00e-12	1.19e-08	5.84e-05	1.52e-02	9.85e-01
 2.45920e+22	6.34e-27	1.39e-20	8.19e-16	5.59e-12	1.29e-08	6.20e-05	1.57e-02	9.84e-01
 2.48072e+22	8.33e-27	1.74e-20	9.82e-16	6.42e-12	1.42e-08	6.67e-05	1.64e-02	9.84e-01
 2.50281e+22	1.05e-26	2.11e-20	1.14e-15	7.21e-12	1.53e-08	7.11e-05	1.69e-02	9.83e-01
 2.52206e+22	1.31e-26	2.54e-20	1.33e-15	8.08e-12	1.65e-08	7.55e-05	1.75e-02	9.82e-01
 2.54058e+22	1.61e-26	3.02e-20	1.53e-15	8.99e-12	1.78e-08	8.00e-05	1.81e-02	9.82e-01
 2.56171e+22	2.12e-26	3.78e-20	1.83e-15	1.03e-11	1.95e-08	8.61e-05	1.88e-02	9.81e-01
 2.58316e+22	2.69e-26	4.60e-20	2.14e-15	1.16e-11	2.12e-08	9.18e-05	1.95e-02	9.80e-01
 2.60155e+22	3.33e-26	5.49e-20	2.47e-15	1.30e-11	2.28e-08	9.73e-05	2.02e-02	9.80e-01
 2.62198e+22	4.35e-26	6.86e-20	2.95e-15	1.48e-11	2.50e-08	1.05e-04	2.10e-02	9.79e-01
 2.64326e+22	5.54e-26	8.39e-20	3.46e-15	1.68e-11	2.71e-08	1.12e-04	2.18e-02	9.78e-01
 2.66191e+22	6.97e-26	1.01e-19	4.03e-15	1.88e-11	2.93e-08	1.19e-04	2.25e-02	9.77e-01
 2.68241e+22	9.14e-26	1.27e-19	4.83e-15	2.16e-11	3.22e-08	1.28e-04	2.34e-02	9.76e-01
 2.70374e+22	1.18e-25	1.57e-19	5.73e-15	2.46e-11	3.50e-08	1.37e-04	2.43e-02	9.76e-01
 2.72253e+22	1.49e-25	1.90e-19	6.67e-15	2.76e-11	3.79e-08	1.46e-04	2.52e-02	9.75e-01
 2.74336e+22	1.98e-25	2.41e-19	8.07e-15	3.19e-11	4.18e-08	1.58e-04	2.62e-02	9.74e-01
 2.76454e+22	2.57e-25	2.99e-19	9.60e-15	3.63e-11	4.56e-08	1.69e-04	2.72e-02	9.73e-01
 2.78211e+22	3.20e-25	3.59e-19	1.11e-14	4.06e-11	4.91e-08	1.79e-04	2.81e-02	9.72e-01
 2.80089e+22	4.18e-25	4.49e-19	1.33e-14	4.66e-11	5.38e-08	1.92e-04	2.92e-02	9.71e-01
 2.82072e+22	5.36e-25	5.51e-19	1.57e-14	5.28e-11	5.86e-08	2.05e-04	3.03e-02	9.70e-01
 2.83747e+22	6.59e-25	6.55e-19	1.80e-14	5.87e-11	6.28e-08	2.17e-04	3.12e-02	9.69e-01
 2.85479e+22	8.59e-25	8.15e-19	2.15e-14	6.71e-11	6.87e-08	2.33e-04	3.23e-02	9.67e-01
 2.87110e+22	1.04e-24	9.58e-19	2.45e-14	7.40e-11	7.34e-08	2.45e-04	3.32e-02	9.67e-01
 2.88390e+22	1.26e-24	1.12e-18	2.78e-14	8.16e-11	7.82e-08	2.57e-04	3.41e-02	9.66e-01
 2.89641e+22	1.51e-24	1.30e-18	3.13e-14	8.93e-11	8.31e-08	2.70e-04	3.50e-02	9.65e-01
 2.90877e+22	1.77e-24	1.49e-18	3.50e-14	9.72e-11	8.79e-08	2.81e-04	3.58e-02	9.64e-01
 2.92284e+22	2.22e-24	1.80e-18	4.07e-14	1.09e-10	9.50e-08	2.98e-04	3.69e-02	9.63e-01
 2.93696e+22	2.71e-24	2.12e-18	4.65e-14	1.21e-10	1.02e-07	3.14e-04	3.79e-02	9.62e-01
 2.94884e+22	3.24e-24	2.46e-18	5.24e-14	1.32e-10	1.08e-07	3.29e-04	3.88e-02	9.61e-01
 2.95997e+22	3.87e-24	2.86e-18	5.91e-14	1.45e-10	1.15e-07	3.44e-04	3.97e-02	9.60e-01
 2.97071e+22	4.54e-24	3.27e-18	6.59e-14	1.57e-10	1.21e-07	3.58e-04	4.05e-02	9.59e-01
 2.98292e+22	5.62e-24	3.91e-18	7.61e-14	1.75e-10	1.30e-07	3.78e-04	4.17e-02	9.58e-01
 2.99549e+22	6.76e-24	4.56e-18	8.63e-14	1.93e-10	1.39e-07	3.96e-04	4.27e-02	9.57e-01
 3.00669e+22	8.06e-24	5.29e-18	9.72e-14	2.11e-10	1.48e-07	4.15e-04	4.37e-02	9.56e-01
 3.01942e+22	1.03e-23	6.50e-18	1.15e-13	2.40e-10	1.61e-07	4.41e-04	4.51e-02	9.54e-01
 3.03135e+22	1.22e-23	7.49e-18	1.29e-13	2.62e-10	1.70e-07	4.60e-04	4.61e-02	9.53e-01
 3.04225e+22	1.51e-23	8.95e-18	1.49e-13	2.93e-10	1.83e-07	4.84e-04	4.73e-02	9.52e-01
 3.05337e+22	1.81e-23	1.04e-17	1.69e-13	3.21e-10	1.95e-07	5.06e-04	4.84e-02	9.51e-01
 3.06324e+22	2.14e-23	1.20e-17	1.89e-13	3.51e-10	2.07e-07	5.28e-04	4.94e-02	9.50e-01
 3.07451e+22	2.75e-23	1.48e-17	2.24e-13	3.99e-10	2.25e-07	5.60e-04	5.09e-02	9.49e-01
 3.08561e+22	3.26e-23	1.71e-17	2.52e-13	4.36e-10	2.39e-07	5.85e-04	5.20e-02	9.47e-01
 3.09651e+22	4.22e-23	2.12e-17	3.01e-13	4.99e-10	2.61e-07	6.21e-04	5.36e-02	9.46e-01
 3.10733e+22	5.04e-23	2.47e-17	3.40e-13	5.48e-10	2.78e-07	6.49e-04	5.47e-02	9.45e-01
 3.11803e+22	6.44e-23	3.03e-17	4.02e-13	6.23e-10	3.03e-07	6.87e-04	5.63e-02	9.43e-01
 3.12869e+22	7.83e-23	3.58e-17	4.60e-13	6.91e-10	3.24e-07	7.20e-04	5.76e-02	9.42e-01
 3.13929e+22	1.02e-22	4.47e-17	5.52e-13	7.93e-10	3.55e-07	7.65e-04	5.94e-02	9.40e-01
 3.14983e+22	1.23e-22	5.26e-17	6.31e-13	8.78e-10	3.80e-07	8.01e-04	6.07e-02	9.39e-01
 3.16030e+22	1.63e-22	6.64e-17	7.64e-13	1.02e-09	4.19e-07	8.53e-04	6.26e-02	9.37e-01
 3.17045e+22	1.95e-22	7.73e-17	8.64e-13	1.12e-09	4.46e-07	8.90e-04	6.39e-02	9.35e-01
 3.18021e+22	2.57e-22	9.78e-17	1.05e-12	1.29e-09	4.92e-07	9.47e-04	6.59e-02	9.33e-01
 3.18991e+22	3.08e-22	1.14e-16	1.19e-12	1.42e-09	5.25e-07	9.88e-04	6.72e-02	9.32e-01
 3.19954e+22	4.12e-22	1.46e-16	1.45e-12	1.66e-09	5.80e-07	1.05e-03	6.93e-02	9.30e-01
 3.20918e+22	5.02e-22	1.73e-16	1.67e-12	1.84e-09	6.23e-07	1.10e-03	7.09e-02	9.28e-01
 3.21883e+22	6.73e-22	2.21e-16	2.05e-12	2.15e-09	6.90e-07	1.18e-03	7.31e-02	9.26e-01
 3.22865e+22	8.34e-22	2.66e-16	2.38e-12	2.41e-09	7.45e-07	1.23e-03	7.48e-02	9.24e-01
 3.23870e+22	1.12e-21	3.42e-16	2.93e-12	2.83e-09	8.27e-07	1.32e-03	7.72e-02	9.21e-01
 3.24867e+22	1.41e-21	4.15e-16	3.43e-12	3.19e-09	8.97e-07	1.39e-03	7.91e-02	9.20e-01
 3.25854e+22	1.90e-21	5.37e-16	4.24e-12	3.75e-09	9.99e-07	1.48e-03	8.16e-02	9.17e-01
 3.26857e+22	2.42e-21	6.59e-16	5.02e-12	4.26e-09	1.09e-06	1.57e-03	8.37e-02	9.15e-01
 3.27881e+22	3.33e-21	8.65e-16	6.28e-12	5.05e-09	1.22e-06	1.68e-03	8.66e-02	9.12e-01
 3.28913e+22	4.28e-21	1.07e-15	7.48e-12	5.77e-09	1.33e-06	1.77e-03	8.88e-02	9.09e-01
 3.29956e+22	5.95e-21	1.42e-15	9.44e-12	6.89e-09	1.50e-06	1.91e-03	9.19e-02	9.06e-01
 3.31006e+22	7.65e-21	1.76e-15	1.13e-11	7.89e-09	1.64e-06	2.02e-03	9.44e-02	9.04e-01
 3.31914e+22	9.82e-21	2.18e-15	1.34e-11	9.02e-09	1.80e-06	2.13e-03	9.68e-02	9.01e-01
 3.32945e+22	1.37e-20	2.89e-15	1.70e-11	1.08e-08	2.02e-06	2.29e-03	1.00e-01	8.98e-01
 3.33965e+22	1.72e-20	3.51e-15	1.99e-11	1.22e-08	2.20e-06	2.42e-03	1.03e-01	8.95e-01
 3.34973e+22	2.34e-20	4.57e-15	2.48e-11	1.44e-08	2.46e-06	2.59e-03	1.06e-01	8.91e-01
 3.36009e+22	3.00e-20	5.65e-15	2.96e-11	1.65e-08	2.69e-06	2.74e-03	1.09e-01	8.89e-01
 3.37084e+22	4.12e-20	7.42e-15	3.70e-11	1.96e-08	3.02e-06	2.94e-03	1.12e-01	8.85e-01
 3.38179e+22	5.30e-20	9.21e-15	4.42e-11	2.24e-08	3.31e-06	3.11e-03	1.15e-01	8.81e-01
 3.39299e+22	7.32e-20	1.21e-14	5.56e-11	2.67e-08	3.73e-06	3.35e-03	1.19e-01	8.77e-01
 3.40441e+22	9.38e-20	1.50e-14	6.64e-11	3.06e-08	4.09e-06	3.54e-03	1.23e-01	8.74e-01
 3.41613e+22	1.29e-19	1.98e-14	8.34e-11	3.65e-08	4.61e-06	3.82e-03	1.27e-01	8.69e-01
 3.42804e+22	1.66e-19	2.45e-14	9.95e-11	4.18e-08	5.05e-06	4.04e-03	1.30e-01	8.66e-01
 3.44022e+22	2.28e-19	3.22e-14	1.25e-10	4.97e-08	5.70e-06	4.35e-03	1.35e-01	8.61e-01
 3.45247e+22	2.89e-19	3.95e-14	1.48e-10	5.67e-08	6.23e-06	4.60e-03	1.38e-01	8.57e-01
 3.46481e+22	3.94e-19	5.14e-14	1.84e-10	6.72e-08	7.00e-06	4.95e-03	1.43e-01	8.52e-01
 3.47745e+22	5.00e-19	6.32e-14	2.19e-10	7.67e-08	7.67e-06	5.24e-03	1.46e-01	8.48e-01
 3.48846e+22	6.26e-19	7.66e-14	2.57e-10	8.68e-08	8.36e-06	5.53e-03	1.50e-01	8.44e-01
 3.50075e+22	8.35e-19	9.81e-14	3.16e-10	1.02e-07	9.34e-06	5.92e-03	1.55e-01	8.39e-01
 3.51307e+22	1.03e-18	1.18e-13	3.67e-10	1.15e-07	1.01e-05	6.23e-03	1.58e-01	8.35e-01
 3.52544e+22	1.36e-18	1.49e-13	4.49e-10	1.34e-07	1.13e-05	6.66e-03	1.63e-01	8.30e-01
 3.53806e+22	1.69e-18	1.80e-13	5.23e-10	1.51e-07	1.23e-05	7.02e-03	1.67e-01	8.26e-01
 3.54922e+22	2.08e-18	2.15e-13	6.08e-10	1.70e-07	1.33e-05	7.39e-03	1.71e-01	8.22e-01
 3.56193e+22	2.74e-18	2.73e-13	7.42e-10	1.98e-07	1.48e-05	7.90e-03	1.76e-01	8.16e-01
 3.57456e+22	3.31e-18	3.21e-13	8.50e-10	2.20e-07	1.60e-05	8.28e-03	1.80e-01	8.12e-01
 3.58708e+22	4.30e-18	4.02e-13	1.03e-09	2.55e-07	1.77e-05	8.83e-03	1.85e-01	8.06e-01
 3.59985e+22	5.21e-18	4.74e-13	1.18e-09	2.85e-07	1.91e-05	9.26e-03	1.89e-01	8.02e-01
 3.61293e+22	6.77e-18	5.94e-13	1.42e-09	3.30e-07	2.12e-05	9.88e-03	1.94e-01	7.96e-01
 3.62627e+22	8.23e-18	7.03e-13	1.64e-09	3.69e-07	2.29e-05	1.04e-02	1.98e-01	7.91e-01
 3.63992e+22	1.07e-17	8.82e-13	1.98e-09	4.28e-07	2.55e-05	1.11e-02	2.04e-01	7.85e-01
 3.65383e+22	1.30e-17	1.04e-12	2.28e-09	4.79e-07	2.76e-05	1.16e-02	2.08e-01	7.80e-01
 3.66806e+22	1.70e-17	1.31e-12	2.76e-09	5.57e-07	3.07e-05	1.24e-02	2.14e-01	7.73e-01
 3.68197e+22	2.01e-17	1.52e-12	3.13e-09	6.14e-07	3.29e-05	1.30e-02	2.19e-01	7.68e-01
 3.69545e+22	2.58e-17	1.89e-12	3.75e-09	7.09e-07	3.64e-05	1.38e-02	2.24e-01	7.62e-01
 3.70915e+22	3.07e-17	2.19e-12	4.25e-09	7.82e-07	3.90e-05	1.45e-02	2.29e-01	7.57e-01
 3.72311e+22	3.90e-17	2.69e-12	5.06e-09	8.98e-07	4.30e-05	1.54e-02	2.35e-01	7.50e-01
 3.73750e+22	4.73e-17	3.18e-12	5.81e-09	1.00e-06	4.65e-05	1.61e-02	2.39e-01	7.44e-01
 3.75244e+22	6.00e-17	3.90e-12	6.91e-09	1.15e-06	5.13e-05	1.71e-02	2.46e-01	7.37e-01
 3.76787e+22	7.34e-17	4.64e-12	8.00e-09	1.29e-06	5.58e-05	1.80e-02	2.51e-01	7.31e-01
 3.78393e+22	9.40e-17	5.75e-12	9.57e-09	1.49e-06	6.17e-05	1.92e-02	2.57e-01	7.23e-01
 3.80040e+22	1.16e-16	6.87e-12	1.11e-08	1.68e-06	6.72e-05	2.03e-02	2.63e-01	7.17e-01
 3.81744e+22	1.49e-16	8.54e-12	1.34e-08	1.94e-06	7.46e-05	2.16e-02	2.70e-01	7.08e-01
 3.83501e+22	1.84e-16	1.03e-11	1.56e-08	2.20e-06	8.15e-05	2.28e-02	2.76e-01	7.01e-01
 3.85329e+22	2.40e-16	1.29e-11	1.89e-08	2.56e-06	9.09e-05	2.44e-02	2.84e-01	6.92e-01
 3.87216e+22	3.00e-16	1.56e-11	2.22e-08	2.91e-06	9.97e-05	2.59e-02	2.90e-01	6.84e-01
 3.88920e+22	3.72e-16	1.89e-11	2.60e-08	3.30e-06	1.09e-04	2.73e-02	2.96e-01	6.76e-01
 3.90877e+22	4.88e-16	2.39e-11	3.17e-08	3.86e-06	1.22e-04	2.93e-02	3.04e-01	6.66e-01
 3.92872e+22	6.12e-16	2.90e-11	3.74e-08	4.41e-06	1.34e-04	3.10e-02	3.11e-01	6.58e-01
 3.94917e+22	8.11e-16	3.70e-11	4.59e-08	5.19e-06	1.51e-04	3.33e-02	3.20e-01	6.47e-01
 3.96989e+22	1.02e-15	4.51e-11	5.43e-08	5.93e-06	1.66e-04	3.53e-02	3.27e-01	6.38e-01
 3.99096e+22	1.37e-15	5.80e-11	6.71e-08	7.02e-06	1.87e-04	3.80e-02	3.36e-01	6.26e-01
 4.01226e+22	1.72e-15	7.09e-11	7.95e-08	8.04e-06	2.06e-04	4.03e-02	3.43e-01	6.16e-01
 4.03383e+22	2.34e-15	9.22e-11	9.92e-08	9.59e-06	2.34e-04	4.34e-02	3.53e-01	6.04e-01
 4.05551e+22	2.94e-15	1.13e-10	1.17e-07	1.10e-05	2.57e-04	4.60e-02	3.60e-01	5.94e-01
 4.07353e+22	3.63e-15	1.35e-10	1.37e-07	1.24e-05	2.81e-04	4.85e-02	3.66e-01	5.85e-01
 4.09314e+22	4.79e-15	1.72e-10	1.68e-07	1.46e-05	3.16e-04	5.20e-02	3.75e-01	5.72e-01
 4.11267e+22	5.88e-15	2.05e-10	1.95e-07	1.65e-05	3.44e-04	5.47e-02	3.82e-01	5.63e-01
 4.13211e+22	7.75e-15	2.61e-10	2.39e-07	1.94e-05	3.86e-04	5.86e-02	3.91e-01	5.50e-01
 4.15179e+22	9.58e-15	3.13e-10	2.79e-07	2.20e-05	4.22e-04	6.18e-02	3.97e-01	5.41e-01
 4.17179e+22	1.27e-14	4.01e-10	3.44e-07	2.60e-05	4.77e-04	6.63e-02	4.06e-01	5.27e-01
 4.19202e+22	1.58e-14	4.84e-10	4.04e-07	2.96e-05	5.23e-04	7.00e-02	4.13e-01	5.16e-01
 4.21257e+22	2.11e-14	6.22e-10	5.00e-07	3.52e-05	5.91e-04	7.52e-02	4.22e-01	5.02e-01
 4.23351e+22	2.66e-14	7.60e-10	5.93e-07	4.04e-05	6.53e-04	7.96e-02	4.29e-01	4.91e-01
 4.25498e+22	3.58e-14	9.87e-10	7.42e-07	4.85e-05	7.44e-04	8.58e-02	4.38e-01	4.75e-01
 4.27684e+22	4.54e-14	1.21e-09	8.86e-07	5.61e-05	8.26e-04	9.10e-02	4.45e-01	4.63e-01
 4.29921e+22	6.17e-14	1.59e-09	1.12e-06	6.79e-05	9.47e-04	9.84e-02	4.54e-01	4.46e-01
 4.32182e+22	7.83e-14	1.96e-09	1.34e-06	7.88e-05	1.05e-03	1.04e-01	4.61e-01	4.33e-01
 4.34095e+22	9.73e-14	2.37e-09	1.58e-06	9.04e-05	1.16e-03	1.10e-01	4.67e-01	4.21e-01
 4.36181e+22	1.28e-13	3.02e-09	1.95e-06	1.08e-04	1.32e-03	1.19e-01	4.75e-01	4.05e-01
 4.38273e+22	1.58e-13	3.64e-09	2.30e-06	1.24e-04	1.46e-03	1.25e-01	4.80e-01	3.93e-01
 4.40317e+22	2.04e-13	4.56e-09	2.80e-06	1.46e-04	1.65e-03	1.34e-01	4.87e-01	3.78e-01
 4.42402e+22	2.52e-13	5.51e-09	3.31e-06	1.69e-04	1.83e-03	1.41e-01	4.92e-01	3.65e-01
 4.44449e+22	3.19e-13	6.80e-09	3.99e-06	1.98e-04	2.05e-03	1.51e-01	4.97e-01	3.50e-01
 4.46537e+22	3.95e-13	8.22e-09	4.73e-06	2.29e-04	2.28e-03	1.59e-01	5.01e-01	3.37e-01
 4.48592e+22	4.89e-13	9.97e-09	5.63e-06	2.66e-04	2.55e-03	1.69e-01	5.05e-01	3.23e-01
 4.50666e+22	6.00e-13	1.20e-08	6.65e-06	3.08e-04	2.84e-03	1.79e-01	5.08e-01	3.10e-01
 4.52712e+22	7.30e-13	1.43e-08	7.83e-06	3.56e-04	3.16e-03	1.89e-01	5.11e-01	2.96e-01
 4.54755e+22	8.83e-13	1.70e-08	9.17e-06	4.09e-04	3.50e-03	1.99e-01	5.13e-01	2.84e-01
 4.56800e+22	1.06e-12	2.02e-08	1.07e-05	4.71e-04	3.89e-03	2.10e-01	5.15e-01	2.71e-01
 4.58852e+22	1.27e-12	2.38e-08	1.25e-05	5.39e-04	4.30e-03	2.21e-01	5.16e-01	2.59e-01
 4.60912e+22	1.50e-12	2.79e-08	1.45e-05	6.17e-04	4.76e-03	2.32e-01	5.16e-01	2.46e-01
 4.62990e+22	1.78e-12	3.26e-08	1.68e-05	7.05e-04	5.27e-03	2.44e-01	5.16e-01	2.34e-01
 4.65088e+22	2.09e-12	3.79e-08	1.94e-05	8.05e-04	5.82e-03	2.56e-01	5.15e-01	2.23e-01
 4.67198e+22	2.44e-12	4.39e-08	2.23e-05	9.16e-04	6.41e-03	2.68e-01	5.13e-01	2.11e-01
 4.69340e+22	2.85e-12	5.08e-08	2.57e-05	1.04e-03	7.08e-03	2.81e-01	5.11e-01	2.00e-01
 4.71504e+22	3.30e-12	5.84e-08	2.94e-05	1.18e-03	7.79e-03	2.94e-01	5.08e-01	1.89e-01
 4.73712e+22	3.89e-12	6.74e-08	3.37e-05	1.35e-03	8.60e-03	3.07e-01	5.04e-01	1.79e-01
 4.75956e+22	4.48e-12	7.71e-08	3.85e-05	1.52e-03	9.45e-03	3.21e-01	5.00e-01	1.69e-01
 4.78012e+22	5.03e-12	8.62e-08	4.29e-05	1.69e-03	1.02e-02	3.32e-01	4.96e-01	1.60e-01
 4.80160e+22	5.79e-12	9.89e-08	4.92e-05	1.92e-03	1.13e-02	3.46e-01	4.90e-01	1.50e-01
 4.82341e+22	6.49e-12	1.10e-07	5.48e-05	2.12e-03	1.22e-02	3.58e-01	4.85e-01	1.42e-01
 4.84585e+22	7.46e-12	1.26e-07	6.28e-05	2.41e-03	1.35e-02	3.73e-01	4.78e-01	1.33e-01
 4.86836e+22	8.30e-12	1.40e-07	6.96e-05	2.65e-03	1.45e-02	3.85e-01	4.72e-01	1.26e-01
 4.89096e+22	9.46e-12	1.60e-07	7.93e-05	3.00e-03	1.60e-02	4.00e-01	4.64e-01	1.17e-01
 4.91362e+22	1.05e-11	1.77e-07	8.76e-05	3.29e-03	1.72e-02	4.11e-01	4.58e-01	1.11e-01
 4.93639e+22	1.19e-11	2.00e-07	9.95e-05	3.70e-03	1.88e-02	4.26e-01	4.49e-01	1.03e-01
 4.95939e+22	1.31e-11	2.21e-07	1.10e-04	4.05e-03	2.02e-02	4.37e-01	4.41e-01	9.68e-02
 4.98271e+22	1.48e-11	2.50e-07	1.24e-04	4.55e-03	2.21e-02	4.52e-01	4.32e-01	8.96e-02
 5.00632e+22	1.64e-11	2.75e-07	1.37e-04	4.98e-03	2.36e-02	4.63e-01	4.24e-01	8.42e-02
 5.03033e+22	1.85e-11	3.11e-07	1.55e-04	5.58e-03	2.58e-02	4.78e-01	4.13e-01	7.76e-02
 5.05478e+22	2.05e-11	3.43e-07	1.72e-04	6.10e-03	2.77e-02	4.89e-01	4.04e-01	7.28e-02
 5.07979e+22	2.31e-11	3.88e-07	1.95e-04	6.83e-03	3.02e-02	5.04e-01	3.93e-01	6.67e-02
 5.10536e+22	2.56e-11	4.30e-07	2.16e-04	7.47e-03	3.24e-02	5.15e-01	3.83e-01	6.22e-02
 5.13167e+22	2.90e-11	4.88e-07	2.45e-04	8.38e-03	3.54e-02	5.29e-01	3.71e-01	5.67e-02
 5.15849e+22	3.24e-11	5.43e-07	2.72e-04	9.16e-03	3.78e-02	5.39e-01	3.61e-01	5.27e-02
 5.18116e+22	3.55e-11	5.94e-07	2.99e-04	9.91e-03	4.02e-02	5.49e-01	3.52e-01	4.93e-02
 5.20580e+22	3.98e-11	6.68e-07	3.36e-04	1.10e-02	4.34e-02	5.60e-01	3.40e-01	4.51e-02
 5.22968e+22	4.35e-11	7.28e-07	3.66e-04	1.18e-02	4.58e-02	5.68e-01	3.32e-01	4.23e-02
 5.25260e+22	4.81e-11	8.08e-07	4.08e-04	1.29e-02	4.91e-02	5.78e-01	3.21e-01	3.89e-02
 5.27575e+22	5.29e-11	8.84e-07	4.45e-04	1.38e-02	5.17e-02	5.85e-01	3.12e-01	3.65e-02
 5.29919e+22	5.89e-11	9.85e-07	4.96e-04	1.51e-02	5.53e-02	5.95e-01	3.01e-01	3.34e-02
 5.32298e+22	6.48e-11	1.08e-06	5.42e-04	1.62e-02	5.82e-02	6.01e-01	2.93e-01	3.12e-02
 5.34720e+22	7.24e-11	1.21e-06	6.07e-04	1.78e-02	6.23e-02	6.09e-01	2.81e-01	2.85e-02
 5.37178e+22	8.01e-11	1.33e-06	6.65e-04	1.91e-02	6.55e-02	6.15e-01	2.73e-01	2.66e-02
 5.39681e+22	8.98e-11	1.49e-06	7.46e-04	2.09e-02	7.00e-02	6.23e-01	2.62e-01	2.41e-02
 5.42227e+22	1.00e-10	1.65e-06	8.20e-04	2.24e-02	7.36e-02	6.28e-01	2.53e-01	2.24e-02
 5.44827e+22	1.13e-10	1.86e-06	9.24e-04	2.45e-02	7.87e-02	6.34e-01	2.42e-01	2.02e-02
 5.47484e+22	1.26e-10	2.07e-06	1.02e-03	2.64e-02	8.27e-02	6.38e-01	2.33e-01	1.87e-02
 5.50212e+22	1.43e-10	2.34e-06	1.16e-03	2.89e-02	8.84e-02	6.43e-01	2.21e-01	1.68e-02
 5.53013e+22	1.61e-10	2.62e-06	1.28e-03	3.12e-02	9.31e-02	6.46e-01	2.13e-01	1.54e-02
 5.55908e+22	1.86e-10	3.00e-06	1.46e-03	3.43e-02	9.94e-02	6.50e-01	2.01e-01	1.37e-02
 5.58834e+22	2.10e-10	3.37e-06	1.63e-03	3.70e-02	1.04e-01	6.52e-01	1.93e-01	1.25e-02
 5.61803e+22	2.44e-10	3.88e-06	1.86e-03	4.06e-02	1.11e-01	6.53e-01	1.81e-01	1.11e-02
 5.64805e+22	2.78e-10	4.38e-06	2.07e-03	4.37e-02	1.17e-01	6.54e-01	1.73e-01	1.01e-02
 5.67852e+22	3.24e-10	5.06e-06	2.38e-03	4.81e-02	1.25e-01	6.54e-01	1.63e-01	8.93e-03
 5.70947e+22	3.72e-10	5.73e-06	2.66e-03	5.18e-02	1.30e-01	6.52e-01	1.55e-01	8.10e-03
 5.73678e+22	4.21e-10	6.45e-06	2.96e-03	5.57e-02	1.37e-01	6.51e-01	1.47e-01	7.32e-03
 5.76802e+22	4.99e-10	7.53e-06	3.40e-03	6.10e-02	1.45e-01	6.47e-01	1.37e-01	6.43e-03
 5.79983e+22	5.69e-10	8.51e-06	3.81e-03	6.57e-02	1.52e-01	6.44e-01	1.29e-01	5.77e-03
 5.82560e+22	6.42e-10	9.50e-06	4.19e-03	6.99e-02	1.57e-01	6.40e-01	1.23e-01	5.26e-03
 5.85234e+22	7.44e-10	1.08e-05	4.70e-03	7.52e-02	1.64e-01	6.35e-01	1.16e-01	4.72e-03
 5.88044e+22	8.46e-10	1.22e-05	5.20e-03	8.02e-02	1.70e-01	6.30e-01	1.10e-01	4.27e-03
 5.90623e+22	9.60e-10	1.36e-05	5.75e-03	8.54e-02	1.77e-01	6.24e-01	1.04e-01	3.87e-03
 5.93568e+22	1.13e-09	1.57e-05	6.51e-03	9.23e-02	1.85e-01	6.16e-01	9.73e-02	3.41e-03
 5.96587e+22	1.29e-09	1.78e-05	7.25e-03	9.86e-02	1.92e-01	6.08e-01	9.13e-02	3.04e-03
 5.99238e+22	1.48e-09	2.00e-05	8.01e-03	1.05e-01	1.98e-01	6.00e-01	8.61e-02	2.75e-03
 6.02217e+22	1.75e-09	2.32e-05	9.07e-03	1.13e-01	2.06e-01	5.90e-01	7.99e-02	2.41e-03
 6.05333e+22	2.03e-09	2.64e-05	1.01e-02	1.21e-01	2.13e-01	5.80e-01	7.45e-02	2.13e-03
 6.08150e+22	2.34e-09	2.99e-05	1.12e-02	1.28e-01	2.19e-01	5.70e-01	6.97e-02	1.90e-03
 6.11334e+22	2.81e-09	3.49e-05	1.28e-02	1.38e-01	2.27e-01	5.56e-01	6.40e-02	1.64e-03
 6.14616e+22	3.27e-09	3.99e-05	1.43e-02	1.47e-01	2.35e-01	5.43e-01	5.92e-02	1.44e-03
 6.17537e+22	3.80e-09	4.54e-05	1.59e-02	1.56e-01	2.41e-01	5.31e-01	5.50e-02	1.27e-03
 6.20846e+22	4.61e-09	5.34e-05	1.81e-02	1.68e-01	2.48e-01	5.14e-01	5.00e-02	1.09e-03
 6.24283e+22	5.45e-09	6.16e-05	2.03e-02	1.79e-01	2.55e-01	4.99e-01	4.58e-02	9.41e-04
 6.27378e+22	6.39e-09	7.04e-05	2.25e-02	1.90e-01	2.61e-01	4.84e-01	4.21e-02	8.21e-04
 6.30891e+22	7.85e-09	8.36e-05	2.58e-02	2.04e-01	2.67e-01	4.64e-01	3.77e-02	6.86e-04
 6.34498e+22	9.32e-09	9.66e-05	2.88e-02	2.16e-01	2.73e-01	4.47e-01	3.42e-02	5.88e-04
 6.37736e+22	1.10e-08	1.11e-04	3.21e-02	2.29e-01	2.77e-01	4.30e-01	3.11e-02	5.05e-04
 6.41458e+22	1.38e-08	1.33e-04	3.68e-02	2.45e-01	2.82e-01	4.08e-01	2.74e-02	4.13e-04
 6.45208e+22	1.64e-08	1.53e-04	4.10e-02	2.58e-01	2.86e-01	3.90e-01	2.46e-02	3.50e-04
 6.48996e+22	2.05e-08	1.84e-04	4.68e-02	2.75e-01	2.89e-01	3.67e-01	2.15e-02	2.84e-04
 6.52845e+22	2.46e-08	2.13e-04	5.22e-02	2.89e-01	2.91e-01	3.48e-01	1.91e-02	2.38e-04
 6.56773e+22	3.11e-08	2.57e-04	5.96e-02	3.07e-01	2.92e-01	3.24e-01	1.65e-02	1.89e-04
 6.60738e+22	3.74e-08	2.97e-04	6.61e-02	3.22e-01	2.92e-01	3.05e-01	1.45e-02	1.57e-04
 6.64751e+22	4.75e-08	3.59e-04	7.53e-02	3.40e-01	2.91e-01	2.81e-01	1.23e-02	1.23e-04
 6.68803e+22	5.74e-08	4.15e-04	8.33e-02	3.53e-01	2.89e-01	2.63e-01	1.08e-02	1.01e-04
 6.72908e+22	7.33e-08	5.02e-04	9.44e-02	3.71e-01	2.86e-01	2.39e-01	9.04e-03	7.80e-05
 6.77067e+22	8.90e-08	5.82e-04	1.04e-01	3.84e-01	2.82e-01	2.22e-01	7.82e-03	6.31e-05
 6.81297e+22	1.14e-07	7.03e-04	1.18e-01	4.00e-01	2.75e-01	2.00e-01	6.45e-03	4.78e-05
 6.85463e+22	1.38e-07	8.09e-04	1.28e-01	4.11e-01	2.70e-01	1.84e-01	5.57e-03	3.87e-05
 6.88951e+22	1.65e-07	9.23e-04	1.39e-01	4.21e-01	2.64e-01	1.70e-01	4.83e-03	3.16e-05
 6.92303e+22	1.96e-07	1.05e-03	1.51e-01	4.30e-01	2.57e-01	1.57e-01	4.18e-03	2.57e-05
 6.96074e+22	2.43e-07	1.23e-03	1.66e-01	4.40e-01	2.49e-01	1.41e-01	3.48e-03	1.98e-05
 6.99842e+22	2.89e-07	1.40e-03	1.78e-01	4.47e-01	2.41e-01	1.29e-01	2.99e-03	1.60e-05
 7.03607e+22	3.57e-07	1.63e-03	1.94e-01	4.55e-01	2.31e-01	1.16e-01	2.48e-03	1.23e-05
 7.07453e+22	4.28e-07	1.85e-03	2.09e-01	4.60e-01	2.23e-01	1.05e-01	2.10e-03	9.77e-06
 7.10852e+22	5.08e-07	2.09e-03	2.23e-01	4.64e-01	2.14e-01	9.52e-02	1.79e-03	7.85e-06
 7.14719e+22	6.34e-07	2.44e-03	2.42e-01	4.67e-01	2.03e-01	8.37e-02	1.44e-03	5.83e-06
 7.18620e+22	7.52e-07	2.75e-03	2.58e-01	4.69e-01	1.94e-01	7.56e-02	1.22e-03	4.64e-06
 7.22565e+22	9.38e-07	3.21e-03	2.79e-01	4.70e-01	1.82e-01	6.59e-02	9.78e-04	3.41e-06
 7.26390e+22	1.10e-06	3.58e-03	2.94e-01	4.69e-01	1.73e-01	5.95e-02	8.29e-04	2.72e-06
 7.29463e+22	1.28e-06	3.97e-03	3.09e-01	4.67e-01	1.65e-01	5.39e-02	7.08e-04	2.19e-06
 7.32407e+22	1.47e-06	4.36e-03	3.23e-01	4.65e-01	1.58e-01	4.92e-02	6.11e-04	1.80e-06
 7.35779e+22	1.75e-06	4.92e-03	3.41e-01	4.62e-01	1.48e-01	4.35e-02	5.03e-04	1.38e-06
 7.39224e+22	2.04e-06	5.45e-03	3.57e-01	4.57e-01	1.41e-01	3.91e-02	4.25e-04	1.10e-06
 7.42263e+22	2.36e-06	6.00e-03	3.72e-01	4.53e-01	1.33e-01	3.53e-02	3.60e-04	8.79e-07
 7.45713e+22	2.82e-06	6.76e-03	3.92e-01	4.46e-01	1.24e-01	3.09e-02	2.93e-04	6.64e-07
 7.49219e+22	3.28e-06	7.47e-03	4.08e-01	4.40e-01	1.17e-01	2.76e-02	2.45e-04	5.23e-07
 7.52312e+22	3.77e-06	8.20e-03	4.24e-01	4.33e-01	1.10e-01	2.47e-02	2.07e-04	4.16e-07
 7.55846e+22	4.52e-06	9.23e-03	4.43e-01	4.24e-01	1.02e-01	2.15e-02	1.66e-04	3.09e-07
 7.59435e+22	5.24e-06	1.02e-02	4.60e-01	4.16e-01	9.50e-02	1.90e-02	1.37e-04	2.41e-07
 7.62609e+22	6.05e-06	1.12e-02	4.76e-01	4.07e-01	8.88e-02	1.69e-02	1.15e-04	1.89e-07
 7.66249e+22	7.25e-06	1.26e-02	4.96e-01	3.96e-01	8.14e-02	1.46e-02	9.06e-05	1.38e-07
 7.69945e+22	8.42e-06	1.38e-02	5.12e-01	3.86e-01	7.55e-02	1.28e-02	7.44e-05	0.00e+00
 7.73715e+22	1.01e-05	1.55e-02	5.32e-01	3.73e-01	6.88e-02	1.09e-02	5.84e-05	0.00e+00
 7.77562e+22	1.18e-05	1.71e-02	5.48e-01	3.62e-01	6.33e-02	9.50e-03	4.70e-05	0.00e+00
 7.80922e+22	1.36e-05	1.88e-02	5.64e-01	3.51e-01	5.85e-02	8.34e-03	3.85e-05	0.00e+00
 7.84701e+22	1.63e-05	2.10e-02	5.82e-01	3.37e-01	5.29e-02	7.06e-03	2.98e-05	0.00e+00
 7.88614e+22	1.90e-05	2.31e-02	5.98e-01	3.25e-01	4.84e-02	6.10e-03	2.39e-05	0.00e+00
 7.92700e+22	2.30e-05	2.61e-02	6.17e-01	3.09e-01	4.31e-02	5.06e-03	1.79e-05	0.00e+00
 7.96802e+22	2.67e-05	2.87e-02	6.31e-01	2.97e-01	3.93e-02	4.36e-03	1.43e-05	0.00e+00
 8.00925e+22	3.23e-05	3.22e-02	6.48e-01	2.81e-01	3.49e-02	3.61e-03	1.07e-05	0.00e+00
 8.05176e+22	3.79e-05	3.56e-02	6.62e-01	2.68e-01	3.14e-02	3.06e-03	8.34e-06	0.00e+00
 8.08419e+22	4.25e-05	3.81e-02	6.71e-01	2.59e-01	2.92e-02	2.72e-03	6.98e-06	0.00e+00
 8.11462e+22	4.87e-05	4.15e-02	6.82e-01	2.48e-01	2.66e-02	2.36e-03	5.62e-06	0.00e+00
 8.14594e+22	5.46e-05	4.45e-02	6.90e-01	2.39e-01	2.46e-02	2.09e-03	4.66e-06	0.00e+00
 8.17842e+22	6.33e-05	4.87e-02	7.00e-01	2.27e-01	2.23e-02	1.79e-03	3.68e-06	0.00e+00
 8.21098e+22	7.09e-05	5.22e-02	7.08e-01	2.18e-01	2.05e-02	1.58e-03	3.04e-06	0.00e+00
 8.24364e+22	8.21e-05	5.71e-02	7.16e-01	2.07e-01	1.85e-02	1.34e-03	2.38e-06	0.00e+00
 8.27665e+22	9.23e-05	6.12e-02	7.23e-01	1.98e-01	1.70e-02	1.18e-03	1.96e-06	0.00e+00
 8.31011e+22	1.07e-04	6.69e-02	7.30e-01	1.87e-01	1.53e-02	9.98e-04	1.52e-06	0.00e+00
 8.34413e+22	1.20e-04	7.19e-02	7.35e-01	1.78e-01	1.39e-02	8.70e-04	1.24e-06	0.00e+00
 8.37889e+22	1.40e-04	7.87e-02	7.41e-01	1.67e-01	1.24e-02	7.30e-04	9.48e-07	0.00e+00
 8.41415e+22	1.58e-04	8.47e-02	7.45e-01	1.58e-01	1.13e-02	6.31e-04	7.62e-07	0.00e+00
 8.45004e+22	1.85e-04	9.28e-02	7.49e-01	1.48e-01	1.00e-02	5.25e-04	5.77e-07	0.00e+00
 8.48657e+22	2.09e-04	9.99e-02	7.51e-01	1.39e-01	9.04e-03	4.51e-04	4.58e-07	0.00e+00
 8.52393e+22	2.45e-04	1.10e-01	7.52e-01	1.29e-01	7.95e-03	3.71e-04	3.42e-07	0.00e+00
 8.56207e+22	2.79e-04	1.18e-01	7.53e-01	1.21e-01	7.13e-03	3.15e-04	2.68e-07	0.00e+00
 8.60124e+22	3.29e-04	1.30e-01	7.51e-01	1.11e-01	6.21e-03	2.56e-04	1.96e-07	0.00e+00
 8.64107e+22	3.76e-04	1.41e-01	7.49e-01	1.04e-01	5.54e-03	2.15e-04	1.51e-07	0.00e+00
 8.68173e+22	4.44e-04	1.55e-01	7.45e-01	9.47e-02	4.78e-03	1.72e-04	0.00e+00	0.00e+00
 8.72294e+22	5.07e-04	1.67e-01	7.40e-01	8.78e-02	4.24e-03	1.44e-04	0.00e+00	0.00e+00
 8.76484e+22	6.02e-04	1.84e-01	7.32e-01	7.93e-02	3.63e-03	1.14e-04	0.00e+00	0.00e+00
 8.80739e+22	6.88e-04	1.98e-01	7.25e-01	7.29e-02	3.19e-03	9.42e-05	0.00e+00	0.00e+00
 8.85078e+22	8.14e-04	2.18e-01	7.13e-01	6.53e-02	2.72e-03	7.38e-05	0.00e+00	0.00e+00
 8.89534e+22	9.40e-04	2.36e-01	7.02e-01	5.93e-02	2.36e-03	5.98e-05	0.00e+00	0.00e+00
 8.94146e+22	1.13e-03	2.60e-01	6.85e-01	5.21e-02	1.97e-03	4.53e-05	0.00e+00	0.00e+00
 8.98762e+22	1.29e-03	2.80e-01	6.70e-01	4.70e-02	1.71e-03	3.66e-05	0.00e+00	0.00e+00
 9.03386e+22	1.54e-03	3.07e-01	6.49e-01	4.09e-02	1.41e-03	2.75e-05	0.00e+00	0.00e+00
 9.08156e+22	1.78e-03	3.31e-01	6.30e-01	3.64e-02	1.21e-03	2.17e-05	0.00e+00	0.00e+00
 9.13117e+22	2.16e-03	3.65e-01	6.01e-01	3.08e-02	9.76e-04	1.57e-05	0.00e+00	0.00e+00
 9.18189e+22	2.49e-03	3.91e-01	5.78e-01	2.70e-02	8.24e-04	1.22e-05	0.00e+00	0.00e+00
 9.23080e+22	2.97e-03	4.26e-01	5.48e-01	2.28e-02	6.69e-04	8.85e-06	0.00e+00	0.00e+00
