#depth	Cl	Cl+	Cl+2	Cl+3	Cl+4	Cl+5	Cl+6	Cl+7	Cl+8	Cl+9	Cl+10	Cl+11	Cl+12	Cl+13	Cl+14	Cl+15	Cl+16	Cl+17
 1.54284e+22	0.00e+00	2.02e-22	5.81e-19	4.86e-16	9.13e-14	1.01e-11	9.64e-10	6.91e-07	4.24e-05	9.12e-04	7.41e-03	3.53e-02	8.25e-02	1.02e-01	1.43e-01	4.36e-01	1.70e-01	2.17e-02
 3.49770e+22	0.00e+00	5.68e-20	9.02e-17	3.80e-14	3.45e-12	1.79e-10	8.56e-09	7.80e-06	4.49e-04	7.79e-03	4.34e-02	1.35e-01	2.02e-01	1.54e-01	1.30e-01	2.61e-01	6.19e-02	4.87e-03
 4.08876e+22	8.53e-32	5.15e-19	6.41e-16	2.02e-13	1.37e-11	5.23e-10	1.91e-08	1.74e-05	9.65e-04	1.54e-02	7.42e-02	1.92e-01	2.42e-01	1.53e-01	1.06e-01	1.80e-01	3.46e-02	2.21e-03
 4.35732e+22	2.62e-31	1.40e-18	1.57e-15	4.33e-13	2.58e-11	8.61e-10	2.78e-08	2.44e-05	1.32e-03	2.04e-02	9.17e-02	2.18e-01	2.54e-01	1.47e-01	9.36e-02	1.47e-01	2.56e-02	1.48e-03
 4.46928e+22	3.48e-31	1.80e-18	1.96e-15	5.24e-13	3.02e-11	9.76e-10	3.06e-08	2.66e-05	1.43e-03	2.18e-02	9.64e-02	2.25e-01	2.56e-01	1.45e-01	9.05e-02	1.39e-01	2.36e-02	1.34e-03
 4.52089e+22	4.90e-31	2.43e-18	2.56e-15	6.59e-13	3.67e-11	1.14e-09	3.44e-08	2.93e-05	1.57e-03	2.36e-02	1.02e-01	2.32e-01	2.59e-01	1.42e-01	8.67e-02	1.30e-01	2.15e-02	1.18e-03
 4.58798e+22	7.56e-31	3.58e-18	3.61e-15	8.85e-13	4.69e-11	1.38e-09	4.00e-08	3.33e-05	1.76e-03	2.61e-02	1.10e-01	2.41e-01	2.61e-01	1.39e-01	8.19e-02	1.19e-01	1.89e-02	1.00e-03
 4.65269e+22	1.03e-30	4.66e-18	4.58e-15	1.09e-12	5.56e-11	1.58e-09	4.44e-08	3.63e-05	1.90e-03	2.79e-02	1.16e-01	2.48e-01	2.62e-01	1.36e-01	7.86e-02	1.12e-01	1.73e-02	8.90e-04
 4.71429e+22	1.52e-30	6.59e-18	6.23e-15	1.41e-12	6.94e-11	1.89e-09	5.09e-08	4.05e-05	2.09e-03	3.03e-02	1.23e-01	2.56e-01	2.63e-01	1.33e-01	7.44e-02	1.03e-01	1.54e-02	7.64e-04
 4.77707e+22	2.05e-30	8.54e-18	7.87e-15	1.73e-12	8.22e-11	2.17e-09	5.66e-08	4.42e-05	2.26e-03	3.24e-02	1.29e-01	2.61e-01	2.63e-01	1.30e-01	7.12e-02	9.66e-02	1.40e-02	6.78e-04
 4.84137e+22	3.06e-30	1.21e-17	1.08e-14	2.26e-12	1.03e-10	2.59e-09	6.49e-08	4.93e-05	2.49e-03	3.51e-02	1.37e-01	2.69e-01	2.63e-01	1.26e-01	6.70e-02	8.84e-02	1.24e-02	5.78e-04
 4.90665e+22	4.13e-30	1.56e-17	1.35e-14	2.75e-12	1.22e-10	2.97e-09	7.23e-08	5.36e-05	2.68e-03	3.74e-02	1.43e-01	2.74e-01	2.62e-01	1.23e-01	6.40e-02	8.27e-02	1.13e-02	5.12e-04
 4.97321e+22	6.16e-30	2.21e-17	1.85e-14	3.59e-12	1.52e-10	3.55e-09	8.31e-08	5.98e-05	2.94e-03	4.04e-02	1.51e-01	2.81e-01	2.61e-01	1.18e-01	6.01e-02	7.54e-02	9.89e-03	4.34e-04
 5.03861e+22	8.14e-30	2.80e-17	2.28e-14	4.32e-12	1.78e-10	4.04e-09	9.18e-08	6.46e-05	3.14e-03	4.27e-02	1.57e-01	2.85e-01	2.60e-01	1.15e-01	5.74e-02	7.07e-02	9.04e-03	3.87e-04
 5.10251e+22	1.18e-29	3.86e-17	3.04e-14	5.53e-12	2.19e-10	4.77e-09	1.05e-07	7.14e-05	3.42e-03	4.59e-02	1.64e-01	2.91e-01	2.57e-01	1.11e-01	5.39e-02	6.46e-02	7.99e-03	3.30e-04
 5.16773e+22	1.57e-29	4.90e-17	3.77e-14	6.66e-12	2.57e-10	5.44e-09	1.16e-07	7.73e-05	3.66e-03	4.84e-02	1.71e-01	2.95e-01	2.56e-01	1.08e-01	5.14e-02	6.04e-02	7.27e-03	2.93e-04
 5.23466e+22	2.29e-29	6.75e-17	5.03e-14	8.54e-12	3.17e-10	6.45e-09	1.32e-07	8.55e-05	3.98e-03	5.19e-02	1.79e-01	2.99e-01	2.53e-01	1.04e-01	4.81e-02	5.50e-02	6.40e-03	2.49e-04
 5.30289e+22	3.08e-29	8.61e-17	6.26e-14	1.03e-11	3.73e-10	7.36e-09	1.47e-07	9.26e-05	4.25e-03	5.47e-02	1.85e-01	3.03e-01	2.50e-01	1.00e-01	4.56e-02	5.12e-02	5.79e-03	2.20e-04
 5.37281e+22	4.52e-29	1.19e-16	8.37e-14	1.33e-11	4.62e-10	8.75e-09	1.69e-07	1.02e-04	4.63e-03	5.86e-02	1.93e-01	3.07e-01	2.46e-01	9.59e-02	4.26e-02	4.64e-02	5.07e-03	1.86e-04
 5.44400e+22	4.49e-30	1.52e-16	1.04e-13	1.61e-11	5.44e-10	1.00e-08	1.88e-07	1.11e-04	4.94e-03	6.17e-02	2.00e-01	3.09e-01	2.43e-01	9.26e-02	4.03e-02	4.30e-02	4.57e-03	1.63e-04
 5.51683e+22	6.41e-30	2.10e-16	1.40e-13	2.07e-11	6.74e-10	1.19e-08	2.15e-07	1.23e-04	5.38e-03	6.59e-02	2.09e-01	3.13e-01	2.39e-01	8.82e-02	3.74e-02	3.89e-02	3.98e-03	1.37e-04
 5.59110e+22	8.43e-30	2.68e-16	1.74e-13	2.51e-11	7.96e-10	1.37e-08	2.40e-07	1.34e-04	5.74e-03	6.94e-02	2.15e-01	3.15e-01	2.35e-01	8.48e-02	3.53e-02	3.59e-02	3.58e-03	1.20e-04
 5.65616e+22	1.10e-29	3.41e-16	2.16e-13	3.03e-11	9.35e-10	1.56e-08	2.67e-07	1.44e-04	6.12e-03	7.28e-02	2.22e-01	3.16e-01	2.31e-01	8.16e-02	3.33e-02	3.32e-02	3.22e-03	1.05e-04
 5.72963e+22	1.55e-29	4.64e-16	2.86e-13	3.85e-11	1.15e-09	1.85e-08	3.05e-07	1.60e-04	6.62e-03	7.74e-02	2.30e-01	3.18e-01	2.26e-01	7.75e-02	3.09e-02	3.00e-02	2.81e-03	8.82e-05
 5.80333e+22	1.98e-29	5.78e-16	3.49e-13	4.59e-11	1.34e-09	2.10e-08	3.38e-07	1.72e-04	7.03e-03	8.09e-02	2.37e-01	3.19e-01	2.22e-01	7.46e-02	2.92e-02	2.78e-02	2.54e-03	7.78e-05
 5.87733e+22	2.79e-29	7.86e-16	4.60e-13	5.84e-11	1.64e-09	2.48e-08	3.86e-07	1.90e-04	7.60e-03	8.59e-02	2.45e-01	3.20e-01	2.16e-01	7.06e-02	2.70e-02	2.50e-02	2.21e-03	6.52e-05
 5.95250e+22	3.58e-29	9.82e-16	5.63e-13	6.98e-11	1.92e-09	2.82e-08	4.28e-07	2.05e-04	8.07e-03	8.97e-02	2.51e-01	3.20e-01	2.12e-01	6.77e-02	2.55e-02	2.32e-02	1.99e-03	5.73e-05
 6.02917e+22	4.99e-29	1.32e-15	7.38e-13	8.83e-11	2.35e-09	3.34e-08	4.89e-07	2.27e-04	8.72e-03	9.50e-02	2.59e-01	3.20e-01	2.06e-01	6.40e-02	2.35e-02	2.08e-02	1.73e-03	4.81e-05
 6.10838e+22	6.56e-29	1.69e-15	9.20e-13	1.07e-10	2.77e-09	3.83e-08	5.47e-07	2.46e-04	9.29e-03	9.94e-02	2.66e-01	3.20e-01	2.01e-01	6.10e-02	2.20e-02	1.91e-02	1.54e-03	4.16e-05
 6.19090e+22	9.21e-29	2.28e-15	1.21e-12	1.36e-10	3.41e-09	4.55e-08	6.28e-07	2.73e-04	1.00e-02	1.05e-01	2.74e-01	3.19e-01	1.95e-01	5.74e-02	2.02e-02	1.71e-02	1.33e-03	3.47e-05
 6.27639e+22	1.23e-28	2.96e-15	1.53e-12	1.67e-10	4.07e-09	5.28e-08	7.08e-07	2.98e-04	1.07e-02	1.10e-01	2.81e-01	3.18e-01	1.90e-01	5.44e-02	1.88e-02	1.55e-02	1.17e-03	2.96e-05
 6.36577e+22	1.76e-28	4.05e-15	2.04e-12	2.15e-10	5.06e-09	6.33e-08	8.19e-07	3.32e-04	1.17e-02	1.17e-01	2.90e-01	3.16e-01	1.83e-01	5.08e-02	1.71e-02	1.38e-02	9.98e-04	2.44e-05
 6.45800e+22	2.40e-28	5.30e-15	2.60e-12	2.67e-10	6.10e-09	7.39e-08	9.28e-07	3.64e-04	1.25e-02	1.23e-01	2.96e-01	3.14e-01	1.77e-01	4.79e-02	1.58e-02	1.24e-02	8.71e-04	2.06e-05
 6.55395e+22	3.48e-28	7.37e-15	3.51e-12	3.47e-10	7.66e-09	8.94e-08	1.08e-06	4.08e-04	1.36e-02	1.30e-01	3.05e-01	3.11e-01	1.70e-01	4.45e-02	1.43e-02	1.09e-02	7.36e-04	1.67e-05
 6.65281e+22	4.79e-28	9.73e-15	4.53e-12	4.34e-10	9.29e-09	1.05e-07	1.23e-06	4.49e-04	1.46e-02	1.36e-01	3.12e-01	3.08e-01	1.63e-01	4.17e-02	1.31e-02	9.75e-03	6.37e-04	1.40e-05
 6.74175e+22	6.46e-28	1.26e-14	5.74e-12	5.36e-10	1.12e-08	1.22e-07	1.40e-06	4.93e-04	1.56e-02	1.43e-01	3.18e-01	3.05e-01	1.58e-01	3.91e-02	1.21e-02	8.78e-03	5.55e-04	1.18e-05
 6.84369e+22	9.67e-28	1.80e-14	7.91e-12	7.10e-10	1.42e-08	1.50e-07	1.64e-06	5.56e-04	1.71e-02	1.51e-01	3.26e-01	3.00e-01	1.50e-01	3.59e-02	1.08e-02	7.59e-03	4.60e-04	9.38e-06
 6.94650e+22	1.31e-27	2.33e-14	1.00e-11	8.77e-10	1.71e-08	1.75e-07	1.86e-06	6.09e-04	1.83e-02	1.58e-01	3.32e-01	2.96e-01	1.44e-01	3.36e-02	9.93e-03	6.81e-03	3.99e-04	7.89e-06
 7.05046e+22	1.94e-27	3.30e-14	1.38e-11	1.16e-09	2.17e-08	2.14e-07	2.19e-06	6.86e-04	1.99e-02	1.67e-01	3.39e-01	2.91e-01	1.36e-01	3.08e-02	8.85e-03	5.88e-03	3.30e-04	6.26e-06
 7.15662e+22	2.68e-27	4.36e-14	1.77e-11	1.45e-09	2.63e-08	2.51e-07	2.49e-06	7.55e-04	2.13e-02	1.74e-01	3.45e-01	2.86e-01	1.30e-01	2.86e-02	8.05e-03	5.22e-03	2.83e-04	5.17e-06
 7.26565e+22	4.01e-27	6.19e-14	2.44e-11	1.92e-09	3.36e-08	3.08e-07	2.94e-06	8.52e-04	2.32e-02	1.84e-01	3.52e-01	2.79e-01	1.23e-01	2.60e-02	7.13e-03	4.47e-03	2.32e-04	4.06e-06
 7.37697e+22	5.62e-27	8.31e-14	3.19e-11	2.42e-09	4.12e-08	3.65e-07	3.38e-06	9.41e-04	2.49e-02	1.93e-01	3.57e-01	2.74e-01	1.17e-01	2.39e-02	6.44e-03	3.93e-03	1.96e-04	3.31e-06
 7.47594e+22	7.79e-27	1.10e-13	4.13e-11	3.04e-09	5.02e-08	4.31e-07	3.86e-06	1.04e-03	2.67e-02	2.01e-01	3.62e-01	2.68e-01	1.11e-01	2.21e-02	5.82e-03	3.45e-03	1.66e-04	2.71e-06
 7.58927e+22	1.19e-26	1.60e-13	5.78e-11	4.08e-09	6.48e-08	5.34e-07	4.58e-06	1.17e-03	2.91e-02	2.12e-01	3.67e-01	2.59e-01	1.03e-01	1.98e-02	5.09e-03	2.91e-03	1.34e-04	2.07e-06
 7.69701e+22	1.57e-26	2.04e-13	7.22e-11	4.97e-09	7.68e-08	6.15e-07	5.15e-06	1.28e-03	3.09e-02	2.19e-01	3.71e-01	2.54e-01	9.85e-02	1.84e-02	4.65e-03	2.60e-03	1.16e-04	1.74e-06
 7.79748e+22	2.29e-26	2.85e-13	9.77e-11	6.47e-09	9.67e-08	7.46e-07	6.01e-06	1.43e-03	3.34e-02	2.29e-01	3.75e-01	2.46e-01	9.21e-02	1.67e-02	4.10e-03	2.22e-03	9.45e-05	1.36e-06
 7.89810e+22	3.02e-26	3.64e-13	1.22e-10	7.88e-09	1.15e-07	8.61e-07	6.75e-06	1.55e-03	3.53e-02	2.37e-01	3.77e-01	2.40e-01	8.75e-02	1.54e-02	3.73e-03	1.97e-03	8.13e-05	1.13e-06
 7.99893e+22	4.36e-26	5.03e-13	1.64e-10	1.02e-08	1.43e-07	1.04e-06	7.87e-06	1.73e-03	3.80e-02	2.47e-01	3.81e-01	2.32e-01	8.17e-02	1.39e-02	3.29e-03	1.68e-03	6.64e-05	8.84e-07
 8.10202e+22	5.86e-26	6.54e-13	2.08e-10	1.26e-08	1.72e-07	1.21e-06	8.91e-06	1.89e-03	4.04e-02	2.56e-01	3.83e-01	2.25e-01	7.71e-02	1.28e-02	2.97e-03	1.48e-03	5.61e-05	7.22e-07
 8.20804e+22	8.57e-26	9.21e-13	2.84e-10	1.65e-08	2.18e-07	1.48e-06	1.05e-05	2.12e-03	4.37e-02	2.67e-01	3.85e-01	2.16e-01	7.12e-02	1.14e-02	2.58e-03	1.24e-03	4.49e-05	5.51e-07
 8.31481e+22	1.15e-25	1.20e-12	3.59e-10	2.03e-08	2.62e-07	1.73e-06	1.19e-05	2.32e-03	4.63e-02	2.76e-01	3.86e-01	2.09e-01	6.70e-02	1.04e-02	2.32e-03	1.08e-03	3.79e-05	4.48e-07
 8.42255e+22	1.67e-25	1.68e-12	4.90e-10	2.66e-08	3.33e-07	2.11e-06	1.40e-05	2.60e-03	5.00e-02	2.88e-01	3.87e-01	1.99e-01	6.16e-02	9.22e-03	2.01e-03	9.03e-04	3.00e-05	3.38e-07
 8.53235e+22	2.26e-25	2.21e-12	6.27e-10	3.31e-08	4.03e-07	2.48e-06	1.60e-05	2.86e-03	5.32e-02	2.97e-01	3.87e-01	1.91e-01	5.74e-02	8.34e-03	1.79e-03	7.79e-04	2.49e-05	2.70e-07
 8.64484e+22	3.30e-25	3.14e-12	8.62e-10	4.38e-08	5.17e-07	3.07e-06	1.91e-05	3.22e-03	5.76e-02	3.10e-01	3.86e-01	1.81e-01	5.23e-02	7.30e-03	1.53e-03	6.39e-04	1.94e-05	2.00e-07
 8.75957e+22	4.48e-25	4.15e-12	1.11e-09	5.49e-08	6.31e-07	3.64e-06	2.20e-05	3.56e-03	6.14e-02	3.20e-01	3.85e-01	1.73e-01	4.84e-02	6.54e-03	1.35e-03	5.44e-04	1.58e-05	1.56e-07
 8.87720e+22	6.55e-25	5.94e-12	1.54e-09	7.32e-08	8.17e-07	4.54e-06	2.64e-05	4.04e-03	6.66e-02	3.33e-01	3.83e-01	1.63e-01	4.36e-02	5.65e-03	1.14e-03	4.40e-04	1.21e-05	0.00e+00
 8.99614e+22	8.87e-25	7.85e-12	1.99e-09	9.18e-08	1.00e-06	5.41e-06	3.06e-05	4.47e-03	7.11e-02	3.43e-01	3.80e-01	1.55e-01	4.00e-02	5.02e-03	9.92e-04	3.70e-04	9.74e-06	0.00e+00
 9.09644e+22	1.16e-24	1.01e-11	2.50e-09	1.13e-07	1.20e-06	6.34e-06	3.50e-05	4.90e-03	7.53e-02	3.53e-01	3.78e-01	1.47e-01	3.69e-02	4.49e-03	8.74e-04	3.16e-04	7.98e-06	0.00e+00
 9.20581e+22	1.60e-24	1.38e-11	3.33e-09	1.46e-07	1.52e-06	7.77e-06	4.16e-05	5.52e-03	8.11e-02	3.65e-01	3.73e-01	1.38e-01	3.32e-02	3.88e-03	7.41e-04	2.56e-04	6.14e-06	0.00e+00
 9.31581e+22	2.07e-24	1.76e-11	4.17e-09	1.79e-07	1.83e-06	9.13e-06	4.77e-05	6.07e-03	8.60e-02	3.74e-01	3.69e-01	1.30e-01	3.04e-02	3.45e-03	6.49e-04	2.17e-04	4.98e-06	0.00e+00
 9.42308e+22	2.77e-24	2.35e-11	5.43e-09	2.28e-07	2.29e-06	1.11e-05	5.63e-05	6.80e-03	9.23e-02	3.85e-01	3.63e-01	1.21e-01	2.73e-02	2.99e-03	5.51e-04	1.77e-04	3.85e-06	0.00e+00
 9.53255e+22	3.57e-24	2.99e-11	6.80e-09	2.80e-07	2.77e-06	1.31e-05	6.50e-05	7.50e-03	9.80e-02	3.95e-01	3.58e-01	1.14e-01	2.48e-02	2.63e-03	4.78e-04	1.48e-04	3.08e-06	0.00e+00
 9.63999e+22	4.59e-24	3.88e-11	8.68e-09	3.51e-07	3.42e-06	1.58e-05	7.65e-05	8.37e-03	1.05e-01	4.05e-01	3.51e-01	1.06e-01	2.22e-02	2.27e-03	4.06e-04	1.20e-04	2.38e-06	0.00e+00
 9.74966e+22	5.81e-24	4.91e-11	1.08e-08	4.31e-07	4.15e-06	1.88e-05	8.89e-05	9.27e-03	1.11e-01	4.15e-01	3.43e-01	9.89e-02	2.00e-02	1.98e-03	3.48e-04	9.92e-05	1.88e-06	0.00e+00
 9.85770e+22	7.32e-24	6.22e-11	1.36e-08	5.32e-07	5.07e-06	2.24e-05	1.04e-04	1.03e-02	1.19e-01	4.24e-01	3.35e-01	9.17e-02	1.79e-02	1.71e-03	2.96e-04	8.09e-05	1.46e-06	0.00e+00
 9.96667e+22	9.12e-24	7.76e-11	1.68e-08	6.52e-07	6.15e-06	2.66e-05	1.21e-04	1.14e-02	1.26e-01	4.33e-01	3.27e-01	8.50e-02	1.60e-02	1.48e-03	2.52e-04	6.62e-05	1.14e-06	0.00e+00
 1.00743e+23	1.13e-23	9.60e-11	2.06e-08	7.94e-07	7.43e-06	3.16e-05	1.41e-04	1.27e-02	1.34e-01	4.41e-01	3.18e-01	7.86e-02	1.43e-02	1.27e-03	2.14e-04	5.41e-05	8.84e-07	0.00e+00
 1.01818e+23	1.38e-23	1.18e-10	2.52e-08	9.63e-07	8.95e-06	3.74e-05	1.64e-04	1.40e-02	1.42e-01	4.48e-01	3.09e-01	7.25e-02	1.28e-02	1.10e-03	1.82e-04	4.41e-05	6.88e-07	0.00e+00
 1.02894e+23	1.69e-23	1.43e-10	3.06e-08	1.16e-06	1.08e-05	4.41e-05	1.91e-04	1.55e-02	1.50e-01	4.55e-01	3.00e-01	6.68e-02	1.14e-02	9.45e-04	1.54e-04	3.59e-05	5.34e-07	0.00e+00
 1.03973e+23	2.06e-23	1.72e-10	3.69e-08	1.40e-06	1.29e-05	5.20e-05	2.22e-04	1.71e-02	1.59e-01	4.61e-01	2.90e-01	6.14e-02	1.01e-02	8.12e-04	1.31e-04	2.92e-05	4.14e-07	0.00e+00
 1.05058e+23	2.50e-23	2.06e-10	4.44e-08	1.68e-06	1.54e-05	6.13e-05	2.58e-04	1.89e-02	1.68e-01	4.67e-01	2.80e-01	5.63e-02	8.97e-03	6.96e-04	1.11e-04	2.37e-05	3.20e-07	0.00e+00
 1.06152e+23	3.04e-23	2.45e-10	5.32e-08	2.01e-06	1.84e-05	7.21e-05	2.99e-04	2.09e-02	1.77e-01	4.72e-01	2.70e-01	5.16e-02	7.94e-03	5.96e-04	9.33e-05	1.92e-05	2.47e-07	0.00e+00
 1.07257e+23	3.71e-23	2.90e-10	6.34e-08	2.40e-06	2.19e-05	8.47e-05	3.48e-04	2.31e-02	1.87e-01	4.76e-01	2.59e-01	4.71e-02	7.02e-03	5.09e-04	7.85e-05	1.56e-05	1.90e-07	0.00e+00
 1.08368e+23	4.53e-23	3.41e-10	7.53e-08	2.85e-06	2.60e-05	9.92e-05	4.03e-04	2.55e-02	1.97e-01	4.79e-01	2.49e-01	4.30e-02	6.20e-03	4.35e-04	6.61e-05	1.26e-05	1.47e-07	0.00e+00
 1.09497e+23	5.60e-23	3.99e-10	8.95e-08	3.39e-06	3.10e-05	1.17e-04	4.68e-04	2.81e-02	2.07e-01	4.82e-01	2.38e-01	3.90e-02	5.45e-03	3.70e-04	5.53e-05	1.01e-05	0.00e+00	0.00e+00
 1.10638e+23	6.96e-23	4.64e-10	1.06e-07	4.02e-06	3.67e-05	1.36e-04	5.42e-04	3.09e-02	2.17e-01	4.83e-01	2.27e-01	3.55e-02	4.79e-03	3.15e-04	4.64e-05	8.15e-06	0.00e+00	0.00e+00
 1.11802e+23	8.81e-23	5.39e-10	1.25e-07	4.78e-06	4.36e-05	1.60e-04	6.31e-04	3.41e-02	2.28e-01	4.84e-01	2.16e-01	3.20e-02	4.19e-03	2.66e-04	3.86e-05	6.50e-06	0.00e+00	0.00e+00
 1.12986e+23	1.13e-22	6.23e-10	1.48e-07	5.65e-06	5.16e-05	1.87e-04	7.31e-04	3.75e-02	2.40e-01	4.84e-01	2.05e-01	2.89e-02	3.67e-03	2.25e-04	3.22e-05	5.20e-06	0.00e+00	0.00e+00
 1.14070e+23	1.42e-22	7.02e-10	1.70e-07	6.50e-06	5.94e-05	2.12e-04	8.26e-04	4.06e-02	2.49e-01	4.83e-01	1.96e-01	2.66e-02	3.28e-03	1.96e-04	2.76e-05	4.32e-06	0.00e+00	0.00e+00
 1.15203e+23	2.42e-20	8.11e-10	2.01e-07	7.74e-06	7.07e-05	2.50e-04	9.65e-04	4.49e-02	2.61e-01	4.81e-01	1.85e-01	2.37e-02	2.84e-03	1.64e-04	2.27e-05	3.40e-06	0.00e+00	0.00e+00
 1.16354e+23	3.59e-20	9.14e-10	2.32e-07	8.91e-06	8.13e-05	2.84e-04	1.09e-03	4.85e-02	2.71e-01	4.78e-01	1.77e-01	2.17e-02	2.53e-03	1.42e-04	1.94e-05	2.81e-06	0.00e+00	0.00e+00
 1.17542e+23	4.64e-20	1.06e-09	2.77e-07	1.07e-05	9.72e-05	3.35e-04	1.28e-03	5.36e-02	2.83e-01	4.74e-01	1.66e-01	1.93e-02	2.18e-03	1.18e-04	1.58e-05	2.19e-06	0.00e+00	0.00e+00
 1.18734e+23	5.66e-20	1.19e-09	3.18e-07	1.22e-05	1.11e-04	3.79e-04	1.44e-03	5.78e-02	2.93e-01	4.70e-01	1.57e-01	1.76e-02	1.94e-03	1.02e-04	1.35e-05	1.81e-06	0.00e+00	0.00e+00
 1.19931e+23	7.26e-20	1.37e-09	3.78e-07	1.46e-05	1.33e-04	4.45e-04	1.68e-03	6.37e-02	3.06e-01	4.64e-01	1.47e-01	1.56e-02	1.66e-03	8.44e-05	1.10e-05	1.41e-06	0.00e+00	0.00e+00
 1.21132e+23	8.90e-20	1.54e-09	4.34e-07	1.67e-05	1.51e-04	5.02e-04	1.88e-03	6.84e-02	3.15e-01	4.59e-01	1.39e-01	1.42e-02	1.48e-03	7.31e-05	9.39e-06	1.16e-06	0.00e+00	0.00e+00
 1.22339e+23	1.15e-19	1.77e-09	5.17e-07	1.98e-05	1.79e-04	5.86e-04	2.18e-03	7.50e-02	3.27e-01	4.51e-01	1.30e-01	1.25e-02	1.27e-03	6.06e-05	7.65e-06	9.08e-07	0.00e+00	0.00e+00
 1.23559e+23	1.41e-19	2.00e-09	5.96e-07	2.27e-05	2.05e-04	6.61e-04	2.44e-03	8.05e-02	3.36e-01	4.45e-01	1.22e-01	1.14e-02	1.13e-03	5.23e-05	6.51e-06	7.48e-07	0.00e+00	0.00e+00
 1.24795e+23	1.83e-19	2.31e-09	7.12e-07	2.71e-05	2.42e-04	7.69e-04	2.83e-03	8.80e-02	3.48e-01	4.36e-01	1.13e-01	1.00e-02	9.63e-04	4.32e-05	5.28e-06	5.81e-07	0.00e+00	0.00e+00
 1.26049e+23	2.27e-19	2.61e-09	8.23e-07	3.11e-05	2.77e-04	8.67e-04	3.17e-03	9.43e-02	3.57e-01	4.28e-01	1.07e-01	9.05e-03	8.52e-04	3.72e-05	4.48e-06	4.77e-07	0.00e+00	0.00e+00
 1.27323e+23	2.98e-19	3.04e-09	9.90e-07	3.71e-05	3.28e-04	1.01e-03	3.66e-03	1.03e-01	3.68e-01	4.17e-01	9.81e-02	7.93e-03	7.25e-04	3.06e-05	3.62e-06	3.69e-07	0.00e+00	0.00e+00
 1.28621e+23	3.76e-19	3.46e-09	1.15e-06	4.28e-05	3.75e-04	1.14e-03	4.09e-03	1.10e-01	3.77e-01	4.08e-01	9.18e-02	7.13e-03	6.38e-04	2.61e-05	3.05e-06	3.00e-07	0.00e+00	0.00e+00
 1.29950e+23	5.03e-19	4.06e-09	1.40e-06	5.14e-05	4.45e-04	1.32e-03	4.73e-03	1.20e-01	3.87e-01	3.96e-01	8.40e-02	6.20e-03	5.39e-04	2.13e-05	2.44e-06	2.30e-07	0.00e+00	0.00e+00
 1.31310e+23	6.47e-19	4.68e-09	1.64e-06	5.97e-05	5.11e-04	1.49e-03	5.29e-03	1.28e-01	3.95e-01	3.86e-01	7.81e-02	5.54e-03	4.71e-04	1.81e-05	2.04e-06	1.86e-07	0.00e+00	0.00e+00
 1.32709e+23	8.87e-19	5.57e-09	2.02e-06	7.23e-05	6.09e-04	1.74e-03	6.12e-03	1.39e-01	4.04e-01	3.72e-01	7.09e-02	4.78e-03	3.95e-04	1.46e-05	1.62e-06	1.40e-07	0.00e+00	0.00e+00
 1.34136e+23	1.17e-18	6.49e-09	2.39e-06	8.45e-05	7.02e-04	1.97e-03	6.84e-03	1.48e-01	4.11e-01	3.61e-01	6.56e-02	4.25e-03	3.43e-04	1.23e-05	1.35e-06	0.00e+00	0.00e+00	0.00e+00
 1.35337e+23	1.49e-18	7.42e-09	2.78e-06	9.69e-05	7.94e-04	2.19e-03	7.55e-03	1.57e-01	4.17e-01	3.50e-01	6.11e-02	3.82e-03	3.03e-04	1.06e-05	1.14e-06	0.00e+00	0.00e+00	0.00e+00
 1.36637e+23	2.03e-18	8.81e-09	3.37e-06	1.16e-04	9.30e-04	2.51e-03	8.56e-03	1.68e-01	4.23e-01	3.37e-01	5.56e-02	3.32e-03	2.57e-04	8.70e-06	9.19e-07	0.00e+00	0.00e+00	0.00e+00
 1.37903e+23	2.58e-18	1.01e-08	3.89e-06	1.31e-04	1.04e-03	2.77e-03	9.34e-03	1.77e-01	4.27e-01	3.27e-01	5.19e-02	3.01e-03	2.28e-04	7.55e-06	7.88e-07	0.00e+00	0.00e+00	0.00e+00
 1.39123e+23	3.49e-18	1.18e-08	4.65e-06	1.55e-04	1.21e-03	3.13e-03	1.05e-02	1.88e-01	4.32e-01	3.14e-01	4.73e-02	2.63e-03	1.95e-04	6.25e-06	6.42e-07	0.00e+00	0.00e+00	0.00e+00
 1.40356e+23	4.54e-18	1.36e-08	5.40e-06	1.77e-04	1.35e-03	3.45e-03	1.14e-02	1.97e-01	4.35e-01	3.05e-01	4.41e-02	2.38e-03	1.73e-04	5.42e-06	5.50e-07	0.00e+00	0.00e+00	0.00e+00
 1.41605e+23	6.29e-18	1.62e-08	6.51e-06	2.09e-04	1.57e-03	3.90e-03	1.27e-02	2.09e-01	4.39e-01	2.91e-01	4.00e-02	2.07e-03	1.48e-04	4.48e-06	4.47e-07	0.00e+00	0.00e+00	0.00e+00
 1.42872e+23	8.37e-18	1.89e-08	7.60e-06	2.40e-04	1.76e-03	4.29e-03	1.39e-02	2.19e-01	4.41e-01	2.81e-01	3.71e-02	1.87e-03	1.31e-04	3.86e-06	3.80e-07	0.00e+00	0.00e+00	0.00e+00
 1.44164e+23	1.20e-17	2.27e-08	9.22e-06	2.85e-04	2.04e-03	4.86e-03	1.55e-02	2.32e-01	4.42e-01	2.68e-01	3.35e-02	1.62e-03	1.11e-04	3.17e-06	3.07e-07	0.00e+00	0.00e+00	0.00e+00
 1.45474e+23	1.65e-17	2.67e-08	1.08e-05	3.28e-04	2.30e-03	5.35e-03	1.68e-02	2.42e-01	4.43e-01	2.58e-01	3.10e-02	1.45e-03	9.74e-05	2.72e-06	2.60e-07	0.00e+00	0.00e+00	0.00e+00
 1.46808e+23	2.46e-17	3.25e-08	1.32e-05	3.91e-04	2.67e-03	6.06e-03	1.87e-02	2.56e-01	4.43e-01	2.44e-01	2.78e-02	1.25e-03	8.20e-05	2.22e-06	2.08e-07	0.00e+00	0.00e+00	0.00e+00
 1.48167e+23	3.54e-17	3.87e-08	1.56e-05	4.52e-04	3.01e-03	6.68e-03	2.03e-02	2.66e-01	4.43e-01	2.34e-01	2.56e-02	1.12e-03	7.18e-05	1.89e-06	1.75e-07	0.00e+00	0.00e+00	0.00e+00
 1.49557e+23	5.65e-17	4.77e-08	1.93e-05	5.44e-04	3.51e-03	7.57e-03	2.26e-02	2.81e-01	4.41e-01	2.21e-01	2.28e-02	9.55e-04	5.99e-05	1.53e-06	1.39e-07	0.00e+00	0.00e+00	0.00e+00
 1.50976e+23	8.80e-17	5.74e-08	2.30e-05	6.32e-04	3.97e-03	8.35e-03	2.45e-02	2.92e-01	4.39e-01	2.10e-01	2.08e-02	8.47e-04	5.21e-05	1.29e-06	0.00e+00	0.00e+00	0.00e+00	0.00e+00
 1.52433e+23	1.57e-16	7.21e-08	2.86e-05	7.66e-04	4.65e-03	9.49e-03	2.73e-02	3.07e-01	4.35e-01	1.97e-01	1.84e-02	7.18e-04	4.31e-05	1.03e-06	0.00e+00	0.00e+00	0.00e+00	0.00e+00
 1.53930e+23	2.77e-16	8.78e-08	3.44e-05	8.97e-04	5.28e-03	1.05e-02	2.96e-02	3.18e-01	4.31e-01	1.87e-01	1.66e-02	6.30e-04	3.70e-05	8.62e-07	0.00e+00	0.00e+00	0.00e+00	0.00e+00
 1.55478e+23	6.36e-16	1.13e-07	4.35e-05	1.10e-03	6.22e-03	1.19e-02	3.29e-02	3.34e-01	4.25e-01	1.73e-01	1.46e-02	5.29e-04	3.03e-05	6.81e-07	0.00e+00	0.00e+00	0.00e+00	0.00e+00
 1.57044e+23	1.71e-15	1.39e-07	5.26e-05	1.29e-03	7.07e-03	1.32e-02	3.56e-02	3.45e-01	4.20e-01	1.64e-01	1.31e-02	4.63e-04	2.59e-05	5.67e-07	0.00e+00	0.00e+00	0.00e+00	0.00e+00
 1.58631e+23	6.69e-16	1.79e-07	6.67e-05	1.58e-03	8.32e-03	1.50e-02	3.95e-02	3.61e-01	4.12e-01	1.51e-01	1.14e-02	3.86e-04	2.10e-05	4.43e-07	0.00e+00	0.00e+00	0.00e+00	0.00e+00
 1.60234e+23	3.36e-17	2.22e-07	8.08e-05	1.86e-03	9.45e-03	1.65e-02	4.25e-02	3.72e-01	4.05e-01	1.42e-01	1.02e-02	3.37e-04	1.79e-05	3.68e-07	0.00e+00	0.00e+00	0.00e+00	0.00e+00
 1.61857e+23	4.95e-17	2.90e-07	1.03e-04	2.29e-03	1.11e-02	1.88e-02	4.70e-02	3.86e-01	3.95e-01	1.30e-01	8.81e-03	2.79e-04	1.44e-05	2.86e-07	0.00e+00	0.00e+00	0.00e+00	0.00e+00
 1.63507e+23	7.06e-17	3.63e-07	1.25e-04	2.70e-03	1.26e-02	2.07e-02	5.04e-02	3.97e-01	3.87e-01	1.22e-01	7.87e-03	2.42e-04	1.22e-05	2.35e-07	0.00e+00	0.00e+00	0.00e+00	0.00e+00
 1.65191e+23	1.11e-16	4.80e-07	1.61e-04	3.33e-03	1.49e-02	2.34e-02	5.55e-02	4.10e-01	3.75e-01	1.11e-01	6.71e-03	1.99e-04	9.74e-06	1.81e-07	0.00e+00	0.00e+00	0.00e+00	0.00e+00
 1.66855e+23	1.58e-16	5.96e-07	1.94e-04	3.90e-03	1.68e-02	2.56e-02	5.92e-02	4.19e-01	3.66e-01	1.03e-01	5.99e-03	1.73e-04	8.27e-06	1.49e-07	0.00e+00	0.00e+00	0.00e+00	0.00e+00
 1.68493e+23	2.48e-16	7.84e-07	2.46e-04	4.76e-03	1.96e-02	2.87e-02	6.45e-02	4.31e-01	3.53e-01	9.36e-02	5.12e-03	1.42e-04	6.62e-06	1.15e-07	0.00e+00	0.00e+00	0.00e+00	0.00e+00
 1.70036e+23	3.40e-16	9.50e-07	2.90e-04	5.47e-03	2.17e-02	3.10e-02	6.83e-02	4.38e-01	3.43e-01	8.74e-02	4.59e-03	1.25e-04	5.68e-06	0.00e+00	0.00e+00	0.00e+00	0.00e+00	0.00e+00
 1.71457e+23	5.01e-16	1.20e-06	3.54e-04	6.44e-03	2.46e-02	3.40e-02	7.28e-02	4.45e-01	3.32e-01	8.06e-02	4.03e-03	1.07e-04	4.74e-06	0.00e+00	0.00e+00	0.00e+00	0.00e+00	0.00e+00
 1.72961e+23	7.25e-16	1.48e-06	4.23e-04	7.47e-03	2.75e-02	3.69e-02	7.71e-02	4.51e-01	3.21e-01	7.45e-02	3.57e-03	9.19e-05	3.99e-06	0.00e+00	0.00e+00	0.00e+00	0.00e+00	0.00e+00
 1.74337e+23	1.02e-15	1.80e-06	5.01e-04	8.60e-03	3.05e-02	3.98e-02	8.12e-02	4.56e-01	3.11e-01	6.90e-02	3.17e-03	7.98e-05	3.39e-06	0.00e+00	0.00e+00	0.00e+00	0.00e+00	0.00e+00
 1.75893e+23	1.59e-15	2.32e-06	6.20e-04	1.02e-02	3.47e-02	4.36e-02	8.65e-02	4.62e-01	2.97e-01	6.26e-02	2.73e-03	6.67e-05	2.76e-06	0.00e+00	0.00e+00	0.00e+00	0.00e+00	0.00e+00
 1.77505e+23	2.44e-15	2.90e-06	7.47e-04	1.19e-02	3.88e-02	4.73e-02	9.13e-02	4.65e-01	2.85e-01	5.72e-02	2.38e-03	5.67e-05	2.28e-06	0.00e+00	0.00e+00	0.00e+00	0.00e+00	0.00e+00
 1.78946e+23	3.57e-15	3.56e-06	8.87e-04	1.37e-02	4.30e-02	5.08e-02	9.58e-02	4.67e-01	2.74e-01	5.25e-02	2.10e-03	4.87e-05	1.92e-06	0.00e+00	0.00e+00	0.00e+00	0.00e+00	0.00e+00
 1.80572e+23	5.93e-15	4.61e-06	1.10e-03	1.63e-02	4.88e-02	5.55e-02	1.01e-01	4.69e-01	2.59e-01	4.70e-02	1.78e-03	4.02e-05	1.54e-06	0.00e+00	0.00e+00	0.00e+00	0.00e+00	0.00e+00
 1.82261e+23	1.00e-14	5.79e-06	1.33e-03	1.90e-02	5.45e-02	5.99e-02	1.06e-01	4.69e-01	2.46e-01	4.25e-02	1.53e-03	3.38e-05	1.26e-06	0.00e+00	0.00e+00	0.00e+00	0.00e+00	0.00e+00
 1.83773e+23	1.58e-14	7.15e-06	1.58e-03	2.19e-02	6.02e-02	6.41e-02	1.11e-01	4.68e-01	2.34e-01	3.86e-02	1.33e-03	2.87e-05	1.04e-06	0.00e+00	0.00e+00	0.00e+00	0.00e+00	0.00e+00
 1.85482e+23	2.98e-14	9.31e-06	1.96e-03	2.60e-02	6.80e-02	6.95e-02	1.16e-01	4.65e-01	2.18e-01	3.40e-02	1.11e-03	2.33e-05	8.18e-07	0.00e+00	0.00e+00	0.00e+00	0.00e+00	0.00e+00
 1.87250e+23	6.70e-14	1.17e-05	2.36e-03	3.02e-02	7.54e-02	7.45e-02	1.21e-01	4.60e-01	2.05e-01	3.03e-02	9.45e-04	1.93e-05	6.58e-07	0.00e+00	0.00e+00	0.00e+00	0.00e+00	0.00e+00
 1.88831e+23	1.30e-13	1.45e-05	2.81e-03	3.47e-02	8.29e-02	7.92e-02	1.25e-01	4.55e-01	1.92e-01	2.72e-02	8.10e-04	1.62e-05	5.37e-07	0.00e+00	0.00e+00	0.00e+00	0.00e+00	0.00e+00
 1.90621e+23	3.81e-13	1.90e-05	3.49e-03	4.11e-02	9.31e-02	8.53e-02	1.30e-01	4.46e-01	1.77e-01	2.35e-02	6.62e-04	1.28e-05	4.12e-07	0.00e+00	0.00e+00	0.00e+00	0.00e+00	0.00e+00
 1.92468e+23	2.02e-12	2.39e-05	4.18e-03	4.74e-02	1.02e-01	9.05e-02	1.34e-01	4.36e-01	1.64e-01	2.07e-02	5.55e-04	1.05e-05	3.27e-07	0.00e+00	0.00e+00	0.00e+00	0.00e+00	0.00e+00
 1.94390e+23	9.82e-12	3.16e-05	5.22e-03	5.63e-02	1.14e-01	9.68e-02	1.38e-01	4.23e-01	1.48e-01	1.75e-02	4.44e-04	8.15e-06	2.44e-07	0.00e+00	0.00e+00	0.00e+00	0.00e+00	0.00e+00
 1.96349e+23	3.83e-11	3.98e-05	6.25e-03	6.46e-02	1.25e-01	1.02e-01	1.41e-01	4.10e-01	1.36e-01	1.52e-02	3.66e-04	6.56e-06	1.91e-07	0.00e+00	0.00e+00	0.00e+00	0.00e+00	0.00e+00
 1.98083e+23	8.21e-11	4.95e-05	7.41e-03	7.35e-02	1.36e-01	1.07e-01	1.43e-01	3.96e-01	1.24e-01	1.32e-02	3.03e-04	5.31e-06	1.50e-07	0.00e+00	0.00e+00	0.00e+00	0.00e+00	0.00e+00
 2.00066e+23	1.58e-10	6.51e-05	9.16e-03	8.61e-02	1.50e-01	1.12e-01	1.45e-01	3.76e-01	1.10e-01	1.09e-02	2.37e-04	4.03e-06	0.00e+00	0.00e+00	0.00e+00	0.00e+00	0.00e+00	0.00e+00
 2.02081e+23	2.54e-10	8.13e-05	1.09e-02	9.78e-02	1.61e-01	1.17e-01	1.46e-01	3.59e-01	9.86e-02	9.29e-03	1.91e-04	3.17e-06	0.00e+00	0.00e+00	0.00e+00	0.00e+00	0.00e+00	0.00e+00
 2.03866e+23	3.80e-10	1.00e-04	1.27e-02	1.10e-01	1.73e-01	1.21e-01	1.46e-01	3.41e-01	8.86e-02	7.92e-03	1.56e-04	2.53e-06	0.00e+00	0.00e+00	0.00e+00	0.00e+00	0.00e+00	0.00e+00
 2.05916e+23	6.38e-10	1.31e-04	1.56e-02	1.27e-01	1.87e-01	1.25e-01	1.45e-01	3.17e-01	7.64e-02	6.39e-03	1.18e-04	1.86e-06	0.00e+00	0.00e+00	0.00e+00	0.00e+00	0.00e+00	0.00e+00
 2.07990e+23	9.42e-10	1.62e-04	1.82e-02	1.42e-01	1.98e-01	1.27e-01	1.44e-01	2.97e-01	6.74e-02	5.33e-03	9.40e-05	1.44e-06	0.00e+00	0.00e+00	0.00e+00	0.00e+00	0.00e+00	0.00e+00
 2.10097e+23	1.50e-09	2.09e-04	2.20e-02	1.61e-01	2.12e-01	1.30e-01	1.41e-01	2.72e-01	5.73e-02	4.24e-03	7.05e-05	1.05e-06	0.00e+00	0.00e+00	0.00e+00	0.00e+00	0.00e+00	0.00e+00
 2.12247e+23	2.19e-09	2.57e-04	2.56e-02	1.79e-01	2.22e-01	1.31e-01	1.38e-01	2.51e-01	4.96e-02	3.46e-03	5.49e-05	7.98e-07	0.00e+00	0.00e+00	0.00e+00	0.00e+00	0.00e+00	0.00e+00
 2.14160e+23	3.13e-09	3.14e-04	2.95e-02	1.97e-01	2.31e-01	1.31e-01	1.34e-01	2.31e-01	4.29e-02	2.83e-03	4.27e-05	6.06e-07	0.00e+00	0.00e+00	0.00e+00	0.00e+00	0.00e+00	0.00e+00
 2.16356e+23	4.84e-09	4.02e-04	3.51e-02	2.20e-01	2.42e-01	1.31e-01	1.28e-01	2.06e-01	3.53e-02	2.17e-03	3.09e-05	4.25e-07	0.00e+00	0.00e+00	0.00e+00	0.00e+00	0.00e+00	0.00e+00
 2.18588e+23	6.82e-09	4.89e-04	4.02e-02	2.39e-01	2.49e-01	1.30e-01	1.23e-01	1.87e-01	2.99e-02	1.74e-03	2.36e-05	3.16e-07	0.00e+00	0.00e+00	0.00e+00	0.00e+00	0.00e+00	0.00e+00
 2.20868e+23	1.04e-08	6.24e-04	4.75e-02	2.64e-01	2.56e-01	1.27e-01	1.16e-01	1.63e-01	2.41e-02	1.30e-03	1.66e-05	2.15e-07	0.00e+00	0.00e+00	0.00e+00	0.00e+00	0.00e+00	0.00e+00
 2.23170e+23	1.44e-08	7.52e-04	5.39e-02	2.84e-01	2.60e-01	1.25e-01	1.09e-01	1.45e-01	2.01e-02	1.02e-03	1.25e-05	1.58e-07	0.00e+00	0.00e+00	0.00e+00	0.00e+00	0.00e+00	0.00e+00
 2.25171e+23	1.96e-08	8.97e-04	6.06e-02	3.03e-01	2.63e-01	1.21e-01	1.03e-01	1.30e-01	1.68e-02	8.10e-04	9.42e-06	0.00e+00	0.00e+00	0.00e+00	0.00e+00	0.00e+00	0.00e+00	0.00e+00
 2.27090e+23	2.59e-08	1.06e-03	6.73e-02	3.21e-01	2.64e-01	1.18e-01	9.74e-02	1.16e-01	1.41e-02	6.46e-04	7.21e-06	0.00e+00	0.00e+00	0.00e+00	0.00e+00	0.00e+00	0.00e+00	0.00e+00
 2.28919e+23	3.35e-08	1.23e-03	7.43e-02	3.38e-01	2.65e-01	1.14e-01	9.17e-02	1.04e-01	1.19e-02	5.19e-04	5.56e-06	0.00e+00	0.00e+00	0.00e+00	0.00e+00	0.00e+00	0.00e+00	0.00e+00
 2.30981e+23	4.63e-08	1.48e-03	8.38e-02	3.58e-01	2.64e-01	1.09e-01	8.46e-02	8.94e-02	9.56e-03	3.91e-04	3.98e-06	0.00e+00	0.00e+00	0.00e+00	0.00e+00	0.00e+00	0.00e+00	0.00e+00
 2.33039e+23	5.94e-08	1.72e-03	9.18e-02	3.73e-01	2.62e-01	1.05e-01	7.90e-02	7.92e-02	7.98e-03	3.10e-04	3.04e-06	0.00e+00	0.00e+00	0.00e+00	0.00e+00	0.00e+00	0.00e+00	0.00e+00
 2.35092e+23	8.04e-08	2.06e-03	1.02e-01	3.92e-01	2.58e-01	9.96e-02	7.22e-02	6.78e-02	6.34e-03	2.32e-04	2.17e-06	0.00e+00	0.00e+00	0.00e+00	0.00e+00	0.00e+00	0.00e+00	0.00e+00
 2.37183e+23	1.02e-07	2.38e-03	1.12e-01	4.06e-01	2.54e-01	9.49e-02	6.68e-02	5.94e-02	5.22e-03	1.82e-04	1.63e-06	0.00e+00	0.00e+00	0.00e+00	0.00e+00	0.00e+00	0.00e+00	0.00e+00
 2.39323e+23	1.37e-07	2.84e-03	1.24e-01	4.22e-01	2.47e-01	8.89e-02	6.04e-02	5.02e-02	4.08e-03	1.33e-04	1.14e-06	0.00e+00	0.00e+00	0.00e+00	0.00e+00	0.00e+00	0.00e+00	0.00e+00
 2.41480e+23	1.74e-07	3.26e-03	1.35e-01	4.34e-01	2.41e-01	8.41e-02	5.55e-02	4.35e-02	3.33e-03	1.03e-04	8.49e-07	0.00e+00	0.00e+00	0.00e+00	0.00e+00	0.00e+00	0.00e+00	0.00e+00
 2.43660e+23	2.31e-07	3.87e-03	1.49e-01	4.47e-01	2.33e-01	7.82e-02	4.96e-02	3.64e-02	2.57e-03	7.49e-05	5.87e-07	0.00e+00	0.00e+00	0.00e+00	0.00e+00	0.00e+00	0.00e+00	0.00e+00
 2.45866e+23	2.89e-07	4.44e-03	1.61e-01	4.57e-01	2.26e-01	7.34e-02	4.52e-02	3.13e-02	2.07e-03	5.74e-05	4.32e-07	0.00e+00	0.00e+00	0.00e+00	0.00e+00	0.00e+00	0.00e+00	0.00e+00
 2.47635e+23	3.46e-07	4.96e-03	1.71e-01	4.64e-01	2.20e-01	6.95e-02	4.18e-02	2.76e-02	1.73e-03	4.61e-05	3.36e-07	0.00e+00	0.00e+00	0.00e+00	0.00e+00	0.00e+00	0.00e+00	0.00e+00
 2.49460e+23	4.29e-07	5.66e-03	1.84e-01	4.71e-01	2.12e-01	6.50e-02	3.79e-02	2.37e-02	1.39e-03	3.53e-05	2.47e-07	0.00e+00	0.00e+00	0.00e+00	0.00e+00	0.00e+00	0.00e+00	0.00e+00
 2.51328e+23	5.13e-07	6.31e-03	1.95e-01	4.76e-01	2.05e-01	6.12e-02	3.48e-02	2.07e-02	1.15e-03	2.80e-05	1.90e-07	0.00e+00	0.00e+00	0.00e+00	0.00e+00	0.00e+00	0.00e+00	0.00e+00
 2.52993e+23	6.09e-07	7.01e-03	2.06e-01	4.81e-01	1.98e-01	5.77e-02	3.20e-02	1.82e-02	9.59e-04	2.24e-05	1.47e-07	0.00e+00	0.00e+00	0.00e+00	0.00e+00	0.00e+00	0.00e+00	0.00e+00
 2.54897e+23	7.50e-07	7.99e-03	2.21e-01	4.84e-01	1.89e-01	5.35e-02	2.87e-02	1.54e-02	7.59e-04	1.69e-05	0.00e+00	0.00e+00	0.00e+00	0.00e+00	0.00e+00	0.00e+00	0.00e+00	0.00e+00
 2.56823e+23	8.90e-07	8.89e-03	2.33e-01	4.87e-01	1.81e-01	5.00e-02	2.62e-02	1.33e-02	6.23e-04	1.33e-05	0.00e+00	0.00e+00	0.00e+00	0.00e+00	0.00e+00	0.00e+00	0.00e+00	0.00e+00
 2.58512e+23	1.05e-06	9.84e-03	2.45e-01	4.88e-01	1.74e-01	4.69e-02	2.40e-02	1.16e-02	5.14e-04	1.05e-05	0.00e+00	0.00e+00	0.00e+00	0.00e+00	0.00e+00	0.00e+00	0.00e+00	0.00e+00
 2.60442e+23	1.28e-06	1.11e-02	2.61e-01	4.88e-01	1.65e-01	4.32e-02	2.14e-02	9.77e-03	4.04e-04	7.88e-06	0.00e+00	0.00e+00	0.00e+00	0.00e+00	0.00e+00	0.00e+00	0.00e+00	0.00e+00
 2.62403e+23	1.51e-06	1.24e-02	2.74e-01	4.88e-01	1.57e-01	4.02e-02	1.94e-02	8.43e-03	3.29e-04	6.16e-06	0.00e+00	0.00e+00	0.00e+00	0.00e+00	0.00e+00	0.00e+00	0.00e+00	0.00e+00
 2.64129e+23	1.76e-06	1.36e-02	2.88e-01	4.86e-01	1.50e-01	3.74e-02	1.76e-02	7.30e-03	2.69e-04	4.86e-06	0.00e+00	0.00e+00	0.00e+00	0.00e+00	0.00e+00	0.00e+00	0.00e+00	0.00e+00
 2.66097e+23	2.13e-06	1.54e-02	3.05e-01	4.83e-01	1.41e-01	3.42e-02	1.56e-02	6.09e-03	2.10e-04	3.61e-06	0.00e+00	0.00e+00	0.00e+00	0.00e+00	0.00e+00	0.00e+00	0.00e+00	0.00e+00
 2.68098e+23	2.49e-06	1.70e-02	3.19e-01	4.79e-01	1.34e-01	3.17e-02	1.40e-02	5.22e-03	1.70e-04	2.81e-06	0.00e+00	0.00e+00	0.00e+00	0.00e+00	0.00e+00	0.00e+00	0.00e+00	0.00e+00
 2.69871e+23	2.90e-06	1.87e-02	3.33e-01	4.74e-01	1.27e-01	2.94e-02	1.27e-02	4.49e-03	1.38e-04	2.20e-06	0.00e+00	0.00e+00	0.00e+00	0.00e+00	0.00e+00	0.00e+00	0.00e+00	0.00e+00
 2.71901e+23	3.48e-06	2.10e-02	3.51e-01	4.67e-01	1.18e-01	2.67e-02	1.11e-02	3.71e-03	1.06e-04	1.62e-06	0.00e+00	0.00e+00	0.00e+00	0.00e+00	0.00e+00	0.00e+00	0.00e+00	0.00e+00
 2.73968e+23	4.06e-06	2.32e-02	3.67e-01	4.61e-01	1.12e-01	2.45e-02	9.95e-03	3.16e-03	8.52e-05	1.25e-06	0.00e+00	0.00e+00	0.00e+00	0.00e+00	0.00e+00	0.00e+00	0.00e+00	0.00e+00
 2.75805e+23	4.70e-06	2.55e-02	3.82e-01	4.54e-01	1.05e-01	2.26e-02	8.92e-03	2.69e-03	6.86e-05	9.67e-07	0.00e+00	0.00e+00	0.00e+00	0.00e+00	0.00e+00	0.00e+00	0.00e+00	0.00e+00
 2.77917e+23	5.63e-06	2.86e-02	4.00e-01	4.43e-01	9.72e-02	2.03e-02	7.75e-03	2.20e-03	5.22e-05	7.02e-07	0.00e+00	0.00e+00	0.00e+00	0.00e+00	0.00e+00	0.00e+00	0.00e+00	0.00e+00
 2.80070e+23	6.54e-06	3.15e-02	4.16e-01	4.34e-01	9.09e-02	1.85e-02	6.87e-03	1.86e-03	4.13e-05	5.35e-07	0.00e+00	0.00e+00	0.00e+00	0.00e+00	0.00e+00	0.00e+00	0.00e+00	0.00e+00
 2.82276e+23	7.83e-06	3.54e-02	4.36e-01	4.22e-01	8.34e-02	1.65e-02	5.91e-03	1.50e-03	3.10e-05	3.83e-07	0.00e+00	0.00e+00	0.00e+00	0.00e+00	0.00e+00	0.00e+00	0.00e+00	0.00e+00
 2.84520e+23	9.10e-06	3.89e-02	4.52e-01	4.10e-01	7.75e-02	1.50e-02	5.20e-03	1.25e-03	2.43e-05	2.89e-07	0.00e+00	0.00e+00	0.00e+00	0.00e+00	0.00e+00	0.00e+00	0.00e+00	0.00e+00
 2.86498e+23	1.05e-05	4.26e-02	4.67e-01	3.99e-01	7.21e-02	1.36e-02	4.59e-03	1.05e-03	1.92e-05	2.20e-07	0.00e+00	0.00e+00	0.00e+00	0.00e+00	0.00e+00	0.00e+00	0.00e+00	0.00e+00
 2.88757e+23	1.24e-05	4.76e-02	4.86e-01	3.84e-01	6.57e-02	1.20e-02	3.92e-03	8.48e-04	1.43e-05	1.57e-07	0.00e+00	0.00e+00	0.00e+00	0.00e+00	0.00e+00	0.00e+00	0.00e+00	0.00e+00
 2.91078e+23	1.44e-05	5.23e-02	5.01e-01	3.71e-01	6.05e-02	1.08e-02	3.41e-03	7.02e-04	1.11e-05	0.00e+00	0.00e+00	0.00e+00	0.00e+00	0.00e+00	0.00e+00	0.00e+00	0.00e+00	0.00e+00
 2.92846e+23	1.59e-05	5.58e-02	5.12e-01	3.61e-01	5.71e-02	1.00e-02	3.10e-03	6.16e-04	9.31e-06	0.00e+00	0.00e+00	0.00e+00	0.00e+00	0.00e+00	0.00e+00	0.00e+00	0.00e+00	0.00e+00
 2.94507e+23	1.80e-05	6.03e-02	5.25e-01	3.49e-01	5.31e-02	9.12e-03	2.74e-03	5.23e-04	7.48e-06	0.00e+00	0.00e+00	0.00e+00	0.00e+00	0.00e+00	0.00e+00	0.00e+00	0.00e+00	0.00e+00
 2.96211e+23	1.99e-05	6.43e-02	5.35e-01	3.39e-01	4.99e-02	8.43e-03	2.48e-03	4.58e-04	6.24e-06	0.00e+00	0.00e+00	0.00e+00	0.00e+00	0.00e+00	0.00e+00	0.00e+00	0.00e+00	0.00e+00
 2.97970e+23	2.25e-05	6.96e-02	5.48e-01	3.26e-01	4.61e-02	7.62e-03	2.18e-03	3.85e-04	4.96e-06	0.00e+00	0.00e+00	0.00e+00	0.00e+00	0.00e+00	0.00e+00	0.00e+00	0.00e+00	0.00e+00
 2.99742e+23	2.49e-05	7.42e-02	5.58e-01	3.15e-01	4.32e-02	7.00e-03	1.96e-03	3.35e-04	4.10e-06	0.00e+00	0.00e+00	0.00e+00	0.00e+00	0.00e+00	0.00e+00	0.00e+00	0.00e+00	0.00e+00
 3.01294e+23	2.75e-05	7.90e-02	5.68e-01	3.04e-01	4.05e-02	6.45e-03	1.76e-03	2.92e-04	3.42e-06	0.00e+00	0.00e+00	0.00e+00	0.00e+00	0.00e+00	0.00e+00	0.00e+00	0.00e+00	0.00e+00
 3.03075e+23	3.09e-05	8.52e-02	5.79e-01	2.91e-01	3.73e-02	5.80e-03	1.54e-03	2.46e-04	2.71e-06	0.00e+00	0.00e+00	0.00e+00	0.00e+00	0.00e+00	0.00e+00	0.00e+00	0.00e+00	0.00e+00
 3.04886e+23	3.43e-05	9.10e-02	5.89e-01	2.79e-01	3.47e-02	5.29e-03	1.37e-03	2.13e-04	2.23e-06	0.00e+00	0.00e+00	0.00e+00	0.00e+00	0.00e+00	0.00e+00	0.00e+00	0.00e+00	0.00e+00
 3.06462e+23	3.78e-05	9.68e-02	5.97e-01	2.67e-01	3.23e-02	4.84e-03	1.23e-03	1.85e-04	1.84e-06	0.00e+00	0.00e+00	0.00e+00	0.00e+00	0.00e+00	0.00e+00	0.00e+00	0.00e+00	0.00e+00
 3.07901e+23	4.13e-05	1.02e-01	6.05e-01	2.57e-01	3.04e-02	4.48e-03	1.11e-03	1.63e-04	1.56e-06	0.00e+00	0.00e+00	0.00e+00	0.00e+00	0.00e+00	0.00e+00	0.00e+00	0.00e+00	0.00e+00
