#depth	N	N+	N+2	N+3	N+4	N+5	N+6	N+7
 1.54284e+22	2.19e-22	8.55e-17	9.39e-13	1.19e-09	4.65e-07	9.14e-04	6.48e-02	9.34e-01
 3.49770e+22	1.75e-20	3.56e-15	2.02e-11	1.23e-08	2.21e-06	2.42e-03	1.03e-01	8.95e-01
 4.08876e+22	1.06e-19	1.67e-14	7.24e-11	3.27e-08	4.28e-06	3.64e-03	1.24e-01	8.72e-01
 4.35732e+22	2.40e-19	3.36e-14	1.29e-10	5.11e-08	5.80e-06	4.40e-03	1.35e-01	8.60e-01
 4.46928e+22	2.94e-19	4.00e-14	1.50e-10	5.72e-08	6.26e-06	4.62e-03	1.38e-01	8.57e-01
 4.52089e+22	3.75e-19	4.93e-14	1.78e-10	6.54e-08	6.87e-06	4.89e-03	1.42e-01	8.53e-01
 4.58798e+22	5.12e-19	6.45e-14	2.23e-10	7.77e-08	7.74e-06	5.27e-03	1.47e-01	8.48e-01
 4.65269e+22	6.35e-19	7.76e-14	2.60e-10	8.76e-08	8.40e-06	5.55e-03	1.50e-01	8.44e-01
 4.71429e+22	8.41e-19	9.88e-14	3.17e-10	1.02e-07	9.36e-06	5.93e-03	1.55e-01	8.39e-01
 4.77707e+22	1.04e-18	1.18e-13	3.69e-10	1.15e-07	1.02e-05	6.24e-03	1.58e-01	8.35e-01
 4.84137e+22	1.38e-18	1.51e-13	4.52e-10	1.35e-07	1.13e-05	6.68e-03	1.63e-01	8.30e-01
 4.90665e+22	1.69e-18	1.80e-13	5.24e-10	1.51e-07	1.23e-05	7.03e-03	1.67e-01	8.26e-01
 4.97321e+22	2.25e-18	2.30e-13	6.43e-10	1.77e-07	1.37e-05	7.52e-03	1.72e-01	8.20e-01
 5.03861e+22	2.71e-18	2.70e-13	7.36e-10	1.97e-07	1.48e-05	7.88e-03	1.76e-01	8.16e-01
 5.10251e+22	3.53e-18	3.39e-13	8.89e-10	2.28e-07	1.64e-05	8.41e-03	1.81e-01	8.11e-01
 5.16773e+22	4.27e-18	4.00e-13	1.02e-09	2.54e-07	1.77e-05	8.82e-03	1.85e-01	8.06e-01
 5.23466e+22	5.55e-18	5.01e-13	1.23e-09	2.95e-07	1.96e-05	9.40e-03	1.90e-01	8.01e-01
 5.30289e+22	6.75e-18	5.93e-13	1.42e-09	3.30e-07	2.12e-05	9.88e-03	1.94e-01	7.96e-01
 5.37281e+22	8.78e-18	7.43e-13	1.72e-09	3.82e-07	2.35e-05	1.05e-02	2.00e-01	7.90e-01
 5.44400e+22	1.07e-17	8.80e-13	1.98e-09	4.28e-07	2.55e-05	1.11e-02	2.04e-01	7.85e-01
 5.51683e+22	1.39e-17	1.10e-12	2.39e-09	4.97e-07	2.83e-05	1.18e-02	2.10e-01	7.78e-01
 5.59110e+22	1.70e-17	1.31e-12	2.76e-09	5.57e-07	3.07e-05	1.24e-02	2.14e-01	7.73e-01
 5.65616e+22	2.06e-17	1.55e-12	3.18e-09	6.22e-07	3.31e-05	1.31e-02	2.19e-01	7.68e-01
 5.72963e+22	2.64e-17	1.92e-12	3.81e-09	7.17e-07	3.67e-05	1.39e-02	2.25e-01	7.61e-01
 5.80333e+22	3.15e-17	2.24e-12	4.33e-09	7.94e-07	3.94e-05	1.46e-02	2.29e-01	7.56e-01
 5.87733e+22	4.05e-17	2.78e-12	5.20e-09	9.17e-07	4.37e-05	1.55e-02	2.35e-01	7.49e-01
 5.95250e+22	4.83e-17	3.24e-12	5.91e-09	1.01e-06	4.70e-05	1.62e-02	2.40e-01	7.44e-01
 6.02917e+22	6.16e-17	3.99e-12	7.04e-09	1.17e-06	5.19e-05	1.73e-02	2.46e-01	7.36e-01
 6.10838e+22	7.50e-17	4.73e-12	8.12e-09	1.31e-06	5.62e-05	1.81e-02	2.51e-01	7.30e-01
 6.19090e+22	9.56e-17	5.83e-12	9.69e-09	1.50e-06	6.21e-05	1.93e-02	2.58e-01	7.23e-01
 6.27639e+22	1.18e-16	6.98e-12	1.13e-08	1.70e-06	6.77e-05	2.04e-02	2.64e-01	7.16e-01
 6.36577e+22	1.52e-16	8.68e-12	1.36e-08	1.96e-06	7.52e-05	2.17e-02	2.71e-01	7.08e-01
 6.45800e+22	1.88e-16	1.05e-11	1.59e-08	2.22e-06	8.22e-05	2.29e-02	2.77e-01	7.00e-01
 6.55395e+22	2.45e-16	1.31e-11	1.92e-08	2.59e-06	9.17e-05	2.46e-02	2.84e-01	6.91e-01
 6.65281e+22	3.07e-16	1.60e-11	2.26e-08	2.95e-06	1.01e-04	2.60e-02	2.91e-01	6.83e-01
 6.74175e+22	3.78e-16	1.91e-11	2.63e-08	3.33e-06	1.10e-04	2.74e-02	2.97e-01	6.76e-01
 6.84369e+22	5.03e-16	2.45e-11	3.24e-08	3.93e-06	1.24e-04	2.95e-02	3.05e-01	6.65e-01
 6.94650e+22	6.20e-16	2.93e-11	3.77e-08	4.43e-06	1.35e-04	3.11e-02	3.12e-01	6.57e-01
 7.05046e+22	8.20e-16	3.73e-11	4.62e-08	5.22e-06	1.51e-04	3.34e-02	3.20e-01	6.46e-01
 7.15662e+22	1.03e-15	4.53e-11	5.45e-08	5.95e-06	1.66e-04	3.53e-02	3.27e-01	6.38e-01
 7.26565e+22	1.37e-15	5.80e-11	6.70e-08	7.02e-06	1.87e-04	3.80e-02	3.36e-01	6.26e-01
 7.37697e+22	1.74e-15	7.13e-11	7.98e-08	8.07e-06	2.07e-04	4.03e-02	3.43e-01	6.16e-01
 7.47594e+22	2.19e-15	8.72e-11	9.45e-08	9.23e-06	2.28e-04	4.27e-02	3.51e-01	6.06e-01
 7.58927e+22	2.97e-15	1.13e-10	1.18e-07	1.10e-05	2.58e-04	4.61e-02	3.60e-01	5.93e-01
 7.69701e+22	3.62e-15	1.35e-10	1.36e-07	1.24e-05	2.81e-04	4.85e-02	3.66e-01	5.85e-01
 7.79748e+22	4.79e-15	1.71e-10	1.67e-07	1.46e-05	3.15e-04	5.20e-02	3.75e-01	5.73e-01
 7.89810e+22	5.86e-15	2.04e-10	1.94e-07	1.64e-05	3.43e-04	5.46e-02	3.82e-01	5.63e-01
 7.99893e+22	7.67e-15	2.58e-10	2.36e-07	1.92e-05	3.84e-04	5.84e-02	3.90e-01	5.51e-01
 8.10202e+22	9.55e-15	3.12e-10	2.78e-07	2.19e-05	4.21e-04	6.17e-02	3.97e-01	5.41e-01
 8.20804e+22	1.27e-14	4.00e-10	3.44e-07	2.60e-05	4.76e-04	6.63e-02	4.06e-01	5.27e-01
 8.31481e+22	1.58e-14	4.83e-10	4.03e-07	2.96e-05	5.22e-04	6.99e-02	4.13e-01	5.17e-01
 8.42255e+22	2.11e-14	6.21e-10	5.00e-07	3.52e-05	5.91e-04	7.51e-02	4.22e-01	5.02e-01
 8.53235e+22	2.66e-14	7.59e-10	5.93e-07	4.04e-05	6.53e-04	7.96e-02	4.29e-01	4.91e-01
 8.64484e+22	3.58e-14	9.85e-10	7.41e-07	4.85e-05	7.44e-04	8.58e-02	4.38e-01	4.75e-01
 8.75957e+22	4.55e-14	1.21e-09	8.86e-07	5.61e-05	8.26e-04	9.10e-02	4.45e-01	4.63e-01
 8.87720e+22	6.19e-14	1.59e-09	1.12e-06	6.79e-05	9.47e-04	9.84e-02	4.54e-01	4.46e-01
 8.99614e+22	7.87e-14	1.96e-09	1.34e-06	7.89e-05	1.05e-03	1.05e-01	4.61e-01	4.33e-01
 9.09644e+22	9.77e-14	2.37e-09	1.58e-06	9.05e-05	1.16e-03	1.10e-01	4.67e-01	4.21e-01
 9.20581e+22	1.29e-13	3.02e-09	1.95e-06	1.08e-04	1.32e-03	1.19e-01	4.75e-01	4.05e-01
 9.31581e+22	1.59e-13	3.64e-09	2.30e-06	1.24e-04	1.46e-03	1.25e-01	4.80e-01	3.93e-01
 9.42308e+22	2.05e-13	4.56e-09	2.80e-06	1.46e-04	1.65e-03	1.34e-01	4.87e-01	3.78e-01
 9.53255e+22	2.54e-13	5.51e-09	3.32e-06	1.69e-04	1.83e-03	1.41e-01	4.92e-01	3.65e-01
 9.63999e+22	3.21e-13	6.80e-09	3.99e-06	1.98e-04	2.05e-03	1.51e-01	4.97e-01	3.50e-01
 9.74966e+22	3.97e-13	8.22e-09	4.73e-06	2.29e-04	2.28e-03	1.59e-01	5.01e-01	3.37e-01
 9.85770e+22	4.93e-13	9.97e-09	5.63e-06	2.66e-04	2.55e-03	1.69e-01	5.05e-01	3.23e-01
 9.96667e+22	6.04e-13	1.20e-08	6.65e-06	3.08e-04	2.84e-03	1.79e-01	5.08e-01	3.10e-01
 1.00743e+23	7.37e-13	1.43e-08	7.83e-06	3.56e-04	3.16e-03	1.89e-01	5.11e-01	2.97e-01
 1.01818e+23	8.91e-13	1.70e-08	9.18e-06	4.09e-04	3.50e-03	1.99e-01	5.13e-01	2.84e-01
 1.02894e+23	1.07e-12	2.02e-08	1.07e-05	4.70e-04	3.89e-03	2.10e-01	5.15e-01	2.71e-01
 1.03973e+23	1.28e-12	2.38e-08	1.25e-05	5.39e-04	4.30e-03	2.21e-01	5.16e-01	2.59e-01
 1.05058e+23	1.52e-12	2.79e-08	1.45e-05	6.17e-04	4.76e-03	2.32e-01	5.16e-01	2.46e-01
 1.06152e+23	1.80e-12	3.25e-08	1.68e-05	7.05e-04	5.26e-03	2.44e-01	5.16e-01	2.34e-01
 1.07257e+23	2.12e-12	3.79e-08	1.94e-05	8.05e-04	5.82e-03	2.56e-01	5.15e-01	2.23e-01
 1.08368e+23	2.48e-12	4.39e-08	2.23e-05	9.16e-04	6.41e-03	2.68e-01	5.13e-01	2.11e-01
 1.09497e+23	2.90e-12	5.08e-08	2.57e-05	1.04e-03	7.08e-03	2.81e-01	5.11e-01	2.00e-01
 1.10638e+23	3.36e-12	5.84e-08	2.94e-05	1.18e-03	7.79e-03	2.94e-01	5.08e-01	1.90e-01
 1.11802e+23	3.90e-12	6.73e-08	3.37e-05	1.34e-03	8.60e-03	3.07e-01	5.04e-01	1.79e-01
 1.12986e+23	4.49e-12	7.71e-08	3.85e-05	1.52e-03	9.45e-03	3.20e-01	5.00e-01	1.69e-01
 1.14070e+23	5.05e-12	8.62e-08	4.29e-05	1.69e-03	1.02e-02	3.32e-01	4.96e-01	1.60e-01
 1.15203e+23	5.83e-12	9.88e-08	4.91e-05	1.91e-03	1.13e-02	3.46e-01	4.90e-01	1.50e-01
 1.16354e+23	6.53e-12	1.10e-07	5.48e-05	2.12e-03	1.22e-02	3.58e-01	4.85e-01	1.42e-01
 1.17542e+23	7.52e-12	1.26e-07	6.27e-05	2.41e-03	1.35e-02	3.73e-01	4.78e-01	1.33e-01
 1.18734e+23	8.36e-12	1.40e-07	6.96e-05	2.65e-03	1.45e-02	3.85e-01	4.72e-01	1.26e-01
 1.19931e+23	9.53e-12	1.60e-07	7.93e-05	3.00e-03	1.60e-02	4.00e-01	4.64e-01	1.17e-01
 1.21132e+23	1.06e-11	1.77e-07	8.77e-05	3.29e-03	1.72e-02	4.11e-01	4.58e-01	1.11e-01
 1.22339e+23	1.20e-11	2.00e-07	9.96e-05	3.71e-03	1.88e-02	4.26e-01	4.49e-01	1.03e-01
 1.23559e+23	1.32e-11	2.21e-07	1.10e-04	4.06e-03	2.02e-02	4.38e-01	4.41e-01	9.67e-02
 1.24795e+23	1.50e-11	2.50e-07	1.25e-04	4.56e-03	2.21e-02	4.52e-01	4.31e-01	8.95e-02
 1.26049e+23	1.65e-11	2.76e-07	1.37e-04	4.98e-03	2.37e-02	4.64e-01	4.23e-01	8.42e-02
 1.27323e+23	1.87e-11	3.11e-07	1.56e-04	5.59e-03	2.59e-02	4.78e-01	4.13e-01	7.76e-02
 1.28621e+23	2.06e-11	3.44e-07	1.72e-04	6.11e-03	2.77e-02	4.89e-01	4.04e-01	7.27e-02
 1.29950e+23	2.33e-11	3.89e-07	1.95e-04	6.84e-03	3.03e-02	5.04e-01	3.92e-01	6.66e-02
 1.31310e+23	2.59e-11	4.31e-07	2.16e-04	7.49e-03	3.24e-02	5.15e-01	3.83e-01	6.21e-02
 1.32709e+23	2.93e-11	4.89e-07	2.46e-04	8.40e-03	3.54e-02	5.29e-01	3.70e-01	5.66e-02
 1.34136e+23	3.26e-11	5.44e-07	2.73e-04	9.18e-03	3.79e-02	5.40e-01	3.60e-01	5.26e-02
 1.35337e+23	3.57e-11	5.96e-07	3.00e-04	9.94e-03	4.02e-02	5.49e-01	3.51e-01	4.92e-02
 1.36637e+23	4.01e-11	6.69e-07	3.37e-04	1.10e-02	4.35e-02	5.60e-01	3.40e-01	4.50e-02
 1.37903e+23	4.38e-11	7.29e-07	3.67e-04	1.18e-02	4.58e-02	5.68e-01	3.31e-01	4.23e-02
 1.39123e+23	4.84e-11	8.10e-07	4.09e-04	1.29e-02	4.92e-02	5.78e-01	3.20e-01	3.88e-02
 1.40356e+23	5.32e-11	8.87e-07	4.46e-04	1.39e-02	5.18e-02	5.86e-01	3.12e-01	3.64e-02
 1.41605e+23	5.92e-11	9.88e-07	4.98e-04	1.52e-02	5.54e-02	5.95e-01	3.01e-01	3.33e-02
 1.42872e+23	6.52e-11	1.08e-06	5.44e-04	1.63e-02	5.83e-02	6.01e-01	2.92e-01	3.11e-02
 1.44164e+23	7.28e-11	1.21e-06	6.09e-04	1.78e-02	6.24e-02	6.10e-01	2.81e-01	2.84e-02
 1.45474e+23	8.05e-11	1.33e-06	6.68e-04	1.91e-02	6.56e-02	6.16e-01	2.73e-01	2.65e-02
 1.46808e+23	9.02e-11	1.50e-06	7.49e-04	2.09e-02	7.02e-02	6.23e-01	2.61e-01	2.40e-02
 1.48167e+23	1.01e-10	1.66e-06	8.24e-04	2.25e-02	7.38e-02	6.28e-01	2.53e-01	2.23e-02
 1.49557e+23	1.13e-10	1.87e-06	9.28e-04	2.46e-02	7.89e-02	6.34e-01	2.41e-01	2.01e-02
 1.50976e+23	1.27e-10	2.08e-06	1.02e-03	2.65e-02	8.29e-02	6.38e-01	2.32e-01	1.86e-02
 1.52433e+23	1.44e-10	2.35e-06	1.16e-03	2.90e-02	8.87e-02	6.43e-01	2.21e-01	1.67e-02
 1.53930e+23	1.62e-10	2.63e-06	1.29e-03	3.13e-02	9.33e-02	6.47e-01	2.12e-01	1.53e-02
 1.55478e+23	1.87e-10	3.02e-06	1.47e-03	3.44e-02	9.97e-02	6.50e-01	2.01e-01	1.36e-02
 1.57044e+23	2.12e-10	3.40e-06	1.64e-03	3.71e-02	1.05e-01	6.52e-01	1.92e-01	1.25e-02
 1.58631e+23	2.45e-10	3.90e-06	1.87e-03	4.08e-02	1.12e-01	6.53e-01	1.81e-01	1.11e-02
 1.60234e+23	2.81e-10	4.41e-06	2.08e-03	4.39e-02	1.17e-01	6.54e-01	1.73e-01	1.01e-02
 1.61857e+23	3.25e-10	5.08e-06	2.39e-03	4.82e-02	1.25e-01	6.53e-01	1.62e-01	8.88e-03
 1.63507e+23	3.75e-10	5.77e-06	2.67e-03	5.20e-02	1.31e-01	6.52e-01	1.54e-01	8.06e-03
 1.65191e+23	4.39e-10	6.71e-06	3.07e-03	5.71e-02	1.39e-01	6.50e-01	1.44e-01	7.05e-03
 1.66855e+23	5.04e-10	7.58e-06	3.42e-03	6.13e-02	1.45e-01	6.47e-01	1.37e-01	6.40e-03
 1.68493e+23	5.90e-10	8.79e-06	3.92e-03	6.70e-02	1.53e-01	6.43e-01	1.28e-01	5.61e-03
 1.70036e+23	6.64e-10	9.79e-06	4.31e-03	7.12e-02	1.59e-01	6.39e-01	1.22e-01	5.13e-03
 1.71457e+23	7.68e-10	1.11e-05	4.82e-03	7.65e-02	1.66e-01	6.34e-01	1.15e-01	4.60e-03
 1.72961e+23	8.75e-10	1.25e-05	5.35e-03	8.17e-02	1.72e-01	6.28e-01	1.08e-01	4.15e-03
 1.74337e+23	9.92e-10	1.40e-05	5.90e-03	8.68e-02	1.78e-01	6.22e-01	1.03e-01	3.77e-03
 1.75893e+23	1.17e-09	1.62e-05	6.67e-03	9.37e-02	1.86e-01	6.14e-01	9.59e-02	3.33e-03
 1.77505e+23	1.34e-09	1.83e-05	7.43e-03	1.00e-01	1.93e-01	6.06e-01	9.00e-02	2.97e-03
 1.78946e+23	1.53e-09	2.06e-05	8.22e-03	1.06e-01	2.00e-01	5.98e-01	8.48e-02	2.67e-03
 1.80572e+23	1.82e-09	2.39e-05	9.32e-03	1.15e-01	2.08e-01	5.87e-01	7.85e-02	2.34e-03
 1.82261e+23	2.11e-09	2.73e-05	1.04e-02	1.23e-01	2.15e-01	5.77e-01	7.32e-02	2.07e-03
 1.83773e+23	2.43e-09	3.09e-05	1.15e-02	1.30e-01	2.21e-01	5.67e-01	6.84e-02	1.84e-03
 1.85482e+23	2.91e-09	3.61e-05	1.31e-02	1.40e-01	2.29e-01	5.53e-01	6.28e-02	1.59e-03
 1.87250e+23	3.41e-09	4.13e-05	1.47e-02	1.50e-01	2.36e-01	5.40e-01	5.80e-02	1.39e-03
 1.88831e+23	3.96e-09	4.70e-05	1.63e-02	1.59e-01	2.42e-01	5.27e-01	5.39e-02	1.23e-03
 1.90621e+23	4.80e-09	5.54e-05	1.86e-02	1.71e-01	2.50e-01	5.10e-01	4.88e-02	1.05e-03
 1.92468e+23	5.66e-09	6.36e-05	2.08e-02	1.82e-01	2.56e-01	4.95e-01	4.48e-02	9.08e-04
 1.94390e+23	6.97e-09	7.57e-05	2.39e-02	1.96e-01	2.64e-01	4.76e-01	4.01e-02	7.59e-04
 1.96349e+23	8.28e-09	8.75e-05	2.67e-02	2.08e-01	2.69e-01	4.59e-01	3.65e-02	6.52e-04
 1.98083e+23	9.79e-09	1.01e-04	2.98e-02	2.20e-01	2.74e-01	4.42e-01	3.32e-02	5.61e-04
 2.00066e+23	1.21e-08	1.20e-04	3.41e-02	2.36e-01	2.80e-01	4.20e-01	2.94e-02	4.62e-04
 2.02081e+23	1.45e-08	1.39e-04	3.81e-02	2.49e-01	2.84e-01	4.02e-01	2.64e-02	3.91e-04
 2.03866e+23	1.72e-08	1.60e-04	4.23e-02	2.62e-01	2.87e-01	3.84e-01	2.38e-02	3.33e-04
 2.05916e+23	2.16e-08	1.92e-04	4.84e-02	2.80e-01	2.90e-01	3.61e-01	2.07e-02	2.69e-04
 2.07990e+23	2.58e-08	2.22e-04	5.38e-02	2.94e-01	2.92e-01	3.42e-01	1.84e-02	2.25e-04
 2.10097e+23	3.25e-08	2.66e-04	6.12e-02	3.11e-01	2.93e-01	3.19e-01	1.59e-02	1.80e-04
 2.12247e+23	3.93e-08	3.09e-04	6.80e-02	3.26e-01	2.92e-01	2.99e-01	1.40e-02	1.49e-04
 2.14160e+23	4.73e-08	3.58e-04	7.53e-02	3.40e-01	2.91e-01	2.81e-01	1.23e-02	1.23e-04
 2.16356e+23	6.02e-08	4.31e-04	8.55e-02	3.57e-01	2.89e-01	2.57e-01	1.04e-02	9.55e-05
 2.18588e+23	7.32e-08	5.01e-04	9.45e-02	3.71e-01	2.86e-01	2.39e-01	9.01e-03	7.75e-05
 2.20868e+23	9.39e-08	6.05e-04	1.07e-01	3.88e-01	2.80e-01	2.16e-01	7.47e-03	5.91e-05
 2.23170e+23	1.14e-07	7.02e-04	1.18e-01	4.01e-01	2.75e-01	1.99e-01	6.42e-03	4.74e-05
 2.25171e+23	1.38e-07	8.10e-04	1.29e-01	4.12e-01	2.70e-01	1.83e-01	5.52e-03	3.82e-05
 2.27090e+23	1.65e-07	9.26e-04	1.40e-01	4.22e-01	2.63e-01	1.69e-01	4.77e-03	3.10e-05
 2.28919e+23	1.96e-07	1.05e-03	1.51e-01	4.31e-01	2.57e-01	1.56e-01	4.14e-03	2.53e-05
 2.30981e+23	2.44e-07	1.23e-03	1.66e-01	4.41e-01	2.48e-01	1.40e-01	3.43e-03	1.95e-05
 2.33039e+23	2.90e-07	1.40e-03	1.79e-01	4.48e-01	2.41e-01	1.28e-01	2.95e-03	1.57e-05
 2.35092e+23	3.60e-07	1.63e-03	1.95e-01	4.56e-01	2.30e-01	1.14e-01	2.43e-03	1.20e-05
 2.37183e+23	4.30e-07	1.85e-03	2.10e-01	4.61e-01	2.22e-01	1.04e-01	2.07e-03	9.57e-06
 2.39323e+23	5.36e-07	2.16e-03	2.28e-01	4.66e-01	2.11e-01	9.16e-02	1.68e-03	7.17e-06
 2.41480e+23	6.40e-07	2.45e-03	2.44e-01	4.68e-01	2.01e-01	8.25e-02	1.41e-03	5.64e-06
 2.43660e+23	8.00e-07	2.86e-03	2.64e-01	4.70e-01	1.90e-01	7.21e-02	1.13e-03	4.17e-06
 2.45866e+23	9.56e-07	3.24e-03	2.81e-01	4.70e-01	1.80e-01	6.44e-02	9.42e-04	3.24e-06
 2.47635e+23	1.11e-06	3.58e-03	2.96e-01	4.69e-01	1.72e-01	5.85e-02	8.08e-04	2.63e-06
 2.49460e+23	1.32e-06	4.04e-03	3.14e-01	4.67e-01	1.62e-01	5.20e-02	6.68e-04	2.03e-06
 2.51328e+23	1.54e-06	4.47e-03	3.29e-01	4.65e-01	1.54e-01	4.70e-02	5.68e-04	1.63e-06
 2.52993e+23	1.77e-06	4.93e-03	3.44e-01	4.61e-01	1.47e-01	4.25e-02	4.83e-04	1.31e-06
 2.54897e+23	2.13e-06	5.57e-03	3.63e-01	4.56e-01	1.37e-01	3.73e-02	3.94e-04	9.90e-07
 2.56823e+23	2.47e-06	6.15e-03	3.80e-01	4.51e-01	1.29e-01	3.34e-02	3.31e-04	7.83e-07
 2.58512e+23	2.85e-06	6.76e-03	3.95e-01	4.46e-01	1.22e-01	3.00e-02	2.79e-04	6.22e-07
 2.60442e+23	3.41e-06	7.61e-03	4.15e-01	4.38e-01	1.13e-01	2.61e-02	2.25e-04	4.66e-07
 2.62403e+23	3.96e-06	8.39e-03	4.32e-01	4.30e-01	1.06e-01	2.32e-02	1.87e-04	3.64e-07
 2.64129e+23	4.58e-06	9.22e-03	4.48e-01	4.23e-01	9.94e-02	2.07e-02	1.57e-04	2.86e-07
 2.66097e+23	5.48e-06	1.04e-02	4.67e-01	4.13e-01	9.15e-02	1.79e-02	1.25e-04	2.12e-07
 2.68098e+23	6.36e-06	1.14e-02	4.84e-01	4.03e-01	8.52e-02	1.58e-02	1.03e-04	1.64e-07
 2.69871e+23	7.35e-06	1.25e-02	5.00e-01	3.94e-01	7.94e-02	1.40e-02	8.53e-05	1.27e-07
 2.71901e+23	8.81e-06	1.41e-02	5.20e-01	3.82e-01	7.24e-02	1.20e-02	6.71e-05	0.00e+00
 2.73968e+23	1.02e-05	1.55e-02	5.36e-01	3.71e-01	6.69e-02	1.05e-02	5.47e-05	0.00e+00
 2.75805e+23	1.19e-05	1.70e-02	5.52e-01	3.60e-01	6.18e-02	9.19e-03	4.47e-05	0.00e+00
 2.77917e+23	1.43e-05	1.91e-02	5.71e-01	3.46e-01	5.58e-02	7.77e-03	3.46e-05	0.00e+00
 2.80070e+23	1.66e-05	2.10e-02	5.87e-01	3.34e-01	5.11e-02	6.73e-03	2.78e-05	0.00e+00
 2.82276e+23	2.01e-05	2.36e-02	6.06e-01	3.19e-01	4.58e-02	5.63e-03	2.11e-05	0.00e+00
 2.84520e+23	2.35e-05	2.61e-02	6.21e-01	3.07e-01	4.16e-02	4.83e-03	1.67e-05	0.00e+00
 2.86498e+23	2.74e-05	2.86e-02	6.35e-01	2.95e-01	3.79e-02	4.17e-03	1.34e-05	0.00e+00
 2.88757e+23	3.31e-05	3.22e-02	6.52e-01	2.79e-01	3.36e-02	3.45e-03	1.00e-05	0.00e+00
 2.91078e+23	3.89e-05	3.55e-02	6.65e-01	2.66e-01	3.03e-02	2.93e-03	7.83e-06	0.00e+00
 2.92846e+23	4.36e-05	3.81e-02	6.74e-01	2.57e-01	2.81e-02	2.62e-03	6.58e-06	0.00e+00
 2.94507e+23	5.01e-05	4.14e-02	6.85e-01	2.46e-01	2.56e-02	2.27e-03	5.29e-06	0.00e+00
 2.96211e+23	5.62e-05	4.44e-02	6.93e-01	2.37e-01	2.37e-02	2.01e-03	4.42e-06	0.00e+00
 2.97970e+23	6.50e-05	4.86e-02	7.03e-01	2.25e-01	2.15e-02	1.73e-03	3.50e-06	0.00e+00
 2.99742e+23	7.33e-05	5.22e-02	7.10e-01	2.16e-01	1.98e-02	1.52e-03	2.89e-06	0.00e+00
 3.01294e+23	8.24e-05	5.61e-02	7.17e-01	2.07e-01	1.82e-02	1.34e-03	2.40e-06	0.00e+00
 3.03075e+23	9.55e-05	6.13e-02	7.25e-01	1.96e-01	1.64e-02	1.15e-03	1.89e-06	0.00e+00
 3.04886e+23	1.09e-04	6.62e-02	7.31e-01	1.87e-01	1.50e-02	1.00e-03	1.55e-06	0.00e+00
 3.06462e+23	1.23e-04	7.14e-02	7.35e-01	1.78e-01	1.38e-02	8.80e-04	1.27e-06	0.00e+00
 3.07901e+23	1.38e-04	7.65e-02	7.39e-01	1.71e-01	1.28e-02	7.85e-04	1.07e-06	0.00e+00
