#depth	He	He+	He+2
 1.54284e+22	3.29e-05	5.91e-02	9.41e-01
 3.52430e+22	6.37e-05	8.11e-02	9.19e-01
 4.18223e+22	8.77e-05	9.44e-02	9.06e-01
 4.56646e+22	1.11e-04	1.06e-01	8.94e-01
 4.80050e+22	1.22e-04	1.11e-01	8.89e-01
 4.95950e+22	1.39e-04	1.17e-01	8.83e-01
 5.11340e+22	1.52e-04	1.22e-01	8.77e-01
 5.26067e+22	1.70e-04	1.29e-01	8.71e-01
 5.41037e+22	1.87e-04	1.35e-01	8.65e-01
 5.54199e+22	2.04e-04	1.41e-01	8.59e-01
 5.69188e+22	2.28e-04	1.48e-01	8.52e-01
 5.84475e+22	2.51e-04	1.54e-01	8.45e-01
 5.98036e+22	2.75e-04	1.61e-01	8.39e-01
 6.13552e+22	3.08e-04	1.70e-01	8.30e-01
 6.29217e+22	3.38e-04	1.77e-01	8.23e-01
 6.42950e+22	3.70e-04	1.84e-01	8.15e-01
 6.58681e+22	4.15e-04	1.94e-01	8.06e-01
 6.74689e+22	4.56e-04	2.02e-01	7.97e-01
 6.88914e+22	4.99e-04	2.11e-01	7.89e-01
 7.05261e+22	5.60e-04	2.21e-01	7.78e-01
 7.21874e+22	6.16e-04	2.31e-01	7.69e-01
 7.38835e+22	6.92e-04	2.43e-01	7.56e-01
 7.56023e+22	7.62e-04	2.53e-01	7.46e-01
 7.73508e+22	8.58e-04	2.66e-01	7.33e-01
 7.91348e+22	9.46e-04	2.78e-01	7.21e-01
 8.09650e+22	1.07e-03	2.92e-01	7.07e-01
 8.28251e+22	1.18e-03	3.05e-01	6.94e-01
 8.38907e+22	1.22e-03	3.08e-01	6.90e-01
 8.44426e+22	1.26e-03	3.13e-01	6.86e-01
 8.51601e+22	1.32e-03	3.19e-01	6.80e-01
 8.60927e+22	1.39e-03	3.26e-01	6.72e-01
 8.73052e+22	1.52e-03	3.38e-01	6.61e-01
 8.85812e+22	1.62e-03	3.47e-01	6.51e-01
 8.99397e+22	1.76e-03	3.59e-01	6.39e-01
 9.13575e+22	1.90e-03	3.70e-01	6.28e-01
 9.26506e+22	2.04e-03	3.81e-01	6.17e-01
 9.41300e+22	2.24e-03	3.95e-01	6.03e-01
 9.56268e+22	2.41e-03	4.07e-01	5.91e-01
 9.71459e+22	2.63e-03	4.21e-01	5.76e-01
 9.87042e+22	2.84e-03	4.34e-01	5.63e-01
 1.00313e+23	3.14e-03	4.51e-01	5.46e-01
 1.01919e+23	3.37e-03	4.63e-01	5.34e-01
 1.03520e+23	3.70e-03	4.80e-01	5.16e-01
 1.05169e+23	4.01e-03	4.94e-01	5.02e-01
 1.06878e+23	4.43e-03	5.13e-01	4.83e-01
 1.08610e+23	4.79e-03	5.28e-01	4.67e-01
 1.10373e+23	5.29e-03	5.47e-01	4.47e-01
 1.12160e+23	5.74e-03	5.64e-01	4.31e-01
 1.13980e+23	6.36e-03	5.84e-01	4.10e-01
 1.15806e+23	6.91e-03	6.01e-01	3.92e-01
 1.17637e+23	7.66e-03	6.22e-01	3.70e-01
 1.19476e+23	8.33e-03	6.40e-01	3.52e-01
 1.21322e+23	9.26e-03	6.61e-01	3.29e-01
 1.23169e+23	1.01e-02	6.80e-01	3.10e-01
 1.25016e+23	1.12e-02	7.01e-01	2.88e-01
 1.26862e+23	1.22e-02	7.19e-01	2.69e-01
 1.28705e+23	1.36e-02	7.40e-01	2.47e-01
 1.30540e+23	1.48e-02	7.57e-01	2.28e-01
 1.32364e+23	1.66e-02	7.76e-01	2.07e-01
 1.34192e+23	1.81e-02	7.93e-01	1.89e-01
 1.36026e+23	2.03e-02	8.10e-01	1.70e-01
 1.37878e+23	2.23e-02	8.25e-01	1.53e-01
 1.39507e+23	2.45e-02	8.37e-01	1.38e-01
 1.41382e+23	2.76e-02	8.51e-01	1.21e-01
 1.43269e+23	3.05e-02	8.62e-01	1.07e-01
 1.44689e+23	3.29e-02	8.69e-01	9.80e-02
 1.46051e+23	3.61e-02	8.76e-01	8.82e-02
 1.47503e+23	3.95e-02	8.81e-01	7.95e-02
 1.48842e+23	4.32e-02	8.85e-01	7.20e-02
 1.50355e+23	4.85e-02	8.88e-01	6.36e-02
 1.51882e+23	5.40e-02	8.89e-01	5.69e-02
 1.53082e+23	5.92e-02	8.89e-01	5.22e-02
 1.54104e+23	6.46e-02	8.87e-01	4.84e-02
 1.55042e+23	7.04e-02	8.84e-01	4.52e-02
 1.55878e+23	7.62e-02	8.81e-01	4.26e-02
 1.56629e+23	8.24e-02	8.77e-01	4.05e-02
 1.57323e+23	8.91e-02	8.72e-01	3.86e-02
 1.57956e+23	9.59e-02	8.67e-01	3.71e-02
 1.58547e+23	1.03e-01	8.61e-01	3.58e-02
 1.59110e+23	1.12e-01	8.54e-01	3.46e-02
 1.59646e+23	1.20e-01	8.46e-01	3.37e-02
 1.60168e+23	1.30e-01	8.37e-01	3.29e-02
 1.60658e+23	1.40e-01	8.27e-01	3.23e-02
 1.61097e+23	1.51e-01	8.17e-01	3.19e-02
 1.61495e+23	1.61e-01	8.07e-01	3.17e-02
 1.61851e+23	1.71e-01	7.98e-01	3.16e-02
 1.62159e+23	1.80e-01	7.88e-01	3.17e-02
 1.62396e+23	1.87e-01	7.81e-01	3.18e-02
 1.62577e+23	1.93e-01	7.75e-01	3.19e-02
 1.62767e+23	2.00e-01	7.68e-01	3.19e-02
 1.62986e+23	2.08e-01	7.60e-01	3.19e-02
 1.63221e+23	2.17e-01	7.51e-01	3.19e-02
 1.63459e+23	2.26e-01	7.42e-01	3.22e-02
 1.63677e+23	2.35e-01	7.32e-01	3.23e-02
 1.63839e+23	2.42e-01	7.26e-01	3.25e-02
 1.63950e+23	2.47e-01	7.21e-01	3.25e-02
 1.64065e+23	2.53e-01	7.15e-01	3.25e-02
 1.64201e+23	2.58e-01	7.09e-01	3.26e-02
 1.64354e+23	2.66e-01	7.01e-01	3.25e-02
 1.64507e+23	2.73e-01	6.94e-01	3.26e-02
 1.64652e+23	2.81e-01	6.87e-01	3.25e-02
 1.64796e+23	2.89e-01	6.79e-01	3.25e-02
 1.64945e+23	2.96e-01	6.71e-01	3.24e-02
 1.65103e+23	3.05e-01	6.63e-01	3.24e-02
 1.65266e+23	3.14e-01	6.54e-01	3.22e-02
 1.65429e+23	3.23e-01	6.44e-01	3.21e-02
 1.65594e+23	3.33e-01	6.35e-01	3.20e-02
 1.65767e+23	3.43e-01	6.25e-01	3.18e-02
 1.65947e+23	3.54e-01	6.14e-01	3.15e-02
 1.66130e+23	3.65e-01	6.04e-01	3.13e-02
 1.66316e+23	3.77e-01	5.92e-01	3.10e-02
 1.66509e+23	3.89e-01	5.81e-01	3.07e-02
 1.66710e+23	4.02e-01	5.68e-01	3.03e-02
 1.66915e+23	4.15e-01	5.56e-01	2.98e-02
 1.67126e+23	4.28e-01	5.43e-01	2.94e-02
 1.67344e+23	4.42e-01	5.29e-01	2.89e-02
 1.67571e+23	4.57e-01	5.15e-01	2.83e-02
 1.67807e+23	4.72e-01	5.00e-01	2.77e-02
 1.68049e+23	4.87e-01	4.86e-01	2.71e-02
 1.68300e+23	5.03e-01	4.71e-01	2.64e-02
 1.68562e+23	5.19e-01	4.55e-01	2.56e-02
 1.68833e+23	5.36e-01	4.40e-01	2.48e-02
 1.69110e+23	5.52e-01	4.24e-01	2.40e-02
 1.69393e+23	5.68e-01	4.09e-01	2.32e-02
 1.69684e+23	5.84e-01	3.93e-01	2.23e-02
 1.69989e+23	6.01e-01	3.78e-01	2.14e-02
 1.70307e+23	6.17e-01	3.63e-01	2.04e-02
 1.70632e+23	6.33e-01	3.48e-01	1.95e-02
 1.70967e+23	6.48e-01	3.33e-01	1.85e-02
 1.71320e+23	6.63e-01	3.19e-01	1.76e-02
 1.71692e+23	6.78e-01	3.06e-01	1.66e-02
 1.72079e+23	6.92e-01	2.92e-01	1.57e-02
 1.72484e+23	7.06e-01	2.80e-01	1.47e-02
 1.72913e+23	7.19e-01	2.67e-01	1.38e-02
 1.73368e+23	7.32e-01	2.55e-01	1.29e-02
 1.73844e+23	7.44e-01	2.44e-01	1.20e-02
 1.74317e+23	7.55e-01	2.34e-01	1.12e-02
 1.74770e+23	7.65e-01	2.25e-01	1.04e-02
 1.75212e+23	7.73e-01	2.17e-01	9.78e-03
 1.75644e+23	7.81e-01	2.10e-01	9.18e-03
 1.76066e+23	7.89e-01	2.03e-01	8.63e-03
 1.76474e+23	7.95e-01	1.97e-01	8.13e-03
 1.76864e+23	8.01e-01	1.91e-01	7.68e-03
 1.77227e+23	8.07e-01	1.86e-01	7.28e-03
 1.77580e+23	8.12e-01	1.81e-01	6.90e-03
 1.77933e+23	8.17e-01	1.77e-01	6.55e-03
 1.78275e+23	8.21e-01	1.72e-01	6.23e-03
 1.78605e+23	8.26e-01	1.68e-01	5.93e-03
 1.78922e+23	8.30e-01	1.65e-01	5.65e-03
 1.79230e+23	8.34e-01	1.61e-01	5.39e-03
 1.79527e+23	8.37e-01	1.58e-01	5.15e-03
 1.79814e+23	8.41e-01	1.54e-01	4.93e-03
 1.80090e+23	8.44e-01	1.51e-01	4.72e-03
 1.80357e+23	8.47e-01	1.48e-01	4.52e-03
 1.80615e+23	8.50e-01	1.45e-01	4.34e-03
 1.80859e+23	8.53e-01	1.43e-01	4.17e-03
 1.81098e+23	8.56e-01	1.40e-01	4.00e-03
 1.81331e+23	8.59e-01	1.37e-01	3.85e-03
 1.81544e+23	8.61e-01	1.35e-01	3.72e-03
 1.81737e+23	8.64e-01	1.33e-01	3.59e-03
 1.81913e+23	8.66e-01	1.31e-01	3.48e-03
 1.82073e+23	8.68e-01	1.29e-01	3.38e-03
 1.82219e+23	8.69e-01	1.27e-01	3.29e-03
 1.82352e+23	8.71e-01	1.26e-01	3.20e-03
 1.82473e+23	8.72e-01	1.25e-01	3.13e-03
 1.82605e+23	8.74e-01	1.23e-01	3.04e-03
 1.82748e+23	8.76e-01	1.21e-01	2.97e-03
 1.82878e+23	8.77e-01	1.20e-01	2.90e-03
 1.83020e+23	8.79e-01	1.19e-01	2.82e-03
 1.83174e+23	8.80e-01	1.17e-01	2.75e-03
 1.83314e+23	8.82e-01	1.16e-01	2.68e-03
 1.83441e+23	8.83e-01	1.15e-01	2.62e-03
 1.83581e+23	8.85e-01	1.13e-01	2.54e-03
 1.83731e+23	8.86e-01	1.11e-01	2.48e-03
 1.83868e+23	8.87e-01	1.10e-01	2.42e-03
 1.84019e+23	8.89e-01	1.09e-01	2.36e-03
 1.84181e+23	8.90e-01	1.07e-01	2.30e-03
 1.84328e+23	8.92e-01	1.06e-01	2.24e-03
 1.84463e+23	8.93e-01	1.05e-01	2.20e-03
 1.84610e+23	8.94e-01	1.04e-01	2.13e-03
 1.84769e+23	8.96e-01	1.02e-01	2.08e-03
 1.84913e+23	8.97e-01	1.01e-01	2.03e-03
 1.85071e+23	8.98e-01	9.98e-02	1.97e-03
 1.85243e+23	9.00e-01	9.85e-02	1.92e-03
 1.85398e+23	9.01e-01	9.73e-02	1.87e-03
 1.85569e+23	9.02e-01	9.58e-02	1.81e-03
 1.85753e+23	9.04e-01	9.44e-02	1.76e-03
 1.85920e+23	9.05e-01	9.32e-02	1.71e-03
 1.86073e+23	9.06e-01	9.19e-02	1.66e-03
 1.86211e+23	9.08e-01	9.08e-02	1.62e-03
 1.86338e+23	9.09e-01	8.97e-02	1.58e-03
 1.86476e+23	9.10e-01	8.84e-02	1.54e-03
 1.86625e+23	9.11e-01	8.73e-02	1.50e-03
 1.86761e+23	9.12e-01	8.64e-02	1.47e-03
 1.86910e+23	9.13e-01	8.52e-02	1.42e-03
 1.87071e+23	9.15e-01	8.41e-02	1.39e-03
 1.87217e+23	9.16e-01	8.31e-02	1.35e-03
 1.87350e+23	9.17e-01	8.21e-02	1.32e-03
 1.87472e+23	9.17e-01	8.12e-02	1.29e-03
 1.87604e+23	9.19e-01	8.02e-02	1.26e-03
 1.87748e+23	9.20e-01	7.92e-02	1.23e-03
 1.87878e+23	9.21e-01	7.83e-02	1.20e-03
 1.87997e+23	9.21e-01	7.76e-02	1.18e-03
 1.88127e+23	9.22e-01	7.66e-02	1.15e-03
 1.88267e+23	9.23e-01	7.58e-02	1.12e-03
 1.88421e+23	9.24e-01	7.47e-02	1.09e-03
 1.88587e+23	9.25e-01	7.39e-02	1.07e-03
 1.88738e+23	9.26e-01	7.30e-02	1.04e-03
 1.88876e+23	9.27e-01	7.23e-02	1.02e-03
 1.89027e+23	9.28e-01	7.13e-02	9.92e-04
 1.89189e+23	9.29e-01	7.05e-02	9.69e-04
 1.89338e+23	9.29e-01	6.97e-02	9.49e-04
 1.89500e+23	9.30e-01	6.87e-02	9.20e-04
 1.89675e+23	9.31e-01	6.79e-02	8.99e-04
 1.89834e+23	9.32e-01	6.70e-02	8.75e-04
 1.89980e+23	9.33e-01	6.64e-02	8.59e-04
 1.90138e+23	9.34e-01	6.54e-02	8.33e-04
 1.90310e+23	9.35e-01	6.46e-02	8.14e-04
 1.90466e+23	9.35e-01	6.40e-02	7.97e-04
 1.90637e+23	9.36e-01	6.29e-02	7.71e-04
 1.90822e+23	9.37e-01	6.22e-02	7.52e-04
 1.90990e+23	9.38e-01	6.15e-02	7.36e-04
 1.91174e+23	9.39e-01	6.04e-02	7.11e-04
 1.91373e+23	9.40e-01	5.97e-02	6.93e-04
 1.91554e+23	9.41e-01	5.88e-02	6.73e-04
 1.91719e+23	9.41e-01	5.82e-02	6.59e-04
 1.91900e+23	9.42e-01	5.73e-02	6.38e-04
 1.92094e+23	9.43e-01	5.65e-02	6.22e-04
 1.92272e+23	9.44e-01	5.59e-02	6.07e-04
 1.92466e+23	9.44e-01	5.49e-02	5.86e-04
 1.92676e+23	9.45e-01	5.42e-02	5.71e-04
 1.92867e+23	9.46e-01	5.35e-02	5.57e-04
 1.93076e+23	9.47e-01	5.25e-02	5.37e-04
 1.93302e+23	9.48e-01	5.18e-02	5.22e-04
 1.93507e+23	9.48e-01	5.11e-02	5.08e-04
 1.93732e+23	9.49e-01	5.01e-02	4.89e-04
 1.93975e+23	9.50e-01	4.94e-02	4.75e-04
 1.94196e+23	9.51e-01	4.86e-02	4.60e-04
 1.94398e+23	9.52e-01	4.80e-02	4.48e-04
 1.94618e+23	9.52e-01	4.71e-02	4.31e-04
 1.94856e+23	9.53e-01	4.64e-02	4.18e-04
 1.95073e+23	9.54e-01	4.58e-02	4.08e-04
 1.95311e+23	9.55e-01	4.49e-02	3.92e-04
 1.95567e+23	9.55e-01	4.42e-02	3.80e-04
 1.95800e+23	9.56e-01	4.36e-02	3.69e-04
 1.96056e+23	9.57e-01	4.27e-02	3.55e-04
 1.96332e+23	9.58e-01	4.21e-02	3.44e-04
 1.96583e+23	9.58e-01	4.13e-02	3.32e-04
 1.96812e+23	9.59e-01	4.08e-02	3.23e-04
 1.97062e+23	9.60e-01	4.00e-02	3.10e-04
 1.97332e+23	9.60e-01	3.93e-02	3.00e-04
 1.97578e+23	9.61e-01	3.88e-02	2.92e-04
 1.97848e+23	9.62e-01	3.80e-02	2.80e-04
 1.98139e+23	9.62e-01	3.73e-02	2.71e-04
 1.98404e+23	9.63e-01	3.67e-02	2.63e-04
 1.98694e+23	9.64e-01	3.60e-02	2.52e-04
 1.99007e+23	9.64e-01	3.53e-02	2.42e-04
 1.99293e+23	9.65e-01	3.47e-02	2.35e-04
 1.99605e+23	9.66e-01	3.40e-02	2.24e-04
 1.99942e+23	9.67e-01	3.33e-02	2.15e-04
 2.00249e+23	9.67e-01	3.27e-02	2.08e-04
 2.00586e+23	9.68e-01	3.19e-02	1.99e-04
 2.00949e+23	9.68e-01	3.13e-02	1.91e-04
 2.01279e+23	9.69e-01	3.07e-02	1.83e-04
 2.01580e+23	9.70e-01	3.02e-02	1.77e-04
 2.01909e+23	9.70e-01	2.95e-02	1.69e-04
 2.02265e+23	9.71e-01	2.89e-02	1.62e-04
 2.02589e+23	9.71e-01	2.84e-02	1.57e-04
 2.02944e+23	9.72e-01	2.77e-02	1.50e-04
 2.03326e+23	9.73e-01	2.71e-02	1.43e-04
 2.03675e+23	9.73e-01	2.66e-02	1.38e-04
 2.03992e+23	9.74e-01	2.61e-02	1.33e-04
 2.04340e+23	9.74e-01	2.55e-02	1.27e-04
 2.04715e+23	9.75e-01	2.50e-02	1.22e-04
 2.05056e+23	9.75e-01	2.46e-02	1.17e-04
 2.05430e+23	9.76e-01	2.40e-02	1.12e-04
 2.05834e+23	9.76e-01	2.35e-02	1.07e-04
 2.06202e+23	9.77e-01	2.30e-02	1.03e-04
 2.06604e+23	9.77e-01	2.24e-02	9.80e-05
 2.07039e+23	9.78e-01	2.19e-02	9.36e-05
 2.07435e+23	9.78e-01	2.14e-02	8.96e-05
 2.07795e+23	9.79e-01	2.10e-02	8.61e-05
 2.08189e+23	9.79e-01	2.05e-02	8.23e-05
 2.08615e+23	9.80e-01	2.01e-02	7.86e-05
 2.09003e+23	9.80e-01	1.97e-02	7.53e-05
 2.09427e+23	9.81e-01	1.92e-02	7.17e-05
 2.09980e+23	9.81e-01	1.86e-02	6.72e-05
 2.10588e+23	9.82e-01	1.80e-02	6.29e-05
 2.11194e+23	9.83e-01	1.74e-02	5.88e-05
 2.11816e+23	9.83e-01	1.68e-02	5.50e-05
 2.12448e+23	9.84e-01	1.62e-02	5.13e-05
 2.13085e+23	9.84e-01	1.57e-02	4.79e-05
 2.13730e+23	9.85e-01	1.51e-02	4.47e-05
 2.14379e+23	9.85e-01	1.46e-02	4.17e-05
 2.15035e+23	9.86e-01	1.41e-02	3.89e-05
 2.15699e+23	9.86e-01	1.36e-02	3.63e-05
 2.16368e+23	9.87e-01	1.31e-02	3.38e-05
 2.17044e+23	9.87e-01	1.27e-02	3.15e-05
 2.17725e+23	9.88e-01	1.22e-02	2.93e-05
 2.18411e+23	9.88e-01	1.18e-02	2.73e-05
 2.19102e+23	9.89e-01	1.14e-02	2.54e-05
 2.19798e+23	9.89e-01	1.10e-02	2.36e-05
 2.20499e+23	9.89e-01	1.06e-02	2.19e-05
 2.21205e+23	9.90e-01	1.02e-02	2.04e-05
 2.21918e+23	9.90e-01	9.84e-03	1.90e-05
 2.22635e+23	9.90e-01	9.48e-03	1.76e-05
 2.23358e+23	9.91e-01	9.14e-03	1.64e-05
 2.24085e+23	9.91e-01	8.81e-03	1.52e-05
 2.24818e+23	9.92e-01	8.49e-03	1.41e-05
 2.25566e+23	9.92e-01	8.17e-03	1.31e-05
 2.26329e+23	9.92e-01	7.86e-03	1.21e-05
 2.27101e+23	9.92e-01	7.56e-03	1.12e-05
 2.27883e+23	9.93e-01	7.27e-03	1.04e-05
 2.28673e+23	9.93e-01	6.99e-03	9.59e-06
 2.29471e+23	9.93e-01	6.72e-03	8.86e-06
 2.30278e+23	9.94e-01	6.46e-03	8.18e-06
 2.31094e+23	9.94e-01	6.21e-03	7.55e-06
 2.31925e+23	9.94e-01	5.96e-03	6.96e-06
 2.32768e+23	9.94e-01	5.72e-03	6.42e-06
 2.33633e+23	9.95e-01	5.48e-03	5.90e-06
 2.34520e+23	9.95e-01	5.26e-03	5.42e-06
 2.35422e+23	9.95e-01	5.03e-03	4.97e-06
 2.36340e+23	9.95e-01	4.82e-03	4.56e-06
 2.37274e+23	9.95e-01	4.61e-03	4.17e-06
 2.38226e+23	9.96e-01	4.41e-03	3.82e-06
 2.39196e+23	9.96e-01	4.21e-03	3.48e-06
 2.40185e+23	9.96e-01	4.02e-03	3.18e-06
 2.41200e+23	9.96e-01	3.84e-03	2.89e-06
 2.42241e+23	9.96e-01	3.66e-03	2.63e-06
 2.43304e+23	9.97e-01	3.49e-03	2.38e-06
 2.44393e+23	9.97e-01	3.32e-03	2.16e-06
 2.45507e+23	9.97e-01	3.16e-03	1.95e-06
 2.46648e+23	9.97e-01	3.00e-03	1.76e-06
 2.47820e+23	9.97e-01	2.84e-03	1.59e-06
 2.49017e+23	9.97e-01	2.70e-03	1.43e-06
 2.50224e+23	9.97e-01	2.56e-03	1.28e-06
 2.51441e+23	9.98e-01	2.43e-03	1.15e-06
 2.52674e+23	9.98e-01	2.30e-03	1.04e-06
 2.53919e+23	9.98e-01	2.18e-03	9.30e-07
 2.55176e+23	9.98e-01	2.06e-03	8.34e-07
 2.56447e+23	9.98e-01	1.95e-03	7.48e-07
 2.57731e+23	9.98e-01	1.85e-03	6.70e-07
 2.59030e+23	9.98e-01	1.75e-03	6.00e-07
 2.60342e+23	9.98e-01	1.66e-03	5.37e-07
 2.61663e+23	9.98e-01	1.57e-03	4.80e-07
 2.62997e+23	9.99e-01	1.48e-03	4.29e-07
 2.64350e+23	9.99e-01	1.40e-03	3.83e-07
 2.65705e+23	9.99e-01	1.32e-03	3.42e-07
 2.67072e+23	9.99e-01	1.25e-03	3.05e-07
 2.68466e+23	9.99e-01	1.18e-03	2.71e-07
 2.69876e+23	9.99e-01	1.11e-03	2.41e-07
 2.71276e+23	9.99e-01	1.05e-03	2.15e-07
 2.72615e+23	9.99e-01	9.93e-04	1.93e-07
 2.73865e+23	9.99e-01	9.45e-04	1.74e-07
 2.75034e+23	9.99e-01	9.01e-04	1.58e-07
 2.76141e+23	9.99e-01	8.61e-04	1.45e-07
 2.77199e+23	9.99e-01	8.25e-04	1.33e-07
 2.78208e+23	9.99e-01	7.92e-04	1.22e-07
 2.79166e+23	9.99e-01	7.62e-04	1.13e-07
 2.80072e+23	9.99e-01	7.34e-04	1.05e-07
 2.80930e+23	9.99e-01	7.09e-04	9.80e-08
 2.81747e+23	9.99e-01	6.87e-04	9.20e-08
 2.82520e+23	9.99e-01	6.66e-04	8.65e-08
 2.83248e+23	9.99e-01	6.47e-04	8.16e-08
 2.83944e+23	9.99e-01	6.29e-04	7.71e-08
 2.84615e+23	9.99e-01	6.11e-04	7.29e-08
 2.85258e+23	9.99e-01	5.96e-04	6.92e-08
 2.85871e+23	9.99e-01	5.81e-04	6.58e-08
 2.86452e+23	9.99e-01	5.67e-04	6.28e-08
 2.87005e+23	9.99e-01	5.55e-04	6.00e-08
 2.87537e+23	9.99e-01	5.43e-04	5.74e-08
 2.88049e+23	9.99e-01	5.31e-04	5.49e-08
 2.88544e+23	9.99e-01	5.21e-04	5.29e-08
 2.89019e+23	9.99e-01	5.10e-04	5.07e-08
 2.89475e+23	9.99e-01	5.01e-04	4.89e-08
 2.89914e+23	1.00e+00	4.92e-04	4.71e-08
 2.90341e+23	1.00e+00	4.83e-04	4.55e-08
 2.90755e+23	1.00e+00	4.75e-04	4.40e-08
 2.91158e+23	1.00e+00	4.67e-04	4.25e-08
 2.91551e+23	1.00e+00	4.59e-04	4.11e-08
 2.91936e+23	1.00e+00	4.52e-04	3.98e-08
 2.92313e+23	1.00e+00	4.45e-04	3.86e-08
 2.92684e+23	1.00e+00	4.38e-04	3.74e-08
 2.93052e+23	1.00e+00	4.31e-04	3.63e-08
 2.93417e+23	1.00e+00	4.25e-04	3.52e-08
 2.93782e+23	1.00e+00	4.18e-04	3.41e-08
 2.94147e+23	1.00e+00	4.12e-04	3.31e-08
 2.94514e+23	1.00e+00	4.05e-04	3.20e-08
 2.94884e+23	1.00e+00	3.99e-04	3.11e-08
 2.95258e+23	1.00e+00	3.93e-04	3.01e-08
 2.95641e+23	1.00e+00	3.86e-04	2.91e-08
 2.96035e+23	1.00e+00	3.79e-04	2.81e-08
 2.96441e+23	1.00e+00	3.73e-04	2.71e-08
 2.96861e+23	1.00e+00	3.66e-04	2.62e-08
 2.97296e+23	1.00e+00	3.59e-04	2.52e-08
 2.97751e+23	1.00e+00	3.52e-04	2.42e-08
 2.98228e+23	1.00e+00	3.45e-04	2.32e-08
 2.98728e+23	1.00e+00	3.37e-04	2.22e-08
 2.99253e+23	1.00e+00	3.29e-04	2.12e-08
 2.99804e+23	1.00e+00	3.21e-04	2.02e-08
 3.00387e+23	1.00e+00	3.13e-04	1.91e-08
 3.01008e+23	1.00e+00	3.05e-04	1.81e-08
 3.01665e+23	1.00e+00	2.95e-04	1.70e-08
 3.02358e+23	1.00e+00	2.87e-04	1.61e-08
 3.03090e+23	1.00e+00	2.77e-04	1.50e-08
 3.03862e+23	1.00e+00	2.68e-04	1.40e-08
 3.04684e+23	1.00e+00	2.58e-04	1.30e-08
 3.05565e+23	1.00e+00	2.48e-04	1.20e-08
 3.06504e+23	1.00e+00	2.37e-04	1.10e-08
 3.07503e+23	1.00e+00	2.27e-04	1.00e-08
 3.08292e+23	1.00e+00	2.20e-04	9.49e-09
