#depth	H	H+	H2
 1.54284e+22	2.82e-04	1.00e+00	5.37e-22
 3.52430e+22	4.00e-04	1.00e+00	2.47e-21
 4.18223e+22	4.73e-04	1.00e+00	6.06e-21
 4.56646e+22	5.37e-04	9.99e-01	1.21e-20
 4.80050e+22	5.66e-04	9.99e-01	1.62e-20
 4.95950e+22	6.05e-04	9.99e-01	2.34e-20
 5.11340e+22	6.36e-04	9.99e-01	3.17e-20
 5.26067e+22	6.75e-04	9.99e-01	4.49e-20
 5.41037e+22	7.11e-04	9.99e-01	6.18e-20
 5.54199e+22	7.46e-04	9.99e-01	8.25e-20
 5.69188e+22	7.93e-04	9.99e-01	1.23e-19
 5.84475e+22	8.35e-04	9.99e-01	1.75e-19
 5.98036e+22	8.77e-04	9.99e-01	2.43e-19
 6.13552e+22	9.34e-04	9.99e-01	3.80e-19
 6.29217e+22	9.83e-04	9.99e-01	5.62e-19
 6.42950e+22	1.03e-03	9.99e-01	7.93e-19
 6.58681e+22	1.10e-03	9.99e-01	1.30e-18
 6.74689e+22	1.16e-03	9.99e-01	2.08e-18
 6.88914e+22	1.22e-03	9.99e-01	3.18e-18
 7.05261e+22	1.30e-03	9.99e-01	6.14e-18
 7.21874e+22	1.37e-03	9.99e-01	1.20e-17
 7.38835e+22	1.47e-03	9.99e-01	2.64e-17
 7.56023e+22	1.55e-03	9.98e-01	5.50e-17
 7.73508e+22	1.66e-03	9.98e-01	1.14e-16
 7.91348e+22	1.76e-03	9.98e-01	2.10e-16
 8.09650e+22	1.88e-03	9.98e-01	3.47e-16
 8.28251e+22	2.00e-03	9.98e-01	5.51e-16
 8.38907e+22	2.03e-03	9.98e-01	6.43e-16
 8.44426e+22	2.07e-03	9.98e-01	7.25e-16
 8.51601e+22	2.13e-03	9.98e-01	8.53e-16
 8.60927e+22	2.20e-03	9.98e-01	1.02e-15
 8.73052e+22	2.31e-03	9.98e-01	1.40e-15
 8.85812e+22	2.40e-03	9.98e-01	1.70e-15
 8.99397e+22	2.52e-03	9.97e-01	2.21e-15
 9.13575e+22	2.64e-03	9.97e-01	2.79e-15
 9.26506e+22	2.76e-03	9.97e-01	3.47e-15
 9.41300e+22	2.91e-03	9.97e-01	4.59e-15
 9.56268e+22	3.04e-03	9.97e-01	5.66e-15
 9.71459e+22	3.21e-03	9.97e-01	7.27e-15
 9.87042e+22	3.36e-03	9.97e-01	8.96e-15
 1.00313e+23	3.57e-03	9.96e-01	1.16e-14
 1.01919e+23	3.73e-03	9.96e-01	1.40e-14
 1.03520e+23	3.95e-03	9.96e-01	1.77e-14
 1.05169e+23	4.14e-03	9.96e-01	2.15e-14
 1.06878e+23	4.41e-03	9.96e-01	2.73e-14
 1.08610e+23	4.62e-03	9.95e-01	3.31e-14
 1.10373e+23	4.92e-03	9.95e-01	4.22e-14
 1.12160e+23	5.17e-03	9.95e-01	5.15e-14
 1.13980e+23	5.52e-03	9.94e-01	6.66e-14
 1.15806e+23	5.81e-03	9.94e-01	8.15e-14
 1.17637e+23	6.21e-03	9.94e-01	1.06e-13
 1.19476e+23	6.54e-03	9.93e-01	1.30e-13
 1.21322e+23	7.02e-03	9.93e-01	1.71e-13
 1.23169e+23	7.41e-03	9.93e-01	2.11e-13
 1.25016e+23	7.98e-03	9.92e-01	2.79e-13
 1.26862e+23	8.45e-03	9.92e-01	3.46e-13
 1.28705e+23	9.17e-03	9.91e-01	4.67e-13
 1.30540e+23	9.74e-03	9.90e-01	5.84e-13
 1.32364e+23	1.06e-02	9.89e-01	7.97e-13
 1.34192e+23	1.14e-02	9.89e-01	1.02e-12
 1.36026e+23	1.26e-02	9.87e-01	1.42e-12
 1.37878e+23	1.37e-02	9.86e-01	1.88e-12
 1.39507e+23	1.49e-02	9.85e-01	2.52e-12
 1.41382e+23	1.68e-02	9.83e-01	3.69e-12
 1.43269e+23	1.88e-02	9.81e-01	5.19e-12
 1.44689e+23	2.06e-02	9.79e-01	6.75e-12
 1.46051e+23	2.31e-02	9.77e-01	9.36e-12
 1.47503e+23	2.60e-02	9.74e-01	1.30e-11
 1.48842e+23	2.94e-02	9.71e-01	1.83e-11
 1.50355e+23	3.47e-02	9.65e-01	2.85e-11
 1.51882e+23	4.13e-02	9.59e-01	4.43e-11
 1.53082e+23	4.84e-02	9.52e-01	6.52e-11
 1.54104e+23	5.65e-02	9.44e-01	9.41e-11
 1.55042e+23	6.61e-02	9.34e-01	1.36e-10
 1.55878e+23	7.69e-02	9.23e-01	1.92e-10
 1.56629e+23	8.94e-02	9.11e-01	2.69e-10
 1.57323e+23	1.04e-01	8.96e-01	3.79e-10
 1.57956e+23	1.20e-01	8.80e-01	5.17e-10
 1.58547e+23	1.40e-01	8.60e-01	7.13e-10
 1.59110e+23	1.62e-01	8.38e-01	9.80e-10
 1.59646e+23	1.87e-01	8.13e-01	1.32e-09
 1.60168e+23	2.17e-01	7.83e-01	1.79e-09
 1.60658e+23	2.50e-01	7.50e-01	2.38e-09
 1.61097e+23	2.84e-01	7.16e-01	3.06e-09
 1.61495e+23	3.18e-01	6.82e-01	3.84e-09
 1.61851e+23	3.52e-01	6.48e-01	4.65e-09
 1.62159e+23	3.82e-01	6.18e-01	5.42e-09
 1.62396e+23	4.05e-01	5.95e-01	6.05e-09
 1.62577e+23	4.24e-01	5.76e-01	6.57e-09
 1.62767e+23	4.44e-01	5.56e-01	7.17e-09
 1.62986e+23	4.67e-01	5.33e-01	7.87e-09
 1.63221e+23	4.92e-01	5.08e-01	8.66e-09
 1.63459e+23	5.15e-01	4.85e-01	9.36e-09
 1.63677e+23	5.37e-01	4.63e-01	1.01e-08
 1.63839e+23	5.52e-01	4.48e-01	1.05e-08
 1.63950e+23	5.62e-01	4.38e-01	1.09e-08
 1.64065e+23	5.73e-01	4.27e-01	1.12e-08
 1.64201e+23	5.84e-01	4.16e-01	1.16e-08
 1.64354e+23	5.98e-01	4.02e-01	1.20e-08
 1.64507e+23	6.11e-01	3.89e-01	1.25e-08
 1.64652e+23	6.22e-01	3.78e-01	1.29e-08
 1.64796e+23	6.34e-01	3.66e-01	1.33e-08
 1.64945e+23	6.45e-01	3.55e-01	1.36e-08
 1.65103e+23	6.56e-01	3.44e-01	1.40e-08
 1.65266e+23	6.68e-01	3.32e-01	1.44e-08
 1.65429e+23	6.79e-01	3.21e-01	1.48e-08
 1.65594e+23	6.89e-01	3.11e-01	1.51e-08
 1.65767e+23	7.00e-01	3.00e-01	1.55e-08
 1.65947e+23	7.11e-01	2.89e-01	1.58e-08
 1.66130e+23	7.21e-01	2.79e-01	1.62e-08
 1.66316e+23	7.30e-01	2.70e-01	1.65e-08
 1.66509e+23	7.40e-01	2.60e-01	1.68e-08
 1.66710e+23	7.50e-01	2.50e-01	1.71e-08
 1.66915e+23	7.59e-01	2.41e-01	1.75e-08
 1.67126e+23	7.68e-01	2.32e-01	1.77e-08
 1.67344e+23	7.76e-01	2.24e-01	1.80e-08
 1.67571e+23	7.85e-01	2.15e-01	1.83e-08
 1.67807e+23	7.93e-01	2.07e-01	1.86e-08
 1.68049e+23	8.01e-01	1.99e-01	1.89e-08
 1.68300e+23	8.09e-01	1.91e-01	1.92e-08
 1.68562e+23	8.16e-01	1.84e-01	1.94e-08
 1.68833e+23	8.24e-01	1.76e-01	1.97e-08
 1.69110e+23	8.30e-01	1.70e-01	2.00e-08
 1.69393e+23	8.36e-01	1.64e-01	2.02e-08
 1.69684e+23	8.43e-01	1.57e-01	2.05e-08
 1.69989e+23	8.48e-01	1.52e-01	2.08e-08
 1.70307e+23	8.54e-01	1.46e-01	2.12e-08
 1.70632e+23	8.59e-01	1.41e-01	2.15e-08
 1.70967e+23	8.64e-01	1.36e-01	2.19e-08
 1.71320e+23	8.69e-01	1.31e-01	2.23e-08
 1.71692e+23	8.73e-01	1.27e-01	2.27e-08
 1.72079e+23	8.78e-01	1.22e-01	2.32e-08
 1.72484e+23	8.82e-01	1.18e-01	2.38e-08
 1.72913e+23	8.86e-01	1.14e-01	2.45e-08
 1.73368e+23	8.90e-01	1.10e-01	2.52e-08
 1.73844e+23	8.94e-01	1.06e-01	2.61e-08
 1.74317e+23	8.97e-01	1.03e-01	2.71e-08
 1.74770e+23	9.00e-01	1.00e-01	2.81e-08
 1.75212e+23	9.03e-01	9.72e-02	2.91e-08
 1.75644e+23	9.05e-01	9.46e-02	3.03e-08
 1.76066e+23	9.08e-01	9.22e-02	3.14e-08
 1.76474e+23	9.10e-01	8.99e-02	3.24e-08
 1.76864e+23	9.12e-01	8.78e-02	3.34e-08
 1.77227e+23	9.14e-01	8.59e-02	3.45e-08
 1.77580e+23	9.16e-01	8.40e-02	3.56e-08
 1.77933e+23	9.18e-01	8.21e-02	3.69e-08
 1.78275e+23	9.20e-01	8.04e-02	3.82e-08
 1.78605e+23	9.21e-01	7.87e-02	3.96e-08
 1.78922e+23	9.23e-01	7.71e-02	4.11e-08
 1.79230e+23	9.24e-01	7.56e-02	4.26e-08
 1.79527e+23	9.26e-01	7.41e-02	4.42e-08
 1.79814e+23	9.27e-01	7.27e-02	4.59e-08
 1.80090e+23	9.29e-01	7.13e-02	4.77e-08
 1.80357e+23	9.30e-01	7.00e-02	4.96e-08
 1.80615e+23	9.31e-01	6.87e-02	5.17e-08
 1.80859e+23	9.32e-01	6.76e-02	5.37e-08
 1.81098e+23	9.34e-01	6.64e-02	5.62e-08
 1.81331e+23	9.35e-01	6.52e-02	5.86e-08
 1.81544e+23	9.36e-01	6.42e-02	6.09e-08
 1.81737e+23	9.37e-01	6.33e-02	6.33e-08
 1.81913e+23	9.38e-01	6.25e-02	6.55e-08
 1.82073e+23	9.38e-01	6.18e-02	6.77e-08
 1.82219e+23	9.39e-01	6.11e-02	6.98e-08
 1.82352e+23	9.40e-01	6.05e-02	7.17e-08
 1.82473e+23	9.40e-01	6.00e-02	7.35e-08
 1.82605e+23	9.41e-01	5.93e-02	7.58e-08
 1.82748e+23	9.42e-01	5.84e-02	7.81e-08
 1.82878e+23	9.42e-01	5.79e-02	8.01e-08
 1.83020e+23	9.43e-01	5.71e-02	8.25e-08
 1.83174e+23	9.44e-01	5.62e-02	8.50e-08
 1.83314e+23	9.44e-01	5.56e-02	8.71e-08
 1.83441e+23	9.45e-01	5.51e-02	8.89e-08
 1.83581e+23	9.46e-01	5.44e-02	9.13e-08
 1.83731e+23	9.46e-01	5.35e-02	9.35e-08
 1.83868e+23	9.47e-01	5.30e-02	9.51e-08
 1.84019e+23	9.48e-01	5.24e-02	9.69e-08
 1.84181e+23	9.48e-01	5.16e-02	9.87e-08
 1.84328e+23	9.49e-01	5.10e-02	1.00e-07
 1.84463e+23	9.49e-01	5.07e-02	1.02e-07
 1.84610e+23	9.50e-01	5.00e-02	1.03e-07
 1.84769e+23	9.51e-01	4.93e-02	1.04e-07
 1.84913e+23	9.51e-01	4.88e-02	1.05e-07
 1.85071e+23	9.52e-01	4.82e-02	1.06e-07
 1.85243e+23	9.53e-01	4.74e-02	1.07e-07
 1.85398e+23	9.53e-01	4.69e-02	1.07e-07
 1.85569e+23	9.54e-01	4.62e-02	1.08e-07
 1.85753e+23	9.55e-01	4.54e-02	1.09e-07
 1.85920e+23	9.55e-01	4.49e-02	1.09e-07
 1.86073e+23	9.56e-01	4.44e-02	1.09e-07
 1.86211e+23	9.56e-01	4.39e-02	1.09e-07
 1.86338e+23	9.56e-01	4.35e-02	1.09e-07
 1.86476e+23	9.57e-01	4.30e-02	1.09e-07
 1.86625e+23	9.58e-01	4.24e-02	1.09e-07
 1.86761e+23	9.58e-01	4.20e-02	1.09e-07
 1.86910e+23	9.59e-01	4.15e-02	1.08e-07
 1.87071e+23	9.59e-01	4.08e-02	1.08e-07
 1.87217e+23	9.60e-01	4.04e-02	1.08e-07
 1.87350e+23	9.60e-01	4.00e-02	1.07e-07
 1.87472e+23	9.60e-01	3.97e-02	1.07e-07
 1.87604e+23	9.61e-01	3.93e-02	1.06e-07
 1.87748e+23	9.61e-01	3.87e-02	1.06e-07
 1.87878e+23	9.62e-01	3.83e-02	1.06e-07
 1.87997e+23	9.62e-01	3.80e-02	1.05e-07
 1.88127e+23	9.62e-01	3.77e-02	1.05e-07
 1.88267e+23	9.63e-01	3.72e-02	1.05e-07
 1.88421e+23	9.63e-01	3.67e-02	1.04e-07
 1.88587e+23	9.64e-01	3.62e-02	1.04e-07
 1.88738e+23	9.64e-01	3.58e-02	1.04e-07
 1.88876e+23	9.64e-01	3.55e-02	1.03e-07
 1.89027e+23	9.65e-01	3.51e-02	1.03e-07
 1.89189e+23	9.65e-01	3.46e-02	1.03e-07
 1.89338e+23	9.66e-01	3.43e-02	1.02e-07
 1.89500e+23	9.66e-01	3.39e-02	1.02e-07
 1.89675e+23	9.67e-01	3.34e-02	1.02e-07
 1.89834e+23	9.67e-01	3.30e-02	1.01e-07
 1.89980e+23	9.67e-01	3.28e-02	1.01e-07
 1.90138e+23	9.68e-01	3.25e-02	1.01e-07
 1.90310e+23	9.68e-01	3.20e-02	1.01e-07
 1.90466e+23	9.68e-01	3.17e-02	1.00e-07
 1.90637e+23	9.69e-01	3.13e-02	9.97e-08
 1.90822e+23	9.69e-01	3.09e-02	9.97e-08
 1.90990e+23	9.69e-01	3.06e-02	9.96e-08
 1.91174e+23	9.70e-01	3.01e-02	9.89e-08
 1.91373e+23	9.70e-01	2.97e-02	9.88e-08
 1.91554e+23	9.71e-01	2.93e-02	9.84e-08
 1.91719e+23	9.71e-01	2.91e-02	9.83e-08
 1.91900e+23	9.71e-01	2.87e-02	9.78e-08
 1.92094e+23	9.72e-01	2.83e-02	9.78e-08
 1.92272e+23	9.72e-01	2.81e-02	9.76e-08
 1.92466e+23	9.72e-01	2.77e-02	9.70e-08
 1.92676e+23	9.73e-01	2.72e-02	9.70e-08
 1.92867e+23	9.73e-01	2.70e-02	9.68e-08
 1.93076e+23	9.73e-01	2.66e-02	9.64e-08
 1.93302e+23	9.74e-01	2.61e-02	9.66e-08
 1.93507e+23	9.74e-01	2.59e-02	9.65e-08
 1.93732e+23	9.75e-01	2.55e-02	9.62e-08
 1.93975e+23	9.75e-01	2.51e-02	9.65e-08
 1.94196e+23	9.75e-01	2.47e-02	9.62e-08
 1.94398e+23	9.76e-01	2.45e-02	9.62e-08
 1.94618e+23	9.76e-01	2.41e-02	9.59e-08
 1.94856e+23	9.76e-01	2.37e-02	9.59e-08
 1.95073e+23	9.77e-01	2.35e-02	9.60e-08
 1.95311e+23	9.77e-01	2.31e-02	9.58e-08
 1.95567e+23	9.77e-01	2.27e-02	9.59e-08
 1.95800e+23	9.78e-01	2.25e-02	9.59e-08
 1.96056e+23	9.78e-01	2.21e-02	9.57e-08
 1.96332e+23	9.78e-01	2.17e-02	9.60e-08
 1.96583e+23	9.79e-01	2.14e-02	9.57e-08
 1.96812e+23	9.79e-01	2.12e-02	9.57e-08
 1.97062e+23	9.79e-01	2.09e-02	9.54e-08
 1.97332e+23	9.79e-01	2.05e-02	9.56e-08
 1.97578e+23	9.80e-01	2.03e-02	9.56e-08
 1.97848e+23	9.80e-01	2.00e-02	9.54e-08
 1.98139e+23	9.80e-01	1.96e-02	9.55e-08
 1.98404e+23	9.81e-01	1.94e-02	9.56e-08
 1.98694e+23	9.81e-01	1.91e-02	9.54e-08
 1.99007e+23	9.81e-01	1.87e-02	9.55e-08
 1.99293e+23	9.82e-01	1.85e-02	9.56e-08
 1.99605e+23	9.82e-01	1.81e-02	9.54e-08
 1.99942e+23	9.82e-01	1.78e-02	9.55e-08
 2.00249e+23	9.82e-01	1.75e-02	9.55e-08
 2.00586e+23	9.83e-01	1.72e-02	9.54e-08
 2.00949e+23	9.83e-01	1.69e-02	9.56e-08
 2.01279e+23	9.83e-01	1.66e-02	9.55e-08
 2.01580e+23	9.84e-01	1.64e-02	9.55e-08
 2.01909e+23	9.84e-01	1.61e-02	9.53e-08
 2.02265e+23	9.84e-01	1.58e-02	9.54e-08
 2.02589e+23	9.84e-01	1.56e-02	9.55e-08
 2.02944e+23	9.85e-01	1.53e-02	9.55e-08
 2.03326e+23	9.85e-01	1.50e-02	9.56e-08
 2.03675e+23	9.85e-01	1.47e-02	9.55e-08
 2.03992e+23	9.85e-01	1.45e-02	9.55e-08
 2.04340e+23	9.86e-01	1.43e-02	9.55e-08
 2.04715e+23	9.86e-01	1.40e-02	9.57e-08
 2.05056e+23	9.86e-01	1.38e-02	9.56e-08
 2.05430e+23	9.86e-01	1.35e-02	9.56e-08
 2.05834e+23	9.87e-01	1.33e-02	9.58e-08
 2.06202e+23	9.87e-01	1.31e-02	9.58e-08
 2.06604e+23	9.87e-01	1.28e-02	9.58e-08
 2.07039e+23	9.87e-01	1.26e-02	9.60e-08
 2.07435e+23	9.88e-01	1.23e-02	9.60e-08
 2.07795e+23	9.88e-01	1.21e-02	9.60e-08
 2.08189e+23	9.88e-01	1.19e-02	9.62e-08
 2.08615e+23	9.88e-01	1.17e-02	9.62e-08
 2.09003e+23	9.89e-01	1.15e-02	9.61e-08
 2.09427e+23	9.89e-01	1.13e-02	9.64e-08
 2.09980e+23	9.89e-01	1.09e-02	9.65e-08
 2.10588e+23	9.89e-01	1.07e-02	9.66e-08
 2.11194e+23	9.90e-01	1.04e-02	9.67e-08
 2.11816e+23	9.90e-01	1.01e-02	9.68e-08
 2.12448e+23	9.90e-01	9.80e-03	9.69e-08
 2.13085e+23	9.90e-01	9.53e-03	9.70e-08
 2.13730e+23	9.91e-01	9.26e-03	9.71e-08
 2.14379e+23	9.91e-01	9.00e-03	9.72e-08
 2.15035e+23	9.91e-01	8.75e-03	9.73e-08
 2.15699e+23	9.91e-01	8.50e-03	9.74e-08
 2.16368e+23	9.92e-01	8.26e-03	9.75e-08
 2.17044e+23	9.92e-01	8.02e-03	9.77e-08
 2.17725e+23	9.92e-01	7.79e-03	9.78e-08
 2.18411e+23	9.92e-01	7.56e-03	9.79e-08
 2.19102e+23	9.93e-01	7.34e-03	9.81e-08
 2.19798e+23	9.93e-01	7.13e-03	9.82e-08
 2.20499e+23	9.93e-01	6.92e-03	9.84e-08
 2.21205e+23	9.93e-01	6.71e-03	9.85e-08
 2.21918e+23	9.93e-01	6.52e-03	9.87e-08
 2.22635e+23	9.94e-01	6.32e-03	9.89e-08
 2.23358e+23	9.94e-01	6.13e-03	9.91e-08
 2.24085e+23	9.94e-01	5.95e-03	9.93e-08
 2.24818e+23	9.94e-01	5.77e-03	9.95e-08
 2.25566e+23	9.94e-01	5.59e-03	9.98e-08
 2.26329e+23	9.95e-01	5.42e-03	1.00e-07
 2.27101e+23	9.95e-01	5.25e-03	1.00e-07
 2.27883e+23	9.95e-01	5.09e-03	1.01e-07
 2.28673e+23	9.95e-01	4.93e-03	1.01e-07
 2.29471e+23	9.95e-01	4.77e-03	1.01e-07
 2.30278e+23	9.95e-01	4.62e-03	1.02e-07
 2.31094e+23	9.96e-01	4.47e-03	1.02e-07
 2.31925e+23	9.96e-01	4.32e-03	1.03e-07
 2.32768e+23	9.96e-01	4.18e-03	1.03e-07
 2.33633e+23	9.96e-01	4.04e-03	1.04e-07
 2.34520e+23	9.96e-01	3.90e-03	1.04e-07
 2.35422e+23	9.96e-01	3.77e-03	1.05e-07
 2.36340e+23	9.96e-01	3.63e-03	1.06e-07
 2.37274e+23	9.96e-01	3.50e-03	1.07e-07
 2.38226e+23	9.97e-01	3.38e-03	1.08e-07
 2.39196e+23	9.97e-01	3.25e-03	1.08e-07
 2.40185e+23	9.97e-01	3.13e-03	1.10e-07
 2.41200e+23	9.97e-01	3.02e-03	1.11e-07
 2.42241e+23	9.97e-01	2.90e-03	1.12e-07
 2.43304e+23	9.97e-01	2.79e-03	1.13e-07
 2.44393e+23	9.97e-01	2.68e-03	1.15e-07
 2.45507e+23	9.97e-01	2.57e-03	1.17e-07
 2.46648e+23	9.98e-01	2.46e-03	1.18e-07
 2.47820e+23	9.98e-01	2.36e-03	1.21e-07
 2.49017e+23	9.98e-01	2.26e-03	1.23e-07
 2.50224e+23	9.98e-01	2.16e-03	1.25e-07
 2.51441e+23	9.98e-01	2.07e-03	1.28e-07
 2.52674e+23	9.98e-01	1.98e-03	1.31e-07
 2.53919e+23	9.98e-01	1.89e-03	1.35e-07
 2.55176e+23	9.98e-01	1.81e-03	1.38e-07
 2.56447e+23	9.98e-01	1.73e-03	1.43e-07
 2.57731e+23	9.98e-01	1.65e-03	1.47e-07
 2.59030e+23	9.98e-01	1.58e-03	1.52e-07
 2.60342e+23	9.98e-01	1.51e-03	1.58e-07
 2.61663e+23	9.99e-01	1.44e-03	1.65e-07
 2.62997e+23	9.99e-01	1.37e-03	1.72e-07
 2.64350e+23	9.99e-01	1.31e-03	1.80e-07
 2.65705e+23	9.99e-01	1.25e-03	1.89e-07
 2.67072e+23	9.99e-01	1.19e-03	2.00e-07
 2.68466e+23	9.99e-01	1.13e-03	2.13e-07
 2.69876e+23	9.99e-01	1.08e-03	2.27e-07
 2.71276e+23	9.99e-01	1.03e-03	2.44e-07
 2.72615e+23	9.99e-01	9.79e-04	2.63e-07
 2.73865e+23	9.99e-01	9.38e-04	2.84e-07
 2.75034e+23	9.99e-01	9.01e-04	3.07e-07
 2.76141e+23	9.99e-01	8.67e-04	3.32e-07
 2.77199e+23	9.99e-01	8.36e-04	3.59e-07
 2.78208e+23	9.99e-01	8.07e-04	3.90e-07
 2.79166e+23	9.99e-01	7.80e-04	4.25e-07
 2.80072e+23	9.99e-01	7.56e-04	4.63e-07
 2.80930e+23	9.99e-01	7.33e-04	5.04e-07
 2.81747e+23	9.99e-01	7.10e-04	5.51e-07
 2.82520e+23	9.99e-01	6.91e-04	6.03e-07
 2.83248e+23	9.99e-01	6.74e-04	6.58e-07
 2.83944e+23	9.99e-01	6.57e-04	7.20e-07
 2.84615e+23	9.99e-01	6.41e-04	7.88e-07
 2.85258e+23	9.99e-01	6.27e-04	8.65e-07
 2.85871e+23	9.99e-01	6.13e-04	9.50e-07
 2.86452e+23	9.99e-01	6.01e-04	1.04e-06
 2.87005e+23	9.99e-01	5.89e-04	1.15e-06
 2.87537e+23	9.99e-01	5.78e-04	1.26e-06
 2.88049e+23	9.99e-01	5.66e-04	1.38e-06
 2.88544e+23	9.99e-01	5.57e-04	1.52e-06
 2.89019e+23	9.99e-01	5.47e-04	1.68e-06
 2.89475e+23	9.99e-01	5.38e-04	1.85e-06
 2.89914e+23	9.99e-01	5.29e-04	2.03e-06
 2.90341e+23	9.99e-01	5.21e-04	2.24e-06
 2.90755e+23	9.99e-01	5.13e-04	2.46e-06
 2.91158e+23	9.99e-01	5.06e-04	2.71e-06
 2.91551e+23	9.99e-01	4.98e-04	2.98e-06
 2.91936e+23	1.00e+00	4.91e-04	3.29e-06
 2.92313e+23	1.00e+00	4.84e-04	3.62e-06
 2.92684e+23	1.00e+00	4.77e-04	3.98e-06
 2.93052e+23	1.00e+00	4.71e-04	4.37e-06
 2.93417e+23	1.00e+00	4.64e-04	4.81e-06
 2.93782e+23	1.00e+00	4.58e-04	5.28e-06
 2.94147e+23	1.00e+00	4.51e-04	5.80e-06
 2.94514e+23	1.00e+00	4.45e-04	6.37e-06
 2.94884e+23	1.00e+00	4.39e-04	6.99e-06
 2.95258e+23	1.00e+00	4.32e-04	7.66e-06
 2.95641e+23	1.00e+00	4.26e-04	8.39e-06
 2.96035e+23	1.00e+00	4.20e-04	9.17e-06
 2.96441e+23	1.00e+00	4.13e-04	1.00e-05
 2.96861e+23	1.00e+00	4.06e-04	1.10e-05
 2.97296e+23	1.00e+00	3.99e-04	1.20e-05
 2.97751e+23	1.00e+00	3.92e-04	1.30e-05
 2.98228e+23	1.00e+00	3.84e-04	1.42e-05
 2.98728e+23	1.00e+00	3.77e-04	1.55e-05
 2.99253e+23	1.00e+00	3.69e-04	1.68e-05
 2.99804e+23	1.00e+00	3.61e-04	1.83e-05
 3.00387e+23	1.00e+00	3.52e-04	1.98e-05
 3.01008e+23	1.00e+00	3.44e-04	2.15e-05
 3.01665e+23	1.00e+00	3.34e-04	2.33e-05
 3.02358e+23	1.00e+00	3.25e-04	2.52e-05
 3.03090e+23	1.00e+00	3.15e-04	2.72e-05
 3.03862e+23	1.00e+00	3.05e-04	2.93e-05
 3.04684e+23	1.00e+00	2.95e-04	3.15e-05
 3.05565e+23	1.00e+00	2.84e-04	3.39e-05
 3.06504e+23	1.00e+00	2.73e-04	3.63e-05
 3.07503e+23	1.00e+00	2.61e-04	3.89e-05
 3.08292e+23	1.00e+00	2.55e-04	4.16e-05
