#depth	Ar	Ar+	Ar+2	Ar+3	Ar+4	Ar+5	Ar+6	Ar+7	Ar+8	Ar+9	Ar+10	Ar+11	Ar+12	Ar+13	Ar+14	Ar+15	Ar+16	Ar+17	Ar+18
 4.62852e+21	0.00e+00	0.00e+00	0.00e+00	0.00e+00	0.00e+00	0.00e+00	0.00e+00	0.00e+00	0.00e+00	0.00e+00	0.00e+00	6.98e-23	4.01e-19	1.10e-15	1.96e-12	3.65e-09	1.20e-05	6.01e-03	9.94e-01
 1.05207e+22	0.00e+00	0.00e+00	0.00e+00	0.00e+00	0.00e+00	0.00e+00	0.00e+00	0.00e+00	0.00e+00	0.00e+00	1.43e-25	8.38e-22	3.35e-18	6.72e-15	8.30e-12	1.08e-08	2.46e-05	8.61e-03	9.91e-01
 1.26186e+22	0.00e+00	0.00e+00	0.00e+00	0.00e+00	0.00e+00	0.00e+00	0.00e+00	0.00e+00	0.00e+00	9.70e-29	9.57e-25	4.40e-21	1.39e-17	2.20e-14	2.14e-11	2.19e-08	3.95e-05	1.09e-02	9.89e-01
 1.41202e+22	0.00e+00	0.00e+00	0.00e+00	0.00e+00	0.00e+00	0.00e+00	0.00e+00	0.00e+00	0.00e+00	5.22e-28	4.25e-24	1.62e-20	4.31e-17	5.65e-14	4.55e-11	3.86e-08	5.76e-05	1.31e-02	9.87e-01
 1.50843e+22	0.00e+00	0.00e+00	0.00e+00	0.00e+00	0.00e+00	0.00e+00	0.00e+00	0.00e+00	0.00e+00	1.07e-27	8.06e-24	2.83e-20	6.97e-17	8.43e-14	6.27e-11	4.91e-08	6.75e-05	1.42e-02	9.86e-01
 1.57665e+22	0.00e+00	0.00e+00	0.00e+00	0.00e+00	0.00e+00	0.00e+00	0.00e+00	0.00e+00	0.00e+00	2.97e-27	1.99e-23	6.23e-20	1.37e-16	1.48e-13	9.82e-11	6.87e-08	8.45e-05	1.59e-02	9.84e-01
 1.64638e+22	0.00e+00	0.00e+00	0.00e+00	0.00e+00	0.00e+00	0.00e+00	0.00e+00	0.00e+00	0.00e+00	6.59e-27	4.04e-23	1.16e-19	2.33e-16	2.30e-13	1.40e-10	8.95e-08	1.01e-04	1.73e-02	9.83e-01
 1.71809e+22	0.00e+00	0.00e+00	0.00e+00	0.00e+00	0.00e+00	0.00e+00	0.00e+00	0.00e+00	1.62e-30	1.84e-26	1.00e-22	2.56e-19	4.59e-16	4.04e-13	2.20e-10	1.26e-07	1.26e-04	1.94e-02	9.80e-01
 1.79107e+22	0.00e+00	0.00e+00	0.00e+00	0.00e+00	0.00e+00	0.00e+00	0.00e+00	0.00e+00	4.07e-30	4.22e-26	2.10e-22	4.88e-19	7.97e-16	6.40e-13	3.17e-10	1.65e-07	1.51e-04	2.12e-02	9.79e-01
 1.84642e+22	0.00e+00	0.00e+00	0.00e+00	0.00e+00	0.00e+00	0.00e+00	0.00e+00	0.00e+00	7.44e-30	7.25e-26	3.39e-22	7.42e-19	1.14e-15	8.62e-13	4.02e-10	1.98e-07	1.71e-04	2.25e-02	9.77e-01
 1.89907e+22	0.00e+00	0.00e+00	0.00e+00	0.00e+00	0.00e+00	0.00e+00	0.00e+00	0.00e+00	1.80e-29	1.60e-25	6.84e-22	1.37e-18	1.93e-15	1.34e-12	5.71e-10	2.57e-07	2.03e-04	2.45e-02	9.75e-01
 1.95138e+22	0.00e+00	0.00e+00	0.00e+00	0.00e+00	0.00e+00	0.00e+00	0.00e+00	0.00e+00	3.26e-29	2.74e-25	1.10e-21	2.08e-18	2.75e-15	1.79e-12	7.23e-10	3.07e-07	2.28e-04	2.60e-02	9.74e-01
 2.00326e+22	0.00e+00	0.00e+00	0.00e+00	0.00e+00	0.00e+00	0.00e+00	0.00e+00	0.00e+00	7.31e-29	5.63e-25	2.09e-21	3.66e-18	4.46e-15	2.69e-12	9.98e-10	3.90e-07	2.68e-04	2.81e-02	9.72e-01
 2.05669e+22	0.00e+00	0.00e+00	0.00e+00	0.00e+00	0.00e+00	0.00e+00	0.00e+00	0.00e+00	1.47e-28	1.05e-24	3.63e-21	5.94e-18	6.76e-15	3.79e-12	1.31e-09	4.80e-07	3.07e-04	3.01e-02	9.70e-01
 2.10408e+22	0.00e+00	0.00e+00	0.00e+00	0.00e+00	0.00e+00	0.00e+00	0.00e+00	0.00e+00	2.84e-28	1.90e-24	6.14e-21	9.40e-18	9.99e-15	5.25e-12	1.70e-09	5.83e-07	3.50e-04	3.21e-02	9.68e-01
 2.15761e+22	0.00e+00	0.00e+00	0.00e+00	0.00e+00	0.00e+00	0.00e+00	0.00e+00	0.00e+00	6.47e-28	3.99e-24	1.18e-20	1.67e-17	1.63e-14	7.88e-12	2.36e-09	7.44e-07	4.11e-04	3.47e-02	9.65e-01
 2.21258e+22	0.00e+00	0.00e+00	0.00e+00	0.00e+00	0.00e+00	0.00e+00	0.00e+00	0.00e+00	1.32e-27	7.55e-24	2.08e-20	2.73e-17	2.49e-14	1.12e-11	3.12e-09	9.18e-07	4.72e-04	3.72e-02	9.62e-01
 2.26061e+22	0.00e+00	0.00e+00	0.00e+00	0.00e+00	0.00e+00	0.00e+00	0.00e+00	0.00e+00	2.55e-27	1.36e-23	3.52e-20	4.32e-17	3.67e-14	1.55e-11	4.05e-09	1.11e-06	5.37e-04	3.96e-02	9.60e-01
 2.31425e+22	0.00e+00	0.00e+00	0.00e+00	0.00e+00	0.00e+00	0.00e+00	0.00e+00	0.00e+00	6.11e-27	2.99e-23	7.04e-20	7.91e-17	6.16e-14	2.38e-11	5.70e-09	1.44e-06	6.37e-04	4.30e-02	9.56e-01
 2.36784e+22	0.00e+00	0.00e+00	0.00e+00	0.00e+00	0.00e+00	0.00e+00	0.00e+00	7.44e-31	1.13e-26	5.16e-23	1.14e-19	1.21e-16	8.84e-14	3.21e-11	7.25e-09	1.72e-06	7.17e-04	4.56e-02	9.54e-01
 2.42136e+22	0.00e+00	0.00e+00	0.00e+00	0.00e+00	0.00e+00	0.00e+00	0.00e+00	1.98e-30	2.73e-26	1.14e-22	2.31e-19	2.23e-16	1.49e-13	4.96e-11	1.02e-08	2.23e-06	8.52e-04	4.96e-02	9.50e-01
 2.47436e+22	0.00e+00	0.00e+00	0.00e+00	0.00e+00	0.00e+00	0.00e+00	0.00e+00	3.84e-30	4.97e-26	1.95e-22	3.72e-19	3.37e-16	2.13e-13	6.66e-11	1.30e-08	2.66e-06	9.57e-04	5.25e-02	9.47e-01
 2.51783e+22	0.00e+00	0.00e+00	0.00e+00	0.00e+00	0.00e+00	0.00e+00	0.00e+00	7.28e-30	8.86e-26	3.28e-22	5.88e-19	5.03e-16	2.99e-13	8.83e-11	1.63e-08	3.15e-06	1.07e-03	5.54e-02	9.44e-01
 2.55853e+22	0.00e+00	0.00e+00	0.00e+00	0.00e+00	0.00e+00	0.00e+00	0.00e+00	1.36e-29	1.56e-25	5.44e-22	9.20e-19	7.44e-16	4.17e-13	1.17e-10	2.03e-08	3.72e-06	1.19e-03	5.84e-02	9.40e-01
 2.59841e+22	0.00e+00	0.00e+00	0.00e+00	0.00e+00	0.00e+00	0.00e+00	0.00e+00	2.50e-29	2.70e-25	8.90e-22	1.43e-18	1.09e-15	5.77e-13	1.53e-10	2.51e-08	4.37e-06	1.33e-03	6.15e-02	9.37e-01
 2.64419e+22	0.00e+00	0.00e+00	0.00e+00	0.00e+00	0.00e+00	0.00e+00	0.00e+00	5.49e-29	5.50e-25	1.68e-21	2.50e-18	1.78e-15	8.77e-13	2.16e-10	3.32e-08	5.38e-06	1.52e-03	6.57e-02	9.33e-01
 2.68980e+22	0.00e+00	0.00e+00	0.00e+00	0.00e+00	0.00e+00	0.00e+00	0.00e+00	1.02e-28	9.60e-25	2.77e-21	3.89e-18	2.61e-15	1.22e-12	2.84e-10	4.12e-08	6.32e-06	1.69e-03	6.92e-02	9.29e-01
 2.73520e+22	0.00e+00	0.00e+00	0.00e+00	0.00e+00	0.00e+00	0.00e+00	0.00e+00	2.21e-28	1.94e-24	5.18e-21	6.78e-18	4.24e-15	1.84e-12	3.99e-10	5.41e-08	7.75e-06	1.94e-03	7.38e-02	9.24e-01
 2.78132e+22	0.00e+00	0.00e+00	0.00e+00	0.00e+00	0.00e+00	0.00e+00	0.00e+00	4.15e-28	3.43e-24	8.65e-21	1.07e-17	6.29e-15	2.57e-12	5.27e-10	6.76e-08	9.15e-06	2.16e-03	7.78e-02	9.20e-01
 2.82154e+22	0.00e+00	0.00e+00	0.00e+00	0.00e+00	0.00e+00	0.00e+00	0.00e+00	7.63e-28	5.94e-24	1.41e-20	1.65e-17	9.17e-15	3.55e-12	6.88e-10	8.36e-08	1.07e-05	2.40e-03	8.18e-02	9.16e-01
 2.86697e+22	0.00e+00	0.00e+00	0.00e+00	0.00e+00	0.00e+00	0.00e+00	4.36e-31	1.66e-27	1.20e-23	2.65e-20	2.86e-17	1.49e-14	5.35e-12	9.67e-10	1.10e-07	1.31e-05	2.74e-03	8.71e-02	9.10e-01
 2.91301e+22	0.00e+00	0.00e+00	0.00e+00	0.00e+00	0.00e+00	0.00e+00	8.61e-31	3.10e-27	2.11e-23	4.39e-20	4.48e-17	2.19e-14	7.45e-12	1.27e-09	1.37e-07	1.55e-05	3.05e-03	9.17e-02	9.05e-01
 2.95983e+22	0.00e+00	0.00e+00	0.00e+00	0.00e+00	0.00e+00	0.00e+00	2.05e-30	6.88e-27	4.32e-23	8.34e-20	7.90e-17	3.59e-14	1.13e-11	1.80e-09	1.80e-07	1.90e-05	3.49e-03	9.77e-02	8.99e-01
 3.00297e+22	0.00e+00	0.00e+00	0.00e+00	0.00e+00	0.00e+00	0.00e+00	3.71e-30	1.19e-26	7.10e-23	1.30e-19	1.17e-16	5.06e-14	1.52e-11	2.29e-09	2.18e-07	2.19e-05	3.84e-03	1.02e-01	8.94e-01
 3.03559e+22	0.00e+00	0.00e+00	0.00e+00	0.00e+00	0.00e+00	0.00e+00	6.39e-30	1.96e-26	1.11e-22	1.95e-19	1.67e-16	6.89e-14	1.97e-11	2.85e-09	2.60e-07	2.49e-05	4.18e-03	1.06e-01	8.89e-01
 3.07227e+22	0.00e+00	0.00e+00	0.00e+00	0.00e+00	0.00e+00	0.00e+00	1.22e-29	3.55e-26	1.90e-22	3.13e-19	2.54e-16	9.93e-14	2.69e-11	3.69e-09	3.18e-07	2.90e-05	4.61e-03	1.11e-01	8.84e-01
 3.11113e+22	0.00e+00	0.00e+00	0.00e+00	0.00e+00	0.00e+00	0.00e+00	2.23e-29	6.19e-26	3.14e-22	4.91e-19	3.78e-16	1.40e-13	3.61e-11	4.70e-09	3.87e-07	3.35e-05	5.07e-03	1.16e-01	8.78e-01
 3.14618e+22	0.00e+00	0.00e+00	0.00e+00	0.00e+00	0.00e+00	0.00e+00	3.93e-29	1.04e-25	5.04e-22	7.50e-19	5.50e-16	1.94e-13	4.76e-11	5.91e-09	4.64e-07	3.84e-05	5.54e-03	1.21e-01	8.73e-01
 3.18513e+22	0.00e+00	0.00e+00	0.00e+00	0.00e+00	0.00e+00	0.00e+00	7.79e-29	1.96e-25	8.89e-22	1.24e-18	8.59e-16	2.86e-13	6.61e-11	7.75e-09	5.75e-07	4.51e-05	6.15e-03	1.27e-01	8.66e-01
 3.22571e+22	0.00e+00	0.00e+00	0.00e+00	0.00e+00	0.00e+00	0.00e+00	1.47e-28	3.52e-25	1.51e-21	2.00e-18	1.31e-15	4.12e-13	9.02e-11	1.00e-08	7.06e-07	5.25e-05	6.79e-03	1.33e-01	8.60e-01
 3.26043e+22	0.00e+00	0.00e+00	0.00e+00	0.00e+00	0.00e+00	0.00e+00	2.58e-28	5.89e-25	2.40e-21	3.03e-18	1.88e-15	5.66e-13	1.18e-10	1.25e-08	8.42e-07	5.98e-05	7.40e-03	1.39e-01	8.54e-01
 3.29759e+22	0.00e+00	0.00e+00	0.00e+00	0.00e+00	0.00e+00	1.55e-31	4.94e-28	1.07e-24	4.12e-21	4.90e-18	2.88e-15	8.19e-13	1.61e-10	1.62e-08	1.03e-06	6.97e-05	8.17e-03	1.45e-01	8.47e-01
 3.33401e+22	0.00e+00	0.00e+00	0.00e+00	0.00e+00	0.00e+00	2.79e-31	8.53e-28	1.77e-24	6.49e-21	7.36e-18	4.12e-15	1.12e-12	2.11e-10	2.02e-08	1.23e-06	7.93e-05	8.88e-03	1.51e-01	8.40e-01
 3.36314e+22	0.00e+00	0.00e+00	0.00e+00	0.00e+00	0.00e+00	4.60e-31	1.36e-27	2.72e-24	9.55e-21	1.04e-17	5.59e-15	1.46e-12	2.63e-10	2.43e-08	1.43e-06	8.84e-05	9.53e-03	1.56e-01	8.35e-01
 3.39467e+22	0.00e+00	0.00e+00	0.00e+00	0.00e+00	0.00e+00	8.28e-31	2.34e-27	4.49e-24	1.50e-20	1.55e-17	7.96e-15	1.98e-12	3.42e-10	3.01e-08	1.69e-06	1.00e-04	1.03e-02	1.62e-01	8.28e-01
 3.42896e+22	0.00e+00	0.00e+00	0.00e+00	0.00e+00	0.00e+00	1.47e-30	3.99e-27	7.34e-24	2.34e-20	2.31e-17	1.13e-14	2.68e-12	4.42e-10	3.72e-08	2.00e-06	1.14e-04	1.12e-02	1.67e-01	8.21e-01
 3.46103e+22	0.00e+00	0.00e+00	0.00e+00	0.00e+00	0.00e+00	2.59e-30	6.74e-27	1.19e-23	3.61e-20	3.41e-17	1.59e-14	3.62e-12	5.69e-10	4.59e-08	2.36e-06	1.28e-04	1.21e-02	1.73e-01	8.14e-01
 3.49104e+22	0.00e+00	0.00e+00	0.00e+00	0.00e+00	0.00e+00	4.34e-30	1.09e-26	1.85e-23	5.37e-20	4.85e-17	2.17e-14	4.74e-12	7.16e-10	5.54e-08	2.74e-06	1.43e-04	1.30e-02	1.79e-01	8.08e-01
 3.52420e+22	0.00e+00	0.00e+00	0.00e+00	0.00e+00	0.00e+00	8.01e-30	1.92e-26	3.12e-23	8.62e-20	7.39e-17	3.15e-14	6.53e-12	9.39e-10	6.93e-08	3.27e-06	1.63e-04	1.42e-02	1.86e-01	8.00e-01
 3.55930e+22	0.00e+00	0.00e+00	0.00e+00	0.00e+00	0.00e+00	1.45e-29	3.33e-26	5.18e-23	1.36e-19	1.11e-16	4.51e-14	8.93e-12	1.22e-09	8.62e-08	3.89e-06	1.86e-04	1.54e-02	1.93e-01	7.92e-01
 3.59039e+22	0.00e+00	0.00e+00	0.00e+00	0.00e+00	0.00e+00	2.48e-29	5.48e-26	8.18e-23	2.06e-19	1.61e-16	6.25e-14	1.18e-11	1.55e-09	1.05e-07	4.55e-06	2.08e-04	1.66e-02	1.99e-01	7.84e-01
 3.61765e+22	0.00e+00	0.00e+00	0.00e+00	0.00e+00	0.00e+00	3.96e-29	8.45e-26	1.22e-22	2.95e-19	2.22e-16	8.29e-14	1.51e-11	1.92e-09	1.25e-07	5.21e-06	2.30e-04	1.77e-02	2.05e-01	7.78e-01
 3.64263e+22	0.00e+00	0.00e+00	0.00e+00	0.00e+00	0.00e+00	2.80e-29	5.80e-26	8.12e-23	4.10e-19	2.97e-16	1.07e-13	1.89e-11	2.32e-09	1.46e-07	5.90e-06	2.52e-04	1.87e-02	2.10e-01	7.71e-01
 3.67127e+22	0.00e+00	0.00e+00	0.00e+00	0.00e+00	0.00e+00	1.02e-28	2.03e-25	2.74e-22	6.11e-19	4.24e-16	1.47e-13	2.48e-11	2.91e-09	1.76e-07	6.84e-06	2.81e-04	2.01e-02	2.16e-01	7.64e-01
 3.70228e+22	0.00e+00	0.00e+00	0.00e+00	0.00e+00	0.00e+00	7.92e-29	1.52e-25	1.97e-22	9.12e-19	6.07e-16	2.01e-13	3.26e-11	3.67e-09	2.13e-07	7.95e-06	3.14e-04	2.15e-02	2.23e-01	7.55e-01
 3.73054e+22	0.00e+00	0.00e+00	0.00e+00	0.00e+00	0.00e+00	1.29e-28	2.39e-25	2.99e-22	1.33e-18	8.47e-16	2.70e-13	4.21e-11	4.55e-09	2.54e-07	9.15e-06	3.48e-04	2.30e-02	2.29e-01	7.48e-01
 3.75725e+22	0.00e+00	0.00e+00	0.00e+00	0.00e+00	6.89e-32	2.06e-28	3.70e-25	4.47e-22	1.91e-18	1.17e-15	3.59e-13	5.39e-11	5.61e-09	3.02e-07	1.05e-05	3.85e-04	2.45e-02	2.35e-01	7.40e-01
 3.78357e+22	0.00e+00	0.00e+00	0.00e+00	0.00e+00	1.12e-31	3.25e-28	5.64e-25	6.59e-22	2.71e-18	1.60e-15	4.73e-13	6.84e-11	6.86e-09	3.56e-07	1.19e-05	4.23e-04	2.60e-02	2.41e-01	7.33e-01
 3.81355e+22	0.00e+00	0.00e+00	0.00e+00	0.00e+00	2.01e-31	5.62e-28	9.38e-25	1.05e-21	4.13e-18	2.33e-15	6.57e-13	9.10e-11	8.72e-09	4.34e-07	1.39e-05	4.74e-04	2.80e-02	2.48e-01	7.23e-01
 3.84497e+22	0.00e+00	0.00e+00	0.00e+00	0.00e+00	3.54e-31	9.50e-28	1.52e-24	1.65e-21	6.18e-18	3.34e-15	9.03e-13	1.20e-10	1.10e-08	5.25e-07	1.62e-05	5.29e-04	3.00e-02	2.55e-01	7.14e-01
 3.87227e+22	0.00e+00	0.00e+00	0.00e+00	0.00e+00	5.85e-31	1.52e-27	2.35e-24	2.46e-21	8.86e-18	4.60e-15	1.20e-12	1.53e-10	1.36e-08	6.23e-07	1.85e-05	5.84e-04	3.19e-02	2.62e-01	7.06e-01
 3.90178e+22	0.00e+00	0.00e+00	0.00e+00	0.00e+00	1.05e-30	2.62e-27	3.91e-24	3.92e-21	1.35e-17	6.70e-15	1.67e-12	2.04e-10	1.72e-08	7.58e-07	2.16e-05	6.53e-04	3.42e-02	2.69e-01	6.96e-01
 3.93104e+22	0.00e+00	0.00e+00	0.00e+00	0.00e+00	1.74e-30	4.20e-27	6.05e-24	5.85e-21	1.94e-17	9.26e-15	2.22e-12	2.61e-10	2.12e-08	9.00e-07	2.48e-05	7.21e-04	3.64e-02	2.76e-01	6.87e-01
 3.95474e+22	0.00e+00	0.00e+00	0.00e+00	0.00e+00	2.67e-30	6.26e-27	8.78e-24	8.25e-21	2.64e-17	1.22e-14	2.82e-12	3.21e-10	2.53e-08	1.04e-06	2.78e-05	7.83e-04	3.83e-02	2.82e-01	6.79e-01
 3.98032e+22	0.00e+00	0.00e+00	0.00e+00	0.00e+00	4.41e-30	9.99e-27	1.35e-23	1.23e-20	3.78e-17	1.68e-14	3.74e-12	4.10e-10	3.11e-08	1.23e-06	3.17e-05	8.62e-04	4.07e-02	2.88e-01	6.70e-01
 4.00820e+22	0.00e+00	0.00e+00	0.00e+00	0.00e+00	7.21e-30	1.58e-26	2.07e-23	1.82e-20	5.39e-17	2.30e-14	4.93e-12	5.21e-10	3.81e-08	1.45e-06	3.61e-05	9.47e-04	4.31e-02	2.95e-01	6.61e-01
 4.03433e+22	0.00e+00	0.00e+00	0.00e+00	0.00e+00	1.17e-29	2.49e-26	3.15e-23	2.68e-20	7.63e-17	3.14e-14	6.48e-12	6.60e-10	4.65e-08	1.71e-06	4.10e-05	1.04e-03	4.57e-02	3.01e-01	6.52e-01
 4.05939e+22	0.00e+00	0.00e+00	0.00e+00	0.00e+00	1.85e-29	3.81e-26	4.69e-23	3.86e-20	1.06e-16	4.20e-14	8.38e-12	8.23e-10	5.60e-08	1.99e-06	4.62e-05	1.13e-03	4.82e-02	3.08e-01	6.43e-01
 4.08388e+22	0.00e+00	0.00e+00	0.00e+00	0.00e+00	2.90e-29	5.79e-26	6.91e-23	5.51e-20	1.46e-16	5.60e-14	1.08e-11	1.02e-09	6.74e-08	2.32e-06	5.20e-05	1.23e-03	5.08e-02	3.14e-01	6.34e-01
 4.11181e+22	0.00e+00	0.00e+00	0.00e+00	0.00e+00	2.66e-29	5.13e-26	5.91e-23	8.49e-20	2.16e-16	7.91e-14	1.46e-11	1.33e-09	8.39e-08	2.77e-06	5.98e-05	1.37e-03	5.41e-02	3.21e-01	6.24e-01
 4.14088e+22	0.00e+00	0.00e+00	0.00e+00	0.00e+00	4.46e-29	8.30e-26	9.22e-23	1.28e-19	3.12e-16	1.10e-13	1.95e-11	1.71e-09	1.04e-07	3.30e-06	6.85e-05	1.51e-03	5.74e-02	3.28e-01	6.13e-01
 4.16578e+22	0.00e+00	0.00e+00	0.00e+00	0.00e+00	7.00e-29	1.26e-25	1.36e-22	1.83e-19	4.31e-16	1.47e-13	2.51e-11	2.13e-09	1.25e-07	3.83e-06	7.70e-05	1.64e-03	6.04e-02	3.34e-01	6.04e-01
 4.19253e+22	0.00e+00	0.00e+00	0.00e+00	0.00e+00	1.19e-28	2.07e-25	2.15e-22	2.78e-19	6.29e-16	2.05e-13	3.38e-11	2.75e-09	1.55e-07	4.56e-06	8.83e-05	1.81e-03	6.42e-02	3.41e-01	5.93e-01
 4.21962e+22	0.00e+00	0.00e+00	0.00e+00	4.57e-32	1.89e-28	3.19e-25	3.22e-22	4.03e-19	8.78e-16	2.76e-13	4.39e-11	3.44e-09	1.87e-07	5.33e-06	9.96e-05	1.97e-03	6.76e-02	3.47e-01	5.83e-01
 4.24257e+22	0.00e+00	0.00e+00	0.00e+00	7.12e-32	2.86e-28	4.70e-25	4.61e-22	5.60e-19	1.18e-15	3.60e-13	5.54e-11	4.21e-09	2.22e-07	6.12e-06	1.11e-04	2.13e-03	7.09e-02	3.53e-01	5.74e-01
 4.26778e+22	0.00e+00	0.00e+00	0.00e+00	1.20e-31	4.66e-28	7.42e-25	7.04e-22	8.26e-19	1.68e-15	4.92e-13	7.28e-11	5.33e-09	2.70e-07	7.19e-06	1.26e-04	2.33e-03	7.48e-02	3.59e-01	5.64e-01
 4.29492e+22	0.00e+00	0.00e+00	0.00e+00	1.99e-31	7.52e-28	1.16e-24	1.06e-21	1.21e-18	2.36e-15	6.67e-13	9.52e-11	6.72e-09	3.28e-07	8.43e-06	1.42e-04	2.54e-03	7.89e-02	3.65e-01	5.53e-01
 4.31981e+22	0.00e+00	0.00e+00	0.00e+00	3.22e-31	1.18e-27	1.76e-24	1.57e-21	1.73e-18	3.26e-15	8.90e-13	1.23e-10	8.36e-09	3.94e-07	9.79e-06	1.60e-04	2.76e-03	8.29e-02	3.71e-01	5.43e-01
 4.34741e+22	0.00e+00	0.00e+00	0.00e+00	5.71e-31	2.02e-27	2.92e-24	2.51e-21	2.65e-18	4.80e-15	1.25e-12	1.66e-10	1.08e-08	4.90e-07	1.17e-05	1.83e-04	3.05e-03	8.78e-02	3.78e-01	5.31e-01
 4.37635e+22	0.00e+00	0.00e+00	0.00e+00	9.86e-31	3.37e-27	4.70e-24	3.90e-21	3.97e-18	6.92e-15	1.74e-12	2.21e-10	1.39e-08	6.04e-07	1.39e-05	2.09e-04	3.34e-03	9.28e-02	3.84e-01	5.20e-01
 4.40052e+22	0.00e+00	0.00e+00	0.00e+00	1.56e-30	5.18e-27	7.01e-24	5.65e-21	5.58e-18	9.41e-15	2.29e-12	2.81e-10	1.71e-08	7.20e-07	1.60e-05	2.34e-04	3.61e-03	9.72e-02	3.89e-01	5.10e-01
 4.42214e+22	0.00e+00	0.00e+00	0.00e+00	2.39e-30	7.73e-27	1.02e-23	7.98e-21	7.66e-18	1.25e-14	2.95e-12	3.51e-10	2.07e-08	8.46e-07	1.82e-05	2.59e-04	3.88e-03	1.01e-01	3.94e-01	5.01e-01
 4.44697e+22	0.00e+00	0.00e+00	0.00e+00	4.01e-30	1.26e-26	1.60e-23	1.22e-20	1.13e-17	1.77e-14	4.02e-12	4.61e-10	2.62e-08	1.03e-06	2.14e-05	2.92e-04	4.24e-03	1.07e-01	3.99e-01	4.89e-01
 4.47367e+22	0.00e+00	0.00e+00	0.00e+00	6.53e-30	1.98e-26	2.45e-23	1.80e-20	1.62e-17	2.46e-14	5.38e-12	5.96e-10	3.27e-08	1.24e-06	2.49e-05	3.28e-04	4.60e-03	1.12e-01	4.04e-01	4.79e-01
 4.49874e+22	0.00e+00	0.00e+00	0.00e+00	1.06e-29	3.14e-26	3.76e-23	2.68e-20	2.32e-17	3.41e-14	7.20e-12	7.70e-10	4.08e-08	1.49e-06	2.89e-05	3.69e-04	4.99e-03	1.17e-01	4.09e-01	4.68e-01
 4.52345e+22	0.00e+00	0.00e+00	0.00e+00	1.73e-29	4.95e-26	5.75e-23	3.97e-20	3.33e-17	4.72e-14	9.63e-12	9.94e-10	5.08e-08	1.80e-06	3.36e-05	4.14e-04	5.41e-03	1.23e-01	4.14e-01	4.57e-01
 4.54699e+22	0.00e+00	0.00e+00	0.00e+00	2.72e-29	7.55e-26	8.52e-23	5.71e-20	4.64e-17	6.38e-14	1.26e-11	1.26e-09	6.23e-08	2.13e-06	3.86e-05	4.60e-04	5.82e-03	1.28e-01	4.18e-01	4.47e-01
 4.57280e+22	0.00e+00	0.00e+00	0.00e+00	4.62e-29	1.24e-25	1.36e-22	8.78e-20	6.88e-17	9.11e-14	1.73e-11	1.66e-09	7.91e-08	2.61e-06	4.54e-05	5.22e-04	6.35e-03	1.35e-01	4.23e-01	4.35e-01
 4.59985e+22	0.00e+00	0.00e+00	1.97e-32	7.70e-29	2.00e-25	2.11e-22	1.32e-19	1.00e-16	1.28e-13	2.34e-11	2.17e-09	9.97e-08	3.17e-06	5.31e-05	5.88e-04	6.91e-03	1.41e-01	4.28e-01	4.24e-01
 4.62355e+22	0.00e+00	0.00e+00	3.22e-32	1.22e-28	3.09e-25	3.16e-22	1.92e-19	1.40e-16	1.74e-13	3.09e-11	2.77e-09	1.23e-07	3.78e-06	6.13e-05	6.56e-04	7.45e-03	1.47e-01	4.31e-01	4.13e-01
 4.64938e+22	0.00e+00	0.00e+00	5.84e-32	2.15e-28	5.25e-25	5.17e-22	3.02e-19	2.12e-16	2.53e-13	4.32e-11	3.72e-09	1.58e-07	4.68e-06	7.29e-05	7.49e-04	8.16e-03	1.55e-01	4.35e-01	4.00e-01
 4.67611e+22	0.00e+00	0.00e+00	9.72e-32	3.49e-28	8.25e-25	7.87e-22	4.46e-19	3.03e-16	3.49e-13	5.75e-11	4.78e-09	1.97e-07	5.62e-06	8.45e-05	8.38e-04	8.82e-03	1.62e-01	4.39e-01	3.90e-01
 4.69916e+22	0.00e+00	0.00e+00	1.56e-31	5.46e-28	1.25e-24	1.16e-21	6.38e-19	4.19e-16	4.70e-13	7.50e-11	6.04e-09	2.41e-07	6.66e-06	9.70e-05	9.30e-04	9.47e-03	1.68e-01	4.42e-01	3.79e-01
 4.72094e+22	0.00e+00	0.00e+00	2.46e-31	8.40e-28	1.88e-24	1.69e-21	9.01e-19	5.74e-16	6.25e-13	9.68e-11	7.57e-09	2.93e-07	7.84e-06	1.11e-04	1.03e-03	1.01e-02	1.75e-01	4.44e-01	3.70e-01
 4.74588e+22	0.00e+00	0.00e+00	4.39e-31	1.45e-27	3.13e-24	2.71e-21	1.39e-18	8.54e-16	8.97e-13	1.34e-10	1.01e-08	3.74e-07	9.64e-06	1.31e-04	1.17e-03	1.11e-02	1.83e-01	4.47e-01	3.57e-01
 4.77155e+22	0.00e+00	0.00e+00	7.14e-31	2.30e-27	4.81e-24	4.05e-21	2.01e-18	1.19e-15	1.22e-12	1.76e-10	1.28e-08	4.61e-07	1.15e-05	1.51e-04	1.30e-03	1.19e-02	1.90e-01	4.49e-01	3.47e-01
 4.79816e+22	0.00e+00	0.00e+00	1.30e-30	4.07e-27	8.18e-24	6.62e-21	3.17e-18	1.80e-15	1.77e-12	2.46e-10	1.72e-08	5.95e-07	1.42e-05	1.79e-04	1.48e-03	1.30e-02	2.00e-01	4.51e-01	3.34e-01
 4.82533e+22	0.00e+00	0.00e+00	2.27e-30	6.87e-27	1.33e-23	1.04e-20	4.80e-18	2.62e-15	2.49e-12	3.34e-10	2.26e-08	7.52e-07	1.74e-05	2.10e-04	1.67e-03	1.41e-02	2.08e-01	4.53e-01	3.23e-01
 4.84743e+22	0.00e+00	0.00e+00	3.60e-30	1.06e-26	2.00e-23	1.51e-20	6.76e-18	3.57e-15	3.31e-12	4.31e-10	2.83e-08	9.15e-07	2.05e-05	2.40e-04	1.84e-03	1.51e-02	2.16e-01	4.54e-01	3.13e-01
 4.86735e+22	0.00e+00	0.00e+00	5.41e-30	1.56e-26	2.87e-23	2.11e-20	9.19e-18	4.72e-15	4.26e-12	5.41e-10	3.46e-08	1.09e-06	2.37e-05	2.70e-04	2.01e-03	1.60e-02	2.23e-01	4.55e-01	3.04e-01
 4.89023e+22	0.00e+00	0.00e+00	9.27e-30	2.59e-26	4.60e-23	3.27e-20	1.37e-17	6.76e-15	5.93e-12	7.29e-10	4.50e-08	1.36e-06	2.87e-05	3.15e-04	2.26e-03	1.73e-02	2.32e-01	4.55e-01	2.93e-01
 4.91437e+22	0.00e+00	0.00e+00	1.52e-29	4.13e-26	7.10e-23	4.88e-20	1.98e-17	9.41e-15	8.02e-12	9.57e-10	5.72e-08	1.68e-06	3.42e-05	3.63e-04	2.51e-03	1.85e-02	2.40e-01	4.55e-01	2.83e-01
 4.93639e+22	0.00e+00	0.00e+00	2.45e-29	6.48e-26	1.08e-22	7.17e-20	2.81e-17	1.29e-14	1.07e-11	1.24e-09	7.22e-08	2.05e-06	4.05e-05	4.16e-04	2.78e-03	1.98e-02	2.48e-01	4.55e-01	2.74e-01
 4.96126e+22	0.00e+00	0.00e+00	4.40e-29	1.12e-25	1.80e-22	1.15e-19	4.32e-17	1.90e-14	1.53e-11	1.71e-09	9.59e-08	2.63e-06	4.99e-05	4.92e-04	3.15e-03	2.15e-02	2.59e-01	4.54e-01	2.62e-01
 4.98587e+22	0.00e+00	0.00e+00	7.30e-29	1.81e-25	2.80e-22	1.73e-19	6.25e-17	2.65e-14	2.08e-11	2.26e-09	1.23e-07	3.25e-06	5.97e-05	5.68e-04	3.50e-03	2.30e-02	2.68e-01	4.53e-01	2.52e-01
 5.00580e+22	0.00e+00	0.00e+00	1.12e-28	2.72e-25	4.09e-22	2.44e-19	8.59e-17	3.53e-14	2.70e-11	2.86e-09	1.51e-07	3.89e-06	6.96e-05	6.42e-04	3.84e-03	2.44e-02	2.75e-01	4.52e-01	2.43e-01
 5.02734e+22	0.00e+00	0.00e+00	1.89e-28	4.43e-25	6.43e-22	3.70e-19	1.25e-16	4.94e-14	3.69e-11	3.80e-09	1.94e-07	4.84e-06	8.36e-05	7.45e-04	4.28e-03	2.62e-02	2.85e-01	4.50e-01	2.34e-01
 5.05020e+22	0.00e+00	0.00e+00	3.04e-28	6.94e-25	9.75e-22	5.43e-19	1.77e-16	6.75e-14	4.92e-11	4.92e-09	2.44e-07	5.90e-06	9.89e-05	8.52e-04	4.72e-03	2.80e-02	2.94e-01	4.48e-01	2.25e-01
 5.07133e+22	0.00e+00	0.00e+00	4.97e-28	1.10e-24	1.49e-21	8.00e-19	2.52e-16	9.21e-14	6.57e-11	6.41e-09	3.09e-07	7.24e-06	1.18e-04	9.79e-04	5.23e-03	2.99e-02	3.03e-01	4.46e-01	2.15e-01
 5.09170e+22	0.00e+00	0.00e+00	7.73e-28	1.67e-24	2.19e-21	1.14e-18	3.48e-16	1.23e-13	8.58e-11	8.15e-09	3.83e-07	8.71e-06	1.37e-04	1.11e-03	5.73e-03	3.16e-02	3.11e-01	4.43e-01	2.07e-01
 5.11455e+22	0.00e+00	0.00e+00	1.36e-27	2.83e-24	3.58e-21	1.79e-18	5.22e-16	1.77e-13	1.20e-10	1.11e-08	5.02e-07	1.10e-05	1.68e-04	1.30e-03	6.43e-03	3.41e-02	3.21e-01	4.39e-01	1.97e-01
 5.13756e+22	0.00e+00	0.00e+00	2.22e-27	4.48e-24	5.47e-21	2.63e-18	7.39e-16	2.41e-13	1.60e-10	1.44e-08	6.34e-07	1.35e-05	1.99e-04	1.49e-03	7.11e-03	3.63e-02	3.30e-01	4.36e-01	1.89e-01
 5.15682e+22	0.00e+00	7.43e-33	3.39e-27	6.68e-24	7.91e-21	3.69e-18	1.00e-15	3.16e-13	2.06e-10	1.81e-08	7.77e-07	1.61e-05	2.31e-04	1.68e-03	7.75e-03	3.83e-02	3.38e-01	4.32e-01	1.81e-01
 5.17788e+22	0.00e+00	1.30e-32	5.73e-27	1.09e-23	1.25e-20	5.59e-18	1.46e-15	4.41e-13	2.81e-10	2.39e-08	9.98e-07	2.00e-05	2.77e-04	1.94e-03	8.61e-03	4.09e-02	3.48e-01	4.28e-01	1.73e-01
 5.19994e+22	0.00e+00	2.15e-32	9.23e-27	1.71e-23	1.88e-20	8.13e-18	2.05e-15	5.95e-13	3.71e-10	3.09e-08	1.25e-06	2.43e-05	3.28e-04	2.22e-03	9.48e-03	4.34e-02	3.57e-01	4.23e-01	1.65e-01
 5.21984e+22	0.00e+00	3.46e-32	1.45e-26	2.61e-23	2.79e-20	1.16e-17	2.82e-15	7.91e-13	4.84e-10	3.93e-08	1.55e-06	2.93e-05	3.83e-04	2.51e-03	1.04e-02	4.58e-02	3.65e-01	4.18e-01	1.58e-01
 5.23889e+22	0.00e+00	5.48e-32	2.24e-26	3.92e-23	4.05e-20	1.63e-17	3.84e-15	1.04e-12	6.24e-10	4.96e-08	1.91e-06	3.50e-05	4.45e-04	2.83e-03	1.13e-02	4.83e-02	3.73e-01	4.13e-01	1.51e-01
 5.26032e+22	0.00e+00	9.74e-32	3.86e-26	6.53e-23	6.48e-20	2.51e-17	5.63e-15	1.46e-12	8.56e-10	6.62e-08	2.47e-06	4.37e-05	5.38e-04	3.29e-03	1.26e-02	5.15e-02	3.82e-01	4.07e-01	1.43e-01
 5.28217e+22	0.00e+00	1.61e-31	6.19e-26	1.02e-22	9.73e-20	3.63e-17	7.85e-15	1.95e-12	1.13e-09	8.50e-08	3.09e-06	5.31e-05	6.33e-04	3.74e-03	1.38e-02	5.45e-02	3.91e-01	4.01e-01	1.36e-01
 5.30089e+22	0.00e+00	2.52e-31	9.47e-26	1.51e-22	1.40e-19	5.06e-17	1.06e-14	2.54e-12	1.44e-09	1.07e-07	3.78e-06	6.31e-05	7.33e-04	4.20e-03	1.50e-02	5.72e-02	3.98e-01	3.96e-01	1.30e-01
 5.32156e+22	0.00e+00	4.41e-31	1.61e-25	2.49e-22	2.22e-19	7.66e-17	1.53e-14	3.52e-12	1.96e-09	1.41e-07	4.85e-06	7.84e-05	8.80e-04	4.85e-03	1.66e-02	6.08e-02	4.06e-01	3.88e-01	1.22e-01
 5.34287e+22	0.00e+00	7.22e-31	2.57e-25	3.85e-22	3.31e-19	1.10e-16	2.12e-14	4.67e-12	2.56e-09	1.80e-07	6.04e-06	9.47e-05	1.03e-03	5.50e-03	1.81e-02	6.40e-02	4.14e-01	3.81e-01	1.16e-01
 5.36177e+22	0.00e+00	1.16e-30	4.01e-25	5.83e-22	4.85e-19	1.56e-16	2.89e-14	6.12e-12	3.30e-09	2.28e-07	7.45e-06	1.13e-04	1.20e-03	6.20e-03	1.97e-02	6.72e-02	4.21e-01	3.75e-01	1.10e-01
 5.38308e+22	0.00e+00	2.06e-30	6.93e-25	9.71e-22	7.75e-19	2.38e-16	4.22e-14	8.53e-12	4.52e-09	3.04e-07	9.62e-06	1.41e-04	1.45e-03	7.17e-03	2.18e-02	7.12e-02	4.29e-01	3.66e-01	1.03e-01
 5.40461e+22	0.00e+00	3.37e-30	1.11e-24	1.50e-21	1.16e-18	3.42e-16	5.82e-14	1.13e-11	5.90e-09	3.88e-07	1.20e-05	1.71e-04	1.70e-03	8.12e-03	2.38e-02	7.48e-02	4.35e-01	3.59e-01	9.74e-02
 5.42316e+22	0.00e+00	5.34e-30	1.71e-24	2.26e-21	1.68e-18	4.78e-16	7.85e-14	1.47e-11	7.55e-09	4.87e-07	1.47e-05	2.03e-04	1.96e-03	9.11e-03	2.57e-02	7.82e-02	4.41e-01	3.51e-01	9.23e-02
 5.44398e+22	0.00e+00	9.45e-30	2.94e-24	3.74e-21	2.67e-18	7.26e-16	1.14e-13	2.03e-11	1.03e-08	6.45e-07	1.89e-05	2.53e-04	2.35e-03	1.05e-02	2.84e-02	8.26e-02	4.48e-01	3.42e-01	8.62e-02
 5.46567e+22	0.00e+00	1.58e-29	4.80e-24	5.90e-21	4.05e-18	1.06e-15	1.59e-13	2.71e-11	1.35e-08	8.32e-07	2.37e-05	3.07e-04	2.77e-03	1.19e-02	3.10e-02	8.66e-02	4.53e-01	3.33e-01	8.09e-02
 5.48510e+22	0.00e+00	2.54e-29	7.49e-24	8.95e-21	5.93e-18	1.49e-15	2.16e-13	3.54e-11	1.74e-08	1.05e-06	2.91e-05	3.67e-04	3.22e-03	1.34e-02	3.35e-02	9.04e-02	4.58e-01	3.25e-01	7.62e-02
 5.50409e+22	0.00e+00	4.16e-29	1.20e-23	1.38e-20	8.81e-18	2.13e-15	2.95e-13	4.64e-11	2.26e-08	1.33e-06	3.61e-05	4.41e-04	3.76e-03	1.51e-02	3.64e-02	9.44e-02	4.62e-01	3.16e-01	7.15e-02
 5.52217e+22	0.00e+00	6.39e-29	1.80e-23	2.02e-20	1.25e-17	2.92e-15	3.89e-13	5.90e-11	2.84e-08	1.65e-06	4.36e-05	5.19e-04	4.30e-03	1.67e-02	3.90e-02	9.79e-02	4.65e-01	3.08e-01	6.76e-02
 5.54196e+22	0.00e+00	1.12e-28	3.07e-23	3.31e-20	1.96e-17	4.37e-15	5.55e-13	8.02e-11	3.82e-08	2.17e-06	5.56e-05	6.39e-04	5.12e-03	1.91e-02	4.27e-02	1.03e-01	4.69e-01	2.98e-01	6.26e-02
 5.56212e+22	0.00e+00	1.82e-28	4.85e-23	5.07e-20	2.89e-17	6.18e-15	7.53e-13	1.04e-10	4.91e-08	2.74e-06	6.86e-05	7.65e-04	5.95e-03	2.15e-02	4.61e-02	1.07e-01	4.72e-01	2.89e-01	5.86e-02
 5.57831e+22	0.00e+00	2.66e-28	6.97e-23	7.10e-20	3.92e-17	8.12e-15	9.57e-13	1.28e-10	5.99e-08	3.29e-06	8.09e-05	8.80e-04	6.69e-03	2.35e-02	4.89e-02	1.10e-01	4.73e-01	2.82e-01	5.55e-02
 5.59493e+22	0.00e+00	4.29e-28	1.10e-22	1.08e-19	5.73e-17	1.14e-14	1.29e-12	1.65e-10	7.67e-08	4.14e-06	9.93e-05	1.05e-03	7.73e-03	2.62e-02	5.26e-02	1.14e-01	4.74e-01	2.72e-01	5.18e-02
 5.61097e+22	0.00e+00	6.14e-28	1.54e-22	1.48e-19	7.63e-17	1.47e-14	1.61e-12	2.00e-10	9.23e-08	4.91e-06	1.16e-04	1.20e-03	8.63e-03	2.85e-02	5.55e-02	1.17e-01	4.75e-01	2.65e-01	4.91e-02
 5.62408e+22	0.00e+00	8.65e-28	2.13e-22	2.00e-19	1.00e-16	1.88e-14	1.99e-12	2.40e-10	1.10e-07	5.79e-06	1.34e-04	1.36e-03	9.57e-03	3.08e-02	5.85e-02	1.20e-01	4.75e-01	2.59e-01	4.67e-02
 5.63895e+22	0.00e+00	1.33e-27	3.22e-22	2.93e-19	1.42e-16	2.55e-14	2.60e-12	3.01e-10	1.38e-07	7.12e-06	1.61e-04	1.59e-03	1.09e-02	3.40e-02	6.23e-02	1.23e-01	4.74e-01	2.50e-01	4.36e-02
 5.65343e+22	0.00e+00	1.86e-27	4.41e-22	3.92e-19	1.84e-16	3.23e-14	3.19e-12	3.57e-10	1.63e-07	8.33e-06	1.86e-04	1.79e-03	1.20e-02	3.66e-02	6.53e-02	1.26e-01	4.74e-01	2.43e-01	4.14e-02
 5.66545e+22	0.00e+00	2.57e-27	6.02e-22	5.21e-19	2.39e-16	4.06e-14	3.89e-12	4.22e-10	1.92e-07	9.72e-06	2.13e-04	2.01e-03	1.33e-02	3.94e-02	6.84e-02	1.28e-01	4.72e-01	2.37e-01	3.93e-02
 5.67911e+22	0.00e+00	3.83e-27	8.78e-22	7.38e-19	3.27e-16	5.36e-14	4.95e-12	5.19e-10	2.35e-07	1.17e-05	2.52e-04	2.32e-03	1.49e-02	4.30e-02	7.23e-02	1.31e-01	4.71e-01	2.29e-01	3.69e-02
 5.69253e+22	0.00e+00	5.25e-27	1.18e-21	9.72e-19	4.19e-16	6.68e-14	5.98e-12	6.08e-10	2.75e-07	1.36e-05	2.88e-04	2.59e-03	1.63e-02	4.60e-02	7.55e-02	1.34e-01	4.69e-01	2.22e-01	3.50e-02
 5.70369e+22	0.00e+00	7.14e-27	1.59e-21	1.27e-18	5.34e-16	8.27e-14	7.18e-12	7.09e-10	3.20e-07	1.57e-05	3.27e-04	2.89e-03	1.79e-02	4.92e-02	7.87e-02	1.36e-01	4.66e-01	2.16e-01	3.32e-02
 5.71458e+22	0.00e+00	9.59e-27	2.10e-21	1.65e-18	6.74e-16	1.01e-13	8.57e-12	8.22e-10	3.71e-07	1.80e-05	3.70e-04	3.21e-03	1.95e-02	5.24e-02	8.18e-02	1.38e-01	4.64e-01	2.10e-01	3.15e-02
 5.72705e+22	0.00e+00	1.39e-26	3.00e-21	2.28e-18	9.03e-16	1.31e-13	1.07e-11	9.89e-10	4.46e-07	2.14e-05	4.32e-04	3.66e-03	2.17e-02	5.67e-02	8.58e-02	1.40e-01	4.60e-01	2.02e-01	2.95e-02
 5.73983e+22	4.43e-33	1.91e-26	4.05e-21	3.01e-18	1.16e-15	1.63e-13	1.29e-11	1.16e-09	5.22e-07	2.48e-05	4.92e-04	4.08e-03	2.37e-02	6.05e-02	8.93e-02	1.42e-01	4.56e-01	1.96e-01	2.79e-02
 5.75118e+22	6.09e-33	2.59e-26	5.41e-21	3.92e-18	1.47e-15	2.01e-13	1.54e-11	1.34e-09	6.06e-07	2.85e-05	5.57e-04	4.53e-03	2.58e-02	6.44e-02	9.27e-02	1.44e-01	4.52e-01	1.89e-01	2.64e-02
 5.76194e+22	8.34e-33	3.49e-26	7.19e-21	5.08e-18	1.85e-15	2.46e-13	1.83e-11	1.54e-09	6.99e-07	3.27e-05	6.30e-04	5.03e-03	2.81e-02	6.85e-02	9.61e-02	1.45e-01	4.48e-01	1.83e-01	2.49e-02
 5.77188e+22	1.11e-32	4.60e-26	9.35e-21	6.46e-18	2.29e-15	2.97e-13	2.14e-11	1.76e-09	7.99e-07	3.70e-05	7.04e-04	5.52e-03	3.03e-02	7.24e-02	9.92e-02	1.47e-01	4.44e-01	1.78e-01	2.36e-02
 5.78296e+22	1.60e-32	6.48e-26	1.30e-20	8.70e-18	2.99e-15	3.74e-13	2.60e-11	2.07e-09	9.42e-07	4.33e-05	8.09e-04	6.20e-03	3.33e-02	7.74e-02	1.03e-01	1.48e-01	4.38e-01	1.71e-01	2.21e-02
 5.79434e+22	2.20e-32	8.80e-26	1.74e-20	1.13e-17	3.79e-15	4.59e-13	3.09e-11	2.38e-09	1.09e-06	4.96e-05	9.14e-04	6.87e-03	3.62e-02	8.22e-02	1.07e-01	1.50e-01	4.32e-01	1.64e-01	2.08e-02
 5.80425e+22	2.91e-32	1.15e-25	2.24e-20	1.43e-17	4.66e-15	5.51e-13	3.61e-11	2.70e-09	1.24e-06	5.60e-05	1.02e-03	7.52e-03	3.89e-02	8.65e-02	1.10e-01	1.51e-01	4.27e-01	1.59e-01	1.97e-02
 5.81530e+22	4.30e-32	1.67e-25	3.19e-20	1.97e-17	6.19e-15	7.03e-13	4.42e-11	3.19e-09	1.47e-06	6.59e-05	1.18e-03	8.50e-03	4.29e-02	9.27e-02	1.14e-01	1.52e-01	4.19e-01	1.51e-01	1.82e-02
 5.82640e+22	5.83e-32	2.23e-25	4.21e-20	2.54e-17	7.74e-15	8.52e-13	5.19e-11	3.63e-09	1.68e-06	7.50e-05	1.32e-03	9.35e-03	4.63e-02	9.78e-02	1.17e-01	1.52e-01	4.13e-01	1.46e-01	1.71e-02
 5.83759e+22	8.61e-32	3.24e-25	6.00e-20	3.49e-17	1.03e-14	1.09e-12	6.36e-11	4.27e-09	2.00e-06	8.82e-05	1.53e-03	1.05e-02	5.10e-02	1.05e-01	1.22e-01	1.53e-01	4.04e-01	1.38e-01	1.58e-02
 5.84895e+22	1.19e-31	4.41e-25	8.06e-20	4.56e-17	1.30e-14	1.33e-12	7.51e-11	4.88e-09	2.30e-06	1.01e-04	1.72e-03	1.16e-02	5.52e-02	1.10e-01	1.25e-01	1.53e-01	3.96e-01	1.32e-01	1.47e-02
 5.85856e+22	1.59e-31	5.82e-25	1.05e-19	5.79e-17	1.60e-14	1.59e-12	8.71e-11	5.50e-09	2.61e-06	1.14e-04	1.92e-03	1.27e-02	5.92e-02	1.16e-01	1.28e-01	1.53e-01	3.88e-01	1.27e-01	1.38e-02
 5.86910e+22	2.34e-31	8.40e-25	1.49e-19	7.93e-17	2.11e-14	2.02e-12	1.06e-10	6.40e-09	3.07e-06	1.33e-04	2.20e-03	1.43e-02	6.48e-02	1.23e-01	1.32e-01	1.53e-01	3.78e-01	1.20e-01	1.27e-02
 5.87971e+22	3.16e-31	1.12e-24	1.97e-19	1.02e-16	2.63e-14	2.43e-12	1.23e-10	7.22e-09	3.49e-06	1.50e-04	2.45e-03	1.56e-02	6.96e-02	1.29e-01	1.35e-01	1.52e-01	3.70e-01	1.14e-01	1.18e-02
 5.89043e+22	4.75e-31	1.65e-24	2.85e-19	1.42e-16	3.50e-14	3.10e-12	1.50e-10	8.43e-09	4.13e-06	1.77e-04	2.83e-03	1.75e-02	7.63e-02	1.37e-01	1.39e-01	1.51e-01	3.58e-01	1.07e-01	1.07e-02
 5.90114e+22	6.41e-31	2.20e-24	3.74e-19	1.81e-16	4.34e-14	3.72e-12	1.74e-10	9.47e-09	4.68e-06	1.99e-04	3.15e-03	1.91e-02	8.16e-02	1.43e-01	1.42e-01	1.51e-01	3.49e-01	1.02e-01	9.97e-03
 5.91045e+22	8.77e-31	2.97e-24	4.98e-19	2.33e-16	5.42e-14	4.48e-12	2.02e-10	1.06e-08	5.31e-06	2.25e-04	3.51e-03	2.09e-02	8.74e-02	1.50e-01	1.44e-01	1.49e-01	3.39e-01	9.66e-02	9.22e-03
 5.91961e+22	1.19e-30	3.97e-24	6.57e-19	2.99e-16	6.72e-14	5.37e-12	2.33e-10	1.19e-08	6.00e-06	2.53e-04	3.89e-03	2.27e-02	9.32e-02	1.56e-01	1.47e-01	1.48e-01	3.29e-01	9.16e-02	8.53e-03
 5.92996e+22	1.78e-30	5.87e-24	9.53e-19	4.15e-16	8.93e-14	6.81e-12	2.82e-10	1.38e-08	7.05e-06	2.96e-04	4.47e-03	2.54e-02	1.02e-01	1.65e-01	1.49e-01	1.46e-01	3.15e-01	8.50e-02	7.66e-03
 5.94017e+22	2.39e-30	7.77e-24	1.25e-18	5.27e-16	1.10e-13	8.10e-12	3.24e-10	1.53e-08	7.92e-06	3.30e-04	4.93e-03	2.75e-02	1.08e-01	1.71e-01	1.51e-01	1.44e-01	3.06e-01	8.04e-02	7.08e-03
 5.95019e+22	3.55e-30	1.13e-23	1.79e-18	7.25e-16	1.45e-13	1.02e-11	3.89e-10	1.76e-08	9.22e-06	3.83e-04	5.61e-03	3.05e-02	1.17e-01	1.79e-01	1.53e-01	1.41e-01	2.92e-01	7.43e-02	6.34e-03
 5.96035e+22	4.88e-30	1.54e-23	2.39e-18	9.35e-16	1.80e-13	1.22e-11	4.49e-10	1.96e-08	1.04e-05	4.30e-04	6.21e-03	3.31e-02	1.24e-01	1.86e-01	1.55e-01	1.39e-01	2.81e-01	6.97e-02	5.80e-03
 5.97068e+22	7.33e-30	2.27e-23	3.47e-18	1.30e-15	2.39e-13	1.55e-11	5.40e-10	2.25e-08	1.21e-05	4.98e-04	7.06e-03	3.67e-02	1.34e-01	1.94e-01	1.56e-01	1.35e-01	2.67e-01	6.40e-02	5.15e-03
 5.98080e+22	9.89e-30	3.02e-23	4.55e-18	1.65e-15	2.94e-13	1.84e-11	6.18e-10	2.49e-08	1.35e-05	5.54e-04	7.75e-03	3.94e-02	1.41e-01	2.00e-01	1.57e-01	1.33e-01	2.56e-01	5.99e-02	4.71e-03
 5.99064e+22	1.47e-29	4.41e-23	6.53e-18	2.27e-15	3.85e-13	2.30e-11	7.37e-10	2.84e-08	1.56e-05	6.36e-04	8.74e-03	4.34e-02	1.51e-01	2.08e-01	1.58e-01	1.29e-01	2.42e-01	5.48e-02	4.17e-03
 6.00064e+22	2.01e-29	5.95e-23	8.70e-18	2.91e-15	4.77e-13	2.74e-11	8.46e-10	3.15e-08	1.75e-05	7.08e-04	9.59e-03	4.66e-02	1.59e-01	2.14e-01	1.58e-01	1.26e-01	2.31e-01	5.10e-02	3.78e-03
 6.01083e+22	3.03e-29	8.82e-23	1.27e-17	4.05e-15	6.32e-13	3.46e-11	1.01e-09	3.60e-08	2.02e-05	8.13e-04	1.08e-02	5.12e-02	1.70e-01	2.21e-01	1.58e-01	1.21e-01	2.17e-01	4.62e-02	3.31e-03
 6.02116e+22	4.20e-29	1.20e-22	1.70e-17	5.24e-15	7.89e-13	4.15e-11	1.17e-09	4.00e-08	2.26e-05	9.06e-04	1.19e-02	5.50e-02	1.79e-01	2.27e-01	1.57e-01	1.18e-01	2.06e-01	4.26e-02	2.97e-03
 6.03167e+22	6.43e-29	1.81e-22	2.51e-17	7.36e-15	1.05e-12	5.27e-11	1.41e-09	4.58e-08	2.60e-05	1.04e-03	1.33e-02	6.02e-02	1.90e-01	2.33e-01	1.56e-01	1.13e-01	1.92e-01	3.83e-02	2.57e-03
 6.04223e+22	8.92e-29	2.48e-22	3.38e-17	9.54e-15	1.31e-12	6.33e-11	1.62e-09	5.09e-08	2.90e-05	1.15e-03	1.46e-02	6.44e-02	1.99e-01	2.38e-01	1.55e-01	1.09e-01	1.81e-01	3.52e-02	2.30e-03
 6.05285e+22	1.37e-28	3.74e-22	5.00e-17	1.34e-14	1.76e-12	8.04e-11	1.95e-09	5.84e-08	3.33e-05	1.32e-03	1.63e-02	7.01e-02	2.11e-01	2.44e-01	1.53e-01	1.04e-01	1.68e-01	3.13e-02	1.97e-03
 6.06321e+22	1.86e-28	4.99e-22	6.59e-17	1.71e-14	2.16e-12	9.53e-11	2.23e-09	6.45e-08	3.67e-05	1.44e-03	1.76e-02	7.43e-02	2.19e-01	2.47e-01	1.51e-01	1.00e-01	1.58e-01	2.88e-02	1.77e-03
 6.07324e+22	2.80e-28	7.38e-22	9.56e-17	2.36e-14	2.84e-12	1.20e-10	2.66e-09	7.34e-08	4.17e-05	1.63e-03	1.95e-02	8.02e-02	2.30e-01	2.51e-01	1.49e-01	9.51e-02	1.46e-01	2.57e-02	1.52e-03
 6.08335e+22	3.77e-28	9.80e-22	1.25e-16	2.98e-14	3.48e-12	1.41e-10	3.03e-09	8.10e-08	4.57e-05	1.78e-03	2.10e-02	8.46e-02	2.38e-01	2.54e-01	1.47e-01	9.15e-02	1.38e-01	2.36e-02	1.36e-03
 6.09356e+22	5.62e-28	1.44e-21	1.80e-16	4.08e-14	4.55e-12	1.77e-10	3.61e-09	9.23e-08	5.16e-05	1.99e-03	2.31e-02	9.06e-02	2.48e-01	2.57e-01	1.43e-01	8.67e-02	1.27e-01	2.10e-02	1.17e-03
 6.10405e+22	7.71e-28	1.94e-21	2.39e-16	5.24e-14	5.64e-12	2.11e-10	4.15e-09	1.03e-07	5.68e-05	2.18e-03	2.48e-02	9.56e-02	2.56e-01	2.59e-01	1.41e-01	8.29e-02	1.19e-01	1.91e-02	1.04e-03
 6.11487e+22	1.17e-27	2.89e-21	3.48e-16	7.27e-14	7.46e-12	2.66e-10	4.98e-09	1.18e-07	6.41e-05	2.44e-03	2.72e-02	1.02e-01	2.66e-01	2.60e-01	1.37e-01	7.80e-02	1.09e-01	1.68e-02	8.81e-04
 6.12588e+22	1.60e-27	3.89e-21	4.62e-16	9.30e-14	9.22e-12	3.18e-10	5.74e-09	1.31e-07	7.04e-05	2.66e-03	2.92e-02	1.07e-01	2.74e-01	2.61e-01	1.34e-01	7.44e-02	1.02e-01	1.53e-02	7.78e-04
 6.13711e+22	2.42e-27	5.77e-21	6.71e-16	1.29e-13	1.22e-11	4.01e-10	6.90e-09	1.51e-07	7.93e-05	2.96e-03	3.19e-02	1.14e-01	2.83e-01	2.62e-01	1.30e-01	6.97e-02	9.27e-02	1.34e-02	6.58e-04
 6.14865e+22	3.34e-27	7.84e-21	8.96e-16	1.66e-13	1.52e-11	4.82e-10	7.99e-09	1.68e-07	8.71e-05	3.23e-03	3.41e-02	1.20e-01	2.90e-01	2.62e-01	1.26e-01	6.62e-02	8.61e-02	1.21e-02	5.76e-04
 6.16057e+22	5.09e-27	1.17e-20	1.30e-15	2.30e-13	2.01e-11	6.12e-10	9.67e-09	1.95e-07	9.82e-05	3.60e-03	3.72e-02	1.27e-01	2.99e-01	2.61e-01	1.22e-01	6.18e-02	7.80e-02	1.06e-02	4.84e-04
 6.17248e+22	6.94e-27	1.57e-20	1.72e-15	2.94e-13	2.48e-11	7.31e-10	1.12e-08	2.18e-07	1.07e-04	3.89e-03	3.96e-02	1.33e-01	3.05e-01	2.60e-01	1.18e-01	5.86e-02	7.24e-02	9.52e-03	4.24e-04
 6.18437e+22	1.04e-26	2.30e-20	2.47e-15	4.02e-13	3.26e-11	9.20e-10	1.34e-08	2.51e-07	1.20e-04	4.31e-03	4.28e-02	1.40e-01	3.13e-01	2.58e-01	1.13e-01	5.46e-02	6.56e-02	8.31e-03	3.57e-04
 6.19655e+22	1.43e-26	3.10e-20	3.27e-15	5.14e-13	4.04e-11	1.10e-09	1.55e-08	2.81e-07	1.32e-04	4.67e-03	4.55e-02	1.46e-01	3.18e-01	2.56e-01	1.10e-01	5.15e-02	6.07e-02	7.46e-03	3.11e-04
 6.20910e+22	2.15e-26	4.57e-20	4.70e-15	7.08e-13	5.33e-11	1.40e-09	1.88e-08	3.26e-07	1.48e-04	5.16e-03	4.91e-02	1.53e-01	3.25e-01	2.53e-01	1.05e-01	4.78e-02	5.47e-02	6.47e-03	2.60e-04
 6.22127e+22	2.83e-26	5.92e-20	6.00e-15	8.77e-13	6.43e-11	1.64e-09	2.14e-08	3.61e-07	1.60e-04	5.53e-03	5.17e-02	1.58e-01	3.29e-01	2.51e-01	1.02e-01	4.54e-02	5.09e-02	5.87e-03	2.30e-04
 6.23293e+22	4.08e-26	8.37e-20	8.31e-15	1.17e-12	8.24e-11	2.02e-09	2.54e-08	4.14e-07	1.78e-04	6.04e-03	5.53e-02	1.65e-01	3.35e-01	2.48e-01	9.73e-02	4.23e-02	4.62e-02	5.14e-03	1.95e-04
 6.24488e+22	5.42e-26	1.09e-19	1.07e-14	1.45e-12	9.99e-11	2.39e-09	2.91e-08	4.60e-07	1.93e-04	6.47e-03	5.82e-02	1.70e-01	3.38e-01	2.45e-01	9.39e-02	4.00e-02	4.28e-02	4.64e-03	1.71e-04
 6.25720e+22	7.91e-26	1.56e-19	1.49e-14	1.95e-12	1.29e-10	2.97e-09	3.48e-08	5.29e-07	2.15e-04	7.08e-03	6.22e-02	1.78e-01	3.43e-01	2.41e-01	8.95e-02	3.70e-02	3.87e-02	4.04e-03	1.44e-04
 6.26969e+22	1.04e-25	2.03e-19	1.90e-14	2.42e-12	1.56e-10	3.49e-09	3.98e-08	5.89e-07	2.33e-04	7.57e-03	6.53e-02	1.83e-01	3.46e-01	2.37e-01	8.63e-02	3.50e-02	3.58e-02	3.64e-03	1.26e-04
 6.28240e+22	1.51e-25	2.86e-19	2.61e-14	3.21e-12	2.00e-10	4.32e-09	4.74e-08	6.77e-07	2.59e-04	8.25e-03	6.95e-02	1.90e-01	3.50e-01	2.32e-01	8.21e-02	3.24e-02	3.23e-02	3.17e-03	1.06e-04
 6.29500e+22	1.98e-25	3.69e-19	3.32e-14	3.96e-12	2.40e-10	5.07e-09	5.41e-08	7.51e-07	2.80e-04	8.80e-03	7.27e-02	1.95e-01	3.52e-01	2.29e-01	7.90e-02	3.06e-02	2.99e-02	2.86e-03	9.32e-05
 6.30747e+22	2.82e-25	5.16e-19	4.53e-14	5.21e-12	3.06e-10	6.24e-09	6.42e-08	8.61e-07	3.10e-04	9.56e-03	7.71e-02	2.02e-01	3.54e-01	2.24e-01	7.50e-02	2.83e-02	2.70e-02	2.49e-03	7.84e-05
 6.32007e+22	3.66e-25	6.58e-19	5.68e-14	6.37e-12	3.66e-10	7.28e-09	7.30e-08	9.53e-07	3.35e-04	1.02e-02	8.05e-02	2.07e-01	3.56e-01	2.20e-01	7.21e-02	2.67e-02	2.50e-02	2.25e-03	6.91e-05
 6.33282e+22	5.20e-25	9.14e-19	7.71e-14	8.35e-12	4.64e-10	8.94e-09	8.65e-08	1.09e-06	3.71e-04	1.10e-02	8.52e-02	2.14e-01	3.58e-01	2.14e-01	6.83e-02	2.47e-02	2.25e-02	1.96e-03	5.81e-05
 6.34582e+22	6.79e-25	1.17e-18	9.71e-14	1.02e-11	5.56e-10	1.05e-08	9.86e-08	1.21e-06	4.01e-04	1.17e-02	8.89e-02	2.19e-01	3.59e-01	2.10e-01	6.55e-02	2.32e-02	2.08e-02	1.76e-03	5.09e-05
 6.35914e+22	9.67e-25	1.63e-18	1.32e-13	1.34e-11	7.07e-10	1.29e-08	1.17e-07	1.39e-06	4.45e-04	1.27e-02	9.40e-02	2.26e-01	3.60e-01	2.04e-01	6.18e-02	2.14e-02	1.86e-02	1.52e-03	4.25e-05
 6.37271e+22	1.27e-24	2.10e-18	1.66e-13	1.65e-11	8.49e-10	1.51e-08	1.34e-07	1.55e-06	4.82e-04	1.35e-02	9.80e-02	2.31e-01	3.60e-01	2.00e-01	5.91e-02	2.00e-02	1.72e-02	1.37e-03	3.71e-05
 6.38659e+22	1.81e-24	2.92e-18	2.26e-13	2.17e-11	1.08e-09	1.86e-08	1.59e-07	1.79e-06	5.35e-04	1.47e-02	1.03e-01	2.37e-01	3.60e-01	1.94e-01	5.56e-02	1.84e-02	1.53e-02	1.18e-03	3.09e-05
 6.40072e+22	2.37e-24	3.76e-18	2.86e-13	2.67e-11	1.30e-09	2.19e-08	1.82e-07	1.99e-06	5.81e-04	1.56e-02	1.08e-01	2.42e-01	3.60e-01	1.89e-01	5.30e-02	1.72e-02	1.41e-02	1.05e-03	2.68e-05
 6.41520e+22	3.39e-24	5.26e-18	3.89e-13	3.52e-11	1.66e-09	2.71e-08	2.18e-07	2.30e-06	6.46e-04	1.69e-02	1.14e-01	2.49e-01	3.59e-01	1.83e-01	4.96e-02	1.57e-02	1.25e-02	9.01e-04	2.22e-05
 6.42935e+22	4.33e-24	6.59e-18	4.78e-13	4.24e-11	1.96e-09	3.13e-08	2.46e-07	2.54e-06	6.95e-04	1.79e-02	1.18e-01	2.53e-01	3.58e-01	1.78e-01	4.74e-02	1.48e-02	1.16e-02	8.13e-04	1.95e-05
 6.44306e+22	6.07e-24	9.02e-18	6.39e-13	5.48e-11	2.47e-09	3.82e-08	2.91e-07	2.90e-06	7.68e-04	1.93e-02	1.24e-01	2.59e-01	3.56e-01	1.72e-01	4.45e-02	1.36e-02	1.03e-02	7.01e-04	1.63e-05
 6.45700e+22	7.75e-24	1.13e-17	7.87e-13	6.61e-11	2.91e-09	4.42e-08	3.29e-07	3.21e-06	8.28e-04	2.04e-02	1.28e-01	2.63e-01	3.55e-01	1.67e-01	4.24e-02	1.27e-02	9.53e-03	6.30e-04	1.43e-05
 6.47122e+22	1.08e-23	1.54e-17	1.04e-12	8.50e-11	3.65e-09	5.38e-08	3.88e-07	3.67e-06	9.14e-04	2.19e-02	1.34e-01	2.69e-01	3.52e-01	1.61e-01	3.98e-02	1.16e-02	8.52e-03	5.45e-04	1.19e-05
 6.48588e+22	1.41e-23	1.97e-17	1.31e-12	1.04e-10	4.38e-09	6.31e-08	4.43e-07	4.09e-06	9.92e-04	2.32e-02	1.39e-01	2.73e-01	3.50e-01	1.56e-01	3.77e-02	1.08e-02	7.77e-03	4.83e-04	1.03e-05
 6.50112e+22	1.97e-23	2.68e-17	1.74e-12	1.34e-10	5.49e-09	7.70e-08	5.24e-07	4.69e-06	1.10e-03	2.50e-02	1.46e-01	2.79e-01	3.47e-01	1.50e-01	3.52e-02	9.89e-03	6.92e-03	4.15e-04	8.55e-06
 6.51685e+22	2.62e-23	3.49e-17	2.21e-12	1.67e-10	6.66e-09	9.11e-08	6.04e-07	5.26e-06	1.20e-03	2.66e-02	1.52e-01	2.83e-01	3.44e-01	1.45e-01	3.31e-02	9.14e-03	6.26e-03	3.65e-04	7.29e-06
 6.53324e+22	3.71e-23	4.81e-17	2.96e-12	2.17e-10	8.43e-09	1.12e-07	7.19e-07	6.07e-06	1.33e-03	2.87e-02	1.59e-01	2.88e-01	3.39e-01	1.39e-01	3.07e-02	8.28e-03	5.53e-03	3.11e-04	5.99e-06
 6.55007e+22	4.97e-23	6.30e-17	3.79e-12	2.71e-10	1.03e-08	1.33e-07	8.32e-07	6.84e-06	1.45e-03	3.06e-02	1.65e-01	2.92e-01	3.36e-01	1.33e-01	2.88e-02	7.62e-03	4.98e-03	2.72e-04	5.07e-06
 6.56748e+22	7.12e-23	8.79e-17	5.13e-12	3.56e-10	1.31e-08	1.65e-07	9.96e-07	7.92e-06	1.62e-03	3.31e-02	1.73e-01	2.97e-01	3.30e-01	1.27e-01	2.66e-02	6.86e-03	4.37e-03	2.29e-04	4.13e-06
