#depth	Cl	Cl+	Cl+2	Cl+3	Cl+4	Cl+5	Cl+6	Cl+7	Cl+8	Cl+9	Cl+10	Cl+11	Cl+12	Cl+13	Cl+14	Cl+15	Cl+16	Cl+17
 4.62852e+21	0.00e+00	0.00e+00	0.00e+00	0.00e+00	0.00e+00	0.00e+00	0.00e+00	0.00e+00	0.00e+00	0.00e+00	9.74e-24	6.49e-20	2.36e-16	5.42e-13	1.38e-09	6.46e-06	4.47e-03	9.96e-01
 1.05207e+22	0.00e+00	0.00e+00	0.00e+00	0.00e+00	0.00e+00	0.00e+00	0.00e+00	0.00e+00	0.00e+00	1.51e-26	1.17e-22	5.42e-19	1.44e-15	2.30e-12	4.07e-09	1.33e-05	6.40e-03	9.94e-01
 1.26186e+22	0.00e+00	0.00e+00	0.00e+00	0.00e+00	0.00e+00	0.00e+00	0.00e+00	0.00e+00	0.00e+00	1.01e-25	6.15e-22	2.25e-18	4.69e-15	5.94e-12	8.29e-09	2.13e-05	8.10e-03	9.92e-01
 1.41202e+22	0.00e+00	0.00e+00	0.00e+00	0.00e+00	0.00e+00	0.00e+00	0.00e+00	0.00e+00	4.21e-29	4.61e-25	2.32e-21	7.00e-18	1.21e-14	1.27e-11	1.46e-08	3.11e-05	9.78e-03	9.90e-01
 1.50843e+22	0.00e+00	0.00e+00	0.00e+00	0.00e+00	0.00e+00	0.00e+00	0.00e+00	0.00e+00	8.66e-29	8.75e-25	4.07e-21	1.13e-17	1.80e-14	1.74e-11	1.86e-08	3.65e-05	1.06e-02	9.89e-01
 1.57665e+22	0.00e+00	0.00e+00	0.00e+00	0.00e+00	0.00e+00	0.00e+00	0.00e+00	0.00e+00	2.40e-28	2.16e-24	8.95e-21	2.22e-17	3.17e-14	2.73e-11	2.60e-08	4.57e-05	1.18e-02	9.88e-01
 1.64638e+22	0.00e+00	0.00e+00	0.00e+00	0.00e+00	0.00e+00	0.00e+00	0.00e+00	0.00e+00	5.33e-28	4.39e-24	1.66e-20	3.78e-17	4.93e-14	3.89e-11	3.39e-08	5.45e-05	1.29e-02	9.87e-01
 1.71809e+22	0.00e+00	0.00e+00	0.00e+00	0.00e+00	0.00e+00	0.00e+00	0.00e+00	0.00e+00	1.49e-27	1.09e-23	3.69e-20	7.47e-17	8.68e-14	6.12e-11	4.76e-08	6.84e-05	1.45e-02	9.85e-01
 1.79107e+22	0.00e+00	0.00e+00	0.00e+00	0.00e+00	0.00e+00	0.00e+00	0.00e+00	0.00e+00	3.32e-27	2.22e-23	6.84e-20	1.30e-16	1.37e-13	8.84e-11	6.27e-08	8.21e-05	1.58e-02	9.84e-01
 1.84642e+22	0.00e+00	0.00e+00	0.00e+00	0.00e+00	0.00e+00	0.00e+00	0.00e+00	0.00e+00	5.72e-27	3.59e-23	1.04e-19	1.86e-16	1.85e-13	1.12e-10	7.50e-08	9.25e-05	1.68e-02	9.83e-01
 1.89907e+22	0.00e+00	0.00e+00	0.00e+00	0.00e+00	0.00e+00	0.00e+00	0.00e+00	0.00e+00	1.26e-26	7.26e-23	1.93e-19	3.14e-16	2.87e-13	1.59e-10	9.75e-08	1.10e-04	1.83e-02	9.82e-01
 1.95138e+22	0.00e+00	0.00e+00	0.00e+00	0.00e+00	0.00e+00	0.00e+00	0.00e+00	0.00e+00	2.16e-26	1.17e-22	2.92e-19	4.48e-16	3.86e-13	2.02e-10	1.16e-07	1.24e-04	1.94e-02	9.80e-01
 2.00326e+22	0.00e+00	0.00e+00	0.00e+00	0.00e+00	0.00e+00	0.00e+00	0.00e+00	0.00e+00	4.50e-26	2.24e-22	5.15e-19	7.29e-16	5.78e-13	2.79e-10	1.48e-07	1.46e-04	2.10e-02	9.79e-01
 2.05669e+22	0.00e+00	0.00e+00	0.00e+00	0.00e+00	0.00e+00	0.00e+00	0.00e+00	0.00e+00	8.42e-26	3.90e-22	8.37e-19	1.10e-15	8.16e-13	3.67e-10	1.82e-07	1.67e-04	2.25e-02	9.77e-01
 2.10408e+22	0.00e+00	0.00e+00	0.00e+00	0.00e+00	0.00e+00	0.00e+00	0.00e+00	1.51e-29	1.52e-25	6.60e-22	1.32e-18	1.63e-15	1.13e-12	4.76e-10	2.22e-07	1.90e-04	2.40e-02	9.76e-01
 2.15761e+22	0.00e+00	0.00e+00	0.00e+00	0.00e+00	0.00e+00	0.00e+00	0.00e+00	3.44e-29	3.19e-25	1.27e-21	2.35e-18	2.67e-15	1.70e-12	6.60e-10	2.83e-07	2.24e-04	2.60e-02	9.74e-01
 2.21258e+22	0.00e+00	0.00e+00	0.00e+00	0.00e+00	0.00e+00	0.00e+00	0.00e+00	7.02e-29	6.06e-25	2.25e-21	3.86e-18	4.07e-15	2.42e-12	8.74e-10	3.49e-07	2.57e-04	2.79e-02	9.72e-01
 2.26061e+22	0.00e+00	0.00e+00	0.00e+00	0.00e+00	0.00e+00	0.00e+00	0.00e+00	1.36e-28	1.10e-24	3.80e-21	6.10e-18	6.03e-15	3.34e-12	1.13e-09	4.24e-07	2.93e-04	2.97e-02	9.70e-01
 2.31425e+22	0.00e+00	0.00e+00	0.00e+00	0.00e+00	0.00e+00	0.00e+00	0.00e+00	3.26e-28	2.40e-24	7.61e-21	1.12e-17	1.01e-14	5.14e-12	1.60e-09	5.49e-07	3.47e-04	3.23e-02	9.67e-01
 2.36784e+22	0.00e+00	0.00e+00	0.00e+00	0.00e+00	0.00e+00	0.00e+00	0.00e+00	6.00e-28	4.15e-24	1.24e-20	1.71e-17	1.45e-14	6.95e-12	2.04e-09	6.58e-07	3.91e-04	3.43e-02	9.65e-01
 2.42136e+22	0.00e+00	0.00e+00	0.00e+00	0.00e+00	0.00e+00	0.00e+00	0.00e+00	1.44e-27	9.10e-24	2.47e-20	3.16e-17	2.45e-14	1.07e-11	2.88e-09	8.53e-07	4.65e-04	3.73e-02	9.62e-01
 2.47436e+22	0.00e+00	0.00e+00	0.00e+00	0.00e+00	0.00e+00	0.00e+00	0.00e+00	2.62e-27	1.56e-23	3.99e-20	4.79e-17	3.50e-14	1.44e-11	3.65e-09	1.02e-06	5.23e-04	3.95e-02	9.60e-01
 2.51783e+22	0.00e+00	0.00e+00	0.00e+00	0.00e+00	0.00e+00	0.00e+00	0.00e+00	4.69e-27	2.62e-23	6.32e-20	7.15e-17	4.93e-14	1.92e-11	4.58e-09	1.21e-06	5.85e-04	4.17e-02	9.58e-01
 2.55853e+22	0.00e+00	0.00e+00	0.00e+00	0.00e+00	0.00e+00	0.00e+00	0.00e+00	8.25e-27	4.36e-23	9.91e-20	1.06e-16	6.89e-14	2.53e-11	5.72e-09	1.42e-06	6.54e-04	4.40e-02	9.55e-01
 2.59841e+22	0.00e+00	0.00e+00	0.00e+00	0.00e+00	0.00e+00	0.00e+00	0.00e+00	1.44e-26	7.15e-23	1.54e-19	1.55e-16	9.55e-14	3.32e-11	7.10e-09	1.67e-06	7.27e-04	4.64e-02	9.53e-01
 2.64419e+22	0.00e+00	0.00e+00	0.00e+00	0.00e+00	0.00e+00	0.00e+00	0.00e+00	2.93e-26	1.35e-22	2.70e-19	2.54e-16	1.45e-13	4.70e-11	9.38e-09	2.06e-06	8.35e-04	4.96e-02	9.50e-01
 2.68980e+22	0.00e+00	0.00e+00	0.00e+00	0.00e+00	0.00e+00	0.00e+00	3.34e-30	5.11e-26	2.23e-22	4.21e-19	3.74e-16	2.02e-13	6.18e-11	1.17e-08	2.43e-06	9.30e-04	5.23e-02	9.47e-01
 2.73520e+22	0.00e+00	0.00e+00	0.00e+00	0.00e+00	0.00e+00	0.00e+00	7.27e-30	1.03e-25	4.19e-22	7.35e-19	6.06e-16	3.05e-13	8.71e-11	1.53e-08	2.98e-06	1.07e-03	5.59e-02	9.43e-01
 2.78132e+22	0.00e+00	0.00e+00	0.00e+00	0.00e+00	0.00e+00	0.00e+00	1.37e-29	1.83e-25	7.00e-22	1.16e-18	9.02e-16	4.28e-13	1.15e-10	1.92e-08	3.52e-06	1.19e-03	5.89e-02	9.40e-01
 2.82154e+22	0.00e+00	0.00e+00	0.00e+00	0.00e+00	0.00e+00	0.00e+00	2.51e-29	3.17e-25	1.15e-21	1.79e-18	1.32e-15	5.92e-13	1.51e-10	2.38e-08	4.13e-06	1.32e-03	6.20e-02	9.37e-01
 2.86697e+22	0.00e+00	0.00e+00	0.00e+00	0.00e+00	0.00e+00	0.00e+00	5.46e-29	6.40e-25	2.15e-21	3.12e-18	2.14e-15	8.94e-13	2.12e-10	3.12e-08	5.07e-06	1.51e-03	6.62e-02	9.32e-01
 2.91301e+22	0.00e+00	0.00e+00	0.00e+00	0.00e+00	0.00e+00	0.00e+00	1.02e-28	1.13e-24	3.57e-21	4.89e-18	3.16e-15	1.25e-12	2.80e-10	3.89e-08	5.97e-06	1.69e-03	6.98e-02	9.29e-01
 2.95983e+22	0.00e+00	0.00e+00	0.00e+00	0.00e+00	0.00e+00	0.00e+00	2.26e-28	2.31e-24	6.78e-21	8.64e-18	5.19e-15	1.90e-12	3.97e-10	5.14e-08	7.36e-06	1.93e-03	7.45e-02	9.24e-01
 3.00297e+22	0.00e+00	0.00e+00	0.00e+00	0.00e+00	0.00e+00	0.00e+00	3.91e-28	3.80e-24	1.06e-20	1.28e-17	7.32e-15	2.55e-12	5.06e-10	6.24e-08	8.50e-06	2.13e-03	7.80e-02	9.20e-01
 3.03559e+22	0.00e+00	0.00e+00	0.00e+00	0.00e+00	0.00e+00	0.00e+00	6.44e-28	5.97e-24	1.59e-20	1.83e-17	9.99e-15	3.32e-12	6.30e-10	7.44e-08	9.69e-06	2.32e-03	8.13e-02	9.16e-01
 3.07227e+22	0.00e+00	0.00e+00	0.00e+00	0.00e+00	0.00e+00	0.00e+00	1.17e-27	1.02e-23	2.56e-20	2.80e-17	1.44e-14	4.54e-12	8.16e-10	9.14e-08	1.13e-05	2.57e-03	8.53e-02	9.12e-01
 3.11113e+22	0.00e+00	0.00e+00	0.00e+00	0.00e+00	0.00e+00	0.00e+00	2.04e-27	1.69e-23	4.02e-20	4.17e-17	2.04e-14	6.11e-12	1.04e-09	1.11e-07	1.31e-05	2.82e-03	8.93e-02	9.08e-01
 3.14618e+22	0.00e+00	0.00e+00	0.00e+00	0.00e+00	0.00e+00	0.00e+00	3.44e-27	2.71e-23	6.15e-20	6.07e-17	2.83e-14	8.06e-12	1.31e-09	1.34e-07	1.50e-05	3.09e-03	9.32e-02	9.04e-01
 3.18513e+22	0.00e+00	0.00e+00	0.00e+00	0.00e+00	0.00e+00	0.00e+00	6.47e-27	4.79e-23	1.02e-19	9.51e-17	4.18e-14	1.12e-11	1.73e-09	1.66e-07	1.76e-05	3.44e-03	9.80e-02	8.99e-01
 3.22571e+22	0.00e+00	0.00e+00	0.00e+00	0.00e+00	0.00e+00	2.59e-30	1.16e-26	8.15e-23	1.65e-19	1.45e-16	6.03e-14	1.53e-11	2.24e-09	2.04e-07	2.05e-05	3.80e-03	1.03e-01	8.93e-01
 3.26043e+22	0.00e+00	0.00e+00	0.00e+00	0.00e+00	0.00e+00	4.53e-30	1.95e-26	1.30e-22	2.50e-19	2.09e-16	8.31e-14	2.01e-11	2.80e-09	2.44e-07	2.35e-05	4.15e-03	1.07e-01	8.89e-01
 3.29759e+22	0.00e+00	0.00e+00	0.00e+00	0.00e+00	0.00e+00	8.70e-30	3.55e-26	2.23e-22	4.05e-19	3.21e-16	1.20e-13	2.76e-11	3.63e-09	3.01e-07	2.74e-05	4.59e-03	1.12e-01	8.83e-01
 3.33401e+22	0.00e+00	0.00e+00	0.00e+00	0.00e+00	0.00e+00	1.50e-29	5.87e-26	3.52e-22	6.09e-19	4.61e-16	1.65e-13	3.61e-11	4.53e-09	3.58e-07	3.12e-05	5.00e-03	1.17e-01	8.78e-01
 3.36314e+22	0.00e+00	0.00e+00	0.00e+00	0.00e+00	0.00e+00	2.39e-29	9.01e-26	5.19e-22	8.62e-19	6.26e-16	2.15e-13	4.52e-11	5.46e-09	4.16e-07	3.49e-05	5.37e-03	1.21e-01	8.74e-01
 3.39467e+22	0.00e+00	0.00e+00	0.00e+00	0.00e+00	0.00e+00	4.13e-29	1.49e-25	8.17e-22	1.29e-18	8.94e-16	2.93e-13	5.88e-11	6.79e-09	4.94e-07	3.96e-05	5.84e-03	1.26e-01	8.68e-01
 3.42896e+22	0.00e+00	0.00e+00	0.00e+00	0.00e+00	0.00e+00	7.04e-29	2.44e-25	1.27e-21	1.92e-18	1.27e-15	3.98e-13	7.63e-11	8.41e-09	5.86e-07	4.50e-05	6.34e-03	1.31e-01	8.63e-01
 3.46103e+22	0.00e+00	0.00e+00	0.00e+00	0.00e+00	0.00e+00	1.19e-28	3.95e-25	1.97e-21	2.85e-18	1.80e-15	5.38e-13	9.85e-11	1.04e-08	6.93e-07	5.10e-05	6.88e-03	1.36e-01	8.58e-01
 3.49104e+22	0.00e+00	0.00e+00	0.00e+00	0.00e+00	0.00e+00	1.92e-28	6.13e-25	2.94e-21	4.06e-18	2.46e-15	7.07e-13	1.24e-10	1.26e-08	8.07e-07	5.70e-05	7.40e-03	1.40e-01	8.52e-01
 3.52420e+22	0.00e+00	0.00e+00	0.00e+00	0.00e+00	0.00e+00	3.40e-28	1.04e-24	4.72e-21	6.21e-18	3.57e-15	9.77e-13	1.63e-10	1.58e-08	9.66e-07	6.52e-05	8.08e-03	1.46e-01	8.46e-01
 3.55930e+22	0.00e+00	0.00e+00	0.00e+00	0.00e+00	0.00e+00	5.89e-28	1.72e-24	7.47e-21	9.36e-18	5.13e-15	1.34e-12	2.14e-10	1.97e-08	1.15e-06	7.42e-05	8.79e-03	1.52e-01	8.40e-01
 3.59039e+22	0.00e+00	0.00e+00	0.00e+00	0.00e+00	0.00e+00	9.70e-28	2.73e-24	1.13e-20	1.36e-17	7.12e-15	1.78e-12	2.72e-10	2.40e-08	1.35e-06	8.35e-05	9.48e-03	1.57e-01	8.34e-01
 3.61765e+22	0.00e+00	0.00e+00	0.00e+00	0.00e+00	0.00e+00	1.50e-27	4.06e-24	1.62e-20	1.87e-17	9.48e-15	2.28e-12	3.36e-10	2.86e-08	1.55e-06	9.24e-05	1.01e-02	1.62e-01	8.28e-01
 3.64263e+22	0.00e+00	0.00e+00	0.00e+00	0.00e+00	0.00e+00	2.23e-27	5.87e-24	2.26e-20	2.52e-17	1.23e-14	2.86e-12	4.07e-10	3.35e-08	1.76e-06	1.01e-04	1.08e-02	1.66e-01	8.23e-01
 3.67127e+22	0.00e+00	0.00e+00	0.00e+00	0.00e+00	8.19e-31	3.61e-27	9.15e-24	3.38e-20	3.60e-17	1.69e-14	3.76e-12	5.13e-10	4.05e-08	2.04e-06	1.13e-04	1.16e-02	1.71e-01	8.17e-01
 3.70228e+22	0.00e+00	0.00e+00	0.00e+00	0.00e+00	1.38e-30	5.86e-27	1.43e-23	5.06e-20	5.17e-17	2.32e-14	4.96e-12	6.49e-10	4.92e-08	2.38e-06	1.27e-04	1.24e-02	1.77e-01	8.10e-01
 3.73054e+22	0.00e+00	0.00e+00	0.00e+00	0.00e+00	2.24e-30	9.21e-27	2.17e-23	7.37e-20	7.24e-17	3.12e-14	6.42e-12	8.07e-10	5.89e-08	2.75e-06	1.41e-04	1.33e-02	1.83e-01	8.04e-01
 3.75725e+22	0.00e+00	0.00e+00	0.00e+00	0.00e+00	3.60e-30	1.43e-26	3.24e-23	1.06e-19	1.00e-16	4.16e-14	8.24e-12	9.97e-10	7.01e-08	3.16e-06	1.56e-04	1.42e-02	1.88e-01	7.98e-01
 3.78357e+22	0.00e+00	0.00e+00	0.00e+00	0.00e+00	5.67e-30	2.18e-26	4.79e-23	1.51e-19	1.37e-16	5.49e-14	1.05e-11	1.22e-09	8.30e-08	3.60e-06	1.72e-04	1.51e-02	1.93e-01	7.91e-01
 3.81355e+22	0.00e+00	0.00e+00	0.00e+00	0.00e+00	9.80e-30	3.63e-26	7.66e-23	2.31e-19	2.01e-16	7.67e-14	1.40e-11	1.56e-09	1.01e-07	4.23e-06	1.94e-04	1.63e-02	2.00e-01	7.84e-01
 3.84497e+22	0.00e+00	0.00e+00	0.00e+00	0.00e+00	1.66e-29	5.90e-26	1.20e-22	3.46e-19	2.89e-16	1.06e-13	1.85e-11	1.98e-09	1.23e-07	4.93e-06	2.17e-04	1.75e-02	2.06e-01	7.76e-01
 3.87227e+22	0.00e+00	0.00e+00	0.00e+00	0.00e+00	2.65e-29	9.12e-26	1.79e-22	4.98e-19	3.99e-16	1.41e-13	2.37e-11	2.44e-09	1.47e-07	5.65e-06	2.40e-04	1.87e-02	2.12e-01	7.69e-01
 3.90178e+22	0.00e+00	0.00e+00	0.00e+00	0.00e+00	4.58e-29	1.52e-25	2.86e-22	7.61e-19	5.83e-16	1.96e-13	3.16e-11	3.12e-09	1.79e-07	6.62e-06	2.70e-04	2.02e-02	2.19e-01	7.61e-01
 3.93104e+22	0.00e+00	0.00e+00	0.00e+00	0.00e+00	7.34e-29	2.35e-25	4.28e-22	1.10e-18	8.07e-16	2.62e-13	4.06e-11	3.85e-09	2.13e-07	7.60e-06	2.98e-04	2.15e-02	2.25e-01	7.54e-01
 3.95474e+22	0.00e+00	0.00e+00	0.00e+00	0.00e+00	1.10e-28	3.41e-25	6.04e-22	1.50e-18	1.07e-15	3.35e-13	5.02e-11	4.61e-09	2.47e-07	8.55e-06	3.25e-04	2.27e-02	2.30e-01	7.47e-01
 3.98032e+22	0.00e+00	0.00e+00	0.00e+00	0.00e+00	1.75e-28	5.27e-25	9.01e-22	2.15e-18	1.47e-15	4.45e-13	6.43e-11	5.68e-09	2.93e-07	9.78e-06	3.59e-04	2.42e-02	2.36e-01	7.39e-01
 4.00820e+22	0.00e+00	0.00e+00	0.00e+00	0.00e+00	1.36e-28	3.95e-25	6.53e-22	3.07e-18	2.02e-15	5.89e-13	8.20e-11	6.98e-09	3.47e-07	1.12e-05	3.95e-04	2.57e-02	2.42e-01	7.32e-01
 4.03433e+22	0.00e+00	0.00e+00	0.00e+00	0.00e+00	4.36e-28	1.23e-24	1.97e-21	4.36e-18	2.77e-15	7.76e-13	1.04e-10	8.55e-09	4.11e-07	1.27e-05	4.35e-04	2.73e-02	2.48e-01	7.24e-01
 4.05939e+22	0.00e+00	0.00e+00	0.00e+00	0.00e+00	3.27e-28	8.97e-25	1.39e-21	6.07e-18	3.72e-15	1.01e-12	1.31e-10	1.03e-08	4.80e-07	1.44e-05	4.76e-04	2.89e-02	2.54e-01	7.16e-01
 4.08388e+22	0.00e+00	0.00e+00	0.00e+00	0.00e+00	4.99e-28	1.33e-24	1.99e-21	8.40e-18	4.98e-15	1.30e-12	1.63e-10	1.25e-08	5.60e-07	1.63e-05	5.20e-04	3.06e-02	2.60e-01	7.09e-01
 4.11181e+22	0.00e+00	0.00e+00	0.00e+00	0.00e+00	8.26e-28	2.12e-24	3.07e-21	1.24e-17	7.06e-15	1.77e-12	2.12e-10	1.56e-08	6.73e-07	1.88e-05	5.78e-04	3.27e-02	2.67e-01	7.00e-01
 4.14088e+22	0.00e+00	0.00e+00	0.00e+00	0.00e+00	1.34e-27	3.32e-24	4.63e-21	1.80e-17	9.85e-15	2.37e-12	2.74e-10	1.94e-08	8.04e-07	2.16e-05	6.40e-04	3.48e-02	2.74e-01	6.91e-01
 4.16578e+22	0.00e+00	0.00e+00	0.00e+00	5.44e-31	2.04e-27	4.91e-24	6.65e-21	2.50e-17	1.32e-14	3.07e-12	3.43e-10	2.34e-08	9.38e-07	2.44e-05	6.99e-04	3.68e-02	2.80e-01	6.83e-01
 4.19253e+22	0.00e+00	0.00e+00	0.00e+00	9.21e-31	3.34e-27	7.77e-24	1.02e-20	3.66e-17	1.85e-14	4.14e-12	4.44e-10	2.91e-08	1.12e-06	2.81e-05	7.74e-04	3.92e-02	2.87e-01	6.73e-01
 4.21962e+22	0.00e+00	0.00e+00	0.00e+00	1.47e-30	5.16e-27	1.16e-23	1.47e-20	5.13e-17	2.50e-14	5.40e-12	5.59e-10	3.54e-08	1.32e-06	3.18e-05	8.47e-04	4.15e-02	2.93e-01	6.64e-01
 4.24257e+22	0.00e+00	0.00e+00	0.00e+00	2.23e-30	7.62e-27	1.67e-23	2.05e-20	6.93e-17	3.28e-14	6.85e-12	6.86e-10	4.21e-08	1.52e-06	3.56e-05	9.19e-04	4.36e-02	2.99e-01	6.57e-01
 4.26778e+22	0.00e+00	0.00e+00	0.00e+00	3.63e-30	1.20e-26	2.56e-23	3.04e-20	9.87e-17	4.49e-14	9.03e-12	8.72e-10	5.15e-08	1.79e-06	4.05e-05	1.01e-03	4.62e-02	3.06e-01	6.47e-01
 4.29492e+22	0.00e+00	0.00e+00	0.00e+00	5.85e-30	1.88e-26	3.87e-23	4.46e-20	1.39e-16	6.12e-14	1.19e-11	1.10e-09	6.29e-08	2.11e-06	4.60e-05	1.11e-03	4.89e-02	3.12e-01	6.38e-01
 4.31981e+22	0.00e+00	0.00e+00	0.00e+00	9.20e-30	2.87e-26	5.74e-23	6.39e-20	1.93e-16	8.20e-14	1.53e-11	1.38e-09	7.59e-08	2.46e-06	5.19e-05	1.21e-03	5.16e-02	3.18e-01	6.29e-01
 4.34741e+22	0.00e+00	0.00e+00	0.00e+00	1.57e-29	4.75e-26	9.17e-23	9.85e-20	2.86e-16	1.16e-13	2.08e-11	1.80e-09	9.49e-08	2.95e-06	5.99e-05	1.34e-03	5.50e-02	3.26e-01	6.18e-01
 4.37635e+22	0.00e+00	0.00e+00	0.00e+00	2.63e-29	7.67e-26	1.43e-22	1.48e-19	4.14e-16	1.62e-13	2.79e-11	2.32e-09	1.18e-07	3.51e-06	6.87e-05	1.48e-03	5.84e-02	3.33e-01	6.07e-01
 4.40052e+22	0.00e+00	0.00e+00	0.00e+00	4.05e-29	1.15e-25	2.08e-22	2.09e-19	5.65e-16	2.14e-13	3.57e-11	2.86e-09	1.41e-07	4.07e-06	7.70e-05	1.60e-03	6.14e-02	3.39e-01	5.98e-01
 4.42214e+22	0.00e+00	0.00e+00	0.00e+00	6.04e-29	1.67e-25	2.94e-22	2.88e-19	7.55e-16	2.77e-13	4.48e-11	3.49e-09	1.66e-07	4.66e-06	8.56e-05	1.73e-03	6.43e-02	3.44e-01	5.90e-01
 4.44697e+22	0.00e+00	0.00e+00	0.00e+00	9.82e-29	2.63e-25	4.49e-22	4.25e-19	1.07e-15	3.79e-13	5.91e-11	4.43e-09	2.03e-07	5.50e-06	9.73e-05	1.89e-03	6.80e-02	3.51e-01	5.79e-01
 4.47367e+22	0.00e+00	0.00e+00	0.00e+00	8.98e-29	2.33e-25	3.87e-22	6.12e-19	1.50e-15	5.09e-13	7.67e-11	5.55e-09	2.46e-07	6.42e-06	1.10e-04	2.07e-03	7.16e-02	3.57e-01	5.69e-01
 4.49874e+22	0.00e+00	0.00e+00	0.00e+00	2.46e-28	6.19e-25	9.95e-22	8.83e-19	2.08e-15	6.85e-13	9.97e-11	6.96e-09	2.98e-07	7.51e-06	1.24e-04	2.25e-03	7.55e-02	3.63e-01	5.59e-01
 4.52345e+22	0.00e+00	0.00e+00	0.00e+00	2.25e-28	5.50e-25	8.58e-22	1.27e-18	2.90e-15	9.21e-13	1.29e-10	8.72e-09	3.60e-07	8.77e-06	1.40e-04	2.45e-03	7.94e-02	3.69e-01	5.49e-01
 4.54699e+22	0.00e+00	0.00e+00	0.00e+00	3.44e-28	8.18e-25	1.24e-21	1.78e-18	3.94e-15	1.21e-12	1.65e-10	1.07e-08	4.29e-07	1.01e-05	1.56e-04	2.66e-03	8.33e-02	3.74e-01	5.39e-01
 4.57280e+22	0.00e+00	0.00e+00	0.00e+00	5.67e-28	1.31e-24	1.92e-21	2.66e-18	5.65e-15	1.67e-12	2.19e-10	1.37e-08	5.28e-07	1.20e-05	1.78e-04	2.91e-03	8.80e-02	3.81e-01	5.28e-01
 4.59985e+22	0.00e+00	0.00e+00	0.00e+00	9.18e-28	2.05e-24	2.90e-21	3.88e-18	7.98e-15	2.28e-12	2.87e-10	1.74e-08	6.45e-07	1.41e-05	2.02e-04	3.19e-03	9.28e-02	3.87e-01	5.17e-01
 4.62355e+22	0.00e+00	0.00e+00	0.00e+00	1.42e-27	3.08e-24	4.23e-21	5.48e-18	1.09e-14	3.01e-12	3.68e-10	2.16e-08	7.74e-07	1.64e-05	2.27e-04	3.46e-03	9.73e-02	3.92e-01	5.07e-01
 4.64938e+22	0.00e+00	0.00e+00	3.40e-31	2.42e-27	5.05e-24	6.71e-21	8.35e-18	1.60e-14	4.24e-12	4.98e-10	2.80e-08	9.64e-07	1.96e-05	2.60e-04	3.81e-03	1.03e-01	3.99e-01	4.94e-01
 4.67611e+22	0.00e+00	0.00e+00	5.51e-31	3.81e-27	7.73e-24	9.94e-21	1.20e-17	2.22e-14	5.69e-12	6.44e-10	3.50e-08	1.16e-06	2.28e-05	2.93e-04	4.14e-03	1.08e-01	4.04e-01	4.83e-01
 4.69916e+22	0.00e+00	0.00e+00	8.64e-31	5.82e-27	1.15e-23	1.43e-20	1.67e-17	3.00e-14	7.45e-12	8.18e-10	4.31e-08	1.39e-06	2.64e-05	3.27e-04	4.47e-03	1.13e-01	4.09e-01	4.73e-01
 4.72094e+22	0.00e+00	0.00e+00	1.33e-30	8.73e-27	1.67e-23	2.03e-20	2.29e-17	4.02e-14	9.68e-12	1.03e-09	5.26e-08	1.64e-06	3.02e-05	3.64e-04	4.82e-03	1.18e-01	4.13e-01	4.64e-01
 4.74588e+22	0.00e+00	0.00e+00	2.30e-30	1.46e-26	2.70e-23	3.17e-20	3.44e-17	5.80e-14	1.35e-11	1.38e-09	6.77e-08	2.03e-06	3.60e-05	4.15e-04	5.29e-03	1.25e-01	4.19e-01	4.51e-01
 4.77155e+22	0.00e+00	0.00e+00	3.65e-30	2.26e-26	4.05e-23	4.60e-20	4.83e-17	7.92e-14	1.78e-11	1.76e-09	8.38e-08	2.44e-06	4.17e-05	4.65e-04	5.72e-03	1.30e-01	4.23e-01	4.41e-01
 4.79816e+22	0.00e+00	0.00e+00	6.45e-30	3.86e-26	6.67e-23	7.29e-20	7.35e-17	1.16e-13	2.51e-11	2.39e-09	1.09e-07	3.04e-06	4.99e-05	5.34e-04	6.30e-03	1.38e-01	4.28e-01	4.27e-01
 4.82533e+22	0.00e+00	0.00e+00	1.09e-29	6.32e-26	1.06e-22	1.11e-19	1.08e-16	1.65e-13	3.44e-11	3.16e-09	1.39e-07	3.74e-06	5.90e-05	6.06e-04	6.88e-03	1.45e-01	4.33e-01	4.15e-01
 4.84743e+22	0.00e+00	0.00e+00	1.69e-29	9.53e-26	1.55e-22	1.58e-19	1.48e-16	2.20e-13	4.46e-11	3.98e-09	1.70e-07	4.43e-06	6.78e-05	6.74e-04	7.40e-03	1.51e-01	4.36e-01	4.05e-01
 4.86735e+22	0.00e+00	0.00e+00	2.48e-29	1.37e-25	2.17e-22	2.16e-19	1.97e-16	2.86e-13	5.63e-11	4.89e-09	2.03e-07	5.15e-06	7.66e-05	7.40e-04	7.89e-03	1.56e-01	4.39e-01	3.96e-01
 4.89023e+22	0.00e+00	0.00e+00	4.14e-29	2.21e-25	3.38e-22	3.25e-19	2.85e-16	4.01e-13	7.63e-11	6.40e-09	2.56e-07	6.28e-06	9.01e-05	8.36e-04	8.58e-03	1.63e-01	4.43e-01	3.84e-01
 4.91437e+22	0.00e+00	0.00e+00	6.61e-29	3.43e-25	5.07e-22	4.72e-19	4.00e-16	5.46e-13	1.01e-10	8.20e-09	3.18e-07	7.54e-06	1.04e-04	9.36e-04	9.27e-03	1.70e-01	4.46e-01	3.74e-01
 4.93639e+22	0.00e+00	0.00e+00	1.04e-28	5.25e-25	7.52e-22	6.77e-19	5.54e-16	7.37e-13	1.32e-10	1.04e-08	3.91e-07	8.99e-06	1.21e-04	1.04e-03	9.98e-03	1.77e-01	4.48e-01	3.63e-01
 4.96126e+22	0.00e+00	0.00e+00	1.81e-28	8.81e-25	1.21e-21	1.05e-18	8.24e-16	1.06e-12	1.84e-10	1.39e-08	5.04e-07	1.12e-05	1.44e-04	1.19e-03	1.09e-02	1.86e-01	4.51e-01	3.50e-01
 4.98587e+22	0.00e+00	0.00e+00	2.92e-28	1.38e-24	1.84e-21	1.54e-18	1.16e-15	1.45e-12	2.44e-10	1.79e-08	6.28e-07	1.34e-05	1.67e-04	1.34e-03	1.18e-02	1.94e-01	4.53e-01	3.39e-01
 5.00580e+22	0.00e+00	0.00e+00	4.40e-28	2.02e-24	2.62e-21	2.13e-18	1.56e-15	1.90e-12	3.11e-10	2.22e-08	7.57e-07	1.58e-05	1.90e-04	1.47e-03	1.26e-02	2.01e-01	4.55e-01	3.30e-01
 5.02734e+22	0.00e+00	0.00e+00	7.19e-28	3.21e-24	4.00e-21	3.13e-18	2.20e-15	2.62e-12	4.15e-10	2.88e-08	9.48e-07	1.91e-05	2.22e-04	1.65e-03	1.36e-02	2.09e-01	4.56e-01	3.19e-01
 5.05020e+22	0.00e+00	0.00e+00	1.13e-27	4.89e-24	5.91e-21	4.48e-18	3.04e-15	3.52e-12	5.42e-10	3.65e-08	1.16e-06	2.27e-05	2.56e-04	1.84e-03	1.46e-02	2.17e-01	4.57e-01	3.09e-01
 5.07133e+22	0.00e+00	1.28e-31	1.80e-27	7.54e-24	8.80e-21	6.42e-18	4.19e-15	4.75e-12	7.11e-10	4.65e-08	1.44e-06	2.72e-05	2.96e-04	2.05e-03	1.57e-02	2.26e-01	4.58e-01	2.98e-01
 5.09170e+22	0.00e+00	2.00e-31	2.73e-27	1.12e-23	1.26e-20	8.94e-18	5.65e-15	6.25e-12	9.11e-10	5.79e-08	1.74e-06	3.20e-05	3.38e-04	2.26e-03	1.68e-02	2.33e-01	4.58e-01	2.89e-01
 5.11455e+22	0.00e+00	3.54e-31	4.65e-27	1.84e-23	2.00e-20	1.36e-17	8.22e-15	8.84e-12	1.25e-09	7.66e-08	2.22e-06	3.93e-05	3.99e-04	2.56e-03	1.83e-02	2.43e-01	4.58e-01	2.77e-01
 5.13756e+22	0.00e+00	5.81e-31	7.40e-27	2.83e-23	2.97e-20	1.94e-17	1.13e-14	1.19e-11	1.63e-09	9.74e-08	2.74e-06	4.70e-05	4.62e-04	2.85e-03	1.96e-02	2.52e-01	4.58e-01	2.67e-01
 5.15682e+22	0.00e+00	8.92e-31	1.10e-26	4.11e-23	4.19e-20	2.66e-17	1.50e-14	1.54e-11	2.06e-09	1.20e-07	3.28e-06	5.48e-05	5.23e-04	3.13e-03	2.08e-02	2.60e-01	4.57e-01	2.59e-01
 5.17788e+22	0.00e+00	1.52e-30	1.82e-26	6.53e-23	6.41e-20	3.92e-17	2.12e-14	2.12e-11	2.76e-09	1.56e-07	4.11e-06	6.64e-05	6.11e-04	3.51e-03	2.24e-02	2.69e-01	4.56e-01	2.48e-01
 5.19994e+22	0.00e+00	2.46e-30	2.85e-26	9.94e-23	9.42e-20	5.55e-17	2.89e-14	2.83e-11	3.59e-09	1.97e-07	5.04e-06	7.90e-05	7.03e-04	3.89e-03	2.40e-02	2.78e-01	4.54e-01	2.39e-01
 5.21984e+22	0.00e+00	3.90e-30	4.37e-26	1.48e-22	1.36e-19	7.74e-17	3.88e-14	3.73e-11	4.60e-09	2.45e-07	6.12e-06	9.31e-05	8.03e-04	4.29e-03	2.56e-02	2.87e-01	4.53e-01	2.30e-01
 5.23889e+22	0.00e+00	6.04e-30	6.58e-26	2.17e-22	1.92e-19	1.06e-16	5.14e-14	4.84e-11	5.84e-09	3.03e-07	7.36e-06	1.09e-04	9.11e-04	4.70e-03	2.71e-02	2.95e-01	4.51e-01	2.22e-01
 5.26032e+22	0.00e+00	1.05e-29	1.10e-25	3.50e-22	2.98e-19	1.58e-16	7.31e-14	6.72e-11	7.86e-09	3.96e-07	9.28e-06	1.33e-04	1.07e-03	5.28e-03	2.92e-02	3.05e-01	4.48e-01	2.11e-01
 5.28217e+22	0.00e+00	1.69e-29	1.72e-25	5.30e-22	4.36e-19	2.22e-16	9.90e-14	8.92e-11	1.02e-08	4.99e-07	1.13e-05	1.57e-04	1.23e-03	5.84e-03	3.12e-02	3.14e-01	4.45e-01	2.03e-01
 5.30089e+22	0.00e+00	2.61e-29	2.57e-25	7.70e-22	6.13e-19	3.02e-16	1.30e-13	1.15e-10	1.28e-08	6.14e-07	1.36e-05	1.83e-04	1.39e-03	6.39e-03	3.30e-02	3.23e-01	4.42e-01	1.95e-01
 5.32156e+22	0.00e+00	4.47e-29	4.25e-25	1.23e-21	9.38e-19	4.44e-16	1.83e-13	1.58e-10	1.72e-08	7.95e-07	1.70e-05	2.22e-04	1.62e-03	7.15e-03	3.54e-02	3.33e-01	4.37e-01	1.85e-01
 5.34287e+22	0.00e+00	7.17e-29	6.60e-25	1.85e-21	1.36e-18	6.21e-16	2.46e-13	2.09e-10	2.21e-08	9.98e-07	2.07e-05	2.63e-04	1.85e-03	7.88e-03	3.76e-02	3.42e-01	4.33e-01	1.77e-01
 5.36177e+22	0.00e+00	1.13e-28	1.00e-24	2.73e-21	1.94e-18	8.54e-16	3.26e-13	2.72e-10	2.81e-08	1.24e-06	2.50e-05	3.08e-04	2.10e-03	8.64e-03	3.99e-02	3.50e-01	4.29e-01	1.70e-01
 5.38308e+22	0.00e+00	1.96e-28	1.68e-24	4.40e-21	3.00e-18	1.27e-15	4.61e-13	3.76e-10	3.78e-08	1.61e-06	3.15e-05	3.74e-04	2.45e-03	9.66e-03	4.27e-02	3.60e-01	4.24e-01	1.61e-01
 5.40461e+22	0.00e+00	3.15e-28	2.61e-24	6.61e-21	4.35e-18	1.77e-15	6.18e-13	4.96e-10	4.87e-08	2.02e-06	3.84e-05	4.42e-04	2.80e-03	1.06e-02	4.53e-02	3.69e-01	4.18e-01	1.53e-01
 5.42316e+22	0.00e+00	4.89e-28	3.94e-24	9.68e-21	6.15e-18	2.41e-15	8.11e-13	6.41e-10	6.16e-08	2.50e-06	4.61e-05	5.17e-04	3.17e-03	1.16e-02	4.78e-02	3.77e-01	4.13e-01	1.46e-01
 5.44398e+22	0.00e+00	8.46e-28	6.56e-24	1.55e-20	9.45e-18	3.54e-15	1.14e-12	8.81e-10	8.25e-08	3.24e-06	5.78e-05	6.26e-04	3.70e-03	1.30e-02	5.11e-02	3.87e-01	4.07e-01	1.38e-01
 5.46567e+22	0.00e+00	1.39e-27	1.04e-23	2.38e-20	1.39e-17	5.00e-15	1.54e-12	1.17e-09	1.07e-07	4.11e-06	7.10e-05	7.44e-04	4.24e-03	1.43e-02	5.42e-02	3.96e-01	4.00e-01	1.31e-01
 5.48510e+22	0.00e+00	2.19e-27	1.59e-23	3.51e-20	1.98e-17	6.88e-15	2.04e-12	1.53e-09	1.36e-07	5.09e-06	8.55e-05	8.71e-04	4.81e-03	1.56e-02	5.71e-02	4.03e-01	3.94e-01	1.24e-01
 5.50409e+22	0.00e+00	3.52e-27	2.47e-23	5.27e-20	2.86e-17	9.53e-15	2.71e-12	2.00e-09	1.75e-07	6.37e-06	1.04e-04	1.03e-03	5.48e-03	1.71e-02	6.03e-02	4.11e-01	3.87e-01	1.18e-01
 5.52217e+22	0.00e+00	5.32e-27	3.62e-23	7.52e-20	3.95e-17	1.27e-14	3.48e-12	2.54e-09	2.18e-07	7.75e-06	1.23e-04	1.18e-03	6.13e-03	1.85e-02	6.31e-02	4.18e-01	3.81e-01	1.12e-01
 5.54196e+22	0.00e+00	9.13e-27	5.98e-23	1.19e-19	5.99e-17	1.84e-14	4.81e-12	3.45e-09	2.89e-07	1.00e-05	1.53e-04	1.43e-03	7.10e-03	2.05e-02	6.70e-02	4.26e-01	3.72e-01	1.05e-01
 5.56212e+22	0.00e+00	1.46e-26	9.21e-23	1.78e-19	8.57e-17	2.53e-14	6.33e-12	4.49e-09	3.69e-07	1.24e-05	1.86e-04	1.67e-03	8.05e-03	2.24e-02	7.04e-02	4.33e-01	3.65e-01	9.96e-02
 5.57831e+22	0.00e+00	2.10e-26	1.30e-22	2.43e-19	1.14e-16	3.25e-14	7.86e-12	5.53e-09	4.47e-07	1.48e-05	2.15e-04	1.90e-03	8.89e-03	2.40e-02	7.32e-02	4.38e-01	3.59e-01	9.52e-02
 5.59493e+22	0.00e+00	3.33e-26	1.98e-22	3.60e-19	1.62e-16	4.44e-14	1.03e-11	7.16e-09	5.67e-07	1.83e-05	2.59e-04	2.22e-03	1.01e-02	2.61e-02	7.68e-02	4.44e-01	3.51e-01	8.98e-02
 5.61097e+22	0.00e+00	4.71e-26	2.73e-22	4.83e-19	2.11e-16	5.60e-14	1.26e-11	8.69e-09	6.78e-07	2.15e-05	2.98e-04	2.50e-03	1.10e-02	2.78e-02	7.96e-02	4.48e-01	3.45e-01	8.59e-02
 5.62408e+22	0.00e+00	6.56e-26	3.71e-22	6.40e-19	2.71e-16	7.00e-14	1.52e-11	1.05e-08	8.05e-07	2.51e-05	3.41e-04	2.79e-03	1.20e-02	2.96e-02	8.22e-02	4.52e-01	3.39e-01	8.23e-02
 5.63895e+22	0.00e+00	9.97e-26	5.47e-22	9.12e-19	3.73e-16	9.27e-14	1.94e-11	1.32e-08	1.00e-06	3.05e-05	4.04e-04	3.22e-03	1.34e-02	3.19e-02	8.57e-02	4.57e-01	3.31e-01	7.78e-02
 5.65343e+22	0.00e+00	1.37e-25	7.36e-22	1.20e-18	4.75e-16	1.15e-13	2.33e-11	1.58e-08	1.18e-06	3.54e-05	4.59e-04	3.58e-03	1.46e-02	3.38e-02	8.83e-02	4.60e-01	3.25e-01	7.45e-02
 5.66545e+22	0.00e+00	1.89e-25	9.85e-22	1.56e-18	6.03e-16	1.41e-13	2.78e-11	1.87e-08	1.39e-06	4.10e-05	5.21e-04	3.98e-03	1.59e-02	3.57e-02	9.10e-02	4.63e-01	3.19e-01	7.13e-02
 5.67911e+22	0.00e+00	2.77e-25	1.41e-21	2.16e-18	8.06e-16	1.82e-13	3.46e-11	2.32e-08	1.69e-06	4.89e-05	6.07e-04	4.52e-03	1.75e-02	3.82e-02	9.43e-02	4.66e-01	3.11e-01	6.76e-02
 5.69253e+22	0.00e+00	3.76e-25	1.86e-21	2.80e-18	1.01e-15	2.22e-13	4.10e-11	2.73e-08	1.97e-06	5.63e-05	6.85e-04	5.01e-03	1.89e-02	4.02e-02	9.69e-02	4.68e-01	3.05e-01	6.47e-02
 5.70369e+22	4.92e-32	5.07e-25	2.45e-21	3.60e-18	1.27e-15	2.70e-13	4.84e-11	3.21e-08	2.29e-06	6.46e-05	7.71e-04	5.53e-03	2.04e-02	4.24e-02	9.94e-02	4.70e-01	2.99e-01	6.19e-02
 5.71458e+22	6.66e-32	6.76e-25	3.20e-21	4.58e-18	1.57e-15	3.25e-13	5.67e-11	3.76e-08	2.65e-06	7.37e-05	8.63e-04	6.07e-03	2.20e-02	4.45e-02	1.02e-01	4.72e-01	2.93e-01	5.94e-02
 5.72705e+22	9.77e-32	9.73e-25	4.47e-21	6.20e-18	2.05e-15	4.11e-13	6.91e-11	4.57e-08	3.19e-06	8.69e-05	9.96e-04	6.84e-03	2.41e-02	4.73e-02	1.05e-01	4.73e-01	2.86e-01	5.62e-02
 5.73983e+22	1.35e-31	1.32e-24	5.93e-21	8.03e-18	2.58e-15	5.01e-13	8.17e-11	5.39e-08	3.72e-06	1.00e-04	1.12e-03	7.56e-03	2.60e-02	4.97e-02	1.08e-01	4.74e-01	2.80e-01	5.37e-02
 5.75118e+22	1.85e-31	1.78e-24	7.79e-21	1.03e-17	3.22e-15	6.07e-13	9.61e-11	6.32e-08	4.32e-06	1.14e-04	1.26e-03	8.31e-03	2.80e-02	5.22e-02	1.10e-01	4.75e-01	2.74e-01	5.13e-02
 5.76194e+22	2.51e-31	2.38e-24	1.02e-20	1.31e-17	3.98e-15	7.28e-13	1.12e-10	7.37e-08	4.99e-06	1.31e-04	1.41e-03	9.14e-03	3.01e-02	5.47e-02	1.13e-01	4.76e-01	2.67e-01	4.90e-02
 5.77188e+22	3.34e-31	3.12e-24	1.30e-20	1.64e-17	4.84e-15	8.62e-13	1.29e-10	8.49e-08	5.71e-06	1.47e-04	1.57e-03	9.96e-03	3.21e-02	5.71e-02	1.15e-01	4.76e-01	2.62e-01	4.69e-02
 5.78296e+22	4.75e-31	4.37e-24	1.78e-20	2.17e-17	6.19e-15	1.06e-12	1.54e-10	1.01e-07	6.74e-06	1.71e-04	1.78e-03	1.11e-02	3.48e-02	6.02e-02	1.18e-01	4.75e-01	2.54e-01	4.44e-02
 5.79434e+22	6.52e-31	5.90e-24	2.34e-20	2.77e-17	7.69e-15	1.28e-12	1.79e-10	1.18e-07	7.81e-06	1.96e-04	2.00e-03	1.22e-02	3.75e-02	6.30e-02	1.20e-01	4.75e-01	2.48e-01	4.22e-02
 5.80425e+22	8.61e-31	7.68e-24	2.98e-20	3.45e-17	9.31e-15	1.51e-12	2.06e-10	1.36e-07	8.90e-06	2.20e-04	2.21e-03	1.32e-02	3.99e-02	6.56e-02	1.22e-01	4.74e-01	2.42e-01	4.04e-02
 5.81530e+22	1.26e-30	1.11e-23	4.15e-20	4.65e-17	1.21e-14	1.88e-12	2.46e-10	1.64e-07	1.06e-05	2.59e-04	2.54e-03	1.48e-02	4.34e-02	6.93e-02	1.25e-01	4.72e-01	2.34e-01	3.80e-02
 5.82640e+22	1.71e-30	1.48e-23	5.40e-20	5.89e-17	1.48e-14	2.24e-12	2.84e-10	1.89e-07	1.22e-05	2.94e-04	2.83e-03	1.62e-02	4.65e-02	7.23e-02	1.27e-01	4.70e-01	2.28e-01	3.61e-02
 5.83759e+22	2.51e-30	2.13e-23	7.55e-20	7.95e-17	1.92e-14	2.79e-12	3.40e-10	2.28e-07	1.46e-05	3.46e-04	3.25e-03	1.82e-02	5.05e-02	7.62e-02	1.30e-01	4.68e-01	2.20e-01	3.38e-02
 5.84895e+22	3.47e-30	2.89e-23	9.98e-20	1.02e-16	2.39e-14	3.34e-12	3.94e-10	2.66e-07	1.69e-05	3.95e-04	3.64e-03	1.99e-02	5.42e-02	7.96e-02	1.32e-01	4.65e-01	2.13e-01	3.20e-02
 5.85856e+22	4.63e-30	3.81e-23	1.28e-19	1.28e-16	2.90e-14	3.93e-12	4.50e-10	3.05e-07	1.93e-05	4.45e-04	4.04e-03	2.16e-02	5.76e-02	8.27e-02	1.34e-01	4.62e-01	2.07e-01	3.04e-02
 5.86910e+22	6.79e-30	5.49e-23	1.79e-19	1.71e-16	3.73e-14	4.85e-12	5.33e-10	3.65e-07	2.29e-05	5.21e-04	4.61e-03	2.41e-02	6.25e-02	8.68e-02	1.36e-01	4.58e-01	1.99e-01	2.83e-02
 5.87971e+22	9.19e-30	7.32e-23	2.32e-19	2.16e-16	4.56e-14	5.72e-12	6.10e-10	4.21e-07	2.63e-05	5.90e-04	5.13e-03	2.63e-02	6.65e-02	9.02e-02	1.38e-01	4.54e-01	1.93e-01	2.68e-02
 5.89043e+22	1.38e-29	1.08e-22	3.30e-19	2.94e-16	5.94e-14	7.12e-12	7.26e-10	5.08e-07	3.15e-05	6.96e-04	5.90e-03	2.94e-02	7.23e-02	9.47e-02	1.40e-01	4.48e-01	1.84e-01	2.48e-02
 5.90114e+22	1.86e-29	1.44e-22	4.27e-19	3.70e-16	7.23e-14	8.38e-12	8.28e-10	5.84e-07	3.60e-05	7.86e-04	6.54e-03	3.19e-02	7.67e-02	9.81e-02	1.42e-01	4.43e-01	1.78e-01	2.34e-02
 5.91045e+22	2.55e-29	1.94e-22	5.60e-19	4.70e-16	8.86e-14	9.90e-12	9.44e-10	6.73e-07	4.13e-05	8.91e-04	7.27e-03	3.48e-02	8.16e-02	1.02e-01	1.43e-01	4.37e-01	1.71e-01	2.20e-02
 5.91961e+22	3.46e-29	2.59e-22	7.29e-19	5.92e-16	1.08e-13	1.16e-11	1.07e-09	7.73e-07	4.72e-05	1.01e-03	8.06e-03	3.77e-02	8.66e-02	1.05e-01	1.44e-01	4.31e-01	1.65e-01	2.07e-02
 5.92996e+22	5.21e-29	3.83e-22	1.04e-18	8.06e-16	1.40e-13	1.43e-11	1.26e-09	9.27e-07	5.64e-05	1.18e-03	9.23e-03	4.21e-02	9.36e-02	1.10e-01	1.45e-01	4.23e-01	1.56e-01	1.90e-02
 5.94017e+22	7.00e-29	5.08e-22	1.34e-18	1.01e-15	1.69e-13	1.67e-11	1.43e-09	1.06e-06	6.41e-05	1.33e-03	1.02e-02	4.54e-02	9.88e-02	1.13e-01	1.46e-01	4.16e-01	1.50e-01	1.78e-02
 5.95019e+22	1.04e-28	7.44e-22	1.88e-18	1.36e-15	2.17e-13	2.05e-11	1.67e-09	1.26e-06	7.60e-05	1.55e-03	1.16e-02	5.03e-02	1.06e-01	1.18e-01	1.47e-01	4.07e-01	1.42e-01	1.63e-02
 5.96035e+22	1.43e-28	1.01e-21	2.48e-18	1.72e-15	2.66e-13	2.40e-11	1.89e-09	1.45e-06	8.70e-05	1.76e-03	1.28e-02	5.45e-02	1.12e-01	1.21e-01	1.47e-01	3.99e-01	1.36e-01	1.52e-02
 5.97068e+22	2.16e-28	1.50e-21	3.52e-18	2.34e-15	3.43e-13	2.95e-11	2.21e-09	1.73e-06	1.03e-04	2.05e-03	1.46e-02	6.03e-02	1.21e-01	1.26e-01	1.47e-01	3.88e-01	1.28e-01	1.38e-02
 5.98080e+22	2.93e-28	2.00e-21	4.56e-18	2.93e-15	4.14e-13	3.42e-11	2.48e-09	1.96e-06	1.17e-04	2.30e-03	1.61e-02	6.48e-02	1.27e-01	1.29e-01	1.47e-01	3.79e-01	1.22e-01	1.29e-02
 5.99064e+22	4.37e-28	2.92e-21	6.42e-18	3.94e-15	5.29e-13	4.16e-11	2.87e-09	2.32e-06	1.38e-04	2.67e-03	1.82e-02	7.12e-02	1.35e-01	1.33e-01	1.47e-01	3.67e-01	1.14e-01	1.17e-02
 6.00064e+22	5.99e-28	3.95e-21	8.41e-18	4.97e-15	6.43e-13	4.84e-11	3.23e-09	2.64e-06	1.57e-04	3.00e-03	2.00e-02	7.66e-02	1.42e-01	1.36e-01	1.46e-01	3.57e-01	1.08e-01	1.08e-02
 6.01083e+22	9.07e-28	5.88e-21	1.20e-17	6.74e-15	8.27e-13	5.91e-11	3.74e-09	3.13e-06	1.85e-04	3.48e-03	2.26e-02	8.40e-02	1.51e-01	1.40e-01	1.45e-01	3.44e-01	1.00e-01	9.66e-03
 6.02116e+22	1.26e-27	8.04e-21	1.58e-17	8.57e-15	1.01e-12	6.90e-11	4.21e-09	3.57e-06	2.10e-04	3.91e-03	2.49e-02	9.02e-02	1.58e-01	1.43e-01	1.43e-01	3.33e-01	9.46e-02	8.85e-03
 6.03167e+22	1.94e-27	1.21e-20	2.28e-17	1.17e-14	1.31e-12	8.44e-11	4.89e-09	4.23e-06	2.48e-04	4.55e-03	2.81e-02	9.88e-02	1.68e-01	1.46e-01	1.41e-01	3.19e-01	8.71e-02	7.87e-03
 6.04223e+22	2.69e-27	1.66e-20	3.02e-17	1.49e-14	1.59e-12	9.84e-11	5.49e-09	4.81e-06	2.81e-04	5.09e-03	3.08e-02	1.06e-01	1.75e-01	1.48e-01	1.40e-01	3.07e-01	8.17e-02	7.17e-03
 6.05285e+22	4.14e-27	2.50e-20	4.35e-17	2.03e-14	2.06e-12	1.20e-10	6.36e-09	5.67e-06	3.30e-04	5.89e-03	3.47e-02	1.15e-01	1.84e-01	1.51e-01	1.37e-01	2.92e-01	7.47e-02	6.33e-03
 6.06321e+22	5.61e-27	3.34e-20	5.63e-17	2.54e-14	2.47e-12	1.38e-10	7.07e-09	6.36e-06	3.69e-04	6.51e-03	3.76e-02	1.22e-01	1.91e-01	1.52e-01	1.34e-01	2.81e-01	7.00e-02	5.78e-03
 6.07324e+22	8.45e-27	4.95e-20	7.97e-17	3.41e-14	3.15e-12	1.67e-10	8.11e-09	7.39e-06	4.27e-04	7.43e-03	4.18e-02	1.31e-01	1.99e-01	1.54e-01	1.31e-01	2.66e-01	6.40e-02	5.09e-03
 6.08335e+22	1.14e-26	6.55e-20	1.02e-16	4.22e-14	3.76e-12	1.91e-10	9.00e-09	8.24e-06	4.74e-04	8.16e-03	4.50e-02	1.38e-01	2.05e-01	1.54e-01	1.29e-01	2.55e-01	5.98e-02	4.64e-03
 6.09356e+22	1.69e-26	9.59e-20	1.44e-16	5.63e-14	4.76e-12	2.30e-10	1.03e-08	9.50e-06	5.43e-04	9.23e-03	4.97e-02	1.48e-01	2.13e-01	1.55e-01	1.25e-01	2.41e-01	5.45e-02	4.08e-03
 6.10405e+22	2.32e-26	1.29e-19	1.88e-16	7.07e-14	5.74e-12	2.66e-10	1.15e-08	1.06e-05	6.05e-04	1.02e-02	5.36e-02	1.56e-01	2.19e-01	1.55e-01	1.22e-01	2.30e-01	5.05e-02	3.68e-03
 6.11487e+22	3.51e-26	1.92e-19	2.66e-16	9.51e-14	7.33e-12	3.21e-10	1.32e-08	1.22e-05	6.93e-04	1.15e-02	5.90e-02	1.66e-01	2.26e-01	1.55e-01	1.18e-01	2.15e-01	4.55e-02	3.20e-03
 6.12588e+22	4.80e-26	2.58e-19	3.46e-16	1.19e-13	8.83e-12	3.72e-10	1.48e-08	1.36e-05	7.66e-04	1.26e-02	6.33e-02	1.74e-01	2.31e-01	1.55e-01	1.14e-01	2.04e-01	4.21e-02	2.87e-03
 6.13711e+22	7.24e-26	3.81e-19	4.90e-16	1.60e-13	1.13e-11	4.49e-10	1.70e-08	1.56e-05	8.73e-04	1.41e-02	6.92e-02	1.84e-01	2.38e-01	1.54e-01	1.10e-01	1.90e-01	3.77e-02	2.49e-03
 6.14865e+22	9.97e-26	5.16e-19	6.42e-16	2.02e-13	1.37e-11	5.22e-10	1.91e-08	1.74e-05	9.64e-04	1.54e-02	7.41e-02	1.92e-01	2.42e-01	1.53e-01	1.06e-01	1.80e-01	3.46e-02	2.21e-03
 6.16057e+22	1.51e-25	7.65e-19	9.12e-16	2.72e-13	1.75e-11	6.34e-10	2.21e-08	1.99e-05	1.09e-03	1.72e-02	8.07e-02	2.02e-01	2.47e-01	1.51e-01	1.01e-01	1.66e-01	3.08e-02	1.90e-03
 6.17248e+22	2.05e-25	1.02e-18	1.18e-15	3.40e-13	2.10e-11	7.33e-10	2.46e-08	2.19e-05	1.20e-03	1.87e-02	8.58e-02	2.10e-01	2.51e-01	1.49e-01	9.77e-02	1.57e-01	2.82e-02	1.69e-03
 6.18437e+22	3.06e-25	1.49e-18	1.66e-15	4.53e-13	2.67e-11	8.85e-10	2.84e-08	2.49e-05	1.35e-03	2.07e-02	9.27e-02	2.20e-01	2.55e-01	1.46e-01	9.29e-02	1.45e-01	2.51e-02	1.45e-03
 6.19655e+22	4.18e-25	2.00e-18	2.15e-15	5.67e-13	3.23e-11	1.03e-09	3.19e-08	2.75e-05	1.47e-03	2.24e-02	9.83e-02	2.27e-01	2.57e-01	1.44e-01	8.92e-02	1.36e-01	2.29e-02	1.28e-03
 6.20910e+22	6.26e-25	2.94e-18	3.03e-15	7.58e-13	4.11e-11	1.24e-09	3.69e-08	3.11e-05	1.65e-03	2.47e-02	1.06e-01	2.36e-01	2.60e-01	1.41e-01	8.45e-02	1.25e-01	2.02e-02	1.09e-03
 6.22127e+22	8.21e-25	3.79e-18	3.81e-15	9.23e-13	4.85e-11	1.42e-09	4.09e-08	3.39e-05	1.78e-03	2.64e-02	1.11e-01	2.43e-01	2.61e-01	1.38e-01	8.13e-02	1.18e-01	1.86e-02	9.78e-04
 6.23293e+22	1.18e-24	5.33e-18	5.16e-15	1.20e-12	6.03e-11	1.69e-09	4.67e-08	3.78e-05	1.97e-03	2.88e-02	1.18e-01	2.51e-01	2.62e-01	1.35e-01	7.70e-02	1.09e-01	1.66e-02	8.42e-04
 6.24488e+22	1.52e-24	6.92e-18	6.52e-15	1.47e-12	7.15e-11	1.94e-09	5.19e-08	4.12e-05	2.12e-03	3.07e-02	1.24e-01	2.57e-01	2.63e-01	1.32e-01	7.38e-02	1.02e-01	1.51e-02	7.49e-04
 6.25720e+22	2.20e-24	9.82e-18	8.91e-15	1.91e-12	8.95e-11	2.32e-09	5.95e-08	4.60e-05	2.34e-03	3.34e-02	1.32e-01	2.64e-01	2.63e-01	1.28e-01	6.96e-02	9.34e-02	1.34e-02	6.39e-04
 6.26969e+22	2.88e-24	1.27e-17	1.12e-14	2.33e-12	1.06e-10	2.65e-09	6.62e-08	5.00e-05	2.52e-03	3.55e-02	1.38e-01	2.70e-01	2.63e-01	1.25e-01	6.66e-02	8.75e-02	1.22e-02	5.67e-04
 6.28240e+22	4.11e-24	1.77e-17	1.51e-14	3.03e-12	1.32e-10	3.16e-09	7.59e-08	5.57e-05	2.77e-03	3.84e-02	1.45e-01	2.76e-01	2.62e-01	1.21e-01	6.26e-02	8.01e-02	1.08e-02	4.84e-04
 6.29500e+22	5.35e-24	2.28e-17	1.89e-14	3.67e-12	1.55e-10	3.61e-09	8.41e-08	6.04e-05	2.96e-03	4.07e-02	1.51e-01	2.81e-01	2.61e-01	1.18e-01	5.98e-02	7.49e-02	9.81e-03	4.29e-04
 6.30747e+22	7.55e-24	3.16e-17	2.54e-14	4.72e-12	1.92e-10	4.28e-09	9.60e-08	6.69e-05	3.24e-03	4.38e-02	1.59e-01	2.87e-01	2.59e-01	1.14e-01	5.62e-02	6.85e-02	8.66e-03	3.66e-04
 6.32007e+22	9.69e-24	4.00e-17	3.14e-14	5.68e-12	2.24e-10	4.86e-09	1.06e-07	7.23e-05	3.46e-03	4.62e-02	1.65e-01	2.91e-01	2.57e-01	1.11e-01	5.36e-02	6.41e-02	7.90e-03	3.26e-04
 6.33282e+22	1.36e-23	5.51e-17	4.19e-14	7.27e-12	2.77e-10	5.76e-09	1.21e-07	7.99e-05	3.76e-03	4.96e-02	1.73e-01	2.96e-01	2.55e-01	1.06e-01	5.02e-02	5.85e-02	6.96e-03	2.77e-04
 6.34582e+22	1.75e-23	7.01e-17	5.21e-14	8.78e-12	3.25e-10	6.57e-09	1.34e-07	8.65e-05	4.02e-03	5.23e-02	1.80e-01	3.00e-01	2.52e-01	1.03e-01	4.78e-02	5.45e-02	6.32e-03	2.45e-04
 6.35914e+22	2.46e-23	9.68e-17	6.95e-14	1.13e-11	4.01e-10	7.80e-09	1.54e-07	9.57e-05	4.38e-03	5.60e-02	1.88e-01	3.04e-01	2.49e-01	9.88e-02	4.46e-02	4.95e-02	5.54e-03	2.08e-04
 6.37271e+22	3.17e-23	1.23e-16	8.65e-14	1.36e-11	4.72e-10	8.91e-09	1.71e-07	1.04e-04	4.67e-03	5.90e-02	1.94e-01	3.07e-01	2.46e-01	9.55e-02	4.23e-02	4.60e-02	5.01e-03	1.83e-04
 6.38659e+22	4.45e-23	1.70e-16	1.16e-13	1.75e-11	5.84e-10	1.06e-08	1.96e-07	1.15e-04	5.08e-03	6.31e-02	2.03e-01	3.11e-01	2.42e-01	9.11e-02	3.93e-02	4.16e-02	4.37e-03	1.54e-04
 6.40072e+22	5.76e-23	2.17e-16	1.44e-13	2.12e-11	6.89e-10	1.21e-08	2.18e-07	1.25e-04	5.43e-03	6.64e-02	2.10e-01	3.13e-01	2.38e-01	8.78e-02	3.71e-02	3.85e-02	3.93e-03	1.35e-04
 6.41520e+22	8.10e-23	3.00e-16	1.93e-13	2.73e-11	8.55e-10	1.45e-08	2.51e-07	1.38e-04	5.90e-03	7.09e-02	2.18e-01	3.15e-01	2.33e-01	8.34e-02	3.44e-02	3.47e-02	3.42e-03	1.13e-04
 6.42935e+22	1.02e-22	3.73e-16	2.35e-13	3.24e-11	9.91e-10	1.64e-08	2.77e-07	1.49e-04	6.26e-03	7.41e-02	2.24e-01	3.17e-01	2.30e-01	8.05e-02	3.26e-02	3.23e-02	3.10e-03	1.00e-04
 6.44306e+22	9.07e-23	5.06e-16	3.09e-13	4.11e-11	1.21e-09	1.93e-08	3.16e-07	1.64e-04	6.76e-03	7.87e-02	2.33e-01	3.18e-01	2.25e-01	7.65e-02	3.03e-02	2.92e-02	2.71e-03	8.43e-05
 6.45700e+22	1.14e-22	6.28e-16	3.76e-13	4.89e-11	1.41e-09	2.19e-08	3.49e-07	1.77e-04	7.17e-03	8.22e-02	2.39e-01	3.19e-01	2.21e-01	7.36e-02	2.86e-02	2.71e-02	2.45e-03	7.45e-05
 6.47122e+22	1.57e-22	8.45e-16	4.91e-13	6.17e-11	1.72e-09	2.58e-08	3.98e-07	1.95e-04	7.74e-03	8.70e-02	2.47e-01	3.20e-01	2.15e-01	6.98e-02	2.66e-02	2.45e-02	2.14e-03	6.28e-05
 6.48588e+22	4.92e-25	1.07e-15	6.09e-13	7.45e-11	2.02e-09	2.95e-08	4.44e-07	2.11e-04	8.24e-03	9.11e-02	2.53e-01	3.20e-01	2.11e-01	6.67e-02	2.49e-02	2.25e-02	1.91e-03	5.47e-05
 6.50112e+22	6.90e-25	1.44e-15	7.98e-13	9.43e-11	2.48e-09	3.49e-08	5.08e-07	2.33e-04	8.90e-03	9.64e-02	2.62e-01	3.20e-01	2.05e-01	6.30e-02	2.30e-02	2.02e-02	1.66e-03	4.59e-05
 6.51685e+22	9.19e-25	1.85e-15	1.00e-12	1.15e-10	2.94e-09	4.03e-08	5.69e-07	2.54e-04	9.50e-03	1.01e-01	2.68e-01	3.20e-01	2.00e-01	6.00e-02	2.15e-02	1.85e-02	1.47e-03	3.95e-05
 6.53324e+22	1.31e-24	2.52e-15	1.33e-12	1.47e-10	3.64e-09	4.80e-08	6.56e-07	2.82e-04	1.03e-02	1.07e-01	2.77e-01	3.19e-01	1.93e-01	5.63e-02	1.97e-02	1.65e-02	1.27e-03	3.28e-05
 6.55007e+22	1.76e-24	3.27e-15	1.67e-12	1.81e-10	4.34e-09	5.57e-08	7.39e-07	3.08e-04	1.10e-02	1.12e-01	2.84e-01	3.17e-01	1.88e-01	5.33e-02	1.83e-02	1.50e-02	1.12e-03	2.80e-05
 6.56748e+22	2.53e-24	4.49e-15	2.24e-12	2.33e-10	5.41e-09	6.69e-08	8.56e-07	3.43e-04	1.20e-02	1.19e-01	2.92e-01	3.15e-01	1.81e-01	4.98e-02	1.67e-02	1.33e-02	9.52e-04	2.30e-05
 6.58548e+22	3.45e-24	5.87e-15	2.85e-12	2.89e-10	6.51e-09	7.81e-08	9.70e-07	3.76e-04	1.28e-02	1.25e-01	2.99e-01	3.13e-01	1.75e-01	4.69e-02	1.54e-02	1.20e-02	8.30e-04	1.94e-05
 6.60422e+22	5.06e-24	8.17e-15	3.86e-12	3.76e-10	8.19e-09	9.46e-08	1.13e-06	4.22e-04	1.40e-02	1.32e-01	3.07e-01	3.10e-01	1.67e-01	4.35e-02	1.39e-02	1.05e-02	7.00e-04	1.57e-05
 6.62346e+22	6.98e-24	1.08e-14	4.97e-12	4.70e-10	9.93e-09	1.11e-07	1.29e-06	4.65e-04	1.50e-02	1.39e-01	3.14e-01	3.07e-01	1.61e-01	4.07e-02	1.28e-02	9.38e-03	6.06e-04	1.32e-05
 6.64075e+22	9.46e-24	1.40e-14	6.31e-12	5.81e-10	1.19e-08	1.30e-07	1.46e-06	5.10e-04	1.60e-02	1.45e-01	3.20e-01	3.04e-01	1.55e-01	3.82e-02	1.17e-02	8.43e-03	5.27e-04	1.11e-05
 6.66061e+22	1.43e-23	2.00e-14	8.72e-12	7.71e-10	1.52e-08	1.59e-07	1.72e-06	5.75e-04	1.75e-02	1.54e-01	3.29e-01	2.99e-01	1.47e-01	3.50e-02	1.05e-02	7.29e-03	4.36e-04	8.79e-06
 6.68060e+22	1.93e-23	2.60e-14	1.11e-11	9.51e-10	1.83e-08	1.85e-07	1.95e-06	6.30e-04	1.87e-02	1.61e-01	3.34e-01	2.95e-01	1.42e-01	3.28e-02	9.61e-03	6.53e-03	3.78e-04	7.39e-06
 6.70074e+22	2.90e-23	3.67e-14	1.52e-11	1.26e-09	2.33e-08	2.26e-07	2.29e-06	7.10e-04	2.04e-02	1.70e-01	3.42e-01	2.89e-01	1.34e-01	3.00e-02	8.56e-03	5.64e-03	3.13e-04	5.85e-06
 6.72131e+22	4.02e-23	4.85e-14	1.95e-11	1.57e-09	2.82e-08	2.66e-07	2.61e-06	7.81e-04	2.18e-02	1.77e-01	3.47e-01	2.84e-01	1.28e-01	2.78e-02	7.78e-03	5.00e-03	2.68e-04	4.83e-06
 6.74244e+22	6.08e-23	6.92e-14	2.70e-11	2.09e-09	3.61e-08	3.27e-07	3.09e-06	8.83e-04	2.38e-02	1.87e-01	3.54e-01	2.77e-01	1.21e-01	2.52e-02	6.88e-03	4.27e-03	2.19e-04	3.78e-06
 6.76389e+22	6.23e-23	9.22e-14	3.51e-11	2.63e-09	4.41e-08	3.87e-07	3.53e-06	9.73e-04	2.55e-02	1.95e-01	3.59e-01	2.71e-01	1.15e-01	2.33e-02	6.22e-03	3.76e-03	1.86e-04	3.09e-06
 6.78578e+22	9.62e-23	1.34e-13	4.92e-11	3.53e-09	5.70e-08	4.79e-07	4.20e-06	1.10e-03	2.79e-02	2.06e-01	3.65e-01	2.64e-01	1.07e-01	2.09e-02	5.44e-03	3.17e-03	1.49e-04	2.37e-06
