#depth	Si	Si+	Si+2	Si+3	Si+4	Si+5	Si+6	Si+7	Si+8	Si+9	Si+10	Si+11	Si+12	Si+13	Si+14
 4.62852e+21	0.00e+00	0.00e+00	0.00e+00	0.00e+00	0.00e+00	0.00e+00	0.00e+00	4.15e-27	9.43e-23	1.01e-18	6.89e-15	4.74e-11	7.66e-07	1.60e-03	9.98e-01
 1.05207e+22	0.00e+00	0.00e+00	0.00e+00	0.00e+00	0.00e+00	0.00e+00	0.00e+00	5.24e-26	8.28e-22	6.17e-18	2.93e-14	1.40e-10	1.58e-06	2.30e-03	9.98e-01
 1.26186e+22	0.00e+00	0.00e+00	0.00e+00	0.00e+00	0.00e+00	0.00e+00	9.26e-30	2.66e-25	3.31e-21	2.02e-17	7.57e-14	2.86e-10	2.54e-06	2.91e-03	9.97e-01
 1.41202e+22	0.00e+00	0.00e+00	0.00e+00	0.00e+00	0.00e+00	0.00e+00	4.23e-29	1.00e-24	1.03e-20	5.21e-17	1.62e-13	5.04e-10	3.70e-06	3.52e-03	9.96e-01
 1.50843e+22	0.00e+00	0.00e+00	0.00e+00	0.00e+00	0.00e+00	0.00e+00	8.03e-29	1.76e-24	1.67e-20	7.77e-17	2.23e-13	6.41e-10	4.35e-06	3.81e-03	9.96e-01
 1.57665e+22	0.00e+00	0.00e+00	0.00e+00	0.00e+00	0.00e+00	0.00e+00	1.98e-28	3.87e-24	3.28e-20	1.36e-16	3.49e-13	8.99e-10	5.44e-06	4.26e-03	9.96e-01
 1.64638e+22	0.00e+00	0.00e+00	0.00e+00	0.00e+00	0.00e+00	0.00e+00	4.03e-28	7.20e-24	5.59e-20	2.12e-16	4.98e-13	1.17e-09	6.50e-06	4.66e-03	9.95e-01
 1.71809e+22	0.00e+00	0.00e+00	0.00e+00	0.00e+00	0.00e+00	0.00e+00	1.00e-27	1.60e-23	1.10e-19	3.75e-16	7.84e-13	1.65e-09	8.15e-06	5.22e-03	9.95e-01
 1.79107e+22	0.00e+00	0.00e+00	0.00e+00	0.00e+00	0.00e+00	0.00e+00	2.10e-27	3.05e-23	1.92e-19	5.94e-16	1.13e-12	2.17e-09	9.80e-06	5.72e-03	9.94e-01
 1.84642e+22	0.00e+00	0.00e+00	0.00e+00	0.00e+00	0.00e+00	8.18e-32	3.39e-27	4.64e-23	2.75e-19	8.01e-16	1.44e-12	2.60e-09	1.10e-05	6.07e-03	9.94e-01
 1.89907e+22	0.00e+00	0.00e+00	0.00e+00	0.00e+00	0.00e+00	1.81e-31	6.86e-27	8.58e-23	4.66e-19	1.24e-15	2.04e-12	3.38e-09	1.32e-05	6.62e-03	9.93e-01
 1.95138e+22	0.00e+00	0.00e+00	0.00e+00	0.00e+00	0.00e+00	3.04e-31	1.09e-26	1.28e-22	6.65e-19	1.67e-15	2.59e-12	4.04e-09	1.48e-05	7.03e-03	9.93e-01
 2.00326e+22	0.00e+00	0.00e+00	0.00e+00	0.00e+00	0.00e+00	6.32e-31	2.08e-26	2.26e-22	1.08e-18	2.51e-15	3.59e-12	5.15e-09	1.74e-05	7.62e-03	9.92e-01
 2.05669e+22	0.00e+00	0.00e+00	0.00e+00	0.00e+00	0.00e+00	1.18e-30	3.63e-26	3.67e-22	1.64e-18	3.54e-15	4.73e-12	6.34e-09	2.00e-05	8.16e-03	9.92e-01
 2.10408e+22	0.00e+00	0.00e+00	0.00e+00	0.00e+00	0.00e+00	2.14e-30	6.14e-26	5.82e-22	2.43e-18	4.91e-15	6.14e-12	7.72e-09	2.28e-05	8.71e-03	9.91e-01
 2.15761e+22	0.00e+00	0.00e+00	0.00e+00	0.00e+00	0.00e+00	4.48e-30	1.18e-25	1.03e-21	3.97e-18	7.39e-15	8.52e-12	9.86e-09	2.69e-05	9.45e-03	9.91e-01
 2.21258e+22	0.00e+00	0.00e+00	0.00e+00	0.00e+00	0.00e+00	8.49e-30	2.09e-25	1.70e-21	6.08e-18	1.05e-14	1.13e-11	1.22e-08	3.09e-05	1.01e-02	9.90e-01
 2.26061e+22	0.00e+00	0.00e+00	0.00e+00	0.00e+00	0.00e+00	1.53e-29	3.54e-25	2.69e-21	9.00e-18	1.46e-14	1.47e-11	1.48e-08	3.53e-05	1.08e-02	9.89e-01
 2.31425e+22	0.00e+00	0.00e+00	0.00e+00	0.00e+00	0.00e+00	3.36e-29	7.09e-25	4.93e-21	1.51e-17	2.25e-14	2.08e-11	1.92e-08	4.19e-05	1.18e-02	9.88e-01
 2.36784e+22	0.00e+00	0.00e+00	0.00e+00	0.00e+00	0.00e+00	5.81e-29	1.15e-24	7.55e-21	2.18e-17	3.04e-14	2.64e-11	2.30e-08	4.73e-05	1.25e-02	9.87e-01
 2.42136e+22	0.00e+00	0.00e+00	0.00e+00	0.00e+00	0.00e+00	1.28e-28	2.33e-24	1.40e-20	3.68e-17	4.71e-14	3.75e-11	2.99e-08	5.63e-05	1.37e-02	9.86e-01
 2.47436e+22	0.00e+00	0.00e+00	0.00e+00	0.00e+00	0.00e+00	2.20e-28	3.76e-24	2.12e-20	5.27e-17	6.35e-14	4.76e-11	3.58e-08	6.34e-05	1.45e-02	9.85e-01
 2.51783e+22	0.00e+00	0.00e+00	0.00e+00	0.00e+00	0.00e+00	3.69e-28	5.96e-24	3.17e-20	7.43e-17	8.44e-14	5.98e-11	4.25e-08	7.11e-05	1.53e-02	9.85e-01
 2.55853e+22	0.00e+00	0.00e+00	0.00e+00	0.00e+00	0.00e+00	6.13e-28	9.35e-24	4.70e-20	1.04e-16	1.12e-13	7.48e-11	5.02e-08	7.95e-05	1.62e-02	9.84e-01
 2.59841e+22	0.00e+00	0.00e+00	0.00e+00	0.00e+00	2.11e-32	1.01e-27	1.45e-23	6.90e-20	1.44e-16	1.47e-13	9.31e-11	5.92e-08	8.86e-05	1.71e-02	9.83e-01
 2.64419e+22	0.00e+00	0.00e+00	0.00e+00	0.00e+00	4.28e-32	1.90e-27	2.56e-23	1.13e-19	2.20e-16	2.08e-13	1.23e-10	7.30e-08	1.02e-04	1.83e-02	9.82e-01
 2.68980e+22	0.00e+00	0.00e+00	0.00e+00	0.00e+00	7.46e-32	3.14e-27	3.98e-23	1.67e-19	3.07e-16	2.74e-13	1.54e-10	8.61e-08	1.14e-04	1.94e-02	9.81e-01
 2.73520e+22	0.00e+00	0.00e+00	0.00e+00	0.00e+00	1.49e-31	5.84e-27	6.91e-23	2.71e-19	4.64e-16	3.87e-13	2.02e-10	1.06e-07	1.31e-04	2.07e-02	9.79e-01
 2.78132e+22	0.00e+00	0.00e+00	0.00e+00	0.00e+00	2.64e-31	9.76e-27	1.09e-22	4.04e-19	6.53e-16	5.14e-13	2.54e-10	1.25e-07	1.46e-04	2.19e-02	9.78e-01
 2.82154e+22	0.00e+00	0.00e+00	0.00e+00	0.00e+00	4.56e-31	1.60e-26	1.69e-22	5.90e-19	9.04e-16	6.73e-13	3.15e-10	1.47e-07	1.63e-04	2.31e-02	9.77e-01
 2.86697e+22	0.00e+00	0.00e+00	0.00e+00	0.00e+00	9.17e-31	2.99e-26	2.95e-22	9.61e-19	1.37e-15	9.51e-13	4.15e-10	1.81e-07	1.87e-04	2.47e-02	9.75e-01
 2.91301e+22	0.00e+00	0.00e+00	0.00e+00	0.00e+00	1.61e-30	4.97e-26	4.62e-22	1.42e-18	1.92e-15	1.26e-12	5.19e-10	2.14e-07	2.09e-04	2.61e-02	9.74e-01
 2.95983e+22	0.00e+00	0.00e+00	0.00e+00	0.00e+00	3.30e-30	9.45e-26	8.18e-22	2.34e-18	2.93e-15	1.79e-12	6.89e-10	2.65e-07	2.40e-04	2.80e-02	9.72e-01
 3.00297e+22	0.00e+00	0.00e+00	0.00e+00	0.00e+00	5.41e-30	1.47e-25	1.21e-21	3.31e-18	3.94e-15	2.29e-12	8.38e-10	3.07e-07	2.65e-04	2.94e-02	9.70e-01
 3.03559e+22	0.00e+00	0.00e+00	0.00e+00	0.00e+00	8.48e-30	2.21e-25	1.74e-21	4.53e-18	5.15e-15	2.85e-12	1.00e-09	3.50e-07	2.89e-04	3.07e-02	9.69e-01
 3.07227e+22	0.00e+00	0.00e+00	0.00e+00	0.00e+00	1.44e-29	3.56e-25	2.66e-21	6.55e-18	7.05e-15	3.71e-12	1.23e-09	4.10e-07	3.21e-04	3.23e-02	9.67e-01
 3.11113e+22	0.00e+00	0.00e+00	0.00e+00	0.00e+00	2.38e-29	5.59e-25	3.97e-21	9.29e-18	9.51e-15	4.75e-12	1.51e-09	4.75e-07	3.54e-04	3.39e-02	9.66e-01
 3.14618e+22	0.00e+00	0.00e+00	0.00e+00	0.00e+00	3.82e-29	8.55e-25	5.78e-21	1.29e-17	1.26e-14	6.00e-12	1.81e-09	5.47e-07	3.89e-04	3.55e-02	9.64e-01
 3.18513e+22	0.00e+00	0.00e+00	0.00e+00	0.00e+00	6.72e-29	1.42e-24	9.07e-21	1.91e-17	1.76e-14	7.92e-12	2.26e-09	6.46e-07	4.34e-04	3.75e-02	9.62e-01
 3.22571e+22	0.00e+00	0.00e+00	0.00e+00	0.00e+00	1.14e-28	2.29e-24	1.38e-20	2.77e-17	2.41e-14	1.03e-11	2.79e-09	7.55e-07	4.82e-04	3.94e-02	9.60e-01
 3.26043e+22	0.00e+00	0.00e+00	0.00e+00	0.00e+00	1.82e-28	3.47e-24	2.00e-20	3.82e-17	3.18e-14	1.29e-11	3.35e-09	8.66e-07	5.27e-04	4.12e-02	9.58e-01
 3.29759e+22	0.00e+00	0.00e+00	0.00e+00	0.00e+00	3.11e-28	5.63e-24	3.08e-20	5.56e-17	4.37e-14	1.69e-11	4.14e-09	1.01e-06	5.86e-04	4.34e-02	9.56e-01
 3.33401e+22	0.00e+00	0.00e+00	0.00e+00	0.00e+00	4.90e-28	8.47e-24	4.43e-20	7.63e-17	5.73e-14	2.11e-11	4.96e-09	1.16e-06	6.40e-04	4.53e-02	9.54e-01
 3.36314e+22	0.00e+00	0.00e+00	0.00e+00	7.23e-33	7.21e-28	1.20e-23	6.02e-20	9.98e-17	7.21e-14	2.55e-11	5.77e-09	1.30e-06	6.90e-04	4.70e-02	9.52e-01
 3.39467e+22	0.00e+00	0.00e+00	0.00e+00	1.18e-32	1.13e-27	1.79e-23	8.62e-20	1.36e-16	9.41e-14	3.18e-11	6.89e-09	1.48e-06	7.53e-04	4.91e-02	9.50e-01
 3.42896e+22	0.00e+00	0.00e+00	0.00e+00	1.93e-32	1.76e-27	2.67e-23	1.23e-19	1.86e-16	1.22e-13	3.96e-11	8.21e-09	1.69e-06	8.21e-04	5.12e-02	9.48e-01
 3.46103e+22	0.00e+00	0.00e+00	0.00e+00	3.12e-32	2.72e-27	3.96e-23	1.74e-19	2.52e-16	1.59e-13	4.91e-11	9.75e-09	1.92e-06	8.94e-04	5.34e-02	9.46e-01
 3.49104e+22	0.00e+00	0.00e+00	0.00e+00	4.82e-32	4.04e-27	5.65e-23	2.39e-19	3.32e-16	2.01e-13	5.97e-11	1.14e-08	2.16e-06	9.66e-04	5.54e-02	9.44e-01
 3.52420e+22	0.00e+00	0.00e+00	0.00e+00	8.10e-32	6.48e-27	8.62e-23	3.47e-19	4.60e-16	2.66e-13	7.52e-11	1.37e-08	2.48e-06	1.06e-03	5.79e-02	9.41e-01
 3.55930e+22	0.00e+00	0.00e+00	0.00e+00	1.34e-31	1.02e-26	1.30e-22	5.01e-19	6.34e-16	3.49e-13	9.44e-11	1.64e-08	2.84e-06	1.16e-03	6.05e-02	9.38e-01
 3.59039e+22	0.00e+00	0.00e+00	0.00e+00	2.12e-31	1.55e-26	1.89e-22	6.97e-19	8.45e-16	4.46e-13	1.16e-10	1.93e-08	3.20e-06	1.25e-03	6.29e-02	9.36e-01
 3.61765e+22	0.00e+00	0.00e+00	0.00e+00	3.15e-31	2.23e-26	2.62e-22	9.30e-19	1.09e-15	5.53e-13	1.38e-10	2.23e-08	3.56e-06	1.35e-03	6.50e-02	9.34e-01
 3.64263e+22	0.00e+00	0.00e+00	0.00e+00	4.53e-31	3.10e-26	3.52e-22	1.21e-18	1.37e-15	6.73e-13	1.63e-10	2.54e-08	3.92e-06	1.43e-03	6.71e-02	9.31e-01
 3.67127e+22	0.00e+00	0.00e+00	0.00e+00	7.02e-31	4.61e-26	5.03e-22	1.66e-18	1.80e-15	8.51e-13	1.98e-10	2.97e-08	4.41e-06	1.55e-03	6.96e-02	9.29e-01
 3.70228e+22	0.00e+00	0.00e+00	0.00e+00	1.09e-30	6.90e-26	7.23e-22	2.29e-18	2.39e-15	1.08e-12	2.41e-10	3.48e-08	4.96e-06	1.67e-03	7.23e-02	9.26e-01
 3.73054e+22	0.00e+00	0.00e+00	0.00e+00	1.65e-30	1.00e-25	1.01e-21	3.09e-18	3.10e-15	1.35e-12	2.90e-10	4.03e-08	5.54e-06	1.80e-03	7.48e-02	9.23e-01
 3.75725e+22	0.00e+00	0.00e+00	0.00e+00	2.47e-30	1.45e-25	1.41e-21	4.14e-18	4.00e-15	1.68e-12	3.47e-10	4.65e-08	6.17e-06	1.93e-03	7.74e-02	9.21e-01
 3.78357e+22	0.00e+00	0.00e+00	0.00e+00	3.64e-30	2.06e-25	1.93e-21	5.48e-18	5.11e-15	2.07e-12	4.13e-10	5.34e-08	6.83e-06	2.07e-03	8.00e-02	9.18e-01
 3.81355e+22	0.00e+00	0.00e+00	0.00e+00	5.78e-30	3.14e-25	2.82e-21	7.67e-18	6.85e-15	2.66e-12	5.08e-10	6.30e-08	7.73e-06	2.24e-03	8.31e-02	9.15e-01
 3.84497e+22	0.00e+00	0.00e+00	0.00e+00	9.05e-30	4.72e-25	4.07e-21	1.06e-17	9.10e-15	3.39e-12	6.21e-10	7.39e-08	8.71e-06	2.43e-03	8.63e-02	9.11e-01
 3.87227e+22	0.00e+00	0.00e+00	0.00e+00	1.35e-29	6.78e-25	5.64e-21	1.42e-17	1.17e-14	4.20e-12	7.42e-10	8.53e-08	9.68e-06	2.60e-03	8.92e-02	9.08e-01
 3.90178e+22	0.00e+00	0.00e+00	0.00e+00	2.15e-29	1.03e-24	8.25e-21	1.99e-17	1.57e-14	5.39e-12	9.13e-10	1.01e-07	1.10e-05	2.82e-03	9.27e-02	9.04e-01
 3.93104e+22	0.00e+00	0.00e+00	0.00e+00	3.22e-29	1.49e-24	1.15e-20	2.67e-17	2.03e-14	6.71e-12	1.09e-09	1.16e-07	1.22e-05	3.03e-03	9.59e-02	9.01e-01
 3.95474e+22	0.00e+00	0.00e+00	0.00e+00	4.53e-29	2.04e-24	1.52e-20	3.42e-17	2.52e-14	8.08e-12	1.28e-09	1.31e-07	1.34e-05	3.21e-03	9.86e-02	8.98e-01
 3.98032e+22	0.00e+00	0.00e+00	0.00e+00	6.74e-29	2.93e-24	2.10e-20	4.56e-17	3.24e-14	1.00e-11	1.52e-09	1.51e-07	1.48e-05	3.44e-03	1.02e-01	8.95e-01
 4.00820e+22	0.00e+00	0.00e+00	3.44e-33	9.98e-29	4.19e-24	2.90e-20	6.07e-17	4.16e-14	1.24e-11	1.82e-09	1.74e-07	1.65e-05	3.68e-03	1.05e-01	8.91e-01
 4.03433e+22	0.00e+00	0.00e+00	5.23e-33	1.47e-28	5.95e-24	3.98e-20	8.04e-17	5.32e-14	1.53e-11	2.16e-09	2.00e-07	1.82e-05	3.94e-03	1.09e-01	8.87e-01
 4.05939e+22	0.00e+00	0.00e+00	7.77e-33	2.12e-28	8.29e-24	5.36e-20	1.05e-16	6.70e-14	1.86e-11	2.54e-09	2.27e-07	2.01e-05	4.20e-03	1.12e-01	8.84e-01
 4.08388e+22	0.00e+00	0.00e+00	1.15e-32	3.03e-28	1.15e-23	7.20e-20	1.36e-16	8.41e-14	2.25e-11	2.99e-09	2.59e-07	2.21e-05	4.47e-03	1.15e-01	8.80e-01
 4.11181e+22	0.00e+00	0.00e+00	1.82e-32	4.66e-28	1.70e-23	1.02e-19	1.86e-16	1.10e-13	2.84e-11	3.61e-09	3.01e-07	2.47e-05	4.81e-03	1.19e-01	8.76e-01
 4.14088e+22	0.00e+00	0.00e+00	2.86e-32	7.04e-28	2.48e-23	1.43e-19	2.51e-16	1.44e-13	3.56e-11	4.35e-09	3.49e-07	2.76e-05	5.17e-03	1.23e-01	8.72e-01
 4.16578e+22	0.00e+00	0.00e+00	4.23e-32	1.01e-27	3.44e-23	1.93e-19	3.26e-16	1.80e-13	4.32e-11	5.12e-09	3.97e-07	3.04e-05	5.50e-03	1.27e-01	8.68e-01
 4.19253e+22	0.00e+00	0.00e+00	6.68e-32	1.54e-27	5.05e-23	2.72e-19	4.43e-16	2.36e-13	5.42e-11	6.17e-09	4.61e-07	3.39e-05	5.91e-03	1.31e-01	8.63e-01
 4.21962e+22	0.00e+00	0.00e+00	1.00e-31	2.24e-27	7.10e-23	3.70e-19	5.81e-16	2.99e-13	6.64e-11	7.30e-09	5.27e-07	3.75e-05	6.31e-03	1.35e-01	8.59e-01
 4.24257e+22	0.00e+00	0.00e+00	1.44e-31	3.12e-27	9.62e-23	4.86e-19	7.41e-16	3.69e-13	7.95e-11	8.48e-09	5.94e-07	4.09e-05	6.68e-03	1.39e-01	8.55e-01
 4.26778e+22	0.00e+00	0.00e+00	2.19e-31	4.62e-27	1.37e-22	6.68e-19	9.83e-16	4.73e-13	9.82e-11	1.01e-08	6.82e-07	4.53e-05	7.14e-03	1.43e-01	8.50e-01
 4.29492e+22	0.00e+00	0.00e+00	3.33e-31	6.78e-27	1.95e-22	9.16e-19	1.30e-15	6.03e-13	1.21e-10	1.20e-08	7.82e-07	5.02e-05	7.63e-03	1.47e-01	8.45e-01
 4.31981e+22	0.00e+00	0.00e+00	4.94e-31	9.75e-27	2.71e-22	1.23e-18	1.69e-15	7.60e-13	1.47e-10	1.41e-08	8.90e-07	5.52e-05	8.12e-03	1.52e-01	8.40e-01
 4.34741e+22	0.00e+00	0.00e+00	7.89e-31	1.50e-26	4.02e-22	1.76e-18	2.32e-15	9.99e-13	1.86e-10	1.71e-08	1.04e-06	6.18e-05	8.73e-03	1.57e-01	8.34e-01
 4.37635e+22	0.00e+00	0.00e+00	1.24e-30	2.27e-26	5.86e-22	2.47e-18	3.13e-15	1.30e-12	2.33e-10	2.06e-08	1.20e-06	6.89e-05	9.37e-03	1.62e-01	8.29e-01
 4.40052e+22	0.00e+00	0.00e+00	1.80e-30	3.22e-26	8.06e-22	3.28e-18	4.04e-15	1.62e-12	2.81e-10	2.41e-08	1.36e-06	7.55e-05	9.94e-03	1.66e-01	8.24e-01
 4.42214e+22	0.00e+00	0.00e+00	2.56e-30	4.44e-26	1.08e-21	4.28e-18	5.11e-15	1.99e-12	3.34e-10	2.78e-08	1.53e-06	8.22e-05	1.05e-02	1.70e-01	8.19e-01
 4.44697e+22	0.00e+00	0.00e+00	3.91e-30	6.58e-26	1.55e-21	5.90e-18	6.80e-15	2.55e-12	4.14e-10	3.32e-08	1.75e-06	9.11e-05	1.12e-02	1.76e-01	8.13e-01
 4.47367e+22	0.00e+00	0.00e+00	5.85e-30	9.52e-26	2.17e-21	7.99e-18	8.90e-15	3.23e-12	5.06e-10	3.92e-08	2.00e-06	1.00e-04	1.19e-02	1.80e-01	8.08e-01
 4.49874e+22	0.00e+00	0.00e+00	8.76e-30	1.38e-25	3.04e-21	1.08e-17	1.17e-14	4.09e-12	6.19e-10	4.63e-08	2.28e-06	1.11e-04	1.27e-02	1.86e-01	8.02e-01
 4.52345e+22	0.00e+00	0.00e+00	1.31e-29	2.00e-25	4.27e-21	1.47e-17	1.53e-14	5.18e-12	7.56e-10	5.47e-08	2.61e-06	1.22e-04	1.35e-02	1.91e-01	7.96e-01
 4.54699e+22	0.00e+00	0.00e+00	1.90e-29	2.82e-25	5.84e-21	1.95e-17	1.96e-14	6.44e-12	9.12e-10	6.38e-08	2.94e-06	1.33e-04	1.43e-02	1.96e-01	7.90e-01
 4.57280e+22	0.00e+00	0.00e+00	2.95e-29	4.23e-25	8.45e-21	2.72e-17	2.64e-14	8.33e-12	1.14e-09	7.65e-08	3.40e-06	1.48e-04	1.53e-02	2.01e-01	7.83e-01
 4.59985e+22	0.00e+00	0.00e+00	4.52e-29	6.26e-25	1.21e-20	3.75e-17	3.51e-14	1.07e-11	1.41e-09	9.13e-08	3.91e-06	1.64e-04	1.64e-02	2.07e-01	7.76e-01
 4.62355e+22	0.00e+00	0.00e+00	6.64e-29	8.93e-25	1.67e-20	5.02e-17	4.55e-14	1.34e-11	1.70e-09	1.07e-07	4.43e-06	1.80e-04	1.74e-02	2.13e-01	7.70e-01
 4.64938e+22	0.00e+00	1.65e-33	1.06e-28	1.38e-24	2.48e-20	7.17e-17	6.24e-14	1.77e-11	2.16e-09	1.30e-07	5.17e-06	2.02e-04	1.87e-02	2.19e-01	7.62e-01
 4.67611e+22	0.00e+00	2.55e-33	1.59e-28	2.00e-24	3.49e-20	9.72e-17	8.18e-14	2.24e-11	2.64e-09	1.54e-07	5.90e-06	2.22e-04	1.99e-02	2.25e-01	7.55e-01
 4.69916e+22	0.00e+00	2.75e-33	1.67e-28	2.03e-24	4.78e-20	1.29e-16	1.05e-13	2.79e-11	3.19e-09	1.80e-07	6.67e-06	2.43e-04	2.10e-02	2.30e-01	7.48e-01
 4.72094e+22	0.00e+00	4.05e-33	2.40e-28	2.83e-24	6.48e-20	1.70e-16	1.34e-13	3.45e-11	3.82e-09	2.09e-07	7.50e-06	2.65e-04	2.22e-02	2.36e-01	7.42e-01
 4.74588e+22	0.00e+00	6.64e-33	3.80e-28	4.32e-24	9.53e-20	2.40e-16	1.83e-13	4.51e-11	4.81e-09	2.53e-07	8.72e-06	2.96e-04	2.38e-02	2.43e-01	7.33e-01
 4.77155e+22	0.00e+00	1.01e-32	5.61e-28	6.18e-24	1.32e-19	3.22e-16	2.37e-13	5.67e-11	5.84e-09	2.97e-07	9.89e-06	3.24e-04	2.52e-02	2.49e-01	7.26e-01
 4.79816e+22	0.00e+00	1.69e-32	9.08e-28	9.61e-24	1.98e-19	4.63e-16	3.27e-13	7.51e-11	7.43e-09	3.62e-07	1.16e-05	3.64e-04	2.71e-02	2.56e-01	7.16e-01
 4.82533e+22	0.00e+00	2.73e-32	1.42e-27	1.45e-23	2.87e-19	6.47e-16	4.41e-13	9.74e-11	9.28e-09	4.36e-07	1.34e-05	4.04e-04	2.90e-02	2.63e-01	7.08e-01
 4.84743e+22	0.00e+00	4.08e-32	2.05e-27	2.03e-23	3.91e-19	8.56e-16	5.65e-13	1.21e-10	1.12e-08	5.08e-07	1.51e-05	4.41e-04	3.06e-02	2.69e-01	7.00e-01
 4.86735e+22	0.00e+00	5.79e-32	2.85e-27	2.74e-23	5.14e-19	1.10e-15	7.03e-13	1.46e-10	1.32e-08	5.82e-07	1.68e-05	4.76e-04	3.21e-02	2.74e-01	6.93e-01
 4.89023e+22	0.00e+00	9.24e-32	4.40e-27	4.08e-23	7.40e-19	1.52e-15	9.40e-13	1.89e-10	1.64e-08	6.96e-07	1.93e-05	5.28e-04	3.42e-02	2.81e-01	6.84e-01
 4.91437e+22	0.00e+00	1.42e-31	6.56e-27	5.88e-23	1.03e-18	2.05e-15	1.23e-12	2.38e-10	2.00e-08	8.22e-07	2.20e-05	5.80e-04	3.63e-02	2.87e-01	6.76e-01
 4.93639e+22	0.00e+00	2.16e-31	9.65e-27	8.38e-23	1.43e-18	2.74e-15	1.59e-12	2.99e-10	2.42e-08	9.65e-07	2.49e-05	6.35e-04	3.84e-02	2.94e-01	6.67e-01
 4.96126e+22	0.00e+00	3.60e-31	1.55e-26	1.29e-22	2.12e-18	3.92e-15	2.18e-12	3.94e-10	3.07e-08	1.17e-06	2.90e-05	7.09e-04	4.11e-02	3.02e-01	6.57e-01
 4.98587e+22	0.00e+00	5.61e-31	2.34e-26	1.88e-22	2.99e-18	5.34e-15	2.87e-12	5.01e-10	3.77e-08	1.39e-06	3.31e-05	7.80e-04	4.36e-02	3.08e-01	6.47e-01
 5.00580e+22	0.00e+00	8.19e-31	3.32e-26	2.59e-22	4.01e-18	6.95e-15	3.63e-12	6.14e-10	4.50e-08	1.61e-06	3.71e-05	8.47e-04	4.58e-02	3.14e-01	6.39e-01
 5.02734e+22	0.00e+00	1.29e-30	5.08e-26	3.81e-22	5.71e-18	9.55e-15	4.81e-12	7.86e-10	5.56e-08	1.92e-06	4.25e-05	9.34e-04	4.87e-02	3.21e-01	6.29e-01
 5.05020e+22	0.00e+00	1.97e-30	7.49e-26	5.44e-22	7.89e-18	1.28e-14	6.23e-12	9.86e-10	6.75e-08	2.25e-06	4.81e-05	1.02e-03	5.14e-02	3.28e-01	6.20e-01
 5.07133e+22	0.00e+00	3.04e-30	1.12e-25	7.83e-22	1.10e-17	1.73e-14	8.14e-12	1.25e-09	8.25e-08	2.66e-06	5.48e-05	1.12e-03	5.44e-02	3.34e-01	6.10e-01
 5.09170e+22	0.00e+00	4.48e-30	1.61e-25	1.09e-21	1.49e-17	2.26e-14	1.04e-11	1.54e-09	9.88e-08	3.09e-06	6.15e-05	1.22e-03	5.72e-02	3.40e-01	6.01e-01
 5.11455e+22	0.00e+00	7.39e-30	2.55e-25	1.66e-21	2.19e-17	3.20e-14	1.41e-11	2.01e-09	1.24e-07	3.74e-06	7.13e-05	1.35e-03	6.10e-02	3.48e-01	5.90e-01
 5.13756e+22	0.00e+00	1.14e-29	3.81e-25	2.39e-21	3.06e-17	4.33e-14	1.84e-11	2.54e-09	1.52e-07	4.42e-06	8.11e-05	1.48e-03	6.45e-02	3.54e-01	5.80e-01
 5.15682e+22	0.00e+00	1.66e-29	5.39e-25	3.28e-21	4.09e-17	5.62e-14	2.32e-11	3.11e-09	1.81e-07	5.10e-06	9.06e-05	1.61e-03	6.76e-02	3.60e-01	5.71e-01
 5.17788e+22	0.00e+00	2.65e-29	8.30e-25	4.85e-21	5.86e-17	7.76e-14	3.09e-11	4.00e-09	2.24e-07	6.09e-06	1.04e-04	1.77e-03	7.17e-02	3.67e-01	5.59e-01
 5.19994e+22	0.00e+00	3.31e-29	1.00e-24	6.92e-21	8.12e-17	1.04e-13	4.01e-11	5.02e-09	2.73e-07	7.17e-06	1.18e-04	1.94e-03	7.56e-02	3.73e-01	5.49e-01
 5.21984e+22	0.00e+00	4.96e-29	1.46e-24	9.70e-21	1.11e-16	1.38e-13	5.14e-11	6.24e-09	3.29e-07	8.36e-06	1.33e-04	2.11e-03	7.94e-02	3.79e-01	5.39e-01
 5.23889e+22	0.00e+00	7.30e-29	2.08e-24	1.34e-20	1.49e-16	1.80e-13	6.51e-11	7.67e-09	3.93e-07	9.68e-06	1.48e-04	2.28e-03	8.32e-02	3.85e-01	5.30e-01
 5.26032e+22	0.00e+00	1.19e-28	3.26e-24	2.01e-20	2.16e-16	2.51e-13	8.78e-11	9.95e-09	4.91e-07	1.17e-05	1.71e-04	2.52e-03	8.83e-02	3.92e-01	5.17e-01
 5.28217e+22	0.00e+00	1.82e-28	4.82e-24	2.86e-20	2.99e-16	3.36e-13	1.14e-10	1.25e-08	5.97e-07	1.37e-05	1.93e-04	2.75e-03	9.29e-02	3.97e-01	5.07e-01
 5.30089e+22	0.00e+00	2.66e-28	6.85e-24	3.93e-20	4.00e-16	4.37e-13	1.44e-10	1.53e-08	7.11e-07	1.58e-05	2.16e-04	2.97e-03	9.72e-02	4.03e-01	4.97e-01
 5.32156e+22	0.00e+00	4.28e-28	1.06e-23	5.85e-20	5.75e-16	6.07e-13	1.92e-10	1.97e-08	8.85e-07	1.89e-05	2.48e-04	3.28e-03	1.03e-01	4.09e-01	4.85e-01
 5.34287e+22	0.00e+00	6.50e-28	1.56e-23	8.28e-20	7.92e-16	8.09e-13	2.48e-10	2.47e-08	1.07e-06	2.22e-05	2.80e-04	3.57e-03	1.08e-01	4.14e-01	4.74e-01
 5.36177e+22	0.00e+00	9.70e-28	2.26e-23	1.15e-19	1.07e-15	1.07e-12	3.17e-10	3.06e-08	1.29e-06	2.58e-05	3.14e-04	3.87e-03	1.13e-01	4.19e-01	4.64e-01
 5.38308e+22	0.00e+00	1.58e-27	3.55e-23	1.73e-19	1.56e-15	1.49e-12	4.27e-10	3.97e-08	1.61e-06	3.11e-05	3.62e-04	4.27e-03	1.20e-01	4.25e-01	4.51e-01
 5.40461e+22	0.00e+00	2.41e-27	5.22e-23	2.45e-19	2.15e-15	1.99e-12	5.51e-10	4.96e-08	1.95e-06	3.65e-05	4.08e-04	4.64e-03	1.25e-01	4.30e-01	4.40e-01
 5.42316e+22	0.00e+00	3.57e-27	7.49e-23	3.39e-19	2.90e-15	2.60e-12	7.00e-10	6.11e-08	2.34e-06	4.23e-05	4.57e-04	5.01e-03	1.31e-01	4.34e-01	4.30e-01
 5.44398e+22	0.00e+00	5.79e-27	1.17e-22	5.07e-19	4.20e-15	3.64e-12	9.41e-10	7.92e-08	2.92e-06	5.08e-05	5.25e-04	5.52e-03	1.38e-01	4.39e-01	4.17e-01
 5.46567e+22	0.00e+00	9.00e-27	1.76e-22	7.30e-19	5.87e-15	4.92e-12	1.23e-09	1.00e-07	3.57e-06	5.99e-05	5.95e-04	6.02e-03	1.45e-01	4.43e-01	4.05e-01
 5.48510e+22	4.37e-34	1.34e-26	2.54e-22	1.02e-18	7.97e-15	6.47e-12	1.57e-09	1.24e-07	4.29e-06	6.97e-05	6.67e-04	6.50e-03	1.51e-01	4.47e-01	3.94e-01
 5.50409e+22	6.96e-34	2.05e-26	3.73e-22	1.44e-18	1.10e-14	8.63e-12	2.03e-09	1.55e-07	5.20e-06	8.17e-05	7.51e-04	7.06e-03	1.58e-01	4.50e-01	3.83e-01
 5.52217e+22	1.04e-33	2.95e-26	5.23e-22	1.94e-18	1.45e-14	1.11e-11	2.54e-09	1.88e-07	6.15e-06	9.37e-05	8.33e-04	7.58e-03	1.65e-01	4.53e-01	3.74e-01
 5.54196e+22	1.78e-33	4.76e-26	8.11e-22	2.88e-18	2.08e-14	1.54e-11	3.39e-09	2.43e-07	7.66e-06	1.12e-04	9.54e-04	8.31e-03	1.73e-01	4.57e-01	3.61e-01
 5.56212e+22	2.81e-33	7.20e-26	1.18e-21	4.03e-18	2.84e-14	2.04e-11	4.36e-09	3.02e-07	9.24e-06	1.31e-04	1.07e-03	8.98e-03	1.80e-01	4.59e-01	3.50e-01
 5.57831e+22	4.03e-33	9.97e-26	1.59e-21	5.26e-18	3.63e-14	2.55e-11	5.31e-09	3.59e-07	1.07e-05	1.48e-04	1.17e-03	9.56e-03	1.86e-01	4.61e-01	3.42e-01
 5.59493e+22	6.33e-33	1.50e-25	2.31e-21	7.32e-18	4.94e-14	3.36e-11	6.79e-09	4.45e-07	1.29e-05	1.72e-04	1.32e-03	1.03e-02	1.94e-01	4.63e-01	3.31e-01
 5.61097e+22	8.90e-33	2.03e-25	3.06e-21	9.39e-18	6.22e-14	4.14e-11	8.17e-09	5.24e-07	1.48e-05	1.93e-04	1.43e-03	1.09e-02	2.00e-01	4.64e-01	3.23e-01
 5.62408e+22	1.23e-32	2.72e-25	3.99e-21	1.19e-17	7.76e-14	5.05e-11	9.76e-09	6.12e-07	1.70e-05	2.16e-04	1.56e-03	1.15e-02	2.06e-01	4.65e-01	3.16e-01
 5.63895e+22	1.86e-32	3.94e-25	5.59e-21	1.61e-17	1.02e-13	6.49e-11	1.22e-08	7.44e-07	2.01e-05	2.48e-04	1.72e-03	1.24e-02	2.13e-01	4.66e-01	3.06e-01
 5.65343e+22	2.55e-32	5.23e-25	7.24e-21	2.02e-17	1.27e-13	7.87e-11	1.45e-08	8.64e-07	2.29e-05	2.75e-04	1.87e-03	1.30e-02	2.19e-01	4.67e-01	2.99e-01
 5.66545e+22	3.48e-32	6.91e-25	9.33e-21	2.53e-17	1.56e-13	9.51e-11	1.71e-08	1.00e-06	2.59e-05	3.06e-04	2.02e-03	1.37e-02	2.25e-01	4.67e-01	2.92e-01
 5.67911e+22	5.07e-32	9.69e-25	1.27e-20	3.33e-17	2.01e-13	1.20e-10	2.10e-08	1.20e-06	3.03e-05	3.47e-04	2.21e-03	1.46e-02	2.32e-01	4.68e-01	2.83e-01
 5.69253e+22	6.85e-32	1.27e-24	1.62e-20	4.13e-17	2.46e-13	1.44e-10	2.47e-08	1.38e-06	3.42e-05	3.84e-04	2.38e-03	1.53e-02	2.38e-01	4.68e-01	2.76e-01
 5.70369e+22	9.19e-32	1.65e-24	2.06e-20	5.09e-17	2.99e-13	1.71e-10	2.90e-08	1.59e-06	3.86e-05	4.23e-04	2.56e-03	1.61e-02	2.44e-01	4.67e-01	2.70e-01
 5.71458e+22	1.22e-31	2.12e-24	2.59e-20	6.23e-17	3.61e-13	2.03e-10	3.38e-08	1.81e-06	4.33e-05	4.65e-04	2.75e-03	1.68e-02	2.49e-01	4.67e-01	2.64e-01
 5.72705e+22	1.74e-31	2.92e-24	3.45e-20	8.03e-17	4.58e-13	2.52e-10	4.09e-08	2.15e-06	5.01e-05	5.24e-04	3.00e-03	1.78e-02	2.56e-01	4.67e-01	2.56e-01
 5.73983e+22	2.35e-31	3.82e-24	4.40e-20	9.95e-17	5.60e-13	3.03e-10	4.82e-08	2.47e-06	5.67e-05	5.80e-04	3.23e-03	1.87e-02	2.62e-01	4.66e-01	2.49e-01
 5.75118e+22	3.14e-31	4.95e-24	5.57e-20	1.22e-16	6.79e-13	3.61e-10	5.63e-08	2.84e-06	6.38e-05	6.38e-04	3.47e-03	1.95e-02	2.68e-01	4.65e-01	2.43e-01
 5.76194e+22	4.18e-31	6.38e-24	7.01e-20	1.49e-16	8.20e-13	4.28e-10	6.57e-08	3.25e-06	7.17e-05	7.03e-04	3.72e-03	2.04e-02	2.74e-01	4.64e-01	2.37e-01
 5.77188e+22	5.44e-31	8.07e-24	8.66e-20	1.80e-16	9.75e-13	5.02e-10	7.57e-08	3.68e-06	7.98e-05	7.67e-04	3.97e-03	2.13e-02	2.80e-01	4.63e-01	2.31e-01
 5.78296e+22	7.56e-31	1.08e-23	1.13e-19	2.26e-16	1.21e-12	6.11e-10	9.03e-08	4.29e-06	9.12e-05	8.56e-04	4.30e-03	2.24e-02	2.86e-01	4.62e-01	2.24e-01
 5.79434e+22	1.01e-30	1.40e-23	1.42e-19	2.77e-16	1.47e-12	7.28e-10	1.06e-07	4.93e-06	1.03e-04	9.44e-04	4.62e-03	2.35e-02	2.92e-01	4.60e-01	2.18e-01
 5.80425e+22	1.31e-30	1.77e-23	1.75e-19	3.32e-16	1.74e-12	8.50e-10	1.21e-07	5.56e-06	1.14e-04	1.03e-03	4.92e-03	2.44e-02	2.98e-01	4.59e-01	2.13e-01
 5.81530e+22	1.87e-30	2.42e-23	2.32e-19	4.24e-16	2.19e-12	1.05e-09	1.47e-07	6.58e-06	1.32e-04	1.16e-03	5.36e-03	2.58e-02	3.05e-01	4.56e-01	2.06e-01
 5.82640e+22	2.47e-30	3.10e-23	2.90e-19	5.13e-16	2.63e-12	1.24e-09	1.71e-07	7.50e-06	1.48e-04	1.27e-03	5.74e-03	2.69e-02	3.11e-01	4.54e-01	2.00e-01
 5.83759e+22	3.54e-30	4.26e-23	3.84e-19	6.55e-16	3.31e-12	1.53e-09	2.07e-07	8.88e-06	1.71e-04	1.43e-03	6.26e-03	2.84e-02	3.19e-01	4.52e-01	1.93e-01
 5.84895e+22	4.76e-30	5.54e-23	4.85e-19	8.01e-16	4.01e-12	1.83e-09	2.42e-07	1.02e-05	1.93e-04	1.58e-03	6.72e-03	2.97e-02	3.25e-01	4.49e-01	1.87e-01
 5.85856e+22	6.22e-30	7.02e-23	5.99e-19	9.60e-16	4.77e-12	2.15e-09	2.80e-07	1.16e-05	2.16e-04	1.73e-03	7.17e-03	3.09e-02	3.31e-01	4.47e-01	1.82e-01
 5.86910e+22	8.85e-30	9.58e-23	7.89e-19	1.21e-15	5.97e-12	2.64e-09	3.38e-07	1.37e-05	2.49e-04	1.94e-03	7.81e-03	3.25e-02	3.39e-01	4.43e-01	1.76e-01
 5.87971e+22	1.17e-29	1.23e-22	9.81e-19	1.46e-15	7.14e-12	3.12e-09	3.92e-07	1.56e-05	2.79e-04	2.13e-03	8.35e-03	3.39e-02	3.45e-01	4.40e-01	1.70e-01
 5.89043e+22	1.70e-29	1.70e-22	1.31e-18	1.87e-15	9.06e-12	3.89e-09	4.79e-07	1.86e-05	3.26e-04	2.42e-03	9.14e-03	3.58e-02	3.53e-01	4.36e-01	1.63e-01
 5.90114e+22	2.24e-29	2.17e-22	1.63e-18	2.24e-15	1.08e-11	4.58e-09	5.56e-07	2.12e-05	3.65e-04	2.65e-03	9.76e-03	3.73e-02	3.59e-01	4.33e-01	1.58e-01
 5.91045e+22	2.99e-29	2.80e-22	2.03e-18	2.71e-15	1.30e-11	5.42e-09	6.49e-07	2.43e-05	4.10e-04	2.92e-03	1.05e-02	3.89e-02	3.65e-01	4.29e-01	1.53e-01
 5.91961e+22	3.96e-29	3.58e-22	2.52e-18	3.25e-15	1.55e-11	6.40e-09	7.54e-07	2.77e-05	4.60e-04	3.20e-03	1.12e-02	4.05e-02	3.71e-01	4.26e-01	1.48e-01
 5.92996e+22	5.76e-29	4.97e-22	3.35e-18	4.12e-15	1.96e-11	7.97e-09	9.22e-07	3.31e-05	5.37e-04	3.63e-03	1.22e-02	4.27e-02	3.79e-01	4.20e-01	1.42e-01
 5.94017e+22	7.55e-29	6.30e-22	4.13e-18	4.91e-15	2.32e-11	9.35e-09	1.07e-06	3.77e-05	6.01e-04	3.97e-03	1.31e-02	4.43e-02	3.84e-01	4.17e-01	1.37e-01
 5.95019e+22	1.09e-28	8.66e-22	5.44e-18	6.17e-15	2.92e-11	1.16e-08	1.30e-06	4.48e-05	6.98e-04	4.49e-03	1.42e-02	4.67e-02	3.92e-01	4.11e-01	1.31e-01
 5.96035e+22	1.45e-28	1.12e-21	6.78e-18	7.41e-15	3.50e-11	1.38e-08	1.52e-06	5.14e-05	7.87e-04	4.94e-03	1.53e-02	4.86e-02	3.98e-01	4.06e-01	1.26e-01
 5.97068e+22	2.11e-28	1.55e-21	8.99e-18	9.35e-15	4.42e-11	1.71e-08	1.86e-06	6.15e-05	9.19e-04	5.60e-03	1.67e-02	5.12e-02	4.05e-01	4.00e-01	1.20e-01
 5.98080e+22	2.78e-28	1.97e-21	1.11e-17	1.11e-14	5.24e-11	2.02e-08	2.16e-06	7.01e-05	1.03e-03	6.14e-03	1.78e-02	5.31e-02	4.11e-01	3.95e-01	1.16e-01
 5.99064e+22	3.99e-28	2.69e-21	1.45e-17	1.38e-14	6.56e-11	2.50e-08	2.63e-06	8.34e-05	1.20e-03	6.92e-03	1.94e-02	5.58e-02	4.18e-01	3.89e-01	1.10e-01
 6.00064e+22	5.31e-28	3.46e-21	1.79e-17	1.64e-14	7.83e-11	2.95e-08	3.07e-06	9.57e-05	1.35e-03	7.62e-03	2.08e-02	5.80e-02	4.23e-01	3.83e-01	1.06e-01
 6.01083e+22	7.72e-28	4.78e-21	2.36e-17	2.06e-14	9.86e-11	3.69e-08	3.77e-06	1.15e-04	1.57e-03	8.63e-03	2.27e-02	6.09e-02	4.30e-01	3.76e-01	1.00e-01
 6.02116e+22	1.04e-27	6.17e-21	2.94e-17	2.46e-14	1.18e-10	4.39e-08	4.43e-06	1.32e-04	1.78e-03	9.52e-03	2.43e-02	6.33e-02	4.35e-01	3.70e-01	9.61e-02
 6.03167e+22	1.52e-27	8.61e-21	3.90e-17	3.08e-14	1.50e-10	5.51e-08	5.48e-06	1.59e-04	2.09e-03	1.08e-02	2.66e-02	6.66e-02	4.41e-01	3.62e-01	9.06e-02
 6.04223e+22	2.04e-27	1.11e-20	4.83e-17	3.66e-14	1.79e-10	6.56e-08	6.44e-06	1.83e-04	2.36e-03	1.19e-02	2.85e-02	6.91e-02	4.46e-01	3.55e-01	8.66e-02
 6.05285e+22	2.99e-27	1.54e-20	6.38e-17	4.57e-14	2.27e-10	8.23e-08	7.96e-06	2.21e-04	2.76e-03	1.35e-02	3.11e-02	7.26e-02	4.52e-01	3.47e-01	8.13e-02
 6.06321e+22	3.92e-27	1.95e-20	7.77e-17	5.34e-14	2.68e-10	9.67e-08	9.24e-06	2.52e-04	3.09e-03	1.48e-02	3.31e-02	7.50e-02	4.56e-01	3.40e-01	7.78e-02
 6.07324e+22	5.62e-27	2.65e-20	1.01e-16	6.54e-14	3.33e-10	1.20e-07	1.13e-05	3.01e-04	3.59e-03	1.67e-02	3.60e-02	7.85e-02	4.60e-01	3.31e-01	7.31e-02
 6.08335e+22	7.28e-27	3.32e-20	1.22e-16	7.60e-14	3.91e-10	1.40e-07	1.30e-05	3.41e-04	4.00e-03	1.81e-02	3.82e-02	8.10e-02	4.64e-01	3.25e-01	6.99e-02
 6.09356e+22	1.03e-26	4.48e-20	1.56e-16	9.24e-14	4.84e-10	1.72e-07	1.58e-05	4.05e-04	4.62e-03	2.03e-02	4.13e-02	8.44e-02	4.67e-01	3.16e-01	6.56e-02
 6.10405e+22	1.36e-26	5.66e-20	1.90e-16	1.08e-13	5.72e-10	2.03e-07	1.85e-05	4.63e-04	5.17e-03	2.22e-02	4.39e-02	8.71e-02	4.70e-01	3.09e-01	6.23e-02
 6.11487e+22	1.94e-26	7.68e-20	2.45e-16	1.31e-13	7.11e-10	2.51e-07	2.25e-05	5.51e-04	5.99e-03	2.49e-02	4.76e-02	9.08e-02	4.73e-01	2.99e-01	5.82e-02
 6.12588e+22	2.53e-26	9.68e-20	2.97e-16	1.53e-13	8.38e-10	2.95e-07	2.62e-05	6.29e-04	6.69e-03	2.72e-02	5.05e-02	9.35e-02	4.74e-01	2.92e-01	5.52e-02
 6.13711e+22	3.59e-26	1.31e-19	3.81e-16	1.85e-13	1.04e-09	3.64e-07	3.18e-05	7.47e-04	7.72e-03	3.04e-02	5.45e-02	9.72e-02	4.76e-01	2.82e-01	5.14e-02
 6.14865e+22	4.72e-26	1.65e-19	4.63e-16	2.16e-13	1.23e-09	4.28e-07	3.71e-05	8.53e-04	8.62e-03	3.31e-02	5.78e-02	1.00e-01	4.77e-01	2.74e-01	4.85e-02
 6.16057e+22	6.70e-26	2.23e-19	5.94e-16	2.61e-13	1.52e-09	5.28e-07	4.51e-05	1.01e-03	9.94e-03	3.70e-02	6.23e-02	1.04e-01	4.77e-01	2.64e-01	4.50e-02
 6.17248e+22	8.70e-26	2.79e-19	7.15e-16	3.02e-13	1.78e-09	6.17e-07	5.21e-05	1.15e-03	1.10e-02	4.01e-02	6.57e-02	1.06e-01	4.77e-01	2.56e-01	4.24e-02
 6.18437e+22	1.22e-25	3.71e-19	9.06e-16	3.62e-13	2.18e-09	7.53e-07	6.28e-05	1.35e-03	1.26e-02	4.44e-02	7.04e-02	1.10e-01	4.76e-01	2.46e-01	3.93e-02
 6.19655e+22	1.58e-25	4.64e-19	1.09e-15	4.18e-13	2.55e-09	8.79e-07	7.26e-05	1.53e-03	1.40e-02	4.81e-02	7.42e-02	1.12e-01	4.74e-01	2.38e-01	3.69e-02
 6.20910e+22	2.21e-25	6.19e-19	1.38e-15	5.02e-13	3.12e-09	1.07e-06	8.74e-05	1.80e-03	1.60e-02	5.32e-02	7.92e-02	1.16e-01	4.72e-01	2.28e-01	3.40e-02
 6.22127e+22	2.78e-25	7.53e-19	1.63e-15	5.70e-13	3.59e-09	1.23e-06	9.90e-05	2.01e-03	1.74e-02	5.68e-02	8.28e-02	1.18e-01	4.70e-01	2.21e-01	3.22e-02
 6.23293e+22	3.75e-25	9.73e-19	2.02e-15	6.71e-13	4.29e-09	1.46e-06	1.17e-04	2.32e-03	1.96e-02	6.21e-02	8.76e-02	1.21e-01	4.66e-01	2.12e-01	2.98e-02
 6.24488e+22	4.73e-25	1.19e-18	2.38e-15	7.63e-13	4.93e-09	1.68e-06	1.32e-04	2.59e-03	2.14e-02	6.63e-02	9.13e-02	1.23e-01	4.63e-01	2.05e-01	2.80e-02
 6.25720e+22	6.43e-25	1.54e-18	2.95e-15	9.00e-13	5.91e-09	2.00e-06	1.56e-04	2.99e-03	2.40e-02	7.23e-02	9.65e-02	1.26e-01	4.58e-01	1.95e-01	2.57e-02
 6.26969e+22	8.08e-25	1.88e-18	3.48e-15	1.02e-12	6.77e-09	2.29e-06	1.77e-04	3.32e-03	2.61e-02	7.70e-02	1.00e-01	1.27e-01	4.53e-01	1.88e-01	2.42e-02
 6.28240e+22	1.09e-24	2.43e-18	4.31e-15	1.21e-12	8.06e-09	2.71e-06	2.07e-04	3.81e-03	2.91e-02	8.35e-02	1.05e-01	1.30e-01	4.47e-01	1.79e-01	2.22e-02
 6.29500e+22	1.36e-24	2.93e-18	5.04e-15	1.36e-12	9.18e-09	3.08e-06	2.33e-04	4.22e-03	3.16e-02	8.85e-02	1.09e-01	1.31e-01	4.42e-01	1.72e-01	2.08e-02
 6.30747e+22	1.81e-24	3.75e-18	6.18e-15	1.59e-12	1.08e-08	3.62e-06	2.70e-04	4.81e-03	3.50e-02	9.55e-02	1.14e-01	1.33e-01	4.34e-01	1.64e-01	1.91e-02
 6.32007e+22	2.24e-24	4.51e-18	7.21e-15	1.80e-12	1.23e-08	4.08e-06	3.02e-04	5.29e-03	3.77e-02	1.01e-01	1.18e-01	1.34e-01	4.29e-01	1.57e-01	1.79e-02
 6.33282e+22	2.98e-24	5.74e-18	8.81e-15	2.09e-12	1.44e-08	4.78e-06	3.50e-04	6.01e-03	4.17e-02	1.08e-01	1.23e-01	1.36e-01	4.20e-01	1.49e-01	1.64e-02
 6.34582e+22	3.70e-24	6.93e-18	1.03e-14	2.37e-12	1.63e-08	5.39e-06	3.91e-04	6.60e-03	4.48e-02	1.14e-01	1.27e-01	1.37e-01	4.13e-01	1.43e-01	1.53e-02
 6.35914e+22	4.93e-24	8.85e-18	1.26e-14	2.77e-12	1.92e-08	6.30e-06	4.51e-04	7.48e-03	4.94e-02	1.22e-01	1.32e-01	1.37e-01	4.03e-01	1.34e-01	1.39e-02
 6.37271e+22	6.15e-24	1.07e-17	1.48e-14	3.14e-12	2.17e-08	7.10e-06	5.04e-04	8.22e-03	5.30e-02	1.28e-01	1.35e-01	1.38e-01	3.96e-01	1.28e-01	1.29e-02
 6.38659e+22	8.21e-24	1.37e-17	1.82e-14	3.68e-12	2.55e-08	8.28e-06	5.81e-04	9.29e-03	5.82e-02	1.37e-01	1.40e-01	1.38e-01	3.85e-01	1.20e-01	1.17e-02
 6.40072e+22	1.03e-23	1.66e-17	2.15e-14	4.19e-12	2.89e-08	9.33e-06	6.48e-04	1.02e-02	6.25e-02	1.44e-01	1.43e-01	1.39e-01	3.76e-01	1.14e-01	1.08e-02
 6.41520e+22	1.37e-23	2.14e-17	2.65e-14	4.92e-12	3.38e-08	1.09e-05	7.45e-04	1.15e-02	6.84e-02	1.53e-01	1.48e-01	1.38e-01	3.64e-01	1.07e-01	9.71e-03
 6.42935e+22	1.68e-23	2.54e-17	3.07e-14	5.55e-12	3.79e-08	1.21e-05	8.20e-04	1.25e-02	7.26e-02	1.59e-01	1.50e-01	1.38e-01	3.56e-01	1.02e-01	9.04e-03
 6.44306e+22	2.21e-23	3.22e-17	3.73e-14	6.45e-12	4.38e-08	1.39e-05	9.33e-04	1.39e-02	7.88e-02	1.68e-01	1.54e-01	1.38e-01	3.44e-01	9.48e-02	8.14e-03
 6.45700e+22	2.70e-23	3.84e-17	4.35e-14	7.29e-12	4.91e-08	1.55e-05	1.03e-03	1.51e-02	8.35e-02	1.74e-01	1.56e-01	1.37e-01	3.35e-01	9.01e-02	7.55e-03
 6.47122e+22	3.54e-23	4.84e-17	5.29e-14	8.49e-12	5.66e-08	1.77e-05	1.16e-03	1.67e-02	9.01e-02	1.83e-01	1.60e-01	1.36e-01	3.23e-01	8.39e-02	6.79e-03
 6.48588e+22	1.17e-23	5.85e-17	6.21e-14	9.65e-12	6.37e-08	1.98e-05	1.28e-03	1.82e-02	9.58e-02	1.90e-01	1.62e-01	1.35e-01	3.13e-01	7.90e-02	6.22e-03
 6.50112e+22	1.56e-23	7.43e-17	7.61e-14	1.13e-11	7.37e-08	2.27e-05	1.45e-03	2.02e-02	1.03e-01	1.99e-01	1.64e-01	1.33e-01	3.00e-01	7.32e-02	5.57e-03
 6.51685e+22	1.98e-23	9.09e-17	9.04e-14	1.30e-11	8.34e-08	2.55e-05	1.61e-03	2.20e-02	1.10e-01	2.07e-01	1.66e-01	1.31e-01	2.89e-01	6.85e-02	5.06e-03
 6.53324e+22	2.68e-23	1.17e-16	1.12e-13	1.54e-11	9.71e-08	2.94e-05	1.83e-03	2.44e-02	1.18e-01	2.16e-01	1.68e-01	1.29e-01	2.76e-01	6.29e-02	4.48e-03
 6.55007e+22	3.44e-23	1.44e-16	1.34e-13	1.78e-11	1.10e-07	3.30e-05	2.03e-03	2.65e-02	1.25e-01	2.23e-01	1.69e-01	1.27e-01	2.64e-01	5.85e-02	4.04e-03
 6.56748e+22	4.70e-23	1.86e-16	1.67e-13	2.12e-11	1.29e-07	3.81e-05	2.30e-03	2.94e-02	1.34e-01	2.32e-01	1.71e-01	1.24e-01	2.50e-01	5.33e-02	3.55e-03
 6.58548e+22	6.12e-23	2.31e-16	2.02e-13	2.47e-11	1.47e-07	4.30e-05	2.56e-03	3.21e-02	1.42e-01	2.40e-01	1.71e-01	1.21e-01	2.38e-01	4.92e-02	3.17e-03
 6.60422e+22	8.47e-23	3.03e-16	2.55e-13	2.98e-11	1.73e-07	4.99e-05	2.91e-03	3.56e-02	1.53e-01	2.48e-01	1.71e-01	1.18e-01	2.24e-01	4.44e-02	2.75e-03
 6.62346e+22	1.11e-22	3.80e-16	3.10e-13	3.48e-11	1.97e-07	5.63e-05	3.24e-03	3.88e-02	1.61e-01	2.55e-01	1.71e-01	1.15e-01	2.12e-01	4.06e-02	2.43e-03
 6.64075e+22	1.45e-22	4.73e-16	3.74e-13	4.06e-11	2.25e-07	6.33e-05	3.58e-03	4.20e-02	1.70e-01	2.62e-01	1.71e-01	1.12e-01	2.01e-01	3.73e-02	2.16e-03
 6.66061e+22	2.05e-22	6.29e-16	4.77e-13	4.93e-11	2.65e-07	7.35e-05	4.08e-03	4.67e-02	1.82e-01	2.70e-01	1.69e-01	1.07e-01	1.86e-01	3.31e-02	1.83e-03
 6.68060e+22	2.65e-22	7.80e-16	5.76e-13	5.74e-11	3.01e-07	8.24e-05	4.49e-03	5.03e-02	1.91e-01	2.75e-01	1.68e-01	1.04e-01	1.76e-01	3.02e-02	1.62e-03
 6.70074e+22	3.73e-22	1.03e-15	7.33e-13	6.96e-11	3.53e-07	9.51e-05	5.08e-03	5.55e-02	2.02e-01	2.82e-01	1.66e-01	9.91e-02	1.62e-01	2.67e-02	1.37e-03
 6.72131e+22	4.91e-22	1.30e-15	8.91e-13	8.13e-11	4.01e-07	1.07e-04	5.61e-03	6.00e-02	2.12e-01	2.87e-01	1.63e-01	9.53e-02	1.52e-01	2.41e-02	1.20e-03
 6.74244e+22	6.97e-22	1.73e-15	1.14e-12	9.90e-11	4.71e-07	1.23e-04	6.34e-03	6.60e-02	2.24e-01	2.92e-01	1.60e-01	9.04e-02	1.39e-01	2.11e-02	1.00e-03
 6.76389e+22	7.39e-22	2.18e-15	1.39e-12	1.16e-10	5.35e-07	1.38e-04	6.99e-03	7.12e-02	2.34e-01	2.96e-01	1.57e-01	8.64e-02	1.29e-01	1.88e-02	8.64e-04
 6.78578e+22	1.07e-21	2.94e-15	1.79e-12	1.41e-10	6.27e-07	1.59e-04	7.90e-03	7.83e-02	2.47e-01	3.00e-01	1.53e-01	8.12e-02	1.16e-01	1.62e-02	7.10e-04
 6.80777e+22	1.41e-21	3.70e-15	2.18e-12	1.65e-10	7.09e-07	1.77e-04	8.67e-03	8.40e-02	2.56e-01	3.02e-01	1.49e-01	7.73e-02	1.08e-01	1.45e-02	6.09e-04
 6.82601e+22	1.82e-21	4.55e-15	2.60e-12	1.89e-10	7.89e-07	1.95e-04	9.41e-03	8.94e-02	2.65e-01	3.03e-01	1.45e-01	7.37e-02	1.00e-01	1.30e-02	5.29e-04
 6.84586e+22	2.53e-21	5.95e-15	3.25e-12	2.25e-10	9.02e-07	2.20e-04	1.04e-02	9.69e-02	2.76e-01	3.04e-01	1.41e-01	6.92e-02	9.05e-02	1.12e-02	4.38e-04
 6.86564e+22	3.25e-21	7.29e-15	3.86e-12	2.57e-10	1.00e-06	2.41e-04	1.13e-02	1.03e-01	2.84e-01	3.05e-01	1.37e-01	6.58e-02	8.39e-02	1.01e-02	3.79e-04
 6.88530e+22	4.52e-21	9.51e-15	4.81e-12	3.04e-10	1.14e-06	2.71e-04	1.24e-02	1.11e-01	2.95e-01	3.04e-01	1.31e-01	6.15e-02	7.55e-02	8.66e-03	3.12e-04
 6.90523e+22	5.84e-21	1.17e-14	5.73e-12	3.48e-10	1.26e-06	2.96e-04	1.34e-02	1.17e-01	3.02e-01	3.03e-01	1.27e-01	5.82e-02	6.95e-02	7.70e-03	2.68e-04
 6.92550e+22	8.24e-21	1.54e-14	7.18e-12	4.13e-10	1.42e-06	3.32e-04	1.48e-02	1.27e-01	3.12e-01	3.02e-01	1.21e-01	5.40e-02	6.20e-02	6.55e-03	2.17e-04
 6.94602e+22	1.08e-20	1.91e-14	8.57e-12	4.74e-10	1.58e-06	3.63e-04	1.60e-02	1.34e-01	3.20e-01	2.99e-01	1.17e-01	5.08e-02	5.67e-02	5.77e-03	1.84e-04
 6.96686e+22	1.54e-20	2.54e-14	1.08e-11	5.64e-10	1.79e-06	4.06e-04	1.76e-02	1.44e-01	3.29e-01	2.96e-01	1.11e-01	4.68e-02	5.01e-02	4.85e-03	1.48e-04
 6.98810e+22	2.05e-20	3.19e-14	1.30e-11	6.50e-10	1.98e-06	4.44e-04	1.90e-02	1.53e-01	3.36e-01	2.92e-01	1.06e-01	4.37e-02	4.54e-02	4.22e-03	1.23e-04
 7.00987e+22	3.00e-20	4.30e-14	1.66e-11	7.80e-10	2.25e-06	4.98e-04	2.10e-02	1.65e-01	3.45e-01	2.87e-01	9.94e-02	3.99e-02	3.96e-02	3.49e-03	9.69e-05
 7.03208e+22	4.08e-20	5.47e-14	2.01e-11	9.03e-10	2.49e-06	5.46e-04	2.26e-02	1.74e-01	3.51e-01	2.82e-01	9.42e-02	3.70e-02	3.55e-02	2.99e-03	7.96e-05
 7.05487e+22	6.17e-20	7.51e-14	2.59e-11	1.09e-09	2.85e-06	6.13e-04	2.50e-02	1.88e-01	3.59e-01	2.74e-01	8.75e-02	3.34e-02	3.05e-02	2.44e-03	6.12e-05
 7.07783e+22	8.59e-20	9.64e-14	3.17e-11	1.27e-09	3.17e-06	6.72e-04	2.70e-02	1.99e-01	3.64e-01	2.68e-01	8.23e-02	3.08e-02	2.71e-02	2.07e-03	4.97e-05
 7.09712e+22	1.17e-19	1.21e-13	3.81e-11	1.47e-09	3.49e-06	7.31e-04	2.89e-02	2.09e-01	3.68e-01	2.61e-01	7.76e-02	2.85e-02	2.42e-02	1.77e-03	4.10e-05
 7.11800e+22	1.76e-19	1.63e-13	4.83e-11	1.76e-09	3.95e-06	8.12e-04	3.15e-02	2.23e-01	3.72e-01	2.52e-01	7.18e-02	2.58e-02	2.09e-02	1.45e-03	3.19e-05
 7.13905e+22	2.47e-19	2.07e-13	5.84e-11	2.03e-09	4.37e-06	8.84e-04	3.38e-02	2.34e-01	3.75e-01	2.45e-01	6.73e-02	2.37e-02	1.86e-02	1.24e-03	2.60e-05
 7.15965e+22	3.80e-19	2.76e-13	7.36e-11	2.43e-09	4.94e-06	9.79e-04	3.67e-02	2.49e-01	3.78e-01	2.35e-01	6.20e-02	2.14e-02	1.61e-02	1.01e-03	2.02e-05
 7.18066e+22	5.63e-19	3.56e-13	9.02e-11	2.85e-09	5.52e-06	1.07e-03	3.94e-02	2.62e-01	3.79e-01	2.27e-01	5.75e-02	1.96e-02	1.41e-02	8.51e-04	1.62e-05
 7.20125e+22	8.96e-19	4.74e-13	1.13e-10	3.40e-09	6.25e-06	1.19e-03	4.27e-02	2.76e-01	3.80e-01	2.17e-01	5.28e-02	1.76e-02	1.22e-02	6.98e-04	1.27e-05
 7.22226e+22	1.41e-18	6.21e-13	1.41e-10	4.04e-09	7.05e-06	1.31e-03	4.59e-02	2.90e-01	3.79e-01	2.08e-01	4.85e-02	1.60e-02	1.05e-02	5.78e-04	1.00e-05
 7.24304e+22	2.27e-18	8.24e-13	1.77e-10	4.84e-09	8.00e-06	1.44e-03	4.95e-02	3.05e-01	3.78e-01	1.97e-01	4.43e-02	1.44e-02	9.08e-03	4.73e-04	7.81e-06
 7.26393e+22	3.35e-18	1.09e-12	2.21e-10	5.80e-09	9.10e-06	1.59e-03	5.33e-02	3.20e-01	3.76e-01	1.88e-01	4.04e-02	1.29e-02	7.82e-03	3.88e-04	6.11e-06
 7.28458e+22	4.74e-18	1.44e-12	2.77e-10	6.97e-09	1.04e-05	1.76e-03	5.74e-02	3.35e-01	3.73e-01	1.78e-01	3.68e-02	1.16e-02	6.72e-03	3.18e-04	4.76e-06
 7.30518e+22	6.55e-18	1.90e-12	3.47e-10	8.38e-09	1.18e-05	1.95e-03	6.16e-02	3.51e-01	3.68e-01	1.68e-01	3.34e-02	1.04e-02	5.76e-03	2.60e-04	3.71e-06
 7.32583e+22	8.99e-18	2.51e-12	4.36e-10	1.01e-08	1.36e-05	2.16e-03	6.62e-02	3.66e-01	3.63e-01	1.58e-01	3.02e-02	9.29e-03	4.93e-03	2.12e-04	2.88e-06
 7.34655e+22	1.23e-17	3.32e-12	5.49e-10	1.23e-08	1.56e-05	2.39e-03	7.11e-02	3.81e-01	3.58e-01	1.48e-01	2.72e-02	8.29e-03	4.20e-03	1.72e-04	2.23e-06
 7.36739e+22	1.67e-17	4.40e-12	6.92e-10	1.49e-08	1.79e-05	2.65e-03	7.63e-02	3.96e-01	3.51e-01	1.39e-01	2.45e-02	7.37e-03	3.57e-03	1.39e-04	1.72e-06
 7.38842e+22	2.28e-17	5.82e-12	8.73e-10	1.81e-08	2.07e-05	2.95e-03	8.18e-02	4.11e-01	3.43e-01	1.29e-01	2.19e-02	6.53e-03	3.03e-03	1.13e-04	1.33e-06
 7.40969e+22	3.09e-17	7.72e-12	1.10e-09	2.21e-08	2.40e-05	3.27e-03	8.77e-02	4.26e-01	3.35e-01	1.20e-01	1.96e-02	5.78e-03	2.56e-03	9.05e-05	1.02e-06
 7.43108e+22	4.18e-17	1.02e-11	1.39e-09	2.69e-08	2.77e-05	3.63e-03	9.38e-02	4.40e-01	3.26e-01	1.11e-01	1.75e-02	5.10e-03	2.16e-03	7.27e-05	7.79e-07
 7.45280e+22	5.69e-17	1.36e-11	1.77e-09	3.31e-08	3.23e-05	4.04e-03	1.00e-01	4.54e-01	3.17e-01	1.03e-01	1.55e-02	4.48e-03	1.81e-03	5.80e-05	5.91e-07
 7.47478e+22	7.69e-17	1.79e-11	2.24e-09	4.05e-08	3.74e-05	4.49e-03	1.07e-01	4.67e-01	3.07e-01	9.50e-02	1.38e-02	3.93e-03	1.52e-03	4.63e-05	4.50e-07
 7.49717e+22	1.04e-16	2.38e-11	2.85e-09	5.00e-08	4.37e-05	5.00e-03	1.15e-01	4.81e-01	2.96e-01	8.71e-02	1.21e-02	3.43e-03	1.26e-03	3.66e-05	3.38e-07
 7.51801e+22	1.33e-16	2.99e-11	3.47e-09	5.93e-08	4.96e-05	5.46e-03	1.21e-01	4.90e-01	2.87e-01	8.12e-02	1.09e-02	3.06e-03	1.09e-03	3.02e-05	2.67e-07
 7.53945e+22	1.82e-16	4.01e-11	4.46e-09	7.39e-08	5.83e-05	6.10e-03	1.29e-01	5.03e-01	2.75e-01	7.39e-02	9.52e-03	2.64e-03	8.91e-04	2.35e-05	1.98e-07
 7.56122e+22	2.26e-16	5.04e-11	5.42e-09	8.78e-08	6.62e-05	6.66e-03	1.36e-01	5.11e-01	2.65e-01	6.85e-02	8.54e-03	2.35e-03	7.63e-04	1.93e-05	1.56e-07
 7.58351e+22	3.09e-16	6.78e-11	7.01e-09	1.10e-07	7.82e-05	7.46e-03	1.46e-01	5.22e-01	2.53e-01	6.19e-02	7.39e-03	2.01e-03	6.20e-04	1.48e-05	1.13e-07
 7.60593e+22	3.82e-16	8.44e-11	8.49e-09	1.30e-07	8.85e-05	8.11e-03	1.53e-01	5.29e-01	2.43e-01	5.73e-02	6.63e-03	1.79e-03	5.31e-04	1.22e-05	0.00e+00
 7.62852e+22	5.17e-16	1.13e-10	1.09e-08	1.63e-07	1.04e-04	9.05e-03	1.63e-01	5.38e-01	2.31e-01	5.17e-02	5.73e-03	1.52e-03	4.31e-04	9.37e-06	0.00e+00
 7.65124e+22	6.50e-16	1.40e-10	1.32e-08	1.93e-07	1.18e-04	9.82e-03	1.70e-01	5.44e-01	2.22e-01	4.77e-02	5.13e-03	1.35e-03	3.68e-04	7.67e-06	0.00e+00
 7.67412e+22	8.72e-16	1.85e-10	1.69e-08	2.40e-07	1.39e-04	1.09e-02	1.81e-01	5.50e-01	2.09e-01	4.29e-02	4.42e-03	1.15e-03	2.98e-04	5.89e-06	0.00e+00
