#depth	O	O+	O+2	O+3	O+4	O+5	O+6	O+7	O+8	O[1]	O[2]	O[3]
 4.62852e+21	0.00e+00	0.00e+00	0.00e+00	9.30e-27	5.59e-21	1.45e-15	1.42e-09	7.91e-05	1.00e+00	0.00e+00	0.00e+00	0.00e+00
 1.05207e+22	0.00e+00	0.00e+00	0.00e+00	5.29e-26	2.22e-20	4.30e-15	2.93e-09	1.14e-04	1.00e+00	0.00e+00	0.00e+00	0.00e+00
 1.26186e+22	0.00e+00	0.00e+00	1.40e-31	1.73e-25	5.73e-20	8.78e-15	4.71e-09	1.44e-04	1.00e+00	0.00e+00	0.00e+00	0.00e+00
 1.41202e+22	0.00e+00	0.00e+00	4.36e-31	4.47e-25	1.22e-19	1.55e-14	6.89e-09	1.74e-04	1.00e+00	0.00e+00	0.00e+00	0.00e+00
 1.50843e+22	0.00e+00	0.00e+00	7.05e-31	6.67e-25	1.69e-19	1.98e-14	8.09e-09	1.89e-04	1.00e+00	0.00e+00	0.00e+00	0.00e+00
 1.57665e+22	0.00e+00	0.00e+00	1.38e-30	1.17e-24	2.65e-19	2.78e-14	1.01e-08	2.11e-04	1.00e+00	0.00e+00	0.00e+00	0.00e+00
 1.64638e+22	0.00e+00	0.00e+00	2.35e-30	1.83e-24	3.78e-19	3.62e-14	1.21e-08	2.31e-04	1.00e+00	0.00e+00	0.00e+00	0.00e+00
 1.71809e+22	0.00e+00	0.00e+00	4.65e-30	3.22e-24	5.96e-19	5.11e-14	1.52e-08	2.58e-04	1.00e+00	0.00e+00	0.00e+00	0.00e+00
 1.79107e+22	0.00e+00	0.00e+00	8.08e-30	5.11e-24	8.62e-19	6.74e-14	1.83e-08	2.83e-04	1.00e+00	0.00e+00	0.00e+00	0.00e+00
 1.84642e+22	0.00e+00	0.00e+00	1.16e-29	6.89e-24	1.10e-18	8.08e-14	2.06e-08	3.01e-04	1.00e+00	0.00e+00	0.00e+00	0.00e+00
 1.89907e+22	0.00e+00	0.00e+00	1.92e-29	1.05e-23	1.56e-18	1.05e-13	2.46e-08	3.29e-04	1.00e+00	0.00e+00	0.00e+00	0.00e+00
 1.95138e+22	0.00e+00	0.00e+00	2.74e-29	1.41e-23	1.98e-18	1.26e-13	2.77e-08	3.49e-04	1.00e+00	0.00e+00	0.00e+00	0.00e+00
 2.00326e+22	0.00e+00	0.00e+00	4.46e-29	2.12e-23	2.74e-18	1.61e-13	3.26e-08	3.78e-04	1.00e+00	0.00e+00	0.00e+00	0.00e+00
 2.05669e+22	0.00e+00	0.00e+00	6.76e-29	3.00e-23	3.62e-18	1.99e-13	3.75e-08	4.05e-04	1.00e+00	0.00e+00	0.00e+00	0.00e+00
 2.10408e+22	0.00e+00	0.00e+00	1.00e-28	4.16e-23	4.71e-18	2.42e-13	4.28e-08	4.33e-04	1.00e+00	0.00e+00	0.00e+00	0.00e+00
 2.15761e+22	0.00e+00	0.00e+00	1.63e-28	6.27e-23	6.54e-18	3.11e-13	5.04e-08	4.70e-04	1.00e+00	0.00e+00	0.00e+00	0.00e+00
 2.21258e+22	0.00e+00	0.00e+00	2.50e-28	8.93e-23	8.69e-18	3.85e-13	5.81e-08	5.04e-04	9.99e-01	0.00e+00	0.00e+00	0.00e+00
 2.26061e+22	0.00e+00	0.00e+00	3.69e-28	1.24e-22	1.13e-17	4.69e-13	6.63e-08	5.38e-04	9.99e-01	0.00e+00	0.00e+00	0.00e+00
 2.31425e+22	0.00e+00	0.00e+00	6.20e-28	1.91e-22	1.60e-17	6.11e-13	7.89e-08	5.87e-04	9.99e-01	0.00e+00	0.00e+00	0.00e+00
 2.36784e+22	0.00e+00	0.00e+00	8.91e-28	2.59e-22	2.04e-17	7.34e-13	8.91e-08	6.24e-04	9.99e-01	0.00e+00	0.00e+00	0.00e+00
 2.42136e+22	0.00e+00	0.00e+00	1.51e-27	4.01e-22	2.91e-17	9.58e-13	1.06e-07	6.81e-04	9.99e-01	0.00e+00	0.00e+00	0.00e+00
 2.47436e+22	0.00e+00	0.00e+00	2.15e-27	5.40e-22	3.69e-17	1.15e-12	1.20e-07	7.23e-04	9.99e-01	0.00e+00	0.00e+00	0.00e+00
 2.51783e+22	0.00e+00	0.00e+00	3.03e-27	7.20e-22	4.65e-17	1.37e-12	1.34e-07	7.66e-04	9.99e-01	0.00e+00	0.00e+00	0.00e+00
 2.55853e+22	0.00e+00	1.55e-33	4.24e-27	9.53e-22	5.83e-17	1.62e-12	1.51e-07	8.10e-04	9.99e-01	0.00e+00	0.00e+00	0.00e+00
 2.59841e+22	0.00e+00	2.26e-33	5.87e-27	1.25e-21	7.27e-17	1.92e-12	1.68e-07	8.56e-04	9.99e-01	0.00e+00	0.00e+00	0.00e+00
 2.64419e+22	0.00e+00	3.69e-33	8.95e-27	1.78e-21	9.65e-17	2.37e-12	1.94e-07	9.18e-04	9.99e-01	0.00e+00	0.00e+00	0.00e+00
 2.68980e+22	0.00e+00	5.42e-33	1.25e-26	2.35e-21	1.21e-16	2.81e-12	2.16e-07	9.70e-04	9.99e-01	0.00e+00	0.00e+00	0.00e+00
 2.73520e+22	0.00e+00	8.77e-33	1.88e-26	3.32e-21	1.59e-16	3.47e-12	2.49e-07	1.04e-03	9.99e-01	0.00e+00	0.00e+00	0.00e+00
 2.78132e+22	0.00e+00	1.30e-32	2.65e-26	4.41e-21	2.00e-16	4.13e-12	2.79e-07	1.10e-03	9.99e-01	0.00e+00	0.00e+00	0.00e+00
 2.82154e+22	0.00e+00	1.90e-32	3.66e-26	5.78e-21	2.49e-16	4.88e-12	3.11e-07	1.16e-03	9.99e-01	0.00e+00	0.00e+00	0.00e+00
 2.86697e+22	0.00e+00	3.07e-32	5.53e-26	8.18e-21	3.30e-16	6.03e-12	3.58e-07	1.25e-03	9.99e-01	0.00e+00	0.00e+00	0.00e+00
 2.91301e+22	0.00e+00	4.53e-32	7.73e-26	1.08e-20	4.13e-16	7.16e-12	4.01e-07	1.32e-03	9.99e-01	0.00e+00	0.00e+00	0.00e+00
 2.95983e+22	0.00e+00	7.41e-32	1.18e-25	1.54e-20	5.51e-16	8.90e-12	4.63e-07	1.42e-03	9.99e-01	0.00e+00	0.00e+00	0.00e+00
 3.00297e+22	0.00e+00	1.04e-31	1.59e-25	1.98e-20	6.72e-16	1.03e-11	5.11e-07	1.49e-03	9.99e-01	0.00e+00	0.00e+00	0.00e+00
 3.03559e+22	0.00e+00	1.42e-31	2.07e-25	2.47e-20	8.04e-16	1.19e-11	5.59e-07	1.55e-03	9.98e-01	0.00e+00	0.00e+00	0.00e+00
 3.07227e+22	0.00e+00	2.05e-31	2.83e-25	3.22e-20	9.96e-16	1.40e-11	6.22e-07	1.64e-03	9.98e-01	0.00e+00	0.00e+00	0.00e+00
 3.11113e+22	0.00e+00	2.90e-31	3.82e-25	4.13e-20	1.22e-15	1.63e-11	6.88e-07	1.72e-03	9.98e-01	0.00e+00	0.00e+00	0.00e+00
 3.14618e+22	0.00e+00	4.01e-31	5.05e-25	5.22e-20	1.47e-15	1.88e-11	7.57e-07	1.81e-03	9.98e-01	0.00e+00	0.00e+00	0.00e+00
 3.18513e+22	0.00e+00	5.91e-31	7.05e-25	6.90e-20	1.85e-15	2.23e-11	8.48e-07	1.91e-03	9.98e-01	0.00e+00	0.00e+00	0.00e+00
 3.22571e+22	0.00e+00	8.52e-31	9.66e-25	8.99e-20	2.28e-15	2.63e-11	9.43e-07	2.01e-03	9.98e-01	0.00e+00	0.00e+00	0.00e+00
 3.26043e+22	0.00e+00	1.17e-30	1.26e-24	1.13e-19	2.75e-15	3.03e-11	1.03e-06	2.11e-03	9.98e-01	0.00e+00	0.00e+00	0.00e+00
 3.29759e+22	0.00e+00	1.69e-30	1.74e-24	1.48e-19	3.42e-15	3.57e-11	1.15e-06	2.22e-03	9.98e-01	0.00e+00	0.00e+00	0.00e+00
 3.33401e+22	0.00e+00	2.31e-30	2.28e-24	1.85e-19	4.10e-15	4.10e-11	1.26e-06	2.33e-03	9.98e-01	0.00e+00	0.00e+00	0.00e+00
 3.36314e+22	0.00e+00	3.01e-30	2.86e-24	2.25e-19	4.79e-15	4.62e-11	1.37e-06	2.42e-03	9.98e-01	0.00e+00	0.00e+00	0.00e+00
 3.39467e+22	0.00e+00	4.10e-30	3.73e-24	2.81e-19	5.74e-15	5.30e-11	1.50e-06	2.53e-03	9.97e-01	0.00e+00	0.00e+00	0.00e+00
 3.42896e+22	0.00e+00	5.56e-30	4.85e-24	3.50e-19	6.86e-15	6.07e-11	1.64e-06	2.64e-03	9.97e-01	0.00e+00	0.00e+00	0.00e+00
 3.46103e+22	0.00e+00	7.51e-30	6.29e-24	4.35e-19	8.18e-15	6.94e-11	1.79e-06	2.76e-03	9.97e-01	0.00e+00	0.00e+00	0.00e+00
 3.49104e+22	0.00e+00	9.85e-30	7.95e-24	5.29e-19	9.59e-15	7.84e-11	1.93e-06	2.87e-03	9.97e-01	0.00e+00	0.00e+00	0.00e+00
 3.52420e+22	0.00e+00	1.36e-29	1.05e-23	6.69e-19	1.16e-14	9.07e-11	2.13e-06	3.01e-03	9.97e-01	0.00e+00	0.00e+00	0.00e+00
 3.55930e+22	0.00e+00	1.87e-29	1.38e-23	8.40e-19	1.39e-14	1.04e-10	2.33e-06	3.15e-03	9.97e-01	0.00e+00	0.00e+00	0.00e+00
 3.59039e+22	0.00e+00	2.48e-29	1.76e-23	1.03e-18	1.65e-14	1.19e-10	2.54e-06	3.28e-03	9.97e-01	0.00e+00	0.00e+00	0.00e+00
 3.61765e+22	0.00e+00	3.18e-29	2.18e-23	1.24e-18	1.91e-14	1.32e-10	2.73e-06	3.41e-03	9.97e-01	0.00e+00	0.00e+00	0.00e+00
 3.64263e+22	0.00e+00	3.99e-29	2.65e-23	1.46e-18	2.18e-14	1.47e-10	2.92e-06	3.52e-03	9.96e-01	0.00e+00	0.00e+00	0.00e+00
 3.67127e+22	0.00e+00	5.23e-29	3.35e-23	1.77e-18	2.56e-14	1.66e-10	3.16e-06	3.66e-03	9.96e-01	0.00e+00	0.00e+00	0.00e+00
 3.70228e+22	0.00e+00	6.91e-29	4.26e-23	2.17e-18	3.01e-14	1.88e-10	3.43e-06	3.81e-03	9.96e-01	0.00e+00	0.00e+00	0.00e+00
 3.73054e+22	0.00e+00	8.95e-29	5.32e-23	2.61e-18	3.50e-14	2.11e-10	3.70e-06	3.96e-03	9.96e-01	0.00e+00	0.00e+00	0.00e+00
 3.75725e+22	0.00e+00	1.15e-28	6.60e-23	3.13e-18	4.06e-14	2.36e-10	3.99e-06	4.11e-03	9.96e-01	0.00e+00	0.00e+00	0.00e+00
 3.78357e+22	0.00e+00	1.46e-28	8.13e-23	3.73e-18	4.67e-14	2.63e-10	4.28e-06	4.25e-03	9.96e-01	0.00e+00	0.00e+00	0.00e+00
 3.81355e+22	0.00e+00	1.95e-28	1.04e-22	4.60e-18	5.54e-14	3.00e-10	4.66e-06	4.43e-03	9.96e-01	0.00e+00	0.00e+00	0.00e+00
 3.84497e+22	0.00e+00	2.59e-28	1.33e-22	5.64e-18	6.53e-14	3.40e-10	5.07e-06	4.62e-03	9.95e-01	0.00e+00	0.00e+00	0.00e+00
 3.87227e+22	0.00e+00	3.32e-28	1.65e-22	6.76e-18	7.56e-14	3.80e-10	5.45e-06	4.79e-03	9.95e-01	0.00e+00	0.00e+00	0.00e+00
 3.90178e+22	0.00e+00	4.43e-28	2.11e-22	8.34e-18	8.97e-14	4.34e-10	5.94e-06	5.00e-03	9.95e-01	0.00e+00	0.00e+00	0.00e+00
 3.93104e+22	0.00e+00	5.71e-28	2.63e-22	1.00e-17	1.04e-13	4.85e-10	6.40e-06	5.19e-03	9.95e-01	0.00e+00	0.00e+00	0.00e+00
 3.95474e+22	0.00e+00	7.07e-28	3.16e-22	1.17e-17	1.18e-13	5.34e-10	6.82e-06	5.35e-03	9.95e-01	0.00e+00	0.00e+00	0.00e+00
 3.98032e+22	0.00e+00	9.05e-28	3.91e-22	1.40e-17	1.37e-13	5.98e-10	7.34e-06	5.55e-03	9.94e-01	0.00e+00	0.00e+00	0.00e+00
 4.00820e+22	0.00e+00	1.16e-27	4.82e-22	1.67e-17	1.58e-13	6.68e-10	7.90e-06	5.75e-03	9.94e-01	0.00e+00	0.00e+00	0.00e+00
 4.03433e+22	0.00e+00	1.48e-27	5.95e-22	1.99e-17	1.82e-13	7.44e-10	8.49e-06	5.96e-03	9.94e-01	0.00e+00	0.00e+00	0.00e+00
 4.05939e+22	0.00e+00	1.85e-27	7.23e-22	2.35e-17	2.08e-13	8.25e-10	9.08e-06	6.16e-03	9.94e-01	0.00e+00	0.00e+00	0.00e+00
 4.08388e+22	2.05e-34	2.32e-27	8.77e-22	2.76e-17	2.37e-13	9.13e-10	9.71e-06	6.37e-03	9.94e-01	0.00e+00	0.00e+00	0.00e+00
 4.11181e+22	2.77e-34	3.02e-27	1.10e-21	3.35e-17	2.78e-13	1.03e-09	1.05e-05	6.62e-03	9.93e-01	0.00e+00	0.00e+00	0.00e+00
 4.14088e+22	3.73e-34	3.92e-27	1.38e-21	4.05e-17	3.24e-13	1.16e-09	1.14e-05	6.88e-03	9.93e-01	0.00e+00	0.00e+00	0.00e+00
 4.16578e+22	4.82e-34	4.91e-27	1.68e-21	4.77e-17	3.70e-13	1.28e-09	1.21e-05	7.11e-03	9.93e-01	0.00e+00	0.00e+00	0.00e+00
 4.19253e+22	6.51e-34	6.39e-27	2.10e-21	5.77e-17	4.32e-13	1.44e-09	1.31e-05	7.39e-03	9.93e-01	0.00e+00	0.00e+00	0.00e+00
 4.21962e+22	8.50e-34	8.07e-27	2.57e-21	6.83e-17	4.95e-13	1.60e-09	1.41e-05	7.65e-03	9.92e-01	0.00e+00	0.00e+00	0.00e+00
 4.24257e+22	1.08e-33	9.95e-27	3.08e-21	7.94e-17	5.60e-13	1.76e-09	1.50e-05	7.88e-03	9.92e-01	0.00e+00	0.00e+00	0.00e+00
 4.26778e+22	1.42e-33	1.27e-26	3.79e-21	9.48e-17	6.47e-13	1.97e-09	1.61e-05	8.17e-03	9.92e-01	0.00e+00	0.00e+00	0.00e+00
 4.29492e+22	1.87e-33	1.61e-26	4.66e-21	1.13e-16	7.45e-13	2.19e-09	1.73e-05	8.47e-03	9.92e-01	0.00e+00	0.00e+00	0.00e+00
 4.31981e+22	2.43e-33	2.03e-26	5.67e-21	1.33e-16	8.51e-13	2.43e-09	1.85e-05	8.76e-03	9.91e-01	0.00e+00	0.00e+00	0.00e+00
 4.34741e+22	3.30e-33	2.65e-26	7.15e-21	1.62e-16	9.98e-13	2.74e-09	2.01e-05	9.11e-03	9.91e-01	0.00e+00	0.00e+00	0.00e+00
 4.37635e+22	4.45e-33	3.44e-26	8.94e-21	1.95e-16	1.16e-12	3.08e-09	2.17e-05	9.47e-03	9.91e-01	0.00e+00	0.00e+00	0.00e+00
 4.40052e+22	5.71e-33	4.28e-26	1.08e-20	2.28e-16	1.32e-12	3.39e-09	2.32e-05	9.78e-03	9.90e-01	0.00e+00	0.00e+00	0.00e+00
 4.42214e+22	7.19e-33	5.23e-26	1.28e-20	2.64e-16	1.49e-12	3.71e-09	2.46e-05	1.01e-02	9.90e-01	0.00e+00	0.00e+00	0.00e+00
 4.44697e+22	9.52e-33	6.68e-26	1.58e-20	3.15e-16	1.72e-12	4.15e-09	2.65e-05	1.04e-02	9.90e-01	0.00e+00	0.00e+00	0.00e+00
 4.47367e+22	1.24e-32	8.43e-26	1.93e-20	3.73e-16	1.97e-12	4.60e-09	2.84e-05	1.08e-02	9.89e-01	0.00e+00	0.00e+00	0.00e+00
 4.49874e+22	1.62e-32	1.07e-25	2.36e-20	4.41e-16	2.25e-12	5.10e-09	3.05e-05	1.12e-02	9.89e-01	0.00e+00	0.00e+00	0.00e+00
 4.52345e+22	2.12e-32	1.34e-25	2.88e-20	5.22e-16	2.58e-12	5.66e-09	3.27e-05	1.16e-02	9.88e-01	0.00e+00	0.00e+00	0.00e+00
 4.54699e+22	2.71e-32	1.67e-25	3.47e-20	6.10e-16	2.93e-12	6.22e-09	3.48e-05	1.20e-02	9.88e-01	0.00e+00	0.00e+00	0.00e+00
 4.57280e+22	3.62e-32	2.15e-25	4.31e-20	7.32e-16	3.40e-12	6.97e-09	3.76e-05	1.24e-02	9.88e-01	0.00e+00	0.00e+00	0.00e+00
 4.59985e+22	4.82e-32	2.75e-25	5.33e-20	8.74e-16	3.92e-12	7.77e-09	4.05e-05	1.29e-02	9.87e-01	0.00e+00	0.00e+00	0.00e+00
 4.62355e+22	6.23e-32	3.44e-25	6.46e-20	1.03e-15	4.46e-12	8.56e-09	4.32e-05	1.33e-02	9.87e-01	0.00e+00	0.00e+00	0.00e+00
 4.64938e+22	8.53e-32	4.53e-25	8.16e-20	1.25e-15	5.22e-12	9.65e-09	4.69e-05	1.39e-02	9.86e-01	0.00e+00	0.00e+00	0.00e+00
 4.67611e+22	1.12e-31	5.72e-25	9.97e-20	1.48e-15	5.98e-12	1.07e-08	5.03e-05	1.44e-02	9.86e-01	0.00e+00	0.00e+00	0.00e+00
 4.69916e+22	1.44e-31	7.13e-25	1.20e-19	1.73e-15	6.78e-12	1.17e-08	5.37e-05	1.48e-02	9.85e-01	0.00e+00	0.00e+00	0.00e+00
 4.72094e+22	1.83e-31	8.79e-25	1.44e-19	2.01e-15	7.65e-12	1.29e-08	5.71e-05	1.53e-02	9.85e-01	0.00e+00	0.00e+00	0.00e+00
 4.74588e+22	2.49e-31	1.15e-24	1.81e-19	2.43e-15	8.92e-12	1.44e-08	6.19e-05	1.59e-02	9.84e-01	0.00e+00	0.00e+00	0.00e+00
 4.77155e+22	3.24e-31	1.44e-24	2.20e-19	2.86e-15	1.02e-11	1.59e-08	6.62e-05	1.65e-02	9.83e-01	0.00e+00	0.00e+00	0.00e+00
 4.79816e+22	4.48e-31	1.91e-24	2.79e-19	3.49e-15	1.19e-11	1.79e-08	7.19e-05	1.72e-02	9.83e-01	0.00e+00	0.00e+00	0.00e+00
 4.82533e+22	6.05e-31	2.48e-24	3.49e-19	4.20e-15	1.38e-11	2.00e-08	7.76e-05	1.79e-02	9.82e-01	0.00e+00	0.00e+00	0.00e+00
 4.84743e+22	7.80e-31	3.09e-24	4.20e-19	4.90e-15	1.56e-11	2.19e-08	8.27e-05	1.85e-02	9.81e-01	0.00e+00	0.00e+00	0.00e+00
 4.86735e+22	9.71e-31	3.74e-24	4.94e-19	5.62e-15	1.74e-11	2.37e-08	8.75e-05	1.90e-02	9.81e-01	0.00e+00	0.00e+00	0.00e+00
 4.89023e+22	1.31e-30	4.84e-24	6.15e-19	6.73e-15	2.01e-11	2.64e-08	9.43e-05	1.97e-02	9.80e-01	0.00e+00	0.00e+00	0.00e+00
 4.91437e+22	1.72e-30	6.13e-24	7.52e-19	7.96e-15	2.29e-11	2.90e-08	1.01e-04	2.04e-02	9.79e-01	0.00e+00	0.00e+00	0.00e+00
 4.93639e+22	2.24e-30	7.72e-24	9.14e-19	9.35e-15	2.61e-11	3.19e-08	1.08e-04	2.11e-02	9.79e-01	0.00e+00	0.00e+00	0.00e+00
 4.96126e+22	3.11e-30	1.02e-23	1.16e-18	1.14e-14	3.05e-11	3.57e-08	1.17e-04	2.20e-02	9.78e-01	0.00e+00	0.00e+00	0.00e+00
 4.98587e+22	4.14e-30	1.31e-23	1.43e-18	1.36e-14	3.49e-11	3.94e-08	1.26e-04	2.28e-02	9.77e-01	0.00e+00	0.00e+00	0.00e+00
 5.00580e+22	5.28e-30	1.62e-23	1.71e-18	1.57e-14	3.92e-11	4.29e-08	1.33e-04	2.35e-02	9.76e-01	0.00e+00	0.00e+00	0.00e+00
 5.02734e+22	7.10e-30	2.09e-23	2.13e-18	1.88e-14	4.51e-11	4.75e-08	1.44e-04	2.44e-02	9.75e-01	0.00e+00	0.00e+00	0.00e+00
 5.05020e+22	9.31e-30	2.64e-23	2.59e-18	2.21e-14	5.14e-11	5.22e-08	1.53e-04	2.53e-02	9.75e-01	0.00e+00	0.00e+00	0.00e+00
 5.07133e+22	1.24e-29	3.38e-23	3.19e-18	2.63e-14	5.87e-11	5.74e-08	1.64e-04	2.62e-02	9.74e-01	0.00e+00	0.00e+00	0.00e+00
 5.09170e+22	1.60e-29	4.20e-23	3.84e-18	3.06e-14	6.62e-11	6.27e-08	1.75e-04	2.70e-02	9.73e-01	0.00e+00	0.00e+00	0.00e+00
 5.11455e+22	2.22e-29	5.58e-23	4.88e-18	3.73e-14	7.73e-11	7.00e-08	1.90e-04	2.82e-02	9.72e-01	0.00e+00	0.00e+00	0.00e+00
 5.13756e+22	2.96e-29	7.16e-23	6.02e-18	4.44e-14	8.85e-11	7.71e-08	2.03e-04	2.92e-02	9.71e-01	0.00e+00	0.00e+00	0.00e+00
 5.15682e+22	3.79e-29	8.86e-23	7.21e-18	5.15e-14	9.95e-11	8.39e-08	2.16e-04	3.01e-02	9.70e-01	0.00e+00	0.00e+00	0.00e+00
 5.17788e+22	5.18e-29	1.16e-22	9.05e-18	6.22e-14	1.15e-10	9.31e-08	2.33e-04	3.13e-02	9.69e-01	0.00e+00	0.00e+00	0.00e+00
 5.19994e+22	6.90e-29	1.48e-22	1.12e-17	7.38e-14	1.32e-10	1.02e-07	2.49e-04	3.24e-02	9.67e-01	0.00e+00	0.00e+00	0.00e+00
 5.21984e+22	9.05e-29	1.87e-22	1.36e-17	8.68e-14	1.49e-10	1.12e-07	2.66e-04	3.34e-02	9.66e-01	0.00e+00	0.00e+00	0.00e+00
 5.23889e+22	1.17e-28	2.35e-22	1.64e-17	1.02e-13	1.69e-10	1.22e-07	2.83e-04	3.45e-02	9.65e-01	0.00e+00	0.00e+00	0.00e+00
 5.26032e+22	1.63e-28	3.12e-22	2.09e-17	1.24e-13	1.97e-10	1.37e-07	3.06e-04	3.59e-02	9.64e-01	0.00e+00	0.00e+00	0.00e+00
 5.28217e+22	2.19e-28	4.01e-22	2.58e-17	1.47e-13	2.26e-10	1.50e-07	3.28e-04	3.72e-02	9.62e-01	0.00e+00	0.00e+00	0.00e+00
 5.30089e+22	2.84e-28	5.03e-22	3.13e-17	1.73e-13	2.55e-10	1.64e-07	3.49e-04	3.84e-02	9.61e-01	0.00e+00	0.00e+00	0.00e+00
 5.32156e+22	3.94e-28	6.67e-22	3.97e-17	2.10e-13	2.98e-10	1.83e-07	3.77e-04	3.99e-02	9.60e-01	0.00e+00	0.00e+00	0.00e+00
 5.34287e+22	5.28e-28	8.58e-22	4.92e-17	2.51e-13	3.41e-10	2.02e-07	4.04e-04	4.13e-02	9.58e-01	0.00e+00	0.00e+00	0.00e+00
 5.36177e+22	7.00e-28	1.09e-21	6.03e-17	2.97e-13	3.89e-10	2.21e-07	4.32e-04	4.27e-02	9.57e-01	0.00e+00	0.00e+00	0.00e+00
 5.38308e+22	9.86e-28	1.47e-21	7.75e-17	3.65e-13	4.57e-10	2.48e-07	4.68e-04	4.45e-02	9.55e-01	0.00e+00	0.00e+00	0.00e+00
 5.40461e+22	1.33e-27	1.90e-21	9.64e-17	4.37e-13	5.26e-10	2.74e-07	5.01e-04	4.60e-02	9.53e-01	0.00e+00	0.00e+00	0.00e+00
 5.42316e+22	1.76e-27	2.42e-21	1.18e-16	5.17e-13	5.99e-10	3.01e-07	5.35e-04	4.76e-02	9.52e-01	0.00e+00	0.00e+00	0.00e+00
 5.44398e+22	2.49e-27	3.27e-21	1.53e-16	6.38e-13	7.06e-10	3.38e-07	5.80e-04	4.95e-02	9.50e-01	0.00e+00	0.00e+00	0.00e+00
 5.46567e+22	3.43e-27	4.31e-21	1.93e-16	7.74e-13	8.20e-10	3.75e-07	6.25e-04	5.13e-02	9.48e-01	0.00e+00	0.00e+00	0.00e+00
 5.48510e+22	4.58e-27	5.54e-21	2.38e-16	9.22e-13	9.40e-10	4.14e-07	6.68e-04	5.31e-02	9.46e-01	0.00e+00	0.00e+00	0.00e+00
 5.50409e+22	6.26e-27	7.25e-21	2.99e-16	1.11e-12	1.09e-09	4.58e-07	7.17e-04	5.50e-02	9.44e-01	0.00e+00	0.00e+00	0.00e+00
 5.52217e+22	8.19e-27	9.15e-21	3.65e-16	1.31e-12	1.24e-09	5.02e-07	7.63e-04	5.67e-02	9.43e-01	0.00e+00	0.00e+00	0.00e+00
 5.54196e+22	1.17e-26	1.25e-20	4.74e-16	1.63e-12	1.46e-09	5.65e-07	8.27e-04	5.90e-02	9.40e-01	0.00e+00	0.00e+00	0.00e+00
 5.56212e+22	1.60e-26	1.63e-20	5.96e-16	1.97e-12	1.69e-09	6.26e-07	8.88e-04	6.10e-02	9.38e-01	0.00e+00	0.00e+00	0.00e+00
 5.57831e+22	2.05e-26	2.02e-20	7.15e-16	2.29e-12	1.90e-09	6.80e-07	9.38e-04	6.27e-02	9.36e-01	0.00e+00	0.00e+00	0.00e+00
 5.59493e+22	2.80e-26	2.65e-20	8.98e-16	2.76e-12	2.20e-09	7.54e-07	1.01e-03	6.49e-02	9.34e-01	0.00e+00	0.00e+00	0.00e+00
 5.61097e+22	3.55e-26	3.25e-20	1.07e-15	3.19e-12	2.46e-09	8.15e-07	1.06e-03	6.66e-02	9.32e-01	0.00e+00	0.00e+00	0.00e+00
 5.62408e+22	4.46e-26	3.96e-20	1.26e-15	3.66e-12	2.74e-09	8.79e-07	1.12e-03	6.82e-02	9.31e-01	0.00e+00	0.00e+00	0.00e+00
 5.63895e+22	5.95e-26	5.08e-20	1.56e-15	4.36e-12	3.14e-09	9.67e-07	1.19e-03	7.04e-02	9.28e-01	0.00e+00	0.00e+00	0.00e+00
 5.65343e+22	7.44e-26	6.18e-20	1.84e-15	5.00e-12	3.49e-09	1.04e-06	1.25e-03	7.21e-02	9.27e-01	0.00e+00	0.00e+00	0.00e+00
 5.66545e+22	9.30e-26	7.49e-20	2.17e-15	5.72e-12	3.87e-09	1.12e-06	1.31e-03	7.38e-02	9.25e-01	0.00e+00	0.00e+00	0.00e+00
 5.67911e+22	1.22e-25	9.46e-20	2.65e-15	6.74e-12	4.40e-09	1.23e-06	1.39e-03	7.59e-02	9.23e-01	0.00e+00	0.00e+00	0.00e+00
 5.69253e+22	1.52e-25	1.14e-19	3.11e-15	7.70e-12	4.87e-09	1.32e-06	1.46e-03	7.77e-02	9.21e-01	0.00e+00	0.00e+00	0.00e+00
 5.70369e+22	1.88e-25	1.38e-19	3.64e-15	8.77e-12	5.39e-09	1.41e-06	1.53e-03	7.94e-02	9.19e-01	0.00e+00	0.00e+00	0.00e+00
 5.71458e+22	2.31e-25	1.65e-19	4.24e-15	9.95e-12	5.93e-09	1.51e-06	1.60e-03	8.11e-02	9.17e-01	0.00e+00	0.00e+00	0.00e+00
 5.72705e+22	3.01e-25	2.07e-19	5.15e-15	1.17e-11	6.72e-09	1.65e-06	1.69e-03	8.33e-02	9.15e-01	0.00e+00	0.00e+00	0.00e+00
 5.73983e+22	3.76e-25	2.51e-19	6.07e-15	1.34e-11	7.46e-09	1.77e-06	1.77e-03	8.52e-02	9.13e-01	0.00e+00	0.00e+00	0.00e+00
 5.75118e+22	4.66e-25	3.03e-19	7.11e-15	1.52e-11	8.25e-09	1.90e-06	1.85e-03	8.71e-02	9.11e-01	0.00e+00	0.00e+00	0.00e+00
 5.76194e+22	5.81e-25	3.66e-19	8.36e-15	1.74e-11	9.14e-09	2.04e-06	1.94e-03	8.90e-02	9.09e-01	0.00e+00	0.00e+00	0.00e+00
 5.77188e+22	7.10e-25	4.36e-19	9.70e-15	1.97e-11	1.00e-08	2.18e-06	2.02e-03	9.08e-02	9.07e-01	0.00e+00	0.00e+00	0.00e+00
 5.78296e+22	9.13e-25	5.42e-19	1.17e-14	2.29e-11	1.13e-08	2.37e-06	2.13e-03	9.31e-02	9.05e-01	0.00e+00	0.00e+00	0.00e+00
 5.79434e+22	1.15e-24	6.61e-19	1.38e-14	2.64e-11	1.26e-08	2.55e-06	2.24e-03	9.52e-02	9.03e-01	0.00e+00	0.00e+00	0.00e+00
 5.80425e+22	1.40e-24	7.85e-19	1.60e-14	2.97e-11	1.38e-08	2.72e-06	2.33e-03	9.71e-02	9.01e-01	0.00e+00	0.00e+00	0.00e+00
 5.81530e+22	1.85e-24	1.00e-18	1.97e-14	3.53e-11	1.57e-08	2.98e-06	2.47e-03	9.97e-02	8.98e-01	0.00e+00	0.00e+00	0.00e+00
 5.82640e+22	2.32e-24	1.22e-18	2.32e-14	4.04e-11	1.74e-08	3.20e-06	2.58e-03	1.02e-01	8.96e-01	0.00e+00	0.00e+00	0.00e+00
 5.83759e+22	3.08e-24	1.56e-18	2.86e-14	4.80e-11	1.99e-08	3.50e-06	2.74e-03	1.05e-01	8.93e-01	0.00e+00	0.00e+00	0.00e+00
 5.84895e+22	3.92e-24	1.92e-18	3.42e-14	5.56e-11	2.23e-08	3.78e-06	2.87e-03	1.07e-01	8.90e-01	0.00e+00	0.00e+00	0.00e+00
 5.85856e+22	4.88e-24	2.32e-18	4.01e-14	6.35e-11	2.46e-08	4.06e-06	3.00e-03	1.09e-01	8.88e-01	0.00e+00	0.00e+00	0.00e+00
 5.86910e+22	6.52e-24	2.99e-18	4.97e-14	7.57e-11	2.82e-08	4.45e-06	3.18e-03	1.12e-01	8.85e-01	0.00e+00	0.00e+00	0.00e+00
 5.87971e+22	8.22e-24	3.65e-18	5.90e-14	8.71e-11	3.14e-08	4.79e-06	3.33e-03	1.15e-01	8.82e-01	0.00e+00	0.00e+00	0.00e+00
 5.89043e+22	1.13e-23	4.80e-18	7.44e-14	1.05e-10	3.63e-08	5.29e-06	3.54e-03	1.18e-01	8.78e-01	0.00e+00	0.00e+00	0.00e+00
 5.90114e+22	1.42e-23	5.87e-18	8.82e-14	1.21e-10	4.04e-08	5.69e-06	3.70e-03	1.20e-01	8.76e-01	0.00e+00	0.00e+00	0.00e+00
 5.91045e+22	1.82e-23	7.27e-18	1.06e-13	1.41e-10	4.52e-08	6.15e-06	3.89e-03	1.23e-01	8.73e-01	0.00e+00	0.00e+00	0.00e+00
 5.91961e+22	2.31e-23	8.95e-18	1.26e-13	1.63e-10	5.05e-08	6.63e-06	4.07e-03	1.26e-01	8.70e-01	0.00e+00	0.00e+00	0.00e+00
 5.92996e+22	3.21e-23	1.19e-17	1.61e-13	1.98e-10	5.87e-08	7.34e-06	4.34e-03	1.30e-01	8.66e-01	0.00e+00	0.00e+00	0.00e+00
 5.94017e+22	4.06e-23	1.46e-17	1.91e-13	2.29e-10	6.53e-08	7.90e-06	4.54e-03	1.32e-01	8.63e-01	0.00e+00	0.00e+00	0.00e+00
 5.95019e+22	5.60e-23	1.93e-17	2.42e-13	2.78e-10	7.57e-08	8.74e-06	4.83e-03	1.36e-01	8.59e-01	0.00e+00	0.00e+00	0.00e+00
 5.96035e+22	7.25e-23	2.41e-17	2.93e-13	3.25e-10	8.53e-08	9.47e-06	5.08e-03	1.39e-01	8.56e-01	0.00e+00	0.00e+00	0.00e+00
 5.97068e+22	1.01e-22	3.23e-17	3.75e-13	3.97e-10	9.94e-08	1.05e-05	5.41e-03	1.43e-01	8.51e-01	0.00e+00	0.00e+00	0.00e+00
 5.98080e+22	1.30e-22	4.00e-17	4.50e-13	4.61e-10	1.11e-07	1.14e-05	5.68e-03	1.46e-01	8.48e-01	0.00e+00	0.00e+00	0.00e+00
 5.99064e+22	1.80e-22	5.32e-17	5.74e-13	5.63e-10	1.29e-07	1.26e-05	6.05e-03	1.51e-01	8.43e-01	0.00e+00	0.00e+00	0.00e+00
 6.00064e+22	2.34e-22	6.68e-17	6.95e-13	6.59e-10	1.46e-07	1.36e-05	6.36e-03	1.54e-01	8.40e-01	0.00e+00	0.00e+00	0.00e+00
 6.01083e+22	3.31e-22	9.01e-17	8.97e-13	8.11e-10	1.71e-07	1.52e-05	6.79e-03	1.59e-01	8.35e-01	0.00e+00	0.00e+00	0.00e+00
 6.02116e+22	4.35e-22	1.14e-16	1.10e-12	9.56e-10	1.93e-07	1.65e-05	7.15e-03	1.62e-01	8.30e-01	0.00e+00	0.00e+00	0.00e+00
 6.03167e+22	6.23e-22	1.56e-16	1.43e-12	1.19e-09	2.28e-07	1.85e-05	7.66e-03	1.67e-01	8.25e-01	0.00e+00	0.00e+00	0.00e+00
 6.04223e+22	8.20e-22	1.98e-16	1.75e-12	1.40e-09	2.59e-07	2.01e-05	8.08e-03	1.71e-01	8.21e-01	0.00e+00	0.00e+00	0.00e+00
 6.05285e+22	1.18e-21	2.71e-16	2.28e-12	1.75e-09	3.06e-07	2.26e-05	8.66e-03	1.77e-01	8.15e-01	0.00e+00	0.00e+00	0.00e+00
 6.06321e+22	1.52e-21	3.38e-16	2.75e-12	2.03e-09	3.43e-07	2.44e-05	9.10e-03	1.81e-01	8.10e-01	0.00e+00	0.00e+00	0.00e+00
 6.07324e+22	2.15e-21	4.57e-16	3.55e-12	2.51e-09	4.03e-07	2.73e-05	9.73e-03	1.86e-01	8.04e-01	0.00e+00	0.00e+00	0.00e+00
 6.08335e+22	2.75e-21	5.66e-16	4.26e-12	2.91e-09	4.51e-07	2.95e-05	1.02e-02	1.90e-01	8.00e-01	0.00e+00	0.00e+00	0.00e+00
 6.09356e+22	3.85e-21	7.56e-16	5.45e-12	3.56e-09	5.27e-07	3.28e-05	1.09e-02	1.95e-01	7.94e-01	0.00e+00	0.00e+00	0.00e+00
 6.10405e+22	5.01e-21	9.50e-16	6.62e-12	4.18e-09	5.95e-07	3.56e-05	1.15e-02	2.00e-01	7.89e-01	0.00e+00	0.00e+00	0.00e+00
 6.11487e+22	7.09e-21	1.28e-15	8.54e-12	5.16e-09	6.99e-07	3.98e-05	1.23e-02	2.06e-01	7.82e-01	0.00e+00	0.00e+00	0.00e+00
 6.12588e+22	9.17e-21	1.60e-15	1.03e-11	6.03e-09	7.89e-07	4.32e-05	1.29e-02	2.10e-01	7.77e-01	0.00e+00	0.00e+00	0.00e+00
 6.13711e+22	1.29e-20	2.16e-15	1.33e-11	7.42e-09	9.25e-07	4.83e-05	1.38e-02	2.16e-01	7.70e-01	0.00e+00	0.00e+00	0.00e+00
 6.14865e+22	1.68e-20	2.71e-15	1.61e-11	8.71e-09	1.05e-06	5.26e-05	1.46e-02	2.21e-01	7.64e-01	0.00e+00	0.00e+00	0.00e+00
 6.16057e+22	2.37e-20	3.65e-15	2.08e-11	1.07e-08	1.23e-06	5.88e-05	1.56e-02	2.28e-01	7.56e-01	0.00e+00	0.00e+00	0.00e+00
 6.17248e+22	3.04e-20	4.54e-15	2.50e-11	1.25e-08	1.39e-06	6.39e-05	1.64e-02	2.33e-01	7.51e-01	0.00e+00	0.00e+00	0.00e+00
 6.18437e+22	4.23e-20	6.03e-15	3.19e-11	1.53e-08	1.62e-06	7.12e-05	1.76e-02	2.39e-01	7.43e-01	0.00e+00	0.00e+00	0.00e+00
 6.19655e+22	5.44e-20	7.51e-15	3.84e-11	1.79e-08	1.83e-06	7.74e-05	1.85e-02	2.44e-01	7.37e-01	0.00e+00	0.00e+00	0.00e+00
 6.20910e+22	7.57e-20	1.00e-14	4.90e-11	2.19e-08	2.14e-06	8.64e-05	1.98e-02	2.51e-01	7.29e-01	0.00e+00	0.00e+00	0.00e+00
 6.22127e+22	9.41e-20	1.21e-14	5.77e-11	2.50e-08	2.38e-06	9.30e-05	2.07e-02	2.56e-01	7.23e-01	0.00e+00	0.00e+00	0.00e+00
 6.23293e+22	1.26e-19	1.56e-14	7.17e-11	3.00e-08	2.74e-06	1.03e-04	2.20e-02	2.62e-01	7.15e-01	0.00e+00	0.00e+00	0.00e+00
 6.24488e+22	1.58e-19	1.89e-14	8.46e-11	3.44e-08	3.05e-06	1.11e-04	2.31e-02	2.67e-01	7.09e-01	0.00e+00	0.00e+00	0.00e+00
 6.25720e+22	2.13e-19	2.46e-14	1.06e-10	4.14e-08	3.53e-06	1.23e-04	2.45e-02	2.74e-01	7.01e-01	0.00e+00	0.00e+00	0.00e+00
 6.26969e+22	2.65e-19	2.97e-14	1.24e-10	4.73e-08	3.92e-06	1.32e-04	2.57e-02	2.79e-01	6.95e-01	0.00e+00	0.00e+00	0.00e+00
 6.28240e+22	3.53e-19	3.81e-14	1.54e-10	5.66e-08	4.51e-06	1.46e-04	2.73e-02	2.86e-01	6.87e-01	0.00e+00	0.00e+00	0.00e+00
 6.29500e+22	4.37e-19	4.59e-14	1.80e-10	6.46e-08	5.01e-06	1.57e-04	2.85e-02	2.91e-01	6.80e-01	0.00e+00	0.00e+00	0.00e+00
 6.30747e+22	5.79e-19	5.85e-14	2.22e-10	7.69e-08	5.74e-06	1.73e-04	3.03e-02	2.98e-01	6.72e-01	0.00e+00	0.00e+00	0.00e+00
 6.32007e+22	7.08e-19	6.97e-14	2.58e-10	8.71e-08	6.34e-06	1.85e-04	3.16e-02	3.03e-01	6.66e-01	0.00e+00	0.00e+00	0.00e+00
 6.33282e+22	9.32e-19	8.85e-14	3.16e-10	1.03e-07	7.26e-06	2.04e-04	3.35e-02	3.09e-01	6.57e-01	0.00e+00	0.00e+00	0.00e+00
 6.34582e+22	1.14e-18	1.06e-13	3.68e-10	1.17e-07	8.03e-06	2.19e-04	3.50e-02	3.14e-01	6.50e-01	0.00e+00	0.00e+00	0.00e+00
 6.35914e+22	1.51e-18	1.34e-13	4.52e-10	1.39e-07	9.21e-06	2.41e-04	3.71e-02	3.21e-01	6.41e-01	0.00e+00	0.00e+00	0.00e+00
 6.37271e+22	1.85e-18	1.61e-13	5.27e-10	1.59e-07	1.02e-05	2.59e-04	3.87e-02	3.27e-01	6.34e-01	0.00e+00	0.00e+00	0.00e+00
 6.38659e+22	2.44e-18	2.04e-13	6.48e-10	1.89e-07	1.17e-05	2.86e-04	4.11e-02	3.34e-01	6.25e-01	0.00e+00	0.00e+00	0.00e+00
 6.40072e+22	3.00e-18	2.45e-13	7.56e-10	2.15e-07	1.30e-05	3.07e-04	4.29e-02	3.39e-01	6.18e-01	0.00e+00	0.00e+00	0.00e+00
 6.41520e+22	3.96e-18	3.11e-13	9.29e-10	2.55e-07	1.49e-05	3.39e-04	4.55e-02	3.46e-01	6.08e-01	0.00e+00	0.00e+00	0.00e+00
 6.42935e+22	4.75e-18	3.65e-13	1.07e-09	2.86e-07	1.63e-05	3.62e-04	4.73e-02	3.51e-01	6.01e-01	0.00e+00	0.00e+00	0.00e+00
 6.44306e+22	6.16e-18	4.57e-13	1.29e-09	3.37e-07	1.86e-05	3.97e-04	5.00e-02	3.58e-01	5.92e-01	0.00e+00	0.00e+00	0.00e+00
 6.45700e+22	7.40e-18	5.36e-13	1.48e-09	3.78e-07	2.04e-05	4.23e-04	5.20e-02	3.63e-01	5.85e-01	0.00e+00	0.00e+00	0.00e+00
 6.47122e+22	9.51e-18	6.67e-13	1.79e-09	4.43e-07	2.31e-05	4.63e-04	5.48e-02	3.70e-01	5.75e-01	0.00e+00	0.00e+00	0.00e+00
 6.48588e+22	1.16e-17	7.96e-13	2.08e-09	5.03e-07	2.56e-05	4.97e-04	5.72e-02	3.75e-01	5.67e-01	0.00e+00	0.00e+00	0.00e+00
 6.50112e+22	1.50e-17	9.91e-13	2.52e-09	5.89e-07	2.90e-05	5.44e-04	6.03e-02	3.82e-01	5.58e-01	0.00e+00	0.00e+00	0.00e+00
 6.51685e+22	1.85e-17	1.19e-12	2.95e-09	6.74e-07	3.23e-05	5.87e-04	6.31e-02	3.87e-01	5.49e-01	0.00e+00	0.00e+00	0.00e+00
 6.53324e+22	2.40e-17	1.50e-12	3.59e-09	7.94e-07	3.68e-05	6.44e-04	6.66e-02	3.94e-01	5.39e-01	2.40e-17	5.99e-28	6.37e-28
 6.55007e+22	2.99e-17	1.81e-12	4.22e-09	9.11e-07	4.11e-05	6.96e-04	6.98e-02	4.00e-01	5.30e-01	2.99e-17	5.58e-26	7.03e-26
 6.56748e+22	3.91e-17	2.29e-12	5.16e-09	1.08e-06	4.70e-05	7.65e-04	7.38e-02	4.07e-01	5.19e-01	3.91e-17	7.30e-26	9.19e-26
 6.58548e+22	4.91e-17	2.79e-12	6.12e-09	1.24e-06	5.27e-05	8.30e-04	7.73e-02	4.12e-01	5.09e-01	4.91e-17	9.16e-26	1.15e-25
 6.60422e+22	6.50e-17	3.56e-12	7.55e-09	1.48e-06	6.07e-05	9.16e-04	8.19e-02	4.19e-01	4.98e-01	6.50e-17	1.21e-25	1.53e-25
 6.62346e+22	8.22e-17	4.37e-12	9.00e-09	1.72e-06	6.83e-05	9.96e-04	8.60e-02	4.25e-01	4.88e-01	8.22e-17	1.53e-25	1.93e-25
 6.64075e+22	1.03e-16	5.30e-12	1.06e-08	1.98e-06	7.62e-05	1.08e-03	8.99e-02	4.31e-01	4.78e-01	1.03e-16	1.92e-25	2.41e-25
 6.66061e+22	1.39e-16	6.89e-12	1.33e-08	2.39e-06	8.87e-05	1.20e-03	9.56e-02	4.38e-01	4.65e-01	1.39e-16	2.59e-25	3.26e-25
 6.68060e+22	1.73e-16	8.34e-12	1.57e-08	2.74e-06	9.89e-05	1.29e-03	9.99e-02	4.43e-01	4.56e-01	1.73e-16	3.23e-25	4.06e-25
 6.70074e+22	2.32e-16	1.08e-11	1.96e-08	3.30e-06	1.15e-04	1.44e-03	1.06e-01	4.50e-01	4.43e-01	2.32e-16	4.33e-25	5.45e-25
 6.72131e+22	2.93e-16	1.32e-11	2.33e-08	3.82e-06	1.29e-04	1.56e-03	1.11e-01	4.55e-01	4.32e-01	2.93e-16	5.48e-25	6.90e-25
 6.74244e+22	3.96e-16	1.72e-11	2.93e-08	4.62e-06	1.50e-04	1.73e-03	1.18e-01	4.61e-01	4.19e-01	3.96e-16	7.42e-25	9.33e-25
 6.76389e+22	5.05e-16	2.13e-11	3.51e-08	5.39e-06	1.70e-04	1.89e-03	1.24e-01	4.66e-01	4.08e-01	5.05e-16	9.46e-25	1.19e-24
 6.78578e+22	6.93e-16	2.80e-11	4.45e-08	6.57e-06	1.99e-04	2.11e-03	1.32e-01	4.72e-01	3.94e-01	6.93e-16	1.30e-24	1.63e-24
 6.80777e+22	8.80e-16	3.45e-11	5.32e-08	7.64e-06	2.25e-04	2.30e-03	1.38e-01	4.76e-01	3.83e-01	8.80e-16	1.65e-24	2.07e-24
 6.82601e+22	1.09e-15	4.17e-11	6.26e-08	8.76e-06	2.51e-04	2.48e-03	1.44e-01	4.80e-01	3.73e-01	1.09e-15	2.05e-24	2.57e-24
 6.84586e+22	1.45e-15	5.34e-11	7.76e-08	1.05e-05	2.90e-04	2.75e-03	1.52e-01	4.85e-01	3.60e-01	1.45e-15	2.72e-24	3.43e-24
 6.86564e+22	1.79e-15	6.42e-11	9.08e-08	1.20e-05	3.23e-04	2.96e-03	1.58e-01	4.88e-01	3.51e-01	1.79e-15	3.36e-24	4.23e-24
 6.88530e+22	2.37e-15	8.19e-11	1.12e-07	1.44e-05	3.73e-04	3.28e-03	1.67e-01	4.92e-01	3.38e-01	2.37e-15	4.45e-24	5.60e-24
 6.90523e+22	2.94e-15	9.88e-11	1.32e-07	1.65e-05	4.17e-04	3.54e-03	1.74e-01	4.94e-01	3.28e-01	2.94e-15	5.52e-24	6.94e-24
 6.92550e+22	3.91e-15	1.27e-10	1.64e-07	1.98e-05	4.84e-04	3.93e-03	1.84e-01	4.98e-01	3.14e-01	3.91e-15	7.35e-24	9.24e-24
 6.94602e+22	4.87e-15	1.53e-10	1.93e-07	2.28e-05	5.43e-04	4.26e-03	1.92e-01	5.00e-01	3.04e-01	4.87e-15	9.15e-24	1.15e-23
 6.96686e+22	6.49e-15	1.97e-10	2.40e-07	2.75e-05	6.32e-04	4.73e-03	2.03e-01	5.02e-01	2.90e-01	6.49e-15	1.22e-23	1.53e-23
 6.98810e+22	8.14e-15	2.40e-10	2.86e-07	3.19e-05	7.14e-04	5.15e-03	2.11e-01	5.03e-01	2.80e-01	8.14e-15	1.53e-23	1.93e-23
 7.00987e+22	1.09e-14	3.10e-10	3.58e-07	3.86e-05	8.37e-04	5.76e-03	2.24e-01	5.04e-01	2.66e-01	1.09e-14	2.06e-23	2.58e-23
 7.03208e+22	1.38e-14	3.80e-10	4.27e-07	4.51e-05	9.50e-04	6.29e-03	2.34e-01	5.04e-01	2.55e-01	1.38e-14	2.59e-23	3.26e-23
 7.05487e+22	1.85e-14	4.93e-10	5.37e-07	5.50e-05	1.12e-03	7.06e-03	2.48e-01	5.04e-01	2.40e-01	1.85e-14	3.49e-23	4.39e-23
 7.07783e+22	2.32e-14	6.01e-10	6.40e-07	6.41e-05	1.27e-03	7.73e-03	2.59e-01	5.03e-01	2.29e-01	2.32e-14	4.38e-23	5.51e-23
 7.09712e+22	2.85e-14	7.19e-10	7.51e-07	7.37e-05	1.43e-03	8.39e-03	2.69e-01	5.02e-01	2.19e-01	2.85e-14	5.37e-23	6.75e-23
 7.11800e+22	3.67e-14	8.98e-10	9.15e-07	8.79e-05	1.66e-03	9.31e-03	2.83e-01	4.99e-01	2.07e-01	3.67e-14	6.92e-23	8.69e-23
 7.13905e+22	4.46e-14	1.07e-09	1.07e-06	1.01e-04	1.87e-03	1.01e-02	2.94e-01	4.97e-01	1.97e-01	4.46e-14	8.43e-23	1.06e-22
 7.15965e+22	5.61e-14	1.31e-09	1.28e-06	1.19e-04	2.15e-03	1.12e-02	3.07e-01	4.93e-01	1.86e-01	5.61e-14	1.06e-22	1.33e-22
 7.18066e+22	6.81e-14	1.55e-09	1.50e-06	1.37e-04	2.42e-03	1.22e-02	3.19e-01	4.89e-01	1.77e-01	6.81e-14	1.29e-22	1.62e-22
 7.20125e+22	8.36e-14	1.86e-09	1.78e-06	1.59e-04	2.76e-03	1.34e-02	3.33e-01	4.85e-01	1.66e-01	8.36e-14	1.58e-22	1.99e-22
 7.22226e+22	1.01e-13	2.20e-09	2.07e-06	1.83e-04	3.12e-03	1.46e-02	3.46e-01	4.80e-01	1.57e-01	1.01e-13	1.91e-22	2.40e-22
 7.24304e+22	1.21e-13	2.60e-09	2.42e-06	2.11e-04	3.53e-03	1.59e-02	3.59e-01	4.74e-01	1.47e-01	1.21e-13	2.30e-22	2.89e-22
 7.26393e+22	1.44e-13	3.03e-09	2.80e-06	2.42e-04	3.97e-03	1.74e-02	3.72e-01	4.68e-01	1.39e-01	1.44e-13	2.74e-22	3.43e-22
 7.28458e+22	1.70e-13	3.52e-09	3.23e-06	2.77e-04	4.47e-03	1.89e-02	3.85e-01	4.61e-01	1.30e-01	1.70e-13	3.23e-22	4.05e-22
 7.30518e+22	1.99e-13	4.06e-09	3.71e-06	3.15e-04	5.00e-03	2.05e-02	3.99e-01	4.54e-01	1.22e-01	1.99e-13	3.78e-22	4.74e-22
 7.32583e+22	2.31e-13	4.66e-09	4.24e-06	3.58e-04	5.60e-03	2.23e-02	4.12e-01	4.46e-01	1.14e-01	2.31e-13	4.39e-22	5.51e-22
 7.34655e+22	2.66e-13	5.31e-09	4.82e-06	4.05e-04	6.25e-03	2.42e-02	4.24e-01	4.38e-01	1.07e-01	2.66e-13	5.07e-22	6.35e-22
 7.36739e+22	3.05e-13	6.03e-09	5.47e-06	4.58e-04	6.96e-03	2.62e-02	4.37e-01	4.29e-01	9.98e-02	3.05e-13	5.81e-22	7.28e-22
 7.38842e+22	3.47e-13	6.81e-09	6.18e-06	5.17e-04	7.74e-03	2.83e-02	4.50e-01	4.20e-01	9.31e-02	3.47e-13	6.62e-22	8.30e-22
 7.40969e+22	3.93e-13	7.67e-09	6.98e-06	5.82e-04	8.59e-03	3.06e-02	4.62e-01	4.11e-01	8.66e-02	3.93e-13	7.51e-22	9.41e-22
 7.43108e+22	4.42e-13	8.58e-09	7.84e-06	6.53e-04	9.51e-03	3.31e-02	4.75e-01	4.02e-01	8.06e-02	4.42e-13	8.46e-22	1.06e-21
 7.45280e+22	4.96e-13	9.60e-09	8.81e-06	7.33e-04	1.05e-02	3.57e-02	4.87e-01	3.91e-01	7.47e-02	4.96e-13	9.50e-22	1.19e-21
 7.47478e+22	5.53e-13	1.07e-08	9.85e-06	8.21e-04	1.16e-02	3.85e-02	4.98e-01	3.81e-01	6.93e-02	5.53e-13	1.06e-21	1.33e-21
 7.49717e+22	6.15e-13	1.19e-08	1.10e-05	9.21e-04	1.28e-02	4.15e-02	5.10e-01	3.70e-01	6.40e-02	6.15e-13	1.18e-21	1.48e-21
 7.51801e+22	6.70e-13	1.29e-08	1.21e-05	1.01e-03	1.39e-02	4.41e-02	5.19e-01	3.62e-01	5.99e-02	6.70e-13	1.29e-21	1.61e-21
 7.53945e+22	7.41e-13	1.43e-08	1.35e-05	1.13e-03	1.54e-02	4.76e-02	5.31e-01	3.50e-01	5.50e-02	7.41e-13	1.42e-21	1.78e-21
 7.56122e+22	8.04e-13	1.56e-08	1.48e-05	1.24e-03	1.66e-02	5.05e-02	5.39e-01	3.41e-01	5.13e-02	8.04e-13	1.55e-21	1.94e-21
 7.58351e+22	8.82e-13	1.72e-08	1.66e-05	1.40e-03	1.83e-02	5.46e-02	5.50e-01	3.29e-01	4.68e-02	8.82e-13	1.70e-21	2.13e-21
 7.60593e+22	9.57e-13	1.87e-08	1.81e-05	1.53e-03	1.97e-02	5.77e-02	5.58e-01	3.20e-01	4.37e-02	9.57e-13	1.85e-21	2.31e-21
 7.62852e+22	1.05e-12	2.06e-08	2.03e-05	1.71e-03	2.17e-02	6.21e-02	5.67e-01	3.08e-01	3.98e-02	1.05e-12	2.03e-21	2.53e-21
 7.65124e+22	1.13e-12	2.23e-08	2.21e-05	1.87e-03	2.33e-02	6.55e-02	5.74e-01	2.98e-01	3.70e-02	1.13e-12	2.19e-21	2.73e-21
 7.67412e+22	1.23e-12	2.45e-08	2.46e-05	2.09e-03	2.55e-02	7.03e-02	5.82e-01	2.86e-01	3.36e-02	1.23e-12	2.39e-21	2.99e-21
 7.69719e+22	1.33e-12	2.66e-08	2.69e-05	2.28e-03	2.73e-02	7.41e-02	5.88e-01	2.77e-01	3.12e-02	1.33e-12	2.58e-21	3.22e-21
 7.72050e+22	1.45e-12	2.92e-08	3.00e-05	2.55e-03	2.98e-02	7.93e-02	5.95e-01	2.65e-01	2.83e-02	1.45e-12	2.81e-21	3.51e-21
 7.74411e+22	1.56e-12	3.17e-08	3.28e-05	2.79e-03	3.18e-02	8.34e-02	5.99e-01	2.56e-01	2.62e-02	1.56e-12	3.03e-21	3.78e-21
 7.76809e+22	1.70e-12	3.50e-08	3.66e-05	3.12e-03	3.47e-02	8.91e-02	6.05e-01	2.45e-01	2.37e-02	1.70e-12	3.31e-21	4.14e-21
 7.79246e+22	1.83e-12	3.80e-08	4.01e-05	3.41e-03	3.70e-02	9.37e-02	6.09e-01	2.35e-01	2.18e-02	1.83e-12	3.58e-21	4.47e-21
 7.81733e+22	2.00e-12	4.21e-08	4.50e-05	3.82e-03	4.03e-02	9.99e-02	6.13e-01	2.24e-01	1.96e-02	2.00e-12	3.93e-21	4.90e-21
 7.84273e+22	2.17e-12	4.61e-08	4.96e-05	4.18e-03	4.30e-02	1.05e-01	6.15e-01	2.15e-01	1.80e-02	2.17e-12	4.27e-21	5.32e-21
 7.86880e+22	2.39e-12	5.14e-08	5.59e-05	4.70e-03	4.67e-02	1.12e-01	6.17e-01	2.03e-01	1.61e-02	2.39e-12	4.71e-21	5.87e-21
 7.89553e+22	2.61e-12	5.67e-08	6.19e-05	5.17e-03	4.99e-02	1.17e-01	6.18e-01	1.94e-01	1.46e-02	2.61e-12	5.16e-21	6.43e-21
 7.92311e+22	2.89e-12	6.38e-08	7.04e-05	5.83e-03	5.43e-02	1.25e-01	6.19e-01	1.83e-01	1.30e-02	2.89e-12	5.72e-21	7.13e-21
 7.94905e+22	3.15e-12	6.98e-08	7.71e-05	6.33e-03	5.74e-02	1.30e-01	6.19e-01	1.76e-01	1.20e-02	3.15e-12	6.24e-21	7.77e-21
 7.97286e+22	3.46e-12	7.78e-08	8.63e-05	7.01e-03	6.15e-02	1.37e-01	6.18e-01	1.66e-01	1.08e-02	3.46e-12	6.89e-21	8.58e-21
 7.99647e+22	3.77e-12	8.50e-08	9.43e-05	7.58e-03	6.47e-02	1.42e-01	6.16e-01	1.60e-01	9.95e-03	3.77e-12	7.50e-21	9.34e-21
 8.01984e+22	4.11e-12	9.43e-08	1.05e-04	8.37e-03	6.91e-02	1.49e-01	6.14e-01	1.51e-01	8.94e-03	4.11e-12	8.21e-21	1.02e-20
 8.04334e+22	4.50e-12	1.04e-07	1.15e-04	9.05e-03	7.26e-02	1.54e-01	6.11e-01	1.45e-01	8.25e-03	4.50e-12	9.01e-21	1.12e-20
 8.06703e+22	4.98e-12	1.16e-07	1.29e-04	1.00e-02	7.74e-02	1.61e-01	6.07e-01	1.37e-01	7.40e-03	4.98e-12	1.00e-20	1.24e-20
 8.09114e+22	5.49e-12	1.29e-07	1.42e-04	1.08e-02	8.14e-02	1.67e-01	6.04e-01	1.30e-01	6.80e-03	5.49e-12	1.10e-20	1.37e-20
 8.11580e+22	6.13e-12	1.45e-07	1.61e-04	1.20e-02	8.67e-02	1.74e-01	5.98e-01	1.23e-01	6.06e-03	6.13e-12	1.24e-20	1.54e-20
 8.14081e+22	6.82e-12	1.62e-07	1.78e-04	1.30e-02	9.11e-02	1.80e-01	5.93e-01	1.17e-01	5.55e-03	6.82e-12	1.38e-20	1.72e-20
 8.16628e+22	7.67e-12	1.85e-07	2.01e-04	1.44e-02	9.70e-02	1.88e-01	5.86e-01	1.09e-01	4.92e-03	7.67e-12	1.56e-20	1.94e-20
 8.19217e+22	8.62e-12	2.07e-07	2.24e-04	1.57e-02	1.02e-01	1.93e-01	5.80e-01	1.04e-01	4.48e-03	8.62e-12	1.76e-20	2.18e-20
 8.21862e+22	9.82e-12	2.39e-07	2.55e-04	1.74e-02	1.09e-01	2.01e-01	5.72e-01	9.67e-02	3.95e-03	9.82e-12	2.01e-20	2.50e-20
 8.24571e+22	1.11e-11	2.70e-07	2.85e-04	1.90e-02	1.14e-01	2.08e-01	5.64e-01	9.13e-02	3.57e-03	1.11e-11	2.28e-20	2.83e-20
 8.27363e+22	1.29e-11	3.16e-07	3.28e-04	2.12e-02	1.22e-01	2.16e-01	5.54e-01	8.45e-02	3.12e-03	1.29e-11	2.67e-20	3.31e-20
 8.30223e+22	1.48e-11	3.62e-07	3.69e-04	2.31e-02	1.28e-01	2.22e-01	5.44e-01	7.94e-02	2.80e-03	1.48e-11	3.06e-20	3.80e-20
 8.33172e+22	1.75e-11	4.30e-07	4.29e-04	2.59e-02	1.36e-01	2.30e-01	5.32e-01	7.30e-02	2.42e-03	1.75e-11	3.65e-20	4.52e-20
 8.36148e+22	2.03e-11	4.95e-07	4.84e-04	2.83e-02	1.43e-01	2.36e-01	5.21e-01	6.83e-02	2.17e-03	2.03e-11	4.25e-20	5.27e-20
 8.39162e+22	2.42e-11	5.92e-07	5.64e-04	3.17e-02	1.52e-01	2.44e-01	5.07e-01	6.24e-02	1.86e-03	2.42e-11	5.10e-20	6.32e-20
 8.42206e+22	2.85e-11	6.87e-07	6.38e-04	3.46e-02	1.60e-01	2.49e-01	4.96e-01	5.83e-02	1.66e-03	2.85e-11	6.02e-20	7.45e-20
 8.45291e+22	3.44e-11	8.28e-07	7.47e-04	3.87e-02	1.70e-01	2.57e-01	4.80e-01	5.29e-02	1.42e-03	3.44e-11	7.32e-20	9.04e-20
 8.48295e+22	4.00e-11	9.53e-07	8.38e-04	4.20e-02	1.77e-01	2.62e-01	4.68e-01	4.94e-02	1.27e-03	4.00e-11	8.55e-20	1.06e-19
 8.51196e+22	4.84e-11	1.14e-06	9.69e-04	4.64e-02	1.87e-01	2.67e-01	4.52e-01	4.51e-02	1.09e-03	4.84e-11	1.04e-19	1.29e-19
 8.54254e+22	5.72e-11	1.34e-06	1.10e-03	5.08e-02	1.95e-01	2.72e-01	4.38e-01	4.15e-02	9.55e-04	5.72e-11	1.24e-19	1.53e-19
 8.56824e+22	6.64e-11	1.53e-06	1.23e-03	5.46e-02	2.02e-01	2.76e-01	4.26e-01	3.88e-02	8.56e-04	6.64e-11	1.44e-19	1.78e-19
 8.59472e+22	7.94e-11	1.80e-06	1.40e-03	5.96e-02	2.11e-01	2.79e-01	4.12e-01	3.56e-02	7.48e-04	7.94e-11	1.74e-19	2.15e-19
 8.62249e+22	9.32e-11	2.08e-06	1.56e-03	6.43e-02	2.19e-01	2.82e-01	3.99e-01	3.30e-02	6.63e-04	9.32e-11	2.05e-19	2.53e-19
 8.64799e+22	1.09e-10	2.39e-06	1.75e-03	6.92e-02	2.27e-01	2.85e-01	3.86e-01	3.05e-02	5.87e-04	1.09e-10	2.42e-19	2.98e-19
 8.67723e+22	1.34e-10	2.87e-06	2.01e-03	7.58e-02	2.37e-01	2.88e-01	3.69e-01	2.76e-02	5.03e-04	1.34e-10	3.00e-19	3.69e-19
 8.70720e+22	1.60e-10	3.36e-06	2.27e-03	8.20e-02	2.46e-01	2.90e-01	3.55e-01	2.53e-02	4.38e-04	1.60e-10	3.61e-19	4.44e-19
 8.73363e+22	1.90e-10	3.88e-06	2.54e-03	8.81e-02	2.53e-01	2.91e-01	3.41e-01	2.32e-02	3.86e-04	1.90e-10	4.30e-19	5.28e-19
 8.76349e+22	2.35e-10	4.67e-06	2.92e-03	9.63e-02	2.63e-01	2.92e-01	3.25e-01	2.09e-02	3.28e-04	2.35e-10	5.38e-19	6.61e-19
 8.79465e+22	2.85e-10	5.50e-06	3.31e-03	1.04e-01	2.72e-01	2.92e-01	3.09e-01	1.89e-02	2.81e-04	2.85e-10	6.57e-19	8.06e-19
 8.82277e+22	3.42e-10	6.42e-06	3.71e-03	1.12e-01	2.80e-01	2.92e-01	2.95e-01	1.72e-02	2.45e-04	3.42e-10	7.95e-19	9.75e-19
 8.85456e+22	4.33e-10	7.79e-06	4.29e-03	1.22e-01	2.90e-01	2.90e-01	2.78e-01	1.52e-02	2.04e-04	4.33e-10	1.02e-18	1.24e-18
 8.88734e+22	5.31e-10	9.23e-06	4.86e-03	1.32e-01	2.98e-01	2.88e-01	2.63e-01	1.37e-02	1.74e-04	5.31e-10	1.26e-18	1.54e-18
 8.91652e+22	6.44e-10	1.08e-05	5.45e-03	1.41e-01	3.06e-01	2.86e-01	2.49e-01	1.23e-02	1.49e-04	6.44e-10	1.54e-18	1.88e-18
 8.94958e+22	8.24e-10	1.32e-05	6.30e-03	1.54e-01	3.15e-01	2.82e-01	2.32e-01	1.08e-02	1.23e-04	8.24e-10	1.99e-18	2.44e-18
 8.98386e+22	1.03e-09	1.57e-05	7.14e-03	1.65e-01	3.22e-01	2.79e-01	2.17e-01	9.54e-03	1.03e-04	1.03e-09	2.51e-18	3.06e-18
 9.01465e+22	1.26e-09	1.85e-05	8.03e-03	1.77e-01	3.29e-01	2.74e-01	2.04e-01	8.49e-03	8.68e-05	1.26e-09	3.12e-18	3.80e-18
 9.04958e+22	1.64e-09	2.28e-05	9.31e-03	1.92e-01	3.36e-01	2.68e-01	1.87e-01	7.29e-03	6.97e-05	1.64e-09	4.12e-18	5.03e-18
 9.08561e+22	2.06e-09	2.72e-05	1.05e-02	2.06e-01	3.42e-01	2.62e-01	1.74e-01	6.38e-03	5.77e-05	2.06e-09	5.23e-18	6.37e-18
 9.11813e+22	2.57e-09	3.22e-05	1.19e-02	2.19e-01	3.47e-01	2.55e-01	1.61e-01	5.60e-03	4.78e-05	2.57e-09	6.61e-18	8.04e-18
 9.15546e+22	3.42e-09	4.01e-05	1.38e-02	2.38e-01	3.52e-01	2.46e-01	1.45e-01	4.70e-03	3.74e-05	3.42e-09	8.96e-18	1.09e-17
 9.19305e+22	4.30e-09	4.76e-05	1.55e-02	2.53e-01	3.55e-01	2.39e-01	1.34e-01	4.07e-03	3.05e-05	4.30e-09	1.14e-17	1.39e-17
 9.23098e+22	5.71e-09	5.88e-05	1.79e-02	2.72e-01	3.58e-01	2.29e-01	1.20e-01	3.40e-03	2.38e-05	5.71e-09	1.54e-17	1.87e-17
 9.25472e+22	5.94e-09	6.06e-05	1.83e-02	2.74e-01	3.58e-01	2.27e-01	1.18e-01	3.31e-03	2.29e-05	5.94e-09	1.61e-17	1.95e-17
