#depth	Fe	Fe+	Fe+2	Fe+3	Fe+4	Fe+5	Fe+6	Fe+7	Fe+8	Fe+9	Fe+10	Fe+11	Fe+12	Fe+13	Fe+14	Fe+15	Fe+16	Fe+17	Fe+18	Fe+19	Fe+20	Fe+21	Fe+22	Fe+23	Fe+24	Fe+25	Fe+26
 4.62852e+21	0.00e+00	0.00e+00	0.00e+00	0.00e+00	0.00e+00	0.00e+00	0.00e+00	5.33e-24	1.12e-21	7.83e-20	3.91e-18	1.37e-16	4.72e-15	2.12e-13	1.06e-11	6.42e-10	2.64e-07	9.69e-06	1.83e-04	1.67e-03	9.05e-03	2.76e-02	6.36e-02	1.37e-01	4.57e-01	2.53e-01	5.05e-02
 1.05683e+22	0.00e+00	0.00e+00	0.00e+00	0.00e+00	0.00e+00	0.00e+00	2.67e-24	6.48e-22	1.03e-19	6.02e-18	2.66e-16	9.25e-15	3.62e-13	1.12e-11	3.85e-10	1.60e-08	4.49e-06	1.13e-04	1.46e-03	9.17e-03	3.43e-02	7.19e-02	1.15e-01	1.73e-01	4.16e-01	1.58e-01	2.17e-02
 1.27387e+22	0.00e+00	0.00e+00	0.00e+00	0.00e+00	0.00e+00	2.48e-25	1.87e-22	3.69e-20	4.60e-18	2.08e-16	7.13e-15	1.92e-13	5.80e-12	1.38e-10	3.68e-09	1.18e-07	2.63e-05	5.18e-04	5.23e-03	2.55e-02	7.37e-02	1.20e-01	1.49e-01	1.75e-01	3.40e-01	1.00e-01	1.06e-02
 1.42850e+22	0.00e+00	0.00e+00	0.00e+00	0.00e+00	7.11e-27	9.92e-24	6.09e-21	9.83e-19	9.94e-17	3.62e-15	9.95e-14	2.15e-12	5.19e-11	9.92e-10	2.11e-08	5.43e-07	1.01e-04	1.65e-03	1.36e-02	5.34e-02	1.25e-01	1.64e-01	1.64e-01	1.57e-01	2.56e-01	6.08e-02	5.21e-03
 1.51441e+22	0.00e+00	0.00e+00	0.00e+00	4.50e-30	1.89e-26	2.51e-23	1.48e-20	2.26e-18	2.16e-16	7.44e-15	1.93e-13	3.93e-12	8.96e-11	1.61e-09	3.23e-08	7.86e-07	1.40e-04	2.17e-03	1.70e-02	6.34e-02	1.40e-01	1.74e-01	1.65e-01	1.49e-01	2.33e-01	5.24e-02	4.25e-03
 1.54104e+22	0.00e+00	0.00e+00	0.00e+00	8.24e-30	3.36e-26	4.33e-23	2.48e-20	3.67e-18	3.40e-16	1.13e-14	2.83e-13	5.57e-12	1.23e-10	2.14e-09	4.13e-08	9.70e-07	1.69e-04	2.55e-03	1.94e-02	6.98e-02	1.49e-01	1.79e-01	1.64e-01	1.44e-01	2.20e-01	4.78e-02	3.75e-03
 1.56278e+22	0.00e+00	0.00e+00	6.77e-34	1.75e-29	6.88e-26	8.55e-23	4.70e-20	6.70e-18	5.95e-16	1.90e-14	4.56e-13	8.58e-12	1.81e-10	3.02e-09	5.59e-08	1.26e-06	2.12e-04	3.09e-03	2.26e-02	7.84e-02	1.61e-01	1.85e-01	1.63e-01	1.38e-01	2.03e-01	4.24e-02	3.19e-03
 1.58493e+22	0.00e+00	0.00e+00	1.21e-33	3.04e-29	1.16e-25	1.41e-22	7.52e-20	1.04e-17	8.99e-16	2.78e-14	6.47e-13	1.18e-11	2.41e-10	3.89e-09	6.98e-08	1.52e-06	2.51e-04	3.56e-03	2.53e-02	8.52e-02	1.69e-01	1.89e-01	1.62e-01	1.32e-01	1.91e-01	3.87e-02	2.83e-03
 1.60763e+22	0.00e+00	0.00e+00	2.65e-33	6.41e-29	2.37e-25	2.76e-22	1.42e-19	1.89e-17	1.56e-15	4.63e-14	1.03e-12	1.80e-11	3.53e-10	5.45e-09	9.35e-08	1.95e-06	3.13e-04	4.29e-03	2.94e-02	9.48e-02	1.81e-01	1.94e-01	1.59e-01	1.25e-01	1.75e-01	3.40e-02	2.39e-03
 1.63103e+22	0.00e+00	0.00e+00	5.33e-33	1.25e-28	4.46e-25	5.04e-22	2.50e-19	3.21e-17	2.56e-15	7.29e-14	1.56e-12	2.63e-11	4.94e-10	7.34e-09	1.21e-07	2.43e-06	3.79e-04	5.04e-03	3.34e-02	1.04e-01	1.91e-01	1.97e-01	1.56e-01	1.19e-01	1.61e-01	3.02e-02	2.04e-03
 1.65089e+22	0.00e+00	0.00e+00	9.86e-33	2.24e-28	7.79e-25	8.55e-22	4.11e-19	5.12e-17	3.95e-15	1.09e-13	2.25e-12	3.65e-11	6.63e-10	9.51e-09	1.51e-07	2.94e-06	4.47e-04	5.79e-03	3.73e-02	1.12e-01	2.00e-01	2.00e-01	1.53e-01	1.13e-01	1.50e-01	2.71e-02	1.77e-03
 1.67229e+22	0.00e+00	0.00e+00	2.09e-32	4.59e-28	1.54e-24	1.63e-21	7.54e-19	9.04e-17	6.69e-15	1.77e-13	3.51e-12	5.46e-11	9.49e-10	1.30e-08	1.99e-07	3.69e-06	5.46e-04	6.85e-03	4.25e-02	1.23e-01	2.10e-01	2.02e-01	1.49e-01	1.05e-01	1.36e-01	2.36e-02	1.48e-03
 1.69417e+22	0.00e+00	0.00e+00	3.92e-32	8.33e-28	2.71e-24	2.80e-21	1.25e-18	1.45e-16	1.04e-14	2.65e-13	5.09e-12	7.63e-11	1.28e-09	1.69e-08	2.49e-07	4.46e-06	6.44e-04	7.86e-03	4.73e-02	1.33e-01	2.19e-01	2.03e-01	1.44e-01	9.89e-02	1.24e-01	2.09e-02	1.27e-03
 1.71361e+22	0.00e+00	0.00e+00	7.31e-32	1.51e-27	4.77e-24	4.77e-21	2.07e-18	2.32e-16	1.61e-14	3.96e-13	7.32e-12	1.06e-10	1.71e-09	2.19e-08	3.10e-07	5.36e-06	7.56e-04	8.97e-03	5.24e-02	1.42e-01	2.27e-01	2.03e-01	1.40e-01	9.27e-02	1.14e-01	1.85e-02	1.09e-03
 1.73583e+22	0.00e+00	0.00e+00	1.60e-31	3.17e-27	9.68e-24	9.33e-21	3.89e-18	4.19e-16	2.78e-14	6.53e-13	1.15e-11	1.60e-10	2.47e-09	3.01e-08	4.07e-07	6.74e-06	9.21e-04	1.06e-02	5.94e-02	1.54e-01	2.36e-01	2.03e-01	1.34e-01	8.51e-02	1.01e-01	1.58e-02	8.90e-04
 1.75830e+22	0.00e+00	0.00e+00	3.09e-31	5.93e-27	1.75e-23	1.64e-20	6.59e-18	6.86e-16	4.38e-14	9.92e-13	1.69e-11	2.25e-10	3.34e-09	3.91e-08	5.09e-07	8.11e-06	1.08e-03	1.20e-02	6.57e-02	1.65e-01	2.43e-01	2.01e-01	1.28e-01	7.87e-02	9.13e-02	1.37e-02	7.48e-04
 1.77719e+22	0.00e+00	0.00e+00	5.54e-31	1.03e-26	2.97e-23	2.70e-20	1.05e-17	1.06e-15	6.56e-14	1.44e-12	2.36e-11	3.04e-10	4.36e-09	4.94e-08	6.21e-07	9.56e-06	1.25e-03	1.35e-02	7.17e-02	1.74e-01	2.48e-01	1.99e-01	1.23e-01	7.33e-02	8.30e-02	1.21e-02	6.38e-04
 1.79784e+22	0.00e+00	0.00e+00	1.16e-30	2.09e-26	5.78e-23	5.07e-20	1.90e-17	1.84e-15	1.09e-13	2.29e-12	3.61e-11	4.44e-10	6.10e-09	6.61e-08	7.94e-07	1.17e-05	1.48e-03	1.56e-02	7.97e-02	1.86e-01	2.54e-01	1.96e-01	1.16e-01	6.66e-02	7.33e-02	1.03e-02	5.20e-04
 1.81905e+22	0.00e+00	0.00e+00	2.14e-30	3.73e-26	1.00e-22	8.53e-20	3.10e-17	2.91e-15	1.67e-13	3.38e-12	5.13e-11	6.08e-10	8.05e-09	8.42e-08	9.74e-07	1.39e-05	1.71e-03	1.75e-02	8.68e-02	1.96e-01	2.59e-01	1.93e-01	1.10e-01	6.13e-02	6.59e-02	8.91e-03	4.37e-04
 1.83790e+22	0.00e+00	0.00e+00	3.90e-30	6.59e-26	1.72e-22	1.42e-19	5.01e-17	4.55e-15	2.52e-13	4.92e-12	7.21e-11	8.26e-10	1.05e-08	1.06e-07	1.19e-06	1.63e-05	1.96e-03	1.95e-02	9.41e-02	2.05e-01	2.62e-01	1.89e-01	1.05e-01	5.63e-02	5.91e-02	7.74e-03	3.67e-04
 1.85932e+22	0.00e+00	0.00e+00	8.27e-30	1.34e-25	3.39e-22	2.70e-19	9.12e-17	7.95e-15	4.21e-13	7.88e-12	1.10e-10	1.21e-09	1.47e-08	1.42e-07	1.51e-06	1.99e-05	2.32e-03	2.23e-02	1.04e-01	2.17e-01	2.66e-01	1.83e-01	9.75e-02	5.04e-02	5.14e-02	6.45e-03	2.93e-04
 1.88098e+22	0.00e+00	0.00e+00	1.57e-29	2.47e-25	6.04e-22	4.65e-19	1.52e-16	1.28e-14	6.53e-13	1.18e-11	1.59e-10	1.67e-09	1.96e-08	1.81e-07	1.86e-06	2.34e-05	2.67e-03	2.50e-02	1.12e-01	2.27e-01	2.67e-01	1.78e-01	9.14e-02	4.56e-02	4.54e-02	5.50e-03	2.41e-04
 1.89961e+22	0.00e+00	0.00e+00	2.88e-29	4.40e-25	1.04e-21	7.78e-19	2.46e-16	2.00e-14	9.87e-13	1.71e-11	2.23e-10	2.26e-09	2.55e-08	2.28e-07	2.25e-06	2.73e-05	3.04e-03	2.77e-02	1.21e-01	2.36e-01	2.68e-01	1.72e-01	8.57e-02	4.14e-02	4.03e-02	4.71e-03	2.00e-04
 1.92048e+22	0.00e+00	6.05e-34	5.93e-29	8.72e-25	1.99e-21	1.44e-18	4.36e-16	3.42e-14	1.61e-12	2.69e-11	3.34e-10	3.24e-09	3.50e-08	2.99e-07	2.82e-06	3.28e-05	3.55e-03	3.12e-02	1.31e-01	2.46e-01	2.68e-01	1.65e-01	7.90e-02	3.67e-02	3.48e-02	3.90e-03	1.59e-04
 1.94182e+22	0.00e+00	1.18e-33	1.12e-28	1.59e-24	3.52e-21	2.46e-18	7.23e-16	5.46e-14	2.49e-12	3.98e-11	4.76e-10	4.44e-09	4.61e-08	3.79e-07	3.43e-06	3.84e-05	4.04e-03	3.45e-02	1.41e-01	2.54e-01	2.67e-01	1.59e-01	7.33e-02	3.29e-02	3.05e-02	3.30e-03	1.29e-04
 1.96045e+22	0.00e+00	2.22e-33	2.03e-28	2.79e-24	6.00e-21	4.07e-18	1.16e-15	8.46e-14	3.72e-12	5.74e-11	6.62e-10	5.96e-09	5.96e-08	4.71e-07	4.11e-06	4.44e-05	4.56e-03	3.79e-02	1.50e-01	2.62e-01	2.66e-01	1.53e-01	6.81e-02	2.96e-02	2.68e-02	2.80e-03	1.06e-04
 1.98135e+22	0.00e+00	4.82e-33	4.23e-28	5.61e-24	1.16e-20	7.58e-18	2.07e-15	1.45e-13	6.11e-12	9.02e-11	9.94e-10	8.55e-09	8.17e-08	6.17e-07	5.14e-06	5.30e-05	5.28e-03	4.24e-02	1.61e-01	2.70e-01	2.63e-01	1.45e-01	6.20e-02	2.59e-02	2.28e-02	2.29e-03	8.32e-05
 2.00305e+22	0.00e+00	9.75e-33	8.23e-28	1.05e-23	2.11e-20	1.33e-17	3.50e-15	2.37e-13	9.57e-12	1.36e-10	1.43e-09	1.18e-08	1.08e-07	7.85e-07	6.27e-06	6.21e-05	6.00e-03	4.67e-02	1.72e-01	2.77e-01	2.59e-01	1.37e-01	5.67e-02	2.29e-02	1.96e-02	1.89e-03	6.63e-05
 2.02166e+22	0.00e+00	1.78e-32	1.45e-27	1.80e-23	3.50e-20	2.15e-17	5.47e-15	3.59e-13	1.40e-11	1.92e-10	1.96e-09	1.56e-08	1.38e-07	9.64e-07	7.42e-06	7.09e-05	6.69e-03	5.07e-02	1.81e-01	2.83e-01	2.56e-01	1.31e-01	5.24e-02	2.05e-02	1.72e-02	1.61e-03	5.45e-05
 2.04173e+22	0.00e+00	3.81e-32	2.99e-27	3.57e-23	6.67e-20	3.94e-17	9.66e-15	6.08e-13	2.27e-11	2.98e-10	2.91e-09	2.21e-08	1.87e-07	1.25e-06	9.17e-06	8.37e-05	7.65e-03	5.61e-02	1.93e-01	2.89e-01	2.50e-01	1.23e-01	4.72e-02	1.78e-02	1.45e-02	1.30e-03	4.23e-05
 2.06192e+22	0.00e+00	7.20e-32	5.44e-27	6.30e-23	1.14e-19	6.53e-17	1.55e-14	9.41e-13	3.39e-11	4.29e-10	4.03e-09	2.95e-08	2.40e-07	1.54e-06	1.09e-05	9.59e-05	8.53e-03	6.08e-02	2.03e-01	2.94e-01	2.45e-01	1.16e-01	4.31e-02	1.57e-02	1.26e-02	1.09e-03	3.42e-05
 2.07933e+22	0.00e+00	1.28e-31	9.39e-27	1.06e-22	1.86e-19	1.03e-16	2.38e-14	1.40e-12	4.89e-11	5.97e-10	5.42e-09	3.84e-08	3.02e-07	1.87e-06	1.28e-05	1.09e-04	9.42e-03	6.54e-02	2.12e-01	2.97e-01	2.40e-01	1.10e-01	3.97e-02	1.40e-02	1.10e-02	9.23e-04	2.81e-05
 2.09567e+22	0.00e+00	2.26e-31	1.60e-26	1.75e-22	2.99e-19	1.62e-16	3.61e-14	2.06e-12	6.97e-11	8.23e-10	7.23e-09	4.95e-08	3.76e-07	2.25e-06	1.49e-05	1.22e-04	1.03e-02	7.00e-02	2.21e-01	3.00e-01	2.34e-01	1.04e-01	3.65e-02	1.25e-02	9.66e-03	7.84e-04	2.31e-05
 2.11082e+22	0.00e+00	3.79e-31	2.61e-26	2.78e-22	4.63e-19	2.44e-16	5.30e-14	2.95e-12	9.65e-11	1.11e-09	9.41e-09	6.25e-08	4.60e-07	2.67e-06	1.71e-05	1.36e-04	1.13e-02	7.44e-02	2.29e-01	3.02e-01	2.29e-01	9.92e-02	3.37e-02	1.13e-02	8.54e-03	6.73e-04	1.93e-05
 2.12471e+22	0.00e+00	6.18e-31	4.14e-26	4.29e-22	6.97e-19	3.59e-16	7.60e-14	4.12e-12	1.31e-10	1.46e-09	1.21e-08	7.78e-08	5.55e-07	3.13e-06	1.94e-05	1.50e-04	1.22e-02	7.87e-02	2.37e-01	3.04e-01	2.24e-01	9.44e-02	3.12e-02	1.02e-02	7.60e-03	5.83e-04	1.62e-05
 2.13746e+22	0.00e+00	9.35e-31	6.12e-26	6.20e-22	9.87e-19	4.98e-16	1.03e-13	5.46e-12	1.70e-10	1.84e-09	1.49e-08	9.37e-08	6.52e-07	3.59e-06	2.17e-05	1.63e-04	1.30e-02	8.25e-02	2.43e-01	3.05e-01	2.19e-01	9.04e-02	2.93e-02	9.35e-03	6.87e-03	5.15e-04	1.40e-05
 2.15178e+22	0.00e+00	1.63e-30	1.03e-25	1.02e-21	1.57e-18	7.72e-16	1.55e-13	7.97e-12	2.40e-10	2.52e-09	1.97e-08	1.20e-07	8.07e-07	4.29e-06	2.50e-05	1.83e-04	1.42e-02	8.78e-02	2.52e-01	3.06e-01	2.13e-01	8.51e-02	2.68e-02	8.32e-03	6.00e-03	4.36e-04	1.15e-05
 2.16600e+22	0.00e+00	2.58e-30	1.60e-25	1.53e-21	2.32e-18	1.11e-15	2.18e-13	1.09e-11	3.20e-10	3.27e-09	2.49e-08	1.47e-07	9.63e-07	4.98e-06	2.82e-05	2.00e-04	1.52e-02	9.23e-02	2.59e-01	3.06e-01	2.08e-01	8.09e-02	2.48e-02	7.53e-03	5.35e-03	3.78e-04	9.74e-06
 2.17785e+22	0.00e+00	3.98e-30	2.40e-25	2.26e-21	3.33e-18	1.56e-15	3.00e-13	1.47e-11	4.18e-10	4.18e-09	3.09e-08	1.78e-07	1.14e-06	5.71e-06	3.15e-05	2.18e-04	1.62e-02	9.66e-02	2.66e-01	3.07e-01	2.03e-01	7.70e-02	2.31e-02	6.85e-03	4.80e-03	3.31e-04	8.33e-06
 2.19101e+22	0.00e+00	6.78e-30	3.96e-25	3.62e-21	5.19e-18	2.37e-15	4.42e-13	2.10e-11	5.82e-10	5.63e-09	4.03e-08	2.25e-07	1.39e-06	6.77e-06	3.61e-05	2.42e-04	1.76e-02	1.02e-01	2.73e-01	3.06e-01	1.96e-01	7.24e-02	2.11e-02	6.10e-03	4.19e-03	2.81e-04	6.86e-06
 2.20447e+22	0.00e+00	1.04e-29	5.95e-25	5.31e-21	7.45e-18	3.33e-15	6.07e-13	2.82e-11	7.60e-10	7.17e-09	5.01e-08	2.73e-07	1.64e-06	7.76e-06	4.03e-05	2.63e-04	1.87e-02	1.07e-01	2.80e-01	3.06e-01	1.91e-01	6.87e-02	1.96e-02	5.54e-03	3.76e-03	2.45e-04	5.84e-06
 2.21609e+22	0.00e+00	1.59e-29	8.85e-25	7.72e-21	1.06e-17	4.64e-15	8.26e-13	3.75e-11	9.86e-10	9.07e-09	6.18e-08	3.28e-07	1.92e-06	8.87e-06	4.49e-05	2.85e-04	1.99e-02	1.11e-01	2.86e-01	3.05e-01	1.86e-01	6.53e-02	1.82e-02	5.03e-03	3.37e-03	2.15e-04	5.00e-06
 2.22707e+22	0.00e+00	2.38e-29	1.29e-24	1.10e-20	1.48e-17	6.36e-15	1.11e-12	4.92e-11	1.26e-09	1.14e-08	7.55e-08	3.91e-07	2.23e-06	1.01e-05	4.97e-05	3.08e-04	2.11e-02	1.16e-01	2.91e-01	3.04e-01	1.81e-01	6.21e-02	1.70e-02	4.59e-03	3.03e-03	1.89e-04	4.30e-06
 2.23947e+22	0.00e+00	3.93e-29	2.08e-24	1.72e-20	2.25e-17	9.42e-15	1.60e-12	6.91e-11	1.72e-09	1.50e-08	9.69e-08	4.87e-07	2.70e-06	1.18e-05	5.63e-05	3.38e-04	2.27e-02	1.21e-01	2.98e-01	3.02e-01	1.74e-01	5.83e-02	1.55e-02	4.09e-03	2.66e-03	1.61e-04	3.56e-06
 2.25212e+22	0.00e+00	5.98e-29	3.08e-24	2.50e-20	3.19e-17	1.31e-14	2.17e-12	9.17e-11	2.23e-09	1.90e-08	1.19e-07	5.85e-07	3.15e-06	1.34e-05	6.25e-05	3.66e-04	2.40e-02	1.26e-01	3.04e-01	3.01e-01	1.69e-01	5.52e-02	1.44e-02	3.71e-03	2.38e-03	1.41e-04	3.03e-06
 2.26335e+22	0.00e+00	8.97e-29	4.51e-24	3.58e-20	4.47e-17	1.79e-14	2.91e-12	1.21e-10	2.86e-09	2.38e-08	1.46e-07	6.98e-07	3.67e-06	1.52e-05	6.92e-05	3.95e-04	2.54e-02	1.31e-01	3.09e-01	2.99e-01	1.64e-01	5.23e-02	1.33e-02	3.37e-03	2.13e-03	1.23e-04	2.60e-06
 2.27618e+22	0.00e+00	1.56e-28	7.60e-24	5.84e-20	7.08e-17	2.76e-14	4.36e-12	1.75e-10	4.02e-09	3.23e-08	1.92e-07	8.88e-07	4.51e-06	1.81e-05	7.93e-05	4.38e-04	2.74e-02	1.37e-01	3.16e-01	2.96e-01	1.57e-01	4.86e-02	1.20e-02	2.96e-03	1.84e-03	1.03e-04	2.10e-06
 2.28816e+22	0.00e+00	2.28e-28	1.08e-23	8.14e-20	9.66e-17	3.70e-14	5.72e-12	2.25e-10	5.05e-09	3.98e-08	2.31e-07	1.04e-06	5.18e-06	2.03e-05	8.69e-05	4.69e-04	2.88e-02	1.42e-01	3.21e-01	2.94e-01	1.52e-01	4.62e-02	1.12e-02	2.70e-03	1.66e-03	9.08e-05	1.82e-06
 2.29902e+22	0.00e+00	3.62e-28	1.67e-23	1.23e-19	1.42e-16	5.31e-14	8.00e-12	3.07e-10	6.71e-09	5.14e-08	2.90e-07	1.28e-06	6.15e-06	2.34e-05	9.73e-05	5.10e-04	3.06e-02	1.48e-01	3.26e-01	2.91e-01	1.47e-01	4.33e-02	1.02e-02	2.41e-03	1.46e-03	7.78e-05	1.51e-06
 2.31011e+22	0.00e+00	5.36e-28	2.41e-23	1.73e-19	1.96e-16	7.19e-14	1.06e-11	3.99e-10	8.51e-09	6.37e-08	3.51e-07	1.51e-06	7.11e-06	2.64e-05	1.07e-04	5.47e-04	3.22e-02	1.53e-01	3.31e-01	2.88e-01	1.42e-01	4.10e-02	9.49e-03	2.19e-03	1.31e-03	6.83e-05	1.30e-06
 2.31995e+22	0.00e+00	7.73e-28	3.41e-23	2.40e-19	2.66e-16	9.56e-14	1.38e-11	5.10e-10	1.07e-08	7.81e-08	4.21e-07	1.77e-06	8.14e-06	2.96e-05	1.17e-04	5.85e-04	3.37e-02	1.57e-01	3.34e-01	2.85e-01	1.37e-01	3.89e-02	8.83e-03	2.00e-03	1.18e-03	6.03e-05	1.12e-06
 2.33118e+22	0.00e+00	1.29e-27	5.50e-23	3.76e-19	4.04e-16	1.42e-13	2.00e-11	7.17e-10	1.45e-08	1.03e-07	5.40e-07	2.20e-06	9.82e-06	3.45e-05	1.32e-04	6.40e-04	3.60e-02	1.64e-01	3.40e-01	2.82e-01	1.31e-01	3.61e-02	7.99e-03	1.76e-03	1.02e-03	5.07e-05	9.17e-07
 2.34232e+22	0.00e+00	1.90e-27	7.93e-23	5.29e-19	5.57e-16	1.91e-13	2.65e-11	9.30e-10	1.84e-08	1.28e-07	6.54e-07	2.60e-06	1.13e-05	3.89e-05	1.45e-04	6.86e-04	3.77e-02	1.69e-01	3.44e-01	2.78e-01	1.27e-01	3.41e-02	7.39e-03	1.60e-03	9.18e-04	4.44e-05	7.84e-07
 2.35333e+22	0.00e+00	3.14e-27	1.27e-22	8.21e-19	8.39e-16	2.81e-13	3.79e-11	1.30e-09	2.49e-08	1.68e-07	8.35e-07	3.22e-06	1.36e-05	4.52e-05	1.63e-04	7.49e-04	4.01e-02	1.75e-01	3.48e-01	2.74e-01	1.21e-01	3.16e-02	6.68e-03	1.41e-03	7.95e-04	3.73e-05	6.41e-07
 2.36446e+22	0.00e+00	4.68e-27	1.84e-22	1.17e-18	1.16e-15	3.82e-13	5.04e-11	1.69e-09	3.17e-08	2.10e-07	1.01e-06	3.83e-06	1.57e-05	5.10e-05	1.80e-04	8.03e-04	4.21e-02	1.81e-01	3.52e-01	2.70e-01	1.16e-01	2.97e-02	6.15e-03	1.27e-03	7.09e-04	3.25e-05	5.45e-07
 2.37574e+22	0.00e+00	7.91e-27	3.01e-22	1.85e-18	1.79e-15	5.70e-13	7.33e-11	2.39e-09	4.35e-08	2.79e-07	1.31e-06	4.79e-06	1.90e-05	5.98e-05	2.03e-04	8.80e-04	4.48e-02	1.87e-01	3.56e-01	2.65e-01	1.10e-01	2.74e-02	5.52e-03	1.11e-03	6.08e-04	2.70e-05	4.39e-07
 2.38663e+22	0.00e+00	1.15e-26	4.27e-22	2.56e-18	2.42e-15	7.59e-13	9.57e-11	3.06e-09	5.45e-08	3.42e-07	1.57e-06	5.61e-06	2.18e-05	6.69e-05	2.22e-04	9.38e-04	4.68e-02	1.92e-01	3.59e-01	2.62e-01	1.06e-01	2.58e-02	5.10e-03	1.01e-03	5.45e-04	2.37e-05	3.77e-07
 2.39701e+22	0.00e+00	1.90e-26	6.84e-22	3.98e-18	3.65e-15	1.11e-12	1.37e-10	4.28e-09	7.39e-08	4.51e-07	2.01e-06	6.96e-06	2.62e-05	7.78e-05	2.50e-04	1.02e-03	4.96e-02	1.99e-01	3.63e-01	2.56e-01	1.01e-01	2.38e-02	4.58e-03	8.81e-04	4.69e-04	1.98e-05	3.05e-07
 2.40738e+22	0.00e+00	2.72e-26	9.54e-22	5.43e-18	4.88e-15	1.46e-12	1.77e-10	5.42e-09	9.16e-08	5.48e-07	2.39e-06	8.11e-06	2.99e-05	8.67e-05	2.72e-04	1.09e-03	5.17e-02	2.04e-01	3.65e-01	2.52e-01	9.69e-02	2.24e-02	4.24e-03	8.00e-04	4.22e-04	1.74e-05	2.62e-07
 2.41775e+22	0.00e+00	4.58e-26	1.55e-21	8.55e-18	7.43e-15	2.17e-12	2.56e-10	7.64e-09	1.25e-07	7.29e-07	3.08e-06	1.01e-05	3.61e-05	1.01e-04	3.07e-04	1.19e-03	5.48e-02	2.11e-01	3.69e-01	2.47e-01	9.15e-02	2.06e-02	3.78e-03	6.95e-04	3.60e-04	1.44e-05	2.10e-07
 2.42778e+22	0.00e+00	6.43e-26	2.13e-21	1.15e-17	9.78e-15	2.81e-12	3.26e-10	9.57e-09	1.54e-07	8.78e-07	3.64e-06	1.17e-05	4.09e-05	1.12e-04	3.33e-04	1.26e-03	5.70e-02	2.16e-01	3.71e-01	2.43e-01	8.81e-02	1.94e-02	3.51e-03	6.33e-04	3.25e-04	1.27e-05	1.82e-07
 2.43736e+22	0.00e+00	1.03e-25	3.30e-21	1.73e-17	1.43e-14	4.01e-12	4.54e-10	1.30e-08	2.04e-07	1.14e-06	4.58e-06	1.43e-05	4.85e-05	1.29e-04	3.71e-04	1.36e-03	6.00e-02	2.22e-01	3.73e-01	2.37e-01	8.35e-02	1.79e-02	3.16e-03	5.56e-04	2.81e-04	1.07e-05	1.48e-07
 2.44715e+22	0.00e+00	1.50e-25	4.70e-21	2.40e-17	1.94e-14	5.33e-12	5.94e-10	1.68e-08	2.57e-07	1.40e-06	5.51e-06	1.69e-05	5.57e-05	1.45e-04	4.06e-04	1.46e-03	6.26e-02	2.27e-01	3.75e-01	2.33e-01	7.98e-02	1.68e-02	2.90e-03	5.00e-04	2.49e-04	9.23e-06	1.26e-07
 2.45722e+22	0.00e+00	2.50e-25	7.54e-21	3.72e-17	2.91e-14	7.81e-12	8.50e-10	2.34e-08	3.49e-07	1.85e-06	7.07e-06	2.10e-05	6.71e-05	1.69e-04	4.57e-04	1.59e-03	6.61e-02	2.34e-01	3.77e-01	2.27e-01	7.51e-02	1.53e-02	2.58e-03	4.33e-04	2.12e-04	7.61e-06	0.00e+00
 2.46721e+22	0.00e+00	3.60e-25	1.06e-20	5.10e-17	3.90e-14	1.03e-11	1.10e-09	2.98e-08	4.34e-07	2.26e-06	8.46e-06	2.46e-05	7.67e-05	1.89e-04	4.98e-04	1.69e-03	6.87e-02	2.39e-01	3.78e-01	2.22e-01	7.18e-02	1.43e-02	2.37e-03	3.90e-04	1.89e-04	6.61e-06	0.00e+00
 2.47711e+22	0.00e+00	5.88e-25	1.67e-20	7.79e-17	5.77e-14	1.48e-11	1.55e-09	4.13e-08	5.85e-07	2.96e-06	1.08e-05	3.04e-05	9.20e-05	2.19e-04	5.58e-04	1.83e-03	7.24e-02	2.46e-01	3.79e-01	2.16e-01	6.75e-02	1.31e-02	2.11e-03	3.38e-04	1.61e-04	5.46e-06	0.00e+00
 2.48719e+22	0.00e+00	8.69e-25	2.40e-20	1.09e-16	7.86e-14	1.98e-11	2.04e-09	5.34e-08	7.41e-07	3.67e-06	1.31e-05	3.60e-05	1.06e-04	2.46e-04	6.12e-04	1.96e-03	7.54e-02	2.51e-01	3.80e-01	2.11e-01	6.41e-02	1.22e-02	1.92e-03	3.01e-04	1.41e-04	4.67e-06	0.00e+00
 2.49597e+22	0.00e+00	1.26e-24	3.39e-20	1.50e-16	1.06e-13	2.62e-11	2.66e-09	6.84e-08	9.29e-07	4.52e-06	1.57e-05	4.24e-05	1.22e-04	2.76e-04	6.69e-04	2.09e-03	7.84e-02	2.57e-01	3.81e-01	2.06e-01	6.10e-02	1.13e-02	1.75e-03	2.69e-04	1.25e-04	4.02e-06	0.00e+00
 2.50588e+22	0.00e+00	2.05e-24	5.31e-20	2.28e-16	1.55e-13	3.75e-11	3.74e-09	9.44e-08	1.25e-06	5.92e-06	2.00e-05	5.24e-05	1.46e-04	3.20e-04	7.50e-04	2.27e-03	8.25e-02	2.63e-01	3.81e-01	2.00e-01	5.71e-02	1.03e-02	1.55e-03	2.32e-04	1.06e-04	3.30e-06	0.00e+00
 2.51583e+22	0.00e+00	2.97e-24	7.49e-20	3.13e-16	2.08e-13	4.95e-11	4.86e-09	1.21e-07	1.57e-06	7.29e-06	2.41e-05	6.17e-05	1.68e-04	3.59e-04	8.20e-04	2.42e-03	8.58e-02	2.68e-01	3.81e-01	1.95e-01	5.42e-02	9.55e-03	1.41e-03	2.07e-04	9.31e-05	2.83e-06	0.00e+00
 2.52582e+22	0.00e+00	4.82e-24	1.17e-19	4.73e-16	3.04e-13	7.08e-11	6.82e-09	1.67e-07	2.11e-06	9.57e-06	3.08e-05	7.65e-05	2.02e-04	4.17e-04	9.20e-04	2.63e-03	9.01e-02	2.75e-01	3.81e-01	1.89e-01	5.05e-02	8.65e-03	1.24e-03	1.78e-04	7.85e-05	2.31e-06	0.00e+00
 2.53598e+22	0.00e+00	7.05e-24	1.66e-19	6.53e-16	4.10e-13	9.36e-11	8.91e-09	2.15e-07	2.66e-06	1.19e-05	3.73e-05	9.06e-05	2.33e-04	4.70e-04	1.01e-03	2.81e-03	9.37e-02	2.80e-01	3.81e-01	1.83e-01	4.77e-02	7.98e-03	1.12e-03	1.57e-04	6.86e-05	1.96e-06	0.00e+00
 2.54635e+22	0.00e+00	1.15e-23	2.61e-19	9.90e-16	6.01e-13	1.34e-10	1.26e-08	2.99e-07	3.61e-06	1.57e-05	4.80e-05	1.13e-04	2.81e-04	5.48e-04	1.14e-03	3.06e-03	9.86e-02	2.87e-01	3.80e-01	1.77e-01	4.42e-02	7.18e-03	9.83e-04	1.34e-04	5.73e-05	1.58e-06	0.00e+00
 2.55676e+22	0.00e+00	1.67e-23	3.68e-19	1.36e-15	8.03e-13	1.77e-10	1.64e-08	3.85e-07	4.55e-06	1.94e-05	5.81e-05	1.34e-04	3.24e-04	6.17e-04	1.24e-03	3.27e-03	1.02e-01	2.92e-01	3.79e-01	1.71e-01	4.17e-02	6.61e-03	8.87e-04	1.18e-04	4.99e-05	1.34e-06	0.00e+00
 2.56722e+22	0.00e+00	2.70e-23	5.71e-19	2.03e-15	1.17e-12	2.51e-10	2.30e-08	5.33e-07	6.16e-06	2.57e-05	7.46e-05	1.67e-04	3.91e-04	7.20e-04	1.40e-03	3.56e-03	1.08e-01	2.98e-01	3.78e-01	1.65e-01	3.85e-02	5.92e-03	7.73e-04	1.00e-04	4.15e-05	1.07e-06	0.00e+00
 2.57742e+22	0.00e+00	3.78e-23	7.78e-19	2.70e-15	1.51e-12	3.22e-10	2.92e-08	6.71e-07	7.61e-06	3.12e-05	8.90e-05	1.94e-04	4.46e-04	8.02e-04	1.52e-03	3.79e-03	1.11e-01	3.03e-01	3.76e-01	1.60e-01	3.64e-02	5.47e-03	7.01e-04	8.92e-05	3.64e-05	9.17e-07	0.00e+00
 2.58728e+22	0.00e+00	5.86e-23	1.16e-18	3.91e-15	2.12e-12	4.43e-10	3.98e-08	9.07e-07	1.01e-05	4.04e-05	1.12e-04	2.39e-04	5.31e-04	9.26e-04	1.70e-03	4.10e-03	1.17e-01	3.09e-01	3.74e-01	1.54e-01	3.37e-02	4.92e-03	6.14e-04	7.62e-05	3.05e-05	7.42e-07	0.00e+00
 2.59724e+22	0.00e+00	8.10e-23	1.57e-18	5.13e-15	2.73e-12	5.63e-10	5.02e-08	1.13e-06	1.24e-05	4.90e-05	1.33e-04	2.78e-04	6.04e-04	1.03e-03	1.85e-03	4.36e-03	1.21e-01	3.13e-01	3.72e-01	1.49e-01	3.18e-02	4.54e-03	5.57e-04	6.77e-05	2.68e-05	6.34e-07	0.00e+00
 2.60734e+22	0.00e+00	1.24e-22	2.31e-18	7.32e-15	3.78e-12	7.67e-10	6.79e-08	1.52e-06	1.63e-05	6.31e-05	1.68e-04	3.40e-04	7.17e-04	1.19e-03	2.06e-03	4.72e-03	1.26e-01	3.19e-01	3.69e-01	1.43e-01	2.93e-02	4.07e-03	4.87e-04	5.78e-05	2.24e-05	5.13e-07	0.00e+00
 2.61766e+22	0.00e+00	1.72e-22	3.11e-18	9.63e-15	4.87e-12	9.76e-10	8.59e-08	1.92e-06	2.02e-05	7.70e-05	2.00e-04	3.98e-04	8.19e-04	1.32e-03	2.25e-03	5.02e-03	1.31e-01	3.23e-01	3.67e-01	1.38e-01	2.75e-02	3.74e-03	4.38e-04	5.10e-05	1.95e-05	4.34e-07	0.00e+00
 2.62826e+22	0.00e+00	2.60e-22	4.55e-18	1.36e-14	6.70e-12	1.32e-09	1.16e-07	2.57e-06	2.65e-05	9.92e-05	2.52e-04	4.86e-04	9.71e-04	1.52e-03	2.50e-03	5.44e-03	1.37e-01	3.28e-01	3.63e-01	1.32e-01	2.53e-02	3.34e-03	3.82e-04	4.33e-05	1.62e-05	3.49e-07	0.00e+00
 2.63912e+22	0.00e+00	3.62e-22	6.14e-18	1.79e-14	8.63e-12	1.68e-09	1.47e-07	3.25e-06	3.30e-05	1.21e-04	3.02e-04	5.71e-04	1.11e-03	1.71e-03	2.73e-03	5.80e-03	1.42e-01	3.32e-01	3.60e-01	1.27e-01	2.37e-02	3.05e-03	3.42e-04	3.79e-05	1.40e-05	2.92e-07	0.00e+00
 2.65032e+22	2.32e-34	5.48e-22	8.96e-18	2.53e-14	1.19e-11	2.28e-09	1.99e-07	4.38e-06	4.36e-05	1.57e-04	3.81e-04	7.01e-04	1.33e-03	1.97e-03	3.05e-03	6.30e-03	1.48e-01	3.37e-01	3.55e-01	1.21e-01	2.17e-02	2.71e-03	2.96e-04	3.20e-05	1.16e-05	2.33e-07	0.00e+00
 2.66173e+22	3.37e-34	7.55e-22	1.20e-17	3.31e-14	1.52e-11	2.89e-09	2.51e-07	5.51e-06	5.40e-05	1.92e-04	4.56e-04	8.21e-04	1.52e-03	2.20e-03	3.33e-03	6.71e-03	1.53e-01	3.41e-01	3.51e-01	1.16e-01	2.02e-02	2.46e-03	2.64e-04	2.80e-05	9.97e-06	1.95e-07	0.00e+00
 2.67342e+22	5.39e-34	1.13e-21	1.73e-17	4.62e-14	2.06e-11	3.89e-09	3.38e-07	7.40e-06	7.11e-05	2.48e-04	5.75e-04	1.01e-03	1.80e-03	2.53e-03	3.72e-03	7.28e-03	1.60e-01	3.46e-01	3.46e-01	1.10e-01	1.84e-02	2.18e-03	2.27e-04	2.35e-05	8.21e-06	1.54e-07	0.00e+00
 2.68531e+22	7.76e-34	1.55e-21	2.30e-17	6.00e-14	2.63e-11	4.90e-09	4.26e-07	9.30e-06	8.80e-05	3.03e-04	6.87e-04	1.18e-03	2.06e-03	2.83e-03	4.05e-03	7.76e-03	1.66e-01	3.49e-01	3.41e-01	1.06e-01	1.71e-02	1.98e-03	2.02e-04	2.05e-05	7.05e-06	1.29e-07	0.00e+00
 2.69747e+22	1.23e-33	2.29e-21	3.29e-17	8.32e-14	3.55e-11	6.56e-09	5.71e-07	1.25e-05	1.16e-04	3.90e-04	8.64e-04	1.44e-03	2.44e-03	3.25e-03	4.51e-03	8.42e-03	1.73e-01	3.53e-01	3.35e-01	9.97e-02	1.55e-02	1.74e-03	1.74e-04	1.71e-05	5.77e-06	0.00e+00	0.00e+00
 2.70969e+22	1.74e-33	3.09e-21	4.32e-17	1.07e-13	4.46e-11	8.18e-09	7.12e-07	1.55e-05	1.42e-04	4.72e-04	1.03e-03	1.67e-03	2.77e-03	3.61e-03	4.90e-03	8.95e-03	1.79e-01	3.56e-01	3.30e-01	9.54e-02	1.44e-02	1.58e-03	1.54e-04	1.50e-05	4.96e-06	0.00e+00	0.00e+00
 2.72201e+22	2.69e-33	4.49e-21	6.07e-17	1.45e-13	5.95e-11	1.08e-08	9.44e-07	2.06e-05	1.85e-04	6.04e-04	1.28e-03	2.03e-03	3.26e-03	4.13e-03	5.44e-03	9.68e-03	1.87e-01	3.59e-01	3.23e-01	9.00e-02	1.31e-02	1.39e-03	1.33e-04	1.25e-05	4.07e-06	0.00e+00	0.00e+00
 2.73463e+22	3.81e-33	6.04e-21	7.94e-17	1.86e-13	7.47e-11	1.35e-08	1.18e-06	2.57e-05	2.27e-04	7.31e-04	1.52e-03	2.36e-03	3.70e-03	4.59e-03	5.90e-03	1.03e-02	1.93e-01	3.62e-01	3.17e-01	8.58e-02	1.21e-02	1.26e-03	1.17e-04	1.09e-05	3.48e-06	0.00e+00	0.00e+00
 2.74562e+22	5.23e-33	7.94e-21	1.02e-16	2.33e-13	9.22e-11	1.65e-08	1.45e-06	3.16e-05	2.76e-04	8.75e-04	1.78e-03	2.71e-03	4.17e-03	5.06e-03	6.36e-03	1.09e-02	1.98e-01	3.63e-01	3.11e-01	8.20e-02	1.12e-02	1.14e-03	1.05e-04	9.54e-06	3.01e-06	0.00e+00	0.00e+00
 2.75790e+22	7.85e-33	1.12e-20	1.39e-16	3.11e-13	1.20e-10	2.14e-08	1.89e-06	4.12e-05	3.53e-04	1.10e-03	2.19e-03	3.25e-03	4.85e-03	5.73e-03	7.01e-03	1.17e-02	2.06e-01	3.65e-01	3.04e-01	7.72e-02	1.02e-02	1.01e-03	9.01e-05	8.02e-06	2.48e-06	0.00e+00	0.00e+00
 2.77020e+22	1.06e-32	1.45e-20	1.76e-16	3.86e-13	1.47e-10	2.60e-08	2.30e-06	5.02e-05	4.24e-04	1.31e-03	2.55e-03	3.71e-03	5.42e-03	6.28e-03	7.52e-03	1.24e-02	2.12e-01	3.67e-01	2.98e-01	7.37e-02	9.46e-03	9.14e-04	8.05e-05	7.05e-06	2.15e-06	0.00e+00	0.00e+00
 2.78254e+22	1.57e-32	2.03e-20	2.38e-16	5.08e-13	1.90e-10	3.34e-08	2.97e-06	6.49e-05	5.38e-04	1.63e-03	3.11e-03	4.41e-03	6.27e-03	7.07e-03	8.25e-03	1.33e-02	2.19e-01	3.68e-01	2.90e-01	6.93e-02	8.57e-03	8.06e-04	6.94e-05	5.94e-06	1.77e-06	0.00e+00	0.00e+00
 2.79514e+22	2.12e-32	2.63e-20	3.02e-16	6.31e-13	2.33e-10	4.06e-08	3.63e-06	7.93e-05	6.48e-04	1.93e-03	3.62e-03	5.04e-03	7.01e-03	7.74e-03	8.85e-03	1.40e-02	2.25e-01	3.68e-01	2.83e-01	6.59e-02	7.93e-03	7.29e-04	6.17e-05	5.19e-06	1.53e-06	0.00e+00	0.00e+00
 2.80628e+22	2.85e-32	3.38e-20	3.79e-16	7.77e-13	2.83e-10	4.91e-08	4.40e-06	9.63e-05	7.77e-04	2.29e-03	4.21e-03	5.74e-03	7.81e-03	8.46e-03	9.48e-03	1.47e-02	2.31e-01	3.68e-01	2.77e-01	6.27e-02	7.33e-03	6.60e-04	5.49e-05	4.54e-06	1.32e-06	0.00e+00	0.00e+00
 2.81896e+22	4.14e-32	4.66e-20	5.07e-16	1.01e-12	3.62e-10	6.25e-08	5.65e-06	1.24e-04	9.82e-04	2.84e-03	5.11e-03	6.78e-03	8.98e-03	9.48e-03	1.03e-02	1.57e-02	2.38e-01	3.68e-01	2.68e-01	5.86e-02	6.61e-03	5.79e-04	4.70e-05	3.80e-06	1.08e-06	0.00e+00	0.00e+00
 2.83156e+22	5.46e-32	5.90e-20	6.29e-16	1.24e-12	4.35e-10	7.49e-08	6.78e-06	1.49e-04	1.16e-03	3.31e-03	5.85e-03	7.63e-03	9.91e-03	1.03e-02	1.10e-02	1.65e-02	2.43e-01	3.67e-01	2.62e-01	5.58e-02	6.13e-03	5.27e-04	4.21e-05	3.35e-06	9.40e-07	0.00e+00	0.00e+00
 2.84406e+22	7.79e-32	7.99e-20	8.27e-16	1.59e-12	5.51e-10	9.43e-08	8.61e-06	1.89e-04	1.45e-03	4.07e-03	7.03e-03	8.94e-03	1.13e-02	1.14e-02	1.19e-02	1.75e-02	2.50e-01	3.65e-01	2.53e-01	5.21e-02	5.53e-03	4.62e-04	3.61e-05	2.82e-06	7.76e-07	0.00e+00	0.00e+00
 2.85680e+22	1.03e-31	1.01e-19	1.03e-15	1.94e-12	6.64e-10	1.13e-07	1.04e-05	2.27e-04	1.72e-03	4.75e-03	8.06e-03	1.01e-02	1.25e-02	1.24e-02	1.27e-02	1.83e-02	2.55e-01	3.64e-01	2.46e-01	4.94e-02	5.11e-03	4.19e-04	3.22e-05	2.47e-06	6.71e-07	0.00e+00	0.00e+00
 2.86987e+22	1.47e-31	1.38e-19	1.35e-15	2.50e-12	8.41e-10	1.43e-07	1.32e-05	2.89e-04	2.14e-03	5.84e-03	9.66e-03	1.17e-02	1.42e-02	1.37e-02	1.37e-02	1.94e-02	2.62e-01	3.61e-01	2.36e-01	4.58e-02	4.58e-03	3.66e-04	2.75e-05	2.06e-06	5.50e-07	0.00e+00	0.00e+00
 2.88317e+22	8.59e-32	1.75e-19	1.69e-15	3.06e-12	1.02e-09	1.71e-07	1.59e-05	3.48e-04	2.54e-03	6.82e-03	1.11e-02	1.32e-02	1.56e-02	1.48e-02	1.45e-02	2.03e-02	2.66e-01	3.58e-01	2.29e-01	4.32e-02	4.21e-03	3.29e-04	2.43e-05	1.80e-06	4.72e-07	0.00e+00	0.00e+00
 2.89681e+22	1.23e-31	2.38e-19	2.23e-15	3.94e-12	1.29e-09	2.17e-07	2.02e-05	4.43e-04	3.18e-03	8.37e-03	1.33e-02	1.54e-02	1.77e-02	1.64e-02	1.57e-02	2.15e-02	2.72e-01	3.53e-01	2.19e-01	3.99e-02	3.75e-03	2.85e-04	2.06e-05	1.49e-06	3.84e-07	0.00e+00	0.00e+00
 2.91069e+22	1.63e-31	3.03e-19	2.78e-15	4.83e-12	1.56e-09	2.61e-07	2.44e-05	5.34e-04	3.77e-03	9.78e-03	1.52e-02	1.73e-02	1.95e-02	1.77e-02	1.66e-02	2.23e-02	2.76e-01	3.49e-01	2.11e-01	3.75e-02	3.42e-03	2.55e-04	1.81e-05	1.29e-06	3.28e-07	0.00e+00	0.00e+00
 2.92489e+22	2.33e-31	4.12e-19	3.67e-15	6.24e-12	1.99e-09	3.30e-07	3.11e-05	6.80e-04	4.70e-03	1.20e-02	1.82e-02	2.01e-02	2.20e-02	1.94e-02	1.78e-02	2.35e-02	2.81e-01	3.43e-01	2.00e-01	3.43e-02	3.03e-03	2.20e-04	1.53e-05	1.06e-06	2.64e-07	0.00e+00	0.00e+00
 2.93878e+22	3.02e-31	5.16e-19	4.51e-15	7.54e-12	2.37e-09	3.92e-07	3.69e-05	8.04e-04	5.47e-03	1.37e-02	2.05e-02	2.22e-02	2.39e-02	2.07e-02	1.86e-02	2.43e-02	2.83e-01	3.38e-01	1.93e-01	3.23e-02	2.78e-03	1.98e-04	1.36e-05	9.31e-07	2.29e-07	0.00e+00	0.00e+00
 2.95224e+22	4.19e-31	6.82e-19	5.80e-15	9.51e-12	2.95e-09	4.86e-07	4.62e-05	1.01e-03	6.71e-03	1.65e-02	2.41e-02	2.55e-02	2.67e-02	2.26e-02	1.98e-02	2.54e-02	2.86e-01	3.30e-01	1.83e-01	2.95e-02	2.46e-03	1.71e-04	1.14e-05	7.69e-07	1.85e-07	0.00e+00	0.00e+00
 2.96591e+22	5.44e-31	8.54e-19	7.13e-15	1.15e-11	3.52e-09	5.77e-07	5.48e-05	1.19e-03	7.79e-03	1.89e-02	2.70e-02	2.81e-02	2.88e-02	2.40e-02	2.07e-02	2.61e-02	2.88e-01	3.24e-01	1.75e-01	2.77e-02	2.25e-03	1.54e-04	1.01e-05	6.70e-07	1.59e-07	0.00e+00	0.00e+00
 2.97985e+22	7.54e-31	1.13e-18	9.20e-15	1.45e-11	4.39e-09	7.15e-07	6.83e-05	1.48e-03	9.49e-03	2.26e-02	3.15e-02	3.19e-02	3.19e-02	2.59e-02	2.18e-02	2.71e-02	2.89e-01	3.15e-01	1.65e-01	2.52e-02	1.98e-03	1.32e-04	8.50e-06	5.52e-07	1.29e-07	0.00e+00	0.00e+00
 2.99421e+22	9.85e-31	1.43e-18	1.14e-14	1.76e-11	5.27e-09	8.53e-07	8.17e-05	1.76e-03	1.11e-02	2.61e-02	3.56e-02	3.53e-02	3.45e-02	2.75e-02	2.28e-02	2.78e-02	2.89e-01	3.07e-01	1.56e-01	2.33e-02	1.78e-03	1.16e-04	7.37e-06	4.71e-07	0.00e+00	0.00e+00	0.00e+00
 3.00914e+22	1.38e-30	1.91e-18	1.48e-14	2.25e-11	6.61e-09	1.06e-06	1.02e-04	2.18e-03	1.35e-02	3.10e-02	4.13e-02	3.99e-02	3.80e-02	2.95e-02	2.38e-02	2.87e-02	2.88e-01	2.95e-01	1.46e-01	2.10e-02	1.56e-03	9.90e-05	6.14e-06	3.84e-07	0.00e+00	0.00e+00	0.00e+00
 3.02454e+22	1.83e-30	2.43e-18	1.84e-14	2.75e-11	7.99e-09	1.28e-06	1.23e-04	2.62e-03	1.59e-02	3.58e-02	4.67e-02	4.40e-02	4.10e-02	3.12e-02	2.47e-02	2.93e-02	2.86e-01	2.85e-01	1.37e-01	1.91e-02	1.38e-03	8.61e-05	5.24e-06	3.22e-07	0.00e+00	0.00e+00	0.00e+00
 3.04057e+22	2.59e-30	3.28e-18	2.42e-14	3.54e-11	1.01e-08	1.60e-06	1.54e-04	3.26e-03	1.93e-02	4.25e-02	5.40e-02	4.95e-02	4.48e-02	3.32e-02	2.57e-02	2.98e-02	2.82e-01	2.71e-01	1.26e-01	1.70e-02	1.19e-03	7.20e-05	4.29e-06	2.58e-07	0.00e+00	0.00e+00	0.00e+00
 3.05703e+22	3.45e-30	4.19e-18	3.03e-14	4.34e-11	1.22e-08	1.93e-06	1.86e-04	3.90e-03	2.26e-02	4.89e-02	6.07e-02	5.43e-02	4.81e-02	3.49e-02	2.64e-02	3.02e-02	2.78e-01	2.59e-01	1.17e-01	1.53e-02	1.04e-03	6.17e-05	3.61e-06	2.13e-07	0.00e+00	0.00e+00	0.00e+00
 3.07403e+22	4.92e-30	5.69e-18	3.99e-14	5.60e-11	1.55e-08	2.42e-06	2.33e-04	4.84e-03	2.73e-02	5.78e-02	6.97e-02	6.06e-02	5.20e-02	3.68e-02	2.72e-02	3.05e-02	2.70e-01	2.43e-01	1.06e-01	1.34e-02	8.77e-04	5.07e-05	2.89e-06	1.67e-07	0.00e+00	0.00e+00	0.00e+00
 3.09159e+22	6.61e-30	7.32e-18	5.02e-14	6.91e-11	1.89e-08	2.92e-06	2.81e-04	5.79e-03	3.19e-02	6.61e-02	7.79e-02	6.60e-02	5.53e-02	3.82e-02	2.76e-02	3.05e-02	2.62e-01	2.29e-01	9.66e-02	1.18e-02	7.54e-04	4.26e-05	2.39e-06	1.36e-07	0.00e+00	0.00e+00	0.00e+00
 3.10985e+22	9.51e-30	1.00e-17	6.66e-14	8.95e-11	2.40e-08	3.67e-06	3.52e-04	7.17e-03	3.84e-02	7.76e-02	8.86e-02	7.28e-02	5.92e-02	3.97e-02	2.80e-02	3.03e-02	2.51e-01	2.10e-01	8.56e-02	1.01e-02	6.21e-04	3.41e-05	1.87e-06	1.04e-07	0.00e+00	0.00e+00	0.00e+00
 3.12869e+22	1.28e-29	1.29e-17	8.40e-14	1.11e-10	2.92e-08	4.43e-06	4.24e-04	8.54e-03	4.46e-02	8.82e-02	9.81e-02	7.85e-02	6.22e-02	4.08e-02	2.81e-02	2.98e-02	2.40e-01	1.95e-01	7.67e-02	8.75e-03	5.22e-04	2.81e-05	1.50e-06	0.00e+00	0.00e+00	0.00e+00	0.00e+00
 3.14569e+22	1.71e-29	1.65e-17	1.05e-13	1.35e-10	3.52e-08	5.28e-06	5.05e-04	1.01e-02	5.13e-02	9.92e-02	1.08e-01	8.39e-02	6.48e-02	4.15e-02	2.80e-02	2.92e-02	2.28e-01	1.79e-01	6.85e-02	7.57e-03	4.39e-04	2.30e-05	1.21e-06	0.00e+00	0.00e+00	0.00e+00	0.00e+00
 3.16523e+22	2.46e-29	2.24e-17	1.38e-13	1.74e-10	4.44e-08	6.57e-06	6.25e-04	1.23e-02	6.07e-02	1.14e-01	1.20e-01	9.03e-02	6.76e-02	4.20e-02	2.75e-02	2.82e-02	2.12e-01	1.60e-01	5.87e-02	6.23e-03	3.48e-04	1.78e-05	9.09e-07	0.00e+00	0.00e+00	0.00e+00	0.00e+00
 3.18514e+22	3.28e-29	2.85e-17	1.72e-13	2.11e-10	5.32e-08	7.80e-06	7.39e-04	1.43e-02	6.91e-02	1.27e-01	1.30e-01	9.52e-02	6.94e-02	4.21e-02	2.70e-02	2.72e-02	1.98e-01	1.44e-01	5.12e-02	5.26e-03	2.85e-04	1.42e-05	7.12e-07	0.00e+00	0.00e+00	0.00e+00	0.00e+00
 3.20555e+22	4.66e-29	3.84e-17	2.24e-13	2.69e-10	6.63e-08	9.59e-06	9.04e-04	1.72e-02	8.05e-02	1.43e-01	1.42e-01	1.01e-01	7.10e-02	4.17e-02	2.60e-02	2.56e-02	1.79e-01	1.25e-01	4.26e-02	4.20e-03	2.20e-04	1.06e-05	5.19e-07	0.00e+00	0.00e+00	0.00e+00	0.00e+00
 3.22623e+22	6.14e-29	4.83e-17	2.75e-13	3.23e-10	7.86e-08	1.12e-05	1.06e-03	1.99e-02	9.04e-02	1.57e-01	1.51e-01	1.04e-01	7.16e-02	4.11e-02	2.50e-02	2.42e-02	1.64e-01	1.10e-01	3.64e-02	3.47e-03	1.76e-04	8.30e-06	3.97e-07	0.00e+00	0.00e+00	0.00e+00	0.00e+00
 3.24726e+22	8.60e-29	6.39e-17	3.52e-13	4.04e-10	9.64e-08	1.36e-05	1.27e-03	2.36e-02	1.03e-01	1.74e-01	1.62e-01	1.08e-01	7.15e-02	3.98e-02	2.35e-02	2.23e-02	1.45e-01	9.33e-02	2.95e-02	2.69e-03	1.31e-04	6.00e-06	2.79e-07	0.00e+00	0.00e+00	0.00e+00	0.00e+00
 3.26852e+22	1.11e-28	7.92e-17	4.26e-13	4.78e-10	1.13e-07	1.57e-05	1.47e-03	2.68e-02	1.14e-01	1.88e-01	1.70e-01	1.10e-01	7.08e-02	3.84e-02	2.22e-02	2.07e-02	1.30e-01	8.08e-02	2.47e-02	2.17e-03	1.03e-04	4.59e-06	2.09e-07	0.00e+00	0.00e+00	0.00e+00	0.00e+00
 3.29005e+22	1.53e-28	1.03e-16	5.34e-13	5.85e-10	1.35e-07	1.87e-05	1.74e-03	3.13e-02	1.29e-01	2.05e-01	1.78e-01	1.11e-01	6.92e-02	3.63e-02	2.03e-02	1.87e-02	1.12e-01	6.63e-02	1.93e-02	1.63e-03	7.40e-05	3.20e-06	1.42e-07	0.00e+00	0.00e+00	0.00e+00	0.00e+00
 3.31169e+22	1.94e-28	1.25e-16	6.35e-13	6.83e-10	1.56e-07	2.13e-05	1.98e-03	3.50e-02	1.40e-01	2.17e-01	1.84e-01	1.11e-01	6.74e-02	3.45e-02	1.89e-02	1.71e-02	9.89e-02	5.66e-02	1.59e-02	1.30e-03	5.71e-05	2.42e-06	0.00e+00	0.00e+00	0.00e+00	0.00e+00	0.00e+00
 3.32967e+22	2.39e-28	1.48e-16	7.36e-13	7.78e-10	1.76e-07	2.38e-05	2.20e-03	3.85e-02	1.50e-01	2.28e-01	1.88e-01	1.11e-01	6.55e-02	3.27e-02	1.76e-02	1.57e-02	8.80e-02	4.87e-02	1.33e-02	1.05e-03	4.49e-05	1.86e-06	0.00e+00	0.00e+00	0.00e+00	0.00e+00	0.00e+00
 3.34924e+22	3.07e-28	1.82e-16	8.76e-13	9.08e-10	2.03e-07	2.73e-05	2.52e-03	4.34e-02	1.63e-01	2.41e-01	1.92e-01	1.09e-01	6.25e-02	3.03e-02	1.59e-02	1.39e-02	7.49e-02	3.97e-02	1.04e-02	7.84e-04	3.24e-05	1.30e-06	0.00e+00	0.00e+00	0.00e+00	0.00e+00	0.00e+00
 3.36873e+22	3.71e-28	2.13e-16	1.00e-12	1.02e-09	2.26e-07	3.02e-05	2.78e-03	4.72e-02	1.73e-01	2.50e-01	1.94e-01	1.08e-01	6.00e-02	2.85e-02	1.46e-02	1.26e-02	6.61e-02	3.39e-02	8.59e-03	6.29e-04	2.53e-05	9.93e-07	0.00e+00	0.00e+00	0.00e+00	0.00e+00	0.00e+00
 3.38813e+22	4.67e-28	2.55e-16	1.17e-12	1.17e-09	2.57e-07	3.41e-05	3.14e-03	5.25e-02	1.86e-01	2.61e-01	1.96e-01	1.05e-01	5.65e-02	2.60e-02	1.30e-02	1.11e-02	5.56e-02	2.72e-02	6.63e-03	4.65e-04	1.80e-05	6.87e-07	0.00e+00	0.00e+00	0.00e+00	0.00e+00	0.00e+00
 3.40777e+22	5.59e-28	2.96e-16	1.33e-12	1.31e-09	2.85e-07	3.75e-05	3.45e-03	5.69e-02	1.96e-01	2.69e-01	1.96e-01	1.02e-01	5.37e-02	2.42e-02	1.18e-02	9.97e-03	4.84e-02	2.29e-02	5.40e-03	3.66e-04	1.38e-05	5.14e-07	0.00e+00	0.00e+00	0.00e+00	0.00e+00	0.00e+00
 3.42773e+22	6.92e-28	3.52e-16	1.54e-12	1.49e-09	3.21e-07	4.21e-05	3.87e-03	6.29e-02	2.09e-01	2.78e-01	1.96e-01	9.80e-02	4.98e-02	2.18e-02	1.04e-02	8.62e-03	4.00e-02	1.81e-02	4.07e-03	2.64e-04	9.57e-06	3.46e-07	0.00e+00	0.00e+00	0.00e+00	0.00e+00	0.00e+00
 3.44792e+22	8.21e-28	4.06e-16	1.74e-12	1.66e-09	3.55e-07	4.62e-05	4.24e-03	6.78e-02	2.19e-01	2.84e-01	1.94e-01	9.46e-02	4.68e-02	2.00e-02	9.32e-03	7.66e-03	3.43e-02	1.50e-02	3.26e-03	2.04e-04	7.20e-06	2.54e-07	0.00e+00	0.00e+00	0.00e+00	0.00e+00	0.00e+00
 3.46842e+22	1.00e-27	4.80e-16	2.00e-12	1.88e-09	4.00e-07	5.17e-05	4.74e-03	7.45e-02	2.31e-01	2.91e-01	1.92e-01	8.98e-02	4.29e-02	1.77e-02	8.05e-03	6.54e-03	2.80e-02	1.16e-02	2.42e-03	1.45e-04	4.90e-06	1.68e-07	0.00e+00	0.00e+00	0.00e+00	0.00e+00	0.00e+00
 3.48933e+22	1.18e-27	5.47e-16	2.23e-12	2.07e-09	4.39e-07	5.65e-05	5.18e-03	8.02e-02	2.41e-01	2.95e-01	1.89e-01	8.57e-02	3.98e-02	1.60e-02	7.13e-03	5.74e-03	2.36e-02	9.44e-03	1.89e-03	1.09e-04	3.58e-06	1.20e-07	0.00e+00	0.00e+00	0.00e+00	0.00e+00	0.00e+00
 3.51076e+22	1.43e-27	6.42e-16	2.55e-12	2.34e-09	4.95e-07	6.34e-05	5.80e-03	8.80e-02	2.53e-01	3.00e-01	1.84e-01	8.03e-02	3.59e-02	1.40e-02	6.05e-03	4.81e-03	1.88e-02	7.15e-03	1.37e-03	7.50e-05	2.36e-06	0.00e+00	0.00e+00	0.00e+00	0.00e+00	0.00e+00	0.00e+00
 3.53258e+22	1.66e-27	7.30e-16	2.84e-12	2.58e-09	5.45e-07	6.94e-05	6.34e-03	9.45e-02	2.63e-01	3.03e-01	1.80e-01	7.59e-02	3.29e-02	1.25e-02	5.28e-03	4.17e-03	1.57e-02	5.71e-03	1.05e-03	5.54e-05	1.69e-06	0.00e+00	0.00e+00	0.00e+00	0.00e+00	0.00e+00	0.00e+00
 3.55492e+22	1.99e-27	8.54e-16	3.23e-12	2.91e-09	6.17e-07	7.80e-05	7.10e-03	1.03e-01	2.75e-01	3.06e-01	1.74e-01	7.01e-02	2.92e-02	1.07e-02	4.40e-03	3.44e-03	1.22e-02	4.22e-03	7.38e-04	3.69e-05	1.08e-06	0.00e+00	0.00e+00	0.00e+00	0.00e+00	0.00e+00	0.00e+00
 3.57750e+22	2.29e-27	9.65e-16	3.59e-12	3.21e-09	6.81e-07	8.57e-05	7.75e-03	1.11e-01	2.84e-01	3.07e-01	1.69e-01	6.56e-02	2.65e-02	9.43e-03	3.80e-03	2.95e-03	1.01e-02	3.32e-03	5.58e-04	2.68e-05	7.58e-07	0.00e+00	0.00e+00	0.00e+00	0.00e+00	0.00e+00	0.00e+00
 3.59659e+22	2.58e-27	1.08e-15	3.93e-12	3.51e-09	7.46e-07	9.34e-05	8.40e-03	1.18e-01	2.91e-01	3.07e-01	1.64e-01	6.16e-02	2.42e-02	8.38e-03	3.30e-03	2.55e-03	8.36e-03	2.66e-03	4.29e-04	1.98e-05	5.44e-07	0.00e+00	0.00e+00	0.00e+00	0.00e+00	0.00e+00	0.00e+00
 3.61740e+22	2.99e-27	1.23e-15	4.41e-12	3.92e-09	8.39e-07	1.04e-04	9.31e-03	1.28e-01	3.01e-01	3.06e-01	1.57e-01	5.65e-02	2.14e-02	7.17e-03	2.75e-03	2.12e-03	6.58e-03	1.98e-03	3.06e-04	1.34e-05	3.55e-07	0.00e+00	0.00e+00	0.00e+00	0.00e+00	0.00e+00	0.00e+00
 3.63826e+22	3.35e-27	1.37e-15	4.83e-12	4.29e-09	9.23e-07	1.14e-04	1.01e-02	1.36e-01	3.08e-01	3.05e-01	1.51e-01	5.27e-02	1.93e-02	6.32e-03	2.38e-03	1.82e-03	5.43e-03	1.57e-03	2.34e-04	9.87e-06	2.53e-07	0.00e+00	0.00e+00	0.00e+00	0.00e+00	0.00e+00	0.00e+00
 3.65866e+22	3.80e-27	1.55e-15	5.38e-12	4.79e-09	1.04e-06	1.27e-04	1.11e-02	1.46e-01	3.16e-01	3.03e-01	1.44e-01	4.82e-02	1.70e-02	5.40e-03	1.99e-03	1.51e-03	4.29e-03	1.18e-03	1.67e-04	6.74e-06	1.66e-07	0.00e+00	0.00e+00	0.00e+00	0.00e+00	0.00e+00	0.00e+00
 3.67946e+22	4.24e-27	1.73e-15	5.92e-12	5.28e-09	1.15e-06	1.40e-04	1.21e-02	1.55e-01	3.23e-01	3.00e-01	1.38e-01	4.46e-02	1.53e-02	4.71e-03	1.70e-03	1.29e-03	3.49e-03	9.21e-04	1.26e-04	4.85e-06	1.16e-07	0.00e+00	0.00e+00	0.00e+00	0.00e+00	0.00e+00	0.00e+00
 3.69986e+22	4.72e-27	1.95e-15	6.58e-12	5.90e-09	1.30e-06	1.56e-04	1.32e-02	1.66e-01	3.29e-01	2.96e-01	1.31e-01	4.06e-02	1.34e-02	4.02e-03	1.41e-03	1.07e-03	2.76e-03	6.94e-04	9.04e-05	3.33e-06	0.00e+00	0.00e+00	0.00e+00	0.00e+00	0.00e+00	0.00e+00	0.00e+00
 3.72069e+22	5.22e-27	2.18e-15	7.28e-12	6.56e-09	1.46e-06	1.72e-04	1.44e-02	1.76e-01	3.35e-01	2.92e-01	1.24e-01	3.72e-02	1.19e-02	3.46e-03	1.19e-03	8.99e-04	2.21e-03	5.32e-04	6.65e-05	2.35e-06	0.00e+00	0.00e+00	0.00e+00	0.00e+00	0.00e+00	0.00e+00	0.00e+00
 3.74119e+22	5.77e-27	2.46e-15	8.09e-12	7.35e-09	1.65e-06	1.92e-04	1.57e-02	1.87e-01	3.40e-01	2.87e-01	1.18e-01	3.38e-02	1.05e-02	2.95e-03	9.96e-04	7.48e-04	1.76e-03	4.03e-04	4.82e-05	1.63e-06	0.00e+00	0.00e+00	0.00e+00	0.00e+00	0.00e+00	0.00e+00	0.00e+00
 3.76187e+22	6.36e-27	2.75e-15	9.00e-12	8.25e-09	1.87e-06	2.13e-04	1.71e-02	1.99e-01	3.45e-01	2.82e-01	1.11e-01	3.08e-02	9.19e-03	2.52e-03	8.34e-04	6.24e-04	1.40e-03	3.06e-04	3.51e-05	1.13e-06	0.00e+00	0.00e+00	0.00e+00	0.00e+00	0.00e+00	0.00e+00	0.00e+00
 3.78229e+22	7.01e-27	3.09e-15	1.00e-11	9.28e-09	2.12e-06	2.38e-04	1.87e-02	2.11e-01	3.49e-01	2.76e-01	1.05e-01	2.79e-02	8.07e-03	2.15e-03	6.97e-04	5.20e-04	1.11e-03	2.32e-04	2.55e-05	7.89e-07	0.00e+00	0.00e+00	0.00e+00	0.00e+00	0.00e+00	0.00e+00	0.00e+00
 3.80267e+22	7.73e-27	3.47e-15	1.12e-11	1.05e-08	2.41e-06	2.65e-04	2.03e-02	2.23e-01	3.52e-01	2.70e-01	9.87e-02	2.53e-02	7.07e-03	1.84e-03	5.82e-04	4.33e-04	8.82e-04	1.76e-04	1.86e-05	5.50e-07	0.00e+00	0.00e+00	0.00e+00	0.00e+00	0.00e+00	0.00e+00	0.00e+00
 3.82307e+22	8.54e-27	3.91e-15	1.26e-11	1.19e-08	2.74e-06	2.95e-04	2.20e-02	2.35e-01	3.54e-01	2.63e-01	9.26e-02	2.29e-02	6.18e-03	1.56e-03	4.86e-04	3.59e-04	6.98e-04	1.33e-04	1.35e-05	3.82e-07	0.00e+00	0.00e+00	0.00e+00	0.00e+00	0.00e+00	0.00e+00	0.00e+00
 3.84354e+22	9.47e-27	4.42e-15	1.41e-11	1.35e-08	3.13e-06	3.29e-04	2.39e-02	2.48e-01	3.56e-01	2.56e-01	8.67e-02	2.06e-02	5.40e-03	1.33e-03	4.05e-04	2.98e-04	5.53e-04	1.01e-04	9.79e-06	2.65e-07	0.00e+00	0.00e+00	0.00e+00	0.00e+00	0.00e+00	0.00e+00	0.00e+00
 3.86410e+22	1.05e-26	5.00e-15	1.60e-11	1.54e-08	3.58e-06	3.68e-04	2.59e-02	2.62e-01	3.57e-01	2.49e-01	8.11e-02	1.86e-02	4.70e-03	1.12e-03	3.37e-04	2.46e-04	4.36e-04	7.60e-05	7.08e-06	1.84e-07	0.00e+00	0.00e+00	0.00e+00	0.00e+00	0.00e+00	0.00e+00	0.00e+00
 3.88484e+22	1.18e-26	5.68e-15	1.81e-11	1.77e-08	4.10e-06	4.11e-04	2.81e-02	2.75e-01	3.57e-01	2.41e-01	7.56e-02	1.67e-02	4.09e-03	9.52e-04	2.80e-04	2.03e-04	3.44e-04	5.72e-05	5.11e-06	1.27e-07	0.00e+00	0.00e+00	0.00e+00	0.00e+00	0.00e+00	0.00e+00	0.00e+00
