#depth	Cl	Cl+	Cl+2	Cl+3	Cl+4	Cl+5	Cl+6	Cl+7	Cl+8	Cl+9	Cl+10	Cl+11	Cl+12	Cl+13	Cl+14	Cl+15	Cl+16	Cl+17
 4.62852e+21	7.53e-28	8.77e-15	2.61e-12	1.96e-10	3.34e-09	3.38e-08	3.99e-07	1.54e-04	6.56e-03	8.08e-02	2.45e-01	3.21e-01	2.21e-01	7.18e-02	2.73e-02	2.41e-02	1.99e-03	5.51e-05
 1.02286e+22	2.77e-26	2.22e-13	4.95e-11	2.59e-09	3.15e-08	2.25e-07	1.89e-06	4.94e-04	1.57e-02	1.48e-01	3.32e-01	3.00e-01	1.50e-01	3.54e-02	1.06e-02	6.98e-03	3.91e-04	7.36e-06
 1.16859e+22	1.44e-25	9.83e-13	1.91e-10	8.50e-09	8.88e-08	5.42e-07	3.90e-06	8.46e-04	2.31e-02	1.88e-01	3.63e-01	2.73e-01	1.17e-01	2.37e-02	6.36e-03	3.64e-03	1.69e-04	2.63e-06
 1.24145e+22	3.26e-25	2.08e-12	3.76e-10	1.53e-08	1.49e-07	8.41e-07	5.61e-06	1.10e-03	2.78e-02	2.11e-01	3.76e-01	2.57e-01	1.02e-01	1.90e-02	4.84e-03	2.57e-03	1.08e-04	1.53e-06
 1.27281e+22	4.12e-25	2.59e-12	4.58e-10	1.82e-08	1.73e-07	9.56e-07	6.24e-06	1.19e-03	2.93e-02	2.18e-01	3.79e-01	2.51e-01	9.72e-02	1.78e-02	4.46e-03	2.32e-03	9.45e-05	1.30e-06
 1.28907e+22	5.59e-25	3.44e-12	5.91e-10	2.27e-08	2.10e-07	1.13e-06	7.18e-06	1.32e-03	3.14e-02	2.27e-01	3.82e-01	2.44e-01	9.16e-02	1.62e-02	4.00e-03	2.02e-03	7.92e-05	1.05e-06
 1.30684e+22	9.27e-25	4.49e-12	7.51e-10	2.80e-08	2.53e-07	1.32e-06	8.18e-06	1.45e-03	3.35e-02	2.35e-01	3.86e-01	2.37e-01	8.65e-02	1.49e-02	3.61e-03	1.77e-03	6.69e-05	8.56e-07
 1.32656e+22	1.32e-24	6.29e-12	1.01e-09	3.64e-08	3.19e-07	1.61e-06	9.66e-06	1.63e-03	3.64e-02	2.47e-01	3.89e-01	2.28e-01	8.02e-02	1.33e-02	3.16e-03	1.49e-03	5.39e-05	6.58e-07
 1.34656e+22	1.77e-24	8.36e-12	1.30e-09	4.53e-08	3.88e-07	1.91e-06	1.11e-05	1.80e-03	3.89e-02	2.56e-01	3.91e-01	2.20e-01	7.51e-02	1.21e-02	2.81e-03	1.29e-03	4.47e-05	5.25e-07
 1.36403e+22	2.33e-24	1.09e-11	1.65e-09	5.57e-08	4.66e-07	2.24e-06	1.27e-05	1.99e-03	4.15e-02	2.66e-01	3.93e-01	2.13e-01	7.04e-02	1.10e-02	2.52e-03	1.12e-03	3.74e-05	4.22e-07
 1.38386e+22	3.30e-24	1.55e-11	2.25e-09	7.29e-08	5.94e-07	2.76e-06	1.52e-05	2.25e-03	4.52e-02	2.78e-01	3.94e-01	2.03e-01	6.45e-02	9.70e-03	2.17e-03	9.26e-04	2.94e-05	3.16e-07
 1.40397e+22	4.33e-24	2.03e-11	2.86e-09	9.01e-08	7.19e-07	3.26e-06	1.75e-05	2.49e-03	4.83e-02	2.88e-01	3.95e-01	1.95e-01	6.00e-02	8.74e-03	1.93e-03	7.95e-04	2.42e-05	2.50e-07
 1.42419e+22	6.05e-24	2.87e-11	3.88e-09	1.18e-07	9.18e-07	4.04e-06	2.11e-05	2.83e-03	5.26e-02	3.01e-01	3.95e-01	1.84e-01	5.45e-02	7.63e-03	1.65e-03	6.50e-04	1.88e-05	1.84e-07
 1.44336e+22	7.57e-24	3.63e-11	4.77e-09	1.42e-07	1.09e-06	4.68e-06	2.39e-05	3.10e-03	5.57e-02	3.11e-01	3.94e-01	1.77e-01	5.09e-02	6.93e-03	1.47e-03	5.65e-04	1.57e-05	1.49e-07
 1.46142e+22	1.01e-23	4.93e-11	6.24e-09	1.80e-07	1.35e-06	5.70e-06	2.84e-05	3.49e-03	6.02e-02	3.23e-01	3.92e-01	1.67e-01	4.63e-02	6.07e-03	1.27e-03	4.67e-04	1.24e-05	0.00e+00
 1.47982e+22	1.25e-23	6.26e-11	7.69e-09	2.17e-07	1.61e-06	6.66e-06	3.25e-05	3.84e-03	6.40e-02	3.33e-01	3.90e-01	1.59e-01	4.28e-02	5.45e-03	1.12e-03	4.00e-04	1.02e-05	0.00e+00
 1.49780e+22	1.60e-23	8.29e-11	9.83e-09	2.72e-07	1.99e-06	8.04e-06	3.84e-05	4.31e-03	6.89e-02	3.45e-01	3.87e-01	1.50e-01	3.89e-02	4.77e-03	9.67e-04	3.31e-04	8.01e-06	0.00e+00
 1.51619e+22	1.97e-23	1.05e-10	1.21e-08	3.30e-07	2.39e-06	9.48e-06	4.45e-05	4.77e-03	7.35e-02	3.55e-01	3.83e-01	1.42e-01	3.56e-02	4.23e-03	8.46e-04	2.79e-04	6.47e-06	0.00e+00
 1.53384e+22	2.41e-23	1.35e-10	1.51e-08	4.02e-07	2.90e-06	1.13e-05	5.20e-05	5.32e-03	7.86e-02	3.66e-01	3.79e-01	1.34e-01	3.24e-02	3.72e-03	7.33e-04	2.32e-04	5.15e-06	0.00e+00
 1.55170e+22	2.90e-23	1.69e-10	1.85e-08	4.87e-07	3.49e-06	1.33e-05	6.06e-05	5.91e-03	8.39e-02	3.77e-01	3.74e-01	1.26e-01	2.94e-02	3.27e-03	6.36e-04	1.94e-04	4.11e-06	0.00e+00
 1.56917e+22	3.45e-23	2.11e-10	2.24e-08	5.86e-07	4.17e-06	1.57e-05	7.04e-05	6.55e-03	8.94e-02	3.87e-01	3.68e-01	1.18e-01	2.67e-02	2.88e-03	5.51e-04	1.62e-04	3.28e-06	0.00e+00
 1.58636e+22	4.04e-23	2.59e-10	2.70e-08	7.01e-07	4.97e-06	1.85e-05	8.17e-05	7.25e-03	9.52e-02	3.97e-01	3.62e-01	1.11e-01	2.43e-02	2.53e-03	4.78e-04	1.35e-04	2.63e-06	0.00e+00
 1.60337e+22	4.69e-23	3.15e-10	3.22e-08	8.33e-07	5.91e-06	2.17e-05	9.47e-05	8.02e-03	1.01e-01	4.07e-01	3.56e-01	1.04e-01	2.20e-02	2.22e-03	4.15e-04	1.13e-04	2.10e-06	0.00e+00
 1.62029e+22	5.37e-23	3.79e-10	3.82e-08	9.86e-07	6.99e-06	2.54e-05	1.10e-04	8.87e-03	1.07e-01	4.16e-01	3.49e-01	9.69e-02	1.99e-02	1.95e-03	3.59e-04	9.43e-05	1.68e-06	0.00e+00
 1.63716e+22	6.14e-23	4.53e-10	4.50e-08	1.16e-06	8.25e-06	2.96e-05	1.27e-04	9.79e-03	1.14e-01	4.24e-01	3.41e-01	9.05e-02	1.80e-02	1.71e-03	3.11e-04	7.87e-05	1.34e-06	0.00e+00
 1.65410e+22	6.97e-23	5.37e-10	5.29e-08	1.37e-06	9.73e-06	3.45e-05	1.47e-04	1.08e-02	1.21e-01	4.33e-01	3.33e-01	8.43e-02	1.63e-02	1.50e-03	2.69e-04	6.55e-05	1.07e-06	0.00e+00
 1.67118e+22	7.87e-23	6.32e-10	6.18e-08	1.60e-06	1.14e-05	4.03e-05	1.70e-04	1.19e-02	1.28e-01	4.40e-01	3.25e-01	7.84e-02	1.47e-02	1.31e-03	2.32e-04	5.44e-05	8.50e-07	0.00e+00
 1.68841e+22	8.88e-23	7.39e-10	7.21e-08	1.88e-06	1.35e-05	4.69e-05	1.97e-04	1.32e-02	1.35e-01	4.48e-01	3.16e-01	7.28e-02	1.32e-02	1.14e-03	2.00e-04	4.52e-05	6.75e-07	0.00e+00
 1.70589e+22	1.00e-22	8.60e-10	8.39e-08	2.20e-06	1.58e-05	5.46e-05	2.28e-04	1.45e-02	1.43e-01	4.55e-01	3.07e-01	6.74e-02	1.18e-02	9.95e-04	1.71e-04	3.74e-05	5.34e-07	0.00e+00
 1.72369e+22	1.13e-22	9.97e-10	9.74e-08	2.57e-06	1.86e-05	6.36e-05	2.64e-04	1.60e-02	1.52e-01	4.61e-01	2.97e-01	6.23e-02	1.06e-02	8.64e-04	1.47e-04	3.08e-05	4.21e-07	0.00e+00
 1.74158e+22	1.26e-22	1.15e-09	1.13e-07	2.99e-06	2.17e-05	7.38e-05	3.05e-04	1.77e-02	1.60e-01	4.66e-01	2.88e-01	5.76e-02	9.51e-03	7.52e-04	1.26e-04	2.55e-05	3.34e-07	0.00e+00
 1.75987e+22	1.43e-22	1.32e-09	1.31e-07	3.50e-06	2.55e-05	8.60e-05	3.55e-04	1.95e-02	1.69e-01	4.71e-01	2.78e-01	5.29e-02	8.48e-03	6.50e-04	1.07e-04	2.09e-05	2.61e-07	0.00e+00
 1.77830e+22	1.63e-22	1.50e-09	1.51e-07	4.05e-06	2.98e-05	9.95e-05	4.09e-04	2.15e-02	1.78e-01	4.75e-01	2.68e-01	4.88e-02	7.59e-03	5.65e-04	9.20e-05	1.73e-05	2.07e-07	0.00e+00
 1.79723e+22	1.89e-22	1.73e-09	1.76e-07	4.75e-06	3.51e-05	1.16e-04	4.76e-04	2.37e-02	1.88e-01	4.79e-01	2.57e-01	4.46e-02	6.73e-03	4.85e-04	7.78e-05	1.41e-05	1.60e-07	0.00e+00
 1.81499e+22	2.13e-22	1.92e-09	1.98e-07	5.39e-06	3.99e-05	1.31e-04	5.37e-04	2.57e-02	1.96e-01	4.81e-01	2.49e-01	4.16e-02	6.12e-03	4.30e-04	6.82e-05	1.19e-05	1.31e-07	0.00e+00
 1.83309e+22	2.49e-22	2.19e-09	2.31e-07	6.32e-06	4.70e-05	1.54e-04	6.27e-04	2.84e-02	2.06e-01	4.83e-01	2.38e-01	3.78e-02	5.39e-03	3.67e-04	5.73e-05	9.64e-06	0.00e+00	0.00e+00
 1.85138e+22	2.86e-22	2.45e-09	2.61e-07	7.17e-06	5.34e-05	1.73e-04	7.03e-04	3.07e-02	2.14e-01	4.84e-01	2.30e-01	3.52e-02	4.91e-03	3.26e-04	5.03e-05	8.22e-06	0.00e+00	0.00e+00
 1.86993e+22	3.39e-22	2.80e-09	3.05e-07	8.41e-06	6.29e-05	2.02e-04	8.20e-04	3.39e-02	2.25e-01	4.85e-01	2.19e-01	3.19e-02	4.32e-03	2.78e-04	4.22e-05	6.63e-06	0.00e+00	0.00e+00
 1.88894e+22	3.96e-22	3.13e-09	3.48e-07	9.58e-06	7.16e-05	2.28e-04	9.22e-04	3.65e-02	2.34e-01	4.84e-01	2.10e-01	2.96e-02	3.91e-03	2.46e-04	3.67e-05	5.60e-06	0.00e+00	0.00e+00
 1.90854e+22	4.79e-22	3.59e-09	4.09e-07	1.13e-05	8.47e-05	2.66e-04	1.08e-03	4.04e-02	2.46e-01	4.83e-01	1.99e-01	2.66e-02	3.42e-03	2.08e-04	3.06e-05	4.47e-06	0.00e+00	0.00e+00
 1.92842e+22	5.66e-22	4.04e-09	4.68e-07	1.29e-05	9.65e-05	3.00e-04	1.21e-03	4.36e-02	2.54e-01	4.82e-01	1.91e-01	2.46e-02	3.09e-03	1.83e-04	2.66e-05	3.77e-06	0.00e+00	0.00e+00
 1.94866e+22	6.98e-22	4.64e-09	5.55e-07	1.53e-05	1.14e-04	3.52e-04	1.41e-03	4.81e-02	2.66e-01	4.79e-01	1.80e-01	2.21e-02	2.69e-03	1.55e-04	2.20e-05	3.00e-06	0.00e+00	0.00e+00
 1.96907e+22	8.32e-22	5.23e-09	6.36e-07	1.75e-05	1.30e-04	3.96e-04	1.59e-03	5.17e-02	2.75e-01	4.76e-01	1.72e-01	2.03e-02	2.42e-03	1.36e-04	1.91e-05	2.53e-06	0.00e+00	0.00e+00
 1.98970e+22	1.04e-21	6.05e-09	7.57e-07	2.08e-05	1.54e-04	4.62e-04	1.85e-03	5.69e-02	2.87e-01	4.71e-01	1.62e-01	1.82e-02	2.11e-03	1.14e-04	1.58e-05	2.01e-06	0.00e+00	0.00e+00
 2.01057e+22	1.25e-21	6.85e-09	8.73e-07	2.38e-05	1.75e-04	5.20e-04	2.07e-03	6.11e-02	2.96e-01	4.67e-01	1.54e-01	1.67e-02	1.89e-03	1.00e-04	1.37e-05	1.69e-06	0.00e+00	0.00e+00
 2.03176e+22	1.59e-21	7.98e-09	1.05e-06	2.83e-05	2.07e-04	6.06e-04	2.40e-03	6.71e-02	3.08e-01	4.61e-01	1.44e-01	1.49e-02	1.64e-03	8.43e-05	1.13e-05	1.34e-06	0.00e+00	0.00e+00
 2.05329e+22	1.95e-21	9.09e-09	1.21e-06	3.26e-05	2.36e-04	6.83e-04	2.69e-03	7.19e-02	3.17e-01	4.55e-01	1.37e-01	1.37e-02	1.47e-03	7.36e-05	9.71e-06	1.11e-06	0.00e+00	0.00e+00
 2.07527e+22	2.52e-21	1.07e-08	1.47e-06	3.91e-05	2.81e-04	7.97e-04	3.12e-03	7.88e-02	3.29e-01	4.47e-01	1.27e-01	1.21e-02	1.27e-03	6.15e-05	7.96e-06	8.77e-07	0.00e+00	0.00e+00
 2.09767e+22	3.12e-21	1.23e-08	1.72e-06	4.52e-05	3.21e-04	8.99e-04	3.50e-03	8.45e-02	3.38e-01	4.40e-01	1.20e-01	1.10e-02	1.13e-03	5.34e-05	6.81e-06	7.27e-07	0.00e+00	0.00e+00
 2.12062e+22	4.11e-21	1.47e-08	2.10e-06	5.46e-05	3.83e-04	1.05e-03	4.06e-03	9.25e-02	3.49e-01	4.31e-01	1.11e-01	9.72e-03	9.70e-04	4.42e-05	5.54e-06	5.67e-07	0.00e+00	0.00e+00
 2.14407e+22	5.19e-21	1.71e-08	2.48e-06	6.37e-05	4.40e-04	1.19e-03	4.55e-03	9.91e-02	3.58e-01	4.22e-01	1.05e-01	8.79e-03	8.59e-04	3.82e-05	4.71e-06	4.66e-07	0.00e+00	0.00e+00
 2.16384e+22	6.37e-21	1.96e-08	2.87e-06	7.29e-05	4.97e-04	1.32e-03	5.03e-03	1.05e-01	3.65e-01	4.15e-01	9.88e-02	8.04e-03	7.70e-04	3.34e-05	4.07e-06	3.91e-07	0.00e+00	0.00e+00
 2.18519e+22	8.29e-21	2.32e-08	3.47e-06	8.68e-05	5.83e-04	1.53e-03	5.75e-03	1.14e-01	3.75e-01	4.04e-01	9.14e-02	7.12e-03	6.66e-04	2.80e-05	3.35e-06	3.10e-07	0.00e+00	0.00e+00
 2.20663e+22	1.03e-20	2.68e-08	4.04e-06	9.96e-05	6.58e-04	1.69e-03	6.33e-03	1.20e-01	3.81e-01	3.96e-01	8.63e-02	6.52e-03	5.98e-04	2.46e-05	2.90e-06	2.61e-07	0.00e+00	0.00e+00
 2.22819e+22	1.36e-20	3.20e-08	4.90e-06	1.19e-04	7.71e-04	1.94e-03	7.19e-03	1.30e-01	3.90e-01	3.85e-01	7.96e-02	5.77e-03	5.17e-04	2.06e-05	2.39e-06	2.07e-07	0.00e+00	0.00e+00
 2.24955e+22	1.69e-20	3.70e-08	5.69e-06	1.36e-04	8.67e-04	2.15e-03	7.87e-03	1.37e-01	3.95e-01	3.76e-01	7.51e-02	5.28e-03	4.64e-04	1.81e-05	2.08e-06	1.75e-07	0.00e+00	0.00e+00
 2.27067e+22	2.22e-20	4.43e-08	6.89e-06	1.62e-04	1.01e-03	2.45e-03	8.88e-03	1.46e-01	4.02e-01	3.64e-01	6.93e-02	4.68e-03	4.02e-04	1.52e-05	1.72e-06	1.39e-07	0.00e+00	0.00e+00
 2.29205e+22	2.78e-20	5.16e-08	8.04e-06	1.85e-04	1.14e-03	2.72e-03	9.73e-03	1.54e-01	4.07e-01	3.55e-01	6.50e-02	4.26e-03	3.60e-04	1.33e-05	1.48e-06	0.00e+00	0.00e+00	0.00e+00
 2.31376e+22	3.72e-20	6.27e-08	9.80e-06	2.21e-04	1.32e-03	3.09e-03	1.09e-02	1.64e-01	4.13e-01	3.43e-01	5.98e-02	3.77e-03	3.11e-04	1.12e-05	1.22e-06	0.00e+00	0.00e+00	0.00e+00
 2.33591e+22	4.72e-20	7.36e-08	1.15e-05	2.56e-04	1.50e-03	3.44e-03	1.20e-02	1.73e-01	4.17e-01	3.33e-01	5.58e-02	3.41e-03	2.76e-04	9.70e-06	1.05e-06	0.00e+00	0.00e+00	0.00e+00
 2.35861e+22	6.43e-20	9.07e-08	1.42e-05	3.07e-04	1.75e-03	3.93e-03	1.35e-02	1.84e-01	4.22e-01	3.20e-01	5.10e-02	2.99e-03	2.37e-04	8.07e-06	8.56e-07	0.00e+00	0.00e+00	0.00e+00
 2.38163e+22	8.28e-20	1.08e-07	1.68e-05	3.57e-04	1.99e-03	4.36e-03	1.48e-02	1.94e-01	4.25e-01	3.10e-01	4.74e-02	2.70e-03	2.10e-04	6.97e-06	7.29e-07	0.00e+00	0.00e+00	0.00e+00
 2.40506e+22	1.14e-19	1.34e-07	2.08e-05	4.31e-04	2.34e-03	4.99e-03	1.66e-02	2.06e-01	4.28e-01	2.96e-01	4.29e-02	2.35e-03	1.78e-04	5.74e-06	5.89e-07	0.00e+00	0.00e+00	0.00e+00
 2.42870e+22	1.49e-19	1.61e-07	2.47e-05	5.01e-04	2.64e-03	5.53e-03	1.81e-02	2.16e-01	4.30e-01	2.86e-01	3.99e-02	2.12e-03	1.58e-04	4.96e-06	5.02e-07	0.00e+00	0.00e+00	0.00e+00
 2.45263e+22	2.07e-19	2.01e-07	3.08e-05	6.08e-04	3.11e-03	6.34e-03	2.04e-02	2.29e-01	4.31e-01	2.71e-01	3.59e-02	1.83e-03	1.33e-04	4.05e-06	4.03e-07	0.00e+00	0.00e+00	0.00e+00
 2.47694e+22	2.73e-19	2.44e-07	3.68e-05	7.09e-04	3.53e-03	7.03e-03	2.22e-02	2.39e-01	4.32e-01	2.61e-01	3.31e-02	1.64e-03	1.17e-04	3.48e-06	3.41e-07	0.00e+00	0.00e+00	0.00e+00
 2.50175e+22	3.88e-19	3.10e-07	4.62e-05	8.66e-04	4.16e-03	8.06e-03	2.50e-02	2.53e-01	4.31e-01	2.46e-01	2.96e-02	1.41e-03	9.80e-05	2.82e-06	2.71e-07	0.00e+00	0.00e+00	0.00e+00
 2.52706e+22	5.18e-19	3.79e-07	5.57e-05	1.02e-03	4.74e-03	8.95e-03	2.72e-02	2.64e-01	4.30e-01	2.35e-01	2.72e-02	1.25e-03	8.55e-05	2.40e-06	2.27e-07	0.00e+00	0.00e+00	0.00e+00
 2.55303e+22	7.52e-19	4.89e-07	7.06e-05	1.25e-03	5.61e-03	1.03e-02	3.06e-02	2.79e-01	4.27e-01	2.21e-01	2.41e-02	1.07e-03	7.09e-05	1.92e-06	1.79e-07	0.00e+00	0.00e+00	0.00e+00
 2.57921e+22	1.01e-18	6.02e-07	8.52e-05	1.47e-03	6.38e-03	1.14e-02	3.32e-02	2.90e-01	4.24e-01	2.10e-01	2.20e-02	9.44e-04	6.16e-05	1.63e-06	1.49e-07	0.00e+00	0.00e+00	0.00e+00
 2.60567e+22	1.48e-18	7.83e-07	1.08e-04	1.81e-03	7.55e-03	1.31e-02	3.72e-02	3.05e-01	4.19e-01	1.96e-01	1.93e-02	7.99e-04	5.07e-05	1.29e-06	1.16e-07	0.00e+00	0.00e+00	0.00e+00
 2.63091e+22	1.95e-18	9.46e-07	1.29e-04	2.09e-03	8.48e-03	1.44e-02	4.00e-02	3.15e-01	4.15e-01	1.86e-01	1.77e-02	7.11e-04	4.43e-05	1.10e-06	0.00e+00	0.00e+00	0.00e+00	0.00e+00
 2.65456e+22	2.72e-18	1.19e-06	1.58e-04	2.50e-03	9.76e-03	1.61e-02	4.37e-02	3.27e-01	4.09e-01	1.75e-01	1.58e-02	6.17e-04	3.76e-05	9.11e-07	0.00e+00	0.00e+00	0.00e+00	0.00e+00
 2.67984e+22	2.67e-18	1.48e-06	1.92e-04	2.95e-03	1.11e-02	1.78e-02	4.75e-02	3.38e-01	4.03e-01	1.64e-01	1.42e-02	5.37e-04	3.21e-05	7.56e-07	0.00e+00	0.00e+00	0.00e+00	0.00e+00
 2.70162e+22	3.46e-18	1.77e-06	2.25e-04	3.37e-03	1.24e-02	1.94e-02	5.07e-02	3.47e-01	3.97e-01	1.56e-01	1.30e-02	4.81e-04	2.82e-05	6.51e-07	0.00e+00	0.00e+00	0.00e+00	0.00e+00
 2.72434e+22	4.80e-18	2.22e-06	2.75e-04	4.00e-03	1.41e-02	2.15e-02	5.50e-02	3.58e-01	3.89e-01	1.46e-01	1.16e-02	4.16e-04	2.39e-05	5.35e-07	0.00e+00	0.00e+00	0.00e+00	0.00e+00
 2.74765e+22	6.30e-18	2.69e-06	3.25e-04	4.60e-03	1.58e-02	2.35e-02	5.88e-02	3.67e-01	3.82e-01	1.38e-01	1.05e-02	3.68e-04	2.07e-05	4.54e-07	0.00e+00	0.00e+00	0.00e+00	0.00e+00
 2.77172e+22	8.95e-18	3.42e-06	4.01e-04	5.49e-03	1.81e-02	2.62e-02	6.38e-02	3.77e-01	3.72e-01	1.27e-01	9.30e-03	3.14e-04	1.73e-05	3.68e-07	0.00e+00	0.00e+00	0.00e+00	0.00e+00
 2.79616e+22	1.19e-17	4.16e-06	4.76e-04	6.34e-03	2.02e-02	2.85e-02	6.80e-02	3.85e-01	3.64e-01	1.19e-01	8.38e-03	2.76e-04	1.49e-05	3.10e-07	0.00e+00	0.00e+00	0.00e+00	0.00e+00
 2.82108e+22	1.71e-17	5.33e-06	5.89e-04	7.59e-03	2.32e-02	3.17e-02	7.36e-02	3.94e-01	3.52e-01	1.10e-01	7.32e-03	2.34e-04	1.23e-05	2.49e-07	0.00e+00	0.00e+00	0.00e+00	0.00e+00
 2.84634e+22	2.29e-17	6.53e-06	7.01e-04	8.77e-03	2.59e-02	3.45e-02	7.82e-02	4.01e-01	3.42e-01	1.02e-01	6.55e-03	2.04e-04	1.05e-05	2.08e-07	0.00e+00	0.00e+00	0.00e+00	0.00e+00
 2.87205e+22	3.33e-17	8.40e-06	8.70e-04	1.05e-02	2.97e-02	3.83e-02	8.43e-02	4.08e-01	3.29e-01	9.31e-02	5.68e-03	1.72e-04	8.62e-06	1.65e-07	0.00e+00	0.00e+00	0.00e+00	0.00e+00
 2.89836e+22	4.53e-17	1.04e-05	1.04e-03	1.22e-02	3.31e-02	4.17e-02	8.95e-02	4.14e-01	3.17e-01	8.60e-02	5.03e-03	1.48e-04	7.29e-06	1.36e-07	0.00e+00	0.00e+00	0.00e+00	0.00e+00
 2.92545e+22	6.64e-17	1.34e-05	1.30e-03	1.46e-02	3.79e-02	4.62e-02	9.61e-02	4.19e-01	3.03e-01	7.76e-02	4.31e-03	1.23e-04	5.90e-06	0.00e+00	0.00e+00	0.00e+00	0.00e+00	0.00e+00
 2.95321e+22	9.34e-17	1.68e-05	1.56e-03	1.70e-02	4.26e-02	5.04e-02	1.02e-01	4.22e-01	2.89e-01	7.06e-02	3.75e-03	1.04e-04	4.87e-06	0.00e+00	0.00e+00	0.00e+00	0.00e+00	0.00e+00
 2.97767e+22	1.27e-16	2.06e-05	1.86e-03	1.96e-02	4.72e-02	5.44e-02	1.07e-01	4.24e-01	2.77e-01	6.47e-02	3.30e-03	8.96e-05	4.09e-06	0.00e+00	0.00e+00	0.00e+00	0.00e+00	0.00e+00
 3.00527e+22	1.88e-16	2.67e-05	2.31e-03	2.34e-02	5.37e-02	5.98e-02	1.14e-01	4.25e-01	2.61e-01	5.76e-02	2.79e-03	7.35e-05	3.26e-06	0.00e+00	0.00e+00	0.00e+00	0.00e+00	0.00e+00
 3.03375e+22	2.66e-16	3.33e-05	2.78e-03	2.71e-02	5.98e-02	6.47e-02	1.20e-01	4.24e-01	2.47e-01	5.18e-02	2.40e-03	6.15e-05	2.66e-06	0.00e+00	0.00e+00	0.00e+00	0.00e+00	0.00e+00
 3.05929e+22	3.68e-16	4.12e-05	3.31e-03	3.12e-02	6.61e-02	6.95e-02	1.26e-01	4.22e-01	2.33e-01	4.67e-02	2.07e-03	5.18e-05	2.19e-06	0.00e+00	0.00e+00	0.00e+00	0.00e+00	0.00e+00
 3.08840e+22	5.56e-16	5.36e-05	4.12e-03	3.72e-02	7.47e-02	7.58e-02	1.32e-01	4.18e-01	2.16e-01	4.07e-02	1.71e-03	4.16e-05	1.70e-06	0.00e+00	0.00e+00	0.00e+00	0.00e+00	0.00e+00
 3.11792e+22	8.02e-16	6.67e-05	4.93e-03	4.28e-02	8.25e-02	8.13e-02	1.38e-01	4.12e-01	2.01e-01	3.61e-02	1.45e-03	3.43e-05	1.37e-06	0.00e+00	0.00e+00	0.00e+00	0.00e+00	0.00e+00
 3.14383e+22	1.11e-15	8.20e-05	5.83e-03	4.89e-02	9.03e-02	8.65e-02	1.43e-01	4.05e-01	1.88e-01	3.21e-02	1.23e-03	2.85e-05	1.11e-06	0.00e+00	0.00e+00	0.00e+00	0.00e+00	0.00e+00
 3.17340e+22	1.69e-15	1.06e-04	7.17e-03	5.74e-02	1.01e-01	9.31e-02	1.48e-01	3.94e-01	1.71e-01	2.75e-02	1.00e-03	2.25e-05	8.49e-07	0.00e+00	0.00e+00	0.00e+00	0.00e+00	0.00e+00
 3.20361e+22	2.50e-15	1.31e-04	8.53e-03	6.56e-02	1.10e-01	9.87e-02	1.52e-01	3.83e-01	1.57e-01	2.39e-02	8.33e-04	1.83e-05	6.70e-07	0.00e+00	0.00e+00	0.00e+00	0.00e+00	0.00e+00
 3.23044e+22	3.51e-15	1.61e-04	1.00e-02	7.43e-02	1.19e-01	1.04e-01	1.56e-01	3.72e-01	1.44e-01	2.09e-02	6.96e-04	1.49e-05	5.33e-07	0.00e+00	0.00e+00	0.00e+00	0.00e+00	0.00e+00
 3.26111e+22	5.47e-15	2.07e-04	1.22e-02	8.63e-02	1.31e-01	1.10e-01	1.59e-01	3.55e-01	1.28e-01	1.74e-02	5.51e-04	1.15e-05	3.96e-07	0.00e+00	0.00e+00	0.00e+00	0.00e+00	0.00e+00
 3.29243e+22	8.45e-15	2.55e-04	1.44e-02	9.76e-02	1.42e-01	1.15e-01	1.61e-01	3.40e-01	1.15e-01	1.49e-02	4.48e-04	9.11e-06	3.05e-07	0.00e+00	0.00e+00	0.00e+00	0.00e+00	0.00e+00
 3.32025e+22	1.21e-14	3.10e-04	1.68e-02	1.09e-01	1.52e-01	1.20e-01	1.62e-01	3.24e-01	1.03e-01	1.27e-02	3.66e-04	7.28e-06	2.37e-07	0.00e+00	0.00e+00	0.00e+00	0.00e+00	0.00e+00
 3.35206e+22	1.94e-14	3.96e-04	2.03e-02	1.25e-01	1.64e-01	1.25e-01	1.62e-01	3.02e-01	8.97e-02	1.03e-02	2.82e-04	5.44e-06	1.71e-07	0.00e+00	0.00e+00	0.00e+00	0.00e+00	0.00e+00
 3.38361e+22	3.13e-14	4.78e-04	2.35e-02	1.39e-01	1.74e-01	1.29e-01	1.62e-01	2.85e-01	7.96e-02	8.68e-03	2.27e-04	4.28e-06	1.31e-07	0.00e+00	0.00e+00	0.00e+00	0.00e+00	0.00e+00
 3.41051e+22	4.51e-14	5.71e-04	2.69e-02	1.52e-01	1.82e-01	1.31e-01	1.60e-01	2.68e-01	7.07e-02	7.33e-03	1.84e-04	3.39e-06	0.00e+00	0.00e+00	0.00e+00	0.00e+00	0.00e+00	0.00e+00
 3.44116e+22	7.38e-14	7.09e-04	3.17e-02	1.70e-01	1.93e-01	1.34e-01	1.57e-01	2.46e-01	6.04e-02	5.89e-03	1.41e-04	2.52e-06	0.00e+00	0.00e+00	0.00e+00	0.00e+00	0.00e+00	0.00e+00
 3.47239e+22	1.19e-13	8.47e-04	3.62e-02	1.86e-01	2.01e-01	1.36e-01	1.54e-01	2.28e-01	5.27e-02	4.87e-03	1.11e-04	1.95e-06	0.00e+00	0.00e+00	0.00e+00	0.00e+00	0.00e+00	0.00e+00
 3.50015e+22	1.94e-13	1.00e-03	4.10e-02	2.02e-01	2.08e-01	1.37e-01	1.50e-01	2.10e-01	4.58e-02	4.02e-03	8.82e-05	1.51e-06	0.00e+00	0.00e+00	0.00e+00	0.00e+00	0.00e+00	0.00e+00
 3.53201e+22	3.60e-13	1.23e-03	4.77e-02	2.22e-01	2.17e-01	1.37e-01	1.45e-01	1.89e-01	3.81e-02	3.13e-03	6.53e-05	1.09e-06	0.00e+00	0.00e+00	0.00e+00	0.00e+00	0.00e+00	0.00e+00
 3.56331e+22	6.61e-13	1.45e-03	5.35e-02	2.38e-01	2.22e-01	1.37e-01	1.40e-01	1.73e-01	3.28e-02	2.57e-03	5.14e-05	8.39e-07	0.00e+00	0.00e+00	0.00e+00	0.00e+00	0.00e+00	0.00e+00
 3.58984e+22	1.13e-12	1.68e-03	5.95e-02	2.54e-01	2.26e-01	1.36e-01	1.34e-01	1.58e-01	2.83e-02	2.10e-03	4.05e-05	6.48e-07	0.00e+00	0.00e+00	0.00e+00	0.00e+00	0.00e+00	0.00e+00
 3.62030e+22	2.60e-12	2.01e-03	6.76e-02	2.73e-01	2.31e-01	1.34e-01	1.27e-01	1.40e-01	2.34e-02	1.63e-03	3.00e-05	4.68e-07	0.00e+00	0.00e+00	0.00e+00	0.00e+00	0.00e+00	0.00e+00
 3.65139e+22	6.35e-12	2.33e-03	7.50e-02	2.89e-01	2.33e-01	1.32e-01	1.21e-01	1.26e-01	1.98e-02	1.31e-03	2.32e-05	3.54e-07	0.00e+00	0.00e+00	0.00e+00	0.00e+00	0.00e+00	0.00e+00
 3.67618e+22	1.61e-11	2.62e-03	8.11e-02	3.01e-01	2.34e-01	1.30e-01	1.16e-01	1.16e-01	1.73e-02	1.10e-03	1.89e-05	2.83e-07	0.00e+00	0.00e+00	0.00e+00	0.00e+00	0.00e+00	0.00e+00
 3.70127e+22	4.69e-11	3.01e-03	8.92e-02	3.17e-01	2.35e-01	1.27e-01	1.10e-01	1.04e-01	1.46e-02	8.84e-04	1.46e-05	2.13e-07	0.00e+00	0.00e+00	0.00e+00	0.00e+00	0.00e+00	0.00e+00
 3.72682e+22	1.14e-10	3.37e-03	9.63e-02	3.29e-01	2.35e-01	1.24e-01	1.04e-01	9.44e-02	1.26e-02	7.34e-04	1.17e-05	1.69e-07	0.00e+00	0.00e+00	0.00e+00	0.00e+00	0.00e+00	0.00e+00
 3.75295e+22	4.46e-10	3.87e-03	1.05e-01	3.43e-01	2.34e-01	1.21e-01	9.79e-02	8.37e-02	1.05e-02	5.80e-04	8.94e-06	1.26e-07	0.00e+00	0.00e+00	0.00e+00	0.00e+00	0.00e+00	0.00e+00
 3.77937e+22	1.42e-09	4.32e-03	1.13e-01	3.54e-01	2.33e-01	1.17e-01	9.25e-02	7.56e-02	9.02e-03	4.77e-04	7.12e-06	0.00e+00	0.00e+00	0.00e+00	0.00e+00	0.00e+00	0.00e+00	0.00e+00
 3.80265e+22	7.51e-09	4.80e-03	1.22e-01	3.65e-01	2.31e-01	1.14e-01	8.73e-02	6.82e-02	7.74e-03	3.92e-04	5.68e-06	0.00e+00	0.00e+00	0.00e+00	0.00e+00	0.00e+00	0.00e+00	0.00e+00
 3.82940e+22	2.96e-08	5.47e-03	1.32e-01	3.77e-01	2.28e-01	1.09e-01	8.11e-02	5.99e-02	6.37e-03	3.07e-04	4.28e-06	0.00e+00	0.00e+00	0.00e+00	0.00e+00	0.00e+00	0.00e+00	0.00e+00
 3.85667e+22	1.64e-07	6.10e-03	1.42e-01	3.87e-01	2.25e-01	1.06e-01	7.58e-02	5.34e-02	5.38e-03	2.48e-04	3.35e-06	0.00e+00	0.00e+00	0.00e+00	0.00e+00	0.00e+00	0.00e+00	0.00e+00
 3.88073e+22	5.05e-07	6.76e-03	1.51e-01	3.96e-01	2.21e-01	1.02e-01	7.09e-02	4.78e-02	4.57e-03	2.02e-04	2.65e-06	0.00e+00	0.00e+00	0.00e+00	0.00e+00	0.00e+00	0.00e+00	0.00e+00
 3.90811e+22	1.18e-06	7.65e-03	1.63e-01	4.06e-01	2.16e-01	9.68e-02	6.51e-02	4.15e-02	3.71e-03	1.56e-04	1.97e-06	0.00e+00	0.00e+00	0.00e+00	0.00e+00	0.00e+00	0.00e+00	0.00e+00
 3.93617e+22	1.86e-06	8.48e-03	1.73e-01	4.14e-01	2.11e-01	9.26e-02	6.04e-02	3.67e-02	3.11e-03	1.25e-04	1.53e-06	0.00e+00	0.00e+00	0.00e+00	0.00e+00	0.00e+00	0.00e+00	0.00e+00
 3.95666e+22	2.30e-06	9.04e-03	1.80e-01	4.18e-01	2.08e-01	8.99e-02	5.75e-02	3.40e-02	2.78e-03	1.08e-04	1.30e-06	0.00e+00	0.00e+00	0.00e+00	0.00e+00	0.00e+00	0.00e+00	0.00e+00
 3.97483e+22	2.67e-06	9.80e-03	1.89e-01	4.23e-01	2.04e-01	8.66e-02	5.40e-02	3.07e-02	2.40e-03	9.03e-05	1.06e-06	0.00e+00	0.00e+00	0.00e+00	0.00e+00	0.00e+00	0.00e+00	0.00e+00
 3.99845e+22	3.18e-06	1.08e-02	2.01e-01	4.29e-01	1.98e-01	8.24e-02	4.97e-02	2.69e-02	1.99e-03	7.16e-05	8.14e-07	0.00e+00	0.00e+00	0.00e+00	0.00e+00	0.00e+00	0.00e+00	0.00e+00
 4.02508e+22	3.78e-06	1.20e-02	2.13e-01	4.34e-01	1.92e-01	7.81e-02	4.57e-02	2.36e-02	1.65e-03	5.66e-05	6.23e-07	0.00e+00	0.00e+00	0.00e+00	0.00e+00	0.00e+00	0.00e+00	0.00e+00
 4.05561e+22	4.70e-06	1.37e-02	2.29e-01	4.38e-01	1.84e-01	7.27e-02	4.07e-02	1.97e-02	1.28e-03	4.14e-05	4.37e-07	0.00e+00	0.00e+00	0.00e+00	0.00e+00	0.00e+00	0.00e+00	0.00e+00
 4.08583e+22	5.46e-06	1.50e-02	2.42e-01	4.41e-01	1.78e-01	6.87e-02	3.73e-02	1.72e-02	1.05e-03	3.27e-05	3.36e-07	0.00e+00	0.00e+00	0.00e+00	0.00e+00	0.00e+00	0.00e+00	0.00e+00
 4.11567e+22	6.58e-06	1.69e-02	2.58e-01	4.43e-01	1.70e-01	6.38e-02	3.32e-02	1.45e-02	8.23e-04	2.42e-05	2.39e-07	0.00e+00	0.00e+00	0.00e+00	0.00e+00	0.00e+00	0.00e+00	0.00e+00
 4.14651e+22	7.66e-06	1.87e-02	2.72e-01	4.43e-01	1.63e-01	5.97e-02	3.01e-02	1.25e-02	6.66e-04	1.87e-05	1.79e-07	0.00e+00	0.00e+00	0.00e+00	0.00e+00	0.00e+00	0.00e+00	0.00e+00
 4.17865e+22	9.19e-06	2.11e-02	2.90e-01	4.42e-01	1.54e-01	5.48e-02	2.64e-02	1.03e-02	5.09e-04	1.35e-05	1.24e-07	0.00e+00	0.00e+00	0.00e+00	0.00e+00	0.00e+00	0.00e+00	0.00e+00
 4.20753e+22	1.03e-05	2.27e-02	3.02e-01	4.41e-01	1.49e-01	5.19e-02	2.44e-02	9.14e-03	4.32e-04	1.10e-05	0.00e+00	0.00e+00	0.00e+00	0.00e+00	0.00e+00	0.00e+00	0.00e+00	0.00e+00
 4.23214e+22	1.17e-05	2.48e-02	3.16e-01	4.39e-01	1.42e-01	4.85e-02	2.21e-02	7.89e-03	3.52e-04	8.61e-06	0.00e+00	0.00e+00	0.00e+00	0.00e+00	0.00e+00	0.00e+00	0.00e+00	0.00e+00
 4.25752e+22	1.30e-05	2.67e-02	3.27e-01	4.36e-01	1.36e-01	4.58e-02	2.02e-02	6.96e-03	2.96e-04	6.99e-06	0.00e+00	0.00e+00	0.00e+00	0.00e+00	0.00e+00	0.00e+00	0.00e+00	0.00e+00
 4.28388e+22	1.47e-05	2.92e-02	3.42e-01	4.32e-01	1.30e-01	4.25e-02	1.82e-02	5.95e-03	2.38e-04	5.38e-06	0.00e+00	0.00e+00	0.00e+00	0.00e+00	0.00e+00	0.00e+00	0.00e+00	0.00e+00
 4.31077e+22	1.63e-05	3.15e-02	3.55e-01	4.28e-01	1.24e-01	3.99e-02	1.65e-02	5.21e-03	1.98e-04	4.31e-06	0.00e+00	0.00e+00	0.00e+00	0.00e+00	0.00e+00	0.00e+00	0.00e+00	0.00e+00
 4.33834e+22	1.86e-05	3.46e-02	3.71e-01	4.22e-01	1.17e-01	3.67e-02	1.47e-02	4.39e-03	1.56e-04	3.25e-06	0.00e+00	0.00e+00	0.00e+00	0.00e+00	0.00e+00	0.00e+00	0.00e+00	0.00e+00
 4.36581e+22	2.06e-05	3.72e-02	3.83e-01	4.16e-01	1.12e-01	3.43e-02	1.33e-02	3.84e-03	1.30e-04	2.61e-06	0.00e+00	0.00e+00	0.00e+00	0.00e+00	0.00e+00	0.00e+00	0.00e+00	0.00e+00
 4.39317e+22	2.32e-05	4.05e-02	3.99e-01	4.09e-01	1.05e-01	3.16e-02	1.18e-02	3.24e-03	1.03e-04	1.98e-06	0.00e+00	0.00e+00	0.00e+00	0.00e+00	0.00e+00	0.00e+00	0.00e+00	0.00e+00
 4.42126e+22	2.57e-05	4.36e-02	4.12e-01	4.02e-01	9.99e-02	2.94e-02	1.07e-02	2.81e-03	8.52e-05	1.57e-06	0.00e+00	0.00e+00	0.00e+00	0.00e+00	0.00e+00	0.00e+00	0.00e+00	0.00e+00
 4.45029e+22	2.90e-05	4.77e-02	4.28e-01	3.92e-01	9.34e-02	2.67e-02	9.37e-03	2.34e-03	6.63e-05	1.17e-06	0.00e+00	0.00e+00	0.00e+00	0.00e+00	0.00e+00	0.00e+00	0.00e+00	0.00e+00
 4.47952e+22	3.19e-05	5.11e-02	4.40e-01	3.85e-01	8.85e-02	2.48e-02	8.44e-03	2.03e-03	5.47e-05	9.28e-07	0.00e+00	0.00e+00	0.00e+00	0.00e+00	0.00e+00	0.00e+00	0.00e+00	0.00e+00
 4.50903e+22	3.59e-05	5.58e-02	4.56e-01	3.74e-01	8.23e-02	2.25e-02	7.36e-03	1.68e-03	4.24e-05	6.87e-07	0.00e+00	0.00e+00	0.00e+00	0.00e+00	0.00e+00	0.00e+00	0.00e+00	0.00e+00
 4.53911e+22	3.94e-05	5.98e-02	4.69e-01	3.65e-01	7.77e-02	2.08e-02	6.60e-03	1.45e-03	3.47e-05	5.42e-07	0.00e+00	0.00e+00	0.00e+00	0.00e+00	0.00e+00	0.00e+00	0.00e+00	0.00e+00
 4.56244e+22	4.21e-05	6.28e-02	4.77e-01	3.58e-01	7.43e-02	1.96e-02	6.08e-03	1.30e-03	2.99e-05	4.55e-07	0.00e+00	0.00e+00	0.00e+00	0.00e+00	0.00e+00	0.00e+00	0.00e+00	0.00e+00
 4.58214e+22	4.48e-05	6.58e-02	4.86e-01	3.52e-01	7.12e-02	1.85e-02	5.62e-03	1.17e-03	2.59e-05	3.84e-07	0.00e+00	0.00e+00	0.00e+00	0.00e+00	0.00e+00	0.00e+00	0.00e+00	0.00e+00
 4.60463e+22	4.86e-05	7.00e-02	4.97e-01	3.43e-01	6.73e-02	1.71e-02	5.06e-03	1.02e-03	2.14e-05	3.07e-07	0.00e+00	0.00e+00	0.00e+00	0.00e+00	0.00e+00	0.00e+00	0.00e+00	0.00e+00
 4.63387e+22	5.39e-05	7.57e-02	5.11e-01	3.30e-01	6.24e-02	1.54e-02	4.40e-03	8.44e-04	1.67e-05	2.29e-07	0.00e+00	0.00e+00	0.00e+00	0.00e+00	0.00e+00	0.00e+00	0.00e+00	0.00e+00
 4.66020e+22	5.76e-05	7.94e-02	5.19e-01	3.23e-01	5.95e-02	1.45e-02	4.04e-03	7.56e-04	1.44e-05	1.92e-07	0.00e+00	0.00e+00	0.00e+00	0.00e+00	0.00e+00	0.00e+00	0.00e+00	0.00e+00
 4.67932e+22	6.06e-05	8.27e-02	5.26e-01	3.16e-01	5.71e-02	1.37e-02	3.75e-03	6.84e-04	1.26e-05	1.65e-07	0.00e+00	0.00e+00	0.00e+00	0.00e+00	0.00e+00	0.00e+00	0.00e+00	0.00e+00
 4.69596e+22	6.35e-05	8.56e-02	5.31e-01	3.11e-01	5.51e-02	1.31e-02	3.52e-03	6.30e-04	1.13e-05	1.44e-07	0.00e+00	0.00e+00	0.00e+00	0.00e+00	0.00e+00	0.00e+00	0.00e+00	0.00e+00
 4.71281e+22	6.70e-05	8.92e-02	5.38e-01	3.04e-01	5.27e-02	1.23e-02	3.25e-03	5.68e-04	9.82e-06	0.00e+00	0.00e+00	0.00e+00	0.00e+00	0.00e+00	0.00e+00	0.00e+00	0.00e+00	0.00e+00
 4.73473e+22	7.20e-05	9.42e-02	5.47e-01	2.94e-01	4.97e-02	1.14e-02	2.92e-03	4.94e-04	8.17e-06	0.00e+00	0.00e+00	0.00e+00	0.00e+00	0.00e+00	0.00e+00	0.00e+00	0.00e+00	0.00e+00
 4.75890e+22	7.71e-05	9.91e-02	5.55e-01	2.85e-01	4.69e-02	1.05e-02	2.63e-03	4.34e-04	6.86e-06	0.00e+00	0.00e+00	0.00e+00	0.00e+00	0.00e+00	0.00e+00	0.00e+00	0.00e+00	0.00e+00
 4.78171e+22	8.22e-05	1.04e-01	5.63e-01	2.76e-01	4.44e-02	9.77e-03	2.39e-03	3.84e-04	5.82e-06	0.00e+00	0.00e+00	0.00e+00	0.00e+00	0.00e+00	0.00e+00	0.00e+00	0.00e+00	0.00e+00
 4.80706e+22	8.92e-05	1.11e-01	5.72e-01	2.65e-01	4.13e-02	8.86e-03	2.10e-03	3.25e-04	4.68e-06	0.00e+00	0.00e+00	0.00e+00	0.00e+00	0.00e+00	0.00e+00	0.00e+00	0.00e+00	0.00e+00
 4.83252e+22	9.46e-05	1.16e-01	5.78e-01	2.57e-01	3.91e-02	8.24e-03	1.91e-03	2.89e-04	3.99e-06	0.00e+00	0.00e+00	0.00e+00	0.00e+00	0.00e+00	0.00e+00	0.00e+00	0.00e+00	0.00e+00
 4.85812e+22	1.02e-04	1.23e-01	5.86e-01	2.45e-01	3.63e-02	7.46e-03	1.68e-03	2.46e-04	3.21e-06	0.00e+00	0.00e+00	0.00e+00	0.00e+00	0.00e+00	0.00e+00	0.00e+00	0.00e+00	0.00e+00
 4.89140e+22	1.13e-04	1.32e-01	5.96e-01	2.31e-01	3.29e-02	6.55e-03	1.41e-03	1.99e-04	2.42e-06	0.00e+00	0.00e+00	0.00e+00	0.00e+00	0.00e+00	0.00e+00	0.00e+00	0.00e+00	0.00e+00
 4.92671e+22	1.23e-04	1.41e-01	6.03e-01	2.18e-01	3.01e-02	5.84e-03	1.22e-03	1.66e-04	1.90e-06	0.00e+00	0.00e+00	0.00e+00	0.00e+00	0.00e+00	0.00e+00	0.00e+00	0.00e+00	0.00e+00
 4.96464e+22	1.37e-04	1.53e-01	6.12e-01	2.02e-01	2.68e-02	4.99e-03	9.93e-04	1.30e-04	1.37e-06	0.00e+00	0.00e+00	0.00e+00	0.00e+00	0.00e+00	0.00e+00	0.00e+00	0.00e+00	0.00e+00
 5.00256e+22	1.49e-04	1.63e-01	6.17e-01	1.90e-01	2.45e-02	4.43e-03	8.52e-04	1.08e-04	1.07e-06	0.00e+00	0.00e+00	0.00e+00	0.00e+00	0.00e+00	0.00e+00	0.00e+00	0.00e+00	0.00e+00
 5.04048e+22	1.65e-04	1.76e-01	6.23e-01	1.74e-01	2.17e-02	3.78e-03	6.92e-04	8.50e-05	7.75e-07	0.00e+00	0.00e+00	0.00e+00	0.00e+00	0.00e+00	0.00e+00	0.00e+00	0.00e+00	0.00e+00
 5.07887e+22	1.80e-04	1.87e-01	6.27e-01	1.62e-01	1.96e-02	3.31e-03	5.85e-04	7.01e-05	5.97e-07	0.00e+00	0.00e+00	0.00e+00	0.00e+00	0.00e+00	0.00e+00	0.00e+00	0.00e+00	0.00e+00
 5.11785e+22	1.99e-04	2.02e-01	6.30e-01	1.47e-01	1.72e-02	2.78e-03	4.66e-04	5.43e-05	4.22e-07	0.00e+00	0.00e+00	0.00e+00	0.00e+00	0.00e+00	0.00e+00	0.00e+00	0.00e+00	0.00e+00
 5.15688e+22	2.16e-04	2.14e-01	6.31e-01	1.36e-01	1.55e-02	2.42e-03	3.91e-04	4.48e-05	3.24e-07	0.00e+00	0.00e+00	0.00e+00	0.00e+00	0.00e+00	0.00e+00	0.00e+00	0.00e+00	0.00e+00
 5.18705e+22	2.29e-04	2.24e-01	6.32e-01	1.27e-01	1.43e-02	2.17e-03	3.40e-04	3.85e-05	2.62e-07	0.00e+00	0.00e+00	0.00e+00	0.00e+00	0.00e+00	0.00e+00	0.00e+00	0.00e+00	0.00e+00
 5.21738e+22	2.49e-04	2.38e-01	6.31e-01	1.16e-01	1.27e-02	1.87e-03	2.79e-04	3.12e-05	1.95e-07	0.00e+00	0.00e+00	0.00e+00	0.00e+00	0.00e+00	0.00e+00	0.00e+00	0.00e+00	0.00e+00
 5.24687e+22	2.64e-04	2.48e-01	6.30e-01	1.08e-01	1.17e-02	1.67e-03	2.43e-04	2.69e-05	1.59e-07	0.00e+00	0.00e+00	0.00e+00	0.00e+00	0.00e+00	0.00e+00	0.00e+00	0.00e+00	0.00e+00
 5.27528e+22	2.84e-04	2.62e-01	6.28e-01	9.82e-02	1.04e-02	1.44e-03	2.00e-04	2.20e-05	0.00e+00	0.00e+00	0.00e+00	0.00e+00	0.00e+00	0.00e+00	0.00e+00	0.00e+00	0.00e+00	0.00e+00
 5.30410e+22	3.03e-04	2.74e-01	6.25e-01	9.03e-02	9.44e-03	1.27e-03	1.70e-04	1.87e-05	0.00e+00	0.00e+00	0.00e+00	0.00e+00	0.00e+00	0.00e+00	0.00e+00	0.00e+00	0.00e+00	0.00e+00
 5.32942e+22	3.22e-04	2.86e-01	6.22e-01	8.27e-02	8.53e-03	1.11e-03	1.43e-04	1.58e-05	0.00e+00	0.00e+00	0.00e+00	0.00e+00	0.00e+00	0.00e+00	0.00e+00	0.00e+00	0.00e+00	0.00e+00
 5.35832e+22	3.47e-04	3.01e-01	6.16e-01	7.36e-02	7.47e-03	9.39e-04	1.15e-04	1.27e-05	0.00e+00	0.00e+00	0.00e+00	0.00e+00	0.00e+00	0.00e+00	0.00e+00	0.00e+00	0.00e+00	0.00e+00
 5.38774e+22	3.70e-04	3.15e-01	6.11e-01	6.63e-02	6.65e-03	8.09e-04	9.49e-05	1.06e-05	0.00e+00	0.00e+00	0.00e+00	0.00e+00	0.00e+00	0.00e+00	0.00e+00	0.00e+00	0.00e+00	0.00e+00
 5.41349e+22	3.94e-04	3.29e-01	6.05e-01	5.94e-02	5.90e-03	6.94e-04	7.78e-05	8.77e-06	0.00e+00	0.00e+00	0.00e+00	0.00e+00	0.00e+00	0.00e+00	0.00e+00	0.00e+00	0.00e+00	0.00e+00
 5.44264e+22	4.24e-04	3.47e-01	5.96e-01	5.15e-02	5.05e-03	5.71e-04	6.04e-05	6.94e-06	0.00e+00	0.00e+00	0.00e+00	0.00e+00	0.00e+00	0.00e+00	0.00e+00	0.00e+00	0.00e+00	0.00e+00
 5.47322e+22	4.55e-04	3.64e-01	5.87e-01	4.45e-02	4.32e-03	4.71e-04	4.71e-05	5.54e-06	0.00e+00	0.00e+00	0.00e+00	0.00e+00	0.00e+00	0.00e+00	0.00e+00	0.00e+00	0.00e+00	0.00e+00
 5.50059e+22	4.85e-04	3.80e-01	5.77e-01	3.85e-02	3.70e-03	3.89e-04	3.69e-05	4.46e-06	0.00e+00	0.00e+00	0.00e+00	0.00e+00	0.00e+00	0.00e+00	0.00e+00	0.00e+00	0.00e+00	0.00e+00
 5.53111e+22	5.24e-04	4.01e-01	5.63e-01	3.19e-02	3.02e-03	3.05e-04	2.70e-05	3.39e-06	0.00e+00	0.00e+00	0.00e+00	0.00e+00	0.00e+00	0.00e+00	0.00e+00	0.00e+00	0.00e+00	0.00e+00
 5.56240e+22	5.61e-04	4.21e-01	5.50e-01	2.63e-02	2.47e-03	2.39e-04	1.98e-05	2.60e-06	0.00e+00	0.00e+00	0.00e+00	0.00e+00	0.00e+00	0.00e+00	0.00e+00	0.00e+00	0.00e+00	0.00e+00
 5.58803e+22	5.91e-04	4.36e-01	5.39e-01	2.22e-02	2.07e-03	1.94e-04	1.53e-05	2.07e-06	0.00e+00	0.00e+00	0.00e+00	0.00e+00	0.00e+00	0.00e+00	0.00e+00	0.00e+00	0.00e+00	0.00e+00
 5.60358e+22	6.06e-04	4.44e-01	5.33e-01	2.02e-02	1.88e-03	1.74e-04	1.33e-05	1.84e-06	0.00e+00	0.00e+00	0.00e+00	0.00e+00	0.00e+00	0.00e+00	0.00e+00	0.00e+00	0.00e+00	0.00e+00
 5.60976e+22	6.12e-04	4.47e-01	5.30e-01	1.94e-02	1.81e-03	1.66e-04	1.25e-05	1.75e-06	0.00e+00	0.00e+00	0.00e+00	0.00e+00	0.00e+00	0.00e+00	0.00e+00	0.00e+00	0.00e+00	0.00e+00
 5.61489e+22	6.20e-04	4.52e-01	5.27e-01	1.86e-02	1.73e-03	1.58e-04	1.17e-05	1.66e-06	0.00e+00	0.00e+00	0.00e+00	0.00e+00	0.00e+00	0.00e+00	0.00e+00	0.00e+00	0.00e+00	0.00e+00
 5.62118e+22	6.29e-04	4.56e-01	5.24e-01	1.77e-02	1.64e-03	1.48e-04	1.09e-05	1.56e-06	0.00e+00	0.00e+00	0.00e+00	0.00e+00	0.00e+00	0.00e+00	0.00e+00	0.00e+00	0.00e+00	0.00e+00
 5.62806e+22	6.38e-04	4.61e-01	5.20e-01	1.67e-02	1.54e-03	1.39e-04	1.00e-05	1.45e-06	0.00e+00	0.00e+00	0.00e+00	0.00e+00	0.00e+00	0.00e+00	0.00e+00	0.00e+00	0.00e+00	0.00e+00
 5.63487e+22	6.47e-04	4.66e-01	5.16e-01	1.58e-02	1.46e-03	1.30e-04	9.29e-06	1.36e-06	0.00e+00	0.00e+00	0.00e+00	0.00e+00	0.00e+00	0.00e+00	0.00e+00	0.00e+00	0.00e+00	0.00e+00
 5.64140e+22	6.57e-04	4.71e-01	5.12e-01	1.50e-02	1.38e-03	1.22e-04	8.58e-06	1.27e-06	0.00e+00	0.00e+00	0.00e+00	0.00e+00	0.00e+00	0.00e+00	0.00e+00	0.00e+00	0.00e+00	0.00e+00
 5.64763e+22	6.63e-04	4.75e-01	5.09e-01	1.43e-02	1.31e-03	1.15e-04	7.99e-06	1.19e-06	0.00e+00	0.00e+00	0.00e+00	0.00e+00	0.00e+00	0.00e+00	0.00e+00	0.00e+00	0.00e+00	0.00e+00
 5.65389e+22	6.73e-04	4.80e-01	5.05e-01	1.35e-02	1.24e-03	1.08e-04	7.40e-06	1.12e-06	0.00e+00	0.00e+00	0.00e+00	0.00e+00	0.00e+00	0.00e+00	0.00e+00	0.00e+00	0.00e+00	0.00e+00
 5.66019e+22	6.82e-04	4.84e-01	5.01e-01	1.28e-02	1.17e-03	1.01e-04	6.86e-06	1.05e-06	0.00e+00	0.00e+00	0.00e+00	0.00e+00	0.00e+00	0.00e+00	0.00e+00	0.00e+00	0.00e+00	0.00e+00
 5.66621e+22	6.90e-04	4.89e-01	4.97e-01	1.21e-02	1.11e-03	9.52e-05	6.38e-06	9.83e-07	0.00e+00	0.00e+00	0.00e+00	0.00e+00	0.00e+00	0.00e+00	0.00e+00	0.00e+00	0.00e+00	0.00e+00
 5.67210e+22	6.96e-04	4.92e-01	4.94e-01	1.15e-02	1.05e-03	8.97e-05	5.94e-06	9.25e-07	0.00e+00	0.00e+00	0.00e+00	0.00e+00	0.00e+00	0.00e+00	0.00e+00	0.00e+00	0.00e+00	0.00e+00
 5.67808e+22	7.06e-04	4.97e-01	4.90e-01	1.09e-02	9.90e-04	8.41e-05	5.51e-06	8.66e-07	0.00e+00	0.00e+00	0.00e+00	0.00e+00	0.00e+00	0.00e+00	0.00e+00	0.00e+00	0.00e+00	0.00e+00
 5.68395e+22	7.13e-04	5.01e-01	4.87e-01	1.03e-02	9.37e-04	7.92e-05	5.13e-06	8.15e-07	0.00e+00	0.00e+00	0.00e+00	0.00e+00	0.00e+00	0.00e+00	0.00e+00	0.00e+00	0.00e+00	0.00e+00
 5.68968e+22	7.21e-04	5.05e-01	4.83e-01	9.80e-03	8.87e-04	7.45e-05	4.78e-06	7.65e-07	0.00e+00	0.00e+00	0.00e+00	0.00e+00	0.00e+00	0.00e+00	0.00e+00	0.00e+00	0.00e+00	0.00e+00
 5.69541e+22	7.30e-04	5.09e-01	4.80e-01	9.28e-03	8.38e-04	7.00e-05	4.45e-06	7.19e-07	0.00e+00	0.00e+00	0.00e+00	0.00e+00	0.00e+00	0.00e+00	0.00e+00	0.00e+00	0.00e+00	0.00e+00
 5.70093e+22	7.37e-04	5.13e-01	4.76e-01	8.82e-03	7.95e-04	6.60e-05	4.16e-06	6.77e-07	0.00e+00	0.00e+00	0.00e+00	0.00e+00	0.00e+00	0.00e+00	0.00e+00	0.00e+00	0.00e+00	0.00e+00
 5.70638e+22	7.41e-04	5.16e-01	4.74e-01	8.39e-03	7.55e-04	6.25e-05	3.90e-06	6.41e-07	0.00e+00	0.00e+00	0.00e+00	0.00e+00	0.00e+00	0.00e+00	0.00e+00	0.00e+00	0.00e+00	0.00e+00
 5.71209e+22	7.52e-04	5.21e-01	4.69e-01	7.92e-03	7.11e-04	5.85e-05	3.62e-06	6.00e-07	0.00e+00	0.00e+00	0.00e+00	0.00e+00	0.00e+00	0.00e+00	0.00e+00	0.00e+00	0.00e+00	0.00e+00
 5.71773e+22	7.56e-04	5.24e-01	4.67e-01	7.53e-03	6.75e-04	5.53e-05	3.39e-06	5.67e-07	0.00e+00	0.00e+00	0.00e+00	0.00e+00	0.00e+00	0.00e+00	0.00e+00	0.00e+00	0.00e+00	0.00e+00
 5.72320e+22	7.65e-04	5.28e-01	4.63e-01	7.13e-03	6.38e-04	5.20e-05	3.17e-06	5.32e-07	0.00e+00	0.00e+00	0.00e+00	0.00e+00	0.00e+00	0.00e+00	0.00e+00	0.00e+00	0.00e+00	0.00e+00
 5.72865e+22	7.74e-04	5.32e-01	4.59e-01	6.76e-03	6.04e-04	4.89e-05	2.96e-06	5.01e-07	0.00e+00	0.00e+00	0.00e+00	0.00e+00	0.00e+00	0.00e+00	0.00e+00	0.00e+00	0.00e+00	0.00e+00
 5.73380e+22	7.80e-04	5.36e-01	4.56e-01	6.43e-03	5.73e-04	4.63e-05	2.78e-06	4.74e-07	0.00e+00	0.00e+00	0.00e+00	0.00e+00	0.00e+00	0.00e+00	0.00e+00	0.00e+00	0.00e+00	0.00e+00
 5.73890e+22	7.83e-04	5.38e-01	4.54e-01	6.13e-03	5.47e-04	4.40e-05	2.62e-06	4.50e-07	0.00e+00	0.00e+00	0.00e+00	0.00e+00	0.00e+00	0.00e+00	0.00e+00	0.00e+00	0.00e+00	0.00e+00
 5.74445e+22	7.91e-04	5.42e-01	4.51e-01	5.80e-03	5.16e-04	4.13e-05	2.45e-06	4.23e-07	0.00e+00	0.00e+00	0.00e+00	0.00e+00	0.00e+00	0.00e+00	0.00e+00	0.00e+00	0.00e+00	0.00e+00
 5.75012e+22	8.01e-04	5.46e-01	4.47e-01	5.48e-03	4.86e-04	3.87e-05	2.28e-06	3.97e-07	0.00e+00	0.00e+00	0.00e+00	0.00e+00	0.00e+00	0.00e+00	0.00e+00	0.00e+00	0.00e+00	0.00e+00
 5.75519e+22	8.07e-04	5.49e-01	4.44e-01	5.22e-03	4.63e-04	3.67e-05	2.15e-06	3.76e-07	0.00e+00	0.00e+00	0.00e+00	0.00e+00	0.00e+00	0.00e+00	0.00e+00	0.00e+00	0.00e+00	0.00e+00
 5.76004e+22	8.09e-04	5.51e-01	4.42e-01	4.99e-03	4.42e-04	3.50e-05	2.04e-06	3.59e-07	0.00e+00	0.00e+00	0.00e+00	0.00e+00	0.00e+00	0.00e+00	0.00e+00	0.00e+00	0.00e+00	0.00e+00
 5.76546e+22	8.17e-04	5.55e-01	4.39e-01	4.72e-03	4.18e-04	3.29e-05	1.91e-06	3.38e-07	0.00e+00	0.00e+00	0.00e+00	0.00e+00	0.00e+00	0.00e+00	0.00e+00	0.00e+00	0.00e+00	0.00e+00
 5.77107e+22	8.27e-04	5.58e-01	4.36e-01	4.46e-03	3.95e-04	3.10e-05	1.79e-06	3.18e-07	0.00e+00	0.00e+00	0.00e+00	0.00e+00	0.00e+00	0.00e+00	0.00e+00	0.00e+00	0.00e+00	0.00e+00
 5.77612e+22	8.32e-04	5.61e-01	4.34e-01	4.26e-03	3.76e-04	2.94e-05	1.69e-06	3.02e-07	0.00e+00	0.00e+00	0.00e+00	0.00e+00	0.00e+00	0.00e+00	0.00e+00	0.00e+00	0.00e+00	0.00e+00
 5.78100e+22	8.32e-04	5.62e-01	4.32e-01	4.07e-03	3.60e-04	2.81e-05	1.61e-06	2.89e-07	0.00e+00	0.00e+00	0.00e+00	0.00e+00	0.00e+00	0.00e+00	0.00e+00	0.00e+00	0.00e+00	0.00e+00
 5.78653e+22	8.40e-04	5.66e-01	4.29e-01	3.86e-03	3.41e-04	2.65e-05	1.51e-06	2.72e-07	0.00e+00	0.00e+00	0.00e+00	0.00e+00	0.00e+00	0.00e+00	0.00e+00	0.00e+00	0.00e+00	0.00e+00
 5.79233e+22	8.47e-04	5.68e-01	4.27e-01	3.65e-03	3.22e-04	2.50e-05	1.42e-06	2.57e-07	0.00e+00	0.00e+00	0.00e+00	0.00e+00	0.00e+00	0.00e+00	0.00e+00	0.00e+00	0.00e+00	0.00e+00
 5.79755e+22	8.55e-04	5.71e-01	4.24e-01	3.47e-03	3.06e-04	2.37e-05	1.34e-06	2.44e-07	0.00e+00	0.00e+00	0.00e+00	0.00e+00	0.00e+00	0.00e+00	0.00e+00	0.00e+00	0.00e+00	0.00e+00
 5.80240e+22	8.55e-04	5.72e-01	4.23e-01	3.33e-03	2.94e-04	2.27e-05	1.28e-06	2.34e-07	0.00e+00	0.00e+00	0.00e+00	0.00e+00	0.00e+00	0.00e+00	0.00e+00	0.00e+00	0.00e+00	0.00e+00
 5.80776e+22	8.60e-04	5.74e-01	4.21e-01	3.17e-03	2.80e-04	2.15e-05	1.21e-06	2.22e-07	0.00e+00	0.00e+00	0.00e+00	0.00e+00	0.00e+00	0.00e+00	0.00e+00	0.00e+00	0.00e+00	0.00e+00
 5.81360e+22	8.66e-04	5.76e-01	4.20e-01	3.01e-03	2.66e-04	2.04e-05	1.14e-06	2.10e-07	0.00e+00	0.00e+00	0.00e+00	0.00e+00	0.00e+00	0.00e+00	0.00e+00	0.00e+00	0.00e+00	0.00e+00
 5.81916e+22	8.73e-04	5.78e-01	4.18e-01	2.87e-03	2.53e-04	1.94e-05	1.08e-06	2.00e-07	0.00e+00	0.00e+00	0.00e+00	0.00e+00	0.00e+00	0.00e+00	0.00e+00	0.00e+00	0.00e+00	0.00e+00
 5.82441e+22	8.74e-04	5.79e-01	4.17e-01	2.74e-03	2.43e-04	1.85e-05	1.03e-06	1.91e-07	0.00e+00	0.00e+00	0.00e+00	0.00e+00	0.00e+00	0.00e+00	0.00e+00	0.00e+00	0.00e+00	0.00e+00
 5.82991e+22	8.79e-04	5.81e-01	4.15e-01	2.62e-03	2.32e-04	1.77e-05	9.79e-07	1.82e-07	0.00e+00	0.00e+00	0.00e+00	0.00e+00	0.00e+00	0.00e+00	0.00e+00	0.00e+00	0.00e+00	0.00e+00
 5.83575e+22	8.83e-04	5.82e-01	4.14e-01	2.49e-03	2.21e-04	1.68e-05	9.30e-07	1.74e-07	0.00e+00	0.00e+00	0.00e+00	0.00e+00	0.00e+00	0.00e+00	0.00e+00	0.00e+00	0.00e+00	0.00e+00
 5.84150e+22	8.87e-04	5.83e-01	4.13e-01	2.38e-03	2.12e-04	1.61e-05	8.85e-07	1.66e-07	0.00e+00	0.00e+00	0.00e+00	0.00e+00	0.00e+00	0.00e+00	0.00e+00	0.00e+00	0.00e+00	0.00e+00
 5.84719e+22	8.94e-04	5.84e-01	4.12e-01	2.28e-03	2.03e-04	1.53e-05	8.43e-07	1.58e-07	0.00e+00	0.00e+00	0.00e+00	0.00e+00	0.00e+00	0.00e+00	0.00e+00	0.00e+00	0.00e+00	0.00e+00
 5.85285e+22	8.94e-04	5.85e-01	4.12e-01	2.18e-03	1.95e-04	1.47e-05	8.07e-07	1.52e-07	0.00e+00	0.00e+00	0.00e+00	0.00e+00	0.00e+00	0.00e+00	0.00e+00	0.00e+00	0.00e+00	0.00e+00
 5.85880e+22	8.99e-04	5.85e-01	4.11e-01	2.09e-03	1.87e-04	1.41e-05	7.70e-07	1.45e-07	0.00e+00	0.00e+00	0.00e+00	0.00e+00	0.00e+00	0.00e+00	0.00e+00	0.00e+00	0.00e+00	0.00e+00
 5.86506e+22	9.04e-04	5.86e-01	4.11e-01	1.99e-03	1.79e-04	1.35e-05	7.34e-07	1.39e-07	0.00e+00	0.00e+00	0.00e+00	0.00e+00	0.00e+00	0.00e+00	0.00e+00	0.00e+00	0.00e+00	0.00e+00
 5.87116e+22	9.07e-04	5.86e-01	4.11e-01	1.91e-03	1.72e-04	1.29e-05	7.03e-07	1.34e-07	0.00e+00	0.00e+00	0.00e+00	0.00e+00	0.00e+00	0.00e+00	0.00e+00	0.00e+00	0.00e+00	0.00e+00
