#depth	Ar	Ar+	Ar+2	Ar+3	Ar+4	Ar+5	Ar+6	Ar+7	Ar+8	Ar+9	Ar+10	Ar+11	Ar+12	Ar+13	Ar+14	Ar+15	Ar+16	Ar+17	Ar+18
 1.54284e+22	0.00e+00	0.00e+00	0.00e+00	0.00e+00	0.00e+00	1.54e-24	1.53e-21	1.01e-18	1.02e-15	3.15e-13	4.92e-11	3.80e-09	2.03e-07	5.70e-06	1.05e-04	2.05e-03	6.93e-02	3.50e-01	5.79e-01
 3.59723e+22	0.00e+00	0.00e+00	0.00e+00	0.00e+00	1.92e-26	2.38e-23	1.76e-20	1.57e-17	2.39e-14	5.26e-12	5.84e-10	3.21e-08	1.22e-06	2.46e-05	3.26e-04	4.57e-03	1.11e-01	4.04e-01	4.80e-01
 4.48271e+22	0.00e+00	0.00e+00	0.00e+00	1.84e-28	4.53e-25	4.51e-22	2.67e-19	1.89e-16	2.28e-13	3.93e-11	3.42e-09	1.48e-07	4.41e-06	6.94e-05	7.21e-04	7.95e-03	1.53e-01	4.34e-01	4.04e-01
 5.15580e+22	0.00e+00	0.00e+00	8.85e-31	2.83e-27	5.83e-24	4.83e-21	2.37e-18	1.38e-15	1.39e-12	1.98e-10	1.42e-08	5.05e-07	1.24e-05	1.60e-04	1.36e-03	1.23e-02	1.94e-01	4.50e-01	3.42e-01
 5.52974e+22	0.00e+00	0.00e+00	1.88e-30	5.76e-27	1.13e-23	8.94e-21	4.17e-18	2.31e-15	2.22e-12	3.01e-10	2.06e-08	6.95e-07	1.62e-05	1.99e-04	1.60e-03	1.37e-02	2.05e-01	4.53e-01	3.26e-01
 5.64786e+22	0.00e+00	0.00e+00	3.00e-30	8.96e-27	1.71e-23	1.31e-20	5.92e-18	3.17e-15	2.96e-12	3.91e-10	2.59e-08	8.48e-07	1.92e-05	2.28e-04	1.77e-03	1.47e-02	2.13e-01	4.54e-01	3.17e-01
 5.73353e+22	0.00e+00	0.00e+00	4.42e-30	1.29e-26	2.40e-23	1.79e-20	7.90e-18	4.11e-15	3.76e-12	4.84e-10	3.13e-08	9.99e-07	2.20e-05	2.55e-04	1.93e-03	1.55e-02	2.19e-01	4.54e-01	3.09e-01
 5.83091e+22	0.00e+00	0.00e+00	7.46e-30	2.12e-26	3.81e-23	2.74e-20	1.17e-17	5.85e-15	5.19e-12	6.47e-10	4.05e-08	1.25e-06	2.66e-05	2.96e-04	2.16e-03	1.67e-02	2.28e-01	4.55e-01	2.98e-01
 5.93482e+22	0.00e+00	0.00e+00	1.20e-29	3.33e-26	5.80e-23	4.05e-20	1.67e-17	8.06e-15	6.97e-12	8.43e-10	5.11e-08	1.52e-06	3.15e-05	3.40e-04	2.39e-03	1.79e-02	2.36e-01	4.55e-01	2.88e-01
 6.03239e+22	0.00e+00	0.00e+00	1.97e-29	5.29e-26	8.92e-23	6.01e-20	2.39e-17	1.12e-14	9.40e-12	1.10e-09	6.49e-08	1.88e-06	3.75e-05	3.91e-04	2.66e-03	1.92e-02	2.45e-01	4.55e-01	2.78e-01
 6.12861e+22	0.00e+00	0.00e+00	3.18e-29	8.30e-26	1.36e-22	8.86e-20	3.41e-17	1.54e-14	1.26e-11	1.44e-09	8.20e-08	2.29e-06	4.45e-05	4.48e-04	2.94e-03	2.05e-02	2.53e-01	4.55e-01	2.68e-01
 6.22040e+22	0.00e+00	0.00e+00	5.02e-29	1.28e-25	2.03e-22	1.28e-19	4.77e-17	2.08e-14	1.66e-11	1.85e-09	1.02e-07	2.78e-06	5.23e-05	5.11e-04	3.24e-03	2.19e-02	2.61e-01	4.54e-01	2.59e-01
 6.30829e+22	0.00e+00	0.00e+00	7.77e-29	1.93e-25	2.97e-22	1.82e-19	6.57e-17	2.77e-14	2.17e-11	2.35e-09	1.27e-07	3.34e-06	6.11e-05	5.79e-04	3.55e-03	2.33e-02	2.69e-01	4.53e-01	2.51e-01
 6.40863e+22	0.00e+00	0.00e+00	1.35e-28	3.25e-25	4.82e-22	2.84e-19	9.86e-17	3.99e-14	3.03e-11	3.18e-09	1.66e-07	4.21e-06	7.44e-05	6.78e-04	3.99e-03	2.51e-02	2.79e-01	4.52e-01	2.40e-01
 6.51141e+22	0.00e+00	0.00e+00	2.21e-28	5.14e-25	7.39e-22	4.20e-19	1.41e-16	5.48e-14	4.06e-11	4.14e-09	2.10e-07	5.17e-06	8.84e-05	7.79e-04	4.42e-03	2.68e-02	2.88e-01	4.50e-01	2.31e-01
 6.60088e+22	0.00e+00	0.00e+00	3.49e-28	7.92e-25	1.10e-21	6.06e-19	1.96e-16	7.37e-14	5.34e-11	5.31e-09	2.61e-07	6.26e-06	1.04e-04	8.87e-04	4.87e-03	2.85e-02	2.96e-01	4.48e-01	2.22e-01
 6.70068e+22	0.00e+00	0.00e+00	6.12e-28	1.34e-24	1.80e-21	9.49e-19	2.94e-16	1.06e-13	7.48e-11	7.20e-09	3.43e-07	7.91e-06	1.27e-04	1.04e-03	5.47e-03	3.07e-02	3.07e-01	4.45e-01	2.12e-01
 6.80353e+22	0.00e+00	0.00e+00	9.94e-28	2.12e-24	2.74e-21	1.40e-18	4.18e-16	1.45e-13	9.99e-11	9.36e-09	4.33e-07	9.68e-06	1.50e-04	1.19e-03	6.04e-03	3.27e-02	3.16e-01	4.42e-01	2.03e-01
 6.89261e+22	0.00e+00	0.00e+00	1.58e-27	3.26e-24	4.08e-21	2.01e-18	5.81e-16	1.94e-13	1.31e-10	1.20e-08	5.39e-07	1.17e-05	1.77e-04	1.36e-03	6.64e-03	3.47e-02	3.24e-01	4.38e-01	1.95e-01
 6.97637e+22	0.00e+00	0.00e+00	2.40e-27	4.85e-24	5.89e-21	2.82e-18	7.88e-16	2.55e-13	1.69e-10	1.51e-08	6.60e-07	1.40e-05	2.05e-04	1.53e-03	7.23e-03	3.67e-02	3.32e-01	4.35e-01	1.87e-01
 7.07094e+22	0.00e+00	9.13e-33	4.11e-27	8.03e-24	9.39e-21	4.31e-18	1.16e-15	3.59e-13	2.32e-10	2.01e-08	8.54e-07	1.74e-05	2.47e-04	1.77e-03	8.06e-03	3.92e-02	3.42e-01	4.31e-01	1.78e-01
 7.16857e+22	0.00e+00	1.52e-32	6.67e-27	1.26e-23	1.42e-20	6.30e-18	1.63e-15	4.85e-13	3.07e-10	2.60e-08	1.07e-06	2.13e-05	2.93e-04	2.03e-03	8.89e-03	4.17e-02	3.51e-01	4.26e-01	1.70e-01
 7.25428e+22	0.00e+00	2.42e-32	1.03e-26	1.90e-23	2.08e-20	8.91e-18	2.23e-15	6.41e-13	3.98e-10	3.29e-08	1.32e-06	2.55e-05	3.41e-04	2.29e-03	9.70e-03	4.40e-02	3.59e-01	4.22e-01	1.63e-01
 7.34981e+22	0.00e+00	4.35e-32	1.80e-26	3.20e-23	3.36e-20	1.38e-17	3.29e-15	9.06e-13	5.50e-10	4.42e-08	1.72e-06	3.20e-05	4.13e-04	2.67e-03	1.08e-02	4.71e-02	3.69e-01	4.16e-01	1.54e-01
 7.44527e+22	0.00e+00	7.09e-32	2.86e-26	4.94e-23	5.01e-20	1.98e-17	4.56e-15	1.21e-12	7.19e-10	5.65e-08	2.14e-06	3.87e-05	4.85e-04	3.03e-03	1.19e-02	4.98e-02	3.77e-01	4.11e-01	1.47e-01
 7.52631e+22	0.00e+00	1.10e-31	4.31e-26	7.27e-23	7.16e-20	2.74e-17	6.12e-15	1.57e-12	9.16e-10	7.04e-08	2.61e-06	4.58e-05	5.60e-04	3.39e-03	1.29e-02	5.22e-02	3.84e-01	4.06e-01	1.41e-01
 7.61733e+22	0.00e+00	1.93e-31	7.37e-26	1.20e-22	1.13e-19	4.17e-17	8.89e-15	2.18e-12	1.25e-09	9.34e-08	3.36e-06	5.70e-05	6.73e-04	3.93e-03	1.43e-02	5.56e-02	3.94e-01	3.99e-01	1.33e-01
 7.71027e+22	0.00e+00	3.14e-31	1.17e-25	1.84e-22	1.68e-19	5.96e-17	1.22e-14	2.88e-12	1.63e-09	1.19e-07	4.17e-06	6.88e-05	7.89e-04	4.45e-03	1.56e-02	5.86e-02	4.01e-01	3.93e-01	1.27e-01
 7.79172e+22	0.00e+00	4.94e-31	1.79e-25	2.75e-22	2.44e-19	8.34e-17	1.65e-14	3.75e-12	2.08e-09	1.49e-07	5.11e-06	8.19e-05	9.14e-04	5.00e-03	1.69e-02	6.15e-02	4.08e-01	3.87e-01	1.21e-01
 7.88360e+22	0.00e+00	8.69e-31	3.06e-25	4.54e-22	3.86e-19	1.27e-16	2.40e-14	5.21e-12	2.84e-09	1.98e-07	6.57e-06	1.02e-04	1.10e-03	5.77e-03	1.87e-02	6.53e-02	4.17e-01	3.79e-01	1.13e-01
 7.97855e+22	0.00e+00	1.44e-30	4.94e-25	7.09e-22	5.81e-19	1.83e-16	3.34e-14	6.96e-12	3.73e-09	2.54e-07	8.22e-06	1.23e-04	1.29e-03	6.56e-03	2.05e-02	6.87e-02	4.24e-01	3.72e-01	1.07e-01
 8.06254e+22	0.00e+00	2.31e-30	7.73e-25	1.08e-21	8.52e-19	2.59e-16	4.55e-14	9.12e-12	4.81e-09	3.22e-07	1.01e-05	1.48e-04	1.50e-03	7.39e-03	2.23e-02	7.21e-02	4.30e-01	3.64e-01	1.02e-01
 8.14396e+22	0.00e+00	3.70e-30	1.21e-24	1.63e-21	1.25e-18	3.66e-16	6.18e-14	1.19e-11	6.20e-09	4.06e-07	1.25e-05	1.77e-04	1.75e-03	8.32e-03	2.42e-02	7.55e-02	4.37e-01	3.57e-01	9.63e-02
 8.23700e+22	0.00e+00	6.63e-30	2.10e-24	2.74e-21	2.01e-18	5.62e-16	9.05e-14	1.66e-11	8.50e-09	5.43e-07	1.62e-05	2.21e-04	2.11e-03	9.62e-03	2.67e-02	7.99e-02	4.44e-01	3.48e-01	8.99e-02
 8.33212e+22	0.00e+00	1.08e-29	3.35e-24	4.23e-21	2.98e-18	8.04e-16	1.24e-13	2.19e-11	1.11e-08	6.91e-07	2.01e-05	2.66e-04	2.46e-03	1.09e-02	2.91e-02	8.37e-02	4.49e-01	3.40e-01	8.47e-02
 8.42997e+22	0.00e+00	2.02e-29	6.05e-24	7.34e-21	4.94e-18	1.27e-15	1.86e-13	3.11e-11	1.54e-08	9.39e-07	2.64e-05	3.37e-04	3.00e-03	1.27e-02	3.23e-02	8.86e-02	4.56e-01	3.29e-01	7.84e-02
 8.52872e+22	0.00e+00	3.38e-29	9.84e-24	1.15e-20	7.48e-18	1.84e-15	2.59e-13	4.14e-11	2.03e-08	1.21e-06	3.30e-05	4.09e-04	3.53e-03	1.44e-02	3.52e-02	9.27e-02	4.60e-01	3.20e-01	7.34e-02
 8.60983e+22	0.00e+00	5.24e-29	1.49e-23	1.70e-20	1.06e-17	2.53e-15	3.43e-13	5.28e-11	2.56e-08	1.50e-06	4.00e-05	4.82e-04	4.05e-03	1.60e-02	3.78e-02	9.63e-02	4.64e-01	3.12e-01	6.93e-02
 8.69645e+22	0.00e+00	9.15e-29	2.53e-23	2.78e-20	1.67e-17	3.78e-15	4.89e-13	7.18e-11	3.43e-08	1.96e-06	5.10e-05	5.93e-04	4.81e-03	1.82e-02	4.13e-02	1.01e-01	4.68e-01	3.02e-01	6.44e-02
 8.78499e+22	0.00e+00	1.47e-28	3.97e-23	4.22e-20	2.44e-17	5.31e-15	6.60e-13	9.29e-11	4.40e-08	2.47e-06	6.26e-05	7.08e-04	5.57e-03	2.04e-02	4.46e-02	1.05e-01	4.71e-01	2.93e-01	6.03e-02
 8.85699e+22	0.00e+00	2.17e-28	5.74e-23	5.94e-20	3.33e-17	7.02e-15	8.42e-13	1.15e-10	5.39e-08	2.98e-06	7.41e-05	8.17e-04	6.28e-03	2.24e-02	4.74e-02	1.08e-01	4.72e-01	2.86e-01	5.71e-02
 8.93157e+22	0.00e+00	3.51e-28	9.07e-23	9.08e-20	4.90e-17	9.92e-15	1.14e-12	1.49e-10	6.93e-08	3.77e-06	9.12e-05	9.76e-04	7.28e-03	2.51e-02	5.10e-02	1.12e-01	4.74e-01	2.76e-01	5.33e-02
 9.00298e+22	0.00e+00	5.04e-28	1.28e-22	1.25e-19	6.54e-17	1.28e-14	1.43e-12	1.80e-10	8.35e-08	4.48e-06	1.07e-04	1.11e-03	8.13e-03	2.72e-02	5.39e-02	1.15e-01	4.75e-01	2.69e-01	5.06e-02
 9.06045e+22	0.00e+00	7.17e-28	1.79e-22	1.70e-19	8.65e-17	1.65e-14	1.77e-12	2.17e-10	1.00e-07	5.30e-06	1.24e-04	1.27e-03	9.05e-03	2.95e-02	5.69e-02	1.18e-01	4.75e-01	2.62e-01	4.80e-02
 9.11671e+22	0.00e+00	1.00e-27	2.45e-22	2.28e-19	1.13e-16	2.08e-14	2.18e-12	2.59e-10	1.19e-07	6.21e-06	1.43e-04	1.43e-03	1.00e-02	3.19e-02	5.97e-02	1.21e-01	4.75e-01	2.56e-01	4.56e-02
 9.17182e+22	0.00e+00	1.37e-27	3.30e-22	3.00e-19	1.45e-16	2.60e-14	2.65e-12	3.05e-10	1.39e-07	7.21e-06	1.63e-04	1.60e-03	1.10e-02	3.42e-02	6.25e-02	1.23e-01	4.74e-01	2.49e-01	4.35e-02
 9.23408e+22	0.00e+00	2.07e-27	4.90e-22	4.32e-19	2.02e-16	3.49e-14	3.41e-12	3.79e-10	1.72e-07	8.79e-06	1.95e-04	1.86e-03	1.24e-02	3.76e-02	6.64e-02	1.27e-01	4.73e-01	2.41e-01	4.07e-02
 9.29603e+22	0.00e+00	2.88e-27	6.69e-22	5.76e-19	2.61e-16	4.40e-14	4.17e-12	4.48e-10	2.04e-07	1.03e-05	2.24e-04	2.10e-03	1.37e-02	4.04e-02	6.95e-02	1.29e-01	4.72e-01	2.34e-01	3.86e-02
 9.34947e+22	0.00e+00	3.99e-27	9.12e-22	7.66e-19	3.38e-16	5.52e-14	5.08e-12	5.30e-10	2.40e-07	1.20e-05	2.57e-04	2.35e-03	1.51e-02	4.34e-02	7.27e-02	1.32e-01	4.70e-01	2.28e-01	3.66e-02
 9.40075e+22	0.00e+00	5.42e-27	1.22e-21	1.00e-18	4.31e-16	6.84e-14	6.10e-12	6.19e-10	2.80e-07	1.38e-05	2.92e-04	2.63e-03	1.65e-02	4.64e-02	7.58e-02	1.34e-01	4.68e-01	2.21e-01	3.48e-02
 9.44965e+22	0.00e+00	7.30e-27	1.62e-21	1.30e-18	5.45e-16	8.41e-14	7.30e-12	7.19e-10	3.25e-07	1.59e-05	3.31e-04	2.92e-03	1.80e-02	4.95e-02	7.89e-02	1.36e-01	4.66e-01	2.15e-01	3.30e-02
 9.50555e+22	0.00e+00	1.07e-26	2.34e-21	1.82e-18	7.37e-16	1.10e-13	9.17e-12	8.71e-10	3.93e-07	1.90e-05	3.88e-04	3.34e-03	2.01e-02	5.37e-02	8.30e-02	1.38e-01	4.63e-01	2.08e-01	3.09e-02
 9.56186e+22	3.32e-33	1.45e-26	3.12e-21	2.37e-18	9.35e-16	1.35e-13	1.10e-11	1.01e-09	4.57e-07	2.19e-05	4.40e-04	3.71e-03	2.19e-02	5.72e-02	8.63e-02	1.40e-01	4.59e-01	2.01e-01	2.93e-02
 9.61872e+22	5.04e-33	2.16e-26	4.55e-21	3.35e-18	1.28e-15	1.78e-13	1.39e-11	1.23e-09	5.55e-07	2.63e-05	5.18e-04	4.26e-03	2.46e-02	6.21e-02	9.07e-02	1.43e-01	4.55e-01	1.93e-01	2.73e-02
 9.67543e+22	7.09e-33	2.99e-26	6.21e-21	4.45e-18	1.64e-15	2.22e-13	1.67e-11	1.44e-09	6.50e-07	3.05e-05	5.92e-04	4.77e-03	2.69e-02	6.64e-02	9.44e-02	1.45e-01	4.50e-01	1.86e-01	2.57e-02
 9.72086e+22	9.45e-33	3.94e-26	8.06e-21	5.65e-18	2.03e-15	2.67e-13	1.96e-11	1.64e-09	7.41e-07	3.45e-05	6.62e-04	5.24e-03	2.91e-02	7.02e-02	9.75e-02	1.46e-01	4.46e-01	1.81e-01	2.44e-02
 9.76882e+22	1.35e-32	5.53e-26	1.11e-20	7.59e-18	2.65e-15	3.36e-13	2.38e-11	1.92e-09	8.73e-07	4.03e-05	7.59e-04	5.88e-03	3.19e-02	7.51e-02	1.01e-01	1.48e-01	4.41e-01	1.74e-01	2.28e-02
 9.81826e+22	1.82e-32	7.33e-26	1.46e-20	9.70e-18	3.30e-15	4.08e-13	2.80e-11	2.20e-09	1.00e-06	4.58e-05	8.51e-04	6.47e-03	3.45e-02	7.93e-02	1.05e-01	1.49e-01	4.36e-01	1.68e-01	2.16e-02
 9.86963e+22	2.71e-32	1.08e-25	2.10e-20	1.35e-17	4.43e-15	5.26e-13	3.47e-11	2.62e-09	1.20e-06	5.43e-05	9.92e-04	7.36e-03	3.82e-02	8.54e-02	1.09e-01	1.50e-01	4.28e-01	1.60e-01	2.00e-02
 9.92000e+22	3.67e-32	1.44e-25	2.77e-20	1.74e-17	5.53e-15	6.38e-13	4.07e-11	2.98e-09	1.37e-06	6.18e-05	1.11e-03	8.09e-03	4.13e-02	9.02e-02	1.12e-01	1.51e-01	4.22e-01	1.54e-01	1.88e-02
 9.96909e+22	5.39e-32	2.07e-25	3.92e-20	2.38e-17	7.32e-15	8.13e-13	4.99e-11	3.51e-09	1.63e-06	7.26e-05	1.28e-03	9.13e-03	4.55e-02	9.66e-02	1.17e-01	1.52e-01	4.14e-01	1.47e-01	1.74e-02
 1.00188e+23	7.38e-32	2.80e-25	5.22e-20	3.09e-17	9.20e-15	9.90e-13	5.88e-11	4.01e-09	1.87e-06	8.29e-05	1.44e-03	1.01e-02	4.92e-02	1.02e-01	1.20e-01	1.53e-01	4.07e-01	1.41e-01	1.63e-02
 1.00694e+23	1.11e-31	4.12e-25	7.56e-20	4.31e-17	1.24e-14	1.27e-12	7.24e-11	4.74e-09	2.23e-06	9.81e-05	1.68e-03	1.14e-02	5.43e-02	1.09e-01	1.24e-01	1.53e-01	3.97e-01	1.33e-01	1.49e-02
 1.01199e+23	1.52e-31	5.58e-25	1.01e-19	5.60e-17	1.56e-14	1.55e-12	8.53e-11	5.40e-09	2.56e-06	1.12e-04	1.89e-03	1.26e-02	5.86e-02	1.15e-01	1.28e-01	1.53e-01	3.89e-01	1.28e-01	1.39e-02
 1.01625e+23	2.04e-31	7.37e-25	1.32e-19	7.10e-17	1.92e-14	1.86e-12	9.89e-11	6.09e-09	2.90e-06	1.26e-04	2.10e-03	1.37e-02	6.28e-02	1.21e-01	1.31e-01	1.53e-01	3.82e-01	1.22e-01	1.31e-02
 1.02098e+23	3.08e-31	1.09e-24	1.92e-19	9.95e-17	2.57e-14	2.38e-12	1.21e-10	7.13e-09	3.45e-06	1.49e-04	2.43e-03	1.55e-02	6.92e-02	1.29e-01	1.35e-01	1.52e-01	3.70e-01	1.15e-01	1.19e-02
 1.02564e+23	4.08e-31	1.43e-24	2.48e-19	1.25e-16	3.15e-14	2.83e-12	1.39e-10	7.98e-09	3.88e-06	1.66e-04	2.69e-03	1.68e-02	7.37e-02	1.34e-01	1.37e-01	1.52e-01	3.62e-01	1.10e-01	1.11e-02
 1.03018e+23	6.05e-31	2.09e-24	3.56e-19	1.73e-16	4.17e-14	3.59e-12	1.69e-10	9.25e-09	4.56e-06	1.95e-04	3.09e-03	1.88e-02	8.06e-02	1.42e-01	1.41e-01	1.51e-01	3.50e-01	1.03e-01	1.01e-02
 1.03464e+23	7.98e-31	2.72e-24	4.57e-19	2.16e-16	5.08e-14	4.24e-12	1.93e-10	1.03e-08	5.12e-06	2.17e-04	3.40e-03	2.04e-02	8.56e-02	1.48e-01	1.43e-01	1.50e-01	3.42e-01	9.82e-02	9.44e-03
 1.03900e+23	1.18e-30	3.94e-24	6.52e-19	2.96e-16	6.67e-14	5.33e-12	2.32e-10	1.18e-08	5.97e-06	2.52e-04	3.88e-03	2.27e-02	9.31e-02	1.56e-01	1.46e-01	1.48e-01	3.29e-01	9.17e-02	8.55e-03
 1.04336e+23	1.56e-30	5.16e-24	8.43e-19	3.73e-16	8.15e-14	6.31e-12	2.66e-10	1.32e-08	6.70e-06	2.81e-04	4.27e-03	2.45e-02	9.88e-02	1.62e-01	1.48e-01	1.47e-01	3.20e-01	8.71e-02	7.94e-03
 1.04774e+23	2.32e-30	7.54e-24	1.21e-18	5.14e-16	1.07e-13	7.95e-12	3.19e-10	1.51e-08	7.82e-06	3.27e-04	4.88e-03	2.73e-02	1.07e-01	1.71e-01	1.51e-01	1.44e-01	3.07e-01	8.08e-02	7.13e-03
 1.05214e+23	3.11e-30	9.97e-24	1.58e-18	6.51e-16	1.32e-13	9.44e-12	3.66e-10	1.68e-08	8.77e-06	3.64e-04	5.37e-03	2.95e-02	1.14e-01	1.77e-01	1.53e-01	1.42e-01	2.97e-01	7.63e-02	6.58e-03
 1.05656e+23	4.67e-30	1.47e-23	2.30e-18	9.05e-16	1.75e-13	1.19e-11	4.40e-10	1.93e-08	1.02e-05	4.23e-04	6.13e-03	3.27e-02	1.23e-01	1.85e-01	1.55e-01	1.39e-01	2.82e-01	7.03e-02	5.86e-03
 1.06101e+23	6.29e-30	1.96e-23	3.01e-18	1.15e-15	2.15e-13	1.42e-11	5.05e-10	2.14e-08	1.15e-05	4.72e-04	6.73e-03	3.53e-02	1.30e-01	1.91e-01	1.56e-01	1.37e-01	2.72e-01	6.61e-02	5.38e-03
 1.06550e+23	9.41e-30	2.88e-23	4.35e-18	1.59e-15	2.84e-13	1.79e-11	6.05e-10	2.45e-08	1.33e-05	5.45e-04	7.64e-03	3.90e-02	1.40e-01	1.99e-01	1.57e-01	1.33e-01	2.58e-01	6.06e-02	4.77e-03
 1.06994e+23	1.28e-29	3.86e-23	5.75e-18	2.03e-15	3.50e-13	2.13e-11	6.93e-10	2.71e-08	1.49e-05	6.06e-04	8.38e-03	4.20e-02	1.48e-01	2.05e-01	1.58e-01	1.30e-01	2.47e-01	5.66e-02	4.35e-03
 1.07435e+23	1.91e-29	5.66e-23	8.29e-18	2.80e-15	4.61e-13	2.67e-11	8.27e-10	3.09e-08	1.72e-05	6.96e-04	9.45e-03	4.61e-02	1.58e-01	2.13e-01	1.58e-01	1.26e-01	2.33e-01	5.16e-02	3.84e-03
 1.07884e+23	2.63e-29	7.69e-23	1.11e-17	3.61e-15	5.74e-13	3.20e-11	9.53e-10	3.44e-08	1.92e-05	7.76e-04	1.04e-02	4.96e-02	1.66e-01	2.19e-01	1.58e-01	1.23e-01	2.22e-01	4.78e-02	3.46e-03
 1.08343e+23	4.00e-29	1.15e-22	1.63e-17	5.05e-15	7.64e-13	4.04e-11	1.14e-09	3.93e-08	2.22e-05	8.92e-04	1.17e-02	5.44e-02	1.78e-01	2.26e-01	1.57e-01	1.18e-01	2.08e-01	4.31e-02	3.02e-03
 1.08805e+23	5.54e-29	1.57e-22	2.19e-17	6.55e-15	9.54e-13	4.86e-11	1.32e-09	4.37e-08	2.48e-05	9.91e-04	1.28e-02	5.84e-02	1.86e-01	2.31e-01	1.57e-01	1.14e-01	1.97e-01	3.97e-02	2.70e-03
 1.09272e+23	8.50e-29	2.36e-22	3.24e-17	9.19e-15	1.27e-12	6.16e-11	1.59e-09	5.01e-08	2.85e-05	1.14e-03	1.44e-02	6.38e-02	1.98e-01	2.37e-01	1.55e-01	1.09e-01	1.83e-01	3.56e-02	2.33e-03
 1.09742e+23	1.18e-28	3.24e-22	4.37e-17	1.19e-14	1.59e-12	7.41e-11	1.83e-09	5.58e-08	3.18e-05	1.26e-03	1.57e-02	6.81e-02	2.07e-01	2.42e-01	1.54e-01	1.05e-01	1.72e-01	3.26e-02	2.08e-03
 1.10147e+23	1.63e-28	4.39e-22	5.84e-17	1.54e-14	1.98e-12	8.85e-11	2.10e-09	6.18e-08	3.52e-05	1.39e-03	1.70e-02	7.25e-02	2.16e-01	2.46e-01	1.52e-01	1.02e-01	1.62e-01	2.99e-02	1.85e-03
 1.10604e+23	2.45e-28	6.49e-22	8.46e-17	2.12e-14	2.60e-12	1.11e-10	2.51e-09	7.05e-08	4.00e-05	1.57e-03	1.89e-02	7.83e-02	2.26e-01	2.50e-01	1.50e-01	9.67e-02	1.50e-01	2.67e-02	1.60e-03
 1.11064e+23	3.36e-28	8.80e-22	1.13e-16	2.73e-14	3.23e-12	1.33e-10	2.89e-09	7.81e-08	4.42e-05	1.72e-03	2.04e-02	8.29e-02	2.35e-01	2.53e-01	1.47e-01	9.28e-02	1.41e-01	2.44e-02	1.42e-03
 1.11526e+23	5.07e-28	1.30e-21	1.64e-16	3.77e-14	4.25e-12	1.67e-10	3.45e-09	8.92e-08	5.00e-05	1.93e-03	2.25e-02	8.91e-02	2.45e-01	2.56e-01	1.44e-01	8.78e-02	1.30e-01	2.16e-02	1.22e-03
 1.11994e+23	6.94e-28	1.76e-21	2.18e-16	4.83e-14	5.26e-12	1.99e-10	3.97e-09	9.91e-08	5.50e-05	2.11e-03	2.42e-02	9.40e-02	2.53e-01	2.58e-01	1.42e-01	8.41e-02	1.22e-01	1.97e-02	1.08e-03
 1.12469e+23	1.05e-27	2.61e-21	3.16e-16	6.69e-14	6.94e-12	2.51e-10	4.76e-09	1.13e-07	6.21e-05	2.37e-03	2.66e-02	1.01e-01	2.64e-01	2.60e-01	1.38e-01	7.92e-02	1.12e-01	1.74e-02	9.18e-04
 1.12952e+23	1.44e-27	3.51e-21	4.19e-16	8.56e-14	8.58e-12	2.99e-10	5.47e-09	1.26e-07	6.82e-05	2.58e-03	2.85e-02	1.06e-01	2.71e-01	2.61e-01	1.35e-01	7.56e-02	1.04e-01	1.58e-02	8.11e-04
 1.13447e+23	2.16e-27	5.17e-21	6.05e-16	1.18e-13	1.13e-11	3.77e-10	6.57e-09	1.45e-07	7.68e-05	2.88e-03	3.11e-02	1.12e-01	2.81e-01	2.62e-01	1.31e-01	7.10e-02	9.51e-02	1.39e-02	6.88e-04
 1.13957e+23	3.01e-27	7.10e-21	8.16e-16	1.53e-13	1.41e-11	4.55e-10	7.63e-09	1.63e-07	8.46e-05	3.14e-03	3.34e-02	1.18e-01	2.88e-01	2.62e-01	1.27e-01	6.73e-02	8.82e-02	1.25e-02	6.01e-04
 1.14488e+23	4.59e-27	1.06e-20	1.19e-15	2.13e-13	1.88e-11	5.78e-10	9.23e-09	1.88e-07	9.54e-05	3.50e-03	3.64e-02	1.25e-01	2.97e-01	2.61e-01	1.23e-01	6.28e-02	7.99e-02	1.09e-02	5.05e-04
 1.15025e+23	6.37e-27	1.45e-20	1.60e-15	2.75e-13	2.35e-11	6.97e-10	1.07e-08	2.11e-07	1.05e-04	3.81e-03	3.89e-02	1.31e-01	3.04e-01	2.60e-01	1.19e-01	5.94e-02	7.39e-02	9.79e-03	4.40e-04
 1.15573e+23	9.68e-27	2.15e-20	2.32e-15	3.81e-13	3.11e-11	8.84e-10	1.30e-08	2.45e-07	1.18e-04	4.24e-03	4.22e-02	1.39e-01	3.12e-01	2.58e-01	1.14e-01	5.52e-02	6.68e-02	8.50e-03	3.68e-04
 1.16124e+23	1.33e-26	2.91e-20	3.08e-15	4.89e-13	3.86e-11	1.06e-09	1.51e-08	2.75e-07	1.29e-04	4.59e-03	4.49e-02	1.44e-01	3.17e-01	2.57e-01	1.10e-01	5.22e-02	6.17e-02	7.63e-03	3.20e-04
 1.16681e+23	2.01e-26	4.28e-20	4.43e-15	6.73e-13	5.10e-11	1.34e-09	1.82e-08	3.19e-07	1.45e-04	5.08e-03	4.85e-02	1.52e-01	3.24e-01	2.54e-01	1.06e-01	4.84e-02	5.56e-02	6.62e-03	2.68e-04
 1.17249e+23	2.75e-26	5.77e-20	5.86e-15	8.60e-13	6.32e-11	1.61e-09	2.12e-08	3.58e-07	1.59e-04	5.49e-03	5.15e-02	1.58e-01	3.29e-01	2.51e-01	1.02e-01	4.56e-02	5.12e-02	5.92e-03	2.32e-04
 1.17743e+23	3.71e-26	7.65e-20	7.64e-15	1.09e-12	7.74e-11	1.92e-09	2.44e-08	4.00e-07	1.73e-04	5.91e-03	5.44e-02	1.63e-01	3.33e-01	2.48e-01	9.84e-02	4.30e-02	4.74e-02	5.32e-03	2.03e-04
 1.18298e+23	5.46e-26	1.10e-19	1.07e-14	1.46e-12	1.00e-10	2.40e-09	2.92e-08	4.61e-07	1.93e-04	6.48e-03	5.83e-02	1.71e-01	3.39e-01	2.45e-01	9.38e-02	3.99e-02	4.27e-02	4.63e-03	1.70e-04
 1.18853e+23	7.26e-26	1.44e-19	1.38e-14	1.82e-12	1.22e-10	2.83e-09	3.35e-08	5.13e-07	2.10e-04	6.94e-03	6.13e-02	1.76e-01	3.42e-01	2.41e-01	9.05e-02	3.77e-02	3.96e-02	4.17e-03	1.50e-04
 1.19409e+23	1.05e-25	2.04e-19	1.91e-14	2.43e-12	1.57e-10	3.51e-09	4.00e-08	5.91e-07	2.33e-04	7.58e-03	6.53e-02	1.83e-01	3.46e-01	2.37e-01	8.62e-02	3.49e-02	3.57e-02	3.63e-03	1.26e-04
 1.19977e+23	1.41e-25	2.68e-19	2.46e-14	3.04e-12	1.91e-10	4.16e-09	4.59e-08	6.60e-07	2.54e-04	8.12e-03	6.87e-02	1.89e-01	3.49e-01	2.33e-01	8.28e-02	3.29e-02	3.29e-02	3.26e-03	1.10e-04
 1.20479e+23	1.86e-25	3.49e-19	3.15e-14	3.78e-12	2.31e-10	4.90e-09	5.26e-08	7.35e-07	2.75e-04	8.68e-03	7.20e-02	1.94e-01	3.51e-01	2.30e-01	7.96e-02	3.09e-02	3.04e-02	2.92e-03	9.59e-05
 1.21047e+23	2.68e-25	4.92e-19	4.33e-14	5.02e-12	2.96e-10	6.06e-09	6.27e-08	8.45e-07	3.06e-04	9.45e-03	7.65e-02	2.01e-01	3.54e-01	2.24e-01	7.55e-02	2.86e-02	2.74e-02	2.54e-03	8.03e-05
 1.21614e+23	3.49e-25	6.28e-19	5.44e-14	6.14e-12	3.54e-10	7.07e-09	7.13e-08	9.36e-07	3.30e-04	1.00e-02	7.99e-02	2.06e-01	3.56e-01	2.21e-01	7.26e-02	2.70e-02	2.53e-02	2.29e-03	7.07e-05
 1.22178e+23	4.95e-25	8.72e-19	7.38e-14	8.04e-12	4.49e-10	8.69e-09	8.45e-08	1.07e-06	3.65e-04	1.09e-02	8.45e-02	2.13e-01	3.58e-01	2.15e-01	6.88e-02	2.49e-02	2.28e-02	1.99e-03	5.95e-05
 1.22754e+23	6.45e-25	1.12e-18	9.29e-14	9.86e-12	5.38e-10	1.02e-08	9.62e-08	1.19e-06	3.95e-04	1.16e-02	8.82e-02	2.18e-01	3.59e-01	2.11e-01	6.60e-02	2.35e-02	2.11e-02	1.79e-03	5.21e-05
 1.23344e+23	9.19e-25	1.55e-18	1.26e-13	1.29e-11	6.84e-10	1.25e-08	1.14e-07	1.37e-06	4.38e-04	1.26e-02	9.32e-02	2.25e-01	3.60e-01	2.05e-01	6.23e-02	2.16e-02	1.89e-02	1.55e-03	4.36e-05
 1.23945e+23	1.20e-24	2.00e-18	1.59e-13	1.59e-11	8.22e-10	1.47e-08	1.31e-07	1.52e-06	4.75e-04	1.34e-02	9.73e-02	2.30e-01	3.60e-01	2.01e-01	5.95e-02	2.03e-02	1.74e-02	1.39e-03	3.80e-05
 1.24561e+23	1.72e-24	2.79e-18	2.17e-13	2.09e-11	1.05e-09	1.81e-08	1.56e-07	1.75e-06	5.27e-04	1.45e-02	1.03e-01	2.36e-01	3.60e-01	1.95e-01	5.60e-02	1.86e-02	1.56e-02	1.20e-03	3.16e-05
 1.25188e+23	2.26e-24	3.59e-18	2.74e-13	2.58e-11	1.26e-09	2.13e-08	1.78e-07	1.95e-06	5.72e-04	1.54e-02	1.07e-01	2.41e-01	3.60e-01	1.90e-01	5.34e-02	1.74e-02	1.43e-02	1.07e-03	2.75e-05
 1.25830e+23	3.23e-24	5.02e-18	3.72e-13	3.39e-11	1.61e-09	2.63e-08	2.13e-07	2.25e-06	6.37e-04	1.67e-02	1.13e-01	2.48e-01	3.59e-01	1.83e-01	5.01e-02	1.59e-02	1.27e-02	9.20e-04	2.27e-05
 1.26458e+23	4.12e-24	6.30e-18	4.59e-13	4.09e-11	1.90e-09	3.04e-08	2.40e-07	2.49e-06	6.86e-04	1.77e-02	1.17e-01	2.52e-01	3.58e-01	1.79e-01	4.79e-02	1.50e-02	1.17e-02	8.29e-04	2.00e-05
 1.27066e+23	5.78e-24	8.62e-18	6.13e-13	5.29e-11	2.39e-09	3.72e-08	2.84e-07	2.85e-06	7.58e-04	1.91e-02	1.23e-01	2.58e-01	3.56e-01	1.73e-01	4.49e-02	1.37e-02	1.05e-02	7.16e-04	1.67e-05
 1.27685e+23	7.39e-24	1.08e-17	7.55e-13	6.38e-11	2.82e-09	4.30e-08	3.21e-07	3.15e-06	8.17e-04	2.02e-02	1.27e-01	2.63e-01	3.55e-01	1.68e-01	4.28e-02	1.29e-02	9.68e-03	6.43e-04	1.46e-05
 1.28316e+23	1.03e-23	1.47e-17	1.00e-12	8.21e-11	3.53e-09	5.23e-08	3.79e-07	3.60e-06	9.02e-04	2.17e-02	1.33e-01	2.68e-01	3.53e-01	1.62e-01	4.01e-02	1.18e-02	8.65e-03	5.56e-04	1.22e-05
 1.28966e+23	1.34e-23	1.88e-17	1.26e-12	1.01e-10	4.24e-09	6.14e-08	4.33e-07	4.01e-06	9.78e-04	2.30e-02	1.38e-01	2.73e-01	3.50e-01	1.57e-01	3.80e-02	1.10e-02	7.89e-03	4.93e-04	1.05e-05
 1.29642e+23	1.88e-23	2.57e-17	1.67e-12	1.30e-10	5.32e-09	7.49e-08	5.12e-07	4.60e-06	1.08e-03	2.48e-02	1.45e-01	2.78e-01	3.47e-01	1.51e-01	3.55e-02	1.00e-02	7.03e-03	4.24e-04	8.77e-06
 1.30340e+23	2.49e-23	3.34e-17	2.12e-12	1.61e-10	6.45e-09	8.86e-08	5.90e-07	5.16e-06	1.18e-03	2.64e-02	1.51e-01	2.82e-01	3.44e-01	1.46e-01	3.34e-02	9.26e-03	6.37e-03	3.73e-04	7.48e-06
 1.31067e+23	3.53e-23	4.60e-17	2.84e-12	2.10e-10	8.17e-09	1.09e-07	7.02e-07	5.95e-06	1.31e-03	2.84e-02	1.58e-01	2.87e-01	3.40e-01	1.40e-01	3.10e-02	8.39e-03	5.63e-03	3.18e-04	6.15e-06
 1.31814e+23	4.73e-23	6.03e-17	3.64e-12	2.62e-10	9.96e-09	1.30e-07	8.13e-07	6.71e-06	1.43e-03	3.03e-02	1.64e-01	2.92e-01	3.36e-01	1.34e-01	2.91e-02	7.72e-03	5.07e-03	2.77e-04	5.21e-06
 1.32587e+23	6.78e-23	8.40e-17	4.93e-12	3.44e-10	1.27e-08	1.61e-07	9.73e-07	7.77e-06	1.60e-03	3.27e-02	1.72e-01	2.96e-01	3.31e-01	1.28e-01	2.69e-02	6.96e-03	4.45e-03	2.34e-04	4.24e-06
 1.33384e+23	9.20e-23	1.11e-16	6.37e-12	4.33e-10	1.56e-08	1.92e-07	1.13e-06	8.80e-06	1.75e-03	3.50e-02	1.78e-01	3.00e-01	3.27e-01	1.22e-01	2.51e-02	6.36e-03	3.97e-03	2.03e-04	3.55e-06
 1.34215e+23	1.34e-22	1.57e-16	8.73e-12	5.76e-10	2.02e-08	2.41e-07	1.37e-06	1.03e-05	1.96e-03	3.79e-02	1.87e-01	3.05e-01	3.20e-01	1.16e-01	2.30e-02	5.69e-03	3.45e-03	1.69e-04	2.85e-06
 1.35070e+23	1.84e-22	2.11e-16	1.14e-11	7.32e-10	2.50e-08	2.90e-07	1.60e-06	1.17e-05	2.16e-03	4.05e-02	1.94e-01	3.08e-01	3.15e-01	1.10e-01	2.13e-02	5.16e-03	3.06e-03	1.45e-04	2.36e-06
 1.35838e+23	2.49e-22	2.78e-16	1.46e-11	9.18e-10	3.06e-08	3.47e-07	1.86e-06	1.32e-05	2.37e-03	4.31e-02	2.01e-01	3.11e-01	3.09e-01	1.05e-01	1.98e-02	4.71e-03	2.73e-03	1.26e-04	1.98e-06
 1.36719e+23	3.72e-22	4.02e-16	2.05e-11	1.24e-09	4.01e-08	4.40e-07	2.27e-06	1.56e-05	2.67e-03	4.68e-02	2.11e-01	3.15e-01	3.02e-01	9.88e-02	1.79e-02	4.15e-03	2.34e-03	1.03e-04	1.55e-06
 1.37607e+23	5.03e-22	5.29e-16	2.63e-11	1.56e-09	4.92e-08	5.25e-07	2.64e-06	1.76e-05	2.92e-03	4.98e-02	2.18e-01	3.17e-01	2.96e-01	9.40e-02	1.66e-02	3.78e-03	2.08e-03	8.85e-05	1.30e-06
 1.38504e+23	7.47e-22	7.61e-16	3.65e-11	2.09e-09	6.41e-08	6.63e-07	3.21e-06	2.06e-05	3.29e-03	5.39e-02	2.27e-01	3.20e-01	2.87e-01	8.79e-02	1.50e-02	3.32e-03	1.78e-03	7.24e-05	1.02e-06
 1.39420e+23	1.03e-21	1.02e-15	4.76e-11	2.66e-09	7.95e-08	8.00e-07	3.77e-06	2.35e-05	3.62e-03	5.75e-02	2.35e-01	3.22e-01	2.80e-01	8.31e-02	1.38e-02	2.99e-03	1.56e-03	6.15e-05	8.32e-07
 1.40361e+23	1.54e-21	1.48e-15	6.66e-11	3.60e-09	1.04e-07	1.02e-06	4.61e-06	2.77e-05	4.08e-03	6.23e-02	2.45e-01	3.24e-01	2.71e-01	7.72e-02	1.24e-02	2.61e-03	1.32e-03	4.97e-05	6.44e-07
 1.41317e+23	2.14e-21	2.00e-15	8.74e-11	4.60e-09	1.30e-07	1.23e-06	5.42e-06	3.17e-05	4.49e-03	6.64e-02	2.53e-01	3.25e-01	2.64e-01	7.26e-02	1.13e-02	2.34e-03	1.15e-03	4.18e-05	5.22e-07
 1.42293e+23	3.27e-21	2.93e-15	1.24e-10	6.30e-09	1.72e-07	1.58e-06	6.68e-06	3.76e-05	5.09e-03	7.21e-02	2.64e-01	3.25e-01	2.54e-01	6.69e-02	1.00e-02	2.02e-03	9.61e-04	3.33e-05	3.96e-07
 1.43274e+23	4.51e-21	3.94e-15	1.61e-10	8.01e-09	2.14e-07	1.91e-06	7.85e-06	4.29e-05	5.59e-03	7.67e-02	2.72e-01	3.26e-01	2.46e-01	6.27e-02	9.13e-03	1.80e-03	8.36e-04	2.79e-05	3.20e-07
 1.44086e+23	6.03e-21	5.14e-15	2.05e-10	9.93e-09	2.60e-07	2.27e-06	9.06e-06	4.82e-05	6.09e-03	8.10e-02	2.79e-01	3.25e-01	2.39e-01	5.91e-02	8.37e-03	1.62e-03	7.36e-04	2.37e-05	2.64e-07
 1.44967e+23	8.79e-21	7.24e-15	2.79e-10	1.31e-08	3.34e-07	2.83e-06	1.09e-05	5.63e-05	6.80e-03	8.69e-02	2.88e-01	3.25e-01	2.30e-01	5.45e-02	7.47e-03	1.41e-03	6.21e-04	1.92e-05	2.03e-07
 1.45848e+23	1.17e-20	9.38e-15	3.52e-10	1.62e-08	4.04e-07	3.35e-06	1.26e-05	6.33e-05	7.39e-03	9.16e-02	2.95e-01	3.24e-01	2.22e-01	5.12e-02	6.84e-03	1.27e-03	5.45e-04	1.63e-05	1.67e-07
 1.46728e+23	1.69e-20	1.31e-14	4.76e-10	2.13e-08	5.19e-07	4.18e-06	1.52e-05	7.38e-05	8.25e-03	9.81e-02	3.04e-01	3.22e-01	2.13e-01	4.71e-02	6.07e-03	1.10e-03	4.58e-04	1.31e-05	1.28e-07
 1.47618e+23	2.26e-20	1.71e-14	6.02e-10	2.63e-08	6.30e-07	4.96e-06	1.76e-05	8.32e-05	8.98e-03	1.03e-01	3.11e-01	3.20e-01	2.06e-01	4.40e-02	5.52e-03	9.86e-04	3.99e-04	1.10e-05	0.00e+00
 1.48523e+23	3.30e-20	2.41e-14	8.17e-10	3.48e-08	8.12e-07	6.22e-06	2.13e-05	9.76e-05	1.00e-02	1.11e-01	3.19e-01	3.18e-01	1.96e-01	4.01e-02	4.86e-03	8.47e-04	3.31e-04	8.70e-06	0.00e+00
 1.49439e+23	4.42e-20	3.14e-14	1.04e-09	4.31e-08	9.88e-07	7.41e-06	2.47e-05	1.10e-04	1.10e-02	1.17e-01	3.26e-01	3.15e-01	1.88e-01	3.73e-02	4.39e-03	7.52e-04	2.86e-04	7.25e-06	0.00e+00
 1.50370e+23	6.46e-20	4.43e-14	1.40e-09	5.69e-08	1.28e-06	9.33e-06	3.00e-05	1.30e-04	1.23e-02	1.25e-01	3.34e-01	3.11e-01	1.78e-01	3.38e-02	3.83e-03	6.40e-04	2.35e-04	5.67e-06	0.00e+00
 1.51319e+23	8.74e-20	5.81e-14	1.79e-09	7.10e-08	1.57e-06	1.12e-05	3.51e-05	1.48e-04	1.34e-02	1.32e-01	3.41e-01	3.08e-01	1.70e-01	3.11e-02	3.42e-03	5.62e-04	2.01e-04	4.64e-06	0.00e+00
 1.52291e+23	1.29e-19	8.24e-14	2.43e-09	9.42e-08	2.04e-06	1.42e-05	4.30e-05	1.76e-04	1.51e-02	1.41e-01	3.49e-01	3.03e-01	1.60e-01	2.79e-02	2.95e-03	4.72e-04	1.62e-04	3.56e-06	0.00e+00
 1.53282e+23	1.75e-19	1.09e-13	3.11e-09	1.18e-07	2.52e-06	1.72e-05	5.06e-05	2.02e-04	1.66e-02	1.49e-01	3.55e-01	2.98e-01	1.52e-01	2.55e-02	2.61e-03	4.09e-04	1.36e-04	2.87e-06	0.00e+00
 1.54299e+23	2.59e-19	1.54e-13	4.22e-09	1.57e-07	3.30e-06	2.20e-05	6.25e-05	2.41e-04	1.88e-02	1.60e-01	3.62e-01	2.92e-01	1.41e-01	2.25e-02	2.21e-03	3.39e-04	1.08e-04	2.15e-06	0.00e+00
 1.55325e+23	3.51e-19	2.02e-13	5.35e-09	1.96e-07	4.08e-06	2.67e-05	7.37e-05	2.78e-04	2.07e-02	1.69e-01	3.68e-01	2.86e-01	1.33e-01	2.04e-02	1.94e-03	2.91e-04	8.99e-05	1.71e-06	0.00e+00
 1.56187e+23	4.59e-19	2.57e-13	6.60e-09	2.39e-07	4.92e-06	3.18e-05	8.56e-05	3.16e-04	2.26e-02	1.78e-01	3.72e-01	2.80e-01	1.26e-01	1.86e-02	1.71e-03	2.53e-04	7.58e-05	1.38e-06	0.00e+00
 1.57122e+23	6.44e-19	3.47e-13	8.56e-09	3.06e-07	6.25e-06	3.97e-05	1.04e-04	3.73e-04	2.53e-02	1.89e-01	3.77e-01	2.73e-01	1.17e-01	1.65e-02	1.46e-03	2.11e-04	6.06e-05	1.05e-06	0.00e+00
 1.58066e+23	8.39e-19	4.39e-13	1.05e-08	3.72e-07	7.55e-06	4.73e-05	1.21e-04	4.25e-04	2.77e-02	1.98e-01	3.81e-01	2.66e-01	1.10e-01	1.49e-02	1.28e-03	1.81e-04	5.06e-05	8.40e-07	0.00e+00
 1.58988e+23	1.14e-18	5.75e-13	1.32e-08	4.66e-07	9.43e-06	5.82e-05	1.44e-04	4.98e-04	3.08e-02	2.10e-01	3.84e-01	2.58e-01	1.02e-01	1.32e-02	1.09e-03	1.51e-04	4.06e-05	6.40e-07	0.00e+00
 1.59928e+23	1.48e-18	7.24e-13	1.61e-08	5.66e-07	1.14e-05	6.96e-05	1.69e-04	5.72e-04	3.37e-02	2.20e-01	3.87e-01	2.51e-01	9.50e-02	1.18e-02	9.44e-04	1.29e-04	3.34e-05	5.04e-07	0.00e+00
 1.60851e+23	1.97e-18	9.25e-13	1.98e-08	6.96e-07	1.40e-05	8.47e-05	2.00e-04	6.66e-04	3.73e-02	2.32e-01	3.89e-01	2.43e-01	8.77e-02	1.04e-02	8.03e-04	1.07e-04	2.68e-05	3.84e-07	0.00e+00
 1.61793e+23	2.55e-18	1.16e-12	2.39e-08	8.43e-07	1.70e-05	1.02e-04	2.34e-04	7.69e-04	4.10e-02	2.43e-01	3.90e-01	2.34e-01	8.11e-02	9.24e-03	6.88e-04	9.03e-05	2.17e-05	2.98e-07	0.00e+00
 1.62724e+23	3.30e-18	1.45e-12	2.88e-08	1.02e-06	2.07e-05	1.22e-04	2.76e-04	8.91e-04	4.52e-02	2.55e-01	3.90e-01	2.25e-01	7.45e-02	8.13e-03	5.84e-04	7.52e-05	1.74e-05	2.27e-07	0.00e+00
 1.63660e+23	4.22e-18	1.79e-12	3.43e-08	1.23e-06	2.50e-05	1.47e-04	3.23e-04	1.03e-03	4.96e-02	2.67e-01	3.90e-01	2.16e-01	6.84e-02	7.16e-03	4.97e-04	6.27e-05	1.40e-05	1.74e-07	0.00e+00
 1.64586e+23	5.35e-18	2.19e-12	4.06e-08	1.47e-06	3.00e-05	1.75e-04	3.76e-04	1.19e-03	5.44e-02	2.78e-01	3.88e-01	2.07e-01	6.27e-02	6.29e-03	4.22e-04	5.22e-05	1.13e-05	1.33e-07	0.00e+00
 1.65510e+23	6.74e-18	2.66e-12	4.76e-08	1.74e-06	3.58e-05	2.08e-04	4.38e-04	1.36e-03	5.96e-02	2.90e-01	3.86e-01	1.98e-01	5.73e-02	5.51e-03	3.57e-04	4.34e-05	9.04e-06	0.00e+00	0.00e+00
 1.66435e+23	8.44e-18	3.22e-12	5.55e-08	2.06e-06	4.27e-05	2.46e-04	5.08e-04	1.57e-03	6.52e-02	3.02e-01	3.84e-01	1.89e-01	5.23e-02	4.82e-03	3.02e-04	3.60e-05	7.23e-06	0.00e+00	0.00e+00
 1.67363e+23	1.05e-17	3.87e-12	6.45e-08	2.43e-06	5.08e-05	2.91e-04	5.87e-04	1.80e-03	7.11e-02	3.14e-01	3.80e-01	1.80e-01	4.75e-02	4.21e-03	2.55e-04	2.98e-05	5.78e-06	0.00e+00	0.00e+00
 1.68297e+23	1.30e-17	4.64e-12	7.45e-08	2.86e-06	6.02e-05	3.43e-04	6.78e-04	2.06e-03	7.75e-02	3.26e-01	3.76e-01	1.71e-01	4.31e-02	3.67e-03	2.15e-04	2.46e-05	4.60e-06	0.00e+00	0.00e+00
 1.69239e+23	1.61e-17	5.55e-12	8.59e-08	3.35e-06	7.12e-05	4.04e-04	7.81e-04	2.36e-03	8.44e-02	3.37e-01	3.71e-01	1.62e-01	3.90e-02	3.18e-03	1.80e-04	2.03e-05	3.66e-06	0.00e+00	0.00e+00
 1.70192e+23	1.99e-17	6.61e-12	9.88e-08	3.93e-06	8.41e-05	4.75e-04	8.98e-04	2.70e-03	9.18e-02	3.48e-01	3.65e-01	1.53e-01	3.51e-02	2.76e-03	1.51e-04	1.66e-05	2.90e-06	0.00e+00	0.00e+00
 1.71150e+23	2.46e-17	7.86e-12	1.13e-07	4.59e-06	9.89e-05	5.56e-04	1.03e-03	3.08e-03	9.95e-02	3.59e-01	3.58e-01	1.44e-01	3.16e-02	2.38e-03	1.26e-04	1.37e-05	2.30e-06	0.00e+00	0.00e+00
 1.72124e+23	3.04e-17	9.36e-12	1.30e-07	5.38e-06	1.17e-04	6.52e-04	1.18e-03	3.52e-03	1.08e-01	3.70e-01	3.51e-01	1.35e-01	2.83e-02	2.05e-03	1.05e-04	1.11e-05	1.80e-06	0.00e+00	0.00e+00
 1.73108e+23	3.74e-17	1.11e-11	1.49e-07	6.28e-06	1.37e-04	7.60e-04	1.34e-03	4.01e-03	1.17e-01	3.80e-01	3.43e-01	1.27e-01	2.54e-02	1.77e-03	8.76e-05	9.08e-06	1.42e-06	0.00e+00	0.00e+00
 1.74112e+23	4.65e-17	1.33e-11	1.71e-07	7.37e-06	1.61e-04	8.90e-04	1.54e-03	4.57e-03	1.26e-01	3.90e-01	3.34e-01	1.18e-01	2.26e-02	1.51e-03	7.23e-05	7.34e-06	1.11e-06	0.00e+00	0.00e+00
 1.75134e+23	5.76e-17	1.59e-11	1.97e-07	8.63e-06	1.89e-04	1.04e-03	1.74e-03	5.19e-03	1.36e-01	3.99e-01	3.25e-01	1.10e-01	2.01e-02	1.29e-03	5.99e-05	5.95e-06	8.68e-07	0.00e+00	0.00e+00
 1.76071e+23	6.91e-17	1.85e-11	2.22e-07	9.85e-06	2.16e-04	1.18e-03	1.94e-03	5.77e-03	1.45e-01	4.06e-01	3.17e-01	1.04e-01	1.82e-02	1.13e-03	5.10e-05	4.98e-06	7.06e-07	0.00e+00	0.00e+00
 1.77049e+23	8.70e-17	2.23e-11	2.58e-07	1.16e-05	2.56e-04	1.38e-03	2.21e-03	6.58e-03	1.56e-01	4.14e-01	3.07e-01	9.60e-02	1.60e-02	9.56e-04	4.16e-05	3.97e-06	5.42e-07	0.00e+00	0.00e+00
 1.78043e+23	1.05e-16	2.62e-11	2.93e-07	1.34e-05	2.93e-04	1.56e-03	2.45e-03	7.29e-03	1.65e-01	4.20e-01	2.98e-01	9.00e-02	1.44e-02	8.34e-04	3.53e-05	3.31e-06	4.38e-07	0.00e+00	0.00e+00
 1.79067e+23	1.35e-16	3.22e-11	3.45e-07	1.59e-05	3.47e-04	1.83e-03	2.79e-03	8.31e-03	1.78e-01	4.27e-01	2.87e-01	8.26e-02	1.26e-02	6.99e-04	2.86e-05	2.61e-06	3.33e-07	0.00e+00	0.00e+00
 1.80093e+23	1.64e-16	3.79e-11	3.94e-07	1.83e-05	3.96e-04	2.07e-03	3.07e-03	9.17e-03	1.88e-01	4.31e-01	2.78e-01	7.72e-02	1.13e-02	6.09e-04	2.42e-05	2.17e-06	2.70e-07	0.00e+00	0.00e+00
 1.81121e+23	2.12e-16	4.69e-11	4.66e-07	2.19e-05	4.69e-04	2.41e-03	3.48e-03	1.04e-02	2.01e-01	4.36e-01	2.66e-01	7.07e-02	9.87e-03	5.10e-04	1.96e-05	1.71e-06	2.05e-07	0.00e+00	0.00e+00
 1.82154e+23	2.60e-16	5.56e-11	5.36e-07	2.52e-05	5.35e-04	2.71e-03	3.81e-03	1.14e-02	2.11e-01	4.39e-01	2.57e-01	6.59e-02	8.87e-03	4.45e-04	1.66e-05	1.43e-06	1.66e-07	0.00e+00	0.00e+00
 1.83193e+23	3.38e-16	6.94e-11	6.41e-07	3.02e-05	6.32e-04	3.15e-03	4.29e-03	1.28e-02	2.24e-01	4.42e-01	2.45e-01	6.01e-02	7.71e-03	3.71e-04	1.34e-05	1.13e-06	1.26e-07	0.00e+00	0.00e+00
 1.84244e+23	4.19e-16	8.32e-11	7.43e-07	3.49e-05	7.21e-04	3.54e-03	4.69e-03	1.41e-02	2.35e-01	4.43e-01	2.36e-01	5.59e-02	6.90e-03	3.23e-04	1.14e-05	9.35e-07	0.00e+00	0.00e+00	0.00e+00
 1.85309e+23	5.53e-16	1.05e-10	9.00e-07	4.21e-05	8.53e-04	4.11e-03	5.26e-03	1.58e-02	2.49e-01	4.44e-01	2.24e-01	5.07e-02	5.97e-03	2.69e-04	9.14e-06	7.34e-07	0.00e+00	0.00e+00	0.00e+00
 1.86389e+23	6.94e-16	1.28e-10	1.06e-06	4.90e-05	9.76e-04	4.62e-03	5.75e-03	1.72e-02	2.60e-01	4.44e-01	2.15e-01	4.69e-02	5.32e-03	2.33e-04	7.70e-06	6.07e-07	0.00e+00	0.00e+00	0.00e+00
 1.87489e+23	9.31e-16	1.64e-10	1.30e-06	5.96e-05	1.16e-03	5.36e-03	6.43e-03	1.93e-02	2.75e-01	4.43e-01	2.03e-01	4.24e-02	4.57e-03	1.93e-04	6.16e-06	4.74e-07	0.00e+00	0.00e+00	0.00e+00
 1.88609e+23	1.19e-15	2.02e-10	1.54e-06	7.00e-05	1.33e-03	6.03e-03	7.02e-03	2.10e-02	2.86e-01	4.41e-01	1.94e-01	3.90e-02	4.05e-03	1.66e-04	5.16e-06	3.89e-07	0.00e+00	0.00e+00	0.00e+00
 1.89757e+23	1.63e-15	2.64e-10	1.93e-06	8.60e-05	1.59e-03	7.01e-03	7.84e-03	2.35e-02	3.01e-01	4.38e-01	1.82e-01	3.50e-02	3.46e-03	1.36e-04	4.09e-06	3.01e-07	0.00e+00	0.00e+00	0.00e+00
 1.90932e+23	2.11e-15	3.30e-10	2.32e-06	1.02e-04	1.83e-03	7.91e-03	8.56e-03	2.56e-02	3.13e-01	4.35e-01	1.73e-01	3.21e-02	3.05e-03	1.17e-04	3.40e-06	2.45e-07	0.00e+00	0.00e+00	0.00e+00
 1.92142e+23	2.96e-15	4.42e-10	2.96e-06	1.27e-04	2.20e-03	9.22e-03	9.56e-03	2.86e-02	3.29e-01	4.29e-01	1.61e-01	2.85e-02	2.57e-03	9.48e-05	2.66e-06	1.87e-07	0.00e+00	0.00e+00	0.00e+00
 1.93374e+23	3.91e-15	5.61e-10	3.63e-06	1.52e-04	2.55e-03	1.04e-02	1.04e-02	3.10e-02	3.40e-01	4.24e-01	1.53e-01	2.60e-02	2.26e-03	8.08e-05	2.20e-06	1.52e-07	0.00e+00	0.00e+00	0.00e+00
 1.94415e+23	5.02e-15	6.96e-10	4.34e-06	1.78e-04	2.91e-03	1.16e-02	1.13e-02	3.34e-02	3.51e-01	4.19e-01	1.45e-01	2.38e-02	1.99e-03	6.96e-05	1.85e-06	1.25e-07	0.00e+00	0.00e+00	0.00e+00
 1.95550e+23	6.96e-15	9.23e-10	5.51e-06	2.19e-04	3.45e-03	1.33e-02	1.24e-02	3.67e-02	3.64e-01	4.12e-01	1.35e-01	2.13e-02	1.70e-03	5.74e-05	1.47e-06	0.00e+00	0.00e+00	0.00e+00	0.00e+00
 1.96648e+23	8.80e-15	1.13e-09	6.54e-06	2.55e-04	3.89e-03	1.47e-02	1.33e-02	3.91e-02	3.73e-01	4.06e-01	1.28e-01	1.96e-02	1.52e-03	5.01e-05	1.25e-06	0.00e+00	0.00e+00	0.00e+00	0.00e+00
 1.97698e+23	1.19e-14	1.47e-09	8.16e-06	3.08e-04	4.55e-03	1.66e-02	1.45e-02	4.25e-02	3.85e-01	3.98e-01	1.20e-01	1.76e-02	1.31e-03	4.19e-05	1.01e-06	0.00e+00	0.00e+00	0.00e+00	0.00e+00
 1.98758e+23	1.52e-14	1.81e-09	9.74e-06	3.59e-04	5.14e-03	1.83e-02	1.55e-02	4.51e-02	3.93e-01	3.91e-01	1.14e-01	1.62e-02	1.17e-03	3.65e-05	8.64e-07	0.00e+00	0.00e+00	0.00e+00	0.00e+00
 1.99834e+23	2.08e-14	2.38e-09	1.23e-05	4.37e-04	6.01e-03	2.07e-02	1.68e-02	4.88e-02	4.04e-01	3.82e-01	1.06e-01	1.45e-02	1.00e-03	3.04e-05	6.96e-07	0.00e+00	0.00e+00	0.00e+00	0.00e+00
 2.00926e+23	2.67e-14	2.96e-09	1.47e-05	5.11e-04	6.80e-03	2.28e-02	1.80e-02	5.17e-02	4.11e-01	3.74e-01	1.00e-01	1.33e-02	8.87e-04	2.64e-05	5.89e-07	0.00e+00	0.00e+00	0.00e+00	0.00e+00
 2.02040e+23	3.70e-14	3.93e-09	1.87e-05	6.25e-04	7.98e-03	2.59e-02	1.95e-02	5.59e-02	4.21e-01	3.64e-01	9.27e-02	1.18e-02	7.55e-04	2.18e-05	4.71e-07	0.00e+00	0.00e+00	0.00e+00	0.00e+00
 2.03170e+23	4.79e-14	4.92e-09	2.27e-05	7.33e-04	9.05e-03	2.85e-02	2.09e-02	5.91e-02	4.28e-01	3.55e-01	8.72e-02	1.08e-02	6.67e-04	1.88e-05	3.97e-07	0.00e+00	0.00e+00	0.00e+00	0.00e+00
 2.04321e+23	6.72e-14	6.59e-09	2.90e-05	9.02e-04	1.06e-02	3.23e-02	2.26e-02	6.36e-02	4.36e-01	3.43e-01	8.02e-02	9.50e-03	5.63e-04	1.54e-05	3.14e-07	0.00e+00	0.00e+00	0.00e+00	0.00e+00
 2.05492e+23	8.77e-14	8.31e-09	3.54e-05	1.06e-03	1.21e-02	3.55e-02	2.41e-02	6.71e-02	4.42e-01	3.34e-01	7.51e-02	8.62e-03	4.95e-04	1.32e-05	2.63e-07	0.00e+00	0.00e+00	0.00e+00	0.00e+00
 2.06689e+23	1.24e-13	1.13e-08	4.57e-05	1.32e-03	1.43e-02	4.03e-02	2.62e-02	7.20e-02	4.48e-01	3.21e-01	6.86e-02	7.54e-03	4.14e-04	1.08e-05	2.06e-07	0.00e+00	0.00e+00	0.00e+00	0.00e+00
 2.07910e+23	1.65e-13	1.44e-08	5.61e-05	1.56e-03	1.63e-02	4.44e-02	2.79e-02	7.59e-02	4.53e-01	3.10e-01	6.38e-02	6.78e-03	3.60e-04	9.14e-06	1.70e-07	0.00e+00	0.00e+00	0.00e+00	0.00e+00
 2.09164e+23	2.36e-13	1.96e-08	7.32e-05	1.94e-03	1.92e-02	5.03e-02	3.02e-02	8.11e-02	4.57e-01	2.96e-01	5.78e-02	5.88e-03	2.99e-04	7.36e-06	1.32e-07	0.00e+00	0.00e+00	0.00e+00	0.00e+00
 2.10456e+23	3.17e-13	2.54e-08	9.09e-05	2.31e-03	2.20e-02	5.56e-02	3.21e-02	8.53e-02	4.59e-01	2.85e-01	5.33e-02	5.23e-03	2.56e-04	6.17e-06	0.00e+00	0.00e+00	0.00e+00	0.00e+00	0.00e+00
 2.11795e+23	4.65e-13	3.53e-08	1.20e-04	2.90e-03	2.62e-02	6.31e-02	3.47e-02	9.08e-02	4.61e-01	2.69e-01	4.77e-02	4.48e-03	2.09e-04	4.89e-06	0.00e+00	0.00e+00	0.00e+00	0.00e+00	0.00e+00
 2.13147e+23	6.24e-13	4.56e-08	1.49e-04	3.46e-03	2.99e-02	6.94e-02	3.68e-02	9.49e-02	4.60e-01	2.57e-01	4.37e-02	3.96e-03	1.79e-04	4.08e-06	0.00e+00	0.00e+00	0.00e+00	0.00e+00	0.00e+00
 2.14513e+23	9.18e-13	6.37e-08	1.97e-04	4.33e-03	3.54e-02	7.83e-02	3.96e-02	1.00e-01	4.58e-01	2.41e-01	3.88e-02	3.36e-03	1.44e-04	3.20e-06	0.00e+00	0.00e+00	0.00e+00	0.00e+00	0.00e+00
 2.15895e+23	1.23e-12	8.21e-08	2.45e-04	5.14e-03	4.03e-02	8.58e-02	4.18e-02	1.04e-01	4.55e-01	2.29e-01	3.53e-02	2.95e-03	1.23e-04	2.65e-06	0.00e+00	0.00e+00	0.00e+00	0.00e+00	0.00e+00
 2.17296e+23	1.82e-12	1.15e-07	3.24e-04	6.43e-03	4.76e-02	9.63e-02	4.47e-02	1.10e-01	4.49e-01	2.12e-01	3.10e-02	2.47e-03	9.79e-05	2.06e-06	0.00e+00	0.00e+00	0.00e+00	0.00e+00	0.00e+00
 2.18659e+23	2.39e-12	1.45e-07	3.94e-04	7.52e-03	5.34e-02	1.04e-01	4.67e-02	1.13e-01	4.44e-01	2.01e-01	2.82e-02	2.18e-03	8.34e-05	1.72e-06	0.00e+00	0.00e+00	0.00e+00	0.00e+00	0.00e+00
 2.19972e+23	3.37e-12	1.95e-07	5.05e-04	9.15e-03	6.16e-02	1.15e-01	4.92e-02	1.17e-01	4.35e-01	1.86e-01	2.49e-02	1.84e-03	6.77e-05	1.36e-06	0.00e+00	0.00e+00	0.00e+00	0.00e+00	0.00e+00
 2.21357e+23	4.57e-12	2.54e-07	6.28e-04	1.09e-02	6.97e-02	1.25e-01	5.14e-02	1.20e-01	4.25e-01	1.74e-01	2.22e-02	1.58e-03	5.60e-05	1.10e-06	0.00e+00	0.00e+00	0.00e+00	0.00e+00	0.00e+00
 2.22529e+23	5.85e-12	3.13e-07	7.48e-04	1.24e-02	7.70e-02	1.33e-01	5.31e-02	1.22e-01	4.16e-01	1.63e-01	2.01e-02	1.39e-03	4.78e-05	9.18e-07	0.00e+00	0.00e+00	0.00e+00	0.00e+00	0.00e+00
 2.23746e+23	7.93e-12	4.06e-07	9.28e-04	1.47e-02	8.67e-02	1.44e-01	5.51e-02	1.25e-01	4.04e-01	1.51e-01	1.78e-02	1.18e-03	3.92e-05	7.35e-07	0.00e+00	0.00e+00	0.00e+00	0.00e+00	0.00e+00
 2.25007e+23	1.03e-11	5.08e-07	1.12e-03	1.70e-02	9.59e-02	1.53e-01	5.68e-02	1.26e-01	3.93e-01	1.40e-01	1.59e-02	1.02e-03	3.29e-05	6.03e-07	0.00e+00	0.00e+00	0.00e+00	0.00e+00	0.00e+00
 2.26143e+23	1.32e-11	6.29e-07	1.33e-03	1.94e-02	1.05e-01	1.62e-01	5.82e-02	1.28e-01	3.80e-01	1.30e-01	1.42e-02	8.89e-04	2.76e-05	4.98e-07	0.00e+00	0.00e+00	0.00e+00	0.00e+00	0.00e+00
 2.27441e+23	1.80e-11	8.17e-07	1.65e-03	2.28e-02	1.18e-01	1.73e-01	5.98e-02	1.29e-01	3.64e-01	1.19e-01	1.23e-02	7.42e-04	2.22e-05	3.90e-07	0.00e+00	0.00e+00	0.00e+00	0.00e+00	0.00e+00
 2.28786e+23	2.37e-11	1.03e-06	1.99e-03	2.64e-02	1.30e-01	1.83e-01	6.10e-02	1.29e-01	3.49e-01	1.08e-01	1.08e-02	6.27e-04	1.81e-05	3.12e-07	0.00e+00	0.00e+00	0.00e+00	0.00e+00	0.00e+00
 2.29984e+23	3.04e-11	1.27e-06	2.36e-03	2.99e-02	1.41e-01	1.92e-01	6.19e-02	1.29e-01	3.34e-01	9.93e-02	9.54e-03	5.36e-04	1.50e-05	2.53e-07	0.00e+00	0.00e+00	0.00e+00	0.00e+00	0.00e+00
