#depth	S	S+	S+2	S+3	S+4	S+5	S+6	S+7	S+8	S+9	S+10	S+11	S+12	S+13	S+14	S+15	S+16
 1.54284e+22	0.00e+00	1.53e-26	2.44e-22	3.94e-19	3.13e-16	1.08e-13	1.43e-10	2.13e-08	1.20e-06	2.69e-05	3.69e-04	2.47e-03	9.75e-03	4.10e-02	3.60e-01	4.27e-01	1.60e-01
 3.44458e+22	0.00e+00	1.33e-23	1.11e-19	9.13e-17	3.59e-14	8.73e-12	1.04e-08	1.15e-06	4.48e-05	6.17e-04	5.32e-03	2.07e-02	4.33e-02	9.49e-02	4.69e-01	3.03e-01	6.24e-02
 3.94865e+22	0.00e+00	3.82e-22	2.20e-18	1.20e-15	3.09e-13	4.91e-11	6.53e-08	6.81e-06	2.30e-04	2.49e-03	1.72e-02	5.14e-02	7.89e-02	1.24e-01	4.68e-01	2.23e-01	3.42e-02
 4.16640e+22	0.00e+00	2.26e-21	1.05e-17	4.50e-15	8.95e-13	1.12e-10	1.64e-07	1.68e-05	5.27e-04	5.00e-03	3.05e-02	7.95e-02	1.03e-01	1.36e-01	4.43e-01	1.79e-01	2.32e-02
 4.25713e+22	0.00e+00	3.55e-21	1.56e-17	6.26e-15	1.16e-12	1.36e-10	2.06e-07	2.10e-05	6.47e-04	5.93e-03	3.51e-02	8.82e-02	1.10e-01	1.39e-01	4.33e-01	1.68e-01	2.09e-02
 4.28698e+22	0.00e+00	4.74e-21	2.02e-17	7.73e-15	1.38e-12	1.54e-10	2.38e-07	2.42e-05	7.36e-04	6.60e-03	3.82e-02	9.41e-02	1.14e-01	1.40e-01	4.26e-01	1.60e-01	1.94e-02
 4.31389e+22	0.00e+00	6.82e-21	2.77e-17	1.01e-14	1.70e-12	1.81e-10	2.84e-07	2.89e-05	8.65e-04	7.54e-03	4.26e-02	1.02e-01	1.20e-01	1.41e-01	4.17e-01	1.52e-01	1.77e-02
 4.34082e+22	0.00e+00	9.12e-21	3.57e-17	1.24e-14	2.00e-12	2.05e-10	3.27e-07	3.32e-05	9.82e-04	8.37e-03	4.63e-02	1.08e-01	1.24e-01	1.42e-01	4.09e-01	1.44e-01	1.64e-02
 4.36748e+22	0.00e+00	1.31e-20	4.89e-17	1.61e-14	2.46e-12	2.39e-10	3.89e-07	3.94e-05	1.15e-03	9.50e-03	5.12e-02	1.17e-01	1.29e-01	1.42e-01	3.99e-01	1.36e-01	1.49e-02
 4.39422e+22	0.00e+00	1.73e-20	6.23e-17	1.97e-14	2.88e-12	2.69e-10	4.44e-07	4.49e-05	1.29e-03	1.05e-02	5.53e-02	1.23e-01	1.33e-01	1.43e-01	3.91e-01	1.29e-01	1.38e-02
 4.42137e+22	0.00e+00	2.49e-20	8.57e-17	2.56e-14	3.54e-12	3.14e-10	5.26e-07	5.32e-05	1.51e-03	1.19e-02	6.10e-02	1.32e-01	1.38e-01	1.43e-01	3.79e-01	1.21e-01	1.25e-02
 4.44886e+22	3.61e-34	3.28e-20	1.09e-16	3.13e-14	4.14e-12	3.53e-10	5.98e-07	6.04e-05	1.69e-03	1.30e-02	6.56e-02	1.39e-01	1.42e-01	1.43e-01	3.70e-01	1.15e-01	1.15e-02
 4.47681e+22	5.58e-34	4.73e-20	1.50e-16	4.07e-14	5.09e-12	4.12e-10	7.06e-07	7.11e-05	1.96e-03	1.46e-02	7.19e-02	1.49e-01	1.46e-01	1.42e-01	3.57e-01	1.07e-01	1.03e-02
 4.50534e+22	7.77e-34	6.24e-20	1.91e-16	4.98e-14	5.97e-12	4.65e-10	8.01e-07	8.05e-05	2.19e-03	1.60e-02	7.70e-02	1.56e-01	1.50e-01	1.41e-01	3.47e-01	1.01e-01	9.49e-03
 4.53461e+22	1.19e-33	8.96e-20	2.62e-16	6.47e-14	7.33e-12	5.43e-10	9.41e-07	9.44e-05	2.52e-03	1.79e-02	8.40e-02	1.66e-01	1.54e-01	1.40e-01	3.34e-01	9.35e-02	8.48e-03
 4.56484e+22	1.69e-33	1.20e-19	3.39e-16	8.02e-14	8.68e-12	6.16e-10	1.07e-06	1.07e-04	2.82e-03	1.96e-02	8.99e-02	1.74e-01	1.57e-01	1.39e-01	3.22e-01	8.77e-02	7.72e-03
 4.59627e+22	2.63e-33	1.75e-19	4.70e-16	1.05e-13	1.07e-11	7.24e-10	1.26e-06	1.26e-04	3.25e-03	2.19e-02	9.78e-02	1.84e-01	1.61e-01	1.37e-01	3.08e-01	8.06e-02	6.83e-03
 4.62810e+22	3.70e-33	2.34e-19	6.06e-16	1.30e-13	1.27e-11	8.23e-10	1.43e-06	1.42e-04	3.63e-03	2.39e-02	1.04e-01	1.91e-01	1.63e-01	1.35e-01	2.97e-01	7.53e-02	6.19e-03
 4.66050e+22	5.73e-33	3.39e-19	8.37e-16	1.70e-13	1.57e-11	9.67e-10	1.67e-06	1.65e-04	4.15e-03	2.65e-02	1.12e-01	2.01e-01	1.66e-01	1.33e-01	2.82e-01	6.89e-02	5.45e-03
 4.69312e+22	7.98e-33	4.49e-19	1.07e-15	2.09e-13	1.85e-11	1.10e-09	1.88e-06	1.86e-04	4.59e-03	2.87e-02	1.19e-01	2.09e-01	1.68e-01	1.31e-01	2.71e-01	6.42e-02	4.94e-03
 4.72604e+22	1.22e-32	6.47e-19	1.48e-15	2.73e-13	2.29e-11	1.29e-09	2.18e-06	2.14e-04	5.22e-03	3.16e-02	1.28e-01	2.18e-01	1.70e-01	1.28e-01	2.57e-01	5.85e-02	4.33e-03
 4.75789e+22	1.63e-32	8.25e-19	1.83e-15	3.27e-13	2.64e-11	1.44e-09	2.41e-06	2.37e-04	5.69e-03	3.38e-02	1.34e-01	2.24e-01	1.71e-01	1.25e-01	2.47e-01	5.48e-02	3.96e-03
 4.78838e+22	2.38e-32	1.14e-18	2.43e-15	4.14e-13	3.19e-11	1.67e-09	2.75e-06	2.68e-04	6.35e-03	3.67e-02	1.42e-01	2.32e-01	1.72e-01	1.22e-01	2.34e-01	5.02e-02	3.50e-03
 4.81964e+22	3.19e-32	1.47e-18	3.03e-15	4.99e-13	3.71e-11	1.87e-09	3.04e-06	2.96e-04	6.91e-03	3.92e-02	1.48e-01	2.38e-01	1.73e-01	1.20e-01	2.25e-01	4.69e-02	3.18e-03
 4.85192e+22	4.71e-32	2.05e-18	4.06e-15	6.37e-13	4.51e-11	2.17e-09	3.47e-06	3.36e-04	7.72e-03	4.26e-02	1.57e-01	2.46e-01	1.73e-01	1.16e-01	2.12e-01	4.26e-02	2.79e-03
 4.88462e+22	6.28e-32	2.62e-18	5.05e-15	7.65e-13	5.23e-11	2.44e-09	3.83e-06	3.69e-04	8.37e-03	4.52e-02	1.63e-01	2.51e-01	1.73e-01	1.14e-01	2.03e-01	3.97e-02	2.53e-03
 4.91787e+22	9.14e-32	3.63e-18	6.71e-15	9.72e-13	6.33e-11	2.83e-09	4.35e-06	4.16e-04	9.29e-03	4.88e-02	1.72e-01	2.58e-01	1.73e-01	1.10e-01	1.91e-01	3.60e-02	2.22e-03
 4.95085e+22	1.21e-31	4.62e-18	8.30e-15	1.16e-12	7.31e-11	3.17e-09	4.78e-06	4.55e-04	1.00e-02	5.17e-02	1.78e-01	2.63e-01	1.72e-01	1.07e-01	1.82e-01	3.35e-02	2.01e-03
 4.98349e+22	1.74e-31	6.32e-18	1.09e-14	1.47e-12	8.81e-11	3.66e-09	5.38e-06	5.10e-04	1.11e-02	5.55e-02	1.86e-01	2.69e-01	1.71e-01	1.03e-01	1.71e-01	3.04e-02	1.76e-03
 5.01646e+22	2.28e-31	7.96e-18	1.34e-14	1.74e-12	1.01e-10	4.09e-09	5.90e-06	5.55e-04	1.19e-02	5.85e-02	1.93e-01	2.73e-01	1.70e-01	1.01e-01	1.63e-01	2.82e-02	1.59e-03
 5.04986e+22	3.26e-31	1.09e-17	1.76e-14	2.19e-12	1.22e-10	4.72e-09	6.63e-06	6.20e-04	1.30e-02	6.26e-02	2.01e-01	2.78e-01	1.69e-01	9.69e-02	1.53e-01	2.55e-02	1.39e-03
 5.08389e+22	4.27e-31	1.37e-17	2.17e-14	2.61e-12	1.41e-10	5.29e-09	7.27e-06	6.75e-04	1.40e-02	6.59e-02	2.07e-01	2.81e-01	1.67e-01	9.40e-02	1.45e-01	2.36e-02	1.26e-03
 5.11877e+22	6.12e-31	1.87e-17	2.85e-14	3.29e-12	1.70e-10	6.12e-09	8.17e-06	7.53e-04	1.54e-02	7.03e-02	2.15e-01	2.85e-01	1.65e-01	9.01e-02	1.35e-01	2.13e-02	1.09e-03
 5.15429e+22	8.04e-31	2.37e-17	3.52e-14	3.93e-12	1.96e-10	6.87e-09	8.97e-06	8.19e-04	1.65e-02	7.39e-02	2.21e-01	2.88e-01	1.63e-01	8.71e-02	1.28e-01	1.96e-02	9.80e-04
 5.19063e+22	5.75e-31	3.25e-17	4.64e-14	4.97e-12	2.37e-10	7.98e-09	1.01e-05	9.13e-04	1.80e-02	7.87e-02	2.29e-01	2.92e-01	1.61e-01	8.32e-02	1.19e-01	1.76e-02	8.47e-04
 5.22766e+22	7.57e-31	4.12e-17	5.73e-14	5.95e-12	2.75e-10	8.97e-09	1.11e-05	9.93e-04	1.93e-02	8.26e-02	2.35e-01	2.94e-01	1.58e-01	8.02e-02	1.12e-01	1.61e-02	7.57e-04
 5.26558e+22	1.09e-30	5.65e-17	7.57e-14	7.54e-12	3.33e-10	1.04e-08	1.25e-05	1.11e-03	2.11e-02	8.78e-02	2.43e-01	2.96e-01	1.55e-01	7.63e-02	1.04e-01	1.44e-02	6.51e-04
 5.30264e+22	1.39e-30	6.99e-17	9.15e-14	8.87e-12	3.81e-10	1.16e-08	1.36e-05	1.19e-03	2.25e-02	9.15e-02	2.49e-01	2.97e-01	1.53e-01	7.36e-02	9.86e-02	1.33e-02	5.87e-04
 5.33858e+22	1.96e-30	9.41e-17	1.19e-13	1.11e-11	4.56e-10	1.34e-08	1.52e-05	1.32e-03	2.44e-02	9.67e-02	2.56e-01	2.99e-01	1.49e-01	7.00e-02	9.14e-02	1.19e-02	5.07e-04
 5.37510e+22	2.50e-30	1.16e-16	1.44e-13	1.31e-11	5.23e-10	1.50e-08	1.65e-05	1.42e-03	2.59e-02	1.01e-01	2.61e-01	2.99e-01	1.47e-01	6.74e-02	8.64e-02	1.10e-02	4.56e-04
 5.41237e+22	3.48e-30	1.56e-16	1.86e-13	1.62e-11	6.26e-10	1.73e-08	1.84e-05	1.57e-03	2.80e-02	1.06e-01	2.67e-01	3.00e-01	1.43e-01	6.40e-02	7.99e-02	9.81e-03	3.94e-04
 5.45079e+22	4.54e-30	1.97e-16	2.29e-13	1.94e-11	7.25e-10	1.94e-08	2.02e-05	1.70e-03	2.98e-02	1.11e-01	2.73e-01	3.00e-01	1.40e-01	6.13e-02	7.49e-02	8.95e-03	3.50e-04
 5.49073e+22	6.34e-30	2.63e-16	2.97e-13	2.43e-11	8.72e-10	2.25e-08	2.27e-05	1.87e-03	3.23e-02	1.16e-01	2.79e-01	2.99e-01	1.36e-01	5.79e-02	6.91e-02	7.96e-03	3.01e-04
 5.53198e+22	8.42e-30	3.37e-16	3.70e-13	2.93e-11	1.02e-09	2.56e-08	2.50e-05	2.04e-03	3.45e-02	1.21e-01	2.84e-01	2.99e-01	1.32e-01	5.52e-02	6.44e-02	7.20e-03	2.64e-04
 5.57495e+22	1.19e-29	4.57e-16	4.86e-13	3.70e-11	1.24e-09	2.99e-08	2.82e-05	2.26e-03	3.74e-02	1.28e-01	2.90e-01	2.97e-01	1.28e-01	5.19e-02	5.89e-02	6.36e-03	2.25e-04
 5.61909e+22	1.59e-29	5.90e-16	6.10e-13	4.50e-11	1.46e-09	3.41e-08	3.11e-05	2.46e-03	3.99e-02	1.33e-01	2.95e-01	2.96e-01	1.24e-01	4.92e-02	5.46e-02	5.72e-03	1.96e-04
 5.66478e+22	2.28e-29	8.07e-16	8.07e-13	5.74e-11	1.78e-09	4.01e-08	3.53e-05	2.73e-03	4.33e-02	1.40e-01	3.01e-01	2.93e-01	1.20e-01	4.60e-02	4.97e-02	5.01e-03	1.65e-04
 5.71199e+22	3.10e-29	1.05e-15	1.02e-12	7.05e-11	2.11e-09	4.61e-08	3.93e-05	2.99e-03	4.63e-02	1.46e-01	3.05e-01	2.91e-01	1.15e-01	4.34e-02	4.58e-02	4.46e-03	1.43e-04
 5.76119e+22	4.52e-29	1.46e-15	1.37e-12	9.08e-11	2.61e-09	5.47e-08	4.48e-05	3.34e-03	5.03e-02	1.53e-01	3.10e-01	2.87e-01	1.10e-01	4.02e-02	4.13e-02	3.87e-03	1.19e-04
 5.81167e+22	6.19e-29	1.93e-15	1.76e-12	1.12e-10	3.12e-09	6.32e-08	5.01e-05	3.65e-03	5.39e-02	1.60e-01	3.14e-01	2.83e-01	1.06e-01	3.77e-02	3.78e-02	3.42e-03	1.02e-04
 5.85695e+22	8.34e-29	2.50e-15	2.22e-12	1.38e-10	3.70e-09	7.26e-08	5.57e-05	3.99e-03	5.75e-02	1.66e-01	3.17e-01	2.80e-01	1.02e-01	3.55e-02	3.47e-02	3.05e-03	8.77e-05
 5.90894e+22	1.25e-28	3.55e-15	3.04e-12	1.81e-10	4.63e-09	8.71e-08	6.40e-05	4.47e-03	6.26e-02	1.74e-01	3.21e-01	2.75e-01	9.68e-02	3.26e-02	3.09e-02	2.60e-03	7.15e-05
 5.96129e+22	1.68e-28	4.60e-15	3.84e-12	2.21e-10	5.49e-09	1.00e-07	7.12e-05	4.87e-03	6.66e-02	1.80e-01	3.24e-01	2.70e-01	9.28e-02	3.05e-02	2.83e-02	2.30e-03	6.15e-05
 6.01414e+22	2.49e-28	6.51e-15	5.23e-12	2.89e-10	6.86e-09	1.20e-07	8.16e-05	5.44e-03	7.22e-02	1.89e-01	3.27e-01	2.64e-01	8.77e-02	2.79e-02	2.52e-02	1.96e-03	5.01e-05
 6.06810e+22	3.43e-28	8.60e-15	6.71e-12	3.58e-10	8.21e-09	1.39e-07	9.12e-05	5.94e-03	7.70e-02	1.95e-01	3.28e-01	2.59e-01	8.36e-02	2.60e-02	2.28e-02	1.72e-03	4.24e-05
 6.12352e+22	5.13e-28	1.23e-14	9.23e-12	4.72e-10	1.03e-08	1.67e-07	1.05e-04	6.65e-03	8.35e-02	2.04e-01	3.30e-01	2.52e-01	7.85e-02	2.36e-02	2.01e-02	1.45e-03	3.41e-05
 6.17981e+22	7.11e-28	1.64e-14	1.19e-11	5.90e-10	1.24e-08	1.94e-07	1.18e-04	7.28e-03	8.90e-02	2.11e-01	3.31e-01	2.46e-01	7.44e-02	2.19e-02	1.81e-02	1.26e-03	2.86e-05
 6.23723e+22	1.08e-27	2.38e-14	1.67e-11	7.86e-10	1.58e-08	2.36e-07	1.36e-04	8.17e-03	9.65e-02	2.20e-01	3.31e-01	2.38e-01	6.94e-02	1.97e-02	1.58e-02	1.04e-03	2.27e-05
 6.29150e+22	1.43e-27	3.05e-14	2.08e-11	9.51e-10	1.85e-08	2.68e-07	1.50e-04	8.81e-03	1.02e-01	2.25e-01	3.31e-01	2.33e-01	6.61e-02	1.84e-02	1.44e-02	9.23e-04	1.94e-05
 6.34169e+22	2.07e-27	4.25e-14	2.79e-11	1.22e-09	2.28e-08	3.18e-07	1.70e-04	9.73e-03	1.09e-01	2.33e-01	3.30e-01	2.26e-01	6.20e-02	1.68e-02	1.28e-02	7.81e-04	1.57e-05
 6.39230e+22	2.72e-27	5.45e-14	3.49e-11	1.48e-09	2.68e-08	3.62e-07	1.88e-04	1.05e-02	1.15e-01	2.39e-01	3.29e-01	2.20e-01	5.89e-02	1.56e-02	1.16e-02	6.88e-04	1.34e-05
 6.44348e+22	3.96e-27	7.66e-14	4.72e-11	1.92e-09	3.32e-08	4.31e-07	2.13e-04	1.16e-02	1.23e-01	2.46e-01	3.27e-01	2.12e-01	5.49e-02	1.41e-02	1.02e-02	5.77e-04	1.08e-05
 6.49511e+22	5.27e-27	9.93e-14	5.95e-11	2.35e-09	3.92e-08	4.94e-07	2.36e-04	1.25e-02	1.29e-01	2.52e-01	3.25e-01	2.06e-01	5.20e-02	1.31e-02	9.21e-03	5.04e-04	9.09e-06
 6.54733e+22	7.67e-27	1.40e-13	8.10e-11	3.06e-09	4.88e-08	5.90e-07	2.69e-04	1.38e-02	1.38e-01	2.59e-01	3.22e-01	1.98e-01	4.82e-02	1.18e-02	8.03e-03	4.20e-04	7.23e-06
 6.60029e+22	1.02e-26	1.84e-13	1.03e-10	3.76e-09	5.79e-08	6.79e-07	2.98e-04	1.50e-02	1.45e-01	2.64e-01	3.20e-01	1.92e-01	4.54e-02	1.08e-02	7.21e-03	3.64e-04	6.04e-06
 6.65423e+22	1.51e-26	2.64e-13	1.42e-10	4.95e-09	7.28e-08	8.18e-07	3.42e-04	1.66e-02	1.55e-01	2.71e-01	3.15e-01	1.84e-01	4.19e-02	9.70e-03	6.23e-03	2.99e-04	4.73e-06
 6.70888e+22	2.02e-26	3.48e-13	1.81e-10	6.12e-09	8.70e-08	9.46e-07	3.81e-04	1.80e-02	1.64e-01	2.76e-01	3.11e-01	1.77e-01	3.92e-02	8.88e-03	5.56e-03	2.57e-04	3.92e-06
 6.76446e+22	2.97e-26	5.05e-13	2.52e-10	8.12e-09	1.10e-07	1.15e-06	4.39e-04	2.00e-02	1.75e-01	2.82e-01	3.06e-01	1.68e-01	3.59e-02	7.89e-03	4.76e-03	2.09e-04	3.03e-06
 6.82122e+22	4.04e-26	6.80e-13	3.29e-10	1.02e-08	1.33e-07	1.35e-06	4.93e-04	2.18e-02	1.84e-01	2.87e-01	3.01e-01	1.61e-01	3.34e-02	7.16e-03	4.20e-03	1.77e-04	2.46e-06
 6.87949e+22	5.97e-26	1.00e-12	4.65e-10	1.38e-08	1.71e-07	1.66e-06	5.73e-04	2.44e-02	1.97e-01	2.92e-01	2.93e-01	1.52e-01	3.02e-02	6.29e-03	3.55e-03	1.42e-04	1.87e-06
 6.93898e+22	8.18e-26	1.37e-12	6.14e-10	1.75e-08	2.10e-07	1.96e-06	6.49e-04	2.67e-02	2.07e-01	2.96e-01	2.87e-01	1.45e-01	2.79e-02	5.66e-03	3.09e-03	1.18e-04	1.49e-06
 6.99810e+22	1.19e-25	2.01e-12	8.64e-10	2.36e-08	2.70e-07	2.42e-06	7.57e-04	2.98e-02	2.21e-01	3.01e-01	2.79e-01	1.37e-01	2.51e-02	4.95e-03	2.60e-03	9.39e-05	1.12e-06
 7.05425e+22	1.55e-25	2.64e-12	1.10e-09	2.92e-08	3.24e-07	2.82e-06	8.46e-04	3.23e-02	2.31e-01	3.03e-01	2.72e-01	1.30e-01	2.33e-02	4.49e-03	2.29e-03	7.96e-05	9.14e-07
 7.10851e+22	2.17e-25	3.78e-12	1.52e-09	3.86e-08	4.12e-07	3.46e-06	9.82e-04	3.60e-02	2.44e-01	3.06e-01	2.64e-01	1.22e-01	2.10e-02	3.94e-03	1.93e-03	6.36e-05	6.94e-07
 7.16379e+22	2.84e-25	5.01e-12	1.96e-09	4.83e-08	4.99e-07	4.07e-06	1.11e-03	3.92e-02	2.55e-01	3.08e-01	2.56e-01	1.16e-01	1.93e-02	3.54e-03	1.69e-03	5.31e-05	5.55e-07
 7.21805e+22	3.86e-25	7.03e-12	2.66e-09	6.34e-08	6.30e-07	4.97e-06	1.28e-03	4.35e-02	2.69e-01	3.09e-01	2.47e-01	1.08e-01	1.73e-02	3.10e-03	1.42e-03	4.25e-05	4.22e-07
 7.27343e+22	5.01e-25	9.40e-12	3.46e-09	8.00e-08	7.72e-07	5.92e-06	1.46e-03	4.76e-02	2.81e-01	3.09e-01	2.38e-01	1.02e-01	1.58e-02	2.76e-03	1.22e-03	3.50e-05	3.32e-07
 7.32740e+22	6.52e-25	1.29e-11	4.60e-09	1.03e-07	9.65e-07	7.19e-06	1.68e-03	5.25e-02	2.95e-01	3.09e-01	2.29e-01	9.50e-02	1.41e-02	2.42e-03	1.03e-03	2.81e-05	2.54e-07
 7.38251e+22	8.35e-25	1.72e-11	6.00e-09	1.31e-07	1.19e-06	8.64e-06	1.92e-03	5.77e-02	3.08e-01	3.08e-01	2.20e-01	8.86e-02	1.27e-02	2.13e-03	8.78e-04	2.28e-05	1.96e-07
 7.43708e+22	1.06e-24	2.31e-11	7.86e-09	1.68e-07	1.48e-06	1.05e-05	2.21e-03	6.35e-02	3.21e-01	3.07e-01	2.10e-01	8.23e-02	1.14e-02	1.86e-03	7.40e-04	1.83e-05	1.50e-07
 7.49193e+22	1.33e-24	3.07e-11	1.02e-08	2.14e-07	1.83e-06	1.26e-05	2.53e-03	6.98e-02	3.35e-01	3.04e-01	2.00e-01	7.62e-02	1.02e-02	1.62e-03	6.24e-04	1.47e-05	0.00e+00
 7.54616e+22	1.66e-24	4.04e-11	1.32e-08	2.70e-07	2.26e-06	1.52e-05	2.90e-03	7.65e-02	3.48e-01	3.01e-01	1.90e-01	7.04e-02	9.07e-03	1.41e-03	5.24e-04	1.18e-05	0.00e+00
 7.60030e+22	2.04e-24	5.27e-11	1.69e-08	3.40e-07	2.78e-06	1.82e-05	3.32e-03	8.38e-02	3.60e-01	2.98e-01	1.81e-01	6.49e-02	8.06e-03	1.23e-03	4.40e-04	9.41e-06	0.00e+00
 7.65454e+22	2.48e-24	6.82e-11	2.15e-08	4.28e-07	3.41e-06	2.19e-05	3.79e-03	9.17e-02	3.72e-01	2.93e-01	1.71e-01	5.95e-02	7.14e-03	1.06e-03	3.68e-04	7.50e-06	0.00e+00
 7.70899e+22	3.00e-24	8.76e-11	2.73e-08	5.35e-07	4.17e-06	2.63e-05	4.33e-03	1.00e-01	3.84e-01	2.88e-01	1.61e-01	5.45e-02	6.31e-03	9.18e-04	3.07e-04	5.96e-06	0.00e+00
 7.76377e+22	3.60e-24	1.12e-10	3.44e-08	6.68e-07	5.10e-06	3.16e-05	4.94e-03	1.09e-01	3.96e-01	2.82e-01	1.51e-01	4.97e-02	5.55e-03	7.90e-04	2.55e-04	4.72e-06	0.00e+00
 7.81906e+22	4.30e-24	1.42e-10	4.32e-08	8.32e-07	6.23e-06	3.79e-05	5.63e-03	1.19e-01	4.07e-01	2.76e-01	1.42e-01	4.52e-02	4.87e-03	6.77e-04	2.11e-04	3.72e-06	0.00e+00
 7.87501e+22	5.11e-24	1.79e-10	5.41e-08	1.03e-06	7.59e-06	4.54e-05	6.42e-03	1.29e-01	4.17e-01	2.69e-01	1.33e-01	4.09e-02	4.25e-03	5.77e-04	1.74e-04	2.92e-06	0.00e+00
 7.93124e+22	6.05e-24	2.23e-10	6.71e-08	1.28e-06	9.20e-06	5.42e-05	7.28e-03	1.40e-01	4.26e-01	2.61e-01	1.24e-01	3.69e-02	3.71e-03	4.92e-04	1.43e-04	2.29e-06	0.00e+00
 7.98840e+22	7.18e-24	2.78e-10	8.34e-08	1.58e-06	1.12e-05	6.49e-05	8.28e-03	1.52e-01	4.35e-01	2.53e-01	1.15e-01	3.31e-02	3.21e-03	4.16e-04	1.17e-04	1.78e-06	0.00e+00
 8.04622e+22	9.11e-24	3.42e-10	1.03e-07	1.94e-06	1.35e-05	7.73e-05	9.37e-03	1.64e-01	4.42e-01	2.45e-01	1.06e-01	2.97e-02	2.78e-03	3.51e-04	9.55e-05	1.38e-06	0.00e+00
 8.10517e+22	1.08e-23	4.22e-10	1.27e-07	2.39e-06	1.64e-05	9.26e-05	1.06e-02	1.78e-01	4.49e-01	2.36e-01	9.78e-02	2.65e-02	2.39e-03	2.94e-04	7.72e-05	1.06e-06	0.00e+00
 8.16001e+22	1.25e-23	4.97e-10	1.50e-07	2.82e-06	1.91e-05	1.07e-04	1.18e-02	1.89e-01	4.53e-01	2.29e-01	9.13e-02	2.40e-02	2.11e-03	2.54e-04	6.49e-05	8.57e-07	0.00e+00
 8.21644e+22	1.50e-23	6.09e-10	1.85e-07	3.48e-06	2.32e-05	1.28e-04	1.34e-02	2.03e-01	4.58e-01	2.19e-01	8.33e-02	2.12e-02	1.79e-03	2.10e-04	5.17e-05	6.48e-07	0.00e+00
 8.27381e+22	1.74e-23	7.14e-10	2.18e-07	4.10e-06	2.70e-05	1.48e-04	1.47e-02	2.15e-01	4.61e-01	2.11e-01	7.74e-02	1.91e-02	1.57e-03	1.80e-04	4.32e-05	5.19e-07	0.00e+00
 8.33258e+22	2.10e-23	8.67e-10	2.67e-07	5.06e-06	3.28e-05	1.78e-04	1.67e-02	2.31e-01	4.63e-01	2.00e-01	7.00e-02	1.67e-02	1.32e-03	1.47e-04	3.40e-05	3.87e-07	0.00e+00
 8.39167e+22	2.45e-23	1.01e-09	3.12e-07	5.91e-06	3.79e-05	2.04e-04	1.83e-02	2.44e-01	4.64e-01	1.93e-01	6.49e-02	1.50e-02	1.16e-03	1.26e-04	2.84e-05	3.10e-07	0.00e+00
 8.45116e+22	2.97e-23	1.21e-09	3.80e-07	7.22e-06	4.57e-05	2.43e-04	2.07e-02	2.60e-01	4.64e-01	1.82e-01	5.85e-02	1.31e-02	9.70e-04	1.02e-04	2.23e-05	2.31e-07	0.00e+00
 8.51100e+22	3.48e-23	1.40e-09	4.41e-07	8.41e-06	5.25e-05	2.78e-04	2.26e-02	2.73e-01	4.63e-01	1.75e-01	5.40e-02	1.17e-02	8.46e-04	8.74e-05	1.86e-05	1.84e-07	0.00e+00
 8.57131e+22	4.23e-23	1.66e-09	5.33e-07	1.02e-05	6.28e-05	3.30e-04	2.54e-02	2.90e-01	4.60e-01	1.65e-01	4.85e-02	1.02e-02	7.07e-04	7.09e-05	1.46e-05	1.37e-07	0.00e+00
 8.63212e+22	4.97e-23	1.91e-09	6.17e-07	1.18e-05	7.20e-05	3.75e-04	2.76e-02	3.03e-01	4.58e-01	1.57e-01	4.46e-02	9.09e-03	6.15e-04	6.03e-05	1.21e-05	0.00e+00	0.00e+00
 8.69359e+22	6.06e-23	2.25e-09	7.40e-07	1.43e-05	8.56e-05	4.44e-04	3.09e-02	3.20e-01	4.53e-01	1.47e-01	3.99e-02	7.85e-03	5.12e-04	4.87e-05	9.43e-06	0.00e+00	0.00e+00
 8.75584e+22	7.13e-23	2.57e-09	8.55e-07	1.65e-05	9.78e-05	5.04e-04	3.36e-02	3.33e-01	4.49e-01	1.40e-01	3.65e-02	6.99e-03	4.44e-04	4.12e-05	7.77e-06	0.00e+00	0.00e+00
 8.81910e+22	8.73e-23	3.03e-09	1.02e-06	1.98e-05	1.16e-04	5.95e-04	3.73e-02	3.50e-01	4.42e-01	1.31e-01	3.25e-02	5.99e-03	3.67e-04	3.30e-05	6.03e-06	0.00e+00	0.00e+00
 8.88341e+22	1.03e-22	3.45e-09	1.18e-06	2.29e-05	1.32e-04	6.75e-04	4.05e-02	3.64e-01	4.36e-01	1.24e-01	2.96e-02	5.31e-03	3.16e-04	2.78e-05	4.94e-06	0.00e+00	0.00e+00
 8.94907e+22	1.27e-22	4.06e-09	1.42e-06	2.76e-05	1.57e-04	7.95e-04	4.50e-02	3.81e-01	4.27e-01	1.15e-01	2.62e-02	4.52e-03	2.60e-04	2.21e-05	3.81e-06	0.00e+00	0.00e+00
 9.01612e+22	1.52e-22	4.64e-09	1.64e-06	3.19e-05	1.79e-04	9.02e-04	4.87e-02	3.94e-01	4.20e-01	1.08e-01	2.37e-02	3.98e-03	2.22e-04	1.84e-05	3.09e-06	0.00e+00	0.00e+00
 9.08496e+22	1.88e-22	5.47e-09	1.97e-06	3.84e-05	2.12e-04	1.06e-03	5.40e-02	4.12e-01	4.09e-01	9.98e-02	2.08e-02	3.36e-03	1.81e-04	1.45e-05	2.35e-06	0.00e+00	0.00e+00
 9.15553e+22	2.26e-22	6.28e-09	2.29e-06	4.46e-05	2.42e-04	1.21e-03	5.84e-02	4.25e-01	4.00e-01	9.34e-02	1.87e-02	2.94e-03	1.53e-04	1.20e-05	1.89e-06	0.00e+00	0.00e+00
 9.22833e+22	2.83e-22	7.43e-09	2.76e-06	5.39e-05	2.87e-04	1.43e-03	6.48e-02	4.42e-01	3.87e-01	8.54e-02	1.63e-02	2.45e-03	1.23e-04	9.30e-06	1.42e-06	0.00e+00	0.00e+00
 9.29689e+22	3.34e-22	8.40e-09	3.14e-06	6.11e-05	3.20e-04	1.58e-03	6.90e-02	4.52e-01	3.79e-01	8.06e-02	1.48e-02	2.18e-03	1.07e-04	7.90e-06	1.18e-06	0.00e+00	0.00e+00
 9.35991e+22	4.07e-22	9.72e-09	3.68e-06	7.16e-05	3.69e-04	1.82e-03	7.50e-02	4.66e-01	3.68e-01	7.45e-02	1.31e-02	1.87e-03	8.85e-05	6.36e-06	9.20e-07	0.00e+00	0.00e+00
 9.42236e+22	4.76e-22	1.09e-08	4.17e-06	8.07e-05	4.09e-04	2.00e-03	7.96e-02	4.75e-01	3.59e-01	7.02e-02	1.20e-02	1.67e-03	7.70e-05	5.42e-06	7.67e-07	0.00e+00	0.00e+00
 9.48407e+22	5.70e-22	1.25e-08	4.85e-06	9.39e-05	4.68e-04	2.29e-03	8.61e-02	4.87e-01	3.47e-01	6.48e-02	1.06e-02	1.43e-03	6.39e-05	4.37e-06	6.00e-07	0.00e+00	0.00e+00
 9.54617e+22	6.72e-22	1.41e-08	5.50e-06	1.06e-04	5.18e-04	2.52e-03	9.11e-02	4.96e-01	3.38e-01	6.10e-02	9.67e-03	1.27e-03	5.55e-05	3.72e-06	5.00e-07	0.00e+00	0.00e+00
 9.60878e+22	8.15e-22	1.63e-08	6.42e-06	1.23e-04	5.91e-04	2.86e-03	9.82e-02	5.06e-01	3.26e-01	5.61e-02	8.54e-03	1.09e-03	4.60e-05	3.00e-06	3.91e-07	0.00e+00	0.00e+00
 9.67252e+22	9.69e-22	1.85e-08	7.31e-06	1.39e-04	6.55e-04	3.15e-03	1.04e-01	5.14e-01	3.17e-01	5.27e-02	7.76e-03	9.64e-04	3.98e-05	2.54e-06	3.24e-07	0.00e+00	0.00e+00
 9.73773e+22	1.18e-21	2.15e-08	8.56e-06	1.62e-04	7.47e-04	3.59e-03	1.12e-01	5.24e-01	3.04e-01	4.82e-02	6.81e-03	8.18e-04	3.26e-05	2.03e-06	2.51e-07	0.00e+00	0.00e+00
 9.80376e+22	1.41e-21	2.45e-08	9.78e-06	1.83e-04	8.28e-04	3.95e-03	1.18e-01	5.31e-01	2.94e-01	4.50e-02	6.16e-03	7.22e-04	2.81e-05	1.71e-06	2.06e-07	0.00e+00	0.00e+00
 9.87086e+22	1.74e-21	2.87e-08	1.15e-05	2.14e-04	9.44e-04	4.48e-03	1.27e-01	5.39e-01	2.81e-01	4.11e-02	5.39e-03	6.11e-04	2.30e-05	1.36e-06	1.59e-07	0.00e+00	0.00e+00
 9.93948e+22	2.11e-21	3.31e-08	1.33e-05	2.43e-04	1.05e-03	4.93e-03	1.34e-01	5.45e-01	2.72e-01	3.82e-02	4.85e-03	5.36e-04	1.96e-05	1.13e-06	1.30e-07	0.00e+00	0.00e+00
 1.00101e+23	2.63e-21	3.91e-08	1.57e-05	2.85e-04	1.20e-03	5.62e-03	1.44e-01	5.52e-01	2.58e-01	3.46e-02	4.20e-03	4.49e-04	1.59e-05	8.90e-07	0.00e+00	0.00e+00	0.00e+00
 1.00821e+23	3.23e-21	4.55e-08	1.82e-05	3.25e-04	1.33e-03	6.19e-03	1.51e-01	5.56e-01	2.48e-01	3.20e-02	3.76e-03	3.91e-04	1.35e-05	7.38e-07	0.00e+00	0.00e+00	0.00e+00
 1.01560e+23	4.09e-21	5.44e-08	2.18e-05	3.83e-04	1.53e-03	7.05e-03	1.62e-01	5.61e-01	2.35e-01	2.88e-02	3.24e-03	3.25e-04	1.08e-05	5.74e-07	0.00e+00	0.00e+00	0.00e+00
 1.02315e+23	5.06e-21	6.38e-08	2.54e-05	4.38e-04	1.70e-03	7.78e-03	1.71e-01	5.65e-01	2.25e-01	2.65e-02	2.87e-03	2.80e-04	9.04e-06	4.71e-07	0.00e+00	0.00e+00	0.00e+00
 1.03091e+23	6.57e-21	7.78e-08	3.07e-05	5.20e-04	1.95e-03	8.86e-03	1.83e-01	5.68e-01	2.12e-01	2.37e-02	2.46e-03	2.31e-04	7.18e-06	3.62e-07	0.00e+00	0.00e+00	0.00e+00
 1.03877e+23	8.24e-21	9.21e-08	3.59e-05	5.97e-04	2.17e-03	9.76e-03	1.93e-01	5.69e-01	2.02e-01	2.17e-02	2.18e-03	1.99e-04	6.00e-06	2.96e-07	0.00e+00	0.00e+00	0.00e+00
 1.04675e+23	1.08e-20	1.13e-07	4.37e-05	7.10e-04	2.49e-03	1.11e-02	2.06e-01	5.70e-01	1.89e-01	1.93e-02	1.85e-03	1.63e-04	4.72e-06	2.26e-07	0.00e+00	0.00e+00	0.00e+00
 1.05482e+23	1.37e-20	1.35e-07	5.14e-05	8.15e-04	2.78e-03	1.22e-02	2.16e-01	5.70e-01	1.79e-01	1.76e-02	1.63e-03	1.40e-04	3.94e-06	1.84e-07	0.00e+00	0.00e+00	0.00e+00
 1.06300e+23	1.82e-20	1.68e-07	6.28e-05	9.72e-04	3.18e-03	1.39e-02	2.30e-01	5.68e-01	1.67e-01	1.56e-02	1.38e-03	1.14e-04	3.08e-06	1.40e-07	0.00e+00	0.00e+00	0.00e+00
 1.07100e+23	2.30e-20	1.99e-07	7.33e-05	1.11e-03	3.51e-03	1.51e-02	2.39e-01	5.66e-01	1.59e-01	1.43e-02	1.22e-03	9.81e-05	2.59e-06	0.00e+00	0.00e+00	0.00e+00	0.00e+00
 1.07877e+23	3.03e-20	2.45e-07	8.87e-05	1.30e-03	3.99e-03	1.70e-02	2.53e-01	5.63e-01	1.48e-01	1.27e-02	1.04e-03	8.06e-05	2.05e-06	0.00e+00	0.00e+00	0.00e+00	0.00e+00
 1.08682e+23	3.90e-20	2.96e-07	1.05e-04	1.50e-03	4.43e-03	1.86e-02	2.64e-01	5.59e-01	1.40e-01	1.15e-02	9.15e-04	6.88e-05	1.70e-06	0.00e+00	0.00e+00	0.00e+00	0.00e+00
 1.09369e+23	4.84e-20	3.48e-07	1.21e-04	1.69e-03	4.84e-03	2.01e-02	2.74e-01	5.55e-01	1.33e-01	1.06e-02	8.14e-04	5.97e-05	1.44e-06	0.00e+00	0.00e+00	0.00e+00	0.00e+00
 1.10106e+23	6.34e-20	4.27e-07	1.45e-04	1.97e-03	5.43e-03	2.23e-02	2.87e-01	5.49e-01	1.24e-01	9.44e-03	6.98e-04	4.96e-05	1.15e-06	0.00e+00	0.00e+00	0.00e+00	0.00e+00
 1.10845e+23	7.91e-20	5.03e-07	1.67e-04	2.22e-03	5.94e-03	2.41e-02	2.97e-01	5.44e-01	1.17e-01	8.64e-03	6.20e-04	4.29e-05	9.73e-07	0.00e+00	0.00e+00	0.00e+00	0.00e+00
 1.11585e+23	1.04e-19	6.20e-07	2.00e-04	2.58e-03	6.63e-03	2.65e-02	3.10e-01	5.37e-01	1.09e-01	7.73e-03	5.35e-04	3.58e-05	7.87e-07	0.00e+00	0.00e+00	0.00e+00	0.00e+00
 1.12356e+23	1.33e-19	7.44e-07	2.35e-04	2.94e-03	7.30e-03	2.89e-02	3.21e-01	5.29e-01	1.02e-01	6.97e-03	4.66e-04	3.04e-05	6.48e-07	0.00e+00	0.00e+00	0.00e+00	0.00e+00
 1.13044e+23	1.69e-19	8.86e-07	2.73e-04	3.32e-03	7.98e-03	3.11e-02	3.31e-01	5.22e-01	9.66e-02	6.35e-03	4.12e-04	2.62e-05	5.44e-07	0.00e+00	0.00e+00	0.00e+00	0.00e+00
 1.13817e+23	2.27e-19	1.10e-06	3.29e-04	3.87e-03	8.91e-03	3.42e-02	3.44e-01	5.13e-01	8.95e-02	5.64e-03	3.53e-04	2.17e-05	4.36e-07	0.00e+00	0.00e+00	0.00e+00	0.00e+00
 1.14629e+23	2.97e-19	1.35e-06	3.90e-04	4.44e-03	9.84e-03	3.72e-02	3.56e-01	5.03e-01	8.33e-02	5.05e-03	3.05e-04	1.82e-05	3.55e-07	0.00e+00	0.00e+00	0.00e+00	0.00e+00
 1.15368e+23	3.84e-19	1.63e-06	4.57e-04	5.05e-03	1.08e-02	4.02e-02	3.67e-01	4.94e-01	7.78e-02	4.55e-03	2.67e-04	1.55e-05	2.93e-07	0.00e+00	0.00e+00	0.00e+00	0.00e+00
 1.16202e+23	5.31e-19	2.06e-06	5.58e-04	5.93e-03	1.21e-02	4.42e-02	3.80e-01	4.81e-01	7.13e-02	3.99e-03	2.25e-04	1.26e-05	2.30e-07	0.00e+00	0.00e+00	0.00e+00	0.00e+00
 1.17062e+23	7.06e-19	2.54e-06	6.64e-04	6.81e-03	1.33e-02	4.80e-02	3.92e-01	4.70e-01	6.58e-02	3.54e-03	1.93e-04	1.05e-05	1.86e-07	0.00e+00	0.00e+00	0.00e+00	0.00e+00
 1.17826e+23	9.23e-19	3.09e-06	7.81e-04	7.76e-03	1.46e-02	5.17e-02	4.02e-01	4.58e-01	6.10e-02	3.17e-03	1.67e-04	8.81e-06	1.52e-07	0.00e+00	0.00e+00	0.00e+00	0.00e+00
 1.18690e+23	1.30e-18	3.96e-06	9.58e-04	9.12e-03	1.63e-02	5.67e-02	4.15e-01	4.44e-01	5.55e-02	2.76e-03	1.39e-04	7.10e-06	1.18e-07	0.00e+00	0.00e+00	0.00e+00	0.00e+00
 1.19586e+23	1.76e-18	4.93e-06	1.15e-03	1.05e-02	1.80e-02	6.15e-02	4.26e-01	4.30e-01	5.08e-02	2.43e-03	1.18e-04	5.84e-06	0.00e+00	0.00e+00	0.00e+00	0.00e+00	0.00e+00
 1.20390e+23	2.34e-18	6.05e-06	1.36e-03	1.20e-02	1.97e-02	6.62e-02	4.35e-01	4.17e-01	4.67e-02	2.15e-03	1.02e-04	4.87e-06	0.00e+00	0.00e+00	0.00e+00	0.00e+00	0.00e+00
 1.21302e+23	3.38e-18	7.88e-06	1.68e-03	1.42e-02	2.21e-02	7.25e-02	4.46e-01	4.00e-01	4.18e-02	1.84e-03	8.33e-05	3.84e-06	0.00e+00	0.00e+00	0.00e+00	0.00e+00	0.00e+00
 1.22243e+23	4.17e-18	9.86e-06	2.02e-03	1.63e-02	2.43e-02	7.82e-02	4.55e-01	3.84e-01	3.80e-02	1.61e-03	7.02e-05	3.14e-06	0.00e+00	0.00e+00	0.00e+00	0.00e+00	0.00e+00
 1.23223e+23	6.19e-18	1.31e-05	2.53e-03	1.95e-02	2.73e-02	8.58e-02	4.65e-01	3.65e-01	3.35e-02	1.36e-03	5.65e-05	2.43e-06	0.00e+00	0.00e+00	0.00e+00	0.00e+00	0.00e+00
 1.24212e+23	8.56e-18	1.64e-05	3.04e-03	2.24e-02	3.00e-02	9.22e-02	4.72e-01	3.49e-01	3.02e-02	1.18e-03	4.73e-05	1.96e-06	0.00e+00	0.00e+00	0.00e+00	0.00e+00	0.00e+00
 1.25082e+23	1.17e-17	2.05e-05	3.63e-03	2.56e-02	3.28e-02	9.88e-02	4.78e-01	3.33e-01	2.73e-02	1.02e-03	3.96e-05	1.60e-06	0.00e+00	0.00e+00	0.00e+00	0.00e+00	0.00e+00
 1.26079e+23	1.76e-17	2.72e-05	4.54e-03	3.04e-02	3.66e-02	1.08e-01	4.84e-01	3.13e-01	2.38e-02	8.54e-04	3.15e-05	1.22e-06	0.00e+00	0.00e+00	0.00e+00	0.00e+00	0.00e+00
 1.27088e+23	2.45e-17	3.41e-05	5.44e-03	3.48e-02	3.99e-02	1.15e-01	4.87e-01	2.96e-01	2.12e-02	7.34e-04	2.60e-05	9.76e-07	0.00e+00	0.00e+00	0.00e+00	0.00e+00	0.00e+00
 1.28114e+23	3.72e-17	4.53e-05	6.80e-03	4.11e-02	4.44e-02	1.24e-01	4.89e-01	2.75e-01	1.83e-02	6.07e-04	2.05e-05	7.40e-07	0.00e+00	0.00e+00	0.00e+00	0.00e+00	0.00e+00
 1.29155e+23	5.24e-17	5.72e-05	8.16e-03	4.71e-02	4.83e-02	1.32e-01	4.89e-01	2.58e-01	1.61e-02	5.17e-04	1.68e-05	5.85e-07	0.00e+00	0.00e+00	0.00e+00	0.00e+00	0.00e+00
 1.30217e+23	8.12e-17	7.66e-05	1.02e-02	5.57e-02	5.35e-02	1.42e-01	4.87e-01	2.37e-01	1.37e-02	4.20e-04	1.30e-05	4.34e-07	0.00e+00	0.00e+00	0.00e+00	0.00e+00	0.00e+00
 1.31288e+23	1.15e-16	9.64e-05	1.22e-02	6.33e-02	5.78e-02	1.50e-01	4.83e-01	2.21e-01	1.20e-02	3.55e-04	1.05e-05	3.41e-07	0.00e+00	0.00e+00	0.00e+00	0.00e+00	0.00e+00
 1.32371e+23	1.79e-16	1.29e-04	1.53e-02	7.44e-02	6.36e-02	1.60e-01	4.76e-01	2.00e-01	1.00e-02	2.85e-04	8.00e-06	2.49e-07	0.00e+00	0.00e+00	0.00e+00	0.00e+00	0.00e+00
 1.33466e+23	2.54e-16	1.62e-04	1.82e-02	8.41e-02	6.83e-02	1.68e-01	4.68e-01	1.84e-01	8.68e-03	2.38e-04	6.42e-06	1.93e-07	0.00e+00	0.00e+00	0.00e+00	0.00e+00	0.00e+00
 1.34576e+23	4.02e-16	2.16e-04	2.26e-02	9.81e-02	7.44e-02	1.77e-01	4.56e-01	1.64e-01	7.15e-03	1.88e-04	4.80e-06	1.39e-07	0.00e+00	0.00e+00	0.00e+00	0.00e+00	0.00e+00
 1.35702e+23	5.77e-16	2.70e-04	2.68e-02	1.10e-01	7.93e-02	1.84e-01	4.43e-01	1.49e-01	6.10e-03	1.56e-04	3.79e-06	0.00e+00	0.00e+00	0.00e+00	0.00e+00	0.00e+00	0.00e+00
 1.36680e+23	8.18e-16	3.34e-04	3.13e-02	1.23e-01	8.40e-02	1.90e-01	4.30e-01	1.36e-01	5.21e-03	1.29e-04	3.01e-06	0.00e+00	0.00e+00	0.00e+00	0.00e+00	0.00e+00	0.00e+00
 1.37783e+23	1.29e-15	4.38e-04	3.83e-02	1.41e-01	8.99e-02	1.97e-01	4.11e-01	1.19e-01	4.21e-03	1.01e-04	2.22e-06	0.00e+00	0.00e+00	0.00e+00	0.00e+00	0.00e+00	0.00e+00
 1.38835e+23	1.76e-15	5.25e-04	4.37e-02	1.53e-01	9.38e-02	2.01e-01	3.96e-01	1.08e-01	3.63e-03	8.46e-05	1.80e-06	0.00e+00	0.00e+00	0.00e+00	0.00e+00	0.00e+00	0.00e+00
 1.39819e+23	2.65e-15	6.61e-04	5.16e-02	1.71e-01	9.86e-02	2.05e-01	3.75e-01	9.47e-02	2.96e-03	6.70e-05	1.35e-06	0.00e+00	0.00e+00	0.00e+00	0.00e+00	0.00e+00	0.00e+00
 1.40803e+23	3.63e-15	7.87e-04	5.85e-02	1.85e-01	1.02e-01	2.07e-01	3.59e-01	8.52e-02	2.53e-03	5.59e-05	1.08e-06	0.00e+00	0.00e+00	0.00e+00	0.00e+00	0.00e+00	0.00e+00
 1.41788e+23	5.39e-15	9.72e-04	6.79e-02	2.03e-01	1.06e-01	2.09e-01	3.37e-01	7.43e-02	2.06e-03	4.43e-05	8.15e-07	0.00e+00	0.00e+00	0.00e+00	0.00e+00	0.00e+00	0.00e+00
 1.42810e+23	7.80e-15	1.17e-03	7.73e-02	2.20e-01	1.09e-01	2.09e-01	3.17e-01	6.52e-02	1.71e-03	3.57e-05	6.28e-07	0.00e+00	0.00e+00	0.00e+00	0.00e+00	0.00e+00	0.00e+00
 1.43727e+23	1.07e-14	1.38e-03	8.68e-02	2.35e-01	1.11e-01	2.09e-01	2.98e-01	5.76e-02	1.43e-03	2.93e-05	4.92e-07	0.00e+00	0.00e+00	0.00e+00	0.00e+00	0.00e+00	0.00e+00
 1.44766e+23	1.72e-14	1.70e-03	1.00e-01	2.55e-01	1.14e-01	2.06e-01	2.73e-01	4.88e-02	1.13e-03	2.25e-05	3.57e-07	0.00e+00	0.00e+00	0.00e+00	0.00e+00	0.00e+00	0.00e+00
 1.45822e+23	2.56e-14	2.02e-03	1.12e-01	2.71e-01	1.15e-01	2.04e-01	2.53e-01	4.22e-02	9.18e-04	1.79e-05	2.72e-07	0.00e+00	0.00e+00	0.00e+00	0.00e+00	0.00e+00	0.00e+00
 1.46900e+23	4.03e-14	2.46e-03	1.28e-01	2.90e-01	1.17e-01	1.99e-01	2.29e-01	3.51e-02	7.14e-04	1.36e-05	1.95e-07	0.00e+00	0.00e+00	0.00e+00	0.00e+00	0.00e+00	0.00e+00
 1.47949e+23	6.41e-14	2.86e-03	1.41e-01	3.04e-01	1.17e-01	1.94e-01	2.10e-01	3.03e-02	5.83e-04	1.09e-05	1.49e-07	0.00e+00	0.00e+00	0.00e+00	0.00e+00	0.00e+00	0.00e+00
 1.48774e+23	9.00e-14	3.24e-03	1.53e-01	3.16e-01	1.17e-01	1.89e-01	1.95e-01	2.66e-02	4.87e-04	8.94e-06	0.00e+00	0.00e+00	0.00e+00	0.00e+00	0.00e+00	0.00e+00	0.00e+00
 1.49662e+23	1.42e-13	3.77e-03	1.68e-01	3.29e-01	1.16e-01	1.83e-01	1.77e-01	2.25e-02	3.90e-04	7.01e-06	0.00e+00	0.00e+00	0.00e+00	0.00e+00	0.00e+00	0.00e+00	0.00e+00
 1.50577e+23	2.26e-13	4.27e-03	1.81e-01	3.40e-01	1.15e-01	1.77e-01	1.62e-01	1.94e-02	3.21e-04	5.68e-06	0.00e+00	0.00e+00	0.00e+00	0.00e+00	0.00e+00	0.00e+00	0.00e+00
 1.51396e+23	3.44e-13	4.81e-03	1.95e-01	3.50e-01	1.14e-01	1.71e-01	1.49e-01	1.68e-02	2.65e-04	4.61e-06	0.00e+00	0.00e+00	0.00e+00	0.00e+00	0.00e+00	0.00e+00	0.00e+00
 1.52334e+23	6.74e-13	5.56e-03	2.12e-01	3.61e-01	1.12e-01	1.63e-01	1.33e-01	1.39e-02	2.07e-04	3.53e-06	0.00e+00	0.00e+00	0.00e+00	0.00e+00	0.00e+00	0.00e+00	0.00e+00
 1.53281e+23	1.38e-12	6.26e-03	2.27e-01	3.69e-01	1.10e-01	1.55e-01	1.20e-01	1.18e-02	1.68e-04	2.82e-06	0.00e+00	0.00e+00	0.00e+00	0.00e+00	0.00e+00	0.00e+00	0.00e+00
 1.54110e+23	2.65e-12	6.99e-03	2.42e-01	3.75e-01	1.08e-01	1.48e-01	1.09e-01	1.01e-02	1.37e-04	2.26e-06	0.00e+00	0.00e+00	0.00e+00	0.00e+00	0.00e+00	0.00e+00	0.00e+00
 1.55056e+23	7.66e-12	7.99e-03	2.61e-01	3.82e-01	1.05e-01	1.39e-01	9.56e-02	8.25e-03	1.06e-04	1.71e-06	0.00e+00	0.00e+00	0.00e+00	0.00e+00	0.00e+00	0.00e+00	0.00e+00
 1.56020e+23	2.33e-11	8.92e-03	2.77e-01	3.87e-01	1.02e-01	1.32e-01	8.56e-02	6.93e-03	8.47e-05	1.35e-06	0.00e+00	0.00e+00	0.00e+00	0.00e+00	0.00e+00	0.00e+00	0.00e+00
 1.56874e+23	5.21e-11	9.90e-03	2.93e-01	3.90e-01	9.93e-02	1.25e-01	7.66e-02	5.84e-03	6.81e-05	1.07e-06	0.00e+00	0.00e+00	0.00e+00	0.00e+00	0.00e+00	0.00e+00	0.00e+00
 1.57853e+23	9.45e-11	1.12e-02	3.13e-01	3.93e-01	9.54e-02	1.16e-01	6.64e-02	4.68e-03	5.16e-05	7.92e-07	0.00e+00	0.00e+00	0.00e+00	0.00e+00	0.00e+00	0.00e+00	0.00e+00
 1.58847e+23	1.28e-10	1.25e-02	3.30e-01	3.94e-01	9.21e-02	1.08e-01	5.88e-02	3.88e-03	4.09e-05	6.16e-07	0.00e+00	0.00e+00	0.00e+00	0.00e+00	0.00e+00	0.00e+00	0.00e+00
 1.59861e+23	1.71e-10	1.41e-02	3.51e-01	3.94e-01	8.78e-02	9.92e-02	5.03e-02	3.06e-03	3.05e-05	4.50e-07	0.00e+00	0.00e+00	0.00e+00	0.00e+00	0.00e+00	0.00e+00	0.00e+00
 1.60885e+23	2.12e-10	1.56e-02	3.68e-01	3.93e-01	8.42e-02	9.20e-02	4.41e-02	2.51e-03	2.38e-05	3.46e-07	0.00e+00	0.00e+00	0.00e+00	0.00e+00	0.00e+00	0.00e+00	0.00e+00
 1.61784e+23	2.81e-10	1.72e-02	3.85e-01	3.91e-01	8.07e-02	8.54e-02	3.88e-02	2.07e-03	1.88e-05	2.68e-07	0.00e+00	0.00e+00	0.00e+00	0.00e+00	0.00e+00	0.00e+00	0.00e+00
 1.62815e+23	3.30e-10	1.94e-02	4.06e-01	3.86e-01	7.62e-02	7.74e-02	3.28e-02	1.61e-03	1.38e-05	1.93e-07	0.00e+00	0.00e+00	0.00e+00	0.00e+00	0.00e+00	0.00e+00	0.00e+00
 1.63863e+23	4.85e-10	2.13e-02	4.23e-01	3.82e-01	7.26e-02	7.12e-02	2.85e-02	1.30e-03	1.07e-05	1.47e-07	0.00e+00	0.00e+00	0.00e+00	0.00e+00	0.00e+00	0.00e+00	0.00e+00
 1.64935e+23	7.73e-10	2.39e-02	4.45e-01	3.75e-01	6.81e-02	6.38e-02	2.39e-02	1.00e-03	7.81e-06	0.00e+00	0.00e+00	0.00e+00	0.00e+00	0.00e+00	0.00e+00	0.00e+00	0.00e+00
 1.66028e+23	1.22e-09	2.63e-02	4.62e-01	3.68e-01	6.44e-02	5.81e-02	2.05e-02	7.97e-04	5.94e-06	0.00e+00	0.00e+00	0.00e+00	0.00e+00	0.00e+00	0.00e+00	0.00e+00	0.00e+00
 1.66997e+23	2.06e-09	2.87e-02	4.79e-01	3.60e-01	6.09e-02	5.29e-02	1.77e-02	6.42e-04	4.59e-06	0.00e+00	0.00e+00	0.00e+00	0.00e+00	0.00e+00	0.00e+00	0.00e+00	0.00e+00
 1.68105e+23	3.37e-09	3.21e-02	4.99e-01	3.50e-01	5.67e-02	4.68e-02	1.46e-02	4.85e-04	3.29e-06	0.00e+00	0.00e+00	0.00e+00	0.00e+00	0.00e+00	0.00e+00	0.00e+00	0.00e+00
 1.68887e+23	4.21e-09	3.30e-02	5.04e-01	3.47e-01	5.55e-02	4.53e-02	1.39e-02	4.48e-04	3.00e-06	0.00e+00	0.00e+00	0.00e+00	0.00e+00	0.00e+00	0.00e+00	0.00e+00	0.00e+00
 1.69247e+23	4.95e-09	3.43e-02	5.11e-01	3.44e-01	5.41e-02	4.34e-02	1.30e-02	4.07e-04	2.67e-06	0.00e+00	0.00e+00	0.00e+00	0.00e+00	0.00e+00	0.00e+00	0.00e+00	0.00e+00
 1.69715e+23	6.06e-09	3.59e-02	5.20e-01	3.39e-01	5.23e-02	4.11e-02	1.19e-02	3.60e-04	2.32e-06	0.00e+00	0.00e+00	0.00e+00	0.00e+00	0.00e+00	0.00e+00	0.00e+00	0.00e+00
 1.70323e+23	7.69e-09	3.80e-02	5.30e-01	3.32e-01	5.02e-02	3.84e-02	1.08e-02	3.09e-04	1.94e-06	0.00e+00	0.00e+00	0.00e+00	0.00e+00	0.00e+00	0.00e+00	0.00e+00	0.00e+00
 1.71114e+23	1.09e-08	4.09e-02	5.44e-01	3.23e-01	4.75e-02	3.49e-02	9.33e-03	2.51e-04	1.52e-06	0.00e+00	0.00e+00	0.00e+00	0.00e+00	0.00e+00	0.00e+00	0.00e+00	0.00e+00
 1.71938e+23	1.42e-08	4.36e-02	5.55e-01	3.16e-01	4.52e-02	3.22e-02	8.27e-03	2.10e-04	1.24e-06	0.00e+00	0.00e+00	0.00e+00	0.00e+00	0.00e+00	0.00e+00	0.00e+00	0.00e+00
 1.72804e+23	2.01e-08	4.71e-02	5.69e-01	3.05e-01	4.24e-02	2.90e-02	7.07e-03	1.67e-04	9.52e-07	0.00e+00	0.00e+00	0.00e+00	0.00e+00	0.00e+00	0.00e+00	0.00e+00	0.00e+00
 1.73681e+23	2.97e-08	5.03e-02	5.80e-01	2.97e-01	4.02e-02	2.65e-02	6.21e-03	1.39e-04	7.64e-07	0.00e+00	0.00e+00	0.00e+00	0.00e+00	0.00e+00	0.00e+00	0.00e+00	0.00e+00
 1.74572e+23	4.66e-08	5.41e-02	5.93e-01	2.86e-01	3.76e-02	2.38e-02	5.31e-03	1.10e-04	5.89e-07	0.00e+00	0.00e+00	0.00e+00	0.00e+00	0.00e+00	0.00e+00	0.00e+00	0.00e+00
 1.75485e+23	7.24e-08	5.78e-02	6.04e-01	2.77e-01	3.55e-02	2.16e-02	4.62e-03	9.02e-05	4.68e-07	0.00e+00	0.00e+00	0.00e+00	0.00e+00	0.00e+00	0.00e+00	0.00e+00	0.00e+00
 1.76298e+23	1.11e-07	6.14e-02	6.13e-01	2.68e-01	3.36e-02	1.97e-02	4.06e-03	7.47e-05	3.77e-07	0.00e+00	0.00e+00	0.00e+00	0.00e+00	0.00e+00	0.00e+00	0.00e+00	0.00e+00
 1.77227e+23	1.90e-07	6.63e-02	6.25e-01	2.56e-01	3.12e-02	1.75e-02	3.42e-03	5.83e-05	2.85e-07	0.00e+00	0.00e+00	0.00e+00	0.00e+00	0.00e+00	0.00e+00	0.00e+00	0.00e+00
 1.78168e+23	2.95e-07	7.05e-02	6.34e-01	2.47e-01	2.94e-02	1.58e-02	2.97e-03	4.77e-05	2.27e-07	0.00e+00	0.00e+00	0.00e+00	0.00e+00	0.00e+00	0.00e+00	0.00e+00	0.00e+00
 1.79128e+23	5.45e-07	7.62e-02	6.45e-01	2.35e-01	2.71e-02	1.39e-02	2.48e-03	3.68e-05	1.69e-07	0.00e+00	0.00e+00	0.00e+00	0.00e+00	0.00e+00	0.00e+00	0.00e+00	0.00e+00
 1.80098e+23	8.32e-07	8.09e-02	6.53e-01	2.26e-01	2.55e-02	1.25e-02	2.16e-03	3.00e-05	1.35e-07	0.00e+00	0.00e+00	0.00e+00	0.00e+00	0.00e+00	0.00e+00	0.00e+00	0.00e+00
 1.81082e+23	1.46e-06	8.69e-02	6.63e-01	2.14e-01	2.35e-02	1.10e-02	1.81e-03	2.33e-05	0.00e+00	0.00e+00	0.00e+00	0.00e+00	0.00e+00	0.00e+00	0.00e+00	0.00e+00	0.00e+00
 1.82103e+23	3.93e-06	9.28e-02	6.70e-01	2.04e-01	2.19e-02	9.77e-03	1.54e-03	1.85e-05	0.00e+00	0.00e+00	0.00e+00	0.00e+00	0.00e+00	0.00e+00	0.00e+00	0.00e+00	0.00e+00
 1.83173e+23	6.68e-06	1.00e-01	6.79e-01	1.91e-01	2.01e-02	8.45e-03	1.27e-03	1.40e-05	0.00e+00	0.00e+00	0.00e+00	0.00e+00	0.00e+00	0.00e+00	0.00e+00	0.00e+00	0.00e+00
 1.84265e+23	1.00e-05	1.07e-01	6.85e-01	1.81e-01	1.86e-02	7.45e-03	1.07e-03	1.10e-05	0.00e+00	0.00e+00	0.00e+00	0.00e+00	0.00e+00	0.00e+00	0.00e+00	0.00e+00	0.00e+00
 1.85389e+23	1.52e-05	1.16e-01	6.92e-01	1.68e-01	1.68e-02	6.34e-03	8.68e-04	8.17e-06	0.00e+00	0.00e+00	0.00e+00	0.00e+00	0.00e+00	0.00e+00	0.00e+00	0.00e+00	0.00e+00
 1.86510e+23	1.93e-05	1.23e-01	6.96e-01	1.59e-01	1.56e-02	5.60e-03	7.38e-04	6.48e-06	0.00e+00	0.00e+00	0.00e+00	0.00e+00	0.00e+00	0.00e+00	0.00e+00	0.00e+00	0.00e+00
 1.87628e+23	2.57e-05	1.32e-01	7.01e-01	1.47e-01	1.41e-02	4.76e-03	5.98e-04	4.81e-06	0.00e+00	0.00e+00	0.00e+00	0.00e+00	0.00e+00	0.00e+00	0.00e+00	0.00e+00	0.00e+00
 1.88765e+23	3.10e-05	1.41e-01	7.04e-01	1.38e-01	1.30e-02	4.17e-03	5.05e-04	3.79e-06	0.00e+00	0.00e+00	0.00e+00	0.00e+00	0.00e+00	0.00e+00	0.00e+00	0.00e+00	0.00e+00
 1.89926e+23	3.93e-05	1.51e-01	7.06e-01	1.27e-01	1.17e-02	3.51e-03	4.05e-04	2.78e-06	0.00e+00	0.00e+00	0.00e+00	0.00e+00	0.00e+00	0.00e+00	0.00e+00	0.00e+00	0.00e+00
 1.91100e+23	4.60e-05	1.61e-01	7.07e-01	1.18e-01	1.07e-02	3.06e-03	3.41e-04	2.18e-06	0.00e+00	0.00e+00	0.00e+00	0.00e+00	0.00e+00	0.00e+00	0.00e+00	0.00e+00	0.00e+00
 1.92289e+23	5.62e-05	1.73e-01	7.07e-01	1.07e-01	9.59e-03	2.56e-03	2.72e-04	1.59e-06	0.00e+00	0.00e+00	0.00e+00	0.00e+00	0.00e+00	0.00e+00	0.00e+00	0.00e+00	0.00e+00
 1.93492e+23	6.54e-05	1.83e-01	7.06e-01	9.95e-02	8.76e-03	2.22e-03	2.27e-04	1.24e-06	0.00e+00	0.00e+00	0.00e+00	0.00e+00	0.00e+00	0.00e+00	0.00e+00	0.00e+00	0.00e+00
 1.94711e+23	7.78e-05	1.97e-01	7.04e-01	8.95e-02	7.79e-03	1.83e-03	1.80e-04	8.95e-07	0.00e+00	0.00e+00	0.00e+00	0.00e+00	0.00e+00	0.00e+00	0.00e+00	0.00e+00	0.00e+00
 1.95946e+23	8.97e-05	2.09e-01	7.01e-01	8.19e-02	7.06e-03	1.57e-03	1.49e-04	6.88e-07	0.00e+00	0.00e+00	0.00e+00	0.00e+00	0.00e+00	0.00e+00	0.00e+00	0.00e+00	0.00e+00
 1.97203e+23	1.06e-04	2.24e-01	6.96e-01	7.28e-02	6.23e-03	1.29e-03	1.17e-04	4.92e-07	0.00e+00	0.00e+00	0.00e+00	0.00e+00	0.00e+00	0.00e+00	0.00e+00	0.00e+00	0.00e+00
 1.98474e+23	1.21e-04	2.37e-01	6.90e-01	6.60e-02	5.61e-03	1.10e-03	9.58e-05	3.75e-07	0.00e+00	0.00e+00	0.00e+00	0.00e+00	0.00e+00	0.00e+00	0.00e+00	0.00e+00	0.00e+00
 1.99761e+23	1.43e-04	2.55e-01	6.82e-01	5.75e-02	4.89e-03	8.83e-04	7.37e-05	2.62e-07	0.00e+00	0.00e+00	0.00e+00	0.00e+00	0.00e+00	0.00e+00	0.00e+00	0.00e+00	0.00e+00
 2.01053e+23	1.63e-04	2.69e-01	6.74e-01	5.16e-02	4.39e-03	7.49e-04	6.04e-05	2.00e-07	0.00e+00	0.00e+00	0.00e+00	0.00e+00	0.00e+00	0.00e+00	0.00e+00	0.00e+00	0.00e+00
 2.02349e+23	1.92e-04	2.89e-01	6.62e-01	4.44e-02	3.79e-03	5.97e-04	4.61e-05	1.38e-07	0.00e+00	0.00e+00	0.00e+00	0.00e+00	0.00e+00	0.00e+00	0.00e+00	0.00e+00	0.00e+00
 2.03665e+23	2.18e-04	3.05e-01	6.52e-01	3.91e-02	3.36e-03	4.98e-04	3.71e-05	0.00e+00	0.00e+00	0.00e+00	0.00e+00	0.00e+00	0.00e+00	0.00e+00	0.00e+00	0.00e+00	0.00e+00
 2.05005e+23	2.57e-04	3.28e-01	6.36e-01	3.28e-02	2.85e-03	3.89e-04	2.77e-05	0.00e+00	0.00e+00	0.00e+00	0.00e+00	0.00e+00	0.00e+00	0.00e+00	0.00e+00	0.00e+00	0.00e+00
 2.06370e+23	2.95e-04	3.47e-01	6.22e-01	2.82e-02	2.48e-03	3.16e-04	2.18e-05	0.00e+00	0.00e+00	0.00e+00	0.00e+00	0.00e+00	0.00e+00	0.00e+00	0.00e+00	0.00e+00	0.00e+00
 2.07768e+23	3.49e-04	3.73e-01	6.01e-01	2.30e-02	2.06e-03	2.40e-04	1.59e-05	0.00e+00	0.00e+00	0.00e+00	0.00e+00	0.00e+00	0.00e+00	0.00e+00	0.00e+00	0.00e+00	0.00e+00
 2.08998e+23	3.87e-04	3.89e-01	5.88e-01	2.01e-02	1.82e-03	2.02e-04	1.30e-05	0.00e+00	0.00e+00	0.00e+00	0.00e+00	0.00e+00	0.00e+00	0.00e+00	0.00e+00	0.00e+00	0.00e+00
 2.09872e+23	4.25e-04	4.05e-01	5.75e-01	1.77e-02	1.62e-03	1.71e-04	1.08e-05	0.00e+00	0.00e+00	0.00e+00	0.00e+00	0.00e+00	0.00e+00	0.00e+00	0.00e+00	0.00e+00	0.00e+00
 2.10871e+23	4.79e-04	4.27e-01	5.56e-01	1.49e-02	1.38e-03	1.37e-04	8.38e-06	0.00e+00	0.00e+00	0.00e+00	0.00e+00	0.00e+00	0.00e+00	0.00e+00	0.00e+00	0.00e+00	0.00e+00
 2.11937e+23	5.35e-04	4.48e-01	5.38e-01	1.25e-02	1.18e-03	1.10e-04	6.58e-06	0.00e+00	0.00e+00	0.00e+00	0.00e+00	0.00e+00	0.00e+00	0.00e+00	0.00e+00	0.00e+00	0.00e+00
 2.12933e+23	5.97e-04	4.70e-01	5.18e-01	1.05e-02	9.90e-04	8.75e-05	5.12e-06	0.00e+00	0.00e+00	0.00e+00	0.00e+00	0.00e+00	0.00e+00	0.00e+00	0.00e+00	0.00e+00	0.00e+00
 2.14072e+23	6.86e-04	4.99e-01	4.91e-01	8.18e-03	7.82e-04	6.43e-05	3.68e-06	0.00e+00	0.00e+00	0.00e+00	0.00e+00	0.00e+00	0.00e+00	0.00e+00	0.00e+00	0.00e+00	0.00e+00
