#depth	N	N+	N+2	N+3	N+4	N+5	N+6	N+7
 1.54284e+22	6.03e-25	6.08e-19	1.70e-14	5.61e-11	6.10e-08	2.12e-04	3.08e-02	9.69e-01
 3.44458e+22	5.67e-23	2.72e-17	3.69e-13	5.83e-10	2.90e-07	6.67e-04	5.55e-02	9.44e-01
 3.94865e+22	7.48e-22	2.42e-16	2.20e-12	2.28e-09	7.17e-07	1.20e-03	7.39e-02	9.25e-01
 4.16640e+22	3.29e-21	8.56e-16	6.23e-12	5.02e-09	1.21e-06	1.67e-03	8.64e-02	9.12e-01
 4.25713e+22	4.83e-21	1.19e-15	8.16e-12	6.17e-09	1.39e-06	1.82e-03	9.00e-02	9.08e-01
 4.28698e+22	6.21e-21	1.47e-15	9.73e-12	7.05e-09	1.52e-06	1.93e-03	9.23e-02	9.06e-01
 4.31389e+22	8.48e-21	1.92e-15	1.21e-11	8.34e-09	1.70e-06	2.07e-03	9.54e-02	9.03e-01
 4.34082e+22	1.09e-20	2.39e-15	1.45e-11	9.56e-09	1.87e-06	2.18e-03	9.79e-02	9.00e-01
 4.36748e+22	1.50e-20	3.12e-15	1.81e-11	1.13e-08	2.09e-06	2.34e-03	1.01e-01	8.96e-01
 4.39422e+22	1.91e-20	3.84e-15	2.15e-11	1.29e-08	2.28e-06	2.47e-03	1.04e-01	8.94e-01
 4.42137e+22	2.63e-20	5.05e-15	2.69e-11	1.53e-08	2.56e-06	2.65e-03	1.07e-01	8.90e-01
 4.44886e+22	3.33e-20	6.19e-15	3.19e-11	1.74e-08	2.80e-06	2.80e-03	1.10e-01	8.87e-01
 4.47681e+22	4.59e-20	8.15e-15	4.00e-11	2.07e-08	3.14e-06	3.01e-03	1.14e-01	8.83e-01
 4.50534e+22	5.83e-20	1.00e-14	4.74e-11	2.36e-08	3.43e-06	3.18e-03	1.17e-01	8.80e-01
 4.53461e+22	7.98e-20	1.31e-14	5.92e-11	2.80e-08	3.85e-06	3.42e-03	1.20e-01	8.76e-01
 4.56484e+22	1.03e-19	1.63e-14	7.09e-11	3.22e-08	4.23e-06	3.62e-03	1.24e-01	8.73e-01
 4.59627e+22	1.42e-19	2.15e-14	8.93e-11	3.84e-08	4.77e-06	3.90e-03	1.28e-01	8.68e-01
 4.62810e+22	1.83e-19	2.66e-14	1.07e-10	4.40e-08	5.24e-06	4.13e-03	1.32e-01	8.64e-01
 4.66050e+22	2.51e-19	3.50e-14	1.34e-10	5.25e-08	5.91e-06	4.45e-03	1.36e-01	8.60e-01
 4.69312e+22	3.20e-19	4.30e-14	1.59e-10	5.99e-08	6.47e-06	4.71e-03	1.40e-01	8.56e-01
 4.72604e+22	4.37e-19	5.62e-14	1.99e-10	7.12e-08	7.28e-06	5.07e-03	1.44e-01	8.51e-01
 4.75789e+22	5.36e-19	6.71e-14	2.30e-10	7.97e-08	7.88e-06	5.33e-03	1.48e-01	8.47e-01
 4.78838e+22	7.07e-19	8.51e-14	2.80e-10	9.30e-08	8.76e-06	5.69e-03	1.52e-01	8.42e-01
 4.81964e+22	8.74e-19	1.02e-13	3.26e-10	1.05e-07	9.50e-06	5.99e-03	1.56e-01	8.38e-01
 4.85192e+22	1.16e-18	1.30e-13	4.00e-10	1.23e-07	1.06e-05	6.41e-03	1.60e-01	8.33e-01
 4.88462e+22	1.43e-18	1.56e-13	4.64e-10	1.37e-07	1.15e-05	6.74e-03	1.64e-01	8.29e-01
 4.91787e+22	1.87e-18	1.97e-13	5.64e-10	1.60e-07	1.28e-05	7.20e-03	1.69e-01	8.24e-01
 4.95085e+22	2.30e-18	2.34e-13	6.53e-10	1.79e-07	1.38e-05	7.57e-03	1.73e-01	8.20e-01
 4.98349e+22	3.00e-18	2.95e-13	7.91e-10	2.08e-07	1.54e-05	8.08e-03	1.78e-01	8.14e-01
 5.01646e+22	3.63e-18	3.47e-13	9.07e-10	2.32e-07	1.66e-05	8.47e-03	1.81e-01	8.10e-01
 5.04986e+22	4.71e-18	4.35e-13	1.10e-09	2.69e-07	1.84e-05	9.03e-03	1.87e-01	8.04e-01
 5.08389e+22	5.72e-18	5.14e-13	1.26e-09	3.00e-07	1.98e-05	9.48e-03	1.91e-01	8.00e-01
 5.11877e+22	7.44e-18	6.44e-13	1.52e-09	3.48e-07	2.20e-05	1.01e-02	1.96e-01	7.94e-01
 5.15429e+22	9.04e-18	7.63e-13	1.75e-09	3.89e-07	2.38e-05	1.06e-02	2.00e-01	7.89e-01
 5.19063e+22	1.18e-17	9.57e-13	2.12e-09	4.52e-07	2.65e-05	1.13e-02	2.06e-01	7.82e-01
 5.22766e+22	1.43e-17	1.13e-12	2.45e-09	5.06e-07	2.86e-05	1.19e-02	2.11e-01	7.77e-01
 5.26558e+22	1.86e-17	1.42e-12	2.96e-09	5.88e-07	3.19e-05	1.27e-02	2.17e-01	7.71e-01
 5.30264e+22	2.22e-17	1.65e-12	3.35e-09	6.49e-07	3.42e-05	1.33e-02	2.21e-01	7.66e-01
 5.33858e+22	2.84e-17	2.05e-12	4.02e-09	7.49e-07	3.78e-05	1.42e-02	2.27e-01	7.59e-01
 5.37510e+22	3.38e-17	2.38e-12	4.56e-09	8.27e-07	4.06e-05	1.48e-02	2.31e-01	7.54e-01
 5.41237e+22	4.30e-17	2.93e-12	5.43e-09	9.49e-07	4.48e-05	1.57e-02	2.37e-01	7.47e-01
 5.45079e+22	5.22e-17	3.46e-12	6.24e-09	1.06e-06	4.84e-05	1.65e-02	2.42e-01	7.41e-01
 5.49073e+22	6.63e-17	4.25e-12	7.43e-09	1.22e-06	5.35e-05	1.76e-02	2.48e-01	7.34e-01
 5.53198e+22	8.12e-17	5.06e-12	8.61e-09	1.37e-06	5.81e-05	1.85e-02	2.54e-01	7.28e-01
 5.57495e+22	1.04e-16	6.27e-12	1.03e-08	1.58e-06	6.44e-05	1.97e-02	2.60e-01	7.20e-01
 5.61909e+22	1.28e-16	7.51e-12	1.20e-08	1.78e-06	7.01e-05	2.08e-02	2.66e-01	7.13e-01
 5.66478e+22	1.64e-16	9.36e-12	1.44e-08	2.06e-06	7.79e-05	2.22e-02	2.73e-01	7.05e-01
 5.71199e+22	2.03e-16	1.13e-11	1.69e-08	2.34e-06	8.52e-05	2.35e-02	2.79e-01	6.97e-01
 5.76119e+22	2.64e-16	1.42e-11	2.05e-08	2.73e-06	9.52e-05	2.51e-02	2.87e-01	6.88e-01
 5.81167e+22	3.31e-16	1.72e-11	2.41e-08	3.11e-06	1.04e-04	2.66e-02	2.93e-01	6.80e-01
 5.85695e+22	4.07e-16	2.06e-11	2.81e-08	3.51e-06	1.14e-04	2.81e-02	2.99e-01	6.72e-01
 5.90894e+22	5.43e-16	2.65e-11	3.46e-08	4.14e-06	1.28e-04	3.02e-02	3.08e-01	6.62e-01
 5.96129e+22	6.69e-16	3.17e-11	4.03e-08	4.68e-06	1.40e-04	3.18e-02	3.14e-01	6.54e-01
 6.01414e+22	8.86e-16	4.04e-11	4.94e-08	5.51e-06	1.57e-04	3.42e-02	3.23e-01	6.43e-01
 6.06810e+22	1.11e-15	4.91e-11	5.83e-08	6.28e-06	1.73e-04	3.62e-02	3.30e-01	6.34e-01
 6.12352e+22	1.48e-15	6.31e-11	7.20e-08	7.43e-06	1.95e-04	3.89e-02	3.39e-01	6.22e-01
 6.17981e+22	1.88e-15	7.73e-11	8.54e-08	8.52e-06	2.15e-04	4.13e-02	3.46e-01	6.12e-01
 6.23723e+22	2.54e-15	1.01e-10	1.07e-07	1.02e-05	2.44e-04	4.46e-02	3.56e-01	5.99e-01
 6.29150e+22	3.11e-15	1.20e-10	1.23e-07	1.14e-05	2.65e-04	4.68e-02	3.62e-01	5.91e-01
 6.34169e+22	4.07e-15	1.51e-10	1.50e-07	1.34e-05	2.97e-04	5.01e-02	3.71e-01	5.79e-01
 6.39230e+22	4.97e-15	1.80e-10	1.74e-07	1.51e-05	3.23e-04	5.27e-02	3.77e-01	5.70e-01
 6.44348e+22	6.55e-15	2.29e-10	2.14e-07	1.77e-05	3.63e-04	5.64e-02	3.86e-01	5.57e-01
 6.49511e+22	8.07e-15	2.74e-10	2.49e-07	2.01e-05	3.96e-04	5.94e-02	3.92e-01	5.48e-01
 6.54733e+22	1.07e-14	3.50e-10	3.06e-07	2.37e-05	4.46e-04	6.38e-02	4.01e-01	5.35e-01
 6.60029e+22	1.32e-14	4.22e-10	3.59e-07	2.69e-05	4.89e-04	6.73e-02	4.08e-01	5.24e-01
 6.65423e+22	1.77e-14	5.43e-10	4.46e-07	3.21e-05	5.53e-04	7.23e-02	4.17e-01	5.10e-01
 6.70888e+22	2.20e-14	6.57e-10	5.24e-07	3.66e-05	6.08e-04	7.64e-02	4.24e-01	4.99e-01
 6.76446e+22	2.96e-14	8.50e-10	6.53e-07	4.37e-05	6.91e-04	8.22e-02	4.33e-01	4.84e-01
 6.82122e+22	3.73e-14	1.04e-09	7.78e-07	5.05e-05	7.65e-04	8.72e-02	4.40e-01	4.72e-01
 6.87949e+22	5.05e-14	1.36e-09	9.78e-07	6.09e-05	8.75e-04	9.41e-02	4.49e-01	4.56e-01
 6.93898e+22	6.43e-14	1.68e-09	1.17e-06	7.07e-05	9.75e-04	1.00e-01	4.56e-01	4.43e-01
 6.99810e+22	8.61e-14	2.18e-09	1.47e-06	8.51e-05	1.11e-03	1.08e-01	4.65e-01	4.26e-01
 7.05425e+22	1.06e-13	2.62e-09	1.72e-06	9.71e-05	1.22e-03	1.14e-01	4.70e-01	4.15e-01
 7.10851e+22	1.39e-13	3.32e-09	2.12e-06	1.16e-04	1.39e-03	1.22e-01	4.78e-01	3.99e-01
 7.16379e+22	1.71e-13	4.01e-09	2.50e-06	1.33e-04	1.54e-03	1.29e-01	4.83e-01	3.87e-01
 7.21805e+22	2.20e-13	5.01e-09	3.05e-06	1.57e-04	1.73e-03	1.38e-01	4.89e-01	3.71e-01
 7.27343e+22	2.71e-13	6.05e-09	3.60e-06	1.81e-04	1.92e-03	1.45e-01	4.94e-01	3.58e-01
 7.32740e+22	3.40e-13	7.43e-09	4.32e-06	2.12e-04	2.16e-03	1.55e-01	4.99e-01	3.44e-01
 7.38251e+22	4.19e-13	8.98e-09	5.12e-06	2.45e-04	2.40e-03	1.64e-01	5.03e-01	3.31e-01
 7.43708e+22	5.17e-13	1.09e-08	6.08e-06	2.85e-04	2.68e-03	1.73e-01	5.07e-01	3.17e-01
 7.49193e+22	6.30e-13	1.30e-08	7.17e-06	3.29e-04	2.98e-03	1.83e-01	5.10e-01	3.04e-01
 7.54616e+22	7.63e-13	1.55e-08	8.43e-06	3.80e-04	3.31e-03	1.94e-01	5.12e-01	2.91e-01
 7.60030e+22	9.17e-13	1.84e-08	9.86e-06	4.37e-04	3.68e-03	2.04e-01	5.14e-01	2.78e-01
 7.65454e+22	1.10e-12	2.18e-08	1.15e-05	5.01e-04	4.07e-03	2.15e-01	5.15e-01	2.65e-01
 7.70899e+22	1.30e-12	2.56e-08	1.34e-05	5.74e-04	4.51e-03	2.26e-01	5.16e-01	2.53e-01
 7.76377e+22	1.54e-12	2.99e-08	1.55e-05	6.57e-04	4.99e-03	2.38e-01	5.16e-01	2.41e-01
 7.81906e+22	1.81e-12	3.49e-08	1.79e-05	7.50e-04	5.51e-03	2.50e-01	5.15e-01	2.29e-01
 7.87501e+22	2.12e-12	4.06e-08	2.07e-05	8.55e-04	6.09e-03	2.62e-01	5.14e-01	2.17e-01
 7.93124e+22	2.46e-12	4.69e-08	2.38e-05	9.72e-04	6.71e-03	2.74e-01	5.12e-01	2.06e-01
 7.98840e+22	2.86e-12	5.43e-08	2.73e-05	1.11e-03	7.41e-03	2.87e-01	5.09e-01	1.95e-01
 8.04622e+22	3.31e-12	6.24e-08	3.13e-05	1.25e-03	8.15e-03	3.00e-01	5.06e-01	1.85e-01
 8.10517e+22	3.82e-12	7.18e-08	3.59e-05	1.43e-03	8.99e-03	3.13e-01	5.02e-01	1.74e-01
 8.16001e+22	4.28e-12	8.03e-08	4.00e-05	1.58e-03	9.72e-03	3.25e-01	4.99e-01	1.66e-01
 8.21644e+22	4.93e-12	9.22e-08	4.59e-05	1.80e-03	1.07e-02	3.39e-01	4.93e-01	1.55e-01
 8.27381e+22	5.51e-12	1.03e-07	5.11e-05	1.99e-03	1.16e-02	3.50e-01	4.89e-01	1.47e-01
 8.33258e+22	6.30e-12	1.18e-07	5.86e-05	2.26e-03	1.28e-02	3.66e-01	4.82e-01	1.37e-01
 8.39167e+22	7.02e-12	1.31e-07	6.50e-05	2.49e-03	1.38e-02	3.77e-01	4.76e-01	1.30e-01
 8.45116e+22	7.99e-12	1.49e-07	7.41e-05	2.82e-03	1.52e-02	3.92e-01	4.68e-01	1.21e-01
 8.51100e+22	8.85e-12	1.65e-07	8.20e-05	3.09e-03	1.63e-02	4.04e-01	4.62e-01	1.15e-01
 8.57131e+22	1.00e-11	1.87e-07	9.32e-05	3.49e-03	1.79e-02	4.18e-01	4.53e-01	1.07e-01
 8.63212e+22	1.11e-11	2.07e-07	1.03e-04	3.82e-03	1.92e-02	4.30e-01	4.46e-01	1.01e-01
 8.69359e+22	1.25e-11	2.34e-07	1.17e-04	4.29e-03	2.11e-02	4.45e-01	4.37e-01	9.32e-02
 8.75584e+22	1.38e-11	2.58e-07	1.29e-04	4.69e-03	2.26e-02	4.56e-01	4.29e-01	8.78e-02
 8.81910e+22	1.55e-11	2.92e-07	1.46e-04	5.26e-03	2.47e-02	4.71e-01	4.18e-01	8.10e-02
 8.88341e+22	1.72e-11	3.22e-07	1.61e-04	5.75e-03	2.64e-02	4.82e-01	4.10e-01	7.60e-02
 8.94907e+22	1.94e-11	3.64e-07	1.82e-04	6.44e-03	2.89e-02	4.96e-01	3.99e-01	6.98e-02
 9.01612e+22	2.14e-11	4.03e-07	2.02e-04	7.04e-03	3.09e-02	5.07e-01	3.89e-01	6.52e-02
 9.08496e+22	2.42e-11	4.56e-07	2.29e-04	7.89e-03	3.38e-02	5.21e-01	3.77e-01	5.95e-02
 9.15553e+22	2.70e-11	5.07e-07	2.55e-04	8.64e-03	3.62e-02	5.32e-01	3.67e-01	5.53e-02
 9.22833e+22	3.06e-11	5.77e-07	2.91e-04	9.70e-03	3.96e-02	5.46e-01	3.54e-01	5.01e-02
 9.29689e+22	3.36e-11	6.32e-07	3.18e-04	1.05e-02	4.18e-02	5.55e-01	3.46e-01	4.71e-02
 9.35991e+22	3.76e-11	7.07e-07	3.56e-04	1.15e-02	4.50e-02	5.66e-01	3.34e-01	4.32e-02
 9.42236e+22	4.12e-11	7.72e-07	3.88e-04	1.24e-02	4.75e-02	5.73e-01	3.26e-01	4.05e-02
 9.48407e+22	4.55e-11	8.57e-07	4.32e-04	1.35e-02	5.09e-02	5.83e-01	3.15e-01	3.72e-02
 9.54617e+22	5.00e-11	9.38e-07	4.72e-04	1.45e-02	5.36e-02	5.90e-01	3.06e-01	3.48e-02
 9.60878e+22	5.57e-11	1.05e-06	5.27e-04	1.59e-02	5.73e-02	5.99e-01	2.95e-01	3.19e-02
 9.67252e+22	6.15e-11	1.15e-06	5.76e-04	1.70e-02	6.03e-02	6.06e-01	2.87e-01	2.98e-02
 9.73773e+22	6.86e-11	1.28e-06	6.45e-04	1.86e-02	6.45e-02	6.14e-01	2.75e-01	2.71e-02
 9.80376e+22	7.59e-11	1.41e-06	7.07e-04	2.00e-02	6.79e-02	6.19e-01	2.67e-01	2.52e-02
 9.87086e+22	8.53e-11	1.59e-06	7.94e-04	2.19e-02	7.25e-02	6.26e-01	2.56e-01	2.29e-02
 9.93948e+22	9.52e-11	1.76e-06	8.75e-04	2.35e-02	7.62e-02	6.31e-01	2.47e-01	2.12e-02
 1.00101e+23	1.08e-10	1.99e-06	9.87e-04	2.58e-02	8.15e-02	6.37e-01	2.35e-01	1.91e-02
 1.00821e+23	1.21e-10	2.22e-06	1.09e-03	2.77e-02	8.57e-02	6.41e-01	2.27e-01	1.77e-02
 1.01560e+23	1.38e-10	2.52e-06	1.24e-03	3.04e-02	9.16e-02	6.46e-01	2.15e-01	1.58e-02
 1.02315e+23	1.55e-10	2.82e-06	1.37e-03	3.28e-02	9.64e-02	6.48e-01	2.07e-01	1.45e-02
 1.03091e+23	1.79e-10	3.24e-06	1.57e-03	3.61e-02	1.03e-01	6.51e-01	1.95e-01	1.29e-02
 1.03877e+23	2.04e-10	3.64e-06	1.75e-03	3.89e-02	1.08e-01	6.53e-01	1.87e-01	1.18e-02
 1.04675e+23	2.36e-10	4.19e-06	2.00e-03	4.27e-02	1.15e-01	6.54e-01	1.76e-01	1.04e-02
 1.05482e+23	2.70e-10	4.73e-06	2.23e-03	4.60e-02	1.21e-01	6.54e-01	1.68e-01	9.49e-03
 1.06300e+23	3.16e-10	5.48e-06	2.56e-03	5.05e-02	1.29e-01	6.53e-01	1.57e-01	8.35e-03
 1.07100e+23	3.60e-10	6.16e-06	2.84e-03	5.41e-02	1.34e-01	6.51e-01	1.50e-01	7.63e-03
 1.07877e+23	4.18e-10	7.09e-06	3.23e-03	5.90e-02	1.42e-01	6.49e-01	1.41e-01	6.74e-03
 1.08682e+23	4.83e-10	8.04e-06	3.60e-03	6.34e-02	1.48e-01	6.46e-01	1.33e-01	6.10e-03
 1.09369e+23	5.44e-10	8.95e-06	3.96e-03	6.74e-02	1.54e-01	6.42e-01	1.27e-01	5.57e-03
 1.10106e+23	6.30e-10	1.02e-05	4.48e-03	7.29e-02	1.61e-01	6.37e-01	1.19e-01	4.95e-03
 1.10845e+23	7.11e-10	1.14e-05	4.93e-03	7.75e-02	1.67e-01	6.33e-01	1.13e-01	4.50e-03
 1.11585e+23	8.29e-10	1.31e-05	5.55e-03	8.36e-02	1.74e-01	6.26e-01	1.06e-01	4.01e-03
 1.12356e+23	9.45e-10	1.47e-05	6.16e-03	8.92e-02	1.81e-01	6.20e-01	1.00e-01	3.60e-03
 1.13044e+23	1.08e-09	1.65e-05	6.79e-03	9.48e-02	1.87e-01	6.13e-01	9.49e-02	3.26e-03
 1.13817e+23	1.27e-09	1.90e-05	7.67e-03	1.02e-01	1.95e-01	6.04e-01	8.84e-02	2.88e-03
 1.14629e+23	1.47e-09	2.16e-05	8.56e-03	1.09e-01	2.02e-01	5.95e-01	8.27e-02	2.56e-03
 1.15368e+23	1.69e-09	2.44e-05	9.49e-03	1.16e-01	2.09e-01	5.86e-01	7.76e-02	2.29e-03
 1.16202e+23	2.02e-09	2.85e-05	1.08e-02	1.25e-01	2.17e-01	5.74e-01	7.16e-02	1.99e-03
 1.17062e+23	2.35e-09	3.25e-05	1.21e-02	1.34e-01	2.24e-01	5.62e-01	6.65e-02	1.75e-03
 1.17826e+23	2.73e-09	3.69e-05	1.34e-02	1.42e-01	2.30e-01	5.51e-01	6.20e-02	1.56e-03
 1.18690e+23	3.29e-09	4.32e-05	1.52e-02	1.53e-01	2.38e-01	5.36e-01	5.67e-02	1.34e-03
 1.19586e+23	3.87e-09	4.96e-05	1.70e-02	1.63e-01	2.45e-01	5.22e-01	5.22e-02	1.17e-03
 1.20390e+23	4.52e-09	5.66e-05	1.89e-02	1.73e-01	2.51e-01	5.08e-01	4.82e-02	1.02e-03
 1.21302e+23	5.53e-09	6.69e-05	2.16e-02	1.86e-01	2.58e-01	4.90e-01	4.35e-02	8.64e-04
 1.22243e+23	6.46e-09	7.71e-05	2.42e-02	1.97e-01	2.64e-01	4.74e-01	3.97e-02	7.46e-04
 1.23223e+23	8.02e-09	9.21e-05	2.78e-02	2.12e-01	2.71e-01	4.53e-01	3.53e-02	6.18e-04
 1.24212e+23	9.56e-09	1.06e-04	3.11e-02	2.25e-01	2.76e-01	4.35e-01	3.20e-02	5.28e-04
 1.25082e+23	1.14e-08	1.23e-04	3.46e-02	2.38e-01	2.80e-01	4.18e-01	2.90e-02	4.53e-04
 1.26079e+23	1.42e-08	1.47e-04	3.96e-02	2.54e-01	2.85e-01	3.95e-01	2.55e-02	3.69e-04
 1.27088e+23	1.69e-08	1.69e-04	4.41e-02	2.68e-01	2.88e-01	3.77e-01	2.28e-02	3.12e-04
 1.28114e+23	2.13e-08	2.03e-04	5.04e-02	2.85e-01	2.91e-01	3.54e-01	1.99e-02	2.52e-04
 1.29155e+23	2.57e-08	2.36e-04	5.61e-02	2.99e-01	2.92e-01	3.35e-01	1.76e-02	2.10e-04
 1.30217e+23	3.27e-08	2.84e-04	6.40e-02	3.17e-01	2.93e-01	3.11e-01	1.51e-02	1.66e-04
 1.31288e+23	3.95e-08	3.29e-04	7.10e-02	3.32e-01	2.92e-01	2.92e-01	1.33e-02	1.38e-04
 1.32371e+23	5.04e-08	3.97e-04	8.08e-02	3.49e-01	2.90e-01	2.68e-01	1.12e-02	1.07e-04
 1.33466e+23	6.12e-08	4.60e-04	8.92e-02	3.63e-01	2.88e-01	2.50e-01	9.80e-03	8.77e-05
 1.34576e+23	7.86e-08	5.55e-04	1.01e-01	3.80e-01	2.83e-01	2.27e-01	8.17e-03	6.72e-05
 1.35702e+23	9.59e-08	6.44e-04	1.11e-01	3.93e-01	2.78e-01	2.09e-01	7.04e-03	5.42e-05
 1.36680e+23	1.16e-07	7.42e-04	1.22e-01	4.05e-01	2.73e-01	1.93e-01	6.08e-03	4.39e-05
 1.37783e+23	1.49e-07	8.90e-04	1.36e-01	4.19e-01	2.65e-01	1.73e-01	5.01e-03	3.32e-05
 1.38835e+23	1.76e-07	1.01e-03	1.47e-01	4.28e-01	2.59e-01	1.61e-01	4.37e-03	2.74e-05
 1.39819e+23	2.19e-07	1.18e-03	1.62e-01	4.38e-01	2.51e-01	1.45e-01	3.64e-03	2.11e-05
 1.40803e+23	2.59e-07	1.33e-03	1.73e-01	4.45e-01	2.44e-01	1.33e-01	3.15e-03	1.73e-05
 1.41788e+23	3.20e-07	1.54e-03	1.89e-01	4.53e-01	2.34e-01	1.20e-01	2.63e-03	1.34e-05
 1.42810e+23	3.86e-07	1.76e-03	2.04e-01	4.58e-01	2.26e-01	1.08e-01	2.22e-03	1.06e-05
 1.43727e+23	4.59e-07	1.99e-03	2.18e-01	4.63e-01	2.17e-01	9.86e-02	1.90e-03	8.50e-06
 1.44766e+23	5.73e-07	2.32e-03	2.36e-01	4.67e-01	2.06e-01	8.70e-02	1.54e-03	6.38e-06
 1.45822e+23	6.88e-07	2.63e-03	2.52e-01	4.69e-01	1.97e-01	7.82e-02	1.29e-03	5.00e-06
 1.46900e+23	8.58e-07	3.06e-03	2.73e-01	4.70e-01	1.85e-01	6.84e-02	1.04e-03	3.71e-06
 1.47949e+23	1.02e-06	3.43e-03	2.89e-01	4.70e-01	1.76e-01	6.15e-02	8.74e-04	2.93e-06
 1.48774e+23	1.18e-06	3.79e-03	3.03e-01	4.68e-01	1.68e-01	5.60e-02	7.51e-04	2.38e-06
 1.49662e+23	1.41e-06	4.27e-03	3.21e-01	4.66e-01	1.59e-01	4.98e-02	6.22e-04	1.84e-06
 1.50577e+23	1.64e-06	4.73e-03	3.36e-01	4.63e-01	1.51e-01	4.49e-02	5.28e-04	1.48e-06
 1.51396e+23	1.90e-06	5.21e-03	3.51e-01	4.59e-01	1.43e-01	4.06e-02	4.50e-04	1.18e-06
 1.52334e+23	2.29e-06	5.89e-03	3.71e-01	4.54e-01	1.34e-01	3.56e-02	3.66e-04	8.96e-07
 1.53281e+23	2.66e-06	6.50e-03	3.87e-01	4.48e-01	1.26e-01	3.19e-02	3.07e-04	7.08e-07
 1.54110e+23	3.08e-06	7.15e-03	4.03e-01	4.42e-01	1.19e-01	2.86e-02	2.59e-04	5.63e-07
 1.55056e+23	3.68e-06	8.04e-03	4.22e-01	4.34e-01	1.10e-01	2.49e-02	2.09e-04	4.21e-07
 1.56020e+23	4.27e-06	8.86e-03	4.39e-01	4.27e-01	1.03e-01	2.21e-02	1.74e-04	3.29e-07
 1.56874e+23	4.93e-06	9.73e-03	4.55e-01	4.19e-01	9.68e-02	1.97e-02	1.45e-04	2.58e-07
 1.57853e+23	5.90e-06	1.09e-02	4.75e-01	4.08e-01	8.89e-02	1.70e-02	1.15e-04	1.90e-07
 1.58847e+23	6.84e-06	1.20e-02	4.92e-01	3.99e-01	8.27e-02	1.50e-02	9.48e-05	1.46e-07
 1.59861e+23	8.21e-06	1.35e-02	5.12e-01	3.86e-01	7.54e-02	1.28e-02	7.43e-05	0.00e+00
 1.60885e+23	9.55e-06	1.49e-02	5.28e-01	3.76e-01	6.97e-02	1.12e-02	6.05e-05	0.00e+00
 1.61784e+23	1.10e-05	1.63e-02	5.44e-01	3.65e-01	6.45e-02	9.84e-03	4.96e-05	0.00e+00
 1.62815e+23	1.33e-05	1.83e-02	5.64e-01	3.51e-01	5.83e-02	8.32e-03	3.84e-05	0.00e+00
 1.63863e+23	1.54e-05	2.01e-02	5.79e-01	3.40e-01	5.36e-02	7.24e-03	3.10e-05	0.00e+00
 1.64935e+23	1.86e-05	2.26e-02	5.98e-01	3.25e-01	4.81e-02	6.07e-03	2.37e-05	0.00e+00
 1.66028e+23	2.17e-05	2.49e-02	6.14e-01	3.12e-01	4.38e-02	5.21e-03	1.88e-05	0.00e+00
 1.66997e+23	2.52e-05	2.73e-02	6.28e-01	3.00e-01	4.00e-02	4.51e-03	1.50e-05	0.00e+00
 1.68105e+23	3.04e-05	3.07e-02	6.45e-01	2.85e-01	3.55e-02	3.74e-03	1.13e-05	0.00e+00
 1.68887e+23	3.19e-05	3.16e-02	6.50e-01	2.81e-01	3.44e-02	3.55e-03	1.04e-05	0.00e+00
 1.69247e+23	3.40e-05	3.29e-02	6.55e-01	2.76e-01	3.30e-02	3.32e-03	9.44e-06	0.00e+00
 1.69715e+23	3.68e-05	3.45e-02	6.62e-01	2.69e-01	3.13e-02	3.06e-03	8.34e-06	0.00e+00
 1.70323e+23	4.07e-05	3.67e-02	6.70e-01	2.61e-01	2.93e-02	2.76e-03	7.13e-06	0.00e+00
 1.71114e+23	4.65e-05	3.98e-02	6.81e-01	2.50e-01	2.68e-02	2.40e-03	5.77e-06	0.00e+00
 1.71938e+23	5.20e-05	4.26e-02	6.90e-01	2.41e-01	2.48e-02	2.13e-03	4.80e-06	0.00e+00
 1.72804e+23	6.00e-05	4.65e-02	7.00e-01	2.29e-01	2.25e-02	1.83e-03	3.80e-06	0.00e+00
 1.73681e+23	6.75e-05	4.99e-02	7.08e-01	2.20e-01	2.07e-02	1.60e-03	3.13e-06	0.00e+00
 1.74572e+23	7.77e-05	5.43e-02	7.17e-01	2.09e-01	1.87e-02	1.37e-03	2.47e-06	0.00e+00
 1.75485e+23	8.78e-05	5.84e-02	7.24e-01	1.99e-01	1.70e-02	1.20e-03	2.00e-06	0.00e+00
 1.76298e+23	9.84e-05	6.25e-02	7.30e-01	1.90e-01	1.56e-02	1.05e-03	1.64e-06	0.00e+00
 1.77227e+23	1.14e-04	6.84e-02	7.37e-01	1.79e-01	1.40e-02	8.84e-04	1.27e-06	0.00e+00
 1.78168e+23	1.29e-04	7.33e-02	7.43e-01	1.71e-01	1.27e-02	7.68e-04	1.03e-06	0.00e+00
 1.79128e+23	1.50e-04	8.03e-02	7.48e-01	1.59e-01	1.13e-02	6.40e-04	7.80e-07	0.00e+00
 1.80098e+23	1.69e-04	8.60e-02	7.52e-01	1.51e-01	1.03e-02	5.54e-04	6.28e-07	0.00e+00
 1.81082e+23	1.96e-04	9.39e-02	7.55e-01	1.41e-01	9.08e-03	4.62e-04	4.77e-07	0.00e+00
 1.82103e+23	2.23e-04	1.01e-01	7.58e-01	1.32e-01	8.14e-03	3.92e-04	3.73e-07	0.00e+00
 1.83173e+23	2.62e-04	1.11e-01	7.59e-01	1.22e-01	7.11e-03	3.20e-04	2.75e-07	0.00e+00
 1.84265e+23	3.00e-04	1.20e-01	7.59e-01	1.14e-01	6.32e-03	2.69e-04	2.12e-07	0.00e+00
 1.85389e+23	3.56e-04	1.32e-01	7.58e-01	1.04e-01	5.45e-03	2.15e-04	1.52e-07	0.00e+00
 1.86510e+23	4.05e-04	1.42e-01	7.56e-01	9.64e-02	4.84e-03	1.80e-04	0.00e+00	0.00e+00
 1.87628e+23	4.78e-04	1.56e-01	7.51e-01	8.74e-02	4.17e-03	1.44e-04	0.00e+00	0.00e+00
 1.88765e+23	5.46e-04	1.68e-01	7.47e-01	8.06e-02	3.68e-03	1.20e-04	0.00e+00	0.00e+00
 1.89926e+23	6.49e-04	1.85e-01	7.39e-01	7.23e-02	3.13e-03	9.37e-05	0.00e+00	0.00e+00
 1.91100e+23	7.41e-04	1.99e-01	7.31e-01	6.61e-02	2.75e-03	7.72e-05	0.00e+00	0.00e+00
 1.92289e+23	8.83e-04	2.19e-01	7.19e-01	5.86e-02	2.32e-03	5.97e-05	0.00e+00	0.00e+00
 1.93492e+23	1.01e-03	2.36e-01	7.08e-01	5.30e-02	2.03e-03	4.85e-05	0.00e+00	0.00e+00
 1.94711e+23	1.21e-03	2.60e-01	6.91e-01	4.63e-02	1.69e-03	3.68e-05	0.00e+00	0.00e+00
 1.95946e+23	1.41e-03	2.80e-01	6.75e-01	4.13e-02	1.46e-03	2.93e-05	0.00e+00	0.00e+00
 1.97203e+23	1.69e-03	3.09e-01	6.52e-01	3.54e-02	1.20e-03	2.17e-05	0.00e+00	0.00e+00
 1.98474e+23	1.97e-03	3.34e-01	6.32e-01	3.11e-02	1.02e-03	1.69e-05	0.00e+00	0.00e+00
 1.99761e+23	2.40e-03	3.69e-01	6.01e-01	2.59e-02	8.26e-04	1.21e-05	0.00e+00	0.00e+00
 2.01053e+23	2.80e-03	3.98e-01	5.77e-01	2.24e-02	6.98e-04	9.25e-06	0.00e+00	0.00e+00
 2.02349e+23	3.43e-03	4.39e-01	5.39e-01	1.81e-02	5.52e-04	6.38e-06	0.00e+00	0.00e+00
 2.03665e+23	4.05e-03	4.73e-01	5.07e-01	1.52e-02	4.55e-04	4.69e-06	0.00e+00	0.00e+00
 2.05005e+23	5.01e-03	5.21e-01	4.62e-01	1.18e-02	3.48e-04	3.05e-06	0.00e+00	0.00e+00
 2.06370e+23	6.00e-03	5.61e-01	4.23e-01	9.42e-03	2.76e-04	2.10e-06	0.00e+00	0.00e+00
 2.07768e+23	7.50e-03	6.15e-01	3.71e-01	6.90e-03	2.01e-04	1.26e-06	0.00e+00	0.00e+00
 2.08998e+23	8.70e-03	6.48e-01	3.37e-01	5.57e-03	1.63e-04	8.99e-07	0.00e+00	0.00e+00
 2.09872e+23	9.92e-03	6.79e-01	3.06e-01	4.52e-03	1.32e-04	6.45e-07	0.00e+00	0.00e+00
 2.10871e+23	1.17e-02	7.17e-01	2.68e-01	3.42e-03	1.00e-04	4.14e-07	0.00e+00	0.00e+00
 2.11937e+23	1.38e-02	7.52e-01	2.31e-01	2.56e-03	7.50e-05	2.63e-07	0.00e+00	0.00e+00
 2.12933e+23	1.62e-02	7.85e-01	1.97e-01	1.88e-03	5.50e-05	1.63e-07	0.00e+00	0.00e+00
 2.14072e+23	1.98e-02	8.23e-01	1.56e-01	1.23e-03	3.58e-05	0.00e+00	0.00e+00	0.00e+00
 2.15205e+23	2.40e-02	8.52e-01	1.23e-01	8.17e-04	2.33e-05	0.00e+00	0.00e+00	0.00e+00
 2.16088e+23	2.82e-02	8.73e-01	9.85e-02	5.68e-04	1.58e-05	0.00e+00	0.00e+00	0.00e+00
 2.16854e+23	3.29e-02	8.88e-01	7.86e-02	3.98e-04	1.06e-05	0.00e+00	0.00e+00	0.00e+00
 2.17582e+23	3.85e-02	9.00e-01	6.16e-02	2.76e-04	6.96e-06	0.00e+00	0.00e+00	0.00e+00
 2.18270e+23	4.53e-02	9.07e-01	4.74e-02	1.91e-04	4.44e-06	0.00e+00	0.00e+00	0.00e+00
 2.18891e+23	5.32e-02	9.10e-01	3.64e-02	1.35e-04	2.82e-06	0.00e+00	0.00e+00	0.00e+00
 2.19442e+23	6.24e-02	9.10e-01	2.80e-02	9.76e-05	1.80e-06	0.00e+00	0.00e+00	0.00e+00
 2.19933e+23	7.28e-02	9.06e-01	2.16e-02	7.25e-05	1.16e-06	0.00e+00	0.00e+00	0.00e+00
 2.20380e+23	8.51e-02	8.98e-01	1.67e-02	5.51e-05	7.57e-07	0.00e+00	0.00e+00	0.00e+00
 2.20789e+23	9.91e-02	8.88e-01	1.29e-02	4.27e-05	4.98e-07	0.00e+00	0.00e+00	0.00e+00
 2.21167e+23	1.15e-01	8.75e-01	1.00e-02	3.38e-05	3.31e-07	0.00e+00	0.00e+00	0.00e+00
 2.21517e+23	1.34e-01	8.58e-01	7.83e-03	2.72e-05	2.22e-07	0.00e+00	0.00e+00	0.00e+00
 2.21837e+23	1.55e-01	8.39e-01	6.17e-03	2.24e-05	1.53e-07	0.00e+00	0.00e+00	0.00e+00
 2.22053e+23	1.70e-01	8.24e-01	5.28e-03	1.98e-05	0.00e+00	0.00e+00	0.00e+00	0.00e+00
 2.22162e+23	1.79e-01	8.16e-01	4.86e-03	1.86e-05	0.00e+00	0.00e+00	0.00e+00	0.00e+00
 2.22261e+23	1.87e-01	8.08e-01	4.48e-03	1.75e-05	0.00e+00	0.00e+00	0.00e+00	0.00e+00
 2.22386e+23	1.99e-01	7.97e-01	4.04e-03	1.62e-05	0.00e+00	0.00e+00	0.00e+00	0.00e+00
 2.22529e+23	2.13e-01	7.83e-01	3.59e-03	1.49e-05	0.00e+00	0.00e+00	0.00e+00	0.00e+00
 2.22671e+23	2.27e-01	7.69e-01	3.20e-03	1.38e-05	0.00e+00	0.00e+00	0.00e+00	0.00e+00
 2.22816e+23	2.44e-01	7.53e-01	2.82e-03	1.27e-05	0.00e+00	0.00e+00	0.00e+00	0.00e+00
 2.22967e+23	2.60e-01	7.37e-01	2.49e-03	1.17e-05	0.00e+00	0.00e+00	0.00e+00	0.00e+00
 2.23120e+23	2.79e-01	7.19e-01	2.19e-03	1.07e-05	0.00e+00	0.00e+00	0.00e+00	0.00e+00
 2.23281e+23	2.99e-01	6.99e-01	1.90e-03	9.83e-06	0.00e+00	0.00e+00	0.00e+00	0.00e+00
 2.23442e+23	3.20e-01	6.78e-01	1.65e-03	9.02e-06	0.00e+00	0.00e+00	0.00e+00	0.00e+00
 2.23566e+23	3.35e-01	6.63e-01	1.50e-03	8.50e-06	0.00e+00	0.00e+00	0.00e+00	0.00e+00
 2.23647e+23	3.46e-01	6.53e-01	1.40e-03	8.17e-06	0.00e+00	0.00e+00	0.00e+00	0.00e+00
 2.23727e+23	3.56e-01	6.42e-01	1.31e-03	7.84e-06	0.00e+00	0.00e+00	0.00e+00	0.00e+00
 2.23821e+23	3.69e-01	6.29e-01	1.20e-03	7.48e-06	0.00e+00	0.00e+00	0.00e+00	0.00e+00
 2.23926e+23	3.84e-01	6.15e-01	1.10e-03	7.11e-06	0.00e+00	0.00e+00	0.00e+00	0.00e+00
 2.24027e+23	3.97e-01	6.02e-01	1.01e-03	6.78e-06	0.00e+00	0.00e+00	0.00e+00	0.00e+00
 2.24127e+23	4.11e-01	5.88e-01	9.28e-04	6.47e-06	0.00e+00	0.00e+00	0.00e+00	0.00e+00
 2.24230e+23	4.25e-01	5.74e-01	8.50e-04	6.16e-06	0.00e+00	0.00e+00	0.00e+00	0.00e+00
 2.24335e+23	4.39e-01	5.60e-01	7.77e-04	5.87e-06	0.00e+00	0.00e+00	0.00e+00	0.00e+00
 2.24443e+23	4.54e-01	5.45e-01	7.09e-04	5.59e-06	0.00e+00	0.00e+00	0.00e+00	0.00e+00
 2.24550e+23	4.68e-01	5.32e-01	6.49e-04	5.34e-06	0.00e+00	0.00e+00	0.00e+00	0.00e+00
 2.24662e+23	4.83e-01	5.17e-01	5.91e-04	5.08e-06	0.00e+00	0.00e+00	0.00e+00	0.00e+00
 2.24778e+23	4.98e-01	5.02e-01	5.36e-04	4.83e-06	0.00e+00	0.00e+00	0.00e+00	0.00e+00
 2.24896e+23	5.13e-01	4.87e-01	4.87e-04	4.60e-06	0.00e+00	0.00e+00	0.00e+00	0.00e+00
 2.25015e+23	5.27e-01	4.72e-01	4.42e-04	4.38e-06	0.00e+00	0.00e+00	0.00e+00	0.00e+00
 2.25138e+23	5.43e-01	4.57e-01	4.00e-04	4.16e-06	0.00e+00	0.00e+00	0.00e+00	0.00e+00
 2.25267e+23	5.58e-01	4.41e-01	3.61e-04	3.95e-06	0.00e+00	0.00e+00	0.00e+00	0.00e+00
 2.25398e+23	5.73e-01	4.27e-01	3.26e-04	3.75e-06	0.00e+00	0.00e+00	0.00e+00	0.00e+00
 2.25533e+23	5.88e-01	4.11e-01	2.94e-04	3.56e-06	0.00e+00	0.00e+00	0.00e+00	0.00e+00
 2.25674e+23	6.04e-01	3.96e-01	2.64e-04	3.37e-06	0.00e+00	0.00e+00	0.00e+00	0.00e+00
 2.25817e+23	6.19e-01	3.81e-01	2.37e-04	3.20e-06	0.00e+00	0.00e+00	0.00e+00	0.00e+00
 2.25961e+23	6.34e-01	3.66e-01	2.14e-04	3.03e-06	0.00e+00	0.00e+00	0.00e+00	0.00e+00
 2.26112e+23	6.48e-01	3.51e-01	1.92e-04	2.87e-06	0.00e+00	0.00e+00	0.00e+00	0.00e+00
 2.26270e+23	6.64e-01	3.36e-01	1.71e-04	2.72e-06	0.00e+00	0.00e+00	0.00e+00	0.00e+00
 2.26433e+23	6.78e-01	3.22e-01	1.54e-04	2.57e-06	0.00e+00	0.00e+00	0.00e+00	0.00e+00
 2.26599e+23	6.92e-01	3.07e-01	1.38e-04	2.43e-06	0.00e+00	0.00e+00	0.00e+00	0.00e+00
 2.26773e+23	7.07e-01	2.93e-01	1.23e-04	2.29e-06	0.00e+00	0.00e+00	0.00e+00	0.00e+00
 2.26951e+23	7.21e-01	2.79e-01	1.11e-04	2.16e-06	0.00e+00	0.00e+00	0.00e+00	0.00e+00
 2.27134e+23	7.34e-01	2.66e-01	9.95e-05	2.04e-06	0.00e+00	0.00e+00	0.00e+00	0.00e+00
 2.27322e+23	7.47e-01	2.53e-01	8.98e-05	1.93e-06	0.00e+00	0.00e+00	0.00e+00	0.00e+00
 2.27513e+23	7.59e-01	2.41e-01	8.11e-05	1.82e-06	0.00e+00	0.00e+00	0.00e+00	0.00e+00
 2.27710e+23	7.71e-01	2.29e-01	7.34e-05	1.72e-06	0.00e+00	0.00e+00	0.00e+00	0.00e+00
 2.27914e+23	7.83e-01	2.17e-01	6.66e-05	1.63e-06	0.00e+00	0.00e+00	0.00e+00	0.00e+00
 2.28123e+23	7.95e-01	2.05e-01	6.07e-05	1.54e-06	0.00e+00	0.00e+00	0.00e+00	0.00e+00
 2.28334e+23	8.05e-01	1.95e-01	5.56e-05	1.45e-06	0.00e+00	0.00e+00	0.00e+00	0.00e+00
 2.28550e+23	8.15e-01	1.85e-01	5.11e-05	1.38e-06	0.00e+00	0.00e+00	0.00e+00	0.00e+00
 2.28777e+23	8.25e-01	1.75e-01	4.70e-05	1.30e-06	0.00e+00	0.00e+00	0.00e+00	0.00e+00
 2.29011e+23	8.35e-01	1.65e-01	4.35e-05	1.23e-06	0.00e+00	0.00e+00	0.00e+00	0.00e+00
 2.29251e+23	8.44e-01	1.56e-01	4.03e-05	1.17e-06	0.00e+00	0.00e+00	0.00e+00	0.00e+00
 2.29501e+23	8.53e-01	1.47e-01	3.75e-05	1.11e-06	0.00e+00	0.00e+00	0.00e+00	0.00e+00
 2.29763e+23	8.61e-01	1.39e-01	3.50e-05	1.05e-06	0.00e+00	0.00e+00	0.00e+00	0.00e+00
 2.30033e+23	8.69e-01	1.30e-01	3.27e-05	9.90e-07	0.00e+00	0.00e+00	0.00e+00	0.00e+00
 2.30312e+23	8.78e-01	1.22e-01	3.07e-05	9.36e-07	0.00e+00	0.00e+00	0.00e+00	0.00e+00
 2.30592e+23	8.85e-01	1.15e-01	2.90e-05	8.88e-07	0.00e+00	0.00e+00	0.00e+00	0.00e+00
 2.30863e+23	8.91e-01	1.09e-01	2.75e-05	8.45e-07	0.00e+00	0.00e+00	0.00e+00	0.00e+00
 2.31125e+23	8.97e-01	1.03e-01	2.63e-05	8.07e-07	0.00e+00	0.00e+00	0.00e+00	0.00e+00
 2.31378e+23	9.03e-01	9.71e-02	2.52e-05	7.73e-07	0.00e+00	0.00e+00	0.00e+00	0.00e+00
 2.31621e+23	9.08e-01	9.21e-02	2.42e-05	7.43e-07	0.00e+00	0.00e+00	0.00e+00	0.00e+00
 2.31852e+23	9.13e-01	8.74e-02	2.34e-05	7.15e-07	0.00e+00	0.00e+00	0.00e+00	0.00e+00
 2.32067e+23	9.16e-01	8.35e-02	2.27e-05	6.92e-07	0.00e+00	0.00e+00	0.00e+00	0.00e+00
 2.32275e+23	9.20e-01	7.97e-02	2.20e-05	6.69e-07	0.00e+00	0.00e+00	0.00e+00	0.00e+00
 2.32485e+23	9.24e-01	7.61e-02	2.14e-05	6.47e-07	0.00e+00	0.00e+00	0.00e+00	0.00e+00
 2.32688e+23	9.27e-01	7.27e-02	2.09e-05	6.27e-07	0.00e+00	0.00e+00	0.00e+00	0.00e+00
 2.32884e+23	9.30e-01	6.96e-02	2.04e-05	6.09e-07	0.00e+00	0.00e+00	0.00e+00	0.00e+00
 2.33073e+23	9.33e-01	6.68e-02	1.99e-05	5.93e-07	0.00e+00	0.00e+00	0.00e+00	0.00e+00
 2.33255e+23	9.36e-01	6.41e-02	1.95e-05	5.78e-07	0.00e+00	0.00e+00	0.00e+00	0.00e+00
 2.33432e+23	9.38e-01	6.17e-02	1.91e-05	5.65e-07	0.00e+00	0.00e+00	0.00e+00	0.00e+00
 2.33604e+23	9.41e-01	5.94e-02	1.88e-05	5.52e-07	0.00e+00	0.00e+00	0.00e+00	0.00e+00
 2.33769e+23	9.43e-01	5.73e-02	1.84e-05	5.42e-07	0.00e+00	0.00e+00	0.00e+00	0.00e+00
 2.33929e+23	9.45e-01	5.54e-02	1.82e-05	5.32e-07	0.00e+00	0.00e+00	0.00e+00	0.00e+00
 2.34083e+23	9.46e-01	5.36e-02	1.79e-05	5.23e-07	0.00e+00	0.00e+00	0.00e+00	0.00e+00
 2.34229e+23	9.48e-01	5.20e-02	1.76e-05	5.16e-07	0.00e+00	0.00e+00	0.00e+00	0.00e+00
 2.34373e+23	9.49e-01	5.05e-02	1.74e-05	5.10e-07	0.00e+00	0.00e+00	0.00e+00	0.00e+00
 2.34513e+23	9.51e-01	4.91e-02	1.72e-05	5.04e-07	0.00e+00	0.00e+00	0.00e+00	0.00e+00
 2.34640e+23	9.52e-01	4.80e-02	1.70e-05	5.00e-07	0.00e+00	0.00e+00	0.00e+00	0.00e+00
 2.34756e+23	9.53e-01	4.70e-02	1.68e-05	4.98e-07	0.00e+00	0.00e+00	0.00e+00	0.00e+00
 2.34862e+23	9.54e-01	4.61e-02	1.67e-05	4.96e-07	0.00e+00	0.00e+00	0.00e+00	0.00e+00
 2.34958e+23	9.55e-01	4.54e-02	1.66e-05	4.95e-07	0.00e+00	0.00e+00	0.00e+00	0.00e+00
 2.35046e+23	9.55e-01	4.48e-02	1.65e-05	4.94e-07	0.00e+00	0.00e+00	0.00e+00	0.00e+00
 2.35125e+23	9.56e-01	4.42e-02	1.64e-05	4.94e-07	0.00e+00	0.00e+00	0.00e+00	0.00e+00
 2.35198e+23	9.56e-01	4.38e-02	1.63e-05	4.94e-07	0.00e+00	0.00e+00	0.00e+00	0.00e+00
 2.35277e+23	9.57e-01	4.32e-02	1.62e-05	4.95e-07	0.00e+00	0.00e+00	0.00e+00	0.00e+00
 2.35363e+23	9.57e-01	4.26e-02	1.61e-05	4.95e-07	0.00e+00	0.00e+00	0.00e+00	0.00e+00
 2.35441e+23	9.58e-01	4.22e-02	1.60e-05	4.95e-07	0.00e+00	0.00e+00	0.00e+00	0.00e+00
 2.35512e+23	9.58e-01	4.18e-02	1.59e-05	4.98e-07	0.00e+00	0.00e+00	0.00e+00	0.00e+00
 2.35577e+23	9.58e-01	4.15e-02	1.59e-05	4.98e-07	0.00e+00	0.00e+00	0.00e+00	0.00e+00
 2.35647e+23	9.59e-01	4.11e-02	1.58e-05	4.98e-07	0.00e+00	0.00e+00	0.00e+00	0.00e+00
 2.35740e+23	9.59e-01	4.06e-02	1.57e-05	5.00e-07	0.00e+00	0.00e+00	0.00e+00	0.00e+00
 2.35839e+23	9.60e-01	4.01e-02	1.56e-05	5.01e-07	0.00e+00	0.00e+00	0.00e+00	0.00e+00
 2.35929e+23	9.60e-01	3.97e-02	1.55e-05	5.03e-07	0.00e+00	0.00e+00	0.00e+00	0.00e+00
 2.36012e+23	9.61e-01	3.94e-02	1.54e-05	5.04e-07	0.00e+00	0.00e+00	0.00e+00	0.00e+00
 2.36087e+23	9.61e-01	3.91e-02	1.53e-05	5.08e-07	0.00e+00	0.00e+00	0.00e+00	0.00e+00
 2.36155e+23	9.61e-01	3.89e-02	1.53e-05	5.07e-07	0.00e+00	0.00e+00	0.00e+00	0.00e+00
 2.36229e+23	9.61e-01	3.86e-02	1.52e-05	5.09e-07	0.00e+00	0.00e+00	0.00e+00	0.00e+00
 2.36326e+23	9.62e-01	3.82e-02	1.51e-05	5.09e-07	0.00e+00	0.00e+00	0.00e+00	0.00e+00
 2.36431e+23	9.62e-01	3.78e-02	1.50e-05	5.09e-07	0.00e+00	0.00e+00	0.00e+00	0.00e+00
 2.36527e+23	9.63e-01	3.75e-02	1.49e-05	5.11e-07	0.00e+00	0.00e+00	0.00e+00	0.00e+00
 2.36613e+23	9.63e-01	3.73e-02	1.48e-05	5.15e-07	0.00e+00	0.00e+00	0.00e+00	0.00e+00
 2.36692e+23	9.63e-01	3.71e-02	1.48e-05	5.16e-07	0.00e+00	0.00e+00	0.00e+00	0.00e+00
 2.36779e+23	9.63e-01	3.68e-02	1.47e-05	5.17e-07	0.00e+00	0.00e+00	0.00e+00	0.00e+00
 2.36891e+23	9.64e-01	3.64e-02	1.46e-05	5.19e-07	0.00e+00	0.00e+00	0.00e+00	0.00e+00
 2.37013e+23	9.64e-01	3.60e-02	1.44e-05	5.20e-07	0.00e+00	0.00e+00	0.00e+00	0.00e+00
 2.37123e+23	9.64e-01	3.57e-02	1.44e-05	5.23e-07	0.00e+00	0.00e+00	0.00e+00	0.00e+00
 2.37224e+23	9.64e-01	3.55e-02	1.43e-05	5.25e-07	0.00e+00	0.00e+00	0.00e+00	0.00e+00
 2.37315e+23	9.65e-01	3.53e-02	1.43e-05	5.29e-07	0.00e+00	0.00e+00	0.00e+00	0.00e+00
 2.37399e+23	9.65e-01	3.52e-02	1.42e-05	5.33e-07	0.00e+00	0.00e+00	0.00e+00	0.00e+00
 2.37474e+23	9.65e-01	3.50e-02	1.42e-05	5.36e-07	0.00e+00	0.00e+00	0.00e+00	0.00e+00
 2.37543e+23	9.65e-01	3.50e-02	1.42e-05	5.42e-07	0.00e+00	0.00e+00	0.00e+00	0.00e+00
 2.37606e+23	9.65e-01	3.48e-02	1.42e-05	5.43e-07	0.00e+00	0.00e+00	0.00e+00	0.00e+00
 2.37675e+23	9.65e-01	3.47e-02	1.41e-05	5.46e-07	0.00e+00	0.00e+00	0.00e+00	0.00e+00
 2.37749e+23	9.65e-01	3.45e-02	1.41e-05	5.49e-07	0.00e+00	0.00e+00	0.00e+00	0.00e+00
 2.37817e+23	9.66e-01	3.44e-02	1.41e-05	5.50e-07	0.00e+00	0.00e+00	0.00e+00	0.00e+00
 2.37891e+23	9.66e-01	3.42e-02	1.41e-05	5.54e-07	0.00e+00	0.00e+00	0.00e+00	0.00e+00
 2.37971e+23	9.66e-01	3.41e-02	1.40e-05	5.57e-07	0.00e+00	0.00e+00	0.00e+00	0.00e+00
 2.38044e+23	9.66e-01	3.39e-02	1.40e-05	5.62e-07	0.00e+00	0.00e+00	0.00e+00	0.00e+00
 2.38110e+23	9.66e-01	3.38e-02	1.40e-05	5.62e-07	0.00e+00	0.00e+00	0.00e+00	0.00e+00
 2.38182e+23	9.66e-01	3.37e-02	1.40e-05	5.65e-07	0.00e+00	0.00e+00	0.00e+00	0.00e+00
 2.38261e+23	9.67e-01	3.35e-02	1.39e-05	5.66e-07	0.00e+00	0.00e+00	0.00e+00	0.00e+00
 2.38346e+23	9.67e-01	3.33e-02	1.39e-05	5.69e-07	0.00e+00	0.00e+00	0.00e+00	0.00e+00
 2.38439e+23	9.67e-01	3.31e-02	1.39e-05	5.72e-07	0.00e+00	0.00e+00	0.00e+00	0.00e+00
 2.38523e+23	9.67e-01	3.29e-02	1.38e-05	5.74e-07	0.00e+00	0.00e+00	0.00e+00	0.00e+00
 2.38616e+23	9.67e-01	3.27e-02	1.38e-05	5.76e-07	0.00e+00	0.00e+00	0.00e+00	0.00e+00
 2.38715e+23	9.68e-01	3.25e-02	1.38e-05	5.79e-07	0.00e+00	0.00e+00	0.00e+00	0.00e+00
 2.38806e+23	9.68e-01	3.23e-02	1.37e-05	5.81e-07	0.00e+00	0.00e+00	0.00e+00	0.00e+00
 2.38906e+23	9.68e-01	3.20e-02	1.37e-05	5.82e-07	0.00e+00	0.00e+00	0.00e+00	0.00e+00
 2.39013e+23	9.68e-01	3.18e-02	1.36e-05	5.83e-07	0.00e+00	0.00e+00	0.00e+00	0.00e+00
 2.39111e+23	9.68e-01	3.16e-02	1.36e-05	5.86e-07	0.00e+00	0.00e+00	0.00e+00	0.00e+00
 2.39199e+23	9.69e-01	3.14e-02	1.35e-05	5.85e-07	0.00e+00	0.00e+00	0.00e+00	0.00e+00
 2.39297e+23	9.69e-01	3.12e-02	1.35e-05	5.85e-07	0.00e+00	0.00e+00	0.00e+00	0.00e+00
 2.39402e+23	9.69e-01	3.10e-02	1.35e-05	5.86e-07	0.00e+00	0.00e+00	0.00e+00	0.00e+00
 2.39498e+23	9.69e-01	3.08e-02	1.34e-05	5.89e-07	0.00e+00	0.00e+00	0.00e+00	0.00e+00
 2.39585e+23	9.69e-01	3.07e-02	1.34e-05	5.88e-07	0.00e+00	0.00e+00	0.00e+00	0.00e+00
 2.39680e+23	9.70e-01	3.04e-02	1.33e-05	5.88e-07	0.00e+00	0.00e+00	0.00e+00	0.00e+00
 2.39783e+23	9.70e-01	3.02e-02	1.33e-05	5.89e-07	0.00e+00	0.00e+00	0.00e+00	0.00e+00
 2.39877e+23	9.70e-01	3.00e-02	1.33e-05	5.88e-07	0.00e+00	0.00e+00	0.00e+00	0.00e+00
 2.39980e+23	9.70e-01	2.98e-02	1.32e-05	5.89e-07	0.00e+00	0.00e+00	0.00e+00	0.00e+00
 2.40091e+23	9.70e-01	2.96e-02	1.32e-05	5.89e-07	0.00e+00	0.00e+00	0.00e+00	0.00e+00
 2.40192e+23	9.71e-01	2.94e-02	1.31e-05	5.91e-07	0.00e+00	0.00e+00	0.00e+00	0.00e+00
 2.40283e+23	9.71e-01	2.92e-02	1.31e-05	5.89e-07	0.00e+00	0.00e+00	0.00e+00	0.00e+00
 2.40384e+23	9.71e-01	2.90e-02	1.30e-05	5.89e-07	0.00e+00	0.00e+00	0.00e+00	0.00e+00
 2.40493e+23	9.71e-01	2.88e-02	1.30e-05	5.89e-07	0.00e+00	0.00e+00	0.00e+00	0.00e+00
 2.40592e+23	9.71e-01	2.86e-02	1.29e-05	5.87e-07	0.00e+00	0.00e+00	0.00e+00	0.00e+00
 2.40700e+23	9.72e-01	2.83e-02	1.29e-05	5.88e-07	0.00e+00	0.00e+00	0.00e+00	0.00e+00
 2.40817e+23	9.72e-01	2.81e-02	1.28e-05	5.87e-07	0.00e+00	0.00e+00	0.00e+00	0.00e+00
 2.40923e+23	9.72e-01	2.79e-02	1.28e-05	5.88e-07	0.00e+00	0.00e+00	0.00e+00	0.00e+00
 2.41020e+23	9.72e-01	2.77e-02	1.28e-05	5.86e-07	0.00e+00	0.00e+00	0.00e+00	0.00e+00
 2.41126e+23	9.72e-01	2.75e-02	1.27e-05	5.85e-07	0.00e+00	0.00e+00	0.00e+00	0.00e+00
 2.41241e+23	9.73e-01	2.73e-02	1.27e-05	5.85e-07	0.00e+00	0.00e+00	0.00e+00	0.00e+00
 2.41345e+23	9.73e-01	2.71e-02	1.26e-05	5.82e-07	0.00e+00	0.00e+00	0.00e+00	0.00e+00
 2.41460e+23	9.73e-01	2.68e-02	1.26e-05	5.81e-07	0.00e+00	0.00e+00	0.00e+00	0.00e+00
 2.41583e+23	9.73e-01	2.66e-02	1.25e-05	5.79e-07	0.00e+00	0.00e+00	0.00e+00	0.00e+00
 2.41695e+23	9.74e-01	2.64e-02	1.25e-05	5.77e-07	0.00e+00	0.00e+00	0.00e+00	0.00e+00
 2.41818e+23	9.74e-01	2.61e-02	1.24e-05	5.76e-07	0.00e+00	0.00e+00	0.00e+00	0.00e+00
 2.41951e+23	9.74e-01	2.58e-02	1.24e-05	5.75e-07	0.00e+00	0.00e+00	0.00e+00	0.00e+00
 2.42072e+23	9.74e-01	2.56e-02	1.23e-05	5.72e-07	0.00e+00	0.00e+00	0.00e+00	0.00e+00
 2.42204e+23	9.75e-01	2.54e-02	1.22e-05	5.70e-07	0.00e+00	0.00e+00	0.00e+00	0.00e+00
 2.42347e+23	9.75e-01	2.51e-02	1.22e-05	5.66e-07	0.00e+00	0.00e+00	0.00e+00	0.00e+00
 2.42477e+23	9.75e-01	2.49e-02	1.21e-05	5.65e-07	0.00e+00	0.00e+00	0.00e+00	0.00e+00
 2.42596e+23	9.75e-01	2.47e-02	1.21e-05	5.63e-07	0.00e+00	0.00e+00	0.00e+00	0.00e+00
 2.42725e+23	9.76e-01	2.44e-02	1.20e-05	5.60e-07	0.00e+00	0.00e+00	0.00e+00	0.00e+00
 2.42865e+23	9.76e-01	2.42e-02	1.20e-05	5.58e-07	0.00e+00	0.00e+00	0.00e+00	0.00e+00
 2.42993e+23	9.76e-01	2.39e-02	1.19e-05	5.54e-07	0.00e+00	0.00e+00	0.00e+00	0.00e+00
 2.43133e+23	9.76e-01	2.37e-02	1.18e-05	5.50e-07	0.00e+00	0.00e+00	0.00e+00	0.00e+00
 2.43283e+23	9.77e-01	2.34e-02	1.18e-05	5.48e-07	0.00e+00	0.00e+00	0.00e+00	0.00e+00
 2.43421e+23	9.77e-01	2.32e-02	1.17e-05	5.43e-07	0.00e+00	0.00e+00	0.00e+00	0.00e+00
 2.43571e+23	9.77e-01	2.29e-02	1.16e-05	5.39e-07	0.00e+00	0.00e+00	0.00e+00	0.00e+00
 2.43733e+23	9.77e-01	2.26e-02	1.16e-05	5.36e-07	0.00e+00	0.00e+00	0.00e+00	0.00e+00
 2.43881e+23	9.78e-01	2.24e-02	1.15e-05	5.31e-07	0.00e+00	0.00e+00	0.00e+00	0.00e+00
 2.44043e+23	9.78e-01	2.20e-02	1.14e-05	5.26e-07	0.00e+00	0.00e+00	0.00e+00	0.00e+00
 2.44217e+23	9.78e-01	2.17e-02	1.13e-05	5.21e-07	0.00e+00	0.00e+00	0.00e+00	0.00e+00
 2.44376e+23	9.78e-01	2.15e-02	1.13e-05	5.17e-07	0.00e+00	0.00e+00	0.00e+00	0.00e+00
 2.44521e+23	9.79e-01	2.13e-02	1.12e-05	5.14e-07	0.00e+00	0.00e+00	0.00e+00	0.00e+00
 2.44680e+23	9.79e-01	2.10e-02	1.11e-05	5.08e-07	0.00e+00	0.00e+00	0.00e+00	0.00e+00
 2.44851e+23	9.79e-01	2.07e-02	1.11e-05	5.05e-07	0.00e+00	0.00e+00	0.00e+00	0.00e+00
 2.45007e+23	9.79e-01	2.05e-02	1.10e-05	5.00e-07	0.00e+00	0.00e+00	0.00e+00	0.00e+00
 2.45177e+23	9.80e-01	2.02e-02	1.09e-05	4.93e-07	0.00e+00	0.00e+00	0.00e+00	0.00e+00
 2.45362e+23	9.80e-01	1.99e-02	1.08e-05	4.89e-07	0.00e+00	0.00e+00	0.00e+00	0.00e+00
 2.45529e+23	9.80e-01	1.97e-02	1.08e-05	4.84e-07	0.00e+00	0.00e+00	0.00e+00	0.00e+00
 2.45713e+23	9.81e-01	1.94e-02	1.07e-05	4.77e-07	0.00e+00	0.00e+00	0.00e+00	0.00e+00
 2.45911e+23	9.81e-01	1.91e-02	1.06e-05	4.72e-07	0.00e+00	0.00e+00	0.00e+00	0.00e+00
 2.46092e+23	9.81e-01	1.89e-02	1.05e-05	4.66e-07	0.00e+00	0.00e+00	0.00e+00	0.00e+00
 2.46290e+23	9.81e-01	1.85e-02	1.04e-05	4.58e-07	0.00e+00	0.00e+00	0.00e+00	0.00e+00
 2.46503e+23	9.82e-01	1.82e-02	1.03e-05	4.52e-07	0.00e+00	0.00e+00	0.00e+00	0.00e+00
 2.46698e+23	9.82e-01	1.80e-02	1.03e-05	4.47e-07	0.00e+00	0.00e+00	0.00e+00	0.00e+00
 2.46874e+23	9.82e-01	1.78e-02	1.02e-05	4.43e-07	0.00e+00	0.00e+00	0.00e+00	0.00e+00
 2.47068e+23	9.83e-01	1.75e-02	1.01e-05	4.35e-07	0.00e+00	0.00e+00	0.00e+00	0.00e+00
 2.47277e+23	9.83e-01	1.72e-02	1.00e-05	4.30e-07	0.00e+00	0.00e+00	0.00e+00	0.00e+00
 2.47468e+23	9.83e-01	1.70e-02	9.95e-06	4.24e-07	0.00e+00	0.00e+00	0.00e+00	0.00e+00
 2.47676e+23	9.83e-01	1.67e-02	9.85e-06	4.16e-07	0.00e+00	0.00e+00	0.00e+00	0.00e+00
 2.47902e+23	9.84e-01	1.64e-02	9.77e-06	4.10e-07	0.00e+00	0.00e+00	0.00e+00	0.00e+00
 2.48107e+23	9.84e-01	1.62e-02	9.69e-06	4.04e-07	0.00e+00	0.00e+00	0.00e+00	0.00e+00
 2.48331e+23	9.84e-01	1.58e-02	9.58e-06	3.95e-07	0.00e+00	0.00e+00	0.00e+00	0.00e+00
 2.48574e+23	9.84e-01	1.56e-02	9.49e-06	3.88e-07	0.00e+00	0.00e+00	0.00e+00	0.00e+00
 2.48794e+23	9.85e-01	1.54e-02	9.40e-06	3.83e-07	0.00e+00	0.00e+00	0.00e+00	0.00e+00
 2.48995e+23	9.85e-01	1.52e-02	9.33e-06	3.77e-07	0.00e+00	0.00e+00	0.00e+00	0.00e+00
 2.49215e+23	9.85e-01	1.49e-02	9.23e-06	3.69e-07	0.00e+00	0.00e+00	0.00e+00	0.00e+00
 2.49453e+23	9.85e-01	1.46e-02	9.14e-06	3.63e-07	0.00e+00	0.00e+00	0.00e+00	0.00e+00
 2.49669e+23	9.86e-01	1.44e-02	9.06e-06	3.57e-07	0.00e+00	0.00e+00	0.00e+00	0.00e+00
 2.49905e+23	9.86e-01	1.41e-02	8.95e-06	3.48e-07	0.00e+00	0.00e+00	0.00e+00	0.00e+00
 2.50161e+23	9.86e-01	1.39e-02	8.86e-06	3.42e-07	0.00e+00	0.00e+00	0.00e+00	0.00e+00
 2.50394e+23	9.86e-01	1.36e-02	8.77e-06	3.36e-07	0.00e+00	0.00e+00	0.00e+00	0.00e+00
 2.50606e+23	9.87e-01	1.35e-02	8.70e-06	3.31e-07	0.00e+00	0.00e+00	0.00e+00	0.00e+00
 2.50838e+23	9.87e-01	1.32e-02	8.60e-06	3.23e-07	0.00e+00	0.00e+00	0.00e+00	0.00e+00
 2.51139e+23	9.87e-01	1.28e-02	8.47e-06	3.13e-07	0.00e+00	0.00e+00	0.00e+00	0.00e+00
 2.51488e+23	9.88e-01	1.24e-02	8.34e-06	3.03e-07	0.00e+00	0.00e+00	0.00e+00	0.00e+00
 2.51849e+23	9.88e-01	1.21e-02	8.21e-06	2.94e-07	0.00e+00	0.00e+00	0.00e+00	0.00e+00
 2.52216e+23	9.88e-01	1.18e-02	8.08e-06	2.85e-07	0.00e+00	0.00e+00	0.00e+00	0.00e+00
 2.52590e+23	9.89e-01	1.15e-02	7.94e-06	2.76e-07	0.00e+00	0.00e+00	0.00e+00	0.00e+00
 2.52968e+23	9.89e-01	1.12e-02	7.81e-06	2.67e-07	0.00e+00	0.00e+00	0.00e+00	0.00e+00
 2.53350e+23	9.89e-01	1.09e-02	7.68e-06	2.59e-07	0.00e+00	0.00e+00	0.00e+00	0.00e+00
 2.53736e+23	9.89e-01	1.06e-02	7.55e-06	2.50e-07	0.00e+00	0.00e+00	0.00e+00	0.00e+00
 2.54126e+23	9.90e-01	1.03e-02	7.42e-06	2.42e-07	0.00e+00	0.00e+00	0.00e+00	0.00e+00
 2.54521e+23	9.90e-01	1.00e-02	7.29e-06	2.34e-07	0.00e+00	0.00e+00	0.00e+00	0.00e+00
 2.54920e+23	9.90e-01	9.73e-03	7.16e-06	2.26e-07	0.00e+00	0.00e+00	0.00e+00	0.00e+00
 2.55323e+23	9.91e-01	9.46e-03	7.03e-06	2.18e-07	0.00e+00	0.00e+00	0.00e+00	0.00e+00
 2.55729e+23	9.91e-01	9.20e-03	6.90e-06	2.11e-07	0.00e+00	0.00e+00	0.00e+00	0.00e+00
