#depth	He	He+	He+2
 4.62852e+21	8.13e-07	9.60e-03	9.90e-01
 1.03319e+22	1.76e-06	1.40e-02	9.86e-01
 1.19442e+22	2.56e-06	1.69e-02	9.83e-01
 1.28050e+22	3.20e-06	1.89e-02	9.81e-01
 1.32541e+22	3.50e-06	1.97e-02	9.80e-01
 1.35436e+22	3.90e-06	2.08e-02	9.79e-01
 1.38567e+22	4.32e-06	2.19e-02	9.78e-01
 1.42005e+22	4.90e-06	2.33e-02	9.77e-01
 1.45513e+22	5.49e-06	2.46e-02	9.75e-01
 1.48571e+22	6.06e-06	2.58e-02	9.74e-01
 1.52007e+22	6.92e-06	2.76e-02	9.72e-01
 1.55543e+22	7.72e-06	2.91e-02	9.71e-01
 1.59211e+22	8.85e-06	3.11e-02	9.69e-01
 1.62915e+22	9.90e-06	3.29e-02	9.67e-01
 1.66174e+22	1.11e-05	3.47e-02	9.65e-01
 1.69918e+22	1.27e-05	3.72e-02	9.63e-01
 1.73711e+22	1.43e-05	3.93e-02	9.61e-01
 1.77565e+22	1.64e-05	4.21e-02	9.58e-01
 1.81489e+22	1.85e-05	4.47e-02	9.55e-01
 1.84978e+22	2.08e-05	4.73e-02	9.53e-01
 1.88990e+22	2.41e-05	5.08e-02	9.49e-01
 1.93060e+22	2.73e-05	5.39e-02	9.46e-01
 1.97205e+22	3.17e-05	5.80e-02	9.42e-01
 2.01267e+22	3.56e-05	6.13e-02	9.39e-01
 2.05222e+22	4.12e-05	6.58e-02	9.34e-01
 2.09108e+22	4.58e-05	6.93e-02	9.31e-01
 2.12382e+22	5.09e-05	7.28e-02	9.27e-01
 2.16117e+22	5.85e-05	7.79e-02	9.22e-01
 2.19815e+22	6.47e-05	8.18e-02	9.18e-01
 2.23467e+22	7.35e-05	8.69e-02	9.13e-01
 2.27238e+22	8.23e-05	9.17e-02	9.08e-01
 2.30612e+22	9.15e-05	9.64e-02	9.03e-01
 2.34443e+22	1.05e-04	1.03e-01	8.97e-01
 2.38338e+22	1.17e-04	1.08e-01	8.91e-01
 2.42315e+22	1.34e-04	1.15e-01	8.84e-01
 2.46010e+22	1.47e-04	1.21e-01	8.79e-01
 2.48877e+22	1.62e-04	1.26e-01	8.74e-01
 2.52142e+22	1.80e-04	1.33e-01	8.67e-01
 2.55505e+22	1.97e-04	1.38e-01	8.62e-01
 2.58540e+22	2.16e-04	1.44e-01	8.56e-01
 2.61572e+22	2.37e-04	1.50e-01	8.49e-01
 2.65056e+22	2.66e-04	1.58e-01	8.41e-01
 2.68566e+22	2.92e-04	1.65e-01	8.34e-01
 2.71610e+22	3.20e-04	1.72e-01	8.27e-01
 2.75071e+22	3.58e-04	1.81e-01	8.18e-01
 2.78603e+22	3.92e-04	1.89e-01	8.11e-01
 2.82228e+22	4.40e-04	1.99e-01	8.01e-01
 2.85873e+22	4.85e-04	2.08e-01	7.92e-01
 2.89047e+22	5.30e-04	2.16e-01	7.84e-01
 2.92676e+22	5.92e-04	2.27e-01	7.73e-01
 2.96403e+22	6.51e-04	2.36e-01	7.63e-01
 3.00257e+22	7.32e-04	2.49e-01	7.51e-01
 3.04154e+22	8.07e-04	2.59e-01	7.40e-01
 3.08106e+22	9.07e-04	2.72e-01	7.27e-01
 3.12144e+22	1.00e-03	2.84e-01	7.15e-01
 3.15750e+22	1.10e-03	2.95e-01	7.03e-01
 3.19892e+22	1.24e-03	3.10e-01	6.88e-01
 3.24130e+22	1.37e-03	3.23e-01	6.75e-01
 3.27334e+22	1.47e-03	3.33e-01	6.66e-01
 3.28981e+22	1.49e-03	3.34e-01	6.64e-01
 3.29624e+22	1.52e-03	3.37e-01	6.62e-01
 3.30322e+22	1.55e-03	3.39e-01	6.59e-01
 3.31230e+22	1.59e-03	3.43e-01	6.56e-01
 3.32411e+22	1.64e-03	3.47e-01	6.51e-01
 3.33945e+22	1.71e-03	3.53e-01	6.45e-01
 3.35940e+22	1.81e-03	3.61e-01	6.37e-01
 3.38533e+22	1.95e-03	3.71e-01	6.27e-01
 3.41415e+22	2.09e-03	3.82e-01	6.16e-01
 3.44671e+22	2.29e-03	3.95e-01	6.03e-01
 3.47969e+22	2.46e-03	4.06e-01	5.92e-01
 3.51322e+22	2.69e-03	4.19e-01	5.78e-01
 3.54758e+22	2.91e-03	4.31e-01	5.66e-01
 3.57813e+22	3.12e-03	4.42e-01	5.55e-01
 3.61293e+22	3.41e-03	4.56e-01	5.40e-01
 3.64895e+22	3.68e-03	4.69e-01	5.28e-01
 3.68654e+22	4.06e-03	4.85e-01	5.11e-01
 3.72440e+22	4.39e-03	4.98e-01	4.98e-01
 3.76262e+22	4.81e-03	5.13e-01	4.82e-01
 3.80207e+22	5.22e-03	5.27e-01	4.68e-01
 3.84311e+22	5.77e-03	5.44e-01	4.50e-01
 3.88426e+22	6.25e-03	5.58e-01	4.36e-01
 3.92555e+22	6.91e-03	5.75e-01	4.18e-01
 3.96741e+22	7.46e-03	5.88e-01	4.04e-01
 4.01001e+22	8.27e-03	6.06e-01	3.86e-01
 4.05327e+22	8.93e-03	6.19e-01	3.72e-01
 4.09737e+22	9.87e-03	6.37e-01	3.53e-01
 4.14279e+22	1.07e-02	6.51e-01	3.38e-01
 4.17751e+22	1.14e-02	6.61e-01	3.28e-01
 4.21020e+22	1.22e-02	6.74e-01	3.14e-01
 4.25270e+22	1.35e-02	6.89e-01	2.97e-01
 4.29931e+22	1.46e-02	7.03e-01	2.82e-01
 4.35124e+22	1.65e-02	7.22e-01	2.61e-01
 4.40373e+22	1.80e-02	7.36e-01	2.46e-01
 4.45696e+22	2.03e-02	7.54e-01	2.26e-01
 4.51257e+22	2.23e-02	7.68e-01	2.10e-01
 4.57129e+22	2.54e-02	7.85e-01	1.90e-01
 4.63236e+22	2.83e-02	7.99e-01	1.73e-01
 4.68797e+22	3.15e-02	8.11e-01	1.57e-01
 4.73567e+22	3.41e-02	8.20e-01	1.46e-01
 4.78166e+22	3.78e-02	8.29e-01	1.33e-01
 4.82944e+22	4.14e-02	8.37e-01	1.21e-01
 4.87956e+22	4.65e-02	8.45e-01	1.08e-01
 4.93080e+22	5.13e-02	8.51e-01	9.74e-02
 4.98350e+22	5.83e-02	8.56e-01	8.55e-02
 5.03188e+22	6.38e-02	8.59e-01	7.74e-02
 5.06731e+22	6.90e-02	8.60e-01	7.12e-02
 5.10603e+22	7.64e-02	8.60e-01	6.41e-02
 5.14768e+22	8.44e-02	8.58e-01	5.77e-02
 5.18614e+22	9.32e-02	8.55e-01	5.23e-02
 5.22239e+22	1.03e-01	8.50e-01	4.77e-02
 5.25615e+22	1.13e-01	8.43e-01	4.38e-02
 5.28718e+22	1.24e-01	8.36e-01	4.06e-02
 5.31549e+22	1.35e-01	8.27e-01	3.79e-02
 5.34121e+22	1.47e-01	8.17e-01	3.58e-02
 5.36461e+22	1.59e-01	8.06e-01	3.41e-02
 5.38600e+22	1.72e-01	7.95e-01	3.28e-02
 5.39941e+22	1.79e-01	7.88e-01	3.25e-02
 5.40433e+22	1.82e-01	7.85e-01	3.23e-02
 5.40826e+22	1.85e-01	7.83e-01	3.20e-02
 5.41337e+22	1.89e-01	7.79e-01	3.17e-02
 5.41937e+22	1.94e-01	7.74e-01	3.14e-02
 5.42535e+22	1.99e-01	7.70e-01	3.12e-02
 5.43118e+22	2.03e-01	7.66e-01	3.10e-02
 5.43710e+22	2.08e-01	7.61e-01	3.07e-02
 5.44294e+22	2.13e-01	7.56e-01	3.05e-02
 5.44885e+22	2.19e-01	7.51e-01	3.03e-02
 5.45494e+22	2.24e-01	7.46e-01	3.02e-02
 5.46118e+22	2.30e-01	7.40e-01	3.00e-02
 5.46753e+22	2.36e-01	7.34e-01	2.99e-02
 5.47400e+22	2.43e-01	7.27e-01	2.98e-02
 5.48062e+22	2.50e-01	7.20e-01	2.96e-02
 5.48745e+22	2.57e-01	7.13e-01	2.96e-02
 5.49455e+22	2.65e-01	7.05e-01	2.95e-02
 5.50193e+22	2.74e-01	6.97e-01	2.94e-02
 5.50928e+22	2.82e-01	6.88e-01	2.94e-02
 5.51501e+22	2.88e-01	6.82e-01	2.95e-02
 5.51885e+22	2.93e-01	6.78e-01	2.95e-02
 5.52254e+22	2.97e-01	6.73e-01	2.95e-02
 5.52694e+22	3.03e-01	6.67e-01	2.94e-02
 5.53179e+22	3.10e-01	6.61e-01	2.94e-02
 5.53645e+22	3.16e-01	6.55e-01	2.94e-02
 5.54099e+22	3.22e-01	6.49e-01	2.93e-02
 5.54565e+22	3.29e-01	6.42e-01	2.92e-02
 5.55036e+22	3.36e-01	6.35e-01	2.91e-02
 5.55514e+22	3.43e-01	6.28e-01	2.91e-02
 5.56005e+22	3.50e-01	6.21e-01	2.89e-02
 5.56509e+22	3.58e-01	6.14e-01	2.88e-02
 5.57022e+22	3.66e-01	6.06e-01	2.86e-02
 5.57541e+22	3.74e-01	5.98e-01	2.85e-02
 5.58069e+22	3.82e-01	5.89e-01	2.83e-02
 5.58616e+22	3.91e-01	5.81e-01	2.80e-02
 5.59179e+22	4.01e-01	5.71e-01	2.77e-02
 5.59750e+22	4.10e-01	5.62e-01	2.75e-02
 5.60333e+22	4.20e-01	5.52e-01	2.71e-02
 5.60938e+22	4.31e-01	5.42e-01	2.67e-02
 5.61558e+22	4.42e-01	5.32e-01	2.63e-02
 5.62194e+22	4.53e-01	5.21e-01	2.59e-02
 5.62851e+22	4.65e-01	5.10e-01	2.54e-02
 5.63523e+22	4.77e-01	4.98e-01	2.49e-02
 5.64210e+22	4.89e-01	4.86e-01	2.44e-02
 5.64924e+22	5.02e-01	4.74e-01	2.38e-02
 5.65660e+22	5.15e-01	4.61e-01	2.32e-02
 5.66413e+22	5.29e-01	4.49e-01	2.25e-02
 5.67186e+22	5.43e-01	4.36e-01	2.18e-02
 5.67978e+22	5.56e-01	4.22e-01	2.11e-02
 5.68782e+22	5.71e-01	4.09e-01	2.04e-02
 5.69603e+22	5.85e-01	3.96e-01	1.96e-02
 5.70446e+22	5.99e-01	3.83e-01	1.89e-02
 5.71282e+22	6.12e-01	3.70e-01	1.81e-02
 5.72121e+22	6.26e-01	3.57e-01	1.73e-02
 5.72995e+22	6.39e-01	3.44e-01	1.65e-02
 5.73884e+22	6.53e-01	3.32e-01	1.58e-02
 5.74775e+22	6.65e-01	3.20e-01	1.51e-02
 5.75690e+22	6.78e-01	3.07e-01	1.43e-02
 5.76633e+22	6.91e-01	2.95e-01	1.35e-02
 5.77591e+22	7.04e-01	2.84e-01	1.28e-02
 5.78559e+22	7.16e-01	2.72e-01	1.20e-02
 5.79556e+22	7.28e-01	2.61e-01	1.13e-02
 5.80580e+22	7.39e-01	2.50e-01	1.06e-02
 5.81589e+22	7.50e-01	2.40e-01	9.99e-03
 5.82547e+22	7.60e-01	2.31e-01	9.39e-03
 5.83431e+22	7.68e-01	2.23e-01	8.86e-03
 5.84250e+22	7.76e-01	2.16e-01	8.38e-03
 5.85008e+22	7.83e-01	2.09e-01	7.96e-03
 5.85740e+22	7.90e-01	2.03e-01	7.56e-03
 5.86474e+22	7.96e-01	1.97e-01	7.20e-03
 5.87195e+22	8.02e-01	1.91e-01	6.83e-03
 5.87870e+22	8.07e-01	1.86e-01	6.52e-03
 5.88499e+22	8.12e-01	1.82e-01	6.23e-03
 5.89131e+22	8.17e-01	1.77e-01	5.94e-03
 5.89741e+22	8.21e-01	1.73e-01	5.69e-03
 5.90317e+22	8.25e-01	1.69e-01	5.45e-03
 5.90888e+22	8.30e-01	1.65e-01	5.22e-03
 5.91436e+22	8.33e-01	1.62e-01	5.01e-03
 5.91952e+22	8.37e-01	1.58e-01	4.82e-03
 5.92456e+22	8.40e-01	1.55e-01	4.63e-03
 5.92948e+22	8.44e-01	1.52e-01	4.45e-03
 5.93410e+22	8.47e-01	1.49e-01	4.29e-03
 5.93831e+22	8.49e-01	1.47e-01	4.15e-03
 5.94214e+22	8.52e-01	1.44e-01	4.02e-03
 5.94562e+22	8.54e-01	1.42e-01	3.90e-03
 5.94879e+22	8.56e-01	1.40e-01	3.79e-03
 5.95168e+22	8.58e-01	1.38e-01	3.70e-03
 5.95430e+22	8.60e-01	1.37e-01	3.62e-03
 5.95718e+22	8.62e-01	1.35e-01	3.51e-03
 5.96028e+22	8.64e-01	1.33e-01	3.42e-03
 5.96311e+22	8.65e-01	1.31e-01	3.34e-03
 5.96568e+22	8.67e-01	1.30e-01	3.27e-03
 5.96802e+22	8.68e-01	1.29e-01	3.22e-03
 5.97059e+22	8.70e-01	1.27e-01	3.13e-03
 5.97392e+22	8.72e-01	1.25e-01	3.03e-03
 5.97752e+22	8.74e-01	1.23e-01	2.95e-03
 5.98080e+22	8.75e-01	1.22e-01	2.87e-03
 5.98378e+22	8.77e-01	1.20e-01	2.80e-03
 5.98704e+22	8.79e-01	1.19e-01	2.72e-03
 5.99057e+22	8.80e-01	1.17e-01	2.65e-03
 5.99378e+22	8.82e-01	1.16e-01	2.59e-03
 5.99670e+22	8.83e-01	1.14e-01	2.53e-03
 5.99936e+22	8.84e-01	1.13e-01	2.49e-03
 6.00227e+22	8.86e-01	1.12e-01	2.41e-03
 6.00605e+22	8.88e-01	1.10e-01	2.33e-03
 6.01014e+22	8.90e-01	1.08e-01	2.27e-03
 6.01386e+22	8.91e-01	1.07e-01	2.21e-03
 6.01724e+22	8.92e-01	1.05e-01	2.15e-03
 6.02032e+22	8.94e-01	1.04e-01	2.10e-03
 6.02312e+22	8.95e-01	1.03e-01	2.05e-03
 6.02620e+22	8.97e-01	1.01e-01	1.99e-03
 6.02951e+22	8.98e-01	1.00e-01	1.94e-03
 6.03253e+22	8.99e-01	9.88e-02	1.89e-03
 6.03527e+22	9.00e-01	9.77e-02	1.85e-03
 6.03777e+22	9.01e-01	9.68e-02	1.82e-03
 6.04051e+22	9.03e-01	9.54e-02	1.76e-03
 6.04407e+22	9.04e-01	9.40e-02	1.71e-03
 6.04791e+22	9.06e-01	9.26e-02	1.66e-03
 6.05141e+22	9.07e-01	9.13e-02	1.62e-03
 6.05459e+22	9.08e-01	9.02e-02	1.58e-03
 6.05748e+22	9.09e-01	8.91e-02	1.54e-03
 6.06012e+22	9.10e-01	8.81e-02	1.50e-03
 6.06251e+22	9.11e-01	8.71e-02	1.47e-03
 6.06470e+22	9.12e-01	8.64e-02	1.45e-03
 6.06709e+22	9.13e-01	8.55e-02	1.42e-03
 6.07020e+22	9.14e-01	8.43e-02	1.38e-03
 6.07355e+22	9.16e-01	8.31e-02	1.34e-03
 6.07660e+22	9.16e-01	8.22e-02	1.31e-03
 6.07938e+22	9.17e-01	8.13e-02	1.28e-03
 6.08191e+22	9.18e-01	8.07e-02	1.26e-03
 6.08468e+22	9.19e-01	7.97e-02	1.23e-03
 6.08767e+22	9.20e-01	7.89e-02	1.21e-03
 6.09095e+22	9.21e-01	7.78e-02	1.17e-03
 6.09449e+22	9.22e-01	7.69e-02	1.15e-03
 6.09771e+22	9.23e-01	7.59e-02	1.12e-03
 6.10064e+22	9.24e-01	7.53e-02	1.10e-03
 6.10385e+22	9.25e-01	7.43e-02	1.07e-03
 6.10732e+22	9.26e-01	7.34e-02	1.04e-03
 6.11047e+22	9.27e-01	7.25e-02	1.02e-03
 6.11334e+22	9.27e-01	7.18e-02	1.00e-03
 6.11649e+22	9.28e-01	7.08e-02	9.70e-04
 6.11988e+22	9.29e-01	7.02e-02	9.54e-04
 6.12361e+22	9.30e-01	6.90e-02	9.23e-04
 6.12762e+22	9.31e-01	6.82e-02	9.00e-04
 6.13128e+22	9.32e-01	6.72e-02	8.76e-04
 6.13461e+22	9.33e-01	6.66e-02	8.60e-04
 6.13825e+22	9.34e-01	6.56e-02	8.33e-04
 6.14219e+22	9.34e-01	6.47e-02	8.12e-04
 6.14577e+22	9.35e-01	6.40e-02	7.94e-04
 6.14969e+22	9.36e-01	6.30e-02	7.69e-04
 6.15393e+22	9.37e-01	6.22e-02	7.49e-04
 6.15779e+22	9.38e-01	6.13e-02	7.28e-04
 6.16129e+22	9.39e-01	6.07e-02	7.13e-04
 6.16514e+22	9.40e-01	5.97e-02	6.91e-04
 6.16929e+22	9.40e-01	5.89e-02	6.74e-04
 6.17307e+22	9.41e-01	5.83e-02	6.59e-04
 6.17720e+22	9.42e-01	5.73e-02	6.37e-04
 6.18167e+22	9.43e-01	5.65e-02	6.20e-04
 6.18574e+22	9.44e-01	5.57e-02	6.02e-04
 6.18944e+22	9.44e-01	5.52e-02	5.90e-04
 6.19349e+22	9.45e-01	5.43e-02	5.71e-04
 6.19787e+22	9.46e-01	5.36e-02	5.56e-04
 6.20185e+22	9.47e-01	5.29e-02	5.44e-04
 6.20622e+22	9.47e-01	5.20e-02	5.25e-04
 6.21093e+22	9.48e-01	5.13e-02	5.11e-04
 6.21522e+22	9.49e-01	5.07e-02	4.99e-04
 6.21992e+22	9.50e-01	4.98e-02	4.81e-04
 6.22499e+22	9.50e-01	4.91e-02	4.68e-04
 6.22961e+22	9.51e-01	4.85e-02	4.56e-04
 6.23467e+22	9.52e-01	4.75e-02	4.39e-04
 6.24013e+22	9.53e-01	4.69e-02	4.27e-04
 6.24510e+22	9.53e-01	4.61e-02	4.13e-04
 6.24962e+22	9.54e-01	4.55e-02	4.02e-04
 6.25458e+22	9.55e-01	4.47e-02	3.88e-04
 6.25993e+22	9.56e-01	4.40e-02	3.76e-04
 6.26479e+22	9.56e-01	4.34e-02	3.66e-04
 6.27013e+22	9.57e-01	4.26e-02	3.53e-04
 6.27589e+22	9.58e-01	4.19e-02	3.42e-04
 6.28113e+22	9.58e-01	4.14e-02	3.32e-04
 6.28687e+22	9.59e-01	4.05e-02	3.19e-04
 6.29307e+22	9.60e-01	3.99e-02	3.09e-04
 6.29871e+22	9.60e-01	3.93e-02	3.00e-04
 6.30490e+22	9.61e-01	3.85e-02	2.87e-04
 6.31157e+22	9.62e-01	3.78e-02	2.78e-04
 6.31765e+22	9.63e-01	3.71e-02	2.68e-04
 6.32317e+22	9.63e-01	3.66e-02	2.60e-04
 6.32923e+22	9.64e-01	3.58e-02	2.50e-04
 6.33577e+22	9.65e-01	3.52e-02	2.41e-04
 6.34172e+22	9.65e-01	3.46e-02	2.34e-04
 6.34824e+22	9.66e-01	3.39e-02	2.24e-04
 6.35528e+22	9.66e-01	3.33e-02	2.16e-04
 6.36168e+22	9.67e-01	3.28e-02	2.09e-04
 6.36870e+22	9.68e-01	3.20e-02	2.00e-04
 6.37628e+22	9.68e-01	3.15e-02	1.93e-04
 6.38318e+22	9.69e-01	3.09e-02	1.86e-04
 6.38945e+22	9.69e-01	3.03e-02	1.79e-04
 6.39633e+22	9.70e-01	2.97e-02	1.72e-04
 6.40375e+22	9.71e-01	2.92e-02	1.66e-04
 6.41051e+22	9.71e-01	2.87e-02	1.60e-04
 6.41791e+22	9.72e-01	2.80e-02	1.53e-04
 6.42590e+22	9.72e-01	2.75e-02	1.48e-04
 6.43318e+22	9.73e-01	2.70e-02	1.42e-04
 6.44114e+22	9.74e-01	2.64e-02	1.36e-04
 6.44975e+22	9.74e-01	2.58e-02	1.30e-04
 6.45758e+22	9.75e-01	2.53e-02	1.25e-04
 6.46616e+22	9.75e-01	2.47e-02	1.19e-04
 6.47542e+22	9.76e-01	2.42e-02	1.14e-04
 6.48385e+22	9.76e-01	2.36e-02	1.09e-04
 6.49152e+22	9.77e-01	2.32e-02	1.05e-04
 6.49992e+22	9.77e-01	2.26e-02	1.00e-04
 6.51085e+22	9.78e-01	2.20e-02	9.46e-05
 6.52323e+22	9.79e-01	2.13e-02	8.91e-05
 6.53558e+22	9.79e-01	2.07e-02	8.37e-05
 6.54806e+22	9.80e-01	2.00e-02	7.85e-05
 6.56086e+22	9.81e-01	1.94e-02	7.36e-05
 6.57384e+22	9.81e-01	1.88e-02	6.89e-05
 6.58695e+22	9.82e-01	1.81e-02	6.46e-05
 6.60024e+22	9.82e-01	1.75e-02	6.04e-05
 6.61368e+22	9.83e-01	1.70e-02	5.65e-05
 6.62729e+22	9.84e-01	1.64e-02	5.28e-05
 6.64105e+22	9.84e-01	1.58e-02	4.94e-05
 6.65495e+22	9.85e-01	1.53e-02	4.61e-05
 6.66901e+22	9.85e-01	1.48e-02	4.30e-05
 6.68321e+22	9.86e-01	1.43e-02	4.01e-05
 6.69754e+22	9.86e-01	1.38e-02	3.74e-05
 6.71199e+22	9.87e-01	1.33e-02	3.49e-05
 6.72656e+22	9.87e-01	1.28e-02	3.25e-05
 6.74128e+22	9.88e-01	1.24e-02	3.03e-05
 6.75615e+22	9.88e-01	1.20e-02	2.82e-05
 6.77115e+22	9.88e-01	1.15e-02	2.62e-05
 6.78627e+22	9.89e-01	1.11e-02	2.44e-05
 6.80152e+22	9.89e-01	1.07e-02	2.27e-05
 6.81691e+22	9.90e-01	1.03e-02	2.11e-05
 6.83260e+22	9.90e-01	9.95e-03	1.95e-05
 6.84866e+22	9.90e-01	9.57e-03	1.81e-05
 6.86495e+22	9.91e-01	9.21e-03	1.68e-05
 6.88142e+22	9.91e-01	8.86e-03	1.55e-05
 6.89807e+22	9.91e-01	8.52e-03	1.44e-05
 6.91491e+22	9.92e-01	8.19e-03	1.33e-05
 6.93194e+22	9.92e-01	7.87e-03	1.23e-05
 6.94917e+22	9.92e-01	7.56e-03	1.13e-05
 6.96669e+22	9.93e-01	7.26e-03	1.04e-05
 6.98451e+22	9.93e-01	6.96e-03	9.62e-06
 7.00276e+22	9.93e-01	6.68e-03	8.84e-06
 7.02148e+22	9.94e-01	6.40e-03	8.12e-06
 7.04054e+22	9.94e-01	6.12e-03	7.45e-06
 7.05992e+22	9.94e-01	5.86e-03	6.82e-06
 7.07963e+22	9.94e-01	5.60e-03	6.24e-06
 7.09970e+22	9.95e-01	5.36e-03	5.70e-06
 7.12014e+22	9.95e-01	5.12e-03	5.20e-06
 7.14098e+22	9.95e-01	4.88e-03	4.74e-06
 7.16235e+22	9.95e-01	4.65e-03	4.31e-06
 7.18424e+22	9.96e-01	4.43e-03	3.91e-06
 7.20658e+22	9.96e-01	4.22e-03	3.55e-06
 7.22943e+22	9.96e-01	4.01e-03	3.21e-06
 7.25284e+22	9.96e-01	3.81e-03	2.89e-06
 7.27678e+22	9.96e-01	3.62e-03	2.61e-06
 7.30110e+22	9.97e-01	3.43e-03	2.35e-06
 7.32567e+22	9.97e-01	3.26e-03	2.11e-06
 7.35053e+22	9.97e-01	3.09e-03	1.90e-06
 7.37563e+22	9.97e-01	2.93e-03	1.71e-06
 7.40096e+22	9.97e-01	2.77e-03	1.53e-06
 7.42654e+22	9.97e-01	2.63e-03	1.37e-06
 7.45238e+22	9.98e-01	2.49e-03	1.23e-06
 7.47847e+22	9.98e-01	2.35e-03	1.10e-06
 7.50484e+22	9.98e-01	2.23e-03	9.89e-07
 7.53150e+22	9.98e-01	2.11e-03	8.84e-07
 7.55846e+22	9.98e-01	1.99e-03	7.91e-07
 7.58562e+22	9.98e-01	1.88e-03	7.06e-07
 7.61304e+22	9.98e-01	1.78e-03	6.30e-07
 7.64076e+22	9.98e-01	1.68e-03	5.62e-07
 7.66879e+22	9.98e-01	1.59e-03	5.01e-07
 7.69721e+22	9.99e-01	1.49e-03	4.45e-07
 7.72595e+22	9.99e-01	1.41e-03	3.95e-07
 7.75502e+22	9.99e-01	1.33e-03	3.51e-07
 7.78443e+22	9.99e-01	1.25e-03	3.11e-07
 7.81373e+22	9.99e-01	1.18e-03	2.76e-07
 7.84186e+22	9.99e-01	1.11e-03	2.47e-07
 7.86806e+22	9.99e-01	1.06e-03	2.22e-07
 7.89246e+22	9.99e-01	1.01e-03	2.02e-07
 7.91553e+22	9.99e-01	9.62e-04	1.84e-07
 7.93759e+22	9.99e-01	9.21e-04	1.69e-07
 7.95867e+22	9.99e-01	8.83e-04	1.55e-07
 7.97869e+22	9.99e-01	8.49e-04	1.43e-07
 7.99762e+22	9.99e-01	8.17e-04	1.33e-07
 8.01555e+22	9.99e-01	7.88e-04	1.24e-07
 8.03263e+22	9.99e-01	7.62e-04	1.16e-07
 8.04894e+22	9.99e-01	7.39e-04	1.09e-07
 8.06434e+22	9.99e-01	7.17e-04	1.02e-07
 8.07889e+22	9.99e-01	6.97e-04	9.65e-08
 8.09286e+22	9.99e-01	6.78e-04	9.13e-08
 8.10638e+22	9.99e-01	6.60e-04	8.65e-08
 8.11938e+22	9.99e-01	6.43e-04	8.22e-08
 8.13179e+22	9.99e-01	6.27e-04	7.82e-08
 8.14362e+22	9.99e-01	6.13e-04	7.46e-08
 8.15496e+22	9.99e-01	5.99e-04	7.14e-08
 8.16590e+22	9.99e-01	5.86e-04	6.83e-08
 8.17651e+22	9.99e-01	5.74e-04	6.54e-08
 8.18681e+22	9.99e-01	5.62e-04	6.27e-08
 8.19682e+22	9.99e-01	5.51e-04	6.03e-08
 8.20649e+22	9.99e-01	5.40e-04	5.80e-08
 8.21585e+22	9.99e-01	5.30e-04	5.58e-08
 8.22499e+22	9.99e-01	5.21e-04	5.38e-08
 8.23399e+22	9.99e-01	5.11e-04	5.19e-08
 8.24288e+22	9.99e-01	5.02e-04	5.01e-08
 8.25167e+22	1.00e+00	4.93e-04	4.83e-08
 8.26037e+22	1.00e+00	4.85e-04	4.66e-08
 8.26900e+22	1.00e+00	4.76e-04	4.50e-08
 8.27763e+22	1.00e+00	4.68e-04	4.35e-08
 8.28633e+22	1.00e+00	4.60e-04	4.20e-08
 8.29509e+22	1.00e+00	4.51e-04	4.05e-08
 8.30400e+22	1.00e+00	4.43e-04	3.90e-08
 8.31313e+22	1.00e+00	4.35e-04	3.75e-08
 8.32252e+22	1.00e+00	4.26e-04	3.61e-08
 8.33217e+22	1.00e+00	4.18e-04	3.47e-08
 8.34215e+22	1.00e+00	4.09e-04	3.33e-08
 8.35256e+22	1.00e+00	4.00e-04	3.19e-08
 8.36347e+22	1.00e+00	3.92e-04	3.05e-08
 8.37497e+22	1.00e+00	3.82e-04	2.90e-08
 8.38713e+22	1.00e+00	3.72e-04	2.75e-08
 8.40005e+22	1.00e+00	3.62e-04	2.61e-08
 8.41379e+22	1.00e+00	3.52e-04	2.46e-08
 8.42837e+22	1.00e+00	3.41e-04	2.32e-08
 8.44389e+22	1.00e+00	3.30e-04	2.17e-08
 8.46057e+22	1.00e+00	3.19e-04	2.02e-08
 8.47854e+22	1.00e+00	3.07e-04	1.87e-08
 8.49786e+22	1.00e+00	2.94e-04	1.72e-08
 8.51856e+22	1.00e+00	2.81e-04	1.57e-08
 8.54078e+22	1.00e+00	2.68e-04	1.43e-08
 8.56473e+22	1.00e+00	2.55e-04	1.29e-08
 8.59058e+22	1.00e+00	2.41e-04	1.15e-08
 8.61853e+22	1.00e+00	2.26e-04	1.02e-08
 8.64889e+22	1.00e+00	2.11e-04	8.89e-09
 8.68191e+22	1.00e+00	1.96e-04	7.67e-09
 8.71780e+22	1.00e+00	1.81e-04	6.54e-09
 8.75662e+22	1.00e+00	1.66e-04	5.49e-09
 8.79864e+22	1.00e+00	1.51e-04	4.53e-09
 8.84422e+22	1.00e+00	1.36e-04	3.67e-09
 8.89311e+22	1.00e+00	1.21e-04	2.93e-09
 8.94463e+22	1.00e+00	1.07e-04	2.31e-09
 8.99801e+22	1.00e+00	9.48e-05	1.80e-09
 9.05196e+22	1.00e+00	8.34e-05	1.39e-09
 9.10474e+22	1.00e+00	7.36e-05	1.09e-09
 9.15450e+22	1.00e+00	6.55e-05	8.59e-10
 9.19972e+22	1.00e+00	5.88e-05	6.95e-10
 9.23823e+22	1.00e+00	5.39e-05	5.83e-10
 9.25622e+22	1.00e+00	5.31e-05	5.65e-10
