#depth	H	H+	H2
 4.62852e+21	4.22e-05	1.00e+00	5.18e-26
 1.03319e+22	6.26e-05	1.00e+00	3.23e-25
 1.19442e+22	7.58e-05	1.00e+00	7.80e-25
 1.28050e+22	8.49e-05	1.00e+00	1.32e-24
 1.32541e+22	8.89e-05	1.00e+00	1.64e-24
 1.35436e+22	9.40e-05	1.00e+00	2.13e-24
 1.38567e+22	9.91e-05	1.00e+00	2.72e-24
 1.42005e+22	1.06e-04	1.00e+00	3.69e-24
 1.45513e+22	1.12e-04	1.00e+00	4.83e-24
 1.48571e+22	1.18e-04	1.00e+00	6.14e-24
 1.52007e+22	1.26e-04	1.00e+00	8.42e-24
 1.55543e+22	1.33e-04	1.00e+00	1.09e-23
 1.59211e+22	1.43e-04	1.00e+00	1.52e-23
 1.62915e+22	1.52e-04	1.00e+00	1.99e-23
 1.66174e+22	1.60e-04	1.00e+00	2.59e-23
 1.69918e+22	1.73e-04	1.00e+00	3.65e-23
 1.73711e+22	1.83e-04	1.00e+00	4.80e-23
 1.77565e+22	1.97e-04	1.00e+00	6.61e-23
 1.81489e+22	2.09e-04	1.00e+00	8.81e-23
 1.84978e+22	2.23e-04	1.00e+00	1.17e-22
 1.88990e+22	2.40e-04	1.00e+00	1.68e-22
 1.93060e+22	2.56e-04	1.00e+00	2.26e-22
 1.97205e+22	2.77e-04	1.00e+00	3.30e-22
 2.01267e+22	2.94e-04	1.00e+00	4.37e-22
 2.05222e+22	3.17e-04	1.00e+00	6.32e-22
 2.09108e+22	3.36e-04	1.00e+00	8.27e-22
 2.12382e+22	3.54e-04	1.00e+00	1.08e-21
 2.16117e+22	3.81e-04	1.00e+00	1.54e-21
 2.19815e+22	4.02e-04	1.00e+00	2.01e-21
 2.23467e+22	4.30e-04	1.00e+00	2.82e-21
 2.27238e+22	4.57e-04	1.00e+00	3.82e-21
 2.30612e+22	4.83e-04	1.00e+00	5.11e-21
 2.34443e+22	5.19e-04	9.99e-01	7.45e-21
 2.38338e+22	5.51e-04	9.99e-01	1.03e-20
 2.42315e+22	5.92e-04	9.99e-01	1.53e-20
 2.46010e+22	6.23e-04	9.99e-01	2.06e-20
 2.48877e+22	6.54e-04	9.99e-01	2.69e-20
 2.52142e+22	6.94e-04	9.99e-01	3.87e-20
 2.55505e+22	7.29e-04	9.99e-01	5.13e-20
 2.58540e+22	7.66e-04	9.99e-01	6.95e-20
 2.61572e+22	8.05e-04	9.99e-01	9.52e-20
 2.65056e+22	8.57e-04	9.99e-01	1.44e-19
 2.68566e+22	9.03e-04	9.99e-01	2.09e-19
 2.71610e+22	9.49e-04	9.99e-01	2.91e-19
 2.75071e+22	1.01e-03	9.99e-01	4.62e-19
 2.78603e+22	1.06e-03	9.99e-01	6.73e-19
 2.82228e+22	1.13e-03	9.99e-01	1.15e-18
 2.85873e+22	1.20e-03	9.99e-01	1.77e-18
 2.89047e+22	1.26e-03	9.99e-01	2.97e-18
 2.92676e+22	1.34e-03	9.99e-01	5.51e-18
 2.96403e+22	1.41e-03	9.99e-01	9.45e-18
 3.00257e+22	1.51e-03	9.98e-01	2.12e-17
 3.04154e+22	1.60e-03	9.98e-01	4.50e-17
 3.08106e+22	1.71e-03	9.98e-01	9.26e-17
 3.12144e+22	1.81e-03	9.98e-01	1.67e-16
 3.15750e+22	1.92e-03	9.98e-01	2.58e-16
 3.19892e+22	2.06e-03	9.98e-01	4.29e-16
 3.24130e+22	2.19e-03	9.98e-01	6.26e-16
 3.27334e+22	2.28e-03	9.98e-01	8.09e-16
 3.28981e+22	2.30e-03	9.98e-01	8.40e-16
 3.29624e+22	2.32e-03	9.98e-01	8.96e-16
 3.30322e+22	2.35e-03	9.98e-01	9.61e-16
 3.31230e+22	2.39e-03	9.98e-01	1.05e-15
 3.32411e+22	2.44e-03	9.98e-01	1.18e-15
 3.33945e+22	2.50e-03	9.98e-01	1.38e-15
 3.35940e+22	2.59e-03	9.97e-01	1.68e-15
 3.38533e+22	2.71e-03	9.97e-01	2.17e-15
 3.41415e+22	2.83e-03	9.97e-01	2.74e-15
 3.44671e+22	2.99e-03	9.97e-01	3.63e-15
 3.47969e+22	3.13e-03	9.97e-01	4.55e-15
 3.51322e+22	3.30e-03	9.97e-01	5.91e-15
 3.54758e+22	3.47e-03	9.97e-01	7.29e-15
 3.57813e+22	3.63e-03	9.96e-01	9.02e-15
 3.61293e+22	3.84e-03	9.96e-01	1.16e-14
 3.64895e+22	4.04e-03	9.96e-01	1.44e-14
 3.68654e+22	4.30e-03	9.96e-01	1.88e-14
 3.72440e+22	4.53e-03	9.95e-01	2.35e-14
 3.76262e+22	4.81e-03	9.95e-01	3.07e-14
 3.80207e+22	5.08e-03	9.95e-01	3.85e-14
 3.84311e+22	5.43e-03	9.95e-01	5.08e-14
 3.88426e+22	5.73e-03	9.94e-01	6.33e-14
 3.92555e+22	6.13e-03	9.94e-01	8.41e-14
 3.96741e+22	6.46e-03	9.94e-01	1.05e-13
 4.01001e+22	6.94e-03	9.93e-01	1.39e-13
 4.05327e+22	7.32e-03	9.93e-01	1.73e-13
 4.09737e+22	7.85e-03	9.92e-01	2.27e-13
 4.14279e+22	8.32e-03	9.92e-01	2.86e-13
 4.17751e+22	8.66e-03	9.91e-01	3.35e-13
 4.21020e+22	9.14e-03	9.91e-01	4.16e-13
 4.25270e+22	9.81e-03	9.90e-01	5.42e-13
 4.29931e+22	1.04e-02	9.90e-01	6.95e-13
 4.35124e+22	1.14e-02	9.89e-01	9.76e-13
 4.40373e+22	1.21e-02	9.88e-01	1.25e-12
 4.45696e+22	1.33e-02	9.87e-01	1.78e-12
 4.51257e+22	1.43e-02	9.86e-01	2.39e-12
 4.57129e+22	1.59e-02	9.84e-01	3.55e-12
 4.63236e+22	1.73e-02	9.83e-01	4.95e-12
 4.68797e+22	1.90e-02	9.81e-01	6.96e-12
 4.73567e+22	2.03e-02	9.80e-01	8.95e-12
 4.78166e+22	2.23e-02	9.78e-01	1.24e-11
 4.82944e+22	2.43e-02	9.76e-01	1.68e-11
 4.87956e+22	2.73e-02	9.73e-01	2.49e-11
 4.93080e+22	3.03e-02	9.70e-01	3.51e-11
 4.98350e+22	3.49e-02	9.65e-01	5.52e-11
 5.03188e+22	3.91e-02	9.61e-01	7.76e-11
 5.06731e+22	4.32e-02	9.57e-01	1.04e-10
 5.10603e+22	4.95e-02	9.51e-01	1.55e-10
 5.14768e+22	5.74e-02	9.43e-01	2.32e-10
 5.18614e+22	6.70e-02	9.33e-01	3.49e-10
 5.22239e+22	7.90e-02	9.21e-01	5.31e-10
 5.25615e+22	9.38e-02	9.06e-01	8.08e-10
 5.28718e+22	1.12e-01	8.88e-01	1.22e-09
 5.31549e+22	1.34e-01	8.66e-01	1.84e-09
 5.34121e+22	1.59e-01	8.41e-01	2.72e-09
 5.36461e+22	1.89e-01	8.11e-01	3.96e-09
 5.38600e+22	2.23e-01	7.77e-01	5.64e-09
 5.39941e+22	2.46e-01	7.54e-01	6.88e-09
 5.40433e+22	2.55e-01	7.45e-01	7.42e-09
 5.40826e+22	2.64e-01	7.36e-01	7.95e-09
 5.41337e+22	2.75e-01	7.25e-01	8.69e-09
 5.41937e+22	2.89e-01	7.11e-01	9.66e-09
 5.42535e+22	3.02e-01	6.98e-01	1.06e-08
 5.43118e+22	3.16e-01	6.84e-01	1.17e-08
 5.43710e+22	3.31e-01	6.69e-01	1.29e-08
 5.44294e+22	3.47e-01	6.53e-01	1.42e-08
 5.44885e+22	3.63e-01	6.37e-01	1.56e-08
 5.45494e+22	3.80e-01	6.20e-01	1.71e-08
 5.46118e+22	3.97e-01	6.03e-01	1.88e-08
 5.46753e+22	4.16e-01	5.84e-01	2.07e-08
 5.47400e+22	4.35e-01	5.65e-01	2.27e-08
 5.48062e+22	4.55e-01	5.45e-01	2.49e-08
 5.48745e+22	4.76e-01	5.24e-01	2.73e-08
 5.49455e+22	4.97e-01	5.03e-01	2.98e-08
 5.50193e+22	5.20e-01	4.80e-01	3.26e-08
 5.50928e+22	5.42e-01	4.58e-01	3.54e-08
 5.51501e+22	5.58e-01	4.42e-01	3.73e-08
 5.51885e+22	5.68e-01	4.32e-01	3.88e-08
 5.52254e+22	5.79e-01	4.21e-01	4.02e-08
 5.52694e+22	5.91e-01	4.09e-01	4.19e-08
 5.53179e+22	6.05e-01	3.95e-01	4.39e-08
 5.53645e+22	6.16e-01	3.84e-01	4.55e-08
 5.54099e+22	6.28e-01	3.72e-01	4.73e-08
 5.54565e+22	6.40e-01	3.60e-01	4.91e-08
 5.55036e+22	6.51e-01	3.49e-01	5.08e-08
 5.55514e+22	6.63e-01	3.37e-01	5.26e-08
 5.56005e+22	6.74e-01	3.26e-01	5.44e-08
 5.56509e+22	6.85e-01	3.15e-01	5.61e-08
 5.57022e+22	6.96e-01	3.04e-01	5.80e-08
 5.57541e+22	7.06e-01	2.94e-01	5.97e-08
 5.58069e+22	7.16e-01	2.84e-01	6.15e-08
 5.58616e+22	7.26e-01	2.74e-01	6.33e-08
 5.59179e+22	7.36e-01	2.64e-01	6.52e-08
 5.59750e+22	7.46e-01	2.54e-01	6.69e-08
 5.60333e+22	7.55e-01	2.45e-01	6.87e-08
 5.60938e+22	7.64e-01	2.36e-01	7.06e-08
 5.61558e+22	7.73e-01	2.27e-01	7.24e-08
 5.62194e+22	7.82e-01	2.18e-01	7.42e-08
 5.62851e+22	7.90e-01	2.10e-01	7.62e-08
 5.63523e+22	7.98e-01	2.02e-01	7.80e-08
 5.64210e+22	8.06e-01	1.94e-01	7.99e-08
 5.64924e+22	8.14e-01	1.86e-01	8.19e-08
 5.65660e+22	8.21e-01	1.79e-01	8.38e-08
 5.66413e+22	8.28e-01	1.72e-01	8.59e-08
 5.67186e+22	8.35e-01	1.65e-01	8.79e-08
 5.67978e+22	8.42e-01	1.58e-01	9.00e-08
 5.68782e+22	8.48e-01	1.52e-01	9.22e-08
 5.69603e+22	8.54e-01	1.46e-01	9.45e-08
 5.70446e+22	8.60e-01	1.40e-01	9.68e-08
 5.71282e+22	8.66e-01	1.34e-01	9.92e-08
 5.72121e+22	8.71e-01	1.29e-01	1.02e-07
 5.72995e+22	8.76e-01	1.24e-01	1.04e-07
 5.73884e+22	8.80e-01	1.20e-01	1.07e-07
 5.74775e+22	8.85e-01	1.15e-01	1.10e-07
 5.75690e+22	8.89e-01	1.11e-01	1.13e-07
 5.76633e+22	8.93e-01	1.07e-01	1.16e-07
 5.77591e+22	8.97e-01	1.03e-01	1.20e-07
 5.78559e+22	9.01e-01	9.90e-02	1.24e-07
 5.79556e+22	9.05e-01	9.53e-02	1.28e-07
 5.80580e+22	9.08e-01	9.17e-02	1.33e-07
 5.81589e+22	9.12e-01	8.85e-02	1.38e-07
 5.82547e+22	9.14e-01	8.56e-02	1.42e-07
 5.83431e+22	9.17e-01	8.31e-02	1.46e-07
 5.84250e+22	9.19e-01	8.08e-02	1.50e-07
 5.85008e+22	9.21e-01	7.89e-02	1.54e-07
 5.85740e+22	9.23e-01	7.70e-02	1.58e-07
 5.86474e+22	9.25e-01	7.52e-02	1.63e-07
 5.87195e+22	9.27e-01	7.32e-02	1.68e-07
 5.87870e+22	9.28e-01	7.16e-02	1.73e-07
 5.88499e+22	9.30e-01	7.02e-02	1.78e-07
 5.89131e+22	9.31e-01	6.86e-02	1.83e-07
 5.89741e+22	9.33e-01	6.72e-02	1.88e-07
 5.90317e+22	9.34e-01	6.59e-02	1.93e-07
 5.90888e+22	9.35e-01	6.46e-02	1.99e-07
 5.91436e+22	9.37e-01	6.34e-02	2.05e-07
 5.91952e+22	9.38e-01	6.22e-02	2.11e-07
 5.92456e+22	9.39e-01	6.11e-02	2.17e-07
 5.92948e+22	9.40e-01	6.00e-02	2.24e-07
 5.93410e+22	9.41e-01	5.90e-02	2.30e-07
 5.93831e+22	9.42e-01	5.81e-02	2.36e-07
 5.94214e+22	9.43e-01	5.73e-02	2.41e-07
 5.94562e+22	9.43e-01	5.65e-02	2.47e-07
 5.94879e+22	9.44e-01	5.59e-02	2.51e-07
 5.95168e+22	9.45e-01	5.53e-02	2.56e-07
 5.95430e+22	9.45e-01	5.48e-02	2.59e-07
 5.95718e+22	9.46e-01	5.41e-02	2.64e-07
 5.96028e+22	9.47e-01	5.34e-02	2.68e-07
 5.96311e+22	9.47e-01	5.28e-02	2.72e-07
 5.96568e+22	9.48e-01	5.23e-02	2.77e-07
 5.96802e+22	9.48e-01	5.19e-02	2.80e-07
 5.97059e+22	9.49e-01	5.13e-02	2.82e-07
 5.97392e+22	9.50e-01	5.05e-02	2.87e-07
 5.97752e+22	9.50e-01	4.97e-02	2.91e-07
 5.98080e+22	9.51e-01	4.90e-02	2.94e-07
 5.98378e+22	9.52e-01	4.84e-02	2.96e-07
 5.98704e+22	9.52e-01	4.78e-02	2.99e-07
 5.99057e+22	9.53e-01	4.71e-02	3.01e-07
 5.99378e+22	9.53e-01	4.66e-02	3.03e-07
 5.99670e+22	9.54e-01	4.61e-02	3.05e-07
 5.99936e+22	9.54e-01	4.58e-02	3.06e-07
 6.00227e+22	9.55e-01	4.53e-02	3.06e-07
 6.00605e+22	9.56e-01	4.45e-02	3.07e-07
 6.01014e+22	9.56e-01	4.37e-02	3.08e-07
 6.01386e+22	9.57e-01	4.32e-02	3.09e-07
 6.01724e+22	9.57e-01	4.27e-02	3.09e-07
 6.02032e+22	9.58e-01	4.22e-02	3.09e-07
 6.02312e+22	9.58e-01	4.19e-02	3.09e-07
 6.02620e+22	9.59e-01	4.13e-02	3.08e-07
 6.02951e+22	9.59e-01	4.08e-02	3.07e-07
 6.03253e+22	9.60e-01	4.03e-02	3.06e-07
 6.03527e+22	9.60e-01	3.99e-02	3.06e-07
 6.03777e+22	9.60e-01	3.96e-02	3.05e-07
 6.04051e+22	9.61e-01	3.91e-02	3.03e-07
 6.04407e+22	9.61e-01	3.86e-02	3.02e-07
 6.04791e+22	9.62e-01	3.79e-02	3.01e-07
 6.05141e+22	9.63e-01	3.74e-02	3.00e-07
 6.05459e+22	9.63e-01	3.70e-02	2.99e-07
 6.05748e+22	9.63e-01	3.66e-02	2.97e-07
 6.06012e+22	9.64e-01	3.63e-02	2.95e-07
 6.06251e+22	9.64e-01	3.59e-02	2.93e-07
 6.06470e+22	9.64e-01	3.57e-02	2.92e-07
 6.06709e+22	9.65e-01	3.54e-02	2.91e-07
 6.07020e+22	9.65e-01	3.50e-02	2.89e-07
 6.07355e+22	9.66e-01	3.44e-02	2.87e-07
 6.07660e+22	9.66e-01	3.41e-02	2.86e-07
 6.07938e+22	9.66e-01	3.37e-02	2.85e-07
 6.08191e+22	9.66e-01	3.35e-02	2.84e-07
 6.08468e+22	9.67e-01	3.32e-02	2.83e-07
 6.08767e+22	9.67e-01	3.28e-02	2.82e-07
 6.09095e+22	9.68e-01	3.24e-02	2.80e-07
 6.09449e+22	9.68e-01	3.20e-02	2.80e-07
 6.09771e+22	9.68e-01	3.16e-02	2.78e-07
 6.10064e+22	9.69e-01	3.14e-02	2.78e-07
 6.10385e+22	9.69e-01	3.11e-02	2.76e-07
 6.10732e+22	9.69e-01	3.07e-02	2.75e-07
 6.11047e+22	9.70e-01	3.04e-02	2.74e-07
 6.11334e+22	9.70e-01	3.02e-02	2.74e-07
 6.11649e+22	9.70e-01	2.98e-02	2.71e-07
 6.11988e+22	9.70e-01	2.95e-02	2.72e-07
 6.12361e+22	9.71e-01	2.91e-02	2.70e-07
 6.12762e+22	9.71e-01	2.87e-02	2.69e-07
 6.13128e+22	9.72e-01	2.83e-02	2.68e-07
 6.13461e+22	9.72e-01	2.81e-02	2.68e-07
 6.13825e+22	9.72e-01	2.78e-02	2.66e-07
 6.14219e+22	9.73e-01	2.74e-02	2.65e-07
 6.14577e+22	9.73e-01	2.71e-02	2.65e-07
 6.14969e+22	9.73e-01	2.68e-02	2.63e-07
 6.15393e+22	9.74e-01	2.64e-02	2.63e-07
 6.15779e+22	9.74e-01	2.61e-02	2.61e-07
 6.16129e+22	9.74e-01	2.59e-02	2.61e-07
 6.16514e+22	9.74e-01	2.56e-02	2.59e-07
 6.16929e+22	9.75e-01	2.52e-02	2.59e-07
 6.17307e+22	9.75e-01	2.50e-02	2.58e-07
 6.17720e+22	9.75e-01	2.46e-02	2.57e-07
 6.18167e+22	9.76e-01	2.43e-02	2.57e-07
 6.18574e+22	9.76e-01	2.40e-02	2.56e-07
 6.18944e+22	9.76e-01	2.38e-02	2.56e-07
 6.19349e+22	9.76e-01	2.35e-02	2.55e-07
 6.19787e+22	9.77e-01	2.32e-02	2.55e-07
 6.20185e+22	9.77e-01	2.30e-02	2.55e-07
 6.20622e+22	9.77e-01	2.27e-02	2.54e-07
 6.21093e+22	9.78e-01	2.23e-02	2.54e-07
 6.21522e+22	9.78e-01	2.21e-02	2.54e-07
 6.21992e+22	9.78e-01	2.18e-02	2.53e-07
 6.22499e+22	9.79e-01	2.14e-02	2.53e-07
 6.22961e+22	9.79e-01	2.12e-02	2.53e-07
 6.23467e+22	9.79e-01	2.09e-02	2.52e-07
 6.24013e+22	9.79e-01	2.06e-02	2.52e-07
 6.24510e+22	9.80e-01	2.03e-02	2.52e-07
 6.24962e+22	9.80e-01	2.01e-02	2.51e-07
 6.25458e+22	9.80e-01	1.98e-02	2.50e-07
 6.25993e+22	9.80e-01	1.95e-02	2.50e-07
 6.26479e+22	9.81e-01	1.93e-02	2.50e-07
 6.27013e+22	9.81e-01	1.90e-02	2.49e-07
 6.27589e+22	9.81e-01	1.87e-02	2.49e-07
 6.28113e+22	9.82e-01	1.85e-02	2.49e-07
 6.28687e+22	9.82e-01	1.82e-02	2.49e-07
 6.29307e+22	9.82e-01	1.79e-02	2.49e-07
 6.29871e+22	9.82e-01	1.77e-02	2.49e-07
 6.30490e+22	9.83e-01	1.74e-02	2.48e-07
 6.31157e+22	9.83e-01	1.71e-02	2.49e-07
 6.31765e+22	9.83e-01	1.68e-02	2.48e-07
 6.32317e+22	9.83e-01	1.67e-02	2.48e-07
 6.32923e+22	9.84e-01	1.64e-02	2.47e-07
 6.33577e+22	9.84e-01	1.61e-02	2.47e-07
 6.34172e+22	9.84e-01	1.59e-02	2.47e-07
 6.34824e+22	9.84e-01	1.57e-02	2.46e-07
 6.35528e+22	9.85e-01	1.53e-02	2.46e-07
 6.36168e+22	9.85e-01	1.52e-02	2.46e-07
 6.36870e+22	9.85e-01	1.49e-02	2.46e-07
 6.37628e+22	9.85e-01	1.46e-02	2.46e-07
 6.38318e+22	9.86e-01	1.44e-02	2.46e-07
 6.38945e+22	9.86e-01	1.42e-02	2.46e-07
 6.39633e+22	9.86e-01	1.40e-02	2.45e-07
 6.40375e+22	9.86e-01	1.37e-02	2.46e-07
 6.41051e+22	9.86e-01	1.35e-02	2.45e-07
 6.41791e+22	9.87e-01	1.33e-02	2.45e-07
 6.42590e+22	9.87e-01	1.31e-02	2.46e-07
 6.43318e+22	9.87e-01	1.29e-02	2.45e-07
 6.44114e+22	9.87e-01	1.26e-02	2.45e-07
 6.44975e+22	9.88e-01	1.24e-02	2.45e-07
 6.45758e+22	9.88e-01	1.22e-02	2.45e-07
 6.46616e+22	9.88e-01	1.20e-02	2.45e-07
 6.47542e+22	9.88e-01	1.17e-02	2.46e-07
 6.48385e+22	9.88e-01	1.15e-02	2.45e-07
 6.49152e+22	9.89e-01	1.14e-02	2.45e-07
 6.49992e+22	9.89e-01	1.12e-02	2.45e-07
 6.51085e+22	9.89e-01	1.08e-02	2.46e-07
 6.52323e+22	9.89e-01	1.05e-02	2.46e-07
 6.53558e+22	9.90e-01	1.03e-02	2.46e-07
 6.54806e+22	9.90e-01	1.00e-02	2.46e-07
 6.56086e+22	9.90e-01	9.75e-03	2.46e-07
 6.57384e+22	9.91e-01	9.49e-03	2.46e-07
 6.58695e+22	9.91e-01	9.24e-03	2.47e-07
 6.60024e+22	9.91e-01	8.99e-03	2.47e-07
 6.61368e+22	9.91e-01	8.75e-03	2.47e-07
 6.62729e+22	9.91e-01	8.51e-03	2.47e-07
 6.64105e+22	9.92e-01	8.27e-03	2.47e-07
 6.65495e+22	9.92e-01	8.04e-03	2.47e-07
 6.66901e+22	9.92e-01	7.82e-03	2.47e-07
 6.68321e+22	9.92e-01	7.60e-03	2.48e-07
 6.69754e+22	9.93e-01	7.38e-03	2.48e-07
 6.71199e+22	9.93e-01	7.17e-03	2.48e-07
 6.72656e+22	9.93e-01	6.96e-03	2.48e-07
 6.74128e+22	9.93e-01	6.76e-03	2.48e-07
 6.75615e+22	9.93e-01	6.56e-03	2.49e-07
 6.77115e+22	9.94e-01	6.37e-03	2.49e-07
 6.78627e+22	9.94e-01	6.18e-03	2.49e-07
 6.80152e+22	9.94e-01	6.00e-03	2.50e-07
 6.81691e+22	9.94e-01	5.82e-03	2.50e-07
 6.83260e+22	9.94e-01	5.64e-03	2.51e-07
 6.84866e+22	9.95e-01	5.47e-03	2.51e-07
 6.86495e+22	9.95e-01	5.30e-03	2.52e-07
 6.88142e+22	9.95e-01	5.13e-03	2.53e-07
 6.89807e+22	9.95e-01	4.97e-03	2.53e-07
 6.91491e+22	9.95e-01	4.81e-03	2.54e-07
 6.93194e+22	9.95e-01	4.66e-03	2.55e-07
 6.94917e+22	9.95e-01	4.51e-03	2.56e-07
 6.96669e+22	9.96e-01	4.36e-03	2.57e-07
 6.98451e+22	9.96e-01	4.22e-03	2.58e-07
 7.00276e+22	9.96e-01	4.07e-03	2.60e-07
 7.02148e+22	9.96e-01	3.93e-03	2.61e-07
 7.04054e+22	9.96e-01	3.79e-03	2.63e-07
 7.05992e+22	9.96e-01	3.66e-03	2.64e-07
 7.07963e+22	9.96e-01	3.53e-03	2.66e-07
 7.09970e+22	9.97e-01	3.40e-03	2.68e-07
 7.12014e+22	9.97e-01	3.28e-03	2.71e-07
 7.14098e+22	9.97e-01	3.15e-03	2.73e-07
 7.16235e+22	9.97e-01	3.03e-03	2.76e-07
 7.18424e+22	9.97e-01	2.92e-03	2.79e-07
 7.20658e+22	9.97e-01	2.80e-03	2.82e-07
 7.22943e+22	9.97e-01	2.69e-03	2.85e-07
 7.25284e+22	9.97e-01	2.58e-03	2.89e-07
 7.27678e+22	9.98e-01	2.47e-03	2.94e-07
 7.30110e+22	9.98e-01	2.37e-03	2.98e-07
 7.32567e+22	9.98e-01	2.27e-03	3.04e-07
 7.35053e+22	9.98e-01	2.17e-03	3.09e-07
 7.37563e+22	9.98e-01	2.08e-03	3.16e-07
 7.40096e+22	9.98e-01	1.99e-03	3.23e-07
 7.42654e+22	9.98e-01	1.91e-03	3.30e-07
 7.45238e+22	9.98e-01	1.82e-03	3.39e-07
 7.47847e+22	9.98e-01	1.74e-03	3.48e-07
 7.50484e+22	9.98e-01	1.67e-03	3.58e-07
 7.53150e+22	9.98e-01	1.59e-03	3.70e-07
 7.55846e+22	9.98e-01	1.52e-03	3.83e-07
 7.58562e+22	9.99e-01	1.45e-03	3.97e-07
 7.61304e+22	9.99e-01	1.39e-03	4.13e-07
 7.64076e+22	9.99e-01	1.32e-03	4.31e-07
 7.66879e+22	9.99e-01	1.26e-03	4.52e-07
 7.69721e+22	9.99e-01	1.20e-03	4.75e-07
 7.72595e+22	9.99e-01	1.15e-03	5.02e-07
 7.75502e+22	9.99e-01	1.09e-03	5.34e-07
 7.78443e+22	9.99e-01	1.04e-03	5.70e-07
 7.81373e+22	9.99e-01	9.91e-04	6.13e-07
 7.84186e+22	9.99e-01	9.47e-04	6.62e-07
 7.86806e+22	9.99e-01	9.07e-04	7.15e-07
 7.89246e+22	9.99e-01	8.72e-04	7.73e-07
 7.91553e+22	9.99e-01	8.39e-04	8.36e-07
 7.93759e+22	9.99e-01	8.09e-04	9.07e-07
 7.95867e+22	9.99e-01	7.82e-04	9.85e-07
 7.97869e+22	9.99e-01	7.56e-04	1.07e-06
 7.99762e+22	9.99e-01	7.33e-04	1.17e-06
 8.01555e+22	9.99e-01	7.11e-04	1.27e-06
 8.03263e+22	9.99e-01	6.92e-04	1.39e-06
 8.04894e+22	9.99e-01	6.71e-04	1.52e-06
 8.06434e+22	9.99e-01	6.54e-04	1.67e-06
 8.07889e+22	9.99e-01	6.39e-04	1.82e-06
 8.09286e+22	9.99e-01	6.24e-04	1.99e-06
 8.10638e+22	9.99e-01	6.10e-04	2.18e-06
 8.11938e+22	9.99e-01	5.97e-04	2.40e-06
 8.13179e+22	9.99e-01	5.85e-04	2.63e-06
 8.14362e+22	9.99e-01	5.73e-04	2.89e-06
 8.15496e+22	9.99e-01	5.62e-04	3.18e-06
 8.16590e+22	9.99e-01	5.52e-04	3.49e-06
 8.17651e+22	9.99e-01	5.42e-04	3.83e-06
 8.18681e+22	9.99e-01	5.32e-04	4.21e-06
 8.19682e+22	9.99e-01	5.23e-04	4.64e-06
 8.20649e+22	9.99e-01	5.15e-04	5.10e-06
 8.21585e+22	9.99e-01	5.07e-04	5.61e-06
 8.22499e+22	9.99e-01	4.99e-04	6.16e-06
 8.23399e+22	9.99e-01	4.91e-04	6.77e-06
 8.24288e+22	1.00e+00	4.84e-04	7.44e-06
 8.25167e+22	1.00e+00	4.76e-04	8.17e-06
 8.26037e+22	1.00e+00	4.69e-04	8.98e-06
 8.26900e+22	1.00e+00	4.62e-04	9.85e-06
 8.27763e+22	1.00e+00	4.55e-04	1.08e-05
 8.28633e+22	1.00e+00	4.49e-04	1.18e-05
 8.29509e+22	1.00e+00	4.41e-04	1.30e-05
 8.30400e+22	1.00e+00	4.34e-04	1.42e-05
 8.31313e+22	1.00e+00	4.27e-04	1.55e-05
 8.32252e+22	1.00e+00	4.20e-04	1.70e-05
 8.33217e+22	1.00e+00	4.13e-04	1.85e-05
 8.34215e+22	1.00e+00	4.05e-04	2.02e-05
 8.35256e+22	1.00e+00	3.97e-04	2.20e-05
 8.36347e+22	1.00e+00	3.89e-04	2.39e-05
 8.37497e+22	1.00e+00	3.81e-04	2.60e-05
 8.38713e+22	1.00e+00	3.72e-04	2.82e-05
 8.40005e+22	1.00e+00	3.64e-04	3.05e-05
 8.41379e+22	1.00e+00	3.55e-04	3.30e-05
 8.42837e+22	1.00e+00	3.45e-04	3.57e-05
 8.44389e+22	1.00e+00	3.35e-04	3.85e-05
 8.46057e+22	1.00e+00	3.25e-04	4.14e-05
 8.47854e+22	1.00e+00	3.14e-04	4.45e-05
 8.49786e+22	1.00e+00	3.02e-04	4.77e-05
 8.51856e+22	1.00e+00	2.90e-04	5.11e-05
 8.54078e+22	1.00e+00	2.78e-04	5.45e-05
 8.56473e+22	1.00e+00	2.66e-04	5.80e-05
 8.59058e+22	1.00e+00	2.52e-04	6.16e-05
 8.61853e+22	1.00e+00	2.39e-04	6.52e-05
 8.64889e+22	1.00e+00	2.24e-04	6.87e-05
 8.68191e+22	1.00e+00	2.09e-04	7.21e-05
 8.71780e+22	1.00e+00	1.94e-04	7.54e-05
 8.75662e+22	1.00e+00	1.79e-04	7.86e-05
 8.79864e+22	1.00e+00	1.63e-04	8.14e-05
 8.84422e+22	1.00e+00	1.48e-04	8.42e-05
 8.89311e+22	1.00e+00	1.33e-04	8.68e-05
 8.94463e+22	1.00e+00	1.18e-04	8.94e-05
 8.99801e+22	1.00e+00	1.05e-04	9.22e-05
 9.05196e+22	1.00e+00	9.23e-05	9.55e-05
 9.10474e+22	1.00e+00	8.15e-05	9.96e-05
 9.15450e+22	1.00e+00	7.24e-05	1.05e-04
 9.19972e+22	1.00e+00	6.49e-05	1.12e-04
 9.23823e+22	1.00e+00	5.92e-05	1.20e-04
 9.25622e+22	1.00e+00	5.84e-05	1.26e-04
