#depth	N	N+	N+2	N+3	N+4	N+5	N+6	N+7
 4.62852e+21	2.78e-13	4.09e-08	1.51e-04	1.43e-02	1.05e-01	8.18e-01	6.18e-02	7.81e-04
 1.04038e+22	1.10e-12	1.33e-07	4.01e-04	2.66e-02	1.48e-01	7.84e-01	4.03e-02	3.48e-04
 1.21238e+22	2.23e-12	2.40e-07	6.46e-04	3.59e-02	1.74e-01	7.57e-01	3.23e-02	2.30e-04
 1.31559e+22	3.95e-12	3.86e-07	9.41e-04	4.54e-02	1.95e-01	7.32e-01	2.68e-02	1.65e-04
 1.37604e+22	4.76e-12	4.51e-07	1.06e-03	4.89e-02	2.02e-01	7.22e-01	2.52e-02	1.47e-04
 1.40958e+22	5.99e-12	5.45e-07	1.23e-03	5.36e-02	2.12e-01	7.10e-01	2.33e-02	1.29e-04
 1.44463e+22	7.37e-12	6.46e-07	1.41e-03	5.81e-02	2.20e-01	6.99e-01	2.17e-02	1.13e-04
 1.47655e+22	8.96e-12	7.58e-07	1.60e-03	6.26e-02	2.28e-01	6.88e-01	2.03e-02	1.01e-04
 1.51296e+22	1.16e-11	9.35e-07	1.88e-03	6.91e-02	2.38e-01	6.72e-01	1.86e-02	8.62e-05
 1.55036e+22	1.43e-11	1.11e-06	2.14e-03	7.48e-02	2.47e-01	6.59e-01	1.73e-02	7.59e-05
 1.58908e+22	1.89e-11	1.39e-06	2.55e-03	8.29e-02	2.58e-01	6.41e-01	1.56e-02	6.38e-05
 1.62857e+22	2.35e-11	1.66e-06	2.92e-03	8.98e-02	2.67e-01	6.26e-01	1.44e-02	5.55e-05
 1.66164e+22	2.88e-11	1.96e-06	3.31e-03	9.65e-02	2.75e-01	6.12e-01	1.33e-02	4.89e-05
 1.69722e+22	3.68e-11	2.38e-06	3.83e-03	1.05e-01	2.85e-01	5.94e-01	1.22e-02	4.19e-05
 1.73389e+22	4.54e-11	2.82e-06	4.35e-03	1.13e-01	2.93e-01	5.78e-01	1.12e-02	3.65e-05
 1.76686e+22	5.58e-11	3.33e-06	4.92e-03	1.22e-01	3.01e-01	5.62e-01	1.03e-02	3.19e-05
 1.79929e+22	6.84e-11	3.91e-06	5.55e-03	1.30e-01	3.09e-01	5.46e-01	9.50e-03	2.78e-05
 1.83618e+22	8.82e-11	4.79e-06	6.44e-03	1.42e-01	3.18e-01	5.26e-01	8.56e-03	2.35e-05
 1.87357e+22	1.10e-10	5.68e-06	7.31e-03	1.52e-01	3.25e-01	5.08e-01	7.81e-03	2.03e-05
 1.90594e+22	1.34e-10	6.65e-06	8.20e-03	1.62e-01	3.31e-01	4.92e-01	7.17e-03	1.76e-05
 1.94233e+22	1.72e-10	8.08e-06	9.45e-03	1.75e-01	3.39e-01	4.70e-01	6.43e-03	1.48e-05
 1.98001e+22	2.14e-10	9.59e-06	1.07e-02	1.87e-01	3.45e-01	4.52e-01	5.82e-03	1.27e-05
 2.01380e+22	2.64e-10	1.13e-05	1.20e-02	1.99e-01	3.50e-01	4.34e-01	5.28e-03	1.09e-05
 2.05220e+22	3.43e-10	1.38e-05	1.39e-02	2.14e-01	3.56e-01	4.11e-01	4.67e-03	8.97e-06
 2.09156e+22	4.31e-10	1.65e-05	1.57e-02	2.28e-01	3.61e-01	3.91e-01	4.18e-03	7.55e-06
 2.12631e+22	5.33e-10	1.94e-05	1.76e-02	2.42e-01	3.64e-01	3.73e-01	3.76e-03	6.42e-06
 2.16564e+22	6.95e-10	2.38e-05	2.02e-02	2.59e-01	3.67e-01	3.50e-01	3.28e-03	5.22e-06
 2.20651e+22	8.82e-10	2.85e-05	2.29e-02	2.75e-01	3.69e-01	3.30e-01	2.90e-03	4.32e-06
 2.24323e+22	1.10e-09	3.36e-05	2.57e-02	2.91e-01	3.70e-01	3.11e-01	2.57e-03	3.61e-06
 2.28481e+22	1.46e-09	4.16e-05	2.96e-02	3.11e-01	3.70e-01	2.88e-01	2.20e-03	2.86e-06
 2.32776e+22	1.86e-09	4.98e-05	3.34e-02	3.28e-01	3.69e-01	2.68e-01	1.92e-03	2.33e-06
 2.37248e+22	2.52e-09	6.25e-05	3.87e-02	3.50e-01	3.66e-01	2.44e-01	1.60e-03	1.79e-06
 2.41727e+22	3.18e-09	7.42e-05	4.33e-02	3.67e-01	3.62e-01	2.26e-01	1.39e-03	1.45e-06
 2.45351e+22	3.86e-09	8.59e-05	4.76e-02	3.81e-01	3.58e-01	2.11e-01	1.23e-03	1.21e-06
 2.49199e+22	5.03e-09	1.04e-04	5.36e-02	4.00e-01	3.52e-01	1.93e-01	1.04e-03	9.55e-07
 2.53468e+22	6.44e-09	1.24e-04	6.00e-02	4.17e-01	3.45e-01	1.76e-01	8.83e-04	7.56e-07
 2.57223e+22	7.81e-09	1.43e-04	6.54e-02	4.31e-01	3.39e-01	1.64e-01	7.75e-04	6.27e-07
 2.61043e+22	1.00e-08	1.71e-04	7.30e-02	4.47e-01	3.31e-01	1.48e-01	6.51e-04	4.90e-07
 2.64882e+22	1.22e-08	1.96e-04	7.94e-02	4.60e-01	3.23e-01	1.37e-01	5.67e-04	4.03e-07
 2.68743e+22	1.56e-08	2.33e-04	8.81e-02	4.75e-01	3.13e-01	1.23e-01	4.74e-04	3.13e-07
 2.72637e+22	1.90e-08	2.68e-04	9.56e-02	4.87e-01	3.04e-01	1.13e-01	4.08e-04	2.54e-07
 2.76049e+22	2.29e-08	3.06e-04	1.03e-01	4.98e-01	2.95e-01	1.03e-01	3.53e-04	2.07e-07
 2.79961e+22	2.91e-08	3.62e-04	1.14e-01	5.10e-01	2.84e-01	9.22e-02	2.93e-04	1.60e-07
 2.83931e+22	3.55e-08	4.16e-04	1.23e-01	5.20e-01	2.73e-01	8.34e-02	2.49e-04	1.28e-07
 2.87382e+22	4.26e-08	4.72e-04	1.32e-01	5.28e-01	2.64e-01	7.60e-02	2.14e-04	0.00e+00
 2.91274e+22	5.35e-08	5.53e-04	1.44e-01	5.37e-01	2.51e-01	6.75e-02	1.76e-04	0.00e+00
 2.95308e+22	6.54e-08	6.34e-04	1.55e-01	5.43e-01	2.40e-01	6.05e-02	1.48e-04	0.00e+00
 2.98915e+22	7.88e-08	7.20e-04	1.66e-01	5.49e-01	2.30e-01	5.46e-02	1.26e-04	0.00e+00
 3.02995e+22	9.93e-08	8.42e-04	1.80e-01	5.54e-01	2.17e-01	4.78e-02	1.02e-04	0.00e+00
 3.07214e+22	1.21e-07	9.64e-04	1.93e-01	5.58e-01	2.06e-01	4.24e-02	8.44e-05	0.00e+00
 3.11012e+22	1.47e-07	1.10e-03	2.06e-01	5.60e-01	1.95e-01	3.78e-02	7.05e-05	0.00e+00
 3.15344e+22	1.87e-07	1.29e-03	2.24e-01	5.61e-01	1.81e-01	3.24e-02	5.55e-05	0.00e+00
 3.19709e+22	2.27e-07	1.46e-03	2.38e-01	5.61e-01	1.71e-01	2.87e-02	4.59e-05	0.00e+00
 3.24117e+22	2.87e-07	1.71e-03	2.56e-01	5.59e-01	1.58e-01	2.45e-02	3.60e-05	0.00e+00
 3.28626e+22	3.47e-07	1.94e-03	2.72e-01	5.56e-01	1.48e-01	2.15e-02	2.95e-05	0.00e+00
 3.32451e+22	4.14e-07	2.18e-03	2.87e-01	5.53e-01	1.39e-01	1.90e-02	2.44e-05	0.00e+00
 3.36013e+22	4.89e-07	2.43e-03	3.01e-01	5.49e-01	1.31e-01	1.69e-02	2.04e-05	0.00e+00
 3.40047e+22	5.95e-07	2.76e-03	3.19e-01	5.42e-01	1.22e-01	1.46e-02	1.64e-05	0.00e+00
 3.44236e+22	7.18e-07	3.11e-03	3.36e-01	5.36e-01	1.13e-01	1.27e-02	1.32e-05	0.00e+00
 3.47876e+22	8.40e-07	3.45e-03	3.50e-01	5.29e-01	1.06e-01	1.12e-02	1.10e-05	0.00e+00
 3.51857e+22	1.01e-06	3.90e-03	3.69e-01	5.20e-01	9.75e-02	9.66e-03	8.83e-06	0.00e+00
 3.56048e+22	1.22e-06	4.38e-03	3.86e-01	5.11e-01	9.00e-02	8.34e-03	7.08e-06	0.00e+00
 3.59776e+22	1.42e-06	4.84e-03	4.02e-01	5.02e-01	8.39e-02	7.34e-03	5.85e-06	0.00e+00
 3.63886e+22	1.72e-06	5.46e-03	4.21e-01	4.91e-01	7.67e-02	6.26e-03	4.62e-06	0.00e+00
 3.68194e+22	2.05e-06	6.10e-03	4.38e-01	4.80e-01	7.05e-02	5.39e-03	3.70e-06	0.00e+00
 3.72071e+22	2.42e-06	6.77e-03	4.55e-01	4.68e-01	6.49e-02	4.66e-03	2.98e-06	0.00e+00
 3.76419e+22	2.93e-06	7.65e-03	4.75e-01	4.54e-01	5.88e-02	3.91e-03	2.31e-06	0.00e+00
 3.80912e+22	3.49e-06	8.53e-03	4.93e-01	4.41e-01	5.36e-02	3.34e-03	1.82e-06	0.00e+00
 3.84885e+22	4.12e-06	9.47e-03	5.10e-01	4.28e-01	4.89e-02	2.86e-03	1.45e-06	0.00e+00
 3.89343e+22	5.06e-06	1.08e-02	5.31e-01	4.12e-01	4.36e-02	2.35e-03	1.09e-06	0.00e+00
 3.93876e+22	5.97e-06	1.19e-02	5.48e-01	3.98e-01	3.96e-02	2.00e-03	8.60e-07	0.00e+00
 3.98505e+22	7.29e-06	1.35e-02	5.68e-01	3.81e-01	3.52e-02	1.64e-03	6.43e-07	0.00e+00
 4.01775e+22	7.77e-06	1.40e-02	5.75e-01	3.76e-01	3.38e-02	1.54e-03	5.84e-07	0.00e+00
 4.03279e+22	8.29e-06	1.46e-02	5.81e-01	3.70e-01	3.25e-02	1.44e-03	5.31e-07	0.00e+00
 4.05235e+22	9.07e-06	1.54e-02	5.90e-01	3.62e-01	3.08e-02	1.32e-03	4.64e-07	0.00e+00
 4.07778e+22	1.00e-05	1.64e-02	6.00e-01	3.54e-01	2.89e-02	1.19e-03	3.99e-07	0.00e+00
 4.11083e+22	1.17e-05	1.81e-02	6.15e-01	3.40e-01	2.61e-02	1.01e-03	3.15e-07	0.00e+00
 4.15380e+22	1.41e-05	2.02e-02	6.32e-01	3.24e-01	2.31e-02	8.30e-04	2.37e-07	0.00e+00
 4.20085e+22	1.68e-05	2.25e-02	6.48e-01	3.09e-01	2.06e-02	6.89e-04	1.80e-07	0.00e+00
 4.24414e+22	1.96e-05	2.47e-02	6.61e-01	2.95e-01	1.85e-02	5.80e-04	1.40e-07	0.00e+00
 4.29136e+22	2.41e-05	2.80e-02	6.78e-01	2.77e-01	1.60e-02	4.62e-04	0.00e+00	0.00e+00
 4.33814e+22	2.81e-05	3.07e-02	6.90e-01	2.64e-01	1.43e-02	3.88e-04	0.00e+00	0.00e+00
 4.38436e+22	3.42e-05	3.46e-02	7.05e-01	2.48e-01	1.24e-02	3.10e-04	0.00e+00	0.00e+00
 4.42548e+22	3.84e-05	3.71e-02	7.13e-01	2.38e-01	1.14e-02	2.72e-04	0.00e+00	0.00e+00
 4.45996e+22	4.43e-05	4.04e-02	7.23e-01	2.26e-01	1.02e-02	2.30e-04	0.00e+00	0.00e+00
 4.49552e+22	5.01e-05	4.35e-02	7.30e-01	2.17e-01	9.24e-03	1.99e-04	0.00e+00	0.00e+00
 4.53249e+22	5.81e-05	4.76e-02	7.39e-01	2.05e-01	8.23e-03	1.66e-04	0.00e+00	0.00e+00
 4.57017e+22	6.62e-05	5.14e-02	7.46e-01	1.95e-01	7.41e-03	1.42e-04	0.00e+00	0.00e+00
 4.60314e+22	7.47e-05	5.52e-02	7.52e-01	1.86e-01	6.72e-03	1.23e-04	0.00e+00	0.00e+00
 4.64035e+22	8.70e-05	6.05e-02	7.58e-01	1.75e-01	5.92e-03	1.02e-04	0.00e+00	0.00e+00
 4.67829e+22	9.86e-05	6.51e-02	7.63e-01	1.66e-01	5.32e-03	8.72e-05	0.00e+00	0.00e+00
 4.71718e+22	1.15e-04	7.14e-02	7.68e-01	1.56e-01	4.66e-03	7.17e-05	0.00e+00	0.00e+00
 4.75686e+22	1.32e-04	7.72e-02	7.72e-01	1.47e-01	4.14e-03	6.05e-05	0.00e+00	0.00e+00
 4.79147e+22	1.49e-04	8.30e-02	7.74e-01	1.39e-01	3.71e-03	5.16e-05	0.00e+00	0.00e+00
 4.83037e+22	1.75e-04	9.11e-02	7.76e-01	1.29e-01	3.21e-03	4.20e-05	0.00e+00	0.00e+00
 4.87051e+22	1.99e-04	9.82e-02	7.77e-01	1.21e-01	2.85e-03	3.54e-05	0.00e+00	0.00e+00
 4.91224e+22	2.34e-04	1.08e-01	7.77e-01	1.12e-01	2.45e-03	2.85e-05	0.00e+00	0.00e+00
 4.95513e+22	2.69e-04	1.17e-01	7.76e-01	1.04e-01	2.13e-03	2.35e-05	0.00e+00	0.00e+00
 4.99346e+22	3.08e-04	1.27e-01	7.74e-01	9.69e-02	1.87e-03	1.95e-05	0.00e+00	0.00e+00
 5.03723e+22	3.68e-04	1.40e-01	7.70e-01	8.80e-02	1.56e-03	1.53e-05	0.00e+00	0.00e+00
 5.08093e+22	4.18e-04	1.51e-01	7.66e-01	8.17e-02	1.37e-03	1.27e-05	0.00e+00	0.00e+00
 5.12453e+22	4.95e-04	1.66e-01	7.58e-01	7.40e-02	1.14e-03	9.96e-06	0.00e+00	0.00e+00
 5.16921e+22	5.67e-04	1.79e-01	7.51e-01	6.81e-02	9.85e-04	8.15e-06	0.00e+00	0.00e+00
 5.21529e+22	6.80e-04	1.98e-01	7.39e-01	6.07e-02	8.06e-04	6.22e-06	0.00e+00	0.00e+00
 5.26156e+22	7.77e-04	2.14e-01	7.30e-01	5.55e-02	6.90e-04	5.06e-06	0.00e+00	0.00e+00
 5.30807e+22	9.27e-04	2.35e-01	7.14e-01	4.91e-02	5.62e-04	3.85e-06	0.00e+00	0.00e+00
 5.35572e+22	1.07e-03	2.54e-01	7.00e-01	4.43e-02	4.72e-04	3.06e-06	0.00e+00	0.00e+00
 5.40486e+22	1.28e-03	2.80e-01	6.80e-01	3.85e-02	3.76e-04	2.27e-06	0.00e+00	0.00e+00
 5.45506e+22	1.48e-03	3.02e-01	6.62e-01	3.43e-02	3.12e-04	1.78e-06	0.00e+00	0.00e+00
 5.50664e+22	1.79e-03	3.33e-01	6.35e-01	2.92e-02	2.42e-04	1.28e-06	0.00e+00	0.00e+00
 5.55872e+22	2.06e-03	3.58e-01	6.14e-01	2.57e-02	1.99e-04	9.90e-07	0.00e+00	0.00e+00
 5.61145e+22	2.50e-03	3.94e-01	5.82e-01	2.14e-02	1.50e-04	6.91e-07	0.00e+00	0.00e+00
 5.65771e+22	2.77e-03	4.13e-01	5.65e-01	1.93e-02	1.29e-04	5.71e-07	0.00e+00	0.00e+00
 5.69555e+22	3.16e-03	4.40e-01	5.40e-01	1.68e-02	1.06e-04	4.39e-07	0.00e+00	0.00e+00
 5.73562e+22	3.55e-03	4.64e-01	5.18e-01	1.49e-02	8.84e-05	3.48e-07	0.00e+00	0.00e+00
 5.77861e+22	4.10e-03	4.95e-01	4.88e-01	1.26e-02	7.00e-05	2.57e-07	0.00e+00	0.00e+00
 5.82236e+22	4.64e-03	5.22e-01	4.62e-01	1.09e-02	5.72e-05	1.98e-07	0.00e+00	0.00e+00
 5.86092e+22	5.21e-03	5.48e-01	4.37e-01	9.36e-03	4.68e-05	1.53e-07	0.00e+00	0.00e+00
 5.90482e+22	6.01e-03	5.82e-01	4.04e-01	7.70e-03	3.61e-05	0.00e+00	0.00e+00	0.00e+00
 5.94995e+22	6.85e-03	6.11e-01	3.76e-01	6.43e-03	2.87e-05	0.00e+00	0.00e+00	0.00e+00
 5.98944e+22	7.68e-03	6.37e-01	3.49e-01	5.42e-03	2.31e-05	0.00e+00	0.00e+00	0.00e+00
 6.03352e+22	8.85e-03	6.71e-01	3.16e-01	4.31e-03	1.74e-05	0.00e+00	0.00e+00	0.00e+00
 6.07994e+22	1.01e-02	7.01e-01	2.86e-01	3.45e-03	1.33e-05	0.00e+00	0.00e+00	0.00e+00
 6.12029e+22	1.14e-02	7.26e-01	2.60e-01	2.81e-03	1.05e-05	0.00e+00	0.00e+00	0.00e+00
 6.16365e+22	1.31e-02	7.56e-01	2.29e-01	2.15e-03	7.66e-06	0.00e+00	0.00e+00	0.00e+00
 6.20932e+22	1.50e-02	7.82e-01	2.01e-01	1.64e-03	5.68e-06	0.00e+00	0.00e+00	0.00e+00
 6.24901e+22	1.69e-02	8.04e-01	1.78e-01	1.29e-03	4.33e-06	0.00e+00	0.00e+00	0.00e+00
 6.29162e+22	1.95e-02	8.28e-01	1.51e-01	9.25e-04	3.03e-06	0.00e+00	0.00e+00	0.00e+00
 6.33595e+22	2.24e-02	8.49e-01	1.28e-01	6.71e-04	2.16e-06	0.00e+00	0.00e+00	0.00e+00
 6.37451e+22	2.54e-02	8.65e-01	1.09e-01	4.91e-04	1.57e-06	0.00e+00	0.00e+00	0.00e+00
 6.40941e+22	2.85e-02	8.78e-01	9.29e-02	3.63e-04	1.15e-06	0.00e+00	0.00e+00	0.00e+00
 6.44753e+22	3.30e-02	8.92e-01	7.49e-02	2.42e-04	7.61e-07	0.00e+00	0.00e+00	0.00e+00
 6.48615e+22	3.79e-02	9.01e-01	6.05e-02	1.63e-04	5.14e-07	0.00e+00	0.00e+00	0.00e+00
 6.51859e+22	4.32e-02	9.08e-01	4.91e-02	1.11e-04	3.51e-07	0.00e+00	0.00e+00	0.00e+00
 6.53870e+22	4.60e-02	9.10e-01	4.41e-02	9.14e-05	2.91e-07	0.00e+00	0.00e+00	0.00e+00
 6.54634e+22	4.74e-02	9.11e-01	4.20e-02	8.35e-05	2.66e-07	0.00e+00	0.00e+00	0.00e+00
 6.55266e+22	4.87e-02	9.11e-01	4.00e-02	7.65e-05	2.43e-07	0.00e+00	0.00e+00	0.00e+00
 6.56037e+22	5.06e-02	9.12e-01	3.75e-02	6.83e-05	2.17e-07	0.00e+00	0.00e+00	0.00e+00
 6.56866e+22	5.26e-02	9.12e-01	3.51e-02	6.07e-05	1.93e-07	0.00e+00	0.00e+00	0.00e+00
 6.57641e+22	5.45e-02	9.12e-01	3.30e-02	5.43e-05	1.73e-07	0.00e+00	0.00e+00	0.00e+00
 6.58380e+22	5.64e-02	9.12e-01	3.10e-02	4.86e-05	1.55e-07	0.00e+00	0.00e+00	0.00e+00
 6.59115e+22	5.86e-02	9.12e-01	2.91e-02	4.34e-05	1.38e-07	0.00e+00	0.00e+00	0.00e+00
 6.59842e+22	6.06e-02	9.12e-01	2.73e-02	3.89e-05	0.00e+00	0.00e+00	0.00e+00	0.00e+00
 6.60578e+22	6.30e-02	9.11e-01	2.55e-02	3.45e-05	0.00e+00	0.00e+00	0.00e+00	0.00e+00
 6.61306e+22	6.54e-02	9.11e-01	2.38e-02	3.07e-05	0.00e+00	0.00e+00	0.00e+00	0.00e+00
 6.61998e+22	6.79e-02	9.10e-01	2.23e-02	2.73e-05	0.00e+00	0.00e+00	0.00e+00	0.00e+00
 6.62672e+22	7.05e-02	9.09e-01	2.09e-02	2.44e-05	0.00e+00	0.00e+00	0.00e+00	0.00e+00
 6.63337e+22	7.32e-02	9.07e-01	1.95e-02	2.17e-05	0.00e+00	0.00e+00	0.00e+00	0.00e+00
 6.63994e+22	7.60e-02	9.06e-01	1.82e-02	1.93e-05	0.00e+00	0.00e+00	0.00e+00	0.00e+00
 6.64638e+22	7.92e-02	9.04e-01	1.69e-02	1.72e-05	0.00e+00	0.00e+00	0.00e+00	0.00e+00
 6.65258e+22	8.20e-02	9.02e-01	1.59e-02	1.54e-05	0.00e+00	0.00e+00	0.00e+00	0.00e+00
 6.65887e+22	8.55e-02	9.00e-01	1.47e-02	1.37e-05	0.00e+00	0.00e+00	0.00e+00	0.00e+00
 6.66523e+22	8.89e-02	8.97e-01	1.37e-02	1.21e-05	0.00e+00	0.00e+00	0.00e+00	0.00e+00
 6.67129e+22	9.27e-02	8.95e-01	1.27e-02	1.08e-05	0.00e+00	0.00e+00	0.00e+00	0.00e+00
 6.67717e+22	9.63e-02	8.92e-01	1.19e-02	9.65e-06	0.00e+00	0.00e+00	0.00e+00	0.00e+00
 6.68301e+22	1.01e-01	8.88e-01	1.10e-02	8.59e-06	0.00e+00	0.00e+00	0.00e+00	0.00e+00
 6.68880e+22	1.05e-01	8.85e-01	1.02e-02	7.64e-06	0.00e+00	0.00e+00	0.00e+00	0.00e+00
 6.69426e+22	1.09e-01	8.81e-01	9.49e-03	6.85e-06	0.00e+00	0.00e+00	0.00e+00	0.00e+00
 6.69964e+22	1.14e-01	8.77e-01	8.82e-03	6.14e-06	0.00e+00	0.00e+00	0.00e+00	0.00e+00
 6.70510e+22	1.19e-01	8.73e-01	8.18e-03	5.49e-06	0.00e+00	0.00e+00	0.00e+00	0.00e+00
 6.71056e+22	1.24e-01	8.68e-01	7.57e-03	4.92e-06	0.00e+00	0.00e+00	0.00e+00	0.00e+00
 6.71597e+22	1.30e-01	8.63e-01	7.00e-03	4.40e-06	0.00e+00	0.00e+00	0.00e+00	0.00e+00
 6.72133e+22	1.35e-01	8.58e-01	6.50e-03	3.96e-06	0.00e+00	0.00e+00	0.00e+00	0.00e+00
 6.72692e+22	1.42e-01	8.52e-01	5.96e-03	3.52e-06	0.00e+00	0.00e+00	0.00e+00	0.00e+00
 6.73245e+22	1.49e-01	8.46e-01	5.49e-03	3.16e-06	0.00e+00	0.00e+00	0.00e+00	0.00e+00
 6.73769e+22	1.56e-01	8.39e-01	5.05e-03	2.84e-06	0.00e+00	0.00e+00	0.00e+00	0.00e+00
 6.74288e+22	1.64e-01	8.32e-01	4.65e-03	2.55e-06	0.00e+00	0.00e+00	0.00e+00	0.00e+00
 6.74791e+22	1.72e-01	8.24e-01	4.29e-03	2.31e-06	0.00e+00	0.00e+00	0.00e+00	0.00e+00
 6.75291e+22	1.80e-01	8.16e-01	3.95e-03	2.08e-06	0.00e+00	0.00e+00	0.00e+00	0.00e+00
 6.75803e+22	1.89e-01	8.08e-01	3.62e-03	1.88e-06	0.00e+00	0.00e+00	0.00e+00	0.00e+00
 6.76320e+22	1.99e-01	7.98e-01	3.31e-03	1.70e-06	0.00e+00	0.00e+00	0.00e+00	0.00e+00
 6.76834e+22	2.09e-01	7.88e-01	3.03e-03	1.54e-06	0.00e+00	0.00e+00	0.00e+00	0.00e+00
 6.77347e+22	2.20e-01	7.78e-01	2.77e-03	1.39e-06	0.00e+00	0.00e+00	0.00e+00	0.00e+00
 6.77858e+22	2.31e-01	7.66e-01	2.52e-03	1.27e-06	0.00e+00	0.00e+00	0.00e+00	0.00e+00
 6.78371e+22	2.43e-01	7.54e-01	2.30e-03	1.15e-06	0.00e+00	0.00e+00	0.00e+00	0.00e+00
 6.78890e+22	2.56e-01	7.42e-01	2.09e-03	1.05e-06	0.00e+00	0.00e+00	0.00e+00	0.00e+00
 6.79417e+22	2.70e-01	7.28e-01	1.89e-03	9.50e-07	0.00e+00	0.00e+00	0.00e+00	0.00e+00
 6.79950e+22	2.85e-01	7.13e-01	1.71e-03	8.64e-07	0.00e+00	0.00e+00	0.00e+00	0.00e+00
 6.80490e+22	3.00e-01	6.98e-01	1.54e-03	7.87e-07	0.00e+00	0.00e+00	0.00e+00	0.00e+00
 6.81037e+22	3.17e-01	6.82e-01	1.38e-03	7.16e-07	0.00e+00	0.00e+00	0.00e+00	0.00e+00
 6.81593e+22	3.34e-01	6.64e-01	1.24e-03	6.52e-07	0.00e+00	0.00e+00	0.00e+00	0.00e+00
 6.82162e+22	3.53e-01	6.46e-01	1.10e-03	5.94e-07	0.00e+00	0.00e+00	0.00e+00	0.00e+00
 6.82646e+22	3.68e-01	6.31e-01	1.01e-03	5.52e-07	0.00e+00	0.00e+00	0.00e+00	0.00e+00
 6.83007e+22	3.80e-01	6.19e-01	9.36e-04	5.22e-07	0.00e+00	0.00e+00	0.00e+00	0.00e+00
 6.83353e+22	3.92e-01	6.07e-01	8.71e-04	4.94e-07	0.00e+00	0.00e+00	0.00e+00	0.00e+00
 6.83732e+22	4.05e-01	5.94e-01	8.05e-04	4.66e-07	0.00e+00	0.00e+00	0.00e+00	0.00e+00
 6.84137e+22	4.19e-01	5.80e-01	7.39e-04	4.38e-07	0.00e+00	0.00e+00	0.00e+00	0.00e+00
 6.84538e+22	4.34e-01	5.66e-01	6.80e-04	4.13e-07	0.00e+00	0.00e+00	0.00e+00	0.00e+00
 6.84925e+22	4.47e-01	5.53e-01	6.28e-04	3.90e-07	0.00e+00	0.00e+00	0.00e+00	0.00e+00
 6.85321e+22	4.61e-01	5.38e-01	5.77e-04	3.68e-07	0.00e+00	0.00e+00	0.00e+00	0.00e+00
 6.85729e+22	4.76e-01	5.24e-01	5.28e-04	3.47e-07	0.00e+00	0.00e+00	0.00e+00	0.00e+00
 6.86132e+22	4.90e-01	5.09e-01	4.85e-04	3.28e-07	0.00e+00	0.00e+00	0.00e+00	0.00e+00
 6.86536e+22	5.04e-01	4.95e-01	4.45e-04	3.10e-07	0.00e+00	0.00e+00	0.00e+00	0.00e+00
 6.86951e+22	5.19e-01	4.81e-01	4.07e-04	2.93e-07	0.00e+00	0.00e+00	0.00e+00	0.00e+00
 6.87375e+22	5.34e-01	4.66e-01	3.72e-04	2.76e-07	0.00e+00	0.00e+00	0.00e+00	0.00e+00
 6.87806e+22	5.48e-01	4.51e-01	3.38e-04	2.61e-07	0.00e+00	0.00e+00	0.00e+00	0.00e+00
 6.88241e+22	5.63e-01	4.36e-01	3.08e-04	2.47e-07	0.00e+00	0.00e+00	0.00e+00	0.00e+00
 6.88674e+22	5.78e-01	4.22e-01	2.80e-04	2.33e-07	0.00e+00	0.00e+00	0.00e+00	0.00e+00
 6.89113e+22	5.92e-01	4.08e-01	2.55e-04	2.20e-07	0.00e+00	0.00e+00	0.00e+00	0.00e+00
 6.89568e+22	6.07e-01	3.93e-01	2.31e-04	2.08e-07	0.00e+00	0.00e+00	0.00e+00	0.00e+00
 6.90035e+22	6.22e-01	3.78e-01	2.08e-04	1.97e-07	0.00e+00	0.00e+00	0.00e+00	0.00e+00
 6.90507e+22	6.36e-01	3.64e-01	1.88e-04	1.86e-07	0.00e+00	0.00e+00	0.00e+00	0.00e+00
 6.90980e+22	6.50e-01	3.50e-01	1.69e-04	1.75e-07	0.00e+00	0.00e+00	0.00e+00	0.00e+00
 6.91459e+22	6.64e-01	3.36e-01	1.52e-04	1.66e-07	0.00e+00	0.00e+00	0.00e+00	0.00e+00
 6.91956e+22	6.78e-01	3.22e-01	1.37e-04	1.56e-07	0.00e+00	0.00e+00	0.00e+00	0.00e+00
 6.92464e+22	6.92e-01	3.08e-01	1.22e-04	1.47e-07	0.00e+00	0.00e+00	0.00e+00	0.00e+00
 6.92978e+22	7.06e-01	2.94e-01	1.09e-04	1.39e-07	0.00e+00	0.00e+00	0.00e+00	0.00e+00
 6.93497e+22	7.19e-01	2.80e-01	9.73e-05	1.31e-07	0.00e+00	0.00e+00	0.00e+00	0.00e+00
 6.94027e+22	7.33e-01	2.67e-01	8.66e-05	1.24e-07	0.00e+00	0.00e+00	0.00e+00	0.00e+00
 6.94571e+22	7.46e-01	2.54e-01	7.68e-05	1.17e-07	0.00e+00	0.00e+00	0.00e+00	0.00e+00
 6.95126e+22	7.58e-01	2.42e-01	6.79e-05	1.10e-07	0.00e+00	0.00e+00	0.00e+00	0.00e+00
 6.95685e+22	7.70e-01	2.29e-01	6.02e-05	1.03e-07	0.00e+00	0.00e+00	0.00e+00	0.00e+00
 6.96253e+22	7.83e-01	2.17e-01	5.31e-05	0.00e+00	0.00e+00	0.00e+00	0.00e+00	0.00e+00
 6.96827e+22	7.94e-01	2.06e-01	4.68e-05	0.00e+00	0.00e+00	0.00e+00	0.00e+00	0.00e+00
 6.97409e+22	8.06e-01	1.94e-01	4.11e-05	0.00e+00	0.00e+00	0.00e+00	0.00e+00	0.00e+00
 6.98000e+22	8.17e-01	1.83e-01	3.61e-05	0.00e+00	0.00e+00	0.00e+00	0.00e+00	0.00e+00
 6.98592e+22	8.28e-01	1.72e-01	3.17e-05	0.00e+00	0.00e+00	0.00e+00	0.00e+00	0.00e+00
 6.99184e+22	8.38e-01	1.62e-01	2.79e-05	0.00e+00	0.00e+00	0.00e+00	0.00e+00	0.00e+00
 6.99772e+22	8.47e-01	1.53e-01	2.46e-05	0.00e+00	0.00e+00	0.00e+00	0.00e+00	0.00e+00
 7.00366e+22	8.56e-01	1.44e-01	2.16e-05	0.00e+00	0.00e+00	0.00e+00	0.00e+00	0.00e+00
 7.00966e+22	8.65e-01	1.35e-01	1.90e-05	0.00e+00	0.00e+00	0.00e+00	0.00e+00	0.00e+00
 7.01564e+22	8.73e-01	1.27e-01	1.67e-05	0.00e+00	0.00e+00	0.00e+00	0.00e+00	0.00e+00
 7.02162e+22	8.81e-01	1.19e-01	1.47e-05	0.00e+00	0.00e+00	0.00e+00	0.00e+00	0.00e+00
 7.02756e+22	8.89e-01	1.11e-01	1.30e-05	0.00e+00	0.00e+00	0.00e+00	0.00e+00	0.00e+00
 7.03349e+22	8.96e-01	1.04e-01	1.15e-05	0.00e+00	0.00e+00	0.00e+00	0.00e+00	0.00e+00
 7.03942e+22	9.03e-01	9.69e-02	1.01e-05	0.00e+00	0.00e+00	0.00e+00	0.00e+00	0.00e+00
 7.04534e+22	9.10e-01	9.04e-02	8.97e-06	0.00e+00	0.00e+00	0.00e+00	0.00e+00	0.00e+00
 7.05122e+22	9.16e-01	8.42e-02	7.95e-06	0.00e+00	0.00e+00	0.00e+00	0.00e+00	0.00e+00
 7.05705e+22	9.22e-01	7.85e-02	7.08e-06	0.00e+00	0.00e+00	0.00e+00	0.00e+00	0.00e+00
 7.06279e+22	9.27e-01	7.32e-02	6.32e-06	0.00e+00	0.00e+00	0.00e+00	0.00e+00	0.00e+00
 7.06833e+22	9.32e-01	6.83e-02	5.69e-06	0.00e+00	0.00e+00	0.00e+00	0.00e+00	0.00e+00
 7.07355e+22	9.36e-01	6.40e-02	5.16e-06	0.00e+00	0.00e+00	0.00e+00	0.00e+00	0.00e+00
 7.07846e+22	9.40e-01	6.02e-02	4.71e-06	0.00e+00	0.00e+00	0.00e+00	0.00e+00	0.00e+00
 7.08311e+22	9.43e-01	5.68e-02	4.34e-06	0.00e+00	0.00e+00	0.00e+00	0.00e+00	0.00e+00
 7.08754e+22	9.46e-01	5.37e-02	4.02e-06	0.00e+00	0.00e+00	0.00e+00	0.00e+00	0.00e+00
 7.09176e+22	9.49e-01	5.09e-02	3.74e-06	0.00e+00	0.00e+00	0.00e+00	0.00e+00	0.00e+00
 7.09579e+22	9.52e-01	4.83e-02	3.49e-06	0.00e+00	0.00e+00	0.00e+00	0.00e+00	0.00e+00
 7.09958e+22	9.54e-01	4.60e-02	3.29e-06	0.00e+00	0.00e+00	0.00e+00	0.00e+00	0.00e+00
 7.10311e+22	9.56e-01	4.41e-02	3.11e-06	0.00e+00	0.00e+00	0.00e+00	0.00e+00	0.00e+00
 7.10657e+22	9.58e-01	4.22e-02	2.95e-06	0.00e+00	0.00e+00	0.00e+00	0.00e+00	0.00e+00
 7.11000e+22	9.60e-01	4.04e-02	2.80e-06	0.00e+00	0.00e+00	0.00e+00	0.00e+00	0.00e+00
 7.11329e+22	9.61e-01	3.89e-02	2.68e-06	0.00e+00	0.00e+00	0.00e+00	0.00e+00	0.00e+00
 7.11635e+22	9.63e-01	3.75e-02	2.57e-06	0.00e+00	0.00e+00	0.00e+00	0.00e+00	0.00e+00
 7.11913e+22	9.64e-01	3.63e-02	2.48e-06	0.00e+00	0.00e+00	0.00e+00	0.00e+00	0.00e+00
 7.12166e+22	9.65e-01	3.53e-02	2.40e-06	0.00e+00	0.00e+00	0.00e+00	0.00e+00	0.00e+00
 7.12397e+22	9.66e-01	3.44e-02	2.33e-06	0.00e+00	0.00e+00	0.00e+00	0.00e+00	0.00e+00
 7.12607e+22	9.66e-01	3.36e-02	2.28e-06	0.00e+00	0.00e+00	0.00e+00	0.00e+00	0.00e+00
 7.12797e+22	9.67e-01	3.30e-02	2.23e-06	0.00e+00	0.00e+00	0.00e+00	0.00e+00	0.00e+00
 7.12971e+22	9.68e-01	3.24e-02	2.18e-06	0.00e+00	0.00e+00	0.00e+00	0.00e+00	0.00e+00
 7.13162e+22	9.68e-01	3.18e-02	2.14e-06	0.00e+00	0.00e+00	0.00e+00	0.00e+00	0.00e+00
 7.13367e+22	9.69e-01	3.12e-02	2.09e-06	0.00e+00	0.00e+00	0.00e+00	0.00e+00	0.00e+00
 7.13592e+22	9.70e-01	3.05e-02	2.04e-06	0.00e+00	0.00e+00	0.00e+00	0.00e+00	0.00e+00
 7.13835e+22	9.70e-01	2.98e-02	1.99e-06	0.00e+00	0.00e+00	0.00e+00	0.00e+00	0.00e+00
 7.14057e+22	9.71e-01	2.93e-02	1.95e-06	0.00e+00	0.00e+00	0.00e+00	0.00e+00	0.00e+00
 7.14258e+22	9.71e-01	2.88e-02	1.92e-06	0.00e+00	0.00e+00	0.00e+00	0.00e+00	0.00e+00
 7.14441e+22	9.72e-01	2.84e-02	1.89e-06	0.00e+00	0.00e+00	0.00e+00	0.00e+00	0.00e+00
 7.14608e+22	9.72e-01	2.80e-02	1.86e-06	0.00e+00	0.00e+00	0.00e+00	0.00e+00	0.00e+00
 7.14760e+22	9.72e-01	2.77e-02	1.84e-06	0.00e+00	0.00e+00	0.00e+00	0.00e+00	0.00e+00
 7.14926e+22	9.73e-01	2.74e-02	1.82e-06	0.00e+00	0.00e+00	0.00e+00	0.00e+00	0.00e+00
 7.15105e+22	9.73e-01	2.70e-02	1.79e-06	0.00e+00	0.00e+00	0.00e+00	0.00e+00	0.00e+00
 7.15302e+22	9.73e-01	2.67e-02	1.76e-06	0.00e+00	0.00e+00	0.00e+00	0.00e+00	0.00e+00
 7.15514e+22	9.74e-01	2.63e-02	1.73e-06	0.00e+00	0.00e+00	0.00e+00	0.00e+00	0.00e+00
 7.15707e+22	9.74e-01	2.60e-02	1.71e-06	0.00e+00	0.00e+00	0.00e+00	0.00e+00	0.00e+00
 7.15919e+22	9.74e-01	2.56e-02	1.68e-06	0.00e+00	0.00e+00	0.00e+00	0.00e+00	0.00e+00
 7.16148e+22	9.75e-01	2.52e-02	1.66e-06	0.00e+00	0.00e+00	0.00e+00	0.00e+00	0.00e+00
 7.16356e+22	9.75e-01	2.49e-02	1.64e-06	0.00e+00	0.00e+00	0.00e+00	0.00e+00	0.00e+00
 7.16545e+22	9.75e-01	2.46e-02	1.62e-06	0.00e+00	0.00e+00	0.00e+00	0.00e+00	0.00e+00
 7.16752e+22	9.76e-01	2.43e-02	1.59e-06	0.00e+00	0.00e+00	0.00e+00	0.00e+00	0.00e+00
 7.16976e+22	9.76e-01	2.40e-02	1.57e-06	0.00e+00	0.00e+00	0.00e+00	0.00e+00	0.00e+00
 7.17180e+22	9.76e-01	2.38e-02	1.55e-06	0.00e+00	0.00e+00	0.00e+00	0.00e+00	0.00e+00
 7.17365e+22	9.76e-01	2.35e-02	1.54e-06	0.00e+00	0.00e+00	0.00e+00	0.00e+00	0.00e+00
 7.17569e+22	9.77e-01	2.33e-02	1.52e-06	0.00e+00	0.00e+00	0.00e+00	0.00e+00	0.00e+00
 7.17788e+22	9.77e-01	2.30e-02	1.51e-06	0.00e+00	0.00e+00	0.00e+00	0.00e+00	0.00e+00
 7.17988e+22	9.77e-01	2.28e-02	1.49e-06	0.00e+00	0.00e+00	0.00e+00	0.00e+00	0.00e+00
 7.18169e+22	9.77e-01	2.26e-02	1.48e-06	0.00e+00	0.00e+00	0.00e+00	0.00e+00	0.00e+00
 7.18368e+22	9.78e-01	2.24e-02	1.47e-06	0.00e+00	0.00e+00	0.00e+00	0.00e+00	0.00e+00
 7.18583e+22	9.78e-01	2.22e-02	1.46e-06	0.00e+00	0.00e+00	0.00e+00	0.00e+00	0.00e+00
 7.18779e+22	9.78e-01	2.20e-02	1.45e-06	0.00e+00	0.00e+00	0.00e+00	0.00e+00	0.00e+00
 7.18957e+22	9.78e-01	2.18e-02	1.44e-06	0.00e+00	0.00e+00	0.00e+00	0.00e+00	0.00e+00
 7.19119e+22	9.78e-01	2.17e-02	1.44e-06	0.00e+00	0.00e+00	0.00e+00	0.00e+00	0.00e+00
 7.19266e+22	9.78e-01	2.16e-02	1.43e-06	0.00e+00	0.00e+00	0.00e+00	0.00e+00	0.00e+00
 7.19427e+22	9.79e-01	2.14e-02	1.42e-06	0.00e+00	0.00e+00	0.00e+00	0.00e+00	0.00e+00
 7.19602e+22	9.79e-01	2.13e-02	1.41e-06	0.00e+00	0.00e+00	0.00e+00	0.00e+00	0.00e+00
 7.19760e+22	9.79e-01	2.11e-02	1.40e-06	0.00e+00	0.00e+00	0.00e+00	0.00e+00	0.00e+00
 7.19934e+22	9.79e-01	2.09e-02	1.40e-06	0.00e+00	0.00e+00	0.00e+00	0.00e+00	0.00e+00
 7.20122e+22	9.79e-01	2.08e-02	1.39e-06	0.00e+00	0.00e+00	0.00e+00	0.00e+00	0.00e+00
 7.20293e+22	9.79e-01	2.06e-02	1.38e-06	0.00e+00	0.00e+00	0.00e+00	0.00e+00	0.00e+00
 7.20480e+22	9.80e-01	2.05e-02	1.37e-06	0.00e+00	0.00e+00	0.00e+00	0.00e+00	0.00e+00
 7.20682e+22	9.80e-01	2.03e-02	1.36e-06	0.00e+00	0.00e+00	0.00e+00	0.00e+00	0.00e+00
 7.20866e+22	9.80e-01	2.02e-02	1.36e-06	0.00e+00	0.00e+00	0.00e+00	0.00e+00	0.00e+00
 7.21067e+22	9.80e-01	2.00e-02	1.35e-06	0.00e+00	0.00e+00	0.00e+00	0.00e+00	0.00e+00
 7.21285e+22	9.80e-01	1.98e-02	1.34e-06	0.00e+00	0.00e+00	0.00e+00	0.00e+00	0.00e+00
 7.21523e+22	9.80e-01	1.96e-02	1.33e-06	0.00e+00	0.00e+00	0.00e+00	0.00e+00	0.00e+00
 7.21780e+22	9.81e-01	1.93e-02	1.32e-06	0.00e+00	0.00e+00	0.00e+00	0.00e+00	0.00e+00
 7.22014e+22	9.81e-01	1.92e-02	1.31e-06	0.00e+00	0.00e+00	0.00e+00	0.00e+00	0.00e+00
 7.22227e+22	9.81e-01	1.90e-02	1.30e-06	0.00e+00	0.00e+00	0.00e+00	0.00e+00	0.00e+00
 7.22421e+22	9.81e-01	1.88e-02	1.29e-06	0.00e+00	0.00e+00	0.00e+00	0.00e+00	0.00e+00
 7.22634e+22	9.81e-01	1.87e-02	1.29e-06	0.00e+00	0.00e+00	0.00e+00	0.00e+00	0.00e+00
 7.22863e+22	9.81e-01	1.85e-02	1.28e-06	0.00e+00	0.00e+00	0.00e+00	0.00e+00	0.00e+00
 7.23114e+22	9.82e-01	1.83e-02	1.27e-06	0.00e+00	0.00e+00	0.00e+00	0.00e+00	0.00e+00
 7.23386e+22	9.82e-01	1.81e-02	1.26e-06	0.00e+00	0.00e+00	0.00e+00	0.00e+00	0.00e+00
 7.23633e+22	9.82e-01	1.79e-02	1.25e-06	0.00e+00	0.00e+00	0.00e+00	0.00e+00	0.00e+00
 7.23857e+22	9.82e-01	1.78e-02	1.25e-06	0.00e+00	0.00e+00	0.00e+00	0.00e+00	0.00e+00
 7.24062e+22	9.82e-01	1.76e-02	1.24e-06	0.00e+00	0.00e+00	0.00e+00	0.00e+00	0.00e+00
 7.24286e+22	9.83e-01	1.75e-02	1.23e-06	0.00e+00	0.00e+00	0.00e+00	0.00e+00	0.00e+00
 7.24528e+22	9.83e-01	1.73e-02	1.22e-06	0.00e+00	0.00e+00	0.00e+00	0.00e+00	0.00e+00
 7.24748e+22	9.83e-01	1.72e-02	1.22e-06	0.00e+00	0.00e+00	0.00e+00	0.00e+00	0.00e+00
 7.24989e+22	9.83e-01	1.70e-02	1.21e-06	0.00e+00	0.00e+00	0.00e+00	0.00e+00	0.00e+00
 7.25250e+22	9.83e-01	1.68e-02	1.20e-06	0.00e+00	0.00e+00	0.00e+00	0.00e+00	0.00e+00
 7.25487e+22	9.83e-01	1.67e-02	1.20e-06	0.00e+00	0.00e+00	0.00e+00	0.00e+00	0.00e+00
 7.25702e+22	9.83e-01	1.66e-02	1.19e-06	0.00e+00	0.00e+00	0.00e+00	0.00e+00	0.00e+00
 7.25939e+22	9.84e-01	1.64e-02	1.18e-06	0.00e+00	0.00e+00	0.00e+00	0.00e+00	0.00e+00
 7.26246e+22	9.84e-01	1.62e-02	1.17e-06	0.00e+00	0.00e+00	0.00e+00	0.00e+00	0.00e+00
 7.26577e+22	9.84e-01	1.60e-02	1.16e-06	0.00e+00	0.00e+00	0.00e+00	0.00e+00	0.00e+00
 7.26879e+22	9.84e-01	1.58e-02	1.16e-06	0.00e+00	0.00e+00	0.00e+00	0.00e+00	0.00e+00
 7.27154e+22	9.84e-01	1.57e-02	1.15e-06	0.00e+00	0.00e+00	0.00e+00	0.00e+00	0.00e+00
 7.27404e+22	9.84e-01	1.55e-02	1.14e-06	0.00e+00	0.00e+00	0.00e+00	0.00e+00	0.00e+00
 7.27678e+22	9.85e-01	1.53e-02	1.14e-06	0.00e+00	0.00e+00	0.00e+00	0.00e+00	0.00e+00
 7.27973e+22	9.85e-01	1.52e-02	1.13e-06	0.00e+00	0.00e+00	0.00e+00	0.00e+00	0.00e+00
 7.28242e+22	9.85e-01	1.50e-02	1.12e-06	0.00e+00	0.00e+00	0.00e+00	0.00e+00	0.00e+00
 7.28537e+22	9.85e-01	1.49e-02	1.12e-06	0.00e+00	0.00e+00	0.00e+00	0.00e+00	0.00e+00
 7.28855e+22	9.85e-01	1.47e-02	1.11e-06	0.00e+00	0.00e+00	0.00e+00	0.00e+00	0.00e+00
 7.29145e+22	9.85e-01	1.45e-02	1.10e-06	0.00e+00	0.00e+00	0.00e+00	0.00e+00	0.00e+00
 7.29462e+22	9.86e-01	1.44e-02	1.10e-06	0.00e+00	0.00e+00	0.00e+00	0.00e+00	0.00e+00
 7.29805e+22	9.86e-01	1.42e-02	1.09e-06	0.00e+00	0.00e+00	0.00e+00	0.00e+00	0.00e+00
 7.30117e+22	9.86e-01	1.40e-02	1.08e-06	0.00e+00	0.00e+00	0.00e+00	0.00e+00	0.00e+00
 7.30458e+22	9.86e-01	1.39e-02	1.08e-06	0.00e+00	0.00e+00	0.00e+00	0.00e+00	0.00e+00
 7.30827e+22	9.86e-01	1.37e-02	1.07e-06	0.00e+00	0.00e+00	0.00e+00	0.00e+00	0.00e+00
 7.31163e+22	9.86e-01	1.35e-02	1.06e-06	0.00e+00	0.00e+00	0.00e+00	0.00e+00	0.00e+00
 7.31531e+22	9.87e-01	1.33e-02	1.05e-06	0.00e+00	0.00e+00	0.00e+00	0.00e+00	0.00e+00
 7.31928e+22	9.87e-01	1.31e-02	1.05e-06	0.00e+00	0.00e+00	0.00e+00	0.00e+00	0.00e+00
 7.32289e+22	9.87e-01	1.30e-02	1.04e-06	0.00e+00	0.00e+00	0.00e+00	0.00e+00	0.00e+00
 7.32618e+22	9.87e-01	1.28e-02	1.03e-06	0.00e+00	0.00e+00	0.00e+00	0.00e+00	0.00e+00
 7.32917e+22	9.87e-01	1.27e-02	1.03e-06	0.00e+00	0.00e+00	0.00e+00	0.00e+00	0.00e+00
 7.33245e+22	9.87e-01	1.26e-02	1.02e-06	0.00e+00	0.00e+00	0.00e+00	0.00e+00	0.00e+00
 7.33599e+22	9.88e-01	1.24e-02	1.02e-06	0.00e+00	0.00e+00	0.00e+00	0.00e+00	0.00e+00
 7.33987e+22	9.88e-01	1.22e-02	1.01e-06	0.00e+00	0.00e+00	0.00e+00	0.00e+00	0.00e+00
 7.34406e+22	9.88e-01	1.21e-02	1.00e-06	0.00e+00	0.00e+00	0.00e+00	0.00e+00	0.00e+00
 7.34787e+22	9.88e-01	1.19e-02	9.95e-07	0.00e+00	0.00e+00	0.00e+00	0.00e+00	0.00e+00
 7.35204e+22	9.88e-01	1.17e-02	9.88e-07	0.00e+00	0.00e+00	0.00e+00	0.00e+00	0.00e+00
 7.35655e+22	9.88e-01	1.15e-02	9.80e-07	0.00e+00	0.00e+00	0.00e+00	0.00e+00	0.00e+00
 7.36065e+22	9.89e-01	1.14e-02	9.74e-07	0.00e+00	0.00e+00	0.00e+00	0.00e+00	0.00e+00
 7.36439e+22	9.89e-01	1.12e-02	9.69e-07	0.00e+00	0.00e+00	0.00e+00	0.00e+00	0.00e+00
 7.36848e+22	9.89e-01	1.11e-02	9.62e-07	0.00e+00	0.00e+00	0.00e+00	0.00e+00	0.00e+00
 7.37289e+22	9.89e-01	1.09e-02	9.56e-07	0.00e+00	0.00e+00	0.00e+00	0.00e+00	0.00e+00
 7.37691e+22	9.89e-01	1.08e-02	9.49e-07	0.00e+00	0.00e+00	0.00e+00	0.00e+00	0.00e+00
 7.38132e+22	9.89e-01	1.06e-02	9.42e-07	0.00e+00	0.00e+00	0.00e+00	0.00e+00	0.00e+00
 7.38607e+22	9.90e-01	1.04e-02	9.36e-07	0.00e+00	0.00e+00	0.00e+00	0.00e+00	0.00e+00
 7.39040e+22	9.90e-01	1.03e-02	9.29e-07	0.00e+00	0.00e+00	0.00e+00	0.00e+00	0.00e+00
 7.39514e+22	9.90e-01	1.01e-02	9.22e-07	0.00e+00	0.00e+00	0.00e+00	0.00e+00	0.00e+00
 7.40026e+22	9.90e-01	9.95e-03	9.15e-07	0.00e+00	0.00e+00	0.00e+00	0.00e+00	0.00e+00
 7.40491e+22	9.90e-01	9.80e-03	9.09e-07	0.00e+00	0.00e+00	0.00e+00	0.00e+00	0.00e+00
 7.41002e+22	9.90e-01	9.63e-03	9.01e-07	0.00e+00	0.00e+00	0.00e+00	0.00e+00	0.00e+00
 7.41553e+22	9.91e-01	9.45e-03	8.94e-07	0.00e+00	0.00e+00	0.00e+00	0.00e+00	0.00e+00
 7.42054e+22	9.91e-01	9.30e-03	8.88e-07	0.00e+00	0.00e+00	0.00e+00	0.00e+00	0.00e+00
 7.42510e+22	9.91e-01	9.17e-03	8.82e-07	0.00e+00	0.00e+00	0.00e+00	0.00e+00	0.00e+00
 7.43010e+22	9.91e-01	9.02e-03	8.75e-07	0.00e+00	0.00e+00	0.00e+00	0.00e+00	0.00e+00
 7.43550e+22	9.91e-01	8.86e-03	8.68e-07	0.00e+00	0.00e+00	0.00e+00	0.00e+00	0.00e+00
 7.44041e+22	9.91e-01	8.72e-03	8.62e-07	0.00e+00	0.00e+00	0.00e+00	0.00e+00	0.00e+00
 7.44580e+22	9.91e-01	8.56e-03	8.55e-07	0.00e+00	0.00e+00	0.00e+00	0.00e+00	0.00e+00
 7.45161e+22	9.92e-01	8.40e-03	8.49e-07	0.00e+00	0.00e+00	0.00e+00	0.00e+00	0.00e+00
 7.45689e+22	9.92e-01	8.26e-03	8.42e-07	0.00e+00	0.00e+00	0.00e+00	0.00e+00	0.00e+00
 7.46269e+22	9.92e-01	8.10e-03	8.34e-07	0.00e+00	0.00e+00	0.00e+00	0.00e+00	0.00e+00
 7.46894e+22	9.92e-01	7.93e-03	8.27e-07	0.00e+00	0.00e+00	0.00e+00	0.00e+00	0.00e+00
 7.47464e+22	9.92e-01	7.79e-03	8.21e-07	0.00e+00	0.00e+00	0.00e+00	0.00e+00	0.00e+00
 7.47982e+22	9.92e-01	7.67e-03	8.16e-07	0.00e+00	0.00e+00	0.00e+00	0.00e+00	0.00e+00
 7.48549e+22	9.92e-01	7.53e-03	8.09e-07	0.00e+00	0.00e+00	0.00e+00	0.00e+00	0.00e+00
 7.49162e+22	9.93e-01	7.38e-03	8.02e-07	0.00e+00	0.00e+00	0.00e+00	0.00e+00	0.00e+00
 7.49834e+22	9.93e-01	7.20e-03	7.94e-07	0.00e+00	0.00e+00	0.00e+00	0.00e+00	0.00e+00
 7.50686e+22	9.93e-01	6.98e-03	7.84e-07	0.00e+00	0.00e+00	0.00e+00	0.00e+00	0.00e+00
 7.51602e+22	9.93e-01	6.76e-03	7.75e-07	0.00e+00	0.00e+00	0.00e+00	0.00e+00	0.00e+00
 7.52463e+22	9.93e-01	6.58e-03	7.67e-07	0.00e+00	0.00e+00	0.00e+00	0.00e+00	0.00e+00
 7.53302e+22	9.94e-01	6.42e-03	7.58e-07	0.00e+00	0.00e+00	0.00e+00	0.00e+00	0.00e+00
 7.54174e+22	9.94e-01	6.24e-03	7.50e-07	0.00e+00	0.00e+00	0.00e+00	0.00e+00	0.00e+00
 7.55090e+22	9.94e-01	6.06e-03	7.41e-07	0.00e+00	0.00e+00	0.00e+00	0.00e+00	0.00e+00
 7.56010e+22	9.94e-01	5.89e-03	7.32e-07	0.00e+00	0.00e+00	0.00e+00	0.00e+00	0.00e+00
 7.56920e+22	9.94e-01	5.72e-03	7.24e-07	0.00e+00	0.00e+00	0.00e+00	0.00e+00	0.00e+00
 7.57831e+22	9.94e-01	5.56e-03	7.16e-07	0.00e+00	0.00e+00	0.00e+00	0.00e+00	0.00e+00
 7.58754e+22	9.95e-01	5.41e-03	7.08e-07	0.00e+00	0.00e+00	0.00e+00	0.00e+00	0.00e+00
 7.59690e+22	9.95e-01	5.25e-03	7.00e-07	0.00e+00	0.00e+00	0.00e+00	0.00e+00	0.00e+00
 7.60634e+22	9.95e-01	5.10e-03	6.92e-07	0.00e+00	0.00e+00	0.00e+00	0.00e+00	0.00e+00
 7.61585e+22	9.95e-01	4.95e-03	6.84e-07	0.00e+00	0.00e+00	0.00e+00	0.00e+00	0.00e+00
 7.62546e+22	9.95e-01	4.81e-03	6.76e-07	0.00e+00	0.00e+00	0.00e+00	0.00e+00	0.00e+00
 7.63514e+22	9.95e-01	4.67e-03	6.69e-07	0.00e+00	0.00e+00	0.00e+00	0.00e+00	0.00e+00
 7.64490e+22	9.95e-01	4.54e-03	6.61e-07	0.00e+00	0.00e+00	0.00e+00	0.00e+00	0.00e+00
 7.65473e+22	9.96e-01	4.40e-03	6.53e-07	0.00e+00	0.00e+00	0.00e+00	0.00e+00	0.00e+00
 7.66466e+22	9.96e-01	4.27e-03	6.46e-07	0.00e+00	0.00e+00	0.00e+00	0.00e+00	0.00e+00
 7.67469e+22	9.96e-01	4.15e-03	6.38e-07	0.00e+00	0.00e+00	0.00e+00	0.00e+00	0.00e+00
 7.68481e+22	9.96e-01	4.02e-03	6.31e-07	0.00e+00	0.00e+00	0.00e+00	0.00e+00	0.00e+00
 7.69502e+22	9.96e-01	3.90e-03	6.23e-07	0.00e+00	0.00e+00	0.00e+00	0.00e+00	0.00e+00
 7.70532e+22	9.96e-01	3.79e-03	6.16e-07	0.00e+00	0.00e+00	0.00e+00	0.00e+00	0.00e+00
 7.71572e+22	9.96e-01	3.67e-03	6.09e-07	0.00e+00	0.00e+00	0.00e+00	0.00e+00	0.00e+00
 7.72629e+22	9.96e-01	3.56e-03	6.01e-07	0.00e+00	0.00e+00	0.00e+00	0.00e+00	0.00e+00
 7.73714e+22	9.97e-01	3.45e-03	5.93e-07	0.00e+00	0.00e+00	0.00e+00	0.00e+00	0.00e+00
 7.74823e+22	9.97e-01	3.34e-03	5.86e-07	0.00e+00	0.00e+00	0.00e+00	0.00e+00	0.00e+00
 7.75944e+22	9.97e-01	3.23e-03	5.78e-07	0.00e+00	0.00e+00	0.00e+00	0.00e+00	0.00e+00
 7.77076e+22	9.97e-01	3.13e-03	5.71e-07	0.00e+00	0.00e+00	0.00e+00	0.00e+00	0.00e+00
 7.78225e+22	9.97e-01	3.02e-03	5.63e-07	0.00e+00	0.00e+00	0.00e+00	0.00e+00	0.00e+00
 7.79391e+22	9.97e-01	2.93e-03	5.56e-07	0.00e+00	0.00e+00	0.00e+00	0.00e+00	0.00e+00
 7.80574e+22	9.97e-01	2.83e-03	5.48e-07	0.00e+00	0.00e+00	0.00e+00	0.00e+00	0.00e+00
 7.81780e+22	9.97e-01	2.73e-03	5.40e-07	0.00e+00	0.00e+00	0.00e+00	0.00e+00	0.00e+00
 7.83010e+22	9.97e-01	2.64e-03	5.32e-07	0.00e+00	0.00e+00	0.00e+00	0.00e+00	0.00e+00
 7.84272e+22	9.97e-01	2.55e-03	5.24e-07	0.00e+00	0.00e+00	0.00e+00	0.00e+00	0.00e+00
 7.85574e+22	9.98e-01	2.46e-03	5.16e-07	0.00e+00	0.00e+00	0.00e+00	0.00e+00	0.00e+00
 7.86911e+22	9.98e-01	2.37e-03	5.08e-07	0.00e+00	0.00e+00	0.00e+00	0.00e+00	0.00e+00
 7.88274e+22	9.98e-01	2.28e-03	5.00e-07	0.00e+00	0.00e+00	0.00e+00	0.00e+00	0.00e+00
 7.89664e+22	9.98e-01	2.19e-03	4.91e-07	0.00e+00	0.00e+00	0.00e+00	0.00e+00	0.00e+00
 7.91087e+22	9.98e-01	2.11e-03	4.83e-07	0.00e+00	0.00e+00	0.00e+00	0.00e+00	0.00e+00
 7.92546e+22	9.98e-01	2.03e-03	4.74e-07	0.00e+00	0.00e+00	0.00e+00	0.00e+00	0.00e+00
 7.94040e+22	9.98e-01	1.95e-03	4.66e-07	0.00e+00	0.00e+00	0.00e+00	0.00e+00	0.00e+00
 7.95579e+22	9.98e-01	1.87e-03	4.57e-07	0.00e+00	0.00e+00	0.00e+00	0.00e+00	0.00e+00
 7.97166e+22	9.98e-01	1.79e-03	4.48e-07	0.00e+00	0.00e+00	0.00e+00	0.00e+00	0.00e+00
 7.98800e+22	9.98e-01	1.71e-03	4.39e-07	0.00e+00	0.00e+00	0.00e+00	0.00e+00	0.00e+00
 8.00479e+22	9.98e-01	1.64e-03	4.30e-07	0.00e+00	0.00e+00	0.00e+00	0.00e+00	0.00e+00
 8.02207e+22	9.98e-01	1.57e-03	4.20e-07	0.00e+00	0.00e+00	0.00e+00	0.00e+00	0.00e+00
 8.03987e+22	9.99e-01	1.50e-03	4.11e-07	0.00e+00	0.00e+00	0.00e+00	0.00e+00	0.00e+00
 8.05827e+22	9.99e-01	1.43e-03	4.01e-07	0.00e+00	0.00e+00	0.00e+00	0.00e+00	0.00e+00
 8.07741e+22	9.99e-01	1.36e-03	3.91e-07	0.00e+00	0.00e+00	0.00e+00	0.00e+00	0.00e+00
 8.09705e+22	9.99e-01	1.29e-03	3.81e-07	0.00e+00	0.00e+00	0.00e+00	0.00e+00	0.00e+00
 8.11676e+22	9.99e-01	1.23e-03	3.72e-07	0.00e+00	0.00e+00	0.00e+00	0.00e+00	0.00e+00
 8.13658e+22	9.99e-01	1.17e-03	3.62e-07	0.00e+00	0.00e+00	0.00e+00	0.00e+00	0.00e+00
 8.15663e+22	9.99e-01	1.11e-03	3.53e-07	0.00e+00	0.00e+00	0.00e+00	0.00e+00	0.00e+00
 8.17688e+22	9.99e-01	1.06e-03	3.43e-07	0.00e+00	0.00e+00	0.00e+00	0.00e+00	0.00e+00
 8.19730e+22	9.99e-01	1.01e-03	3.34e-07	0.00e+00	0.00e+00	0.00e+00	0.00e+00	0.00e+00
 8.21790e+22	9.99e-01	9.56e-04	3.25e-07	0.00e+00	0.00e+00	0.00e+00	0.00e+00	0.00e+00
 8.23871e+22	9.99e-01	9.09e-04	3.16e-07	0.00e+00	0.00e+00	0.00e+00	0.00e+00	0.00e+00
 8.25967e+22	9.99e-01	8.64e-04	3.07e-07	0.00e+00	0.00e+00	0.00e+00	0.00e+00	0.00e+00
 8.28062e+22	9.99e-01	8.22e-04	2.99e-07	0.00e+00	0.00e+00	0.00e+00	0.00e+00	0.00e+00
 8.30179e+22	9.99e-01	7.81e-04	2.90e-07	0.00e+00	0.00e+00	0.00e+00	0.00e+00	0.00e+00
 8.32337e+22	9.99e-01	7.42e-04	2.81e-07	0.00e+00	0.00e+00	0.00e+00	0.00e+00	0.00e+00
 8.34517e+22	9.99e-01	7.05e-04	2.73e-07	0.00e+00	0.00e+00	0.00e+00	0.00e+00	0.00e+00
 8.36713e+22	9.99e-01	6.70e-04	2.65e-07	0.00e+00	0.00e+00	0.00e+00	0.00e+00	0.00e+00
 8.38929e+22	9.99e-01	6.36e-04	2.57e-07	0.00e+00	0.00e+00	0.00e+00	0.00e+00	0.00e+00
 8.41168e+22	9.99e-01	6.04e-04	2.49e-07	0.00e+00	0.00e+00	0.00e+00	0.00e+00	0.00e+00
 8.43429e+22	9.99e-01	5.73e-04	2.41e-07	0.00e+00	0.00e+00	0.00e+00	0.00e+00	0.00e+00
 8.45712e+22	9.99e-01	5.44e-04	2.33e-07	0.00e+00	0.00e+00	0.00e+00	0.00e+00	0.00e+00
 8.48018e+22	9.99e-01	5.16e-04	2.25e-07	0.00e+00	0.00e+00	0.00e+00	0.00e+00	0.00e+00
 8.50348e+22	1.00e+00	4.89e-04	2.18e-07	0.00e+00	0.00e+00	0.00e+00	0.00e+00	0.00e+00
 8.52703e+22	1.00e+00	4.64e-04	2.11e-07	0.00e+00	0.00e+00	0.00e+00	0.00e+00	0.00e+00
 8.55083e+22	1.00e+00	4.39e-04	2.03e-07	0.00e+00	0.00e+00	0.00e+00	0.00e+00	0.00e+00
 8.57487e+22	1.00e+00	4.16e-04	1.96e-07	0.00e+00	0.00e+00	0.00e+00	0.00e+00	0.00e+00
 8.59918e+22	1.00e+00	3.94e-04	1.89e-07	0.00e+00	0.00e+00	0.00e+00	0.00e+00	0.00e+00
 8.62384e+22	1.00e+00	3.73e-04	1.83e-07	0.00e+00	0.00e+00	0.00e+00	0.00e+00	0.00e+00
 8.64881e+22	1.00e+00	3.53e-04	1.76e-07	0.00e+00	0.00e+00	0.00e+00	0.00e+00	0.00e+00
 8.67343e+22	1.00e+00	3.36e-04	1.70e-07	0.00e+00	0.00e+00	0.00e+00	0.00e+00	0.00e+00
 8.69663e+22	1.00e+00	3.20e-04	1.64e-07	0.00e+00	0.00e+00	0.00e+00	0.00e+00	0.00e+00
 8.71811e+22	1.00e+00	3.07e-04	1.59e-07	0.00e+00	0.00e+00	0.00e+00	0.00e+00	0.00e+00
 8.73831e+22	1.00e+00	2.95e-04	1.54e-07	0.00e+00	0.00e+00	0.00e+00	0.00e+00	0.00e+00
 8.75777e+22	1.00e+00	2.83e-04	1.49e-07	0.00e+00	0.00e+00	0.00e+00	0.00e+00	0.00e+00
 8.77669e+22	1.00e+00	2.72e-04	1.45e-07	0.00e+00	0.00e+00	0.00e+00	0.00e+00	0.00e+00
 8.79498e+22	1.00e+00	2.63e-04	1.41e-07	0.00e+00	0.00e+00	0.00e+00	0.00e+00	0.00e+00
 8.81245e+22	1.00e+00	2.54e-04	1.37e-07	0.00e+00	0.00e+00	0.00e+00	0.00e+00	0.00e+00
 8.82913e+22	1.00e+00	2.45e-04	1.34e-07	0.00e+00	0.00e+00	0.00e+00	0.00e+00	0.00e+00
 8.84515e+22	1.00e+00	2.38e-04	1.31e-07	0.00e+00	0.00e+00	0.00e+00	0.00e+00	0.00e+00
 8.86064e+22	1.00e+00	2.30e-04	1.27e-07	0.00e+00	0.00e+00	0.00e+00	0.00e+00	0.00e+00
 8.87569e+22	1.00e+00	2.24e-04	1.24e-07	0.00e+00	0.00e+00	0.00e+00	0.00e+00	0.00e+00
 8.89033e+22	1.00e+00	2.17e-04	1.22e-07	0.00e+00	0.00e+00	0.00e+00	0.00e+00	0.00e+00
 8.90456e+22	1.00e+00	2.11e-04	1.19e-07	0.00e+00	0.00e+00	0.00e+00	0.00e+00	0.00e+00
 8.91842e+22	1.00e+00	2.05e-04	1.16e-07	0.00e+00	0.00e+00	0.00e+00	0.00e+00	0.00e+00
 8.93196e+22	1.00e+00	2.00e-04	1.14e-07	0.00e+00	0.00e+00	0.00e+00	0.00e+00	0.00e+00
 8.94527e+22	1.00e+00	1.95e-04	1.11e-07	0.00e+00	0.00e+00	0.00e+00	0.00e+00	0.00e+00
 8.95842e+22	1.00e+00	1.89e-04	1.09e-07	0.00e+00	0.00e+00	0.00e+00	0.00e+00	0.00e+00
 8.97144e+22	1.00e+00	1.84e-04	1.07e-07	0.00e+00	0.00e+00	0.00e+00	0.00e+00	0.00e+00
 8.98439e+22	1.00e+00	1.79e-04	1.04e-07	0.00e+00	0.00e+00	0.00e+00	0.00e+00	0.00e+00
 8.99731e+22	1.00e+00	1.75e-04	1.02e-07	0.00e+00	0.00e+00	0.00e+00	0.00e+00	0.00e+00
 9.01027e+22	1.00e+00	1.70e-04	1.00e-07	0.00e+00	0.00e+00	0.00e+00	0.00e+00	0.00e+00
 9.02336e+22	1.00e+00	1.65e-04	9.78e-08	0.00e+00	0.00e+00	0.00e+00	0.00e+00	0.00e+00
 9.03662e+22	1.00e+00	1.61e-04	9.56e-08	0.00e+00	0.00e+00	0.00e+00	0.00e+00	0.00e+00
 9.05015e+22	1.00e+00	1.56e-04	9.34e-08	0.00e+00	0.00e+00	0.00e+00	0.00e+00	0.00e+00
 9.06407e+22	1.00e+00	1.51e-04	9.12e-08	0.00e+00	0.00e+00	0.00e+00	0.00e+00	0.00e+00
