#depth	Ne	Ne+	Ne+2	Ne+3	Ne+4	Ne+5	Ne+6	Ne+7	Ne+8	Ne+9	Ne+10
 1.54284e+22	1.48e-29	1.03e-23	4.74e-19	3.13e-15	4.78e-12	1.77e-09	2.45e-07	2.07e-05	6.01e-03	1.42e-01	8.51e-01
 3.51493e+22	1.17e-27	5.13e-22	1.50e-17	6.34e-14	6.30e-11	1.50e-08	1.29e-06	6.79e-05	1.28e-02	1.99e-01	7.88e-01
 4.15881e+22	1.26e-26	4.29e-21	9.74e-17	3.23e-13	2.53e-10	4.73e-08	3.11e-06	1.27e-04	1.88e-02	2.35e-01	7.46e-01
 4.48074e+22	4.54e-26	1.35e-20	2.68e-16	7.76e-13	5.35e-10	8.76e-08	4.98e-06	1.77e-04	2.31e-02	2.56e-01	7.21e-01
 4.61489e+22	6.38e-26	1.84e-20	3.50e-16	9.79e-13	6.52e-10	1.03e-07	5.65e-06	1.93e-04	2.44e-02	2.61e-01	7.14e-01
 4.66131e+22	8.13e-26	2.28e-20	4.24e-16	1.15e-12	7.51e-10	1.16e-07	6.17e-06	2.06e-04	2.53e-02	2.65e-01	7.09e-01
 4.70637e+22	1.13e-25	3.07e-20	5.49e-16	1.45e-12	9.09e-10	1.36e-07	6.96e-06	2.23e-04	2.67e-02	2.71e-01	7.02e-01
 4.75211e+22	1.46e-25	3.85e-20	6.71e-16	1.72e-12	1.05e-09	1.53e-07	7.64e-06	2.38e-04	2.77e-02	2.75e-01	6.97e-01
 4.79873e+22	2.05e-25	5.22e-20	8.77e-16	2.17e-12	1.28e-09	1.80e-07	8.64e-06	2.60e-04	2.92e-02	2.81e-01	6.90e-01
 4.84426e+22	2.66e-25	6.60e-20	1.08e-15	2.59e-12	1.49e-09	2.04e-07	9.50e-06	2.78e-04	3.04e-02	2.85e-01	6.84e-01
 4.88838e+22	3.76e-25	9.01e-20	1.41e-15	3.28e-12	1.83e-09	2.40e-07	1.08e-05	3.03e-04	3.21e-02	2.91e-01	6.76e-01
 4.93227e+22	4.81e-25	1.12e-19	1.72e-15	3.87e-12	2.10e-09	2.70e-07	1.18e-05	3.22e-04	3.33e-02	2.95e-01	6.71e-01
 4.97585e+22	6.89e-25	1.55e-19	2.27e-15	4.93e-12	2.59e-09	3.20e-07	1.34e-05	3.52e-04	3.51e-02	3.02e-01	6.63e-01
 5.01807e+22	8.70e-25	1.91e-19	2.73e-15	5.79e-12	2.96e-09	3.58e-07	1.46e-05	3.74e-04	3.64e-02	3.06e-01	6.57e-01
 5.05851e+22	1.21e-24	2.56e-19	3.54e-15	7.24e-12	3.58e-09	4.19e-07	1.65e-05	4.06e-04	3.83e-02	3.11e-01	6.50e-01
 5.09971e+22	1.58e-24	3.26e-19	4.37e-15	8.67e-12	4.18e-09	4.76e-07	1.81e-05	4.34e-04	3.98e-02	3.16e-01	6.44e-01
 5.14187e+22	2.27e-24	4.50e-19	5.80e-15	1.11e-11	5.15e-09	5.65e-07	2.07e-05	4.75e-04	4.20e-02	3.22e-01	6.35e-01
 5.18375e+22	2.94e-24	5.67e-19	7.10e-15	1.32e-11	5.98e-09	6.39e-07	2.27e-05	5.07e-04	4.37e-02	3.27e-01	6.29e-01
 5.22528e+22	4.19e-24	7.79e-19	9.38e-15	1.68e-11	7.33e-09	7.56e-07	2.58e-05	5.53e-04	4.61e-02	3.33e-01	6.20e-01
 5.26751e+22	5.55e-24	1.00e-18	1.17e-14	2.03e-11	8.63e-09	8.65e-07	2.86e-05	5.94e-04	4.80e-02	3.38e-01	6.13e-01
 5.30439e+22	7.30e-24	1.28e-18	1.45e-14	2.44e-11	1.01e-08	9.86e-07	3.16e-05	6.36e-04	5.00e-02	3.43e-01	6.06e-01
 5.34605e+22	1.05e-23	1.77e-18	1.92e-14	3.11e-11	1.24e-08	1.17e-06	3.60e-05	6.96e-04	5.28e-02	3.50e-01	5.97e-01
 5.38787e+22	1.38e-23	2.27e-18	2.39e-14	3.76e-11	1.46e-08	1.34e-06	3.99e-05	7.46e-04	5.50e-02	3.55e-01	5.90e-01
 5.42991e+22	1.99e-23	3.14e-18	3.18e-14	4.80e-11	1.80e-08	1.59e-06	4.56e-05	8.17e-04	5.80e-02	3.61e-01	5.80e-01
 5.47267e+22	2.66e-23	4.08e-18	4.00e-14	5.84e-11	2.13e-08	1.83e-06	5.07e-05	8.79e-04	6.06e-02	3.66e-01	5.72e-01
 5.51637e+22	3.88e-23	5.73e-18	5.38e-14	7.55e-11	2.65e-08	2.19e-06	5.84e-05	9.68e-04	6.41e-02	3.73e-01	5.62e-01
 5.56018e+22	5.18e-23	7.42e-18	6.75e-14	9.19e-11	3.14e-08	2.52e-06	6.50e-05	1.04e-03	6.69e-02	3.78e-01	5.54e-01
 5.60415e+22	7.56e-23	1.04e-17	9.10e-14	1.19e-10	3.91e-08	3.03e-06	7.48e-05	1.15e-03	7.08e-02	3.85e-01	5.43e-01
 5.64704e+22	9.87e-23	1.32e-17	1.12e-13	1.42e-10	4.57e-08	3.45e-06	8.27e-05	1.23e-03	7.36e-02	3.90e-01	5.35e-01
 5.68851e+22	1.41e-22	1.83e-17	1.49e-13	1.81e-10	5.63e-08	4.11e-06	9.46e-05	1.35e-03	7.76e-02	3.96e-01	5.25e-01
 5.73029e+22	1.82e-22	2.30e-17	1.82e-13	2.16e-10	6.54e-08	4.66e-06	1.04e-04	1.44e-03	8.07e-02	4.01e-01	5.17e-01
 5.77249e+22	2.57e-22	3.13e-17	2.39e-13	2.73e-10	8.00e-08	5.52e-06	1.19e-04	1.57e-03	8.49e-02	4.07e-01	5.06e-01
 5.81579e+22	3.37e-22	3.99e-17	2.96e-13	3.28e-10	9.38e-08	6.30e-06	1.32e-04	1.69e-03	8.84e-02	4.12e-01	4.98e-01
 5.86051e+22	4.77e-22	5.45e-17	3.89e-13	4.16e-10	1.15e-07	7.48e-06	1.51e-04	1.85e-03	9.32e-02	4.18e-01	4.87e-01
 5.90630e+22	6.29e-22	6.99e-17	4.84e-13	5.03e-10	1.36e-07	8.59e-06	1.68e-04	1.99e-03	9.71e-02	4.22e-01	4.78e-01
 5.95347e+22	8.93e-22	9.59e-17	6.40e-13	6.40e-10	1.67e-07	1.02e-05	1.92e-04	2.18e-03	1.02e-01	4.28e-01	4.67e-01
 6.00160e+22	1.17e-21	1.23e-16	7.94e-13	7.71e-10	1.96e-07	1.17e-05	2.14e-04	2.34e-03	1.07e-01	4.33e-01	4.58e-01
 6.05100e+22	1.66e-21	1.68e-16	1.05e-12	9.80e-10	2.41e-07	1.40e-05	2.45e-04	2.57e-03	1.12e-01	4.39e-01	4.46e-01
 6.10124e+22	2.17e-21	2.14e-16	1.30e-12	1.18e-09	2.84e-07	1.60e-05	2.72e-04	2.76e-03	1.17e-01	4.43e-01	4.37e-01
 6.15259e+22	3.06e-21	2.91e-16	1.70e-12	1.50e-09	3.49e-07	1.91e-05	3.12e-04	3.03e-03	1.23e-01	4.48e-01	4.25e-01
 6.20426e+22	3.96e-21	3.68e-16	2.10e-12	1.79e-09	4.07e-07	2.17e-05	3.46e-04	3.25e-03	1.28e-01	4.52e-01	4.17e-01
 6.25634e+22	5.51e-21	4.96e-16	2.73e-12	2.25e-09	4.98e-07	2.57e-05	3.95e-04	3.56e-03	1.35e-01	4.56e-01	4.05e-01
 6.30947e+22	7.09e-21	6.23e-16	3.34e-12	2.68e-09	5.79e-07	2.93e-05	4.37e-04	3.81e-03	1.40e-01	4.60e-01	3.96e-01
 6.35584e+22	9.00e-21	7.74e-16	4.05e-12	3.17e-09	6.70e-07	3.31e-05	4.81e-04	4.06e-03	1.45e-01	4.63e-01	3.88e-01
 6.40801e+22	1.23e-20	1.02e-15	5.19e-12	3.93e-09	8.09e-07	3.88e-05	5.45e-04	4.42e-03	1.52e-01	4.67e-01	3.77e-01
 6.46007e+22	1.53e-20	1.25e-15	6.21e-12	4.60e-09	9.27e-07	4.36e-05	5.96e-04	4.70e-03	1.57e-01	4.69e-01	3.69e-01
 6.51200e+22	2.05e-20	1.63e-15	7.86e-12	5.64e-09	1.11e-06	5.07e-05	6.71e-04	5.09e-03	1.64e-01	4.73e-01	3.58e-01
 6.56517e+22	2.57e-20	2.01e-15	9.44e-12	6.62e-09	1.27e-06	5.70e-05	7.37e-04	5.42e-03	1.69e-01	4.75e-01	3.50e-01
 6.61214e+22	3.20e-20	2.45e-15	1.13e-11	7.72e-09	1.46e-06	6.39e-05	8.06e-04	5.76e-03	1.75e-01	4.77e-01	3.42e-01
 6.66538e+22	4.25e-20	3.17e-15	1.42e-11	9.44e-09	1.74e-06	7.41e-05	9.05e-04	6.23e-03	1.82e-01	4.79e-01	3.31e-01
 6.71847e+22	5.21e-20	3.81e-15	1.67e-11	1.09e-08	1.97e-06	8.23e-05	9.83e-04	6.59e-03	1.88e-01	4.81e-01	3.24e-01
 6.77135e+22	6.82e-20	4.87e-15	2.08e-11	1.32e-08	2.32e-06	9.49e-05	1.10e-03	7.10e-03	1.95e-01	4.83e-01	3.14e-01
 6.82528e+22	8.37e-20	5.86e-15	2.46e-11	1.52e-08	2.63e-06	1.05e-04	1.19e-03	7.51e-03	2.01e-01	4.84e-01	3.07e-01
 6.88055e+22	1.10e-19	7.50e-15	3.06e-11	1.84e-08	3.12e-06	1.22e-04	1.34e-03	8.09e-03	2.09e-01	4.85e-01	2.97e-01
 6.93688e+22	1.35e-19	9.05e-15	3.62e-11	2.13e-08	3.54e-06	1.35e-04	1.45e-03	8.56e-03	2.15e-01	4.86e-01	2.89e-01
 6.99457e+22	1.76e-19	1.16e-14	4.51e-11	2.59e-08	4.19e-06	1.56e-04	1.62e-03	9.23e-03	2.23e-01	4.86e-01	2.79e-01
 7.05334e+22	2.17e-19	1.40e-14	5.34e-11	3.00e-08	4.76e-06	1.74e-04	1.77e-03	9.76e-03	2.30e-01	4.87e-01	2.72e-01
 7.11350e+22	2.84e-19	1.79e-14	6.67e-11	3.64e-08	5.63e-06	2.01e-04	1.98e-03	1.05e-02	2.39e-01	4.87e-01	2.62e-01
 7.17231e+22	3.42e-19	2.12e-14	7.75e-11	4.14e-08	6.31e-06	2.21e-04	2.13e-03	1.11e-02	2.44e-01	4.87e-01	2.56e-01
 7.22936e+22	4.40e-19	2.67e-14	9.53e-11	4.97e-08	7.39e-06	2.52e-04	2.36e-03	1.19e-02	2.53e-01	4.86e-01	2.46e-01
 7.28730e+22	5.30e-19	3.16e-14	1.11e-10	5.66e-08	8.28e-06	2.77e-04	2.55e-03	1.25e-02	2.59e-01	4.85e-01	2.40e-01
 7.34641e+22	6.78e-19	3.95e-14	1.36e-10	6.75e-08	9.66e-06	3.16e-04	2.82e-03	1.33e-02	2.68e-01	4.84e-01	2.31e-01
 7.40735e+22	8.28e-19	4.75e-14	1.60e-10	7.79e-08	1.09e-05	3.50e-04	3.05e-03	1.41e-02	2.75e-01	4.83e-01	2.25e-01
 7.47069e+22	1.06e-18	5.96e-14	1.96e-10	9.30e-08	1.28e-05	3.99e-04	3.38e-03	1.50e-02	2.84e-01	4.81e-01	2.16e-01
 7.53610e+22	1.31e-18	7.23e-14	2.33e-10	1.08e-07	1.45e-05	4.45e-04	3.68e-03	1.59e-02	2.91e-01	4.80e-01	2.09e-01
 7.60421e+22	1.70e-18	9.15e-14	2.87e-10	1.30e-07	1.71e-05	5.09e-04	4.08e-03	1.70e-02	3.01e-01	4.77e-01	2.00e-01
 7.67418e+22	2.11e-18	1.12e-13	3.43e-10	1.52e-07	1.95e-05	5.69e-04	4.45e-03	1.80e-02	3.09e-01	4.75e-01	1.93e-01
 7.74656e+22	2.76e-18	1.42e-13	4.27e-10	1.83e-07	2.30e-05	6.52e-04	4.94e-03	1.93e-02	3.18e-01	4.72e-01	1.85e-01
 7.82132e+22	3.46e-18	1.75e-13	5.14e-10	2.15e-07	2.64e-05	7.32e-04	5.40e-03	2.04e-02	3.27e-01	4.69e-01	1.78e-01
 7.89918e+22	4.57e-18	2.26e-13	6.45e-10	2.63e-07	3.13e-05	8.44e-04	6.02e-03	2.19e-02	3.37e-01	4.64e-01	1.69e-01
 7.97926e+22	5.78e-18	2.80e-13	7.81e-10	3.10e-07	3.62e-05	9.51e-04	6.60e-03	2.33e-02	3.46e-01	4.61e-01	1.62e-01
 8.05120e+22	7.23e-18	3.43e-13	9.37e-10	3.63e-07	4.14e-05	1.06e-03	7.19e-03	2.46e-02	3.54e-01	4.57e-01	1.56e-01
 8.13372e+22	9.68e-18	4.48e-13	1.19e-09	4.48e-07	4.96e-05	1.24e-03	8.07e-03	2.65e-02	3.66e-01	4.51e-01	1.47e-01
 8.21689e+22	1.21e-17	5.49e-13	1.43e-09	5.24e-07	5.67e-05	1.38e-03	8.77e-03	2.79e-02	3.74e-01	4.46e-01	1.41e-01
 8.30094e+22	1.61e-17	7.14e-13	1.81e-09	6.43e-07	6.77e-05	1.60e-03	9.81e-03	3.00e-02	3.85e-01	4.40e-01	1.33e-01
 8.38677e+22	2.04e-17	8.84e-13	2.19e-09	7.59e-07	7.81e-05	1.80e-03	1.07e-02	3.17e-02	3.94e-01	4.34e-01	1.27e-01
 8.47491e+22	2.73e-17	1.16e-12	2.79e-09	9.36e-07	9.36e-05	2.09e-03	1.20e-02	3.41e-02	4.05e-01	4.27e-01	1.19e-01
 8.56448e+22	3.46e-17	1.44e-12	3.38e-09	1.11e-06	1.08e-04	2.36e-03	1.32e-02	3.61e-02	4.14e-01	4.21e-01	1.13e-01
 8.65591e+22	4.66e-17	1.89e-12	4.33e-09	1.37e-06	1.30e-04	2.75e-03	1.48e-02	3.89e-02	4.26e-01	4.12e-01	1.06e-01
 8.74775e+22	5.87e-17	2.33e-12	5.24e-09	1.62e-06	1.50e-04	3.10e-03	1.62e-02	4.11e-02	4.34e-01	4.05e-01	1.00e-01
 8.82383e+22	7.19e-17	2.81e-12	6.20e-09	1.88e-06	1.71e-04	3.44e-03	1.75e-02	4.32e-02	4.42e-01	3.98e-01	9.54e-02
 8.90641e+22	9.30e-17	3.57e-12	7.70e-09	2.27e-06	2.01e-04	3.95e-03	1.95e-02	4.62e-02	4.52e-01	3.89e-01	8.91e-02
 8.98891e+22	1.13e-16	4.28e-12	9.08e-09	2.62e-06	2.28e-04	4.38e-03	2.11e-02	4.84e-02	4.59e-01	3.82e-01	8.47e-02
 9.07130e+22	1.45e-16	5.40e-12	1.12e-08	3.15e-06	2.68e-04	5.01e-03	2.34e-02	5.16e-02	4.69e-01	3.72e-01	7.88e-02
 9.15473e+22	1.76e-16	6.47e-12	1.32e-08	3.64e-06	3.04e-04	5.57e-03	2.53e-02	5.42e-02	4.75e-01	3.65e-01	7.46e-02
 9.23949e+22	2.24e-16	8.13e-12	1.63e-08	4.38e-06	3.58e-04	6.39e-03	2.81e-02	5.78e-02	4.84e-01	3.54e-01	6.90e-02
 9.32530e+22	2.72e-16	9.72e-12	1.92e-08	5.06e-06	4.06e-04	7.10e-03	3.04e-02	6.07e-02	4.91e-01	3.46e-01	6.49e-02
 9.41246e+22	3.44e-16	1.22e-11	2.36e-08	6.08e-06	4.78e-04	8.15e-03	3.38e-02	6.47e-02	4.99e-01	3.34e-01	5.98e-02
 9.50131e+22	4.14e-16	1.45e-11	2.79e-08	7.04e-06	5.44e-04	9.09e-03	3.67e-02	6.80e-02	5.05e-01	3.25e-01	5.58e-02
 9.59233e+22	5.20e-16	1.81e-11	3.43e-08	8.46e-06	6.42e-04	1.05e-02	4.08e-02	7.26e-02	5.12e-01	3.12e-01	5.09e-02
 9.68519e+22	6.20e-16	2.15e-11	4.03e-08	9.79e-06	7.32e-04	1.17e-02	4.44e-02	7.64e-02	5.17e-01	3.02e-01	4.72e-02
 9.78045e+22	7.69e-16	2.66e-11	4.94e-08	1.18e-05	8.64e-04	1.35e-02	4.95e-02	8.15e-02	5.23e-01	2.89e-01	4.26e-02
 9.87660e+22	9.04e-16	3.12e-11	5.77e-08	1.36e-05	9.83e-04	1.51e-02	5.38e-02	8.57e-02	5.27e-01	2.78e-01	3.92e-02
 9.95727e+22	1.04e-15	3.59e-11	6.62e-08	1.53e-05	1.10e-03	1.66e-02	5.80e-02	8.97e-02	5.30e-01	2.68e-01	3.63e-02
 1.00448e+23	1.22e-15	4.24e-11	7.82e-08	1.79e-05	1.27e-03	1.88e-02	6.37e-02	9.49e-02	5.33e-01	2.55e-01	3.28e-02
 1.01333e+23	1.38e-15	4.82e-11	8.90e-08	2.02e-05	1.42e-03	2.07e-02	6.85e-02	9.91e-02	5.35e-01	2.45e-01	3.02e-02
 1.02196e+23	1.57e-15	5.57e-11	1.03e-07	2.32e-05	1.62e-03	2.32e-02	7.46e-02	1.04e-01	5.36e-01	2.33e-01	2.73e-02
 1.03077e+23	1.74e-15	6.26e-11	1.17e-07	2.61e-05	1.81e-03	2.56e-02	8.02e-02	1.09e-01	5.36e-01	2.23e-01	2.49e-02
 1.03941e+23	1.93e-15	7.06e-11	1.33e-07	2.95e-05	2.04e-03	2.84e-02	8.68e-02	1.14e-01	5.35e-01	2.11e-01	2.25e-02
 1.04823e+23	2.11e-15	7.86e-11	1.49e-07	3.31e-05	2.27e-03	3.13e-02	9.32e-02	1.19e-01	5.33e-01	2.01e-01	2.04e-02
 1.05694e+23	2.28e-15	8.70e-11	1.68e-07	3.71e-05	2.54e-03	3.45e-02	1.00e-01	1.24e-01	5.30e-01	1.90e-01	1.84e-02
 1.06571e+23	2.44e-15	9.55e-11	1.87e-07	4.14e-05	2.83e-03	3.78e-02	1.07e-01	1.29e-01	5.27e-01	1.80e-01	1.65e-02
 1.07438e+23	2.58e-15	1.04e-10	2.08e-07	4.60e-05	3.13e-03	4.14e-02	1.14e-01	1.34e-01	5.22e-01	1.70e-01	1.49e-02
 1.08303e+23	2.71e-15	1.13e-10	2.30e-07	5.10e-05	3.47e-03	4.52e-02	1.21e-01	1.39e-01	5.17e-01	1.60e-01	1.34e-02
 1.09170e+23	2.82e-15	1.22e-10	2.53e-07	5.65e-05	3.83e-03	4.92e-02	1.29e-01	1.44e-01	5.11e-01	1.51e-01	1.20e-02
 1.10039e+23	2.93e-15	1.31e-10	2.79e-07	6.24e-05	4.23e-03	5.35e-02	1.37e-01	1.49e-01	5.04e-01	1.42e-01	1.07e-02
 1.10914e+23	3.02e-15	1.40e-10	3.07e-07	6.90e-05	4.66e-03	5.80e-02	1.44e-01	1.54e-01	4.97e-01	1.33e-01	9.60e-03
 1.11796e+23	3.10e-15	1.50e-10	3.37e-07	7.63e-05	5.13e-03	6.29e-02	1.52e-01	1.58e-01	4.88e-01	1.24e-01	8.56e-03
 1.12688e+23	3.17e-15	1.60e-10	3.71e-07	8.44e-05	5.66e-03	6.81e-02	1.60e-01	1.63e-01	4.79e-01	1.16e-01	7.61e-03
 1.13585e+23	3.24e-15	1.71e-10	4.08e-07	9.35e-05	6.23e-03	7.35e-02	1.68e-01	1.67e-01	4.69e-01	1.08e-01	6.77e-03
 1.14497e+23	3.31e-15	1.84e-10	4.51e-07	1.04e-04	6.88e-03	7.95e-02	1.76e-01	1.72e-01	4.59e-01	1.01e-01	5.98e-03
 1.15419e+23	3.38e-15	1.97e-10	4.99e-07	1.15e-04	7.58e-03	8.57e-02	1.84e-01	1.76e-01	4.48e-01	9.35e-02	5.29e-03
 1.16358e+23	3.45e-15	2.12e-10	5.55e-07	1.29e-04	8.38e-03	9.25e-02	1.93e-01	1.79e-01	4.36e-01	8.64e-02	4.65e-03
 1.17315e+23	3.54e-15	2.29e-10	6.18e-07	1.44e-04	9.26e-03	9.96e-02	2.01e-01	1.83e-01	4.23e-01	7.99e-02	4.09e-03
 1.18193e+23	3.62e-15	2.45e-10	6.79e-07	1.59e-04	1.01e-02	1.06e-01	2.07e-01	1.86e-01	4.13e-01	7.46e-02	3.66e-03
 1.19109e+23	3.73e-15	2.66e-10	7.65e-07	1.79e-04	1.12e-02	1.14e-01	2.16e-01	1.89e-01	3.99e-01	6.83e-02	3.18e-03
 1.20039e+23	3.86e-15	2.88e-10	8.48e-07	1.99e-04	1.22e-02	1.21e-01	2.22e-01	1.91e-01	3.87e-01	6.35e-02	2.83e-03
 1.20998e+23	4.05e-15	3.20e-10	9.71e-07	2.27e-04	1.36e-02	1.31e-01	2.30e-01	1.93e-01	3.72e-01	5.77e-02	2.44e-03
 1.21958e+23	4.23e-15	3.48e-10	1.08e-06	2.52e-04	1.48e-02	1.39e-01	2.36e-01	1.94e-01	3.60e-01	5.35e-02	2.17e-03
 1.22921e+23	4.47e-15	3.89e-10	1.25e-06	2.89e-04	1.66e-02	1.49e-01	2.44e-01	1.96e-01	3.44e-01	4.84e-02	1.86e-03
 1.23888e+23	4.74e-15	4.29e-10	1.40e-06	3.22e-04	1.80e-02	1.58e-01	2.49e-01	1.96e-01	3.32e-01	4.48e-02	1.65e-03
 1.24860e+23	5.11e-15	4.86e-10	1.63e-06	3.70e-04	2.01e-02	1.69e-01	2.56e-01	1.97e-01	3.16e-01	4.04e-02	1.41e-03
 1.25844e+23	5.49e-15	5.41e-10	1.84e-06	4.14e-04	2.19e-02	1.78e-01	2.61e-01	1.96e-01	3.04e-01	3.72e-02	1.24e-03
 1.26841e+23	6.04e-15	6.24e-10	2.16e-06	4.79e-04	2.44e-02	1.91e-01	2.67e-01	1.96e-01	2.88e-01	3.33e-02	1.05e-03
 1.27852e+23	6.60e-15	7.03e-10	2.46e-06	5.37e-04	2.66e-02	2.01e-01	2.71e-01	1.95e-01	2.75e-01	3.05e-02	9.25e-04
 1.28882e+23	7.43e-15	8.24e-10	2.92e-06	6.24e-04	2.97e-02	2.14e-01	2.76e-01	1.93e-01	2.59e-01	2.72e-02	7.79e-04
 1.29930e+23	8.30e-15	9.43e-10	3.36e-06	7.04e-04	3.24e-02	2.25e-01	2.79e-01	1.91e-01	2.46e-01	2.47e-02	6.78e-04
 1.31005e+23	9.60e-15	1.13e-09	4.03e-06	8.23e-04	3.62e-02	2.40e-01	2.83e-01	1.88e-01	2.30e-01	2.18e-02	5.65e-04
 1.32105e+23	1.10e-14	1.31e-09	4.68e-06	9.33e-04	3.96e-02	2.52e-01	2.85e-01	1.85e-01	2.17e-01	1.97e-02	4.87e-04
 1.33238e+23	1.31e-14	1.60e-09	5.70e-06	1.10e-03	4.43e-02	2.68e-01	2.87e-01	1.81e-01	2.01e-01	1.72e-02	4.00e-04
 1.34390e+23	1.54e-14	1.89e-09	6.67e-06	1.25e-03	4.83e-02	2.80e-01	2.88e-01	1.77e-01	1.89e-01	1.54e-02	3.43e-04
 1.35364e+23	1.77e-14	2.19e-09	7.69e-06	1.40e-03	5.22e-02	2.92e-01	2.89e-01	1.73e-01	1.78e-01	1.39e-02	2.97e-04
 1.36427e+23	2.16e-14	2.68e-09	9.26e-06	1.62e-03	5.77e-02	3.07e-01	2.89e-01	1.68e-01	1.65e-01	1.22e-02	2.46e-04
 1.37454e+23	2.50e-14	3.10e-09	1.06e-05	1.80e-03	6.17e-02	3.17e-01	2.88e-01	1.64e-01	1.56e-01	1.11e-02	2.15e-04
 1.38437e+23	3.03e-14	3.74e-09	1.25e-05	2.06e-03	6.74e-02	3.31e-01	2.87e-01	1.59e-01	1.44e-01	9.74e-03	1.80e-04
 1.39429e+23	3.56e-14	4.36e-09	1.43e-05	2.28e-03	7.21e-02	3.41e-01	2.85e-01	1.55e-01	1.36e-01	8.82e-03	1.57e-04
 1.40436e+23	4.39e-14	5.31e-09	1.71e-05	2.61e-03	7.85e-02	3.54e-01	2.83e-01	1.49e-01	1.25e-01	7.72e-03	1.31e-04
 1.41458e+23	5.23e-14	6.22e-09	1.95e-05	2.89e-03	8.38e-02	3.65e-01	2.80e-01	1.44e-01	1.17e-01	6.95e-03	1.13e-04
 1.42501e+23	6.57e-14	7.67e-09	2.34e-05	3.31e-03	9.12e-02	3.78e-01	2.76e-01	1.38e-01	1.07e-01	6.03e-03	9.33e-05
 1.43558e+23	7.91e-14	9.04e-09	2.68e-05	3.66e-03	9.72e-02	3.88e-01	2.73e-01	1.33e-01	9.99e-02	5.41e-03	8.03e-05
 1.44635e+23	1.01e-13	1.12e-08	3.22e-05	4.19e-03	1.06e-01	4.00e-01	2.68e-01	1.26e-01	9.08e-02	4.65e-03	6.55e-05
 1.45732e+23	1.23e-13	1.33e-08	3.71e-05	4.65e-03	1.12e-01	4.10e-01	2.64e-01	1.21e-01	8.42e-02	4.14e-03	5.59e-05
 1.46855e+23	1.60e-13	1.67e-08	4.47e-05	5.33e-03	1.22e-01	4.22e-01	2.57e-01	1.14e-01	7.59e-02	3.53e-03	4.51e-05
 1.48003e+23	1.97e-13	2.00e-08	5.17e-05	5.92e-03	1.30e-01	4.30e-01	2.52e-01	1.09e-01	6.98e-02	3.11e-03	3.81e-05
 1.49185e+23	2.61e-13	2.54e-08	6.26e-05	6.78e-03	1.40e-01	4.41e-01	2.45e-01	1.02e-01	6.24e-02	2.62e-03	3.03e-05
 1.50397e+23	3.27e-13	3.07e-08	7.29e-05	7.55e-03	1.49e-01	4.49e-01	2.38e-01	9.65e-02	5.69e-02	2.29e-03	2.53e-05
 1.51649e+23	4.39e-13	3.93e-08	8.87e-05	8.67e-03	1.61e-01	4.58e-01	2.30e-01	8.96e-02	5.04e-02	1.90e-03	1.98e-05
 1.52912e+23	5.52e-13	4.75e-08	1.03e-04	9.62e-03	1.71e-01	4.65e-01	2.23e-01	8.44e-02	4.58e-02	1.65e-03	1.64e-05
 1.54191e+23	7.50e-13	6.11e-08	1.26e-04	1.10e-02	1.84e-01	4.72e-01	2.13e-01	7.79e-02	4.02e-02	1.36e-03	1.28e-05
 1.55485e+23	9.46e-13	7.39e-08	1.46e-04	1.22e-02	1.95e-01	4.76e-01	2.06e-01	7.30e-02	3.63e-02	1.18e-03	1.05e-05
 1.56796e+23	1.29e-12	9.52e-08	1.77e-04	1.39e-02	2.09e-01	4.81e-01	1.96e-01	6.68e-02	3.17e-02	9.65e-04	8.11e-06
 1.58077e+23	1.60e-12	1.14e-07	2.03e-04	1.53e-02	2.19e-01	4.84e-01	1.89e-01	6.27e-02	2.88e-02	8.39e-04	6.75e-06
 1.59317e+23	2.15e-12	1.44e-07	2.43e-04	1.73e-02	2.33e-01	4.86e-01	1.79e-01	5.75e-02	2.52e-02	6.92e-04	5.25e-06
 1.60600e+23	2.70e-12	1.73e-07	2.80e-04	1.90e-02	2.45e-01	4.87e-01	1.72e-01	5.35e-02	2.26e-02	5.94e-04	4.30e-06
 1.61695e+23	3.33e-12	2.05e-07	3.18e-04	2.06e-02	2.55e-01	4.88e-01	1.65e-01	5.01e-02	2.05e-02	5.16e-04	3.59e-06
 1.62877e+23	4.36e-12	2.54e-07	3.75e-04	2.30e-02	2.69e-01	4.87e-01	1.57e-01	4.59e-02	1.80e-02	4.29e-04	2.83e-06
 1.64060e+23	5.37e-12	3.01e-07	4.25e-04	2.49e-02	2.79e-01	4.86e-01	1.50e-01	4.28e-02	1.63e-02	3.72e-04	2.35e-06
 1.65247e+23	6.95e-12	3.69e-07	4.95e-04	2.75e-02	2.93e-01	4.83e-01	1.42e-01	3.93e-02	1.44e-02	3.11e-04	1.86e-06
 1.66481e+23	8.78e-12	4.44e-07	5.69e-04	3.01e-02	3.05e-01	4.80e-01	1.35e-01	3.62e-02	1.28e-02	2.64e-04	1.51e-06
 1.67582e+23	1.08e-11	5.24e-07	6.44e-04	3.26e-02	3.16e-01	4.77e-01	1.28e-01	3.37e-02	1.15e-02	2.27e-04	1.24e-06
 1.68817e+23	1.40e-11	6.45e-07	7.51e-04	3.59e-02	3.30e-01	4.72e-01	1.21e-01	3.07e-02	1.00e-02	1.88e-04	9.76e-07
 1.70120e+23	1.79e-11	7.80e-07	8.64e-04	3.92e-02	3.43e-01	4.67e-01	1.14e-01	2.81e-02	8.85e-03	1.58e-04	7.78e-07
 1.71307e+23	2.23e-11	9.30e-07	9.84e-04	4.25e-02	3.54e-01	4.61e-01	1.07e-01	2.58e-02	7.86e-03	1.34e-04	6.29e-07
 1.72646e+23	2.95e-11	1.16e-06	1.16e-03	4.70e-02	3.69e-01	4.53e-01	9.97e-02	2.32e-02	6.77e-03	1.08e-04	4.82e-07
 1.74026e+23	3.77e-11	1.40e-06	1.33e-03	5.12e-02	3.82e-01	4.45e-01	9.33e-02	2.11e-02	5.91e-03	8.99e-05	3.79e-07
 1.75251e+23	4.72e-11	1.67e-06	1.51e-03	5.54e-02	3.93e-01	4.38e-01	8.75e-02	1.93e-02	5.21e-03	7.55e-05	3.04e-07
 1.76637e+23	6.26e-11	2.09e-06	1.78e-03	6.11e-02	4.07e-01	4.27e-01	8.07e-02	1.72e-02	4.45e-03	6.06e-05	2.30e-07
 1.78074e+23	8.04e-11	2.54e-06	2.05e-03	6.65e-02	4.20e-01	4.17e-01	7.49e-02	1.55e-02	3.85e-03	4.97e-05	1.78e-07
 1.79364e+23	1.02e-10	3.04e-06	2.33e-03	7.18e-02	4.31e-01	4.08e-01	6.97e-02	1.41e-02	3.36e-03	4.12e-05	1.41e-07
 1.80825e+23	1.36e-10	3.82e-06	2.75e-03	7.91e-02	4.45e-01	3.95e-01	6.34e-02	1.24e-02	2.82e-03	3.24e-05	0.00e+00
 1.82334e+23	1.75e-10	4.64e-06	3.16e-03	8.58e-02	4.56e-01	3.83e-01	5.84e-02	1.11e-02	2.42e-03	2.63e-05	0.00e+00
 1.83905e+23	2.39e-10	5.91e-06	3.76e-03	9.47e-02	4.69e-01	3.68e-01	5.26e-02	9.68e-03	2.00e-03	2.03e-05	0.00e+00
 1.85496e+23	3.09e-10	7.19e-06	4.32e-03	1.03e-01	4.80e-01	3.55e-01	4.81e-02	8.62e-03	1.70e-03	1.63e-05	0.00e+00
 1.86895e+23	3.94e-10	8.68e-06	4.94e-03	1.11e-01	4.89e-01	3.43e-01	4.41e-02	7.69e-03	1.46e-03	1.32e-05	0.00e+00
 1.88497e+23	5.40e-10	1.11e-05	5.86e-03	1.22e-01	4.99e-01	3.26e-01	3.92e-02	6.64e-03	1.19e-03	1.00e-05	0.00e+00
 1.90121e+23	6.97e-10	1.34e-05	6.72e-03	1.31e-01	5.07e-01	3.12e-01	3.56e-02	5.87e-03	1.00e-03	7.96e-06	0.00e+00
 1.91772e+23	9.50e-10	1.70e-05	7.93e-03	1.43e-01	5.16e-01	2.96e-01	3.15e-02	5.04e-03	8.13e-04	6.00e-06	0.00e+00
 1.93448e+23	1.23e-09	2.08e-05	9.10e-03	1.54e-01	5.22e-01	2.81e-01	2.83e-02	4.43e-03	6.80e-04	4.72e-06	0.00e+00
 1.94934e+23	1.58e-09	2.51e-05	1.04e-02	1.65e-01	5.26e-01	2.68e-01	2.55e-02	3.90e-03	5.71e-04	3.73e-06	0.00e+00
 1.96642e+23	2.18e-09	3.21e-05	1.23e-02	1.80e-01	5.31e-01	2.50e-01	2.22e-02	3.29e-03	4.53e-04	2.74e-06	0.00e+00
 1.98372e+23	2.82e-09	3.89e-05	1.40e-02	1.93e-01	5.33e-01	2.36e-01	1.99e-02	2.88e-03	3.77e-04	2.14e-06	0.00e+00
 2.00130e+23	3.90e-09	4.97e-05	1.66e-02	2.10e-01	5.35e-01	2.19e-01	1.71e-02	2.41e-03	2.96e-04	1.55e-06	0.00e+00
 2.01912e+23	5.04e-09	6.03e-05	1.89e-02	2.23e-01	5.34e-01	2.06e-01	1.52e-02	2.09e-03	2.43e-04	1.20e-06	0.00e+00
 2.03725e+23	7.01e-09	7.72e-05	2.24e-02	2.42e-01	5.32e-01	1.89e-01	1.30e-02	1.73e-03	1.88e-04	8.52e-07	0.00e+00
 2.05560e+23	9.08e-09	9.37e-05	2.55e-02	2.57e-01	5.29e-01	1.76e-01	1.14e-02	1.49e-03	1.53e-04	6.49e-07	0.00e+00
 2.07163e+23	1.16e-08	1.13e-04	2.89e-02	2.72e-01	5.24e-01	1.64e-01	1.00e-02	1.29e-03	1.25e-04	4.97e-07	0.00e+00
 2.08662e+23	1.45e-08	1.33e-04	3.22e-02	2.85e-01	5.19e-01	1.53e-01	8.92e-03	1.12e-03	1.04e-04	3.91e-07	0.00e+00
 2.10290e+23	1.92e-08	1.64e-04	3.70e-02	3.03e-01	5.11e-01	1.40e-01	7.67e-03	9.46e-04	8.25e-05	2.87e-07	0.00e+00
 2.11930e+23	2.40e-08	1.93e-04	4.13e-02	3.17e-01	5.04e-01	1.30e-01	6.78e-03	8.21e-04	6.80e-05	2.23e-07	0.00e+00
 2.13356e+23	2.98e-08	2.26e-04	4.58e-02	3.31e-01	4.96e-01	1.21e-01	6.00e-03	7.15e-04	5.64e-05	1.74e-07	0.00e+00
 2.14981e+23	3.90e-08	2.76e-04	5.21e-02	3.48e-01	4.84e-01	1.10e-01	5.13e-03	5.98e-04	4.43e-05	1.27e-07	0.00e+00
 2.16642e+23	4.90e-08	3.26e-04	5.80e-02	3.62e-01	4.73e-01	1.01e-01	4.48e-03	5.13e-04	3.60e-05	0.00e+00	0.00e+00
 2.18349e+23	6.41e-08	3.97e-04	6.59e-02	3.79e-01	4.59e-01	9.12e-02	3.80e-03	4.25e-04	2.80e-05	0.00e+00	0.00e+00
 2.20085e+23	8.09e-08	4.70e-04	7.34e-02	3.94e-01	4.45e-01	8.30e-02	3.28e-03	3.61e-04	2.24e-05	0.00e+00	0.00e+00
 2.21600e+23	1.00e-07	5.49e-04	8.09e-02	4.07e-01	4.32e-01	7.60e-02	2.86e-03	3.09e-04	1.82e-05	0.00e+00	0.00e+00
 2.23311e+23	1.31e-07	6.67e-04	9.14e-02	4.23e-01	4.15e-01	6.76e-02	2.39e-03	2.53e-04	1.39e-05	0.00e+00	0.00e+00
 2.24910e+23	1.57e-07	7.61e-04	9.92e-02	4.33e-01	4.02e-01	6.22e-02	2.11e-03	2.20e-04	1.16e-05	0.00e+00	0.00e+00
 2.26365e+23	1.96e-07	8.91e-04	1.09e-01	4.45e-01	3.87e-01	5.61e-02	1.81e-03	1.85e-04	9.19e-06	0.00e+00	0.00e+00
 2.27849e+23	2.35e-07	1.02e-03	1.19e-01	4.54e-01	3.73e-01	5.12e-02	1.59e-03	1.59e-04	7.54e-06	0.00e+00	0.00e+00
 2.29163e+23	2.80e-07	1.15e-03	1.28e-01	4.63e-01	3.59e-01	4.69e-02	1.40e-03	1.38e-04	6.24e-06	0.00e+00	0.00e+00
 2.30663e+23	3.50e-07	1.35e-03	1.41e-01	4.73e-01	3.42e-01	4.18e-02	1.18e-03	1.14e-04	4.88e-06	0.00e+00	0.00e+00
 2.32177e+23	4.17e-07	1.53e-03	1.52e-01	4.80e-01	3.28e-01	3.80e-02	1.03e-03	9.80e-05	3.99e-06	0.00e+00	0.00e+00
 2.33710e+23	5.18e-07	1.79e-03	1.67e-01	4.87e-01	3.10e-01	3.36e-02	8.73e-04	8.08e-05	3.11e-06	0.00e+00	0.00e+00
 2.35267e+23	6.21e-07	2.03e-03	1.80e-01	4.92e-01	2.95e-01	3.02e-02	7.54e-04	6.84e-05	2.50e-06	0.00e+00	0.00e+00
 2.36636e+23	7.37e-07	2.29e-03	1.93e-01	4.96e-01	2.81e-01	2.73e-02	6.54e-04	5.82e-05	2.03e-06	0.00e+00	0.00e+00
 2.38199e+23	9.10e-07	2.66e-03	2.10e-01	5.00e-01	2.63e-01	2.39e-02	5.47e-04	4.74e-05	1.56e-06	0.00e+00	0.00e+00
 2.39792e+23	1.09e-06	3.01e-03	2.25e-01	5.02e-01	2.48e-01	2.13e-02	4.69e-04	3.98e-05	1.24e-06	0.00e+00	0.00e+00
 2.41201e+23	1.29e-06	3.38e-03	2.41e-01	5.03e-01	2.34e-01	1.90e-02	4.03e-04	3.34e-05	9.97e-07	0.00e+00	0.00e+00
 2.42810e+23	1.59e-06	3.91e-03	2.61e-01	5.02e-01	2.16e-01	1.64e-02	3.33e-04	2.68e-05	7.54e-07	0.00e+00	0.00e+00
 2.44446e+23	1.90e-06	4.40e-03	2.78e-01	5.00e-01	2.02e-01	1.45e-02	2.82e-04	2.22e-05	5.94e-07	0.00e+00	0.00e+00
 2.46115e+23	2.34e-06	5.09e-03	3.01e-01	4.96e-01	1.85e-01	1.23e-02	2.30e-04	1.75e-05	4.41e-07	0.00e+00	0.00e+00
 2.47802e+23	2.79e-06	5.73e-03	3.20e-01	4.92e-01	1.72e-01	1.07e-02	1.93e-04	1.43e-05	3.43e-07	0.00e+00	0.00e+00
 2.49513e+23	3.44e-06	6.59e-03	3.44e-01	4.84e-01	1.56e-01	9.07e-03	1.56e-04	1.11e-05	2.51e-07	0.00e+00	0.00e+00
 2.51252e+23	4.10e-06	7.41e-03	3.65e-01	4.77e-01	1.43e-01	7.82e-03	1.30e-04	8.98e-06	1.92e-07	0.00e+00	0.00e+00
 2.53028e+23	5.06e-06	8.52e-03	3.92e-01	4.65e-01	1.28e-01	6.51e-03	1.03e-04	6.87e-06	1.39e-07	0.00e+00	0.00e+00
 2.54839e+23	6.04e-06	9.58e-03	4.14e-01	4.54e-01	1.16e-01	5.53e-03	8.47e-05	5.44e-06	0.00e+00	0.00e+00	0.00e+00
 2.56442e+23	7.11e-06	1.07e-02	4.36e-01	4.43e-01	1.06e-01	4.74e-03	7.01e-05	4.35e-06	0.00e+00	0.00e+00	0.00e+00
 2.58275e+23	8.74e-06	1.22e-02	4.64e-01	4.27e-01	9.30e-02	3.86e-03	5.49e-05	3.25e-06	0.00e+00	0.00e+00	0.00e+00
 2.60153e+23	1.04e-05	1.36e-02	4.87e-01	4.13e-01	8.32e-02	3.24e-03	4.44e-05	2.53e-06	0.00e+00	0.00e+00	0.00e+00
 2.61591e+23	1.17e-05	1.47e-02	5.04e-01	4.02e-01	7.66e-02	2.84e-03	3.80e-05	2.10e-06	0.00e+00	0.00e+00	0.00e+00
 2.62963e+23	1.36e-05	1.62e-02	5.24e-01	3.88e-01	6.91e-02	2.42e-03	3.15e-05	1.68e-06	0.00e+00	0.00e+00	0.00e+00
 2.64368e+23	1.54e-05	1.75e-02	5.41e-01	3.76e-01	6.31e-02	2.11e-03	2.68e-05	1.38e-06	0.00e+00	0.00e+00	0.00e+00
 2.65815e+23	1.78e-05	1.92e-02	5.62e-01	3.61e-01	5.64e-02	1.78e-03	2.19e-05	1.09e-06	0.00e+00	0.00e+00	0.00e+00
 2.67293e+23	2.02e-05	2.08e-02	5.79e-01	3.47e-01	5.11e-02	1.53e-03	1.84e-05	8.81e-07	0.00e+00	0.00e+00	0.00e+00
 2.68606e+23	2.29e-05	2.24e-02	5.96e-01	3.34e-01	4.63e-02	1.32e-03	1.55e-05	7.17e-07	0.00e+00	0.00e+00	0.00e+00
 2.70106e+23	2.67e-05	2.47e-02	6.16e-01	3.17e-01	4.06e-02	1.09e-03	1.24e-05	5.48e-07	0.00e+00	0.00e+00	0.00e+00
 2.71611e+23	3.01e-05	2.65e-02	6.32e-01	3.04e-01	3.66e-02	9.38e-04	1.04e-05	4.44e-07	0.00e+00	0.00e+00	0.00e+00
 2.73121e+23	3.49e-05	2.90e-02	6.51e-01	2.87e-01	3.20e-02	7.72e-04	8.33e-06	3.38e-07	0.00e+00	0.00e+00	0.00e+00
 2.74668e+23	3.95e-05	3.13e-02	6.66e-01	2.73e-01	2.86e-02	6.54e-04	6.89e-06	2.69e-07	0.00e+00	0.00e+00	0.00e+00
 2.76262e+23	4.60e-05	3.43e-02	6.85e-01	2.56e-01	2.46e-02	5.30e-04	5.42e-06	2.01e-07	0.00e+00	0.00e+00	0.00e+00
 2.77879e+23	5.23e-05	3.70e-02	6.99e-01	2.42e-01	2.17e-02	4.43e-04	4.41e-06	1.57e-07	0.00e+00	0.00e+00	0.00e+00
 2.79527e+23	6.07e-05	4.04e-02	7.16e-01	2.25e-01	1.86e-02	3.57e-04	3.45e-06	0.00e+00	0.00e+00	0.00e+00	0.00e+00
 2.81219e+23	6.95e-05	4.37e-02	7.30e-01	2.10e-01	1.61e-02	2.93e-04	2.76e-06	0.00e+00	0.00e+00	0.00e+00	0.00e+00
 2.82967e+23	8.15e-05	4.78e-02	7.45e-01	1.93e-01	1.35e-02	2.31e-04	2.10e-06	0.00e+00	0.00e+00	0.00e+00	0.00e+00
 2.84737e+23	9.35e-05	5.18e-02	7.57e-01	1.79e-01	1.16e-02	1.88e-04	1.66e-06	0.00e+00	0.00e+00	0.00e+00	0.00e+00
 2.86535e+23	1.10e-04	5.68e-02	7.70e-01	1.63e-01	9.60e-03	1.45e-04	1.24e-06	0.00e+00	0.00e+00	0.00e+00	0.00e+00
 2.88325e+23	1.26e-04	6.13e-02	7.79e-01	1.51e-01	8.22e-03	1.18e-04	9.78e-07	0.00e+00	0.00e+00	0.00e+00	0.00e+00
 2.90107e+23	1.48e-04	6.70e-02	7.90e-01	1.36e-01	6.75e-03	9.09e-05	7.28e-07	0.00e+00	0.00e+00	0.00e+00	0.00e+00
 2.91905e+23	1.70e-04	7.22e-02	7.97e-01	1.25e-01	5.72e-03	7.32e-05	5.69e-07	0.00e+00	0.00e+00	0.00e+00	0.00e+00
 2.93727e+23	1.99e-04	7.88e-02	8.04e-01	1.12e-01	4.65e-03	5.60e-05	4.20e-07	0.00e+00	0.00e+00	0.00e+00	0.00e+00
 2.95564e+23	2.30e-04	8.50e-02	8.09e-01	1.02e-01	3.89e-03	4.45e-05	3.22e-07	0.00e+00	0.00e+00	0.00e+00	0.00e+00
 2.97422e+23	2.73e-04	9.30e-02	8.14e-01	8.97e-02	3.09e-03	3.33e-05	2.32e-07	0.00e+00	0.00e+00	0.00e+00	0.00e+00
 2.99269e+23	3.15e-04	1.00e-01	8.16e-01	8.09e-02	2.58e-03	2.65e-05	1.78e-07	0.00e+00	0.00e+00	0.00e+00	0.00e+00
 3.01100e+23	3.76e-04	1.10e-01	8.17e-01	7.07e-02	2.03e-03	1.96e-05	1.26e-07	0.00e+00	0.00e+00	0.00e+00	0.00e+00
 3.02928e+23	4.34e-04	1.18e-01	8.17e-01	6.32e-02	1.67e-03	1.54e-05	0.00e+00	0.00e+00	0.00e+00	0.00e+00	0.00e+00
 3.04752e+23	5.18e-04	1.29e-01	8.15e-01	5.46e-02	1.30e-03	1.13e-05	0.00e+00	0.00e+00	0.00e+00	0.00e+00	0.00e+00
 3.06582e+23	6.06e-04	1.38e-01	8.12e-01	4.81e-02	1.05e-03	8.72e-06	0.00e+00	0.00e+00	0.00e+00	0.00e+00	0.00e+00
 3.07975e+23	6.87e-04	1.47e-01	8.08e-01	4.34e-02	8.88e-04	7.11e-06	0.00e+00	0.00e+00	0.00e+00	0.00e+00	0.00e+00
