#depth	N	N+	N+2	N+3	N+4	N+5	N+6	N+7
 1.54284e+22	9.87e-26	1.35e-19	5.08e-15	2.25e-11	3.31e-08	1.31e-04	2.37e-02	9.76e-01
 3.51493e+22	1.70e-24	1.44e-18	3.41e-14	9.52e-11	8.67e-08	2.78e-04	3.56e-02	9.64e-01
 4.15881e+22	8.63e-24	5.59e-18	1.02e-13	2.19e-10	1.51e-07	4.21e-04	4.41e-02	9.56e-01
 4.48074e+22	2.15e-23	1.20e-17	1.90e-13	3.51e-10	2.07e-07	5.28e-04	4.94e-02	9.50e-01
 4.61489e+22	2.75e-23	1.48e-17	2.24e-13	4.00e-10	2.25e-07	5.61e-04	5.09e-02	9.49e-01
 4.66131e+22	3.28e-23	1.72e-17	2.53e-13	4.38e-10	2.40e-07	5.86e-04	5.20e-02	9.47e-01
 4.70637e+22	4.19e-23	2.11e-17	2.99e-13	4.98e-10	2.61e-07	6.20e-04	5.35e-02	9.46e-01
 4.75211e+22	5.06e-23	2.47e-17	3.41e-13	5.49e-10	2.78e-07	6.49e-04	5.48e-02	9.45e-01
 4.79873e+22	6.53e-23	3.07e-17	4.06e-13	6.28e-10	3.04e-07	6.90e-04	5.64e-02	9.43e-01
 4.84426e+22	7.95e-23	3.62e-17	4.65e-13	6.96e-10	3.26e-07	7.22e-04	5.77e-02	9.42e-01
 4.88838e+22	1.04e-22	4.53e-17	5.59e-13	8.00e-10	3.57e-07	7.68e-04	5.95e-02	9.40e-01
 4.93227e+22	1.25e-22	5.31e-17	6.36e-13	8.83e-10	3.82e-07	8.03e-04	6.08e-02	9.38e-01
 4.97585e+22	1.65e-22	6.73e-17	7.71e-13	1.02e-09	4.21e-07	8.56e-04	6.27e-02	9.36e-01
 5.01807e+22	1.98e-22	7.85e-17	8.75e-13	1.13e-09	4.49e-07	8.93e-04	6.40e-02	9.35e-01
 5.05851e+22	2.57e-22	9.79e-17	1.05e-12	1.29e-09	4.92e-07	9.48e-04	6.59e-02	9.33e-01
 5.09971e+22	3.18e-22	1.17e-16	1.22e-12	1.45e-09	5.30e-07	9.95e-04	6.74e-02	9.32e-01
 5.14187e+22	4.26e-22	1.50e-16	1.49e-12	1.69e-09	5.87e-07	1.06e-03	6.96e-02	9.29e-01
 5.18375e+22	5.24e-22	1.79e-16	1.72e-12	1.89e-09	6.32e-07	1.11e-03	7.12e-02	9.28e-01
 5.22528e+22	7.01e-22	2.29e-16	2.11e-12	2.20e-09	7.00e-07	1.19e-03	7.34e-02	9.25e-01
 5.26751e+22	8.84e-22	2.79e-16	2.48e-12	2.49e-09	7.60e-07	1.25e-03	7.53e-02	9.23e-01
 5.30439e+22	1.11e-21	3.39e-16	2.90e-12	2.81e-09	8.24e-07	1.32e-03	7.71e-02	9.22e-01
 5.34605e+22	1.50e-21	4.37e-16	3.58e-12	3.30e-09	9.17e-07	1.41e-03	7.96e-02	9.19e-01
 5.38787e+22	1.89e-21	5.34e-16	4.22e-12	3.74e-09	9.97e-07	1.48e-03	8.16e-02	9.17e-01
 5.42991e+22	2.58e-21	6.96e-16	5.25e-12	4.41e-09	1.11e-06	1.59e-03	8.43e-02	9.14e-01
 5.47267e+22	3.31e-21	8.60e-16	6.25e-12	5.04e-09	1.22e-06	1.68e-03	8.65e-02	9.12e-01
 5.51637e+22	4.59e-21	1.14e-15	7.87e-12	6.00e-09	1.37e-06	1.80e-03	8.95e-02	9.09e-01
 5.56018e+22	5.91e-21	1.41e-15	9.39e-12	6.87e-09	1.50e-06	1.91e-03	9.19e-02	9.06e-01
 5.60415e+22	8.24e-21	1.87e-15	1.19e-11	8.21e-09	1.69e-06	2.05e-03	9.51e-02	9.03e-01
 5.64704e+22	1.04e-20	2.29e-15	1.40e-11	9.32e-09	1.83e-06	2.16e-03	9.74e-02	9.00e-01
 5.68851e+22	1.44e-20	3.01e-15	1.76e-11	1.11e-08	2.06e-06	2.32e-03	1.01e-01	8.97e-01
 5.73029e+22	1.80e-20	3.66e-15	2.06e-11	1.25e-08	2.24e-06	2.44e-03	1.03e-01	8.94e-01
 5.77249e+22	2.46e-20	4.77e-15	2.57e-11	1.48e-08	2.50e-06	2.62e-03	1.07e-01	8.91e-01
 5.81579e+22	3.14e-20	5.88e-15	3.05e-11	1.69e-08	2.73e-06	2.76e-03	1.09e-01	8.88e-01
 5.86051e+22	4.30e-20	7.70e-15	3.82e-11	2.00e-08	3.07e-06	2.97e-03	1.13e-01	8.84e-01
 5.90630e+22	5.54e-20	9.56e-15	4.56e-11	2.30e-08	3.37e-06	3.14e-03	1.16e-01	8.81e-01
 5.95347e+22	7.64e-20	1.26e-14	5.74e-11	2.74e-08	3.79e-06	3.38e-03	1.20e-01	8.77e-01
 6.00160e+22	9.82e-20	1.56e-14	6.85e-11	3.14e-08	4.16e-06	3.58e-03	1.23e-01	8.73e-01
 6.05100e+22	1.35e-19	2.06e-14	8.61e-11	3.74e-08	4.69e-06	3.86e-03	1.27e-01	8.69e-01
 6.10124e+22	1.74e-19	2.55e-14	1.03e-10	4.28e-08	5.14e-06	4.09e-03	1.31e-01	8.65e-01
 6.15259e+22	2.39e-19	3.35e-14	1.29e-10	5.10e-08	5.80e-06	4.40e-03	1.35e-01	8.60e-01
 6.20426e+22	3.04e-19	4.12e-14	1.53e-10	5.83e-08	6.35e-06	4.66e-03	1.39e-01	8.56e-01
 6.25634e+22	4.15e-19	5.38e-14	1.92e-10	6.92e-08	7.14e-06	5.01e-03	1.44e-01	8.51e-01
 6.30947e+22	5.25e-19	6.58e-14	2.26e-10	7.88e-08	7.81e-06	5.30e-03	1.47e-01	8.47e-01
 6.35584e+22	6.58e-19	7.99e-14	2.66e-10	8.93e-08	8.52e-06	5.59e-03	1.51e-01	8.44e-01
 6.40801e+22	8.81e-19	1.03e-13	3.28e-10	1.05e-07	9.53e-06	6.00e-03	1.56e-01	8.38e-01
 6.46007e+22	1.09e-18	1.23e-13	3.81e-10	1.18e-07	1.03e-05	6.31e-03	1.59e-01	8.34e-01
 6.51200e+22	1.43e-18	1.56e-13	4.65e-10	1.38e-07	1.15e-05	6.75e-03	1.64e-01	8.29e-01
 6.56517e+22	1.78e-18	1.88e-13	5.43e-10	1.55e-07	1.25e-05	7.11e-03	1.68e-01	8.25e-01
 6.61214e+22	2.19e-18	2.25e-13	6.31e-10	1.75e-07	1.36e-05	7.48e-03	1.72e-01	8.21e-01
 6.66538e+22	2.88e-18	2.85e-13	7.68e-10	2.04e-07	1.51e-05	8.00e-03	1.77e-01	8.15e-01
 6.71847e+22	3.48e-18	3.35e-13	8.81e-10	2.27e-07	1.63e-05	8.38e-03	1.81e-01	8.11e-01
 6.77135e+22	4.53e-18	4.20e-13	1.06e-09	2.63e-07	1.81e-05	8.94e-03	1.86e-01	8.05e-01
 6.82528e+22	5.49e-18	4.96e-13	1.22e-09	2.93e-07	1.95e-05	9.38e-03	1.90e-01	8.01e-01
 6.88055e+22	7.13e-18	6.21e-13	1.48e-09	3.40e-07	2.16e-05	1.00e-02	1.95e-01	7.95e-01
 6.93688e+22	8.68e-18	7.36e-13	1.70e-09	3.80e-07	2.34e-05	1.05e-02	2.00e-01	7.90e-01
 6.99457e+22	1.13e-17	9.23e-13	2.06e-09	4.41e-07	2.60e-05	1.12e-02	2.05e-01	7.83e-01
 7.05334e+22	1.38e-17	1.09e-12	2.37e-09	4.94e-07	2.82e-05	1.18e-02	2.10e-01	7.78e-01
 7.11350e+22	1.79e-17	1.37e-12	2.87e-09	5.74e-07	3.13e-05	1.26e-02	2.16e-01	7.72e-01
 7.17231e+22	2.13e-17	1.59e-12	3.26e-09	6.34e-07	3.36e-05	1.32e-02	2.20e-01	7.67e-01
 7.22936e+22	2.73e-17	1.98e-12	3.90e-09	7.31e-07	3.72e-05	1.40e-02	2.26e-01	7.60e-01
 7.28730e+22	3.25e-17	2.30e-12	4.43e-09	8.08e-07	3.99e-05	1.47e-02	2.30e-01	7.55e-01
 7.34641e+22	4.13e-17	2.82e-12	5.27e-09	9.27e-07	4.40e-05	1.56e-02	2.36e-01	7.48e-01
 7.40735e+22	5.01e-17	3.34e-12	6.06e-09	1.04e-06	4.76e-05	1.64e-02	2.41e-01	7.43e-01
 7.47069e+22	6.36e-17	4.10e-12	7.21e-09	1.19e-06	5.26e-05	1.74e-02	2.47e-01	7.35e-01
 7.53610e+22	7.79e-17	4.89e-12	8.35e-09	1.34e-06	5.71e-05	1.83e-02	2.52e-01	7.29e-01
 7.60421e+22	9.98e-17	6.05e-12	1.00e-08	1.54e-06	6.33e-05	1.95e-02	2.59e-01	7.21e-01
 7.67418e+22	1.23e-16	7.24e-12	1.16e-08	1.74e-06	6.89e-05	2.06e-02	2.65e-01	7.15e-01
 7.74656e+22	1.58e-16	9.02e-12	1.40e-08	2.01e-06	7.66e-05	2.20e-02	2.72e-01	7.06e-01
 7.82132e+22	1.96e-16	1.09e-11	1.64e-08	2.28e-06	8.37e-05	2.32e-02	2.78e-01	6.99e-01
 7.89918e+22	2.56e-16	1.37e-11	1.98e-08	2.66e-06	9.34e-05	2.48e-02	2.85e-01	6.90e-01
 7.97926e+22	3.20e-16	1.66e-11	2.34e-08	3.03e-06	1.03e-04	2.63e-02	2.92e-01	6.82e-01
 8.05120e+22	3.95e-16	1.99e-11	2.72e-08	3.42e-06	1.12e-04	2.77e-02	2.98e-01	6.74e-01
 8.13372e+22	5.26e-16	2.54e-11	3.35e-08	4.04e-06	1.26e-04	2.98e-02	3.07e-01	6.63e-01
 8.21689e+22	6.48e-16	3.04e-11	3.90e-08	4.55e-06	1.37e-04	3.15e-02	3.13e-01	6.55e-01
 8.30094e+22	8.58e-16	3.88e-11	4.78e-08	5.36e-06	1.54e-04	3.38e-02	3.21e-01	6.45e-01
 8.38677e+22	1.08e-15	4.72e-11	5.64e-08	6.11e-06	1.69e-04	3.58e-02	3.28e-01	6.36e-01
 8.47491e+22	1.44e-15	6.06e-11	6.95e-08	7.23e-06	1.91e-04	3.85e-02	3.37e-01	6.24e-01
 8.56448e+22	1.81e-15	7.42e-11	8.25e-08	8.28e-06	2.11e-04	4.08e-02	3.45e-01	6.14e-01
 8.65591e+22	2.46e-15	9.65e-11	1.03e-07	9.90e-06	2.39e-04	4.40e-02	3.54e-01	6.01e-01
 8.74775e+22	3.10e-15	1.18e-10	1.22e-07	1.13e-05	2.63e-04	4.66e-02	3.62e-01	5.92e-01
 8.82383e+22	3.83e-15	1.41e-10	1.42e-07	1.28e-05	2.87e-04	4.92e-02	3.68e-01	5.82e-01
 8.90641e+22	5.05e-15	1.80e-10	1.74e-07	1.51e-05	3.23e-04	5.27e-02	3.77e-01	5.70e-01
 8.98891e+22	6.21e-15	2.15e-10	2.03e-07	1.70e-05	3.52e-04	5.55e-02	3.84e-01	5.61e-01
 9.07130e+22	8.20e-15	2.74e-10	2.49e-07	2.00e-05	3.96e-04	5.94e-02	3.92e-01	5.48e-01
 9.15473e+22	1.01e-14	3.29e-10	2.91e-07	2.27e-05	4.33e-04	6.27e-02	3.99e-01	5.38e-01
 9.23949e+22	1.35e-14	4.22e-10	3.59e-07	2.70e-05	4.89e-04	6.73e-02	4.08e-01	5.24e-01
 9.32530e+22	1.68e-14	5.10e-10	4.22e-07	3.07e-05	5.36e-04	7.10e-02	4.15e-01	5.14e-01
 9.41246e+22	2.24e-14	6.56e-10	5.23e-07	3.65e-05	6.07e-04	7.63e-02	4.24e-01	4.99e-01
 9.50131e+22	2.82e-14	8.02e-10	6.21e-07	4.20e-05	6.71e-04	8.08e-02	4.31e-01	4.87e-01
 9.59233e+22	3.81e-14	1.04e-09	7.78e-07	5.04e-05	7.65e-04	8.72e-02	4.40e-01	4.72e-01
 9.68519e+22	4.84e-14	1.28e-09	9.30e-07	5.84e-05	8.50e-04	9.25e-02	4.47e-01	4.59e-01
 9.78045e+22	6.58e-14	1.68e-09	1.17e-06	7.08e-05	9.75e-04	1.00e-01	4.56e-01	4.43e-01
 9.87660e+22	8.36e-14	2.08e-09	1.41e-06	8.22e-05	1.09e-03	1.06e-01	4.63e-01	4.29e-01
 9.95727e+22	1.04e-13	2.51e-09	1.66e-06	9.42e-05	1.20e-03	1.12e-01	4.69e-01	4.17e-01
 1.00448e+23	1.36e-13	3.18e-09	2.05e-06	1.12e-04	1.36e-03	1.20e-01	4.76e-01	4.02e-01
 1.01333e+23	1.68e-13	3.84e-09	2.41e-06	1.29e-04	1.50e-03	1.27e-01	4.82e-01	3.89e-01
 1.02196e+23	2.16e-13	4.80e-09	2.93e-06	1.52e-04	1.69e-03	1.36e-01	4.88e-01	3.74e-01
 1.03077e+23	2.67e-13	5.80e-09	3.47e-06	1.75e-04	1.88e-03	1.44e-01	4.93e-01	3.61e-01
 1.03941e+23	3.37e-13	7.14e-09	4.17e-06	2.05e-04	2.11e-03	1.53e-01	4.98e-01	3.47e-01
 1.04823e+23	4.16e-13	8.63e-09	4.94e-06	2.38e-04	2.35e-03	1.62e-01	5.02e-01	3.33e-01
 1.05694e+23	5.15e-13	1.05e-08	5.88e-06	2.76e-04	2.62e-03	1.71e-01	5.06e-01	3.20e-01
 1.06571e+23	6.30e-13	1.25e-08	6.94e-06	3.20e-04	2.92e-03	1.81e-01	5.09e-01	3.06e-01
 1.07438e+23	7.66e-13	1.50e-08	8.15e-06	3.69e-04	3.24e-03	1.91e-01	5.12e-01	2.93e-01
 1.08303e+23	9.24e-13	1.78e-08	9.55e-06	4.24e-04	3.60e-03	2.02e-01	5.14e-01	2.80e-01
 1.09170e+23	1.11e-12	2.10e-08	1.11e-05	4.87e-04	3.99e-03	2.13e-01	5.15e-01	2.68e-01
 1.10039e+23	1.32e-12	2.47e-08	1.30e-05	5.58e-04	4.42e-03	2.24e-01	5.16e-01	2.55e-01
 1.10914e+23	1.57e-12	2.90e-08	1.50e-05	6.39e-04	4.89e-03	2.35e-01	5.16e-01	2.43e-01
 1.11796e+23	1.85e-12	3.38e-08	1.74e-05	7.30e-04	5.40e-03	2.47e-01	5.15e-01	2.31e-01
 1.12688e+23	2.17e-12	3.94e-08	2.01e-05	8.32e-04	5.97e-03	2.59e-01	5.14e-01	2.20e-01
 1.13585e+23	2.53e-12	4.55e-08	2.31e-05	9.46e-04	6.58e-03	2.71e-01	5.13e-01	2.09e-01
 1.14497e+23	2.95e-12	5.27e-08	2.66e-05	1.08e-03	7.26e-03	2.84e-01	5.10e-01	1.97e-01
 1.15419e+23	3.41e-12	6.06e-08	3.04e-05	1.22e-03	7.99e-03	2.97e-01	5.07e-01	1.87e-01
 1.16358e+23	4.03e-12	6.97e-08	3.49e-05	1.39e-03	8.81e-03	3.11e-01	5.03e-01	1.76e-01
 1.17315e+23	4.63e-12	7.98e-08	3.98e-05	1.57e-03	9.69e-03	3.24e-01	4.99e-01	1.66e-01
 1.18193e+23	5.20e-12	8.92e-08	4.44e-05	1.74e-03	1.05e-02	3.35e-01	4.95e-01	1.58e-01
 1.19109e+23	5.98e-12	1.02e-07	5.08e-05	1.98e-03	1.16e-02	3.50e-01	4.89e-01	1.48e-01
 1.20039e+23	6.69e-12	1.14e-07	5.66e-05	2.19e-03	1.25e-02	3.62e-01	4.84e-01	1.40e-01
 1.20998e+23	7.70e-12	1.31e-07	6.48e-05	2.48e-03	1.38e-02	3.77e-01	4.76e-01	1.31e-01
 1.21958e+23	8.55e-12	1.45e-07	7.19e-05	2.73e-03	1.49e-02	3.88e-01	4.70e-01	1.24e-01
 1.22921e+23	9.74e-12	1.65e-07	8.19e-05	3.09e-03	1.63e-02	4.04e-01	4.62e-01	1.15e-01
 1.23888e+23	1.08e-11	1.82e-07	9.05e-05	3.39e-03	1.76e-02	4.15e-01	4.55e-01	1.09e-01
 1.24860e+23	1.22e-11	2.06e-07	1.03e-04	3.81e-03	1.92e-02	4.30e-01	4.46e-01	1.01e-01
 1.25844e+23	1.35e-11	2.28e-07	1.13e-04	4.18e-03	2.06e-02	4.41e-01	4.39e-01	9.49e-02
 1.26841e+23	1.53e-11	2.57e-07	1.28e-04	4.69e-03	2.26e-02	4.56e-01	4.29e-01	8.78e-02
 1.27852e+23	1.69e-11	2.84e-07	1.42e-04	5.13e-03	2.42e-02	4.67e-01	4.21e-01	8.25e-02
 1.28882e+23	1.91e-11	3.21e-07	1.61e-04	5.74e-03	2.64e-02	4.82e-01	4.10e-01	7.60e-02
 1.29930e+23	2.11e-11	3.55e-07	1.77e-04	6.28e-03	2.83e-02	4.93e-01	4.01e-01	7.11e-02
 1.31005e+23	2.38e-11	4.01e-07	2.01e-04	7.04e-03	3.09e-02	5.07e-01	3.89e-01	6.52e-02
 1.32105e+23	2.65e-11	4.45e-07	2.23e-04	7.70e-03	3.31e-02	5.18e-01	3.80e-01	6.08e-02
 1.33238e+23	3.00e-11	5.05e-07	2.54e-04	8.64e-03	3.62e-02	5.32e-01	3.67e-01	5.53e-02
 1.34390e+23	3.35e-11	5.63e-07	2.82e-04	9.44e-03	3.87e-02	5.43e-01	3.57e-01	5.14e-02
 1.35364e+23	3.67e-11	6.16e-07	3.10e-04	1.02e-02	4.11e-02	5.52e-01	3.48e-01	4.80e-02
 1.36427e+23	4.12e-11	6.93e-07	3.49e-04	1.13e-02	4.44e-02	5.64e-01	3.36e-01	4.38e-02
 1.37454e+23	4.50e-11	7.56e-07	3.80e-04	1.22e-02	4.69e-02	5.72e-01	3.28e-01	4.11e-02
 1.38437e+23	4.99e-11	8.39e-07	4.23e-04	1.33e-02	5.03e-02	5.82e-01	3.17e-01	3.78e-02
 1.39429e+23	5.48e-11	9.19e-07	4.62e-04	1.43e-02	5.29e-02	5.89e-01	3.08e-01	3.54e-02
 1.40436e+23	6.11e-11	1.02e-06	5.16e-04	1.56e-02	5.66e-02	5.98e-01	2.97e-01	3.24e-02
 1.41458e+23	6.73e-11	1.12e-06	5.64e-04	1.68e-02	5.96e-02	6.04e-01	2.89e-01	3.03e-02
 1.42501e+23	7.52e-11	1.26e-06	6.32e-04	1.83e-02	6.38e-02	6.12e-01	2.77e-01	2.76e-02
 1.43558e+23	8.34e-11	1.39e-06	6.93e-04	1.97e-02	6.70e-02	6.18e-01	2.69e-01	2.57e-02
 1.44635e+23	9.35e-11	1.55e-06	7.78e-04	2.15e-02	7.17e-02	6.25e-01	2.58e-01	2.33e-02
 1.45732e+23	1.04e-10	1.72e-06	8.56e-04	2.31e-02	7.53e-02	6.30e-01	2.49e-01	2.16e-02
 1.46855e+23	1.18e-10	1.94e-06	9.65e-04	2.53e-02	8.05e-02	6.36e-01	2.38e-01	1.95e-02
 1.48003e+23	1.32e-10	2.16e-06	1.07e-03	2.73e-02	8.47e-02	6.40e-01	2.29e-01	1.80e-02
 1.49185e+23	1.50e-10	2.46e-06	1.21e-03	2.99e-02	9.05e-02	6.45e-01	2.17e-01	1.61e-02
 1.50397e+23	1.69e-10	2.75e-06	1.34e-03	3.23e-02	9.53e-02	6.48e-01	2.09e-01	1.48e-02
 1.51649e+23	1.96e-10	3.16e-06	1.53e-03	3.55e-02	1.02e-01	6.51e-01	1.97e-01	1.32e-02
 1.52912e+23	2.22e-10	3.55e-06	1.71e-03	3.82e-02	1.07e-01	6.52e-01	1.89e-01	1.20e-02
 1.54191e+23	2.57e-10	4.09e-06	1.95e-03	4.20e-02	1.14e-01	6.54e-01	1.78e-01	1.06e-02
 1.55485e+23	2.94e-10	4.61e-06	2.18e-03	4.53e-02	1.20e-01	6.54e-01	1.69e-01	9.69e-03
 1.56796e+23	3.43e-10	5.34e-06	2.50e-03	4.97e-02	1.27e-01	6.53e-01	1.59e-01	8.53e-03
 1.58077e+23	3.91e-10	6.00e-06	2.77e-03	5.33e-02	1.33e-01	6.52e-01	1.52e-01	7.80e-03
 1.59317e+23	4.52e-10	6.89e-06	3.15e-03	5.80e-02	1.40e-01	6.49e-01	1.42e-01	6.90e-03
 1.60600e+23	5.20e-10	7.81e-06	3.51e-03	6.23e-02	1.46e-01	6.46e-01	1.35e-01	6.25e-03
 1.61695e+23	5.79e-10	8.69e-06	3.86e-03	6.63e-02	1.52e-01	6.43e-01	1.29e-01	5.72e-03
 1.62877e+23	6.69e-10	9.93e-06	4.36e-03	7.17e-02	1.60e-01	6.38e-01	1.21e-01	5.08e-03
 1.64060e+23	7.54e-10	1.11e-05	4.80e-03	7.62e-02	1.65e-01	6.34e-01	1.15e-01	4.63e-03
 1.65247e+23	8.79e-10	1.27e-05	5.40e-03	8.21e-02	1.73e-01	6.28e-01	1.08e-01	4.12e-03
 1.66481e+23	1.00e-09	1.42e-05	5.99e-03	8.77e-02	1.80e-01	6.21e-01	1.02e-01	3.70e-03
 1.67582e+23	1.14e-09	1.60e-05	6.60e-03	9.31e-02	1.86e-01	6.15e-01	9.64e-02	3.36e-03
 1.68817e+23	1.35e-09	1.84e-05	7.45e-03	1.00e-01	1.93e-01	6.06e-01	8.99e-02	2.96e-03
 1.70120e+23	1.56e-09	2.09e-05	8.32e-03	1.07e-01	2.00e-01	5.97e-01	8.42e-02	2.64e-03
 1.71307e+23	1.79e-09	2.36e-05	9.21e-03	1.14e-01	2.07e-01	5.88e-01	7.91e-02	2.36e-03
 1.72646e+23	2.13e-09	2.75e-05	1.05e-02	1.23e-01	2.15e-01	5.76e-01	7.29e-02	2.06e-03
 1.74026e+23	2.48e-09	3.14e-05	1.17e-02	1.31e-01	2.22e-01	5.65e-01	6.78e-02	1.81e-03
 1.75251e+23	2.86e-09	3.56e-05	1.30e-02	1.40e-01	2.29e-01	5.54e-01	6.32e-02	1.61e-03
 1.76637e+23	3.44e-09	4.16e-05	1.48e-02	1.50e-01	2.36e-01	5.39e-01	5.79e-02	1.39e-03
 1.78074e+23	4.04e-09	4.78e-05	1.65e-02	1.60e-01	2.43e-01	5.25e-01	5.33e-02	1.21e-03
 1.79364e+23	4.71e-09	5.45e-05	1.84e-02	1.70e-01	2.49e-01	5.12e-01	4.93e-02	1.06e-03
 1.80825e+23	5.74e-09	6.43e-05	2.10e-02	1.83e-01	2.57e-01	4.94e-01	4.45e-02	8.99e-04
 1.82334e+23	6.79e-09	7.41e-05	2.35e-02	1.94e-01	2.63e-01	4.78e-01	4.07e-02	7.76e-04
 1.83905e+23	8.40e-09	8.85e-05	2.70e-02	2.09e-01	2.70e-01	4.57e-01	3.62e-02	6.45e-04
 1.85496e+23	9.99e-09	1.02e-04	3.01e-02	2.22e-01	2.75e-01	4.40e-01	3.29e-02	5.51e-04
 1.86895e+23	1.18e-08	1.18e-04	3.36e-02	2.34e-01	2.79e-01	4.23e-01	2.98e-02	4.73e-04
 1.88497e+23	1.47e-08	1.41e-04	3.84e-02	2.50e-01	2.84e-01	4.01e-01	2.62e-02	3.86e-04
 1.90121e+23	1.75e-08	1.62e-04	4.28e-02	2.64e-01	2.87e-01	3.82e-01	2.35e-02	3.27e-04
 1.91772e+23	2.20e-08	1.95e-04	4.89e-02	2.81e-01	2.90e-01	3.59e-01	2.05e-02	2.64e-04
 1.93448e+23	2.65e-08	2.26e-04	5.44e-02	2.95e-01	2.92e-01	3.40e-01	1.82e-02	2.21e-04
 1.94934e+23	3.17e-08	2.61e-04	6.04e-02	3.09e-01	2.92e-01	3.21e-01	1.62e-02	1.85e-04
 1.96642e+23	4.01e-08	3.14e-04	6.88e-02	3.27e-01	2.92e-01	2.97e-01	1.38e-02	1.46e-04
 1.98372e+23	4.84e-08	3.64e-04	7.61e-02	3.41e-01	2.91e-01	2.79e-01	1.21e-02	1.20e-04
 2.00130e+23	6.16e-08	4.39e-04	8.65e-02	3.59e-01	2.89e-01	2.55e-01	1.02e-02	9.33e-05
 2.01912e+23	7.47e-08	5.09e-04	9.55e-02	3.73e-01	2.85e-01	2.37e-01	8.88e-03	7.59e-05
 2.03725e+23	9.57e-08	6.15e-04	1.08e-01	3.89e-01	2.80e-01	2.15e-01	7.37e-03	5.79e-05
 2.05560e+23	1.17e-07	7.13e-04	1.19e-01	4.02e-01	2.75e-01	1.97e-01	6.32e-03	4.64e-05
 2.07163e+23	1.41e-07	8.23e-04	1.30e-01	4.13e-01	2.69e-01	1.82e-01	5.43e-03	3.74e-05
 2.08662e+23	1.67e-07	9.34e-04	1.41e-01	4.23e-01	2.63e-01	1.68e-01	4.73e-03	3.06e-05
 2.10290e+23	2.08e-07	1.10e-03	1.55e-01	4.34e-01	2.55e-01	1.52e-01	3.95e-03	2.37e-05
 2.11930e+23	2.48e-07	1.25e-03	1.67e-01	4.42e-01	2.48e-01	1.39e-01	3.40e-03	1.92e-05
 2.13356e+23	2.93e-07	1.41e-03	1.79e-01	4.48e-01	2.40e-01	1.28e-01	2.93e-03	1.56e-05
 2.14981e+23	3.63e-07	1.64e-03	1.96e-01	4.56e-01	2.30e-01	1.14e-01	2.42e-03	1.19e-05
 2.16642e+23	4.33e-07	1.86e-03	2.10e-01	4.61e-01	2.22e-01	1.03e-01	2.05e-03	9.49e-06
 2.18349e+23	5.38e-07	2.17e-03	2.28e-01	4.66e-01	2.11e-01	9.15e-02	1.68e-03	7.16e-06
 2.20085e+23	6.47e-07	2.47e-03	2.45e-01	4.68e-01	2.01e-01	8.21e-02	1.40e-03	5.59e-06
 2.21600e+23	7.67e-07	2.78e-03	2.60e-01	4.70e-01	1.92e-01	7.40e-02	1.18e-03	4.43e-06
 2.23311e+23	9.53e-07	3.23e-03	2.81e-01	4.70e-01	1.80e-01	6.46e-02	9.48e-04	3.27e-06
 2.24910e+23	1.10e-06	3.58e-03	2.95e-01	4.69e-01	1.72e-01	5.88e-02	8.13e-04	2.65e-06
 2.26365e+23	1.32e-06	4.04e-03	3.13e-01	4.67e-01	1.63e-01	5.22e-02	6.72e-04	2.05e-06
 2.27849e+23	1.53e-06	4.47e-03	3.29e-01	4.65e-01	1.55e-01	4.71e-02	5.70e-04	1.64e-06
 2.29163e+23	1.77e-06	4.93e-03	3.43e-01	4.62e-01	1.47e-01	4.27e-02	4.87e-04	1.32e-06
 2.30663e+23	2.12e-06	5.57e-03	3.63e-01	4.56e-01	1.37e-01	3.74e-02	3.96e-04	9.98e-07
 2.32177e+23	2.45e-06	6.13e-03	3.79e-01	4.51e-01	1.30e-01	3.37e-02	3.35e-04	7.96e-07
 2.33710e+23	2.93e-06	6.90e-03	3.98e-01	4.44e-01	1.21e-01	2.94e-02	2.71e-04	5.99e-07
 2.35267e+23	3.41e-06	7.61e-03	4.15e-01	4.38e-01	1.13e-01	2.62e-02	2.26e-04	4.69e-07
 2.36636e+23	3.93e-06	8.35e-03	4.31e-01	4.31e-01	1.07e-01	2.34e-02	1.90e-04	3.70e-07
 2.38199e+23	4.69e-06	9.38e-03	4.51e-01	4.21e-01	9.83e-02	2.03e-02	1.52e-04	2.75e-07
 2.39792e+23	5.45e-06	1.03e-02	4.67e-01	4.13e-01	9.17e-02	1.80e-02	1.25e-04	2.13e-07
 2.41201e+23	6.30e-06	1.13e-02	4.83e-01	4.04e-01	8.56e-02	1.59e-02	1.04e-04	1.66e-07
 2.42810e+23	7.54e-06	1.27e-02	5.03e-01	3.92e-01	7.83e-02	1.37e-02	8.22e-05	0.00e+00
 2.44446e+23	8.75e-06	1.40e-02	5.20e-01	3.82e-01	7.25e-02	1.20e-02	6.72e-05	0.00e+00
 2.46115e+23	1.05e-05	1.58e-02	5.40e-01	3.68e-01	6.58e-02	1.02e-02	5.23e-05	0.00e+00
 2.47802e+23	1.22e-05	1.73e-02	5.56e-01	3.57e-01	6.05e-02	8.87e-03	4.23e-05	0.00e+00
 2.49513e+23	1.47e-05	1.95e-02	5.75e-01	3.43e-01	5.46e-02	7.48e-03	3.26e-05	0.00e+00
 2.51252e+23	1.72e-05	2.14e-02	5.91e-01	3.31e-01	4.99e-02	6.47e-03	2.61e-05	0.00e+00
 2.53028e+23	2.07e-05	2.41e-02	6.10e-01	3.16e-01	4.46e-02	5.40e-03	1.98e-05	0.00e+00
 2.54839e+23	2.43e-05	2.66e-02	6.25e-01	3.03e-01	4.05e-02	4.62e-03	1.56e-05	0.00e+00
 2.56442e+23	2.82e-05	2.91e-02	6.39e-01	2.91e-01	3.69e-02	3.98e-03	1.25e-05	0.00e+00
 2.58275e+23	3.41e-05	3.28e-02	6.56e-01	2.75e-01	3.26e-02	3.28e-03	9.29e-06	0.00e+00
 2.60153e+23	3.99e-05	3.61e-02	6.70e-01	2.62e-01	2.94e-02	2.79e-03	7.23e-06	0.00e+00
 2.61591e+23	4.47e-05	3.86e-02	6.79e-01	2.53e-01	2.72e-02	2.47e-03	6.04e-06	0.00e+00
 2.62963e+23	5.14e-05	4.20e-02	6.90e-01	2.41e-01	2.47e-02	2.13e-03	4.83e-06	0.00e+00
 2.64368e+23	5.76e-05	4.50e-02	6.98e-01	2.32e-01	2.28e-02	1.88e-03	4.00e-06	0.00e+00
 2.65815e+23	6.63e-05	4.90e-02	7.08e-01	2.21e-01	2.06e-02	1.61e-03	3.16e-06	0.00e+00
 2.67293e+23	7.48e-05	5.26e-02	7.16e-01	2.11e-01	1.89e-02	1.41e-03	2.58e-06	0.00e+00
 2.68606e+23	8.42e-05	5.64e-02	7.23e-01	2.02e-01	1.73e-02	1.24e-03	2.12e-06	0.00e+00
 2.70106e+23	9.79e-05	6.18e-02	7.32e-01	1.90e-01	1.55e-02	1.04e-03	1.64e-06	0.00e+00
 2.71611e+23	1.10e-04	6.60e-02	7.37e-01	1.81e-01	1.42e-02	9.14e-04	1.34e-06	0.00e+00
 2.73121e+23	1.27e-04	7.21e-02	7.44e-01	1.70e-01	1.26e-02	7.70e-04	1.03e-06	0.00e+00
 2.74668e+23	1.43e-04	7.73e-02	7.49e-01	1.62e-01	1.15e-02	6.67e-04	8.33e-07	0.00e+00
 2.76262e+23	1.67e-04	8.47e-02	7.54e-01	1.51e-01	1.02e-02	5.54e-04	6.31e-07	0.00e+00
 2.77879e+23	1.90e-04	9.10e-02	7.57e-01	1.42e-01	9.16e-03	4.76e-04	5.02e-07	0.00e+00
 2.79527e+23	2.21e-04	9.97e-02	7.60e-01	1.32e-01	8.07e-03	3.93e-04	3.77e-07	0.00e+00
 2.81219e+23	2.53e-04	1.08e-01	7.61e-01	1.23e-01	7.21e-03	3.33e-04	2.94e-07	0.00e+00
 2.82967e+23	2.98e-04	1.18e-01	7.62e-01	1.13e-01	6.27e-03	2.70e-04	2.15e-07	0.00e+00
 2.84737e+23	3.42e-04	1.28e-01	7.61e-01	1.05e-01	5.56e-03	2.26e-04	1.65e-07	0.00e+00
 2.86535e+23	4.07e-04	1.41e-01	7.58e-01	9.54e-02	4.79e-03	1.80e-04	0.00e+00	0.00e+00
 2.88325e+23	4.66e-04	1.52e-01	7.55e-01	8.81e-02	4.24e-03	1.51e-04	0.00e+00	0.00e+00
 2.90107e+23	5.53e-04	1.68e-01	7.48e-01	7.95e-02	3.64e-03	1.20e-04	0.00e+00	0.00e+00
 2.91905e+23	6.36e-04	1.81e-01	7.42e-01	7.28e-02	3.21e-03	9.93e-05	0.00e+00	0.00e+00
 2.93727e+23	7.56e-04	2.00e-01	7.31e-01	6.50e-02	2.74e-03	7.80e-05	0.00e+00	0.00e+00
 2.95564e+23	8.77e-04	2.17e-01	7.21e-01	5.88e-02	2.39e-03	6.35e-05	0.00e+00	0.00e+00
 2.97422e+23	1.06e-03	2.40e-01	7.05e-01	5.16e-02	2.01e-03	4.87e-05	0.00e+00	0.00e+00
 2.99269e+23	1.22e-03	2.60e-01	6.91e-01	4.63e-02	1.75e-03	3.94e-05	0.00e+00	0.00e+00
 3.01100e+23	1.48e-03	2.88e-01	6.69e-01	3.99e-02	1.45e-03	2.96e-05	0.00e+00	0.00e+00
 3.02928e+23	1.73e-03	3.12e-01	6.49e-01	3.53e-02	1.26e-03	2.35e-05	0.00e+00	0.00e+00
 3.04752e+23	2.10e-03	3.46e-01	6.21e-01	2.99e-02	1.03e-03	1.73e-05	0.00e+00	0.00e+00
 3.06582e+23	2.50e-03	3.77e-01	5.94e-01	2.58e-02	8.74e-04	1.33e-05	0.00e+00	0.00e+00
 3.07975e+23	2.88e-03	4.05e-01	5.69e-01	2.28e-02	7.63e-04	1.08e-05	0.00e+00	0.00e+00
