#depth	Ne	Ne+	Ne+2	Ne+3	Ne+4	Ne+5	Ne+6	Ne+7	Ne+8	Ne+9	Ne+10
 1.54284e+22	0.00e+00	0.00e+00	0.00e+00	2.21e-25	9.15e-21	9.19e-17	3.67e-13	9.18e-10	7.80e-06	5.55e-03	9.94e-01
 3.47273e+22	0.00e+00	0.00e+00	2.97e-29	3.63e-24	1.01e-19	6.90e-16	1.86e-12	3.11e-09	1.76e-05	8.33e-03	9.92e-01
 4.09658e+22	0.00e+00	0.00e+00	2.01e-28	1.94e-23	4.27e-19	2.30e-15	4.88e-12	6.46e-09	2.86e-05	1.06e-02	9.89e-01
 4.52280e+22	0.00e+00	0.00e+00	9.20e-28	7.37e-23	1.34e-18	5.99e-15	1.06e-11	1.16e-08	4.21e-05	1.29e-02	9.87e-01
 4.75959e+22	0.00e+00	2.45e-33	1.35e-27	1.03e-22	1.80e-18	7.64e-15	1.28e-11	1.34e-08	4.65e-05	1.35e-02	9.86e-01
 4.84185e+22	0.00e+00	3.34e-33	1.79e-27	1.32e-22	2.22e-18	9.11e-15	1.48e-11	1.49e-08	5.00e-05	1.40e-02	9.86e-01
 4.92213e+22	0.00e+00	5.02e-33	2.57e-27	1.82e-22	2.91e-18	1.15e-14	1.78e-11	1.71e-08	5.48e-05	1.47e-02	9.85e-01
 5.00213e+22	0.00e+00	6.95e-33	3.44e-27	2.34e-22	3.63e-18	1.37e-14	2.06e-11	1.91e-08	5.90e-05	1.52e-02	9.85e-01
 5.07111e+22	0.00e+00	9.38e-33	4.49e-27	2.96e-22	4.43e-18	1.63e-14	2.36e-11	2.12e-08	6.32e-05	1.57e-02	9.84e-01
 5.15010e+22	0.00e+00	1.36e-32	6.23e-27	3.95e-22	5.68e-18	2.00e-14	2.79e-11	2.41e-08	6.87e-05	1.64e-02	9.84e-01
 5.22830e+22	0.00e+00	1.88e-32	8.34e-27	5.09e-22	7.07e-18	2.40e-14	3.23e-11	2.69e-08	7.40e-05	1.70e-02	9.83e-01
 5.29135e+22	0.00e+00	2.48e-32	1.07e-26	6.33e-22	8.52e-18	2.81e-14	3.66e-11	2.95e-08	7.88e-05	1.76e-02	9.82e-01
 5.35915e+22	0.00e+00	3.41e-32	1.42e-26	8.11e-22	1.06e-17	3.36e-14	4.23e-11	3.30e-08	8.48e-05	1.82e-02	9.82e-01
 5.43258e+22	0.00e+00	4.70e-32	1.89e-26	1.04e-21	1.31e-17	4.02e-14	4.89e-11	3.68e-08	9.12e-05	1.89e-02	9.81e-01
 5.50014e+22	0.00e+00	6.31e-32	2.45e-26	1.31e-21	1.60e-17	4.75e-14	5.59e-11	4.07e-08	9.75e-05	1.95e-02	9.80e-01
 5.57476e+22	0.00e+00	8.93e-32	3.34e-26	1.72e-21	2.02e-17	5.77e-14	6.55e-11	4.58e-08	1.06e-04	2.03e-02	9.80e-01
 5.65075e+22	0.00e+00	1.24e-31	4.48e-26	2.23e-21	2.51e-17	6.94e-14	7.59e-11	5.12e-08	1.14e-04	2.11e-02	9.79e-01
 5.71406e+22	0.00e+00	1.64e-31	5.73e-26	2.77e-21	3.03e-17	8.12e-14	8.61e-11	5.63e-08	1.21e-04	2.17e-02	9.78e-01
 5.78192e+22	0.00e+00	2.26e-31	7.63e-26	3.55e-21	3.76e-17	9.72e-14	9.96e-11	6.29e-08	1.30e-04	2.25e-02	9.77e-01
 5.85511e+22	0.00e+00	3.09e-31	1.01e-25	4.54e-21	4.64e-17	1.16e-13	1.15e-10	7.00e-08	1.40e-04	2.33e-02	9.77e-01
 5.92285e+22	0.00e+00	4.18e-31	1.32e-25	5.75e-21	5.69e-17	1.38e-13	1.32e-10	7.76e-08	1.50e-04	2.42e-02	9.76e-01
 5.98856e+22	0.00e+00	5.62e-31	1.72e-25	7.25e-21	6.94e-17	1.62e-13	1.51e-10	8.59e-08	1.61e-04	2.50e-02	9.75e-01
 6.05175e+22	0.00e+00	7.40e-31	2.20e-25	8.99e-21	8.35e-17	1.90e-13	1.71e-10	9.44e-08	1.71e-04	2.58e-02	9.74e-01
 6.12163e+22	0.00e+00	1.03e-30	2.94e-25	1.16e-20	1.04e-16	2.28e-13	1.98e-10	1.06e-07	1.84e-04	2.67e-02	9.73e-01
 6.19482e+22	0.00e+00	1.41e-30	3.89e-25	1.48e-20	1.29e-16	2.72e-13	2.28e-10	1.18e-07	1.98e-04	2.77e-02	9.72e-01
 6.25921e+22	0.00e+00	1.88e-30	5.04e-25	1.86e-20	1.56e-16	3.20e-13	2.60e-10	1.30e-07	2.11e-04	2.86e-02	9.71e-01
 6.32982e+22	0.00e+00	2.62e-30	6.77e-25	2.41e-20	1.95e-16	3.86e-13	3.03e-10	1.46e-07	2.28e-04	2.97e-02	9.70e-01
 6.40505e+22	0.00e+00	3.65e-30	9.10e-25	3.13e-20	2.44e-16	4.65e-13	3.52e-10	1.63e-07	2.46e-04	3.08e-02	9.69e-01
 6.46932e+22	0.00e+00	4.83e-30	1.17e-24	3.90e-20	2.95e-16	5.45e-13	3.99e-10	1.79e-07	2.62e-04	3.18e-02	9.68e-01
 6.52705e+22	0.00e+00	6.29e-30	1.48e-24	4.79e-20	3.52e-16	6.33e-13	4.50e-10	1.96e-07	2.79e-04	3.28e-02	9.67e-01
 6.59323e+22	0.00e+00	8.56e-30	1.94e-24	6.09e-20	4.33e-16	7.53e-13	5.18e-10	2.18e-07	2.99e-04	3.39e-02	9.66e-01
 6.66506e+22	0.00e+00	1.19e-29	2.60e-24	7.87e-20	5.40e-16	9.05e-13	6.00e-10	2.44e-07	3.22e-04	3.52e-02	9.65e-01
 6.73012e+22	0.00e+00	1.58e-29	3.35e-24	9.81e-20	6.52e-16	1.06e-12	6.82e-10	2.69e-07	3.43e-04	3.63e-02	9.63e-01
 6.80059e+22	0.00e+00	2.21e-29	4.53e-24	1.28e-19	8.19e-16	1.28e-12	7.96e-10	3.02e-07	3.71e-04	3.77e-02	9.62e-01
 6.87197e+22	0.00e+00	3.03e-29	5.99e-24	1.64e-19	1.01e-15	1.53e-12	9.17e-10	3.36e-07	3.98e-04	3.90e-02	9.61e-01
 6.93156e+22	0.00e+00	3.98e-29	7.63e-24	2.02e-19	1.21e-15	1.79e-12	1.04e-09	3.68e-07	4.24e-04	4.02e-02	9.59e-01
 6.99608e+22	0.00e+00	5.47e-29	1.01e-23	2.59e-19	1.50e-15	2.13e-12	1.20e-09	4.10e-07	4.55e-04	4.17e-02	9.58e-01
 7.06558e+22	0.00e+00	7.53e-29	1.34e-23	3.32e-19	1.86e-15	2.55e-12	1.38e-09	4.57e-07	4.89e-04	4.32e-02	9.56e-01
 7.12918e+22	0.00e+00	1.01e-28	1.74e-23	4.16e-19	2.26e-15	3.00e-12	1.57e-09	5.04e-07	5.22e-04	4.46e-02	9.55e-01
 7.19945e+22	0.00e+00	1.43e-28	2.38e-23	5.48e-19	2.86e-15	3.66e-12	1.85e-09	5.68e-07	5.65e-04	4.63e-02	9.53e-01
 7.26956e+22	0.00e+00	1.97e-28	3.16e-23	7.03e-19	3.55e-15	4.38e-12	2.13e-09	6.32e-07	6.07e-04	4.80e-02	9.51e-01
 7.32695e+22	0.00e+00	2.57e-28	4.01e-23	8.65e-19	4.24e-15	5.08e-12	2.40e-09	6.91e-07	6.45e-04	4.94e-02	9.50e-01
 7.38903e+22	0.00e+00	3.56e-28	5.34e-23	1.11e-18	5.27e-15	6.10e-12	2.78e-09	7.70e-07	6.93e-04	5.12e-02	9.48e-01
 7.45570e+22	0.00e+00	4.88e-28	7.08e-23	1.42e-18	6.51e-15	7.28e-12	3.20e-09	8.56e-07	7.44e-04	5.30e-02	9.46e-01
 7.51710e+22	0.00e+00	6.57e-28	9.21e-23	1.79e-18	7.93e-15	8.58e-12	3.65e-09	9.45e-07	7.94e-04	5.47e-02	9.45e-01
 7.58567e+22	4.65e-34	9.57e-28	1.29e-22	2.40e-18	1.02e-14	1.06e-11	4.32e-09	1.07e-06	8.63e-04	5.69e-02	9.42e-01
 7.65323e+22	6.59e-34	1.31e-27	1.69e-22	3.06e-18	1.25e-14	1.26e-11	4.95e-09	1.19e-06	9.24e-04	5.88e-02	9.40e-01
 7.70858e+22	8.82e-34	1.70e-27	2.14e-22	3.75e-18	1.49e-14	1.46e-11	5.57e-09	1.30e-06	9.79e-04	6.05e-02	9.39e-01
 7.76963e+22	1.30e-33	2.40e-27	2.91e-22	4.91e-18	1.88e-14	1.77e-11	6.50e-09	1.45e-06	1.06e-03	6.28e-02	9.36e-01
 7.83332e+22	1.85e-33	3.29e-27	3.85e-22	6.26e-18	2.32e-14	2.11e-11	7.46e-09	1.61e-06	1.13e-03	6.49e-02	9.34e-01
 7.89087e+22	2.58e-33	4.44e-27	5.01e-22	7.90e-18	2.83e-14	2.49e-11	8.52e-09	1.78e-06	1.21e-03	6.69e-02	9.32e-01
 7.95610e+22	3.91e-33	6.44e-27	6.97e-22	1.05e-17	3.63e-14	3.06e-11	1.00e-08	2.00e-06	1.31e-03	6.96e-02	9.29e-01
 8.02103e+22	5.66e-33	8.96e-27	9.34e-22	1.36e-17	4.52e-14	3.67e-11	1.16e-08	2.23e-06	1.40e-03	7.20e-02	9.27e-01
 8.07397e+22	7.72e-33	1.18e-26	1.20e-21	1.69e-17	5.44e-14	4.29e-11	1.31e-08	2.44e-06	1.49e-03	7.41e-02	9.24e-01
 8.13122e+22	1.13e-32	1.67e-26	1.62e-21	2.20e-17	6.83e-14	5.18e-11	1.52e-08	2.73e-06	1.60e-03	7.67e-02	9.22e-01
 8.19183e+22	1.61e-32	2.28e-26	2.14e-21	2.80e-17	8.41e-14	6.16e-11	1.75e-08	3.02e-06	1.71e-03	7.92e-02	9.19e-01
 8.24771e+22	2.29e-32	3.13e-26	2.83e-21	3.58e-17	1.04e-13	7.34e-11	2.01e-08	3.34e-06	1.83e-03	8.18e-02	9.16e-01
 8.30255e+22	3.25e-32	4.29e-26	3.74e-21	4.57e-17	1.28e-13	8.73e-11	2.30e-08	3.70e-06	1.96e-03	8.44e-02	9.14e-01
 8.35536e+22	4.53e-32	5.78e-26	4.86e-21	5.75e-17	1.56e-13	1.03e-10	2.62e-08	4.07e-06	2.09e-03	8.70e-02	9.11e-01
 8.41422e+22	6.93e-32	8.44e-26	6.80e-21	7.70e-17	2.00e-13	1.27e-10	3.09e-08	4.59e-06	2.26e-03	9.03e-02	9.07e-01
 8.47349e+22	9.71e-32	1.14e-25	8.89e-21	9.74e-17	2.45e-13	1.50e-10	3.53e-08	5.05e-06	2.41e-03	9.31e-02	9.05e-01
 8.52545e+22	1.39e-31	1.58e-25	1.18e-20	1.25e-16	3.03e-13	1.79e-10	4.05e-08	5.59e-06	2.57e-03	9.60e-02	9.01e-01
 8.57663e+22	1.94e-31	2.12e-25	1.54e-20	1.57e-16	3.68e-13	2.11e-10	4.61e-08	6.15e-06	2.74e-03	9.89e-02	8.98e-01
 8.63465e+22	2.95e-31	3.09e-25	2.14e-20	2.10e-16	4.72e-13	2.59e-10	5.42e-08	6.92e-06	2.96e-03	1.03e-01	8.94e-01
 8.69479e+22	4.35e-31	4.37e-25	2.91e-20	2.74e-16	5.94e-13	3.14e-10	6.30e-08	7.72e-06	3.17e-03	1.06e-01	8.91e-01
 8.74603e+22	6.08e-31	5.90e-25	3.79e-20	3.45e-16	7.24e-13	3.70e-10	7.17e-08	8.49e-06	3.37e-03	1.09e-01	8.87e-01
 8.80100e+22	9.28e-31	8.61e-25	5.30e-20	4.63e-16	9.30e-13	4.55e-10	8.44e-08	9.55e-06	3.64e-03	1.13e-01	8.83e-01
 8.85777e+22	1.32e-30	1.18e-24	6.99e-20	5.89e-16	1.14e-12	5.41e-10	9.66e-08	1.05e-05	3.89e-03	1.17e-01	8.80e-01
 8.90870e+22	1.90e-30	1.63e-24	9.33e-20	7.57e-16	1.42e-12	6.47e-10	1.11e-07	1.17e-05	4.15e-03	1.20e-01	8.76e-01
 8.95841e+22	2.66e-30	2.21e-24	1.22e-19	9.56e-16	1.73e-12	7.64e-10	1.27e-07	1.28e-05	4.41e-03	1.24e-01	8.72e-01
 9.01471e+22	4.09e-30	3.25e-24	1.72e-19	1.29e-15	2.24e-12	9.45e-10	1.50e-07	1.45e-05	4.77e-03	1.28e-01	8.67e-01
 9.07258e+22	6.05e-30	4.61e-24	2.34e-19	1.69e-15	2.82e-12	1.14e-09	1.74e-07	1.61e-05	5.12e-03	1.32e-01	8.63e-01
 9.12199e+22	8.62e-30	6.32e-24	3.09e-19	2.15e-15	3.48e-12	1.36e-09	1.99e-07	1.78e-05	5.45e-03	1.36e-01	8.58e-01
 9.17571e+22	1.30e-29	9.15e-24	4.28e-19	2.86e-15	4.44e-12	1.67e-09	2.33e-07	2.00e-05	5.87e-03	1.41e-01	8.53e-01
 9.23234e+22	1.95e-29	1.31e-23	5.89e-19	3.78e-15	5.63e-12	2.03e-09	2.72e-07	2.23e-05	6.30e-03	1.46e-01	8.48e-01
 9.28312e+22	2.79e-29	1.81e-23	7.83e-19	4.84e-15	6.96e-12	2.42e-09	3.12e-07	2.46e-05	6.71e-03	1.50e-01	8.43e-01
 9.33947e+22	4.36e-29	2.70e-23	1.11e-18	6.59e-15	9.06e-12	3.01e-09	3.70e-07	2.79e-05	7.26e-03	1.55e-01	8.37e-01
 9.39862e+22	6.68e-29	3.95e-23	1.56e-18	8.83e-15	1.16e-11	3.71e-09	4.35e-07	3.13e-05	7.82e-03	1.61e-01	8.32e-01
 9.44827e+22	9.37e-29	5.35e-23	2.04e-18	1.12e-14	1.42e-11	4.38e-09	4.94e-07	3.43e-05	8.30e-03	1.65e-01	8.27e-01
 9.49966e+22	1.44e-28	7.88e-23	2.87e-18	1.50e-14	1.84e-11	5.41e-09	5.83e-07	3.86e-05	8.94e-03	1.70e-01	8.21e-01
 9.55263e+22	2.11e-28	1.11e-22	3.87e-18	1.95e-14	2.29e-11	6.51e-09	6.73e-07	4.28e-05	9.54e-03	1.75e-01	8.15e-01
 9.59618e+22	2.88e-28	1.46e-22	4.95e-18	2.41e-14	2.76e-11	7.57e-09	7.57e-07	4.66e-05	1.01e-02	1.80e-01	8.10e-01
 9.64136e+22	4.24e-28	2.07e-22	6.73e-18	3.16e-14	3.47e-11	9.16e-09	8.76e-07	5.17e-05	1.08e-02	1.85e-01	8.04e-01
 9.68454e+22	5.69e-28	2.69e-22	8.47e-18	3.86e-14	4.12e-11	1.06e-08	9.78e-07	5.60e-05	1.13e-02	1.89e-01	8.00e-01
 9.71922e+22	7.59e-28	3.48e-22	1.06e-17	4.70e-14	4.88e-11	1.21e-08	1.09e-06	6.05e-05	1.19e-02	1.93e-01	7.95e-01
 9.75314e+22	9.94e-28	4.43e-22	1.32e-17	5.66e-14	5.72e-11	1.39e-08	1.21e-06	6.50e-05	1.24e-02	1.97e-01	7.91e-01
 9.78638e+22	1.28e-27	5.57e-22	1.61e-17	6.75e-14	6.64e-11	1.57e-08	1.33e-06	6.96e-05	1.30e-02	2.01e-01	7.86e-01
 9.82398e+22	1.82e-27	7.60e-22	2.12e-17	8.57e-14	8.15e-11	1.86e-08	1.51e-06	7.63e-05	1.37e-02	2.06e-01	7.81e-01
 9.86123e+22	2.38e-27	9.69e-22	2.63e-17	1.03e-13	9.55e-11	2.12e-08	1.67e-06	8.20e-05	1.44e-02	2.10e-01	7.76e-01
 9.89174e+22	3.06e-27	1.21e-21	3.20e-17	1.23e-13	1.11e-10	2.39e-08	1.84e-06	8.77e-05	1.50e-02	2.13e-01	7.72e-01
 9.92509e+22	4.14e-27	1.59e-21	4.06e-17	1.51e-13	1.32e-10	2.77e-08	2.06e-06	9.50e-05	1.57e-02	2.18e-01	7.66e-01
 9.95943e+22	5.36e-27	2.00e-21	4.98e-17	1.80e-13	1.54e-10	3.14e-08	2.27e-06	1.02e-04	1.64e-02	2.22e-01	7.62e-01
 9.99008e+22	6.95e-27	2.53e-21	6.11e-17	2.15e-13	1.79e-10	3.55e-08	2.50e-06	1.09e-04	1.71e-02	2.26e-01	7.57e-01
 1.00204e+23	9.18e-27	3.24e-21	7.61e-17	2.60e-13	2.10e-10	4.06e-08	2.77e-06	1.17e-04	1.79e-02	2.30e-01	7.52e-01
 1.00499e+23	1.17e-26	4.04e-21	9.24e-17	3.08e-13	2.43e-10	4.58e-08	3.03e-06	1.25e-04	1.86e-02	2.34e-01	7.47e-01
 1.00830e+23	1.63e-26	5.43e-21	1.20e-16	3.86e-13	2.95e-10	5.37e-08	3.42e-06	1.36e-04	1.97e-02	2.39e-01	7.41e-01
 1.01149e+23	2.08e-26	6.75e-21	1.45e-16	4.56e-13	3.40e-10	6.03e-08	3.75e-06	1.45e-04	2.04e-02	2.43e-01	7.36e-01
 1.01410e+23	2.68e-26	8.46e-21	1.77e-16	5.42e-13	3.94e-10	6.81e-08	4.11e-06	1.55e-04	2.13e-02	2.47e-01	7.31e-01
 1.01669e+23	3.38e-26	1.04e-20	2.12e-16	6.34e-13	4.50e-10	7.60e-08	4.47e-06	1.64e-04	2.21e-02	2.51e-01	7.27e-01
 1.01965e+23	4.61e-26	1.37e-20	2.71e-16	7.84e-13	5.40e-10	8.82e-08	5.01e-06	1.78e-04	2.32e-02	2.56e-01	7.21e-01
 1.02266e+23	6.04e-26	1.75e-20	3.36e-16	9.43e-13	6.32e-10	1.00e-07	5.54e-06	1.90e-04	2.42e-02	2.60e-01	7.15e-01
 1.02526e+23	7.62e-26	2.15e-20	4.03e-16	1.11e-12	7.23e-10	1.12e-07	6.03e-06	2.02e-04	2.51e-02	2.64e-01	7.10e-01
 1.02817e+23	1.07e-25	2.93e-20	5.28e-16	1.40e-12	8.83e-10	1.32e-07	6.83e-06	2.21e-04	2.64e-02	2.70e-01	7.03e-01
 1.03107e+23	1.35e-25	3.60e-20	6.33e-16	1.63e-12	1.01e-09	1.48e-07	7.44e-06	2.34e-04	2.74e-02	2.74e-01	6.98e-01
 1.03396e+23	1.93e-25	4.95e-20	8.36e-16	2.08e-12	1.24e-09	1.75e-07	8.45e-06	2.56e-04	2.89e-02	2.80e-01	6.91e-01
 1.03676e+23	2.43e-25	6.08e-20	1.00e-15	2.43e-12	1.42e-09	1.95e-07	9.19e-06	2.71e-04	3.00e-02	2.84e-01	6.86e-01
 1.03944e+23	3.33e-25	8.06e-20	1.28e-15	3.01e-12	1.70e-09	2.27e-07	1.03e-05	2.94e-04	3.15e-02	2.89e-01	6.79e-01
 1.04221e+23	4.34e-25	1.02e-19	1.58e-15	3.61e-12	1.98e-09	2.58e-07	1.14e-05	3.14e-04	3.28e-02	2.94e-01	6.73e-01
 1.04509e+23	6.22e-25	1.41e-19	2.10e-15	4.61e-12	2.44e-09	3.05e-07	1.29e-05	3.44e-04	3.46e-02	3.00e-01	6.65e-01
 1.04788e+23	7.92e-25	1.75e-19	2.54e-15	5.43e-12	2.81e-09	3.43e-07	1.41e-05	3.65e-04	3.59e-02	3.04e-01	6.60e-01
 1.05052e+23	1.12e-24	2.39e-19	3.33e-15	6.86e-12	3.43e-09	4.04e-07	1.60e-05	3.98e-04	3.78e-02	3.10e-01	6.52e-01
 1.05316e+23	1.43e-24	2.98e-19	4.04e-15	8.10e-12	3.95e-09	4.54e-07	1.75e-05	4.23e-04	3.92e-02	3.14e-01	6.46e-01
 1.05578e+23	2.03e-24	4.06e-19	5.30e-15	1.03e-11	4.82e-09	5.35e-07	1.98e-05	4.62e-04	4.13e-02	3.20e-01	6.38e-01
 1.05843e+23	2.62e-24	5.12e-19	6.49e-15	1.22e-11	5.60e-09	6.05e-07	2.18e-05	4.92e-04	4.30e-02	3.25e-01	6.32e-01
 1.06111e+23	3.78e-24	7.10e-19	8.65e-15	1.56e-11	6.91e-09	7.20e-07	2.49e-05	5.39e-04	4.53e-02	3.31e-01	6.23e-01
 1.06379e+23	4.92e-24	8.99e-19	1.06e-14	1.87e-11	8.04e-09	8.16e-07	2.74e-05	5.76e-04	4.72e-02	3.36e-01	6.16e-01
 1.06648e+23	7.03e-24	1.24e-18	1.41e-14	2.38e-11	9.88e-09	9.68e-07	3.12e-05	6.30e-04	4.97e-02	3.43e-01	6.07e-01
 1.06915e+23	9.19e-24	1.58e-18	1.74e-14	2.85e-11	1.15e-08	1.10e-06	3.44e-05	6.74e-04	5.18e-02	3.47e-01	6.00e-01
 1.07179e+23	1.31e-23	2.17e-18	2.30e-14	3.63e-11	1.42e-08	1.30e-06	3.92e-05	7.37e-04	5.46e-02	3.54e-01	5.91e-01
 1.07447e+23	1.74e-23	2.79e-18	2.87e-14	4.39e-11	1.67e-08	1.49e-06	4.34e-05	7.91e-04	5.69e-02	3.59e-01	5.83e-01
 1.07721e+23	2.52e-23	3.89e-18	3.83e-14	5.64e-11	2.07e-08	1.78e-06	4.98e-05	8.68e-04	6.01e-02	3.65e-01	5.74e-01
 1.07998e+23	3.37e-23	5.04e-18	4.81e-14	6.86e-11	2.44e-08	2.05e-06	5.54e-05	9.34e-04	6.27e-02	3.71e-01	5.66e-01
 1.08278e+23	4.91e-23	7.08e-18	6.48e-14	8.86e-11	3.04e-08	2.46e-06	6.37e-05	1.03e-03	6.64e-02	3.77e-01	5.55e-01
 1.08560e+23	6.56e-23	9.17e-18	8.13e-14	1.08e-10	3.60e-08	2.83e-06	7.09e-05	1.11e-03	6.93e-02	3.83e-01	5.47e-01
 1.08804e+23	8.69e-23	1.18e-17	1.01e-13	1.30e-10	4.24e-08	3.24e-06	7.88e-05	1.19e-03	7.22e-02	3.88e-01	5.39e-01
 1.09079e+23	1.24e-22	1.63e-17	1.35e-13	1.66e-10	5.22e-08	3.86e-06	9.02e-05	1.30e-03	7.62e-02	3.94e-01	5.28e-01
 1.09357e+23	1.64e-22	2.09e-17	1.68e-13	2.01e-10	6.15e-08	4.43e-06	1.00e-04	1.40e-03	7.94e-02	3.99e-01	5.20e-01
 1.09638e+23	2.36e-22	2.89e-17	2.23e-13	2.57e-10	7.60e-08	5.28e-06	1.15e-04	1.54e-03	8.38e-02	4.05e-01	5.09e-01
 1.09920e+23	3.07e-22	3.67e-17	2.75e-13	3.08e-10	8.88e-08	6.02e-06	1.27e-04	1.65e-03	8.72e-02	4.10e-01	5.01e-01
 1.10203e+23	4.37e-22	5.04e-17	3.63e-13	3.92e-10	1.09e-07	7.17e-06	1.46e-04	1.80e-03	9.19e-02	4.16e-01	4.90e-01
 1.10491e+23	5.68e-22	6.38e-17	4.47e-13	4.69e-10	1.28e-07	8.17e-06	1.61e-04	1.93e-03	9.56e-02	4.21e-01	4.82e-01
 1.10785e+23	7.99e-22	8.68e-17	5.85e-13	5.92e-10	1.56e-07	9.68e-06	1.84e-04	2.12e-03	1.01e-01	4.27e-01	4.71e-01
 1.11089e+23	1.05e-21	1.11e-16	7.30e-13	7.17e-10	1.84e-07	1.11e-05	2.05e-04	2.28e-03	1.05e-01	4.31e-01	4.61e-01
 1.11405e+23	1.49e-21	1.52e-16	9.63e-13	9.11e-10	2.27e-07	1.33e-05	2.35e-04	2.50e-03	1.11e-01	4.37e-01	4.50e-01
 1.11726e+23	1.95e-21	1.94e-16	1.19e-12	1.10e-09	2.66e-07	1.52e-05	2.61e-04	2.69e-03	1.15e-01	4.41e-01	4.41e-01
 1.12052e+23	2.75e-21	2.65e-16	1.57e-12	1.39e-09	3.27e-07	1.81e-05	2.99e-04	2.94e-03	1.21e-01	4.46e-01	4.29e-01
 1.12381e+23	3.56e-21	3.34e-16	1.93e-12	1.66e-09	3.82e-07	2.06e-05	3.32e-04	3.16e-03	1.26e-01	4.50e-01	4.20e-01
 1.12713e+23	4.94e-21	4.50e-16	2.50e-12	2.09e-09	4.66e-07	2.43e-05	3.78e-04	3.45e-03	1.32e-01	4.55e-01	4.09e-01
 1.13053e+23	6.40e-21	5.68e-16	3.08e-12	2.50e-09	5.45e-07	2.78e-05	4.19e-04	3.70e-03	1.38e-01	4.59e-01	4.00e-01
 1.13347e+23	8.10e-21	7.03e-16	3.72e-12	2.95e-09	6.29e-07	3.14e-05	4.61e-04	3.95e-03	1.43e-01	4.62e-01	3.91e-01
 1.13674e+23	1.09e-20	9.23e-16	4.74e-12	3.63e-09	7.54e-07	3.66e-05	5.20e-04	4.29e-03	1.49e-01	4.65e-01	3.81e-01
 1.14005e+23	1.38e-20	1.14e-15	5.71e-12	4.27e-09	8.69e-07	4.13e-05	5.72e-04	4.57e-03	1.54e-01	4.68e-01	3.72e-01
 1.14341e+23	1.85e-20	1.49e-15	7.25e-12	5.26e-09	1.04e-06	4.81e-05	6.45e-04	4.95e-03	1.61e-01	4.72e-01	3.62e-01
 1.14682e+23	2.32e-20	1.83e-15	8.70e-12	6.16e-09	1.20e-06	5.41e-05	7.07e-04	5.27e-03	1.67e-01	4.74e-01	3.53e-01
 1.14981e+23	2.90e-20	2.23e-15	1.04e-11	7.20e-09	1.37e-06	6.06e-05	7.73e-04	5.60e-03	1.72e-01	4.76e-01	3.45e-01
 1.15322e+23	3.85e-20	2.90e-15	1.31e-11	8.80e-09	1.63e-06	7.04e-05	8.70e-04	6.06e-03	1.80e-01	4.79e-01	3.35e-01
 1.15660e+23	4.72e-20	3.48e-15	1.54e-11	1.01e-08	1.85e-06	7.82e-05	9.44e-04	6.41e-03	1.85e-01	4.80e-01	3.28e-01
 1.15997e+23	6.18e-20	4.45e-15	1.92e-11	1.23e-08	2.19e-06	9.01e-05	1.06e-03	6.91e-03	1.92e-01	4.82e-01	3.18e-01
 1.16339e+23	7.58e-20	5.36e-15	2.27e-11	1.42e-08	2.48e-06	1.00e-04	1.15e-03	7.30e-03	1.98e-01	4.83e-01	3.10e-01
 1.16691e+23	9.92e-20	6.85e-15	2.82e-11	1.72e-08	2.93e-06	1.15e-04	1.28e-03	7.87e-03	2.06e-01	4.85e-01	3.00e-01
 1.17049e+23	1.22e-19	8.26e-15	3.34e-11	1.99e-08	3.33e-06	1.28e-04	1.39e-03	8.33e-03	2.12e-01	4.85e-01	2.93e-01
 1.17415e+23	1.60e-19	1.06e-14	4.16e-11	2.41e-08	3.94e-06	1.48e-04	1.56e-03	8.98e-03	2.20e-01	4.86e-01	2.83e-01
 1.17789e+23	1.96e-19	1.28e-14	4.92e-11	2.79e-08	4.47e-06	1.65e-04	1.70e-03	9.50e-03	2.27e-01	4.87e-01	2.75e-01
 1.18171e+23	2.57e-19	1.63e-14	6.14e-11	3.38e-08	5.29e-06	1.90e-04	1.90e-03	1.02e-02	2.35e-01	4.87e-01	2.66e-01
 1.18544e+23	3.09e-19	1.93e-14	7.13e-11	3.86e-08	5.92e-06	2.09e-04	2.04e-03	1.07e-02	2.41e-01	4.87e-01	2.59e-01
 1.18906e+23	3.98e-19	2.43e-14	8.77e-11	4.62e-08	6.94e-06	2.39e-04	2.27e-03	1.15e-02	2.50e-01	4.86e-01	2.50e-01
 1.19274e+23	4.79e-19	2.88e-14	1.02e-10	5.26e-08	7.77e-06	2.63e-04	2.44e-03	1.21e-02	2.56e-01	4.86e-01	2.44e-01
 1.19649e+23	6.12e-19	3.60e-14	1.25e-10	6.27e-08	9.06e-06	2.99e-04	2.70e-03	1.29e-02	2.64e-01	4.85e-01	2.35e-01
 1.20035e+23	7.46e-19	4.32e-14	1.47e-10	7.23e-08	1.02e-05	3.32e-04	2.93e-03	1.37e-02	2.71e-01	4.84e-01	2.28e-01
 1.20436e+23	9.57e-19	5.42e-14	1.80e-10	8.63e-08	1.20e-05	3.78e-04	3.24e-03	1.46e-02	2.80e-01	4.82e-01	2.20e-01
 1.20850e+23	1.18e-18	6.56e-14	2.13e-10	1.00e-07	1.36e-05	4.21e-04	3.52e-03	1.54e-02	2.87e-01	4.81e-01	2.13e-01
 1.21281e+23	1.53e-18	8.29e-14	2.63e-10	1.20e-07	1.60e-05	4.81e-04	3.91e-03	1.65e-02	2.97e-01	4.78e-01	2.04e-01
 1.21723e+23	1.89e-18	1.01e-13	3.14e-10	1.40e-07	1.82e-05	5.37e-04	4.26e-03	1.75e-02	3.05e-01	4.76e-01	1.97e-01
 1.22179e+23	2.46e-18	1.28e-13	3.89e-10	1.69e-07	2.14e-05	6.16e-04	4.73e-03	1.87e-02	3.14e-01	4.73e-01	1.89e-01
 1.22650e+23	3.08e-18	1.58e-13	4.67e-10	1.99e-07	2.46e-05	6.90e-04	5.16e-03	1.98e-02	3.23e-01	4.70e-01	1.81e-01
 1.23140e+23	4.06e-18	2.03e-13	5.85e-10	2.41e-07	2.91e-05	7.94e-04	5.75e-03	2.13e-02	3.33e-01	4.66e-01	1.73e-01
 1.23646e+23	5.13e-18	2.51e-13	7.09e-10	2.85e-07	3.36e-05	8.95e-04	6.30e-03	2.26e-02	3.42e-01	4.63e-01	1.66e-01
 1.24104e+23	6.43e-18	3.08e-13	8.52e-10	3.35e-07	3.86e-05	1.00e-03	6.88e-03	2.39e-02	3.50e-01	4.59e-01	1.59e-01
 1.24630e+23	8.55e-18	4.00e-13	1.08e-09	4.10e-07	4.59e-05	1.16e-03	7.68e-03	2.56e-02	3.61e-01	4.53e-01	1.51e-01
 1.25166e+23	1.08e-17	4.96e-13	1.30e-09	4.84e-07	5.31e-05	1.31e-03	8.41e-03	2.72e-02	3.70e-01	4.49e-01	1.44e-01
 1.25716e+23	1.45e-17	6.47e-13	1.66e-09	5.96e-07	6.34e-05	1.51e-03	9.41e-03	2.92e-02	3.81e-01	4.42e-01	1.36e-01
 1.26274e+23	1.84e-17	8.04e-13	2.01e-09	7.05e-07	7.33e-05	1.71e-03	1.03e-02	3.10e-02	3.90e-01	4.37e-01	1.30e-01
 1.26841e+23	2.47e-17	1.06e-12	2.57e-09	8.71e-07	8.80e-05	1.98e-03	1.16e-02	3.33e-02	4.01e-01	4.30e-01	1.22e-01
 1.27415e+23	3.13e-17	1.31e-12	3.11e-09	1.03e-06	1.02e-04	2.24e-03	1.27e-02	3.52e-02	4.10e-01	4.23e-01	1.16e-01
 1.27996e+23	4.21e-17	1.72e-12	3.98e-09	1.28e-06	1.22e-04	2.61e-03	1.42e-02	3.80e-02	4.22e-01	4.15e-01	1.08e-01
 1.28580e+23	5.30e-17	2.13e-12	4.82e-09	1.51e-06	1.41e-04	2.94e-03	1.56e-02	4.01e-02	4.31e-01	4.08e-01	1.03e-01
 1.29069e+23	6.51e-17	2.57e-12	5.71e-09	1.75e-06	1.60e-04	3.26e-03	1.69e-02	4.22e-02	4.38e-01	4.01e-01	9.78e-02
 1.29603e+23	8.47e-17	3.28e-12	7.13e-09	2.12e-06	1.90e-04	3.76e-03	1.88e-02	4.51e-02	4.49e-01	3.92e-01	9.13e-02
 1.30131e+23	1.03e-16	3.92e-12	8.38e-09	2.44e-06	2.15e-04	4.16e-03	2.03e-02	4.73e-02	4.56e-01	3.86e-01	8.69e-02
 1.30650e+23	1.32e-16	4.93e-12	1.03e-08	2.93e-06	2.52e-04	4.76e-03	2.24e-02	5.04e-02	4.65e-01	3.76e-01	8.11e-02
 1.31177e+23	1.60e-16	5.91e-12	1.22e-08	3.39e-06	2.85e-04	5.28e-03	2.43e-02	5.28e-02	4.72e-01	3.69e-01	7.67e-02
 1.31716e+23	2.04e-16	7.44e-12	1.50e-08	4.08e-06	3.36e-04	6.06e-03	2.70e-02	5.64e-02	4.81e-01	3.58e-01	7.11e-02
 1.32262e+23	2.47e-16	8.90e-12	1.77e-08	4.71e-06	3.81e-04	6.73e-03	2.92e-02	5.92e-02	4.88e-01	3.50e-01	6.70e-02
 1.32815e+23	3.14e-16	1.11e-11	2.18e-08	5.66e-06	4.48e-04	7.72e-03	3.24e-02	6.31e-02	4.96e-01	3.39e-01	6.18e-02
 1.33380e+23	3.78e-16	1.33e-11	2.57e-08	6.55e-06	5.10e-04	8.61e-03	3.52e-02	6.63e-02	5.02e-01	3.30e-01	5.78e-02
 1.33958e+23	4.76e-16	1.66e-11	3.16e-08	7.88e-06	6.02e-04	9.91e-03	3.92e-02	7.08e-02	5.10e-01	3.17e-01	5.28e-02
 1.34546e+23	5.69e-16	1.98e-11	3.72e-08	9.11e-06	6.86e-04	1.11e-02	4.26e-02	7.45e-02	5.15e-01	3.07e-01	4.90e-02
 1.35148e+23	7.08e-16	2.45e-11	4.57e-08	1.10e-05	8.10e-04	1.28e-02	4.75e-02	7.95e-02	5.21e-01	2.94e-01	4.43e-02
 1.35758e+23	8.35e-16	2.88e-11	5.34e-08	1.26e-05	9.21e-04	1.43e-02	5.16e-02	8.36e-02	5.25e-01	2.83e-01	4.09e-02
 1.36273e+23	9.62e-16	3.32e-11	6.14e-08	1.43e-05	1.03e-03	1.58e-02	5.56e-02	8.75e-02	5.29e-01	2.74e-01	3.79e-02
 1.36838e+23	1.14e-15	3.96e-11	7.30e-08	1.68e-05	1.20e-03	1.79e-02	6.12e-02	9.27e-02	5.32e-01	2.61e-01	3.42e-02
 1.37405e+23	1.29e-15	4.51e-11	8.31e-08	1.89e-05	1.34e-03	1.97e-02	6.59e-02	9.68e-02	5.34e-01	2.51e-01	3.16e-02
 1.37958e+23	1.48e-15	5.24e-11	9.68e-08	2.18e-05	1.53e-03	2.21e-02	7.19e-02	1.02e-01	5.35e-01	2.39e-01	2.85e-02
 1.38522e+23	1.66e-15	5.91e-11	1.10e-07	2.46e-05	1.71e-03	2.44e-02	7.73e-02	1.07e-01	5.36e-01	2.28e-01	2.61e-02
 1.39077e+23	1.85e-15	6.70e-11	1.26e-07	2.80e-05	1.93e-03	2.72e-02	8.39e-02	1.12e-01	5.35e-01	2.16e-01	2.35e-02
 1.39643e+23	2.02e-15	7.48e-11	1.41e-07	3.14e-05	2.16e-03	2.99e-02	9.01e-02	1.17e-01	5.34e-01	2.06e-01	2.14e-02
 1.40198e+23	2.18e-15	8.27e-11	1.59e-07	3.52e-05	2.42e-03	3.30e-02	9.70e-02	1.22e-01	5.32e-01	1.95e-01	1.92e-02
 1.40747e+23	2.36e-15	9.12e-11	1.77e-07	3.92e-05	2.68e-03	3.61e-02	1.03e-01	1.27e-01	5.29e-01	1.85e-01	1.74e-02
 1.41306e+23	2.52e-15	1.00e-10	1.98e-07	4.39e-05	2.99e-03	3.98e-02	1.11e-01	1.32e-01	5.24e-01	1.74e-01	1.56e-02
 1.41876e+23	2.65e-15	1.09e-10	2.20e-07	4.87e-05	3.31e-03	4.35e-02	1.18e-01	1.37e-01	5.19e-01	1.64e-01	1.40e-02
 1.42429e+23	2.78e-15	1.18e-10	2.43e-07	5.40e-05	3.66e-03	4.74e-02	1.26e-01	1.42e-01	5.14e-01	1.55e-01	1.26e-02
 1.42983e+23	2.88e-15	1.27e-10	2.67e-07	5.97e-05	4.04e-03	5.15e-02	1.33e-01	1.47e-01	5.07e-01	1.46e-01	1.13e-02
 1.43540e+23	2.98e-15	1.36e-10	2.94e-07	6.60e-05	4.46e-03	5.60e-02	1.41e-01	1.52e-01	5.00e-01	1.37e-01	1.01e-02
 1.44101e+23	3.06e-15	1.46e-10	3.23e-07	7.29e-05	4.91e-03	6.07e-02	1.49e-01	1.56e-01	4.92e-01	1.28e-01	9.02e-03
 1.44667e+23	3.14e-15	1.56e-10	3.55e-07	8.06e-05	5.42e-03	6.57e-02	1.57e-01	1.61e-01	4.83e-01	1.20e-01	8.03e-03
 1.45237e+23	3.21e-15	1.66e-10	3.91e-07	8.92e-05	5.96e-03	7.10e-02	1.65e-01	1.65e-01	4.74e-01	1.12e-01	7.14e-03
 1.45816e+23	3.27e-15	1.78e-10	4.31e-07	9.90e-05	6.58e-03	7.68e-02	1.73e-01	1.70e-01	4.64e-01	1.04e-01	6.32e-03
 1.46400e+23	3.34e-15	1.91e-10	4.76e-07	1.10e-04	7.24e-03	8.28e-02	1.81e-01	1.74e-01	4.53e-01	9.68e-02	5.60e-03
 1.46996e+23	3.42e-15	2.05e-10	5.29e-07	1.23e-04	8.01e-03	8.94e-02	1.89e-01	1.78e-01	4.41e-01	8.95e-02	4.92e-03
 1.47603e+23	3.50e-15	2.21e-10	5.88e-07	1.37e-04	8.84e-03	9.63e-02	1.97e-01	1.81e-01	4.29e-01	8.28e-02	4.34e-03
 1.48157e+23	3.58e-15	2.36e-10	6.44e-07	1.51e-04	9.61e-03	1.02e-01	2.04e-01	1.84e-01	4.19e-01	7.75e-02	3.89e-03
 1.48736e+23	3.67e-15	2.56e-10	7.25e-07	1.70e-04	1.07e-02	1.10e-01	2.12e-01	1.87e-01	4.05e-01	7.10e-02	3.38e-03
 1.49325e+23	3.80e-15	2.76e-10	8.02e-07	1.88e-04	1.16e-02	1.17e-01	2.19e-01	1.90e-01	3.93e-01	6.61e-02	3.02e-03
 1.49930e+23	3.97e-15	3.05e-10	9.15e-07	2.14e-04	1.30e-02	1.27e-01	2.27e-01	1.92e-01	3.78e-01	6.02e-02	2.60e-03
 1.50538e+23	4.13e-15	3.32e-10	1.02e-06	2.38e-04	1.41e-02	1.34e-01	2.33e-01	1.94e-01	3.67e-01	5.59e-02	2.32e-03
 1.51151e+23	4.34e-15	3.70e-10	1.17e-06	2.72e-04	1.58e-02	1.45e-01	2.41e-01	1.95e-01	3.51e-01	5.06e-02	1.98e-03
 1.51765e+23	4.60e-15	4.06e-10	1.31e-06	3.03e-04	1.72e-02	1.53e-01	2.46e-01	1.96e-01	3.39e-01	4.69e-02	1.76e-03
 1.52382e+23	4.93e-15	4.59e-10	1.52e-06	3.48e-04	1.92e-02	1.64e-01	2.53e-01	1.97e-01	3.23e-01	4.23e-02	1.51e-03
 1.53004e+23	5.28e-15	5.10e-10	1.71e-06	3.88e-04	2.09e-02	1.73e-01	2.58e-01	1.97e-01	3.11e-01	3.90e-02	1.33e-03
 1.53635e+23	5.77e-15	5.85e-10	2.01e-06	4.49e-04	2.33e-02	1.85e-01	2.64e-01	1.96e-01	2.95e-01	3.50e-02	1.13e-03
 1.54274e+23	6.28e-15	6.57e-10	2.28e-06	5.03e-04	2.53e-02	1.95e-01	2.69e-01	1.95e-01	2.82e-01	3.21e-02	9.97e-04
 1.54924e+23	7.03e-15	7.66e-10	2.70e-06	5.84e-04	2.83e-02	2.08e-01	2.74e-01	1.94e-01	2.66e-01	2.86e-02	8.41e-04
 1.55584e+23	7.80e-15	8.73e-10	3.10e-06	6.57e-04	3.08e-02	2.19e-01	2.77e-01	1.92e-01	2.53e-01	2.61e-02	7.35e-04
 1.56260e+23	8.96e-15	1.04e-09	3.71e-06	7.67e-04	3.45e-02	2.33e-01	2.81e-01	1.89e-01	2.37e-01	2.31e-02	6.14e-04
 1.56951e+23	1.02e-14	1.20e-09	4.30e-06	8.68e-04	3.76e-02	2.45e-01	2.84e-01	1.87e-01	2.25e-01	2.09e-02	5.31e-04
 1.57661e+23	1.20e-14	1.46e-09	5.21e-06	1.02e-03	4.21e-02	2.60e-01	2.86e-01	1.83e-01	2.09e-01	1.83e-02	4.38e-04
 1.58387e+23	1.40e-14	1.71e-09	6.09e-06	1.16e-03	4.59e-02	2.73e-01	2.88e-01	1.79e-01	1.96e-01	1.64e-02	3.76e-04
 1.58998e+23	1.61e-14	1.98e-09	7.00e-06	1.30e-03	4.96e-02	2.84e-01	2.88e-01	1.76e-01	1.85e-01	1.49e-02	3.27e-04
 1.59659e+23	1.94e-14	2.41e-09	8.39e-06	1.50e-03	5.47e-02	2.99e-01	2.89e-01	1.71e-01	1.72e-01	1.31e-02	2.72e-04
 1.60302e+23	2.24e-14	2.77e-09	9.56e-06	1.66e-03	5.86e-02	3.09e-01	2.89e-01	1.67e-01	1.63e-01	1.19e-02	2.39e-04
 1.60924e+23	2.70e-14	3.35e-09	1.13e-05	1.90e-03	6.41e-02	3.23e-01	2.88e-01	1.62e-01	1.51e-01	1.05e-02	2.00e-04
 1.61551e+23	3.16e-14	3.88e-09	1.29e-05	2.11e-03	6.85e-02	3.33e-01	2.86e-01	1.58e-01	1.42e-01	9.52e-03	1.75e-04
 1.62187e+23	3.87e-14	4.72e-09	1.54e-05	2.41e-03	7.47e-02	3.47e-01	2.84e-01	1.52e-01	1.31e-01	8.35e-03	1.46e-04
 1.62831e+23	4.59e-14	5.52e-09	1.76e-05	2.67e-03	7.98e-02	3.57e-01	2.82e-01	1.48e-01	1.23e-01	7.53e-03	1.26e-04
 1.63487e+23	5.74e-14	6.78e-09	2.11e-05	3.06e-03	8.68e-02	3.70e-01	2.79e-01	1.41e-01	1.13e-01	6.56e-03	1.04e-04
 1.64152e+23	6.88e-14	7.98e-09	2.42e-05	3.39e-03	9.26e-02	3.80e-01	2.76e-01	1.37e-01	1.05e-01	5.88e-03	9.01e-05
 1.64830e+23	8.74e-14	9.89e-09	2.90e-05	3.88e-03	1.01e-01	3.93e-01	2.71e-01	1.30e-01	9.60e-02	5.08e-03	7.37e-05
 1.65519e+23	1.06e-13	1.17e-08	3.33e-05	4.30e-03	1.07e-01	4.03e-01	2.67e-01	1.25e-01	8.92e-02	4.53e-03	6.32e-05
 1.66223e+23	1.37e-13	1.46e-08	4.01e-05	4.92e-03	1.16e-01	4.15e-01	2.61e-01	1.18e-01	8.06e-02	3.87e-03	5.11e-05
 1.66941e+23	1.68e-13	1.75e-08	4.63e-05	5.46e-03	1.24e-01	4.24e-01	2.56e-01	1.13e-01	7.44e-02	3.43e-03	4.34e-05
 1.67678e+23	2.21e-13	2.21e-08	5.60e-05	6.26e-03	1.34e-01	4.35e-01	2.49e-01	1.06e-01	6.67e-02	2.90e-03	3.47e-05
 1.68434e+23	2.76e-13	2.66e-08	6.50e-05	6.96e-03	1.43e-01	4.43e-01	2.43e-01	1.01e-01	6.10e-02	2.54e-03	2.90e-05
 1.69215e+23	3.69e-13	3.39e-08	7.90e-05	7.99e-03	1.54e-01	4.53e-01	2.35e-01	9.37e-02	5.42e-02	2.12e-03	2.29e-05
 1.70007e+23	4.63e-13	4.10e-08	9.18e-05	8.88e-03	1.64e-01	4.60e-01	2.28e-01	8.84e-02	4.93e-02	1.84e-03	1.90e-05
 1.70813e+23	6.26e-13	5.27e-08	1.12e-04	1.02e-02	1.77e-01	4.68e-01	2.19e-01	8.17e-02	4.34e-02	1.53e-03	1.48e-05
 1.71628e+23	7.90e-13	6.37e-08	1.30e-04	1.13e-02	1.87e-01	4.73e-01	2.12e-01	7.67e-02	3.93e-02	1.32e-03	1.22e-05
 1.72455e+23	1.08e-12	8.21e-08	1.58e-04	1.29e-02	2.01e-01	4.79e-01	2.02e-01	7.04e-02	3.44e-02	1.09e-03	9.45e-06
 1.73295e+23	1.36e-12	9.96e-08	1.83e-04	1.43e-02	2.12e-01	4.82e-01	1.94e-01	6.57e-02	3.09e-02	9.32e-04	7.74e-06
 1.74032e+23	1.73e-12	1.21e-07	2.13e-04	1.58e-02	2.23e-01	4.85e-01	1.86e-01	6.13e-02	2.78e-02	7.97e-04	6.32e-06
 1.74874e+23	2.35e-12	1.55e-07	2.57e-04	1.79e-02	2.38e-01	4.87e-01	1.77e-01	5.59e-02	2.42e-02	6.53e-04	4.87e-06
 1.75731e+23	3.01e-12	1.89e-07	2.99e-04	1.98e-02	2.50e-01	4.88e-01	1.68e-01	5.17e-02	2.15e-02	5.52e-04	3.91e-06
 1.76427e+23	3.71e-12	2.24e-07	3.40e-04	2.15e-02	2.61e-01	4.87e-01	1.62e-01	4.84e-02	1.95e-02	4.79e-04	3.26e-06
 1.77151e+23	4.74e-12	2.72e-07	3.94e-04	2.37e-02	2.73e-01	4.87e-01	1.54e-01	4.47e-02	1.73e-02	4.06e-04	2.62e-06
 1.77911e+23	5.91e-12	3.24e-07	4.50e-04	2.59e-02	2.84e-01	4.85e-01	1.47e-01	4.15e-02	1.56e-02	3.48e-04	2.15e-06
 1.78608e+23	7.33e-12	3.85e-07	5.11e-04	2.81e-02	2.96e-01	4.83e-01	1.40e-01	3.86e-02	1.40e-02	2.99e-04	1.77e-06
 1.79404e+23	9.60e-12	4.77e-07	6.00e-04	3.11e-02	3.10e-01	4.79e-01	1.32e-01	3.51e-02	1.22e-02	2.48e-04	1.39e-06
 1.80220e+23	1.22e-11	5.77e-07	6.91e-04	3.41e-02	3.22e-01	4.75e-01	1.25e-01	3.23e-02	1.08e-02	2.08e-04	1.11e-06
 1.80937e+23	1.51e-11	6.83e-07	7.83e-04	3.69e-02	3.34e-01	4.71e-01	1.18e-01	2.99e-02	9.67e-03	1.78e-04	9.12e-07
 1.81741e+23	1.97e-11	8.41e-07	9.14e-04	4.06e-02	3.48e-01	4.64e-01	1.11e-01	2.71e-02	8.41e-03	1.47e-04	7.10e-07
 1.82586e+23	2.52e-11	1.02e-06	1.05e-03	4.44e-02	3.61e-01	4.58e-01	1.04e-01	2.47e-02	7.38e-03	1.22e-04	5.62e-07
 1.83351e+23	3.14e-11	1.22e-06	1.20e-03	4.80e-02	3.72e-01	4.51e-01	9.81e-02	2.27e-02	6.54e-03	1.03e-04	4.53e-07
 1.84215e+23	4.15e-11	1.51e-06	1.41e-03	5.30e-02	3.87e-01	4.42e-01	9.08e-02	2.03e-02	5.60e-03	8.35e-05	3.45e-07
 1.85105e+23	5.34e-11	1.84e-06	1.62e-03	5.78e-02	3.99e-01	4.33e-01	8.45e-02	1.84e-02	4.87e-03	6.87e-05	2.69e-07
 1.85898e+23	6.69e-11	2.20e-06	1.84e-03	6.24e-02	4.11e-01	4.25e-01	7.91e-02	1.68e-02	4.28e-03	5.75e-05	2.15e-07
 1.86794e+23	8.88e-11	2.74e-06	2.16e-03	6.87e-02	4.25e-01	4.13e-01	7.26e-02	1.49e-02	3.63e-03	4.59e-05	1.61e-07
 1.87726e+23	1.15e-10	3.34e-06	2.50e-03	7.47e-02	4.37e-01	4.02e-01	6.71e-02	1.34e-02	3.13e-03	3.74e-05	1.24e-07
 1.88565e+23	1.45e-10	4.01e-06	2.85e-03	8.07e-02	4.48e-01	3.92e-01	6.22e-02	1.21e-02	2.71e-03	3.08e-05	0.00e+00
 1.89516e+23	1.96e-10	5.06e-06	3.36e-03	8.89e-02	4.61e-01	3.78e-01	5.63e-02	1.06e-02	2.26e-03	2.40e-05	0.00e+00
 1.90496e+23	2.52e-10	6.16e-06	3.87e-03	9.63e-02	4.72e-01	3.65e-01	5.16e-02	9.45e-03	1.93e-03	1.94e-05	0.00e+00
 1.91378e+23	3.22e-10	7.44e-06	4.42e-03	1.04e-01	4.81e-01	3.53e-01	4.74e-02	8.45e-03	1.66e-03	1.57e-05	0.00e+00
 1.92390e+23	4.41e-10	9.46e-06	5.25e-03	1.14e-01	4.93e-01	3.37e-01	4.23e-02	7.30e-03	1.35e-03	1.20e-05	0.00e+00
 1.93415e+23	5.71e-10	1.15e-05	6.03e-03	1.24e-01	5.01e-01	3.23e-01	3.84e-02	6.46e-03	1.14e-03	9.51e-06	0.00e+00
 1.94455e+23	7.80e-10	1.46e-05	7.13e-03	1.35e-01	5.11e-01	3.06e-01	3.41e-02	5.56e-03	9.30e-04	7.19e-06	0.00e+00
 1.95508e+23	1.01e-09	1.78e-05	8.18e-03	1.46e-01	5.17e-01	2.92e-01	3.08e-02	4.89e-03	7.81e-04	5.68e-06	0.00e+00
 1.96576e+23	1.39e-09	2.28e-05	9.70e-03	1.60e-01	5.24e-01	2.75e-01	2.70e-02	4.16e-03	6.25e-04	4.22e-06	0.00e+00
 1.97655e+23	1.80e-09	2.76e-05	1.11e-02	1.71e-01	5.28e-01	2.61e-01	2.42e-02	3.65e-03	5.22e-04	3.31e-06	0.00e+00
 1.98747e+23	2.49e-09	3.54e-05	1.32e-02	1.87e-01	5.32e-01	2.43e-01	2.10e-02	3.08e-03	4.13e-04	2.42e-06	0.00e+00
 1.99851e+23	3.20e-09	4.28e-05	1.50e-02	1.99e-01	5.34e-01	2.30e-01	1.88e-02	2.68e-03	3.43e-04	1.89e-06	0.00e+00
 2.00969e+23	4.44e-09	5.48e-05	1.77e-02	2.16e-01	5.35e-01	2.12e-01	1.61e-02	2.24e-03	2.68e-04	1.36e-06	0.00e+00
 2.02102e+23	5.74e-09	6.65e-05	2.02e-02	2.31e-01	5.34e-01	1.99e-01	1.43e-02	1.94e-03	2.20e-04	1.05e-06	0.00e+00
 2.03254e+23	7.98e-09	8.50e-05	2.39e-02	2.49e-01	5.31e-01	1.82e-01	1.22e-02	1.61e-03	1.70e-04	7.44e-07	0.00e+00
 2.04386e+23	1.02e-08	1.02e-04	2.70e-02	2.64e-01	5.27e-01	1.70e-01	1.08e-02	1.40e-03	1.40e-04	5.76e-07	0.00e+00
 2.05334e+23	1.28e-08	1.21e-04	3.03e-02	2.78e-01	5.22e-01	1.59e-01	9.54e-03	1.21e-03	1.16e-04	4.49e-07	0.00e+00
 2.06253e+23	1.60e-08	1.43e-04	3.37e-02	2.91e-01	5.17e-01	1.49e-01	8.49e-03	1.06e-03	9.66e-05	3.53e-07	0.00e+00
 2.07291e+23	2.12e-08	1.76e-04	3.88e-02	3.09e-01	5.08e-01	1.36e-01	7.28e-03	8.90e-04	7.60e-05	2.57e-07	0.00e+00
 2.08320e+23	2.64e-08	2.07e-04	4.31e-02	3.23e-01	5.00e-01	1.26e-01	6.44e-03	7.74e-04	6.29e-05	2.01e-07	0.00e+00
 2.09339e+23	3.46e-08	2.52e-04	4.91e-02	3.40e-01	4.89e-01	1.15e-01	5.52e-03	6.49e-04	4.95e-05	1.47e-07	0.00e+00
 2.10380e+23	4.32e-08	2.97e-04	5.46e-02	3.54e-01	4.79e-01	1.06e-01	4.84e-03	5.59e-04	4.05e-05	0.00e+00	0.00e+00
 2.11450e+23	5.70e-08	3.64e-04	6.22e-02	3.72e-01	4.65e-01	9.56e-02	4.09e-03	4.62e-04	3.13e-05	0.00e+00	0.00e+00
 2.12530e+23	7.13e-08	4.29e-04	6.91e-02	3.86e-01	4.53e-01	8.75e-02	3.56e-03	3.95e-04	2.54e-05	0.00e+00	0.00e+00
 2.13481e+23	8.85e-08	5.02e-04	7.64e-02	3.99e-01	4.40e-01	8.01e-02	3.10e-03	3.38e-04	2.06e-05	0.00e+00	0.00e+00
 2.14573e+23	1.16e-07	6.12e-04	8.66e-02	4.16e-01	4.23e-01	7.13e-02	2.59e-03	2.76e-04	1.57e-05	0.00e+00	0.00e+00
 2.15631e+23	1.42e-07	7.07e-04	9.47e-02	4.27e-01	4.09e-01	6.52e-02	2.27e-03	2.37e-04	1.28e-05	0.00e+00	0.00e+00
 2.16475e+23	1.70e-07	8.05e-04	1.03e-01	4.37e-01	3.97e-01	6.00e-02	2.00e-03	2.06e-04	1.07e-05	0.00e+00	0.00e+00
 2.17401e+23	2.12e-07	9.43e-04	1.13e-01	4.49e-01	3.81e-01	5.40e-02	1.72e-03	1.73e-04	8.46e-06	0.00e+00	0.00e+00
 2.18344e+23	2.55e-07	1.08e-03	1.23e-01	4.58e-01	3.67e-01	4.93e-02	1.50e-03	1.49e-04	6.95e-06	0.00e+00	0.00e+00
 2.19178e+23	3.04e-07	1.22e-03	1.33e-01	4.66e-01	3.53e-01	4.51e-02	1.32e-03	1.29e-04	5.73e-06	0.00e+00	0.00e+00
 2.20131e+23	3.78e-07	1.42e-03	1.46e-01	4.76e-01	3.36e-01	4.02e-02	1.12e-03	1.07e-04	4.49e-06	0.00e+00	0.00e+00
 2.21097e+23	4.54e-07	1.62e-03	1.57e-01	4.82e-01	3.21e-01	3.64e-02	9.74e-04	9.13e-05	3.65e-06	0.00e+00	0.00e+00
 2.21944e+23	5.40e-07	1.83e-03	1.69e-01	4.88e-01	3.07e-01	3.29e-02	8.49e-04	7.82e-05	2.98e-06	0.00e+00	0.00e+00
 2.22911e+23	6.68e-07	2.13e-03	1.84e-01	4.94e-01	2.89e-01	2.91e-02	7.15e-04	6.42e-05	2.31e-06	0.00e+00	0.00e+00
 2.23895e+23	7.98e-07	2.41e-03	1.98e-01	4.98e-01	2.75e-01	2.61e-02	6.16e-04	5.42e-05	1.86e-06	0.00e+00	0.00e+00
 2.24766e+23	9.47e-07	2.72e-03	2.12e-01	5.01e-01	2.60e-01	2.34e-02	5.33e-04	4.59e-05	1.50e-06	0.00e+00	0.00e+00
 2.25764e+23	1.17e-06	3.15e-03	2.31e-01	5.03e-01	2.43e-01	2.04e-02	4.43e-04	3.71e-05	1.14e-06	0.00e+00	0.00e+00
 2.26778e+23	1.39e-06	3.55e-03	2.47e-01	5.03e-01	2.28e-01	1.81e-02	3.78e-04	3.10e-05	9.07e-07	0.00e+00	0.00e+00
 2.27812e+23	1.72e-06	4.11e-03	2.68e-01	5.02e-01	2.10e-01	1.56e-02	3.11e-04	2.47e-05	6.80e-07	0.00e+00	0.00e+00
 2.28857e+23	2.06e-06	4.64e-03	2.86e-01	4.99e-01	1.96e-01	1.37e-02	2.63e-04	2.03e-05	5.33e-07	0.00e+00	0.00e+00
 2.29775e+23	2.43e-06	5.20e-03	3.04e-01	4.96e-01	1.83e-01	1.20e-02	2.23e-04	1.68e-05	4.21e-07	0.00e+00	0.00e+00
 2.30829e+23	3.00e-06	5.99e-03	3.27e-01	4.90e-01	1.67e-01	1.02e-02	1.81e-04	1.32e-05	3.11e-07	0.00e+00	0.00e+00
 2.31900e+23	3.55e-06	6.71e-03	3.47e-01	4.84e-01	1.54e-01	8.88e-03	1.52e-04	1.08e-05	2.41e-07	0.00e+00	0.00e+00
 2.32993e+23	4.37e-06	7.71e-03	3.72e-01	4.74e-01	1.39e-01	7.44e-03	1.22e-04	8.31e-06	1.75e-07	0.00e+00	0.00e+00
 2.34107e+23	5.21e-06	8.65e-03	3.94e-01	4.65e-01	1.26e-01	6.37e-03	1.01e-04	6.64e-06	1.33e-07	0.00e+00	0.00e+00
 2.35100e+23	6.15e-06	9.65e-03	4.15e-01	4.54e-01	1.15e-01	5.47e-03	8.36e-05	5.32e-06	0.00e+00	0.00e+00	0.00e+00
 2.36240e+23	7.56e-06	1.10e-02	4.42e-01	4.40e-01	1.02e-01	4.49e-03	6.59e-05	4.01e-06	0.00e+00	0.00e+00	0.00e+00
 2.37408e+23	8.99e-06	1.24e-02	4.66e-01	4.26e-01	9.18e-02	3.78e-03	5.35e-05	3.13e-06	0.00e+00	0.00e+00	0.00e+00
 2.38298e+23	1.01e-05	1.33e-02	4.82e-01	4.16e-01	8.51e-02	3.35e-03	4.63e-05	2.64e-06	0.00e+00	0.00e+00	0.00e+00
 2.39141e+23	1.17e-05	1.47e-02	5.02e-01	4.03e-01	7.70e-02	2.87e-03	3.84e-05	2.11e-06	0.00e+00	0.00e+00	0.00e+00
 2.40001e+23	1.32e-05	1.58e-02	5.19e-01	3.92e-01	7.08e-02	2.51e-03	3.29e-05	1.76e-06	0.00e+00	0.00e+00	0.00e+00
 2.40882e+23	1.54e-05	1.74e-02	5.39e-01	3.78e-01	6.35e-02	2.13e-03	2.70e-05	1.38e-06	0.00e+00	0.00e+00	0.00e+00
 2.41774e+23	1.73e-05	1.87e-02	5.56e-01	3.66e-01	5.81e-02	1.86e-03	2.30e-05	1.14e-06	0.00e+00	0.00e+00	0.00e+00
 2.42678e+23	2.01e-05	2.06e-02	5.76e-01	3.50e-01	5.17e-02	1.56e-03	1.88e-05	8.92e-07	0.00e+00	0.00e+00	0.00e+00
 2.43594e+23	2.27e-05	2.22e-02	5.92e-01	3.37e-01	4.69e-02	1.35e-03	1.58e-05	7.27e-07	0.00e+00	0.00e+00	0.00e+00
 2.44524e+23	2.63e-05	2.42e-02	6.12e-01	3.21e-01	4.14e-02	1.12e-03	1.28e-05	5.61e-07	0.00e+00	0.00e+00	0.00e+00
 2.45472e+23	2.97e-05	2.61e-02	6.28e-01	3.07e-01	3.72e-02	9.57e-04	1.07e-05	4.51e-07	0.00e+00	0.00e+00	0.00e+00
 2.46442e+23	3.46e-05	2.87e-02	6.48e-01	2.90e-01	3.25e-02	7.84e-04	8.48e-06	3.41e-07	0.00e+00	0.00e+00	0.00e+00
 2.47423e+23	3.91e-05	3.08e-02	6.63e-01	2.76e-01	2.90e-02	6.66e-04	7.03e-06	2.72e-07	0.00e+00	0.00e+00	0.00e+00
 2.48419e+23	4.56e-05	3.38e-02	6.82e-01	2.59e-01	2.50e-02	5.39e-04	5.52e-06	2.02e-07	0.00e+00	0.00e+00	0.00e+00
 2.49427e+23	5.14e-05	3.63e-02	6.96e-01	2.45e-01	2.22e-02	4.54e-04	4.54e-06	1.59e-07	0.00e+00	0.00e+00	0.00e+00
 2.50453e+23	5.96e-05	3.96e-02	7.12e-01	2.29e-01	1.90e-02	3.66e-04	3.55e-06	0.00e+00	0.00e+00	0.00e+00	0.00e+00
 2.51517e+23	6.78e-05	4.27e-02	7.26e-01	2.15e-01	1.66e-02	3.02e-04	2.85e-06	0.00e+00	0.00e+00	0.00e+00	0.00e+00
 2.52632e+23	7.97e-05	4.68e-02	7.42e-01	1.97e-01	1.39e-02	2.37e-04	2.16e-06	0.00e+00	0.00e+00	0.00e+00	0.00e+00
 2.53753e+23	9.08e-05	5.05e-02	7.53e-01	1.84e-01	1.20e-02	1.94e-04	1.72e-06	0.00e+00	0.00e+00	0.00e+00	0.00e+00
 2.54881e+23	1.06e-04	5.51e-02	7.66e-01	1.68e-01	9.98e-03	1.51e-04	1.30e-06	0.00e+00	0.00e+00	0.00e+00	0.00e+00
 2.56035e+23	1.21e-04	5.95e-02	7.76e-01	1.55e-01	8.51e-03	1.22e-04	1.01e-06	0.00e+00	0.00e+00	0.00e+00	0.00e+00
 2.57221e+23	1.43e-04	6.52e-02	7.87e-01	1.40e-01	6.93e-03	9.30e-05	7.45e-07	0.00e+00	0.00e+00	0.00e+00	0.00e+00
 2.58409e+23	1.63e-04	7.02e-02	7.95e-01	1.29e-01	5.89e-03	7.50e-05	5.83e-07	0.00e+00	0.00e+00	0.00e+00	0.00e+00
 2.59597e+23	1.93e-04	7.68e-02	8.03e-01	1.15e-01	4.76e-03	5.67e-05	4.23e-07	0.00e+00	0.00e+00	0.00e+00	0.00e+00
 2.60795e+23	2.19e-04	8.25e-02	8.08e-01	1.05e-01	4.01e-03	4.55e-05	3.29e-07	0.00e+00	0.00e+00	0.00e+00	0.00e+00
 2.62004e+23	2.59e-04	9.00e-02	8.13e-01	9.35e-02	3.21e-03	3.42e-05	2.37e-07	0.00e+00	0.00e+00	0.00e+00	0.00e+00
 2.63238e+23	2.98e-04	9.71e-02	8.16e-01	8.44e-02	2.66e-03	2.69e-05	1.80e-07	0.00e+00	0.00e+00	0.00e+00	0.00e+00
 2.64503e+23	3.53e-04	1.06e-01	8.18e-01	7.38e-02	2.09e-03	1.98e-05	1.27e-07	0.00e+00	0.00e+00	0.00e+00	0.00e+00
 2.65783e+23	4.09e-04	1.15e-01	8.17e-01	6.59e-02	1.71e-03	1.54e-05	0.00e+00	0.00e+00	0.00e+00	0.00e+00	0.00e+00
 2.67082e+23	4.89e-04	1.26e-01	8.16e-01	5.68e-02	1.32e-03	1.12e-05	0.00e+00	0.00e+00	0.00e+00	0.00e+00	0.00e+00
 2.68397e+23	5.71e-04	1.36e-01	8.13e-01	5.00e-02	1.06e-03	8.52e-06	0.00e+00	0.00e+00	0.00e+00	0.00e+00	0.00e+00
 2.69731e+23	6.92e-04	1.49e-01	8.07e-01	4.23e-02	7.95e-04	6.00e-06	0.00e+00	0.00e+00	0.00e+00	0.00e+00	0.00e+00
 2.71072e+23	8.08e-04	1.61e-01	8.01e-01	3.68e-02	6.33e-04	4.54e-06	0.00e+00	0.00e+00	0.00e+00	0.00e+00	0.00e+00
 2.72422e+23	9.86e-04	1.77e-01	7.91e-01	3.05e-02	4.67e-04	3.13e-06	0.00e+00	0.00e+00	0.00e+00	0.00e+00	0.00e+00
 2.73796e+23	1.17e-03	1.92e-01	7.81e-01	2.59e-02	3.62e-04	2.29e-06	0.00e+00	0.00e+00	0.00e+00	0.00e+00	0.00e+00
 2.75201e+23	1.44e-03	2.11e-01	7.66e-01	2.08e-02	2.58e-04	1.51e-06	0.00e+00	0.00e+00	0.00e+00	0.00e+00	0.00e+00
 2.76629e+23	1.72e-03	2.29e-01	7.52e-01	1.72e-02	1.95e-04	1.07e-06	0.00e+00	0.00e+00	0.00e+00	0.00e+00	0.00e+00
 2.77722e+23	1.99e-03	2.44e-01	7.40e-01	1.47e-02	1.56e-04	8.05e-07	0.00e+00	0.00e+00	0.00e+00	0.00e+00	0.00e+00
 2.78637e+23	2.25e-03	2.57e-01	7.28e-01	1.26e-02	1.26e-04	6.16e-07	0.00e+00	0.00e+00	0.00e+00	0.00e+00	0.00e+00
 2.79685e+23	2.65e-03	2.75e-01	7.12e-01	1.03e-02	9.53e-05	4.29e-07	0.00e+00	0.00e+00	0.00e+00	0.00e+00	0.00e+00
 2.80786e+23	3.09e-03	2.92e-01	6.96e-01	8.44e-03	7.31e-05	3.02e-07	0.00e+00	0.00e+00	0.00e+00	0.00e+00	0.00e+00
 2.81795e+23	3.59e-03	3.10e-01	6.80e-01	6.86e-03	5.61e-05	2.11e-07	0.00e+00	0.00e+00	0.00e+00	0.00e+00	0.00e+00
 2.82946e+23	4.33e-03	3.32e-01	6.58e-01	5.20e-03	3.98e-05	1.30e-07	0.00e+00	0.00e+00	0.00e+00	0.00e+00	0.00e+00
