#depth	Cl	Cl+	Cl+2	Cl+3	Cl+4	Cl+5	Cl+6	Cl+7	Cl+8	Cl+9	Cl+10	Cl+11	Cl+12	Cl+13	Cl+14	Cl+15	Cl+16	Cl+17
 1.54284e+22	0.00e+00	0.00e+00	0.00e+00	0.00e+00	0.00e+00	0.00e+00	0.00e+00	0.00e+00	2.93e-20	3.15e-17	1.59e-14	4.92e-12	8.72e-10	9.64e-08	1.18e-05	2.64e-03	8.64e-02	9.11e-01
 3.47273e+22	0.00e+00	0.00e+00	0.00e+00	0.00e+00	0.00e+00	0.00e+00	0.00e+00	7.14e-22	1.15e-18	8.05e-16	2.68e-13	5.45e-11	6.37e-09	4.70e-07	3.82e-05	5.70e-03	1.24e-01	8.70e-01
 4.09658e+22	0.00e+00	0.00e+00	0.00e+00	0.00e+00	0.00e+00	0.00e+00	1.94e-24	8.33e-21	1.03e-17	5.59e-15	1.44e-12	2.27e-10	2.07e-08	1.20e-06	7.65e-05	8.96e-03	1.53e-01	8.38e-01
 4.52280e+22	0.00e+00	0.00e+00	0.00e+00	0.00e+00	0.00e+00	6.99e-27	1.68e-23	5.85e-20	5.89e-17	2.60e-14	5.49e-12	7.06e-10	5.28e-08	2.52e-06	1.32e-04	1.28e-02	1.79e-01	8.08e-01
 4.75959e+22	0.00e+00	0.00e+00	0.00e+00	0.00e+00	3.16e-30	1.26e-26	2.90e-23	9.60e-20	9.17e-17	3.85e-14	7.69e-12	9.41e-10	6.69e-08	3.04e-06	1.52e-04	1.40e-02	1.86e-01	7.99e-01
 4.84185e+22	0.00e+00	0.00e+00	0.00e+00	0.00e+00	5.02e-30	1.94e-26	4.31e-23	1.37e-19	1.26e-16	5.10e-14	9.83e-12	1.16e-09	7.93e-08	3.48e-06	1.68e-04	1.49e-02	1.92e-01	7.93e-01
 4.92213e+22	0.00e+00	0.00e+00	0.00e+00	0.00e+00	9.14e-30	3.39e-26	7.20e-23	2.18e-19	1.91e-16	7.35e-14	1.35e-11	1.51e-09	9.90e-08	4.14e-06	1.91e-04	1.62e-02	1.99e-01	7.85e-01
 5.00213e+22	0.00e+00	0.00e+00	0.00e+00	0.00e+00	1.47e-29	5.28e-26	1.08e-22	3.15e-19	2.66e-16	9.83e-14	1.74e-11	1.88e-09	1.18e-07	4.76e-06	2.12e-04	1.73e-02	2.05e-01	7.78e-01
 5.07111e+22	0.00e+00	0.00e+00	0.00e+00	0.00e+00	2.29e-29	7.97e-26	1.58e-22	4.45e-19	3.61e-16	1.29e-13	2.19e-11	2.29e-09	1.39e-07	5.42e-06	2.33e-04	1.83e-02	2.10e-01	7.71e-01
 5.15010e+22	0.00e+00	0.00e+00	0.00e+00	0.00e+00	3.96e-29	1.33e-25	2.53e-22	6.80e-19	5.27e-16	1.80e-13	2.93e-11	2.92e-09	1.70e-07	6.35e-06	2.61e-04	1.98e-02	2.17e-01	7.63e-01
 5.22830e+22	0.00e+00	0.00e+00	0.00e+00	0.00e+00	6.36e-29	2.06e-25	3.78e-22	9.80e-19	7.31e-16	2.40e-13	3.76e-11	3.61e-09	2.02e-07	7.29e-06	2.89e-04	2.11e-02	2.23e-01	7.56e-01
 5.29135e+22	0.00e+00	0.00e+00	0.00e+00	0.00e+00	9.56e-29	3.00e-25	5.36e-22	1.34e-18	9.69e-16	3.08e-13	4.67e-11	4.34e-09	2.35e-07	8.21e-06	3.15e-04	2.23e-02	2.28e-01	7.49e-01
 5.35915e+22	0.00e+00	0.00e+00	0.00e+00	0.00e+00	1.53e-28	4.66e-25	8.04e-22	1.94e-18	1.34e-15	4.10e-13	5.99e-11	5.35e-09	2.79e-07	9.41e-06	3.49e-04	2.37e-02	2.34e-01	7.42e-01
 5.43258e+22	0.00e+00	0.00e+00	0.00e+00	0.00e+00	1.20e-28	3.52e-25	5.86e-22	2.78e-18	1.86e-15	5.45e-13	7.67e-11	6.60e-09	3.32e-07	1.08e-05	3.85e-04	2.53e-02	2.40e-01	7.34e-01
 5.50014e+22	0.00e+00	0.00e+00	0.00e+00	0.00e+00	3.76e-28	1.07e-24	1.73e-21	3.88e-18	2.50e-15	7.09e-13	9.63e-11	8.00e-09	3.89e-07	1.22e-05	4.22e-04	2.68e-02	2.46e-01	7.26e-01
 5.57476e+22	0.00e+00	0.00e+00	0.00e+00	0.00e+00	3.08e-28	8.49e-25	1.32e-21	5.80e-18	3.57e-15	9.71e-13	1.26e-10	1.01e-08	4.69e-07	1.42e-05	4.70e-04	2.87e-02	2.53e-01	7.18e-01
 5.65075e+22	0.00e+00	0.00e+00	0.00e+00	0.00e+00	4.95e-28	1.32e-24	1.98e-21	8.36e-18	4.96e-15	1.30e-12	1.62e-10	1.24e-08	5.59e-07	1.62e-05	5.20e-04	3.05e-02	2.60e-01	7.09e-01
 5.71406e+22	0.00e+00	0.00e+00	0.00e+00	0.00e+00	7.44e-28	1.92e-24	2.80e-21	1.14e-17	6.56e-15	1.66e-12	2.01e-10	1.49e-08	6.48e-07	1.83e-05	5.66e-04	3.22e-02	2.66e-01	7.02e-01
 5.78192e+22	0.00e+00	0.00e+00	0.00e+00	0.00e+00	1.19e-27	2.98e-24	4.20e-21	1.65e-17	9.09e-15	2.21e-12	2.58e-10	1.84e-08	7.70e-07	2.09e-05	6.24e-04	3.43e-02	2.72e-01	6.93e-01
 5.85511e+22	0.00e+00	0.00e+00	0.00e+00	4.99e-31	1.88e-27	4.56e-24	6.22e-21	2.35e-17	1.25e-14	2.92e-12	3.28e-10	2.26e-08	9.10e-07	2.38e-05	6.87e-04	3.64e-02	2.79e-01	6.84e-01
 5.92285e+22	0.00e+00	0.00e+00	0.00e+00	7.98e-31	2.93e-27	6.87e-24	9.06e-21	3.30e-17	1.69e-14	3.82e-12	4.14e-10	2.75e-08	1.07e-06	2.71e-05	7.53e-04	3.85e-02	2.85e-01	6.76e-01
 5.98856e+22	0.00e+00	0.00e+00	0.00e+00	1.27e-30	4.50e-27	1.02e-23	1.31e-20	4.61e-17	2.28e-14	4.97e-12	5.20e-10	3.33e-08	1.25e-06	3.06e-05	8.24e-04	4.08e-02	2.91e-01	6.67e-01
 6.05175e+22	0.00e+00	0.00e+00	0.00e+00	1.94e-30	6.72e-27	1.49e-23	1.85e-20	6.28e-17	3.00e-14	6.34e-12	6.42e-10	3.98e-08	1.45e-06	3.43e-05	8.95e-04	4.29e-02	2.97e-01	6.59e-01
 6.12163e+22	0.00e+00	0.00e+00	0.00e+00	3.24e-30	1.08e-26	2.32e-23	2.78e-20	9.10e-17	4.18e-14	8.48e-12	8.26e-10	4.92e-08	1.72e-06	3.93e-05	9.87e-04	4.56e-02	3.04e-01	6.49e-01
 6.19482e+22	0.00e+00	0.00e+00	0.00e+00	5.26e-30	1.71e-26	3.54e-23	4.10e-20	1.29e-16	5.73e-14	1.12e-11	1.05e-09	6.02e-08	2.03e-06	4.48e-05	1.08e-03	4.83e-02	3.11e-01	6.40e-01
 6.25921e+22	0.00e+00	0.00e+00	0.00e+00	8.22e-30	2.59e-26	5.21e-23	5.85e-20	1.79e-16	7.64e-14	1.44e-11	1.31e-09	7.25e-08	2.37e-06	5.05e-05	1.18e-03	5.10e-02	3.17e-01	6.31e-01
 6.32982e+22	0.00e+00	0.00e+00	0.00e+00	1.38e-29	4.21e-26	8.20e-23	8.89e-20	2.61e-16	1.07e-13	1.94e-11	1.69e-09	9.00e-08	2.82e-06	5.79e-05	1.31e-03	5.42e-02	3.24e-01	6.21e-01
 6.40505e+22	0.00e+00	0.00e+00	0.00e+00	2.29e-29	6.76e-26	1.27e-22	1.33e-19	3.75e-16	1.48e-13	2.59e-11	2.17e-09	1.11e-07	3.36e-06	6.63e-05	1.44e-03	5.75e-02	3.31e-01	6.10e-01
 6.46932e+22	0.00e+00	0.00e+00	0.00e+00	3.53e-29	1.01e-25	1.85e-22	1.88e-19	5.13e-16	1.96e-13	3.31e-11	2.68e-09	1.33e-07	3.89e-06	7.43e-05	1.56e-03	6.05e-02	3.37e-01	6.01e-01
 6.52705e+22	0.00e+00	0.00e+00	0.00e+00	5.29e-29	1.48e-25	2.63e-22	2.59e-19	6.87e-16	2.54e-13	4.16e-11	3.27e-09	1.57e-07	4.46e-06	8.27e-05	1.69e-03	6.33e-02	3.42e-01	5.93e-01
 6.59323e+22	0.00e+00	0.00e+00	0.00e+00	8.52e-29	2.31e-25	3.98e-22	3.80e-19	9.71e-16	3.46e-13	5.46e-11	4.14e-09	1.92e-07	5.24e-06	9.38e-05	1.85e-03	6.69e-02	3.49e-01	5.82e-01
 6.66506e+22	0.00e+00	0.00e+00	0.00e+00	1.40e-28	3.67e-25	6.11e-22	5.64e-19	1.39e-15	4.77e-13	7.24e-11	5.28e-09	2.36e-07	6.21e-06	1.07e-04	2.03e-03	7.08e-02	3.55e-01	5.72e-01
 6.73012e+22	0.00e+00	0.00e+00	0.00e+00	1.25e-28	3.18e-25	5.15e-22	7.97e-19	1.90e-15	6.31e-13	9.26e-11	6.54e-09	2.82e-07	7.19e-06	1.20e-04	2.20e-03	7.44e-02	3.61e-01	5.62e-01
 6.80059e+22	0.00e+00	0.00e+00	0.00e+00	2.10e-28	5.17e-25	8.11e-22	1.21e-18	2.77e-15	8.82e-13	1.24e-10	8.44e-09	3.50e-07	8.56e-06	1.37e-04	2.42e-03	7.88e-02	3.68e-01	5.51e-01
 6.87197e+22	0.00e+00	0.00e+00	0.00e+00	3.37e-28	8.04e-25	1.22e-21	1.75e-18	3.88e-15	1.20e-12	1.63e-10	1.06e-08	4.26e-07	1.01e-05	1.56e-04	2.65e-03	8.31e-02	3.74e-01	5.40e-01
 6.93156e+22	0.00e+00	0.00e+00	0.00e+00	5.07e-28	1.18e-24	1.74e-21	2.43e-18	5.21e-15	1.56e-12	2.05e-10	1.30e-08	5.05e-07	1.16e-05	1.73e-04	2.86e-03	8.70e-02	3.79e-01	5.31e-01
 6.99608e+22	0.00e+00	0.00e+00	0.00e+00	8.19e-28	1.84e-24	2.63e-21	3.55e-18	7.36e-15	2.12e-12	2.70e-10	1.65e-08	6.16e-07	1.36e-05	1.96e-04	3.12e-03	9.16e-02	3.85e-01	5.20e-01
 7.06558e+22	0.00e+00	0.00e+00	0.00e+00	1.32e-27	2.87e-24	3.97e-21	5.17e-18	1.04e-14	2.88e-12	3.53e-10	2.08e-08	7.50e-07	1.60e-05	2.22e-04	3.41e-03	9.65e-02	3.91e-01	5.08e-01
 7.12918e+22	0.00e+00	0.00e+00	2.81e-31	2.03e-27	4.30e-24	5.78e-21	7.28e-18	1.41e-14	3.80e-12	4.51e-10	2.57e-08	8.98e-07	1.85e-05	2.49e-04	3.69e-03	1.01e-01	3.97e-01	4.98e-01
 7.19945e+22	0.00e+00	0.00e+00	4.91e-31	3.43e-27	7.03e-24	9.11e-21	1.10e-17	2.06e-14	5.33e-12	6.08e-10	3.33e-08	1.12e-06	2.21e-05	2.85e-04	4.06e-03	1.07e-01	4.03e-01	4.86e-01
 7.26956e+22	0.00e+00	0.00e+00	8.05e-31	5.47e-27	1.08e-23	1.36e-20	1.59e-17	2.88e-14	7.18e-12	7.91e-10	4.19e-08	1.36e-06	2.58e-05	3.22e-04	4.43e-03	1.12e-01	4.08e-01	4.75e-01
 7.32695e+22	0.00e+00	0.00e+00	1.22e-30	8.12e-27	1.57e-23	1.91e-20	2.17e-17	3.82e-14	9.25e-12	9.90e-10	5.08e-08	1.60e-06	2.95e-05	3.57e-04	4.76e-03	1.17e-01	4.12e-01	4.65e-01
 7.38903e+22	0.00e+00	0.00e+00	2.02e-30	1.30e-26	2.43e-23	2.87e-20	3.14e-17	5.35e-14	1.25e-11	1.29e-09	6.41e-08	1.94e-06	3.46e-05	4.03e-04	5.18e-03	1.23e-01	4.17e-01	4.54e-01
 7.45570e+22	0.00e+00	0.00e+00	3.29e-30	2.06e-26	3.73e-23	4.27e-20	4.51e-17	7.43e-14	1.68e-11	1.68e-09	8.03e-08	2.35e-06	4.04e-05	4.54e-04	5.63e-03	1.29e-01	4.22e-01	4.43e-01
 7.51710e+22	0.00e+00	0.00e+00	5.18e-30	3.16e-26	5.55e-23	6.15e-20	6.29e-17	1.01e-13	2.21e-11	2.14e-09	9.89e-08	2.80e-06	4.67e-05	5.07e-04	6.08e-03	1.35e-01	4.26e-01	4.32e-01
 7.58567e+22	0.00e+00	0.00e+00	9.20e-30	5.42e-26	9.17e-23	9.77e-20	9.59e-17	1.48e-13	3.12e-11	2.90e-09	1.29e-07	3.51e-06	5.61e-05	5.83e-04	6.69e-03	1.42e-01	4.31e-01	4.19e-01
 7.65323e+22	0.00e+00	0.00e+00	1.47e-29	8.41e-26	1.38e-22	1.42e-19	1.35e-16	2.02e-13	4.13e-11	3.71e-09	1.60e-07	4.21e-06	6.51e-05	6.53e-04	7.24e-03	1.49e-01	4.35e-01	4.08e-01
 7.70858e+22	0.00e+00	0.00e+00	2.20e-29	1.23e-25	1.96e-22	1.97e-19	1.81e-16	2.65e-13	5.25e-11	4.60e-09	1.92e-07	4.92e-06	7.39e-05	7.19e-04	7.74e-03	1.54e-01	4.38e-01	3.99e-01
 7.76963e+22	0.00e+00	0.00e+00	3.69e-29	2.00e-25	3.08e-22	2.99e-19	2.64e-16	3.74e-13	7.17e-11	6.05e-09	2.44e-07	6.03e-06	8.71e-05	8.16e-04	8.44e-03	1.62e-01	4.42e-01	3.87e-01
 7.83332e+22	0.00e+00	0.00e+00	5.87e-29	3.09e-25	4.61e-22	4.32e-19	3.69e-16	5.07e-13	9.44e-11	7.73e-09	3.02e-07	7.23e-06	1.01e-04	9.12e-04	9.11e-03	1.69e-01	4.45e-01	3.76e-01
 7.89087e+22	0.00e+00	0.00e+00	9.15e-29	4.68e-25	6.78e-22	6.16e-19	5.08e-16	6.81e-13	1.23e-10	9.78e-09	3.71e-07	8.59e-06	1.16e-04	1.01e-03	9.79e-03	1.76e-01	4.48e-01	3.66e-01
 7.95610e+22	0.00e+00	0.00e+00	1.58e-28	7.81e-25	1.09e-21	9.51e-19	7.53e-16	9.76e-13	1.70e-10	1.30e-08	4.76e-07	1.06e-05	1.38e-04	1.16e-03	1.07e-02	1.84e-01	4.50e-01	3.53e-01
 8.02103e+22	0.00e+00	0.00e+00	2.55e-28	1.22e-24	1.65e-21	1.39e-18	1.06e-15	1.34e-12	2.26e-10	1.68e-08	5.92e-07	1.28e-05	1.61e-04	1.30e-03	1.16e-02	1.92e-01	4.53e-01	3.42e-01
 8.07397e+22	0.00e+00	0.00e+00	3.84e-28	1.79e-24	2.35e-21	1.92e-18	1.42e-15	1.75e-12	2.88e-10	2.08e-08	7.14e-07	1.50e-05	1.83e-04	1.43e-03	1.23e-02	1.99e-01	4.54e-01	3.33e-01
 8.13122e+22	0.00e+00	0.00e+00	6.28e-28	2.84e-24	3.59e-21	2.83e-18	2.01e-15	2.41e-12	3.85e-10	2.69e-08	8.94e-07	1.81e-05	2.13e-04	1.60e-03	1.34e-02	2.07e-01	4.56e-01	3.22e-01
 8.19183e+22	0.00e+00	0.00e+00	9.85e-28	4.33e-24	5.29e-21	4.05e-18	2.77e-15	3.24e-12	5.03e-10	3.41e-08	1.10e-06	2.16e-05	2.46e-04	1.78e-03	1.43e-02	2.15e-01	4.57e-01	3.12e-01
 8.24771e+22	0.00e+00	0.00e+00	1.54e-27	6.58e-24	7.79e-21	5.75e-18	3.80e-15	4.34e-12	6.55e-10	4.32e-08	1.35e-06	2.57e-05	2.83e-04	1.98e-03	1.54e-02	2.23e-01	4.58e-01	3.02e-01
 8.30255e+22	0.00e+00	1.74e-31	2.41e-27	9.96e-24	1.14e-20	8.15e-18	5.20e-15	5.79e-12	8.50e-10	5.44e-08	1.65e-06	3.05e-05	3.26e-04	2.20e-03	1.65e-02	2.31e-01	4.58e-01	2.92e-01
 8.35536e+22	0.00e+00	2.73e-31	3.66e-27	1.47e-23	1.64e-20	1.13e-17	6.97e-15	7.59e-12	1.09e-09	6.78e-08	2.00e-06	3.59e-05	3.71e-04	2.43e-03	1.76e-02	2.39e-01	4.58e-01	2.82e-01
 8.41422e+22	0.00e+00	4.81e-31	6.20e-27	2.41e-23	2.57e-20	1.71e-17	1.01e-14	1.07e-11	1.48e-09	8.92e-08	2.54e-06	4.40e-05	4.38e-04	2.74e-03	1.91e-02	2.49e-01	4.58e-01	2.71e-01
 8.47349e+22	0.00e+00	7.59e-31	9.51e-27	3.59e-23	3.71e-20	2.39e-17	1.36e-14	1.41e-11	1.90e-09	1.12e-07	3.08e-06	5.19e-05	5.00e-04	3.03e-03	2.04e-02	2.57e-01	4.57e-01	2.62e-01
 8.52545e+22	0.00e+00	1.22e-30	1.48e-26	5.41e-23	5.40e-20	3.35e-17	1.84e-14	1.87e-11	2.45e-09	1.40e-07	3.76e-06	6.15e-05	5.74e-04	3.35e-03	2.18e-02	2.66e-01	4.56e-01	2.52e-01
 8.57663e+22	0.00e+00	1.89e-30	2.23e-26	7.95e-23	7.69e-20	4.62e-17	2.45e-14	2.43e-11	3.12e-09	1.74e-07	4.53e-06	7.21e-05	6.53e-04	3.68e-03	2.32e-02	2.74e-01	4.55e-01	2.44e-01
 8.63465e+22	0.00e+00	3.28e-30	3.73e-26	1.28e-22	1.19e-19	6.89e-17	3.50e-14	3.39e-11	4.22e-09	2.27e-07	5.72e-06	8.78e-05	7.66e-04	4.14e-03	2.50e-02	2.84e-01	4.53e-01	2.33e-01
 8.69479e+22	0.00e+00	5.43e-30	5.96e-26	1.98e-22	1.78e-19	9.87e-17	4.81e-14	4.56e-11	5.53e-09	2.89e-07	7.06e-06	1.05e-04	8.86e-04	4.61e-03	2.68e-02	2.93e-01	4.51e-01	2.23e-01
 8.74603e+22	0.00e+00	8.39e-30	8.95e-26	2.90e-22	2.51e-19	1.35e-16	6.36e-14	5.91e-11	7.00e-09	3.57e-07	8.48e-06	1.23e-04	1.00e-03	5.05e-03	2.84e-02	3.01e-01	4.49e-01	2.15e-01
 8.80100e+22	0.00e+00	1.45e-29	1.49e-25	4.64e-22	3.86e-19	1.99e-16	8.98e-14	8.15e-11	9.38e-09	4.64e-07	1.07e-05	1.49e-04	1.17e-03	5.66e-03	3.06e-02	3.12e-01	4.46e-01	2.05e-01
 8.85777e+22	0.00e+00	2.28e-29	2.27e-25	6.89e-22	5.55e-19	2.77e-16	1.20e-13	1.07e-10	1.20e-08	5.78e-07	1.29e-05	1.75e-04	1.34e-03	6.23e-03	3.25e-02	3.20e-01	4.43e-01	1.97e-01
 8.90870e+22	0.00e+00	3.62e-29	3.50e-25	1.03e-21	7.99e-19	3.84e-16	1.61e-13	1.40e-10	1.54e-08	7.22e-07	1.57e-05	2.07e-04	1.53e-03	6.86e-03	3.45e-02	3.29e-01	4.39e-01	1.89e-01
 8.95841e+22	0.00e+00	5.59e-29	5.24e-25	1.50e-21	1.13e-18	5.24e-16	2.12e-13	1.81e-10	1.94e-08	8.90e-07	1.88e-05	2.41e-04	1.73e-03	7.50e-03	3.65e-02	3.37e-01	4.35e-01	1.81e-01
 9.01471e+22	0.00e+00	9.69e-29	8.75e-25	2.41e-21	1.74e-18	7.75e-16	2.99e-13	2.51e-10	2.61e-08	1.16e-06	2.36e-05	2.93e-04	2.02e-03	8.39e-03	3.92e-02	3.47e-01	4.31e-01	1.72e-01
 9.07258e+22	0.00e+00	1.58e-28	1.38e-24	3.68e-21	2.56e-18	1.09e-15	4.05e-13	3.34e-10	3.39e-08	1.46e-06	2.90e-05	3.48e-04	2.32e-03	9.27e-03	4.17e-02	3.57e-01	4.26e-01	1.64e-01
 9.12199e+22	0.00e+00	2.47e-28	2.09e-24	5.38e-21	3.61e-18	1.49e-15	5.32e-13	4.32e-10	4.29e-08	1.81e-06	3.48e-05	4.07e-04	2.63e-03	1.01e-02	4.40e-02	3.65e-01	4.21e-01	1.57e-01
 9.17571e+22	0.00e+00	4.15e-28	3.39e-24	8.44e-21	5.44e-18	2.16e-15	7.37e-13	5.86e-10	5.67e-08	2.32e-06	4.32e-05	4.89e-04	3.04e-03	1.13e-02	4.69e-02	3.74e-01	4.15e-01	1.49e-01
 9.23234e+22	0.00e+00	6.83e-28	5.38e-24	1.29e-20	8.02e-18	3.05e-15	9.99e-13	7.80e-10	7.38e-08	2.94e-06	5.31e-05	5.82e-04	3.49e-03	1.24e-02	4.98e-02	3.83e-01	4.09e-01	1.41e-01
 9.28312e+22	0.00e+00	1.07e-27	8.15e-24	1.90e-20	1.14e-17	4.18e-15	1.32e-12	1.01e-09	9.36e-08	3.64e-06	6.38e-05	6.81e-04	3.95e-03	1.36e-02	5.26e-02	3.91e-01	4.03e-01	1.35e-01
 9.33947e+22	0.00e+00	1.86e-27	1.37e-23	3.07e-20	1.76e-17	6.17e-15	1.85e-12	1.40e-09	1.26e-07	4.73e-06	8.03e-05	8.26e-04	4.61e-03	1.51e-02	5.61e-02	4.01e-01	3.96e-01	1.27e-01
 9.39862e+22	0.00e+00	3.13e-27	2.22e-23	4.80e-20	2.63e-17	8.84e-15	2.53e-12	1.88e-09	1.65e-07	6.06e-06	9.94e-05	9.89e-04	5.32e-03	1.68e-02	5.95e-02	4.09e-01	3.89e-01	1.19e-01
 9.44827e+22	0.00e+00	4.74e-27	3.25e-23	6.84e-20	3.63e-17	1.18e-14	3.25e-12	2.38e-09	2.06e-07	7.36e-06	1.18e-04	1.14e-03	5.95e-03	1.81e-02	6.24e-02	4.16e-01	3.82e-01	1.14e-01
 9.49966e+22	0.00e+00	8.03e-27	5.31e-23	1.07e-19	5.46e-17	1.69e-14	4.47e-12	3.22e-09	2.71e-07	9.44e-06	1.46e-04	1.37e-03	6.87e-03	2.01e-02	6.61e-02	4.24e-01	3.74e-01	1.07e-01
 9.55263e+22	0.00e+00	1.27e-26	8.11e-23	1.59e-19	7.76e-17	2.31e-14	5.86e-12	4.17e-09	3.44e-07	1.17e-05	1.76e-04	1.60e-03	7.78e-03	2.19e-02	6.95e-02	4.31e-01	3.67e-01	1.01e-01
 9.59618e+22	0.00e+00	1.84e-26	1.15e-22	2.18e-19	1.03e-16	2.99e-14	7.31e-12	5.16e-09	4.19e-07	1.40e-05	2.05e-04	1.82e-03	8.60e-03	2.35e-02	7.23e-02	4.36e-01	3.61e-01	9.67e-02
 9.64136e+22	0.00e+00	2.94e-26	1.77e-22	3.25e-19	1.48e-16	4.11e-14	9.63e-12	6.71e-09	5.34e-07	1.74e-05	2.48e-04	2.13e-03	9.75e-03	2.56e-02	7.59e-02	4.42e-01	3.53e-01	9.11e-02
 9.68454e+22	0.00e+00	4.17e-26	2.45e-22	4.38e-19	1.93e-16	5.19e-14	1.18e-11	8.16e-09	6.40e-07	2.04e-05	2.85e-04	2.40e-03	1.07e-02	2.73e-02	7.87e-02	4.47e-01	3.47e-01	8.72e-02
 9.71922e+22	0.00e+00	5.87e-26	3.35e-22	5.84e-19	2.50e-16	6.52e-14	1.43e-11	9.86e-09	7.63e-07	2.39e-05	3.27e-04	2.70e-03	1.17e-02	2.90e-02	8.14e-02	4.51e-01	3.40e-01	8.34e-02
 9.75314e+22	0.00e+00	8.10e-26	4.51e-22	7.68e-19	3.20e-16	8.09e-14	1.73e-11	1.18e-08	9.01e-07	2.78e-05	3.72e-04	3.01e-03	1.27e-02	3.08e-02	8.40e-02	4.55e-01	3.35e-01	7.99e-02
 9.78638e+22	0.00e+00	1.10e-25	5.97e-22	9.92e-19	4.03e-16	9.91e-14	2.06e-11	1.40e-08	1.05e-06	3.20e-05	4.20e-04	3.33e-03	1.38e-02	3.25e-02	8.65e-02	4.58e-01	3.29e-01	7.67e-02
 9.82398e+22	0.00e+00	1.65e-25	8.70e-22	1.40e-18	5.47e-16	1.30e-13	2.59e-11	1.75e-08	1.30e-06	3.86e-05	4.95e-04	3.81e-03	1.53e-02	3.49e-02	8.99e-02	4.62e-01	3.21e-01	7.26e-02
 9.86123e+22	0.00e+00	2.27e-25	1.17e-21	1.83e-18	6.96e-16	1.60e-13	3.10e-11	2.08e-08	1.53e-06	4.48e-05	5.62e-04	4.24e-03	1.67e-02	3.69e-02	9.26e-02	4.64e-01	3.15e-01	6.94e-02
 9.89174e+22	0.00e+00	3.04e-25	1.53e-21	2.35e-18	8.67e-16	1.94e-13	3.66e-11	2.44e-08	1.77e-06	5.12e-05	6.31e-04	4.68e-03	1.80e-02	3.88e-02	9.51e-02	4.67e-01	3.09e-01	6.66e-02
 9.92509e+22	0.00e+00	4.32e-25	2.12e-21	3.16e-18	1.13e-15	2.45e-13	4.45e-11	2.96e-08	2.12e-06	6.02e-05	7.26e-04	5.25e-03	1.97e-02	4.13e-02	9.81e-02	4.69e-01	3.02e-01	6.33e-02
 9.95943e+22	0.00e+00	5.85e-25	2.80e-21	4.07e-18	1.42e-15	2.99e-13	5.28e-11	3.49e-08	2.48e-06	6.92e-05	8.18e-04	5.80e-03	2.12e-02	4.34e-02	1.01e-01	4.71e-01	2.96e-01	6.06e-02
 9.99008e+22	0.00e+00	7.89e-25	3.69e-21	5.24e-18	1.78e-15	3.63e-13	6.23e-11	4.11e-08	2.88e-06	7.94e-05	9.21e-04	6.40e-03	2.29e-02	4.57e-02	1.03e-01	4.73e-01	2.90e-01	5.80e-02
 1.00204e+23	0.00e+00	1.08e-24	4.94e-21	6.82e-18	2.24e-15	4.43e-13	7.37e-11	4.86e-08	3.38e-06	9.17e-05	1.04e-03	7.10e-03	2.48e-02	4.82e-02	1.06e-01	4.74e-01	2.84e-01	5.53e-02
 1.00499e+23	0.00e+00	1.44e-24	6.43e-21	8.67e-18	2.77e-15	5.33e-13	8.62e-11	5.67e-08	3.90e-06	1.04e-04	1.17e-03	7.79e-03	2.66e-02	5.05e-02	1.09e-01	4.75e-01	2.78e-01	5.29e-02
 1.00830e+23	0.00e+00	2.10e-24	9.09e-21	1.19e-17	3.65e-15	6.76e-13	1.05e-10	6.92e-08	4.71e-06	1.24e-04	1.35e-03	8.80e-03	2.92e-02	5.37e-02	1.12e-01	4.75e-01	2.70e-01	4.99e-02
 1.01149e+23	0.00e+00	2.78e-24	1.17e-20	1.50e-17	4.48e-15	8.08e-13	1.22e-10	8.03e-08	5.41e-06	1.40e-04	1.50e-03	9.62e-03	3.13e-02	5.61e-02	1.14e-01	4.76e-01	2.64e-01	4.77e-02
 1.01410e+23	0.00e+00	3.69e-24	1.52e-20	1.89e-17	5.50e-15	9.61e-13	1.41e-10	9.30e-08	6.22e-06	1.59e-04	1.68e-03	1.05e-02	3.35e-02	5.87e-02	1.16e-01	4.76e-01	2.58e-01	4.56e-02
 1.01669e+23	0.00e+00	4.80e-24	1.94e-20	2.35e-17	6.67e-15	1.13e-12	1.62e-10	1.07e-07	7.09e-06	1.79e-04	1.86e-03	1.14e-02	3.57e-02	6.11e-02	1.19e-01	4.75e-01	2.52e-01	4.37e-02
 1.01965e+23	0.00e+00	6.81e-24	2.67e-20	3.13e-17	8.57e-15	1.41e-12	1.94e-10	1.28e-07	8.42e-06	2.10e-04	2.12e-03	1.28e-02	3.88e-02	6.45e-02	1.21e-01	4.74e-01	2.45e-01	4.12e-02
 1.02266e+23	0.00e+00	9.23e-24	3.52e-20	4.02e-17	1.07e-14	1.69e-12	2.25e-10	1.50e-07	9.76e-06	2.40e-04	2.38e-03	1.41e-02	4.17e-02	6.75e-02	1.24e-01	4.73e-01	2.38e-01	3.91e-02
 1.02526e+23	0.00e+00	1.20e-23	4.48e-20	5.00e-17	1.29e-14	1.99e-12	2.58e-10	1.71e-07	1.11e-05	2.70e-04	2.63e-03	1.52e-02	4.43e-02	7.02e-02	1.26e-01	4.72e-01	2.32e-01	3.74e-02
 1.02817e+23	0.00e+00	1.76e-23	6.34e-20	6.81e-17	1.68e-14	2.49e-12	3.10e-10	2.07e-07	1.33e-05	3.18e-04	3.03e-03	1.71e-02	4.84e-02	7.42e-02	1.29e-01	4.69e-01	2.24e-01	3.49e-02
 1.03107e+23	0.00e+00	2.28e-23	8.04e-20	8.44e-17	2.03e-14	2.92e-12	3.54e-10	2.37e-07	1.51e-05	3.57e-04	3.35e-03	1.86e-02	5.14e-02	7.70e-02	1.31e-01	4.67e-01	2.18e-01	3.33e-02
 1.03396e+23	0.00e+00	3.36e-23	1.14e-19	1.15e-16	2.66e-14	3.65e-12	4.24e-10	2.87e-07	1.82e-05	4.23e-04	3.86e-03	2.09e-02	5.61e-02	8.13e-02	1.33e-01	4.63e-01	2.10e-01	3.10e-02
 1.03676e+23	0.00e+00	4.35e-23	1.45e-19	1.42e-16	3.19e-14	4.26e-12	4.80e-10	3.27e-07	2.06e-05	4.73e-04	4.25e-03	2.26e-02	5.94e-02	8.42e-02	1.35e-01	4.60e-01	2.04e-01	2.96e-02
 1.03944e+23	0.00e+00	6.16e-23	1.98e-19	1.88e-16	4.06e-14	5.20e-12	5.65e-10	3.88e-07	2.43e-05	5.49e-04	4.83e-03	2.50e-02	6.41e-02	8.82e-02	1.37e-01	4.56e-01	1.96e-01	2.77e-02
 1.04221e+23	0.00e+00	8.26e-23	2.59e-19	2.39e-16	4.97e-14	6.15e-12	6.47e-10	4.48e-07	2.79e-05	6.23e-04	5.37e-03	2.73e-02	6.83e-02	9.17e-02	1.39e-01	4.52e-01	1.90e-01	2.61e-02
 1.04509e+23	0.00e+00	1.22e-22	3.69e-19	3.26e-16	6.50e-14	7.67e-12	7.70e-10	5.41e-07	3.35e-05	7.36e-04	6.18e-03	3.06e-02	7.43e-02	9.63e-02	1.41e-01	4.45e-01	1.81e-01	2.42e-02
 1.04788e+23	0.00e+00	1.60e-22	4.70e-19	4.04e-16	7.81e-14	8.93e-12	8.70e-10	6.16e-07	3.79e-05	8.24e-04	6.80e-03	3.30e-02	7.85e-02	9.95e-02	1.42e-01	4.41e-01	1.75e-01	2.29e-02
 1.05052e+23	0.00e+00	2.32e-22	6.60e-19	5.44e-16	1.00e-13	1.09e-11	1.02e-09	7.35e-07	4.50e-05	9.64e-04	7.77e-03	3.67e-02	8.48e-02	1.04e-01	1.44e-01	4.34e-01	1.67e-01	2.11e-02
 1.05316e+23	0.00e+00	3.04e-22	8.41e-19	6.74e-16	1.21e-13	1.27e-11	1.15e-09	8.35e-07	5.10e-05	1.08e-03	8.54e-03	3.95e-02	8.95e-02	1.07e-01	1.45e-01	4.28e-01	1.61e-01	1.99e-02
 1.05578e+23	0.00e+00	4.43e-22	1.18e-18	9.06e-16	1.55e-13	1.56e-11	1.35e-09	9.94e-07	6.04e-05	1.26e-03	9.73e-03	4.38e-02	9.64e-02	1.12e-01	1.46e-01	4.20e-01	1.53e-01	1.83e-02
 1.05843e+23	0.00e+00	5.87e-22	1.52e-18	1.13e-15	1.87e-13	1.81e-11	1.52e-09	1.13e-06	6.86e-05	1.41e-03	1.07e-02	4.73e-02	1.02e-01	1.15e-01	1.47e-01	4.13e-01	1.47e-01	1.72e-02
 1.06111e+23	0.00e+00	8.71e-22	2.17e-18	1.54e-15	2.42e-13	2.23e-11	1.78e-09	1.35e-06	8.17e-05	1.66e-03	1.22e-02	5.25e-02	1.10e-01	1.20e-01	1.47e-01	4.03e-01	1.39e-01	1.57e-02
 1.06379e+23	0.00e+00	1.16e-21	2.80e-18	1.93e-15	2.92e-13	2.59e-11	2.00e-09	1.54e-06	9.27e-05	1.86e-03	1.35e-02	5.66e-02	1.15e-01	1.23e-01	1.47e-01	3.95e-01	1.33e-01	1.47e-02
 1.06648e+23	0.00e+00	1.71e-21	3.96e-18	2.60e-15	3.75e-13	3.17e-11	2.33e-09	1.84e-06	1.10e-04	2.17e-03	1.53e-02	6.24e-02	1.24e-01	1.27e-01	1.47e-01	3.84e-01	1.25e-01	1.33e-02
 1.06915e+23	0.00e+00	2.28e-21	5.15e-18	3.26e-15	4.53e-13	3.68e-11	2.62e-09	2.09e-06	1.24e-04	2.43e-03	1.68e-02	6.71e-02	1.30e-01	1.31e-01	1.47e-01	3.75e-01	1.19e-01	1.24e-02
 1.07179e+23	0.00e+00	3.35e-21	7.26e-18	4.39e-15	5.81e-13	4.47e-11	3.03e-09	2.47e-06	1.47e-04	2.82e-03	1.90e-02	7.37e-02	1.38e-01	1.35e-01	1.46e-01	3.63e-01	1.11e-01	1.12e-02
 1.07447e+23	0.00e+00	4.55e-21	9.54e-18	5.55e-15	7.06e-13	5.22e-11	3.41e-09	2.82e-06	1.67e-04	3.17e-03	2.09e-02	7.93e-02	1.45e-01	1.38e-01	1.46e-01	3.53e-01	1.05e-01	1.03e-02
 1.07721e+23	0.00e+00	6.79e-21	1.36e-17	7.55e-15	9.10e-13	6.36e-11	3.96e-09	3.34e-06	1.97e-04	3.69e-03	2.37e-02	8.70e-02	1.54e-01	1.41e-01	1.44e-01	3.39e-01	9.76e-02	9.27e-03
 1.07998e+23	0.00e+00	9.29e-21	1.80e-17	9.60e-15	1.11e-12	7.43e-11	4.45e-09	3.81e-06	2.24e-04	4.14e-03	2.61e-02	9.33e-02	1.62e-01	1.44e-01	1.43e-01	3.28e-01	9.18e-02	8.48e-03
 1.08278e+23	0.00e+00	1.40e-20	2.60e-17	1.31e-14	1.44e-12	9.08e-11	5.17e-09	4.50e-06	2.63e-04	4.80e-03	2.94e-02	1.02e-01	1.71e-01	1.47e-01	1.40e-01	3.13e-01	8.45e-02	7.53e-03
 1.08560e+23	0.00e+00	1.92e-20	3.44e-17	1.67e-14	1.75e-12	1.06e-10	5.80e-09	5.11e-06	2.98e-04	5.37e-03	3.22e-02	1.09e-01	1.78e-01	1.49e-01	1.39e-01	3.01e-01	7.91e-02	6.85e-03
 1.08804e+23	0.00e+00	2.60e-20	4.51e-17	2.10e-14	2.12e-12	1.23e-10	6.48e-09	5.78e-06	3.36e-04	5.98e-03	3.51e-02	1.16e-01	1.85e-01	1.51e-01	1.36e-01	2.90e-01	7.40e-02	6.23e-03
 1.09079e+23	0.00e+00	3.86e-20	6.40e-17	2.83e-14	2.71e-12	1.49e-10	7.46e-09	6.74e-06	3.90e-04	6.85e-03	3.91e-02	1.25e-01	1.94e-01	1.53e-01	1.33e-01	2.75e-01	6.77e-02	5.51e-03
 1.09357e+23	0.00e+00	5.24e-20	8.40e-17	3.57e-14	3.28e-12	1.72e-10	8.32e-09	7.59e-06	4.37e-04	7.59e-03	4.25e-02	1.33e-01	2.01e-01	1.54e-01	1.31e-01	2.64e-01	6.30e-02	4.99e-03
 1.09638e+23	0.00e+00	7.79e-20	1.20e-16	4.82e-14	4.20e-12	2.08e-10	9.58e-09	8.81e-06	5.05e-04	8.65e-03	4.72e-02	1.43e-01	2.09e-01	1.55e-01	1.27e-01	2.48e-01	5.73e-02	4.37e-03
 1.09920e+23	0.00e+00	1.04e-19	1.55e-16	6.03e-14	5.04e-12	2.40e-10	1.07e-08	9.84e-06	5.62e-04	9.51e-03	5.08e-02	1.50e-01	2.15e-01	1.55e-01	1.24e-01	2.37e-01	5.32e-02	3.95e-03
 1.10203e+23	0.00e+00	1.55e-19	2.20e-16	8.10e-14	6.43e-12	2.90e-10	1.23e-08	1.13e-05	6.44e-04	1.08e-02	5.60e-02	1.60e-01	2.22e-01	1.55e-01	1.20e-01	2.23e-01	4.81e-02	3.45e-03
 1.10491e+23	0.00e+00	2.07e-19	2.85e-16	1.01e-13	7.74e-12	3.35e-10	1.37e-08	1.26e-05	7.13e-04	1.18e-02	6.02e-02	1.68e-01	2.28e-01	1.55e-01	1.17e-01	2.12e-01	4.45e-02	3.10e-03
 1.10785e+23	0.00e+00	3.04e-19	4.01e-16	1.35e-13	9.83e-12	4.04e-10	1.57e-08	1.45e-05	8.12e-04	1.32e-02	6.58e-02	1.78e-01	2.34e-01	1.54e-01	1.12e-01	1.98e-01	4.01e-02	2.70e-03
 1.11089e+23	0.00e+00	4.15e-19	5.29e-16	1.71e-13	1.20e-11	4.71e-10	1.76e-08	1.61e-05	9.00e-04	1.45e-02	7.07e-02	1.86e-01	2.39e-01	1.53e-01	1.09e-01	1.87e-01	3.68e-02	2.40e-03
 1.11405e+23	0.00e+00	6.16e-19	7.52e-16	2.31e-13	1.53e-11	5.71e-10	2.04e-08	1.85e-05	1.02e-03	1.62e-02	7.71e-02	1.97e-01	2.45e-01	1.52e-01	1.04e-01	1.73e-01	3.28e-02	2.06e-03
 1.11726e+23	0.00e+00	8.37e-19	9.89e-16	2.92e-13	1.86e-11	6.66e-10	2.29e-08	2.05e-05	1.13e-03	1.77e-02	8.24e-02	2.05e-01	2.49e-01	1.50e-01	1.00e-01	1.63e-01	3.00e-02	1.83e-03
 1.12052e+23	0.00e+00	1.24e-18	1.40e-15	3.93e-13	2.38e-11	8.08e-10	2.65e-08	2.34e-05	1.27e-03	1.97e-02	8.94e-02	2.15e-01	2.53e-01	1.48e-01	9.52e-02	1.51e-01	2.66e-02	1.56e-03
 1.12381e+23	0.00e+00	1.67e-18	1.83e-15	4.93e-13	2.88e-11	9.39e-10	2.97e-08	2.59e-05	1.40e-03	2.14e-02	9.49e-02	2.23e-01	2.56e-01	1.46e-01	9.15e-02	1.41e-01	2.42e-02	1.38e-03
 1.12713e+23	3.30e-32	2.43e-18	2.56e-15	6.58e-13	3.66e-11	1.14e-09	3.44e-08	2.93e-05	1.56e-03	2.36e-02	1.02e-01	2.32e-01	2.59e-01	1.42e-01	8.67e-02	1.30e-01	2.15e-02	1.18e-03
 1.13053e+23	4.57e-32	3.28e-18	3.34e-15	8.28e-13	4.44e-11	1.32e-09	3.87e-08	3.24e-05	1.71e-03	2.55e-02	1.08e-01	2.39e-01	2.60e-01	1.40e-01	8.30e-02	1.22e-01	1.95e-02	1.04e-03
 1.13347e+23	6.15e-32	4.31e-18	4.27e-15	1.02e-12	5.29e-11	1.52e-09	4.31e-08	3.54e-05	1.85e-03	2.73e-02	1.14e-01	2.46e-01	2.62e-01	1.37e-01	7.96e-02	1.14e-01	1.78e-02	9.22e-04
 1.13674e+23	8.99e-32	6.10e-18	5.83e-15	1.33e-12	6.62e-11	1.82e-09	4.94e-08	3.96e-05	2.05e-03	2.98e-02	1.21e-01	2.54e-01	2.63e-01	1.33e-01	7.53e-02	1.05e-01	1.58e-02	7.90e-04
 1.14005e+23	1.20e-31	8.00e-18	7.43e-15	1.64e-12	7.88e-11	2.09e-09	5.51e-08	4.32e-05	2.22e-03	3.18e-02	1.27e-01	2.60e-01	2.63e-01	1.31e-01	7.20e-02	9.82e-02	1.43e-02	6.99e-04
 1.14341e+23	1.75e-31	1.13e-17	1.01e-14	2.14e-12	9.86e-11	2.50e-09	6.33e-08	4.83e-05	2.44e-03	3.46e-02	1.35e-01	2.67e-01	2.63e-01	1.27e-01	6.78e-02	8.99e-02	1.27e-02	5.96e-04
 1.14682e+23	2.33e-31	1.47e-17	1.28e-14	2.63e-12	1.17e-10	2.88e-09	7.06e-08	5.26e-05	2.63e-03	3.68e-02	1.41e-01	2.73e-01	2.62e-01	1.23e-01	6.47e-02	8.40e-02	1.15e-02	5.27e-04
 1.14981e+23	3.09e-31	1.91e-17	1.62e-14	3.21e-12	1.39e-10	3.30e-09	7.84e-08	5.72e-05	2.83e-03	3.91e-02	1.47e-01	2.78e-01	2.61e-01	1.20e-01	6.17e-02	7.84e-02	1.05e-02	4.66e-04
 1.15322e+23	4.46e-31	2.68e-17	2.19e-14	4.16e-12	1.73e-10	3.93e-09	8.99e-08	6.35e-05	3.10e-03	4.22e-02	1.55e-01	2.84e-01	2.60e-01	1.16e-01	5.79e-02	7.16e-02	9.20e-03	3.96e-04
 1.15660e+23	5.78e-31	3.39e-17	2.71e-14	5.01e-12	2.02e-10	4.47e-09	9.94e-08	6.87e-05	3.31e-03	4.46e-02	1.61e-01	2.89e-01	2.58e-01	1.13e-01	5.53e-02	6.70e-02	8.40e-03	3.52e-04
 1.15997e+23	8.20e-31	4.67e-17	3.61e-14	6.41e-12	2.49e-10	5.29e-09	1.13e-07	7.60e-05	3.61e-03	4.79e-02	1.69e-01	2.94e-01	2.56e-01	1.09e-01	5.19e-02	6.12e-02	7.41e-03	3.00e-04
 1.16339e+23	1.07e-30	5.94e-17	4.48e-14	7.74e-12	2.92e-10	6.03e-09	1.26e-07	8.22e-05	3.85e-03	5.05e-02	1.75e-01	2.97e-01	2.54e-01	1.05e-01	4.94e-02	5.71e-02	6.74e-03	2.66e-04
 1.16691e+23	1.51e-30	8.19e-17	5.98e-14	9.92e-12	3.61e-10	7.15e-09	1.44e-07	9.09e-05	4.19e-03	5.41e-02	1.84e-01	3.02e-01	2.51e-01	1.01e-01	4.62e-02	5.20e-02	5.92e-03	2.26e-04
 1.17049e+23	1.97e-30	1.04e-16	7.45e-14	1.20e-11	4.24e-10	8.17e-09	1.60e-07	9.85e-05	4.48e-03	5.70e-02	1.90e-01	3.05e-01	2.48e-01	9.77e-02	4.38e-02	4.83e-02	5.35e-03	1.99e-04
 1.17415e+23	2.81e-30	1.44e-16	9.95e-14	1.54e-11	5.25e-10	9.72e-09	1.83e-07	1.09e-04	4.87e-03	6.10e-02	1.99e-01	3.09e-01	2.44e-01	9.33e-02	4.08e-02	4.37e-02	4.68e-03	1.68e-04
 1.17789e+23	3.67e-30	1.84e-16	1.24e-13	1.87e-11	6.19e-10	1.11e-08	2.04e-07	1.18e-04	5.20e-03	6.42e-02	2.05e-01	3.11e-01	2.41e-01	9.00e-02	3.85e-02	4.05e-02	4.21e-03	1.47e-04
 1.18171e+23	1.42e-30	2.54e-16	1.66e-13	2.40e-11	7.67e-10	1.33e-08	2.34e-07	1.31e-04	5.66e-03	6.86e-02	2.14e-01	3.14e-01	2.36e-01	8.56e-02	3.58e-02	3.65e-02	3.67e-03	1.23e-04
 1.18544e+23	1.80e-30	3.15e-16	2.02e-13	2.85e-11	8.89e-10	1.50e-08	2.58e-07	1.41e-04	6.00e-03	7.17e-02	2.20e-01	3.16e-01	2.32e-01	8.26e-02	3.39e-02	3.41e-02	3.33e-03	1.09e-04
 1.18906e+23	2.51e-30	4.28e-16	2.65e-13	3.62e-11	1.09e-09	1.77e-08	2.94e-07	1.55e-04	6.48e-03	7.62e-02	2.28e-01	3.18e-01	2.27e-01	7.86e-02	3.15e-02	3.08e-02	2.91e-03	9.23e-05
 1.19274e+23	3.18e-30	5.31e-16	3.23e-13	4.30e-11	1.26e-09	2.00e-08	3.25e-07	1.67e-04	6.88e-03	7.96e-02	2.34e-01	3.19e-01	2.24e-01	7.57e-02	2.98e-02	2.86e-02	2.64e-03	8.17e-05
 1.19649e+23	4.40e-30	7.13e-16	4.22e-13	5.41e-11	1.54e-09	2.36e-08	3.70e-07	1.84e-04	7.42e-03	8.43e-02	2.42e-01	3.20e-01	2.18e-01	7.19e-02	2.77e-02	2.59e-02	2.31e-03	6.90e-05
 1.20035e+23	5.70e-30	9.04e-16	5.23e-13	6.53e-11	1.81e-09	2.69e-08	4.12e-07	2.00e-04	7.89e-03	8.83e-02	2.49e-01	3.20e-01	2.14e-01	6.88e-02	2.60e-02	2.38e-02	2.07e-03	6.01e-05
 1.20436e+23	7.89e-30	1.22e-15	6.83e-13	8.26e-11	2.21e-09	3.18e-08	4.71e-07	2.20e-04	8.53e-03	9.34e-02	2.57e-01	3.20e-01	2.08e-01	6.51e-02	2.41e-02	2.15e-02	1.80e-03	5.06e-05
 1.20850e+23	1.04e-29	1.56e-15	8.57e-13	1.01e-10	2.63e-09	3.66e-08	5.28e-07	2.40e-04	9.10e-03	9.80e-02	2.64e-01	3.20e-01	2.03e-01	6.20e-02	2.25e-02	1.96e-02	1.60e-03	4.36e-05
 1.21281e+23	1.45e-29	2.12e-15	1.13e-12	1.28e-10	3.24e-09	4.36e-08	6.07e-07	2.66e-04	9.86e-03	1.04e-01	2.72e-01	3.19e-01	1.97e-01	5.83e-02	2.07e-02	1.75e-02	1.38e-03	3.63e-05
 1.21723e+23	1.93e-29	2.74e-15	1.43e-12	1.57e-10	3.86e-09	5.05e-08	6.83e-07	2.90e-04	1.05e-02	1.09e-01	2.79e-01	3.18e-01	1.91e-01	5.53e-02	1.92e-02	1.60e-02	1.21e-03	3.11e-05
 1.22179e+23	2.73e-29	3.75e-15	1.90e-12	2.02e-10	4.80e-09	6.05e-08	7.90e-07	3.23e-04	1.14e-02	1.15e-01	2.87e-01	3.17e-01	1.84e-01	5.17e-02	1.75e-02	1.42e-02	1.04e-03	2.56e-05
 1.22650e+23	3.66e-29	4.89e-15	2.42e-12	2.50e-10	5.76e-09	7.05e-08	8.93e-07	3.54e-04	1.22e-02	1.21e-01	2.94e-01	3.15e-01	1.79e-01	4.88e-02	1.62e-02	1.28e-02	9.08e-04	2.17e-05
 1.23140e+23	5.27e-29	6.77e-15	3.25e-12	3.25e-10	7.22e-09	8.52e-08	1.04e-06	3.97e-04	1.33e-02	1.28e-01	3.03e-01	3.12e-01	1.71e-01	4.53e-02	1.47e-02	1.13e-02	7.69e-04	1.77e-05
 1.23646e+23	7.17e-29	8.94e-15	4.19e-12	4.06e-10	8.76e-09	1.00e-07	1.18e-06	4.36e-04	1.43e-02	1.34e-01	3.10e-01	3.09e-01	1.65e-01	4.25e-02	1.35e-02	1.01e-02	6.66e-04	1.48e-05
 1.24104e+23	9.65e-29	1.17e-14	5.34e-12	5.03e-10	1.05e-08	1.17e-07	1.34e-06	4.79e-04	1.53e-02	1.41e-01	3.16e-01	3.06e-01	1.59e-01	3.99e-02	1.24e-02	9.06e-03	5.79e-04	1.24e-05
 1.24630e+23	1.41e-28	1.64e-14	7.27e-12	6.60e-10	1.33e-08	1.42e-07	1.57e-06	5.39e-04	1.67e-02	1.49e-01	3.24e-01	3.02e-01	1.52e-01	3.67e-02	1.11e-02	7.89e-03	4.83e-04	9.98e-06
 1.25166e+23	1.92e-28	2.17e-14	9.39e-12	8.26e-10	1.62e-08	1.67e-07	1.80e-06	5.93e-04	1.79e-02	1.56e-01	3.30e-01	2.98e-01	1.46e-01	3.43e-02	1.02e-02	7.02e-03	4.16e-04	8.29e-06
 1.25716e+23	2.83e-28	3.07e-14	1.29e-11	1.09e-09	2.07e-08	2.05e-07	2.12e-06	6.69e-04	1.95e-02	1.65e-01	3.38e-01	2.92e-01	1.38e-01	3.13e-02	9.06e-03	6.06e-03	3.44e-04	6.57e-06
 1.26274e+23	3.88e-28	4.08e-14	1.67e-11	1.37e-09	2.52e-08	2.42e-07	2.42e-06	7.38e-04	2.10e-02	1.73e-01	3.44e-01	2.87e-01	1.32e-01	2.91e-02	8.23e-03	5.37e-03	2.94e-04	5.41e-06
 1.26841e+23	5.77e-28	5.84e-14	2.31e-11	1.83e-09	3.23e-08	2.98e-07	2.86e-06	8.35e-04	2.29e-02	1.83e-01	3.51e-01	2.81e-01	1.24e-01	2.64e-02	7.28e-03	4.59e-03	2.40e-04	4.23e-06
 1.27415e+23	7.91e-28	7.77e-14	3.00e-11	2.30e-09	3.93e-08	3.51e-07	3.27e-06	9.20e-04	2.45e-02	1.91e-01	3.56e-01	2.75e-01	1.18e-01	2.44e-02	6.59e-03	4.05e-03	2.04e-04	3.47e-06
 1.27996e+23	1.19e-27	1.12e-13	4.20e-11	3.08e-09	5.08e-08	4.35e-07	3.89e-06	1.04e-03	2.68e-02	2.01e-01	3.62e-01	2.67e-01	1.10e-01	2.20e-02	5.78e-03	3.43e-03	1.65e-04	2.67e-06
 1.28580e+23	1.62e-27	1.49e-13	5.43e-11	3.86e-09	6.18e-08	5.13e-07	4.44e-06	1.15e-03	2.87e-02	2.10e-01	3.66e-01	2.61e-01	1.05e-01	2.03e-02	5.22e-03	3.01e-03	1.40e-04	2.18e-06
 1.29069e+23	2.14e-27	1.92e-13	6.84e-11	4.74e-09	7.37e-08	5.95e-07	5.01e-06	1.25e-03	3.05e-02	2.17e-01	3.70e-01	2.55e-01	9.96e-02	1.88e-02	4.75e-03	2.67e-03	1.20e-04	1.82e-06
 1.29603e+23	3.10e-27	2.71e-13	9.34e-11	6.22e-09	9.34e-08	7.25e-07	5.87e-06	1.40e-03	3.30e-02	2.28e-01	3.74e-01	2.47e-01	9.30e-02	1.69e-02	4.18e-03	2.27e-03	9.74e-05	1.41e-06
 1.30131e+23	4.04e-27	3.46e-13	1.17e-10	7.57e-09	1.11e-07	8.36e-07	6.60e-06	1.53e-03	3.49e-02	2.35e-01	3.77e-01	2.41e-01	8.85e-02	1.57e-02	3.81e-03	2.02e-03	8.38e-05	1.17e-06
 1.30650e+23	5.74e-27	4.80e-13	1.57e-10	9.81e-09	1.39e-07	1.01e-06	7.70e-06	1.70e-03	3.76e-02	2.46e-01	3.80e-01	2.33e-01	8.25e-02	1.41e-02	3.35e-03	1.72e-03	6.83e-05	9.16e-07
 1.31177e+23	7.53e-27	6.19e-13	1.98e-10	1.20e-08	1.66e-07	1.17e-06	8.69e-06	1.86e-03	3.99e-02	2.54e-01	3.82e-01	2.26e-01	7.80e-02	1.30e-02	3.03e-03	1.52e-03	5.81e-05	7.53e-07
 1.31716e+23	1.08e-26	8.69e-13	2.69e-10	1.57e-08	2.10e-07	1.43e-06	1.02e-05	2.08e-03	4.31e-02	2.65e-01	3.84e-01	2.17e-01	7.22e-02	1.16e-02	2.65e-03	1.28e-03	4.67e-05	5.77e-07
 1.32262e+23	1.42e-26	1.13e-12	3.40e-10	1.93e-08	2.51e-07	1.67e-06	1.16e-05	2.27e-03	4.57e-02	2.74e-01	3.86e-01	2.10e-01	6.79e-02	1.06e-02	2.38e-03	1.12e-03	3.94e-05	4.70e-07
 1.32815e+23	2.01e-26	1.58e-12	4.64e-10	2.54e-08	3.19e-07	2.04e-06	1.36e-05	2.55e-03	4.94e-02	2.86e-01	3.87e-01	2.01e-01	6.25e-02	9.42e-03	2.06e-03	9.33e-04	3.13e-05	3.56e-07
 1.33380e+23	2.67e-26	2.08e-12	5.93e-10	3.15e-08	3.86e-07	2.40e-06	1.56e-05	2.80e-03	5.25e-02	2.95e-01	3.87e-01	1.93e-01	5.83e-02	8.53e-03	1.84e-03	8.05e-04	2.60e-05	2.84e-07
 1.33958e+23	3.81e-26	2.95e-12	8.16e-10	4.17e-08	4.95e-07	2.96e-06	1.85e-05	3.16e-03	5.68e-02	3.07e-01	3.87e-01	1.83e-01	5.32e-02	7.48e-03	1.57e-03	6.62e-04	2.03e-05	2.10e-07
 1.34546e+23	5.05e-26	3.90e-12	1.05e-09	5.22e-08	6.04e-07	3.50e-06	2.13e-05	3.48e-03	6.05e-02	3.17e-01	3.86e-01	1.75e-01	4.92e-02	6.71e-03	1.39e-03	5.65e-04	1.66e-05	1.65e-07
 1.35148e+23	7.18e-26	5.57e-12	1.45e-09	6.96e-08	7.81e-07	4.36e-06	2.56e-05	3.95e-03	6.57e-02	3.30e-01	3.83e-01	1.65e-01	4.44e-02	5.80e-03	1.17e-03	4.57e-04	1.27e-05	1.20e-07
 1.35758e+23	9.44e-26	7.36e-12	1.87e-09	8.72e-08	9.56e-07	5.19e-06	2.96e-05	4.37e-03	7.00e-02	3.41e-01	3.81e-01	1.56e-01	4.08e-02	5.16e-03	1.02e-03	3.85e-04	1.02e-05	0.00e+00
 1.36273e+23	1.20e-25	9.45e-12	2.35e-09	1.07e-07	1.15e-06	6.08e-06	3.38e-05	4.79e-03	7.42e-02	3.50e-01	3.78e-01	1.49e-01	3.77e-02	4.62e-03	9.03e-04	3.29e-04	8.40e-06	0.00e+00
 1.36838e+23	1.62e-25	1.30e-11	3.15e-09	1.39e-07	1.46e-06	7.48e-06	4.02e-05	5.40e-03	8.00e-02	3.62e-01	3.74e-01	1.39e-01	3.39e-02	4.00e-03	7.65e-04	2.67e-04	6.46e-06	0.00e+00
 1.37405e+23	2.04e-25	1.66e-11	3.94e-09	1.70e-07	1.75e-06	8.77e-06	4.61e-05	5.92e-03	8.48e-02	3.72e-01	3.70e-01	1.32e-01	3.11e-02	3.56e-03	6.71e-04	2.26e-04	5.25e-06	0.00e+00
 1.37958e+23	2.65e-25	2.22e-11	5.16e-09	2.17e-07	2.19e-06	1.07e-05	5.45e-05	6.65e-03	9.10e-02	3.83e-01	3.64e-01	1.23e-01	2.79e-02	3.07e-03	5.70e-04	1.84e-04	4.05e-06	0.00e+00
 1.38522e+23	3.30e-25	2.82e-11	6.45e-09	2.66e-07	2.65e-06	1.26e-05	6.29e-05	7.33e-03	9.66e-02	3.93e-01	3.59e-01	1.16e-01	2.54e-02	2.71e-03	4.95e-04	1.54e-04	3.25e-06	0.00e+00
 1.39077e+23	4.14e-25	3.68e-11	8.28e-09	3.35e-07	3.28e-06	1.52e-05	7.41e-05	8.19e-03	1.03e-01	4.03e-01	3.52e-01	1.08e-01	2.27e-02	2.34e-03	4.19e-04	1.25e-04	2.51e-06	0.00e+00
 1.39643e+23	5.02e-25	4.66e-11	1.03e-08	4.12e-07	3.98e-06	1.81e-05	8.60e-05	9.07e-03	1.10e-01	4.12e-01	3.45e-01	1.00e-01	2.05e-02	2.04e-03	3.60e-04	1.03e-04	1.98e-06	0.00e+00
 1.40198e+23	6.12e-25	5.92e-11	1.30e-08	5.10e-07	4.88e-06	2.17e-05	1.01e-04	1.01e-02	1.17e-01	4.22e-01	3.37e-01	9.30e-02	1.83e-02	1.76e-03	3.05e-04	8.41e-05	1.53e-06	0.00e+00
 1.40747e+23	7.27e-25	7.34e-11	1.59e-08	6.19e-07	5.85e-06	2.55e-05	1.17e-04	1.11e-02	1.24e-01	4.30e-01	3.29e-01	8.67e-02	1.65e-02	1.53e-03	2.63e-04	6.97e-05	1.21e-06	0.00e+00
 1.41306e+23	8.69e-25	9.22e-11	1.98e-08	7.64e-07	7.16e-06	3.06e-05	1.37e-04	1.24e-02	1.32e-01	4.39e-01	3.20e-01	7.98e-02	1.47e-02	1.31e-03	2.21e-04	5.63e-05	9.29e-07	0.00e+00
 1.41876e+23	1.02e-24	1.13e-10	2.43e-08	9.28e-07	8.64e-06	3.62e-05	1.59e-04	1.38e-02	1.40e-01	4.47e-01	3.11e-01	7.37e-02	1.31e-02	1.13e-03	1.88e-04	4.59e-05	7.22e-07	0.00e+00
 1.42429e+23	1.18e-24	1.38e-10	2.95e-08	1.12e-06	1.04e-05	4.27e-05	1.85e-04	1.52e-02	1.48e-01	4.54e-01	3.02e-01	6.79e-02	1.16e-02	9.73e-04	1.60e-04	3.74e-05	5.61e-07	0.00e+00
 1.42983e+23	1.36e-24	1.66e-10	3.56e-08	1.35e-06	1.24e-05	5.04e-05	2.15e-04	1.68e-02	1.57e-01	4.60e-01	2.92e-01	6.24e-02	1.04e-02	8.37e-04	1.35e-04	3.05e-05	4.35e-07	0.00e+00
 1.43540e+23	1.56e-24	1.99e-10	4.29e-08	1.62e-06	1.49e-05	5.94e-05	2.50e-04	1.86e-02	1.66e-01	4.66e-01	2.82e-01	5.73e-02	9.18e-03	7.18e-04	1.14e-04	2.47e-05	3.37e-07	0.00e+00
 1.44101e+23	1.78e-24	2.37e-10	5.13e-08	1.94e-06	1.78e-05	6.98e-05	2.91e-04	2.05e-02	1.75e-01	4.71e-01	2.72e-01	5.25e-02	8.14e-03	6.15e-04	9.65e-05	2.01e-05	2.60e-07	0.00e+00
 1.44667e+23	2.03e-24	2.81e-10	6.13e-08	2.32e-06	2.12e-05	8.21e-05	3.38e-04	2.27e-02	1.85e-01	4.75e-01	2.61e-01	4.79e-02	7.19e-03	5.25e-04	8.12e-05	1.62e-05	2.01e-07	0.00e+00
 1.45237e+23	2.31e-24	3.30e-10	7.28e-08	2.76e-06	2.52e-05	9.62e-05	3.91e-04	2.50e-02	1.95e-01	4.79e-01	2.51e-01	4.38e-02	6.35e-03	4.49e-04	6.84e-05	1.31e-05	1.55e-07	0.00e+00
 1.45816e+23	2.63e-24	3.87e-10	8.65e-08	3.28e-06	3.00e-05	1.13e-04	4.55e-04	2.76e-02	2.05e-01	4.81e-01	2.40e-01	3.98e-02	5.58e-03	3.82e-04	5.72e-05	1.05e-05	1.18e-07	0.00e+00
 1.46400e+23	3.00e-24	4.50e-10	1.02e-07	3.89e-06	3.55e-05	1.32e-04	5.26e-04	3.03e-02	2.15e-01	4.83e-01	2.29e-01	3.62e-02	4.92e-03	3.25e-04	4.81e-05	8.50e-06	0.00e+00	0.00e+00
 1.46996e+23	8.03e-24	5.24e-10	1.21e-07	4.63e-06	4.22e-05	1.55e-04	6.13e-04	3.35e-02	2.26e-01	4.84e-01	2.18e-01	3.27e-02	4.30e-03	2.75e-04	4.00e-05	6.78e-06	0.00e+00	0.00e+00
 1.47603e+23	9.24e-24	6.06e-10	1.43e-07	5.47e-06	4.99e-05	1.81e-04	7.10e-04	3.68e-02	2.37e-01	4.84e-01	2.07e-01	2.95e-02	3.77e-03	2.33e-04	3.34e-05	5.44e-06	0.00e+00	0.00e+00
 1.48157e+23	1.05e-23	6.83e-10	1.64e-07	6.29e-06	5.74e-05	2.06e-04	8.03e-04	3.99e-02	2.47e-01	4.83e-01	1.99e-01	2.71e-02	3.37e-03	2.03e-04	2.86e-05	4.51e-06	0.00e+00	0.00e+00
 1.48736e+23	1.22e-23	7.89e-10	1.95e-07	7.49e-06	6.84e-05	2.42e-04	9.38e-04	4.41e-02	2.59e-01	4.81e-01	1.87e-01	2.42e-02	2.92e-03	1.69e-04	2.35e-05	3.55e-06	0.00e+00	0.00e+00
 1.49325e+23	1.40e-23	8.89e-10	2.24e-07	8.62e-06	7.87e-05	2.76e-04	1.06e-03	4.76e-02	2.68e-01	4.79e-01	1.79e-01	2.22e-02	2.60e-03	1.47e-04	2.01e-05	2.94e-06	0.00e+00	0.00e+00
 1.49930e+23	1.68e-23	1.03e-09	2.68e-07	1.03e-05	9.40e-05	3.25e-04	1.24e-03	5.26e-02	2.81e-01	4.75e-01	1.68e-01	1.97e-02	2.24e-03	1.22e-04	1.64e-05	2.30e-06	0.00e+00	0.00e+00
 1.50538e+23	1.95e-23	1.16e-09	3.07e-07	1.18e-05	1.08e-04	3.68e-04	1.40e-03	5.68e-02	2.91e-01	4.71e-01	1.59e-01	1.80e-02	1.99e-03	1.06e-04	1.40e-05	1.90e-06	0.00e+00	0.00e+00
 1.51151e+23	2.36e-23	1.33e-09	3.66e-07	1.41e-05	1.28e-04	4.32e-04	1.63e-03	6.26e-02	3.03e-01	4.65e-01	1.49e-01	1.59e-02	1.71e-03	8.74e-05	1.14e-05	1.48e-06	0.00e+00	0.00e+00
 1.51765e+23	2.76e-23	1.50e-09	4.20e-07	1.61e-05	1.46e-04	4.87e-04	1.83e-03	6.72e-02	3.13e-01	4.60e-01	1.41e-01	1.45e-02	1.52e-03	7.58e-05	9.77e-06	1.22e-06	0.00e+00	0.00e+00
 1.52382e+23	3.39e-23	1.72e-09	5.00e-07	1.92e-05	1.74e-04	5.69e-04	2.12e-03	7.37e-02	3.25e-01	4.53e-01	1.31e-01	1.28e-02	1.31e-03	6.28e-05	7.96e-06	9.53e-07	0.00e+00	0.00e+00
 1.53004e+23	4.02e-23	1.94e-09	5.75e-07	2.20e-05	1.98e-04	6.41e-04	2.37e-03	7.91e-02	3.34e-01	4.47e-01	1.24e-01	1.17e-02	1.16e-03	5.43e-05	6.79e-06	7.86e-07	0.00e+00	0.00e+00
 1.53635e+23	5.01e-23	2.24e-09	6.87e-07	2.61e-05	2.34e-04	7.47e-04	2.75e-03	8.65e-02	3.46e-01	4.37e-01	1.15e-01	1.03e-02	9.93e-04	4.49e-05	5.51e-06	6.11e-07	0.00e+00	0.00e+00
 1.54274e+23	6.00e-23	2.53e-09	7.94e-07	3.00e-05	2.67e-04	8.41e-04	3.08e-03	9.26e-02	3.55e-01	4.30e-01	1.08e-01	9.29e-03	8.79e-04	3.87e-05	4.68e-06	5.02e-07	0.00e+00	0.00e+00
 1.54924e+23	7.60e-23	2.94e-09	9.53e-07	3.58e-05	3.17e-04	9.78e-04	3.56e-03	1.01e-01	3.66e-01	4.19e-01	9.98e-02	8.14e-03	7.49e-04	3.18e-05	3.78e-06	3.88e-07	0.00e+00	0.00e+00
 1.55584e+23	9.25e-23	3.35e-09	1.11e-06	4.13e-05	3.62e-04	1.10e-03	3.98e-03	1.08e-01	3.74e-01	4.11e-01	9.34e-02	7.33e-03	6.60e-04	2.72e-05	3.19e-06	3.17e-07	0.00e+00	0.00e+00
 1.56260e+23	1.19e-22	3.93e-09	1.34e-06	4.95e-05	4.30e-04	1.28e-03	4.59e-03	1.18e-01	3.85e-01	3.98e-01	8.55e-02	6.38e-03	5.58e-04	2.22e-05	2.56e-06	2.43e-07	0.00e+00	0.00e+00
 1.56951e+23	1.48e-22	4.51e-09	1.58e-06	5.74e-05	4.93e-04	1.45e-03	5.14e-03	1.26e-01	3.93e-01	3.88e-01	7.97e-02	5.71e-03	4.89e-04	1.89e-05	2.14e-06	1.97e-07	0.00e+00	0.00e+00
 1.57661e+23	1.95e-22	5.36e-09	1.93e-06	6.94e-05	5.87e-04	1.69e-03	5.94e-03	1.37e-01	4.03e-01	3.75e-01	7.23e-02	4.93e-03	4.10e-04	1.53e-05	1.70e-06	1.49e-07	0.00e+00	0.00e+00
 1.58387e+23	2.46e-22	6.24e-09	2.29e-06	8.11e-05	6.76e-04	1.91e-03	6.64e-03	1.46e-01	4.09e-01	3.64e-01	6.70e-02	4.39e-03	3.57e-04	1.29e-05	1.41e-06	0.00e+00	0.00e+00	0.00e+00
