#depth	H	H+	H2
 1.54284e+22	8.08e-10	1.00e+00	1.93e-37
 3.47273e+22	1.20e-09	1.00e+00	5.61e-42
 4.09658e+22	1.52e-09	1.00e+00	9.10e-42
 4.52280e+22	1.84e-09	1.00e+00	1.82e-41
 4.75959e+22	1.93e-09	1.00e+00	2.79e-41
 4.84185e+22	2.00e-09	1.00e+00	3.53e-41
 4.92213e+22	2.09e-09	1.00e+00	3.77e-41
 5.00213e+22	2.17e-09	1.00e+00	5.41e-41
 5.07111e+22	2.24e-09	1.00e+00	5.46e-41
 5.15010e+22	2.33e-09	1.00e+00	7.29e-41
 5.22830e+22	2.42e-09	1.00e+00	8.43e-41
 5.29135e+22	2.49e-09	1.00e+00	8.49e-41
 5.35915e+22	2.58e-09	1.00e+00	8.93e-41
 5.43258e+22	2.67e-09	1.00e+00	1.28e-40
 5.50014e+22	2.76e-09	1.00e+00	1.47e-40
 5.57476e+22	2.87e-09	1.00e+00	1.73e-40
 5.65075e+22	2.98e-09	1.00e+00	2.05e-40
 5.71406e+22	3.07e-09	1.00e+00	2.33e-40
 5.78192e+22	3.18e-09	1.00e+00	2.72e-40
 5.85511e+22	3.30e-09	1.00e+00	3.16e-40
 5.92285e+22	3.41e-09	1.00e+00	3.66e-40
 5.98856e+22	3.52e-09	1.00e+00	4.21e-40
 6.05175e+22	3.63e-09	1.00e+00	4.82e-40
 6.12163e+22	3.77e-09	1.00e+00	5.67e-40
 6.19482e+22	3.90e-09	1.00e+00	6.60e-40
 6.25921e+22	4.03e-09	1.00e+00	7.46e-40
 6.32982e+22	4.18e-09	1.00e+00	7.51e-40
 6.40505e+22	4.34e-09	1.00e+00	7.68e-40
 6.46932e+22	4.48e-09	1.00e+00	7.90e-40
 6.52705e+22	4.61e-09	1.00e+00	8.29e-40
 6.59323e+22	4.77e-09	1.00e+00	8.84e-40
 6.66506e+22	4.95e-09	1.00e+00	1.69e-39
 6.73012e+22	5.11e-09	1.00e+00	2.01e-39
 6.80059e+22	5.31e-09	1.00e+00	2.34e-39
 6.87197e+22	5.50e-09	1.00e+00	2.74e-39
 6.93156e+22	5.67e-09	1.00e+00	3.17e-39
 6.99608e+22	5.88e-09	1.00e+00	3.23e-39
 7.06558e+22	6.10e-09	1.00e+00	4.37e-39
 7.12918e+22	6.30e-09	1.00e+00	5.10e-39
 7.19945e+22	6.56e-09	1.00e+00	6.08e-39
 7.26956e+22	6.80e-09	1.00e+00	7.19e-39
 7.32695e+22	7.01e-09	1.00e+00	8.37e-39
 7.38903e+22	7.27e-09	1.00e+00	9.81e-39
 7.45570e+22	7.53e-09	1.00e+00	1.20e-38
 7.51710e+22	7.79e-09	1.00e+00	1.36e-38
 7.58567e+22	8.13e-09	1.00e+00	1.63e-38
 7.65323e+22	8.43e-09	1.00e+00	1.94e-38
 7.70858e+22	8.68e-09	1.00e+00	2.27e-38
 7.76963e+22	9.03e-09	1.00e+00	2.77e-38
 7.83332e+22	9.37e-09	1.00e+00	3.26e-38
 7.89087e+22	9.69e-09	1.00e+00	3.83e-38
 7.95610e+22	1.01e-08	1.00e+00	4.64e-38
 8.02103e+22	1.05e-08	1.00e+00	5.52e-38
 8.07397e+22	1.08e-08	1.00e+00	6.41e-38
 8.13122e+22	1.13e-08	1.00e+00	7.65e-38
 8.19183e+22	1.17e-08	1.00e+00	9.04e-38
 8.24771e+22	1.21e-08	1.00e+00	1.06e-37
 8.30255e+22	1.26e-08	1.00e+00	1.26e-37
 8.35536e+22	1.30e-08	1.00e+00	1.47e-37
 8.41422e+22	1.36e-08	1.00e+00	1.77e-37
 8.47349e+22	1.41e-08	1.00e+00	2.08e-37
 8.52545e+22	1.46e-08	1.00e+00	2.44e-37
 8.57663e+22	1.51e-08	1.00e+00	2.86e-37
 8.63465e+22	1.58e-08	1.00e+00	3.47e-37
 8.69479e+22	1.64e-08	1.00e+00	4.13e-37
 8.74603e+22	1.70e-08	1.00e+00	4.84e-37
 8.80100e+22	1.77e-08	1.00e+00	5.86e-37
 8.85777e+22	1.84e-08	1.00e+00	6.85e-37
 8.90870e+22	1.91e-08	1.00e+00	8.06e-37
 8.95841e+22	1.97e-08	1.00e+00	9.44e-37
 9.01471e+22	2.06e-08	1.00e+00	1.15e-36
 9.07258e+22	2.15e-08	1.00e+00	1.37e-36
 9.12199e+22	2.23e-08	1.00e+00	1.60e-36
 9.17571e+22	2.32e-08	1.00e+00	1.94e-36
 9.23234e+22	2.42e-08	1.00e+00	2.32e-36
 9.28312e+22	2.51e-08	1.00e+00	2.72e-36
 9.33947e+22	2.63e-08	1.00e+00	3.33e-36
 9.39862e+22	2.75e-08	1.00e+00	4.02e-36
 9.44827e+22	2.84e-08	1.00e+00	4.68e-36
 9.49966e+22	2.97e-08	1.00e+00	5.66e-36
 9.55263e+22	3.09e-08	1.00e+00	6.68e-36
 9.59618e+22	3.19e-08	1.00e+00	7.67e-36
 9.64136e+22	3.32e-08	1.00e+00	9.09e-36
 9.68454e+22	3.42e-08	1.00e+00	1.03e-35
 9.71922e+22	3.52e-08	1.00e+00	1.17e-35
 9.75314e+22	3.62e-08	1.00e+00	1.31e-35
 9.78638e+22	3.72e-08	1.00e+00	1.47e-35
 9.82398e+22	3.86e-08	1.00e+00	1.70e-35
 9.86123e+22	3.97e-08	1.00e+00	1.91e-35
 9.89174e+22	4.07e-08	1.00e+00	2.12e-35
 9.92509e+22	4.20e-08	1.00e+00	2.41e-35
 9.95943e+22	4.31e-08	1.00e+00	2.70e-35
 9.99008e+22	4.43e-08	1.00e+00	3.01e-35
 1.00204e+23	4.56e-08	1.00e+00	3.38e-35
 1.00499e+23	4.68e-08	1.00e+00	3.75e-35
 1.00830e+23	4.84e-08	1.00e+00	4.31e-35
 1.01149e+23	4.97e-08	1.00e+00	4.77e-35
 1.01410e+23	5.10e-08	1.00e+00	5.28e-35
 1.01669e+23	5.23e-08	1.00e+00	5.82e-35
 1.01965e+23	5.40e-08	1.00e+00	6.61e-35
 1.02266e+23	5.56e-08	1.00e+00	7.38e-35
 1.02526e+23	5.69e-08	1.00e+00	8.13e-35
 1.02817e+23	5.91e-08	1.00e+00	9.32e-35
 1.03107e+23	6.06e-08	1.00e+00	1.03e-34
 1.03396e+23	6.29e-08	1.00e+00	1.18e-34
 1.03676e+23	6.45e-08	1.00e+00	1.30e-34
 1.03944e+23	6.67e-08	1.00e+00	1.47e-34
 1.04221e+23	6.87e-08	1.00e+00	1.64e-34
 1.04509e+23	7.15e-08	1.00e+00	1.89e-34
 1.04788e+23	7.34e-08	1.00e+00	2.09e-34
 1.05052e+23	7.63e-08	1.00e+00	2.39e-34
 1.05316e+23	7.84e-08	1.00e+00	2.64e-34
 1.05578e+23	8.15e-08	1.00e+00	3.02e-34
 1.05843e+23	8.39e-08	1.00e+00	3.36e-34
 1.06111e+23	8.75e-08	1.00e+00	3.87e-34
 1.06379e+23	9.02e-08	1.00e+00	4.30e-34
 1.06648e+23	9.40e-08	1.00e+00	4.95e-34
 1.06915e+23	9.70e-08	1.00e+00	5.51e-34
 1.07179e+23	1.01e-07	1.00e+00	6.33e-34
 1.07447e+23	1.05e-07	1.00e+00	7.08e-34
 1.07721e+23	1.09e-07	1.00e+00	8.19e-34
 1.07998e+23	1.13e-07	1.00e+00	9.19e-34
 1.08278e+23	1.19e-07	1.00e+00	1.07e-33
 1.08560e+23	1.23e-07	1.00e+00	1.20e-33
 1.08804e+23	1.27e-07	1.00e+00	1.34e-33
 1.09079e+23	1.33e-07	1.00e+00	1.55e-33
 1.09357e+23	1.38e-07	1.00e+00	1.74e-33
 1.09638e+23	1.45e-07	1.00e+00	2.01e-33
 1.09920e+23	1.50e-07	1.00e+00	2.24e-33
 1.10203e+23	1.57e-07	1.00e+00	2.59e-33
 1.10491e+23	1.63e-07	1.00e+00	2.89e-33
 1.10785e+23	1.70e-07	1.00e+00	3.34e-33
 1.11089e+23	1.77e-07	1.00e+00	3.75e-33
 1.11405e+23	1.85e-07	1.00e+00	4.35e-33
 1.11726e+23	1.92e-07	1.00e+00	4.89e-33
 1.12052e+23	2.02e-07	1.00e+00	5.67e-33
 1.12381e+23	2.09e-07	1.00e+00	6.35e-33
 1.12713e+23	2.19e-07	1.00e+00	7.34e-33
 1.13053e+23	2.27e-07	1.00e+00	8.23e-33
 1.13347e+23	2.35e-07	1.00e+00	9.16e-33
 1.13674e+23	2.45e-07	1.00e+00	1.05e-32
 1.14005e+23	2.53e-07	1.00e+00	1.17e-32
 1.14341e+23	2.65e-07	1.00e+00	1.34e-32
 1.14682e+23	2.73e-07	1.00e+00	1.49e-32
 1.14981e+23	2.82e-07	1.00e+00	1.65e-32
 1.15322e+23	2.95e-07	1.00e+00	1.88e-32
 1.15660e+23	3.04e-07	1.00e+00	2.07e-32
 1.15997e+23	3.16e-07	1.00e+00	2.36e-32
 1.16339e+23	3.26e-07	1.00e+00	2.61e-32
 1.16691e+23	3.40e-07	1.00e+00	2.97e-32
 1.17049e+23	3.50e-07	1.00e+00	3.29e-32
 1.17415e+23	3.65e-07	1.00e+00	3.76e-32
 1.17789e+23	3.77e-07	1.00e+00	4.17e-32
 1.18171e+23	3.93e-07	1.00e+00	2.34e-32
 1.18544e+23	4.04e-07	1.00e+00	2.57e-32
 1.18906e+23	4.21e-07	1.00e+00	2.93e-32
 1.19274e+23	4.32e-07	1.00e+00	3.22e-32
 1.19649e+23	4.49e-07	1.00e+00	3.65e-32
 1.20035e+23	4.63e-07	1.00e+00	4.04e-32
 1.20436e+23	4.81e-07	1.00e+00	4.60e-32
 1.20850e+23	4.97e-07	1.00e+00	5.13e-32
 1.21281e+23	5.17e-07	1.00e+00	5.88e-32
 1.21723e+23	5.35e-07	1.00e+00	6.58e-32
 1.22179e+23	5.57e-07	1.00e+00	7.58e-32
 1.22650e+23	5.77e-07	1.00e+00	8.54e-32
 1.23140e+23	6.02e-07	1.00e+00	9.92e-32
 1.23646e+23	6.24e-07	1.00e+00	1.13e-31
 1.24104e+23	6.46e-07	1.00e+00	1.27e-31
 1.24630e+23	6.75e-07	1.00e+00	1.49e-31
 1.25166e+23	7.01e-07	1.00e+00	1.70e-31
 1.25716e+23	7.34e-07	1.00e+00	2.00e-31
 1.26274e+23	7.62e-07	1.00e+00	2.29e-31
 1.26841e+23	8.00e-07	1.00e+00	2.71e-31
 1.27415e+23	8.31e-07	1.00e+00	3.10e-31
 1.27996e+23	8.76e-07	1.00e+00	3.59e-31
 1.28580e+23	9.10e-07	1.00e+00	4.10e-31
 1.29069e+23	9.43e-07	1.00e+00	4.62e-31
 1.29603e+23	9.93e-07	1.00e+00	5.43e-31
 1.30131e+23	1.03e-06	1.00e+00	6.08e-31
 1.30650e+23	1.08e-06	1.00e+00	7.09e-31
 1.31177e+23	1.12e-06	1.00e+00	7.98e-31
 1.31716e+23	1.18e-06	1.00e+00	9.34e-31
 1.32262e+23	1.23e-06	1.00e+00	1.05e-30
 1.32815e+23	1.30e-06	1.00e+00	1.23e-30
 1.33380e+23	1.36e-06	1.00e+00	1.39e-30
 1.33958e+23	1.45e-06	1.00e+00	1.63e-30
 1.34546e+23	1.52e-06	1.00e+00	1.85e-30
 1.35148e+23	1.62e-06	1.00e+00	2.17e-30
 1.35758e+23	1.70e-06	1.00e+00	2.46e-30
 1.36273e+23	1.79e-06	1.00e+00	2.75e-30
 1.36838e+23	1.90e-06	1.00e+00	3.16e-30
 1.37405e+23	2.00e-06	1.00e+00	3.53e-30
 1.37958e+23	2.13e-06	1.00e+00	4.01e-30
 1.38522e+23	2.24e-06	1.00e+00	4.47e-30
 1.39077e+23	2.39e-06	1.00e+00	5.00e-30
 1.39643e+23	2.52e-06	1.00e+00	5.50e-30
 1.40198e+23	2.68e-06	1.00e+00	6.14e-30
 1.40747e+23	2.83e-06	1.00e+00	6.74e-30
 1.41306e+23	3.01e-06	1.00e+00	7.47e-30
 1.41876e+23	3.19e-06	1.00e+00	8.23e-30
 1.42429e+23	3.38e-06	1.00e+00	9.06e-30
 1.42983e+23	3.58e-06	1.00e+00	9.98e-30
 1.43540e+23	3.79e-06	1.00e+00	1.10e-29
 1.44101e+23	4.01e-06	1.00e+00	1.22e-29
 1.44667e+23	4.25e-06	1.00e+00	1.35e-29
 1.45237e+23	4.50e-06	1.00e+00	1.51e-29
 1.45816e+23	4.78e-06	1.00e+00	1.70e-29
 1.46400e+23	5.06e-06	1.00e+00	1.92e-29
 1.46996e+23	5.37e-06	1.00e+00	2.26e-29
 1.47603e+23	5.69e-06	1.00e+00	2.59e-29
 1.48157e+23	5.97e-06	1.00e+00	2.94e-29
 1.48736e+23	6.35e-06	1.00e+00	3.47e-29
 1.49325e+23	6.66e-06	1.00e+00	3.99e-29
 1.49930e+23	7.09e-06	1.00e+00	4.82e-29
 1.50538e+23	7.44e-06	1.00e+00	5.62e-29
 1.51151e+23	7.92e-06	1.00e+00	6.89e-29
 1.51765e+23	8.30e-06	1.00e+00	8.11e-29
 1.52382e+23	8.82e-06	1.00e+00	1.01e-28
 1.53004e+23	9.24e-06	1.00e+00	1.19e-28
 1.53635e+23	9.83e-06	1.00e+00	1.50e-28
 1.54274e+23	1.03e-05	1.00e+00	1.80e-28
 1.54924e+23	1.10e-05	1.00e+00	2.28e-28
 1.55584e+23	1.15e-05	1.00e+00	2.76e-28
 1.56260e+23	1.22e-05	1.00e+00	3.55e-28
 1.56951e+23	1.28e-05	1.00e+00	4.35e-28
 1.57661e+23	1.37e-05	1.00e+00	5.67e-28
 1.58387e+23	1.44e-05	1.00e+00	7.01e-28
 1.58998e+23	1.51e-05	1.00e+00	8.47e-28
 1.59659e+23	1.60e-05	1.00e+00	1.08e-27
 1.60302e+23	1.66e-05	1.00e+00	1.29e-27
 1.60924e+23	1.76e-05	1.00e+00	1.63e-27
 1.61551e+23	1.83e-05	1.00e+00	1.94e-27
 1.62187e+23	1.93e-05	1.00e+00	2.45e-27
 1.62831e+23	2.01e-05	1.00e+00	2.94e-27
 1.63487e+23	2.13e-05	1.00e+00	3.73e-27
 1.64152e+23	2.22e-05	1.00e+00	4.49e-27
 1.64830e+23	2.35e-05	1.00e+00	5.74e-27
 1.65519e+23	2.45e-05	1.00e+00	6.95e-27
 1.66223e+23	2.60e-05	1.00e+00	8.94e-27
 1.66941e+23	2.71e-05	1.00e+00	1.09e-26
 1.67678e+23	2.88e-05	1.00e+00	1.42e-26
 1.68434e+23	3.02e-05	1.00e+00	1.75e-26
 1.69215e+23	3.21e-05	1.00e+00	2.30e-26
 1.70007e+23	3.37e-05	1.00e+00	2.85e-26
 1.70813e+23	3.59e-05	1.00e+00	3.77e-26
 1.71628e+23	3.76e-05	1.00e+00	4.68e-26
 1.72455e+23	4.01e-05	1.00e+00	6.22e-26
 1.73295e+23	4.21e-05	1.00e+00	7.77e-26
 1.74032e+23	4.43e-05	1.00e+00	9.70e-26
 1.74874e+23	4.71e-05	1.00e+00	1.29e-25
 1.75731e+23	4.97e-05	1.00e+00	1.62e-25
 1.76427e+23	5.18e-05	1.00e+00	1.97e-25
 1.77151e+23	5.45e-05	1.00e+00	2.49e-25
 1.77911e+23	5.71e-05	1.00e+00	3.06e-25
 1.78608e+23	5.97e-05	1.00e+00	3.75e-25
 1.79404e+23	6.31e-05	1.00e+00	4.85e-25
 1.80220e+23	6.64e-05	1.00e+00	6.07e-25
 1.80937e+23	6.94e-05	1.00e+00	7.46e-25
 1.81741e+23	7.34e-05	1.00e+00	9.64e-25
 1.82586e+23	7.74e-05	1.00e+00	1.22e-24
 1.83351e+23	8.11e-05	1.00e+00	1.52e-24
 1.84215e+23	8.61e-05	1.00e+00	2.00e-24
 1.85105e+23	9.09e-05	1.00e+00	2.55e-24
 1.85898e+23	9.54e-05	1.00e+00	3.19e-24
 1.86794e+23	1.01e-04	1.00e+00	4.24e-24
 1.87726e+23	1.07e-04	1.00e+00	5.45e-24
 1.88565e+23	1.13e-04	1.00e+00	6.92e-24
 1.89516e+23	1.21e-04	1.00e+00	9.09e-24
 1.90496e+23	1.28e-04	1.00e+00	1.18e-23
 1.91378e+23	1.35e-04	1.00e+00	1.52e-23
 1.92390e+23	1.45e-04	1.00e+00	2.10e-23
 1.93415e+23	1.54e-04	1.00e+00	2.74e-23
 1.94455e+23	1.65e-04	1.00e+00	3.83e-23
 1.95508e+23	1.75e-04	1.00e+00	5.03e-23
 1.96576e+23	1.88e-04	1.00e+00	7.13e-23
 1.97655e+23	2.00e-04	1.00e+00	9.41e-23
 1.98747e+23	2.16e-04	1.00e+00	1.35e-22
 1.99851e+23	2.29e-04	1.00e+00	1.80e-22
 2.00969e+23	2.48e-04	1.00e+00	2.62e-22
 2.02102e+23	2.64e-04	1.00e+00	3.53e-22
 2.03254e+23	2.86e-04	1.00e+00	5.25e-22
 2.04386e+23	3.03e-04	1.00e+00	7.04e-22
 2.05334e+23	3.21e-04	1.00e+00	9.44e-22
 2.06253e+23	3.39e-04	1.00e+00	1.25e-21
 2.07291e+23	3.64e-04	1.00e+00	1.81e-21
 2.08320e+23	3.85e-04	1.00e+00	2.45e-21
 2.09339e+23	4.12e-04	1.00e+00	3.54e-21
 2.10380e+23	4.37e-04	1.00e+00	4.87e-21
 2.11450e+23	4.69e-04	1.00e+00	7.17e-21
 2.12530e+23	4.98e-04	1.00e+00	9.91e-21
 2.13481e+23	5.27e-04	9.99e-01	1.35e-20
 2.14573e+23	5.67e-04	9.99e-01	2.00e-20
 2.15631e+23	5.98e-04	9.99e-01	2.70e-20
 2.16475e+23	6.28e-04	9.99e-01	3.54e-20
 2.17401e+23	6.67e-04	9.99e-01	4.94e-20
 2.18344e+23	7.01e-04	9.99e-01	6.64e-20
 2.19178e+23	7.37e-04	9.99e-01	8.74e-20
 2.20131e+23	7.83e-04	9.99e-01	1.27e-19
 2.21097e+23	8.25e-04	9.99e-01	1.76e-19
 2.21944e+23	8.67e-04	9.99e-01	2.38e-19
 2.22911e+23	9.21e-04	9.99e-01	3.62e-19
 2.23895e+23	9.71e-04	9.99e-01	5.29e-19
 2.24766e+23	1.02e-03	9.99e-01	7.47e-19
 2.25764e+23	1.09e-03	9.99e-01	1.25e-18
 2.26778e+23	1.15e-03	9.99e-01	2.07e-18
 2.27812e+23	1.22e-03	9.99e-01	3.89e-18
 2.28857e+23	1.29e-03	9.99e-01	7.70e-18
 2.29775e+23	1.36e-03	9.99e-01	1.42e-17
 2.30829e+23	1.45e-03	9.99e-01	4.32e-17
 2.31900e+23	1.53e-03	9.98e-01	8.65e-17
 2.32993e+23	1.64e-03	9.98e-01	2.00e-16
 2.34107e+23	1.73e-03	9.98e-01	3.55e-16
 2.35100e+23	1.83e-03	9.98e-01	5.20e-16
 2.36240e+23	1.96e-03	9.98e-01	8.17e-16
 2.37408e+23	2.08e-03	9.98e-01	1.19e-15
 2.38298e+23	2.17e-03	9.98e-01	1.54e-15
 2.39141e+23	2.28e-03	9.98e-01	1.98e-15
 2.40001e+23	2.38e-03	9.98e-01	2.42e-15
 2.40882e+23	2.51e-03	9.97e-01	3.07e-15
 2.41774e+23	2.62e-03	9.97e-01	3.62e-15
 2.42678e+23	2.77e-03	9.97e-01	4.47e-15
 2.43594e+23	2.89e-03	9.97e-01	5.28e-15
 2.44524e+23	3.05e-03	9.97e-01	6.52e-15
 2.45472e+23	3.19e-03	9.97e-01	7.75e-15
 2.46442e+23	3.38e-03	9.97e-01	9.65e-15
 2.47423e+23	3.54e-03	9.96e-01	1.15e-14
 2.48419e+23	3.75e-03	9.96e-01	1.44e-14
 2.49427e+23	3.93e-03	9.96e-01	1.72e-14
 2.50453e+23	4.17e-03	9.96e-01	2.15e-14
 2.51517e+23	4.38e-03	9.96e-01	2.61e-14
 2.52632e+23	4.67e-03	9.95e-01	3.35e-14
 2.53753e+23	4.91e-03	9.95e-01	4.07e-14
 2.54881e+23	5.23e-03	9.95e-01	5.20e-14
 2.56035e+23	5.52e-03	9.94e-01	6.43e-14
 2.57221e+23	5.91e-03	9.94e-01	8.41e-14
 2.58409e+23	6.22e-03	9.94e-01	1.03e-13
 2.59597e+23	6.67e-03	9.93e-01	1.35e-13
 2.60795e+23	7.02e-03	9.93e-01	1.67e-13
 2.62004e+23	7.53e-03	9.92e-01	2.19e-13
 2.63238e+23	7.98e-03	9.92e-01	2.74e-13
 2.64503e+23	8.59e-03	9.91e-01	3.66e-13
 2.65783e+23	9.12e-03	9.91e-01	4.62e-13
 2.67082e+23	9.88e-03	9.90e-01	6.27e-13
 2.68397e+23	1.05e-02	9.89e-01	8.04e-13
 2.69731e+23	1.15e-02	9.88e-01	1.12e-12
 2.71072e+23	1.24e-02	9.88e-01	1.45e-12
 2.72422e+23	1.37e-02	9.86e-01	2.06e-12
 2.73796e+23	1.48e-02	9.85e-01	2.76e-12
 2.75201e+23	1.66e-02	9.83e-01	4.10e-12
 2.76629e+23	1.84e-02	9.82e-01	5.69e-12
 2.77722e+23	2.00e-02	9.80e-01	7.45e-12
 2.78637e+23	2.16e-02	9.78e-01	9.59e-12
 2.79685e+23	2.42e-02	9.76e-01	1.36e-11
 2.80786e+23	2.71e-02	9.73e-01	1.90e-11
 2.81795e+23	3.06e-02	9.69e-01	2.69e-11
 2.82946e+23	3.60e-02	9.64e-01	4.26e-11
 2.84116e+23	4.27e-02	9.57e-01	6.69e-11
 2.85062e+23	5.01e-02	9.50e-01	1.00e-10
 2.85891e+23	5.89e-02	9.41e-01	1.50e-10
 2.86670e+23	6.97e-02	9.30e-01	2.25e-10
 2.87402e+23	8.34e-02	9.17e-01	3.42e-10
 2.88069e+23	9.98e-02	9.00e-01	5.14e-10
 2.88661e+23	1.19e-01	8.81e-01	7.64e-10
 2.89189e+23	1.41e-01	8.59e-01	1.11e-09
 2.89665e+23	1.66e-01	8.34e-01	1.57e-09
 2.90105e+23	1.95e-01	8.05e-01	2.19e-09
 2.90510e+23	2.27e-01	7.73e-01	3.00e-09
 2.90878e+23	2.61e-01	7.39e-01	3.99e-09
 2.91218e+23	2.97e-01	7.03e-01	5.20e-09
 2.91449e+23	3.23e-01	6.77e-01	6.09e-09
 2.91560e+23	3.36e-01	6.64e-01	6.61e-09
 2.91658e+23	3.49e-01	6.51e-01	7.10e-09
 2.91781e+23	3.65e-01	6.35e-01	7.77e-09
 2.91927e+23	3.84e-01	6.16e-01	8.65e-09
 2.92073e+23	4.03e-01	5.97e-01	9.44e-09
 2.92220e+23	4.24e-01	5.76e-01	1.04e-08
 2.92374e+23	4.45e-01	5.55e-01	1.15e-08
 2.92527e+23	4.67e-01	5.33e-01	1.26e-08
 2.92688e+23	4.89e-01	5.11e-01	1.37e-08
 2.92854e+23	5.12e-01	4.88e-01	1.49e-08
 2.93015e+23	5.34e-01	4.66e-01	1.61e-08
 2.93140e+23	5.49e-01	4.51e-01	1.69e-08
 2.93225e+23	5.60e-01	4.40e-01	1.75e-08
 2.93308e+23	5.71e-01	4.29e-01	1.81e-08
 2.93406e+23	5.83e-01	4.17e-01	1.88e-08
 2.93513e+23	5.96e-01	4.04e-01	1.96e-08
 2.93618e+23	6.08e-01	3.92e-01	2.03e-08
 2.93722e+23	6.20e-01	3.80e-01	2.10e-08
 2.93827e+23	6.32e-01	3.68e-01	2.16e-08
 2.93938e+23	6.43e-01	3.57e-01	2.24e-08
 2.94050e+23	6.55e-01	3.45e-01	2.31e-08
 2.94162e+23	6.66e-01	3.34e-01	2.38e-08
 2.94278e+23	6.77e-01	3.23e-01	2.44e-08
 2.94397e+23	6.88e-01	3.12e-01	2.51e-08
 2.94521e+23	6.99e-01	3.01e-01	2.58e-08
 2.94646e+23	7.09e-01	2.91e-01	2.64e-08
 2.94774e+23	7.19e-01	2.81e-01	2.71e-08
 2.94906e+23	7.29e-01	2.71e-01	2.77e-08
 2.95043e+23	7.39e-01	2.61e-01	2.84e-08
 2.95182e+23	7.48e-01	2.52e-01	2.90e-08
 2.95327e+23	7.57e-01	2.43e-01	2.96e-08
 2.95478e+23	7.67e-01	2.33e-01	3.02e-08
 2.95631e+23	7.76e-01	2.24e-01	3.09e-08
 2.95785e+23	7.84e-01	2.16e-01	3.14e-08
 2.95945e+23	7.92e-01	2.08e-01	3.20e-08
 2.96115e+23	8.00e-01	2.00e-01	3.27e-08
 2.96291e+23	8.08e-01	1.92e-01	3.33e-08
 2.96470e+23	8.16e-01	1.84e-01	3.39e-08
 2.96652e+23	8.23e-01	1.77e-01	3.45e-08
 2.96839e+23	8.30e-01	1.70e-01	3.51e-08
 2.97033e+23	8.36e-01	1.64e-01	3.57e-08
 2.97230e+23	8.43e-01	1.57e-01	3.63e-08
 2.97434e+23	8.49e-01	1.51e-01	3.70e-08
 2.97643e+23	8.55e-01	1.45e-01	3.76e-08
 2.97854e+23	8.60e-01	1.40e-01	3.84e-08
 2.98071e+23	8.65e-01	1.35e-01	3.91e-08
 2.98294e+23	8.70e-01	1.30e-01	3.99e-08
 2.98527e+23	8.75e-01	1.25e-01	4.08e-08
 2.98766e+23	8.79e-01	1.21e-01	4.16e-08
 2.99012e+23	8.83e-01	1.17e-01	4.27e-08
 2.99269e+23	8.87e-01	1.13e-01	4.38e-08
 2.99538e+23	8.91e-01	1.09e-01	4.51e-08
 2.99814e+23	8.95e-01	1.05e-01	4.65e-08
 3.00100e+23	8.99e-01	1.01e-01	4.82e-08
 3.00385e+23	9.02e-01	9.77e-02	4.99e-08
 3.00658e+23	9.05e-01	9.47e-02	5.17e-08
 3.00922e+23	9.08e-01	9.21e-02	5.36e-08
 3.01177e+23	9.10e-01	8.96e-02	5.55e-08
 3.01420e+23	9.13e-01	8.73e-02	5.71e-08
 3.01652e+23	9.15e-01	8.51e-02	5.89e-08
 3.01869e+23	9.17e-01	8.33e-02	6.05e-08
 3.02079e+23	9.19e-01	8.15e-02	6.25e-08
 3.02290e+23	9.20e-01	7.96e-02	6.45e-08
 3.02495e+23	9.22e-01	7.79e-02	6.67e-08
 3.02693e+23	9.24e-01	7.62e-02	6.90e-08
 3.02884e+23	9.25e-01	7.47e-02	7.14e-08
 3.03068e+23	9.27e-01	7.32e-02	7.38e-08
 3.03247e+23	9.28e-01	7.18e-02	7.63e-08
 3.03419e+23	9.30e-01	7.04e-02	7.90e-08
 3.03586e+23	9.31e-01	6.91e-02	8.19e-08
 3.03748e+23	9.32e-01	6.78e-02	8.50e-08
 3.03900e+23	9.33e-01	6.66e-02	8.80e-08
 3.04050e+23	9.35e-01	6.55e-02	9.15e-08
 3.04196e+23	9.36e-01	6.43e-02	9.49e-08
 3.04334e+23	9.37e-01	6.32e-02	9.85e-08
 3.04465e+23	9.38e-01	6.22e-02	1.02e-07
 3.04584e+23	9.39e-01	6.13e-02	1.06e-07
 3.04692e+23	9.39e-01	6.05e-02	1.09e-07
 3.04791e+23	9.40e-01	5.98e-02	1.12e-07
 3.04881e+23	9.41e-01	5.92e-02	1.15e-07
 3.04962e+23	9.41e-01	5.86e-02	1.18e-07
 3.05037e+23	9.42e-01	5.81e-02	1.20e-07
 3.05118e+23	9.43e-01	5.74e-02	1.23e-07
 3.05206e+23	9.43e-01	5.66e-02	1.26e-07
 3.05286e+23	9.44e-01	5.60e-02	1.29e-07
 3.05359e+23	9.44e-01	5.55e-02	1.32e-07
 3.05425e+23	9.45e-01	5.52e-02	1.34e-07
 3.05497e+23	9.45e-01	5.45e-02	1.36e-07
 3.05592e+23	9.46e-01	5.37e-02	1.39e-07
 3.05694e+23	9.47e-01	5.28e-02	1.43e-07
 3.05786e+23	9.48e-01	5.21e-02	1.45e-07
 3.05871e+23	9.49e-01	5.14e-02	1.48e-07
 3.05947e+23	9.49e-01	5.11e-02	1.49e-07
 3.06032e+23	9.49e-01	5.05e-02	1.50e-07
 3.06122e+23	9.50e-01	5.00e-02	1.52e-07
 3.06222e+23	9.51e-01	4.92e-02	1.54e-07
 3.06329e+23	9.52e-01	4.85e-02	1.56e-07
 3.06427e+23	9.52e-01	4.79e-02	1.57e-07
 3.06516e+23	9.53e-01	4.74e-02	1.58e-07
 3.06597e+23	9.53e-01	4.70e-02	1.59e-07
 3.06671e+23	9.53e-01	4.67e-02	1.60e-07
 3.06751e+23	9.54e-01	4.61e-02	1.60e-07
 3.06856e+23	9.55e-01	4.54e-02	1.60e-07
 3.06970e+23	9.55e-01	4.47e-02	1.61e-07
 3.07073e+23	9.56e-01	4.40e-02	1.62e-07
 3.07167e+23	9.56e-01	4.36e-02	1.62e-07
 3.07252e+23	9.57e-01	4.31e-02	1.61e-07
 3.07330e+23	9.57e-01	4.27e-02	1.61e-07
 3.07415e+23	9.58e-01	4.22e-02	1.61e-07
 3.07507e+23	9.58e-01	4.16e-02	1.60e-07
 3.07590e+23	9.59e-01	4.12e-02	1.60e-07
 3.07666e+23	9.59e-01	4.08e-02	1.60e-07
 3.07736e+23	9.59e-01	4.06e-02	1.60e-07
 3.07812e+23	9.60e-01	4.01e-02	1.59e-07
 3.07910e+23	9.61e-01	3.94e-02	1.58e-07
 3.08017e+23	9.61e-01	3.88e-02	1.58e-07
 3.08114e+23	9.62e-01	3.83e-02	1.57e-07
 3.08202e+23	9.62e-01	3.79e-02	1.57e-07
 3.08282e+23	9.62e-01	3.75e-02	1.56e-07
 3.08355e+23	9.63e-01	3.73e-02	1.55e-07
 3.08435e+23	9.63e-01	3.68e-02	1.54e-07
 3.08524e+23	9.64e-01	3.62e-02	1.53e-07
