#depth	C	C+	C+2	C+3	C+4	C+5	C+6	C[1]	C[2]	C[3]	C+[1]	C+[2]	CO
 1.54284e+22	0.00e+00	2.13e-24	2.35e-18	3.01e-13	4.34e-08	3.49e-04	1.00e+00	0.00e+00	0.00e+00	0.00e+00	0.00e+00	0.00e+00	4.83e-110
 3.47273e+22	2.00e-31	1.69e-23	1.27e-17	1.11e-12	1.02e-07	5.24e-04	9.99e-01	0.00e+00	0.00e+00	0.00e+00	0.00e+00	0.00e+00	1.82e-104
 4.09658e+22	8.63e-31	5.77e-23	3.45e-17	2.42e-12	1.70e-07	6.68e-04	9.99e-01	0.00e+00	0.00e+00	0.00e+00	0.00e+00	0.00e+00	3.52e-89
 4.52280e+22	2.79e-30	1.55e-22	7.67e-17	4.50e-12	2.56e-07	8.12e-04	9.99e-01	0.00e+00	0.00e+00	0.00e+00	0.00e+00	0.00e+00	2.35e-89
 4.75959e+22	3.75e-30	1.98e-22	9.40e-17	5.27e-12	2.84e-07	8.53e-04	9.99e-01	0.00e+00	0.00e+00	0.00e+00	0.00e+00	0.00e+00	3.84e-84
 4.84185e+22	4.64e-30	2.38e-22	1.09e-16	5.91e-12	3.06e-07	8.84e-04	9.99e-01	0.00e+00	0.00e+00	0.00e+00	0.00e+00	0.00e+00	4.85e-84
 4.92213e+22	6.13e-30	3.00e-22	1.32e-16	6.85e-12	3.38e-07	9.26e-04	9.99e-01	0.00e+00	0.00e+00	0.00e+00	0.00e+00	0.00e+00	1.27e-83
 5.00213e+22	7.66e-30	3.62e-22	1.53e-16	7.69e-12	3.65e-07	9.61e-04	9.99e-01	0.00e+00	0.00e+00	0.00e+00	0.00e+00	0.00e+00	7.83e-83
 5.07111e+22	9.41e-30	4.30e-22	1.76e-16	8.60e-12	3.92e-07	9.94e-04	9.99e-01	0.00e+00	0.00e+00	0.00e+00	0.00e+00	0.00e+00	5.10e-83
 5.15010e+22	1.21e-29	5.33e-22	2.10e-16	9.86e-12	4.29e-07	1.04e-03	9.99e-01	0.00e+00	0.00e+00	0.00e+00	0.00e+00	0.00e+00	2.20e-82
 5.22830e+22	1.51e-29	6.41e-22	2.44e-16	1.10e-11	4.63e-07	1.08e-03	9.99e-01	0.00e+00	0.00e+00	0.00e+00	0.00e+00	0.00e+00	3.94e-82
 5.29135e+22	1.83e-29	7.52e-22	2.77e-16	1.22e-11	4.95e-07	1.11e-03	9.99e-01	0.00e+00	0.00e+00	0.00e+00	0.00e+00	0.00e+00	2.90e-82
 5.35915e+22	2.28e-29	9.04e-22	3.23e-16	1.38e-11	5.35e-07	1.15e-03	9.99e-01	0.00e+00	0.00e+00	0.00e+00	0.00e+00	0.00e+00	7.39e-82
 5.43258e+22	2.84e-29	1.09e-21	3.74e-16	1.54e-11	5.78e-07	1.20e-03	9.99e-01	0.00e+00	0.00e+00	0.00e+00	0.00e+00	0.00e+00	1.60e-81
 5.50014e+22	3.47e-29	1.29e-21	4.29e-16	1.71e-11	6.20e-07	1.24e-03	9.99e-01	0.00e+00	0.00e+00	0.00e+00	0.00e+00	0.00e+00	3.49e-81
 5.57476e+22	4.41e-29	1.57e-21	5.06e-16	1.95e-11	6.76e-07	1.29e-03	9.99e-01	0.00e+00	0.00e+00	0.00e+00	0.00e+00	0.00e+00	6.92e-81
 5.65075e+22	5.50e-29	1.89e-21	5.88e-16	2.19e-11	7.29e-07	1.34e-03	9.99e-01	0.00e+00	0.00e+00	0.00e+00	0.00e+00	0.00e+00	1.81e-80
 5.71406e+22	6.65e-29	2.22e-21	6.68e-16	2.42e-11	7.79e-07	1.38e-03	9.99e-01	0.00e+00	0.00e+00	0.00e+00	0.00e+00	0.00e+00	2.89e-80
 5.78192e+22	8.29e-29	2.67e-21	7.77e-16	2.72e-11	8.43e-07	1.43e-03	9.99e-01	0.00e+00	0.00e+00	0.00e+00	0.00e+00	0.00e+00	5.01e-80
 5.85511e+22	1.03e-28	3.19e-21	8.98e-16	3.04e-11	9.08e-07	1.48e-03	9.99e-01	0.00e+00	0.00e+00	0.00e+00	0.00e+00	0.00e+00	8.51e-80
 5.92285e+22	1.26e-28	3.79e-21	1.03e-15	3.39e-11	9.76e-07	1.54e-03	9.98e-01	0.00e+00	0.00e+00	0.00e+00	0.00e+00	0.00e+00	1.42e-79
 5.98856e+22	1.54e-28	4.49e-21	1.18e-15	3.77e-11	1.05e-06	1.59e-03	9.98e-01	0.00e+00	0.00e+00	0.00e+00	0.00e+00	0.00e+00	2.34e-79
 6.05175e+22	1.86e-28	5.25e-21	1.34e-15	4.16e-11	1.12e-06	1.64e-03	9.98e-01	0.00e+00	0.00e+00	0.00e+00	0.00e+00	0.00e+00	3.72e-79
 6.12163e+22	2.33e-28	6.33e-21	1.56e-15	4.68e-11	1.21e-06	1.70e-03	9.98e-01	0.00e+00	0.00e+00	0.00e+00	0.00e+00	0.00e+00	6.50e-79
 6.19482e+22	2.88e-28	7.55e-21	1.80e-15	5.23e-11	1.30e-06	1.77e-03	9.98e-01	0.00e+00	0.00e+00	0.00e+00	0.00e+00	0.00e+00	1.10e-78
 6.25921e+22	6.64e-37	8.89e-21	2.06e-15	5.79e-11	1.40e-06	1.83e-03	9.98e-01	0.00e+00	0.00e+00	0.00e+00	0.00e+00	0.00e+00	1.42e-78
 6.32982e+22	0.00e+00	1.08e-20	2.40e-15	6.54e-11	1.51e-06	1.90e-03	9.98e-01	0.00e+00	0.00e+00	0.00e+00	0.00e+00	0.00e+00	9.14e-79
 6.40505e+22	0.00e+00	1.29e-20	2.79e-15	7.32e-11	1.64e-06	1.97e-03	9.98e-01	0.00e+00	0.00e+00	0.00e+00	0.00e+00	0.00e+00	6.97e-79
 6.46932e+22	0.00e+00	1.51e-20	3.16e-15	8.07e-11	1.75e-06	2.04e-03	9.98e-01	0.00e+00	0.00e+00	0.00e+00	0.00e+00	0.00e+00	6.26e-79
 6.52705e+22	0.00e+00	1.75e-20	3.56e-15	8.85e-11	1.86e-06	2.10e-03	9.98e-01	0.00e+00	0.00e+00	0.00e+00	0.00e+00	0.00e+00	6.01e-79
 6.59323e+22	0.00e+00	2.09e-20	4.10e-15	9.88e-11	2.00e-06	2.17e-03	9.98e-01	0.00e+00	0.00e+00	0.00e+00	0.00e+00	0.00e+00	6.14e-79
 6.66506e+22	0.00e+00	2.50e-20	4.74e-15	1.10e-10	2.16e-06	2.26e-03	9.98e-01	0.00e+00	0.00e+00	0.00e+00	0.00e+00	0.00e+00	5.13e-78
 6.73012e+22	0.00e+00	2.93e-20	5.38e-15	1.22e-10	2.31e-06	2.33e-03	9.98e-01	0.00e+00	0.00e+00	0.00e+00	0.00e+00	0.00e+00	1.61e-77
 6.80059e+22	0.00e+00	3.54e-20	6.27e-15	1.37e-10	2.50e-06	2.43e-03	9.98e-01	0.00e+00	0.00e+00	0.00e+00	0.00e+00	0.00e+00	1.85e-77
 6.87197e+22	0.00e+00	4.20e-20	7.18e-15	1.52e-10	2.69e-06	2.52e-03	9.97e-01	0.00e+00	0.00e+00	0.00e+00	0.00e+00	0.00e+00	4.72e-77
 6.93156e+22	0.00e+00	4.87e-20	8.09e-15	1.66e-10	2.86e-06	2.60e-03	9.97e-01	0.00e+00	0.00e+00	0.00e+00	0.00e+00	0.00e+00	7.53e-77
 6.99608e+22	0.00e+00	5.80e-20	9.29e-15	1.85e-10	3.08e-06	2.69e-03	9.97e-01	0.00e+00	0.00e+00	0.00e+00	0.00e+00	0.00e+00	7.89e-77
 7.06558e+22	0.00e+00	6.88e-20	1.07e-14	2.06e-10	3.31e-06	2.79e-03	9.97e-01	0.00e+00	0.00e+00	0.00e+00	0.00e+00	0.00e+00	2.08e-76
 7.12918e+22	0.00e+00	8.05e-20	1.21e-14	2.26e-10	3.53e-06	2.89e-03	9.97e-01	0.00e+00	0.00e+00	0.00e+00	0.00e+00	0.00e+00	3.42e-76
 7.19945e+22	0.00e+00	9.74e-20	1.40e-14	2.54e-10	3.83e-06	3.01e-03	9.97e-01	0.00e+00	0.00e+00	0.00e+00	0.00e+00	0.00e+00	5.96e-76
 7.26956e+22	0.00e+00	1.15e-19	1.60e-14	2.80e-10	4.10e-06	3.12e-03	9.97e-01	0.00e+00	0.00e+00	0.00e+00	0.00e+00	0.00e+00	1.01e-75
 7.32695e+22	0.00e+00	1.33e-19	1.79e-14	3.05e-10	4.35e-06	3.21e-03	9.97e-01	0.00e+00	0.00e+00	0.00e+00	0.00e+00	0.00e+00	1.62e-75
 7.38903e+22	0.00e+00	1.57e-19	2.05e-14	3.37e-10	4.67e-06	3.34e-03	9.97e-01	0.00e+00	0.00e+00	0.00e+00	0.00e+00	0.00e+00	2.65e-75
 7.45570e+22	0.00e+00	1.86e-19	2.34e-14	3.72e-10	5.00e-06	3.46e-03	9.97e-01	0.00e+00	0.00e+00	0.00e+00	0.00e+00	0.00e+00	4.50e-75
 7.51710e+22	0.00e+00	2.16e-19	2.63e-14	4.07e-10	5.33e-06	3.58e-03	9.96e-01	0.00e+00	0.00e+00	0.00e+00	0.00e+00	0.00e+00	7.15e-75
 7.58567e+22	0.00e+00	2.63e-19	3.06e-14	4.55e-10	5.77e-06	3.73e-03	9.96e-01	0.00e+00	0.00e+00	0.00e+00	0.00e+00	0.00e+00	1.26e-74
 7.65323e+22	0.00e+00	3.07e-19	3.46e-14	4.97e-10	6.16e-06	3.87e-03	9.96e-01	0.00e+00	0.00e+00	0.00e+00	0.00e+00	0.00e+00	2.15e-74
 7.70858e+22	0.00e+00	3.52e-19	3.85e-14	5.39e-10	6.52e-06	3.99e-03	9.96e-01	0.00e+00	0.00e+00	0.00e+00	0.00e+00	0.00e+00	3.41e-74
 7.76963e+22	1.35e-34	4.19e-19	4.40e-14	5.94e-10	7.00e-06	4.15e-03	9.96e-01	0.00e+00	0.00e+00	0.00e+00	0.00e+00	0.00e+00	5.74e-74
 7.83332e+22	1.69e-34	4.89e-19	4.96e-14	6.47e-10	7.45e-06	4.29e-03	9.96e-01	0.00e+00	0.00e+00	0.00e+00	0.00e+00	0.00e+00	9.36e-74
 7.89087e+22	2.12e-34	5.67e-19	5.56e-14	7.03e-10	7.91e-06	4.44e-03	9.96e-01	0.00e+00	0.00e+00	0.00e+00	0.00e+00	0.00e+00	1.50e-73
 7.95610e+22	2.75e-34	6.81e-19	6.39e-14	7.78e-10	8.52e-06	4.63e-03	9.95e-01	0.00e+00	0.00e+00	0.00e+00	0.00e+00	0.00e+00	2.68e-73
 8.02103e+22	3.50e-34	7.97e-19	7.21e-14	8.47e-10	9.08e-06	4.80e-03	9.95e-01	0.00e+00	0.00e+00	0.00e+00	0.00e+00	0.00e+00	4.46e-73
 8.07397e+22	4.30e-34	9.14e-19	8.00e-14	9.13e-10	9.59e-06	4.96e-03	9.95e-01	0.00e+00	0.00e+00	0.00e+00	0.00e+00	0.00e+00	6.87e-73
 8.13122e+22	5.48e-34	1.08e-18	9.05e-14	9.95e-10	1.02e-05	5.15e-03	9.95e-01	0.00e+00	0.00e+00	0.00e+00	0.00e+00	0.00e+00	1.17e-72
 8.19183e+22	6.87e-34	1.25e-18	1.01e-13	1.08e-09	1.09e-05	5.33e-03	9.95e-01	0.00e+00	0.00e+00	0.00e+00	0.00e+00	0.00e+00	1.90e-72
 8.24771e+22	8.60e-34	1.45e-18	1.13e-13	1.17e-09	1.15e-05	5.52e-03	9.94e-01	0.00e+00	0.00e+00	0.00e+00	0.00e+00	0.00e+00	3.07e-72
 8.30255e+22	1.08e-33	1.68e-18	1.26e-13	1.26e-09	1.22e-05	5.72e-03	9.94e-01	0.00e+00	0.00e+00	0.00e+00	0.00e+00	0.00e+00	4.96e-72
 8.35536e+22	1.33e-33	1.92e-18	1.40e-13	1.35e-09	1.29e-05	5.91e-03	9.94e-01	0.00e+00	0.00e+00	0.00e+00	0.00e+00	0.00e+00	7.81e-72
 8.41422e+22	1.57e-33	2.29e-18	1.59e-13	1.47e-09	1.38e-05	6.16e-03	9.94e-01	0.00e+00	0.00e+00	0.00e+00	0.00e+00	0.00e+00	1.39e-71
 8.47349e+22	1.95e-33	2.64e-18	1.77e-13	1.59e-09	1.46e-05	6.37e-03	9.94e-01	0.00e+00	0.00e+00	0.00e+00	0.00e+00	0.00e+00	2.21e-71
 8.52545e+22	2.43e-33	3.04e-18	1.97e-13	1.70e-09	1.55e-05	6.60e-03	9.93e-01	0.00e+00	0.00e+00	0.00e+00	0.00e+00	0.00e+00	3.57e-71
 8.57663e+22	3.01e-33	3.49e-18	2.18e-13	1.83e-09	1.63e-05	6.82e-03	9.93e-01	0.00e+00	0.00e+00	0.00e+00	0.00e+00	0.00e+00	5.61e-71
 8.63465e+22	3.90e-33	4.13e-18	2.47e-13	1.99e-09	1.74e-05	7.11e-03	9.93e-01	0.00e+00	0.00e+00	0.00e+00	0.00e+00	0.00e+00	9.91e-71
 8.69479e+22	4.94e-33	4.81e-18	2.76e-13	2.14e-09	1.85e-05	7.38e-03	9.93e-01	0.00e+00	0.00e+00	0.00e+00	0.00e+00	0.00e+00	1.66e-70
 8.74603e+22	6.11e-33	5.49e-18	3.05e-13	2.28e-09	1.95e-05	7.63e-03	9.92e-01	0.00e+00	0.00e+00	0.00e+00	0.00e+00	0.00e+00	2.60e-70
 8.80100e+22	7.90e-33	6.48e-18	3.44e-13	2.47e-09	2.08e-05	7.95e-03	9.92e-01	0.00e+00	0.00e+00	0.00e+00	0.00e+00	0.00e+00	4.59e-70
 8.85777e+22	9.27e-33	7.46e-18	3.82e-13	2.65e-09	2.20e-05	8.22e-03	9.92e-01	0.00e+00	0.00e+00	0.00e+00	0.00e+00	0.00e+00	7.35e-70
 8.90870e+22	1.15e-32	8.59e-18	4.23e-13	2.83e-09	2.32e-05	8.52e-03	9.91e-01	0.00e+00	0.00e+00	0.00e+00	0.00e+00	0.00e+00	1.19e-69
 8.95841e+22	1.43e-32	9.81e-18	4.66e-13	3.02e-09	2.44e-05	8.80e-03	9.91e-01	0.00e+00	0.00e+00	0.00e+00	0.00e+00	0.00e+00	1.88e-69
 9.01471e+22	1.85e-32	1.16e-17	5.27e-13	3.27e-09	2.61e-05	9.18e-03	9.91e-01	0.00e+00	0.00e+00	0.00e+00	0.00e+00	0.00e+00	3.36e-69
 9.07258e+22	2.35e-32	1.35e-17	5.87e-13	3.50e-09	2.77e-05	9.53e-03	9.90e-01	0.00e+00	0.00e+00	0.00e+00	0.00e+00	0.00e+00	5.64e-69
 9.12199e+22	2.90e-32	1.54e-17	6.47e-13	3.72e-09	2.91e-05	9.86e-03	9.90e-01	0.00e+00	0.00e+00	0.00e+00	0.00e+00	0.00e+00	9.02e-69
 9.17571e+22	3.74e-32	1.81e-17	7.27e-13	4.01e-09	3.10e-05	1.03e-02	9.90e-01	0.00e+00	0.00e+00	0.00e+00	0.00e+00	0.00e+00	1.57e-68
 9.23234e+22	4.76e-32	2.11e-17	8.11e-13	4.29e-09	3.29e-05	1.07e-02	9.89e-01	0.00e+00	0.00e+00	0.00e+00	0.00e+00	0.00e+00	2.68e-68
 9.28312e+22	5.90e-32	2.42e-17	8.96e-13	4.57e-09	3.47e-05	1.10e-02	9.89e-01	0.00e+00	0.00e+00	0.00e+00	0.00e+00	0.00e+00	4.34e-68
 9.33947e+22	7.74e-32	2.87e-17	1.01e-12	4.95e-09	3.71e-05	1.15e-02	9.88e-01	0.00e+00	0.00e+00	0.00e+00	0.00e+00	0.00e+00	7.91e-68
 9.39862e+22	1.00e-31	3.37e-17	1.14e-12	5.32e-09	3.95e-05	1.20e-02	9.88e-01	0.00e+00	0.00e+00	0.00e+00	0.00e+00	0.00e+00	1.39e-67
 9.44827e+22	1.23e-31	3.83e-17	1.25e-12	5.63e-09	4.15e-05	1.24e-02	9.88e-01	0.00e+00	0.00e+00	0.00e+00	0.00e+00	0.00e+00	2.19e-67
 9.49966e+22	1.59e-31	4.51e-17	1.40e-12	6.05e-09	4.42e-05	1.29e-02	9.87e-01	0.00e+00	0.00e+00	0.00e+00	4.51e-17	4.72e-26	3.91e-67
 9.55263e+22	1.99e-31	5.20e-17	1.55e-12	6.44e-09	4.67e-05	1.34e-02	9.87e-01	0.00e+00	0.00e+00	0.00e+00	5.20e-17	6.07e-24	6.47e-67
 9.59618e+22	2.40e-31	5.85e-17	1.69e-12	6.77e-09	4.88e-05	1.38e-02	9.86e-01	0.00e+00	0.00e+00	0.00e+00	5.85e-17	6.82e-24	9.81e-67
 9.64136e+22	3.02e-31	6.77e-17	1.87e-12	7.21e-09	5.17e-05	1.43e-02	9.86e-01	0.00e+00	0.00e+00	0.00e+00	6.77e-17	7.90e-24	1.65e-66
 9.68454e+22	3.60e-31	7.56e-17	2.02e-12	7.56e-09	5.39e-05	1.47e-02	9.85e-01	0.00e+00	0.00e+00	0.00e+00	7.56e-17	8.81e-24	2.45e-66
 9.71922e+22	4.26e-31	8.42e-17	2.18e-12	7.90e-09	5.62e-05	1.51e-02	9.85e-01	0.00e+00	0.00e+00	0.00e+00	8.42e-17	9.81e-24	3.59e-66
 9.75314e+22	5.02e-31	9.32e-17	2.35e-12	8.25e-09	5.84e-05	1.55e-02	9.84e-01	0.00e+00	0.00e+00	0.00e+00	9.32e-17	1.09e-23	5.17e-66
 9.78638e+22	5.84e-31	1.03e-16	2.52e-12	8.60e-09	6.07e-05	1.59e-02	9.84e-01	0.00e+00	0.00e+00	0.00e+00	1.03e-16	1.20e-23	7.30e-66
 9.82398e+22	7.17e-31	1.17e-16	2.76e-12	9.08e-09	6.38e-05	1.64e-02	9.84e-01	0.00e+00	0.00e+00	0.00e+00	1.17e-16	1.36e-23	1.17e-65
 9.86123e+22	8.31e-31	1.30e-16	2.97e-12	9.48e-09	6.64e-05	1.68e-02	9.83e-01	0.00e+00	0.00e+00	0.00e+00	1.30e-16	1.51e-23	1.68e-65
 9.89174e+22	9.67e-31	1.43e-16	3.17e-12	9.86e-09	6.88e-05	1.72e-02	9.83e-01	0.00e+00	0.00e+00	0.00e+00	1.43e-16	1.66e-23	2.36e-65
 9.92509e+22	1.14e-30	1.60e-16	3.44e-12	1.03e-08	7.19e-05	1.77e-02	9.82e-01	0.00e+00	0.00e+00	0.00e+00	1.60e-16	1.87e-23	3.56e-65
 9.95943e+22	1.34e-30	1.77e-16	3.70e-12	1.08e-08	7.48e-05	1.82e-02	9.82e-01	0.00e+00	0.00e+00	0.00e+00	1.77e-16	2.06e-23	5.07e-65
 9.99008e+22	1.56e-30	1.95e-16	3.97e-12	1.12e-08	7.77e-05	1.86e-02	9.81e-01	0.00e+00	0.00e+00	0.00e+00	1.95e-16	2.28e-23	7.22e-65
 1.00204e+23	1.85e-30	2.17e-16	4.27e-12	1.17e-08	8.08e-05	1.91e-02	9.81e-01	0.00e+00	0.00e+00	0.00e+00	2.17e-16	2.53e-23	1.05e-64
 1.00499e+23	2.15e-30	2.39e-16	4.58e-12	1.22e-08	8.39e-05	1.95e-02	9.80e-01	0.00e+00	0.00e+00	0.00e+00	2.39e-16	2.79e-23	1.48e-64
 1.00830e+23	2.62e-30	2.71e-16	5.01e-12	1.28e-08	8.80e-05	2.01e-02	9.80e-01	0.00e+00	0.00e+00	0.00e+00	2.71e-16	3.17e-23	2.33e-64
 1.01149e+23	3.04e-30	2.99e-16	5.36e-12	1.34e-08	9.13e-05	2.06e-02	9.79e-01	0.00e+00	0.00e+00	0.00e+00	2.99e-16	3.48e-23	3.26e-64
 1.01410e+23	3.54e-30	3.30e-16	5.74e-12	1.39e-08	9.47e-05	2.11e-02	9.79e-01	0.00e+00	0.00e+00	0.00e+00	3.30e-16	3.84e-23	4.61e-64
 1.01669e+23	4.09e-30	3.61e-16	6.14e-12	1.44e-08	9.81e-05	2.15e-02	9.78e-01	0.00e+00	0.00e+00	0.00e+00	3.61e-16	4.21e-23	6.35e-64
 1.01965e+23	4.95e-30	4.09e-16	6.70e-12	1.52e-08	1.03e-04	2.22e-02	9.78e-01	0.00e+00	0.00e+00	0.00e+00	4.09e-16	4.77e-23	9.80e-64
 1.02266e+23	5.85e-30	4.56e-16	7.23e-12	1.59e-08	1.07e-04	2.27e-02	9.77e-01	0.00e+00	0.00e+00	0.00e+00	4.56e-16	5.32e-23	1.43e-63
 1.02526e+23	6.77e-30	5.01e-16	7.75e-12	1.65e-08	1.11e-04	2.32e-02	9.77e-01	0.00e+00	0.00e+00	0.00e+00	5.01e-16	5.85e-23	1.98e-63
 1.02817e+23	8.38e-30	5.77e-16	8.56e-12	1.74e-08	1.17e-04	2.39e-02	9.76e-01	0.00e+00	0.00e+00	0.00e+00	5.77e-16	6.74e-23	3.23e-63
 1.03107e+23	9.73e-30	6.36e-16	9.18e-12	1.82e-08	1.21e-04	2.45e-02	9.75e-01	0.00e+00	0.00e+00	0.00e+00	6.36e-16	7.42e-23	4.48e-63
 1.03396e+23	1.22e-29	7.38e-16	1.02e-11	1.93e-08	1.28e-04	2.53e-02	9.75e-01	0.00e+00	0.00e+00	0.00e+00	7.38e-16	8.61e-23	7.43e-63
 1.03676e+23	1.41e-29	8.15e-16	1.10e-11	2.01e-08	1.33e-04	2.58e-02	9.74e-01	0.00e+00	0.00e+00	0.00e+00	8.15e-16	9.51e-23	1.04e-62
 1.03944e+23	1.74e-29	9.34e-16	1.21e-11	2.13e-08	1.39e-04	2.66e-02	9.73e-01	0.00e+00	0.00e+00	0.00e+00	9.34e-16	1.09e-22	1.64e-62
 1.04221e+23	2.07e-29	1.05e-15	1.32e-11	2.24e-08	1.46e-04	2.72e-02	9.73e-01	0.00e+00	0.00e+00	0.00e+00	1.05e-15	1.23e-22	2.41e-62
 1.04509e+23	2.62e-29	1.23e-15	1.48e-11	2.40e-08	1.54e-04	2.81e-02	9.72e-01	0.00e+00	0.00e+00	0.00e+00	1.23e-15	1.44e-22	4.09e-62
 1.04788e+23	3.09e-29	1.38e-15	1.61e-11	2.52e-08	1.60e-04	2.88e-02	9.71e-01	0.00e+00	0.00e+00	0.00e+00	1.38e-15	1.61e-22	5.86e-62
 1.05052e+23	3.91e-29	1.62e-15	1.81e-11	2.69e-08	1.70e-04	2.97e-02	9.70e-01	0.00e+00	0.00e+00	0.00e+00	1.62e-15	1.89e-22	9.83e-62
 1.05316e+23	4.64e-29	1.82e-15	1.97e-11	2.84e-08	1.77e-04	3.03e-02	9.69e-01	0.00e+00	0.00e+00	0.00e+00	1.82e-15	2.13e-22	1.42e-61
 1.05578e+23	5.91e-29	2.16e-15	2.23e-11	3.05e-08	1.88e-04	3.13e-02	9.68e-01	0.00e+00	0.00e+00	0.00e+00	2.16e-15	2.52e-22	2.41e-61
 1.05843e+23	7.10e-29	2.45e-15	2.45e-11	3.24e-08	1.96e-04	3.21e-02	9.68e-01	0.00e+00	0.00e+00	0.00e+00	2.45e-15	2.86e-22	3.58e-61
 1.06111e+23	9.23e-29	2.95e-15	2.81e-11	3.51e-08	2.09e-04	3.32e-02	9.67e-01	0.00e+00	0.00e+00	0.00e+00	2.95e-15	3.44e-22	6.32e-61
 1.06379e+23	1.12e-28	3.37e-15	3.11e-11	3.74e-08	2.19e-04	3.40e-02	9.66e-01	0.00e+00	0.00e+00	0.00e+00	3.37e-15	3.94e-22	9.53e-61
 1.06648e+23	1.46e-28	4.07e-15	3.58e-11	4.08e-08	2.34e-04	3.52e-02	9.65e-01	0.00e+00	0.00e+00	0.00e+00	4.07e-15	4.76e-22	1.68e-60
 1.06915e+23	1.78e-28	4.70e-15	3.98e-11	4.36e-08	2.45e-04	3.61e-02	9.64e-01	0.00e+00	0.00e+00	0.00e+00	4.70e-15	5.50e-22	2.57e-60
 1.07179e+23	2.33e-28	5.71e-15	4.62e-11	4.79e-08	2.62e-04	3.73e-02	9.62e-01	0.00e+00	0.00e+00	0.00e+00	5.71e-15	6.68e-22	4.56e-60
 1.07447e+23	2.90e-28	6.68e-15	5.20e-11	5.16e-08	2.76e-04	3.83e-02	9.61e-01	0.00e+00	0.00e+00	0.00e+00	6.68e-15	7.82e-22	7.22e-60
 1.07721e+23	3.86e-28	8.25e-15	6.11e-11	5.71e-08	2.96e-04	3.97e-02	9.60e-01	0.00e+00	0.00e+00	0.00e+00	8.25e-15	9.67e-22	1.33e-59
 1.07998e+23	4.85e-28	9.76e-15	6.94e-11	6.20e-08	3.13e-04	4.08e-02	9.59e-01	0.00e+00	0.00e+00	0.00e+00	9.76e-15	1.14e-21	2.14e-59
 1.08278e+23	6.57e-28	1.22e-14	8.24e-11	6.92e-08	3.37e-04	4.23e-02	9.57e-01	0.00e+00	0.00e+00	0.00e+00	1.22e-14	1.43e-21	4.04e-59
 1.08560e+23	8.30e-28	1.45e-14	9.41e-11	7.54e-08	3.56e-04	4.35e-02	9.56e-01	0.00e+00	0.00e+00	0.00e+00	1.45e-14	1.70e-21	6.58e-59
 1.08804e+23	1.05e-27	1.73e-14	1.07e-10	8.22e-08	3.77e-04	4.47e-02	9.55e-01	0.00e+00	0.00e+00	0.00e+00	1.73e-14	2.02e-21	1.06e-58
 1.09079e+23	1.41e-27	2.16e-14	1.28e-10	9.19e-08	4.05e-04	4.63e-02	9.53e-01	0.00e+00	0.00e+00	0.00e+00	2.16e-14	2.53e-21	1.97e-58
 1.09357e+23	1.78e-27	2.58e-14	1.46e-10	1.00e-07	4.29e-04	4.76e-02	9.52e-01	0.00e+00	0.00e+00	0.00e+00	2.58e-14	3.02e-21	3.20e-58
 1.09638e+23	2.41e-27	3.25e-14	1.75e-10	1.13e-07	4.62e-04	4.94e-02	9.50e-01	0.00e+00	0.00e+00	0.00e+00	3.25e-14	3.81e-21	6.03e-58
 1.09920e+23	3.02e-27	3.85e-14	2.00e-10	1.23e-07	4.88e-04	5.07e-02	9.49e-01	0.00e+00	0.00e+00	0.00e+00	3.85e-14	4.52e-21	9.60e-58
 1.10203e+23	4.09e-27	4.86e-14	2.39e-10	1.39e-07	5.26e-04	5.26e-02	9.47e-01	0.00e+00	0.00e+00	0.00e+00	4.86e-14	5.70e-21	1.80e-57
 1.10491e+23	5.13e-27	5.78e-14	2.74e-10	1.52e-07	5.56e-04	5.40e-02	9.45e-01	0.00e+00	0.00e+00	0.00e+00	5.78e-14	6.78e-21	2.87e-57
 1.10785e+23	6.91e-27	7.26e-14	3.27e-10	1.71e-07	5.99e-04	5.60e-02	9.43e-01	0.00e+00	0.00e+00	0.00e+00	7.26e-14	8.52e-21	5.29e-57
 1.11089e+23	8.80e-27	8.75e-14	3.78e-10	1.88e-07	6.36e-04	5.76e-02	9.42e-01	0.00e+00	0.00e+00	0.00e+00	8.75e-14	1.03e-20	8.74e-57
 1.11405e+23	1.20e-26	1.11e-13	4.55e-10	2.13e-07	6.87e-04	5.98e-02	9.40e-01	0.00e+00	0.00e+00	0.00e+00	1.11e-13	1.30e-20	1.65e-56
 1.11726e+23	1.52e-26	1.33e-13	5.26e-10	2.35e-07	7.30e-04	6.16e-02	9.38e-01	0.00e+00	0.00e+00	0.00e+00	1.33e-13	1.57e-20	2.70e-56
 1.12052e+23	2.06e-26	1.69e-13	6.33e-10	2.66e-07	7.89e-04	6.39e-02	9.35e-01	0.00e+00	0.00e+00	0.00e+00	1.69e-13	1.99e-20	5.07e-56
 1.12381e+23	2.59e-26	2.02e-13	7.29e-10	2.92e-07	8.37e-04	6.57e-02	9.33e-01	0.00e+00	0.00e+00	0.00e+00	2.02e-13	2.38e-20	8.17e-56
 1.12713e+23	3.48e-26	2.55e-13	8.73e-10	3.30e-07	9.03e-04	6.81e-02	9.31e-01	0.00e+00	0.00e+00	0.00e+00	2.55e-13	3.00e-20	1.50e-55
 1.13053e+23	4.38e-26	3.06e-13	1.01e-09	3.64e-07	9.59e-04	7.01e-02	9.29e-01	0.00e+00	0.00e+00	0.00e+00	3.06e-13	3.60e-20	2.43e-55
 1.13347e+23	5.42e-26	3.61e-13	1.15e-09	3.98e-07	1.01e-03	7.20e-02	9.27e-01	0.00e+00	0.00e+00	0.00e+00	3.61e-13	4.25e-20	3.78e-55
 1.13674e+23	7.11e-26	4.47e-13	1.36e-09	4.46e-07	1.09e-03	7.45e-02	9.24e-01	0.00e+00	0.00e+00	0.00e+00	4.47e-13	5.26e-20	6.65e-55
 1.14005e+23	8.76e-26	5.28e-13	1.55e-09	4.87e-07	1.15e-03	7.65e-02	9.22e-01	0.00e+00	0.00e+00	0.00e+00	5.28e-13	6.22e-20	1.03e-54
 1.14341e+23	1.15e-25	6.54e-13	1.83e-09	5.47e-07	1.24e-03	7.91e-02	9.20e-01	0.00e+00	0.00e+00	0.00e+00	6.54e-13	7.70e-20	1.81e-54
 1.14682e+23	1.41e-25	7.68e-13	2.08e-09	5.97e-07	1.31e-03	8.12e-02	9.17e-01	0.00e+00	0.00e+00	0.00e+00	7.68e-13	9.06e-20	2.78e-54
 1.14981e+23	1.72e-25	9.02e-13	2.36e-09	6.51e-07	1.38e-03	8.33e-02	9.15e-01	0.00e+00	0.00e+00	0.00e+00	9.02e-13	1.06e-19	4.24e-54
 1.15322e+23	2.25e-25	1.11e-12	2.79e-09	7.30e-07	1.48e-03	8.62e-02	9.12e-01	0.00e+00	0.00e+00	0.00e+00	1.11e-12	1.31e-19	7.37e-54
 1.15660e+23	2.69e-25	1.29e-12	3.13e-09	7.90e-07	1.56e-03	8.82e-02	9.10e-01	0.00e+00	0.00e+00	0.00e+00	1.29e-12	1.52e-19	1.08e-53
 1.15997e+23	3.47e-25	1.57e-12	3.66e-09	8.81e-07	1.67e-03	9.11e-02	9.07e-01	0.00e+00	0.00e+00	0.00e+00	1.57e-12	1.86e-19	1.83e-53
 1.16339e+23	4.17e-25	1.82e-12	4.12e-09	9.55e-07	1.75e-03	9.33e-02	9.05e-01	0.00e+00	0.00e+00	0.00e+00	1.82e-12	2.15e-19	2.71e-53
 1.16691e+23	5.36e-25	2.23e-12	4.83e-09	1.07e-06	1.88e-03	9.64e-02	9.02e-01	0.00e+00	0.00e+00	0.00e+00	2.23e-12	2.64e-19	4.59e-53
 1.17049e+23	6.47e-25	2.59e-12	5.44e-09	1.16e-06	1.98e-03	9.88e-02	8.99e-01	0.00e+00	0.00e+00	0.00e+00	2.59e-12	3.06e-19	6.83e-53
 1.17415e+23	8.34e-25	3.17e-12	6.39e-09	1.30e-06	2.13e-03	1.02e-01	8.96e-01	0.00e+00	0.00e+00	0.00e+00	3.17e-12	3.76e-19	1.16e-52
 1.17789e+23	1.01e-24	3.69e-12	7.21e-09	1.41e-06	2.24e-03	1.05e-01	8.93e-01	0.00e+00	0.00e+00	0.00e+00	3.69e-12	4.37e-19	1.74e-52
 1.18171e+23	6.13e-25	4.53e-12	8.48e-09	1.58e-06	2.41e-03	1.08e-01	8.89e-01	0.00e+00	0.00e+00	0.00e+00	4.53e-12	5.36e-19	2.97e-52
 1.18544e+23	7.23e-25	5.16e-12	9.41e-09	1.70e-06	2.52e-03	1.11e-01	8.87e-01	0.00e+00	0.00e+00	0.00e+00	5.16e-12	6.12e-19	4.22e-52
 1.18906e+23	9.20e-25	6.28e-12	1.10e-08	1.89e-06	2.70e-03	1.14e-01	8.83e-01	0.00e+00	0.00e+00	0.00e+00	6.28e-12	7.45e-19	7.01e-52
 1.19274e+23	1.08e-24	7.16e-12	1.22e-08	2.04e-06	2.83e-03	1.17e-01	8.80e-01	0.00e+00	0.00e+00	0.00e+00	7.16e-12	8.50e-19	9.99e-52
 1.19649e+23	1.36e-24	8.63e-12	1.42e-08	2.26e-06	3.02e-03	1.20e-01	8.77e-01	0.00e+00	0.00e+00	0.00e+00	8.63e-12	1.03e-18	1.63e-51
 1.20035e+23	1.64e-24	1.00e-11	1.60e-08	2.46e-06	3.19e-03	1.23e-01	8.74e-01	0.00e+00	0.00e+00	0.00e+00	1.00e-11	1.19e-18	2.42e-51
 1.20436e+23	2.06e-24	1.21e-11	1.85e-08	2.73e-06	3.40e-03	1.27e-01	8.69e-01	0.00e+00	0.00e+00	0.00e+00	1.21e-11	1.43e-18	3.95e-51
 1.20850e+23	2.50e-24	1.41e-11	2.10e-08	2.98e-06	3.60e-03	1.30e-01	8.66e-01	0.00e+00	0.00e+00	0.00e+00	1.41e-11	1.68e-18	5.97e-51
 1.21281e+23	3.16e-24	1.71e-11	2.44e-08	3.33e-06	3.86e-03	1.35e-01	8.62e-01	0.00e+00	0.00e+00	0.00e+00	1.71e-11	2.03e-18	9.93e-51
 1.21723e+23	3.85e-24	2.00e-11	2.78e-08	3.64e-06	4.08e-03	1.38e-01	8.58e-01	0.00e+00	0.00e+00	0.00e+00	2.00e-11	2.39e-18	1.52e-50
 1.22179e+23	4.91e-24	2.44e-11	3.25e-08	4.07e-06	4.38e-03	1.43e-01	8.53e-01	0.00e+00	0.00e+00	0.00e+00	2.44e-11	2.91e-18	2.56e-50
 1.22650e+23	6.03e-24	2.88e-11	3.71e-08	4.48e-06	4.66e-03	1.47e-01	8.49e-01	0.00e+00	0.00e+00	0.00e+00	2.88e-11	3.44e-18	3.98e-50
 1.23140e+23	7.76e-24	3.53e-11	4.37e-08	5.03e-06	5.01e-03	1.52e-01	8.43e-01	0.00e+00	0.00e+00	0.00e+00	3.53e-11	4.22e-18	6.86e-50
 1.23646e+23	9.62e-24	4.20e-11	5.02e-08	5.56e-06	5.34e-03	1.56e-01	8.39e-01	0.00e+00	0.00e+00	0.00e+00	4.20e-11	5.03e-18	1.09e-49
 1.24104e+23	1.18e-23	4.97e-11	5.74e-08	6.12e-06	5.67e-03	1.60e-01	8.34e-01	0.00e+00	0.00e+00	0.00e+00	4.97e-11	5.95e-18	1.70e-49
 1.24630e+23	1.54e-23	6.14e-11	6.81e-08	6.91e-06	6.13e-03	1.66e-01	8.28e-01	0.00e+00	0.00e+00	0.00e+00	6.14e-11	7.37e-18	3.00e-49
 1.25166e+23	1.92e-23	7.33e-11	7.84e-08	7.65e-06	6.54e-03	1.71e-01	8.23e-01	0.00e+00	0.00e+00	0.00e+00	7.33e-11	8.80e-18	4.80e-49
 1.25716e+23	2.51e-23	9.12e-11	9.35e-08	8.68e-06	7.08e-03	1.77e-01	8.16e-01	0.00e+00	0.00e+00	0.00e+00	9.12e-11	1.10e-17	8.62e-49
 1.26274e+23	3.14e-23	1.09e-10	1.08e-07	9.63e-06	7.56e-03	1.82e-01	8.10e-01	0.00e+00	0.00e+00	0.00e+00	1.09e-10	1.32e-17	1.39e-48
 1.26841e+23	4.16e-23	1.37e-10	1.30e-07	1.10e-05	8.21e-03	1.89e-01	8.03e-01	0.00e+00	0.00e+00	0.00e+00	1.37e-10	1.66e-17	2.55e-48
 1.27415e+23	5.20e-23	1.65e-10	1.51e-07	1.22e-05	8.77e-03	1.95e-01	7.97e-01	0.00e+00	0.00e+00	0.00e+00	1.65e-10	2.00e-17	4.14e-48
 1.27996e+23	6.95e-23	2.10e-10	1.83e-07	1.40e-05	9.56e-03	2.02e-01	7.88e-01	0.00e+00	0.00e+00	0.00e+00	2.10e-10	2.55e-17	7.78e-48
 1.28580e+23	8.67e-23	2.52e-10	2.12e-07	1.56e-05	1.02e-02	2.08e-01	7.82e-01	0.00e+00	0.00e+00	0.00e+00	2.52e-10	3.06e-17	1.26e-47
 1.29069e+23	1.06e-22	2.98e-10	2.42e-07	1.71e-05	1.08e-02	2.13e-01	7.76e-01	0.00e+00	0.00e+00	0.00e+00	2.98e-10	3.62e-17	1.95e-47
 1.29603e+23	1.39e-22	3.76e-10	2.91e-07	1.95e-05	1.18e-02	2.21e-01	7.67e-01	0.00e+00	0.00e+00	0.00e+00	3.76e-10	4.58e-17	3.53e-47
 1.30131e+23	1.68e-22	4.42e-10	3.32e-07	2.14e-05	1.25e-02	2.27e-01	7.61e-01	0.00e+00	0.00e+00	0.00e+00	4.42e-10	5.39e-17	5.38e-47
 1.30650e+23	2.18e-22	5.53e-10	3.97e-07	2.43e-05	1.35e-02	2.34e-01	7.52e-01	0.00e+00	0.00e+00	0.00e+00	5.53e-10	6.75e-17	9.51e-47
 1.31177e+23	2.66e-22	6.56e-10	4.56e-07	2.69e-05	1.44e-02	2.40e-01	7.45e-01	0.00e+00	0.00e+00	0.00e+00	6.56e-10	8.04e-17	1.48e-46
 1.31716e+23	3.48e-22	8.31e-10	5.51e-07	3.07e-05	1.56e-02	2.49e-01	7.35e-01	0.00e+00	0.00e+00	0.00e+00	8.31e-10	1.02e-16	2.68e-46
 1.32262e+23	4.25e-22	9.94e-10	6.36e-07	3.41e-05	1.66e-02	2.56e-01	7.28e-01	0.00e+00	0.00e+00	0.00e+00	9.94e-10	1.22e-16	4.23e-46
 1.32815e+23	5.54e-22	1.27e-09	7.73e-07	3.91e-05	1.81e-02	2.65e-01	7.17e-01	0.00e+00	0.00e+00	0.00e+00	1.27e-09	1.56e-16	7.75e-46
 1.33380e+23	6.88e-22	1.54e-09	9.04e-07	4.37e-05	1.94e-02	2.72e-01	7.08e-01	0.00e+00	0.00e+00	0.00e+00	1.54e-09	1.90e-16	1.26e-45
 1.33958e+23	9.04e-22	1.98e-09	1.11e-06	5.06e-05	2.12e-02	2.82e-01	6.97e-01	0.00e+00	0.00e+00	0.00e+00	1.98e-09	2.46e-16	2.36e-45
 1.34546e+23	1.12e-21	2.43e-09	1.31e-06	5.69e-05	2.28e-02	2.90e-01	6.87e-01	0.00e+00	0.00e+00	0.00e+00	2.43e-09	3.03e-16	3.89e-45
 1.35148e+23	1.48e-21	3.18e-09	1.63e-06	6.64e-05	2.51e-02	3.01e-01	6.74e-01	0.00e+00	0.00e+00	0.00e+00	3.18e-09	3.98e-16	7.45e-45
 1.35758e+23	1.84e-21	3.93e-09	1.93e-06	7.51e-05	2.70e-02	3.10e-01	6.63e-01	0.00e+00	0.00e+00	0.00e+00	3.93e-09	4.94e-16	1.24e-44
 1.36273e+23	2.22e-21	4.77e-09	2.26e-06	8.40e-05	2.89e-02	3.18e-01	6.53e-01	0.00e+00	0.00e+00	0.00e+00	4.77e-09	6.01e-16	1.97e-44
 1.36838e+23	2.84e-21	6.13e-09	2.77e-06	9.73e-05	3.16e-02	3.29e-01	6.39e-01	0.00e+00	0.00e+00	0.00e+00	6.13e-09	7.78e-16	3.57e-44
 1.37405e+23	3.42e-21	7.44e-09	3.24e-06	1.09e-04	3.38e-02	3.38e-01	6.28e-01	0.00e+00	0.00e+00	0.00e+00	7.44e-09	9.49e-16	5.63e-44
 1.37958e+23	4.26e-21	9.45e-09	3.95e-06	1.26e-04	3.68e-02	3.48e-01	6.15e-01	0.00e+00	0.00e+00	0.00e+00	9.45e-09	1.21e-15	9.81e-44
 1.38522e+23	5.12e-21	1.15e-08	4.65e-06	1.41e-04	3.95e-02	3.57e-01	6.03e-01	0.00e+00	0.00e+00	0.00e+00	1.15e-08	1.49e-15	1.56e-43
 1.39077e+23	6.22e-21	1.45e-08	5.62e-06	1.62e-04	4.29e-02	3.68e-01	5.89e-01	0.00e+00	0.00e+00	0.00e+00	1.45e-08	1.89e-15	2.63e-43
 1.39643e+23	7.35e-21	1.78e-08	6.66e-06	1.84e-04	4.62e-02	3.77e-01	5.76e-01	0.00e+00	0.00e+00	0.00e+00	1.78e-08	2.35e-15	4.19e-43
 1.40198e+23	8.82e-21	2.22e-08	8.00e-06	2.10e-04	5.00e-02	3.87e-01	5.62e-01	0.00e+00	0.00e+00	0.00e+00	2.22e-08	2.95e-15	6.80e-43
 1.40747e+23	1.03e-20	2.69e-08	9.40e-06	2.36e-04	5.36e-02	3.96e-01	5.50e-01	0.00e+00	0.00e+00	0.00e+00	2.69e-08	3.63e-15	1.05e-42
 1.41306e+23	1.21e-20	3.34e-08	1.13e-05	2.70e-04	5.79e-02	4.07e-01	5.35e-01	0.00e+00	0.00e+00	0.00e+00	3.34e-08	4.56e-15	1.68e-42
 1.41876e+23	1.41e-20	4.07e-08	1.33e-05	3.06e-04	6.23e-02	4.16e-01	5.21e-01	0.00e+00	0.00e+00	0.00e+00	4.07e-08	5.65e-15	2.60e-42
 1.42429e+23	1.64e-20	4.95e-08	1.57e-05	3.46e-04	6.69e-02	4.25e-01	5.08e-01	0.00e+00	0.00e+00	0.00e+00	4.95e-08	6.98e-15	3.96e-42
 1.42983e+23	1.89e-20	5.99e-08	1.85e-05	3.91e-04	7.18e-02	4.34e-01	4.94e-01	0.00e+00	0.00e+00	0.00e+00	5.99e-08	8.61e-15	5.97e-42
 1.43540e+23	2.17e-20	7.24e-08	2.18e-05	4.41e-04	7.70e-02	4.43e-01	4.80e-01	0.00e+00	0.00e+00	0.00e+00	7.24e-08	1.06e-14	8.93e-42
 1.44101e+23	2.50e-20	8.72e-08	2.56e-05	4.98e-04	8.25e-02	4.52e-01	4.65e-01	0.00e+00	0.00e+00	0.00e+00	8.72e-08	1.30e-14	1.32e-41
 1.44667e+23	2.87e-20	1.05e-07	3.01e-05	5.62e-04	8.84e-02	4.60e-01	4.51e-01	0.00e+00	0.00e+00	0.00e+00	1.05e-07	1.60e-14	1.94e-41
 1.45237e+23	3.29e-20	1.25e-07	3.52e-05	6.33e-04	9.45e-02	4.68e-01	4.37e-01	0.00e+00	0.00e+00	0.00e+00	1.25e-07	1.96e-14	2.83e-41
 1.45816e+23	3.80e-20	1.50e-07	4.13e-05	7.14e-04	1.01e-01	4.76e-01	4.22e-01	0.00e+00	0.00e+00	0.00e+00	1.50e-07	2.40e-14	4.11e-41
 1.46400e+23	4.37e-20	1.78e-07	4.82e-05	8.03e-04	1.08e-01	4.83e-01	4.08e-01	0.00e+00	0.00e+00	0.00e+00	1.78e-07	2.91e-14	5.87e-41
 1.46996e+23	6.20e-20	2.13e-07	5.65e-05	9.06e-04	1.15e-01	4.90e-01	3.93e-01	0.00e+00	0.00e+00	0.00e+00	2.13e-07	3.56e-14	8.47e-41
 1.47603e+23	7.22e-20	2.53e-07	6.58e-05	1.02e-03	1.23e-01	4.97e-01	3.79e-01	0.00e+00	0.00e+00	0.00e+00	2.53e-07	4.31e-14	1.20e-40
 1.48157e+23	8.26e-20	2.91e-07	7.47e-05	1.12e-03	1.30e-01	5.02e-01	3.67e-01	0.00e+00	0.00e+00	0.00e+00	2.91e-07	5.04e-14	1.60e-40
 1.48736e+23	9.77e-20	3.46e-07	8.77e-05	1.27e-03	1.39e-01	5.08e-01	3.52e-01	0.00e+00	0.00e+00	0.00e+00	3.46e-07	6.13e-14	2.28e-40
 1.49325e+23	1.13e-19	3.97e-07	9.94e-05	1.40e-03	1.46e-01	5.12e-01	3.40e-01	0.00e+00	0.00e+00	0.00e+00	3.97e-07	7.15e-14	3.04e-40
 1.49930e+23	1.36e-19	4.72e-07	1.17e-04	1.58e-03	1.56e-01	5.17e-01	3.25e-01	0.00e+00	0.00e+00	0.00e+00	4.72e-07	8.67e-14	4.34e-40
 1.50538e+23	1.58e-19	5.39e-07	1.32e-04	1.74e-03	1.64e-01	5.20e-01	3.14e-01	0.00e+00	0.00e+00	0.00e+00	5.39e-07	1.00e-13	5.70e-40
 1.51151e+23	1.91e-19	6.37e-07	1.54e-04	1.96e-03	1.75e-01	5.24e-01	2.99e-01	0.00e+00	0.00e+00	0.00e+00	6.37e-07	1.21e-13	8.03e-40
 1.51765e+23	2.23e-19	7.23e-07	1.73e-04	2.15e-03	1.83e-01	5.27e-01	2.88e-01	0.00e+00	0.00e+00	0.00e+00	7.23e-07	1.39e-13	1.05e-39
 1.52382e+23	2.72e-19	8.48e-07	2.01e-04	2.42e-03	1.95e-01	5.29e-01	2.74e-01	0.00e+00	0.00e+00	0.00e+00	8.48e-07	1.65e-13	1.46e-39
 1.53004e+23	3.18e-19	9.59e-07	2.26e-04	2.64e-03	2.04e-01	5.30e-01	2.63e-01	0.00e+00	0.00e+00	0.00e+00	9.59e-07	1.89e-13	1.90e-39
 1.53635e+23	3.89e-19	1.12e-06	2.62e-04	2.97e-03	2.16e-01	5.31e-01	2.49e-01	0.00e+00	0.00e+00	0.00e+00	1.12e-06	2.23e-13	2.63e-39
 1.54274e+23	4.57e-19	1.26e-06	2.93e-04	3.24e-03	2.26e-01	5.32e-01	2.39e-01	0.00e+00	0.00e+00	0.00e+00	1.26e-06	2.55e-13	3.42e-39
 1.54924e+23	5.62e-19	1.47e-06	3.39e-04	3.64e-03	2.39e-01	5.31e-01	2.26e-01	0.00e+00	0.00e+00	0.00e+00	1.47e-06	3.00e-13	4.74e-39
 1.55584e+23	6.64e-19	1.66e-06	3.80e-04	3.97e-03	2.49e-01	5.31e-01	2.16e-01	0.00e+00	0.00e+00	0.00e+00	1.66e-06	3.42e-13	6.19e-39
 1.56260e+23	8.20e-19	1.93e-06	4.40e-04	4.45e-03	2.63e-01	5.29e-01	2.03e-01	0.00e+00	0.00e+00	0.00e+00	1.93e-06	4.03e-13	8.63e-39
 1.56951e+23	9.74e-19	2.17e-06	4.93e-04	4.87e-03	2.75e-01	5.27e-01	1.93e-01	0.00e+00	0.00e+00	0.00e+00	2.17e-06	4.58e-13	1.14e-38
 1.57661e+23	1.21e-18	2.53e-06	5.71e-04	5.46e-03	2.90e-01	5.23e-01	1.81e-01	0.00e+00	0.00e+00	0.00e+00	2.53e-06	5.40e-13	1.60e-38
 1.58387e+23	1.45e-18	2.85e-06	6.40e-04	5.97e-03	3.02e-01	5.20e-01	1.72e-01	0.00e+00	0.00e+00	0.00e+00	2.85e-06	6.16e-13	2.13e-38
 1.58998e+23	1.69e-18	3.17e-06	7.07e-04	6.46e-03	3.13e-01	5.17e-01	1.63e-01	0.00e+00	0.00e+00	0.00e+00	3.17e-06	6.90e-13	2.73e-38
 1.59659e+23	2.05e-18	3.62e-06	8.04e-04	7.14e-03	3.27e-01	5.11e-01	1.53e-01	0.00e+00	0.00e+00	0.00e+00	3.62e-06	7.97e-13	3.75e-38
 1.60302e+23	2.36e-18	3.98e-06	8.81e-04	7.67e-03	3.38e-01	5.07e-01	1.46e-01	0.00e+00	0.00e+00	0.00e+00	3.98e-06	8.84e-13	4.74e-38
 1.60924e+23	2.82e-18	4.48e-06	9.91e-04	8.41e-03	3.51e-01	5.02e-01	1.37e-01	0.00e+00	0.00e+00	0.00e+00	4.48e-06	1.01e-12	6.32e-38
 1.61551e+23	3.26e-18	4.93e-06	1.08e-03	9.01e-03	3.62e-01	4.97e-01	1.31e-01	0.00e+00	0.00e+00	0.00e+00	4.93e-06	1.12e-12	8.10e-38
 1.62187e+23	3.89e-18	5.54e-06	1.22e-03	9.87e-03	3.76e-01	4.90e-01	1.23e-01	0.00e+00	0.00e+00	0.00e+00	5.54e-06	1.27e-12	1.09e-37
 1.62831e+23	4.50e-18	6.10e-06	1.33e-03	1.06e-02	3.87e-01	4.85e-01	1.17e-01	0.00e+00	0.00e+00	0.00e+00	6.10e-06	1.41e-12	1.41e-37
 1.63487e+23	5.37e-18	6.86e-06	1.49e-03	1.16e-02	4.01e-01	4.77e-01	1.09e-01	0.00e+00	0.00e+00	0.00e+00	6.86e-06	1.61e-12	1.92e-37
 1.64152e+23	6.23e-18	7.55e-06	1.63e-03	1.24e-02	4.12e-01	4.70e-01	1.03e-01	0.00e+00	0.00e+00	0.00e+00	7.55e-06	1.79e-12	2.50e-37
 1.64830e+23	7.45e-18	8.50e-06	1.83e-03	1.36e-02	4.27e-01	4.61e-01	9.60e-02	0.00e+00	0.00e+00	0.00e+00	8.50e-06	2.04e-12	3.44e-37
 1.65519e+23	8.68e-18	9.37e-06	2.00e-03	1.45e-02	4.38e-01	4.54e-01	9.07e-02	0.00e+00	0.00e+00	0.00e+00	9.37e-06	2.28e-12	4.55e-37
 1.66223e+23	1.04e-17	1.06e-05	2.25e-03	1.59e-02	4.54e-01	4.44e-01	8.39e-02	0.00e+00	0.00e+00	0.00e+00	1.06e-05	2.60e-12	6.36e-37
 1.66941e+23	1.22e-17	1.17e-05	2.47e-03	1.70e-02	4.65e-01	4.36e-01	7.90e-02	0.00e+00	0.00e+00	0.00e+00	1.17e-05	2.91e-12	8.54e-37
 1.67678e+23	1.47e-17	1.32e-05	2.77e-03	1.86e-02	4.81e-01	4.25e-01	7.27e-02	0.00e+00	0.00e+00	0.00e+00	1.32e-05	3.34e-12	1.22e-36
 1.68434e+23	1.72e-17	1.46e-05	3.05e-03	2.00e-02	4.93e-01	4.16e-01	6.80e-02	0.00e+00	0.00e+00	0.00e+00	1.46e-05	3.75e-12	1.66e-36
 1.69215e+23	2.10e-17	1.66e-05	3.43e-03	2.19e-02	5.08e-01	4.04e-01	6.22e-02	0.00e+00	0.00e+00	0.00e+00	1.66e-05	4.34e-12	2.45e-36
 1.70007e+23	2.47e-17	1.84e-05	3.77e-03	2.35e-02	5.20e-01	3.95e-01	5.80e-02	0.00e+00	0.00e+00	0.00e+00	1.84e-05	4.89e-12	3.38e-36
 1.70813e+23	3.01e-17	2.09e-05	4.25e-03	2.57e-02	5.35e-01	3.82e-01	5.28e-02	0.00e+00	0.00e+00	0.00e+00	2.09e-05	5.67e-12	5.07e-36
 1.71628e+23	3.57e-17	2.32e-05	4.67e-03	2.76e-02	5.47e-01	3.72e-01	4.90e-02	0.00e+00	0.00e+00	0.00e+00	2.32e-05	6.40e-12	7.12e-36
 1.72455e+23	4.35e-17	2.64e-05	5.26e-03	3.02e-02	5.62e-01	3.58e-01	4.44e-02	0.00e+00	0.00e+00	0.00e+00	2.64e-05	7.43e-12	1.08e-35
 1.73295e+23	5.18e-17	2.94e-05	5.78e-03	3.23e-02	5.73e-01	3.48e-01	4.11e-02	5.18e-17	5.49e-22	1.27e-22	2.94e-05	8.42e-12	1.54e-35
 1.74032e+23	6.07e-17	3.26e-05	6.33e-03	3.45e-02	5.83e-01	3.38e-01	3.80e-02	6.07e-17	2.58e-21	4.46e-22	3.26e-05	9.48e-12	2.16e-35
 1.74874e+23	7.47e-17	3.71e-05	7.11e-03	3.76e-02	5.97e-01	3.24e-01	3.43e-02	7.47e-17	3.21e-21	5.58e-22	3.71e-05	1.11e-11	3.36e-35
 1.75731e+23	8.80e-17	4.11e-05	7.80e-03	4.03e-02	6.07e-01	3.13e-01	3.15e-02	8.79e-17	3.83e-21	6.67e-22	4.11e-05	1.25e-11	4.80e-35
 1.76427e+23	1.02e-16	4.51e-05	8.44e-03	4.26e-02	6.15e-01	3.04e-01	2.93e-02	1.02e-16	4.48e-21	7.82e-22	4.51e-05	1.39e-11	6.55e-35
 1.77151e+23	1.22e-16	5.03e-05	9.26e-03	4.55e-02	6.25e-01	2.93e-01	2.69e-02	1.22e-16	5.41e-21	9.49e-22	5.03e-05	1.59e-11	9.59e-35
 1.77911e+23	1.42e-16	5.54e-05	1.00e-02	4.82e-02	6.33e-01	2.84e-01	2.48e-02	1.42e-16	6.37e-21	1.12e-21	5.54e-05	1.78e-11	1.34e-34
 1.78608e+23	1.65e-16	6.08e-05	1.09e-02	5.10e-02	6.41e-01	2.74e-01	2.30e-02	1.65e-16	7.50e-21	1.32e-21	6.08e-05	1.99e-11	1.87e-34
 1.79404e+23	2.00e-16	6.86e-05	1.20e-02	5.47e-02	6.50e-01	2.63e-01	2.08e-02	2.00e-16	9.22e-21	1.64e-21	6.86e-05	2.30e-11	2.85e-34
 1.80220e+23	2.36e-16	7.57e-05	1.31e-02	5.82e-02	6.57e-01	2.53e-01	1.90e-02	2.35e-16	1.10e-20	1.95e-21	7.57e-05	2.60e-11	4.08e-34
 1.80937e+23	2.76e-16	8.33e-05	1.42e-02	6.14e-02	6.63e-01	2.44e-01	1.75e-02	2.76e-16	1.30e-20	2.32e-21	8.33e-05	2.92e-11	5.75e-34
 1.81741e+23	3.36e-16	9.40e-05	1.56e-02	6.57e-02	6.70e-01	2.33e-01	1.58e-02	3.36e-16	1.61e-20	2.88e-21	9.40e-05	3.38e-11	8.87e-34
 1.82586e+23	3.99e-16	1.04e-04	1.70e-02	6.98e-02	6.76e-01	2.22e-01	1.44e-02	3.99e-16	1.94e-20	3.49e-21	1.04e-04	3.84e-11	1.30e-33
 1.83351e+23	4.71e-16	1.15e-04	1.85e-02	7.37e-02	6.81e-01	2.13e-01	1.31e-02	4.71e-16	2.32e-20	4.19e-21	1.15e-04	4.35e-11	1.88e-33
 1.84215e+23	5.84e-16	1.31e-04	2.04e-02	7.89e-02	6.87e-01	2.02e-01	1.17e-02	5.84e-16	2.93e-20	5.32e-21	1.31e-04	5.10e-11	3.00e-33
 1.85105e+23	6.98e-16	1.46e-04	2.23e-02	8.38e-02	6.91e-01	1.92e-01	1.06e-02	6.98e-16	3.56e-20	6.49e-21	1.46e-04	5.83e-11	4.48e-33
 1.85898e+23	8.34e-16	1.62e-04	2.42e-02	8.84e-02	6.94e-01	1.84e-01	9.59e-03	8.34e-16	4.32e-20	7.90e-21	1.62e-04	6.65e-11	6.58e-33
 1.86794e+23	1.04e-15	1.85e-04	2.68e-02	9.44e-02	6.97e-01	1.73e-01	8.49e-03	1.04e-15	5.51e-20	1.01e-20	1.85e-04	7.84e-11	1.07e-32
 1.87726e+23	1.27e-15	2.08e-04	2.92e-02	1.00e-01	6.99e-01	1.64e-01	7.59e-03	1.27e-15	6.85e-20	1.26e-20	2.08e-04	9.07e-11	1.64e-32
 1.88565e+23	1.53e-15	2.32e-04	3.18e-02	1.06e-01	7.00e-01	1.55e-01	6.83e-03	1.53e-15	8.41e-20	1.56e-20	2.32e-04	1.04e-10	2.47e-32
 1.89516e+23	1.42e-15	2.66e-04	3.53e-02	1.13e-01	7.00e-01	1.45e-01	5.95e-03	1.42e-15	7.97e-20	1.49e-20	2.66e-04	1.24e-10	4.16e-32
 1.90496e+23	1.74e-15	3.00e-04	3.86e-02	1.20e-01	7.00e-01	1.37e-01	5.28e-03	1.74e-15	9.97e-20	1.87e-20	3.00e-04	1.45e-10	6.46e-32
 1.91378e+23	2.12e-15	3.36e-04	4.20e-02	1.26e-01	6.98e-01	1.29e-01	4.70e-03	2.12e-15	1.24e-19	2.33e-20	3.36e-04	1.68e-10	9.95e-32
 1.92390e+23	2.75e-15	3.90e-04	4.68e-02	1.35e-01	6.95e-01	1.19e-01	4.04e-03	2.75e-15	1.65e-19	3.13e-20	3.90e-04	2.03e-10	1.74e-31
 1.93415e+23	3.38e-15	4.39e-04	5.10e-02	1.42e-01	6.92e-01	1.11e-01	3.55e-03	3.38e-15	2.08e-19	3.96e-20	4.39e-04	2.37e-10	2.72e-31
 1.94455e+23	4.46e-15	5.12e-04	5.68e-02	1.52e-01	6.86e-01	1.02e-01	3.03e-03	4.46e-15	2.83e-19	5.41e-20	5.12e-04	2.89e-10	4.81e-31
 1.95508e+23	5.60e-15	5.78e-04	6.19e-02	1.60e-01	6.80e-01	9.49e-02	2.65e-03	5.59e-15	3.64e-19	6.99e-20	5.78e-04	3.40e-10	7.63e-31
 1.96576e+23	7.49e-15	6.76e-04	6.90e-02	1.70e-01	6.71e-01	8.64e-02	2.23e-03	7.49e-15	5.04e-19	9.72e-20	6.76e-04	4.18e-10	1.37e-30
 1.97655e+23	9.50e-15	7.66e-04	7.52e-02	1.79e-01	6.63e-01	8.01e-02	1.94e-03	9.50e-15	6.56e-19	1.27e-19	7.66e-04	4.92e-10	2.18e-30
 1.98747e+23	1.30e-14	8.98e-04	8.38e-02	1.90e-01	6.52e-01	7.23e-02	1.61e-03	1.30e-14	9.29e-19	1.81e-19	8.98e-04	6.07e-10	3.97e-30
 1.99851e+23	1.68e-14	1.02e-03	9.11e-02	1.99e-01	6.41e-01	6.66e-02	1.40e-03	1.68e-14	1.23e-18	2.41e-19	1.02e-03	7.17e-10	6.36e-30
 2.00969e+23	2.38e-14	1.20e-03	1.01e-01	2.10e-01	6.26e-01	5.97e-02	1.15e-03	2.38e-14	1.81e-18	3.56e-19	1.20e-03	8.90e-10	1.17e-29
 2.02102e+23	3.17e-14	1.36e-03	1.10e-01	2.19e-01	6.14e-01	5.46e-02	9.83e-04	3.17e-14	2.49e-18	4.91e-19	1.36e-03	1.06e-09	1.89e-29
 2.03254e+23	4.72e-14	1.61e-03	1.23e-01	2.31e-01	5.96e-01	4.84e-02	8.00e-04	4.72e-14	3.86e-18	7.65e-19	1.61e-03	1.32e-09	3.51e-29
 2.04386e+23	6.49e-14	1.82e-03	1.33e-01	2.39e-01	5.81e-01	4.42e-02	6.84e-04	6.49e-14	5.46e-18	1.09e-18	1.82e-03	1.56e-09	5.54e-29
 2.05334e+23	9.02e-14	2.05e-03	1.43e-01	2.48e-01	5.67e-01	4.04e-02	5.87e-04	9.02e-14	7.82e-18	1.56e-18	2.05e-03	1.83e-09	8.61e-29
 2.06253e+23	1.28e-13	2.30e-03	1.53e-01	2.55e-01	5.52e-01	3.69e-02	5.06e-04	1.28e-13	1.14e-17	2.28e-18	2.30e-03	2.14e-09	1.31e-28
 2.07291e+23	2.00e-13	2.66e-03	1.67e-01	2.65e-01	5.32e-01	3.28e-02	4.16e-04	2.00e-13	1.86e-17	3.74e-18	2.66e-03	2.60e-09	2.26e-28
 2.08320e+23	3.37e-13	2.98e-03	1.79e-01	2.72e-01	5.16e-01	2.99e-02	3.55e-04	3.37e-13	3.22e-17	6.50e-18	2.98e-03	3.04e-09	3.43e-28
 2.09339e+23	6.05e-13	3.43e-03	1.95e-01	2.80e-01	4.95e-01	2.64e-02	2.91e-04	6.04e-13	6.01e-17	1.22e-17	3.43e-03	3.69e-09	5.80e-28
 2.10380e+23	1.44e-12	3.85e-03	2.08e-01	2.86e-01	4.78e-01	2.38e-02	2.46e-04	1.44e-12	1.48e-16	3.01e-17	3.85e-03	4.33e-09	8.92e-28
 2.11450e+23	3.98e-12	4.44e-03	2.26e-01	2.94e-01	4.55e-01	2.08e-02	1.98e-04	3.98e-12	4.26e-16	8.69e-17	4.44e-03	5.29e-09	1.54e-27
 2.12530e+23	2.99e-11	4.99e-03	2.42e-01	2.99e-01	4.36e-01	1.86e-02	1.66e-04	2.99e-11	3.32e-15	6.78e-16	4.99e-03	6.22e-09	2.37e-27
 2.13481e+23	1.40e-10	5.58e-03	2.57e-01	3.03e-01	4.17e-01	1.66e-02	1.39e-04	1.40e-10	1.61e-14	3.29e-15	5.58e-03	7.28e-09	3.62e-27
 2.14573e+23	1.15e-09	6.44e-03	2.78e-01	3.08e-01	3.93e-01	1.43e-02	1.10e-04	1.15e-09	1.39e-13	2.86e-14	6.44e-03	8.90e-09	6.22e-27
 2.15631e+23	4.51e-08	7.14e-03	2.94e-01	3.11e-01	3.75e-01	1.28e-02	9.22e-05	4.50e-08	5.68e-12	1.17e-12	7.14e-03	1.03e-08	9.40e-27
 2.16475e+23	2.15e-07	7.83e-03	3.09e-01	3.13e-01	3.59e-01	1.15e-02	7.83e-05	2.15e-07	2.84e-11	5.82e-12	7.83e-03	1.18e-08	1.43e-26
 2.17401e+23	4.70e-07	8.77e-03	3.28e-01	3.14e-01	3.39e-01	1.01e-02	6.39e-05	4.70e-07	6.51e-11	1.33e-11	8.77e-03	1.39e-08	2.38e-26
 2.18344e+23	6.31e-07	9.63e-03	3.44e-01	3.15e-01	3.22e-01	9.03e-03	5.37e-05	6.31e-07	9.02e-11	1.85e-11	9.63e-03	1.59e-08	3.51e-26
 2.19178e+23	7.72e-07	1.05e-02	3.60e-01	3.15e-01	3.06e-01	8.07e-03	4.52e-05	7.72e-07	1.14e-10	2.34e-11	1.05e-02	1.81e-08	5.04e-26
 2.20131e+23	9.82e-07	1.18e-02	3.81e-01	3.14e-01	2.87e-01	6.98e-03	3.63e-05	9.82e-07	1.51e-10	3.12e-11	1.18e-02	2.13e-08	7.94e-26
 2.21097e+23	1.19e-06	1.29e-02	3.98e-01	3.12e-01	2.71e-01	6.17e-03	3.02e-05	1.19e-06	1.89e-10	3.90e-11	1.29e-02	2.44e-08	1.15e-25
 2.21944e+23	1.41e-06	1.41e-02	4.15e-01	3.10e-01	2.55e-01	5.46e-03	2.51e-05	1.41e-06	2.31e-10	4.79e-11	1.41e-02	2.77e-08	1.64e-25
 2.22911e+23	1.73e-06	1.57e-02	4.36e-01	3.07e-01	2.37e-01	4.67e-03	1.99e-05	1.73e-06	2.97e-10	6.16e-11	1.57e-02	3.25e-08	2.55e-25
 2.23895e+23	2.04e-06	1.71e-02	4.54e-01	3.03e-01	2.22e-01	4.09e-03	1.63e-05	2.04e-06	3.63e-10	7.55e-11	1.71e-02	3.71e-08	3.67e-25
 2.24766e+23	2.38e-06	1.86e-02	4.71e-01	2.99e-01	2.08e-01	3.58e-03	1.34e-05	2.38e-06	4.39e-10	9.16e-11	1.86e-02	4.22e-08	5.21e-25
 2.25764e+23	2.88e-06	2.06e-02	4.93e-01	2.93e-01	1.91e-01	3.02e-03	1.05e-05	2.87e-06	5.54e-10	1.16e-10	2.06e-02	4.94e-08	8.09e-25
 2.26778e+23	3.35e-06	2.24e-02	5.10e-01	2.87e-01	1.77e-01	2.62e-03	8.45e-06	3.35e-06	6.71e-10	1.40e-10	2.24e-02	5.63e-08	1.16e-24
 2.27812e+23	4.03e-06	2.49e-02	5.32e-01	2.79e-01	1.62e-01	2.18e-03	6.47e-06	4.03e-06	8.45e-10	1.77e-10	2.49e-02	6.61e-08	1.81e-24
 2.28857e+23	4.68e-06	2.70e-02	5.50e-01	2.72e-01	1.49e-01	1.87e-03	5.17e-06	4.68e-06	1.02e-09	2.14e-10	2.70e-02	7.54e-08	2.59e-24
