#depth	H	H+	H2
 1.54284e+22	2.26e-09	1.00e+00	6.48e-41
 3.47709e+22	3.36e-09	1.00e+00	1.39e-40
 4.10706e+22	4.27e-09	1.00e+00	8.02e-40
 4.53647e+22	5.19e-09	1.00e+00	1.91e-39
 4.77503e+22	5.46e-09	1.00e+00	2.18e-39
 4.85072e+22	5.62e-09	1.00e+00	2.73e-39
 4.91507e+22	5.84e-09	1.00e+00	2.88e-39
 4.98245e+22	6.03e-09	1.00e+00	3.70e-39
 5.05378e+22	6.30e-09	1.00e+00	4.38e-39
 5.12562e+22	6.53e-09	1.00e+00	5.22e-39
 5.18453e+22	6.73e-09	1.00e+00	6.07e-39
 5.24751e+22	6.98e-09	1.00e+00	7.12e-39
 5.31450e+22	7.24e-09	1.00e+00	8.34e-39
 5.37468e+22	7.47e-09	1.00e+00	9.51e-39
 5.44090e+22	7.79e-09	1.00e+00	1.13e-38
 5.50923e+22	8.08e-09	1.00e+00	1.35e-38
 5.56752e+22	8.36e-09	1.00e+00	1.57e-38
 5.62170e+22	8.62e-09	1.00e+00	1.83e-38
 5.68333e+22	8.95e-09	1.00e+00	2.15e-38
 5.74877e+22	9.30e-09	1.00e+00	2.55e-38
 5.80748e+22	9.63e-09	1.00e+00	3.01e-38
 5.87214e+22	1.00e-08	1.00e+00	3.77e-38
 5.93639e+22	1.04e-08	1.00e+00	4.49e-38
 5.98903e+22	1.08e-08	1.00e+00	5.20e-38
 6.04638e+22	1.12e-08	1.00e+00	6.25e-38
 6.10697e+22	1.16e-08	1.00e+00	7.36e-38
 6.16226e+22	1.20e-08	1.00e+00	8.67e-38
 6.22466e+22	1.26e-08	1.00e+00	1.06e-37
 6.28592e+22	1.31e-08	1.00e+00	1.26e-37
 6.33644e+22	1.35e-08	1.00e+00	1.46e-37
 6.39282e+22	1.41e-08	1.00e+00	1.77e-37
 6.45093e+22	1.46e-08	1.00e+00	2.08e-37
 6.50239e+22	1.51e-08	1.00e+00	2.44e-37
 6.56039e+22	1.58e-08	1.00e+00	2.98e-37
 6.61796e+22	1.64e-08	1.00e+00	3.52e-37
 6.66619e+22	1.70e-08	1.00e+00	4.10e-37
 6.72012e+22	1.77e-08	1.00e+00	4.91e-37
 6.77732e+22	1.84e-08	1.00e+00	5.84e-37
 6.82797e+22	1.90e-08	1.00e+00	6.83e-37
 6.88298e+22	1.99e-08	1.00e+00	8.27e-37
 6.93956e+22	2.07e-08	1.00e+00	9.83e-37
 6.98945e+22	2.14e-08	1.00e+00	1.15e-36
 7.03774e+22	2.22e-08	1.00e+00	1.35e-36
 7.09266e+22	2.32e-08	1.00e+00	1.66e-36
 7.14871e+22	2.41e-08	1.00e+00	1.95e-36
 7.20621e+22	2.53e-08	1.00e+00	2.41e-36
 7.26527e+22	2.64e-08	1.00e+00	2.90e-36
 7.31482e+22	2.74e-08	1.00e+00	3.39e-36
 7.36773e+22	2.86e-08	1.00e+00	4.13e-36
 7.42128e+22	2.97e-08	1.00e+00	4.87e-36
 7.46786e+22	3.08e-08	1.00e+00	5.69e-36
 7.51162e+22	3.19e-08	1.00e+00	6.59e-36
 7.55208e+22	3.29e-08	1.00e+00	7.55e-36
 7.58916e+22	3.39e-08	1.00e+00	8.56e-36
 7.62378e+22	3.49e-08	1.00e+00	9.65e-36
 7.66326e+22	3.62e-08	1.00e+00	1.13e-35
 7.70145e+22	3.72e-08	1.00e+00	1.27e-35
 7.73298e+22	3.82e-08	1.00e+00	1.41e-35
 7.76897e+22	3.95e-08	1.00e+00	1.63e-35
 7.80592e+22	4.07e-08	1.00e+00	1.84e-35
 7.83709e+22	4.18e-08	1.00e+00	2.05e-35
 7.86609e+22	4.29e-08	1.00e+00	2.28e-35
 7.89493e+22	4.40e-08	1.00e+00	2.53e-35
 7.92808e+22	4.55e-08	1.00e+00	2.91e-35
 7.96174e+22	4.68e-08	1.00e+00	3.24e-35
 7.99605e+22	4.85e-08	1.00e+00	3.76e-35
 8.02803e+22	4.98e-08	1.00e+00	4.15e-35
 8.05701e+22	5.13e-08	1.00e+00	4.70e-35
 8.08658e+22	5.27e-08	1.00e+00	5.22e-35
 8.11280e+22	5.40e-08	1.00e+00	5.77e-35
 8.14279e+22	5.60e-08	1.00e+00	6.61e-35
 8.17241e+22	5.74e-08	1.00e+00	7.31e-35
 8.20154e+22	5.96e-08	1.00e+00	8.39e-35
 8.23042e+22	6.12e-08	1.00e+00	9.28e-35
 8.25897e+22	6.34e-08	1.00e+00	1.06e-34
 8.28741e+22	6.52e-08	1.00e+00	1.18e-34
 8.31573e+22	6.77e-08	1.00e+00	1.35e-34
 8.34386e+22	6.96e-08	1.00e+00	1.50e-34
 8.37175e+22	7.24e-08	1.00e+00	1.72e-34
 8.39883e+22	7.42e-08	1.00e+00	1.90e-34
 8.42487e+22	7.72e-08	1.00e+00	2.17e-34
 8.45073e+22	7.93e-08	1.00e+00	2.40e-34
 8.47635e+22	8.25e-08	1.00e+00	2.74e-34
 8.50244e+22	8.49e-08	1.00e+00	3.05e-34
 8.52913e+22	8.86e-08	1.00e+00	3.52e-34
 8.55590e+22	9.13e-08	1.00e+00	3.91e-34
 8.58278e+22	9.52e-08	1.00e+00	4.51e-34
 8.60942e+22	9.83e-08	1.00e+00	5.02e-34
 8.63577e+22	1.03e-07	1.00e+00	5.78e-34
 8.66260e+22	1.06e-07	1.00e+00	6.47e-34
 8.69008e+22	1.11e-07	1.00e+00	7.50e-34
 8.71773e+22	1.15e-07	1.00e+00	8.41e-34
 8.74563e+22	1.20e-07	1.00e+00	9.78e-34
 8.77371e+22	1.25e-07	1.00e+00	1.10e-33
 8.79803e+22	1.29e-07	1.00e+00	1.23e-33
 8.82565e+22	1.36e-07	1.00e+00	1.43e-33
 8.85300e+22	1.40e-07	1.00e+00	1.59e-33
 8.88001e+22	1.47e-07	1.00e+00	1.83e-33
 8.90756e+22	1.52e-07	1.00e+00	2.04e-33
 8.93583e+22	1.59e-07	1.00e+00	2.35e-33
 8.96477e+22	1.65e-07	1.00e+00	2.64e-33
 8.99460e+22	1.73e-07	1.00e+00	3.05e-33
 9.02509e+22	1.79e-07	1.00e+00	3.42e-33
 9.05645e+22	1.88e-07	1.00e+00	3.97e-33
 9.08839e+22	1.95e-07	1.00e+00	4.46e-33
 9.12110e+22	2.04e-07	1.00e+00	5.17e-33
 9.15401e+22	2.12e-07	1.00e+00	5.79e-33
 9.18718e+22	2.22e-07	1.00e+00	6.70e-33
 9.22109e+22	2.30e-07	1.00e+00	7.51e-33
 9.25064e+22	2.38e-07	1.00e+00	8.37e-33
 9.28374e+22	2.49e-07	1.00e+00	9.62e-33
 9.31685e+22	2.57e-07	1.00e+00	1.07e-32
 9.34996e+22	2.68e-07	1.00e+00	1.22e-32
 9.38383e+22	2.77e-07	1.00e+00	1.36e-32
 9.41377e+22	2.86e-07	1.00e+00	1.50e-32
 9.44775e+22	2.99e-07	1.00e+00	1.72e-32
 9.48160e+22	3.08e-07	1.00e+00	1.89e-32
 9.51525e+22	3.21e-07	1.00e+00	2.16e-32
 9.54956e+22	3.30e-07	1.00e+00	2.38e-32
 9.58473e+22	3.44e-07	1.00e+00	2.72e-32
 9.62057e+22	3.55e-07	1.00e+00	3.01e-32
 9.65728e+22	3.70e-07	1.00e+00	3.44e-32
 9.69466e+22	3.82e-07	1.00e+00	1.88e-32
 9.73294e+22	3.99e-07	1.00e+00	2.15e-32
 9.77034e+22	4.10e-07	1.00e+00	2.36e-32
 9.80662e+22	4.26e-07	1.00e+00	2.69e-32
 9.84347e+22	4.38e-07	1.00e+00	2.96e-32
 9.88105e+22	4.56e-07	1.00e+00	3.36e-32
 9.91980e+22	4.70e-07	1.00e+00	3.72e-32
 9.96006e+22	4.88e-07	1.00e+00	4.24e-32
 1.00016e+23	5.05e-07	1.00e+00	4.73e-32
 1.00449e+23	5.25e-07	1.00e+00	5.42e-32
 1.00894e+23	5.43e-07	1.00e+00	6.08e-32
 1.01353e+23	5.66e-07	1.00e+00	7.02e-32
 1.01828e+23	5.86e-07	1.00e+00	7.92e-32
 1.02322e+23	6.11e-07	1.00e+00	9.22e-32
 1.02831e+23	6.34e-07	1.00e+00	1.05e-31
 1.03289e+23	6.56e-07	1.00e+00	1.18e-31
 1.03814e+23	6.88e-07	1.00e+00	1.39e-31
 1.04343e+23	7.11e-07	1.00e+00	1.57e-31
 1.04877e+23	7.45e-07	1.00e+00	1.85e-31
 1.05422e+23	7.73e-07	1.00e+00	2.11e-31
 1.05982e+23	8.11e-07	1.00e+00	2.49e-31
 1.06554e+23	8.44e-07	1.00e+00	2.68e-31
 1.07062e+23	8.78e-07	1.00e+00	3.07e-31
 1.07646e+23	9.26e-07	1.00e+00	3.66e-31
 1.08195e+23	9.56e-07	1.00e+00	4.09e-31
 1.08699e+23	1.00e-06	1.00e+00	4.78e-31
 1.09209e+23	1.04e-06	1.00e+00	5.36e-31
 1.09727e+23	1.09e-06	1.00e+00	6.24e-31
 1.10257e+23	1.14e-06	1.00e+00	7.06e-31
 1.10801e+23	1.20e-06	1.00e+00	8.28e-31
 1.11349e+23	1.25e-06	1.00e+00	9.33e-31
 1.11901e+23	1.32e-06	1.00e+00	1.09e-30
 1.12463e+23	1.38e-06	1.00e+00	1.24e-30
 1.13040e+23	1.47e-06	1.00e+00	1.45e-30
 1.13627e+23	1.54e-06	1.00e+00	1.65e-30
 1.14230e+23	1.65e-06	1.00e+00	1.93e-30
 1.14839e+23	1.73e-06	1.00e+00	2.19e-30
 1.15353e+23	1.82e-06	1.00e+00	2.45e-30
 1.15912e+23	1.94e-06	1.00e+00	2.81e-30
 1.16474e+23	2.04e-06	1.00e+00	3.14e-30
 1.17023e+23	2.17e-06	1.00e+00	3.55e-30
 1.17583e+23	2.29e-06	1.00e+00	3.96e-30
 1.18132e+23	2.43e-06	1.00e+00	4.40e-30
 1.18692e+23	2.57e-06	1.00e+00	4.86e-30
 1.19245e+23	2.73e-06	1.00e+00	5.39e-30
 1.19801e+23	2.89e-06	1.00e+00	5.95e-30
 1.20351e+23	3.06e-06	1.00e+00	6.55e-30
 1.20900e+23	3.24e-06	1.00e+00	7.20e-30
 1.21450e+23	3.44e-06	1.00e+00	7.93e-30
 1.22002e+23	3.64e-06	1.00e+00	8.72e-30
 1.22556e+23	3.86e-06	1.00e+00	9.62e-30
 1.23115e+23	4.09e-06	1.00e+00	1.07e-29
 1.23680e+23	4.33e-06	1.00e+00	1.18e-29
 1.24248e+23	4.58e-06	1.00e+00	1.32e-29
 1.24825e+23	4.86e-06	1.00e+00	1.49e-29
 1.25408e+23	5.15e-06	1.00e+00	1.68e-29
 1.26003e+23	5.46e-06	1.00e+00	1.98e-29
 1.26607e+23	5.79e-06	1.00e+00	2.28e-29
 1.27162e+23	6.08e-06	1.00e+00	2.59e-29
 1.27741e+23	6.46e-06	1.00e+00	3.06e-29
 1.28329e+23	6.78e-06	1.00e+00	3.54e-29
 1.28936e+23	7.22e-06	1.00e+00	4.29e-29
 1.29544e+23	7.58e-06	1.00e+00	5.02e-29
 1.30153e+23	8.07e-06	1.00e+00	6.17e-29
 1.30764e+23	8.45e-06	1.00e+00	7.28e-29
 1.31378e+23	8.98e-06	1.00e+00	9.06e-29
 1.31999e+23	9.41e-06	1.00e+00	1.08e-28
 1.32629e+23	1.00e-05	1.00e+00	1.36e-28
 1.33267e+23	1.05e-05	1.00e+00	1.63e-28
 1.33916e+23	1.12e-05	1.00e+00	2.08e-28
 1.34577e+23	1.17e-05	1.00e+00	2.53e-28
 1.35254e+23	1.25e-05	1.00e+00	3.27e-28
 1.35946e+23	1.31e-05	1.00e+00	4.01e-28
 1.36659e+23	1.40e-05	1.00e+00	5.26e-28
 1.37385e+23	1.47e-05	1.00e+00	6.50e-28
 1.37998e+23	1.54e-05	1.00e+00	7.89e-28
 1.38666e+23	1.63e-05	1.00e+00	1.01e-27
 1.39313e+23	1.70e-05	1.00e+00	1.21e-27
 1.39932e+23	1.79e-05	1.00e+00	1.53e-27
 1.40558e+23	1.87e-05	1.00e+00	1.83e-27
 1.41192e+23	1.97e-05	1.00e+00	2.31e-27
 1.41836e+23	2.06e-05	1.00e+00	2.77e-27
 1.42492e+23	2.17e-05	1.00e+00	3.53e-27
 1.43158e+23	2.27e-05	1.00e+00	4.26e-27
 1.43835e+23	2.40e-05	1.00e+00	5.46e-27
 1.44525e+23	2.50e-05	1.00e+00	6.61e-27
 1.45229e+23	2.66e-05	1.00e+00	8.54e-27
 1.45950e+23	2.78e-05	1.00e+00	1.04e-26
 1.46691e+23	2.95e-05	1.00e+00	1.36e-26
 1.47452e+23	3.09e-05	1.00e+00	1.68e-26
 1.48238e+23	3.29e-05	1.00e+00	2.22e-26
 1.49032e+23	3.45e-05	1.00e+00	2.75e-26
 1.49836e+23	3.68e-05	1.00e+00	3.66e-26
 1.50649e+23	3.85e-05	1.00e+00	4.54e-26
 1.51471e+23	4.11e-05	1.00e+00	6.04e-26
 1.52307e+23	4.31e-05	1.00e+00	7.55e-26
 1.53161e+23	4.61e-05	1.00e+00	1.01e-25
 1.54004e+23	4.83e-05	1.00e+00	1.26e-25
 1.54689e+23	5.05e-05	1.00e+00	1.53e-25
 1.55433e+23	5.33e-05	1.00e+00	1.96e-25
 1.56188e+23	5.58e-05	1.00e+00	2.40e-25
 1.56853e+23	5.82e-05	1.00e+00	2.93e-25
 1.57616e+23	6.15e-05	1.00e+00	3.75e-25
 1.58408e+23	6.46e-05	1.00e+00	4.68e-25
 1.59115e+23	6.75e-05	1.00e+00	5.74e-25
 1.59912e+23	7.14e-05	1.00e+00	7.43e-25
 1.60745e+23	7.52e-05	1.00e+00	9.39e-25
 1.61498e+23	7.89e-05	1.00e+00	1.16e-24
 1.62349e+23	8.37e-05	1.00e+00	1.53e-24
 1.63226e+23	8.83e-05	1.00e+00	1.95e-24
 1.64007e+23	9.27e-05	1.00e+00	2.44e-24
 1.64891e+23	9.85e-05	1.00e+00	3.23e-24
 1.65808e+23	1.04e-04	1.00e+00	4.15e-24
 1.66633e+23	1.10e-04	1.00e+00	5.26e-24
 1.67567e+23	1.17e-04	1.00e+00	7.11e-24
 1.68533e+23	1.24e-04	1.00e+00	8.94e-24
 1.69406e+23	1.31e-04	1.00e+00	1.15e-23
 1.70408e+23	1.40e-04	1.00e+00	1.59e-23
 1.71417e+23	1.49e-04	1.00e+00	2.07e-23
 1.72436e+23	1.59e-04	1.00e+00	2.86e-23
 1.73478e+23	1.69e-04	1.00e+00	3.78e-23
 1.74395e+23	1.79e-04	1.00e+00	4.90e-23
 1.75431e+23	1.93e-04	1.00e+00	6.90e-23
 1.76492e+23	2.05e-04	1.00e+00	9.13e-23
 1.77586e+23	2.21e-04	1.00e+00	1.30e-22
 1.78698e+23	2.35e-04	1.00e+00	1.75e-22
 1.79683e+23	2.50e-04	1.00e+00	2.35e-22
 1.80814e+23	2.70e-04	1.00e+00	3.44e-22
 1.81965e+23	2.88e-04	1.00e+00	4.70e-22
 1.82963e+23	3.06e-04	1.00e+00	6.34e-22
 1.83915e+23	3.24e-04	1.00e+00	8.46e-22
 1.84829e+23	3.42e-04	1.00e+00	1.12e-21
 1.85860e+23	3.67e-04	1.00e+00	1.61e-21
 1.86885e+23	3.88e-04	1.00e+00	2.17e-21
 1.87904e+23	4.16e-04	1.00e+00	3.14e-21
 1.88943e+23	4.41e-04	1.00e+00	4.31e-21
 1.90007e+23	4.74e-04	1.00e+00	6.37e-21
 1.91082e+23	5.02e-04	9.99e-01	8.91e-21
 1.92028e+23	5.32e-04	9.99e-01	1.23e-20
 1.93115e+23	5.72e-04	9.99e-01	1.85e-20
 1.94169e+23	6.04e-04	9.99e-01	2.60e-20
 1.95008e+23	6.34e-04	9.99e-01	3.45e-20
 1.95929e+23	6.74e-04	9.99e-01	4.87e-20
 1.96867e+23	7.08e-04	9.99e-01	6.61e-20
 1.97696e+23	7.44e-04	9.99e-01	8.75e-20
 1.98645e+23	7.91e-04	9.99e-01	1.27e-19
 1.99605e+23	8.33e-04	9.99e-01	1.76e-19
 2.00448e+23	8.75e-04	9.99e-01	2.38e-19
 2.01411e+23	9.31e-04	9.99e-01	3.60e-19
 2.02390e+23	9.80e-04	9.99e-01	5.22e-19
 2.03257e+23	1.03e-03	9.99e-01	7.33e-19
 2.04251e+23	1.10e-03	9.99e-01	1.22e-18
 2.05260e+23	1.16e-03	9.99e-01	1.99e-18
 2.06089e+23	1.21e-03	9.99e-01	3.01e-18
 2.06964e+23	1.28e-03	9.99e-01	5.06e-18
 2.07938e+23	1.35e-03	9.99e-01	9.27e-18
 2.08892e+23	1.43e-03	9.99e-01	2.90e-17
 2.09832e+23	1.50e-03	9.98e-01	5.54e-17
 2.10899e+23	1.61e-03	9.98e-01	1.51e-16
 2.11986e+23	1.70e-03	9.98e-01	2.73e-16
 2.13099e+23	1.82e-03	9.98e-01	4.65e-16
 2.14238e+23	1.93e-03	9.98e-01	6.97e-16
 2.15256e+23	2.04e-03	9.98e-01	9.62e-16
 2.16426e+23	2.19e-03	9.98e-01	1.44e-15
 2.17452e+23	2.28e-03	9.98e-01	1.87e-15
 2.18291e+23	2.40e-03	9.98e-01	2.38e-15
 2.19152e+23	2.51e-03	9.97e-01	2.90e-15
 2.20043e+23	2.64e-03	9.97e-01	3.66e-15
 2.20956e+23	2.76e-03	9.97e-01	4.40e-15
 2.21897e+23	2.92e-03	9.97e-01	5.50e-15
 2.22839e+23	3.06e-03	9.97e-01	6.54e-15
 2.23780e+23	3.23e-03	9.97e-01	8.07e-15
 2.24744e+23	3.38e-03	9.97e-01	9.67e-15
 2.25737e+23	3.59e-03	9.96e-01	1.21e-14
 2.26738e+23	3.76e-03	9.96e-01	1.45e-14
 2.27751e+23	3.99e-03	9.96e-01	1.82e-14
 2.28778e+23	4.18e-03	9.96e-01	2.19e-14
 2.29825e+23	4.44e-03	9.96e-01	2.75e-14
 2.30913e+23	4.67e-03	9.95e-01	3.36e-14
 2.32055e+23	5.00e-03	9.95e-01	4.36e-14
 2.33188e+23	5.25e-03	9.95e-01	5.28e-14
 2.34309e+23	5.60e-03	9.94e-01	6.79e-14
 2.35458e+23	5.90e-03	9.94e-01	8.36e-14
 2.36641e+23	6.32e-03	9.94e-01	1.09e-13
 2.37834e+23	6.66e-03	9.93e-01	1.35e-13
 2.39041e+23	7.14e-03	9.93e-01	1.77e-13
 2.40260e+23	7.54e-03	9.92e-01	2.20e-13
 2.41496e+23	8.11e-03	9.92e-01	2.92e-13
 2.42749e+23	8.60e-03	9.91e-01	3.69e-13
 2.44026e+23	9.29e-03	9.91e-01	4.95e-13
 2.45316e+23	9.89e-03	9.90e-01	6.31e-13
 2.46626e+23	1.08e-02	9.89e-01	8.71e-13
 2.47940e+23	1.15e-02	9.88e-01	1.12e-12
 2.49260e+23	1.26e-02	9.87e-01	1.57e-12
 2.50600e+23	1.36e-02	9.86e-01	2.06e-12
 2.51967e+23	1.52e-02	9.85e-01	2.99e-12
 2.53360e+23	1.66e-02	9.83e-01	4.11e-12
 2.54788e+23	1.89e-02	9.81e-01	6.25e-12
 2.56044e+23	2.06e-02	9.79e-01	8.22e-12
 2.56939e+23	2.24e-02	9.78e-01	1.07e-11
 2.57962e+23	2.51e-02	9.75e-01	1.51e-11
 2.59053e+23	2.83e-02	9.72e-01	2.14e-11
 2.60071e+23	3.21e-02	9.68e-01	3.07e-11
 2.61234e+23	3.82e-02	9.62e-01	4.97e-11
 2.62350e+23	4.52e-02	9.55e-01	7.68e-11
 2.63199e+23	5.26e-02	9.47e-01	1.12e-10
 2.63948e+23	6.12e-02	9.39e-01	1.64e-10
 2.64633e+23	7.13e-02	9.29e-01	2.35e-10
 2.65258e+23	8.33e-02	9.17e-01	3.38e-10
 2.65822e+23	9.70e-02	9.03e-01	4.79e-10
 2.66329e+23	1.13e-01	8.87e-01	6.69e-10
 2.66795e+23	1.31e-01	8.69e-01	9.29e-10
 2.67230e+23	1.52e-01	8.48e-01	1.28e-09
 2.67637e+23	1.75e-01	8.25e-01	1.73e-09
 2.68029e+23	2.02e-01	7.98e-01	2.34e-09
 2.68417e+23	2.34e-01	7.66e-01	3.19e-09
 2.68789e+23	2.70e-01	7.30e-01	4.27e-09
 2.69123e+23	3.07e-01	6.93e-01	5.52e-09
 2.69344e+23	3.32e-01	6.68e-01	6.43e-09
 2.69454e+23	3.46e-01	6.54e-01	6.96e-09
 2.69553e+23	3.59e-01	6.41e-01	7.49e-09
 2.69680e+23	3.76e-01	6.24e-01	8.21e-09
 2.69827e+23	3.96e-01	6.04e-01	9.14e-09
 2.69973e+23	4.16e-01	5.84e-01	9.97e-09
 2.70122e+23	4.37e-01	5.63e-01	1.10e-08
 2.70278e+23	4.59e-01	5.41e-01	1.21e-08
 2.70434e+23	4.81e-01	5.19e-01	1.32e-08
 2.70595e+23	5.04e-01	4.96e-01	1.44e-08
 2.70758e+23	5.26e-01	4.74e-01	1.56e-08
 2.70914e+23	5.47e-01	4.53e-01	1.67e-08
 2.71038e+23	5.63e-01	4.37e-01	1.76e-08
 2.71123e+23	5.73e-01	4.27e-01	1.81e-08
 2.71207e+23	5.84e-01	4.16e-01	1.88e-08
 2.71307e+23	5.96e-01	4.04e-01	1.95e-08
 2.71415e+23	6.09e-01	3.91e-01	2.02e-08
 2.71521e+23	6.21e-01	3.79e-01	2.09e-08
 2.71625e+23	6.33e-01	3.67e-01	2.16e-08
 2.71732e+23	6.44e-01	3.56e-01	2.23e-08
 2.71843e+23	6.56e-01	3.44e-01	2.30e-08
 2.71956e+23	6.67e-01	3.33e-01	2.37e-08
 2.72071e+23	6.78e-01	3.22e-01	2.43e-08
 2.72188e+23	6.89e-01	3.11e-01	2.50e-08
 2.72310e+23	6.99e-01	3.01e-01	2.57e-08
 2.72434e+23	7.10e-01	2.90e-01	2.63e-08
 2.72562e+23	7.20e-01	2.80e-01	2.69e-08
 2.72693e+23	7.30e-01	2.70e-01	2.76e-08
 2.72828e+23	7.40e-01	2.60e-01	2.82e-08
 2.72967e+23	7.49e-01	2.51e-01	2.88e-08
 2.73108e+23	7.58e-01	2.42e-01	2.94e-08
 2.73256e+23	7.67e-01	2.33e-01	3.00e-08
 2.73409e+23	7.76e-01	2.24e-01	3.07e-08
 2.73565e+23	7.85e-01	2.15e-01	3.13e-08
 2.73725e+23	7.93e-01	2.07e-01	3.18e-08
 2.73891e+23	8.01e-01	1.99e-01	3.24e-08
 2.74064e+23	8.09e-01	1.91e-01	3.30e-08
 2.74242e+23	8.16e-01	1.84e-01	3.36e-08
 2.74426e+23	8.23e-01	1.77e-01	3.42e-08
 2.74614e+23	8.30e-01	1.70e-01	3.48e-08
 2.74807e+23	8.37e-01	1.63e-01	3.54e-08
 2.75003e+23	8.43e-01	1.57e-01	3.61e-08
 2.75205e+23	8.49e-01	1.51e-01	3.67e-08
 2.75411e+23	8.55e-01	1.45e-01	3.74e-08
 2.75624e+23	8.60e-01	1.40e-01	3.81e-08
 2.75841e+23	8.65e-01	1.35e-01	3.88e-08
 2.76065e+23	8.70e-01	1.30e-01	3.96e-08
 2.76296e+23	8.75e-01	1.25e-01	4.04e-08
 2.76535e+23	8.79e-01	1.21e-01	4.14e-08
 2.76781e+23	8.84e-01	1.16e-01	4.24e-08
 2.77038e+23	8.88e-01	1.12e-01	4.36e-08
 2.77306e+23	8.92e-01	1.08e-01	4.48e-08
 2.77582e+23	8.95e-01	1.05e-01	4.63e-08
 2.77869e+23	8.99e-01	1.01e-01	4.79e-08
 2.78152e+23	9.03e-01	9.75e-02	4.96e-08
 2.78422e+23	9.05e-01	9.46e-02	5.15e-08
 2.78683e+23	9.08e-01	9.19e-02	5.34e-08
 2.78936e+23	9.11e-01	8.94e-02	5.52e-08
 2.79177e+23	9.13e-01	8.72e-02	5.68e-08
 2.79407e+23	9.15e-01	8.50e-02	5.86e-08
 2.79622e+23	9.17e-01	8.32e-02	6.02e-08
 2.79831e+23	9.19e-01	8.14e-02	6.22e-08
 2.80040e+23	9.20e-01	7.95e-02	6.42e-08
 2.80243e+23	9.22e-01	7.78e-02	6.63e-08
 2.80440e+23	9.24e-01	7.62e-02	6.86e-08
 2.80629e+23	9.25e-01	7.46e-02	7.11e-08
 2.80812e+23	9.27e-01	7.32e-02	7.35e-08
 2.80989e+23	9.28e-01	7.17e-02	7.60e-08
 2.81160e+23	9.30e-01	7.04e-02	7.87e-08
 2.81325e+23	9.31e-01	6.90e-02	8.15e-08
 2.81485e+23	9.32e-01	6.78e-02	8.46e-08
 2.81637e+23	9.33e-01	6.66e-02	8.76e-08
 2.81785e+23	9.35e-01	6.54e-02	9.11e-08
 2.81929e+23	9.36e-01	6.43e-02	9.45e-08
 2.82066e+23	9.37e-01	6.32e-02	9.81e-08
 2.82196e+23	9.38e-01	6.22e-02	1.02e-07
 2.82314e+23	9.39e-01	6.13e-02	1.05e-07
 2.82421e+23	9.39e-01	6.05e-02	1.08e-07
 2.82519e+23	9.40e-01	5.98e-02	1.12e-07
 2.82608e+23	9.41e-01	5.92e-02	1.14e-07
 2.82689e+23	9.41e-01	5.86e-02	1.17e-07
 2.82762e+23	9.42e-01	5.80e-02	1.20e-07
 2.82843e+23	9.43e-01	5.74e-02	1.23e-07
 2.82930e+23	9.43e-01	5.66e-02	1.26e-07
 2.83009e+23	9.44e-01	5.60e-02	1.28e-07
 2.83081e+23	9.44e-01	5.55e-02	1.31e-07
 2.83147e+23	9.45e-01	5.52e-02	1.33e-07
 2.83219e+23	9.45e-01	5.45e-02	1.35e-07
 2.83312e+23	9.46e-01	5.37e-02	1.39e-07
 2.83413e+23	9.47e-01	5.28e-02	1.42e-07
 2.83505e+23	9.48e-01	5.21e-02	1.44e-07
 2.83588e+23	9.48e-01	5.16e-02	1.46e-07
 2.83680e+23	9.49e-01	5.10e-02	1.48e-07
 2.83779e+23	9.50e-01	5.02e-02	1.50e-07
 2.83869e+23	9.50e-01	4.97e-02	1.52e-07
 2.83967e+23	9.51e-01	4.91e-02	1.54e-07
 2.84074e+23	9.52e-01	4.83e-02	1.55e-07
 2.84171e+23	9.52e-01	4.78e-02	1.57e-07
 2.84259e+23	9.53e-01	4.73e-02	1.57e-07
 2.84339e+23	9.53e-01	4.68e-02	1.58e-07
 2.84412e+23	9.53e-01	4.66e-02	1.59e-07
 2.84492e+23	9.54e-01	4.60e-02	1.59e-07
 2.84596e+23	9.55e-01	4.52e-02	1.59e-07
 2.84708e+23	9.55e-01	4.45e-02	1.61e-07
 2.84810e+23	9.56e-01	4.39e-02	1.61e-07
 2.84903e+23	9.57e-01	4.34e-02	1.61e-07
 2.84987e+23	9.57e-01	4.30e-02	1.60e-07
 2.85064e+23	9.57e-01	4.26e-02	1.60e-07
 2.85149e+23	9.58e-01	4.21e-02	1.59e-07
 2.85240e+23	9.59e-01	4.15e-02	1.59e-07
 2.85323e+23	9.59e-01	4.11e-02	1.59e-07
 2.85398e+23	9.59e-01	4.07e-02	1.58e-07
 2.85467e+23	9.60e-01	4.04e-02	1.58e-07
 2.85542e+23	9.60e-01	4.00e-02	1.57e-07
 2.85640e+23	9.61e-01	3.93e-02	1.56e-07
 2.85745e+23	9.61e-01	3.87e-02	1.57e-07
 2.85841e+23	9.62e-01	3.82e-02	1.56e-07
 2.85928e+23	9.62e-01	3.78e-02	1.55e-07
 2.86008e+23	9.63e-01	3.75e-02	1.54e-07
 2.86080e+23	9.63e-01	3.72e-02	1.54e-07
 2.86160e+23	9.63e-01	3.68e-02	1.52e-07
 2.86263e+23	9.64e-01	3.62e-02	1.52e-07
 2.86374e+23	9.64e-01	3.56e-02	1.52e-07
 2.86475e+23	9.65e-01	3.52e-02	1.51e-07
 2.86567e+23	9.65e-01	3.48e-02	1.50e-07
 2.86651e+23	9.65e-01	3.46e-02	1.50e-07
 2.86743e+23	9.66e-01	3.42e-02	1.49e-07
 2.86842e+23	9.66e-01	3.38e-02	1.49e-07
 2.86932e+23	9.67e-01	3.34e-02	1.48e-07
 2.87015e+23	9.67e-01	3.32e-02	1.48e-07
 2.87105e+23	9.67e-01	3.28e-02	1.47e-07
 2.87202e+23	9.68e-01	3.24e-02	1.47e-07
 2.87308e+23	9.68e-01	3.20e-02	1.46e-07
 2.87423e+23	9.68e-01	3.15e-02	1.46e-07
 2.87528e+23	9.69e-01	3.11e-02	1.45e-07
 2.87623e+23	9.69e-01	3.09e-02	1.45e-07
 2.87727e+23	9.69e-01	3.05e-02	1.44e-07
 2.87840e+23	9.70e-01	3.01e-02	1.44e-07
 2.87942e+23	9.70e-01	2.98e-02	1.44e-07
 2.88055e+23	9.71e-01	2.94e-02	1.43e-07
 2.88176e+23	9.71e-01	2.90e-02	1.43e-07
 2.88286e+23	9.71e-01	2.86e-02	1.42e-07
 2.88387e+23	9.72e-01	2.84e-02	1.42e-07
 2.88497e+23	9.72e-01	2.80e-02	1.41e-07
 2.88615e+23	9.72e-01	2.76e-02	1.41e-07
 2.88723e+23	9.73e-01	2.74e-02	1.41e-07
 2.88842e+23	9.73e-01	2.70e-02	1.40e-07
 2.88970e+23	9.73e-01	2.66e-02	1.40e-07
 2.89086e+23	9.74e-01	2.63e-02	1.39e-07
 2.89214e+23	9.74e-01	2.59e-02	1.39e-07
 2.89351e+23	9.74e-01	2.55e-02	1.39e-07
 2.89476e+23	9.75e-01	2.52e-02	1.39e-07
 2.89614e+23	9.75e-01	2.49e-02	1.39e-07
 2.89762e+23	9.76e-01	2.45e-02	1.39e-07
 2.89897e+23	9.76e-01	2.41e-02	1.38e-07
 2.90019e+23	9.76e-01	2.38e-02	1.38e-07
 2.90131e+23	9.76e-01	2.37e-02	1.38e-07
 2.90253e+23	9.77e-01	2.34e-02	1.37e-07
 2.90385e+23	9.77e-01	2.30e-02	1.38e-07
 2.90506e+23	9.77e-01	2.28e-02	1.38e-07
 2.90637e+23	9.77e-01	2.25e-02	1.37e-07
 2.90780e+23	9.78e-01	2.21e-02	1.37e-07
 2.90909e+23	9.78e-01	2.19e-02	1.37e-07
 2.91051e+23	9.78e-01	2.16e-02	1.37e-07
 2.91204e+23	9.79e-01	2.12e-02	1.37e-07
 2.91343e+23	9.79e-01	2.10e-02	1.37e-07
 2.91496e+23	9.79e-01	2.07e-02	1.37e-07
 2.91661e+23	9.80e-01	2.03e-02	1.37e-07
 2.91811e+23	9.80e-01	2.01e-02	1.37e-07
 2.91975e+23	9.80e-01	1.98e-02	1.37e-07
 2.92152e+23	9.81e-01	1.94e-02	1.37e-07
 2.92314e+23	9.81e-01	1.92e-02	1.37e-07
 2.92491e+23	9.81e-01	1.89e-02	1.37e-07
 2.92682e+23	9.81e-01	1.85e-02	1.37e-07
 2.92855e+23	9.82e-01	1.83e-02	1.37e-07
 2.93046e+23	9.82e-01	1.80e-02	1.36e-07
 2.93251e+23	9.82e-01	1.76e-02	1.37e-07
 2.93438e+23	9.83e-01	1.74e-02	1.36e-07
 2.93609e+23	9.83e-01	1.72e-02	1.36e-07
 2.93795e+23	9.83e-01	1.69e-02	1.36e-07
 2.93997e+23	9.83e-01	1.65e-02	1.36e-07
 2.94180e+23	9.84e-01	1.63e-02	1.36e-07
 2.94381e+23	9.84e-01	1.60e-02	1.36e-07
 2.94598e+23	9.84e-01	1.57e-02	1.36e-07
 2.94795e+23	9.84e-01	1.55e-02	1.36e-07
 2.95011e+23	9.85e-01	1.52e-02	1.36e-07
 2.95245e+23	9.85e-01	1.49e-02	1.36e-07
 2.95457e+23	9.85e-01	1.47e-02	1.36e-07
 2.95690e+23	9.86e-01	1.44e-02	1.36e-07
 2.95941e+23	9.86e-01	1.41e-02	1.36e-07
 2.96170e+23	9.86e-01	1.39e-02	1.36e-07
 2.96378e+23	9.86e-01	1.37e-02	1.36e-07
 2.96606e+23	9.87e-01	1.34e-02	1.36e-07
 2.96852e+23	9.87e-01	1.32e-02	1.37e-07
 2.97076e+23	9.87e-01	1.30e-02	1.36e-07
 2.97322e+23	9.87e-01	1.27e-02	1.37e-07
 2.97587e+23	9.88e-01	1.25e-02	1.37e-07
 2.97828e+23	9.88e-01	1.22e-02	1.37e-07
 2.98047e+23	9.88e-01	1.21e-02	1.37e-07
 2.98288e+23	9.88e-01	1.18e-02	1.37e-07
 2.98547e+23	9.88e-01	1.16e-02	1.37e-07
 2.98832e+23	9.89e-01	1.13e-02	1.37e-07
 2.99176e+23	9.89e-01	1.10e-02	1.37e-07
 2.99544e+23	9.89e-01	1.07e-02	1.37e-07
 2.99916e+23	9.90e-01	1.04e-02	1.37e-07
 3.00294e+23	9.90e-01	1.02e-02	1.37e-07
 3.00677e+23	9.90e-01	9.88e-03	1.38e-07
 3.01063e+23	9.90e-01	9.60e-03	1.38e-07
 3.01454e+23	9.91e-01	9.34e-03	1.38e-07
 3.01850e+23	9.91e-01	9.08e-03	1.38e-07
 3.02250e+23	9.91e-01	8.82e-03	1.38e-07
 3.02654e+23	9.91e-01	8.57e-03	1.38e-07
 3.03061e+23	9.92e-01	8.33e-03	1.38e-07
 3.03473e+23	9.92e-01	8.09e-03	1.38e-07
 3.03888e+23	9.92e-01	7.85e-03	1.39e-07
 3.04307e+23	9.92e-01	7.63e-03	1.39e-07
 3.04728e+23	9.93e-01	7.40e-03	1.39e-07
 3.05152e+23	9.93e-01	7.19e-03	1.39e-07
 3.05580e+23	9.93e-01	6.98e-03	1.39e-07
 3.06010e+23	9.93e-01	6.77e-03	1.39e-07
 3.06445e+23	9.93e-01	6.57e-03	1.40e-07
 3.06882e+23	9.94e-01	6.37e-03	1.40e-07
 3.07323e+23	9.94e-01	6.18e-03	1.40e-07
 3.07766e+23	9.94e-01	6.00e-03	1.40e-07
 3.08213e+23	9.94e-01	5.82e-03	1.41e-07
 3.08502e+23	9.94e-01	5.77e-03	1.41e-07
