#depth	Ne	Ne+	Ne+2	Ne+3	Ne+4	Ne+5	Ne+6	Ne+7	Ne+8	Ne+9	Ne+10
 4.62852e+21	0.00e+00	0.00e+00	0.00e+00	0.00e+00	3.01e-28	7.50e-23	7.17e-18	4.05e-13	7.03e-08	5.32e-04	9.99e-01
 1.05220e+22	0.00e+00	0.00e+00	0.00e+00	0.00e+00	2.58e-27	4.49e-22	3.05e-17	1.20e-12	1.45e-07	7.64e-04	9.99e-01
 1.26225e+22	0.00e+00	0.00e+00	0.00e+00	1.87e-32	1.07e-26	1.46e-21	7.84e-17	2.44e-12	2.33e-07	9.69e-04	9.99e-01
 1.41264e+22	0.00e+00	0.00e+00	0.00e+00	6.98e-32	3.30e-26	3.75e-21	1.67e-16	4.30e-12	3.39e-07	1.17e-03	9.99e-01
 1.50004e+22	0.00e+00	0.00e+00	0.00e+00	1.04e-31	4.65e-26	4.99e-21	2.09e-16	5.11e-12	3.80e-07	1.24e-03	9.99e-01
 1.54734e+22	0.00e+00	0.00e+00	0.00e+00	1.74e-31	7.21e-26	7.19e-21	2.81e-16	6.36e-12	4.41e-07	1.33e-03	9.99e-01
 1.59848e+22	0.00e+00	0.00e+00	0.00e+00	2.80e-31	1.09e-25	1.01e-20	3.69e-16	7.82e-12	5.05e-07	1.43e-03	9.99e-01
 1.64696e+22	0.00e+00	0.00e+00	0.00e+00	4.50e-31	1.63e-25	1.42e-20	4.84e-16	9.59e-12	5.79e-07	1.53e-03	9.98e-01
 1.70234e+22	0.00e+00	0.00e+00	0.00e+00	8.44e-31	2.80e-25	2.23e-20	6.95e-16	1.26e-11	6.94e-07	1.67e-03	9.98e-01
 1.75634e+22	0.00e+00	0.00e+00	0.00e+00	1.29e-30	4.02e-25	3.01e-20	8.85e-16	1.51e-11	7.83e-07	1.78e-03	9.98e-01
 1.80856e+22	0.00e+00	0.00e+00	0.00e+00	2.26e-30	6.51e-25	4.51e-20	1.22e-15	1.92e-11	9.20e-07	1.93e-03	9.98e-01
 1.86272e+22	0.00e+00	0.00e+00	0.00e+00	3.72e-30	9.98e-25	6.43e-20	1.62e-15	2.38e-11	1.06e-06	2.07e-03	9.98e-01
 1.91068e+22	0.00e+00	0.00e+00	0.00e+00	5.86e-30	1.47e-24	8.90e-20	2.11e-15	2.89e-11	1.21e-06	2.21e-03	9.98e-01
 1.96434e+22	0.00e+00	0.00e+00	0.00e+00	1.08e-29	2.48e-24	1.38e-19	2.99e-15	3.76e-11	1.44e-06	2.41e-03	9.98e-01
 2.01268e+22	0.00e+00	0.00e+00	0.00e+00	1.51e-29	3.32e-24	1.76e-19	3.64e-15	4.37e-11	1.59e-06	2.53e-03	9.97e-01
 2.05413e+22	0.00e+00	0.00e+00	0.00e+00	2.32e-29	4.78e-24	2.39e-19	4.65e-15	5.25e-11	1.80e-06	2.69e-03	9.97e-01
 2.09894e+22	0.00e+00	0.00e+00	0.00e+00	3.52e-29	6.85e-24	3.22e-19	5.91e-15	6.28e-11	2.03e-06	2.86e-03	9.97e-01
 2.13975e+22	0.00e+00	0.00e+00	0.00e+00	5.17e-29	9.53e-24	4.24e-19	7.37e-15	7.42e-11	2.26e-06	3.02e-03	9.97e-01
 2.18442e+22	0.00e+00	0.00e+00	0.00e+00	8.45e-29	1.45e-23	6.03e-19	9.77e-15	9.17e-11	2.61e-06	3.24e-03	9.97e-01
 2.22926e+22	0.00e+00	0.00e+00	0.00e+00	1.24e-28	2.01e-23	7.91e-19	1.21e-14	1.08e-10	2.91e-06	3.42e-03	9.97e-01
 2.27431e+22	0.00e+00	0.00e+00	0.00e+00	1.99e-28	3.03e-23	1.11e-18	1.60e-14	1.33e-10	3.34e-06	3.66e-03	9.96e-01
 2.31995e+22	0.00e+00	0.00e+00	0.00e+00	2.96e-28	4.25e-23	1.48e-18	2.00e-14	1.57e-10	3.74e-06	3.88e-03	9.96e-01
 2.36000e+22	0.00e+00	0.00e+00	0.00e+00	4.32e-28	5.88e-23	1.94e-18	2.49e-14	1.85e-10	4.17e-06	4.10e-03	9.96e-01
 2.40573e+22	0.00e+00	0.00e+00	1.18e-33	7.20e-28	9.12e-23	2.79e-18	3.34e-14	2.31e-10	4.83e-06	4.41e-03	9.96e-01
 2.44708e+22	0.00e+00	0.00e+00	1.69e-33	9.84e-28	1.19e-22	3.49e-18	3.99e-14	2.64e-10	5.28e-06	4.61e-03	9.95e-01
 2.48274e+22	0.00e+00	0.00e+00	2.55e-33	1.41e-27	1.63e-22	4.52e-18	4.92e-14	3.09e-10	5.86e-06	4.85e-03	9.95e-01
 2.52112e+22	0.00e+00	0.00e+00	3.83e-33	2.02e-27	2.21e-22	5.83e-18	6.03e-14	3.61e-10	6.50e-06	5.11e-03	9.95e-01
 2.55632e+22	0.00e+00	0.00e+00	5.56e-33	2.79e-27	2.92e-22	7.36e-18	7.27e-14	4.15e-10	7.13e-06	5.35e-03	9.95e-01
 2.59022e+22	0.00e+00	0.00e+00	8.07e-33	3.87e-27	3.86e-22	9.30e-18	8.77e-14	4.78e-10	7.84e-06	5.61e-03	9.94e-01
 2.62914e+22	0.00e+00	0.00e+00	1.28e-32	5.81e-27	5.47e-22	1.24e-17	1.11e-13	5.70e-10	8.81e-06	5.95e-03	9.94e-01
 2.66868e+22	0.00e+00	0.00e+00	1.90e-32	8.18e-27	7.34e-22	1.59e-17	1.35e-13	6.61e-10	9.72e-06	6.25e-03	9.94e-01
 2.70328e+22	0.00e+00	0.00e+00	2.76e-32	1.14e-26	9.74e-22	2.01e-17	1.63e-13	7.62e-10	1.07e-05	6.55e-03	9.93e-01
 2.73714e+22	0.00e+00	0.00e+00	4.00e-32	1.57e-26	1.29e-21	2.54e-17	1.96e-13	8.76e-10	1.17e-05	6.86e-03	9.93e-01
 2.77577e+22	0.00e+00	0.00e+00	6.17e-32	2.30e-26	1.78e-21	3.33e-17	2.44e-13	1.03e-09	1.31e-05	7.25e-03	9.93e-01
 2.81320e+22	0.00e+00	0.00e+00	8.98e-32	3.20e-26	2.36e-21	4.21e-17	2.95e-13	1.19e-09	1.44e-05	7.60e-03	9.92e-01
 2.84207e+22	0.00e+00	0.00e+00	1.23e-31	4.19e-26	2.98e-21	5.12e-17	3.45e-13	1.34e-09	1.56e-05	7.90e-03	9.92e-01
 2.87260e+22	0.00e+00	0.00e+00	1.73e-31	5.68e-26	3.87e-21	6.36e-17	4.10e-13	1.53e-09	1.70e-05	8.25e-03	9.92e-01
 2.90618e+22	0.00e+00	0.00e+00	2.45e-31	7.71e-26	5.03e-21	7.91e-17	4.89e-13	1.74e-09	1.86e-05	8.62e-03	9.91e-01
 2.93734e+22	0.00e+00	0.00e+00	3.42e-31	1.03e-25	6.45e-21	9.74e-17	5.78e-13	1.98e-09	2.02e-05	8.99e-03	9.91e-01
 2.96660e+22	0.00e+00	0.00e+00	4.68e-31	1.36e-25	8.17e-21	1.19e-16	6.77e-13	2.23e-09	2.18e-05	9.35e-03	9.91e-01
 2.99973e+22	0.00e+00	0.00e+00	6.80e-31	1.88e-25	1.08e-20	1.50e-16	8.18e-13	2.57e-09	2.40e-05	9.80e-03	9.90e-01
 3.03466e+22	0.00e+00	0.00e+00	9.81e-31	2.60e-25	1.43e-20	1.89e-16	9.83e-13	2.95e-09	2.63e-05	1.03e-02	9.90e-01
 3.06478e+22	0.00e+00	0.00e+00	1.35e-30	3.43e-25	1.81e-20	2.31e-16	1.15e-12	3.33e-09	2.85e-05	1.07e-02	9.89e-01
 3.09087e+22	0.00e+00	0.00e+00	1.79e-30	4.39e-25	2.24e-20	2.75e-16	1.33e-12	3.70e-09	3.06e-05	1.11e-02	9.89e-01
 3.11889e+22	0.00e+00	0.00e+00	2.44e-30	5.76e-25	2.83e-20	3.34e-16	1.56e-12	4.16e-09	3.32e-05	1.15e-02	9.88e-01
 3.14915e+22	0.00e+00	0.00e+00	3.33e-30	7.58e-25	3.58e-20	4.07e-16	1.82e-12	4.69e-09	3.59e-05	1.20e-02	9.88e-01
 3.17677e+22	0.00e+00	0.00e+00	4.46e-30	9.77e-25	4.45e-20	4.89e-16	2.11e-12	5.24e-09	3.86e-05	1.24e-02	9.88e-01
 3.20710e+22	0.00e+00	0.00e+00	6.32e-30	1.33e-24	5.79e-20	6.09e-16	2.52e-12	5.98e-09	4.22e-05	1.30e-02	9.87e-01
 3.23847e+22	0.00e+00	0.00e+00	8.78e-30	1.77e-24	7.41e-20	7.48e-16	2.97e-12	6.77e-09	4.58e-05	1.35e-02	9.86e-01
 3.26488e+22	0.00e+00	0.00e+00	1.16e-29	2.26e-24	9.14e-20	8.91e-16	3.41e-12	7.53e-09	4.92e-05	1.40e-02	9.86e-01
 3.29291e+22	0.00e+00	0.00e+00	1.59e-29	2.98e-24	1.16e-19	1.09e-15	4.01e-12	8.49e-09	5.33e-05	1.46e-02	9.85e-01
 3.32306e+22	0.00e+00	0.00e+00	2.18e-29	3.93e-24	1.47e-19	1.32e-15	4.70e-12	9.57e-09	5.77e-05	1.51e-02	9.85e-01
 3.35054e+22	0.00e+00	0.00e+00	2.92e-29	5.07e-24	1.83e-19	1.59e-15	5.43e-12	1.07e-08	6.21e-05	1.57e-02	9.84e-01
 3.37527e+22	0.00e+00	0.00e+00	3.80e-29	6.39e-24	2.23e-19	1.88e-15	6.21e-12	1.18e-08	6.63e-05	1.62e-02	9.84e-01
 3.39820e+22	0.00e+00	0.00e+00	4.82e-29	7.88e-24	2.67e-19	2.18e-15	7.00e-12	1.29e-08	7.05e-05	1.67e-02	9.83e-01
 3.42435e+22	0.00e+00	0.00e+00	6.56e-29	1.03e-23	3.36e-19	2.64e-15	8.17e-12	1.45e-08	7.61e-05	1.74e-02	9.83e-01
 3.45170e+22	0.00e+00	0.00e+00	8.62e-29	1.31e-23	4.13e-19	3.14e-15	9.38e-12	1.61e-08	8.16e-05	1.80e-02	9.82e-01
 3.47659e+22	0.00e+00	0.00e+00	1.14e-28	1.67e-23	5.08e-19	3.73e-15	1.08e-11	1.79e-08	8.74e-05	1.86e-02	9.81e-01
 3.50102e+22	0.00e+00	0.00e+00	1.47e-28	2.09e-23	6.17e-19	4.38e-15	1.23e-11	1.97e-08	9.33e-05	1.92e-02	9.81e-01
 3.52516e+22	0.00e+00	0.00e+00	1.91e-28	2.63e-23	7.52e-19	5.17e-15	1.40e-11	2.18e-08	9.97e-05	1.99e-02	9.80e-01
 3.54913e+22	0.00e+00	2.14e-34	2.47e-28	3.29e-23	9.10e-19	6.07e-15	1.59e-11	2.40e-08	1.06e-04	2.05e-02	9.79e-01
 3.57655e+22	0.00e+00	3.04e-34	3.37e-28	4.33e-23	1.15e-18	7.38e-15	1.86e-11	2.70e-08	1.15e-04	2.13e-02	9.79e-01
 3.60494e+22	0.00e+00	4.27e-34	4.57e-28	5.64e-23	1.45e-18	8.93e-15	2.17e-11	3.03e-08	1.24e-04	2.21e-02	9.78e-01
 3.62913e+22	0.00e+00	5.70e-34	5.90e-28	7.06e-23	1.75e-18	1.05e-14	2.47e-11	3.34e-08	1.32e-04	2.29e-02	9.77e-01
 3.65513e+22	0.00e+00	7.97e-34	7.95e-28	9.18e-23	2.20e-18	1.26e-14	2.87e-11	3.74e-08	1.43e-04	2.37e-02	9.76e-01
 3.68175e+22	0.00e+00	1.08e-33	1.04e-27	1.17e-22	2.70e-18	1.50e-14	3.29e-11	4.14e-08	1.53e-04	2.46e-02	9.75e-01
 3.70464e+22	0.00e+00	1.43e-33	1.34e-27	1.44e-22	3.24e-18	1.75e-14	3.73e-11	4.55e-08	1.63e-04	2.53e-02	9.75e-01
 3.72988e+22	0.00e+00	1.98e-33	1.78e-27	1.86e-22	4.03e-18	2.10e-14	4.31e-11	5.07e-08	1.75e-04	2.62e-02	9.74e-01
 3.75682e+22	0.00e+00	2.71e-33	2.36e-27	2.38e-22	4.98e-18	2.51e-14	4.97e-11	5.65e-08	1.88e-04	2.72e-02	9.73e-01
 3.78132e+22	0.00e+00	3.67e-33	3.09e-27	3.01e-22	6.08e-18	2.96e-14	5.68e-11	6.24e-08	2.01e-04	2.81e-02	9.72e-01
 3.80852e+22	0.00e+00	5.22e-33	4.23e-27	3.96e-22	7.71e-18	3.61e-14	6.66e-11	7.03e-08	2.18e-04	2.92e-02	9.71e-01
 3.83571e+22	0.00e+00	7.17e-33	5.61e-27	5.08e-22	9.53e-18	4.31e-14	7.67e-11	7.82e-08	2.33e-04	3.02e-02	9.70e-01
 3.85802e+22	0.00e+00	9.41e-33	7.14e-27	6.27e-22	1.14e-17	5.01e-14	8.66e-11	8.57e-08	2.48e-04	3.12e-02	9.69e-01
 3.88218e+22	0.00e+00	1.29e-32	9.45e-27	8.02e-22	1.41e-17	5.98e-14	9.98e-11	9.53e-08	2.66e-04	3.23e-02	9.67e-01
 3.90836e+22	0.00e+00	1.78e-32	1.26e-26	1.03e-21	1.75e-17	7.14e-14	1.15e-10	1.06e-07	2.86e-04	3.34e-02	9.66e-01
 3.93251e+22	0.00e+00	2.38e-32	1.63e-26	1.29e-21	2.12e-17	8.40e-14	1.31e-10	1.17e-07	3.05e-04	3.45e-02	9.65e-01
 3.95926e+22	0.00e+00	3.40e-32	2.24e-26	1.70e-21	2.69e-17	1.02e-13	1.54e-10	1.32e-07	3.30e-04	3.59e-02	9.64e-01
 3.98730e+22	0.00e+00	4.82e-32	3.05e-26	2.23e-21	3.39e-17	1.24e-13	1.79e-10	1.48e-07	3.56e-04	3.72e-02	9.62e-01
 4.01073e+22	0.00e+00	6.41e-32	3.92e-26	2.78e-21	4.10e-17	1.46e-13	2.03e-10	1.63e-07	3.80e-04	3.84e-02	9.61e-01
 4.03492e+22	0.00e+00	8.94e-32	5.28e-26	3.61e-21	5.13e-17	1.75e-13	2.36e-10	1.82e-07	4.09e-04	3.98e-02	9.60e-01
 4.06060e+22	0.00e+00	1.22e-31	6.93e-26	4.58e-21	6.29e-17	2.08e-13	2.70e-10	2.01e-07	4.37e-04	4.12e-02	9.58e-01
 4.08447e+22	0.00e+00	1.65e-31	9.07e-26	5.80e-21	7.69e-17	2.46e-13	3.09e-10	2.22e-07	4.68e-04	4.25e-02	9.57e-01
 4.11176e+22	0.00e+00	2.44e-31	1.29e-25	7.87e-21	1.00e-16	3.06e-13	3.68e-10	2.53e-07	5.10e-04	4.44e-02	9.55e-01
 4.13913e+22	0.00e+00	3.35e-31	1.71e-25	1.01e-20	1.24e-16	3.65e-13	4.24e-10	2.81e-07	5.47e-04	4.59e-02	9.54e-01
 4.16187e+22	0.00e+00	4.53e-31	2.23e-25	1.27e-20	1.51e-16	4.31e-13	4.84e-10	3.10e-07	5.84e-04	4.74e-02	9.52e-01
 4.18334e+22	0.00e+00	5.94e-31	2.83e-25	1.57e-20	1.81e-16	5.01e-13	5.45e-10	3.40e-07	6.19e-04	4.88e-02	9.51e-01
 4.20793e+22	0.00e+00	8.43e-31	3.86e-25	2.06e-20	2.28e-16	6.07e-13	6.36e-10	3.81e-07	6.68e-04	5.06e-02	9.49e-01
 4.23387e+22	0.00e+00	1.18e-30	5.19e-25	2.66e-20	2.84e-16	7.31e-13	7.37e-10	4.25e-07	7.18e-04	5.24e-02	9.47e-01
 4.25709e+22	0.00e+00	1.62e-30	6.88e-25	3.40e-20	3.51e-16	8.70e-13	8.46e-10	4.71e-07	7.69e-04	5.42e-02	9.45e-01
 4.28281e+22	0.00e+00	2.39e-30	9.71e-25	4.60e-20	4.54e-16	1.08e-12	1.00e-09	5.34e-07	8.37e-04	5.65e-02	9.43e-01
 4.30815e+22	0.00e+00	3.29e-30	1.29e-24	5.90e-20	5.61e-16	1.29e-12	1.16e-09	5.93e-07	8.96e-04	5.84e-02	9.41e-01
 4.32901e+22	0.00e+00	4.31e-30	1.64e-24	7.26e-20	6.71e-16	1.49e-12	1.30e-09	6.47e-07	9.50e-04	6.00e-02	9.39e-01
 4.35213e+22	0.00e+00	6.20e-30	2.26e-24	9.62e-20	8.53e-16	1.82e-12	1.52e-09	7.28e-07	1.03e-03	6.23e-02	9.37e-01
 4.37621e+22	0.00e+00	8.57e-30	3.01e-24	1.23e-19	1.06e-15	2.18e-12	1.75e-09	8.07e-07	1.10e-03	6.44e-02	9.34e-01
 4.39801e+22	0.00e+00	1.17e-29	3.96e-24	1.57e-19	1.30e-15	2.58e-12	2.00e-09	8.91e-07	1.17e-03	6.65e-02	9.32e-01
 4.42282e+22	0.00e+00	1.72e-29	5.58e-24	2.11e-19	1.67e-15	3.19e-12	2.37e-09	1.01e-06	1.27e-03	6.92e-02	9.30e-01
 4.44740e+22	0.00e+00	2.41e-29	7.50e-24	2.74e-19	2.09e-15	3.83e-12	2.74e-09	1.12e-06	1.37e-03	7.16e-02	9.27e-01
 4.46749e+22	0.00e+00	3.21e-29	9.67e-24	3.42e-19	2.52e-15	4.49e-12	3.10e-09	1.23e-06	1.45e-03	7.37e-02	9.25e-01
 4.48942e+22	0.00e+00	4.61e-29	1.33e-23	4.51e-19	3.20e-15	5.47e-12	3.63e-09	1.38e-06	1.57e-03	7.64e-02	9.22e-01
 4.51236e+22	0.00e+00	6.41e-29	1.78e-23	5.82e-19	3.97e-15	6.55e-12	4.18e-09	1.53e-06	1.68e-03	7.89e-02	9.19e-01
 4.53307e+22	0.00e+00	8.72e-29	2.34e-23	7.37e-19	4.87e-15	7.75e-12	4.78e-09	1.69e-06	1.79e-03	8.14e-02	9.17e-01
 4.55645e+22	0.00e+00	1.30e-28	3.32e-23	1.00e-18	6.32e-15	9.62e-12	5.66e-09	1.91e-06	1.94e-03	8.46e-02	9.13e-01
 4.57963e+22	3.95e-35	1.81e-28	4.45e-23	1.29e-18	7.85e-15	1.15e-11	6.53e-09	2.12e-06	2.08e-03	8.74e-02	9.10e-01
 4.59904e+22	5.51e-35	2.43e-28	5.78e-23	1.62e-18	9.55e-15	1.35e-11	7.42e-09	2.33e-06	2.21e-03	9.00e-02	9.08e-01
 4.62078e+22	8.33e-35	3.52e-28	8.02e-23	2.15e-18	1.22e-14	1.66e-11	8.69e-09	2.62e-06	2.39e-03	9.33e-02	9.04e-01
 4.64335e+22	1.20e-34	4.89e-28	1.07e-22	2.78e-18	1.51e-14	1.98e-11	1.00e-08	2.90e-06	2.55e-03	9.63e-02	9.01e-01
 4.66351e+22	1.73e-34	6.77e-28	1.43e-22	3.56e-18	1.87e-14	2.37e-11	1.15e-08	3.21e-06	2.73e-03	9.94e-02	8.98e-01
 4.68318e+22	2.47e-34	9.30e-28	1.89e-22	4.55e-18	2.31e-14	2.82e-11	1.32e-08	3.55e-06	2.91e-03	1.02e-01	8.95e-01
 4.70241e+22	3.48e-34	1.26e-27	2.48e-22	5.76e-18	2.82e-14	3.33e-11	1.50e-08	3.90e-06	3.10e-03	1.06e-01	8.91e-01
 4.72412e+22	5.44e-34	1.88e-27	3.53e-22	7.82e-18	3.66e-14	4.13e-11	1.78e-08	4.42e-06	3.36e-03	1.10e-01	8.87e-01
 4.74601e+22	7.74e-34	2.58e-27	4.66e-22	9.96e-18	4.50e-14	4.91e-11	2.04e-08	4.88e-06	3.58e-03	1.13e-01	8.84e-01
 4.76816e+22	1.23e-33	3.91e-27	6.72e-22	1.37e-17	5.91e-14	6.15e-11	2.43e-08	5.54e-06	3.89e-03	1.17e-01	8.79e-01
 4.79000e+22	1.73e-33	5.30e-27	8.78e-22	1.73e-17	7.22e-14	7.25e-11	2.77e-08	6.10e-06	4.14e-03	1.21e-01	8.75e-01
 4.81143e+22	2.69e-33	7.87e-27	1.25e-21	2.34e-17	9.35e-14	8.99e-11	3.27e-08	6.89e-06	4.48e-03	1.25e-01	8.70e-01
 4.83331e+22	3.95e-33	1.11e-26	1.68e-21	3.05e-17	1.17e-13	1.08e-10	3.79e-08	7.65e-06	4.79e-03	1.29e-01	8.66e-01
 4.85246e+22	5.64e-33	1.53e-26	2.23e-21	3.89e-17	1.44e-13	1.29e-10	4.34e-08	8.45e-06	5.11e-03	1.33e-01	8.62e-01
 4.87402e+22	8.82e-33	2.27e-26	3.17e-21	5.29e-17	1.88e-13	1.60e-10	5.14e-08	9.55e-06	5.53e-03	1.38e-01	8.56e-01
 4.89592e+22	1.29e-32	3.19e-26	4.28e-21	6.85e-17	2.34e-13	1.92e-10	5.93e-08	1.06e-05	5.91e-03	1.42e-01	8.52e-01
 4.91523e+22	1.87e-32	4.46e-26	5.75e-21	8.86e-17	2.91e-13	2.31e-10	6.84e-08	1.17e-05	6.32e-03	1.47e-01	8.47e-01
 4.93730e+22	2.96e-32	6.71e-26	8.24e-21	1.21e-16	3.81e-13	2.88e-10	8.13e-08	1.33e-05	6.85e-03	1.52e-01	8.41e-01
 4.96018e+22	4.50e-32	9.76e-26	1.15e-20	1.61e-16	4.87e-13	3.53e-10	9.53e-08	1.49e-05	7.37e-03	1.57e-01	8.35e-01
 4.98046e+22	6.55e-32	1.37e-25	1.54e-20	2.09e-16	6.06e-13	4.23e-10	1.10e-07	1.66e-05	7.87e-03	1.62e-01	8.30e-01
 4.99956e+22	9.40e-32	1.89e-25	2.05e-20	2.67e-16	7.49e-13	5.04e-10	1.26e-07	1.83e-05	8.38e-03	1.67e-01	8.25e-01
 5.01786e+22	1.34e-31	2.59e-25	2.71e-20	3.41e-16	9.23e-13	5.99e-10	1.44e-07	2.01e-05	8.91e-03	1.71e-01	8.20e-01
 5.03877e+22	2.16e-31	3.97e-25	3.94e-20	4.72e-16	1.22e-12	7.54e-10	1.72e-07	2.29e-05	9.67e-03	1.78e-01	8.13e-01
 5.05948e+22	3.08e-31	5.44e-25	5.21e-20	6.02e-16	1.50e-12	8.95e-10	1.97e-07	2.52e-05	1.03e-02	1.82e-01	8.07e-01
 5.07617e+22	4.28e-31	7.30e-25	6.75e-20	7.53e-16	1.81e-12	1.05e-09	2.23e-07	2.75e-05	1.09e-02	1.87e-01	8.02e-01
 5.09153e+22	5.89e-31	9.71e-25	8.68e-20	9.37e-16	2.19e-12	1.22e-09	2.51e-07	3.00e-05	1.15e-02	1.91e-01	7.97e-01
 5.10896e+22	8.80e-31	1.39e-24	1.19e-19	1.23e-15	2.76e-12	1.49e-09	2.92e-07	3.34e-05	1.23e-02	1.97e-01	7.90e-01
 5.12540e+22	1.17e-30	1.79e-24	1.49e-19	1.50e-15	3.26e-12	1.70e-09	3.25e-07	3.61e-05	1.29e-02	2.01e-01	7.86e-01
 5.13849e+22	1.54e-30	2.29e-24	1.84e-19	1.80e-15	3.83e-12	1.94e-09	3.59e-07	3.88e-05	1.35e-02	2.05e-01	7.81e-01
 5.15345e+22	2.15e-30	3.08e-24	2.40e-19	2.27e-15	4.65e-12	2.28e-09	4.07e-07	4.24e-05	1.43e-02	2.10e-01	7.75e-01
 5.16902e+22	2.90e-30	4.03e-24	3.04e-19	2.78e-15	5.54e-12	2.64e-09	4.56e-07	4.60e-05	1.50e-02	2.15e-01	7.70e-01
 5.18229e+22	3.80e-30	5.14e-24	3.76e-19	3.35e-15	6.49e-12	3.01e-09	5.04e-07	4.94e-05	1.57e-02	2.19e-01	7.65e-01
 5.19443e+22	4.96e-30	6.52e-24	4.64e-19	4.02e-15	7.58e-12	3.42e-09	5.57e-07	5.30e-05	1.64e-02	2.23e-01	7.60e-01
 5.20823e+22	6.91e-30	8.76e-24	6.01e-19	5.03e-15	9.18e-12	4.01e-09	6.30e-07	5.79e-05	1.73e-02	2.29e-01	7.54e-01
 5.22229e+22	9.09e-30	1.12e-23	7.46e-19	6.07e-15	1.08e-11	4.58e-09	6.97e-07	6.22e-05	1.81e-02	2.33e-01	7.49e-01
 5.23473e+22	1.19e-29	1.43e-23	9.22e-19	7.29e-15	1.26e-11	5.21e-09	7.71e-07	6.68e-05	1.90e-02	2.37e-01	7.44e-01
 5.24661e+22	1.54e-29	1.80e-23	1.13e-18	8.70e-15	1.47e-11	5.90e-09	8.49e-07	7.15e-05	1.98e-02	2.41e-01	7.39e-01
 5.25788e+22	1.99e-29	2.25e-23	1.38e-18	1.03e-14	1.70e-11	6.67e-09	9.32e-07	7.65e-05	2.06e-02	2.46e-01	7.34e-01
 5.27070e+22	2.71e-29	2.97e-23	1.76e-18	1.28e-14	2.03e-11	7.74e-09	1.05e-06	8.29e-05	2.17e-02	2.51e-01	7.27e-01
 5.28386e+22	3.60e-29	3.83e-23	2.20e-18	1.55e-14	2.40e-11	8.87e-09	1.16e-06	8.93e-05	2.27e-02	2.55e-01	7.22e-01
 5.29520e+22	4.63e-29	4.79e-23	2.68e-18	1.84e-14	2.77e-11	1.00e-08	1.28e-06	9.54e-05	2.36e-02	2.60e-01	7.17e-01
 5.30771e+22	6.39e-29	6.39e-23	3.45e-18	2.29e-14	3.35e-11	1.17e-08	1.44e-06	1.04e-04	2.49e-02	2.65e-01	7.10e-01
 5.32054e+22	8.49e-29	8.24e-23	4.31e-18	2.77e-14	3.95e-11	1.34e-08	1.60e-06	1.12e-04	2.60e-02	2.70e-01	7.04e-01
 5.33179e+22	1.09e-28	1.03e-22	5.24e-18	3.29e-14	4.56e-11	1.51e-08	1.75e-06	1.19e-04	2.71e-02	2.74e-01	6.98e-01
 5.34258e+22	1.43e-28	1.31e-22	6.47e-18	3.95e-14	5.33e-11	1.72e-08	1.93e-06	1.28e-04	2.83e-02	2.79e-01	6.93e-01
 5.35283e+22	1.80e-28	1.61e-22	7.77e-18	4.62e-14	6.10e-11	1.92e-08	2.11e-06	1.36e-04	2.93e-02	2.83e-01	6.87e-01
 5.36420e+22	2.50e-28	2.16e-22	1.00e-17	5.77e-14	7.37e-11	2.24e-08	2.37e-06	1.48e-04	3.09e-02	2.89e-01	6.80e-01
 5.37563e+22	3.23e-28	2.71e-22	1.23e-17	6.86e-14	8.55e-11	2.54e-08	2.61e-06	1.58e-04	3.21e-02	2.93e-01	6.74e-01
 5.38712e+22	4.49e-28	3.64e-22	1.59e-17	8.58e-14	1.03e-10	2.97e-08	2.94e-06	1.72e-04	3.38e-02	2.99e-01	6.67e-01
 5.39877e+22	5.86e-28	4.62e-22	1.96e-17	1.03e-13	1.21e-10	3.38e-08	3.25e-06	1.84e-04	3.53e-02	3.04e-01	6.61e-01
 5.41062e+22	8.37e-28	6.35e-22	2.59e-17	1.31e-13	1.49e-10	4.01e-08	3.70e-06	2.01e-04	3.73e-02	3.10e-01	6.52e-01
 5.42225e+22	1.08e-27	7.95e-22	3.15e-17	1.55e-13	1.72e-10	4.52e-08	4.06e-06	2.15e-04	3.88e-02	3.15e-01	6.46e-01
 5.43360e+22	1.54e-27	1.09e-21	4.16e-17	1.98e-13	2.11e-10	5.36e-08	4.63e-06	2.35e-04	4.09e-02	3.21e-01	6.38e-01
 5.44492e+22	1.98e-27	1.37e-21	5.07e-17	2.34e-13	2.44e-10	6.05e-08	5.08e-06	2.51e-04	4.25e-02	3.26e-01	6.31e-01
 5.45622e+22	2.85e-27	1.90e-21	6.75e-17	3.00e-13	3.02e-10	7.21e-08	5.82e-06	2.75e-04	4.50e-02	3.33e-01	6.22e-01
 5.46751e+22	3.70e-27	2.39e-21	8.29e-17	3.58e-13	3.51e-10	8.18e-08	6.40e-06	2.95e-04	4.68e-02	3.37e-01	6.16e-01
 5.47880e+22	5.37e-27	3.34e-21	1.11e-16	4.61e-13	4.36e-10	9.78e-08	7.35e-06	3.24e-04	4.95e-02	3.44e-01	6.06e-01
 5.48994e+22	6.94e-27	4.20e-21	1.36e-16	5.49e-13	5.06e-10	1.11e-07	8.08e-06	3.46e-04	5.15e-02	3.49e-01	5.99e-01
 5.50087e+22	9.91e-27	5.77e-21	1.79e-16	6.98e-13	6.22e-10	1.31e-07	9.22e-06	3.79e-04	5.43e-02	3.55e-01	5.90e-01
 5.51169e+22	1.29e-26	7.30e-21	2.20e-16	8.35e-13	7.25e-10	1.49e-07	1.02e-05	4.05e-04	5.65e-02	3.60e-01	5.83e-01
 5.52234e+22	1.83e-26	9.99e-21	2.90e-16	1.06e-12	8.89e-10	1.77e-07	1.16e-05	4.43e-04	5.96e-02	3.67e-01	5.73e-01
 5.53317e+22	2.42e-26	1.28e-20	3.61e-16	1.28e-12	1.05e-09	2.02e-07	1.28e-05	4.76e-04	6.21e-02	3.72e-01	5.66e-01
 5.54422e+22	3.49e-26	1.78e-20	4.81e-16	1.64e-12	1.29e-09	2.42e-07	1.47e-05	5.23e-04	6.56e-02	3.79e-01	5.55e-01
 5.55548e+22	4.67e-26	2.31e-20	6.04e-16	2.00e-12	1.53e-09	2.79e-07	1.64e-05	5.63e-04	6.86e-02	3.84e-01	5.47e-01
 5.56699e+22	6.84e-26	3.25e-20	8.16e-16	2.59e-12	1.92e-09	3.36e-07	1.90e-05	6.22e-04	7.26e-02	3.91e-01	5.36e-01
 5.57853e+22	9.16e-26	4.21e-20	1.03e-15	3.16e-12	2.28e-09	3.88e-07	2.12e-05	6.70e-04	7.58e-02	3.96e-01	5.27e-01
 5.59012e+22	1.34e-25	5.93e-20	1.39e-15	4.10e-12	2.85e-09	4.68e-07	2.45e-05	7.40e-04	8.03e-02	4.03e-01	5.16e-01
 5.60148e+22	1.77e-25	7.59e-20	1.72e-15	4.94e-12	3.35e-09	5.36e-07	2.72e-05	7.95e-04	8.36e-02	4.08e-01	5.08e-01
 5.61253e+22	2.54e-25	1.05e-19	2.29e-15	6.33e-12	4.15e-09	6.42e-07	3.13e-05	8.74e-04	8.83e-02	4.14e-01	4.97e-01
 5.62359e+22	3.31e-25	1.33e-19	2.83e-15	7.60e-12	4.86e-09	7.33e-07	3.46e-05	9.37e-04	9.19e-02	4.19e-01	4.88e-01
 5.63466e+22	4.71e-25	1.83e-19	3.73e-15	9.68e-12	5.99e-09	8.74e-07	3.97e-05	1.03e-03	9.68e-02	4.25e-01	4.77e-01
 5.64594e+22	6.18e-25	2.34e-19	4.63e-15	1.17e-11	7.05e-09	1.00e-06	4.41e-05	1.10e-03	1.01e-01	4.29e-01	4.69e-01
 5.65748e+22	8.83e-25	3.22e-19	6.14e-15	1.49e-11	8.71e-09	1.20e-06	5.07e-05	1.21e-03	1.06e-01	4.35e-01	4.57e-01
 5.66922e+22	1.16e-24	4.10e-19	7.61e-15	1.80e-11	1.02e-08	1.37e-06	5.64e-05	1.30e-03	1.11e-01	4.40e-01	4.48e-01
 5.68123e+22	1.64e-24	5.62e-19	1.01e-14	2.29e-11	1.27e-08	1.64e-06	6.48e-05	1.43e-03	1.17e-01	4.45e-01	4.36e-01
 5.69356e+22	2.17e-24	7.23e-19	1.26e-14	2.78e-11	1.50e-08	1.89e-06	7.23e-05	1.54e-03	1.22e-01	4.50e-01	4.27e-01
 5.70630e+22	3.10e-24	9.96e-19	1.67e-14	3.55e-11	1.86e-08	2.27e-06	8.33e-05	1.70e-03	1.28e-01	4.55e-01	4.15e-01
 5.71880e+22	3.99e-24	1.25e-18	2.04e-14	4.24e-11	2.16e-08	2.58e-06	9.22e-05	1.82e-03	1.33e-01	4.59e-01	4.06e-01
 5.73101e+22	5.56e-24	1.69e-18	2.66e-14	5.34e-11	2.65e-08	3.06e-06	1.05e-04	1.99e-03	1.40e-01	4.63e-01	3.95e-01
 5.74349e+22	7.13e-24	2.11e-18	3.25e-14	6.35e-11	3.08e-08	3.48e-06	1.16e-04	2.13e-03	1.45e-01	4.66e-01	3.86e-01
 5.75632e+22	9.88e-24	2.84e-18	4.22e-14	7.97e-11	3.75e-08	4.11e-06	1.33e-04	2.33e-03	1.52e-01	4.70e-01	3.75e-01
 5.76958e+22	1.28e-23	3.60e-18	5.21e-14	9.58e-11	4.41e-08	4.71e-06	1.48e-04	2.50e-03	1.58e-01	4.73e-01	3.66e-01
 5.78158e+22	1.66e-23	4.53e-18	6.40e-14	1.15e-10	5.16e-08	5.38e-06	1.64e-04	2.68e-03	1.64e-01	4.76e-01	3.57e-01
 5.79533e+22	2.31e-23	6.11e-18	8.35e-14	1.45e-10	6.32e-08	6.39e-06	1.87e-04	2.94e-03	1.72e-01	4.80e-01	3.45e-01
 5.80909e+22	2.93e-23	7.59e-18	1.01e-13	1.71e-10	7.32e-08	7.24e-06	2.07e-04	3.13e-03	1.78e-01	4.82e-01	3.37e-01
 5.82286e+22	4.02e-23	1.01e-17	1.31e-13	2.14e-10	8.89e-08	8.54e-06	2.35e-04	3.42e-03	1.87e-01	4.84e-01	3.25e-01
 5.83692e+22	5.11e-23	1.26e-17	1.59e-13	2.54e-10	1.03e-07	9.68e-06	2.59e-04	3.65e-03	1.93e-01	4.86e-01	3.17e-01
 5.85137e+22	7.02e-23	1.68e-17	2.05e-13	3.18e-10	1.26e-07	1.14e-05	2.96e-04	3.99e-03	2.02e-01	4.88e-01	3.06e-01
 5.86529e+22	8.67e-23	2.03e-17	2.44e-13	3.69e-10	1.43e-07	1.28e-05	3.22e-04	4.23e-03	2.08e-01	4.89e-01	2.98e-01
 5.87851e+22	1.14e-22	2.61e-17	3.06e-13	4.49e-10	1.70e-07	1.48e-05	3.62e-04	4.56e-03	2.16e-01	4.90e-01	2.88e-01
 5.89206e+22	1.42e-22	3.19e-17	3.65e-13	5.25e-10	1.95e-07	1.66e-05	3.96e-04	4.85e-03	2.23e-01	4.91e-01	2.80e-01
 5.90604e+22	1.89e-22	4.14e-17	4.61e-13	6.44e-10	2.33e-07	1.93e-05	4.46e-04	5.25e-03	2.32e-01	4.92e-01	2.70e-01
 5.92015e+22	2.34e-22	5.01e-17	5.48e-13	7.49e-10	2.66e-07	2.16e-05	4.86e-04	5.56e-03	2.39e-01	4.92e-01	2.63e-01
 5.93443e+22	3.10e-22	6.48e-17	6.89e-13	9.15e-10	3.17e-07	2.51e-05	5.47e-04	6.02e-03	2.48e-01	4.92e-01	2.53e-01
 5.94893e+22	3.83e-22	7.86e-17	8.19e-13	1.06e-09	3.62e-07	2.80e-05	5.97e-04	6.37e-03	2.55e-01	4.92e-01	2.46e-01
 5.96173e+22	4.72e-22	9.52e-17	9.73e-13	1.24e-09	4.13e-07	3.13e-05	6.51e-04	6.76e-03	2.63e-01	4.91e-01	2.39e-01
 5.97442e+22	5.81e-22	1.15e-16	1.15e-12	1.44e-09	4.70e-07	3.49e-05	7.09e-04	7.15e-03	2.70e-01	4.90e-01	2.32e-01
 5.98900e+22	7.55e-22	1.46e-16	1.43e-12	1.73e-09	5.55e-07	4.02e-05	7.91e-04	7.69e-03	2.79e-01	4.89e-01	2.23e-01
 6.00368e+22	9.25e-22	1.76e-16	1.69e-12	2.01e-09	6.31e-07	4.48e-05	8.61e-04	8.13e-03	2.87e-01	4.88e-01	2.16e-01
 6.01849e+22	1.20e-21	2.23e-16	2.10e-12	2.42e-09	7.44e-07	5.15e-05	9.61e-04	8.74e-03	2.97e-01	4.86e-01	2.07e-01
 6.03347e+22	1.46e-21	2.68e-16	2.47e-12	2.79e-09	8.42e-07	5.71e-05	1.04e-03	9.22e-03	3.04e-01	4.84e-01	2.01e-01
 6.04865e+22	1.89e-21	3.39e-16	3.05e-12	3.37e-09	9.91e-07	6.56e-05	1.16e-03	9.90e-03	3.14e-01	4.82e-01	1.93e-01
 6.06414e+22	2.32e-21	4.08e-16	3.60e-12	3.89e-09	1.12e-06	7.29e-05	1.26e-03	1.05e-02	3.22e-01	4.80e-01	1.86e-01
 6.08004e+22	3.01e-21	5.18e-16	4.46e-12	4.70e-09	1.33e-06	8.38e-05	1.40e-03	1.12e-02	3.33e-01	4.77e-01	1.78e-01
 6.09629e+22	3.69e-21	6.25e-16	5.29e-12	5.45e-09	1.51e-06	9.33e-05	1.53e-03	1.19e-02	3.41e-01	4.74e-01	1.72e-01
 6.11299e+22	4.80e-21	7.94e-16	6.56e-12	6.58e-09	1.78e-06	1.07e-04	1.70e-03	1.27e-02	3.51e-01	4.70e-01	1.64e-01
 6.13022e+22	5.96e-21	9.68e-16	7.84e-12	7.69e-09	2.03e-06	1.20e-04	1.86e-03	1.35e-02	3.60e-01	4.67e-01	1.58e-01
 6.14510e+22	7.21e-21	1.15e-15	9.17e-12	8.82e-09	2.29e-06	1.32e-04	2.00e-03	1.41e-02	3.68e-01	4.63e-01	1.53e-01
 6.16143e+22	9.26e-21	1.45e-15	1.13e-11	1.06e-08	2.68e-06	1.51e-04	2.22e-03	1.51e-02	3.78e-01	4.59e-01	1.45e-01
 6.17798e+22	1.12e-20	1.73e-15	1.32e-11	1.22e-08	3.03e-06	1.67e-04	2.40e-03	1.59e-02	3.86e-01	4.55e-01	1.40e-01
 6.19482e+22	1.43e-20	2.16e-15	1.61e-11	1.44e-08	3.51e-06	1.89e-04	2.64e-03	1.69e-02	3.96e-01	4.50e-01	1.34e-01
 6.21260e+22	1.78e-20	2.64e-15	1.93e-11	1.69e-08	4.03e-06	2.12e-04	2.88e-03	1.79e-02	4.05e-01	4.45e-01	1.28e-01
 6.22893e+22	2.19e-20	3.19e-15	2.29e-11	1.96e-08	4.58e-06	2.36e-04	3.12e-03	1.89e-02	4.14e-01	4.41e-01	1.23e-01
 6.24747e+22	2.83e-20	4.04e-15	2.83e-11	2.36e-08	5.37e-06	2.69e-04	3.45e-03	2.01e-02	4.25e-01	4.35e-01	1.17e-01
 6.26710e+22	3.59e-20	5.01e-15	3.44e-11	2.79e-08	6.21e-06	3.04e-04	3.79e-03	2.13e-02	4.34e-01	4.29e-01	1.11e-01
 6.28526e+22	4.48e-20	6.14e-15	4.13e-11	3.27e-08	7.12e-06	3.41e-04	4.13e-03	2.25e-02	4.43e-01	4.24e-01	1.06e-01
 6.30599e+22	5.95e-20	7.96e-15	5.21e-11	4.01e-08	8.48e-06	3.93e-04	4.61e-03	2.41e-02	4.55e-01	4.16e-01	9.98e-02
 6.32643e+22	7.37e-20	9.68e-15	6.21e-11	4.67e-08	9.67e-06	4.38e-04	5.00e-03	2.54e-02	4.64e-01	4.10e-01	9.53e-02
 6.34649e+22	9.65e-20	1.24e-14	7.75e-11	5.67e-08	1.14e-05	5.03e-04	5.55e-03	2.72e-02	4.74e-01	4.03e-01	8.96e-02
 6.36679e+22	1.20e-19	1.51e-14	9.25e-11	6.61e-08	1.30e-05	5.61e-04	6.02e-03	2.86e-02	4.83e-01	3.96e-01	8.54e-02
 6.38739e+22	1.57e-19	1.93e-14	1.16e-10	8.03e-08	1.54e-05	6.44e-04	6.69e-03	3.05e-02	4.94e-01	3.88e-01	8.01e-02
 6.40826e+22	1.95e-19	2.36e-14	1.38e-10	9.38e-08	1.76e-05	7.18e-04	7.26e-03	3.21e-02	5.02e-01	3.82e-01	7.61e-02
 6.42948e+22	2.56e-19	3.03e-14	1.73e-10	1.14e-07	2.09e-05	8.27e-04	8.07e-03	3.43e-02	5.13e-01	3.73e-01	7.11e-02
 6.45097e+22	3.20e-19	3.71e-14	2.08e-10	1.34e-07	2.39e-05	9.23e-04	8.77e-03	3.61e-02	5.21e-01	3.66e-01	6.74e-02
 6.47281e+22	4.21e-19	4.79e-14	2.62e-10	1.64e-07	2.85e-05	1.07e-03	9.80e-03	3.86e-02	5.32e-01	3.56e-01	6.25e-02
 6.49471e+22	5.21e-19	5.83e-14	3.13e-10	1.91e-07	3.25e-05	1.19e-03	1.06e-02	4.06e-02	5.40e-01	3.49e-01	5.92e-02
 6.51669e+22	6.81e-19	7.49e-14	3.93e-10	2.33e-07	3.86e-05	1.38e-03	1.18e-02	4.34e-02	5.50e-01	3.38e-01	5.48e-02
 6.53893e+22	8.43e-19	9.12e-14	4.69e-10	2.72e-07	4.42e-05	1.54e-03	1.29e-02	4.56e-02	5.58e-01	3.31e-01	5.16e-02
 6.56150e+22	1.10e-18	1.17e-13	5.89e-10	3.32e-07	5.26e-05	1.77e-03	1.43e-02	4.88e-02	5.67e-01	3.20e-01	4.76e-02
 6.58449e+22	1.37e-18	1.43e-13	7.07e-10	3.90e-07	6.03e-05	1.99e-03	1.56e-02	5.13e-02	5.74e-01	3.12e-01	4.46e-02
 6.60803e+22	1.78e-18	1.83e-13	8.90e-10	4.78e-07	7.22e-05	2.31e-03	1.75e-02	5.51e-02	5.84e-01	3.00e-01	4.07e-02
 6.63052e+22	2.14e-18	2.18e-13	1.04e-09	5.50e-07	8.15e-05	2.55e-03	1.88e-02	5.76e-02	5.90e-01	2.93e-01	3.84e-02
 6.65165e+22	2.68e-18	2.70e-13	1.28e-09	6.57e-07	9.55e-05	2.92e-03	2.08e-02	6.12e-02	5.97e-01	2.83e-01	3.53e-02
 6.67269e+22	3.19e-18	3.19e-13	1.49e-09	7.51e-07	1.07e-04	3.22e-03	2.24e-02	6.39e-02	6.02e-01	2.75e-01	3.32e-02
 6.69360e+22	3.93e-18	3.91e-13	1.80e-09	8.92e-07	1.25e-04	3.66e-03	2.47e-02	6.78e-02	6.09e-01	2.65e-01	3.04e-02
 6.71482e+22	4.66e-18	4.60e-13	2.10e-09	1.02e-06	1.41e-04	4.04e-03	2.66e-02	7.09e-02	6.13e-01	2.57e-01	2.84e-02
 6.73643e+22	5.69e-18	5.61e-13	2.53e-09	1.21e-06	1.65e-04	4.62e-03	2.94e-02	7.53e-02	6.18e-01	2.46e-01	2.59e-02
 6.75839e+22	6.70e-18	6.58e-13	2.95e-09	1.39e-06	1.86e-04	5.11e-03	3.17e-02	7.88e-02	6.22e-01	2.38e-01	2.41e-02
 6.78080e+22	8.14e-18	8.00e-13	3.56e-09	1.65e-06	2.17e-04	5.83e-03	3.50e-02	8.37e-02	6.26e-01	2.27e-01	2.18e-02
 6.80381e+22	9.48e-18	9.33e-13	4.14e-09	1.89e-06	2.46e-04	6.49e-03	3.79e-02	8.78e-02	6.29e-01	2.18e-01	2.01e-02
 6.82760e+22	1.14e-17	1.13e-12	5.00e-09	2.25e-06	2.88e-04	7.44e-03	4.20e-02	9.34e-02	6.32e-01	2.07e-01	1.80e-02
 6.85176e+22	1.31e-17	1.31e-12	5.80e-09	2.58e-06	3.27e-04	8.28e-03	4.55e-02	9.80e-02	6.33e-01	1.98e-01	1.64e-02
 6.87590e+22	1.54e-17	1.56e-12	6.92e-09	3.05e-06	3.81e-04	9.45e-03	5.02e-02	1.04e-01	6.34e-01	1.87e-01	1.46e-02
 6.90025e+22	1.74e-17	1.78e-12	7.97e-09	3.48e-06	4.31e-04	1.05e-02	5.43e-02	1.09e-01	6.34e-01	1.78e-01	1.33e-02
 6.92416e+22	1.98e-17	2.07e-12	9.35e-09	4.06e-06	4.98e-04	1.19e-02	5.95e-02	1.15e-01	6.33e-01	1.68e-01	1.19e-02
 6.94831e+22	2.20e-17	2.35e-12	1.07e-08	4.62e-06	5.63e-04	1.32e-02	6.42e-02	1.21e-01	6.31e-01	1.60e-01	1.07e-02
 6.96937e+22	2.40e-17	2.61e-12	1.20e-08	5.17e-06	6.26e-04	1.45e-02	6.86e-02	1.26e-01	6.29e-01	1.52e-01	9.81e-03
 6.99173e+22	2.64e-17	2.96e-12	1.39e-08	5.95e-06	7.15e-04	1.62e-02	7.44e-02	1.32e-01	6.25e-01	1.43e-01	8.73e-03
 7.01430e+22	2.85e-17	3.27e-12	1.55e-08	6.65e-06	7.94e-04	1.77e-02	7.93e-02	1.37e-01	6.21e-01	1.36e-01	7.94e-03
 7.03438e+22	3.05e-17	3.60e-12	1.73e-08	7.42e-06	8.81e-04	1.93e-02	8.43e-02	1.42e-01	6.17e-01	1.29e-01	7.23e-03
 7.05673e+22	3.29e-17	4.02e-12	1.98e-08	8.48e-06	1.00e-03	2.15e-02	9.08e-02	1.49e-01	6.10e-01	1.21e-01	6.41e-03
 7.07884e+22	3.51e-17	4.41e-12	2.20e-08	9.43e-06	1.10e-03	2.33e-02	9.61e-02	1.54e-01	6.05e-01	1.15e-01	5.84e-03
 7.10126e+22	3.76e-17	4.92e-12	2.52e-08	1.08e-05	1.25e-03	2.58e-02	1.03e-01	1.60e-01	5.97e-01	1.07e-01	5.16e-03
 7.12368e+22	4.00e-17	5.39e-12	2.80e-08	1.20e-05	1.38e-03	2.80e-02	1.09e-01	1.65e-01	5.90e-01	1.02e-01	4.69e-03
 7.14610e+22	4.28e-17	6.01e-12	3.21e-08	1.38e-05	1.57e-03	3.09e-02	1.16e-01	1.72e-01	5.81e-01	9.49e-02	4.14e-03
 7.16864e+22	4.54e-17	6.57e-12	3.58e-08	1.53e-05	1.73e-03	3.34e-02	1.22e-01	1.76e-01	5.73e-01	8.98e-02	3.76e-03
 7.19135e+22	4.84e-17	7.35e-12	4.11e-08	1.76e-05	1.96e-03	3.69e-02	1.30e-01	1.83e-01	5.62e-01	8.33e-02	3.30e-03
 7.21422e+22	5.15e-17	8.07e-12	4.60e-08	1.97e-05	2.17e-03	3.98e-02	1.36e-01	1.87e-01	5.53e-01	7.86e-02	2.98e-03
 7.23733e+22	5.53e-17	9.08e-12	5.31e-08	2.28e-05	2.46e-03	4.39e-02	1.45e-01	1.94e-01	5.40e-01	7.26e-02	2.61e-03
 7.26074e+22	5.90e-17	1.00e-11	5.98e-08	2.56e-05	2.72e-03	4.74e-02	1.52e-01	1.98e-01	5.30e-01	6.83e-02	2.35e-03
 7.28454e+22	6.37e-17	1.14e-11	6.97e-08	2.97e-05	3.10e-03	5.22e-02	1.60e-01	2.04e-01	5.16e-01	6.28e-02	2.05e-03
 7.30874e+22	6.88e-17	1.27e-11	7.92e-08	3.36e-05	3.44e-03	5.63e-02	1.68e-01	2.08e-01	5.04e-01	5.88e-02	1.83e-03
 7.33344e+22	7.49e-17	1.46e-11	9.34e-08	3.94e-05	3.94e-03	6.21e-02	1.77e-01	2.13e-01	4.88e-01	5.37e-02	1.58e-03
 7.35868e+22	8.22e-17	1.65e-11	1.07e-07	4.49e-05	4.38e-03	6.70e-02	1.84e-01	2.17e-01	4.76e-01	5.00e-02	1.41e-03
 7.38462e+22	9.13e-17	1.93e-11	1.28e-07	5.33e-05	5.04e-03	7.39e-02	1.94e-01	2.22e-01	4.58e-01	4.54e-02	1.21e-03
 7.41074e+22	1.01e-16	2.20e-11	1.49e-07	6.09e-05	5.61e-03	7.97e-02	2.02e-01	2.25e-01	4.45e-01	4.21e-02	1.07e-03
 7.43294e+22	1.11e-16	2.49e-11	1.70e-07	6.91e-05	6.21e-03	8.54e-02	2.09e-01	2.28e-01	4.32e-01	3.92e-02	9.53e-04
 7.45766e+22	1.26e-16	2.94e-11	2.04e-07	8.15e-05	7.08e-03	9.33e-02	2.18e-01	2.31e-01	4.14e-01	3.56e-02	8.19e-04
 7.48129e+22	1.38e-16	3.31e-11	2.32e-07	9.13e-05	7.74e-03	9.90e-02	2.25e-01	2.32e-01	4.02e-01	3.33e-02	7.38e-04
 7.50352e+22	1.56e-16	3.87e-11	2.73e-07	1.06e-04	8.68e-03	1.07e-01	2.33e-01	2.34e-01	3.87e-01	3.04e-02	6.43e-04
 7.52606e+22	1.74e-16	4.40e-11	3.12e-07	1.19e-04	9.51e-03	1.13e-01	2.39e-01	2.35e-01	3.74e-01	2.83e-02	5.76e-04
 7.54902e+22	1.99e-16	5.19e-11	3.72e-07	1.39e-04	1.07e-02	1.22e-01	2.47e-01	2.36e-01	3.58e-01	2.57e-02	4.98e-04
 7.57212e+22	2.25e-16	5.96e-11	4.27e-07	1.57e-04	1.17e-02	1.30e-01	2.53e-01	2.36e-01	3.45e-01	2.39e-02	4.45e-04
 7.59541e+22	2.61e-16	7.10e-11	5.10e-07	1.83e-04	1.31e-02	1.40e-01	2.60e-01	2.36e-01	3.29e-01	2.16e-02	3.83e-04
 7.61899e+22	2.99e-16	8.22e-11	5.89e-07	2.07e-04	1.44e-02	1.48e-01	2.66e-01	2.36e-01	3.16e-01	2.00e-02	3.40e-04
 7.64297e+22	3.54e-16	9.93e-11	7.10e-07	2.42e-04	1.62e-02	1.59e-01	2.73e-01	2.35e-01	2.99e-01	1.80e-02	2.91e-04
 7.66732e+22	4.12e-16	1.16e-10	8.24e-07	2.75e-04	1.77e-02	1.68e-01	2.78e-01	2.33e-01	2.86e-01	1.65e-02	2.57e-04
 7.69216e+22	4.97e-16	1.42e-10	1.00e-06	3.23e-04	1.99e-02	1.80e-01	2.84e-01	2.31e-01	2.70e-01	1.47e-02	2.17e-04
 7.71745e+22	5.88e-16	1.68e-10	1.17e-06	3.67e-04	2.18e-02	1.90e-01	2.89e-01	2.29e-01	2.57e-01	1.35e-02	1.91e-04
 7.74333e+22	7.26e-16	2.09e-10	1.43e-06	4.34e-04	2.46e-02	2.04e-01	2.94e-01	2.25e-01	2.40e-01	1.19e-02	1.59e-04
 7.76971e+22	8.72e-16	2.49e-10	1.68e-06	4.94e-04	2.69e-02	2.15e-01	2.98e-01	2.22e-01	2.27e-01	1.08e-02	1.39e-04
 7.79675e+22	1.10e-15	3.15e-10	2.09e-06	5.87e-04	3.04e-02	2.30e-01	3.02e-01	2.17e-01	2.10e-01	9.45e-03	1.15e-04
 7.82392e+22	1.34e-15	3.78e-10	2.45e-06	6.68e-04	3.32e-02	2.42e-01	3.05e-01	2.12e-01	1.98e-01	8.53e-03	9.91e-05
 7.85127e+22	1.72e-15	4.80e-10	3.04e-06	7.91e-04	3.73e-02	2.57e-01	3.08e-01	2.07e-01	1.83e-01	7.43e-03	8.15e-05
 7.87901e+22	2.12e-15	5.81e-10	3.58e-06	9.00e-04	4.07e-02	2.70e-01	3.10e-01	2.01e-01	1.71e-01	6.66e-03	7.00e-05
 7.90316e+22	2.59e-15	7.00e-10	4.21e-06	1.02e-03	4.43e-02	2.82e-01	3.10e-01	1.96e-01	1.60e-01	5.97e-03	6.01e-05
 7.93043e+22	3.38e-15	8.92e-10	5.19e-06	1.20e-03	4.93e-02	2.98e-01	3.11e-01	1.89e-01	1.47e-01	5.17e-03	4.91e-05
 7.95796e+22	4.18e-15	1.08e-09	6.10e-06	1.36e-03	5.35e-02	3.10e-01	3.11e-01	1.83e-01	1.37e-01	4.61e-03	4.21e-05
 7.98079e+22	5.05e-15	1.28e-09	7.03e-06	1.51e-03	5.74e-02	3.21e-01	3.10e-01	1.78e-01	1.28e-01	4.16e-03	3.65e-05
 8.00546e+22	6.46e-15	1.58e-09	8.43e-06	1.74e-03	6.28e-02	3.35e-01	3.08e-01	1.71e-01	1.18e-01	3.64e-03	3.04e-05
 8.03033e+22	7.87e-15	1.88e-09	9.72e-06	1.93e-03	6.73e-02	3.45e-01	3.07e-01	1.65e-01	1.10e-01	3.27e-03	2.63e-05
 8.05545e+22	1.02e-14	2.35e-09	1.17e-05	2.22e-03	7.34e-02	3.59e-01	3.04e-01	1.58e-01	1.01e-01	2.84e-03	2.17e-05
 8.08075e+22	1.24e-14	2.79e-09	1.35e-05	2.46e-03	7.85e-02	3.70e-01	3.01e-01	1.52e-01	9.36e-02	2.54e-03	1.87e-05
 8.10628e+22	1.61e-14	3.49e-09	1.62e-05	2.82e-03	8.54e-02	3.83e-01	2.97e-01	1.45e-01	8.51e-02	2.20e-03	1.54e-05
 8.13242e+22	2.00e-14	4.18e-09	1.87e-05	3.14e-03	9.13e-02	3.94e-01	2.93e-01	1.38e-01	7.86e-02	1.95e-03	1.31e-05
 8.15934e+22	2.64e-14	5.29e-09	2.26e-05	3.60e-03	9.93e-02	4.07e-01	2.87e-01	1.31e-01	7.07e-02	1.66e-03	1.06e-05
 8.18666e+22	3.29e-14	6.36e-09	2.62e-05	4.01e-03	1.06e-01	4.17e-01	2.82e-01	1.24e-01	6.50e-02	1.46e-03	8.92e-06
 8.21452e+22	4.39e-14	8.09e-09	3.18e-05	4.60e-03	1.15e-01	4.29e-01	2.76e-01	1.17e-01	5.81e-02	1.24e-03	7.14e-06
 8.24280e+22	5.50e-14	9.76e-09	3.69e-05	5.11e-03	1.23e-01	4.38e-01	2.70e-01	1.10e-01	5.30e-02	1.08e-03	5.99e-06
 8.27164e+22	7.39e-14	1.25e-08	4.47e-05	5.86e-03	1.33e-01	4.49e-01	2.62e-01	1.03e-01	4.70e-02	9.06e-04	4.74e-06
 8.30073e+22	9.30e-14	1.51e-08	5.18e-05	6.51e-03	1.41e-01	4.57e-01	2.55e-01	9.69e-02	4.27e-02	7.88e-04	3.95e-06
 8.33015e+22	1.25e-13	1.92e-08	6.27e-05	7.43e-03	1.52e-01	4.66e-01	2.46e-01	8.96e-02	3.77e-02	6.57e-04	3.11e-06
 8.36002e+22	1.58e-13	2.33e-08	7.28e-05	8.25e-03	1.61e-01	4.73e-01	2.39e-01	8.40e-02	3.40e-02	5.66e-04	2.56e-06
 8.39049e+22	2.15e-13	2.99e-08	8.84e-05	9.42e-03	1.74e-01	4.81e-01	2.29e-01	7.71e-02	2.97e-02	4.66e-04	1.99e-06
 8.42123e+22	2.73e-13	3.62e-08	1.02e-04	1.04e-02	1.84e-01	4.86e-01	2.21e-01	7.19e-02	2.67e-02	4.00e-04	1.63e-06
 8.45232e+22	3.70e-13	4.64e-08	1.24e-04	1.19e-02	1.97e-01	4.91e-01	2.11e-01	6.56e-02	2.32e-02	3.28e-04	1.26e-06
 8.48406e+22	4.75e-13	5.68e-08	1.44e-04	1.32e-02	2.08e-01	4.95e-01	2.03e-01	6.07e-02	2.06e-02	2.78e-04	1.02e-06
 8.51668e+22	6.45e-13	7.26e-08	1.74e-04	1.49e-02	2.22e-01	4.98e-01	1.92e-01	5.51e-02	1.78e-02	2.26e-04	7.80e-07
 8.55010e+22	8.47e-13	9.03e-08	2.05e-04	1.67e-02	2.35e-01	4.99e-01	1.83e-01	5.04e-02	1.56e-02	1.88e-04	6.14e-07
 8.57947e+22	1.08e-12	1.09e-07	2.38e-04	1.84e-02	2.46e-01	5.00e-01	1.75e-01	4.64e-02	1.39e-02	1.59e-04	4.95e-07
 8.61255e+22	1.46e-12	1.39e-07	2.85e-04	2.07e-02	2.61e-01	4.99e-01	1.64e-01	4.18e-02	1.19e-02	1.28e-04	3.77e-07
 8.64741e+22	1.92e-12	1.74e-07	3.36e-04	2.31e-02	2.75e-01	4.98e-01	1.55e-01	3.79e-02	1.03e-02	1.05e-04	2.92e-07
 8.67567e+22	2.39e-12	2.06e-07	3.82e-04	2.51e-02	2.86e-01	4.96e-01	1.48e-01	3.50e-02	9.23e-03	9.00e-05	2.39e-07
 8.70348e+22	3.05e-12	2.51e-07	4.42e-04	2.75e-02	2.99e-01	4.93e-01	1.40e-01	3.19e-02	8.10e-03	7.53e-05	1.91e-07
 8.73317e+22	3.82e-12	2.99e-07	5.04e-04	2.99e-02	3.11e-01	4.89e-01	1.33e-01	2.93e-02	7.18e-03	6.37e-05	1.54e-07
 8.76098e+22	4.78e-12	3.57e-07	5.75e-04	3.25e-02	3.22e-01	4.85e-01	1.26e-01	2.69e-02	6.36e-03	5.38e-05	1.24e-07
 8.79279e+22	6.31e-12	4.45e-07	6.76e-04	3.61e-02	3.37e-01	4.79e-01	1.18e-01	2.40e-02	5.44e-03	4.35e-05	0.00e+00
 8.82537e+22	8.06e-12	5.39e-07	7.78e-04	3.94e-02	3.50e-01	4.73e-01	1.10e-01	2.18e-02	4.75e-03	3.61e-05	0.00e+00
 8.85343e+22	1.00e-11	6.41e-07	8.83e-04	4.26e-02	3.61e-01	4.67e-01	1.04e-01	1.99e-02	4.19e-03	3.04e-05	0.00e+00
 8.88440e+22	1.32e-11	7.93e-07	1.03e-03	4.69e-02	3.76e-01	4.58e-01	9.66e-02	1.78e-02	3.58e-03	2.45e-05	0.00e+00
 8.91627e+22	1.64e-11	9.44e-07	1.17e-03	5.07e-02	3.87e-01	4.51e-01	9.07e-02	1.61e-02	3.14e-03	2.05e-05	0.00e+00
 8.94932e+22	2.18e-11	1.18e-06	1.37e-03	5.59e-02	4.02e-01	4.41e-01	8.36e-02	1.43e-02	2.65e-03	1.63e-05	0.00e+00
 8.98295e+22	2.78e-11	1.42e-06	1.58e-03	6.07e-02	4.14e-01	4.31e-01	7.76e-02	1.28e-02	2.29e-03	1.34e-05	0.00e+00
 9.01232e+22	3.46e-11	1.68e-06	1.78e-03	6.54e-02	4.25e-01	4.22e-01	7.26e-02	1.16e-02	2.00e-03	1.12e-05	0.00e+00
 9.04548e+22	4.56e-11	2.09e-06	2.08e-03	7.16e-02	4.38e-01	4.10e-01	6.64e-02	1.02e-02	1.69e-03	8.85e-06	0.00e+00
 9.08006e+22	5.82e-11	2.52e-06	2.38e-03	7.76e-02	4.50e-01	3.99e-01	6.13e-02	9.09e-03	1.44e-03	7.18e-06	0.00e+00
 9.11148e+22	7.37e-11	3.03e-06	2.71e-03	8.37e-02	4.60e-01	3.87e-01	5.66e-02	8.12e-03	1.24e-03	5.86e-06	0.00e+00
 9.14731e+22	9.95e-11	3.81e-06	3.20e-03	9.21e-02	4.73e-01	3.73e-01	5.10e-02	7.02e-03	1.02e-03	4.51e-06	0.00e+00
 9.18353e+22	1.27e-10	4.60e-06	3.65e-03	9.93e-02	4.83e-01	3.60e-01	4.67e-02	6.22e-03	8.70e-04	3.64e-06	0.00e+00
 9.22025e+22	1.70e-10	5.77e-06	4.28e-03	1.09e-01	4.94e-01	3.45e-01	4.19e-02	5.36e-03	7.13e-04	2.79e-06	0.00e+00
 9.24902e+22	1.96e-10	6.41e-06	4.61e-03	1.13e-01	4.99e-01	3.37e-01	3.98e-02	5.00e-03	6.50e-04	2.46e-06	0.00e+00
