#depth	O	O+	O+2	O+3	O+4	O+5	O+6	O+7	O+8	O[1]	O[2]	O[3]
 4.62852e+21	0.00e+00	0.00e+00	0.00e+00	1.89e-26	1.46e-20	4.76e-15	4.76e-09	1.48e-04	1.00e+00	0.00e+00	0.00e+00	0.00e+00
 1.05220e+22	0.00e+00	0.00e+00	5.17e-32	1.16e-25	6.20e-20	1.42e-14	9.81e-09	2.12e-04	1.00e+00	0.00e+00	0.00e+00	0.00e+00
 1.26225e+22	0.00e+00	0.00e+00	2.14e-31	3.78e-25	1.60e-19	2.89e-14	1.58e-08	2.69e-04	1.00e+00	0.00e+00	0.00e+00	0.00e+00
 1.41264e+22	0.00e+00	0.00e+00	6.62e-31	9.73e-25	3.42e-19	5.11e-14	2.30e-08	3.25e-04	1.00e+00	0.00e+00	0.00e+00	0.00e+00
 1.50004e+22	0.00e+00	0.00e+00	9.32e-31	1.29e-24	4.30e-19	6.07e-14	2.58e-08	3.44e-04	1.00e+00	0.00e+00	0.00e+00	0.00e+00
 1.54734e+22	0.00e+00	0.00e+00	1.43e-30	1.84e-24	5.77e-19	7.58e-14	2.99e-08	3.70e-04	1.00e+00	0.00e+00	0.00e+00	0.00e+00
 1.59848e+22	0.00e+00	0.00e+00	2.16e-30	2.60e-24	7.60e-19	9.33e-14	3.43e-08	3.97e-04	1.00e+00	0.00e+00	0.00e+00	0.00e+00
 1.64696e+22	0.00e+00	0.00e+00	3.24e-30	3.65e-24	9.98e-19	1.15e-13	3.93e-08	4.24e-04	1.00e+00	0.00e+00	0.00e+00	0.00e+00
 1.70234e+22	0.00e+00	0.00e+00	5.57e-30	5.74e-24	1.44e-18	1.51e-13	4.72e-08	4.65e-04	1.00e+00	0.00e+00	0.00e+00	0.00e+00
 1.75634e+22	0.00e+00	0.00e+00	8.00e-30	7.77e-24	1.83e-18	1.81e-13	5.32e-08	4.93e-04	1.00e+00	0.00e+00	0.00e+00	0.00e+00
 1.80856e+22	0.00e+00	0.00e+00	1.30e-29	1.16e-23	2.53e-18	2.31e-13	6.27e-08	5.35e-04	9.99e-01	0.00e+00	0.00e+00	0.00e+00
 1.86272e+22	0.00e+00	0.00e+00	1.99e-29	1.66e-23	3.37e-18	2.87e-13	7.23e-08	5.75e-04	9.99e-01	0.00e+00	0.00e+00	0.00e+00
 1.91068e+22	0.00e+00	0.00e+00	2.94e-29	2.31e-23	4.39e-18	3.50e-13	8.24e-08	6.13e-04	9.99e-01	0.00e+00	0.00e+00	0.00e+00
 1.96434e+22	0.00e+00	0.00e+00	4.97e-29	3.57e-23	6.23e-18	4.56e-13	9.83e-08	6.69e-04	9.99e-01	0.00e+00	0.00e+00	0.00e+00
 2.01268e+22	0.00e+00	0.00e+00	6.70e-29	4.59e-23	7.62e-18	5.31e-13	1.09e-07	7.04e-04	9.99e-01	0.00e+00	0.00e+00	0.00e+00
 2.05413e+22	0.00e+00	0.00e+00	9.66e-29	6.22e-23	9.74e-18	6.39e-13	1.23e-07	7.48e-04	9.99e-01	0.00e+00	0.00e+00	0.00e+00
 2.09894e+22	0.00e+00	0.00e+00	1.38e-28	8.41e-23	1.24e-17	7.67e-13	1.39e-07	7.94e-04	9.99e-01	0.00e+00	0.00e+00	0.00e+00
 2.13975e+22	0.00e+00	0.00e+00	1.93e-28	1.11e-22	1.55e-17	9.09e-13	1.55e-07	8.39e-04	9.99e-01	0.00e+00	0.00e+00	0.00e+00
 2.18442e+22	0.00e+00	0.00e+00	2.95e-28	1.58e-22	2.06e-17	1.13e-12	1.79e-07	9.01e-04	9.99e-01	0.00e+00	0.00e+00	0.00e+00
 2.22926e+22	0.00e+00	0.00e+00	4.08e-28	2.08e-22	2.57e-17	1.33e-12	1.99e-07	9.51e-04	9.99e-01	0.00e+00	0.00e+00	0.00e+00
 2.27431e+22	0.00e+00	0.00e+00	6.16e-28	2.93e-22	3.39e-17	1.64e-12	2.29e-07	1.02e-03	9.99e-01	0.00e+00	0.00e+00	0.00e+00
 2.31995e+22	0.00e+00	0.00e+00	8.66e-28	3.90e-22	4.26e-17	1.95e-12	2.56e-07	1.08e-03	9.99e-01	0.00e+00	0.00e+00	0.00e+00
 2.36000e+22	0.00e+00	0.00e+00	1.20e-27	5.12e-22	5.31e-17	2.31e-12	2.86e-07	1.14e-03	9.99e-01	0.00e+00	0.00e+00	0.00e+00
 2.40573e+22	0.00e+00	2.90e-34	1.86e-27	7.40e-22	7.14e-17	2.89e-12	3.32e-07	1.23e-03	9.99e-01	0.00e+00	0.00e+00	0.00e+00
 2.44708e+22	0.00e+00	3.97e-34	2.44e-27	9.27e-22	8.56e-17	3.31e-12	3.63e-07	1.28e-03	9.99e-01	0.00e+00	0.00e+00	0.00e+00
 2.48274e+22	0.00e+00	5.70e-34	3.34e-27	1.20e-21	1.06e-16	3.89e-12	4.04e-07	1.35e-03	9.99e-01	0.00e+00	0.00e+00	0.00e+00
 2.52112e+22	0.00e+00	8.14e-34	4.53e-27	1.56e-21	1.30e-16	4.54e-12	4.48e-07	1.42e-03	9.99e-01	0.00e+00	0.00e+00	0.00e+00
 2.55632e+22	0.00e+00	1.13e-33	6.00e-27	1.97e-21	1.57e-16	5.24e-12	4.92e-07	1.49e-03	9.99e-01	0.00e+00	0.00e+00	0.00e+00
 2.59022e+22	0.00e+00	1.57e-33	7.96e-27	2.49e-21	1.90e-16	6.06e-12	5.41e-07	1.56e-03	9.98e-01	0.00e+00	0.00e+00	0.00e+00
 2.62914e+22	0.00e+00	2.36e-33	1.13e-26	3.34e-21	2.41e-16	7.25e-12	6.09e-07	1.66e-03	9.98e-01	0.00e+00	0.00e+00	0.00e+00
 2.66868e+22	0.00e+00	3.32e-33	1.52e-26	4.28e-21	2.94e-16	8.43e-12	6.73e-07	1.74e-03	9.98e-01	0.00e+00	0.00e+00	0.00e+00
 2.70328e+22	0.00e+00	4.63e-33	2.02e-26	5.44e-21	3.56e-16	9.76e-12	7.40e-07	1.82e-03	9.98e-01	0.00e+00	0.00e+00	0.00e+00
 2.73714e+22	0.00e+00	6.40e-33	2.67e-26	6.87e-21	4.30e-16	1.13e-11	8.13e-07	1.91e-03	9.98e-01	0.00e+00	0.00e+00	0.00e+00
 2.77577e+22	0.00e+00	9.38e-33	3.71e-26	9.05e-21	5.37e-16	1.33e-11	9.09e-07	2.02e-03	9.98e-01	0.00e+00	0.00e+00	0.00e+00
 2.81320e+22	0.00e+00	1.30e-32	4.92e-26	1.15e-20	6.50e-16	1.54e-11	1.00e-06	2.12e-03	9.98e-01	0.00e+00	0.00e+00	0.00e+00
 2.84207e+22	0.00e+00	1.71e-32	6.22e-26	1.39e-20	7.61e-16	1.74e-11	1.08e-06	2.20e-03	9.98e-01	0.00e+00	0.00e+00	0.00e+00
 2.87260e+22	0.00e+00	2.32e-32	8.09e-26	1.74e-20	9.10e-16	1.99e-11	1.18e-06	2.30e-03	9.98e-01	0.00e+00	0.00e+00	0.00e+00
 2.90618e+22	0.00e+00	3.16e-32	1.05e-25	2.17e-20	1.09e-15	2.28e-11	1.29e-06	2.40e-03	9.98e-01	0.00e+00	0.00e+00	0.00e+00
 2.93734e+22	0.00e+00	4.23e-32	1.35e-25	2.68e-20	1.29e-15	2.59e-11	1.41e-06	2.51e-03	9.97e-01	0.00e+00	0.00e+00	0.00e+00
 2.96660e+22	0.00e+00	5.56e-32	1.71e-25	3.27e-20	1.51e-15	2.93e-11	1.52e-06	2.61e-03	9.97e-01	0.00e+00	0.00e+00	0.00e+00
 2.99973e+22	0.00e+00	7.73e-32	2.28e-25	4.14e-20	1.83e-15	3.39e-11	1.68e-06	2.74e-03	9.97e-01	0.00e+00	0.00e+00	0.00e+00
 3.03466e+22	0.00e+00	1.07e-31	3.00e-25	5.22e-20	2.21e-15	3.90e-11	1.84e-06	2.87e-03	9.97e-01	0.00e+00	0.00e+00	0.00e+00
 3.06478e+22	0.00e+00	1.41e-31	3.82e-25	6.39e-20	2.60e-15	4.41e-11	2.00e-06	2.98e-03	9.97e-01	0.00e+00	0.00e+00	0.00e+00
 3.09087e+22	0.00e+00	1.81e-31	4.72e-25	7.63e-20	3.00e-15	4.92e-11	2.15e-06	3.09e-03	9.97e-01	0.00e+00	0.00e+00	0.00e+00
 3.11889e+22	0.00e+00	2.38e-31	5.98e-25	9.31e-20	3.52e-15	5.56e-11	2.33e-06	3.22e-03	9.97e-01	0.00e+00	0.00e+00	0.00e+00
 3.14915e+22	0.00e+00	3.13e-31	7.58e-25	1.14e-19	4.13e-15	6.28e-11	2.52e-06	3.35e-03	9.97e-01	0.00e+00	0.00e+00	0.00e+00
 3.17677e+22	0.00e+00	4.05e-31	9.45e-25	1.37e-19	4.80e-15	7.03e-11	2.71e-06	3.47e-03	9.97e-01	0.00e+00	0.00e+00	0.00e+00
 3.20710e+22	0.00e+00	5.51e-31	1.23e-24	1.71e-19	5.74e-15	8.06e-11	2.97e-06	3.63e-03	9.96e-01	0.00e+00	0.00e+00	0.00e+00
 3.23847e+22	0.00e+00	7.35e-31	1.58e-24	2.10e-19	6.79e-15	9.16e-11	3.23e-06	3.78e-03	9.96e-01	0.00e+00	0.00e+00	0.00e+00
 3.26488e+22	0.00e+00	9.39e-31	1.95e-24	2.50e-19	7.82e-15	1.02e-10	3.47e-06	3.92e-03	9.96e-01	0.00e+00	0.00e+00	0.00e+00
 3.29291e+22	0.00e+00	1.24e-30	2.48e-24	3.06e-19	9.22e-15	1.16e-10	3.76e-06	4.08e-03	9.96e-01	0.00e+00	0.00e+00	0.00e+00
 3.32306e+22	0.00e+00	1.64e-30	3.15e-24	3.74e-19	1.08e-14	1.31e-10	4.08e-06	4.24e-03	9.96e-01	0.00e+00	0.00e+00	0.00e+00
 3.35054e+22	0.00e+00	2.12e-30	3.92e-24	4.50e-19	1.26e-14	1.46e-10	4.39e-06	4.40e-03	9.96e-01	0.00e+00	0.00e+00	0.00e+00
 3.37527e+22	0.00e+00	2.67e-30	4.78e-24	5.31e-19	1.43e-14	1.62e-10	4.69e-06	4.55e-03	9.95e-01	0.00e+00	0.00e+00	0.00e+00
 3.39820e+22	0.00e+00	3.29e-30	5.73e-24	6.19e-19	1.62e-14	1.78e-10	4.99e-06	4.69e-03	9.95e-01	0.00e+00	0.00e+00	0.00e+00
 3.42435e+22	0.00e+00	4.32e-30	7.23e-24	7.51e-19	1.90e-14	2.00e-10	5.40e-06	4.88e-03	9.95e-01	0.00e+00	0.00e+00	0.00e+00
 3.45170e+22	0.00e+00	5.48e-30	8.89e-24	8.93e-19	2.18e-14	2.23e-10	5.79e-06	5.05e-03	9.95e-01	0.00e+00	0.00e+00	0.00e+00
 3.47659e+22	0.00e+00	7.00e-30	1.09e-23	1.06e-18	2.51e-14	2.48e-10	6.21e-06	5.23e-03	9.95e-01	0.00e+00	0.00e+00	0.00e+00
 3.50102e+22	0.00e+00	8.78e-30	1.33e-23	1.25e-18	2.87e-14	2.74e-10	6.64e-06	5.40e-03	9.95e-01	0.00e+00	0.00e+00	0.00e+00
 3.52516e+22	0.00e+00	1.11e-29	1.62e-23	1.48e-18	3.28e-14	3.03e-10	7.10e-06	5.58e-03	9.94e-01	0.00e+00	0.00e+00	0.00e+00
 3.54913e+22	0.00e+00	1.38e-29	1.97e-23	1.74e-18	3.74e-14	3.35e-10	7.58e-06	5.77e-03	9.94e-01	0.00e+00	0.00e+00	0.00e+00
 3.57655e+22	0.00e+00	1.82e-29	2.49e-23	2.12e-18	4.39e-14	3.78e-10	8.22e-06	6.00e-03	9.94e-01	0.00e+00	0.00e+00	0.00e+00
 3.60494e+22	0.00e+00	2.38e-29	3.13e-23	2.56e-18	5.12e-14	4.25e-10	8.87e-06	6.23e-03	9.94e-01	0.00e+00	0.00e+00	0.00e+00
 3.62913e+22	0.00e+00	2.97e-29	3.80e-23	3.01e-18	5.83e-14	4.69e-10	9.47e-06	6.44e-03	9.94e-01	0.00e+00	0.00e+00	0.00e+00
 3.65513e+22	0.00e+00	3.87e-29	4.77e-23	3.65e-18	6.80e-14	5.27e-10	1.02e-05	6.69e-03	9.93e-01	0.00e+00	0.00e+00	0.00e+00
 3.68175e+22	0.00e+00	4.92e-29	5.85e-23	4.33e-18	7.80e-14	5.85e-10	1.10e-05	6.92e-03	9.93e-01	0.00e+00	0.00e+00	0.00e+00
 3.70464e+22	0.00e+00	6.10e-29	7.04e-23	5.05e-18	8.84e-14	6.43e-10	1.17e-05	7.14e-03	9.93e-01	0.00e+00	0.00e+00	0.00e+00
 3.72988e+22	0.00e+00	7.87e-29	8.76e-23	6.07e-18	1.03e-13	7.20e-10	1.26e-05	7.41e-03	9.93e-01	0.00e+00	0.00e+00	0.00e+00
 3.75682e+22	0.00e+00	1.01e-28	1.08e-22	7.25e-18	1.18e-13	8.02e-10	1.35e-05	7.68e-03	9.92e-01	0.00e+00	0.00e+00	0.00e+00
 3.78132e+22	0.00e+00	1.27e-28	1.32e-22	8.57e-18	1.35e-13	8.88e-10	1.45e-05	7.94e-03	9.92e-01	0.00e+00	0.00e+00	0.00e+00
 3.80852e+22	0.00e+00	1.68e-28	1.68e-22	1.05e-17	1.59e-13	1.00e-09	1.57e-05	8.26e-03	9.92e-01	0.00e+00	0.00e+00	0.00e+00
 3.83571e+22	0.00e+00	2.15e-28	2.07e-22	1.25e-17	1.83e-13	1.12e-09	1.68e-05	8.56e-03	9.91e-01	0.00e+00	0.00e+00	0.00e+00
 3.85802e+22	0.00e+00	2.65e-28	2.49e-22	1.45e-17	2.07e-13	1.22e-09	1.79e-05	8.83e-03	9.91e-01	0.00e+00	0.00e+00	0.00e+00
 3.88218e+22	0.00e+00	3.40e-28	3.07e-22	1.73e-17	2.39e-13	1.36e-09	1.92e-05	9.15e-03	9.91e-01	0.00e+00	0.00e+00	0.00e+00
 3.90836e+22	0.00e+00	4.36e-28	3.80e-22	2.07e-17	2.75e-13	1.52e-09	2.07e-05	9.48e-03	9.90e-01	0.00e+00	0.00e+00	0.00e+00
 3.93251e+22	2.15e-35	5.46e-28	4.61e-22	2.43e-17	3.14e-13	1.68e-09	2.21e-05	9.79e-03	9.90e-01	0.00e+00	0.00e+00	0.00e+00
 3.95926e+22	2.96e-35	7.21e-28	5.85e-22	2.97e-17	3.68e-13	1.89e-09	2.39e-05	1.02e-02	9.90e-01	0.00e+00	0.00e+00	0.00e+00
 3.98730e+22	4.03e-35	9.44e-28	7.37e-22	3.60e-17	4.29e-13	2.12e-09	2.59e-05	1.06e-02	9.89e-01	0.00e+00	0.00e+00	0.00e+00
 4.01073e+22	5.18e-35	1.18e-27	8.89e-22	4.21e-17	4.86e-13	2.33e-09	2.76e-05	1.09e-02	9.89e-01	0.00e+00	0.00e+00	0.00e+00
 4.03492e+22	6.97e-35	1.52e-27	1.11e-21	5.06e-17	5.64e-13	2.60e-09	2.97e-05	1.14e-02	9.89e-01	0.00e+00	0.00e+00	0.00e+00
 4.06060e+22	9.15e-35	1.93e-27	1.36e-21	5.99e-17	6.45e-13	2.88e-09	3.18e-05	1.17e-02	9.88e-01	0.00e+00	0.00e+00	0.00e+00
 4.08447e+22	1.20e-34	2.44e-27	1.66e-21	7.08e-17	7.37e-13	3.18e-09	3.40e-05	1.22e-02	9.88e-01	0.00e+00	0.00e+00	0.00e+00
 4.11176e+22	1.70e-34	3.31e-27	2.15e-21	8.77e-17	8.75e-13	3.62e-09	3.71e-05	1.27e-02	9.87e-01	0.00e+00	0.00e+00	0.00e+00
 4.13913e+22	2.25e-34	4.22e-27	2.65e-21	1.04e-16	1.01e-12	4.01e-09	3.98e-05	1.32e-02	9.87e-01	0.00e+00	0.00e+00	0.00e+00
 4.16187e+22	2.93e-34	5.32e-27	3.22e-21	1.23e-16	1.14e-12	4.41e-09	4.25e-05	1.36e-02	9.86e-01	0.00e+00	0.00e+00	0.00e+00
 4.18334e+22	3.72e-34	6.55e-27	3.85e-21	1.42e-16	1.29e-12	4.82e-09	4.52e-05	1.40e-02	9.86e-01	0.00e+00	0.00e+00	0.00e+00
 4.20793e+22	5.06e-34	8.57e-27	4.84e-21	1.72e-16	1.50e-12	5.39e-09	4.87e-05	1.46e-02	9.85e-01	0.00e+00	0.00e+00	0.00e+00
 4.23387e+22	6.80e-34	1.11e-26	6.01e-21	2.06e-16	1.72e-12	5.98e-09	5.24e-05	1.51e-02	9.85e-01	0.00e+00	0.00e+00	0.00e+00
 4.25709e+22	8.98e-34	1.41e-26	7.39e-21	2.44e-16	1.97e-12	6.60e-09	5.61e-05	1.56e-02	9.84e-01	0.00e+00	0.00e+00	0.00e+00
 4.28281e+22	1.26e-33	1.90e-26	9.51e-21	3.01e-16	2.33e-12	7.46e-09	6.11e-05	1.63e-02	9.84e-01	0.00e+00	0.00e+00	0.00e+00
 4.30815e+22	1.68e-33	2.42e-26	1.17e-20	3.57e-16	2.66e-12	8.23e-09	6.54e-05	1.69e-02	9.83e-01	0.00e+00	0.00e+00	0.00e+00
 4.32901e+22	2.12e-33	2.97e-26	1.39e-20	4.13e-16	2.99e-12	8.96e-09	6.94e-05	1.74e-02	9.83e-01	0.00e+00	0.00e+00	0.00e+00
 4.35213e+22	2.92e-33	3.92e-26	1.76e-20	5.01e-16	3.47e-12	1.00e-08	7.49e-05	1.81e-02	9.82e-01	0.00e+00	0.00e+00	0.00e+00
 4.37621e+22	3.88e-33	5.01e-26	2.17e-20	5.93e-16	3.97e-12	1.10e-08	8.02e-05	1.87e-02	9.81e-01	0.00e+00	0.00e+00	0.00e+00
 4.39801e+22	5.09e-33	6.33e-26	2.64e-20	6.99e-16	4.52e-12	1.21e-08	8.57e-05	1.94e-02	9.81e-01	0.00e+00	0.00e+00	0.00e+00
 4.42282e+22	7.14e-33	8.50e-26	3.39e-20	8.58e-16	5.30e-12	1.36e-08	9.30e-05	2.02e-02	9.80e-01	0.00e+00	0.00e+00	0.00e+00
 4.44740e+22	9.57e-33	1.09e-25	4.20e-20	1.02e-15	6.08e-12	1.50e-08	9.98e-05	2.09e-02	9.79e-01	0.00e+00	0.00e+00	0.00e+00
 4.46749e+22	1.23e-32	1.36e-25	5.05e-20	1.19e-15	6.85e-12	1.63e-08	1.06e-04	2.16e-02	9.78e-01	0.00e+00	0.00e+00	0.00e+00
 4.48942e+22	1.69e-32	1.79e-25	6.36e-20	1.44e-15	7.94e-12	1.82e-08	1.14e-04	2.25e-02	9.77e-01	0.00e+00	0.00e+00	0.00e+00
 4.51236e+22	2.25e-32	2.29e-25	7.84e-20	1.71e-15	9.07e-12	2.00e-08	1.22e-04	2.33e-02	9.77e-01	0.00e+00	0.00e+00	0.00e+00
 4.53307e+22	2.95e-32	2.90e-25	9.55e-20	2.01e-15	1.03e-11	2.19e-08	1.30e-04	2.40e-02	9.76e-01	0.00e+00	0.00e+00	0.00e+00
 4.55645e+22	4.17e-32	3.91e-25	1.23e-19	2.47e-15	1.21e-11	2.45e-08	1.42e-04	2.51e-02	9.75e-01	0.00e+00	0.00e+00	0.00e+00
 4.57963e+22	5.58e-32	5.02e-25	1.52e-19	2.94e-15	1.38e-11	2.70e-08	1.52e-04	2.59e-02	9.74e-01	0.00e+00	0.00e+00	0.00e+00
 4.59904e+22	7.24e-32	6.28e-25	1.84e-19	3.43e-15	1.56e-11	2.94e-08	1.61e-04	2.68e-02	9.73e-01	0.00e+00	0.00e+00	0.00e+00
 4.62078e+22	1.00e-31	8.32e-25	2.32e-19	4.16e-15	1.81e-11	3.27e-08	1.74e-04	2.78e-02	9.72e-01	0.00e+00	0.00e+00	0.00e+00
 4.64335e+22	1.34e-31	1.07e-24	2.87e-19	4.95e-15	2.07e-11	3.60e-08	1.86e-04	2.88e-02	9.71e-01	0.00e+00	0.00e+00	0.00e+00
 4.66351e+22	1.78e-31	1.37e-24	3.53e-19	5.86e-15	2.36e-11	3.96e-08	1.99e-04	2.98e-02	9.70e-01	0.00e+00	0.00e+00	0.00e+00
 4.68318e+22	2.35e-31	1.74e-24	4.33e-19	6.92e-15	2.69e-11	4.34e-08	2.13e-04	3.08e-02	9.69e-01	0.00e+00	0.00e+00	0.00e+00
 4.70241e+22	3.09e-31	2.19e-24	5.27e-19	8.13e-15	3.05e-11	4.74e-08	2.27e-04	3.18e-02	9.68e-01	0.00e+00	0.00e+00	0.00e+00
 4.72412e+22	4.38e-31	2.97e-24	6.79e-19	1.00e-14	3.58e-11	5.31e-08	2.46e-04	3.32e-02	9.67e-01	0.00e+00	0.00e+00	0.00e+00
 4.74601e+22	5.79e-31	3.78e-24	8.32e-19	1.18e-14	4.08e-11	5.82e-08	2.62e-04	3.43e-02	9.65e-01	0.00e+00	0.00e+00	0.00e+00
 4.76816e+22	8.36e-31	5.19e-24	1.09e-18	1.47e-14	4.83e-11	6.56e-08	2.85e-04	3.58e-02	9.64e-01	0.00e+00	0.00e+00	0.00e+00
 4.79000e+22	1.09e-30	6.54e-24	1.32e-18	1.73e-14	5.47e-11	7.18e-08	3.04e-04	3.69e-02	9.63e-01	0.00e+00	0.00e+00	0.00e+00
 4.81143e+22	1.56e-30	8.86e-24	1.71e-18	2.13e-14	6.44e-11	8.05e-08	3.30e-04	3.85e-02	9.61e-01	0.00e+00	0.00e+00	0.00e+00
 4.83331e+22	2.11e-30	1.15e-23	2.13e-18	2.56e-14	7.41e-11	8.89e-08	3.54e-04	3.98e-02	9.60e-01	0.00e+00	0.00e+00	0.00e+00
 4.85246e+22	2.80e-30	1.47e-23	2.62e-18	3.03e-14	8.45e-11	9.76e-08	3.78e-04	4.12e-02	9.58e-01	0.00e+00	0.00e+00	0.00e+00
 4.87402e+22	4.01e-30	2.00e-23	3.40e-18	3.75e-14	9.97e-11	1.10e-07	4.10e-04	4.29e-02	9.57e-01	0.00e+00	0.00e+00	0.00e+00
 4.89592e+22	5.42e-30	2.60e-23	4.23e-18	4.49e-14	1.15e-10	1.21e-07	4.39e-04	4.44e-02	9.55e-01	0.00e+00	0.00e+00	0.00e+00
 4.91523e+22	7.32e-30	3.37e-23	5.27e-18	5.38e-14	1.32e-10	1.34e-07	4.70e-04	4.60e-02	9.54e-01	0.00e+00	0.00e+00	0.00e+00
 4.93730e+22	1.06e-29	4.63e-23	6.89e-18	6.70e-14	1.56e-10	1.51e-07	5.12e-04	4.79e-02	9.52e-01	0.00e+00	0.00e+00	0.00e+00
 4.96018e+22	1.48e-29	6.20e-23	8.81e-18	8.20e-14	1.83e-10	1.69e-07	5.53e-04	4.98e-02	9.50e-01	0.00e+00	0.00e+00	0.00e+00
 4.98046e+22	2.01e-29	8.05e-23	1.10e-17	9.83e-14	2.11e-10	1.87e-07	5.92e-04	5.15e-02	9.48e-01	0.00e+00	0.00e+00	0.00e+00
 4.99956e+22	2.69e-29	1.04e-22	1.36e-17	1.17e-13	2.41e-10	2.05e-07	6.33e-04	5.32e-02	9.46e-01	0.00e+00	0.00e+00	0.00e+00
 5.01786e+22	3.59e-29	1.33e-22	1.68e-17	1.39e-13	2.76e-10	2.26e-07	6.76e-04	5.50e-02	9.44e-01	0.00e+00	0.00e+00	0.00e+00
 5.03877e+22	5.29e-29	1.86e-22	2.23e-17	1.76e-13	3.30e-10	2.57e-07	7.37e-04	5.74e-02	9.42e-01	0.00e+00	0.00e+00	0.00e+00
 5.05948e+22	7.05e-29	2.38e-22	2.75e-17	2.09e-13	3.78e-10	2.82e-07	7.86e-04	5.92e-02	9.40e-01	0.00e+00	0.00e+00	0.00e+00
 5.07617e+22	9.23e-29	3.01e-22	3.35e-17	2.45e-13	4.28e-10	3.08e-07	8.35e-04	6.10e-02	9.38e-01	0.00e+00	0.00e+00	0.00e+00
 5.09153e+22	1.20e-28	3.77e-22	4.05e-17	2.87e-13	4.83e-10	3.36e-07	8.85e-04	6.27e-02	9.36e-01	0.00e+00	0.00e+00	0.00e+00
 5.10896e+22	1.67e-28	5.02e-22	5.16e-17	3.50e-13	5.63e-10	3.74e-07	9.52e-04	6.50e-02	9.34e-01	0.00e+00	0.00e+00	0.00e+00
 5.12540e+22	2.11e-28	6.14e-22	6.12e-17	4.03e-13	6.29e-10	4.05e-07	1.00e-03	6.67e-02	9.32e-01	0.00e+00	0.00e+00	0.00e+00
 5.13849e+22	2.64e-28	7.46e-22	7.21e-17	4.62e-13	6.98e-10	4.36e-07	1.05e-03	6.83e-02	9.31e-01	0.00e+00	0.00e+00	0.00e+00
 5.15345e+22	3.49e-28	9.48e-22	8.83e-17	5.45e-13	7.94e-10	4.77e-07	1.12e-03	7.03e-02	9.29e-01	0.00e+00	0.00e+00	0.00e+00
 5.16902e+22	4.47e-28	1.18e-21	1.06e-16	6.33e-13	8.92e-10	5.18e-07	1.18e-03	7.22e-02	9.27e-01	0.00e+00	0.00e+00	0.00e+00
 5.18229e+22	5.61e-28	1.43e-21	1.25e-16	7.26e-13	9.91e-10	5.58e-07	1.24e-03	7.40e-02	9.25e-01	0.00e+00	0.00e+00	0.00e+00
 5.19443e+22	7.01e-28	1.73e-21	1.47e-16	8.30e-13	1.10e-09	6.01e-07	1.30e-03	7.57e-02	9.23e-01	0.00e+00	0.00e+00	0.00e+00
 5.20823e+22	9.25e-28	2.20e-21	1.80e-16	9.80e-13	1.25e-09	6.58e-07	1.39e-03	7.79e-02	9.21e-01	0.00e+00	0.00e+00	0.00e+00
 5.22229e+22	1.16e-27	2.68e-21	2.13e-16	1.13e-12	1.39e-09	7.09e-07	1.46e-03	7.98e-02	9.19e-01	0.00e+00	0.00e+00	0.00e+00
 5.23473e+22	1.46e-27	3.27e-21	2.52e-16	1.29e-12	1.55e-09	7.64e-07	1.53e-03	8.17e-02	9.17e-01	0.00e+00	0.00e+00	0.00e+00
 5.24661e+22	1.82e-27	3.95e-21	2.95e-16	1.47e-12	1.71e-09	8.21e-07	1.60e-03	8.36e-02	9.15e-01	0.00e+00	0.00e+00	0.00e+00
 5.25788e+22	2.25e-27	4.75e-21	3.45e-16	1.68e-12	1.89e-09	8.81e-07	1.68e-03	8.54e-02	9.13e-01	0.00e+00	0.00e+00	0.00e+00
 5.27070e+22	2.93e-27	5.96e-21	4.18e-16	1.96e-12	2.14e-09	9.60e-07	1.78e-03	8.77e-02	9.10e-01	0.00e+00	0.00e+00	0.00e+00
 5.28386e+22	3.73e-27	7.34e-21	4.99e-16	2.27e-12	2.39e-09	1.04e-06	1.87e-03	8.99e-02	9.08e-01	0.00e+00	0.00e+00	0.00e+00
 5.29520e+22	4.62e-27	8.84e-21	5.84e-16	2.58e-12	2.65e-09	1.11e-06	1.96e-03	9.19e-02	9.06e-01	0.00e+00	0.00e+00	0.00e+00
 5.30771e+22	6.09e-27	1.12e-20	7.15e-16	3.05e-12	3.01e-09	1.22e-06	2.07e-03	9.45e-02	9.03e-01	0.00e+00	0.00e+00	0.00e+00
 5.32054e+22	7.77e-27	1.39e-20	8.55e-16	3.53e-12	3.37e-09	1.32e-06	2.18e-03	9.68e-02	9.01e-01	0.00e+00	0.00e+00	0.00e+00
 5.33179e+22	9.63e-27	1.67e-20	1.00e-15	4.02e-12	3.73e-09	1.42e-06	2.29e-03	9.89e-02	8.99e-01	0.00e+00	0.00e+00	0.00e+00
 5.34258e+22	1.22e-26	2.04e-20	1.19e-15	4.63e-12	4.15e-09	1.53e-06	2.40e-03	1.01e-01	8.96e-01	0.00e+00	0.00e+00	0.00e+00
 5.35283e+22	1.49e-26	2.43e-20	1.37e-15	5.23e-12	4.56e-09	1.63e-06	2.50e-03	1.03e-01	8.94e-01	0.00e+00	0.00e+00	0.00e+00
 5.36420e+22	1.97e-26	3.10e-20	1.69e-15	6.20e-12	5.20e-09	1.79e-06	2.65e-03	1.06e-01	8.91e-01	0.00e+00	0.00e+00	0.00e+00
 5.37563e+22	2.47e-26	3.77e-20	1.99e-15	7.10e-12	5.77e-09	1.92e-06	2.78e-03	1.08e-01	8.89e-01	0.00e+00	0.00e+00	0.00e+00
 5.38712e+22	3.30e-26	4.84e-20	2.46e-15	8.45e-12	6.60e-09	2.11e-06	2.95e-03	1.11e-01	8.86e-01	0.00e+00	0.00e+00	0.00e+00
 5.39877e+22	4.17e-26	5.92e-20	2.92e-15	9.73e-12	7.35e-09	2.27e-06	3.09e-03	1.14e-01	8.83e-01	0.00e+00	0.00e+00	0.00e+00
 5.41062e+22	5.72e-26	7.78e-20	3.69e-15	1.18e-11	8.51e-09	2.52e-06	3.30e-03	1.17e-01	8.79e-01	0.00e+00	0.00e+00	0.00e+00
 5.42225e+22	7.14e-26	9.43e-20	4.34e-15	1.35e-11	9.44e-09	2.71e-06	3.45e-03	1.20e-01	8.77e-01	0.00e+00	0.00e+00	0.00e+00
 5.43360e+22	9.81e-26	1.24e-19	5.48e-15	1.63e-11	1.09e-08	3.00e-06	3.68e-03	1.23e-01	8.73e-01	0.00e+00	0.00e+00	0.00e+00
 5.44492e+22	1.23e-25	1.51e-19	6.45e-15	1.87e-11	1.21e-08	3.22e-06	3.86e-03	1.26e-01	8.70e-01	0.00e+00	0.00e+00	0.00e+00
 5.45622e+22	1.71e-25	2.00e-19	8.21e-15	2.28e-11	1.41e-08	3.58e-06	4.12e-03	1.30e-01	8.66e-01	0.00e+00	0.00e+00	0.00e+00
 5.46751e+22	2.16e-25	2.45e-19	9.75e-15	2.62e-11	1.57e-08	3.86e-06	4.32e-03	1.33e-01	8.63e-01	0.00e+00	0.00e+00	0.00e+00
 5.47880e+22	3.02e-25	3.28e-19	1.25e-14	3.21e-11	1.84e-08	4.30e-06	4.62e-03	1.37e-01	8.58e-01	0.00e+00	0.00e+00	0.00e+00
 5.48994e+22	3.81e-25	4.01e-19	1.48e-14	3.70e-11	2.05e-08	4.63e-06	4.84e-03	1.40e-01	8.55e-01	0.00e+00	0.00e+00	0.00e+00
 5.50087e+22	5.28e-25	5.31e-19	1.88e-14	4.50e-11	2.38e-08	5.13e-06	5.17e-03	1.44e-01	8.51e-01	0.00e+00	0.00e+00	0.00e+00
 5.51169e+22	6.72e-25	6.54e-19	2.24e-14	5.20e-11	2.66e-08	5.55e-06	5.42e-03	1.47e-01	8.47e-01	0.00e+00	0.00e+00	0.00e+00
 5.52234e+22	9.27e-25	8.64e-19	2.84e-14	6.32e-11	3.09e-08	6.15e-06	5.78e-03	1.52e-01	8.43e-01	0.00e+00	0.00e+00	0.00e+00
 5.53317e+22	1.20e-24	1.08e-18	3.42e-14	7.38e-11	3.48e-08	6.68e-06	6.09e-03	1.55e-01	8.39e-01	0.00e+00	0.00e+00	0.00e+00
 5.54422e+22	1.68e-24	1.45e-18	4.39e-14	9.06e-11	4.08e-08	7.44e-06	6.52e-03	1.60e-01	8.34e-01	0.00e+00	0.00e+00	0.00e+00
 5.55548e+22	2.21e-24	1.83e-18	5.36e-14	1.07e-10	4.63e-08	8.12e-06	6.88e-03	1.64e-01	8.29e-01	0.00e+00	0.00e+00	0.00e+00
 5.56699e+22	3.16e-24	2.49e-18	6.97e-14	1.33e-10	5.46e-08	9.11e-06	7.39e-03	1.69e-01	8.23e-01	0.00e+00	0.00e+00	0.00e+00
 5.57853e+22	4.15e-24	3.16e-18	8.52e-14	1.57e-10	6.21e-08	9.94e-06	7.80e-03	1.73e-01	8.19e-01	0.00e+00	0.00e+00	0.00e+00
 5.59012e+22	5.96e-24	4.31e-18	1.11e-13	1.95e-10	7.35e-08	1.12e-05	8.39e-03	1.79e-01	8.13e-01	0.00e+00	0.00e+00	0.00e+00
 5.60148e+22	7.73e-24	5.40e-18	1.34e-13	2.28e-10	8.30e-08	1.21e-05	8.84e-03	1.83e-01	8.08e-01	0.00e+00	0.00e+00	0.00e+00
 5.61253e+22	1.09e-23	7.27e-18	1.73e-13	2.82e-10	9.75e-08	1.36e-05	9.47e-03	1.89e-01	8.02e-01	0.00e+00	0.00e+00	0.00e+00
 5.62359e+22	1.41e-23	9.05e-18	2.08e-13	3.28e-10	1.10e-07	1.48e-05	9.97e-03	1.93e-01	7.97e-01	0.00e+00	0.00e+00	0.00e+00
 5.63466e+22	1.97e-23	1.21e-17	2.67e-13	4.03e-10	1.29e-07	1.65e-05	1.07e-02	1.99e-01	7.91e-01	0.00e+00	0.00e+00	0.00e+00
 5.64594e+22	2.56e-23	1.52e-17	3.24e-13	4.73e-10	1.46e-07	1.79e-05	1.13e-02	2.03e-01	7.85e-01	0.00e+00	0.00e+00	0.00e+00
 5.65748e+22	3.61e-23	2.05e-17	4.17e-13	5.84e-10	1.71e-07	2.01e-05	1.21e-02	2.09e-01	7.78e-01	0.00e+00	0.00e+00	0.00e+00
 5.66922e+22	4.69e-23	2.56e-17	5.05e-13	6.85e-10	1.94e-07	2.19e-05	1.27e-02	2.14e-01	7.73e-01	0.00e+00	0.00e+00	0.00e+00
 5.68123e+22	6.60e-23	3.44e-17	6.49e-13	8.44e-10	2.28e-07	2.45e-05	1.37e-02	2.21e-01	7.66e-01	0.00e+00	0.00e+00	0.00e+00
 5.69356e+22	8.65e-23	4.35e-17	7.93e-13	9.97e-10	2.60e-07	2.68e-05	1.44e-02	2.26e-01	7.59e-01	0.00e+00	0.00e+00	0.00e+00
 5.70630e+22	1.22e-22	5.87e-17	1.02e-12	1.23e-09	3.07e-07	3.01e-05	1.55e-02	2.33e-01	7.52e-01	0.00e+00	0.00e+00	0.00e+00
 5.71880e+22	1.57e-22	7.27e-17	1.23e-12	1.44e-09	3.46e-07	3.27e-05	1.63e-02	2.38e-01	7.46e-01	0.00e+00	0.00e+00	0.00e+00
 5.73101e+22	2.17e-22	9.64e-17	1.56e-12	1.76e-09	4.05e-07	3.65e-05	1.75e-02	2.45e-01	7.38e-01	0.00e+00	0.00e+00	0.00e+00
 5.74349e+22	2.77e-22	1.19e-16	1.87e-12	2.04e-09	4.55e-07	3.97e-05	1.84e-02	2.50e-01	7.32e-01	0.00e+00	0.00e+00	0.00e+00
 5.75632e+22	3.82e-22	1.57e-16	2.37e-12	2.49e-09	5.32e-07	4.42e-05	1.97e-02	2.57e-01	7.23e-01	0.00e+00	0.00e+00	0.00e+00
 5.76958e+22	4.94e-22	1.96e-16	2.87e-12	2.92e-09	6.04e-07	4.83e-05	2.08e-02	2.63e-01	7.17e-01	0.00e+00	0.00e+00	0.00e+00
 5.78158e+22	6.36e-22	2.44e-16	3.47e-12	3.42e-09	6.83e-07	5.27e-05	2.19e-02	2.68e-01	7.10e-01	0.00e+00	0.00e+00	0.00e+00
 5.79533e+22	8.83e-22	3.24e-16	4.42e-12	4.20e-09	8.03e-07	5.90e-05	2.35e-02	2.76e-01	7.01e-01	0.00e+00	0.00e+00	0.00e+00
 5.80909e+22	1.12e-21	3.98e-16	5.27e-12	4.86e-09	9.01e-07	6.41e-05	2.47e-02	2.82e-01	6.94e-01	0.00e+00	0.00e+00	0.00e+00
 5.82286e+22	1.53e-21	5.23e-16	6.66e-12	5.92e-09	1.05e-06	7.15e-05	2.64e-02	2.89e-01	6.85e-01	0.00e+00	0.00e+00	0.00e+00
 5.83692e+22	1.95e-21	6.43e-16	7.95e-12	6.87e-09	1.19e-06	7.77e-05	2.78e-02	2.95e-01	6.77e-01	0.00e+00	0.00e+00	0.00e+00
 5.85137e+22	2.67e-21	8.47e-16	1.01e-11	8.38e-09	1.39e-06	8.68e-05	2.97e-02	3.03e-01	6.68e-01	0.00e+00	0.00e+00	0.00e+00
 5.86529e+22	3.30e-21	1.02e-15	1.18e-11	9.56e-09	1.54e-06	9.35e-05	3.11e-02	3.08e-01	6.61e-01	0.00e+00	0.00e+00	0.00e+00
 5.87851e+22	4.36e-21	1.29e-15	1.45e-11	1.14e-08	1.77e-06	1.03e-04	3.30e-02	3.15e-01	6.52e-01	0.00e+00	0.00e+00	0.00e+00
 5.89206e+22	5.43e-21	1.57e-15	1.71e-11	1.31e-08	1.98e-06	1.11e-04	3.46e-02	3.21e-01	6.45e-01	0.00e+00	0.00e+00	0.00e+00
 5.90604e+22	7.25e-21	2.01e-15	2.12e-11	1.57e-08	2.28e-06	1.23e-04	3.68e-02	3.28e-01	6.35e-01	0.00e+00	0.00e+00	0.00e+00
 5.92015e+22	8.96e-21	2.42e-15	2.48e-11	1.79e-08	2.54e-06	1.33e-04	3.85e-02	3.34e-01	6.28e-01	0.00e+00	0.00e+00	0.00e+00
 5.93443e+22	1.19e-20	3.10e-15	3.07e-11	2.15e-08	2.93e-06	1.47e-04	4.09e-02	3.41e-01	6.18e-01	0.00e+00	0.00e+00	0.00e+00
 5.94893e+22	1.48e-20	3.72e-15	3.60e-11	2.45e-08	3.26e-06	1.59e-04	4.28e-02	3.47e-01	6.10e-01	0.00e+00	0.00e+00	0.00e+00
 5.96173e+22	1.83e-20	4.48e-15	4.22e-11	2.81e-08	3.64e-06	1.72e-04	4.48e-02	3.52e-01	6.03e-01	0.00e+00	0.00e+00	0.00e+00
 5.97442e+22	2.25e-20	5.38e-15	4.94e-11	3.21e-08	4.04e-06	1.85e-04	4.69e-02	3.58e-01	5.95e-01	0.00e+00	0.00e+00	0.00e+00
 5.98900e+22	2.94e-20	6.78e-15	6.03e-11	3.80e-08	4.63e-06	2.04e-04	4.96e-02	3.65e-01	5.85e-01	0.00e+00	0.00e+00	0.00e+00
 6.00368e+22	3.62e-20	8.12e-15	7.04e-11	4.33e-08	5.14e-06	2.19e-04	5.19e-02	3.71e-01	5.77e-01	0.00e+00	0.00e+00	0.00e+00
 6.01849e+22	4.74e-20	1.03e-14	8.61e-11	5.14e-08	5.90e-06	2.42e-04	5.49e-02	3.78e-01	5.67e-01	0.00e+00	0.00e+00	0.00e+00
 6.03347e+22	5.79e-20	1.22e-14	1.00e-10	5.83e-08	6.53e-06	2.60e-04	5.73e-02	3.83e-01	5.59e-01	0.00e+00	0.00e+00	0.00e+00
 6.04865e+22	7.54e-20	1.54e-14	1.22e-10	6.90e-08	7.47e-06	2.86e-04	6.06e-02	3.91e-01	5.49e-01	0.00e+00	0.00e+00	0.00e+00
 6.06414e+22	9.25e-20	1.83e-14	1.42e-10	7.85e-08	8.29e-06	3.07e-04	6.33e-02	3.96e-01	5.40e-01	0.00e+00	0.00e+00	0.00e+00
 6.08004e+22	1.21e-19	2.31e-14	1.74e-10	9.31e-08	9.50e-06	3.39e-04	6.70e-02	4.03e-01	5.29e-01	0.00e+00	0.00e+00	0.00e+00
 6.09629e+22	1.49e-19	2.77e-14	2.03e-10	1.06e-07	1.06e-05	3.65e-04	7.00e-02	4.09e-01	5.21e-01	0.00e+00	0.00e+00	0.00e+00
 6.11299e+22	1.95e-19	3.50e-14	2.48e-10	1.26e-07	1.21e-05	4.02e-04	7.40e-02	4.16e-01	5.10e-01	0.00e+00	0.00e+00	0.00e+00
 6.13022e+22	2.42e-19	4.24e-14	2.93e-10	1.45e-07	1.35e-05	4.35e-04	7.75e-02	4.21e-01	5.01e-01	0.00e+00	0.00e+00	0.00e+00
 6.14510e+22	2.94e-19	5.00e-14	3.38e-10	1.63e-07	1.49e-05	4.66e-04	8.07e-02	4.26e-01	4.93e-01	0.00e+00	0.00e+00	0.00e+00
 6.16143e+22	3.81e-19	6.27e-14	4.11e-10	1.93e-07	1.70e-05	5.12e-04	8.51e-02	4.33e-01	4.81e-01	0.00e+00	0.00e+00	0.00e+00
 6.17798e+22	4.63e-19	7.43e-14	4.76e-10	2.18e-07	1.88e-05	5.49e-04	8.86e-02	4.38e-01	4.73e-01	0.00e+00	0.00e+00	0.00e+00
 6.19482e+22	5.90e-19	9.17e-14	5.70e-10	2.54e-07	2.12e-05	5.98e-04	9.31e-02	4.44e-01	4.63e-01	0.00e+00	0.00e+00	0.00e+00
 6.21260e+22	7.38e-19	1.11e-13	6.75e-10	2.93e-07	2.38e-05	6.48e-04	9.75e-02	4.49e-01	4.53e-01	0.00e+00	0.00e+00	0.00e+00
 6.22893e+22	9.08e-19	1.34e-13	7.88e-10	3.34e-07	2.64e-05	6.98e-04	1.02e-01	4.54e-01	4.44e-01	0.00e+00	0.00e+00	0.00e+00
 6.24747e+22	1.18e-18	1.67e-13	9.56e-10	3.93e-07	3.01e-05	7.65e-04	1.07e-01	4.60e-01	4.33e-01	0.00e+00	0.00e+00	0.00e+00
 6.26710e+22	1.49e-18	2.06e-13	1.14e-09	4.57e-07	3.40e-05	8.33e-04	1.12e-01	4.65e-01	4.22e-01	0.00e+00	0.00e+00	0.00e+00
 6.28526e+22	1.87e-18	2.50e-13	1.35e-09	5.26e-07	3.80e-05	9.01e-04	1.17e-01	4.70e-01	4.12e-01	0.00e+00	0.00e+00	0.00e+00
 6.30599e+22	2.48e-18	3.20e-13	1.67e-09	6.29e-07	4.39e-05	9.96e-04	1.24e-01	4.75e-01	4.00e-01	0.00e+00	0.00e+00	0.00e+00
 6.32643e+22	3.08e-18	3.86e-13	1.96e-09	7.20e-07	4.88e-05	1.07e-03	1.29e-01	4.79e-01	3.90e-01	0.00e+00	0.00e+00	0.00e+00
 6.34649e+22	4.05e-18	4.89e-13	2.41e-09	8.55e-07	5.60e-05	1.18e-03	1.36e-01	4.84e-01	3.78e-01	0.00e+00	0.00e+00	0.00e+00
 6.36679e+22	5.02e-18	5.90e-13	2.83e-09	9.79e-07	6.24e-05	1.27e-03	1.42e-01	4.88e-01	3.68e-01	0.00e+00	0.00e+00	0.00e+00
 6.38739e+22	6.62e-18	7.50e-13	3.48e-09	1.17e-06	7.17e-05	1.40e-03	1.50e-01	4.93e-01	3.56e-01	0.00e+00	0.00e+00	0.00e+00
 6.40826e+22	8.24e-18	9.07e-13	4.10e-09	1.34e-06	8.00e-05	1.51e-03	1.56e-01	4.96e-01	3.47e-01	0.00e+00	0.00e+00	0.00e+00
 6.42948e+22	1.09e-17	1.16e-12	5.07e-09	1.60e-06	9.22e-05	1.67e-03	1.64e-01	5.00e-01	3.34e-01	0.00e+00	0.00e+00	0.00e+00
 6.45097e+22	1.36e-17	1.41e-12	5.98e-09	1.83e-06	1.03e-04	1.80e-03	1.71e-01	5.03e-01	3.24e-01	0.00e+00	0.00e+00	0.00e+00
 6.47281e+22	1.83e-17	1.81e-12	7.45e-09	2.21e-06	1.20e-04	2.00e-03	1.81e-01	5.06e-01	3.11e-01	0.00e+00	0.00e+00	0.00e+00
 6.49471e+22	2.27e-17	2.19e-12	8.76e-09	2.53e-06	1.33e-04	2.16e-03	1.88e-01	5.08e-01	3.02e-01	2.27e-17	5.53e-27	5.82e-27
 6.51669e+22	3.03e-17	2.81e-12	1.09e-08	3.04e-06	1.54e-04	2.39e-03	1.98e-01	5.10e-01	2.89e-01	3.03e-17	1.68e-24	2.12e-24
 6.53893e+22	3.79e-17	3.42e-12	1.29e-08	3.50e-06	1.73e-04	2.58e-03	2.06e-01	5.12e-01	2.79e-01	3.79e-17	2.10e-24	2.64e-24
 6.56150e+22	5.06e-17	4.39e-12	1.60e-08	4.21e-06	2.00e-04	2.86e-03	2.17e-01	5.13e-01	2.67e-01	5.06e-17	2.80e-24	3.53e-24
 6.58449e+22	6.37e-17	5.36e-12	1.90e-08	4.87e-06	2.25e-04	3.10e-03	2.26e-01	5.13e-01	2.57e-01	6.37e-17	3.52e-24	4.44e-24
 6.60803e+22	8.62e-17	6.98e-12	2.39e-08	5.93e-06	2.64e-04	3.46e-03	2.39e-01	5.14e-01	2.44e-01	8.62e-17	4.77e-24	6.01e-24
 6.63052e+22	1.05e-16	8.32e-12	2.79e-08	6.74e-06	2.93e-04	3.71e-03	2.47e-01	5.13e-01	2.35e-01	1.05e-16	5.83e-24	7.36e-24
 6.65165e+22	1.38e-16	1.05e-11	3.41e-08	8.02e-06	3.37e-04	4.10e-03	2.59e-01	5.13e-01	2.24e-01	1.38e-16	7.61e-24	9.59e-24
 6.67269e+22	1.67e-16	1.24e-11	3.96e-08	9.09e-06	3.73e-04	4.39e-03	2.68e-01	5.12e-01	2.16e-01	1.67e-16	9.25e-24	1.17e-23
 6.69360e+22	2.16e-16	1.56e-11	4.82e-08	1.08e-05	4.28e-04	4.83e-03	2.81e-01	5.10e-01	2.04e-01	2.16e-16	1.20e-23	1.51e-23
 6.71482e+22	2.64e-16	1.85e-11	5.61e-08	1.23e-05	4.76e-04	5.19e-03	2.90e-01	5.08e-01	1.96e-01	2.64e-16	1.46e-23	1.84e-23
 6.73643e+22	3.42e-16	2.32e-11	6.85e-08	1.46e-05	5.49e-04	5.74e-03	3.04e-01	5.04e-01	1.85e-01	3.42e-16	1.89e-23	2.38e-23
 6.75839e+22	4.18e-16	2.76e-11	8.00e-08	1.67e-05	6.12e-04	6.18e-03	3.14e-01	5.02e-01	1.77e-01	4.18e-16	2.31e-23	2.91e-23
 6.78080e+22	5.40e-16	3.46e-11	9.77e-08	1.99e-05	7.07e-04	6.83e-03	3.29e-01	4.97e-01	1.67e-01	5.40e-16	2.99e-23	3.77e-23
 6.80381e+22	6.64e-16	4.15e-11	1.15e-07	2.29e-05	7.94e-04	7.40e-03	3.41e-01	4.93e-01	1.58e-01	6.64e-16	3.67e-23	4.63e-23
 6.82760e+22	8.62e-16	5.22e-11	1.41e-07	2.74e-05	9.24e-04	8.22e-03	3.57e-01	4.87e-01	1.47e-01	8.62e-16	4.77e-23	6.01e-23
 6.85176e+22	1.06e-15	6.25e-11	1.66e-07	3.16e-05	1.04e-03	8.93e-03	3.69e-01	4.81e-01	1.39e-01	1.06e-15	5.84e-23	7.36e-23
 6.87590e+22	1.35e-15	7.77e-11	2.02e-07	3.77e-05	1.21e-03	9.91e-03	3.86e-01	4.74e-01	1.29e-01	1.35e-15	7.48e-23	9.43e-23
 6.90025e+22	1.64e-15	9.24e-11	2.37e-07	4.34e-05	1.36e-03	1.08e-02	3.99e-01	4.67e-01	1.22e-01	1.64e-15	9.08e-23	1.14e-22
 6.92416e+22	2.05e-15	1.13e-10	2.84e-07	5.12e-05	1.56e-03	1.19e-02	4.15e-01	4.59e-01	1.13e-01	2.05e-15	1.14e-22	1.43e-22
 6.94831e+22	2.47e-15	1.33e-10	3.31e-07	5.88e-05	1.76e-03	1.29e-02	4.28e-01	4.51e-01	1.06e-01	2.47e-15	1.37e-22	1.72e-22
 6.96937e+22	2.89e-15	1.53e-10	3.78e-07	6.64e-05	1.95e-03	1.39e-02	4.41e-01	4.44e-01	9.96e-02	2.89e-15	1.60e-22	2.02e-22
 6.99173e+22	3.50e-15	1.82e-10	4.45e-07	7.71e-05	2.22e-03	1.52e-02	4.56e-01	4.34e-01	9.22e-02	3.50e-15	1.94e-22	2.44e-22
 7.01430e+22	4.06e-15	2.09e-10	5.06e-07	8.68e-05	2.45e-03	1.64e-02	4.68e-01	4.26e-01	8.66e-02	4.06e-15	2.25e-22	2.84e-22
 7.03438e+22	4.69e-15	2.37e-10	5.73e-07	9.74e-05	2.71e-03	1.76e-02	4.80e-01	4.18e-01	8.13e-02	4.69e-15	2.60e-22	3.27e-22
 7.05673e+22	5.54e-15	2.77e-10	6.65e-07	1.12e-04	3.05e-03	1.91e-02	4.95e-01	4.08e-01	7.51e-02	5.54e-15	3.07e-22	3.87e-22
 7.07884e+22	6.31e-15	3.12e-10	7.46e-07	1.25e-04	3.35e-03	2.04e-02	5.06e-01	4.00e-01	7.06e-02	6.31e-15	3.49e-22	4.40e-22
 7.10126e+22	7.39e-15	3.61e-10	8.62e-07	1.43e-04	3.77e-03	2.23e-02	5.20e-01	3.89e-01	6.49e-02	7.39e-15	4.09e-22	5.16e-22
 7.12368e+22	8.34e-15	4.04e-10	9.61e-07	1.59e-04	4.12e-03	2.37e-02	5.31e-01	3.80e-01	6.09e-02	8.34e-15	4.62e-22	5.82e-22
 7.14610e+22	9.65e-15	4.64e-10	1.10e-06	1.81e-04	4.61e-03	2.58e-02	5.44e-01	3.69e-01	5.60e-02	9.65e-15	5.35e-22	6.74e-22
 7.16864e+22	1.08e-14	5.16e-10	1.23e-06	2.00e-04	5.02e-03	2.74e-02	5.55e-01	3.60e-01	5.24e-02	1.08e-14	5.99e-22	7.54e-22
 7.19135e+22	1.24e-14	5.88e-10	1.40e-06	2.27e-04	5.59e-03	2.97e-02	5.68e-01	3.49e-01	4.80e-02	1.24e-14	6.87e-22	8.65e-22
 7.21422e+22	1.38e-14	6.52e-10	1.55e-06	2.51e-04	6.08e-03	3.15e-02	5.77e-01	3.40e-01	4.49e-02	1.38e-14	7.65e-22	9.64e-22
 7.23733e+22	1.57e-14	7.39e-10	1.76e-06	2.85e-04	6.76e-03	3.41e-02	5.89e-01	3.28e-01	4.11e-02	1.57e-14	8.72e-22	1.10e-21
 7.26074e+22	1.74e-14	8.17e-10	1.95e-06	3.14e-04	7.33e-03	3.62e-02	5.98e-01	3.19e-01	3.82e-02	1.74e-14	9.68e-22	1.22e-21
 7.28454e+22	1.98e-14	9.24e-10	2.22e-06	3.56e-04	8.13e-03	3.91e-02	6.10e-01	3.08e-01	3.48e-02	1.98e-14	1.10e-21	1.38e-21
 7.30874e+22	2.19e-14	1.02e-09	2.46e-06	3.93e-04	8.82e-03	4.15e-02	6.19e-01	2.98e-01	3.23e-02	2.19e-14	1.22e-21	1.53e-21
 7.33344e+22	2.47e-14	1.15e-09	2.80e-06	4.46e-04	9.78e-03	4.48e-02	6.29e-01	2.86e-01	2.93e-02	2.47e-14	1.37e-21	1.73e-21
 7.35868e+22	2.75e-14	1.28e-09	3.11e-06	4.94e-04	1.06e-02	4.75e-02	6.37e-01	2.77e-01	2.71e-02	2.75e-14	1.53e-21	1.92e-21
 7.38462e+22	3.11e-14	1.45e-09	3.55e-06	5.62e-04	1.17e-02	5.13e-02	6.47e-01	2.65e-01	2.44e-02	3.11e-14	1.73e-21	2.17e-21
 7.41074e+22	3.45e-14	1.61e-09	3.94e-06	6.21e-04	1.27e-02	5.43e-02	6.54e-01	2.56e-01	2.26e-02	3.45e-14	1.92e-21	2.41e-21
 7.43294e+22	3.78e-14	1.76e-09	4.34e-06	6.81e-04	1.37e-02	5.72e-02	6.60e-01	2.48e-01	2.09e-02	3.78e-14	2.10e-21	2.64e-21
 7.45766e+22	4.24e-14	1.98e-09	4.90e-06	7.68e-04	1.50e-02	6.12e-02	6.67e-01	2.37e-01	1.89e-02	4.24e-14	2.36e-21	2.97e-21
 7.48129e+22	4.61e-14	2.16e-09	5.35e-06	8.34e-04	1.59e-02	6.41e-02	6.72e-01	2.29e-01	1.77e-02	4.61e-14	2.56e-21	3.23e-21
 7.50352e+22	5.10e-14	2.40e-09	5.97e-06	9.26e-04	1.73e-02	6.80e-02	6.78e-01	2.20e-01	1.61e-02	5.10e-14	2.84e-21	3.57e-21
 7.52606e+22	5.54e-14	2.61e-09	6.52e-06	1.01e-03	1.84e-02	7.11e-02	6.81e-01	2.13e-01	1.50e-02	5.54e-14	3.09e-21	3.88e-21
 7.54902e+22	6.11e-14	2.90e-09	7.28e-06	1.12e-03	1.99e-02	7.54e-02	6.86e-01	2.04e-01	1.37e-02	6.11e-14	3.40e-21	4.28e-21
 7.57212e+22	6.69e-14	3.17e-09	7.98e-06	1.22e-03	2.11e-02	7.88e-02	6.89e-01	1.97e-01	1.27e-02	6.69e-14	3.73e-21	4.69e-21
 7.59541e+22	7.39e-14	3.53e-09	8.93e-06	1.36e-03	2.29e-02	8.34e-02	6.93e-01	1.88e-01	1.15e-02	7.39e-14	4.12e-21	5.18e-21
 7.61899e+22	8.12e-14	3.88e-09	9.81e-06	1.48e-03	2.43e-02	8.71e-02	6.95e-01	1.81e-01	1.07e-02	8.12e-14	4.53e-21	5.69e-21
 7.64297e+22	9.00e-14	4.34e-09	1.10e-05	1.65e-03	2.63e-02	9.22e-02	6.97e-01	1.73e-01	9.67e-03	9.00e-14	5.02e-21	6.31e-21
 7.66732e+22	9.92e-14	4.78e-09	1.21e-05	1.80e-03	2.79e-02	9.62e-02	6.99e-01	1.66e-01	8.95e-03	9.92e-14	5.54e-21	6.96e-21
 7.69216e+22	1.11e-13	5.38e-09	1.37e-05	2.01e-03	3.02e-02	1.02e-01	7.00e-01	1.58e-01	8.05e-03	1.11e-13	6.17e-21	7.76e-21
 7.71745e+22	1.23e-13	5.97e-09	1.52e-05	2.20e-03	3.21e-02	1.06e-01	7.01e-01	1.52e-01	7.42e-03	1.23e-13	6.85e-21	8.62e-21
 7.74333e+22	1.37e-13	6.75e-09	1.72e-05	2.46e-03	3.47e-02	1.12e-01	7.01e-01	1.43e-01	6.64e-03	1.37e-13	7.67e-21	9.65e-21
 7.76971e+22	1.54e-13	7.57e-09	1.92e-05	2.70e-03	3.69e-02	1.17e-01	7.00e-01	1.37e-01	6.10e-03	1.54e-13	8.61e-21	1.08e-20
 7.79675e+22	1.73e-13	8.61e-09	2.19e-05	3.04e-03	4.00e-02	1.24e-01	6.98e-01	1.29e-01	5.42e-03	1.73e-13	9.68e-21	1.22e-20
 7.82392e+22	1.94e-13	9.66e-09	2.44e-05	3.34e-03	4.25e-02	1.29e-01	6.97e-01	1.23e-01	4.96e-03	1.94e-13	1.09e-20	1.36e-20
 7.85127e+22	2.20e-13	1.11e-08	2.79e-05	3.76e-03	4.59e-02	1.36e-01	6.94e-01	1.16e-01	4.40e-03	2.20e-13	1.23e-20	1.55e-20
 7.87901e+22	2.49e-13	1.25e-08	3.13e-05	4.13e-03	4.88e-02	1.42e-01	6.91e-01	1.11e-01	4.02e-03	2.49e-13	1.40e-20	1.75e-20
 7.90316e+22	2.76e-13	1.40e-08	3.48e-05	4.52e-03	5.17e-02	1.48e-01	6.87e-01	1.05e-01	3.66e-03	2.76e-13	1.55e-20	1.95e-20
 7.93043e+22	3.17e-13	1.62e-08	4.00e-05	5.08e-03	5.57e-02	1.55e-01	6.82e-01	9.88e-02	3.25e-03	3.17e-13	1.78e-20	2.24e-20
 7.95796e+22	3.58e-13	1.83e-08	4.48e-05	5.57e-03	5.90e-02	1.61e-01	6.78e-01	9.40e-02	2.96e-03	3.58e-13	2.01e-20	2.53e-20
 7.98079e+22	3.97e-13	2.04e-08	4.95e-05	6.04e-03	6.20e-02	1.66e-01	6.73e-01	8.98e-02	2.72e-03	3.97e-13	2.23e-20	2.80e-20
 8.00546e+22	4.54e-13	2.34e-08	5.62e-05	6.69e-03	6.61e-02	1.73e-01	6.67e-01	8.47e-02	2.44e-03	4.54e-13	2.56e-20	3.21e-20
 8.03033e+22	5.10e-13	2.63e-08	6.23e-05	7.26e-03	6.95e-02	1.78e-01	6.62e-01	8.08e-02	2.24e-03	5.10e-13	2.87e-20	3.61e-20
 8.05545e+22	5.83e-13	3.02e-08	7.09e-05	8.05e-03	7.40e-02	1.86e-01	6.54e-01	7.59e-02	2.00e-03	5.83e-13	3.29e-20	4.13e-20
 8.08075e+22	6.58e-13	3.41e-08	7.88e-05	8.74e-03	7.78e-02	1.91e-01	6.48e-01	7.23e-02	1.84e-03	6.58e-13	3.72e-20	4.66e-20
 8.10628e+22	7.59e-13	3.95e-08	9.00e-05	9.70e-03	8.28e-02	1.99e-01	6.39e-01	6.78e-02	1.64e-03	7.59e-13	4.29e-20	5.38e-20
 8.13242e+22	8.66e-13	4.49e-08	1.01e-04	1.06e-02	8.71e-02	2.05e-01	6.32e-01	6.43e-02	1.49e-03	8.66e-13	4.90e-20	6.15e-20
 8.15934e+22	1.01e-12	5.27e-08	1.16e-04	1.18e-02	9.28e-02	2.13e-01	6.21e-01	5.99e-02	1.31e-03	1.01e-12	5.73e-20	7.19e-20
 8.18666e+22	1.16e-12	6.04e-08	1.30e-04	1.28e-02	9.77e-02	2.19e-01	6.13e-01	5.66e-02	1.19e-03	1.16e-12	6.59e-20	8.27e-20
 8.21452e+22	1.37e-12	7.15e-08	1.51e-04	1.43e-02	1.04e-01	2.27e-01	6.01e-01	5.25e-02	1.05e-03	1.37e-12	7.81e-20	9.79e-20
 8.24280e+22	1.59e-12	8.24e-08	1.70e-04	1.57e-02	1.10e-01	2.33e-01	5.91e-01	4.95e-02	9.44e-04	1.59e-12	9.07e-20	1.14e-19
 8.27164e+22	1.91e-12	9.86e-08	1.98e-04	1.75e-02	1.17e-01	2.41e-01	5.78e-01	4.57e-02	8.23e-04	1.91e-12	1.09e-19	1.36e-19
 8.30073e+22	2.23e-12	1.14e-07	2.24e-04	1.92e-02	1.23e-01	2.47e-01	5.67e-01	4.29e-02	7.40e-04	2.23e-12	1.27e-19	1.59e-19
 8.33015e+22	2.69e-12	1.37e-07	2.61e-04	2.14e-02	1.31e-01	2.55e-01	5.53e-01	3.95e-02	6.44e-04	2.69e-12	1.54e-19	1.93e-19
 8.36002e+22	3.18e-12	1.61e-07	2.97e-04	2.35e-02	1.37e-01	2.61e-01	5.40e-01	3.69e-02	5.75e-04	3.18e-12	1.82e-19	2.28e-19
 8.39049e+22	3.89e-12	1.95e-07	3.48e-04	2.63e-02	1.46e-01	2.68e-01	5.24e-01	3.37e-02	4.95e-04	3.89e-12	2.23e-19	2.80e-19
 8.42123e+22	4.62e-12	2.29e-07	3.96e-04	2.88e-02	1.54e-01	2.74e-01	5.11e-01	3.14e-02	4.41e-04	4.62e-12	2.65e-19	3.32e-19
 8.45232e+22	5.71e-12	2.79e-07	4.65e-04	3.22e-02	1.63e-01	2.81e-01	4.94e-01	2.86e-02	3.78e-04	5.71e-12	3.29e-19	4.12e-19
 8.48406e+22	6.84e-12	3.30e-07	5.32e-04	3.53e-02	1.71e-01	2.86e-01	4.80e-01	2.64e-02	3.33e-04	6.84e-12	3.95e-19	4.95e-19
 8.51668e+22	8.60e-12	4.07e-07	6.28e-04	3.96e-02	1.82e-01	2.92e-01	4.62e-01	2.39e-02	2.84e-04	8.60e-12	4.98e-19	6.23e-19
 8.55010e+22	1.04e-11	4.87e-07	7.24e-04	4.36e-02	1.91e-01	2.97e-01	4.45e-01	2.19e-02	2.46e-04	1.04e-11	6.06e-19	7.58e-19
 8.57947e+22	1.26e-11	5.76e-07	8.26e-04	4.76e-02	2.00e-01	3.01e-01	4.30e-01	2.01e-02	2.16e-04	1.26e-11	7.34e-19	9.19e-19
 8.61255e+22	1.60e-11	7.12e-07	9.73e-04	5.31e-02	2.11e-01	3.06e-01	4.11e-01	1.81e-02	1.83e-04	1.60e-11	9.35e-19	1.17e-18
 8.64741e+22	1.99e-11	8.63e-07	1.13e-03	5.87e-02	2.21e-01	3.09e-01	3.94e-01	1.64e-02	1.56e-04	1.99e-11	1.16e-18	1.46e-18
 8.67567e+22	2.35e-11	1.00e-06	1.27e-03	6.32e-02	2.29e-01	3.11e-01	3.80e-01	1.51e-02	1.38e-04	2.35e-11	1.38e-18	1.73e-18
 8.70348e+22	2.87e-11	1.19e-06	1.44e-03	6.89e-02	2.38e-01	3.13e-01	3.64e-01	1.38e-02	1.20e-04	2.87e-11	1.69e-18	2.11e-18
 8.73317e+22	3.46e-11	1.40e-06	1.63e-03	7.45e-02	2.47e-01	3.15e-01	3.49e-01	1.27e-02	1.05e-04	3.46e-11	2.04e-18	2.55e-18
 8.76098e+22	4.16e-11	1.64e-06	1.84e-03	8.04e-02	2.56e-01	3.15e-01	3.35e-01	1.16e-02	9.18e-05	4.16e-11	2.46e-18	3.08e-18
 8.79279e+22	5.27e-11	2.00e-06	2.14e-03	8.84e-02	2.67e-01	3.16e-01	3.17e-01	1.03e-02	7.74e-05	5.27e-11	3.13e-18	3.91e-18
 8.82537e+22	6.46e-11	2.37e-06	2.43e-03	9.59e-02	2.76e-01	3.15e-01	3.01e-01	9.33e-03	6.64e-05	6.46e-11	3.85e-18	4.80e-18
 8.85343e+22	7.77e-11	2.77e-06	2.72e-03	1.03e-01	2.84e-01	3.14e-01	2.87e-01	8.50e-03	5.78e-05	7.77e-11	4.64e-18	5.79e-18
 8.88440e+22	9.81e-11	3.36e-06	3.14e-03	1.12e-01	2.94e-01	3.13e-01	2.70e-01	7.54e-03	4.84e-05	9.81e-11	5.89e-18	7.34e-18
 8.91627e+22	1.19e-10	3.95e-06	3.53e-03	1.21e-01	3.02e-01	3.10e-01	2.56e-01	6.82e-03	4.18e-05	1.19e-10	7.19e-18	8.96e-18
 8.94932e+22	1.53e-10	4.82e-06	4.09e-03	1.32e-01	3.12e-01	3.07e-01	2.39e-01	5.99e-03	3.45e-05	1.53e-10	9.25e-18	1.15e-17
 8.98295e+22	1.89e-10	5.73e-06	4.63e-03	1.42e-01	3.20e-01	3.03e-01	2.25e-01	5.33e-03	2.92e-05	1.89e-10	1.15e-17	1.43e-17
 9.01232e+22	2.30e-10	6.70e-06	5.18e-03	1.52e-01	3.28e-01	2.99e-01	2.12e-01	4.79e-03	2.50e-05	2.30e-10	1.40e-17	1.75e-17
 9.04548e+22	2.95e-10	8.15e-06	5.97e-03	1.65e-01	3.36e-01	2.93e-01	1.96e-01	4.18e-03	2.05e-05	2.95e-10	1.81e-17	2.25e-17
 9.08006e+22	3.67e-10	9.69e-06	6.75e-03	1.76e-01	3.43e-01	2.88e-01	1.82e-01	3.68e-03	1.72e-05	3.67e-10	2.26e-17	2.81e-17
 9.11148e+22	4.54e-10	1.15e-05	7.59e-03	1.88e-01	3.49e-01	2.82e-01	1.70e-01	3.25e-03	1.44e-05	4.54e-10	2.81e-17	3.50e-17
 9.14731e+22	5.97e-10	1.41e-05	8.79e-03	2.05e-01	3.56e-01	2.73e-01	1.55e-01	2.77e-03	1.15e-05	5.97e-10	3.72e-17	4.63e-17
