#depth	S	S+	S+2	S+3	S+4	S+5	S+6	S+7	S+8	S+9	S+10	S+11	S+12	S+13	S+14	S+15	S+16
 4.62852e+21	1.49e-30	2.19e-17	2.09e-14	2.02e-12	9.43e-11	3.27e-09	4.40e-06	6.30e-04	1.75e-02	8.91e-02	2.72e-01	3.52e-01	1.62e-01	5.66e-02	4.75e-02	2.41e-03	3.86e-05
 1.02798e+22	2.51e-29	4.97e-16	3.55e-13	2.47e-11	8.11e-10	1.97e-08	1.82e-05	1.98e-03	4.11e-02	1.51e-01	3.32e-01	3.21e-01	1.07e-01	2.77e-02	1.76e-02	6.17e-04	6.84e-06
 1.18140e+22	1.39e-28	2.24e-15	1.39e-12	8.22e-11	2.27e-09	4.67e-08	3.56e-05	3.36e-03	5.98e-02	1.86e-01	3.48e-01	2.91e-01	8.31e-02	1.86e-02	1.03e-02	3.00e-04	2.77e-06
 1.25811e+22	3.23e-28	4.79e-15	2.75e-12	1.50e-10	3.81e-09	7.18e-08	4.97e-05	4.35e-03	7.15e-02	2.04e-01	3.51e-01	2.73e-01	7.20e-02	1.50e-02	7.78e-03	2.06e-04	1.72e-06
 1.29208e+22	4.25e-28	6.14e-15	3.44e-12	1.83e-10	4.51e-09	8.27e-08	5.55e-05	4.73e-03	7.57e-02	2.10e-01	3.52e-01	2.67e-01	6.86e-02	1.40e-02	7.08e-03	1.81e-04	1.47e-06
 1.31141e+22	6.09e-28	8.54e-15	4.63e-12	2.38e-10	5.64e-09	9.97e-08	6.40e-05	5.28e-03	8.16e-02	2.18e-01	3.52e-01	2.59e-01	6.42e-02	1.27e-02	6.24e-03	1.53e-04	1.19e-06
 1.33224e+22	8.40e-28	1.15e-14	6.05e-12	3.02e-10	6.91e-09	1.18e-07	7.29e-05	5.84e-03	8.72e-02	2.25e-01	3.52e-01	2.52e-01	6.04e-02	1.16e-02	5.55e-03	1.31e-04	9.82e-07
 1.35097e+22	1.11e-27	1.50e-14	7.66e-12	3.72e-10	8.26e-09	1.37e-07	8.18e-05	6.37e-03	9.24e-02	2.31e-01	3.51e-01	2.46e-01	5.72e-02	1.07e-02	5.01e-03	1.14e-04	8.26e-07
 1.37124e+22	1.61e-27	2.12e-14	1.05e-11	4.90e-10	1.05e-08	1.67e-07	9.51e-05	7.15e-03	9.97e-02	2.39e-01	3.50e-01	2.37e-01	5.31e-02	9.64e-03	4.36e-03	9.49e-05	6.56e-07
 1.39133e+22	2.11e-27	2.74e-14	1.32e-11	6.01e-10	1.25e-08	1.94e-07	1.07e-04	7.78e-03	1.05e-01	2.45e-01	3.48e-01	2.30e-01	5.01e-02	8.89e-03	3.92e-03	8.26e-05	5.52e-07
 1.41117e+22	3.02e-27	3.86e-14	1.80e-11	7.90e-10	1.58e-08	2.36e-07	1.24e-04	8.72e-03	1.13e-01	2.53e-01	3.45e-01	2.21e-01	4.64e-02	7.98e-03	3.41e-03	6.85e-05	4.37e-07
 1.43122e+22	3.96e-27	5.01e-14	2.28e-11	9.75e-10	1.89e-08	2.75e-07	1.39e-04	9.52e-03	1.20e-01	2.59e-01	3.43e-01	2.14e-01	4.37e-02	7.33e-03	3.05e-03	5.92e-05	3.65e-07
 1.45151e+22	5.66e-27	7.12e-14	3.13e-11	1.29e-09	2.41e-08	3.38e-07	1.63e-04	1.07e-02	1.29e-01	2.67e-01	3.39e-01	2.05e-01	4.02e-02	6.53e-03	2.63e-03	4.86e-05	2.85e-07
 1.47205e+22	7.43e-27	9.33e-14	3.99e-11	1.60e-09	2.91e-08	3.97e-07	1.84e-04	1.17e-02	1.36e-01	2.72e-01	3.36e-01	1.98e-01	3.76e-02	5.97e-03	2.34e-03	4.17e-05	2.36e-07
 1.49289e+22	1.05e-26	1.33e-13	5.50e-11	2.14e-09	3.74e-08	4.91e-07	2.16e-04	1.32e-02	1.46e-01	2.80e-01	3.30e-01	1.88e-01	3.44e-02	5.28e-03	2.00e-03	3.39e-05	1.83e-07
 1.51412e+22	1.40e-26	1.77e-13	7.12e-11	2.69e-09	4.57e-08	5.82e-07	2.46e-04	1.45e-02	1.55e-01	2.85e-01	3.26e-01	1.81e-01	3.19e-02	4.78e-03	1.76e-03	2.86e-05	1.48e-07
 1.53584e+22	1.99e-26	2.56e-13	9.94e-11	3.64e-09	5.94e-08	7.30e-07	2.91e-04	1.65e-02	1.67e-01	2.92e-01	3.19e-01	1.71e-01	2.89e-02	4.19e-03	1.48e-03	2.29e-05	0.00e+00
 1.55796e+22	2.62e-26	3.42e-13	1.30e-10	4.62e-09	7.32e-08	8.74e-07	3.34e-04	1.82e-02	1.77e-01	2.97e-01	3.13e-01	1.63e-01	2.66e-02	3.76e-03	1.29e-03	1.91e-05	0.00e+00
 1.58058e+22	3.69e-26	5.01e-13	1.83e-10	6.33e-09	9.66e-08	1.11e-06	4.00e-04	2.08e-02	1.90e-01	3.03e-01	3.04e-01	1.53e-01	2.38e-02	3.25e-03	1.07e-03	1.50e-05	0.00e+00
 1.60364e+22	4.84e-26	6.76e-13	2.41e-10	8.13e-09	1.20e-07	1.35e-06	4.62e-04	2.31e-02	2.02e-01	3.07e-01	2.97e-01	1.45e-01	2.18e-02	2.89e-03	9.24e-04	1.24e-05	0.00e+00
 1.62661e+22	6.63e-26	9.76e-13	3.37e-10	1.11e-08	1.58e-07	1.71e-06	5.54e-04	2.63e-02	2.16e-01	3.12e-01	2.87e-01	1.35e-01	1.94e-02	2.49e-03	7.64e-04	9.65e-06	0.00e+00
 1.64854e+22	9.05e-26	1.27e-12	4.29e-10	1.38e-08	1.93e-07	2.03e-06	6.31e-04	2.89e-02	2.27e-01	3.15e-01	2.80e-01	1.28e-01	1.78e-02	2.23e-03	6.65e-04	8.06e-06	0.00e+00
 1.66980e+22	1.19e-25	1.78e-12	5.86e-10	1.85e-08	2.49e-07	2.55e-06	7.49e-04	3.27e-02	2.42e-01	3.18e-01	2.70e-01	1.19e-01	1.58e-02	1.92e-03	5.51e-04	6.34e-06	0.00e+00
 1.69100e+22	1.48e-25	2.28e-12	7.40e-10	2.29e-08	3.03e-07	3.03e-06	8.53e-04	3.58e-02	2.53e-01	3.20e-01	2.62e-01	1.12e-01	1.44e-02	1.71e-03	4.78e-04	5.27e-06	0.00e+00
 1.71214e+22	1.92e-25	3.15e-12	9.98e-10	3.04e-08	3.90e-07	3.80e-06	1.01e-03	4.04e-02	2.69e-01	3.21e-01	2.51e-01	1.04e-01	1.27e-02	1.47e-03	3.94e-04	4.12e-06	0.00e+00
 1.73356e+22	2.36e-25	4.04e-12	1.26e-09	3.78e-08	4.75e-07	4.53e-06	1.15e-03	4.44e-02	2.81e-01	3.21e-01	2.42e-01	9.70e-02	1.15e-02	1.30e-03	3.38e-04	3.39e-06	0.00e+00
 1.75251e+22	2.84e-25	5.15e-12	1.59e-09	4.70e-08	5.78e-07	5.40e-06	1.32e-03	4.87e-02	2.93e-01	3.21e-01	2.33e-01	9.06e-02	1.04e-02	1.14e-03	2.90e-04	2.78e-06	0.00e+00
 1.77144e+22	3.43e-25	6.54e-12	1.98e-09	5.82e-08	7.01e-07	6.42e-06	1.50e-03	5.33e-02	3.06e-01	3.21e-01	2.24e-01	8.45e-02	9.39e-03	1.01e-03	2.47e-04	2.28e-06	0.00e+00
 1.79289e+22	4.33e-25	8.76e-12	2.62e-09	7.60e-08	8.93e-07	8.01e-06	1.76e-03	5.97e-02	3.21e-01	3.19e-01	2.12e-01	7.71e-02	8.21e-03	8.52e-04	2.02e-04	1.76e-06	0.00e+00
 1.81410e+22	5.20e-25	1.09e-11	3.23e-09	9.28e-08	1.07e-06	9.43e-06	1.99e-03	6.49e-02	3.33e-01	3.17e-01	2.03e-01	7.18e-02	7.40e-03	7.50e-04	1.73e-04	1.45e-06	0.00e+00
 1.83530e+22	6.43e-25	1.44e-11	4.22e-09	1.20e-07	1.36e-06	1.17e-05	2.34e-03	7.23e-02	3.48e-01	3.14e-01	1.91e-01	6.51e-02	6.43e-03	6.32e-04	1.41e-04	1.12e-06	0.00e+00
 1.85652e+22	7.66e-25	1.77e-11	5.15e-09	1.46e-07	1.61e-06	1.37e-05	2.63e-03	7.82e-02	3.59e-01	3.11e-01	1.83e-01	6.03e-02	5.77e-03	5.54e-04	1.20e-04	9.17e-07	0.00e+00
 1.87778e+22	9.43e-25	2.29e-11	6.65e-09	1.86e-07	2.03e-06	1.69e-05	3.06e-03	8.67e-02	3.73e-01	3.06e-01	1.71e-01	5.44e-02	4.99e-03	4.65e-04	9.73e-05	7.05e-07	0.00e+00
 1.89917e+22	1.12e-24	2.80e-11	8.06e-09	2.25e-07	2.41e-06	1.98e-05	3.44e-03	9.35e-02	3.84e-01	3.02e-01	1.63e-01	5.02e-02	4.46e-03	4.05e-04	8.26e-05	5.74e-07	0.00e+00
 1.92073e+22	1.38e-24	3.58e-11	1.03e-08	2.86e-07	3.00e-06	2.43e-05	3.99e-03	1.03e-01	3.97e-01	2.95e-01	1.52e-01	4.49e-02	3.83e-03	3.38e-04	6.65e-05	4.39e-07	0.00e+00
 1.94247e+22	1.65e-24	4.33e-11	1.24e-08	3.44e-07	3.55e-06	2.83e-05	4.46e-03	1.11e-01	4.06e-01	2.90e-01	1.43e-01	4.12e-02	3.40e-03	2.93e-04	5.62e-05	3.56e-07	0.00e+00
 1.96445e+22	2.05e-24	5.49e-11	1.58e-08	4.35e-07	4.41e-06	3.47e-05	5.16e-03	1.22e-01	4.18e-01	2.82e-01	1.33e-01	3.67e-02	2.91e-03	2.43e-04	4.49e-05	2.70e-07	0.00e+00
 1.98671e+22	2.46e-24	6.60e-11	1.90e-08	5.22e-07	5.21e-06	4.04e-05	5.76e-03	1.30e-01	4.27e-01	2.76e-01	1.25e-01	3.34e-02	2.57e-03	2.09e-04	3.77e-05	2.17e-07	0.00e+00
 2.00933e+22	3.08e-24	8.31e-11	2.39e-08	6.58e-07	6.45e-06	4.94e-05	6.65e-03	1.43e-01	4.37e-01	2.67e-01	1.15e-01	2.95e-02	2.17e-03	1.71e-04	2.98e-05	1.63e-07	0.00e+00
 2.03234e+22	3.74e-24	9.95e-11	2.87e-08	7.87e-07	7.60e-06	5.75e-05	7.41e-03	1.52e-01	4.44e-01	2.60e-01	1.07e-01	2.67e-02	1.91e-03	1.47e-04	2.49e-05	1.30e-07	0.00e+00
 2.05587e+22	4.74e-24	1.25e-10	3.62e-08	9.91e-07	9.41e-06	7.02e-05	8.54e-03	1.66e-01	4.52e-01	2.50e-01	9.79e-02	2.34e-02	1.60e-03	1.19e-04	1.95e-05	0.00e+00	0.00e+00
 2.07997e+22	5.83e-24	1.49e-10	4.35e-08	1.19e-06	1.11e-05	8.19e-05	9.51e-03	1.77e-01	4.57e-01	2.43e-01	9.09e-02	2.10e-02	1.39e-03	1.01e-04	1.60e-05	0.00e+00	0.00e+00
 2.10042e+22	6.97e-24	1.74e-10	5.11e-08	1.39e-06	1.29e-05	9.40e-05	1.05e-02	1.87e-01	4.62e-01	2.35e-01	8.49e-02	1.90e-02	1.22e-03	8.64e-05	1.34e-05	0.00e+00	0.00e+00
 2.12260e+22	8.78e-24	2.12e-10	6.26e-08	1.71e-06	1.55e-05	1.12e-04	1.18e-02	2.01e-01	4.66e-01	2.26e-01	7.75e-02	1.67e-02	1.03e-03	7.08e-05	1.07e-05	0.00e+00	0.00e+00
 2.14441e+22	1.05e-23	2.45e-10	7.27e-08	1.98e-06	1.78e-05	1.27e-04	1.29e-02	2.11e-01	4.69e-01	2.18e-01	7.25e-02	1.52e-02	9.12e-04	6.12e-05	9.03e-06	0.00e+00	0.00e+00
 2.16572e+22	1.31e-23	2.94e-10	8.78e-08	2.39e-06	2.11e-05	1.50e-04	1.44e-02	2.25e-01	4.71e-01	2.09e-01	6.62e-02	1.34e-02	7.75e-04	5.05e-05	7.23e-06	0.00e+00	0.00e+00
 2.18723e+22	1.56e-23	3.38e-10	1.02e-07	2.77e-06	2.41e-05	1.70e-04	1.57e-02	2.36e-01	4.72e-01	2.02e-01	6.17e-02	1.21e-02	6.82e-04	4.34e-05	6.08e-06	0.00e+00	0.00e+00
 2.20900e+22	1.94e-23	4.03e-10	1.22e-07	3.34e-06	2.86e-05	2.00e-04	1.76e-02	2.50e-01	4.72e-01	1.92e-01	5.60e-02	1.06e-02	5.75e-04	3.56e-05	4.83e-06	0.00e+00	0.00e+00
 2.23087e+22	2.33e-23	4.64e-10	1.41e-07	3.85e-06	3.25e-05	2.25e-04	1.91e-02	2.61e-01	4.72e-01	1.85e-01	5.21e-02	9.57e-03	5.06e-04	3.06e-05	4.07e-06	0.00e+00	0.00e+00
 2.25285e+22	2.90e-23	5.49e-10	1.70e-07	4.61e-06	3.84e-05	2.64e-04	2.12e-02	2.76e-01	4.71e-01	1.76e-01	4.72e-02	8.35e-03	4.26e-04	2.50e-05	3.23e-06	0.00e+00	0.00e+00
 2.27508e+22	3.50e-23	6.32e-10	1.96e-07	5.31e-06	4.36e-05	2.97e-04	2.29e-02	2.87e-01	4.69e-01	1.69e-01	4.37e-02	7.52e-03	3.73e-04	2.14e-05	2.70e-06	0.00e+00	0.00e+00
 2.29763e+22	4.38e-23	7.48e-10	2.35e-07	6.37e-06	5.14e-05	3.48e-04	2.55e-02	3.03e-01	4.66e-01	1.60e-01	3.94e-02	6.52e-03	3.12e-04	1.74e-05	2.13e-06	0.00e+00	0.00e+00
 2.32050e+22	5.29e-23	8.61e-10	2.72e-07	7.34e-06	5.84e-05	3.91e-04	2.75e-02	3.14e-01	4.63e-01	1.53e-01	3.63e-02	5.84e-03	2.72e-04	1.48e-05	1.77e-06	0.00e+00	0.00e+00
 2.34376e+22	6.64e-23	1.02e-09	3.26e-07	8.79e-06	6.88e-05	4.58e-04	3.05e-02	3.30e-01	4.57e-01	1.44e-01	3.26e-02	5.04e-03	2.26e-04	1.19e-05	1.39e-06	0.00e+00	0.00e+00
 2.36740e+22	8.07e-23	1.18e-09	3.78e-07	1.01e-05	7.80e-05	5.15e-04	3.29e-02	3.42e-01	4.53e-01	1.37e-01	2.99e-02	4.49e-03	1.95e-04	1.01e-05	1.15e-06	0.00e+00	0.00e+00
 2.39153e+22	1.02e-22	1.40e-09	4.54e-07	1.22e-05	9.20e-05	6.03e-04	3.64e-02	3.58e-01	4.46e-01	1.28e-01	2.66e-02	3.84e-03	1.61e-04	8.06e-06	8.88e-07	0.00e+00	0.00e+00
 2.41614e+22	1.25e-22	1.62e-09	5.29e-07	1.41e-05	1.04e-04	6.79e-04	3.93e-02	3.70e-01	4.40e-01	1.21e-01	2.43e-02	3.40e-03	1.38e-04	6.77e-06	7.28e-07	0.00e+00	0.00e+00
 2.44137e+22	1.58e-22	1.93e-09	6.38e-07	1.70e-05	1.23e-04	7.97e-04	4.35e-02	3.87e-01	4.31e-01	1.13e-01	2.15e-02	2.89e-03	1.13e-04	5.35e-06	5.57e-07	0.00e+00	0.00e+00
 2.46703e+22	1.95e-22	2.26e-09	7.46e-07	1.96e-05	1.40e-04	8.97e-04	4.69e-02	3.99e-01	4.24e-01	1.07e-01	1.95e-02	2.54e-03	9.64e-05	4.46e-06	4.54e-07	0.00e+00	0.00e+00
 2.49326e+22	2.49e-22	2.70e-09	9.04e-07	2.37e-05	1.66e-04	1.05e-03	5.18e-02	4.15e-01	4.14e-01	9.85e-02	1.71e-02	2.14e-03	7.79e-05	3.49e-06	3.43e-07	0.00e+00	0.00e+00
 2.51970e+22	3.08e-22	3.15e-09	1.06e-06	2.75e-05	1.88e-04	1.18e-03	5.57e-02	4.27e-01	4.05e-01	9.28e-02	1.55e-02	1.87e-03	6.62e-05	2.90e-06	2.78e-07	0.00e+00	0.00e+00
 2.54224e+22	3.71e-22	3.62e-09	1.22e-06	3.15e-05	2.11e-04	1.32e-03	5.97e-02	4.38e-01	3.97e-01	8.74e-02	1.40e-02	1.65e-03	5.67e-05	2.42e-06	2.27e-07	0.00e+00	0.00e+00
 2.56737e+22	4.69e-22	4.31e-09	1.46e-06	3.75e-05	2.46e-04	1.53e-03	6.52e-02	4.53e-01	3.86e-01	8.08e-02	1.24e-02	1.39e-03	4.62e-05	1.92e-06	1.74e-07	0.00e+00	0.00e+00
 2.59268e+22	5.75e-22	5.00e-09	1.70e-06	4.30e-05	2.76e-04	1.70e-03	6.95e-02	4.63e-01	3.77e-01	7.60e-02	1.12e-02	1.23e-03	3.95e-05	1.60e-06	1.43e-07	0.00e+00	0.00e+00
 2.61413e+22	6.88e-22	5.71e-09	1.94e-06	4.87e-05	3.07e-04	1.88e-03	7.38e-02	4.72e-01	3.69e-01	7.17e-02	1.02e-02	1.09e-03	3.41e-05	1.36e-06	0.00e+00	0.00e+00	0.00e+00
 2.63791e+22	8.57e-22	6.73e-09	2.30e-06	5.72e-05	3.53e-04	2.14e-03	7.98e-02	4.84e-01	3.57e-01	6.63e-02	9.01e-03	9.26e-04	2.80e-05	1.08e-06	0.00e+00	0.00e+00	0.00e+00
 2.66142e+22	1.03e-21	7.69e-09	2.62e-06	6.45e-05	3.91e-04	2.35e-03	8.43e-02	4.93e-01	3.49e-01	6.25e-02	8.23e-03	8.23e-04	2.43e-05	9.21e-07	0.00e+00	0.00e+00	0.00e+00
 2.68456e+22	1.28e-21	9.08e-09	3.09e-06	7.51e-05	4.43e-04	2.65e-03	9.03e-02	5.03e-01	3.38e-01	5.81e-02	7.33e-03	7.09e-04	2.02e-05	7.49e-07	0.00e+00	0.00e+00	0.00e+00
 2.70861e+22	1.56e-21	1.05e-08	3.57e-06	8.57e-05	4.95e-04	2.94e-03	9.60e-02	5.11e-01	3.28e-01	5.42e-02	6.59e-03	6.19e-04	1.72e-05	6.22e-07	0.00e+00	0.00e+00	0.00e+00
 2.73020e+22	1.89e-21	1.21e-08	4.10e-06	9.71e-05	5.49e-04	3.22e-03	1.01e-01	5.18e-01	3.19e-01	5.10e-02	5.99e-03	5.47e-04	1.48e-05	5.24e-07	0.00e+00	0.00e+00	0.00e+00
 2.75460e+22	2.39e-21	1.44e-08	4.88e-06	1.14e-04	6.26e-04	3.65e-03	1.09e-01	5.28e-01	3.07e-01	4.68e-02	5.26e-03	4.63e-04	1.21e-05	4.18e-07	0.00e+00	0.00e+00	0.00e+00
 2.77953e+22	2.89e-21	1.67e-08	5.62e-06	1.30e-04	6.97e-04	4.03e-03	1.15e-01	5.35e-01	2.97e-01	4.36e-02	4.72e-03	4.04e-04	1.03e-05	3.47e-07	0.00e+00	0.00e+00	0.00e+00
 2.80513e+22	3.75e-21	2.02e-08	6.75e-06	1.52e-04	7.95e-04	4.54e-03	1.23e-01	5.42e-01	2.85e-01	4.00e-02	4.15e-03	3.42e-04	8.40e-06	2.77e-07	0.00e+00	0.00e+00	0.00e+00
 2.83193e+22	4.69e-21	2.39e-08	7.93e-06	1.76e-04	8.94e-04	5.06e-03	1.31e-01	5.48e-01	2.74e-01	3.69e-02	3.67e-03	2.93e-04	6.97e-06	2.24e-07	0.00e+00	0.00e+00	0.00e+00
 2.85598e+22	5.84e-21	2.82e-08	9.24e-06	2.01e-04	9.95e-04	5.56e-03	1.38e-01	5.53e-01	2.64e-01	3.43e-02	3.29e-03	2.55e-04	5.89e-06	1.86e-07	0.00e+00	0.00e+00	0.00e+00
 2.88295e+22	7.61e-21	3.44e-08	1.12e-05	2.39e-04	1.14e-03	6.33e-03	1.48e-01	5.59e-01	2.51e-01	3.10e-02	2.83e-03	2.11e-04	4.70e-06	1.44e-07	0.00e+00	0.00e+00	0.00e+00
 2.91028e+22	9.59e-21	4.09e-08	1.31e-05	2.74e-04	1.27e-03	6.96e-03	1.55e-01	5.63e-01	2.42e-01	2.87e-02	2.53e-03	1.83e-04	3.95e-06	1.19e-07	0.00e+00	0.00e+00	0.00e+00
 2.93808e+22	1.27e-20	5.06e-08	1.60e-05	3.25e-04	1.46e-03	7.87e-03	1.66e-01	5.67e-01	2.29e-01	2.59e-02	2.17e-03	1.51e-04	3.15e-06	0.00e+00	0.00e+00	0.00e+00	0.00e+00
 2.96646e+22	1.61e-20	6.06e-08	1.88e-05	3.75e-04	1.63e-03	8.71e-03	1.75e-01	5.70e-01	2.19e-01	2.37e-02	1.92e-03	1.29e-04	2.61e-06	0.00e+00	0.00e+00	0.00e+00	0.00e+00
 2.99559e+22	2.19e-20	7.62e-08	2.32e-05	4.49e-04	1.88e-03	9.85e-03	1.86e-01	5.72e-01	2.07e-01	2.13e-02	1.63e-03	1.06e-04	2.06e-06	0.00e+00	0.00e+00	0.00e+00	0.00e+00
 3.02514e+22	2.81e-20	9.20e-08	2.75e-05	5.19e-04	2.10e-03	1.09e-02	1.96e-01	5.73e-01	1.97e-01	1.94e-02	1.43e-03	8.99e-05	1.69e-06	0.00e+00	0.00e+00	0.00e+00	0.00e+00
 3.05524e+22	3.87e-20	1.17e-07	3.41e-05	6.24e-04	2.42e-03	1.23e-02	2.09e-01	5.73e-01	1.85e-01	1.73e-02	1.21e-03	7.32e-05	1.32e-06	0.00e+00	0.00e+00	0.00e+00	0.00e+00
 3.08579e+22	5.04e-20	1.43e-07	4.06e-05	7.24e-04	2.72e-03	1.36e-02	2.19e-01	5.72e-01	1.75e-01	1.57e-02	1.06e-03	6.17e-05	1.08e-06	0.00e+00	0.00e+00	0.00e+00	0.00e+00
 3.11691e+22	7.04e-20	1.83e-07	5.08e-05	8.73e-04	3.13e-03	1.54e-02	2.33e-01	5.70e-01	1.63e-01	1.39e-02	8.90e-04	4.98e-05	8.37e-07	0.00e+00	0.00e+00	0.00e+00	0.00e+00
 3.14802e+22	9.26e-20	2.25e-07	6.06e-05	1.01e-03	3.50e-03	1.69e-02	2.44e-01	5.67e-01	1.54e-01	1.26e-02	7.76e-04	4.20e-05	6.85e-07	0.00e+00	0.00e+00	0.00e+00	0.00e+00
 3.17910e+22	1.29e-19	2.89e-07	7.55e-05	1.22e-03	4.02e-03	1.91e-02	2.58e-01	5.62e-01	1.43e-01	1.11e-02	6.50e-04	3.38e-05	5.29e-07	0.00e+00	0.00e+00	0.00e+00	0.00e+00
 3.21110e+22	1.73e-19	3.58e-07	9.11e-05	1.42e-03	4.52e-03	2.11e-02	2.70e-01	5.58e-01	1.35e-01	9.98e-03	5.60e-04	2.81e-05	4.25e-07	0.00e+00	0.00e+00	0.00e+00	0.00e+00
 3.23699e+22	2.19e-19	4.28e-07	1.06e-04	1.61e-03	4.97e-03	2.29e-02	2.80e-01	5.53e-01	1.28e-01	9.12e-03	4.94e-04	2.41e-05	3.55e-07	0.00e+00	0.00e+00	0.00e+00	0.00e+00
 3.25983e+22	2.75e-19	5.05e-07	1.22e-04	1.81e-03	5.42e-03	2.46e-02	2.89e-01	5.49e-01	1.22e-01	8.41e-03	4.41e-04	2.10e-05	3.02e-07	0.00e+00	0.00e+00	0.00e+00	0.00e+00
 3.28601e+22	3.64e-19	6.23e-07	1.46e-04	2.10e-03	6.04e-03	2.69e-02	3.01e-01	5.42e-01	1.14e-01	7.56e-03	3.82e-04	1.76e-05	2.45e-07	0.00e+00	0.00e+00	0.00e+00	0.00e+00
 3.31384e+22	4.71e-19	7.55e-07	1.73e-04	2.40e-03	6.67e-03	2.93e-02	3.12e-01	5.35e-01	1.07e-01	6.85e-03	3.33e-04	1.49e-05	2.01e-07	0.00e+00	0.00e+00	0.00e+00	0.00e+00
 3.33966e+22	6.13e-19	9.15e-07	2.03e-04	2.75e-03	7.35e-03	3.17e-02	3.22e-01	5.28e-01	1.01e-01	6.21e-03	2.91e-04	1.26e-05	1.66e-07	0.00e+00	0.00e+00	0.00e+00	0.00e+00
 3.36909e+22	8.59e-19	1.17e-06	2.51e-04	3.26e-03	8.32e-03	3.51e-02	3.36e-01	5.18e-01	9.33e-02	5.45e-03	2.44e-04	1.02e-05	1.29e-07	0.00e+00	0.00e+00	0.00e+00	0.00e+00
 3.39881e+22	1.13e-18	1.43e-06	2.96e-04	3.73e-03	9.18e-03	3.80e-02	3.47e-01	5.09e-01	8.74e-02	4.91e-03	2.12e-04	8.60e-06	0.00e+00	0.00e+00	0.00e+00	0.00e+00	0.00e+00
 3.42893e+22	1.58e-18	1.84e-06	3.65e-04	4.41e-03	1.04e-02	4.19e-02	3.60e-01	4.98e-01	8.04e-02	4.30e-03	1.78e-04	6.95e-06	0.00e+00	0.00e+00	0.00e+00	0.00e+00	0.00e+00
 3.45955e+22	2.12e-18	2.27e-06	4.35e-04	5.08e-03	1.15e-02	4.55e-02	3.72e-01	4.87e-01	7.47e-02	3.84e-03	1.53e-04	5.78e-06	0.00e+00	0.00e+00	0.00e+00	0.00e+00	0.00e+00
 3.48633e+22	2.78e-18	2.76e-06	5.13e-04	5.80e-03	1.26e-02	4.91e-02	3.82e-01	4.77e-01	6.97e-02	3.45e-03	1.32e-04	4.86e-06	0.00e+00	0.00e+00	0.00e+00	0.00e+00	0.00e+00
 3.51665e+22	3.94e-18	3.56e-06	6.33e-04	6.85e-03	1.42e-02	5.41e-02	3.95e-01	4.62e-01	6.36e-02	2.99e-03	1.10e-04	3.88e-06	0.00e+00	0.00e+00	0.00e+00	0.00e+00	0.00e+00
 3.54775e+22	5.27e-18	4.38e-06	7.52e-04	7.86e-03	1.56e-02	5.83e-02	4.05e-01	4.51e-01	5.90e-02	2.67e-03	9.43e-05	3.24e-06	0.00e+00	0.00e+00	0.00e+00	0.00e+00	0.00e+00
 3.57986e+22	7.60e-18	5.71e-06	9.35e-04	9.33e-03	1.76e-02	6.40e-02	4.17e-01	4.35e-01	5.34e-02	2.30e-03	7.75e-05	2.56e-06	0.00e+00	0.00e+00	0.00e+00	0.00e+00	0.00e+00
 3.61264e+22	1.04e-17	7.15e-06	1.12e-03	1.08e-02	1.95e-02	6.93e-02	4.27e-01	4.21e-01	4.89e-02	2.02e-03	6.53e-05	2.09e-06	0.00e+00	0.00e+00	0.00e+00	0.00e+00	0.00e+00
 3.64149e+22	1.41e-17	8.83e-06	1.34e-03	1.24e-02	2.14e-02	7.46e-02	4.36e-01	4.07e-01	4.49e-02	1.78e-03	5.55e-05	1.72e-06	0.00e+00	0.00e+00	0.00e+00	0.00e+00	0.00e+00
 3.67423e+22	2.05e-17	1.15e-05	1.66e-03	1.46e-02	2.40e-02	8.15e-02	4.47e-01	3.90e-01	4.03e-02	1.52e-03	4.53e-05	1.35e-06	0.00e+00	0.00e+00	0.00e+00	0.00e+00	0.00e+00
 3.70804e+22	2.86e-17	1.45e-05	2.00e-03	1.69e-02	2.66e-02	8.79e-02	4.55e-01	3.74e-01	3.66e-02	1.32e-03	3.77e-05	1.09e-06	0.00e+00	0.00e+00	0.00e+00	0.00e+00	0.00e+00
 3.73813e+22	3.39e-17	1.80e-05	2.39e-03	1.94e-02	2.91e-02	9.42e-02	4.61e-01	3.59e-01	3.33e-02	1.15e-03	3.17e-05	8.87e-07	0.00e+00	0.00e+00	0.00e+00	0.00e+00	0.00e+00
 3.77215e+22	5.01e-17	2.37e-05	2.97e-03	2.30e-02	3.26e-02	1.03e-01	4.69e-01	3.40e-01	2.94e-02	9.70e-04	2.55e-05	6.84e-07	0.00e+00	0.00e+00	0.00e+00	0.00e+00	0.00e+00
 3.80702e+22	7.04e-17	3.00e-05	3.59e-03	2.65e-02	3.59e-02	1.10e-01	4.74e-01	3.23e-01	2.63e-02	8.31e-04	2.09e-05	5.43e-07	0.00e+00	0.00e+00	0.00e+00	0.00e+00	0.00e+00
 3.83780e+22	9.69e-17	3.72e-05	4.27e-03	3.03e-02	3.92e-02	1.17e-01	4.77e-01	3.07e-01	2.37e-02	7.19e-04	1.74e-05	4.38e-07	0.00e+00	0.00e+00	0.00e+00	0.00e+00	0.00e+00
 3.87261e+22	1.45e-16	4.89e-05	5.31e-03	3.57e-02	4.37e-02	1.27e-01	4.80e-01	2.87e-01	2.08e-02	5.97e-04	1.38e-05	3.34e-07	0.00e+00	0.00e+00	0.00e+00	0.00e+00	0.00e+00
 3.90847e+22	2.07e-16	6.20e-05	6.41e-03	4.11e-02	4.78e-02	1.35e-01	4.81e-01	2.70e-01	1.83e-02	5.04e-04	1.12e-05	2.61e-07	0.00e+00	0.00e+00	0.00e+00	0.00e+00	0.00e+00
 3.94033e+22	2.87e-16	7.72e-05	7.62e-03	4.68e-02	5.20e-02	1.43e-01	4.80e-01	2.53e-01	1.63e-02	4.31e-04	9.18e-06	2.07e-07	0.00e+00	0.00e+00	0.00e+00	0.00e+00	0.00e+00
 3.97636e+22	4.37e-16	1.02e-04	9.45e-03	5.49e-02	5.75e-02	1.53e-01	4.77e-01	2.33e-01	1.40e-02	3.51e-04	7.14e-06	1.55e-07	0.00e+00	0.00e+00	0.00e+00	0.00e+00	0.00e+00
 4.01345e+22	6.31e-16	1.29e-04	1.14e-02	6.28e-02	6.25e-02	1.62e-01	4.73e-01	2.16e-01	1.22e-02	2.92e-04	5.69e-06	0.00e+00	0.00e+00	0.00e+00	0.00e+00	0.00e+00	0.00e+00
 4.04661e+22	8.94e-16	1.61e-04	1.35e-02	7.12e-02	6.75e-02	1.70e-01	4.67e-01	2.00e-01	1.06e-02	2.45e-04	4.58e-06	0.00e+00	0.00e+00	0.00e+00	0.00e+00	0.00e+00	0.00e+00
 4.08441e+22	1.40e-15	2.13e-04	1.68e-02	8.33e-02	7.41e-02	1.80e-01	4.56e-01	1.80e-01	8.86e-03	1.94e-04	3.45e-06	0.00e+00	0.00e+00	0.00e+00	0.00e+00	0.00e+00	0.00e+00
 4.12291e+22	2.04e-15	2.67e-04	2.00e-02	9.43e-02	7.97e-02	1.88e-01	4.46e-01	1.64e-01	7.59e-03	1.59e-04	2.71e-06	0.00e+00	0.00e+00	0.00e+00	0.00e+00	0.00e+00	0.00e+00
 4.16233e+22	3.27e-15	3.54e-04	2.48e-02	1.10e-01	8.68e-02	1.97e-01	4.30e-01	1.45e-01	6.21e-03	1.23e-04	1.99e-06	0.00e+00	0.00e+00	0.00e+00	0.00e+00	0.00e+00	0.00e+00
 4.20135e+22	4.75e-15	4.38e-04	2.91e-02	1.23e-01	9.23e-02	2.03e-01	4.16e-01	1.31e-01	5.28e-03	1.01e-04	1.56e-06	0.00e+00	0.00e+00	0.00e+00	0.00e+00	0.00e+00	0.00e+00
 4.23298e+22	6.58e-15	5.28e-04	3.35e-02	1.35e-01	9.71e-02	2.08e-01	4.02e-01	1.19e-01	4.55e-03	8.37e-05	1.25e-06	0.00e+00	0.00e+00	0.00e+00	0.00e+00	0.00e+00	0.00e+00
 4.26723e+22	9.92e-15	6.62e-04	3.96e-02	1.51e-01	1.03e-01	2.13e-01	3.83e-01	1.06e-01	3.76e-03	6.63e-05	9.47e-07	0.00e+00	0.00e+00	0.00e+00	0.00e+00	0.00e+00	0.00e+00
 4.30185e+22	1.41e-14	7.95e-04	4.54e-02	1.65e-01	1.08e-01	2.16e-01	3.67e-01	9.49e-02	3.20e-03	5.44e-05	7.48e-07	0.00e+00	0.00e+00	0.00e+00	0.00e+00	0.00e+00	0.00e+00
 4.33230e+22	1.97e-14	9.47e-04	5.16e-02	1.79e-01	1.12e-01	2.19e-01	3.50e-01	8.51e-02	2.72e-03	4.46e-05	5.91e-07	0.00e+00	0.00e+00	0.00e+00	0.00e+00	0.00e+00	0.00e+00
 4.36724e+22	3.10e-14	1.17e-03	6.03e-02	1.98e-01	1.17e-01	2.20e-01	3.27e-01	7.37e-02	2.20e-03	3.46e-05	4.39e-07	0.00e+00	0.00e+00	0.00e+00	0.00e+00	0.00e+00	0.00e+00
 4.40317e+22	4.84e-14	1.41e-03	6.87e-02	2.14e-01	1.21e-01	2.21e-01	3.08e-01	6.47e-02	1.82e-03	2.76e-05	3.36e-07	0.00e+00	0.00e+00	0.00e+00	0.00e+00	0.00e+00	0.00e+00
 4.43522e+22	6.83e-14	1.67e-03	7.75e-02	2.30e-01	1.24e-01	2.20e-01	2.88e-01	5.68e-02	1.51e-03	2.22e-05	2.59e-07	0.00e+00	0.00e+00	0.00e+00	0.00e+00	0.00e+00	0.00e+00
 4.47172e+22	1.16e-13	2.05e-03	8.96e-02	2.51e-01	1.27e-01	2.17e-01	2.64e-01	4.79e-02	1.19e-03	1.67e-05	1.86e-07	0.00e+00	0.00e+00	0.00e+00	0.00e+00	0.00e+00	0.00e+00
 4.50858e+22	2.10e-13	2.42e-03	1.01e-01	2.67e-01	1.29e-01	2.14e-01	2.44e-01	4.13e-02	9.66e-04	1.31e-05	1.40e-07	0.00e+00	0.00e+00	0.00e+00	0.00e+00	0.00e+00	0.00e+00
 4.54063e+22	3.04e-13	2.83e-03	1.12e-01	2.83e-01	1.31e-01	2.10e-01	2.25e-01	3.57e-02	7.89e-04	1.04e-05	0.00e+00	0.00e+00	0.00e+00	0.00e+00	0.00e+00	0.00e+00	0.00e+00
 4.56949e+22	5.43e-13	3.20e-03	1.21e-01	2.95e-01	1.32e-01	2.06e-01	2.11e-01	3.16e-02	6.68e-04	8.54e-06	0.00e+00	0.00e+00	0.00e+00	0.00e+00	0.00e+00	0.00e+00	0.00e+00
 4.59946e+22	8.40e-13	3.72e-03	1.34e-01	3.10e-01	1.32e-01	2.00e-01	1.92e-01	2.70e-02	5.38e-04	6.66e-06	0.00e+00	0.00e+00	0.00e+00	0.00e+00	0.00e+00	0.00e+00	0.00e+00
 4.62999e+22	1.59e-12	4.21e-03	1.46e-01	3.22e-01	1.32e-01	1.95e-01	1.77e-01	2.34e-02	4.46e-04	5.36e-06	0.00e+00	0.00e+00	0.00e+00	0.00e+00	0.00e+00	0.00e+00	0.00e+00
 4.65674e+22	2.76e-12	4.73e-03	1.57e-01	3.33e-01	1.32e-01	1.89e-01	1.64e-01	2.05e-02	3.72e-04	4.36e-06	0.00e+00	0.00e+00	0.00e+00	0.00e+00	0.00e+00	0.00e+00	0.00e+00
 4.68697e+22	6.89e-12	5.45e-03	1.72e-01	3.46e-01	1.31e-01	1.81e-01	1.48e-01	1.72e-02	2.94e-04	3.34e-06	0.00e+00	0.00e+00	0.00e+00	0.00e+00	0.00e+00	0.00e+00	0.00e+00
 4.71773e+22	4.54e-11	6.11e-03	1.84e-01	3.56e-01	1.30e-01	1.74e-01	1.35e-01	1.48e-02	2.42e-04	2.67e-06	0.00e+00	0.00e+00	0.00e+00	0.00e+00	0.00e+00	0.00e+00	0.00e+00
 4.74502e+22	1.45e-10	6.81e-03	1.97e-01	3.65e-01	1.28e-01	1.67e-01	1.23e-01	1.28e-02	1.99e-04	2.15e-06	0.00e+00	0.00e+00	0.00e+00	0.00e+00	0.00e+00	0.00e+00	0.00e+00
 4.77635e+22	1.35e-09	7.81e-03	2.14e-01	3.75e-01	1.26e-01	1.58e-01	1.09e-01	1.05e-02	1.54e-04	1.61e-06	0.00e+00	0.00e+00	0.00e+00	0.00e+00	0.00e+00	0.00e+00	0.00e+00
 4.80783e+22	8.03e-09	8.66e-03	2.28e-01	3.81e-01	1.23e-01	1.51e-01	9.89e-02	8.96e-03	1.26e-04	1.28e-06	0.00e+00	0.00e+00	0.00e+00	0.00e+00	0.00e+00	0.00e+00	0.00e+00
 4.83952e+22	5.88e-08	9.85e-03	2.45e-01	3.89e-01	1.20e-01	1.42e-01	8.69e-02	7.30e-03	9.64e-05	9.53e-07	0.00e+00	0.00e+00	0.00e+00	0.00e+00	0.00e+00	0.00e+00	0.00e+00
 4.87172e+22	8.06e-07	1.09e-02	2.60e-01	3.94e-01	1.17e-01	1.34e-01	7.80e-02	6.16e-03	7.74e-05	7.45e-07	0.00e+00	0.00e+00	0.00e+00	0.00e+00	0.00e+00	0.00e+00	0.00e+00
 4.90456e+22	1.86e-06	1.24e-02	2.79e-01	3.98e-01	1.13e-01	1.24e-01	6.78e-02	4.94e-03	5.85e-05	5.46e-07	0.00e+00	0.00e+00	0.00e+00	0.00e+00	0.00e+00	0.00e+00	0.00e+00
 4.92793e+22	2.21e-06	1.28e-02	2.84e-01	3.99e-01	1.12e-01	1.22e-01	6.53e-02	4.66e-03	5.43e-05	5.02e-07	0.00e+00	0.00e+00	0.00e+00	0.00e+00	0.00e+00	0.00e+00	0.00e+00
 4.93897e+22	2.45e-06	1.34e-02	2.91e-01	4.00e-01	1.11e-01	1.18e-01	6.21e-02	4.31e-03	4.91e-05	4.49e-07	0.00e+00	0.00e+00	0.00e+00	0.00e+00	0.00e+00	0.00e+00	0.00e+00
 4.95333e+22	2.77e-06	1.41e-02	3.00e-01	4.02e-01	1.09e-01	1.14e-01	5.81e-02	3.89e-03	4.32e-05	3.89e-07	0.00e+00	0.00e+00	0.00e+00	0.00e+00	0.00e+00	0.00e+00	0.00e+00
 4.97199e+22	3.17e-06	1.50e-02	3.10e-01	4.02e-01	1.06e-01	1.09e-01	5.37e-02	3.44e-03	3.70e-05	3.28e-07	0.00e+00	0.00e+00	0.00e+00	0.00e+00	0.00e+00	0.00e+00	0.00e+00
 4.99625e+22	3.79e-06	1.64e-02	3.24e-01	4.03e-01	1.03e-01	1.03e-01	4.81e-02	2.91e-03	2.99e-05	2.60e-07	0.00e+00	0.00e+00	0.00e+00	0.00e+00	0.00e+00	0.00e+00	0.00e+00
 5.02779e+22	4.80e-06	1.84e-02	3.44e-01	4.02e-01	9.83e-02	9.40e-02	4.13e-02	2.31e-03	2.23e-05	1.88e-07	0.00e+00	0.00e+00	0.00e+00	0.00e+00	0.00e+00	0.00e+00	0.00e+00
 5.06062e+22	5.73e-06	2.00e-02	3.59e-01	4.01e-01	9.46e-02	8.75e-02	3.66e-02	1.91e-03	1.77e-05	1.45e-07	0.00e+00	0.00e+00	0.00e+00	0.00e+00	0.00e+00	0.00e+00	0.00e+00
 5.09510e+22	7.17e-06	2.25e-02	3.80e-01	3.97e-01	8.94e-02	7.90e-02	3.08e-02	1.48e-03	1.28e-05	0.00e+00	0.00e+00	0.00e+00	0.00e+00	0.00e+00	0.00e+00	0.00e+00	0.00e+00
 5.13018e+22	8.51e-06	2.46e-02	3.96e-01	3.93e-01	8.54e-02	7.27e-02	2.70e-02	1.21e-03	9.93e-06	0.00e+00	0.00e+00	0.00e+00	0.00e+00	0.00e+00	0.00e+00	0.00e+00	0.00e+00
 5.16602e+22	1.05e-05	2.75e-02	4.16e-01	3.87e-01	8.04e-02	6.52e-02	2.26e-02	9.28e-04	7.17e-06	0.00e+00	0.00e+00	0.00e+00	0.00e+00	0.00e+00	0.00e+00	0.00e+00	0.00e+00
 5.20330e+22	1.25e-05	3.02e-02	4.34e-01	3.80e-01	7.60e-02	5.92e-02	1.94e-02	7.37e-04	5.39e-06	0.00e+00	0.00e+00	0.00e+00	0.00e+00	0.00e+00	0.00e+00	0.00e+00	0.00e+00
 5.24244e+22	1.55e-05	3.39e-02	4.56e-01	3.71e-01	7.06e-02	5.21e-02	1.59e-02	5.47e-04	3.74e-06	0.00e+00	0.00e+00	0.00e+00	0.00e+00	0.00e+00	0.00e+00	0.00e+00	0.00e+00
 5.27628e+22	1.74e-05	3.61e-02	4.68e-01	3.65e-01	6.77e-02	4.85e-02	1.43e-02	4.64e-04	3.05e-06	0.00e+00	0.00e+00	0.00e+00	0.00e+00	0.00e+00	0.00e+00	0.00e+00	0.00e+00
 5.30324e+22	1.99e-05	3.89e-02	4.82e-01	3.58e-01	6.43e-02	4.44e-02	1.25e-02	3.79e-04	2.39e-06	0.00e+00	0.00e+00	0.00e+00	0.00e+00	0.00e+00	0.00e+00	0.00e+00	0.00e+00
 5.33155e+22	2.24e-05	4.15e-02	4.94e-01	3.51e-01	6.13e-02	4.10e-02	1.10e-02	3.17e-04	1.91e-06	0.00e+00	0.00e+00	0.00e+00	0.00e+00	0.00e+00	0.00e+00	0.00e+00	0.00e+00
 5.36164e+22	2.59e-05	4.49e-02	5.10e-01	3.41e-01	5.77e-02	3.70e-02	9.46e-03	2.52e-04	1.45e-06	0.00e+00	0.00e+00	0.00e+00	0.00e+00	0.00e+00	0.00e+00	0.00e+00	0.00e+00
 5.39184e+22	2.92e-05	4.79e-02	5.21e-01	3.33e-01	5.49e-02	3.40e-02	8.36e-03	2.10e-04	1.16e-06	0.00e+00	0.00e+00	0.00e+00	0.00e+00	0.00e+00	0.00e+00	0.00e+00	0.00e+00
 5.42219e+22	3.36e-05	5.18e-02	5.36e-01	3.23e-01	5.15e-02	3.05e-02	7.13e-03	1.66e-04	8.73e-07	0.00e+00	0.00e+00	0.00e+00	0.00e+00	0.00e+00	0.00e+00	0.00e+00	0.00e+00
 5.45277e+22	3.77e-05	5.51e-02	5.47e-01	3.14e-01	4.88e-02	2.79e-02	6.28e-03	1.37e-04	6.95e-07	0.00e+00	0.00e+00	0.00e+00	0.00e+00	0.00e+00	0.00e+00	0.00e+00	0.00e+00
 5.48365e+22	4.34e-05	5.94e-02	5.61e-01	3.03e-01	4.56e-02	2.50e-02	5.34e-03	1.08e-04	5.22e-07	0.00e+00	0.00e+00	0.00e+00	0.00e+00	0.00e+00	0.00e+00	0.00e+00	0.00e+00
 5.51523e+22	4.87e-05	6.33e-02	5.72e-01	2.94e-01	4.30e-02	2.27e-02	4.66e-03	8.84e-05	4.09e-07	0.00e+00	0.00e+00	0.00e+00	0.00e+00	0.00e+00	0.00e+00	0.00e+00	0.00e+00
 5.54774e+22	5.62e-05	6.84e-02	5.86e-01	2.82e-01	4.00e-02	2.01e-02	3.92e-03	6.84e-05	3.02e-07	0.00e+00	0.00e+00	0.00e+00	0.00e+00	0.00e+00	0.00e+00	0.00e+00	0.00e+00
 5.57644e+22	6.11e-05	7.15e-02	5.93e-01	2.75e-01	3.83e-02	1.87e-02	3.55e-03	5.91e-05	2.53e-07	0.00e+00	0.00e+00	0.00e+00	0.00e+00	0.00e+00	0.00e+00	0.00e+00	0.00e+00
 5.59448e+22	6.50e-05	7.39e-02	5.98e-01	2.70e-01	3.70e-02	1.77e-02	3.29e-03	5.29e-05	2.22e-07	0.00e+00	0.00e+00	0.00e+00	0.00e+00	0.00e+00	0.00e+00	0.00e+00	0.00e+00
 5.61218e+22	6.98e-05	7.68e-02	6.05e-01	2.63e-01	3.55e-02	1.66e-02	3.00e-03	4.62e-05	1.89e-07	0.00e+00	0.00e+00	0.00e+00	0.00e+00	0.00e+00	0.00e+00	0.00e+00	0.00e+00
 5.63519e+22	7.66e-05	8.07e-02	6.13e-01	2.55e-01	3.37e-02	1.52e-02	2.66e-03	3.87e-05	1.53e-07	0.00e+00	0.00e+00	0.00e+00	0.00e+00	0.00e+00	0.00e+00	0.00e+00	0.00e+00
 5.66511e+22	8.73e-05	8.65e-02	6.23e-01	2.43e-01	3.13e-02	1.34e-02	2.25e-03	3.02e-05	0.00e+00	0.00e+00	0.00e+00	0.00e+00	0.00e+00	0.00e+00	0.00e+00	0.00e+00	0.00e+00
 5.69099e+22	9.32e-05	8.95e-02	6.28e-01	2.38e-01	3.01e-02	1.27e-02	2.07e-03	2.67e-05	0.00e+00	0.00e+00	0.00e+00	0.00e+00	0.00e+00	0.00e+00	0.00e+00	0.00e+00	0.00e+00
 5.71163e+22	1.01e-04	9.36e-02	6.34e-01	2.30e-01	2.86e-02	1.16e-02	1.85e-03	2.27e-05	0.00e+00	0.00e+00	0.00e+00	0.00e+00	0.00e+00	0.00e+00	0.00e+00	0.00e+00	0.00e+00
 5.73845e+22	1.13e-04	9.89e-02	6.42e-01	2.20e-01	2.68e-02	1.05e-02	1.60e-03	1.84e-05	0.00e+00	0.00e+00	0.00e+00	0.00e+00	0.00e+00	0.00e+00	0.00e+00	0.00e+00	0.00e+00
 5.77332e+22	1.29e-04	1.06e-01	6.51e-01	2.07e-01	2.46e-02	9.07e-03	1.32e-03	1.39e-05	0.00e+00	0.00e+00	0.00e+00	0.00e+00	0.00e+00	0.00e+00	0.00e+00	0.00e+00	0.00e+00
 5.80681e+22	1.42e-04	1.12e-01	6.57e-01	1.99e-01	2.31e-02	8.22e-03	1.16e-03	1.14e-05	0.00e+00	0.00e+00	0.00e+00	0.00e+00	0.00e+00	0.00e+00	0.00e+00	0.00e+00	0.00e+00
 5.83850e+22	1.60e-04	1.19e-01	6.64e-01	1.88e-01	2.13e-02	7.22e-03	9.75e-04	8.90e-06	0.00e+00	0.00e+00	0.00e+00	0.00e+00	0.00e+00	0.00e+00	0.00e+00	0.00e+00	0.00e+00
 5.87374e+22	1.80e-04	1.26e-01	6.69e-01	1.77e-01	1.97e-02	6.36e-03	8.23e-04	6.95e-06	0.00e+00	0.00e+00	0.00e+00	0.00e+00	0.00e+00	0.00e+00	0.00e+00	0.00e+00	0.00e+00
 5.91361e+22	2.08e-04	1.36e-01	6.76e-01	1.64e-01	1.77e-02	5.37e-03	6.60e-04	5.05e-06	0.00e+00	0.00e+00	0.00e+00	0.00e+00	0.00e+00	0.00e+00	0.00e+00	0.00e+00	0.00e+00
 5.95347e+22	2.33e-04	1.44e-01	6.79e-01	1.55e-01	1.63e-02	4.73e-03	5.58e-04	3.95e-06	0.00e+00	0.00e+00	0.00e+00	0.00e+00	0.00e+00	0.00e+00	0.00e+00	0.00e+00	0.00e+00
 5.99330e+22	2.68e-04	1.55e-01	6.83e-01	1.42e-01	1.47e-02	4.00e-03	4.49e-04	2.89e-06	0.00e+00	0.00e+00	0.00e+00	0.00e+00	0.00e+00	0.00e+00	0.00e+00	0.00e+00	0.00e+00
 6.03410e+22	3.01e-04	1.64e-01	6.85e-01	1.33e-01	1.35e-02	3.48e-03	3.74e-04	2.22e-06	0.00e+00	0.00e+00	0.00e+00	0.00e+00	0.00e+00	0.00e+00	0.00e+00	0.00e+00	0.00e+00
 6.07618e+22	3.49e-04	1.77e-01	6.87e-01	1.21e-01	1.20e-02	2.89e-03	2.95e-04	1.58e-06	0.00e+00	0.00e+00	0.00e+00	0.00e+00	0.00e+00	0.00e+00	0.00e+00	0.00e+00	0.00e+00
 6.11859e+22	3.91e-04	1.87e-01	6.87e-01	1.12e-01	1.09e-02	2.51e-03	2.46e-04	1.21e-06	0.00e+00	0.00e+00	0.00e+00	0.00e+00	0.00e+00	0.00e+00	0.00e+00	0.00e+00	0.00e+00
 6.16142e+22	4.53e-04	2.01e-01	6.86e-01	1.01e-01	9.68e-03	2.07e-03	1.92e-04	8.51e-07	0.00e+00	0.00e+00	0.00e+00	0.00e+00	0.00e+00	0.00e+00	0.00e+00	0.00e+00	0.00e+00
 6.20479e+22	5.07e-04	2.12e-01	6.84e-01	9.33e-02	8.80e-03	1.79e-03	1.58e-04	6.50e-07	0.00e+00	0.00e+00	0.00e+00	0.00e+00	0.00e+00	0.00e+00	0.00e+00	0.00e+00	0.00e+00
 6.24888e+22	5.89e-04	2.27e-01	6.80e-01	8.30e-02	7.72e-03	1.46e-03	1.22e-04	4.49e-07	0.00e+00	0.00e+00	0.00e+00	0.00e+00	0.00e+00	0.00e+00	0.00e+00	0.00e+00	0.00e+00
 6.29369e+22	6.63e-04	2.40e-01	6.76e-01	7.56e-02	6.95e-03	1.24e-03	9.94e-05	3.36e-07	0.00e+00	0.00e+00	0.00e+00	0.00e+00	0.00e+00	0.00e+00	0.00e+00	0.00e+00	0.00e+00
 6.32917e+22	7.27e-04	2.50e-01	6.72e-01	7.01e-02	6.40e-03	1.09e-03	8.45e-05	2.68e-07	0.00e+00	0.00e+00	0.00e+00	0.00e+00	0.00e+00	0.00e+00	0.00e+00	0.00e+00	0.00e+00
 6.36499e+22	8.22e-04	2.64e-01	6.66e-01	6.30e-02	5.71e-03	9.19e-04	6.75e-05	1.96e-07	0.00e+00	0.00e+00	0.00e+00	0.00e+00	0.00e+00	0.00e+00	0.00e+00	0.00e+00	0.00e+00
 6.40037e+22	9.00e-04	2.74e-01	6.60e-01	5.81e-02	5.25e-03	8.09e-04	5.73e-05	1.56e-07	0.00e+00	0.00e+00	0.00e+00	0.00e+00	0.00e+00	0.00e+00	0.00e+00	0.00e+00	0.00e+00
 6.43518e+22	1.01e-03	2.89e-01	6.53e-01	5.19e-02	4.68e-03	6.80e-04	4.58e-05	0.00e+00	0.00e+00	0.00e+00	0.00e+00	0.00e+00	0.00e+00	0.00e+00	0.00e+00	0.00e+00	0.00e+00
 6.47055e+22	1.12e-03	3.01e-01	6.46e-01	4.72e-02	4.25e-03	5.89e-04	3.81e-05	0.00e+00	0.00e+00	0.00e+00	0.00e+00	0.00e+00	0.00e+00	0.00e+00	0.00e+00	0.00e+00	0.00e+00
 6.50169e+22	1.23e-03	3.13e-01	6.38e-01	4.29e-02	3.86e-03	5.10e-04	3.16e-05	0.00e+00	0.00e+00	0.00e+00	0.00e+00	0.00e+00	0.00e+00	0.00e+00	0.00e+00	0.00e+00	0.00e+00
 6.53720e+22	1.40e-03	3.29e-01	6.28e-01	3.77e-02	3.41e-03	4.22e-04	2.48e-05	0.00e+00	0.00e+00	0.00e+00	0.00e+00	0.00e+00	0.00e+00	0.00e+00	0.00e+00	0.00e+00	0.00e+00
 6.57342e+22	1.56e-03	3.43e-01	6.18e-01	3.36e-02	3.05e-03	3.59e-04	2.01e-05	0.00e+00	0.00e+00	0.00e+00	0.00e+00	0.00e+00	0.00e+00	0.00e+00	0.00e+00	0.00e+00	0.00e+00
 6.60515e+22	1.73e-03	3.57e-01	6.08e-01	2.99e-02	2.73e-03	3.05e-04	1.63e-05	0.00e+00	0.00e+00	0.00e+00	0.00e+00	0.00e+00	0.00e+00	0.00e+00	0.00e+00	0.00e+00	0.00e+00
 6.64101e+22	1.98e-03	3.76e-01	5.94e-01	2.56e-02	2.35e-03	2.47e-04	1.24e-05	0.00e+00	0.00e+00	0.00e+00	0.00e+00	0.00e+00	0.00e+00	0.00e+00	0.00e+00	0.00e+00	0.00e+00
 6.67802e+22	2.24e-03	3.92e-01	5.81e-01	2.22e-02	2.06e-03	2.04e-04	9.65e-06	0.00e+00	0.00e+00	0.00e+00	0.00e+00	0.00e+00	0.00e+00	0.00e+00	0.00e+00	0.00e+00	0.00e+00
 6.71073e+22	2.52e-03	4.09e-01	5.68e-01	1.92e-02	1.79e-03	1.69e-04	7.55e-06	0.00e+00	0.00e+00	0.00e+00	0.00e+00	0.00e+00	0.00e+00	0.00e+00	0.00e+00	0.00e+00	0.00e+00
 6.74747e+22	2.92e-03	4.30e-01	5.49e-01	1.59e-02	1.49e-03	1.32e-04	5.48e-06	0.00e+00	0.00e+00	0.00e+00	0.00e+00	0.00e+00	0.00e+00	0.00e+00	0.00e+00	0.00e+00	0.00e+00
 6.78490e+22	3.35e-03	4.50e-01	5.32e-01	1.32e-02	1.26e-03	1.04e-04	4.07e-06	0.00e+00	0.00e+00	0.00e+00	0.00e+00	0.00e+00	0.00e+00	0.00e+00	0.00e+00	0.00e+00	0.00e+00
 6.81406e+22	3.73e-03	4.66e-01	5.18e-01	1.14e-02	1.09e-03	8.64e-05	3.21e-06	0.00e+00	0.00e+00	0.00e+00	0.00e+00	0.00e+00	0.00e+00	0.00e+00	0.00e+00	0.00e+00	0.00e+00
 6.83899e+22	4.14e-03	4.82e-01	5.04e-01	9.80e-03	9.43e-04	7.16e-05	2.53e-06	0.00e+00	0.00e+00	0.00e+00	0.00e+00	0.00e+00	0.00e+00	0.00e+00	0.00e+00	0.00e+00	0.00e+00
 6.86759e+22	4.71e-03	5.02e-01	4.85e-01	8.06e-03	7.79e-04	5.63e-05	1.87e-06	0.00e+00	0.00e+00	0.00e+00	0.00e+00	0.00e+00	0.00e+00	0.00e+00	0.00e+00	0.00e+00	0.00e+00
 6.88895e+22	5.01e-03	5.11e-01	4.76e-01	7.24e-03	7.03e-04	4.94e-05	1.59e-06	0.00e+00	0.00e+00	0.00e+00	0.00e+00	0.00e+00	0.00e+00	0.00e+00	0.00e+00	0.00e+00	0.00e+00
 6.89690e+22	5.15e-03	5.15e-01	4.72e-01	6.90e-03	6.71e-04	4.66e-05	1.48e-06	0.00e+00	0.00e+00	0.00e+00	0.00e+00	0.00e+00	0.00e+00	0.00e+00	0.00e+00	0.00e+00	0.00e+00
 6.90272e+22	5.30e-03	5.20e-01	4.67e-01	6.60e-03	6.41e-04	4.41e-05	1.39e-06	0.00e+00	0.00e+00	0.00e+00	0.00e+00	0.00e+00	0.00e+00	0.00e+00	0.00e+00	0.00e+00	0.00e+00
 6.90942e+22	5.44e-03	5.25e-01	4.63e-01	6.29e-03	6.12e-04	4.16e-05	1.29e-06	0.00e+00	0.00e+00	0.00e+00	0.00e+00	0.00e+00	0.00e+00	0.00e+00	0.00e+00	0.00e+00	0.00e+00
 6.91743e+22	5.66e-03	5.31e-01	4.57e-01	5.89e-03	5.73e-04	3.85e-05	1.18e-06	0.00e+00	0.00e+00	0.00e+00	0.00e+00	0.00e+00	0.00e+00	0.00e+00	0.00e+00	0.00e+00	0.00e+00
 6.92550e+22	5.84e-03	5.37e-01	4.51e-01	5.56e-03	5.41e-04	3.58e-05	1.08e-06	0.00e+00	0.00e+00	0.00e+00	0.00e+00	0.00e+00	0.00e+00	0.00e+00	0.00e+00	0.00e+00	0.00e+00
 6.93272e+22	6.03e-03	5.42e-01	4.46e-01	5.25e-03	5.11e-04	3.35e-05	9.95e-07	0.00e+00	0.00e+00	0.00e+00	0.00e+00	0.00e+00	0.00e+00	0.00e+00	0.00e+00	0.00e+00	0.00e+00
 6.93974e+22	6.22e-03	5.48e-01	4.41e-01	4.97e-03	4.83e-04	3.13e-05	9.18e-07	0.00e+00	0.00e+00	0.00e+00	0.00e+00	0.00e+00	0.00e+00	0.00e+00	0.00e+00	0.00e+00	0.00e+00
 6.94667e+22	6.41e-03	5.53e-01	4.35e-01	4.69e-03	4.56e-04	2.92e-05	8.47e-07	0.00e+00	0.00e+00	0.00e+00	0.00e+00	0.00e+00	0.00e+00	0.00e+00	0.00e+00	0.00e+00	0.00e+00
 6.95344e+22	6.57e-03	5.58e-01	4.31e-01	4.45e-03	4.32e-04	2.74e-05	7.86e-07	0.00e+00	0.00e+00	0.00e+00	0.00e+00	0.00e+00	0.00e+00	0.00e+00	0.00e+00	0.00e+00	0.00e+00
 6.96043e+22	6.78e-03	5.64e-01	4.25e-01	4.19e-03	4.06e-04	2.55e-05	7.22e-07	0.00e+00	0.00e+00	0.00e+00	0.00e+00	0.00e+00	0.00e+00	0.00e+00	0.00e+00	0.00e+00	0.00e+00
 6.96740e+22	6.97e-03	5.69e-01	4.19e-01	3.95e-03	3.83e-04	2.38e-05	6.66e-07	0.00e+00	0.00e+00	0.00e+00	0.00e+00	0.00e+00	0.00e+00	0.00e+00	0.00e+00	0.00e+00	0.00e+00
 6.97391e+22	7.17e-03	5.75e-01	4.14e-01	3.73e-03	3.61e-04	2.22e-05	6.15e-07	0.00e+00	0.00e+00	0.00e+00	0.00e+00	0.00e+00	0.00e+00	0.00e+00	0.00e+00	0.00e+00	0.00e+00
 6.98014e+22	7.35e-03	5.80e-01	4.09e-01	3.53e-03	3.41e-04	2.08e-05	5.72e-07	0.00e+00	0.00e+00	0.00e+00	0.00e+00	0.00e+00	0.00e+00	0.00e+00	0.00e+00	0.00e+00	0.00e+00
 6.98634e+22	7.56e-03	5.85e-01	4.03e-01	3.33e-03	3.21e-04	1.94e-05	5.29e-07	0.00e+00	0.00e+00	0.00e+00	0.00e+00	0.00e+00	0.00e+00	0.00e+00	0.00e+00	0.00e+00	0.00e+00
 6.99257e+22	7.72e-03	5.90e-01	3.99e-01	3.16e-03	3.04e-04	1.82e-05	4.92e-07	0.00e+00	0.00e+00	0.00e+00	0.00e+00	0.00e+00	0.00e+00	0.00e+00	0.00e+00	0.00e+00	0.00e+00
 6.99893e+22	7.92e-03	5.96e-01	3.93e-01	2.97e-03	2.85e-04	1.69e-05	4.54e-07	0.00e+00	0.00e+00	0.00e+00	0.00e+00	0.00e+00	0.00e+00	0.00e+00	0.00e+00	0.00e+00	0.00e+00
 7.00526e+22	8.10e-03	6.01e-01	3.88e-01	2.81e-03	2.69e-04	1.58e-05	4.21e-07	0.00e+00	0.00e+00	0.00e+00	0.00e+00	0.00e+00	0.00e+00	0.00e+00	0.00e+00	0.00e+00	0.00e+00
 7.01128e+22	8.31e-03	6.07e-01	3.82e-01	2.64e-03	2.52e-04	1.47e-05	3.89e-07	0.00e+00	0.00e+00	0.00e+00	0.00e+00	0.00e+00	0.00e+00	0.00e+00	0.00e+00	0.00e+00	0.00e+00
 7.01701e+22	8.46e-03	6.11e-01	3.78e-01	2.51e-03	2.39e-04	1.38e-05	3.64e-07	0.00e+00	0.00e+00	0.00e+00	0.00e+00	0.00e+00	0.00e+00	0.00e+00	0.00e+00	0.00e+00	0.00e+00
 7.02274e+22	8.66e-03	6.16e-01	3.72e-01	2.37e-03	2.25e-04	1.29e-05	3.38e-07	0.00e+00	0.00e+00	0.00e+00	0.00e+00	0.00e+00	0.00e+00	0.00e+00	0.00e+00	0.00e+00	0.00e+00
 7.02858e+22	8.82e-03	6.21e-01	3.67e-01	2.24e-03	2.12e-04	1.21e-05	3.14e-07	0.00e+00	0.00e+00	0.00e+00	0.00e+00	0.00e+00	0.00e+00	0.00e+00	0.00e+00	0.00e+00	0.00e+00
 7.03433e+22	8.99e-03	6.27e-01	3.62e-01	2.12e-03	2.00e-04	1.13e-05	2.92e-07	0.00e+00	0.00e+00	0.00e+00	0.00e+00	0.00e+00	0.00e+00	0.00e+00	0.00e+00	0.00e+00	0.00e+00
 7.04002e+22	9.17e-03	6.32e-01	3.57e-01	2.00e-03	1.88e-04	1.05e-05	2.72e-07	0.00e+00	0.00e+00	0.00e+00	0.00e+00	0.00e+00	0.00e+00	0.00e+00	0.00e+00	0.00e+00	0.00e+00
 7.04546e+22	9.33e-03	6.37e-01	3.52e-01	1.89e-03	1.77e-04	9.84e-06	2.54e-07	0.00e+00	0.00e+00	0.00e+00	0.00e+00	0.00e+00	0.00e+00	0.00e+00	0.00e+00	0.00e+00	0.00e+00
 7.05078e+22	9.48e-03	6.42e-01	3.47e-01	1.79e-03	1.67e-04	9.23e-06	2.37e-07	0.00e+00	0.00e+00	0.00e+00	0.00e+00	0.00e+00	0.00e+00	0.00e+00	0.00e+00	0.00e+00	0.00e+00
 7.05617e+22	9.63e-03	6.47e-01	3.42e-01	1.70e-03	1.57e-04	8.64e-06	2.22e-07	0.00e+00	0.00e+00	0.00e+00	0.00e+00	0.00e+00	0.00e+00	0.00e+00	0.00e+00	0.00e+00	0.00e+00
 7.06160e+22	9.76e-03	6.51e-01	3.37e-01	1.60e-03	1.48e-04	8.09e-06	2.07e-07	0.00e+00	0.00e+00	0.00e+00	0.00e+00	0.00e+00	0.00e+00	0.00e+00	0.00e+00	0.00e+00	0.00e+00
 7.06700e+22	9.89e-03	6.56e-01	3.32e-01	1.52e-03	1.40e-04	7.57e-06	1.94e-07	0.00e+00	0.00e+00	0.00e+00	0.00e+00	0.00e+00	0.00e+00	0.00e+00	0.00e+00	0.00e+00	0.00e+00
 7.07237e+22	9.99e-03	6.61e-01	3.28e-01	1.44e-03	1.32e-04	7.11e-06	1.82e-07	0.00e+00	0.00e+00	0.00e+00	0.00e+00	0.00e+00	0.00e+00	0.00e+00	0.00e+00	0.00e+00	0.00e+00
 7.07783e+22	1.01e-02	6.66e-01	3.23e-01	1.36e-03	1.24e-04	6.65e-06	1.70e-07	0.00e+00	0.00e+00	0.00e+00	0.00e+00	0.00e+00	0.00e+00	0.00e+00	0.00e+00	0.00e+00	0.00e+00
 7.08330e+22	1.02e-02	6.71e-01	3.18e-01	1.29e-03	1.17e-04	6.20e-06	1.59e-07	0.00e+00	0.00e+00	0.00e+00	0.00e+00	0.00e+00	0.00e+00	0.00e+00	0.00e+00	0.00e+00	0.00e+00
 7.08848e+22	1.03e-02	6.75e-01	3.13e-01	1.22e-03	1.10e-04	5.83e-06	1.49e-07	0.00e+00	0.00e+00	0.00e+00	0.00e+00	0.00e+00	0.00e+00	0.00e+00	0.00e+00	0.00e+00	0.00e+00
 7.09347e+22	1.04e-02	6.79e-01	3.09e-01	1.16e-03	1.05e-04	5.51e-06	1.41e-07	0.00e+00	0.00e+00	0.00e+00	0.00e+00	0.00e+00	0.00e+00	0.00e+00	0.00e+00	0.00e+00	0.00e+00
 7.09892e+22	1.05e-02	6.84e-01	3.04e-01	1.10e-03	9.86e-05	5.14e-06	1.32e-07	0.00e+00	0.00e+00	0.00e+00	0.00e+00	0.00e+00	0.00e+00	0.00e+00	0.00e+00	0.00e+00	0.00e+00
 7.10452e+22	1.05e-02	6.88e-01	3.00e-01	1.04e-03	9.30e-05	4.83e-06	0.00e+00	0.00e+00	0.00e+00	0.00e+00	0.00e+00	0.00e+00	0.00e+00	0.00e+00	0.00e+00	0.00e+00	0.00e+00
 7.10981e+22	1.05e-02	6.93e-01	2.96e-01	9.88e-04	8.79e-05	4.53e-06	0.00e+00	0.00e+00	0.00e+00	0.00e+00	0.00e+00	0.00e+00	0.00e+00	0.00e+00	0.00e+00	0.00e+00	0.00e+00
 7.11507e+22	1.06e-02	6.97e-01	2.92e-01	9.37e-04	8.30e-05	4.26e-06	0.00e+00	0.00e+00	0.00e+00	0.00e+00	0.00e+00	0.00e+00	0.00e+00	0.00e+00	0.00e+00	0.00e+00	0.00e+00
 7.12023e+22	1.06e-02	7.00e-01	2.88e-01	8.93e-04	7.88e-05	4.02e-06	0.00e+00	0.00e+00	0.00e+00	0.00e+00	0.00e+00	0.00e+00	0.00e+00	0.00e+00	0.00e+00	0.00e+00	0.00e+00
