#depth	He	He+	He+2
 4.62852e+21	3.22e-09	1.01e-04	1.00e+00
 1.02798e+22	5.15e-09	1.49e-04	1.00e+00
 1.18140e+22	6.56e-09	1.81e-04	1.00e+00
 1.25811e+22	7.33e-09	2.00e-04	1.00e+00
 1.29208e+22	7.60e-09	2.07e-04	1.00e+00
 1.31141e+22	7.93e-09	2.17e-04	1.00e+00
 1.33224e+22	8.24e-09	2.26e-04	1.00e+00
 1.35097e+22	8.51e-09	2.34e-04	1.00e+00
 1.37124e+22	8.85e-09	2.46e-04	1.00e+00
 1.39133e+22	9.13e-09	2.55e-04	1.00e+00
 1.41117e+22	9.44e-09	2.68e-04	1.00e+00
 1.43122e+22	9.70e-09	2.78e-04	1.00e+00
 1.45151e+22	9.99e-09	2.93e-04	1.00e+00
 1.47205e+22	1.02e-08	3.04e-04	1.00e+00
 1.49289e+22	1.05e-08	3.21e-04	1.00e+00
 1.51412e+22	1.07e-08	3.35e-04	1.00e+00
 1.53584e+22	1.10e-08	3.54e-04	1.00e+00
 1.55796e+22	1.11e-08	3.70e-04	1.00e+00
 1.58058e+22	1.13e-08	3.93e-04	1.00e+00
 1.60364e+22	1.14e-08	4.13e-04	1.00e+00
 1.62661e+22	1.15e-08	4.38e-04	1.00e+00
 1.64854e+22	1.17e-08	4.57e-04	1.00e+00
 1.66980e+22	1.17e-08	4.84e-04	1.00e+00
 1.69100e+22	1.18e-08	5.06e-04	9.99e-01
 1.71214e+22	1.19e-08	5.35e-04	9.99e-01
 1.73356e+22	1.19e-08	5.60e-04	9.99e-01
 1.75251e+22	1.20e-08	5.85e-04	9.99e-01
 1.77144e+22	1.21e-08	6.12e-04	9.99e-01
 1.79289e+22	1.23e-08	6.48e-04	9.99e-01
 1.81410e+22	1.25e-08	6.76e-04	9.99e-01
 1.83530e+22	1.27e-08	7.15e-04	9.99e-01
 1.85652e+22	1.30e-08	7.45e-04	9.99e-01
 1.87778e+22	1.34e-08	7.88e-04	9.99e-01
 1.89917e+22	1.38e-08	8.22e-04	9.99e-01
 1.92073e+22	1.44e-08	8.69e-04	9.99e-01
 1.94247e+22	1.50e-08	9.06e-04	9.99e-01
 1.96445e+22	1.58e-08	9.58e-04	9.99e-01
 1.98671e+22	1.66e-08	1.00e-03	9.99e-01
 2.00933e+22	1.78e-08	1.06e-03	9.99e-01
 2.03234e+22	1.89e-08	1.11e-03	9.99e-01
 2.05587e+22	2.05e-08	1.17e-03	9.99e-01
 2.07997e+22	2.21e-08	1.23e-03	9.99e-01
 2.10042e+22	2.35e-08	1.28e-03	9.99e-01
 2.12260e+22	2.57e-08	1.35e-03	9.99e-01
 2.14441e+22	2.75e-08	1.40e-03	9.99e-01
 2.16572e+22	3.01e-08	1.47e-03	9.99e-01
 2.18723e+22	3.23e-08	1.53e-03	9.98e-01
 2.20900e+22	3.55e-08	1.61e-03	9.98e-01
 2.23087e+22	3.82e-08	1.68e-03	9.98e-01
 2.25285e+22	4.22e-08	1.77e-03	9.98e-01
 2.27508e+22	4.55e-08	1.83e-03	9.98e-01
 2.29763e+22	5.04e-08	1.93e-03	9.98e-01
 2.32050e+22	5.45e-08	2.01e-03	9.98e-01
 2.34376e+22	6.06e-08	2.12e-03	9.98e-01
 2.36740e+22	6.58e-08	2.21e-03	9.98e-01
 2.39153e+22	7.35e-08	2.33e-03	9.98e-01
 2.41614e+22	8.00e-08	2.43e-03	9.98e-01
 2.44137e+22	8.98e-08	2.57e-03	9.97e-01
 2.46703e+22	9.80e-08	2.69e-03	9.97e-01
 2.49326e+22	1.10e-07	2.85e-03	9.97e-01
 2.51970e+22	1.21e-07	2.97e-03	9.97e-01
 2.54224e+22	1.31e-07	3.10e-03	9.97e-01
 2.56737e+22	1.47e-07	3.27e-03	9.97e-01
 2.59268e+22	1.60e-07	3.41e-03	9.97e-01
 2.61413e+22	1.73e-07	3.54e-03	9.96e-01
 2.63791e+22	1.92e-07	3.73e-03	9.96e-01
 2.66142e+22	2.07e-07	3.87e-03	9.96e-01
 2.68456e+22	2.28e-07	4.05e-03	9.96e-01
 2.70861e+22	2.49e-07	4.23e-03	9.96e-01
 2.73020e+22	2.69e-07	4.39e-03	9.96e-01
 2.75460e+22	2.99e-07	4.62e-03	9.95e-01
 2.77953e+22	3.25e-07	4.82e-03	9.95e-01
 2.80513e+22	3.60e-07	5.06e-03	9.95e-01
 2.83193e+22	3.96e-07	5.30e-03	9.95e-01
 2.85598e+22	4.31e-07	5.53e-03	9.94e-01
 2.88295e+22	4.82e-07	5.84e-03	9.94e-01
 2.91028e+22	5.26e-07	6.09e-03	9.94e-01
 2.93808e+22	5.88e-07	6.44e-03	9.94e-01
 2.96646e+22	6.45e-07	6.74e-03	9.93e-01
 2.99559e+22	7.24e-07	7.13e-03	9.93e-01
 3.02514e+22	7.97e-07	7.48e-03	9.93e-01
 3.05524e+22	8.97e-07	7.92e-03	9.92e-01
 3.08579e+22	9.88e-07	8.31e-03	9.92e-01
 3.11691e+22	1.12e-06	8.82e-03	9.91e-01
 3.14802e+22	1.23e-06	9.24e-03	9.91e-01
 3.17910e+22	1.39e-06	9.81e-03	9.90e-01
 3.21110e+22	1.53e-06	1.03e-02	9.90e-01
 3.23699e+22	1.67e-06	1.08e-02	9.89e-01
 3.25983e+22	1.80e-06	1.12e-02	9.89e-01
 3.28601e+22	1.98e-06	1.17e-02	9.88e-01
 3.31384e+22	2.17e-06	1.22e-02	9.88e-01
 3.33966e+22	2.36e-06	1.28e-02	9.87e-01
 3.36909e+22	2.65e-06	1.35e-02	9.86e-01
 3.39881e+22	2.90e-06	1.41e-02	9.86e-01
 3.42893e+22	3.24e-06	1.49e-02	9.85e-01
 3.45955e+22	3.57e-06	1.56e-02	9.84e-01
 3.48633e+22	3.90e-06	1.64e-02	9.84e-01
 3.51665e+22	4.38e-06	1.73e-02	9.83e-01
 3.54775e+22	4.80e-06	1.81e-02	9.82e-01
 3.57986e+22	5.40e-06	1.92e-02	9.81e-01
 3.61264e+22	5.98e-06	2.02e-02	9.80e-01
 3.64149e+22	6.59e-06	2.12e-02	9.79e-01
 3.67423e+22	7.41e-06	2.24e-02	9.78e-01
 3.70804e+22	8.24e-06	2.36e-02	9.76e-01
 3.73813e+22	9.09e-06	2.48e-02	9.75e-01
 3.77215e+22	1.03e-05	2.64e-02	9.74e-01
 3.80702e+22	1.15e-05	2.78e-02	9.72e-01
 3.83780e+22	1.27e-05	2.92e-02	9.71e-01
 3.87261e+22	1.44e-05	3.11e-02	9.69e-01
 3.90847e+22	1.61e-05	3.28e-02	9.67e-01
 3.94033e+22	1.78e-05	3.45e-02	9.65e-01
 3.97636e+22	2.02e-05	3.68e-02	9.63e-01
 4.01345e+22	2.27e-05	3.89e-02	9.61e-01
 4.04661e+22	2.53e-05	4.10e-02	9.59e-01
 4.08441e+22	2.90e-05	4.38e-02	9.56e-01
 4.12291e+22	3.25e-05	4.63e-02	9.54e-01
 4.16233e+22	3.74e-05	4.96e-02	9.50e-01
 4.20135e+22	4.18e-05	5.24e-02	9.48e-01
 4.23298e+22	4.61e-05	5.49e-02	9.45e-01
 4.26723e+22	5.20e-05	5.82e-02	9.42e-01
 4.30185e+22	5.75e-05	6.11e-02	9.39e-01
 4.33230e+22	6.34e-05	6.40e-02	9.36e-01
 4.36724e+22	7.15e-05	6.79e-02	9.32e-01
 4.40317e+22	7.95e-05	7.14e-02	9.28e-01
 4.43522e+22	8.79e-05	7.50e-02	9.25e-01
 4.47172e+22	9.96e-05	7.96e-02	9.20e-01
 4.50858e+22	1.11e-04	8.37e-02	9.16e-01
 4.54063e+22	1.22e-04	8.78e-02	9.12e-01
 4.56949e+22	1.32e-04	9.11e-02	9.09e-01
 4.59946e+22	1.46e-04	9.56e-02	9.04e-01
 4.62999e+22	1.59e-04	9.96e-02	9.00e-01
 4.65674e+22	1.73e-04	1.03e-01	8.96e-01
 4.68697e+22	1.91e-04	1.09e-01	8.91e-01
 4.71773e+22	2.08e-04	1.13e-01	8.87e-01
 4.74502e+22	2.25e-04	1.17e-01	8.82e-01
 4.77635e+22	2.50e-04	1.23e-01	8.76e-01
 4.80783e+22	2.72e-04	1.28e-01	8.72e-01
 4.83952e+22	3.01e-04	1.34e-01	8.65e-01
 4.87172e+22	3.28e-04	1.40e-01	8.60e-01
 4.90456e+22	3.64e-04	1.47e-01	8.53e-01
 4.92793e+22	3.74e-04	1.49e-01	8.51e-01
 4.93897e+22	3.88e-04	1.51e-01	8.48e-01
 4.95333e+22	4.07e-04	1.55e-01	8.45e-01
 4.97199e+22	4.30e-04	1.59e-01	8.41e-01
 4.99625e+22	4.64e-04	1.64e-01	8.35e-01
 5.02779e+22	5.15e-04	1.73e-01	8.27e-01
 5.06062e+22	5.58e-04	1.79e-01	8.20e-01
 5.09510e+22	6.24e-04	1.88e-01	8.11e-01
 5.13018e+22	6.80e-04	1.96e-01	8.04e-01
 5.16602e+22	7.58e-04	2.06e-01	7.94e-01
 5.20330e+22	8.33e-04	2.14e-01	7.85e-01
 5.24244e+22	9.40e-04	2.26e-01	7.73e-01
 5.27628e+22	1.00e-03	2.33e-01	7.66e-01
 5.30324e+22	1.08e-03	2.41e-01	7.58e-01
 5.33155e+22	1.16e-03	2.48e-01	7.51e-01
 5.36164e+22	1.27e-03	2.58e-01	7.41e-01
 5.39184e+22	1.36e-03	2.65e-01	7.33e-01
 5.42219e+22	1.48e-03	2.76e-01	7.23e-01
 5.45277e+22	1.59e-03	2.84e-01	7.14e-01
 5.48365e+22	1.73e-03	2.94e-01	7.04e-01
 5.51523e+22	1.87e-03	3.04e-01	6.94e-01
 5.54774e+22	2.05e-03	3.16e-01	6.82e-01
 5.57644e+22	2.16e-03	3.22e-01	6.75e-01
 5.59448e+22	2.24e-03	3.28e-01	6.70e-01
 5.61218e+22	2.35e-03	3.34e-01	6.63e-01
 5.63519e+22	2.50e-03	3.42e-01	6.55e-01
 5.66511e+22	2.72e-03	3.55e-01	6.43e-01
 5.69099e+22	2.84e-03	3.61e-01	6.36e-01
 5.71163e+22	3.01e-03	3.69e-01	6.28e-01
 5.73845e+22	3.22e-03	3.80e-01	6.17e-01
 5.77332e+22	3.54e-03	3.94e-01	6.02e-01
 5.80681e+22	3.78e-03	4.05e-01	5.92e-01
 5.83850e+22	4.10e-03	4.18e-01	5.78e-01
 5.87374e+22	4.45e-03	4.31e-01	5.65e-01
 5.91361e+22	4.94e-03	4.48e-01	5.47e-01
 5.95347e+22	5.35e-03	4.62e-01	5.32e-01
 5.99330e+22	5.90e-03	4.80e-01	5.15e-01
 6.03410e+22	6.43e-03	4.95e-01	4.99e-01
 6.07618e+22	7.16e-03	5.14e-01	4.78e-01
 6.11859e+22	7.78e-03	5.30e-01	4.62e-01
 6.16142e+22	8.68e-03	5.51e-01	4.41e-01
 6.20479e+22	9.44e-03	5.67e-01	4.23e-01
 6.24888e+22	1.06e-02	5.88e-01	4.01e-01
 6.29369e+22	1.16e-02	6.06e-01	3.82e-01
 6.32917e+22	1.24e-02	6.20e-01	3.67e-01
 6.36499e+22	1.36e-02	6.38e-01	3.49e-01
 6.40037e+22	1.46e-02	6.51e-01	3.34e-01
 6.43518e+22	1.60e-02	6.68e-01	3.16e-01
 6.47055e+22	1.72e-02	6.82e-01	3.00e-01
 6.50169e+22	1.85e-02	6.96e-01	2.86e-01
 6.53720e+22	2.04e-02	7.12e-01	2.68e-01
 6.57342e+22	2.21e-02	7.26e-01	2.51e-01
 6.60515e+22	2.39e-02	7.39e-01	2.37e-01
 6.64101e+22	2.64e-02	7.55e-01	2.19e-01
 6.67802e+22	2.89e-02	7.68e-01	2.03e-01
 6.71073e+22	3.14e-02	7.79e-01	1.89e-01
 6.74747e+22	3.50e-02	7.92e-01	1.73e-01
 6.78490e+22	3.86e-02	8.03e-01	1.58e-01
 6.81406e+22	4.17e-02	8.10e-01	1.48e-01
 6.83899e+22	4.49e-02	8.17e-01	1.39e-01
 6.86759e+22	4.93e-02	8.23e-01	1.28e-01
 6.88895e+22	5.15e-02	8.25e-01	1.23e-01
 6.89690e+22	5.26e-02	8.26e-01	1.21e-01
 6.90272e+22	5.38e-02	8.27e-01	1.19e-01
 6.90942e+22	5.49e-02	8.28e-01	1.17e-01
 6.91743e+22	5.65e-02	8.29e-01	1.14e-01
 6.92550e+22	5.80e-02	8.30e-01	1.12e-01
 6.93272e+22	5.94e-02	8.31e-01	1.10e-01
 6.93974e+22	6.09e-02	8.32e-01	1.08e-01
 6.94667e+22	6.24e-02	8.32e-01	1.06e-01
 6.95344e+22	6.38e-02	8.32e-01	1.04e-01
 6.96043e+22	6.55e-02	8.33e-01	1.02e-01
 6.96740e+22	6.71e-02	8.33e-01	9.99e-02
 6.97391e+22	6.88e-02	8.33e-01	9.81e-02
 6.98014e+22	7.04e-02	8.33e-01	9.66e-02
 6.98634e+22	7.21e-02	8.33e-01	9.49e-02
 6.99257e+22	7.38e-02	8.33e-01	9.35e-02
 6.99893e+22	7.57e-02	8.32e-01	9.19e-02
 7.00526e+22	7.75e-02	8.32e-01	9.04e-02
 7.01128e+22	7.96e-02	8.32e-01	8.89e-02
 7.01701e+22	8.13e-02	8.31e-01	8.77e-02
 7.02274e+22	8.34e-02	8.30e-01	8.63e-02
 7.02858e+22	8.54e-02	8.29e-01	8.52e-02
 7.03433e+22	8.75e-02	8.29e-01	8.39e-02
 7.04002e+22	8.98e-02	8.28e-01	8.27e-02
 7.04546e+22	9.20e-02	8.26e-01	8.16e-02
 7.05078e+22	9.43e-02	8.25e-01	8.05e-02
 7.05617e+22	9.66e-02	8.24e-01	7.94e-02
 7.06160e+22	9.91e-02	8.23e-01	7.84e-02
 7.06700e+22	1.02e-01	8.21e-01	7.74e-02
 7.07237e+22	1.04e-01	8.19e-01	7.66e-02
 7.07783e+22	1.07e-01	8.18e-01	7.56e-02
 7.08330e+22	1.10e-01	8.15e-01	7.46e-02
 7.08848e+22	1.13e-01	8.13e-01	7.38e-02
 7.09347e+22	1.15e-01	8.12e-01	7.32e-02
 7.09892e+22	1.19e-01	8.09e-01	7.22e-02
 7.10452e+22	1.22e-01	8.06e-01	7.15e-02
 7.10981e+22	1.25e-01	8.04e-01	7.08e-02
 7.11507e+22	1.29e-01	8.01e-01	7.00e-02
 7.12023e+22	1.32e-01	7.98e-01	6.94e-02
 7.12550e+22	1.37e-01	7.95e-01	6.86e-02
 7.13083e+22	1.40e-01	7.92e-01	6.80e-02
 7.13616e+22	1.45e-01	7.88e-01	6.73e-02
 7.14151e+22	1.49e-01	7.84e-01	6.68e-02
 7.14696e+22	1.54e-01	7.80e-01	6.61e-02
 7.15260e+22	1.59e-01	7.76e-01	6.54e-02
 7.15807e+22	1.64e-01	7.71e-01	6.49e-02
 7.16355e+22	1.69e-01	7.67e-01	6.43e-02
 7.16926e+22	1.75e-01	7.62e-01	6.37e-02
 7.17515e+22	1.81e-01	7.56e-01	6.31e-02
 7.18118e+22	1.87e-01	7.50e-01	6.24e-02
 7.18720e+22	1.94e-01	7.44e-01	6.18e-02
 7.19326e+22	2.01e-01	7.38e-01	6.12e-02
 7.19956e+22	2.09e-01	7.31e-01	6.05e-02
 7.20540e+22	2.16e-01	7.24e-01	6.00e-02
 7.21042e+22	2.22e-01	7.19e-01	5.95e-02
 7.21539e+22	2.29e-01	7.13e-01	5.89e-02
 7.22080e+22	2.36e-01	7.06e-01	5.82e-02
 7.22649e+22	2.44e-01	6.98e-01	5.74e-02
 7.23213e+22	2.52e-01	6.91e-01	5.68e-02
 7.23772e+22	2.61e-01	6.83e-01	5.61e-02
 7.24347e+22	2.70e-01	6.75e-01	5.53e-02
 7.24943e+22	2.79e-01	6.66e-01	5.45e-02
 7.25552e+22	2.89e-01	6.57e-01	5.36e-02
 7.26161e+22	2.99e-01	6.48e-01	5.28e-02
 7.26784e+22	3.10e-01	6.38e-01	5.19e-02
 7.27430e+22	3.21e-01	6.28e-01	5.09e-02
 7.28076e+22	3.32e-01	6.18e-01	4.99e-02
 7.28729e+22	3.44e-01	6.07e-01	4.89e-02
 7.29406e+22	3.57e-01	5.96e-01	4.78e-02
 7.30105e+22	3.70e-01	5.84e-01	4.67e-02
 7.30810e+22	3.83e-01	5.72e-01	4.56e-02
 7.31524e+22	3.96e-01	5.59e-01	4.44e-02
 7.32263e+22	4.11e-01	5.46e-01	4.31e-02
 7.33020e+22	4.25e-01	5.33e-01	4.19e-02
 7.33798e+22	4.40e-01	5.19e-01	4.06e-02
 7.34598e+22	4.56e-01	5.05e-01	3.92e-02
 7.35407e+22	4.71e-01	4.91e-01	3.79e-02
 7.36236e+22	4.87e-01	4.76e-01	3.64e-02
 7.37104e+22	5.04e-01	4.61e-01	3.50e-02
 7.38000e+22	5.21e-01	4.46e-01	3.35e-02
 7.38903e+22	5.37e-01	4.31e-01	3.20e-02
 7.39814e+22	5.53e-01	4.16e-01	3.06e-02
 7.40744e+22	5.70e-01	4.01e-01	2.91e-02
 7.41701e+22	5.86e-01	3.86e-01	2.76e-02
 7.42697e+22	6.03e-01	3.71e-01	2.61e-02
 7.43728e+22	6.19e-01	3.57e-01	2.46e-02
 7.44763e+22	6.34e-01	3.43e-01	2.33e-02
 7.45802e+22	6.48e-01	3.30e-01	2.19e-02
 7.46892e+22	6.63e-01	3.16e-01	2.05e-02
 7.48042e+22	6.78e-01	3.03e-01	1.91e-02
 7.49221e+22	6.91e-01	2.91e-01	1.78e-02
 7.50421e+22	7.05e-01	2.79e-01	1.66e-02
 7.51664e+22	7.18e-01	2.67e-01	1.54e-02
 7.52952e+22	7.30e-01	2.56e-01	1.42e-02
 7.54233e+22	7.42e-01	2.45e-01	1.31e-02
 7.55440e+22	7.52e-01	2.36e-01	1.22e-02
 7.56577e+22	7.61e-01	2.28e-01	1.14e-02
 7.57680e+22	7.69e-01	2.20e-01	1.06e-02
 7.58751e+22	7.77e-01	2.13e-01	9.95e-03
 7.59789e+22	7.84e-01	2.06e-01	9.33e-03
 7.60784e+22	7.91e-01	2.00e-01	8.77e-03
 7.61726e+22	7.97e-01	1.94e-01	8.27e-03
 7.62623e+22	8.03e-01	1.89e-01	7.80e-03
 7.63464e+22	8.08e-01	1.84e-01	7.40e-03
 7.64278e+22	8.13e-01	1.80e-01	7.01e-03
 7.65090e+22	8.18e-01	1.75e-01	6.65e-03
 7.65875e+22	8.22e-01	1.71e-01	6.32e-03
 7.66629e+22	8.27e-01	1.67e-01	6.02e-03
 7.67355e+22	8.31e-01	1.64e-01	5.73e-03
 7.68056e+22	8.35e-01	1.60e-01	5.47e-03
 7.68733e+22	8.38e-01	1.57e-01	5.22e-03
 7.69387e+22	8.42e-01	1.53e-01	4.99e-03
 7.70017e+22	8.45e-01	1.50e-01	4.77e-03
 7.70626e+22	8.48e-01	1.47e-01	4.57e-03
 7.71212e+22	8.51e-01	1.44e-01	4.38e-03
 7.71779e+22	8.54e-01	1.42e-01	4.21e-03
 7.72326e+22	8.57e-01	1.39e-01	4.04e-03
 7.72839e+22	8.60e-01	1.37e-01	3.89e-03
 7.73306e+22	8.62e-01	1.34e-01	3.75e-03
 7.73731e+22	8.64e-01	1.32e-01	3.63e-03
 7.74118e+22	8.66e-01	1.30e-01	3.52e-03
 7.74470e+22	8.68e-01	1.28e-01	3.42e-03
 7.74790e+22	8.70e-01	1.27e-01	3.33e-03
 7.75082e+22	8.71e-01	1.25e-01	3.25e-03
 7.75401e+22	8.73e-01	1.24e-01	3.15e-03
 7.75746e+22	8.75e-01	1.22e-01	3.07e-03
 7.76060e+22	8.76e-01	1.21e-01	3.00e-03
 7.76403e+22	8.78e-01	1.19e-01	2.91e-03
 7.76775e+22	8.80e-01	1.18e-01	2.83e-03
 7.77112e+22	8.81e-01	1.16e-01	2.75e-03
 7.77420e+22	8.83e-01	1.15e-01	2.69e-03
 7.77699e+22	8.84e-01	1.13e-01	2.62e-03
 7.77954e+22	8.85e-01	1.12e-01	2.56e-03
 7.78186e+22	8.86e-01	1.11e-01	2.51e-03
 7.78439e+22	8.87e-01	1.10e-01	2.46e-03
 7.78769e+22	8.89e-01	1.09e-01	2.40e-03
 7.79126e+22	8.90e-01	1.08e-01	2.34e-03
 7.79450e+22	8.92e-01	1.06e-01	2.28e-03
 7.79745e+22	8.92e-01	1.05e-01	2.24e-03
 7.80068e+22	8.94e-01	1.04e-01	2.18e-03
 7.80417e+22	8.95e-01	1.03e-01	2.13e-03
 7.80734e+22	8.96e-01	1.01e-01	2.08e-03
 7.81082e+22	8.98e-01	1.00e-01	2.02e-03
 7.81458e+22	8.99e-01	9.88e-02	1.96e-03
 7.81800e+22	9.00e-01	9.76e-02	1.92e-03
 7.82174e+22	9.02e-01	9.61e-02	1.86e-03
 7.82579e+22	9.03e-01	9.48e-02	1.80e-03
 7.82947e+22	9.05e-01	9.35e-02	1.76e-03
 7.83282e+22	9.06e-01	9.23e-02	1.71e-03
 7.83587e+22	9.07e-01	9.12e-02	1.67e-03
 7.83864e+22	9.08e-01	9.01e-02	1.63e-03
 7.84116e+22	9.09e-01	8.93e-02	1.60e-03
 7.84393e+22	9.10e-01	8.81e-02	1.55e-03
 7.84752e+22	9.12e-01	8.67e-02	1.50e-03
 7.85140e+22	9.13e-01	8.58e-02	1.47e-03
 7.85494e+22	9.14e-01	8.46e-02	1.43e-03
 7.85815e+22	9.15e-01	8.36e-02	1.40e-03
 7.86167e+22	9.16e-01	8.23e-02	1.35e-03
 7.86547e+22	9.18e-01	8.12e-02	1.31e-03
 7.86893e+22	9.19e-01	8.02e-02	1.28e-03
 7.87208e+22	9.20e-01	7.92e-02	1.25e-03
 7.87553e+22	9.21e-01	7.80e-02	1.21e-03
 7.87926e+22	9.22e-01	7.70e-02	1.18e-03
 7.88265e+22	9.23e-01	7.61e-02	1.15e-03
 7.88573e+22	9.24e-01	7.50e-02	1.12e-03
 7.88854e+22	9.24e-01	7.44e-02	1.10e-03
 7.89161e+22	9.25e-01	7.34e-02	1.07e-03
 7.89493e+22	9.26e-01	7.27e-02	1.05e-03
 7.89857e+22	9.27e-01	7.17e-02	1.02e-03
 7.90250e+22	9.28e-01	7.08e-02	9.96e-04
 7.90607e+22	9.29e-01	6.99e-02	9.70e-04
 7.90933e+22	9.30e-01	6.92e-02	9.51e-04
 7.91289e+22	9.31e-01	6.82e-02	9.22e-04
 7.91674e+22	9.32e-01	6.74e-02	9.00e-04
 7.92024e+22	9.32e-01	6.67e-02	8.82e-04
 7.92408e+22	9.34e-01	6.56e-02	8.53e-04
 7.92822e+22	9.34e-01	6.48e-02	8.32e-04
 7.93199e+22	9.35e-01	6.39e-02	8.09e-04
 7.93542e+22	9.36e-01	6.32e-02	7.93e-04
 7.93918e+22	9.37e-01	6.23e-02	7.68e-04
 7.94324e+22	9.38e-01	6.15e-02	7.50e-04
 7.94693e+22	9.38e-01	6.08e-02	7.33e-04
 7.95098e+22	9.39e-01	5.98e-02	7.09e-04
 7.95535e+22	9.40e-01	5.91e-02	6.91e-04
 7.95932e+22	9.41e-01	5.84e-02	6.75e-04
 7.96368e+22	9.42e-01	5.73e-02	6.51e-04
 7.96838e+22	9.43e-01	5.66e-02	6.34e-04
 7.97266e+22	9.44e-01	5.57e-02	6.15e-04
 7.97656e+22	9.44e-01	5.51e-02	6.01e-04
 7.98083e+22	9.45e-01	5.42e-02	5.81e-04
 7.98543e+22	9.46e-01	5.34e-02	5.65e-04
 7.98963e+22	9.47e-01	5.28e-02	5.52e-04
 7.99422e+22	9.48e-01	5.19e-02	5.33e-04
 7.99918e+22	9.48e-01	5.11e-02	5.19e-04
 8.00370e+22	9.49e-01	5.05e-02	5.05e-04
 8.00864e+22	9.50e-01	4.95e-02	4.86e-04
 8.01398e+22	9.51e-01	4.88e-02	4.73e-04
 8.01884e+22	9.51e-01	4.80e-02	4.58e-04
 8.02326e+22	9.52e-01	4.74e-02	4.46e-04
 8.02811e+22	9.53e-01	4.65e-02	4.30e-04
 8.03334e+22	9.54e-01	4.58e-02	4.17e-04
 8.03810e+22	9.54e-01	4.53e-02	4.07e-04
 8.04331e+22	9.55e-01	4.44e-02	3.92e-04
 8.04895e+22	9.56e-01	4.37e-02	3.80e-04
 8.05407e+22	9.57e-01	4.31e-02	3.69e-04
 8.05969e+22	9.57e-01	4.23e-02	3.55e-04
 8.06575e+22	9.58e-01	4.15e-02	3.43e-04
 8.07127e+22	9.59e-01	4.09e-02	3.33e-04
 8.07731e+22	9.60e-01	4.01e-02	3.20e-04
 8.08384e+22	9.60e-01	3.94e-02	3.10e-04
 8.08978e+22	9.61e-01	3.87e-02	2.99e-04
 8.09518e+22	9.62e-01	3.82e-02	2.90e-04
 8.10110e+22	9.62e-01	3.74e-02	2.79e-04
 8.10750e+22	9.63e-01	3.67e-02	2.69e-04
 8.11331e+22	9.64e-01	3.62e-02	2.61e-04
 8.11969e+22	9.64e-01	3.54e-02	2.51e-04
 8.12657e+22	9.65e-01	3.48e-02	2.42e-04
 8.13283e+22	9.66e-01	3.42e-02	2.34e-04
 8.13970e+22	9.66e-01	3.35e-02	2.24e-04
 8.14711e+22	9.67e-01	3.28e-02	2.15e-04
 8.15385e+22	9.68e-01	3.23e-02	2.08e-04
 8.16124e+22	9.68e-01	3.15e-02	1.99e-04
 8.16921e+22	9.69e-01	3.08e-02	1.90e-04
 8.17647e+22	9.70e-01	3.03e-02	1.84e-04
 8.18435e+22	9.70e-01	2.96e-02	1.75e-04
 8.19278e+22	9.71e-01	2.89e-02	1.68e-04
 8.20045e+22	9.71e-01	2.84e-02	1.61e-04
 8.20872e+22	9.72e-01	2.77e-02	1.54e-04
 8.21754e+22	9.73e-01	2.71e-02	1.47e-04
 8.22557e+22	9.73e-01	2.65e-02	1.41e-04
 8.23287e+22	9.74e-01	2.60e-02	1.36e-04
 8.24087e+22	9.74e-01	2.54e-02	1.30e-04
 8.24951e+22	9.75e-01	2.49e-02	1.25e-04
 8.25870e+22	9.76e-01	2.42e-02	1.18e-04
 8.26838e+22	9.76e-01	2.37e-02	1.13e-04
 8.27718e+22	9.77e-01	2.31e-02	1.08e-04
 8.28520e+22	9.77e-01	2.27e-02	1.04e-04
 8.29398e+22	9.78e-01	2.21e-02	9.90e-05
 8.30347e+22	9.78e-01	2.16e-02	9.46e-05
 8.31210e+22	9.79e-01	2.12e-02	9.06e-05
 8.32155e+22	9.79e-01	2.06e-02	8.62e-05
 8.33176e+22	9.80e-01	2.01e-02	8.21e-05
 8.34105e+22	9.80e-01	1.97e-02	7.83e-05
 8.35123e+22	9.81e-01	1.91e-02	7.43e-05
 8.36411e+22	9.81e-01	1.85e-02	6.94e-05
 8.37792e+22	9.82e-01	1.79e-02	6.49e-05
 8.39155e+22	9.83e-01	1.73e-02	6.07e-05
 8.40556e+22	9.83e-01	1.67e-02	5.67e-05
 8.41977e+22	9.84e-01	1.61e-02	5.29e-05
 8.43413e+22	9.84e-01	1.55e-02	4.93e-05
 8.44863e+22	9.85e-01	1.50e-02	4.60e-05
 8.46327e+22	9.85e-01	1.45e-02	4.28e-05
 8.47807e+22	9.86e-01	1.39e-02	3.99e-05
 8.49300e+22	9.87e-01	1.35e-02	3.72e-05
 8.50807e+22	9.87e-01	1.30e-02	3.46e-05
 8.52327e+22	9.87e-01	1.25e-02	3.22e-05
 8.53859e+22	9.88e-01	1.20e-02	2.99e-05
 8.55404e+22	9.88e-01	1.16e-02	2.78e-05
 8.56959e+22	9.89e-01	1.12e-02	2.58e-05
 8.58525e+22	9.89e-01	1.08e-02	2.40e-05
 8.60100e+22	9.90e-01	1.04e-02	2.23e-05
 8.61687e+22	9.90e-01	9.99e-03	2.07e-05
 8.63286e+22	9.90e-01	9.62e-03	1.92e-05
 8.64896e+22	9.91e-01	9.26e-03	1.78e-05
 8.66517e+22	9.91e-01	8.91e-03	1.65e-05
 8.68148e+22	9.91e-01	8.58e-03	1.53e-05
 8.69791e+22	9.92e-01	8.25e-03	1.42e-05
 8.71454e+22	9.92e-01	7.94e-03	1.32e-05
 8.73153e+22	9.92e-01	7.63e-03	1.22e-05
 8.74877e+22	9.93e-01	7.33e-03	1.13e-05
 8.76618e+22	9.93e-01	7.04e-03	1.04e-05
 8.78376e+22	9.93e-01	6.76e-03	9.62e-06
 8.80150e+22	9.93e-01	6.49e-03	8.88e-06
 8.81942e+22	9.94e-01	6.23e-03	8.19e-06
 8.83753e+22	9.94e-01	5.98e-03	7.55e-06
 8.85588e+22	9.94e-01	5.74e-03	6.95e-06
 8.87451e+22	9.94e-01	5.50e-03	6.40e-06
 8.89350e+22	9.95e-01	5.27e-03	5.88e-06
 8.91294e+22	9.95e-01	5.04e-03	5.40e-06
 8.93274e+22	9.95e-01	4.82e-03	4.95e-06
 8.95284e+22	9.95e-01	4.61e-03	4.53e-06
 8.97326e+22	9.96e-01	4.41e-03	4.15e-06
 8.99401e+22	9.96e-01	4.21e-03	3.79e-06
 9.01511e+22	9.96e-01	4.02e-03	3.46e-06
 9.03657e+22	9.96e-01	3.83e-03	3.15e-06
 9.05851e+22	9.96e-01	3.65e-03	2.87e-06
 9.08095e+22	9.97e-01	3.48e-03	2.60e-06
 9.10384e+22	9.97e-01	3.31e-03	2.36e-06
 9.12720e+22	9.97e-01	3.15e-03	2.14e-06
 9.15104e+22	9.97e-01	2.99e-03	1.93e-06
 9.17528e+22	9.97e-01	2.84e-03	1.74e-06
 9.19981e+22	9.97e-01	2.69e-03	1.57e-06
 9.22460e+22	9.97e-01	2.56e-03	1.42e-06
 9.24704e+22	9.98e-01	2.45e-03	1.30e-06
