#depth	N	N+	N+2	N+3	N+4	N+5	N+6	N+7
 4.62852e+21	3.15e-17	1.44e-12	2.82e-09	6.59e-07	3.76e-05	1.58e-02	2.47e-01	7.38e-01
 1.02798e+22	3.33e-16	1.13e-11	1.60e-08	2.66e-06	1.04e-04	2.96e-02	3.17e-01	6.53e-01
 1.18140e+22	1.05e-15	3.06e-11	3.72e-08	5.27e-06	1.70e-04	3.99e-02	3.54e-01	6.06e-01
 1.25811e+22	1.88e-15	5.07e-11	5.70e-08	7.45e-06	2.18e-04	4.64e-02	3.74e-01	5.80e-01
 1.29208e+22	2.27e-15	5.98e-11	6.56e-08	8.34e-06	2.36e-04	4.87e-02	3.80e-01	5.71e-01
 1.31141e+22	2.93e-15	7.45e-11	7.91e-08	9.72e-06	2.64e-04	5.21e-02	3.89e-01	5.59e-01
 1.33224e+22	3.67e-15	9.09e-11	9.37e-08	1.12e-05	2.92e-04	5.52e-02	3.96e-01	5.48e-01
 1.35097e+22	4.49e-15	1.08e-10	1.09e-07	1.26e-05	3.19e-04	5.82e-02	4.03e-01	5.39e-01
 1.37124e+22	5.84e-15	1.36e-10	1.33e-07	1.48e-05	3.58e-04	6.23e-02	4.12e-01	5.26e-01
 1.39133e+22	7.09e-15	1.62e-10	1.53e-07	1.67e-05	3.90e-04	6.55e-02	4.18e-01	5.16e-01
 1.41117e+22	9.18e-15	2.03e-10	1.86e-07	1.96e-05	4.39e-04	7.01e-02	4.27e-01	5.02e-01
 1.43122e+22	1.12e-14	2.41e-10	2.16e-07	2.22e-05	4.79e-04	7.38e-02	4.33e-01	4.92e-01
 1.45151e+22	1.45e-14	3.03e-10	2.64e-07	2.62e-05	5.41e-04	7.91e-02	4.42e-01	4.78e-01
 1.47205e+22	1.77e-14	3.62e-10	3.07e-07	2.97e-05	5.92e-04	8.34e-02	4.49e-01	4.67e-01
 1.49289e+22	2.31e-14	4.56e-10	3.76e-07	3.51e-05	6.69e-04	8.94e-02	4.57e-01	4.53e-01
 1.51412e+22	2.84e-14	5.48e-10	4.41e-07	4.02e-05	7.38e-04	9.45e-02	4.64e-01	4.41e-01
 1.53584e+22	3.71e-14	6.96e-10	5.44e-07	4.79e-05	8.39e-04	1.02e-01	4.72e-01	4.26e-01
 1.55796e+22	4.58e-14	8.39e-10	6.41e-07	5.50e-05	9.29e-04	1.07e-01	4.78e-01	4.13e-01
 1.58058e+22	6.00e-14	1.07e-09	7.94e-07	6.61e-05	1.06e-03	1.16e-01	4.86e-01	3.97e-01
 1.60364e+22	7.42e-14	1.29e-09	9.40e-07	7.63e-05	1.18e-03	1.23e-01	4.92e-01	3.84e-01
 1.62661e+22	9.59e-14	1.63e-09	1.16e-06	9.13e-05	1.35e-03	1.32e-01	4.99e-01	3.68e-01
 1.64854e+22	1.16e-13	1.93e-09	1.34e-06	1.04e-04	1.48e-03	1.39e-01	5.04e-01	3.56e-01
 1.66980e+22	1.46e-13	2.38e-09	1.62e-06	1.23e-04	1.68e-03	1.48e-01	5.09e-01	3.41e-01
 1.69100e+22	1.73e-13	2.79e-09	1.87e-06	1.39e-04	1.84e-03	1.56e-01	5.13e-01	3.29e-01
 1.71214e+22	2.16e-13	3.41e-09	2.25e-06	1.63e-04	2.07e-03	1.66e-01	5.17e-01	3.15e-01
 1.73356e+22	2.55e-13	3.98e-09	2.59e-06	1.85e-04	2.28e-03	1.74e-01	5.20e-01	3.03e-01
 1.75251e+22	3.01e-13	4.64e-09	2.98e-06	2.10e-04	2.50e-03	1.83e-01	5.23e-01	2.92e-01
 1.77144e+22	3.53e-13	5.39e-09	3.42e-06	2.37e-04	2.74e-03	1.92e-01	5.25e-01	2.81e-01
 1.79289e+22	4.30e-13	6.47e-09	4.06e-06	2.76e-04	3.08e-03	2.03e-01	5.27e-01	2.67e-01
 1.81410e+22	4.97e-13	7.42e-09	4.61e-06	3.10e-04	3.35e-03	2.12e-01	5.27e-01	2.57e-01
 1.83530e+22	5.97e-13	8.84e-09	5.43e-06	3.59e-04	3.75e-03	2.25e-01	5.28e-01	2.43e-01
 1.85652e+22	6.86e-13	1.01e-08	6.14e-06	4.01e-04	4.08e-03	2.34e-01	5.28e-01	2.34e-01
 1.87778e+22	8.16e-13	1.19e-08	7.18e-06	4.63e-04	4.55e-03	2.47e-01	5.27e-01	2.21e-01
 1.89917e+22	9.30e-13	1.35e-08	8.09e-06	5.16e-04	4.94e-03	2.56e-01	5.26e-01	2.12e-01
 1.92073e+22	1.10e-12	1.58e-08	9.41e-06	5.93e-04	5.49e-03	2.70e-01	5.24e-01	2.00e-01
 1.94247e+22	1.25e-12	1.79e-08	1.06e-05	6.59e-04	5.95e-03	2.80e-01	5.22e-01	1.91e-01
 1.96445e+22	1.46e-12	2.09e-08	1.23e-05	7.56e-04	6.61e-03	2.94e-01	5.19e-01	1.80e-01
 1.98671e+22	1.66e-12	2.35e-08	1.38e-05	8.39e-04	7.16e-03	3.05e-01	5.16e-01	1.72e-01
 2.00933e+22	1.93e-12	2.74e-08	1.59e-05	9.61e-04	7.95e-03	3.19e-01	5.11e-01	1.61e-01
 2.03234e+22	2.19e-12	3.09e-08	1.79e-05	1.07e-03	8.60e-03	3.31e-01	5.07e-01	1.53e-01
 2.05587e+22	2.55e-12	3.58e-08	2.07e-05	1.22e-03	9.55e-03	3.46e-01	5.00e-01	1.43e-01
 2.07997e+22	2.89e-12	4.05e-08	2.32e-05	1.36e-03	1.03e-02	3.58e-01	4.95e-01	1.35e-01
 2.10042e+22	3.22e-12	4.50e-08	2.58e-05	1.49e-03	1.11e-02	3.69e-01	4.90e-01	1.28e-01
 2.12260e+22	3.69e-12	5.15e-08	2.94e-05	1.68e-03	1.22e-02	3.83e-01	4.83e-01	1.20e-01
 2.14441e+22	4.08e-12	5.68e-08	3.23e-05	1.83e-03	1.30e-02	3.94e-01	4.77e-01	1.14e-01
 2.16572e+22	4.63e-12	6.43e-08	3.65e-05	2.04e-03	1.42e-02	4.07e-01	4.70e-01	1.07e-01
 2.18723e+22	5.13e-12	7.10e-08	4.01e-05	2.22e-03	1.51e-02	4.18e-01	4.63e-01	1.02e-01
 2.20900e+22	5.80e-12	8.01e-08	4.53e-05	2.48e-03	1.65e-02	4.31e-01	4.55e-01	9.49e-02
 2.23087e+22	6.43e-12	8.84e-08	4.98e-05	2.69e-03	1.75e-02	4.42e-01	4.48e-01	9.01e-02
 2.25285e+22	7.25e-12	9.97e-08	5.61e-05	3.00e-03	1.90e-02	4.55e-01	4.39e-01	8.39e-02
 2.27508e+22	8.05e-12	1.10e-07	6.16e-05	3.25e-03	2.02e-02	4.65e-01	4.32e-01	7.94e-02
 2.29763e+22	9.08e-12	1.24e-07	6.94e-05	3.62e-03	2.20e-02	4.79e-01	4.22e-01	7.37e-02
 2.32050e+22	1.01e-11	1.37e-07	7.64e-05	3.93e-03	2.34e-02	4.89e-01	4.14e-01	6.96e-02
 2.34376e+22	1.14e-11	1.55e-07	8.62e-05	4.37e-03	2.54e-02	5.02e-01	4.03e-01	6.44e-02
 2.36740e+22	1.27e-11	1.72e-07	9.50e-05	4.74e-03	2.70e-02	5.13e-01	3.95e-01	6.06e-02
 2.39153e+22	1.44e-11	1.94e-07	1.08e-04	5.27e-03	2.92e-02	5.26e-01	3.84e-01	5.57e-02
 2.41614e+22	1.61e-11	2.16e-07	1.19e-04	5.73e-03	3.11e-02	5.36e-01	3.75e-01	5.23e-02
 2.44137e+22	1.83e-11	2.45e-07	1.35e-04	6.38e-03	3.38e-02	5.49e-01	3.63e-01	4.78e-02
 2.46703e+22	2.06e-11	2.74e-07	1.50e-04	6.94e-03	3.59e-02	5.59e-01	3.54e-01	4.47e-02
 2.49326e+22	2.35e-11	3.12e-07	1.70e-04	7.73e-03	3.90e-02	5.71e-01	3.41e-01	4.07e-02
 2.51970e+22	2.64e-11	3.48e-07	1.89e-04	8.40e-03	4.14e-02	5.80e-01	3.32e-01	3.79e-02
 2.54224e+22	2.92e-11	3.84e-07	2.08e-04	9.08e-03	4.39e-02	5.89e-01	3.23e-01	3.53e-02
 2.56737e+22	3.32e-11	4.36e-07	2.36e-04	1.00e-02	4.72e-02	5.99e-01	3.11e-01	3.22e-02
 2.59268e+22	3.72e-11	4.84e-07	2.60e-04	1.08e-02	4.99e-02	6.07e-01	3.02e-01	3.01e-02
 2.61413e+22	4.11e-11	5.32e-07	2.84e-04	1.16e-02	5.25e-02	6.14e-01	2.94e-01	2.81e-02
 2.63791e+22	4.63e-11	5.98e-07	3.19e-04	1.27e-02	5.61e-02	6.22e-01	2.83e-01	2.57e-02
 2.66142e+22	5.12e-11	6.57e-07	3.49e-04	1.36e-02	5.89e-02	6.28e-01	2.75e-01	2.41e-02
 2.68456e+22	5.80e-11	7.39e-07	3.89e-04	1.48e-02	6.25e-02	6.35e-01	2.65e-01	2.22e-02
 2.70861e+22	6.45e-11	8.18e-07	4.29e-04	1.59e-02	6.59e-02	6.41e-01	2.56e-01	2.06e-02
 2.73020e+22	7.18e-11	9.03e-07	4.70e-04	1.70e-02	6.91e-02	6.46e-01	2.48e-01	1.92e-02
 2.75460e+22	8.16e-11	1.02e-06	5.29e-04	1.86e-02	7.35e-02	6.52e-01	2.38e-01	1.75e-02
 2.77953e+22	9.06e-11	1.13e-06	5.82e-04	1.99e-02	7.73e-02	6.56e-01	2.30e-01	1.61e-02
 2.80513e+22	1.05e-10	1.29e-06	6.57e-04	2.17e-02	8.20e-02	6.61e-01	2.20e-01	1.47e-02
 2.83193e+22	1.18e-10	1.45e-06	7.32e-04	2.35e-02	8.66e-02	6.65e-01	2.11e-01	1.34e-02
 2.85598e+22	1.34e-10	1.62e-06	8.10e-04	2.53e-02	9.08e-02	6.68e-01	2.03e-01	1.24e-02
 2.88295e+22	1.54e-10	1.85e-06	9.21e-04	2.77e-02	9.67e-02	6.71e-01	1.93e-01	1.11e-02
 2.91028e+22	1.76e-10	2.08e-06	1.02e-03	2.97e-02	1.01e-01	6.73e-01	1.85e-01	1.02e-02
 2.93808e+22	2.05e-10	2.40e-06	1.16e-03	3.26e-02	1.08e-01	6.74e-01	1.75e-01	9.16e-03
 2.96646e+22	2.34e-10	2.71e-06	1.30e-03	3.51e-02	1.13e-01	6.75e-01	1.67e-01	8.34e-03
 2.99559e+22	2.77e-10	3.15e-06	1.49e-03	3.85e-02	1.20e-01	6.75e-01	1.57e-01	7.42e-03
 3.02514e+22	3.19e-10	3.57e-06	1.67e-03	4.15e-02	1.26e-01	6.74e-01	1.50e-01	6.73e-03
 3.05524e+22	3.80e-10	4.19e-06	1.92e-03	4.56e-02	1.34e-01	6.72e-01	1.40e-01	5.94e-03
 3.08579e+22	4.40e-10	4.77e-06	2.15e-03	4.92e-02	1.40e-01	6.70e-01	1.33e-01	5.36e-03
 3.11691e+22	5.30e-10	5.63e-06	2.49e-03	5.41e-02	1.48e-01	6.66e-01	1.24e-01	4.71e-03
 3.14802e+22	6.17e-10	6.43e-06	2.79e-03	5.83e-02	1.55e-01	6.62e-01	1.18e-01	4.24e-03
 3.17910e+22	7.41e-10	7.57e-06	3.22e-03	6.39e-02	1.64e-01	6.56e-01	1.09e-01	3.71e-03
 3.21110e+22	8.69e-10	8.71e-06	3.63e-03	6.90e-02	1.71e-01	6.50e-01	1.03e-01	3.30e-03
 3.23699e+22	9.88e-10	9.76e-06	4.00e-03	7.34e-02	1.78e-01	6.45e-01	9.74e-02	3.00e-03
 3.25983e+22	1.12e-09	1.09e-05	4.38e-03	7.77e-02	1.83e-01	6.39e-01	9.29e-02	2.75e-03
 3.28601e+22	1.31e-09	1.25e-05	4.91e-03	8.34e-02	1.91e-01	6.31e-01	8.72e-02	2.46e-03
 3.31384e+22	1.51e-09	1.41e-05	5.45e-03	8.90e-02	1.98e-01	6.24e-01	8.21e-02	2.21e-03
 3.33966e+22	1.75e-09	1.60e-05	6.05e-03	9.48e-02	2.04e-01	6.15e-01	7.74e-02	1.99e-03
 3.36909e+22	2.10e-09	1.87e-05	6.90e-03	1.03e-01	2.13e-01	6.04e-01	7.15e-02	1.73e-03
 3.39881e+22	2.44e-09	2.13e-05	7.67e-03	1.09e-01	2.20e-01	5.94e-01	6.69e-02	1.55e-03
 3.42893e+22	2.95e-09	2.49e-05	8.74e-03	1.18e-01	2.29e-01	5.81e-01	6.16e-02	1.34e-03
 3.45955e+22	3.45e-09	2.85e-05	9.75e-03	1.26e-01	2.36e-01	5.69e-01	5.73e-02	1.19e-03
 3.48633e+22	4.00e-09	3.24e-05	1.08e-02	1.34e-01	2.43e-01	5.58e-01	5.35e-02	1.06e-03
 3.51665e+22	4.84e-09	3.80e-05	1.23e-02	1.44e-01	2.51e-01	5.42e-01	4.89e-02	9.07e-04
 3.54775e+22	5.70e-09	4.35e-05	1.36e-02	1.53e-01	2.58e-01	5.29e-01	4.53e-02	8.01e-04
 3.57986e+22	6.97e-09	5.15e-05	1.56e-02	1.65e-01	2.66e-01	5.11e-01	4.10e-02	6.80e-04
 3.61264e+22	8.28e-09	5.94e-05	1.74e-02	1.76e-01	2.73e-01	4.96e-01	3.76e-02	5.90e-04
 3.64149e+22	9.74e-09	6.79e-05	1.93e-02	1.86e-01	2.79e-01	4.81e-01	3.46e-02	5.15e-04
 3.67423e+22	1.20e-08	8.05e-05	2.20e-02	1.99e-01	2.86e-01	4.61e-01	3.10e-02	4.33e-04
 3.70804e+22	1.44e-08	9.33e-05	2.46e-02	2.12e-01	2.92e-01	4.43e-01	2.81e-02	3.71e-04
 3.73813e+22	1.65e-08	1.07e-04	2.73e-02	2.23e-01	2.97e-01	4.27e-01	2.56e-02	3.20e-04
 3.77215e+22	2.05e-08	1.28e-04	3.11e-02	2.39e-01	3.02e-01	4.05e-01	2.26e-02	2.64e-04
 3.80702e+22	2.46e-08	1.48e-04	3.47e-02	2.52e-01	3.06e-01	3.86e-01	2.03e-02	2.23e-04
 3.83780e+22	2.94e-08	1.70e-04	3.84e-02	2.65e-01	3.09e-01	3.69e-01	1.83e-02	1.90e-04
 3.87261e+22	3.67e-08	2.03e-04	4.35e-02	2.82e-01	3.12e-01	3.46e-01	1.60e-02	1.55e-04
 3.90847e+22	4.44e-08	2.36e-04	4.85e-02	2.96e-01	3.14e-01	3.27e-01	1.41e-02	1.28e-04
 3.94033e+22	5.33e-08	2.72e-04	5.35e-02	3.09e-01	3.15e-01	3.09e-01	1.26e-02	1.08e-04
 3.97636e+22	6.70e-08	3.25e-04	6.04e-02	3.27e-01	3.15e-01	2.87e-01	1.08e-02	8.62e-05
 4.01345e+22	8.18e-08	3.79e-04	6.71e-02	3.41e-01	3.14e-01	2.68e-01	9.43e-03	7.04e-05
 4.04661e+22	9.88e-08	4.38e-04	7.39e-02	3.55e-01	3.12e-01	2.50e-01	8.26e-03	5.80e-05
 4.08441e+22	1.26e-07	5.26e-04	8.34e-02	3.72e-01	3.09e-01	2.28e-01	6.94e-03	4.49e-05
 4.12291e+22	1.54e-07	6.12e-04	9.19e-02	3.86e-01	3.05e-01	2.11e-01	5.98e-03	3.62e-05
 4.16233e+22	1.98e-07	7.39e-04	1.04e-01	4.02e-01	2.99e-01	1.90e-01	4.93e-03	2.74e-05
 4.20135e+22	2.40e-07	8.54e-04	1.13e-01	4.14e-01	2.93e-01	1.74e-01	4.23e-03	2.20e-05
 4.23298e+22	2.86e-07	9.69e-04	1.22e-01	4.24e-01	2.87e-01	1.61e-01	3.68e-03	1.81e-05
 4.26723e+22	3.53e-07	1.13e-03	1.34e-01	4.36e-01	2.79e-01	1.46e-01	3.09e-03	1.41e-05
 4.30185e+22	4.21e-07	1.29e-03	1.45e-01	4.45e-01	2.72e-01	1.34e-01	2.66e-03	1.14e-05
 4.33230e+22	5.00e-07	1.46e-03	1.56e-01	4.52e-01	2.65e-01	1.23e-01	2.29e-03	9.27e-06
 4.36724e+22	6.20e-07	1.70e-03	1.70e-01	4.61e-01	2.55e-01	1.10e-01	1.90e-03	7.11e-06
 4.40317e+22	7.47e-07	1.94e-03	1.83e-01	4.68e-01	2.46e-01	9.98e-02	1.60e-03	5.62e-06
 4.43522e+22	8.90e-07	2.20e-03	1.96e-01	4.73e-01	2.38e-01	9.05e-02	1.36e-03	4.47e-06
 4.47172e+22	1.11e-06	2.57e-03	2.13e-01	4.78e-01	2.26e-01	7.98e-02	1.10e-03	3.35e-06
 4.50858e+22	1.34e-06	2.92e-03	2.27e-01	4.81e-01	2.16e-01	7.16e-02	9.21e-04	2.61e-06
 4.54063e+22	1.58e-06	3.30e-03	2.42e-01	4.83e-01	2.07e-01	6.44e-02	7.74e-04	2.06e-06
 4.56949e+22	1.82e-06	3.63e-03	2.54e-01	4.84e-01	1.99e-01	5.91e-02	6.72e-04	1.70e-06
 4.59946e+22	2.17e-06	4.10e-03	2.69e-01	4.84e-01	1.89e-01	5.28e-02	5.60e-04	1.32e-06
 4.62999e+22	2.51e-06	4.55e-03	2.83e-01	4.83e-01	1.81e-01	4.79e-02	4.78e-04	1.06e-06
 4.65674e+22	2.88e-06	5.00e-03	2.96e-01	4.82e-01	1.73e-01	4.36e-02	4.11e-04	8.67e-07
 4.68697e+22	3.43e-06	5.64e-03	3.13e-01	4.79e-01	1.64e-01	3.86e-02	3.38e-04	6.65e-07
 4.71773e+22	3.96e-06	6.23e-03	3.27e-01	4.76e-01	1.56e-01	3.49e-02	2.87e-04	5.33e-07
 4.74502e+22	4.53e-06	6.84e-03	3.41e-01	4.72e-01	1.48e-01	3.16e-02	2.45e-04	4.30e-07
 4.77635e+22	5.41e-06	7.73e-03	3.59e-01	4.67e-01	1.39e-01	2.76e-02	1.99e-04	3.23e-07
 4.80783e+22	6.20e-06	8.48e-03	3.74e-01	4.62e-01	1.31e-01	2.49e-02	1.68e-04	2.58e-07
 4.83952e+22	7.37e-06	9.55e-03	3.92e-01	4.54e-01	1.22e-01	2.17e-02	1.36e-04	1.93e-07
 4.87172e+22	8.48e-06	1.05e-02	4.08e-01	4.47e-01	1.15e-01	1.94e-02	1.13e-04	1.52e-07
 4.90456e+22	1.01e-05	1.18e-02	4.27e-01	4.38e-01	1.06e-01	1.67e-02	9.04e-05	0.00e+00
 4.92793e+22	1.06e-05	1.22e-02	4.32e-01	4.36e-01	1.04e-01	1.61e-02	8.51e-05	0.00e+00
 4.93897e+22	1.12e-05	1.27e-02	4.39e-01	4.32e-01	1.01e-01	1.53e-02	7.85e-05	0.00e+00
 4.95333e+22	1.22e-05	1.34e-02	4.47e-01	4.27e-01	9.74e-02	1.43e-02	7.07e-05	0.00e+00
 4.97199e+22	1.33e-05	1.43e-02	4.58e-01	4.22e-01	9.31e-02	1.32e-02	6.23e-05	0.00e+00
 4.99625e+22	1.51e-05	1.55e-02	4.72e-01	4.13e-01	8.75e-02	1.18e-02	5.25e-05	0.00e+00
 5.02779e+22	1.80e-05	1.74e-02	4.91e-01	4.01e-01	8.02e-02	1.01e-02	4.14e-05	0.00e+00
 5.06062e+22	2.05e-05	1.90e-02	5.06e-01	3.92e-01	7.47e-02	8.96e-03	3.43e-05	0.00e+00
 5.09510e+22	2.46e-05	2.14e-02	5.25e-01	3.78e-01	6.77e-02	7.57e-03	2.64e-05	0.00e+00
 5.13018e+22	2.84e-05	2.35e-02	5.40e-01	3.67e-01	6.25e-02	6.62e-03	2.15e-05	0.00e+00
 5.16602e+22	3.39e-05	2.65e-02	5.59e-01	3.52e-01	5.64e-02	5.57e-03	1.65e-05	0.00e+00
 5.20330e+22	3.96e-05	2.92e-02	5.75e-01	3.40e-01	5.14e-02	4.79e-03	1.31e-05	0.00e+00
 5.24244e+22	4.82e-05	3.32e-02	5.94e-01	3.23e-01	4.56e-02	3.94e-03	9.69e-06	0.00e+00
 5.27628e+22	5.35e-05	3.55e-02	6.05e-01	3.14e-01	4.26e-02	3.53e-03	8.21e-06	0.00e+00
 5.30324e+22	6.09e-05	3.86e-02	6.17e-01	3.02e-01	3.92e-02	3.09e-03	6.71e-06	0.00e+00
 5.33155e+22	6.82e-05	4.15e-02	6.27e-01	2.92e-01	3.64e-02	2.75e-03	5.59e-06	0.00e+00
 5.36164e+22	7.86e-05	4.54e-02	6.39e-01	2.80e-01	3.30e-02	2.36e-03	4.44e-06	0.00e+00
 5.39184e+22	8.79e-05	4.88e-02	6.49e-01	2.70e-01	3.05e-02	2.09e-03	3.69e-06	0.00e+00
 5.42219e+22	1.02e-04	5.34e-02	6.60e-01	2.57e-01	2.76e-02	1.79e-03	2.91e-06	0.00e+00
 5.45277e+22	1.14e-04	5.73e-02	6.68e-01	2.47e-01	2.54e-02	1.57e-03	2.40e-06	0.00e+00
 5.48365e+22	1.31e-04	6.27e-02	6.78e-01	2.35e-01	2.29e-02	1.34e-03	1.89e-06	0.00e+00
 5.51523e+22	1.47e-04	6.74e-02	6.86e-01	2.25e-01	2.09e-02	1.17e-03	1.54e-06	0.00e+00
 5.54774e+22	1.71e-04	7.40e-02	6.94e-01	2.12e-01	1.87e-02	9.85e-04	1.18e-06	0.00e+00
 5.57644e+22	1.86e-04	7.77e-02	6.99e-01	2.05e-01	1.75e-02	8.92e-04	1.02e-06	0.00e+00
 5.59448e+22	1.98e-04	8.07e-02	7.02e-01	1.99e-01	1.66e-02	8.27e-04	9.10e-07	0.00e+00
 5.61218e+22	2.14e-04	8.46e-02	7.06e-01	1.93e-01	1.56e-02	7.54e-04	7.92e-07	0.00e+00
 5.63519e+22	2.36e-04	8.99e-02	7.10e-01	1.85e-01	1.44e-02	6.68e-04	6.61e-07	0.00e+00
 5.66511e+22	2.71e-04	9.80e-02	7.15e-01	1.74e-01	1.28e-02	5.64e-04	5.12e-07	0.00e+00
 5.69099e+22	2.89e-04	1.02e-01	7.17e-01	1.68e-01	1.21e-02	5.18e-04	4.51e-07	0.00e+00
 5.71163e+22	3.17e-04	1.08e-01	7.19e-01	1.61e-01	1.12e-02	4.62e-04	3.79e-07	0.00e+00
 5.73845e+22	3.56e-04	1.15e-01	7.22e-01	1.52e-01	1.01e-02	3.99e-04	3.05e-07	0.00e+00
 5.77332e+22	4.14e-04	1.26e-01	7.23e-01	1.41e-01	8.84e-03	3.27e-04	2.27e-07	0.00e+00
 5.80681e+22	4.59e-04	1.34e-01	7.24e-01	1.33e-01	8.04e-03	2.85e-04	1.85e-07	0.00e+00
 5.83850e+22	5.23e-04	1.45e-01	7.23e-01	1.24e-01	7.12e-03	2.39e-04	1.42e-07	0.00e+00
 5.87374e+22	5.95e-04	1.56e-01	7.22e-01	1.15e-01	6.30e-03	2.00e-04	0.00e+00	0.00e+00
 5.91361e+22	7.03e-04	1.72e-01	7.18e-01	1.04e-01	5.36e-03	1.59e-04	0.00e+00	0.00e+00
 5.95347e+22	7.95e-04	1.84e-01	7.14e-01	9.66e-02	4.73e-03	1.33e-04	0.00e+00	0.00e+00
 5.99330e+22	9.33e-04	2.02e-01	7.06e-01	8.70e-02	4.02e-03	1.05e-04	0.00e+00	0.00e+00
 6.03410e+22	1.06e-03	2.17e-01	6.99e-01	7.96e-02	3.51e-03	8.65e-05	0.00e+00	0.00e+00
 6.07618e+22	1.26e-03	2.39e-01	6.87e-01	7.05e-02	2.93e-03	6.66e-05	0.00e+00	0.00e+00
 6.11859e+22	1.43e-03	2.55e-01	6.77e-01	6.40e-02	2.54e-03	5.45e-05	0.00e+00	0.00e+00
 6.16142e+22	1.71e-03	2.81e-01	6.59e-01	5.59e-02	2.10e-03	4.12e-05	0.00e+00	0.00e+00
 6.20479e+22	1.95e-03	3.00e-01	6.46e-01	5.02e-02	1.81e-03	3.32e-05	0.00e+00	0.00e+00
 6.24888e+22	2.33e-03	3.31e-01	6.23e-01	4.30e-02	1.47e-03	2.46e-05	0.00e+00	0.00e+00
 6.29369e+22	2.68e-03	3.54e-01	6.04e-01	3.79e-02	1.24e-03	1.93e-05	0.00e+00	0.00e+00
 6.32917e+22	2.99e-03	3.74e-01	5.88e-01	3.42e-02	1.09e-03	1.59e-05	0.00e+00	0.00e+00
 6.36499e+22	3.47e-03	4.03e-01	5.63e-01	2.95e-02	9.06e-04	1.21e-05	0.00e+00	0.00e+00
 6.40037e+22	3.87e-03	4.24e-01	5.45e-01	2.63e-02	7.89e-04	9.89e-06	0.00e+00	0.00e+00
 6.43518e+22	4.47e-03	4.55e-01	5.17e-01	2.25e-02	6.53e-04	7.46e-06	0.00e+00	0.00e+00
 6.47055e+22	5.05e-03	4.81e-01	4.94e-01	1.96e-02	5.57e-04	5.88e-06	0.00e+00	0.00e+00
 6.50169e+22	5.68e-03	5.07e-01	4.69e-01	1.70e-02	4.74e-04	4.61e-06	0.00e+00	0.00e+00
 6.53720e+22	6.60e-03	5.43e-01	4.36e-01	1.40e-02	3.81e-04	3.32e-06	0.00e+00	0.00e+00
 6.57342e+22	7.52e-03	5.73e-01	4.07e-01	1.17e-02	3.15e-04	2.49e-06	0.00e+00	0.00e+00
 6.60515e+22	8.54e-03	6.03e-01	3.78e-01	9.80e-03	2.59e-04	1.85e-06	0.00e+00	0.00e+00
 6.64101e+22	1.00e-02	6.42e-01	3.40e-01	7.67e-03	2.00e-04	1.24e-06	0.00e+00	0.00e+00
 6.67802e+22	1.16e-02	6.76e-01	3.06e-01	6.06e-03	1.57e-04	8.57e-07	0.00e+00	0.00e+00
 6.71073e+22	1.33e-02	7.08e-01	2.74e-01	4.77e-03	1.22e-04	5.87e-07	0.00e+00	0.00e+00
 6.74747e+22	1.57e-02	7.47e-01	2.34e-01	3.44e-03	8.74e-05	3.54e-07	0.00e+00	0.00e+00
 6.78490e+22	1.84e-02	7.80e-01	1.99e-01	2.50e-03	6.32e-05	2.17e-07	0.00e+00	0.00e+00
 6.81406e+22	2.08e-02	8.04e-01	1.73e-01	1.91e-03	4.82e-05	1.44e-07	0.00e+00	0.00e+00
 6.83899e+22	2.35e-02	8.25e-01	1.50e-01	1.46e-03	3.66e-05	0.00e+00	0.00e+00	0.00e+00
 6.86759e+22	2.72e-02	8.48e-01	1.24e-01	1.03e-03	2.55e-05	0.00e+00	0.00e+00	0.00e+00
 6.88895e+22	2.95e-02	8.59e-01	1.11e-01	8.42e-04	2.06e-05	0.00e+00	0.00e+00	0.00e+00
 6.89690e+22	3.05e-02	8.64e-01	1.05e-01	7.71e-04	1.88e-05	0.00e+00	0.00e+00	0.00e+00
 6.90272e+22	3.16e-02	8.67e-01	1.00e-01	7.12e-04	1.73e-05	0.00e+00	0.00e+00	0.00e+00
 6.90942e+22	3.27e-02	8.71e-01	9.54e-02	6.52e-04	1.57e-05	0.00e+00	0.00e+00	0.00e+00
 6.91743e+22	3.42e-02	8.76e-01	8.91e-02	5.82e-04	1.39e-05	0.00e+00	0.00e+00	0.00e+00
 6.92550e+22	3.57e-02	8.80e-01	8.37e-02	5.23e-04	1.24e-05	0.00e+00	0.00e+00	0.00e+00
 6.93272e+22	3.72e-02	8.84e-01	7.87e-02	4.73e-04	1.11e-05	0.00e+00	0.00e+00	0.00e+00
 6.93974e+22	3.87e-02	8.87e-01	7.40e-02	4.28e-04	9.94e-06	0.00e+00	0.00e+00	0.00e+00
 6.94667e+22	4.03e-02	8.90e-01	6.95e-02	3.88e-04	8.89e-06	0.00e+00	0.00e+00	0.00e+00
 6.95344e+22	4.18e-02	8.92e-01	6.55e-02	3.52e-04	7.99e-06	0.00e+00	0.00e+00	0.00e+00
 6.96043e+22	4.36e-02	8.95e-01	6.12e-02	3.17e-04	7.08e-06	0.00e+00	0.00e+00	0.00e+00
 6.96740e+22	4.55e-02	8.97e-01	5.73e-02	2.86e-04	6.30e-06	0.00e+00	0.00e+00	0.00e+00
 6.97391e+22	4.74e-02	8.99e-01	5.37e-02	2.59e-04	5.61e-06	0.00e+00	0.00e+00	0.00e+00
 6.98014e+22	4.92e-02	9.00e-01	5.04e-02	2.36e-04	5.02e-06	0.00e+00	0.00e+00	0.00e+00
 6.98634e+22	5.13e-02	9.01e-01	4.71e-02	2.14e-04	4.47e-06	0.00e+00	0.00e+00	0.00e+00
 6.99257e+22	5.33e-02	9.02e-01	4.42e-02	1.95e-04	4.00e-06	0.00e+00	0.00e+00	0.00e+00
 6.99893e+22	5.57e-02	9.03e-01	4.12e-02	1.76e-04	3.53e-06	0.00e+00	0.00e+00	0.00e+00
 7.00526e+22	5.80e-02	9.03e-01	3.84e-02	1.60e-04	3.13e-06	0.00e+00	0.00e+00	0.00e+00
 7.01128e+22	6.07e-02	9.03e-01	3.58e-02	1.46e-04	2.77e-06	0.00e+00	0.00e+00	0.00e+00
 7.01701e+22	6.30e-02	9.03e-01	3.36e-02	1.33e-04	2.48e-06	0.00e+00	0.00e+00	0.00e+00
 7.02274e+22	6.58e-02	9.03e-01	3.13e-02	1.22e-04	2.20e-06	0.00e+00	0.00e+00	0.00e+00
 7.02858e+22	6.86e-02	9.02e-01	2.92e-02	1.11e-04	1.95e-06	0.00e+00	0.00e+00	0.00e+00
 7.03433e+22	7.17e-02	9.01e-01	2.71e-02	1.02e-04	1.73e-06	0.00e+00	0.00e+00	0.00e+00
 7.04002e+22	7.49e-02	9.00e-01	2.52e-02	9.28e-05	1.52e-06	0.00e+00	0.00e+00	0.00e+00
 7.04546e+22	7.82e-02	8.98e-01	2.35e-02	8.53e-05	1.35e-06	0.00e+00	0.00e+00	0.00e+00
 7.05078e+22	8.16e-02	8.96e-01	2.19e-02	7.85e-05	1.20e-06	0.00e+00	0.00e+00	0.00e+00
 7.05617e+22	8.52e-02	8.94e-01	2.04e-02	7.22e-05	1.07e-06	0.00e+00	0.00e+00	0.00e+00
 7.06160e+22	8.91e-02	8.92e-01	1.89e-02	6.65e-05	9.45e-07	0.00e+00	0.00e+00	0.00e+00
 7.06700e+22	9.32e-02	8.89e-01	1.76e-02	6.13e-05	8.35e-07	0.00e+00	0.00e+00	0.00e+00
 7.07237e+22	9.74e-02	8.86e-01	1.63e-02	5.66e-05	7.41e-07	0.00e+00	0.00e+00	0.00e+00
 7.07783e+22	1.02e-01	8.83e-01	1.51e-02	5.22e-05	6.53e-07	0.00e+00	0.00e+00	0.00e+00
 7.08330e+22	1.07e-01	8.79e-01	1.40e-02	4.81e-05	5.73e-07	0.00e+00	0.00e+00	0.00e+00
 7.08848e+22	1.12e-01	8.75e-01	1.29e-02	4.46e-05	5.08e-07	0.00e+00	0.00e+00	0.00e+00
 7.09347e+22	1.17e-01	8.71e-01	1.21e-02	4.17e-05	4.53e-07	0.00e+00	0.00e+00	0.00e+00
 7.09892e+22	1.23e-01	8.66e-01	1.11e-02	3.85e-05	3.96e-07	0.00e+00	0.00e+00	0.00e+00
 7.10452e+22	1.29e-01	8.60e-01	1.02e-02	3.57e-05	3.48e-07	0.00e+00	0.00e+00	0.00e+00
 7.10981e+22	1.36e-01	8.55e-01	9.41e-03	3.32e-05	3.07e-07	0.00e+00	0.00e+00	0.00e+00
 7.11507e+22	1.43e-01	8.49e-01	8.66e-03	3.09e-05	2.70e-07	0.00e+00	0.00e+00	0.00e+00
 7.12023e+22	1.49e-01	8.43e-01	8.00e-03	2.89e-05	2.39e-07	0.00e+00	0.00e+00	0.00e+00
 7.12550e+22	1.57e-01	8.35e-01	7.34e-03	2.69e-05	2.10e-07	0.00e+00	0.00e+00	0.00e+00
 7.13083e+22	1.65e-01	8.28e-01	6.76e-03	2.52e-05	1.85e-07	0.00e+00	0.00e+00	0.00e+00
 7.13616e+22	1.74e-01	8.20e-01	6.19e-03	2.35e-05	1.62e-07	0.00e+00	0.00e+00	0.00e+00
 7.14151e+22	1.82e-01	8.12e-01	5.69e-03	2.20e-05	1.43e-07	0.00e+00	0.00e+00	0.00e+00
 7.14696e+22	1.92e-01	8.03e-01	5.19e-03	2.06e-05	1.25e-07	0.00e+00	0.00e+00	0.00e+00
 7.15260e+22	2.02e-01	7.93e-01	4.73e-03	1.93e-05	0.00e+00	0.00e+00	0.00e+00	0.00e+00
 7.15807e+22	2.12e-01	7.83e-01	4.32e-03	1.81e-05	0.00e+00	0.00e+00	0.00e+00	0.00e+00
 7.16355e+22	2.23e-01	7.73e-01	3.94e-03	1.70e-05	0.00e+00	0.00e+00	0.00e+00	0.00e+00
 7.16926e+22	2.35e-01	7.62e-01	3.58e-03	1.59e-05	0.00e+00	0.00e+00	0.00e+00	0.00e+00
 7.17515e+22	2.47e-01	7.50e-01	3.24e-03	1.49e-05	0.00e+00	0.00e+00	0.00e+00	0.00e+00
 7.18118e+22	2.60e-01	7.37e-01	2.92e-03	1.40e-05	0.00e+00	0.00e+00	0.00e+00	0.00e+00
 7.18720e+22	2.74e-01	7.24e-01	2.64e-03	1.31e-05	0.00e+00	0.00e+00	0.00e+00	0.00e+00
 7.19326e+22	2.87e-01	7.10e-01	2.38e-03	1.24e-05	0.00e+00	0.00e+00	0.00e+00	0.00e+00
 7.19956e+22	3.02e-01	6.96e-01	2.14e-03	1.16e-05	0.00e+00	0.00e+00	0.00e+00	0.00e+00
 7.20540e+22	3.16e-01	6.82e-01	1.94e-03	1.10e-05	0.00e+00	0.00e+00	0.00e+00	0.00e+00
 7.21042e+22	3.28e-01	6.70e-01	1.78e-03	1.05e-05	0.00e+00	0.00e+00	0.00e+00	0.00e+00
 7.21539e+22	3.40e-01	6.58e-01	1.64e-03	9.98e-06	0.00e+00	0.00e+00	0.00e+00	0.00e+00
 7.22080e+22	3.53e-01	6.45e-01	1.49e-03	9.48e-06	0.00e+00	0.00e+00	0.00e+00	0.00e+00
 7.22649e+22	3.68e-01	6.31e-01	1.35e-03	9.00e-06	0.00e+00	0.00e+00	0.00e+00	0.00e+00
 7.23213e+22	3.82e-01	6.17e-01	1.23e-03	8.55e-06	0.00e+00	0.00e+00	0.00e+00	0.00e+00
 7.23772e+22	3.96e-01	6.03e-01	1.12e-03	8.14e-06	0.00e+00	0.00e+00	0.00e+00	0.00e+00
 7.24347e+22	4.11e-01	5.88e-01	1.01e-03	7.73e-06	0.00e+00	0.00e+00	0.00e+00	0.00e+00
 7.24943e+22	4.26e-01	5.73e-01	9.14e-04	7.34e-06	0.00e+00	0.00e+00	0.00e+00	0.00e+00
 7.25552e+22	4.41e-01	5.58e-01	8.24e-04	6.97e-06	0.00e+00	0.00e+00	0.00e+00	0.00e+00
 7.26161e+22	4.56e-01	5.43e-01	7.45e-04	6.62e-06	0.00e+00	0.00e+00	0.00e+00	0.00e+00
 7.26784e+22	4.72e-01	5.27e-01	6.70e-04	6.28e-06	0.00e+00	0.00e+00	0.00e+00	0.00e+00
 7.27430e+22	4.88e-01	5.11e-01	6.01e-04	5.95e-06	0.00e+00	0.00e+00	0.00e+00	0.00e+00
 7.28076e+22	5.04e-01	4.95e-01	5.41e-04	5.64e-06	0.00e+00	0.00e+00	0.00e+00	0.00e+00
 7.28729e+22	5.20e-01	4.80e-01	4.86e-04	5.35e-06	0.00e+00	0.00e+00	0.00e+00	0.00e+00
 7.29406e+22	5.36e-01	4.64e-01	4.35e-04	5.07e-06	0.00e+00	0.00e+00	0.00e+00	0.00e+00
 7.30105e+22	5.52e-01	4.47e-01	3.89e-04	4.79e-06	0.00e+00	0.00e+00	0.00e+00	0.00e+00
 7.30810e+22	5.68e-01	4.31e-01	3.48e-04	4.53e-06	0.00e+00	0.00e+00	0.00e+00	0.00e+00
 7.31524e+22	5.84e-01	4.15e-01	3.11e-04	4.29e-06	0.00e+00	0.00e+00	0.00e+00	0.00e+00
 7.32263e+22	6.01e-01	3.99e-01	2.78e-04	4.05e-06	0.00e+00	0.00e+00	0.00e+00	0.00e+00
 7.33020e+22	6.16e-01	3.83e-01	2.48e-04	3.82e-06	0.00e+00	0.00e+00	0.00e+00	0.00e+00
 7.33798e+22	6.32e-01	3.68e-01	2.22e-04	3.60e-06	0.00e+00	0.00e+00	0.00e+00	0.00e+00
 7.34598e+22	6.48e-01	3.52e-01	1.98e-04	3.39e-06	0.00e+00	0.00e+00	0.00e+00	0.00e+00
 7.35407e+22	6.63e-01	3.37e-01	1.77e-04	3.20e-06	0.00e+00	0.00e+00	0.00e+00	0.00e+00
 7.36236e+22	6.78e-01	3.22e-01	1.58e-04	3.02e-06	0.00e+00	0.00e+00	0.00e+00	0.00e+00
 7.37104e+22	6.93e-01	3.07e-01	1.41e-04	2.84e-06	0.00e+00	0.00e+00	0.00e+00	0.00e+00
 7.38000e+22	7.08e-01	2.92e-01	1.27e-04	2.67e-06	0.00e+00	0.00e+00	0.00e+00	0.00e+00
 7.38903e+22	7.22e-01	2.78e-01	1.14e-04	2.51e-06	0.00e+00	0.00e+00	0.00e+00	0.00e+00
 7.39814e+22	7.35e-01	2.65e-01	1.03e-04	2.37e-06	0.00e+00	0.00e+00	0.00e+00	0.00e+00
 7.40744e+22	7.47e-01	2.53e-01	9.32e-05	2.23e-06	0.00e+00	0.00e+00	0.00e+00	0.00e+00
 7.41701e+22	7.60e-01	2.40e-01	8.45e-05	2.11e-06	0.00e+00	0.00e+00	0.00e+00	0.00e+00
 7.42697e+22	7.72e-01	2.28e-01	7.68e-05	1.98e-06	0.00e+00	0.00e+00	0.00e+00	0.00e+00
 7.43728e+22	7.84e-01	2.16e-01	7.00e-05	1.87e-06	0.00e+00	0.00e+00	0.00e+00	0.00e+00
 7.44763e+22	7.95e-01	2.05e-01	6.42e-05	1.77e-06	0.00e+00	0.00e+00	0.00e+00	0.00e+00
 7.45802e+22	8.05e-01	1.95e-01	5.92e-05	1.67e-06	0.00e+00	0.00e+00	0.00e+00	0.00e+00
 7.46892e+22	8.16e-01	1.84e-01	5.45e-05	1.58e-06	0.00e+00	0.00e+00	0.00e+00	0.00e+00
 7.48042e+22	8.26e-01	1.74e-01	5.03e-05	1.49e-06	0.00e+00	0.00e+00	0.00e+00	0.00e+00
 7.49221e+22	8.36e-01	1.64e-01	4.67e-05	1.40e-06	0.00e+00	0.00e+00	0.00e+00	0.00e+00
 7.50421e+22	8.45e-01	1.55e-01	4.34e-05	1.32e-06	0.00e+00	0.00e+00	0.00e+00	0.00e+00
 7.51664e+22	8.54e-01	1.46e-01	4.04e-05	1.25e-06	0.00e+00	0.00e+00	0.00e+00	0.00e+00
 7.52952e+22	8.63e-01	1.37e-01	3.78e-05	1.18e-06	0.00e+00	0.00e+00	0.00e+00	0.00e+00
 7.54233e+22	8.72e-01	1.28e-01	3.55e-05	1.11e-06	0.00e+00	0.00e+00	0.00e+00	0.00e+00
 7.55440e+22	8.79e-01	1.21e-01	3.36e-05	1.06e-06	0.00e+00	0.00e+00	0.00e+00	0.00e+00
 7.56577e+22	8.85e-01	1.15e-01	3.20e-05	1.01e-06	0.00e+00	0.00e+00	0.00e+00	0.00e+00
 7.57680e+22	8.91e-01	1.09e-01	3.05e-05	9.63e-07	0.00e+00	0.00e+00	0.00e+00	0.00e+00
 7.58751e+22	8.97e-01	1.03e-01	2.93e-05	9.21e-07	0.00e+00	0.00e+00	0.00e+00	0.00e+00
 7.59789e+22	9.02e-01	9.77e-02	2.81e-05	8.82e-07	0.00e+00	0.00e+00	0.00e+00	0.00e+00
 7.60784e+22	9.07e-01	9.28e-02	2.71e-05	8.48e-07	0.00e+00	0.00e+00	0.00e+00	0.00e+00
 7.61726e+22	9.12e-01	8.84e-02	2.62e-05	8.16e-07	0.00e+00	0.00e+00	0.00e+00	0.00e+00
 7.62623e+22	9.16e-01	8.42e-02	2.54e-05	7.88e-07	0.00e+00	0.00e+00	0.00e+00	0.00e+00
 7.63464e+22	9.19e-01	8.06e-02	2.47e-05	7.63e-07	0.00e+00	0.00e+00	0.00e+00	0.00e+00
 7.64278e+22	9.23e-01	7.70e-02	2.41e-05	7.39e-07	0.00e+00	0.00e+00	0.00e+00	0.00e+00
 7.65090e+22	9.26e-01	7.37e-02	2.35e-05	7.16e-07	0.00e+00	0.00e+00	0.00e+00	0.00e+00
 7.65875e+22	9.29e-01	7.06e-02	2.29e-05	6.95e-07	0.00e+00	0.00e+00	0.00e+00	0.00e+00
 7.66629e+22	9.32e-01	6.77e-02	2.24e-05	6.76e-07	0.00e+00	0.00e+00	0.00e+00	0.00e+00
 7.67355e+22	9.35e-01	6.51e-02	2.19e-05	6.59e-07	0.00e+00	0.00e+00	0.00e+00	0.00e+00
 7.68056e+22	9.37e-01	6.26e-02	2.15e-05	6.43e-07	0.00e+00	0.00e+00	0.00e+00	0.00e+00
 7.68733e+22	9.40e-01	6.03e-02	2.11e-05	6.29e-07	0.00e+00	0.00e+00	0.00e+00	0.00e+00
 7.69387e+22	9.42e-01	5.82e-02	2.07e-05	6.16e-07	0.00e+00	0.00e+00	0.00e+00	0.00e+00
 7.70017e+22	9.44e-01	5.63e-02	2.04e-05	6.05e-07	0.00e+00	0.00e+00	0.00e+00	0.00e+00
 7.70626e+22	9.45e-01	5.45e-02	2.01e-05	5.95e-07	0.00e+00	0.00e+00	0.00e+00	0.00e+00
 7.71212e+22	9.47e-01	5.29e-02	1.98e-05	5.86e-07	0.00e+00	0.00e+00	0.00e+00	0.00e+00
 7.71779e+22	9.49e-01	5.14e-02	1.96e-05	5.79e-07	0.00e+00	0.00e+00	0.00e+00	0.00e+00
 7.72326e+22	9.50e-01	5.00e-02	1.93e-05	5.73e-07	0.00e+00	0.00e+00	0.00e+00	0.00e+00
 7.72839e+22	9.51e-01	4.88e-02	1.91e-05	5.68e-07	0.00e+00	0.00e+00	0.00e+00	0.00e+00
 7.73306e+22	9.52e-01	4.77e-02	1.89e-05	5.65e-07	0.00e+00	0.00e+00	0.00e+00	0.00e+00
 7.73731e+22	9.53e-01	4.68e-02	1.87e-05	5.62e-07	0.00e+00	0.00e+00	0.00e+00	0.00e+00
 7.74118e+22	9.54e-01	4.61e-02	1.86e-05	5.61e-07	0.00e+00	0.00e+00	0.00e+00	0.00e+00
 7.74470e+22	9.55e-01	4.54e-02	1.85e-05	5.60e-07	0.00e+00	0.00e+00	0.00e+00	0.00e+00
 7.74790e+22	9.55e-01	4.49e-02	1.84e-05	5.60e-07	0.00e+00	0.00e+00	0.00e+00	0.00e+00
 7.75082e+22	9.56e-01	4.44e-02	1.83e-05	5.60e-07	0.00e+00	0.00e+00	0.00e+00	0.00e+00
 7.75401e+22	9.56e-01	4.38e-02	1.81e-05	5.61e-07	0.00e+00	0.00e+00	0.00e+00	0.00e+00
 7.75746e+22	9.57e-01	4.32e-02	1.80e-05	5.61e-07	0.00e+00	0.00e+00	0.00e+00	0.00e+00
 7.76060e+22	9.57e-01	4.28e-02	1.79e-05	5.60e-07	0.00e+00	0.00e+00	0.00e+00	0.00e+00
 7.76403e+22	9.58e-01	4.22e-02	1.78e-05	5.61e-07	0.00e+00	0.00e+00	0.00e+00	0.00e+00
 7.76775e+22	9.58e-01	4.17e-02	1.77e-05	5.63e-07	0.00e+00	0.00e+00	0.00e+00	0.00e+00
 7.77112e+22	9.59e-01	4.13e-02	1.76e-05	5.64e-07	0.00e+00	0.00e+00	0.00e+00	0.00e+00
 7.77420e+22	9.59e-01	4.09e-02	1.75e-05	5.66e-07	0.00e+00	0.00e+00	0.00e+00	0.00e+00
 7.77699e+22	9.59e-01	4.06e-02	1.74e-05	5.68e-07	0.00e+00	0.00e+00	0.00e+00	0.00e+00
 7.77954e+22	9.60e-01	4.04e-02	1.73e-05	5.74e-07	0.00e+00	0.00e+00	0.00e+00	0.00e+00
 7.78186e+22	9.60e-01	4.02e-02	1.73e-05	5.73e-07	0.00e+00	0.00e+00	0.00e+00	0.00e+00
 7.78439e+22	9.60e-01	3.99e-02	1.72e-05	5.74e-07	0.00e+00	0.00e+00	0.00e+00	0.00e+00
 7.78769e+22	9.60e-01	3.95e-02	1.71e-05	5.74e-07	0.00e+00	0.00e+00	0.00e+00	0.00e+00
 7.79126e+22	9.61e-01	3.91e-02	1.70e-05	5.75e-07	0.00e+00	0.00e+00	0.00e+00	0.00e+00
 7.79450e+22	9.61e-01	3.88e-02	1.69e-05	5.77e-07	0.00e+00	0.00e+00	0.00e+00	0.00e+00
 7.79745e+22	9.61e-01	3.86e-02	1.68e-05	5.76e-07	0.00e+00	0.00e+00	0.00e+00	0.00e+00
 7.80068e+22	9.62e-01	3.83e-02	1.67e-05	5.78e-07	0.00e+00	0.00e+00	0.00e+00	0.00e+00
 7.80417e+22	9.62e-01	3.80e-02	1.66e-05	5.79e-07	0.00e+00	0.00e+00	0.00e+00	0.00e+00
 7.80734e+22	9.62e-01	3.77e-02	1.65e-05	5.81e-07	0.00e+00	0.00e+00	0.00e+00	0.00e+00
 7.81082e+22	9.63e-01	3.74e-02	1.64e-05	5.83e-07	0.00e+00	0.00e+00	0.00e+00	0.00e+00
 7.81458e+22	9.63e-01	3.71e-02	1.63e-05	5.85e-07	0.00e+00	0.00e+00	0.00e+00	0.00e+00
 7.81800e+22	9.63e-01	3.69e-02	1.62e-05	5.86e-07	0.00e+00	0.00e+00	0.00e+00	0.00e+00
 7.82174e+22	9.63e-01	3.66e-02	1.61e-05	5.89e-07	0.00e+00	0.00e+00	0.00e+00	0.00e+00
 7.82579e+22	9.64e-01	3.63e-02	1.60e-05	5.92e-07	0.00e+00	0.00e+00	0.00e+00	0.00e+00
 7.82947e+22	9.64e-01	3.60e-02	1.60e-05	5.94e-07	0.00e+00	0.00e+00	0.00e+00	0.00e+00
 7.83282e+22	9.64e-01	3.58e-02	1.59e-05	5.98e-07	0.00e+00	0.00e+00	0.00e+00	0.00e+00
 7.83587e+22	9.64e-01	3.57e-02	1.59e-05	6.02e-07	0.00e+00	0.00e+00	0.00e+00	0.00e+00
 7.83864e+22	9.64e-01	3.56e-02	1.59e-05	6.08e-07	0.00e+00	0.00e+00	0.00e+00	0.00e+00
 7.84116e+22	9.65e-01	3.55e-02	1.58e-05	6.10e-07	0.00e+00	0.00e+00	0.00e+00	0.00e+00
 7.84393e+22	9.65e-01	3.53e-02	1.58e-05	6.12e-07	0.00e+00	0.00e+00	0.00e+00	0.00e+00
 7.84752e+22	9.65e-01	3.50e-02	1.58e-05	6.16e-07	0.00e+00	0.00e+00	0.00e+00	0.00e+00
 7.85140e+22	9.65e-01	3.47e-02	1.57e-05	6.17e-07	0.00e+00	0.00e+00	0.00e+00	0.00e+00
 7.85494e+22	9.65e-01	3.45e-02	1.57e-05	6.21e-07	0.00e+00	0.00e+00	0.00e+00	0.00e+00
 7.85815e+22	9.66e-01	3.44e-02	1.56e-05	6.24e-07	0.00e+00	0.00e+00	0.00e+00	0.00e+00
 7.86167e+22	9.66e-01	3.42e-02	1.56e-05	6.28e-07	0.00e+00	0.00e+00	0.00e+00	0.00e+00
 7.86547e+22	9.66e-01	3.39e-02	1.55e-05	6.32e-07	0.00e+00	0.00e+00	0.00e+00	0.00e+00
 7.86893e+22	9.66e-01	3.37e-02	1.55e-05	6.34e-07	0.00e+00	0.00e+00	0.00e+00	0.00e+00
 7.87208e+22	9.66e-01	3.36e-02	1.55e-05	6.37e-07	0.00e+00	0.00e+00	0.00e+00	0.00e+00
 7.87553e+22	9.67e-01	3.34e-02	1.54e-05	6.40e-07	0.00e+00	0.00e+00	0.00e+00	0.00e+00
 7.87926e+22	9.67e-01	3.32e-02	1.54e-05	6.44e-07	0.00e+00	0.00e+00	0.00e+00	0.00e+00
 7.88265e+22	9.67e-01	3.30e-02	1.54e-05	6.46e-07	0.00e+00	0.00e+00	0.00e+00	0.00e+00
 7.88573e+22	9.67e-01	3.29e-02	1.53e-05	6.52e-07	0.00e+00	0.00e+00	0.00e+00	0.00e+00
 7.88854e+22	9.67e-01	3.27e-02	1.53e-05	6.50e-07	0.00e+00	0.00e+00	0.00e+00	0.00e+00
 7.89161e+22	9.67e-01	3.25e-02	1.52e-05	6.52e-07	0.00e+00	0.00e+00	0.00e+00	0.00e+00
 7.89493e+22	9.68e-01	3.23e-02	1.52e-05	6.52e-07	0.00e+00	0.00e+00	0.00e+00	0.00e+00
 7.89857e+22	9.68e-01	3.21e-02	1.51e-05	6.52e-07	0.00e+00	0.00e+00	0.00e+00	0.00e+00
 7.90250e+22	9.68e-01	3.18e-02	1.51e-05	6.52e-07	0.00e+00	0.00e+00	0.00e+00	0.00e+00
 7.90607e+22	9.68e-01	3.17e-02	1.50e-05	6.55e-07	0.00e+00	0.00e+00	0.00e+00	0.00e+00
 7.90933e+22	9.69e-01	3.15e-02	1.50e-05	6.53e-07	0.00e+00	0.00e+00	0.00e+00	0.00e+00
 7.91289e+22	9.69e-01	3.12e-02	1.49e-05	6.54e-07	0.00e+00	0.00e+00	0.00e+00	0.00e+00
 7.91674e+22	9.69e-01	3.10e-02	1.49e-05	6.54e-07	0.00e+00	0.00e+00	0.00e+00	0.00e+00
 7.92024e+22	9.69e-01	3.08e-02	1.48e-05	6.53e-07	0.00e+00	0.00e+00	0.00e+00	0.00e+00
 7.92408e+22	9.69e-01	3.06e-02	1.48e-05	6.54e-07	0.00e+00	0.00e+00	0.00e+00	0.00e+00
 7.92822e+22	9.70e-01	3.03e-02	1.47e-05	6.54e-07	0.00e+00	0.00e+00	0.00e+00	0.00e+00
 7.93199e+22	9.70e-01	3.01e-02	1.47e-05	6.56e-07	0.00e+00	0.00e+00	0.00e+00	0.00e+00
 7.93542e+22	9.70e-01	3.00e-02	1.46e-05	6.54e-07	0.00e+00	0.00e+00	0.00e+00	0.00e+00
 7.93918e+22	9.70e-01	2.97e-02	1.46e-05	6.53e-07	0.00e+00	0.00e+00	0.00e+00	0.00e+00
 7.94324e+22	9.70e-01	2.95e-02	1.45e-05	6.54e-07	0.00e+00	0.00e+00	0.00e+00	0.00e+00
 7.94693e+22	9.71e-01	2.93e-02	1.45e-05	6.52e-07	0.00e+00	0.00e+00	0.00e+00	0.00e+00
 7.95098e+22	9.71e-01	2.90e-02	1.44e-05	6.52e-07	0.00e+00	0.00e+00	0.00e+00	0.00e+00
 7.95535e+22	9.71e-01	2.88e-02	1.44e-05	6.50e-07	0.00e+00	0.00e+00	0.00e+00	0.00e+00
 7.95932e+22	9.71e-01	2.86e-02	1.43e-05	6.48e-07	0.00e+00	0.00e+00	0.00e+00	0.00e+00
 7.96368e+22	9.72e-01	2.83e-02	1.42e-05	6.48e-07	0.00e+00	0.00e+00	0.00e+00	0.00e+00
 7.96838e+22	9.72e-01	2.80e-02	1.42e-05	6.46e-07	0.00e+00	0.00e+00	0.00e+00	0.00e+00
 7.97266e+22	9.72e-01	2.78e-02	1.41e-05	6.47e-07	0.00e+00	0.00e+00	0.00e+00	0.00e+00
 7.97656e+22	9.72e-01	2.76e-02	1.41e-05	6.44e-07	0.00e+00	0.00e+00	0.00e+00	0.00e+00
 7.98083e+22	9.73e-01	2.74e-02	1.40e-05	6.42e-07	0.00e+00	0.00e+00	0.00e+00	0.00e+00
 7.98543e+22	9.73e-01	2.71e-02	1.40e-05	6.42e-07	0.00e+00	0.00e+00	0.00e+00	0.00e+00
 7.98963e+22	9.73e-01	2.69e-02	1.39e-05	6.38e-07	0.00e+00	0.00e+00	0.00e+00	0.00e+00
 7.99422e+22	9.73e-01	2.66e-02	1.38e-05	6.35e-07	0.00e+00	0.00e+00	0.00e+00	0.00e+00
 7.99918e+22	9.74e-01	2.64e-02	1.38e-05	6.34e-07	0.00e+00	0.00e+00	0.00e+00	0.00e+00
 8.00370e+22	9.74e-01	2.61e-02	1.37e-05	6.30e-07	0.00e+00	0.00e+00	0.00e+00	0.00e+00
 8.00864e+22	9.74e-01	2.58e-02	1.36e-05	6.27e-07	0.00e+00	0.00e+00	0.00e+00	0.00e+00
 8.01398e+22	9.74e-01	2.55e-02	1.36e-05	6.23e-07	0.00e+00	0.00e+00	0.00e+00	0.00e+00
 8.01884e+22	9.75e-01	2.53e-02	1.35e-05	6.21e-07	0.00e+00	0.00e+00	0.00e+00	0.00e+00
 8.02326e+22	9.75e-01	2.51e-02	1.34e-05	6.19e-07	0.00e+00	0.00e+00	0.00e+00	0.00e+00
 8.02811e+22	9.75e-01	2.48e-02	1.34e-05	6.15e-07	0.00e+00	0.00e+00	0.00e+00	0.00e+00
 8.03334e+22	9.75e-01	2.46e-02	1.33e-05	6.13e-07	0.00e+00	0.00e+00	0.00e+00	0.00e+00
 8.03810e+22	9.76e-01	2.44e-02	1.32e-05	6.08e-07	0.00e+00	0.00e+00	0.00e+00	0.00e+00
 8.04331e+22	9.76e-01	2.40e-02	1.31e-05	6.04e-07	0.00e+00	0.00e+00	0.00e+00	0.00e+00
 8.04895e+22	9.76e-01	2.38e-02	1.31e-05	6.01e-07	0.00e+00	0.00e+00	0.00e+00	0.00e+00
 8.05407e+22	9.76e-01	2.35e-02	1.30e-05	5.95e-07	0.00e+00	0.00e+00	0.00e+00	0.00e+00
 8.05969e+22	9.77e-01	2.32e-02	1.29e-05	5.90e-07	0.00e+00	0.00e+00	0.00e+00	0.00e+00
 8.06575e+22	9.77e-01	2.29e-02	1.28e-05	5.87e-07	0.00e+00	0.00e+00	0.00e+00	0.00e+00
 8.07127e+22	9.77e-01	2.27e-02	1.28e-05	5.81e-07	0.00e+00	0.00e+00	0.00e+00	0.00e+00
 8.07731e+22	9.78e-01	2.23e-02	1.27e-05	5.74e-07	0.00e+00	0.00e+00	0.00e+00	0.00e+00
 8.08384e+22	9.78e-01	2.20e-02	1.26e-05	5.68e-07	0.00e+00	0.00e+00	0.00e+00	0.00e+00
 8.08978e+22	9.78e-01	2.18e-02	1.25e-05	5.64e-07	0.00e+00	0.00e+00	0.00e+00	0.00e+00
 8.09518e+22	9.78e-01	2.16e-02	1.24e-05	5.60e-07	0.00e+00	0.00e+00	0.00e+00	0.00e+00
 8.10110e+22	9.79e-01	2.12e-02	1.23e-05	5.53e-07	0.00e+00	0.00e+00	0.00e+00	0.00e+00
 8.10750e+22	9.79e-01	2.10e-02	1.23e-05	5.48e-07	0.00e+00	0.00e+00	0.00e+00	0.00e+00
 8.11331e+22	9.79e-01	2.07e-02	1.22e-05	5.43e-07	0.00e+00	0.00e+00	0.00e+00	0.00e+00
 8.11969e+22	9.80e-01	2.04e-02	1.21e-05	5.35e-07	0.00e+00	0.00e+00	0.00e+00	0.00e+00
 8.12657e+22	9.80e-01	2.01e-02	1.20e-05	5.29e-07	0.00e+00	0.00e+00	0.00e+00	0.00e+00
 8.13283e+22	9.80e-01	1.98e-02	1.19e-05	5.23e-07	0.00e+00	0.00e+00	0.00e+00	0.00e+00
 8.13970e+22	9.81e-01	1.95e-02	1.18e-05	5.15e-07	0.00e+00	0.00e+00	0.00e+00	0.00e+00
 8.14711e+22	9.81e-01	1.92e-02	1.17e-05	5.09e-07	0.00e+00	0.00e+00	0.00e+00	0.00e+00
 8.15385e+22	9.81e-01	1.89e-02	1.16e-05	5.02e-07	0.00e+00	0.00e+00	0.00e+00	0.00e+00
 8.16124e+22	9.81e-01	1.86e-02	1.15e-05	4.93e-07	0.00e+00	0.00e+00	0.00e+00	0.00e+00
 8.16921e+22	9.82e-01	1.83e-02	1.14e-05	4.87e-07	0.00e+00	0.00e+00	0.00e+00	0.00e+00
 8.17647e+22	9.82e-01	1.80e-02	1.13e-05	4.80e-07	0.00e+00	0.00e+00	0.00e+00	0.00e+00
 8.18435e+22	9.82e-01	1.76e-02	1.12e-05	4.70e-07	0.00e+00	0.00e+00	0.00e+00	0.00e+00
 8.19278e+22	9.83e-01	1.73e-02	1.11e-05	4.63e-07	0.00e+00	0.00e+00	0.00e+00	0.00e+00
 8.20045e+22	9.83e-01	1.71e-02	1.10e-05	4.56e-07	0.00e+00	0.00e+00	0.00e+00	0.00e+00
 8.20872e+22	9.83e-01	1.67e-02	1.09e-05	4.45e-07	0.00e+00	0.00e+00	0.00e+00	0.00e+00
 8.21754e+22	9.84e-01	1.64e-02	1.08e-05	4.38e-07	0.00e+00	0.00e+00	0.00e+00	0.00e+00
 8.22557e+22	9.84e-01	1.62e-02	1.07e-05	4.31e-07	0.00e+00	0.00e+00	0.00e+00	0.00e+00
 8.23287e+22	9.84e-01	1.59e-02	1.06e-05	4.25e-07	0.00e+00	0.00e+00	0.00e+00	0.00e+00
 8.24087e+22	9.84e-01	1.56e-02	1.05e-05	4.16e-07	0.00e+00	0.00e+00	0.00e+00	0.00e+00
 8.24951e+22	9.85e-01	1.53e-02	1.04e-05	4.08e-07	0.00e+00	0.00e+00	0.00e+00	0.00e+00
 8.25870e+22	9.85e-01	1.49e-02	1.03e-05	3.97e-07	0.00e+00	0.00e+00	0.00e+00	0.00e+00
 8.26838e+22	9.85e-01	1.47e-02	1.02e-05	3.89e-07	0.00e+00	0.00e+00	0.00e+00	0.00e+00
 8.27718e+22	9.86e-01	1.44e-02	1.01e-05	3.83e-07	0.00e+00	0.00e+00	0.00e+00	0.00e+00
 8.28520e+22	9.86e-01	1.42e-02	9.96e-06	3.76e-07	0.00e+00	0.00e+00	0.00e+00	0.00e+00
 8.29398e+22	9.86e-01	1.39e-02	9.85e-06	3.66e-07	0.00e+00	0.00e+00	0.00e+00	0.00e+00
 8.30347e+22	9.86e-01	1.36e-02	9.74e-06	3.59e-07	0.00e+00	0.00e+00	0.00e+00	0.00e+00
 8.31210e+22	9.87e-01	1.34e-02	9.64e-06	3.52e-07	0.00e+00	0.00e+00	0.00e+00	0.00e+00
 8.32155e+22	9.87e-01	1.31e-02	9.52e-06	3.42e-07	0.00e+00	0.00e+00	0.00e+00	0.00e+00
 8.33176e+22	9.87e-01	1.28e-02	9.40e-06	3.35e-07	0.00e+00	0.00e+00	0.00e+00	0.00e+00
 8.34105e+22	9.87e-01	1.26e-02	9.30e-06	3.28e-07	0.00e+00	0.00e+00	0.00e+00	0.00e+00
 8.35123e+22	9.88e-01	1.22e-02	9.17e-06	3.18e-07	0.00e+00	0.00e+00	0.00e+00	0.00e+00
 8.36411e+22	9.88e-01	1.18e-02	9.01e-06	3.05e-07	0.00e+00	0.00e+00	0.00e+00	0.00e+00
 8.37792e+22	9.88e-01	1.15e-02	8.86e-06	2.96e-07	0.00e+00	0.00e+00	0.00e+00	0.00e+00
 8.39155e+22	9.89e-01	1.12e-02	8.71e-06	2.86e-07	0.00e+00	0.00e+00	0.00e+00	0.00e+00
 8.40556e+22	9.89e-01	1.09e-02	8.56e-06	2.76e-07	0.00e+00	0.00e+00	0.00e+00	0.00e+00
 8.41977e+22	9.89e-01	1.06e-02	8.41e-06	2.67e-07	0.00e+00	0.00e+00	0.00e+00	0.00e+00
 8.43413e+22	9.90e-01	1.03e-02	8.26e-06	2.57e-07	0.00e+00	0.00e+00	0.00e+00	0.00e+00
 8.44863e+22	9.90e-01	9.96e-03	8.11e-06	2.48e-07	0.00e+00	0.00e+00	0.00e+00	0.00e+00
 8.46327e+22	9.90e-01	9.67e-03	7.96e-06	2.39e-07	0.00e+00	0.00e+00	0.00e+00	0.00e+00
 8.47807e+22	9.91e-01	9.39e-03	7.81e-06	2.31e-07	0.00e+00	0.00e+00	0.00e+00	0.00e+00
 8.49300e+22	9.91e-01	9.12e-03	7.67e-06	2.22e-07	0.00e+00	0.00e+00	0.00e+00	0.00e+00
 8.50807e+22	9.91e-01	8.85e-03	7.52e-06	2.14e-07	0.00e+00	0.00e+00	0.00e+00	0.00e+00
 8.52327e+22	9.91e-01	8.60e-03	7.38e-06	2.06e-07	0.00e+00	0.00e+00	0.00e+00	0.00e+00
 8.53859e+22	9.92e-01	8.35e-03	7.23e-06	1.99e-07	0.00e+00	0.00e+00	0.00e+00	0.00e+00
 8.55404e+22	9.92e-01	8.10e-03	7.09e-06	1.91e-07	0.00e+00	0.00e+00	0.00e+00	0.00e+00
 8.56959e+22	9.92e-01	7.87e-03	6.95e-06	1.84e-07	0.00e+00	0.00e+00	0.00e+00	0.00e+00
 8.58525e+22	9.92e-01	7.64e-03	6.81e-06	1.77e-07	0.00e+00	0.00e+00	0.00e+00	0.00e+00
 8.60100e+22	9.93e-01	7.42e-03	6.67e-06	1.70e-07	0.00e+00	0.00e+00	0.00e+00	0.00e+00
 8.61687e+22	9.93e-01	7.20e-03	6.54e-06	1.64e-07	0.00e+00	0.00e+00	0.00e+00	0.00e+00
 8.63286e+22	9.93e-01	6.99e-03	6.40e-06	1.58e-07	0.00e+00	0.00e+00	0.00e+00	0.00e+00
 8.64896e+22	9.93e-01	6.79e-03	6.27e-06	1.51e-07	0.00e+00	0.00e+00	0.00e+00	0.00e+00
 8.66517e+22	9.93e-01	6.59e-03	6.14e-06	1.45e-07	0.00e+00	0.00e+00	0.00e+00	0.00e+00
 8.68148e+22	9.94e-01	6.40e-03	6.01e-06	1.40e-07	0.00e+00	0.00e+00	0.00e+00	0.00e+00
 8.69791e+22	9.94e-01	6.21e-03	5.88e-06	1.34e-07	0.00e+00	0.00e+00	0.00e+00	0.00e+00
 8.71454e+22	9.94e-01	6.03e-03	5.75e-06	1.29e-07	0.00e+00	0.00e+00	0.00e+00	0.00e+00
 8.73153e+22	9.94e-01	5.84e-03	5.62e-06	0.00e+00	0.00e+00	0.00e+00	0.00e+00	0.00e+00
