#depth	H	H+	H2
 1.54284e+22	5.35e-05	1.00e+00	2.28e-25
 3.55116e+22	7.35e-05	1.00e+00	8.82e-25
 4.24939e+22	8.56e-05	1.00e+00	1.74e-24
 4.66239e+22	9.62e-05	1.00e+00	2.95e-24
 4.91358e+22	1.01e-04	1.00e+00	3.62e-24
 5.07673e+22	1.07e-04	1.00e+00	4.75e-24
 5.25324e+22	1.13e-04	1.00e+00	6.08e-24
 5.44714e+22	1.21e-04	1.00e+00	8.31e-24
 5.64560e+22	1.28e-04	1.00e+00	1.09e-23
 5.81816e+22	1.35e-04	1.00e+00	1.40e-23
 6.01063e+22	1.45e-04	1.00e+00	1.93e-23
 6.20785e+22	1.53e-04	1.00e+00	2.51e-23
 6.41124e+22	1.65e-04	1.00e+00	3.52e-23
 6.61777e+22	1.75e-04	1.00e+00	4.65e-23
 6.80053e+22	1.85e-04	1.00e+00	6.13e-23
 7.01026e+22	1.99e-04	1.00e+00	8.78e-23
 7.22324e+22	2.12e-04	1.00e+00	1.18e-22
 7.44042e+22	2.28e-04	1.00e+00	1.70e-22
 7.66170e+22	2.43e-04	1.00e+00	2.34e-22
 7.85842e+22	2.59e-04	1.00e+00	3.19e-22
 8.08426e+22	2.80e-04	1.00e+00	4.75e-22
 8.30584e+22	2.97e-04	1.00e+00	6.42e-22
 8.52189e+22	3.21e-04	1.00e+00	9.47e-22
 8.73088e+22	3.38e-04	1.00e+00	1.25e-21
 8.93069e+22	3.62e-04	1.00e+00	1.79e-21
 9.13104e+22	3.83e-04	1.00e+00	2.39e-21
 9.33208e+22	4.10e-04	1.00e+00	3.43e-21
 9.53798e+22	4.34e-04	1.00e+00	4.70e-21
 9.72242e+22	4.59e-04	1.00e+00	6.34e-21
 9.93440e+22	4.94e-04	1.00e+00	9.51e-21
 1.01482e+23	5.23e-04	9.99e-01	1.32e-20
 1.03643e+23	5.63e-04	9.99e-01	2.01e-20
 1.05835e+23	5.97e-04	9.99e-01	2.86e-20
 1.07606e+23	6.27e-04	9.99e-01	3.78e-20
 1.09448e+23	6.66e-04	9.99e-01	5.30e-20
 1.11326e+23	7.01e-04	9.99e-01	7.13e-20
 1.12991e+23	7.36e-04	9.99e-01	9.36e-20
 1.14899e+23	7.82e-04	9.99e-01	1.35e-19
 1.16831e+23	8.24e-04	9.99e-01	1.87e-19
 1.18531e+23	8.66e-04	9.99e-01	2.51e-19
 1.20478e+23	9.21e-04	9.99e-01	3.79e-19
 1.22445e+23	9.71e-04	9.99e-01	5.48e-19
 1.24172e+23	1.02e-03	9.99e-01	7.65e-19
 1.25576e+23	1.05e-03	9.99e-01	1.11e-18
 1.26827e+23	1.10e-03	9.99e-01	1.48e-18
 1.28453e+23	1.15e-03	9.99e-01	2.37e-18
 1.30567e+23	1.24e-03	9.99e-01	5.80e-18
 1.32646e+23	1.30e-03	9.99e-01	8.90e-18
 1.34679e+23	1.38e-03	9.99e-01	1.90e-17
 1.36773e+23	1.46e-03	9.99e-01	4.34e-17
 1.38946e+23	1.56e-03	9.98e-01	1.05e-16
 1.41158e+23	1.65e-03	9.98e-01	2.31e-16
 1.43421e+23	1.77e-03	9.98e-01	4.00e-16
 1.45726e+23	1.88e-03	9.98e-01	6.40e-16
 1.47772e+23	1.98e-03	9.98e-01	8.61e-16
 1.50117e+23	2.13e-03	9.98e-01	1.35e-15
 1.52168e+23	2.21e-03	9.98e-01	1.70e-15
 1.53837e+23	2.33e-03	9.98e-01	2.15e-15
 1.55561e+23	2.42e-03	9.98e-01	2.67e-15
 1.57354e+23	2.55e-03	9.97e-01	3.33e-15
 1.59178e+23	2.66e-03	9.97e-01	3.97e-15
 1.61041e+23	2.81e-03	9.97e-01	4.90e-15
 1.62941e+23	2.94e-03	9.97e-01	5.84e-15
 1.64888e+23	3.11e-03	9.97e-01	7.27e-15
 1.66841e+23	3.25e-03	9.97e-01	8.63e-15
 1.68800e+23	3.44e-03	9.97e-01	1.07e-14
 1.70794e+23	3.59e-03	9.96e-01	1.28e-14
 1.72834e+23	3.80e-03	9.96e-01	1.60e-14
 1.74926e+23	3.99e-03	9.96e-01	1.93e-14
 1.77086e+23	4.24e-03	9.96e-01	2.44e-14
 1.79263e+23	4.45e-03	9.96e-01	2.95e-14
 1.81462e+23	4.73e-03	9.95e-01	3.75e-14
 1.83696e+23	4.98e-03	9.95e-01	4.59e-14
 1.85978e+23	5.32e-03	9.95e-01	5.94e-14
 1.88246e+23	5.58e-03	9.94e-01	7.23e-14
 1.90497e+23	5.97e-03	9.94e-01	9.37e-14
 1.92750e+23	6.28e-03	9.94e-01	1.15e-13
 1.95009e+23	6.74e-03	9.93e-01	1.49e-13
 1.97261e+23	7.10e-03	9.93e-01	1.84e-13
 1.99505e+23	7.65e-03	9.92e-01	2.42e-13
 2.01739e+23	8.09e-03	9.92e-01	2.99e-13
 2.03961e+23	8.76e-03	9.91e-01	3.99e-13
 2.06170e+23	9.32e-03	9.91e-01	4.99e-13
 2.08364e+23	1.01e-02	9.90e-01	6.72e-13
 2.10561e+23	1.09e-02	9.89e-01	8.59e-13
 2.12764e+23	1.20e-02	9.88e-01	1.18e-12
 2.14976e+23	1.30e-02	9.87e-01	1.55e-12
 2.16897e+23	1.42e-02	9.86e-01	2.05e-12
 2.19092e+23	1.59e-02	9.84e-01	2.94e-12
 2.21338e+23	1.78e-02	9.82e-01	4.11e-12
 2.23241e+23	1.99e-02	9.80e-01	5.65e-12
 2.24877e+23	2.19e-02	9.78e-01	7.44e-12
 2.26574e+23	2.49e-02	9.75e-01	1.06e-11
 2.28357e+23	2.84e-02	9.72e-01	1.52e-11
 2.29938e+23	3.25e-02	9.67e-01	2.16e-11
 2.31430e+23	3.76e-02	9.62e-01	3.12e-11
 2.32865e+23	4.39e-02	9.56e-01	4.57e-11
 2.34213e+23	5.15e-02	9.49e-01	6.70e-11
 2.35464e+23	6.10e-02	9.39e-01	1.00e-10
 2.36617e+23	7.23e-02	9.28e-01	1.47e-10
 2.37681e+23	8.63e-02	9.14e-01	2.19e-10
 2.38646e+23	1.03e-01	8.97e-01	3.23e-10
 2.39497e+23	1.21e-01	8.79e-01	4.61e-10
 2.40262e+23	1.43e-01	8.57e-01	6.51e-10
 2.40959e+23	1.67e-01	8.33e-01	9.02e-10
 2.41592e+23	1.94e-01	8.06e-01	1.22e-09
 2.42173e+23	2.22e-01	7.78e-01	1.62e-09
 2.42714e+23	2.54e-01	7.46e-01	2.12e-09
 2.43222e+23	2.87e-01	7.13e-01	2.70e-09
 2.43696e+23	3.22e-01	6.78e-01	3.37e-09
 2.44120e+23	3.55e-01	6.45e-01	4.07e-09
 2.44483e+23	3.85e-01	6.15e-01	4.73e-09
 2.44801e+23	4.12e-01	5.88e-01	5.37e-09
 2.45072e+23	4.36e-01	5.64e-01	5.95e-09
 2.45309e+23	4.56e-01	5.44e-01	6.46e-09
 2.45563e+23	4.78e-01	5.22e-01	7.02e-09
 2.45844e+23	5.03e-01	4.97e-01	7.67e-09
 2.46126e+23	5.26e-01	4.74e-01	8.30e-09
 2.46389e+23	5.47e-01	4.53e-01	8.86e-09
 2.46591e+23	5.62e-01	4.38e-01	9.22e-09
 2.46734e+23	5.73e-01	4.27e-01	9.51e-09
 2.46878e+23	5.83e-01	4.17e-01	9.81e-09
 2.47048e+23	5.95e-01	4.05e-01	1.02e-08
 2.47234e+23	6.09e-01	3.91e-01	1.05e-08
 2.47413e+23	6.20e-01	3.80e-01	1.08e-08
 2.47589e+23	6.32e-01	3.68e-01	1.12e-08
 2.47772e+23	6.43e-01	3.57e-01	1.15e-08
 2.47963e+23	6.55e-01	3.45e-01	1.18e-08
 2.48163e+23	6.67e-01	3.33e-01	1.21e-08
 2.48359e+23	6.77e-01	3.23e-01	1.24e-08
 2.48558e+23	6.88e-01	3.12e-01	1.27e-08
 2.48767e+23	6.98e-01	3.02e-01	1.30e-08
 2.48987e+23	7.09e-01	2.91e-01	1.33e-08
 2.49210e+23	7.19e-01	2.81e-01	1.36e-08
 2.49434e+23	7.29e-01	2.71e-01	1.38e-08
 2.49666e+23	7.39e-01	2.61e-01	1.41e-08
 2.49912e+23	7.48e-01	2.52e-01	1.43e-08
 2.50160e+23	7.58e-01	2.42e-01	1.46e-08
 2.50413e+23	7.66e-01	2.34e-01	1.48e-08
 2.50677e+23	7.75e-01	2.25e-01	1.50e-08
 2.50954e+23	7.84e-01	2.16e-01	1.53e-08
 2.51239e+23	7.92e-01	2.08e-01	1.55e-08
 2.51530e+23	8.00e-01	2.00e-01	1.57e-08
 2.51835e+23	8.08e-01	1.92e-01	1.59e-08
 2.52156e+23	8.15e-01	1.85e-01	1.61e-08
 2.52486e+23	8.22e-01	1.78e-01	1.63e-08
 2.52822e+23	8.29e-01	1.71e-01	1.65e-08
 2.53167e+23	8.35e-01	1.65e-01	1.67e-08
 2.53523e+23	8.41e-01	1.59e-01	1.69e-08
 2.53898e+23	8.47e-01	1.53e-01	1.72e-08
 2.54289e+23	8.53e-01	1.47e-01	1.74e-08
 2.54690e+23	8.58e-01	1.42e-01	1.77e-08
 2.55106e+23	8.63e-01	1.37e-01	1.79e-08
 2.55548e+23	8.68e-01	1.32e-01	1.83e-08
 2.56015e+23	8.72e-01	1.28e-01	1.86e-08
 2.56504e+23	8.76e-01	1.24e-01	1.90e-08
 2.57017e+23	8.81e-01	1.19e-01	1.95e-08
 2.57567e+23	8.85e-01	1.15e-01	2.00e-08
 2.58152e+23	8.88e-01	1.12e-01	2.07e-08
 2.58763e+23	8.92e-01	1.08e-01	2.14e-08
 2.59368e+23	8.96e-01	1.04e-01	2.22e-08
 2.59950e+23	8.99e-01	1.01e-01	2.30e-08
 2.60520e+23	9.01e-01	9.86e-02	2.39e-08
 2.61079e+23	9.04e-01	9.60e-02	2.48e-08
 2.61626e+23	9.07e-01	9.35e-02	2.58e-08
 2.62158e+23	9.09e-01	9.11e-02	2.67e-08
 2.62666e+23	9.11e-01	8.89e-02	2.76e-08
 2.63137e+23	9.13e-01	8.70e-02	2.84e-08
 2.63594e+23	9.15e-01	8.51e-02	2.94e-08
 2.64051e+23	9.17e-01	8.32e-02	3.04e-08
 2.64493e+23	9.19e-01	8.14e-02	3.15e-08
 2.64919e+23	9.20e-01	7.97e-02	3.27e-08
 2.65329e+23	9.22e-01	7.81e-02	3.39e-08
 2.65726e+23	9.23e-01	7.65e-02	3.53e-08
 2.66109e+23	9.25e-01	7.50e-02	3.66e-08
 2.66479e+23	9.26e-01	7.36e-02	3.80e-08
 2.66836e+23	9.28e-01	7.22e-02	3.95e-08
 2.67180e+23	9.29e-01	7.08e-02	4.11e-08
 2.67512e+23	9.30e-01	6.96e-02	4.29e-08
 2.67832e+23	9.32e-01	6.83e-02	4.48e-08
 2.68136e+23	9.33e-01	6.71e-02	4.66e-08
 2.68433e+23	9.34e-01	6.60e-02	4.88e-08
 2.68723e+23	9.35e-01	6.48e-02	5.11e-08
 2.68986e+23	9.36e-01	6.38e-02	5.32e-08
 2.69226e+23	9.37e-01	6.29e-02	5.53e-08
 2.69444e+23	9.38e-01	6.21e-02	5.73e-08
 2.69642e+23	9.39e-01	6.14e-02	5.93e-08
 2.69823e+23	9.39e-01	6.08e-02	6.11e-08
 2.69987e+23	9.40e-01	6.02e-02	6.28e-08
 2.70137e+23	9.40e-01	5.96e-02	6.49e-08
 2.70273e+23	9.41e-01	5.93e-02	6.62e-08
 2.70422e+23	9.41e-01	5.86e-02	6.77e-08
 2.70616e+23	9.42e-01	5.77e-02	7.03e-08
 2.70825e+23	9.43e-01	5.68e-02	7.26e-08
 2.71015e+23	9.44e-01	5.60e-02	7.47e-08
 2.71189e+23	9.45e-01	5.54e-02	7.65e-08
 2.71346e+23	9.45e-01	5.48e-02	7.82e-08
 2.71490e+23	9.46e-01	5.43e-02	8.02e-08
 2.71620e+23	9.46e-01	5.40e-02	8.12e-08
 2.71763e+23	9.47e-01	5.35e-02	8.22e-08
 2.71949e+23	9.47e-01	5.27e-02	8.40e-08
 2.72150e+23	9.48e-01	5.20e-02	8.59e-08
 2.72333e+23	9.49e-01	5.13e-02	8.73e-08
 2.72499e+23	9.49e-01	5.10e-02	8.83e-08
 2.72682e+23	9.50e-01	5.03e-02	8.91e-08
 2.72878e+23	9.50e-01	4.96e-02	9.05e-08
 2.73057e+23	9.51e-01	4.90e-02	9.16e-08
 2.73220e+23	9.51e-01	4.87e-02	9.22e-08
 2.73399e+23	9.52e-01	4.82e-02	9.29e-08
 2.73591e+23	9.53e-01	4.75e-02	9.37e-08
 2.73767e+23	9.53e-01	4.69e-02	9.43e-08
 2.73926e+23	9.53e-01	4.67e-02	9.47e-08
 2.74101e+23	9.54e-01	4.61e-02	9.50e-08
 2.74290e+23	9.55e-01	4.55e-02	9.54e-08
 2.74462e+23	9.55e-01	4.50e-02	9.56e-08
 2.74650e+23	9.56e-01	4.44e-02	9.58e-08
 2.74854e+23	9.56e-01	4.37e-02	9.60e-08
 2.75038e+23	9.57e-01	4.33e-02	9.61e-08
 2.75207e+23	9.57e-01	4.29e-02	9.60e-08
 2.75360e+23	9.58e-01	4.25e-02	9.58e-08
 2.75528e+23	9.58e-01	4.20e-02	9.55e-08
 2.75709e+23	9.59e-01	4.14e-02	9.53e-08
 2.75874e+23	9.59e-01	4.10e-02	9.50e-08
 2.76024e+23	9.59e-01	4.07e-02	9.49e-08
 2.76188e+23	9.60e-01	4.03e-02	9.47e-08
 2.76366e+23	9.60e-01	3.98e-02	9.44e-08
 2.76560e+23	9.61e-01	3.92e-02	9.39e-08
 2.76770e+23	9.61e-01	3.86e-02	9.38e-08
 2.76961e+23	9.62e-01	3.82e-02	9.35e-08
 2.77171e+23	9.62e-01	3.77e-02	9.30e-08
 2.77397e+23	9.63e-01	3.71e-02	9.26e-08
 2.77603e+23	9.63e-01	3.67e-02	9.24e-08
 2.77790e+23	9.64e-01	3.63e-02	9.18e-08
 2.77960e+23	9.64e-01	3.60e-02	9.16e-08
 2.78147e+23	9.64e-01	3.57e-02	9.12e-08
 2.78390e+23	9.65e-01	3.51e-02	9.10e-08
 2.78652e+23	9.66e-01	3.45e-02	9.10e-08
 2.78890e+23	9.66e-01	3.40e-02	9.06e-08
 2.79107e+23	9.66e-01	3.36e-02	9.01e-08
 2.79304e+23	9.67e-01	3.34e-02	9.01e-08
 2.79521e+23	9.67e-01	3.29e-02	8.93e-08
 2.79754e+23	9.68e-01	3.25e-02	8.94e-08
 2.79967e+23	9.68e-01	3.21e-02	8.90e-08
 2.80160e+23	9.68e-01	3.19e-02	8.88e-08
 2.80372e+23	9.69e-01	3.15e-02	8.82e-08
 2.80601e+23	9.69e-01	3.10e-02	8.82e-08
 2.80809e+23	9.69e-01	3.08e-02	8.81e-08
 2.81037e+23	9.70e-01	3.03e-02	8.75e-08
 2.81284e+23	9.70e-01	2.99e-02	8.75e-08
 2.81508e+23	9.70e-01	2.96e-02	8.74e-08
 2.81753e+23	9.71e-01	2.92e-02	8.68e-08
 2.82019e+23	9.71e-01	2.87e-02	8.68e-08
 2.82260e+23	9.72e-01	2.84e-02	8.67e-08
 2.82524e+23	9.72e-01	2.80e-02	8.61e-08
 2.82810e+23	9.72e-01	2.76e-02	8.63e-08
 2.83070e+23	9.73e-01	2.72e-02	8.58e-08
 2.83306e+23	9.73e-01	2.69e-02	8.54e-08
 2.83521e+23	9.73e-01	2.67e-02	8.53e-08
 2.83757e+23	9.74e-01	2.64e-02	8.51e-08
 2.84011e+23	9.74e-01	2.60e-02	8.53e-08
 2.84243e+23	9.74e-01	2.58e-02	8.52e-08
 2.84497e+23	9.75e-01	2.54e-02	8.50e-08
 2.84770e+23	9.75e-01	2.50e-02	8.51e-08
 2.85020e+23	9.75e-01	2.48e-02	8.51e-08
 2.85293e+23	9.76e-01	2.44e-02	8.49e-08
 2.85588e+23	9.76e-01	2.40e-02	8.50e-08
 2.85856e+23	9.76e-01	2.38e-02	8.50e-08
 2.86150e+23	9.77e-01	2.34e-02	8.48e-08
 2.86468e+23	9.77e-01	2.30e-02	8.49e-08
 2.86757e+23	9.77e-01	2.28e-02	8.50e-08
 2.87073e+23	9.78e-01	2.24e-02	8.47e-08
 2.87415e+23	9.78e-01	2.20e-02	8.48e-08
 2.87726e+23	9.78e-01	2.18e-02	8.49e-08
 2.88067e+23	9.79e-01	2.14e-02	8.47e-08
 2.88435e+23	9.79e-01	2.11e-02	8.49e-08
 2.88770e+23	9.79e-01	2.08e-02	8.47e-08
 2.89074e+23	9.79e-01	2.05e-02	8.47e-08
 2.89408e+23	9.80e-01	2.02e-02	8.45e-08
 2.89769e+23	9.80e-01	1.98e-02	8.46e-08
 2.90097e+23	9.80e-01	1.96e-02	8.47e-08
 2.90456e+23	9.81e-01	1.93e-02	8.45e-08
 2.90844e+23	9.81e-01	1.89e-02	8.46e-08
 2.91197e+23	9.81e-01	1.87e-02	8.47e-08
 2.91584e+23	9.82e-01	1.84e-02	8.45e-08
 2.92002e+23	9.82e-01	1.80e-02	8.46e-08
 2.92382e+23	9.82e-01	1.78e-02	8.47e-08
 2.92799e+23	9.83e-01	1.75e-02	8.45e-08
 2.93248e+23	9.83e-01	1.71e-02	8.46e-08
 2.93658e+23	9.83e-01	1.69e-02	8.47e-08
 2.94106e+23	9.83e-01	1.66e-02	8.47e-08
 2.94590e+23	9.84e-01	1.62e-02	8.48e-08
 2.95031e+23	9.84e-01	1.60e-02	8.46e-08
 2.95432e+23	9.84e-01	1.57e-02	8.47e-08
 2.95871e+23	9.85e-01	1.55e-02	8.47e-08
 2.96345e+23	9.85e-01	1.52e-02	8.48e-08
 2.96777e+23	9.85e-01	1.49e-02	8.46e-08
 2.97170e+23	9.85e-01	1.47e-02	8.47e-08
 2.97600e+23	9.86e-01	1.45e-02	8.47e-08
 2.98065e+23	9.86e-01	1.42e-02	8.48e-08
 2.98487e+23	9.86e-01	1.40e-02	8.47e-08
 2.98951e+23	9.86e-01	1.37e-02	8.48e-08
 2.99451e+23	9.87e-01	1.35e-02	8.49e-08
 2.99906e+23	9.87e-01	1.33e-02	8.49e-08
 3.00405e+23	9.87e-01	1.30e-02	8.50e-08
 3.00943e+23	9.87e-01	1.28e-02	8.51e-08
 3.01433e+23	9.87e-01	1.25e-02	8.51e-08
 3.01970e+23	9.88e-01	1.23e-02	8.51e-08
 3.02550e+23	9.88e-01	1.20e-02	8.53e-08
 3.03077e+23	9.88e-01	1.18e-02	8.53e-08
 3.03557e+23	9.88e-01	1.16e-02	8.54e-08
 3.04083e+23	9.89e-01	1.14e-02	8.54e-08
 3.04750e+23	9.89e-01	1.11e-02	8.56e-08
 3.05502e+23	9.89e-01	1.08e-02	8.57e-08
 3.06273e+23	9.89e-01	1.05e-02	8.58e-08
 3.07060e+23	9.90e-01	1.02e-02	8.59e-08
 3.07858e+23	9.90e-01	9.94e-03	8.59e-08
 3.08414e+23	9.90e-01	9.82e-03	8.59e-08
