#depth	O	O+	O+2	O+3	O+4	O+5	O+6	O+7	O+8	O[1]	O[2]	O[3]
 4.62852e+21	1.47e-12	2.47e-08	3.48e-05	4.05e-03	4.60e-02	1.26e-01	6.56e-01	1.59e-01	8.59e-03	1.47e-12	7.82e-22	8.51e-22
 1.02935e+22	4.07e-12	6.98e-08	9.30e-05	9.22e-03	7.79e-02	1.80e-01	6.27e-01	1.02e-01	3.72e-03	4.07e-12	2.72e-21	2.97e-21
 1.18482e+22	7.23e-12	1.22e-07	1.54e-04	1.36e-02	9.87e-02	2.08e-01	5.97e-01	8.02e-02	2.41e-03	7.23e-12	5.45e-21	5.96e-21
 1.26256e+22	9.80e-12	1.64e-07	1.98e-04	1.65e-02	1.10e-01	2.22e-01	5.78e-01	7.06e-02	1.93e-03	9.80e-12	7.85e-21	8.60e-21
 1.29933e+22	1.12e-11	1.86e-07	2.20e-04	1.78e-02	1.16e-01	2.28e-01	5.70e-01	6.69e-02	1.76e-03	1.12e-11	9.22e-21	1.01e-20
 1.32431e+22	1.33e-11	2.18e-07	2.52e-04	1.97e-02	1.23e-01	2.35e-01	5.59e-01	6.22e-02	1.55e-03	1.33e-11	1.13e-20	1.24e-20
 1.35068e+22	1.56e-11	2.52e-07	2.84e-04	2.15e-02	1.29e-01	2.41e-01	5.49e-01	5.85e-02	1.40e-03	1.56e-11	1.36e-20	1.50e-20
 1.37888e+22	1.89e-11	3.02e-07	3.31e-04	2.40e-02	1.37e-01	2.49e-01	5.35e-01	5.38e-02	1.21e-03	1.89e-11	1.72e-20	1.89e-20
 1.40741e+22	2.23e-11	3.52e-07	3.75e-04	2.63e-02	1.44e-01	2.55e-01	5.23e-01	5.02e-02	1.08e-03	2.23e-11	2.10e-20	2.30e-20
 1.43640e+22	2.76e-11	4.26e-07	4.39e-04	2.94e-02	1.53e-01	2.62e-01	5.08e-01	4.59e-02	9.34e-04	2.76e-11	2.70e-20	2.97e-20
 1.46583e+22	3.29e-11	4.99e-07	4.99e-04	3.22e-02	1.61e-01	2.68e-01	4.95e-01	4.27e-02	8.27e-04	3.29e-11	3.33e-20	3.66e-20
 1.49585e+22	4.13e-11	6.10e-07	5.87e-04	3.60e-02	1.71e-01	2.75e-01	4.78e-01	3.88e-02	7.08e-04	4.13e-11	4.35e-20	4.79e-20
 1.52633e+22	4.98e-11	7.19e-07	6.69e-04	3.94e-02	1.79e-01	2.80e-01	4.64e-01	3.58e-02	6.22e-04	4.98e-11	5.44e-20	5.98e-20
 1.55740e+22	6.34e-11	8.86e-07	7.90e-04	4.41e-02	1.90e-01	2.86e-01	4.46e-01	3.23e-02	5.28e-04	6.34e-11	7.23e-20	7.96e-20
 1.58850e+22	7.71e-11	1.05e-06	9.00e-04	4.82e-02	1.99e-01	2.90e-01	4.31e-01	2.98e-02	4.64e-04	7.71e-11	9.10e-20	1.00e-19
 1.61962e+22	9.85e-11	1.29e-06	1.06e-03	5.38e-02	2.10e-01	2.95e-01	4.12e-01	2.67e-02	3.91e-04	9.85e-11	1.22e-19	1.34e-19
 1.65168e+22	1.22e-10	1.54e-06	1.22e-03	5.89e-02	2.20e-01	2.99e-01	3.96e-01	2.44e-02	3.38e-04	1.22e-10	1.56e-19	1.72e-19
 1.67757e+22	1.45e-10	1.78e-06	1.36e-03	6.34e-02	2.28e-01	3.02e-01	3.83e-01	2.25e-02	2.99e-04	1.45e-10	1.91e-19	2.10e-19
 1.70037e+22	1.70e-10	2.04e-06	1.51e-03	6.77e-02	2.36e-01	3.03e-01	3.71e-01	2.10e-02	2.68e-04	1.70e-10	2.31e-19	2.55e-19
 1.72650e+22	2.09e-10	2.42e-06	1.72e-03	7.36e-02	2.45e-01	3.05e-01	3.55e-01	1.91e-02	2.32e-04	2.09e-10	2.95e-19	3.26e-19
 1.75431e+22	2.53e-10	2.82e-06	1.93e-03	7.94e-02	2.54e-01	3.07e-01	3.41e-01	1.75e-02	2.03e-04	2.53e-10	3.69e-19	4.08e-19
 1.78014e+22	3.06e-10	3.30e-06	2.17e-03	8.54e-02	2.62e-01	3.07e-01	3.27e-01	1.60e-02	1.78e-04	3.06e-10	4.61e-19	5.10e-19
 1.80957e+22	3.92e-10	4.02e-06	2.52e-03	9.38e-02	2.73e-01	3.08e-01	3.09e-01	1.42e-02	1.49e-04	3.92e-10	6.17e-19	6.83e-19
 1.83930e+22	4.78e-10	4.72e-06	2.83e-03	1.01e-01	2.82e-01	3.07e-01	2.94e-01	1.29e-02	1.29e-04	4.78e-10	7.78e-19	8.62e-19
 1.86547e+22	5.82e-10	5.51e-06	3.18e-03	1.08e-01	2.90e-01	3.06e-01	2.80e-01	1.17e-02	1.12e-04	5.82e-10	9.80e-19	1.09e-18
 1.89554e+22	7.46e-10	6.70e-06	3.66e-03	1.18e-01	3.00e-01	3.04e-01	2.63e-01	1.04e-02	9.34e-05	7.46e-10	1.31e-18	1.46e-18
 1.92632e+22	9.21e-10	7.90e-06	4.13e-03	1.27e-01	3.09e-01	3.02e-01	2.49e-01	9.32e-03	7.97e-05	9.21e-10	1.68e-18	1.87e-18
 1.95360e+22	1.13e-09	9.26e-06	4.64e-03	1.36e-01	3.17e-01	2.99e-01	2.35e-01	8.39e-03	6.83e-05	1.13e-09	2.14e-18	2.37e-18
 1.98464e+22	1.46e-09	1.13e-05	5.34e-03	1.48e-01	3.26e-01	2.95e-01	2.18e-01	7.33e-03	5.62e-05	1.46e-09	2.89e-18	3.22e-18
 2.01657e+22	1.82e-09	1.34e-05	6.03e-03	1.58e-01	3.34e-01	2.91e-01	2.04e-01	6.50e-03	4.72e-05	1.82e-09	3.75e-18	4.18e-18
 2.04501e+22	2.26e-09	1.57e-05	6.76e-03	1.69e-01	3.41e-01	2.86e-01	1.92e-01	5.78e-03	3.99e-05	2.26e-09	4.82e-18	5.36e-18
 2.07736e+22	2.95e-09	1.92e-05	7.79e-03	1.83e-01	3.49e-01	2.79e-01	1.76e-01	4.98e-03	3.23e-05	2.95e-09	6.61e-18	7.36e-18
 2.11072e+22	3.72e-09	2.29e-05	8.81e-03	1.96e-01	3.55e-01	2.73e-01	1.63e-01	4.35e-03	2.67e-05	3.72e-09	8.68e-18	9.68e-18
 2.14040e+22	4.63e-09	2.70e-05	9.86e-03	2.08e-01	3.61e-01	2.66e-01	1.51e-01	3.83e-03	2.23e-05	4.63e-09	1.12e-17	1.25e-17
 2.17396e+22	6.09e-09	3.31e-05	1.13e-02	2.24e-01	3.67e-01	2.57e-01	1.37e-01	3.25e-03	1.77e-05	6.09e-09	1.56e-17	1.74e-17
 2.20836e+22	7.72e-09	3.95e-05	1.28e-02	2.38e-01	3.71e-01	2.49e-01	1.26e-01	2.80e-03	1.44e-05	7.72e-09	2.06e-17	2.30e-17
 2.23875e+22	9.64e-09	4.65e-05	1.43e-02	2.52e-01	3.74e-01	2.41e-01	1.16e-01	2.44e-03	1.19e-05	9.64e-09	2.67e-17	2.99e-17
 2.27313e+22	1.27e-08	5.70e-05	1.64e-02	2.70e-01	3.77e-01	2.31e-01	1.04e-01	2.04e-03	9.25e-06	1.27e-08	3.72e-17	4.16e-17
 2.30848e+22	1.62e-08	6.79e-05	1.84e-02	2.86e-01	3.79e-01	2.21e-01	9.41e-02	1.74e-03	7.42e-06	1.62e-08	4.94e-17	5.53e-17
 2.33985e+22	2.03e-08	8.00e-05	2.05e-02	3.01e-01	3.80e-01	2.12e-01	8.56e-02	1.49e-03	6.01e-06	2.03e-08	6.46e-17	7.24e-17
 2.37542e+22	2.70e-08	9.82e-05	2.34e-02	3.20e-01	3.80e-01	2.00e-01	7.57e-02	1.22e-03	4.59e-06	2.70e-08	9.06e-17	1.02e-16
 2.41201e+22	3.46e-08	1.17e-04	2.63e-02	3.36e-01	3.78e-01	1.90e-01	6.78e-02	1.03e-03	3.62e-06	3.46e-08	1.21e-16	1.36e-16
 2.44465e+22	4.35e-08	1.38e-04	2.92e-02	3.52e-01	3.76e-01	1.80e-01	6.09e-02	8.66e-04	2.88e-06	4.35e-08	1.60e-16	1.80e-16
 2.48179e+22	5.85e-08	1.70e-04	3.33e-02	3.72e-01	3.73e-01	1.68e-01	5.29e-02	6.94e-04	2.13e-06	5.85e-08	2.27e-16	2.56e-16
 2.51963e+22	7.46e-08	2.02e-04	3.71e-02	3.89e-01	3.69e-01	1.58e-01	4.69e-02	5.76e-04	1.66e-06	7.46e-08	3.03e-16	3.42e-16
 2.55840e+22	1.01e-07	2.51e-04	4.24e-02	4.09e-01	3.62e-01	1.45e-01	4.02e-02	4.54e-04	1.21e-06	1.01e-07	4.35e-16	4.92e-16
 2.59757e+22	1.29e-07	2.98e-04	4.71e-02	4.25e-01	3.56e-01	1.35e-01	3.53e-02	3.72e-04	9.25e-07	1.29e-07	5.83e-16	6.58e-16
 2.63138e+22	1.62e-07	3.49e-04	5.19e-02	4.40e-01	3.50e-01	1.26e-01	3.12e-02	3.08e-04	7.19e-07	1.62e-07	7.66e-16	8.66e-16
 2.66304e+22	2.00e-07	4.04e-04	5.67e-02	4.54e-01	3.43e-01	1.18e-01	2.78e-02	2.58e-04	5.68e-07	2.00e-07	9.85e-16	1.11e-15
 2.69779e+22	2.58e-07	4.84e-04	6.31e-02	4.69e-01	3.34e-01	1.09e-01	2.40e-02	2.07e-04	4.23e-07	2.58e-07	1.34e-15	1.52e-15
 2.73272e+22	3.20e-07	5.61e-04	6.89e-02	4.82e-01	3.26e-01	1.01e-01	2.11e-02	1.71e-04	3.29e-07	3.20e-07	1.73e-15	1.97e-15
 2.76286e+22	3.90e-07	6.43e-04	7.47e-02	4.93e-01	3.19e-01	9.40e-02	1.88e-02	1.43e-04	2.60e-07	3.90e-07	2.20e-15	2.50e-15
 2.79704e+22	5.02e-07	7.66e-04	8.26e-02	5.07e-01	3.08e-01	8.56e-02	1.61e-02	1.13e-04	1.92e-07	5.02e-07	2.99e-15	3.40e-15
 2.83233e+22	6.20e-07	8.86e-04	8.98e-02	5.17e-01	2.99e-01	7.89e-02	1.41e-02	9.31e-05	1.48e-07	6.20e-07	3.85e-15	4.38e-15
 2.86906e+22	8.07e-07	1.06e-03	9.95e-02	5.29e-01	2.87e-01	7.09e-02	1.19e-02	7.23e-05	0.00e+00	8.07e-07	5.31e-15	6.04e-15
 2.90634e+22	1.01e-06	1.24e-03	1.08e-01	5.39e-01	2.77e-01	6.46e-02	1.02e-02	5.81e-05	0.00e+00	1.01e-06	6.94e-15	7.90e-15
 2.93826e+22	1.23e-06	1.42e-03	1.17e-01	5.46e-01	2.67e-01	5.93e-02	8.96e-03	4.77e-05	0.00e+00	1.23e-06	8.81e-15	1.00e-14
 2.97367e+22	1.58e-06	1.68e-03	1.28e-01	5.55e-01	2.55e-01	5.30e-02	7.52e-03	3.69e-05	0.00e+00	1.58e-06	1.20e-14	1.37e-14
 3.00644e+22	1.86e-06	1.88e-03	1.36e-01	5.59e-01	2.47e-01	4.91e-02	6.70e-03	3.11e-05	0.00e+00	1.86e-06	1.46e-14	1.67e-14
 3.03580e+22	2.26e-06	2.15e-03	1.47e-01	5.64e-01	2.37e-01	4.47e-02	5.81e-03	2.52e-05	0.00e+00	2.26e-06	1.86e-14	2.13e-14
 3.06602e+22	2.68e-06	2.42e-03	1.56e-01	5.67e-01	2.28e-01	4.11e-02	5.12e-03	2.10e-05	0.00e+00	2.68e-06	2.29e-14	2.62e-14
 3.09297e+22	3.16e-06	2.70e-03	1.65e-01	5.70e-01	2.20e-01	3.79e-02	4.53e-03	1.76e-05	0.00e+00	3.16e-06	2.80e-14	3.20e-14
 3.12362e+22	3.88e-06	3.11e-03	1.78e-01	5.72e-01	2.09e-01	3.40e-02	3.87e-03	1.40e-05	0.00e+00	3.88e-06	3.61e-14	4.13e-14
 3.15447e+22	4.57e-06	3.47e-03	1.88e-01	5.73e-01	2.01e-01	3.12e-02	3.41e-03	1.16e-05	0.00e+00	4.57e-06	4.41e-14	5.05e-14
 3.18558e+22	5.62e-06	4.00e-03	2.02e-01	5.73e-01	1.90e-01	2.78e-02	2.89e-03	9.13e-06	0.00e+00	5.62e-06	5.70e-14	6.52e-14
 3.21697e+22	6.62e-06	4.46e-03	2.14e-01	5.72e-01	1.82e-01	2.54e-02	2.53e-03	7.53e-06	0.00e+00	6.62e-06	6.97e-14	7.98e-14
 3.24871e+22	8.16e-06	5.14e-03	2.29e-01	5.70e-01	1.71e-01	2.25e-02	2.13e-03	5.87e-06	0.00e+00	8.16e-06	9.03e-14	1.03e-13
 3.28056e+22	9.57e-06	5.72e-03	2.42e-01	5.67e-01	1.63e-01	2.04e-02	1.86e-03	4.82e-06	0.00e+00	9.57e-06	1.10e-13	1.26e-13
 3.31254e+22	1.17e-05	6.55e-03	2.58e-01	5.63e-01	1.53e-01	1.80e-02	1.57e-03	3.76e-06	0.00e+00	1.17e-05	1.42e-13	1.62e-13
 3.34519e+22	1.38e-05	7.31e-03	2.72e-01	5.58e-01	1.45e-01	1.62e-02	1.35e-03	3.04e-06	0.00e+00	1.38e-05	1.74e-13	1.99e-13
 3.37869e+22	1.70e-05	8.40e-03	2.91e-01	5.50e-01	1.35e-01	1.42e-02	1.13e-03	2.33e-06	0.00e+00	1.70e-05	2.25e-13	2.58e-13
 3.41253e+22	2.00e-05	9.37e-03	3.06e-01	5.44e-01	1.27e-01	1.27e-02	9.66e-04	1.87e-06	0.00e+00	2.00e-05	2.77e-13	3.17e-13
 3.44679e+22	2.46e-05	1.08e-02	3.26e-01	5.34e-01	1.18e-01	1.10e-02	7.97e-04	1.42e-06	0.00e+00	2.46e-05	3.59e-13	4.11e-13
 3.47156e+22	2.59e-05	1.11e-02	3.32e-01	5.31e-01	1.15e-01	1.05e-02	7.52e-04	1.31e-06	0.00e+00	2.59e-05	3.84e-13	4.40e-13
 3.48398e+22	2.81e-05	1.17e-02	3.40e-01	5.26e-01	1.12e-01	9.92e-03	6.96e-04	1.17e-06	0.00e+00	2.81e-05	4.25e-13	4.87e-13
 3.50012e+22	3.08e-05	1.25e-02	3.49e-01	5.21e-01	1.08e-01	9.27e-03	6.36e-04	1.03e-06	0.00e+00	3.08e-05	4.80e-13	5.49e-13
 3.52110e+22	3.46e-05	1.35e-02	3.61e-01	5.14e-01	1.03e-01	8.52e-03	5.68e-04	8.73e-07	0.00e+00	3.46e-05	5.57e-13	6.37e-13
 3.54838e+22	4.12e-05	1.52e-02	3.79e-01	5.02e-01	9.56e-02	7.49e-03	4.79e-04	6.85e-07	0.00e+00	4.12e-05	6.92e-13	7.91e-13
 3.58384e+22	5.07e-05	1.74e-02	4.01e-01	4.87e-01	8.73e-02	6.38e-03	3.89e-04	5.07e-07	0.00e+00	5.07e-05	9.04e-13	1.03e-12
 3.62047e+22	5.99e-05	1.94e-02	4.19e-01	4.74e-01	8.09e-02	5.57e-03	3.26e-04	3.96e-07	0.00e+00	5.99e-05	1.12e-12	1.27e-12
 3.65862e+22	7.42e-05	2.24e-02	4.43e-01	4.57e-01	7.31e-02	4.68e-03	2.60e-04	2.87e-07	0.00e+00	7.42e-05	1.48e-12	1.68e-12
 3.69217e+22	8.41e-05	2.43e-02	4.58e-01	4.45e-01	6.84e-02	4.19e-03	2.26e-04	2.34e-07	0.00e+00	8.41e-05	1.74e-12	1.97e-12
 3.71976e+22	9.82e-05	2.69e-02	4.75e-01	4.31e-01	6.32e-02	3.66e-03	1.90e-04	1.84e-07	0.00e+00	9.82e-05	2.12e-12	2.40e-12
 3.74794e+22	1.11e-04	2.91e-02	4.89e-01	4.19e-01	5.91e-02	3.27e-03	1.65e-04	1.50e-07	0.00e+00	1.11e-04	2.49e-12	2.81e-12
 3.77690e+22	1.29e-04	3.22e-02	5.06e-01	4.04e-01	5.44e-02	2.85e-03	1.39e-04	0.00e+00	0.00e+00	1.29e-04	3.05e-12	3.42e-12
 3.80663e+22	1.47e-04	3.50e-02	5.21e-01	3.91e-01	5.05e-02	2.52e-03	1.19e-04	0.00e+00	0.00e+00	1.47e-04	3.62e-12	4.04e-12
 3.83321e+22	1.66e-04	3.79e-02	5.35e-01	3.78e-01	4.69e-02	2.23e-03	1.02e-04	0.00e+00	0.00e+00	1.66e-04	4.27e-12	4.75e-12
 3.86357e+22	1.94e-04	4.20e-02	5.52e-01	3.61e-01	4.27e-02	1.92e-03	8.43e-05	0.00e+00	0.00e+00	1.94e-04	5.26e-12	5.82e-12
 3.89450e+22	2.21e-04	4.55e-02	5.66e-01	3.47e-01	3.93e-02	1.68e-03	7.17e-05	0.00e+00	0.00e+00	2.21e-04	6.24e-12	6.86e-12
 3.92615e+22	2.60e-04	5.06e-02	5.84e-01	3.29e-01	3.53e-02	1.42e-03	5.82e-05	0.00e+00	0.00e+00	2.60e-04	7.78e-12	8.49e-12
 3.95787e+22	2.93e-04	5.46e-02	5.97e-01	3.15e-01	3.24e-02	1.24e-03	4.93e-05	0.00e+00	0.00e+00	2.93e-04	9.21e-12	9.96e-12
 3.98040e+22	3.16e-04	5.73e-02	6.05e-01	3.06e-01	3.06e-02	1.14e-03	4.43e-05	0.00e+00	0.00e+00	3.16e-04	1.02e-11	1.10e-11
 3.99753e+22	3.38e-04	5.98e-02	6.12e-01	2.98e-01	2.92e-02	1.05e-03	4.03e-05	0.00e+00	0.00e+00	3.38e-04	1.12e-11	1.20e-11
 4.01695e+22	3.72e-04	6.36e-02	6.21e-01	2.87e-01	2.72e-02	9.45e-04	3.53e-05	0.00e+00	0.00e+00	3.72e-04	1.29e-11	1.37e-11
 4.04219e+22	4.20e-04	6.86e-02	6.32e-01	2.73e-01	2.49e-02	8.23e-04	2.98e-05	0.00e+00	0.00e+00	4.20e-04	1.52e-11	1.61e-11
 4.06859e+22	4.65e-04	7.31e-02	6.41e-01	2.61e-01	2.30e-02	7.28e-04	2.57e-05	0.00e+00	0.00e+00	4.65e-04	1.76e-11	1.84e-11
 4.09121e+22	5.07e-04	7.72e-02	6.49e-01	2.51e-01	2.14e-02	6.53e-04	2.25e-05	0.00e+00	0.00e+00	5.07e-04	1.99e-11	2.07e-11
 4.11531e+22	5.67e-04	8.28e-02	6.58e-01	2.39e-01	1.95e-02	5.70e-04	1.91e-05	0.00e+00	0.00e+00	5.67e-04	2.34e-11	2.40e-11
 4.14236e+22	6.30e-04	8.84e-02	6.66e-01	2.26e-01	1.78e-02	4.97e-04	1.62e-05	0.00e+00	0.00e+00	6.30e-04	2.73e-11	2.77e-11
 4.16897e+22	7.00e-04	9.43e-02	6.74e-01	2.14e-01	1.63e-02	4.33e-04	1.37e-05	0.00e+00	0.00e+00	7.00e-04	3.18e-11	3.19e-11
 4.19927e+22	8.01e-04	1.03e-01	6.82e-01	2.00e-01	1.45e-02	3.63e-04	1.11e-05	0.00e+00	0.00e+00	8.01e-04	3.88e-11	3.82e-11
 4.23246e+22	9.06e-04	1.11e-01	6.89e-01	1.86e-01	1.29e-02	3.06e-04	9.06e-06	0.00e+00	0.00e+00	9.06e-04	4.67e-11	4.53e-11
 4.26454e+22	1.02e-03	1.19e-01	6.95e-01	1.73e-01	1.14e-02	2.57e-04	7.37e-06	0.00e+00	0.00e+00	1.02e-03	5.62e-11	5.35e-11
 4.30138e+22	1.20e-03	1.31e-01	7.01e-01	1.57e-01	9.79e-03	2.05e-04	5.62e-06	0.00e+00	0.00e+00	1.20e-03	7.16e-11	6.66e-11
 4.33918e+22	1.36e-03	1.41e-01	7.04e-01	1.44e-01	8.59e-03	1.69e-04	4.49e-06	0.00e+00	0.00e+00	1.36e-03	8.64e-11	7.88e-11
 4.37823e+22	1.59e-03	1.55e-01	7.06e-01	1.29e-01	7.27e-03	1.33e-04	3.37e-06	0.00e+00	0.00e+00	1.59e-03	1.11e-10	9.84e-11
 4.41838e+22	1.81e-03	1.67e-01	7.07e-01	1.17e-01	6.27e-03	1.08e-04	2.64e-06	0.00e+00	0.00e+00	1.81e-03	1.35e-10	1.17e-10
 4.45997e+22	2.16e-03	1.85e-01	7.04e-01	1.03e-01	5.18e-03	8.17e-05	1.91e-06	0.00e+00	0.00e+00	2.16e-03	1.77e-10	1.49e-10
 4.50148e+22	2.42e-03	1.98e-01	7.02e-01	9.31e-02	4.47e-03	6.63e-05	1.50e-06	0.00e+00	0.00e+00	2.42e-03	2.13e-10	1.76e-10
 4.54290e+22	2.85e-03	2.18e-01	6.95e-01	8.10e-02	3.68e-03	5.02e-05	1.08e-06	0.00e+00	0.00e+00	2.85e-03	2.76e-10	2.22e-10
 4.58564e+22	3.25e-03	2.34e-01	6.88e-01	7.18e-02	3.11e-03	3.95e-05	8.24e-07	0.00e+00	0.00e+00	3.25e-03	3.39e-10	2.66e-10
 4.63013e+22	3.88e-03	2.59e-01	6.74e-01	6.09e-02	2.50e-03	2.89e-05	5.77e-07	0.00e+00	0.00e+00	3.88e-03	4.46e-10	3.40e-10
 4.67520e+22	4.44e-03	2.79e-01	6.62e-01	5.29e-02	2.08e-03	2.22e-05	4.28e-07	0.00e+00	0.00e+00	4.44e-03	5.49e-10	4.10e-10
 4.72103e+22	5.36e-03	3.09e-01	6.40e-01	4.36e-02	1.63e-03	1.56e-05	2.90e-07	0.00e+00	0.00e+00	5.36e-03	7.30e-10	5.29e-10
 4.76143e+22	5.88e-03	3.25e-01	6.29e-01	3.89e-02	1.42e-03	1.28e-05	2.31e-07	0.00e+00	0.00e+00	5.88e-03	8.41e-10	6.02e-10
 4.79475e+22	6.76e-03	3.50e-01	6.09e-01	3.33e-02	1.18e-03	9.75e-06	1.73e-07	0.00e+00	0.00e+00	6.76e-03	1.04e-09	7.28e-10
 4.82922e+22	7.58e-03	3.71e-01	5.91e-01	2.90e-02	1.01e-03	7.70e-06	1.34e-07	0.00e+00	0.00e+00	7.58e-03	1.23e-09	8.49e-10
 4.86038e+22	8.51e-03	3.94e-01	5.72e-01	2.52e-02	8.59e-04	6.07e-06	0.00e+00	0.00e+00	0.00e+00	8.51e-03	1.45e-09	9.92e-10
 4.89608e+22	9.96e-03	4.26e-01	5.43e-01	2.07e-02	6.97e-04	4.40e-06	0.00e+00	0.00e+00	0.00e+00	9.96e-03	1.82e-09	1.22e-09
 4.93192e+22	1.13e-02	4.52e-01	5.18e-01	1.75e-02	5.84e-04	3.36e-06	0.00e+00	0.00e+00	0.00e+00	1.13e-02	2.17e-09	1.44e-09
 4.96292e+22	1.28e-02	4.79e-01	4.93e-01	1.47e-02	4.91e-04	2.55e-06	0.00e+00	0.00e+00	0.00e+00	1.28e-02	2.59e-09	1.70e-09
 4.99822e+22	1.51e-02	5.17e-01	4.56e-01	1.16e-02	3.90e-04	1.76e-06	0.00e+00	0.00e+00	0.00e+00	1.51e-02	3.26e-09	2.11e-09
 5.03412e+22	1.74e-02	5.49e-01	4.24e-01	9.34e-03	3.19e-04	1.27e-06	0.00e+00	0.00e+00	0.00e+00	1.74e-02	3.95e-09	2.53e-09
 5.06558e+22	2.00e-02	5.80e-01	3.92e-01	7.48e-03	2.61e-04	9.10e-07	0.00e+00	0.00e+00	0.00e+00	2.00e-02	4.77e-09	3.03e-09
 5.10121e+22	2.39e-02	6.20e-01	3.50e-01	5.55e-03	2.02e-04	5.87e-07	0.00e+00	0.00e+00	0.00e+00	2.39e-02	6.06e-09	3.82e-09
 5.13857e+22	2.85e-02	6.57e-01	3.10e-01	4.10e-03	1.57e-04	3.79e-07	0.00e+00	0.00e+00	0.00e+00	2.85e-02	7.58e-09	4.73e-09
 5.17190e+22	3.36e-02	6.91e-01	2.73e-01	3.02e-03	1.23e-04	2.46e-07	0.00e+00	0.00e+00	0.00e+00	3.36e-02	9.36e-09	5.81e-09
 5.20341e+22	3.96e-02	7.21e-01	2.37e-01	2.19e-03	9.57e-05	1.57e-07	0.00e+00	0.00e+00	0.00e+00	3.96e-02	1.15e-08	7.11e-09
 5.23190e+22	4.60e-02	7.46e-01	2.06e-01	1.62e-03	7.60e-05	0.00e+00	0.00e+00	0.00e+00	0.00e+00	4.60e-02	1.39e-08	8.53e-09
 5.25790e+22	5.34e-02	7.68e-01	1.77e-01	1.18e-03	5.99e-05	0.00e+00	0.00e+00	0.00e+00	0.00e+00	5.34e-02	1.67e-08	1.02e-08
 5.28755e+22	6.44e-02	7.90e-01	1.45e-01	7.84e-04	4.39e-05	0.00e+00	0.00e+00	0.00e+00	0.00e+00	6.44e-02	2.10e-08	1.28e-08
 5.30946e+22	7.20e-02	7.99e-01	1.28e-01	6.18e-04	3.70e-05	0.00e+00	0.00e+00	0.00e+00	0.00e+00	7.20e-02	2.38e-08	1.44e-08
 5.31720e+22	7.52e-02	8.03e-01	1.21e-01	5.60e-04	3.44e-05	0.00e+00	0.00e+00	0.00e+00	0.00e+00	7.52e-02	2.50e-08	1.52e-08
 5.32274e+22	7.82e-02	8.05e-01	1.16e-01	5.13e-04	3.22e-05	0.00e+00	0.00e+00	0.00e+00	0.00e+00	7.82e-02	2.62e-08	1.59e-08
 5.32921e+22	8.17e-02	8.08e-01	1.10e-01	4.64e-04	2.99e-05	0.00e+00	0.00e+00	0.00e+00	0.00e+00	8.17e-02	2.76e-08	1.67e-08
 5.33671e+22	8.59e-02	8.10e-01	1.03e-01	4.12e-04	2.73e-05	0.00e+00	0.00e+00	0.00e+00	0.00e+00	8.59e-02	2.93e-08	1.77e-08
 5.34452e+22	9.06e-02	8.13e-01	9.65e-02	3.65e-04	2.48e-05	0.00e+00	0.00e+00	0.00e+00	0.00e+00	9.06e-02	3.11e-08	1.88e-08
 5.35184e+22	9.53e-02	8.14e-01	9.05e-02	3.24e-04	2.27e-05	0.00e+00	0.00e+00	0.00e+00	0.00e+00	9.53e-02	3.30e-08	1.99e-08
 5.35864e+22	9.97e-02	8.15e-01	8.51e-02	2.91e-04	2.09e-05	0.00e+00	0.00e+00	0.00e+00	0.00e+00	9.97e-02	3.48e-08	2.10e-08
 5.36552e+22	1.05e-01	8.15e-01	7.96e-02	2.59e-04	1.90e-05	0.00e+00	0.00e+00	0.00e+00	0.00e+00	1.05e-01	3.68e-08	2.22e-08
 5.37236e+22	1.10e-01	8.15e-01	7.46e-02	2.31e-04	1.74e-05	0.00e+00	0.00e+00	0.00e+00	0.00e+00	1.10e-01	3.89e-08	2.34e-08
 5.37900e+22	1.15e-01	8.15e-01	6.98e-02	2.06e-04	1.59e-05	0.00e+00	0.00e+00	0.00e+00	0.00e+00	1.15e-01	4.10e-08	2.47e-08
 5.38566e+22	1.21e-01	8.14e-01	6.51e-02	1.83e-04	1.45e-05	0.00e+00	0.00e+00	0.00e+00	0.00e+00	1.21e-01	4.33e-08	2.61e-08
 5.39214e+22	1.27e-01	8.12e-01	6.08e-02	1.63e-04	1.32e-05	0.00e+00	0.00e+00	0.00e+00	0.00e+00	1.27e-01	4.57e-08	2.75e-08
 5.39838e+22	1.33e-01	8.10e-01	5.69e-02	1.46e-04	1.21e-05	0.00e+00	0.00e+00	0.00e+00	0.00e+00	1.33e-01	4.81e-08	2.89e-08
 5.40468e+22	1.40e-01	8.07e-01	5.29e-02	1.30e-04	1.09e-05	0.00e+00	0.00e+00	0.00e+00	0.00e+00	1.40e-01	5.08e-08	3.05e-08
 5.41086e+22	1.46e-01	8.04e-01	4.94e-02	1.16e-04	9.98e-06	0.00e+00	0.00e+00	0.00e+00	0.00e+00	1.46e-01	5.33e-08	3.20e-08
 5.41690e+22	1.53e-01	8.01e-01	4.59e-02	1.04e-04	9.06e-06	0.00e+00	0.00e+00	0.00e+00	0.00e+00	1.53e-01	5.61e-08	3.37e-08
 5.42297e+22	1.60e-01	7.97e-01	4.28e-02	9.29e-05	8.23e-06	0.00e+00	0.00e+00	0.00e+00	0.00e+00	1.60e-01	5.90e-08	3.53e-08
 5.42893e+22	1.68e-01	7.92e-01	3.97e-02	8.28e-05	7.44e-06	0.00e+00	0.00e+00	0.00e+00	0.00e+00	1.68e-01	6.20e-08	3.71e-08
 5.43474e+22	1.76e-01	7.87e-01	3.69e-02	7.44e-05	6.77e-06	0.00e+00	0.00e+00	0.00e+00	0.00e+00	1.76e-01	6.50e-08	3.89e-08
 5.44048e+22	1.84e-01	7.81e-01	3.42e-02	6.64e-05	6.11e-06	0.00e+00	0.00e+00	0.00e+00	0.00e+00	1.84e-01	6.82e-08	4.08e-08
 5.44615e+22	1.93e-01	7.75e-01	3.17e-02	5.95e-05	5.52e-06	0.00e+00	0.00e+00	0.00e+00	0.00e+00	1.93e-01	7.15e-08	4.27e-08
 5.45153e+22	2.01e-01	7.69e-01	2.95e-02	5.36e-05	5.01e-06	0.00e+00	0.00e+00	0.00e+00	0.00e+00	2.01e-01	7.47e-08	4.46e-08
 5.45685e+22	2.10e-01	7.63e-01	2.75e-02	4.86e-05	4.57e-06	0.00e+00	0.00e+00	0.00e+00	0.00e+00	2.10e-01	7.78e-08	4.65e-08
 5.46258e+22	2.20e-01	7.55e-01	2.53e-02	4.33e-05	4.08e-06	0.00e+00	0.00e+00	0.00e+00	0.00e+00	2.20e-01	8.16e-08	4.87e-08
 5.46835e+22	2.30e-01	7.46e-01	2.33e-02	3.87e-05	3.65e-06	0.00e+00	0.00e+00	0.00e+00	0.00e+00	2.30e-01	8.54e-08	5.09e-08
 5.47356e+22	2.40e-01	7.38e-01	2.16e-02	3.50e-05	3.31e-06	0.00e+00	0.00e+00	0.00e+00	0.00e+00	2.40e-01	8.89e-08	5.30e-08
 5.47860e+22	2.50e-01	7.30e-01	2.00e-02	3.17e-05	2.99e-06	0.00e+00	0.00e+00	0.00e+00	0.00e+00	2.50e-01	9.24e-08	5.51e-08
 5.48384e+22	2.61e-01	7.21e-01	1.85e-02	2.86e-05	2.69e-06	0.00e+00	0.00e+00	0.00e+00	0.00e+00	2.61e-01	9.61e-08	5.73e-08
 5.48917e+22	2.72e-01	7.11e-01	1.70e-02	2.58e-05	2.41e-06	0.00e+00	0.00e+00	0.00e+00	0.00e+00	2.72e-01	1.00e-07	5.96e-08
 5.49448e+22	2.83e-01	7.01e-01	1.57e-02	2.33e-05	2.16e-06	0.00e+00	0.00e+00	0.00e+00	0.00e+00	2.83e-01	1.04e-07	6.18e-08
 5.49972e+22	2.94e-01	6.91e-01	1.45e-02	2.12e-05	1.94e-06	0.00e+00	0.00e+00	0.00e+00	0.00e+00	2.94e-01	1.08e-07	6.40e-08
 5.50508e+22	3.07e-01	6.80e-01	1.33e-02	1.91e-05	1.74e-06	0.00e+00	0.00e+00	0.00e+00	0.00e+00	3.07e-01	1.12e-07	6.64e-08
 5.51059e+22	3.20e-01	6.68e-01	1.21e-02	1.72e-05	1.54e-06	0.00e+00	0.00e+00	0.00e+00	0.00e+00	3.20e-01	1.16e-07	6.88e-08
 5.51584e+22	3.32e-01	6.56e-01	1.11e-02	1.57e-05	1.38e-06	0.00e+00	0.00e+00	0.00e+00	0.00e+00	3.32e-01	1.20e-07	7.11e-08
 5.52100e+22	3.46e-01	6.44e-01	1.02e-02	1.42e-05	1.23e-06	0.00e+00	0.00e+00	0.00e+00	0.00e+00	3.46e-01	1.24e-07	7.34e-08
 5.52617e+22	3.58e-01	6.32e-01	9.37e-03	1.30e-05	1.10e-06	0.00e+00	0.00e+00	0.00e+00	0.00e+00	3.58e-01	1.27e-07	7.56e-08
 5.53145e+22	3.73e-01	6.19e-01	8.55e-03	1.17e-05	9.71e-07	0.00e+00	0.00e+00	0.00e+00	0.00e+00	3.73e-01	1.31e-07	7.79e-08
 5.53682e+22	3.87e-01	6.05e-01	7.80e-03	1.07e-05	8.62e-07	0.00e+00	0.00e+00	0.00e+00	0.00e+00	3.87e-01	1.35e-07	8.01e-08
 5.54204e+22	4.01e-01	5.92e-01	7.11e-03	9.72e-06	7.63e-07	0.00e+00	0.00e+00	0.00e+00	0.00e+00	4.01e-01	1.39e-07	8.23e-08
 5.54718e+22	4.15e-01	5.79e-01	6.51e-03	8.90e-06	6.81e-07	0.00e+00	0.00e+00	0.00e+00	0.00e+00	4.15e-01	1.42e-07	8.42e-08
 5.55248e+22	4.30e-01	5.64e-01	5.91e-03	8.11e-06	6.01e-07	0.00e+00	0.00e+00	0.00e+00	0.00e+00	4.30e-01	1.46e-07	8.63e-08
 5.55799e+22	4.45e-01	5.49e-01	5.36e-03	7.38e-06	5.28e-07	0.00e+00	0.00e+00	0.00e+00	0.00e+00	4.45e-01	1.49e-07	8.83e-08
 5.56332e+22	4.60e-01	5.35e-01	4.87e-03	6.75e-06	4.67e-07	0.00e+00	0.00e+00	0.00e+00	0.00e+00	4.60e-01	1.52e-07	9.01e-08
 5.56866e+22	4.75e-01	5.21e-01	4.42e-03	6.18e-06	4.13e-07	0.00e+00	0.00e+00	0.00e+00	0.00e+00	4.75e-01	1.55e-07	9.18e-08
 5.57420e+22	4.90e-01	5.06e-01	4.00e-03	5.65e-06	3.63e-07	0.00e+00	0.00e+00	0.00e+00	0.00e+00	4.90e-01	1.58e-07	9.35e-08
 5.57990e+22	5.06e-01	4.91e-01	3.61e-03	5.16e-06	3.18e-07	0.00e+00	0.00e+00	0.00e+00	0.00e+00	5.06e-01	1.61e-07	9.50e-08
 5.58574e+22	5.22e-01	4.75e-01	3.24e-03	4.71e-06	2.78e-07	0.00e+00	0.00e+00	0.00e+00	0.00e+00	5.22e-01	1.63e-07	9.65e-08
 5.59157e+22	5.37e-01	4.60e-01	2.91e-03	4.31e-06	2.43e-07	0.00e+00	0.00e+00	0.00e+00	0.00e+00	5.37e-01	1.65e-07	9.77e-08
 5.59738e+22	5.53e-01	4.45e-01	2.62e-03	3.95e-06	2.13e-07	0.00e+00	0.00e+00	0.00e+00	0.00e+00	5.53e-01	1.67e-07	9.89e-08
 5.60342e+22	5.68e-01	4.29e-01	2.35e-03	3.62e-06	1.85e-07	0.00e+00	0.00e+00	0.00e+00	0.00e+00	5.68e-01	1.69e-07	9.99e-08
 5.60969e+22	5.84e-01	4.14e-01	2.09e-03	3.31e-06	1.61e-07	0.00e+00	0.00e+00	0.00e+00	0.00e+00	5.84e-01	1.71e-07	1.01e-07
 5.61545e+22	5.97e-01	4.01e-01	1.89e-03	3.07e-06	1.42e-07	0.00e+00	0.00e+00	0.00e+00	0.00e+00	5.97e-01	1.72e-07	1.01e-07
 5.62041e+22	6.09e-01	3.89e-01	1.73e-03	2.87e-06	1.27e-07	0.00e+00	0.00e+00	0.00e+00	0.00e+00	6.09e-01	1.73e-07	1.02e-07
 5.62526e+22	6.20e-01	3.78e-01	1.59e-03	2.69e-06	0.00e+00	0.00e+00	0.00e+00	0.00e+00	0.00e+00	6.20e-01	1.74e-07	1.02e-07
 5.63053e+22	6.32e-01	3.66e-01	1.45e-03	2.51e-06	0.00e+00	0.00e+00	0.00e+00	0.00e+00	0.00e+00	6.32e-01	1.74e-07	1.03e-07
 5.63617e+22	6.45e-01	3.54e-01	1.31e-03	2.34e-06	0.00e+00	0.00e+00	0.00e+00	0.00e+00	0.00e+00	6.45e-01	1.75e-07	1.03e-07
 5.64172e+22	6.56e-01	3.43e-01	1.19e-03	2.19e-06	0.00e+00	0.00e+00	0.00e+00	0.00e+00	0.00e+00	6.56e-01	1.75e-07	1.03e-07
 5.64719e+22	6.67e-01	3.32e-01	1.08e-03	2.05e-06	0.00e+00	0.00e+00	0.00e+00	0.00e+00	0.00e+00	6.67e-01	1.75e-07	1.03e-07
 5.65284e+22	6.78e-01	3.21e-01	9.78e-04	1.91e-06	0.00e+00	0.00e+00	0.00e+00	0.00e+00	0.00e+00	6.78e-01	1.75e-07	1.03e-07
 5.65873e+22	6.89e-01	3.10e-01	8.83e-04	1.79e-06	0.00e+00	0.00e+00	0.00e+00	0.00e+00	0.00e+00	6.89e-01	1.75e-07	1.03e-07
 5.66470e+22	7.00e-01	2.99e-01	7.97e-04	1.67e-06	0.00e+00	0.00e+00	0.00e+00	0.00e+00	0.00e+00	7.00e-01	1.75e-07	1.03e-07
 5.67072e+22	7.11e-01	2.88e-01	7.18e-04	1.56e-06	0.00e+00	0.00e+00	0.00e+00	0.00e+00	0.00e+00	7.11e-01	1.75e-07	1.03e-07
 5.67679e+22	7.21e-01	2.79e-01	6.50e-04	1.47e-06	0.00e+00	0.00e+00	0.00e+00	0.00e+00	0.00e+00	7.21e-01	1.75e-07	1.03e-07
 5.68305e+22	7.31e-01	2.69e-01	5.85e-04	1.37e-06	0.00e+00	0.00e+00	0.00e+00	0.00e+00	0.00e+00	7.31e-01	1.74e-07	1.02e-07
 5.68958e+22	7.41e-01	2.58e-01	5.24e-04	1.28e-06	0.00e+00	0.00e+00	0.00e+00	0.00e+00	0.00e+00	7.41e-01	1.74e-07	1.02e-07
 5.69605e+22	7.51e-01	2.49e-01	4.72e-04	1.20e-06	0.00e+00	0.00e+00	0.00e+00	0.00e+00	0.00e+00	7.51e-01	1.73e-07	1.01e-07
 5.70255e+22	7.60e-01	2.40e-01	4.25e-04	1.13e-06	0.00e+00	0.00e+00	0.00e+00	0.00e+00	0.00e+00	7.60e-01	1.72e-07	1.01e-07
 5.70936e+22	7.69e-01	2.31e-01	3.81e-04	1.06e-06	0.00e+00	0.00e+00	0.00e+00	0.00e+00	0.00e+00	7.69e-01	1.72e-07	1.00e-07
 5.71642e+22	7.78e-01	2.22e-01	3.41e-04	9.86e-07	0.00e+00	0.00e+00	0.00e+00	0.00e+00	0.00e+00	7.78e-01	1.71e-07	9.99e-08
 5.72351e+22	7.87e-01	2.13e-01	3.06e-04	9.25e-07	0.00e+00	0.00e+00	0.00e+00	0.00e+00	0.00e+00	7.87e-01	1.70e-07	9.93e-08
 5.73064e+22	7.95e-01	2.05e-01	2.75e-04	8.68e-07	0.00e+00	0.00e+00	0.00e+00	0.00e+00	0.00e+00	7.95e-01	1.69e-07	9.88e-08
 5.73804e+22	8.03e-01	1.97e-01	2.46e-04	8.13e-07	0.00e+00	0.00e+00	0.00e+00	0.00e+00	0.00e+00	8.03e-01	1.68e-07	9.82e-08
 5.74571e+22	8.11e-01	1.89e-01	2.20e-04	7.62e-07	0.00e+00	0.00e+00	0.00e+00	0.00e+00	0.00e+00	8.11e-01	1.67e-07	9.76e-08
 5.75352e+22	8.18e-01	1.81e-01	1.97e-04	7.14e-07	0.00e+00	0.00e+00	0.00e+00	0.00e+00	0.00e+00	8.18e-01	1.66e-07	9.69e-08
 5.76146e+22	8.26e-01	1.74e-01	1.77e-04	6.70e-07	0.00e+00	0.00e+00	0.00e+00	0.00e+00	0.00e+00	8.26e-01	1.65e-07	9.63e-08
 5.76964e+22	8.33e-01	1.67e-01	1.59e-04	6.28e-07	0.00e+00	0.00e+00	0.00e+00	0.00e+00	0.00e+00	8.33e-01	1.64e-07	9.57e-08
 5.77815e+22	8.40e-01	1.60e-01	1.43e-04	5.88e-07	0.00e+00	0.00e+00	0.00e+00	0.00e+00	0.00e+00	8.40e-01	1.63e-07	9.51e-08
 5.78690e+22	8.46e-01	1.54e-01	1.28e-04	5.51e-07	0.00e+00	0.00e+00	0.00e+00	0.00e+00	0.00e+00	8.46e-01	1.63e-07	9.45e-08
 5.79580e+22	8.52e-01	1.47e-01	1.16e-04	5.17e-07	0.00e+00	0.00e+00	0.00e+00	0.00e+00	0.00e+00	8.52e-01	1.62e-07	9.40e-08
 5.80481e+22	8.58e-01	1.42e-01	1.05e-04	4.87e-07	0.00e+00	0.00e+00	0.00e+00	0.00e+00	0.00e+00	8.58e-01	1.61e-07	9.35e-08
 5.81397e+22	8.64e-01	1.36e-01	9.55e-05	4.58e-07	0.00e+00	0.00e+00	0.00e+00	0.00e+00	0.00e+00	8.64e-01	1.60e-07	9.30e-08
 5.82337e+22	8.69e-01	1.31e-01	8.70e-05	4.31e-07	0.00e+00	0.00e+00	0.00e+00	0.00e+00	0.00e+00	8.69e-01	1.60e-07	9.26e-08
 5.83313e+22	8.74e-01	1.26e-01	7.95e-05	4.05e-07	0.00e+00	0.00e+00	0.00e+00	0.00e+00	0.00e+00	8.74e-01	1.59e-07	9.18e-08
 5.84318e+22	8.79e-01	1.21e-01	7.29e-05	3.81e-07	0.00e+00	0.00e+00	0.00e+00	0.00e+00	0.00e+00	8.79e-01	1.58e-07	9.09e-08
 5.85347e+22	8.84e-01	1.16e-01	6.71e-05	3.59e-07	0.00e+00	0.00e+00	0.00e+00	0.00e+00	0.00e+00	8.84e-01	1.57e-07	9.00e-08
 5.86388e+22	8.88e-01	1.12e-01	6.22e-05	3.39e-07	0.00e+00	0.00e+00	0.00e+00	0.00e+00	0.00e+00	8.88e-01	1.57e-07	8.92e-08
 5.87447e+22	8.92e-01	1.08e-01	5.78e-05	3.20e-07	0.00e+00	0.00e+00	0.00e+00	0.00e+00	0.00e+00	8.92e-01	1.56e-07	8.84e-08
 5.88560e+22	8.96e-01	1.04e-01	5.39e-05	3.03e-07	0.00e+00	0.00e+00	0.00e+00	0.00e+00	0.00e+00	8.96e-01	1.56e-07	8.78e-08
 5.89713e+22	9.00e-01	9.98e-02	5.04e-05	2.86e-07	0.00e+00	0.00e+00	0.00e+00	0.00e+00	0.00e+00	9.00e-01	1.56e-07	8.70e-08
 5.90889e+22	9.04e-01	9.61e-02	4.73e-05	2.70e-07	0.00e+00	0.00e+00	0.00e+00	0.00e+00	0.00e+00	9.04e-01	1.55e-07	8.64e-08
 5.92107e+22	9.07e-01	9.26e-02	4.45e-05	2.54e-07	0.00e+00	0.00e+00	0.00e+00	0.00e+00	0.00e+00	9.07e-01	1.55e-07	8.57e-08
 5.93370e+22	9.11e-01	8.91e-02	4.20e-05	2.40e-07	0.00e+00	0.00e+00	0.00e+00	0.00e+00	0.00e+00	9.11e-01	1.55e-07	8.51e-08
 5.94649e+22	9.14e-01	8.57e-02	3.99e-05	2.26e-07	0.00e+00	0.00e+00	0.00e+00	0.00e+00	0.00e+00	9.14e-01	1.55e-07	8.45e-08
 5.95881e+22	9.17e-01	8.29e-02	3.81e-05	2.15e-07	0.00e+00	0.00e+00	0.00e+00	0.00e+00	0.00e+00	9.17e-01	1.55e-07	8.40e-08
 5.97046e+22	9.20e-01	8.03e-02	3.66e-05	2.04e-07	0.00e+00	0.00e+00	0.00e+00	0.00e+00	0.00e+00	9.20e-01	1.55e-07	8.35e-08
 5.98170e+22	9.22e-01	7.79e-02	3.53e-05	1.95e-07	0.00e+00	0.00e+00	0.00e+00	0.00e+00	0.00e+00	9.22e-01	1.55e-07	8.31e-08
 5.99257e+22	9.24e-01	7.56e-02	3.41e-05	1.86e-07	0.00e+00	0.00e+00	0.00e+00	0.00e+00	0.00e+00	9.24e-01	1.55e-07	8.28e-08
 6.00308e+22	9.26e-01	7.35e-02	3.31e-05	1.78e-07	0.00e+00	0.00e+00	0.00e+00	0.00e+00	0.00e+00	9.26e-01	1.56e-07	8.24e-08
 6.01323e+22	9.28e-01	7.15e-02	3.22e-05	1.71e-07	0.00e+00	0.00e+00	0.00e+00	0.00e+00	0.00e+00	9.28e-01	1.56e-07	8.20e-08
 6.02288e+22	9.30e-01	6.96e-02	3.14e-05	1.64e-07	0.00e+00	0.00e+00	0.00e+00	0.00e+00	0.00e+00	9.30e-01	1.56e-07	8.17e-08
 6.03203e+22	9.32e-01	6.78e-02	3.08e-05	1.58e-07	0.00e+00	0.00e+00	0.00e+00	0.00e+00	0.00e+00	9.32e-01	1.55e-07	8.13e-08
 6.04058e+22	9.34e-01	6.63e-02	3.02e-05	1.53e-07	0.00e+00	0.00e+00	0.00e+00	0.00e+00	0.00e+00	9.34e-01	1.55e-07	8.10e-08
 6.04883e+22	9.35e-01	6.47e-02	2.96e-05	1.48e-07	0.00e+00	0.00e+00	0.00e+00	0.00e+00	0.00e+00	9.35e-01	1.56e-07	8.07e-08
 6.05706e+22	9.37e-01	6.32e-02	2.91e-05	1.42e-07	0.00e+00	0.00e+00	0.00e+00	0.00e+00	0.00e+00	9.37e-01	1.56e-07	8.04e-08
 6.06501e+22	9.38e-01	6.17e-02	2.86e-05	1.38e-07	0.00e+00	0.00e+00	0.00e+00	0.00e+00	0.00e+00	9.38e-01	1.56e-07	8.02e-08
 6.07266e+22	9.40e-01	6.03e-02	2.82e-05	1.33e-07	0.00e+00	0.00e+00	0.00e+00	0.00e+00	0.00e+00	9.40e-01	1.56e-07	7.99e-08
 6.08003e+22	9.41e-01	5.90e-02	2.78e-05	1.29e-07	0.00e+00	0.00e+00	0.00e+00	0.00e+00	0.00e+00	9.41e-01	1.56e-07	7.96e-08
 6.08714e+22	9.42e-01	5.77e-02	2.74e-05	1.25e-07	0.00e+00	0.00e+00	0.00e+00	0.00e+00	0.00e+00	9.42e-01	1.56e-07	7.94e-08
 6.09400e+22	9.43e-01	5.65e-02	2.71e-05	0.00e+00	0.00e+00	0.00e+00	0.00e+00	0.00e+00	0.00e+00	9.43e-01	1.56e-07	7.92e-08
 6.10063e+22	9.45e-01	5.53e-02	2.68e-05	0.00e+00	0.00e+00	0.00e+00	0.00e+00	0.00e+00	0.00e+00	9.45e-01	1.56e-07	7.89e-08
 6.10703e+22	9.46e-01	5.42e-02	2.65e-05	0.00e+00	0.00e+00	0.00e+00	0.00e+00	0.00e+00	0.00e+00	9.46e-01	1.56e-07	7.87e-08
 6.11320e+22	9.47e-01	5.31e-02	2.62e-05	0.00e+00	0.00e+00	0.00e+00	0.00e+00	0.00e+00	0.00e+00	9.47e-01	1.56e-07	7.85e-08
 6.11915e+22	9.48e-01	5.20e-02	2.60e-05	0.00e+00	0.00e+00	0.00e+00	0.00e+00	0.00e+00	0.00e+00	9.48e-01	1.56e-07	7.82e-08
 6.12490e+22	9.49e-01	5.10e-02	2.57e-05	0.00e+00	0.00e+00	0.00e+00	0.00e+00	0.00e+00	0.00e+00	9.49e-01	1.56e-07	7.80e-08
 6.13046e+22	9.50e-01	5.00e-02	2.55e-05	0.00e+00	0.00e+00	0.00e+00	0.00e+00	0.00e+00	0.00e+00	9.50e-01	1.56e-07	7.78e-08
 6.13569e+22	9.51e-01	4.91e-02	2.53e-05	0.00e+00	0.00e+00	0.00e+00	0.00e+00	0.00e+00	0.00e+00	9.51e-01	1.55e-07	7.75e-08
 6.14045e+22	9.52e-01	4.83e-02	2.51e-05	0.00e+00	0.00e+00	0.00e+00	0.00e+00	0.00e+00	0.00e+00	9.52e-01	1.55e-07	7.73e-08
 6.14478e+22	9.52e-01	4.75e-02	2.50e-05	0.00e+00	0.00e+00	0.00e+00	0.00e+00	0.00e+00	0.00e+00	9.52e-01	1.55e-07	7.70e-08
 6.14873e+22	9.53e-01	4.68e-02	2.48e-05	0.00e+00	0.00e+00	0.00e+00	0.00e+00	0.00e+00	0.00e+00	9.53e-01	1.55e-07	7.68e-08
 6.15231e+22	9.54e-01	4.62e-02	2.47e-05	0.00e+00	0.00e+00	0.00e+00	0.00e+00	0.00e+00	0.00e+00	9.54e-01	1.55e-07	7.66e-08
 6.15558e+22	9.54e-01	4.57e-02	2.46e-05	0.00e+00	0.00e+00	0.00e+00	0.00e+00	0.00e+00	0.00e+00	9.54e-01	1.55e-07	7.65e-08
 6.15855e+22	9.55e-01	4.52e-02	2.45e-05	0.00e+00	0.00e+00	0.00e+00	0.00e+00	0.00e+00	0.00e+00	9.55e-01	1.55e-07	7.63e-08
 6.16125e+22	9.55e-01	4.47e-02	2.44e-05	0.00e+00	0.00e+00	0.00e+00	0.00e+00	0.00e+00	0.00e+00	9.55e-01	1.54e-07	7.60e-08
 6.16371e+22	9.56e-01	4.44e-02	2.43e-05	0.00e+00	0.00e+00	0.00e+00	0.00e+00	0.00e+00	0.00e+00	9.56e-01	1.54e-07	7.60e-08
 6.16641e+22	9.56e-01	4.38e-02	2.42e-05	0.00e+00	0.00e+00	0.00e+00	0.00e+00	0.00e+00	0.00e+00	9.56e-01	1.53e-07	7.58e-08
 6.16932e+22	9.57e-01	4.32e-02	2.41e-05	0.00e+00	0.00e+00	0.00e+00	0.00e+00	0.00e+00	0.00e+00	9.57e-01	1.53e-07	7.56e-08
 6.17197e+22	9.57e-01	4.27e-02	2.40e-05	0.00e+00	0.00e+00	0.00e+00	0.00e+00	0.00e+00	0.00e+00	9.57e-01	1.52e-07	7.53e-08
 6.17438e+22	9.58e-01	4.23e-02	2.38e-05	0.00e+00	0.00e+00	0.00e+00	0.00e+00	0.00e+00	0.00e+00	9.58e-01	1.52e-07	7.52e-08
 6.17702e+22	9.58e-01	4.19e-02	2.37e-05	0.00e+00	0.00e+00	0.00e+00	0.00e+00	0.00e+00	0.00e+00	9.58e-01	1.51e-07	7.51e-08
 6.17987e+22	9.59e-01	4.13e-02	2.36e-05	0.00e+00	0.00e+00	0.00e+00	0.00e+00	0.00e+00	0.00e+00	9.59e-01	1.51e-07	7.50e-08
 6.18299e+22	9.59e-01	4.07e-02	2.34e-05	0.00e+00	0.00e+00	0.00e+00	0.00e+00	0.00e+00	0.00e+00	9.59e-01	1.51e-07	7.47e-08
 6.18637e+22	9.60e-01	4.00e-02	2.32e-05	0.00e+00	0.00e+00	0.00e+00	0.00e+00	0.00e+00	0.00e+00	9.60e-01	1.50e-07	7.45e-08
 6.18944e+22	9.61e-01	3.95e-02	2.31e-05	0.00e+00	0.00e+00	0.00e+00	0.00e+00	0.00e+00	0.00e+00	9.61e-01	1.50e-07	7.43e-08
 6.19223e+22	9.61e-01	3.90e-02	2.30e-05	0.00e+00	0.00e+00	0.00e+00	0.00e+00	0.00e+00	0.00e+00	9.61e-01	1.49e-07	7.41e-08
 6.19477e+22	9.61e-01	3.87e-02	2.29e-05	0.00e+00	0.00e+00	0.00e+00	0.00e+00	0.00e+00	0.00e+00	9.61e-01	1.49e-07	7.41e-08
 6.19756e+22	9.62e-01	3.83e-02	2.27e-05	0.00e+00	0.00e+00	0.00e+00	0.00e+00	0.00e+00	0.00e+00	9.62e-01	1.49e-07	7.40e-08
 6.20056e+22	9.62e-01	3.78e-02	2.25e-05	0.00e+00	0.00e+00	0.00e+00	0.00e+00	0.00e+00	0.00e+00	9.62e-01	1.49e-07	7.40e-08
 6.20386e+22	9.63e-01	3.72e-02	2.24e-05	0.00e+00	0.00e+00	0.00e+00	0.00e+00	0.00e+00	0.00e+00	9.63e-01	1.48e-07	7.38e-08
 6.20742e+22	9.63e-01	3.67e-02	2.22e-05	0.00e+00	0.00e+00	0.00e+00	0.00e+00	0.00e+00	0.00e+00	9.63e-01	1.48e-07	7.37e-08
 6.21065e+22	9.64e-01	3.61e-02	2.20e-05	0.00e+00	0.00e+00	0.00e+00	0.00e+00	0.00e+00	0.00e+00	9.64e-01	1.48e-07	7.35e-08
 6.21360e+22	9.64e-01	3.58e-02	2.19e-05	0.00e+00	0.00e+00	0.00e+00	0.00e+00	0.00e+00	0.00e+00	9.64e-01	1.48e-07	7.35e-08
 6.21683e+22	9.65e-01	3.53e-02	2.17e-05	0.00e+00	0.00e+00	0.00e+00	0.00e+00	0.00e+00	0.00e+00	9.65e-01	1.48e-07	7.34e-08
 6.22031e+22	9.65e-01	3.48e-02	2.15e-05	0.00e+00	0.00e+00	0.00e+00	0.00e+00	0.00e+00	0.00e+00	9.65e-01	1.47e-07	7.33e-08
 6.22348e+22	9.66e-01	3.43e-02	2.13e-05	0.00e+00	0.00e+00	0.00e+00	0.00e+00	0.00e+00	0.00e+00	9.66e-01	1.47e-07	7.31e-08
 6.22637e+22	9.66e-01	3.39e-02	2.11e-05	0.00e+00	0.00e+00	0.00e+00	0.00e+00	0.00e+00	0.00e+00	9.66e-01	1.47e-07	7.29e-08
 6.22899e+22	9.66e-01	3.36e-02	2.10e-05	0.00e+00	0.00e+00	0.00e+00	0.00e+00	0.00e+00	0.00e+00	9.66e-01	1.47e-07	7.29e-08
 6.23187e+22	9.67e-01	3.32e-02	2.08e-05	0.00e+00	0.00e+00	0.00e+00	0.00e+00	0.00e+00	0.00e+00	9.67e-01	1.47e-07	7.28e-08
 6.23498e+22	9.67e-01	3.28e-02	2.07e-05	0.00e+00	0.00e+00	0.00e+00	0.00e+00	0.00e+00	0.00e+00	9.67e-01	1.46e-07	7.27e-08
 6.23838e+22	9.68e-01	3.22e-02	2.04e-05	0.00e+00	0.00e+00	0.00e+00	0.00e+00	0.00e+00	0.00e+00	9.68e-01	1.46e-07	7.25e-08
 6.24206e+22	9.68e-01	3.16e-02	2.01e-05	0.00e+00	0.00e+00	0.00e+00	0.00e+00	0.00e+00	0.00e+00	9.68e-01	1.46e-07	7.23e-08
 6.24540e+22	9.69e-01	3.12e-02	1.99e-05	0.00e+00	0.00e+00	0.00e+00	0.00e+00	0.00e+00	0.00e+00	9.69e-01	1.46e-07	7.22e-08
 6.24844e+22	9.69e-01	3.08e-02	1.97e-05	0.00e+00	0.00e+00	0.00e+00	0.00e+00	0.00e+00	0.00e+00	9.69e-01	1.45e-07	7.20e-08
 6.25121e+22	9.70e-01	3.04e-02	1.96e-05	0.00e+00	0.00e+00	0.00e+00	0.00e+00	0.00e+00	0.00e+00	9.70e-01	1.45e-07	7.18e-08
 6.25373e+22	9.70e-01	3.01e-02	1.94e-05	0.00e+00	0.00e+00	0.00e+00	0.00e+00	0.00e+00	0.00e+00	9.70e-01	1.45e-07	7.17e-08
 6.25650e+22	9.70e-01	2.97e-02	1.92e-05	0.00e+00	0.00e+00	0.00e+00	0.00e+00	0.00e+00	0.00e+00	9.70e-01	1.45e-07	7.15e-08
 6.26009e+22	9.71e-01	2.91e-02	1.90e-05	0.00e+00	0.00e+00	0.00e+00	0.00e+00	0.00e+00	0.00e+00	9.71e-01	1.44e-07	7.13e-08
 6.26396e+22	9.71e-01	2.86e-02	1.88e-05	0.00e+00	0.00e+00	0.00e+00	0.00e+00	0.00e+00	0.00e+00	9.71e-01	1.44e-07	7.11e-08
 6.26749e+22	9.72e-01	2.81e-02	1.86e-05	0.00e+00	0.00e+00	0.00e+00	0.00e+00	0.00e+00	0.00e+00	9.72e-01	1.44e-07	7.09e-08
 6.27070e+22	9.72e-01	2.77e-02	1.84e-05	0.00e+00	0.00e+00	0.00e+00	0.00e+00	0.00e+00	0.00e+00	9.72e-01	1.44e-07	7.06e-08
 6.27362e+22	9.73e-01	2.74e-02	1.82e-05	0.00e+00	0.00e+00	0.00e+00	0.00e+00	0.00e+00	0.00e+00	9.73e-01	1.44e-07	7.05e-08
 6.27682e+22	9.73e-01	2.70e-02	1.80e-05	0.00e+00	0.00e+00	0.00e+00	0.00e+00	0.00e+00	0.00e+00	9.73e-01	1.43e-07	7.03e-08
 6.28027e+22	9.73e-01	2.65e-02	1.78e-05	0.00e+00	0.00e+00	0.00e+00	0.00e+00	0.00e+00	0.00e+00	9.73e-01	1.43e-07	7.01e-08
 6.28342e+22	9.74e-01	2.62e-02	1.77e-05	0.00e+00	0.00e+00	0.00e+00	0.00e+00	0.00e+00	0.00e+00	9.74e-01	1.43e-07	6.99e-08
 6.28686e+22	9.74e-01	2.58e-02	1.75e-05	0.00e+00	0.00e+00	0.00e+00	0.00e+00	0.00e+00	0.00e+00	9.74e-01	1.43e-07	6.97e-08
 6.29058e+22	9.75e-01	2.53e-02	1.73e-05	0.00e+00	0.00e+00	0.00e+00	0.00e+00	0.00e+00	0.00e+00	9.75e-01	1.42e-07	6.94e-08
 6.29397e+22	9.75e-01	2.49e-02	1.71e-05	0.00e+00	0.00e+00	0.00e+00	0.00e+00	0.00e+00	0.00e+00	9.75e-01	1.42e-07	6.92e-08
 6.29705e+22	9.75e-01	2.46e-02	1.70e-05	0.00e+00	0.00e+00	0.00e+00	0.00e+00	0.00e+00	0.00e+00	9.75e-01	1.41e-07	6.86e-08
 6.29985e+22	9.76e-01	2.44e-02	1.68e-05	0.00e+00	0.00e+00	0.00e+00	0.00e+00	0.00e+00	0.00e+00	9.76e-01	1.41e-07	6.84e-08
 6.30292e+22	9.76e-01	2.41e-02	1.67e-05	0.00e+00	0.00e+00	0.00e+00	0.00e+00	0.00e+00	0.00e+00	9.76e-01	1.40e-07	6.79e-08
 6.30691e+22	9.76e-01	2.36e-02	1.65e-05	0.00e+00	0.00e+00	0.00e+00	0.00e+00	0.00e+00	0.00e+00	9.76e-01	1.38e-07	6.74e-08
 6.31122e+22	9.77e-01	2.31e-02	1.63e-05	0.00e+00	0.00e+00	0.00e+00	0.00e+00	0.00e+00	0.00e+00	9.77e-01	1.37e-07	6.68e-08
 6.31515e+22	9.77e-01	2.28e-02	1.61e-05	0.00e+00	0.00e+00	0.00e+00	0.00e+00	0.00e+00	0.00e+00	9.77e-01	1.36e-07	6.62e-08
 6.31872e+22	9.78e-01	2.24e-02	1.60e-05	0.00e+00	0.00e+00	0.00e+00	0.00e+00	0.00e+00	0.00e+00	9.78e-01	1.35e-07	6.54e-08
 6.32197e+22	9.78e-01	2.22e-02	1.58e-05	0.00e+00	0.00e+00	0.00e+00	0.00e+00	0.00e+00	0.00e+00	9.78e-01	1.34e-07	6.50e-08
 6.32552e+22	9.78e-01	2.19e-02	1.57e-05	0.00e+00	0.00e+00	0.00e+00	0.00e+00	0.00e+00	0.00e+00	9.78e-01	1.33e-07	6.44e-08
 6.33015e+22	9.79e-01	2.14e-02	1.55e-05	0.00e+00	0.00e+00	0.00e+00	0.00e+00	0.00e+00	0.00e+00	9.79e-01	1.32e-07	6.36e-08
 6.33515e+22	9.79e-01	2.09e-02	1.53e-05	0.00e+00	0.00e+00	0.00e+00	0.00e+00	0.00e+00	0.00e+00	9.79e-01	1.31e-07	6.28e-08
 6.33969e+22	9.79e-01	2.05e-02	1.51e-05	0.00e+00	0.00e+00	0.00e+00	0.00e+00	0.00e+00	0.00e+00	9.79e-01	1.30e-07	6.19e-08
 6.34383e+22	9.80e-01	2.02e-02	1.49e-05	0.00e+00	0.00e+00	0.00e+00	0.00e+00	0.00e+00	0.00e+00	9.80e-01	1.28e-07	6.11e-08
 6.34760e+22	9.80e-01	2.00e-02	1.48e-05	0.00e+00	0.00e+00	0.00e+00	0.00e+00	0.00e+00	0.00e+00	9.80e-01	1.28e-07	6.06e-08
 6.35172e+22	9.80e-01	1.96e-02	1.46e-05	0.00e+00	0.00e+00	0.00e+00	0.00e+00	0.00e+00	0.00e+00	9.80e-01	1.27e-07	6.01e-08
 6.35617e+22	9.81e-01	1.92e-02	1.45e-05	0.00e+00	0.00e+00	0.00e+00	0.00e+00	0.00e+00	0.00e+00	9.81e-01	1.26e-07	5.94e-08
 6.36023e+22	9.81e-01	1.89e-02	1.43e-05	0.00e+00	0.00e+00	0.00e+00	0.00e+00	0.00e+00	0.00e+00	9.81e-01	1.25e-07	5.88e-08
 6.36391e+22	9.81e-01	1.87e-02	1.42e-05	0.00e+00	0.00e+00	0.00e+00	0.00e+00	0.00e+00	0.00e+00	9.81e-01	1.24e-07	5.83e-08
 6.36796e+22	9.82e-01	1.84e-02	1.41e-05	0.00e+00	0.00e+00	0.00e+00	0.00e+00	0.00e+00	0.00e+00	9.82e-01	1.23e-07	5.75e-08
 6.37232e+22	9.82e-01	1.80e-02	1.39e-05	0.00e+00	0.00e+00	0.00e+00	0.00e+00	0.00e+00	0.00e+00	9.82e-01	1.21e-07	5.66e-08
 6.37629e+22	9.82e-01	1.78e-02	1.38e-05	0.00e+00	0.00e+00	0.00e+00	0.00e+00	0.00e+00	0.00e+00	9.82e-01	1.21e-07	5.62e-08
 6.38064e+22	9.83e-01	1.74e-02	1.36e-05	0.00e+00	0.00e+00	0.00e+00	0.00e+00	0.00e+00	0.00e+00	9.83e-01	1.20e-07	5.53e-08
 6.38534e+22	9.83e-01	1.71e-02	1.35e-05	0.00e+00	0.00e+00	0.00e+00	0.00e+00	0.00e+00	0.00e+00	9.83e-01	1.18e-07	5.46e-08
 6.38961e+22	9.83e-01	1.68e-02	1.33e-05	0.00e+00	0.00e+00	0.00e+00	0.00e+00	0.00e+00	0.00e+00	9.83e-01	1.18e-07	5.41e-08
 6.39429e+22	9.83e-01	1.65e-02	1.32e-05	0.00e+00	0.00e+00	0.00e+00	0.00e+00	0.00e+00	0.00e+00	9.83e-01	1.16e-07	5.31e-08
 6.39935e+22	9.84e-01	1.61e-02	1.30e-05	0.00e+00	0.00e+00	0.00e+00	0.00e+00	0.00e+00	0.00e+00	9.84e-01	1.14e-07	5.21e-08
 6.40395e+22	9.84e-01	1.59e-02	1.29e-05	0.00e+00	0.00e+00	0.00e+00	0.00e+00	0.00e+00	0.00e+00	9.84e-01	1.14e-07	5.17e-08
 6.40899e+22	9.84e-01	1.55e-02	1.27e-05	0.00e+00	0.00e+00	0.00e+00	0.00e+00	0.00e+00	0.00e+00	9.84e-01	1.12e-07	5.07e-08
 6.41444e+22	9.85e-01	1.52e-02	1.26e-05	0.00e+00	0.00e+00	0.00e+00	0.00e+00	0.00e+00	0.00e+00	9.85e-01	1.11e-07	4.99e-08
 6.41939e+22	9.85e-01	1.49e-02	1.24e-05	0.00e+00	0.00e+00	0.00e+00	0.00e+00	0.00e+00	0.00e+00	9.85e-01	1.10e-07	4.91e-08
 6.42390e+22	9.85e-01	1.47e-02	1.23e-05	0.00e+00	0.00e+00	0.00e+00	0.00e+00	0.00e+00	0.00e+00	9.85e-01	1.09e-07	4.85e-08
 6.42884e+22	9.86e-01	1.44e-02	1.22e-05	0.00e+00	0.00e+00	0.00e+00	0.00e+00	0.00e+00	0.00e+00	9.86e-01	1.07e-07	4.77e-08
