#depth	Cl	Cl+	Cl+2	Cl+3	Cl+4	Cl+5	Cl+6	Cl+7	Cl+8	Cl+9	Cl+10	Cl+11	Cl+12	Cl+13	Cl+14	Cl+15	Cl+16	Cl+17
 4.62852e+21	0.00e+00	0.00e+00	0.00e+00	0.00e+00	0.00e+00	7.42e-24	1.69e-20	4.81e-17	3.66e-14	1.09e-11	1.39e-09	9.35e-08	3.37e-06	7.37e-05	1.65e-03	6.63e-02	3.48e-01	5.84e-01
 1.05480e+22	0.00e+00	0.00e+00	0.00e+00	0.00e+00	7.94e-26	2.35e-22	3.71e-19	1.62e-15	8.53e-13	1.76e-10	1.54e-08	7.16e-07	1.78e-05	2.67e-04	4.11e-03	1.14e-01	4.10e-01	4.72e-01
 1.26634e+22	0.00e+00	0.00e+00	0.00e+00	2.25e-28	8.56e-25	1.98e-21	4.42e-18	1.55e-14	6.47e-12	1.06e-09	7.28e-08	2.67e-06	5.19e-05	6.05e-04	7.27e-03	1.57e-01	4.40e-01	3.95e-01
 1.41472e+22	0.00e+00	0.00e+00	2.84e-31	3.15e-27	9.72e-24	1.81e-20	3.26e-17	9.66e-14	3.36e-11	4.55e-09	2.59e-07	7.83e-06	1.25e-04	1.17e-03	1.14e-02	2.00e-01	4.56e-01	3.31e-01
 1.49715e+22	0.00e+00	0.00e+00	5.89e-31	6.20e-27	1.81e-23	3.19e-20	5.42e-17	1.54e-13	5.11e-11	6.61e-09	3.58e-07	1.03e-05	1.56e-04	1.39e-03	1.28e-02	2.13e-01	4.58e-01	3.15e-01
 1.52322e+22	0.00e+00	0.00e+00	9.07e-31	9.25e-27	2.61e-23	4.44e-20	7.30e-17	2.02e-13	6.55e-11	8.23e-09	4.34e-07	1.21e-05	1.78e-04	1.53e-03	1.37e-02	2.20e-01	4.59e-01	3.06e-01
 1.54524e+22	0.00e+00	0.00e+00	1.57e-30	1.53e-26	4.15e-23	6.77e-20	1.07e-16	2.86e-13	8.96e-11	1.09e-08	5.53e-07	1.49e-05	2.10e-04	1.73e-03	1.48e-02	2.30e-01	4.60e-01	2.94e-01
 1.56796e+22	0.00e+00	0.00e+00	2.53e-30	2.39e-26	6.20e-23	9.74e-20	1.47e-16	3.86e-13	1.18e-10	1.39e-08	6.83e-07	1.79e-05	2.43e-04	1.93e-03	1.60e-02	2.38e-01	4.60e-01	2.84e-01
 1.58811e+22	0.00e+00	0.00e+00	3.80e-30	3.48e-26	8.77e-23	1.33e-19	1.95e-16	5.01e-13	1.49e-10	1.71e-08	8.18e-07	2.08e-05	2.75e-04	2.12e-03	1.70e-02	2.46e-01	4.60e-01	2.75e-01
 1.61082e+22	0.00e+00	0.00e+00	6.64e-30	5.82e-26	1.40e-22	2.04e-19	2.86e-16	7.11e-13	2.04e-10	2.26e-08	1.05e-06	2.56e-05	3.26e-04	2.41e-03	1.84e-02	2.56e-01	4.59e-01	2.64e-01
 1.63369e+22	0.00e+00	0.00e+00	1.06e-29	8.97e-26	2.08e-22	2.91e-19	3.92e-16	9.53e-13	2.66e-10	2.87e-08	1.29e-06	3.06e-05	3.76e-04	2.67e-03	1.98e-02	2.65e-01	4.58e-01	2.54e-01
 1.65308e+22	0.00e+00	0.00e+00	1.62e-29	1.33e-25	2.98e-22	4.03e-19	5.24e-16	1.25e-12	3.39e-10	3.56e-08	1.55e-06	3.58e-05	4.28e-04	2.94e-03	2.10e-02	2.73e-01	4.57e-01	2.45e-01
 1.67458e+22	0.00e+00	0.00e+00	2.73e-29	2.15e-25	4.62e-22	5.99e-19	7.46e-16	1.73e-12	4.56e-10	4.63e-08	1.95e-06	4.36e-05	5.01e-04	3.30e-03	2.27e-02	2.83e-01	4.56e-01	2.35e-01
 1.69696e+22	0.00e+00	0.00e+00	4.37e-29	3.32e-25	6.86e-22	8.55e-19	1.02e-15	2.31e-12	5.95e-10	5.87e-08	2.40e-06	5.19e-05	5.77e-04	3.66e-03	2.42e-02	2.92e-01	4.54e-01	2.26e-01
 1.71702e+22	0.00e+00	0.00e+00	6.93e-29	5.07e-25	1.01e-21	1.21e-18	1.39e-15	3.08e-12	7.72e-10	7.41e-08	2.94e-06	6.17e-05	6.63e-04	4.06e-03	2.59e-02	3.01e-01	4.51e-01	2.17e-01
 1.73588e+22	0.00e+00	0.00e+00	1.04e-28	7.40e-25	1.43e-21	1.65e-18	1.84e-15	3.98e-12	9.74e-10	9.12e-08	3.52e-06	7.18e-05	7.49e-04	4.44e-03	2.74e-02	3.09e-01	4.49e-01	2.09e-01
 1.75662e+22	0.00e+00	0.00e+00	1.76e-28	1.20e-24	2.21e-21	2.45e-18	2.61e-15	5.51e-12	1.31e-09	1.19e-07	4.42e-06	8.73e-05	8.77e-04	4.98e-03	2.95e-02	3.20e-01	4.46e-01	1.99e-01
 1.77802e+22	0.00e+00	0.00e+00	2.72e-28	1.79e-24	3.18e-21	3.40e-18	3.49e-15	7.22e-12	1.67e-09	1.48e-07	5.35e-06	1.02e-04	9.97e-04	5.47e-03	3.13e-02	3.29e-01	4.42e-01	1.91e-01
 1.80024e+22	0.00e+00	1.79e-32	4.74e-28	2.98e-24	5.06e-21	5.16e-18	5.05e-15	1.02e-11	2.29e-09	1.95e-07	6.82e-06	1.26e-04	1.18e-03	6.17e-03	3.38e-02	3.40e-01	4.38e-01	1.81e-01
 1.82234e+22	0.00e+00	2.98e-32	7.58e-28	4.59e-24	7.48e-21	7.32e-18	6.86e-15	1.36e-11	2.97e-09	2.47e-07	8.37e-06	1.50e-04	1.35e-03	6.83e-03	3.60e-02	3.49e-01	4.34e-01	1.73e-01
 1.84066e+22	0.00e+00	4.57e-32	1.13e-27	6.61e-24	1.04e-20	9.86e-18	8.93e-15	1.73e-11	3.72e-09	3.01e-07	9.94e-06	1.73e-04	1.52e-03	7.43e-03	3.80e-02	3.57e-01	4.30e-01	1.66e-01
 1.86089e+22	0.00e+00	7.86e-32	1.86e-27	1.05e-23	1.58e-20	1.43e-17	1.24e-14	2.36e-11	4.93e-09	3.88e-07	1.24e-05	2.09e-04	1.76e-03	8.26e-03	4.05e-02	3.67e-01	4.25e-01	1.58e-01
 1.88233e+22	0.00e+00	1.30e-31	2.95e-27	1.60e-23	2.33e-20	2.02e-17	1.69e-14	3.14e-11	6.38e-09	4.89e-07	1.51e-05	2.47e-04	2.02e-03	9.11e-03	4.30e-02	3.76e-01	4.19e-01	1.50e-01
 1.90161e+22	0.00e+00	2.08e-31	4.55e-27	2.39e-23	3.33e-20	2.79e-17	2.24e-14	4.09e-11	8.13e-09	6.07e-07	1.83e-05	2.90e-04	2.29e-03	9.98e-03	4.55e-02	3.84e-01	4.14e-01	1.43e-01
 1.92292e+22	0.00e+00	3.69e-31	7.73e-27	3.88e-23	5.18e-20	4.15e-17	3.17e-14	5.66e-11	1.09e-08	7.91e-07	2.30e-05	3.52e-04	2.68e-03	1.11e-02	4.87e-02	3.94e-01	4.07e-01	1.35e-01
 1.94488e+22	0.00e+00	6.15e-31	1.24e-26	5.98e-23	7.66e-20	5.88e-17	4.30e-14	7.55e-11	1.42e-08	1.00e-06	2.82e-05	4.19e-04	3.07e-03	1.23e-02	5.16e-02	4.03e-01	4.01e-01	1.28e-01
 1.96430e+22	0.00e+00	9.90e-31	1.92e-26	8.94e-23	1.10e-19	8.12e-17	5.72e-14	9.87e-11	1.82e-08	1.25e-06	3.41e-05	4.91e-04	3.49e-03	1.34e-02	5.45e-02	4.11e-01	3.95e-01	1.22e-01
 1.98613e+22	0.00e+00	1.79e-30	3.32e-26	1.48e-22	1.73e-19	1.22e-16	8.16e-14	1.38e-10	2.47e-08	1.64e-06	4.32e-05	5.99e-04	4.08e-03	1.50e-02	5.82e-02	4.21e-01	3.87e-01	1.14e-01
 2.00891e+22	0.00e+00	3.08e-30	5.46e-26	2.33e-22	2.62e-19	1.76e-16	1.12e-13	1.86e-10	3.25e-08	2.10e-06	5.35e-05	7.19e-04	4.71e-03	1.66e-02	6.17e-02	4.30e-01	3.79e-01	1.08e-01
 2.02784e+22	0.00e+00	4.79e-30	8.19e-26	3.38e-22	3.65e-19	2.36e-16	1.45e-13	2.38e-10	4.08e-08	2.57e-06	6.37e-05	8.33e-04	5.29e-03	1.80e-02	6.47e-02	4.36e-01	3.72e-01	1.02e-01
 2.04738e+22	0.00e+00	8.16e-30	1.34e-25	5.30e-22	5.48e-19	3.39e-16	1.99e-13	3.21e-10	5.36e-08	3.28e-06	7.87e-05	9.94e-04	6.08e-03	1.99e-02	6.84e-02	4.44e-01	3.64e-01	9.62e-02
 2.06773e+22	0.00e+00	1.30e-29	2.05e-25	7.84e-22	7.81e-19	4.64e-16	2.62e-13	4.16e-10	6.80e-08	4.05e-06	9.46e-05	1.16e-03	6.86e-03	2.16e-02	7.18e-02	4.51e-01	3.57e-01	9.10e-02
 2.08628e+22	0.00e+00	2.12e-29	3.22e-25	1.18e-21	1.13e-18	6.40e-16	3.46e-13	5.43e-10	8.70e-08	5.07e-06	1.15e-04	1.36e-03	7.80e-03	2.36e-02	7.55e-02	4.57e-01	3.49e-01	8.57e-02
 2.10273e+22	0.00e+00	3.14e-29	4.61e-25	1.64e-21	1.51e-18	8.32e-16	4.35e-13	6.74e-10	1.06e-07	6.06e-06	1.34e-04	1.55e-03	8.64e-03	2.54e-02	7.85e-02	4.62e-01	3.42e-01	8.16e-02
 2.11933e+22	0.00e+00	4.89e-29	6.94e-25	2.38e-21	2.12e-18	1.12e-15	5.63e-13	8.62e-10	1.33e-07	7.41e-06	1.59e-04	1.80e-03	9.68e-03	2.74e-02	8.19e-02	4.67e-01	3.34e-01	7.72e-02
 2.13581e+22	0.00e+00	7.11e-29	9.77e-25	3.26e-21	2.80e-18	1.43e-15	6.97e-13	1.06e-09	1.61e-07	8.79e-06	1.85e-04	2.03e-03	1.06e-02	2.93e-02	8.49e-02	4.72e-01	3.28e-01	7.36e-02
 2.14938e+22	0.00e+00	1.00e-28	1.34e-24	4.34e-21	3.62e-18	1.80e-15	8.47e-13	1.28e-09	1.91e-07	1.03e-05	2.11e-04	2.27e-03	1.16e-02	3.11e-02	8.77e-02	4.75e-01	3.22e-01	7.03e-02
 2.16430e+22	0.00e+00	1.51e-28	1.95e-24	6.12e-21	4.92e-18	2.35e-15	1.07e-12	1.60e-09	2.35e-07	1.24e-05	2.48e-04	2.60e-03	1.29e-02	3.34e-02	9.11e-02	4.79e-01	3.14e-01	6.66e-02
 2.17978e+22	0.00e+00	2.19e-28	2.74e-24	8.32e-21	6.48e-18	3.00e-15	1.32e-12	1.95e-09	2.83e-07	1.46e-05	2.86e-04	2.93e-03	1.42e-02	3.56e-02	9.42e-02	4.82e-01	3.07e-01	6.33e-02
 2.19348e+22	0.00e+00	3.10e-28	3.77e-24	1.11e-20	8.41e-18	3.76e-15	1.60e-12	2.36e-09	3.38e-07	1.71e-05	3.28e-04	3.29e-03	1.55e-02	3.77e-02	9.72e-02	4.85e-01	3.01e-01	6.03e-02
 2.20614e+22	0.00e+00	4.32e-28	5.11e-24	1.47e-20	1.07e-17	4.66e-15	1.92e-12	2.82e-09	3.99e-07	1.99e-05	3.73e-04	3.66e-03	1.68e-02	3.99e-02	1.00e-01	4.87e-01	2.94e-01	5.76e-02
 2.21797e+22	0.00e+00	5.76e-28	6.64e-24	1.86e-20	1.33e-17	5.62e-15	2.26e-12	3.29e-09	4.61e-07	2.26e-05	4.17e-04	4.01e-03	1.80e-02	4.18e-02	1.03e-01	4.89e-01	2.89e-01	5.53e-02
 2.23134e+22	0.00e+00	8.52e-28	9.51e-24	2.58e-20	1.78e-17	7.24e-15	2.81e-12	4.07e-09	5.60e-07	2.70e-05	4.86e-04	4.55e-03	1.99e-02	4.47e-02	1.06e-01	4.91e-01	2.81e-01	5.22e-02
 2.24503e+22	0.00e+00	1.19e-27	1.29e-23	3.39e-20	2.26e-17	8.95e-15	3.36e-12	4.85e-09	6.61e-07	3.13e-05	5.52e-04	5.06e-03	2.16e-02	4.71e-02	1.09e-01	4.92e-01	2.75e-01	4.97e-02
 2.25720e+22	0.00e+00	1.64e-27	1.73e-23	4.43e-20	2.87e-17	1.10e-14	4.01e-12	5.77e-09	7.76e-07	3.62e-05	6.25e-04	5.61e-03	2.34e-02	4.97e-02	1.12e-01	4.93e-01	2.69e-01	4.74e-02
 2.26879e+22	0.00e+00	2.22e-27	2.28e-23	5.70e-20	3.59e-17	1.33e-14	4.72e-12	6.78e-09	9.03e-07	4.15e-05	7.03e-04	6.18e-03	2.52e-02	5.22e-02	1.14e-01	4.94e-01	2.62e-01	4.52e-02
 2.27985e+22	0.00e+00	2.99e-27	3.00e-23	7.28e-20	4.46e-17	1.61e-14	5.54e-12	7.94e-09	1.05e-06	4.74e-05	7.88e-04	6.80e-03	2.70e-02	5.47e-02	1.17e-01	4.94e-01	2.56e-01	4.32e-02
 2.29249e+22	0.00e+00	4.32e-27	4.18e-23	9.85e-20	5.82e-17	2.03e-14	6.74e-12	9.64e-09	1.25e-06	5.58e-05	9.06e-04	7.63e-03	2.95e-02	5.79e-02	1.20e-01	4.94e-01	2.49e-01	4.07e-02
 2.30549e+22	0.00e+00	6.02e-27	5.66e-23	1.29e-19	7.41e-17	2.50e-14	8.03e-12	1.15e-08	1.48e-06	6.47e-05	1.03e-03	8.47e-03	3.20e-02	6.10e-02	1.23e-01	4.94e-01	2.42e-01	3.86e-02
 2.31672e+22	0.00e+00	8.09e-27	7.41e-23	1.65e-19	9.17e-17	3.00e-14	9.37e-12	1.34e-08	1.71e-06	7.38e-05	1.15e-03	9.29e-03	3.43e-02	6.38e-02	1.25e-01	4.93e-01	2.36e-01	3.68e-02
 2.32910e+22	0.00e+00	1.18e-26	1.04e-22	2.25e-19	1.20e-16	3.80e-14	1.14e-11	1.63e-08	2.06e-06	8.72e-05	1.33e-03	1.04e-02	3.75e-02	6.75e-02	1.29e-01	4.91e-01	2.29e-01	3.45e-02
 2.34181e+22	0.00e+00	1.64e-26	1.41e-22	2.94e-19	1.52e-16	4.64e-14	1.35e-11	1.93e-08	2.42e-06	1.01e-04	1.50e-03	1.16e-02	4.05e-02	7.09e-02	1.31e-01	4.90e-01	2.22e-01	3.26e-02
 2.35233e+22	0.00e+00	2.15e-26	1.80e-22	3.66e-19	1.85e-16	5.48e-14	1.55e-11	2.23e-08	2.76e-06	1.14e-04	1.66e-03	1.26e-02	4.31e-02	7.38e-02	1.33e-01	4.88e-01	2.16e-01	3.11e-02
 2.36341e+22	0.00e+00	3.04e-26	2.47e-22	4.86e-19	2.37e-16	6.77e-14	1.85e-11	2.66e-08	3.27e-06	1.33e-04	1.90e-03	1.40e-02	4.67e-02	7.76e-02	1.36e-01	4.85e-01	2.09e-01	2.93e-02
 2.37475e+22	0.00e+00	4.08e-26	3.23e-22	6.17e-19	2.92e-16	8.09e-14	2.14e-11	3.10e-08	3.77e-06	1.51e-04	2.12e-03	1.53e-02	4.99e-02	8.09e-02	1.38e-01	4.83e-01	2.03e-01	2.77e-02
 2.38482e+22	0.00e+00	5.44e-26	4.19e-22	7.79e-19	3.58e-16	9.61e-14	2.47e-11	3.58e-08	4.33e-06	1.71e-04	2.36e-03	1.67e-02	5.33e-02	8.42e-02	1.40e-01	4.80e-01	1.97e-01	2.63e-02
 2.39632e+22	0.00e+00	7.88e-26	5.86e-22	1.05e-18	4.64e-16	1.20e-13	2.96e-11	4.33e-08	5.18e-06	2.01e-04	2.70e-03	1.87e-02	5.78e-02	8.86e-02	1.43e-01	4.75e-01	1.89e-01	2.45e-02
 2.40794e+22	0.00e+00	1.07e-25	7.72e-22	1.34e-18	5.74e-16	1.43e-13	3.44e-11	5.05e-08	6.00e-06	2.30e-04	3.03e-03	2.05e-02	6.19e-02	9.23e-02	1.45e-01	4.71e-01	1.83e-01	2.31e-02
 2.41815e+22	0.00e+00	1.44e-25	1.01e-21	1.71e-18	7.08e-16	1.71e-13	3.97e-11	5.86e-08	6.92e-06	2.61e-04	3.38e-03	2.24e-02	6.60e-02	9.59e-02	1.47e-01	4.67e-01	1.77e-01	2.18e-02
 2.42985e+22	0.00e+00	2.15e-25	1.45e-21	2.35e-18	9.32e-16	2.15e-13	4.78e-11	7.15e-08	8.37e-06	3.11e-04	3.91e-03	2.51e-02	7.20e-02	1.01e-01	1.49e-01	4.60e-01	1.68e-01	2.01e-02
 2.44136e+22	0.00e+00	2.86e-25	1.87e-21	2.95e-18	1.14e-15	2.54e-13	5.48e-11	8.24e-08	9.59e-06	3.51e-04	4.34e-03	2.73e-02	7.64e-02	1.05e-01	1.51e-01	4.55e-01	1.63e-01	1.90e-02
 2.45261e+22	0.00e+00	4.23e-25	2.67e-21	4.04e-18	1.49e-15	3.18e-13	6.55e-11	9.99e-08	1.15e-05	4.15e-04	5.00e-03	3.06e-02	8.30e-02	1.10e-01	1.52e-01	4.47e-01	1.55e-01	1.74e-02
 2.46386e+22	0.00e+00	5.63e-25	3.46e-21	5.07e-18	1.81e-15	3.75e-13	7.48e-11	1.15e-07	1.32e-05	4.69e-04	5.53e-03	3.32e-02	8.80e-02	1.13e-01	1.54e-01	4.41e-01	1.49e-01	1.64e-02
 2.47508e+22	0.00e+00	8.41e-25	4.95e-21	6.96e-18	2.37e-15	4.68e-13	8.93e-11	1.40e-07	1.59e-05	5.56e-04	6.38e-03	3.72e-02	9.54e-02	1.19e-01	1.55e-01	4.31e-01	1.41e-01	1.50e-02
 2.48631e+22	0.00e+00	1.13e-24	6.45e-21	8.79e-18	2.90e-15	5.52e-13	1.02e-10	1.61e-07	1.83e-05	6.29e-04	7.08e-03	4.03e-02	1.01e-01	1.22e-01	1.56e-01	4.24e-01	1.35e-01	1.40e-02
 2.49753e+22	0.00e+00	1.69e-24	9.27e-21	1.21e-17	3.79e-15	6.88e-13	1.21e-10	1.95e-07	2.20e-05	7.45e-04	8.15e-03	4.50e-02	1.09e-01	1.28e-01	1.56e-01	4.13e-01	1.27e-01	1.27e-02
 2.50861e+22	0.00e+00	2.25e-24	1.20e-20	1.51e-17	4.60e-15	8.07e-13	1.38e-10	2.24e-07	2.51e-05	8.39e-04	9.00e-03	4.86e-02	1.15e-01	1.31e-01	1.57e-01	4.05e-01	1.21e-01	1.19e-02
 2.51951e+22	0.00e+00	3.32e-24	1.70e-20	2.05e-17	5.96e-15	9.96e-13	1.62e-10	2.69e-07	2.99e-05	9.85e-04	1.03e-02	5.39e-02	1.24e-01	1.36e-01	1.57e-01	3.93e-01	1.14e-01	1.08e-02
 2.53025e+22	0.00e+00	4.42e-24	2.20e-20	2.57e-17	7.21e-15	1.16e-12	1.83e-10	3.07e-07	3.41e-05	1.11e-03	1.13e-02	5.81e-02	1.30e-01	1.40e-01	1.56e-01	3.84e-01	1.08e-01	1.00e-02
 2.54079e+22	0.00e+00	6.46e-24	3.08e-20	3.45e-17	9.25e-15	1.42e-12	2.14e-10	3.66e-07	4.04e-05	1.29e-03	1.29e-02	6.40e-02	1.39e-01	1.44e-01	1.56e-01	3.72e-01	1.01e-01	9.05e-03
 2.55150e+22	0.00e+00	8.74e-24	4.03e-20	4.36e-17	1.13e-14	1.67e-12	2.42e-10	4.20e-07	4.62e-05	1.46e-03	1.42e-02	6.90e-02	1.46e-01	1.48e-01	1.55e-01	3.62e-01	9.59e-02	8.34e-03
 2.56245e+22	0.00e+00	1.30e-23	5.74e-20	5.92e-17	1.46e-14	2.05e-12	2.84e-10	5.02e-07	5.49e-05	1.70e-03	1.61e-02	7.60e-02	1.56e-01	1.52e-01	1.54e-01	3.48e-01	8.89e-02	7.46e-03
 2.57360e+22	0.00e+00	1.78e-23	7.60e-20	7.56e-17	1.79e-14	2.42e-12	3.22e-10	5.78e-07	6.29e-05	1.93e-03	1.79e-02	8.20e-02	1.64e-01	1.55e-01	1.52e-01	3.36e-01	8.35e-02	6.81e-03
 2.58499e+22	0.00e+00	2.68e-23	1.10e-19	1.04e-16	2.34e-14	2.99e-12	3.79e-10	6.93e-07	7.50e-05	2.26e-03	2.03e-02	9.02e-02	1.74e-01	1.59e-01	1.50e-01	3.21e-01	7.67e-02	6.03e-03
 2.59642e+22	0.00e+00	3.67e-23	1.45e-19	1.32e-16	2.87e-14	3.52e-12	4.29e-10	7.95e-07	8.56e-05	2.54e-03	2.24e-02	9.68e-02	1.82e-01	1.62e-01	1.48e-01	3.09e-01	7.17e-02	5.47e-03
 2.60790e+22	0.00e+00	5.54e-23	2.09e-19	1.82e-16	3.74e-14	4.35e-12	5.03e-10	9.48e-07	1.01e-04	2.96e-03	2.53e-02	1.06e-01	1.93e-01	1.65e-01	1.45e-01	2.93e-01	6.54e-02	4.80e-03
 2.61914e+22	0.00e+00	7.45e-23	2.73e-19	2.28e-16	4.52e-14	5.06e-12	5.65e-10	1.07e-06	1.15e-04	3.30e-03	2.77e-02	1.13e-01	2.00e-01	1.66e-01	1.43e-01	2.81e-01	6.11e-02	4.36e-03
 2.63008e+22	0.00e+00	1.10e-22	3.86e-19	3.08e-16	5.81e-14	6.17e-12	6.56e-10	1.26e-06	1.34e-04	3.80e-03	3.10e-02	1.22e-01	2.10e-01	1.68e-01	1.39e-01	2.66e-01	5.56e-02	3.83e-03
 2.64103e+22	0.00e+00	1.47e-22	4.99e-19	3.84e-16	7.00e-14	7.16e-12	7.34e-10	1.42e-06	1.50e-04	4.21e-03	3.36e-02	1.29e-01	2.17e-01	1.69e-01	1.36e-01	2.55e-01	5.18e-02	3.47e-03
 2.65199e+22	0.00e+00	2.16e-22	7.01e-19	5.15e-16	8.94e-14	8.69e-12	8.49e-10	1.66e-06	1.74e-04	4.81e-03	3.73e-02	1.39e-01	2.26e-01	1.70e-01	1.32e-01	2.40e-01	4.70e-02	3.03e-03
 2.66315e+22	0.00e+00	2.90e-22	9.14e-19	6.47e-16	1.08e-13	1.01e-11	9.53e-10	1.87e-06	1.95e-04	5.32e-03	4.04e-02	1.47e-01	2.33e-01	1.71e-01	1.29e-01	2.28e-01	4.34e-02	2.73e-03
 2.67458e+22	0.00e+00	4.28e-22	1.29e-18	8.71e-16	1.39e-13	1.23e-11	1.11e-09	2.17e-06	2.25e-04	6.05e-03	4.47e-02	1.57e-01	2.42e-01	1.71e-01	1.24e-01	2.14e-01	3.91e-02	2.36e-03
 2.68621e+22	0.00e+00	5.76e-22	1.68e-18	1.10e-15	1.69e-13	1.44e-11	1.24e-09	2.44e-06	2.51e-04	6.67e-03	4.82e-02	1.65e-01	2.48e-01	1.71e-01	1.21e-01	2.02e-01	3.60e-02	2.11e-03
 2.69809e+22	0.00e+00	8.48e-22	2.38e-18	1.48e-15	2.16e-13	1.76e-11	1.45e-09	2.82e-06	2.88e-04	7.54e-03	5.31e-02	1.76e-01	2.55e-01	1.70e-01	1.16e-01	1.88e-01	3.22e-02	1.82e-03
 2.71031e+22	0.00e+00	1.16e-21	3.14e-18	1.88e-15	2.65e-13	2.06e-11	1.64e-09	3.17e-06	3.21e-04	8.31e-03	5.72e-02	1.84e-01	2.61e-01	1.69e-01	1.12e-01	1.77e-01	2.94e-02	1.61e-03
 2.72290e+22	0.00e+00	1.72e-21	4.46e-18	2.54e-15	3.42e-13	2.53e-11	1.91e-09	3.67e-06	3.68e-04	9.37e-03	6.27e-02	1.95e-01	2.67e-01	1.67e-01	1.07e-01	1.64e-01	2.61e-02	1.38e-03
 2.73525e+22	0.00e+00	2.28e-21	5.74e-18	3.17e-15	4.12e-13	2.94e-11	2.14e-09	4.07e-06	4.05e-04	1.02e-02	6.69e-02	2.03e-01	2.71e-01	1.65e-01	1.03e-01	1.55e-01	2.39e-02	1.22e-03
 2.74734e+22	0.00e+00	3.30e-21	7.99e-18	4.22e-15	5.25e-13	3.57e-11	2.49e-09	4.64e-06	4.57e-04	1.14e-02	7.26e-02	2.13e-01	2.76e-01	1.62e-01	9.81e-02	1.43e-01	2.13e-02	1.05e-03
 2.75972e+22	0.00e+00	4.39e-21	1.03e-17	5.27e-15	6.34e-13	4.16e-11	2.80e-09	5.15e-06	5.03e-04	1.23e-02	7.73e-02	2.21e-01	2.80e-01	1.60e-01	9.43e-02	1.34e-01	1.94e-02	9.29e-04
 2.77249e+22	0.00e+00	6.40e-21	1.45e-17	7.07e-15	8.12e-13	5.08e-11	3.26e-09	5.87e-06	5.67e-04	1.37e-02	8.37e-02	2.32e-01	2.83e-01	1.57e-01	8.93e-02	1.23e-01	1.71e-02	7.88e-04
 2.78557e+22	0.00e+00	8.53e-21	1.87e-17	8.84e-15	9.84e-13	5.94e-11	3.69e-09	6.50e-06	6.22e-04	1.48e-02	8.87e-02	2.39e-01	2.86e-01	1.54e-01	8.55e-02	1.15e-01	1.55e-02	6.95e-04
 2.79906e+22	0.00e+00	1.25e-20	2.63e-17	1.19e-14	1.27e-12	7.28e-11	4.32e-09	7.42e-06	6.99e-04	1.64e-02	9.57e-02	2.49e-01	2.88e-01	1.50e-01	8.05e-02	1.05e-01	1.36e-02	5.86e-04
 2.81250e+22	0.00e+00	1.64e-20	3.37e-17	1.48e-14	1.52e-12	8.47e-11	4.86e-09	8.17e-06	7.62e-04	1.77e-02	1.01e-01	2.56e-01	2.89e-01	1.47e-01	7.70e-02	9.82e-02	1.24e-02	5.16e-04
 2.82589e+22	0.00e+00	2.37e-20	4.68e-17	1.97e-14	1.94e-12	1.03e-10	5.66e-09	9.25e-06	8.51e-04	1.94e-02	1.08e-01	2.65e-01	2.90e-01	1.42e-01	7.24e-02	8.96e-02	1.08e-02	4.36e-04
 2.83952e+22	0.00e+00	3.12e-20	6.00e-17	2.44e-14	2.34e-12	1.20e-10	6.38e-09	1.02e-05	9.25e-04	2.08e-02	1.14e-01	2.72e-01	2.91e-01	1.39e-01	6.90e-02	8.34e-02	9.80e-03	3.83e-04
 2.85347e+22	0.00e+00	4.49e-20	8.33e-17	3.25e-14	2.99e-12	1.47e-10	7.46e-09	1.15e-05	1.03e-03	2.28e-02	1.21e-01	2.81e-01	2.90e-01	1.34e-01	6.46e-02	7.58e-02	8.55e-03	3.21e-04
 2.86773e+22	0.00e+00	5.96e-20	1.07e-16	4.06e-14	3.62e-12	1.72e-10	8.45e-09	1.27e-05	1.12e-03	2.45e-02	1.28e-01	2.87e-01	2.90e-01	1.30e-01	6.13e-02	7.02e-02	7.68e-03	2.80e-04
 2.88009e+22	0.00e+00	7.76e-20	1.36e-16	5.01e-14	4.33e-12	1.99e-10	9.48e-09	1.39e-05	1.21e-03	2.61e-02	1.34e-01	2.93e-01	2.89e-01	1.27e-01	5.82e-02	6.52e-02	6.93e-03	2.45e-04
 2.89387e+22	0.00e+00	1.09e-19	1.85e-16	6.55e-14	5.45e-12	2.41e-10	1.10e-08	1.56e-05	1.34e-03	2.84e-02	1.41e-01	3.00e-01	2.87e-01	1.22e-01	5.45e-02	5.92e-02	6.06e-03	2.07e-04
 2.90764e+22	0.00e+00	1.41e-19	2.33e-16	8.01e-14	6.48e-12	2.78e-10	1.23e-08	1.70e-05	1.44e-03	3.01e-02	1.47e-01	3.05e-01	2.85e-01	1.18e-01	5.17e-02	5.51e-02	5.48e-03	1.82e-04
 2.92138e+22	3.40e-33	1.96e-19	3.15e-16	1.04e-13	8.13e-12	3.34e-10	1.43e-08	1.90e-05	1.58e-03	3.25e-02	1.56e-01	3.11e-01	2.82e-01	1.14e-01	4.83e-02	4.99e-02	4.78e-03	1.53e-04
 2.93528e+22	4.44e-33	2.51e-19	3.93e-16	1.27e-13	9.63e-12	3.85e-10	1.60e-08	2.07e-05	1.70e-03	3.45e-02	1.62e-01	3.15e-01	2.80e-01	1.10e-01	4.58e-02	4.64e-02	4.33e-03	1.35e-04
 2.94937e+22	6.33e-33	3.49e-19	5.29e-16	1.65e-13	1.21e-11	4.63e-10	1.85e-08	2.31e-05	1.86e-03	3.71e-02	1.70e-01	3.21e-01	2.76e-01	1.05e-01	4.27e-02	4.20e-02	3.77e-03	1.13e-04
 2.96377e+22	8.34e-33	4.50e-19	6.66e-16	2.02e-13	1.44e-11	5.36e-10	2.08e-08	2.52e-05	2.00e-03	3.93e-02	1.77e-01	3.25e-01	2.73e-01	1.02e-01	4.03e-02	3.88e-02	3.39e-03	9.86e-05
 2.97644e+22	1.09e-32	5.76e-19	8.34e-16	2.46e-13	1.70e-11	6.18e-10	2.33e-08	2.75e-05	2.14e-03	4.16e-02	1.83e-01	3.28e-01	2.70e-01	9.80e-02	3.81e-02	3.59e-02	3.04e-03	8.62e-05
 2.99081e+22	1.55e-32	7.95e-19	1.12e-15	3.18e-13	2.13e-11	7.43e-10	2.69e-08	3.06e-05	2.34e-03	4.46e-02	1.92e-01	3.32e-01	2.65e-01	9.33e-02	3.54e-02	3.24e-02	2.64e-03	7.21e-05
 3.00508e+22	1.99e-32	1.00e-18	1.38e-15	3.83e-13	2.50e-11	8.50e-10	3.00e-08	3.32e-05	2.50e-03	4.70e-02	1.98e-01	3.35e-01	2.62e-01	9.00e-02	3.35e-02	3.01e-02	2.39e-03	6.35e-05
 3.01924e+22	2.77e-32	1.36e-18	1.82e-15	4.89e-13	3.10e-11	1.01e-09	3.45e-08	3.69e-05	2.72e-03	5.02e-02	2.06e-01	3.38e-01	2.57e-01	8.56e-02	3.11e-02	2.71e-02	2.08e-03	5.33e-05
 3.03367e+22	3.58e-32	1.73e-18	2.26e-15	5.92e-13	3.65e-11	1.16e-09	3.86e-08	4.01e-05	2.91e-03	5.28e-02	2.13e-01	3.40e-01	2.52e-01	8.23e-02	2.93e-02	2.51e-02	1.87e-03	4.67e-05
 3.04846e+22	5.01e-32	2.36e-18	2.99e-15	7.60e-13	4.54e-11	1.40e-09	4.46e-08	4.46e-05	3.17e-03	5.64e-02	2.22e-01	3.43e-01	2.47e-01	7.80e-02	2.71e-02	2.26e-02	1.62e-03	3.90e-05
 3.06354e+22	6.50e-32	3.00e-18	3.73e-15	9.22e-13	5.37e-11	1.61e-09	5.00e-08	4.86e-05	3.39e-03	5.93e-02	2.29e-01	3.44e-01	2.42e-01	7.48e-02	2.55e-02	2.08e-02	1.45e-03	3.39e-05
 3.07897e+22	9.13e-32	4.11e-18	4.96e-15	1.19e-12	6.70e-11	1.93e-09	5.80e-08	5.43e-05	3.70e-03	6.33e-02	2.38e-01	3.45e-01	2.36e-01	7.06e-02	2.35e-02	1.86e-02	1.25e-03	2.82e-05
 3.09472e+22	1.19e-31	5.25e-18	6.20e-15	1.45e-12	7.96e-11	2.24e-09	6.53e-08	5.92e-05	3.96e-03	6.65e-02	2.45e-01	3.46e-01	2.31e-01	6.74e-02	2.20e-02	1.70e-02	1.11e-03	2.44e-05
 3.11088e+22	1.68e-31	7.21e-18	8.27e-15	1.87e-12	9.95e-11	2.70e-09	7.59e-08	6.63e-05	4.32e-03	7.09e-02	2.54e-01	3.47e-01	2.24e-01	6.34e-02	2.02e-02	1.52e-02	9.57e-04	2.02e-05
 3.12749e+22	2.22e-31	9.33e-18	1.05e-14	2.30e-12	1.19e-10	3.14e-09	8.59e-08	7.27e-05	4.63e-03	7.47e-02	2.62e-01	3.47e-01	2.18e-01	6.02e-02	1.88e-02	1.38e-02	8.44e-04	1.73e-05
 3.14470e+22	3.17e-31	1.29e-17	1.41e-14	3.00e-12	1.50e-10	3.82e-09	1.01e-07	8.17e-05	5.07e-03	7.97e-02	2.71e-01	3.46e-01	2.11e-01	5.64e-02	1.72e-02	1.23e-02	7.19e-04	1.41e-05
 3.16142e+22	4.07e-31	1.63e-17	1.74e-14	3.62e-12	1.77e-10	4.38e-09	1.13e-07	8.89e-05	5.40e-03	8.34e-02	2.78e-01	3.46e-01	2.06e-01	5.37e-02	1.61e-02	1.13e-02	6.42e-04	1.23e-05
 3.17750e+22	5.68e-31	2.21e-17	2.29e-14	4.64e-12	2.20e-10	5.26e-09	1.30e-07	9.92e-05	5.87e-03	8.85e-02	2.87e-01	3.44e-01	1.99e-01	5.03e-02	1.47e-02	1.00e-02	5.50e-04	1.01e-05
 3.19390e+22	7.35e-31	2.80e-17	2.85e-14	5.62e-12	2.60e-10	6.06e-09	1.46e-07	1.08e-04	6.27e-03	9.26e-02	2.94e-01	3.43e-01	1.93e-01	4.78e-02	1.37e-02	9.14e-03	4.88e-04	8.74e-06
 3.21070e+22	1.01e-30	3.75e-17	3.72e-14	7.14e-12	3.21e-10	7.23e-09	1.69e-07	1.20e-04	6.79e-03	9.79e-02	3.02e-01	3.41e-01	1.87e-01	4.47e-02	1.25e-02	8.16e-03	4.20e-04	7.26e-06
 3.22845e+22	1.37e-30	4.92e-17	4.76e-14	8.90e-12	3.89e-10	8.51e-09	1.93e-07	1.33e-04	7.31e-03	1.03e-01	3.10e-01	3.39e-01	1.80e-01	4.20e-02	1.16e-02	7.33e-03	3.65e-04	6.11e-06
 3.24474e+22	1.80e-30	6.33e-17	5.99e-14	1.09e-11	4.66e-10	9.91e-09	2.19e-07	1.46e-04	7.83e-03	1.08e-01	3.17e-01	3.36e-01	1.74e-01	3.96e-02	1.07e-02	6.63e-03	3.20e-04	5.19e-06
 3.26323e+22	2.54e-30	8.66e-17	7.98e-14	1.41e-11	5.83e-10	1.20e-08	2.55e-07	1.63e-04	8.53e-03	1.14e-01	3.25e-01	3.32e-01	1.67e-01	3.67e-02	9.68e-03	5.84e-03	2.71e-04	4.24e-06
 3.28282e+22	3.51e-30	1.16e-16	1.04e-13	1.79e-11	7.17e-10	1.43e-08	2.94e-07	1.82e-04	9.22e-03	1.20e-01	3.33e-01	3.29e-01	1.60e-01	3.42e-02	8.82e-03	5.18e-03	2.32e-04	3.50e-06
 3.30097e+22	4.72e-30	1.52e-16	1.34e-13	2.23e-11	8.72e-10	1.68e-08	3.37e-07	2.01e-04	9.92e-03	1.26e-01	3.40e-01	3.25e-01	1.54e-01	3.20e-02	8.08e-03	4.63e-03	2.01e-04	2.92e-06
 3.31867e+22	6.32e-30	1.97e-16	1.69e-13	2.76e-11	1.05e-09	1.97e-08	3.83e-07	2.21e-04	1.06e-02	1.32e-01	3.46e-01	3.21e-01	1.48e-01	2.99e-02	7.41e-03	4.15e-03	1.74e-04	2.46e-06
 3.33865e+22	9.15e-30	2.75e-16	2.30e-13	3.63e-11	1.33e-09	2.41e-08	4.52e-07	2.50e-04	1.16e-02	1.40e-01	3.55e-01	3.15e-01	1.40e-01	2.74e-02	6.63e-03	3.60e-03	1.45e-04	1.96e-06
 3.35873e+22	1.22e-29	3.58e-16	2.92e-13	4.50e-11	1.61e-09	2.83e-08	5.15e-07	2.75e-04	1.25e-02	1.46e-01	3.61e-01	3.11e-01	1.34e-01	2.56e-02	6.06e-03	3.22e-03	1.25e-04	1.64e-06
 3.37894e+22	1.77e-29	5.00e-16	3.96e-13	5.90e-11	2.04e-09	3.46e-08	6.07e-07	3.11e-04	1.36e-02	1.55e-01	3.68e-01	3.04e-01	1.27e-01	2.33e-02	5.40e-03	2.78e-03	1.04e-04	1.30e-06
 3.39937e+22	2.37e-29	6.52e-16	5.05e-13	7.33e-11	2.47e-09	4.07e-08	6.92e-07	3.43e-04	1.46e-02	1.61e-01	3.74e-01	2.99e-01	1.21e-01	2.17e-02	4.92e-03	2.47e-03	8.93e-05	1.08e-06
 3.42009e+22	3.45e-29	9.13e-16	6.88e-13	9.66e-11	3.15e-09	4.99e-08	8.18e-07	3.88e-04	1.59e-02	1.70e-01	3.81e-01	2.92e-01	1.14e-01	1.97e-02	4.36e-03	2.12e-03	7.34e-05	8.54e-07
 3.44107e+22	4.63e-29	1.20e-15	8.79e-13	1.20e-10	3.82e-09	5.88e-08	9.35e-07	4.28e-04	1.71e-02	1.78e-01	3.86e-01	2.86e-01	1.09e-01	1.82e-02	3.96e-03	1.88e-03	6.28e-05	7.05e-07
 3.46241e+22	6.79e-29	1.69e-15	1.21e-12	1.60e-10	4.90e-09	7.26e-08	1.11e-06	4.86e-04	1.87e-02	1.88e-01	3.92e-01	2.78e-01	1.02e-01	1.64e-02	3.48e-03	1.60e-03	5.10e-05	5.48e-07
 3.48395e+22	9.11e-29	2.21e-15	1.54e-12	1.99e-10	5.94e-09	8.55e-08	1.27e-06	5.36e-04	2.00e-02	1.95e-01	3.97e-01	2.71e-01	9.63e-02	1.51e-02	3.15e-03	1.41e-03	4.34e-05	4.51e-07
 3.50576e+22	1.34e-28	3.15e-15	2.14e-12	2.66e-10	7.68e-09	1.06e-07	1.52e-06	6.10e-04	2.19e-02	2.06e-01	4.02e-01	2.62e-01	8.95e-02	1.35e-02	2.75e-03	1.19e-03	3.49e-05	3.45e-07
 3.52767e+22	1.79e-28	4.11e-15	2.73e-12	3.31e-10	9.30e-09	1.25e-07	1.73e-06	6.72e-04	2.34e-02	2.14e-01	4.06e-01	2.55e-01	8.47e-02	1.24e-02	2.48e-03	1.04e-03	2.96e-05	2.83e-07
 3.54970e+22	2.63e-28	5.84e-15	3.77e-12	4.43e-10	1.20e-08	1.56e-07	2.07e-06	7.64e-04	2.55e-02	2.26e-01	4.10e-01	2.46e-01	7.83e-02	1.11e-02	2.15e-03	8.74e-04	2.36e-05	2.15e-07
 3.57198e+22	3.53e-28	7.66e-15	4.84e-12	5.54e-10	1.46e-08	1.84e-07	2.38e-06	8.44e-04	2.73e-02	2.34e-01	4.13e-01	2.38e-01	7.36e-02	1.01e-02	1.93e-03	7.63e-04	1.98e-05	1.74e-07
 3.59459e+22	5.16e-28	1.09e-14	6.70e-12	7.43e-10	1.90e-08	2.29e-07	2.85e-06	9.62e-04	2.99e-02	2.46e-01	4.16e-01	2.28e-01	6.76e-02	8.93e-03	1.67e-03	6.33e-04	1.57e-05	1.31e-07
 3.61756e+22	6.93e-28	1.44e-14	8.64e-12	9.33e-10	2.32e-08	2.72e-07	3.28e-06	1.07e-03	3.20e-02	2.56e-01	4.17e-01	2.20e-01	6.33e-02	8.10e-03	1.48e-03	5.48e-04	1.31e-05	0.00e+00
 3.63688e+22	9.09e-28	1.85e-14	1.09e-11	1.15e-09	2.80e-08	3.19e-07	3.74e-06	1.17e-03	3.41e-02	2.64e-01	4.19e-01	2.13e-01	5.93e-02	7.38e-03	1.33e-03	4.78e-04	1.10e-05	0.00e+00
 3.65509e+22	1.17e-27	2.36e-14	1.37e-11	1.41e-09	3.35e-08	3.72e-07	4.25e-06	1.28e-03	3.62e-02	2.73e-01	4.19e-01	2.06e-01	5.57e-02	6.75e-03	1.20e-03	4.18e-04	9.27e-06	0.00e+00
 3.67598e+22	1.64e-27	3.25e-14	1.84e-11	1.84e-09	4.26e-08	4.57e-07	5.04e-06	1.45e-03	3.92e-02	2.85e-01	4.20e-01	1.96e-01	5.11e-02	5.95e-03	1.03e-03	3.48e-04	7.35e-06	0.00e+00
 3.69688e+22	2.10e-27	4.13e-14	2.29e-11	2.25e-09	5.09e-08	5.32e-07	5.72e-06	1.58e-03	4.16e-02	2.94e-01	4.20e-01	1.89e-01	4.78e-02	5.42e-03	9.27e-04	3.04e-04	6.20e-06	0.00e+00
 3.71780e+22	2.90e-27	5.65e-14	3.07e-11	2.94e-09	6.46e-08	6.53e-07	6.78e-06	1.79e-03	4.50e-02	3.06e-01	4.19e-01	1.79e-01	4.36e-02	4.77e-03	7.98e-04	2.52e-04	4.89e-06	0.00e+00
 3.73909e+22	3.73e-27	7.22e-14	3.86e-11	3.62e-09	7.80e-08	7.68e-07	7.77e-06	1.96e-03	4.79e-02	3.15e-01	4.17e-01	1.72e-01	4.05e-02	4.29e-03	7.08e-04	2.17e-04	4.05e-06	0.00e+00
 3.76087e+22	5.15e-27	9.90e-14	5.19e-11	4.75e-09	9.97e-08	9.50e-07	9.29e-06	2.23e-03	5.20e-02	3.28e-01	4.15e-01	1.62e-01	3.66e-02	3.73e-03	6.03e-04	1.77e-04	3.14e-06	0.00e+00
 3.78306e+22	6.61e-27	1.27e-13	6.55e-11	5.88e-09	1.21e-07	1.12e-06	1.07e-05	2.46e-03	5.54e-02	3.38e-01	4.12e-01	1.54e-01	3.38e-02	3.34e-03	5.31e-04	1.51e-04	2.58e-06	0.00e+00
 3.80577e+22	9.06e-27	1.74e-13	8.85e-11	7.75e-09	1.56e-07	1.40e-06	1.29e-05	2.80e-03	6.01e-02	3.51e-01	4.08e-01	1.44e-01	3.02e-02	2.87e-03	4.47e-04	1.22e-04	1.97e-06	0.00e+00
 3.82907e+22	1.16e-26	2.25e-13	1.13e-10	9.69e-09	1.91e-07	1.67e-06	1.49e-05	3.11e-03	6.42e-02	3.62e-01	4.04e-01	1.36e-01	2.76e-02	2.54e-03	3.89e-04	1.03e-04	1.58e-06	0.00e+00
 3.85312e+22	1.58e-26	3.10e-13	1.53e-10	1.29e-08	2.49e-07	2.10e-06	1.82e-05	3.57e-03	7.01e-02	3.76e-01	3.97e-01	1.26e-01	2.44e-02	2.15e-03	3.22e-04	8.10e-05	1.18e-06	0.00e+00
 3.87736e+22	1.99e-26	3.97e-13	1.94e-10	1.61e-08	3.05e-07	2.52e-06	2.13e-05	3.97e-03	7.49e-02	3.87e-01	3.92e-01	1.18e-01	2.21e-02	1.88e-03	2.78e-04	6.73e-05	9.36e-07	0.00e+00
 3.90130e+22	2.62e-26	5.34e-13	2.59e-10	2.12e-08	3.93e-07	3.15e-06	2.58e-05	4.54e-03	8.13e-02	4.00e-01	3.84e-01	1.09e-01	1.94e-02	1.59e-03	2.29e-04	5.31e-05	6.96e-07	0.00e+00
 3.92549e+22	3.26e-26	6.78e-13	3.27e-10	2.64e-08	4.83e-07	3.78e-06	3.02e-05	5.07e-03	8.69e-02	4.11e-01	3.77e-01	1.02e-01	1.75e-02	1.38e-03	1.96e-04	4.37e-05	5.46e-07	0.00e+00
 3.94906e+22	4.15e-26	8.85e-13	4.25e-10	3.39e-08	6.12e-07	4.67e-06	3.64e-05	5.75e-03	9.39e-02	4.23e-01	3.67e-01	9.34e-02	1.54e-02	1.17e-03	1.63e-04	3.47e-05	4.10e-07	0.00e+00
 3.97240e+22	5.05e-26	1.10e-12	5.28e-10	4.18e-08	7.45e-07	5.56e-06	4.24e-05	6.39e-03	1.00e-01	4.32e-01	3.59e-01	8.69e-02	1.38e-02	1.01e-03	1.39e-04	2.85e-05	3.22e-07	0.00e+00
 3.99304e+22	6.03e-26	1.34e-12	6.44e-10	5.06e-08	8.93e-07	6.54e-06	4.90e-05	7.06e-03	1.06e-01	4.41e-01	3.51e-01	8.11e-02	1.25e-02	8.85e-04	1.20e-04	2.37e-05	2.56e-07	0.00e+00
 4.01525e+22	7.41e-26	1.69e-12	8.16e-10	6.37e-08	1.11e-06	7.97e-06	5.85e-05	7.96e-03	1.14e-01	4.51e-01	3.41e-01	7.43e-02	1.10e-02	7.49e-04	9.99e-05	1.89e-05	1.93e-07	0.00e+00
 4.03714e+22	8.72e-26	2.02e-12	9.81e-10	7.61e-08	1.32e-06	9.30e-06	6.71e-05	8.74e-03	1.20e-01	4.59e-01	3.32e-01	6.92e-02	9.90e-03	6.56e-04	8.64e-05	1.58e-05	1.55e-07	0.00e+00
 4.05930e+22	1.06e-25	2.52e-12	1.24e-09	9.55e-08	1.64e-06	1.13e-05	8.02e-05	9.86e-03	1.29e-01	4.68e-01	3.21e-01	6.30e-02	8.65e-03	5.52e-04	7.14e-05	1.25e-05	1.16e-07	0.00e+00
 4.08144e+22	1.24e-25	2.99e-12	1.47e-09	1.13e-07	1.94e-06	1.31e-05	9.17e-05	1.08e-02	1.36e-01	4.74e-01	3.12e-01	5.86e-02	7.80e-03	4.84e-04	6.17e-05	1.04e-05	0.00e+00	0.00e+00
 4.10360e+22	1.50e-25	3.68e-12	1.84e-09	1.41e-07	2.40e-06	1.59e-05	1.09e-04	1.22e-02	1.45e-01	4.82e-01	3.00e-01	5.32e-02	6.80e-03	4.06e-04	5.09e-05	8.22e-06	0.00e+00	0.00e+00
 4.12580e+22	1.75e-25	4.31e-12	2.17e-09	1.67e-07	2.81e-06	1.84e-05	1.25e-04	1.33e-02	1.52e-01	4.87e-01	2.91e-01	4.94e-02	6.12e-03	3.55e-04	4.39e-05	6.86e-06	0.00e+00	0.00e+00
 4.14805e+22	2.11e-25	5.24e-12	2.69e-09	2.06e-07	3.46e-06	2.22e-05	1.48e-04	1.49e-02	1.62e-01	4.93e-01	2.79e-01	4.47e-02	5.33e-03	2.98e-04	3.62e-05	5.41e-06	0.00e+00	0.00e+00
 4.17039e+22	2.46e-25	6.10e-12	3.17e-09	2.42e-07	4.05e-06	2.57e-05	1.69e-04	1.63e-02	1.70e-01	4.97e-01	2.70e-01	4.13e-02	4.79e-03	2.60e-04	3.12e-05	4.51e-06	0.00e+00	0.00e+00
 4.19286e+22	2.97e-25	7.36e-12	3.90e-09	2.98e-07	4.95e-06	3.08e-05	2.00e-04	1.82e-02	1.81e-01	5.02e-01	2.58e-01	3.72e-02	4.16e-03	2.18e-04	2.57e-05	3.55e-06	0.00e+00	0.00e+00
 4.21550e+22	3.47e-25	8.53e-12	4.59e-09	3.49e-07	5.78e-06	3.55e-05	2.27e-04	1.98e-02	1.89e-01	5.04e-01	2.48e-01	3.44e-02	3.73e-03	1.90e-04	2.21e-05	2.96e-06	0.00e+00	0.00e+00
 4.23837e+22	4.23e-25	1.02e-11	5.63e-09	4.28e-07	7.05e-06	4.25e-05	2.69e-04	2.22e-02	2.01e-01	5.07e-01	2.36e-01	3.09e-02	3.23e-03	1.59e-04	1.81e-05	2.32e-06	0.00e+00	0.00e+00
 4.26153e+22	4.98e-25	1.18e-11	6.62e-09	5.02e-07	8.23e-06	4.90e-05	3.06e-04	2.42e-02	2.10e-01	5.08e-01	2.27e-01	2.84e-02	2.88e-03	1.38e-04	1.55e-05	1.92e-06	0.00e+00	0.00e+00
 4.28509e+22	6.13e-25	1.42e-11	8.12e-09	6.15e-07	1.00e-05	5.87e-05	3.63e-04	2.70e-02	2.22e-01	5.09e-01	2.14e-01	2.53e-02	2.48e-03	1.14e-04	1.26e-05	1.50e-06	0.00e+00	0.00e+00
 4.30903e+22	7.31e-25	1.64e-11	9.59e-09	7.23e-07	1.17e-05	6.75e-05	4.13e-04	2.94e-02	2.31e-01	5.08e-01	2.05e-01	2.32e-02	2.21e-03	9.89e-05	1.08e-05	1.23e-06	0.00e+00	0.00e+00
 4.33345e+22	9.15e-25	1.98e-11	1.18e-08	8.88e-07	1.43e-05	8.09e-05	4.88e-04	3.28e-02	2.44e-01	5.07e-01	1.93e-01	2.06e-02	1.89e-03	8.18e-05	8.74e-06	9.58e-07	0.00e+00	0.00e+00
 4.35853e+22	1.11e-24	2.30e-11	1.40e-08	1.05e-06	1.68e-05	9.35e-05	5.59e-04	3.58e-02	2.54e-01	5.05e-01	1.83e-01	1.87e-02	1.67e-03	7.01e-05	7.37e-06	7.80e-07	0.00e+00	0.00e+00
 4.38447e+22	1.41e-24	2.77e-11	1.75e-08	1.30e-06	2.07e-05	1.13e-04	6.65e-04	4.00e-02	2.68e-01	5.02e-01	1.71e-01	1.65e-02	1.42e-03	5.72e-05	5.90e-06	5.96e-07	0.00e+00	0.00e+00
 4.41048e+22	1.73e-24	3.24e-11	2.08e-08	1.53e-06	2.42e-05	1.30e-04	7.57e-04	4.35e-02	2.79e-01	4.98e-01	1.63e-01	1.49e-02	1.25e-03	4.91e-05	4.98e-06	4.86e-07	0.00e+00	0.00e+00
 4.43244e+22	2.08e-24	3.72e-11	2.43e-08	1.78e-06	2.80e-05	1.48e-04	8.54e-04	4.70e-02	2.88e-01	4.94e-01	1.54e-01	1.36e-02	1.11e-03	4.25e-05	4.25e-06	4.01e-07	0.00e+00	0.00e+00
 4.45681e+22	2.65e-24	4.44e-11	2.98e-08	2.17e-06	3.37e-05	1.74e-04	9.97e-04	5.18e-02	3.01e-01	4.89e-01	1.44e-01	1.21e-02	9.55e-04	3.52e-05	3.45e-06	3.13e-07	0.00e+00	0.00e+00
 4.48015e+22	3.16e-24	5.04e-11	3.44e-08	2.49e-06	3.83e-05	1.95e-04	1.11e-03	5.54e-02	3.10e-01	4.84e-01	1.37e-01	1.11e-02	8.59e-04	3.09e-05	3.00e-06	2.64e-07	0.00e+00	0.00e+00
 4.50217e+22	3.95e-24	5.92e-11	4.13e-08	2.96e-06	4.52e-05	2.26e-04	1.27e-03	6.03e-02	3.21e-01	4.77e-01	1.29e-01	9.91e-03	7.48e-04	2.61e-05	2.49e-06	2.11e-07	0.00e+00	0.00e+00
 4.52449e+22	4.74e-24	6.75e-11	4.79e-08	3.40e-06	5.14e-05	2.54e-04	1.41e-03	6.44e-02	3.30e-01	4.72e-01	1.22e-01	9.08e-03	6.71e-04	2.28e-05	2.15e-06	1.77e-07	0.00e+00	0.00e+00
 4.54722e+22	5.98e-24	7.93e-11	5.78e-08	4.06e-06	6.07e-05	2.94e-04	1.61e-03	7.01e-02	3.41e-01	4.64e-01	1.14e-01	8.07e-03	5.80e-04	1.91e-05	1.77e-06	1.40e-07	0.00e+00	0.00e+00
 4.57009e+22	7.26e-24	9.12e-11	6.72e-08	4.67e-06	6.91e-05	3.29e-04	1.79e-03	7.47e-02	3.50e-01	4.57e-01	1.08e-01	7.38e-03	5.20e-04	1.67e-05	1.53e-06	0.00e+00	0.00e+00	0.00e+00
 4.59314e+22	9.24e-24	1.08e-10	8.13e-08	5.58e-06	8.15e-05	3.81e-04	2.05e-03	8.11e-02	3.61e-01	4.48e-01	1.01e-01	6.54e-03	4.49e-04	1.40e-05	1.26e-06	0.00e+00	0.00e+00	0.00e+00
 4.61649e+22	1.13e-23	1.24e-10	9.51e-08	6.44e-06	9.29e-05	4.26e-04	2.26e-03	8.63e-02	3.69e-01	4.40e-01	9.51e-02	5.96e-03	4.01e-04	1.22e-05	1.08e-06	0.00e+00	0.00e+00	0.00e+00
 4.64022e+22	1.46e-23	1.48e-10	1.16e-07	7.73e-06	1.10e-04	4.93e-04	2.59e-03	9.36e-02	3.80e-01	4.30e-01	8.80e-02	5.26e-03	3.44e-04	1.01e-05	8.83e-07	0.00e+00	0.00e+00	0.00e+00
 4.66432e+22	1.81e-23	1.72e-10	1.36e-07	8.95e-06	1.25e-04	5.53e-04	2.86e-03	9.95e-02	3.88e-01	4.21e-01	8.28e-02	4.77e-03	3.06e-04	8.79e-06	7.56e-07	0.00e+00	0.00e+00	0.00e+00
 4.68890e+22	2.37e-23	2.07e-10	1.67e-07	1.08e-05	1.49e-04	6.40e-04	3.28e-03	1.08e-01	3.98e-01	4.10e-01	7.62e-02	4.18e-03	2.62e-04	7.26e-06	6.14e-07	0.00e+00	0.00e+00	0.00e+00
 4.71393e+22	2.98e-23	2.43e-10	1.97e-07	1.26e-05	1.70e-04	7.18e-04	3.63e-03	1.14e-01	4.05e-01	4.00e-01	7.14e-02	3.78e-03	2.32e-04	6.26e-06	5.22e-07	0.00e+00	0.00e+00	0.00e+00
 4.73954e+22	3.96e-23	2.95e-10	2.44e-07	1.53e-05	2.03e-04	8.34e-04	4.15e-03	1.24e-01	4.15e-01	3.87e-01	6.52e-02	3.29e-03	1.96e-04	5.13e-06	4.20e-07	0.00e+00	0.00e+00	0.00e+00
 4.76568e+22	5.07e-23	3.51e-10	2.92e-07	1.79e-05	2.33e-04	9.38e-04	4.60e-03	1.31e-01	4.22e-01	3.77e-01	6.08e-02	2.95e-03	1.73e-04	4.40e-06	3.55e-07	0.00e+00	0.00e+00	0.00e+00
 4.79249e+22	6.85e-23	4.30e-10	3.65e-07	2.19e-05	2.78e-04	1.09e-03	5.28e-03	1.42e-01	4.30e-01	3.63e-01	5.51e-02	2.54e-03	1.45e-04	3.56e-06	2.82e-07	0.00e+00	0.00e+00	0.00e+00
 4.81942e+22	8.80e-23	5.14e-10	4.37e-07	2.57e-05	3.20e-04	1.23e-03	5.83e-03	1.51e-01	4.36e-01	3.52e-01	5.12e-02	2.28e-03	1.27e-04	3.04e-06	2.37e-07	0.00e+00	0.00e+00	0.00e+00
 4.84648e+22	1.21e-22	6.38e-10	5.48e-07	3.15e-05	3.82e-04	1.42e-03	6.66e-03	1.62e-01	4.43e-01	3.38e-01	4.62e-02	1.96e-03	1.07e-04	2.46e-06	1.89e-07	0.00e+00	0.00e+00	0.00e+00
 4.87394e+22	1.57e-22	7.68e-10	6.60e-07	3.71e-05	4.40e-04	1.60e-03	7.35e-03	1.72e-01	4.48e-01	3.26e-01	4.27e-02	1.75e-03	9.32e-05	2.09e-06	1.58e-07	0.00e+00	0.00e+00	0.00e+00
 4.89781e+22	2.01e-22	9.12e-10	7.87e-07	4.34e-05	5.03e-04	1.79e-03	8.09e-03	1.81e-01	4.52e-01	3.15e-01	3.95e-02	1.56e-03	8.15e-05	1.78e-06	1.33e-07	0.00e+00	0.00e+00	0.00e+00
 4.92473e+22	2.77e-22	1.14e-09	9.88e-07	5.30e-05	5.97e-04	2.06e-03	9.16e-03	1.94e-01	4.57e-01	3.01e-01	3.55e-02	1.34e-03	6.84e-05	1.44e-06	0.00e+00	0.00e+00	0.00e+00	0.00e+00
 4.95192e+22	3.62e-22	1.38e-09	1.19e-06	6.23e-05	6.83e-04	2.30e-03	1.00e-02	2.03e-01	4.60e-01	2.90e-01	3.28e-02	1.19e-03	5.98e-05	1.23e-06	0.00e+00	0.00e+00	0.00e+00	0.00e+00
 4.97459e+22	4.57e-22	1.62e-09	1.40e-06	7.18e-05	7.70e-04	2.54e-03	1.09e-02	2.12e-01	4.62e-01	2.80e-01	3.04e-02	1.07e-03	5.29e-05	1.06e-06	0.00e+00	0.00e+00	0.00e+00	0.00e+00
 4.99921e+22	6.17e-22	2.00e-09	1.72e-06	8.62e-05	8.98e-04	2.88e-03	1.21e-02	2.25e-01	4.64e-01	2.67e-01	2.75e-02	9.32e-04	4.49e-05	8.70e-07	0.00e+00	0.00e+00	0.00e+00	0.00e+00
 5.02363e+22	7.82e-22	2.37e-09	2.02e-06	9.91e-05	1.01e-03	3.16e-03	1.31e-02	2.34e-01	4.65e-01	2.58e-01	2.55e-02	8.40e-04	3.98e-05	7.54e-07	0.00e+00	0.00e+00	0.00e+00	0.00e+00
 5.04778e+22	1.05e-21	2.92e-09	2.47e-06	1.18e-04	1.17e-03	3.55e-03	1.44e-02	2.46e-01	4.65e-01	2.46e-01	2.32e-02	7.36e-04	3.42e-05	6.28e-07	0.00e+00	0.00e+00	0.00e+00	0.00e+00
 5.07294e+22	1.36e-21	3.50e-09	2.94e-06	1.38e-04	1.33e-03	3.94e-03	1.58e-02	2.57e-01	4.65e-01	2.35e-01	2.12e-02	6.51e-04	2.97e-05	5.31e-07	0.00e+00	0.00e+00	0.00e+00	0.00e+00
 5.09535e+22	1.75e-21	4.18e-09	3.48e-06	1.59e-04	1.49e-03	4.33e-03	1.70e-02	2.67e-01	4.64e-01	2.26e-01	1.96e-02	5.84e-04	2.62e-05	4.57e-07	0.00e+00	0.00e+00	0.00e+00	0.00e+00
 5.12042e+22	2.39e-21	5.23e-09	4.28e-06	1.90e-04	1.73e-03	4.86e-03	1.87e-02	2.79e-01	4.63e-01	2.14e-01	1.77e-02	5.09e-04	2.23e-05	3.78e-07	0.00e+00	0.00e+00	0.00e+00	0.00e+00
 5.14688e+22	3.18e-21	6.40e-09	5.18e-06	2.24e-04	1.97e-03	5.41e-03	2.03e-02	2.91e-01	4.60e-01	2.04e-01	1.61e-02	4.47e-04	1.92e-05	3.17e-07	0.00e+00	0.00e+00	0.00e+00	0.00e+00
 5.17099e+22	4.17e-21	7.76e-09	6.18e-06	2.61e-04	2.23e-03	5.96e-03	2.20e-02	3.02e-01	4.58e-01	1.95e-01	1.47e-02	3.96e-04	1.67e-05	2.69e-07	0.00e+00	0.00e+00	0.00e+00	0.00e+00
 5.19814e+22	5.89e-21	9.94e-09	7.76e-06	3.18e-04	2.61e-03	6.74e-03	2.42e-02	3.16e-01	4.54e-01	1.83e-01	1.31e-02	3.39e-04	1.40e-05	2.18e-07	0.00e+00	0.00e+00	0.00e+00	0.00e+00
 5.22608e+22	7.92e-21	1.23e-08	9.40e-06	3.74e-04	2.98e-03	7.48e-03	2.63e-02	3.28e-01	4.50e-01	1.73e-01	1.18e-02	2.97e-04	1.20e-05	1.82e-07	0.00e+00	0.00e+00	0.00e+00	0.00e+00
 5.25118e+22	1.06e-20	1.51e-08	1.13e-05	4.39e-04	3.39e-03	8.25e-03	2.83e-02	3.39e-01	4.45e-01	1.64e-01	1.07e-02	2.61e-04	1.04e-05	1.53e-07	0.00e+00	0.00e+00	0.00e+00	0.00e+00
 5.27997e+22	1.53e-20	1.97e-08	1.44e-05	5.38e-04	3.98e-03	9.35e-03	3.12e-02	3.54e-01	4.39e-01	1.53e-01	9.42e-03	2.21e-04	8.58e-06	1.22e-07	0.00e+00	0.00e+00	0.00e+00	0.00e+00
 5.30920e+22	2.08e-20	2.45e-08	1.75e-05	6.36e-04	4.54e-03	1.04e-02	3.37e-02	3.66e-01	4.33e-01	1.44e-01	8.47e-03	1.93e-04	7.33e-06	0.00e+00	0.00e+00	0.00e+00	0.00e+00	0.00e+00
 5.33509e+22	2.81e-20	3.04e-08	2.12e-05	7.48e-04	5.16e-03	1.14e-02	3.63e-02	3.77e-01	4.26e-01	1.36e-01	7.62e-03	1.68e-04	6.27e-06	0.00e+00	0.00e+00	0.00e+00	0.00e+00	0.00e+00
 5.36487e+22	4.14e-20	4.01e-08	2.71e-05	9.20e-04	6.07e-03	1.29e-02	3.98e-02	3.91e-01	4.17e-01	1.25e-01	6.65e-03	1.42e-04	5.14e-06	0.00e+00	0.00e+00	0.00e+00	0.00e+00	0.00e+00
 5.39521e+22	5.71e-20	5.05e-08	3.31e-05	1.09e-03	6.93e-03	1.43e-02	4.29e-02	4.02e-01	4.09e-01	1.17e-01	5.93e-03	1.23e-04	4.35e-06	0.00e+00	0.00e+00	0.00e+00	0.00e+00	0.00e+00
 5.42626e+22	8.55e-20	6.75e-08	4.26e-05	1.35e-03	8.17e-03	1.61e-02	4.69e-02	4.16e-01	3.98e-01	1.08e-01	5.13e-03	1.02e-04	3.53e-06	0.00e+00	0.00e+00	0.00e+00	0.00e+00	0.00e+00
 5.45780e+22	1.19e-19	8.56e-08	5.24e-05	1.60e-03	9.34e-03	1.78e-02	5.04e-02	4.27e-01	3.89e-01	1.00e-01	4.54e-03	8.78e-05	2.97e-06	0.00e+00	0.00e+00	0.00e+00	0.00e+00	0.00e+00
 5.48996e+22	1.80e-19	1.15e-07	6.75e-05	1.98e-03	1.10e-02	2.01e-02	5.50e-02	4.40e-01	3.77e-01	9.14e-02	3.91e-03	7.28e-05	2.39e-06	0.00e+00	0.00e+00	0.00e+00	0.00e+00	0.00e+00
 5.52301e+22	2.58e-19	1.48e-07	8.41e-05	2.38e-03	1.27e-02	2.24e-02	5.93e-02	4.50e-01	3.66e-01	8.40e-02	3.40e-03	6.15e-05	1.97e-06	0.00e+00	0.00e+00	0.00e+00	0.00e+00	0.00e+00
 5.55186e+22	3.59e-19	1.88e-07	1.03e-04	2.82e-03	1.44e-02	2.45e-02	6.31e-02	4.59e-01	3.55e-01	7.79e-02	3.01e-03	5.30e-05	1.66e-06	0.00e+00	0.00e+00	0.00e+00	0.00e+00	0.00e+00
 5.58403e+22	5.41e-19	2.52e-07	1.32e-04	3.46e-03	1.68e-02	2.74e-02	6.82e-02	4.69e-01	3.42e-01	7.07e-02	2.58e-03	4.38e-05	1.33e-06	0.00e+00	0.00e+00	0.00e+00	0.00e+00	0.00e+00
 5.61816e+22	7.93e-19	3.30e-07	1.65e-04	4.18e-03	1.93e-02	3.04e-02	7.32e-02	4.77e-01	3.29e-01	6.44e-02	2.22e-03	3.66e-05	1.08e-06	0.00e+00	0.00e+00	0.00e+00	0.00e+00	0.00e+00
 5.64596e+22	1.06e-18	4.06e-07	1.97e-04	4.83e-03	2.15e-02	3.29e-02	7.71e-02	4.83e-01	3.19e-01	5.98e-02	1.98e-03	3.19e-05	9.23e-07	0.00e+00	0.00e+00	0.00e+00	0.00e+00	0.00e+00
 5.67322e+22	1.49e-18	5.16e-07	2.41e-04	5.69e-03	2.44e-02	3.59e-02	8.17e-02	4.89e-01	3.07e-01	5.48e-02	1.73e-03	2.71e-05	7.66e-07	0.00e+00	0.00e+00	0.00e+00	0.00e+00	0.00e+00
 5.70227e+22	2.05e-18	6.44e-07	2.90e-04	6.63e-03	2.73e-02	3.88e-02	8.61e-02	4.93e-01	2.96e-01	5.05e-02	1.52e-03	2.33e-05	6.44e-07	0.00e+00	0.00e+00	0.00e+00	0.00e+00	0.00e+00
 5.72933e+22	2.78e-18	7.99e-07	3.47e-04	7.68e-03	3.04e-02	4.19e-02	9.04e-02	4.97e-01	2.85e-01	4.65e-02	1.34e-03	2.01e-05	5.43e-07	0.00e+00	0.00e+00	0.00e+00	0.00e+00	0.00e+00
 5.76018e+22	4.15e-18	1.06e-06	4.37e-04	9.27e-03	3.48e-02	4.61e-02	9.61e-02	5.00e-01	2.70e-01	4.17e-02	1.14e-03	1.66e-05	4.33e-07	0.00e+00	0.00e+00	0.00e+00	0.00e+00	0.00e+00
 5.79141e+22	5.72e-18	1.32e-06	5.25e-04	1.08e-02	3.88e-02	4.97e-02	1.01e-01	5.02e-01	2.58e-01	3.81e-02	9.95e-04	1.41e-05	3.61e-07	0.00e+00	0.00e+00	0.00e+00	0.00e+00	0.00e+00
