#depth	Fe	Fe+	Fe+2	Fe+3	Fe+4	Fe+5	Fe+6	Fe+7	Fe+8	Fe+9	Fe+10	Fe+11	Fe+12	Fe+13	Fe+14	Fe+15	Fe+16	Fe+17	Fe+18	Fe+19	Fe+20	Fe+21	Fe+22	Fe+23	Fe+24	Fe+25	Fe+26
 4.62852e+21	0.00e+00	0.00e+00	0.00e+00	0.00e+00	0.00e+00	0.00e+00	0.00e+00	0.00e+00	4.34e-23	6.31e-21	6.29e-19	4.09e-17	3.50e-15	2.16e-13	1.34e-11	9.38e-10	4.20e-07	1.48e-05	2.67e-04	2.33e-03	1.20e-02	3.44e-02	7.44e-02	1.49e-01	4.60e-01	2.26e-01	4.03e-02
 1.05480e+22	0.00e+00	0.00e+00	0.00e+00	0.00e+00	0.00e+00	0.00e+00	0.00e+00	2.59e-23	8.29e-21	9.32e-19	7.51e-17	4.34e-15	2.54e-13	1.08e-11	4.57e-10	2.19e-08	6.77e-06	1.65e-04	2.04e-03	1.23e-02	4.35e-02	8.59e-02	1.28e-01	1.79e-01	3.98e-01	1.34e-01	1.64e-02
 1.26634e+22	0.00e+00	0.00e+00	0.00e+00	0.00e+00	0.00e+00	0.00e+00	3.03e-24	1.26e-21	3.28e-19	2.87e-17	1.79e-15	8.04e-14	3.64e-12	1.19e-10	3.93e-09	1.46e-07	3.63e-05	6.99e-04	6.83e-03	3.20e-02	8.83e-02	1.36e-01	1.58e-01	1.74e-01	3.14e-01	8.25e-02	7.87e-03
 1.41472e+22	0.00e+00	0.00e+00	0.00e+00	0.00e+00	0.00e+00	6.50e-26	8.75e-23	3.01e-20	6.35e-18	4.48e-16	2.25e-14	8.12e-13	2.95e-11	7.78e-10	2.06e-08	6.14e-07	1.29e-04	2.07e-03	1.66e-02	6.34e-02	1.42e-01	1.77e-01	1.68e-01	1.50e-01	2.29e-01	4.88e-02	3.78e-03
 1.49715e+22	0.00e+00	0.00e+00	0.00e+00	0.00e+00	5.40e-29	1.62e-25	2.06e-22	6.72e-20	1.34e-17	8.96e-16	4.26e-14	1.45e-12	4.98e-11	1.24e-09	3.08e-08	8.69e-07	1.76e-04	2.69e-03	2.05e-02	7.42e-02	1.57e-01	1.86e-01	1.66e-01	1.41e-01	2.07e-01	4.18e-02	3.07e-03
 1.52322e+22	0.00e+00	0.00e+00	0.00e+00	9.93e-33	9.52e-29	2.77e-25	3.42e-22	1.08e-19	2.09e-17	1.35e-15	6.18e-14	2.03e-12	6.74e-11	1.62e-09	3.90e-08	1.06e-06	2.10e-04	3.12e-03	2.32e-02	8.11e-02	1.66e-01	1.90e-01	1.65e-01	1.36e-01	1.94e-01	3.80e-02	2.70e-03
 1.54524e+22	0.00e+00	0.00e+00	0.00e+00	2.09e-32	1.93e-28	5.40e-25	6.45e-22	1.96e-19	3.63e-17	2.24e-15	9.87e-14	3.11e-12	9.88e-11	2.27e-09	5.24e-08	1.37e-06	2.62e-04	3.76e-03	2.69e-02	9.04e-02	1.78e-01	1.95e-01	1.63e-01	1.29e-01	1.78e-01	3.35e-02	2.28e-03
 1.56796e+22	0.00e+00	0.00e+00	0.00e+00	4.06e-32	3.61e-28	9.78e-25	1.13e-21	3.30e-19	5.89e-17	3.51e-15	1.49e-13	4.50e-12	1.37e-10	3.04e-09	6.74e-08	1.69e-06	3.16e-04	4.41e-03	3.05e-02	9.91e-02	1.88e-01	1.99e-01	1.60e-01	1.22e-01	1.65e-01	2.98e-02	1.96e-03
 1.58811e+22	0.00e+00	0.00e+00	0.00e+00	7.08e-32	6.13e-28	1.61e-24	1.80e-21	5.12e-19	8.87e-17	5.11e-15	2.10e-13	6.15e-12	1.82e-10	3.90e-09	8.36e-08	2.03e-06	3.70e-04	5.04e-03	3.39e-02	1.07e-01	1.96e-01	2.02e-01	1.57e-01	1.17e-01	1.53e-01	2.70e-02	1.72e-03
 1.61082e+22	0.00e+00	0.00e+00	0.00e+00	1.52e-31	1.26e-27	3.20e-24	3.43e-21	9.33e-19	1.55e-16	8.55e-15	3.35e-13	9.40e-12	2.66e-10	5.44e-09	1.11e-07	2.59e-06	4.58e-04	6.02e-03	3.90e-02	1.18e-01	2.08e-01	2.04e-01	1.53e-01	1.09e-01	1.39e-01	2.34e-02	1.43e-03
 1.63369e+22	0.00e+00	0.00e+00	0.00e+00	2.89e-31	2.32e-27	5.68e-24	5.88e-21	1.55e-18	2.47e-16	1.31e-14	4.96e-13	1.34e-11	3.64e-10	7.17e-09	1.41e-07	3.17e-06	5.45e-04	6.96e-03	4.37e-02	1.27e-01	2.17e-01	2.06e-01	1.48e-01	1.02e-01	1.27e-01	2.06e-02	1.22e-03
 1.65308e+22	0.00e+00	0.00e+00	0.00e+00	5.15e-31	4.02e-27	9.54e-24	9.57e-21	2.44e-18	3.77e-16	1.94e-14	7.07e-13	1.84e-11	4.84e-10	9.20e-09	1.75e-07	3.79e-06	6.38e-04	7.92e-03	4.83e-02	1.36e-01	2.24e-01	2.06e-01	1.44e-01	9.60e-02	1.17e-01	1.83e-02	1.05e-03
 1.67458e+22	0.00e+00	0.00e+00	0.00e+00	1.05e-30	7.88e-27	1.80e-23	1.74e-20	4.25e-18	6.31e-16	3.11e-14	1.09e-12	2.72e-11	6.83e-10	1.24e-08	2.27e-07	4.71e-06	7.69e-04	9.25e-03	5.44e-02	1.48e-01	2.33e-01	2.06e-01	1.38e-01	8.87e-02	1.05e-01	1.58e-02	8.70e-04
 1.69696e+22	0.00e+00	0.00e+00	0.00e+00	1.97e-30	1.43e-26	3.17e-23	2.95e-20	6.97e-18	9.98e-16	4.74e-14	1.59e-12	3.84e-11	9.28e-10	1.63e-08	2.85e-07	5.70e-06	9.06e-04	1.06e-02	6.03e-02	1.58e-01	2.41e-01	2.05e-01	1.33e-01	8.23e-02	9.46e-02	1.38e-02	7.32e-04
 1.71702e+22	0.00e+00	0.00e+00	0.00e+00	3.70e-30	2.60e-26	5.56e-23	4.99e-20	1.14e-17	1.57e-15	7.17e-14	2.32e-12	5.38e-11	1.25e-09	2.11e-08	3.56e-07	6.84e-06	1.06e-03	1.21e-02	6.66e-02	1.68e-01	2.48e-01	2.03e-01	1.27e-01	7.61e-02	8.52e-02	1.20e-02	6.15e-04
 1.73588e+22	0.00e+00	0.00e+00	1.07e-34	6.41e-30	4.38e-26	9.09e-23	7.92e-20	1.75e-17	2.34e-15	1.03e-13	3.24e-12	7.25e-11	1.63e-09	2.65e-08	4.32e-07	8.04e-06	1.22e-03	1.35e-02	7.24e-02	1.78e-01	2.53e-01	2.01e-01	1.22e-01	7.08e-02	7.75e-02	1.06e-02	5.25e-04
 1.75662e+22	0.00e+00	0.00e+00	2.25e-34	1.30e-29	8.53e-26	1.71e-22	1.43e-19	3.03e-17	3.88e-15	1.65e-13	4.94e-12	1.06e-10	2.28e-09	3.55e-08	5.53e-07	9.85e-06	1.45e-03	1.55e-02	8.04e-02	1.89e-01	2.59e-01	1.97e-01	1.15e-01	6.43e-02	6.84e-02	8.96e-03	4.27e-04
 1.77802e+22	0.00e+00	0.00e+00	4.15e-34	2.32e-29	1.48e-25	2.86e-22	2.32e-19	4.76e-17	5.89e-15	2.41e-13	6.99e-12	1.44e-10	2.99e-09	4.50e-08	6.76e-07	1.16e-05	1.67e-03	1.74e-02	8.73e-02	1.99e-01	2.63e-01	1.94e-01	1.09e-01	5.92e-02	6.15e-02	7.79e-03	3.59e-04
 1.80024e+22	0.00e+00	0.00e+00	9.09e-34	4.88e-29	2.98e-25	5.56e-22	4.31e-19	8.49e-17	1.00e-14	3.93e-13	1.09e-11	2.14e-10	4.24e-09	6.08e-08	8.71e-07	1.43e-05	1.99e-03	2.00e-02	9.67e-02	2.11e-01	2.67e-01	1.88e-01	1.02e-01	5.29e-02	5.34e-02	6.47e-03	2.86e-04
 1.82234e+22	0.00e+00	0.00e+00	1.76e-33	9.13e-29	5.39e-25	9.73e-22	7.29e-19	1.38e-16	1.57e-14	5.93e-13	1.57e-11	2.99e-10	5.67e-09	7.81e-08	1.07e-06	1.69e-05	2.30e-03	2.25e-02	1.05e-01	2.21e-01	2.69e-01	1.83e-01	9.56e-02	4.79e-02	4.71e-02	5.51e-03	2.35e-04
 1.84066e+22	0.00e+00	0.00e+00	3.07e-33	1.54e-28	8.86e-25	1.56e-21	1.13e-18	2.08e-16	2.29e-14	8.36e-13	2.15e-11	3.94e-10	7.24e-09	9.65e-08	1.28e-06	1.96e-05	2.60e-03	2.47e-02	1.12e-01	2.29e-01	2.71e-01	1.79e-01	9.04e-02	4.40e-02	4.23e-02	4.80e-03	1.98e-04
 1.86089e+22	0.00e+00	0.00e+00	6.21e-33	3.00e-28	1.66e-24	2.81e-21	1.96e-18	3.48e-16	3.69e-14	1.29e-12	3.18e-11	5.59e-10	9.84e-09	1.26e-07	1.60e-06	2.34e-05	3.01e-03	2.78e-02	1.22e-01	2.39e-01	2.71e-01	1.72e-01	8.38e-02	3.93e-02	3.69e-02	4.02e-03	1.60e-04
 1.88233e+22	0.00e+00	0.00e+00	1.19e-32	5.55e-28	2.96e-24	4.86e-21	3.27e-18	5.60e-16	5.71e-14	1.92e-12	4.56e-11	7.70e-10	1.30e-08	1.60e-07	1.95e-06	2.75e-05	3.45e-03	3.08e-02	1.31e-01	2.48e-01	2.71e-01	1.66e-01	7.79e-02	3.53e-02	3.23e-02	3.40e-03	1.30e-04
 1.90161e+22	0.00e+00	0.00e+00	2.19e-32	9.87e-28	5.10e-24	8.10e-21	5.28e-18	8.73e-16	8.60e-14	2.79e-12	6.38e-11	1.04e-09	1.69e-08	2.00e-07	2.35e-06	3.19e-05	3.90e-03	3.40e-02	1.40e-01	2.56e-01	2.70e-01	1.60e-01	7.25e-02	3.18e-02	2.85e-02	2.89e-03	1.07e-04
 1.92292e+22	0.00e+00	0.00e+00	4.59e-32	1.99e-27	9.88e-24	1.51e-20	9.45e-18	1.50e-15	1.41e-13	4.39e-12	9.59e-11	1.49e-09	2.32e-08	2.62e-07	2.95e-06	3.82e-05	4.53e-03	3.81e-02	1.51e-01	2.65e-01	2.68e-01	1.52e-01	6.62e-02	2.79e-02	2.43e-02	2.37e-03	8.41e-05
 1.94488e+22	0.00e+00	0.00e+00	8.87e-32	3.71e-27	1.78e-23	2.62e-20	1.58e-17	2.42e-15	2.20e-13	6.56e-12	1.38e-10	2.06e-09	3.08e-08	3.33e-07	3.59e-06	4.47e-05	5.15e-03	4.20e-02	1.62e-01	2.73e-01	2.65e-01	1.45e-01	6.08e-02	2.48e-02	2.10e-02	1.97e-03	6.76e-05
 1.96430e+22	0.00e+00	0.00e+00	1.64e-31	6.61e-27	3.07e-23	4.39e-20	2.56e-17	3.78e-15	3.31e-13	9.52e-12	1.93e-10	2.77e-09	3.98e-08	4.15e-07	4.31e-06	5.17e-05	5.79e-03	4.59e-02	1.71e-01	2.79e-01	2.62e-01	1.38e-01	5.61e-02	2.21e-02	1.83e-02	1.66e-03	5.49e-05
 1.98613e+22	0.00e+00	0.00e+00	3.51e-31	1.36e-26	6.05e-23	8.31e-20	4.65e-17	6.58e-15	5.50e-13	1.51e-11	2.92e-10	4.01e-09	5.49e-08	5.46e-07	5.40e-06	6.17e-05	6.69e-03	5.11e-02	1.83e-01	2.86e-01	2.57e-01	1.29e-01	5.04e-02	1.91e-02	1.54e-02	1.34e-03	4.23e-05
 2.00891e+22	0.00e+00	0.00e+00	7.03e-31	2.62e-26	1.12e-22	1.49e-19	8.00e-17	1.09e-14	8.74e-13	2.30e-11	4.26e-10	5.60e-09	7.34e-08	6.98e-07	6.60e-06	7.23e-05	7.60e-03	5.62e-02	1.95e-01	2.92e-01	2.51e-01	1.22e-01	4.56e-02	1.66e-02	1.31e-02	1.09e-03	3.32e-05
 2.02784e+22	0.00e+00	0.00e+00	1.24e-30	4.46e-26	1.85e-22	2.38e-19	1.24e-16	1.64e-14	1.27e-12	3.24e-11	5.79e-10	7.35e-09	9.29e-08	8.52e-07	7.77e-06	8.21e-05	8.42e-03	6.06e-02	2.04e-01	2.96e-01	2.46e-01	1.15e-01	4.19e-02	1.48e-02	1.14e-02	9.22e-04	2.72e-05
 2.04738e+22	0.00e+00	0.00e+00	2.45e-30	8.49e-26	3.40e-22	4.22e-19	2.12e-16	2.69e-14	2.00e-12	4.89e-11	8.37e-10	1.02e-08	1.23e-07	1.08e-06	9.45e-06	9.57e-05	9.51e-03	6.63e-02	2.15e-01	3.00e-01	2.40e-01	1.08e-01	3.78e-02	1.29e-02	9.69e-03	7.51e-04	2.12e-05
 2.06773e+22	0.00e+00	0.00e+00	4.43e-30	1.49e-25	5.76e-22	6.92e-19	3.36e-16	4.12e-14	2.97e-12	6.99e-11	1.15e-09	1.35e-08	1.58e-07	1.33e-06	1.12e-05	1.09e-04	1.06e-02	7.15e-02	2.25e-01	3.03e-01	2.33e-01	1.02e-01	3.44e-02	1.14e-02	8.37e-03	6.26e-04	1.71e-05
 2.08628e+22	0.00e+00	0.00e+00	8.31e-30	2.69e-25	1.01e-21	1.17e-18	5.48e-16	6.50e-14	4.50e-12	1.02e-10	1.62e-09	1.82e-08	2.04e-07	1.65e-06	1.33e-05	1.25e-04	1.17e-02	7.72e-02	2.35e-01	3.06e-01	2.26e-01	9.50e-02	3.10e-02	9.92e-03	7.15e-03	5.15e-04	1.36e-05
 2.10273e+22	0.00e+00	0.00e+00	1.37e-29	4.31e-25	1.57e-21	1.78e-18	8.10e-16	9.33e-14	6.27e-12	1.38e-10	2.12e-09	2.31e-08	2.50e-07	1.97e-06	1.53e-05	1.39e-04	1.28e-02	8.20e-02	2.43e-01	3.07e-01	2.21e-01	8.98e-02	2.85e-02	8.88e-03	6.29e-03	4.40e-04	1.13e-05
 2.11933e+22	0.00e+00	1.12e-34	2.41e-29	7.34e-25	2.59e-21	2.85e-18	1.26e-15	1.40e-13	9.10e-12	1.93e-10	2.87e-09	3.02e-08	3.15e-07	2.39e-06	1.79e-05	1.57e-04	1.40e-02	8.76e-02	2.53e-01	3.08e-01	2.14e-01	8.42e-02	2.59e-02	7.83e-03	5.43e-03	3.67e-04	9.10e-06
 2.13581e+22	0.00e+00	1.86e-34	3.89e-29	1.15e-24	3.96e-21	4.24e-18	1.82e-15	1.98e-13	1.25e-11	2.57e-10	3.70e-09	3.78e-08	3.82e-07	2.81e-06	2.05e-05	1.74e-04	1.52e-02	9.25e-02	2.60e-01	3.09e-01	2.08e-01	7.96e-02	2.39e-02	7.02e-03	4.79e-03	3.15e-04	7.59e-06
 2.14938e+22	0.00e+00	2.97e-34	6.03e-29	1.74e-24	5.83e-21	6.10e-18	2.56e-15	2.71e-13	1.66e-11	3.34e-10	4.67e-09	4.64e-08	4.57e-07	3.26e-06	2.31e-05	1.90e-04	1.63e-02	9.71e-02	2.67e-01	3.09e-01	2.02e-01	7.55e-02	2.21e-02	6.35e-03	4.27e-03	2.73e-04	6.41e-06
 2.16430e+22	0.00e+00	5.17e-34	1.02e-28	2.84e-24	9.26e-21	9.42e-18	3.84e-15	3.95e-13	2.35e-11	4.56e-10	6.18e-09	5.93e-08	5.64e-07	3.89e-06	2.66e-05	2.12e-04	1.77e-02	1.03e-01	2.75e-01	3.08e-01	1.96e-01	7.08e-02	2.01e-02	5.62e-03	3.71e-03	2.30e-04	5.24e-06
 2.17978e+22	0.00e+00	8.52e-34	1.63e-28	4.43e-24	1.40e-20	1.39e-17	5.53e-15	5.53e-13	3.20e-11	6.04e-10	7.94e-09	7.39e-08	6.81e-07	4.56e-06	3.02e-05	2.34e-04	1.90e-02	1.08e-01	2.82e-01	3.07e-01	1.89e-01	6.67e-02	1.85e-02	5.03e-03	3.26e-03	1.97e-04	4.36e-06
 2.19348e+22	0.00e+00	1.37e-33	2.54e-28	6.73e-24	2.08e-20	2.02e-17	7.80e-15	7.62e-13	4.29e-11	7.88e-10	1.01e-08	9.10e-08	8.15e-07	5.29e-06	3.40e-05	2.56e-04	2.04e-02	1.13e-01	2.89e-01	3.06e-01	1.84e-01	6.30e-02	1.70e-02	4.52e-03	2.89e-03	1.70e-04	3.66e-06
 2.20614e+22	0.00e+00	2.15e-33	3.88e-28	1.00e-23	3.02e-20	2.86e-17	1.08e-14	1.03e-12	5.65e-11	1.01e-09	1.26e-08	1.11e-07	9.65e-07	6.10e-06	3.81e-05	2.79e-04	2.17e-02	1.18e-01	2.95e-01	3.05e-01	1.78e-01	5.95e-02	1.57e-02	4.08e-03	2.57e-03	1.47e-04	3.09e-06
 2.21797e+22	0.00e+00	3.16e-33	5.58e-28	1.41e-23	4.17e-20	3.87e-17	1.43e-14	1.34e-12	7.18e-11	1.26e-09	1.53e-08	1.31e-07	1.12e-06	6.88e-06	4.20e-05	3.00e-04	2.29e-02	1.23e-01	3.00e-01	3.03e-01	1.73e-01	5.67e-02	1.46e-02	3.73e-03	2.32e-03	1.30e-04	2.67e-06
 2.23134e+22	0.00e+00	5.37e-33	9.18e-28	2.25e-23	6.47e-20	5.86e-17	2.11e-14	1.92e-12	9.96e-11	1.69e-09	1.99e-08	1.66e-07	1.36e-06	8.12e-06	4.79e-05	3.32e-04	2.47e-02	1.29e-01	3.07e-01	3.01e-01	1.66e-01	5.29e-02	1.33e-02	3.30e-03	2.02e-03	1.10e-04	2.19e-06
 2.24503e+22	0.00e+00	8.41e-33	1.40e-27	3.35e-23	9.38e-20	8.30e-17	2.92e-14	2.59e-12	1.31e-10	2.17e-09	2.48e-08	2.01e-07	1.61e-06	9.34e-06	5.35e-05	3.60e-04	2.62e-02	1.34e-01	3.13e-01	2.99e-01	1.61e-01	4.98e-02	1.22e-02	2.97e-03	1.79e-03	9.47e-05	1.84e-06
 2.25720e+22	0.00e+00	1.30e-32	2.11e-27	4.92e-23	1.35e-19	1.17e-16	4.01e-14	3.48e-12	1.72e-10	2.77e-09	3.09e-08	2.44e-07	1.89e-06	1.07e-05	5.96e-05	3.91e-04	2.78e-02	1.39e-01	3.18e-01	2.96e-01	1.55e-01	4.70e-02	1.13e-02	2.67e-03	1.59e-03	8.21e-05	1.56e-06
 2.26879e+22	0.00e+00	1.97e-32	3.11e-27	7.08e-23	1.90e-19	1.61e-16	5.41e-14	4.59e-12	2.21e-10	3.48e-09	3.79e-08	2.92e-07	2.21e-06	1.22e-05	6.59e-05	4.21e-04	2.94e-02	1.44e-01	3.23e-01	2.94e-01	1.50e-01	4.44e-02	1.04e-02	2.42e-03	1.42e-03	7.16e-05	1.33e-06
 2.27985e+22	0.00e+00	2.94e-32	4.53e-27	1.01e-22	2.64e-19	2.19e-16	7.23e-14	6.01e-12	2.83e-10	4.35e-09	4.62e-08	3.47e-07	2.56e-06	1.38e-05	7.27e-05	4.53e-04	3.10e-02	1.49e-01	3.27e-01	2.91e-01	1.45e-01	4.20e-02	9.64e-03	2.20e-03	1.27e-03	6.27e-05	1.13e-06
 2.29249e+22	0.00e+00	4.82e-32	7.19e-27	1.56e-22	3.97e-19	3.22e-16	1.03e-13	8.37e-12	3.83e-10	5.73e-09	5.90e-08	4.30e-07	3.08e-06	1.60e-05	8.20e-05	4.96e-04	3.31e-02	1.56e-01	3.33e-01	2.88e-01	1.39e-01	3.91e-02	8.76e-03	1.95e-03	1.11e-03	5.31e-05	9.34e-07
 2.30549e+22	0.00e+00	7.55e-32	1.10e-26	2.31e-22	5.75e-19	4.56e-16	1.43e-13	1.13e-11	5.05e-10	7.35e-09	7.37e-08	5.23e-07	3.64e-06	1.84e-05	9.14e-05	5.37e-04	3.50e-02	1.61e-01	3.37e-01	2.84e-01	1.34e-01	3.67e-02	8.02e-03	1.74e-03	9.78e-04	4.56e-05	7.82e-07
 2.31672e+22	0.00e+00	1.12e-31	1.59e-26	3.28e-22	7.99e-19	6.21e-16	1.91e-13	1.48e-11	6.45e-10	9.17e-09	8.98e-08	6.21e-07	4.22e-06	2.08e-05	1.01e-04	5.77e-04	3.68e-02	1.67e-01	3.41e-01	2.81e-01	1.29e-01	3.46e-02	7.41e-03	1.58e-03	8.74e-04	3.98e-05	6.67e-07
 2.32910e+22	0.00e+00	1.87e-31	2.56e-26	5.13e-22	1.21e-18	9.19e-16	2.75e-13	2.08e-11	8.80e-10	1.22e-08	1.15e-07	7.74e-07	5.08e-06	2.42e-05	1.14e-04	6.31e-04	3.92e-02	1.73e-01	3.46e-01	2.76e-01	1.23e-01	3.21e-02	6.69e-03	1.39e-03	7.56e-04	3.35e-05	5.44e-07
 2.34181e+22	0.00e+00	2.91e-31	3.88e-26	7.58e-22	1.75e-18	1.29e-15	3.79e-13	2.80e-11	1.16e-09	1.56e-08	1.44e-07	9.38e-07	5.99e-06	2.77e-05	1.26e-04	6.82e-04	4.14e-02	1.79e-01	3.50e-01	2.72e-01	1.18e-01	3.00e-02	6.11e-03	1.24e-03	6.66e-04	2.87e-05	4.55e-07
 2.35233e+22	0.00e+00	4.19e-31	5.46e-26	1.04e-21	2.36e-18	1.71e-15	4.93e-13	3.57e-11	1.44e-09	1.90e-08	1.72e-07	1.10e-06	6.85e-06	3.10e-05	1.38e-04	7.27e-04	4.33e-02	1.84e-01	3.53e-01	2.69e-01	1.14e-01	2.84e-02	5.66e-03	1.13e-03	5.99e-04	2.53e-05	3.92e-07
 2.36341e+22	0.00e+00	6.69e-31	8.45e-26	1.57e-21	3.46e-18	2.46e-15	6.91e-13	4.89e-11	1.92e-09	2.47e-08	2.17e-07	1.34e-06	8.13e-06	3.57e-05	1.54e-04	7.89e-04	4.58e-02	1.90e-01	3.57e-01	2.64e-01	1.09e-01	2.64e-02	5.14e-03	9.98e-04	5.23e-04	2.14e-05	3.23e-07
 2.37475e+22	0.00e+00	9.93e-31	1.22e-25	2.22e-21	4.78e-18	3.33e-15	9.18e-13	6.37e-11	2.45e-09	3.07e-08	2.64e-07	1.59e-06	9.41e-06	4.03e-05	1.69e-04	8.45e-04	4.80e-02	1.96e-01	3.60e-01	2.60e-01	1.04e-01	2.47e-02	4.72e-03	9.00e-04	4.65e-04	1.86e-05	2.75e-07
 2.38482e+22	0.00e+00	1.46e-30	1.75e-25	3.11e-21	6.56e-18	4.48e-15	1.21e-12	8.25e-11	3.10e-09	3.81e-08	3.19e-07	1.88e-06	1.08e-05	4.53e-05	1.85e-04	9.03e-04	5.02e-02	2.01e-01	3.63e-01	2.56e-01	1.00e-01	2.33e-02	4.35e-03	8.12e-04	4.15e-04	1.62e-05	2.34e-07
 2.39632e+22	0.00e+00	2.40e-30	2.79e-25	4.80e-21	9.83e-18	6.56e-15	1.73e-12	1.15e-10	4.20e-09	5.01e-08	4.07e-07	2.33e-06	1.30e-05	5.26e-05	2.08e-04	9.83e-04	5.32e-02	2.08e-01	3.66e-01	2.51e-01	9.51e-02	2.14e-02	3.91e-03	7.11e-04	3.58e-04	1.36e-05	1.90e-07
 2.40794e+22	0.00e+00	3.60e-30	4.08e-25	6.85e-21	1.37e-17	8.97e-15	2.32e-12	1.51e-10	5.39e-09	6.28e-08	4.98e-07	2.78e-06	1.51e-05	5.95e-05	2.29e-04	1.05e-03	5.57e-02	2.13e-01	3.68e-01	2.46e-01	9.10e-02	2.00e-02	3.58e-03	6.37e-04	3.16e-04	1.17e-05	1.60e-07
 2.41815e+22	0.00e+00	5.37e-30	5.91e-25	9.71e-21	1.90e-17	1.22e-14	3.09e-12	1.97e-10	6.89e-09	7.85e-08	6.07e-07	3.31e-06	1.75e-05	6.71e-05	2.52e-04	1.13e-03	5.83e-02	2.19e-01	3.70e-01	2.42e-01	8.70e-02	1.87e-02	3.27e-03	5.71e-04	2.80e-04	1.01e-05	1.35e-07
 2.42985e+22	0.00e+00	9.13e-30	9.70e-25	1.54e-20	2.92e-17	1.83e-14	4.52e-12	2.82e-10	9.54e-09	1.05e-07	7.90e-07	4.16e-06	2.13e-05	7.88e-05	2.85e-04	1.23e-03	6.18e-02	2.26e-01	3.72e-01	2.35e-01	8.19e-02	1.71e-02	2.91e-03	4.93e-04	2.38e-04	8.31e-06	0.00e+00
 2.44136e+22	0.00e+00	1.33e-29	1.38e-24	2.14e-20	3.97e-17	2.44e-14	5.93e-12	3.63e-10	1.20e-08	1.30e-07	9.53e-07	4.91e-06	2.44e-05	8.83e-05	3.12e-04	1.32e-03	6.44e-02	2.31e-01	3.74e-01	2.31e-01	7.83e-02	1.60e-02	2.67e-03	4.44e-04	2.11e-04	7.21e-06	0.00e+00
 2.45261e+22	0.00e+00	2.24e-29	2.24e-24	3.37e-20	6.06e-17	3.63e-14	8.62e-12	5.15e-10	1.66e-08	1.74e-07	1.24e-06	6.16e-06	2.96e-05	1.03e-04	3.52e-04	1.44e-03	6.82e-02	2.38e-01	3.76e-01	2.25e-01	7.36e-02	1.46e-02	2.36e-03	3.83e-04	1.79e-04	5.92e-06	0.00e+00
 2.46386e+22	0.00e+00	3.27e-29	3.18e-24	4.67e-20	8.22e-17	4.84e-14	1.13e-11	6.63e-10	2.09e-08	2.15e-07	1.49e-06	7.25e-06	3.40e-05	1.16e-04	3.85e-04	1.53e-03	7.10e-02	2.44e-01	3.77e-01	2.20e-01	7.02e-02	1.36e-02	2.17e-03	3.44e-04	1.59e-04	5.13e-06	0.00e+00
 2.47508e+22	0.00e+00	5.53e-29	5.19e-24	7.37e-20	1.26e-16	7.22e-14	1.65e-11	9.45e-10	2.89e-08	2.89e-07	1.94e-06	9.13e-06	4.14e-05	1.36e-04	4.35e-04	1.67e-03	7.50e-02	2.51e-01	3.78e-01	2.13e-01	6.57e-02	1.24e-02	1.91e-03	2.95e-04	1.34e-04	4.18e-06	0.00e+00
 2.48631e+22	0.00e+00	8.11e-29	7.41e-24	1.03e-19	1.71e-16	9.66e-14	2.17e-11	1.22e-09	3.66e-08	3.58e-07	2.35e-06	1.08e-05	4.77e-05	1.53e-04	4.76e-04	1.78e-03	7.81e-02	2.56e-01	3.78e-01	2.08e-01	6.26e-02	1.15e-02	1.74e-03	2.64e-04	1.18e-04	3.60e-06	0.00e+00
 2.49753e+22	0.00e+00	1.37e-28	1.21e-23	1.62e-19	2.62e-16	1.44e-13	3.16e-11	1.74e-09	5.07e-08	4.82e-07	3.06e-06	1.36e-05	5.81e-05	1.79e-04	5.39e-04	1.95e-03	8.25e-02	2.64e-01	3.79e-01	2.02e-01	5.83e-02	1.04e-02	1.53e-03	2.26e-04	9.94e-05	2.92e-06	0.00e+00
 2.50861e+22	0.00e+00	1.99e-28	1.70e-23	2.23e-19	3.52e-16	1.91e-13	4.12e-11	2.24e-09	6.38e-08	5.94e-07	3.69e-06	1.60e-05	6.67e-05	2.01e-04	5.88e-04	2.07e-03	8.57e-02	2.69e-01	3.79e-01	1.97e-01	5.55e-02	9.69e-03	1.40e-03	2.02e-04	8.79e-05	2.52e-06	0.00e+00
 2.51951e+22	0.00e+00	3.28e-28	2.71e-23	3.44e-19	5.27e-16	2.79e-13	5.91e-11	3.15e-09	8.72e-08	7.91e-07	4.76e-06	2.00e-05	8.05e-05	2.34e-04	6.62e-04	2.25e-03	9.02e-02	2.75e-01	3.79e-01	1.90e-01	5.18e-02	8.77e-03	1.23e-03	1.73e-04	7.40e-05	2.05e-06	0.00e+00
 2.53025e+22	0.00e+00	4.74e-28	3.81e-23	4.71e-19	7.08e-16	3.68e-13	7.69e-11	4.04e-09	1.10e-07	9.75e-07	5.74e-06	2.36e-05	9.25e-05	2.63e-04	7.22e-04	2.40e-03	9.37e-02	2.80e-01	3.78e-01	1.85e-01	4.91e-02	8.14e-03	1.12e-03	1.55e-04	6.52e-05	1.76e-06	0.00e+00
 2.54079e+22	0.00e+00	7.67e-28	5.94e-23	7.13e-19	1.04e-15	5.29e-13	1.09e-10	5.60e-09	1.48e-07	1.28e-06	7.35e-06	2.93e-05	1.11e-04	3.05e-04	8.09e-04	2.60e-03	9.83e-02	2.87e-01	3.78e-01	1.79e-01	4.58e-02	7.37e-03	9.89e-04	1.33e-04	5.51e-05	1.44e-06	0.00e+00
 2.55150e+22	0.00e+00	1.12e-27	8.45e-23	9.88e-19	1.41e-15	7.05e-13	1.43e-10	7.27e-09	1.89e-07	1.60e-06	8.94e-06	3.48e-05	1.28e-04	3.43e-04	8.86e-04	2.78e-03	1.02e-01	2.92e-01	3.77e-01	1.74e-01	4.32e-02	6.80e-03	8.94e-04	1.17e-04	4.81e-05	1.22e-06	0.00e+00
 2.56245e+22	0.00e+00	1.84e-27	1.33e-22	1.51e-18	2.09e-15	1.02e-12	2.04e-10	1.02e-08	2.58e-07	2.13e-06	1.16e-05	4.35e-05	1.55e-04	4.01e-04	9.98e-04	3.02e-03	1.07e-01	2.99e-01	3.75e-01	1.67e-01	4.01e-02	6.11e-03	7.82e-04	1.00e-04	4.02e-05	9.87e-07	0.00e+00
 2.57360e+22	0.00e+00	2.72e-27	1.91e-22	2.11e-18	2.84e-15	1.37e-12	2.70e-10	1.33e-08	3.30e-07	2.68e-06	1.42e-05	5.20e-05	1.80e-04	4.53e-04	1.10e-03	3.23e-03	1.12e-01	3.04e-01	3.74e-01	1.62e-01	3.77e-02	5.61e-03	7.02e-04	8.78e-05	3.48e-05	8.30e-07	0.00e+00
 2.58499e+22	0.00e+00	4.50e-27	3.04e-22	3.24e-18	4.24e-15	2.01e-12	3.89e-10	1.89e-08	4.56e-07	3.60e-06	1.85e-05	6.57e-05	2.20e-04	5.32e-04	1.24e-03	3.53e-03	1.17e-01	3.10e-01	3.71e-01	1.55e-01	3.47e-02	5.00e-03	6.09e-04	7.40e-05	2.87e-05	6.61e-07	0.00e+00
 2.59642e+22	0.00e+00	6.60e-27	4.32e-22	4.48e-18	5.74e-15	2.67e-12	5.12e-10	2.47e-08	5.83e-07	4.51e-06	2.26e-05	7.84e-05	2.55e-04	6.02e-04	1.36e-03	3.77e-03	1.22e-01	3.15e-01	3.69e-01	1.50e-01	3.25e-02	4.58e-03	5.45e-04	6.48e-05	2.48e-05	5.54e-07	0.00e+00
 2.60790e+22	0.00e+00	1.08e-26	6.81e-22	6.82e-18	8.47e-15	3.87e-12	7.33e-10	3.49e-08	8.04e-07	6.06e-06	2.95e-05	9.89e-05	3.11e-04	7.06e-04	1.54e-03	4.11e-03	1.28e-01	3.21e-01	3.66e-01	1.43e-01	2.98e-02	4.07e-03	4.71e-04	5.44e-05	2.04e-05	4.39e-07	0.00e+00
 2.61914e+22	0.00e+00	1.54e-26	9.40e-22	9.19e-18	1.12e-14	5.04e-12	9.47e-10	4.46e-08	1.01e-06	7.49e-06	3.56e-05	1.17e-04	3.57e-04	7.92e-04	1.68e-03	4.38e-03	1.32e-01	3.26e-01	3.64e-01	1.38e-01	2.80e-02	3.73e-03	4.23e-04	4.79e-05	1.77e-05	3.71e-07	0.00e+00
 2.63008e+22	0.00e+00	2.43e-26	1.43e-21	1.35e-17	1.60e-14	7.10e-12	1.32e-09	6.17e-08	1.37e-06	9.89e-06	4.57e-05	1.45e-04	4.30e-04	9.21e-04	1.89e-03	4.76e-03	1.39e-01	3.31e-01	3.60e-01	1.32e-01	2.57e-02	3.32e-03	3.67e-04	4.05e-05	1.47e-05	2.96e-07	0.00e+00
 2.64103e+22	0.00e+00	3.40e-26	1.94e-21	1.80e-17	2.08e-14	9.13e-12	1.69e-09	7.83e-08	1.70e-06	1.21e-05	5.49e-05	1.71e-04	4.93e-04	1.03e-03	2.05e-03	5.05e-03	1.43e-01	3.35e-01	3.57e-01	1.28e-01	2.41e-02	3.05e-03	3.30e-04	3.57e-05	1.28e-05	2.50e-07	0.00e+00
 2.65199e+22	0.00e+00	5.25e-26	2.89e-21	2.59e-17	2.93e-14	1.27e-11	2.33e-09	1.07e-07	2.28e-06	1.59e-05	6.99e-05	2.11e-04	5.89e-04	1.19e-03	2.30e-03	5.48e-03	1.50e-01	3.41e-01	3.53e-01	1.22e-01	2.21e-02	2.71e-03	2.87e-04	3.02e-05	1.06e-05	2.00e-07	0.00e+00
 2.66315e+22	0.00e+00	7.36e-26	3.94e-21	3.44e-17	3.82e-14	1.63e-11	2.98e-09	1.36e-07	2.86e-06	1.96e-05	8.44e-05	2.49e-04	6.77e-04	1.33e-03	2.51e-03	5.83e-03	1.55e-01	3.44e-01	3.50e-01	1.17e-01	2.07e-02	2.47e-03	2.56e-04	2.64e-05	9.14e-06	1.68e-07	0.00e+00
 2.67458e+22	0.00e+00	1.13e-25	5.83e-21	4.95e-17	5.34e-14	2.25e-11	4.10e-09	1.87e-07	3.83e-06	2.57e-05	1.08e-04	3.08e-04	8.11e-04	1.55e-03	2.81e-03	6.33e-03	1.62e-01	3.49e-01	3.45e-01	1.11e-01	1.89e-02	2.19e-03	2.21e-04	2.22e-05	7.53e-06	1.33e-07	0.00e+00
 2.68621e+22	0.00e+00	1.58e-25	7.89e-21	6.53e-17	6.92e-14	2.89e-11	5.24e-09	2.37e-07	4.79e-06	3.16e-05	1.30e-04	3.63e-04	9.31e-04	1.73e-03	3.06e-03	6.74e-03	1.67e-01	3.53e-01	3.41e-01	1.07e-01	1.76e-02	1.99e-03	1.97e-04	1.94e-05	6.48e-06	0.00e+00	0.00e+00
 2.69809e+22	0.00e+00	2.40e-25	1.16e-20	9.29e-17	9.61e-14	3.96e-11	7.18e-09	3.24e-07	6.40e-06	4.14e-05	1.65e-04	4.49e-04	1.11e-03	2.00e-03	3.42e-03	7.31e-03	1.74e-01	3.57e-01	3.35e-01	1.01e-01	1.60e-02	1.76e-03	1.69e-04	1.62e-05	5.32e-06	0.00e+00	0.00e+00
 2.71031e+22	0.00e+00	3.35e-25	1.57e-20	1.23e-16	1.25e-13	5.10e-11	9.23e-09	4.15e-07	8.07e-06	5.13e-05	2.01e-04	5.31e-04	1.28e-03	2.25e-03	3.74e-03	7.80e-03	1.81e-01	3.60e-01	3.30e-01	9.67e-02	1.48e-02	1.59e-03	1.50e-04	1.41e-05	4.53e-06	0.00e+00	0.00e+00
 2.72290e+22	0.00e+00	5.10e-25	2.30e-20	1.75e-16	1.73e-13	6.99e-11	1.27e-08	5.68e-07	1.08e-05	6.73e-05	2.56e-04	6.58e-04	1.54e-03	2.61e-03	4.19e-03	8.47e-03	1.89e-01	3.64e-01	3.24e-01	9.11e-02	1.34e-02	1.39e-03	1.28e-04	1.17e-05	3.69e-06	0.00e+00	0.00e+00
 2.73525e+22	0.00e+00	6.89e-25	3.02e-20	2.25e-16	2.19e-13	8.78e-11	1.59e-08	7.11e-07	1.34e-05	8.19e-05	3.05e-04	7.68e-04	1.75e-03	2.90e-03	4.54e-03	8.98e-03	1.94e-01	3.67e-01	3.19e-01	8.72e-02	1.24e-02	1.27e-03	1.14e-04	1.02e-05	3.18e-06	0.00e+00	0.00e+00
 2.74734e+22	0.00e+00	1.01e-24	4.28e-20	3.10e-16	2.95e-13	1.17e-10	2.13e-08	9.52e-07	1.75e-05	1.06e-04	3.83e-04	9.37e-04	2.07e-03	3.32e-03	5.05e-03	9.70e-03	2.02e-01	3.70e-01	3.12e-01	8.23e-02	1.13e-02	1.11e-03	9.79e-05	8.57e-06	2.61e-06	0.00e+00	0.00e+00
 2.75972e+22	0.00e+00	1.36e-24	5.63e-20	3.99e-16	3.74e-13	1.47e-10	2.68e-08	1.20e-06	2.17e-05	1.29e-04	4.57e-04	1.09e-03	2.35e-03	3.69e-03	5.47e-03	1.03e-02	2.09e-01	3.72e-01	3.06e-01	7.85e-02	1.04e-02	1.01e-03	8.69e-05	7.46e-06	2.24e-06	0.00e+00	0.00e+00
 2.77249e+22	0.00e+00	2.00e-24	7.97e-20	5.49e-16	5.04e-13	1.97e-10	3.60e-08	1.61e-06	2.86e-05	1.66e-04	5.77e-04	1.34e-03	2.79e-03	4.24e-03	6.09e-03	1.11e-02	2.17e-01	3.74e-01	2.99e-01	7.37e-02	9.41e-03	8.81e-04	7.40e-05	6.20e-06	1.82e-06	0.00e+00	0.00e+00
 2.78557e+22	0.00e+00	2.70e-24	1.05e-19	7.06e-16	6.38e-13	2.48e-10	4.53e-08	2.02e-06	3.54e-05	2.03e-04	6.88e-04	1.56e-03	3.17e-03	4.71e-03	6.59e-03	1.18e-02	2.24e-01	3.75e-01	2.93e-01	7.01e-02	8.69e-03	7.95e-04	6.55e-05	5.38e-06	1.55e-06	0.00e+00	0.00e+00
 2.79906e+22	0.00e+00	3.97e-24	1.48e-19	9.72e-16	8.61e-13	3.32e-10	6.10e-08	2.72e-06	4.68e-05	2.63e-04	8.68e-04	1.91e-03	3.76e-03	5.40e-03	7.33e-03	1.28e-02	2.32e-01	3.77e-01	2.84e-01	6.55e-02	7.79e-03	6.91e-04	5.54e-05	4.44e-06	1.26e-06	0.00e+00	0.00e+00
 2.81250e+22	0.00e+00	5.27e-24	1.92e-19	1.23e-15	1.08e-12	4.13e-10	7.59e-08	3.39e-06	5.74e-05	3.17e-04	1.03e-03	2.21e-03	4.25e-03	5.97e-03	7.91e-03	1.35e-02	2.39e-01	3.78e-01	2.78e-01	6.22e-02	7.19e-03	6.23e-04	4.91e-05	3.86e-06	1.08e-06	0.00e+00	0.00e+00
 2.82589e+22	0.00e+00	7.57e-24	2.67e-19	1.67e-15	1.43e-12	5.46e-10	1.01e-07	4.52e-06	7.50e-05	4.07e-04	1.28e-03	2.68e-03	4.99e-03	6.80e-03	8.74e-03	1.46e-02	2.48e-01	3.78e-01	2.69e-01	5.80e-02	6.44e-03	5.42e-04	4.16e-05	3.20e-06	8.72e-07	0.00e+00	0.00e+00
 2.83952e+22	0.00e+00	1.00e-23	3.45e-19	2.12e-15	1.79e-12	6.78e-10	1.26e-07	5.63e-06	9.20e-05	4.92e-04	1.52e-03	3.11e-03	5.63e-03	7.50e-03	9.43e-03	1.54e-02	2.54e-01	3.78e-01	2.63e-01	5.50e-02	5.93e-03	4.87e-04	3.67e-05	2.77e-06	7.43e-07	0.00e+00	0.00e+00
 2.85347e+22	0.00e+00	1.44e-23	4.79e-19	2.86e-15	2.37e-12	8.96e-10	1.68e-07	7.50e-06	1.20e-04	6.30e-04	1.89e-03	3.76e-03	6.60e-03	8.53e-03	1.04e-02	1.66e-02	2.63e-01	3.78e-01	2.54e-01	5.11e-02	5.29e-03	4.22e-04	3.10e-05	2.28e-06	6.00e-07	0.00e+00	0.00e+00
 2.86773e+22	0.00e+00	1.92e-23	6.21e-19	3.64e-15	2.98e-12	1.12e-09	2.10e-07	9.39e-06	1.48e-04	7.64e-04	2.25e-03	4.36e-03	7.47e-03	9.42e-03	1.12e-02	1.75e-02	2.70e-01	3.77e-01	2.46e-01	4.81e-02	4.83e-03	3.77e-04	2.72e-05	1.96e-06	5.07e-07	0.00e+00	0.00e+00
 2.88009e+22	0.00e+00	2.50e-23	7.89e-19	4.54e-15	3.66e-12	1.37e-09	2.59e-07	1.16e-05	1.80e-04	9.15e-04	2.64e-03	5.01e-03	8.37e-03	1.03e-02	1.20e-02	1.84e-02	2.77e-01	3.76e-01	2.39e-01	4.55e-02	4.44e-03	3.38e-04	2.39e-05	1.70e-06	4.32e-07	0.00e+00	0.00e+00
 2.89387e+22	2.29e-35	3.50e-23	1.07e-18	6.02e-15	4.78e-12	1.78e-09	3.38e-07	1.52e-05	2.31e-04	1.15e-03	3.24e-03	5.98e-03	9.69e-03	1.16e-02	1.31e-02	1.97e-02	2.85e-01	3.74e-01	2.30e-01	4.21e-02	3.96e-03	2.93e-04	2.03e-05	1.41e-06	3.51e-07	0.00e+00	0.00e+00
 2.90764e+22	3.07e-35	4.51e-23	1.35e-18	7.45e-15	5.85e-12	2.17e-09	4.14e-07	1.86e-05	2.79e-04	1.37e-03	3.78e-03	6.81e-03	1.08e-02	1.27e-02	1.40e-02	2.07e-02	2.91e-01	3.72e-01	2.23e-01	3.98e-02	3.63e-03	2.64e-04	1.79e-05	1.22e-06	3.00e-07	0.00e+00	0.00e+00
 2.92138e+22	4.47e-35	6.23e-23	1.81e-18	9.77e-15	7.55e-12	2.79e-09	5.38e-07	2.42e-05	3.56e-04	1.72e-03	4.62e-03	8.08e-03	1.24e-02	1.42e-02	1.53e-02	2.20e-02	2.99e-01	3.68e-01	2.14e-01	3.67e-02	3.23e-03	2.28e-04	1.51e-05	1.01e-06	2.43e-07	0.00e+00	0.00e+00
 2.93528e+22	5.98e-35	8.03e-23	2.28e-18	1.21e-14	9.24e-12	3.39e-09	6.57e-07	2.95e-05	4.27e-04	2.03e-03	5.35e-03	9.16e-03	1.38e-02	1.54e-02	1.62e-02	2.30e-02	3.04e-01	3.65e-01	2.07e-01	3.46e-02	2.97e-03	2.05e-04	1.34e-05	8.77e-07	2.08e-07	0.00e+00	0.00e+00
 2.94937e+22	8.67e-35	1.11e-22	3.04e-18	1.58e-14	1.19e-11	4.36e-09	8.52e-07	3.82e-05	5.43e-04	2.53e-03	6.50e-03	1.08e-02	1.58e-02	1.71e-02	1.76e-02	2.44e-02	3.11e-01	3.61e-01	1.98e-01	3.19e-02	2.63e-03	1.77e-04	1.13e-05	7.23e-07	1.68e-07	0.00e+00	0.00e+00
 2.96377e+22	1.17e-34	1.43e-22	3.85e-18	1.97e-14	1.46e-11	5.33e-09	1.05e-06	4.69e-05	6.55e-04	3.01e-03	7.56e-03	1.23e-02	1.75e-02	1.86e-02	1.87e-02	2.55e-02	3.16e-01	3.57e-01	1.91e-01	2.98e-02	2.40e-03	1.58e-04	9.86e-06	6.22e-07	1.42e-07	0.00e+00	0.00e+00
 2.97644e+22	1.55e-34	1.83e-22	4.81e-18	2.42e-14	1.78e-11	6.46e-09	1.27e-06	5.71e-05	7.85e-04	3.55e-03	8.74e-03	1.39e-02	1.93e-02	2.01e-02	1.98e-02	2.66e-02	3.21e-01	3.52e-01	1.83e-01	2.79e-02	2.18e-03	1.40e-04	8.64e-06	5.36e-07	0.00e+00	0.00e+00	0.00e+00
 2.99081e+22	2.22e-34	2.49e-22	6.38e-18	3.14e-14	2.28e-11	8.26e-09	1.64e-06	7.37e-05	9.92e-04	4.40e-03	1.06e-02	1.63e-02	2.20e-02	2.22e-02	2.13e-02	2.81e-02	3.27e-01	3.46e-01	1.74e-01	2.55e-02	1.92e-03	1.21e-04	7.24e-06	4.40e-07	0.00e+00	0.00e+00	0.00e+00
 3.00508e+22	2.92e-34	3.16e-22	7.91e-18	3.83e-14	2.75e-11	9.94e-09	1.98e-06	8.87e-05	1.17e-03	5.13e-03	1.21e-02	1.83e-02	2.41e-02	2.38e-02	2.24e-02	2.91e-02	3.30e-01	3.41e-01	1.67e-01	2.39e-02	1.76e-03	1.08e-04	6.38e-06	3.81e-07	0.00e+00	0.00e+00	0.00e+00
 3.01924e+22	4.12e-34	4.26e-22	1.04e-17	4.93e-14	3.50e-11	1.26e-08	2.53e-06	1.13e-04	1.47e-03	6.28e-03	1.44e-02	2.12e-02	2.71e-02	2.61e-02	2.40e-02	3.05e-02	3.34e-01	3.33e-01	1.58e-01	2.18e-02	1.55e-03	9.27e-05	5.36e-06	3.14e-07	0.00e+00	0.00e+00	0.00e+00
 3.03367e+22	5.43e-34	5.42e-22	1.29e-17	6.04e-14	4.24e-11	1.52e-08	3.07e-06	1.37e-04	1.74e-03	7.34e-03	1.65e-02	2.37e-02	2.96e-02	2.80e-02	2.52e-02	3.16e-02	3.37e-01	3.27e-01	1.51e-01	2.03e-02	1.40e-03	8.24e-05	4.68e-06	2.70e-07	0.00e+00	0.00e+00	0.00e+00
 3.04846e+22	7.69e-34	7.33e-22	1.70e-17	7.80e-14	5.41e-11	1.93e-08	3.92e-06	1.74e-04	2.17e-03	8.98e-03	1.96e-02	2.74e-02	3.32e-02	3.05e-02	2.68e-02	3.30e-02	3.39e-01	3.17e-01	1.42e-01	1.84e-02	1.23e-03	7.02e-05	3.90e-06	2.20e-07	0.00e+00	0.00e+00	0.00e+00
 3.06354e+22	1.02e-33	9.37e-22	2.13e-17	9.59e-14	6.58e-11	2.34e-08	4.77e-06	2.11e-04	2.58e-03	1.05e-02	2.24e-02	3.06e-02	3.62e-02	3.26e-02	2.80e-02	3.40e-02	3.40e-01	3.10e-01	1.35e-01	1.70e-02	1.11e-03	6.19e-05	3.38e-06	1.88e-07	0.00e+00	0.00e+00	0.00e+00
 3.07897e+22	1.45e-33	1.27e-21	2.81e-17	1.24e-13	8.42e-11	2.98e-08	6.11e-06	2.70e-04	3.22e-03	1.28e-02	2.67e-02	3.52e-02	4.05e-02	3.54e-02	2.96e-02	3.52e-02	3.40e-01	2.99e-01	1.26e-01	1.53e-02	9.58e-04	5.22e-05	2.79e-06	1.51e-07	0.00e+00	0.00e+00	0.00e+00
 3.09472e+22	1.93e-33	1.63e-21	3.53e-17	1.54e-13	1.03e-10	3.62e-08	7.44e-06	3.27e-04	3.83e-03	1.49e-02	3.04e-02	3.92e-02	4.40e-02	3.76e-02	3.08e-02	3.61e-02	3.40e-01	2.90e-01	1.19e-01	1.40e-02	8.55e-04	4.57e-05	2.40e-06	1.28e-07	0.00e+00	0.00e+00	0.00e+00
 3.11088e+22	2.76e-33	2.24e-21	4.71e-17	2.00e-13	1.32e-10	4.63e-08	9.55e-06	4.17e-04	4.76e-03	1.82e-02	3.59e-02	4.49e-02	4.88e-02	4.05e-02	3.23e-02	3.72e-02	3.37e-01	2.77e-01	1.09e-01	1.25e-02	7.35e-04	3.82e-05	1.96e-06	1.02e-07	0.00e+00	0.00e+00	0.00e+00
 3.12749e+22	3.71e-33	2.89e-21	5.94e-17	2.49e-13	1.63e-10	5.65e-08	1.17e-05	5.07e-04	5.68e-03	2.12e-02	4.10e-02	4.99e-02	5.29e-02	4.29e-02	3.35e-02	3.80e-02	3.34e-01	2.66e-01	1.02e-01	1.13e-02	6.47e-04	3.30e-05	1.66e-06	0.00e+00	0.00e+00	0.00e+00	0.00e+00
 3.14470e+22	5.38e-33	4.00e-21	7.99e-17	3.27e-13	2.11e-10	7.27e-08	1.51e-05	6.48e-04	7.06e-03	2.58e-02	4.82e-02	5.69e-02	5.82e-02	4.59e-02	3.49e-02	3.87e-02	3.28e-01	2.52e-01	9.31e-02	9.91e-03	5.48e-04	2.71e-05	1.33e-06	0.00e+00	0.00e+00	0.00e+00	0.00e+00
 3.16142e+22	7.06e-33	5.08e-21	9.92e-17	4.00e-13	2.55e-10	8.72e-08	1.81e-05	7.70e-04	8.23e-03	2.95e-02	5.40e-02	6.21e-02	6.22e-02	4.79e-02	3.57e-02	3.91e-02	3.23e-01	2.41e-01	8.68e-02	9.00e-03	4.85e-04	2.36e-05	1.14e-06	0.00e+00	0.00e+00	0.00e+00	0.00e+00
 3.17750e+22	9.87e-33	6.78e-21	1.29e-16	5.11e-13	3.21e-10	1.09e-07	2.27e-05	9.62e-04	1.00e-02	3.50e-02	6.23e-02	6.95e-02	6.74e-02	5.05e-02	3.67e-02	3.95e-02	3.15e-01	2.26e-01	7.86e-02	7.86e-03	4.10e-04	1.94e-05	9.18e-07	0.00e+00	0.00e+00	0.00e+00	0.00e+00
 3.19390e+22	1.30e-32	8.61e-21	1.60e-16	6.25e-13	3.88e-10	1.31e-07	2.72e-05	1.14e-03	1.16e-02	3.99e-02	6.94e-02	7.55e-02	7.15e-02	5.24e-02	3.73e-02	3.96e-02	3.07e-01	2.15e-01	7.26e-02	7.06e-03	3.59e-04	1.67e-05	7.75e-07	0.00e+00	0.00e+00	0.00e+00	0.00e+00
 3.21070e+22	1.81e-32	1.15e-20	2.09e-16	7.99e-13	4.89e-10	1.64e-07	3.39e-05	1.40e-03	1.39e-02	4.67e-02	7.88e-02	8.32e-02	7.64e-02	5.45e-02	3.79e-02	3.95e-02	2.96e-01	2.00e-01	6.53e-02	6.14e-03	3.03e-04	1.37e-05	6.24e-07	0.00e+00	0.00e+00	0.00e+00	0.00e+00
 3.22845e+22	2.45e-32	1.50e-20	2.65e-16	9.95e-13	6.01e-10	2.00e-07	4.13e-05	1.69e-03	1.64e-02	5.37e-02	8.82e-02	9.05e-02	8.08e-02	5.63e-02	3.82e-02	3.91e-02	2.85e-01	1.86e-01	5.89e-02	5.36e-03	2.57e-04	1.14e-05	5.08e-07	0.00e+00	0.00e+00	0.00e+00	0.00e+00
 3.24474e+22	3.25e-32	1.91e-20	3.31e-16	1.22e-12	7.29e-10	2.40e-07	4.95e-05	2.00e-03	1.90e-02	6.08e-02	9.75e-02	9.73e-02	8.47e-02	5.76e-02	3.83e-02	3.86e-02	2.73e-01	1.73e-01	5.32e-02	4.70e-03	2.19e-04	9.52e-06	4.17e-07	0.00e+00	0.00e+00	0.00e+00	0.00e+00
 3.26323e+22	4.62e-32	2.59e-20	4.37e-16	1.57e-12	9.25e-10	3.01e-07	6.17e-05	2.46e-03	2.26e-02	7.06e-02	1.10e-01	1.06e-01	8.92e-02	5.89e-02	3.81e-02	3.77e-02	2.57e-01	1.57e-01	4.65e-02	3.96e-03	1.79e-04	7.57e-06	3.24e-07	0.00e+00	0.00e+00	0.00e+00	0.00e+00
 3.28282e+22	6.35e-32	3.40e-20	5.58e-16	1.97e-12	1.14e-09	3.68e-07	7.53e-05	2.96e-03	2.65e-02	8.05e-02	1.21e-01	1.14e-01	9.29e-02	5.97e-02	3.77e-02	3.67e-02	2.42e-01	1.42e-01	4.07e-02	3.35e-03	1.47e-04	6.07e-06	2.54e-07	0.00e+00	0.00e+00	0.00e+00	0.00e+00
 3.30097e+22	8.53e-32	4.39e-20	7.03e-16	2.44e-12	1.39e-09	4.44e-07	9.03e-05	3.51e-03	3.05e-02	9.05e-02	1.33e-01	1.21e-01	9.59e-02	6.00e-02	3.70e-02	3.54e-02	2.26e-01	1.29e-01	3.57e-02	2.85e-03	1.21e-04	4.90e-06	2.01e-07	0.00e+00	0.00e+00	0.00e+00	0.00e+00
 3.31867e+22	1.14e-31	5.62e-20	8.78e-16	2.99e-12	1.69e-09	5.30e-07	1.07e-04	4.09e-03	3.47e-02	1.01e-01	1.44e-01	1.27e-01	9.82e-02	6.00e-02	3.62e-02	3.41e-02	2.11e-01	1.16e-01	3.14e-02	2.42e-03	1.00e-04	3.98e-06	1.60e-07	0.00e+00	0.00e+00	0.00e+00	0.00e+00
 3.33865e+22	1.61e-31	7.57e-20	1.15e-15	3.83e-12	2.12e-09	6.58e-07	1.32e-04	4.96e-03	4.07e-02	1.14e-01	1.58e-01	1.34e-01	1.00e-01	5.94e-02	3.48e-02	3.21e-02	1.92e-01	1.01e-01	2.62e-02	1.95e-03	7.80e-05	3.00e-06	1.18e-07	0.00e+00	0.00e+00	0.00e+00	0.00e+00
 3.35873e+22	2.13e-31	9.61e-20	1.42e-15	4.65e-12	2.54e-09	7.79e-07	1.55e-04	5.74e-03	4.58e-02	1.26e-01	1.68e-01	1.39e-01	1.01e-01	5.85e-02	3.36e-02	3.05e-02	1.76e-01	9.03e-02	2.26e-02	1.63e-03	6.36e-05	2.39e-06	0.00e+00	0.00e+00	0.00e+00	0.00e+00	0.00e+00
 3.37894e+22	2.98e-31	1.28e-19	1.84e-15	5.87e-12	3.16e-09	9.55e-07	1.89e-04	6.85e-03	5.28e-02	1.41e-01	1.82e-01	1.45e-01	1.02e-01	5.69e-02	3.17e-02	2.82e-02	1.57e-01	7.71e-02	1.86e-02	1.29e-03	4.84e-05	1.77e-06	0.00e+00	0.00e+00	0.00e+00	0.00e+00	0.00e+00
 3.39937e+22	3.91e-31	1.61e-19	2.26e-15	7.09e-12	3.75e-09	1.12e-06	2.20e-04	7.83e-03	5.88e-02	1.53e-01	1.92e-01	1.49e-01	1.01e-01	5.53e-02	3.01e-02	2.64e-02	1.42e-01	6.76e-02	1.58e-02	1.06e-03	3.88e-05	1.39e-06	0.00e+00	0.00e+00	0.00e+00	0.00e+00	0.00e+00
 3.42009e+22	5.42e-31	2.12e-19	2.89e-15	8.86e-12	4.61e-09	1.36e-06	2.64e-04	9.23e-03	6.69e-02	1.68e-01	2.04e-01	1.52e-01	1.00e-01	5.28e-02	2.80e-02	2.40e-02	1.25e-01	5.67e-02	1.27e-02	8.17e-04	2.90e-05	1.01e-06	0.00e+00	0.00e+00	0.00e+00	0.00e+00	0.00e+00
 3.44107e+22	7.06e-31	2.65e-19	3.53e-15	1.06e-11	5.45e-09	1.59e-06	3.05e-04	1.05e-02	7.37e-02	1.81e-01	2.13e-01	1.54e-01	9.83e-02	5.06e-02	2.62e-02	2.21e-02	1.11e-01	4.89e-02	1.06e-02	6.61e-04	2.28e-05	7.78e-07	0.00e+00	0.00e+00	0.00e+00	0.00e+00	0.00e+00
 3.46241e+22	9.69e-31	3.46e-19	4.46e-15	1.31e-11	6.65e-09	1.91e-06	3.64e-04	1.22e-02	8.30e-02	1.97e-01	2.23e-01	1.55e-01	9.53e-02	4.74e-02	2.38e-02	1.98e-02	9.52e-02	4.00e-02	8.32e-03	4.97e-04	1.65e-05	5.47e-07	0.00e+00	0.00e+00	0.00e+00	0.00e+00	0.00e+00
 3.48395e+22	1.25e-30	4.30e-19	5.41e-15	1.56e-11	7.80e-09	2.21e-06	4.17e-04	1.37e-02	9.04e-02	2.09e-01	2.29e-01	1.55e-01	9.26e-02	4.48e-02	2.20e-02	1.80e-02	8.39e-02	3.41e-02	6.86e-03	3.96e-04	1.28e-05	4.16e-07	0.00e+00	0.00e+00	0.00e+00	0.00e+00	0.00e+00
 3.50576e+22	1.69e-30	5.52e-19	6.74e-15	1.91e-11	9.40e-09	2.63e-06	4.93e-04	1.59e-02	1.01e-01	2.24e-01	2.37e-01	1.53e-01	8.82e-02	4.13e-02	1.97e-02	1.58e-02	7.04e-02	2.73e-02	5.25e-03	2.90e-04	9.05e-06	2.84e-07	0.00e+00	0.00e+00	0.00e+00	0.00e+00	0.00e+00
 3.52767e+22	2.16e-30	6.80e-19	8.11e-15	2.26e-11	1.09e-08	3.01e-06	5.59e-04	1.77e-02	1.09e-01	2.36e-01	2.42e-01	1.51e-01	8.47e-02	3.86e-02	1.80e-02	1.42e-02	6.14e-02	2.30e-02	4.28e-03	2.29e-04	6.97e-06	2.14e-07	0.00e+00	0.00e+00	0.00e+00	0.00e+00	0.00e+00
 3.54970e+22	2.88e-30	8.62e-19	9.98e-15	2.73e-11	1.31e-08	3.56e-06	6.55e-04	2.03e-02	1.20e-01	2.50e-01	2.47e-01	1.48e-01	7.95e-02	3.50e-02	1.58e-02	1.23e-02	5.07e-02	1.81e-02	3.22e-03	1.65e-04	4.82e-06	1.43e-07	0.00e+00	0.00e+00	0.00e+00	0.00e+00	0.00e+00
 3.57198e+22	3.63e-30	1.05e-18	1.19e-14	3.19e-11	1.51e-08	4.06e-06	7.40e-04	2.24e-02	1.28e-01	2.61e-01	2.49e-01	1.44e-01	7.54e-02	3.23e-02	1.43e-02	1.09e-02	4.36e-02	1.50e-02	2.58e-03	1.27e-04	3.63e-06	0.00e+00	0.00e+00	0.00e+00	0.00e+00	0.00e+00	0.00e+00
 3.59459e+22	4.81e-30	1.33e-18	1.46e-14	3.84e-11	1.80e-08	4.77e-06	8.62e-04	2.55e-02	1.40e-01	2.74e-01	2.51e-01	1.39e-01	6.98e-02	2.89e-02	1.24e-02	9.33e-03	3.55e-02	1.16e-02	1.91e-03	8.99e-05	2.47e-06	0.00e+00	0.00e+00	0.00e+00	0.00e+00	0.00e+00	0.00e+00
 3.61756e+22	6.04e-30	1.61e-18	1.73e-14	4.49e-11	2.08e-08	5.44e-06	9.70e-04	2.81e-02	1.49e-01	2.84e-01	2.51e-01	1.35e-01	6.55e-02	2.63e-02	1.10e-02	8.20e-03	3.01e-02	9.49e-03	1.50e-03	6.84e-05	1.83e-06	0.00e+00	0.00e+00	0.00e+00	0.00e+00	0.00e+00	0.00e+00
 3.63688e+22	7.31e-30	1.89e-18	1.98e-14	5.09e-11	2.35e-08	6.08e-06	1.08e-03	3.06e-02	1.57e-01	2.92e-01	2.51e-01	1.30e-01	6.14e-02	2.41e-02	9.87e-03	7.26e-03	2.57e-02	7.83e-03	1.20e-03	5.27e-05	1.37e-06	0.00e+00	0.00e+00	0.00e+00	0.00e+00	0.00e+00	0.00e+00
 3.65509e+22	8.82e-30	2.23e-18	2.29e-14	5.80e-11	2.65e-08	6.80e-06	1.19e-03	3.33e-02	1.66e-01	3.00e-01	2.50e-01	1.26e-01	5.77e-02	2.20e-02	8.84e-03	6.43e-03	2.21e-02	6.49e-03	9.63e-04	4.10e-05	1.04e-06	0.00e+00	0.00e+00	0.00e+00	0.00e+00	0.00e+00	0.00e+00
 3.67598e+22	1.11e-29	2.69e-18	2.70e-14	6.77e-11	3.09e-08	7.82e-06	1.36e-03	3.70e-02	1.77e-01	3.09e-01	2.47e-01	1.19e-01	5.26e-02	1.95e-02	7.59e-03	5.46e-03	1.79e-02	5.02e-03	7.11e-04	2.90e-05	7.09e-07	0.00e+00	0.00e+00	0.00e+00	0.00e+00	0.00e+00	0.00e+00
 3.69688e+22	1.33e-29	3.17e-18	3.12e-14	7.71e-11	3.49e-08	8.73e-06	1.50e-03	4.00e-02	1.85e-01	3.16e-01	2.45e-01	1.14e-01	4.91e-02	1.77e-02	6.77e-03	4.81e-03	1.53e-02	4.14e-03	5.68e-04	2.24e-05	5.35e-07	0.00e+00	0.00e+00	0.00e+00	0.00e+00	0.00e+00	0.00e+00
 3.71780e+22	1.65e-29	3.81e-18	3.67e-14	8.99e-11	4.05e-08	1.00e-05	1.70e-03	4.43e-02	1.97e-01	3.23e-01	2.41e-01	1.08e-01	4.44e-02	1.55e-02	5.76e-03	4.06e-03	1.23e-02	3.17e-03	4.17e-04	1.57e-05	3.62e-07	0.00e+00	0.00e+00	0.00e+00	0.00e+00	0.00e+00	0.00e+00
 3.73909e+22	1.97e-29	4.44e-18	4.19e-14	1.02e-10	4.58e-08	1.12e-05	1.88e-03	4.80e-02	2.06e-01	3.29e-01	2.37e-01	1.02e-01	4.10e-02	1.39e-02	5.06e-03	3.53e-03	1.03e-02	2.56e-03	3.25e-04	1.18e-05	2.65e-07	0.00e+00	0.00e+00	0.00e+00	0.00e+00	0.00e+00	0.00e+00
 3.76087e+22	2.43e-29	5.35e-18	4.94e-14	1.19e-10	5.35e-08	1.29e-05	2.14e-03	5.31e-02	2.18e-01	3.35e-01	2.31e-01	9.53e-02	3.66e-02	1.20e-02	4.25e-03	2.94e-03	8.15e-03	1.93e-03	2.33e-04	8.10e-06	1.75e-07	0.00e+00	0.00e+00	0.00e+00	0.00e+00	0.00e+00	0.00e+00
 3.78306e+22	2.90e-29	6.26e-18	5.67e-14	1.36e-10	6.09e-08	1.45e-05	2.37e-03	5.75e-02	2.27e-01	3.39e-01	2.26e-01	8.99e-02	3.35e-02	1.07e-02	3.70e-03	2.53e-03	6.76e-03	1.54e-03	1.80e-04	6.01e-06	1.27e-07	0.00e+00	0.00e+00	0.00e+00	0.00e+00	0.00e+00	0.00e+00
 3.80577e+22	3.59e-29	7.59e-18	6.73e-14	1.61e-10	7.18e-08	1.68e-05	2.70e-03	6.36e-02	2.39e-01	3.43e-01	2.18e-01	8.29e-02	2.96e-02	9.09e-03	3.06e-03	2.08e-03	5.27e-03	1.14e-03	1.27e-04	4.03e-06	0.00e+00	0.00e+00	0.00e+00	0.00e+00	0.00e+00	0.00e+00	0.00e+00
 3.82907e+22	4.26e-29	8.89e-18	7.76e-14	1.84e-10	8.24e-08	1.90e-05	3.00e-03	6.89e-02	2.49e-01	3.46e-01	2.12e-01	7.74e-02	2.67e-02	7.96e-03	2.62e-03	1.76e-03	4.29e-03	8.87e-04	9.50e-05	2.91e-06	0.00e+00	0.00e+00	0.00e+00	0.00e+00	0.00e+00	0.00e+00	0.00e+00
 3.85312e+22	5.23e-29	1.08e-17	9.25e-14	2.19e-10	9.84e-08	2.23e-05	3.44e-03	7.65e-02	2.61e-01	3.48e-01	2.03e-01	7.03e-02	2.31e-02	6.64e-03	2.12e-03	1.42e-03	3.26e-03	6.37e-04	6.47e-05	1.88e-06	0.00e+00	0.00e+00	0.00e+00	0.00e+00	0.00e+00	0.00e+00	0.00e+00
 3.87736e+22	6.13e-29	1.26e-17	1.07e-13	2.53e-10	1.13e-07	2.53e-05	3.83e-03	8.28e-02	2.71e-01	3.49e-01	1.96e-01	6.51e-02	2.07e-02	5.76e-03	1.80e-03	1.19e-03	2.63e-03	4.91e-04	4.80e-05	1.34e-06	0.00e+00	0.00e+00	0.00e+00	0.00e+00	0.00e+00	0.00e+00	0.00e+00
 3.90130e+22	7.41e-29	1.52e-17	1.27e-13	3.01e-10	1.36e-07	2.96e-05	4.36e-03	9.13e-02	2.83e-01	3.49e-01	1.86e-01	5.88e-02	1.79e-02	4.79e-03	1.46e-03	9.58e-04	1.99e-03	3.53e-04	3.27e-05	8.66e-07	0.00e+00	0.00e+00	0.00e+00	0.00e+00	0.00e+00	0.00e+00	0.00e+00
 3.92549e+22	8.67e-29	1.78e-17	1.46e-13	3.49e-10	1.57e-07	3.37e-05	4.85e-03	9.88e-02	2.92e-01	3.48e-01	1.78e-01	5.40e-02	1.58e-02	4.11e-03	1.22e-03	7.99e-04	1.59e-03	2.69e-04	2.39e-05	6.07e-07	0.00e+00	0.00e+00	0.00e+00	0.00e+00	0.00e+00	0.00e+00	0.00e+00
 3.94906e+22	1.03e-28	2.13e-17	1.73e-13	4.14e-10	1.87e-07	3.92e-05	5.49e-03	1.08e-01	3.03e-01	3.46e-01	1.69e-01	4.87e-02	1.37e-02	3.43e-03	9.92e-04	6.44e-04	1.22e-03	1.95e-04	1.65e-05	3.99e-07	0.00e+00	0.00e+00	0.00e+00	0.00e+00	0.00e+00	0.00e+00	0.00e+00
