#depth	S	S+	S+2	S+3	S+4	S+5	S+6	S+7	S+8	S+9	S+10	S+11	S+12	S+13	S+14	S+15	S+16
 4.62852e+21	0.00e+00	0.00e+00	0.00e+00	0.00e+00	0.00e+00	0.00e+00	1.16e-23	3.59e-20	4.39e-17	2.25e-14	6.98e-12	1.14e-09	1.21e-07	1.35e-05	2.97e-03	9.27e-02	9.04e-01
 1.05571e+22	0.00e+00	0.00e+00	0.00e+00	0.00e+00	0.00e+00	5.14e-26	4.21e-22	8.91e-19	7.53e-16	2.67e-13	5.72e-11	6.46e-09	4.81e-07	3.76e-05	5.83e-03	1.27e-01	8.67e-01
 1.27474e+22	0.00e+00	0.00e+00	0.00e+00	0.00e+00	1.61e-28	7.52e-25	4.78e-21	7.86e-18	5.16e-15	1.42e-12	2.37e-10	2.09e-08	1.22e-06	7.50e-05	9.14e-03	1.56e-01	8.35e-01
 1.43495e+22	0.00e+00	0.00e+00	0.00e+00	2.15e-31	1.63e-27	6.37e-24	3.32e-20	4.45e-17	2.39e-14	5.39e-12	7.33e-10	5.29e-08	2.55e-06	1.29e-04	1.30e-02	1.83e-01	8.04e-01
 1.52397e+22	0.00e+00	0.00e+00	0.00e+00	4.01e-31	2.92e-27	1.09e-23	5.39e-20	6.88e-17	3.51e-14	7.53e-12	9.73e-10	6.69e-08	3.07e-06	1.48e-04	1.42e-02	1.90e-01	7.96e-01
 1.55371e+22	0.00e+00	0.00e+00	0.00e+00	3.26e-31	2.31e-27	8.34e-24	7.46e-20	9.19e-17	4.53e-14	9.41e-12	1.17e-09	7.81e-08	3.47e-06	1.62e-04	1.50e-02	1.95e-01	7.90e-01
 1.58119e+22	0.00e+00	0.00e+00	0.00e+00	5.54e-31	3.78e-27	1.32e-23	1.13e-19	1.33e-16	6.27e-14	1.25e-11	1.49e-09	9.50e-08	4.06e-06	1.82e-04	1.62e-02	2.01e-01	7.82e-01
 1.60882e+22	0.00e+00	0.00e+00	0.00e+00	8.46e-31	5.61e-27	1.90e-23	1.57e-19	1.79e-16	8.14e-14	1.57e-11	1.81e-09	1.11e-07	4.60e-06	1.99e-04	1.72e-02	2.06e-01	7.76e-01
 1.63297e+22	0.00e+00	0.00e+00	0.00e+00	1.29e-30	8.30e-27	2.72e-23	2.17e-19	2.39e-16	1.06e-13	1.96e-11	2.19e-09	1.30e-07	5.21e-06	2.19e-04	1.82e-02	2.12e-01	7.70e-01
 1.66068e+22	0.00e+00	0.00e+00	0.00e+00	2.17e-30	1.35e-26	4.25e-23	3.26e-19	3.44e-16	1.46e-13	2.59e-11	2.77e-09	1.58e-07	6.08e-06	2.45e-04	1.96e-02	2.18e-01	7.62e-01
 1.68892e+22	0.00e+00	0.00e+00	0.00e+00	3.41e-30	2.05e-26	6.27e-23	4.63e-19	4.72e-16	1.92e-13	3.30e-11	3.40e-09	1.87e-07	6.93e-06	2.70e-04	2.08e-02	2.24e-01	7.55e-01
 1.71367e+22	0.00e+00	0.00e+00	0.00e+00	5.30e-30	3.09e-26	9.13e-23	6.51e-19	6.40e-16	2.52e-13	4.17e-11	4.15e-09	2.21e-07	7.89e-06	2.96e-04	2.21e-02	2.30e-01	7.48e-01
 1.73800e+22	0.00e+00	0.00e+00	0.00e+00	8.09e-30	4.58e-26	1.31e-22	9.06e-19	8.60e-16	3.26e-13	5.23e-11	5.03e-09	2.58e-07	8.94e-06	3.25e-04	2.34e-02	2.36e-01	7.41e-01
 1.76168e+22	0.00e+00	0.00e+00	0.00e+00	1.21e-29	6.67e-26	1.86e-22	1.24e-18	1.14e-15	4.18e-13	6.48e-11	6.03e-09	3.00e-07	1.01e-05	3.54e-04	2.47e-02	2.41e-01	7.34e-01
 1.78817e+22	0.00e+00	0.00e+00	0.00e+00	1.95e-29	1.04e-25	2.80e-22	1.80e-18	1.59e-15	5.61e-13	8.36e-11	7.48e-09	3.58e-07	1.16e-05	3.92e-04	2.64e-02	2.48e-01	7.26e-01
 1.81604e+22	0.00e+00	0.00e+00	3.32e-33	3.11e-29	1.61e-25	4.18e-22	2.59e-18	2.20e-15	7.48e-13	1.07e-10	9.25e-09	4.27e-07	1.33e-05	4.33e-04	2.81e-02	2.54e-01	7.17e-01
 1.84031e+22	0.00e+00	0.00e+00	5.16e-33	4.71e-29	2.36e-25	5.96e-22	3.57e-18	2.93e-15	9.65e-13	1.34e-10	1.12e-08	4.97e-07	1.50e-05	4.73e-04	2.97e-02	2.60e-01	7.10e-01
 1.86648e+22	0.00e+00	0.00e+00	8.65e-33	7.65e-29	3.72e-25	9.05e-22	5.21e-18	4.11e-15	1.30e-12	1.74e-10	1.39e-08	5.96e-07	1.73e-05	5.25e-04	3.17e-02	2.67e-01	7.01e-01
 1.89439e+22	0.00e+00	0.00e+00	1.44e-32	1.23e-28	5.78e-25	1.36e-21	7.54e-18	5.73e-15	1.74e-12	2.24e-10	1.72e-08	7.11e-07	1.98e-05	5.81e-04	3.38e-02	2.74e-01	6.92e-01
 1.91829e+22	0.00e+00	0.00e+00	2.18e-32	1.82e-28	8.34e-25	1.91e-21	1.02e-17	7.54e-15	2.22e-12	2.76e-10	2.06e-08	8.23e-07	2.22e-05	6.31e-04	3.56e-02	2.79e-01	6.84e-01
 1.94309e+22	0.00e+00	0.00e+00	3.54e-32	2.87e-28	1.28e-24	2.82e-21	1.46e-17	1.04e-14	2.94e-12	3.52e-10	2.53e-08	9.74e-07	2.54e-05	6.95e-04	3.78e-02	2.86e-01	6.76e-01
 1.96963e+22	0.00e+00	0.00e+00	5.68e-32	4.47e-28	1.92e-24	4.12e-21	2.06e-17	1.41e-14	3.86e-12	4.46e-10	3.09e-08	1.15e-06	2.89e-05	7.63e-04	4.01e-02	2.92e-01	6.67e-01
 1.99380e+22	0.00e+00	0.00e+00	8.81e-32	6.76e-28	2.82e-24	5.87e-21	2.84e-17	1.88e-14	4.98e-12	5.56e-10	3.73e-08	1.34e-06	3.26e-05	8.33e-04	4.23e-02	2.99e-01	6.58e-01
 2.02060e+22	0.00e+00	0.00e+00	1.49e-31	1.11e-27	4.48e-24	8.97e-21	4.17e-17	2.65e-14	6.75e-12	7.25e-10	4.66e-08	1.61e-06	3.76e-05	9.24e-04	4.51e-02	3.06e-01	6.48e-01
 2.04874e+22	0.00e+00	0.00e+00	1.57e-31	1.13e-27	4.40e-24	1.36e-20	6.08e-17	3.72e-14	9.09e-12	9.39e-10	5.81e-08	1.93e-06	4.33e-05	1.02e-03	4.80e-02	3.13e-01	6.38e-01
 2.07206e+22	0.00e+00	0.00e+00	2.34e-31	1.65e-27	6.26e-24	1.88e-20	8.16e-17	4.84e-14	1.15e-11	1.15e-09	6.89e-08	2.22e-06	4.83e-05	1.11e-03	5.04e-02	3.19e-01	6.30e-01
 2.09583e+22	0.00e+00	0.00e+00	3.80e-31	2.59e-27	9.54e-24	2.76e-20	1.16e-16	6.62e-14	1.52e-11	1.46e-09	8.46e-08	2.62e-06	5.51e-05	1.22e-03	5.34e-02	3.26e-01	6.20e-01
 2.12121e+22	0.00e+00	0.00e+00	5.93e-31	3.93e-27	1.41e-23	3.95e-20	1.60e-16	8.87e-14	1.96e-11	1.83e-09	1.02e-07	3.06e-06	6.22e-05	1.33e-03	5.64e-02	3.32e-01	6.10e-01
 2.14492e+22	0.00e+00	0.00e+00	9.21e-31	5.94e-27	2.07e-23	5.60e-20	2.21e-16	1.18e-13	2.53e-11	2.28e-09	1.23e-07	3.57e-06	7.01e-05	1.45e-03	5.94e-02	3.38e-01	6.01e-01
 2.17197e+22	0.00e+00	0.00e+00	1.57e-30	9.83e-27	3.30e-23	8.61e-20	3.26e-16	1.68e-13	3.44e-11	2.98e-09	1.55e-07	4.30e-06	8.10e-05	1.60e-03	6.32e-02	3.46e-01	5.90e-01
 2.19992e+22	0.00e+00	0.00e+00	2.64e-30	1.59e-26	5.17e-23	1.30e-19	4.74e-16	2.34e-13	4.63e-11	3.86e-09	1.93e-07	5.15e-06	9.32e-05	1.77e-03	6.72e-02	3.53e-01	5.78e-01
 2.22256e+22	0.00e+00	0.00e+00	3.96e-30	2.33e-26	7.37e-23	1.79e-19	6.36e-16	3.05e-13	5.85e-11	4.73e-09	2.29e-07	5.93e-06	1.04e-04	1.92e-03	7.05e-02	3.58e-01	5.69e-01
 2.24552e+22	0.00e+00	0.00e+00	6.31e-30	3.61e-26	1.11e-22	2.60e-19	8.94e-16	4.14e-13	7.66e-11	5.97e-09	2.79e-07	6.98e-06	1.18e-04	2.10e-03	7.44e-02	3.65e-01	5.59e-01
 2.27027e+22	0.00e+00	0.00e+00	9.90e-30	5.51e-26	1.64e-22	3.71e-19	1.24e-15	5.54e-13	9.92e-11	7.48e-09	3.38e-07	8.17e-06	1.33e-04	2.29e-03	7.83e-02	3.71e-01	5.48e-01
 2.29341e+22	0.00e+00	0.00e+00	1.52e-29	8.26e-26	2.38e-22	5.23e-19	1.69e-15	7.33e-13	1.27e-10	9.28e-09	4.06e-07	9.49e-06	1.50e-04	2.49e-03	8.23e-02	3.77e-01	5.39e-01
 2.31950e+22	0.00e+00	0.00e+00	2.60e-29	1.36e-25	3.79e-22	7.99e-19	2.49e-15	1.04e-12	1.73e-10	1.21e-08	5.09e-07	1.14e-05	1.73e-04	2.75e-03	8.74e-02	3.84e-01	5.26e-01
 2.34630e+22	0.00e+00	0.00e+00	4.27e-29	2.16e-25	5.82e-22	1.18e-18	3.56e-15	1.43e-12	2.30e-10	1.55e-08	6.28e-07	1.36e-05	1.98e-04	3.03e-03	9.24e-02	3.90e-01	5.14e-01
 2.36833e+22	0.00e+00	0.00e+00	6.50e-29	3.20e-25	8.36e-22	1.64e-18	4.81e-15	1.88e-12	2.92e-10	1.91e-08	7.51e-07	1.57e-05	2.21e-04	3.28e-03	9.68e-02	3.95e-01	5.04e-01
 2.38813e+22	0.00e+00	1.84e-33	9.34e-29	4.50e-25	1.15e-21	2.19e-18	6.25e-15	2.37e-12	3.60e-10	2.29e-08	8.75e-07	1.78e-05	2.44e-04	3.51e-03	1.01e-01	4.00e-01	4.96e-01
 2.41071e+22	0.00e+00	3.10e-33	1.52e-28	7.08e-25	1.74e-21	3.20e-18	8.85e-15	3.25e-12	4.75e-10	2.92e-08	1.08e-06	2.11e-05	2.78e-04	3.84e-03	1.06e-01	4.06e-01	4.84e-01
 2.43451e+22	0.00e+00	4.98e-33	2.36e-28	1.07e-24	2.54e-21	4.51e-18	1.21e-14	4.31e-12	6.11e-10	3.63e-08	1.30e-06	2.46e-05	3.12e-04	4.18e-03	1.11e-01	4.11e-01	4.73e-01
 2.45627e+22	0.00e+00	7.88e-33	3.62e-28	1.59e-24	3.68e-21	6.30e-18	1.65e-14	5.68e-12	7.80e-10	4.50e-08	1.56e-06	2.86e-05	3.50e-04	4.52e-03	1.17e-01	4.16e-01	4.63e-01
 2.48096e+22	0.00e+00	1.39e-32	6.13e-28	2.60e-24	5.79e-21	9.49e-18	2.40e-14	7.97e-12	1.05e-09	5.84e-08	1.95e-06	3.43e-05	4.03e-04	4.99e-03	1.23e-01	4.21e-01	4.50e-01
 2.50537e+22	0.00e+00	2.28e-32	9.71e-28	3.99e-24	8.56e-21	1.35e-17	3.32e-14	1.07e-11	1.37e-09	7.34e-08	2.36e-06	4.03e-05	4.55e-04	5.43e-03	1.30e-01	4.26e-01	4.38e-01
 2.52504e+22	0.00e+00	3.44e-32	1.42e-27	5.70e-24	1.19e-20	1.82e-17	4.37e-14	1.37e-11	1.71e-09	8.88e-08	2.78e-06	4.60e-05	5.04e-04	5.83e-03	1.35e-01	4.30e-01	4.29e-01
 2.54621e+22	0.00e+00	5.67e-32	2.27e-27	8.79e-24	1.77e-20	2.61e-17	6.08e-14	1.84e-11	2.22e-09	1.12e-07	3.39e-06	5.41e-05	5.70e-04	6.35e-03	1.41e-01	4.34e-01	4.17e-01
 2.56874e+22	0.00e+00	8.96e-32	3.47e-27	1.30e-23	2.55e-20	3.62e-17	8.22e-14	2.42e-11	2.83e-09	1.38e-07	4.05e-06	6.27e-05	6.38e-04	6.86e-03	1.48e-01	4.38e-01	4.07e-01
 2.58974e+22	0.00e+00	1.43e-31	5.34e-27	1.95e-23	3.68e-20	5.04e-17	1.11e-13	3.19e-11	3.61e-09	1.71e-07	4.87e-06	7.28e-05	7.15e-04	7.41e-03	1.54e-01	4.42e-01	3.96e-01
 2.61041e+22	0.00e+00	2.25e-31	8.16e-27	2.88e-23	5.28e-20	6.97e-17	1.50e-13	4.18e-11	4.60e-09	2.11e-07	5.82e-06	8.44e-05	7.99e-04	8.00e-03	1.61e-01	4.45e-01	3.85e-01
 2.63026e+22	0.00e+00	3.48e-31	1.22e-26	4.19e-23	7.44e-20	9.49e-17	2.00e-13	5.40e-11	5.78e-09	2.57e-07	6.91e-06	9.71e-05	8.89e-04	8.61e-03	1.67e-01	4.48e-01	3.75e-01
 2.64940e+22	0.00e+00	5.30e-31	1.80e-26	6.02e-23	1.04e-19	1.28e-16	2.63e-13	6.92e-11	7.21e-09	3.12e-07	8.14e-06	1.11e-04	9.84e-04	9.23e-03	1.74e-01	4.50e-01	3.66e-01
 2.67131e+22	0.00e+00	9.04e-31	2.96e-26	9.53e-23	1.58e-19	1.86e-16	3.73e-13	9.49e-11	9.54e-09	3.98e-07	1.00e-05	1.32e-04	1.12e-03	1.01e-02	1.82e-01	4.53e-01	3.53e-01
 2.69363e+22	0.00e+00	1.44e-30	4.55e-26	1.42e-22	2.27e-19	2.58e-16	5.04e-13	1.25e-10	1.22e-08	4.92e-07	1.20e-05	1.53e-04	1.25e-03	1.09e-02	1.90e-01	4.55e-01	3.43e-01
 2.71297e+22	0.00e+00	2.23e-30	6.81e-26	2.06e-22	3.19e-19	3.50e-16	6.68e-13	1.61e-10	1.53e-08	6.00e-07	1.43e-05	1.76e-04	1.39e-03	1.17e-02	1.97e-01	4.57e-01	3.33e-01
 2.73459e+22	0.00e+00	3.84e-30	1.13e-25	3.28e-22	4.89e-19	5.12e-16	9.50e-13	2.21e-10	2.03e-08	7.69e-07	1.76e-05	2.09e-04	1.58e-03	1.27e-02	2.06e-01	4.59e-01	3.20e-01
 2.75602e+22	0.00e+00	5.88e-30	1.67e-25	4.73e-22	6.82e-19	6.89e-16	1.25e-12	2.84e-10	2.54e-08	9.34e-07	2.08e-05	2.40e-04	1.75e-03	1.36e-02	2.14e-01	4.60e-01	3.11e-01
 2.77721e+22	0.00e+00	1.01e-29	2.76e-25	7.49e-22	1.04e-18	1.00e-15	1.77e-12	3.89e-10	3.36e-08	1.19e-06	2.57e-05	2.85e-04	2.00e-03	1.48e-02	2.23e-01	4.61e-01	2.99e-01
 2.79863e+22	0.00e+00	1.56e-29	4.13e-25	1.09e-21	1.46e-18	1.36e-15	2.35e-12	5.03e-10	4.23e-08	1.46e-06	3.05e-05	3.27e-04	2.21e-03	1.59e-02	2.31e-01	4.61e-01	2.89e-01
 2.81724e+22	0.00e+00	2.38e-29	6.10e-25	1.56e-21	2.03e-18	1.82e-15	3.08e-12	6.44e-10	5.27e-08	1.76e-06	3.59e-05	3.74e-04	2.44e-03	1.70e-02	2.39e-01	4.61e-01	2.80e-01
 2.83833e+22	0.00e+00	4.03e-29	9.91e-25	2.44e-21	3.04e-18	2.61e-15	4.32e-12	8.74e-10	6.92e-08	2.24e-06	4.40e-05	4.41e-04	2.76e-03	1.84e-02	2.49e-01	4.61e-01	2.68e-01
 2.85991e+22	0.00e+00	6.38e-29	1.52e-24	3.61e-21	4.34e-18	3.58e-15	5.79e-12	1.14e-09	8.78e-08	2.75e-06	5.26e-05	5.10e-04	3.08e-03	1.98e-02	2.58e-01	4.60e-01	2.58e-01
 2.87873e+22	0.00e+00	9.86e-29	2.26e-24	5.22e-21	6.06e-18	4.81e-15	7.64e-12	1.47e-09	1.10e-07	3.35e-06	6.22e-05	5.85e-04	3.41e-03	2.11e-02	2.66e-01	4.59e-01	2.49e-01
 2.89978e+22	0.00e+00	1.67e-28	3.68e-24	8.17e-21	9.10e-18	6.91e-15	1.07e-11	1.99e-09	1.45e-07	4.25e-06	7.62e-05	6.90e-04	3.85e-03	2.28e-02	2.77e-01	4.58e-01	2.38e-01
 2.92114e+22	0.00e+00	2.63e-28	5.59e-24	1.20e-20	1.29e-17	9.40e-15	1.43e-11	2.59e-09	1.83e-07	5.22e-06	9.09e-05	7.96e-04	4.27e-03	2.44e-02	2.86e-01	4.56e-01	2.29e-01
 2.93964e+22	0.00e+00	4.02e-28	8.27e-24	1.72e-20	1.79e-17	1.25e-14	1.87e-11	3.32e-09	2.28e-07	6.32e-06	1.07e-04	9.09e-04	4.71e-03	2.60e-02	2.94e-01	4.54e-01	2.20e-01
 2.96040e+22	0.00e+00	6.80e-28	1.34e-23	2.69e-20	2.68e-17	1.79e-14	2.61e-11	4.50e-09	2.99e-07	8.01e-06	1.31e-04	1.07e-03	5.32e-03	2.81e-02	3.05e-01	4.51e-01	2.10e-01
 2.98199e+22	0.00e+00	1.10e-27	2.09e-23	4.02e-20	3.85e-17	2.47e-14	3.53e-11	5.92e-09	3.83e-07	9.92e-06	1.57e-04	1.24e-03	5.93e-03	3.01e-02	3.15e-01	4.47e-01	2.01e-01
 3.00129e+22	0.00e+00	1.69e-27	3.11e-23	5.80e-20	5.36e-17	3.31e-14	4.65e-11	7.60e-09	4.78e-07	1.20e-05	1.86e-04	1.42e-03	6.53e-03	3.20e-02	3.23e-01	4.44e-01	1.92e-01
 3.02014e+22	0.00e+00	2.66e-27	4.72e-23	8.48e-20	7.55e-17	4.46e-14	6.17e-11	9.85e-09	6.04e-07	1.48e-05	2.21e-04	1.63e-03	7.24e-03	3.41e-02	3.33e-01	4.40e-01	1.84e-01
 3.03809e+22	0.00e+00	3.95e-27	6.79e-23	1.18e-19	1.02e-16	5.82e-14	7.92e-11	1.24e-08	7.41e-07	1.76e-05	2.57e-04	1.85e-03	7.91e-03	3.60e-02	3.41e-01	4.37e-01	1.77e-01
 3.05772e+22	0.00e+00	6.63e-27	1.09e-22	1.83e-19	1.51e-16	8.18e-14	1.09e-10	1.66e-08	9.65e-07	2.22e-05	3.13e-04	2.16e-03	8.87e-03	3.87e-02	3.51e-01	4.31e-01	1.67e-01
 3.07772e+22	0.00e+00	1.03e-26	1.64e-22	2.65e-19	2.10e-16	1.09e-13	1.44e-10	2.14e-08	1.21e-06	2.70e-05	3.71e-04	2.48e-03	9.79e-03	4.11e-02	3.60e-01	4.27e-01	1.60e-01
 3.09379e+22	0.00e+00	1.47e-26	2.27e-22	3.55e-19	2.73e-16	1.38e-13	1.79e-10	2.61e-08	1.45e-06	3.16e-05	4.24e-04	2.76e-03	1.06e-02	4.31e-02	3.67e-01	4.23e-01	1.54e-01
 3.11028e+22	0.00e+00	2.28e-26	3.39e-22	5.12e-19	3.80e-16	1.83e-13	2.35e-10	3.35e-08	1.82e-06	3.84e-05	5.00e-04	3.16e-03	1.16e-02	4.56e-02	3.76e-01	4.17e-01	1.46e-01
 3.12620e+22	0.00e+00	3.17e-26	4.58e-22	6.74e-19	4.85e-16	2.26e-13	2.88e-10	4.05e-08	2.15e-06	4.44e-05	5.67e-04	3.49e-03	1.25e-02	4.76e-02	3.82e-01	4.13e-01	1.41e-01
 3.13920e+22	0.00e+00	4.35e-26	6.12e-22	8.76e-19	6.13e-16	2.77e-13	3.49e-10	4.84e-08	2.52e-06	5.11e-05	6.39e-04	3.84e-03	1.34e-02	4.96e-02	3.88e-01	4.08e-01	1.36e-01
 3.15157e+22	0.00e+00	5.89e-26	8.08e-22	1.13e-18	7.67e-16	3.37e-13	4.20e-10	5.74e-08	2.95e-06	5.85e-05	7.17e-04	4.21e-03	1.43e-02	5.16e-02	3.94e-01	4.04e-01	1.31e-01
 3.16335e+22	0.00e+00	7.67e-26	1.03e-21	1.41e-18	9.34e-16	3.99e-13	4.95e-10	6.67e-08	3.37e-06	6.57e-05	7.92e-04	4.56e-03	1.51e-02	5.33e-02	3.99e-01	4.00e-01	1.27e-01
 3.17675e+22	0.00e+00	1.10e-25	1.43e-21	1.89e-18	1.22e-15	5.02e-13	6.17e-10	8.17e-08	4.05e-06	7.70e-05	9.07e-04	5.08e-03	1.63e-02	5.58e-02	4.05e-01	3.95e-01	1.22e-01
 3.19053e+22	0.00e+00	1.52e-25	1.93e-21	2.47e-18	1.54e-15	6.15e-13	7.50e-10	9.81e-08	4.77e-06	8.89e-05	1.02e-03	5.60e-03	1.75e-02	5.81e-02	4.11e-01	3.90e-01	1.17e-01
 3.20197e+22	0.00e+00	2.02e-25	2.49e-21	3.11e-18	1.89e-15	7.32e-13	8.89e-10	1.15e-07	5.50e-06	1.01e-04	1.14e-03	6.10e-03	1.86e-02	6.01e-02	4.16e-01	3.85e-01	1.13e-01
 3.21240e+22	0.00e+00	2.62e-25	3.16e-21	3.86e-18	2.29e-15	8.62e-13	1.04e-09	1.33e-07	6.29e-06	1.13e-04	1.26e-03	6.59e-03	1.96e-02	6.20e-02	4.20e-01	3.81e-01	1.09e-01
 3.22434e+22	0.00e+00	3.65e-25	4.27e-21	5.06e-18	2.90e-15	1.06e-12	1.27e-09	1.60e-07	7.43e-06	1.30e-04	1.42e-03	7.28e-03	2.11e-02	6.45e-02	4.26e-01	3.75e-01	1.05e-01
 3.23677e+22	0.00e+00	4.84e-25	5.53e-21	6.38e-18	3.56e-15	1.26e-12	1.51e-09	1.87e-07	8.57e-06	1.48e-04	1.58e-03	7.91e-03	2.23e-02	6.67e-02	4.30e-01	3.70e-01	1.01e-01
 3.24983e+22	0.00e+00	6.95e-25	7.69e-21	8.58e-18	4.62e-15	1.57e-12	1.87e-09	2.29e-07	1.03e-05	1.73e-04	1.81e-03	8.80e-03	2.41e-02	6.96e-02	4.36e-01	3.63e-01	9.61e-02
 3.26291e+22	0.00e+00	9.50e-25	1.02e-20	1.11e-17	5.77e-15	1.90e-12	2.25e-09	2.72e-07	1.20e-05	1.98e-04	2.03e-03	9.65e-03	2.57e-02	7.21e-02	4.41e-01	3.58e-01	9.21e-02
 3.27321e+22	0.00e+00	1.22e-24	1.28e-20	1.35e-17	6.88e-15	2.20e-12	2.61e-09	3.12e-07	1.36e-05	2.21e-04	2.22e-03	1.04e-02	2.70e-02	7.41e-02	4.44e-01	3.53e-01	8.90e-02
 3.28383e+22	0.00e+00	1.66e-24	1.69e-20	1.74e-17	8.56e-15	2.65e-12	3.13e-09	3.71e-07	1.59e-05	2.52e-04	2.49e-03	1.14e-02	2.87e-02	7.67e-02	4.48e-01	3.47e-01	8.52e-02
 3.29484e+22	0.00e+00	2.15e-24	2.14e-20	2.14e-17	1.03e-14	3.10e-12	3.64e-09	4.28e-07	1.81e-05	2.82e-04	2.74e-03	1.23e-02	3.03e-02	7.89e-02	4.52e-01	3.42e-01	8.22e-02
 3.30636e+22	0.00e+00	3.06e-24	2.94e-20	2.84e-17	1.31e-14	3.79e-12	4.47e-09	5.18e-07	2.16e-05	3.29e-04	3.12e-03	1.36e-02	3.25e-02	8.19e-02	4.56e-01	3.35e-01	7.81e-02
 3.31768e+22	0.00e+00	3.95e-24	3.71e-20	3.49e-17	1.57e-14	4.42e-12	5.20e-09	5.97e-07	2.46e-05	3.67e-04	3.42e-03	1.46e-02	3.42e-02	8.41e-02	4.59e-01	3.29e-01	7.52e-02
 3.32875e+22	0.00e+00	5.67e-24	5.14e-20	4.64e-17	2.00e-14	5.40e-12	6.38e-09	7.26e-07	2.94e-05	4.29e-04	3.91e-03	1.62e-02	3.67e-02	8.73e-02	4.62e-01	3.22e-01	7.12e-02
 3.33963e+22	0.00e+00	7.28e-24	6.44e-20	5.67e-17	2.38e-14	6.24e-12	7.38e-09	8.32e-07	3.33e-05	4.77e-04	4.28e-03	1.74e-02	3.85e-02	8.95e-02	4.65e-01	3.16e-01	6.86e-02
 3.35029e+22	0.00e+00	1.02e-23	8.69e-20	7.38e-17	2.99e-14	7.52e-12	8.92e-09	9.97e-07	3.93e-05	5.50e-04	4.83e-03	1.92e-02	4.11e-02	9.25e-02	4.67e-01	3.09e-01	6.51e-02
 3.36132e+22	0.00e+00	1.35e-23	1.13e-19	9.26e-17	3.63e-14	8.83e-12	1.05e-08	1.16e-06	4.53e-05	6.22e-04	5.36e-03	2.08e-02	4.34e-02	9.51e-02	4.70e-01	3.03e-01	6.22e-02
 3.37090e+22	0.00e+00	1.75e-23	1.41e-19	1.13e-16	4.30e-14	1.02e-11	1.21e-08	1.34e-06	5.13e-05	6.93e-04	5.87e-03	2.23e-02	4.56e-02	9.74e-02	4.71e-01	2.97e-01	5.97e-02
 3.38140e+22	0.00e+00	2.50e-23	1.95e-19	1.49e-16	5.44e-14	1.23e-11	1.48e-08	1.62e-06	6.12e-05	8.06e-04	6.67e-03	2.47e-02	4.88e-02	1.01e-01	4.73e-01	2.89e-01	5.63e-02
 3.39176e+22	0.00e+00	3.21e-23	2.44e-19	1.82e-16	6.43e-14	1.41e-11	1.71e-08	1.85e-06	6.93e-05	8.97e-04	7.30e-03	2.65e-02	5.11e-02	1.03e-01	4.74e-01	2.83e-01	5.40e-02
 3.40195e+22	0.00e+00	4.55e-23	3.33e-19	2.38e-16	8.06e-14	1.69e-11	2.07e-08	2.23e-06	8.21e-05	1.04e-03	8.25e-03	2.91e-02	5.45e-02	1.06e-01	4.75e-01	2.75e-01	5.09e-02
 3.41236e+22	0.00e+00	5.97e-23	4.25e-19	2.94e-16	9.62e-14	1.95e-11	2.40e-08	2.57e-06	9.38e-05	1.16e-03	9.08e-03	3.14e-02	5.72e-02	1.09e-01	4.75e-01	2.69e-01	4.85e-02
 3.42161e+22	0.00e+00	7.89e-23	5.45e-19	3.64e-16	1.15e-13	2.26e-11	2.80e-08	2.99e-06	1.07e-04	1.31e-03	1.00e-02	3.39e-02	6.02e-02	1.11e-01	4.75e-01	2.62e-01	4.62e-02
 3.43069e+22	0.00e+00	1.04e-22	6.94e-19	4.49e-16	1.37e-13	2.59e-11	3.25e-08	3.45e-06	1.23e-04	1.46e-03	1.10e-02	3.65e-02	6.32e-02	1.13e-01	4.75e-01	2.55e-01	4.39e-02
 3.44097e+22	0.00e+00	1.49e-22	9.61e-19	5.93e-16	1.72e-13	3.11e-11	3.96e-08	4.18e-06	1.46e-04	1.70e-03	1.25e-02	4.02e-02	6.73e-02	1.17e-01	4.74e-01	2.47e-01	4.10e-02
 3.45111e+22	0.00e+00	1.95e-22	1.21e-18	7.25e-16	2.04e-13	3.55e-11	4.57e-08	4.80e-06	1.66e-04	1.89e-03	1.37e-02	4.31e-02	7.04e-02	1.19e-01	4.73e-01	2.40e-01	3.90e-02
 3.46105e+22	0.00e+00	2.78e-22	1.66e-18	9.48e-16	2.54e-13	4.22e-11	5.52e-08	5.77e-06	1.97e-04	2.19e-03	1.54e-02	4.73e-02	7.48e-02	1.22e-01	4.70e-01	2.31e-01	3.64e-02
 3.47113e+22	0.00e+00	3.70e-22	2.14e-18	1.17e-15	3.02e-13	4.84e-11	6.42e-08	6.69e-06	2.26e-04	2.46e-03	1.70e-02	5.09e-02	7.84e-02	1.24e-01	4.68e-01	2.24e-01	3.44e-02
 3.48138e+22	5.24e-34	5.33e-22	2.96e-18	1.55e-15	3.78e-13	5.76e-11	7.80e-08	8.09e-06	2.69e-04	2.85e-03	1.92e-02	5.59e-02	8.32e-02	1.27e-01	4.65e-01	2.15e-01	3.19e-02
 3.49143e+22	7.24e-34	6.99e-22	3.75e-18	1.89e-15	4.46e-13	6.54e-11	8.98e-08	9.29e-06	3.05e-04	3.17e-03	2.10e-02	5.99e-02	8.68e-02	1.29e-01	4.61e-01	2.08e-01	3.02e-02
 3.50122e+22	1.11e-33	9.98e-22	5.14e-18	2.46e-15	5.52e-13	7.71e-11	1.08e-07	1.11e-05	3.61e-04	3.65e-03	2.36e-02	6.54e-02	9.18e-02	1.31e-01	4.57e-01	1.99e-01	2.79e-02
 3.51115e+22	1.56e-33	1.32e-21	6.59e-18	3.04e-15	6.53e-13	8.77e-11	1.25e-07	1.29e-05	4.12e-04	4.07e-03	2.58e-02	7.00e-02	9.57e-02	1.33e-01	4.52e-01	1.92e-01	2.62e-02
 3.52127e+22	2.42e-33	1.92e-21	9.12e-18	3.99e-15	8.12e-13	1.04e-10	1.51e-07	1.55e-05	4.88e-04	4.70e-03	2.90e-02	7.65e-02	1.01e-01	1.35e-01	4.46e-01	1.83e-01	2.41e-02
 3.53152e+22	3.44e-33	2.57e-21	1.18e-17	4.94e-15	9.64e-13	1.18e-10	1.75e-07	1.79e-05	5.58e-04	5.25e-03	3.18e-02	8.19e-02	1.05e-01	1.37e-01	4.40e-01	1.76e-01	2.25e-02
 3.54196e+22	5.43e-33	3.77e-21	1.65e-17	6.53e-15	1.20e-12	1.40e-10	2.12e-07	2.16e-05	6.64e-04	6.06e-03	3.57e-02	8.94e-02	1.11e-01	1.39e-01	4.32e-01	1.66e-01	2.06e-02
 3.55244e+22	7.69e-33	5.05e-21	2.13e-17	8.09e-15	1.43e-12	1.59e-10	2.45e-07	2.50e-05	7.57e-04	6.75e-03	3.90e-02	9.54e-02	1.15e-01	1.40e-01	4.25e-01	1.59e-01	1.91e-02
 3.56298e+22	1.22e-32	7.43e-21	2.98e-17	1.07e-14	1.78e-12	1.87e-10	2.96e-07	3.01e-05	8.97e-04	7.77e-03	4.36e-02	1.04e-01	1.21e-01	1.41e-01	4.15e-01	1.49e-01	1.73e-02
 3.57327e+22	1.68e-32	9.74e-21	3.78e-17	1.30e-14	2.08e-12	2.11e-10	3.38e-07	3.43e-05	1.01e-03	8.56e-03	4.71e-02	1.10e-01	1.25e-01	1.42e-01	4.08e-01	1.43e-01	1.61e-02
 3.58323e+22	2.59e-32	1.40e-20	5.19e-17	1.69e-14	2.55e-12	2.45e-10	4.01e-07	4.07e-05	1.18e-03	9.73e-03	5.22e-02	1.18e-01	1.30e-01	1.43e-01	3.97e-01	1.34e-01	1.46e-02
 3.59328e+22	3.56e-32	1.83e-20	6.54e-17	2.05e-14	2.97e-12	2.76e-10	4.56e-07	4.61e-05	1.32e-03	1.07e-02	5.61e-02	1.25e-01	1.34e-01	1.43e-01	3.89e-01	1.28e-01	1.36e-02
 3.60343e+22	5.42e-32	2.61e-20	8.92e-17	2.65e-14	3.64e-12	3.20e-10	5.38e-07	5.43e-05	1.53e-03	1.20e-02	6.17e-02	1.34e-01	1.39e-01	1.43e-01	3.77e-01	1.20e-01	1.23e-02
 3.61385e+22	7.58e-32	3.46e-20	1.14e-16	3.25e-14	4.27e-12	3.61e-10	6.13e-07	6.18e-05	1.72e-03	1.32e-02	6.64e-02	1.41e-01	1.42e-01	1.43e-01	3.68e-01	1.14e-01	1.13e-02
 3.62461e+22	1.16e-31	4.97e-20	1.56e-16	4.23e-14	5.24e-12	4.21e-10	7.23e-07	7.27e-05	2.00e-03	1.49e-02	7.28e-02	1.50e-01	1.47e-01	1.42e-01	3.55e-01	1.06e-01	1.02e-02
 3.63563e+22	1.64e-31	6.64e-20	2.02e-16	5.21e-14	6.18e-12	4.77e-10	8.24e-07	8.27e-05	2.24e-03	1.63e-02	7.82e-02	1.58e-01	1.51e-01	1.41e-01	3.45e-01	9.96e-02	9.32e-03
 3.64699e+22	2.55e-31	9.63e-20	2.79e-16	6.82e-14	7.63e-12	5.59e-10	9.71e-07	9.73e-05	2.59e-03	1.83e-02	8.54e-02	1.68e-01	1.55e-01	1.40e-01	3.31e-01	9.21e-02	8.29e-03
 3.65858e+22	3.58e-31	1.29e-19	3.59e-16	8.41e-14	9.01e-12	6.34e-10	1.10e-06	1.10e-04	2.90e-03	2.00e-02	9.13e-02	1.75e-01	1.58e-01	1.39e-01	3.20e-01	8.64e-02	7.56e-03
 3.67046e+22	5.56e-31	1.87e-19	4.97e-16	1.10e-13	1.11e-11	7.45e-10	1.29e-06	1.29e-04	3.33e-03	2.23e-02	9.91e-02	1.85e-01	1.61e-01	1.37e-01	3.06e-01	7.94e-02	6.69e-03
 3.68233e+22	7.70e-31	2.46e-19	6.33e-16	1.35e-13	1.31e-11	8.41e-10	1.46e-06	1.45e-04	3.69e-03	2.42e-02	1.05e-01	1.93e-01	1.64e-01	1.35e-01	2.95e-01	7.44e-02	6.09e-03
 3.69418e+22	1.17e-30	3.52e-19	8.66e-16	1.75e-13	1.61e-11	9.83e-10	1.69e-06	1.68e-04	4.21e-03	2.68e-02	1.13e-01	2.02e-01	1.66e-01	1.33e-01	2.81e-01	6.82e-02	5.38e-03
 3.70630e+22	1.63e-30	4.65e-19	1.11e-15	2.15e-13	1.89e-11	1.11e-09	1.90e-06	1.88e-04	4.65e-03	2.89e-02	1.20e-01	2.10e-01	1.68e-01	1.30e-01	2.70e-01	6.36e-02	4.88e-03
 3.71880e+22	2.49e-30	6.69e-19	1.52e-15	2.80e-13	2.33e-11	1.31e-09	2.21e-06	2.17e-04	5.28e-03	3.19e-02	1.29e-01	2.19e-01	1.70e-01	1.27e-01	2.55e-01	5.80e-02	4.28e-03
 3.73090e+22	3.33e-30	8.54e-19	1.88e-15	3.35e-13	2.70e-11	1.46e-09	2.45e-06	2.40e-04	5.75e-03	3.41e-02	1.35e-01	2.25e-01	1.71e-01	1.25e-01	2.46e-01	5.44e-02	3.91e-03
 3.74251e+22	4.87e-30	1.18e-18	2.50e-15	4.25e-13	3.26e-11	1.69e-09	2.79e-06	2.72e-04	6.42e-03	3.71e-02	1.43e-01	2.33e-01	1.72e-01	1.22e-01	2.33e-01	4.98e-02	3.46e-03
 3.75440e+22	6.55e-30	1.52e-18	3.12e-15	5.11e-13	3.78e-11	1.90e-09	3.08e-06	3.00e-04	6.99e-03	3.95e-02	1.49e-01	2.39e-01	1.73e-01	1.20e-01	2.23e-01	4.64e-02	3.14e-03
 3.76666e+22	9.70e-30	2.12e-18	4.19e-15	6.53e-13	4.60e-11	2.21e-09	3.51e-06	3.40e-04	7.80e-03	4.29e-02	1.58e-01	2.47e-01	1.73e-01	1.16e-01	2.11e-01	4.22e-02	2.75e-03
 3.77909e+22	1.30e-29	2.71e-18	5.20e-15	7.84e-13	5.33e-11	2.48e-09	3.88e-06	3.74e-04	8.46e-03	4.56e-02	1.64e-01	2.52e-01	1.73e-01	1.13e-01	2.01e-01	3.93e-02	2.50e-03
 3.79173e+22	1.90e-29	3.75e-18	6.91e-15	9.96e-13	6.46e-11	2.88e-09	4.41e-06	4.22e-04	9.39e-03	4.92e-02	1.73e-01	2.59e-01	1.73e-01	1.10e-01	1.89e-01	3.57e-02	2.19e-03
 3.80427e+22	2.52e-29	4.77e-18	8.54e-15	1.19e-12	7.46e-11	3.22e-09	4.84e-06	4.61e-04	1.01e-02	5.21e-02	1.79e-01	2.63e-01	1.72e-01	1.07e-01	1.81e-01	3.32e-02	1.98e-03
 3.81667e+22	3.65e-29	6.53e-18	1.13e-14	1.50e-12	8.98e-11	3.72e-09	5.45e-06	5.16e-04	1.12e-02	5.59e-02	1.87e-01	2.69e-01	1.71e-01	1.03e-01	1.70e-01	3.01e-02	1.74e-03
 3.82920e+22	4.80e-29	8.22e-18	1.38e-14	1.78e-12	1.03e-10	4.15e-09	5.97e-06	5.62e-04	1.20e-02	5.89e-02	1.93e-01	2.73e-01	1.70e-01	1.00e-01	1.62e-01	2.79e-02	1.57e-03
 3.84189e+22	6.92e-29	1.12e-17	1.81e-14	2.24e-12	1.24e-10	4.79e-09	6.71e-06	6.27e-04	1.32e-02	6.30e-02	2.02e-01	2.78e-01	1.69e-01	9.65e-02	1.52e-01	2.53e-02	1.37e-03
 3.85482e+22	9.14e-29	1.42e-17	2.23e-14	2.67e-12	1.43e-10	5.37e-09	7.36e-06	6.83e-04	1.41e-02	6.63e-02	2.08e-01	2.82e-01	1.67e-01	9.36e-02	1.44e-01	2.34e-02	1.24e-03
 3.86808e+22	1.32e-28	1.93e-17	2.93e-14	3.37e-12	1.73e-10	6.22e-09	8.27e-06	7.61e-04	1.55e-02	7.08e-02	2.16e-01	2.86e-01	1.65e-01	8.97e-02	1.34e-01	2.11e-02	1.08e-03
 3.88157e+22	2.47e-29	2.45e-17	3.61e-14	4.03e-12	2.00e-10	6.98e-09	9.07e-06	8.28e-04	1.66e-02	7.43e-02	2.22e-01	2.89e-01	1.63e-01	8.67e-02	1.27e-01	1.94e-02	9.66e-04
 3.89538e+22	3.53e-29	3.35e-17	4.77e-14	5.09e-12	2.42e-10	8.10e-09	1.02e-05	9.23e-04	1.82e-02	7.92e-02	2.30e-01	2.92e-01	1.60e-01	8.28e-02	1.18e-01	1.74e-02	8.35e-04
 3.90945e+22	4.64e-29	4.25e-17	5.89e-14	6.09e-12	2.80e-10	9.11e-09	1.12e-05	1.00e-03	1.95e-02	8.31e-02	2.36e-01	2.94e-01	1.58e-01	7.98e-02	1.12e-01	1.60e-02	7.46e-04
 3.92386e+22	6.65e-29	5.83e-17	7.78e-14	7.72e-12	3.39e-10	1.06e-08	1.26e-05	1.12e-03	2.13e-02	8.83e-02	2.44e-01	2.96e-01	1.55e-01	7.59e-02	1.03e-01	1.42e-02	6.41e-04
 3.93794e+22	8.47e-29	7.21e-17	9.40e-14	9.08e-12	3.88e-10	1.18e-08	1.37e-05	1.21e-03	2.27e-02	9.20e-02	2.49e-01	2.97e-01	1.52e-01	7.32e-02	9.79e-02	1.32e-02	5.79e-04
 3.95159e+22	1.19e-28	9.70e-17	1.22e-13	1.13e-11	4.65e-10	1.36e-08	1.53e-05	1.33e-03	2.46e-02	9.72e-02	2.56e-01	2.99e-01	1.49e-01	6.97e-02	9.06e-02	1.18e-02	5.00e-04
 3.96547e+22	1.52e-28	1.20e-16	1.48e-13	1.34e-11	5.33e-10	1.52e-08	1.67e-05	1.44e-03	2.61e-02	1.01e-01	2.62e-01	2.99e-01	1.46e-01	6.71e-02	8.57e-02	1.08e-02	4.50e-04
 3.97963e+22	2.11e-28	1.60e-16	1.91e-13	1.66e-11	6.38e-10	1.75e-08	1.87e-05	1.58e-03	2.82e-02	1.07e-01	2.68e-01	3.00e-01	1.43e-01	6.37e-02	7.93e-02	9.69e-03	3.88e-04
 3.99423e+22	2.76e-28	2.03e-16	2.36e-13	1.99e-11	7.39e-10	1.97e-08	2.05e-05	1.71e-03	3.01e-02	1.11e-01	2.73e-01	3.00e-01	1.39e-01	6.09e-02	7.43e-02	8.84e-03	3.44e-04
 4.00941e+22	3.86e-28	2.72e-16	3.05e-13	2.48e-11	8.89e-10	2.29e-08	2.29e-05	1.89e-03	3.25e-02	1.17e-01	2.80e-01	2.99e-01	1.35e-01	5.76e-02	6.85e-02	7.87e-03	2.96e-04
 4.02508e+22	5.12e-28	3.48e-16	3.81e-13	3.00e-11	1.04e-09	2.60e-08	2.53e-05	2.06e-03	3.48e-02	1.22e-01	2.85e-01	2.98e-01	1.32e-01	5.48e-02	6.38e-02	7.12e-03	2.60e-04
 4.04141e+22	7.26e-28	4.72e-16	5.00e-13	3.79e-11	1.26e-09	3.04e-08	2.85e-05	2.28e-03	3.77e-02	1.28e-01	2.91e-01	2.97e-01	1.28e-01	5.15e-02	5.84e-02	6.28e-03	2.21e-04
 4.05819e+22	9.73e-28	6.09e-16	6.27e-13	4.61e-11	1.48e-09	3.46e-08	3.15e-05	2.49e-03	4.02e-02	1.34e-01	2.96e-01	2.95e-01	1.24e-01	4.89e-02	5.41e-02	5.64e-03	1.93e-04
 4.07556e+22	1.40e-27	8.33e-16	8.31e-13	5.88e-11	1.82e-09	4.08e-08	3.58e-05	2.76e-03	4.36e-02	1.41e-01	3.01e-01	2.93e-01	1.19e-01	4.57e-02	4.92e-02	4.94e-03	1.63e-04
 4.09352e+22	1.90e-27	1.09e-15	1.05e-12	7.22e-11	2.16e-09	4.68e-08	3.98e-05	3.02e-03	4.67e-02	1.47e-01	3.06e-01	2.90e-01	1.15e-01	4.30e-02	4.53e-02	4.40e-03	1.40e-04
 4.11223e+22	2.77e-27	1.51e-15	1.42e-12	9.32e-11	2.67e-09	5.57e-08	4.54e-05	3.37e-03	5.08e-02	1.54e-01	3.11e-01	2.86e-01	1.10e-01	3.99e-02	4.09e-02	3.81e-03	1.17e-04
 4.13140e+22	3.81e-27	1.99e-15	1.81e-12	1.15e-10	3.19e-09	6.43e-08	5.07e-05	3.69e-03	5.44e-02	1.61e-01	3.14e-01	2.83e-01	1.06e-01	3.75e-02	3.74e-02	3.37e-03	9.99e-05
 4.14859e+22	5.14e-27	2.58e-15	2.29e-12	1.41e-10	3.78e-09	7.39e-08	5.65e-05	4.03e-03	5.80e-02	1.67e-01	3.18e-01	2.79e-01	1.02e-01	3.52e-02	3.44e-02	3.00e-03	8.60e-05
 4.16835e+22	7.73e-27	3.68e-15	3.14e-12	1.85e-10	4.73e-09	8.87e-08	6.48e-05	4.52e-03	6.31e-02	1.75e-01	3.22e-01	2.74e-01	9.63e-02	3.23e-02	3.06e-02	2.55e-03	7.01e-05
 4.18822e+22	1.04e-26	4.77e-15	3.96e-12	2.27e-10	5.61e-09	1.02e-07	7.22e-05	4.92e-03	6.72e-02	1.81e-01	3.24e-01	2.70e-01	9.23e-02	3.02e-02	2.80e-02	2.27e-03	6.02e-05
 4.20826e+22	1.55e-26	6.74e-15	5.39e-12	2.97e-10	7.01e-09	1.22e-07	8.28e-05	5.50e-03	7.28e-02	1.90e-01	3.27e-01	2.64e-01	8.72e-02	2.77e-02	2.49e-02	1.93e-03	4.91e-05
 4.22871e+22	2.14e-26	8.91e-15	6.92e-12	3.68e-10	8.40e-09	1.41e-07	9.25e-05	6.01e-03	7.77e-02	1.96e-01	3.29e-01	2.58e-01	8.31e-02	2.57e-02	2.26e-02	1.69e-03	4.15e-05
 4.24973e+22	3.23e-26	1.27e-14	9.53e-12	4.85e-10	1.06e-08	1.70e-07	1.07e-04	6.73e-03	8.42e-02	2.05e-01	3.30e-01	2.51e-01	7.80e-02	2.34e-02	1.99e-02	1.42e-03	3.34e-05
 4.27106e+22	4.50e-26	1.70e-14	1.23e-11	6.06e-10	1.27e-08	1.98e-07	1.19e-04	7.36e-03	8.97e-02	2.12e-01	3.31e-01	2.45e-01	7.40e-02	2.17e-02	1.79e-02	1.23e-03	2.80e-05
 4.29281e+22	6.89e-26	2.47e-14	1.72e-11	8.08e-10	1.62e-08	2.40e-07	1.38e-04	8.25e-03	9.73e-02	2.20e-01	3.31e-01	2.38e-01	6.89e-02	1.95e-02	1.56e-02	1.03e-03	2.22e-05
 4.31338e+22	9.12e-26	3.16e-14	2.15e-11	9.77e-10	1.89e-08	2.73e-07	1.52e-04	8.91e-03	1.03e-01	2.26e-01	3.31e-01	2.32e-01	6.57e-02	1.82e-02	1.43e-02	9.07e-04	1.90e-05
 4.33240e+22	1.33e-25	4.41e-14	2.89e-11	1.26e-09	2.34e-08	3.24e-07	1.73e-04	9.83e-03	1.10e-01	2.34e-01	3.30e-01	2.25e-01	6.16e-02	1.66e-02	1.26e-02	7.67e-04	1.54e-05
 4.35157e+22	1.75e-25	5.65e-14	3.60e-11	1.53e-09	2.74e-08	3.69e-07	1.90e-04	1.06e-02	1.16e-01	2.39e-01	3.29e-01	2.19e-01	5.85e-02	1.54e-02	1.15e-02	6.75e-04	1.31e-05
 4.37095e+22	2.57e-25	7.94e-14	4.88e-11	1.98e-09	3.40e-08	4.39e-07	2.16e-04	1.17e-02	1.24e-01	2.47e-01	3.27e-01	2.11e-01	5.45e-02	1.40e-02	1.00e-02	5.66e-04	1.05e-05
 4.39050e+22	3.43e-25	1.03e-13	6.14e-11	2.41e-09	4.01e-08	5.03e-07	2.39e-04	1.27e-02	1.30e-01	2.52e-01	3.25e-01	2.05e-01	5.16e-02	1.29e-02	9.08e-03	4.95e-04	8.88e-06
 4.41028e+22	5.04e-25	1.46e-13	8.37e-11	3.15e-09	5.00e-08	6.01e-07	2.73e-04	1.40e-02	1.39e-01	2.59e-01	3.22e-01	1.97e-01	4.78e-02	1.16e-02	7.92e-03	4.12e-04	7.06e-06
 4.43033e+22	6.77e-25	1.91e-13	1.06e-10	3.86e-09	5.93e-08	6.92e-07	3.02e-04	1.51e-02	1.46e-01	2.65e-01	3.19e-01	1.91e-01	4.50e-02	1.07e-02	7.11e-03	3.56e-04	5.90e-06
 4.45075e+22	1.00e-24	2.74e-13	1.47e-10	5.09e-09	7.46e-08	8.34e-07	3.47e-04	1.68e-02	1.57e-01	2.71e-01	3.15e-01	1.83e-01	4.15e-02	9.58e-03	6.14e-03	2.93e-04	4.62e-06
 4.47145e+22	1.35e-24	3.62e-13	1.88e-10	6.30e-09	8.91e-08	9.65e-07	3.86e-04	1.82e-02	1.65e-01	2.77e-01	3.11e-01	1.76e-01	3.89e-02	8.77e-03	5.47e-03	2.52e-04	3.82e-06
 4.49250e+22	2.00e-24	5.25e-13	2.61e-10	8.37e-09	1.13e-07	1.17e-06	4.45e-04	2.02e-02	1.76e-01	2.83e-01	3.05e-01	1.67e-01	3.56e-02	7.79e-03	4.69e-03	2.05e-04	2.95e-06
 4.51402e+22	2.76e-24	7.07e-13	3.41e-10	1.05e-08	1.37e-07	1.37e-06	5.00e-04	2.20e-02	1.85e-01	2.87e-01	3.00e-01	1.61e-01	3.30e-02	7.07e-03	4.13e-03	1.73e-04	2.39e-06
 4.53613e+22	4.12e-24	1.04e-12	4.82e-10	1.42e-08	1.76e-07	1.69e-06	5.83e-04	2.47e-02	1.98e-01	2.93e-01	2.93e-01	1.52e-01	2.99e-02	6.21e-03	3.49e-03	1.38e-04	1.81e-06
 4.55868e+22	5.71e-24	1.43e-12	6.37e-10	1.81e-08	2.16e-07	2.01e-06	6.59e-04	2.70e-02	2.09e-01	2.97e-01	2.86e-01	1.44e-01	2.76e-02	5.58e-03	3.04e-03	1.15e-04	1.45e-06
 4.58101e+22	8.36e-24	2.09e-12	8.96e-10	2.43e-08	2.77e-07	2.48e-06	7.69e-04	3.02e-02	2.22e-01	3.01e-01	2.78e-01	1.36e-01	2.49e-02	4.88e-03	2.55e-03	9.17e-05	1.09e-06
 4.60224e+22	1.11e-23	2.75e-12	1.14e-09	3.01e-08	3.32e-07	2.88e-06	8.60e-04	3.27e-02	2.32e-01	3.03e-01	2.72e-01	1.29e-01	2.30e-02	4.43e-03	2.25e-03	7.76e-05	8.87e-07
 4.62278e+22	1.57e-23	3.93e-12	1.58e-09	3.99e-08	4.23e-07	3.54e-06	9.99e-04	3.64e-02	2.46e-01	3.06e-01	2.63e-01	1.21e-01	2.07e-02	3.88e-03	1.90e-03	6.20e-05	6.72e-07
 4.64371e+22	2.08e-23	5.22e-12	2.03e-09	4.99e-08	5.13e-07	4.17e-06	1.13e-03	3.97e-02	2.57e-01	3.08e-01	2.55e-01	1.15e-01	1.90e-02	3.48e-03	1.65e-03	5.18e-05	5.38e-07
 4.66422e+22	2.86e-23	7.32e-12	2.76e-09	6.54e-08	6.48e-07	5.09e-06	1.30e-03	4.40e-02	2.71e-01	3.09e-01	2.46e-01	1.07e-01	1.71e-02	3.05e-03	1.39e-03	4.14e-05	4.09e-07
 4.68515e+22	3.78e-23	9.78e-12	3.59e-09	8.27e-08	7.94e-07	6.07e-06	1.48e-03	4.81e-02	2.83e-01	3.09e-01	2.37e-01	1.01e-01	1.55e-02	2.71e-03	1.20e-03	3.41e-05	3.21e-07
 4.70555e+22	4.97e-23	1.34e-11	4.76e-09	1.07e-07	9.93e-07	7.36e-06	1.71e-03	5.32e-02	2.97e-01	3.09e-01	2.28e-01	9.42e-02	1.40e-02	2.38e-03	1.01e-03	2.74e-05	2.46e-07
 4.72636e+22	6.47e-23	1.79e-11	6.21e-09	1.36e-07	1.23e-06	8.85e-06	1.96e-03	5.84e-02	3.10e-01	3.08e-01	2.18e-01	8.78e-02	1.26e-02	2.09e-03	8.59e-04	2.22e-05	1.90e-07
 4.74698e+22	8.38e-23	2.40e-11	8.14e-09	1.74e-07	1.52e-06	1.07e-05	2.25e-03	6.43e-02	3.23e-01	3.06e-01	2.09e-01	8.15e-02	1.12e-02	1.83e-03	7.24e-04	1.78e-05	1.45e-07
 4.76770e+22	1.08e-22	3.18e-11	1.06e-08	2.20e-07	1.88e-06	1.29e-05	2.58e-03	7.06e-02	3.36e-01	3.04e-01	1.99e-01	7.54e-02	1.00e-02	1.59e-03	6.10e-04	1.43e-05	0.00e+00
 4.78819e+22	1.37e-22	4.18e-11	1.36e-08	2.78e-07	2.32e-06	1.55e-05	2.95e-03	7.75e-02	3.49e-01	3.01e-01	1.89e-01	6.97e-02	8.93e-03	1.39e-03	5.13e-04	1.14e-05	0.00e+00
 4.80863e+22	1.72e-22	5.45e-11	1.74e-08	3.51e-07	2.85e-06	1.87e-05	3.38e-03	8.48e-02	3.62e-01	2.97e-01	1.79e-01	6.41e-02	7.94e-03	1.21e-03	4.30e-04	9.14e-06	0.00e+00
 4.82912e+22	2.15e-22	7.05e-11	2.22e-08	4.40e-07	3.50e-06	2.25e-05	3.86e-03	9.28e-02	3.74e-01	2.92e-01	1.70e-01	5.89e-02	7.03e-03	1.04e-03	3.59e-04	7.28e-06	0.00e+00
 4.84970e+22	2.67e-22	9.05e-11	2.81e-08	5.51e-07	4.28e-06	2.70e-05	4.41e-03	1.01e-01	3.86e-01	2.87e-01	1.60e-01	5.38e-02	6.20e-03	9.01e-04	3.00e-04	5.78e-06	0.00e+00
 4.87041e+22	3.30e-22	1.15e-10	3.55e-08	6.88e-07	5.24e-06	3.24e-05	5.03e-03	1.11e-01	3.97e-01	2.81e-01	1.50e-01	4.91e-02	5.46e-03	7.74e-04	2.49e-04	4.57e-06	0.00e+00
 4.89131e+22	4.07e-22	1.46e-10	4.45e-08	8.56e-07	6.39e-06	3.88e-05	5.73e-03	1.20e-01	4.08e-01	2.75e-01	1.41e-01	4.46e-02	4.78e-03	6.63e-04	2.06e-04	3.60e-06	0.00e+00
 4.91246e+22	5.02e-22	1.84e-10	5.57e-08	1.06e-06	7.79e-06	4.65e-05	6.53e-03	1.31e-01	4.18e-01	2.68e-01	1.31e-01	4.03e-02	4.18e-03	5.65e-04	1.69e-04	2.83e-06	0.00e+00
 4.93372e+22	6.16e-22	2.29e-10	6.91e-08	1.31e-06	9.44e-06	5.55e-05	7.41e-03	1.42e-01	4.27e-01	2.60e-01	1.22e-01	3.64e-02	3.64e-03	4.81e-04	1.39e-04	2.22e-06	0.00e+00
 4.95533e+22	7.60e-22	2.86e-10	8.58e-08	1.62e-06	1.15e-05	6.65e-05	8.42e-03	1.54e-01	4.36e-01	2.52e-01	1.14e-01	3.27e-02	3.15e-03	4.06e-04	1.14e-04	1.72e-06	0.00e+00
 4.97719e+22	9.34e-22	3.52e-10	1.06e-07	1.99e-06	1.39e-05	7.91e-05	9.52e-03	1.66e-01	4.43e-01	2.44e-01	1.05e-01	2.93e-02	2.73e-03	3.43e-04	9.30e-05	1.34e-06	0.00e+00
 4.99949e+22	1.16e-21	4.33e-10	1.30e-07	2.46e-06	1.68e-05	9.48e-05	1.08e-02	1.79e-01	4.49e-01	2.35e-01	9.67e-02	2.61e-02	2.34e-03	2.87e-04	7.51e-05	1.03e-06	0.00e+00
 5.02023e+22	6.66e-20	5.11e-10	1.54e-07	2.90e-06	1.96e-05	1.09e-04	1.20e-02	1.90e-01	4.54e-01	2.27e-01	9.03e-02	2.37e-02	2.07e-03	2.48e-04	6.31e-05	8.28e-07	0.00e+00
 5.04163e+22	3.08e-19	6.26e-10	1.90e-07	3.58e-06	2.38e-05	1.32e-04	1.36e-02	2.05e-01	4.58e-01	2.17e-01	8.23e-02	2.08e-02	1.75e-03	2.04e-04	5.02e-05	6.24e-07	0.00e+00
 5.06338e+22	4.20e-19	7.33e-10	2.24e-07	4.22e-06	2.77e-05	1.52e-04	1.50e-02	2.17e-01	4.61e-01	2.10e-01	7.64e-02	1.88e-02	1.54e-03	1.75e-04	4.19e-05	5.00e-07	0.00e+00
 5.08559e+22	5.64e-19	8.90e-10	2.74e-07	5.19e-06	3.37e-05	1.82e-04	1.70e-02	2.34e-01	4.63e-01	1.99e-01	6.91e-02	1.64e-02	1.29e-03	1.43e-04	3.30e-05	3.72e-07	0.00e+00
 5.10790e+22	7.10e-19	1.03e-09	3.21e-07	6.07e-06	3.88e-05	2.09e-04	1.86e-02	2.46e-01	4.64e-01	1.91e-01	6.40e-02	1.48e-02	1.13e-03	1.23e-04	2.75e-05	2.98e-07	0.00e+00
 5.13033e+22	9.35e-19	1.24e-09	3.90e-07	7.41e-06	4.68e-05	2.49e-04	2.10e-02	2.62e-01	4.64e-01	1.81e-01	5.77e-02	1.28e-02	9.48e-04	9.97e-05	2.16e-05	2.22e-07	0.00e+00
 5.15290e+22	1.16e-18	1.43e-09	4.53e-07	8.62e-06	5.37e-05	2.84e-04	2.30e-02	2.75e-01	4.62e-01	1.73e-01	5.33e-02	1.15e-02	8.27e-04	8.51e-05	1.80e-05	1.77e-07	0.00e+00
 5.17563e+22	1.51e-18	1.70e-09	5.46e-07	1.05e-05	6.43e-05	3.37e-04	2.57e-02	2.92e-01	4.60e-01	1.63e-01	4.78e-02	9.98e-03	6.91e-04	6.90e-05	1.41e-05	1.32e-07	0.00e+00
 5.19857e+22	1.86e-18	1.95e-09	6.32e-07	1.21e-05	7.36e-05	3.84e-04	2.80e-02	3.05e-01	4.57e-01	1.56e-01	4.40e-02	8.93e-03	6.01e-04	5.87e-05	1.17e-05	0.00e+00	0.00e+00
 5.22176e+22	2.39e-18	2.30e-09	7.58e-07	1.46e-05	8.75e-05	4.53e-04	3.13e-02	3.22e-01	4.52e-01	1.46e-01	3.93e-02	7.70e-03	5.00e-04	4.74e-05	9.13e-06	0.00e+00	0.00e+00
 5.24524e+22	2.93e-18	2.63e-09	8.75e-07	1.69e-05	1.00e-04	5.15e-04	3.40e-02	3.35e-01	4.48e-01	1.39e-01	3.60e-02	6.85e-03	4.33e-04	4.01e-05	7.53e-06	0.00e+00	0.00e+00
 5.26910e+22	3.75e-18	3.09e-09	1.05e-06	2.03e-05	1.19e-04	6.07e-04	3.78e-02	3.53e-01	4.41e-01	1.30e-01	3.20e-02	5.88e-03	3.58e-04	3.21e-05	5.84e-06	0.00e+00	0.00e+00
 5.29337e+22	4.61e-18	3.53e-09	1.21e-06	2.35e-05	1.35e-04	6.89e-04	4.10e-02	3.66e-01	4.35e-01	1.23e-01	2.92e-02	5.21e-03	3.09e-04	2.70e-05	4.79e-06	0.00e+00	0.00e+00
 5.31815e+22	5.91e-18	4.15e-09	1.45e-06	2.82e-05	1.60e-04	8.11e-04	4.55e-02	3.83e-01	4.26e-01	1.14e-01	2.58e-02	4.43e-03	2.53e-04	2.15e-05	3.68e-06	0.00e+00	0.00e+00
 5.34346e+22	7.32e-18	4.74e-09	1.68e-06	3.27e-05	1.83e-04	9.20e-04	4.93e-02	3.97e-01	4.18e-01	1.07e-01	2.33e-02	3.90e-03	2.17e-04	1.79e-05	2.99e-06	0.00e+00	0.00e+00
 5.36946e+22	9.44e-18	5.59e-09	2.01e-06	3.93e-05	2.16e-04	1.08e-03	5.47e-02	4.14e-01	4.08e-01	9.87e-02	2.05e-02	3.29e-03	1.76e-04	1.41e-05	2.27e-06	0.00e+00	0.00e+00
 5.39608e+22	1.18e-17	6.42e-09	2.34e-06	4.57e-05	2.47e-04	1.23e-03	5.92e-02	4.27e-01	3.99e-01	9.25e-02	1.84e-02	2.88e-03	1.49e-04	1.16e-05	1.83e-06	0.00e+00	0.00e+00
 5.41852e+22	1.43e-17	7.23e-09	2.66e-06	5.19e-05	2.77e-04	1.38e-03	6.34e-02	4.38e-01	3.90e-01	8.71e-02	1.68e-02	2.55e-03	1.29e-04	9.82e-06	1.51e-06	0.00e+00	0.00e+00
 5.44271e+22	1.81e-17	8.40e-09	3.14e-06	6.13e-05	3.21e-04	1.59e-03	6.92e-02	4.53e-01	3.79e-01	8.05e-02	1.48e-02	2.18e-03	1.06e-04	7.87e-06	1.17e-06	0.00e+00	0.00e+00
 5.46725e+22	2.24e-17	9.55e-09	3.59e-06	6.98e-05	3.60e-04	1.77e-03	7.38e-02	4.63e-01	3.70e-01	7.56e-02	1.34e-02	1.92e-03	9.17e-05	6.63e-06	9.63e-07	0.00e+00	0.00e+00
 5.48860e+22	2.69e-17	1.07e-08	4.07e-06	7.89e-05	4.01e-04	1.97e-03	7.88e-02	4.73e-01	3.60e-01	7.10e-02	1.22e-02	1.70e-03	7.90e-05	5.58e-06	7.92e-07	0.00e+00	0.00e+00
 5.50943e+22	3.26e-17	1.20e-08	4.60e-06	8.91e-05	4.46e-04	2.18e-03	8.37e-02	4.83e-01	3.51e-01	6.67e-02	1.11e-02	1.51e-03	6.84e-05	4.73e-06	6.56e-07	0.00e+00	0.00e+00
 5.53323e+22	4.18e-17	1.39e-08	5.40e-06	1.04e-04	5.10e-04	2.48e-03	9.03e-02	4.94e-01	3.39e-01	6.15e-02	9.81e-03	1.29e-03	5.67e-05	3.81e-06	5.14e-07	0.00e+00	0.00e+00
 5.55724e+22	5.13e-17	1.56e-08	6.12e-06	1.17e-04	5.67e-04	2.75e-03	9.58e-02	5.03e-01	3.30e-01	5.77e-02	8.90e-03	1.14e-03	4.89e-05	3.21e-06	4.24e-07	0.00e+00	0.00e+00
 5.58150e+22	6.68e-17	1.81e-08	7.18e-06	1.37e-04	6.47e-04	3.13e-03	1.03e-01	5.14e-01	3.17e-01	5.29e-02	7.83e-03	9.74e-04	4.03e-05	2.58e-06	3.29e-07	0.00e+00	0.00e+00
 5.60600e+22	8.43e-17	2.06e-08	8.18e-06	1.55e-04	7.17e-04	3.44e-03	1.09e-01	5.21e-01	3.08e-01	4.96e-02	7.10e-03	8.62e-04	3.47e-05	2.17e-06	2.72e-07	0.00e+00	0.00e+00
 5.63080e+22	1.12e-16	2.40e-08	9.61e-06	1.80e-04	8.18e-04	3.91e-03	1.17e-01	5.30e-01	2.95e-01	4.53e-02	6.22e-03	7.31e-04	2.85e-05	1.73e-06	2.10e-07	0.00e+00	0.00e+00
 5.65604e+22	1.46e-16	2.76e-08	1.10e-05	2.04e-04	9.07e-04	4.30e-03	1.24e-01	5.36e-01	2.86e-01	4.23e-02	5.62e-03	6.44e-04	2.45e-05	1.46e-06	1.73e-07	0.00e+00	0.00e+00
 5.68182e+22	2.00e-16	3.24e-08	1.30e-05	2.39e-04	1.04e-03	4.90e-03	1.33e-01	5.44e-01	2.72e-01	3.84e-02	4.89e-03	5.42e-04	1.99e-05	1.15e-06	1.32e-07	0.00e+00	0.00e+00
 5.70808e+22	2.73e-16	3.74e-08	1.50e-05	2.72e-04	1.15e-03	5.39e-03	1.40e-01	5.50e-01	2.63e-01	3.57e-02	4.40e-03	4.74e-04	1.70e-05	9.61e-07	0.00e+00	0.00e+00	0.00e+00
 5.73493e+22	4.00e-16	4.44e-08	1.78e-05	3.19e-04	1.32e-03	6.13e-03	1.51e-01	5.56e-01	2.49e-01	3.23e-02	3.80e-03	3.96e-04	1.37e-05	7.52e-07	0.00e+00	0.00e+00	0.00e+00
 5.76246e+22	5.78e-16	5.17e-08	2.07e-05	3.64e-04	1.46e-03	6.77e-03	1.59e-01	5.60e-01	2.39e-01	2.98e-02	3.39e-03	3.44e-04	1.15e-05	6.20e-07	0.00e+00	0.00e+00	0.00e+00
 5.79088e+22	9.68e-16	6.25e-08	2.49e-05	4.31e-04	1.68e-03	7.71e-03	1.70e-01	5.64e-01	2.26e-01	2.67e-02	2.91e-03	2.85e-04	9.21e-06	4.80e-07	0.00e+00	0.00e+00	0.00e+00
 5.81978e+22	1.61e-15	7.34e-08	2.90e-05	4.94e-04	1.87e-03	8.51e-03	1.79e-01	5.67e-01	2.16e-01	2.45e-02	2.58e-03	2.45e-04	7.71e-06	3.93e-07	0.00e+00	0.00e+00	0.00e+00
 5.84929e+22	3.41e-15	8.99e-08	3.53e-05	5.87e-04	2.15e-03	9.68e-03	1.92e-01	5.69e-01	2.03e-01	2.19e-02	2.20e-03	2.02e-04	6.10e-06	3.02e-07	0.00e+00	0.00e+00	0.00e+00
 5.87913e+22	8.80e-15	1.07e-07	4.13e-05	6.74e-04	2.39e-03	1.07e-02	2.01e-01	5.70e-01	1.93e-01	2.00e-02	1.95e-03	1.73e-04	5.10e-06	2.46e-07	0.00e+00	0.00e+00	0.00e+00
 5.90941e+22	2.85e-14	1.32e-07	5.04e-05	8.03e-04	2.74e-03	1.21e-02	2.15e-01	5.70e-01	1.80e-01	1.78e-02	1.65e-03	1.41e-04	4.00e-06	1.88e-07	0.00e+00	0.00e+00	0.00e+00
 5.94007e+22	1.12e-13	1.58e-07	5.93e-05	9.23e-04	3.06e-03	1.33e-02	2.25e-01	5.69e-01	1.71e-01	1.62e-02	1.45e-03	1.21e-04	3.32e-06	1.52e-07	0.00e+00	0.00e+00	0.00e+00
 5.96692e+22	2.61e-13	1.87e-07	6.93e-05	1.06e-03	3.39e-03	1.47e-02	2.36e-01	5.67e-01	1.62e-01	1.48e-02	1.28e-03	1.03e-04	2.76e-06	1.24e-07	0.00e+00	0.00e+00	0.00e+00
 5.99749e+22	4.34e-13	2.34e-07	8.49e-05	1.26e-03	3.87e-03	1.65e-02	2.50e-01	5.64e-01	1.51e-01	1.30e-02	1.08e-03	8.43e-05	2.16e-06	0.00e+00	0.00e+00	0.00e+00	0.00e+00
