#depth	Ne	Ne+	Ne+2	Ne+3	Ne+4	Ne+5	Ne+6	Ne+7	Ne+8	Ne+9	Ne+10
 4.62852e+21	9.63e-22	9.36e-17	7.81e-13	9.46e-10	3.02e-07	2.18e-05	4.40e-04	4.76e-03	2.05e-01	4.94e-01	2.95e-01
 1.02724e+22	2.03e-20	1.51e-15	9.50e-12	8.42e-09	2.02e-06	1.08e-04	1.54e-03	1.10e-02	3.08e-01	4.87e-01	1.92e-01
 1.17955e+22	7.89e-20	5.23e-15	2.89e-11	2.22e-08	4.68e-06	2.17e-04	2.63e-03	1.57e-02	3.61e-01	4.69e-01	1.52e-01
 1.25571e+22	1.51e-19	9.48e-15	4.93e-11	3.54e-08	6.97e-06	3.02e-04	3.39e-03	1.85e-02	3.86e-01	4.57e-01	1.35e-01
 1.28744e+22	1.84e-19	1.13e-14	5.79e-11	4.07e-08	7.87e-06	3.34e-04	3.66e-03	1.94e-02	3.94e-01	4.53e-01	1.30e-01
 1.30000e+22	2.09e-19	1.27e-14	6.41e-11	4.45e-08	8.48e-06	3.55e-04	3.83e-03	2.00e-02	3.99e-01	4.50e-01	1.27e-01
 1.31431e+22	2.61e-19	1.56e-14	7.69e-11	5.21e-08	9.72e-06	3.97e-04	4.18e-03	2.11e-02	4.08e-01	4.45e-01	1.21e-01
 1.32958e+22	3.04e-19	1.79e-14	8.69e-11	5.78e-08	1.06e-05	4.26e-04	4.40e-03	2.18e-02	4.13e-01	4.42e-01	1.18e-01
 1.34613e+22	3.80e-19	2.19e-14	1.04e-10	6.77e-08	1.22e-05	4.76e-04	4.79e-03	2.30e-02	4.22e-01	4.37e-01	1.13e-01
 1.36421e+22	4.71e-19	2.66e-14	1.24e-10	7.88e-08	1.38e-05	5.30e-04	5.19e-03	2.43e-02	4.31e-01	4.31e-01	1.08e-01
 1.38163e+22	5.85e-19	3.25e-14	1.48e-10	9.19e-08	1.58e-05	5.90e-04	5.63e-03	2.55e-02	4.39e-01	4.26e-01	1.03e-01
 1.39884e+22	7.21e-19	3.93e-14	1.75e-10	1.06e-07	1.79e-05	6.53e-04	6.08e-03	2.68e-02	4.47e-01	4.21e-01	9.89e-02
 1.41842e+22	9.33e-19	4.97e-14	2.17e-10	1.28e-07	2.09e-05	7.43e-04	6.70e-03	2.85e-02	4.57e-01	4.14e-01	9.36e-02
 1.43849e+22	1.16e-18	6.08e-14	2.59e-10	1.49e-07	2.39e-05	8.27e-04	7.26e-03	2.99e-02	4.65e-01	4.08e-01	8.92e-02
 1.45628e+22	1.44e-18	7.37e-14	3.08e-10	1.73e-07	2.71e-05	9.18e-04	7.85e-03	3.14e-02	4.73e-01	4.01e-01	8.52e-02
 1.47648e+22	1.87e-18	9.35e-14	3.81e-10	2.08e-07	3.17e-05	1.04e-03	8.64e-03	3.34e-02	4.83e-01	3.94e-01	8.03e-02
 1.49723e+22	2.33e-18	1.15e-13	4.58e-10	2.44e-07	3.63e-05	1.17e-03	9.39e-03	3.51e-02	4.91e-01	3.87e-01	7.62e-02
 1.51561e+22	2.88e-18	1.39e-13	5.45e-10	2.84e-07	4.14e-05	1.30e-03	1.02e-02	3.69e-02	4.99e-01	3.80e-01	7.24e-02
 1.53640e+22	3.74e-18	1.77e-13	6.75e-10	3.42e-07	4.85e-05	1.48e-03	1.12e-02	3.92e-02	5.09e-01	3.71e-01	6.79e-02
 1.55784e+22	4.68e-18	2.17e-13	8.13e-10	4.03e-07	5.58e-05	1.66e-03	1.22e-02	4.13e-02	5.17e-01	3.64e-01	6.40e-02
 1.57684e+22	5.77e-18	2.63e-13	9.67e-10	4.68e-07	6.35e-05	1.84e-03	1.32e-02	4.34e-02	5.24e-01	3.56e-01	6.07e-02
 1.59825e+22	7.50e-18	3.36e-13	1.21e-09	5.68e-07	7.50e-05	2.12e-03	1.47e-02	4.62e-02	5.34e-01	3.47e-01	5.63e-02
 1.62009e+22	9.26e-18	4.09e-13	1.44e-09	6.64e-07	8.59e-05	2.37e-03	1.59e-02	4.86e-02	5.42e-01	3.38e-01	5.30e-02
 1.64247e+22	1.21e-17	5.23e-13	1.81e-09	8.09e-07	1.02e-04	2.73e-03	1.77e-02	5.19e-02	5.51e-01	3.28e-01	4.89e-02
 1.66509e+22	1.49e-17	6.36e-13	2.16e-09	9.46e-07	1.17e-04	3.06e-03	1.93e-02	5.47e-02	5.58e-01	3.19e-01	4.58e-02
 1.68386e+22	1.78e-17	7.52e-13	2.52e-09	1.08e-06	1.32e-04	3.37e-03	2.08e-02	5.72e-02	5.64e-01	3.11e-01	4.32e-02
 1.70408e+22	2.22e-17	9.29e-13	3.07e-09	1.29e-06	1.53e-04	3.84e-03	2.29e-02	6.07e-02	5.71e-01	3.01e-01	3.99e-02
 1.72415e+22	2.63e-17	1.09e-12	3.55e-09	1.47e-06	1.72e-04	4.22e-03	2.46e-02	6.33e-02	5.77e-01	2.94e-01	3.76e-02
 1.74402e+22	3.22e-17	1.33e-12	4.28e-09	1.73e-06	1.99e-04	4.78e-03	2.70e-02	6.71e-02	5.83e-01	2.83e-01	3.46e-02
 1.76410e+22	3.80e-17	1.55e-12	4.95e-09	1.98e-06	2.24e-04	5.26e-03	2.90e-02	7.01e-02	5.88e-01	2.75e-01	3.25e-02
 1.78446e+22	4.61e-17	1.88e-12	5.95e-09	2.33e-06	2.60e-04	5.97e-03	3.19e-02	7.43e-02	5.93e-01	2.65e-01	2.97e-02
 1.80506e+22	5.40e-17	2.19e-12	6.87e-09	2.65e-06	2.91e-04	6.58e-03	3.43e-02	7.75e-02	5.97e-01	2.57e-01	2.77e-02
 1.82598e+22	6.50e-17	2.64e-12	8.23e-09	3.12e-06	3.38e-04	7.46e-03	3.78e-02	8.21e-02	6.01e-01	2.46e-01	2.53e-02
 1.84728e+22	7.51e-17	3.06e-12	9.49e-09	3.55e-06	3.80e-04	8.25e-03	4.07e-02	8.59e-02	6.04e-01	2.37e-01	2.34e-02
 1.86907e+22	8.94e-17	3.66e-12	1.13e-08	4.19e-06	4.41e-04	9.38e-03	4.48e-02	9.11e-02	6.07e-01	2.26e-01	2.11e-02
 1.89129e+22	1.02e-16	4.20e-12	1.30e-08	4.76e-06	4.96e-04	1.04e-02	4.83e-02	9.54e-02	6.09e-01	2.17e-01	1.95e-02
 1.91404e+22	1.20e-16	4.99e-12	1.55e-08	5.61e-06	5.77e-04	1.18e-02	5.32e-02	1.01e-01	6.11e-01	2.05e-01	1.74e-02
 1.93722e+22	1.35e-16	5.69e-12	1.78e-08	6.37e-06	6.50e-04	1.31e-02	5.74e-02	1.06e-01	6.11e-01	1.96e-01	1.59e-02
 1.96018e+22	1.54e-16	6.62e-12	2.08e-08	7.42e-06	7.51e-04	1.48e-02	6.29e-02	1.12e-01	6.10e-01	1.85e-01	1.42e-02
 1.98215e+22	1.70e-16	7.38e-12	2.34e-08	8.30e-06	8.33e-04	1.62e-02	6.71e-02	1.16e-01	6.09e-01	1.77e-01	1.30e-02
 2.00360e+22	1.88e-16	8.41e-12	2.70e-08	9.54e-06	9.51e-04	1.81e-02	7.30e-02	1.22e-01	6.07e-01	1.67e-01	1.16e-02
 2.02494e+22	2.04e-16	9.27e-12	3.01e-08	1.06e-05	1.05e-03	1.97e-02	7.76e-02	1.27e-01	6.04e-01	1.60e-01	1.07e-02
 2.04614e+22	2.23e-16	1.04e-11	3.45e-08	1.21e-05	1.19e-03	2.20e-02	8.39e-02	1.33e-01	6.00e-01	1.50e-01	9.50e-03
 2.06737e+22	2.38e-16	1.14e-11	3.83e-08	1.34e-05	1.32e-03	2.39e-02	8.89e-02	1.38e-01	5.96e-01	1.43e-01	8.69e-03
 2.08865e+22	2.57e-16	1.27e-11	4.37e-08	1.53e-05	1.49e-03	2.65e-02	9.57e-02	1.44e-01	5.90e-01	1.34e-01	7.72e-03
 2.10989e+22	2.72e-16	1.39e-11	4.83e-08	1.70e-05	1.64e-03	2.87e-02	1.01e-01	1.49e-01	5.85e-01	1.28e-01	7.05e-03
 2.13111e+22	2.91e-16	1.54e-11	5.49e-08	1.93e-05	1.85e-03	3.17e-02	1.08e-01	1.55e-01	5.78e-01	1.19e-01	6.24e-03
 2.15232e+22	3.07e-16	1.67e-11	6.07e-08	2.13e-05	2.03e-03	3.42e-02	1.14e-01	1.59e-01	5.71e-01	1.13e-01	5.69e-03
 2.17354e+22	3.26e-16	1.85e-11	6.89e-08	2.43e-05	2.29e-03	3.77e-02	1.21e-01	1.65e-01	5.62e-01	1.06e-01	5.04e-03
 2.19483e+22	3.43e-16	2.01e-11	7.63e-08	2.69e-05	2.51e-03	4.06e-02	1.27e-01	1.70e-01	5.55e-01	1.00e-01	4.58e-03
 2.21620e+22	3.64e-16	2.23e-11	8.69e-08	3.07e-05	2.83e-03	4.46e-02	1.35e-01	1.76e-01	5.44e-01	9.30e-02	4.04e-03
 2.23769e+22	3.83e-16	2.43e-11	9.64e-08	3.40e-05	3.11e-03	4.79e-02	1.41e-01	1.80e-01	5.36e-01	8.78e-02	3.66e-03
 2.25933e+22	4.07e-16	2.70e-11	1.10e-07	3.89e-05	3.51e-03	5.26e-02	1.50e-01	1.86e-01	5.24e-01	8.14e-02	3.22e-03
 2.28118e+22	4.30e-16	2.95e-11	1.23e-07	4.33e-05	3.85e-03	5.64e-02	1.56e-01	1.90e-01	5.14e-01	7.66e-02	2.91e-03
 2.30332e+22	4.59e-16	3.31e-11	1.42e-07	4.98e-05	4.35e-03	6.18e-02	1.65e-01	1.95e-01	5.01e-01	7.07e-02	2.55e-03
 2.32576e+22	4.89e-16	3.65e-11	1.59e-07	5.58e-05	4.79e-03	6.63e-02	1.71e-01	1.99e-01	4.90e-01	6.63e-02	2.29e-03
 2.34859e+22	5.24e-16	4.12e-11	1.85e-07	6.46e-05	5.43e-03	7.26e-02	1.80e-01	2.03e-01	4.75e-01	6.08e-02	1.99e-03
 2.37181e+22	5.67e-16	4.60e-11	2.10e-07	7.28e-05	5.99e-03	7.79e-02	1.87e-01	2.07e-01	4.63e-01	5.69e-02	1.78e-03
 2.39552e+22	6.17e-16	5.27e-11	2.47e-07	8.51e-05	6.81e-03	8.53e-02	1.96e-01	2.11e-01	4.47e-01	5.18e-02	1.53e-03
 2.41987e+22	6.75e-16	5.96e-11	2.84e-07	9.67e-05	7.56e-03	9.16e-02	2.04e-01	2.14e-01	4.34e-01	4.81e-02	1.36e-03
 2.44060e+22	7.29e-16	6.65e-11	3.21e-07	1.08e-04	8.28e-03	9.76e-02	2.10e-01	2.16e-01	4.22e-01	4.49e-02	1.22e-03
 2.46308e+22	8.09e-16	7.68e-11	3.78e-07	1.26e-04	9.33e-03	1.06e-01	2.18e-01	2.18e-01	4.06e-01	4.10e-02	1.06e-03
 2.48509e+22	8.80e-16	8.59e-11	4.27e-07	1.41e-04	1.02e-02	1.12e-01	2.24e-01	2.20e-01	3.94e-01	3.83e-02	9.54e-04
 2.50648e+22	9.82e-16	9.93e-11	5.00e-07	1.62e-04	1.14e-02	1.21e-01	2.32e-01	2.22e-01	3.78e-01	3.50e-02	8.31e-04
 2.52808e+22	1.08e-15	1.12e-10	5.68e-07	1.82e-04	1.24e-02	1.28e-01	2.38e-01	2.22e-01	3.66e-01	3.26e-02	7.45e-04
 2.54997e+22	1.22e-15	1.31e-10	6.71e-07	2.11e-04	1.39e-02	1.37e-01	2.45e-01	2.23e-01	3.50e-01	2.97e-02	6.44e-04
 2.57197e+22	1.36e-15	1.49e-10	7.65e-07	2.36e-04	1.51e-02	1.45e-01	2.50e-01	2.23e-01	3.38e-01	2.76e-02	5.77e-04
 2.59410e+22	1.56e-15	1.75e-10	9.08e-07	2.74e-04	1.69e-02	1.55e-01	2.57e-01	2.23e-01	3.22e-01	2.50e-02	4.96e-04
 2.61651e+22	1.76e-15	2.01e-10	1.04e-06	3.08e-04	1.84e-02	1.64e-01	2.62e-01	2.22e-01	3.09e-01	2.31e-02	4.42e-04
 2.63926e+22	2.05e-15	2.40e-10	1.24e-06	3.59e-04	2.06e-02	1.75e-01	2.68e-01	2.21e-01	2.93e-01	2.08e-02	3.78e-04
 2.66234e+22	2.36e-15	2.78e-10	1.43e-06	4.04e-04	2.24e-02	1.85e-01	2.73e-01	2.20e-01	2.81e-01	1.91e-02	3.35e-04
 2.68585e+22	2.80e-15	3.36e-10	1.73e-06	4.72e-04	2.51e-02	1.97e-01	2.78e-01	2.17e-01	2.64e-01	1.71e-02	2.84e-04
 2.70976e+22	3.27e-15	3.93e-10	2.00e-06	5.33e-04	2.74e-02	2.08e-01	2.82e-01	2.15e-01	2.52e-01	1.56e-02	2.49e-04
 2.73418e+22	3.97e-15	4.83e-10	2.43e-06	6.25e-04	3.06e-02	2.22e-01	2.86e-01	2.11e-01	2.35e-01	1.39e-02	2.09e-04
 2.75910e+22	4.71e-15	5.71e-10	2.84e-06	7.08e-04	3.34e-02	2.33e-01	2.89e-01	2.08e-01	2.23e-01	1.26e-02	1.83e-04
 2.78468e+22	5.86e-15	7.13e-10	3.49e-06	8.35e-04	3.74e-02	2.48e-01	2.93e-01	2.03e-01	2.07e-01	1.10e-02	1.51e-04
 2.81060e+22	7.06e-15	8.51e-10	4.08e-06	9.46e-04	4.07e-02	2.60e-01	2.95e-01	1.99e-01	1.95e-01	9.96e-03	1.31e-04
 2.83694e+22	8.97e-15	1.07e-09	5.04e-06	1.12e-03	4.56e-02	2.75e-01	2.96e-01	1.93e-01	1.79e-01	8.65e-03	1.07e-04
 2.86356e+22	1.09e-14	1.29e-09	5.92e-06	1.26e-03	4.95e-02	2.88e-01	2.97e-01	1.88e-01	1.68e-01	7.76e-03	9.24e-05
 2.88640e+22	1.32e-14	1.54e-09	6.90e-06	1.42e-03	5.36e-02	2.99e-01	2.97e-01	1.83e-01	1.58e-01	6.98e-03	7.96e-05
 2.91198e+22	1.70e-14	1.94e-09	8.43e-06	1.66e-03	5.93e-02	3.15e-01	2.97e-01	1.77e-01	1.45e-01	6.06e-03	6.54e-05
 2.93779e+22	2.07e-14	2.31e-09	9.81e-06	1.86e-03	6.39e-02	3.26e-01	2.96e-01	1.71e-01	1.35e-01	5.43e-03	5.63e-05
 2.95956e+22	2.49e-14	2.73e-09	1.13e-05	2.07e-03	6.85e-02	3.37e-01	2.95e-01	1.66e-01	1.27e-01	4.89e-03	4.89e-05
 2.98354e+22	3.18e-14	3.40e-09	1.36e-05	2.38e-03	7.48e-02	3.51e-01	2.92e-01	1.59e-01	1.16e-01	4.26e-03	4.04e-05
 3.00725e+22	3.83e-14	3.99e-09	1.55e-05	2.63e-03	7.97e-02	3.61e-01	2.90e-01	1.54e-01	1.09e-01	3.84e-03	3.51e-05
 3.03062e+22	4.84e-14	4.89e-09	1.84e-05	2.98e-03	8.62e-02	3.73e-01	2.87e-01	1.48e-01	9.97e-02	3.37e-03	2.94e-05
 3.05497e+22	5.97e-14	5.87e-09	2.14e-05	3.33e-03	9.24e-02	3.84e-01	2.83e-01	1.42e-01	9.22e-02	2.98e-03	2.50e-05
 3.07687e+22	7.26e-14	6.94e-09	2.45e-05	3.68e-03	9.82e-02	3.94e-01	2.80e-01	1.36e-01	8.57e-02	2.67e-03	2.15e-05
 3.10162e+22	9.41e-14	8.66e-09	2.94e-05	4.20e-03	1.06e-01	4.06e-01	2.75e-01	1.29e-01	7.76e-02	2.30e-03	1.76e-05
 3.12692e+22	1.17e-13	1.04e-08	3.40e-05	4.67e-03	1.13e-01	4.15e-01	2.70e-01	1.23e-01	7.15e-02	2.03e-03	1.49e-05
 3.15292e+22	1.51e-13	1.29e-08	4.06e-05	5.29e-03	1.22e-01	4.26e-01	2.64e-01	1.16e-01	6.45e-02	1.74e-03	1.21e-05
 3.18013e+22	1.92e-13	1.58e-08	4.77e-05	5.94e-03	1.31e-01	4.36e-01	2.58e-01	1.10e-01	5.86e-02	1.50e-03	1.00e-05
 3.20446e+22	2.39e-13	1.89e-08	5.50e-05	6.57e-03	1.39e-01	4.44e-01	2.52e-01	1.04e-01	5.37e-02	1.32e-03	8.44e-06
 3.23165e+22	3.17e-13	2.40e-08	6.63e-05	7.49e-03	1.49e-01	4.53e-01	2.44e-01	9.70e-02	4.77e-02	1.11e-03	6.71e-06
 3.25934e+22	3.99e-13	2.90e-08	7.69e-05	8.30e-03	1.58e-01	4.60e-01	2.38e-01	9.14e-02	4.33e-02	9.65e-04	5.58e-06
 3.28767e+22	5.32e-13	3.67e-08	9.26e-05	9.44e-03	1.70e-01	4.68e-01	2.29e-01	8.46e-02	3.83e-02	8.06e-04	4.40e-06
 3.31654e+22	6.76e-13	4.46e-08	1.08e-04	1.05e-02	1.80e-01	4.74e-01	2.21e-01	7.92e-02	3.44e-02	6.92e-04	3.61e-06
 3.34224e+22	8.53e-13	5.40e-08	1.25e-04	1.16e-02	1.90e-01	4.78e-01	2.14e-01	7.41e-02	3.10e-02	5.96e-04	2.97e-06
 3.37177e+22	1.15e-12	6.87e-08	1.51e-04	1.31e-02	2.03e-01	4.83e-01	2.04e-01	6.79e-02	2.71e-02	4.91e-04	2.31e-06
 3.40191e+22	1.47e-12	8.38e-08	1.76e-04	1.46e-02	2.14e-01	4.87e-01	1.96e-01	6.30e-02	2.42e-02	4.17e-04	1.87e-06
 3.43283e+22	1.99e-12	1.07e-07	2.12e-04	1.65e-02	2.29e-01	4.89e-01	1.86e-01	5.73e-02	2.10e-02	3.40e-04	1.44e-06
 3.46361e+22	2.52e-12	1.30e-07	2.45e-04	1.82e-02	2.40e-01	4.91e-01	1.79e-01	5.31e-02	1.87e-02	2.89e-04	1.17e-06
 3.49419e+22	3.41e-12	1.65e-07	2.95e-04	2.05e-02	2.55e-01	4.91e-01	1.69e-01	4.80e-02	1.61e-02	2.35e-04	8.91e-07
 3.52568e+22	4.38e-12	2.02e-07	3.44e-04	2.27e-02	2.68e-01	4.90e-01	1.60e-01	4.41e-02	1.42e-02	1.97e-04	7.09e-07
 3.55835e+22	5.96e-12	2.59e-07	4.14e-04	2.56e-02	2.83e-01	4.88e-01	1.50e-01	3.96e-02	1.21e-02	1.58e-04	5.36e-07
 3.58877e+22	7.42e-12	3.09e-07	4.72e-04	2.78e-02	2.95e-01	4.86e-01	1.43e-01	3.66e-02	1.08e-02	1.35e-04	4.37e-07
 3.61220e+22	9.11e-12	3.63e-07	5.34e-04	3.01e-02	3.05e-01	4.83e-01	1.37e-01	3.40e-02	9.73e-03	1.16e-04	3.60e-07
 3.63861e+22	1.16e-11	4.39e-07	6.15e-04	3.29e-02	3.18e-01	4.79e-01	1.30e-01	3.11e-02	8.57e-03	9.71e-05	2.88e-07
 3.66697e+22	1.45e-11	5.24e-07	7.02e-04	3.58e-02	3.29e-01	4.75e-01	1.23e-01	2.85e-02	7.59e-03	8.22e-05	2.33e-07
 3.69366e+22	1.81e-11	6.26e-07	8.01e-04	3.89e-02	3.41e-01	4.70e-01	1.16e-01	2.62e-02	6.72e-03	6.94e-05	1.87e-07
 3.72418e+22	2.41e-11	7.86e-07	9.48e-04	4.32e-02	3.56e-01	4.63e-01	1.08e-01	2.34e-02	5.72e-03	5.56e-05	1.41e-07
 3.75438e+22	3.00e-11	9.35e-07	1.08e-03	4.67e-02	3.68e-01	4.56e-01	1.02e-01	2.14e-02	5.05e-03	4.68e-05	0.00e+00
 3.78418e+22	3.92e-11	1.15e-06	1.26e-03	5.14e-02	3.81e-01	4.48e-01	9.46e-02	1.91e-02	4.33e-03	3.79e-05	0.00e+00
 3.81484e+22	4.95e-11	1.39e-06	1.44e-03	5.57e-02	3.93e-01	4.40e-01	8.86e-02	1.74e-02	3.78e-03	3.14e-05	0.00e+00
 3.84208e+22	6.16e-11	1.65e-06	1.64e-03	6.01e-02	4.04e-01	4.32e-01	8.31e-02	1.58e-02	3.32e-03	2.63e-05	0.00e+00
 3.87295e+22	8.08e-11	2.04e-06	1.91e-03	6.59e-02	4.18e-01	4.21e-01	7.66e-02	1.40e-02	2.82e-03	2.11e-05	0.00e+00
 3.90485e+22	1.03e-10	2.45e-06	2.19e-03	7.15e-02	4.29e-01	4.11e-01	7.12e-02	1.26e-02	2.43e-03	1.73e-05	0.00e+00
 3.93339e+22	1.28e-10	2.93e-06	2.49e-03	7.70e-02	4.40e-01	4.01e-01	6.63e-02	1.14e-02	2.12e-03	1.43e-05	0.00e+00
 3.96580e+22	1.70e-10	3.64e-06	2.92e-03	8.44e-02	4.52e-01	3.88e-01	6.05e-02	1.00e-02	1.77e-03	1.12e-05	0.00e+00
 3.99926e+22	2.17e-10	4.41e-06	3.35e-03	9.14e-02	4.63e-01	3.76e-01	5.56e-02	8.92e-03	1.51e-03	9.06e-06	0.00e+00
 4.02904e+22	2.73e-10	5.27e-06	3.81e-03	9.83e-02	4.72e-01	3.65e-01	5.14e-02	8.00e-03	1.30e-03	7.41e-06	0.00e+00
 4.06271e+22	3.64e-10	6.58e-06	4.47e-03	1.08e-01	4.83e-01	3.50e-01	4.64e-02	6.96e-03	1.08e-03	5.74e-06	0.00e+00
 4.09723e+22	4.66e-10	7.97e-06	5.12e-03	1.16e-01	4.92e-01	3.37e-01	4.24e-02	6.15e-03	9.13e-04	4.58e-06	0.00e+00
 4.12771e+22	5.87e-10	9.52e-06	5.82e-03	1.24e-01	5.00e-01	3.25e-01	3.88e-02	5.48e-03	7.80e-04	3.71e-06	0.00e+00
 4.16220e+22	7.82e-10	1.19e-05	6.82e-03	1.35e-01	5.08e-01	3.09e-01	3.47e-02	4.72e-03	6.39e-04	2.84e-06	0.00e+00
 4.19764e+22	1.00e-09	1.44e-05	7.81e-03	1.46e-01	5.15e-01	2.96e-01	3.14e-02	4.14e-03	5.35e-04	2.24e-06	0.00e+00
 4.22909e+22	1.27e-09	1.72e-05	8.86e-03	1.56e-01	5.20e-01	2.83e-01	2.86e-02	3.66e-03	4.52e-04	1.79e-06	0.00e+00
 4.26473e+22	1.70e-09	2.16e-05	1.04e-02	1.69e-01	5.25e-01	2.67e-01	2.53e-02	3.12e-03	3.65e-04	1.35e-06	0.00e+00
 4.30142e+22	2.19e-09	2.62e-05	1.19e-02	1.81e-01	5.29e-01	2.53e-01	2.26e-02	2.71e-03	3.02e-04	1.05e-06	0.00e+00
 4.33411e+22	2.77e-09	3.14e-05	1.35e-02	1.93e-01	5.31e-01	2.40e-01	2.03e-02	2.37e-03	2.52e-04	8.22e-07	0.00e+00
 4.37128e+22	3.75e-09	3.95e-05	1.58e-02	2.09e-01	5.32e-01	2.23e-01	1.77e-02	1.99e-03	2.00e-04	6.03e-07	0.00e+00
 4.40918e+22	4.81e-09	4.77e-05	1.81e-02	2.23e-01	5.32e-01	2.10e-01	1.57e-02	1.72e-03	1.64e-04	4.64e-07	0.00e+00
 4.44804e+22	6.55e-09	6.03e-05	2.12e-02	2.40e-01	5.30e-01	1.94e-01	1.35e-02	1.43e-03	1.28e-04	3.34e-07	0.00e+00
 4.48731e+22	8.42e-09	7.29e-05	2.42e-02	2.55e-01	5.26e-01	1.81e-01	1.19e-02	1.22e-03	1.04e-04	2.54e-07	0.00e+00
 4.52112e+22	1.06e-08	8.68e-05	2.72e-02	2.69e-01	5.22e-01	1.69e-01	1.06e-02	1.06e-03	8.55e-05	1.97e-07	0.00e+00
 4.55276e+22	1.31e-08	1.02e-04	3.04e-02	2.83e-01	5.18e-01	1.59e-01	9.43e-03	9.21e-04	7.11e-05	1.54e-07	0.00e+00
 4.58761e+22	1.71e-08	1.24e-04	3.48e-02	3.00e-01	5.10e-01	1.46e-01	8.17e-03	7.75e-04	5.65e-05	0.00e+00	0.00e+00
 4.62296e+22	2.13e-08	1.47e-04	3.89e-02	3.14e-01	5.03e-01	1.36e-01	7.21e-03	6.68e-04	4.64e-05	0.00e+00	0.00e+00
 4.65346e+22	2.62e-08	1.71e-04	4.31e-02	3.27e-01	4.95e-01	1.27e-01	6.41e-03	5.81e-04	3.85e-05	0.00e+00	0.00e+00
 4.68760e+22	3.36e-08	2.06e-04	4.88e-02	3.44e-01	4.85e-01	1.16e-01	5.53e-03	4.88e-04	3.05e-05	0.00e+00	0.00e+00
 4.72313e+22	4.19e-08	2.43e-04	5.45e-02	3.59e-01	4.74e-01	1.07e-01	4.84e-03	4.16e-04	2.47e-05	0.00e+00	0.00e+00
 4.75529e+22	5.17e-08	2.84e-04	6.04e-02	3.72e-01	4.64e-01	9.87e-02	4.24e-03	3.57e-04	2.02e-05	0.00e+00	0.00e+00
 4.79196e+22	6.72e-08	3.45e-04	6.86e-02	3.90e-01	4.49e-01	8.88e-02	3.59e-03	2.93e-04	1.55e-05	0.00e+00	0.00e+00
 4.82881e+22	8.34e-08	4.04e-04	7.61e-02	4.03e-01	4.35e-01	8.12e-02	3.11e-03	2.48e-04	1.25e-05	0.00e+00	0.00e+00
 4.86073e+22	1.02e-07	4.69e-04	8.38e-02	4.16e-01	4.22e-01	7.43e-02	2.71e-03	2.12e-04	1.01e-05	0.00e+00	0.00e+00
 4.88951e+22	1.20e-07	5.28e-04	9.05e-02	4.26e-01	4.11e-01	6.90e-02	2.42e-03	1.86e-04	8.52e-06	0.00e+00	0.00e+00
 4.91937e+22	1.47e-07	6.14e-04	9.96e-02	4.38e-01	3.97e-01	6.28e-02	2.10e-03	1.57e-04	6.83e-06	0.00e+00	0.00e+00
 4.94984e+22	1.75e-07	6.96e-04	1.08e-01	4.48e-01	3.84e-01	5.77e-02	1.85e-03	1.36e-04	5.64e-06	0.00e+00	0.00e+00
 4.97655e+22	2.06e-07	7.83e-04	1.16e-01	4.56e-01	3.71e-01	5.32e-02	1.64e-03	1.18e-04	4.71e-06	0.00e+00	0.00e+00
 5.00674e+22	2.52e-07	9.07e-04	1.28e-01	4.67e-01	3.55e-01	4.79e-02	1.40e-03	9.87e-05	3.73e-06	0.00e+00	0.00e+00
 5.03745e+22	2.98e-07	1.02e-03	1.38e-01	4.74e-01	3.42e-01	4.38e-02	1.23e-03	8.49e-05	3.06e-06	0.00e+00	0.00e+00
 5.06468e+22	3.49e-07	1.15e-03	1.48e-01	4.81e-01	3.29e-01	4.01e-02	1.08e-03	7.33e-05	2.53e-06	0.00e+00	0.00e+00
 5.09592e+22	4.29e-07	1.33e-03	1.62e-01	4.89e-01	3.12e-01	3.56e-02	9.16e-04	6.04e-05	1.97e-06	0.00e+00	0.00e+00
 5.12732e+22	5.02e-07	1.49e-03	1.73e-01	4.94e-01	2.98e-01	3.24e-02	8.01e-04	5.17e-05	1.62e-06	0.00e+00	0.00e+00
 5.15894e+22	6.13e-07	1.72e-03	1.89e-01	4.99e-01	2.81e-01	2.86e-02	6.74e-04	4.24e-05	1.25e-06	0.00e+00	0.00e+00
 5.19102e+22	7.20e-07	1.93e-03	2.02e-01	5.03e-01	2.67e-01	2.58e-02	5.84e-04	3.59e-05	1.01e-06	0.00e+00	0.00e+00
 5.22370e+22	8.80e-07	2.22e-03	2.20e-01	5.05e-01	2.49e-01	2.26e-02	4.86e-04	2.90e-05	7.71e-07	0.00e+00	0.00e+00
 5.25675e+22	1.03e-06	2.49e-03	2.35e-01	5.07e-01	2.35e-01	2.02e-02	4.17e-04	2.43e-05	6.17e-07	0.00e+00	0.00e+00
 5.29027e+22	1.26e-06	2.86e-03	2.55e-01	5.06e-01	2.18e-01	1.75e-02	3.44e-04	1.94e-05	4.65e-07	0.00e+00	0.00e+00
 5.32423e+22	1.48e-06	3.20e-03	2.72e-01	5.05e-01	2.04e-01	1.55e-02	2.93e-04	1.61e-05	3.67e-07	0.00e+00	0.00e+00
 5.35877e+22	1.80e-06	3.68e-03	2.93e-01	5.02e-01	1.88e-01	1.33e-02	2.39e-04	1.27e-05	2.73e-07	0.00e+00	0.00e+00
 5.39387e+22	2.12e-06	4.11e-03	3.12e-01	4.98e-01	1.74e-01	1.16e-02	2.01e-04	1.04e-05	2.13e-07	0.00e+00	0.00e+00
 5.42972e+22	2.59e-06	4.72e-03	3.36e-01	4.91e-01	1.58e-01	9.81e-03	1.62e-04	8.08e-06	1.55e-07	0.00e+00	0.00e+00
 5.46611e+22	3.04e-06	5.27e-03	3.56e-01	4.84e-01	1.46e-01	8.51e-03	1.35e-04	6.53e-06	0.00e+00	0.00e+00	0.00e+00
 5.50318e+22	3.72e-06	6.03e-03	3.82e-01	4.73e-01	1.31e-01	7.08e-03	1.07e-04	4.97e-06	0.00e+00	0.00e+00	0.00e+00
 5.54110e+22	4.38e-06	6.73e-03	4.04e-01	4.63e-01	1.19e-01	6.06e-03	8.76e-05	3.95e-06	0.00e+00	0.00e+00	0.00e+00
 5.58012e+22	5.37e-06	7.71e-03	4.32e-01	4.49e-01	1.06e-01	4.94e-03	6.81e-05	2.93e-06	0.00e+00	0.00e+00	0.00e+00
 5.61412e+22	6.02e-06	8.31e-03	4.48e-01	4.41e-01	9.83e-02	4.40e-03	5.89e-05	2.47e-06	0.00e+00	0.00e+00	0.00e+00
 5.64159e+22	6.92e-06	9.11e-03	4.68e-01	4.29e-01	8.97e-02	3.79e-03	4.91e-05	1.99e-06	0.00e+00	0.00e+00	0.00e+00
 5.66989e+22	7.76e-06	9.83e-03	4.85e-01	4.19e-01	8.29e-02	3.34e-03	4.21e-05	1.66e-06	0.00e+00	0.00e+00	0.00e+00
 5.69927e+22	8.94e-06	1.08e-02	5.06e-01	4.06e-01	7.50e-02	2.85e-03	3.47e-05	1.32e-06	0.00e+00	0.00e+00	0.00e+00
 5.72916e+22	1.00e-05	1.16e-02	5.23e-01	3.94e-01	6.88e-02	2.49e-03	2.94e-05	1.09e-06	0.00e+00	0.00e+00	0.00e+00
 5.75972e+22	1.16e-05	1.27e-02	5.44e-01	3.79e-01	6.15e-02	2.09e-03	2.39e-05	8.47e-07	0.00e+00	0.00e+00	0.00e+00
 5.79045e+22	1.30e-05	1.37e-02	5.61e-01	3.67e-01	5.62e-02	1.81e-03	2.02e-05	6.93e-07	0.00e+00	0.00e+00	0.00e+00
 5.82143e+22	1.50e-05	1.50e-02	5.82e-01	3.52e-01	4.99e-02	1.51e-03	1.63e-05	5.35e-07	0.00e+00	0.00e+00	0.00e+00
 5.85289e+22	1.69e-05	1.61e-02	5.99e-01	3.39e-01	4.52e-02	1.30e-03	1.36e-05	4.33e-07	0.00e+00	0.00e+00	0.00e+00
 5.87591e+22	1.82e-05	1.69e-02	6.09e-01	3.30e-01	4.23e-02	1.18e-03	1.21e-05	3.76e-07	0.00e+00	0.00e+00	0.00e+00
 5.89359e+22	1.95e-05	1.76e-02	6.19e-01	3.22e-01	3.99e-02	1.08e-03	1.09e-05	3.31e-07	0.00e+00	0.00e+00	0.00e+00
 5.91340e+22	2.12e-05	1.86e-02	6.31e-01	3.12e-01	3.68e-02	9.58e-04	9.50e-06	2.80e-07	0.00e+00	0.00e+00	0.00e+00
 5.93916e+22	2.37e-05	1.99e-02	6.47e-01	2.99e-01	3.32e-02	8.19e-04	7.92e-06	2.25e-07	0.00e+00	0.00e+00	0.00e+00
 5.96499e+22	2.59e-05	2.11e-02	6.59e-01	2.89e-01	3.04e-02	7.21e-04	6.83e-06	1.88e-07	0.00e+00	0.00e+00	0.00e+00
 5.98633e+22	2.80e-05	2.21e-02	6.69e-01	2.80e-01	2.82e-02	6.44e-04	6.00e-06	1.61e-07	0.00e+00	0.00e+00	0.00e+00
 6.00952e+22	3.10e-05	2.35e-02	6.83e-01	2.68e-01	2.55e-02	5.57e-04	5.06e-06	1.31e-07	0.00e+00	0.00e+00	0.00e+00
 6.03965e+22	3.51e-05	2.53e-02	6.99e-01	2.53e-01	2.24e-02	4.60e-04	4.07e-06	0.00e+00	0.00e+00	0.00e+00	0.00e+00
 6.07070e+22	3.90e-05	2.69e-02	7.12e-01	2.41e-01	2.00e-02	3.92e-04	3.38e-06	0.00e+00	0.00e+00	0.00e+00	0.00e+00
 6.09803e+22	4.31e-05	2.86e-02	7.24e-01	2.29e-01	1.80e-02	3.35e-04	2.83e-06	0.00e+00	0.00e+00	0.00e+00	0.00e+00
 6.12863e+22	4.87e-05	3.07e-02	7.38e-01	2.16e-01	1.57e-02	2.76e-04	2.26e-06	0.00e+00	0.00e+00	0.00e+00	0.00e+00
 6.16320e+22	5.51e-05	3.30e-02	7.51e-01	2.02e-01	1.36e-02	2.26e-04	1.80e-06	0.00e+00	0.00e+00	0.00e+00	0.00e+00
 6.20293e+22	6.51e-05	3.63e-02	7.68e-01	1.84e-01	1.12e-02	1.71e-04	1.32e-06	0.00e+00	0.00e+00	0.00e+00	0.00e+00
 6.24170e+22	7.29e-05	3.88e-02	7.79e-01	1.73e-01	9.77e-03	1.42e-04	1.06e-06	0.00e+00	0.00e+00	0.00e+00	0.00e+00
 6.27922e+22	8.42e-05	4.22e-02	7.91e-01	1.58e-01	8.15e-03	1.10e-04	7.97e-07	0.00e+00	0.00e+00	0.00e+00	0.00e+00
 6.31855e+22	9.57e-05	4.53e-02	8.01e-01	1.46e-01	6.94e-03	8.84e-05	6.20e-07	0.00e+00	0.00e+00	0.00e+00	0.00e+00
 6.36024e+22	1.12e-04	4.96e-02	8.13e-01	1.32e-01	5.63e-03	6.64e-05	4.49e-07	0.00e+00	0.00e+00	0.00e+00	0.00e+00
 6.40213e+22	1.28e-04	5.33e-02	8.21e-01	1.21e-01	4.76e-03	5.29e-05	3.46e-07	0.00e+00	0.00e+00	0.00e+00	0.00e+00
 6.44430e+22	1.49e-04	5.81e-02	8.30e-01	1.08e-01	3.82e-03	3.95e-05	2.49e-07	0.00e+00	0.00e+00	0.00e+00	0.00e+00
 6.48746e+22	1.71e-04	6.27e-02	8.36e-01	9.81e-02	3.18e-03	3.09e-05	1.88e-07	0.00e+00	0.00e+00	0.00e+00	0.00e+00
 6.53193e+22	2.03e-04	6.86e-02	8.42e-01	8.63e-02	2.49e-03	2.24e-05	1.31e-07	0.00e+00	0.00e+00	0.00e+00	0.00e+00
 6.57673e+22	2.33e-04	7.40e-02	8.46e-01	7.78e-02	2.05e-03	1.74e-05	0.00e+00	0.00e+00	0.00e+00	0.00e+00	0.00e+00
 6.62195e+22	2.78e-04	8.11e-02	8.49e-01	6.76e-02	1.58e-03	1.24e-05	0.00e+00	0.00e+00	0.00e+00	0.00e+00	0.00e+00
 6.66220e+22	3.10e-04	8.61e-02	8.50e-01	6.21e-02	1.35e-03	1.02e-05	0.00e+00	0.00e+00	0.00e+00	0.00e+00	0.00e+00
 6.69598e+22	3.54e-04	9.20e-02	8.51e-01	5.55e-02	1.10e-03	7.87e-06	0.00e+00	0.00e+00	0.00e+00	0.00e+00	0.00e+00
 6.73075e+22	3.99e-04	9.79e-02	8.51e-01	5.02e-02	9.24e-04	6.28e-06	0.00e+00	0.00e+00	0.00e+00	0.00e+00	0.00e+00
 6.76171e+22	4.44e-04	1.03e-01	8.50e-01	4.56e-02	7.81e-04	5.09e-06	0.00e+00	0.00e+00	0.00e+00	0.00e+00	0.00e+00
 6.79688e+22	5.11e-04	1.11e-01	8.48e-01	4.01e-02	6.22e-04	3.83e-06	0.00e+00	0.00e+00	0.00e+00	0.00e+00	0.00e+00
 6.83254e+22	5.77e-04	1.18e-01	8.45e-01	3.58e-02	5.12e-04	3.02e-06	0.00e+00	0.00e+00	0.00e+00	0.00e+00	0.00e+00
 6.86390e+22	6.51e-04	1.25e-01	8.42e-01	3.19e-02	4.21e-04	2.37e-06	0.00e+00	0.00e+00	0.00e+00	0.00e+00	0.00e+00
 6.89970e+22	7.55e-04	1.34e-01	8.38e-01	2.74e-02	3.27e-04	1.73e-06	0.00e+00	0.00e+00	0.00e+00	0.00e+00	0.00e+00
 6.93623e+22	8.62e-04	1.43e-01	8.32e-01	2.39e-02	2.61e-04	1.31e-06	0.00e+00	0.00e+00	0.00e+00	0.00e+00	0.00e+00
 6.96815e+22	9.78e-04	1.51e-01	8.27e-01	2.09e-02	2.09e-04	1.00e-06	0.00e+00	0.00e+00	0.00e+00	0.00e+00	0.00e+00
 7.00409e+22	1.14e-03	1.62e-01	8.19e-01	1.75e-02	1.57e-04	7.02e-07	0.00e+00	0.00e+00	0.00e+00	0.00e+00	0.00e+00
 7.04153e+22	1.32e-03	1.73e-01	8.11e-01	1.47e-02	1.20e-04	5.01e-07	0.00e+00	0.00e+00	0.00e+00	0.00e+00	0.00e+00
 7.07480e+22	1.52e-03	1.84e-01	8.02e-01	1.23e-02	9.21e-05	3.60e-07	0.00e+00	0.00e+00	0.00e+00	0.00e+00	0.00e+00
 7.10674e+22	1.74e-03	1.95e-01	7.93e-01	1.03e-02	7.05e-05	2.56e-07	0.00e+00	0.00e+00	0.00e+00	0.00e+00	0.00e+00
 7.13598e+22	1.96e-03	2.04e-01	7.85e-01	8.71e-03	5.53e-05	1.87e-07	0.00e+00	0.00e+00	0.00e+00	0.00e+00	0.00e+00
 7.16256e+22	2.20e-03	2.14e-01	7.76e-01	7.33e-03	4.34e-05	1.36e-07	0.00e+00	0.00e+00	0.00e+00	0.00e+00	0.00e+00
 7.19275e+22	2.54e-03	2.26e-01	7.65e-01	5.87e-03	3.20e-05	0.00e+00	0.00e+00	0.00e+00	0.00e+00	0.00e+00	0.00e+00
 7.21516e+22	2.70e-03	2.31e-01	7.61e-01	5.18e-03	2.72e-05	0.00e+00	0.00e+00	0.00e+00	0.00e+00	0.00e+00	0.00e+00
 7.22328e+22	2.78e-03	2.34e-01	7.58e-01	4.91e-03	2.53e-05	0.00e+00	0.00e+00	0.00e+00	0.00e+00	0.00e+00	0.00e+00
 7.22915e+22	2.86e-03	2.36e-01	7.56e-01	4.68e-03	2.38e-05	0.00e+00	0.00e+00	0.00e+00	0.00e+00	0.00e+00	0.00e+00
 7.23598e+22	2.94e-03	2.39e-01	7.54e-01	4.43e-03	2.22e-05	0.00e+00	0.00e+00	0.00e+00	0.00e+00	0.00e+00	0.00e+00
 7.24423e+22	3.07e-03	2.42e-01	7.50e-01	4.13e-03	2.03e-05	0.00e+00	0.00e+00	0.00e+00	0.00e+00	0.00e+00	0.00e+00
 7.25255e+22	3.18e-03	2.45e-01	7.48e-01	3.86e-03	1.87e-05	0.00e+00	0.00e+00	0.00e+00	0.00e+00	0.00e+00	0.00e+00
 7.25994e+22	3.29e-03	2.48e-01	7.45e-01	3.63e-03	1.73e-05	0.00e+00	0.00e+00	0.00e+00	0.00e+00	0.00e+00	0.00e+00
 7.26710e+22	3.40e-03	2.51e-01	7.42e-01	3.41e-03	1.60e-05	0.00e+00	0.00e+00	0.00e+00	0.00e+00	0.00e+00	0.00e+00
 7.27417e+22	3.51e-03	2.54e-01	7.39e-01	3.20e-03	1.48e-05	0.00e+00	0.00e+00	0.00e+00	0.00e+00	0.00e+00	0.00e+00
 7.28109e+22	3.61e-03	2.56e-01	7.37e-01	3.02e-03	1.38e-05	0.00e+00	0.00e+00	0.00e+00	0.00e+00	0.00e+00	0.00e+00
 7.28823e+22	3.74e-03	2.59e-01	7.34e-01	2.82e-03	1.28e-05	0.00e+00	0.00e+00	0.00e+00	0.00e+00	0.00e+00	0.00e+00
 7.29533e+22	3.86e-03	2.62e-01	7.32e-01	2.65e-03	1.18e-05	0.00e+00	0.00e+00	0.00e+00	0.00e+00	0.00e+00	0.00e+00
 7.30197e+22	3.99e-03	2.64e-01	7.29e-01	2.48e-03	1.10e-05	0.00e+00	0.00e+00	0.00e+00	0.00e+00	0.00e+00	0.00e+00
 7.30831e+22	4.10e-03	2.66e-01	7.27e-01	2.34e-03	1.03e-05	0.00e+00	0.00e+00	0.00e+00	0.00e+00	0.00e+00	0.00e+00
 7.31468e+22	4.23e-03	2.69e-01	7.24e-01	2.20e-03	9.54e-06	0.00e+00	0.00e+00	0.00e+00	0.00e+00	0.00e+00	0.00e+00
 7.32116e+22	4.35e-03	2.71e-01	7.23e-01	2.06e-03	8.89e-06	0.00e+00	0.00e+00	0.00e+00	0.00e+00	0.00e+00	0.00e+00
 7.32762e+22	4.50e-03	2.74e-01	7.20e-01	1.93e-03	8.25e-06	0.00e+00	0.00e+00	0.00e+00	0.00e+00	0.00e+00	0.00e+00
 7.33379e+22	4.61e-03	2.76e-01	7.18e-01	1.82e-03	7.72e-06	0.00e+00	0.00e+00	0.00e+00	0.00e+00	0.00e+00	0.00e+00
 7.33989e+22	4.75e-03	2.78e-01	7.16e-01	1.71e-03	7.20e-06	0.00e+00	0.00e+00	0.00e+00	0.00e+00	0.00e+00	0.00e+00
 7.34612e+22	4.91e-03	2.80e-01	7.13e-01	1.60e-03	6.70e-06	0.00e+00	0.00e+00	0.00e+00	0.00e+00	0.00e+00	0.00e+00
 7.35189e+22	5.04e-03	2.82e-01	7.11e-01	1.50e-03	6.28e-06	0.00e+00	0.00e+00	0.00e+00	0.00e+00	0.00e+00	0.00e+00
 7.35743e+22	5.16e-03	2.84e-01	7.10e-01	1.42e-03	5.92e-06	0.00e+00	0.00e+00	0.00e+00	0.00e+00	0.00e+00	0.00e+00
 7.36342e+22	5.33e-03	2.86e-01	7.07e-01	1.33e-03	5.51e-06	0.00e+00	0.00e+00	0.00e+00	0.00e+00	0.00e+00	0.00e+00
 7.36948e+22	5.49e-03	2.89e-01	7.05e-01	1.24e-03	5.14e-06	0.00e+00	0.00e+00	0.00e+00	0.00e+00	0.00e+00	0.00e+00
 7.37494e+22	5.64e-03	2.90e-01	7.03e-01	1.17e-03	4.84e-06	0.00e+00	0.00e+00	0.00e+00	0.00e+00	0.00e+00	0.00e+00
 7.38021e+22	5.76e-03	2.91e-01	7.02e-01	1.11e-03	4.57e-06	0.00e+00	0.00e+00	0.00e+00	0.00e+00	0.00e+00	0.00e+00
 7.38595e+22	5.95e-03	2.94e-01	6.99e-01	1.04e-03	4.27e-06	0.00e+00	0.00e+00	0.00e+00	0.00e+00	0.00e+00	0.00e+00
 7.39176e+22	6.13e-03	2.96e-01	6.97e-01	9.75e-04	4.00e-06	0.00e+00	0.00e+00	0.00e+00	0.00e+00	0.00e+00	0.00e+00
 7.39700e+22	6.29e-03	2.97e-01	6.95e-01	9.20e-04	3.78e-06	0.00e+00	0.00e+00	0.00e+00	0.00e+00	0.00e+00	0.00e+00
 7.40209e+22	6.41e-03	2.98e-01	6.95e-01	8.72e-04	3.58e-06	0.00e+00	0.00e+00	0.00e+00	0.00e+00	0.00e+00	0.00e+00
 7.40769e+22	6.62e-03	3.00e-01	6.92e-01	8.17e-04	3.35e-06	0.00e+00	0.00e+00	0.00e+00	0.00e+00	0.00e+00	0.00e+00
 7.41341e+22	6.83e-03	3.02e-01	6.90e-01	7.66e-04	3.15e-06	0.00e+00	0.00e+00	0.00e+00	0.00e+00	0.00e+00	0.00e+00
 7.41850e+22	7.00e-03	3.04e-01	6.89e-01	7.25e-04	2.98e-06	0.00e+00	0.00e+00	0.00e+00	0.00e+00	0.00e+00	0.00e+00
 7.42343e+22	7.13e-03	3.04e-01	6.88e-01	6.88e-04	2.84e-06	0.00e+00	0.00e+00	0.00e+00	0.00e+00	0.00e+00	0.00e+00
 7.42900e+22	7.35e-03	3.06e-01	6.86e-01	6.46e-04	2.67e-06	0.00e+00	0.00e+00	0.00e+00	0.00e+00	0.00e+00	0.00e+00
 7.43481e+22	7.58e-03	3.07e-01	6.84e-01	6.06e-04	2.51e-06	0.00e+00	0.00e+00	0.00e+00	0.00e+00	0.00e+00	0.00e+00
 7.44002e+22	7.77e-03	3.09e-01	6.83e-01	5.73e-04	2.38e-06	0.00e+00	0.00e+00	0.00e+00	0.00e+00	0.00e+00	0.00e+00
 7.44500e+22	7.97e-03	3.10e-01	6.82e-01	5.43e-04	2.26e-06	0.00e+00	0.00e+00	0.00e+00	0.00e+00	0.00e+00	0.00e+00
 7.45020e+22	8.18e-03	3.11e-01	6.80e-01	5.13e-04	2.15e-06	0.00e+00	0.00e+00	0.00e+00	0.00e+00	0.00e+00	0.00e+00
 7.45555e+22	8.39e-03	3.12e-01	6.79e-01	4.85e-04	2.04e-06	0.00e+00	0.00e+00	0.00e+00	0.00e+00	0.00e+00	0.00e+00
 7.46098e+22	8.64e-03	3.13e-01	6.78e-01	4.58e-04	1.93e-06	0.00e+00	0.00e+00	0.00e+00	0.00e+00	0.00e+00	0.00e+00
 7.46629e+22	8.84e-03	3.14e-01	6.77e-01	4.34e-04	1.84e-06	0.00e+00	0.00e+00	0.00e+00	0.00e+00	0.00e+00	0.00e+00
 7.47163e+22	9.12e-03	3.16e-01	6.75e-01	4.10e-04	1.74e-06	0.00e+00	0.00e+00	0.00e+00	0.00e+00	0.00e+00	0.00e+00
 7.47699e+22	9.33e-03	3.16e-01	6.74e-01	3.89e-04	1.66e-06	0.00e+00	0.00e+00	0.00e+00	0.00e+00	0.00e+00	0.00e+00
 7.48242e+22	9.60e-03	3.17e-01	6.73e-01	3.69e-04	1.58e-06	0.00e+00	0.00e+00	0.00e+00	0.00e+00	0.00e+00	0.00e+00
 7.48804e+22	9.89e-03	3.19e-01	6.71e-01	3.49e-04	1.51e-06	0.00e+00	0.00e+00	0.00e+00	0.00e+00	0.00e+00	0.00e+00
 7.49351e+22	1.02e-02	3.20e-01	6.70e-01	3.31e-04	1.44e-06	0.00e+00	0.00e+00	0.00e+00	0.00e+00	0.00e+00	0.00e+00
 7.49900e+22	1.04e-02	3.21e-01	6.68e-01	3.15e-04	1.38e-06	0.00e+00	0.00e+00	0.00e+00	0.00e+00	0.00e+00	0.00e+00
 7.50472e+22	1.08e-02	3.22e-01	6.67e-01	2.98e-04	1.32e-06	0.00e+00	0.00e+00	0.00e+00	0.00e+00	0.00e+00	0.00e+00
 7.51062e+22	1.11e-02	3.23e-01	6.66e-01	2.83e-04	1.26e-06	0.00e+00	0.00e+00	0.00e+00	0.00e+00	0.00e+00	0.00e+00
 7.51665e+22	1.14e-02	3.24e-01	6.64e-01	2.68e-04	1.20e-06	0.00e+00	0.00e+00	0.00e+00	0.00e+00	0.00e+00	0.00e+00
 7.52269e+22	1.18e-02	3.26e-01	6.62e-01	2.55e-04	1.15e-06	0.00e+00	0.00e+00	0.00e+00	0.00e+00	0.00e+00	0.00e+00
 7.52876e+22	1.21e-02	3.27e-01	6.61e-01	2.42e-04	1.10e-06	0.00e+00	0.00e+00	0.00e+00	0.00e+00	0.00e+00	0.00e+00
 7.53507e+22	1.26e-02	3.28e-01	6.59e-01	2.30e-04	1.06e-06	0.00e+00	0.00e+00	0.00e+00	0.00e+00	0.00e+00	0.00e+00
 7.54092e+22	1.29e-02	3.30e-01	6.57e-01	2.20e-04	1.02e-06	0.00e+00	0.00e+00	0.00e+00	0.00e+00	0.00e+00	0.00e+00
 7.54594e+22	1.33e-02	3.31e-01	6.56e-01	2.12e-04	9.88e-07	0.00e+00	0.00e+00	0.00e+00	0.00e+00	0.00e+00	0.00e+00
 7.55092e+22	1.36e-02	3.32e-01	6.54e-01	2.04e-04	9.58e-07	0.00e+00	0.00e+00	0.00e+00	0.00e+00	0.00e+00	0.00e+00
 7.55633e+22	1.40e-02	3.34e-01	6.52e-01	1.96e-04	9.28e-07	0.00e+00	0.00e+00	0.00e+00	0.00e+00	0.00e+00	0.00e+00
 7.56204e+22	1.45e-02	3.36e-01	6.49e-01	1.88e-04	8.97e-07	0.00e+00	0.00e+00	0.00e+00	0.00e+00	0.00e+00	0.00e+00
 7.56769e+22	1.49e-02	3.38e-01	6.47e-01	1.80e-04	8.70e-07	0.00e+00	0.00e+00	0.00e+00	0.00e+00	0.00e+00	0.00e+00
 7.57328e+22	1.54e-02	3.40e-01	6.45e-01	1.73e-04	8.44e-07	0.00e+00	0.00e+00	0.00e+00	0.00e+00	0.00e+00	0.00e+00
 7.57904e+22	1.59e-02	3.42e-01	6.42e-01	1.67e-04	8.18e-07	0.00e+00	0.00e+00	0.00e+00	0.00e+00	0.00e+00	0.00e+00
 7.58501e+22	1.65e-02	3.44e-01	6.39e-01	1.60e-04	7.93e-07	0.00e+00	0.00e+00	0.00e+00	0.00e+00	0.00e+00	0.00e+00
 7.59110e+22	1.71e-02	3.47e-01	6.36e-01	1.54e-04	7.69e-07	0.00e+00	0.00e+00	0.00e+00	0.00e+00	0.00e+00	0.00e+00
 7.59721e+22	1.76e-02	3.49e-01	6.33e-01	1.48e-04	7.47e-07	0.00e+00	0.00e+00	0.00e+00	0.00e+00	0.00e+00	0.00e+00
 7.60345e+22	1.83e-02	3.52e-01	6.30e-01	1.42e-04	7.25e-07	0.00e+00	0.00e+00	0.00e+00	0.00e+00	0.00e+00	0.00e+00
 7.60990e+22	1.90e-02	3.55e-01	6.26e-01	1.36e-04	7.03e-07	0.00e+00	0.00e+00	0.00e+00	0.00e+00	0.00e+00	0.00e+00
 7.61637e+22	1.97e-02	3.58e-01	6.22e-01	1.31e-04	6.82e-07	0.00e+00	0.00e+00	0.00e+00	0.00e+00	0.00e+00	0.00e+00
 7.62292e+22	2.05e-02	3.61e-01	6.18e-01	1.26e-04	6.63e-07	0.00e+00	0.00e+00	0.00e+00	0.00e+00	0.00e+00	0.00e+00
 7.62970e+22	2.13e-02	3.64e-01	6.14e-01	1.20e-04	6.43e-07	0.00e+00	0.00e+00	0.00e+00	0.00e+00	0.00e+00	0.00e+00
 7.63669e+22	2.22e-02	3.68e-01	6.10e-01	1.15e-04	6.24e-07	0.00e+00	0.00e+00	0.00e+00	0.00e+00	0.00e+00	0.00e+00
 7.64375e+22	2.31e-02	3.72e-01	6.05e-01	1.11e-04	6.06e-07	0.00e+00	0.00e+00	0.00e+00	0.00e+00	0.00e+00	0.00e+00
 7.65090e+22	2.41e-02	3.75e-01	6.00e-01	1.06e-04	5.89e-07	0.00e+00	0.00e+00	0.00e+00	0.00e+00	0.00e+00	0.00e+00
 7.65830e+22	2.51e-02	3.79e-01	5.95e-01	1.02e-04	5.72e-07	0.00e+00	0.00e+00	0.00e+00	0.00e+00	0.00e+00	0.00e+00
 7.66587e+22	2.62e-02	3.83e-01	5.90e-01	9.76e-05	5.55e-07	0.00e+00	0.00e+00	0.00e+00	0.00e+00	0.00e+00	0.00e+00
 7.67366e+22	2.73e-02	3.88e-01	5.85e-01	9.34e-05	5.38e-07	0.00e+00	0.00e+00	0.00e+00	0.00e+00	0.00e+00	0.00e+00
 7.68168e+22	2.86e-02	3.92e-01	5.79e-01	8.93e-05	5.22e-07	0.00e+00	0.00e+00	0.00e+00	0.00e+00	0.00e+00	0.00e+00
 7.68977e+22	2.98e-02	3.97e-01	5.73e-01	8.55e-05	5.07e-07	0.00e+00	0.00e+00	0.00e+00	0.00e+00	0.00e+00	0.00e+00
 7.69806e+22	3.12e-02	4.01e-01	5.67e-01	8.18e-05	4.92e-07	0.00e+00	0.00e+00	0.00e+00	0.00e+00	0.00e+00	0.00e+00
 7.70674e+22	3.27e-02	4.06e-01	5.61e-01	7.80e-05	4.77e-07	0.00e+00	0.00e+00	0.00e+00	0.00e+00	0.00e+00	0.00e+00
 7.71571e+22	3.42e-02	4.11e-01	5.54e-01	7.45e-05	4.62e-07	0.00e+00	0.00e+00	0.00e+00	0.00e+00	0.00e+00	0.00e+00
 7.72476e+22	3.58e-02	4.17e-01	5.48e-01	7.11e-05	4.48e-07	0.00e+00	0.00e+00	0.00e+00	0.00e+00	0.00e+00	0.00e+00
 7.73387e+22	3.75e-02	4.22e-01	5.41e-01	6.79e-05	4.35e-07	0.00e+00	0.00e+00	0.00e+00	0.00e+00	0.00e+00	0.00e+00
 7.74317e+22	3.92e-02	4.27e-01	5.34e-01	6.48e-05	4.22e-07	0.00e+00	0.00e+00	0.00e+00	0.00e+00	0.00e+00	0.00e+00
 7.75275e+22	4.12e-02	4.32e-01	5.26e-01	6.18e-05	4.09e-07	0.00e+00	0.00e+00	0.00e+00	0.00e+00	0.00e+00	0.00e+00
 7.76271e+22	4.33e-02	4.38e-01	5.19e-01	5.88e-05	3.95e-07	0.00e+00	0.00e+00	0.00e+00	0.00e+00	0.00e+00	0.00e+00
 7.77303e+22	4.54e-02	4.44e-01	5.11e-01	5.60e-05	3.83e-07	0.00e+00	0.00e+00	0.00e+00	0.00e+00	0.00e+00	0.00e+00
 7.78338e+22	4.76e-02	4.49e-01	5.03e-01	5.34e-05	3.71e-07	0.00e+00	0.00e+00	0.00e+00	0.00e+00	0.00e+00	0.00e+00
 7.79378e+22	5.00e-02	4.55e-01	4.95e-01	5.08e-05	3.59e-07	0.00e+00	0.00e+00	0.00e+00	0.00e+00	0.00e+00	0.00e+00
 7.80469e+22	5.27e-02	4.61e-01	4.86e-01	4.82e-05	3.46e-07	0.00e+00	0.00e+00	0.00e+00	0.00e+00	0.00e+00	0.00e+00
 7.81620e+22	5.55e-02	4.67e-01	4.77e-01	4.57e-05	3.34e-07	0.00e+00	0.00e+00	0.00e+00	0.00e+00	0.00e+00	0.00e+00
 7.82799e+22	5.85e-02	4.74e-01	4.68e-01	4.33e-05	3.22e-07	0.00e+00	0.00e+00	0.00e+00	0.00e+00	0.00e+00	0.00e+00
 7.84000e+22	6.18e-02	4.80e-01	4.58e-01	4.10e-05	3.10e-07	0.00e+00	0.00e+00	0.00e+00	0.00e+00	0.00e+00	0.00e+00
 7.85243e+22	6.54e-02	4.86e-01	4.48e-01	3.88e-05	2.97e-07	0.00e+00	0.00e+00	0.00e+00	0.00e+00	0.00e+00	0.00e+00
 7.86532e+22	6.93e-02	4.93e-01	4.38e-01	3.66e-05	2.85e-07	0.00e+00	0.00e+00	0.00e+00	0.00e+00	0.00e+00	0.00e+00
 7.87814e+22	7.34e-02	4.99e-01	4.27e-01	3.45e-05	2.73e-07	0.00e+00	0.00e+00	0.00e+00	0.00e+00	0.00e+00	0.00e+00
 7.89021e+22	7.74e-02	5.05e-01	4.18e-01	3.28e-05	2.62e-07	0.00e+00	0.00e+00	0.00e+00	0.00e+00	0.00e+00	0.00e+00
 7.90159e+22	8.15e-02	5.10e-01	4.08e-01	3.11e-05	2.52e-07	0.00e+00	0.00e+00	0.00e+00	0.00e+00	0.00e+00	0.00e+00
 7.91262e+22	8.56e-02	5.15e-01	3.99e-01	2.96e-05	2.42e-07	0.00e+00	0.00e+00	0.00e+00	0.00e+00	0.00e+00	0.00e+00
 7.92333e+22	8.98e-02	5.20e-01	3.90e-01	2.82e-05	2.32e-07	0.00e+00	0.00e+00	0.00e+00	0.00e+00	0.00e+00	0.00e+00
 7.93371e+22	9.41e-02	5.25e-01	3.81e-01	2.69e-05	2.23e-07	0.00e+00	0.00e+00	0.00e+00	0.00e+00	0.00e+00	0.00e+00
 7.94366e+22	9.84e-02	5.29e-01	3.73e-01	2.53e-05	2.14e-07	0.00e+00	0.00e+00	0.00e+00	0.00e+00	0.00e+00	0.00e+00
 7.95309e+22	1.03e-01	5.33e-01	3.65e-01	2.40e-05	2.06e-07	0.00e+00	0.00e+00	0.00e+00	0.00e+00	0.00e+00	0.00e+00
 7.96206e+22	1.07e-01	5.36e-01	3.57e-01	2.27e-05	1.99e-07	0.00e+00	0.00e+00	0.00e+00	0.00e+00	0.00e+00	0.00e+00
 7.97047e+22	1.11e-01	5.39e-01	3.49e-01	2.16e-05	1.92e-07	0.00e+00	0.00e+00	0.00e+00	0.00e+00	0.00e+00	0.00e+00
 7.97862e+22	1.16e-01	5.43e-01	3.42e-01	2.05e-05	1.84e-07	0.00e+00	0.00e+00	0.00e+00	0.00e+00	0.00e+00	0.00e+00
 7.98674e+22	1.20e-01	5.46e-01	3.34e-01	1.95e-05	1.78e-07	0.00e+00	0.00e+00	0.00e+00	0.00e+00	0.00e+00	0.00e+00
 7.99459e+22	1.25e-01	5.48e-01	3.27e-01	1.86e-05	1.71e-07	0.00e+00	0.00e+00	0.00e+00	0.00e+00	0.00e+00	0.00e+00
 8.00214e+22	1.29e-01	5.51e-01	3.20e-01	1.77e-05	1.65e-07	0.00e+00	0.00e+00	0.00e+00	0.00e+00	0.00e+00	0.00e+00
 8.00940e+22	1.34e-01	5.53e-01	3.13e-01	1.69e-05	1.59e-07	0.00e+00	0.00e+00	0.00e+00	0.00e+00	0.00e+00	0.00e+00
 8.01641e+22	1.39e-01	5.55e-01	3.06e-01	1.61e-05	1.53e-07	0.00e+00	0.00e+00	0.00e+00	0.00e+00	0.00e+00	0.00e+00
 8.02318e+22	1.43e-01	5.57e-01	3.00e-01	1.54e-05	1.48e-07	0.00e+00	0.00e+00	0.00e+00	0.00e+00	0.00e+00	0.00e+00
 8.02972e+22	1.48e-01	5.59e-01	2.93e-01	1.47e-05	1.42e-07	0.00e+00	0.00e+00	0.00e+00	0.00e+00	0.00e+00	0.00e+00
 8.03603e+22	1.53e-01	5.60e-01	2.87e-01	1.41e-05	1.37e-07	0.00e+00	0.00e+00	0.00e+00	0.00e+00	0.00e+00	0.00e+00
 8.04212e+22	1.58e-01	5.62e-01	2.80e-01	1.35e-05	1.33e-07	0.00e+00	0.00e+00	0.00e+00	0.00e+00	0.00e+00	0.00e+00
 8.04799e+22	1.63e-01	5.63e-01	2.74e-01	1.30e-05	1.28e-07	0.00e+00	0.00e+00	0.00e+00	0.00e+00	0.00e+00	0.00e+00
 8.05366e+22	1.67e-01	5.64e-01	2.68e-01	1.24e-05	1.24e-07	0.00e+00	0.00e+00	0.00e+00	0.00e+00	0.00e+00	0.00e+00
 8.05913e+22	1.72e-01	5.65e-01	2.62e-01	1.19e-05	0.00e+00	0.00e+00	0.00e+00	0.00e+00	0.00e+00	0.00e+00	0.00e+00
 8.06426e+22	1.77e-01	5.66e-01	2.57e-01	1.15e-05	0.00e+00	0.00e+00	0.00e+00	0.00e+00	0.00e+00	0.00e+00	0.00e+00
 8.06894e+22	1.82e-01	5.67e-01	2.52e-01	1.11e-05	0.00e+00	0.00e+00	0.00e+00	0.00e+00	0.00e+00	0.00e+00	0.00e+00
 8.07319e+22	1.86e-01	5.67e-01	2.47e-01	1.07e-05	0.00e+00	0.00e+00	0.00e+00	0.00e+00	0.00e+00	0.00e+00	0.00e+00
 8.07706e+22	1.90e-01	5.67e-01	2.42e-01	1.04e-05	0.00e+00	0.00e+00	0.00e+00	0.00e+00	0.00e+00	0.00e+00	0.00e+00
 8.08058e+22	1.94e-01	5.68e-01	2.38e-01	1.01e-05	0.00e+00	0.00e+00	0.00e+00	0.00e+00	0.00e+00	0.00e+00	0.00e+00
 8.08378e+22	1.98e-01	5.68e-01	2.34e-01	9.85e-06	0.00e+00	0.00e+00	0.00e+00	0.00e+00	0.00e+00	0.00e+00	0.00e+00
 8.08670e+22	2.01e-01	5.68e-01	2.31e-01	9.61e-06	0.00e+00	0.00e+00	0.00e+00	0.00e+00	0.00e+00	0.00e+00	0.00e+00
 8.08990e+22	2.06e-01	5.68e-01	2.26e-01	9.33e-06	0.00e+00	0.00e+00	0.00e+00	0.00e+00	0.00e+00	0.00e+00	0.00e+00
 8.09334e+22	2.10e-01	5.68e-01	2.22e-01	9.07e-06	0.00e+00	0.00e+00	0.00e+00	0.00e+00	0.00e+00	0.00e+00	0.00e+00
 8.09648e+22	2.13e-01	5.68e-01	2.19e-01	8.85e-06	0.00e+00	0.00e+00	0.00e+00	0.00e+00	0.00e+00	0.00e+00	0.00e+00
 8.09992e+22	2.18e-01	5.68e-01	2.15e-01	8.56e-06	0.00e+00	0.00e+00	0.00e+00	0.00e+00	0.00e+00	0.00e+00	0.00e+00
 8.10364e+22	2.22e-01	5.67e-01	2.11e-01	8.30e-06	0.00e+00	0.00e+00	0.00e+00	0.00e+00	0.00e+00	0.00e+00	0.00e+00
 8.10702e+22	2.26e-01	5.67e-01	2.07e-01	8.07e-06	0.00e+00	0.00e+00	0.00e+00	0.00e+00	0.00e+00	0.00e+00	0.00e+00
 8.11009e+22	2.30e-01	5.66e-01	2.04e-01	7.86e-06	0.00e+00	0.00e+00	0.00e+00	0.00e+00	0.00e+00	0.00e+00	0.00e+00
 8.11289e+22	2.34e-01	5.66e-01	2.00e-01	7.67e-06	0.00e+00	0.00e+00	0.00e+00	0.00e+00	0.00e+00	0.00e+00	0.00e+00
 8.11544e+22	2.38e-01	5.65e-01	1.97e-01	7.48e-06	0.00e+00	0.00e+00	0.00e+00	0.00e+00	0.00e+00	0.00e+00	0.00e+00
 8.11775e+22	2.40e-01	5.65e-01	1.95e-01	7.34e-06	0.00e+00	0.00e+00	0.00e+00	0.00e+00	0.00e+00	0.00e+00	0.00e+00
 8.12029e+22	2.44e-01	5.65e-01	1.92e-01	7.18e-06	0.00e+00	0.00e+00	0.00e+00	0.00e+00	0.00e+00	0.00e+00	0.00e+00
 8.12359e+22	2.48e-01	5.64e-01	1.88e-01	6.97e-06	0.00e+00	0.00e+00	0.00e+00	0.00e+00	0.00e+00	0.00e+00	0.00e+00
 8.12716e+22	2.52e-01	5.63e-01	1.85e-01	6.78e-06	0.00e+00	0.00e+00	0.00e+00	0.00e+00	0.00e+00	0.00e+00	0.00e+00
 8.13040e+22	2.56e-01	5.62e-01	1.82e-01	6.59e-06	0.00e+00	0.00e+00	0.00e+00	0.00e+00	0.00e+00	0.00e+00	0.00e+00
 8.13335e+22	2.58e-01	5.62e-01	1.80e-01	6.46e-06	0.00e+00	0.00e+00	0.00e+00	0.00e+00	0.00e+00	0.00e+00	0.00e+00
