#depth	Ne	Ne+	Ne+2	Ne+3	Ne+4	Ne+5	Ne+6	Ne+7	Ne+8	Ne+9	Ne+10
 1.54284e+22	0.00e+00	0.00e+00	3.65e-24	1.06e-19	6.94e-16	1.12e-12	7.11e-10	2.77e-07	3.51e-04	3.67e-02	9.63e-01
 3.47759e+22	0.00e+00	8.12e-28	1.11e-22	2.11e-18	9.14e-15	9.67e-12	4.01e-09	1.01e-06	8.32e-04	5.59e-02	9.43e-01
 4.09188e+22	5.36e-33	8.54e-27	8.95e-22	1.31e-17	4.38e-14	3.58e-11	1.14e-08	2.20e-06	1.39e-03	7.16e-02	9.27e-01
 4.49217e+22	5.16e-32	6.49e-26	5.39e-21	6.29e-17	1.68e-13	1.10e-10	2.76e-08	4.22e-06	2.14e-03	8.80e-02	9.10e-01
 4.71456e+22	9.39e-32	1.11e-25	8.66e-21	9.51e-17	2.40e-13	1.47e-10	3.48e-08	5.00e-06	2.39e-03	9.28e-02	9.05e-01
 4.78253e+22	1.31e-31	1.50e-25	1.13e-20	1.20e-16	2.92e-13	1.74e-10	3.96e-08	5.50e-06	2.54e-03	9.56e-02	9.02e-01
 4.83658e+22	1.99e-31	2.17e-25	1.57e-20	1.60e-16	3.74e-13	2.13e-10	4.65e-08	6.19e-06	2.75e-03	9.91e-02	8.98e-01
 4.89264e+22	2.74e-31	2.89e-25	2.02e-20	1.99e-16	4.52e-13	2.50e-10	5.27e-08	6.78e-06	2.92e-03	1.02e-01	8.95e-01
 4.95131e+22	4.25e-31	4.28e-25	2.86e-20	2.70e-16	5.86e-13	3.10e-10	6.25e-08	7.68e-06	3.16e-03	1.06e-01	8.91e-01
 5.00937e+22	6.19e-31	5.99e-25	3.85e-20	3.50e-16	7.32e-13	3.73e-10	7.22e-08	8.53e-06	3.38e-03	1.09e-01	8.87e-01
 5.05743e+22	8.41e-31	7.88e-25	4.90e-20	4.32e-16	8.78e-13	4.34e-10	8.13e-08	9.30e-06	3.58e-03	1.12e-01	8.84e-01
 5.11070e+22	1.28e-30	1.14e-24	6.82e-20	5.76e-16	1.12e-12	5.33e-10	9.55e-08	1.05e-05	3.86e-03	1.16e-01	8.80e-01
 5.16550e+22	1.83e-30	1.58e-24	9.08e-20	7.40e-16	1.39e-12	6.36e-10	1.10e-07	1.16e-05	4.13e-03	1.20e-01	8.76e-01
 5.21426e+22	2.58e-30	2.15e-24	1.19e-19	9.36e-16	1.70e-12	7.52e-10	1.25e-07	1.27e-05	4.39e-03	1.23e-01	8.72e-01
 5.26964e+22	3.97e-30	3.16e-24	1.67e-19	1.26e-15	2.20e-12	9.30e-10	1.48e-07	1.44e-05	4.74e-03	1.28e-01	8.67e-01
 5.32651e+22	5.82e-30	4.45e-24	2.26e-19	1.64e-15	2.76e-12	1.12e-09	1.71e-07	1.60e-05	5.08e-03	1.32e-01	8.63e-01
 5.37654e+22	8.35e-30	6.15e-24	3.01e-19	2.11e-15	3.41e-12	1.34e-09	1.96e-07	1.76e-05	5.42e-03	1.36e-01	8.59e-01
 5.42522e+22	1.19e-29	8.46e-24	4.00e-19	2.69e-15	4.21e-12	1.60e-09	2.25e-07	1.95e-05	5.77e-03	1.40e-01	8.54e-01
 5.48092e+22	1.85e-29	1.25e-23	5.66e-19	3.65e-15	5.47e-12	1.98e-09	2.67e-07	2.20e-05	6.25e-03	1.45e-01	8.49e-01
 5.53839e+22	2.82e-29	1.83e-23	7.89e-19	4.87e-15	7.00e-12	2.43e-09	3.13e-07	2.47e-05	6.72e-03	1.50e-01	8.43e-01
 5.58826e+22	4.03e-29	2.52e-23	1.05e-18	6.24e-15	8.65e-12	2.90e-09	3.59e-07	2.72e-05	7.16e-03	1.54e-01	8.39e-01
 5.64319e+22	6.28e-29	3.74e-23	1.49e-18	8.46e-15	1.12e-11	3.60e-09	4.25e-07	3.08e-05	7.74e-03	1.60e-01	8.32e-01
 5.69828e+22	9.18e-29	5.25e-23	2.01e-18	1.10e-14	1.41e-11	4.34e-09	4.91e-07	3.41e-05	8.27e-03	1.65e-01	8.27e-01
 5.74488e+22	1.30e-28	7.17e-23	2.64e-18	1.40e-14	1.73e-11	5.14e-09	5.60e-07	3.75e-05	8.78e-03	1.69e-01	8.22e-01
 5.79675e+22	2.02e-28	1.06e-22	3.74e-18	1.89e-14	2.24e-11	6.38e-09	6.62e-07	4.23e-05	9.48e-03	1.75e-01	8.16e-01
 5.84616e+22	2.78e-28	1.42e-22	4.82e-18	2.36e-14	2.70e-11	7.45e-09	7.48e-07	4.62e-05	1.00e-02	1.79e-01	8.11e-01
 5.88621e+22	3.86e-28	1.90e-22	6.24e-18	2.96e-14	3.28e-11	8.75e-09	8.46e-07	5.04e-05	1.06e-02	1.84e-01	8.06e-01
 5.92301e+22	5.15e-28	2.46e-22	7.83e-18	3.60e-14	3.88e-11	1.01e-08	9.42e-07	5.45e-05	1.11e-02	1.88e-01	8.01e-01
 5.95641e+22	6.71e-28	3.12e-22	9.65e-18	4.32e-14	4.54e-11	1.14e-08	1.04e-06	5.85e-05	1.16e-02	1.91e-01	7.97e-01
 5.99453e+22	9.41e-28	4.22e-22	1.26e-17	5.46e-14	5.54e-11	1.35e-08	1.18e-06	6.41e-05	1.23e-02	1.96e-01	7.92e-01
 6.03227e+22	1.24e-27	5.40e-22	1.57e-17	6.60e-14	6.51e-11	1.54e-08	1.31e-06	6.90e-05	1.29e-02	2.00e-01	7.87e-01
 6.06398e+22	1.61e-27	6.81e-22	1.92e-17	7.88e-14	7.58e-11	1.75e-08	1.45e-06	7.39e-05	1.35e-02	2.04e-01	7.83e-01
 6.09963e+22	2.21e-27	9.07e-22	2.48e-17	9.81e-14	9.15e-11	2.04e-08	1.63e-06	8.05e-05	1.42e-02	2.09e-01	7.77e-01
 6.13641e+22	2.95e-27	1.17e-21	3.11e-17	1.20e-13	1.08e-10	2.35e-08	1.81e-06	8.68e-05	1.49e-02	2.13e-01	7.72e-01
 6.16739e+22	3.81e-27	1.47e-21	3.80e-17	1.42e-13	1.26e-10	2.66e-08	1.99e-06	9.29e-05	1.55e-02	2.17e-01	7.68e-01
 6.19604e+22	4.91e-27	1.85e-21	4.65e-17	1.70e-13	1.46e-10	3.00e-08	2.19e-06	9.93e-05	1.62e-02	2.21e-01	7.63e-01
 6.22890e+22	6.75e-27	2.46e-21	5.97e-17	2.11e-13	1.76e-10	3.50e-08	2.47e-06	1.08e-04	1.70e-02	2.25e-01	7.57e-01
 6.26236e+22	8.78e-27	3.11e-21	7.34e-17	2.52e-13	2.05e-10	3.98e-08	2.72e-06	1.16e-04	1.78e-02	2.29e-01	7.53e-01
 6.29200e+22	1.14e-26	3.92e-21	9.01e-17	3.01e-13	2.39e-10	4.50e-08	2.99e-06	1.24e-04	1.85e-02	2.34e-01	7.48e-01
 6.32596e+22	1.59e-26	5.29e-21	1.17e-16	3.79e-13	2.90e-10	5.29e-08	3.39e-06	1.35e-04	1.96e-02	2.39e-01	7.41e-01
 6.35833e+22	2.03e-26	6.59e-21	1.42e-16	4.48e-13	3.35e-10	5.95e-08	3.71e-06	1.44e-04	2.04e-02	2.43e-01	7.37e-01
 6.38442e+22	2.61e-26	8.26e-21	1.73e-16	5.32e-13	3.88e-10	6.72e-08	4.07e-06	1.54e-04	2.12e-02	2.47e-01	7.32e-01
 6.41004e+22	3.32e-26	1.02e-20	2.09e-16	6.27e-13	4.46e-10	7.54e-08	4.44e-06	1.63e-04	2.20e-02	2.51e-01	7.27e-01
 6.43926e+22	4.48e-26	1.34e-20	2.66e-16	7.70e-13	5.31e-10	8.71e-08	4.96e-06	1.76e-04	2.31e-02	2.56e-01	7.21e-01
 6.46928e+22	5.90e-26	1.72e-20	3.30e-16	9.29e-13	6.23e-10	9.94e-08	5.49e-06	1.89e-04	2.41e-02	2.60e-01	7.16e-01
 6.49532e+22	7.45e-26	2.11e-20	3.96e-16	1.09e-12	7.14e-10	1.11e-07	5.98e-06	2.01e-04	2.50e-02	2.64e-01	7.11e-01
 6.52415e+22	1.05e-25	2.88e-20	5.19e-16	1.38e-12	8.72e-10	1.31e-07	6.78e-06	2.19e-04	2.64e-02	2.70e-01	7.04e-01
 6.55286e+22	1.32e-25	3.53e-20	6.22e-16	1.61e-12	9.97e-10	1.46e-07	7.38e-06	2.33e-04	2.73e-02	2.74e-01	6.99e-01
 6.58140e+22	1.88e-25	4.84e-20	8.21e-16	2.05e-12	1.22e-09	1.73e-07	8.38e-06	2.54e-04	2.88e-02	2.79e-01	6.91e-01
 6.60904e+22	2.37e-25	5.96e-20	9.85e-16	2.39e-12	1.40e-09	1.93e-07	9.12e-06	2.70e-04	2.99e-02	2.83e-01	6.86e-01
 6.63551e+22	3.25e-25	7.90e-20	1.26e-15	2.97e-12	1.68e-09	2.24e-07	1.02e-05	2.92e-04	3.14e-02	2.89e-01	6.80e-01
 6.66286e+22	4.24e-25	1.00e-19	1.55e-15	3.55e-12	1.96e-09	2.55e-07	1.13e-05	3.12e-04	3.27e-02	2.93e-01	6.74e-01
 6.69137e+22	6.07e-25	1.38e-19	2.06e-15	4.53e-12	2.41e-09	3.02e-07	1.28e-05	3.41e-04	3.45e-02	2.99e-01	6.66e-01
 6.71885e+22	7.73e-25	1.72e-19	2.49e-15	5.34e-12	2.77e-09	3.39e-07	1.40e-05	3.63e-04	3.58e-02	3.04e-01	6.60e-01
 6.74498e+22	1.09e-24	2.34e-19	3.27e-15	6.75e-12	3.38e-09	3.99e-07	1.59e-05	3.96e-04	3.77e-02	3.10e-01	6.52e-01
 6.77104e+22	1.39e-24	2.91e-19	3.96e-15	7.96e-12	3.89e-09	4.48e-07	1.73e-05	4.21e-04	3.91e-02	3.14e-01	6.47e-01
 6.79698e+22	1.97e-24	3.97e-19	5.20e-15	1.01e-11	4.75e-09	5.29e-07	1.96e-05	4.59e-04	4.12e-02	3.20e-01	6.38e-01
 6.82315e+22	2.55e-24	5.00e-19	6.36e-15	1.20e-11	5.51e-09	5.98e-07	2.16e-05	4.89e-04	4.28e-02	3.25e-01	6.32e-01
 6.84959e+22	3.68e-24	6.94e-19	8.47e-15	1.54e-11	6.80e-09	7.11e-07	2.46e-05	5.36e-04	4.52e-02	3.31e-01	6.23e-01
 6.87610e+22	4.79e-24	8.78e-19	1.04e-14	1.83e-11	7.92e-09	8.06e-07	2.71e-05	5.72e-04	4.70e-02	3.36e-01	6.17e-01
 6.90269e+22	6.84e-24	1.21e-18	1.38e-14	2.33e-11	9.73e-09	9.55e-07	3.09e-05	6.26e-04	4.95e-02	3.42e-01	6.08e-01
 6.92906e+22	8.94e-24	1.54e-18	1.70e-14	2.80e-11	1.14e-08	1.09e-06	3.40e-05	6.69e-04	5.16e-02	3.47e-01	6.01e-01
 6.95512e+22	1.28e-23	2.11e-18	2.25e-14	3.56e-11	1.39e-08	1.29e-06	3.88e-05	7.31e-04	5.43e-02	3.53e-01	5.92e-01
 6.98159e+22	1.69e-23	2.72e-18	2.80e-14	4.31e-11	1.64e-08	1.47e-06	4.30e-05	7.85e-04	5.67e-02	3.58e-01	5.84e-01
 7.00859e+22	2.45e-23	3.79e-18	3.75e-14	5.53e-11	2.03e-08	1.76e-06	4.92e-05	8.61e-04	5.98e-02	3.65e-01	5.74e-01
 7.03589e+22	3.27e-23	4.91e-18	4.70e-14	6.72e-11	2.40e-08	2.02e-06	5.48e-05	9.27e-04	6.25e-02	3.70e-01	5.66e-01
 7.06361e+22	4.77e-23	6.89e-18	6.33e-14	8.69e-11	2.99e-08	2.42e-06	6.30e-05	1.02e-03	6.61e-02	3.77e-01	5.56e-01
 7.09147e+22	6.37e-23	8.93e-18	7.94e-14	1.06e-10	3.54e-08	2.79e-06	7.02e-05	1.10e-03	6.90e-02	3.82e-01	5.48e-01
 7.11549e+22	8.43e-23	1.15e-17	9.91e-14	1.28e-10	4.16e-08	3.20e-06	7.79e-05	1.18e-03	7.19e-02	3.87e-01	5.40e-01
 7.14267e+22	1.22e-22	1.60e-17	1.32e-13	1.64e-10	5.16e-08	3.82e-06	8.95e-05	1.30e-03	7.60e-02	3.94e-01	5.29e-01
 7.16980e+22	1.59e-22	2.03e-17	1.63e-13	1.96e-10	6.02e-08	4.35e-06	9.88e-05	1.39e-03	7.90e-02	3.98e-01	5.21e-01
 7.19688e+22	2.26e-22	2.79e-17	2.16e-13	2.50e-10	7.42e-08	5.18e-06	1.13e-04	1.52e-03	8.33e-02	4.05e-01	5.10e-01
 7.22427e+22	2.94e-22	3.52e-17	2.65e-13	2.99e-10	8.64e-08	5.89e-06	1.25e-04	1.63e-03	8.66e-02	4.09e-01	5.02e-01
 7.25206e+22	4.14e-22	4.80e-17	3.48e-13	3.78e-10	1.06e-07	6.98e-06	1.43e-04	1.78e-03	9.12e-02	4.15e-01	4.92e-01
 7.28062e+22	5.45e-22	6.15e-17	4.33e-13	4.56e-10	1.25e-07	8.00e-06	1.59e-04	1.91e-03	9.50e-02	4.20e-01	4.83e-01
 7.31017e+22	7.75e-22	8.44e-17	5.72e-13	5.80e-10	1.53e-07	9.53e-06	1.82e-04	2.10e-03	1.00e-01	4.26e-01	4.71e-01
 7.34029e+22	1.02e-21	1.08e-16	7.08e-13	6.99e-10	1.80e-07	1.09e-05	2.02e-04	2.25e-03	1.04e-01	4.31e-01	4.63e-01
 7.37115e+22	1.44e-21	1.47e-16	9.33e-13	8.87e-10	2.21e-07	1.30e-05	2.31e-04	2.47e-03	1.10e-01	4.36e-01	4.51e-01
 7.40290e+22	1.89e-21	1.89e-16	1.16e-12	1.07e-09	2.61e-07	1.49e-05	2.58e-04	2.66e-03	1.15e-01	4.41e-01	4.42e-01
 7.43133e+22	2.46e-21	2.40e-16	1.43e-12	1.29e-09	3.06e-07	1.71e-05	2.86e-04	2.86e-03	1.19e-01	4.45e-01	4.33e-01
 7.46380e+22	3.45e-21	3.24e-16	1.88e-12	1.62e-09	3.75e-07	2.02e-05	3.27e-04	3.13e-03	1.25e-01	4.50e-01	4.21e-01
 7.49671e+22	4.46e-21	4.10e-16	2.31e-12	1.94e-09	4.38e-07	2.31e-05	3.63e-04	3.36e-03	1.30e-01	4.54e-01	4.12e-01
 7.53022e+22	6.20e-21	5.52e-16	3.00e-12	2.44e-09	5.34e-07	2.73e-05	4.14e-04	3.67e-03	1.37e-01	4.58e-01	4.01e-01
 7.56277e+22	7.79e-21	6.79e-16	3.61e-12	2.87e-09	6.14e-07	3.07e-05	4.54e-04	3.91e-03	1.42e-01	4.61e-01	3.93e-01
 7.59407e+22	1.05e-20	8.88e-16	4.58e-12	3.52e-09	7.35e-07	3.58e-05	5.12e-04	4.24e-03	1.48e-01	4.65e-01	3.82e-01
 7.62595e+22	1.31e-20	1.09e-15	5.48e-12	4.12e-09	8.43e-07	4.02e-05	5.60e-04	4.50e-03	1.53e-01	4.68e-01	3.74e-01
 7.65860e+22	1.77e-20	1.43e-15	6.97e-12	5.08e-09	1.01e-06	4.69e-05	6.32e-04	4.89e-03	1.60e-01	4.71e-01	3.63e-01
 7.69172e+22	2.20e-20	1.74e-15	8.31e-12	5.92e-09	1.16e-06	5.25e-05	6.91e-04	5.19e-03	1.65e-01	4.73e-01	3.55e-01
 7.72545e+22	2.95e-20	2.27e-15	1.05e-11	7.28e-09	1.38e-06	6.12e-05	7.79e-04	5.63e-03	1.73e-01	4.76e-01	3.45e-01
 7.75860e+22	3.60e-20	2.72e-15	1.24e-11	8.39e-09	1.57e-06	6.79e-05	8.45e-04	5.95e-03	1.78e-01	4.78e-01	3.37e-01
 7.79100e+22	4.72e-20	3.48e-15	1.54e-11	1.02e-08	1.85e-06	7.83e-05	9.45e-04	6.41e-03	1.85e-01	4.80e-01	3.27e-01
 7.82406e+22	5.78e-20	4.19e-15	1.82e-11	1.17e-08	2.10e-06	8.69e-05	1.03e-03	6.78e-03	1.90e-01	4.82e-01	3.20e-01
 7.85797e+22	7.57e-20	5.36e-15	2.27e-11	1.42e-08	2.48e-06	1.00e-04	1.15e-03	7.31e-03	1.98e-01	4.83e-01	3.10e-01
 7.89254e+22	9.30e-20	6.46e-15	2.68e-11	1.64e-08	2.81e-06	1.12e-04	1.25e-03	7.73e-03	2.04e-01	4.84e-01	3.03e-01
 7.92795e+22	1.22e-19	8.26e-15	3.34e-11	1.99e-08	3.33e-06	1.29e-04	1.39e-03	8.33e-03	2.12e-01	4.85e-01	2.93e-01
 7.96400e+22	1.50e-19	9.97e-15	3.95e-11	2.30e-08	3.78e-06	1.43e-04	1.52e-03	8.81e-03	2.18e-01	4.86e-01	2.85e-01
 8.00086e+22	1.96e-19	1.28e-14	4.92e-11	2.79e-08	4.47e-06	1.65e-04	1.70e-03	9.50e-03	2.27e-01	4.87e-01	2.75e-01
 8.03843e+22	2.41e-19	1.54e-14	5.82e-11	3.23e-08	5.08e-06	1.84e-04	1.85e-03	1.01e-02	2.33e-01	4.87e-01	2.68e-01
 8.07140e+22	2.95e-19	1.85e-14	6.86e-11	3.73e-08	5.76e-06	2.04e-04	2.00e-03	1.06e-02	2.40e-01	4.87e-01	2.61e-01
 8.10874e+22	3.82e-19	2.34e-14	8.48e-11	4.48e-08	6.76e-06	2.34e-04	2.23e-03	1.14e-02	2.48e-01	4.86e-01	2.52e-01
 8.14610e+22	4.60e-19	2.78e-14	9.87e-11	5.12e-08	7.58e-06	2.58e-04	2.40e-03	1.20e-02	2.54e-01	4.86e-01	2.45e-01
 8.18348e+22	5.93e-19	3.50e-14	1.22e-10	6.14e-08	8.89e-06	2.95e-04	2.67e-03	1.29e-02	2.63e-01	4.85e-01	2.36e-01
 8.22141e+22	7.16e-19	4.15e-14	1.42e-10	7.01e-08	9.98e-06	3.24e-04	2.88e-03	1.35e-02	2.70e-01	4.84e-01	2.30e-01
 8.26006e+22	9.17e-19	5.21e-14	1.74e-10	8.38e-08	1.16e-05	3.69e-04	3.18e-03	1.44e-02	2.78e-01	4.83e-01	2.21e-01
 8.29996e+22	1.12e-18	6.27e-14	2.05e-10	9.68e-08	1.32e-05	4.10e-04	3.45e-03	1.52e-02	2.86e-01	4.81e-01	2.14e-01
 8.34149e+22	1.45e-18	7.89e-14	2.52e-10	1.16e-07	1.54e-05	4.68e-04	3.82e-03	1.63e-02	2.95e-01	4.79e-01	2.06e-01
 8.38448e+22	1.79e-18	9.60e-14	3.00e-10	1.35e-07	1.76e-05	5.22e-04	4.16e-03	1.72e-02	3.03e-01	4.77e-01	1.99e-01
 8.42936e+22	2.33e-18	1.22e-13	3.72e-10	1.63e-07	2.07e-05	5.98e-04	4.62e-03	1.85e-02	3.12e-01	4.74e-01	1.90e-01
 8.47561e+22	2.91e-18	1.50e-13	4.46e-10	1.91e-07	2.38e-05	6.71e-04	5.05e-03	1.95e-02	3.21e-01	4.71e-01	1.83e-01
 8.52362e+22	3.83e-18	1.92e-13	5.59e-10	2.32e-07	2.81e-05	7.71e-04	5.62e-03	2.10e-02	3.31e-01	4.67e-01	1.75e-01
 8.57338e+22	4.84e-18	2.38e-13	6.76e-10	2.74e-07	3.25e-05	8.69e-04	6.16e-03	2.23e-02	3.40e-01	4.63e-01	1.68e-01
 8.61850e+22	6.07e-18	2.92e-13	8.13e-10	3.21e-07	3.73e-05	9.75e-04	6.73e-03	2.35e-02	3.48e-01	4.60e-01	1.61e-01
 8.67027e+22	8.07e-18	3.79e-13	1.03e-09	3.93e-07	4.43e-05	1.13e-03	7.51e-03	2.53e-02	3.59e-01	4.55e-01	1.53e-01
 8.72308e+22	1.02e-17	4.70e-13	1.24e-09	4.65e-07	5.12e-05	1.27e-03	8.23e-03	2.68e-02	3.68e-01	4.50e-01	1.46e-01
 8.77020e+22	1.28e-17	5.78e-13	1.50e-09	5.45e-07	5.87e-05	1.42e-03	8.96e-03	2.83e-02	3.76e-01	4.45e-01	1.40e-01
 8.82438e+22	1.72e-17	7.58e-13	1.91e-09	6.74e-07	7.05e-05	1.65e-03	1.01e-02	3.05e-02	3.88e-01	4.38e-01	1.32e-01
 8.87894e+22	2.16e-17	9.31e-13	2.29e-09	7.90e-07	8.08e-05	1.85e-03	1.10e-02	3.22e-02	3.96e-01	4.33e-01	1.26e-01
 8.93398e+22	2.89e-17	1.22e-12	2.92e-09	9.75e-07	9.69e-05	2.15e-03	1.23e-02	3.46e-02	4.08e-01	4.25e-01	1.18e-01
 8.98972e+22	3.63e-17	1.50e-12	3.52e-09	1.15e-06	1.11e-04	2.41e-03	1.34e-02	3.66e-02	4.16e-01	4.19e-01	1.12e-01
 9.04637e+22	4.86e-17	1.96e-12	4.48e-09	1.42e-06	1.34e-04	2.81e-03	1.51e-02	3.93e-02	4.27e-01	4.10e-01	1.05e-01
 9.10047e+22	5.93e-17	2.36e-12	5.28e-09	1.63e-06	1.51e-04	3.11e-03	1.62e-02	4.12e-02	4.35e-01	4.05e-01	1.00e-01
 9.15126e+22	7.65e-17	2.98e-12	6.54e-09	1.97e-06	1.78e-04	3.56e-03	1.80e-02	4.40e-02	4.45e-01	3.96e-01	9.37e-02
 9.20221e+22	9.30e-17	3.57e-12	7.69e-09	2.27e-06	2.01e-04	3.94e-03	1.94e-02	4.61e-02	4.52e-01	3.89e-01	8.93e-02
 9.25336e+22	1.19e-16	4.49e-12	9.47e-09	2.72e-06	2.36e-04	4.50e-03	2.15e-02	4.90e-02	4.61e-01	3.80e-01	8.35e-02
 9.30558e+22	1.45e-16	5.40e-12	1.12e-08	3.15e-06	2.68e-04	5.01e-03	2.33e-02	5.16e-02	4.68e-01	3.73e-01	7.89e-02
 9.35919e+22	1.86e-16	6.82e-12	1.39e-08	3.80e-06	3.16e-04	5.75e-03	2.59e-02	5.50e-02	4.78e-01	3.62e-01	7.32e-02
 9.41311e+22	2.25e-16	8.16e-12	1.63e-08	4.39e-06	3.58e-04	6.39e-03	2.81e-02	5.78e-02	4.84e-01	3.54e-01	6.90e-02
 9.46743e+22	2.86e-16	1.02e-11	2.01e-08	5.28e-06	4.22e-04	7.34e-03	3.12e-02	6.16e-02	4.93e-01	3.43e-01	6.36e-02
 9.52251e+22	3.45e-16	1.22e-11	2.37e-08	6.09e-06	4.79e-04	8.16e-03	3.38e-02	6.47e-02	4.99e-01	3.34e-01	5.98e-02
 9.57857e+22	4.34e-16	1.52e-11	2.91e-08	7.32e-06	5.64e-04	9.37e-03	3.75e-02	6.90e-02	5.07e-01	3.22e-01	5.47e-02
 9.63583e+22	5.20e-16	1.81e-11	3.43e-08	8.47e-06	6.42e-04	1.05e-02	4.08e-02	7.26e-02	5.12e-01	3.12e-01	5.09e-02
 9.69463e+22	6.49e-16	2.25e-11	4.21e-08	1.02e-05	7.58e-04	1.21e-02	4.54e-02	7.74e-02	5.19e-01	2.99e-01	4.62e-02
 9.75465e+22	7.69e-16	2.66e-11	4.94e-08	1.18e-05	8.64e-04	1.35e-02	4.95e-02	8.15e-02	5.23e-01	2.89e-01	4.26e-02
 9.81430e+22	9.34e-16	3.23e-11	5.97e-08	1.40e-05	1.01e-03	1.54e-02	5.48e-02	8.67e-02	5.28e-01	2.75e-01	3.85e-02
 9.87096e+22	1.07e-15	3.70e-11	6.82e-08	1.58e-05	1.13e-03	1.70e-02	5.89e-02	9.05e-02	5.31e-01	2.66e-01	3.57e-02
 9.92568e+22	1.25e-15	4.37e-11	8.04e-08	1.84e-05	1.30e-03	1.92e-02	6.47e-02	9.58e-02	5.33e-01	2.53e-01	3.22e-02
 9.98145e+22	1.41e-15	4.96e-11	9.14e-08	2.07e-05	1.45e-03	2.12e-02	6.96e-02	1.00e-01	5.35e-01	2.43e-01	2.97e-02
 1.00362e+23	1.61e-15	5.71e-11	1.06e-07	2.38e-05	1.66e-03	2.37e-02	7.58e-02	1.05e-01	5.36e-01	2.31e-01	2.68e-02
 1.00920e+23	1.78e-15	6.42e-11	1.20e-07	2.67e-05	1.85e-03	2.61e-02	8.15e-02	1.10e-01	5.35e-01	2.21e-01	2.44e-02
 1.01465e+23	1.96e-15	7.22e-11	1.36e-07	3.02e-05	2.08e-03	2.90e-02	8.80e-02	1.15e-01	5.34e-01	2.09e-01	2.20e-02
 1.02021e+23	2.14e-15	8.02e-11	1.53e-07	3.39e-05	2.32e-03	3.19e-02	9.45e-02	1.20e-01	5.32e-01	1.99e-01	2.00e-02
 1.02572e+23	2.31e-15	8.87e-11	1.72e-07	3.80e-05	2.60e-03	3.52e-02	1.01e-01	1.25e-01	5.30e-01	1.88e-01	1.80e-02
 1.03125e+23	2.47e-15	9.72e-11	1.91e-07	4.23e-05	2.89e-03	3.85e-02	1.08e-01	1.30e-01	5.26e-01	1.78e-01	1.62e-02
 1.03672e+23	2.61e-15	1.06e-10	2.12e-07	4.70e-05	3.20e-03	4.21e-02	1.16e-01	1.35e-01	5.21e-01	1.68e-01	1.46e-02
 1.04219e+23	2.73e-15	1.15e-10	2.34e-07	5.21e-05	3.54e-03	4.60e-02	1.23e-01	1.40e-01	5.16e-01	1.58e-01	1.31e-02
 1.04766e+23	2.85e-15	1.24e-10	2.58e-07	5.76e-05	3.91e-03	5.00e-02	1.31e-01	1.45e-01	5.10e-01	1.49e-01	1.17e-02
 1.05315e+23	2.95e-15	1.33e-10	2.84e-07	6.37e-05	4.31e-03	5.44e-02	1.38e-01	1.50e-01	5.03e-01	1.40e-01	1.05e-02
 1.05868e+23	3.03e-15	1.42e-10	3.13e-07	7.04e-05	4.75e-03	5.90e-02	1.46e-01	1.55e-01	4.95e-01	1.31e-01	9.38e-03
 1.06426e+23	3.11e-15	1.52e-10	3.44e-07	7.78e-05	5.24e-03	6.39e-02	1.54e-01	1.59e-01	4.87e-01	1.23e-01	8.36e-03
 1.06990e+23	3.19e-15	1.63e-10	3.78e-07	8.62e-05	5.77e-03	6.92e-02	1.62e-01	1.64e-01	4.77e-01	1.15e-01	7.43e-03
 1.07557e+23	3.25e-15	1.74e-10	4.17e-07	9.54e-05	6.35e-03	7.47e-02	1.70e-01	1.68e-01	4.67e-01	1.07e-01	6.60e-03
 1.08134e+23	3.32e-15	1.86e-10	4.60e-07	1.06e-04	7.01e-03	8.07e-02	1.78e-01	1.72e-01	4.57e-01	9.92e-02	5.84e-03
 1.08717e+23	3.39e-15	2.00e-10	5.09e-07	1.18e-04	7.73e-03	8.70e-02	1.86e-01	1.76e-01	4.46e-01	9.21e-02	5.16e-03
 1.09312e+23	3.47e-15	2.15e-10	5.67e-07	1.32e-04	8.55e-03	9.39e-02	1.94e-01	1.80e-01	4.33e-01	8.51e-02	4.53e-03
 1.09865e+23	3.55e-15	2.29e-10	6.21e-07	1.45e-04	9.29e-03	9.98e-02	2.01e-01	1.83e-01	4.23e-01	7.97e-02	4.07e-03
 1.10435e+23	3.64e-15	2.49e-10	6.97e-07	1.63e-04	1.03e-02	1.08e-01	2.09e-01	1.86e-01	4.09e-01	7.30e-02	3.54e-03
 1.11013e+23	3.75e-15	2.68e-10	7.70e-07	1.80e-04	1.12e-02	1.15e-01	2.16e-01	1.89e-01	3.98e-01	6.81e-02	3.16e-03
 1.11606e+23	3.87e-15	2.94e-10	8.75e-07	2.05e-04	1.25e-02	1.24e-01	2.24e-01	1.91e-01	3.83e-01	6.20e-02	2.72e-03
 1.12202e+23	4.06e-15	3.20e-10	9.73e-07	2.27e-04	1.36e-02	1.31e-01	2.30e-01	1.93e-01	3.72e-01	5.77e-02	2.43e-03
 1.12803e+23	4.26e-15	3.56e-10	1.12e-06	2.60e-04	1.52e-02	1.41e-01	2.38e-01	1.95e-01	3.56e-01	5.23e-02	2.09e-03
 1.13406e+23	4.49e-15	3.90e-10	1.25e-06	2.89e-04	1.66e-02	1.49e-01	2.44e-01	1.96e-01	3.44e-01	4.85e-02	1.86e-03
 1.14015e+23	4.80e-15	4.40e-10	1.45e-06	3.32e-04	1.85e-02	1.60e-01	2.51e-01	1.96e-01	3.28e-01	4.38e-02	1.59e-03
 1.14628e+23	5.13e-15	4.87e-10	1.63e-06	3.70e-04	2.01e-02	1.69e-01	2.56e-01	1.97e-01	3.16e-01	4.04e-02	1.41e-03
 1.15248e+23	5.59e-15	5.57e-10	1.90e-06	4.27e-04	2.24e-02	1.81e-01	2.62e-01	1.96e-01	3.00e-01	3.63e-02	1.20e-03
 1.15876e+23	6.06e-15	6.25e-10	2.16e-06	4.79e-04	2.44e-02	1.91e-01	2.67e-01	1.96e-01	2.88e-01	3.33e-02	1.05e-03
 1.16515e+23	6.75e-15	7.26e-10	2.55e-06	5.55e-04	2.73e-02	2.04e-01	2.72e-01	1.94e-01	2.71e-01	2.98e-02	8.91e-04
 1.17163e+23	7.46e-15	8.26e-10	2.92e-06	6.25e-04	2.97e-02	2.14e-01	2.76e-01	1.93e-01	2.59e-01	2.72e-02	7.79e-04
 1.17826e+23	8.53e-15	9.77e-10	3.49e-06	7.28e-04	3.32e-02	2.28e-01	2.80e-01	1.90e-01	2.43e-01	2.41e-02	6.52e-04
 1.18502e+23	9.64e-15	1.13e-09	4.03e-06	8.23e-04	3.62e-02	2.40e-01	2.83e-01	1.88e-01	2.30e-01	2.18e-02	5.65e-04
 1.19197e+23	1.13e-14	1.36e-09	4.88e-06	9.66e-04	4.05e-02	2.55e-01	2.85e-01	1.84e-01	2.14e-01	1.91e-02	4.68e-04
 1.19909e+23	1.32e-14	1.60e-09	5.70e-06	1.10e-03	4.43e-02	2.68e-01	2.87e-01	1.81e-01	2.01e-01	1.72e-02	4.01e-04
 1.20643e+23	1.60e-14	1.98e-09	6.99e-06	1.30e-03	4.96e-02	2.84e-01	2.88e-01	1.76e-01	1.85e-01	1.49e-02	3.27e-04
 1.21335e+23	1.85e-14	2.29e-09	8.00e-06	1.44e-03	5.33e-02	2.95e-01	2.89e-01	1.72e-01	1.76e-01	1.35e-02	2.86e-04
 1.21970e+23	2.23e-14	2.77e-09	9.54e-06	1.66e-03	5.86e-02	3.09e-01	2.89e-01	1.67e-01	1.63e-01	1.19e-02	2.39e-04
 1.22600e+23	2.59e-14	3.20e-09	1.09e-05	1.84e-03	6.27e-02	3.19e-01	2.88e-01	1.63e-01	1.54e-01	1.08e-02	2.09e-04
 1.23223e+23	3.14e-14	3.88e-09	1.29e-05	2.11e-03	6.85e-02	3.33e-01	2.86e-01	1.58e-01	1.42e-01	9.51e-03	1.74e-04
 1.23849e+23	3.69e-14	4.51e-09	1.48e-05	2.34e-03	7.32e-02	3.43e-01	2.85e-01	1.54e-01	1.34e-01	8.62e-03	1.52e-04
 1.24481e+23	4.56e-14	5.50e-09	1.76e-05	2.67e-03	7.97e-02	3.57e-01	2.82e-01	1.48e-01	1.23e-01	7.54e-03	1.27e-04
 1.25124e+23	5.44e-14	6.45e-09	2.01e-05	2.96e-03	8.50e-02	3.67e-01	2.80e-01	1.43e-01	1.15e-01	6.79e-03	1.10e-04
 1.25782e+23	6.85e-14	7.96e-09	2.41e-05	3.38e-03	9.25e-02	3.80e-01	2.76e-01	1.37e-01	1.05e-01	5.89e-03	9.01e-05
 1.26448e+23	8.24e-14	9.38e-09	2.77e-05	3.75e-03	9.86e-02	3.90e-01	2.72e-01	1.32e-01	9.83e-02	5.27e-03	7.75e-05
 1.27125e+23	1.05e-13	1.17e-08	3.32e-05	4.29e-03	1.07e-01	4.02e-01	2.67e-01	1.25e-01	8.93e-02	4.54e-03	6.33e-05
 1.27817e+23	1.29e-13	1.38e-08	3.83e-05	4.76e-03	1.14e-01	4.12e-01	2.63e-01	1.20e-01	8.27e-02	4.03e-03	5.40e-05
 1.28529e+23	1.68e-13	1.74e-08	4.62e-05	5.45e-03	1.24e-01	4.24e-01	2.56e-01	1.13e-01	7.45e-02	3.43e-03	4.34e-05
 1.29255e+23	2.07e-13	2.08e-08	5.34e-05	6.05e-03	1.31e-01	4.32e-01	2.51e-01	1.08e-01	6.85e-02	3.02e-03	3.67e-05
 1.30000e+23	2.74e-13	2.65e-08	6.48e-05	6.95e-03	1.42e-01	4.43e-01	2.43e-01	1.01e-01	6.11e-02	2.54e-03	2.91e-05
 1.30762e+23	3.43e-13	3.19e-08	7.53e-05	7.72e-03	1.51e-01	4.51e-01	2.37e-01	9.54e-02	5.58e-02	2.22e-03	2.43e-05
 1.31545e+23	4.61e-13	4.09e-08	9.16e-05	8.86e-03	1.63e-01	4.60e-01	2.28e-01	8.85e-02	4.94e-02	1.85e-03	1.91e-05
 1.32338e+23	5.79e-13	4.94e-08	1.06e-04	9.82e-03	1.73e-01	4.66e-01	2.21e-01	8.34e-02	4.49e-02	1.61e-03	1.58e-05
 1.33143e+23	7.88e-13	6.36e-08	1.30e-04	1.13e-02	1.87e-01	4.73e-01	2.12e-01	7.68e-02	3.94e-02	1.32e-03	1.23e-05
 1.33956e+23	9.91e-13	7.68e-08	1.50e-04	1.25e-02	1.97e-01	4.77e-01	2.04e-01	7.20e-02	3.56e-02	1.14e-03	1.01e-05
 1.34780e+23	1.36e-12	9.91e-08	1.83e-04	1.42e-02	2.11e-01	4.82e-01	1.94e-01	6.59e-02	3.10e-02	9.35e-04	7.78e-06
 1.35583e+23	1.69e-12	1.18e-07	2.09e-04	1.56e-02	2.22e-01	4.84e-01	1.87e-01	6.18e-02	2.81e-02	8.11e-04	6.46e-06
 1.36360e+23	2.24e-12	1.49e-07	2.49e-04	1.75e-02	2.35e-01	4.87e-01	1.78e-01	5.67e-02	2.47e-02	6.74e-04	5.07e-06
 1.37179e+23	2.89e-12	1.83e-07	2.91e-04	1.95e-02	2.48e-01	4.87e-01	1.70e-01	5.24e-02	2.19e-02	5.68e-04	4.07e-06
 1.37867e+23	3.54e-12	2.15e-07	3.30e-04	2.11e-02	2.58e-01	4.88e-01	1.63e-01	4.91e-02	1.99e-02	4.96e-04	3.40e-06
 1.38574e+23	4.52e-12	2.62e-07	3.83e-04	2.33e-02	2.71e-01	4.87e-01	1.55e-01	4.54e-02	1.77e-02	4.19e-04	2.74e-06
 1.39317e+23	5.62e-12	3.11e-07	4.36e-04	2.54e-02	2.82e-01	4.85e-01	1.49e-01	4.22e-02	1.59e-02	3.61e-04	2.26e-06
 1.39999e+23	6.96e-12	3.69e-07	4.96e-04	2.75e-02	2.93e-01	4.83e-01	1.42e-01	3.93e-02	1.43e-02	3.11e-04	1.86e-06
 1.40781e+23	9.10e-12	4.57e-07	5.81e-04	3.05e-02	3.07e-01	4.80e-01	1.34e-01	3.58e-02	1.25e-02	2.57e-04	1.46e-06
 1.41583e+23	1.15e-11	5.51e-07	6.68e-04	3.33e-02	3.19e-01	4.76e-01	1.26e-01	3.29e-02	1.11e-02	2.17e-04	1.17e-06
 1.42291e+23	1.43e-11	6.54e-07	7.58e-04	3.61e-02	3.31e-01	4.72e-01	1.20e-01	3.05e-02	9.95e-03	1.86e-04	9.60e-07
 1.43090e+23	1.87e-11	8.08e-07	8.87e-04	3.99e-02	3.45e-01	4.66e-01	1.12e-01	2.76e-02	8.65e-03	1.53e-04	7.46e-07
 1.43924e+23	2.38e-11	9.78e-07	1.02e-03	4.35e-02	3.58e-01	4.59e-01	1.06e-01	2.52e-02	7.60e-03	1.27e-04	5.92e-07
 1.44676e+23	2.98e-11	1.17e-06	1.16e-03	4.71e-02	3.69e-01	4.53e-01	9.95e-02	2.31e-02	6.73e-03	1.08e-04	4.77e-07
 1.45527e+23	3.94e-11	1.45e-06	1.36e-03	5.20e-02	3.84e-01	4.44e-01	9.22e-02	2.07e-02	5.77e-03	8.70e-05	3.64e-07
 1.46404e+23	5.04e-11	1.76e-06	1.57e-03	5.67e-02	3.97e-01	4.35e-01	8.59e-02	1.88e-02	5.03e-03	7.18e-05	2.85e-07
 1.47186e+23	6.34e-11	2.11e-06	1.79e-03	6.13e-02	4.08e-01	4.27e-01	8.04e-02	1.71e-02	4.42e-03	6.01e-05	2.27e-07
 1.48071e+23	8.42e-11	2.63e-06	2.10e-03	6.75e-02	4.22e-01	4.15e-01	7.38e-02	1.52e-02	3.75e-03	4.79e-05	1.70e-07
 1.48990e+23	1.09e-10	3.20e-06	2.42e-03	7.34e-02	4.34e-01	4.05e-01	6.82e-02	1.37e-02	3.23e-03	3.90e-05	1.31e-07
 1.49815e+23	1.37e-10	3.85e-06	2.76e-03	7.93e-02	4.45e-01	3.94e-01	6.33e-02	1.24e-02	2.80e-03	3.22e-05	0.00e+00
 1.50751e+23	1.85e-10	4.85e-06	3.26e-03	8.74e-02	4.59e-01	3.80e-01	5.74e-02	1.08e-02	2.34e-03	2.51e-05	0.00e+00
 1.51717e+23	2.39e-10	5.90e-06	3.75e-03	9.47e-02	4.69e-01	3.68e-01	5.26e-02	9.68e-03	2.00e-03	2.03e-05	0.00e+00
 1.52587e+23	3.05e-10	7.13e-06	4.29e-03	1.02e-01	4.79e-01	3.56e-01	4.83e-02	8.66e-03	1.71e-03	1.65e-05	0.00e+00
 1.53586e+23	4.17e-10	9.07e-06	5.09e-03	1.12e-01	4.91e-01	3.40e-01	4.32e-02	7.50e-03	1.40e-03	1.26e-05	0.00e+00
 1.54596e+23	5.41e-10	1.11e-05	5.86e-03	1.22e-01	5.00e-01	3.26e-01	3.92e-02	6.64e-03	1.19e-03	9.99e-06	0.00e+00
 1.55622e+23	7.38e-10	1.40e-05	6.93e-03	1.33e-01	5.09e-01	3.09e-01	3.48e-02	5.71e-03	9.65e-04	7.56e-06	0.00e+00
 1.56660e+23	9.54e-10	1.71e-05	7.94e-03	1.43e-01	5.16e-01	2.95e-01	3.15e-02	5.03e-03	8.11e-04	5.98e-06	0.00e+00
 1.57713e+23	1.31e-09	2.18e-05	9.42e-03	1.57e-01	5.23e-01	2.78e-01	2.76e-02	4.28e-03	6.50e-04	4.44e-06	0.00e+00
 1.58776e+23	1.70e-09	2.65e-05	1.08e-02	1.68e-01	5.28e-01	2.64e-01	2.48e-02	3.76e-03	5.43e-04	3.49e-06	0.00e+00
 1.59852e+23	2.35e-09	3.39e-05	1.28e-02	1.84e-01	5.32e-01	2.46e-01	2.15e-02	3.17e-03	4.30e-04	2.56e-06	0.00e+00
 1.60939e+23	3.03e-09	4.10e-05	1.46e-02	1.96e-01	5.34e-01	2.33e-01	1.93e-02	2.77e-03	3.57e-04	2.00e-06	0.00e+00
 1.62041e+23	4.19e-09	5.25e-05	1.72e-02	2.13e-01	5.35e-01	2.15e-01	1.66e-02	2.32e-03	2.80e-04	1.44e-06	0.00e+00
 1.63157e+23	5.42e-09	6.36e-05	1.96e-02	2.27e-01	5.34e-01	2.02e-01	1.47e-02	2.01e-03	2.30e-04	1.11e-06	0.00e+00
 1.64293e+23	7.53e-09	8.14e-05	2.32e-02	2.46e-01	5.31e-01	1.85e-01	1.25e-02	1.66e-03	1.78e-04	7.91e-07	0.00e+00
 1.65407e+23	9.58e-09	9.75e-05	2.62e-02	2.60e-01	5.28e-01	1.73e-01	1.11e-02	1.45e-03	1.47e-04	6.13e-07	0.00e+00
 1.66492e+23	1.31e-08	1.23e-04	3.06e-02	2.79e-01	5.22e-01	1.58e-01	9.44e-03	1.20e-03	1.14e-04	4.40e-07	0.00e+00
 1.67539e+23	1.62e-08	1.44e-04	3.39e-02	2.92e-01	5.16e-01	1.48e-01	8.44e-03	1.05e-03	9.56e-05	3.48e-07	0.00e+00
 1.68537e+23	2.14e-08	1.77e-04	3.89e-02	3.09e-01	5.08e-01	1.35e-01	7.24e-03	8.85e-04	7.53e-05	2.54e-07	0.00e+00
 1.69533e+23	2.64e-08	2.07e-04	4.31e-02	3.23e-01	5.00e-01	1.26e-01	6.43e-03	7.73e-04	6.27e-05	2.00e-07	0.00e+00
 1.70526e+23	3.43e-08	2.51e-04	4.89e-02	3.40e-01	4.90e-01	1.15e-01	5.54e-03	6.52e-04	4.98e-05	1.48e-07	0.00e+00
 1.71556e+23	4.34e-08	2.98e-04	5.47e-02	3.55e-01	4.79e-01	1.06e-01	4.82e-03	5.57e-04	4.03e-05	0.00e+00	0.00e+00
 1.72480e+23	5.37e-08	3.48e-04	6.05e-02	3.68e-01	4.68e-01	9.78e-02	4.24e-03	4.82e-04	3.31e-05	0.00e+00	0.00e+00
 1.73528e+23	7.04e-08	4.25e-04	6.87e-02	3.85e-01	4.54e-01	8.79e-02	3.59e-03	3.99e-04	2.57e-05	0.00e+00	0.00e+00
 1.74593e+23	8.83e-08	5.01e-04	7.62e-02	3.99e-01	4.40e-01	8.02e-02	3.11e-03	3.39e-04	2.06e-05	0.00e+00	0.00e+00
 1.75679e+23	1.15e-07	6.08e-04	8.62e-02	4.15e-01	4.23e-01	7.16e-02	2.61e-03	2.78e-04	1.59e-05	0.00e+00	0.00e+00
 1.76737e+23	1.42e-07	7.06e-04	9.47e-02	4.27e-01	4.10e-01	6.52e-02	2.27e-03	2.38e-04	1.29e-05	0.00e+00	0.00e+00
 1.77569e+23	1.70e-07	8.03e-04	1.03e-01	4.37e-01	3.97e-01	6.01e-02	2.01e-03	2.07e-04	1.07e-05	0.00e+00	0.00e+00
 1.78465e+23	2.10e-07	9.37e-04	1.13e-01	4.49e-01	3.81e-01	5.42e-02	1.73e-03	1.75e-04	8.54e-06	0.00e+00	0.00e+00
 1.79387e+23	2.53e-07	1.07e-03	1.22e-01	4.58e-01	3.68e-01	4.96e-02	1.51e-03	1.51e-04	7.02e-06	0.00e+00	0.00e+00
 1.80213e+23	3.01e-07	1.21e-03	1.32e-01	4.66e-01	3.54e-01	4.53e-02	1.33e-03	1.30e-04	5.79e-06	0.00e+00	0.00e+00
 1.81159e+23	3.75e-07	1.42e-03	1.45e-01	4.75e-01	3.37e-01	4.03e-02	1.13e-03	1.08e-04	4.53e-06	0.00e+00	0.00e+00
 1.82113e+23	4.50e-07	1.61e-03	1.57e-01	4.82e-01	3.22e-01	3.65e-02	9.80e-04	9.20e-05	3.68e-06	0.00e+00	0.00e+00
 1.82949e+23	5.35e-07	1.82e-03	1.68e-01	4.88e-01	3.08e-01	3.31e-02	8.55e-04	7.87e-05	3.01e-06	0.00e+00	0.00e+00
 1.83903e+23	6.62e-07	2.12e-03	1.84e-01	4.94e-01	2.90e-01	2.92e-02	7.20e-04	6.47e-05	2.33e-06	0.00e+00	0.00e+00
 1.84874e+23	7.91e-07	2.40e-03	1.98e-01	4.98e-01	2.75e-01	2.62e-02	6.21e-04	5.47e-05	1.87e-06	0.00e+00	0.00e+00
 1.85735e+23	9.39e-07	2.70e-03	2.12e-01	5.01e-01	2.61e-01	2.35e-02	5.37e-04	4.63e-05	1.51e-06	0.00e+00	0.00e+00
 1.86722e+23	1.16e-06	3.13e-03	2.30e-01	5.03e-01	2.43e-01	2.05e-02	4.46e-04	3.74e-05	1.15e-06	0.00e+00	0.00e+00
 1.87724e+23	1.38e-06	3.53e-03	2.46e-01	5.03e-01	2.29e-01	1.82e-02	3.81e-04	3.12e-05	9.17e-07	0.00e+00	0.00e+00
 1.88746e+23	1.71e-06	4.09e-03	2.67e-01	5.02e-01	2.11e-01	1.56e-02	3.13e-04	2.49e-05	6.88e-07	0.00e+00	0.00e+00
 1.89778e+23	2.04e-06	4.62e-03	2.85e-01	5.00e-01	1.97e-01	1.37e-02	2.65e-04	2.05e-05	5.39e-07	0.00e+00	0.00e+00
 1.90684e+23	2.41e-06	5.17e-03	3.03e-01	4.96e-01	1.83e-01	1.21e-02	2.25e-04	1.70e-05	4.26e-07	0.00e+00	0.00e+00
 1.91724e+23	2.98e-06	5.96e-03	3.26e-01	4.90e-01	1.67e-01	1.03e-02	1.82e-04	1.33e-05	3.13e-07	0.00e+00	0.00e+00
 1.92550e+23	3.25e-06	6.33e-03	3.37e-01	4.87e-01	1.60e-01	9.54e-03	1.66e-04	1.20e-05	2.75e-07	0.00e+00	0.00e+00
 1.93096e+23	3.64e-06	6.82e-03	3.50e-01	4.83e-01	1.52e-01	8.70e-03	1.48e-04	1.05e-05	2.32e-07	0.00e+00	0.00e+00
 1.93806e+23	4.16e-06	7.46e-03	3.66e-01	4.76e-01	1.42e-01	7.76e-03	1.29e-04	8.83e-06	1.89e-07	0.00e+00	0.00e+00
 1.94729e+23	4.97e-06	8.39e-03	3.88e-01	4.67e-01	1.30e-01	6.64e-03	1.06e-04	7.05e-06	1.43e-07	0.00e+00	0.00e+00
 1.95734e+23	5.86e-06	9.35e-03	4.09e-01	4.57e-01	1.18e-01	5.72e-03	8.83e-05	5.68e-06	0.00e+00	0.00e+00	0.00e+00
 1.96846e+23	7.26e-06	1.08e-02	4.37e-01	4.43e-01	1.05e-01	4.68e-03	6.91e-05	4.25e-06	0.00e+00	0.00e+00	0.00e+00
 1.97968e+23	8.54e-06	1.20e-02	4.59e-01	4.30e-01	9.48e-02	3.98e-03	5.69e-05	3.37e-06	0.00e+00	0.00e+00	0.00e+00
 1.99101e+23	1.04e-05	1.36e-02	4.86e-01	4.14e-01	8.33e-02	3.24e-03	4.46e-05	2.52e-06	0.00e+00	0.00e+00	0.00e+00
 2.00108e+23	1.18e-05	1.47e-02	5.03e-01	4.03e-01	7.66e-02	2.85e-03	3.81e-05	2.09e-06	0.00e+00	0.00e+00	0.00e+00
 2.00950e+23	1.37e-05	1.61e-02	5.23e-01	3.89e-01	6.92e-02	2.43e-03	3.16e-05	1.67e-06	0.00e+00	0.00e+00	0.00e+00
 2.01815e+23	1.54e-05	1.74e-02	5.40e-01	3.77e-01	6.33e-02	2.12e-03	2.69e-05	1.38e-06	0.00e+00	0.00e+00	0.00e+00
 2.02708e+23	1.78e-05	1.91e-02	5.60e-01	3.62e-01	5.67e-02	1.79e-03	2.21e-05	1.09e-06	0.00e+00	0.00e+00	0.00e+00
 2.03624e+23	2.03e-05	2.07e-02	5.77e-01	3.49e-01	5.13e-02	1.54e-03	1.85e-05	8.80e-07	0.00e+00	0.00e+00	0.00e+00
 2.04435e+23	2.28e-05	2.22e-02	5.93e-01	3.36e-01	4.66e-02	1.33e-03	1.57e-05	7.18e-07	0.00e+00	0.00e+00	0.00e+00
 2.05356e+23	2.64e-05	2.43e-02	6.13e-01	3.20e-01	4.12e-02	1.11e-03	1.27e-05	5.56e-07	0.00e+00	0.00e+00	0.00e+00
 2.06300e+23	2.99e-05	2.63e-02	6.29e-01	3.06e-01	3.70e-02	9.48e-04	1.06e-05	4.45e-07	0.00e+00	0.00e+00	0.00e+00
 2.07271e+23	3.49e-05	2.88e-02	6.49e-01	2.89e-01	3.22e-02	7.74e-04	8.36e-06	3.35e-07	0.00e+00	0.00e+00	0.00e+00
 2.08246e+23	3.95e-05	3.10e-02	6.64e-01	2.75e-01	2.87e-02	6.56e-04	6.92e-06	2.66e-07	0.00e+00	0.00e+00	0.00e+00
 2.09224e+23	4.57e-05	3.39e-02	6.82e-01	2.58e-01	2.49e-02	5.35e-04	5.48e-06	2.00e-07	0.00e+00	0.00e+00	0.00e+00
 2.10232e+23	5.19e-05	3.65e-02	6.97e-01	2.44e-01	2.19e-02	4.47e-04	4.45e-06	1.56e-07	0.00e+00	0.00e+00	0.00e+00
 2.11279e+23	6.07e-05	4.00e-02	7.14e-01	2.27e-01	1.86e-02	3.56e-04	3.44e-06	0.00e+00	0.00e+00	0.00e+00	0.00e+00
 2.12338e+23	6.90e-05	4.32e-02	7.27e-01	2.13e-01	1.63e-02	2.94e-04	2.77e-06	0.00e+00	0.00e+00	0.00e+00	0.00e+00
 2.13414e+23	8.03e-05	4.71e-02	7.42e-01	1.96e-01	1.37e-02	2.33e-04	2.13e-06	0.00e+00	0.00e+00	0.00e+00	0.00e+00
 2.14521e+23	9.21e-05	5.09e-02	7.55e-01	1.82e-01	1.18e-02	1.89e-04	1.67e-06	0.00e+00	0.00e+00	0.00e+00	0.00e+00
 2.15669e+23	1.08e-04	5.57e-02	7.68e-01	1.66e-01	9.77e-03	1.47e-04	1.26e-06	0.00e+00	0.00e+00	0.00e+00	0.00e+00
 2.16831e+23	1.24e-04	6.02e-02	7.78e-01	1.53e-01	8.31e-03	1.18e-04	9.79e-07	0.00e+00	0.00e+00	0.00e+00	0.00e+00
 2.18011e+23	1.46e-04	6.60e-02	7.89e-01	1.38e-01	6.76e-03	9.00e-05	7.18e-07	0.00e+00	0.00e+00	0.00e+00	0.00e+00
 2.19191e+23	1.66e-04	7.10e-02	7.96e-01	1.27e-01	5.73e-03	7.24e-05	5.60e-07	0.00e+00	0.00e+00	0.00e+00	0.00e+00
 2.20372e+23	1.96e-04	7.76e-02	8.04e-01	1.14e-01	4.63e-03	5.49e-05	4.08e-07	0.00e+00	0.00e+00	0.00e+00	0.00e+00
 2.21569e+23	2.24e-04	8.36e-02	8.09e-01	1.04e-01	3.88e-03	4.37e-05	3.14e-07	0.00e+00	0.00e+00	0.00e+00	0.00e+00
 2.22787e+23	2.65e-04	9.14e-02	8.14e-01	9.16e-02	3.09e-03	3.26e-05	2.24e-07	0.00e+00	0.00e+00	0.00e+00	0.00e+00
 2.24020e+23	3.06e-04	9.87e-02	8.16e-01	8.25e-02	2.56e-03	2.56e-05	1.70e-07	0.00e+00	0.00e+00	0.00e+00	0.00e+00
 2.25274e+23	3.63e-04	1.08e-01	8.18e-01	7.21e-02	2.00e-03	1.88e-05	0.00e+00	0.00e+00	0.00e+00	0.00e+00	0.00e+00
 2.26541e+23	4.21e-04	1.17e-01	8.17e-01	6.43e-02	1.64e-03	1.46e-05	0.00e+00	0.00e+00	0.00e+00	0.00e+00	0.00e+00
 2.27827e+23	5.03e-04	1.28e-01	8.15e-01	5.53e-02	1.26e-03	1.06e-05	0.00e+00	0.00e+00	0.00e+00	0.00e+00	0.00e+00
 2.29127e+23	5.87e-04	1.38e-01	8.12e-01	4.87e-02	1.01e-03	8.06e-06	0.00e+00	0.00e+00	0.00e+00	0.00e+00	0.00e+00
 2.30445e+23	7.13e-04	1.52e-01	8.06e-01	4.10e-02	7.59e-04	5.67e-06	0.00e+00	0.00e+00	0.00e+00	0.00e+00	0.00e+00
 2.31769e+23	8.33e-04	1.64e-01	7.99e-01	3.56e-02	6.03e-04	4.28e-06	0.00e+00	0.00e+00	0.00e+00	0.00e+00	0.00e+00
 2.33100e+23	1.02e-03	1.80e-01	7.89e-01	2.95e-02	4.44e-04	2.95e-06	0.00e+00	0.00e+00	0.00e+00	0.00e+00	0.00e+00
 2.34455e+23	1.21e-03	1.95e-01	7.78e-01	2.50e-02	3.43e-04	2.15e-06	0.00e+00	0.00e+00	0.00e+00	0.00e+00	0.00e+00
 2.35840e+23	1.49e-03	2.15e-01	7.64e-01	2.01e-02	2.45e-04	1.42e-06	0.00e+00	0.00e+00	0.00e+00	0.00e+00	0.00e+00
 2.37251e+23	1.79e-03	2.33e-01	7.49e-01	1.64e-02	1.83e-04	9.90e-07	0.00e+00	0.00e+00	0.00e+00	0.00e+00	0.00e+00
 2.38325e+23	2.06e-03	2.48e-01	7.36e-01	1.41e-02	1.47e-04	7.49e-07	0.00e+00	0.00e+00	0.00e+00	0.00e+00	0.00e+00
 2.39349e+23	2.40e-03	2.64e-01	7.22e-01	1.16e-02	1.12e-04	5.32e-07	0.00e+00	0.00e+00	0.00e+00	0.00e+00	0.00e+00
 2.40427e+23	2.80e-03	2.81e-01	7.06e-01	9.60e-03	8.69e-05	3.80e-07	0.00e+00	0.00e+00	0.00e+00	0.00e+00	0.00e+00
 2.41412e+23	3.24e-03	2.98e-01	6.91e-01	7.90e-03	6.74e-05	2.70e-07	0.00e+00	0.00e+00	0.00e+00	0.00e+00	0.00e+00
 2.42528e+23	3.88e-03	3.19e-01	6.71e-01	6.10e-03	4.86e-05	1.72e-07	0.00e+00	0.00e+00	0.00e+00	0.00e+00	0.00e+00
 2.43697e+23	4.62e-03	3.40e-01	6.50e-01	4.67e-03	3.52e-05	0.00e+00	0.00e+00	0.00e+00	0.00e+00	0.00e+00	0.00e+00
 2.44657e+23	5.30e-03	3.56e-01	6.35e-01	3.70e-03	2.69e-05	0.00e+00	0.00e+00	0.00e+00	0.00e+00	0.00e+00	0.00e+00
 2.45490e+23	6.09e-03	3.73e-01	6.18e-01	2.91e-03	2.05e-05	0.00e+00	0.00e+00	0.00e+00	0.00e+00	0.00e+00	0.00e+00
 2.46296e+23	6.91e-03	3.87e-01	6.04e-01	2.27e-03	1.57e-05	0.00e+00	0.00e+00	0.00e+00	0.00e+00	0.00e+00	0.00e+00
 2.47068e+23	7.86e-03	4.01e-01	5.90e-01	1.75e-03	1.20e-05	0.00e+00	0.00e+00	0.00e+00	0.00e+00	0.00e+00	0.00e+00
 2.47781e+23	8.85e-03	4.13e-01	5.77e-01	1.35e-03	9.17e-06	0.00e+00	0.00e+00	0.00e+00	0.00e+00	0.00e+00	0.00e+00
 2.48411e+23	9.88e-03	4.23e-01	5.66e-01	1.05e-03	7.13e-06	0.00e+00	0.00e+00	0.00e+00	0.00e+00	0.00e+00	0.00e+00
 2.48967e+23	1.09e-02	4.31e-01	5.57e-01	8.29e-04	5.65e-06	0.00e+00	0.00e+00	0.00e+00	0.00e+00	0.00e+00	0.00e+00
 2.49468e+23	1.19e-02	4.37e-01	5.50e-01	6.60e-04	4.54e-06	0.00e+00	0.00e+00	0.00e+00	0.00e+00	0.00e+00	0.00e+00
 2.49928e+23	1.30e-02	4.43e-01	5.44e-01	5.30e-04	3.69e-06	0.00e+00	0.00e+00	0.00e+00	0.00e+00	0.00e+00	0.00e+00
 2.50349e+23	1.41e-02	4.46e-01	5.40e-01	4.32e-04	3.04e-06	0.00e+00	0.00e+00	0.00e+00	0.00e+00	0.00e+00	0.00e+00
 2.50735e+23	1.52e-02	4.48e-01	5.36e-01	3.56e-04	2.54e-06	0.00e+00	0.00e+00	0.00e+00	0.00e+00	0.00e+00	0.00e+00
 2.51091e+23	1.63e-02	4.50e-01	5.34e-01	2.97e-04	2.15e-06	0.00e+00	0.00e+00	0.00e+00	0.00e+00	0.00e+00	0.00e+00
 2.51417e+23	1.73e-02	4.50e-01	5.32e-01	2.53e-04	1.85e-06	0.00e+00	0.00e+00	0.00e+00	0.00e+00	0.00e+00	0.00e+00
 2.51638e+23	1.78e-02	4.48e-01	5.34e-01	2.30e-04	1.70e-06	0.00e+00	0.00e+00	0.00e+00	0.00e+00	0.00e+00	0.00e+00
 2.51748e+23	1.81e-02	4.48e-01	5.34e-01	2.18e-04	1.62e-06	0.00e+00	0.00e+00	0.00e+00	0.00e+00	0.00e+00	0.00e+00
 2.51847e+23	1.85e-02	4.47e-01	5.34e-01	2.08e-04	1.55e-06	0.00e+00	0.00e+00	0.00e+00	0.00e+00	0.00e+00	0.00e+00
 2.51973e+23	1.89e-02	4.47e-01	5.34e-01	1.96e-04	1.47e-06	0.00e+00	0.00e+00	0.00e+00	0.00e+00	0.00e+00	0.00e+00
 2.52119e+23	1.95e-02	4.47e-01	5.33e-01	1.83e-04	1.39e-06	0.00e+00	0.00e+00	0.00e+00	0.00e+00	0.00e+00	0.00e+00
 2.52267e+23	2.01e-02	4.46e-01	5.33e-01	1.71e-04	1.31e-06	0.00e+00	0.00e+00	0.00e+00	0.00e+00	0.00e+00	0.00e+00
 2.52407e+23	2.05e-02	4.45e-01	5.35e-01	1.62e-04	1.24e-06	0.00e+00	0.00e+00	0.00e+00	0.00e+00	0.00e+00	0.00e+00
 2.52557e+23	2.11e-02	4.44e-01	5.35e-01	1.52e-04	1.17e-06	0.00e+00	0.00e+00	0.00e+00	0.00e+00	0.00e+00	0.00e+00
 2.52720e+23	2.17e-02	4.43e-01	5.35e-01	1.42e-04	1.11e-06	0.00e+00	0.00e+00	0.00e+00	0.00e+00	0.00e+00	0.00e+00
 2.52886e+23	2.23e-02	4.42e-01	5.36e-01	1.33e-04	1.05e-06	0.00e+00	0.00e+00	0.00e+00	0.00e+00	0.00e+00	0.00e+00
 2.53047e+23	2.28e-02	4.40e-01	5.37e-01	1.25e-04	9.97e-07	0.00e+00	0.00e+00	0.00e+00	0.00e+00	0.00e+00	0.00e+00
 2.53171e+23	2.31e-02	4.38e-01	5.39e-01	1.21e-04	9.66e-07	0.00e+00	0.00e+00	0.00e+00	0.00e+00	0.00e+00	0.00e+00
 2.53253e+23	2.34e-02	4.37e-01	5.39e-01	1.18e-04	9.44e-07	0.00e+00	0.00e+00	0.00e+00	0.00e+00	0.00e+00	0.00e+00
 2.53334e+23	2.37e-02	4.37e-01	5.39e-01	1.14e-04	9.23e-07	0.00e+00	0.00e+00	0.00e+00	0.00e+00	0.00e+00	0.00e+00
 2.53429e+23	2.41e-02	4.36e-01	5.39e-01	1.11e-04	8.98e-07	0.00e+00	0.00e+00	0.00e+00	0.00e+00	0.00e+00	0.00e+00
 2.53533e+23	2.46e-02	4.36e-01	5.40e-01	1.07e-04	8.75e-07	0.00e+00	0.00e+00	0.00e+00	0.00e+00	0.00e+00	0.00e+00
 2.53635e+23	2.49e-02	4.35e-01	5.40e-01	1.04e-04	8.54e-07	0.00e+00	0.00e+00	0.00e+00	0.00e+00	0.00e+00	0.00e+00
 2.53737e+23	2.53e-02	4.34e-01	5.40e-01	1.01e-04	8.33e-07	0.00e+00	0.00e+00	0.00e+00	0.00e+00	0.00e+00	0.00e+00
 2.53841e+23	2.58e-02	4.34e-01	5.40e-01	9.78e-05	8.13e-07	0.00e+00	0.00e+00	0.00e+00	0.00e+00	0.00e+00	0.00e+00
 2.53945e+23	2.63e-02	4.34e-01	5.40e-01	9.50e-05	7.94e-07	0.00e+00	0.00e+00	0.00e+00	0.00e+00	0.00e+00	0.00e+00
 2.54051e+23	2.67e-02	4.34e-01	5.40e-01	9.23e-05	7.76e-07	0.00e+00	0.00e+00	0.00e+00	0.00e+00	0.00e+00	0.00e+00
 2.54162e+23	2.73e-02	4.33e-01	5.39e-01	8.96e-05	7.58e-07	0.00e+00	0.00e+00	0.00e+00	0.00e+00	0.00e+00	0.00e+00
 2.54276e+23	2.78e-02	4.33e-01	5.39e-01	8.70e-05	7.41e-07	0.00e+00	0.00e+00	0.00e+00	0.00e+00	0.00e+00	0.00e+00
 2.54392e+23	2.84e-02	4.34e-01	5.38e-01	8.44e-05	7.24e-07	0.00e+00	0.00e+00	0.00e+00	0.00e+00	0.00e+00	0.00e+00
 2.54509e+23	2.90e-02	4.34e-01	5.37e-01	8.20e-05	7.08e-07	0.00e+00	0.00e+00	0.00e+00	0.00e+00	0.00e+00	0.00e+00
 2.54629e+23	2.96e-02	4.34e-01	5.36e-01	7.97e-05	6.93e-07	0.00e+00	0.00e+00	0.00e+00	0.00e+00	0.00e+00	0.00e+00
 2.54754e+23	3.03e-02	4.35e-01	5.35e-01	7.74e-05	6.77e-07	0.00e+00	0.00e+00	0.00e+00	0.00e+00	0.00e+00	0.00e+00
 2.54883e+23	3.11e-02	4.36e-01	5.33e-01	7.51e-05	6.62e-07	0.00e+00	0.00e+00	0.00e+00	0.00e+00	0.00e+00	0.00e+00
 2.55014e+23	3.18e-02	4.36e-01	5.32e-01	7.29e-05	6.48e-07	0.00e+00	0.00e+00	0.00e+00	0.00e+00	0.00e+00	0.00e+00
 2.55149e+23	3.27e-02	4.37e-01	5.30e-01	7.07e-05	6.34e-07	0.00e+00	0.00e+00	0.00e+00	0.00e+00	0.00e+00	0.00e+00
 2.55288e+23	3.36e-02	4.39e-01	5.28e-01	6.86e-05	6.20e-07	0.00e+00	0.00e+00	0.00e+00	0.00e+00	0.00e+00	0.00e+00
 2.55432e+23	3.45e-02	4.40e-01	5.25e-01	6.65e-05	6.06e-07	0.00e+00	0.00e+00	0.00e+00	0.00e+00	0.00e+00	0.00e+00
 2.55580e+23	3.55e-02	4.42e-01	5.23e-01	6.45e-05	5.92e-07	0.00e+00	0.00e+00	0.00e+00	0.00e+00	0.00e+00	0.00e+00
 2.55733e+23	3.66e-02	4.44e-01	5.20e-01	6.25e-05	5.79e-07	0.00e+00	0.00e+00	0.00e+00	0.00e+00	0.00e+00	0.00e+00
 2.55890e+23	3.77e-02	4.46e-01	5.17e-01	6.05e-05	5.66e-07	0.00e+00	0.00e+00	0.00e+00	0.00e+00	0.00e+00	0.00e+00
 2.56051e+23	3.89e-02	4.48e-01	5.13e-01	5.86e-05	5.53e-07	0.00e+00	0.00e+00	0.00e+00	0.00e+00	0.00e+00	0.00e+00
 2.56218e+23	4.02e-02	4.50e-01	5.10e-01	5.67e-05	5.40e-07	0.00e+00	0.00e+00	0.00e+00	0.00e+00	0.00e+00	0.00e+00
 2.56392e+23	4.16e-02	4.53e-01	5.06e-01	5.48e-05	5.27e-07	0.00e+00	0.00e+00	0.00e+00	0.00e+00	0.00e+00	0.00e+00
 2.56571e+23	4.30e-02	4.55e-01	5.01e-01	5.30e-05	5.14e-07	0.00e+00	0.00e+00	0.00e+00	0.00e+00	0.00e+00	0.00e+00
 2.56755e+23	4.46e-02	4.58e-01	4.97e-01	5.12e-05	5.02e-07	0.00e+00	0.00e+00	0.00e+00	0.00e+00	0.00e+00	0.00e+00
 2.56944e+23	4.62e-02	4.61e-01	4.92e-01	4.95e-05	4.90e-07	0.00e+00	0.00e+00	0.00e+00	0.00e+00	0.00e+00	0.00e+00
 2.57136e+23	4.78e-02	4.64e-01	4.88e-01	4.78e-05	4.78e-07	0.00e+00	0.00e+00	0.00e+00	0.00e+00	0.00e+00	0.00e+00
