#depth	He	He+	He+2
 1.54284e+22	1.52e-12	1.71e-06	1.00e+00
 3.47759e+22	3.73e-12	2.56e-06	1.00e+00
 4.09188e+22	6.53e-12	3.28e-06	1.00e+00
 4.49217e+22	1.06e-11	4.05e-06	1.00e+00
 4.71456e+22	1.20e-11	4.29e-06	1.00e+00
 4.78253e+22	1.29e-11	4.42e-06	1.00e+00
 4.83658e+22	1.41e-11	4.60e-06	1.00e+00
 4.89264e+22	1.51e-11	4.74e-06	1.00e+00
 4.95131e+22	1.65e-11	4.94e-06	1.00e+00
 5.00937e+22	1.79e-11	5.11e-06	1.00e+00
 5.05743e+22	1.91e-11	5.26e-06	1.00e+00
 5.11070e+22	2.08e-11	5.47e-06	1.00e+00
 5.16550e+22	2.25e-11	5.66e-06	1.00e+00
 5.21426e+22	2.41e-11	5.84e-06	1.00e+00
 5.26964e+22	2.64e-11	6.08e-06	1.00e+00
 5.32651e+22	2.86e-11	6.31e-06	1.00e+00
 5.37654e+22	3.09e-11	6.53e-06	1.00e+00
 5.42522e+22	3.32e-11	6.75e-06	1.00e+00
 5.48092e+22	3.64e-11	7.03e-06	1.00e+00
 5.53839e+22	3.97e-11	7.32e-06	1.00e+00
 5.58826e+22	4.27e-11	7.57e-06	1.00e+00
 5.64319e+22	4.68e-11	7.89e-06	1.00e+00
 5.69828e+22	5.06e-11	8.18e-06	1.00e+00
 5.74488e+22	5.44e-11	8.46e-06	1.00e+00
 5.79675e+22	5.95e-11	8.82e-06	1.00e+00
 5.84616e+22	6.36e-11	9.10e-06	1.00e+00
 5.88621e+22	6.80e-11	9.39e-06	1.00e+00
 5.92301e+22	7.21e-11	9.65e-06	1.00e+00
 5.95641e+22	7.61e-11	9.90e-06	1.00e+00
 5.99453e+22	8.16e-11	1.02e-05	1.00e+00
 6.03227e+22	8.63e-11	1.05e-05	1.00e+00
 6.06398e+22	9.10e-11	1.08e-05	1.00e+00
 6.09963e+22	9.71e-11	1.11e-05	1.00e+00
 6.13641e+22	1.03e-10	1.14e-05	1.00e+00
 6.16739e+22	1.08e-10	1.17e-05	1.00e+00
 6.19604e+22	1.14e-10	1.20e-05	1.00e+00
 6.22890e+22	1.22e-10	1.24e-05	1.00e+00
 6.26236e+22	1.29e-10	1.28e-05	1.00e+00
 6.29200e+22	1.36e-10	1.31e-05	1.00e+00
 6.32596e+22	1.45e-10	1.35e-05	1.00e+00
 6.35833e+22	1.53e-10	1.39e-05	1.00e+00
 6.38442e+22	1.61e-10	1.42e-05	1.00e+00
 6.41004e+22	1.69e-10	1.46e-05	1.00e+00
 6.43926e+22	1.80e-10	1.51e-05	1.00e+00
 6.46928e+22	1.90e-10	1.55e-05	1.00e+00
 6.49532e+22	1.99e-10	1.59e-05	1.00e+00
 6.52415e+22	2.14e-10	1.65e-05	1.00e+00
 6.55286e+22	2.24e-10	1.69e-05	1.00e+00
 6.58140e+22	2.41e-10	1.75e-05	1.00e+00
 6.60904e+22	2.53e-10	1.80e-05	1.00e+00
 6.63551e+22	2.70e-10	1.86e-05	1.00e+00
 6.66286e+22	2.85e-10	1.92e-05	1.00e+00
 6.69137e+22	3.07e-10	1.99e-05	1.00e+00
 6.71885e+22	3.23e-10	2.05e-05	1.00e+00
 6.74498e+22	3.48e-10	2.13e-05	1.00e+00
 6.77104e+22	3.66e-10	2.19e-05	1.00e+00
 6.79698e+22	3.93e-10	2.28e-05	1.00e+00
 6.82315e+22	4.15e-10	2.35e-05	1.00e+00
 6.84959e+22	4.48e-10	2.45e-05	1.00e+00
 6.87610e+22	4.74e-10	2.53e-05	1.00e+00
 6.90269e+22	5.11e-10	2.64e-05	1.00e+00
 6.92906e+22	5.40e-10	2.73e-05	1.00e+00
 6.95512e+22	5.82e-10	2.85e-05	1.00e+00
 6.98159e+22	6.18e-10	2.95e-05	1.00e+00
 7.00859e+22	6.68e-10	3.09e-05	1.00e+00
 7.03589e+22	7.10e-10	3.21e-05	1.00e+00
 7.06361e+22	7.69e-10	3.37e-05	1.00e+00
 7.09147e+22	8.18e-10	3.49e-05	1.00e+00
 7.11549e+22	8.68e-10	3.62e-05	1.00e+00
 7.14267e+22	9.38e-10	3.81e-05	1.00e+00
 7.16980e+22	9.91e-10	3.94e-05	1.00e+00
 7.19688e+22	1.07e-09	4.13e-05	1.00e+00
 7.22427e+22	1.13e-09	4.28e-05	1.00e+00
 7.25206e+22	1.21e-09	4.48e-05	1.00e+00
 7.28062e+22	1.28e-09	4.66e-05	1.00e+00
 7.31017e+22	1.38e-09	4.89e-05	1.00e+00
 7.34029e+22	1.46e-09	5.08e-05	1.00e+00
 7.37115e+22	1.57e-09	5.33e-05	1.00e+00
 7.40290e+22	1.66e-09	5.54e-05	1.00e+00
 7.43133e+22	1.75e-09	5.75e-05	1.00e+00
 7.46380e+22	1.88e-09	6.04e-05	1.00e+00
 7.49671e+22	1.98e-09	6.27e-05	1.00e+00
 7.53022e+22	2.12e-09	6.57e-05	1.00e+00
 7.56277e+22	2.22e-09	6.79e-05	1.00e+00
 7.59407e+22	2.35e-09	7.10e-05	1.00e+00
 7.62595e+22	2.46e-09	7.33e-05	1.00e+00
 7.65860e+22	2.61e-09	7.66e-05	1.00e+00
 7.69172e+22	2.73e-09	7.91e-05	1.00e+00
 7.72545e+22	2.89e-09	8.27e-05	1.00e+00
 7.75860e+22	3.01e-09	8.52e-05	1.00e+00
 7.79100e+22	3.17e-09	8.88e-05	1.00e+00
 7.82406e+22	3.30e-09	9.15e-05	1.00e+00
 7.85797e+22	3.48e-09	9.53e-05	1.00e+00
 7.89254e+22	3.63e-09	9.83e-05	1.00e+00
 7.92795e+22	3.83e-09	1.03e-04	1.00e+00
 7.96400e+22	3.98e-09	1.06e-04	1.00e+00
 8.00086e+22	4.09e-09	1.10e-04	1.00e+00
 8.03843e+22	4.26e-09	1.14e-04	1.00e+00
 8.07140e+22	4.43e-09	1.17e-04	1.00e+00
 8.10874e+22	4.66e-09	1.22e-04	1.00e+00
 8.14610e+22	4.84e-09	1.26e-04	1.00e+00
 8.18348e+22	5.08e-09	1.31e-04	1.00e+00
 8.22141e+22	5.27e-09	1.35e-04	1.00e+00
 8.26006e+22	5.54e-09	1.40e-04	1.00e+00
 8.29996e+22	5.76e-09	1.45e-04	1.00e+00
 8.34149e+22	6.05e-09	1.50e-04	1.00e+00
 8.38448e+22	6.31e-09	1.56e-04	1.00e+00
 8.42936e+22	6.65e-09	1.62e-04	1.00e+00
 8.47561e+22	6.95e-09	1.68e-04	1.00e+00
 8.52362e+22	7.34e-09	1.75e-04	1.00e+00
 8.57338e+22	7.70e-09	1.82e-04	1.00e+00
 8.61850e+22	8.05e-09	1.88e-04	1.00e+00
 8.67027e+22	8.52e-09	1.97e-04	1.00e+00
 8.72308e+22	8.94e-09	2.04e-04	1.00e+00
 8.77020e+22	9.36e-09	2.12e-04	1.00e+00
 8.82438e+22	9.92e-09	2.22e-04	1.00e+00
 8.87894e+22	1.04e-08	2.30e-04	1.00e+00
 8.93398e+22	1.10e-08	2.42e-04	1.00e+00
 8.98972e+22	1.15e-08	2.51e-04	1.00e+00
 9.04637e+22	1.22e-08	2.65e-04	1.00e+00
 9.10047e+22	1.27e-08	2.74e-04	1.00e+00
 9.15126e+22	1.33e-08	2.87e-04	1.00e+00
 9.20221e+22	1.38e-08	2.97e-04	1.00e+00
 9.25336e+22	1.45e-08	3.12e-04	1.00e+00
 9.30558e+22	1.51e-08	3.24e-04	1.00e+00
 9.35919e+22	1.58e-08	3.41e-04	1.00e+00
 9.41311e+22	1.63e-08	3.55e-04	1.00e+00
 9.46743e+22	1.70e-08	3.74e-04	1.00e+00
 9.52251e+22	1.76e-08	3.90e-04	1.00e+00
 9.57857e+22	1.83e-08	4.12e-04	1.00e+00
 9.63583e+22	1.89e-08	4.31e-04	1.00e+00
 9.69463e+22	1.95e-08	4.58e-04	1.00e+00
 9.75465e+22	2.00e-08	4.80e-04	1.00e+00
 9.81430e+22	2.05e-08	5.10e-04	9.99e-01
 9.87096e+22	2.09e-08	5.33e-04	9.99e-01
 9.92568e+22	2.13e-08	5.64e-04	9.99e-01
 9.98145e+22	2.15e-08	5.91e-04	9.99e-01
 1.00362e+23	2.18e-08	6.25e-04	9.99e-01
 1.00920e+23	2.19e-08	6.56e-04	9.99e-01
 1.01465e+23	2.20e-08	6.93e-04	9.99e-01
 1.02021e+23	2.21e-08	7.29e-04	9.99e-01
 1.02572e+23	2.21e-08	7.68e-04	9.99e-01
 1.03125e+23	2.21e-08	8.09e-04	9.99e-01
 1.03672e+23	2.21e-08	8.52e-04	9.99e-01
 1.04219e+23	2.21e-08	8.97e-04	9.99e-01
 1.04766e+23	2.21e-08	9.44e-04	9.99e-01
 1.05315e+23	2.21e-08	9.93e-04	9.99e-01
 1.05868e+23	2.22e-08	1.05e-03	9.99e-01
 1.06426e+23	2.24e-08	1.10e-03	9.99e-01
 1.06990e+23	2.27e-08	1.16e-03	9.99e-01
 1.07557e+23	2.31e-08	1.22e-03	9.99e-01
 1.08134e+23	2.37e-08	1.29e-03	9.99e-01
 1.08717e+23	2.45e-08	1.35e-03	9.99e-01
 1.09312e+23	2.55e-08	1.43e-03	9.99e-01
 1.09865e+23	2.64e-08	1.49e-03	9.99e-01
 1.10435e+23	2.79e-08	1.58e-03	9.98e-01
 1.11013e+23	2.93e-08	1.65e-03	9.98e-01
 1.11606e+23	3.13e-08	1.75e-03	9.98e-01
 1.12202e+23	3.32e-08	1.82e-03	9.98e-01
 1.12803e+23	3.60e-08	1.93e-03	9.98e-01
 1.13406e+23	3.84e-08	2.01e-03	9.98e-01
 1.14015e+23	4.20e-08	2.13e-03	9.98e-01
 1.14628e+23	4.52e-08	2.22e-03	9.98e-01
 1.15248e+23	4.98e-08	2.35e-03	9.98e-01
 1.15876e+23	5.39e-08	2.46e-03	9.98e-01
 1.16515e+23	5.98e-08	2.60e-03	9.97e-01
 1.17163e+23	6.50e-08	2.72e-03	9.97e-01
 1.17826e+23	7.26e-08	2.88e-03	9.97e-01
 1.18502e+23	7.93e-08	3.02e-03	9.97e-01
 1.19197e+23	8.91e-08	3.21e-03	9.97e-01
 1.19909e+23	9.79e-08	3.36e-03	9.97e-01
 1.20643e+23	1.11e-07	3.58e-03	9.96e-01
 1.21335e+23	1.20e-07	3.73e-03	9.96e-01
 1.21970e+23	1.34e-07	3.93e-03	9.96e-01
 1.22600e+23	1.44e-07	4.08e-03	9.96e-01
 1.23223e+23	1.60e-07	4.30e-03	9.96e-01
 1.23849e+23	1.73e-07	4.47e-03	9.96e-01
 1.24481e+23	1.93e-07	4.71e-03	9.95e-01
 1.25124e+23	2.09e-07	4.90e-03	9.95e-01
 1.25782e+23	2.33e-07	5.17e-03	9.95e-01
 1.26448e+23	2.52e-07	5.38e-03	9.95e-01
 1.27125e+23	2.82e-07	5.68e-03	9.94e-01
 1.27817e+23	3.07e-07	5.93e-03	9.94e-01
 1.28529e+23	3.44e-07	6.27e-03	9.94e-01
 1.29255e+23	3.76e-07	6.55e-03	9.93e-01
 1.30000e+23	4.23e-07	6.94e-03	9.93e-01
 1.30762e+23	4.64e-07	7.26e-03	9.93e-01
 1.31545e+23	5.24e-07	7.71e-03	9.92e-01
 1.32338e+23	5.74e-07	8.07e-03	9.92e-01
 1.33143e+23	6.51e-07	8.59e-03	9.91e-01
 1.33956e+23	7.14e-07	8.99e-03	9.91e-01
 1.34780e+23	8.11e-07	9.57e-03	9.90e-01
 1.35583e+23	8.85e-07	9.99e-03	9.90e-01
 1.36360e+23	9.92e-07	1.06e-02	9.89e-01
 1.37179e+23	1.10e-06	1.11e-02	9.89e-01
 1.37867e+23	1.19e-06	1.16e-02	9.88e-01
 1.38574e+23	1.32e-06	1.22e-02	9.88e-01
 1.39317e+23	1.44e-06	1.27e-02	9.87e-01
 1.39999e+23	1.57e-06	1.33e-02	9.87e-01
 1.40781e+23	1.75e-06	1.40e-02	9.86e-01
 1.41583e+23	1.93e-06	1.47e-02	9.85e-01
 1.42291e+23	2.11e-06	1.53e-02	9.85e-01
 1.43090e+23	2.36e-06	1.62e-02	9.84e-01
 1.43924e+23	2.61e-06	1.70e-02	9.83e-01
 1.44676e+23	2.86e-06	1.78e-02	9.82e-01
 1.45527e+23	3.22e-06	1.89e-02	9.81e-01
 1.46404e+23	3.57e-06	1.99e-02	9.80e-01
 1.47186e+23	3.93e-06	2.09e-02	9.79e-01
 1.48071e+23	4.43e-06	2.21e-02	9.78e-01
 1.48990e+23	4.94e-06	2.33e-02	9.77e-01
 1.49815e+23	5.46e-06	2.45e-02	9.75e-01
 1.50751e+23	6.21e-06	2.61e-02	9.74e-01
 1.51717e+23	6.94e-06	2.76e-02	9.72e-01
 1.52587e+23	7.71e-06	2.91e-02	9.71e-01
 1.53586e+23	8.85e-06	3.11e-02	9.69e-01
 1.54596e+23	9.91e-06	3.29e-02	9.67e-01
 1.55622e+23	1.14e-05	3.52e-02	9.65e-01
 1.56660e+23	1.28e-05	3.72e-02	9.63e-01
 1.57713e+23	1.47e-05	3.99e-02	9.60e-01
 1.58776e+23	1.65e-05	4.22e-02	9.58e-01
 1.59852e+23	1.92e-05	4.54e-02	9.55e-01
 1.60939e+23	2.15e-05	4.80e-02	9.52e-01
 1.62041e+23	2.50e-05	5.16e-02	9.48e-01
 1.63157e+23	2.81e-05	5.47e-02	9.45e-01
 1.64293e+23	3.28e-05	5.89e-02	9.41e-01
 1.65407e+23	3.67e-05	6.22e-02	9.38e-01
 1.66492e+23	4.25e-05	6.68e-02	9.33e-01
 1.67539e+23	4.70e-05	7.01e-02	9.30e-01
 1.68537e+23	5.38e-05	7.48e-02	9.25e-01
 1.69533e+23	5.96e-05	7.85e-02	9.21e-01
 1.70526e+23	6.76e-05	8.34e-02	9.17e-01
 1.71556e+23	7.58e-05	8.81e-02	9.12e-01
 1.72480e+23	8.41e-05	9.25e-02	9.07e-01
 1.73528e+23	9.61e-05	9.86e-02	9.01e-01
 1.74593e+23	1.07e-04	1.04e-01	8.96e-01
 1.75679e+23	1.23e-04	1.11e-01	8.89e-01
 1.76737e+23	1.36e-04	1.16e-01	8.84e-01
 1.77569e+23	1.49e-04	1.21e-01	8.79e-01
 1.78465e+23	1.66e-04	1.28e-01	8.72e-01
 1.79387e+23	1.83e-04	1.33e-01	8.67e-01
 1.80213e+23	2.00e-04	1.39e-01	8.61e-01
 1.81159e+23	2.24e-04	1.46e-01	8.53e-01
 1.82113e+23	2.46e-04	1.53e-01	8.47e-01
 1.82949e+23	2.69e-04	1.59e-01	8.40e-01
 1.83903e+23	3.01e-04	1.68e-01	8.32e-01
 1.84874e+23	3.30e-04	1.75e-01	8.25e-01
 1.85735e+23	3.62e-04	1.82e-01	8.17e-01
 1.86722e+23	4.05e-04	1.92e-01	8.08e-01
 1.87724e+23	4.45e-04	2.00e-01	8.00e-01
 1.88746e+23	4.99e-04	2.11e-01	7.89e-01
 1.89778e+23	5.49e-04	2.20e-01	7.80e-01
 1.90684e+23	6.02e-04	2.29e-01	7.71e-01
 1.91724e+23	6.77e-04	2.41e-01	7.59e-01
 1.92550e+23	7.10e-04	2.45e-01	7.54e-01
 1.93096e+23	7.56e-04	2.52e-01	7.47e-01
 1.93806e+23	8.15e-04	2.60e-01	7.39e-01
 1.94729e+23	9.01e-04	2.72e-01	7.27e-01
 1.95734e+23	9.89e-04	2.83e-01	7.16e-01
 1.96846e+23	1.12e-03	2.98e-01	7.01e-01
 1.97968e+23	1.23e-03	3.09e-01	6.90e-01
 1.99101e+23	1.38e-03	3.24e-01	6.74e-01
 2.00108e+23	1.48e-03	3.34e-01	6.65e-01
 2.00950e+23	1.61e-03	3.45e-01	6.53e-01
 2.01815e+23	1.73e-03	3.55e-01	6.43e-01
 2.02708e+23	1.89e-03	3.67e-01	6.31e-01
 2.03624e+23	2.04e-03	3.78e-01	6.19e-01
 2.04435e+23	2.19e-03	3.89e-01	6.09e-01
 2.05356e+23	2.39e-03	4.02e-01	5.95e-01
 2.06300e+23	2.58e-03	4.14e-01	5.83e-01
 2.07271e+23	2.83e-03	4.29e-01	5.68e-01
 2.08246e+23	3.05e-03	4.41e-01	5.56e-01
 2.09224e+23	3.34e-03	4.56e-01	5.41e-01
 2.10232e+23	3.61e-03	4.69e-01	5.28e-01
 2.11279e+23	3.97e-03	4.85e-01	5.11e-01
 2.12338e+23	4.30e-03	4.99e-01	4.97e-01
 2.13414e+23	4.72e-03	5.16e-01	4.80e-01
 2.14521e+23	5.14e-03	5.31e-01	4.64e-01
 2.15669e+23	5.67e-03	5.49e-01	4.46e-01
 2.16831e+23	6.17e-03	5.64e-01	4.30e-01
 2.18011e+23	6.84e-03	5.83e-01	4.10e-01
 2.19191e+23	7.41e-03	5.99e-01	3.94e-01
 2.20372e+23	8.21e-03	6.18e-01	3.74e-01
 2.21569e+23	8.92e-03	6.34e-01	3.57e-01
 2.22787e+23	9.90e-03	6.53e-01	3.37e-01
 2.24020e+23	1.08e-02	6.70e-01	3.19e-01
 2.25274e+23	1.20e-02	6.90e-01	2.98e-01
 2.26541e+23	1.31e-02	7.07e-01	2.80e-01
 2.27827e+23	1.46e-02	7.26e-01	2.59e-01
 2.29127e+23	1.60e-02	7.43e-01	2.41e-01
 2.30445e+23	1.80e-02	7.62e-01	2.20e-01
 2.31769e+23	1.97e-02	7.78e-01	2.02e-01
 2.33100e+23	2.23e-02	7.96e-01	1.82e-01
 2.34455e+23	2.46e-02	8.11e-01	1.65e-01
 2.35840e+23	2.79e-02	8.26e-01	1.46e-01
 2.37251e+23	3.11e-02	8.39e-01	1.30e-01
 2.38325e+23	3.38e-02	8.48e-01	1.18e-01
 2.39349e+23	3.72e-02	8.56e-01	1.07e-01
 2.40427e+23	4.08e-02	8.63e-01	9.60e-02
 2.41412e+23	4.47e-02	8.69e-01	8.68e-02
 2.42528e+23	5.02e-02	8.73e-01	7.65e-02
 2.43697e+23	5.62e-02	8.76e-01	6.75e-02
 2.44657e+23	6.19e-02	8.77e-01	6.11e-02
 2.45490e+23	6.82e-02	8.76e-01	5.55e-02
 2.46296e+23	7.49e-02	8.74e-01	5.08e-02
 2.47068e+23	8.27e-02	8.71e-01	4.67e-02
 2.47781e+23	9.10e-02	8.66e-01	4.33e-02
 2.48411e+23	9.97e-02	8.60e-01	4.06e-02
 2.48967e+23	1.09e-01	8.53e-01	3.85e-02
 2.49468e+23	1.18e-01	8.45e-01	3.68e-02
 2.49928e+23	1.28e-01	8.37e-01	3.53e-02
 2.50349e+23	1.38e-01	8.28e-01	3.42e-02
 2.50735e+23	1.49e-01	8.18e-01	3.33e-02
 2.51091e+23	1.60e-01	8.07e-01	3.26e-02
 2.51417e+23	1.72e-01	7.96e-01	3.21e-02
 2.51638e+23	1.79e-01	7.89e-01	3.22e-02
 2.51748e+23	1.83e-01	7.85e-01	3.21e-02
 2.51847e+23	1.87e-01	7.81e-01	3.20e-02
 2.51973e+23	1.93e-01	7.76e-01	3.19e-02
 2.52119e+23	1.99e-01	7.69e-01	3.18e-02
 2.52267e+23	2.06e-01	7.62e-01	3.17e-02
 2.52407e+23	2.12e-01	7.56e-01	3.17e-02
 2.52557e+23	2.20e-01	7.48e-01	3.17e-02
 2.52720e+23	2.28e-01	7.40e-01	3.17e-02
 2.52886e+23	2.37e-01	7.31e-01	3.17e-02
 2.53047e+23	2.46e-01	7.22e-01	3.18e-02
 2.53171e+23	2.52e-01	7.16e-01	3.20e-02
 2.53253e+23	2.57e-01	7.11e-01	3.20e-02
 2.53334e+23	2.62e-01	7.06e-01	3.20e-02
 2.53429e+23	2.68e-01	7.00e-01	3.20e-02
 2.53533e+23	2.74e-01	6.94e-01	3.20e-02
 2.53635e+23	2.81e-01	6.87e-01	3.20e-02
 2.53737e+23	2.87e-01	6.81e-01	3.20e-02
 2.53841e+23	2.95e-01	6.73e-01	3.19e-02
 2.53945e+23	3.02e-01	6.66e-01	3.18e-02
 2.54051e+23	3.09e-01	6.59e-01	3.18e-02
 2.54162e+23	3.17e-01	6.51e-01	3.17e-02
 2.54276e+23	3.26e-01	6.43e-01	3.16e-02
 2.54392e+23	3.35e-01	6.34e-01	3.14e-02
 2.54509e+23	3.44e-01	6.25e-01	3.12e-02
 2.54629e+23	3.53e-01	6.16e-01	3.10e-02
 2.54754e+23	3.63e-01	6.06e-01	3.08e-02
 2.54883e+23	3.74e-01	5.96e-01	3.05e-02
 2.55014e+23	3.84e-01	5.85e-01	3.02e-02
 2.55149e+23	3.96e-01	5.75e-01	2.99e-02
 2.55288e+23	4.07e-01	5.63e-01	2.95e-02
 2.55432e+23	4.20e-01	5.51e-01	2.91e-02
 2.55580e+23	4.32e-01	5.39e-01	2.86e-02
 2.55733e+23	4.46e-01	5.26e-01	2.81e-02
 2.55890e+23	4.59e-01	5.13e-01	2.75e-02
 2.56051e+23	4.73e-01	5.00e-01	2.69e-02
 2.56218e+23	4.87e-01	4.86e-01	2.63e-02
 2.56392e+23	5.02e-01	4.72e-01	2.56e-02
 2.56571e+23	5.17e-01	4.58e-01	2.49e-02
 2.56755e+23	5.33e-01	4.43e-01	2.41e-02
 2.56944e+23	5.48e-01	4.29e-01	2.34e-02
 2.57136e+23	5.63e-01	4.14e-01	2.26e-02
 2.57331e+23	5.79e-01	3.99e-01	2.17e-02
 2.57537e+23	5.95e-01	3.85e-01	2.08e-02
 2.57748e+23	6.10e-01	3.70e-01	1.99e-02
 2.57959e+23	6.25e-01	3.56e-01	1.91e-02
 2.58174e+23	6.40e-01	3.42e-01	1.82e-02
 2.58402e+23	6.54e-01	3.28e-01	1.73e-02
 2.58638e+23	6.68e-01	3.15e-01	1.64e-02
 2.58878e+23	6.82e-01	3.02e-01	1.56e-02
 2.59125e+23	6.96e-01	2.90e-01	1.47e-02
 2.59385e+23	7.09e-01	2.77e-01	1.38e-02
 2.59656e+23	7.22e-01	2.65e-01	1.30e-02
 2.59936e+23	7.34e-01	2.54e-01	1.21e-02
 2.60217e+23	7.46e-01	2.43e-01	1.13e-02
 2.60493e+23	7.56e-01	2.33e-01	1.06e-02
 2.60761e+23	7.65e-01	2.25e-01	9.94e-03
 2.61018e+23	7.74e-01	2.17e-01	9.34e-03
 2.61266e+23	7.82e-01	2.09e-01	8.79e-03
 2.61502e+23	7.89e-01	2.03e-01	8.30e-03
 2.61720e+23	7.95e-01	1.97e-01	7.87e-03
 2.61932e+23	8.01e-01	1.92e-01	7.46e-03
 2.62145e+23	8.06e-01	1.86e-01	7.08e-03
 2.62351e+23	8.12e-01	1.82e-01	6.73e-03
 2.62550e+23	8.16e-01	1.77e-01	6.41e-03
 2.62742e+23	8.21e-01	1.73e-01	6.11e-03
 2.62928e+23	8.25e-01	1.69e-01	5.83e-03
 2.63108e+23	8.29e-01	1.65e-01	5.57e-03
 2.63282e+23	8.33e-01	1.62e-01	5.33e-03
 2.63450e+23	8.37e-01	1.58e-01	5.10e-03
 2.63613e+23	8.40e-01	1.55e-01	4.89e-03
 2.63770e+23	8.44e-01	1.52e-01	4.69e-03
 2.63918e+23	8.47e-01	1.49e-01	4.51e-03
 2.64064e+23	8.50e-01	1.46e-01	4.33e-03
 2.64206e+23	8.53e-01	1.43e-01	4.16e-03
 2.64336e+23	8.55e-01	1.41e-01	4.02e-03
 2.64454e+23	8.58e-01	1.39e-01	3.88e-03
 2.64561e+23	8.60e-01	1.37e-01	3.76e-03
 2.64659e+23	8.62e-01	1.35e-01	3.65e-03
 2.64748e+23	8.64e-01	1.33e-01	3.56e-03
 2.64829e+23	8.65e-01	1.31e-01	3.47e-03
 2.64903e+23	8.67e-01	1.30e-01	3.39e-03
 2.64984e+23	8.69e-01	1.28e-01	3.29e-03
 2.65071e+23	8.70e-01	1.27e-01	3.21e-03
 2.65150e+23	8.72e-01	1.25e-01	3.14e-03
 2.65222e+23	8.73e-01	1.24e-01	3.08e-03
 2.65288e+23	8.74e-01	1.23e-01	3.02e-03
 2.65360e+23	8.76e-01	1.21e-01	2.94e-03
 2.65454e+23	8.78e-01	1.20e-01	2.85e-03
 2.65555e+23	8.79e-01	1.18e-01	2.78e-03
 2.65647e+23	8.81e-01	1.17e-01	2.71e-03
 2.65730e+23	8.82e-01	1.15e-01	2.64e-03
 2.65806e+23	8.83e-01	1.14e-01	2.59e-03
 2.65890e+23	8.85e-01	1.13e-01	2.52e-03
 2.65980e+23	8.86e-01	1.11e-01	2.46e-03
 2.66079e+23	8.88e-01	1.10e-01	2.39e-03
 2.66185e+23	8.89e-01	1.08e-01	2.32e-03
 2.66282e+23	8.91e-01	1.07e-01	2.27e-03
 2.66370e+23	8.92e-01	1.06e-01	2.21e-03
 2.66451e+23	8.93e-01	1.05e-01	2.16e-03
 2.66524e+23	8.94e-01	1.04e-01	2.12e-03
 2.66604e+23	8.96e-01	1.02e-01	2.06e-03
 2.66708e+23	8.97e-01	1.01e-01	2.00e-03
 2.66820e+23	8.99e-01	9.94e-02	1.95e-03
 2.66923e+23	9.00e-01	9.80e-02	1.89e-03
 2.67016e+23	9.01e-01	9.68e-02	1.85e-03
 2.67100e+23	9.03e-01	9.56e-02	1.80e-03
 2.67177e+23	9.04e-01	9.45e-02	1.76e-03
 2.67262e+23	9.05e-01	9.31e-02	1.71e-03
 2.67353e+23	9.06e-01	9.20e-02	1.66e-03
 2.67436e+23	9.07e-01	9.10e-02	1.63e-03
 2.67511e+23	9.08e-01	9.00e-02	1.59e-03
 2.67580e+23	9.09e-01	8.92e-02	1.56e-03
 2.67655e+23	9.11e-01	8.80e-02	1.52e-03
 2.67753e+23	9.12e-01	8.67e-02	1.47e-03
 2.67859e+23	9.13e-01	8.57e-02	1.44e-03
 2.67955e+23	9.14e-01	8.45e-02	1.40e-03
 2.68042e+23	9.15e-01	8.35e-02	1.37e-03
 2.68122e+23	9.16e-01	8.26e-02	1.33e-03
 2.68209e+23	9.17e-01	8.13e-02	1.29e-03
 2.68304e+23	9.18e-01	8.03e-02	1.26e-03
 2.68389e+23	9.19e-01	7.94e-02	1.23e-03
 2.68467e+23	9.20e-01	7.85e-02	1.21e-03
 2.68538e+23	9.21e-01	7.79e-02	1.19e-03
 2.68616e+23	9.22e-01	7.68e-02	1.15e-03
 2.68717e+23	9.23e-01	7.59e-02	1.12e-03
 2.68826e+23	9.24e-01	7.50e-02	1.10e-03
 2.68926e+23	9.25e-01	7.41e-02	1.07e-03
 2.69034e+23	9.26e-01	7.29e-02	1.04e-03
 2.69152e+23	9.27e-01	7.20e-02	1.01e-03
 2.69259e+23	9.28e-01	7.10e-02	9.83e-04
 2.69356e+23	9.29e-01	7.01e-02	9.58e-04
 2.69445e+23	9.30e-01	6.94e-02	9.40e-04
 2.69542e+23	9.31e-01	6.83e-02	9.08e-04
 2.69668e+23	9.32e-01	6.72e-02	8.80e-04
 2.69804e+23	9.33e-01	6.63e-02	8.56e-04
 2.69928e+23	9.34e-01	6.53e-02	8.30e-04
 2.70041e+23	9.35e-01	6.43e-02	8.06e-04
 2.70143e+23	9.36e-01	6.36e-02	7.89e-04
 2.70256e+23	9.37e-01	6.24e-02	7.58e-04
 2.70377e+23	9.38e-01	6.17e-02	7.41e-04
 2.70488e+23	9.38e-01	6.09e-02	7.21e-04
 2.70588e+23	9.39e-01	6.02e-02	7.05e-04
 2.70698e+23	9.40e-01	5.92e-02	6.81e-04
 2.70817e+23	9.41e-01	5.84e-02	6.64e-04
 2.70925e+23	9.42e-01	5.78e-02	6.49e-04
 2.71044e+23	9.43e-01	5.68e-02	6.27e-04
 2.71172e+23	9.43e-01	5.60e-02	6.10e-04
 2.71289e+23	9.44e-01	5.52e-02	5.93e-04
 2.71395e+23	9.45e-01	5.46e-02	5.80e-04
 2.71511e+23	9.46e-01	5.37e-02	5.61e-04
 2.71636e+23	9.46e-01	5.30e-02	5.47e-04
 2.71750e+23	9.47e-01	5.24e-02	5.34e-04
 2.71875e+23	9.48e-01	5.15e-02	5.15e-04
 2.72010e+23	9.49e-01	5.07e-02	5.00e-04
 2.72133e+23	9.49e-01	5.01e-02	4.88e-04
 2.72268e+23	9.50e-01	4.92e-02	4.71e-04
 2.72413e+23	9.51e-01	4.84e-02	4.56e-04
 2.72546e+23	9.52e-01	4.78e-02	4.45e-04
 2.72690e+23	9.53e-01	4.69e-02	4.28e-04
 2.72847e+23	9.53e-01	4.63e-02	4.16e-04
 2.72989e+23	9.54e-01	4.55e-02	4.03e-04
 2.73119e+23	9.55e-01	4.49e-02	3.92e-04
 2.73261e+23	9.56e-01	4.41e-02	3.78e-04
 2.73414e+23	9.56e-01	4.34e-02	3.66e-04
 2.73554e+23	9.57e-01	4.28e-02	3.57e-04
 2.73707e+23	9.58e-01	4.20e-02	3.43e-04
 2.73872e+23	9.58e-01	4.13e-02	3.32e-04
 2.74022e+23	9.59e-01	4.07e-02	3.23e-04
 2.74186e+23	9.60e-01	3.99e-02	3.10e-04
 2.74364e+23	9.60e-01	3.92e-02	2.99e-04
 2.74526e+23	9.61e-01	3.86e-02	2.90e-04
 2.74703e+23	9.62e-01	3.78e-02	2.78e-04
 2.74894e+23	9.63e-01	3.71e-02	2.68e-04
 2.75068e+23	9.63e-01	3.65e-02	2.59e-04
 2.75259e+23	9.64e-01	3.57e-02	2.48e-04
 2.75465e+23	9.65e-01	3.51e-02	2.39e-04
 2.75652e+23	9.65e-01	3.44e-02	2.30e-04
 2.75822e+23	9.66e-01	3.38e-02	2.23e-04
 2.76009e+23	9.67e-01	3.31e-02	2.13e-04
 2.76211e+23	9.67e-01	3.25e-02	2.05e-04
 2.76395e+23	9.68e-01	3.19e-02	1.99e-04
 2.76596e+23	9.69e-01	3.12e-02	1.90e-04
 2.76813e+23	9.69e-01	3.06e-02	1.82e-04
 2.77010e+23	9.70e-01	3.00e-02	1.76e-04
 2.77227e+23	9.70e-01	2.93e-02	1.68e-04
 2.77461e+23	9.71e-01	2.87e-02	1.61e-04
 2.77673e+23	9.72e-01	2.82e-02	1.55e-04
 2.77906e+23	9.72e-01	2.75e-02	1.47e-04
 2.78158e+23	9.73e-01	2.69e-02	1.41e-04
 2.78387e+23	9.74e-01	2.63e-02	1.35e-04
 2.78595e+23	9.74e-01	2.58e-02	1.30e-04
 2.78824e+23	9.75e-01	2.52e-02	1.24e-04
 2.79070e+23	9.75e-01	2.47e-02	1.19e-04
 2.79295e+23	9.76e-01	2.42e-02	1.14e-04
 2.79540e+23	9.76e-01	2.36e-02	1.09e-04
 2.79806e+23	9.77e-01	2.31e-02	1.04e-04
 2.80047e+23	9.77e-01	2.26e-02	9.95e-05
 2.80267e+23	9.78e-01	2.21e-02	9.58e-05
 2.80508e+23	9.78e-01	2.16e-02	9.13e-05
 2.80768e+23	9.79e-01	2.11e-02	8.73e-05
 2.81053e+23	9.79e-01	2.06e-02	8.26e-05
 2.81396e+23	9.80e-01	1.99e-02	7.75e-05
 2.81763e+23	9.81e-01	1.93e-02	7.26e-05
 2.82135e+23	9.81e-01	1.86e-02	6.79e-05
 2.82512e+23	9.82e-01	1.80e-02	6.35e-05
 2.82894e+23	9.83e-01	1.74e-02	5.93e-05
 2.83279e+23	9.83e-01	1.68e-02	5.54e-05
 2.83669e+23	9.84e-01	1.63e-02	5.17e-05
 2.84064e+23	9.84e-01	1.57e-02	4.83e-05
 2.84462e+23	9.85e-01	1.52e-02	4.50e-05
 2.84865e+23	9.85e-01	1.46e-02	4.20e-05
 2.85272e+23	9.86e-01	1.41e-02	3.91e-05
 2.85682e+23	9.86e-01	1.36e-02	3.64e-05
 2.86096e+23	9.87e-01	1.32e-02	3.39e-05
 2.86513e+23	9.87e-01	1.27e-02	3.16e-05
 2.86933e+23	9.88e-01	1.22e-02	2.94e-05
 2.87356e+23	9.88e-01	1.18e-02	2.73e-05
 2.87781e+23	9.89e-01	1.14e-02	2.54e-05
 2.88211e+23	9.89e-01	1.10e-02	2.36e-05
 2.88644e+23	9.89e-01	1.06e-02	2.20e-05
 2.89080e+23	9.90e-01	1.02e-02	2.04e-05
 2.89519e+23	9.90e-01	9.82e-03	1.90e-05
 2.89961e+23	9.91e-01	9.46e-03	1.76e-05
 2.90406e+23	9.91e-01	9.11e-03	1.63e-05
 2.90861e+23	9.91e-01	8.77e-03	1.51e-05
 2.91325e+23	9.92e-01	8.44e-03	1.40e-05
 2.91794e+23	9.92e-01	8.12e-03	1.30e-05
 2.92269e+23	9.92e-01	7.81e-03	1.20e-05
 2.92749e+23	9.92e-01	7.50e-03	1.11e-05
 2.93233e+23	9.93e-01	7.21e-03	1.02e-05
 2.93723e+23	9.93e-01	6.93e-03	9.46e-06
 2.94219e+23	9.93e-01	6.65e-03	8.73e-06
 2.94723e+23	9.94e-01	6.39e-03	8.04e-06
 2.95235e+23	9.94e-01	6.13e-03	7.41e-06
 2.95760e+23	9.94e-01	5.88e-03	6.81e-06
 2.96299e+23	9.94e-01	5.63e-03	6.25e-06
 2.96846e+23	9.95e-01	5.39e-03	5.73e-06
 2.97403e+23	9.95e-01	5.16e-03	5.25e-06
 2.97970e+23	9.95e-01	4.93e-03	4.80e-06
 2.98547e+23	9.95e-01	4.72e-03	4.39e-06
 2.99135e+23	9.95e-01	4.50e-03	4.00e-06
 2.99735e+23	9.96e-01	4.30e-03	3.65e-06
 3.00350e+23	9.96e-01	4.10e-03	3.32e-06
 3.00981e+23	9.96e-01	3.91e-03	3.01e-06
 3.01625e+23	9.96e-01	3.72e-03	2.73e-06
 3.02285e+23	9.96e-01	3.54e-03	2.47e-06
 3.02960e+23	9.97e-01	3.36e-03	2.23e-06
 3.03651e+23	9.97e-01	3.19e-03	2.01e-06
 3.04359e+23	9.97e-01	3.03e-03	1.81e-06
 3.05076e+23	9.97e-01	2.87e-03	1.63e-06
 3.05801e+23	9.97e-01	2.72e-03	1.46e-06
 3.06533e+23	9.97e-01	2.58e-03	1.31e-06
 3.07274e+23	9.98e-01	2.44e-03	1.18e-06
 3.08022e+23	9.98e-01	2.32e-03	1.06e-06
 3.08483e+23	9.98e-01	2.28e-03	1.02e-06
