#depth	Si	Si+	Si+2	Si+3	Si+4	Si+5	Si+6	Si+7	Si+8	Si+9	Si+10	Si+11	Si+12	Si+13	Si+14
 1.54284e+22	0.00e+00	0.00e+00	0.00e+00	1.39e-25	3.08e-21	1.09e-17	1.17e-14	4.11e-12	6.21e-10	4.65e-08	2.29e-06	1.11e-04	1.28e-02	1.86e-01	8.01e-01
 3.47759e+22	0.00e+00	0.00e+00	1.38e-27	1.45e-23	2.14e-19	4.98e-16	3.49e-13	7.95e-11	7.81e-09	3.78e-07	1.19e-05	3.72e-04	2.75e-02	2.57e-01	7.15e-01
 4.09188e+22	0.00e+00	4.66e-31	1.97e-26	1.61e-22	2.60e-18	4.71e-15	2.57e-12	4.54e-10	3.47e-08	1.30e-06	3.14e-05	7.51e-04	4.26e-02	3.06e-01	6.51e-01
 4.49217e+22	0.00e+00	6.89e-30	2.39e-25	1.57e-21	2.08e-17	3.06e-14	1.35e-11	1.94e-09	1.21e-07	3.65e-06	6.99e-05	1.34e-03	6.05e-02	3.47e-01	5.91e-01
 4.71456e+22	0.00e+00	1.39e-29	4.56e-25	2.82e-21	3.57e-17	4.97e-14	2.08e-11	2.83e-09	1.67e-07	4.77e-06	8.60e-05	1.55e-03	6.61e-02	3.57e-01	5.75e-01
 4.78253e+22	0.00e+00	2.05e-29	6.54e-25	3.91e-21	4.81e-17	6.50e-14	2.64e-11	3.49e-09	2.00e-07	5.53e-06	9.65e-05	1.68e-03	6.94e-02	3.63e-01	5.65e-01
 4.83658e+22	0.00e+00	3.31e-29	1.02e-24	5.84e-21	6.95e-17	9.06e-14	3.55e-11	4.51e-09	2.49e-07	6.64e-06	1.11e-04	1.86e-03	7.37e-02	3.70e-01	5.54e-01
 4.89264e+22	0.00e+00	3.93e-29	1.18e-24	8.00e-21	9.28e-17	1.17e-13	4.47e-11	5.51e-09	2.96e-07	7.66e-06	1.24e-04	2.01e-03	7.72e-02	3.76e-01	5.45e-01
 4.95131e+22	0.00e+00	6.52e-29	1.88e-24	1.22e-20	1.37e-16	1.67e-13	6.09e-11	7.23e-09	3.74e-07	9.29e-06	1.44e-04	2.23e-03	8.21e-02	3.83e-01	5.32e-01
 5.00937e+22	0.00e+00	9.98e-29	2.78e-24	1.74e-20	1.89e-16	2.23e-13	7.90e-11	9.08e-09	4.54e-07	1.09e-05	1.63e-04	2.44e-03	8.65e-02	3.89e-01	5.22e-01
 5.05743e+22	0.00e+00	1.42e-28	3.85e-24	2.34e-20	2.49e-16	2.85e-13	9.82e-11	1.10e-08	5.35e-07	1.25e-05	1.80e-04	2.62e-03	9.03e-02	3.94e-01	5.13e-01
 5.11070e+22	0.00e+00	2.28e-28	5.96e-24	3.47e-20	3.57e-16	3.95e-13	1.31e-10	1.41e-08	6.65e-07	1.50e-05	2.07e-04	2.89e-03	9.55e-02	4.01e-01	5.01e-01
 5.16550e+22	0.00e+00	3.43e-28	8.68e-24	4.87e-20	4.87e-16	5.23e-13	1.68e-10	1.76e-08	8.02e-07	1.75e-05	2.33e-04	3.14e-03	1.00e-01	4.06e-01	4.90e-01
 5.21426e+22	0.00e+00	5.05e-28	1.24e-23	6.72e-20	6.55e-16	6.82e-13	2.13e-10	2.16e-08	9.57e-07	2.02e-05	2.61e-04	3.39e-03	1.05e-01	4.11e-01	4.80e-01
 5.26964e+22	0.00e+00	8.22e-28	1.94e-23	1.01e-19	9.50e-16	9.54e-13	2.87e-10	2.80e-08	1.20e-06	2.43e-05	3.00e-04	3.74e-03	1.11e-01	4.17e-01	4.68e-01
 5.32651e+22	0.00e+00	1.26e-27	2.88e-23	1.44e-19	1.32e-15	1.28e-12	3.72e-10	3.52e-08	1.46e-06	2.86e-05	3.39e-04	4.08e-03	1.17e-01	4.22e-01	4.57e-01
 5.37654e+22	0.00e+00	1.88e-27	4.17e-23	2.01e-19	1.79e-15	1.69e-12	4.76e-10	4.36e-08	1.75e-06	3.33e-05	3.81e-04	4.42e-03	1.22e-01	4.27e-01	4.46e-01
 5.42522e+22	0.00e+00	2.80e-27	6.00e-23	2.78e-19	2.42e-15	2.21e-12	6.05e-10	5.38e-08	2.10e-06	3.86e-05	4.27e-04	4.78e-03	1.28e-01	4.31e-01	4.36e-01
 5.48092e+22	0.00e+00	4.56e-27	9.41e-23	4.17e-19	3.51e-15	3.09e-12	8.16e-10	6.99e-08	2.62e-06	4.65e-05	4.91e-04	5.27e-03	1.35e-01	4.37e-01	4.23e-01
 5.53839e+22	0.00e+00	7.21e-27	1.43e-22	6.07e-19	4.96e-15	4.23e-12	1.08e-09	8.91e-08	3.23e-06	5.52e-05	5.59e-04	5.76e-03	1.42e-01	4.41e-01	4.11e-01
 5.58826e+22	0.00e+00	1.07e-26	2.05e-22	8.41e-19	6.70e-15	5.54e-12	1.37e-09	1.10e-07	3.87e-06	6.40e-05	6.25e-04	6.23e-03	1.48e-01	4.45e-01	4.00e-01
 5.64319e+22	0.00e+00	1.73e-26	3.21e-22	1.25e-18	9.69e-15	7.72e-12	1.84e-09	1.42e-07	4.83e-06	7.68e-05	7.18e-04	6.84e-03	1.56e-01	4.49e-01	3.88e-01
 5.69828e+22	0.00e+00	2.61e-26	4.68e-22	1.76e-18	1.32e-14	1.02e-11	2.36e-09	1.77e-07	5.83e-06	8.97e-05	8.06e-04	7.41e-03	1.63e-01	4.52e-01	3.77e-01
 5.74488e+22	0.00e+00	3.80e-26	6.60e-22	2.39e-18	1.76e-14	1.32e-11	2.96e-09	2.16e-07	6.92e-06	1.03e-04	8.96e-04	7.96e-03	1.69e-01	4.55e-01	3.67e-01
 5.79675e+22	0.00e+00	6.12e-26	1.02e-21	3.53e-18	2.52e-14	1.83e-11	3.96e-09	2.78e-07	8.60e-06	1.23e-04	1.02e-03	8.72e-03	1.78e-01	4.58e-01	3.54e-01
 5.84616e+22	0.00e+00	8.62e-26	1.40e-21	4.68e-18	3.27e-14	2.31e-11	4.87e-09	3.33e-07	1.01e-05	1.40e-04	1.13e-03	9.30e-03	1.84e-01	4.60e-01	3.45e-01
 5.88621e+22	0.00e+00	1.22e-25	1.92e-21	6.20e-18	4.24e-14	2.93e-11	6.00e-09	4.00e-07	1.18e-05	1.60e-04	1.24e-03	9.93e-03	1.90e-01	4.62e-01	3.36e-01
 5.92301e+22	0.00e+00	1.65e-25	2.52e-21	7.92e-18	5.32e-14	3.59e-11	7.21e-09	4.69e-07	1.35e-05	1.79e-04	1.35e-03	1.05e-02	1.96e-01	4.63e-01	3.28e-01
 5.95641e+22	0.00e+00	2.18e-25	3.26e-21	9.95e-18	6.57e-14	4.35e-11	8.54e-09	5.44e-07	1.54e-05	1.99e-04	1.46e-03	1.11e-02	2.02e-01	4.64e-01	3.21e-01
 5.99453e+22	0.00e+00	3.11e-25	4.51e-21	1.33e-17	8.59e-14	5.54e-11	1.06e-08	6.57e-07	1.81e-05	2.27e-04	1.62e-03	1.18e-02	2.09e-01	4.66e-01	3.12e-01
 6.03227e+22	0.00e+00	4.14e-25	5.85e-21	1.68e-17	1.07e-13	6.73e-11	1.26e-08	7.65e-07	2.06e-05	2.53e-04	1.75e-03	1.25e-02	2.14e-01	4.66e-01	3.05e-01
 6.06398e+22	0.00e+00	5.42e-25	7.48e-21	2.08e-17	1.30e-13	8.08e-11	1.48e-08	8.82e-07	2.33e-05	2.80e-04	1.89e-03	1.31e-02	2.20e-01	4.67e-01	2.98e-01
 6.09963e+22	0.00e+00	7.56e-25	1.01e-20	2.73e-17	1.67e-13	1.01e-10	1.81e-08	1.05e-06	2.71e-05	3.17e-04	2.07e-03	1.39e-02	2.27e-01	4.67e-01	2.89e-01
 6.13641e+22	0.00e+00	1.01e-24	1.32e-20	3.45e-17	2.09e-13	1.24e-10	2.17e-08	1.23e-06	3.10e-05	3.54e-04	2.24e-03	1.47e-02	2.33e-01	4.68e-01	2.82e-01
 6.16739e+22	0.00e+00	1.32e-24	1.68e-20	4.26e-17	2.54e-13	1.48e-10	2.54e-08	1.41e-06	3.49e-05	3.90e-04	2.41e-03	1.54e-02	2.39e-01	4.68e-01	2.75e-01
 6.19604e+22	0.00e+00	1.71e-24	2.12e-20	5.24e-17	3.08e-13	1.76e-10	2.97e-08	1.62e-06	3.93e-05	4.30e-04	2.59e-03	1.62e-02	2.44e-01	4.67e-01	2.69e-01
 6.22890e+22	0.00e+00	2.35e-24	2.84e-20	6.77e-17	3.91e-13	2.19e-10	3.60e-08	1.92e-06	4.55e-05	4.85e-04	2.83e-03	1.71e-02	2.52e-01	4.67e-01	2.61e-01
 6.26236e+22	0.00e+00	3.07e-24	3.61e-20	8.37e-17	4.77e-13	2.62e-10	4.23e-08	2.21e-06	5.14e-05	5.35e-04	3.05e-03	1.80e-02	2.57e-01	4.66e-01	2.54e-01
 6.29200e+22	0.00e+00	3.99e-24	4.58e-20	1.03e-16	5.79e-13	3.12e-10	4.95e-08	2.54e-06	5.79e-05	5.90e-04	3.27e-03	1.88e-02	2.63e-01	4.66e-01	2.48e-01
 6.32596e+22	0.00e+00	5.57e-24	6.20e-20	1.34e-16	7.43e-13	3.92e-10	6.06e-08	3.03e-06	6.75e-05	6.69e-04	3.59e-03	2.00e-02	2.71e-01	4.65e-01	2.40e-01
 6.35833e+22	0.00e+00	7.12e-24	7.74e-20	1.63e-16	8.91e-13	4.62e-10	7.03e-08	3.45e-06	7.55e-05	7.33e-04	3.84e-03	2.08e-02	2.77e-01	4.64e-01	2.34e-01
 6.38442e+22	0.00e+00	9.12e-24	9.66e-20	1.98e-16	1.07e-12	5.45e-10	8.16e-08	3.93e-06	8.45e-05	8.04e-04	4.11e-03	2.18e-02	2.82e-01	4.62e-01	2.28e-01
 6.41004e+22	0.00e+00	1.15e-23	1.19e-19	2.38e-16	1.27e-12	6.39e-10	9.41e-08	4.45e-06	9.42e-05	8.78e-04	4.38e-03	2.27e-02	2.88e-01	4.61e-01	2.23e-01
 6.43926e+22	0.00e+00	1.55e-23	1.56e-19	3.00e-16	1.58e-12	7.80e-10	1.12e-07	5.21e-06	1.08e-04	9.81e-04	4.75e-03	2.39e-02	2.95e-01	4.59e-01	2.16e-01
 6.46928e+22	0.00e+00	2.03e-23	1.98e-19	3.70e-16	1.93e-12	9.34e-10	1.32e-07	6.00e-06	1.22e-04	1.08e-03	5.12e-03	2.50e-02	3.01e-01	4.58e-01	2.10e-01
 6.49532e+22	0.00e+00	2.55e-23	2.43e-19	4.42e-16	2.28e-12	1.09e-09	1.52e-07	6.77e-06	1.35e-04	1.18e-03	5.44e-03	2.60e-02	3.07e-01	4.56e-01	2.05e-01
 6.52415e+22	0.00e+00	3.54e-23	3.25e-19	5.68e-16	2.89e-12	1.36e-09	1.85e-07	8.06e-06	1.58e-04	1.34e-03	5.96e-03	2.75e-02	3.15e-01	4.53e-01	1.97e-01
 6.55286e+22	0.00e+00	4.43e-23	3.98e-19	6.77e-16	3.42e-12	1.58e-09	2.12e-07	9.08e-06	1.75e-04	1.45e-03	6.33e-03	2.86e-02	3.20e-01	4.51e-01	1.92e-01
 6.58140e+22	0.00e+00	6.17e-23	5.34e-19	8.69e-16	4.34e-12	1.97e-09	2.59e-07	1.08e-05	2.04e-04	1.65e-03	6.93e-03	3.02e-02	3.28e-01	4.48e-01	1.85e-01
 6.60904e+22	0.00e+00	7.70e-23	6.50e-19	1.03e-15	5.11e-12	2.29e-09	2.96e-07	1.22e-05	2.26e-04	1.79e-03	7.36e-03	3.14e-02	3.34e-01	4.46e-01	1.80e-01
 6.63551e+22	0.00e+00	1.04e-22	8.46e-19	1.29e-15	6.34e-12	2.79e-09	3.55e-07	1.43e-05	2.59e-04	2.00e-03	7.99e-03	3.30e-02	3.41e-01	4.42e-01	1.74e-01
 6.66286e+22	0.00e+00	1.33e-22	1.06e-18	1.56e-15	7.60e-12	3.30e-09	4.13e-07	1.63e-05	2.91e-04	2.20e-03	8.55e-03	3.44e-02	3.47e-01	4.39e-01	1.69e-01
 6.69137e+22	0.00e+00	1.85e-22	1.41e-18	1.99e-15	9.65e-12	4.12e-09	5.05e-07	1.95e-05	3.39e-04	2.50e-03	9.36e-03	3.63e-02	3.55e-01	4.35e-01	1.62e-01
 6.71885e+22	0.00e+00	2.33e-22	1.73e-18	2.36e-15	1.14e-11	4.80e-09	5.80e-07	2.20e-05	3.77e-04	2.72e-03	9.96e-03	3.77e-02	3.60e-01	4.32e-01	1.57e-01
 6.74498e+22	0.00e+00	3.19e-22	2.28e-18	2.98e-15	1.43e-11	5.93e-09	7.04e-07	2.61e-05	4.37e-04	3.07e-03	1.09e-02	3.97e-02	3.68e-01	4.27e-01	1.51e-01
 6.77104e+22	0.00e+00	4.00e-22	2.78e-18	3.53e-15	1.68e-11	6.91e-09	8.09e-07	2.95e-05	4.86e-04	3.35e-03	1.15e-02	4.12e-02	3.74e-01	4.24e-01	1.46e-01
 6.79698e+22	0.00e+00	5.49e-22	3.66e-18	4.43e-15	2.11e-11	8.54e-09	9.81e-07	3.50e-05	5.64e-04	3.77e-03	1.26e-02	4.34e-02	3.81e-01	4.19e-01	1.40e-01
 6.82315e+22	0.00e+00	6.95e-22	4.49e-18	5.27e-15	2.50e-11	1.00e-08	1.13e-06	3.98e-05	6.30e-04	4.13e-03	1.34e-02	4.51e-02	3.87e-01	4.15e-01	1.35e-01
 6.84959e+22	0.00e+00	9.65e-22	5.97e-18	6.66e-15	3.15e-11	1.25e-08	1.39e-06	4.76e-05	7.36e-04	4.68e-03	1.47e-02	4.75e-02	3.94e-01	4.09e-01	1.29e-01
 6.87610e+22	0.00e+00	1.23e-21	7.35e-18	7.92e-15	3.75e-11	1.47e-08	1.61e-06	5.42e-05	8.24e-04	5.13e-03	1.57e-02	4.93e-02	4.00e-01	4.05e-01	1.25e-01
 6.90269e+22	0.00e+00	1.69e-21	9.69e-18	9.95e-15	4.71e-11	1.82e-08	1.97e-06	6.46e-05	9.59e-04	5.80e-03	1.71e-02	5.19e-02	4.07e-01	3.98e-01	1.19e-01
 6.92906e+22	0.00e+00	2.15e-21	1.19e-17	1.18e-14	5.59e-11	2.14e-08	2.29e-06	7.37e-05	1.08e-03	6.36e-03	1.83e-02	5.39e-02	4.13e-01	3.93e-01	1.14e-01
 6.95512e+22	0.00e+00	2.95e-21	1.56e-17	1.47e-14	7.01e-11	2.66e-08	2.79e-06	8.78e-05	1.25e-03	7.18e-03	1.99e-02	5.66e-02	4.20e-01	3.87e-01	1.09e-01
 6.98159e+22	0.00e+00	3.79e-21	1.94e-17	1.75e-14	8.37e-11	3.15e-08	3.26e-06	1.01e-04	1.41e-03	7.90e-03	2.13e-02	5.88e-02	4.25e-01	3.81e-01	1.04e-01
 7.00859e+22	0.00e+00	5.25e-21	2.56e-17	2.20e-14	1.06e-10	3.94e-08	4.01e-06	1.21e-04	1.65e-03	8.96e-03	2.33e-02	6.18e-02	4.32e-01	3.74e-01	9.87e-02
 7.03589e+22	0.00e+00	6.78e-21	3.18e-17	2.62e-14	1.27e-10	4.69e-08	4.71e-06	1.39e-04	1.86e-03	9.88e-03	2.49e-02	6.43e-02	4.37e-01	3.68e-01	9.45e-02
 7.06361e+22	0.00e+00	9.45e-21	4.22e-17	3.28e-14	1.60e-10	5.88e-08	5.82e-06	1.68e-04	2.19e-03	1.12e-02	2.73e-02	6.75e-02	4.43e-01	3.59e-01	8.90e-02
 7.09147e+22	0.00e+00	1.22e-20	5.23e-17	3.90e-14	1.92e-10	7.00e-08	6.84e-06	1.94e-04	2.47e-03	1.24e-02	2.92e-02	7.01e-02	4.48e-01	3.53e-01	8.50e-02
 7.11549e+22	1.90e-34	1.56e-20	6.43e-17	4.60e-14	2.29e-10	8.29e-08	8.01e-06	2.23e-04	2.78e-03	1.36e-02	3.12e-02	7.27e-02	4.52e-01	3.46e-01	8.12e-02
 7.14267e+22	2.83e-34	2.14e-20	8.41e-17	5.68e-14	2.87e-10	1.03e-07	9.85e-06	2.67e-04	3.25e-03	1.54e-02	3.40e-02	7.61e-02	4.57e-01	3.37e-01	7.63e-02
 7.16980e+22	3.77e-34	2.70e-20	1.02e-16	6.63e-14	3.38e-10	1.21e-07	1.14e-05	3.04e-04	3.62e-03	1.68e-02	3.62e-02	7.87e-02	4.61e-01	3.31e-01	7.28e-02
 7.19688e+22	5.53e-34	3.67e-20	1.32e-16	8.11e-14	4.21e-10	1.50e-07	1.40e-05	3.62e-04	4.21e-03	1.89e-02	3.93e-02	8.22e-02	4.65e-01	3.22e-01	6.83e-02
 7.22427e+22	7.35e-34	4.61e-20	1.60e-16	9.44e-14	4.96e-10	1.76e-07	1.62e-05	4.12e-04	4.69e-03	2.06e-02	4.17e-02	8.48e-02	4.68e-01	3.15e-01	6.51e-02
 7.25206e+22	1.06e-33	6.22e-20	2.05e-16	1.15e-13	6.13e-10	2.17e-07	1.96e-05	4.89e-04	5.42e-03	2.30e-02	4.51e-02	8.83e-02	4.71e-01	3.06e-01	6.10e-02
 7.28062e+22	1.43e-33	7.90e-20	2.51e-16	1.34e-13	7.27e-10	2.56e-07	2.30e-05	5.61e-04	6.08e-03	2.52e-02	4.79e-02	9.11e-02	4.73e-01	2.98e-01	5.78e-02
 7.31017e+22	2.09e-33	1.07e-19	3.23e-16	1.63e-13	9.02e-10	3.17e-07	2.80e-05	6.67e-04	7.03e-03	2.83e-02	5.19e-02	9.48e-02	4.75e-01	2.88e-01	5.39e-02
 7.34029e+22	2.80e-33	1.36e-19	3.93e-16	1.90e-13	1.07e-09	3.74e-07	3.27e-05	7.63e-04	7.86e-03	3.08e-02	5.50e-02	9.76e-02	4.76e-01	2.81e-01	5.09e-02
 7.37115e+22	4.06e-33	1.83e-19	5.04e-16	2.30e-13	1.32e-09	4.61e-07	3.97e-05	9.06e-04	9.07e-03	3.44e-02	5.93e-02	1.01e-01	4.77e-01	2.71e-01	4.73e-02
 7.40290e+22	5.46e-33	2.33e-19	6.15e-16	2.69e-13	1.57e-09	5.45e-07	4.64e-05	1.04e-03	1.01e-02	3.76e-02	6.29e-02	1.04e-01	4.77e-01	2.62e-01	4.45e-02
 7.43133e+22	7.27e-33	2.93e-19	7.45e-16	3.12e-13	1.85e-09	6.40e-07	5.39e-05	1.18e-03	1.13e-02	4.08e-02	6.65e-02	1.07e-01	4.77e-01	2.54e-01	4.19e-02
 7.46380e+22	1.04e-32	3.93e-19	9.49e-16	3.76e-13	2.27e-09	7.84e-07	6.52e-05	1.40e-03	1.30e-02	4.54e-02	7.14e-02	1.11e-01	4.76e-01	2.44e-01	3.87e-02
 7.49671e+22	1.38e-32	4.93e-19	1.15e-15	4.35e-13	2.66e-09	9.17e-07	7.55e-05	1.59e-03	1.44e-02	4.91e-02	7.52e-02	1.13e-01	4.74e-01	2.36e-01	3.63e-02
 7.53022e+22	1.96e-32	6.56e-19	1.45e-15	5.22e-13	3.26e-09	1.12e-06	9.09e-05	1.87e-03	1.64e-02	5.43e-02	8.03e-02	1.17e-01	4.71e-01	2.26e-01	3.34e-02
 7.56277e+22	2.52e-32	8.03e-19	1.72e-15	5.94e-13	3.76e-09	1.28e-06	1.03e-04	2.09e-03	1.80e-02	5.82e-02	8.40e-02	1.19e-01	4.69e-01	2.19e-01	3.15e-02
 7.59407e+22	3.46e-32	1.04e-18	2.13e-15	7.00e-13	4.50e-09	1.53e-06	1.22e-04	2.41e-03	2.02e-02	6.35e-02	8.89e-02	1.22e-01	4.65e-01	2.09e-01	2.91e-02
 7.62595e+22	4.42e-32	1.27e-18	2.52e-15	7.97e-13	5.17e-09	1.76e-06	1.38e-04	2.69e-03	2.21e-02	6.79e-02	9.27e-02	1.24e-01	4.61e-01	2.02e-01	2.74e-02
 7.65860e+22	6.09e-32	1.65e-18	3.12e-15	9.39e-13	6.19e-09	2.10e-06	1.63e-04	3.11e-03	2.48e-02	7.40e-02	9.79e-02	1.26e-01	4.56e-01	1.93e-01	2.52e-02
 7.69172e+22	7.75e-32	2.01e-18	3.68e-15	1.07e-12	7.10e-09	2.39e-06	1.84e-04	3.45e-03	2.69e-02	7.87e-02	1.02e-01	1.28e-01	4.52e-01	1.86e-01	2.36e-02
 7.72545e+22	1.06e-31	2.60e-18	4.56e-15	1.26e-12	8.47e-09	2.85e-06	2.17e-04	3.97e-03	3.01e-02	8.55e-02	1.07e-01	1.30e-01	4.45e-01	1.76e-01	2.16e-02
 7.75860e+22	1.33e-31	3.12e-18	5.32e-15	1.42e-12	9.60e-09	3.21e-06	2.42e-04	4.37e-03	3.25e-02	9.04e-02	1.11e-01	1.32e-01	4.40e-01	1.70e-01	2.03e-02
 7.79100e+22	1.78e-31	3.98e-18	6.48e-15	1.65e-12	1.13e-08	3.76e-06	2.81e-04	4.97e-03	3.59e-02	9.73e-02	1.16e-01	1.33e-01	4.32e-01	1.61e-01	1.87e-02
 7.82406e+22	2.23e-31	4.78e-18	7.58e-15	1.87e-12	1.28e-08	4.25e-06	3.14e-04	5.47e-03	3.87e-02	1.03e-01	1.19e-01	1.35e-01	4.26e-01	1.55e-01	1.75e-02
 7.85797e+22	3.00e-31	6.10e-18	9.27e-15	2.18e-12	1.50e-08	4.97e-06	3.63e-04	6.20e-03	4.27e-02	1.10e-01	1.24e-01	1.36e-01	4.18e-01	1.47e-01	1.60e-02
 7.89254e+22	3.77e-31	7.37e-18	1.09e-14	2.47e-12	1.70e-08	5.61e-06	4.06e-04	6.82e-03	4.60e-02	1.16e-01	1.28e-01	1.37e-01	4.11e-01	1.40e-01	1.49e-02
 7.92795e+22	5.08e-31	9.42e-18	1.33e-14	2.88e-12	2.00e-08	6.56e-06	4.69e-04	7.73e-03	5.06e-02	1.24e-01	1.33e-01	1.38e-01	4.01e-01	1.32e-01	1.35e-02
 7.96400e+22	6.39e-31	1.14e-17	1.56e-14	3.27e-12	2.27e-08	7.39e-06	5.23e-04	8.49e-03	5.44e-02	1.31e-01	1.36e-01	1.38e-01	3.93e-01	1.26e-01	1.26e-02
 8.00086e+22	4.24e-31	1.46e-17	1.92e-14	3.84e-12	2.66e-08	8.63e-06	6.03e-04	9.59e-03	5.97e-02	1.39e-01	1.41e-01	1.39e-01	3.82e-01	1.18e-01	1.14e-02
 8.03843e+22	5.36e-31	1.77e-17	2.26e-14	4.37e-12	3.01e-08	9.72e-06	6.72e-04	1.05e-02	6.40e-02	1.46e-01	1.44e-01	1.39e-01	3.73e-01	1.12e-01	1.05e-02
 8.07140e+22	6.71e-31	2.14e-17	2.65e-14	4.94e-12	3.39e-08	1.09e-05	7.46e-04	1.15e-02	6.84e-02	1.53e-01	1.48e-01	1.38e-01	3.64e-01	1.07e-01	9.71e-03
 8.10874e+22	8.97e-31	2.72e-17	3.24e-14	5.77e-12	3.95e-08	1.26e-05	8.52e-04	1.29e-02	7.44e-02	1.62e-01	1.51e-01	1.38e-01	3.52e-01	9.95e-02	8.75e-03
 8.14610e+22	1.11e-30	3.25e-17	3.78e-14	6.53e-12	4.43e-08	1.40e-05	9.39e-04	1.40e-02	7.90e-02	1.68e-01	1.54e-01	1.38e-01	3.44e-01	9.47e-02	8.12e-03
 8.18348e+22	1.48e-30	4.12e-17	4.60e-14	7.61e-12	5.12e-08	1.61e-05	1.07e-03	1.56e-02	8.56e-02	1.77e-01	1.57e-01	1.37e-01	3.31e-01	8.80e-02	7.29e-03
 8.22141e+22	1.83e-30	4.93e-17	5.38e-14	8.62e-12	5.74e-08	1.80e-05	1.17e-03	1.69e-02	9.07e-02	1.84e-01	1.60e-01	1.36e-01	3.22e-01	8.34e-02	6.73e-03
 8.26006e+22	2.42e-30	6.24e-17	6.56e-14	1.01e-11	6.63e-08	2.06e-05	1.33e-03	1.87e-02	9.78e-02	1.93e-01	1.63e-01	1.34e-01	3.09e-01	7.74e-02	6.04e-03
 8.29996e+22	3.05e-30	7.57e-17	7.73e-14	1.15e-11	7.47e-08	2.30e-05	1.47e-03	2.03e-02	1.04e-01	2.00e-01	1.65e-01	1.33e-01	2.99e-01	7.27e-02	5.51e-03
 8.34149e+22	4.08e-30	9.64e-17	9.51e-14	1.35e-11	8.66e-08	2.64e-05	1.66e-03	2.25e-02	1.12e-01	2.09e-01	1.67e-01	1.31e-01	2.86e-01	6.71e-02	4.91e-03
 8.38448e+22	5.21e-30	1.18e-16	1.13e-13	1.56e-11	9.81e-08	2.97e-05	1.84e-03	2.46e-02	1.19e-01	2.16e-01	1.68e-01	1.29e-01	2.75e-01	6.25e-02	4.44e-03
 8.42936e+22	7.06e-30	1.53e-16	1.41e-13	1.86e-11	1.15e-07	3.42e-05	2.09e-03	2.72e-02	1.27e-01	2.25e-01	1.70e-01	1.26e-01	2.61e-01	5.72e-02	3.91e-03
 8.47561e+22	9.11e-30	1.89e-16	1.70e-13	2.15e-11	1.30e-07	3.86e-05	2.32e-03	2.97e-02	1.35e-01	2.33e-01	1.71e-01	1.24e-01	2.49e-01	5.29e-02	3.51e-03
 8.52362e+22	1.25e-29	2.47e-16	2.13e-13	2.58e-11	1.53e-07	4.46e-05	2.64e-03	3.29e-02	1.45e-01	2.42e-01	1.71e-01	1.21e-01	2.35e-01	4.80e-02	3.06e-03
 8.57338e+22	1.64e-29	3.10e-16	2.59e-13	3.02e-11	1.75e-07	5.05e-05	2.94e-03	3.59e-02	1.54e-01	2.49e-01	1.71e-01	1.18e-01	2.23e-01	4.40e-02	2.71e-03
 8.61850e+22	2.13e-29	3.85e-16	3.13e-13	3.52e-11	1.99e-07	5.68e-05	3.26e-03	3.90e-02	1.62e-01	2.56e-01	1.71e-01	1.15e-01	2.11e-01	4.04e-02	2.41e-03
 8.67027e+22	2.96e-29	5.08e-16	3.97e-13	4.26e-11	2.35e-07	6.58e-05	3.70e-03	4.32e-02	1.73e-01	2.64e-01	1.70e-01	1.10e-01	1.97e-01	3.61e-02	2.07e-03
 8.72308e+22	3.88e-29	6.38e-16	4.84e-13	4.99e-11	2.68e-07	7.42e-05	4.11e-03	4.69e-02	1.82e-01	2.70e-01	1.69e-01	1.07e-01	1.86e-01	3.29e-02	1.82e-03
 8.77020e+22	5.04e-29	7.94e-16	5.86e-13	5.83e-11	3.05e-07	8.33e-05	4.53e-03	5.07e-02	1.91e-01	2.76e-01	1.68e-01	1.03e-01	1.75e-01	3.00e-02	1.61e-03
 8.82438e+22	7.12e-29	1.06e-15	7.49e-13	7.08e-11	3.58e-07	9.64e-05	5.15e-03	5.61e-02	2.04e-01	2.83e-01	1.65e-01	9.86e-02	1.61e-01	2.63e-02	1.35e-03
 8.87894e+22	9.23e-29	1.32e-15	9.07e-13	8.26e-11	4.07e-07	1.08e-04	5.66e-03	6.04e-02	2.13e-01	2.87e-01	1.63e-01	9.50e-02	1.51e-01	2.39e-02	1.18e-03
 8.93398e+22	1.30e-28	1.76e-15	1.16e-12	1.00e-10	4.76e-07	1.24e-04	6.40e-03	6.65e-02	2.25e-01	2.93e-01	1.60e-01	9.00e-02	1.38e-01	2.08e-02	9.86e-04
 8.98972e+22	1.70e-28	2.21e-15	1.41e-12	1.17e-10	5.39e-07	1.39e-04	7.03e-03	7.15e-02	2.35e-01	2.96e-01	1.57e-01	8.61e-02	1.28e-01	1.87e-02	8.56e-04
 9.04637e+22	2.39e-28	2.96e-15	1.80e-12	1.42e-10	6.30e-07	1.60e-04	7.93e-03	7.84e-02	2.47e-01	3.00e-01	1.53e-01	8.11e-02	1.16e-01	1.62e-02	7.06e-04
 9.10047e+22	3.02e-28	3.60e-15	2.14e-12	1.63e-10	7.02e-07	1.76e-04	8.59e-03	8.34e-02	2.55e-01	3.02e-01	1.49e-01	7.77e-02	1.09e-01	1.47e-02	6.20e-04
 9.15126e+22	4.10e-28	4.69e-15	2.66e-12	1.93e-10	8.00e-07	1.98e-04	9.52e-03	9.04e-02	2.66e-01	3.04e-01	1.45e-01	7.32e-02	9.87e-02	1.27e-02	5.16e-04
 9.20221e+22	5.16e-28	5.72e-15	3.15e-12	2.20e-10	8.88e-07	2.17e-04	1.03e-02	9.58e-02	2.74e-01	3.04e-01	1.41e-01	6.98e-02	9.19e-02	1.15e-02	4.50e-04
 9.25336e+22	6.96e-28	7.41e-15	3.91e-12	2.60e-10	1.01e-06	2.43e-04	1.14e-02	1.03e-01	2.85e-01	3.05e-01	1.36e-01	6.55e-02	8.32e-02	9.96e-03	3.74e-04
 9.30558e+22	8.87e-28	9.15e-15	4.67e-12	2.98e-10	1.12e-06	2.67e-04	1.23e-02	1.10e-01	2.93e-01	3.04e-01	1.32e-01	6.21e-02	7.66e-02	8.85e-03	3.21e-04
 9.35919e+22	1.21e-27	1.21e-14	5.85e-12	3.54e-10	1.27e-06	3.00e-04	1.36e-02	1.19e-01	3.04e-01	3.03e-01	1.27e-01	5.77e-02	6.86e-02	7.56e-03	2.61e-04
 9.41311e+22	1.54e-27	1.49e-14	6.98e-12	4.05e-10	1.41e-06	3.28e-04	1.47e-02	1.25e-01	3.11e-01	3.02e-01	1.22e-01	5.45e-02	6.29e-02	6.69e-03	2.23e-04
 9.46743e+22	2.10e-27	1.97e-14	8.77e-12	4.81e-10	1.59e-06	3.67e-04	1.62e-02	1.35e-01	3.21e-01	2.99e-01	1.16e-01	5.03e-02	5.59e-02	5.65e-03	1.80e-04
 9.52251e+22	2.66e-27	2.45e-14	1.05e-11	5.53e-10	1.76e-06	4.01e-04	1.74e-02	1.43e-01	3.28e-01	2.96e-01	1.12e-01	4.73e-02	5.09e-02	4.96e-03	1.52e-04
 9.57857e+22	3.65e-27	3.27e-14	1.33e-11	6.60e-10	2.00e-06	4.49e-04	1.92e-02	1.54e-01	3.37e-01	2.92e-01	1.05e-01	4.34e-02	4.48e-02	4.14e-03	1.21e-04
 9.63583e+22	4.69e-27	4.13e-14	1.60e-11	7.62e-10	2.22e-06	4.91e-04	2.07e-02	1.63e-01	3.44e-01	2.87e-01	1.00e-01	4.04e-02	4.03e-02	3.58e-03	9.99e-05
 9.69463e+22	6.47e-27	5.62e-14	2.05e-11	9.18e-10	2.52e-06	5.51e-04	2.28e-02	1.76e-01	3.52e-01	2.81e-01	9.36e-02	3.67e-02	3.50e-02	2.94e-03	7.77e-05
 9.75465e+22	8.38e-27	7.20e-14	2.51e-11	1.07e-09	2.80e-06	6.05e-04	2.47e-02	1.86e-01	3.58e-01	2.75e-01	8.83e-02	3.38e-02	3.11e-02	2.50e-03	6.33e-05
 9.81430e+22	1.14e-26	9.80e-14	3.21e-11	1.29e-09	3.19e-06	6.77e-04	2.71e-02	2.00e-01	3.64e-01	2.67e-01	8.19e-02	3.06e-02	2.68e-02	2.04e-03	4.89e-05
 9.87096e+22	1.43e-26	1.22e-13	3.84e-11	1.48e-09	3.51e-06	7.34e-04	2.90e-02	2.10e-01	3.68e-01	2.61e-01	7.74e-02	2.84e-02	2.41e-02	1.76e-03	4.06e-05
 9.92568e+22	1.91e-26	1.65e-13	4.87e-11	1.77e-09	3.97e-06	8.16e-04	3.17e-02	2.24e-01	3.73e-01	2.52e-01	7.15e-02	2.57e-02	2.08e-02	1.44e-03	3.15e-05
 9.98145e+22	2.41e-26	2.09e-13	5.89e-11	2.05e-09	4.39e-06	8.88e-04	3.39e-02	2.35e-01	3.75e-01	2.44e-01	6.70e-02	2.36e-02	1.85e-02	1.23e-03	2.57e-05
 1.00362e+23	3.16e-26	2.80e-13	7.44e-11	2.45e-09	4.97e-06	9.85e-04	3.69e-02	2.49e-01	3.78e-01	2.35e-01	6.17e-02	2.13e-02	1.59e-02	1.00e-03	2.00e-05
 1.00920e+23	4.01e-26	3.61e-13	9.12e-11	2.87e-09	5.55e-06	1.08e-03	3.96e-02	2.62e-01	3.79e-01	2.26e-01	5.72e-02	1.95e-02	1.40e-02	8.42e-04	1.60e-05
 1.01465e+23	5.14e-26	4.80e-13	1.14e-10	3.43e-09	6.29e-06	1.19e-03	4.28e-02	2.77e-01	3.80e-01	2.17e-01	5.25e-02	1.75e-02	1.21e-02	6.91e-04	1.25e-05
 1.02021e+23	6.53e-26	6.30e-13	1.42e-10	4.08e-09	7.09e-06	1.31e-03	4.61e-02	2.91e-01	3.79e-01	2.07e-01	4.83e-02	1.59e-02	1.05e-02	5.71e-04	9.87e-06
 1.02572e+23	8.32e-26	8.35e-13	1.79e-10	4.89e-09	8.06e-06	1.45e-03	4.97e-02	3.06e-01	3.78e-01	1.97e-01	4.41e-02	1.43e-02	9.01e-03	4.68e-04	7.70e-06
 1.03125e+23	1.06e-25	1.10e-12	2.23e-10	5.86e-09	9.16e-06	1.60e-03	5.35e-02	3.21e-01	3.76e-01	1.87e-01	4.02e-02	1.28e-02	7.76e-03	3.84e-04	6.02e-06
 1.03672e+23	1.33e-25	1.46e-12	2.80e-10	7.03e-09	1.04e-05	1.77e-03	5.76e-02	3.36e-01	3.72e-01	1.77e-01	3.66e-02	1.15e-02	6.66e-03	3.14e-04	4.70e-06
 1.04219e+23	1.69e-25	1.92e-12	3.51e-10	8.47e-09	1.19e-05	1.96e-03	6.19e-02	3.51e-01	3.68e-01	1.67e-01	3.32e-02	1.03e-02	5.71e-03	2.57e-04	3.66e-06
 1.04766e+23	2.13e-25	2.54e-12	4.41e-10	1.02e-08	1.37e-05	2.17e-03	6.65e-02	3.67e-01	3.63e-01	1.57e-01	3.00e-02	9.23e-03	4.88e-03	2.09e-04	2.84e-06
 1.05315e+23	2.69e-25	3.37e-12	5.55e-10	1.24e-08	1.57e-05	2.41e-03	7.14e-02	3.82e-01	3.57e-01	1.48e-01	2.71e-02	8.23e-03	4.17e-03	1.70e-04	2.20e-06
 1.05868e+23	3.40e-25	4.46e-12	7.00e-10	1.50e-08	1.81e-05	2.67e-03	7.66e-02	3.97e-01	3.51e-01	1.38e-01	2.43e-02	7.32e-03	3.54e-03	1.38e-04	1.70e-06
 1.06426e+23	4.31e-25	5.90e-12	8.83e-10	1.83e-08	2.09e-05	2.96e-03	8.21e-02	4.12e-01	3.43e-01	1.29e-01	2.18e-02	6.49e-03	3.00e-03	1.11e-04	1.31e-06
 1.06990e+23	5.49e-25	7.83e-12	1.12e-09	2.23e-08	2.42e-05	3.29e-03	8.80e-02	4.27e-01	3.35e-01	1.20e-01	1.95e-02	5.74e-03	2.53e-03	8.94e-05	1.00e-06
 1.07557e+23	6.99e-25	1.03e-11	1.41e-09	2.72e-08	2.80e-05	3.65e-03	9.41e-02	4.41e-01	3.26e-01	1.11e-01	1.74e-02	5.07e-03	2.14e-03	7.19e-05	7.67e-07
 1.08134e+23	8.99e-25	1.37e-11	1.79e-09	3.34e-08	3.25e-05	4.07e-03	1.01e-01	4.55e-01	3.16e-01	1.02e-01	1.54e-02	4.45e-03	1.79e-03	5.73e-05	5.82e-07
 1.08717e+23	1.17e-24	1.81e-11	2.26e-09	4.09e-08	3.77e-05	4.52e-03	1.08e-01	4.68e-01	3.06e-01	9.46e-02	1.37e-02	3.90e-03	1.50e-03	4.58e-05	4.43e-07
 1.09312e+23	1.53e-24	2.41e-11	2.89e-09	5.06e-08	4.41e-05	5.03e-03	1.15e-01	4.81e-01	2.95e-01	8.67e-02	1.20e-02	3.40e-03	1.25e-03	3.61e-05	3.32e-07
 1.09865e+23	1.91e-24	3.03e-11	3.51e-09	5.99e-08	5.00e-05	5.49e-03	1.21e-01	4.91e-01	2.86e-01	8.08e-02	1.08e-02	3.04e-03	1.07e-03	2.98e-05	2.63e-07
 1.10435e+23	2.54e-24	4.07e-11	4.51e-09	7.47e-08	5.88e-05	6.14e-03	1.30e-01	5.03e-01	2.74e-01	7.35e-02	9.45e-03	2.62e-03	8.82e-04	2.32e-05	1.94e-07
 1.11013e+23	3.21e-24	5.11e-11	5.49e-09	8.88e-08	6.68e-05	6.70e-03	1.37e-01	5.12e-01	2.65e-01	6.82e-02	8.48e-03	2.33e-03	7.55e-04	1.90e-05	1.53e-07
 1.11606e+23	4.35e-24	6.87e-11	7.10e-09	1.11e-07	7.89e-05	7.50e-03	1.46e-01	5.23e-01	2.52e-01	6.16e-02	7.33e-03	1.99e-03	6.13e-04	1.46e-05	0.00e+00
 1.12202e+23	5.52e-24	8.56e-11	8.59e-09	1.32e-07	8.93e-05	8.16e-03	1.53e-01	5.30e-01	2.43e-01	5.70e-02	6.58e-03	1.77e-03	5.25e-04	1.20e-05	0.00e+00
 1.12803e+23	7.54e-24	1.14e-10	1.10e-08	1.65e-07	1.05e-04	9.10e-03	1.63e-01	5.38e-01	2.30e-01	5.14e-02	5.68e-03	1.51e-03	4.26e-04	9.24e-06	0.00e+00
 1.13406e+23	9.62e-24	1.42e-10	1.33e-08	1.95e-07	1.19e-04	9.88e-03	1.71e-01	5.44e-01	2.21e-01	4.75e-02	5.09e-03	1.34e-03	3.64e-04	7.56e-06	0.00e+00
 1.14015e+23	1.32e-23	1.87e-10	1.71e-08	2.43e-07	1.40e-04	1.10e-02	1.81e-01	5.50e-01	2.09e-01	4.27e-02	4.39e-03	1.14e-03	2.95e-04	5.81e-06	0.00e+00
 1.14628e+23	1.69e-23	2.31e-10	2.06e-08	2.87e-07	1.58e-04	1.19e-02	1.89e-01	5.54e-01	2.00e-01	3.93e-02	3.92e-03	1.01e-03	2.51e-04	4.74e-06	0.00e+00
 1.15248e+23	2.32e-23	3.04e-10	2.62e-08	3.57e-07	1.85e-04	1.32e-02	2.00e-01	5.59e-01	1.88e-01	3.53e-02	3.37e-03	8.54e-04	2.03e-04	3.63e-06	0.00e+00
 1.15876e+23	2.99e-23	3.75e-10	3.17e-08	4.23e-07	2.09e-04	1.43e-02	2.09e-01	5.61e-01	1.79e-01	3.24e-02	3.00e-03	7.52e-04	1.72e-04	2.95e-06	0.00e+00
 1.16515e+23	4.13e-23	4.90e-10	4.03e-08	5.26e-07	2.46e-04	1.59e-02	2.20e-01	5.63e-01	1.68e-01	2.89e-02	2.57e-03	6.35e-04	1.38e-04	2.25e-06	0.00e+00
 1.17163e+23	5.33e-23	6.05e-10	4.87e-08	6.23e-07	2.78e-04	1.72e-02	2.29e-01	5.64e-01	1.60e-01	2.65e-02	2.28e-03	5.57e-04	1.17e-04	1.81e-06	0.00e+00
 1.17826e+23	7.42e-23	7.92e-10	6.22e-08	7.78e-07	3.26e-04	1.91e-02	2.41e-01	5.64e-01	1.49e-01	2.36e-02	1.95e-03	4.68e-04	9.33e-05	1.37e-06	0.00e+00
 1.18502e+23	9.66e-23	9.78e-10	7.53e-08	9.25e-07	3.70e-04	2.07e-02	2.51e-01	5.63e-01	1.41e-01	2.15e-02	1.72e-03	4.07e-04	7.83e-05	1.10e-06	0.00e+00
 1.19197e+23	1.35e-22	1.28e-09	9.65e-08	1.16e-06	4.36e-04	2.29e-02	2.64e-01	5.61e-01	1.31e-01	1.90e-02	1.46e-03	3.40e-04	6.20e-05	8.22e-07	0.00e+00
 1.19909e+23	1.78e-22	1.59e-09	1.18e-07	1.39e-06	4.95e-04	2.49e-02	2.74e-01	5.59e-01	1.23e-01	1.73e-02	1.28e-03	2.94e-04	5.16e-05	6.53e-07	0.00e+00
 1.20643e+23	2.51e-22	2.10e-09	1.52e-07	1.75e-06	5.87e-04	2.76e-02	2.88e-01	5.54e-01	1.13e-01	1.51e-02	1.07e-03	2.42e-04	4.04e-05	4.80e-07	0.00e+00
 1.21335e+23	3.16e-22	2.51e-09	1.79e-07	2.03e-06	6.53e-04	2.95e-02	2.96e-01	5.51e-01	1.07e-01	1.39e-02	9.62e-04	2.14e-04	3.45e-05	3.95e-07	0.00e+00
 1.21970e+23	4.24e-22	3.16e-09	2.22e-07	2.47e-06	7.51e-04	3.22e-02	3.08e-01	5.45e-01	1.00e-01	1.25e-02	8.30e-04	1.82e-04	2.81e-05	3.05e-07	0.00e+00
 1.22600e+23	5.27e-22	3.75e-09	2.60e-07	2.86e-06	8.33e-04	3.43e-02	3.17e-01	5.41e-01	9.48e-02	1.15e-02	7.44e-04	1.61e-04	2.41e-05	2.52e-07	0.00e+00
 1.23223e+23	6.96e-22	4.68e-09	3.20e-07	3.46e-06	9.55e-04	3.73e-02	3.28e-01	5.34e-01	8.81e-02	1.03e-02	6.42e-04	1.37e-04	1.96e-05	1.95e-07	0.00e+00
 1.23849e+23	8.66e-22	5.54e-09	3.74e-07	3.99e-06	1.06e-03	3.97e-02	3.37e-01	5.29e-01	8.34e-02	9.48e-03	5.76e-04	1.21e-04	1.68e-05	1.61e-07	0.00e+00
 1.24481e+23	1.14e-21	6.89e-09	4.59e-07	4.82e-06	1.21e-03	4.31e-02	3.48e-01	5.21e-01	7.74e-02	8.49e-03	4.98e-04	1.03e-04	1.37e-05	1.25e-07	0.00e+00
 1.25124e+23	1.42e-21	8.17e-09	5.38e-07	5.57e-06	1.34e-03	4.59e-02	3.57e-01	5.14e-01	7.30e-02	7.80e-03	4.45e-04	9.09e-05	1.17e-05	0.00e+00	0.00e+00
 1.25782e+23	1.88e-21	1.02e-08	6.64e-07	6.77e-06	1.54e-03	4.98e-02	3.69e-01	5.05e-01	6.74e-02	6.95e-03	3.82e-04	7.68e-05	9.45e-06	0.00e+00	0.00e+00
 1.26448e+23	2.35e-21	1.21e-08	7.80e-07	7.83e-06	1.70e-03	5.30e-02	3.77e-01	4.98e-01	6.34e-02	6.37e-03	3.41e-04	6.75e-05	8.04e-06	0.00e+00	0.00e+00
 1.27125e+23	3.12e-21	1.51e-08	9.62e-07	9.52e-06	1.95e-03	5.75e-02	3.89e-01	4.87e-01	5.83e-02	5.66e-03	2.92e-04	5.68e-05	6.48e-06	0.00e+00	0.00e+00
 1.27817e+23	3.93e-21	1.80e-08	1.14e-06	1.11e-05	2.17e-03	6.12e-02	3.98e-01	4.79e-01	5.47e-02	5.17e-03	2.59e-04	4.97e-05	5.48e-06	0.00e+00	0.00e+00
 1.28529e+23	5.24e-21	2.26e-08	1.41e-06	1.35e-05	2.50e-03	6.65e-02	4.09e-01	4.67e-01	5.00e-02	4.56e-03	2.20e-04	4.15e-05	4.36e-06	0.00e+00	0.00e+00
 1.29255e+23	6.64e-21	2.71e-08	1.67e-06	1.58e-05	2.79e-03	7.08e-02	4.18e-01	4.57e-01	4.67e-02	4.15e-03	1.94e-04	3.61e-05	3.67e-06	0.00e+00	0.00e+00
 1.30000e+23	8.91e-21	3.42e-08	2.09e-06	1.94e-05	3.22e-03	7.69e-02	4.29e-01	4.44e-01	4.24e-02	3.65e-03	1.64e-04	2.99e-05	2.89e-06	0.00e+00	0.00e+00
 1.30762e+23	1.14e-20	4.12e-08	2.49e-06	2.28e-05	3.60e-03	8.20e-02	4.38e-01	4.34e-01	3.93e-02	3.30e-03	1.43e-04	2.58e-05	2.41e-06	0.00e+00	0.00e+00
 1.31545e+23	1.54e-20	5.22e-08	3.12e-06	2.81e-05	4.16e-03	8.91e-02	4.49e-01	4.19e-01	3.56e-02	2.88e-03	1.20e-04	2.12e-05	1.89e-06	0.00e+00	0.00e+00
 1.32338e+23	1.97e-20	6.30e-08	3.73e-06	3.29e-05	4.64e-03	9.48e-02	4.57e-01	4.08e-01	3.29e-02	2.60e-03	1.05e-04	1.83e-05	1.57e-06	0.00e+00	0.00e+00
 1.33143e+23	2.67e-20	7.99e-08	4.69e-06	4.08e-05	5.38e-03	1.03e-01	4.67e-01	3.93e-01	2.96e-02	2.26e-03	8.75e-05	1.50e-05	1.22e-06	0.00e+00	0.00e+00
 1.33956e+23	3.43e-20	9.65e-08	5.59e-06	4.77e-05	6.00e-03	1.09e-01	4.74e-01	3.82e-01	2.73e-02	2.04e-03	7.64e-05	1.29e-05	1.01e-06	0.00e+00	0.00e+00
 1.34780e+23	4.64e-20	1.22e-07	7.04e-06	5.92e-05	6.95e-03	1.19e-01	4.83e-01	3.66e-01	2.44e-02	1.77e-03	6.33e-05	1.05e-05	7.79e-07	0.00e+00	0.00e+00
 1.35583e+23	5.84e-20	1.46e-07	8.30e-06	6.87e-05	7.68e-03	1.25e-01	4.88e-01	3.54e-01	2.25e-02	1.60e-03	5.56e-05	9.07e-06	6.51e-07	0.00e+00	0.00e+00
 1.36360e+23	7.76e-20	1.82e-07	1.02e-05	8.32e-05	8.75e-03	1.34e-01	4.95e-01	3.40e-01	2.03e-02	1.41e-03	4.68e-05	7.53e-06	5.15e-07	0.00e+00	0.00e+00
 1.37179e+23	9.92e-20	2.20e-07	1.23e-05	9.88e-05	9.83e-03	1.43e-01	5.00e-01	3.27e-01	1.85e-02	1.25e-03	4.01e-05	6.36e-06	4.17e-07	0.00e+00	0.00e+00
 1.37867e+23	1.23e-19	2.58e-07	1.43e-05	1.13e-04	1.08e-02	1.50e-01	5.04e-01	3.16e-01	1.71e-02	1.14e-03	3.54e-05	5.55e-06	3.52e-07	0.00e+00	0.00e+00
 1.38574e+23	1.57e-19	3.12e-07	1.72e-05	1.33e-04	1.20e-02	1.59e-01	5.08e-01	3.04e-01	1.56e-02	1.01e-03	3.05e-05	4.71e-06	2.86e-07	0.00e+00	0.00e+00
 1.39317e+23	1.96e-19	3.69e-07	2.01e-05	1.54e-04	1.33e-02	1.67e-01	5.11e-01	2.93e-01	1.43e-02	9.14e-04	2.66e-05	4.06e-06	2.38e-07	0.00e+00	0.00e+00
 1.39999e+23	2.43e-19	4.35e-07	2.35e-05	1.78e-04	1.46e-02	1.75e-01	5.14e-01	2.82e-01	1.32e-02	8.25e-04	2.32e-05	3.51e-06	1.98e-07	0.00e+00	0.00e+00
 1.40781e+23	3.19e-19	5.36e-07	2.87e-05	2.13e-04	1.64e-02	1.86e-01	5.16e-01	2.68e-01	1.18e-02	7.26e-04	1.96e-05	2.92e-06	1.58e-07	0.00e+00	0.00e+00
 1.41583e+23	4.03e-19	6.40e-07	3.40e-05	2.48e-04	1.82e-02	1.96e-01	5.18e-01	2.56e-01	1.07e-02	6.47e-04	1.69e-05	2.48e-06	1.29e-07	0.00e+00	0.00e+00
 1.42291e+23	5.01e-19	7.55e-07	3.97e-05	2.86e-04	1.99e-02	2.05e-01	5.18e-01	2.46e-01	9.81e-03	5.82e-04	1.47e-05	2.14e-06	0.00e+00	0.00e+00	0.00e+00
 1.43090e+23	6.58e-19	9.29e-07	4.83e-05	3.42e-04	2.24e-02	2.17e-01	5.18e-01	2.33e-01	8.76e-03	5.09e-04	1.23e-05	1.77e-06	0.00e+00	0.00e+00	0.00e+00
 1.43924e+23	8.37e-19	1.12e-06	5.75e-05	4.01e-04	2.48e-02	2.28e-01	5.17e-01	2.21e-01	7.89e-03	4.51e-04	1.05e-05	1.49e-06	0.00e+00	0.00e+00	0.00e+00
 1.44676e+23	1.05e-18	1.32e-06	6.77e-05	4.64e-04	2.73e-02	2.39e-01	5.16e-01	2.10e-01	7.16e-03	4.03e-04	9.05e-06	1.27e-06	0.00e+00	0.00e+00	0.00e+00
 1.45527e+23	1.39e-18	1.64e-06	8.29e-05	5.58e-04	3.07e-02	2.52e-01	5.13e-01	1.97e-01	6.32e-03	3.49e-04	7.49e-06	1.04e-06	0.00e+00	0.00e+00	0.00e+00
 1.46404e+23	1.78e-18	1.98e-06	9.90e-05	6.55e-04	3.40e-02	2.64e-01	5.09e-01	1.86e-01	5.64e-03	3.06e-04	6.33e-06	8.69e-07	0.00e+00	0.00e+00	0.00e+00
 1.47186e+23	2.25e-18	2.35e-06	1.17e-04	7.61e-04	3.74e-02	2.75e-01	5.05e-01	1.76e-01	5.08e-03	2.72e-04	5.40e-06	7.35e-07	0.00e+00	0.00e+00	0.00e+00
 1.48071e+23	3.00e-18	2.93e-06	1.43e-04	9.15e-04	4.20e-02	2.89e-01	4.99e-01	1.64e-01	4.44e-03	2.33e-04	4.42e-06	5.95e-07	0.00e+00	0.00e+00	0.00e+00
 1.48990e+23	3.87e-18	3.55e-06	1.72e-04	1.08e-03	4.65e-02	3.02e-01	4.93e-01	1.53e-01	3.93e-03	2.03e-04	3.69e-06	4.91e-07	0.00e+00	0.00e+00	0.00e+00
 1.49815e+23	4.92e-18	4.24e-06	2.03e-04	1.26e-03	5.12e-02	3.14e-01	4.86e-01	1.44e-01	3.50e-03	1.78e-04	3.11e-06	4.11e-07	0.00e+00	0.00e+00	0.00e+00
 1.50751e+23	6.57e-18	5.33e-06	2.52e-04	1.52e-03	5.76e-02	3.29e-01	4.76e-01	1.32e-01	3.01e-03	1.51e-04	2.50e-06	3.26e-07	0.00e+00	0.00e+00	0.00e+00
 1.51717e+23	8.49e-18	6.47e-06	3.02e-04	1.79e-03	6.36e-02	3.42e-01	4.67e-01	1.22e-01	2.64e-03	1.30e-04	2.07e-06	2.67e-07	0.00e+00	0.00e+00	0.00e+00
 1.52587e+23	1.09e-17	7.79e-06	3.59e-04	2.10e-03	6.99e-02	3.54e-01	4.57e-01	1.14e-01	2.32e-03	1.13e-04	1.72e-06	2.20e-07	0.00e+00	0.00e+00	0.00e+00
 1.53586e+23	1.50e-17	9.89e-06	4.48e-04	2.56e-03	7.88e-02	3.69e-01	4.44e-01	1.03e-01	1.96e-03	9.41e-05	1.35e-06	1.71e-07	0.00e+00	0.00e+00	0.00e+00
 1.54596e+23	1.93e-17	1.20e-05	5.36e-04	3.02e-03	8.68e-02	3.82e-01	4.32e-01	9.45e-02	1.70e-03	8.05e-05	1.10e-06	1.39e-07	0.00e+00	0.00e+00	0.00e+00
 1.55622e+23	2.69e-17	1.52e-05	6.69e-04	3.68e-03	9.74e-02	3.96e-01	4.16e-01	8.50e-02	1.43e-03	6.65e-05	8.61e-07	0.00e+00	0.00e+00	0.00e+00	0.00e+00
 1.56660e+23	3.50e-17	1.85e-05	8.01e-04	4.32e-03	1.07e-01	4.07e-01	4.02e-01	7.75e-02	1.23e-03	5.66e-05	6.98e-07	0.00e+00	0.00e+00	0.00e+00	0.00e+00
 1.57713e+23	4.90e-17	2.36e-05	1.00e-03	5.29e-03	1.20e-01	4.20e-01	3.84e-01	6.88e-02	1.02e-03	4.60e-05	5.35e-07	0.00e+00	0.00e+00	0.00e+00	0.00e+00
 1.58776e+23	6.38e-17	2.86e-05	1.20e-03	6.20e-03	1.31e-01	4.29e-01	3.69e-01	6.24e-02	8.73e-04	3.89e-05	4.32e-07	0.00e+00	0.00e+00	0.00e+00	0.00e+00
 1.59852e+23	8.98e-17	3.66e-05	1.50e-03	7.58e-03	1.46e-01	4.40e-01	3.49e-01	5.47e-02	7.13e-04	3.13e-05	3.26e-07	0.00e+00	0.00e+00	0.00e+00	0.00e+00
 1.60939e+23	1.18e-16	4.44e-05	1.78e-03	8.86e-03	1.59e-01	4.47e-01	3.33e-01	4.92e-02	6.07e-04	2.63e-05	2.61e-07	0.00e+00	0.00e+00	0.00e+00	0.00e+00
 1.62041e+23	1.68e-16	5.70e-05	2.23e-03	1.08e-02	1.77e-01	4.55e-01	3.12e-01	4.27e-02	4.90e-04	2.09e-05	1.95e-07	0.00e+00	0.00e+00	0.00e+00	0.00e+00
 1.63157e+23	2.22e-16	6.94e-05	2.66e-03	1.26e-02	1.92e-01	4.60e-01	2.95e-01	3.80e-02	4.13e-04	1.73e-05	1.54e-07	0.00e+00	0.00e+00	0.00e+00	0.00e+00
 1.64293e+23	3.21e-16	8.93e-05	3.33e-03	1.54e-02	2.12e-01	4.63e-01	2.73e-01	3.25e-02	3.29e-04	1.36e-05	1.13e-07	0.00e+00	0.00e+00	0.00e+00	0.00e+00
 1.65407e+23	4.22e-16	1.08e-04	3.92e-03	1.77e-02	2.28e-01	4.65e-01	2.57e-01	2.89e-02	2.77e-04	1.13e-05	0.00e+00	0.00e+00	0.00e+00	0.00e+00	0.00e+00
 1.66492e+23	6.04e-16	1.36e-04	4.82e-03	2.13e-02	2.49e-01	4.64e-01	2.36e-01	2.46e-02	2.21e-04	8.86e-06	0.00e+00	0.00e+00	0.00e+00	0.00e+00	0.00e+00
 1.67539e+23	7.88e-16	1.62e-04	5.59e-03	2.41e-02	2.64e-01	4.62e-01	2.22e-01	2.20e-02	1.89e-04	7.46e-06	0.00e+00	0.00e+00	0.00e+00	0.00e+00	0.00e+00
 1.68537e+23	1.10e-15	2.01e-04	6.72e-03	2.84e-02	2.84e-01	4.58e-01	2.04e-01	1.88e-02	1.52e-04	5.92e-06	0.00e+00	0.00e+00	0.00e+00	0.00e+00	0.00e+00
 1.69533e+23	1.44e-15	2.37e-04	7.75e-03	3.20e-02	3.00e-01	4.53e-01	1.90e-01	1.67e-02	1.29e-04	4.95e-06	0.00e+00	0.00e+00	0.00e+00	0.00e+00	0.00e+00
 1.70526e+23	2.01e-15	2.92e-04	9.24e-03	3.70e-02	3.19e-01	4.46e-01	1.74e-01	1.43e-02	1.04e-04	3.94e-06	0.00e+00	0.00e+00	0.00e+00	0.00e+00	0.00e+00
 1.71556e+23	2.72e-15	3.51e-04	1.07e-02	4.22e-02	3.37e-01	4.38e-01	1.60e-01	1.24e-02	8.58e-05	3.19e-06	0.00e+00	0.00e+00	0.00e+00	0.00e+00	0.00e+00
 1.72480e+23	3.59e-15	4.16e-04	1.24e-02	4.74e-02	3.53e-01	4.29e-01	1.47e-01	1.08e-02	7.17e-05	2.63e-06	0.00e+00	0.00e+00	0.00e+00	0.00e+00	0.00e+00
 1.73528e+23	5.25e-15	5.18e-04	1.48e-02	5.49e-02	3.73e-01	4.15e-01	1.32e-01	9.00e-03	5.66e-05	2.03e-06	0.00e+00	0.00e+00	0.00e+00	0.00e+00	0.00e+00
 1.74593e+23	7.17e-15	6.19e-04	1.71e-02	6.18e-02	3.90e-01	4.03e-01	1.20e-01	7.71e-03	4.62e-05	1.63e-06	0.00e+00	0.00e+00	0.00e+00	0.00e+00	0.00e+00
 1.75679e+23	1.04e-14	7.71e-04	2.04e-02	7.11e-02	4.09e-01	3.87e-01	1.06e-01	6.36e-03	3.61e-05	1.25e-06	0.00e+00	0.00e+00	0.00e+00	0.00e+00	0.00e+00
 1.76737e+23	1.45e-14	9.13e-04	2.33e-02	7.90e-02	4.23e-01	3.73e-01	9.58e-02	5.44e-03	2.96e-05	1.01e-06	0.00e+00	0.00e+00	0.00e+00	0.00e+00	0.00e+00
 1.77569e+23	1.89e-14	1.05e-03	2.61e-02	8.63e-02	4.34e-01	3.60e-01	8.76e-02	4.75e-03	2.49e-05	8.34e-07	0.00e+00	0.00e+00	0.00e+00	0.00e+00	0.00e+00
 1.78465e+23	2.62e-14	1.26e-03	3.00e-02	9.60e-02	4.47e-01	3.44e-01	7.82e-02	4.00e-03	2.01e-05	6.61e-07	0.00e+00	0.00e+00	0.00e+00	0.00e+00	0.00e+00
 1.79387e+23	3.53e-14	1.46e-03	3.36e-02	1.05e-01	4.57e-01	3.29e-01	7.06e-02	3.44e-03	1.67e-05	5.38e-07	0.00e+00	0.00e+00	0.00e+00	0.00e+00	0.00e+00
 1.80213e+23	4.65e-14	1.69e-03	3.75e-02	1.14e-01	4.65e-01	3.15e-01	6.38e-02	2.96e-03	1.39e-05	4.40e-07	0.00e+00	0.00e+00	0.00e+00	0.00e+00	0.00e+00
 1.81159e+23	6.78e-14	2.02e-03	4.31e-02	1.26e-01	4.74e-01	2.96e-01	5.59e-02	2.44e-03	1.09e-05	3.40e-07	0.00e+00	0.00e+00	0.00e+00	0.00e+00	0.00e+00
 1.82113e+23	9.39e-14	2.35e-03	4.81e-02	1.36e-01	4.81e-01	2.81e-01	4.98e-02	2.07e-03	8.96e-06	2.72e-07	0.00e+00	0.00e+00	0.00e+00	0.00e+00	0.00e+00
 1.82949e+23	1.25e-13	2.71e-03	5.34e-02	1.47e-01	4.85e-01	2.65e-01	4.44e-02	1.76e-03	7.36e-06	2.20e-07	0.00e+00	0.00e+00	0.00e+00	0.00e+00	0.00e+00
 1.83903e+23	1.87e-13	3.23e-03	6.07e-02	1.61e-01	4.89e-01	2.46e-01	3.83e-02	1.43e-03	5.74e-06	1.67e-07	0.00e+00	0.00e+00	0.00e+00	0.00e+00	0.00e+00
 1.84874e+23	2.66e-13	3.74e-03	6.74e-02	1.73e-01	4.91e-01	2.30e-01	3.37e-02	1.19e-03	4.64e-06	1.32e-07	0.00e+00	0.00e+00	0.00e+00	0.00e+00	0.00e+00
 1.85735e+23	3.67e-13	4.31e-03	7.45e-02	1.85e-01	4.90e-01	2.15e-01	2.96e-02	9.99e-04	3.76e-06	0.00e+00	0.00e+00	0.00e+00	0.00e+00	0.00e+00	0.00e+00
 1.86722e+23	5.90e-13	5.13e-03	8.43e-02	2.00e-01	4.88e-01	1.96e-01	2.50e-02	7.95e-04	2.87e-06	0.00e+00	0.00e+00	0.00e+00	0.00e+00	0.00e+00	0.00e+00
 1.87724e+23	9.34e-13	5.93e-03	9.30e-02	2.13e-01	4.84e-01	1.81e-01	2.17e-02	6.53e-04	2.28e-06	0.00e+00	0.00e+00	0.00e+00	0.00e+00	0.00e+00	0.00e+00
 1.88746e+23	1.66e-12	7.06e-03	1.05e-01	2.29e-01	4.77e-01	1.63e-01	1.80e-02	5.10e-04	1.71e-06	0.00e+00	0.00e+00	0.00e+00	0.00e+00	0.00e+00	0.00e+00
 1.89778e+23	3.08e-12	8.15e-03	1.15e-01	2.43e-01	4.70e-01	1.49e-01	1.54e-02	4.13e-04	1.34e-06	0.00e+00	0.00e+00	0.00e+00	0.00e+00	0.00e+00	0.00e+00
 1.90684e+23	5.40e-12	9.34e-03	1.26e-01	2.55e-01	4.61e-01	1.36e-01	1.31e-02	3.36e-04	1.06e-06	0.00e+00	0.00e+00	0.00e+00	0.00e+00	0.00e+00	0.00e+00
 1.91724e+23	1.84e-11	1.11e-02	1.40e-01	2.71e-01	4.47e-01	1.20e-01	1.07e-02	2.56e-04	7.76e-07	0.00e+00	0.00e+00	0.00e+00	0.00e+00	0.00e+00	0.00e+00
 1.92550e+23	4.55e-11	1.19e-02	1.47e-01	2.78e-01	4.41e-01	1.13e-01	9.75e-03	2.28e-04	6.80e-07	0.00e+00	0.00e+00	0.00e+00	0.00e+00	0.00e+00	0.00e+00
 1.93096e+23	7.65e-11	1.30e-02	1.55e-01	2.86e-01	4.32e-01	1.06e-01	8.68e-03	1.96e-04	5.73e-07	0.00e+00	0.00e+00	0.00e+00	0.00e+00	0.00e+00	0.00e+00
 1.93806e+23	1.30e-10	1.45e-02	1.66e-01	2.95e-01	4.21e-01	9.64e-02	7.50e-03	1.63e-04	4.64e-07	0.00e+00	0.00e+00	0.00e+00	0.00e+00	0.00e+00	0.00e+00
 1.94729e+23	2.55e-10	1.67e-02	1.80e-01	3.07e-01	4.04e-01	8.51e-02	6.15e-03	1.26e-04	3.49e-07	0.00e+00	0.00e+00	0.00e+00	0.00e+00	0.00e+00	0.00e+00
 1.95734e+23	4.41e-10	1.91e-02	1.95e-01	3.17e-01	3.88e-01	7.54e-02	5.09e-03	9.94e-05	2.66e-07	0.00e+00	0.00e+00	0.00e+00	0.00e+00	0.00e+00	0.00e+00
 1.96846e+23	1.07e-09	2.26e-02	2.14e-01	3.29e-01	3.66e-01	6.39e-02	3.93e-03	7.20e-05	1.85e-07	0.00e+00	0.00e+00	0.00e+00	0.00e+00	0.00e+00	0.00e+00
 1.97968e+23	1.64e-09	2.56e-02	2.29e-01	3.38e-01	3.48e-01	5.59e-02	3.20e-03	5.57e-05	1.39e-07	0.00e+00	0.00e+00	0.00e+00	0.00e+00	0.00e+00	0.00e+00
 1.99101e+23	3.40e-09	2.99e-02	2.49e-01	3.46e-01	3.25e-01	4.70e-02	2.46e-03	4.02e-05	0.00e+00	0.00e+00	0.00e+00	0.00e+00	0.00e+00	0.00e+00	0.00e+00
 2.00108e+23	6.32e-09	3.29e-02	2.61e-01	3.51e-01	3.11e-01	4.21e-02	2.09e-03	3.28e-05	0.00e+00	0.00e+00	0.00e+00	0.00e+00	0.00e+00	0.00e+00	0.00e+00
 2.00950e+23	1.06e-08	3.68e-02	2.76e-01	3.55e-01	2.93e-01	3.67e-02	1.70e-03	2.55e-05	0.00e+00	0.00e+00	0.00e+00	0.00e+00	0.00e+00	0.00e+00	0.00e+00
 2.01815e+23	1.91e-08	4.04e-02	2.89e-01	3.58e-01	2.79e-01	3.27e-02	1.43e-03	2.06e-05	0.00e+00	0.00e+00	0.00e+00	0.00e+00	0.00e+00	0.00e+00	0.00e+00
 2.02708e+23	2.99e-08	4.50e-02	3.04e-01	3.60e-01	2.61e-01	2.82e-02	1.15e-03	1.59e-05	0.00e+00	0.00e+00	0.00e+00	0.00e+00	0.00e+00	0.00e+00	0.00e+00
 2.03624e+23	4.76e-08	4.96e-02	3.17e-01	3.61e-01	2.46e-01	2.47e-02	9.50e-04	1.26e-05	0.00e+00	0.00e+00	0.00e+00	0.00e+00	0.00e+00	0.00e+00	0.00e+00
 2.04435e+23	8.10e-08	5.42e-02	3.30e-01	3.61e-01	2.32e-01	2.18e-02	7.89e-04	1.01e-05	0.00e+00	0.00e+00	0.00e+00	0.00e+00	0.00e+00	0.00e+00	0.00e+00
 2.05356e+23	1.59e-07	6.04e-02	3.45e-01	3.60e-01	2.15e-01	1.85e-02	6.24e-04	7.60e-06	0.00e+00	0.00e+00	0.00e+00	0.00e+00	0.00e+00	0.00e+00	0.00e+00
 2.06300e+23	2.99e-07	6.61e-02	3.58e-01	3.58e-01	2.01e-01	1.61e-02	5.10e-04	5.98e-06	0.00e+00	0.00e+00	0.00e+00	0.00e+00	0.00e+00	0.00e+00	0.00e+00
