#depth	Ar	Ar+	Ar+2	Ar+3	Ar+4	Ar+5	Ar+6	Ar+7	Ar+8	Ar+9	Ar+10	Ar+11	Ar+12	Ar+13	Ar+14	Ar+15	Ar+16	Ar+17	Ar+18
 4.62852e+21	0.00e+00	0.00e+00	0.00e+00	0.00e+00	0.00e+00	0.00e+00	1.44e-24	1.66e-21	3.10e-18	1.80e-15	5.25e-13	7.50e-11	7.41e-09	3.79e-07	1.25e-05	4.39e-04	2.66e-02	2.43e-01	7.30e-01
 1.05657e+22	0.00e+00	0.00e+00	0.00e+00	0.00e+00	0.00e+00	3.87e-26	4.75e-23	3.91e-20	1.07e-16	4.24e-14	8.45e-12	8.30e-10	5.64e-08	2.00e-06	4.64e-05	1.14e-03	4.83e-02	3.08e-01	6.43e-01
 1.27668e+22	0.00e+00	0.00e+00	0.00e+00	0.00e+00	5.18e-28	8.52e-25	8.38e-22	5.48e-19	1.16e-15	3.54e-13	5.45e-11	4.15e-09	2.19e-07	6.06e-06	1.10e-04	2.12e-03	7.06e-02	3.52e-01	5.75e-01
 1.43731e+22	0.00e+00	0.00e+00	0.00e+00	1.16e-30	3.92e-27	5.40e-24	4.44e-21	4.47e-18	7.70e-15	1.91e-12	2.40e-10	1.49e-08	6.42e-07	1.46e-05	2.17e-04	3.44e-03	9.43e-02	3.86e-01	5.16e-01
 1.52655e+22	0.00e+00	0.00e+00	0.00e+00	2.35e-30	7.61e-27	1.00e-23	7.88e-21	7.57e-18	1.24e-14	2.92e-12	3.48e-10	2.06e-08	8.41e-07	1.81e-05	2.57e-04	3.87e-03	1.01e-01	3.94e-01	5.01e-01
 1.55550e+22	0.00e+00	0.00e+00	0.00e+00	3.64e-30	1.15e-26	1.47e-23	1.12e-20	1.05e-17	1.66e-14	3.79e-12	4.38e-10	2.51e-08	9.93e-07	2.07e-05	2.86e-04	4.17e-03	1.06e-01	3.98e-01	4.92e-01
 1.58102e+22	0.00e+00	0.00e+00	0.00e+00	6.36e-30	1.94e-26	2.40e-23	1.77e-20	1.59e-17	2.42e-14	5.30e-12	5.88e-10	3.23e-08	1.23e-06	2.46e-05	3.26e-04	4.57e-03	1.12e-01	4.04e-01	4.79e-01
 1.60764e+22	0.00e+00	0.00e+00	0.00e+00	1.03e-29	3.05e-26	3.66e-23	2.62e-20	2.27e-17	3.34e-14	7.07e-12	7.57e-10	4.02e-08	1.47e-06	2.86e-05	3.66e-04	4.96e-03	1.17e-01	4.09e-01	4.69e-01
 1.63570e+22	0.00e+00	0.00e+00	0.00e+00	1.90e-29	5.41e-26	6.24e-23	4.28e-20	3.57e-17	5.03e-14	1.02e-11	1.04e-09	5.30e-08	1.86e-06	3.45e-05	4.23e-04	5.49e-03	1.24e-01	4.15e-01	4.55e-01
 1.66273e+22	0.00e+00	0.00e+00	0.00e+00	3.07e-29	8.48e-26	9.48e-23	6.31e-20	5.08e-17	6.92e-14	1.36e-11	1.34e-09	6.59e-08	2.24e-06	4.01e-05	4.74e-04	5.94e-03	1.30e-01	4.20e-01	4.44e-01
 1.68435e+22	0.00e+00	0.00e+00	0.00e+00	4.59e-29	1.24e-25	1.35e-22	8.73e-20	6.84e-17	9.06e-14	1.72e-11	1.66e-09	7.89e-08	2.60e-06	4.53e-05	5.21e-04	6.35e-03	1.35e-01	4.23e-01	4.35e-01
 1.70839e+22	0.00e+00	0.00e+00	1.96e-32	7.70e-29	2.00e-25	2.11e-22	1.32e-19	1.00e-16	1.28e-13	2.34e-11	2.17e-09	9.97e-08	3.17e-06	5.31e-05	5.88e-04	6.91e-03	1.41e-01	4.28e-01	4.24e-01
 1.73410e+22	0.00e+00	0.00e+00	3.28e-32	1.25e-28	3.16e-25	3.23e-22	1.96e-19	1.43e-16	1.77e-13	3.13e-11	2.80e-09	1.24e-07	3.81e-06	6.17e-05	6.60e-04	7.48e-03	1.48e-01	4.31e-01	4.13e-01
 1.75793e+22	0.00e+00	0.00e+00	5.40e-32	2.00e-28	4.91e-25	4.86e-22	2.86e-19	2.02e-16	2.42e-13	4.14e-11	3.58e-09	1.53e-07	4.55e-06	7.13e-05	7.36e-04	8.07e-03	1.54e-01	4.35e-01	4.02e-01
 1.78485e+22	0.00e+00	0.00e+00	1.03e-31	3.71e-28	8.73e-25	8.30e-22	4.68e-19	3.17e-16	3.64e-13	5.96e-11	4.94e-09	2.03e-07	5.75e-06	8.61e-05	8.50e-04	8.90e-03	1.63e-01	4.39e-01	3.88e-01
 1.81053e+22	0.00e+00	0.00e+00	1.65e-31	5.77e-28	1.32e-24	1.22e-21	6.66e-19	4.36e-16	4.87e-13	7.74e-11	6.22e-09	2.47e-07	6.80e-06	9.86e-05	9.42e-04	9.56e-03	1.69e-01	4.42e-01	3.78e-01
 1.83460e+22	0.00e+00	0.00e+00	2.82e-31	9.59e-28	2.12e-24	1.90e-21	1.00e-18	6.33e-16	6.83e-13	1.05e-10	8.11e-09	3.11e-07	8.24e-06	1.15e-04	1.06e-03	1.04e-02	1.77e-01	4.45e-01	3.67e-01
 1.86017e+22	0.00e+00	0.00e+00	4.83e-31	1.59e-27	3.41e-24	2.93e-21	1.50e-18	9.10e-16	9.51e-13	1.41e-10	1.06e-08	3.90e-07	1.00e-05	1.35e-04	1.19e-03	1.12e-02	1.85e-01	4.48e-01	3.55e-01
 1.88283e+22	0.00e+00	0.00e+00	7.56e-31	2.44e-27	5.07e-24	4.25e-21	2.11e-18	1.24e-15	1.26e-12	1.82e-10	1.32e-08	4.72e-07	1.17e-05	1.53e-04	1.32e-03	1.20e-02	1.91e-01	4.49e-01	3.46e-01
 1.90741e+22	0.00e+00	0.00e+00	1.33e-30	4.15e-27	8.34e-24	6.74e-21	3.22e-18	1.83e-15	1.79e-12	2.49e-10	1.74e-08	6.00e-07	1.44e-05	1.80e-04	1.49e-03	1.30e-02	2.00e-01	4.51e-01	3.34e-01
 1.93334e+22	0.00e+00	0.00e+00	2.27e-30	6.89e-27	1.34e-23	1.04e-20	4.81e-18	2.62e-15	2.49e-12	3.35e-10	2.26e-08	7.53e-07	1.74e-05	2.10e-04	1.67e-03	1.41e-02	2.09e-01	4.53e-01	3.22e-01
 1.95566e+22	0.00e+00	0.00e+00	3.63e-30	1.07e-26	2.02e-23	1.53e-20	6.82e-18	3.60e-15	3.33e-12	4.34e-10	2.85e-08	9.19e-07	2.06e-05	2.41e-04	1.85e-03	1.51e-02	2.16e-01	4.54e-01	3.13e-01
 1.97601e+22	0.00e+00	0.00e+00	5.60e-30	1.62e-26	2.96e-23	2.18e-20	9.44e-18	4.83e-15	4.36e-12	5.52e-10	3.52e-08	1.10e-06	2.40e-05	2.73e-04	2.03e-03	1.61e-02	2.23e-01	4.55e-01	3.04e-01
 1.99921e+22	0.00e+00	0.00e+00	9.70e-30	2.71e-26	4.80e-23	3.40e-20	1.42e-17	6.99e-15	6.11e-12	7.48e-10	4.60e-08	1.39e-06	2.92e-05	3.19e-04	2.28e-03	1.74e-02	2.32e-01	4.55e-01	2.92e-01
 2.02347e+22	0.00e+00	0.00e+00	1.60e-29	4.35e-26	7.45e-23	5.09e-20	2.06e-17	9.75e-15	8.29e-12	9.86e-10	5.87e-08	1.72e-06	3.49e-05	3.69e-04	2.54e-03	1.87e-02	2.41e-01	4.55e-01	2.82e-01
 2.04523e+22	0.00e+00	0.00e+00	2.58e-29	6.83e-26	1.13e-22	7.50e-20	2.92e-17	1.34e-14	1.11e-11	1.28e-09	7.42e-08	2.10e-06	4.14e-05	4.23e-04	2.81e-03	2.00e-02	2.49e-01	4.55e-01	2.72e-01
 2.06966e+22	0.00e+00	0.00e+00	4.68e-29	1.20e-25	1.91e-22	1.21e-19	4.53e-17	1.98e-14	1.59e-11	1.78e-09	9.90e-08	2.70e-06	5.10e-05	5.01e-04	3.19e-03	2.17e-02	2.60e-01	4.54e-01	2.61e-01
 2.09367e+22	0.00e+00	0.00e+00	7.56e-29	1.88e-25	2.90e-22	1.78e-19	6.44e-17	2.72e-14	2.13e-11	2.31e-09	1.25e-07	3.30e-06	6.05e-05	5.74e-04	3.53e-03	2.32e-02	2.68e-01	4.53e-01	2.51e-01
 2.11352e+22	0.00e+00	0.00e+00	1.16e-28	2.82e-25	4.23e-22	2.52e-19	8.83e-17	3.61e-14	2.77e-11	2.92e-09	1.54e-07	3.96e-06	7.05e-05	6.49e-04	3.87e-03	2.46e-02	2.76e-01	4.52e-01	2.43e-01
 2.13568e+22	0.00e+00	0.00e+00	2.01e-28	4.71e-25	6.80e-22	3.90e-19	1.31e-16	5.16e-14	3.84e-11	3.93e-09	2.00e-07	4.97e-06	8.55e-05	7.58e-04	4.33e-03	2.65e-02	2.86e-01	4.50e-01	2.32e-01
 2.15867e+22	0.00e+00	0.00e+00	3.25e-28	7.42e-25	1.04e-21	5.74e-19	1.87e-16	7.06e-14	5.13e-11	5.12e-09	2.53e-07	6.08e-06	1.01e-04	8.69e-04	4.79e-03	2.82e-02	2.95e-01	4.48e-01	2.23e-01
 2.17918e+22	0.00e+00	0.00e+00	5.18e-28	1.15e-24	1.55e-21	8.31e-19	2.61e-16	9.52e-14	6.77e-11	6.58e-09	3.16e-07	7.38e-06	1.19e-04	9.91e-04	5.28e-03	3.00e-02	3.03e-01	4.45e-01	2.15e-01
 2.20226e+22	0.00e+00	0.00e+00	9.32e-28	1.99e-24	2.58e-21	1.32e-18	3.97e-16	1.39e-13	9.59e-11	9.02e-09	4.19e-07	9.42e-06	1.47e-04	1.17e-03	5.96e-03	3.24e-02	3.14e-01	4.42e-01	2.04e-01
 2.22495e+22	0.00e+00	0.00e+00	1.47e-27	3.05e-24	3.84e-21	1.90e-18	5.52e-16	1.86e-13	1.26e-10	1.15e-08	5.21e-07	1.14e-05	1.72e-04	1.33e-03	6.54e-03	3.44e-02	3.23e-01	4.39e-01	1.96e-01
 2.24406e+22	0.00e+00	0.00e+00	2.28e-27	4.62e-24	5.64e-21	2.70e-18	7.59e-16	2.47e-13	1.63e-10	1.46e-08	6.44e-07	1.37e-05	2.01e-04	1.50e-03	7.16e-03	3.64e-02	3.31e-01	4.35e-01	1.88e-01
 2.26582e+22	0.00e+00	8.71e-33	3.93e-27	7.70e-24	9.03e-21	4.16e-18	1.12e-15	3.49e-13	2.26e-10	1.96e-08	8.36e-07	1.71e-05	2.43e-04	1.75e-03	7.99e-03	3.90e-02	3.41e-01	4.31e-01	1.79e-01
 2.28816e+22	0.00e+00	1.45e-32	6.35e-27	1.21e-23	1.37e-20	6.07e-18	1.57e-15	4.71e-13	2.99e-10	2.53e-08	1.05e-06	2.09e-05	2.88e-04	2.00e-03	8.80e-03	4.14e-02	3.50e-01	4.27e-01	1.71e-01
 2.30771e+22	0.00e+00	2.32e-32	9.92e-27	1.83e-23	2.01e-20	8.63e-18	2.16e-15	6.24e-13	3.88e-10	3.22e-08	1.30e-06	2.51e-05	3.36e-04	2.26e-03	9.62e-03	4.38e-02	3.58e-01	4.22e-01	1.64e-01
 2.32958e+22	0.00e+00	4.19e-32	1.74e-26	3.10e-23	3.27e-20	1.34e-17	3.22e-15	8.88e-13	5.39e-10	4.34e-08	1.70e-06	3.16e-05	4.09e-04	2.64e-03	1.08e-02	4.69e-02	3.68e-01	4.16e-01	1.55e-01
 2.35131e+22	0.00e+00	6.84e-32	2.76e-26	4.79e-23	4.87e-20	1.93e-17	4.46e-15	1.18e-12	7.06e-10	5.55e-08	2.11e-06	3.82e-05	4.80e-04	3.00e-03	1.18e-02	4.96e-02	3.77e-01	4.11e-01	1.48e-01
 2.36957e+22	0.00e+00	1.05e-31	4.15e-26	7.01e-23	6.92e-20	2.66e-17	5.96e-15	1.53e-12	8.97e-10	6.90e-08	2.56e-06	4.51e-05	5.52e-04	3.36e-03	1.28e-02	5.20e-02	3.84e-01	4.06e-01	1.41e-01
 2.39004e+22	0.00e+00	1.86e-31	7.11e-26	1.16e-22	1.10e-19	4.05e-17	8.67e-15	2.13e-12	1.22e-09	9.16e-08	3.30e-06	5.62e-05	6.65e-04	3.89e-03	1.42e-02	5.54e-02	3.93e-01	3.99e-01	1.34e-01
 2.41089e+22	0.00e+00	3.00e-31	1.12e-25	1.77e-22	1.62e-19	5.77e-17	1.19e-14	2.81e-12	1.59e-09	1.16e-07	4.09e-06	6.76e-05	7.77e-04	4.40e-03	1.55e-02	5.83e-02	4.01e-01	3.93e-01	1.27e-01
 2.42922e+22	0.00e+00	4.73e-31	1.72e-25	2.65e-22	2.35e-19	8.08e-17	1.61e-14	3.66e-12	2.04e-09	1.46e-07	5.01e-06	8.06e-05	9.01e-04	4.94e-03	1.68e-02	6.12e-02	4.08e-01	3.87e-01	1.21e-01
 2.45003e+22	0.00e+00	8.35e-31	2.95e-25	4.38e-22	3.74e-19	1.23e-16	2.34e-14	5.09e-12	2.78e-09	1.94e-07	6.45e-06	1.00e-04	1.08e-03	5.71e-03	1.86e-02	6.50e-02	4.16e-01	3.79e-01	1.14e-01
 2.47148e+22	0.00e+00	1.38e-30	4.75e-25	6.84e-22	5.62e-19	1.78e-16	3.25e-14	6.79e-12	3.64e-09	2.49e-07	8.07e-06	1.22e-04	1.27e-03	6.49e-03	2.03e-02	6.84e-02	4.23e-01	3.72e-01	1.08e-01
 2.49040e+22	0.00e+00	2.21e-30	7.43e-25	1.04e-21	8.24e-19	2.52e-16	4.43e-14	8.90e-12	4.71e-09	3.15e-07	9.95e-06	1.46e-04	1.48e-03	7.32e-03	2.21e-02	7.18e-02	4.30e-01	3.65e-01	1.02e-01
 2.50874e+22	0.00e+00	3.55e-30	1.16e-24	1.58e-21	1.21e-18	3.55e-16	6.02e-14	1.16e-11	6.06e-09	3.98e-07	1.23e-05	1.74e-04	1.73e-03	8.24e-03	2.40e-02	7.52e-02	4.36e-01	3.58e-01	9.68e-02
 2.52969e+22	0.00e+00	6.36e-30	2.02e-24	2.64e-21	1.94e-18	5.45e-16	8.81e-14	1.62e-11	8.31e-09	5.31e-07	1.59e-05	2.18e-04	2.08e-03	9.52e-03	2.65e-02	7.96e-02	4.43e-01	3.48e-01	9.04e-02
 2.55110e+22	0.00e+00	1.04e-29	3.21e-24	4.07e-21	2.88e-18	7.78e-16	1.21e-13	2.14e-11	1.08e-08	6.76e-07	1.97e-05	2.62e-04	2.43e-03	1.07e-02	2.89e-02	8.33e-02	4.49e-01	3.40e-01	8.52e-02
 2.57309e+22	0.00e+00	1.91e-29	5.72e-24	6.98e-21	4.72e-18	1.22e-15	1.80e-13	3.02e-11	1.50e-08	9.14e-07	2.57e-05	3.30e-04	2.95e-03	1.25e-02	3.20e-02	8.82e-02	4.55e-01	3.30e-01	7.90e-02
 2.59550e+22	0.00e+00	3.26e-29	9.52e-24	1.12e-20	7.27e-18	1.79e-15	2.53e-13	4.06e-11	1.99e-08	1.19e-06	3.25e-05	4.03e-04	3.49e-03	1.42e-02	3.50e-02	9.25e-02	4.60e-01	3.21e-01	7.38e-02
 2.61372e+22	0.00e+00	5.00e-29	1.43e-23	1.63e-20	1.03e-17	2.44e-15	3.33e-13	5.15e-11	2.50e-08	1.46e-06	3.92e-05	4.74e-04	3.99e-03	1.58e-02	3.75e-02	9.59e-02	4.64e-01	3.13e-01	6.98e-02
 2.63268e+22	0.00e+00	8.60e-29	2.38e-23	2.63e-20	1.59e-17	3.61e-15	4.70e-13	6.94e-11	3.32e-08	1.91e-06	4.96e-05	5.80e-04	4.72e-03	1.80e-02	4.09e-02	1.00e-01	4.67e-01	3.03e-01	6.49e-02
 2.65232e+22	0.00e+00	1.38e-28	3.73e-23	3.98e-20	2.31e-17	5.07e-15	6.33e-13	8.97e-11	4.25e-08	2.39e-06	6.09e-05	6.91e-04	5.46e-03	2.01e-02	4.41e-02	1.04e-01	4.70e-01	2.94e-01	6.09e-02
 2.66860e+22	0.00e+00	2.03e-28	5.40e-23	5.61e-20	3.16e-17	6.71e-15	8.09e-13	1.11e-10	5.21e-08	2.89e-06	7.21e-05	7.98e-04	6.16e-03	2.20e-02	4.69e-02	1.08e-01	4.72e-01	2.87e-01	5.76e-02
 2.68554e+22	0.00e+00	3.31e-28	8.57e-23	8.62e-20	4.67e-17	9.51e-15	1.10e-12	1.44e-10	6.72e-08	3.66e-06	8.89e-05	9.55e-04	7.15e-03	2.47e-02	5.06e-02	1.12e-01	4.74e-01	2.77e-01	5.38e-02
 2.70168e+22	0.00e+00	4.75e-28	1.21e-22	1.18e-19	6.23e-17	1.23e-14	1.38e-12	1.75e-10	8.10e-08	4.35e-06	1.04e-04	1.09e-03	7.99e-03	2.69e-02	5.34e-02	1.15e-01	4.74e-01	2.70e-01	5.10e-02
 2.71459e+22	0.00e+00	6.75e-28	1.69e-22	1.61e-19	8.25e-17	1.58e-14	1.71e-12	2.10e-10	9.70e-08	5.15e-06	1.21e-04	1.24e-03	8.89e-03	2.91e-02	5.64e-02	1.18e-01	4.75e-01	2.63e-01	4.84e-02
 2.72722e+22	0.00e+00	9.41e-28	2.31e-22	2.16e-19	1.08e-16	2.00e-14	2.10e-12	2.51e-10	1.15e-07	6.04e-06	1.39e-04	1.40e-03	9.82e-03	3.14e-02	5.92e-02	1.20e-01	4.75e-01	2.57e-01	4.60e-02
 2.73960e+22	0.00e+00	1.27e-27	3.08e-22	2.81e-19	1.37e-16	2.48e-14	2.53e-12	2.94e-10	1.34e-07	6.97e-06	1.58e-04	1.56e-03	1.08e-02	3.36e-02	6.19e-02	1.23e-01	4.74e-01	2.51e-01	4.40e-02
 2.75361e+22	0.00e+00	1.91e-27	4.54e-22	4.03e-19	1.89e-16	3.30e-14	3.26e-12	3.64e-10	1.66e-07	8.47e-06	1.88e-04	1.81e-03	1.21e-02	3.69e-02	6.56e-02	1.26e-01	4.74e-01	2.43e-01	4.12e-02
 2.76768e+22	0.00e+00	2.71e-27	6.33e-22	5.47e-19	2.49e-16	4.22e-14	4.02e-12	4.35e-10	1.98e-07	9.98e-06	2.18e-04	2.05e-03	1.35e-02	3.99e-02	6.89e-02	1.29e-01	4.72e-01	2.36e-01	3.90e-02
 2.77954e+22	0.00e+00	3.72e-27	8.55e-22	7.22e-19	3.20e-16	5.27e-14	4.87e-12	5.11e-10	2.32e-07	1.16e-05	2.49e-04	2.30e-03	1.48e-02	4.27e-02	7.21e-02	1.31e-01	4.71e-01	2.29e-01	3.70e-02
 2.79068e+22	0.00e+00	5.08e-27	1.15e-21	9.46e-19	4.09e-16	6.53e-14	5.86e-12	5.98e-10	2.71e-07	1.34e-05	2.84e-04	2.57e-03	1.62e-02	4.57e-02	7.52e-02	1.33e-01	4.69e-01	2.23e-01	3.52e-02
 2.80142e+22	0.00e+00	6.64e-27	1.48e-21	1.20e-18	5.06e-16	7.89e-14	6.91e-12	6.86e-10	3.10e-07	1.52e-05	3.18e-04	2.82e-03	1.75e-02	4.85e-02	7.79e-02	1.35e-01	4.67e-01	2.17e-01	3.36e-02
 2.81365e+22	0.00e+00	9.60e-27	2.10e-21	1.65e-18	6.76e-16	1.02e-13	8.60e-12	8.25e-10	3.72e-07	1.80e-05	3.70e-04	3.21e-03	1.95e-02	5.24e-02	8.18e-02	1.38e-01	4.64e-01	2.10e-01	3.15e-02
 2.82622e+22	0.00e+00	1.33e-26	2.88e-21	2.20e-18	8.75e-16	1.28e-13	1.04e-11	9.70e-10	4.38e-07	2.10e-05	4.25e-04	3.61e-03	2.14e-02	5.62e-02	8.54e-02	1.40e-01	4.60e-01	2.03e-01	2.97e-02
 2.83716e+22	4.15e-33	1.80e-26	3.82e-21	2.85e-18	1.10e-15	1.57e-13	1.24e-11	1.12e-09	5.07e-07	2.41e-05	4.80e-04	4.00e-03	2.33e-02	5.98e-02	8.86e-02	1.42e-01	4.57e-01	1.97e-01	2.82e-02
 2.84929e+22	6.14e-33	2.61e-26	5.45e-21	3.95e-18	1.48e-15	2.02e-13	1.55e-11	1.35e-09	6.08e-07	2.86e-05	5.60e-04	4.55e-03	2.59e-02	6.46e-02	9.28e-02	1.44e-01	4.52e-01	1.89e-01	2.63e-02
 2.86112e+22	8.27e-33	3.47e-26	7.14e-21	5.06e-18	1.85e-15	2.46e-13	1.83e-11	1.55e-09	6.99e-07	3.26e-05	6.28e-04	5.02e-03	2.80e-02	6.84e-02	9.60e-02	1.45e-01	4.48e-01	1.83e-01	2.50e-02
 2.87100e+22	1.12e-32	4.63e-26	9.41e-21	6.51e-18	2.31e-15	2.99e-13	2.15e-11	1.77e-09	8.02e-07	3.72e-05	7.07e-04	5.54e-03	3.04e-02	7.25e-02	9.93e-02	1.47e-01	4.44e-01	1.77e-01	2.36e-02
 2.88073e+22	1.49e-32	6.07e-26	1.22e-20	8.23e-18	2.85e-15	3.59e-13	2.51e-11	2.01e-09	9.14e-07	4.20e-05	7.88e-04	6.07e-03	3.27e-02	7.65e-02	1.02e-01	1.48e-01	4.39e-01	1.72e-01	2.24e-02
 2.89181e+22	2.16e-32	8.66e-26	1.71e-20	1.12e-17	3.75e-15	4.55e-13	3.07e-11	2.37e-09	1.08e-06	4.93e-05	9.09e-04	6.84e-03	3.60e-02	8.19e-02	1.07e-01	1.50e-01	4.33e-01	1.65e-01	2.09e-02
 2.90304e+22	2.98e-32	1.18e-25	2.29e-20	1.46e-17	4.74e-15	5.58e-13	3.64e-11	2.72e-09	1.25e-06	5.65e-05	1.03e-03	7.58e-03	3.92e-02	8.69e-02	1.10e-01	1.51e-01	4.27e-01	1.58e-01	1.96e-02
 2.91272e+22	3.96e-32	1.54e-25	2.96e-20	1.85e-17	5.85e-15	6.70e-13	4.25e-11	3.09e-09	1.42e-06	6.38e-05	1.14e-03	8.29e-03	4.21e-02	9.14e-02	1.13e-01	1.51e-01	4.21e-01	1.53e-01	1.85e-02
 2.92356e+22	5.81e-32	2.23e-25	4.20e-20	2.54e-17	7.73e-15	8.52e-13	5.19e-11	3.63e-09	1.68e-06	7.50e-05	1.32e-03	9.35e-03	4.63e-02	9.78e-02	1.17e-01	1.52e-01	4.13e-01	1.46e-01	1.71e-02
 2.93458e+22	7.95e-32	3.00e-25	5.59e-20	3.28e-17	9.71e-15	1.04e-12	6.11e-11	4.14e-09	1.93e-06	8.55e-05	1.49e-03	1.03e-02	5.01e-02	1.03e-01	1.21e-01	1.53e-01	4.06e-01	1.40e-01	1.60e-02
 2.94582e+22	1.19e-31	4.41e-25	8.06e-20	4.57e-17	1.30e-14	1.33e-12	7.51e-11	4.88e-09	2.30e-06	1.01e-04	1.72e-03	1.16e-02	5.52e-02	1.10e-01	1.25e-01	1.53e-01	3.96e-01	1.32e-01	1.47e-02
 2.95713e+22	1.64e-31	5.98e-25	1.08e-19	5.94e-17	1.64e-14	1.62e-12	8.84e-11	5.56e-09	2.64e-06	1.15e-04	1.94e-03	1.28e-02	5.96e-02	1.16e-01	1.29e-01	1.53e-01	3.88e-01	1.26e-01	1.37e-02
 2.96672e+22	2.19e-31	7.90e-25	1.41e-19	7.54e-17	2.02e-14	1.94e-12	1.03e-10	6.27e-09	2.99e-06	1.30e-04	2.15e-03	1.40e-02	6.39e-02	1.22e-01	1.31e-01	1.53e-01	3.80e-01	1.21e-01	1.28e-02
 2.97737e+22	3.32e-31	1.18e-24	2.06e-19	1.06e-16	2.72e-14	2.50e-12	1.26e-10	7.34e-09	3.56e-06	1.53e-04	2.50e-03	1.58e-02	7.04e-02	1.30e-01	1.36e-01	1.52e-01	3.68e-01	1.13e-01	1.17e-02
 2.98782e+22	4.39e-31	1.54e-24	2.65e-19	1.33e-16	3.33e-14	2.97e-12	1.45e-10	8.21e-09	4.01e-06	1.72e-04	2.76e-03	1.72e-02	7.50e-02	1.36e-01	1.38e-01	1.52e-01	3.60e-01	1.08e-01	1.09e-02
 2.99800e+22	6.54e-31	2.25e-24	3.82e-19	1.84e-16	4.41e-14	3.76e-12	1.75e-10	9.52e-09	4.71e-06	2.01e-04	3.17e-03	1.92e-02	8.20e-02	1.44e-01	1.42e-01	1.50e-01	3.48e-01	1.02e-01	9.91e-03
 3.00799e+22	8.54e-31	2.90e-24	4.86e-19	2.29e-16	5.33e-14	4.42e-12	2.00e-10	1.06e-08	5.27e-06	2.23e-04	3.48e-03	2.08e-02	8.69e-02	1.49e-01	1.44e-01	1.49e-01	3.39e-01	9.70e-02	9.28e-03
 3.01773e+22	1.27e-30	4.24e-24	6.99e-19	3.16e-16	7.04e-14	5.58e-12	2.41e-10	1.22e-08	6.16e-06	2.60e-04	3.99e-03	2.32e-02	9.46e-02	1.58e-01	1.47e-01	1.48e-01	3.27e-01	9.04e-02	8.38e-03
 3.02741e+22	1.67e-30	5.50e-24	8.96e-19	3.94e-16	8.54e-14	6.57e-12	2.75e-10	1.35e-08	6.88e-06	2.89e-04	4.37e-03	2.50e-02	1.00e-01	1.64e-01	1.49e-01	1.46e-01	3.18e-01	8.60e-02	7.80e-03
 3.03702e+22	2.47e-30	8.01e-24	1.28e-18	5.41e-16	1.12e-13	8.25e-12	3.29e-10	1.55e-08	8.01e-06	3.34e-04	4.98e-03	2.77e-02	1.09e-01	1.72e-01	1.51e-01	1.44e-01	3.04e-01	7.98e-02	7.01e-03
 3.04674e+22	3.30e-30	1.06e-23	1.67e-18	6.84e-16	1.38e-13	9.78e-12	3.77e-10	1.71e-08	8.97e-06	3.73e-04	5.48e-03	2.99e-02	1.15e-01	1.78e-01	1.53e-01	1.42e-01	2.94e-01	7.54e-02	6.47e-03
 3.05659e+22	4.96e-30	1.56e-23	2.43e-18	9.49e-16	1.82e-13	1.23e-11	4.52e-10	1.97e-08	1.05e-05	4.32e-04	6.24e-03	3.32e-02	1.24e-01	1.86e-01	1.55e-01	1.39e-01	2.80e-01	6.94e-02	5.77e-03
 3.06654e+22	6.67e-30	2.07e-23	3.18e-18	1.21e-15	2.24e-13	1.47e-11	5.19e-10	2.18e-08	1.17e-05	4.82e-04	6.86e-03	3.58e-02	1.31e-01	1.93e-01	1.56e-01	1.36e-01	2.70e-01	6.52e-02	5.29e-03
 3.07661e+22	1.00e-29	3.05e-23	4.60e-18	1.67e-15	2.96e-13	1.85e-11	6.22e-10	2.50e-08	1.36e-05	5.57e-04	7.78e-03	3.96e-02	1.41e-01	2.01e-01	1.57e-01	1.33e-01	2.56e-01	5.97e-02	4.68e-03
 3.08660e+22	1.36e-29	4.09e-23	6.08e-18	2.13e-15	3.66e-13	2.20e-11	7.13e-10	2.77e-08	1.52e-05	6.19e-04	8.54e-03	4.26e-02	1.49e-01	2.07e-01	1.58e-01	1.30e-01	2.45e-01	5.58e-02	4.27e-03
 3.09647e+22	2.03e-29	6.01e-23	8.78e-18	2.94e-15	4.81e-13	2.76e-11	8.51e-10	3.16e-08	1.75e-05	7.11e-04	9.62e-03	4.68e-02	1.60e-01	2.14e-01	1.58e-01	1.26e-01	2.31e-01	5.08e-02	3.76e-03
 3.10653e+22	2.80e-29	8.17e-23	1.18e-17	3.80e-15	5.99e-13	3.31e-11	9.80e-10	3.51e-08	1.96e-05	7.92e-04	1.06e-02	5.03e-02	1.68e-01	2.20e-01	1.58e-01	1.22e-01	2.20e-01	4.71e-02	3.39e-03
 3.11684e+22	4.26e-29	1.22e-22	1.73e-17	5.32e-15	7.98e-13	4.19e-11	1.18e-09	4.02e-08	2.27e-05	9.11e-04	1.19e-02	5.52e-02	1.79e-01	2.27e-01	1.57e-01	1.17e-01	2.05e-01	4.25e-02	2.95e-03
 3.12720e+22	5.90e-29	1.67e-22	2.32e-17	6.89e-15	9.96e-13	5.03e-11	1.36e-09	4.46e-08	2.53e-05	1.01e-03	1.30e-02	5.92e-02	1.88e-01	2.32e-01	1.56e-01	1.14e-01	1.95e-01	3.91e-02	2.65e-03
 3.13764e+22	9.05e-29	2.51e-22	3.43e-17	9.67e-15	1.33e-12	6.39e-11	1.63e-09	5.12e-08	2.92e-05	1.16e-03	1.46e-02	6.46e-02	2.00e-01	2.38e-01	1.55e-01	1.09e-01	1.81e-01	3.50e-02	2.28e-03
 3.14815e+22	1.26e-28	3.43e-22	4.62e-17	1.25e-14	1.66e-12	7.67e-11	1.88e-09	5.69e-08	3.24e-05	1.28e-03	1.60e-02	6.90e-02	2.09e-01	2.43e-01	1.53e-01	1.05e-01	1.70e-01	3.21e-02	2.03e-03
 3.15728e+22	1.74e-28	4.68e-22	6.20e-17	1.62e-14	2.06e-12	9.18e-11	2.17e-09	6.31e-08	3.60e-05	1.41e-03	1.73e-02	7.34e-02	2.17e-01	2.46e-01	1.52e-01	1.01e-01	1.60e-01	2.94e-02	1.81e-03
 3.16765e+22	2.65e-28	7.02e-22	9.12e-17	2.26e-14	2.75e-12	1.16e-10	2.60e-09	7.22e-08	4.10e-05	1.60e-03	1.93e-02	7.94e-02	2.29e-01	2.51e-01	1.49e-01	9.57e-02	1.48e-01	2.61e-02	1.55e-03
 3.17792e+22	3.58e-28	9.34e-22	1.20e-16	2.87e-14	3.37e-12	1.38e-10	2.97e-09	7.98e-08	4.51e-05	1.75e-03	2.07e-02	8.39e-02	2.36e-01	2.53e-01	1.47e-01	9.20e-02	1.39e-01	2.39e-02	1.39e-03
 3.18804e+22	5.37e-28	1.38e-21	1.73e-16	3.95e-14	4.42e-12	1.72e-10	3.54e-09	9.09e-08	5.09e-05	1.97e-03	2.28e-02	9.00e-02	2.47e-01	2.56e-01	1.44e-01	8.72e-02	1.28e-01	2.13e-02	1.19e-03
 3.19836e+22	7.31e-28	1.84e-21	2.28e-16	5.03e-14	5.44e-12	2.05e-10	4.06e-09	1.01e-07	5.59e-05	2.14e-03	2.45e-02	9.48e-02	2.55e-01	2.58e-01	1.41e-01	8.35e-02	1.20e-01	1.94e-02	1.06e-03
 3.20896e+22	1.10e-27	2.72e-21	3.30e-16	6.94e-14	7.17e-12	2.58e-10	4.86e-09	1.15e-07	6.30e-05	2.40e-03	2.69e-02	1.01e-01	2.65e-01	2.60e-01	1.37e-01	7.87e-02	1.10e-01	1.72e-02	9.01e-04
 3.21982e+22	1.51e-27	3.69e-21	4.39e-16	8.92e-14	8.89e-12	3.08e-10	5.60e-09	1.29e-07	6.93e-05	2.62e-03	2.88e-02	1.06e-01	2.72e-01	2.61e-01	1.34e-01	7.50e-02	1.03e-01	1.55e-02	7.94e-04
 3.23100e+22	2.30e-27	5.49e-21	6.40e-16	1.24e-13	1.18e-11	3.90e-10	6.75e-09	1.48e-07	7.82e-05	2.92e-03	3.15e-02	1.13e-01	2.82e-01	2.62e-01	1.30e-01	7.03e-02	9.38e-02	1.36e-02	6.71e-04
 3.24245e+22	3.17e-27	7.46e-21	8.55e-16	1.59e-13	1.47e-11	4.69e-10	7.81e-09	1.66e-07	8.59e-05	3.19e-03	3.38e-02	1.19e-01	2.89e-01	2.62e-01	1.27e-01	6.67e-02	8.71e-02	1.23e-02	5.88e-04
 3.25422e+22	4.82e-27	1.11e-20	1.24e-15	2.21e-13	1.94e-11	5.94e-10	9.45e-09	1.91e-07	9.68e-05	3.55e-03	3.68e-02	1.26e-01	2.98e-01	2.61e-01	1.22e-01	6.23e-02	7.90e-02	1.07e-02	4.94e-04
 3.26620e+22	6.68e-27	1.51e-20	1.66e-15	2.85e-13	2.42e-11	7.16e-10	1.10e-08	2.15e-07	1.06e-04	3.86e-03	3.93e-02	1.32e-01	3.04e-01	2.60e-01	1.18e-01	5.89e-02	7.31e-02	9.63e-03	4.31e-04
 3.27846e+22	1.02e-26	2.25e-20	2.42e-15	3.96e-13	3.22e-11	9.09e-10	1.33e-08	2.49e-07	1.20e-04	4.29e-03	4.26e-02	1.39e-01	3.12e-01	2.58e-01	1.14e-01	5.48e-02	6.60e-02	8.37e-03	3.60e-04
 3.29080e+22	1.40e-26	3.04e-20	3.21e-15	5.07e-13	3.99e-11	1.09e-09	1.54e-08	2.79e-07	1.31e-04	4.64e-03	4.53e-02	1.45e-01	3.18e-01	2.56e-01	1.10e-01	5.17e-02	6.10e-02	7.51e-03	3.14e-04
 3.30323e+22	2.11e-26	4.49e-20	4.63e-15	6.99e-13	5.27e-11	1.38e-09	1.87e-08	3.24e-07	1.47e-04	5.14e-03	4.90e-02	1.53e-01	3.25e-01	2.53e-01	1.05e-01	4.79e-02	5.49e-02	6.50e-03	2.62e-04
 3.31525e+22	2.76e-26	5.79e-20	5.88e-15	8.63e-13	6.34e-11	1.62e-09	2.12e-08	3.59e-07	1.59e-04	5.50e-03	5.15e-02	1.58e-01	3.29e-01	2.51e-01	1.02e-01	4.55e-02	5.12e-02	5.91e-03	2.32e-04
 3.32672e+22	3.98e-26	8.17e-20	8.12e-15	1.15e-12	8.11e-11	2.00e-09	2.52e-08	4.10e-07	1.77e-04	6.00e-03	5.50e-02	1.65e-01	3.34e-01	2.48e-01	9.76e-02	4.25e-02	4.65e-02	5.19e-03	1.97e-04
 3.33851e+22	5.29e-26	1.07e-19	1.04e-14	1.43e-12	9.84e-11	2.35e-09	2.88e-08	4.56e-07	1.92e-04	6.43e-03	5.79e-02	1.70e-01	3.38e-01	2.45e-01	9.42e-02	4.01e-02	4.31e-02	4.68e-03	1.73e-04
 3.35074e+22	7.72e-26	1.53e-19	1.46e-14	1.92e-12	1.27e-10	2.93e-09	3.45e-08	5.25e-07	2.13e-04	7.04e-03	6.19e-02	1.77e-01	3.43e-01	2.41e-01	8.98e-02	3.72e-02	3.89e-02	4.07e-03	1.45e-04
 3.36311e+22	1.02e-25	1.98e-19	1.86e-14	2.38e-12	1.54e-10	3.45e-09	3.94e-08	5.84e-07	2.32e-04	7.53e-03	6.50e-02	1.83e-01	3.46e-01	2.37e-01	8.65e-02	3.51e-02	3.60e-02	3.67e-03	1.28e-04
 3.37568e+22	1.47e-25	2.79e-19	2.56e-14	3.15e-12	1.97e-10	4.27e-09	4.70e-08	6.71e-07	2.57e-04	8.21e-03	6.92e-02	1.90e-01	3.49e-01	2.33e-01	8.23e-02	3.25e-02	3.25e-02	3.20e-03	1.07e-04
 3.38815e+22	1.93e-25	3.61e-19	3.25e-14	3.89e-12	2.37e-10	5.00e-09	5.35e-08	7.45e-07	2.78e-04	8.75e-03	7.25e-02	1.95e-01	3.52e-01	2.29e-01	7.92e-02	3.07e-02	3.01e-02	2.88e-03	9.42e-05
 3.40049e+22	2.76e-25	5.04e-19	4.44e-14	5.12e-12	3.02e-10	6.16e-09	6.35e-08	8.54e-07	3.08e-04	9.51e-03	7.69e-02	2.02e-01	3.54e-01	2.24e-01	7.52e-02	2.84e-02	2.71e-02	2.51e-03	7.93e-05
 3.41295e+22	3.58e-25	6.43e-19	5.56e-14	6.26e-12	3.60e-10	7.18e-09	7.22e-08	9.45e-07	3.33e-04	1.01e-02	8.02e-02	2.07e-01	3.56e-01	2.20e-01	7.23e-02	2.68e-02	2.52e-02	2.27e-03	6.98e-05
 3.42558e+22	5.08e-25	8.94e-19	7.55e-14	8.21e-12	4.57e-10	8.82e-09	8.56e-08	1.08e-06	3.68e-04	1.10e-02	8.49e-02	2.13e-01	3.58e-01	2.15e-01	6.85e-02	2.48e-02	2.27e-02	1.97e-03	5.87e-05
 3.43844e+22	6.63e-25	1.15e-18	9.50e-14	1.01e-11	5.48e-10	1.03e-08	9.75e-08	1.20e-06	3.99e-04	1.17e-02	8.86e-02	2.18e-01	3.59e-01	2.11e-01	6.57e-02	2.33e-02	2.09e-02	1.78e-03	5.14e-05
 3.45162e+22	9.44e-25	1.59e-18	1.29e-13	1.32e-11	6.96e-10	1.27e-08	1.16e-07	1.38e-06	4.42e-04	1.26e-02	9.36e-02	2.25e-01	3.60e-01	2.05e-01	6.20e-02	2.15e-02	1.88e-02	1.54e-03	4.30e-05
 3.46503e+22	1.23e-24	2.05e-18	1.63e-13	1.62e-11	8.36e-10	1.49e-08	1.32e-07	1.54e-06	4.79e-04	1.35e-02	9.77e-02	2.30e-01	3.60e-01	2.00e-01	5.93e-02	2.01e-02	1.73e-02	1.38e-03	3.75e-05
 3.47876e+22	1.76e-24	2.86e-18	2.21e-13	2.13e-11	1.07e-09	1.84e-08	1.58e-07	1.77e-06	5.32e-04	1.46e-02	1.03e-01	2.37e-01	3.60e-01	1.94e-01	5.58e-02	1.85e-02	1.54e-02	1.19e-03	3.12e-05
 3.49275e+22	2.31e-24	3.68e-18	2.80e-13	2.63e-11	1.28e-09	2.16e-08	1.80e-07	1.97e-06	5.77e-04	1.55e-02	1.07e-01	2.42e-01	3.60e-01	1.89e-01	5.32e-02	1.73e-02	1.42e-02	1.06e-03	2.71e-05
 3.50707e+22	3.31e-24	5.14e-18	3.80e-13	3.46e-11	1.64e-09	2.67e-08	2.15e-07	2.28e-06	6.41e-04	1.68e-02	1.13e-01	2.48e-01	3.59e-01	1.83e-01	4.98e-02	1.58e-02	1.26e-02	9.10e-04	2.25e-05
 3.52106e+22	4.22e-24	6.44e-18	4.68e-13	4.17e-11	1.93e-09	3.09e-08	2.43e-07	2.51e-06	6.91e-04	1.78e-02	1.17e-01	2.53e-01	3.58e-01	1.79e-01	4.76e-02	1.49e-02	1.17e-02	8.21e-04	1.98e-05
 3.53464e+22	5.92e-24	8.81e-18	6.25e-13	5.39e-11	2.43e-09	3.77e-08	2.88e-07	2.88e-06	7.63e-04	1.92e-02	1.23e-01	2.59e-01	3.56e-01	1.72e-01	4.47e-02	1.36e-02	1.04e-02	7.08e-04	1.65e-05
 3.54842e+22	7.56e-24	1.11e-17	7.70e-13	6.50e-11	2.87e-09	4.36e-08	3.25e-07	3.18e-06	8.23e-04	2.03e-02	1.28e-01	2.63e-01	3.55e-01	1.68e-01	4.26e-02	1.28e-02	9.61e-03	6.37e-04	1.45e-05
 3.56248e+22	1.05e-23	1.50e-17	1.02e-12	8.35e-11	3.59e-09	5.31e-08	3.83e-07	3.63e-06	9.08e-04	2.18e-02	1.34e-01	2.68e-01	3.52e-01	1.62e-01	3.99e-02	1.17e-02	8.59e-03	5.50e-04	1.21e-05
 3.57698e+22	1.37e-23	1.92e-17	1.28e-12	1.02e-10	4.31e-09	6.22e-08	4.38e-07	4.05e-06	9.85e-04	2.31e-02	1.39e-01	2.73e-01	3.50e-01	1.57e-01	3.79e-02	1.09e-02	7.83e-03	4.88e-04	1.04e-05
 3.59204e+22	1.92e-23	2.62e-17	1.70e-12	1.32e-10	5.40e-09	7.59e-08	5.18e-07	4.64e-06	1.09e-03	2.49e-02	1.45e-01	2.78e-01	3.47e-01	1.51e-01	3.53e-02	9.95e-03	6.98e-03	4.20e-04	8.66e-06
 3.60760e+22	2.55e-23	3.40e-17	2.16e-12	1.64e-10	6.55e-09	8.98e-08	5.96e-07	5.21e-06	1.19e-03	2.65e-02	1.51e-01	2.83e-01	3.44e-01	1.46e-01	3.33e-02	9.20e-03	6.32e-03	3.69e-04	7.39e-06
 3.62380e+22	3.61e-23	4.69e-17	2.90e-12	2.13e-10	8.30e-09	1.10e-07	7.10e-07	6.01e-06	1.32e-03	2.86e-02	1.58e-01	2.88e-01	3.40e-01	1.39e-01	3.09e-02	8.34e-03	5.58e-03	3.15e-04	6.08e-06
 3.64043e+22	4.83e-23	6.14e-17	3.71e-12	2.66e-10	1.01e-08	1.31e-07	8.22e-07	6.77e-06	1.44e-03	3.04e-02	1.64e-01	2.92e-01	3.36e-01	1.34e-01	2.90e-02	7.68e-03	5.03e-03	2.75e-04	5.15e-06
 3.65764e+22	6.93e-23	8.56e-17	5.02e-12	3.50e-10	1.29e-08	1.63e-07	9.84e-07	7.84e-06	1.61e-03	3.29e-02	1.72e-01	2.97e-01	3.31e-01	1.27e-01	2.67e-02	6.91e-03	4.41e-03	2.32e-04	4.19e-06
 3.67542e+22	9.40e-23	1.13e-16	6.48e-12	4.40e-10	1.59e-08	1.95e-07	1.15e-06	8.88e-06	1.76e-03	3.51e-02	1.79e-01	3.01e-01	3.26e-01	1.22e-01	2.49e-02	6.32e-03	3.94e-03	2.01e-04	3.51e-06
 3.69393e+22	1.37e-22	1.60e-16	8.89e-12	5.86e-10	2.05e-08	2.44e-07	1.38e-06	1.04e-05	1.98e-03	3.80e-02	1.87e-01	3.05e-01	3.20e-01	1.15e-01	2.28e-02	5.65e-03	3.42e-03	1.68e-04	2.82e-06
 3.71296e+22	1.88e-22	2.15e-16	1.16e-11	7.44e-10	2.54e-08	2.94e-07	1.62e-06	1.18e-05	2.18e-03	4.07e-02	1.95e-01	3.09e-01	3.14e-01	1.10e-01	2.12e-02	5.13e-03	3.04e-03	1.44e-04	2.34e-06
 3.73007e+22	2.54e-22	2.83e-16	1.49e-11	9.33e-10	3.11e-08	3.51e-07	1.88e-06	1.33e-05	2.38e-03	4.33e-02	2.02e-01	3.11e-01	3.09e-01	1.05e-01	1.97e-02	4.68e-03	2.71e-03	1.24e-04	1.96e-06
 3.74972e+22	3.81e-22	4.10e-16	2.09e-11	1.26e-09	4.08e-08	4.46e-07	2.30e-06	1.57e-05	2.69e-03	4.71e-02	2.11e-01	3.15e-01	3.01e-01	9.84e-02	1.78e-02	4.12e-03	2.32e-03	1.02e-04	1.53e-06
 3.76950e+22	5.14e-22	5.40e-16	2.68e-11	1.58e-09	4.99e-08	5.32e-07	2.67e-06	1.77e-05	2.94e-03	5.00e-02	2.18e-01	3.17e-01	2.95e-01	9.37e-02	1.65e-02	3.75e-03	2.06e-03	8.76e-05	1.28e-06
 3.78943e+22	7.63e-22	7.76e-16	3.72e-11	2.13e-09	6.51e-08	6.71e-07	3.25e-06	2.08e-05	3.31e-03	5.42e-02	2.28e-01	3.20e-01	2.87e-01	8.75e-02	1.49e-02	3.30e-03	1.76e-03	7.16e-05	1.00e-06
 3.80979e+22	1.05e-21	1.04e-15	4.84e-11	2.70e-09	8.06e-08	8.10e-07	3.81e-06	2.37e-05	3.64e-03	5.78e-02	2.36e-01	3.22e-01	2.80e-01	8.28e-02	1.37e-02	2.97e-03	1.55e-03	6.08e-05	8.21e-07
 3.83069e+22	1.58e-21	1.51e-15	6.78e-11	3.66e-09	1.06e-07	1.03e-06	4.66e-06	2.80e-05	4.10e-03	6.26e-02	2.46e-01	3.24e-01	2.71e-01	7.69e-02	1.23e-02	2.60e-03	1.31e-03	4.92e-05	6.35e-07
 3.85193e+22	2.19e-21	2.03e-15	8.88e-11	4.67e-09	1.32e-07	1.25e-06	5.48e-06	3.19e-05	4.52e-03	6.67e-02	2.54e-01	3.25e-01	2.63e-01	7.23e-02	1.12e-02	2.32e-03	1.14e-03	4.13e-05	5.15e-07
 3.87359e+22	3.33e-21	2.99e-15	1.26e-10	6.40e-09	1.75e-07	1.60e-06	6.75e-06	3.79e-05	5.12e-03	7.24e-02	2.64e-01	3.25e-01	2.53e-01	6.66e-02	9.96e-03	2.01e-03	9.53e-04	3.29e-05	3.91e-07
 3.89535e+22	4.60e-21	4.01e-15	1.64e-10	8.13e-09	2.17e-07	1.93e-06	7.92e-06	4.32e-05	5.63e-03	7.70e-02	2.72e-01	3.26e-01	2.46e-01	6.24e-02	9.07e-03	1.79e-03	8.29e-04	2.76e-05	3.16e-07
 3.91341e+22	6.15e-21	5.23e-15	2.08e-10	1.01e-08	2.63e-07	2.29e-06	9.15e-06	4.86e-05	6.13e-03	8.13e-02	2.79e-01	3.25e-01	2.38e-01	5.88e-02	8.33e-03	1.61e-03	7.30e-04	2.35e-05	2.60e-07
 3.93306e+22	8.99e-21	7.39e-15	2.84e-10	1.33e-08	3.40e-07	2.87e-06	1.11e-05	5.69e-05	6.85e-03	8.73e-02	2.88e-01	3.25e-01	2.29e-01	5.42e-02	7.41e-03	1.40e-03	6.14e-04	1.89e-05	2.00e-07
 3.95264e+22	1.19e-20	9.56e-15	3.58e-10	1.64e-08	4.10e-07	3.39e-06	1.27e-05	6.38e-05	7.44e-03	9.20e-02	2.95e-01	3.24e-01	2.22e-01	5.10e-02	6.79e-03	1.26e-03	5.40e-04	1.61e-05	1.65e-07
 3.97211e+22	1.73e-20	1.34e-14	4.84e-10	2.16e-08	5.26e-07	4.23e-06	1.54e-05	7.45e-05	8.30e-03	9.85e-02	3.04e-01	3.22e-01	2.12e-01	4.68e-02	6.03e-03	1.09e-03	4.53e-04	1.29e-05	1.26e-07
 3.99184e+22	2.31e-20	1.74e-14	6.12e-10	2.67e-08	6.38e-07	5.02e-06	1.77e-05	8.39e-05	9.03e-03	1.04e-01	3.11e-01	3.20e-01	2.05e-01	4.38e-02	5.49e-03	9.78e-04	3.95e-04	1.09e-05	0.00e+00
 4.01190e+22	3.36e-20	2.45e-14	8.30e-10	3.53e-08	8.23e-07	6.30e-06	2.15e-05	9.84e-05	1.01e-02	1.11e-01	3.20e-01	3.18e-01	1.95e-01	3.99e-02	4.82e-03	8.40e-04	3.28e-04	8.59e-06	0.00e+00
 4.03220e+22	4.50e-20	3.19e-14	1.05e-09	4.37e-08	1.00e-06	7.50e-06	2.49e-05	1.11e-04	1.10e-02	1.17e-01	3.26e-01	3.15e-01	1.88e-01	3.71e-02	4.36e-03	7.46e-04	2.84e-04	7.16e-06	0.00e+00
 4.05283e+22	6.58e-20	4.50e-14	1.43e-09	5.77e-08	1.29e-06	9.44e-06	3.03e-05	1.31e-04	1.23e-02	1.25e-01	3.35e-01	3.11e-01	1.78e-01	3.36e-02	3.80e-03	6.35e-04	2.33e-04	5.60e-06	0.00e+00
 4.07385e+22	8.89e-20	5.91e-14	1.81e-09	7.20e-08	1.59e-06	1.13e-05	3.54e-05	1.49e-04	1.35e-02	1.32e-01	3.41e-01	3.08e-01	1.70e-01	3.10e-02	3.40e-03	5.57e-04	1.99e-04	4.59e-06	0.00e+00
 4.09539e+22	1.31e-19	8.37e-14	2.47e-09	9.55e-08	2.07e-06	1.44e-05	4.34e-05	1.77e-04	1.52e-02	1.42e-01	3.49e-01	3.02e-01	1.59e-01	2.78e-02	2.93e-03	4.68e-04	1.60e-04	3.52e-06	0.00e+00
 4.11736e+22	1.78e-19	1.10e-13	3.15e-09	1.20e-07	2.55e-06	1.74e-05	5.11e-05	2.03e-04	1.67e-02	1.50e-01	3.55e-01	2.98e-01	1.51e-01	2.53e-02	2.59e-03	4.06e-04	1.35e-04	2.83e-06	0.00e+00
 4.13987e+22	2.64e-19	1.57e-13	4.28e-09	1.59e-07	3.34e-06	2.23e-05	6.31e-05	2.43e-04	1.89e-02	1.61e-01	3.63e-01	2.91e-01	1.41e-01	2.24e-02	2.19e-03	3.36e-04	1.07e-04	2.12e-06	0.00e+00
 4.16259e+22	3.56e-19	2.05e-13	5.42e-09	1.99e-07	4.12e-06	2.70e-05	7.44e-05	2.80e-04	2.08e-02	1.70e-01	3.68e-01	2.86e-01	1.33e-01	2.03e-02	1.92e-03	2.89e-04	8.90e-05	1.69e-06	0.00e+00
 4.18168e+22	4.67e-19	2.61e-13	6.68e-09	2.42e-07	4.98e-06	3.21e-05	8.64e-05	3.18e-04	2.27e-02	1.78e-01	3.72e-01	2.80e-01	1.26e-01	1.85e-02	1.70e-03	2.51e-04	7.50e-05	1.37e-06	0.00e+00
 4.20238e+22	6.54e-19	3.52e-13	8.66e-09	3.10e-07	6.32e-06	4.01e-05	1.05e-04	3.76e-04	2.54e-02	1.89e-01	3.77e-01	2.73e-01	1.17e-01	1.64e-02	1.45e-03	2.09e-04	6.00e-05	1.04e-06	0.00e+00
 4.22325e+22	8.52e-19	4.44e-13	1.06e-08	3.76e-07	7.63e-06	4.77e-05	1.22e-04	4.29e-04	2.78e-02	1.99e-01	3.81e-01	2.66e-01	1.10e-01	1.48e-02	1.27e-03	1.80e-04	5.01e-05	8.30e-07	0.00e+00
 4.24367e+22	1.16e-18	5.83e-13	1.34e-08	4.72e-07	9.54e-06	5.88e-05	1.46e-04	5.02e-04	3.09e-02	2.10e-01	3.84e-01	2.58e-01	1.01e-01	1.31e-02	1.08e-03	1.50e-04	4.01e-05	6.32e-07	0.00e+00
 4.26449e+22	1.51e-18	7.33e-13	1.62e-08	5.72e-07	1.15e-05	7.03e-05	1.70e-04	5.76e-04	3.39e-02	2.20e-01	3.87e-01	2.51e-01	9.46e-02	1.17e-02	9.36e-04	1.28e-04	3.30e-05	4.97e-07	0.00e+00
 4.28490e+22	1.99e-18	9.37e-13	2.00e-08	7.04e-07	1.42e-05	8.56e-05	2.02e-04	6.72e-04	3.75e-02	2.32e-01	3.89e-01	2.42e-01	8.73e-02	1.04e-02	7.96e-04	1.06e-04	2.65e-05	3.79e-07	0.00e+00
 4.30574e+22	2.58e-18	1.17e-12	2.41e-08	8.52e-07	1.72e-05	1.03e-04	2.37e-04	7.75e-04	4.12e-02	2.43e-01	3.90e-01	2.34e-01	8.07e-02	9.18e-03	6.82e-04	8.94e-05	2.15e-05	2.93e-07	0.00e+00
 4.32633e+22	3.34e-18	1.46e-12	2.91e-08	1.03e-06	2.09e-05	1.24e-04	2.78e-04	8.98e-04	4.54e-02	2.55e-01	3.90e-01	2.25e-01	7.42e-02	8.08e-03	5.79e-04	7.45e-05	1.72e-05	2.24e-07	0.00e+00
 4.34704e+22	4.27e-18	1.81e-12	3.46e-08	1.24e-06	2.52e-05	1.48e-04	3.25e-04	1.04e-03	4.99e-02	2.67e-01	3.90e-01	2.16e-01	6.81e-02	7.11e-03	4.92e-04	6.21e-05	1.39e-05	1.72e-07	0.00e+00
 4.36750e+22	5.42e-18	2.21e-12	4.09e-08	1.48e-06	3.03e-05	1.76e-04	3.80e-04	1.19e-03	5.47e-02	2.79e-01	3.88e-01	2.07e-01	6.24e-02	6.24e-03	4.18e-04	5.17e-05	1.11e-05	1.32e-07	0.00e+00
 4.38792e+22	6.82e-18	2.69e-12	4.80e-08	1.76e-06	3.62e-05	2.10e-04	4.41e-04	1.37e-03	5.99e-02	2.91e-01	3.86e-01	1.98e-01	5.70e-02	5.48e-03	3.54e-04	4.30e-05	8.93e-06	0.00e+00	0.00e+00
 4.40836e+22	8.54e-18	3.25e-12	5.60e-08	2.08e-06	4.31e-05	2.49e-04	5.12e-04	1.58e-03	6.55e-02	3.03e-01	3.83e-01	1.89e-01	5.20e-02	4.79e-03	2.99e-04	3.57e-05	7.15e-06	0.00e+00	0.00e+00
 4.42889e+22	1.06e-17	3.91e-12	6.50e-08	2.45e-06	5.12e-05	2.94e-04	5.92e-04	1.81e-03	7.15e-02	3.15e-01	3.80e-01	1.80e-01	4.73e-02	4.18e-03	2.53e-04	2.95e-05	5.71e-06	0.00e+00	0.00e+00
 4.44952e+22	1.32e-17	4.69e-12	7.51e-08	2.88e-06	6.07e-05	3.46e-04	6.84e-04	2.08e-03	7.79e-02	3.26e-01	3.75e-01	1.70e-01	4.29e-02	3.64e-03	2.13e-04	2.44e-05	4.55e-06	0.00e+00	0.00e+00
 4.47034e+22	1.63e-17	5.60e-12	8.65e-08	3.38e-06	7.18e-05	4.08e-04	7.87e-04	2.38e-03	8.48e-02	3.38e-01	3.70e-01	1.61e-01	3.88e-02	3.16e-03	1.78e-04	2.01e-05	3.61e-06	0.00e+00	0.00e+00
 4.49139e+22	2.02e-17	6.68e-12	9.95e-08	3.97e-06	8.49e-05	4.79e-04	9.05e-04	2.72e-03	9.22e-02	3.49e-01	3.64e-01	1.52e-01	3.49e-02	2.73e-03	1.49e-04	1.65e-05	2.86e-06	0.00e+00	0.00e+00
 4.51255e+22	2.49e-17	7.93e-12	1.14e-07	4.63e-06	9.98e-05	5.61e-04	1.04e-03	3.11e-03	1.00e-01	3.60e-01	3.58e-01	1.44e-01	3.15e-02	2.37e-03	1.25e-04	1.35e-05	2.27e-06	0.00e+00	0.00e+00
 4.53405e+22	3.07e-17	9.45e-12	1.31e-07	5.43e-06	1.18e-04	6.57e-04	1.19e-03	3.55e-03	1.08e-01	3.71e-01	3.50e-01	1.35e-01	2.82e-02	2.03e-03	1.04e-04	1.10e-05	1.78e-06	0.00e+00	0.00e+00
 4.55578e+22	3.79e-17	1.12e-11	1.50e-07	6.34e-06	1.38e-04	7.67e-04	1.35e-03	4.04e-03	1.17e-01	3.81e-01	3.42e-01	1.26e-01	2.52e-02	1.75e-03	8.66e-05	8.98e-06	1.40e-06	0.00e+00	0.00e+00
 4.57794e+22	4.70e-17	1.34e-11	1.73e-07	7.44e-06	1.63e-04	8.98e-04	1.55e-03	4.61e-03	1.27e-01	3.90e-01	3.34e-01	1.18e-01	2.24e-02	1.50e-03	7.15e-05	7.25e-06	1.09e-06	0.00e+00	0.00e+00
 4.60050e+22	5.83e-17	1.60e-11	1.99e-07	8.71e-06	1.91e-04	1.05e-03	1.76e-03	5.23e-03	1.37e-01	3.99e-01	3.25e-01	1.10e-01	2.00e-02	1.28e-03	5.92e-05	5.88e-06	8.56e-07	0.00e+00	0.00e+00
 4.62118e+22	7.00e-17	1.87e-11	2.24e-07	9.94e-06	2.18e-04	1.19e-03	1.95e-03	5.81e-03	1.45e-01	4.06e-01	3.17e-01	1.03e-01	1.81e-02	1.12e-03	5.05e-05	4.92e-06	6.96e-07	0.00e+00	0.00e+00
 4.64279e+22	8.82e-17	2.26e-11	2.60e-07	1.18e-05	2.58e-04	1.39e-03	2.23e-03	6.63e-03	1.57e-01	4.14e-01	3.06e-01	9.56e-02	1.59e-02	9.46e-04	4.11e-05	3.91e-06	5.33e-07	0.00e+00	0.00e+00
 4.66470e+22	1.07e-16	2.65e-11	2.95e-07	1.35e-05	2.95e-04	1.57e-03	2.47e-03	7.34e-03	1.66e-01	4.20e-01	2.97e-01	8.96e-02	1.43e-02	8.27e-04	3.49e-05	3.27e-06	4.32e-07	0.00e+00	0.00e+00
 4.68722e+22	1.37e-16	3.26e-11	3.48e-07	1.61e-05	3.51e-04	1.85e-03	2.81e-03	8.36e-03	1.78e-01	4.27e-01	2.86e-01	8.23e-02	1.25e-02	6.92e-04	2.83e-05	2.58e-06	3.28e-07	0.00e+00	0.00e+00
 4.70977e+22	1.67e-16	3.83e-11	3.97e-07	1.85e-05	4.00e-04	2.08e-03	3.09e-03	9.22e-03	1.88e-01	4.31e-01	2.77e-01	7.69e-02	1.13e-02	6.04e-04	2.40e-05	2.15e-06	2.66e-07	0.00e+00	0.00e+00
 4.73238e+22	2.15e-16	4.74e-11	4.70e-07	2.21e-05	4.73e-04	2.43e-03	3.50e-03	1.05e-02	2.01e-01	4.36e-01	2.65e-01	7.03e-02	9.80e-03	5.05e-04	1.94e-05	1.69e-06	2.02e-07	0.00e+00	0.00e+00
 4.75508e+22	2.63e-16	5.62e-11	5.40e-07	2.54e-05	5.39e-04	2.73e-03	3.83e-03	1.15e-02	2.11e-01	4.39e-01	2.56e-01	6.56e-02	8.81e-03	4.41e-04	1.65e-05	1.41e-06	1.64e-07	0.00e+00	0.00e+00
 4.77791e+22	3.42e-16	7.01e-11	6.47e-07	3.04e-05	6.37e-04	3.17e-03	4.31e-03	1.29e-02	2.25e-01	4.42e-01	2.44e-01	5.98e-02	7.65e-03	3.68e-04	1.33e-05	1.11e-06	1.25e-07	0.00e+00	0.00e+00
 4.80099e+22	4.24e-16	8.40e-11	7.49e-07	3.52e-05	7.26e-04	3.57e-03	4.72e-03	1.41e-02	2.36e-01	4.43e-01	2.35e-01	5.56e-02	6.86e-03	3.20e-04	1.13e-05	9.26e-07	0.00e+00	0.00e+00	0.00e+00
 4.82440e+22	5.60e-16	1.06e-10	9.08e-07	4.25e-05	8.60e-04	4.14e-03	5.29e-03	1.59e-02	2.50e-01	4.44e-01	2.23e-01	5.05e-02	5.93e-03	2.67e-04	9.05e-06	7.26e-07	0.00e+00	0.00e+00	0.00e+00
 4.84813e+22	7.02e-16	1.29e-10	1.06e-06	4.94e-05	9.82e-04	4.65e-03	5.77e-03	1.73e-02	2.61e-01	4.44e-01	2.14e-01	4.68e-02	5.29e-03	2.31e-04	7.63e-06	6.01e-07	0.00e+00	0.00e+00	0.00e+00
 4.87228e+22	9.42e-16	1.66e-10	1.31e-06	6.01e-05	1.17e-03	5.39e-03	6.46e-03	1.94e-02	2.75e-01	4.43e-01	2.02e-01	4.22e-02	4.54e-03	1.91e-04	6.10e-06	4.69e-07	0.00e+00	0.00e+00	0.00e+00
 4.89689e+22	1.20e-15	2.04e-10	1.55e-06	7.05e-05	1.34e-03	6.07e-03	7.05e-03	2.11e-02	2.87e-01	4.41e-01	1.93e-01	3.89e-02	4.03e-03	1.65e-04	5.11e-06	3.86e-07	0.00e+00	0.00e+00	0.00e+00
 4.92208e+22	1.65e-15	2.67e-10	1.94e-06	8.67e-05	1.60e-03	7.05e-03	7.87e-03	2.36e-02	3.02e-01	4.38e-01	1.81e-01	3.49e-02	3.44e-03	1.35e-04	4.05e-06	2.98e-07	0.00e+00	0.00e+00	0.00e+00
 4.94787e+22	2.13e-15	3.33e-10	2.34e-06	1.03e-04	1.84e-03	7.95e-03	8.59e-03	2.57e-02	3.14e-01	4.35e-01	1.72e-01	3.19e-02	3.03e-03	1.16e-04	3.37e-06	2.43e-07	0.00e+00	0.00e+00	0.00e+00
 4.97444e+22	3.00e-15	4.47e-10	2.99e-06	1.28e-04	2.22e-03	9.27e-03	9.60e-03	2.87e-02	3.29e-01	4.29e-01	1.61e-01	2.84e-02	2.56e-03	9.41e-05	2.64e-06	1.86e-07	0.00e+00	0.00e+00	0.00e+00
 5.00143e+22	3.95e-15	5.67e-10	3.65e-06	1.53e-04	2.57e-03	1.05e-02	1.05e-02	3.11e-02	3.41e-01	4.24e-01	1.52e-01	2.59e-02	2.24e-03	8.03e-05	2.19e-06	1.51e-07	0.00e+00	0.00e+00	0.00e+00
 5.02434e+22	5.08e-15	7.04e-10	4.38e-06	1.80e-04	2.93e-03	1.17e-02	1.13e-02	3.36e-02	3.51e-01	4.19e-01	1.44e-01	2.37e-02	1.98e-03	6.90e-05	1.83e-06	1.24e-07	0.00e+00	0.00e+00	0.00e+00
 5.04945e+22	7.07e-15	9.36e-10	5.57e-06	2.22e-04	3.48e-03	1.34e-02	1.25e-02	3.69e-02	3.65e-01	4.11e-01	1.35e-01	2.12e-02	1.69e-03	5.69e-05	1.46e-06	0.00e+00	0.00e+00	0.00e+00	0.00e+00
 5.07364e+22	8.93e-15	1.15e-09	6.61e-06	2.57e-04	3.92e-03	1.48e-02	1.33e-02	3.93e-02	3.74e-01	4.06e-01	1.28e-01	1.95e-02	1.51e-03	4.97e-05	1.24e-06	0.00e+00	0.00e+00	0.00e+00	0.00e+00
 5.09661e+22	1.21e-14	1.49e-09	8.25e-06	3.11e-04	4.58e-03	1.67e-02	1.45e-02	4.26e-02	3.85e-01	3.98e-01	1.20e-01	1.75e-02	1.30e-03	4.15e-05	1.00e-06	0.00e+00	0.00e+00	0.00e+00	0.00e+00
 5.11983e+22	1.54e-14	1.84e-09	9.85e-06	3.62e-04	5.17e-03	1.84e-02	1.55e-02	4.53e-02	3.94e-01	3.91e-01	1.13e-01	1.61e-02	1.16e-03	3.62e-05	8.56e-07	0.00e+00	0.00e+00	0.00e+00	0.00e+00
 5.14338e+22	2.11e-14	2.41e-09	1.24e-05	4.41e-04	6.05e-03	2.08e-02	1.69e-02	4.90e-02	4.04e-01	3.82e-01	1.06e-01	1.44e-02	9.93e-04	3.01e-05	6.89e-07	0.00e+00	0.00e+00	0.00e+00	0.00e+00
 5.16730e+22	2.71e-14	3.00e-09	1.49e-05	5.15e-04	6.85e-03	2.29e-02	1.80e-02	5.19e-02	4.12e-01	3.74e-01	9.98e-02	1.32e-02	8.82e-04	2.61e-05	5.84e-07	0.00e+00	0.00e+00	0.00e+00	0.00e+00
 5.19168e+22	3.75e-14	3.98e-09	1.89e-05	6.31e-04	8.04e-03	2.60e-02	1.96e-02	5.60e-02	4.22e-01	3.63e-01	9.23e-02	1.17e-02	7.50e-04	2.16e-05	4.66e-07	0.00e+00	0.00e+00	0.00e+00	0.00e+00
 5.21641e+22	4.86e-14	4.98e-09	2.29e-05	7.40e-04	9.11e-03	2.86e-02	2.09e-02	5.93e-02	4.28e-01	3.55e-01	8.69e-02	1.07e-02	6.62e-04	1.87e-05	3.93e-07	0.00e+00	0.00e+00	0.00e+00	0.00e+00
 5.24158e+22	6.81e-14	6.67e-09	2.93e-05	9.10e-04	1.07e-02	3.24e-02	2.27e-02	6.38e-02	4.37e-01	3.43e-01	7.99e-02	9.45e-03	5.60e-04	1.53e-05	3.11e-07	0.00e+00	0.00e+00	0.00e+00	0.00e+00
 5.26725e+22	8.90e-14	8.42e-09	3.57e-05	1.07e-03	1.22e-02	3.57e-02	2.42e-02	6.73e-02	4.42e-01	3.33e-01	7.48e-02	8.57e-03	4.91e-04	1.31e-05	2.60e-07	0.00e+00	0.00e+00	0.00e+00	0.00e+00
 5.29355e+22	1.26e-13	1.14e-08	4.63e-05	1.33e-03	1.44e-02	4.05e-02	2.63e-02	7.22e-02	4.49e-01	3.20e-01	6.83e-02	7.49e-03	4.11e-04	1.07e-05	2.04e-07	0.00e+00	0.00e+00	0.00e+00	0.00e+00
 5.32041e+22	1.67e-13	1.46e-08	5.68e-05	1.57e-03	1.64e-02	4.47e-02	2.80e-02	7.61e-02	4.53e-01	3.10e-01	6.35e-02	6.74e-03	3.57e-04	9.05e-06	1.68e-07	0.00e+00	0.00e+00	0.00e+00	0.00e+00
 5.34801e+22	2.41e-13	2.00e-08	7.43e-05	1.96e-03	1.94e-02	5.07e-02	3.03e-02	8.14e-02	4.57e-01	2.95e-01	5.75e-02	5.84e-03	2.95e-04	7.28e-06	1.31e-07	0.00e+00	0.00e+00	0.00e+00	0.00e+00
