#depth	N	N+	N+2	N+3	N+4	N+5	N+6	N+7
 4.62852e+21	6.32e-13	2.67e-08	3.36e-05	2.34e-03	1.76e-02	5.03e-01	4.13e-01	6.39e-02
 1.03020e+22	1.73e-12	7.09e-08	8.64e-05	5.23e-03	3.21e-02	6.01e-01	3.27e-01	3.37e-02
 1.18695e+22	2.80e-12	1.13e-07	1.35e-04	7.53e-03	4.18e-02	6.40e-01	2.86e-01	2.42e-02
 1.26532e+22	3.57e-12	1.43e-07	1.69e-04	8.96e-03	4.73e-02	6.57e-01	2.66e-01	2.04e-02
 1.30191e+22	3.93e-12	1.56e-07	1.84e-04	9.60e-03	4.97e-02	6.63e-01	2.58e-01	1.91e-02
 1.32597e+22	4.46e-12	1.77e-07	2.07e-04	1.05e-02	5.29e-02	6.71e-01	2.48e-01	1.75e-02
 1.34987e+22	4.90e-12	1.93e-07	2.25e-04	1.12e-02	5.55e-02	6.76e-01	2.41e-01	1.63e-02
 1.37355e+22	5.54e-12	2.17e-07	2.51e-04	1.22e-02	5.87e-02	6.82e-01	2.32e-01	1.50e-02
 1.39799e+22	6.17e-12	2.41e-07	2.76e-04	1.30e-02	6.17e-02	6.87e-01	2.24e-01	1.39e-02
 1.41982e+22	6.79e-12	2.64e-07	3.02e-04	1.39e-02	6.47e-02	6.92e-01	2.17e-01	1.29e-02
 1.44458e+22	7.74e-12	2.99e-07	3.39e-04	1.52e-02	6.85e-02	6.97e-01	2.08e-01	1.18e-02
 1.46998e+22	8.62e-12	3.31e-07	3.73e-04	1.63e-02	7.19e-02	7.01e-01	2.00e-01	1.09e-02
 1.49621e+22	9.91e-12	3.77e-07	4.21e-04	1.78e-02	7.63e-02	7.05e-01	1.91e-01	9.84e-03
 1.52295e+22	1.12e-11	4.21e-07	4.66e-04	1.91e-02	8.01e-02	7.08e-01	1.84e-01	9.07e-03
 1.55036e+22	1.29e-11	4.82e-07	5.29e-04	2.09e-02	8.52e-02	7.11e-01	1.74e-01	8.15e-03
 1.57806e+22	1.46e-11	5.41e-07	5.86e-04	2.25e-02	8.92e-02	7.13e-01	1.67e-01	7.49e-03
 1.60615e+22	1.69e-11	6.21e-07	6.67e-04	2.46e-02	9.48e-02	7.15e-01	1.59e-01	6.70e-03
 1.63443e+22	1.92e-11	6.98e-07	7.40e-04	2.64e-02	9.92e-02	7.16e-01	1.52e-01	6.15e-03
 1.66296e+22	2.24e-11	8.05e-07	8.44e-04	2.89e-02	1.05e-01	7.16e-01	1.43e-01	5.49e-03
 1.69181e+22	2.56e-11	9.08e-07	9.38e-04	3.11e-02	1.10e-01	7.16e-01	1.37e-01	5.02e-03
 1.72107e+22	3.00e-11	1.05e-06	1.07e-03	3.40e-02	1.16e-01	7.15e-01	1.29e-01	4.46e-03
 1.75083e+22	3.46e-11	1.19e-06	1.20e-03	3.66e-02	1.22e-01	7.13e-01	1.23e-01	4.06e-03
 1.78123e+22	4.10e-11	1.39e-06	1.37e-03	4.00e-02	1.29e-01	7.11e-01	1.15e-01	3.59e-03
 1.81207e+22	4.75e-11	1.59e-06	1.54e-03	4.31e-02	1.35e-01	7.08e-01	1.10e-01	3.25e-03
 1.84347e+22	5.67e-11	1.86e-06	1.77e-03	4.73e-02	1.42e-01	7.03e-01	1.02e-01	2.85e-03
 1.87545e+22	6.59e-11	2.13e-06	1.99e-03	5.10e-02	1.49e-01	6.99e-01	9.67e-02	2.56e-03
 1.90816e+22	7.98e-11	2.52e-06	2.30e-03	5.59e-02	1.57e-01	6.92e-01	9.01e-02	2.25e-03
 1.94201e+22	9.42e-11	2.92e-06	2.62e-03	6.06e-02	1.64e-01	6.86e-01	8.44e-02	1.99e-03
 1.97218e+22	1.10e-10	3.36e-06	2.94e-03	6.53e-02	1.71e-01	6.79e-01	7.94e-02	1.78e-03
 1.99914e+22	1.26e-10	3.78e-06	3.26e-03	6.96e-02	1.77e-01	6.73e-01	7.52e-02	1.61e-03
 2.02311e+22	1.43e-10	4.20e-06	3.56e-03	7.35e-02	1.83e-01	6.67e-01	7.17e-02	1.48e-03
 2.05027e+22	1.67e-10	4.82e-06	4.00e-03	7.90e-02	1.90e-01	6.58e-01	6.72e-02	1.32e-03
 2.07891e+22	1.94e-10	5.48e-06	4.45e-03	8.43e-02	1.96e-01	6.50e-01	6.35e-02	1.19e-03
 2.10947e+22	2.35e-10	6.45e-06	5.09e-03	9.15e-02	2.05e-01	6.39e-01	5.87e-02	1.04e-03
 2.14006e+22	2.72e-10	7.32e-06	5.65e-03	9.74e-02	2.11e-01	6.29e-01	5.52e-02	9.31e-04
 2.17068e+22	3.27e-10	8.58e-06	6.44e-03	1.05e-01	2.20e-01	6.17e-01	5.10e-02	8.11e-04
 2.20247e+22	3.85e-10	9.84e-06	7.20e-03	1.12e-01	2.27e-01	6.05e-01	4.76e-02	7.21e-04
 2.23073e+22	4.48e-10	1.12e-05	7.99e-03	1.20e-01	2.33e-01	5.94e-01	4.46e-02	6.44e-04
 2.26243e+22	5.44e-10	1.32e-05	9.10e-03	1.29e-01	2.41e-01	5.79e-01	4.09e-02	5.58e-04
 2.29483e+22	6.41e-10	1.51e-05	1.02e-02	1.37e-01	2.48e-01	5.66e-01	3.80e-02	4.92e-04
 2.32347e+22	7.50e-10	1.72e-05	1.13e-02	1.46e-01	2.54e-01	5.53e-01	3.53e-02	4.36e-04
 2.35602e+22	9.17e-10	2.04e-05	1.28e-02	1.57e-01	2.62e-01	5.36e-01	3.22e-02	3.74e-04
 2.38961e+22	1.09e-09	2.35e-05	1.44e-02	1.67e-01	2.68e-01	5.20e-01	2.96e-02	3.26e-04
 2.41958e+22	1.29e-09	2.69e-05	1.60e-02	1.77e-01	2.74e-01	5.05e-01	2.73e-02	2.86e-04
 2.45357e+22	1.59e-09	3.19e-05	1.82e-02	1.90e-01	2.81e-01	4.86e-01	2.47e-02	2.42e-04
 2.48865e+22	1.90e-09	3.70e-05	2.04e-02	2.02e-01	2.86e-01	4.69e-01	2.24e-02	2.08e-04
 2.51981e+22	2.26e-09	4.25e-05	2.27e-02	2.13e-01	2.91e-01	4.52e-01	2.05e-02	1.81e-04
 2.55500e+22	2.81e-09	5.06e-05	2.58e-02	2.28e-01	2.96e-01	4.31e-01	1.83e-02	1.51e-04
 2.59116e+22	3.38e-09	5.88e-05	2.89e-02	2.41e-01	3.01e-01	4.12e-01	1.65e-02	1.28e-04
 2.62314e+22	4.03e-09	6.76e-05	3.20e-02	2.54e-01	3.04e-01	3.95e-01	1.50e-02	1.10e-04
 2.65926e+22	5.04e-09	8.06e-05	3.63e-02	2.70e-01	3.07e-01	3.73e-01	1.32e-02	9.08e-05
 2.69652e+22	6.12e-09	9.39e-05	4.06e-02	2.85e-01	3.09e-01	3.54e-01	1.17e-02	7.60e-05
 2.72963e+22	7.34e-09	1.08e-04	4.48e-02	2.98e-01	3.10e-01	3.36e-01	1.05e-02	6.46e-05
 2.76703e+22	9.27e-09	1.30e-04	5.09e-02	3.16e-01	3.11e-01	3.13e-01	9.14e-03	5.21e-05
 2.80543e+22	1.13e-08	1.51e-04	5.65e-02	3.31e-01	3.10e-01	2.95e-01	8.07e-03	4.32e-05
 2.84513e+22	1.45e-08	1.82e-04	6.43e-02	3.49e-01	3.08e-01	2.71e-01	6.87e-03	3.41e-05
 2.88531e+22	1.77e-08	2.12e-04	7.12e-02	3.64e-01	3.06e-01	2.53e-01	6.00e-03	2.79e-05
 2.92612e+22	2.27e-08	2.55e-04	8.06e-02	3.82e-01	3.01e-01	2.31e-01	5.06e-03	2.18e-05
 2.96788e+22	2.80e-08	2.98e-04	8.92e-02	3.96e-01	2.97e-01	2.13e-01	4.36e-03	1.75e-05
 3.00515e+22	3.44e-08	3.47e-04	9.82e-02	4.10e-01	2.91e-01	1.96e-01	3.75e-03	1.41e-05
 3.04784e+22	4.47e-08	4.20e-04	1.11e-01	4.26e-01	2.83e-01	1.76e-01	3.09e-03	1.07e-05
 3.09142e+22	5.53e-08	4.90e-04	1.22e-01	4.39e-01	2.76e-01	1.60e-01	2.62e-03	8.47e-06
 3.12966e+22	6.79e-08	5.67e-04	1.33e-01	4.50e-01	2.68e-01	1.46e-01	2.23e-03	6.73e-06
 3.17292e+22	8.81e-08	6.82e-04	1.49e-01	4.63e-01	2.57e-01	1.29e-01	1.80e-03	5.00e-06
 3.21514e+22	1.07e-07	7.80e-04	1.61e-01	4.71e-01	2.48e-01	1.17e-01	1.54e-03	4.00e-06
 3.24931e+22	1.27e-07	8.80e-04	1.72e-01	4.78e-01	2.40e-01	1.07e-01	1.32e-03	3.24e-06
 3.28702e+22	1.58e-07	1.03e-03	1.88e-01	4.85e-01	2.29e-01	9.55e-02	1.09e-03	2.48e-06
 3.32512e+22	1.89e-07	1.16e-03	2.01e-01	4.90e-01	2.20e-01	8.66e-02	9.25e-04	1.98e-06
 3.36373e+22	2.35e-07	1.35e-03	2.18e-01	4.95e-01	2.09e-01	7.65e-02	7.57e-04	1.50e-06
 3.40316e+22	2.83e-07	1.53e-03	2.33e-01	4.97e-01	1.99e-01	6.86e-02	6.33e-04	1.18e-06
 3.43797e+22	3.37e-07	1.72e-03	2.48e-01	4.99e-01	1.89e-01	6.17e-02	5.34e-04	9.32e-07
 3.47753e+22	4.22e-07	1.99e-03	2.67e-01	4.99e-01	1.77e-01	5.37e-02	4.28e-04	6.90e-07
 3.51784e+22	5.08e-07	2.25e-03	2.84e-01	4.98e-01	1.67e-01	4.77e-02	3.55e-04	5.34e-07
 3.55280e+22	6.01e-07	2.52e-03	3.00e-01	4.96e-01	1.58e-01	4.27e-02	2.98e-04	4.21e-07
 3.58556e+22	7.04e-07	2.79e-03	3.15e-01	4.94e-01	1.50e-01	3.84e-02	2.52e-04	3.36e-07
 3.62179e+22	8.56e-07	3.17e-03	3.34e-01	4.89e-01	1.40e-01	3.35e-02	2.04e-04	2.53e-07
 3.65831e+22	9.99e-07	3.51e-03	3.49e-01	4.85e-01	1.32e-01	3.00e-02	1.72e-04	2.01e-07
 3.69524e+22	1.21e-06	3.98e-03	3.69e-01	4.78e-01	1.22e-01	2.61e-02	1.38e-04	1.50e-07
 3.73243e+22	1.42e-06	4.40e-03	3.85e-01	4.72e-01	1.15e-01	2.31e-02	1.15e-04	0.00e+00
 3.76487e+22	1.65e-06	4.85e-03	4.01e-01	4.65e-01	1.08e-01	2.06e-02	9.58e-05	0.00e+00
 3.80197e+22	2.00e-06	5.47e-03	4.22e-01	4.56e-01	9.90e-02	1.78e-02	7.63e-05	0.00e+00
 3.83963e+22	2.34e-06	6.04e-03	4.39e-01	4.48e-01	9.22e-02	1.57e-02	6.29e-05	0.00e+00
 3.87300e+22	2.72e-06	6.64e-03	4.55e-01	4.39e-01	8.58e-02	1.38e-02	5.20e-05	0.00e+00
 3.91134e+22	3.28e-06	7.48e-03	4.76e-01	4.27e-01	7.82e-02	1.18e-02	4.08e-05	0.00e+00
 3.95016e+22	3.83e-06	8.24e-03	4.93e-01	4.16e-01	7.22e-02	1.03e-02	3.33e-05	0.00e+00
 3.98961e+22	4.64e-06	9.29e-03	5.14e-01	4.03e-01	6.53e-02	8.72e-03	2.58e-05	0.00e+00
 4.02946e+22	5.41e-06	1.02e-02	5.31e-01	3.91e-01	5.99e-02	7.58e-03	2.09e-05	0.00e+00
 4.06982e+22	6.54e-06	1.15e-02	5.52e-01	3.76e-01	5.38e-02	6.35e-03	1.60e-05	0.00e+00
 4.11072e+22	7.63e-06	1.26e-02	5.69e-01	3.64e-01	4.90e-02	5.47e-03	1.28e-05	0.00e+00
 4.15232e+22	9.23e-06	1.42e-02	5.90e-01	3.48e-01	4.36e-02	4.55e-03	9.69e-06	0.00e+00
 4.19464e+22	1.08e-05	1.56e-02	6.07e-01	3.34e-01	3.95e-02	3.89e-03	7.65e-06	0.00e+00
 4.23790e+22	1.31e-05	1.76e-02	6.27e-01	3.17e-01	3.47e-02	3.20e-03	5.70e-06	0.00e+00
 4.28199e+22	1.53e-05	1.93e-02	6.44e-01	3.03e-01	3.11e-02	2.70e-03	4.44e-06	0.00e+00
 4.32717e+22	1.88e-05	2.18e-02	6.64e-01	2.84e-01	2.70e-02	2.18e-03	3.23e-06	0.00e+00
 4.36635e+22	2.09e-05	2.32e-02	6.76e-01	2.74e-01	2.48e-02	1.93e-03	2.68e-06	0.00e+00
 4.38988e+22	2.23e-05	2.41e-02	6.83e-01	2.68e-01	2.36e-02	1.78e-03	2.39e-06	0.00e+00
 4.40749e+22	2.37e-05	2.50e-02	6.89e-01	2.62e-01	2.25e-02	1.67e-03	2.17e-06	0.00e+00
 4.42521e+22	2.56e-05	2.62e-02	6.96e-01	2.55e-01	2.13e-02	1.53e-03	1.91e-06	0.00e+00
 4.44826e+22	2.81e-05	2.77e-02	7.05e-01	2.46e-01	1.98e-02	1.38e-03	1.63e-06	0.00e+00
 4.47822e+22	3.23e-05	3.01e-02	7.17e-01	2.34e-01	1.78e-02	1.18e-03	1.30e-06	0.00e+00
 4.50498e+22	3.47e-05	3.13e-02	7.24e-01	2.27e-01	1.67e-02	1.08e-03	1.13e-06	0.00e+00
 4.52759e+22	3.82e-05	3.32e-02	7.32e-01	2.18e-01	1.55e-02	9.65e-04	9.66e-07	0.00e+00
 4.55699e+22	4.33e-05	3.58e-02	7.42e-01	2.07e-01	1.39e-02	8.33e-04	7.77e-07	0.00e+00
 4.58890e+22	4.86e-05	3.83e-02	7.51e-01	1.97e-01	1.26e-02	7.24e-04	6.34e-07	0.00e+00
 4.62408e+22	5.66e-05	4.19e-02	7.62e-01	1.84e-01	1.11e-02	6.04e-04	4.85e-07	0.00e+00
 4.65902e+22	6.36e-05	4.48e-02	7.71e-01	1.74e-01	9.99e-03	5.21e-04	3.92e-07	0.00e+00
 4.69367e+22	7.38e-05	4.90e-02	7.80e-01	1.61e-01	8.79e-03	4.35e-04	3.01e-07	0.00e+00
 4.72868e+22	8.34e-05	5.25e-02	7.88e-01	1.51e-01	7.84e-03	3.72e-04	2.40e-07	0.00e+00
 4.76417e+22	9.76e-05	5.77e-02	7.96e-01	1.39e-01	6.83e-03	3.06e-04	1.81e-07	0.00e+00
 4.79957e+22	1.11e-04	6.20e-02	8.02e-01	1.30e-01	6.07e-03	2.61e-04	1.44e-07	0.00e+00
 4.83485e+22	1.30e-04	6.83e-02	8.07e-01	1.19e-01	5.27e-03	2.13e-04	0.00e+00	0.00e+00
 4.87014e+22	1.48e-04	7.36e-02	8.12e-01	1.10e-01	4.66e-03	1.80e-04	0.00e+00	0.00e+00
 4.90545e+22	1.76e-04	8.15e-02	8.15e-01	9.94e-02	4.01e-03	1.45e-04	0.00e+00	0.00e+00
 4.94038e+22	2.02e-04	8.83e-02	8.17e-01	9.12e-02	3.53e-03	1.22e-04	0.00e+00	0.00e+00
 4.97483e+22	2.41e-04	9.80e-02	8.17e-01	8.21e-02	3.04e-03	9.79e-05	0.00e+00	0.00e+00
 5.00879e+22	2.77e-04	1.06e-01	8.16e-01	7.49e-02	2.69e-03	8.17e-05	0.00e+00	0.00e+00
 5.04209e+22	3.33e-04	1.18e-01	8.12e-01	6.68e-02	2.31e-03	6.51e-05	0.00e+00	0.00e+00
 5.07470e+22	3.85e-04	1.28e-01	8.08e-01	6.08e-02	2.04e-03	5.43e-05	0.00e+00	0.00e+00
 5.10640e+22	4.63e-04	1.43e-01	8.01e-01	5.40e-02	1.76e-03	4.30e-05	0.00e+00	0.00e+00
 5.13765e+22	5.38e-04	1.56e-01	7.94e-01	4.88e-02	1.56e-03	3.56e-05	0.00e+00	0.00e+00
 5.16430e+22	6.26e-04	1.70e-01	7.84e-01	4.41e-02	1.38e-03	2.94e-05	0.00e+00	0.00e+00
 5.19064e+22	7.26e-04	1.84e-01	7.74e-01	3.99e-02	1.23e-03	2.43e-05	0.00e+00	0.00e+00
 5.22057e+22	8.77e-04	2.05e-01	7.58e-01	3.50e-02	1.06e-03	1.89e-05	0.00e+00	0.00e+00
 5.25057e+22	1.03e-03	2.24e-01	7.43e-01	3.11e-02	9.35e-04	1.53e-05	0.00e+00	0.00e+00
 5.27596e+22	1.20e-03	2.43e-01	7.27e-01	2.79e-02	8.30e-04	1.25e-05	0.00e+00	0.00e+00
 5.30427e+22	1.45e-03	2.70e-01	7.04e-01	2.42e-02	7.15e-04	9.59e-06	0.00e+00	0.00e+00
 5.33308e+22	1.72e-03	2.95e-01	6.81e-01	2.11e-02	6.23e-04	7.53e-06	0.00e+00	0.00e+00
 5.35760e+22	2.01e-03	3.20e-01	6.59e-01	1.86e-02	5.48e-04	6.00e-06	0.00e+00	0.00e+00
 5.38453e+22	2.44e-03	3.54e-01	6.27e-01	1.58e-02	4.64e-04	4.45e-06	0.00e+00	0.00e+00
 5.41190e+22	2.90e-03	3.87e-01	5.96e-01	1.35e-02	3.98e-04	3.38e-06	0.00e+00	0.00e+00
 5.43505e+22	3.40e-03	4.19e-01	5.66e-01	1.16e-02	3.43e-04	2.60e-06	0.00e+00	0.00e+00
 5.46034e+22	4.13e-03	4.60e-01	5.26e-01	9.48e-03	2.82e-04	1.84e-06	0.00e+00	0.00e+00
 5.48631e+22	4.97e-03	5.02e-01	4.85e-01	7.72e-03	2.32e-04	1.30e-06	0.00e+00	0.00e+00
 5.50807e+22	5.87e-03	5.41e-01	4.47e-01	6.34e-03	1.92e-04	9.38e-07	0.00e+00	0.00e+00
 5.52789e+22	6.88e-03	5.79e-01	4.08e-01	5.17e-03	1.58e-04	6.72e-07	0.00e+00	0.00e+00
 5.55027e+22	8.39e-03	6.28e-01	3.60e-01	3.92e-03	1.21e-04	4.29e-07	0.00e+00	0.00e+00
 5.57274e+22	1.02e-02	6.75e-01	3.12e-01	2.92e-03	9.11e-05	2.70e-07	0.00e+00	0.00e+00
 5.59023e+22	1.19e-02	7.13e-01	2.73e-01	2.24e-03	7.04e-05	1.78e-07	0.00e+00	0.00e+00
 5.60506e+22	1.38e-02	7.46e-01	2.39e-01	1.73e-03	5.46e-05	0.00e+00	0.00e+00	0.00e+00
 5.62153e+22	1.65e-02	7.82e-01	2.00e-01	1.24e-03	3.92e-05	0.00e+00	0.00e+00	0.00e+00
 5.63878e+22	2.00e-02	8.18e-01	1.62e-01	8.53e-04	2.67e-05	0.00e+00	0.00e+00	0.00e+00
 5.65285e+22	2.36e-02	8.44e-01	1.32e-01	6.04e-04	1.87e-05	0.00e+00	0.00e+00	0.00e+00
 5.66444e+22	2.75e-02	8.63e-01	1.09e-01	4.42e-04	1.33e-05	0.00e+00	0.00e+00	0.00e+00
 5.67530e+22	3.20e-02	8.79e-01	8.87e-02	3.21e-04	9.35e-06	0.00e+00	0.00e+00	0.00e+00
 5.68573e+22	3.74e-02	8.91e-01	7.12e-02	2.32e-04	6.42e-06	0.00e+00	0.00e+00	0.00e+00
 5.69517e+22	4.37e-02	8.99e-01	5.70e-02	1.70e-04	4.41e-06	0.00e+00	0.00e+00	0.00e+00
 5.70337e+22	5.05e-02	9.03e-01	4.61e-02	1.29e-04	3.09e-06	0.00e+00	0.00e+00	0.00e+00
 5.71066e+22	5.80e-02	9.04e-01	3.75e-02	9.99e-05	2.20e-06	0.00e+00	0.00e+00	0.00e+00
 5.71746e+22	6.65e-02	9.03e-01	3.04e-02	7.86e-05	1.57e-06	0.00e+00	0.00e+00	0.00e+00
 5.72391e+22	7.64e-02	8.99e-01	2.46e-02	6.26e-05	1.11e-06	0.00e+00	0.00e+00	0.00e+00
 5.72995e+22	8.75e-02	8.92e-01	1.99e-02	5.06e-05	7.96e-07	0.00e+00	0.00e+00	0.00e+00
 5.73557e+22	1.00e-01	8.84e-01	1.62e-02	4.17e-05	5.75e-07	0.00e+00	0.00e+00	0.00e+00
 5.74086e+22	1.13e-01	8.73e-01	1.32e-02	3.50e-05	4.21e-07	0.00e+00	0.00e+00	0.00e+00
 5.74601e+22	1.29e-01	8.60e-01	1.07e-02	2.95e-05	3.07e-07	0.00e+00	0.00e+00	0.00e+00
 5.75104e+22	1.47e-01	8.45e-01	8.66e-03	2.51e-05	2.24e-07	0.00e+00	0.00e+00	0.00e+00
 5.75576e+22	1.66e-01	8.27e-01	7.06e-03	2.18e-05	1.67e-07	0.00e+00	0.00e+00	0.00e+00
 5.76001e+22	1.85e-01	8.10e-01	5.84e-03	1.92e-05	1.28e-07	0.00e+00	0.00e+00	0.00e+00
 5.76383e+22	2.03e-01	7.92e-01	4.92e-03	1.73e-05	0.00e+00	0.00e+00	0.00e+00	0.00e+00
 5.76738e+22	2.22e-01	7.74e-01	4.17e-03	1.57e-05	0.00e+00	0.00e+00	0.00e+00	0.00e+00
 5.77084e+22	2.41e-01	7.55e-01	3.55e-03	1.43e-05	0.00e+00	0.00e+00	0.00e+00	0.00e+00
 5.77427e+22	2.62e-01	7.35e-01	3.02e-03	1.31e-05	0.00e+00	0.00e+00	0.00e+00	0.00e+00
 5.77760e+22	2.82e-01	7.15e-01	2.58e-03	1.21e-05	0.00e+00	0.00e+00	0.00e+00	0.00e+00
 5.78073e+22	3.02e-01	6.96e-01	2.22e-03	1.12e-05	0.00e+00	0.00e+00	0.00e+00	0.00e+00
 5.78321e+22	3.17e-01	6.81e-01	1.99e-03	1.06e-05	0.00e+00	0.00e+00	0.00e+00	0.00e+00
 5.78497e+22	3.29e-01	6.69e-01	1.83e-03	1.02e-05	0.00e+00	0.00e+00	0.00e+00	0.00e+00
 5.78671e+22	3.41e-01	6.57e-01	1.68e-03	9.83e-06	0.00e+00	0.00e+00	0.00e+00	0.00e+00
 5.78870e+22	3.54e-01	6.44e-01	1.53e-03	9.41e-06	0.00e+00	0.00e+00	0.00e+00	0.00e+00
 5.79093e+22	3.70e-01	6.29e-01	1.37e-03	8.96e-06	0.00e+00	0.00e+00	0.00e+00	0.00e+00
 5.79317e+22	3.86e-01	6.13e-01	1.23e-03	8.53e-06	0.00e+00	0.00e+00	0.00e+00	0.00e+00
 5.79526e+22	4.00e-01	5.99e-01	1.12e-03	8.17e-06	0.00e+00	0.00e+00	0.00e+00	0.00e+00
 5.79732e+22	4.15e-01	5.84e-01	1.01e-03	7.82e-06	0.00e+00	0.00e+00	0.00e+00	0.00e+00
 5.79952e+22	4.31e-01	5.69e-01	9.09e-04	7.46e-06	0.00e+00	0.00e+00	0.00e+00	0.00e+00
 5.80180e+22	4.47e-01	5.52e-01	8.14e-04	7.11e-06	0.00e+00	0.00e+00	0.00e+00	0.00e+00
 5.80404e+22	4.63e-01	5.36e-01	7.32e-04	6.79e-06	0.00e+00	0.00e+00	0.00e+00	0.00e+00
 5.80627e+22	4.78e-01	5.21e-01	6.58e-04	6.49e-06	0.00e+00	0.00e+00	0.00e+00	0.00e+00
 5.80857e+22	4.95e-01	5.05e-01	5.90e-04	6.19e-06	0.00e+00	0.00e+00	0.00e+00	0.00e+00
 5.81097e+22	5.11e-01	4.88e-01	5.27e-04	5.90e-06	0.00e+00	0.00e+00	0.00e+00	0.00e+00
 5.81337e+22	5.28e-01	4.72e-01	4.71e-04	5.62e-06	0.00e+00	0.00e+00	0.00e+00	0.00e+00
 5.81577e+22	5.44e-01	4.55e-01	4.22e-04	5.36e-06	0.00e+00	0.00e+00	0.00e+00	0.00e+00
 5.81823e+22	5.60e-01	4.39e-01	3.77e-04	5.10e-06	0.00e+00	0.00e+00	0.00e+00	0.00e+00
 5.82077e+22	5.77e-01	4.23e-01	3.36e-04	4.85e-06	0.00e+00	0.00e+00	0.00e+00	0.00e+00
 5.82335e+22	5.93e-01	4.06e-01	3.00e-04	4.62e-06	0.00e+00	0.00e+00	0.00e+00	0.00e+00
 5.82595e+22	6.09e-01	3.90e-01	2.68e-04	4.39e-06	0.00e+00	0.00e+00	0.00e+00	0.00e+00
 5.82863e+22	6.25e-01	3.74e-01	2.40e-04	4.18e-06	0.00e+00	0.00e+00	0.00e+00	0.00e+00
 5.83139e+22	6.41e-01	3.58e-01	2.14e-04	3.97e-06	0.00e+00	0.00e+00	0.00e+00	0.00e+00
 5.83421e+22	6.57e-01	3.43e-01	1.91e-04	3.77e-06	0.00e+00	0.00e+00	0.00e+00	0.00e+00
 5.83709e+22	6.72e-01	3.28e-01	1.71e-04	3.58e-06	0.00e+00	0.00e+00	0.00e+00	0.00e+00
 5.84006e+22	6.87e-01	3.13e-01	1.54e-04	3.40e-06	0.00e+00	0.00e+00	0.00e+00	0.00e+00
 5.84315e+22	7.02e-01	2.98e-01	1.38e-04	3.22e-06	0.00e+00	0.00e+00	0.00e+00	0.00e+00
 5.84632e+22	7.16e-01	2.84e-01	1.24e-04	3.06e-06	0.00e+00	0.00e+00	0.00e+00	0.00e+00
 5.84951e+22	7.30e-01	2.70e-01	1.12e-04	2.90e-06	0.00e+00	0.00e+00	0.00e+00	0.00e+00
 5.85273e+22	7.43e-01	2.57e-01	1.02e-04	2.76e-06	0.00e+00	0.00e+00	0.00e+00	0.00e+00
 5.85614e+22	7.56e-01	2.44e-01	9.30e-05	2.62e-06	0.00e+00	0.00e+00	0.00e+00	0.00e+00
 5.85967e+22	7.68e-01	2.32e-01	8.51e-05	2.50e-06	0.00e+00	0.00e+00	0.00e+00	0.00e+00
 5.86322e+22	7.79e-01	2.21e-01	7.83e-05	2.38e-06	0.00e+00	0.00e+00	0.00e+00	0.00e+00
 5.86687e+22	7.90e-01	2.10e-01	7.25e-05	2.27e-06	0.00e+00	0.00e+00	0.00e+00	0.00e+00
 5.87071e+22	8.01e-01	1.99e-01	6.73e-05	2.17e-06	0.00e+00	0.00e+00	0.00e+00	0.00e+00
 5.87476e+22	8.11e-01	1.89e-01	6.27e-05	2.07e-06	0.00e+00	0.00e+00	0.00e+00	0.00e+00
 5.87902e+22	8.21e-01	1.79e-01	5.87e-05	1.97e-06	0.00e+00	0.00e+00	0.00e+00	0.00e+00
 5.88346e+22	8.29e-01	1.71e-01	5.53e-05	1.89e-06	0.00e+00	0.00e+00	0.00e+00	0.00e+00
 5.88821e+22	8.38e-01	1.62e-01	5.21e-05	1.81e-06	0.00e+00	0.00e+00	0.00e+00	0.00e+00
 5.89338e+22	8.47e-01	1.53e-01	4.93e-05	1.73e-06	0.00e+00	0.00e+00	0.00e+00	0.00e+00
 5.89896e+22	8.55e-01	1.45e-01	4.68e-05	1.65e-06	0.00e+00	0.00e+00	0.00e+00	0.00e+00
 5.90498e+22	8.63e-01	1.37e-01	4.45e-05	1.58e-06	0.00e+00	0.00e+00	0.00e+00	0.00e+00
 5.91143e+22	8.70e-01	1.29e-01	4.26e-05	1.51e-06	0.00e+00	0.00e+00	0.00e+00	0.00e+00
 5.91814e+22	8.77e-01	1.23e-01	4.08e-05	1.45e-06	0.00e+00	0.00e+00	0.00e+00	0.00e+00
 5.92494e+22	8.83e-01	1.16e-01	3.93e-05	1.40e-06	0.00e+00	0.00e+00	0.00e+00	0.00e+00
 5.93174e+22	8.89e-01	1.11e-01	3.80e-05	1.35e-06	0.00e+00	0.00e+00	0.00e+00	0.00e+00
 5.93855e+22	8.94e-01	1.06e-01	3.69e-05	1.30e-06	0.00e+00	0.00e+00	0.00e+00	0.00e+00
 5.94556e+22	8.99e-01	1.01e-01	3.58e-05	1.26e-06	0.00e+00	0.00e+00	0.00e+00	0.00e+00
 5.95274e+22	9.03e-01	9.65e-02	3.48e-05	1.22e-06	0.00e+00	0.00e+00	0.00e+00	0.00e+00
 5.95993e+22	9.08e-01	9.21e-02	3.39e-05	1.18e-06	0.00e+00	0.00e+00	0.00e+00	0.00e+00
 5.96681e+22	9.12e-01	8.84e-02	3.32e-05	1.14e-06	0.00e+00	0.00e+00	0.00e+00	0.00e+00
 5.97359e+22	9.15e-01	8.47e-02	3.24e-05	1.11e-06	0.00e+00	0.00e+00	0.00e+00	0.00e+00
 5.98048e+22	9.19e-01	8.12e-02	3.17e-05	1.08e-06	0.00e+00	0.00e+00	0.00e+00	0.00e+00
 5.98724e+22	9.22e-01	7.80e-02	3.10e-05	1.05e-06	0.00e+00	0.00e+00	0.00e+00	0.00e+00
 5.99382e+22	9.25e-01	7.50e-02	3.04e-05	1.03e-06	0.00e+00	0.00e+00	0.00e+00	0.00e+00
 6.00023e+22	9.28e-01	7.22e-02	2.99e-05	1.00e-06	0.00e+00	0.00e+00	0.00e+00	0.00e+00
 6.00647e+22	9.30e-01	6.96e-02	2.94e-05	9.82e-07	0.00e+00	0.00e+00	0.00e+00	0.00e+00
 6.01254e+22	9.33e-01	6.72e-02	2.89e-05	9.62e-07	0.00e+00	0.00e+00	0.00e+00	0.00e+00
 6.01842e+22	9.35e-01	6.49e-02	2.84e-05	9.45e-07	0.00e+00	0.00e+00	0.00e+00	0.00e+00
 6.02412e+22	9.37e-01	6.29e-02	2.80e-05	9.29e-07	0.00e+00	0.00e+00	0.00e+00	0.00e+00
 6.02964e+22	9.39e-01	6.10e-02	2.77e-05	9.15e-07	0.00e+00	0.00e+00	0.00e+00	0.00e+00
 6.03499e+22	9.41e-01	5.92e-02	2.73e-05	9.03e-07	0.00e+00	0.00e+00	0.00e+00	0.00e+00
 6.04018e+22	9.42e-01	5.76e-02	2.70e-05	8.93e-07	0.00e+00	0.00e+00	0.00e+00	0.00e+00
 6.04511e+22	9.44e-01	5.62e-02	2.67e-05	8.85e-07	0.00e+00	0.00e+00	0.00e+00	0.00e+00
 6.04964e+22	9.45e-01	5.49e-02	2.64e-05	8.79e-07	0.00e+00	0.00e+00	0.00e+00	0.00e+00
 6.05377e+22	9.46e-01	5.39e-02	2.62e-05	8.75e-07	0.00e+00	0.00e+00	0.00e+00	0.00e+00
 6.05753e+22	9.47e-01	5.30e-02	2.60e-05	8.73e-07	0.00e+00	0.00e+00	0.00e+00	0.00e+00
 6.06095e+22	9.48e-01	5.22e-02	2.58e-05	8.71e-07	0.00e+00	0.00e+00	0.00e+00	0.00e+00
 6.06406e+22	9.48e-01	5.15e-02	2.56e-05	8.71e-07	0.00e+00	0.00e+00	0.00e+00	0.00e+00
 6.06689e+22	9.49e-01	5.09e-02	2.55e-05	8.71e-07	0.00e+00	0.00e+00	0.00e+00	0.00e+00
 6.06946e+22	9.50e-01	5.04e-02	2.54e-05	8.75e-07	0.00e+00	0.00e+00	0.00e+00	0.00e+00
 6.07181e+22	9.50e-01	5.00e-02	2.53e-05	8.75e-07	0.00e+00	0.00e+00	0.00e+00	0.00e+00
 6.07438e+22	9.51e-01	4.94e-02	2.51e-05	8.74e-07	0.00e+00	0.00e+00	0.00e+00	0.00e+00
 6.07772e+22	9.51e-01	4.86e-02	2.49e-05	8.72e-07	0.00e+00	0.00e+00	0.00e+00	0.00e+00
 6.08132e+22	9.52e-01	4.80e-02	2.48e-05	8.71e-07	0.00e+00	0.00e+00	0.00e+00	0.00e+00
 6.08460e+22	9.53e-01	4.74e-02	2.46e-05	8.74e-07	0.00e+00	0.00e+00	0.00e+00	0.00e+00
 6.08759e+22	9.53e-01	4.70e-02	2.45e-05	8.76e-07	0.00e+00	0.00e+00	0.00e+00	0.00e+00
 6.09030e+22	9.53e-01	4.67e-02	2.44e-05	8.80e-07	0.00e+00	0.00e+00	0.00e+00	0.00e+00
 6.09278e+22	9.54e-01	4.64e-02	2.43e-05	8.84e-07	0.00e+00	0.00e+00	0.00e+00	0.00e+00
 6.09548e+22	9.54e-01	4.60e-02	2.42e-05	8.89e-07	0.00e+00	0.00e+00	0.00e+00	0.00e+00
 6.09841e+22	9.54e-01	4.56e-02	2.40e-05	8.93e-07	0.00e+00	0.00e+00	0.00e+00	0.00e+00
 6.10107e+22	9.55e-01	4.53e-02	2.39e-05	8.94e-07	0.00e+00	0.00e+00	0.00e+00	0.00e+00
 6.10399e+22	9.55e-01	4.49e-02	2.38e-05	8.97e-07	0.00e+00	0.00e+00	0.00e+00	0.00e+00
 6.10714e+22	9.55e-01	4.45e-02	2.37e-05	8.97e-07	0.00e+00	0.00e+00	0.00e+00	0.00e+00
 6.11059e+22	9.56e-01	4.41e-02	2.35e-05	8.99e-07	0.00e+00	0.00e+00	0.00e+00	0.00e+00
 6.11431e+22	9.56e-01	4.37e-02	2.34e-05	9.00e-07	0.00e+00	0.00e+00	0.00e+00	0.00e+00
 6.11770e+22	9.57e-01	4.34e-02	2.32e-05	9.02e-07	0.00e+00	0.00e+00	0.00e+00	0.00e+00
 6.12141e+22	9.57e-01	4.29e-02	2.31e-05	9.06e-07	0.00e+00	0.00e+00	0.00e+00	0.00e+00
 6.12542e+22	9.57e-01	4.26e-02	2.29e-05	9.10e-07	0.00e+00	0.00e+00	0.00e+00	0.00e+00
 6.12907e+22	9.58e-01	4.23e-02	2.28e-05	9.13e-07	0.00e+00	0.00e+00	0.00e+00	0.00e+00
 6.13239e+22	9.58e-01	4.21e-02	2.27e-05	9.17e-07	0.00e+00	0.00e+00	0.00e+00	0.00e+00
 6.13541e+22	9.58e-01	4.19e-02	2.26e-05	9.26e-07	0.00e+00	0.00e+00	0.00e+00	0.00e+00
 6.13816e+22	9.58e-01	4.17e-02	2.25e-05	9.28e-07	0.00e+00	0.00e+00	0.00e+00	0.00e+00
 6.14118e+22	9.59e-01	4.14e-02	2.23e-05	9.30e-07	0.00e+00	0.00e+00	0.00e+00	0.00e+00
 6.14443e+22	9.59e-01	4.12e-02	2.22e-05	9.34e-07	0.00e+00	0.00e+00	0.00e+00	0.00e+00
 6.14739e+22	9.59e-01	4.10e-02	2.22e-05	9.38e-07	0.00e+00	0.00e+00	0.00e+00	0.00e+00
 6.15063e+22	9.59e-01	4.07e-02	2.21e-05	9.44e-07	0.00e+00	0.00e+00	0.00e+00	0.00e+00
 6.15413e+22	9.60e-01	4.04e-02	2.21e-05	9.49e-07	0.00e+00	0.00e+00	0.00e+00	0.00e+00
 6.15732e+22	9.60e-01	4.02e-02	2.20e-05	9.53e-07	0.00e+00	0.00e+00	0.00e+00	0.00e+00
 6.16081e+22	9.60e-01	4.00e-02	2.19e-05	9.59e-07	0.00e+00	0.00e+00	0.00e+00	0.00e+00
 6.16458e+22	9.60e-01	3.97e-02	2.19e-05	9.65e-07	0.00e+00	0.00e+00	0.00e+00	0.00e+00
 6.16801e+22	9.60e-01	3.95e-02	2.18e-05	9.70e-07	0.00e+00	0.00e+00	0.00e+00	0.00e+00
 6.17113e+22	9.61e-01	3.93e-02	2.18e-05	9.75e-07	0.00e+00	0.00e+00	0.00e+00	0.00e+00
 6.17397e+22	9.61e-01	3.92e-02	2.17e-05	9.81e-07	0.00e+00	0.00e+00	0.00e+00	0.00e+00
 6.17709e+22	9.61e-01	3.90e-02	2.17e-05	9.87e-07	0.00e+00	0.00e+00	0.00e+00	0.00e+00
 6.18045e+22	9.61e-01	3.88e-02	2.16e-05	9.92e-07	0.00e+00	0.00e+00	0.00e+00	0.00e+00
 6.18351e+22	9.61e-01	3.86e-02	2.16e-05	1.00e-06	0.00e+00	0.00e+00	0.00e+00	0.00e+00
 6.18629e+22	9.61e-01	3.85e-02	2.15e-05	1.00e-06	0.00e+00	0.00e+00	0.00e+00	0.00e+00
 6.18934e+22	9.62e-01	3.82e-02	2.15e-05	1.00e-06	0.00e+00	0.00e+00	0.00e+00	0.00e+00
 6.19263e+22	9.62e-01	3.80e-02	2.14e-05	1.01e-06	0.00e+00	0.00e+00	0.00e+00	0.00e+00
 6.19624e+22	9.62e-01	3.77e-02	2.14e-05	1.01e-06	0.00e+00	0.00e+00	0.00e+00	0.00e+00
 6.20013e+22	9.63e-01	3.75e-02	2.13e-05	1.02e-06	0.00e+00	0.00e+00	0.00e+00	0.00e+00
 6.20368e+22	9.63e-01	3.73e-02	2.12e-05	1.02e-06	0.00e+00	0.00e+00	0.00e+00	0.00e+00
 6.20756e+22	9.63e-01	3.69e-02	2.11e-05	1.02e-06	0.00e+00	0.00e+00	0.00e+00	0.00e+00
 6.21175e+22	9.63e-01	3.67e-02	2.11e-05	1.02e-06	0.00e+00	0.00e+00	0.00e+00	0.00e+00
 6.21557e+22	9.63e-01	3.65e-02	2.10e-05	1.03e-06	0.00e+00	0.00e+00	0.00e+00	0.00e+00
 6.21904e+22	9.64e-01	3.63e-02	2.09e-05	1.02e-06	0.00e+00	0.00e+00	0.00e+00	0.00e+00
 6.22285e+22	9.64e-01	3.60e-02	2.08e-05	1.03e-06	0.00e+00	0.00e+00	0.00e+00	0.00e+00
 6.22695e+22	9.64e-01	3.57e-02	2.08e-05	1.03e-06	0.00e+00	0.00e+00	0.00e+00	0.00e+00
 6.23069e+22	9.64e-01	3.55e-02	2.07e-05	1.02e-06	0.00e+00	0.00e+00	0.00e+00	0.00e+00
 6.23479e+22	9.65e-01	3.52e-02	2.06e-05	1.03e-06	0.00e+00	0.00e+00	0.00e+00	0.00e+00
 6.23921e+22	9.65e-01	3.49e-02	2.05e-05	1.03e-06	0.00e+00	0.00e+00	0.00e+00	0.00e+00
 6.24323e+22	9.65e-01	3.47e-02	2.05e-05	1.03e-06	0.00e+00	0.00e+00	0.00e+00	0.00e+00
 6.24689e+22	9.65e-01	3.45e-02	2.04e-05	1.03e-06	0.00e+00	0.00e+00	0.00e+00	0.00e+00
 6.25090e+22	9.66e-01	3.42e-02	2.03e-05	1.03e-06	0.00e+00	0.00e+00	0.00e+00	0.00e+00
 6.25524e+22	9.66e-01	3.39e-02	2.02e-05	1.03e-06	0.00e+00	0.00e+00	0.00e+00	0.00e+00
 6.25918e+22	9.66e-01	3.37e-02	2.01e-05	1.02e-06	0.00e+00	0.00e+00	0.00e+00	0.00e+00
 6.26350e+22	9.67e-01	3.33e-02	2.00e-05	1.02e-06	0.00e+00	0.00e+00	0.00e+00	0.00e+00
 6.26816e+22	9.67e-01	3.31e-02	1.99e-05	1.02e-06	0.00e+00	0.00e+00	0.00e+00	0.00e+00
 6.27240e+22	9.67e-01	3.29e-02	1.99e-05	1.03e-06	0.00e+00	0.00e+00	0.00e+00	0.00e+00
 6.27627e+22	9.67e-01	3.27e-02	1.98e-05	1.02e-06	0.00e+00	0.00e+00	0.00e+00	0.00e+00
 6.28050e+22	9.68e-01	3.23e-02	1.97e-05	1.02e-06	0.00e+00	0.00e+00	0.00e+00	0.00e+00
 6.28507e+22	9.68e-01	3.21e-02	1.96e-05	1.02e-06	0.00e+00	0.00e+00	0.00e+00	0.00e+00
 6.28922e+22	9.68e-01	3.19e-02	1.95e-05	1.01e-06	0.00e+00	0.00e+00	0.00e+00	0.00e+00
 6.29378e+22	9.68e-01	3.15e-02	1.94e-05	1.01e-06	0.00e+00	0.00e+00	0.00e+00	0.00e+00
 6.29870e+22	9.69e-01	3.12e-02	1.93e-05	1.01e-06	0.00e+00	0.00e+00	0.00e+00	0.00e+00
 6.30317e+22	9.69e-01	3.10e-02	1.92e-05	1.00e-06	0.00e+00	0.00e+00	0.00e+00	0.00e+00
 6.30807e+22	9.69e-01	3.06e-02	1.91e-05	1.00e-06	0.00e+00	0.00e+00	0.00e+00	0.00e+00
 6.31337e+22	9.70e-01	3.03e-02	1.90e-05	9.98e-07	0.00e+00	0.00e+00	0.00e+00	0.00e+00
 6.31819e+22	9.70e-01	3.01e-02	1.89e-05	9.94e-07	0.00e+00	0.00e+00	0.00e+00	0.00e+00
 6.32347e+22	9.70e-01	2.97e-02	1.88e-05	9.89e-07	0.00e+00	0.00e+00	0.00e+00	0.00e+00
 6.32916e+22	9.71e-01	2.94e-02	1.87e-05	9.85e-07	0.00e+00	0.00e+00	0.00e+00	0.00e+00
 6.33435e+22	9.71e-01	2.92e-02	1.86e-05	9.81e-07	0.00e+00	0.00e+00	0.00e+00	0.00e+00
 6.33907e+22	9.71e-01	2.90e-02	1.85e-05	9.81e-07	0.00e+00	0.00e+00	0.00e+00	0.00e+00
 6.34337e+22	9.71e-01	2.88e-02	1.84e-05	9.75e-07	0.00e+00	0.00e+00	0.00e+00	0.00e+00
 6.34807e+22	9.72e-01	2.84e-02	1.83e-05	9.68e-07	0.00e+00	0.00e+00	0.00e+00	0.00e+00
 6.35315e+22	9.72e-01	2.82e-02	1.83e-05	9.67e-07	0.00e+00	0.00e+00	0.00e+00	0.00e+00
 6.35778e+22	9.72e-01	2.80e-02	1.82e-05	9.59e-07	0.00e+00	0.00e+00	0.00e+00	0.00e+00
 6.36284e+22	9.72e-01	2.76e-02	1.80e-05	9.50e-07	0.00e+00	0.00e+00	0.00e+00	0.00e+00
 6.36831e+22	9.73e-01	2.73e-02	1.79e-05	9.45e-07	0.00e+00	0.00e+00	0.00e+00	0.00e+00
 6.37431e+22	9.73e-01	2.68e-02	1.78e-05	9.34e-07	0.00e+00	0.00e+00	0.00e+00	0.00e+00
 6.38078e+22	9.73e-01	2.66e-02	1.77e-05	9.28e-07	0.00e+00	0.00e+00	0.00e+00	0.00e+00
 6.38666e+22	9.74e-01	2.63e-02	1.76e-05	9.23e-07	0.00e+00	0.00e+00	0.00e+00	0.00e+00
 6.39202e+22	9.74e-01	2.61e-02	1.75e-05	9.17e-07	0.00e+00	0.00e+00	0.00e+00	0.00e+00
 6.39789e+22	9.74e-01	2.57e-02	1.73e-05	9.06e-07	0.00e+00	0.00e+00	0.00e+00	0.00e+00
 6.40423e+22	9.75e-01	2.54e-02	1.72e-05	9.02e-07	0.00e+00	0.00e+00	0.00e+00	0.00e+00
 6.41000e+22	9.75e-01	2.52e-02	1.71e-05	8.94e-07	0.00e+00	0.00e+00	0.00e+00	0.00e+00
 6.41632e+22	9.75e-01	2.47e-02	1.70e-05	8.80e-07	0.00e+00	0.00e+00	0.00e+00	0.00e+00
 6.42315e+22	9.76e-01	2.44e-02	1.69e-05	8.75e-07	0.00e+00	0.00e+00	0.00e+00	0.00e+00
 6.42936e+22	9.76e-01	2.42e-02	1.67e-05	8.66e-07	0.00e+00	0.00e+00	0.00e+00	0.00e+00
 6.43616e+22	9.76e-01	2.37e-02	1.66e-05	8.52e-07	0.00e+00	0.00e+00	0.00e+00	0.00e+00
 6.44351e+22	9.77e-01	2.34e-02	1.64e-05	8.43e-07	0.00e+00	0.00e+00	0.00e+00	0.00e+00
 6.45019e+22	9.77e-01	2.32e-02	1.63e-05	8.36e-07	0.00e+00	0.00e+00	0.00e+00	0.00e+00
 6.45628e+22	9.77e-01	2.30e-02	1.62e-05	8.28e-07	0.00e+00	0.00e+00	0.00e+00	0.00e+00
 6.46294e+22	9.77e-01	2.25e-02	1.61e-05	8.14e-07	0.00e+00	0.00e+00	0.00e+00	0.00e+00
 6.47014e+22	9.78e-01	2.23e-02	1.59e-05	8.08e-07	0.00e+00	0.00e+00	0.00e+00	0.00e+00
 6.47669e+22	9.78e-01	2.20e-02	1.58e-05	7.99e-07	0.00e+00	0.00e+00	0.00e+00	0.00e+00
 6.48386e+22	9.78e-01	2.16e-02	1.56e-05	7.82e-07	0.00e+00	0.00e+00	0.00e+00	0.00e+00
 6.49161e+22	9.79e-01	2.13e-02	1.55e-05	7.73e-07	0.00e+00	0.00e+00	0.00e+00	0.00e+00
 6.49866e+22	9.79e-01	2.11e-02	1.54e-05	7.65e-07	0.00e+00	0.00e+00	0.00e+00	0.00e+00
 6.50508e+22	9.79e-01	2.09e-02	1.53e-05	7.58e-07	0.00e+00	0.00e+00	0.00e+00	0.00e+00
 6.51211e+22	9.80e-01	2.04e-02	1.51e-05	7.42e-07	0.00e+00	0.00e+00	0.00e+00	0.00e+00
 6.51970e+22	9.80e-01	2.02e-02	1.50e-05	7.33e-07	0.00e+00	0.00e+00	0.00e+00	0.00e+00
 6.52660e+22	9.80e-01	2.00e-02	1.49e-05	7.26e-07	0.00e+00	0.00e+00	0.00e+00	0.00e+00
 6.53417e+22	9.80e-01	1.95e-02	1.47e-05	7.10e-07	0.00e+00	0.00e+00	0.00e+00	0.00e+00
 6.54234e+22	9.81e-01	1.93e-02	1.46e-05	7.00e-07	0.00e+00	0.00e+00	0.00e+00	0.00e+00
 6.54978e+22	9.81e-01	1.90e-02	1.44e-05	6.92e-07	0.00e+00	0.00e+00	0.00e+00	0.00e+00
 6.55792e+22	9.81e-01	1.86e-02	1.43e-05	6.74e-07	0.00e+00	0.00e+00	0.00e+00	0.00e+00
 6.56672e+22	9.82e-01	1.83e-02	1.41e-05	6.63e-07	0.00e+00	0.00e+00	0.00e+00	0.00e+00
 6.57472e+22	9.82e-01	1.81e-02	1.40e-05	6.55e-07	0.00e+00	0.00e+00	0.00e+00	0.00e+00
 6.58201e+22	9.82e-01	1.79e-02	1.38e-05	6.46e-07	0.00e+00	0.00e+00	0.00e+00	0.00e+00
 6.58999e+22	9.83e-01	1.75e-02	1.37e-05	6.29e-07	0.00e+00	0.00e+00	0.00e+00	0.00e+00
 6.59861e+22	9.83e-01	1.72e-02	1.35e-05	6.20e-07	0.00e+00	0.00e+00	0.00e+00	0.00e+00
 6.60645e+22	9.83e-01	1.70e-02	1.34e-05	6.11e-07	0.00e+00	0.00e+00	0.00e+00	0.00e+00
 6.61504e+22	9.83e-01	1.66e-02	1.32e-05	5.94e-07	0.00e+00	0.00e+00	0.00e+00	0.00e+00
 6.62432e+22	9.84e-01	1.64e-02	1.31e-05	5.83e-07	0.00e+00	0.00e+00	0.00e+00	0.00e+00
 6.63276e+22	9.84e-01	1.62e-02	1.29e-05	5.75e-07	0.00e+00	0.00e+00	0.00e+00	0.00e+00
 6.64044e+22	9.84e-01	1.60e-02	1.28e-05	5.66e-07	0.00e+00	0.00e+00	0.00e+00	0.00e+00
 6.64886e+22	9.84e-01	1.56e-02	1.27e-05	5.50e-07	0.00e+00	0.00e+00	0.00e+00	0.00e+00
 6.65980e+22	9.85e-01	1.51e-02	1.25e-05	5.31e-07	0.00e+00	0.00e+00	0.00e+00	0.00e+00
 6.67190e+22	9.85e-01	1.48e-02	1.23e-05	5.17e-07	0.00e+00	0.00e+00	0.00e+00	0.00e+00
 6.68420e+22	9.86e-01	1.44e-02	1.21e-05	5.01e-07	0.00e+00	0.00e+00	0.00e+00	0.00e+00
 6.69698e+22	9.86e-01	1.40e-02	1.18e-05	4.86e-07	0.00e+00	0.00e+00	0.00e+00	0.00e+00
 6.70993e+22	9.86e-01	1.37e-02	1.16e-05	4.71e-07	0.00e+00	0.00e+00	0.00e+00	0.00e+00
 6.72308e+22	9.87e-01	1.33e-02	1.14e-05	4.57e-07	0.00e+00	0.00e+00	0.00e+00	0.00e+00
 6.73636e+22	9.87e-01	1.30e-02	1.12e-05	4.42e-07	0.00e+00	0.00e+00	0.00e+00	0.00e+00
 6.74975e+22	9.87e-01	1.27e-02	1.10e-05	4.28e-07	0.00e+00	0.00e+00	0.00e+00	0.00e+00
 6.76327e+22	9.88e-01	1.23e-02	1.08e-05	4.14e-07	0.00e+00	0.00e+00	0.00e+00	0.00e+00
 6.77690e+22	9.88e-01	1.20e-02	1.06e-05	4.01e-07	0.00e+00	0.00e+00	0.00e+00	0.00e+00
 6.79064e+22	9.88e-01	1.17e-02	1.04e-05	3.87e-07	0.00e+00	0.00e+00	0.00e+00	0.00e+00
 6.80449e+22	9.89e-01	1.14e-02	1.02e-05	3.74e-07	0.00e+00	0.00e+00	0.00e+00	0.00e+00
 6.81844e+22	9.89e-01	1.11e-02	1.00e-05	3.62e-07	0.00e+00	0.00e+00	0.00e+00	0.00e+00
 6.83250e+22	9.89e-01	1.08e-02	9.81e-06	3.49e-07	0.00e+00	0.00e+00	0.00e+00	0.00e+00
 6.84663e+22	9.89e-01	1.05e-02	9.62e-06	3.37e-07	0.00e+00	0.00e+00	0.00e+00	0.00e+00
 6.86085e+22	9.90e-01	1.03e-02	9.42e-06	3.25e-07	0.00e+00	0.00e+00	0.00e+00	0.00e+00
 6.87514e+22	9.90e-01	9.99e-03	9.23e-06	3.14e-07	0.00e+00	0.00e+00	0.00e+00	0.00e+00
 6.88952e+22	9.90e-01	9.73e-03	9.04e-06	3.03e-07	0.00e+00	0.00e+00	0.00e+00	0.00e+00
 6.90401e+22	9.91e-01	9.47e-03	8.85e-06	2.92e-07	0.00e+00	0.00e+00	0.00e+00	0.00e+00
 6.91858e+22	9.91e-01	9.22e-03	8.67e-06	2.81e-07	0.00e+00	0.00e+00	0.00e+00	0.00e+00
 6.93324e+22	9.91e-01	8.97e-03	8.48e-06	2.71e-07	0.00e+00	0.00e+00	0.00e+00	0.00e+00
 6.94798e+22	9.91e-01	8.73e-03	8.30e-06	2.61e-07	0.00e+00	0.00e+00	0.00e+00	0.00e+00
 6.96281e+22	9.91e-01	8.50e-03	8.12e-06	2.51e-07	0.00e+00	0.00e+00	0.00e+00	0.00e+00
 6.97777e+22	9.92e-01	8.26e-03	7.94e-06	2.41e-07	0.00e+00	0.00e+00	0.00e+00	0.00e+00
 6.99306e+22	9.92e-01	8.03e-03	7.76e-06	2.31e-07	0.00e+00	0.00e+00	0.00e+00	0.00e+00
 7.00860e+22	9.92e-01	7.80e-03	7.58e-06	2.22e-07	0.00e+00	0.00e+00	0.00e+00	0.00e+00
 7.02427e+22	9.92e-01	7.58e-03	7.40e-06	2.13e-07	0.00e+00	0.00e+00	0.00e+00	0.00e+00
 7.04011e+22	9.93e-01	7.36e-03	7.22e-06	2.04e-07	0.00e+00	0.00e+00	0.00e+00	0.00e+00
 7.05608e+22	9.93e-01	7.15e-03	7.04e-06	1.96e-07	0.00e+00	0.00e+00	0.00e+00	0.00e+00
 7.07221e+22	9.93e-01	6.94e-03	6.87e-06	1.87e-07	0.00e+00	0.00e+00	0.00e+00	0.00e+00
 7.08850e+22	9.93e-01	6.74e-03	6.69e-06	1.79e-07	0.00e+00	0.00e+00	0.00e+00	0.00e+00
 7.10499e+22	9.93e-01	6.54e-03	6.52e-06	1.71e-07	0.00e+00	0.00e+00	0.00e+00	0.00e+00
 7.12172e+22	9.94e-01	6.34e-03	6.35e-06	1.63e-07	0.00e+00	0.00e+00	0.00e+00	0.00e+00
 7.13874e+22	9.94e-01	6.14e-03	6.17e-06	1.55e-07	0.00e+00	0.00e+00	0.00e+00	0.00e+00
 7.15618e+22	9.94e-01	5.94e-03	6.00e-06	1.48e-07	0.00e+00	0.00e+00	0.00e+00	0.00e+00
 7.17398e+22	9.94e-01	5.75e-03	5.82e-06	1.40e-07	0.00e+00	0.00e+00	0.00e+00	0.00e+00
 7.19204e+22	9.94e-01	5.56e-03	5.65e-06	1.33e-07	0.00e+00	0.00e+00	0.00e+00	0.00e+00
 7.21039e+22	9.95e-01	5.38e-03	5.48e-06	0.00e+00	0.00e+00	0.00e+00	0.00e+00	0.00e+00
 7.22904e+22	9.95e-01	5.20e-03	5.31e-06	0.00e+00	0.00e+00	0.00e+00	0.00e+00	0.00e+00
 7.24800e+22	9.95e-01	5.02e-03	5.14e-06	0.00e+00	0.00e+00	0.00e+00	0.00e+00	0.00e+00
 7.26729e+22	9.95e-01	4.84e-03	4.97e-06	0.00e+00	0.00e+00	0.00e+00	0.00e+00	0.00e+00
 7.28699e+22	9.95e-01	4.66e-03	4.80e-06	0.00e+00	0.00e+00	0.00e+00	0.00e+00	0.00e+00
 7.30715e+22	9.96e-01	4.49e-03	4.63e-06	0.00e+00	0.00e+00	0.00e+00	0.00e+00	0.00e+00
 7.32773e+22	9.96e-01	4.32e-03	4.46e-06	0.00e+00	0.00e+00	0.00e+00	0.00e+00	0.00e+00
 7.34875e+22	9.96e-01	4.15e-03	4.29e-06	0.00e+00	0.00e+00	0.00e+00	0.00e+00	0.00e+00
 7.37022e+22	9.96e-01	3.99e-03	4.12e-06	0.00e+00	0.00e+00	0.00e+00	0.00e+00	0.00e+00
 7.39215e+22	9.96e-01	3.82e-03	3.96e-06	0.00e+00	0.00e+00	0.00e+00	0.00e+00	0.00e+00
 7.41463e+22	9.96e-01	3.66e-03	3.79e-06	0.00e+00	0.00e+00	0.00e+00	0.00e+00	0.00e+00
 7.43772e+22	9.96e-01	3.50e-03	3.63e-06	0.00e+00	0.00e+00	0.00e+00	0.00e+00	0.00e+00
 7.46120e+22	9.97e-01	3.35e-03	3.46e-06	0.00e+00	0.00e+00	0.00e+00	0.00e+00	0.00e+00
 7.48477e+22	9.97e-01	3.20e-03	3.31e-06	0.00e+00	0.00e+00	0.00e+00	0.00e+00	0.00e+00
 7.50850e+22	9.97e-01	3.05e-03	3.15e-06	0.00e+00	0.00e+00	0.00e+00	0.00e+00	0.00e+00
 7.53247e+22	9.97e-01	2.91e-03	3.00e-06	0.00e+00	0.00e+00	0.00e+00	0.00e+00	0.00e+00
 7.55663e+22	9.97e-01	2.77e-03	2.86e-06	0.00e+00	0.00e+00	0.00e+00	0.00e+00	0.00e+00
 7.58097e+22	9.97e-01	2.64e-03	2.72e-06	0.00e+00	0.00e+00	0.00e+00	0.00e+00	0.00e+00
 7.60550e+22	9.97e-01	2.51e-03	2.58e-06	0.00e+00	0.00e+00	0.00e+00	0.00e+00	0.00e+00
 7.63026e+22	9.98e-01	2.39e-03	2.45e-06	0.00e+00	0.00e+00	0.00e+00	0.00e+00	0.00e+00
 7.65513e+22	9.98e-01	2.27e-03	2.32e-06	0.00e+00	0.00e+00	0.00e+00	0.00e+00	0.00e+00
 7.68010e+22	9.98e-01	2.15e-03	2.19e-06	0.00e+00	0.00e+00	0.00e+00	0.00e+00	0.00e+00
 7.70537e+22	9.98e-01	2.04e-03	2.07e-06	0.00e+00	0.00e+00	0.00e+00	0.00e+00	0.00e+00
 7.73085e+22	9.98e-01	1.93e-03	1.96e-06	0.00e+00	0.00e+00	0.00e+00	0.00e+00	0.00e+00
 7.75654e+22	9.98e-01	1.82e-03	1.84e-06	0.00e+00	0.00e+00	0.00e+00	0.00e+00	0.00e+00
 7.78253e+22	9.98e-01	1.72e-03	1.73e-06	0.00e+00	0.00e+00	0.00e+00	0.00e+00	0.00e+00
 7.80874e+22	9.98e-01	1.62e-03	1.63e-06	0.00e+00	0.00e+00	0.00e+00	0.00e+00	0.00e+00
 7.83518e+22	9.98e-01	1.53e-03	1.53e-06	0.00e+00	0.00e+00	0.00e+00	0.00e+00	0.00e+00
 7.86185e+22	9.99e-01	1.43e-03	1.43e-06	0.00e+00	0.00e+00	0.00e+00	0.00e+00	0.00e+00
 7.88878e+22	9.99e-01	1.35e-03	1.34e-06	0.00e+00	0.00e+00	0.00e+00	0.00e+00	0.00e+00
 7.91597e+22	9.99e-01	1.26e-03	1.25e-06	0.00e+00	0.00e+00	0.00e+00	0.00e+00	0.00e+00
 7.94342e+22	9.99e-01	1.18e-03	1.16e-06	0.00e+00	0.00e+00	0.00e+00	0.00e+00	0.00e+00
 7.97116e+22	9.99e-01	1.10e-03	1.08e-06	0.00e+00	0.00e+00	0.00e+00	0.00e+00	0.00e+00
 7.99920e+22	9.99e-01	1.02e-03	1.00e-06	0.00e+00	0.00e+00	0.00e+00	0.00e+00	0.00e+00
 8.02754e+22	9.99e-01	9.51e-04	9.27e-07	0.00e+00	0.00e+00	0.00e+00	0.00e+00	0.00e+00
 8.05621e+22	9.99e-01	8.82e-04	8.56e-07	0.00e+00	0.00e+00	0.00e+00	0.00e+00	0.00e+00
 8.08523e+22	9.99e-01	8.16e-04	7.89e-07	0.00e+00	0.00e+00	0.00e+00	0.00e+00	0.00e+00
 8.11461e+22	9.99e-01	7.54e-04	7.25e-07	0.00e+00	0.00e+00	0.00e+00	0.00e+00	0.00e+00
 8.14357e+22	9.99e-01	6.97e-04	6.66e-07	0.00e+00	0.00e+00	0.00e+00	0.00e+00	0.00e+00
 8.17286e+22	9.99e-01	6.40e-04	6.10e-07	0.00e+00	0.00e+00	0.00e+00	0.00e+00	0.00e+00
 8.20359e+22	9.99e-01	5.85e-04	5.55e-07	0.00e+00	0.00e+00	0.00e+00	0.00e+00	0.00e+00
 8.23500e+22	9.99e-01	5.34e-04	5.03e-07	0.00e+00	0.00e+00	0.00e+00	0.00e+00	0.00e+00
 8.26677e+22	1.00e+00	4.85e-04	4.55e-07	0.00e+00	0.00e+00	0.00e+00	0.00e+00	0.00e+00
 8.29885e+22	1.00e+00	4.40e-04	4.11e-07	0.00e+00	0.00e+00	0.00e+00	0.00e+00	0.00e+00
 8.33155e+22	1.00e+00	3.97e-04	3.69e-07	0.00e+00	0.00e+00	0.00e+00	0.00e+00	0.00e+00
 8.36514e+22	1.00e+00	3.57e-04	3.29e-07	0.00e+00	0.00e+00	0.00e+00	0.00e+00	0.00e+00
 8.39951e+22	1.00e+00	3.19e-04	2.93e-07	0.00e+00	0.00e+00	0.00e+00	0.00e+00	0.00e+00
 8.43468e+22	1.00e+00	2.84e-04	2.59e-07	0.00e+00	0.00e+00	0.00e+00	0.00e+00	0.00e+00
 8.47077e+22	1.00e+00	2.51e-04	2.28e-07	0.00e+00	0.00e+00	0.00e+00	0.00e+00	0.00e+00
 8.50790e+22	1.00e+00	2.21e-04	1.99e-07	0.00e+00	0.00e+00	0.00e+00	0.00e+00	0.00e+00
 8.54619e+22	1.00e+00	1.93e-04	1.73e-07	0.00e+00	0.00e+00	0.00e+00	0.00e+00	0.00e+00
 8.58578e+22	1.00e+00	1.68e-04	1.49e-07	0.00e+00	0.00e+00	0.00e+00	0.00e+00	0.00e+00
 8.62676e+22	1.00e+00	1.45e-04	1.28e-07	0.00e+00	0.00e+00	0.00e+00	0.00e+00	0.00e+00
 8.66750e+22	1.00e+00	1.25e-04	1.10e-07	0.00e+00	0.00e+00	0.00e+00	0.00e+00	0.00e+00
 8.70555e+22	1.00e+00	1.09e-04	9.49e-08	0.00e+00	0.00e+00	0.00e+00	0.00e+00	0.00e+00
 8.74040e+22	1.00e+00	9.59e-05	8.31e-08	0.00e+00	0.00e+00	0.00e+00	0.00e+00	0.00e+00
 8.77273e+22	1.00e+00	8.51e-05	7.34e-08	0.00e+00	0.00e+00	0.00e+00	0.00e+00	0.00e+00
 8.80321e+22	1.00e+00	7.60e-05	6.52e-08	0.00e+00	0.00e+00	0.00e+00	0.00e+00	0.00e+00
 8.83212e+22	1.00e+00	6.83e-05	5.82e-08	0.00e+00	0.00e+00	0.00e+00	0.00e+00	0.00e+00
 8.85939e+22	1.00e+00	6.17e-05	5.24e-08	0.00e+00	0.00e+00	0.00e+00	0.00e+00	0.00e+00
 8.88493e+22	1.00e+00	5.61e-05	4.74e-08	0.00e+00	0.00e+00	0.00e+00	0.00e+00	0.00e+00
 8.90884e+22	1.00e+00	5.13e-05	4.32e-08	0.00e+00	0.00e+00	0.00e+00	0.00e+00	0.00e+00
 8.93134e+22	1.00e+00	4.72e-05	3.95e-08	0.00e+00	0.00e+00	0.00e+00	0.00e+00	0.00e+00
 8.95263e+22	1.00e+00	4.36e-05	3.64e-08	0.00e+00	0.00e+00	0.00e+00	0.00e+00	0.00e+00
 8.97280e+22	1.00e+00	4.04e-05	3.36e-08	0.00e+00	0.00e+00	0.00e+00	0.00e+00	0.00e+00
 8.99188e+22	1.00e+00	3.76e-05	3.12e-08	0.00e+00	0.00e+00	0.00e+00	0.00e+00	0.00e+00
 9.00994e+22	1.00e+00	3.52e-05	2.91e-08	0.00e+00	0.00e+00	0.00e+00	0.00e+00	0.00e+00
 9.02701e+22	1.00e+00	3.30e-05	2.72e-08	0.00e+00	0.00e+00	0.00e+00	0.00e+00	0.00e+00
 9.04310e+22	1.00e+00	3.11e-05	2.56e-08	0.00e+00	0.00e+00	0.00e+00	0.00e+00	0.00e+00
 9.05830e+22	1.00e+00	2.94e-05	2.41e-08	0.00e+00	0.00e+00	0.00e+00	0.00e+00	0.00e+00
 9.07273e+22	1.00e+00	2.79e-05	2.28e-08	0.00e+00	0.00e+00	0.00e+00	0.00e+00	0.00e+00
 9.08646e+22	1.00e+00	2.65e-05	2.17e-08	0.00e+00	0.00e+00	0.00e+00	0.00e+00	0.00e+00
 9.09952e+22	1.00e+00	2.53e-05	2.06e-08	0.00e+00	0.00e+00	0.00e+00	0.00e+00	0.00e+00
 9.11194e+22	1.00e+00	2.42e-05	1.97e-08	0.00e+00	0.00e+00	0.00e+00	0.00e+00	0.00e+00
 9.12374e+22	1.00e+00	2.32e-05	1.88e-08	0.00e+00	0.00e+00	0.00e+00	0.00e+00	0.00e+00
 9.13497e+22	1.00e+00	2.22e-05	1.80e-08	0.00e+00	0.00e+00	0.00e+00	0.00e+00	0.00e+00
 9.14568e+22	1.00e+00	2.14e-05	1.73e-08	0.00e+00	0.00e+00	0.00e+00	0.00e+00	0.00e+00
 9.15592e+22	1.00e+00	2.06e-05	1.66e-08	0.00e+00	0.00e+00	0.00e+00	0.00e+00	0.00e+00
 9.16571e+22	1.00e+00	1.99e-05	1.60e-08	0.00e+00	0.00e+00	0.00e+00	0.00e+00	0.00e+00
 9.17508e+22	1.00e+00	1.92e-05	1.55e-08	0.00e+00	0.00e+00	0.00e+00	0.00e+00	0.00e+00
 9.18405e+22	1.00e+00	1.86e-05	1.50e-08	0.00e+00	0.00e+00	0.00e+00	0.00e+00	0.00e+00
 9.19267e+22	1.00e+00	1.81e-05	1.45e-08	0.00e+00	0.00e+00	0.00e+00	0.00e+00	0.00e+00
