#depth	Ar	Ar+	Ar+2	Ar+3	Ar+4	Ar+5	Ar+6	Ar+7	Ar+8	Ar+9	Ar+10	Ar+11	Ar+12	Ar+13	Ar+14	Ar+15	Ar+16	Ar+17	Ar+18
 4.62852e+21	0.00e+00	0.00e+00	0.00e+00	0.00e+00	0.00e+00	0.00e+00	0.00e+00	0.00e+00	0.00e+00	4.47e-26	2.90e-22	8.06e-19	1.37e-15	1.11e-12	5.40e-10	2.63e-07	2.18e-04	2.55e-02	9.74e-01
 1.05248e+22	0.00e+00	0.00e+00	0.00e+00	0.00e+00	0.00e+00	0.00e+00	0.00e+00	0.00e+00	1.08e-28	1.11e-24	5.01e-21	9.75e-18	1.18e-14	6.66e-12	2.25e-09	7.66e-07	4.43e-04	3.62e-02	9.63e-01
 1.26367e+22	0.00e+00	0.00e+00	0.00e+00	0.00e+00	0.00e+00	0.00e+00	0.00e+00	0.00e+00	1.17e-27	9.44e-24	3.33e-20	5.10e-17	4.84e-14	2.16e-11	5.76e-09	1.55e-06	7.06e-04	4.54e-02	9.54e-01
 1.41559e+22	0.00e+00	0.00e+00	0.00e+00	0.00e+00	0.00e+00	0.00e+00	0.00e+00	3.22e-31	7.83e-27	5.19e-23	1.51e-19	1.90e-16	1.49e-13	5.49e-11	1.21e-08	2.70e-06	1.02e-03	5.44e-02	9.45e-01
 1.50368e+22	0.00e+00	0.00e+00	0.00e+00	0.00e+00	0.00e+00	0.00e+00	0.00e+00	6.10e-31	1.40e-26	8.72e-23	2.39e-19	2.85e-16	2.10e-13	7.30e-11	1.52e-08	3.20e-06	1.14e-03	5.74e-02	9.41e-01
 1.54393e+22	0.00e+00	0.00e+00	0.00e+00	0.00e+00	0.00e+00	0.00e+00	0.00e+00	1.11e-30	2.41e-26	1.42e-22	3.68e-19	4.15e-16	2.90e-13	9.53e-11	1.88e-08	3.75e-06	1.27e-03	6.04e-02	9.38e-01
 1.58921e+22	0.00e+00	0.00e+00	0.00e+00	0.00e+00	0.00e+00	0.00e+00	0.00e+00	2.39e-30	4.82e-26	2.64e-22	6.39e-19	6.71e-16	4.37e-13	1.34e-10	2.47e-08	4.60e-06	1.45e-03	6.45e-02	9.34e-01
 1.63526e+22	0.00e+00	0.00e+00	0.00e+00	0.00e+00	0.00e+00	0.00e+00	0.00e+00	4.50e-30	8.52e-26	4.40e-22	1.00e-18	9.96e-16	6.11e-13	1.77e-10	3.09e-08	5.43e-06	1.62e-03	6.80e-02	9.30e-01
 1.67571e+22	0.00e+00	0.00e+00	0.00e+00	0.00e+00	0.00e+00	0.00e+00	0.00e+00	8.37e-30	1.50e-25	7.30e-22	1.57e-18	1.47e-15	8.53e-13	2.34e-10	3.85e-08	6.40e-06	1.81e-03	7.16e-02	9.27e-01
 1.71559e+22	0.00e+00	0.00e+00	0.00e+00	0.00e+00	0.00e+00	0.00e+00	0.00e+00	1.55e-29	2.61e-25	1.20e-21	2.44e-18	2.16e-15	1.18e-12	3.06e-10	4.79e-08	7.52e-06	2.01e-03	7.54e-02	9.23e-01
 1.76133e+22	0.00e+00	0.00e+00	0.00e+00	0.00e+00	0.00e+00	0.00e+00	0.00e+00	3.40e-29	5.32e-25	2.27e-21	4.29e-18	3.53e-15	1.80e-12	4.34e-10	6.31e-08	9.25e-06	2.30e-03	8.04e-02	9.17e-01
 1.80687e+22	0.00e+00	0.00e+00	0.00e+00	0.00e+00	0.00e+00	0.00e+00	0.00e+00	6.30e-29	9.30e-25	3.75e-21	6.69e-18	5.20e-15	2.50e-12	5.70e-10	7.85e-08	1.09e-05	2.56e-03	8.46e-02	9.13e-01
 1.85213e+22	0.00e+00	0.00e+00	0.00e+00	0.00e+00	0.00e+00	0.00e+00	0.00e+00	1.37e-28	1.88e-24	7.03e-21	1.17e-17	8.43e-15	3.77e-12	8.02e-10	1.03e-07	1.33e-05	2.93e-03	9.02e-02	9.07e-01
 1.89805e+22	0.00e+00	0.00e+00	0.00e+00	0.00e+00	0.00e+00	0.00e+00	0.00e+00	2.57e-28	3.32e-24	1.17e-20	1.83e-17	1.25e-14	5.29e-12	1.06e-09	1.29e-07	1.57e-05	3.26e-03	9.50e-02	9.02e-01
 1.93800e+22	0.00e+00	0.00e+00	0.00e+00	0.00e+00	0.00e+00	0.00e+00	6.17e-32	4.72e-28	5.74e-24	1.91e-20	2.83e-17	1.82e-14	7.29e-12	1.38e-09	1.59e-07	1.84e-05	3.62e-03	9.97e-02	8.97e-01
 1.97431e+22	0.00e+00	0.00e+00	0.00e+00	0.00e+00	0.00e+00	0.00e+00	1.11e-31	8.09e-28	9.35e-24	2.96e-20	4.16e-17	2.56e-14	9.72e-12	1.76e-09	1.92e-07	2.12e-05	3.97e-03	1.04e-01	8.92e-01
 2.00709e+22	0.00e+00	0.00e+00	0.00e+00	0.00e+00	0.00e+00	0.00e+00	1.91e-31	1.34e-27	1.47e-23	4.44e-20	5.96e-17	3.49e-14	1.27e-11	2.19e-09	2.29e-07	2.41e-05	4.32e-03	1.08e-01	8.87e-01
 2.04413e+22	0.00e+00	0.00e+00	0.00e+00	0.00e+00	0.00e+00	0.00e+00	3.67e-31	2.43e-27	2.53e-23	7.21e-20	9.14e-17	5.07e-14	1.74e-11	2.84e-09	2.82e-07	2.82e-05	4.78e-03	1.14e-01	8.81e-01
 2.08290e+22	0.00e+00	0.00e+00	0.00e+00	0.00e+00	0.00e+00	0.00e+00	6.83e-31	4.30e-27	4.23e-23	1.14e-19	1.38e-16	7.23e-14	2.35e-11	3.65e-09	3.45e-07	3.27e-05	5.27e-03	1.19e-01	8.76e-01
 2.11685e+22	0.00e+00	0.00e+00	0.00e+00	0.00e+00	0.00e+00	0.00e+00	1.18e-30	7.11e-27	6.67e-23	1.72e-19	1.97e-16	9.90e-14	3.07e-11	4.56e-09	4.11e-07	3.73e-05	5.74e-03	1.24e-01	8.70e-01
 2.15389e+22	0.00e+00	0.00e+00	0.00e+00	0.00e+00	0.00e+00	0.00e+00	2.27e-30	1.30e-26	1.15e-22	2.80e-19	3.03e-16	1.44e-13	4.22e-11	5.92e-09	5.06e-07	4.35e-05	6.35e-03	1.30e-01	8.64e-01
 2.19325e+22	0.00e+00	0.00e+00	0.00e+00	0.00e+00	0.00e+00	0.00e+00	4.25e-30	2.31e-26	1.93e-22	4.46e-19	4.57e-16	2.06e-13	5.73e-11	7.62e-09	6.18e-07	5.05e-05	6.99e-03	1.36e-01	8.57e-01
 2.22795e+22	0.00e+00	0.00e+00	0.00e+00	0.00e+00	0.00e+00	0.00e+00	7.45e-30	3.87e-26	3.08e-22	6.76e-19	6.61e-16	2.83e-13	7.52e-11	9.55e-09	7.39e-07	5.76e-05	7.62e-03	1.41e-01	8.51e-01
 2.26539e+22	0.00e+00	0.00e+00	0.00e+00	0.00e+00	0.00e+00	0.00e+00	1.45e-29	7.12e-26	5.35e-22	1.11e-18	1.02e-15	4.13e-13	1.04e-10	1.24e-08	9.13e-07	6.74e-05	8.44e-03	1.48e-01	8.44e-01
 2.30160e+22	0.00e+00	0.00e+00	0.00e+00	0.00e+00	0.00e+00	0.00e+00	2.50e-29	1.17e-25	8.41e-22	1.66e-18	1.46e-15	5.65e-13	1.35e-10	1.55e-08	1.09e-06	7.67e-05	9.17e-03	1.53e-01	8.37e-01
 2.32992e+22	0.00e+00	0.00e+00	0.00e+00	0.00e+00	0.00e+00	0.00e+00	3.95e-29	1.79e-25	1.23e-21	2.33e-18	1.97e-15	7.34e-13	1.69e-10	1.86e-08	1.26e-06	8.54e-05	9.84e-03	1.58e-01	8.32e-01
 2.36045e+22	0.00e+00	0.00e+00	0.00e+00	0.00e+00	0.00e+00	0.00e+00	6.73e-29	2.92e-25	1.92e-21	3.47e-18	2.80e-15	9.93e-13	2.18e-10	2.30e-08	1.49e-06	9.67e-05	1.07e-02	1.64e-01	8.25e-01
 2.39385e+22	0.00e+00	0.00e+00	0.00e+00	0.00e+00	0.00e+00	1.72e-32	1.14e-28	4.73e-25	2.96e-21	5.11e-18	3.94e-15	1.34e-12	2.81e-10	2.84e-08	1.76e-06	1.09e-04	1.15e-02	1.70e-01	8.18e-01
 2.42543e+22	0.00e+00	0.00e+00	0.00e+00	0.00e+00	0.00e+00	3.00e-32	1.90e-28	7.58e-25	4.53e-21	7.48e-18	5.52e-15	1.79e-12	3.60e-10	3.48e-08	2.07e-06	1.23e-04	1.25e-02	1.76e-01	8.11e-01
 2.45547e+22	0.00e+00	0.00e+00	0.00e+00	0.00e+00	0.00e+00	5.11e-32	3.11e-28	1.19e-24	6.82e-21	1.08e-17	7.63e-15	2.38e-12	4.58e-10	4.24e-08	2.41e-06	1.38e-04	1.34e-02	1.82e-01	8.04e-01
 2.48458e+22	0.00e+00	0.00e+00	0.00e+00	0.00e+00	0.00e+00	8.56e-32	5.01e-28	1.85e-24	1.01e-20	1.54e-17	1.04e-14	3.11e-12	5.76e-10	5.13e-08	2.80e-06	1.54e-04	1.44e-02	1.88e-01	7.98e-01
 2.51792e+22	0.00e+00	0.00e+00	0.00e+00	0.00e+00	0.00e+00	1.60e-31	8.94e-28	3.15e-24	1.64e-20	2.36e-17	1.52e-14	4.32e-12	7.60e-10	6.45e-08	3.36e-06	1.77e-04	1.57e-02	1.95e-01	7.89e-01
 2.55289e+22	0.00e+00	0.00e+00	0.00e+00	0.00e+00	0.00e+00	2.90e-31	1.55e-27	5.22e-24	2.59e-20	3.55e-17	2.18e-14	5.92e-12	9.92e-10	8.03e-08	4.00e-06	2.01e-04	1.70e-02	2.02e-01	7.81e-01
 2.58293e+22	0.00e+00	0.00e+00	0.00e+00	0.00e+00	0.00e+00	4.90e-31	2.52e-27	8.14e-24	3.87e-20	5.09e-17	3.00e-14	7.80e-12	1.25e-09	9.74e-08	4.66e-06	2.24e-04	1.83e-02	2.08e-01	7.73e-01
 2.60900e+22	0.00e+00	0.00e+00	0.00e+00	0.00e+00	0.00e+00	7.71e-31	3.83e-27	1.20e-23	5.49e-20	6.95e-17	3.95e-14	9.90e-12	1.54e-09	1.15e-07	5.32e-06	2.47e-04	1.95e-02	2.14e-01	7.66e-01
 2.63692e+22	0.00e+00	0.00e+00	0.00e+00	0.00e+00	0.00e+00	1.29e-30	6.18e-27	1.86e-23	8.16e-20	9.90e-17	5.39e-14	1.30e-11	1.93e-09	1.39e-07	6.17e-06	2.76e-04	2.09e-02	2.21e-01	7.58e-01
 2.66712e+22	0.00e+00	0.00e+00	0.00e+00	0.00e+00	0.00e+00	2.15e-30	9.90e-27	2.87e-23	1.21e-19	1.40e-16	7.34e-14	1.70e-11	2.42e-09	1.68e-07	7.15e-06	3.07e-04	2.24e-02	2.27e-01	7.50e-01
 2.69484e+22	0.00e+00	0.00e+00	0.00e+00	0.00e+00	0.00e+00	1.36e-30	6.05e-27	1.69e-23	1.74e-19	1.95e-16	9.80e-14	2.18e-11	3.00e-09	2.00e-07	8.21e-06	3.40e-04	2.39e-02	2.33e-01	7.43e-01
 2.72545e+22	0.00e+00	0.00e+00	0.00e+00	0.00e+00	0.00e+00	6.17e-30	2.63e-26	7.04e-23	2.71e-19	2.89e-16	1.39e-13	2.94e-11	3.86e-09	2.46e-07	9.68e-06	3.84e-04	2.58e-02	2.41e-01	7.33e-01
 2.75641e+22	0.00e+00	0.00e+00	0.00e+00	0.00e+00	0.00e+00	4.06e-30	1.66e-26	4.28e-23	4.02e-19	4.12e-16	1.90e-13	3.86e-11	4.87e-09	2.97e-07	1.12e-05	4.28e-04	2.76e-02	2.48e-01	7.24e-01
 2.78216e+22	0.00e+00	0.00e+00	0.00e+00	0.00e+00	0.00e+00	6.36e-30	2.52e-26	6.26e-23	5.67e-19	5.60e-16	2.49e-13	4.88e-11	5.94e-09	3.50e-07	1.28e-05	4.70e-04	2.93e-02	2.54e-01	7.16e-01
 2.80998e+22	0.00e+00	0.00e+00	0.00e+00	0.00e+00	0.00e+00	1.07e-29	4.08e-26	9.76e-23	8.47e-19	8.01e-16	3.40e-13	6.41e-11	7.47e-09	4.23e-07	1.48e-05	5.24e-04	3.14e-02	2.61e-01	7.07e-01
 2.83990e+22	0.00e+00	0.00e+00	0.00e+00	0.00e+00	0.00e+00	1.79e-29	6.55e-26	1.51e-22	1.25e-18	1.14e-15	4.64e-13	8.39e-11	9.38e-09	5.10e-07	1.72e-05	5.83e-04	3.35e-02	2.68e-01	6.98e-01
 2.86720e+22	0.00e+00	0.00e+00	0.00e+00	0.00e+00	0.00e+00	2.85e-29	1.01e-25	2.24e-22	1.79e-18	1.56e-15	6.15e-13	1.07e-10	1.15e-08	6.04e-07	1.96e-05	6.42e-04	3.56e-02	2.75e-01	6.89e-01
 2.89195e+22	0.00e+00	0.00e+00	0.00e+00	0.00e+00	0.00e+00	4.36e-29	1.49e-25	3.21e-22	2.48e-18	2.09e-15	7.94e-13	1.34e-10	1.39e-08	7.05e-07	2.22e-05	7.02e-04	3.76e-02	2.81e-01	6.81e-01
 2.91516e+22	0.00e+00	0.00e+00	0.00e+00	0.00e+00	1.12e-32	6.53e-29	2.17e-25	4.52e-22	3.38e-18	2.76e-15	1.01e-12	1.65e-10	1.66e-08	8.15e-07	2.48e-05	7.62e-04	3.96e-02	2.86e-01	6.73e-01
 2.94175e+22	0.00e+00	0.00e+00	0.00e+00	0.00e+00	1.88e-32	1.06e-28	3.40e-25	6.83e-22	4.90e-18	3.84e-15	1.35e-12	2.12e-10	2.05e-08	9.70e-07	2.85e-05	8.41e-04	4.22e-02	2.93e-01	6.64e-01
 2.97014e+22	0.00e+00	0.00e+00	0.00e+00	0.00e+00	3.15e-32	1.71e-28	5.29e-25	1.03e-21	7.07e-18	5.33e-15	1.81e-12	2.73e-10	2.54e-08	1.15e-06	3.26e-05	9.29e-04	4.48e-02	3.00e-01	6.54e-01
 2.99545e+22	0.00e+00	0.00e+00	0.00e+00	0.00e+00	5.04e-32	2.65e-28	7.92e-25	1.49e-21	9.88e-18	7.18e-15	2.35e-12	3.42e-10	3.08e-08	1.35e-06	3.69e-05	1.02e-03	4.74e-02	3.06e-01	6.45e-01
 3.02292e+22	0.00e+00	0.00e+00	0.00e+00	0.00e+00	8.76e-32	4.43e-28	1.28e-24	2.30e-21	1.47e-17	1.02e-14	3.20e-12	4.47e-10	3.86e-08	1.63e-06	4.26e-05	1.13e-03	5.05e-02	3.14e-01	6.35e-01
 3.05085e+22	0.00e+00	0.00e+00	0.00e+00	0.00e+00	1.44e-31	7.03e-28	1.95e-24	3.40e-21	2.09e-17	1.40e-14	4.23e-12	5.69e-10	4.73e-08	1.92e-06	4.86e-05	1.24e-03	5.35e-02	3.20e-01	6.25e-01
 3.07440e+22	0.00e+00	0.00e+00	0.00e+00	0.00e+00	2.23e-31	1.05e-27	2.84e-24	4.80e-21	2.85e-17	1.85e-14	5.40e-12	7.03e-10	5.65e-08	2.22e-06	5.45e-05	1.34e-03	5.63e-02	3.26e-01	6.16e-01
 3.10006e+22	0.00e+00	0.00e+00	0.00e+00	0.00e+00	3.71e-31	1.70e-27	4.41e-24	7.18e-21	4.10e-17	2.55e-14	7.18e-12	8.99e-10	6.96e-08	2.63e-06	6.22e-05	1.48e-03	5.96e-02	3.33e-01	6.06e-01
 3.12763e+22	0.00e+00	0.00e+00	0.00e+00	0.00e+00	6.15e-31	2.71e-27	6.80e-24	1.07e-20	5.86e-17	3.52e-14	9.52e-12	1.15e-09	8.55e-08	3.12e-06	7.09e-05	1.63e-03	6.32e-02	3.40e-01	5.95e-01
 3.15266e+22	0.00e+00	0.00e+00	0.00e+00	0.00e+00	9.68e-31	4.13e-27	1.00e-23	1.53e-20	8.09e-17	4.69e-14	1.23e-11	1.43e-09	1.03e-07	3.62e-06	7.97e-05	1.77e-03	6.65e-02	3.46e-01	5.86e-01
 3.17582e+22	0.00e+00	0.00e+00	0.00e+00	0.00e+00	7.17e-31	2.97e-27	7.00e-24	2.14e-20	1.10e-16	6.16e-14	1.56e-11	1.76e-09	1.23e-07	4.18e-06	8.91e-05	1.92e-03	6.98e-02	3.52e-01	5.77e-01
 3.19820e+22	0.00e+00	0.00e+00	0.00e+00	0.00e+00	2.25e-30	9.06e-27	2.07e-23	2.97e-20	1.47e-16	8.01e-14	1.96e-11	2.15e-09	1.45e-07	4.80e-06	9.91e-05	2.07e-03	7.31e-02	3.57e-01	5.68e-01
 3.22389e+22	0.00e+00	0.00e+00	0.00e+00	0.00e+00	1.79e-30	6.96e-27	1.54e-23	4.41e-20	2.11e-16	1.10e-13	2.60e-11	2.73e-09	1.78e-07	5.66e-06	1.13e-04	2.26e-03	7.72e-02	3.63e-01	5.57e-01
 3.25114e+22	0.00e+00	0.00e+00	0.00e+00	0.00e+00	2.98e-30	1.11e-26	2.37e-23	6.56e-20	3.02e-16	1.52e-13	3.45e-11	3.49e-09	2.18e-07	6.70e-06	1.29e-04	2.49e-03	8.16e-02	3.70e-01	5.46e-01
 3.27494e+22	0.00e+00	0.00e+00	0.00e+00	0.00e+00	4.54e-30	1.65e-26	3.41e-23	9.15e-20	4.07e-16	1.98e-13	4.36e-11	4.27e-09	2.59e-07	7.70e-06	1.43e-04	2.68e-03	8.54e-02	3.75e-01	5.36e-01
 3.30039e+22	0.00e+00	0.00e+00	0.00e+00	0.00e+00	7.66e-30	2.68e-26	5.34e-23	1.38e-19	5.90e-16	2.76e-13	5.83e-11	5.49e-09	3.20e-07	9.14e-06	1.64e-04	2.95e-03	9.04e-02	3.82e-01	5.25e-01
 3.32744e+22	0.00e+00	0.00e+00	0.00e+00	0.00e+00	1.23e-29	4.17e-26	8.04e-23	2.00e-19	8.26e-16	3.72e-13	7.59e-11	6.90e-09	3.88e-07	1.07e-05	1.85e-04	3.21e-03	9.50e-02	3.88e-01	5.14e-01
 3.35140e+22	0.00e+00	0.00e+00	0.00e+00	0.00e+00	1.91e-29	6.27e-26	1.17e-22	2.82e-19	1.13e-15	4.91e-13	9.69e-11	8.52e-09	4.63e-07	1.24e-05	2.06e-04	3.48e-03	9.96e-02	3.93e-01	5.04e-01
 3.37370e+22	0.00e+00	0.00e+00	0.00e+00	0.00e+00	2.89e-29	9.22e-26	1.67e-22	3.91e-19	1.51e-15	6.38e-13	1.22e-10	1.04e-08	5.47e-07	1.41e-05	2.29e-04	3.74e-03	1.04e-01	3.98e-01	4.95e-01
 3.39906e+22	0.00e+00	0.00e+00	0.00e+00	6.09e-33	4.76e-29	1.46e-25	2.55e-22	5.77e-19	2.15e-15	8.73e-13	1.61e-10	1.32e-08	6.68e-07	1.66e-05	2.60e-04	4.09e-03	1.09e-01	4.03e-01	4.83e-01
 3.42612e+22	0.00e+00	0.00e+00	0.00e+00	1.04e-32	7.83e-29	2.32e-25	3.91e-22	8.50e-19	3.05e-15	1.19e-12	2.12e-10	1.67e-08	8.17e-07	1.96e-05	2.94e-04	4.47e-03	1.15e-01	4.09e-01	4.72e-01
 3.45022e+22	0.00e+00	0.00e+00	0.00e+00	1.66e-32	1.21e-28	3.48e-25	5.68e-22	1.20e-18	4.15e-15	1.57e-12	2.70e-10	2.06e-08	9.74e-07	2.26e-05	3.29e-04	4.82e-03	1.20e-01	4.13e-01	4.61e-01
 3.47641e+22	0.00e+00	0.00e+00	0.00e+00	2.91e-32	2.05e-28	5.65e-25	8.89e-22	1.80e-18	6.00e-15	2.19e-12	3.60e-10	2.65e-08	1.20e-06	2.68e-05	3.74e-04	5.28e-03	1.27e-01	4.18e-01	4.49e-01
 3.50294e+22	0.00e+00	0.00e+00	0.00e+00	4.85e-32	3.29e-28	8.77e-25	1.33e-21	2.59e-18	8.37e-15	2.94e-12	4.68e-10	3.32e-08	1.46e-06	3.13e-05	4.22e-04	5.74e-03	1.33e-01	4.23e-01	4.38e-01
 3.52512e+22	0.00e+00	0.00e+00	0.00e+00	7.46e-32	4.91e-28	1.27e-24	1.88e-21	3.55e-18	1.11e-14	3.79e-12	5.85e-10	4.02e-08	1.71e-06	3.56e-05	4.66e-04	6.15e-03	1.38e-01	4.27e-01	4.28e-01
 3.54918e+22	0.00e+00	0.00e+00	0.00e+00	1.25e-31	7.98e-28	1.99e-24	2.83e-21	5.17e-18	1.56e-14	5.14e-12	7.64e-10	5.07e-08	2.08e-06	4.17e-05	5.26e-04	6.69e-03	1.45e-01	4.31e-01	4.17e-01
 3.57503e+22	0.00e+00	0.00e+00	0.00e+00	2.06e-31	1.27e-27	3.06e-24	4.20e-21	7.40e-18	2.16e-14	6.87e-12	9.86e-10	6.31e-08	2.50e-06	4.85e-05	5.90e-04	7.24e-03	1.52e-01	4.35e-01	4.06e-01
 3.59911e+22	0.00e+00	0.00e+00	0.00e+00	3.35e-31	1.99e-27	4.65e-24	6.17e-21	1.05e-17	2.97e-14	9.12e-12	1.27e-09	7.84e-08	3.00e-06	5.62e-05	6.60e-04	7.83e-03	1.58e-01	4.38e-01	3.95e-01
 3.62267e+22	0.00e+00	0.00e+00	0.00e+00	5.39e-31	3.10e-27	7.01e-24	8.99e-21	1.48e-17	4.05e-14	1.20e-11	1.62e-09	9.67e-08	3.58e-06	6.48e-05	7.35e-04	8.43e-03	1.65e-01	4.41e-01	3.84e-01
 3.64539e+22	0.00e+00	0.00e+00	0.00e+00	8.53e-31	4.75e-27	1.04e-23	1.29e-20	2.05e-17	5.44e-14	1.57e-11	2.04e-09	1.18e-07	4.24e-06	7.44e-05	8.17e-04	9.06e-03	1.72e-01	4.44e-01	3.74e-01
 3.66722e+22	0.00e+00	0.00e+00	0.00e+00	1.32e-30	7.14e-27	1.51e-23	1.82e-20	2.81e-17	7.24e-14	2.03e-11	2.56e-09	1.44e-07	4.99e-06	8.49e-05	9.03e-04	9.70e-03	1.78e-01	4.47e-01	3.65e-01
 3.69216e+22	0.00e+00	0.00e+00	0.00e+00	2.27e-30	1.18e-26	2.41e-23	2.79e-20	4.13e-17	1.03e-13	2.77e-11	3.37e-09	1.83e-07	6.11e-06	9.99e-05	1.02e-03	1.05e-02	1.86e-01	4.49e-01	3.53e-01
 3.71818e+22	0.00e+00	0.00e+00	0.00e+00	3.76e-30	1.89e-26	3.71e-23	4.14e-20	5.91e-17	1.42e-13	3.72e-11	4.37e-09	2.28e-07	7.37e-06	1.16e-04	1.14e-03	1.14e-02	1.94e-01	4.51e-01	3.42e-01
 3.74115e+22	0.00e+00	0.00e+00	0.00e+00	6.07e-30	2.94e-26	5.58e-23	6.02e-20	8.28e-17	1.94e-13	4.90e-11	5.57e-09	2.82e-07	8.80e-06	1.34e-04	1.28e-03	1.23e-02	2.02e-01	4.53e-01	3.31e-01
 3.76317e+22	0.00e+00	0.00e+00	0.00e+00	9.54e-30	4.48e-26	8.23e-23	8.58e-20	1.14e-16	2.59e-13	6.36e-11	7.02e-09	3.44e-07	1.04e-05	1.54e-04	1.41e-03	1.31e-02	2.09e-01	4.55e-01	3.21e-01
 3.78499e+22	0.00e+00	0.00e+00	0.00e+00	1.50e-29	6.80e-26	1.21e-22	1.22e-19	1.57e-16	3.46e-13	8.25e-11	8.84e-09	4.19e-07	1.23e-05	1.76e-04	1.56e-03	1.41e-02	2.17e-01	4.56e-01	3.12e-01
 3.80660e+22	0.00e+00	0.00e+00	3.37e-33	2.32e-29	1.02e-25	1.76e-22	1.72e-19	2.14e-16	4.59e-13	1.06e-10	1.10e-08	5.08e-07	1.45e-05	2.01e-04	1.72e-03	1.50e-02	2.24e-01	4.56e-01	3.02e-01
 3.83132e+22	0.00e+00	0.00e+00	6.16e-33	4.09e-29	1.72e-25	2.84e-22	2.66e-19	3.17e-16	6.59e-13	1.47e-10	1.47e-08	6.51e-07	1.78e-05	2.37e-04	1.96e-03	1.63e-02	2.34e-01	4.57e-01	2.90e-01
 3.85627e+22	0.00e+00	0.00e+00	1.03e-32	6.60e-29	2.69e-25	4.27e-22	3.86e-19	4.43e-16	8.94e-13	1.93e-10	1.88e-08	8.04e-07	2.13e-05	2.74e-04	2.18e-03	1.75e-02	2.43e-01	4.57e-01	2.80e-01
 3.87770e+22	0.00e+00	0.00e+00	1.67e-32	1.04e-28	4.08e-25	6.27e-22	5.47e-19	6.06e-16	1.19e-12	2.51e-10	2.36e-08	9.81e-07	2.52e-05	3.13e-04	2.41e-03	1.87e-02	2.51e-01	4.57e-01	2.71e-01
 3.90177e+22	0.00e+00	0.00e+00	3.03e-32	1.81e-28	6.81e-25	1.00e-21	8.38e-19	8.89e-16	1.69e-12	3.44e-10	3.12e-08	1.25e-06	3.09e-05	3.69e-04	2.72e-03	2.03e-02	2.61e-01	4.56e-01	2.59e-01
 3.92671e+22	0.00e+00	0.00e+00	5.13e-32	2.95e-28	1.07e-24	1.52e-21	1.22e-18	1.25e-15	2.31e-12	4.55e-10	4.00e-08	1.55e-06	3.71e-05	4.28e-04	3.03e-03	2.18e-02	2.70e-01	4.55e-01	2.49e-01
 3.94799e+22	0.00e+00	0.00e+00	8.18e-32	4.56e-28	1.60e-24	2.20e-21	1.71e-18	1.68e-15	3.04e-12	5.83e-10	4.98e-08	1.87e-06	4.35e-05	4.86e-04	3.33e-03	2.32e-02	2.79e-01	4.54e-01	2.41e-01
 3.97085e+22	0.00e+00	0.00e+00	1.45e-31	7.77e-28	2.62e-24	3.44e-21	2.56e-18	2.42e-15	4.25e-12	7.89e-10	6.52e-08	2.36e-06	5.30e-05	5.69e-04	3.74e-03	2.50e-02	2.89e-01	4.52e-01	2.30e-01
 3.99431e+22	0.00e+00	0.00e+00	2.39e-31	1.24e-27	4.03e-24	5.10e-21	3.66e-18	3.33e-15	5.69e-12	1.03e-09	8.25e-08	2.90e-06	6.30e-05	6.54e-04	4.15e-03	2.67e-02	2.98e-01	4.49e-01	2.21e-01
 4.01480e+22	0.00e+00	0.00e+00	3.80e-31	1.91e-27	6.00e-24	7.34e-21	5.08e-18	4.46e-15	7.46e-12	1.31e-09	1.02e-07	3.49e-06	7.37e-05	7.42e-04	4.55e-03	2.84e-02	3.06e-01	4.47e-01	2.13e-01
 4.03769e+22	0.00e+00	0.00e+00	6.78e-31	3.27e-27	9.86e-24	1.15e-20	7.65e-18	6.43e-15	1.04e-11	1.78e-09	1.34e-07	4.41e-06	8.99e-05	8.70e-04	5.11e-03	3.05e-02	3.17e-01	4.44e-01	2.03e-01
 4.06135e+22	0.00e+00	0.00e+00	1.14e-30	5.29e-27	1.53e-23	1.72e-20	1.10e-17	8.86e-15	1.41e-11	2.33e-09	1.71e-07	5.44e-06	1.07e-04	1.00e-03	5.67e-03	3.26e-02	3.26e-01	4.40e-01	1.94e-01
 4.08158e+22	0.00e+00	0.00e+00	1.79e-30	8.06e-27	2.26e-23	2.46e-20	1.51e-17	1.18e-14	1.83e-11	2.96e-09	2.11e-07	6.53e-06	1.25e-04	1.13e-03	6.20e-03	3.45e-02	3.35e-01	4.37e-01	1.86e-01
 4.10346e+22	0.00e+00	0.00e+00	3.13e-30	1.36e-26	3.65e-23	3.80e-20	2.24e-17	1.67e-14	2.53e-11	3.97e-09	2.74e-07	8.18e-06	1.51e-04	1.32e-03	6.92e-03	3.70e-02	3.45e-01	4.33e-01	1.77e-01
 4.12585e+22	0.00e+00	0.00e+00	5.09e-30	2.13e-26	5.52e-23	5.54e-20	3.14e-17	2.25e-14	3.34e-11	5.12e-09	3.43e-07	9.95e-06	1.79e-04	1.51e-03	7.62e-03	3.92e-02	3.54e-01	4.28e-01	1.69e-01
 4.14544e+22	0.00e+00	0.00e+00	8.03e-30	3.25e-26	8.14e-23	7.89e-20	4.31e-17	2.99e-14	4.34e-11	6.49e-09	4.24e-07	1.19e-05	2.08e-04	1.70e-03	8.32e-03	4.15e-02	3.62e-01	4.24e-01	1.62e-01
 4.16745e+22	0.00e+00	0.00e+00	1.40e-29	5.46e-26	1.31e-22	1.21e-19	6.35e-17	4.21e-14	5.96e-11	8.68e-09	5.49e-07	1.49e-05	2.52e-04	1.98e-03	9.27e-03	4.43e-02	3.72e-01	4.18e-01	1.54e-01
 4.19032e+22	0.00e+00	0.00e+00	2.32e-29	8.72e-26	2.01e-22	1.79e-19	9.02e-17	5.74e-14	7.95e-11	1.13e-08	6.93e-07	1.83e-05	2.98e-04	2.26e-03	1.02e-02	4.70e-02	3.81e-01	4.13e-01	1.46e-01
 4.20999e+22	0.00e+00	0.00e+00	3.69e-29	1.34e-25	2.98e-22	2.56e-19	1.24e-16	7.60e-14	1.03e-10	1.43e-08	8.58e-07	2.20e-05	3.49e-04	2.56e-03	1.12e-02	4.96e-02	3.89e-01	4.08e-01	1.40e-01
 4.22837e+22	0.00e+00	0.00e+00	5.67e-29	2.00e-25	4.30e-22	3.57e-19	1.67e-16	9.89e-14	1.32e-10	1.79e-08	1.05e-06	2.61e-05	4.03e-04	2.87e-03	1.21e-02	5.21e-02	3.96e-01	4.03e-01	1.34e-01
 4.24937e+22	0.00e+00	0.00e+00	9.75e-29	3.30e-25	6.82e-22	5.43e-19	2.43e-16	1.38e-13	1.80e-10	2.37e-08	1.34e-06	3.24e-05	4.83e-04	3.32e-03	1.34e-02	5.54e-02	4.05e-01	3.96e-01	1.26e-01
 4.27141e+22	0.00e+00	0.00e+00	1.60e-28	5.23e-25	1.04e-21	7.93e-19	3.41e-16	1.85e-13	2.38e-10	3.06e-08	1.69e-06	3.94e-05	5.71e-04	3.78e-03	1.47e-02	5.85e-02	4.14e-01	3.89e-01	1.20e-01
 4.29086e+22	0.00e+00	0.00e+00	2.50e-28	7.92e-25	1.52e-21	1.12e-18	4.64e-16	2.43e-13	3.06e-10	3.86e-08	2.07e-06	4.70e-05	6.62e-04	4.25e-03	1.60e-02	6.14e-02	4.21e-01	3.83e-01	1.14e-01
 4.31220e+22	0.00e+00	0.00e+00	4.40e-28	1.33e-24	2.45e-21	1.72e-18	6.82e-16	3.41e-13	4.21e-10	5.15e-08	2.68e-06	5.88e-05	7.99e-04	4.93e-03	1.77e-02	6.53e-02	4.29e-01	3.75e-01	1.07e-01
 4.33398e+22	0.00e+00	0.00e+00	7.16e-28	2.09e-24	3.69e-21	2.50e-18	9.47e-16	4.55e-13	5.52e-10	6.61e-08	3.35e-06	7.12e-05	9.39e-04	5.59e-03	1.94e-02	6.87e-02	4.37e-01	3.67e-01	1.01e-01
 4.35301e+22	0.00e+00	0.00e+00	1.12e-27	3.17e-24	5.39e-21	3.52e-18	1.29e-15	5.95e-13	7.10e-10	8.32e-08	4.11e-06	8.49e-05	1.09e-03	6.28e-03	2.10e-02	7.19e-02	4.43e-01	3.61e-01	9.62e-02
 4.37441e+22	0.00e+00	1.61e-33	1.95e-27	5.31e-24	8.65e-21	5.39e-18	1.88e-15	8.30e-13	9.71e-10	1.11e-07	5.31e-06	1.06e-04	1.31e-03	7.25e-03	2.32e-02	7.61e-02	4.50e-01	3.52e-01	9.00e-02
 4.39631e+22	0.00e+00	2.69e-33	3.18e-27	8.32e-24	1.30e-20	7.79e-18	2.61e-15	1.10e-12	1.27e-09	1.42e-07	6.62e-06	1.28e-04	1.53e-03	8.21e-03	2.53e-02	7.99e-02	4.57e-01	3.44e-01	8.48e-02
 4.41553e+22	0.00e+00	4.39e-33	5.06e-27	1.28e-23	1.93e-20	1.11e-17	3.57e-15	1.45e-12	1.65e-09	1.80e-07	8.18e-06	1.53e-04	1.79e-03	9.25e-03	2.75e-02	8.36e-02	4.62e-01	3.36e-01	8.00e-02
 4.43723e+22	0.00e+00	7.98e-33	8.89e-27	2.16e-23	3.10e-20	1.70e-17	5.22e-15	2.03e-12	2.26e-09	2.40e-07	1.06e-05	1.91e-04	2.15e-03	1.07e-02	3.03e-02	8.82e-02	4.68e-01	3.26e-01	7.44e-02
 4.45989e+22	0.00e+00	1.40e-32	1.51e-26	3.51e-23	4.84e-20	2.54e-17	7.42e-15	2.75e-12	3.01e-09	3.14e-07	1.34e-05	2.35e-04	2.55e-03	1.22e-02	3.32e-02	9.26e-02	4.73e-01	3.16e-01	6.94e-02
 4.47999e+22	0.00e+00	2.28e-32	2.40e-26	5.39e-23	7.15e-20	3.61e-17	1.01e-14	3.60e-12	3.90e-09	3.97e-07	1.66e-05	2.81e-04	2.96e-03	1.37e-02	3.59e-02	9.65e-02	4.77e-01	3.08e-01	6.52e-02
 4.49933e+22	0.00e+00	3.69e-32	3.78e-26	8.21e-23	1.05e-19	5.09e-17	1.38e-14	4.71e-12	5.02e-09	5.00e-07	2.03e-05	3.35e-04	3.43e-03	1.53e-02	3.87e-02	1.00e-01	4.81e-01	3.00e-01	6.13e-02
 4.51827e+22	0.00e+00	5.93e-32	5.92e-26	1.24e-22	1.53e-19	7.14e-17	1.86e-14	6.10e-12	6.42e-09	6.27e-07	2.49e-05	3.98e-04	3.95e-03	1.71e-02	4.17e-02	1.04e-01	4.84e-01	2.91e-01	5.76e-02
 4.53681e+22	0.00e+00	9.66e-32	9.39e-26	1.90e-22	2.25e-19	1.01e-16	2.51e-14	7.91e-12	8.25e-09	7.91e-07	3.06e-05	4.75e-04	4.59e-03	1.91e-02	4.50e-02	1.08e-01	4.86e-01	2.82e-01	5.39e-02
 4.55488e+22	0.00e+00	1.51e-31	1.43e-25	2.81e-22	3.21e-19	1.39e-16	3.33e-14	1.01e-11	1.04e-08	9.79e-07	3.70e-05	5.59e-04	5.24e-03	2.12e-02	4.81e-02	1.12e-01	4.88e-01	2.74e-01	5.07e-02
 4.57166e+22	0.00e+00	2.28e-31	2.12e-25	4.02e-22	4.44e-19	1.85e-16	4.30e-14	1.26e-11	1.29e-08	1.19e-06	4.40e-05	6.48e-04	5.93e-03	2.33e-02	5.12e-02	1.16e-01	4.89e-01	2.67e-01	4.78e-02
 4.58743e+22	0.00e+00	3.42e-31	3.11e-25	5.72e-22	6.12e-19	2.47e-16	5.52e-14	1.56e-11	1.58e-08	1.44e-06	5.22e-05	7.50e-04	6.69e-03	2.55e-02	5.44e-02	1.19e-01	4.90e-01	2.59e-01	4.51e-02
 4.60546e+22	0.00e+00	5.76e-31	5.08e-25	9.00e-22	9.22e-19	3.56e-16	7.60e-14	2.05e-11	2.06e-08	1.84e-06	6.50e-05	9.03e-04	7.81e-03	2.87e-02	5.87e-02	1.23e-01	4.90e-01	2.49e-01	4.17e-02
 4.62225e+22	0.00e+00	8.39e-31	7.26e-25	1.25e-21	1.24e-18	4.63e-16	9.56e-14	2.50e-11	2.50e-08	2.20e-06	7.62e-05	1.03e-03	8.73e-03	3.12e-02	6.20e-02	1.26e-01	4.89e-01	2.42e-01	3.94e-02
 4.63500e+22	0.00e+00	1.18e-30	1.00e-24	1.68e-21	1.62e-18	5.87e-16	1.18e-13	2.98e-11	2.97e-08	2.58e-06	8.79e-05	1.17e-03	9.65e-03	3.36e-02	6.51e-02	1.29e-01	4.88e-01	2.36e-01	3.74e-02
 4.64916e+22	0.00e+00	1.75e-30	1.45e-24	2.36e-21	2.21e-18	7.73e-16	1.49e-13	3.66e-11	3.62e-08	3.10e-06	1.03e-04	1.34e-03	1.08e-02	3.66e-02	6.87e-02	1.32e-01	4.87e-01	2.28e-01	3.52e-02
 4.66443e+22	0.00e+00	2.54e-30	2.08e-24	3.28e-21	2.97e-18	1.01e-15	1.88e-13	4.45e-11	4.38e-08	3.70e-06	1.21e-04	1.53e-03	1.21e-02	3.97e-02	7.23e-02	1.35e-01	4.85e-01	2.21e-01	3.31e-02
 4.67788e+22	0.00e+00	3.57e-30	2.86e-24	4.39e-21	3.86e-18	1.27e-15	2.30e-13	5.29e-11	5.18e-08	4.33e-06	1.39e-04	1.72e-03	1.33e-02	4.27e-02	7.57e-02	1.38e-01	4.83e-01	2.14e-01	3.13e-02
 4.69006e+22	0.00e+00	4.95e-30	3.90e-24	5.83e-21	4.99e-18	1.59e-15	2.80e-13	6.25e-11	6.11e-08	5.05e-06	1.60e-04	1.93e-03	1.46e-02	4.58e-02	7.91e-02	1.40e-01	4.81e-01	2.08e-01	2.97e-02
 4.70383e+22	0.00e+00	7.41e-30	5.72e-24	8.28e-21	6.84e-18	2.11e-15	3.57e-13	7.66e-11	7.47e-08	6.09e-06	1.89e-04	2.23e-03	1.64e-02	4.99e-02	8.34e-02	1.43e-01	4.77e-01	2.00e-01	2.77e-02
 4.71782e+22	0.00e+00	1.04e-29	7.84e-24	1.11e-20	8.87e-18	2.65e-15	4.36e-13	9.07e-11	8.82e-08	7.10e-06	2.16e-04	2.50e-03	1.80e-02	5.35e-02	8.70e-02	1.45e-01	4.74e-01	1.94e-01	2.61e-02
 4.73021e+22	0.00e+00	1.44e-29	1.07e-23	1.47e-20	1.15e-17	3.33e-15	5.30e-13	1.07e-10	1.04e-07	8.27e-06	2.48e-04	2.80e-03	1.98e-02	5.73e-02	9.07e-02	1.47e-01	4.70e-01	1.87e-01	2.47e-02
 4.74207e+22	0.00e+00	1.96e-29	1.44e-23	1.93e-20	1.46e-17	4.12e-15	6.36e-13	1.25e-10	1.21e-07	9.54e-06	2.81e-04	3.12e-03	2.16e-02	6.10e-02	9.42e-02	1.49e-01	4.66e-01	1.81e-01	2.33e-02
 4.75331e+22	0.00e+00	2.66e-29	1.91e-23	2.50e-20	1.85e-17	5.06e-15	7.59e-13	1.45e-10	1.40e-07	1.10e-05	3.18e-04	3.46e-03	2.35e-02	6.49e-02	9.77e-02	1.51e-01	4.62e-01	1.75e-01	2.20e-02
 4.76612e+22	0.00e+00	3.86e-29	2.73e-23	3.45e-20	2.46e-17	6.52e-15	9.45e-13	1.74e-10	1.68e-07	1.30e-05	3.70e-04	3.93e-03	2.60e-02	6.99e-02	1.02e-01	1.53e-01	4.56e-01	1.68e-01	2.05e-02
 4.77924e+22	0.00e+00	5.39e-29	3.74e-23	4.61e-20	3.19e-17	8.18e-15	1.15e-12	2.04e-10	1.98e-07	1.51e-05	4.24e-04	4.40e-03	2.85e-02	7.47e-02	1.06e-01	1.55e-01	4.50e-01	1.62e-01	1.92e-02
 4.79055e+22	0.00e+00	7.26e-29	4.97e-23	5.96e-20	4.02e-17	1.00e-14	1.36e-12	2.36e-10	2.29e-07	1.73e-05	4.78e-04	4.87e-03	3.09e-02	7.91e-02	1.10e-01	1.56e-01	4.45e-01	1.56e-01	1.81e-02
 4.80304e+22	0.00e+00	1.06e-28	7.11e-23	8.26e-20	5.38e-17	1.29e-14	1.69e-12	2.82e-10	2.74e-07	2.05e-05	5.56e-04	5.52e-03	3.43e-02	8.51e-02	1.14e-01	1.57e-01	4.37e-01	1.49e-01	1.68e-02
 4.81584e+22	0.00e+00	1.47e-28	9.73e-23	1.10e-19	6.92e-17	1.61e-14	2.04e-12	3.29e-10	3.21e-07	2.38e-05	6.34e-04	6.16e-03	3.74e-02	9.05e-02	1.18e-01	1.58e-01	4.30e-01	1.43e-01	1.57e-02
 4.82708e+22	0.00e+00	1.98e-28	1.29e-22	1.42e-19	8.69e-17	1.97e-14	2.42e-12	3.79e-10	3.70e-07	2.72e-05	7.13e-04	6.79e-03	4.04e-02	9.56e-02	1.22e-01	1.59e-01	4.24e-01	1.37e-01	1.47e-02
 4.83784e+22	0.00e+00	2.66e-28	1.70e-22	1.82e-19	1.09e-16	2.39e-14	2.85e-12	4.34e-10	4.26e-07	3.10e-05	8.01e-04	7.48e-03	4.37e-02	1.01e-01	1.25e-01	1.60e-01	4.16e-01	1.32e-01	1.38e-02
 4.84823e+22	0.00e+00	3.60e-28	2.27e-22	2.36e-19	1.37e-16	2.91e-14	3.36e-12	4.96e-10	4.89e-07	3.54e-05	9.01e-04	8.25e-03	4.72e-02	1.07e-01	1.29e-01	1.60e-01	4.09e-01	1.26e-01	1.29e-02
 4.85826e+22	0.00e+00	4.70e-28	2.92e-22	2.97e-19	1.68e-16	3.48e-14	3.91e-12	5.61e-10	5.55e-07	3.99e-05	1.00e-03	9.00e-03	5.06e-02	1.12e-01	1.32e-01	1.60e-01	4.02e-01	1.21e-01	1.22e-02
 4.86956e+22	0.00e+00	6.79e-28	4.15e-22	4.07e-19	2.22e-16	4.43e-14	4.78e-12	6.60e-10	6.58e-07	4.68e-05	1.15e-03	1.01e-02	5.55e-02	1.19e-01	1.36e-01	1.60e-01	3.92e-01	1.15e-01	1.12e-02
 4.88097e+22	0.00e+00	9.13e-28	5.49e-22	5.25e-19	2.77e-16	5.36e-14	5.61e-12	7.51e-10	7.54e-07	5.32e-05	1.29e-03	1.11e-02	5.98e-02	1.25e-01	1.40e-01	1.60e-01	3.83e-01	1.10e-01	1.04e-02
 4.89252e+22	0.00e+00	1.33e-27	7.84e-22	7.23e-19	3.68e-16	6.84e-14	6.86e-12	8.83e-10	8.94e-07	6.26e-05	1.49e-03	1.25e-02	6.55e-02	1.33e-01	1.44e-01	1.59e-01	3.72e-01	1.03e-01	9.49e-03
 4.90420e+22	0.00e+00	1.80e-27	1.04e-21	9.35e-19	4.61e-16	8.32e-14	8.07e-12	1.00e-09	1.03e-06	7.12e-05	1.67e-03	1.37e-02	7.05e-02	1.40e-01	1.47e-01	1.59e-01	3.62e-01	9.79e-02	8.80e-03
 4.91450e+22	0.00e+00	2.43e-27	1.39e-21	1.21e-18	5.79e-16	1.01e-13	9.46e-12	1.14e-09	1.17e-06	8.10e-05	1.87e-03	1.51e-02	7.57e-02	1.46e-01	1.50e-01	1.58e-01	3.52e-01	9.29e-02	8.14e-03
 4.92632e+22	0.00e+00	3.62e-27	2.04e-21	1.70e-18	7.80e-16	1.30e-13	1.17e-11	1.35e-09	1.40e-06	9.59e-05	2.18e-03	1.70e-02	8.32e-02	1.55e-01	1.54e-01	1.56e-01	3.39e-01	8.63e-02	7.31e-03
 4.93792e+22	0.00e+00	4.82e-27	2.67e-21	2.17e-18	9.65e-16	1.56e-13	1.35e-11	1.51e-09	1.59e-06	1.08e-04	2.42e-03	1.85e-02	8.88e-02	1.62e-01	1.56e-01	1.55e-01	3.29e-01	8.18e-02	6.76e-03
 4.94924e+22	6.71e-34	7.13e-27	3.87e-21	3.02e-18	1.29e-15	2.00e-13	1.65e-11	1.77e-09	1.88e-06	1.27e-04	2.79e-03	2.08e-02	9.70e-02	1.71e-01	1.59e-01	1.52e-01	3.15e-01	7.57e-02	6.05e-03
 4.96056e+22	9.06e-34	9.48e-27	5.08e-21	3.85e-18	1.59e-15	2.39e-13	1.92e-11	1.99e-09	2.13e-06	1.43e-04	3.09e-03	2.25e-02	1.03e-01	1.78e-01	1.61e-01	1.50e-01	3.05e-01	7.14e-02	5.58e-03
 4.97189e+22	1.38e-33	1.41e-26	7.42e-21	5.39e-18	2.14e-15	3.06e-13	2.34e-11	2.32e-09	2.52e-06	1.68e-04	3.56e-03	2.53e-02	1.12e-01	1.87e-01	1.64e-01	1.47e-01	2.90e-01	6.56e-02	4.95e-03
 4.98324e+22	1.87e-33	1.89e-26	9.80e-21	6.90e-18	2.65e-15	3.68e-13	2.71e-11	2.60e-09	2.85e-06	1.89e-04	3.94e-03	2.74e-02	1.19e-01	1.94e-01	1.65e-01	1.45e-01	2.79e-01	6.16e-02	4.53e-03
 4.99463e+22	2.83e-33	2.81e-26	1.43e-20	9.64e-18	3.54e-15	4.70e-13	3.30e-11	3.02e-09	3.36e-06	2.21e-04	4.51e-03	3.05e-02	1.29e-01	2.03e-01	1.67e-01	1.41e-01	2.64e-01	5.62e-02	3.99e-03
 5.00564e+22	3.79e-33	3.71e-26	1.86e-20	1.22e-17	4.34e-15	5.58e-13	3.79e-11	3.36e-09	3.77e-06	2.46e-04	4.96e-03	3.29e-02	1.37e-01	2.10e-01	1.68e-01	1.38e-01	2.54e-01	5.27e-02	3.65e-03
 5.01614e+22	5.58e-33	5.36e-26	2.64e-20	1.66e-17	5.67e-15	6.98e-13	4.53e-11	3.85e-09	4.37e-06	2.83e-04	5.61e-03	3.62e-02	1.46e-01	2.18e-01	1.69e-01	1.34e-01	2.40e-01	4.82e-02	3.23e-03
 5.02682e+22	7.58e-33	7.18e-26	3.49e-20	2.12e-17	7.02e-15	8.35e-13	5.23e-11	4.28e-09	4.91e-06	3.17e-04	6.17e-03	3.90e-02	1.55e-01	2.24e-01	1.69e-01	1.31e-01	2.29e-01	4.48e-02	2.92e-03
 5.03774e+22	1.13e-32	1.05e-25	5.02e-20	2.93e-17	9.28e-15	1.05e-12	6.29e-11	4.93e-09	5.70e-06	3.65e-04	6.98e-03	4.30e-02	1.65e-01	2.32e-01	1.69e-01	1.26e-01	2.14e-01	4.05e-02	2.56e-03
 5.04883e+22	1.56e-32	1.43e-25	6.71e-20	3.78e-17	1.16e-14	1.27e-12	7.29e-11	5.50e-09	6.41e-06	4.09e-04	7.68e-03	4.63e-02	1.74e-01	2.38e-01	1.68e-01	1.22e-01	2.03e-01	3.73e-02	2.29e-03
 5.06015e+22	2.37e-32	2.13e-25	9.81e-20	5.29e-17	1.54e-14	1.62e-12	8.83e-11	6.35e-09	7.46e-06	4.72e-04	8.69e-03	5.08e-02	1.86e-01	2.45e-01	1.67e-01	1.17e-01	1.89e-01	3.34e-02	1.98e-03
 5.07157e+22	3.29e-32	2.91e-25	1.32e-19	6.86e-17	1.93e-14	1.95e-12	1.02e-10	7.10e-09	8.37e-06	5.27e-04	9.54e-03	5.46e-02	1.95e-01	2.51e-01	1.66e-01	1.13e-01	1.78e-01	3.06e-02	1.76e-03
 5.08311e+22	5.05e-32	4.38e-25	1.94e-19	9.65e-17	2.60e-14	2.49e-12	1.24e-10	8.20e-09	9.71e-06	6.07e-04	1.08e-02	5.98e-02	2.07e-01	2.57e-01	1.64e-01	1.07e-01	1.64e-01	2.72e-02	1.50e-03
 5.09436e+22	6.85e-32	5.86e-25	2.56e-19	1.23e-16	3.20e-14	2.97e-12	1.43e-10	9.11e-09	1.08e-05	6.70e-04	1.17e-02	6.36e-02	2.16e-01	2.61e-01	1.62e-01	1.03e-01	1.55e-01	2.49e-02	1.34e-03
 5.10525e+22	1.03e-31	8.60e-25	3.69e-19	1.70e-16	4.23e-14	3.75e-12	1.72e-10	1.04e-08	1.23e-05	7.61e-04	1.30e-02	6.90e-02	2.27e-01	2.66e-01	1.59e-01	9.81e-02	1.43e-01	2.22e-02	1.15e-03
 5.11634e+22	1.40e-31	1.16e-24	4.90e-19	2.18e-16	5.25e-14	4.49e-12	1.98e-10	1.16e-08	1.37e-05	8.39e-04	1.41e-02	7.33e-02	2.36e-01	2.69e-01	1.57e-01	9.40e-02	1.34e-01	2.02e-02	1.02e-03
 5.12769e+22	2.13e-31	1.72e-24	7.13e-19	3.03e-16	6.97e-14	5.70e-12	2.40e-10	1.34e-08	1.57e-05	9.52e-04	1.57e-02	7.91e-02	2.48e-01	2.73e-01	1.53e-01	8.86e-02	1.23e-01	1.78e-02	8.65e-04
 5.13903e+22	2.89e-31	2.31e-24	9.41e-19	3.87e-16	8.62e-14	6.82e-12	2.76e-10	1.49e-08	1.73e-05	1.04e-03	1.69e-02	8.36e-02	2.56e-01	2.75e-01	1.50e-01	8.47e-02	1.15e-01	1.62e-02	7.65e-04
 5.15035e+22	4.36e-31	3.41e-24	1.36e-18	5.35e-16	1.14e-13	8.64e-12	3.34e-10	1.72e-08	1.97e-05	1.18e-03	1.87e-02	8.98e-02	2.67e-01	2.78e-01	1.46e-01	7.96e-02	1.05e-01	1.42e-02	6.47e-04
 5.16183e+22	5.93e-31	4.56e-24	1.79e-18	6.83e-16	1.41e-13	1.03e-11	3.85e-10	1.92e-08	2.17e-05	1.29e-03	2.01e-02	9.45e-02	2.75e-01	2.79e-01	1.43e-01	7.59e-02	9.78e-02	1.29e-02	5.70e-04
 5.17352e+22	8.94e-31	6.74e-24	2.60e-18	9.47e-16	1.88e-13	1.31e-11	4.67e-10	2.22e-08	2.46e-05	1.45e-03	2.21e-02	1.01e-01	2.86e-01	2.80e-01	1.39e-01	7.10e-02	8.88e-02	1.13e-02	4.80e-04
 5.18547e+22	1.23e-30	9.09e-24	3.45e-18	1.22e-15	2.33e-13	1.58e-11	5.42e-10	2.49e-08	2.71e-05	1.58e-03	2.37e-02	1.06e-01	2.93e-01	2.80e-01	1.35e-01	6.74e-02	8.25e-02	1.01e-02	4.20e-04
 5.19775e+22	1.86e-30	1.35e-23	4.99e-18	1.69e-15	3.11e-13	2.02e-11	6.59e-10	2.89e-08	3.07e-05	1.77e-03	2.59e-02	1.13e-01	3.03e-01	2.80e-01	1.30e-01	6.28e-02	7.46e-02	8.82e-03	3.51e-04
 5.21041e+22	2.58e-30	1.84e-23	6.71e-18	2.19e-15	3.91e-13	2.45e-11	7.72e-10	3.26e-08	3.40e-05	1.94e-03	2.78e-02	1.19e-01	3.10e-01	2.79e-01	1.26e-01	5.92e-02	6.88e-02	7.88e-03	3.04e-04
 5.22165e+22	3.54e-30	2.49e-23	8.90e-18	2.82e-15	4.87e-13	2.95e-11	8.99e-10	3.67e-08	3.74e-05	2.11e-03	2.97e-02	1.24e-01	3.17e-01	2.78e-01	1.22e-01	5.60e-02	6.35e-02	7.06e-03	2.65e-04
 5.23435e+22	5.32e-30	3.65e-23	1.28e-17	3.88e-15	6.45e-13	3.76e-11	1.09e-09	4.27e-08	4.22e-05	2.35e-03	3.23e-02	1.31e-01	3.26e-01	2.76e-01	1.17e-01	5.20e-02	5.73e-02	6.12e-03	2.21e-04
 5.24720e+22	7.28e-30	4.90e-23	1.69e-17	4.97e-15	8.02e-13	4.53e-11	1.27e-09	4.81e-08	4.64e-05	2.55e-03	3.44e-02	1.37e-01	3.32e-01	2.74e-01	1.13e-01	4.90e-02	5.28e-02	5.48e-03	1.92e-04
 5.26024e+22	1.09e-29	7.17e-23	2.41e-17	6.83e-15	1.06e-12	5.75e-11	1.55e-09	5.60e-08	5.23e-05	2.83e-03	3.73e-02	1.44e-01	3.39e-01	2.71e-01	1.08e-01	4.53e-02	4.75e-02	4.74e-03	1.60e-04
 5.27367e+22	1.50e-29	9.72e-23	3.20e-17	8.81e-15	1.33e-12	6.98e-11	1.81e-09	6.34e-08	5.76e-05	3.07e-03	3.97e-02	1.50e-01	3.45e-01	2.68e-01	1.04e-01	4.26e-02	4.36e-02	4.21e-03	1.38e-04
 5.28572e+22	2.06e-29	1.31e-22	4.23e-17	1.13e-14	1.65e-12	8.43e-11	2.12e-09	7.16e-08	6.33e-05	3.33e-03	4.21e-02	1.56e-01	3.50e-01	2.65e-01	1.00e-01	4.00e-02	4.00e-02	3.75e-03	1.19e-04
 5.29953e+22	3.09e-29	1.91e-22	6.05e-17	1.55e-14	2.19e-12	1.07e-10	2.59e-09	8.38e-08	7.14e-05	3.68e-03	4.55e-02	1.64e-01	3.56e-01	2.60e-01	9.51e-02	3.68e-02	3.58e-02	3.22e-03	9.82e-05
 5.31342e+22	4.19e-29	2.55e-22	7.91e-17	1.98e-14	2.71e-12	1.29e-10	3.01e-09	9.45e-08	7.83e-05	3.98e-03	4.81e-02	1.70e-01	3.60e-01	2.57e-01	9.13e-02	3.45e-02	3.28e-02	2.87e-03	8.50e-05
 5.32741e+22	6.27e-29	3.72e-22	1.13e-16	2.71e-14	3.59e-12	1.65e-10	3.68e-09	1.11e-07	8.82e-05	4.40e-03	5.18e-02	1.77e-01	3.65e-01	2.51e-01	8.64e-02	3.17e-02	2.93e-02	2.46e-03	7.00e-05
 5.34159e+22	8.49e-29	4.95e-22	1.47e-16	3.44e-14	4.43e-12	1.98e-10	4.28e-09	1.25e-07	9.67e-05	4.74e-03	5.46e-02	1.83e-01	3.68e-01	2.47e-01	8.28e-02	2.97e-02	2.68e-02	2.19e-03	6.04e-05
 5.35386e+22	1.14e-28	6.50e-22	1.89e-16	4.32e-14	5.43e-12	2.36e-10	4.96e-09	1.40e-07	1.06e-04	5.09e-03	5.75e-02	1.89e-01	3.71e-01	2.43e-01	7.94e-02	2.79e-02	2.47e-02	1.95e-03	5.24e-05
 5.36766e+22	1.66e-28	9.25e-22	2.63e-16	5.80e-14	7.05e-12	2.96e-10	5.99e-09	1.63e-07	1.18e-04	5.58e-03	6.14e-02	1.96e-01	3.75e-01	2.37e-01	7.51e-02	2.56e-02	2.21e-02	1.68e-03	4.35e-05
 5.38139e+22	2.18e-28	1.20e-21	3.34e-16	7.21e-14	8.56e-12	3.51e-10	6.90e-09	1.83e-07	1.29e-04	5.97e-03	6.44e-02	2.02e-01	3.77e-01	2.33e-01	7.20e-02	2.41e-02	2.03e-02	1.51e-03	3.79e-05
 5.39503e+22	3.12e-28	1.67e-21	4.56e-16	9.53e-14	1.10e-11	4.36e-10	8.27e-09	2.11e-07	1.43e-04	6.51e-03	6.84e-02	2.09e-01	3.79e-01	2.27e-01	6.80e-02	2.22e-02	1.82e-02	1.30e-03	3.16e-05
 5.40896e+22	4.16e-28	2.19e-21	5.85e-16	1.19e-13	1.34e-11	5.19e-10	9.57e-09	2.37e-07	1.57e-04	6.97e-03	7.18e-02	2.15e-01	3.80e-01	2.22e-01	6.50e-02	2.07e-02	1.67e-02	1.16e-03	2.73e-05
 5.42328e+22	6.03e-28	3.09e-21	8.07e-16	1.59e-13	1.74e-11	6.51e-10	1.16e-08	2.76e-07	1.75e-04	7.62e-03	7.63e-02	2.22e-01	3.82e-01	2.16e-01	6.11e-02	1.90e-02	1.49e-02	9.93e-04	2.25e-05
 5.43770e+22	7.95e-28	4.00e-21	1.02e-15	1.98e-13	2.11e-11	7.71e-10	1.33e-08	3.10e-07	1.91e-04	8.14e-03	7.98e-02	2.28e-01	3.83e-01	2.11e-01	5.83e-02	1.77e-02	1.36e-02	8.85e-04	1.95e-05
 5.45225e+22	1.15e-27	5.64e-21	1.41e-15	2.63e-13	2.73e-11	9.66e-10	1.61e-08	3.60e-07	2.14e-04	8.88e-03	8.46e-02	2.35e-01	3.83e-01	2.04e-01	5.47e-02	1.62e-02	1.21e-02	7.57e-04	1.61e-05
 5.46646e+22	1.48e-27	7.14e-21	1.75e-15	3.21e-13	3.25e-11	1.13e-09	1.83e-08	4.01e-07	2.31e-04	9.43e-03	8.81e-02	2.40e-01	3.83e-01	2.00e-01	5.22e-02	1.52e-02	1.12e-02	6.80e-04	1.41e-05
 5.48024e+22	2.08e-27	9.79e-21	2.34e-15	4.17e-13	4.13e-11	1.39e-09	2.18e-08	4.61e-07	2.57e-04	1.02e-02	9.29e-02	2.47e-01	3.83e-01	1.94e-01	4.91e-02	1.40e-02	9.98e-03	5.87e-04	1.17e-05
 5.49428e+22	2.69e-27	1.25e-20	2.92e-15	5.11e-13	4.94e-11	1.63e-09	2.50e-08	5.14e-07	2.78e-04	1.09e-02	9.67e-02	2.52e-01	3.82e-01	1.89e-01	4.68e-02	1.31e-02	9.17e-03	5.25e-04	1.02e-05
 5.50867e+22	3.80e-27	1.71e-20	3.92e-15	6.67e-13	6.28e-11	2.01e-09	2.98e-08	5.94e-07	3.10e-04	1.18e-02	1.02e-01	2.58e-01	3.81e-01	1.82e-01	4.38e-02	1.20e-02	8.17e-03	4.51e-04	8.47e-06
 5.52333e+22	4.96e-27	2.19e-20	4.92e-15	8.19e-13	7.57e-11	2.37e-09	3.42e-08	6.64e-07	3.36e-04	1.25e-02	1.06e-01	2.63e-01	3.80e-01	1.77e-01	4.16e-02	1.12e-02	7.47e-03	4.01e-04	7.33e-06
 5.53833e+22	7.02e-27	3.03e-20	6.62e-15	1.07e-12	9.65e-11	2.93e-09	4.10e-08	7.69e-07	3.75e-04	1.36e-02	1.12e-01	2.70e-01	3.78e-01	1.71e-01	3.89e-02	1.02e-02	6.63e-03	3.43e-04	6.04e-06
 5.55360e+22	9.20e-27	3.89e-20	8.32e-15	1.32e-12	1.16e-10	3.46e-09	4.71e-08	8.62e-07	4.08e-04	1.44e-02	1.16e-01	2.75e-01	3.76e-01	1.65e-01	3.68e-02	9.45e-03	6.04e-03	3.04e-04	5.20e-06
 5.56923e+22	1.31e-26	5.38e-20	1.12e-14	1.74e-12	1.49e-10	4.30e-09	5.66e-08	1.00e-06	4.56e-04	1.57e-02	1.22e-01	2.81e-01	3.73e-01	1.59e-01	3.42e-02	8.58e-03	5.34e-03	2.59e-04	4.27e-06
 5.58518e+22	1.73e-26	6.95e-20	1.42e-14	2.15e-12	1.80e-10	5.09e-09	6.53e-08	1.13e-06	4.97e-04	1.67e-02	1.27e-01	2.86e-01	3.70e-01	1.54e-01	3.23e-02	7.95e-03	4.85e-03	2.28e-04	3.65e-06
 5.60156e+22	2.46e-26	9.65e-20	1.92e-14	2.82e-12	2.31e-10	6.34e-09	7.86e-08	1.31e-06	5.56e-04	1.81e-02	1.34e-01	2.92e-01	3.67e-01	1.47e-01	2.99e-02	7.19e-03	4.27e-03	1.93e-04	2.98e-06
 5.61841e+22	3.29e-26	1.26e-19	2.45e-14	3.53e-12	2.83e-10	7.58e-09	9.14e-08	1.48e-06	6.10e-04	1.93e-02	1.39e-01	2.97e-01	3.63e-01	1.41e-01	2.81e-02	6.62e-03	3.84e-03	1.69e-04	2.53e-06
 5.63586e+22	4.76e-26	1.77e-19	3.34e-14	4.69e-12	3.65e-10	9.50e-09	1.11e-07	1.73e-06	6.85e-04	2.10e-02	1.47e-01	3.03e-01	3.59e-01	1.35e-01	2.59e-02	5.95e-03	3.36e-03	1.42e-04	2.04e-06
 5.65282e+22	6.19e-26	2.26e-19	4.16e-14	5.73e-12	4.38e-10	1.11e-08	1.27e-07	1.93e-06	7.44e-04	2.23e-02	1.52e-01	3.07e-01	3.55e-01	1.30e-01	2.44e-02	5.52e-03	3.06e-03	1.25e-04	1.76e-06
 5.66914e+22	8.74e-26	3.10e-19	5.56e-14	7.46e-12	5.57e-10	1.38e-08	1.52e-07	2.24e-06	8.29e-04	2.40e-02	1.59e-01	3.13e-01	3.50e-01	1.24e-01	2.25e-02	4.98e-03	2.69e-03	1.06e-04	1.43e-06
 5.68578e+22	1.15e-25	3.97e-19	6.96e-14	9.17e-12	6.71e-10	1.62e-08	1.74e-07	2.51e-06	9.02e-04	2.55e-02	1.65e-01	3.16e-01	3.45e-01	1.19e-01	2.12e-02	4.59e-03	2.43e-03	9.33e-05	1.22e-06
 5.70284e+22	1.60e-25	5.40e-19	9.20e-14	1.18e-11	8.44e-10	1.99e-08	2.07e-07	2.89e-06	1.00e-03	2.74e-02	1.72e-01	3.21e-01	3.40e-01	1.13e-01	1.95e-02	4.15e-03	2.14e-03	7.94e-05	1.00e-06
 5.72088e+22	2.18e-25	7.16e-19	1.19e-13	1.50e-11	1.04e-09	2.40e-08	2.43e-07	3.30e-06	1.10e-03	2.93e-02	1.79e-01	3.25e-01	3.34e-01	1.08e-01	1.81e-02	3.78e-03	1.90e-03	6.82e-05	8.35e-07
 5.73744e+22	2.91e-25	9.33e-19	1.51e-13	1.86e-11	1.27e-09	2.86e-08	2.82e-07	3.72e-06	1.21e-03	3.12e-02	1.85e-01	3.28e-01	3.29e-01	1.03e-01	1.69e-02	3.46e-03	1.71e-03	5.92e-05	7.03e-07
 5.75626e+22	4.16e-25	1.30e-18	2.04e-13	2.45e-11	1.63e-09	3.56e-08	3.39e-07	4.33e-06	1.35e-03	3.37e-02	1.93e-01	3.32e-01	3.22e-01	9.75e-02	1.55e-02	3.09e-03	1.48e-03	4.96e-05	5.66e-07
 5.77619e+22	5.81e-25	1.76e-18	2.69e-13	3.15e-11	2.05e-09	4.35e-08	4.02e-07	4.98e-06	1.50e-03	3.62e-02	2.01e-01	3.36e-01	3.15e-01	9.23e-02	1.42e-02	2.78e-03	1.30e-03	4.19e-05	4.62e-07
 5.79468e+22	7.95e-25	2.34e-18	3.49e-13	4.00e-11	2.54e-09	5.26e-08	4.72e-07	5.68e-06	1.65e-03	3.87e-02	2.09e-01	3.38e-01	3.08e-01	8.76e-02	1.31e-02	2.52e-03	1.15e-03	3.58e-05	3.81e-07
 5.81265e+22	1.07e-24	3.08e-18	4.46e-13	5.01e-11	3.11e-09	6.29e-08	5.49e-07	6.43e-06	1.81e-03	4.12e-02	2.16e-01	3.41e-01	3.02e-01	8.32e-02	1.21e-02	2.29e-03	1.02e-03	3.08e-05	3.18e-07
 5.83285e+22	1.56e-24	4.33e-18	6.08e-13	6.65e-11	4.02e-09	7.89e-08	6.65e-07	7.53e-06	2.03e-03	4.45e-02	2.25e-01	3.44e-01	2.93e-01	7.79e-02	1.10e-02	2.02e-03	8.78e-04	2.54e-05	2.52e-07
 5.85332e+22	2.14e-24	5.78e-18	7.89e-13	8.44e-11	4.99e-09	9.54e-08	7.81e-07	8.59e-06	2.23e-03	4.75e-02	2.33e-01	3.45e-01	2.86e-01	7.35e-02	1.01e-02	1.82e-03	7.71e-04	2.15e-05	2.06e-07
 5.87110e+22	2.86e-24	7.54e-18	1.00e-12	1.05e-10	6.09e-09	1.14e-07	9.06e-07	9.71e-06	2.44e-03	5.04e-02	2.40e-01	3.47e-01	2.79e-01	6.96e-02	9.29e-03	1.65e-03	6.83e-04	1.85e-05	1.71e-07
 5.89117e+22	4.12e-24	1.05e-17	1.35e-12	1.38e-10	7.80e-09	1.41e-07	1.09e-06	1.13e-05	2.73e-03	5.42e-02	2.49e-01	3.48e-01	2.70e-01	6.50e-02	8.40e-03	1.46e-03	5.87e-04	1.53e-05	1.36e-07
 5.91199e+22	5.67e-24	1.41e-17	1.76e-12	1.76e-10	9.70e-09	1.72e-07	1.28e-06	1.29e-05	3.01e-03	5.78e-02	2.57e-01	3.49e-01	2.62e-01	6.10e-02	7.66e-03	1.30e-03	5.12e-04	1.28e-05	0.00e+00
