#depth	He	He+	He+2
 4.62852e+21	1.05e-05	3.38e-02	9.66e-01
 1.03998e+22	2.26e-05	4.93e-02	9.51e-01
 1.21138e+22	3.31e-05	5.92e-02	9.41e-01
 1.30474e+22	4.19e-05	6.64e-02	9.34e-01
 1.35776e+22	4.67e-05	6.99e-02	9.30e-01
 1.39073e+22	5.20e-05	7.36e-02	9.26e-01
 1.42281e+22	5.77e-05	7.74e-02	9.23e-01
 1.45943e+22	6.56e-05	8.23e-02	9.18e-01
 1.49705e+22	7.35e-05	8.69e-02	9.13e-01
 1.53025e+22	8.16e-05	9.13e-02	9.09e-01
 1.56768e+22	9.31e-05	9.72e-02	9.03e-01
 1.60591e+22	1.04e-04	1.03e-01	8.97e-01
 1.64006e+22	1.16e-04	1.08e-01	8.92e-01
 1.67931e+22	1.33e-04	1.15e-01	8.85e-01
 1.71566e+22	1.46e-04	1.20e-01	8.80e-01
 1.74824e+22	1.63e-04	1.26e-01	8.73e-01
 1.78158e+22	1.79e-04	1.32e-01	8.68e-01
 1.81114e+22	1.95e-04	1.38e-01	8.62e-01
 1.84477e+22	2.18e-04	1.45e-01	8.55e-01
 1.87895e+22	2.40e-04	1.51e-01	8.48e-01
 1.90904e+22	2.63e-04	1.58e-01	8.42e-01
 1.94331e+22	2.94e-04	1.66e-01	8.34e-01
 1.97815e+22	3.23e-04	1.73e-01	8.27e-01
 2.00893e+22	3.53e-04	1.80e-01	8.19e-01
 2.04414e+22	3.95e-04	1.90e-01	8.10e-01
 2.07988e+22	4.35e-04	1.98e-01	8.02e-01
 2.11151e+22	4.76e-04	2.06e-01	7.94e-01
 2.14785e+22	5.33e-04	2.17e-01	7.83e-01
 2.18477e+22	5.86e-04	2.26e-01	7.74e-01
 2.22245e+22	6.56e-04	2.37e-01	7.62e-01
 2.26098e+22	7.26e-04	2.48e-01	7.52e-01
 2.29481e+22	7.95e-04	2.57e-01	7.42e-01
 2.33298e+22	8.91e-04	2.70e-01	7.29e-01
 2.37252e+22	9.83e-04	2.82e-01	7.17e-01
 2.41384e+22	1.11e-03	2.96e-01	7.03e-01
 2.45571e+22	1.23e-03	3.09e-01	6.90e-01
 2.49226e+22	1.35e-03	3.21e-01	6.78e-01
 2.52362e+22	1.44e-03	3.30e-01	6.69e-01
 2.55429e+22	1.58e-03	3.42e-01	6.57e-01
 2.57596e+22	1.61e-03	3.44e-01	6.54e-01
 2.58593e+22	1.66e-03	3.49e-01	6.49e-01
 2.59889e+22	1.72e-03	3.53e-01	6.45e-01
 2.61574e+22	1.80e-03	3.60e-01	6.38e-01
 2.63764e+22	1.91e-03	3.69e-01	6.29e-01
 2.66611e+22	2.08e-03	3.81e-01	6.17e-01
 2.69613e+22	2.23e-03	3.91e-01	6.07e-01
 2.72816e+22	2.43e-03	4.04e-01	5.94e-01
 2.76107e+22	2.62e-03	4.15e-01	5.83e-01
 2.79509e+22	2.86e-03	4.29e-01	5.68e-01
 2.82962e+22	3.09e-03	4.40e-01	5.56e-01
 2.86480e+22	3.39e-03	4.55e-01	5.41e-01
 2.90039e+22	3.65e-03	4.67e-01	5.29e-01
 2.93650e+22	4.00e-03	4.82e-01	5.14e-01
 2.97353e+22	4.32e-03	4.95e-01	5.01e-01
 3.01176e+22	4.75e-03	5.11e-01	4.84e-01
 3.05082e+22	5.14e-03	5.24e-01	4.71e-01
 3.09095e+22	5.67e-03	5.41e-01	4.53e-01
 3.13157e+22	6.14e-03	5.55e-01	4.39e-01
 3.17283e+22	6.75e-03	5.71e-01	4.22e-01
 3.21511e+22	7.34e-03	5.86e-01	4.07e-01
 3.25872e+22	8.15e-03	6.04e-01	3.88e-01
 3.30227e+22	8.80e-03	6.17e-01	3.74e-01
 3.34573e+22	9.75e-03	6.35e-01	3.56e-01
 3.39045e+22	1.05e-02	6.48e-01	3.41e-01
 3.43682e+22	1.17e-02	6.66e-01	3.22e-01
 3.47331e+22	1.22e-02	6.74e-01	3.14e-01
 3.49697e+22	1.29e-02	6.82e-01	3.05e-01
 3.52773e+22	1.38e-02	6.94e-01	2.93e-01
 3.56772e+22	1.51e-02	7.08e-01	2.77e-01
 3.61970e+22	1.69e-02	7.26e-01	2.57e-01
 3.67282e+22	1.85e-02	7.41e-01	2.41e-01
 3.72743e+22	2.09e-02	7.58e-01	2.21e-01
 3.78417e+22	2.31e-02	7.73e-01	2.04e-01
 3.84368e+22	2.63e-02	7.90e-01	1.84e-01
 3.90503e+22	2.93e-02	8.03e-01	1.68e-01
 3.95222e+22	3.17e-02	8.12e-01	1.56e-01
 3.99701e+22	3.49e-02	8.22e-01	1.43e-01
 4.04335e+22	3.81e-02	8.30e-01	1.31e-01
 4.09169e+22	4.26e-02	8.39e-01	1.18e-01
 4.14110e+22	4.67e-02	8.46e-01	1.07e-01
 4.19189e+22	5.28e-02	8.52e-01	9.48e-02
 4.24467e+22	5.87e-02	8.57e-01	8.46e-02
 4.28647e+22	6.38e-02	8.59e-01	7.73e-02
 4.32180e+22	6.94e-02	8.60e-01	7.08e-02
 4.36229e+22	7.71e-02	8.59e-01	6.34e-02
 4.40505e+22	8.55e-02	8.58e-01	5.70e-02
 4.44316e+22	9.42e-02	8.54e-01	5.17e-02
 4.47859e+22	1.04e-01	8.49e-01	4.72e-02
 4.51166e+22	1.14e-01	8.43e-01	4.34e-02
 4.54231e+22	1.25e-01	8.35e-01	4.02e-02
 4.57048e+22	1.36e-01	8.26e-01	3.77e-02
 4.59592e+22	1.48e-01	8.16e-01	3.56e-02
 4.61894e+22	1.61e-01	8.05e-01	3.40e-02
 4.63994e+22	1.74e-01	7.94e-01	3.27e-02
 4.65314e+22	1.81e-01	7.87e-01	3.23e-02
 4.65803e+22	1.84e-01	7.84e-01	3.22e-02
 4.66195e+22	1.87e-01	7.81e-01	3.19e-02
 4.66705e+22	1.91e-01	7.78e-01	3.16e-02
 4.67303e+22	1.96e-01	7.73e-01	3.13e-02
 4.67898e+22	2.00e-01	7.69e-01	3.11e-02
 4.68480e+22	2.05e-01	7.64e-01	3.09e-02
 4.69071e+22	2.10e-01	7.59e-01	3.06e-02
 4.69653e+22	2.15e-01	7.54e-01	3.05e-02
 4.70243e+22	2.20e-01	7.49e-01	3.03e-02
 4.70852e+22	2.26e-01	7.44e-01	3.01e-02
 4.71477e+22	2.32e-01	7.38e-01	3.00e-02
 4.72118e+22	2.39e-01	7.32e-01	2.98e-02
 4.72765e+22	2.45e-01	7.25e-01	2.97e-02
 4.73426e+22	2.52e-01	7.18e-01	2.96e-02
 4.74117e+22	2.60e-01	7.11e-01	2.96e-02
 4.74841e+22	2.68e-01	7.03e-01	2.95e-02
 4.75568e+22	2.76e-01	6.94e-01	2.94e-02
 4.76138e+22	2.82e-01	6.89e-01	2.96e-02
 4.76521e+22	2.86e-01	6.84e-01	2.96e-02
 4.76890e+22	2.91e-01	6.79e-01	2.95e-02
 4.77314e+22	2.97e-01	6.74e-01	2.95e-02
 4.77777e+22	3.03e-01	6.68e-01	2.94e-02
 4.78235e+22	3.09e-01	6.62e-01	2.94e-02
 4.78684e+22	3.15e-01	6.56e-01	2.94e-02
 4.79137e+22	3.21e-01	6.50e-01	2.93e-02
 4.79603e+22	3.28e-01	6.43e-01	2.93e-02
 4.80081e+22	3.34e-01	6.36e-01	2.92e-02
 4.80564e+22	3.42e-01	6.29e-01	2.91e-02
 4.81046e+22	3.49e-01	6.22e-01	2.90e-02
 4.81536e+22	3.56e-01	6.15e-01	2.88e-02
 4.82044e+22	3.64e-01	6.07e-01	2.87e-02
 4.82570e+22	3.73e-01	5.99e-01	2.85e-02
 4.83099e+22	3.81e-01	5.91e-01	2.83e-02
 4.83640e+22	3.90e-01	5.82e-01	2.81e-02
 4.84204e+22	3.99e-01	5.73e-01	2.78e-02
 4.84773e+22	4.09e-01	5.63e-01	2.75e-02
 4.85344e+22	4.19e-01	5.54e-01	2.72e-02
 4.85935e+22	4.29e-01	5.44e-01	2.68e-02
 4.86558e+22	4.40e-01	5.33e-01	2.64e-02
 4.87197e+22	4.52e-01	5.22e-01	2.60e-02
 4.87840e+22	4.63e-01	5.12e-01	2.55e-02
 4.88502e+22	4.75e-01	5.00e-01	2.50e-02
 4.89194e+22	4.87e-01	4.88e-01	2.45e-02
 4.89914e+22	5.00e-01	4.76e-01	2.39e-02
 4.90650e+22	5.13e-01	4.63e-01	2.33e-02
 4.91399e+22	5.27e-01	4.50e-01	2.26e-02
 4.92169e+22	5.41e-01	4.37e-01	2.19e-02
 4.92955e+22	5.55e-01	4.24e-01	2.12e-02
 4.93750e+22	5.69e-01	4.11e-01	2.05e-02
 4.94562e+22	5.83e-01	3.98e-01	1.97e-02
 4.95392e+22	5.97e-01	3.84e-01	1.89e-02
 4.96228e+22	6.10e-01	3.71e-01	1.82e-02
 4.97071e+22	6.24e-01	3.59e-01	1.74e-02
 4.97937e+22	6.37e-01	3.46e-01	1.67e-02
 4.98814e+22	6.51e-01	3.33e-01	1.59e-02
 4.99701e+22	6.64e-01	3.21e-01	1.52e-02
 5.00614e+22	6.77e-01	3.09e-01	1.44e-02
 5.01553e+22	6.89e-01	2.97e-01	1.36e-02
 5.02503e+22	7.02e-01	2.85e-01	1.29e-02
 5.03466e+22	7.14e-01	2.74e-01	1.22e-02
 5.04459e+22	7.26e-01	2.63e-01	1.14e-02
 5.05478e+22	7.38e-01	2.52e-01	1.07e-02
 5.06486e+22	7.48e-01	2.42e-01	1.01e-02
 5.07449e+22	7.58e-01	2.32e-01	9.48e-03
 5.08340e+22	7.67e-01	2.24e-01	8.94e-03
 5.09167e+22	7.75e-01	2.17e-01	8.45e-03
 5.09928e+22	7.82e-01	2.10e-01	8.03e-03
 5.10662e+22	7.89e-01	2.04e-01	7.61e-03
 5.11399e+22	7.95e-01	1.98e-01	7.26e-03
 5.12122e+22	8.01e-01	1.92e-01	6.88e-03
 5.12799e+22	8.06e-01	1.87e-01	6.57e-03
 5.13429e+22	8.11e-01	1.82e-01	6.27e-03
 5.14063e+22	8.16e-01	1.78e-01	5.98e-03
 5.14675e+22	8.21e-01	1.74e-01	5.73e-03
 5.15252e+22	8.25e-01	1.70e-01	5.49e-03
 5.15826e+22	8.29e-01	1.66e-01	5.25e-03
 5.16375e+22	8.33e-01	1.62e-01	5.04e-03
 5.16892e+22	8.36e-01	1.59e-01	4.85e-03
 5.17398e+22	8.40e-01	1.56e-01	4.66e-03
 5.17891e+22	8.43e-01	1.52e-01	4.48e-03
 5.18354e+22	8.46e-01	1.50e-01	4.32e-03
 5.18776e+22	8.49e-01	1.47e-01	4.17e-03
 5.19160e+22	8.51e-01	1.45e-01	4.04e-03
 5.19509e+22	8.54e-01	1.42e-01	3.92e-03
 5.19827e+22	8.56e-01	1.40e-01	3.81e-03
 5.20116e+22	8.58e-01	1.39e-01	3.72e-03
 5.20379e+22	8.59e-01	1.37e-01	3.64e-03
 5.20667e+22	8.61e-01	1.35e-01	3.53e-03
 5.20979e+22	8.63e-01	1.33e-01	3.44e-03
 5.21262e+22	8.65e-01	1.32e-01	3.36e-03
 5.21520e+22	8.66e-01	1.30e-01	3.29e-03
 5.21754e+22	8.68e-01	1.29e-01	3.23e-03
 5.22012e+22	8.69e-01	1.27e-01	3.14e-03
 5.22346e+22	8.71e-01	1.25e-01	3.05e-03
 5.22707e+22	8.73e-01	1.24e-01	2.96e-03
 5.23035e+22	8.75e-01	1.22e-01	2.88e-03
 5.23334e+22	8.77e-01	1.21e-01	2.81e-03
 5.23606e+22	8.78e-01	1.19e-01	2.75e-03
 5.23853e+22	8.79e-01	1.18e-01	2.70e-03
 5.24124e+22	8.81e-01	1.17e-01	2.63e-03
 5.24417e+22	8.82e-01	1.15e-01	2.58e-03
 5.24738e+22	8.84e-01	1.14e-01	2.50e-03
 5.25084e+22	8.85e-01	1.12e-01	2.44e-03
 5.25399e+22	8.87e-01	1.11e-01	2.38e-03
 5.25686e+22	8.88e-01	1.10e-01	2.33e-03
 5.25947e+22	8.89e-01	1.09e-01	2.29e-03
 5.26232e+22	8.91e-01	1.07e-01	2.23e-03
 5.26604e+22	8.92e-01	1.05e-01	2.15e-03
 5.27005e+22	8.94e-01	1.04e-01	2.09e-03
 5.27371e+22	8.95e-01	1.03e-01	2.04e-03
 5.27703e+22	8.97e-01	1.01e-01	1.99e-03
 5.28005e+22	8.98e-01	9.99e-02	1.94e-03
 5.28280e+22	8.99e-01	9.87e-02	1.89e-03
 5.28531e+22	9.01e-01	9.76e-02	1.85e-03
 5.28759e+22	9.01e-01	9.68e-02	1.82e-03
 5.29008e+22	9.03e-01	9.56e-02	1.77e-03
 5.29333e+22	9.04e-01	9.40e-02	1.71e-03
 5.29684e+22	9.05e-01	9.30e-02	1.67e-03
 5.30002e+22	9.07e-01	9.18e-02	1.63e-03
 5.30293e+22	9.08e-01	9.07e-02	1.59e-03
 5.30557e+22	9.09e-01	8.97e-02	1.56e-03
 5.30846e+22	9.10e-01	8.85e-02	1.52e-03
 5.31159e+22	9.11e-01	8.74e-02	1.48e-03
 5.31443e+22	9.12e-01	8.64e-02	1.45e-03
 5.31702e+22	9.13e-01	8.54e-02	1.41e-03
 5.31937e+22	9.14e-01	8.47e-02	1.39e-03
 5.32195e+22	9.15e-01	8.37e-02	1.36e-03
 5.32474e+22	9.16e-01	8.28e-02	1.33e-03
 5.32779e+22	9.17e-01	8.17e-02	1.29e-03
 5.33108e+22	9.18e-01	8.07e-02	1.26e-03
 5.33408e+22	9.19e-01	7.99e-02	1.24e-03
 5.33737e+22	9.20e-01	7.88e-02	1.20e-03
 5.34091e+22	9.21e-01	7.79e-02	1.18e-03
 5.34414e+22	9.22e-01	7.69e-02	1.15e-03
 5.34708e+22	9.23e-01	7.62e-02	1.13e-03
 5.35030e+22	9.24e-01	7.52e-02	1.09e-03
 5.35377e+22	9.25e-01	7.43e-02	1.07e-03
 5.35693e+22	9.26e-01	7.33e-02	1.04e-03
 5.35981e+22	9.26e-01	7.27e-02	1.02e-03
 5.36296e+22	9.27e-01	7.16e-02	9.94e-04
 5.36637e+22	9.28e-01	7.10e-02	9.77e-04
 5.37010e+22	9.29e-01	6.98e-02	9.45e-04
 5.37413e+22	9.30e-01	6.90e-02	9.21e-04
 5.37779e+22	9.31e-01	6.80e-02	8.96e-04
 5.38112e+22	9.32e-01	6.74e-02	8.79e-04
 5.38478e+22	9.33e-01	6.63e-02	8.52e-04
 5.38872e+22	9.34e-01	6.55e-02	8.31e-04
 5.39231e+22	9.34e-01	6.47e-02	8.12e-04
 5.39625e+22	9.36e-01	6.37e-02	7.86e-04
 5.40049e+22	9.36e-01	6.28e-02	7.65e-04
 5.40436e+22	9.37e-01	6.19e-02	7.44e-04
 5.40788e+22	9.38e-01	6.13e-02	7.29e-04
 5.41173e+22	9.39e-01	6.03e-02	7.06e-04
 5.41589e+22	9.40e-01	5.96e-02	6.88e-04
 5.41968e+22	9.40e-01	5.89e-02	6.73e-04
 5.42382e+22	9.41e-01	5.79e-02	6.50e-04
 5.42830e+22	9.42e-01	5.71e-02	6.32e-04
 5.43238e+22	9.43e-01	5.63e-02	6.14e-04
 5.43609e+22	9.44e-01	5.57e-02	6.01e-04
 5.44015e+22	9.45e-01	5.48e-02	5.82e-04
 5.44454e+22	9.45e-01	5.41e-02	5.67e-04
 5.44853e+22	9.46e-01	5.34e-02	5.54e-04
 5.45291e+22	9.47e-01	5.25e-02	5.35e-04
 5.45763e+22	9.48e-01	5.18e-02	5.21e-04
 5.46193e+22	9.48e-01	5.12e-02	5.08e-04
 5.46664e+22	9.49e-01	5.02e-02	4.90e-04
 5.47172e+22	9.50e-01	4.95e-02	4.76e-04
 5.47635e+22	9.51e-01	4.89e-02	4.63e-04
 5.48142e+22	9.52e-01	4.79e-02	4.46e-04
 5.48690e+22	9.52e-01	4.73e-02	4.34e-04
 5.49188e+22	9.53e-01	4.65e-02	4.20e-04
 5.49641e+22	9.54e-01	4.59e-02	4.09e-04
 5.50138e+22	9.55e-01	4.50e-02	3.94e-04
 5.50674e+22	9.55e-01	4.43e-02	3.82e-04
 5.51162e+22	9.56e-01	4.38e-02	3.72e-04
 5.51697e+22	9.57e-01	4.29e-02	3.58e-04
 5.52274e+22	9.57e-01	4.22e-02	3.47e-04
 5.52800e+22	9.58e-01	4.17e-02	3.37e-04
 5.53375e+22	9.59e-01	4.08e-02	3.24e-04
 5.53997e+22	9.60e-01	4.01e-02	3.13e-04
 5.54562e+22	9.60e-01	3.95e-02	3.04e-04
 5.55182e+22	9.61e-01	3.87e-02	2.91e-04
 5.55851e+22	9.62e-01	3.81e-02	2.82e-04
 5.56460e+22	9.62e-01	3.74e-02	2.72e-04
 5.57014e+22	9.63e-01	3.68e-02	2.64e-04
 5.57621e+22	9.64e-01	3.61e-02	2.53e-04
 5.58276e+22	9.64e-01	3.54e-02	2.44e-04
 5.58873e+22	9.65e-01	3.49e-02	2.37e-04
 5.59526e+22	9.66e-01	3.41e-02	2.27e-04
 5.60232e+22	9.66e-01	3.35e-02	2.19e-04
 5.60874e+22	9.67e-01	3.30e-02	2.12e-04
 5.61578e+22	9.68e-01	3.22e-02	2.02e-04
 5.62337e+22	9.68e-01	3.17e-02	1.95e-04
 5.63029e+22	9.69e-01	3.10e-02	1.88e-04
 5.63658e+22	9.69e-01	3.05e-02	1.81e-04
 5.64347e+22	9.70e-01	2.98e-02	1.74e-04
 5.65091e+22	9.71e-01	2.93e-02	1.68e-04
 5.65768e+22	9.71e-01	2.88e-02	1.62e-04
 5.66510e+22	9.72e-01	2.82e-02	1.55e-04
 5.67311e+22	9.72e-01	2.76e-02	1.49e-04
 5.68040e+22	9.73e-01	2.71e-02	1.43e-04
 5.68839e+22	9.73e-01	2.65e-02	1.37e-04
 5.69701e+22	9.74e-01	2.59e-02	1.31e-04
 5.70486e+22	9.74e-01	2.54e-02	1.26e-04
 5.71346e+22	9.75e-01	2.48e-02	1.20e-04
 5.72274e+22	9.76e-01	2.43e-02	1.15e-04
 5.73119e+22	9.76e-01	2.37e-02	1.10e-04
 5.73888e+22	9.77e-01	2.33e-02	1.06e-04
 5.74730e+22	9.77e-01	2.27e-02	1.01e-04
 5.75826e+22	9.78e-01	2.21e-02	9.53e-05
 5.77063e+22	9.79e-01	2.14e-02	8.96e-05
 5.78294e+22	9.79e-01	2.07e-02	8.42e-05
 5.79538e+22	9.80e-01	2.01e-02	7.90e-05
 5.80813e+22	9.80e-01	1.94e-02	7.41e-05
 5.82106e+22	9.81e-01	1.88e-02	6.94e-05
 5.83413e+22	9.82e-01	1.82e-02	6.50e-05
 5.84737e+22	9.82e-01	1.76e-02	6.08e-05
 5.86077e+22	9.83e-01	1.70e-02	5.69e-05
 5.87432e+22	9.83e-01	1.65e-02	5.32e-05
 5.88804e+22	9.84e-01	1.59e-02	4.97e-05
 5.90190e+22	9.85e-01	1.54e-02	4.64e-05
 5.91591e+22	9.85e-01	1.48e-02	4.33e-05
 5.93006e+22	9.86e-01	1.43e-02	4.04e-05
 5.94435e+22	9.86e-01	1.38e-02	3.77e-05
 5.95875e+22	9.87e-01	1.34e-02	3.51e-05
 5.97328e+22	9.87e-01	1.29e-02	3.27e-05
 5.98795e+22	9.88e-01	1.24e-02	3.05e-05
 6.00277e+22	9.88e-01	1.20e-02	2.84e-05
 6.01771e+22	9.88e-01	1.16e-02	2.64e-05
 6.03279e+22	9.89e-01	1.12e-02	2.46e-05
 6.04799e+22	9.89e-01	1.08e-02	2.28e-05
 6.06333e+22	9.90e-01	1.04e-02	2.12e-05
 6.07894e+22	9.90e-01	9.98e-03	1.97e-05
 6.09493e+22	9.90e-01	9.61e-03	1.83e-05
 6.11116e+22	9.91e-01	9.25e-03	1.69e-05
 6.12758e+22	9.91e-01	8.89e-03	1.56e-05
 6.14417e+22	9.91e-01	8.55e-03	1.45e-05
 6.16094e+22	9.92e-01	8.22e-03	1.34e-05
 6.17791e+22	9.92e-01	7.90e-03	1.24e-05
 6.19508e+22	9.92e-01	7.59e-03	1.14e-05
 6.21253e+22	9.93e-01	7.29e-03	1.05e-05
 6.23027e+22	9.93e-01	6.99e-03	9.70e-06
 6.24843e+22	9.93e-01	6.71e-03	8.92e-06
 6.26706e+22	9.94e-01	6.42e-03	8.19e-06
 6.28604e+22	9.94e-01	6.15e-03	7.51e-06
 6.30533e+22	9.94e-01	5.89e-03	6.88e-06
 6.32496e+22	9.94e-01	5.63e-03	6.30e-06
 6.34494e+22	9.95e-01	5.38e-03	5.75e-06
 6.36529e+22	9.95e-01	5.14e-03	5.25e-06
 6.38604e+22	9.95e-01	4.91e-03	4.79e-06
 6.40730e+22	9.95e-01	4.68e-03	4.35e-06
 6.42908e+22	9.96e-01	4.46e-03	3.95e-06
 6.45132e+22	9.96e-01	4.24e-03	3.58e-06
 6.47406e+22	9.96e-01	4.03e-03	3.24e-06
 6.49735e+22	9.96e-01	3.83e-03	2.93e-06
 6.52118e+22	9.96e-01	3.64e-03	2.64e-06
 6.54545e+22	9.97e-01	3.45e-03	2.37e-06
 6.56995e+22	9.97e-01	3.27e-03	2.14e-06
 6.59466e+22	9.97e-01	3.10e-03	1.92e-06
 6.61967e+22	9.97e-01	2.94e-03	1.73e-06
 6.64493e+22	9.97e-01	2.79e-03	1.55e-06
 6.67042e+22	9.97e-01	2.64e-03	1.39e-06
 6.69617e+22	9.97e-01	2.50e-03	1.25e-06
 6.72218e+22	9.98e-01	2.37e-03	1.12e-06
 6.74845e+22	9.98e-01	2.24e-03	1.00e-06
 6.77503e+22	9.98e-01	2.12e-03	8.95e-07
 6.80189e+22	9.98e-01	2.00e-03	8.00e-07
 6.82895e+22	9.98e-01	1.89e-03	7.15e-07
 6.85628e+22	9.98e-01	1.79e-03	6.38e-07
 6.88391e+22	9.98e-01	1.69e-03	5.69e-07
 6.91183e+22	9.98e-01	1.59e-03	5.07e-07
 6.94015e+22	9.98e-01	1.50e-03	4.51e-07
 6.96880e+22	9.99e-01	1.42e-03	4.00e-07
 6.99777e+22	9.99e-01	1.34e-03	3.55e-07
 7.02707e+22	9.99e-01	1.26e-03	3.15e-07
 7.05636e+22	9.99e-01	1.18e-03	2.80e-07
 7.08462e+22	9.99e-01	1.12e-03	2.50e-07
 7.11100e+22	9.99e-01	1.06e-03	2.25e-07
 7.13552e+22	9.99e-01	1.01e-03	2.04e-07
 7.15866e+22	9.99e-01	9.67e-04	1.86e-07
 7.18077e+22	9.99e-01	9.25e-04	1.70e-07
 7.20192e+22	9.99e-01	8.87e-04	1.56e-07
 7.22202e+22	9.99e-01	8.52e-04	1.44e-07
 7.24103e+22	9.99e-01	8.20e-04	1.34e-07
 7.25903e+22	9.99e-01	7.91e-04	1.24e-07
 7.27616e+22	9.99e-01	7.65e-04	1.16e-07
 7.29251e+22	9.99e-01	7.41e-04	1.09e-07
 7.30796e+22	9.99e-01	7.19e-04	1.03e-07
 7.32256e+22	9.99e-01	6.99e-04	9.71e-08
 7.33657e+22	9.99e-01	6.80e-04	9.18e-08
 7.35013e+22	9.99e-01	6.62e-04	8.70e-08
 7.36316e+22	9.99e-01	6.45e-04	8.26e-08
 7.37560e+22	9.99e-01	6.29e-04	7.86e-08
 7.38746e+22	9.99e-01	6.14e-04	7.50e-08
 7.39881e+22	9.99e-01	6.00e-04	7.16e-08
 7.40978e+22	9.99e-01	5.87e-04	6.86e-08
 7.42040e+22	9.99e-01	5.75e-04	6.56e-08
 7.43072e+22	9.99e-01	5.63e-04	6.29e-08
 7.44074e+22	9.99e-01	5.52e-04	6.05e-08
 7.45041e+22	9.99e-01	5.41e-04	5.82e-08
 7.45977e+22	9.99e-01	5.31e-04	5.60e-08
 7.46892e+22	9.99e-01	5.21e-04	5.40e-08
 7.47791e+22	9.99e-01	5.12e-04	5.21e-08
 7.48680e+22	9.99e-01	5.03e-04	5.02e-08
 7.49557e+22	1.00e+00	4.94e-04	4.85e-08
 7.50425e+22	1.00e+00	4.85e-04	4.68e-08
 7.51286e+22	1.00e+00	4.77e-04	4.52e-08
 7.52147e+22	1.00e+00	4.69e-04	4.36e-08
 7.53013e+22	1.00e+00	4.61e-04	4.21e-08
 7.53887e+22	1.00e+00	4.52e-04	4.06e-08
 7.54773e+22	1.00e+00	4.44e-04	3.91e-08
 7.55681e+22	1.00e+00	4.36e-04	3.77e-08
 7.56614e+22	1.00e+00	4.27e-04	3.62e-08
 7.57573e+22	1.00e+00	4.19e-04	3.48e-08
 7.58564e+22	1.00e+00	4.10e-04	3.34e-08
 7.59596e+22	1.00e+00	4.01e-04	3.20e-08
 7.60679e+22	1.00e+00	3.92e-04	3.06e-08
 7.61818e+22	1.00e+00	3.83e-04	2.91e-08
 7.63023e+22	1.00e+00	3.73e-04	2.77e-08
 7.64301e+22	1.00e+00	3.63e-04	2.62e-08
 7.65661e+22	1.00e+00	3.53e-04	2.48e-08
 7.67104e+22	1.00e+00	3.43e-04	2.33e-08
 7.68640e+22	1.00e+00	3.32e-04	2.18e-08
 7.70289e+22	1.00e+00	3.20e-04	2.03e-08
 7.72066e+22	1.00e+00	3.08e-04	1.88e-08
 7.73976e+22	1.00e+00	2.96e-04	1.74e-08
 7.76023e+22	1.00e+00	2.83e-04	1.59e-08
 7.78218e+22	1.00e+00	2.70e-04	1.44e-08
 7.80584e+22	1.00e+00	2.56e-04	1.30e-08
 7.83146e+22	1.00e+00	2.42e-04	1.17e-08
 7.85912e+22	1.00e+00	2.28e-04	1.03e-08
 7.88899e+22	1.00e+00	2.13e-04	9.04e-09
 7.92150e+22	1.00e+00	1.98e-04	7.82e-09
 7.95691e+22	1.00e+00	1.83e-04	6.68e-09
 7.99529e+22	1.00e+00	1.68e-04	5.61e-09
 8.03681e+22	1.00e+00	1.53e-04	4.64e-09
 8.08176e+22	1.00e+00	1.38e-04	3.78e-09
 8.13006e+22	1.00e+00	1.23e-04	3.02e-09
 8.18121e+22	1.00e+00	1.09e-04	2.38e-09
 8.23431e+22	1.00e+00	9.63e-05	1.85e-09
 8.28809e+22	1.00e+00	8.47e-05	1.44e-09
 8.34094e+22	1.00e+00	7.48e-05	1.12e-09
 8.39101e+22	1.00e+00	6.64e-05	8.84e-10
 8.43673e+22	1.00e+00	5.96e-05	7.13e-10
 8.47622e+22	1.00e+00	5.44e-05	5.95e-10
 8.50778e+22	1.00e+00	5.07e-05	5.16e-10
 8.53177e+22	1.00e+00	4.80e-05	4.63e-10
 8.55038e+22	1.00e+00	4.60e-05	4.25e-10
 8.56573e+22	1.00e+00	4.43e-05	3.95e-10
 8.57900e+22	1.00e+00	4.30e-05	3.71e-10
 8.59064e+22	1.00e+00	4.18e-05	3.51e-10
 8.60101e+22	1.00e+00	4.07e-05	3.34e-10
 8.61046e+22	1.00e+00	3.99e-05	3.20e-10
 8.61928e+22	1.00e+00	3.91e-05	3.07e-10
 8.62760e+22	1.00e+00	3.84e-05	2.96e-10
 8.63551e+22	1.00e+00	3.77e-05	2.86e-10
 8.64309e+22	1.00e+00	3.71e-05	2.77e-10
 8.65043e+22	1.00e+00	3.66e-05	2.70e-10
 8.65763e+22	1.00e+00	3.61e-05	2.62e-10
 8.66472e+22	1.00e+00	3.57e-05	2.56e-10
 8.67176e+22	1.00e+00	3.53e-05	2.51e-10
 8.67878e+22	1.00e+00	3.49e-05	2.46e-10
 8.68585e+22	1.00e+00	3.46e-05	2.41e-10
 8.69298e+22	1.00e+00	3.43e-05	2.38e-10
 8.70022e+22	1.00e+00	3.41e-05	2.34e-10
 8.70764e+22	1.00e+00	3.39e-05	2.31e-10
 8.71528e+22	1.00e+00	3.37e-05	2.29e-10
 8.72318e+22	1.00e+00	3.35e-05	2.27e-10
 8.73139e+22	1.00e+00	3.34e-05	2.25e-10
 8.74006e+22	1.00e+00	3.32e-05	2.23e-10
 8.74910e+22	1.00e+00	3.31e-05	2.21e-10
 8.75840e+22	1.00e+00	3.29e-05	2.19e-10
 8.76814e+22	1.00e+00	3.26e-05	2.15e-10
 8.77877e+22	1.00e+00	3.23e-05	2.11e-10
 8.79079e+22	1.00e+00	3.18e-05	2.05e-10
 8.80490e+22	1.00e+00	3.11e-05	1.96e-10
 8.82243e+22	1.00e+00	3.00e-05	1.83e-10
 8.84174e+22	1.00e+00	2.89e-05	1.70e-10
 8.85688e+22	1.00e+00	2.82e-05	1.61e-10
 8.86597e+22	1.00e+00	2.78e-05	1.56e-10
 8.87271e+22	1.00e+00	2.74e-05	1.52e-10
 8.87923e+22	1.00e+00	2.69e-05	1.47e-10
 8.88587e+22	1.00e+00	2.65e-05	1.43e-10
 8.89204e+22	1.00e+00	2.62e-05	1.39e-10
 8.89754e+22	1.00e+00	2.59e-05	1.36e-10
 8.90340e+22	1.00e+00	2.55e-05	1.32e-10
 8.90898e+22	1.00e+00	2.52e-05	1.29e-10
 8.91474e+22	1.00e+00	2.49e-05	1.25e-10
 8.92051e+22	1.00e+00	2.46e-05	1.22e-10
 8.92563e+22	1.00e+00	2.43e-05	1.19e-10
 8.93148e+22	1.00e+00	2.39e-05	1.16e-10
 8.93722e+22	1.00e+00	2.36e-05	1.13e-10
 8.94296e+22	1.00e+00	2.33e-05	1.10e-10
 8.94895e+22	1.00e+00	2.30e-05	1.07e-10
 8.95474e+22	1.00e+00	2.26e-05	1.04e-10
 8.96051e+22	1.00e+00	2.24e-05	1.02e-10
 8.96603e+22	1.00e+00	2.21e-05	9.89e-11
 8.97198e+22	1.00e+00	2.17e-05	9.61e-11
 8.97798e+22	1.00e+00	2.15e-05	9.37e-11
 8.98361e+22	1.00e+00	2.12e-05	9.12e-11
 8.98968e+22	1.00e+00	2.08e-05	8.84e-11
 8.99601e+22	1.00e+00	2.05e-05	8.59e-11
 9.00221e+22	1.00e+00	2.02e-05	8.35e-11
 9.00837e+22	1.00e+00	2.00e-05	8.11e-11
 9.01464e+22	1.00e+00	1.97e-05	7.87e-11
 9.02118e+22	1.00e+00	1.94e-05	7.63e-11
 9.02763e+22	1.00e+00	1.91e-05	7.40e-11
 9.03363e+22	1.00e+00	1.88e-05	7.22e-11
 9.03970e+22	1.00e+00	1.85e-05	7.00e-11
 9.04646e+22	1.00e+00	1.82e-05	6.77e-11
 9.05347e+22	1.00e+00	1.79e-05	6.55e-11
 9.06044e+22	1.00e+00	1.76e-05	6.34e-11
 9.06742e+22	1.00e+00	1.73e-05	6.13e-11
 9.07449e+22	1.00e+00	1.70e-05	5.93e-11
 9.08172e+22	1.00e+00	1.67e-05	5.73e-11
 9.08909e+22	1.00e+00	1.65e-05	5.53e-11
 9.09657e+22	1.00e+00	1.62e-05	5.34e-11
 9.10414e+22	1.00e+00	1.59e-05	5.15e-11
 9.11181e+22	1.00e+00	1.56e-05	4.96e-11
 9.11957e+22	1.00e+00	1.53e-05	4.79e-11
 9.12746e+22	1.00e+00	1.50e-05	4.61e-11
 9.13547e+22	1.00e+00	1.47e-05	4.43e-11
 9.14359e+22	1.00e+00	1.44e-05	4.26e-11
 9.15182e+22	1.00e+00	1.41e-05	4.10e-11
 9.16016e+22	1.00e+00	1.39e-05	3.94e-11
 9.16862e+22	1.00e+00	1.36e-05	3.78e-11
 9.17717e+22	1.00e+00	1.33e-05	3.63e-11
 9.18585e+22	1.00e+00	1.30e-05	3.48e-11
 9.19464e+22	1.00e+00	1.27e-05	3.34e-11
 9.20353e+22	1.00e+00	1.25e-05	3.20e-11
 9.21254e+22	1.00e+00	1.22e-05	3.06e-11
 9.22165e+22	1.00e+00	1.19e-05	2.93e-11
 9.23089e+22	1.00e+00	1.17e-05	2.80e-11
 9.24023e+22	1.00e+00	1.14e-05	2.68e-11
 9.24959e+22	1.00e+00	1.12e-05	2.56e-11
 9.25565e+22	1.00e+00	1.10e-05	2.51e-11
