#depth	O	O+	O+2	O+3	O+4	O+5	O+6	O+7	O+8	O[1]	O[2]	O[3]
 4.62852e+21	5.00e-09	5.33e-05	1.68e-02	2.63e-01	3.57e-01	2.33e-01	1.26e-01	3.69e-03	2.67e-05	5.00e-09	1.44e-17	1.75e-17
 1.03998e+22	2.46e-08	1.70e-04	3.60e-02	3.75e-01	3.53e-01	1.71e-01	6.41e-02	1.24e-03	5.93e-06	2.46e-08	8.14e-17	9.84e-17
 1.21138e+22	5.34e-08	2.93e-04	5.06e-02	4.29e-01	3.36e-01	1.39e-01	4.39e-02	6.86e-04	2.68e-06	5.34e-08	1.94e-16	2.35e-16
 1.30474e+22	8.64e-08	4.08e-04	6.20e-02	4.61e-01	3.21e-01	1.21e-01	3.41e-02	4.65e-04	1.59e-06	8.64e-08	3.35e-16	4.05e-16
 1.35776e+22	1.07e-07	4.74e-04	6.78e-02	4.75e-01	3.14e-01	1.13e-01	3.02e-02	3.88e-04	1.25e-06	1.07e-07	4.30e-16	5.19e-16
 1.39073e+22	1.33e-07	5.49e-04	7.39e-02	4.88e-01	3.06e-01	1.05e-01	2.68e-02	3.24e-04	9.83e-07	1.33e-07	5.48e-16	6.61e-16
 1.42281e+22	1.63e-07	6.31e-04	8.02e-02	5.00e-01	2.98e-01	9.78e-02	2.38e-02	2.71e-04	7.77e-07	1.63e-07	6.92e-16	8.35e-16
 1.45943e+22	2.11e-07	7.51e-04	8.87e-02	5.13e-01	2.87e-01	8.92e-02	2.05e-02	2.16e-04	5.76e-07	2.11e-07	9.28e-16	1.12e-15
 1.49705e+22	2.64e-07	8.73e-04	9.67e-02	5.25e-01	2.77e-01	8.21e-02	1.79e-02	1.77e-04	4.41e-07	2.64e-07	1.20e-15	1.44e-15
 1.53025e+22	3.25e-07	1.00e-03	1.05e-01	5.34e-01	2.68e-01	7.58e-02	1.58e-02	1.46e-04	3.44e-07	3.25e-07	1.51e-15	1.82e-15
 1.56768e+22	4.22e-07	1.19e-03	1.15e-01	5.46e-01	2.56e-01	6.83e-02	1.34e-02	1.15e-04	2.50e-07	4.22e-07	2.03e-15	2.44e-15
 1.60591e+22	5.24e-07	1.38e-03	1.25e-01	5.54e-01	2.46e-01	6.24e-02	1.16e-02	9.31e-05	1.90e-07	5.24e-07	2.59e-15	3.11e-15
 1.64006e+22	6.44e-07	1.58e-03	1.34e-01	5.61e-01	2.36e-01	5.71e-02	1.01e-02	7.61e-05	1.46e-07	6.44e-07	3.27e-15	3.93e-15
 1.67931e+22	8.40e-07	1.88e-03	1.48e-01	5.68e-01	2.23e-01	5.07e-02	8.44e-03	5.84e-05	0.00e+00	8.40e-07	4.43e-15	5.32e-15
 1.71566e+22	1.00e-06	2.12e-03	1.57e-01	5.72e-01	2.15e-01	4.68e-02	7.46e-03	4.87e-05	0.00e+00	1.00e-06	5.41e-15	6.49e-15
 1.74824e+22	1.24e-06	2.44e-03	1.69e-01	5.76e-01	2.04e-01	4.23e-02	6.41e-03	3.91e-05	0.00e+00	1.24e-06	6.91e-15	8.27e-15
 1.78158e+22	1.49e-06	2.74e-03	1.80e-01	5.78e-01	1.95e-01	3.87e-02	5.63e-03	3.23e-05	0.00e+00	1.49e-06	8.48e-15	1.01e-14
 1.81114e+22	1.76e-06	3.06e-03	1.90e-01	5.79e-01	1.87e-01	3.56e-02	4.97e-03	2.69e-05	0.00e+00	1.76e-06	1.03e-14	1.23e-14
 1.84477e+22	2.19e-06	3.52e-03	2.04e-01	5.80e-01	1.77e-01	3.19e-02	4.23e-03	2.13e-05	0.00e+00	2.19e-06	1.32e-14	1.57e-14
 1.87895e+22	2.61e-06	3.95e-03	2.16e-01	5.79e-01	1.68e-01	2.90e-02	3.69e-03	1.75e-05	0.00e+00	2.61e-06	1.62e-14	1.93e-14
 1.90904e+22	3.10e-06	4.42e-03	2.28e-01	5.78e-01	1.60e-01	2.65e-02	3.23e-03	1.44e-05	0.00e+00	3.10e-06	1.97e-14	2.34e-14
 1.94331e+22	3.84e-06	5.07e-03	2.44e-01	5.75e-01	1.50e-01	2.35e-02	2.72e-03	1.13e-05	0.00e+00	3.84e-06	2.52e-14	2.99e-14
 1.97815e+22	4.58e-06	5.68e-03	2.57e-01	5.71e-01	1.42e-01	2.13e-02	2.36e-03	9.19e-06	0.00e+00	4.58e-06	3.09e-14	3.67e-14
 2.00893e+22	5.42e-06	6.33e-03	2.71e-01	5.67e-01	1.35e-01	1.93e-02	2.05e-03	7.52e-06	0.00e+00	5.42e-06	3.75e-14	4.45e-14
 2.04414e+22	6.71e-06	7.26e-03	2.88e-01	5.60e-01	1.25e-01	1.69e-02	1.71e-03	5.81e-06	0.00e+00	6.71e-06	4.81e-14	5.71e-14
 2.07988e+22	8.00e-06	8.13e-03	3.04e-01	5.54e-01	1.18e-01	1.52e-02	1.47e-03	4.67e-06	0.00e+00	8.00e-06	5.90e-14	7.00e-14
 2.11151e+22	9.47e-06	9.05e-03	3.18e-01	5.47e-01	1.11e-01	1.37e-02	1.27e-03	3.77e-06	0.00e+00	9.47e-06	7.20e-14	8.52e-14
 2.14785e+22	1.17e-05	1.04e-02	3.38e-01	5.36e-01	1.02e-01	1.19e-02	1.05e-03	2.87e-06	0.00e+00	1.17e-05	9.26e-14	1.10e-13
 2.18477e+22	1.40e-05	1.16e-02	3.55e-01	5.27e-01	9.53e-02	1.06e-02	8.91e-04	2.28e-06	0.00e+00	1.40e-05	1.14e-13	1.35e-13
 2.22245e+22	1.73e-05	1.33e-02	3.75e-01	5.14e-01	8.75e-02	9.14e-03	7.31e-04	1.72e-06	0.00e+00	1.73e-05	1.47e-13	1.73e-13
 2.26098e+22	2.08e-05	1.49e-02	3.93e-01	5.02e-01	8.08e-02	8.02e-03	6.11e-04	1.33e-06	0.00e+00	2.08e-05	1.82e-13	2.15e-13
 2.29481e+22	2.45e-05	1.65e-02	4.11e-01	4.90e-01	7.50e-02	7.09e-03	5.18e-04	1.05e-06	0.00e+00	2.45e-05	2.23e-13	2.63e-13
 2.33298e+22	3.03e-05	1.89e-02	4.32e-01	4.74e-01	6.81e-02	6.05e-03	4.19e-04	7.78e-07	0.00e+00	3.03e-05	2.88e-13	3.39e-13
 2.37252e+22	3.62e-05	2.11e-02	4.51e-01	4.60e-01	6.25e-02	5.26e-03	3.47e-04	5.98e-07	0.00e+00	3.62e-05	3.57e-13	4.20e-13
 2.41384e+22	4.52e-05	2.42e-02	4.75e-01	4.40e-01	5.60e-02	4.40e-03	2.74e-04	4.29e-07	0.00e+00	4.52e-05	4.69e-13	5.50e-13
 2.45571e+22	5.43e-05	2.71e-02	4.94e-01	4.24e-01	5.08e-02	3.78e-03	2.24e-04	3.23e-07	0.00e+00	5.43e-05	5.86e-13	6.85e-13
 2.49226e+22	6.44e-05	3.01e-02	5.12e-01	4.08e-01	4.64e-02	3.27e-03	1.86e-04	2.47e-07	0.00e+00	6.44e-05	7.23e-13	8.43e-13
 2.52362e+22	7.30e-05	3.26e-02	5.26e-01	3.95e-01	4.32e-02	2.93e-03	1.61e-04	2.02e-07	0.00e+00	7.30e-05	8.45e-13	9.83e-13
 2.55429e+22	8.59e-05	3.60e-02	5.42e-01	3.79e-01	3.94e-02	2.54e-03	1.34e-04	1.55e-07	0.00e+00	8.59e-05	1.04e-12	1.20e-12
 2.57596e+22	8.90e-05	3.68e-02	5.47e-01	3.75e-01	3.85e-02	2.45e-03	1.28e-04	1.46e-07	0.00e+00	8.90e-05	1.08e-12	1.26e-12
 2.58593e+22	9.43e-05	3.81e-02	5.52e-01	3.70e-01	3.72e-02	2.33e-03	1.19e-04	1.32e-07	0.00e+00	9.43e-05	1.16e-12	1.35e-12
 2.59889e+22	1.00e-04	3.96e-02	5.59e-01	3.63e-01	3.59e-02	2.20e-03	1.11e-04	0.00e+00	0.00e+00	1.00e-04	1.26e-12	1.46e-12
 2.61574e+22	1.09e-04	4.18e-02	5.67e-01	3.55e-01	3.41e-02	2.03e-03	1.00e-04	0.00e+00	0.00e+00	1.09e-04	1.41e-12	1.62e-12
 2.63764e+22	1.22e-04	4.47e-02	5.78e-01	3.43e-01	3.19e-02	1.83e-03	8.74e-05	0.00e+00	0.00e+00	1.22e-04	1.62e-12	1.86e-12
 2.66611e+22	1.42e-04	4.91e-02	5.93e-01	3.27e-01	2.90e-02	1.59e-03	7.26e-05	0.00e+00	0.00e+00	1.42e-04	1.96e-12	2.24e-12
 2.69613e+22	1.61e-04	5.28e-02	6.04e-01	3.14e-01	2.67e-02	1.40e-03	6.21e-05	0.00e+00	0.00e+00	1.61e-04	2.30e-12	2.61e-12
 2.72816e+22	1.88e-04	5.82e-02	6.19e-01	2.98e-01	2.41e-02	1.20e-03	5.07e-05	0.00e+00	0.00e+00	1.88e-04	2.83e-12	3.18e-12
 2.76107e+22	2.14e-04	6.30e-02	6.30e-01	2.84e-01	2.19e-02	1.04e-03	4.26e-05	0.00e+00	0.00e+00	2.14e-04	3.35e-12	3.76e-12
 2.79509e+22	2.53e-04	6.95e-02	6.44e-01	2.66e-01	1.95e-02	8.77e-04	3.42e-05	0.00e+00	0.00e+00	2.53e-04	4.17e-12	4.62e-12
 2.82962e+22	2.88e-04	7.52e-02	6.54e-01	2.52e-01	1.77e-02	7.58e-04	2.84e-05	0.00e+00	0.00e+00	2.88e-04	4.97e-12	5.46e-12
 2.86480e+22	3.41e-04	8.31e-02	6.66e-01	2.35e-01	1.56e-02	6.28e-04	2.25e-05	0.00e+00	0.00e+00	3.41e-04	6.23e-12	6.77e-12
 2.90039e+22	3.87e-04	8.96e-02	6.74e-01	2.21e-01	1.40e-02	5.40e-04	1.86e-05	0.00e+00	0.00e+00	3.87e-04	7.43e-12	7.98e-12
 2.93650e+22	4.57e-04	9.89e-02	6.84e-01	2.04e-01	1.23e-02	4.44e-04	1.46e-05	0.00e+00	0.00e+00	4.57e-04	9.35e-12	9.89e-12
 2.97353e+22	5.22e-04	1.07e-01	6.90e-01	1.91e-01	1.10e-02	3.76e-04	1.19e-05	0.00e+00	0.00e+00	5.22e-04	1.12e-11	1.17e-11
 3.01176e+22	6.19e-04	1.18e-01	6.97e-01	1.74e-01	9.47e-03	3.04e-04	9.12e-06	0.00e+00	0.00e+00	6.19e-04	1.43e-11	1.47e-11
 3.05082e+22	7.08e-04	1.28e-01	7.02e-01	1.61e-01	8.36e-03	2.54e-04	7.32e-06	0.00e+00	0.00e+00	7.08e-04	1.74e-11	1.75e-11
 3.09095e+22	8.42e-04	1.41e-01	7.05e-01	1.46e-01	7.12e-03	2.02e-04	5.51e-06	0.00e+00	0.00e+00	8.42e-04	2.24e-11	2.20e-11
 3.13157e+22	9.61e-04	1.52e-01	7.07e-01	1.34e-01	6.24e-03	1.67e-04	4.38e-06	0.00e+00	0.00e+00	9.61e-04	2.72e-11	2.62e-11
 3.17283e+22	1.14e-03	1.67e-01	7.06e-01	1.20e-01	5.29e-03	1.31e-04	3.28e-06	0.00e+00	0.00e+00	1.14e-03	3.50e-11	3.28e-11
 3.21511e+22	1.31e-03	1.81e-01	7.05e-01	1.09e-01	4.57e-03	1.07e-04	2.55e-06	0.00e+00	0.00e+00	1.31e-03	4.29e-11	3.94e-11
 3.25872e+22	1.56e-03	2.00e-01	6.99e-01	9.53e-02	3.78e-03	8.12e-05	1.84e-06	0.00e+00	0.00e+00	1.56e-03	5.61e-11	5.00e-11
 3.30227e+22	1.77e-03	2.14e-01	6.95e-01	8.62e-02	3.27e-03	6.60e-05	1.44e-06	0.00e+00	0.00e+00	1.77e-03	6.80e-11	5.93e-11
 3.34573e+22	2.11e-03	2.35e-01	6.85e-01	7.49e-02	2.70e-03	4.99e-05	1.04e-06	0.00e+00	0.00e+00	2.11e-03	8.83e-11	7.47e-11
 3.39045e+22	2.40e-03	2.52e-01	6.77e-01	6.68e-02	2.31e-03	3.99e-05	7.96e-07	0.00e+00	0.00e+00	2.40e-03	1.08e-10	8.90e-11
 3.43682e+22	2.87e-03	2.77e-01	6.61e-01	5.69e-02	1.86e-03	2.93e-05	5.57e-07	0.00e+00	0.00e+00	2.87e-03	1.42e-10	1.13e-10
 3.47331e+22	3.03e-03	2.85e-01	6.57e-01	5.35e-02	1.71e-03	2.60e-05	4.85e-07	0.00e+00	0.00e+00	3.03e-03	1.55e-10	1.23e-10
 3.49697e+22	3.31e-03	2.98e-01	6.48e-01	4.92e-02	1.54e-03	2.22e-05	4.04e-07	0.00e+00	0.00e+00	3.31e-03	1.77e-10	1.38e-10
 3.52773e+22	3.70e-03	3.16e-01	6.35e-01	4.39e-02	1.33e-03	1.80e-05	3.19e-07	0.00e+00	0.00e+00	3.70e-03	2.11e-10	1.62e-10
 3.56772e+22	4.28e-03	3.41e-01	6.16e-01	3.77e-02	1.11e-03	1.36e-05	2.33e-07	0.00e+00	0.00e+00	4.28e-03	2.64e-10	1.98e-10
 3.61970e+22	5.19e-03	3.76e-01	5.88e-01	3.05e-02	8.60e-04	9.35e-06	1.54e-07	0.00e+00	0.00e+00	5.19e-03	3.53e-10	2.57e-10
 3.67282e+22	5.95e-03	4.02e-01	5.66e-01	2.57e-02	7.05e-04	6.93e-06	0.00e+00	0.00e+00	0.00e+00	5.95e-03	4.38e-10	3.12e-10
 3.72743e+22	7.24e-03	4.42e-01	5.31e-01	2.02e-02	5.37e-04	4.57e-06	0.00e+00	0.00e+00	0.00e+00	7.24e-03	5.89e-10	4.09e-10
 3.78417e+22	8.41e-03	4.73e-01	5.01e-01	1.64e-02	4.28e-04	3.21e-06	0.00e+00	0.00e+00	0.00e+00	8.41e-03	7.42e-10	5.07e-10
 3.84368e+22	1.03e-02	5.20e-01	4.58e-01	1.22e-02	3.16e-04	1.98e-06	0.00e+00	0.00e+00	0.00e+00	1.03e-02	1.01e-09	6.77e-10
 3.90503e+22	1.22e-02	5.56e-01	4.22e-01	9.40e-03	2.45e-04	1.31e-06	0.00e+00	0.00e+00	0.00e+00	1.22e-02	1.29e-09	8.50e-10
 3.95222e+22	1.36e-02	5.82e-01	3.96e-01	7.77e-03	2.04e-04	9.72e-07	0.00e+00	0.00e+00	0.00e+00	1.36e-02	1.53e-09	9.96e-10
 3.99701e+22	1.58e-02	6.18e-01	3.60e-01	5.97e-03	1.60e-04	6.47e-07	0.00e+00	0.00e+00	0.00e+00	1.58e-02	1.91e-09	1.23e-09
 4.04335e+22	1.80e-02	6.48e-01	3.29e-01	4.70e-03	1.29e-04	4.50e-07	0.00e+00	0.00e+00	0.00e+00	1.80e-02	2.31e-09	1.48e-09
 4.09169e+22	2.14e-02	6.87e-01	2.89e-01	3.40e-03	9.76e-05	2.76e-07	0.00e+00	0.00e+00	0.00e+00	2.14e-02	2.96e-09	1.87e-09
 4.14110e+22	2.46e-02	7.16e-01	2.56e-01	2.55e-03	7.68e-05	1.81e-07	0.00e+00	0.00e+00	0.00e+00	2.46e-02	3.61e-09	2.27e-09
 4.19189e+22	2.96e-02	7.53e-01	2.16e-01	1.72e-03	5.57e-05	0.00e+00	0.00e+00	0.00e+00	0.00e+00	2.96e-02	4.69e-09	2.92e-09
 4.24467e+22	3.50e-02	7.82e-01	1.82e-01	1.18e-03	4.15e-05	0.00e+00	0.00e+00	0.00e+00	0.00e+00	3.50e-02	5.89e-09	3.63e-09
 4.28647e+22	4.01e-02	8.02e-01	1.57e-01	8.69e-04	3.27e-05	0.00e+00	0.00e+00	0.00e+00	0.00e+00	4.01e-02	7.04e-09	4.31e-09
 4.32180e+22	4.58e-02	8.19e-01	1.35e-01	6.35e-04	2.57e-05	0.00e+00	0.00e+00	0.00e+00	0.00e+00	4.58e-02	8.40e-09	5.11e-09
 4.36229e+22	5.44e-02	8.36e-01	1.09e-01	4.19e-04	1.86e-05	0.00e+00	0.00e+00	0.00e+00	0.00e+00	5.44e-02	1.06e-08	6.38e-09
 4.40505e+22	6.50e-02	8.48e-01	8.68e-02	2.73e-04	1.34e-05	0.00e+00	0.00e+00	0.00e+00	0.00e+00	6.50e-02	1.33e-08	7.96e-09
 4.44316e+22	7.75e-02	8.54e-01	6.85e-02	1.79e-04	9.68e-06	0.00e+00	0.00e+00	0.00e+00	0.00e+00	7.75e-02	1.65e-08	9.89e-09
 4.47859e+22	9.27e-02	8.54e-01	5.31e-02	1.17e-04	6.87e-06	0.00e+00	0.00e+00	0.00e+00	0.00e+00	9.27e-02	2.06e-08	1.23e-08
 4.51166e+22	1.11e-01	8.48e-01	4.07e-02	7.63e-05	4.83e-06	0.00e+00	0.00e+00	0.00e+00	0.00e+00	1.11e-01	2.56e-08	1.53e-08
 4.54231e+22	1.33e-01	8.36e-01	3.06e-02	5.00e-05	3.34e-06	0.00e+00	0.00e+00	0.00e+00	0.00e+00	1.33e-01	3.17e-08	1.89e-08
 4.57048e+22	1.60e-01	8.17e-01	2.29e-02	3.32e-05	2.28e-06	0.00e+00	0.00e+00	0.00e+00	0.00e+00	1.60e-01	3.89e-08	2.33e-08
 4.59592e+22	1.91e-01	7.92e-01	1.70e-02	2.26e-05	1.56e-06	0.00e+00	0.00e+00	0.00e+00	0.00e+00	1.91e-01	4.70e-08	2.82e-08
 4.61894e+22	2.26e-01	7.61e-01	1.26e-02	1.58e-05	1.06e-06	0.00e+00	0.00e+00	0.00e+00	0.00e+00	2.26e-01	5.59e-08	3.34e-08
 4.63994e+22	2.65e-01	7.26e-01	9.36e-03	1.13e-05	7.20e-07	0.00e+00	0.00e+00	0.00e+00	0.00e+00	2.65e-01	6.53e-08	3.89e-08
 4.65314e+22	2.91e-01	7.01e-01	7.81e-03	9.29e-06	5.73e-07	0.00e+00	0.00e+00	0.00e+00	0.00e+00	2.91e-01	7.09e-08	4.22e-08
 4.65803e+22	3.02e-01	6.91e-01	7.28e-03	8.63e-06	5.23e-07	0.00e+00	0.00e+00	0.00e+00	0.00e+00	3.02e-01	7.31e-08	4.35e-08
 4.66195e+22	3.11e-01	6.82e-01	6.83e-03	8.08e-06	4.81e-07	0.00e+00	0.00e+00	0.00e+00	0.00e+00	3.11e-01	7.51e-08	4.47e-08
 4.66705e+22	3.24e-01	6.70e-01	6.27e-03	7.41e-06	4.30e-07	0.00e+00	0.00e+00	0.00e+00	0.00e+00	3.24e-01	7.78e-08	4.63e-08
 4.67303e+22	3.39e-01	6.55e-01	5.67e-03	6.70e-06	3.77e-07	0.00e+00	0.00e+00	0.00e+00	0.00e+00	3.39e-01	8.10e-08	4.81e-08
 4.67898e+22	3.54e-01	6.41e-01	5.15e-03	6.10e-06	3.33e-07	0.00e+00	0.00e+00	0.00e+00	0.00e+00	3.54e-01	8.39e-08	4.98e-08
 4.68480e+22	3.69e-01	6.26e-01	4.67e-03	5.54e-06	2.93e-07	0.00e+00	0.00e+00	0.00e+00	0.00e+00	3.69e-01	8.69e-08	5.16e-08
 4.69071e+22	3.86e-01	6.10e-01	4.21e-03	5.03e-06	2.56e-07	0.00e+00	0.00e+00	0.00e+00	0.00e+00	3.86e-01	8.99e-08	5.33e-08
 4.69653e+22	4.02e-01	5.94e-01	3.81e-03	4.57e-06	2.25e-07	0.00e+00	0.00e+00	0.00e+00	0.00e+00	4.02e-01	9.27e-08	5.50e-08
 4.70243e+22	4.19e-01	5.77e-01	3.43e-03	4.15e-06	1.96e-07	0.00e+00	0.00e+00	0.00e+00	0.00e+00	4.19e-01	9.55e-08	5.66e-08
 4.70852e+22	4.37e-01	5.59e-01	3.07e-03	3.76e-06	1.70e-07	0.00e+00	0.00e+00	0.00e+00	0.00e+00	4.37e-01	9.83e-08	5.82e-08
 4.71477e+22	4.56e-01	5.41e-01	2.74e-03	3.40e-06	1.47e-07	0.00e+00	0.00e+00	0.00e+00	0.00e+00	4.56e-01	1.01e-07	5.98e-08
 4.72118e+22	4.76e-01	5.22e-01	2.43e-03	3.06e-06	1.26e-07	0.00e+00	0.00e+00	0.00e+00	0.00e+00	4.76e-01	1.04e-07	6.13e-08
 4.72765e+22	4.96e-01	5.02e-01	2.16e-03	2.76e-06	0.00e+00	0.00e+00	0.00e+00	0.00e+00	0.00e+00	4.96e-01	1.06e-07	6.27e-08
 4.73426e+22	5.16e-01	4.82e-01	1.91e-03	2.48e-06	0.00e+00	0.00e+00	0.00e+00	0.00e+00	0.00e+00	5.16e-01	1.08e-07	6.39e-08
 4.74117e+22	5.37e-01	4.61e-01	1.67e-03	2.23e-06	0.00e+00	0.00e+00	0.00e+00	0.00e+00	0.00e+00	5.37e-01	1.10e-07	6.51e-08
 4.74841e+22	5.59e-01	4.39e-01	1.46e-03	1.99e-06	0.00e+00	0.00e+00	0.00e+00	0.00e+00	0.00e+00	5.59e-01	1.12e-07	6.61e-08
 4.75568e+22	5.81e-01	4.18e-01	1.27e-03	1.78e-06	0.00e+00	0.00e+00	0.00e+00	0.00e+00	0.00e+00	5.81e-01	1.14e-07	6.69e-08
 4.76138e+22	5.96e-01	4.03e-01	1.15e-03	1.64e-06	0.00e+00	0.00e+00	0.00e+00	0.00e+00	0.00e+00	5.96e-01	1.14e-07	6.73e-08
 4.76521e+22	6.07e-01	3.92e-01	1.07e-03	1.55e-06	0.00e+00	0.00e+00	0.00e+00	0.00e+00	0.00e+00	6.07e-01	1.15e-07	6.75e-08
 4.76890e+22	6.18e-01	3.81e-01	9.97e-04	1.47e-06	0.00e+00	0.00e+00	0.00e+00	0.00e+00	0.00e+00	6.18e-01	1.15e-07	6.77e-08
 4.77314e+22	6.29e-01	3.70e-01	9.19e-04	1.38e-06	0.00e+00	0.00e+00	0.00e+00	0.00e+00	0.00e+00	6.29e-01	1.15e-07	6.79e-08
 4.77777e+22	6.42e-01	3.57e-01	8.43e-04	1.29e-06	0.00e+00	0.00e+00	0.00e+00	0.00e+00	0.00e+00	6.42e-01	1.16e-07	6.80e-08
 4.78235e+22	6.54e-01	3.46e-01	7.74e-04	1.21e-06	0.00e+00	0.00e+00	0.00e+00	0.00e+00	0.00e+00	6.54e-01	1.16e-07	6.81e-08
 4.78684e+22	6.65e-01	3.34e-01	7.13e-04	1.14e-06	0.00e+00	0.00e+00	0.00e+00	0.00e+00	0.00e+00	6.65e-01	1.16e-07	6.81e-08
 4.79137e+22	6.76e-01	3.23e-01	6.56e-04	1.07e-06	0.00e+00	0.00e+00	0.00e+00	0.00e+00	0.00e+00	6.76e-01	1.16e-07	6.80e-08
 4.79603e+22	6.87e-01	3.13e-01	6.03e-04	1.01e-06	0.00e+00	0.00e+00	0.00e+00	0.00e+00	0.00e+00	6.87e-01	1.16e-07	6.79e-08
 4.80081e+22	6.98e-01	3.02e-01	5.53e-04	9.43e-07	0.00e+00	0.00e+00	0.00e+00	0.00e+00	0.00e+00	6.98e-01	1.16e-07	6.78e-08
 4.80564e+22	7.09e-01	2.91e-01	5.06e-04	8.85e-07	0.00e+00	0.00e+00	0.00e+00	0.00e+00	0.00e+00	7.09e-01	1.15e-07	6.76e-08
 4.81046e+22	7.19e-01	2.81e-01	4.65e-04	8.33e-07	0.00e+00	0.00e+00	0.00e+00	0.00e+00	0.00e+00	7.19e-01	1.15e-07	6.73e-08
 4.81536e+22	7.29e-01	2.71e-01	4.27e-04	7.84e-07	0.00e+00	0.00e+00	0.00e+00	0.00e+00	0.00e+00	7.29e-01	1.15e-07	6.71e-08
 4.82044e+22	7.38e-01	2.61e-01	3.91e-04	7.37e-07	0.00e+00	0.00e+00	0.00e+00	0.00e+00	0.00e+00	7.38e-01	1.14e-07	6.68e-08
 4.82570e+22	7.48e-01	2.51e-01	3.57e-04	6.91e-07	0.00e+00	0.00e+00	0.00e+00	0.00e+00	0.00e+00	7.48e-01	1.14e-07	6.64e-08
 4.83099e+22	7.57e-01	2.42e-01	3.27e-04	6.51e-07	0.00e+00	0.00e+00	0.00e+00	0.00e+00	0.00e+00	7.57e-01	1.13e-07	6.61e-08
 4.83640e+22	7.67e-01	2.33e-01	2.98e-04	6.11e-07	0.00e+00	0.00e+00	0.00e+00	0.00e+00	0.00e+00	7.67e-01	1.12e-07	6.57e-08
 4.84204e+22	7.76e-01	2.24e-01	2.72e-04	5.74e-07	0.00e+00	0.00e+00	0.00e+00	0.00e+00	0.00e+00	7.76e-01	1.12e-07	6.52e-08
 4.84773e+22	7.84e-01	2.15e-01	2.48e-04	5.39e-07	0.00e+00	0.00e+00	0.00e+00	0.00e+00	0.00e+00	7.84e-01	1.11e-07	6.47e-08
 4.85344e+22	7.93e-01	2.07e-01	2.26e-04	5.08e-07	0.00e+00	0.00e+00	0.00e+00	0.00e+00	0.00e+00	7.93e-01	1.10e-07	6.43e-08
 4.85935e+22	8.01e-01	1.99e-01	2.06e-04	4.78e-07	0.00e+00	0.00e+00	0.00e+00	0.00e+00	0.00e+00	8.01e-01	1.10e-07	6.39e-08
 4.86558e+22	8.09e-01	1.91e-01	1.87e-04	4.49e-07	0.00e+00	0.00e+00	0.00e+00	0.00e+00	0.00e+00	8.09e-01	1.09e-07	6.34e-08
 4.87197e+22	8.16e-01	1.83e-01	1.70e-04	4.21e-07	0.00e+00	0.00e+00	0.00e+00	0.00e+00	0.00e+00	8.16e-01	1.08e-07	6.28e-08
 4.87840e+22	8.24e-01	1.76e-01	1.55e-04	3.96e-07	0.00e+00	0.00e+00	0.00e+00	0.00e+00	0.00e+00	8.24e-01	1.07e-07	6.22e-08
 4.88502e+22	8.31e-01	1.69e-01	1.41e-04	3.73e-07	0.00e+00	0.00e+00	0.00e+00	0.00e+00	0.00e+00	8.31e-01	1.06e-07	6.15e-08
 4.89194e+22	8.38e-01	1.62e-01	1.28e-04	3.50e-07	0.00e+00	0.00e+00	0.00e+00	0.00e+00	0.00e+00	8.38e-01	1.06e-07	6.08e-08
 4.89914e+22	8.44e-01	1.55e-01	1.16e-04	3.29e-07	0.00e+00	0.00e+00	0.00e+00	0.00e+00	0.00e+00	8.44e-01	1.05e-07	6.02e-08
 4.90650e+22	8.51e-01	1.49e-01	1.05e-04	3.09e-07	0.00e+00	0.00e+00	0.00e+00	0.00e+00	0.00e+00	8.51e-01	1.04e-07	5.95e-08
 4.91399e+22	8.57e-01	1.43e-01	9.54e-05	2.90e-07	0.00e+00	0.00e+00	0.00e+00	0.00e+00	0.00e+00	8.57e-01	1.03e-07	5.88e-08
 4.92169e+22	8.63e-01	1.37e-01	8.65e-05	2.72e-07	0.00e+00	0.00e+00	0.00e+00	0.00e+00	0.00e+00	8.63e-01	1.02e-07	5.81e-08
 4.92955e+22	8.69e-01	1.31e-01	7.87e-05	2.56e-07	0.00e+00	0.00e+00	0.00e+00	0.00e+00	0.00e+00	8.69e-01	1.01e-07	5.74e-08
 4.93750e+22	8.75e-01	1.25e-01	7.17e-05	2.41e-07	0.00e+00	0.00e+00	0.00e+00	0.00e+00	0.00e+00	8.75e-01	1.01e-07	5.68e-08
 4.94562e+22	8.80e-01	1.20e-01	6.55e-05	2.26e-07	0.00e+00	0.00e+00	0.00e+00	0.00e+00	0.00e+00	8.80e-01	9.98e-08	5.61e-08
 4.95392e+22	8.85e-01	1.15e-01	5.99e-05	2.13e-07	0.00e+00	0.00e+00	0.00e+00	0.00e+00	0.00e+00	8.85e-01	9.91e-08	5.55e-08
 4.96228e+22	8.89e-01	1.11e-01	5.50e-05	2.01e-07	0.00e+00	0.00e+00	0.00e+00	0.00e+00	0.00e+00	8.89e-01	9.84e-08	5.49e-08
 4.97071e+22	8.94e-01	1.06e-01	5.07e-05	1.90e-07	0.00e+00	0.00e+00	0.00e+00	0.00e+00	0.00e+00	8.94e-01	9.78e-08	5.43e-08
 4.97937e+22	8.98e-01	1.02e-01	4.67e-05	1.79e-07	0.00e+00	0.00e+00	0.00e+00	0.00e+00	0.00e+00	8.98e-01	9.73e-08	5.38e-08
 4.98814e+22	9.02e-01	9.79e-02	4.33e-05	1.69e-07	0.00e+00	0.00e+00	0.00e+00	0.00e+00	0.00e+00	9.02e-01	9.67e-08	5.32e-08
 4.99701e+22	9.06e-01	9.43e-02	4.02e-05	1.60e-07	0.00e+00	0.00e+00	0.00e+00	0.00e+00	0.00e+00	9.06e-01	9.63e-08	5.28e-08
 5.00614e+22	9.09e-01	9.05e-02	3.74e-05	1.51e-07	0.00e+00	0.00e+00	0.00e+00	0.00e+00	0.00e+00	9.09e-01	9.59e-08	5.23e-08
 5.01553e+22	9.13e-01	8.70e-02	3.49e-05	1.43e-07	0.00e+00	0.00e+00	0.00e+00	0.00e+00	0.00e+00	9.13e-01	9.55e-08	5.18e-08
 5.02503e+22	9.16e-01	8.36e-02	3.27e-05	1.35e-07	0.00e+00	0.00e+00	0.00e+00	0.00e+00	0.00e+00	9.16e-01	9.51e-08	5.14e-08
 5.03466e+22	9.20e-01	8.03e-02	3.07e-05	1.28e-07	0.00e+00	0.00e+00	0.00e+00	0.00e+00	0.00e+00	9.20e-01	9.48e-08	5.10e-08
 5.04459e+22	9.23e-01	7.72e-02	2.89e-05	0.00e+00	0.00e+00	0.00e+00	0.00e+00	0.00e+00	0.00e+00	9.23e-01	9.45e-08	5.06e-08
 5.05478e+22	9.26e-01	7.41e-02	2.73e-05	0.00e+00	0.00e+00	0.00e+00	0.00e+00	0.00e+00	0.00e+00	9.26e-01	9.43e-08	5.02e-08
 5.06486e+22	9.29e-01	7.14e-02	2.59e-05	0.00e+00	0.00e+00	0.00e+00	0.00e+00	0.00e+00	0.00e+00	9.29e-01	9.41e-08	4.98e-08
 5.07449e+22	9.31e-01	6.89e-02	2.48e-05	0.00e+00	0.00e+00	0.00e+00	0.00e+00	0.00e+00	0.00e+00	9.31e-01	9.38e-08	4.95e-08
 5.08340e+22	9.33e-01	6.67e-02	2.38e-05	0.00e+00	0.00e+00	0.00e+00	0.00e+00	0.00e+00	0.00e+00	9.33e-01	9.36e-08	4.92e-08
 5.09167e+22	9.35e-01	6.47e-02	2.31e-05	0.00e+00	0.00e+00	0.00e+00	0.00e+00	0.00e+00	0.00e+00	9.35e-01	9.33e-08	4.88e-08
 5.09928e+22	9.37e-01	6.31e-02	2.24e-05	0.00e+00	0.00e+00	0.00e+00	0.00e+00	0.00e+00	0.00e+00	9.37e-01	9.31e-08	4.86e-08
 5.10662e+22	9.39e-01	6.14e-02	2.19e-05	0.00e+00	0.00e+00	0.00e+00	0.00e+00	0.00e+00	0.00e+00	9.39e-01	9.30e-08	4.84e-08
 5.11399e+22	9.40e-01	5.99e-02	2.13e-05	0.00e+00	0.00e+00	0.00e+00	0.00e+00	0.00e+00	0.00e+00	9.40e-01	9.29e-08	4.82e-08
 5.12122e+22	9.42e-01	5.82e-02	2.08e-05	0.00e+00	0.00e+00	0.00e+00	0.00e+00	0.00e+00	0.00e+00	9.42e-01	9.27e-08	4.79e-08
 5.12799e+22	9.43e-01	5.68e-02	2.04e-05	0.00e+00	0.00e+00	0.00e+00	0.00e+00	0.00e+00	0.00e+00	9.43e-01	9.26e-08	4.77e-08
 5.13429e+22	9.44e-01	5.56e-02	2.00e-05	0.00e+00	0.00e+00	0.00e+00	0.00e+00	0.00e+00	0.00e+00	9.44e-01	9.25e-08	4.75e-08
 5.14063e+22	9.46e-01	5.43e-02	1.97e-05	0.00e+00	0.00e+00	0.00e+00	0.00e+00	0.00e+00	0.00e+00	9.46e-01	9.24e-08	4.73e-08
 5.14675e+22	9.47e-01	5.30e-02	1.94e-05	0.00e+00	0.00e+00	0.00e+00	0.00e+00	0.00e+00	0.00e+00	9.47e-01	9.22e-08	4.71e-08
 5.15252e+22	9.48e-01	5.19e-02	1.91e-05	0.00e+00	0.00e+00	0.00e+00	0.00e+00	0.00e+00	0.00e+00	9.48e-01	9.22e-08	4.70e-08
 5.15826e+22	9.49e-01	5.07e-02	1.88e-05	0.00e+00	0.00e+00	0.00e+00	0.00e+00	0.00e+00	0.00e+00	9.49e-01	9.20e-08	4.68e-08
 5.16375e+22	9.50e-01	4.97e-02	1.86e-05	0.00e+00	0.00e+00	0.00e+00	0.00e+00	0.00e+00	0.00e+00	9.50e-01	9.19e-08	4.66e-08
 5.16892e+22	9.51e-01	4.87e-02	1.83e-05	0.00e+00	0.00e+00	0.00e+00	0.00e+00	0.00e+00	0.00e+00	9.51e-01	9.18e-08	4.65e-08
 5.17398e+22	9.52e-01	4.77e-02	1.81e-05	0.00e+00	0.00e+00	0.00e+00	0.00e+00	0.00e+00	0.00e+00	9.52e-01	9.17e-08	4.63e-08
 5.17891e+22	9.53e-01	4.67e-02	1.79e-05	0.00e+00	0.00e+00	0.00e+00	0.00e+00	0.00e+00	0.00e+00	9.53e-01	9.16e-08	4.61e-08
 5.18354e+22	9.54e-01	4.58e-02	1.78e-05	0.00e+00	0.00e+00	0.00e+00	0.00e+00	0.00e+00	0.00e+00	9.54e-01	9.14e-08	4.60e-08
 5.18776e+22	9.55e-01	4.50e-02	1.76e-05	0.00e+00	0.00e+00	0.00e+00	0.00e+00	0.00e+00	0.00e+00	9.55e-01	9.13e-08	4.58e-08
 5.19160e+22	9.56e-01	4.43e-02	1.75e-05	0.00e+00	0.00e+00	0.00e+00	0.00e+00	0.00e+00	0.00e+00	9.56e-01	9.12e-08	4.57e-08
 5.19509e+22	9.56e-01	4.37e-02	1.74e-05	0.00e+00	0.00e+00	0.00e+00	0.00e+00	0.00e+00	0.00e+00	9.56e-01	9.10e-08	4.55e-08
 5.19827e+22	9.57e-01	4.31e-02	1.72e-05	0.00e+00	0.00e+00	0.00e+00	0.00e+00	0.00e+00	0.00e+00	9.57e-01	9.09e-08	4.54e-08
 5.20116e+22	9.57e-01	4.26e-02	1.71e-05	0.00e+00	0.00e+00	0.00e+00	0.00e+00	0.00e+00	0.00e+00	9.57e-01	9.08e-08	4.53e-08
 5.20379e+22	9.58e-01	4.21e-02	1.71e-05	0.00e+00	0.00e+00	0.00e+00	0.00e+00	0.00e+00	0.00e+00	9.58e-01	9.07e-08	4.52e-08
 5.20667e+22	9.58e-01	4.15e-02	1.69e-05	0.00e+00	0.00e+00	0.00e+00	0.00e+00	0.00e+00	0.00e+00	9.58e-01	9.04e-08	4.50e-08
 5.20979e+22	9.59e-01	4.09e-02	1.68e-05	0.00e+00	0.00e+00	0.00e+00	0.00e+00	0.00e+00	0.00e+00	9.59e-01	9.00e-08	4.49e-08
 5.21262e+22	9.60e-01	4.04e-02	1.67e-05	0.00e+00	0.00e+00	0.00e+00	0.00e+00	0.00e+00	0.00e+00	9.60e-01	8.96e-08	4.48e-08
 5.21520e+22	9.60e-01	3.99e-02	1.66e-05	0.00e+00	0.00e+00	0.00e+00	0.00e+00	0.00e+00	0.00e+00	9.60e-01	8.92e-08	4.46e-08
 5.21754e+22	9.60e-01	3.96e-02	1.65e-05	0.00e+00	0.00e+00	0.00e+00	0.00e+00	0.00e+00	0.00e+00	9.60e-01	8.90e-08	4.45e-08
 5.22012e+22	9.61e-01	3.90e-02	1.64e-05	0.00e+00	0.00e+00	0.00e+00	0.00e+00	0.00e+00	0.00e+00	9.61e-01	8.88e-08	4.44e-08
 5.22346e+22	9.62e-01	3.83e-02	1.63e-05	0.00e+00	0.00e+00	0.00e+00	0.00e+00	0.00e+00	0.00e+00	9.62e-01	8.84e-08	4.43e-08
 5.22707e+22	9.62e-01	3.76e-02	1.61e-05	0.00e+00	0.00e+00	0.00e+00	0.00e+00	0.00e+00	0.00e+00	9.62e-01	8.80e-08	4.41e-08
 5.23035e+22	9.63e-01	3.69e-02	1.60e-05	0.00e+00	0.00e+00	0.00e+00	0.00e+00	0.00e+00	0.00e+00	9.63e-01	8.77e-08	4.40e-08
 5.23334e+22	9.63e-01	3.65e-02	1.59e-05	0.00e+00	0.00e+00	0.00e+00	0.00e+00	0.00e+00	0.00e+00	9.63e-01	8.74e-08	4.39e-08
 5.23606e+22	9.64e-01	3.60e-02	1.58e-05	0.00e+00	0.00e+00	0.00e+00	0.00e+00	0.00e+00	0.00e+00	9.64e-01	8.71e-08	4.38e-08
 5.23853e+22	9.64e-01	3.57e-02	1.57e-05	0.00e+00	0.00e+00	0.00e+00	0.00e+00	0.00e+00	0.00e+00	9.64e-01	8.71e-08	4.38e-08
 5.24124e+22	9.65e-01	3.53e-02	1.55e-05	0.00e+00	0.00e+00	0.00e+00	0.00e+00	0.00e+00	0.00e+00	9.65e-01	8.69e-08	4.37e-08
 5.24417e+22	9.65e-01	3.49e-02	1.54e-05	0.00e+00	0.00e+00	0.00e+00	0.00e+00	0.00e+00	0.00e+00	9.65e-01	8.68e-08	4.36e-08
 5.24738e+22	9.66e-01	3.43e-02	1.52e-05	0.00e+00	0.00e+00	0.00e+00	0.00e+00	0.00e+00	0.00e+00	9.66e-01	8.66e-08	4.35e-08
 5.25084e+22	9.66e-01	3.37e-02	1.51e-05	0.00e+00	0.00e+00	0.00e+00	0.00e+00	0.00e+00	0.00e+00	9.66e-01	8.64e-08	4.35e-08
 5.25399e+22	9.67e-01	3.33e-02	1.50e-05	0.00e+00	0.00e+00	0.00e+00	0.00e+00	0.00e+00	0.00e+00	9.67e-01	8.63e-08	4.34e-08
 5.25686e+22	9.67e-01	3.29e-02	1.48e-05	0.00e+00	0.00e+00	0.00e+00	0.00e+00	0.00e+00	0.00e+00	9.67e-01	8.60e-08	4.33e-08
 5.25947e+22	9.67e-01	3.26e-02	1.47e-05	0.00e+00	0.00e+00	0.00e+00	0.00e+00	0.00e+00	0.00e+00	9.67e-01	8.59e-08	4.32e-08
 5.26232e+22	9.68e-01	3.21e-02	1.46e-05	0.00e+00	0.00e+00	0.00e+00	0.00e+00	0.00e+00	0.00e+00	9.68e-01	8.59e-08	4.32e-08
 5.26604e+22	9.68e-01	3.15e-02	1.44e-05	0.00e+00	0.00e+00	0.00e+00	0.00e+00	0.00e+00	0.00e+00	9.68e-01	8.57e-08	4.31e-08
 5.27005e+22	9.69e-01	3.09e-02	1.42e-05	0.00e+00	0.00e+00	0.00e+00	0.00e+00	0.00e+00	0.00e+00	9.69e-01	8.55e-08	4.30e-08
 5.27371e+22	9.70e-01	3.04e-02	1.41e-05	0.00e+00	0.00e+00	0.00e+00	0.00e+00	0.00e+00	0.00e+00	9.70e-01	8.53e-08	4.29e-08
 5.27703e+22	9.70e-01	3.00e-02	1.39e-05	0.00e+00	0.00e+00	0.00e+00	0.00e+00	0.00e+00	0.00e+00	9.70e-01	8.52e-08	4.28e-08
 5.28005e+22	9.70e-01	2.96e-02	1.38e-05	0.00e+00	0.00e+00	0.00e+00	0.00e+00	0.00e+00	0.00e+00	9.70e-01	8.50e-08	4.27e-08
 5.28280e+22	9.71e-01	2.92e-02	1.36e-05	0.00e+00	0.00e+00	0.00e+00	0.00e+00	0.00e+00	0.00e+00	9.71e-01	8.48e-08	4.26e-08
 5.28531e+22	9.71e-01	2.88e-02	1.35e-05	0.00e+00	0.00e+00	0.00e+00	0.00e+00	0.00e+00	0.00e+00	9.71e-01	8.45e-08	4.24e-08
 5.28759e+22	9.71e-01	2.86e-02	1.34e-05	0.00e+00	0.00e+00	0.00e+00	0.00e+00	0.00e+00	0.00e+00	9.71e-01	8.45e-08	4.23e-08
 5.29008e+22	9.72e-01	2.82e-02	1.32e-05	0.00e+00	0.00e+00	0.00e+00	0.00e+00	0.00e+00	0.00e+00	9.72e-01	8.44e-08	4.23e-08
 5.29333e+22	9.72e-01	2.77e-02	1.31e-05	0.00e+00	0.00e+00	0.00e+00	0.00e+00	0.00e+00	0.00e+00	9.72e-01	8.41e-08	4.21e-08
 5.29684e+22	9.73e-01	2.72e-02	1.29e-05	0.00e+00	0.00e+00	0.00e+00	0.00e+00	0.00e+00	0.00e+00	9.73e-01	8.39e-08	4.20e-08
 5.30002e+22	9.73e-01	2.68e-02	1.28e-05	0.00e+00	0.00e+00	0.00e+00	0.00e+00	0.00e+00	0.00e+00	9.73e-01	8.38e-08	4.19e-08
 5.30293e+22	9.74e-01	2.64e-02	1.26e-05	0.00e+00	0.00e+00	0.00e+00	0.00e+00	0.00e+00	0.00e+00	9.74e-01	8.35e-08	4.17e-08
 5.30557e+22	9.74e-01	2.61e-02	1.25e-05	0.00e+00	0.00e+00	0.00e+00	0.00e+00	0.00e+00	0.00e+00	9.74e-01	8.34e-08	4.16e-08
 5.30846e+22	9.74e-01	2.58e-02	1.24e-05	0.00e+00	0.00e+00	0.00e+00	0.00e+00	0.00e+00	0.00e+00	9.74e-01	8.33e-08	4.15e-08
 5.31159e+22	9.75e-01	2.53e-02	1.22e-05	0.00e+00	0.00e+00	0.00e+00	0.00e+00	0.00e+00	0.00e+00	9.75e-01	8.31e-08	4.14e-08
 5.31443e+22	9.75e-01	2.50e-02	1.21e-05	0.00e+00	0.00e+00	0.00e+00	0.00e+00	0.00e+00	0.00e+00	9.75e-01	8.29e-08	4.12e-08
 5.31702e+22	9.75e-01	2.47e-02	1.20e-05	0.00e+00	0.00e+00	0.00e+00	0.00e+00	0.00e+00	0.00e+00	9.75e-01	8.27e-08	4.10e-08
 5.31937e+22	9.76e-01	2.45e-02	1.19e-05	0.00e+00	0.00e+00	0.00e+00	0.00e+00	0.00e+00	0.00e+00	9.76e-01	8.27e-08	4.10e-08
 5.32195e+22	9.76e-01	2.41e-02	1.18e-05	0.00e+00	0.00e+00	0.00e+00	0.00e+00	0.00e+00	0.00e+00	9.76e-01	8.24e-08	4.08e-08
 5.32474e+22	9.76e-01	2.38e-02	1.17e-05	0.00e+00	0.00e+00	0.00e+00	0.00e+00	0.00e+00	0.00e+00	9.76e-01	8.24e-08	4.08e-08
 5.32779e+22	9.77e-01	2.35e-02	1.16e-05	0.00e+00	0.00e+00	0.00e+00	0.00e+00	0.00e+00	0.00e+00	9.77e-01	8.22e-08	4.06e-08
 5.33108e+22	9.77e-01	2.31e-02	1.15e-05	0.00e+00	0.00e+00	0.00e+00	0.00e+00	0.00e+00	0.00e+00	9.77e-01	8.16e-08	4.03e-08
 5.33408e+22	9.77e-01	2.28e-02	1.14e-05	0.00e+00	0.00e+00	0.00e+00	0.00e+00	0.00e+00	0.00e+00	9.77e-01	8.12e-08	4.01e-08
 5.33737e+22	9.78e-01	2.24e-02	1.12e-05	0.00e+00	0.00e+00	0.00e+00	0.00e+00	0.00e+00	0.00e+00	9.78e-01	8.03e-08	3.98e-08
 5.34091e+22	9.78e-01	2.21e-02	1.11e-05	0.00e+00	0.00e+00	0.00e+00	0.00e+00	0.00e+00	0.00e+00	9.78e-01	7.97e-08	3.94e-08
 5.34414e+22	9.78e-01	2.17e-02	1.10e-05	0.00e+00	0.00e+00	0.00e+00	0.00e+00	0.00e+00	0.00e+00	9.78e-01	7.87e-08	3.90e-08
 5.34708e+22	9.78e-01	2.15e-02	1.09e-05	0.00e+00	0.00e+00	0.00e+00	0.00e+00	0.00e+00	0.00e+00	9.78e-01	7.85e-08	3.89e-08
 5.35030e+22	9.79e-01	2.12e-02	1.08e-05	0.00e+00	0.00e+00	0.00e+00	0.00e+00	0.00e+00	0.00e+00	9.79e-01	7.79e-08	3.85e-08
 5.35377e+22	9.79e-01	2.09e-02	1.07e-05	0.00e+00	0.00e+00	0.00e+00	0.00e+00	0.00e+00	0.00e+00	9.79e-01	7.72e-08	3.81e-08
 5.35693e+22	9.79e-01	2.06e-02	1.06e-05	0.00e+00	0.00e+00	0.00e+00	0.00e+00	0.00e+00	0.00e+00	9.79e-01	7.64e-08	3.76e-08
 5.35981e+22	9.80e-01	2.04e-02	1.05e-05	0.00e+00	0.00e+00	0.00e+00	0.00e+00	0.00e+00	0.00e+00	9.80e-01	7.62e-08	3.74e-08
 5.36296e+22	9.80e-01	2.00e-02	1.04e-05	0.00e+00	0.00e+00	0.00e+00	0.00e+00	0.00e+00	0.00e+00	9.80e-01	7.53e-08	3.69e-08
 5.36637e+22	9.80e-01	1.98e-02	1.03e-05	0.00e+00	0.00e+00	0.00e+00	0.00e+00	0.00e+00	0.00e+00	9.80e-01	7.51e-08	3.67e-08
 5.37010e+22	9.81e-01	1.94e-02	1.02e-05	0.00e+00	0.00e+00	0.00e+00	0.00e+00	0.00e+00	0.00e+00	9.81e-01	7.43e-08	3.62e-08
 5.37413e+22	9.81e-01	1.91e-02	1.01e-05	0.00e+00	0.00e+00	0.00e+00	0.00e+00	0.00e+00	0.00e+00	9.81e-01	7.36e-08	3.58e-08
 5.37779e+22	9.81e-01	1.87e-02	9.94e-06	0.00e+00	0.00e+00	0.00e+00	0.00e+00	0.00e+00	0.00e+00	9.81e-01	7.27e-08	3.53e-08
 5.38112e+22	9.81e-01	1.86e-02	9.86e-06	0.00e+00	0.00e+00	0.00e+00	0.00e+00	0.00e+00	0.00e+00	9.81e-01	7.26e-08	3.51e-08
 5.38478e+22	9.82e-01	1.82e-02	9.75e-06	0.00e+00	0.00e+00	0.00e+00	0.00e+00	0.00e+00	0.00e+00	9.82e-01	7.19e-08	3.47e-08
 5.38872e+22	9.82e-01	1.79e-02	9.65e-06	0.00e+00	0.00e+00	0.00e+00	0.00e+00	0.00e+00	0.00e+00	9.82e-01	7.12e-08	3.43e-08
 5.39231e+22	9.82e-01	1.77e-02	9.56e-06	0.00e+00	0.00e+00	0.00e+00	0.00e+00	0.00e+00	0.00e+00	9.82e-01	7.08e-08	3.40e-08
 5.39625e+22	9.83e-01	1.73e-02	9.44e-06	0.00e+00	0.00e+00	0.00e+00	0.00e+00	0.00e+00	0.00e+00	9.83e-01	6.98e-08	3.34e-08
 5.40049e+22	9.83e-01	1.70e-02	9.34e-06	0.00e+00	0.00e+00	0.00e+00	0.00e+00	0.00e+00	0.00e+00	9.83e-01	6.90e-08	3.30e-08
 5.40436e+22	9.83e-01	1.67e-02	9.24e-06	0.00e+00	0.00e+00	0.00e+00	0.00e+00	0.00e+00	0.00e+00	9.83e-01	6.81e-08	3.24e-08
 5.40788e+22	9.83e-01	1.65e-02	9.17e-06	0.00e+00	0.00e+00	0.00e+00	0.00e+00	0.00e+00	0.00e+00	9.83e-01	6.78e-08	3.22e-08
 5.41173e+22	9.84e-01	1.63e-02	9.06e-06	0.00e+00	0.00e+00	0.00e+00	0.00e+00	0.00e+00	0.00e+00	9.84e-01	6.70e-08	3.17e-08
 5.41589e+22	9.84e-01	1.59e-02	8.97e-06	0.00e+00	0.00e+00	0.00e+00	0.00e+00	0.00e+00	0.00e+00	9.84e-01	6.63e-08	3.13e-08
 5.41968e+22	9.84e-01	1.57e-02	8.89e-06	0.00e+00	0.00e+00	0.00e+00	0.00e+00	0.00e+00	0.00e+00	9.84e-01	6.59e-08	3.10e-08
 5.42382e+22	9.85e-01	1.54e-02	8.78e-06	0.00e+00	0.00e+00	0.00e+00	0.00e+00	0.00e+00	0.00e+00	9.85e-01	6.48e-08	3.04e-08
 5.42830e+22	9.85e-01	1.51e-02	8.68e-06	0.00e+00	0.00e+00	0.00e+00	0.00e+00	0.00e+00	0.00e+00	9.85e-01	6.40e-08	2.99e-08
 5.43238e+22	9.85e-01	1.48e-02	8.59e-06	0.00e+00	0.00e+00	0.00e+00	0.00e+00	0.00e+00	0.00e+00	9.85e-01	6.31e-08	2.94e-08
 5.43609e+22	9.85e-01	1.47e-02	8.52e-06	0.00e+00	0.00e+00	0.00e+00	0.00e+00	0.00e+00	0.00e+00	9.85e-01	6.28e-08	2.92e-08
 5.44015e+22	9.86e-01	1.44e-02	8.43e-06	0.00e+00	0.00e+00	0.00e+00	0.00e+00	0.00e+00	0.00e+00	9.86e-01	6.20e-08	2.87e-08
 5.44454e+22	9.86e-01	1.41e-02	8.34e-06	0.00e+00	0.00e+00	0.00e+00	0.00e+00	0.00e+00	0.00e+00	9.86e-01	6.12e-08	2.82e-08
 5.44853e+22	9.86e-01	1.40e-02	8.26e-06	0.00e+00	0.00e+00	0.00e+00	0.00e+00	0.00e+00	0.00e+00	9.86e-01	6.07e-08	2.79e-08
 5.45291e+22	9.86e-01	1.37e-02	8.16e-06	0.00e+00	0.00e+00	0.00e+00	0.00e+00	0.00e+00	0.00e+00	9.86e-01	5.98e-08	2.73e-08
 5.45763e+22	9.87e-01	1.34e-02	8.07e-06	0.00e+00	0.00e+00	0.00e+00	0.00e+00	0.00e+00	0.00e+00	9.87e-01	5.90e-08	2.69e-08
 5.46193e+22	9.87e-01	1.32e-02	8.00e-06	0.00e+00	0.00e+00	0.00e+00	0.00e+00	0.00e+00	0.00e+00	9.87e-01	5.86e-08	2.66e-08
 5.46664e+22	9.87e-01	1.29e-02	7.90e-06	0.00e+00	0.00e+00	0.00e+00	0.00e+00	0.00e+00	0.00e+00	9.87e-01	5.77e-08	2.62e-08
 5.47172e+22	9.87e-01	1.26e-02	7.80e-06	0.00e+00	0.00e+00	0.00e+00	0.00e+00	0.00e+00	0.00e+00	9.87e-01	5.70e-08	2.57e-08
 5.47635e+22	9.88e-01	1.24e-02	7.73e-06	0.00e+00	0.00e+00	0.00e+00	0.00e+00	0.00e+00	0.00e+00	9.88e-01	5.64e-08	2.54e-08
 5.48142e+22	9.88e-01	1.22e-02	7.63e-06	0.00e+00	0.00e+00	0.00e+00	0.00e+00	0.00e+00	0.00e+00	9.88e-01	5.57e-08	2.50e-08
 5.48690e+22	9.88e-01	1.19e-02	7.53e-06	0.00e+00	0.00e+00	0.00e+00	0.00e+00	0.00e+00	0.00e+00	9.88e-01	5.50e-08	2.45e-08
 5.49188e+22	9.88e-01	1.17e-02	7.45e-06	0.00e+00	0.00e+00	0.00e+00	0.00e+00	0.00e+00	0.00e+00	9.88e-01	5.43e-08	2.40e-08
 5.49641e+22	9.89e-01	1.15e-02	7.38e-06	0.00e+00	0.00e+00	0.00e+00	0.00e+00	0.00e+00	0.00e+00	9.89e-01	5.38e-08	2.37e-08
 5.50138e+22	9.89e-01	1.13e-02	7.29e-06	0.00e+00	0.00e+00	0.00e+00	0.00e+00	0.00e+00	0.00e+00	9.89e-01	5.31e-08	2.32e-08
 5.50674e+22	9.89e-01	1.10e-02	7.20e-06	0.00e+00	0.00e+00	0.00e+00	0.00e+00	0.00e+00	0.00e+00	9.89e-01	5.22e-08	2.26e-08
 5.51162e+22	9.89e-01	1.08e-02	7.13e-06	0.00e+00	0.00e+00	0.00e+00	0.00e+00	0.00e+00	0.00e+00	9.89e-01	5.18e-08	2.24e-08
 5.51697e+22	9.89e-01	1.06e-02	7.04e-06	0.00e+00	0.00e+00	0.00e+00	0.00e+00	0.00e+00	0.00e+00	9.89e-01	5.10e-08	2.19e-08
 5.52274e+22	9.90e-01	1.03e-02	6.95e-06	0.00e+00	0.00e+00	0.00e+00	0.00e+00	0.00e+00	0.00e+00	9.90e-01	5.00e-08	2.14e-08
 5.52800e+22	9.90e-01	1.01e-02	6.88e-06	0.00e+00	0.00e+00	0.00e+00	0.00e+00	0.00e+00	0.00e+00	9.90e-01	4.96e-08	2.11e-08
 5.53375e+22	9.90e-01	9.91e-03	6.79e-06	0.00e+00	0.00e+00	0.00e+00	0.00e+00	0.00e+00	0.00e+00	9.90e-01	4.88e-08	2.07e-08
 5.53997e+22	9.90e-01	9.64e-03	6.70e-06	0.00e+00	0.00e+00	0.00e+00	0.00e+00	0.00e+00	0.00e+00	9.90e-01	4.78e-08	2.01e-08
 5.54562e+22	9.91e-01	9.47e-03	6.63e-06	0.00e+00	0.00e+00	0.00e+00	0.00e+00	0.00e+00	0.00e+00	9.91e-01	4.74e-08	1.98e-08
 5.55182e+22	9.91e-01	9.24e-03	6.53e-06	0.00e+00	0.00e+00	0.00e+00	0.00e+00	0.00e+00	0.00e+00	9.91e-01	4.66e-08	1.94e-08
 5.55851e+22	9.91e-01	9.01e-03	6.45e-06	0.00e+00	0.00e+00	0.00e+00	0.00e+00	0.00e+00	0.00e+00	9.91e-01	4.59e-08	1.90e-08
 5.56460e+22	9.91e-01	8.80e-03	6.37e-06	0.00e+00	0.00e+00	0.00e+00	0.00e+00	0.00e+00	0.00e+00	9.91e-01	4.52e-08	1.86e-08
 5.57014e+22	9.91e-01	8.65e-03	6.30e-06	0.00e+00	0.00e+00	0.00e+00	0.00e+00	0.00e+00	0.00e+00	9.91e-01	4.47e-08	1.83e-08
 5.57621e+22	9.92e-01	8.45e-03	6.22e-06	0.00e+00	0.00e+00	0.00e+00	0.00e+00	0.00e+00	0.00e+00	9.92e-01	4.40e-08	1.78e-08
 5.58276e+22	9.92e-01	8.21e-03	6.14e-06	0.00e+00	0.00e+00	0.00e+00	0.00e+00	0.00e+00	0.00e+00	9.92e-01	4.31e-08	1.74e-08
 5.58873e+22	9.92e-01	8.06e-03	6.07e-06	0.00e+00	0.00e+00	0.00e+00	0.00e+00	0.00e+00	0.00e+00	9.92e-01	4.27e-08	1.71e-08
 5.59526e+22	9.92e-01	7.86e-03	5.98e-06	0.00e+00	0.00e+00	0.00e+00	0.00e+00	0.00e+00	0.00e+00	9.92e-01	4.20e-08	1.67e-08
 5.60232e+22	9.92e-01	7.62e-03	5.90e-06	0.00e+00	0.00e+00	0.00e+00	0.00e+00	0.00e+00	0.00e+00	9.92e-01	4.12e-08	1.62e-08
 5.60874e+22	9.93e-01	7.48e-03	5.83e-06	0.00e+00	0.00e+00	0.00e+00	0.00e+00	0.00e+00	0.00e+00	9.93e-01	4.08e-08	1.60e-08
 5.61578e+22	9.93e-01	7.28e-03	5.75e-06	0.00e+00	0.00e+00	0.00e+00	0.00e+00	0.00e+00	0.00e+00	9.93e-01	4.01e-08	1.56e-08
 5.62337e+22	9.93e-01	7.07e-03	5.67e-06	0.00e+00	0.00e+00	0.00e+00	0.00e+00	0.00e+00	0.00e+00	9.93e-01	3.94e-08	1.52e-08
 5.63029e+22	9.93e-01	6.90e-03	5.59e-06	0.00e+00	0.00e+00	0.00e+00	0.00e+00	0.00e+00	0.00e+00	9.93e-01	3.88e-08	1.48e-08
 5.63658e+22	9.93e-01	6.77e-03	5.53e-06	0.00e+00	0.00e+00	0.00e+00	0.00e+00	0.00e+00	0.00e+00	9.93e-01	3.83e-08	1.45e-08
 5.64347e+22	9.93e-01	6.59e-03	5.45e-06	0.00e+00	0.00e+00	0.00e+00	0.00e+00	0.00e+00	0.00e+00	9.93e-01	3.77e-08	1.42e-08
 5.65091e+22	9.94e-01	6.41e-03	5.38e-06	0.00e+00	0.00e+00	0.00e+00	0.00e+00	0.00e+00	0.00e+00	9.94e-01	3.71e-08	1.38e-08
 5.65768e+22	9.94e-01	6.27e-03	5.31e-06	0.00e+00	0.00e+00	0.00e+00	0.00e+00	0.00e+00	0.00e+00	9.94e-01	3.66e-08	1.35e-08
 5.66510e+22	9.94e-01	6.10e-03	5.23e-06	0.00e+00	0.00e+00	0.00e+00	0.00e+00	0.00e+00	0.00e+00	9.94e-01	3.59e-08	1.31e-08
 5.67311e+22	9.94e-01	5.91e-03	5.16e-06	0.00e+00	0.00e+00	0.00e+00	0.00e+00	0.00e+00	0.00e+00	9.94e-01	3.52e-08	1.27e-08
 5.68040e+22	9.94e-01	5.78e-03	5.09e-06	0.00e+00	0.00e+00	0.00e+00	0.00e+00	0.00e+00	0.00e+00	9.94e-01	3.48e-08	1.25e-08
 5.68839e+22	9.94e-01	5.62e-03	5.01e-06	0.00e+00	0.00e+00	0.00e+00	0.00e+00	0.00e+00	0.00e+00	9.94e-01	3.41e-08	1.21e-08
 5.69701e+22	9.95e-01	5.45e-03	4.94e-06	0.00e+00	0.00e+00	0.00e+00	0.00e+00	0.00e+00	0.00e+00	9.95e-01	3.35e-08	1.17e-08
 5.70486e+22	9.95e-01	5.31e-03	4.87e-06	0.00e+00	0.00e+00	0.00e+00	0.00e+00	0.00e+00	0.00e+00	9.95e-01	3.30e-08	1.14e-08
 5.71346e+22	9.95e-01	5.15e-03	4.79e-06	0.00e+00	0.00e+00	0.00e+00	0.00e+00	0.00e+00	0.00e+00	9.95e-01	3.23e-08	1.11e-08
 5.72274e+22	9.95e-01	4.98e-03	4.71e-06	0.00e+00	0.00e+00	0.00e+00	0.00e+00	0.00e+00	0.00e+00	9.95e-01	3.17e-08	1.07e-08
 5.73119e+22	9.95e-01	4.84e-03	4.64e-06	0.00e+00	0.00e+00	0.00e+00	0.00e+00	0.00e+00	0.00e+00	9.95e-01	3.11e-08	1.04e-08
 5.73888e+22	9.95e-01	4.66e-03	4.58e-06	0.00e+00	0.00e+00	0.00e+00	0.00e+00	0.00e+00	0.00e+00	9.95e-01	3.07e-08	1.02e-08
 5.74730e+22	9.96e-01	4.39e-03	4.50e-06	0.00e+00	0.00e+00	0.00e+00	0.00e+00	0.00e+00	0.00e+00	9.96e-01	3.01e-08	9.81e-09
 5.75826e+22	9.96e-01	4.08e-03	4.40e-06	0.00e+00	0.00e+00	0.00e+00	0.00e+00	0.00e+00	0.00e+00	9.96e-01	2.93e-08	9.36e-09
 5.77063e+22	9.96e-01	3.85e-03	4.31e-06	0.00e+00	0.00e+00	0.00e+00	0.00e+00	0.00e+00	0.00e+00	9.96e-01	2.85e-08	8.90e-09
 5.78294e+22	9.96e-01	3.64e-03	4.22e-06	0.00e+00	0.00e+00	0.00e+00	0.00e+00	0.00e+00	0.00e+00	9.96e-01	2.77e-08	8.48e-09
 5.79538e+22	9.97e-01	3.43e-03	4.12e-06	0.00e+00	0.00e+00	0.00e+00	0.00e+00	0.00e+00	0.00e+00	9.97e-01	2.70e-08	8.07e-09
 5.80813e+22	9.97e-01	3.23e-03	4.03e-06	0.00e+00	0.00e+00	0.00e+00	0.00e+00	0.00e+00	0.00e+00	9.97e-01	2.62e-08	7.67e-09
 5.82106e+22	9.97e-01	3.03e-03	3.94e-06	0.00e+00	0.00e+00	0.00e+00	0.00e+00	0.00e+00	0.00e+00	9.97e-01	2.55e-08	7.27e-09
 5.83413e+22	9.97e-01	2.85e-03	3.86e-06	0.00e+00	0.00e+00	0.00e+00	0.00e+00	0.00e+00	0.00e+00	9.97e-01	2.47e-08	6.89e-09
 5.84737e+22	9.97e-01	2.67e-03	3.77e-06	0.00e+00	0.00e+00	0.00e+00	0.00e+00	0.00e+00	0.00e+00	9.97e-01	2.40e-08	6.52e-09
 5.86077e+22	9.97e-01	2.50e-03	3.68e-06	0.00e+00	0.00e+00	0.00e+00	0.00e+00	0.00e+00	0.00e+00	9.97e-01	2.33e-08	6.16e-09
 5.87432e+22	9.98e-01	2.33e-03	3.60e-06	0.00e+00	0.00e+00	0.00e+00	0.00e+00	0.00e+00	0.00e+00	9.98e-01	2.25e-08	5.83e-09
 5.88804e+22	9.98e-01	2.17e-03	3.52e-06	0.00e+00	0.00e+00	0.00e+00	0.00e+00	0.00e+00	0.00e+00	9.98e-01	2.18e-08	5.50e-09
 5.90190e+22	9.98e-01	2.02e-03	3.43e-06	0.00e+00	0.00e+00	0.00e+00	0.00e+00	0.00e+00	0.00e+00	9.98e-01	2.11e-08	5.19e-09
 5.91591e+22	9.98e-01	1.88e-03	3.35e-06	0.00e+00	0.00e+00	0.00e+00	0.00e+00	0.00e+00	0.00e+00	9.98e-01	2.04e-08	4.88e-09
 5.93006e+22	9.98e-01	1.74e-03	3.27e-06	0.00e+00	0.00e+00	0.00e+00	0.00e+00	0.00e+00	0.00e+00	9.98e-01	1.97e-08	4.58e-09
 5.94435e+22	9.98e-01	1.61e-03	3.20e-06	0.00e+00	0.00e+00	0.00e+00	0.00e+00	0.00e+00	0.00e+00	9.98e-01	1.89e-08	4.30e-09
 5.95875e+22	9.99e-01	1.49e-03	3.12e-06	0.00e+00	0.00e+00	0.00e+00	0.00e+00	0.00e+00	0.00e+00	9.99e-01	1.83e-08	4.02e-09
 5.97328e+22	9.99e-01	1.37e-03	3.05e-06	0.00e+00	0.00e+00	0.00e+00	0.00e+00	0.00e+00	0.00e+00	9.99e-01	1.76e-08	3.76e-09
 5.98795e+22	9.99e-01	1.26e-03	2.97e-06	0.00e+00	0.00e+00	0.00e+00	0.00e+00	0.00e+00	0.00e+00	9.99e-01	1.69e-08	3.50e-09
 6.00277e+22	9.99e-01	1.16e-03	2.90e-06	0.00e+00	0.00e+00	0.00e+00	0.00e+00	0.00e+00	0.00e+00	9.99e-01	1.62e-08	3.26e-09
 6.01771e+22	9.99e-01	1.06e-03	2.83e-06	0.00e+00	0.00e+00	0.00e+00	0.00e+00	0.00e+00	0.00e+00	9.99e-01	1.56e-08	3.02e-09
 6.03279e+22	9.99e-01	9.72e-04	2.76e-06	0.00e+00	0.00e+00	0.00e+00	0.00e+00	0.00e+00	0.00e+00	9.99e-01	1.49e-08	2.80e-09
 6.04799e+22	9.99e-01	8.86e-04	2.69e-06	0.00e+00	0.00e+00	0.00e+00	0.00e+00	0.00e+00	0.00e+00	9.99e-01	1.43e-08	2.59e-09
 6.06333e+22	9.99e-01	8.08e-04	2.62e-06	0.00e+00	0.00e+00	0.00e+00	0.00e+00	0.00e+00	0.00e+00	9.99e-01	1.37e-08	2.39e-09
 6.07894e+22	9.99e-01	7.34e-04	2.56e-06	0.00e+00	0.00e+00	0.00e+00	0.00e+00	0.00e+00	0.00e+00	9.99e-01	1.31e-08	2.20e-09
 6.09493e+22	9.99e-01	6.65e-04	2.49e-06	0.00e+00	0.00e+00	0.00e+00	0.00e+00	0.00e+00	0.00e+00	9.99e-01	1.25e-08	2.01e-09
 6.11116e+22	9.99e-01	6.00e-04	2.42e-06	0.00e+00	0.00e+00	0.00e+00	0.00e+00	0.00e+00	0.00e+00	9.99e-01	1.19e-08	1.84e-09
