#depth	S	S+	S+2	S+3	S+4	S+5	S+6	S+7	S+8	S+9	S+10	S+11	S+12	S+13	S+14	S+15	S+16
 1.54284e+22	0.00e+00	0.00e+00	0.00e+00	2.14e-26	7.32e-23	1.23e-19	2.61e-16	1.37e-13	2.89e-11	2.56e-09	1.36e-07	3.87e-06	7.46e-05	1.51e-03	6.11e-02	3.41e-01	5.96e-01
 3.57694e+22	0.00e+00	0.00e+00	1.18e-28	5.57e-25	1.40e-21	2.61e-18	7.33e-15	2.74e-12	4.09e-10	2.56e-08	9.65e-07	1.93e-05	2.59e-04	3.66e-03	1.03e-01	4.02e-01	4.90e-01
 4.39423e+22	0.00e+00	6.78e-32	2.68e-27	1.03e-23	2.04e-20	2.97e-17	6.84e-14	2.05e-11	2.44e-09	1.21e-07	3.63e-06	5.73e-05	5.96e-04	6.54e-03	1.44e-01	4.36e-01	4.13e-01
 4.96134e+22	0.00e+00	8.84e-31	2.90e-26	9.34e-23	1.55e-19	1.83e-16	3.67e-13	9.35e-11	9.43e-09	3.94e-07	9.95e-06	1.31e-04	1.11e-03	1.00e-02	1.82e-01	4.53e-01	3.54e-01
 5.26269e+22	0.00e+00	1.72e-30	5.38e-26	1.66e-22	2.62e-19	2.93e-16	5.66e-13	1.39e-10	1.34e-08	5.34e-07	1.29e-05	1.62e-04	1.31e-03	1.12e-02	1.93e-01	4.56e-01	3.38e-01
 5.36098e+22	0.00e+00	2.75e-30	8.29e-26	2.47e-22	3.76e-19	4.05e-16	7.65e-13	1.82e-10	1.71e-08	6.61e-07	1.55e-05	1.88e-04	1.46e-03	1.21e-02	2.01e-01	4.58e-01	3.28e-01
 5.43519e+22	0.00e+00	3.86e-30	1.13e-25	3.30e-22	4.91e-19	5.14e-16	9.54e-13	2.22e-10	2.04e-08	7.71e-07	1.77e-05	2.10e-04	1.59e-03	1.27e-02	2.06e-01	4.59e-01	3.20e-01
 5.51841e+22	0.00e+00	6.37e-30	1.80e-25	5.07e-22	7.26e-19	7.29e-16	1.32e-12	2.98e-10	2.65e-08	9.69e-07	2.15e-05	2.46e-04	1.79e-03	1.38e-02	2.15e-01	4.60e-01	3.09e-01
 5.60498e+22	0.00e+00	9.86e-30	2.70e-25	7.36e-22	1.02e-18	9.88e-16	1.75e-12	3.85e-10	3.33e-08	1.18e-06	2.55e-05	2.83e-04	1.98e-03	1.48e-02	2.23e-01	4.61e-01	2.99e-01
 5.68392e+22	0.00e+00	1.51e-29	4.00e-25	1.06e-21	1.42e-18	1.33e-15	2.30e-12	4.93e-10	4.15e-08	1.43e-06	3.01e-05	3.23e-04	2.20e-03	1.58e-02	2.31e-01	4.61e-01	2.90e-01
 5.77456e+22	0.00e+00	2.60e-29	6.61e-25	1.68e-21	2.17e-18	1.93e-15	3.26e-12	6.77e-10	5.51e-08	1.83e-06	3.71e-05	3.84e-04	2.49e-03	1.72e-02	2.41e-01	4.61e-01	2.78e-01
 5.86546e+22	0.00e+00	4.10e-29	1.01e-24	2.48e-21	3.08e-18	2.64e-15	4.37e-12	8.83e-10	6.98e-08	2.26e-06	4.43e-05	4.44e-04	2.78e-03	1.85e-02	2.49e-01	4.61e-01	2.68e-01
 5.94264e+22	0.00e+00	6.28e-29	1.49e-24	3.56e-21	4.28e-18	3.54e-15	5.73e-12	1.13e-09	8.71e-08	2.73e-06	5.23e-05	5.08e-04	3.07e-03	1.97e-02	2.58e-01	4.60e-01	2.59e-01
 6.02891e+22	0.00e+00	1.06e-28	2.43e-24	5.57e-21	6.42e-18	5.07e-15	8.02e-12	1.53e-09	1.14e-07	3.47e-06	6.41e-05	5.99e-04	3.47e-03	2.13e-02	2.68e-01	4.59e-01	2.48e-01
 6.11782e+22	0.00e+00	1.65e-28	3.65e-24	8.10e-21	9.03e-18	6.86e-15	1.06e-11	1.98e-09	1.44e-07	4.24e-06	7.60e-05	6.88e-04	3.84e-03	2.28e-02	2.77e-01	4.58e-01	2.38e-01
 6.19676e+22	0.00e+00	2.56e-28	5.45e-24	1.17e-20	1.26e-17	9.21e-15	1.40e-11	2.55e-09	1.80e-07	5.15e-06	8.99e-05	7.89e-04	4.25e-03	2.43e-02	2.85e-01	4.56e-01	2.29e-01
 6.28600e+22	0.00e+00	4.35e-28	8.91e-24	1.84e-20	1.90e-17	1.33e-14	1.97e-11	3.48e-09	2.38e-07	6.55e-06	1.10e-04	9.32e-04	4.80e-03	2.63e-02	2.96e-01	4.53e-01	2.19e-01
 6.37743e+22	0.00e+00	7.00e-28	1.38e-23	2.75e-20	2.73e-17	1.82e-14	2.66e-11	4.57e-09	3.03e-07	8.11e-06	1.32e-04	1.08e-03	5.35e-03	2.82e-02	3.06e-01	4.50e-01	2.09e-01
 6.45723e+22	0.00e+00	1.07e-27	2.04e-23	3.94e-20	3.78e-17	2.43e-14	3.48e-11	5.84e-09	3.78e-07	9.81e-06	1.56e-04	1.23e-03	5.89e-03	3.00e-02	3.14e-01	4.48e-01	2.01e-01
 6.54647e+22	0.00e+00	1.88e-27	3.42e-23	6.33e-20	5.80e-17	3.54e-14	4.95e-11	8.07e-09	5.05e-07	1.26e-05	1.94e-04	1.47e-03	6.69e-03	3.25e-02	3.26e-01	4.43e-01	1.90e-01
 6.63456e+22	0.00e+00	2.86e-27	5.05e-23	9.03e-20	8.00e-17	4.70e-14	6.46e-11	1.03e-08	6.28e-07	1.52e-05	2.27e-04	1.67e-03	7.36e-03	3.44e-02	3.34e-01	4.40e-01	1.82e-01
 6.70952e+22	0.00e+00	4.41e-27	7.50e-23	1.30e-19	1.11e-16	6.23e-14	8.45e-11	1.32e-08	7.83e-07	1.85e-05	2.68e-04	1.91e-03	8.10e-03	3.66e-02	3.43e-01	4.36e-01	1.75e-01
 6.78304e+22	0.00e+00	6.61e-27	1.09e-22	1.82e-19	1.50e-16	8.16e-14	1.09e-10	1.66e-08	9.64e-07	2.22e-05	3.13e-04	2.16e-03	8.87e-03	3.87e-02	3.51e-01	4.31e-01	1.67e-01
 6.86628e+22	9.80e-34	1.11e-26	1.75e-22	2.81e-19	2.22e-16	1.15e-13	1.50e-10	2.23e-08	1.26e-06	2.79e-05	3.81e-04	2.53e-03	9.94e-03	4.15e-02	3.61e-01	4.26e-01	1.58e-01
 6.94542e+22	4.29e-39	1.62e-26	2.48e-22	3.85e-19	2.95e-16	1.47e-13	1.90e-10	2.77e-08	1.53e-06	3.30e-05	4.40e-04	2.84e-03	1.08e-02	4.36e-02	3.69e-01	4.21e-01	1.52e-01
 7.00422e+22	0.00e+00	2.23e-26	3.32e-22	5.03e-19	3.74e-16	1.80e-13	2.32e-10	3.32e-08	1.80e-06	3.81e-05	4.97e-04	3.14e-03	1.16e-02	4.55e-02	3.75e-01	4.17e-01	1.47e-01
 7.05745e+22	0.00e+00	3.07e-26	4.45e-22	6.56e-19	4.73e-16	2.21e-13	2.82e-10	3.97e-08	2.11e-06	4.38e-05	5.61e-04	3.46e-03	1.24e-02	4.74e-02	3.81e-01	4.13e-01	1.41e-01
 7.11846e+22	0.00e+00	4.53e-26	6.35e-22	9.05e-19	6.31e-16	2.84e-13	3.58e-10	4.95e-08	2.58e-06	5.21e-05	6.49e-04	3.89e-03	1.35e-02	4.99e-02	3.89e-01	4.08e-01	1.35e-01
 7.18120e+22	0.00e+00	6.28e-26	8.58e-22	1.19e-18	8.05e-16	3.51e-13	4.38e-10	5.96e-08	3.05e-06	6.02e-05	7.35e-04	4.30e-03	1.45e-02	5.20e-02	3.95e-01	4.03e-01	1.30e-01
 7.23481e+22	0.00e+00	8.57e-26	1.14e-21	1.54e-18	1.01e-15	4.27e-13	5.28e-10	7.09e-08	3.57e-06	6.90e-05	8.26e-04	4.72e-03	1.55e-02	5.41e-02	4.01e-01	3.99e-01	1.25e-01
 7.28459e+22	0.00e+00	1.14e-25	1.48e-21	1.95e-18	1.25e-15	5.13e-13	6.31e-10	8.35e-08	4.13e-06	7.84e-05	9.21e-04	5.15e-03	1.65e-02	5.61e-02	4.06e-01	3.94e-01	1.21e-01
 7.34075e+22	0.00e+00	1.63e-25	2.05e-21	2.61e-18	1.62e-15	6.42e-13	7.82e-10	1.02e-07	4.94e-06	9.16e-05	1.05e-03	5.72e-03	1.78e-02	5.86e-02	4.12e-01	3.89e-01	1.16e-01
 7.39691e+22	0.00e+00	2.18e-25	2.67e-21	3.32e-18	2.00e-15	7.71e-13	9.33e-10	1.20e-07	5.73e-06	1.04e-04	1.17e-03	6.24e-03	1.89e-02	6.07e-02	4.17e-01	3.84e-01	1.12e-01
 7.44465e+22	0.00e+00	2.90e-25	3.47e-21	4.20e-18	2.46e-15	9.19e-13	1.11e-09	1.41e-07	6.62e-06	1.18e-04	1.30e-03	6.80e-03	2.01e-02	6.28e-02	4.22e-01	3.79e-01	1.08e-01
 7.49085e+22	0.00e+00	3.84e-25	4.48e-21	5.29e-18	3.02e-15	1.09e-12	1.31e-09	1.65e-07	7.63e-06	1.33e-04	1.45e-03	7.39e-03	2.13e-02	6.49e-02	4.27e-01	3.74e-01	1.04e-01
 7.54347e+22	0.00e+00	5.42e-25	6.13e-21	7.00e-18	3.86e-15	1.35e-12	1.61e-09	1.99e-07	9.07e-06	1.55e-04	1.65e-03	8.18e-03	2.29e-02	6.76e-02	4.32e-01	3.68e-01	9.93e-02
 7.59745e+22	0.00e+00	7.39e-25	8.13e-21	9.01e-18	4.82e-15	1.63e-12	1.94e-09	2.37e-07	1.06e-05	1.78e-04	1.85e-03	8.97e-03	2.44e-02	7.01e-02	4.37e-01	3.62e-01	9.53e-02
 7.64399e+22	0.00e+00	9.74e-25	1.04e-20	1.13e-17	5.87e-15	1.93e-12	2.28e-09	2.76e-07	1.22e-05	2.00e-04	2.05e-03	9.72e-03	2.58e-02	7.23e-02	4.41e-01	3.57e-01	9.18e-02
 7.68707e+22	0.00e+00	1.26e-24	1.32e-20	1.39e-17	7.06e-15	2.25e-12	2.66e-09	3.19e-07	1.39e-05	2.24e-04	2.25e-03	1.05e-02	2.72e-02	7.44e-02	4.45e-01	3.52e-01	8.85e-02
 7.72862e+22	0.00e+00	1.64e-24	1.67e-20	1.72e-17	8.47e-15	2.63e-12	3.10e-09	3.68e-07	1.58e-05	2.51e-04	2.48e-03	1.13e-02	2.87e-02	7.66e-02	4.48e-01	3.47e-01	8.54e-02
 7.77639e+22	0.00e+00	2.27e-24	2.25e-20	2.23e-17	1.07e-14	3.19e-12	3.76e-09	4.40e-07	1.86e-05	2.89e-04	2.80e-03	1.25e-02	3.06e-02	7.93e-02	4.52e-01	3.41e-01	8.15e-02
 7.82477e+22	0.00e+00	3.03e-24	2.92e-20	2.81e-17	1.30e-14	3.77e-12	4.44e-09	5.15e-07	2.15e-05	3.27e-04	3.11e-03	1.35e-02	3.24e-02	8.18e-02	4.56e-01	3.35e-01	7.82e-02
 7.86596e+22	0.00e+00	3.90e-24	3.67e-20	3.45e-17	1.55e-14	4.37e-12	5.15e-09	5.93e-07	2.44e-05	3.65e-04	3.41e-03	1.46e-02	3.41e-02	8.40e-02	4.59e-01	3.30e-01	7.53e-02
 7.91151e+22	0.00e+00	5.41e-24	4.93e-20	4.47e-17	1.94e-14	5.27e-12	6.22e-09	7.08e-07	2.87e-05	4.20e-04	3.84e-03	1.60e-02	3.64e-02	8.69e-02	4.62e-01	3.23e-01	7.17e-02
 7.95851e+22	0.00e+00	7.21e-24	6.39e-20	5.63e-17	2.37e-14	6.20e-12	7.33e-09	8.28e-07	3.31e-05	4.75e-04	4.27e-03	1.74e-02	3.85e-02	8.95e-02	4.65e-01	3.17e-01	6.86e-02
 8.00013e+22	0.00e+00	9.45e-24	8.14e-20	6.97e-17	2.84e-14	7.22e-12	8.56e-09	9.58e-07	3.79e-05	5.34e-04	4.70e-03	1.88e-02	4.05e-02	9.19e-02	4.67e-01	3.11e-01	6.58e-02
 8.04696e+22	0.00e+00	1.34e-23	1.12e-19	9.20e-17	3.61e-14	8.78e-12	1.05e-08	1.16e-06	4.51e-05	6.20e-04	5.34e-03	2.07e-02	4.34e-02	9.51e-02	4.70e-01	3.03e-01	6.23e-02
 8.09439e+22	0.00e+00	1.79e-23	1.45e-19	1.15e-16	4.37e-14	1.03e-11	1.23e-08	1.35e-06	5.20e-05	7.01e-04	5.92e-03	2.25e-02	4.58e-02	9.77e-02	4.71e-01	2.97e-01	5.95e-02
 8.13483e+22	0.00e+00	2.34e-23	1.84e-19	1.42e-16	5.22e-14	1.19e-11	1.43e-08	1.56e-06	5.93e-05	7.85e-04	6.52e-03	2.42e-02	4.82e-02	1.00e-01	4.73e-01	2.90e-01	5.69e-02
 8.17966e+22	0.00e+00	3.35e-23	2.53e-19	1.88e-16	6.60e-14	1.44e-11	1.74e-08	1.89e-06	7.07e-05	9.13e-04	7.41e-03	2.68e-02	5.15e-02	1.03e-01	4.74e-01	2.82e-01	5.36e-02
 8.22429e+22	0.00e+00	4.36e-23	3.21e-19	2.31e-16	7.85e-14	1.66e-11	2.02e-08	2.18e-06	8.05e-05	1.02e-03	8.13e-03	2.88e-02	5.41e-02	1.06e-01	4.75e-01	2.76e-01	5.12e-02
 8.26870e+22	0.00e+00	6.28e-23	4.44e-19	3.05e-16	9.92e-14	2.00e-11	2.47e-08	2.64e-06	9.61e-05	1.19e-03	9.25e-03	3.18e-02	5.78e-02	1.09e-01	4.75e-01	2.67e-01	4.81e-02
 8.31178e+22	0.00e+00	8.02e-23	5.52e-19	3.69e-16	1.16e-13	2.28e-11	2.83e-08	3.01e-06	1.08e-04	1.31e-03	1.01e-02	3.40e-02	6.04e-02	1.11e-01	4.75e-01	2.62e-01	4.60e-02
 8.35315e+22	0.00e+00	1.15e-22	7.58e-19	4.83e-16	1.46e-13	2.71e-11	3.42e-08	3.63e-06	1.29e-04	1.52e-03	1.14e-02	3.75e-02	6.43e-02	1.14e-01	4.75e-01	2.53e-01	4.31e-02
 8.39428e+22	0.00e+00	1.46e-22	9.41e-19	5.83e-16	1.70e-13	3.08e-11	3.92e-08	4.13e-06	1.45e-04	1.68e-03	1.24e-02	4.00e-02	6.71e-02	1.16e-01	4.74e-01	2.47e-01	4.12e-02
 8.43511e+22	4.55e-34	2.09e-22	1.29e-18	7.64e-16	2.12e-13	3.66e-11	4.74e-08	4.98e-06	1.72e-04	1.95e-03	1.40e-02	4.40e-02	7.13e-02	1.20e-01	4.72e-01	2.38e-01	3.85e-02
 8.47610e+22	6.25e-34	2.71e-22	1.63e-18	9.29e-16	2.50e-13	4.16e-11	5.45e-08	5.69e-06	1.95e-04	2.17e-03	1.53e-02	4.70e-02	7.45e-02	1.22e-01	4.71e-01	2.32e-01	3.66e-02
 8.51731e+22	9.70e-34	3.89e-22	2.24e-18	1.22e-15	3.11e-13	4.94e-11	6.59e-08	6.87e-06	2.31e-04	2.51e-03	1.73e-02	5.16e-02	7.91e-02	1.25e-01	4.68e-01	2.23e-01	3.40e-02
 8.55917e+22	1.35e-33	5.09e-22	2.84e-18	1.49e-15	3.68e-13	5.63e-11	7.60e-08	7.89e-06	2.63e-04	2.79e-03	1.89e-02	5.53e-02	8.26e-02	1.27e-01	4.65e-01	2.16e-01	3.22e-02
 8.60187e+22	2.10e-33	7.33e-22	3.92e-18	1.96e-15	4.58e-13	6.68e-11	9.21e-08	9.52e-06	3.13e-04	3.23e-03	2.13e-02	6.06e-02	8.75e-02	1.29e-01	4.61e-01	2.07e-01	2.98e-02
 8.64424e+22	2.94e-33	9.67e-22	5.00e-18	2.41e-15	5.41e-13	7.60e-11	1.06e-07	1.10e-05	3.56e-04	3.60e-03	2.33e-02	6.49e-02	9.13e-02	1.31e-01	4.57e-01	2.00e-01	2.81e-02
 8.68619e+22	4.56e-33	1.39e-21	6.88e-18	3.15e-15	6.72e-13	8.96e-11	1.28e-07	1.32e-05	4.21e-04	4.15e-03	2.62e-02	7.09e-02	9.64e-02	1.34e-01	4.51e-01	1.91e-01	2.60e-02
 8.72895e+22	6.49e-33	1.86e-21	8.88e-18	3.90e-15	7.98e-13	1.02e-10	1.49e-07	1.52e-05	4.82e-04	4.64e-03	2.87e-02	7.60e-02	1.01e-01	1.35e-01	4.46e-01	1.84e-01	2.43e-02
 8.77278e+22	1.03e-32	2.72e-21	1.24e-17	5.15e-15	9.96e-13	1.21e-10	1.80e-07	1.84e-05	5.73e-04	5.37e-03	3.23e-02	8.30e-02	1.06e-01	1.37e-01	4.39e-01	1.74e-01	2.22e-02
 8.81679e+22	1.46e-32	3.65e-21	1.60e-17	6.38e-15	1.18e-12	1.38e-10	2.09e-07	2.13e-05	6.54e-04	5.99e-03	3.53e-02	8.88e-02	1.10e-01	1.39e-01	4.33e-01	1.67e-01	2.07e-02
 8.86104e+22	2.32e-32	5.35e-21	2.24e-17	8.43e-15	1.47e-12	1.63e-10	2.52e-07	2.57e-05	7.77e-04	6.90e-03	3.96e-02	9.67e-02	1.16e-01	1.40e-01	4.23e-01	1.57e-01	1.88e-02
 8.90567e+22	3.31e-32	7.20e-21	2.90e-17	1.05e-14	1.75e-12	1.85e-10	2.92e-07	2.97e-05	8.85e-04	7.69e-03	4.32e-02	1.03e-01	1.20e-01	1.41e-01	4.16e-01	1.50e-01	1.75e-02
 8.94426e+22	4.67e-32	9.58e-21	3.72e-17	1.29e-14	2.06e-12	2.09e-10	3.35e-07	3.40e-05	1.00e-03	8.51e-03	4.69e-02	1.09e-01	1.25e-01	1.42e-01	4.08e-01	1.43e-01	1.62e-02
 8.98793e+22	7.35e-32	1.39e-20	5.16e-17	1.69e-14	2.54e-12	2.45e-10	4.00e-07	4.06e-05	1.18e-03	9.72e-03	5.21e-02	1.18e-01	1.30e-01	1.43e-01	3.97e-01	1.34e-01	1.47e-02
 9.03135e+22	1.02e-31	1.82e-20	6.53e-17	2.05e-14	2.97e-12	2.75e-10	4.55e-07	4.61e-05	1.32e-03	1.07e-02	5.61e-02	1.25e-01	1.34e-01	1.43e-01	3.89e-01	1.28e-01	1.36e-02
 9.07444e+22	1.56e-31	2.60e-20	8.89e-17	2.65e-14	3.63e-12	3.20e-10	5.37e-07	5.42e-05	1.53e-03	1.20e-02	6.17e-02	1.33e-01	1.39e-01	1.43e-01	3.77e-01	1.20e-01	1.23e-02
 9.11882e+22	2.20e-31	3.47e-20	1.14e-16	3.26e-14	4.27e-12	3.61e-10	6.13e-07	6.19e-05	1.73e-03	1.32e-02	6.65e-02	1.41e-01	1.43e-01	1.43e-01	3.68e-01	1.14e-01	1.13e-02
 9.16486e+22	3.45e-31	5.03e-20	1.58e-16	4.26e-14	5.27e-12	4.23e-10	7.26e-07	7.31e-05	2.01e-03	1.49e-02	7.30e-02	1.50e-01	1.47e-01	1.42e-01	3.55e-01	1.05e-01	1.01e-02
 9.21151e+22	4.83e-31	6.66e-20	2.02e-16	5.22e-14	6.19e-12	4.78e-10	8.25e-07	8.29e-05	2.24e-03	1.63e-02	7.82e-02	1.58e-01	1.51e-01	1.41e-01	3.45e-01	9.96e-02	9.31e-03
 9.25892e+22	7.50e-31	9.57e-20	2.77e-16	6.79e-14	7.61e-12	5.58e-10	9.69e-07	9.71e-05	2.59e-03	1.83e-02	8.53e-02	1.67e-01	1.55e-01	1.40e-01	3.31e-01	9.22e-02	8.31e-03
 9.30789e+22	1.07e-30	1.29e-19	3.59e-16	8.42e-14	9.02e-12	6.34e-10	1.10e-06	1.10e-04	2.90e-03	2.00e-02	9.13e-02	1.75e-01	1.58e-01	1.39e-01	3.20e-01	8.64e-02	7.55e-03
 9.35855e+22	1.68e-30	1.87e-19	4.98e-16	1.10e-13	1.12e-11	7.45e-10	1.30e-06	1.29e-04	3.34e-03	2.24e-02	9.92e-02	1.85e-01	1.61e-01	1.37e-01	3.05e-01	7.93e-02	6.68e-03
 9.40889e+22	2.35e-30	2.47e-19	6.36e-16	1.35e-13	1.31e-11	8.43e-10	1.46e-06	1.45e-04	3.70e-03	2.42e-02	1.05e-01	1.93e-01	1.64e-01	1.35e-01	2.95e-01	7.43e-02	6.08e-03
 9.45911e+22	3.64e-30	3.54e-19	8.71e-16	1.76e-13	1.61e-11	9.85e-10	1.70e-06	1.68e-04	4.22e-03	2.68e-02	1.13e-01	2.02e-01	1.67e-01	1.32e-01	2.80e-01	6.81e-02	5.37e-03
 9.51047e+22	5.08e-30	4.67e-19	1.11e-15	2.15e-13	1.90e-11	1.12e-09	1.91e-06	1.88e-04	4.66e-03	2.90e-02	1.20e-01	2.10e-01	1.68e-01	1.30e-01	2.69e-01	6.36e-02	4.87e-03
 9.56330e+22	7.84e-30	6.67e-19	1.52e-15	2.79e-13	2.33e-11	1.31e-09	2.21e-06	2.17e-04	5.28e-03	3.19e-02	1.29e-01	2.19e-01	1.70e-01	1.27e-01	2.55e-01	5.80e-02	4.28e-03
 9.61493e+22	1.07e-29	8.62e-19	1.90e-15	3.37e-13	2.71e-11	1.47e-09	2.45e-06	2.41e-04	5.77e-03	3.42e-02	1.35e-01	2.25e-01	1.71e-01	1.25e-01	2.45e-01	5.42e-02	3.89e-03
 9.66500e+22	1.60e-29	1.20e-18	2.54e-15	4.30e-13	3.29e-11	1.70e-09	2.80e-06	2.74e-04	6.46e-03	3.72e-02	1.43e-01	2.33e-01	1.72e-01	1.22e-01	2.32e-01	4.96e-02	3.44e-03
 9.71586e+22	2.18e-29	1.54e-18	3.16e-15	5.17e-13	3.82e-11	1.91e-09	3.10e-06	3.02e-04	7.03e-03	3.97e-02	1.49e-01	2.39e-01	1.73e-01	1.19e-01	2.23e-01	4.62e-02	3.12e-03
 9.76773e+22	3.24e-29	2.13e-18	4.21e-15	6.57e-13	4.62e-11	2.22e-09	3.53e-06	3.41e-04	7.82e-03	4.30e-02	1.58e-01	2.47e-01	1.73e-01	1.16e-01	2.10e-01	4.21e-02	2.75e-03
 9.82099e+22	4.46e-29	2.77e-18	5.30e-15	7.97e-13	5.40e-11	2.50e-09	3.91e-06	3.77e-04	8.52e-03	4.58e-02	1.65e-01	2.52e-01	1.73e-01	1.13e-01	2.01e-01	3.90e-02	2.47e-03
 9.87603e+22	6.72e-29	3.86e-18	7.09e-15	1.02e-12	6.57e-11	2.92e-09	4.46e-06	4.26e-04	9.47e-03	4.96e-02	1.73e-01	2.59e-01	1.73e-01	1.09e-01	1.88e-01	3.54e-02	2.16e-03
 9.93006e+22	9.09e-29	4.92e-18	8.77e-15	1.22e-12	7.59e-11	3.26e-09	4.90e-06	4.66e-04	1.02e-02	5.24e-02	1.80e-01	2.64e-01	1.72e-01	1.06e-01	1.80e-01	3.28e-02	1.96e-03
 9.98278e+22	1.34e-28	6.74e-18	1.16e-14	1.54e-12	9.15e-11	3.77e-09	5.52e-06	5.22e-04	1.13e-02	5.63e-02	1.88e-01	2.70e-01	1.71e-01	1.03e-01	1.69e-01	2.98e-02	1.71e-03
 1.00360e+23	1.79e-28	8.48e-18	1.42e-14	1.83e-12	1.05e-10	4.21e-09	6.05e-06	5.68e-04	1.21e-02	5.93e-02	1.94e-01	2.74e-01	1.70e-01	9.99e-02	1.61e-01	2.77e-02	1.55e-03
 1.00899e+23	2.63e-28	1.16e-17	1.86e-14	2.30e-12	1.27e-10	4.87e-09	6.79e-06	6.34e-04	1.33e-02	6.34e-02	2.02e-01	2.79e-01	1.69e-01	9.61e-02	1.51e-01	2.50e-02	1.35e-03
 1.01449e+23	3.54e-28	1.46e-17	2.29e-14	2.74e-12	1.46e-10	5.45e-09	7.45e-06	6.91e-04	1.43e-02	6.68e-02	2.09e-01	2.82e-01	1.67e-01	9.32e-02	1.43e-01	2.31e-02	1.22e-03
 1.02013e+23	5.22e-28	2.00e-17	3.02e-14	3.45e-12	1.76e-10	6.31e-09	8.38e-06	7.70e-04	1.57e-02	7.13e-02	2.17e-01	2.86e-01	1.65e-01	8.93e-02	1.33e-01	2.08e-02	1.06e-03
 1.02587e+23	7.08e-28	2.53e-17	3.72e-14	4.13e-12	2.04e-10	7.09e-09	9.19e-06	8.38e-04	1.68e-02	7.49e-02	2.23e-01	2.89e-01	1.63e-01	8.63e-02	1.26e-01	1.92e-02	9.51e-04
 1.03175e+23	1.05e-27	3.47e-17	4.91e-14	5.22e-12	2.47e-10	8.23e-09	1.03e-05	9.34e-04	1.84e-02	7.97e-02	2.31e-01	2.92e-01	1.60e-01	8.24e-02	1.17e-01	1.72e-02	8.22e-04
 1.03774e+23	6.95e-29	4.40e-17	6.08e-14	6.26e-12	2.86e-10	9.27e-09	1.14e-05	1.02e-03	1.97e-02	8.36e-02	2.37e-01	2.94e-01	1.58e-01	7.94e-02	1.11e-01	1.58e-02	7.34e-04
 1.04299e+23	9.08e-29	5.56e-17	7.47e-14	7.45e-12	3.30e-10	1.04e-08	1.24e-05	1.10e-03	2.10e-02	8.75e-02	2.43e-01	2.96e-01	1.55e-01	7.65e-02	1.04e-01	1.45e-02	6.56e-04
 1.04893e+23	1.28e-28	7.51e-17	9.75e-14	9.35e-12	3.97e-10	1.20e-08	1.39e-05	1.22e-03	2.29e-02	9.27e-02	2.50e-01	2.98e-01	1.52e-01	7.28e-02	9.68e-02	1.30e-02	5.67e-04
 1.05488e+23	1.65e-28	9.32e-17	1.18e-13	1.10e-11	4.55e-10	1.34e-08	1.52e-05	1.32e-03	2.43e-02	9.66e-02	2.56e-01	2.99e-01	1.49e-01	7.01e-02	9.16e-02	1.19e-02	5.10e-04
 1.06084e+23	2.33e-28	1.26e-16	1.54e-13	1.38e-11	5.47e-10	1.55e-08	1.70e-05	1.46e-03	2.64e-02	1.02e-01	2.63e-01	3.00e-01	1.46e-01	6.65e-02	8.46e-02	1.07e-02	4.39e-04
 1.06689e+23	2.99e-28	1.56e-16	1.87e-13	1.63e-11	6.28e-10	1.73e-08	1.85e-05	1.57e-03	2.80e-02	1.06e-01	2.68e-01	3.00e-01	1.43e-01	6.39e-02	7.98e-02	9.79e-03	3.94e-04
 1.07306e+23	4.19e-28	2.09e-16	2.42e-13	2.04e-11	7.53e-10	2.01e-08	2.07e-05	1.73e-03	3.03e-02	1.12e-01	2.74e-01	3.00e-01	1.39e-01	6.06e-02	7.37e-02	8.73e-03	3.39e-04
 1.07942e+23	5.51e-28	2.65e-16	2.99e-13	2.44e-11	8.75e-10	2.26e-08	2.27e-05	1.88e-03	3.23e-02	1.16e-01	2.79e-01	2.99e-01	1.36e-01	5.79e-02	6.89e-02	7.94e-03	3.00e-04
 1.08604e+23	7.75e-28	3.56e-16	3.89e-13	3.06e-11	1.06e-09	2.63e-08	2.55e-05	2.08e-03	3.50e-02	1.22e-01	2.85e-01	2.98e-01	1.32e-01	5.46e-02	6.34e-02	7.05e-03	2.57e-04
 1.09290e+23	1.04e-27	4.58e-16	4.87e-13	3.71e-11	1.24e-09	2.99e-08	2.82e-05	2.26e-03	3.74e-02	1.28e-01	2.90e-01	2.97e-01	1.28e-01	5.19e-02	5.89e-02	6.35e-03	2.25e-04
 1.10006e+23	1.49e-27	6.24e-16	6.42e-13	4.71e-11	1.51e-09	3.51e-08	3.19e-05	2.51e-03	4.05e-02	1.34e-01	2.96e-01	2.95e-01	1.23e-01	4.86e-02	5.37e-02	5.58e-03	1.90e-04
 1.10743e+23	2.02e-27	8.11e-16	8.11e-13	5.76e-11	1.78e-09	4.02e-08	3.54e-05	2.74e-03	4.33e-02	1.40e-01	3.01e-01	2.93e-01	1.19e-01	4.59e-02	4.96e-02	5.00e-03	1.65e-04
 1.11509e+23	2.94e-27	1.12e-15	1.08e-12	7.38e-11	2.19e-09	4.75e-08	4.02e-05	3.05e-03	4.70e-02	1.47e-01	3.06e-01	2.90e-01	1.15e-01	4.28e-02	4.49e-02	4.35e-03	1.38e-04
 1.12303e+23	4.05e-27	1.47e-15	1.38e-12	9.13e-11	2.62e-09	5.49e-08	4.49e-05	3.34e-03	5.04e-02	1.54e-01	3.10e-01	2.87e-01	1.10e-01	4.02e-02	4.12e-02	3.86e-03	1.18e-04
 1.13023e+23	5.53e-27	1.92e-15	1.75e-12	1.12e-10	3.11e-09	6.31e-08	5.00e-05	3.65e-03	5.39e-02	1.60e-01	3.14e-01	2.83e-01	1.06e-01	3.78e-02	3.79e-02	3.43e-03	1.02e-04
 1.13848e+23	8.19e-27	2.68e-15	2.36e-12	1.45e-10	3.86e-09	7.52e-08	5.72e-05	4.08e-03	5.85e-02	1.68e-01	3.18e-01	2.79e-01	1.01e-01	3.49e-02	3.40e-02	2.95e-03	8.42e-05
 1.14690e+23	1.14e-26	3.54e-15	3.03e-12	1.80e-10	4.63e-09	8.70e-08	6.40e-05	4.46e-03	6.26e-02	1.74e-01	3.21e-01	2.75e-01	9.68e-02	3.26e-02	3.10e-02	2.60e-03	7.17e-05
 1.15442e+23	1.55e-26	4.61e-15	3.84e-12	2.21e-10	5.50e-09	1.00e-07	7.13e-05	4.87e-03	6.67e-02	1.80e-01	3.24e-01	2.70e-01	9.28e-02	3.05e-02	2.83e-02	2.30e-03	6.14e-05
 1.16305e+23	2.36e-26	6.60e-15	5.29e-12	2.92e-10	6.91e-09	1.21e-07	8.20e-05	5.46e-03	7.24e-02	1.89e-01	3.27e-01	2.64e-01	8.75e-02	2.79e-02	2.50e-02	1.95e-03	4.97e-05
 1.17176e+23	3.23e-26	8.60e-15	6.71e-12	3.59e-10	8.22e-09	1.39e-07	9.14e-05	5.95e-03	7.71e-02	1.95e-01	3.28e-01	2.59e-01	8.35e-02	2.60e-02	2.28e-02	1.71e-03	4.24e-05
 1.18055e+23	4.94e-26	1.24e-14	9.27e-12	4.73e-10	1.04e-08	1.67e-07	1.05e-04	6.66e-03	8.36e-02	2.04e-01	3.30e-01	2.52e-01	7.84e-02	2.36e-02	2.01e-02	1.44e-03	3.40e-05
 1.18945e+23	6.84e-26	1.63e-14	1.19e-11	5.87e-10	1.24e-08	1.94e-07	1.17e-04	7.26e-03	8.89e-02	2.11e-01	3.31e-01	2.46e-01	7.45e-02	2.19e-02	1.82e-02	1.26e-03	2.87e-05
 1.19850e+23	1.05e-25	2.35e-14	1.65e-11	7.77e-10	1.56e-08	2.34e-07	1.35e-04	8.13e-03	9.62e-02	2.19e-01	3.31e-01	2.39e-01	6.96e-02	1.98e-02	1.59e-02	1.05e-03	2.29e-05
 1.20714e+23	1.39e-25	3.00e-14	2.05e-11	9.39e-10	1.83e-08	2.66e-07	1.49e-04	8.77e-03	1.01e-01	2.25e-01	3.31e-01	2.33e-01	6.64e-02	1.85e-02	1.45e-02	9.31e-04	1.96e-05
 1.21526e+23	2.06e-25	4.20e-14	2.76e-11	1.21e-09	2.26e-08	3.16e-07	1.69e-04	9.69e-03	1.09e-01	2.33e-01	3.30e-01	2.26e-01	6.22e-02	1.68e-02	1.28e-02	7.86e-04	1.59e-05
 1.22340e+23	2.75e-25	5.38e-14	3.45e-11	1.47e-09	2.66e-08	3.60e-07	1.87e-04	1.04e-02	1.14e-01	2.38e-01	3.29e-01	2.20e-01	5.91e-02	1.56e-02	1.17e-02	6.92e-04	1.35e-05
 1.23158e+23	4.03e-25	7.48e-14	4.62e-11	1.89e-09	3.27e-08	4.26e-07	2.12e-04	1.15e-02	1.22e-01	2.45e-01	3.28e-01	2.13e-01	5.52e-02	1.42e-02	1.03e-02	5.84e-04	1.09e-05
 1.23993e+23	5.49e-25	9.80e-14	5.88e-11	2.32e-09	3.89e-08	4.90e-07	2.35e-04	1.25e-02	1.29e-01	2.51e-01	3.26e-01	2.07e-01	5.21e-02	1.31e-02	9.26e-03	5.08e-04	9.17e-06
 1.24849e+23	8.21e-25	1.39e-13	8.04e-11	3.04e-09	4.86e-08	5.87e-07	2.68e-04	1.38e-02	1.38e-01	2.58e-01	3.22e-01	1.98e-01	4.83e-02	1.18e-02	8.06e-03	4.21e-04	7.27e-06
 1.25711e+23	1.12e-24	1.83e-13	1.02e-10	3.74e-09	5.77e-08	6.76e-07	2.97e-04	1.49e-02	1.45e-01	2.64e-01	3.20e-01	1.92e-01	4.55e-02	1.09e-02	7.24e-03	3.65e-04	6.07e-06
 1.26580e+23	1.68e-24	2.62e-13	1.41e-10	4.92e-09	7.24e-08	8.14e-07	3.41e-04	1.66e-02	1.55e-01	2.71e-01	3.15e-01	1.84e-01	4.19e-02	9.72e-03	6.26e-03	3.00e-04	4.76e-06
 1.27461e+23	2.29e-24	3.45e-13	1.80e-10	6.08e-09	8.65e-08	9.42e-07	3.79e-04	1.80e-02	1.63e-01	2.76e-01	3.11e-01	1.77e-01	3.93e-02	8.90e-03	5.58e-03	2.58e-04	3.94e-06
 1.28359e+23	3.45e-24	5.01e-13	2.51e-10	8.08e-09	1.10e-07	1.14e-06	4.37e-04	2.00e-02	1.74e-01	2.82e-01	3.06e-01	1.69e-01	3.60e-02	7.91e-03	4.78e-03	2.10e-04	3.05e-06
 1.29275e+23	4.82e-24	6.75e-13	3.27e-10	1.02e-08	1.33e-07	1.34e-06	4.91e-04	2.18e-02	1.84e-01	2.87e-01	3.01e-01	1.62e-01	3.34e-02	7.18e-03	4.21e-03	1.78e-04	2.47e-06
 1.30216e+23	7.33e-24	9.95e-13	4.62e-10	1.37e-08	1.71e-07	1.65e-06	5.72e-04	2.43e-02	1.96e-01	2.92e-01	2.94e-01	1.53e-01	3.03e-02	6.31e-03	3.56e-03	1.42e-04	1.88e-06
 1.31176e+23	1.04e-23	1.36e-12	6.10e-10	1.74e-08	2.09e-07	1.95e-06	6.47e-04	2.66e-02	2.07e-01	2.96e-01	2.87e-01	1.45e-01	2.79e-02	5.67e-03	3.10e-03	1.18e-04	1.50e-06
 1.32130e+23	1.55e-23	1.99e-12	8.58e-10	2.34e-08	2.69e-07	2.41e-06	7.54e-04	2.98e-02	2.20e-01	3.00e-01	2.79e-01	1.37e-01	2.52e-02	4.97e-03	2.61e-03	9.43e-05	1.13e-06
 1.33040e+23	2.10e-23	2.63e-12	1.10e-09	2.91e-08	3.23e-07	2.81e-06	8.45e-04	3.23e-02	2.31e-01	3.03e-01	2.73e-01	1.30e-01	2.33e-02	4.50e-03	2.30e-03	7.97e-05	9.16e-07
 1.33927e+23	3.06e-23	3.78e-12	1.52e-09	3.87e-08	4.12e-07	3.46e-06	9.83e-04	3.60e-02	2.44e-01	3.06e-01	2.64e-01	1.22e-01	2.10e-02	3.94e-03	1.93e-03	6.36e-05	6.93e-07
 1.34825e+23	4.15e-23	5.02e-12	1.96e-09	4.84e-08	4.99e-07	4.07e-06	1.11e-03	3.92e-02	2.56e-01	3.08e-01	2.56e-01	1.16e-01	1.93e-02	3.54e-03	1.68e-03	5.31e-05	5.55e-07
 1.35701e+23	5.88e-23	7.04e-12	2.66e-09	6.34e-08	6.31e-07	4.98e-06	1.28e-03	4.35e-02	2.69e-01	3.09e-01	2.47e-01	1.08e-01	1.73e-02	3.10e-03	1.42e-03	4.25e-05	4.22e-07
 1.36595e+23	7.96e-23	9.41e-12	3.46e-09	8.01e-08	7.73e-07	5.93e-06	1.46e-03	4.76e-02	2.81e-01	3.09e-01	2.38e-01	1.02e-01	1.57e-02	2.76e-03	1.22e-03	3.50e-05	3.32e-07
 1.37466e+23	1.08e-22	1.29e-11	4.60e-09	1.03e-07	9.66e-07	7.19e-06	1.68e-03	5.25e-02	2.95e-01	3.09e-01	2.29e-01	9.50e-02	1.41e-02	2.42e-03	1.03e-03	2.81e-05	2.54e-07
 1.38355e+23	1.45e-22	1.72e-11	6.01e-09	1.32e-07	1.19e-06	8.64e-06	1.92e-03	5.77e-02	3.08e-01	3.08e-01	2.20e-01	8.86e-02	1.27e-02	2.13e-03	8.77e-04	2.28e-05	1.96e-07
 1.39237e+23	1.96e-22	2.32e-11	7.87e-09	1.68e-07	1.48e-06	1.05e-05	2.21e-03	6.35e-02	3.21e-01	3.07e-01	2.10e-01	8.22e-02	1.14e-02	1.86e-03	7.39e-04	1.83e-05	1.50e-07
 1.40122e+23	2.61e-22	3.07e-11	1.02e-08	2.14e-07	1.83e-06	1.26e-05	2.53e-03	6.98e-02	3.35e-01	3.04e-01	2.00e-01	7.62e-02	1.02e-02	1.62e-03	6.23e-04	1.47e-05	0.00e+00
 1.40998e+23	3.45e-22	4.04e-11	1.32e-08	2.70e-07	2.26e-06	1.52e-05	2.90e-03	7.66e-02	3.48e-01	3.01e-01	1.90e-01	7.04e-02	9.07e-03	1.41e-03	5.24e-04	1.18e-05	0.00e+00
 1.41872e+23	4.55e-22	5.27e-11	1.69e-08	3.41e-07	2.78e-06	1.83e-05	3.32e-03	8.39e-02	3.60e-01	2.98e-01	1.81e-01	6.48e-02	8.06e-03	1.23e-03	4.40e-04	9.40e-06	0.00e+00
 1.42748e+23	5.99e-22	6.83e-11	2.15e-08	4.28e-07	3.41e-06	2.19e-05	3.80e-03	9.18e-02	3.73e-01	2.93e-01	1.71e-01	5.95e-02	7.14e-03	1.06e-03	3.68e-04	7.49e-06	0.00e+00
 1.43628e+23	7.88e-22	8.77e-11	2.73e-08	5.36e-07	4.17e-06	2.63e-05	4.33e-03	1.00e-01	3.84e-01	2.88e-01	1.61e-01	5.45e-02	6.30e-03	9.18e-04	3.07e-04	5.95e-06	0.00e+00
 1.44513e+23	1.04e-21	1.12e-10	3.44e-08	6.69e-07	5.10e-06	3.16e-05	4.94e-03	1.09e-01	3.96e-01	2.82e-01	1.51e-01	4.97e-02	5.55e-03	7.89e-04	2.55e-04	4.71e-06	0.00e+00
 1.45406e+23	1.38e-21	1.42e-10	4.32e-08	8.32e-07	6.23e-06	3.79e-05	5.64e-03	1.19e-01	4.07e-01	2.76e-01	1.42e-01	4.51e-02	4.87e-03	6.76e-04	2.11e-04	3.72e-06	0.00e+00
 1.46310e+23	1.85e-21	1.79e-10	5.41e-08	1.03e-06	7.59e-06	4.54e-05	6.42e-03	1.29e-01	4.17e-01	2.69e-01	1.33e-01	4.09e-02	4.25e-03	5.77e-04	1.74e-04	2.92e-06	0.00e+00
 1.47219e+23	2.49e-21	2.23e-10	6.72e-08	1.28e-06	9.21e-06	5.42e-05	7.28e-03	1.40e-01	4.26e-01	2.61e-01	1.24e-01	3.69e-02	3.71e-03	4.92e-04	1.43e-04	2.29e-06	0.00e+00
 1.48142e+23	3.43e-21	2.78e-10	8.35e-08	1.58e-06	1.12e-05	6.50e-05	8.28e-03	1.52e-01	4.35e-01	2.53e-01	1.15e-01	3.31e-02	3.21e-03	4.15e-04	1.17e-04	1.78e-06	0.00e+00
 1.49077e+23	4.77e-21	3.42e-10	1.03e-07	1.94e-06	1.35e-05	7.74e-05	9.37e-03	1.64e-01	4.42e-01	2.45e-01	1.06e-01	2.97e-02	2.78e-03	3.51e-04	9.55e-05	1.38e-06	0.00e+00
 1.50030e+23	6.87e-21	4.22e-10	1.27e-07	2.39e-06	1.64e-05	9.26e-05	1.06e-02	1.78e-01	4.49e-01	2.36e-01	9.78e-02	2.65e-02	2.39e-03	2.94e-04	7.72e-05	1.06e-06	0.00e+00
 1.50916e+23	9.83e-21	4.98e-10	1.50e-07	2.82e-06	1.91e-05	1.07e-04	1.18e-02	1.89e-01	4.53e-01	2.29e-01	9.13e-02	2.40e-02	2.11e-03	2.54e-04	6.49e-05	8.57e-07	0.00e+00
 1.51828e+23	1.95e-19	6.09e-10	1.85e-07	3.48e-06	2.32e-05	1.28e-04	1.34e-02	2.03e-01	4.58e-01	2.19e-01	8.33e-02	2.12e-02	1.79e-03	2.10e-04	5.17e-05	6.48e-07	0.00e+00
 1.52755e+23	1.05e-18	7.15e-10	2.18e-07	4.10e-06	2.70e-05	1.48e-04	1.47e-02	2.15e-01	4.61e-01	2.11e-01	7.74e-02	1.91e-02	1.57e-03	1.80e-04	4.32e-05	5.19e-07	0.00e+00
 1.53707e+23	1.35e-18	8.68e-10	2.67e-07	5.06e-06	3.28e-05	1.78e-04	1.67e-02	2.31e-01	4.63e-01	2.00e-01	7.00e-02	1.67e-02	1.32e-03	1.47e-04	3.40e-05	3.86e-07	0.00e+00
 1.54664e+23	1.65e-18	1.01e-09	3.13e-07	5.92e-06	3.79e-05	2.04e-04	1.84e-02	2.44e-01	4.64e-01	1.93e-01	6.49e-02	1.50e-02	1.16e-03	1.26e-04	2.84e-05	3.10e-07	0.00e+00
 1.55627e+23	2.10e-18	1.21e-09	3.80e-07	7.23e-06	4.57e-05	2.43e-04	2.07e-02	2.60e-01	4.64e-01	1.82e-01	5.85e-02	1.31e-02	9.69e-04	1.02e-04	2.23e-05	2.31e-07	0.00e+00
 1.56596e+23	2.54e-18	1.40e-09	4.42e-07	8.41e-06	5.26e-05	2.78e-04	2.26e-02	2.73e-01	4.63e-01	1.75e-01	5.40e-02	1.17e-02	8.46e-04	8.73e-05	1.85e-05	1.84e-07	0.00e+00
 1.57572e+23	3.21e-18	1.66e-09	5.34e-07	1.02e-05	6.29e-05	3.30e-04	2.54e-02	2.90e-01	4.60e-01	1.65e-01	4.85e-02	1.02e-02	7.07e-04	7.08e-05	1.45e-05	1.37e-07	0.00e+00
 1.58557e+23	3.87e-18	1.91e-09	6.18e-07	1.18e-05	7.20e-05	3.76e-04	2.77e-02	3.03e-01	4.58e-01	1.57e-01	4.46e-02	9.09e-03	6.15e-04	6.02e-05	1.20e-05	0.00e+00	0.00e+00
 1.59553e+23	4.87e-18	2.25e-09	7.41e-07	1.43e-05	8.57e-05	4.44e-04	3.09e-02	3.20e-01	4.53e-01	1.47e-01	3.99e-02	7.84e-03	5.12e-04	4.86e-05	9.41e-06	0.00e+00	0.00e+00
 1.60561e+23	5.88e-18	2.57e-09	8.56e-07	1.65e-05	9.79e-05	5.05e-04	3.36e-02	3.33e-01	4.48e-01	1.40e-01	3.65e-02	6.98e-03	4.43e-04	4.11e-05	7.76e-06	0.00e+00	0.00e+00
 1.61586e+23	7.40e-18	3.03e-09	1.03e-06	1.99e-05	1.16e-04	5.95e-04	3.74e-02	3.51e-01	4.42e-01	1.31e-01	3.25e-02	5.99e-03	3.67e-04	3.30e-05	6.02e-06	0.00e+00	0.00e+00
 1.62628e+23	8.99e-18	3.46e-09	1.18e-06	2.30e-05	1.33e-04	6.76e-04	4.05e-02	3.64e-01	4.36e-01	1.24e-01	2.96e-02	5.30e-03	3.16e-04	2.77e-05	4.93e-06	0.00e+00	0.00e+00
 1.63693e+23	1.14e-17	4.07e-09	1.42e-06	2.76e-05	1.57e-04	7.96e-04	4.50e-02	3.81e-01	4.27e-01	1.15e-01	2.61e-02	4.52e-03	2.59e-04	2.21e-05	3.80e-06	0.00e+00	0.00e+00
 1.64780e+23	1.40e-17	4.65e-09	1.64e-06	3.20e-05	1.79e-04	9.04e-04	4.88e-02	3.95e-01	4.19e-01	1.08e-01	2.37e-02	3.97e-03	2.22e-04	1.84e-05	3.08e-06	0.00e+00	0.00e+00
 1.65896e+23	1.79e-17	5.48e-09	1.97e-06	3.85e-05	2.12e-04	1.06e-03	5.40e-02	4.12e-01	4.09e-01	9.97e-02	2.08e-02	3.36e-03	1.80e-04	1.45e-05	2.35e-06	0.00e+00	0.00e+00
 1.67040e+23	2.23e-17	6.30e-09	2.29e-06	4.47e-05	2.42e-04	1.21e-03	5.85e-02	4.25e-01	4.00e-01	9.33e-02	1.87e-02	2.93e-03	1.53e-04	1.20e-05	1.89e-06	0.00e+00	0.00e+00
 1.68221e+23	2.90e-17	7.45e-09	2.76e-06	5.40e-05	2.87e-04	1.43e-03	6.48e-02	4.42e-01	3.87e-01	8.53e-02	1.62e-02	2.45e-03	1.23e-04	9.28e-06	1.41e-06	0.00e+00	0.00e+00
 1.69333e+23	3.56e-17	8.42e-09	3.15e-06	6.13e-05	3.21e-04	1.59e-03	6.91e-02	4.52e-01	3.79e-01	8.05e-02	1.48e-02	2.18e-03	1.07e-04	7.88e-06	1.17e-06	0.00e+00	0.00e+00
 1.70356e+23	4.53e-17	9.75e-09	3.69e-06	7.19e-05	3.70e-04	1.82e-03	7.51e-02	4.66e-01	3.67e-01	7.44e-02	1.31e-02	1.86e-03	8.82e-05	6.34e-06	9.16e-07	0.00e+00	0.00e+00
 1.71370e+23	5.57e-17	1.10e-08	4.18e-06	8.10e-05	4.10e-04	2.01e-03	7.97e-02	4.75e-01	3.59e-01	7.01e-02	1.20e-02	1.66e-03	7.67e-05	5.40e-06	7.63e-07	0.00e+00	0.00e+00
 1.72371e+23	7.08e-17	1.26e-08	4.87e-06	9.42e-05	4.69e-04	2.30e-03	8.62e-02	4.87e-01	3.47e-01	6.47e-02	1.06e-02	1.42e-03	6.36e-05	4.35e-06	5.97e-07	0.00e+00	0.00e+00
 1.73379e+23	8.86e-17	1.42e-08	5.52e-06	1.06e-04	5.20e-04	2.53e-03	9.13e-02	4.96e-01	3.38e-01	6.09e-02	9.65e-03	1.27e-03	5.53e-05	3.70e-06	4.97e-07	0.00e+00	0.00e+00
 1.74395e+23	1.16e-16	1.64e-08	6.44e-06	1.23e-04	5.92e-04	2.87e-03	9.83e-02	5.07e-01	3.26e-01	5.60e-02	8.52e-03	1.08e-03	4.58e-05	2.98e-06	3.89e-07	0.00e+00	0.00e+00
 1.75430e+23	1.51e-16	1.86e-08	7.33e-06	1.39e-04	6.57e-04	3.16e-03	1.04e-01	5.14e-01	3.16e-01	5.25e-02	7.74e-03	9.60e-04	3.96e-05	2.52e-06	3.22e-07	0.00e+00	0.00e+00
 1.76489e+23	2.06e-16	2.16e-08	8.60e-06	1.62e-04	7.49e-04	3.60e-03	1.12e-01	5.24e-01	3.04e-01	4.81e-02	6.79e-03	8.15e-04	3.25e-05	2.02e-06	2.49e-07	0.00e+00	0.00e+00
 1.77562e+23	2.80e-16	2.46e-08	9.82e-06	1.84e-04	8.31e-04	3.96e-03	1.18e-01	5.31e-01	2.94e-01	4.49e-02	6.14e-03	7.19e-04	2.79e-05	1.70e-06	2.05e-07	0.00e+00	0.00e+00
 1.78654e+23	4.12e-16	2.88e-08	1.16e-05	2.15e-04	9.47e-04	4.50e-03	1.27e-01	5.39e-01	2.81e-01	4.10e-02	5.37e-03	6.08e-04	2.28e-05	1.35e-06	1.58e-07	0.00e+00	0.00e+00
 1.79770e+23	6.18e-16	3.33e-08	1.33e-05	2.44e-04	1.05e-03	4.95e-03	1.34e-01	5.45e-01	2.71e-01	3.81e-02	4.83e-03	5.33e-04	1.95e-05	1.13e-06	1.29e-07	0.00e+00	0.00e+00
 1.80916e+23	1.03e-15	3.93e-08	1.58e-05	2.86e-04	1.20e-03	5.64e-03	1.44e-01	5.52e-01	2.58e-01	3.45e-02	4.18e-03	4.46e-04	1.58e-05	8.84e-07	0.00e+00	0.00e+00	0.00e+00
 1.82086e+23	1.92e-15	4.58e-08	1.83e-05	3.26e-04	1.34e-03	6.21e-03	1.52e-01	5.56e-01	2.48e-01	3.19e-02	3.75e-03	3.89e-04	1.34e-05	7.33e-07	0.00e+00	0.00e+00	0.00e+00
 1.83286e+23	4.24e-15	5.47e-08	2.19e-05	3.85e-04	1.53e-03	7.08e-03	1.63e-01	5.62e-01	2.35e-01	2.87e-02	3.22e-03	3.23e-04	1.07e-05	5.69e-07	0.00e+00	0.00e+00	0.00e+00
 1.84513e+23	1.08e-14	6.42e-08	2.55e-05	4.41e-04	1.71e-03	7.81e-03	1.71e-01	5.65e-01	2.24e-01	2.64e-02	2.86e-03	2.79e-04	8.98e-06	4.67e-07	0.00e+00	0.00e+00	0.00e+00
 1.85774e+23	3.71e-14	7.83e-08	3.09e-05	5.23e-04	1.96e-03	8.89e-03	1.83e-01	5.68e-01	2.11e-01	2.36e-02	2.44e-03	2.30e-04	7.13e-06	3.59e-07	0.00e+00	0.00e+00	0.00e+00
 1.87051e+23	1.09e-13	9.27e-08	3.62e-05	6.00e-04	2.18e-03	9.80e-03	1.93e-01	5.69e-01	2.01e-01	2.16e-02	2.17e-03	1.98e-04	5.96e-06	2.94e-07	0.00e+00	0.00e+00	0.00e+00
 1.88349e+23	1.94e-13	1.14e-07	4.40e-05	7.14e-04	2.50e-03	1.12e-02	2.06e-01	5.70e-01	1.88e-01	1.92e-02	1.84e-03	1.62e-04	4.69e-06	2.24e-07	0.00e+00	0.00e+00	0.00e+00
 1.89660e+23	2.79e-13	1.36e-07	5.17e-05	8.20e-04	2.79e-03	1.23e-02	2.16e-01	5.70e-01	1.79e-01	1.76e-02	1.62e-03	1.39e-04	3.90e-06	1.82e-07	0.00e+00	0.00e+00	0.00e+00
 1.90991e+23	4.00e-13	1.69e-07	6.33e-05	9.78e-04	3.20e-03	1.39e-02	2.30e-01	5.68e-01	1.67e-01	1.55e-02	1.37e-03	1.13e-04	3.06e-06	1.38e-07	0.00e+00	0.00e+00	0.00e+00
 1.92293e+23	9.23e-16	2.01e-07	7.38e-05	1.11e-03	3.53e-03	1.52e-02	2.40e-01	5.66e-01	1.59e-01	1.42e-02	1.22e-03	9.74e-05	2.57e-06	0.00e+00	0.00e+00	0.00e+00	0.00e+00
 1.93557e+23	4.72e-16	2.48e-07	8.94e-05	1.31e-03	4.01e-03	1.70e-02	2.54e-01	5.62e-01	1.48e-01	1.26e-02	1.03e-03	8.00e-05	2.03e-06	0.00e+00	0.00e+00	0.00e+00	0.00e+00
 1.94868e+23	6.38e-16	2.99e-07	1.06e-04	1.51e-03	4.45e-03	1.86e-02	2.64e-01	5.59e-01	1.40e-01	1.15e-02	9.08e-04	6.83e-05	1.69e-06	0.00e+00	0.00e+00	0.00e+00	0.00e+00
 1.95985e+23	8.29e-16	3.51e-07	1.22e-04	1.70e-03	4.87e-03	2.02e-02	2.74e-01	5.55e-01	1.32e-01	1.05e-02	8.08e-04	5.92e-05	1.42e-06	0.00e+00	0.00e+00	0.00e+00	0.00e+00
 1.97183e+23	1.16e-15	4.31e-07	1.46e-04	1.98e-03	5.45e-03	2.24e-02	2.87e-01	5.49e-01	1.24e-01	9.40e-03	6.94e-04	4.92e-05	1.15e-06	0.00e+00	0.00e+00	0.00e+00	0.00e+00
 1.98391e+23	1.57e-15	5.10e-07	1.69e-04	2.24e-03	5.97e-03	2.42e-02	2.98e-01	5.44e-01	1.17e-01	8.60e-03	6.16e-04	4.26e-05	9.65e-07	0.00e+00	0.00e+00	0.00e+00	0.00e+00
 1.99610e+23	2.23e-15	6.28e-07	2.03e-04	2.60e-03	6.67e-03	2.67e-02	3.11e-01	5.36e-01	1.09e-01	7.67e-03	5.29e-04	3.54e-05	7.76e-07	0.00e+00	0.00e+00	0.00e+00	0.00e+00
 2.00867e+23	3.17e-15	7.53e-07	2.37e-04	2.97e-03	7.35e-03	2.90e-02	3.22e-01	5.29e-01	1.02e-01	6.92e-03	4.62e-04	3.00e-05	6.40e-07	0.00e+00	0.00e+00	0.00e+00	0.00e+00
 2.01980e+23	4.33e-15	8.97e-07	2.76e-04	3.35e-03	8.03e-03	3.13e-02	3.32e-01	5.22e-01	9.61e-02	6.31e-03	4.09e-04	2.59e-05	5.37e-07	0.00e+00	0.00e+00	0.00e+00	0.00e+00
 2.03236e+23	6.74e-15	1.12e-06	3.32e-04	3.90e-03	8.96e-03	3.43e-02	3.45e-01	5.12e-01	8.91e-02	5.60e-03	3.50e-04	2.14e-05	4.30e-07	0.00e+00	0.00e+00	0.00e+00	0.00e+00
 2.04559e+23	1.08e-14	1.36e-06	3.94e-04	4.48e-03	9.90e-03	3.74e-02	3.57e-01	5.03e-01	8.29e-02	5.01e-03	3.02e-04	1.80e-05	3.50e-07	0.00e+00	0.00e+00	0.00e+00	0.00e+00
 2.05763e+23	1.63e-14	1.65e-06	4.62e-04	5.09e-03	1.08e-02	4.04e-02	3.68e-01	4.93e-01	7.74e-02	4.52e-03	2.64e-04	1.53e-05	2.89e-07	0.00e+00	0.00e+00	0.00e+00	0.00e+00
 2.07122e+23	2.94e-14	2.09e-06	5.64e-04	5.98e-03	1.22e-02	4.44e-02	3.81e-01	4.81e-01	7.09e-02	3.96e-03	2.22e-04	1.24e-05	2.27e-07	0.00e+00	0.00e+00	0.00e+00	0.00e+00
 2.08522e+23	6.50e-14	2.58e-06	6.71e-04	6.88e-03	1.34e-02	4.83e-02	3.93e-01	4.69e-01	6.55e-02	3.52e-03	1.91e-04	1.03e-05	1.83e-07	0.00e+00	0.00e+00	0.00e+00	0.00e+00
 2.09766e+23	1.54e-13	3.13e-06	7.90e-04	7.83e-03	1.47e-02	5.20e-02	4.03e-01	4.58e-01	6.07e-02	3.15e-03	1.65e-04	8.71e-06	1.50e-07	0.00e+00	0.00e+00	0.00e+00	0.00e+00
 2.11173e+23	3.76e-13	4.01e-06	9.69e-04	9.20e-03	1.64e-02	5.70e-02	4.15e-01	4.43e-01	5.51e-02	2.74e-03	1.38e-04	7.01e-06	0.00e+00	0.00e+00	0.00e+00	0.00e+00	0.00e+00
 2.12633e+23	1.91e-12	5.00e-06	1.16e-03	1.06e-02	1.81e-02	6.18e-02	4.26e-01	4.29e-01	5.05e-02	2.41e-03	1.17e-04	5.77e-06	0.00e+00	0.00e+00	0.00e+00	0.00e+00	0.00e+00
 2.13944e+23	5.82e-12	6.14e-06	1.37e-03	1.21e-02	1.99e-02	6.65e-02	4.36e-01	4.16e-01	4.64e-02	2.13e-03	1.00e-04	4.80e-06	0.00e+00	0.00e+00	0.00e+00	0.00e+00	0.00e+00
 2.15430e+23	1.81e-11	7.99e-06	1.70e-03	1.43e-02	2.22e-02	7.29e-02	4.47e-01	3.99e-01	4.16e-02	1.83e-03	8.24e-05	3.79e-06	0.00e+00	0.00e+00	0.00e+00	0.00e+00	0.00e+00
 2.16964e+23	3.35e-11	1.00e-05	2.04e-03	1.65e-02	2.45e-02	7.86e-02	4.56e-01	3.83e-01	3.77e-02	1.60e-03	6.94e-05	3.09e-06	0.00e+00	0.00e+00	0.00e+00	0.00e+00	0.00e+00
 2.18563e+23	5.33e-11	1.33e-05	2.56e-03	1.96e-02	2.75e-02	8.62e-02	4.65e-01	3.64e-01	3.33e-02	1.35e-03	5.59e-05	2.39e-06	0.00e+00	0.00e+00	0.00e+00	0.00e+00	0.00e+00
 2.20178e+23	7.67e-11	1.67e-05	3.08e-03	2.26e-02	3.02e-02	9.27e-02	4.72e-01	3.48e-01	3.00e-02	1.17e-03	4.67e-05	1.94e-06	0.00e+00	0.00e+00	0.00e+00	0.00e+00	0.00e+00
 2.21596e+23	1.07e-10	2.08e-05	3.67e-03	2.59e-02	3.30e-02	9.91e-02	4.78e-01	3.32e-01	2.71e-02	1.02e-03	3.93e-05	1.58e-06	0.00e+00	0.00e+00	0.00e+00	0.00e+00	0.00e+00
 2.23220e+23	1.60e-10	2.76e-05	4.60e-03	3.07e-02	3.68e-02	1.08e-01	4.84e-01	3.11e-01	2.35e-02	8.43e-04	3.10e-05	1.20e-06	0.00e+00	0.00e+00	0.00e+00	0.00e+00	0.00e+00
 2.24862e+23	2.19e-10	3.46e-05	5.50e-03	3.51e-02	4.01e-02	1.15e-01	4.87e-01	2.95e-01	2.10e-02	7.27e-04	2.58e-05	9.63e-07	0.00e+00	0.00e+00	0.00e+00	0.00e+00	0.00e+00
 2.26527e+23	3.22e-10	4.59e-05	6.87e-03	4.14e-02	4.46e-02	1.25e-01	4.89e-01	2.75e-01	1.82e-02	6.02e-04	2.03e-05	7.30e-07	0.00e+00	0.00e+00	0.00e+00	0.00e+00	0.00e+00
 2.28223e+23	4.40e-10	5.80e-05	8.24e-03	4.75e-02	4.85e-02	1.33e-01	4.89e-01	2.58e-01	1.60e-02	5.12e-04	1.66e-05	5.77e-07	0.00e+00	0.00e+00	0.00e+00	0.00e+00	0.00e+00
 2.29958e+23	6.50e-10	7.76e-05	1.03e-02	5.61e-02	5.37e-02	1.43e-01	4.87e-01	2.36e-01	1.36e-02	4.16e-04	1.28e-05	4.27e-07	0.00e+00	0.00e+00	0.00e+00	0.00e+00	0.00e+00
 2.31708e+23	8.81e-10	9.76e-05	1.23e-02	6.38e-02	5.81e-02	1.51e-01	4.83e-01	2.20e-01	1.19e-02	3.51e-04	1.04e-05	3.36e-07	0.00e+00	0.00e+00	0.00e+00	0.00e+00	0.00e+00
 2.33477e+23	1.29e-09	1.31e-04	1.54e-02	7.49e-02	6.38e-02	1.61e-01	4.76e-01	1.99e-01	9.95e-03	2.82e-04	7.89e-06	2.45e-07	0.00e+00	0.00e+00	0.00e+00	0.00e+00	0.00e+00
 2.35266e+23	1.73e-09	1.64e-04	1.83e-02	8.48e-02	6.86e-02	1.68e-01	4.68e-01	1.83e-01	8.60e-03	2.36e-04	6.33e-06	1.90e-07	0.00e+00	0.00e+00	0.00e+00	0.00e+00	0.00e+00
 2.37081e+23	2.53e-09	2.19e-04	2.28e-02	9.88e-02	7.47e-02	1.78e-01	4.55e-01	1.63e-01	7.08e-03	1.86e-04	4.73e-06	1.37e-07	0.00e+00	0.00e+00	0.00e+00	0.00e+00	0.00e+00
 2.38920e+23	3.39e-09	2.74e-04	2.70e-02	1.11e-01	7.96e-02	1.85e-01	4.43e-01	1.48e-01	6.03e-03	1.54e-04	3.74e-06	0.00e+00	0.00e+00	0.00e+00	0.00e+00	0.00e+00	0.00e+00
 2.40520e+23	4.49e-09	3.39e-04	3.17e-02	1.24e-01	8.43e-02	1.91e-01	4.29e-01	1.35e-01	5.15e-03	1.27e-04	2.96e-06	0.00e+00	0.00e+00	0.00e+00	0.00e+00	0.00e+00	0.00e+00
 2.42325e+23	6.39e-09	4.44e-04	3.86e-02	1.42e-01	9.02e-02	1.98e-01	4.10e-01	1.18e-01	4.16e-03	9.92e-05	2.18e-06	0.00e+00	0.00e+00	0.00e+00	0.00e+00	0.00e+00	0.00e+00
 2.44047e+23	8.12e-09	5.32e-04	4.41e-02	1.55e-01	9.41e-02	2.01e-01	3.95e-01	1.07e-01	3.58e-03	8.33e-05	1.76e-06	0.00e+00	0.00e+00	0.00e+00	0.00e+00	0.00e+00	0.00e+00
 2.45660e+23	1.10e-08	6.70e-04	5.21e-02	1.72e-01	9.89e-02	2.05e-01	3.74e-01	9.39e-02	2.92e-03	6.60e-05	1.32e-06	0.00e+00	0.00e+00	0.00e+00	0.00e+00	0.00e+00	0.00e+00
 2.47274e+23	1.39e-08	7.97e-04	5.90e-02	1.86e-01	1.02e-01	2.07e-01	3.57e-01	8.44e-02	2.49e-03	5.50e-05	1.06e-06	0.00e+00	0.00e+00	0.00e+00	0.00e+00	0.00e+00	0.00e+00
 2.48889e+23	1.84e-08	9.86e-04	6.86e-02	2.04e-01	1.06e-01	2.09e-01	3.35e-01	7.35e-02	2.03e-03	4.35e-05	7.98e-07	0.00e+00	0.00e+00	0.00e+00	0.00e+00	0.00e+00	0.00e+00
 2.50563e+23	2.36e-08	1.19e-03	7.80e-02	2.21e-01	1.09e-01	2.09e-01	3.15e-01	6.45e-02	1.68e-03	3.51e-05	6.13e-07	0.00e+00	0.00e+00	0.00e+00	0.00e+00	0.00e+00	0.00e+00
 2.52062e+23	2.96e-08	1.40e-03	8.76e-02	2.36e-01	1.12e-01	2.09e-01	2.96e-01	5.70e-02	1.40e-03	2.87e-05	4.81e-07	0.00e+00	0.00e+00	0.00e+00	0.00e+00	0.00e+00	0.00e+00
 2.53763e+23	3.92e-08	1.73e-03	1.01e-01	2.56e-01	1.14e-01	2.06e-01	2.72e-01	4.82e-02	1.11e-03	2.20e-05	3.49e-07	0.00e+00	0.00e+00	0.00e+00	0.00e+00	0.00e+00	0.00e+00
 2.55494e+23	4.94e-08	2.04e-03	1.13e-01	2.72e-01	1.15e-01	2.03e-01	2.51e-01	4.16e-02	9.00e-04	1.76e-05	2.65e-07	0.00e+00	0.00e+00	0.00e+00	0.00e+00	0.00e+00	0.00e+00
 2.57033e+23	6.14e-08	2.39e-03	1.25e-01	2.88e-01	1.16e-01	1.99e-01	2.32e-01	3.60e-02	7.38e-04	1.41e-05	2.03e-07	0.00e+00	0.00e+00	0.00e+00	0.00e+00	0.00e+00	0.00e+00
 2.58525e+23	7.51e-08	2.77e-03	1.38e-01	3.01e-01	1.17e-01	1.95e-01	2.14e-01	3.12e-02	6.07e-04	1.14e-05	1.57e-07	0.00e+00	0.00e+00	0.00e+00	0.00e+00	0.00e+00	0.00e+00
 2.59902e+23	9.02e-08	3.15e-03	1.50e-01	3.14e-01	1.17e-01	1.90e-01	1.98e-01	2.73e-02	5.05e-04	9.30e-06	1.23e-07	0.00e+00	0.00e+00	0.00e+00	0.00e+00	0.00e+00	0.00e+00
 2.61408e+23	1.12e-07	3.68e-03	1.65e-01	3.28e-01	1.16e-01	1.84e-01	1.80e-01	2.30e-02	4.02e-04	7.25e-06	0.00e+00	0.00e+00	0.00e+00	0.00e+00	0.00e+00	0.00e+00	0.00e+00
 2.62937e+23	1.35e-07	4.19e-03	1.79e-01	3.39e-01	1.15e-01	1.78e-01	1.64e-01	1.98e-02	3.29e-04	5.84e-06	0.00e+00	0.00e+00	0.00e+00	0.00e+00	0.00e+00	0.00e+00	0.00e+00
 2.64271e+23	1.59e-07	4.71e-03	1.92e-01	3.49e-01	1.14e-01	1.72e-01	1.51e-01	1.72e-02	2.73e-04	4.76e-06	0.00e+00	0.00e+00	0.00e+00	0.00e+00	0.00e+00	0.00e+00	0.00e+00
 2.65780e+23	1.96e-07	5.43e-03	2.09e-01	3.60e-01	1.12e-01	1.64e-01	1.35e-01	1.43e-02	2.14e-04	3.67e-06	0.00e+00	0.00e+00	0.00e+00	0.00e+00	0.00e+00	0.00e+00	0.00e+00
