#depth	Si	Si+	Si+2	Si+3	Si+4	Si+5	Si+6	Si+7	Si+8	Si+9	Si+10	Si+11	Si+12	Si+13	Si+14
 1.54284e+22	0.00e+00	0.00e+00	8.23e-29	1.09e-24	2.01e-20	5.91e-17	5.26e-14	1.52e-11	1.90e-09	1.17e-07	4.75e-06	1.90e-04	1.80e-02	2.16e-01	7.66e-01
 3.57694e+22	0.00e+00	1.02e-31	4.94e-27	4.67e-23	6.25e-19	1.30e-15	8.22e-13	1.68e-10	1.48e-08	6.41e-07	1.81e-05	5.03e-04	3.32e-02	2.78e-01	6.89e-01
 4.39423e+22	0.00e+00	1.55e-30	6.02e-26	4.46e-22	6.60e-18	1.09e-14	5.40e-12	8.70e-10	6.06e-08	2.06e-06	4.50e-05	9.73e-04	4.99e-02	3.24e-01	6.25e-01
 4.96134e+22	0.00e+00	1.62e-29	5.25e-25	3.20e-21	4.01e-17	5.52e-14	2.28e-11	3.07e-09	1.79e-07	5.05e-06	9.00e-05	1.60e-03	6.74e-02	3.60e-01	5.71e-01
 5.26269e+22	0.00e+00	2.98e-29	9.24e-25	5.35e-21	6.42e-17	8.43e-14	3.33e-11	4.26e-09	2.37e-07	6.38e-06	1.08e-04	1.82e-03	7.28e-02	3.69e-01	5.56e-01
 5.36098e+22	0.00e+00	3.74e-29	1.12e-24	7.67e-21	8.92e-17	1.13e-13	4.33e-11	5.37e-09	2.89e-07	7.52e-06	1.22e-04	1.99e-03	7.67e-02	3.75e-01	5.46e-01
 5.43519e+22	0.00e+00	5.10e-29	1.49e-24	9.94e-21	1.13e-16	1.40e-13	5.24e-11	6.34e-09	3.34e-07	8.46e-06	1.34e-04	2.12e-03	7.97e-02	3.80e-01	5.38e-01
 5.51841e+22	0.00e+00	8.09e-29	2.29e-24	1.46e-20	1.61e-16	1.93e-13	6.95e-11	8.12e-09	4.13e-07	1.01e-05	1.53e-04	2.33e-03	8.43e-02	3.86e-01	5.27e-01
 5.60498e+22	0.00e+00	1.21e-28	3.32e-24	2.04e-20	2.19e-16	2.55e-13	8.89e-11	1.01e-08	4.96e-07	1.18e-05	1.72e-04	2.53e-03	8.85e-02	3.92e-01	5.17e-01
 5.68392e+22	0.00e+00	1.79e-28	4.76e-24	2.83e-20	2.96e-16	3.34e-13	1.13e-10	1.24e-08	5.94e-07	1.36e-05	1.93e-04	2.75e-03	9.28e-02	3.97e-01	5.07e-01
 5.77456e+22	0.00e+00	2.95e-28	7.55e-24	4.30e-20	4.34e-16	4.71e-13	1.53e-10	1.62e-08	7.48e-07	1.65e-05	2.23e-04	3.04e-03	9.85e-02	4.04e-01	4.94e-01
 5.86546e+22	0.00e+00	4.50e-28	1.11e-23	6.11e-20	5.99e-16	6.30e-13	1.98e-10	2.03e-08	9.07e-07	1.94e-05	2.52e-04	3.31e-03	1.03e-01	4.10e-01	4.83e-01
 5.94264e+22	0.00e+00	6.67e-28	1.60e-23	8.47e-20	8.10e-16	8.26e-13	2.52e-10	2.51e-08	1.09e-06	2.25e-05	2.83e-04	3.59e-03	1.08e-01	4.15e-01	4.73e-01
 6.02891e+22	0.00e+00	1.09e-27	2.51e-23	1.27e-19	1.17e-15	1.15e-12	3.40e-10	3.25e-08	1.36e-06	2.70e-05	3.25e-04	3.96e-03	1.15e-01	4.21e-01	4.61e-01
 6.11782e+22	0.00e+00	1.63e-27	3.65e-23	1.78e-19	1.60e-15	1.53e-12	4.36e-10	4.04e-08	1.64e-06	3.15e-05	3.66e-04	4.30e-03	1.20e-01	4.25e-01	4.50e-01
 6.19676e+22	0.00e+00	2.44e-27	5.29e-23	2.49e-19	2.18e-15	2.01e-12	5.57e-10	5.01e-08	1.97e-06	3.67e-05	4.11e-04	4.66e-03	1.26e-01	4.30e-01	4.39e-01
 6.28600e+22	0.00e+00	4.00e-27	8.34e-23	3.74e-19	3.18e-15	2.83e-12	7.53e-10	6.51e-08	2.47e-06	4.42e-05	4.73e-04	5.13e-03	1.33e-01	4.35e-01	4.26e-01
 6.37743e+22	0.00e+00	6.21e-27	1.25e-22	5.38e-19	4.44e-15	3.82e-12	9.84e-10	8.23e-08	3.02e-06	5.22e-05	5.36e-04	5.60e-03	1.39e-01	4.40e-01	4.15e-01
 6.45723e+22	0.00e+00	9.20e-27	1.79e-22	7.45e-19	5.99e-15	5.01e-12	1.25e-09	1.01e-07	3.62e-06	6.05e-05	5.99e-04	6.05e-03	1.45e-01	4.43e-01	4.04e-01
 6.54647e+22	5.12e-34	1.55e-26	2.90e-22	1.14e-18	8.90e-15	7.15e-12	1.72e-09	1.34e-07	4.59e-06	7.37e-05	6.95e-04	6.70e-03	1.54e-01	4.48e-01	3.91e-01
 6.63456e+22	1.00e-37	2.29e-26	4.14e-22	1.58e-18	1.20e-14	9.35e-12	2.18e-09	1.65e-07	5.49e-06	8.53e-05	7.77e-04	7.22e-03	1.60e-01	4.51e-01	3.80e-01
 6.70952e+22	0.00e+00	3.42e-26	5.98e-22	2.19e-18	1.62e-14	1.23e-11	2.78e-09	2.04e-07	6.59e-06	9.92e-05	8.70e-04	7.80e-03	1.67e-01	4.54e-01	3.70e-01
 6.78304e+22	0.00e+00	4.98e-26	8.45e-22	2.99e-18	2.16e-14	1.59e-11	3.49e-09	2.49e-07	7.83e-06	1.14e-04	9.67e-04	8.38e-03	1.74e-01	4.57e-01	3.60e-01
 6.86628e+22	0.00e+00	8.05e-26	1.31e-21	4.42e-18	3.10e-14	2.21e-11	4.67e-09	3.21e-07	9.74e-06	1.37e-04	1.11e-03	9.19e-03	1.83e-01	4.60e-01	3.47e-01
 6.94542e+22	0.00e+00	1.14e-25	1.81e-21	5.89e-18	4.04e-14	2.80e-11	5.78e-09	3.87e-07	1.14e-05	1.56e-04	1.22e-03	9.81e-03	1.89e-01	4.62e-01	3.38e-01
 7.00422e+22	0.00e+00	1.54e-25	2.37e-21	7.50e-18	5.06e-14	3.43e-11	6.92e-09	4.53e-07	1.31e-05	1.75e-04	1.33e-03	1.04e-02	1.95e-01	4.63e-01	3.30e-01
 7.05745e+22	0.00e+00	2.07e-25	3.11e-21	9.55e-18	6.32e-14	4.20e-11	8.28e-09	5.30e-07	1.50e-05	1.95e-04	1.44e-03	1.10e-02	2.01e-01	4.64e-01	3.22e-01
 7.11846e+22	0.00e+00	2.97e-25	4.32e-21	1.28e-17	8.29e-14	5.36e-11	1.03e-08	6.41e-07	1.77e-05	2.23e-04	1.60e-03	1.17e-02	2.08e-01	4.66e-01	3.13e-01
 7.18120e+22	0.00e+00	4.03e-25	5.70e-21	1.64e-17	1.04e-13	6.60e-11	1.24e-08	7.53e-07	2.03e-05	2.50e-04	1.74e-03	1.24e-02	2.14e-01	4.66e-01	3.05e-01
 7.23481e+22	0.00e+00	5.37e-25	7.41e-21	2.06e-17	1.29e-13	8.02e-11	1.47e-08	8.77e-07	2.32e-05	2.79e-04	1.88e-03	1.31e-02	2.20e-01	4.67e-01	2.98e-01
 7.28459e+22	0.00e+00	7.02e-25	9.47e-21	2.57e-17	1.58e-13	9.63e-11	1.73e-08	1.01e-06	2.62e-05	3.08e-04	2.03e-03	1.38e-02	2.25e-01	4.67e-01	2.91e-01
 7.34075e+22	0.00e+00	9.72e-25	1.27e-20	3.34e-17	2.02e-13	1.20e-10	2.11e-08	1.20e-06	3.04e-05	3.48e-04	2.22e-03	1.46e-02	2.32e-01	4.68e-01	2.83e-01
 7.39691e+22	0.00e+00	1.27e-24	1.63e-20	4.15e-17	2.47e-13	1.44e-10	2.49e-08	1.39e-06	3.44e-05	3.85e-04	2.39e-03	1.53e-02	2.38e-01	4.68e-01	2.76e-01
 7.44465e+22	0.00e+00	1.66e-24	2.07e-20	5.13e-17	3.02e-13	1.73e-10	2.92e-08	1.59e-06	3.88e-05	4.25e-04	2.57e-03	1.61e-02	2.44e-01	4.67e-01	2.70e-01
 7.49085e+22	0.00e+00	2.16e-24	2.62e-20	6.31e-17	3.66e-13	2.06e-10	3.41e-08	1.83e-06	4.37e-05	4.69e-04	2.76e-03	1.69e-02	2.50e-01	4.67e-01	2.63e-01
 7.54347e+22	0.00e+00	2.96e-24	3.50e-20	8.13e-17	4.64e-13	2.55e-10	4.14e-08	2.17e-06	5.05e-05	5.28e-04	3.02e-03	1.78e-02	2.57e-01	4.67e-01	2.55e-01
 7.59745e+22	0.00e+00	3.94e-24	4.53e-20	1.02e-16	5.74e-13	3.10e-10	4.92e-08	2.52e-06	5.76e-05	5.88e-04	3.27e-03	1.88e-02	2.63e-01	4.66e-01	2.48e-01
 7.64399e+22	0.00e+00	5.09e-24	5.71e-20	1.25e-16	6.94e-13	3.68e-10	5.73e-08	2.88e-06	6.47e-05	6.46e-04	3.50e-03	1.96e-02	2.69e-01	4.65e-01	2.42e-01
 7.68707e+22	0.00e+00	6.47e-24	7.09e-20	1.51e-16	8.29e-13	4.33e-10	6.63e-08	3.27e-06	7.22e-05	7.07e-04	3.74e-03	2.05e-02	2.74e-01	4.64e-01	2.36e-01
 7.72862e+22	0.00e+00	8.22e-24	8.79e-20	1.82e-16	9.90e-13	5.08e-10	7.66e-08	3.72e-06	8.06e-05	7.73e-04	3.99e-03	2.14e-02	2.80e-01	4.63e-01	2.31e-01
 7.77639e+22	0.00e+00	1.11e-23	1.15e-19	2.31e-16	1.24e-12	6.23e-10	9.19e-08	4.36e-06	9.25e-05	8.66e-04	4.34e-03	2.25e-02	2.87e-01	4.61e-01	2.24e-01
 7.82477e+22	0.00e+00	1.45e-23	1.46e-19	2.84e-16	1.50e-12	7.44e-10	1.08e-07	5.01e-06	1.04e-04	9.56e-04	4.66e-03	2.36e-02	2.93e-01	4.60e-01	2.18e-01
 7.86596e+22	0.00e+00	1.83e-23	1.80e-19	3.41e-16	1.79e-12	8.71e-10	1.24e-07	5.68e-06	1.16e-04	1.04e-03	4.97e-03	2.46e-02	2.99e-01	4.58e-01	2.12e-01
 7.91151e+22	0.00e+00	2.47e-23	2.36e-19	4.30e-16	2.22e-12	1.06e-09	1.49e-07	6.65e-06	1.33e-04	1.17e-03	5.40e-03	2.59e-02	3.06e-01	4.56e-01	2.05e-01
 7.95851e+22	0.00e+00	3.21e-23	2.99e-19	5.28e-16	2.70e-12	1.27e-09	1.75e-07	7.66e-06	1.51e-04	1.29e-03	5.80e-03	2.71e-02	3.12e-01	4.54e-01	1.99e-01
 8.00013e+22	0.00e+00	4.11e-23	3.72e-19	6.38e-16	3.23e-12	1.50e-09	2.03e-07	8.73e-06	1.69e-04	1.42e-03	6.21e-03	2.82e-02	3.18e-01	4.52e-01	1.94e-01
 8.04696e+22	2.32e-34	5.68e-23	4.96e-19	8.17e-16	4.09e-12	1.86e-09	2.46e-07	1.04e-05	1.96e-04	1.60e-03	6.78e-03	2.98e-02	3.26e-01	4.49e-01	1.87e-01
 8.09439e+22	3.25e-34	7.38e-23	6.26e-19	9.97e-16	4.95e-12	2.22e-09	2.89e-07	1.19e-05	2.21e-04	1.76e-03	7.28e-03	3.12e-02	3.32e-01	4.46e-01	1.81e-01
 8.13483e+22	4.44e-34	9.42e-23	7.78e-19	1.20e-15	5.91e-12	2.62e-09	3.35e-07	1.36e-05	2.48e-04	1.93e-03	7.78e-03	3.25e-02	3.38e-01	4.43e-01	1.76e-01
 8.17966e+22	6.71e-34	1.30e-22	1.04e-18	1.53e-15	7.48e-12	3.26e-09	4.08e-07	1.62e-05	2.88e-04	2.19e-03	8.51e-03	3.43e-02	3.46e-01	4.39e-01	1.69e-01
 8.22429e+22	9.14e-34	1.66e-22	1.28e-18	1.84e-15	8.91e-12	3.82e-09	4.72e-07	1.84e-05	3.22e-04	2.39e-03	9.08e-03	3.57e-02	3.52e-01	4.36e-01	1.64e-01
 8.26870e+22	1.39e-33	2.31e-22	1.71e-18	2.34e-15	1.13e-11	4.77e-09	5.77e-07	2.19e-05	3.76e-04	2.71e-03	9.94e-03	3.77e-02	3.60e-01	4.32e-01	1.57e-01
 8.31178e+22	1.85e-33	2.88e-22	2.08e-18	2.77e-15	1.33e-11	5.54e-09	6.61e-07	2.47e-05	4.16e-04	2.95e-03	1.06e-02	3.91e-02	3.66e-01	4.29e-01	1.53e-01
 8.35315e+22	2.77e-33	3.97e-22	2.75e-18	3.50e-15	1.67e-11	6.86e-09	8.04e-07	2.94e-05	4.84e-04	3.34e-03	1.15e-02	4.12e-02	3.73e-01	4.24e-01	1.46e-01
 8.39428e+22	3.67e-33	4.94e-22	3.34e-18	4.12e-15	1.96e-11	7.96e-09	9.20e-07	3.30e-05	5.36e-04	3.62e-03	1.22e-02	4.26e-02	3.79e-01	4.20e-01	1.42e-01
 8.43511e+22	5.50e-33	6.82e-22	4.41e-18	5.19e-15	2.46e-11	9.87e-09	1.12e-06	3.94e-05	6.25e-04	4.10e-03	1.34e-02	4.49e-02	3.86e-01	4.15e-01	1.36e-01
 8.47610e+22	7.39e-33	8.59e-22	5.40e-18	6.14e-15	2.90e-11	1.15e-08	1.29e-06	4.46e-05	6.96e-04	4.48e-03	1.42e-02	4.66e-02	3.92e-01	4.11e-01	1.31e-01
 8.51731e+22	1.11e-32	1.19e-21	7.13e-18	7.72e-15	3.65e-11	1.43e-08	1.58e-06	5.32e-05	8.12e-04	5.07e-03	1.55e-02	4.91e-02	3.99e-01	4.05e-01	1.25e-01
 8.55917e+22	1.51e-32	1.51e-21	8.78e-18	9.18e-15	4.34e-11	1.69e-08	1.83e-06	6.07e-05	9.09e-04	5.55e-03	1.66e-02	5.10e-02	4.05e-01	4.01e-01	1.21e-01
 8.60187e+22	2.27e-32	2.08e-21	1.16e-17	1.15e-14	5.47e-11	2.10e-08	2.24e-06	7.25e-05	1.06e-03	6.28e-03	1.81e-02	5.36e-02	4.12e-01	3.94e-01	1.15e-01
 8.64424e+22	3.09e-32	2.66e-21	1.43e-17	1.37e-14	6.51e-11	2.48e-08	2.61e-06	8.30e-05	1.19e-03	6.90e-03	1.94e-02	5.57e-02	4.17e-01	3.89e-01	1.10e-01
 8.68619e+22	4.62e-32	3.67e-21	1.88e-17	1.71e-14	8.18e-11	3.08e-08	3.19e-06	9.90e-05	1.39e-03	7.80e-03	2.11e-02	5.85e-02	4.24e-01	3.82e-01	1.05e-01
 8.72895e+22	6.39e-32	4.73e-21	2.34e-17	2.05e-14	9.81e-11	3.67e-08	3.75e-06	1.14e-04	1.57e-03	8.61e-03	2.26e-02	6.09e-02	4.30e-01	3.76e-01	1.00e-01
 8.77278e+22	9.69e-32	6.59e-21	3.11e-17	2.57e-14	1.24e-10	4.60e-08	4.63e-06	1.37e-04	1.84e-03	9.78e-03	2.48e-02	6.40e-02	4.36e-01	3.68e-01	9.49e-02
 8.81679e+22	1.34e-31	8.51e-21	3.86e-17	3.06e-14	1.49e-10	5.48e-08	5.44e-06	1.58e-04	2.08e-03	1.08e-02	2.65e-02	6.65e-02	4.41e-01	3.62e-01	9.07e-02
 8.86104e+22	2.03e-31	1.18e-20	5.11e-17	3.82e-14	1.88e-10	6.87e-08	6.73e-06	1.91e-04	2.44e-03	1.22e-02	2.90e-02	6.98e-02	4.47e-01	3.53e-01	8.54e-02
 8.90567e+22	2.80e-31	1.53e-20	6.34e-17	4.54e-14	2.26e-10	8.19e-08	7.92e-06	2.20e-04	2.76e-03	1.35e-02	3.11e-02	7.25e-02	4.52e-01	3.47e-01	8.14e-02
 8.94426e+22	3.81e-31	1.95e-20	7.78e-17	5.35e-14	2.69e-10	9.70e-08	9.27e-06	2.53e-04	3.10e-03	1.48e-02	3.32e-02	7.51e-02	4.56e-01	3.40e-01	7.77e-02
 8.98793e+22	5.71e-31	2.68e-20	1.02e-16	6.59e-14	3.37e-10	1.21e-07	1.14e-05	3.03e-04	3.62e-03	1.68e-02	3.61e-02	7.86e-02	4.61e-01	3.31e-01	7.29e-02
 9.03135e+22	7.62e-31	3.37e-20	1.23e-16	7.68e-14	3.96e-10	1.42e-07	1.32e-05	3.45e-04	4.03e-03	1.83e-02	3.84e-02	8.12e-02	4.64e-01	3.24e-01	6.96e-02
 9.07444e+22	1.11e-30	4.53e-20	1.58e-16	9.33e-14	4.89e-10	1.74e-07	1.60e-05	4.08e-04	4.65e-03	2.04e-02	4.15e-02	8.46e-02	4.68e-01	3.16e-01	6.54e-02
 9.11882e+22	1.51e-30	5.77e-20	1.93e-16	1.09e-13	5.81e-10	2.06e-07	1.87e-05	4.69e-04	5.23e-03	2.24e-02	4.42e-02	8.74e-02	4.70e-01	3.08e-01	6.20e-02
 9.16486e+22	2.24e-30	7.85e-20	2.49e-16	1.33e-13	7.23e-10	2.55e-07	2.29e-05	5.59e-04	6.06e-03	2.52e-02	4.79e-02	9.11e-02	4.73e-01	2.98e-01	5.79e-02
 9.21151e+22	3.00e-30	9.91e-20	3.03e-16	1.55e-13	8.54e-10	3.00e-07	2.66e-05	6.38e-04	6.77e-03	2.74e-02	5.08e-02	9.38e-02	4.75e-01	2.91e-01	5.49e-02
 9.25892e+22	4.40e-30	1.33e-19	3.87e-16	1.88e-13	1.05e-09	3.69e-07	3.23e-05	7.56e-04	7.80e-03	3.06e-02	5.48e-02	9.74e-02	4.76e-01	2.81e-01	5.11e-02
 9.30789e+22	6.00e-30	1.70e-19	4.74e-16	2.20e-13	1.25e-09	4.37e-07	3.78e-05	8.68e-04	8.75e-03	3.35e-02	5.82e-02	1.00e-01	4.77e-01	2.73e-01	4.82e-02
 9.35855e+22	8.84e-30	2.30e-19	6.08e-16	2.66e-13	1.55e-09	5.40e-07	4.60e-05	1.03e-03	1.01e-02	3.74e-02	6.27e-02	1.04e-01	4.77e-01	2.63e-01	4.46e-02
 9.40889e+22	1.18e-29	2.88e-19	7.34e-16	3.08e-13	1.82e-09	6.32e-07	5.33e-05	1.17e-03	1.12e-02	4.06e-02	6.63e-02	1.07e-01	4.77e-01	2.55e-01	4.21e-02
 9.45911e+22	1.71e-29	3.84e-19	9.30e-16	3.70e-13	2.23e-09	7.71e-07	6.43e-05	1.38e-03	1.28e-02	4.50e-02	7.10e-02	1.10e-01	4.76e-01	2.45e-01	3.89e-02
 9.51047e+22	2.28e-29	4.79e-19	1.12e-15	4.27e-13	2.61e-09	9.00e-07	7.42e-05	1.56e-03	1.42e-02	4.87e-02	7.48e-02	1.13e-01	4.74e-01	2.37e-01	3.66e-02
 9.56330e+22	3.31e-29	6.37e-19	1.42e-15	5.12e-13	3.19e-09	1.09e-06	8.91e-05	1.83e-03	1.62e-02	5.37e-02	7.98e-02	1.16e-01	4.72e-01	2.27e-01	3.37e-02
 9.61493e+22	4.32e-29	7.81e-19	1.68e-15	5.84e-13	3.68e-09	1.26e-06	1.01e-04	2.05e-03	1.77e-02	5.76e-02	8.35e-02	1.18e-01	4.69e-01	2.20e-01	3.18e-02
 9.66500e+22	6.07e-29	1.01e-18	2.08e-15	6.88e-13	4.42e-09	1.51e-06	1.20e-04	2.38e-03	2.00e-02	6.30e-02	8.84e-02	1.21e-01	4.65e-01	2.10e-01	2.94e-02
 9.71586e+22	7.89e-29	1.24e-18	2.46e-15	7.84e-13	5.08e-09	1.73e-06	1.36e-04	2.65e-03	2.18e-02	6.73e-02	9.22e-02	1.23e-01	4.62e-01	2.03e-01	2.76e-02
 9.76773e+22	1.10e-28	1.60e-18	3.05e-15	9.23e-13	6.07e-09	2.05e-06	1.60e-04	3.05e-03	2.44e-02	7.32e-02	9.72e-02	1.26e-01	4.57e-01	1.94e-01	2.55e-02
 9.82099e+22	1.45e-28	1.97e-18	3.62e-15	1.05e-12	7.00e-09	2.36e-06	1.82e-04	3.41e-03	2.67e-02	7.82e-02	1.01e-01	1.28e-01	4.52e-01	1.86e-01	2.38e-02
 9.87603e+22	2.05e-28	2.55e-18	4.49e-15	1.25e-12	8.37e-09	2.81e-06	2.14e-04	3.93e-03	2.98e-02	8.49e-02	1.07e-01	1.30e-01	4.46e-01	1.77e-01	2.18e-02
 9.93006e+22	2.66e-28	3.09e-18	5.27e-15	1.41e-12	9.53e-09	3.19e-06	2.41e-04	4.35e-03	3.23e-02	9.01e-02	1.10e-01	1.32e-01	4.40e-01	1.70e-01	2.04e-02
 9.98278e+22	3.68e-28	3.95e-18	6.45e-15	1.65e-12	1.12e-08	3.75e-06	2.80e-04	4.95e-03	3.58e-02	9.71e-02	1.15e-01	1.33e-01	4.33e-01	1.62e-01	1.87e-02
 1.00360e+23	4.73e-28	4.76e-18	7.54e-15	1.86e-12	1.27e-08	4.23e-06	3.12e-04	5.45e-03	3.86e-02	1.02e-01	1.19e-01	1.35e-01	4.27e-01	1.55e-01	1.75e-02
 1.00899e+23	6.54e-28	6.06e-18	9.22e-15	2.17e-12	1.50e-08	4.95e-06	3.61e-04	6.18e-03	4.26e-02	1.10e-01	1.24e-01	1.36e-01	4.18e-01	1.47e-01	1.60e-02
 1.01449e+23	8.46e-28	7.32e-18	1.08e-14	2.45e-12	1.70e-08	5.59e-06	4.04e-04	6.80e-03	4.59e-02	1.16e-01	1.28e-01	1.37e-01	4.11e-01	1.41e-01	1.49e-02
 1.02013e+23	1.18e-27	9.35e-18	1.32e-14	2.87e-12	1.99e-08	6.53e-06	4.67e-04	7.70e-03	5.05e-02	1.24e-01	1.33e-01	1.38e-01	4.01e-01	1.32e-01	1.36e-02
 1.02587e+23	1.53e-27	1.13e-17	1.56e-14	3.26e-12	2.26e-08	7.36e-06	5.21e-04	8.46e-03	5.42e-02	1.30e-01	1.36e-01	1.38e-01	3.93e-01	1.26e-01	1.26e-02
 1.03175e+23	2.15e-27	1.45e-17	1.91e-14	3.82e-12	2.65e-08	8.59e-06	6.01e-04	9.56e-03	5.95e-02	1.39e-01	1.41e-01	1.39e-01	3.82e-01	1.18e-01	1.14e-02
 1.03774e+23	2.03e-28	1.76e-17	2.25e-14	4.35e-12	3.00e-08	9.68e-06	6.70e-04	1.05e-02	6.38e-02	1.46e-01	1.44e-01	1.39e-01	3.73e-01	1.12e-01	1.05e-02
 1.04299e+23	2.54e-28	2.12e-17	2.64e-14	4.92e-12	3.38e-08	1.09e-05	7.44e-04	1.15e-02	6.83e-02	1.53e-01	1.47e-01	1.38e-01	3.64e-01	1.07e-01	9.74e-03
 1.04893e+23	3.41e-28	2.70e-17	3.22e-14	5.75e-12	3.93e-08	1.25e-05	8.49e-04	1.28e-02	7.43e-02	1.62e-01	1.51e-01	1.38e-01	3.53e-01	9.97e-02	8.78e-03
 1.05488e+23	4.23e-28	3.23e-17	3.76e-14	6.50e-12	4.41e-08	1.40e-05	9.35e-04	1.39e-02	7.88e-02	1.68e-01	1.54e-01	1.38e-01	3.44e-01	9.48e-02	8.14e-03
 1.06084e+23	5.65e-28	4.09e-17	4.58e-14	7.57e-12	5.10e-08	1.61e-05	1.06e-03	1.55e-02	8.54e-02	1.77e-01	1.57e-01	1.37e-01	3.31e-01	8.82e-02	7.31e-03
 1.06689e+23	7.01e-28	4.90e-17	5.35e-14	8.58e-12	5.72e-08	1.79e-05	1.17e-03	1.68e-02	9.05e-02	1.84e-01	1.60e-01	1.36e-01	3.22e-01	8.36e-02	6.75e-03
 1.07306e+23	9.33e-28	6.20e-17	6.52e-14	1.00e-11	6.60e-08	2.05e-05	1.32e-03	1.87e-02	9.76e-02	1.92e-01	1.62e-01	1.34e-01	3.10e-01	7.75e-02	6.05e-03
 1.07942e+23	1.18e-27	7.52e-17	7.69e-14	1.14e-11	7.44e-08	2.29e-05	1.46e-03	2.03e-02	1.04e-01	2.00e-01	1.64e-01	1.33e-01	2.99e-01	7.28e-02	5.53e-03
 1.08604e+23	1.58e-27	9.58e-17	9.46e-14	1.35e-11	8.63e-08	2.63e-05	1.66e-03	2.25e-02	1.11e-01	2.09e-01	1.67e-01	1.31e-01	2.86e-01	6.72e-02	4.93e-03
 1.09290e+23	2.04e-27	1.18e-16	1.13e-13	1.55e-11	9.78e-08	2.96e-05	1.84e-03	2.45e-02	1.18e-01	2.16e-01	1.68e-01	1.29e-01	2.75e-01	6.26e-02	4.45e-03
 1.10006e+23	2.78e-27	1.52e-16	1.40e-13	1.85e-11	1.14e-07	3.41e-05	2.08e-03	2.72e-02	1.27e-01	2.25e-01	1.70e-01	1.26e-01	2.61e-01	5.73e-02	3.93e-03
 1.10743e+23	3.62e-27	1.88e-16	1.69e-13	2.14e-11	1.30e-07	3.84e-05	2.32e-03	2.96e-02	1.35e-01	2.33e-01	1.71e-01	1.24e-01	2.49e-01	5.30e-02	3.52e-03
 1.11509e+23	5.00e-27	2.45e-16	2.12e-13	2.57e-11	1.52e-07	4.45e-05	2.63e-03	3.29e-02	1.45e-01	2.42e-01	1.71e-01	1.21e-01	2.35e-01	4.81e-02	3.07e-03
 1.12303e+23	6.60e-27	3.08e-16	2.58e-13	3.01e-11	1.74e-07	5.03e-05	2.93e-03	3.59e-02	1.53e-01	2.49e-01	1.71e-01	1.18e-01	2.23e-01	4.41e-02	2.72e-03
 1.13023e+23	8.64e-27	3.83e-16	3.11e-13	3.50e-11	1.98e-07	5.66e-05	3.25e-03	3.89e-02	1.62e-01	2.56e-01	1.71e-01	1.15e-01	2.12e-01	4.05e-02	2.42e-03
 1.13848e+23	1.21e-26	5.05e-16	3.95e-13	4.24e-11	2.34e-07	6.56e-05	3.69e-03	4.31e-02	1.73e-01	2.64e-01	1.70e-01	1.11e-01	1.97e-01	3.62e-02	2.08e-03
 1.14690e+23	1.61e-26	6.34e-16	4.81e-13	4.97e-11	2.67e-07	7.39e-05	4.10e-03	4.68e-02	1.82e-01	2.70e-01	1.69e-01	1.07e-01	1.86e-01	3.29e-02	1.83e-03
 1.15442e+23	2.11e-26	7.89e-16	5.83e-13	5.80e-11	3.04e-07	8.30e-05	4.52e-03	5.06e-02	1.91e-01	2.76e-01	1.68e-01	1.04e-01	1.75e-01	3.00e-02	1.61e-03
 1.16305e+23	3.02e-26	1.05e-15	7.45e-13	7.04e-11	3.57e-07	9.60e-05	5.13e-03	5.59e-02	2.03e-01	2.83e-01	1.65e-01	9.87e-02	1.61e-01	2.64e-02	1.35e-03
 1.17176e+23	3.95e-26	1.31e-15	9.02e-13	8.23e-11	4.06e-07	1.08e-04	5.65e-03	6.02e-02	2.12e-01	2.87e-01	1.63e-01	9.51e-02	1.51e-01	2.40e-02	1.19e-03
 1.18055e+23	5.67e-26	1.75e-15	1.15e-12	9.98e-11	4.74e-07	1.24e-04	6.38e-03	6.63e-02	2.25e-01	2.92e-01	1.60e-01	9.01e-02	1.38e-01	2.09e-02	9.90e-04
 1.18945e+23	7.48e-26	2.19e-15	1.40e-12	1.16e-10	5.37e-07	1.38e-04	7.01e-03	7.13e-02	2.34e-01	2.96e-01	1.57e-01	8.62e-02	1.28e-01	1.88e-02	8.59e-04
 1.19850e+23	1.07e-25	2.94e-15	1.79e-12	1.41e-10	6.27e-07	1.59e-04	7.91e-03	7.83e-02	2.47e-01	3.00e-01	1.53e-01	8.12e-02	1.16e-01	1.62e-02	7.09e-04
 1.20714e+23	1.37e-25	3.58e-15	2.13e-12	1.62e-10	7.00e-07	1.75e-04	8.57e-03	8.32e-02	2.55e-01	3.02e-01	1.50e-01	7.78e-02	1.09e-01	1.47e-02	6.22e-04
 1.21526e+23	1.90e-25	4.66e-15	2.65e-12	1.92e-10	7.97e-07	1.97e-04	9.50e-03	9.02e-02	2.66e-01	3.03e-01	1.45e-01	7.33e-02	9.89e-02	1.28e-02	5.18e-04
 1.22340e+23	2.42e-25	5.68e-15	3.13e-12	2.19e-10	8.85e-07	2.16e-04	1.03e-02	9.57e-02	2.74e-01	3.04e-01	1.41e-01	6.99e-02	9.21e-02	1.15e-02	4.52e-04
 1.23158e+23	3.32e-25	7.37e-15	3.89e-12	2.59e-10	1.01e-06	2.43e-04	1.13e-02	1.03e-01	2.85e-01	3.05e-01	1.37e-01	6.56e-02	8.34e-02	9.99e-03	3.76e-04
 1.23993e+23	4.31e-25	9.11e-15	4.65e-12	2.97e-10	1.12e-06	2.66e-04	1.23e-02	1.10e-01	2.93e-01	3.04e-01	1.32e-01	6.22e-02	7.68e-02	8.88e-03	3.22e-04
 1.24849e+23	6.01e-25	1.20e-14	5.82e-12	3.53e-10	1.27e-06	2.99e-04	1.36e-02	1.18e-01	3.03e-01	3.03e-01	1.27e-01	5.78e-02	6.88e-02	7.58e-03	2.62e-04
 1.25711e+23	7.76e-25	1.48e-14	6.95e-12	4.04e-10	1.40e-06	3.27e-04	1.46e-02	1.25e-01	3.11e-01	3.02e-01	1.22e-01	5.46e-02	6.31e-02	6.70e-03	2.24e-04
 1.26580e+23	1.08e-24	1.96e-14	8.73e-12	4.80e-10	1.59e-06	3.66e-04	1.61e-02	1.35e-01	3.21e-01	2.99e-01	1.16e-01	5.04e-02	5.60e-02	5.67e-03	1.80e-04
 1.27461e+23	1.41e-24	2.44e-14	1.05e-11	5.51e-10	1.76e-06	4.00e-04	1.74e-02	1.43e-01	3.28e-01	2.96e-01	1.12e-01	4.73e-02	5.10e-02	4.97e-03	1.52e-04
 1.28359e+23	1.98e-24	3.26e-14	1.32e-11	6.58e-10	2.00e-06	4.48e-04	1.92e-02	1.54e-01	3.37e-01	2.92e-01	1.05e-01	4.34e-02	4.49e-02	4.15e-03	1.21e-04
 1.29275e+23	2.61e-24	4.12e-14	1.60e-11	7.60e-10	2.21e-06	4.91e-04	2.07e-02	1.63e-01	3.44e-01	2.87e-01	1.00e-01	4.04e-02	4.04e-02	3.59e-03	1.00e-04
 1.30216e+23	3.71e-24	5.59e-14	2.05e-11	9.16e-10	2.52e-06	5.50e-04	2.28e-02	1.75e-01	3.52e-01	2.81e-01	9.37e-02	3.67e-02	3.50e-02	2.95e-03	7.80e-05
 1.31176e+23	4.96e-24	7.18e-14	2.50e-11	1.07e-09	2.80e-06	6.04e-04	2.47e-02	1.86e-01	3.58e-01	2.75e-01	8.84e-02	3.39e-02	3.12e-02	2.51e-03	6.35e-05
 1.32130e+23	7.00e-24	9.76e-14	3.20e-11	1.28e-09	3.19e-06	6.75e-04	2.71e-02	1.99e-01	3.64e-01	2.67e-01	8.20e-02	3.06e-02	2.69e-02	2.05e-03	4.91e-05
 1.33040e+23	9.08e-24	1.22e-13	3.84e-11	1.48e-09	3.51e-06	7.34e-04	2.90e-02	2.10e-01	3.68e-01	2.61e-01	7.74e-02	2.84e-02	2.41e-02	1.76e-03	4.06e-05
 1.33927e+23	1.26e-23	1.65e-13	4.88e-11	1.77e-09	3.97e-06	8.16e-04	3.17e-02	2.24e-01	3.73e-01	2.52e-01	7.15e-02	2.56e-02	2.08e-02	1.44e-03	3.14e-05
 1.34825e+23	1.66e-23	2.10e-13	5.91e-11	2.05e-09	4.40e-06	8.89e-04	3.40e-02	2.35e-01	3.75e-01	2.44e-01	6.70e-02	2.36e-02	1.84e-02	1.22e-03	2.56e-05
 1.35701e+23	2.27e-23	2.81e-13	7.45e-11	2.45e-09	4.98e-06	9.86e-04	3.69e-02	2.50e-01	3.78e-01	2.35e-01	6.16e-02	2.13e-02	1.59e-02	1.00e-03	1.99e-05
 1.36595e+23	3.00e-23	3.63e-13	9.14e-11	2.88e-09	5.56e-06	1.08e-03	3.96e-02	2.62e-01	3.79e-01	2.26e-01	5.72e-02	1.94e-02	1.40e-02	8.40e-04	1.60e-05
 1.37466e+23	4.03e-23	4.82e-13	1.15e-10	3.44e-09	6.29e-06	1.19e-03	4.29e-02	2.77e-01	3.80e-01	2.16e-01	5.25e-02	1.75e-02	1.20e-02	6.89e-04	1.25e-05
 1.38355e+23	5.37e-23	6.31e-13	1.43e-10	4.09e-09	7.10e-06	1.31e-03	4.61e-02	2.91e-01	3.79e-01	2.07e-01	4.82e-02	1.59e-02	1.04e-02	5.70e-04	9.85e-06
 1.39237e+23	7.24e-23	8.37e-13	1.79e-10	4.90e-09	8.07e-06	1.45e-03	4.98e-02	3.06e-01	3.78e-01	1.97e-01	4.41e-02	1.43e-02	8.99e-03	4.67e-04	7.68e-06
 1.40122e+23	9.74e-23	1.11e-12	2.24e-10	5.87e-09	9.17e-06	1.60e-03	5.36e-02	3.21e-01	3.76e-01	1.87e-01	4.02e-02	1.28e-02	7.74e-03	3.83e-04	6.01e-06
 1.40998e+23	1.32e-22	1.46e-12	2.81e-10	7.05e-09	1.05e-05	1.77e-03	5.76e-02	3.36e-01	3.72e-01	1.77e-01	3.66e-02	1.15e-02	6.65e-03	3.14e-04	4.69e-06
 1.41872e+23	1.78e-22	1.93e-12	3.52e-10	8.48e-09	1.19e-05	1.96e-03	6.19e-02	3.52e-01	3.68e-01	1.67e-01	3.32e-02	1.03e-02	5.70e-03	2.56e-04	3.65e-06
 1.42748e+23	2.44e-22	2.55e-12	4.42e-10	1.02e-08	1.37e-05	2.17e-03	6.65e-02	3.67e-01	3.63e-01	1.57e-01	3.00e-02	9.22e-03	4.88e-03	2.09e-04	2.84e-06
 1.43628e+23	3.35e-22	3.37e-12	5.56e-10	1.24e-08	1.57e-05	2.41e-03	7.14e-02	3.82e-01	3.57e-01	1.47e-01	2.70e-02	8.22e-03	4.16e-03	1.70e-04	2.20e-06
 1.44513e+23	4.66e-22	4.47e-12	7.01e-10	1.51e-08	1.81e-05	2.67e-03	7.66e-02	3.97e-01	3.50e-01	1.38e-01	2.43e-02	7.31e-03	3.54e-03	1.37e-04	1.70e-06
 1.45406e+23	6.56e-22	5.92e-12	8.85e-10	1.83e-08	2.09e-05	2.97e-03	8.22e-02	4.12e-01	3.43e-01	1.29e-01	2.18e-02	6.48e-03	3.00e-03	1.11e-04	1.30e-06
 1.46310e+23	9.39e-22	7.85e-12	1.12e-09	2.24e-08	2.42e-05	3.30e-03	8.81e-02	4.27e-01	3.35e-01	1.20e-01	1.95e-02	5.73e-03	2.53e-03	8.92e-05	9.99e-07
 1.47219e+23	1.36e-21	1.04e-11	1.41e-09	2.73e-08	2.80e-05	3.66e-03	9.42e-02	4.41e-01	3.26e-01	1.11e-01	1.74e-02	5.06e-03	2.14e-03	7.17e-05	7.66e-07
 1.48142e+23	2.03e-21	1.38e-11	1.79e-09	3.35e-08	3.26e-05	4.07e-03	1.01e-01	4.55e-01	3.16e-01	1.02e-01	1.54e-02	4.44e-03	1.79e-03	5.71e-05	5.81e-07
 1.49077e+23	3.08e-21	1.82e-11	2.27e-09	4.10e-08	3.78e-05	4.52e-03	1.08e-01	4.68e-01	3.06e-01	9.45e-02	1.36e-02	3.90e-03	1.50e-03	4.57e-05	4.42e-07
 1.50030e+23	4.87e-21	2.42e-11	2.89e-09	5.06e-08	4.41e-05	5.04e-03	1.15e-01	4.81e-01	2.95e-01	8.67e-02	1.20e-02	3.40e-03	1.25e-03	3.60e-05	3.32e-07
 1.50916e+23	7.53e-21	3.04e-11	3.52e-09	6.01e-08	5.01e-05	5.50e-03	1.21e-01	4.91e-01	2.86e-01	8.07e-02	1.08e-02	3.03e-03	1.07e-03	2.97e-05	2.63e-07
 1.51828e+23	8.44e-20	4.07e-11	4.52e-09	7.48e-08	5.88e-05	6.14e-03	1.30e-01	5.03e-01	2.74e-01	7.35e-02	9.44e-03	2.62e-03	8.81e-04	2.32e-05	1.94e-07
 1.52755e+23	4.68e-19	5.12e-11	5.50e-09	8.89e-08	6.69e-05	6.70e-03	1.37e-01	5.12e-01	2.65e-01	6.81e-02	8.47e-03	2.33e-03	7.53e-04	1.90e-05	1.53e-07
 1.53707e+23	6.74e-19	6.89e-11	7.11e-09	1.12e-07	7.90e-05	7.51e-03	1.46e-01	5.23e-01	2.52e-01	6.15e-02	7.32e-03	1.99e-03	6.12e-04	1.46e-05	0.00e+00
 1.54664e+23	8.89e-19	8.59e-11	8.61e-09	1.32e-07	8.94e-05	8.16e-03	1.53e-01	5.30e-01	2.43e-01	5.70e-02	6.57e-03	1.77e-03	5.24e-04	1.20e-05	0.00e+00
 1.55627e+23	1.27e-18	1.14e-10	1.11e-08	1.65e-07	1.05e-04	9.11e-03	1.63e-01	5.38e-01	2.30e-01	5.14e-02	5.68e-03	1.51e-03	4.25e-04	9.22e-06	0.00e+00
 1.56596e+23	1.66e-18	1.42e-10	1.34e-08	1.95e-07	1.19e-04	9.89e-03	1.71e-01	5.44e-01	2.21e-01	4.74e-02	5.08e-03	1.34e-03	3.63e-04	7.54e-06	0.00e+00
 1.57572e+23	2.35e-18	1.88e-10	1.71e-08	2.43e-07	1.40e-04	1.10e-02	1.81e-01	5.50e-01	2.09e-01	4.26e-02	4.38e-03	1.14e-03	2.94e-04	5.79e-06	0.00e+00
 1.58557e+23	3.07e-18	2.32e-10	2.07e-08	2.88e-07	1.58e-04	1.19e-02	1.89e-01	5.54e-01	2.00e-01	3.93e-02	3.91e-03	1.00e-03	2.50e-04	4.72e-06	0.00e+00
 1.59553e+23	4.30e-18	3.05e-10	2.63e-08	3.58e-07	1.86e-04	1.32e-02	2.00e-01	5.59e-01	1.88e-01	3.52e-02	3.36e-03	8.53e-04	2.02e-04	3.62e-06	0.00e+00
 1.60561e+23	5.61e-18	3.76e-10	3.18e-08	4.24e-07	2.10e-04	1.44e-02	2.09e-01	5.61e-01	1.79e-01	3.23e-02	2.99e-03	7.50e-04	1.71e-04	2.94e-06	0.00e+00
 1.61586e+23	7.86e-18	4.92e-10	4.05e-08	5.27e-07	2.46e-04	1.59e-02	2.20e-01	5.63e-01	1.68e-01	2.89e-02	2.57e-03	6.34e-04	1.38e-04	2.24e-06	0.00e+00
 1.62628e+23	1.03e-17	6.07e-10	4.89e-08	6.25e-07	2.79e-04	1.72e-02	2.29e-01	5.64e-01	1.60e-01	2.65e-02	2.28e-03	5.55e-04	1.16e-04	1.81e-06	0.00e+00
 1.63693e+23	1.44e-17	7.95e-10	6.24e-08	7.80e-07	3.27e-04	1.91e-02	2.42e-01	5.64e-01	1.49e-01	2.35e-02	1.94e-03	4.66e-04	9.30e-05	1.37e-06	0.00e+00
 1.64780e+23	1.88e-17	9.82e-10	7.56e-08	9.28e-07	3.71e-04	2.07e-02	2.51e-01	5.63e-01	1.41e-01	2.15e-02	1.71e-03	4.06e-04	7.80e-05	1.09e-06	0.00e+00
 1.65896e+23	2.65e-17	1.29e-09	9.69e-08	1.16e-06	4.37e-04	2.30e-02	2.64e-01	5.61e-01	1.31e-01	1.90e-02	1.45e-03	3.39e-04	6.18e-05	8.18e-07	0.00e+00
 1.67040e+23	3.51e-17	1.60e-09	1.18e-07	1.39e-06	4.97e-04	2.49e-02	2.74e-01	5.59e-01	1.23e-01	1.72e-02	1.27e-03	2.93e-04	5.14e-05	6.49e-07	0.00e+00
 1.68221e+23	4.98e-17	2.11e-09	1.52e-07	1.76e-06	5.88e-04	2.77e-02	2.88e-01	5.54e-01	1.13e-01	1.51e-02	1.07e-03	2.42e-04	4.02e-05	4.78e-07	0.00e+00
 1.69333e+23	6.30e-17	2.52e-09	1.80e-07	2.04e-06	6.55e-04	2.96e-02	2.97e-01	5.51e-01	1.07e-01	1.39e-02	9.59e-04	2.13e-04	3.44e-05	3.93e-07	0.00e+00
 1.70356e+23	8.47e-17	3.18e-09	2.23e-07	2.49e-06	7.54e-04	3.23e-02	3.08e-01	5.45e-01	9.98e-02	1.24e-02	8.27e-04	1.81e-04	2.79e-05	3.03e-07	0.00e+00
 1.71370e+23	1.06e-16	3.77e-09	2.61e-07	2.87e-06	8.36e-04	3.44e-02	3.17e-01	5.41e-01	9.47e-02	1.15e-02	7.41e-04	1.60e-04	2.39e-05	2.50e-07	0.00e+00
 1.72371e+23	1.41e-16	4.71e-09	3.22e-07	3.48e-06	9.59e-04	3.74e-02	3.29e-01	5.34e-01	8.79e-02	1.03e-02	6.40e-04	1.36e-04	1.95e-05	1.93e-07	0.00e+00
 1.73379e+23	1.76e-16	5.58e-09	3.76e-07	4.01e-06	1.06e-03	3.98e-02	3.37e-01	5.28e-01	8.32e-02	9.45e-03	5.74e-04	1.21e-04	1.67e-05	1.60e-07	0.00e+00
 1.74395e+23	2.34e-16	6.93e-09	4.62e-07	4.85e-06	1.21e-03	4.32e-02	3.49e-01	5.21e-01	7.72e-02	8.46e-03	4.96e-04	1.03e-04	1.36e-05	1.24e-07	0.00e+00
 1.75430e+23	2.95e-16	8.23e-09	5.42e-07	5.61e-06	1.35e-03	4.60e-02	3.57e-01	5.14e-01	7.28e-02	7.77e-03	4.43e-04	9.04e-05	1.16e-05	0.00e+00	0.00e+00
 1.76489e+23	3.94e-16	1.03e-08	6.68e-07	6.81e-06	1.54e-03	4.99e-02	3.69e-01	5.05e-01	6.72e-02	6.92e-03	3.80e-04	7.64e-05	9.39e-06	0.00e+00	0.00e+00
 1.77562e+23	5.00e-16	1.22e-08	7.86e-07	7.88e-06	1.71e-03	5.31e-02	3.78e-01	4.97e-01	6.32e-02	6.34e-03	3.39e-04	6.71e-05	7.98e-06	0.00e+00	0.00e+00
 1.78654e+23	6.71e-16	1.52e-08	9.70e-07	9.58e-06	1.96e-03	5.76e-02	3.89e-01	4.87e-01	5.82e-02	5.64e-03	2.90e-04	5.65e-05	6.43e-06	0.00e+00	0.00e+00
 1.79770e+23	8.58e-16	1.82e-08	1.14e-06	1.11e-05	2.18e-03	6.14e-02	3.98e-01	4.78e-01	5.45e-02	5.15e-03	2.57e-04	4.94e-05	5.43e-06	0.00e+00	0.00e+00
 1.80916e+23	1.16e-15	2.28e-08	1.42e-06	1.36e-05	2.52e-03	6.67e-02	4.10e-01	4.67e-01	4.98e-02	4.54e-03	2.18e-04	4.12e-05	4.33e-06	0.00e+00	0.00e+00
 1.82086e+23	1.49e-15	2.74e-08	1.69e-06	1.59e-05	2.80e-03	7.10e-02	4.18e-01	4.57e-01	4.65e-02	4.13e-03	1.93e-04	3.58e-05	3.63e-06	0.00e+00	0.00e+00
 1.83286e+23	2.02e-15	3.45e-08	2.11e-06	1.96e-05	3.24e-03	7.72e-02	4.30e-01	4.44e-01	4.22e-02	3.63e-03	1.63e-04	2.97e-05	2.87e-06	0.00e+00	0.00e+00
 1.84513e+23	2.58e-15	4.16e-08	2.51e-06	2.30e-05	3.62e-03	8.23e-02	4.38e-01	4.33e-01	3.92e-02	3.28e-03	1.42e-04	2.56e-05	2.39e-06	0.00e+00	0.00e+00
 1.85774e+23	3.47e-15	5.27e-08	3.15e-06	2.83e-05	4.18e-03	8.94e-02	4.49e-01	4.19e-01	3.54e-02	2.87e-03	1.19e-04	2.11e-05	1.87e-06	0.00e+00	0.00e+00
 1.87051e+23	4.39e-15	6.36e-08	3.76e-06	3.32e-05	4.67e-03	9.51e-02	4.57e-01	4.08e-01	3.28e-02	2.59e-03	1.04e-04	1.81e-05	1.55e-06	0.00e+00	0.00e+00
 1.88349e+23	5.84e-15	8.07e-08	4.73e-06	4.11e-05	5.41e-03	1.03e-01	4.67e-01	3.92e-01	2.94e-02	2.25e-03	8.69e-05	1.48e-05	1.21e-06	0.00e+00	0.00e+00
 1.89660e+23	7.38e-15	9.75e-08	5.65e-06	4.83e-05	6.04e-03	1.10e-01	4.74e-01	3.81e-01	2.71e-02	2.03e-03	7.57e-05	1.27e-05	9.96e-07	0.00e+00	0.00e+00
 1.90991e+23	9.86e-15	1.24e-07	7.11e-06	5.98e-05	6.99e-03	1.19e-01	4.83e-01	3.65e-01	2.43e-02	1.76e-03	6.28e-05	1.04e-05	7.71e-07	0.00e+00	0.00e+00
 1.92293e+23	7.21e-15	1.48e-07	8.40e-06	6.93e-05	7.73e-03	1.26e-01	4.89e-01	3.54e-01	2.24e-02	1.59e-03	5.51e-05	8.99e-06	6.44e-07	0.00e+00	0.00e+00
 1.93557e+23	5.56e-15	1.84e-07	1.04e-05	8.46e-05	8.85e-03	1.35e-01	4.96e-01	3.39e-01	2.01e-02	1.39e-03	4.61e-05	7.40e-06	5.05e-07	0.00e+00	0.00e+00
 1.94868e+23	7.34e-15	2.23e-07	1.24e-05	9.89e-05	9.84e-03	1.43e-01	5.01e-01	3.27e-01	1.85e-02	1.25e-03	4.00e-05	6.34e-06	4.16e-07	0.00e+00	0.00e+00
 1.95985e+23	9.32e-15	2.61e-07	1.45e-05	1.14e-04	1.08e-02	1.50e-01	5.04e-01	3.16e-01	1.71e-02	1.13e-03	3.52e-05	5.51e-06	3.49e-07	0.00e+00	0.00e+00
 1.97183e+23	1.26e-14	3.20e-07	1.76e-05	1.36e-04	1.22e-02	1.60e-01	5.09e-01	3.02e-01	1.54e-02	9.98e-04	2.98e-05	4.60e-06	2.78e-07	0.00e+00	0.00e+00
 1.98391e+23	1.63e-14	3.78e-07	2.05e-05	1.57e-04	1.34e-02	1.68e-01	5.12e-01	2.91e-01	1.42e-02	9.03e-04	2.62e-05	3.99e-06	2.33e-07	0.00e+00	0.00e+00
 1.99610e+23	2.20e-14	4.62e-07	2.49e-05	1.87e-04	1.51e-02	1.78e-01	5.15e-01	2.78e-01	1.28e-02	7.97e-04	2.22e-05	3.34e-06	1.86e-07	0.00e+00	0.00e+00
 2.00867e+23	2.92e-14	5.49e-07	2.94e-05	2.18e-04	1.67e-02	1.88e-01	5.17e-01	2.66e-01	1.16e-02	7.12e-04	1.91e-05	2.84e-06	1.52e-07	0.00e+00	0.00e+00
 2.01980e+23	3.75e-14	6.47e-07	3.43e-05	2.51e-04	1.83e-02	1.97e-01	5.18e-01	2.56e-01	1.07e-02	6.43e-04	1.67e-05	2.46e-06	1.27e-07	0.00e+00	0.00e+00
 2.03236e+23	5.24e-14	7.92e-07	4.16e-05	2.98e-04	2.05e-02	2.08e-01	5.18e-01	2.43e-01	9.57e-03	5.65e-04	1.41e-05	2.05e-06	0.00e+00	0.00e+00	0.00e+00
 2.04559e+23	7.25e-14	9.52e-07	4.95e-05	3.50e-04	2.27e-02	2.19e-01	5.18e-01	2.31e-01	8.64e-03	5.01e-04	1.21e-05	1.73e-06	0.00e+00	0.00e+00	0.00e+00
 2.05763e+23	9.63e-14	1.13e-06	5.82e-05	4.05e-04	2.50e-02	2.29e-01	5.17e-01	2.20e-01	7.84e-03	4.48e-04	1.04e-05	1.48e-06	0.00e+00	0.00e+00	0.00e+00
 2.07122e+23	1.39e-13	1.40e-06	7.12e-05	4.86e-04	2.81e-02	2.42e-01	5.15e-01	2.07e-01	6.94e-03	3.89e-04	8.64e-06	1.21e-06	0.00e+00	0.00e+00	0.00e+00
 2.08522e+23	2.02e-13	1.68e-06	8.50e-05	5.71e-04	3.12e-02	2.54e-01	5.12e-01	1.96e-01	6.22e-03	3.42e-04	7.31e-06	1.01e-06	0.00e+00	0.00e+00	0.00e+00
 2.09766e+23	2.79e-13	2.00e-06	1.00e-04	6.62e-04	3.42e-02	2.65e-01	5.09e-01	1.86e-01	5.61e-03	3.04e-04	6.26e-06	8.60e-07	0.00e+00	0.00e+00	0.00e+00
 2.11173e+23	3.92e-13	2.48e-06	1.23e-04	7.96e-04	3.85e-02	2.78e-01	5.04e-01	1.73e-01	4.92e-03	2.62e-04	5.15e-06	6.98e-07	0.00e+00	0.00e+00	0.00e+00
 2.12633e+23	5.35e-13	3.00e-06	1.47e-04	9.37e-04	4.26e-02	2.91e-01	4.98e-01	1.62e-01	4.36e-03	2.29e-04	4.31e-06	5.79e-07	0.00e+00	0.00e+00	0.00e+00
 2.13944e+23	6.85e-13	3.59e-06	1.74e-04	1.09e-03	4.68e-02	3.03e-01	4.92e-01	1.53e-01	3.90e-03	2.01e-04	3.65e-06	4.86e-07	0.00e+00	0.00e+00	0.00e+00
 2.15430e+23	9.36e-13	4.50e-06	2.15e-04	1.32e-03	5.27e-02	3.18e-01	4.84e-01	1.41e-01	3.37e-03	1.71e-04	2.94e-06	3.87e-07	0.00e+00	0.00e+00	0.00e+00
 2.16964e+23	1.22e-12	5.45e-06	2.57e-04	1.55e-03	5.83e-02	3.31e-01	4.75e-01	1.31e-01	2.96e-03	1.48e-04	2.45e-06	3.19e-07	0.00e+00	0.00e+00	0.00e+00
 2.18563e+23	1.70e-12	6.91e-06	3.21e-04	1.90e-03	6.58e-02	3.46e-01	4.64e-01	1.19e-01	2.52e-03	1.24e-04	1.94e-06	2.50e-07	0.00e+00	0.00e+00	0.00e+00
 2.20178e+23	2.23e-12	8.39e-06	3.85e-04	2.23e-03	7.26e-02	3.59e-01	4.53e-01	1.10e-01	2.20e-03	1.07e-04	1.59e-06	2.04e-07	0.00e+00	0.00e+00	0.00e+00
 2.21596e+23	2.95e-12	1.01e-05	4.58e-04	2.60e-03	7.95e-02	3.71e-01	4.43e-01	1.02e-01	1.94e-03	9.27e-05	1.32e-06	1.68e-07	0.00e+00	0.00e+00	0.00e+00
 2.23220e+23	4.19e-12	1.28e-05	5.71e-04	3.20e-03	8.97e-02	3.86e-01	4.27e-01	9.17e-02	1.62e-03	7.62e-05	1.03e-06	1.29e-07	0.00e+00	0.00e+00	0.00e+00
 2.24862e+23	5.61e-12	1.55e-05	6.80e-04	3.74e-03	9.83e-02	3.97e-01	4.14e-01	8.42e-02	1.41e-03	6.54e-05	8.42e-07	0.00e+00	0.00e+00	0.00e+00	0.00e+00
 2.26527e+23	8.32e-12	1.97e-05	8.48e-04	4.55e-03	1.10e-01	4.10e-01	3.98e-01	7.53e-02	1.18e-03	5.37e-05	6.53e-07	0.00e+00	0.00e+00	0.00e+00	0.00e+00
 2.28223e+23	1.17e-11	2.39e-05	1.01e-03	5.35e-03	1.21e-01	4.21e-01	3.83e-01	6.83e-02	1.01e-03	4.55e-05	5.27e-07	0.00e+00	0.00e+00	0.00e+00	0.00e+00
 2.29958e+23	1.85e-11	3.06e-05	1.27e-03	6.55e-03	1.35e-01	4.33e-01	3.64e-01	6.02e-02	8.27e-04	3.67e-05	4.00e-07	0.00e+00	0.00e+00	0.00e+00	0.00e+00
 2.31708e+23	2.74e-11	3.71e-05	1.52e-03	7.67e-03	1.47e-01	4.41e-01	3.48e-01	5.43e-02	7.05e-04	3.09e-05	3.21e-07	0.00e+00	0.00e+00	0.00e+00	0.00e+00
 2.33477e+23	4.70e-11	4.76e-05	1.90e-03	9.38e-03	1.64e-01	4.50e-01	3.27e-01	4.73e-02	5.72e-04	2.46e-05	2.40e-07	0.00e+00	0.00e+00	0.00e+00	0.00e+00
 2.35266e+23	7.45e-11	5.79e-05	2.26e-03	1.10e-02	1.78e-01	4.55e-01	3.10e-01	4.23e-02	4.83e-04	2.06e-05	1.91e-07	0.00e+00	0.00e+00	0.00e+00	0.00e+00
 2.37081e+23	1.37e-10	7.44e-05	2.83e-03	1.34e-02	1.97e-01	4.61e-01	2.89e-01	3.64e-02	3.87e-04	1.62e-05	1.41e-07	0.00e+00	0.00e+00	0.00e+00	0.00e+00
 2.38920e+23	2.20e-10	9.08e-05	3.38e-03	1.56e-02	2.13e-01	4.64e-01	2.71e-01	3.22e-02	3.24e-04	1.33e-05	1.10e-07	0.00e+00	0.00e+00	0.00e+00	0.00e+00
 2.40520e+23	3.36e-10	1.10e-04	3.99e-03	1.81e-02	2.29e-01	4.65e-01	2.55e-01	2.85e-02	2.71e-04	1.11e-05	0.00e+00	0.00e+00	0.00e+00	0.00e+00	0.00e+00
 2.42325e+23	5.46e-10	1.40e-04	4.94e-03	2.18e-02	2.51e-01	4.64e-01	2.34e-01	2.42e-02	2.15e-04	8.61e-06	0.00e+00	0.00e+00	0.00e+00	0.00e+00	0.00e+00
 2.44047e+23	7.50e-10	1.66e-04	5.72e-03	2.46e-02	2.66e-01	4.62e-01	2.20e-01	2.16e-02	1.83e-04	7.24e-06	0.00e+00	0.00e+00	0.00e+00	0.00e+00	0.00e+00
 2.45660e+23	1.07e-09	2.06e-04	6.87e-03	2.89e-02	2.87e-01	4.57e-01	2.02e-01	1.85e-02	1.48e-04	5.74e-06	0.00e+00	0.00e+00	0.00e+00	0.00e+00	0.00e+00
 2.47274e+23	1.40e-09	2.44e-04	7.92e-03	3.26e-02	3.02e-01	4.52e-01	1.88e-01	1.63e-02	1.25e-04	4.80e-06	0.00e+00	0.00e+00	0.00e+00	0.00e+00	0.00e+00
 2.48889e+23	1.91e-09	3.00e-04	9.45e-03	3.78e-02	3.22e-01	4.45e-01	1.72e-01	1.40e-02	1.01e-04	3.82e-06	0.00e+00	0.00e+00	0.00e+00	0.00e+00	0.00e+00
 2.50563e+23	2.47e-09	3.60e-04	1.10e-02	4.31e-02	3.40e-01	4.36e-01	1.58e-01	1.21e-02	8.31e-05	3.09e-06	0.00e+00	0.00e+00	0.00e+00	0.00e+00	0.00e+00
 2.52062e+23	3.13e-09	4.27e-04	1.27e-02	4.84e-02	3.56e-01	4.27e-01	1.45e-01	1.05e-02	6.94e-05	2.54e-06	0.00e+00	0.00e+00	0.00e+00	0.00e+00	0.00e+00
 2.53763e+23	4.19e-09	5.32e-04	1.51e-02	5.60e-02	3.76e-01	4.14e-01	1.30e-01	8.78e-03	5.47e-05	1.96e-06	0.00e+00	0.00e+00	0.00e+00	0.00e+00	0.00e+00
 2.55494e+23	5.28e-09	6.36e-04	1.75e-02	6.31e-02	3.93e-01	4.01e-01	1.18e-01	7.51e-03	4.46e-05	1.57e-06	0.00e+00	0.00e+00	0.00e+00	0.00e+00	0.00e+00
 2.57033e+23	6.61e-09	7.57e-04	2.01e-02	7.04e-02	4.08e-01	3.88e-01	1.07e-01	6.44e-03	3.67e-05	1.27e-06	0.00e+00	0.00e+00	0.00e+00	0.00e+00	0.00e+00
 2.58525e+23	8.11e-09	8.91e-04	2.29e-02	7.80e-02	4.21e-01	3.74e-01	9.70e-02	5.55e-03	3.03e-05	1.03e-06	0.00e+00	0.00e+00	0.00e+00	0.00e+00	0.00e+00
 2.59902e+23	9.75e-09	1.03e-03	2.57e-02	8.55e-02	4.33e-01	3.61e-01	8.84e-02	4.82e-03	2.53e-05	8.51e-07	0.00e+00	0.00e+00	0.00e+00	0.00e+00	0.00e+00
 2.61408e+23	1.22e-08	1.24e-03	2.96e-02	9.54e-02	4.46e-01	3.45e-01	7.87e-02	4.04e-03	2.04e-05	6.70e-07	0.00e+00	0.00e+00	0.00e+00	0.00e+00	0.00e+00
 2.62937e+23	1.47e-08	1.45e-03	3.33e-02	1.04e-01	4.56e-01	3.30e-01	7.09e-02	3.46e-03	1.68e-05	5.42e-07	0.00e+00	0.00e+00	0.00e+00	0.00e+00	0.00e+00
 2.64271e+23	1.76e-08	1.67e-03	3.71e-02	1.13e-01	4.65e-01	3.16e-01	6.42e-02	2.99e-03	1.40e-05	4.45e-07	0.00e+00	0.00e+00	0.00e+00	0.00e+00	0.00e+00
 2.65780e+23	2.19e-08	1.99e-03	4.25e-02	1.25e-01	4.74e-01	2.98e-01	5.63e-02	2.47e-03	1.11e-05	3.45e-07	0.00e+00	0.00e+00	0.00e+00	0.00e+00	0.00e+00
 2.67320e+23	2.62e-08	2.31e-03	4.75e-02	1.36e-01	4.80e-01	2.82e-01	5.02e-02	2.09e-03	9.08e-06	2.77e-07	0.00e+00	0.00e+00	0.00e+00	0.00e+00	0.00e+00
 2.68684e+23	3.13e-08	2.67e-03	5.27e-02	1.46e-01	4.85e-01	2.67e-01	4.48e-02	1.78e-03	7.45e-06	2.23e-07	0.00e+00	0.00e+00	0.00e+00	0.00e+00	0.00e+00
 2.70242e+23	3.89e-08	3.19e-03	6.01e-02	1.60e-01	4.89e-01	2.47e-01	3.86e-02	1.44e-03	5.81e-06	1.69e-07	0.00e+00	0.00e+00	0.00e+00	0.00e+00	0.00e+00
 2.71824e+23	4.66e-08	3.70e-03	6.67e-02	1.72e-01	4.91e-01	2.31e-01	3.40e-02	1.21e-03	4.69e-06	1.34e-07	0.00e+00	0.00e+00	0.00e+00	0.00e+00	0.00e+00
 2.73221e+23	5.54e-08	4.26e-03	7.37e-02	1.84e-01	4.91e-01	2.16e-01	2.99e-02	1.01e-03	3.80e-06	0.00e+00	0.00e+00	0.00e+00	0.00e+00	0.00e+00	0.00e+00
 2.74821e+23	6.88e-08	5.07e-03	8.34e-02	2.00e-01	4.88e-01	1.97e-01	2.53e-02	8.04e-04	2.91e-06	0.00e+00	0.00e+00	0.00e+00	0.00e+00	0.00e+00	0.00e+00
 2.76442e+23	8.23e-08	5.86e-03	9.20e-02	2.12e-01	4.85e-01	1.82e-01	2.19e-02	6.62e-04	2.31e-06	0.00e+00	0.00e+00	0.00e+00	0.00e+00	0.00e+00	0.00e+00
 2.77870e+23	9.77e-08	6.73e-03	1.01e-01	2.25e-01	4.80e-01	1.68e-01	1.89e-02	5.45e-04	1.85e-06	0.00e+00	0.00e+00	0.00e+00	0.00e+00	0.00e+00	0.00e+00
 2.79507e+23	1.21e-07	7.98e-03	1.13e-01	2.41e-01	4.71e-01	1.51e-01	1.57e-02	4.26e-04	1.39e-06	0.00e+00	0.00e+00	0.00e+00	0.00e+00	0.00e+00	0.00e+00
 2.81173e+23	1.45e-07	9.20e-03	1.24e-01	2.54e-01	4.62e-01	1.37e-01	1.34e-02	3.44e-04	1.09e-06	0.00e+00	0.00e+00	0.00e+00	0.00e+00	0.00e+00	0.00e+00
 2.82657e+23	1.72e-07	1.05e-02	1.35e-01	2.66e-01	4.52e-01	1.24e-01	1.14e-02	2.78e-04	8.51e-07	0.00e+00	0.00e+00	0.00e+00	0.00e+00	0.00e+00	0.00e+00
 2.84363e+23	2.13e-07	1.25e-02	1.51e-01	2.82e-01	4.36e-01	1.09e-01	9.20e-03	2.12e-04	6.23e-07	0.00e+00	0.00e+00	0.00e+00	0.00e+00	0.00e+00	0.00e+00
 2.86102e+23	2.55e-07	1.43e-02	1.64e-01	2.94e-01	4.23e-01	9.78e-02	7.67e-03	1.67e-04	4.77e-07	0.00e+00	0.00e+00	0.00e+00	0.00e+00	0.00e+00	0.00e+00
 2.87883e+23	3.17e-07	1.70e-02	1.81e-01	3.08e-01	4.03e-01	8.44e-02	6.07e-03	1.24e-04	3.41e-07	0.00e+00	0.00e+00	0.00e+00	0.00e+00	0.00e+00	0.00e+00
 2.89694e+23	3.80e-07	1.95e-02	1.96e-01	3.18e-01	3.86e-01	7.43e-02	4.97e-03	9.64e-05	2.56e-07	0.00e+00	0.00e+00	0.00e+00	0.00e+00	0.00e+00	0.00e+00
 2.91290e+23	4.51e-07	2.22e-02	2.11e-01	3.28e-01	3.69e-01	6.55e-02	4.08e-03	7.52e-05	1.94e-07	0.00e+00	0.00e+00	0.00e+00	0.00e+00	0.00e+00	0.00e+00
 2.93111e+23	5.57e-07	2.61e-02	2.31e-01	3.38e-01	3.47e-01	5.54e-02	3.16e-03	5.47e-05	1.36e-07	0.00e+00	0.00e+00	0.00e+00	0.00e+00	0.00e+00	0.00e+00
 2.94984e+23	6.69e-07	2.99e-02	2.47e-01	3.45e-01	3.27e-01	4.78e-02	2.52e-03	4.14e-05	0.00e+00	0.00e+00	0.00e+00	0.00e+00	0.00e+00	0.00e+00	0.00e+00
 2.96407e+23	7.57e-07	3.28e-02	2.59e-01	3.49e-01	3.14e-01	4.31e-02	2.16e-03	3.41e-05	0.00e+00	0.00e+00	0.00e+00	0.00e+00	0.00e+00	0.00e+00	0.00e+00
 2.97738e+23	8.79e-07	3.66e-02	2.74e-01	3.53e-01	2.97e-01	3.77e-02	1.77e-03	2.68e-05	0.00e+00	0.00e+00	0.00e+00	0.00e+00	0.00e+00	0.00e+00	0.00e+00
 2.99114e+23	9.97e-07	4.01e-02	2.86e-01	3.56e-01	2.83e-01	3.37e-02	1.49e-03	2.18e-05	0.00e+00	0.00e+00	0.00e+00	0.00e+00	0.00e+00	0.00e+00	0.00e+00
 3.00546e+23	1.17e-06	4.50e-02	3.02e-01	3.58e-01	2.65e-01	2.90e-02	1.20e-03	1.67e-05	0.00e+00	0.00e+00	0.00e+00	0.00e+00	0.00e+00	0.00e+00	0.00e+00
 3.01984e+23	1.32e-06	4.93e-02	3.14e-01	3.59e-01	2.50e-01	2.57e-02	1.00e-03	1.34e-05	0.00e+00	0.00e+00	0.00e+00	0.00e+00	0.00e+00	0.00e+00	0.00e+00
 3.03240e+23	1.50e-06	5.38e-02	3.27e-01	3.59e-01	2.37e-01	2.27e-02	8.40e-04	1.09e-05	0.00e+00	0.00e+00	0.00e+00	0.00e+00	0.00e+00	0.00e+00	0.00e+00
 3.04681e+23	1.74e-06	6.00e-02	3.42e-01	3.58e-01	2.20e-01	1.94e-02	6.69e-04	8.27e-06	0.00e+00	0.00e+00	0.00e+00	0.00e+00	0.00e+00	0.00e+00	0.00e+00
 3.06147e+23	1.99e-06	6.58e-02	3.54e-01	3.56e-01	2.06e-01	1.69e-02	5.50e-04	6.54e-06	0.00e+00	0.00e+00	0.00e+00	0.00e+00	0.00e+00	0.00e+00	0.00e+00
 3.07420e+23	2.24e-06	7.16e-02	3.66e-01	3.53e-01	1.94e-01	1.49e-02	4.58e-04	5.25e-06	0.00e+00	0.00e+00	0.00e+00	0.00e+00	0.00e+00	0.00e+00	0.00e+00
 3.08304e+23	2.38e-06	7.48e-02	3.71e-01	3.51e-01	1.88e-01	1.40e-02	4.20e-04	4.74e-06	0.00e+00	0.00e+00	0.00e+00	0.00e+00	0.00e+00	0.00e+00	0.00e+00
