#depth	He	He+	He+2
 1.54284e+22	2.23e-08	8.04e-04	9.99e-01
 3.45914e+22	2.38e-08	1.27e-03	9.99e-01
 4.01757e+22	2.80e-08	1.57e-03	9.98e-01
 4.29501e+22	3.15e-08	1.74e-03	9.98e-01
 4.42411e+22	3.33e-08	1.81e-03	9.98e-01
 4.50831e+22	3.57e-08	1.91e-03	9.98e-01
 4.59747e+22	3.82e-08	2.00e-03	9.98e-01
 4.69306e+22	4.18e-08	2.11e-03	9.98e-01
 4.78867e+22	4.49e-08	2.21e-03	9.98e-01
 4.88432e+22	4.94e-08	2.33e-03	9.98e-01
 4.98130e+22	5.34e-08	2.44e-03	9.98e-01
 5.08003e+22	5.92e-08	2.58e-03	9.97e-01
 5.18037e+22	6.43e-08	2.70e-03	9.97e-01
 5.28281e+22	7.18e-08	2.86e-03	9.97e-01
 5.38739e+22	7.84e-08	2.99e-03	9.97e-01
 5.49476e+22	8.81e-08	3.18e-03	9.97e-01
 5.60495e+22	9.67e-08	3.33e-03	9.97e-01
 5.71880e+22	1.09e-07	3.55e-03	9.96e-01
 5.82582e+22	1.19e-07	3.69e-03	9.96e-01
 5.92395e+22	1.32e-07	3.89e-03	9.96e-01
 6.02139e+22	1.42e-07	4.05e-03	9.96e-01
 6.11793e+22	1.58e-07	4.27e-03	9.96e-01
 6.21505e+22	1.71e-07	4.43e-03	9.96e-01
 6.31292e+22	1.90e-07	4.67e-03	9.95e-01
 6.41252e+22	2.06e-07	4.86e-03	9.95e-01
 6.51435e+22	2.29e-07	5.12e-03	9.95e-01
 6.61766e+22	2.49e-07	5.33e-03	9.95e-01
 6.72289e+22	2.78e-07	5.63e-03	9.94e-01
 6.82991e+22	3.02e-07	5.87e-03	9.94e-01
 6.93926e+22	3.38e-07	6.21e-03	9.94e-01
 7.05118e+22	3.69e-07	6.49e-03	9.94e-01
 7.16644e+22	4.15e-07	6.87e-03	9.93e-01
 7.28473e+22	4.56e-07	7.19e-03	9.93e-01
 7.40695e+22	5.15e-07	7.64e-03	9.92e-01
 7.53031e+22	5.65e-07	8.00e-03	9.92e-01
 7.65515e+22	6.39e-07	8.50e-03	9.91e-01
 7.78137e+22	7.02e-07	8.91e-03	9.91e-01
 7.90938e+22	7.96e-07	9.48e-03	9.91e-01
 8.03437e+22	8.68e-07	9.89e-03	9.90e-01
 8.15544e+22	9.78e-07	1.05e-02	9.90e-01
 8.28058e+22	1.07e-06	1.10e-02	9.89e-01
 8.38744e+22	1.17e-06	1.15e-02	9.89e-01
 8.50275e+22	1.30e-06	1.21e-02	9.88e-01
 8.61992e+22	1.42e-06	1.26e-02	9.87e-01
 8.72304e+22	1.55e-06	1.32e-02	9.87e-01
 8.84066e+22	1.72e-06	1.39e-02	9.86e-01
 8.96320e+22	1.89e-06	1.45e-02	9.85e-01
 9.07304e+22	2.07e-06	1.52e-02	9.85e-01
 9.19676e+22	2.30e-06	1.60e-02	9.84e-01
 9.32614e+22	2.55e-06	1.68e-02	9.83e-01
 9.44287e+22	2.80e-06	1.76e-02	9.82e-01
 9.57460e+22	3.14e-06	1.87e-02	9.81e-01
 9.71071e+22	3.48e-06	1.96e-02	9.80e-01
 9.83208e+22	3.83e-06	2.06e-02	9.79e-01
 9.96940e+22	4.32e-06	2.18e-02	9.78e-01
 1.01120e+23	4.81e-06	2.30e-02	9.77e-01
 1.02400e+23	5.32e-06	2.42e-02	9.76e-01
 1.03852e+23	6.05e-06	2.58e-02	9.74e-01
 1.05352e+23	6.75e-06	2.72e-02	9.73e-01
 1.06708e+23	7.50e-06	2.87e-02	9.71e-01
 1.08261e+23	8.61e-06	3.07e-02	9.69e-01
 1.09829e+23	9.63e-06	3.24e-02	9.68e-01
 1.11414e+23	1.10e-05	3.46e-02	9.65e-01
 1.13035e+23	1.24e-05	3.67e-02	9.63e-01
 1.14460e+23	1.38e-05	3.87e-02	9.61e-01
 1.16069e+23	1.59e-05	4.14e-02	9.59e-01
 1.17719e+23	1.79e-05	4.39e-02	9.56e-01
 1.19423e+23	2.07e-05	4.71e-02	9.53e-01
 1.21153e+23	2.34e-05	5.00e-02	9.50e-01
 1.22686e+23	2.63e-05	5.29e-02	9.47e-01
 1.24445e+23	3.06e-05	5.69e-02	9.43e-01
 1.26229e+23	3.45e-05	6.04e-02	9.40e-01
 1.27784e+23	3.88e-05	6.39e-02	9.36e-01
 1.29275e+23	4.33e-05	6.73e-02	9.33e-01
 1.30698e+23	4.81e-05	7.08e-02	9.29e-01
 1.32303e+23	5.50e-05	7.55e-02	9.24e-01
 1.33901e+23	6.12e-05	7.95e-02	9.20e-01
 1.35492e+23	6.98e-05	8.46e-02	9.15e-01
 1.37114e+23	7.78e-05	8.91e-02	9.11e-01
 1.38774e+23	8.91e-05	9.51e-02	9.05e-01
 1.40449e+23	9.94e-05	1.00e-01	9.00e-01
 1.42141e+23	1.14e-04	1.07e-01	8.93e-01
 1.43854e+23	1.27e-04	1.13e-01	8.87e-01
 1.45227e+23	1.40e-04	1.18e-01	8.82e-01
 1.46646e+23	1.56e-04	1.24e-01	8.76e-01
 1.48099e+23	1.71e-04	1.29e-01	8.71e-01
 1.49392e+23	1.87e-04	1.35e-01	8.65e-01
 1.50872e+23	2.09e-04	1.42e-01	8.58e-01
 1.52369e+23	2.30e-04	1.48e-01	8.51e-01
 1.53682e+23	2.52e-04	1.55e-01	8.45e-01
 1.55183e+23	2.82e-04	1.63e-01	8.37e-01
 1.56709e+23	3.09e-04	1.70e-01	8.30e-01
 1.58063e+23	3.39e-04	1.77e-01	8.23e-01
 1.59617e+23	3.80e-04	1.86e-01	8.13e-01
 1.60919e+23	4.04e-04	1.92e-01	8.08e-01
 1.61893e+23	4.33e-04	1.98e-01	8.02e-01
 1.63159e+23	4.75e-04	2.06e-01	7.94e-01
 1.64806e+23	5.38e-04	2.18e-01	7.82e-01
 1.66427e+23	5.86e-04	2.26e-01	7.73e-01
 1.68017e+23	6.56e-04	2.37e-01	7.62e-01
 1.69656e+23	7.22e-04	2.47e-01	7.52e-01
 1.71361e+23	8.12e-04	2.60e-01	7.39e-01
 1.73098e+23	8.96e-04	2.71e-01	7.28e-01
 1.74876e+23	1.01e-03	2.85e-01	7.14e-01
 1.76684e+23	1.12e-03	2.98e-01	7.01e-01
 1.78289e+23	1.23e-03	3.10e-01	6.89e-01
 1.80134e+23	1.39e-03	3.25e-01	6.73e-01
 1.81754e+23	1.50e-03	3.36e-01	6.63e-01
 1.83080e+23	1.62e-03	3.47e-01	6.51e-01
 1.84465e+23	1.75e-03	3.58e-01	6.41e-01
 1.85731e+23	1.87e-03	3.68e-01	6.30e-01
 1.87180e+23	2.05e-03	3.81e-01	6.17e-01
 1.88654e+23	2.21e-03	3.92e-01	6.05e-01
 1.90162e+23	2.42e-03	4.07e-01	5.91e-01
 1.91681e+23	2.62e-03	4.19e-01	5.78e-01
 1.93215e+23	2.87e-03	4.34e-01	5.63e-01
 1.94774e+23	3.10e-03	4.47e-01	5.50e-01
 1.96367e+23	3.40e-03	4.63e-01	5.33e-01
 1.97990e+23	3.68e-03	4.77e-01	5.19e-01
 1.99652e+23	4.06e-03	4.95e-01	5.01e-01
 2.01334e+23	4.40e-03	5.10e-01	4.86e-01
 2.03041e+23	4.85e-03	5.28e-01	4.67e-01
 2.04791e+23	5.27e-03	5.44e-01	4.50e-01
 2.06594e+23	5.85e-03	5.64e-01	4.30e-01
 2.08394e+23	6.35e-03	5.81e-01	4.13e-01
 2.10191e+23	7.03e-03	6.01e-01	3.92e-01
 2.11997e+23	7.64e-03	6.18e-01	3.74e-01
 2.13814e+23	8.48e-03	6.39e-01	3.52e-01
 2.15640e+23	9.21e-03	6.57e-01	3.34e-01
 2.17476e+23	1.03e-02	6.78e-01	3.11e-01
 2.19308e+23	1.11e-02	6.96e-01	2.93e-01
 2.21135e+23	1.24e-02	7.17e-01	2.71e-01
 2.22965e+23	1.35e-02	7.34e-01	2.52e-01
 2.24799e+23	1.51e-02	7.54e-01	2.30e-01
 2.26635e+23	1.65e-02	7.71e-01	2.12e-01
 2.28473e+23	1.84e-02	7.90e-01	1.92e-01
 2.30327e+23	2.02e-02	8.05e-01	1.74e-01
 2.32202e+23	2.28e-02	8.22e-01	1.55e-01
 2.34091e+23	2.51e-02	8.36e-01	1.39e-01
 2.35996e+23	2.83e-02	8.50e-01	1.22e-01
 2.37910e+23	3.15e-02	8.61e-01	1.08e-01
 2.39344e+23	3.40e-02	8.68e-01	9.79e-02
 2.40715e+23	3.73e-02	8.75e-01	8.82e-02
 2.42191e+23	4.09e-02	8.80e-01	7.93e-02
 2.43563e+23	4.48e-02	8.84e-01	7.15e-02
 2.44904e+23	4.93e-02	8.86e-01	6.46e-02
 2.46208e+23	5.43e-02	8.87e-01	5.84e-02
 2.47428e+23	5.98e-02	8.87e-01	5.33e-02
 2.48544e+23	6.56e-02	8.85e-01	4.91e-02
 2.49577e+23	7.22e-02	8.82e-01	4.54e-02
 2.50534e+23	7.92e-02	8.78e-01	4.24e-02
 2.51401e+23	8.68e-02	8.73e-01	3.99e-02
 2.52177e+23	9.47e-02	8.67e-01	3.79e-02
 2.52866e+23	1.03e-01	8.61e-01	3.63e-02
 2.53484e+23	1.12e-01	8.53e-01	3.50e-02
 2.54046e+23	1.21e-01	8.45e-01	3.40e-02
 2.54576e+23	1.30e-01	8.37e-01	3.32e-02
 2.55072e+23	1.41e-01	8.27e-01	3.25e-02
 2.55522e+23	1.51e-01	8.17e-01	3.21e-02
 2.55932e+23	1.61e-01	8.07e-01	3.19e-02
 2.56299e+23	1.71e-01	7.97e-01	3.17e-02
 2.56615e+23	1.80e-01	7.88e-01	3.18e-02
 2.56856e+23	1.87e-01	7.81e-01	3.19e-02
 2.57036e+23	1.93e-01	7.75e-01	3.19e-02
 2.57220e+23	2.00e-01	7.68e-01	3.19e-02
 2.57431e+23	2.08e-01	7.60e-01	3.19e-02
 2.57664e+23	2.17e-01	7.51e-01	3.20e-02
 2.57900e+23	2.26e-01	7.42e-01	3.21e-02
 2.58122e+23	2.35e-01	7.33e-01	3.23e-02
 2.58291e+23	2.41e-01	7.27e-01	3.25e-02
 2.58407e+23	2.46e-01	7.22e-01	3.25e-02
 2.58523e+23	2.51e-01	7.16e-01	3.25e-02
 2.58660e+23	2.58e-01	7.10e-01	3.25e-02
 2.58811e+23	2.65e-01	7.02e-01	3.25e-02
 2.58956e+23	2.72e-01	6.96e-01	3.26e-02
 2.59099e+23	2.79e-01	6.88e-01	3.25e-02
 2.59248e+23	2.87e-01	6.81e-01	3.24e-02
 2.59398e+23	2.95e-01	6.73e-01	3.24e-02
 2.59552e+23	3.03e-01	6.65e-01	3.23e-02
 2.59712e+23	3.12e-01	6.56e-01	3.22e-02
 2.59876e+23	3.21e-01	6.47e-01	3.21e-02
 2.60044e+23	3.30e-01	6.38e-01	3.19e-02
 2.60214e+23	3.40e-01	6.28e-01	3.18e-02
 2.60388e+23	3.51e-01	6.18e-01	3.16e-02
 2.60570e+23	3.61e-01	6.07e-01	3.13e-02
 2.60758e+23	3.73e-01	5.96e-01	3.10e-02
 2.60949e+23	3.84e-01	5.85e-01	3.07e-02
 2.61147e+23	3.97e-01	5.73e-01	3.03e-02
 2.61352e+23	4.10e-01	5.60e-01	2.99e-02
 2.61560e+23	4.23e-01	5.47e-01	2.95e-02
 2.61773e+23	4.37e-01	5.34e-01	2.90e-02
 2.61997e+23	4.51e-01	5.20e-01	2.84e-02
 2.62230e+23	4.66e-01	5.06e-01	2.78e-02
 2.62468e+23	4.81e-01	4.92e-01	2.72e-02
 2.62714e+23	4.96e-01	4.77e-01	2.65e-02
 2.62971e+23	5.12e-01	4.62e-01	2.58e-02
 2.63239e+23	5.29e-01	4.46e-01	2.50e-02
 2.63512e+23	5.45e-01	4.31e-01	2.42e-02
 2.63791e+23	5.61e-01	4.16e-01	2.34e-02
 2.64075e+23	5.77e-01	4.00e-01	2.25e-02
 2.64374e+23	5.94e-01	3.85e-01	2.16e-02
 2.64684e+23	6.10e-01	3.70e-01	2.07e-02
 2.65001e+23	6.25e-01	3.55e-01	1.98e-02
 2.65326e+23	6.41e-01	3.40e-01	1.88e-02
 2.65666e+23	6.56e-01	3.26e-01	1.79e-02
 2.66024e+23	6.71e-01	3.12e-01	1.70e-02
 2.66397e+23	6.85e-01	2.99e-01	1.60e-02
 2.66785e+23	6.99e-01	2.86e-01	1.51e-02
 2.67195e+23	7.12e-01	2.73e-01	1.42e-02
 2.67629e+23	7.25e-01	2.61e-01	1.33e-02
 2.68083e+23	7.38e-01	2.50e-01	1.24e-02
 2.68548e+23	7.50e-01	2.39e-01	1.15e-02
 2.68999e+23	7.60e-01	2.30e-01	1.07e-02
 2.69430e+23	7.69e-01	2.21e-01	1.01e-02
 2.69853e+23	7.77e-01	2.13e-01	9.44e-03
 2.70266e+23	7.85e-01	2.06e-01	8.87e-03
 2.70670e+23	7.92e-01	2.00e-01	8.35e-03
 2.71055e+23	7.98e-01	1.94e-01	7.88e-03
 2.71412e+23	8.04e-01	1.89e-01	7.47e-03
 2.71759e+23	8.09e-01	1.84e-01	7.08e-03
 2.72106e+23	8.14e-01	1.79e-01	6.72e-03
 2.72443e+23	8.19e-01	1.75e-01	6.39e-03
 2.72768e+23	8.23e-01	1.71e-01	6.08e-03
 2.73081e+23	8.27e-01	1.67e-01	5.79e-03
 2.73384e+23	8.31e-01	1.63e-01	5.53e-03
 2.73677e+23	8.35e-01	1.60e-01	5.28e-03
 2.73961e+23	8.39e-01	1.56e-01	5.05e-03
 2.74234e+23	8.42e-01	1.53e-01	4.83e-03
 2.74497e+23	8.46e-01	1.50e-01	4.63e-03
 2.74751e+23	8.49e-01	1.47e-01	4.44e-03
 2.74997e+23	8.52e-01	1.44e-01	4.26e-03
 2.75230e+23	8.54e-01	1.42e-01	4.10e-03
 2.75458e+23	8.57e-01	1.39e-01	3.94e-03
 2.75680e+23	8.60e-01	1.36e-01	3.79e-03
 2.75882e+23	8.62e-01	1.34e-01	3.66e-03
 2.76066e+23	8.64e-01	1.32e-01	3.54e-03
 2.76233e+23	8.66e-01	1.30e-01	3.43e-03
 2.76385e+23	8.68e-01	1.28e-01	3.33e-03
 2.76524e+23	8.70e-01	1.27e-01	3.24e-03
 2.76650e+23	8.72e-01	1.25e-01	3.16e-03
 2.76765e+23	8.73e-01	1.24e-01	3.09e-03
 2.76869e+23	8.74e-01	1.23e-01	3.04e-03
 2.76983e+23	8.76e-01	1.21e-01	2.96e-03
 2.77132e+23	8.78e-01	1.20e-01	2.87e-03
 2.77293e+23	8.79e-01	1.18e-01	2.81e-03
 2.77439e+23	8.81e-01	1.17e-01	2.73e-03
 2.77572e+23	8.82e-01	1.15e-01	2.66e-03
 2.77692e+23	8.83e-01	1.14e-01	2.60e-03
 2.77803e+23	8.85e-01	1.13e-01	2.54e-03
 2.77903e+23	8.86e-01	1.12e-01	2.48e-03
 2.77994e+23	8.87e-01	1.11e-01	2.45e-03
 2.78094e+23	8.88e-01	1.10e-01	2.40e-03
 2.78224e+23	8.89e-01	1.09e-01	2.34e-03
 2.78364e+23	8.90e-01	1.07e-01	2.30e-03
 2.78491e+23	8.91e-01	1.06e-01	2.25e-03
 2.78631e+23	8.93e-01	1.05e-01	2.19e-03
 2.78782e+23	8.94e-01	1.04e-01	2.14e-03
 2.78919e+23	8.95e-01	1.03e-01	2.09e-03
 2.79044e+23	8.96e-01	1.02e-01	2.05e-03
 2.79181e+23	8.98e-01	1.00e-01	1.99e-03
 2.79329e+23	8.99e-01	9.91e-02	1.94e-03
 2.79464e+23	9.00e-01	9.79e-02	1.90e-03
 2.79586e+23	9.01e-01	9.71e-02	1.86e-03
 2.79720e+23	9.02e-01	9.58e-02	1.81e-03
 2.79865e+23	9.03e-01	9.47e-02	1.77e-03
 2.80024e+23	9.05e-01	9.33e-02	1.72e-03
 2.80195e+23	9.06e-01	9.20e-02	1.67e-03
 2.80351e+23	9.08e-01	9.09e-02	1.62e-03
 2.80493e+23	9.09e-01	8.98e-02	1.58e-03
 2.80622e+23	9.10e-01	8.87e-02	1.55e-03
 2.80740e+23	9.11e-01	8.76e-02	1.51e-03
 2.80847e+23	9.12e-01	8.69e-02	1.48e-03
 2.80964e+23	9.13e-01	8.57e-02	1.44e-03
 2.81116e+23	9.14e-01	8.44e-02	1.40e-03
 2.81281e+23	9.15e-01	8.36e-02	1.37e-03
 2.81430e+23	9.16e-01	8.25e-02	1.33e-03
 2.81566e+23	9.17e-01	8.15e-02	1.30e-03
 2.81690e+23	9.18e-01	8.06e-02	1.27e-03
 2.81826e+23	9.19e-01	7.94e-02	1.23e-03
 2.81973e+23	9.20e-01	7.85e-02	1.21e-03
 2.82106e+23	9.21e-01	7.77e-02	1.18e-03
 2.82252e+23	9.22e-01	7.65e-02	1.15e-03
 2.82410e+23	9.23e-01	7.56e-02	1.12e-03
 2.82554e+23	9.24e-01	7.47e-02	1.09e-03
 2.82684e+23	9.25e-01	7.40e-02	1.07e-03
 2.82828e+23	9.26e-01	7.30e-02	1.04e-03
 2.83014e+23	9.27e-01	7.19e-02	1.01e-03
 2.83215e+23	9.28e-01	7.10e-02	9.84e-04
 2.83398e+23	9.29e-01	7.00e-02	9.55e-04
 2.83564e+23	9.30e-01	6.89e-02	9.27e-04
 2.83715e+23	9.31e-01	6.83e-02	9.09e-04
 2.83881e+23	9.32e-01	6.71e-02	8.77e-04
 2.84061e+23	9.33e-01	6.64e-02	8.58e-04
 2.84224e+23	9.34e-01	6.55e-02	8.36e-04
 2.84372e+23	9.35e-01	6.46e-02	8.14e-04
 2.84507e+23	9.35e-01	6.40e-02	7.99e-04
 2.84655e+23	9.36e-01	6.31e-02	7.76e-04
 2.84815e+23	9.37e-01	6.25e-02	7.60e-04
 2.84960e+23	9.37e-01	6.18e-02	7.44e-04
 2.85119e+23	9.38e-01	6.09e-02	7.22e-04
 2.85291e+23	9.39e-01	6.02e-02	7.06e-04
 2.85480e+23	9.40e-01	5.93e-02	6.84e-04
 2.85683e+23	9.41e-01	5.85e-02	6.67e-04
 2.85868e+23	9.42e-01	5.78e-02	6.50e-04
 2.86071e+23	9.43e-01	5.67e-02	6.26e-04
 2.86290e+23	9.43e-01	5.59e-02	6.08e-04
 2.86489e+23	9.44e-01	5.50e-02	5.89e-04
 2.86671e+23	9.45e-01	5.44e-02	5.75e-04
 2.86869e+23	9.46e-01	5.34e-02	5.55e-04
 2.87084e+23	9.47e-01	5.27e-02	5.40e-04
 2.87279e+23	9.47e-01	5.20e-02	5.26e-04
 2.87493e+23	9.48e-01	5.10e-02	5.07e-04
 2.87724e+23	9.49e-01	5.03e-02	4.92e-04
 2.87934e+23	9.50e-01	4.96e-02	4.78e-04
 2.88164e+23	9.51e-01	4.86e-02	4.60e-04
 2.88413e+23	9.52e-01	4.79e-02	4.47e-04
 2.88639e+23	9.52e-01	4.71e-02	4.32e-04
 2.88845e+23	9.53e-01	4.65e-02	4.20e-04
 2.89071e+23	9.54e-01	4.56e-02	4.04e-04
 2.89314e+23	9.55e-01	4.49e-02	3.92e-04
 2.89536e+23	9.55e-01	4.43e-02	3.81e-04
 2.89779e+23	9.56e-01	4.34e-02	3.67e-04
 2.90041e+23	9.57e-01	4.27e-02	3.55e-04
 2.90279e+23	9.58e-01	4.21e-02	3.45e-04
 2.90541e+23	9.58e-01	4.12e-02	3.31e-04
 2.90823e+23	9.59e-01	4.06e-02	3.20e-04
 2.91080e+23	9.60e-01	3.99e-02	3.09e-04
 2.91314e+23	9.60e-01	3.93e-02	3.00e-04
 2.91570e+23	9.61e-01	3.85e-02	2.88e-04
 2.91846e+23	9.62e-01	3.79e-02	2.79e-04
 2.92098e+23	9.62e-01	3.73e-02	2.70e-04
 2.92374e+23	9.63e-01	3.65e-02	2.60e-04
 2.92671e+23	9.64e-01	3.59e-02	2.50e-04
 2.92942e+23	9.64e-01	3.53e-02	2.42e-04
 2.93239e+23	9.65e-01	3.45e-02	2.32e-04
 2.93560e+23	9.66e-01	3.39e-02	2.23e-04
 2.93851e+23	9.66e-01	3.33e-02	2.16e-04
 2.94171e+23	9.67e-01	3.26e-02	2.06e-04
 2.94516e+23	9.68e-01	3.19e-02	1.98e-04
 2.94830e+23	9.68e-01	3.13e-02	1.91e-04
 2.95174e+23	9.69e-01	3.06e-02	1.82e-04
 2.95545e+23	9.70e-01	2.99e-02	1.75e-04
 2.95883e+23	9.71e-01	2.93e-02	1.67e-04
 2.96190e+23	9.71e-01	2.88e-02	1.61e-04
 2.96527e+23	9.72e-01	2.81e-02	1.54e-04
 2.96891e+23	9.72e-01	2.75e-02	1.48e-04
 2.97222e+23	9.73e-01	2.70e-02	1.42e-04
 2.97585e+23	9.73e-01	2.64e-02	1.36e-04
 2.97977e+23	9.74e-01	2.58e-02	1.30e-04
 2.98333e+23	9.75e-01	2.53e-02	1.25e-04
 2.98724e+23	9.75e-01	2.47e-02	1.19e-04
 2.99145e+23	9.76e-01	2.41e-02	1.13e-04
 2.99529e+23	9.76e-01	2.36e-02	1.08e-04
 2.99878e+23	9.77e-01	2.31e-02	1.04e-04
 3.00261e+23	9.77e-01	2.26e-02	9.95e-05
 3.00674e+23	9.78e-01	2.21e-02	9.51e-05
 3.01050e+23	9.78e-01	2.16e-02	9.12e-05
 3.01462e+23	9.79e-01	2.11e-02	8.67e-05
 3.01906e+23	9.79e-01	2.06e-02	8.26e-05
 3.02311e+23	9.80e-01	2.01e-02	7.90e-05
 3.02754e+23	9.80e-01	1.96e-02	7.49e-05
 3.03316e+23	9.81e-01	1.89e-02	6.98e-05
 3.03910e+23	9.82e-01	1.83e-02	6.56e-05
 3.04503e+23	9.82e-01	1.77e-02	6.13e-05
 3.05121e+23	9.83e-01	1.71e-02	5.73e-05
 3.05737e+23	9.83e-01	1.65e-02	5.35e-05
 3.06360e+23	9.84e-01	1.60e-02	4.99e-05
 3.06989e+23	9.85e-01	1.54e-02	4.66e-05
 3.07622e+23	9.85e-01	1.49e-02	4.35e-05
 3.08254e+23	9.86e-01	1.44e-02	4.06e-05
