#depth	He	He+	He+2
 1.54284e+22	6.64e-10	3.00e-05	1.00e+00
 3.45860e+22	1.91e-09	5.99e-05	1.00e+00
 3.98500e+22	2.63e-09	7.54e-05	1.00e+00
 4.21521e+22	3.03e-09	8.39e-05	1.00e+00
 4.31328e+22	3.15e-09	8.64e-05	1.00e+00
 4.36232e+22	3.30e-09	8.96e-05	1.00e+00
 4.41534e+22	3.45e-09	9.26e-05	1.00e+00
 4.47350e+22	3.63e-09	9.64e-05	1.00e+00
 4.53281e+22	3.79e-09	9.98e-05	1.00e+00
 4.58522e+22	3.95e-09	1.03e-04	1.00e+00
 4.64497e+22	4.16e-09	1.07e-04	1.00e+00
 4.70577e+22	4.33e-09	1.11e-04	1.00e+00
 4.76793e+22	4.56e-09	1.16e-04	1.00e+00
 4.82875e+22	4.73e-09	1.19e-04	1.00e+00
 4.88782e+22	4.96e-09	1.24e-04	1.00e+00
 4.94780e+22	5.15e-09	1.27e-04	1.00e+00
 5.00896e+22	5.40e-09	1.32e-04	1.00e+00
 5.07199e+22	5.61e-09	1.36e-04	1.00e+00
 5.13746e+22	5.89e-09	1.42e-04	1.00e+00
 5.20505e+22	6.13e-09	1.47e-04	1.00e+00
 5.27540e+22	6.45e-09	1.53e-04	1.00e+00
 5.34762e+22	6.73e-09	1.58e-04	1.00e+00
 5.42228e+22	7.09e-09	1.64e-04	1.00e+00
 5.49934e+22	7.41e-09	1.70e-04	1.00e+00
 5.57951e+22	7.83e-09	1.78e-04	1.00e+00
 5.66225e+22	8.20e-09	1.85e-04	1.00e+00
 5.73688e+22	8.58e-09	1.91e-04	1.00e+00
 5.82243e+22	9.08e-09	2.00e-04	1.00e+00
 5.90867e+22	9.50e-09	2.07e-04	1.00e+00
 5.99579e+22	1.01e-08	2.17e-04	1.00e+00
 6.08478e+22	1.05e-08	2.25e-04	1.00e+00
 6.17617e+22	1.12e-08	2.36e-04	1.00e+00
 6.26948e+22	1.17e-08	2.46e-04	1.00e+00
 6.35249e+22	1.22e-08	2.56e-04	1.00e+00
 6.44760e+22	1.30e-08	2.70e-04	1.00e+00
 6.53796e+22	1.35e-08	2.79e-04	1.00e+00
 6.62211e+22	1.42e-08	2.93e-04	1.00e+00
 6.70644e+22	1.47e-08	3.04e-04	1.00e+00
 6.79099e+22	1.54e-08	3.18e-04	1.00e+00
 6.87751e+22	1.60e-08	3.31e-04	1.00e+00
 6.96661e+22	1.68e-08	3.49e-04	1.00e+00
 7.05619e+22	1.74e-08	3.63e-04	1.00e+00
 7.14641e+22	1.81e-08	3.83e-04	1.00e+00
 7.23837e+22	1.87e-08	4.00e-04	1.00e+00
 7.33258e+22	1.95e-08	4.23e-04	1.00e+00
 7.42860e+22	2.00e-08	4.43e-04	1.00e+00
 7.52696e+22	2.07e-08	4.71e-04	1.00e+00
 7.62650e+22	2.13e-08	4.94e-04	1.00e+00
 7.71047e+22	2.17e-08	5.17e-04	9.99e-01
 7.80236e+22	2.22e-08	5.48e-04	9.99e-01
 7.89475e+22	2.25e-08	5.73e-04	9.99e-01
 7.98478e+22	2.28e-08	6.06e-04	9.99e-01
 8.07664e+22	2.31e-08	6.36e-04	9.99e-01
 8.16728e+22	2.33e-08	6.72e-04	9.99e-01
 8.25970e+22	2.35e-08	7.07e-04	9.99e-01
 8.35016e+22	2.36e-08	7.45e-04	9.99e-01
 8.44161e+22	2.37e-08	7.85e-04	9.99e-01
 8.53191e+22	2.38e-08	8.27e-04	9.99e-01
 8.62203e+22	2.38e-08	8.70e-04	9.99e-01
 8.71226e+22	2.39e-08	9.16e-04	9.99e-01
 8.80280e+22	2.41e-08	9.64e-04	9.99e-01
 8.89368e+22	2.42e-08	1.01e-03	9.99e-01
 8.98532e+22	2.45e-08	1.07e-03	9.99e-01
 9.07784e+22	2.48e-08	1.12e-03	9.99e-01
 9.17091e+22	2.53e-08	1.18e-03	9.99e-01
 9.26544e+22	2.59e-08	1.25e-03	9.99e-01
 9.36088e+22	2.67e-08	1.31e-03	9.99e-01
 9.45830e+22	2.77e-08	1.38e-03	9.99e-01
 9.55736e+22	2.89e-08	1.46e-03	9.99e-01
 9.64804e+22	3.01e-08	1.52e-03	9.98e-01
 9.74269e+22	3.18e-08	1.61e-03	9.98e-01
 9.83888e+22	3.35e-08	1.68e-03	9.98e-01
 9.93808e+22	3.60e-08	1.78e-03	9.98e-01
 1.00377e+23	3.81e-08	1.86e-03	9.98e-01
 1.01379e+23	4.14e-08	1.97e-03	9.98e-01
 1.02385e+23	4.42e-08	2.06e-03	9.98e-01
 1.03394e+23	4.82e-08	2.18e-03	9.98e-01
 1.04414e+23	5.18e-08	2.27e-03	9.98e-01
 1.05448e+23	5.70e-08	2.41e-03	9.98e-01
 1.06495e+23	6.16e-08	2.51e-03	9.97e-01
 1.07559e+23	6.82e-08	2.66e-03	9.97e-01
 1.08642e+23	7.40e-08	2.79e-03	9.97e-01
 1.09751e+23	8.25e-08	2.95e-03	9.97e-01
 1.10885e+23	8.99e-08	3.09e-03	9.97e-01
 1.12051e+23	1.01e-07	3.29e-03	9.97e-01
 1.13242e+23	1.11e-07	3.45e-03	9.97e-01
 1.14244e+23	1.20e-07	3.59e-03	9.96e-01
 1.15327e+23	1.33e-07	3.80e-03	9.96e-01
 1.16382e+23	1.44e-07	3.95e-03	9.96e-01
 1.17401e+23	1.59e-07	4.16e-03	9.96e-01
 1.18431e+23	1.72e-07	4.32e-03	9.96e-01
 1.19474e+23	1.90e-07	4.55e-03	9.95e-01
 1.20532e+23	2.06e-07	4.74e-03	9.95e-01
 1.21609e+23	2.28e-07	4.99e-03	9.95e-01
 1.22702e+23	2.47e-07	5.20e-03	9.95e-01
 1.23816e+23	2.75e-07	5.49e-03	9.95e-01
 1.24948e+23	2.99e-07	5.72e-03	9.94e-01
 1.26104e+23	3.33e-07	6.04e-03	9.94e-01
 1.27290e+23	3.63e-07	6.31e-03	9.94e-01
 1.28514e+23	4.08e-07	6.68e-03	9.93e-01
 1.29769e+23	4.46e-07	7.00e-03	9.93e-01
 1.31064e+23	5.03e-07	7.43e-03	9.93e-01
 1.32372e+23	5.51e-07	7.77e-03	9.92e-01
 1.33696e+23	6.23e-07	8.27e-03	9.92e-01
 1.35034e+23	6.82e-07	8.65e-03	9.91e-01
 1.36390e+23	7.72e-07	9.21e-03	9.91e-01
 1.37768e+23	8.48e-07	9.65e-03	9.90e-01
 1.38984e+23	9.34e-07	1.01e-02	9.90e-01
 1.40371e+23	1.05e-06	1.08e-02	9.89e-01
 1.41786e+23	1.17e-06	1.13e-02	9.89e-01
 1.42934e+23	1.27e-06	1.18e-02	9.88e-01
 1.44124e+23	1.40e-06	1.24e-02	9.88e-01
 1.45378e+23	1.53e-06	1.29e-02	9.87e-01
 1.46528e+23	1.67e-06	1.35e-02	9.86e-01
 1.47840e+23	1.86e-06	1.43e-02	9.86e-01
 1.49186e+23	2.05e-06	1.50e-02	9.85e-01
 1.50369e+23	2.24e-06	1.57e-02	9.84e-01
 1.51697e+23	2.50e-06	1.65e-02	9.83e-01
 1.53090e+23	2.76e-06	1.74e-02	9.83e-01
 1.54351e+23	3.03e-06	1.82e-02	9.82e-01
 1.55774e+23	3.40e-06	1.93e-02	9.81e-01
 1.57244e+23	3.77e-06	2.03e-02	9.80e-01
 1.58553e+23	4.15e-06	2.13e-02	9.79e-01
 1.60035e+23	4.68e-06	2.26e-02	9.77e-01
 1.61575e+23	5.22e-06	2.38e-02	9.76e-01
 1.62961e+23	5.77e-06	2.51e-02	9.75e-01
 1.64533e+23	6.56e-06	2.67e-02	9.73e-01
 1.66151e+23	7.33e-06	2.82e-02	9.72e-01
 1.67606e+23	8.15e-06	2.97e-02	9.70e-01
 1.69275e+23	9.35e-06	3.18e-02	9.68e-01
 1.70960e+23	1.05e-05	3.36e-02	9.66e-01
 1.72667e+23	1.20e-05	3.59e-02	9.64e-01
 1.74401e+23	1.34e-05	3.80e-02	9.62e-01
 1.75938e+23	1.50e-05	4.01e-02	9.60e-01
 1.77706e+23	1.74e-05	4.31e-02	9.57e-01
 1.79499e+23	1.95e-05	4.56e-02	9.54e-01
 1.81325e+23	2.26e-05	4.90e-02	9.51e-01
 1.83172e+23	2.54e-05	5.19e-02	9.48e-01
 1.85047e+23	2.96e-05	5.59e-02	9.44e-01
 1.86948e+23	3.33e-05	5.92e-02	9.41e-01
 1.88600e+23	3.74e-05	6.26e-02	9.37e-01
 1.90466e+23	4.35e-05	6.74e-02	9.33e-01
 1.92245e+23	4.81e-05	7.07e-02	9.29e-01
 1.93912e+23	5.49e-05	7.54e-02	9.25e-01
 1.95581e+23	6.08e-05	7.91e-02	9.21e-01
 1.97252e+23	6.90e-05	8.41e-02	9.16e-01
 1.98982e+23	7.74e-05	8.88e-02	9.11e-01
 2.00531e+23	8.58e-05	9.33e-02	9.07e-01
 2.02288e+23	9.80e-05	9.94e-02	9.00e-01
 2.04077e+23	1.10e-04	1.05e-01	8.95e-01
 2.05670e+23	1.22e-04	1.10e-01	8.90e-01
 2.07213e+23	1.35e-04	1.15e-01	8.84e-01
 2.08638e+23	1.47e-04	1.21e-01	8.79e-01
 2.10196e+23	1.65e-04	1.27e-01	8.73e-01
 2.11774e+23	1.81e-04	1.33e-01	8.67e-01
 2.13154e+23	1.98e-04	1.38e-01	8.61e-01
 2.14724e+23	2.22e-04	1.46e-01	8.54e-01
 2.16323e+23	2.44e-04	1.52e-01	8.48e-01
 2.17739e+23	2.67e-04	1.59e-01	8.41e-01
 2.19358e+23	2.98e-04	1.67e-01	8.33e-01
 2.21002e+23	3.27e-04	1.74e-01	8.25e-01
 2.22456e+23	3.59e-04	1.82e-01	8.18e-01
 2.24125e+23	4.02e-04	1.91e-01	8.08e-01
 2.25812e+23	4.42e-04	1.99e-01	8.00e-01
 2.27296e+23	4.84e-04	2.08e-01	7.92e-01
 2.29002e+23	5.43e-04	2.18e-01	7.81e-01
 2.30738e+23	5.96e-04	2.28e-01	7.72e-01
 2.32513e+23	6.70e-04	2.40e-01	7.60e-01
 2.34309e+23	7.38e-04	2.50e-01	7.50e-01
 2.36134e+23	8.30e-04	2.63e-01	7.37e-01
 2.37993e+23	9.16e-04	2.74e-01	7.25e-01
 2.39899e+23	1.03e-03	2.88e-01	7.11e-01
 2.41837e+23	1.14e-03	3.00e-01	6.99e-01
 2.43558e+23	1.26e-03	3.13e-01	6.86e-01
 2.45537e+23	1.42e-03	3.28e-01	6.70e-01
 2.47273e+23	1.53e-03	3.39e-01	6.60e-01
 2.48694e+23	1.66e-03	3.50e-01	6.48e-01
 2.50178e+23	1.79e-03	3.61e-01	6.38e-01
 2.51533e+23	1.92e-03	3.71e-01	6.27e-01
 2.53084e+23	2.10e-03	3.84e-01	6.14e-01
 2.54663e+23	2.26e-03	3.96e-01	6.02e-01
 2.56278e+23	2.48e-03	4.10e-01	5.87e-01
 2.57905e+23	2.68e-03	4.23e-01	5.75e-01
 2.59547e+23	2.94e-03	4.38e-01	5.59e-01
 2.61216e+23	3.18e-03	4.51e-01	5.46e-01
 2.62920e+23	3.49e-03	4.67e-01	5.29e-01
 2.64656e+23	3.78e-03	4.81e-01	5.15e-01
 2.66433e+23	4.16e-03	4.99e-01	4.97e-01
 2.68243e+23	4.52e-03	5.14e-01	4.81e-01
 2.70096e+23	5.01e-03	5.33e-01	4.62e-01
 2.71955e+23	5.44e-03	5.49e-01	4.45e-01
 2.73821e+23	6.02e-03	5.69e-01	4.25e-01
 2.75706e+23	6.53e-03	5.85e-01	4.08e-01
 2.77615e+23	7.23e-03	6.05e-01	3.88e-01
 2.79543e+23	7.88e-03	6.23e-01	3.69e-01
 2.81498e+23	8.76e-03	6.44e-01	3.47e-01
 2.83443e+23	9.53e-03	6.62e-01	3.29e-01
 2.85375e+23	1.06e-02	6.83e-01	3.07e-01
 2.87312e+23	1.15e-02	7.00e-01	2.88e-01
 2.89257e+23	1.29e-02	7.21e-01	2.66e-01
 2.91200e+23	1.40e-02	7.39e-01	2.47e-01
 2.93141e+23	1.57e-02	7.58e-01	2.26e-01
 2.95099e+23	1.71e-02	7.75e-01	2.08e-01
 2.97080e+23	1.93e-02	7.94e-01	1.86e-01
 2.99069e+23	2.11e-02	8.10e-01	1.69e-01
 3.01068e+23	2.37e-02	8.26e-01	1.50e-01
 3.03100e+23	2.63e-02	8.40e-01	1.34e-01
 3.04859e+23	2.90e-02	8.51e-01	1.20e-01
 3.06558e+23	3.19e-02	8.60e-01	1.08e-01
 3.07983e+23	3.44e-02	8.67e-01	9.90e-02
