#depth	S	S+	S+2	S+3	S+4	S+5	S+6	S+7	S+8	S+9	S+10	S+11	S+12	S+13	S+14	S+15	S+16
 1.54284e+22	4.76e-34	1.65e-21	7.98e-18	3.56e-15	7.41e-13	9.68e-11	1.40e-07	1.44e-05	4.57e-04	4.44e-03	2.77e-02	7.38e-02	9.89e-02	1.35e-01	4.49e-01	1.87e-01	2.49e-02
 3.45860e+22	2.44e-31	3.43e-19	8.48e-16	1.72e-13	1.59e-11	9.73e-10	1.67e-06	1.66e-04	4.17e-03	2.66e-02	1.13e-01	2.02e-01	1.66e-01	1.33e-01	2.82e-01	6.87e-02	5.43e-03
 3.98500e+22	1.80e-30	1.98e-18	3.95e-15	6.22e-13	4.43e-11	2.15e-09	3.43e-06	3.32e-04	7.64e-03	4.22e-02	1.56e-01	2.45e-01	1.73e-01	1.17e-01	2.13e-01	4.30e-02	2.83e-03
 4.21521e+22	4.52e-30	4.45e-18	8.03e-15	1.13e-12	7.15e-11	3.12e-09	4.71e-06	4.49e-04	9.91e-03	5.12e-02	1.77e-01	2.62e-01	1.72e-01	1.08e-01	1.83e-01	3.39e-02	2.04e-03
 4.31328e+22	5.80e-30	5.55e-18	9.75e-15	1.33e-12	8.16e-11	3.45e-09	5.13e-06	4.87e-04	1.06e-02	5.39e-02	1.83e-01	2.66e-01	1.72e-01	1.05e-01	1.75e-01	3.16e-02	1.86e-03
 4.36232e+22	7.93e-30	7.29e-18	1.24e-14	1.63e-12	9.62e-11	3.93e-09	5.71e-06	5.38e-04	1.16e-02	5.74e-02	1.90e-01	2.71e-01	1.71e-01	1.02e-01	1.66e-01	2.90e-02	1.66e-03
 4.41534e+22	1.05e-29	9.36e-18	1.55e-14	1.96e-12	1.12e-10	4.41e-09	6.28e-06	5.89e-04	1.25e-02	6.06e-02	1.97e-01	2.75e-01	1.70e-01	9.87e-02	1.58e-01	2.68e-02	1.49e-03
 4.47350e+22	1.49e-29	1.27e-17	2.03e-14	2.47e-12	1.35e-10	5.11e-09	7.07e-06	6.58e-04	1.37e-02	6.48e-02	2.05e-01	2.80e-01	1.68e-01	9.49e-02	1.47e-01	2.42e-02	1.30e-03
 4.53281e+22	2.00e-29	1.65e-17	2.55e-14	2.99e-12	1.57e-10	5.77e-09	7.80e-06	7.20e-04	1.48e-02	6.85e-02	2.12e-01	2.84e-01	1.66e-01	9.17e-02	1.39e-01	2.22e-02	1.16e-03
 4.58522e+22	2.63e-29	2.10e-17	3.15e-14	3.59e-12	1.82e-10	6.48e-09	8.55e-06	7.84e-04	1.59e-02	7.20e-02	2.18e-01	2.87e-01	1.64e-01	8.87e-02	1.32e-01	2.05e-02	1.04e-03
 4.64497e+22	9.83e-30	2.87e-17	4.16e-14	4.53e-12	2.20e-10	7.51e-09	9.62e-06	8.75e-04	1.74e-02	7.68e-02	2.26e-01	2.90e-01	1.62e-01	8.47e-02	1.23e-01	1.84e-02	8.97e-04
 4.70577e+22	1.29e-29	3.64e-17	5.13e-14	5.42e-12	2.55e-10	8.45e-09	1.06e-05	9.51e-04	1.87e-02	8.06e-02	2.32e-01	2.93e-01	1.60e-01	8.17e-02	1.16e-01	1.69e-02	8.03e-04
 4.76793e+22	1.84e-29	4.98e-17	6.78e-14	6.86e-12	3.08e-10	9.82e-09	1.19e-05	1.06e-03	2.04e-02	8.57e-02	2.40e-01	2.95e-01	1.56e-01	7.78e-02	1.07e-01	1.51e-02	6.91e-04
 4.82875e+22	2.33e-29	6.16e-17	8.19e-14	8.07e-12	3.53e-10	1.09e-08	1.29e-05	1.14e-03	2.17e-02	8.93e-02	2.46e-01	2.97e-01	1.54e-01	7.52e-02	1.02e-01	1.39e-02	6.24e-04
 4.88782e+22	3.26e-29	8.29e-17	1.06e-13	1.01e-11	4.22e-10	1.26e-08	1.44e-05	1.26e-03	2.35e-02	9.44e-02	2.53e-01	2.98e-01	1.51e-01	7.16e-02	9.44e-02	1.25e-02	5.40e-04
 4.94780e+22	4.15e-29	1.03e-16	1.29e-13	1.19e-11	4.83e-10	1.41e-08	1.57e-05	1.36e-03	2.50e-02	9.83e-02	2.58e-01	2.99e-01	1.48e-01	6.89e-02	8.93e-02	1.15e-02	4.86e-04
 5.00896e+22	5.75e-29	1.37e-16	1.66e-13	1.47e-11	5.78e-10	1.62e-08	1.76e-05	1.50e-03	2.70e-02	1.04e-01	2.65e-01	3.00e-01	1.45e-01	6.55e-02	8.27e-02	1.03e-02	4.21e-04
 5.07199e+22	7.47e-29	1.73e-16	2.05e-13	1.76e-11	6.69e-10	1.82e-08	1.92e-05	1.62e-03	2.88e-02	1.08e-01	2.70e-01	3.00e-01	1.42e-01	6.28e-02	7.76e-02	9.41e-03	3.73e-04
 5.13746e+22	1.04e-28	2.31e-16	2.65e-13	2.20e-11	8.03e-10	2.11e-08	2.15e-05	1.79e-03	3.12e-02	1.14e-01	2.76e-01	3.00e-01	1.38e-01	5.94e-02	7.16e-02	8.39e-03	3.22e-04
 5.20505e+22	1.37e-28	2.96e-16	3.30e-13	2.65e-11	9.38e-10	2.39e-08	2.37e-05	1.95e-03	3.33e-02	1.19e-01	2.81e-01	2.99e-01	1.34e-01	5.66e-02	6.68e-02	7.59e-03	2.83e-04
 5.27540e+22	1.92e-28	4.00e-16	4.32e-13	3.35e-11	1.14e-09	2.79e-08	2.67e-05	2.16e-03	3.61e-02	1.25e-01	2.88e-01	2.98e-01	1.30e-01	5.33e-02	6.12e-02	6.71e-03	2.41e-04
 5.34762e+22	2.56e-28	5.16e-16	5.41e-13	4.06e-11	1.34e-09	3.18e-08	2.95e-05	2.35e-03	3.86e-02	1.30e-01	2.92e-01	2.96e-01	1.26e-01	5.06e-02	5.69e-02	6.05e-03	2.11e-04
 5.42228e+22	3.63e-28	7.04e-16	7.15e-13	5.16e-11	1.63e-09	3.74e-08	3.34e-05	2.61e-03	4.18e-02	1.37e-01	2.98e-01	2.94e-01	1.22e-01	4.74e-02	5.18e-02	5.30e-03	1.78e-04
 5.49934e+22	4.89e-28	9.17e-16	9.04e-13	6.33e-11	1.93e-09	4.28e-08	3.71e-05	2.85e-03	4.47e-02	1.43e-01	3.03e-01	2.92e-01	1.18e-01	4.47e-02	4.78e-02	4.74e-03	1.54e-04
 5.57951e+22	7.06e-28	1.27e-15	1.21e-12	8.13e-11	2.38e-09	5.08e-08	4.23e-05	3.18e-03	4.86e-02	1.50e-01	3.08e-01	2.89e-01	1.13e-01	4.16e-02	4.32e-02	4.12e-03	1.29e-04
 5.66225e+22	9.63e-28	1.67e-15	1.55e-12	1.01e-10	2.84e-09	5.86e-08	4.73e-05	3.48e-03	5.20e-02	1.56e-01	3.12e-01	2.85e-01	1.08e-01	3.90e-02	3.96e-02	3.65e-03	1.10e-04
 5.73688e+22	1.29e-27	2.16e-15	1.95e-12	1.23e-10	3.37e-09	6.73e-08	5.26e-05	3.80e-03	5.55e-02	1.63e-01	3.16e-01	2.82e-01	1.04e-01	3.67e-02	3.64e-02	3.25e-03	9.52e-05
 5.82243e+22	1.92e-27	3.07e-15	2.67e-12	1.61e-10	4.21e-09	8.06e-08	6.03e-05	4.26e-03	6.04e-02	1.71e-01	3.20e-01	2.77e-01	9.90e-02	3.38e-02	3.25e-02	2.77e-03	7.79e-05
 5.90867e+22	2.56e-27	3.98e-15	3.37e-12	1.97e-10	4.99e-09	9.27e-08	6.71e-05	4.64e-03	6.44e-02	1.77e-01	3.22e-01	2.73e-01	9.50e-02	3.16e-02	2.98e-02	2.46e-03	6.70e-05
 5.99579e+22	3.78e-27	5.61e-15	4.58e-12	2.57e-10	6.23e-09	1.11e-07	7.69e-05	5.18e-03	6.98e-02	1.85e-01	3.25e-01	2.67e-01	8.99e-02	2.90e-02	2.65e-02	2.10e-03	5.47e-05
 6.08478e+22	5.17e-27	7.41e-15	5.87e-12	3.19e-10	7.46e-09	1.28e-07	8.60e-05	5.67e-03	7.44e-02	1.92e-01	3.28e-01	2.62e-01	8.58e-02	2.70e-02	2.41e-02	1.84e-03	4.63e-05
 6.17617e+22	7.66e-27	1.05e-14	8.03e-12	4.19e-10	9.35e-09	1.54e-07	9.88e-05	6.34e-03	8.07e-02	2.00e-01	3.29e-01	2.55e-01	8.07e-02	2.46e-02	2.13e-02	1.56e-03	3.75e-05
 6.26948e+22	1.06e-26	1.41e-14	1.04e-11	5.25e-10	1.13e-08	1.80e-07	1.11e-04	6.95e-03	8.61e-02	2.07e-01	3.31e-01	2.49e-01	7.65e-02	2.28e-02	1.92e-02	1.35e-03	3.13e-05
 6.35249e+22	1.46e-26	1.88e-14	1.35e-11	6.54e-10	1.36e-08	2.08e-07	1.24e-04	7.59e-03	9.17e-02	2.14e-01	3.31e-01	2.43e-01	7.26e-02	2.11e-02	1.73e-02	1.17e-03	2.63e-05
 6.44760e+22	2.21e-26	2.73e-14	1.88e-11	8.72e-10	1.72e-08	2.53e-07	1.43e-04	8.51e-03	9.93e-02	2.23e-01	3.31e-01	2.35e-01	6.77e-02	1.90e-02	1.51e-02	9.76e-04	2.08e-05
 6.53796e+22	2.89e-26	3.48e-14	2.34e-11	1.05e-09	2.02e-08	2.88e-07	1.58e-04	9.18e-03	1.05e-01	2.29e-01	3.31e-01	2.30e-01	6.44e-02	1.77e-02	1.37e-02	8.63e-04	1.78e-05
 6.62211e+22	4.20e-26	4.89e-14	3.17e-11	1.36e-09	2.50e-08	3.42e-07	1.80e-04	1.01e-02	1.12e-01	2.36e-01	3.30e-01	2.22e-01	6.03e-02	1.61e-02	1.21e-02	7.27e-04	1.44e-05
 6.70644e+22	5.51e-26	6.28e-14	3.96e-11	1.65e-09	2.93e-08	3.90e-07	1.98e-04	1.09e-02	1.18e-01	2.42e-01	3.29e-01	2.17e-01	5.72e-02	1.50e-02	1.10e-02	6.39e-04	1.22e-05
 6.79099e+22	7.89e-26	8.74e-14	5.31e-11	2.13e-09	3.62e-08	4.62e-07	2.25e-04	1.21e-02	1.26e-01	2.49e-01	3.26e-01	2.09e-01	5.34e-02	1.36e-02	9.68e-03	5.39e-04	9.88e-06
 6.87751e+22	1.06e-25	1.15e-13	6.77e-11	2.62e-09	4.30e-08	5.32e-07	2.49e-04	1.31e-02	1.33e-01	2.55e-01	3.24e-01	2.03e-01	5.04e-02	1.25e-02	8.70e-03	4.67e-04	8.26e-06
 6.96661e+22	1.55e-25	1.64e-13	9.29e-11	3.44e-09	5.38e-08	6.39e-07	2.85e-04	1.45e-02	1.42e-01	2.62e-01	3.21e-01	1.95e-01	4.66e-02	1.12e-02	7.55e-03	3.86e-04	6.52e-06
 7.05619e+22	2.06e-25	2.15e-13	1.18e-10	4.23e-09	6.40e-08	7.36e-07	3.17e-04	1.57e-02	1.50e-01	2.67e-01	3.18e-01	1.88e-01	4.38e-02	1.03e-02	6.77e-03	3.34e-04	5.44e-06
 7.14641e+22	2.99e-25	3.08e-13	1.63e-10	5.57e-09	8.04e-08	8.87e-07	3.63e-04	1.74e-02	1.60e-01	2.74e-01	3.13e-01	1.80e-01	4.04e-02	9.23e-03	5.85e-03	2.75e-04	4.26e-06
 7.23837e+22	4.04e-25	4.11e-13	2.11e-10	6.95e-09	9.67e-08	1.03e-06	4.06e-04	1.89e-02	1.68e-01	2.79e-01	3.09e-01	1.73e-01	3.77e-02	8.42e-03	5.19e-03	2.34e-04	3.49e-06
 7.33258e+22	5.93e-25	6.00e-13	2.94e-10	9.27e-09	1.23e-07	1.26e-06	4.69e-04	2.10e-02	1.80e-01	2.85e-01	3.03e-01	1.64e-01	3.44e-02	7.46e-03	4.43e-03	1.90e-04	2.69e-06
 7.42860e+22	8.05e-25	8.12e-13	3.85e-10	1.17e-08	1.50e-07	1.48e-06	5.28e-04	2.29e-02	1.90e-01	2.89e-01	2.97e-01	1.57e-01	3.19e-02	6.75e-03	3.89e-03	1.60e-04	2.17e-06
 7.52696e+22	1.19e-24	1.20e-12	5.47e-10	1.58e-08	1.93e-07	1.83e-06	6.16e-04	2.57e-02	2.03e-01	2.95e-01	2.90e-01	1.48e-01	2.88e-02	5.92e-03	3.28e-03	1.27e-04	1.64e-06
 7.62650e+22	1.61e-24	1.64e-12	7.22e-10	2.01e-08	2.37e-07	2.17e-06	6.98e-04	2.81e-02	2.14e-01	2.98e-01	2.83e-01	1.41e-01	2.66e-02	5.32e-03	2.85e-03	1.06e-04	1.30e-06
 7.71047e+22	2.12e-24	2.18e-12	9.28e-10	2.51e-08	2.85e-07	2.53e-06	7.82e-04	3.05e-02	2.24e-01	3.01e-01	2.77e-01	1.35e-01	2.46e-02	4.81e-03	2.51e-03	8.95e-05	1.06e-06
 7.80236e+22	2.98e-24	3.13e-12	1.29e-09	3.33e-08	3.63e-07	3.11e-06	9.08e-04	3.40e-02	2.37e-01	3.05e-01	2.68e-01	1.26e-01	2.22e-02	4.22e-03	2.12e-03	7.16e-05	8.02e-07
 7.89475e+22	3.89e-24	4.15e-12	1.66e-09	4.16e-08	4.39e-07	3.65e-06	1.02e-03	3.70e-02	2.48e-01	3.07e-01	2.61e-01	1.20e-01	2.04e-02	3.80e-03	1.85e-03	5.99e-05	6.44e-07
 7.98478e+22	5.31e-24	5.84e-12	2.25e-09	5.46e-08	5.55e-07	4.46e-06	1.18e-03	4.11e-02	2.62e-01	3.08e-01	2.52e-01	1.12e-01	1.84e-02	3.34e-03	1.56e-03	4.81e-05	4.91e-07
 8.07664e+22	6.90e-24	7.79e-12	2.92e-09	6.88e-08	6.77e-07	5.29e-06	1.34e-03	4.49e-02	2.74e-01	3.09e-01	2.44e-01	1.06e-01	1.68e-02	2.98e-03	1.35e-03	3.97e-05	3.88e-07
 8.16728e+22	9.12e-24	1.08e-11	3.92e-09	8.96e-08	8.52e-07	6.45e-06	1.55e-03	4.97e-02	2.87e-01	3.09e-01	2.34e-01	9.89e-02	1.50e-02	2.60e-03	1.14e-03	3.18e-05	2.95e-07
 8.25970e+22	1.16e-23	1.45e-11	5.11e-09	1.14e-07	1.05e-06	7.73e-06	1.77e-03	5.45e-02	3.00e-01	3.09e-01	2.25e-01	9.25e-02	1.36e-02	2.30e-03	9.69e-04	2.59e-05	2.29e-07
 8.35016e+22	1.50e-23	1.95e-11	6.73e-09	1.46e-07	1.31e-06	9.36e-06	2.04e-03	6.01e-02	3.14e-01	3.08e-01	2.16e-01	8.59e-02	1.22e-02	2.01e-03	8.17e-04	2.08e-05	1.75e-07
 8.44161e+22	1.89e-23	2.60e-11	8.75e-09	1.85e-07	1.62e-06	1.13e-05	2.34e-03	6.60e-02	3.27e-01	3.06e-01	2.06e-01	7.98e-02	1.09e-02	1.76e-03	6.90e-04	1.67e-05	1.35e-07
 8.53191e+22	2.37e-23	3.44e-11	1.13e-08	2.35e-07	1.99e-06	1.36e-05	2.68e-03	7.25e-02	3.40e-01	3.03e-01	1.96e-01	7.38e-02	9.71e-03	1.53e-03	5.81e-04	1.34e-05	0.00e+00
 8.62203e+22	2.93e-23	4.50e-11	1.46e-08	2.97e-07	2.45e-06	1.63e-05	3.06e-03	7.94e-02	3.53e-01	3.00e-01	1.86e-01	6.81e-02	8.65e-03	1.34e-03	4.89e-04	1.08e-05	0.00e+00
 8.71226e+22	3.60e-23	5.86e-11	1.86e-08	3.74e-07	3.02e-06	1.97e-05	3.51e-03	8.70e-02	3.65e-01	2.96e-01	1.77e-01	6.26e-02	7.67e-03	1.16e-03	4.09e-04	8.58e-06	0.00e+00
 8.80280e+22	4.39e-23	7.56e-11	2.37e-08	4.69e-07	3.70e-06	2.36e-05	4.00e-03	9.51e-02	3.77e-01	2.91e-01	1.67e-01	5.75e-02	6.79e-03	1.00e-03	3.42e-04	6.83e-06	0.00e+00
 8.89368e+22	5.31e-23	9.69e-11	3.00e-08	5.86e-07	4.53e-06	2.84e-05	4.57e-03	1.04e-01	3.89e-01	2.86e-01	1.57e-01	5.25e-02	5.99e-03	8.64e-04	2.85e-04	5.42e-06	0.00e+00
 8.98532e+22	6.39e-23	1.23e-10	3.78e-08	7.31e-07	5.53e-06	3.40e-05	5.21e-03	1.13e-01	4.00e-01	2.80e-01	1.48e-01	4.78e-02	5.26e-03	7.42e-04	2.36e-04	4.28e-06	0.00e+00
 9.07784e+22	7.66e-23	1.56e-10	4.74e-08	9.09e-07	6.75e-06	4.08e-05	5.94e-03	1.23e-01	4.11e-01	2.73e-01	1.38e-01	4.34e-02	4.61e-03	6.35e-04	1.95e-04	3.37e-06	0.00e+00
 9.17091e+22	9.12e-23	1.95e-10	5.90e-08	1.12e-06	8.20e-06	4.87e-05	6.75e-03	1.34e-01	4.21e-01	2.66e-01	1.29e-01	3.93e-02	4.03e-03	5.42e-04	1.61e-04	2.65e-06	0.00e+00
 9.26544e+22	1.09e-22	2.44e-10	7.35e-08	1.39e-06	9.98e-06	5.84e-05	7.68e-03	1.45e-01	4.30e-01	2.58e-01	1.20e-01	3.53e-02	3.50e-03	4.59e-04	1.32e-04	2.06e-06	0.00e+00
 9.36088e+22	1.29e-22	3.02e-10	9.06e-08	1.71e-06	1.21e-05	6.96e-05	8.70e-03	1.57e-01	4.38e-01	2.50e-01	1.11e-01	3.18e-02	3.04e-03	3.89e-04	1.08e-04	1.61e-06	0.00e+00
 9.45830e+22	5.53e-22	3.73e-10	1.12e-07	2.11e-06	1.46e-05	8.34e-05	9.88e-03	1.70e-01	4.45e-01	2.41e-01	1.03e-01	2.83e-02	2.61e-03	3.26e-04	8.75e-05	1.24e-06	0.00e+00
 9.55736e+22	6.59e-22	4.56e-10	1.37e-07	2.59e-06	1.76e-05	9.92e-05	1.12e-02	1.83e-01	4.51e-01	2.33e-01	9.47e-02	2.53e-02	2.25e-03	2.74e-04	7.11e-05	9.60e-07	0.00e+00
 9.64804e+22	7.64e-22	5.38e-10	1.62e-07	3.06e-06	2.06e-05	1.15e-04	1.23e-02	1.94e-01	4.55e-01	2.25e-01	8.82e-02	2.29e-02	1.98e-03	2.36e-04	5.96e-05	7.71e-07	0.00e+00
 9.74269e+22	9.14e-22	6.57e-10	2.00e-07	3.76e-06	2.50e-05	1.37e-04	1.40e-02	2.09e-01	4.59e-01	2.15e-01	8.04e-02	2.02e-02	1.68e-03	1.95e-04	4.75e-05	5.83e-07	0.00e+00
 9.83888e+22	1.07e-21	7.69e-10	2.35e-07	4.44e-06	2.91e-05	1.58e-04	1.54e-02	2.21e-01	4.62e-01	2.07e-01	7.46e-02	1.82e-02	1.47e-03	1.67e-04	3.96e-05	4.66e-07	0.00e+00
 9.93808e+22	1.29e-21	9.36e-10	2.89e-07	5.46e-06	3.52e-05	1.90e-04	1.75e-02	2.37e-01	4.63e-01	1.97e-01	6.75e-02	1.59e-02	1.24e-03	1.36e-04	3.12e-05	3.48e-07	0.00e+00
 1.00377e+23	1.51e-21	1.08e-09	3.37e-07	6.39e-06	4.08e-05	2.18e-04	1.92e-02	2.50e-01	4.64e-01	1.89e-01	6.24e-02	1.43e-02	1.08e-03	1.16e-04	2.59e-05	2.77e-07	0.00e+00
 1.01379e+23	1.82e-21	1.30e-09	4.10e-07	7.80e-06	4.91e-05	2.61e-04	2.17e-02	2.67e-01	4.63e-01	1.78e-01	5.61e-02	1.24e-02	9.04e-04	9.44e-05	2.03e-05	2.05e-07	0.00e+00
 1.02385e+23	2.13e-21	1.50e-09	4.76e-07	9.08e-06	5.64e-05	2.97e-04	2.37e-02	2.80e-01	4.62e-01	1.71e-01	5.18e-02	1.11e-02	7.89e-04	8.05e-05	1.69e-05	1.64e-07	0.00e+00
 1.03394e+23	2.58e-21	1.78e-09	5.74e-07	1.10e-05	6.73e-05	3.52e-04	2.65e-02	2.96e-01	4.59e-01	1.61e-01	4.65e-02	9.61e-03	6.59e-04	6.53e-05	1.32e-05	1.22e-07	0.00e+00
 1.04414e+23	3.02e-21	2.04e-09	6.63e-07	1.27e-05	7.71e-05	4.01e-04	2.89e-02	3.10e-01	4.56e-01	1.53e-01	4.27e-02	8.58e-03	5.73e-04	5.54e-05	1.10e-05	0.00e+00	0.00e+00
 1.05448e+23	3.66e-21	2.40e-09	7.96e-07	1.54e-05	9.16e-05	4.74e-04	3.22e-02	3.27e-01	4.51e-01	1.44e-01	3.81e-02	7.39e-03	4.76e-04	4.47e-05	8.54e-06	0.00e+00	0.00e+00
 1.06495e+23	4.30e-21	2.75e-09	9.19e-07	1.78e-05	1.05e-04	5.38e-04	3.50e-02	3.40e-01	4.46e-01	1.36e-01	3.49e-02	6.58e-03	4.12e-04	3.77e-05	7.03e-06	0.00e+00	0.00e+00
 1.07559e+23	5.25e-21	3.23e-09	1.10e-06	2.14e-05	1.24e-04	6.34e-04	3.89e-02	3.57e-01	4.39e-01	1.27e-01	3.10e-02	5.64e-03	3.40e-04	3.02e-05	5.45e-06	0.00e+00	0.00e+00
 1.08642e+23	6.21e-21	3.69e-09	1.27e-06	2.47e-05	1.42e-04	7.20e-04	4.22e-02	3.71e-01	4.33e-01	1.20e-01	2.82e-02	4.98e-03	2.93e-04	2.54e-05	4.46e-06	0.00e+00	0.00e+00
 1.09751e+23	7.64e-21	4.34e-09	1.52e-06	2.97e-05	1.68e-04	8.48e-04	4.69e-02	3.88e-01	4.23e-01	1.11e-01	2.49e-02	4.24e-03	2.40e-04	2.01e-05	3.42e-06	0.00e+00	0.00e+00
 1.10885e+23	9.11e-21	4.96e-09	1.76e-06	3.44e-05	1.91e-04	9.63e-04	5.08e-02	4.01e-01	4.15e-01	1.05e-01	2.25e-02	3.72e-03	2.05e-04	1.68e-05	2.77e-06	0.00e+00	0.00e+00
 1.12051e+23	1.13e-20	5.85e-09	2.12e-06	4.15e-05	2.27e-04	1.14e-03	5.63e-02	4.19e-01	4.04e-01	9.65e-02	1.97e-02	3.14e-03	1.66e-04	1.32e-05	2.10e-06	0.00e+00	0.00e+00
 1.13242e+23	1.37e-20	6.73e-09	2.46e-06	4.81e-05	2.59e-04	1.29e-03	6.08e-02	4.32e-01	3.95e-01	9.02e-02	1.77e-02	2.74e-03	1.41e-04	1.09e-05	1.69e-06	0.00e+00	0.00e+00
 1.14244e+23	1.61e-20	7.59e-09	2.81e-06	5.48e-05	2.90e-04	1.44e-03	6.52e-02	4.43e-01	3.87e-01	8.50e-02	1.61e-02	2.42e-03	1.21e-04	9.15e-06	1.39e-06	0.00e+00	0.00e+00
 1.15327e+23	1.98e-20	8.82e-09	3.31e-06	6.46e-05	3.36e-04	1.66e-03	7.11e-02	4.57e-01	3.75e-01	7.84e-02	1.42e-02	2.07e-03	1.00e-04	7.32e-06	1.08e-06	0.00e+00	0.00e+00
 1.16382e+23	2.31e-20	9.88e-09	3.74e-06	7.28e-05	3.74e-04	1.84e-03	7.55e-02	4.67e-01	3.67e-01	7.40e-02	1.30e-02	1.84e-03	8.70e-05	6.24e-06	8.99e-07	0.00e+00	0.00e+00
 1.17401e+23	2.79e-20	1.13e-08	4.36e-06	8.46e-05	4.27e-04	2.10e-03	8.17e-02	4.79e-01	3.55e-01	6.84e-02	1.15e-02	1.58e-03	7.24e-05	5.05e-06	7.07e-07	0.00e+00	0.00e+00
 1.18431e+23	3.31e-20	1.28e-08	4.94e-06	9.54e-05	4.74e-04	2.31e-03	8.66e-02	4.88e-01	3.46e-01	6.44e-02	1.05e-02	1.41e-03	6.29e-05	4.30e-06	5.89e-07	0.00e+00	0.00e+00
 1.19474e+23	4.04e-20	1.47e-08	5.76e-06	1.11e-04	5.40e-04	2.63e-03	9.34e-02	4.99e-01	3.34e-01	5.94e-02	9.29e-03	1.21e-03	5.22e-05	3.47e-06	4.61e-07	0.00e+00	0.00e+00
 1.20532e+23	4.83e-20	1.67e-08	6.55e-06	1.25e-04	5.99e-04	2.90e-03	9.88e-02	5.07e-01	3.25e-01	5.57e-02	8.44e-03	1.07e-03	4.51e-05	2.94e-06	3.82e-07	0.00e+00	0.00e+00
 1.21609e+23	5.97e-20	1.93e-08	7.67e-06	1.46e-04	6.83e-04	3.29e-03	1.06e-01	5.18e-01	3.12e-01	5.11e-02	7.43e-03	9.12e-04	3.72e-05	2.35e-06	2.97e-07	0.00e+00	0.00e+00
 1.22702e+23	7.22e-20	2.20e-08	8.75e-06	1.65e-04	7.58e-04	3.62e-03	1.12e-01	5.25e-01	3.03e-01	4.78e-02	6.73e-03	8.06e-04	3.21e-05	1.98e-06	2.45e-07	0.00e+00	0.00e+00
 1.23816e+23	9.03e-20	2.57e-08	1.03e-05	1.92e-04	8.64e-04	4.12e-03	1.21e-01	5.34e-01	2.90e-01	4.37e-02	5.89e-03	6.83e-04	2.62e-05	1.58e-06	1.89e-07	0.00e+00	0.00e+00
 1.24948e+23	1.10e-19	2.94e-08	1.18e-05	2.18e-04	9.59e-04	4.54e-03	1.28e-01	5.40e-01	2.80e-01	4.07e-02	5.31e-03	6.00e-04	2.25e-05	1.32e-06	1.55e-07	0.00e+00	0.00e+00
 1.26104e+23	1.41e-19	3.47e-08	1.40e-05	2.55e-04	1.09e-03	5.16e-03	1.37e-01	5.47e-01	2.67e-01	3.70e-02	4.62e-03	5.05e-04	1.83e-05	1.05e-06	1.19e-07	0.00e+00	0.00e+00
 1.27290e+23	1.76e-19	4.02e-08	1.61e-05	2.91e-04	1.22e-03	5.69e-03	1.45e-01	5.52e-01	2.57e-01	3.42e-02	4.14e-03	4.40e-04	1.55e-05	8.67e-07	0.00e+00	0.00e+00	0.00e+00
 1.28514e+23	2.30e-19	4.80e-08	1.93e-05	3.43e-04	1.39e-03	6.48e-03	1.55e-01	5.58e-01	2.44e-01	3.09e-02	3.57e-03	3.67e-04	1.25e-05	6.77e-07	0.00e+00	0.00e+00	0.00e+00
 1.29769e+23	2.92e-19	5.62e-08	2.24e-05	3.92e-04	1.55e-03	7.16e-03	1.64e-01	5.62e-01	2.33e-01	2.84e-02	3.17e-03	3.17e-04	1.05e-05	5.55e-07	0.00e+00	0.00e+00	0.00e+00
 1.31064e+23	3.95e-19	6.83e-08	2.71e-05	4.66e-04	1.79e-03	8.16e-03	1.75e-01	5.66e-01	2.20e-01	2.54e-02	2.71e-03	2.61e-04	8.31e-06	4.28e-07	0.00e+00	0.00e+00	0.00e+00
 1.32372e+23	5.15e-19	8.07e-08	3.17e-05	5.34e-04	1.99e-03	9.00e-03	1.85e-01	5.68e-01	2.10e-01	2.34e-02	2.41e-03	2.25e-04	6.96e-06	3.50e-07	0.00e+00	0.00e+00	0.00e+00
 1.33696e+23	7.07e-19	9.86e-08	3.85e-05	6.35e-04	2.28e-03	1.03e-02	1.97e-01	5.70e-01	1.97e-01	2.08e-02	2.05e-03	1.85e-04	5.49e-06	2.68e-07	0.00e+00	0.00e+00	0.00e+00
 1.35034e+23	9.42e-19	1.17e-07	4.51e-05	7.28e-04	2.54e-03	1.13e-02	2.07e-01	5.70e-01	1.87e-01	1.90e-02	1.81e-03	1.59e-04	4.59e-06	2.19e-07	0.00e+00	0.00e+00	0.00e+00
 1.36390e+23	1.33e-18	1.45e-07	5.51e-05	8.67e-04	2.91e-03	1.28e-02	2.21e-01	5.69e-01	1.75e-01	1.69e-02	1.53e-03	1.29e-04	3.60e-06	1.66e-07	0.00e+00	0.00e+00	0.00e+00
 1.37768e+23	1.83e-18	1.74e-07	6.50e-05	9.99e-04	3.25e-03	1.41e-02	2.31e-01	5.68e-01	1.66e-01	1.53e-02	1.35e-03	1.10e-04	2.98e-06	1.35e-07	0.00e+00	0.00e+00	0.00e+00
 1.38984e+23	2.46e-18	2.07e-07	7.61e-05	1.14e-03	3.61e-03	1.55e-02	2.42e-01	5.66e-01	1.57e-01	1.39e-02	1.18e-03	9.41e-05	2.47e-06	0.00e+00	0.00e+00	0.00e+00	0.00e+00
 1.40371e+23	3.69e-18	2.61e-07	9.35e-05	1.36e-03	4.12e-03	1.75e-02	2.56e-01	5.62e-01	1.46e-01	1.23e-02	9.99e-04	7.67e-05	1.94e-06	0.00e+00	0.00e+00	0.00e+00	0.00e+00
 1.41786e+23	6.25e-19	3.14e-07	1.10e-04	1.57e-03	4.59e-03	1.93e-02	2.68e-01	5.57e-01	1.37e-01	1.11e-02	8.68e-04	6.46e-05	1.58e-06	0.00e+00	0.00e+00	0.00e+00	0.00e+00
 1.42934e+23	7.93e-19	3.69e-07	1.28e-04	1.77e-03	5.02e-03	2.08e-02	2.78e-01	5.53e-01	1.30e-01	1.02e-02	7.72e-04	5.61e-05	1.34e-06	0.00e+00	0.00e+00	0.00e+00	0.00e+00
 1.44124e+23	1.06e-18	4.50e-07	1.52e-04	2.05e-03	5.59e-03	2.28e-02	2.90e-01	5.48e-01	1.22e-01	9.18e-03	6.72e-04	4.74e-05	1.09e-06	0.00e+00	0.00e+00	0.00e+00	0.00e+00
 1.45378e+23	1.38e-18	5.36e-07	1.77e-04	2.32e-03	6.14e-03	2.48e-02	3.01e-01	5.42e-01	1.15e-01	8.35e-03	5.93e-04	4.06e-05	9.13e-07	0.00e+00	0.00e+00	0.00e+00	0.00e+00
 1.46528e+23	1.78e-18	6.37e-07	2.05e-04	2.63e-03	6.73e-03	2.69e-02	3.11e-01	5.36e-01	1.08e-01	7.60e-03	5.23e-04	3.49e-05	7.64e-07	0.00e+00	0.00e+00	0.00e+00	0.00e+00
 1.47840e+23	8.75e-18	7.94e-07	2.48e-04	3.07e-03	7.54e-03	2.96e-02	3.25e-01	5.27e-01	1.00e-01	6.75e-03	4.47e-04	2.89e-05	6.10e-07	0.00e+00	0.00e+00	0.00e+00	0.00e+00
 1.49186e+23	5.80e-17	9.60e-07	2.92e-04	3.52e-03	8.32e-03	3.23e-02	3.37e-01	5.19e-01	9.37e-02	6.06e-03	3.88e-04	2.43e-05	4.99e-07	0.00e+00	0.00e+00	0.00e+00	0.00e+00
 1.50369e+23	6.61e-18	1.15e-06	3.41e-04	3.98e-03	9.10e-03	3.48e-02	3.47e-01	5.11e-01	8.80e-02	5.50e-03	3.42e-04	2.09e-05	4.16e-07	0.00e+00	0.00e+00	0.00e+00	0.00e+00
 1.51697e+23	7.39e-17	1.44e-06	4.12e-04	4.65e-03	1.02e-02	3.82e-02	3.60e-01	5.00e-01	8.13e-02	4.87e-03	2.91e-04	1.72e-05	3.32e-07	0.00e+00	0.00e+00	0.00e+00	0.00e+00
 1.53090e+23	1.85e-16	1.76e-06	4.89e-04	5.34e-03	1.12e-02	4.16e-02	3.72e-01	4.89e-01	7.53e-02	4.34e-03	2.50e-04	1.43e-05	2.69e-07	0.00e+00	0.00e+00	0.00e+00	0.00e+00
 1.54351e+23	2.49e-17	2.13e-06	5.74e-04	6.07e-03	1.23e-02	4.49e-02	3.83e-01	4.79e-01	7.02e-02	3.90e-03	2.18e-04	1.22e-05	2.21e-07	0.00e+00	0.00e+00	0.00e+00	0.00e+00
 1.55774e+23	1.86e-17	2.72e-06	7.03e-04	7.13e-03	1.38e-02	4.93e-02	3.95e-01	4.66e-01	6.41e-02	3.41e-03	1.83e-04	9.86e-06	1.73e-07	0.00e+00	0.00e+00	0.00e+00	0.00e+00
 1.57244e+23	2.67e-17	3.37e-06	8.39e-04	8.21e-03	1.52e-02	5.35e-02	4.07e-01	4.53e-01	5.90e-02	3.02e-03	1.57e-04	8.17e-06	1.39e-07	0.00e+00	0.00e+00	0.00e+00	0.00e+00
 1.58553e+23	3.77e-17	4.11e-06	9.89e-04	9.35e-03	1.66e-02	5.76e-02	4.17e-01	4.41e-01	5.46e-02	2.69e-03	1.35e-04	6.85e-06	0.00e+00	0.00e+00	0.00e+00	0.00e+00	0.00e+00
 1.60035e+23	5.94e-17	5.29e-06	1.22e-03	1.10e-02	1.86e-02	6.31e-02	4.29e-01	4.26e-01	4.93e-02	2.33e-03	1.12e-04	5.49e-06	0.00e+00	0.00e+00	0.00e+00	0.00e+00	0.00e+00
 1.61575e+23	9.45e-17	6.62e-06	1.46e-03	1.27e-02	2.05e-02	6.83e-02	4.39e-01	4.11e-01	4.49e-02	2.04e-03	9.49e-05	4.49e-06	0.00e+00	0.00e+00	0.00e+00	0.00e+00	0.00e+00
 1.62961e+23	1.41e-16	8.17e-06	1.73e-03	1.45e-02	2.25e-02	7.35e-02	4.48e-01	3.97e-01	4.11e-02	1.80e-03	8.09e-05	3.71e-06	0.00e+00	0.00e+00	0.00e+00	0.00e+00	0.00e+00
 1.64533e+23	2.50e-16	1.07e-05	2.16e-03	1.72e-02	2.52e-02	8.04e-02	4.58e-01	3.79e-01	3.66e-02	1.53e-03	6.59e-05	2.91e-06	0.00e+00	0.00e+00	0.00e+00	0.00e+00	0.00e+00
 1.66151e+23	4.43e-16	1.34e-05	2.59e-03	1.98e-02	2.77e-02	8.66e-02	4.66e-01	3.63e-01	3.31e-02	1.33e-03	5.52e-05	2.36e-06	0.00e+00	0.00e+00	0.00e+00	0.00e+00	0.00e+00
 1.67606e+23	7.23e-16	1.67e-05	3.09e-03	2.27e-02	3.02e-02	9.28e-02	4.73e-01	3.47e-01	2.99e-02	1.16e-03	4.65e-05	1.93e-06	0.00e+00	0.00e+00	0.00e+00	0.00e+00	0.00e+00
 1.69275e+23	1.58e-15	2.22e-05	3.87e-03	2.70e-02	3.39e-02	1.01e-01	4.80e-01	3.27e-01	2.62e-02	9.72e-04	3.70e-05	1.47e-06	0.00e+00	0.00e+00	0.00e+00	0.00e+00	0.00e+00
 1.70960e+23	3.44e-15	2.79e-05	4.64e-03	3.09e-02	3.70e-02	1.09e-01	4.84e-01	3.11e-01	2.34e-02	8.37e-04	3.07e-05	1.18e-06	0.00e+00	0.00e+00	0.00e+00	0.00e+00	0.00e+00
 1.72667e+23	8.25e-15	3.70e-05	5.80e-03	3.65e-02	4.12e-02	1.17e-01	4.88e-01	2.90e-01	2.03e-02	6.96e-04	2.44e-05	9.03e-07	0.00e+00	0.00e+00	0.00e+00	0.00e+00	0.00e+00
 1.74401e+23	2.53e-14	4.67e-05	6.96e-03	4.19e-02	4.49e-02	1.25e-01	4.89e-01	2.73e-01	1.80e-02	5.94e-04	2.00e-05	7.17e-07	0.00e+00	0.00e+00	0.00e+00	0.00e+00	0.00e+00
 1.75938e+23	6.96e-14	5.85e-05	8.30e-03	4.77e-02	4.87e-02	1.33e-01	4.89e-01	2.57e-01	1.59e-02	5.08e-04	1.65e-05	5.72e-07	0.00e+00	0.00e+00	0.00e+00	0.00e+00	0.00e+00
 1.77706e+23	3.62e-13	7.81e-05	1.04e-02	5.63e-02	5.38e-02	1.43e-01	4.87e-01	2.36e-01	1.36e-02	4.14e-04	1.27e-05	4.25e-07	0.00e+00	0.00e+00	0.00e+00	0.00e+00	0.00e+00
 1.79499e+23	1.94e-12	9.81e-05	1.24e-02	6.40e-02	5.82e-02	1.51e-01	4.83e-01	2.19e-01	1.19e-02	3.50e-04	1.03e-05	3.34e-07	0.00e+00	0.00e+00	0.00e+00	0.00e+00	0.00e+00
 1.81325e+23	1.94e-11	1.31e-04	1.55e-02	7.51e-02	6.39e-02	1.61e-01	4.76e-01	1.99e-01	9.92e-03	2.81e-04	7.86e-06	2.44e-07	0.00e+00	0.00e+00	0.00e+00	0.00e+00	0.00e+00
 1.83172e+23	1.45e-10	1.65e-04	1.84e-02	8.50e-02	6.87e-02	1.69e-01	4.68e-01	1.83e-01	8.57e-03	2.35e-04	6.30e-06	1.89e-07	0.00e+00	0.00e+00	0.00e+00	0.00e+00	0.00e+00
 1.85047e+23	1.19e-09	2.20e-04	2.29e-02	9.91e-02	7.48e-02	1.78e-01	4.55e-01	1.63e-01	7.06e-03	1.85e-04	4.71e-06	1.36e-07	0.00e+00	0.00e+00	0.00e+00	0.00e+00	0.00e+00
 1.86948e+23	2.01e-09	2.75e-04	2.71e-02	1.11e-01	7.98e-02	1.85e-01	4.42e-01	1.48e-01	6.01e-03	1.53e-04	3.71e-06	0.00e+00	0.00e+00	0.00e+00	0.00e+00	0.00e+00	0.00e+00
 1.88600e+23	2.90e-09	3.41e-04	3.18e-02	1.24e-01	8.44e-02	1.91e-01	4.29e-01	1.34e-01	5.13e-03	1.27e-04	2.95e-06	0.00e+00	0.00e+00	0.00e+00	0.00e+00	0.00e+00	0.00e+00
 1.90466e+23	4.50e-09	4.46e-04	3.88e-02	1.42e-01	9.03e-02	1.98e-01	4.09e-01	1.18e-01	4.14e-03	9.87e-05	2.17e-06	0.00e+00	0.00e+00	0.00e+00	0.00e+00	0.00e+00	0.00e+00
 1.92245e+23	5.98e-09	5.35e-04	4.43e-02	1.55e-01	9.43e-02	2.01e-01	3.94e-01	1.07e-01	3.57e-03	8.29e-05	1.75e-06	0.00e+00	0.00e+00	0.00e+00	0.00e+00	0.00e+00	0.00e+00
 1.93912e+23	8.52e-09	6.74e-04	5.23e-02	1.73e-01	9.90e-02	2.05e-01	3.74e-01	9.36e-02	2.91e-03	6.56e-05	1.31e-06	0.00e+00	0.00e+00	0.00e+00	0.00e+00	0.00e+00	0.00e+00
 1.95581e+23	1.11e-08	8.01e-04	5.92e-02	1.87e-01	1.02e-01	2.07e-01	3.57e-01	8.42e-02	2.48e-03	5.47e-05	1.05e-06	0.00e+00	0.00e+00	0.00e+00	0.00e+00	0.00e+00	0.00e+00
 1.97252e+23	1.51e-08	9.91e-04	6.88e-02	2.05e-01	1.06e-01	2.09e-01	3.35e-01	7.32e-02	2.02e-03	4.32e-05	7.91e-07	0.00e+00	0.00e+00	0.00e+00	0.00e+00	0.00e+00	0.00e+00
 1.98982e+23	1.99e-08	1.19e-03	7.83e-02	2.22e-01	1.09e-01	2.09e-01	3.14e-01	6.42e-02	1.67e-03	3.49e-05	6.08e-07	0.00e+00	0.00e+00	0.00e+00	0.00e+00	0.00e+00	0.00e+00
 2.00531e+23	2.54e-08	1.41e-03	8.78e-02	2.37e-01	1.12e-01	2.09e-01	2.95e-01	5.67e-02	1.39e-03	2.85e-05	4.77e-07	0.00e+00	0.00e+00	0.00e+00	0.00e+00	0.00e+00	0.00e+00
 2.02288e+23	3.44e-08	1.73e-03	1.01e-01	2.57e-01	1.14e-01	2.06e-01	2.71e-01	4.80e-02	1.10e-03	2.19e-05	3.46e-07	0.00e+00	0.00e+00	0.00e+00	0.00e+00	0.00e+00	0.00e+00
 2.04077e+23	4.40e-08	2.05e-03	1.13e-01	2.73e-01	1.16e-01	2.03e-01	2.51e-01	4.14e-02	8.94e-04	1.74e-05	2.63e-07	0.00e+00	0.00e+00	0.00e+00	0.00e+00	0.00e+00	0.00e+00
 2.05670e+23	5.53e-08	2.40e-03	1.26e-01	2.88e-01	1.16e-01	1.99e-01	2.31e-01	3.58e-02	7.32e-04	1.40e-05	2.01e-07	0.00e+00	0.00e+00	0.00e+00	0.00e+00	0.00e+00	0.00e+00
 2.07213e+23	6.84e-08	2.78e-03	1.38e-01	3.02e-01	1.17e-01	1.95e-01	2.14e-01	3.11e-02	6.02e-04	1.13e-05	1.55e-07	0.00e+00	0.00e+00	0.00e+00	0.00e+00	0.00e+00	0.00e+00
 2.08638e+23	8.26e-08	3.16e-03	1.50e-01	3.14e-01	1.17e-01	1.90e-01	1.98e-01	2.72e-02	5.02e-04	9.24e-06	0.00e+00	0.00e+00	0.00e+00	0.00e+00	0.00e+00	0.00e+00	0.00e+00
 2.10196e+23	1.04e-07	3.69e-03	1.66e-01	3.28e-01	1.16e-01	1.84e-01	1.79e-01	2.29e-02	3.99e-04	7.19e-06	0.00e+00	0.00e+00	0.00e+00	0.00e+00	0.00e+00	0.00e+00	0.00e+00
 2.11774e+23	1.25e-07	4.20e-03	1.79e-01	3.39e-01	1.15e-01	1.78e-01	1.64e-01	1.97e-02	3.28e-04	5.80e-06	0.00e+00	0.00e+00	0.00e+00	0.00e+00	0.00e+00	0.00e+00	0.00e+00
 2.13154e+23	1.50e-07	4.72e-03	1.92e-01	3.49e-01	1.14e-01	1.72e-01	1.50e-01	1.71e-02	2.70e-04	4.71e-06	0.00e+00	0.00e+00	0.00e+00	0.00e+00	0.00e+00	0.00e+00	0.00e+00
 2.14724e+23	1.85e-07	5.46e-03	2.10e-01	3.60e-01	1.12e-01	1.64e-01	1.34e-01	1.42e-02	2.12e-04	3.62e-06	0.00e+00	0.00e+00	0.00e+00	0.00e+00	0.00e+00	0.00e+00	0.00e+00
 2.16323e+23	2.21e-07	6.14e-03	2.25e-01	3.69e-01	1.10e-01	1.57e-01	1.21e-01	1.21e-02	1.72e-04	2.89e-06	0.00e+00	0.00e+00	0.00e+00	0.00e+00	0.00e+00	0.00e+00	0.00e+00
 2.17739e+23	2.61e-07	6.86e-03	2.39e-01	3.76e-01	1.08e-01	1.49e-01	1.10e-01	1.03e-02	1.40e-04	2.32e-06	0.00e+00	0.00e+00	0.00e+00	0.00e+00	0.00e+00	0.00e+00	0.00e+00
 2.19358e+23	3.21e-07	7.86e-03	2.58e-01	3.83e-01	1.05e-01	1.40e-01	9.67e-02	8.39e-03	1.08e-04	1.75e-06	0.00e+00	0.00e+00	0.00e+00	0.00e+00	0.00e+00	0.00e+00	0.00e+00
 2.21002e+23	3.80e-07	8.78e-03	2.74e-01	3.88e-01	1.02e-01	1.33e-01	8.66e-02	7.04e-03	8.63e-05	1.38e-06	0.00e+00	0.00e+00	0.00e+00	0.00e+00	0.00e+00	0.00e+00	0.00e+00
 2.22456e+23	4.47e-07	9.76e-03	2.90e-01	3.91e-01	9.95e-02	1.26e-01	7.74e-02	5.92e-03	6.92e-05	1.09e-06	0.00e+00	0.00e+00	0.00e+00	0.00e+00	0.00e+00	0.00e+00	0.00e+00
 2.24125e+23	5.45e-07	1.11e-02	3.11e-01	3.94e-01	9.57e-02	1.16e-01	6.71e-02	4.75e-03	5.24e-05	8.07e-07	0.00e+00	0.00e+00	0.00e+00	0.00e+00	0.00e+00	0.00e+00	0.00e+00
 2.25812e+23	6.41e-07	1.23e-02	3.27e-01	3.96e-01	9.23e-02	1.09e-01	5.94e-02	3.94e-03	4.15e-05	6.28e-07	0.00e+00	0.00e+00	0.00e+00	0.00e+00	0.00e+00	0.00e+00	0.00e+00
 2.27296e+23	7.48e-07	1.36e-02	3.44e-01	3.96e-01	8.90e-02	1.02e-01	5.26e-02	3.27e-03	3.30e-05	4.91e-07	0.00e+00	0.00e+00	0.00e+00	0.00e+00	0.00e+00	0.00e+00	0.00e+00
 2.29002e+23	9.05e-07	1.54e-02	3.65e-01	3.94e-01	8.47e-02	9.32e-02	4.50e-02	2.58e-03	2.46e-05	3.59e-07	0.00e+00	0.00e+00	0.00e+00	0.00e+00	0.00e+00	0.00e+00	0.00e+00
 2.30738e+23	1.06e-06	1.70e-02	3.82e-01	3.92e-01	8.11e-02	8.64e-02	3.94e-02	2.11e-03	1.92e-05	2.75e-07	0.00e+00	0.00e+00	0.00e+00	0.00e+00	0.00e+00	0.00e+00	0.00e+00
 2.32513e+23	1.28e-06	1.91e-02	4.03e-01	3.88e-01	7.66e-02	7.82e-02	3.33e-02	1.64e-03	1.41e-05	1.98e-07	0.00e+00	0.00e+00	0.00e+00	0.00e+00	0.00e+00	0.00e+00	0.00e+00
 2.34309e+23	1.50e-06	2.11e-02	4.21e-01	3.84e-01	7.28e-02	7.18e-02	2.89e-02	1.33e-03	1.09e-05	1.50e-07	0.00e+00	0.00e+00	0.00e+00	0.00e+00	0.00e+00	0.00e+00	0.00e+00
 2.36134e+23	1.81e-06	2.36e-02	4.42e-01	3.77e-01	6.83e-02	6.44e-02	2.42e-02	1.02e-03	7.93e-06	0.00e+00	0.00e+00	0.00e+00	0.00e+00	0.00e+00	0.00e+00	0.00e+00	0.00e+00
 2.37993e+23	2.12e-06	2.60e-02	4.59e-01	3.70e-01	6.46e-02	5.86e-02	2.08e-02	8.11e-04	6.05e-06	0.00e+00	0.00e+00	0.00e+00	0.00e+00	0.00e+00	0.00e+00	0.00e+00	0.00e+00
 2.39899e+23	2.56e-06	2.92e-02	4.81e-01	3.60e-01	6.01e-02	5.20e-02	1.72e-02	6.12e-04	4.33e-06	0.00e+00	0.00e+00	0.00e+00	0.00e+00	0.00e+00	0.00e+00	0.00e+00	0.00e+00
 2.41837e+23	3.00e-06	3.20e-02	4.98e-01	3.52e-01	5.65e-02	4.69e-02	1.46e-02	4.83e-04	3.26e-06	0.00e+00	0.00e+00	0.00e+00	0.00e+00	0.00e+00	0.00e+00	0.00e+00	0.00e+00
 2.43558e+23	3.48e-06	3.50e-02	5.14e-01	3.43e-01	5.31e-02	4.23e-02	1.25e-02	3.82e-04	2.47e-06	0.00e+00	0.00e+00	0.00e+00	0.00e+00	0.00e+00	0.00e+00	0.00e+00	0.00e+00
 2.45537e+23	4.19e-06	3.91e-02	5.34e-01	3.30e-01	4.90e-02	3.70e-02	1.02e-02	2.84e-04	1.75e-06	0.00e+00	0.00e+00	0.00e+00	0.00e+00	0.00e+00	0.00e+00	0.00e+00	0.00e+00
 2.47273e+23	4.72e-06	4.18e-02	5.46e-01	3.23e-01	4.65e-02	3.41e-02	8.95e-03	2.35e-04	1.40e-06	0.00e+00	0.00e+00	0.00e+00	0.00e+00	0.00e+00	0.00e+00	0.00e+00	0.00e+00
 2.48694e+23	5.35e-06	4.50e-02	5.59e-01	3.13e-01	4.39e-02	3.09e-02	7.75e-03	1.91e-04	1.10e-06	0.00e+00	0.00e+00	0.00e+00	0.00e+00	0.00e+00	0.00e+00	0.00e+00	0.00e+00
 2.50178e+23	6.00e-06	4.81e-02	5.70e-01	3.05e-01	4.15e-02	2.83e-02	6.80e-03	1.58e-04	8.81e-07	0.00e+00	0.00e+00	0.00e+00	0.00e+00	0.00e+00	0.00e+00	0.00e+00	0.00e+00
 2.51533e+23	6.67e-06	5.11e-02	5.81e-01	2.96e-01	3.94e-02	2.60e-02	6.00e-03	1.31e-04	7.15e-07	0.00e+00	0.00e+00	0.00e+00	0.00e+00	0.00e+00	0.00e+00	0.00e+00	0.00e+00
 2.53084e+23	7.62e-06	5.51e-02	5.94e-01	2.86e-01	3.69e-02	2.32e-02	5.11e-03	1.04e-04	5.48e-07	0.00e+00	0.00e+00	0.00e+00	0.00e+00	0.00e+00	0.00e+00	0.00e+00	0.00e+00
 2.54663e+23	8.56e-06	5.88e-02	6.04e-01	2.76e-01	3.48e-02	2.11e-02	4.45e-03	8.53e-05	4.36e-07	0.00e+00	0.00e+00	0.00e+00	0.00e+00	0.00e+00	0.00e+00	0.00e+00	0.00e+00
 2.56278e+23	9.82e-06	6.36e-02	6.17e-01	2.65e-01	3.23e-02	1.87e-02	3.75e-03	6.66e-05	3.29e-07	0.00e+00	0.00e+00	0.00e+00	0.00e+00	0.00e+00	0.00e+00	0.00e+00	0.00e+00
 2.57905e+23	1.10e-05	6.79e-02	6.27e-01	2.55e-01	3.04e-02	1.69e-02	3.26e-03	5.42e-05	2.60e-07	0.00e+00	0.00e+00	0.00e+00	0.00e+00	0.00e+00	0.00e+00	0.00e+00	0.00e+00
 2.59547e+23	1.27e-05	7.32e-02	6.38e-01	2.43e-01	2.81e-02	1.49e-02	2.73e-03	4.21e-05	1.96e-07	0.00e+00	0.00e+00	0.00e+00	0.00e+00	0.00e+00	0.00e+00	0.00e+00	0.00e+00
 2.61216e+23	1.42e-05	7.80e-02	6.47e-01	2.33e-01	2.63e-02	1.34e-02	2.36e-03	3.41e-05	1.54e-07	0.00e+00	0.00e+00	0.00e+00	0.00e+00	0.00e+00	0.00e+00	0.00e+00	0.00e+00
 2.62920e+23	1.64e-05	8.41e-02	6.57e-01	2.21e-01	2.43e-02	1.17e-02	1.97e-03	2.62e-05	0.00e+00	0.00e+00	0.00e+00	0.00e+00	0.00e+00	0.00e+00	0.00e+00	0.00e+00	0.00e+00
 2.64656e+23	1.84e-05	8.97e-02	6.65e-01	2.11e-01	2.26e-02	1.05e-02	1.69e-03	2.10e-05	0.00e+00	0.00e+00	0.00e+00	0.00e+00	0.00e+00	0.00e+00	0.00e+00	0.00e+00	0.00e+00
 2.66433e+23	2.12e-05	9.67e-02	6.74e-01	1.98e-01	2.08e-02	9.09e-03	1.39e-03	1.60e-05	0.00e+00	0.00e+00	0.00e+00	0.00e+00	0.00e+00	0.00e+00	0.00e+00	0.00e+00	0.00e+00
 2.68243e+23	2.40e-05	1.03e-01	6.80e-01	1.88e-01	1.92e-02	8.05e-03	1.18e-03	1.27e-05	0.00e+00	0.00e+00	0.00e+00	0.00e+00	0.00e+00	0.00e+00	0.00e+00	0.00e+00	0.00e+00
 2.70096e+23	2.78e-05	1.12e-01	6.88e-01	1.75e-01	1.75e-02	6.89e-03	9.65e-04	9.48e-06	0.00e+00	0.00e+00	0.00e+00	0.00e+00	0.00e+00	0.00e+00	0.00e+00	0.00e+00	0.00e+00
 2.71955e+23	3.13e-05	1.19e-01	6.92e-01	1.66e-01	1.62e-02	6.10e-03	8.21e-04	7.54e-06	0.00e+00	0.00e+00	0.00e+00	0.00e+00	0.00e+00	0.00e+00	0.00e+00	0.00e+00	0.00e+00
 2.73821e+23	3.61e-05	1.28e-01	6.98e-01	1.54e-01	1.47e-02	5.20e-03	6.68e-04	5.63e-06	0.00e+00	0.00e+00	0.00e+00	0.00e+00	0.00e+00	0.00e+00	0.00e+00	0.00e+00	0.00e+00
 2.75706e+23	4.07e-05	1.36e-01	7.01e-01	1.44e-01	1.36e-02	4.57e-03	5.66e-04	4.45e-06	0.00e+00	0.00e+00	0.00e+00	0.00e+00	0.00e+00	0.00e+00	0.00e+00	0.00e+00	0.00e+00
 2.77615e+23	4.68e-05	1.46e-01	7.05e-01	1.33e-01	1.23e-02	3.87e-03	4.59e-04	3.32e-06	0.00e+00	0.00e+00	0.00e+00	0.00e+00	0.00e+00	0.00e+00	0.00e+00	0.00e+00	0.00e+00
 2.79543e+23	5.28e-05	1.55e-01	7.07e-01	1.23e-01	1.13e-02	3.38e-03	3.85e-04	2.60e-06	0.00e+00	0.00e+00	0.00e+00	0.00e+00	0.00e+00	0.00e+00	0.00e+00	0.00e+00	0.00e+00
 2.81498e+23	6.12e-05	1.67e-01	7.08e-01	1.12e-01	1.01e-02	2.83e-03	3.08e-04	1.90e-06	0.00e+00	0.00e+00	0.00e+00	0.00e+00	0.00e+00	0.00e+00	0.00e+00	0.00e+00	0.00e+00
 2.83443e+23	6.87e-05	1.76e-01	7.08e-01	1.04e-01	9.28e-03	2.46e-03	2.59e-04	1.49e-06	0.00e+00	0.00e+00	0.00e+00	0.00e+00	0.00e+00	0.00e+00	0.00e+00	0.00e+00	0.00e+00
 2.85375e+23	7.94e-05	1.89e-01	7.06e-01	9.35e-02	8.30e-03	2.05e-03	2.07e-04	1.09e-06	0.00e+00	0.00e+00	0.00e+00	0.00e+00	0.00e+00	0.00e+00	0.00e+00	0.00e+00	0.00e+00
 2.87312e+23	8.90e-05	2.00e-01	7.04e-01	8.59e-02	7.59e-03	1.78e-03	1.73e-04	8.56e-07	0.00e+00	0.00e+00	0.00e+00	0.00e+00	0.00e+00	0.00e+00	0.00e+00	0.00e+00	0.00e+00
 2.89257e+23	1.03e-04	2.15e-01	7.00e-01	7.63e-02	6.74e-03	1.46e-03	1.36e-04	6.17e-07	0.00e+00	0.00e+00	0.00e+00	0.00e+00	0.00e+00	0.00e+00	0.00e+00	0.00e+00	0.00e+00
 2.91200e+23	1.15e-04	2.27e-01	6.96e-01	6.95e-02	6.14e-03	1.26e-03	1.14e-04	4.81e-07	0.00e+00	0.00e+00	0.00e+00	0.00e+00	0.00e+00	0.00e+00	0.00e+00	0.00e+00	0.00e+00
 2.93141e+23	1.33e-04	2.42e-01	6.90e-01	6.11e-02	5.43e-03	1.03e-03	8.91e-05	3.46e-07	0.00e+00	0.00e+00	0.00e+00	0.00e+00	0.00e+00	0.00e+00	0.00e+00	0.00e+00	0.00e+00
 2.95099e+23	1.50e-04	2.56e-01	6.83e-01	5.48e-02	4.90e-03	8.77e-04	7.32e-05	2.65e-07	0.00e+00	0.00e+00	0.00e+00	0.00e+00	0.00e+00	0.00e+00	0.00e+00	0.00e+00	0.00e+00
 2.97080e+23	1.74e-04	2.74e-01	6.73e-01	4.73e-02	4.27e-03	7.04e-04	5.63e-05	1.85e-07	0.00e+00	0.00e+00	0.00e+00	0.00e+00	0.00e+00	0.00e+00	0.00e+00	0.00e+00	0.00e+00
 2.99069e+23	1.96e-04	2.89e-01	6.64e-01	4.18e-02	3.82e-03	5.91e-04	4.57e-05	1.40e-07	0.00e+00	0.00e+00	0.00e+00	0.00e+00	0.00e+00	0.00e+00	0.00e+00	0.00e+00	0.00e+00
 3.01068e+23	2.27e-04	3.10e-01	6.51e-01	3.55e-02	3.29e-03	4.69e-04	3.47e-05	0.00e+00	0.00e+00	0.00e+00	0.00e+00	0.00e+00	0.00e+00	0.00e+00	0.00e+00	0.00e+00	0.00e+00
 3.03100e+23	2.57e-04	3.28e-01	6.38e-01	3.06e-02	2.88e-03	3.83e-04	2.73e-05	0.00e+00	0.00e+00	0.00e+00	0.00e+00	0.00e+00	0.00e+00	0.00e+00	0.00e+00	0.00e+00	0.00e+00
 3.04859e+23	2.90e-04	3.46e-01	6.24e-01	2.63e-02	2.52e-03	3.13e-04	2.16e-05	0.00e+00	0.00e+00	0.00e+00	0.00e+00	0.00e+00	0.00e+00	0.00e+00	0.00e+00	0.00e+00	0.00e+00
 3.06558e+23	3.25e-04	3.65e-01	6.10e-01	2.25e-02	2.20e-03	2.55e-04	1.70e-05	0.00e+00	0.00e+00	0.00e+00	0.00e+00	0.00e+00	0.00e+00	0.00e+00	0.00e+00	0.00e+00	0.00e+00
 3.07983e+23	3.54e-04	3.80e-01	5.98e-01	1.98e-02	1.97e-03	2.16e-04	1.41e-05	0.00e+00	0.00e+00	0.00e+00	0.00e+00	0.00e+00	0.00e+00	0.00e+00	0.00e+00	0.00e+00	0.00e+00
