#depth	Cl	Cl+	Cl+2	Cl+3	Cl+4	Cl+5	Cl+6	Cl+7	Cl+8	Cl+9	Cl+10	Cl+11	Cl+12	Cl+13	Cl+14	Cl+15	Cl+16	Cl+17
 1.54284e+22	0.00e+00	5.04e-25	2.44e-21	3.59e-18	1.27e-15	2.70e-13	4.86e-11	3.24e-08	2.31e-06	6.48e-05	7.73e-04	5.53e-03	2.05e-02	4.24e-02	9.95e-02	4.70e-01	2.99e-01	6.18e-02
 3.48983e+22	0.00e+00	1.76e-22	5.14e-19	4.37e-16	8.36e-14	9.44e-12	9.08e-10	6.43e-07	3.96e-05	8.57e-04	7.04e-03	3.39e-02	8.01e-02	1.01e-01	1.43e-01	4.39e-01	1.73e-01	2.24e-02
 4.08419e+22	0.00e+00	3.93e-21	8.37e-18	4.96e-15	6.43e-13	4.85e-11	3.23e-09	2.64e-06	1.57e-04	3.00e-03	2.00e-02	7.66e-02	1.42e-01	1.36e-01	1.46e-01	3.57e-01	1.08e-01	1.08e-02
 4.36951e+22	0.00e+00	1.93e-20	3.46e-17	1.68e-14	1.76e-12	1.06e-10	5.81e-09	5.13e-06	2.99e-04	5.39e-03	3.23e-02	1.09e-01	1.78e-01	1.49e-01	1.38e-01	3.01e-01	7.89e-02	6.84e-03
 4.48839e+22	0.00e+00	2.88e-20	4.94e-17	2.27e-14	2.26e-12	1.29e-10	6.72e-09	6.02e-06	3.49e-04	6.20e-03	3.61e-02	1.18e-01	1.87e-01	1.51e-01	1.36e-01	2.86e-01	7.23e-02	6.04e-03
 4.53008e+22	0.00e+00	3.87e-20	6.41e-17	2.84e-14	2.71e-12	1.49e-10	7.46e-09	6.75e-06	3.90e-04	6.86e-03	3.92e-02	1.25e-01	1.94e-01	1.53e-01	1.33e-01	2.75e-01	6.76e-02	5.50e-03
 4.57129e+22	0.00e+00	5.63e-20	8.95e-17	3.77e-14	3.43e-12	1.78e-10	8.54e-09	7.79e-06	4.49e-04	7.78e-03	4.33e-02	1.35e-01	2.02e-01	1.54e-01	1.30e-01	2.61e-01	6.20e-02	4.87e-03
 4.61363e+22	0.00e+00	7.61e-20	1.17e-16	4.74e-14	4.14e-12	2.06e-10	9.52e-09	8.74e-06	5.01e-04	8.59e-03	4.69e-02	1.42e-01	2.09e-01	1.55e-01	1.27e-01	2.49e-01	5.76e-02	4.41e-03
 4.65744e+22	0.00e+00	1.12e-19	1.65e-16	6.36e-14	5.27e-12	2.49e-10	1.09e-08	1.01e-05	5.76e-04	9.73e-03	5.18e-02	1.52e-01	2.16e-01	1.55e-01	1.23e-01	2.35e-01	5.23e-02	3.86e-03
 4.70193e+22	0.00e+00	1.52e-19	2.17e-16	8.00e-14	6.37e-12	2.88e-10	1.22e-08	1.13e-05	6.41e-04	1.07e-02	5.58e-02	1.60e-01	2.22e-01	1.55e-01	1.20e-01	2.23e-01	4.83e-02	3.47e-03
 4.74730e+22	0.00e+00	2.26e-19	3.07e-16	1.08e-13	8.14e-12	3.49e-10	1.41e-08	1.30e-05	7.34e-04	1.21e-02	6.14e-02	1.70e-01	2.29e-01	1.55e-01	1.16e-01	2.09e-01	4.35e-02	3.01e-03
 4.79345e+22	0.00e+00	3.04e-19	4.01e-16	1.35e-13	9.83e-12	4.04e-10	1.57e-08	1.45e-05	8.12e-04	1.32e-02	6.58e-02	1.78e-01	2.34e-01	1.54e-01	1.12e-01	1.98e-01	4.01e-02	2.70e-03
 4.84060e+22	0.00e+00	4.50e-19	5.69e-16	1.82e-13	1.26e-11	4.89e-10	1.81e-08	1.66e-05	9.23e-04	1.48e-02	7.20e-02	1.89e-01	2.40e-01	1.53e-01	1.08e-01	1.84e-01	3.59e-02	2.33e-03
 4.88900e+22	0.00e+00	6.10e-19	7.45e-16	2.30e-13	1.52e-11	5.69e-10	2.03e-08	1.84e-05	1.02e-03	1.62e-02	7.70e-02	1.97e-01	2.45e-01	1.52e-01	1.04e-01	1.74e-01	3.29e-02	2.07e-03
 4.93903e+22	0.00e+00	9.04e-19	1.06e-15	3.10e-13	1.95e-11	6.91e-10	2.35e-08	2.11e-05	1.16e-03	1.81e-02	8.37e-02	2.07e-01	2.50e-01	1.50e-01	9.91e-02	1.61e-01	2.93e-02	1.77e-03
 4.98910e+22	2.63e-32	1.22e-18	1.38e-15	3.88e-13	2.36e-11	8.01e-10	2.64e-08	2.33e-05	1.27e-03	1.96e-02	8.90e-02	2.15e-01	2.53e-01	1.48e-01	9.54e-02	1.51e-01	2.67e-02	1.57e-03
 5.03920e+22	3.98e-32	1.78e-18	1.94e-15	5.19e-13	3.00e-11	9.69e-10	3.04e-08	2.64e-05	1.42e-03	2.17e-02	9.62e-02	2.24e-01	2.56e-01	1.45e-01	9.07e-02	1.39e-01	2.37e-02	1.35e-03
 5.09033e+22	5.45e-32	2.38e-18	2.51e-15	6.48e-13	3.61e-11	1.12e-09	3.41e-08	2.91e-05	1.55e-03	2.35e-02	1.02e-01	2.32e-01	2.58e-01	1.43e-01	8.70e-02	1.31e-01	2.16e-02	1.19e-03
 5.14282e+22	8.25e-32	3.49e-18	3.53e-15	8.67e-13	4.61e-11	1.36e-09	3.95e-08	3.30e-05	1.74e-03	2.59e-02	1.09e-01	2.41e-01	2.61e-01	1.39e-01	8.22e-02	1.20e-01	1.91e-02	1.01e-03
 5.19371e+22	1.07e-31	4.50e-18	4.43e-15	1.06e-12	5.44e-11	1.56e-09	4.38e-08	3.59e-05	1.88e-03	2.76e-02	1.15e-01	2.47e-01	2.62e-01	1.37e-01	7.90e-02	1.13e-01	1.75e-02	9.05e-04
 5.24251e+22	1.55e-31	6.31e-18	6.00e-15	1.37e-12	6.76e-11	1.85e-09	5.00e-08	4.00e-05	2.07e-03	3.00e-02	1.22e-01	2.55e-01	2.63e-01	1.33e-01	7.49e-02	1.04e-01	1.56e-02	7.78e-04
 5.29265e+22	2.07e-31	8.22e-18	7.60e-15	1.68e-12	8.02e-11	2.12e-09	5.57e-08	4.36e-05	2.23e-03	3.20e-02	1.28e-01	2.61e-01	2.63e-01	1.30e-01	7.16e-02	9.75e-02	1.42e-02	6.91e-04
 5.34452e+22	3.02e-31	1.17e-17	1.04e-14	2.19e-12	1.00e-10	2.54e-09	6.40e-08	4.87e-05	2.46e-03	3.48e-02	1.36e-01	2.68e-01	2.63e-01	1.26e-01	6.75e-02	8.93e-02	1.25e-02	5.88e-04
 5.39705e+22	3.99e-31	1.51e-17	1.31e-14	2.68e-12	1.19e-10	2.91e-09	7.12e-08	5.30e-05	2.65e-03	3.70e-02	1.42e-01	2.73e-01	2.62e-01	1.23e-01	6.44e-02	8.35e-02	1.14e-02	5.21e-04
 5.45042e+22	5.75e-31	2.11e-17	1.77e-14	3.47e-12	1.48e-10	3.48e-09	8.17e-08	5.90e-05	2.91e-03	4.00e-02	1.50e-01	2.80e-01	2.61e-01	1.19e-01	6.06e-02	7.64e-02	1.01e-02	4.44e-04
 5.50336e+22	7.56e-31	2.71e-17	2.22e-14	4.21e-12	1.74e-10	3.97e-09	9.06e-08	6.40e-05	3.11e-03	4.24e-02	1.56e-01	2.85e-01	2.60e-01	1.16e-01	5.78e-02	7.13e-02	9.16e-03	3.93e-04
 5.55574e+22	1.08e-30	3.76e-17	2.97e-14	5.42e-12	2.16e-10	4.71e-09	1.04e-07	7.08e-05	3.40e-03	4.56e-02	1.64e-01	2.90e-01	2.58e-01	1.11e-01	5.42e-02	6.51e-02	8.07e-03	3.35e-04
 5.60865e+22	1.40e-30	4.77e-17	3.68e-14	6.53e-12	2.53e-10	5.36e-09	1.15e-07	7.66e-05	3.63e-03	4.81e-02	1.70e-01	2.94e-01	2.56e-01	1.08e-01	5.16e-02	6.08e-02	7.35e-03	2.97e-04
 5.66227e+22	1.98e-30	6.57e-17	4.91e-14	8.36e-12	3.12e-10	6.35e-09	1.31e-07	8.47e-05	3.95e-03	5.16e-02	1.78e-01	2.99e-01	2.53e-01	1.04e-01	4.84e-02	5.54e-02	6.47e-03	2.52e-04
 5.71694e+22	2.58e-30	8.38e-17	6.11e-14	1.01e-11	3.67e-10	7.25e-09	1.45e-07	9.17e-05	4.22e-03	5.44e-02	1.84e-01	3.02e-01	2.50e-01	1.01e-01	4.59e-02	5.16e-02	5.86e-03	2.23e-04
 5.77298e+22	3.67e-30	1.16e-16	8.16e-14	1.30e-11	4.53e-10	8.62e-09	1.67e-07	1.02e-04	4.60e-03	5.82e-02	1.93e-01	3.06e-01	2.47e-01	9.63e-02	4.28e-02	4.68e-02	5.13e-03	1.88e-04
 5.83007e+22	1.22e-30	1.48e-16	1.02e-13	1.57e-11	5.34e-10	9.86e-09	1.85e-07	1.10e-04	4.91e-03	6.13e-02	1.99e-01	3.09e-01	2.44e-01	9.30e-02	4.05e-02	4.34e-02	4.63e-03	1.65e-04
 5.88850e+22	1.74e-30	2.04e-16	1.36e-13	2.02e-11	6.62e-10	1.17e-08	2.13e-07	1.22e-04	5.34e-03	6.55e-02	2.08e-01	3.12e-01	2.39e-01	8.86e-02	3.77e-02	3.92e-02	4.03e-03	1.39e-04
 5.94808e+22	2.27e-30	2.61e-16	1.70e-13	2.45e-11	7.81e-10	1.35e-08	2.37e-07	1.32e-04	5.70e-03	6.90e-02	2.15e-01	3.14e-01	2.35e-01	8.52e-02	3.55e-02	3.62e-02	3.62e-03	1.22e-04
 6.00029e+22	2.95e-30	3.31e-16	2.11e-13	2.96e-11	9.17e-10	1.54e-08	2.63e-07	1.43e-04	6.07e-03	7.24e-02	2.21e-01	3.16e-01	2.32e-01	8.20e-02	3.36e-02	3.35e-02	3.26e-03	1.07e-04
 6.05932e+22	4.14e-30	4.51e-16	2.78e-13	3.77e-11	1.13e-09	1.82e-08	3.01e-07	1.58e-04	6.57e-03	7.70e-02	2.30e-01	3.18e-01	2.27e-01	7.79e-02	3.11e-02	3.03e-02	2.84e-03	8.97e-05
 6.11848e+22	5.27e-30	5.62e-16	3.40e-13	4.49e-11	1.31e-09	2.06e-08	3.33e-07	1.71e-04	6.98e-03	8.05e-02	2.36e-01	3.19e-01	2.23e-01	7.49e-02	2.94e-02	2.81e-02	2.57e-03	7.91e-05
 6.17780e+22	7.37e-30	7.63e-16	4.48e-13	5.71e-11	1.61e-09	2.44e-08	3.81e-07	1.88e-04	7.55e-03	8.54e-02	2.44e-01	3.20e-01	2.17e-01	7.10e-02	2.72e-02	2.53e-02	2.24e-03	6.63e-05
 6.23805e+22	9.40e-30	9.53e-16	5.48e-13	6.82e-11	1.88e-09	2.78e-08	4.22e-07	2.03e-04	8.01e-03	8.92e-02	2.50e-01	3.20e-01	2.13e-01	6.81e-02	2.57e-02	2.34e-02	2.02e-03	5.83e-05
 6.29949e+22	1.30e-29	1.28e-15	7.18e-13	8.63e-11	2.30e-09	3.28e-08	4.83e-07	2.25e-04	8.65e-03	9.44e-02	2.59e-01	3.20e-01	2.07e-01	6.44e-02	2.37e-02	2.10e-02	1.75e-03	4.89e-05
 6.36295e+22	1.70e-29	1.64e-15	8.95e-13	1.05e-10	2.71e-09	3.77e-08	5.39e-07	2.44e-04	9.21e-03	9.89e-02	2.65e-01	3.20e-01	2.02e-01	6.14e-02	2.22e-02	1.93e-02	1.56e-03	4.24e-05
 6.42904e+22	2.37e-29	2.21e-15	1.18e-12	1.33e-10	3.34e-09	4.47e-08	6.19e-07	2.70e-04	9.97e-03	1.05e-01	2.73e-01	3.19e-01	1.96e-01	5.78e-02	2.04e-02	1.73e-02	1.35e-03	3.53e-05
 6.49750e+22	3.15e-29	2.86e-15	1.49e-12	1.63e-10	3.99e-09	5.18e-08	6.97e-07	2.95e-04	1.07e-02	1.10e-01	2.80e-01	3.18e-01	1.90e-01	5.48e-02	1.90e-02	1.57e-02	1.19e-03	3.02e-05
 6.56905e+22	4.46e-29	3.92e-15	1.98e-12	2.10e-10	4.95e-09	6.22e-08	8.07e-07	3.29e-04	1.16e-02	1.16e-01	2.89e-01	3.16e-01	1.83e-01	5.12e-02	1.73e-02	1.39e-02	1.01e-03	2.49e-05
 6.64286e+22	6.00e-29	5.13e-15	2.52e-12	2.60e-10	5.96e-09	7.25e-08	9.14e-07	3.60e-04	1.24e-02	1.22e-01	2.96e-01	3.14e-01	1.78e-01	4.83e-02	1.60e-02	1.26e-02	8.86e-04	2.10e-05
 6.71961e+22	8.63e-29	7.12e-15	3.40e-12	3.38e-10	7.48e-09	8.77e-08	1.07e-06	4.03e-04	1.35e-02	1.29e-01	3.04e-01	3.11e-01	1.70e-01	4.48e-02	1.45e-02	1.10e-02	7.49e-04	1.71e-05
 6.79879e+22	1.18e-28	9.40e-15	4.39e-12	4.22e-10	9.07e-09	1.03e-07	1.21e-06	4.44e-04	1.45e-02	1.36e-01	3.11e-01	3.09e-01	1.64e-01	4.20e-02	1.33e-02	9.89e-03	6.48e-04	1.43e-05
 6.87017e+22	1.57e-28	1.22e-14	5.57e-12	5.22e-10	1.09e-08	1.20e-07	1.37e-06	4.87e-04	1.55e-02	1.42e-01	3.17e-01	3.05e-01	1.58e-01	3.95e-02	1.22e-02	8.90e-03	5.65e-04	1.21e-05
 6.95202e+22	2.32e-28	1.74e-14	7.67e-12	6.91e-10	1.39e-08	1.47e-07	1.62e-06	5.49e-04	1.69e-02	1.50e-01	3.26e-01	3.01e-01	1.50e-01	3.62e-02	1.09e-02	7.70e-03	4.68e-04	9.60e-06
 7.03451e+22	3.11e-28	2.25e-14	9.73e-12	8.53e-10	1.67e-08	1.71e-07	1.83e-06	6.02e-04	1.81e-02	1.57e-01	3.31e-01	2.97e-01	1.45e-01	3.39e-02	1.00e-02	6.91e-03	4.07e-04	8.08e-06
 7.11784e+22	4.56e-28	3.18e-14	1.33e-11	1.12e-09	2.12e-08	2.09e-07	2.15e-06	6.78e-04	1.97e-02	1.66e-01	3.39e-01	2.91e-01	1.37e-01	3.10e-02	8.95e-03	5.97e-03	3.37e-04	6.41e-06
 7.20294e+22	6.21e-28	4.21e-14	1.72e-11	1.41e-09	2.57e-08	2.46e-07	2.45e-06	7.46e-04	2.11e-02	1.74e-01	3.44e-01	2.87e-01	1.31e-01	2.88e-02	8.15e-03	5.30e-03	2.89e-04	5.30e-06
 7.29035e+22	9.17e-28	5.97e-14	2.36e-11	1.86e-09	3.28e-08	3.02e-07	2.89e-06	8.41e-04	2.30e-02	1.83e-01	3.51e-01	2.80e-01	1.23e-01	2.62e-02	7.22e-03	4.55e-03	2.37e-04	4.17e-06
 7.37959e+22	1.27e-27	8.01e-14	3.09e-11	2.35e-09	4.02e-08	3.58e-07	3.32e-06	9.30e-04	2.47e-02	1.91e-01	3.56e-01	2.74e-01	1.17e-01	2.42e-02	6.52e-03	3.99e-03	2.00e-04	3.40e-06
 7.45899e+22	1.73e-27	1.06e-13	3.99e-11	2.95e-09	4.89e-08	4.22e-07	3.79e-06	1.02e-03	2.65e-02	2.00e-01	3.61e-01	2.68e-01	1.11e-01	2.23e-02	5.89e-03	3.51e-03	1.70e-04	2.78e-06
 7.54998e+22	2.60e-27	1.54e-13	5.59e-11	3.97e-09	6.32e-08	5.22e-07	4.51e-06	1.16e-03	2.89e-02	2.11e-01	3.67e-01	2.60e-01	1.04e-01	2.01e-02	5.15e-03	2.96e-03	1.37e-04	2.13e-06
 7.63640e+22	3.39e-27	1.96e-13	6.98e-11	4.82e-09	7.49e-08	6.02e-07	5.06e-06	1.26e-03	3.06e-02	2.18e-01	3.70e-01	2.55e-01	9.92e-02	1.87e-02	4.71e-03	2.65e-03	1.18e-04	1.79e-06
 7.71688e+22	4.87e-27	2.74e-13	9.43e-11	6.28e-09	9.41e-08	7.29e-07	5.91e-06	1.41e-03	3.31e-02	2.28e-01	3.74e-01	2.47e-01	9.28e-02	1.69e-02	4.16e-03	2.26e-03	9.67e-05	1.40e-06
 7.79752e+22	6.35e-27	3.50e-13	1.18e-10	7.64e-09	1.12e-07	8.42e-07	6.63e-06	1.53e-03	3.50e-02	2.36e-01	3.77e-01	2.41e-01	8.82e-02	1.56e-02	3.79e-03	2.01e-03	8.32e-05	1.16e-06
 7.87838e+22	8.98e-27	4.83e-13	1.58e-10	9.87e-09	1.40e-07	1.01e-06	7.72e-06	1.71e-03	3.77e-02	2.46e-01	3.80e-01	2.33e-01	8.24e-02	1.41e-02	3.34e-03	1.72e-03	6.80e-05	9.12e-07
 7.96112e+22	1.19e-26	6.29e-13	2.01e-10	1.22e-08	1.68e-07	1.18e-06	8.75e-06	1.87e-03	4.01e-02	2.55e-01	3.82e-01	2.26e-01	7.77e-02	1.29e-02	3.01e-03	1.51e-03	5.75e-05	7.44e-07
 8.04632e+22	1.71e-26	8.87e-13	2.74e-10	1.60e-08	2.13e-07	1.45e-06	1.03e-05	2.09e-03	4.33e-02	2.66e-01	3.85e-01	2.17e-01	7.19e-02	1.15e-02	2.63e-03	1.26e-03	4.61e-05	5.68e-07
 8.13199e+22	2.25e-26	1.15e-12	3.47e-10	1.97e-08	2.55e-07	1.69e-06	1.17e-05	2.29e-03	4.59e-02	2.75e-01	3.86e-01	2.10e-01	6.76e-02	1.05e-02	2.36e-03	1.10e-03	3.88e-05	4.61e-07
 8.21826e+22	3.20e-26	1.62e-12	4.72e-10	2.58e-08	3.24e-07	2.06e-06	1.38e-05	2.57e-03	4.96e-02	2.86e-01	3.87e-01	2.00e-01	6.22e-02	9.35e-03	2.04e-03	9.23e-04	3.09e-05	3.50e-07
 8.30634e+22	4.27e-26	2.13e-12	6.05e-10	3.21e-08	3.92e-07	2.43e-06	1.57e-05	2.82e-03	5.27e-02	2.96e-01	3.87e-01	1.93e-01	5.80e-02	8.46e-03	1.82e-03	7.95e-04	2.56e-05	2.79e-07
 8.39675e+22	6.11e-26	3.02e-12	8.33e-10	4.25e-08	5.03e-07	3.00e-06	1.87e-05	3.18e-03	5.71e-02	3.08e-01	3.86e-01	1.83e-01	5.28e-02	7.41e-03	1.56e-03	6.53e-04	1.99e-05	2.06e-07
 8.48874e+22	8.11e-26	3.99e-12	1.07e-09	5.32e-08	6.14e-07	3.55e-06	2.16e-05	3.51e-03	6.08e-02	3.18e-01	3.85e-01	1.74e-01	4.89e-02	6.65e-03	1.37e-03	5.57e-04	1.63e-05	1.62e-07
 8.58277e+22	1.16e-25	5.71e-12	1.49e-09	7.09e-08	7.94e-07	4.43e-06	2.59e-05	3.98e-03	6.60e-02	3.31e-01	3.83e-01	1.64e-01	4.41e-02	5.74e-03	1.16e-03	4.50e-04	1.25e-05	1.17e-07
 8.67795e+22	1.53e-25	7.54e-12	1.92e-09	8.89e-08	9.73e-07	5.27e-06	3.00e-05	4.41e-03	7.04e-02	3.42e-01	3.81e-01	1.56e-01	4.05e-02	5.11e-03	1.01e-03	3.80e-04	1.01e-05	0.00e+00
 8.75827e+22	1.95e-25	9.68e-12	2.41e-09	1.09e-07	1.17e-06	6.18e-06	3.42e-05	4.83e-03	7.46e-02	3.51e-01	3.78e-01	1.48e-01	3.74e-02	4.57e-03	8.92e-04	3.24e-04	8.24e-06	0.00e+00
 8.84615e+22	2.64e-25	1.33e-11	3.22e-09	1.42e-07	1.48e-06	7.59e-06	4.07e-05	5.44e-03	8.04e-02	3.63e-01	3.74e-01	1.39e-01	3.36e-02	3.95e-03	7.56e-04	2.63e-04	6.34e-06	0.00e+00
 8.93450e+22	3.33e-25	1.70e-11	4.03e-09	1.73e-07	1.78e-06	8.91e-06	4.67e-05	5.98e-03	8.52e-02	3.73e-01	3.70e-01	1.31e-01	3.08e-02	3.52e-03	6.63e-04	2.23e-04	5.15e-06	0.00e+00
 9.02067e+22	4.35e-25	2.26e-11	5.26e-09	2.21e-07	2.23e-06	1.08e-05	5.52e-05	6.70e-03	9.15e-02	3.84e-01	3.64e-01	1.22e-01	2.77e-02	3.04e-03	5.63e-04	1.81e-04	3.98e-06	0.00e+00
 9.10858e+22	5.44e-25	2.88e-11	6.58e-09	2.71e-07	2.69e-06	1.28e-05	6.37e-05	7.39e-03	9.71e-02	3.93e-01	3.58e-01	1.15e-01	2.52e-02	2.68e-03	4.88e-04	1.52e-04	3.19e-06	0.00e+00
 9.19525e+22	6.86e-25	3.76e-11	8.44e-09	3.41e-07	3.34e-06	1.55e-05	7.51e-05	8.27e-03	1.04e-01	4.04e-01	3.51e-01	1.07e-01	2.25e-02	2.31e-03	4.14e-04	1.23e-04	2.46e-06	0.00e+00
 9.28364e+22	8.38e-25	4.76e-11	1.05e-08	4.20e-07	4.05e-06	1.83e-05	8.72e-05	9.15e-03	1.10e-01	4.13e-01	3.44e-01	9.98e-02	2.03e-02	2.01e-03	3.55e-04	1.02e-04	1.94e-06	0.00e+00
 9.37014e+22	1.01e-24	6.04e-11	1.32e-08	5.19e-07	4.95e-06	2.19e-05	1.02e-04	1.02e-02	1.18e-01	4.23e-01	3.36e-01	9.26e-02	1.82e-02	1.74e-03	3.02e-04	8.30e-05	1.50e-06	0.00e+00
 9.45759e+22	1.24e-24	7.55e-11	1.63e-08	6.35e-07	6.00e-06	2.61e-05	1.19e-04	1.13e-02	1.25e-01	4.31e-01	3.28e-01	8.58e-02	1.63e-02	1.50e-03	2.57e-04	6.79e-05	1.17e-06	0.00e+00
 9.54394e+22	1.48e-24	9.35e-11	2.01e-08	7.75e-07	7.26e-06	3.09e-05	1.38e-04	1.25e-02	1.33e-01	4.40e-01	3.20e-01	7.94e-02	1.45e-02	1.30e-03	2.19e-04	5.55e-05	9.13e-07	0.00e+00
 9.63011e+22	1.75e-24	1.15e-10	2.46e-08	9.39e-07	8.74e-06	3.66e-05	1.61e-04	1.38e-02	1.41e-01	4.47e-01	3.10e-01	7.33e-02	1.30e-02	1.12e-03	1.86e-04	4.53e-05	7.11e-07	0.00e+00
 9.71640e+22	2.05e-24	1.40e-10	2.99e-08	1.14e-06	1.05e-05	4.32e-05	1.87e-04	1.53e-02	1.49e-01	4.54e-01	3.01e-01	6.75e-02	1.16e-02	9.63e-04	1.58e-04	3.69e-05	5.51e-07	0.00e+00
 9.80297e+22	2.39e-24	1.68e-10	3.61e-08	1.37e-06	1.26e-05	5.10e-05	2.18e-04	1.69e-02	1.58e-01	4.61e-01	2.91e-01	6.21e-02	1.03e-02	8.28e-04	1.34e-04	3.00e-05	4.28e-07	0.00e+00
 9.88987e+22	2.77e-24	2.02e-10	4.34e-08	1.64e-06	1.51e-05	6.00e-05	2.53e-04	1.87e-02	1.66e-01	4.66e-01	2.81e-01	5.70e-02	9.11e-03	7.10e-04	1.13e-04	2.44e-05	3.31e-07	0.00e+00
 9.97749e+22	3.19e-24	2.40e-10	5.19e-08	1.96e-06	1.80e-05	7.06e-05	2.94e-04	2.07e-02	1.76e-01	4.71e-01	2.71e-01	5.22e-02	8.07e-03	6.08e-04	9.54e-05	1.98e-05	2.56e-07	0.00e+00
 1.00660e+23	3.68e-24	2.84e-10	6.20e-08	2.34e-06	2.14e-05	8.30e-05	3.41e-04	2.28e-02	1.85e-01	4.76e-01	2.60e-01	4.77e-02	7.13e-03	5.20e-04	8.03e-05	1.60e-05	1.97e-07	0.00e+00
 1.01550e+23	4.23e-24	3.34e-10	7.37e-08	2.79e-06	2.55e-05	9.72e-05	3.95e-04	2.51e-02	1.95e-01	4.79e-01	2.50e-01	4.35e-02	6.30e-03	4.44e-04	6.76e-05	1.29e-05	1.52e-07	0.00e+00
 1.02453e+23	4.88e-24	3.91e-10	8.75e-08	3.32e-06	3.03e-05	1.14e-04	4.59e-04	2.78e-02	2.06e-01	4.81e-01	2.39e-01	3.95e-02	5.54e-03	3.77e-04	5.66e-05	1.04e-05	1.16e-07	0.00e+00
 1.03366e+23	5.62e-24	4.55e-10	1.03e-07	3.93e-06	3.59e-05	1.33e-04	5.32e-04	3.05e-02	2.16e-01	4.83e-01	2.28e-01	3.59e-02	4.88e-03	3.22e-04	4.75e-05	8.38e-06	0.00e+00	0.00e+00
 1.04297e+23	2.46e-23	5.29e-10	1.23e-07	4.68e-06	4.27e-05	1.57e-04	6.19e-04	3.37e-02	2.27e-01	4.84e-01	2.17e-01	3.24e-02	4.26e-03	2.72e-04	3.95e-05	6.68e-06	0.00e+00	0.00e+00
 1.05244e+23	2.86e-23	6.12e-10	1.45e-07	5.53e-06	5.05e-05	1.83e-04	7.17e-04	3.71e-02	2.38e-01	4.84e-01	2.07e-01	2.93e-02	3.73e-03	2.30e-04	3.30e-05	5.36e-06	0.00e+00	0.00e+00
 1.06111e+23	3.28e-23	6.89e-10	1.66e-07	6.36e-06	5.81e-05	2.08e-04	8.11e-04	4.01e-02	2.47e-01	4.83e-01	1.98e-01	2.69e-02	3.34e-03	2.00e-04	2.83e-05	4.44e-06	0.00e+00	0.00e+00
 1.07017e+23	3.87e-23	7.96e-10	1.97e-07	7.57e-06	6.92e-05	2.45e-04	9.47e-04	4.43e-02	2.60e-01	4.81e-01	1.87e-01	2.41e-02	2.89e-03	1.67e-04	2.33e-05	3.50e-06	0.00e+00	0.00e+00
 1.07937e+23	4.48e-23	8.97e-10	2.27e-07	8.72e-06	7.96e-05	2.78e-04	1.07e-03	4.79e-02	2.69e-01	4.79e-01	1.78e-01	2.20e-02	2.58e-03	1.45e-04	1.99e-05	2.89e-06	0.00e+00	0.00e+00
 1.08885e+23	5.42e-23	1.04e-09	2.71e-07	1.04e-05	9.51e-05	3.28e-04	1.25e-03	5.30e-02	2.82e-01	4.75e-01	1.67e-01	1.96e-02	2.22e-03	1.21e-04	1.62e-05	2.26e-06	0.00e+00	0.00e+00
 1.09837e+23	6.32e-23	1.17e-09	3.11e-07	1.20e-05	1.09e-04	3.72e-04	1.41e-03	5.71e-02	2.92e-01	4.71e-01	1.59e-01	1.78e-02	1.97e-03	1.04e-04	1.38e-05	1.86e-06	0.00e+00	0.00e+00
 1.10795e+23	7.70e-23	1.34e-09	3.70e-07	1.42e-05	1.30e-04	4.36e-04	1.65e-03	6.30e-02	3.04e-01	4.65e-01	1.48e-01	1.58e-02	1.69e-03	8.64e-05	1.13e-05	1.45e-06	0.00e+00	0.00e+00
 1.11756e+23	9.10e-23	1.51e-09	4.25e-07	1.63e-05	1.48e-04	4.92e-04	1.85e-03	6.76e-02	3.13e-01	4.60e-01	1.41e-01	1.44e-02	1.51e-03	7.49e-05	9.64e-06	1.20e-06	0.00e+00	0.00e+00
 1.12721e+23	1.12e-22	1.74e-09	5.06e-07	1.94e-05	1.76e-04	5.75e-04	2.14e-03	7.42e-02	3.26e-01	4.52e-01	1.31e-01	1.27e-02	1.29e-03	6.20e-05	7.85e-06	9.37e-07	0.00e+00	0.00e+00
 1.13696e+23	1.34e-22	1.96e-09	5.82e-07	2.22e-05	2.00e-04	6.48e-04	2.40e-03	7.96e-02	3.35e-01	4.46e-01	1.24e-01	1.16e-02	1.15e-03	5.36e-05	6.69e-06	7.73e-07	0.00e+00	0.00e+00
 1.14684e+23	1.68e-22	2.26e-09	6.96e-07	2.65e-05	2.37e-04	7.55e-04	2.78e-03	8.70e-02	3.47e-01	4.37e-01	1.14e-01	1.02e-02	9.82e-04	4.43e-05	5.43e-06	6.00e-07	0.00e+00	0.00e+00
 1.15685e+23	2.02e-22	2.56e-09	8.04e-07	3.04e-05	2.71e-04	8.50e-04	3.11e-03	9.32e-02	3.56e-01	4.29e-01	1.08e-01	9.21e-03	8.69e-04	3.81e-05	4.61e-06	4.93e-07	0.00e+00	0.00e+00
 1.16702e+23	2.58e-22	2.97e-09	9.66e-07	3.63e-05	3.21e-04	9.89e-04	3.59e-03	1.02e-01	3.67e-01	4.19e-01	9.92e-02	8.06e-03	7.40e-04	3.13e-05	3.72e-06	3.81e-07	0.00e+00	0.00e+00
 1.17738e+23	3.16e-22	3.38e-09	1.12e-06	4.18e-05	3.67e-04	1.11e-03	4.02e-03	1.09e-01	3.75e-01	4.10e-01	9.29e-02	7.26e-03	6.52e-04	2.68e-05	3.14e-06	3.11e-07	0.00e+00	0.00e+00
 1.18797e+23	4.11e-22	3.97e-09	1.36e-06	5.02e-05	4.35e-04	1.30e-03	4.64e-03	1.18e-01	3.86e-01	3.97e-01	8.50e-02	6.32e-03	5.51e-04	2.19e-05	2.51e-06	2.38e-07	0.00e+00	0.00e+00
 1.19881e+23	5.14e-22	4.57e-09	1.60e-06	5.83e-05	4.99e-04	1.46e-03	5.19e-03	1.27e-01	3.94e-01	3.87e-01	7.91e-02	5.65e-03	4.82e-04	1.86e-05	2.11e-06	1.93e-07	0.00e+00	0.00e+00
 1.20995e+23	6.84e-22	5.43e-09	1.96e-06	7.04e-05	5.95e-04	1.71e-03	6.00e-03	1.38e-01	4.03e-01	3.74e-01	7.18e-02	4.87e-03	4.04e-04	1.50e-05	1.67e-06	1.46e-07	0.00e+00	0.00e+00
 1.22134e+23	8.74e-22	6.33e-09	2.32e-06	8.23e-05	6.85e-04	1.93e-03	6.71e-03	1.47e-01	4.10e-01	3.63e-01	6.65e-02	4.34e-03	3.52e-04	1.27e-05	1.39e-06	0.00e+00	0.00e+00	0.00e+00
 1.23092e+23	1.08e-21	7.22e-09	2.70e-06	9.43e-05	7.75e-04	2.14e-03	7.40e-03	1.55e-01	4.16e-01	3.52e-01	6.19e-02	3.90e-03	3.10e-04	1.09e-05	1.18e-06	0.00e+00	0.00e+00	0.00e+00
 1.24127e+23	1.44e-21	8.57e-09	3.27e-06	1.12e-04	9.08e-04	2.46e-03	8.39e-03	1.67e-01	4.22e-01	3.39e-01	5.64e-02	3.40e-03	2.64e-04	8.97e-06	9.50e-07	0.00e+00	0.00e+00	0.00e+00
 1.25136e+23	1.77e-21	9.77e-09	3.77e-06	1.28e-04	1.02e-03	2.71e-03	9.16e-03	1.75e-01	4.27e-01	3.29e-01	5.27e-02	3.07e-03	2.34e-04	7.78e-06	8.15e-07	0.00e+00	0.00e+00	0.00e+00
 1.26111e+23	2.32e-21	1.15e-08	4.51e-06	1.51e-04	1.18e-03	3.07e-03	1.03e-02	1.86e-01	4.32e-01	3.16e-01	4.80e-02	2.69e-03	2.00e-04	6.45e-06	6.64e-07	0.00e+00	0.00e+00	0.00e+00
 1.27095e+23	2.91e-21	1.32e-08	5.23e-06	1.72e-04	1.32e-03	3.38e-03	1.12e-02	1.95e-01	4.35e-01	3.07e-01	4.48e-02	2.43e-03	1.78e-04	5.60e-06	5.69e-07	0.00e+00	0.00e+00	0.00e+00
 1.28092e+23	3.87e-21	1.57e-08	6.30e-06	2.03e-04	1.53e-03	3.82e-03	1.25e-02	2.07e-01	4.38e-01	2.94e-01	4.07e-02	2.12e-03	1.52e-04	4.62e-06	4.63e-07	0.00e+00	0.00e+00	0.00e+00
 1.29103e+23	4.92e-21	1.83e-08	7.35e-06	2.33e-04	1.72e-03	4.21e-03	1.36e-02	2.17e-01	4.40e-01	2.84e-01	3.78e-02	1.91e-03	1.34e-04	3.99e-06	3.94e-07	0.00e+00	0.00e+00	0.00e+00
 1.30132e+23	6.66e-21	2.20e-08	8.92e-06	2.76e-04	1.99e-03	4.76e-03	1.52e-02	2.30e-01	4.42e-01	2.70e-01	3.41e-02	1.66e-03	1.14e-04	3.28e-06	3.18e-07	0.00e+00	0.00e+00	0.00e+00
 1.31177e+23	8.61e-21	2.58e-08	1.05e-05	3.18e-04	2.24e-03	5.24e-03	1.65e-02	2.40e-01	4.43e-01	2.60e-01	3.16e-02	1.49e-03	1.00e-04	2.81e-06	2.70e-07	0.00e+00	0.00e+00	0.00e+00
 1.32240e+23	1.19e-20	3.14e-08	1.28e-05	3.79e-04	2.60e-03	5.94e-03	1.84e-02	2.53e-01	4.43e-01	2.47e-01	2.83e-02	1.28e-03	8.44e-05	2.29e-06	2.16e-07	0.00e+00	0.00e+00	0.00e+00
 1.33321e+23	1.56e-20	3.72e-08	1.51e-05	4.38e-04	2.93e-03	6.54e-03	1.99e-02	2.64e-01	4.43e-01	2.36e-01	2.60e-02	1.14e-03	7.39e-05	1.96e-06	1.82e-07	0.00e+00	0.00e+00	0.00e+00
 1.34424e+23	2.20e-20	4.59e-08	1.86e-05	5.26e-04	3.41e-03	7.41e-03	2.22e-02	2.78e-01	4.41e-01	2.23e-01	2.32e-02	9.82e-04	6.19e-05	1.58e-06	1.45e-07	0.00e+00	0.00e+00	0.00e+00
 1.35556e+23	2.95e-20	5.52e-08	2.21e-05	6.12e-04	3.86e-03	8.18e-03	2.41e-02	2.89e-01	4.39e-01	2.13e-01	2.12e-02	8.69e-04	5.37e-05	1.34e-06	1.21e-07	0.00e+00	0.00e+00	0.00e+00
 1.36723e+23	4.30e-20	6.93e-08	2.76e-05	7.42e-04	4.53e-03	9.29e-03	2.68e-02	3.04e-01	4.36e-01	1.99e-01	1.87e-02	7.38e-04	4.44e-05	1.07e-06	0.00e+00	0.00e+00	0.00e+00	0.00e+00
 1.37920e+23	5.92e-20	8.43e-08	3.32e-05	8.69e-04	5.15e-03	1.03e-02	2.91e-02	3.16e-01	4.32e-01	1.89e-01	1.70e-02	6.47e-04	3.82e-05	8.95e-07	0.00e+00	0.00e+00	0.00e+00	0.00e+00
 1.39155e+23	8.94e-20	1.08e-07	4.19e-05	1.06e-03	6.06e-03	1.17e-02	3.24e-02	3.31e-01	4.26e-01	1.75e-01	1.49e-02	5.44e-04	3.12e-05	7.07e-07	0.00e+00	0.00e+00	0.00e+00	0.00e+00
 1.40403e+23	1.26e-19	1.33e-07	5.06e-05	1.25e-03	6.88e-03	1.29e-02	3.50e-02	3.43e-01	4.21e-01	1.66e-01	1.34e-02	4.76e-04	2.68e-05	5.89e-07	0.00e+00	0.00e+00	0.00e+00	0.00e+00
 1.41668e+23	1.94e-19	1.72e-07	6.42e-05	1.53e-03	8.11e-03	1.47e-02	3.89e-02	3.58e-01	4.13e-01	1.53e-01	1.16e-02	3.97e-04	2.17e-05	4.61e-07	0.00e+00	0.00e+00	0.00e+00	0.00e+00
 1.42947e+23	2.78e-19	2.13e-07	7.77e-05	1.80e-03	9.21e-03	1.62e-02	4.19e-02	3.69e-01	4.07e-01	1.44e-01	1.05e-02	3.46e-04	1.85e-05	3.82e-07	0.00e+00	0.00e+00	0.00e+00	0.00e+00
 1.44241e+23	4.41e-19	2.78e-07	9.90e-05	2.21e-03	1.08e-02	1.84e-02	4.62e-02	3.84e-01	3.97e-01	1.32e-01	9.02e-03	2.88e-04	1.49e-05	2.97e-07	0.00e+00	0.00e+00	0.00e+00	0.00e+00
 1.45559e+23	6.52e-19	3.47e-07	1.20e-04	2.61e-03	1.23e-02	2.03e-02	4.98e-02	3.95e-01	3.89e-01	1.23e-01	8.05e-03	2.49e-04	1.26e-05	2.44e-07	0.00e+00	0.00e+00	0.00e+00	0.00e+00
 1.46721e+23	9.54e-19	4.30e-07	1.46e-04	3.07e-03	1.40e-02	2.23e-02	5.35e-02	4.05e-01	3.80e-01	1.15e-01	7.15e-03	2.15e-04	1.07e-05	2.01e-07	0.00e+00	0.00e+00	0.00e+00	0.00e+00
 1.48045e+23	1.58e-18	5.67e-07	1.86e-04	3.76e-03	1.63e-02	2.51e-02	5.84e-02	4.17e-01	3.68e-01	1.05e-01	6.14e-03	1.78e-04	8.57e-06	1.56e-07	0.00e+00	0.00e+00	0.00e+00	0.00e+00
 1.49396e+23	2.21e-18	7.11e-07	2.26e-04	4.44e-03	1.86e-02	2.76e-02	6.28e-02	4.27e-01	3.57e-01	9.67e-02	5.39e-03	1.52e-04	7.14e-06	1.26e-07	0.00e+00	0.00e+00	0.00e+00	0.00e+00
 1.50493e+23	4.20e-19	8.65e-07	2.68e-04	5.11e-03	2.06e-02	2.99e-02	6.65e-02	4.34e-01	3.48e-01	9.04e-02	4.84e-03	1.33e-04	6.12e-06	0.00e+00	0.00e+00	0.00e+00	0.00e+00	0.00e+00
 1.51630e+23	5.29e-19	1.09e-06	3.26e-04	6.03e-03	2.34e-02	3.28e-02	7.09e-02	4.42e-01	3.37e-01	8.33e-02	4.25e-03	1.14e-04	5.10e-06	0.00e+00	0.00e+00	0.00e+00	0.00e+00	0.00e+00
 1.52827e+23	7.30e-19	1.34e-06	3.89e-04	6.98e-03	2.61e-02	3.55e-02	7.51e-02	4.48e-01	3.26e-01	7.72e-02	3.78e-03	9.84e-05	4.32e-06	0.00e+00	0.00e+00	0.00e+00	0.00e+00	0.00e+00
 1.53926e+23	1.00e-18	1.64e-06	4.62e-04	8.04e-03	2.90e-02	3.84e-02	7.92e-02	4.54e-01	3.16e-01	7.16e-02	3.36e-03	8.54e-05	3.67e-06	0.00e+00	0.00e+00	0.00e+00	0.00e+00	0.00e+00
 1.55179e+23	5.44e-18	2.11e-06	5.73e-04	9.60e-03	3.31e-02	4.22e-02	8.45e-02	4.60e-01	3.02e-01	6.49e-02	2.89e-03	7.13e-05	2.98e-06	0.00e+00	0.00e+00	0.00e+00	0.00e+00	0.00e+00
 1.56465e+23	3.84e-17	2.63e-06	6.90e-04	1.12e-02	3.71e-02	4.58e-02	8.94e-02	4.64e-01	2.90e-01	5.94e-02	2.52e-03	6.06e-05	2.47e-06	0.00e+00	0.00e+00	0.00e+00	0.00e+00	0.00e+00
 1.57595e+23	6.88e-17	3.23e-06	8.18e-04	1.29e-02	4.10e-02	4.92e-02	9.37e-02	4.67e-01	2.79e-01	5.47e-02	2.22e-03	5.23e-05	2.08e-06	0.00e+00	0.00e+00	0.00e+00	0.00e+00	0.00e+00
 1.58863e+23	1.52e-16	4.16e-06	1.01e-03	1.53e-02	4.64e-02	5.36e-02	9.91e-02	4.69e-01	2.65e-01	4.92e-02	1.90e-03	4.35e-05	1.68e-06	0.00e+00	0.00e+00	0.00e+00	0.00e+00	0.00e+00
 1.60193e+23	5.03e-16	5.22e-06	1.22e-03	1.78e-02	5.19e-02	5.79e-02	1.04e-01	4.69e-01	2.52e-01	4.44e-02	1.64e-03	3.65e-05	1.37e-06	0.00e+00	0.00e+00	0.00e+00	0.00e+00	0.00e+00
 1.61398e+23	3.54e-17	6.44e-06	1.45e-03	2.05e-02	5.73e-02	6.20e-02	1.09e-01	4.69e-01	2.40e-01	4.04e-02	1.43e-03	3.11e-05	1.14e-06	0.00e+00	0.00e+00	0.00e+00	0.00e+00	0.00e+00
 1.62757e+23	1.62e-17	8.40e-06	1.80e-03	2.43e-02	6.48e-02	6.74e-02	1.14e-01	4.66e-01	2.24e-01	3.58e-02	1.20e-03	2.53e-05	9.00e-07	0.00e+00	0.00e+00	0.00e+00	0.00e+00	0.00e+00
 1.64161e+23	2.38e-17	1.06e-05	2.17e-03	2.83e-02	7.20e-02	7.23e-02	1.19e-01	4.62e-01	2.11e-01	3.19e-02	1.02e-03	2.10e-05	7.26e-07	0.00e+00	0.00e+00	0.00e+00	0.00e+00	0.00e+00
 1.65411e+23	3.49e-17	1.31e-05	2.58e-03	3.25e-02	7.92e-02	7.69e-02	1.23e-01	4.57e-01	1.99e-01	2.87e-02	8.73e-04	1.76e-05	5.93e-07	0.00e+00	0.00e+00	0.00e+00	0.00e+00	0.00e+00
 1.66826e+23	5.77e-17	1.71e-05	3.20e-03	3.84e-02	8.89e-02	8.28e-02	1.28e-01	4.50e-01	1.83e-01	2.50e-02	7.19e-04	1.41e-05	4.59e-07	0.00e+00	0.00e+00	0.00e+00	0.00e+00	0.00e+00
 1.68297e+23	9.61e-17	2.16e-05	3.86e-03	4.45e-02	9.81e-02	8.81e-02	1.32e-01	4.41e-01	1.70e-01	2.19e-02	6.01e-04	1.15e-05	3.63e-07	0.00e+00	0.00e+00	0.00e+00	0.00e+00	0.00e+00
 1.69620e+23	1.48e-16	2.68e-05	4.58e-03	5.08e-02	1.07e-01	9.31e-02	1.36e-01	4.31e-01	1.58e-01	1.94e-02	5.07e-04	9.48e-06	2.91e-07	0.00e+00	0.00e+00	0.00e+00	0.00e+00	0.00e+00
 1.71121e+23	2.74e-16	3.52e-05	5.68e-03	6.00e-02	1.19e-01	9.92e-02	1.40e-01	4.17e-01	1.42e-01	1.64e-02	4.06e-04	7.37e-06	2.18e-07	0.00e+00	0.00e+00	0.00e+00	0.00e+00	0.00e+00
 1.72667e+23	5.08e-16	4.42e-05	6.79e-03	6.88e-02	1.30e-01	1.04e-01	1.42e-01	4.03e-01	1.30e-01	1.42e-02	3.34e-04	5.93e-06	1.70e-07	0.00e+00	0.00e+00	0.00e+00	0.00e+00	0.00e+00
 1.74056e+23	8.55e-16	5.50e-05	8.04e-03	7.81e-02	1.41e-01	1.09e-01	1.44e-01	3.89e-01	1.18e-01	1.23e-02	2.76e-04	4.78e-06	1.33e-07	0.00e+00	0.00e+00	0.00e+00	0.00e+00	0.00e+00
 1.75650e+23	1.95e-15	7.24e-05	9.94e-03	9.16e-02	1.55e-01	1.15e-01	1.46e-01	3.68e-01	1.04e-01	1.01e-02	2.14e-04	3.60e-06	0.00e+00	0.00e+00	0.00e+00	0.00e+00	0.00e+00	0.00e+00
 1.77259e+23	4.50e-15	9.00e-05	1.17e-02	1.03e-01	1.67e-01	1.19e-01	1.46e-01	3.50e-01	9.36e-02	8.60e-03	1.73e-04	2.84e-06	0.00e+00	0.00e+00	0.00e+00	0.00e+00	0.00e+00	0.00e+00
 1.78889e+23	1.12e-14	1.17e-04	1.43e-02	1.20e-01	1.81e-01	1.23e-01	1.46e-01	3.27e-01	8.14e-02	7.00e-03	1.33e-04	2.12e-06	0.00e+00	0.00e+00	0.00e+00	0.00e+00	0.00e+00	0.00e+00
 1.80544e+23	3.60e-14	1.46e-04	1.68e-02	1.34e-01	1.93e-01	1.26e-01	1.45e-01	3.08e-01	7.19e-02	5.85e-03	1.06e-04	1.65e-06	0.00e+00	0.00e+00	0.00e+00	0.00e+00	0.00e+00	0.00e+00
 1.82013e+23	1.00e-13	1.79e-04	1.96e-02	1.49e-01	2.04e-01	1.28e-01	1.43e-01	2.88e-01	6.34e-02	4.89e-03	8.43e-05	1.28e-06	0.00e+00	0.00e+00	0.00e+00	0.00e+00	0.00e+00	0.00e+00
 1.83700e+23	5.00e-13	2.32e-04	2.37e-02	1.70e-01	2.17e-01	1.30e-01	1.40e-01	2.62e-01	5.35e-02	3.84e-03	6.24e-05	9.19e-07	0.00e+00	0.00e+00	0.00e+00	0.00e+00	0.00e+00	0.00e+00
 1.85412e+23	2.59e-12	2.83e-04	2.74e-02	1.87e-01	2.27e-01	1.31e-01	1.36e-01	2.42e-01	4.63e-02	3.15e-03	4.88e-05	7.01e-07	0.00e+00	0.00e+00	0.00e+00	0.00e+00	0.00e+00	0.00e+00
 1.87155e+23	2.58e-11	3.64e-04	3.27e-02	2.10e-01	2.38e-01	1.31e-01	1.31e-01	2.16e-01	3.83e-02	2.42e-03	3.53e-05	4.92e-07	0.00e+00	0.00e+00	0.00e+00	0.00e+00	0.00e+00	0.00e+00
 1.88919e+23	1.96e-10	4.43e-04	3.75e-02	2.29e-01	2.45e-01	1.31e-01	1.26e-01	1.97e-01	3.26e-02	1.95e-03	2.71e-05	3.69e-07	0.00e+00	0.00e+00	0.00e+00	0.00e+00	0.00e+00	0.00e+00
 1.90709e+23	1.85e-09	5.65e-04	4.44e-02	2.54e-01	2.53e-01	1.29e-01	1.19e-01	1.73e-01	2.64e-02	1.47e-03	1.92e-05	2.53e-07	0.00e+00	0.00e+00	0.00e+00	0.00e+00	0.00e+00	0.00e+00
 1.92523e+23	3.42e-09	6.82e-04	5.05e-02	2.74e-01	2.58e-01	1.26e-01	1.13e-01	1.55e-01	2.21e-02	1.16e-03	1.45e-05	1.86e-07	0.00e+00	0.00e+00	0.00e+00	0.00e+00	0.00e+00	0.00e+00
 1.94101e+23	5.22e-09	8.13e-04	5.68e-02	2.93e-01	2.62e-01	1.23e-01	1.07e-01	1.38e-01	1.86e-02	9.24e-04	1.10e-05	1.38e-07	0.00e+00	0.00e+00	0.00e+00	0.00e+00	0.00e+00	0.00e+00
 1.95881e+23	8.72e-09	1.02e-03	6.57e-02	3.17e-01	2.64e-01	1.19e-01	9.88e-02	1.19e-01	1.47e-02	6.82e-04	7.69e-06	0.00e+00	0.00e+00	0.00e+00	0.00e+00	0.00e+00	0.00e+00	0.00e+00
 1.97579e+23	1.21e-08	1.18e-03	7.23e-02	3.33e-01	2.65e-01	1.15e-01	9.33e-02	1.07e-01	1.25e-02	5.53e-04	5.99e-06	0.00e+00	0.00e+00	0.00e+00	0.00e+00	0.00e+00	0.00e+00	0.00e+00
 1.99170e+23	1.82e-08	1.42e-03	8.16e-02	3.53e-01	2.64e-01	1.11e-01	8.63e-02	9.26e-02	1.01e-02	4.17e-04	4.30e-06	0.00e+00	0.00e+00	0.00e+00	0.00e+00	0.00e+00	0.00e+00	0.00e+00
 2.00762e+23	2.45e-08	1.64e-03	8.91e-02	3.68e-01	2.62e-01	1.07e-01	8.09e-02	8.25e-02	8.48e-03	3.35e-04	3.33e-06	0.00e+00	0.00e+00	0.00e+00	0.00e+00	0.00e+00	0.00e+00	0.00e+00
 2.02356e+23	3.48e-08	1.95e-03	9.92e-02	3.86e-01	2.59e-01	1.01e-01	7.43e-02	7.12e-02	6.81e-03	2.54e-04	2.41e-06	0.00e+00	0.00e+00	0.00e+00	0.00e+00	0.00e+00	0.00e+00	0.00e+00
 2.04007e+23	4.77e-08	2.27e-03	1.09e-01	4.01e-01	2.55e-01	9.64e-02	6.86e-02	6.21e-02	5.57e-03	1.97e-04	1.79e-06	0.00e+00	0.00e+00	0.00e+00	0.00e+00	0.00e+00	0.00e+00	0.00e+00
 2.05486e+23	6.25e-08	2.60e-03	1.18e-01	4.14e-01	2.51e-01	9.19e-02	6.36e-02	5.46e-02	4.62e-03	1.56e-04	1.36e-06	0.00e+00	0.00e+00	0.00e+00	0.00e+00	0.00e+00	0.00e+00	0.00e+00
 2.07164e+23	8.82e-08	3.09e-03	1.31e-01	4.29e-01	2.44e-01	8.61e-02	5.74e-02	4.61e-02	3.62e-03	1.15e-04	9.57e-07	0.00e+00	0.00e+00	0.00e+00	0.00e+00	0.00e+00	0.00e+00	0.00e+00
 2.08871e+23	1.16e-07	3.55e-03	1.42e-01	4.41e-01	2.38e-01	8.12e-02	5.26e-02	3.99e-02	2.93e-03	8.83e-05	7.09e-07	0.00e+00	0.00e+00	0.00e+00	0.00e+00	0.00e+00	0.00e+00	0.00e+00
 2.10390e+23	1.49e-07	4.05e-03	1.53e-01	4.50e-01	2.31e-01	7.66e-02	4.82e-02	3.47e-02	2.40e-03	6.88e-05	5.32e-07	0.00e+00	0.00e+00	0.00e+00	0.00e+00	0.00e+00	0.00e+00	0.00e+00
 2.11863e+23	1.89e-07	4.59e-03	1.64e-01	4.59e-01	2.24e-01	7.23e-02	4.42e-02	3.02e-02	1.97e-03	5.41e-05	4.04e-07	0.00e+00	0.00e+00	0.00e+00	0.00e+00	0.00e+00	0.00e+00	0.00e+00
 2.13222e+23	2.34e-07	5.13e-03	1.74e-01	4.66e-01	2.18e-01	6.84e-02	4.08e-02	2.66e-02	1.64e-03	4.33e-05	3.12e-07	0.00e+00	0.00e+00	0.00e+00	0.00e+00	0.00e+00	0.00e+00	0.00e+00
 2.14709e+23	3.00e-07	5.86e-03	1.87e-01	4.73e-01	2.09e-01	6.38e-02	3.69e-02	2.27e-02	1.32e-03	3.29e-05	2.29e-07	0.00e+00	0.00e+00	0.00e+00	0.00e+00	0.00e+00	0.00e+00	0.00e+00
 2.16219e+23	3.70e-07	6.56e-03	1.99e-01	4.78e-01	2.02e-01	6.00e-02	3.39e-02	1.98e-02	1.08e-03	2.60e-05	1.75e-07	0.00e+00	0.00e+00	0.00e+00	0.00e+00	0.00e+00	0.00e+00	0.00e+00
 2.17537e+23	4.47e-07	7.26e-03	2.10e-01	4.81e-01	1.95e-01	5.66e-02	3.11e-02	1.74e-02	9.04e-04	2.08e-05	1.36e-07	0.00e+00	0.00e+00	0.00e+00	0.00e+00	0.00e+00	0.00e+00	0.00e+00
 2.19028e+23	5.63e-07	8.25e-03	2.24e-01	4.85e-01	1.87e-01	5.25e-02	2.80e-02	1.48e-02	7.17e-04	1.57e-05	0.00e+00	0.00e+00	0.00e+00	0.00e+00	0.00e+00	0.00e+00	0.00e+00	0.00e+00
 2.20551e+23	6.82e-07	9.17e-03	2.37e-01	4.87e-01	1.79e-01	4.91e-02	2.55e-02	1.28e-02	5.88e-04	1.24e-05	0.00e+00	0.00e+00	0.00e+00	0.00e+00	0.00e+00	0.00e+00	0.00e+00	0.00e+00
 2.21901e+23	8.19e-07	1.02e-02	2.49e-01	4.88e-01	1.72e-01	4.60e-02	2.33e-02	1.11e-02	4.85e-04	9.82e-06	0.00e+00	0.00e+00	0.00e+00	0.00e+00	0.00e+00	0.00e+00	0.00e+00	0.00e+00
 2.23444e+23	1.02e-06	1.15e-02	2.65e-01	4.88e-01	1.63e-01	4.23e-02	2.08e-02	9.36e-03	3.80e-04	7.34e-06	0.00e+00	0.00e+00	0.00e+00	0.00e+00	0.00e+00	0.00e+00	0.00e+00	0.00e+00
 2.25011e+23	1.22e-06	1.27e-02	2.78e-01	4.87e-01	1.55e-01	3.93e-02	1.88e-02	8.07e-03	3.09e-04	5.73e-06	0.00e+00	0.00e+00	0.00e+00	0.00e+00	0.00e+00	0.00e+00	0.00e+00	0.00e+00
 2.26398e+23	1.45e-06	1.40e-02	2.92e-01	4.85e-01	1.48e-01	3.66e-02	1.71e-02	6.97e-03	2.53e-04	4.51e-06	0.00e+00	0.00e+00	0.00e+00	0.00e+00	0.00e+00	0.00e+00	0.00e+00	0.00e+00
 2.27990e+23	1.79e-06	1.59e-02	3.09e-01	4.82e-01	1.39e-01	3.34e-02	1.51e-02	5.79e-03	1.96e-04	3.33e-06	0.00e+00	0.00e+00	0.00e+00	0.00e+00	0.00e+00	0.00e+00	0.00e+00	0.00e+00
 2.29599e+23	2.13e-06	1.75e-02	3.24e-01	4.78e-01	1.32e-01	3.09e-02	1.36e-02	4.96e-03	1.58e-04	2.59e-06	0.00e+00	0.00e+00	0.00e+00	0.00e+00	0.00e+00	0.00e+00	0.00e+00	0.00e+00
 2.31015e+23	2.51e-06	1.93e-02	3.38e-01	4.73e-01	1.25e-01	2.86e-02	1.22e-02	4.26e-03	1.28e-04	2.02e-06	0.00e+00	0.00e+00	0.00e+00	0.00e+00	0.00e+00	0.00e+00	0.00e+00	0.00e+00
 2.32641e+23	3.06e-06	2.17e-02	3.56e-01	4.66e-01	1.16e-01	2.60e-02	1.07e-02	3.52e-03	9.87e-05	1.48e-06	0.00e+00	0.00e+00	0.00e+00	0.00e+00	0.00e+00	0.00e+00	0.00e+00	0.00e+00
 2.34296e+23	3.60e-06	2.39e-02	3.71e-01	4.59e-01	1.09e-01	2.39e-02	9.58e-03	2.99e-03	7.90e-05	1.14e-06	0.00e+00	0.00e+00	0.00e+00	0.00e+00	0.00e+00	0.00e+00	0.00e+00	0.00e+00
 2.35989e+23	4.38e-06	2.69e-02	3.90e-01	4.50e-01	1.01e-01	2.15e-02	8.32e-03	2.44e-03	6.00e-05	8.27e-07	0.00e+00	0.00e+00	0.00e+00	0.00e+00	0.00e+00	0.00e+00	0.00e+00	0.00e+00
 2.37702e+23	5.15e-06	2.96e-02	4.06e-01	4.41e-01	9.48e-02	1.96e-02	7.39e-03	2.06e-03	4.75e-05	6.30e-07	0.00e+00	0.00e+00	0.00e+00	0.00e+00	0.00e+00	0.00e+00	0.00e+00	0.00e+00
 2.39442e+23	6.23e-06	3.32e-02	4.25e-01	4.29e-01	8.72e-02	1.75e-02	6.38e-03	1.67e-03	3.58e-05	4.53e-07	0.00e+00	0.00e+00	0.00e+00	0.00e+00	0.00e+00	0.00e+00	0.00e+00	0.00e+00
 2.41215e+23	7.30e-06	3.65e-02	4.41e-01	4.19e-01	8.12e-02	1.59e-02	5.62e-03	1.40e-03	2.81e-05	3.42e-07	0.00e+00	0.00e+00	0.00e+00	0.00e+00	0.00e+00	0.00e+00	0.00e+00	0.00e+00
 2.43031e+23	8.82e-06	4.09e-02	4.60e-01	4.05e-01	7.41e-02	1.41e-02	4.80e-03	1.12e-03	2.09e-05	2.43e-07	0.00e+00	0.00e+00	0.00e+00	0.00e+00	0.00e+00	0.00e+00	0.00e+00	0.00e+00
 2.44879e+23	1.03e-05	4.50e-02	4.76e-01	3.93e-01	6.85e-02	1.27e-02	4.20e-03	9.32e-04	1.62e-05	1.81e-07	0.00e+00	0.00e+00	0.00e+00	0.00e+00	0.00e+00	0.00e+00	0.00e+00	0.00e+00
 2.46519e+23	1.19e-05	4.92e-02	4.91e-01	3.81e-01	6.34e-02	1.15e-02	3.68e-03	7.78e-04	1.27e-05	1.37e-07	0.00e+00	0.00e+00	0.00e+00	0.00e+00	0.00e+00	0.00e+00	0.00e+00	0.00e+00
 2.48403e+23	1.43e-05	5.49e-02	5.09e-01	3.65e-01	5.74e-02	1.01e-02	3.11e-03	6.19e-04	9.36e-06	0.00e+00	0.00e+00	0.00e+00	0.00e+00	0.00e+00	0.00e+00	0.00e+00	0.00e+00	0.00e+00
 2.50057e+23	1.60e-05	5.89e-02	5.20e-01	3.55e-01	5.38e-02	9.30e-03	2.80e-03	5.36e-04	7.71e-06	0.00e+00	0.00e+00	0.00e+00	0.00e+00	0.00e+00	0.00e+00	0.00e+00	0.00e+00	0.00e+00
 2.51411e+23	1.80e-05	6.33e-02	5.32e-01	3.43e-01	5.01e-02	8.48e-03	2.48e-03	4.57e-04	6.22e-06	0.00e+00	0.00e+00	0.00e+00	0.00e+00	0.00e+00	0.00e+00	0.00e+00	0.00e+00	0.00e+00
 2.52826e+23	2.01e-05	6.77e-02	5.42e-01	3.33e-01	4.68e-02	7.79e-03	2.22e-03	3.95e-04	5.12e-06	0.00e+00	0.00e+00	0.00e+00	0.00e+00	0.00e+00	0.00e+00	0.00e+00	0.00e+00	0.00e+00
 2.54116e+23	2.21e-05	7.19e-02	5.52e-01	3.23e-01	4.40e-02	7.18e-03	2.01e-03	3.45e-04	4.25e-06	0.00e+00	0.00e+00	0.00e+00	0.00e+00	0.00e+00	0.00e+00	0.00e+00	0.00e+00	0.00e+00
 2.55591e+23	2.51e-05	7.76e-02	5.64e-01	3.10e-01	4.05e-02	6.47e-03	1.75e-03	2.90e-04	3.36e-06	0.00e+00	0.00e+00	0.00e+00	0.00e+00	0.00e+00	0.00e+00	0.00e+00	0.00e+00	0.00e+00
 2.57094e+23	2.79e-05	8.29e-02	5.73e-01	2.99e-01	3.77e-02	5.91e-03	1.56e-03	2.50e-04	2.75e-06	0.00e+00	0.00e+00	0.00e+00	0.00e+00	0.00e+00	0.00e+00	0.00e+00	0.00e+00	0.00e+00
 2.58633e+23	3.16e-05	8.95e-02	5.84e-01	2.85e-01	3.45e-02	5.28e-03	1.35e-03	2.08e-04	2.15e-06	0.00e+00	0.00e+00	0.00e+00	0.00e+00	0.00e+00	0.00e+00	0.00e+00	0.00e+00	0.00e+00
 2.60183e+23	3.51e-05	9.55e-02	5.93e-01	2.74e-01	3.20e-02	4.80e-03	1.20e-03	1.78e-04	1.74e-06	0.00e+00	0.00e+00	0.00e+00	0.00e+00	0.00e+00	0.00e+00	0.00e+00	0.00e+00	0.00e+00
 2.61747e+23	3.97e-05	1.03e-01	6.03e-01	2.60e-01	2.91e-02	4.27e-03	1.03e-03	1.48e-04	1.36e-06	0.00e+00	0.00e+00	0.00e+00	0.00e+00	0.00e+00	0.00e+00	0.00e+00	0.00e+00	0.00e+00
 2.63337e+23	4.40e-05	1.10e-01	6.10e-01	2.48e-01	2.69e-02	3.87e-03	9.10e-04	1.27e-04	1.10e-06	0.00e+00	0.00e+00	0.00e+00	0.00e+00	0.00e+00	0.00e+00	0.00e+00	0.00e+00	0.00e+00
 2.64961e+23	4.97e-05	1.18e-01	6.18e-01	2.34e-01	2.44e-02	3.42e-03	7.79e-04	1.05e-04	8.50e-07	0.00e+00	0.00e+00	0.00e+00	0.00e+00	0.00e+00	0.00e+00	0.00e+00	0.00e+00	0.00e+00
 2.66614e+23	5.50e-05	1.26e-01	6.25e-01	2.23e-01	2.24e-02	3.08e-03	6.82e-04	8.97e-05	6.84e-07	0.00e+00	0.00e+00	0.00e+00	0.00e+00	0.00e+00	0.00e+00	0.00e+00	0.00e+00	0.00e+00
 2.68307e+23	6.22e-05	1.36e-01	6.32e-01	2.09e-01	2.01e-02	2.69e-03	5.76e-04	7.37e-05	5.21e-07	0.00e+00	0.00e+00	0.00e+00	0.00e+00	0.00e+00	0.00e+00	0.00e+00	0.00e+00	0.00e+00
 2.70020e+23	6.87e-05	1.45e-01	6.36e-01	1.98e-01	1.84e-02	2.41e-03	5.02e-04	6.28e-05	4.18e-07	0.00e+00	0.00e+00	0.00e+00	0.00e+00	0.00e+00	0.00e+00	0.00e+00	0.00e+00	0.00e+00
 2.71759e+23	7.73e-05	1.55e-01	6.41e-01	1.84e-01	1.65e-02	2.11e-03	4.23e-04	5.16e-05	3.18e-07	0.00e+00	0.00e+00	0.00e+00	0.00e+00	0.00e+00	0.00e+00	0.00e+00	0.00e+00	0.00e+00
 2.73534e+23	8.55e-05	1.65e-01	6.44e-01	1.73e-01	1.50e-02	1.87e-03	3.65e-04	4.38e-05	2.52e-07	0.00e+00	0.00e+00	0.00e+00	0.00e+00	0.00e+00	0.00e+00	0.00e+00	0.00e+00	0.00e+00
 2.75358e+23	9.66e-05	1.78e-01	6.47e-01	1.59e-01	1.33e-02	1.61e-03	3.02e-04	3.56e-05	1.89e-07	0.00e+00	0.00e+00	0.00e+00	0.00e+00	0.00e+00	0.00e+00	0.00e+00	0.00e+00	0.00e+00
 2.77176e+23	1.06e-04	1.89e-01	6.48e-01	1.49e-01	1.21e-02	1.43e-03	2.61e-04	3.04e-05	1.50e-07	0.00e+00	0.00e+00	0.00e+00	0.00e+00	0.00e+00	0.00e+00	0.00e+00	0.00e+00	0.00e+00
 2.78987e+23	1.19e-04	2.03e-01	6.48e-01	1.36e-01	1.07e-02	1.23e-03	2.15e-04	2.48e-05	0.00e+00	0.00e+00	0.00e+00	0.00e+00	0.00e+00	0.00e+00	0.00e+00	0.00e+00	0.00e+00	0.00e+00
 2.80811e+23	1.31e-04	2.15e-01	6.47e-01	1.27e-01	9.69e-03	1.09e-03	1.85e-04	2.12e-05	0.00e+00	0.00e+00	0.00e+00	0.00e+00	0.00e+00	0.00e+00	0.00e+00	0.00e+00	0.00e+00	0.00e+00
 2.82651e+23	1.46e-04	2.30e-01	6.45e-01	1.15e-01	8.52e-03	9.28e-04	1.51e-04	1.73e-05	0.00e+00	0.00e+00	0.00e+00	0.00e+00	0.00e+00	0.00e+00	0.00e+00	0.00e+00	0.00e+00	0.00e+00
 2.84499e+23	1.60e-04	2.43e-01	6.42e-01	1.06e-01	7.68e-03	8.16e-04	1.29e-04	1.48e-05	0.00e+00	0.00e+00	0.00e+00	0.00e+00	0.00e+00	0.00e+00	0.00e+00	0.00e+00	0.00e+00	0.00e+00
 2.86359e+23	1.79e-04	2.60e-01	6.37e-01	9.50e-02	6.72e-03	6.91e-04	1.05e-04	1.20e-05	0.00e+00	0.00e+00	0.00e+00	0.00e+00	0.00e+00	0.00e+00	0.00e+00	0.00e+00	0.00e+00	0.00e+00
 2.88224e+23	1.96e-04	2.75e-01	6.32e-01	8.67e-02	6.03e-03	6.04e-04	8.88e-05	1.02e-05	0.00e+00	0.00e+00	0.00e+00	0.00e+00	0.00e+00	0.00e+00	0.00e+00	0.00e+00	0.00e+00	0.00e+00
 2.90097e+23	2.19e-04	2.93e-01	6.24e-01	7.69e-02	5.24e-03	5.08e-04	7.15e-05	8.34e-06	0.00e+00	0.00e+00	0.00e+00	0.00e+00	0.00e+00	0.00e+00	0.00e+00	0.00e+00	0.00e+00	0.00e+00
 2.91976e+23	2.38e-04	3.09e-01	6.16e-01	6.95e-02	4.68e-03	4.42e-04	6.01e-05	7.10e-06	0.00e+00	0.00e+00	0.00e+00	0.00e+00	0.00e+00	0.00e+00	0.00e+00	0.00e+00	0.00e+00	0.00e+00
 2.93864e+23	2.67e-04	3.30e-01	6.05e-01	6.06e-02	4.03e-03	3.67e-04	4.76e-05	5.73e-06	0.00e+00	0.00e+00	0.00e+00	0.00e+00	0.00e+00	0.00e+00	0.00e+00	0.00e+00	0.00e+00	0.00e+00
 2.95755e+23	2.91e-04	3.47e-01	5.94e-01	5.41e-02	3.57e-03	3.17e-04	3.97e-05	4.86e-06	0.00e+00	0.00e+00	0.00e+00	0.00e+00	0.00e+00	0.00e+00	0.00e+00	0.00e+00	0.00e+00	0.00e+00
 2.97651e+23	3.24e-04	3.70e-01	5.80e-01	4.67e-02	3.06e-03	2.62e-04	3.12e-05	3.92e-06	0.00e+00	0.00e+00	0.00e+00	0.00e+00	0.00e+00	0.00e+00	0.00e+00	0.00e+00	0.00e+00	0.00e+00
 2.99570e+23	3.54e-04	3.89e-01	5.67e-01	4.09e-02	2.67e-03	2.23e-04	2.55e-05	3.27e-06	0.00e+00	0.00e+00	0.00e+00	0.00e+00	0.00e+00	0.00e+00	0.00e+00	0.00e+00	0.00e+00	0.00e+00
 3.01264e+23	3.87e-04	4.09e-01	5.53e-01	3.58e-02	2.33e-03	1.89e-04	2.08e-05	2.73e-06	0.00e+00	0.00e+00	0.00e+00	0.00e+00	0.00e+00	0.00e+00	0.00e+00	0.00e+00	0.00e+00	0.00e+00
