#depth	S	S+	S+2	S+3	S+4	S+5	S+6	S+7	S+8	S+9	S+10	S+11	S+12	S+13	S+14	S+15	S+16
 1.54284e+22	0.00e+00	2.87e-25	3.44e-21	4.16e-18	2.44e-15	9.15e-13	1.11e-09	1.40e-07	6.60e-06	1.18e-04	1.30e-03	6.78e-03	2.00e-02	6.28e-02	4.22e-01	3.79e-01	1.08e-01
 3.48983e+22	0.00e+00	7.12e-23	4.97e-19	3.37e-16	1.08e-13	2.14e-11	2.64e-08	2.82e-06	1.02e-04	1.25e-03	9.66e-03	3.29e-02	5.91e-02	1.10e-01	4.75e-01	2.65e-01	4.71e-02
 4.08419e+22	3.56e-34	1.30e-21	6.47e-18	2.99e-15	6.45e-13	8.68e-11	1.24e-07	1.27e-05	4.08e-04	4.04e-03	2.56e-02	6.97e-02	9.54e-02	1.33e-01	4.53e-01	1.93e-01	2.64e-02
 4.36951e+22	2.05e-33	5.73e-21	2.38e-17	8.86e-15	1.53e-12	1.68e-10	2.61e-07	2.66e-05	8.00e-04	7.07e-03	4.04e-02	9.81e-02	1.17e-01	1.40e-01	4.22e-01	1.56e-01	1.85e-02
 4.48839e+22	3.20e-33	8.33e-21	3.30e-17	1.16e-14	1.90e-12	1.97e-10	3.13e-07	3.18e-05	9.44e-04	8.10e-03	4.51e-02	1.06e-01	1.23e-01	1.42e-01	4.12e-01	1.47e-01	1.68e-02
 4.53008e+22	4.41e-33	1.10e-20	4.19e-17	1.42e-14	2.22e-12	2.21e-10	3.57e-07	3.63e-05	1.06e-03	8.93e-03	4.88e-02	1.13e-01	1.27e-01	1.42e-01	4.04e-01	1.40e-01	1.56e-02
 4.57129e+22	6.66e-33	1.56e-20	5.69e-17	1.83e-14	2.71e-12	2.57e-10	4.22e-07	4.28e-05	1.24e-03	1.01e-02	5.38e-02	1.21e-01	1.32e-01	1.43e-01	3.94e-01	1.32e-01	1.42e-02
 4.61363e+22	9.28e-33	2.06e-20	7.28e-17	2.24e-14	3.18e-12	2.90e-10	4.82e-07	4.88e-05	1.39e-03	1.11e-02	5.80e-02	1.28e-01	1.36e-01	1.43e-01	3.85e-01	1.25e-01	1.31e-02
 4.65744e+22	1.42e-32	2.97e-20	1.00e-16	2.91e-14	3.91e-12	3.38e-10	5.71e-07	5.77e-05	1.62e-03	1.26e-02	6.39e-02	1.37e-01	1.40e-01	1.43e-01	3.73e-01	1.17e-01	1.18e-02
 4.70193e+22	1.98e-32	3.95e-20	1.28e-16	3.58e-14	4.60e-12	3.82e-10	6.51e-07	6.56e-05	1.82e-03	1.38e-02	6.87e-02	1.44e-01	1.44e-01	1.42e-01	3.63e-01	1.11e-01	1.09e-02
 4.74730e+22	3.06e-32	5.72e-20	1.77e-16	4.67e-14	5.67e-12	4.46e-10	7.69e-07	7.74e-05	2.11e-03	1.56e-02	7.54e-02	1.54e-01	1.49e-01	1.42e-01	3.50e-01	1.03e-01	9.75e-03
 4.79345e+22	4.24e-32	7.57e-20	2.26e-16	5.73e-14	6.66e-12	5.05e-10	8.73e-07	8.77e-05	2.36e-03	1.70e-02	8.07e-02	1.61e-01	1.52e-01	1.41e-01	3.40e-01	9.69e-02	8.94e-03
 4.84060e+22	6.51e-32	1.10e-19	3.12e-16	7.48e-14	8.21e-12	5.90e-10	1.03e-06	1.03e-04	2.72e-03	1.91e-02	8.80e-02	1.71e-01	1.56e-01	1.39e-01	3.26e-01	8.95e-02	7.95e-03
 4.88900e+22	9.09e-32	1.46e-19	4.01e-16	9.22e-14	9.69e-12	6.70e-10	1.16e-06	1.16e-04	3.04e-03	2.08e-02	9.39e-02	1.79e-01	1.59e-01	1.38e-01	3.15e-01	8.40e-02	7.25e-03
 4.93903e+22	1.40e-31	2.12e-19	5.55e-16	1.21e-13	1.20e-11	7.87e-10	1.37e-06	1.36e-04	3.49e-03	2.32e-02	1.02e-01	1.89e-01	1.63e-01	1.36e-01	3.01e-01	7.71e-02	6.40e-03
 4.98910e+22	1.93e-31	2.80e-19	7.09e-16	1.48e-13	1.41e-11	8.90e-10	1.54e-06	1.53e-04	3.87e-03	2.51e-02	1.08e-01	1.96e-01	1.65e-01	1.34e-01	2.90e-01	7.21e-02	5.82e-03
 5.03920e+22	2.93e-31	4.02e-19	9.73e-16	1.93e-13	1.73e-11	1.04e-09	1.79e-06	1.77e-04	4.41e-03	2.78e-02	1.16e-01	2.06e-01	1.67e-01	1.32e-01	2.75e-01	6.60e-02	5.13e-03
 5.09033e+22	4.02e-31	5.30e-19	1.24e-15	2.36e-13	2.04e-11	1.18e-09	2.01e-06	1.98e-04	4.87e-03	3.00e-02	1.23e-01	2.13e-01	1.69e-01	1.29e-01	2.64e-01	6.16e-02	4.65e-03
 5.14282e+22	6.10e-31	7.63e-19	1.70e-15	3.08e-13	2.52e-11	1.39e-09	2.33e-06	2.29e-04	5.53e-03	3.31e-02	1.32e-01	2.22e-01	1.71e-01	1.26e-01	2.50e-01	5.60e-02	4.07e-03
 5.19371e+22	7.97e-31	9.72e-19	2.11e-15	3.68e-13	2.91e-11	1.55e-09	2.58e-06	2.52e-04	6.01e-03	3.53e-02	1.38e-01	2.28e-01	1.72e-01	1.24e-01	2.41e-01	5.25e-02	3.72e-03
 5.24251e+22	1.15e-30	1.34e-18	2.80e-15	4.67e-13	3.52e-11	1.79e-09	2.93e-06	2.86e-04	6.71e-03	3.83e-02	1.46e-01	2.36e-01	1.73e-01	1.21e-01	2.28e-01	4.80e-02	3.29e-03
 5.29265e+22	1.54e-30	1.73e-18	3.50e-15	5.63e-13	4.09e-11	2.02e-09	3.25e-06	3.15e-04	7.30e-03	4.08e-02	1.52e-01	2.42e-01	1.73e-01	1.18e-01	2.18e-01	4.47e-02	2.98e-03
 5.34452e+22	2.26e-30	2.42e-18	4.70e-15	7.20e-13	4.97e-11	2.34e-09	3.70e-06	3.57e-04	8.15e-03	4.43e-02	1.61e-01	2.49e-01	1.73e-01	1.15e-01	2.06e-01	4.06e-02	2.61e-03
 5.39705e+22	3.00e-30	3.10e-18	5.85e-15	8.65e-13	5.77e-11	2.64e-09	4.09e-06	3.93e-04	8.83e-03	4.71e-02	1.68e-01	2.55e-01	1.73e-01	1.12e-01	1.96e-01	3.78e-02	2.37e-03
 5.45042e+22	4.33e-30	4.29e-18	7.77e-15	1.10e-12	7.00e-11	3.06e-09	4.64e-06	4.43e-04	9.79e-03	5.08e-02	1.76e-01	2.61e-01	1.73e-01	1.08e-01	1.85e-01	3.43e-02	2.07e-03
 5.50336e+22	5.71e-30	5.46e-18	9.62e-15	1.32e-12	8.08e-11	3.43e-09	5.10e-06	4.84e-04	1.06e-02	5.37e-02	1.83e-01	2.66e-01	1.72e-01	1.05e-01	1.76e-01	3.18e-02	1.87e-03
 5.55574e+22	8.18e-30	7.48e-18	1.27e-14	1.66e-12	9.74e-11	3.96e-09	5.74e-06	5.42e-04	1.16e-02	5.76e-02	1.91e-01	2.72e-01	1.71e-01	1.01e-01	1.65e-01	2.88e-02	1.64e-03
 5.60865e+22	1.06e-29	9.42e-18	1.56e-14	1.97e-12	1.12e-10	4.43e-09	6.30e-06	5.90e-04	1.25e-02	6.07e-02	1.97e-01	2.75e-01	1.70e-01	9.86e-02	1.57e-01	2.67e-02	1.48e-03
 5.66227e+22	1.51e-29	1.28e-17	2.04e-14	2.48e-12	1.35e-10	5.12e-09	7.07e-06	6.59e-04	1.37e-02	6.49e-02	2.05e-01	2.80e-01	1.68e-01	9.48e-02	1.47e-01	2.41e-02	1.29e-03
 5.71694e+22	1.97e-29	1.63e-17	2.52e-14	2.96e-12	1.56e-10	5.74e-09	7.76e-06	7.17e-04	1.47e-02	6.83e-02	2.11e-01	2.84e-01	1.66e-01	9.18e-02	1.40e-01	2.23e-02	1.16e-03
 5.77298e+22	2.81e-29	2.22e-17	3.32e-14	3.74e-12	1.88e-10	6.64e-09	8.72e-06	8.00e-04	1.62e-02	7.28e-02	2.20e-01	2.87e-01	1.64e-01	8.79e-02	1.30e-01	2.01e-02	1.01e-03
 5.83007e+22	9.62e-30	2.82e-17	4.09e-14	4.47e-12	2.18e-10	7.46e-09	9.57e-06	8.70e-04	1.73e-02	7.65e-02	2.26e-01	2.90e-01	1.62e-01	8.49e-02	1.23e-01	1.85e-02	9.05e-04
 5.88850e+22	1.37e-29	3.86e-17	5.40e-14	5.65e-12	2.63e-10	8.67e-09	1.08e-05	9.69e-04	1.90e-02	8.15e-02	2.34e-01	2.93e-01	1.59e-01	8.10e-02	1.14e-01	1.65e-02	7.81e-04
 5.94808e+22	1.80e-29	4.90e-17	6.68e-14	6.78e-12	3.06e-10	9.77e-09	1.18e-05	1.05e-03	2.03e-02	8.54e-02	2.40e-01	2.95e-01	1.57e-01	7.80e-02	1.08e-01	1.52e-02	6.97e-04
 6.00029e+22	2.34e-29	6.19e-17	8.21e-14	8.09e-12	3.53e-10	1.09e-08	1.29e-05	1.14e-03	2.17e-02	8.94e-02	2.46e-01	2.97e-01	1.54e-01	7.51e-02	1.02e-01	1.39e-02	6.23e-04
 6.05932e+22	3.30e-29	8.37e-17	1.07e-13	1.01e-11	4.24e-10	1.27e-08	1.45e-05	1.27e-03	2.36e-02	9.46e-02	2.53e-01	2.98e-01	1.51e-01	7.15e-02	9.42e-02	1.24e-02	5.38e-04
 6.11848e+22	4.21e-29	1.04e-16	1.30e-13	1.20e-11	4.87e-10	1.42e-08	1.58e-05	1.37e-03	2.51e-02	9.86e-02	2.58e-01	2.99e-01	1.48e-01	6.88e-02	8.90e-02	1.15e-02	4.83e-04
 6.17780e+22	5.90e-29	1.40e-16	1.70e-13	1.50e-11	5.85e-10	1.64e-08	1.77e-05	1.51e-03	2.72e-02	1.04e-01	2.65e-01	3.00e-01	1.44e-01	6.52e-02	8.22e-02	1.02e-02	4.16e-04
 6.23805e+22	7.53e-29	1.74e-16	2.06e-13	1.77e-11	6.73e-10	1.83e-08	1.93e-05	1.63e-03	2.89e-02	1.08e-01	2.70e-01	3.00e-01	1.41e-01	6.27e-02	7.74e-02	9.38e-03	3.72e-04
 6.29949e+22	1.05e-28	2.34e-16	2.67e-13	2.22e-11	8.08e-10	2.12e-08	2.16e-05	1.80e-03	3.13e-02	1.14e-01	2.76e-01	3.00e-01	1.38e-01	5.93e-02	7.14e-02	8.35e-03	3.20e-04
 6.36295e+22	1.37e-28	2.97e-16	3.31e-13	2.66e-11	9.40e-10	2.40e-08	2.37e-05	1.95e-03	3.33e-02	1.19e-01	2.81e-01	2.99e-01	1.34e-01	5.66e-02	6.68e-02	7.59e-03	2.83e-04
 6.42904e+22	1.92e-28	3.99e-16	4.31e-13	3.34e-11	1.13e-09	2.79e-08	2.67e-05	2.16e-03	3.61e-02	1.25e-01	2.88e-01	2.98e-01	1.30e-01	5.33e-02	6.13e-02	6.72e-03	2.42e-04
 6.49750e+22	2.55e-28	5.15e-16	5.40e-13	4.06e-11	1.33e-09	3.18e-08	2.95e-05	2.35e-03	3.85e-02	1.30e-01	2.92e-01	2.96e-01	1.26e-01	5.06e-02	5.69e-02	6.05e-03	2.11e-04
 6.56905e+22	3.62e-28	7.02e-16	7.13e-13	5.16e-11	1.63e-09	3.73e-08	3.34e-05	2.61e-03	4.18e-02	1.37e-01	2.98e-01	2.94e-01	1.22e-01	4.74e-02	5.18e-02	5.31e-03	1.78e-04
 6.64286e+22	4.88e-28	9.15e-16	9.03e-13	6.32e-11	1.93e-09	4.28e-08	3.71e-05	2.85e-03	4.47e-02	1.43e-01	3.03e-01	2.92e-01	1.18e-01	4.47e-02	4.78e-02	4.74e-03	1.54e-04
 6.71961e+22	7.05e-28	1.27e-15	1.21e-12	8.12e-11	2.38e-09	5.07e-08	4.23e-05	3.18e-03	4.85e-02	1.50e-01	3.08e-01	2.89e-01	1.13e-01	4.16e-02	4.32e-02	4.12e-03	1.29e-04
 6.79879e+22	9.61e-28	1.67e-15	1.54e-12	1.01e-10	2.84e-09	5.86e-08	4.72e-05	3.48e-03	5.20e-02	1.56e-01	3.12e-01	2.85e-01	1.08e-01	3.90e-02	3.96e-02	3.65e-03	1.10e-04
 6.87017e+22	1.29e-27	2.16e-15	1.95e-12	1.23e-10	3.37e-09	6.73e-08	5.26e-05	3.80e-03	5.55e-02	1.62e-01	3.16e-01	2.82e-01	1.04e-01	3.67e-02	3.64e-02	3.25e-03	9.53e-05
 6.95202e+22	1.91e-27	3.07e-15	2.66e-12	1.61e-10	4.21e-09	8.06e-08	6.03e-05	4.25e-03	6.04e-02	1.71e-01	3.20e-01	2.77e-01	9.91e-02	3.38e-02	3.25e-02	2.78e-03	7.79e-05
 7.03451e+22	2.56e-27	3.97e-15	3.36e-12	1.97e-10	4.99e-09	9.26e-08	6.71e-05	4.64e-03	6.43e-02	1.77e-01	3.22e-01	2.73e-01	9.50e-02	3.17e-02	2.98e-02	2.46e-03	6.70e-05
 7.11784e+22	3.78e-27	5.60e-15	4.57e-12	2.57e-10	6.22e-09	1.11e-07	7.69e-05	5.18e-03	6.98e-02	1.85e-01	3.25e-01	2.67e-01	8.99e-02	2.90e-02	2.65e-02	2.10e-03	5.47e-05
 7.20294e+22	5.16e-27	7.40e-15	5.86e-12	3.19e-10	7.45e-09	1.28e-07	8.59e-05	5.66e-03	7.44e-02	1.92e-01	3.28e-01	2.62e-01	8.58e-02	2.70e-02	2.41e-02	1.84e-03	4.64e-05
 7.29035e+22	7.65e-27	1.05e-14	8.02e-12	4.18e-10	9.34e-09	1.54e-07	9.88e-05	6.33e-03	8.06e-02	2.00e-01	3.29e-01	2.55e-01	8.07e-02	2.46e-02	2.13e-02	1.56e-03	3.75e-05
 7.37959e+22	1.06e-26	1.41e-14	1.04e-11	5.25e-10	1.13e-08	1.80e-07	1.11e-04	6.94e-03	8.61e-02	2.07e-01	3.31e-01	2.49e-01	7.66e-02	2.28e-02	1.92e-02	1.35e-03	3.14e-05
 7.45899e+22	1.46e-26	1.87e-14	1.35e-11	6.54e-10	1.36e-08	2.08e-07	1.24e-04	7.59e-03	9.17e-02	2.14e-01	3.31e-01	2.43e-01	7.26e-02	2.11e-02	1.73e-02	1.18e-03	2.63e-05
 7.54998e+22	2.21e-26	2.72e-14	1.88e-11	8.71e-10	1.72e-08	2.53e-07	1.43e-04	8.50e-03	9.93e-02	2.23e-01	3.31e-01	2.35e-01	6.77e-02	1.90e-02	1.51e-02	9.77e-04	2.08e-05
 7.63640e+22	2.89e-26	3.48e-14	2.34e-11	1.05e-09	2.02e-08	2.88e-07	1.58e-04	9.18e-03	1.05e-01	2.28e-01	3.31e-01	2.30e-01	6.44e-02	1.77e-02	1.37e-02	8.64e-04	1.79e-05
 7.71688e+22	4.20e-26	4.89e-14	3.16e-11	1.36e-09	2.49e-08	3.42e-07	1.79e-04	1.01e-02	1.12e-01	2.36e-01	3.30e-01	2.23e-01	6.03e-02	1.61e-02	1.21e-02	7.27e-04	1.44e-05
 7.79752e+22	5.51e-26	6.27e-14	3.95e-11	1.65e-09	2.93e-08	3.89e-07	1.98e-04	1.09e-02	1.18e-01	2.42e-01	3.29e-01	2.17e-01	5.72e-02	1.50e-02	1.10e-02	6.40e-04	1.23e-05
 7.87838e+22	7.88e-26	8.72e-14	5.30e-11	2.13e-09	3.61e-08	4.62e-07	2.24e-04	1.21e-02	1.26e-01	2.49e-01	3.26e-01	2.09e-01	5.34e-02	1.36e-02	9.68e-03	5.39e-04	9.89e-06
 7.96112e+22	1.06e-25	1.15e-13	6.76e-11	2.62e-09	4.29e-08	5.31e-07	2.49e-04	1.31e-02	1.33e-01	2.55e-01	3.24e-01	2.03e-01	5.04e-02	1.25e-02	8.71e-03	4.67e-04	8.27e-06
 8.04632e+22	1.54e-25	1.64e-13	9.28e-11	3.43e-09	5.38e-08	6.38e-07	2.85e-04	1.45e-02	1.42e-01	2.62e-01	3.21e-01	1.95e-01	4.66e-02	1.12e-02	7.56e-03	3.87e-04	6.53e-06
 8.13199e+22	2.06e-25	2.15e-13	1.18e-10	4.23e-09	6.40e-08	7.36e-07	3.16e-04	1.57e-02	1.50e-01	2.67e-01	3.18e-01	1.88e-01	4.39e-02	1.03e-02	6.77e-03	3.34e-04	5.44e-06
 8.21826e+22	2.98e-25	3.07e-13	1.62e-10	5.56e-09	8.03e-08	8.86e-07	3.63e-04	1.74e-02	1.60e-01	2.74e-01	3.13e-01	1.80e-01	4.04e-02	9.24e-03	5.86e-03	2.75e-04	4.27e-06
 8.30634e+22	4.04e-25	4.11e-13	2.10e-10	6.94e-09	9.67e-08	1.03e-06	4.06e-04	1.89e-02	1.68e-01	2.79e-01	3.09e-01	1.73e-01	3.77e-02	8.43e-03	5.19e-03	2.34e-04	3.50e-06
 8.39675e+22	5.94e-25	6.00e-13	2.94e-10	9.27e-09	1.23e-07	1.26e-06	4.69e-04	2.10e-02	1.80e-01	2.85e-01	3.03e-01	1.64e-01	3.44e-02	7.46e-03	4.43e-03	1.90e-04	2.69e-06
 8.48874e+22	8.06e-25	8.12e-13	3.85e-10	1.17e-08	1.50e-07	1.48e-06	5.28e-04	2.29e-02	1.90e-01	2.89e-01	2.97e-01	1.57e-01	3.19e-02	6.75e-03	3.89e-03	1.60e-04	2.17e-06
 8.58277e+22	1.19e-24	1.20e-12	5.47e-10	1.58e-08	1.93e-07	1.83e-06	6.16e-04	2.57e-02	2.03e-01	2.95e-01	2.90e-01	1.48e-01	2.88e-02	5.92e-03	3.28e-03	1.27e-04	1.64e-06
 8.67795e+22	1.62e-24	1.64e-12	7.22e-10	2.01e-08	2.36e-07	2.17e-06	6.98e-04	2.81e-02	2.14e-01	2.98e-01	2.83e-01	1.41e-01	2.66e-02	5.32e-03	2.85e-03	1.06e-04	1.30e-06
 8.75827e+22	2.12e-24	2.18e-12	9.28e-10	2.51e-08	2.85e-07	2.53e-06	7.82e-04	3.05e-02	2.24e-01	3.01e-01	2.77e-01	1.35e-01	2.46e-02	4.81e-03	2.51e-03	8.95e-05	1.06e-06
 8.84615e+22	2.99e-24	3.13e-12	1.29e-09	3.33e-08	3.63e-07	3.11e-06	9.08e-04	3.40e-02	2.37e-01	3.05e-01	2.68e-01	1.26e-01	2.22e-02	4.22e-03	2.12e-03	7.16e-05	8.02e-07
 8.93450e+22	3.90e-24	4.15e-12	1.66e-09	4.16e-08	4.39e-07	3.65e-06	1.02e-03	3.70e-02	2.48e-01	3.07e-01	2.61e-01	1.20e-01	2.04e-02	3.80e-03	1.85e-03	5.99e-05	6.44e-07
 9.02067e+22	5.33e-24	5.85e-12	2.25e-09	5.46e-08	5.55e-07	4.46e-06	1.18e-03	4.11e-02	2.62e-01	3.08e-01	2.52e-01	1.12e-01	1.84e-02	3.33e-03	1.56e-03	4.81e-05	4.91e-07
 9.10858e+22	6.92e-24	7.79e-12	2.92e-09	6.88e-08	6.77e-07	5.29e-06	1.34e-03	4.49e-02	2.74e-01	3.09e-01	2.44e-01	1.06e-01	1.68e-02	2.98e-03	1.35e-03	3.97e-05	3.88e-07
 9.19525e+22	9.15e-24	1.08e-11	3.92e-09	8.96e-08	8.52e-07	6.45e-06	1.55e-03	4.97e-02	2.87e-01	3.09e-01	2.34e-01	9.89e-02	1.50e-02	2.60e-03	1.14e-03	3.18e-05	2.95e-07
 9.28364e+22	1.17e-23	1.45e-11	5.12e-09	1.14e-07	1.05e-06	7.73e-06	1.77e-03	5.45e-02	3.00e-01	3.09e-01	2.25e-01	9.25e-02	1.36e-02	2.30e-03	9.68e-04	2.59e-05	2.29e-07
 9.37014e+22	1.48e-23	1.95e-11	6.73e-09	1.46e-07	1.31e-06	9.36e-06	2.04e-03	6.01e-02	3.14e-01	3.08e-01	2.16e-01	8.59e-02	1.22e-02	2.01e-03	8.17e-04	2.08e-05	1.75e-07
 9.45759e+22	1.90e-23	2.60e-11	8.75e-09	1.86e-07	1.62e-06	1.13e-05	2.34e-03	6.60e-02	3.27e-01	3.06e-01	2.06e-01	7.98e-02	1.09e-02	1.76e-03	6.90e-04	1.67e-05	1.35e-07
 9.54394e+22	2.38e-23	3.44e-11	1.13e-08	2.35e-07	2.00e-06	1.36e-05	2.68e-03	7.25e-02	3.40e-01	3.03e-01	1.96e-01	7.38e-02	9.71e-03	1.53e-03	5.81e-04	1.34e-05	0.00e+00
 9.63011e+22	2.94e-23	4.50e-11	1.46e-08	2.97e-07	2.45e-06	1.64e-05	3.06e-03	7.94e-02	3.53e-01	3.00e-01	1.86e-01	6.81e-02	8.65e-03	1.34e-03	4.89e-04	1.07e-05	0.00e+00
 9.71640e+22	3.62e-23	5.86e-11	1.86e-08	3.74e-07	3.02e-06	1.97e-05	3.51e-03	8.70e-02	3.65e-01	2.96e-01	1.77e-01	6.26e-02	7.67e-03	1.16e-03	4.09e-04	8.57e-06	0.00e+00
 9.80297e+22	4.40e-23	7.56e-11	2.37e-08	4.69e-07	3.70e-06	2.36e-05	4.01e-03	9.51e-02	3.77e-01	2.91e-01	1.67e-01	5.74e-02	6.79e-03	1.00e-03	3.42e-04	6.83e-06	0.00e+00
 9.88987e+22	5.33e-23	9.69e-11	3.00e-08	5.86e-07	4.53e-06	2.84e-05	4.57e-03	1.04e-01	3.89e-01	2.86e-01	1.57e-01	5.25e-02	5.99e-03	8.64e-04	2.84e-04	5.42e-06	0.00e+00
 9.97749e+22	6.41e-23	1.23e-10	3.78e-08	7.31e-07	5.54e-06	3.40e-05	5.22e-03	1.13e-01	4.00e-01	2.80e-01	1.48e-01	4.78e-02	5.26e-03	7.42e-04	2.36e-04	4.28e-06	0.00e+00
 1.00660e+23	7.69e-23	1.56e-10	4.74e-08	9.09e-07	6.75e-06	4.08e-05	5.94e-03	1.23e-01	4.11e-01	2.73e-01	1.38e-01	4.34e-02	4.61e-03	6.34e-04	1.95e-04	3.37e-06	0.00e+00
 1.01550e+23	9.16e-23	1.95e-10	5.90e-08	1.12e-06	8.20e-06	4.87e-05	6.75e-03	1.34e-01	4.21e-01	2.66e-01	1.29e-01	3.93e-02	4.03e-03	5.42e-04	1.61e-04	2.65e-06	0.00e+00
 1.02453e+23	1.09e-22	2.44e-10	7.35e-08	1.39e-06	9.98e-06	5.84e-05	7.68e-03	1.45e-01	4.30e-01	2.58e-01	1.20e-01	3.53e-02	3.50e-03	4.59e-04	1.32e-04	2.06e-06	0.00e+00
 1.03366e+23	1.29e-22	3.02e-10	9.06e-08	1.71e-06	1.21e-05	6.96e-05	8.70e-03	1.57e-01	4.38e-01	2.50e-01	1.11e-01	3.18e-02	3.04e-03	3.89e-04	1.08e-04	1.61e-06	0.00e+00
 1.04297e+23	5.59e-22	3.73e-10	1.12e-07	2.11e-06	1.47e-05	8.34e-05	9.88e-03	1.70e-01	4.45e-01	2.41e-01	1.03e-01	2.83e-02	2.61e-03	3.26e-04	8.74e-05	1.24e-06	0.00e+00
 1.05244e+23	6.66e-22	4.57e-10	1.37e-07	2.59e-06	1.77e-05	9.92e-05	1.12e-02	1.83e-01	4.51e-01	2.33e-01	9.46e-02	2.53e-02	2.25e-03	2.74e-04	7.10e-05	9.59e-07	0.00e+00
 1.06111e+23	7.73e-22	5.38e-10	1.63e-07	3.06e-06	2.06e-05	1.15e-04	1.23e-02	1.94e-01	4.55e-01	2.25e-01	8.82e-02	2.29e-02	1.98e-03	2.36e-04	5.96e-05	7.71e-07	0.00e+00
 1.07017e+23	9.25e-22	6.57e-10	2.00e-07	3.77e-06	2.50e-05	1.37e-04	1.40e-02	2.09e-01	4.59e-01	2.15e-01	8.04e-02	2.02e-02	1.68e-03	1.95e-04	4.75e-05	5.83e-07	0.00e+00
 1.07937e+23	1.08e-21	7.70e-10	2.35e-07	4.44e-06	2.91e-05	1.59e-04	1.54e-02	2.21e-01	4.62e-01	2.07e-01	7.46e-02	1.82e-02	1.47e-03	1.67e-04	3.95e-05	4.65e-07	0.00e+00
 1.08885e+23	1.31e-21	9.36e-10	2.89e-07	5.46e-06	3.52e-05	1.90e-04	1.75e-02	2.37e-01	4.63e-01	1.97e-01	6.75e-02	1.59e-02	1.24e-03	1.36e-04	3.12e-05	3.47e-07	0.00e+00
 1.09837e+23	1.53e-21	1.09e-09	3.37e-07	6.39e-06	4.08e-05	2.18e-04	1.92e-02	2.50e-01	4.64e-01	1.89e-01	6.24e-02	1.42e-02	1.08e-03	1.16e-04	2.59e-05	2.76e-07	0.00e+00
 1.10795e+23	1.84e-21	1.30e-09	4.10e-07	7.81e-06	4.91e-05	2.61e-04	2.17e-02	2.67e-01	4.63e-01	1.78e-01	5.61e-02	1.24e-02	9.04e-04	9.44e-05	2.03e-05	2.05e-07	0.00e+00
 1.11756e+23	2.16e-21	1.50e-09	4.76e-07	9.08e-06	5.64e-05	2.97e-04	2.37e-02	2.80e-01	4.62e-01	1.71e-01	5.18e-02	1.11e-02	7.89e-04	8.05e-05	1.69e-05	1.64e-07	0.00e+00
 1.12721e+23	2.61e-21	1.78e-09	5.74e-07	1.10e-05	6.73e-05	3.53e-04	2.65e-02	2.96e-01	4.59e-01	1.61e-01	4.65e-02	9.61e-03	6.59e-04	6.53e-05	1.32e-05	1.22e-07	0.00e+00
 1.13696e+23	3.06e-21	2.04e-09	6.64e-07	1.27e-05	7.71e-05	4.01e-04	2.89e-02	3.10e-01	4.56e-01	1.53e-01	4.27e-02	8.58e-03	5.73e-04	5.54e-05	1.09e-05	0.00e+00	0.00e+00
 1.14684e+23	3.71e-21	2.41e-09	7.96e-07	1.54e-05	9.17e-05	4.74e-04	3.22e-02	3.27e-01	4.51e-01	1.44e-01	3.81e-02	7.39e-03	4.76e-04	4.47e-05	8.54e-06	0.00e+00	0.00e+00
 1.15685e+23	4.36e-21	2.75e-09	9.19e-07	1.78e-05	1.05e-04	5.38e-04	3.50e-02	3.40e-01	4.46e-01	1.36e-01	3.49e-02	6.58e-03	4.12e-04	3.77e-05	7.03e-06	0.00e+00	0.00e+00
 1.16702e+23	5.33e-21	3.23e-09	1.10e-06	2.14e-05	1.24e-04	6.34e-04	3.89e-02	3.57e-01	4.39e-01	1.27e-01	3.10e-02	5.63e-03	3.40e-04	3.02e-05	5.45e-06	0.00e+00	0.00e+00
 1.17738e+23	6.30e-21	3.69e-09	1.27e-06	2.47e-05	1.42e-04	7.20e-04	4.22e-02	3.71e-01	4.32e-01	1.20e-01	2.82e-02	4.98e-03	2.93e-04	2.54e-05	4.46e-06	0.00e+00	0.00e+00
 1.18797e+23	7.76e-21	4.34e-09	1.52e-06	2.97e-05	1.68e-04	8.48e-04	4.69e-02	3.88e-01	4.23e-01	1.11e-01	2.49e-02	4.24e-03	2.40e-04	2.01e-05	3.42e-06	0.00e+00	0.00e+00
 1.19881e+23	9.26e-21	4.97e-09	1.76e-06	3.44e-05	1.91e-04	9.63e-04	5.08e-02	4.01e-01	4.15e-01	1.05e-01	2.25e-02	3.72e-03	2.05e-04	1.68e-05	2.77e-06	0.00e+00	0.00e+00
 1.20995e+23	1.15e-20	5.85e-09	2.12e-06	4.15e-05	2.27e-04	1.14e-03	5.63e-02	4.19e-01	4.04e-01	9.64e-02	1.97e-02	3.14e-03	1.66e-04	1.32e-05	2.10e-06	0.00e+00	0.00e+00
 1.22134e+23	1.39e-20	6.74e-09	2.47e-06	4.81e-05	2.59e-04	1.29e-03	6.08e-02	4.32e-01	3.95e-01	9.02e-02	1.77e-02	2.74e-03	1.41e-04	1.09e-05	1.69e-06	0.00e+00	0.00e+00
 1.23092e+23	1.64e-20	7.59e-09	2.81e-06	5.48e-05	2.90e-04	1.44e-03	6.52e-02	4.43e-01	3.87e-01	8.49e-02	1.61e-02	2.42e-03	1.21e-04	9.15e-06	1.39e-06	0.00e+00	0.00e+00
 1.24127e+23	2.01e-20	8.82e-09	3.31e-06	6.46e-05	3.36e-04	1.66e-03	7.11e-02	4.57e-01	3.75e-01	7.84e-02	1.42e-02	2.07e-03	1.00e-04	7.32e-06	1.08e-06	0.00e+00	0.00e+00
 1.25136e+23	2.36e-20	9.89e-09	3.75e-06	7.28e-05	3.74e-04	1.84e-03	7.55e-02	4.67e-01	3.66e-01	7.40e-02	1.30e-02	1.84e-03	8.70e-05	6.24e-06	8.99e-07	0.00e+00	0.00e+00
 1.26111e+23	2.85e-20	1.13e-08	4.36e-06	8.47e-05	4.27e-04	2.10e-03	8.18e-02	4.79e-01	3.55e-01	6.84e-02	1.15e-02	1.58e-03	7.24e-05	5.04e-06	7.06e-07	0.00e+00	0.00e+00
 1.27095e+23	3.38e-20	1.28e-08	4.94e-06	9.54e-05	4.74e-04	2.31e-03	8.66e-02	4.88e-01	3.46e-01	6.44e-02	1.05e-02	1.41e-03	6.29e-05	4.30e-06	5.89e-07	0.00e+00	0.00e+00
 1.28092e+23	4.13e-20	1.47e-08	5.76e-06	1.11e-04	5.41e-04	2.63e-03	9.34e-02	4.99e-01	3.34e-01	5.93e-02	9.29e-03	1.21e-03	5.22e-05	3.46e-06	4.61e-07	0.00e+00	0.00e+00
 1.29103e+23	4.94e-20	1.67e-08	6.55e-06	1.25e-04	5.99e-04	2.90e-03	9.88e-02	5.07e-01	3.25e-01	5.57e-02	8.44e-03	1.07e-03	4.51e-05	2.93e-06	3.82e-07	0.00e+00	0.00e+00
 1.30132e+23	6.10e-20	1.93e-08	7.67e-06	1.46e-04	6.84e-04	3.29e-03	1.06e-01	5.18e-01	3.12e-01	5.11e-02	7.43e-03	9.12e-04	3.72e-05	2.35e-06	2.97e-07	0.00e+00	0.00e+00
 1.31177e+23	7.40e-20	2.21e-08	8.76e-06	1.65e-04	7.58e-04	3.62e-03	1.12e-01	5.25e-01	3.03e-01	4.78e-02	6.73e-03	8.06e-04	3.21e-05	1.98e-06	2.45e-07	0.00e+00	0.00e+00
 1.32240e+23	9.24e-20	2.57e-08	1.03e-05	1.92e-04	8.64e-04	4.12e-03	1.21e-01	5.34e-01	2.90e-01	4.36e-02	5.89e-03	6.82e-04	2.62e-05	1.58e-06	1.89e-07	0.00e+00	0.00e+00
 1.33321e+23	1.13e-19	2.95e-08	1.18e-05	2.18e-04	9.59e-04	4.54e-03	1.28e-01	5.40e-01	2.80e-01	4.07e-02	5.31e-03	6.00e-04	2.25e-05	1.32e-06	1.55e-07	0.00e+00	0.00e+00
 1.34424e+23	1.45e-19	3.47e-08	1.40e-05	2.55e-04	1.09e-03	5.15e-03	1.37e-01	5.47e-01	2.67e-01	3.70e-02	4.62e-03	5.05e-04	1.83e-05	1.05e-06	1.19e-07	0.00e+00	0.00e+00
 1.35556e+23	1.81e-19	4.02e-08	1.61e-05	2.91e-04	1.22e-03	5.68e-03	1.45e-01	5.52e-01	2.57e-01	3.42e-02	4.14e-03	4.41e-04	1.55e-05	8.68e-07	0.00e+00	0.00e+00	0.00e+00
 1.36723e+23	2.36e-19	4.80e-08	1.93e-05	3.42e-04	1.39e-03	6.47e-03	1.55e-01	5.58e-01	2.44e-01	3.09e-02	3.57e-03	3.67e-04	1.25e-05	6.77e-07	0.00e+00	0.00e+00	0.00e+00
 1.37920e+23	3.01e-19	5.61e-08	2.24e-05	3.92e-04	1.55e-03	7.16e-03	1.64e-01	5.62e-01	2.33e-01	2.84e-02	3.18e-03	3.17e-04	1.05e-05	5.56e-07	0.00e+00	0.00e+00	0.00e+00
 1.39155e+23	4.07e-19	6.81e-08	2.71e-05	4.65e-04	1.78e-03	8.15e-03	1.75e-01	5.66e-01	2.20e-01	2.55e-02	2.72e-03	2.62e-04	8.33e-06	4.29e-07	0.00e+00	0.00e+00	0.00e+00
 1.40403e+23	5.31e-19	8.05e-08	3.16e-05	5.33e-04	1.99e-03	8.99e-03	1.85e-01	5.68e-01	2.10e-01	2.34e-02	2.41e-03	2.26e-04	6.98e-06	3.51e-07	0.00e+00	0.00e+00	0.00e+00
 1.41668e+23	7.31e-19	9.84e-08	3.84e-05	6.34e-04	2.28e-03	1.02e-02	1.97e-01	5.70e-01	1.97e-01	2.08e-02	2.05e-03	1.85e-04	5.50e-06	2.69e-07	0.00e+00	0.00e+00	0.00e+00
 1.42947e+23	9.74e-19	1.17e-07	4.50e-05	7.27e-04	2.54e-03	1.13e-02	2.07e-01	5.70e-01	1.87e-01	1.90e-02	1.81e-03	1.59e-04	4.59e-06	2.19e-07	0.00e+00	0.00e+00	0.00e+00
 1.44241e+23	1.38e-18	1.45e-07	5.50e-05	8.66e-04	2.91e-03	1.28e-02	2.21e-01	5.69e-01	1.75e-01	1.69e-02	1.53e-03	1.30e-04	3.61e-06	1.67e-07	0.00e+00	0.00e+00	0.00e+00
 1.45559e+23	1.90e-18	1.74e-07	6.49e-05	9.97e-04	3.24e-03	1.41e-02	2.31e-01	5.68e-01	1.66e-01	1.54e-02	1.35e-03	1.11e-04	2.99e-06	1.35e-07	0.00e+00	0.00e+00	0.00e+00
 1.46721e+23	2.57e-18	2.07e-07	7.60e-05	1.14e-03	3.60e-03	1.55e-02	2.42e-01	5.66e-01	1.57e-01	1.40e-02	1.18e-03	9.43e-05	2.47e-06	0.00e+00	0.00e+00	0.00e+00	0.00e+00
 1.48045e+23	3.86e-18	2.60e-07	9.33e-05	1.36e-03	4.11e-03	1.74e-02	2.56e-01	5.62e-01	1.46e-01	1.23e-02	1.00e-03	7.69e-05	1.94e-06	0.00e+00	0.00e+00	0.00e+00	0.00e+00
 1.49396e+23	4.99e-18	3.13e-07	1.10e-04	1.57e-03	4.58e-03	1.92e-02	2.68e-01	5.57e-01	1.37e-01	1.11e-02	8.70e-04	6.48e-05	1.58e-06	0.00e+00	0.00e+00	0.00e+00	0.00e+00
 1.50493e+23	9.19e-19	3.69e-07	1.27e-04	1.77e-03	5.02e-03	2.08e-02	2.78e-01	5.53e-01	1.30e-01	1.02e-02	7.74e-04	5.62e-05	1.34e-06	0.00e+00	0.00e+00	0.00e+00	0.00e+00
 1.51630e+23	1.08e-18	4.49e-07	1.51e-04	2.04e-03	5.58e-03	2.28e-02	2.90e-01	5.48e-01	1.22e-01	9.19e-03	6.74e-04	4.75e-05	1.10e-06	0.00e+00	0.00e+00	0.00e+00	0.00e+00
 1.52827e+23	1.41e-18	5.35e-07	1.76e-04	2.32e-03	6.13e-03	2.48e-02	3.01e-01	5.42e-01	1.15e-01	8.36e-03	5.94e-04	4.07e-05	9.15e-07	0.00e+00	0.00e+00	0.00e+00	0.00e+00
 1.53926e+23	1.83e-18	6.35e-07	2.05e-04	2.63e-03	6.72e-03	2.68e-02	3.11e-01	5.36e-01	1.08e-01	7.61e-03	5.24e-04	3.50e-05	7.66e-07	0.00e+00	0.00e+00	0.00e+00	0.00e+00
 1.55179e+23	9.00e-18	7.92e-07	2.48e-04	3.07e-03	7.53e-03	2.96e-02	3.25e-01	5.27e-01	1.01e-01	6.76e-03	4.48e-04	2.89e-05	6.12e-07	0.00e+00	0.00e+00	0.00e+00	0.00e+00
 1.56465e+23	5.94e-17	9.58e-07	2.92e-04	3.51e-03	8.31e-03	3.23e-02	3.36e-01	5.19e-01	9.38e-02	6.07e-03	3.89e-04	2.44e-05	5.00e-07	0.00e+00	0.00e+00	0.00e+00	0.00e+00
 1.57595e+23	1.01e-16	1.15e-06	3.40e-04	3.98e-03	9.09e-03	3.48e-02	3.47e-01	5.11e-01	8.81e-02	5.51e-03	3.42e-04	2.09e-05	4.18e-07	0.00e+00	0.00e+00	0.00e+00	0.00e+00
 1.58863e+23	2.12e-16	1.44e-06	4.11e-04	4.64e-03	1.01e-02	3.82e-02	3.60e-01	5.00e-01	8.14e-02	4.88e-03	2.92e-04	1.72e-05	3.33e-07	0.00e+00	0.00e+00	0.00e+00	0.00e+00
 1.60193e+23	6.59e-16	1.76e-06	4.88e-04	5.33e-03	1.12e-02	4.16e-02	3.72e-01	4.90e-01	7.54e-02	4.35e-03	2.51e-04	1.44e-05	2.69e-07	0.00e+00	0.00e+00	0.00e+00	0.00e+00
 1.61398e+23	4.59e-17	2.13e-06	5.73e-04	6.06e-03	1.23e-02	4.48e-02	3.82e-01	4.79e-01	7.03e-02	3.91e-03	2.19e-04	1.22e-05	2.22e-07	0.00e+00	0.00e+00	0.00e+00	0.00e+00
 1.62757e+23	2.00e-17	2.72e-06	7.01e-04	7.12e-03	1.37e-02	4.92e-02	3.95e-01	4.66e-01	6.42e-02	3.42e-03	1.84e-04	9.89e-06	1.74e-07	0.00e+00	0.00e+00	0.00e+00	0.00e+00
 1.64161e+23	2.80e-17	3.36e-06	8.37e-04	8.19e-03	1.52e-02	5.34e-02	4.07e-01	4.54e-01	5.91e-02	3.02e-03	1.57e-04	8.19e-06	1.39e-07	0.00e+00	0.00e+00	0.00e+00	0.00e+00
 1.65411e+23	3.97e-17	4.10e-06	9.87e-04	9.34e-03	1.66e-02	5.75e-02	4.17e-01	4.41e-01	5.46e-02	2.70e-03	1.36e-04	6.87e-06	0.00e+00	0.00e+00	0.00e+00	0.00e+00	0.00e+00
 1.66826e+23	6.30e-17	5.28e-06	1.21e-03	1.10e-02	1.86e-02	6.30e-02	4.29e-01	4.26e-01	4.94e-02	2.33e-03	1.13e-04	5.50e-06	0.00e+00	0.00e+00	0.00e+00	0.00e+00	0.00e+00
 1.68297e+23	1.01e-16	6.60e-06	1.46e-03	1.27e-02	2.05e-02	6.82e-02	4.39e-01	4.11e-01	4.50e-02	2.04e-03	9.51e-05	4.50e-06	0.00e+00	0.00e+00	0.00e+00	0.00e+00	0.00e+00
 1.69620e+23	1.52e-16	8.15e-06	1.73e-03	1.45e-02	2.24e-02	7.34e-02	4.48e-01	3.97e-01	4.12e-02	1.81e-03	8.11e-05	3.72e-06	0.00e+00	0.00e+00	0.00e+00	0.00e+00	0.00e+00
 1.71121e+23	2.73e-16	1.07e-05	2.15e-03	1.72e-02	2.51e-02	8.03e-02	4.58e-01	3.79e-01	3.67e-02	1.54e-03	6.61e-05	2.92e-06	0.00e+00	0.00e+00	0.00e+00	0.00e+00	0.00e+00
 1.72667e+23	4.97e-16	1.34e-05	2.58e-03	1.98e-02	2.76e-02	8.65e-02	4.66e-01	3.63e-01	3.31e-02	1.34e-03	5.54e-05	2.37e-06	0.00e+00	0.00e+00	0.00e+00	0.00e+00	0.00e+00
 1.74056e+23	8.23e-16	1.67e-05	3.08e-03	2.26e-02	3.02e-02	9.28e-02	4.72e-01	3.48e-01	3.00e-02	1.17e-03	4.66e-05	1.93e-06	0.00e+00	0.00e+00	0.00e+00	0.00e+00	0.00e+00
 1.75650e+23	1.85e-15	2.22e-05	3.87e-03	2.69e-02	3.38e-02	1.01e-01	4.80e-01	3.27e-01	2.62e-02	9.73e-04	3.71e-05	1.48e-06	0.00e+00	0.00e+00	0.00e+00	0.00e+00	0.00e+00
 1.77259e+23	4.23e-15	2.78e-05	4.63e-03	3.08e-02	3.69e-02	1.08e-01	4.84e-01	3.11e-01	2.34e-02	8.39e-04	3.08e-05	1.19e-06	0.00e+00	0.00e+00	0.00e+00	0.00e+00	0.00e+00
 1.78889e+23	1.06e-14	3.69e-05	5.79e-03	3.65e-02	4.11e-02	1.17e-01	4.88e-01	2.90e-01	2.04e-02	6.98e-04	2.44e-05	9.06e-07	0.00e+00	0.00e+00	0.00e+00	0.00e+00	0.00e+00
 1.80544e+23	3.40e-14	4.66e-05	6.94e-03	4.18e-02	4.48e-02	1.25e-01	4.89e-01	2.73e-01	1.80e-02	5.96e-04	2.01e-05	7.20e-07	0.00e+00	0.00e+00	0.00e+00	0.00e+00	0.00e+00
 1.82013e+23	9.52e-14	5.83e-05	8.28e-03	4.76e-02	4.86e-02	1.33e-01	4.89e-01	2.57e-01	1.60e-02	5.10e-04	1.65e-05	5.74e-07	0.00e+00	0.00e+00	0.00e+00	0.00e+00	0.00e+00
 1.83700e+23	4.82e-13	7.79e-05	1.04e-02	5.62e-02	5.38e-02	1.43e-01	4.87e-01	2.36e-01	1.36e-02	4.15e-04	1.28e-05	4.26e-07	0.00e+00	0.00e+00	0.00e+00	0.00e+00	0.00e+00
 1.85412e+23	2.53e-12	9.78e-05	1.24e-02	6.39e-02	5.81e-02	1.51e-01	4.83e-01	2.20e-01	1.19e-02	3.51e-04	1.04e-05	3.35e-07	0.00e+00	0.00e+00	0.00e+00	0.00e+00	0.00e+00
 1.87155e+23	2.54e-11	1.31e-04	1.54e-02	7.50e-02	6.39e-02	1.61e-01	4.76e-01	1.99e-01	9.94e-03	2.81e-04	7.88e-06	2.45e-07	0.00e+00	0.00e+00	0.00e+00	0.00e+00	0.00e+00
 1.88919e+23	1.85e-10	1.64e-04	1.84e-02	8.49e-02	6.86e-02	1.68e-01	4.68e-01	1.83e-01	8.59e-03	2.35e-04	6.32e-06	1.90e-07	0.00e+00	0.00e+00	0.00e+00	0.00e+00	0.00e+00
 1.90709e+23	1.23e-09	2.19e-04	2.28e-02	9.89e-02	7.48e-02	1.78e-01	4.55e-01	1.63e-01	7.07e-03	1.86e-04	4.72e-06	1.36e-07	0.00e+00	0.00e+00	0.00e+00	0.00e+00	0.00e+00
 1.92523e+23	2.02e-09	2.74e-04	2.71e-02	1.11e-01	7.97e-02	1.85e-01	4.43e-01	1.48e-01	6.02e-03	1.53e-04	3.73e-06	0.00e+00	0.00e+00	0.00e+00	0.00e+00	0.00e+00	0.00e+00
 1.94101e+23	2.90e-09	3.39e-04	3.17e-02	1.24e-01	8.44e-02	1.91e-01	4.29e-01	1.35e-01	5.14e-03	1.27e-04	2.96e-06	0.00e+00	0.00e+00	0.00e+00	0.00e+00	0.00e+00	0.00e+00
 1.95881e+23	4.50e-09	4.45e-04	3.87e-02	1.42e-01	9.03e-02	1.98e-01	4.09e-01	1.18e-01	4.15e-03	9.90e-05	2.18e-06	0.00e+00	0.00e+00	0.00e+00	0.00e+00	0.00e+00	0.00e+00
 1.97579e+23	5.98e-09	5.33e-04	4.42e-02	1.55e-01	9.42e-02	2.01e-01	3.95e-01	1.07e-01	3.58e-03	8.31e-05	1.76e-06	0.00e+00	0.00e+00	0.00e+00	0.00e+00	0.00e+00	0.00e+00
 1.99170e+23	8.51e-09	6.72e-04	5.22e-02	1.72e-01	9.89e-02	2.05e-01	3.74e-01	9.37e-02	2.92e-03	6.58e-05	1.32e-06	0.00e+00	0.00e+00	0.00e+00	0.00e+00	0.00e+00	0.00e+00
 2.00762e+23	1.10e-08	7.99e-04	5.91e-02	1.86e-01	1.02e-01	2.07e-01	3.57e-01	8.43e-02	2.49e-03	5.49e-05	1.06e-06	0.00e+00	0.00e+00	0.00e+00	0.00e+00	0.00e+00	0.00e+00
 2.02356e+23	1.51e-08	9.88e-04	6.87e-02	2.05e-01	1.06e-01	2.09e-01	3.35e-01	7.34e-02	2.03e-03	4.34e-05	7.95e-07	0.00e+00	0.00e+00	0.00e+00	0.00e+00	0.00e+00	0.00e+00
 2.04007e+23	1.99e-08	1.19e-03	7.81e-02	2.21e-01	1.09e-01	2.09e-01	3.15e-01	6.44e-02	1.67e-03	3.50e-05	6.11e-07	0.00e+00	0.00e+00	0.00e+00	0.00e+00	0.00e+00	0.00e+00
 2.05486e+23	2.53e-08	1.40e-03	8.77e-02	2.37e-01	1.12e-01	2.09e-01	2.96e-01	5.69e-02	1.40e-03	2.86e-05	4.79e-07	0.00e+00	0.00e+00	0.00e+00	0.00e+00	0.00e+00	0.00e+00
 2.07164e+23	3.43e-08	1.73e-03	1.01e-01	2.56e-01	1.14e-01	2.06e-01	2.71e-01	4.81e-02	1.10e-03	2.20e-05	3.48e-07	0.00e+00	0.00e+00	0.00e+00	0.00e+00	0.00e+00	0.00e+00
 2.08871e+23	4.39e-08	2.05e-03	1.13e-01	2.73e-01	1.16e-01	2.03e-01	2.51e-01	4.15e-02	8.98e-04	1.75e-05	2.64e-07	0.00e+00	0.00e+00	0.00e+00	0.00e+00	0.00e+00	0.00e+00
 2.10390e+23	5.52e-08	2.40e-03	1.26e-01	2.88e-01	1.16e-01	1.99e-01	2.32e-01	3.59e-02	7.35e-04	1.40e-05	2.02e-07	0.00e+00	0.00e+00	0.00e+00	0.00e+00	0.00e+00	0.00e+00
 2.11863e+23	6.82e-08	2.77e-03	1.38e-01	3.02e-01	1.17e-01	1.95e-01	2.14e-01	3.12e-02	6.05e-04	1.13e-05	1.56e-07	0.00e+00	0.00e+00	0.00e+00	0.00e+00	0.00e+00	0.00e+00
 2.13222e+23	8.26e-08	3.16e-03	1.50e-01	3.14e-01	1.17e-01	1.90e-01	1.98e-01	2.72e-02	5.03e-04	9.26e-06	1.23e-07	0.00e+00	0.00e+00	0.00e+00	0.00e+00	0.00e+00	0.00e+00
 2.14709e+23	1.04e-07	3.69e-03	1.65e-01	3.28e-01	1.16e-01	1.84e-01	1.79e-01	2.30e-02	4.01e-04	7.22e-06	0.00e+00	0.00e+00	0.00e+00	0.00e+00	0.00e+00	0.00e+00	0.00e+00
 2.16219e+23	1.25e-07	4.19e-03	1.79e-01	3.39e-01	1.15e-01	1.78e-01	1.64e-01	1.98e-02	3.28e-04	5.81e-06	0.00e+00	0.00e+00	0.00e+00	0.00e+00	0.00e+00	0.00e+00	0.00e+00
 2.17537e+23	1.49e-07	4.71e-03	1.92e-01	3.49e-01	1.14e-01	1.72e-01	1.51e-01	1.71e-02	2.72e-04	4.74e-06	0.00e+00	0.00e+00	0.00e+00	0.00e+00	0.00e+00	0.00e+00	0.00e+00
 2.19028e+23	1.84e-07	5.44e-03	2.10e-01	3.60e-01	1.12e-01	1.64e-01	1.35e-01	1.42e-02	2.13e-04	3.64e-06	0.00e+00	0.00e+00	0.00e+00	0.00e+00	0.00e+00	0.00e+00	0.00e+00
 2.20551e+23	2.20e-07	6.12e-03	2.24e-01	3.68e-01	1.10e-01	1.57e-01	1.22e-01	1.21e-02	1.73e-04	2.91e-06	0.00e+00	0.00e+00	0.00e+00	0.00e+00	0.00e+00	0.00e+00	0.00e+00
 2.21901e+23	2.60e-07	6.85e-03	2.39e-01	3.75e-01	1.08e-01	1.50e-01	1.10e-01	1.03e-02	1.41e-04	2.33e-06	0.00e+00	0.00e+00	0.00e+00	0.00e+00	0.00e+00	0.00e+00	0.00e+00
 2.23444e+23	3.20e-07	7.84e-03	2.58e-01	3.83e-01	1.05e-01	1.41e-01	9.70e-02	8.43e-03	1.08e-04	1.76e-06	0.00e+00	0.00e+00	0.00e+00	0.00e+00	0.00e+00	0.00e+00	0.00e+00
 2.25011e+23	3.78e-07	8.76e-03	2.74e-01	3.88e-01	1.03e-01	1.33e-01	8.68e-02	7.08e-03	8.69e-05	1.39e-06	0.00e+00	0.00e+00	0.00e+00	0.00e+00	0.00e+00	0.00e+00	0.00e+00
 2.26398e+23	4.45e-07	9.73e-03	2.90e-01	3.91e-01	9.96e-02	1.26e-01	7.77e-02	5.96e-03	6.97e-05	1.10e-06	0.00e+00	0.00e+00	0.00e+00	0.00e+00	0.00e+00	0.00e+00	0.00e+00
 2.27990e+23	5.43e-07	1.11e-02	3.10e-01	3.94e-01	9.58e-02	1.17e-01	6.73e-02	4.77e-03	5.28e-05	8.13e-07	0.00e+00	0.00e+00	0.00e+00	0.00e+00	0.00e+00	0.00e+00	0.00e+00
 2.29599e+23	6.38e-07	1.23e-02	3.27e-01	3.96e-01	9.24e-02	1.09e-01	5.96e-02	3.96e-03	4.18e-05	6.33e-07	0.00e+00	0.00e+00	0.00e+00	0.00e+00	0.00e+00	0.00e+00	0.00e+00
 2.31015e+23	7.45e-07	1.36e-02	3.43e-01	3.96e-01	8.91e-02	1.02e-01	5.28e-02	3.29e-03	3.32e-05	4.95e-07	0.00e+00	0.00e+00	0.00e+00	0.00e+00	0.00e+00	0.00e+00	0.00e+00
 2.32641e+23	9.01e-07	1.53e-02	3.64e-01	3.94e-01	8.48e-02	9.34e-02	4.52e-02	2.60e-03	2.48e-05	3.62e-07	0.00e+00	0.00e+00	0.00e+00	0.00e+00	0.00e+00	0.00e+00	0.00e+00
 2.34296e+23	1.06e-06	1.69e-02	3.81e-01	3.92e-01	8.12e-02	8.65e-02	3.96e-02	2.13e-03	1.94e-05	2.78e-07	0.00e+00	0.00e+00	0.00e+00	0.00e+00	0.00e+00	0.00e+00	0.00e+00
 2.35989e+23	1.28e-06	1.91e-02	4.03e-01	3.88e-01	7.67e-02	7.84e-02	3.34e-02	1.65e-03	1.43e-05	1.99e-07	0.00e+00	0.00e+00	0.00e+00	0.00e+00	0.00e+00	0.00e+00	0.00e+00
 2.37702e+23	1.50e-06	2.10e-02	4.20e-01	3.84e-01	7.29e-02	7.20e-02	2.90e-02	1.33e-03	1.10e-05	1.51e-07	0.00e+00	0.00e+00	0.00e+00	0.00e+00	0.00e+00	0.00e+00	0.00e+00
 2.39442e+23	1.80e-06	2.36e-02	4.41e-01	3.77e-01	6.85e-02	6.46e-02	2.43e-02	1.02e-03	8.00e-06	0.00e+00	0.00e+00	0.00e+00	0.00e+00	0.00e+00	0.00e+00	0.00e+00	0.00e+00
 2.41215e+23	2.11e-06	2.59e-02	4.59e-01	3.70e-01	6.47e-02	5.88e-02	2.09e-02	8.17e-04	6.10e-06	0.00e+00	0.00e+00	0.00e+00	0.00e+00	0.00e+00	0.00e+00	0.00e+00	0.00e+00
 2.43031e+23	2.55e-06	2.91e-02	4.80e-01	3.60e-01	6.03e-02	5.22e-02	1.72e-02	6.17e-04	4.37e-06	0.00e+00	0.00e+00	0.00e+00	0.00e+00	0.00e+00	0.00e+00	0.00e+00	0.00e+00
 2.44879e+23	2.98e-06	3.20e-02	4.97e-01	3.52e-01	5.66e-02	4.71e-02	1.47e-02	4.86e-04	3.29e-06	0.00e+00	0.00e+00	0.00e+00	0.00e+00	0.00e+00	0.00e+00	0.00e+00	0.00e+00
 2.46519e+23	3.47e-06	3.49e-02	5.14e-01	3.43e-01	5.32e-02	4.25e-02	1.25e-02	3.85e-04	2.50e-06	0.00e+00	0.00e+00	0.00e+00	0.00e+00	0.00e+00	0.00e+00	0.00e+00	0.00e+00
 2.48403e+23	4.17e-06	3.90e-02	5.34e-01	3.30e-01	4.91e-02	3.72e-02	1.02e-02	2.86e-04	1.76e-06	0.00e+00	0.00e+00	0.00e+00	0.00e+00	0.00e+00	0.00e+00	0.00e+00	0.00e+00
 2.50057e+23	4.70e-06	4.17e-02	5.46e-01	3.23e-01	4.66e-02	3.42e-02	9.00e-03	2.37e-04	1.42e-06	0.00e+00	0.00e+00	0.00e+00	0.00e+00	0.00e+00	0.00e+00	0.00e+00	0.00e+00
 2.51411e+23	5.32e-06	4.49e-02	5.59e-01	3.13e-01	4.40e-02	3.10e-02	7.79e-03	1.92e-04	1.11e-06	0.00e+00	0.00e+00	0.00e+00	0.00e+00	0.00e+00	0.00e+00	0.00e+00	0.00e+00
 2.52826e+23	5.97e-06	4.80e-02	5.70e-01	3.05e-01	4.17e-02	2.84e-02	6.84e-03	1.59e-04	8.91e-07	0.00e+00	0.00e+00	0.00e+00	0.00e+00	0.00e+00	0.00e+00	0.00e+00	0.00e+00
 2.54116e+23	6.64e-06	5.10e-02	5.81e-01	2.97e-01	3.96e-02	2.61e-02	6.04e-03	1.33e-04	7.23e-07	0.00e+00	0.00e+00	0.00e+00	0.00e+00	0.00e+00	0.00e+00	0.00e+00	0.00e+00
 2.55591e+23	7.58e-06	5.50e-02	5.94e-01	2.86e-01	3.70e-02	2.33e-02	5.14e-03	1.05e-04	5.54e-07	0.00e+00	0.00e+00	0.00e+00	0.00e+00	0.00e+00	0.00e+00	0.00e+00	0.00e+00
 2.57094e+23	8.51e-06	5.87e-02	6.04e-01	2.76e-01	3.49e-02	2.12e-02	4.48e-03	8.61e-05	4.41e-07	0.00e+00	0.00e+00	0.00e+00	0.00e+00	0.00e+00	0.00e+00	0.00e+00	0.00e+00
 2.58633e+23	9.76e-06	6.34e-02	6.17e-01	2.65e-01	3.24e-02	1.88e-02	3.78e-03	6.73e-05	3.33e-07	0.00e+00	0.00e+00	0.00e+00	0.00e+00	0.00e+00	0.00e+00	0.00e+00	0.00e+00
 2.60183e+23	1.10e-05	6.77e-02	6.26e-01	2.55e-01	3.05e-02	1.70e-02	3.28e-03	5.47e-05	2.63e-07	0.00e+00	0.00e+00	0.00e+00	0.00e+00	0.00e+00	0.00e+00	0.00e+00	0.00e+00
 2.61747e+23	1.26e-05	7.30e-02	6.38e-01	2.43e-01	2.82e-02	1.50e-02	2.75e-03	4.25e-05	1.98e-07	0.00e+00	0.00e+00	0.00e+00	0.00e+00	0.00e+00	0.00e+00	0.00e+00	0.00e+00
 2.63337e+23	1.42e-05	7.78e-02	6.46e-01	2.33e-01	2.64e-02	1.35e-02	2.38e-03	3.44e-05	1.56e-07	0.00e+00	0.00e+00	0.00e+00	0.00e+00	0.00e+00	0.00e+00	0.00e+00	0.00e+00
 2.64961e+23	1.63e-05	8.39e-02	6.57e-01	2.21e-01	2.44e-02	1.18e-02	1.98e-03	2.65e-05	0.00e+00	0.00e+00	0.00e+00	0.00e+00	0.00e+00	0.00e+00	0.00e+00	0.00e+00	0.00e+00
 2.66614e+23	1.83e-05	8.94e-02	6.64e-01	2.11e-01	2.27e-02	1.05e-02	1.70e-03	2.12e-05	0.00e+00	0.00e+00	0.00e+00	0.00e+00	0.00e+00	0.00e+00	0.00e+00	0.00e+00	0.00e+00
 2.68307e+23	2.11e-05	9.66e-02	6.74e-01	1.98e-01	2.08e-02	9.12e-03	1.40e-03	1.61e-05	0.00e+00	0.00e+00	0.00e+00	0.00e+00	0.00e+00	0.00e+00	0.00e+00	0.00e+00	0.00e+00
 2.70020e+23	2.38e-05	1.03e-01	6.80e-01	1.89e-01	1.94e-02	8.11e-03	1.20e-03	1.29e-05	0.00e+00	0.00e+00	0.00e+00	0.00e+00	0.00e+00	0.00e+00	0.00e+00	0.00e+00	0.00e+00
 2.71759e+23	2.74e-05	1.11e-01	6.87e-01	1.76e-01	1.77e-02	6.98e-03	9.82e-04	9.72e-06	0.00e+00	0.00e+00	0.00e+00	0.00e+00	0.00e+00	0.00e+00	0.00e+00	0.00e+00	0.00e+00
 2.73534e+23	3.10e-05	1.18e-01	6.92e-01	1.66e-01	1.63e-02	6.14e-03	8.31e-04	7.66e-06	0.00e+00	0.00e+00	0.00e+00	0.00e+00	0.00e+00	0.00e+00	0.00e+00	0.00e+00	0.00e+00
 2.75358e+23	3.59e-05	1.27e-01	6.98e-01	1.54e-01	1.48e-02	5.22e-03	6.72e-04	5.68e-06	0.00e+00	0.00e+00	0.00e+00	0.00e+00	0.00e+00	0.00e+00	0.00e+00	0.00e+00	0.00e+00
 2.77176e+23	4.04e-05	1.35e-01	7.01e-01	1.44e-01	1.36e-02	4.59e-03	5.70e-04	4.50e-06	0.00e+00	0.00e+00	0.00e+00	0.00e+00	0.00e+00	0.00e+00	0.00e+00	0.00e+00	0.00e+00
 2.78987e+23	4.67e-05	1.46e-01	7.05e-01	1.33e-01	1.23e-02	3.88e-03	4.60e-04	3.33e-06	0.00e+00	0.00e+00	0.00e+00	0.00e+00	0.00e+00	0.00e+00	0.00e+00	0.00e+00	0.00e+00
 2.80811e+23	5.25e-05	1.54e-01	7.07e-01	1.24e-01	1.13e-02	3.40e-03	3.89e-04	2.63e-06	0.00e+00	0.00e+00	0.00e+00	0.00e+00	0.00e+00	0.00e+00	0.00e+00	0.00e+00	0.00e+00
 2.82651e+23	6.06e-05	1.66e-01	7.08e-01	1.13e-01	1.02e-02	2.85e-03	3.12e-04	1.94e-06	0.00e+00	0.00e+00	0.00e+00	0.00e+00	0.00e+00	0.00e+00	0.00e+00	0.00e+00	0.00e+00
 2.84499e+23	6.81e-05	1.76e-01	7.08e-01	1.04e-01	9.35e-03	2.48e-03	2.62e-04	1.52e-06	0.00e+00	0.00e+00	0.00e+00	0.00e+00	0.00e+00	0.00e+00	0.00e+00	0.00e+00	0.00e+00
 2.86359e+23	7.87e-05	1.89e-01	7.07e-01	9.41e-02	8.36e-03	2.07e-03	2.09e-04	1.11e-06	0.00e+00	0.00e+00	0.00e+00	0.00e+00	0.00e+00	0.00e+00	0.00e+00	0.00e+00	0.00e+00
 2.88224e+23	8.85e-05	1.99e-01	7.04e-01	8.64e-02	7.63e-03	1.79e-03	1.75e-04	8.66e-07	0.00e+00	0.00e+00	0.00e+00	0.00e+00	0.00e+00	0.00e+00	0.00e+00	0.00e+00	0.00e+00
 2.90097e+23	1.02e-04	2.14e-01	7.01e-01	7.70e-02	6.79e-03	1.48e-03	1.38e-04	6.27e-07	0.00e+00	0.00e+00	0.00e+00	0.00e+00	0.00e+00	0.00e+00	0.00e+00	0.00e+00	0.00e+00
 2.91976e+23	1.15e-04	2.26e-01	6.97e-01	7.00e-02	6.17e-03	1.27e-03	1.15e-04	4.87e-07	0.00e+00	0.00e+00	0.00e+00	0.00e+00	0.00e+00	0.00e+00	0.00e+00	0.00e+00	0.00e+00
 2.93864e+23	1.33e-04	2.42e-01	6.90e-01	6.14e-02	5.43e-03	1.03e-03	8.94e-05	3.46e-07	0.00e+00	0.00e+00	0.00e+00	0.00e+00	0.00e+00	0.00e+00	0.00e+00	0.00e+00	0.00e+00
 2.95755e+23	1.50e-04	2.56e-01	6.83e-01	5.51e-02	4.91e-03	8.80e-04	7.36e-05	2.66e-07	0.00e+00	0.00e+00	0.00e+00	0.00e+00	0.00e+00	0.00e+00	0.00e+00	0.00e+00	0.00e+00
 2.97651e+23	1.73e-04	2.73e-01	6.74e-01	4.78e-02	4.29e-03	7.12e-04	5.70e-05	1.88e-07	0.00e+00	0.00e+00	0.00e+00	0.00e+00	0.00e+00	0.00e+00	0.00e+00	0.00e+00	0.00e+00
 2.99570e+23	1.95e-04	2.89e-01	6.64e-01	4.21e-02	3.83e-03	5.95e-04	4.60e-05	1.41e-07	0.00e+00	0.00e+00	0.00e+00	0.00e+00	0.00e+00	0.00e+00	0.00e+00	0.00e+00	0.00e+00
 3.01264e+23	2.20e-04	3.05e-01	6.54e-01	3.70e-02	3.41e-03	4.95e-04	3.70e-05	0.00e+00	0.00e+00	0.00e+00	0.00e+00	0.00e+00	0.00e+00	0.00e+00	0.00e+00	0.00e+00	0.00e+00
 3.03210e+23	2.55e-04	3.27e-01	6.39e-01	3.11e-02	2.91e-03	3.89e-04	2.79e-05	0.00e+00	0.00e+00	0.00e+00	0.00e+00	0.00e+00	0.00e+00	0.00e+00	0.00e+00	0.00e+00	0.00e+00
 3.05197e+23	2.91e-04	3.46e-01	6.24e-01	2.65e-02	2.52e-03	3.14e-04	2.16e-05	0.00e+00	0.00e+00	0.00e+00	0.00e+00	0.00e+00	0.00e+00	0.00e+00	0.00e+00	0.00e+00	0.00e+00
 3.06884e+23	3.27e-04	3.65e-01	6.09e-01	2.26e-02	2.19e-03	2.55e-04	1.70e-05	0.00e+00	0.00e+00	0.00e+00	0.00e+00	0.00e+00	0.00e+00	0.00e+00	0.00e+00	0.00e+00	0.00e+00
 3.08126e+23	3.52e-04	3.78e-01	5.99e-01	2.02e-02	2.00e-03	2.22e-04	1.45e-05	0.00e+00	0.00e+00	0.00e+00	0.00e+00	0.00e+00	0.00e+00	0.00e+00	0.00e+00	0.00e+00	0.00e+00
