#depth	Ne	Ne+	Ne+2	Ne+3	Ne+4	Ne+5	Ne+6	Ne+7	Ne+8	Ne+9	Ne+10
 1.54284e+22	4.76e-27	1.80e-21	4.53e-17	1.66e-13	1.43e-10	2.96e-08	2.17e-06	9.85e-05	1.61e-02	2.20e-01	7.64e-01
 3.48983e+22	8.64e-25	1.90e-19	2.72e-15	5.76e-12	2.95e-09	3.57e-07	1.46e-05	3.73e-04	3.64e-02	3.06e-01	6.58e-01
 4.08419e+22	1.52e-23	2.47e-18	2.58e-14	4.01e-11	1.54e-08	1.40e-06	4.13e-05	7.64e-04	5.58e-02	3.56e-01	5.87e-01
 4.36951e+22	6.60e-23	9.22e-18	8.17e-14	1.08e-10	3.61e-08	2.84e-06	7.11e-05	1.11e-03	6.93e-02	3.83e-01	5.47e-01
 4.48839e+22	9.54e-23	1.28e-17	1.09e-13	1.39e-10	4.47e-08	3.39e-06	8.16e-05	1.22e-03	7.32e-02	3.89e-01	5.36e-01
 4.53008e+22	1.25e-22	1.63e-17	1.35e-13	1.67e-10	5.23e-08	3.87e-06	9.03e-05	1.30e-03	7.62e-02	3.94e-01	5.28e-01
 4.57129e+22	1.76e-22	2.22e-17	1.77e-13	2.10e-10	6.39e-08	4.57e-06	1.03e-04	1.42e-03	8.02e-02	4.00e-01	5.18e-01
 4.61363e+22	2.31e-22	2.84e-17	2.19e-13	2.53e-10	7.50e-08	5.23e-06	1.14e-04	1.53e-03	8.36e-02	4.05e-01	5.10e-01
 4.65744e+22	3.28e-22	3.89e-17	2.89e-13	3.22e-10	9.23e-08	6.22e-06	1.30e-04	1.67e-03	8.81e-02	4.11e-01	4.99e-01
 4.70193e+22	4.31e-22	4.97e-17	3.59e-13	3.88e-10	1.08e-07	7.11e-06	1.45e-04	1.80e-03	9.17e-02	4.16e-01	4.90e-01
 4.74730e+22	6.13e-22	6.84e-17	4.75e-13	4.94e-10	1.33e-07	8.48e-06	1.66e-04	1.97e-03	9.67e-02	4.22e-01	4.79e-01
 4.79345e+22	7.99e-22	8.68e-17	5.86e-13	5.93e-10	1.56e-07	9.68e-06	1.84e-04	2.12e-03	1.01e-01	4.27e-01	4.70e-01
 4.84060e+22	1.13e-21	1.19e-16	7.72e-13	7.53e-10	1.92e-07	1.15e-05	2.11e-04	2.32e-03	1.06e-01	4.32e-01	4.59e-01
 4.88900e+22	1.48e-21	1.51e-16	9.56e-13	9.05e-10	2.26e-07	1.32e-05	2.34e-04	2.49e-03	1.10e-01	4.37e-01	4.50e-01
 4.93903e+22	2.09e-21	2.07e-16	1.26e-12	1.15e-09	2.77e-07	1.57e-05	2.68e-04	2.74e-03	1.16e-01	4.42e-01	4.38e-01
 4.98910e+22	2.71e-21	2.61e-16	1.55e-12	1.37e-09	3.24e-07	1.79e-05	2.97e-04	2.93e-03	1.21e-01	4.46e-01	4.30e-01
 5.03920e+22	3.77e-21	3.52e-16	2.02e-12	1.73e-09	3.96e-07	2.12e-05	3.39e-04	3.21e-03	1.27e-01	4.51e-01	4.18e-01
 5.09033e+22	4.85e-21	4.42e-16	2.47e-12	2.06e-09	4.61e-07	2.41e-05	3.75e-04	3.43e-03	1.32e-01	4.55e-01	4.09e-01
 5.14282e+22	6.75e-21	5.96e-16	3.22e-12	2.59e-09	5.63e-07	2.86e-05	4.28e-04	3.76e-03	1.39e-01	4.59e-01	3.98e-01
 5.19371e+22	8.41e-21	7.27e-16	3.84e-12	3.02e-09	6.43e-07	3.20e-05	4.68e-04	3.99e-03	1.43e-01	4.62e-01	3.90e-01
 5.24251e+22	1.12e-20	9.47e-16	4.85e-12	3.70e-09	7.68e-07	3.71e-05	5.26e-04	4.32e-03	1.50e-01	4.66e-01	3.80e-01
 5.29265e+22	1.41e-20	1.16e-15	5.82e-12	4.34e-09	8.81e-07	4.17e-05	5.77e-04	4.60e-03	1.55e-01	4.68e-01	3.71e-01
 5.34452e+22	1.90e-20	1.52e-15	7.40e-12	5.35e-09	1.06e-06	4.88e-05	6.52e-04	4.99e-03	1.62e-01	4.72e-01	3.61e-01
 5.39705e+22	2.37e-20	1.86e-15	8.83e-12	6.24e-09	1.21e-06	5.46e-05	7.12e-04	5.30e-03	1.67e-01	4.74e-01	3.53e-01
 5.45042e+22	3.15e-20	2.41e-15	1.11e-11	7.64e-09	1.44e-06	6.34e-05	8.00e-04	5.73e-03	1.74e-01	4.77e-01	3.42e-01
 5.50336e+22	3.90e-20	2.93e-15	1.32e-11	8.88e-09	1.64e-06	7.08e-05	8.73e-04	6.08e-03	1.80e-01	4.79e-01	3.34e-01
 5.55574e+22	5.14e-20	3.76e-15	1.66e-11	1.08e-08	1.95e-06	8.18e-05	9.79e-04	6.57e-03	1.87e-01	4.81e-01	3.24e-01
 5.60865e+22	6.30e-20	4.53e-15	1.95e-11	1.25e-08	2.21e-06	9.09e-05	1.06e-03	6.94e-03	1.93e-01	4.82e-01	3.17e-01
 5.66227e+22	8.25e-20	5.79e-15	2.43e-11	1.51e-08	2.61e-06	1.05e-04	1.19e-03	7.48e-03	2.00e-01	4.84e-01	3.07e-01
 5.71694e+22	1.01e-19	6.98e-15	2.87e-11	1.74e-08	2.97e-06	1.17e-04	1.29e-03	7.91e-03	2.06e-01	4.85e-01	3.00e-01
 5.77298e+22	1.33e-19	8.93e-15	3.58e-11	2.11e-08	3.51e-06	1.34e-04	1.44e-03	8.53e-03	2.15e-01	4.86e-01	2.90e-01
 5.83007e+22	1.63e-19	1.08e-14	4.23e-11	2.45e-08	3.98e-06	1.50e-04	1.57e-03	9.03e-03	2.21e-01	4.86e-01	2.82e-01
 5.88850e+22	2.14e-19	1.38e-14	5.28e-11	2.97e-08	4.72e-06	1.73e-04	1.76e-03	9.73e-03	2.29e-01	4.87e-01	2.72e-01
 5.94808e+22	2.63e-19	1.67e-14	6.25e-11	3.44e-08	5.36e-06	1.92e-04	1.91e-03	1.03e-02	2.36e-01	4.87e-01	2.65e-01
 6.00029e+22	3.21e-19	2.00e-14	7.36e-11	3.96e-08	6.07e-06	2.14e-04	2.08e-03	1.09e-02	2.42e-01	4.87e-01	2.58e-01
 6.05932e+22	4.16e-19	2.53e-14	9.09e-11	4.77e-08	7.13e-06	2.45e-04	2.31e-03	1.17e-02	2.51e-01	4.86e-01	2.48e-01
 6.11848e+22	5.02e-19	3.00e-14	1.06e-10	5.44e-08	8.00e-06	2.69e-04	2.49e-03	1.23e-02	2.57e-01	4.86e-01	2.42e-01
 6.17780e+22	6.47e-19	3.79e-14	1.30e-10	6.53e-08	9.38e-06	3.08e-04	2.77e-03	1.32e-02	2.66e-01	4.85e-01	2.33e-01
 6.23805e+22	7.81e-19	4.50e-14	1.52e-10	7.47e-08	1.05e-05	3.40e-04	2.98e-03	1.38e-02	2.73e-01	4.84e-01	2.27e-01
 6.29949e+22	1.00e-18	5.65e-14	1.87e-10	8.92e-08	1.23e-05	3.87e-04	3.30e-03	1.48e-02	2.82e-01	4.82e-01	2.18e-01
 6.36295e+22	1.23e-18	6.80e-14	2.20e-10	1.03e-07	1.40e-05	4.30e-04	3.58e-03	1.56e-02	2.89e-01	4.80e-01	2.11e-01
 6.42904e+22	1.58e-18	8.58e-14	2.71e-10	1.24e-07	1.63e-05	4.90e-04	3.96e-03	1.67e-02	2.98e-01	4.78e-01	2.03e-01
 6.49750e+22	1.96e-18	1.04e-13	3.24e-10	1.44e-07	1.87e-05	5.48e-04	4.32e-03	1.77e-02	3.06e-01	4.76e-01	1.96e-01
 6.56905e+22	2.56e-18	1.33e-13	4.02e-10	1.74e-07	2.20e-05	6.28e-04	4.80e-03	1.89e-02	3.16e-01	4.73e-01	1.87e-01
 6.64286e+22	3.21e-18	1.64e-13	4.83e-10	2.04e-07	2.52e-05	7.05e-04	5.25e-03	2.00e-02	3.24e-01	4.70e-01	1.80e-01
 6.71961e+22	4.23e-18	2.11e-13	6.06e-10	2.49e-07	2.99e-05	8.12e-04	5.85e-03	2.15e-02	3.34e-01	4.66e-01	1.72e-01
 6.79879e+22	5.35e-18	2.61e-13	7.34e-10	2.94e-07	3.45e-05	9.15e-04	6.41e-03	2.28e-02	3.43e-01	4.62e-01	1.65e-01
 6.87017e+22	6.69e-18	3.20e-13	8.80e-10	3.44e-07	3.95e-05	1.02e-03	6.98e-03	2.41e-02	3.52e-01	4.58e-01	1.58e-01
 6.95202e+22	8.96e-18	4.18e-13	1.12e-09	4.24e-07	4.73e-05	1.19e-03	7.83e-03	2.60e-02	3.63e-01	4.52e-01	1.50e-01
 7.03451e+22	1.12e-17	5.12e-13	1.34e-09	4.96e-07	5.41e-05	1.33e-03	8.52e-03	2.74e-02	3.71e-01	4.48e-01	1.43e-01
 7.11784e+22	1.49e-17	6.65e-13	1.70e-09	6.09e-07	6.46e-05	1.54e-03	9.52e-03	2.94e-02	3.82e-01	4.42e-01	1.35e-01
 7.20294e+22	1.88e-17	8.23e-13	2.05e-09	7.18e-07	7.45e-05	1.73e-03	1.04e-02	3.11e-02	3.91e-01	4.36e-01	1.29e-01
 7.29035e+22	2.52e-17	1.07e-12	2.61e-09	8.84e-07	8.90e-05	2.00e-03	1.16e-02	3.34e-02	4.02e-01	4.29e-01	1.22e-01
 7.37959e+22	3.20e-17	1.34e-12	3.18e-09	1.05e-06	1.03e-04	2.27e-03	1.28e-02	3.55e-02	4.11e-01	4.23e-01	1.15e-01
 7.45899e+22	4.04e-17	1.66e-12	3.85e-09	1.24e-06	1.19e-04	2.55e-03	1.40e-02	3.75e-02	4.20e-01	4.16e-01	1.09e-01
 7.54998e+22	5.43e-17	2.17e-12	4.92e-09	1.53e-06	1.43e-04	2.98e-03	1.57e-02	4.04e-02	4.32e-01	4.07e-01	1.02e-01
 7.63640e+22	6.63e-17	2.61e-12	5.79e-09	1.77e-06	1.62e-04	3.29e-03	1.70e-02	4.23e-02	4.39e-01	4.01e-01	9.74e-02
 7.71688e+22	8.54e-17	3.31e-12	7.18e-09	2.14e-06	1.91e-04	3.78e-03	1.89e-02	4.52e-02	4.49e-01	3.92e-01	9.11e-02
 7.79752e+22	1.04e-16	3.96e-12	8.44e-09	2.46e-06	2.16e-04	4.18e-03	2.03e-02	4.74e-02	4.56e-01	3.85e-01	8.67e-02
 7.87838e+22	1.33e-16	4.97e-12	1.04e-08	2.95e-06	2.53e-04	4.77e-03	2.25e-02	5.04e-02	4.65e-01	3.76e-01	8.10e-02
 7.96112e+22	1.62e-16	5.98e-12	1.23e-08	3.42e-06	2.88e-04	5.31e-03	2.44e-02	5.30e-02	4.72e-01	3.68e-01	7.65e-02
 8.04632e+22	2.07e-16	7.54e-12	1.52e-08	4.12e-06	3.39e-04	6.11e-03	2.71e-02	5.66e-02	4.82e-01	3.58e-01	7.08e-02
 8.13199e+22	2.51e-16	9.02e-12	1.79e-08	4.76e-06	3.85e-04	6.79e-03	2.94e-02	5.94e-02	4.88e-01	3.49e-01	6.67e-02
 8.21826e+22	3.18e-16	1.13e-11	2.21e-08	5.72e-06	4.53e-04	7.79e-03	3.26e-02	6.33e-02	4.96e-01	3.38e-01	6.15e-02
 8.30634e+22	3.83e-16	1.35e-11	2.60e-08	6.63e-06	5.16e-04	8.69e-03	3.54e-02	6.66e-02	5.03e-01	3.29e-01	5.74e-02
 8.39675e+22	4.83e-16	1.69e-11	3.21e-08	7.98e-06	6.09e-04	1.00e-02	3.94e-02	7.11e-02	5.10e-01	3.16e-01	5.25e-02
 8.48874e+22	5.78e-16	2.00e-11	3.77e-08	9.23e-06	6.93e-04	1.12e-02	4.29e-02	7.48e-02	5.15e-01	3.06e-01	4.87e-02
 8.58277e+22	7.18e-16	2.48e-11	4.63e-08	1.11e-05	8.19e-04	1.29e-02	4.78e-02	7.98e-02	5.22e-01	2.93e-01	4.40e-02
 8.67795e+22	8.46e-16	2.92e-11	5.42e-08	1.28e-05	9.32e-04	1.44e-02	5.20e-02	8.40e-02	5.26e-01	2.82e-01	4.06e-02
 8.75827e+22	9.75e-16	3.37e-11	6.22e-08	1.45e-05	1.05e-03	1.59e-02	5.60e-02	8.78e-02	5.29e-01	2.73e-01	3.76e-02
 8.84615e+22	1.15e-15	4.01e-11	7.38e-08	1.70e-05	1.21e-03	1.80e-02	6.17e-02	9.30e-02	5.32e-01	2.60e-01	3.40e-02
 8.93450e+22	1.31e-15	4.56e-11	8.41e-08	1.92e-05	1.35e-03	1.99e-02	6.63e-02	9.72e-02	5.34e-01	2.50e-01	3.13e-02
 9.02067e+22	1.50e-15	5.29e-11	9.78e-08	2.21e-05	1.54e-03	2.23e-02	7.24e-02	1.02e-01	5.35e-01	2.38e-01	2.83e-02
 9.10858e+22	1.67e-15	5.97e-11	1.11e-07	2.48e-05	1.73e-03	2.46e-02	7.78e-02	1.07e-01	5.36e-01	2.27e-01	2.59e-02
 9.19525e+22	1.86e-15	6.77e-11	1.27e-07	2.82e-05	1.95e-03	2.74e-02	8.44e-02	1.12e-01	5.35e-01	2.16e-01	2.33e-02
 9.28364e+22	2.04e-15	7.55e-11	1.43e-07	3.17e-05	2.18e-03	3.02e-02	9.06e-02	1.17e-01	5.34e-01	2.05e-01	2.12e-02
 9.37014e+22	2.21e-15	8.39e-11	1.61e-07	3.56e-05	2.44e-03	3.33e-02	9.74e-02	1.22e-01	5.31e-01	1.94e-01	1.91e-02
 9.45759e+22	2.38e-15	9.22e-11	1.80e-07	3.97e-05	2.71e-03	3.65e-02	1.04e-01	1.27e-01	5.28e-01	1.84e-01	1.72e-02
 9.54394e+22	2.52e-15	1.01e-10	2.00e-07	4.42e-05	3.01e-03	4.00e-02	1.11e-01	1.32e-01	5.24e-01	1.74e-01	1.55e-02
 9.63011e+22	2.66e-15	1.09e-10	2.21e-07	4.90e-05	3.33e-03	4.37e-02	1.19e-01	1.37e-01	5.19e-01	1.64e-01	1.39e-02
 9.71640e+22	2.78e-15	1.18e-10	2.44e-07	5.43e-05	3.69e-03	4.76e-02	1.26e-01	1.42e-01	5.13e-01	1.54e-01	1.25e-02
 9.80297e+22	2.89e-15	1.27e-10	2.69e-07	6.01e-05	4.07e-03	5.18e-02	1.34e-01	1.47e-01	5.07e-01	1.45e-01	1.12e-02
 9.88987e+22	2.98e-15	1.37e-10	2.96e-07	6.64e-05	4.49e-03	5.63e-02	1.41e-01	1.52e-01	5.00e-01	1.36e-01	1.00e-02
 9.97749e+22	3.07e-15	1.46e-10	3.25e-07	7.34e-05	4.95e-03	6.10e-02	1.49e-01	1.57e-01	4.92e-01	1.28e-01	8.95e-03
 1.00660e+23	3.14e-15	1.56e-10	3.58e-07	8.12e-05	5.45e-03	6.61e-02	1.57e-01	1.61e-01	4.83e-01	1.19e-01	7.97e-03
 1.01550e+23	3.21e-15	1.67e-10	3.94e-07	8.98e-05	6.00e-03	7.14e-02	1.65e-01	1.66e-01	4.73e-01	1.11e-01	7.09e-03
 1.02453e+23	3.28e-15	1.79e-10	4.34e-07	9.97e-05	6.62e-03	7.72e-02	1.73e-01	1.70e-01	4.63e-01	1.04e-01	6.27e-03
 1.03366e+23	3.35e-15	1.91e-10	4.79e-07	1.11e-04	7.29e-03	8.32e-02	1.81e-01	1.74e-01	4.52e-01	9.63e-02	5.56e-03
 1.04297e+23	3.42e-15	2.06e-10	5.33e-07	1.24e-04	8.07e-03	8.99e-02	1.90e-01	1.78e-01	4.40e-01	8.91e-02	4.88e-03
 1.05244e+23	3.50e-15	2.22e-10	5.92e-07	1.38e-04	8.90e-03	9.68e-02	1.98e-01	1.82e-01	4.28e-01	8.24e-02	4.30e-03
 1.06111e+23	3.58e-15	2.37e-10	6.49e-07	1.52e-04	9.68e-03	1.03e-01	2.04e-01	1.84e-01	4.18e-01	7.70e-02	3.86e-03
 1.07017e+23	3.68e-15	2.58e-10	7.31e-07	1.71e-04	1.08e-02	1.11e-01	2.13e-01	1.87e-01	4.04e-01	7.06e-02	3.35e-03
 1.07937e+23	3.81e-15	2.78e-10	8.08e-07	1.89e-04	1.17e-02	1.18e-01	2.19e-01	1.90e-01	3.93e-01	6.57e-02	2.99e-03
 1.08885e+23	3.98e-15	3.07e-10	9.23e-07	2.16e-04	1.31e-02	1.27e-01	2.27e-01	1.92e-01	3.77e-01	5.98e-02	2.58e-03
 1.09837e+23	4.14e-15	3.34e-10	1.03e-06	2.40e-04	1.42e-02	1.35e-01	2.34e-01	1.94e-01	3.66e-01	5.55e-02	2.29e-03
 1.10795e+23	4.36e-15	3.72e-10	1.18e-06	2.75e-04	1.59e-02	1.45e-01	2.41e-01	1.95e-01	3.50e-01	5.03e-02	1.96e-03
 1.11756e+23	4.62e-15	4.10e-10	1.32e-06	3.06e-04	1.73e-02	1.54e-01	2.47e-01	1.96e-01	3.38e-01	4.65e-02	1.75e-03
 1.12721e+23	4.95e-15	4.63e-10	1.54e-06	3.51e-04	1.93e-02	1.65e-01	2.54e-01	1.97e-01	3.22e-01	4.20e-02	1.49e-03
 1.13696e+23	5.31e-15	5.15e-10	1.73e-06	3.92e-04	2.10e-02	1.74e-01	2.59e-01	1.97e-01	3.10e-01	3.87e-02	1.32e-03
 1.14684e+23	5.81e-15	5.90e-10	2.03e-06	4.53e-04	2.35e-02	1.86e-01	2.65e-01	1.96e-01	2.94e-01	3.47e-02	1.12e-03
 1.15685e+23	6.33e-15	6.64e-10	2.31e-06	5.08e-04	2.55e-02	1.96e-01	2.69e-01	1.95e-01	2.81e-01	3.19e-02	9.85e-04
 1.16702e+23	7.09e-15	7.75e-10	2.73e-06	5.90e-04	2.85e-02	2.09e-01	2.74e-01	1.94e-01	2.65e-01	2.84e-02	8.31e-04
 1.17738e+23	7.88e-15	8.84e-10	3.14e-06	6.65e-04	3.11e-02	2.20e-01	2.77e-01	1.92e-01	2.52e-01	2.59e-02	7.25e-04
 1.18797e+23	9.06e-15	1.05e-09	3.76e-06	7.76e-04	3.47e-02	2.34e-01	2.81e-01	1.89e-01	2.36e-01	2.29e-02	6.06e-04
 1.19881e+23	1.03e-14	1.22e-09	4.36e-06	8.78e-04	3.79e-02	2.46e-01	2.84e-01	1.87e-01	2.23e-01	2.07e-02	5.24e-04
 1.20995e+23	1.22e-14	1.48e-09	5.29e-06	1.03e-03	4.24e-02	2.62e-01	2.86e-01	1.83e-01	2.07e-01	1.81e-02	4.32e-04
 1.22134e+23	1.42e-14	1.74e-09	6.18e-06	1.17e-03	4.63e-02	2.74e-01	2.88e-01	1.79e-01	1.95e-01	1.62e-02	3.70e-04
 1.23092e+23	1.63e-14	2.02e-09	7.11e-06	1.31e-03	5.00e-02	2.85e-01	2.89e-01	1.75e-01	1.84e-01	1.47e-02	3.22e-04
 1.24127e+23	1.97e-14	2.45e-09	8.52e-06	1.52e-03	5.52e-02	3.00e-01	2.89e-01	1.71e-01	1.71e-01	1.29e-02	2.68e-04
 1.25136e+23	2.27e-14	2.82e-09	9.71e-06	1.68e-03	5.91e-02	3.10e-01	2.89e-01	1.67e-01	1.62e-01	1.18e-02	2.35e-04
 1.26111e+23	2.75e-14	3.41e-09	1.15e-05	1.93e-03	6.46e-02	3.24e-01	2.87e-01	1.62e-01	1.50e-01	1.04e-02	1.97e-04
 1.27095e+23	3.22e-14	3.96e-09	1.32e-05	2.14e-03	6.91e-02	3.34e-01	2.86e-01	1.57e-01	1.41e-01	9.40e-03	1.72e-04
 1.28092e+23	3.95e-14	4.82e-09	1.57e-05	2.44e-03	7.53e-02	3.48e-01	2.84e-01	1.52e-01	1.30e-01	8.24e-03	1.43e-04
 1.29103e+23	4.69e-14	5.63e-09	1.79e-05	2.71e-03	8.04e-02	3.58e-01	2.82e-01	1.47e-01	1.22e-01	7.43e-03	1.24e-04
 1.30132e+23	5.86e-14	6.92e-09	2.14e-05	3.10e-03	8.75e-02	3.72e-01	2.78e-01	1.41e-01	1.12e-01	6.47e-03	1.02e-04
 1.31177e+23	7.04e-14	8.14e-09	2.46e-05	3.43e-03	9.33e-02	3.82e-01	2.75e-01	1.36e-01	1.05e-01	5.80e-03	8.84e-05
 1.32240e+23	8.95e-14	1.01e-08	2.95e-05	3.93e-03	1.01e-01	3.94e-01	2.71e-01	1.29e-01	9.51e-02	5.00e-03	7.23e-05
 1.33321e+23	1.09e-13	1.20e-08	3.39e-05	4.36e-03	1.08e-01	4.04e-01	2.67e-01	1.24e-01	8.83e-02	4.46e-03	6.18e-05
 1.34424e+23	1.40e-13	1.50e-08	4.08e-05	4.98e-03	1.17e-01	4.16e-01	2.61e-01	1.18e-01	7.99e-02	3.82e-03	5.01e-05
 1.35556e+23	1.73e-13	1.79e-08	4.72e-05	5.54e-03	1.25e-01	4.25e-01	2.56e-01	1.12e-01	7.36e-02	3.37e-03	4.24e-05
 1.36723e+23	2.28e-13	2.26e-08	5.71e-05	6.35e-03	1.35e-01	4.36e-01	2.48e-01	1.05e-01	6.59e-02	2.85e-03	3.38e-05
 1.37920e+23	2.85e-13	2.73e-08	6.65e-05	7.07e-03	1.44e-01	4.44e-01	2.42e-01	9.98e-02	6.02e-02	2.49e-03	2.83e-05
 1.39155e+23	3.82e-13	3.49e-08	8.09e-05	8.12e-03	1.56e-01	4.54e-01	2.34e-01	9.29e-02	5.34e-02	2.08e-03	2.22e-05
 1.40403e+23	4.79e-13	4.22e-08	9.39e-05	9.02e-03	1.65e-01	4.61e-01	2.27e-01	8.76e-02	4.86e-02	1.81e-03	1.85e-05
 1.41668e+23	6.49e-13	5.43e-08	1.14e-04	1.03e-02	1.78e-01	4.69e-01	2.18e-01	8.09e-02	4.27e-02	1.49e-03	1.44e-05
 1.42947e+23	8.18e-13	6.56e-08	1.33e-04	1.15e-02	1.88e-01	4.74e-01	2.11e-01	7.60e-02	3.87e-02	1.29e-03	1.19e-05
 1.44241e+23	1.11e-12	8.44e-08	1.61e-04	1.31e-02	2.02e-01	4.79e-01	2.01e-01	6.97e-02	3.38e-02	1.06e-03	9.18e-06
 1.45559e+23	1.41e-12	1.02e-07	1.87e-04	1.45e-02	2.13e-01	4.83e-01	1.93e-01	6.51e-02	3.04e-02	9.10e-04	7.51e-06
 1.46721e+23	1.80e-12	1.24e-07	2.18e-04	1.60e-02	2.25e-01	4.85e-01	1.85e-01	6.06e-02	2.73e-02	7.79e-04	6.12e-06
 1.48045e+23	2.43e-12	1.59e-07	2.62e-04	1.82e-02	2.40e-01	4.87e-01	1.75e-01	5.53e-02	2.38e-02	6.37e-04	4.72e-06
 1.49396e+23	3.13e-12	1.95e-07	3.06e-04	2.01e-02	2.52e-01	4.88e-01	1.67e-01	5.11e-02	2.11e-02	5.38e-04	3.79e-06
 1.50493e+23	3.86e-12	2.30e-07	3.48e-04	2.19e-02	2.63e-01	4.87e-01	1.60e-01	4.78e-02	1.91e-02	4.67e-04	3.15e-06
 1.51630e+23	4.93e-12	2.80e-07	4.03e-04	2.41e-02	2.75e-01	4.86e-01	1.53e-01	4.41e-02	1.70e-02	3.95e-04	2.54e-06
 1.52827e+23	6.15e-12	3.34e-07	4.60e-04	2.62e-02	2.86e-01	4.85e-01	1.46e-01	4.10e-02	1.53e-02	3.39e-04	2.08e-06
 1.53926e+23	7.62e-12	3.97e-07	5.23e-04	2.85e-02	2.98e-01	4.82e-01	1.39e-01	3.80e-02	1.37e-02	2.91e-04	1.71e-06
 1.55179e+23	9.98e-12	4.92e-07	6.14e-04	3.16e-02	3.12e-01	4.78e-01	1.31e-01	3.46e-02	1.20e-02	2.41e-04	1.34e-06
 1.56465e+23	1.27e-11	5.95e-07	7.07e-04	3.46e-02	3.24e-01	4.74e-01	1.24e-01	3.18e-02	1.06e-02	2.02e-04	1.07e-06
 1.57595e+23	1.57e-11	7.05e-07	8.02e-04	3.74e-02	3.36e-01	4.70e-01	1.17e-01	2.94e-02	9.47e-03	1.73e-04	8.77e-07
 1.58863e+23	2.05e-11	8.69e-07	9.36e-04	4.12e-02	3.50e-01	4.63e-01	1.10e-01	2.67e-02	8.23e-03	1.42e-04	6.83e-07
 1.60193e+23	2.62e-11	1.06e-06	1.08e-03	4.50e-02	3.63e-01	4.57e-01	1.03e-01	2.43e-02	7.21e-03	1.18e-04	5.40e-07
 1.61398e+23	3.28e-11	1.26e-06	1.23e-03	4.88e-02	3.74e-01	4.50e-01	9.70e-02	2.23e-02	6.39e-03	1.00e-04	4.35e-07
 1.62757e+23	4.33e-11	1.56e-06	1.44e-03	5.38e-02	3.89e-01	4.41e-01	8.98e-02	2.00e-02	5.47e-03	8.09e-05	3.31e-07
 1.64161e+23	5.55e-11	1.90e-06	1.66e-03	5.86e-02	4.01e-01	4.32e-01	8.36e-02	1.81e-02	4.76e-03	6.67e-05	2.59e-07
 1.65411e+23	6.97e-11	2.27e-06	1.89e-03	6.33e-02	4.13e-01	4.23e-01	7.81e-02	1.65e-02	4.18e-03	5.57e-05	2.06e-07
 1.66826e+23	9.27e-11	2.83e-06	2.22e-03	6.97e-02	4.27e-01	4.11e-01	7.17e-02	1.46e-02	3.54e-03	4.43e-05	1.54e-07
 1.68297e+23	1.20e-10	3.46e-06	2.56e-03	7.58e-02	4.39e-01	4.00e-01	6.62e-02	1.31e-02	3.05e-03	3.60e-05	0.00e+00
 1.69620e+23	1.52e-10	4.15e-06	2.92e-03	8.19e-02	4.50e-01	3.90e-01	6.13e-02	1.18e-02	2.64e-03	2.97e-05	0.00e+00
 1.71121e+23	2.05e-10	5.24e-06	3.45e-03	9.02e-02	4.63e-01	3.75e-01	5.55e-02	1.04e-02	2.20e-03	2.31e-05	0.00e+00
 1.72667e+23	2.64e-10	6.38e-06	3.97e-03	9.77e-02	4.73e-01	3.63e-01	5.08e-02	9.25e-03	1.88e-03	1.86e-05	0.00e+00
 1.74056e+23	3.37e-10	7.70e-06	4.54e-03	1.05e-01	4.83e-01	3.51e-01	4.66e-02	8.27e-03	1.61e-03	1.51e-05	0.00e+00
 1.75650e+23	4.62e-10	9.81e-06	5.38e-03	1.16e-01	4.94e-01	3.34e-01	4.16e-02	7.14e-03	1.31e-03	1.15e-05	0.00e+00
 1.77259e+23	5.96e-10	1.19e-05	6.18e-03	1.25e-01	5.03e-01	3.21e-01	3.78e-02	6.33e-03	1.11e-03	9.15e-06	0.00e+00
 1.78889e+23	8.12e-10	1.51e-05	7.29e-03	1.37e-01	5.12e-01	3.04e-01	3.35e-02	5.45e-03	9.04e-04	6.93e-06	0.00e+00
 1.80544e+23	1.05e-09	1.84e-05	8.37e-03	1.48e-01	5.18e-01	2.90e-01	3.02e-02	4.79e-03	7.59e-04	5.47e-06	0.00e+00
 1.82013e+23	1.35e-09	2.23e-05	9.55e-03	1.58e-01	5.24e-01	2.76e-01	2.73e-02	4.23e-03	6.38e-04	4.33e-06	0.00e+00
 1.83700e+23	1.86e-09	2.84e-05	1.13e-02	1.73e-01	5.29e-01	2.59e-01	2.38e-02	3.58e-03	5.09e-04	3.20e-06	0.00e+00
 1.85412e+23	2.40e-09	3.44e-05	1.29e-02	1.85e-01	5.32e-01	2.45e-01	2.13e-02	3.13e-03	4.23e-04	2.50e-06	0.00e+00
 1.87155e+23	3.32e-09	4.41e-05	1.53e-02	2.01e-01	5.34e-01	2.28e-01	1.84e-02	2.63e-03	3.33e-04	1.82e-06	0.00e+00
 1.88919e+23	4.29e-09	5.34e-05	1.75e-02	2.15e-01	5.35e-01	2.14e-01	1.64e-02	2.29e-03	2.75e-04	1.41e-06	0.00e+00
 1.90709e+23	5.96e-09	6.84e-05	2.06e-02	2.33e-01	5.34e-01	1.97e-01	1.40e-02	1.90e-03	2.14e-04	1.01e-06	0.00e+00
 1.92523e+23	7.72e-09	8.30e-05	2.35e-02	2.47e-01	5.31e-01	1.84e-01	1.23e-02	1.64e-03	1.74e-04	7.70e-07	0.00e+00
 1.94101e+23	9.87e-09	9.98e-05	2.66e-02	2.62e-01	5.27e-01	1.72e-01	1.09e-02	1.42e-03	1.43e-04	5.93e-07	0.00e+00
 1.95881e+23	1.36e-08	1.26e-04	3.12e-02	2.81e-01	5.21e-01	1.56e-01	9.25e-03	1.17e-03	1.11e-04	4.21e-07	0.00e+00
 1.97579e+23	1.68e-08	1.48e-04	3.46e-02	2.94e-01	5.15e-01	1.46e-01	8.25e-03	1.03e-03	9.25e-05	3.33e-07	0.00e+00
 1.99170e+23	2.22e-08	1.82e-04	3.97e-02	3.12e-01	5.06e-01	1.34e-01	7.08e-03	8.64e-04	7.29e-05	2.44e-07	0.00e+00
 2.00762e+23	2.74e-08	2.13e-04	4.40e-02	3.25e-01	4.99e-01	1.25e-01	6.29e-03	7.54e-04	6.07e-05	1.91e-07	0.00e+00
 2.02356e+23	3.56e-08	2.58e-04	4.99e-02	3.42e-01	4.88e-01	1.14e-01	5.41e-03	6.35e-04	4.81e-05	1.41e-07	0.00e+00
 2.04007e+23	4.51e-08	3.07e-04	5.58e-02	3.57e-01	4.77e-01	1.04e-01	4.70e-03	5.42e-04	3.88e-05	0.00e+00	0.00e+00
 2.05486e+23	5.58e-08	3.59e-04	6.17e-02	3.71e-01	4.66e-01	9.63e-02	4.14e-03	4.69e-04	3.19e-05	0.00e+00	0.00e+00
 2.07164e+23	7.32e-08	4.37e-04	7.00e-02	3.88e-01	4.51e-01	8.65e-02	3.50e-03	3.87e-04	2.47e-05	0.00e+00	0.00e+00
 2.08871e+23	9.18e-08	5.16e-04	7.78e-02	4.02e-01	4.38e-01	7.88e-02	3.02e-03	3.29e-04	1.98e-05	0.00e+00	0.00e+00
 2.10390e+23	1.13e-07	6.02e-04	8.57e-02	4.14e-01	4.24e-01	7.19e-02	2.63e-03	2.81e-04	1.61e-05	0.00e+00	0.00e+00
 2.11863e+23	1.39e-07	6.96e-04	9.39e-02	4.26e-01	4.11e-01	6.58e-02	2.30e-03	2.41e-04	1.31e-05	0.00e+00	0.00e+00
 2.13222e+23	1.67e-07	7.95e-04	1.02e-01	4.36e-01	3.98e-01	6.04e-02	2.03e-03	2.09e-04	1.09e-05	0.00e+00	0.00e+00
 2.14709e+23	2.08e-07	9.32e-04	1.13e-01	4.48e-01	3.82e-01	5.44e-02	1.74e-03	1.76e-04	8.61e-06	0.00e+00	0.00e+00
 2.16219e+23	2.51e-07	1.07e-03	1.22e-01	4.58e-01	3.68e-01	4.96e-02	1.51e-03	1.51e-04	7.03e-06	0.00e+00	0.00e+00
 2.17537e+23	2.99e-07	1.21e-03	1.32e-01	4.66e-01	3.54e-01	4.54e-02	1.33e-03	1.31e-04	5.81e-06	0.00e+00	0.00e+00
 2.19028e+23	3.71e-07	1.41e-03	1.45e-01	4.75e-01	3.37e-01	4.05e-02	1.13e-03	1.09e-04	4.57e-06	0.00e+00	0.00e+00
 2.20551e+23	4.45e-07	1.60e-03	1.56e-01	4.82e-01	3.23e-01	3.66e-02	9.84e-04	9.25e-05	3.71e-06	0.00e+00	0.00e+00
 2.21901e+23	5.30e-07	1.81e-03	1.68e-01	4.88e-01	3.08e-01	3.32e-02	8.57e-04	7.91e-05	3.02e-06	0.00e+00	0.00e+00
 2.23444e+23	6.57e-07	2.11e-03	1.84e-01	4.94e-01	2.90e-01	2.92e-02	7.20e-04	6.49e-05	2.34e-06	0.00e+00	0.00e+00
 2.25011e+23	7.85e-07	2.39e-03	1.98e-01	4.98e-01	2.75e-01	2.62e-02	6.20e-04	5.48e-05	1.88e-06	0.00e+00	0.00e+00
 2.26398e+23	9.33e-07	2.70e-03	2.12e-01	5.01e-01	2.61e-01	2.35e-02	5.35e-04	4.63e-05	1.51e-06	0.00e+00	0.00e+00
 2.27990e+23	1.16e-06	3.13e-03	2.31e-01	5.02e-01	2.43e-01	2.04e-02	4.44e-04	3.74e-05	1.15e-06	0.00e+00	0.00e+00
 2.29599e+23	1.38e-06	3.54e-03	2.47e-01	5.03e-01	2.28e-01	1.81e-02	3.79e-04	3.12e-05	9.13e-07	0.00e+00	0.00e+00
 2.31015e+23	1.63e-06	3.98e-03	2.63e-01	5.02e-01	2.14e-01	1.61e-02	3.25e-04	2.61e-05	7.28e-07	0.00e+00	0.00e+00
 2.32641e+23	2.01e-06	4.59e-03	2.84e-01	4.99e-01	1.97e-01	1.38e-02	2.67e-04	2.08e-05	5.46e-07	0.00e+00	0.00e+00
 2.34296e+23	2.39e-06	5.17e-03	3.03e-01	4.96e-01	1.83e-01	1.21e-02	2.25e-04	1.71e-05	4.27e-07	0.00e+00	0.00e+00
 2.35989e+23	2.96e-06	5.96e-03	3.27e-01	4.90e-01	1.67e-01	1.03e-02	1.82e-04	1.33e-05	3.14e-07	0.00e+00	0.00e+00
 2.37702e+23	3.52e-06	6.70e-03	3.47e-01	4.83e-01	1.54e-01	8.89e-03	1.52e-04	1.08e-05	2.42e-07	0.00e+00	0.00e+00
 2.39442e+23	4.34e-06	7.71e-03	3.73e-01	4.74e-01	1.39e-01	7.44e-03	1.22e-04	8.34e-06	1.76e-07	0.00e+00	0.00e+00
 2.41215e+23	5.18e-06	8.66e-03	3.95e-01	4.64e-01	1.26e-01	6.37e-03	1.01e-04	6.66e-06	1.33e-07	0.00e+00	0.00e+00
 2.43031e+23	6.39e-06	9.95e-03	4.22e-01	4.51e-01	1.12e-01	5.24e-03	7.93e-05	5.03e-06	0.00e+00	0.00e+00	0.00e+00
 2.44879e+23	7.62e-06	1.12e-02	4.45e-01	4.38e-01	1.01e-01	4.43e-03	6.46e-05	3.95e-06	0.00e+00	0.00e+00	0.00e+00
 2.46519e+23	9.01e-06	1.24e-02	4.68e-01	4.25e-01	9.12e-02	3.74e-03	5.28e-05	3.11e-06	0.00e+00	0.00e+00	0.00e+00
 2.48403e+23	1.11e-05	1.42e-02	4.96e-01	4.07e-01	7.96e-02	3.02e-03	4.09e-05	2.29e-06	0.00e+00	0.00e+00	0.00e+00
 2.50057e+23	1.26e-05	1.55e-02	5.14e-01	3.95e-01	7.28e-02	2.63e-03	3.46e-05	1.88e-06	0.00e+00	0.00e+00	0.00e+00
 2.51411e+23	1.45e-05	1.69e-02	5.33e-01	3.82e-01	6.59e-02	2.25e-03	2.89e-05	1.51e-06	0.00e+00	0.00e+00	0.00e+00
 2.52826e+23	1.65e-05	1.83e-02	5.51e-01	3.69e-01	5.99e-02	1.95e-03	2.44e-05	1.24e-06	0.00e+00	0.00e+00	0.00e+00
 2.54116e+23	1.85e-05	1.97e-02	5.67e-01	3.57e-01	5.47e-02	1.70e-03	2.07e-05	1.02e-06	0.00e+00	0.00e+00	0.00e+00
 2.55591e+23	2.15e-05	2.16e-02	5.88e-01	3.41e-01	4.86e-02	1.42e-03	1.69e-05	7.94e-07	0.00e+00	0.00e+00	0.00e+00
 2.57094e+23	2.44e-05	2.34e-02	6.05e-01	3.27e-01	4.38e-02	1.22e-03	1.41e-05	6.39e-07	0.00e+00	0.00e+00	0.00e+00
 2.58633e+23	2.84e-05	2.57e-02	6.25e-01	3.10e-01	3.84e-02	1.00e-03	1.13e-05	4.88e-07	0.00e+00	0.00e+00	0.00e+00
 2.60183e+23	3.23e-05	2.78e-02	6.42e-01	2.95e-01	3.43e-02	8.51e-04	9.31e-06	3.87e-07	0.00e+00	0.00e+00	0.00e+00
 2.61747e+23	3.75e-05	3.04e-02	6.61e-01	2.78e-01	2.98e-02	6.95e-04	7.39e-06	2.93e-07	0.00e+00	0.00e+00	0.00e+00
 2.63337e+23	4.27e-05	3.29e-02	6.76e-01	2.64e-01	2.64e-02	5.84e-04	6.05e-06	2.30e-07	0.00e+00	0.00e+00	0.00e+00
 2.64961e+23	4.97e-05	3.60e-02	6.94e-01	2.46e-01	2.27e-02	4.72e-04	4.74e-06	1.71e-07	0.00e+00	0.00e+00	0.00e+00
 2.66614e+23	5.66e-05	3.89e-02	7.09e-01	2.32e-01	1.99e-02	3.92e-04	3.83e-06	1.32e-07	0.00e+00	0.00e+00	0.00e+00
 2.68307e+23	6.63e-05	4.27e-02	7.26e-01	2.15e-01	1.68e-02	3.11e-04	2.95e-06	0.00e+00	0.00e+00	0.00e+00	0.00e+00
 2.70020e+23	7.55e-05	4.61e-02	7.38e-01	2.01e-01	1.46e-02	2.56e-04	2.36e-06	0.00e+00	0.00e+00	0.00e+00	0.00e+00
 2.71759e+23	8.83e-05	5.04e-02	7.53e-01	1.84e-01	1.23e-02	2.01e-04	1.80e-06	0.00e+00	0.00e+00	0.00e+00	0.00e+00
 2.73534e+23	1.01e-04	5.46e-02	7.64e-01	1.71e-01	1.05e-02	1.63e-04	1.42e-06	0.00e+00	0.00e+00	0.00e+00	0.00e+00
 2.75358e+23	1.19e-04	5.99e-02	7.77e-01	1.54e-01	8.62e-03	1.26e-04	1.05e-06	0.00e+00	0.00e+00	0.00e+00	0.00e+00
 2.77176e+23	1.37e-04	6.46e-02	7.85e-01	1.42e-01	7.35e-03	1.02e-04	8.27e-07	0.00e+00	0.00e+00	0.00e+00	0.00e+00
 2.78987e+23	1.61e-04	7.07e-02	7.95e-01	1.28e-01	5.99e-03	7.79e-05	6.11e-07	0.00e+00	0.00e+00	0.00e+00	0.00e+00
 2.80811e+23	1.84e-04	7.62e-02	8.01e-01	1.17e-01	5.07e-03	6.26e-05	4.76e-07	0.00e+00	0.00e+00	0.00e+00	0.00e+00
 2.82651e+23	2.18e-04	8.34e-02	8.08e-01	1.04e-01	4.08e-03	4.73e-05	3.46e-07	0.00e+00	0.00e+00	0.00e+00	0.00e+00
 2.84499e+23	2.50e-04	9.00e-02	8.12e-01	9.45e-02	3.41e-03	3.76e-05	2.66e-07	0.00e+00	0.00e+00	0.00e+00	0.00e+00
 2.86359e+23	2.97e-04	9.85e-02	8.15e-01	8.31e-02	2.70e-03	2.81e-05	1.91e-07	0.00e+00	0.00e+00	0.00e+00	0.00e+00
 2.88224e+23	3.42e-04	1.06e-01	8.17e-01	7.47e-02	2.24e-03	2.21e-05	1.45e-07	0.00e+00	0.00e+00	0.00e+00	0.00e+00
 2.90097e+23	4.08e-04	1.16e-01	8.17e-01	6.49e-02	1.75e-03	1.63e-05	0.00e+00	0.00e+00	0.00e+00	0.00e+00	0.00e+00
 2.91976e+23	4.72e-04	1.25e-01	8.15e-01	5.76e-02	1.43e-03	1.27e-05	0.00e+00	0.00e+00	0.00e+00	0.00e+00	0.00e+00
 2.93864e+23	5.68e-04	1.37e-01	8.12e-01	4.92e-02	1.10e-03	9.17e-06	0.00e+00	0.00e+00	0.00e+00	0.00e+00	0.00e+00
 2.95755e+23	6.60e-04	1.48e-01	8.07e-01	4.32e-02	8.83e-04	7.05e-06	0.00e+00	0.00e+00	0.00e+00	0.00e+00	0.00e+00
 2.97651e+23	7.94e-04	1.62e-01	8.00e-01	3.63e-02	6.67e-04	5.01e-06	0.00e+00	0.00e+00	0.00e+00	0.00e+00	0.00e+00
 2.99570e+23	9.35e-04	1.75e-01	7.92e-01	3.12e-02	5.24e-04	3.73e-06	0.00e+00	0.00e+00	0.00e+00	0.00e+00	0.00e+00
 3.01264e+23	1.09e-03	1.88e-01	7.83e-01	2.66e-02	4.11e-04	2.78e-06	0.00e+00	0.00e+00	0.00e+00	0.00e+00	0.00e+00
 3.03210e+23	1.33e-03	2.06e-01	7.71e-01	2.16e-02	3.00e-04	1.88e-06	0.00e+00	0.00e+00	0.00e+00	0.00e+00	0.00e+00
 3.05197e+23	1.59e-03	2.23e-01	7.58e-01	1.77e-02	2.25e-04	1.32e-06	0.00e+00	0.00e+00	0.00e+00	0.00e+00	0.00e+00
 3.06884e+23	1.87e-03	2.39e-01	7.44e-01	1.47e-02	1.72e-04	9.41e-07	0.00e+00	0.00e+00	0.00e+00	0.00e+00	0.00e+00
 3.08126e+23	2.09e-03	2.49e-01	7.36e-01	1.29e-02	1.45e-04	7.52e-07	0.00e+00	0.00e+00	0.00e+00	0.00e+00	0.00e+00
