#depth	O	O+	O+2	O+3	O+4	O+5	O+6	O+7	O+8	O[1]	O[2]	O[3]
 1.54284e+22	1.87e-25	1.37e-19	3.65e-15	8.79e-12	5.40e-09	1.42e-06	1.53e-03	7.95e-02	9.19e-01	0.00e+00	0.00e+00	0.00e+00
 3.48983e+22	1.67e-23	6.76e-18	1.00e-13	1.34e-10	4.37e-08	6.00e-06	3.83e-03	1.22e-01	8.74e-01	0.00e+00	0.00e+00	0.00e+00
 4.08419e+22	2.33e-22	6.65e-17	6.96e-13	6.59e-10	1.46e-07	1.36e-05	6.36e-03	1.54e-01	8.40e-01	0.00e+00	0.00e+00	0.00e+00
 4.36951e+22	9.38e-22	2.22e-16	1.94e-12	1.53e-09	2.76e-07	2.11e-05	8.30e-03	1.73e-01	8.18e-01	0.00e+00	0.00e+00	0.00e+00
 4.48839e+22	1.34e-21	3.02e-16	2.51e-12	1.89e-09	3.24e-07	2.35e-05	8.88e-03	1.79e-01	8.12e-01	0.00e+00	0.00e+00	0.00e+00
 4.53008e+22	1.73e-21	3.78e-16	3.04e-12	2.21e-09	3.65e-07	2.55e-05	9.34e-03	1.83e-01	8.08e-01	0.00e+00	0.00e+00	0.00e+00
 4.57129e+22	2.41e-21	5.04e-16	3.88e-12	2.69e-09	4.25e-07	2.83e-05	9.96e-03	1.88e-01	8.02e-01	0.00e+00	0.00e+00	0.00e+00
 4.61363e+22	3.14e-21	6.34e-16	4.71e-12	3.16e-09	4.81e-07	3.08e-05	1.05e-02	1.92e-01	7.97e-01	0.00e+00	0.00e+00	0.00e+00
 4.65744e+22	4.43e-21	8.53e-16	6.07e-12	3.89e-09	5.64e-07	3.43e-05	1.12e-02	1.98e-01	7.91e-01	0.00e+00	0.00e+00	0.00e+00
 4.70193e+22	5.77e-21	1.07e-15	7.38e-12	4.57e-09	6.37e-07	3.73e-05	1.18e-02	2.02e-01	7.86e-01	0.00e+00	0.00e+00	0.00e+00
 4.74730e+22	8.17e-21	1.45e-15	9.53e-12	5.64e-09	7.49e-07	4.17e-05	1.26e-02	2.08e-01	7.79e-01	0.00e+00	0.00e+00	0.00e+00
 4.79345e+22	1.06e-20	1.82e-15	1.15e-11	6.60e-09	8.46e-07	4.54e-05	1.33e-02	2.13e-01	7.74e-01	0.00e+00	0.00e+00	0.00e+00
 4.84060e+22	1.49e-20	2.45e-15	1.49e-11	8.14e-09	9.93e-07	5.07e-05	1.43e-02	2.19e-01	7.66e-01	0.00e+00	0.00e+00	0.00e+00
 4.88900e+22	1.94e-20	3.08e-15	1.80e-11	9.55e-09	1.12e-06	5.52e-05	1.50e-02	2.24e-01	7.61e-01	0.00e+00	0.00e+00	0.00e+00
 4.93903e+22	2.74e-20	4.14e-15	2.32e-11	1.18e-08	1.32e-06	6.18e-05	1.61e-02	2.31e-01	7.53e-01	0.00e+00	0.00e+00	0.00e+00
 4.98910e+22	3.53e-20	5.17e-15	2.81e-11	1.38e-08	1.49e-06	6.72e-05	1.70e-02	2.36e-01	7.47e-01	0.00e+00	0.00e+00	0.00e+00
 5.03920e+22	4.92e-20	6.88e-15	3.58e-11	1.68e-08	1.75e-06	7.50e-05	1.81e-02	2.42e-01	7.39e-01	0.00e+00	0.00e+00	0.00e+00
 5.09033e+22	6.31e-20	8.54e-15	4.31e-11	1.96e-08	1.97e-06	8.15e-05	1.91e-02	2.48e-01	7.33e-01	0.00e+00	0.00e+00	0.00e+00
 5.14282e+22	8.78e-20	1.14e-14	5.50e-11	2.40e-08	2.30e-06	9.10e-05	2.04e-02	2.55e-01	7.25e-01	0.00e+00	0.00e+00	0.00e+00
 5.19371e+22	1.09e-19	1.37e-14	6.46e-11	2.75e-08	2.56e-06	9.79e-05	2.14e-02	2.59e-01	7.19e-01	0.00e+00	0.00e+00	0.00e+00
 5.24251e+22	1.46e-19	1.77e-14	8.01e-11	3.29e-08	2.94e-06	1.08e-04	2.27e-02	2.66e-01	7.11e-01	0.00e+00	0.00e+00	0.00e+00
 5.29265e+22	1.83e-19	2.15e-14	9.47e-11	3.78e-08	3.28e-06	1.17e-04	2.38e-02	2.71e-01	7.05e-01	0.00e+00	0.00e+00	0.00e+00
 5.34452e+22	2.47e-19	2.79e-14	1.18e-10	4.55e-08	3.80e-06	1.29e-04	2.53e-02	2.78e-01	6.97e-01	0.00e+00	0.00e+00	0.00e+00
 5.39705e+22	3.08e-19	3.38e-14	1.39e-10	5.21e-08	4.23e-06	1.39e-04	2.65e-02	2.83e-01	6.91e-01	0.00e+00	0.00e+00	0.00e+00
 5.45042e+22	4.10e-19	4.34e-14	1.72e-10	6.23e-08	4.86e-06	1.54e-04	2.82e-02	2.90e-01	6.82e-01	0.00e+00	0.00e+00	0.00e+00
 5.50336e+22	5.08e-19	5.22e-14	2.02e-10	7.11e-08	5.40e-06	1.66e-04	2.95e-02	2.95e-01	6.76e-01	0.00e+00	0.00e+00	0.00e+00
 5.55574e+22	6.73e-19	6.67e-14	2.49e-10	8.47e-08	6.20e-06	1.82e-04	3.13e-02	3.01e-01	6.67e-01	0.00e+00	0.00e+00	0.00e+00
 5.60865e+22	8.24e-19	7.95e-14	2.90e-10	9.60e-08	6.85e-06	1.96e-04	3.27e-02	3.06e-01	6.61e-01	0.00e+00	0.00e+00	0.00e+00
 5.66227e+22	1.08e-18	1.01e-13	3.55e-10	1.14e-07	7.85e-06	2.15e-04	3.46e-02	3.13e-01	6.52e-01	0.00e+00	0.00e+00	0.00e+00
 5.71694e+22	1.33e-18	1.21e-13	4.14e-10	1.30e-07	8.69e-06	2.31e-04	3.61e-02	3.18e-01	6.45e-01	0.00e+00	0.00e+00	0.00e+00
 5.77298e+22	1.75e-18	1.53e-13	5.09e-10	1.54e-07	9.96e-06	2.55e-04	3.83e-02	3.25e-01	6.36e-01	0.00e+00	0.00e+00	0.00e+00
 5.83007e+22	2.16e-18	1.84e-13	5.94e-10	1.75e-07	1.10e-05	2.74e-04	4.00e-02	3.31e-01	6.29e-01	0.00e+00	0.00e+00	0.00e+00
 5.88850e+22	2.84e-18	2.33e-13	7.29e-10	2.08e-07	1.27e-05	3.02e-04	4.25e-02	3.38e-01	6.19e-01	0.00e+00	0.00e+00	0.00e+00
 5.94808e+22	3.50e-18	2.80e-13	8.52e-10	2.37e-07	1.41e-05	3.25e-04	4.44e-02	3.43e-01	6.12e-01	0.00e+00	0.00e+00	0.00e+00
 6.00029e+22	4.29e-18	3.34e-13	9.92e-10	2.70e-07	1.56e-05	3.50e-04	4.64e-02	3.49e-01	6.05e-01	0.00e+00	0.00e+00	0.00e+00
 6.05932e+22	5.59e-18	4.20e-13	1.21e-09	3.18e-07	1.77e-05	3.84e-04	4.90e-02	3.56e-01	5.95e-01	0.00e+00	0.00e+00	0.00e+00
 6.11848e+22	6.73e-18	4.94e-13	1.39e-09	3.57e-07	1.95e-05	4.10e-04	5.10e-02	3.60e-01	5.88e-01	0.00e+00	0.00e+00	0.00e+00
 6.17780e+22	8.74e-18	6.20e-13	1.69e-09	4.22e-07	2.22e-05	4.50e-04	5.39e-02	3.67e-01	5.78e-01	0.00e+00	0.00e+00	0.00e+00
 6.23805e+22	1.05e-17	7.30e-13	1.94e-09	4.74e-07	2.44e-05	4.81e-04	5.61e-02	3.72e-01	5.71e-01	0.00e+00	0.00e+00	0.00e+00
 6.29949e+22	1.36e-17	9.10e-13	2.35e-09	5.56e-07	2.77e-05	5.26e-04	5.92e-02	3.79e-01	5.61e-01	0.00e+00	0.00e+00	0.00e+00
 6.36295e+22	1.67e-17	1.09e-12	2.74e-09	6.33e-07	3.07e-05	5.66e-04	6.18e-02	3.85e-01	5.53e-01	0.00e+00	0.00e+00	0.00e+00
 6.42904e+22	2.15e-17	1.36e-12	3.32e-09	7.43e-07	3.49e-05	6.20e-04	6.52e-02	3.91e-01	5.43e-01	0.00e+00	0.00e+00	0.00e+00
 6.49750e+22	2.68e-17	1.64e-12	3.90e-09	8.52e-07	3.90e-05	6.70e-04	6.82e-02	3.97e-01	5.34e-01	2.68e-17	6.74e-28	7.17e-28
 6.56905e+22	3.50e-17	2.07e-12	4.77e-09	1.01e-06	4.46e-05	7.37e-04	7.21e-02	4.04e-01	5.23e-01	3.50e-17	6.52e-26	8.22e-26
 6.64286e+22	4.38e-17	2.53e-12	5.65e-09	1.16e-06	4.99e-05	7.99e-04	7.56e-02	4.10e-01	5.14e-01	4.38e-17	8.18e-26	1.03e-25
 6.71961e+22	5.79e-17	3.22e-12	6.95e-09	1.38e-06	5.74e-05	8.81e-04	8.01e-02	4.17e-01	5.02e-01	5.79e-17	1.08e-25	1.36e-25
 6.79879e+22	7.32e-17	3.95e-12	8.29e-09	1.60e-06	6.46e-05	9.58e-04	8.40e-02	4.23e-01	4.92e-01	7.32e-17	1.37e-25	1.72e-25
 6.87017e+22	9.13e-17	4.79e-12	9.78e-09	1.84e-06	7.21e-05	1.03e-03	8.79e-02	4.28e-01	4.83e-01	9.13e-17	1.70e-25	2.14e-25
 6.95202e+22	1.23e-16	6.21e-12	1.22e-08	2.22e-06	8.38e-05	1.15e-03	9.34e-02	4.35e-01	4.70e-01	1.23e-16	2.30e-25	2.89e-25
 7.03451e+22	1.53e-16	7.53e-12	1.44e-08	2.55e-06	9.35e-05	1.24e-03	9.77e-02	4.40e-01	4.61e-01	1.53e-16	2.86e-25	3.60e-25
 7.11784e+22	2.05e-16	9.71e-12	1.80e-08	3.07e-06	1.08e-04	1.38e-03	1.04e-01	4.47e-01	4.48e-01	2.05e-16	3.83e-25	4.82e-25
 7.20294e+22	2.60e-16	1.19e-11	2.14e-08	3.56e-06	1.22e-04	1.50e-03	1.09e-01	4.52e-01	4.37e-01	2.60e-16	4.85e-25	6.10e-25
 7.29035e+22	3.50e-16	1.55e-11	2.68e-08	4.29e-06	1.41e-04	1.66e-03	1.15e-01	4.59e-01	4.24e-01	3.50e-16	6.52e-25	8.21e-25
 7.37959e+22	4.49e-16	1.92e-11	3.22e-08	5.01e-06	1.60e-04	1.82e-03	1.21e-01	4.64e-01	4.13e-01	4.49e-16	8.36e-25	1.05e-24
 7.45899e+22	5.71e-16	2.37e-11	3.86e-08	5.84e-06	1.81e-04	1.98e-03	1.27e-01	4.69e-01	4.02e-01	5.71e-16	1.06e-24	1.34e-24
 7.54998e+22	7.81e-16	3.11e-11	4.89e-08	7.11e-06	2.12e-04	2.21e-03	1.35e-01	4.74e-01	3.88e-01	7.81e-16	1.46e-24	1.83e-24
 7.63640e+22	9.59e-16	3.72e-11	5.70e-08	8.09e-06	2.35e-04	2.37e-03	1.40e-01	4.78e-01	3.79e-01	9.59e-16	1.79e-24	2.25e-24
 7.71688e+22	1.27e-15	4.76e-11	7.05e-08	9.69e-06	2.72e-04	2.63e-03	1.48e-01	4.83e-01	3.66e-01	1.27e-15	2.37e-24	2.98e-24
 7.79752e+22	1.56e-15	5.70e-11	8.23e-08	1.10e-05	3.02e-04	2.83e-03	1.54e-01	4.86e-01	3.57e-01	1.56e-15	2.91e-24	3.67e-24
 7.87838e+22	2.05e-15	7.22e-11	1.01e-07	1.31e-05	3.47e-04	3.12e-03	1.63e-01	4.90e-01	3.44e-01	2.05e-15	3.83e-24	4.81e-24
 7.96112e+22	2.56e-15	8.77e-11	1.19e-07	1.51e-05	3.89e-04	3.38e-03	1.70e-01	4.93e-01	3.34e-01	2.56e-15	4.78e-24	6.01e-24
 8.04632e+22	3.42e-15	1.13e-10	1.49e-07	1.82e-05	4.53e-04	3.75e-03	1.79e-01	4.96e-01	3.20e-01	3.42e-15	6.38e-24	8.02e-24
 8.13199e+22	4.26e-15	1.37e-10	1.75e-07	2.10e-05	5.07e-04	4.06e-03	1.87e-01	4.98e-01	3.10e-01	4.26e-15	7.94e-24	9.99e-24
 8.21826e+22	5.66e-15	1.75e-10	2.18e-07	2.52e-05	5.90e-04	4.51e-03	1.98e-01	5.01e-01	2.97e-01	5.66e-15	1.06e-23	1.33e-23
 8.30634e+22	7.12e-15	2.14e-10	2.59e-07	2.93e-05	6.66e-04	4.91e-03	2.06e-01	5.02e-01	2.86e-01	7.12e-15	1.33e-23	1.67e-23
 8.39675e+22	9.54e-15	2.76e-10	3.24e-07	3.55e-05	7.80e-04	5.48e-03	2.18e-01	5.04e-01	2.72e-01	9.54e-15	1.78e-23	2.24e-23
 8.48874e+22	1.20e-14	3.38e-10	3.86e-07	4.13e-05	8.84e-04	5.98e-03	2.28e-01	5.04e-01	2.61e-01	1.20e-14	2.24e-23	2.82e-23
 8.58277e+22	1.62e-14	4.38e-10	4.85e-07	5.04e-05	1.04e-03	6.71e-03	2.41e-01	5.04e-01	2.47e-01	1.62e-14	3.02e-23	3.79e-23
 8.67795e+22	2.03e-14	5.35e-10	5.80e-07	5.88e-05	1.18e-03	7.34e-03	2.52e-01	5.04e-01	2.36e-01	2.03e-14	3.79e-23	4.77e-23
 8.75827e+22	2.50e-14	6.41e-10	6.80e-07	6.76e-05	1.33e-03	7.97e-03	2.62e-01	5.03e-01	2.26e-01	2.50e-14	4.66e-23	5.85e-23
 8.84615e+22	3.24e-14	8.05e-10	8.33e-07	8.09e-05	1.55e-03	8.86e-03	2.76e-01	5.01e-01	2.13e-01	3.24e-14	6.04e-23	7.59e-23
 8.93450e+22	3.95e-14	9.58e-10	9.74e-07	9.28e-05	1.74e-03	9.62e-03	2.87e-01	4.98e-01	2.03e-01	3.95e-14	7.37e-23	9.26e-23
 9.02067e+22	4.99e-14	1.18e-09	1.17e-06	1.10e-04	2.00e-03	1.06e-02	3.01e-01	4.95e-01	1.92e-01	4.99e-14	9.33e-23	1.17e-22
 9.10858e+22	6.07e-14	1.40e-09	1.37e-06	1.26e-04	2.26e-03	1.16e-02	3.12e-01	4.92e-01	1.82e-01	6.07e-14	1.13e-22	1.42e-22
 9.19525e+22	7.52e-14	1.69e-09	1.63e-06	1.48e-04	2.59e-03	1.27e-02	3.26e-01	4.87e-01	1.71e-01	7.52e-14	1.41e-22	1.76e-22
 9.28364e+22	9.08e-14	2.00e-09	1.91e-06	1.70e-04	2.92e-03	1.39e-02	3.39e-01	4.82e-01	1.62e-01	9.08e-14	1.70e-22	2.13e-22
 9.37014e+22	1.10e-13	2.38e-09	2.23e-06	1.97e-04	3.31e-03	1.52e-02	3.52e-01	4.77e-01	1.52e-01	1.10e-13	2.05e-22	2.58e-22
 9.45759e+22	1.31e-13	2.79e-09	2.59e-06	2.26e-04	3.73e-03	1.66e-02	3.65e-01	4.71e-01	1.43e-01	1.31e-13	2.45e-22	3.08e-22
 9.54394e+22	1.55e-13	3.25e-09	3.00e-06	2.58e-04	4.20e-03	1.81e-02	3.79e-01	4.64e-01	1.34e-01	1.55e-13	2.91e-22	3.64e-22
 9.63011e+22	1.82e-13	3.75e-09	3.45e-06	2.94e-04	4.71e-03	1.97e-02	3.92e-01	4.58e-01	1.26e-01	1.82e-13	3.41e-22	4.28e-22
 9.71640e+22	2.13e-13	4.32e-09	3.95e-06	3.35e-04	5.28e-03	2.14e-02	4.05e-01	4.50e-01	1.18e-01	2.13e-13	3.98e-22	4.99e-22
 9.80297e+22	2.46e-13	4.94e-09	4.50e-06	3.80e-04	5.90e-03	2.32e-02	4.18e-01	4.42e-01	1.11e-01	2.46e-13	4.61e-22	5.78e-22
 9.88987e+22	2.83e-13	5.62e-09	5.12e-06	4.30e-04	6.58e-03	2.51e-02	4.31e-01	4.34e-01	1.03e-01	2.83e-13	5.30e-22	6.64e-22
 9.97749e+22	3.23e-13	6.37e-09	5.80e-06	4.85e-04	7.32e-03	2.72e-02	4.43e-01	4.25e-01	9.66e-02	3.23e-13	6.06e-22	7.59e-22
 1.00660e+23	3.67e-13	7.18e-09	6.55e-06	5.46e-04	8.13e-03	2.94e-02	4.56e-01	4.16e-01	9.00e-02	3.67e-13	6.88e-22	8.62e-22
 1.01550e+23	4.14e-13	8.05e-09	7.37e-06	6.14e-04	9.01e-03	3.18e-02	4.68e-01	4.07e-01	8.38e-02	4.14e-13	7.77e-22	9.73e-22
 1.02453e+23	4.65e-13	9.02e-09	8.28e-06	6.90e-04	9.99e-03	3.43e-02	4.80e-01	3.97e-01	7.78e-02	4.65e-13	8.74e-22	1.09e-21
 1.03366e+23	5.19e-13	1.00e-08	9.27e-06	7.72e-04	1.10e-02	3.70e-02	4.92e-01	3.87e-01	7.22e-02	5.19e-13	9.77e-22	1.22e-21
 1.04297e+23	5.79e-13	1.12e-08	1.04e-05	8.67e-04	1.22e-02	3.99e-02	5.04e-01	3.76e-01	6.67e-02	5.79e-13	1.09e-21	1.37e-21
 1.05244e+23	6.42e-13	1.24e-08	1.16e-05	9.69e-04	1.34e-02	4.29e-02	5.15e-01	3.66e-01	6.17e-02	6.42e-13	1.21e-21	1.51e-21
 1.06111e+23	6.98e-13	1.35e-08	1.27e-05	1.06e-03	1.45e-02	4.56e-02	5.24e-01	3.57e-01	5.77e-02	6.98e-13	1.32e-21	1.65e-21
 1.07017e+23	7.70e-13	1.49e-08	1.42e-05	1.19e-03	1.60e-02	4.92e-02	5.36e-01	3.45e-01	5.29e-02	7.70e-13	1.45e-21	1.82e-21
 1.07937e+23	8.36e-13	1.62e-08	1.56e-05	1.31e-03	1.73e-02	5.22e-02	5.44e-01	3.36e-01	4.93e-02	8.36e-13	1.58e-21	1.97e-21
 1.08885e+23	9.23e-13	1.80e-08	1.75e-05	1.47e-03	1.91e-02	5.63e-02	5.54e-01	3.24e-01	4.50e-02	9.23e-13	1.74e-21	2.18e-21
 1.09837e+23	9.95e-13	1.95e-08	1.91e-05	1.61e-03	2.06e-02	5.96e-02	5.62e-01	3.14e-01	4.19e-02	9.95e-13	1.88e-21	2.35e-21
 1.10795e+23	1.09e-12	2.15e-08	2.13e-05	1.80e-03	2.26e-02	6.41e-02	5.71e-01	3.02e-01	3.81e-02	1.09e-12	2.06e-21	2.57e-21
 1.11756e+23	1.17e-12	2.32e-08	2.32e-05	1.97e-03	2.43e-02	6.77e-02	5.78e-01	2.93e-01	3.54e-02	1.17e-12	2.22e-21	2.78e-21
 1.12721e+23	1.28e-12	2.56e-08	2.59e-05	2.20e-03	2.65e-02	7.25e-02	5.86e-01	2.81e-01	3.22e-02	1.28e-12	2.43e-21	3.03e-21
 1.13696e+23	1.38e-12	2.77e-08	2.83e-05	2.40e-03	2.84e-02	7.64e-02	5.91e-01	2.72e-01	2.99e-02	1.38e-12	2.62e-21	3.27e-21
 1.14684e+23	1.50e-12	3.05e-08	3.16e-05	2.69e-03	3.10e-02	8.17e-02	5.98e-01	2.60e-01	2.70e-02	1.50e-12	2.85e-21	3.56e-21
 1.15685e+23	1.62e-12	3.31e-08	3.45e-05	2.94e-03	3.31e-02	8.60e-02	6.02e-01	2.51e-01	2.50e-02	1.62e-12	3.08e-21	3.84e-21
 1.16702e+23	1.76e-12	3.65e-08	3.86e-05	3.28e-03	3.60e-02	9.18e-02	6.07e-01	2.39e-01	2.25e-02	1.76e-12	3.36e-21	4.20e-21
 1.17738e+23	1.90e-12	3.98e-08	4.24e-05	3.59e-03	3.85e-02	9.65e-02	6.11e-01	2.30e-01	2.08e-02	1.90e-12	3.64e-21	4.54e-21
 1.18797e+23	2.09e-12	4.42e-08	4.76e-05	4.03e-03	4.19e-02	1.03e-01	6.14e-01	2.18e-01	1.86e-02	2.09e-12	3.99e-21	4.98e-21
 1.19881e+23	2.27e-12	4.84e-08	5.25e-05	4.42e-03	4.47e-02	1.08e-01	6.16e-01	2.09e-01	1.71e-02	2.27e-12	4.34e-21	5.42e-21
 1.20995e+23	2.50e-12	5.41e-08	5.94e-05	4.97e-03	4.86e-02	1.15e-01	6.18e-01	1.98e-01	1.52e-02	2.50e-12	4.80e-21	5.98e-21
 1.22134e+23	2.74e-12	5.98e-08	6.58e-05	5.47e-03	5.19e-02	1.21e-01	6.19e-01	1.89e-01	1.39e-02	2.74e-12	5.27e-21	6.56e-21
 1.23092e+23	2.96e-12	6.52e-08	7.20e-05	5.95e-03	5.50e-02	1.26e-01	6.19e-01	1.81e-01	1.27e-02	2.96e-12	5.70e-21	7.10e-21
 1.24127e+23	3.26e-12	7.28e-08	8.09e-05	6.62e-03	5.91e-02	1.33e-01	6.18e-01	1.71e-01	1.14e-02	3.26e-12	6.29e-21	7.84e-21
 1.25136e+23	3.52e-12	7.93e-08	8.83e-05	7.15e-03	6.23e-02	1.38e-01	6.17e-01	1.65e-01	1.06e-02	3.52e-12	6.81e-21	8.48e-21
 1.26111e+23	3.85e-12	8.79e-08	9.84e-05	7.89e-03	6.64e-02	1.45e-01	6.15e-01	1.56e-01	9.51e-03	3.85e-12	7.46e-21	9.29e-21
 1.27095e+23	4.21e-12	9.65e-08	1.08e-04	8.53e-03	6.99e-02	1.50e-01	6.13e-01	1.50e-01	8.78e-03	4.21e-12	8.18e-21	1.02e-20
 1.28092e+23	4.65e-12	1.08e-07	1.21e-04	9.43e-03	7.45e-02	1.57e-01	6.10e-01	1.41e-01	7.88e-03	4.65e-12	9.05e-21	1.13e-20
 1.29103e+23	5.11e-12	1.19e-07	1.33e-04	1.02e-02	7.84e-02	1.63e-01	6.06e-01	1.35e-01	7.24e-03	5.11e-12	9.96e-21	1.24e-20
 1.30132e+23	5.69e-12	1.34e-07	1.49e-04	1.13e-02	8.35e-02	1.70e-01	6.02e-01	1.27e-01	6.47e-03	5.69e-12	1.11e-20	1.38e-20
 1.31177e+23	6.32e-12	1.49e-07	1.65e-04	1.23e-02	8.79e-02	1.75e-01	5.97e-01	1.21e-01	5.93e-03	6.32e-12	1.24e-20	1.54e-20
 1.32240e+23	7.08e-12	1.70e-07	1.87e-04	1.36e-02	9.35e-02	1.83e-01	5.91e-01	1.14e-01	5.27e-03	7.08e-12	1.39e-20	1.73e-20
 1.33321e+23	7.91e-12	1.90e-07	2.07e-04	1.47e-02	9.84e-02	1.89e-01	5.85e-01	1.08e-01	4.80e-03	7.91e-12	1.56e-20	1.94e-20
 1.34424e+23	9.01e-12	2.18e-07	2.36e-04	1.64e-02	1.05e-01	1.97e-01	5.77e-01	1.01e-01	4.24e-03	9.01e-12	1.78e-20	2.21e-20
 1.35556e+23	1.02e-11	2.47e-07	2.63e-04	1.78e-02	1.10e-01	2.03e-01	5.70e-01	9.52e-02	3.85e-03	1.02e-11	2.02e-20	2.50e-20
 1.36723e+23	1.18e-11	2.88e-07	3.03e-04	1.99e-02	1.17e-01	2.11e-01	5.60e-01	8.83e-02	3.37e-03	1.18e-11	2.34e-20	2.90e-20
 1.37920e+23	1.34e-11	3.28e-07	3.40e-04	2.17e-02	1.24e-01	2.18e-01	5.51e-01	8.30e-02	3.02e-03	1.34e-11	2.68e-20	3.32e-20
 1.39155e+23	1.58e-11	3.88e-07	3.94e-04	2.43e-02	1.32e-01	2.26e-01	5.39e-01	7.65e-02	2.62e-03	1.58e-11	3.17e-20	3.93e-20
 1.40403e+23	1.83e-11	4.47e-07	4.45e-04	2.66e-02	1.38e-01	2.32e-01	5.29e-01	7.17e-02	2.35e-03	1.83e-11	3.68e-20	4.56e-20
 1.41668e+23	2.18e-11	5.33e-07	5.18e-04	2.98e-02	1.47e-01	2.40e-01	5.15e-01	6.56e-02	2.02e-03	2.18e-11	4.40e-20	5.45e-20
 1.42947e+23	2.54e-11	6.17e-07	5.85e-04	3.25e-02	1.55e-01	2.45e-01	5.04e-01	6.13e-02	1.80e-03	2.54e-11	5.16e-20	6.38e-20
 1.44241e+23	3.06e-11	7.42e-07	6.84e-04	3.64e-02	1.64e-01	2.53e-01	4.88e-01	5.58e-02	1.54e-03	3.06e-11	6.26e-20	7.74e-20
 1.45559e+23	3.61e-11	8.66e-07	7.76e-04	3.98e-02	1.72e-01	2.58e-01	4.76e-01	5.18e-02	1.37e-03	3.61e-11	7.42e-20	9.17e-20
 1.46721e+23	4.22e-11	1.00e-06	8.78e-04	4.34e-02	1.80e-01	2.63e-01	4.63e-01	4.80e-02	1.21e-03	4.22e-11	8.71e-20	1.08e-19
 1.48045e+23	5.20e-11	1.22e-06	1.03e-03	4.84e-02	1.91e-01	2.70e-01	4.46e-01	4.35e-02	1.03e-03	5.20e-11	1.08e-19	1.33e-19
 1.49396e+23	6.16e-11	1.43e-06	1.17e-03	5.28e-02	1.99e-01	2.74e-01	4.32e-01	4.00e-02	8.99e-04	6.16e-11	1.29e-19	1.59e-19
 1.50493e+23	7.17e-11	1.64e-06	1.30e-03	5.69e-02	2.07e-01	2.78e-01	4.20e-01	3.72e-02	8.02e-04	7.17e-11	1.50e-19	1.85e-19
 1.51630e+23	8.61e-11	1.93e-06	1.48e-03	6.21e-02	2.16e-01	2.81e-01	4.05e-01	3.42e-02	7.01e-04	8.61e-11	1.82e-19	2.24e-19
 1.52827e+23	1.01e-10	2.24e-06	1.67e-03	6.70e-02	2.24e-01	2.84e-01	3.92e-01	3.16e-02	6.19e-04	1.01e-10	2.15e-19	2.65e-19
 1.53926e+23	1.19e-10	2.59e-06	1.86e-03	7.22e-02	2.32e-01	2.86e-01	3.78e-01	2.92e-02	5.47e-04	1.19e-10	2.54e-19	3.13e-19
 1.55179e+23	1.47e-10	3.10e-06	2.15e-03	7.91e-02	2.42e-01	2.89e-01	3.62e-01	2.64e-02	4.68e-04	1.47e-10	3.16e-19	3.88e-19
 1.56465e+23	1.76e-10	3.64e-06	2.43e-03	8.56e-02	2.50e-01	2.91e-01	3.47e-01	2.40e-02	4.06e-04	1.76e-10	3.80e-19	4.67e-19
 1.57595e+23	2.09e-10	4.22e-06	2.71e-03	9.19e-02	2.58e-01	2.91e-01	3.33e-01	2.21e-02	3.57e-04	2.09e-10	4.54e-19	5.58e-19
 1.58863e+23	2.59e-10	5.06e-06	3.12e-03	1.00e-01	2.68e-01	2.92e-01	3.17e-01	1.98e-02	3.03e-04	2.59e-10	5.68e-19	6.98e-19
 1.60193e+23	3.14e-10	5.98e-06	3.53e-03	1.08e-01	2.77e-01	2.92e-01	3.01e-01	1.79e-02	2.60e-04	3.14e-10	6.96e-19	8.53e-19
 1.61398e+23	3.78e-10	6.98e-06	3.96e-03	1.16e-01	2.85e-01	2.91e-01	2.87e-01	1.63e-02	2.25e-04	3.78e-10	8.43e-19	1.03e-18
 1.62757e+23	4.79e-10	8.47e-06	4.57e-03	1.27e-01	2.94e-01	2.89e-01	2.70e-01	1.44e-02	1.88e-04	4.79e-10	1.08e-18	1.32e-18
 1.64161e+23	5.89e-10	1.00e-05	5.19e-03	1.37e-01	3.03e-01	2.87e-01	2.55e-01	1.29e-02	1.59e-04	5.89e-10	1.34e-18	1.64e-18
 1.65411e+23	7.16e-10	1.18e-05	5.82e-03	1.47e-01	3.10e-01	2.85e-01	2.41e-01	1.16e-02	1.36e-04	7.16e-10	1.64e-18	2.01e-18
 1.66826e+23	9.17e-10	1.44e-05	6.72e-03	1.60e-01	3.19e-01	2.80e-01	2.24e-01	1.01e-02	1.12e-04	9.17e-10	2.13e-18	2.60e-18
 1.68297e+23	1.14e-09	1.71e-05	7.63e-03	1.72e-01	3.26e-01	2.76e-01	2.10e-01	8.94e-03	9.34e-05	1.14e-09	2.69e-18	3.28e-18
 1.69620e+23	1.41e-09	2.02e-05	8.58e-03	1.84e-01	3.32e-01	2.72e-01	1.96e-01	7.94e-03	7.88e-05	1.41e-09	3.34e-18	4.08e-18
 1.71121e+23	1.84e-09	2.49e-05	9.94e-03	1.99e-01	3.39e-01	2.65e-01	1.80e-01	6.79e-03	6.31e-05	1.84e-09	4.44e-18	5.41e-18
 1.72667e+23	2.31e-09	2.97e-05	1.12e-02	2.13e-01	3.45e-01	2.58e-01	1.67e-01	5.94e-03	5.20e-05	2.31e-09	5.64e-18	6.87e-18
 1.74056e+23	2.88e-09	3.52e-05	1.27e-02	2.27e-01	3.49e-01	2.52e-01	1.54e-01	5.19e-03	4.31e-05	2.88e-09	7.13e-18	8.68e-18
 1.75650e+23	3.84e-09	4.37e-05	1.47e-02	2.46e-01	3.54e-01	2.42e-01	1.39e-01	4.35e-03	3.36e-05	3.84e-09	9.68e-18	1.18e-17
 1.77259e+23	4.84e-09	5.20e-05	1.65e-02	2.61e-01	3.57e-01	2.34e-01	1.27e-01	3.76e-03	2.73e-05	4.84e-09	1.24e-17	1.50e-17
 1.78889e+23	6.45e-09	6.44e-05	1.91e-02	2.81e-01	3.59e-01	2.24e-01	1.14e-01	3.13e-03	2.11e-05	6.45e-09	1.68e-17	2.04e-17
 1.80544e+23	8.19e-09	7.68e-05	2.15e-02	2.97e-01	3.60e-01	2.15e-01	1.04e-01	2.67e-03	1.70e-05	8.19e-09	2.17e-17	2.64e-17
 1.82013e+23	1.03e-08	9.10e-05	2.41e-02	3.14e-01	3.60e-01	2.06e-01	9.41e-02	2.28e-03	1.37e-05	1.03e-08	2.80e-17	3.39e-17
 1.83700e+23	1.40e-08	1.13e-04	2.78e-02	3.35e-01	3.59e-01	1.94e-01	8.28e-02	1.85e-03	1.03e-05	1.40e-08	3.87e-17	4.69e-17
 1.85412e+23	1.77e-08	1.34e-04	3.10e-02	3.52e-01	3.57e-01	1.84e-01	7.45e-02	1.57e-03	8.17e-06	1.77e-08	5.02e-17	6.08e-17
 1.87155e+23	2.41e-08	1.67e-04	3.57e-02	3.74e-01	3.53e-01	1.71e-01	6.47e-02	1.25e-03	6.04e-06	2.41e-08	7.04e-17	8.51e-17
 1.88919e+23	3.07e-08	1.99e-04	3.98e-02	3.91e-01	3.49e-01	1.62e-01	5.77e-02	1.05e-03	4.73e-06	3.07e-08	9.18e-17	1.11e-16
 1.90709e+23	4.19e-08	2.47e-04	4.57e-02	4.13e-01	3.42e-01	1.49e-01	4.95e-02	8.26e-04	3.44e-06	4.19e-08	1.30e-16	1.57e-16
 1.92523e+23	5.35e-08	2.93e-04	5.08e-02	4.30e-01	3.36e-01	1.39e-01	4.37e-02	6.82e-04	2.66e-06	5.35e-08	1.70e-16	2.06e-16
 1.94101e+23	6.77e-08	3.45e-04	5.61e-02	4.46e-01	3.29e-01	1.30e-01	3.87e-02	5.65e-04	2.07e-06	6.77e-08	2.21e-16	2.67e-16
 1.95881e+23	9.16e-08	4.25e-04	6.37e-02	4.65e-01	3.19e-01	1.18e-01	3.29e-02	4.41e-04	1.48e-06	9.16e-08	3.11e-16	3.75e-16
 1.97579e+23	1.12e-07	4.89e-04	6.93e-02	4.78e-01	3.12e-01	1.11e-01	2.94e-02	3.72e-04	1.18e-06	1.12e-07	3.91e-16	4.71e-16
 1.99170e+23	1.47e-07	5.86e-04	7.71e-02	4.94e-01	3.02e-01	1.01e-01	2.52e-02	2.96e-04	8.72e-07	1.47e-07	5.27e-16	6.35e-16
 2.00762e+23	1.80e-07	6.72e-04	8.36e-02	5.05e-01	2.93e-01	9.43e-02	2.24e-02	2.48e-04	6.90e-07	1.80e-07	6.62e-16	7.97e-16
 2.02356e+23	2.31e-07	7.97e-04	9.23e-02	5.19e-01	2.83e-01	8.60e-02	1.93e-02	1.98e-04	5.12e-07	2.31e-07	8.80e-16	1.06e-15
 2.04007e+23	2.90e-07	9.27e-04	1.01e-01	5.30e-01	2.73e-01	7.90e-02	1.68e-02	1.61e-04	3.90e-07	2.90e-07	1.13e-15	1.36e-15
 2.05486e+23	3.55e-07	1.06e-03	1.09e-01	5.39e-01	2.63e-01	7.28e-02	1.48e-02	1.33e-04	3.04e-07	3.55e-07	1.42e-15	1.71e-15
 2.07164e+23	4.62e-07	1.27e-03	1.20e-01	5.50e-01	2.51e-01	6.54e-02	1.25e-02	1.04e-04	2.19e-07	4.62e-07	1.91e-15	2.30e-15
 2.08871e+23	5.73e-07	1.46e-03	1.30e-01	5.57e-01	2.41e-01	5.96e-02	1.08e-02	8.39e-05	1.66e-07	5.73e-07	2.44e-15	2.93e-15
 2.10390e+23	7.04e-07	1.67e-03	1.40e-01	5.64e-01	2.31e-01	5.45e-02	9.41e-03	6.84e-05	1.27e-07	7.04e-07	3.08e-15	3.69e-15
 2.11863e+23	8.55e-07	1.90e-03	1.50e-01	5.69e-01	2.21e-01	4.99e-02	8.22e-03	5.62e-05	0.00e+00	8.55e-07	3.83e-15	4.59e-15
 2.13222e+23	1.02e-06	2.13e-03	1.60e-01	5.73e-01	2.12e-01	4.59e-02	7.25e-03	4.68e-05	0.00e+00	1.02e-06	4.68e-15	5.60e-15
 2.14709e+23	1.27e-06	2.46e-03	1.72e-01	5.76e-01	2.02e-01	4.14e-02	6.21e-03	3.73e-05	0.00e+00	1.27e-06	5.98e-15	7.15e-15
 2.16219e+23	1.52e-06	2.76e-03	1.83e-01	5.78e-01	1.93e-01	3.78e-02	5.43e-03	3.07e-05	0.00e+00	1.52e-06	7.35e-15	8.78e-15
 2.17537e+23	1.80e-06	3.08e-03	1.94e-01	5.79e-01	1.84e-01	3.47e-02	4.78e-03	2.55e-05	0.00e+00	1.80e-06	8.90e-15	1.06e-14
 2.19028e+23	2.22e-06	3.54e-03	2.08e-01	5.80e-01	1.74e-01	3.10e-02	4.07e-03	2.02e-05	0.00e+00	2.22e-06	1.14e-14	1.35e-14
 2.20551e+23	2.64e-06	3.96e-03	2.20e-01	5.79e-01	1.65e-01	2.82e-02	3.54e-03	1.65e-05	0.00e+00	2.64e-06	1.39e-14	1.65e-14
 2.21901e+23	3.13e-06	4.41e-03	2.33e-01	5.77e-01	1.57e-01	2.57e-02	3.09e-03	1.35e-05	0.00e+00	3.13e-06	1.69e-14	2.01e-14
 2.23444e+23	3.87e-06	5.06e-03	2.49e-01	5.74e-01	1.47e-01	2.27e-02	2.60e-03	1.06e-05	0.00e+00	3.87e-06	2.16e-14	2.57e-14
 2.25011e+23	4.60e-06	5.64e-03	2.63e-01	5.70e-01	1.39e-01	2.05e-02	2.24e-03	8.55e-06	0.00e+00	4.60e-06	2.63e-14	3.13e-14
 2.26398e+23	5.45e-06	6.29e-03	2.77e-01	5.65e-01	1.31e-01	1.85e-02	1.94e-03	6.95e-06	0.00e+00	5.45e-06	3.21e-14	3.81e-14
 2.27990e+23	6.76e-06	7.22e-03	2.96e-01	5.58e-01	1.22e-01	1.62e-02	1.61e-03	5.34e-06	0.00e+00	6.76e-06	4.12e-14	4.90e-14
 2.29599e+23	8.04e-06	8.06e-03	3.11e-01	5.51e-01	1.14e-01	1.45e-02	1.38e-03	4.28e-06	0.00e+00	8.04e-06	5.04e-14	6.00e-14
 2.31015e+23	9.52e-06	8.98e-03	3.27e-01	5.43e-01	1.07e-01	1.30e-02	1.19e-03	3.44e-06	0.00e+00	9.52e-06	6.15e-14	7.31e-14
 2.32641e+23	1.18e-05	1.03e-02	3.47e-01	5.32e-01	9.86e-02	1.13e-02	9.78e-04	2.61e-06	0.00e+00	1.18e-05	7.91e-14	9.39e-14
 2.34296e+23	1.40e-05	1.15e-02	3.64e-01	5.22e-01	9.17e-02	1.00e-02	8.29e-04	2.06e-06	0.00e+00	1.40e-05	9.71e-14	1.15e-13
 2.35989e+23	1.74e-05	1.31e-02	3.86e-01	5.08e-01	8.37e-02	8.61e-03	6.74e-04	1.54e-06	0.00e+00	1.74e-05	1.26e-13	1.49e-13
 2.37702e+23	2.07e-05	1.47e-02	4.04e-01	4.96e-01	7.73e-02	7.56e-03	5.65e-04	1.20e-06	0.00e+00	2.07e-05	1.55e-13	1.84e-13
 2.39442e+23	2.57e-05	1.68e-02	4.27e-01	4.79e-01	7.01e-02	6.43e-03	4.55e-04	8.81e-07	0.00e+00	2.57e-05	2.01e-13	2.38e-13
 2.41215e+23	3.07e-05	1.88e-02	4.46e-01	4.65e-01	6.42e-02	5.60e-03	3.77e-04	6.77e-07	0.00e+00	3.07e-05	2.49e-13	2.95e-13
 2.43031e+23	3.82e-05	2.15e-02	4.70e-01	4.46e-01	5.75e-02	4.70e-03	2.99e-04	4.88e-07	0.00e+00	3.82e-05	3.25e-13	3.85e-13
 2.44879e+23	4.57e-05	2.40e-02	4.90e-01	4.29e-01	5.22e-02	4.04e-03	2.45e-04	3.68e-07	0.00e+00	4.57e-05	4.03e-13	4.78e-13
 2.46519e+23	5.43e-05	2.68e-02	5.09e-01	4.13e-01	4.75e-02	3.48e-03	2.01e-04	2.80e-07	0.00e+00	5.43e-05	4.98e-13	5.90e-13
 2.48403e+23	6.75e-05	3.06e-02	5.33e-01	3.91e-01	4.19e-02	2.88e-03	1.57e-04	1.97e-07	0.00e+00	6.75e-05	6.52e-13	7.73e-13
 2.50057e+23	7.66e-05	3.31e-02	5.48e-01	3.77e-01	3.86e-02	2.54e-03	1.34e-04	1.57e-07	0.00e+00	7.66e-05	7.62e-13	9.02e-13
 2.51411e+23	8.89e-05	3.62e-02	5.65e-01	3.61e-01	3.53e-02	2.22e-03	1.12e-04	0.00e+00	0.00e+00	8.89e-05	9.18e-13	1.09e-12
 2.52826e+23	1.01e-04	3.92e-02	5.79e-01	3.47e-01	3.24e-02	1.95e-03	9.47e-05	0.00e+00	0.00e+00	1.01e-04	1.08e-12	1.28e-12
 2.54116e+23	1.14e-04	4.22e-02	5.92e-01	3.34e-01	2.99e-02	1.73e-03	8.09e-05	0.00e+00	0.00e+00	1.14e-04	1.26e-12	1.49e-12
 2.55591e+23	1.34e-04	4.65e-02	6.09e-01	3.16e-01	2.69e-02	1.47e-03	6.60e-05	0.00e+00	0.00e+00	1.34e-04	1.54e-12	1.82e-12
 2.57094e+23	1.52e-04	5.02e-02	6.22e-01	3.01e-01	2.44e-02	1.28e-03	5.53e-05	0.00e+00	0.00e+00	1.52e-04	1.81e-12	2.14e-12
 2.58633e+23	1.79e-04	5.54e-02	6.38e-01	2.83e-01	2.17e-02	1.08e-03	4.44e-05	0.00e+00	0.00e+00	1.79e-04	2.22e-12	2.63e-12
 2.60183e+23	2.04e-04	5.98e-02	6.51e-01	2.68e-01	1.96e-02	9.32e-04	3.68e-05	0.00e+00	0.00e+00	2.04e-04	2.62e-12	3.10e-12
 2.61747e+23	2.39e-04	6.59e-02	6.65e-01	2.50e-01	1.73e-02	7.78e-04	2.93e-05	0.00e+00	0.00e+00	2.39e-04	3.22e-12	3.81e-12
 2.63337e+23	2.72e-04	7.11e-02	6.77e-01	2.36e-01	1.55e-02	6.66e-04	2.41e-05	0.00e+00	0.00e+00	2.72e-04	3.80e-12	4.49e-12
 2.64961e+23	3.20e-04	7.83e-02	6.89e-01	2.18e-01	1.36e-02	5.49e-04	1.89e-05	0.00e+00	0.00e+00	3.20e-04	4.69e-12	5.54e-12
 2.66614e+23	3.64e-04	8.45e-02	6.99e-01	2.03e-01	1.21e-02	4.65e-04	1.54e-05	0.00e+00	0.00e+00	3.64e-04	5.55e-12	6.56e-12
 2.68307e+23	4.31e-04	9.34e-02	7.10e-01	1.86e-01	1.04e-02	3.76e-04	1.18e-05	0.00e+00	0.00e+00	4.31e-04	6.92e-12	8.17e-12
 2.70020e+23	4.90e-04	1.00e-01	7.17e-01	1.72e-01	9.16e-03	3.16e-04	9.51e-06	0.00e+00	0.00e+00	4.90e-04	8.18e-12	9.67e-12
 2.71759e+23	5.79e-04	1.11e-01	7.25e-01	1.56e-01	7.84e-03	2.53e-04	7.25e-06	0.00e+00	0.00e+00	5.79e-04	1.02e-11	1.20e-11
 2.73534e+23	6.62e-04	1.20e-01	7.30e-01	1.43e-01	6.82e-03	2.09e-04	5.72e-06	0.00e+00	0.00e+00	6.62e-04	1.22e-11	1.44e-11
 2.75358e+23	7.90e-04	1.33e-01	7.34e-01	1.27e-01	5.73e-03	1.63e-04	4.25e-06	0.00e+00	0.00e+00	7.90e-04	1.53e-11	1.80e-11
 2.77176e+23	8.98e-04	1.43e-01	7.36e-01	1.15e-01	4.96e-03	1.34e-04	3.34e-06	0.00e+00	0.00e+00	8.98e-04	1.81e-11	2.13e-11
 2.78987e+23	1.07e-03	1.58e-01	7.35e-01	1.02e-01	4.14e-03	1.04e-04	2.47e-06	0.00e+00	0.00e+00	1.07e-03	2.27e-11	2.68e-11
 2.80811e+23	1.22e-03	1.70e-01	7.34e-01	9.13e-02	3.56e-03	8.42e-05	1.92e-06	0.00e+00	0.00e+00	1.22e-03	2.69e-11	3.18e-11
 2.82651e+23	1.46e-03	1.89e-01	7.28e-01	7.91e-02	2.94e-03	6.41e-05	1.40e-06	0.00e+00	0.00e+00	1.46e-03	3.39e-11	4.01e-11
 2.84499e+23	1.67e-03	2.04e-01	7.22e-01	7.02e-02	2.50e-03	5.13e-05	1.08e-06	0.00e+00	0.00e+00	1.67e-03	4.04e-11	4.79e-11
 2.86359e+23	2.00e-03	2.26e-01	7.10e-01	5.98e-02	2.04e-03	3.82e-05	7.69e-07	0.00e+00	0.00e+00	2.00e-03	5.13e-11	6.07e-11
 2.88224e+23	2.31e-03	2.45e-01	6.99e-01	5.22e-02	1.72e-03	3.01e-05	5.85e-07	0.00e+00	0.00e+00	2.31e-03	6.15e-11	7.28e-11
 2.90097e+23	2.78e-03	2.72e-01	6.81e-01	4.35e-02	1.39e-03	2.19e-05	4.12e-07	0.00e+00	0.00e+00	2.78e-03	7.84e-11	9.29e-11
 2.91976e+23	3.22e-03	2.95e-01	6.64e-01	3.72e-02	1.16e-03	1.69e-05	3.09e-07	0.00e+00	0.00e+00	3.22e-03	9.46e-11	1.12e-10
 2.93864e+23	3.94e-03	3.28e-01	6.37e-01	3.02e-02	9.27e-04	1.19e-05	2.12e-07	0.00e+00	0.00e+00	3.94e-03	1.22e-10	1.45e-10
 2.95755e+23	4.59e-03	3.56e-01	6.13e-01	2.52e-02	7.68e-04	8.89e-06	1.57e-07	0.00e+00	0.00e+00	4.59e-03	1.48e-10	1.76e-10
 2.97651e+23	5.62e-03	3.95e-01	5.79e-01	1.99e-02	6.06e-04	6.07e-06	0.00e+00	0.00e+00	0.00e+00	5.62e-03	1.92e-10	2.28e-10
 2.99570e+23	6.67e-03	4.30e-01	5.47e-01	1.60e-02	4.93e-04	4.34e-06	0.00e+00	0.00e+00	0.00e+00	6.67e-03	2.37e-10	2.82e-10
 3.01264e+23	7.91e-03	4.67e-01	5.12e-01	1.27e-02	4.02e-04	3.07e-06	0.00e+00	0.00e+00	0.00e+00	7.91e-03	2.94e-10	3.49e-10
 3.03210e+23	9.86e-03	5.16e-01	4.65e-01	9.35e-03	3.09e-04	1.93e-06	0.00e+00	0.00e+00	0.00e+00	9.86e-03	3.87e-10	4.60e-10
 3.05197e+23	1.20e-02	5.62e-01	4.19e-01	6.92e-03	2.42e-04	1.25e-06	0.00e+00	0.00e+00	0.00e+00	1.20e-02	4.93e-10	5.86e-10
 3.06884e+23	1.46e-02	6.06e-01	3.74e-01	5.14e-03	1.92e-04	8.16e-07	0.00e+00	0.00e+00	0.00e+00	1.46e-02	6.19e-10	7.36e-10
 3.08126e+23	1.66e-02	6.38e-01	3.41e-01	4.14e-03	1.63e-04	6.05e-07	0.00e+00	0.00e+00	0.00e+00	1.66e-02	7.20e-10	8.57e-10
