#depth	N	N+	N+2	N+3	N+4	N+5	N+6	N+7
 4.62852e+21	7.21e-15	2.45e-10	2.27e-07	1.86e-05	3.75e-04	5.76e-02	3.88e-01	5.54e-01
 1.02591e+22	8.74e-14	2.18e-09	1.47e-06	8.53e-05	1.11e-03	1.08e-01	4.65e-01	4.26e-01
 1.17621e+22	2.75e-13	6.07e-09	3.61e-06	1.81e-04	1.93e-03	1.46e-01	4.94e-01	3.58e-01
 1.25136e+22	4.68e-13	9.78e-09	5.53e-06	2.62e-04	2.52e-03	1.68e-01	5.05e-01	3.24e-01
 1.28517e+22	5.56e-13	1.15e-08	6.39e-06	2.97e-04	2.76e-03	1.76e-01	5.08e-01	3.13e-01
 1.30436e+22	6.81e-13	1.38e-08	7.57e-06	3.45e-04	3.09e-03	1.87e-01	5.11e-01	2.99e-01
 1.32468e+22	8.19e-13	1.64e-08	8.85e-06	3.96e-04	3.42e-03	1.97e-01	5.13e-01	2.87e-01
 1.34475e+22	9.85e-13	1.94e-08	1.04e-05	4.56e-04	3.80e-03	2.08e-01	5.14e-01	2.74e-01
 1.36500e+22	1.17e-12	2.29e-08	1.20e-05	5.22e-04	4.20e-03	2.18e-01	5.15e-01	2.61e-01
 1.38530e+22	1.39e-12	2.69e-08	1.40e-05	5.99e-04	4.65e-03	2.30e-01	5.16e-01	2.49e-01
 1.40579e+22	1.64e-12	3.14e-08	1.62e-05	6.84e-04	5.14e-03	2.41e-01	5.16e-01	2.37e-01
 1.42649e+22	1.93e-12	3.66e-08	1.87e-05	7.81e-04	5.69e-03	2.53e-01	5.15e-01	2.25e-01
 1.44735e+22	2.25e-12	4.24e-08	2.16e-05	8.89e-04	6.27e-03	2.65e-01	5.13e-01	2.14e-01
 1.46851e+22	2.62e-12	4.92e-08	2.48e-05	1.01e-03	6.92e-03	2.78e-01	5.11e-01	2.03e-01
 1.48986e+22	3.03e-12	5.66e-08	2.85e-05	1.15e-03	7.62e-03	2.91e-01	5.09e-01	1.92e-01
 1.51162e+22	3.54e-12	6.52e-08	3.27e-05	1.31e-03	8.41e-03	3.04e-01	5.05e-01	1.81e-01
 1.53372e+22	4.07e-12	7.47e-08	3.73e-05	1.48e-03	9.24e-03	3.17e-01	5.01e-01	1.71e-01
 1.55397e+22	4.56e-12	8.35e-08	4.16e-05	1.64e-03	1.00e-02	3.29e-01	4.97e-01	1.63e-01
 1.57514e+22	5.24e-12	9.59e-08	4.77e-05	1.86e-03	1.10e-02	3.43e-01	4.92e-01	1.52e-01
 1.59661e+22	5.85e-12	1.07e-07	5.31e-05	2.06e-03	1.19e-02	3.55e-01	4.87e-01	1.45e-01
 1.61869e+22	6.72e-12	1.23e-07	6.09e-05	2.34e-03	1.32e-02	3.70e-01	4.80e-01	1.35e-01
 1.64088e+22	7.46e-12	1.36e-07	6.75e-05	2.58e-03	1.42e-02	3.81e-01	4.74e-01	1.28e-01
 1.66323e+22	8.50e-12	1.55e-07	7.70e-05	2.92e-03	1.56e-02	3.96e-01	4.66e-01	1.19e-01
 1.68564e+22	9.41e-12	1.72e-07	8.51e-05	3.20e-03	1.68e-02	4.08e-01	4.60e-01	1.12e-01
 1.70811e+22	1.07e-11	1.94e-07	9.66e-05	3.61e-03	1.84e-02	4.23e-01	4.51e-01	1.04e-01
 1.73082e+22	1.18e-11	2.15e-07	1.07e-04	3.95e-03	1.98e-02	4.34e-01	4.44e-01	9.85e-02
 1.75381e+22	1.33e-11	2.43e-07	1.21e-04	4.43e-03	2.16e-02	4.49e-01	4.34e-01	9.12e-02
 1.77710e+22	1.47e-11	2.68e-07	1.33e-04	4.85e-03	2.32e-02	4.60e-01	4.26e-01	8.58e-02
 1.80076e+22	1.66e-11	3.02e-07	1.51e-04	5.43e-03	2.53e-02	4.75e-01	4.15e-01	7.91e-02
 1.82483e+22	1.83e-11	3.34e-07	1.67e-04	5.94e-03	2.71e-02	4.86e-01	4.07e-01	7.42e-02
 1.84943e+22	2.07e-11	3.77e-07	1.89e-04	6.65e-03	2.96e-02	5.00e-01	3.95e-01	6.81e-02
 1.87458e+22	2.29e-11	4.18e-07	2.09e-04	7.27e-03	3.17e-02	5.11e-01	3.86e-01	6.36e-02
 1.90042e+22	2.59e-11	4.74e-07	2.38e-04	8.16e-03	3.46e-02	5.25e-01	3.74e-01	5.80e-02
 1.92683e+22	2.89e-11	5.26e-07	2.64e-04	8.92e-03	3.71e-02	5.36e-01	3.64e-01	5.39e-02
 1.94912e+22	3.16e-11	5.76e-07	2.89e-04	9.65e-03	3.94e-02	5.45e-01	3.55e-01	5.04e-02
 1.97323e+22	3.55e-11	6.47e-07	3.25e-04	1.07e-02	4.25e-02	5.57e-01	3.43e-01	4.62e-02
 1.99669e+22	3.88e-11	7.05e-07	3.54e-04	1.15e-02	4.48e-02	5.65e-01	3.35e-01	4.34e-02
 2.01932e+22	4.29e-11	7.82e-07	3.95e-04	1.26e-02	4.81e-02	5.75e-01	3.24e-01	3.99e-02
 2.04215e+22	4.71e-11	8.56e-07	4.30e-04	1.35e-02	5.06e-02	5.83e-01	3.15e-01	3.74e-02
 2.06527e+22	5.25e-11	9.53e-07	4.80e-04	1.47e-02	5.42e-02	5.92e-01	3.04e-01	3.43e-02
 2.08870e+22	5.77e-11	1.04e-06	5.25e-04	1.58e-02	5.71e-02	5.99e-01	2.96e-01	3.21e-02
 2.11256e+22	6.45e-11	1.17e-06	5.87e-04	1.73e-02	6.11e-02	6.07e-01	2.85e-01	2.93e-02
 2.13675e+22	7.13e-11	1.28e-06	6.43e-04	1.86e-02	6.42e-02	6.13e-01	2.76e-01	2.73e-02
 2.16139e+22	7.99e-11	1.44e-06	7.21e-04	2.03e-02	6.87e-02	6.21e-01	2.65e-01	2.48e-02
 2.18643e+22	8.86e-11	1.59e-06	7.91e-04	2.18e-02	7.23e-02	6.26e-01	2.56e-01	2.30e-02
 2.21198e+22	1.00e-10	1.79e-06	8.92e-04	2.39e-02	7.72e-02	6.32e-01	2.45e-01	2.08e-02
 2.23820e+22	1.12e-10	1.99e-06	9.84e-04	2.57e-02	8.12e-02	6.37e-01	2.36e-01	1.92e-02
 2.26528e+22	1.28e-10	2.26e-06	1.12e-03	2.82e-02	8.68e-02	6.42e-01	2.25e-01	1.73e-02
 2.29303e+22	1.44e-10	2.52e-06	1.24e-03	3.04e-02	9.14e-02	6.45e-01	2.16e-01	1.59e-02
 2.32167e+22	1.66e-10	2.89e-06	1.41e-03	3.35e-02	9.77e-02	6.49e-01	2.04e-01	1.41e-02
 2.35057e+22	1.88e-10	3.25e-06	1.57e-03	3.60e-02	1.03e-01	6.51e-01	1.96e-01	1.29e-02
 2.37983e+22	2.17e-10	3.73e-06	1.79e-03	3.96e-02	1.10e-01	6.53e-01	1.84e-01	1.15e-02
 2.40937e+22	2.48e-10	4.21e-06	2.00e-03	4.27e-02	1.15e-01	6.54e-01	1.76e-01	1.05e-02
 2.43929e+22	2.88e-10	4.86e-06	2.29e-03	4.69e-02	1.22e-01	6.54e-01	1.65e-01	9.24e-03
 2.46970e+22	3.31e-10	5.50e-06	2.56e-03	5.05e-02	1.28e-01	6.53e-01	1.57e-01	8.38e-03
 2.49651e+22	3.75e-10	6.18e-06	2.85e-03	5.42e-02	1.34e-01	6.51e-01	1.50e-01	7.59e-03
 2.52708e+22	4.44e-10	7.20e-06	3.27e-03	5.94e-02	1.42e-01	6.48e-01	1.40e-01	6.68e-03
 2.55819e+22	5.06e-10	8.12e-06	3.65e-03	6.39e-02	1.49e-01	6.45e-01	1.32e-01	6.00e-03
 2.58347e+22	5.71e-10	9.05e-06	4.02e-03	6.80e-02	1.55e-01	6.42e-01	1.26e-01	5.48e-03
 2.60978e+22	6.61e-10	1.03e-05	4.50e-03	7.32e-02	1.62e-01	6.37e-01	1.19e-01	4.92e-03
 2.63738e+22	7.51e-10	1.16e-05	4.98e-03	7.80e-02	1.68e-01	6.32e-01	1.13e-01	4.46e-03
 2.66268e+22	8.53e-10	1.29e-05	5.50e-03	8.31e-02	1.74e-01	6.27e-01	1.07e-01	4.04e-03
 2.69157e+22	1.00e-09	1.50e-05	6.23e-03	8.98e-02	1.82e-01	6.19e-01	9.98e-02	3.57e-03
 2.72119e+22	1.15e-09	1.69e-05	6.93e-03	9.59e-02	1.89e-01	6.12e-01	9.37e-02	3.19e-03
 2.74717e+22	1.31e-09	1.90e-05	7.65e-03	1.02e-01	1.95e-01	6.04e-01	8.85e-02	2.88e-03
 2.77637e+22	1.55e-09	2.19e-05	8.65e-03	1.10e-01	2.03e-01	5.94e-01	8.23e-02	2.53e-03
 2.80699e+22	1.80e-09	2.50e-05	9.66e-03	1.17e-01	2.10e-01	5.84e-01	7.68e-02	2.25e-03
 2.83476e+22	2.08e-09	2.82e-05	1.07e-02	1.25e-01	2.16e-01	5.74e-01	7.19e-02	2.01e-03
 2.86616e+22	2.49e-09	3.30e-05	1.22e-02	1.34e-01	2.24e-01	5.61e-01	6.61e-02	1.74e-03
 2.89851e+22	2.91e-09	3.78e-05	1.36e-02	1.43e-01	2.32e-01	5.49e-01	6.12e-02	1.52e-03
 2.92727e+22	3.38e-09	4.29e-05	1.51e-02	1.52e-01	2.38e-01	5.36e-01	5.69e-02	1.35e-03
 2.95984e+22	4.09e-09	5.04e-05	1.72e-02	1.64e-01	2.46e-01	5.20e-01	5.18e-02	1.15e-03
 2.99363e+22	4.84e-09	5.80e-05	1.93e-02	1.75e-01	2.52e-01	5.05e-01	4.75e-02	1.00e-03
 3.02401e+22	5.67e-09	6.63e-05	2.15e-02	1.85e-01	2.58e-01	4.91e-01	4.38e-02	8.74e-04
 3.05851e+22	6.96e-09	7.86e-05	2.46e-02	1.99e-01	2.65e-01	4.72e-01	3.92e-02	7.32e-04
 3.09400e+22	8.28e-09	9.08e-05	2.75e-02	2.11e-01	2.70e-01	4.55e-01	3.57e-02	6.29e-04
 3.12596e+22	9.82e-09	1.04e-04	3.06e-02	2.23e-01	2.75e-01	4.38e-01	3.25e-02	5.41e-04
 3.16267e+22	1.22e-08	1.25e-04	3.51e-02	2.39e-01	2.81e-01	4.16e-01	2.86e-02	4.44e-04
 3.19978e+22	1.46e-08	1.44e-04	3.92e-02	2.53e-01	2.85e-01	3.97e-01	2.57e-02	3.76e-04
 3.23740e+22	1.83e-08	1.73e-04	4.48e-02	2.70e-01	2.88e-01	3.75e-01	2.25e-02	3.05e-04
 3.27547e+22	2.20e-08	2.01e-04	4.99e-02	2.84e-01	2.90e-01	3.56e-01	2.01e-02	2.56e-04
 3.31412e+22	2.78e-08	2.41e-04	5.70e-02	3.01e-01	2.92e-01	3.32e-01	1.73e-02	2.05e-04
 3.35312e+22	3.35e-08	2.79e-04	6.33e-02	3.16e-01	2.93e-01	3.13e-01	1.53e-02	1.70e-04
 3.39259e+22	4.19e-08	3.37e-04	7.21e-02	3.34e-01	2.92e-01	2.89e-01	1.30e-02	1.34e-04
 3.43248e+22	5.07e-08	3.90e-04	7.98e-02	3.48e-01	2.90e-01	2.70e-01	1.14e-02	1.10e-04
 3.47289e+22	6.49e-08	4.71e-04	9.06e-02	3.65e-01	2.87e-01	2.47e-01	9.60e-03	8.51e-05
 3.51383e+22	7.89e-08	5.46e-04	9.99e-02	3.78e-01	2.84e-01	2.29e-01	8.33e-03	6.91e-05
 3.55546e+22	1.02e-07	6.60e-04	1.13e-01	3.95e-01	2.78e-01	2.07e-01	6.89e-03	5.25e-05
 3.59633e+22	1.22e-07	7.58e-04	1.23e-01	4.06e-01	2.72e-01	1.91e-01	5.97e-03	4.27e-05
 3.63620e+22	1.56e-07	9.05e-04	1.38e-01	4.20e-01	2.65e-01	1.72e-01	4.93e-03	3.25e-05
 3.67458e+22	1.84e-07	1.02e-03	1.48e-01	4.29e-01	2.59e-01	1.59e-01	4.30e-03	2.68e-05
 3.71100e+22	2.29e-07	1.20e-03	1.63e-01	4.39e-01	2.50e-01	1.43e-01	3.57e-03	2.06e-05
 3.74742e+22	2.71e-07	1.35e-03	1.75e-01	4.46e-01	2.43e-01	1.32e-01	3.10e-03	1.68e-05
 3.78383e+22	3.35e-07	1.57e-03	1.91e-01	4.53e-01	2.33e-01	1.18e-01	2.58e-03	1.30e-05
 3.82153e+22	4.03e-07	1.80e-03	2.05e-01	4.59e-01	2.25e-01	1.07e-01	2.18e-03	1.03e-05
 3.85532e+22	4.79e-07	2.03e-03	2.19e-01	4.63e-01	2.16e-01	9.75e-02	1.86e-03	8.28e-06
 3.89365e+22	5.98e-07	2.36e-03	2.38e-01	4.67e-01	2.05e-01	8.60e-02	1.51e-03	6.21e-06
 3.93259e+22	7.17e-07	2.68e-03	2.54e-01	4.69e-01	1.96e-01	7.72e-02	1.27e-03	4.87e-06
 3.96713e+22	8.53e-07	3.02e-03	2.70e-01	4.70e-01	1.86e-01	6.95e-02	1.07e-03	3.85e-06
 4.00059e+22	1.01e-06	3.38e-03	2.86e-01	4.69e-01	1.78e-01	6.28e-02	9.04e-04	3.06e-06
 4.03146e+22	1.17e-06	3.75e-03	3.01e-01	4.68e-01	1.70e-01	5.70e-02	7.74e-04	2.48e-06
 4.06081e+22	1.35e-06	4.13e-03	3.15e-01	4.67e-01	1.62e-01	5.19e-02	6.66e-04	2.02e-06
 4.09456e+22	1.62e-06	4.67e-03	3.33e-01	4.63e-01	1.52e-01	4.59e-02	5.47e-04	1.55e-06
 4.12879e+22	1.89e-06	5.17e-03	3.49e-01	4.60e-01	1.44e-01	4.13e-02	4.62e-04	1.23e-06
 4.15869e+22	2.18e-06	5.70e-03	3.64e-01	4.55e-01	1.37e-01	3.73e-02	3.93e-04	9.89e-07
 4.19259e+22	2.61e-06	6.42e-03	3.83e-01	4.49e-01	1.28e-01	3.27e-02	3.20e-04	7.50e-07
 4.22714e+22	3.03e-06	7.10e-03	4.00e-01	4.43e-01	1.21e-01	2.93e-02	2.69e-04	5.92e-07
 4.25772e+22	3.49e-06	7.80e-03	4.15e-01	4.37e-01	1.14e-01	2.63e-02	2.27e-04	4.71e-07
 4.29264e+22	4.18e-06	8.78e-03	4.35e-01	4.28e-01	1.05e-01	2.28e-02	1.82e-04	3.51e-07
 4.32806e+22	4.86e-06	9.68e-03	4.51e-01	4.20e-01	9.83e-02	2.03e-02	1.51e-04	2.74e-07
 4.35931e+22	5.60e-06	1.06e-02	4.67e-01	4.12e-01	9.21e-02	1.80e-02	1.26e-04	2.15e-07
 4.39514e+22	6.71e-06	1.19e-02	4.87e-01	4.01e-01	8.45e-02	1.55e-02	1.00e-04	1.58e-07
 4.43154e+22	7.79e-06	1.31e-02	5.04e-01	3.91e-01	7.85e-02	1.37e-02	8.24e-05	0.00e+00
 4.46867e+22	9.32e-06	1.47e-02	5.23e-01	3.79e-01	7.17e-02	1.17e-02	6.48e-05	0.00e+00
 4.50654e+22	1.09e-05	1.63e-02	5.40e-01	3.67e-01	6.60e-02	1.02e-02	5.23e-05	0.00e+00
 4.53957e+22	1.26e-05	1.78e-02	5.55e-01	3.57e-01	6.11e-02	8.96e-03	4.29e-05	0.00e+00
 4.57670e+22	1.50e-05	2.00e-02	5.74e-01	3.43e-01	5.53e-02	7.60e-03	3.34e-05	0.00e+00
 4.60446e+22	1.60e-05	2.07e-02	5.80e-01	3.38e-01	5.34e-02	7.17e-03	3.05e-05	0.00e+00
 4.62006e+22	1.73e-05	2.18e-02	5.89e-01	3.32e-01	5.10e-02	6.65e-03	2.72e-05	0.00e+00
 4.64033e+22	1.90e-05	2.32e-02	5.98e-01	3.24e-01	4.82e-02	6.08e-03	2.37e-05	0.00e+00
 4.66668e+22	2.15e-05	2.50e-02	6.10e-01	3.15e-01	4.49e-02	5.41e-03	1.98e-05	0.00e+00
 4.70094e+22	2.54e-05	2.78e-02	6.26e-01	3.01e-01	4.05e-02	4.58e-03	1.54e-05	0.00e+00
 4.73800e+22	2.94e-05	3.04e-02	6.40e-01	2.89e-01	3.70e-02	3.96e-03	1.23e-05	0.00e+00
 4.77871e+22	3.55e-05	3.42e-02	6.56e-01	2.73e-01	3.27e-02	3.27e-03	9.20e-06	0.00e+00
 4.82053e+22	4.16e-05	3.77e-02	6.70e-01	2.60e-01	2.95e-02	2.78e-03	7.18e-06	0.00e+00
 4.85264e+22	4.66e-05	4.04e-02	6.79e-01	2.51e-01	2.74e-02	2.47e-03	5.99e-06	0.00e+00
 4.88324e+22	5.36e-05	4.40e-02	6.89e-01	2.40e-01	2.49e-02	2.13e-03	4.80e-06	0.00e+00
 4.91456e+22	6.00e-05	4.71e-02	6.97e-01	2.31e-01	2.30e-02	1.88e-03	3.98e-06	0.00e+00
 4.94684e+22	6.94e-05	5.15e-02	7.07e-01	2.19e-01	2.08e-02	1.61e-03	3.14e-06	0.00e+00
 4.97941e+22	7.80e-05	5.53e-02	7.14e-01	2.10e-01	1.91e-02	1.41e-03	2.58e-06	0.00e+00
 5.01237e+22	9.03e-05	6.04e-02	7.22e-01	1.99e-01	1.72e-02	1.20e-03	2.01e-06	0.00e+00
 5.04567e+22	1.02e-04	6.49e-02	7.28e-01	1.90e-01	1.58e-02	1.05e-03	1.64e-06	0.00e+00
 5.07941e+22	1.18e-04	7.10e-02	7.35e-01	1.79e-01	1.41e-02	8.85e-04	1.27e-06	0.00e+00
 5.11361e+22	1.33e-04	7.62e-02	7.40e-01	1.70e-01	1.29e-02	7.69e-04	1.03e-06	0.00e+00
 5.14841e+22	1.55e-04	8.35e-02	7.45e-01	1.59e-01	1.14e-02	6.44e-04	7.85e-07	0.00e+00
 5.18381e+22	1.75e-04	8.98e-02	7.48e-01	1.51e-01	1.04e-02	5.55e-04	6.28e-07	0.00e+00
 5.21999e+22	2.05e-04	9.85e-02	7.51e-01	1.41e-01	9.16e-03	4.59e-04	4.72e-07	0.00e+00
 5.25683e+22	2.32e-04	1.06e-01	7.53e-01	1.32e-01	8.26e-03	3.93e-04	3.73e-07	0.00e+00
 5.29454e+22	2.73e-04	1.17e-01	7.53e-01	1.22e-01	7.23e-03	3.22e-04	2.76e-07	0.00e+00
 5.33312e+22	3.10e-04	1.26e-01	7.53e-01	1.14e-01	6.47e-03	2.72e-04	2.15e-07	0.00e+00
 5.37285e+22	3.65e-04	1.38e-01	7.51e-01	1.05e-01	5.63e-03	2.20e-04	1.57e-07	0.00e+00
 5.41348e+22	4.19e-04	1.49e-01	7.48e-01	9.74e-02	4.98e-03	1.84e-04	0.00e+00	0.00e+00
 5.45527e+22	4.95e-04	1.64e-01	7.42e-01	8.84e-02	4.28e-03	1.46e-04	0.00e+00	0.00e+00
 5.49757e+22	5.68e-04	1.78e-01	7.37e-01	8.15e-02	3.77e-03	1.21e-04	0.00e+00	0.00e+00
 5.54054e+22	6.79e-04	1.96e-01	7.27e-01	7.30e-02	3.20e-03	9.42e-05	0.00e+00	0.00e+00
 5.58352e+22	7.72e-04	2.11e-01	7.19e-01	6.71e-02	2.82e-03	7.80e-05	0.00e+00	0.00e+00
 5.62649e+22	9.13e-04	2.31e-01	7.06e-01	5.99e-02	2.39e-03	6.08e-05	0.00e+00	0.00e+00
 5.67085e+22	1.05e-03	2.49e-01	6.94e-01	5.43e-02	2.08e-03	4.92e-05	0.00e+00	0.00e+00
 5.71700e+22	1.25e-03	2.74e-01	6.75e-01	4.75e-02	1.73e-03	3.72e-05	0.00e+00	0.00e+00
 5.76390e+22	1.44e-03	2.95e-01	6.60e-01	4.27e-02	1.49e-03	2.98e-05	0.00e+00	0.00e+00
 5.81175e+22	1.73e-03	3.24e-01	6.36e-01	3.67e-02	1.22e-03	2.20e-05	0.00e+00	0.00e+00
 5.86080e+22	1.99e-03	3.48e-01	6.17e-01	3.25e-02	1.04e-03	1.73e-05	0.00e+00	0.00e+00
 5.91140e+22	2.41e-03	3.83e-01	5.87e-01	2.73e-02	8.35e-04	1.23e-05	0.00e+00	0.00e+00
 5.96340e+22	2.79e-03	4.10e-01	5.62e-01	2.37e-02	7.00e-04	9.41e-06	0.00e+00	0.00e+00
 6.01723e+22	3.39e-03	4.51e-01	5.26e-01	1.93e-02	5.47e-04	6.45e-06	0.00e+00	0.00e+00
 6.07306e+22	3.98e-03	4.83e-01	4.96e-01	1.63e-02	4.46e-04	4.71e-06	0.00e+00	0.00e+00
 6.13148e+22	4.89e-03	5.30e-01	4.52e-01	1.27e-02	3.36e-04	3.04e-06	0.00e+00	0.00e+00
 6.19243e+22	5.81e-03	5.68e-01	4.16e-01	1.03e-02	2.64e-04	2.09e-06	0.00e+00	0.00e+00
 6.25479e+22	7.19e-03	6.17e-01	3.68e-01	7.64e-03	1.91e-04	1.27e-06	0.00e+00	0.00e+00
 6.30866e+22	8.13e-03	6.44e-01	3.42e-01	6.44e-03	1.59e-04	9.54e-07	0.00e+00	0.00e+00
 6.35338e+22	9.47e-03	6.79e-01	3.06e-01	5.07e-03	1.23e-04	6.42e-07	0.00e+00	0.00e+00
 6.40069e+22	1.09e-02	7.10e-01	2.75e-01	4.03e-03	9.67e-05	4.42e-07	0.00e+00	0.00e+00
 6.45137e+22	1.30e-02	7.48e-01	2.36e-01	2.94e-03	6.97e-05	2.67e-07	0.00e+00	0.00e+00
 6.50302e+22	1.52e-02	7.78e-01	2.04e-01	2.23e-03	5.23e-05	1.72e-07	0.00e+00	0.00e+00
 6.55592e+22	1.83e-02	8.13e-01	1.67e-01	1.53e-03	3.53e-05	0.00e+00	0.00e+00	0.00e+00
 6.60470e+22	2.11e-02	8.35e-01	1.43e-01	1.14e-03	2.62e-05	0.00e+00	0.00e+00	0.00e+00
 6.64078e+22	2.38e-02	8.52e-01	1.23e-01	8.77e-04	1.99e-05	0.00e+00	0.00e+00	0.00e+00
 6.68033e+22	2.76e-02	8.71e-01	1.01e-01	6.20e-04	1.37e-05	0.00e+00	0.00e+00	0.00e+00
 6.72305e+22	3.24e-02	8.87e-01	8.04e-02	4.29e-04	9.22e-06	0.00e+00	0.00e+00	0.00e+00
 6.76236e+22	3.77e-02	8.98e-01	6.37e-02	2.97e-04	6.12e-06	0.00e+00	0.00e+00	0.00e+00
 6.79930e+22	4.40e-02	9.06e-01	4.97e-02	2.05e-04	3.96e-06	0.00e+00	0.00e+00	0.00e+00
 6.83397e+22	5.15e-02	9.10e-01	3.82e-02	1.41e-04	2.52e-06	0.00e+00	0.00e+00	0.00e+00
 6.86587e+22	6.02e-02	9.11e-01	2.91e-02	9.79e-05	1.58e-06	0.00e+00	0.00e+00	0.00e+00
 6.89496e+22	7.06e-02	9.07e-01	2.20e-02	6.91e-05	9.79e-07	0.00e+00	0.00e+00	0.00e+00
 6.92142e+22	8.27e-02	9.01e-01	1.66e-02	4.98e-05	6.08e-07	0.00e+00	0.00e+00	0.00e+00
 6.94550e+22	9.70e-02	8.90e-01	1.26e-02	3.66e-05	3.78e-07	0.00e+00	0.00e+00	0.00e+00
 6.96745e+22	1.14e-01	8.77e-01	9.48e-03	2.76e-05	2.37e-07	0.00e+00	0.00e+00	0.00e+00
 6.98116e+22	1.25e-01	8.67e-01	8.03e-03	2.35e-05	1.81e-07	0.00e+00	0.00e+00	0.00e+00
 6.98615e+22	1.30e-01	8.62e-01	7.53e-03	2.21e-05	1.63e-07	0.00e+00	0.00e+00	0.00e+00
 6.99010e+22	1.35e-01	8.58e-01	7.11e-03	2.10e-05	1.48e-07	0.00e+00	0.00e+00	0.00e+00
 6.99521e+22	1.41e-01	8.53e-01	6.59e-03	1.96e-05	1.31e-07	0.00e+00	0.00e+00	0.00e+00
 7.00134e+22	1.48e-01	8.46e-01	6.01e-03	1.81e-05	0.00e+00	0.00e+00	0.00e+00	0.00e+00
 7.00754e+22	1.57e-01	8.38e-01	5.48e-03	1.67e-05	0.00e+00	0.00e+00	0.00e+00	0.00e+00
 7.01325e+22	1.64e-01	8.31e-01	5.04e-03	1.55e-05	0.00e+00	0.00e+00	0.00e+00	0.00e+00
 7.01904e+22	1.73e-01	8.22e-01	4.59e-03	1.44e-05	0.00e+00	0.00e+00	0.00e+00	0.00e+00
 7.02499e+22	1.83e-01	8.13e-01	4.20e-03	1.34e-05	0.00e+00	0.00e+00	0.00e+00	0.00e+00
 7.03107e+22	1.93e-01	8.03e-01	3.80e-03	1.24e-05	0.00e+00	0.00e+00	0.00e+00	0.00e+00
 7.03733e+22	2.05e-01	7.92e-01	3.43e-03	1.14e-05	0.00e+00	0.00e+00	0.00e+00	0.00e+00
 7.04337e+22	2.17e-01	7.80e-01	3.11e-03	1.06e-05	0.00e+00	0.00e+00	0.00e+00	0.00e+00
 7.04945e+22	2.29e-01	7.68e-01	2.81e-03	9.83e-06	0.00e+00	0.00e+00	0.00e+00	0.00e+00
 7.05587e+22	2.43e-01	7.54e-01	2.52e-03	9.07e-06	0.00e+00	0.00e+00	0.00e+00	0.00e+00
 7.06253e+22	2.59e-01	7.39e-01	2.25e-03	8.37e-06	0.00e+00	0.00e+00	0.00e+00	0.00e+00
 7.06943e+22	2.76e-01	7.22e-01	1.99e-03	7.69e-06	0.00e+00	0.00e+00	0.00e+00	0.00e+00
 7.07645e+22	2.93e-01	7.05e-01	1.77e-03	7.07e-06	0.00e+00	0.00e+00	0.00e+00	0.00e+00
 7.08368e+22	3.13e-01	6.85e-01	1.55e-03	6.49e-06	0.00e+00	0.00e+00	0.00e+00	0.00e+00
 7.09122e+22	3.34e-01	6.64e-01	1.35e-03	5.93e-06	0.00e+00	0.00e+00	0.00e+00	0.00e+00
 7.09716e+22	3.50e-01	6.49e-01	1.23e-03	5.56e-06	0.00e+00	0.00e+00	0.00e+00	0.00e+00
 7.10103e+22	3.61e-01	6.38e-01	1.15e-03	5.33e-06	0.00e+00	0.00e+00	0.00e+00	0.00e+00
 7.10473e+22	3.71e-01	6.27e-01	1.07e-03	5.11e-06	0.00e+00	0.00e+00	0.00e+00	0.00e+00
 7.10906e+22	3.84e-01	6.15e-01	9.91e-04	4.86e-06	0.00e+00	0.00e+00	0.00e+00	0.00e+00
 7.11381e+22	3.99e-01	6.00e-01	9.08e-04	4.61e-06	0.00e+00	0.00e+00	0.00e+00	0.00e+00
 7.11841e+22	4.12e-01	5.87e-01	8.38e-04	4.39e-06	0.00e+00	0.00e+00	0.00e+00	0.00e+00
 7.12294e+22	4.26e-01	5.73e-01	7.72e-04	4.18e-06	0.00e+00	0.00e+00	0.00e+00	0.00e+00
 7.12761e+22	4.40e-01	5.60e-01	7.09e-04	3.97e-06	0.00e+00	0.00e+00	0.00e+00	0.00e+00
 7.13233e+22	4.54e-01	5.45e-01	6.51e-04	3.78e-06	0.00e+00	0.00e+00	0.00e+00	0.00e+00
 7.13710e+22	4.68e-01	5.31e-01	5.97e-04	3.59e-06	0.00e+00	0.00e+00	0.00e+00	0.00e+00
 7.14187e+22	4.82e-01	5.17e-01	5.48e-04	3.42e-06	0.00e+00	0.00e+00	0.00e+00	0.00e+00
 7.14678e+22	4.97e-01	5.03e-01	5.01e-04	3.25e-06	0.00e+00	0.00e+00	0.00e+00	0.00e+00
 7.15190e+22	5.12e-01	4.88e-01	4.57e-04	3.08e-06	0.00e+00	0.00e+00	0.00e+00	0.00e+00
 7.15701e+22	5.26e-01	4.73e-01	4.17e-04	2.93e-06	0.00e+00	0.00e+00	0.00e+00	0.00e+00
 7.16218e+22	5.41e-01	4.59e-01	3.81e-04	2.78e-06	0.00e+00	0.00e+00	0.00e+00	0.00e+00
 7.16753e+22	5.55e-01	4.44e-01	3.46e-04	2.64e-06	0.00e+00	0.00e+00	0.00e+00	0.00e+00
 7.17307e+22	5.70e-01	4.29e-01	3.14e-04	2.50e-06	0.00e+00	0.00e+00	0.00e+00	0.00e+00
 7.17868e+22	5.85e-01	4.15e-01	2.85e-04	2.37e-06	0.00e+00	0.00e+00	0.00e+00	0.00e+00
 7.18439e+22	5.99e-01	4.00e-01	2.58e-04	2.25e-06	0.00e+00	0.00e+00	0.00e+00	0.00e+00
 7.19030e+22	6.14e-01	3.86e-01	2.33e-04	2.13e-06	0.00e+00	0.00e+00	0.00e+00	0.00e+00
 7.19639e+22	6.29e-01	3.71e-01	2.10e-04	2.02e-06	0.00e+00	0.00e+00	0.00e+00	0.00e+00
 7.20262e+22	6.43e-01	3.56e-01	1.89e-04	1.91e-06	0.00e+00	0.00e+00	0.00e+00	0.00e+00
 7.20897e+22	6.58e-01	3.42e-01	1.71e-04	1.81e-06	0.00e+00	0.00e+00	0.00e+00	0.00e+00
 7.21553e+22	6.72e-01	3.28e-01	1.53e-04	1.71e-06	0.00e+00	0.00e+00	0.00e+00	0.00e+00
 7.22231e+22	6.86e-01	3.14e-01	1.37e-04	1.61e-06	0.00e+00	0.00e+00	0.00e+00	0.00e+00
 7.22927e+22	7.00e-01	3.00e-01	1.23e-04	1.52e-06	0.00e+00	0.00e+00	0.00e+00	0.00e+00
 7.23640e+22	7.14e-01	2.86e-01	1.10e-04	1.43e-06	0.00e+00	0.00e+00	0.00e+00	0.00e+00
 7.24372e+22	7.27e-01	2.73e-01	9.88e-05	1.35e-06	0.00e+00	0.00e+00	0.00e+00	0.00e+00
 7.25129e+22	7.40e-01	2.60e-01	8.83e-05	1.27e-06	0.00e+00	0.00e+00	0.00e+00	0.00e+00
 7.25909e+22	7.53e-01	2.47e-01	7.90e-05	1.20e-06	0.00e+00	0.00e+00	0.00e+00	0.00e+00
 7.26706e+22	7.65e-01	2.34e-01	7.08e-05	1.13e-06	0.00e+00	0.00e+00	0.00e+00	0.00e+00
 7.27505e+22	7.78e-01	2.22e-01	6.36e-05	1.06e-06	0.00e+00	0.00e+00	0.00e+00	0.00e+00
 7.28319e+22	7.89e-01	2.11e-01	5.72e-05	1.00e-06	0.00e+00	0.00e+00	0.00e+00	0.00e+00
 7.29166e+22	8.01e-01	1.99e-01	5.14e-05	9.41e-07	0.00e+00	0.00e+00	0.00e+00	0.00e+00
 7.30011e+22	8.11e-01	1.89e-01	4.65e-05	8.88e-07	0.00e+00	0.00e+00	0.00e+00	0.00e+00
 7.30847e+22	8.21e-01	1.79e-01	4.22e-05	8.38e-07	0.00e+00	0.00e+00	0.00e+00	0.00e+00
 7.31719e+22	8.31e-01	1.69e-01	3.83e-05	7.90e-07	0.00e+00	0.00e+00	0.00e+00	0.00e+00
 7.32616e+22	8.41e-01	1.59e-01	3.49e-05	7.44e-07	0.00e+00	0.00e+00	0.00e+00	0.00e+00
 7.33513e+22	8.50e-01	1.50e-01	3.19e-05	7.02e-07	0.00e+00	0.00e+00	0.00e+00	0.00e+00
 7.34426e+22	8.58e-01	1.42e-01	2.93e-05	6.62e-07	0.00e+00	0.00e+00	0.00e+00	0.00e+00
 7.35368e+22	8.67e-01	1.33e-01	2.69e-05	6.24e-07	0.00e+00	0.00e+00	0.00e+00	0.00e+00
 7.36328e+22	8.75e-01	1.25e-01	2.48e-05	5.89e-07	0.00e+00	0.00e+00	0.00e+00	0.00e+00
 7.37300e+22	8.83e-01	1.17e-01	2.30e-05	5.55e-07	0.00e+00	0.00e+00	0.00e+00	0.00e+00
 7.38297e+22	8.90e-01	1.10e-01	2.13e-05	5.23e-07	0.00e+00	0.00e+00	0.00e+00	0.00e+00
 7.39321e+22	8.97e-01	1.03e-01	1.99e-05	4.93e-07	0.00e+00	0.00e+00	0.00e+00	0.00e+00
 7.40335e+22	9.04e-01	9.60e-02	1.86e-05	4.66e-07	0.00e+00	0.00e+00	0.00e+00	0.00e+00
 7.41304e+22	9.10e-01	9.00e-02	1.75e-05	4.42e-07	0.00e+00	0.00e+00	0.00e+00	0.00e+00
 7.42199e+22	9.15e-01	8.49e-02	1.67e-05	4.22e-07	0.00e+00	0.00e+00	0.00e+00	0.00e+00
 7.43028e+22	9.20e-01	8.02e-02	1.59e-05	4.05e-07	0.00e+00	0.00e+00	0.00e+00	0.00e+00
 7.43794e+22	9.24e-01	7.63e-02	1.53e-05	3.90e-07	0.00e+00	0.00e+00	0.00e+00	0.00e+00
 7.44531e+22	9.27e-01	7.25e-02	1.48e-05	3.76e-07	0.00e+00	0.00e+00	0.00e+00	0.00e+00
 7.45271e+22	9.31e-01	6.90e-02	1.43e-05	3.63e-07	0.00e+00	0.00e+00	0.00e+00	0.00e+00
 7.45999e+22	9.34e-01	6.55e-02	1.38e-05	3.50e-07	0.00e+00	0.00e+00	0.00e+00	0.00e+00
 7.46679e+22	9.37e-01	6.26e-02	1.34e-05	3.39e-07	0.00e+00	0.00e+00	0.00e+00	0.00e+00
 7.47312e+22	9.40e-01	6.00e-02	1.31e-05	3.30e-07	0.00e+00	0.00e+00	0.00e+00	0.00e+00
 7.47950e+22	9.43e-01	5.74e-02	1.27e-05	3.20e-07	0.00e+00	0.00e+00	0.00e+00	0.00e+00
 7.48565e+22	9.45e-01	5.50e-02	1.25e-05	3.12e-07	0.00e+00	0.00e+00	0.00e+00	0.00e+00
 7.49145e+22	9.47e-01	5.30e-02	1.22e-05	3.05e-07	0.00e+00	0.00e+00	0.00e+00	0.00e+00
 7.49722e+22	9.49e-01	5.09e-02	1.19e-05	2.99e-07	0.00e+00	0.00e+00	0.00e+00	0.00e+00
 7.50274e+22	9.51e-01	4.91e-02	1.17e-05	2.93e-07	0.00e+00	0.00e+00	0.00e+00	0.00e+00
 7.50794e+22	9.52e-01	4.75e-02	1.15e-05	2.88e-07	0.00e+00	0.00e+00	0.00e+00	0.00e+00
 7.51302e+22	9.54e-01	4.60e-02	1.13e-05	2.84e-07	0.00e+00	0.00e+00	0.00e+00	0.00e+00
 7.51798e+22	9.55e-01	4.46e-02	1.12e-05	2.80e-07	0.00e+00	0.00e+00	0.00e+00	0.00e+00
 7.52264e+22	9.57e-01	4.34e-02	1.10e-05	2.77e-07	0.00e+00	0.00e+00	0.00e+00	0.00e+00
 7.52688e+22	9.58e-01	4.23e-02	1.09e-05	2.75e-07	0.00e+00	0.00e+00	0.00e+00	0.00e+00
 7.53073e+22	9.59e-01	4.15e-02	1.08e-05	2.73e-07	0.00e+00	0.00e+00	0.00e+00	0.00e+00
 7.53425e+22	9.59e-01	4.07e-02	1.07e-05	2.72e-07	0.00e+00	0.00e+00	0.00e+00	0.00e+00
 7.53744e+22	9.60e-01	4.00e-02	1.06e-05	2.71e-07	0.00e+00	0.00e+00	0.00e+00	0.00e+00
 7.54035e+22	9.61e-01	3.95e-02	1.05e-05	2.71e-07	0.00e+00	0.00e+00	0.00e+00	0.00e+00
 7.54299e+22	9.61e-01	3.90e-02	1.05e-05	2.70e-07	0.00e+00	0.00e+00	0.00e+00	0.00e+00
 7.54589e+22	9.62e-01	3.84e-02	1.04e-05	2.70e-07	0.00e+00	0.00e+00	0.00e+00	0.00e+00
 7.54902e+22	9.62e-01	3.79e-02	1.03e-05	2.70e-07	0.00e+00	0.00e+00	0.00e+00	0.00e+00
 7.55187e+22	9.63e-01	3.74e-02	1.03e-05	2.70e-07	0.00e+00	0.00e+00	0.00e+00	0.00e+00
 7.55446e+22	9.63e-01	3.70e-02	1.02e-05	2.71e-07	0.00e+00	0.00e+00	0.00e+00	0.00e+00
 7.55682e+22	9.63e-01	3.67e-02	1.02e-05	2.71e-07	0.00e+00	0.00e+00	0.00e+00	0.00e+00
 7.55941e+22	9.64e-01	3.63e-02	1.01e-05	2.71e-07	0.00e+00	0.00e+00	0.00e+00	0.00e+00
 7.56277e+22	9.64e-01	3.58e-02	1.00e-05	2.72e-07	0.00e+00	0.00e+00	0.00e+00	0.00e+00
 7.56639e+22	9.65e-01	3.53e-02	9.94e-06	2.72e-07	0.00e+00	0.00e+00	0.00e+00	0.00e+00
 7.56970e+22	9.65e-01	3.49e-02	9.88e-06	2.73e-07	0.00e+00	0.00e+00	0.00e+00	0.00e+00
 7.57270e+22	9.65e-01	3.46e-02	9.82e-06	2.74e-07	0.00e+00	0.00e+00	0.00e+00	0.00e+00
 7.57543e+22	9.66e-01	3.43e-02	9.77e-06	2.75e-07	0.00e+00	0.00e+00	0.00e+00	0.00e+00
 7.57792e+22	9.66e-01	3.41e-02	9.73e-06	2.75e-07	0.00e+00	0.00e+00	0.00e+00	0.00e+00
 7.58065e+22	9.66e-01	3.38e-02	9.67e-06	2.75e-07	0.00e+00	0.00e+00	0.00e+00	0.00e+00
 7.58359e+22	9.66e-01	3.35e-02	9.62e-06	2.76e-07	0.00e+00	0.00e+00	0.00e+00	0.00e+00
 7.58681e+22	9.67e-01	3.32e-02	9.55e-06	2.77e-07	0.00e+00	0.00e+00	0.00e+00	0.00e+00
 7.59030e+22	9.67e-01	3.29e-02	9.49e-06	2.77e-07	0.00e+00	0.00e+00	0.00e+00	0.00e+00
 7.59346e+22	9.67e-01	3.26e-02	9.44e-06	2.78e-07	0.00e+00	0.00e+00	0.00e+00	0.00e+00
 7.59635e+22	9.68e-01	3.24e-02	9.40e-06	2.80e-07	0.00e+00	0.00e+00	0.00e+00	0.00e+00
 7.59897e+22	9.68e-01	3.23e-02	9.36e-06	2.80e-07	0.00e+00	0.00e+00	0.00e+00	0.00e+00
 7.60184e+22	9.68e-01	3.20e-02	9.30e-06	2.80e-07	0.00e+00	0.00e+00	0.00e+00	0.00e+00
 7.60558e+22	9.68e-01	3.17e-02	9.23e-06	2.82e-07	0.00e+00	0.00e+00	0.00e+00	0.00e+00
 7.60962e+22	9.69e-01	3.14e-02	9.17e-06	2.83e-07	0.00e+00	0.00e+00	0.00e+00	0.00e+00
 7.61329e+22	9.69e-01	3.11e-02	9.11e-06	2.84e-07	0.00e+00	0.00e+00	0.00e+00	0.00e+00
 7.61663e+22	9.69e-01	3.09e-02	9.08e-06	2.85e-07	0.00e+00	0.00e+00	0.00e+00	0.00e+00
 7.61967e+22	9.69e-01	3.08e-02	9.06e-06	2.87e-07	0.00e+00	0.00e+00	0.00e+00	0.00e+00
 7.62244e+22	9.69e-01	3.06e-02	9.05e-06	2.89e-07	0.00e+00	0.00e+00	0.00e+00	0.00e+00
 7.62495e+22	9.69e-01	3.05e-02	9.04e-06	2.92e-07	0.00e+00	0.00e+00	0.00e+00	0.00e+00
 7.62724e+22	9.70e-01	3.04e-02	9.02e-06	2.92e-07	0.00e+00	0.00e+00	0.00e+00	0.00e+00
 7.62975e+22	9.70e-01	3.03e-02	9.00e-06	2.93e-07	0.00e+00	0.00e+00	0.00e+00	0.00e+00
 7.63302e+22	9.70e-01	3.01e-02	8.97e-06	2.96e-07	0.00e+00	0.00e+00	0.00e+00	0.00e+00
 7.63654e+22	9.70e-01	2.98e-02	8.95e-06	2.97e-07	0.00e+00	0.00e+00	0.00e+00	0.00e+00
 7.63975e+22	9.70e-01	2.97e-02	8.93e-06	2.99e-07	0.00e+00	0.00e+00	0.00e+00	0.00e+00
 7.64267e+22	9.70e-01	2.95e-02	8.92e-06	3.01e-07	0.00e+00	0.00e+00	0.00e+00	0.00e+00
 7.64532e+22	9.71e-01	2.94e-02	8.90e-06	3.02e-07	0.00e+00	0.00e+00	0.00e+00	0.00e+00
 7.64823e+22	9.71e-01	2.92e-02	8.87e-06	3.03e-07	0.00e+00	0.00e+00	0.00e+00	0.00e+00
 7.65137e+22	9.71e-01	2.91e-02	8.85e-06	3.05e-07	0.00e+00	0.00e+00	0.00e+00	0.00e+00
 7.65423e+22	9.71e-01	2.89e-02	8.84e-06	3.07e-07	0.00e+00	0.00e+00	0.00e+00	0.00e+00
 7.65683e+22	9.71e-01	2.88e-02	8.83e-06	3.10e-07	0.00e+00	0.00e+00	0.00e+00	0.00e+00
 7.65920e+22	9.71e-01	2.87e-02	8.81e-06	3.10e-07	0.00e+00	0.00e+00	0.00e+00	0.00e+00
 7.66179e+22	9.71e-01	2.86e-02	8.80e-06	3.12e-07	0.00e+00	0.00e+00	0.00e+00	0.00e+00
 7.66459e+22	9.72e-01	2.84e-02	8.77e-06	3.12e-07	0.00e+00	0.00e+00	0.00e+00	0.00e+00
 7.66766e+22	9.72e-01	2.83e-02	8.75e-06	3.14e-07	0.00e+00	0.00e+00	0.00e+00	0.00e+00
 7.67097e+22	9.72e-01	2.81e-02	8.72e-06	3.15e-07	0.00e+00	0.00e+00	0.00e+00	0.00e+00
 7.67399e+22	9.72e-01	2.79e-02	8.70e-06	3.14e-07	0.00e+00	0.00e+00	0.00e+00	0.00e+00
 7.67729e+22	9.72e-01	2.77e-02	8.67e-06	3.15e-07	0.00e+00	0.00e+00	0.00e+00	0.00e+00
 7.68086e+22	9.72e-01	2.75e-02	8.64e-06	3.16e-07	0.00e+00	0.00e+00	0.00e+00	0.00e+00
 7.68410e+22	9.73e-01	2.74e-02	8.63e-06	3.18e-07	0.00e+00	0.00e+00	0.00e+00	0.00e+00
 7.68706e+22	9.73e-01	2.72e-02	8.60e-06	3.17e-07	0.00e+00	0.00e+00	0.00e+00	0.00e+00
 7.69029e+22	9.73e-01	2.70e-02	8.57e-06	3.17e-07	0.00e+00	0.00e+00	0.00e+00	0.00e+00
 7.69379e+22	9.73e-01	2.68e-02	8.54e-06	3.18e-07	0.00e+00	0.00e+00	0.00e+00	0.00e+00
 7.69696e+22	9.73e-01	2.67e-02	8.53e-06	3.19e-07	0.00e+00	0.00e+00	0.00e+00	0.00e+00
 7.69986e+22	9.73e-01	2.65e-02	8.50e-06	3.18e-07	0.00e+00	0.00e+00	0.00e+00	0.00e+00
 7.70303e+22	9.74e-01	2.64e-02	8.48e-06	3.20e-07	0.00e+00	0.00e+00	0.00e+00	0.00e+00
 7.70645e+22	9.74e-01	2.62e-02	8.44e-06	3.19e-07	0.00e+00	0.00e+00	0.00e+00	0.00e+00
 7.71020e+22	9.74e-01	2.60e-02	8.41e-06	3.19e-07	0.00e+00	0.00e+00	0.00e+00	0.00e+00
 7.71425e+22	9.74e-01	2.57e-02	8.38e-06	3.19e-07	0.00e+00	0.00e+00	0.00e+00	0.00e+00
 7.71793e+22	9.74e-01	2.56e-02	8.36e-06	3.20e-07	0.00e+00	0.00e+00	0.00e+00	0.00e+00
 7.72129e+22	9.75e-01	2.54e-02	8.33e-06	3.19e-07	0.00e+00	0.00e+00	0.00e+00	0.00e+00
 7.72496e+22	9.75e-01	2.52e-02	8.30e-06	3.19e-07	0.00e+00	0.00e+00	0.00e+00	0.00e+00
 7.72893e+22	9.75e-01	2.50e-02	8.27e-06	3.19e-07	0.00e+00	0.00e+00	0.00e+00	0.00e+00
 7.73254e+22	9.75e-01	2.48e-02	8.24e-06	3.19e-07	0.00e+00	0.00e+00	0.00e+00	0.00e+00
 7.73649e+22	9.75e-01	2.46e-02	8.21e-06	3.19e-07	0.00e+00	0.00e+00	0.00e+00	0.00e+00
 7.74076e+22	9.76e-01	2.44e-02	8.18e-06	3.18e-07	0.00e+00	0.00e+00	0.00e+00	0.00e+00
 7.74465e+22	9.76e-01	2.42e-02	8.16e-06	3.19e-07	0.00e+00	0.00e+00	0.00e+00	0.00e+00
 7.74818e+22	9.76e-01	2.40e-02	8.12e-06	3.18e-07	0.00e+00	0.00e+00	0.00e+00	0.00e+00
 7.75206e+22	9.76e-01	2.38e-02	8.09e-06	3.18e-07	0.00e+00	0.00e+00	0.00e+00	0.00e+00
 7.75624e+22	9.76e-01	2.36e-02	8.06e-06	3.17e-07	0.00e+00	0.00e+00	0.00e+00	0.00e+00
 7.76005e+22	9.77e-01	2.34e-02	8.03e-06	3.16e-07	0.00e+00	0.00e+00	0.00e+00	0.00e+00
 7.76422e+22	9.77e-01	2.32e-02	8.00e-06	3.16e-07	0.00e+00	0.00e+00	0.00e+00	0.00e+00
 7.76872e+22	9.77e-01	2.30e-02	7.96e-06	3.15e-07	0.00e+00	0.00e+00	0.00e+00	0.00e+00
 7.77282e+22	9.77e-01	2.28e-02	7.94e-06	3.15e-07	0.00e+00	0.00e+00	0.00e+00	0.00e+00
 7.77655e+22	9.77e-01	2.26e-02	7.91e-06	3.14e-07	0.00e+00	0.00e+00	0.00e+00	0.00e+00
 7.78063e+22	9.78e-01	2.24e-02	7.87e-06	3.13e-07	0.00e+00	0.00e+00	0.00e+00	0.00e+00
 7.78505e+22	9.78e-01	2.22e-02	7.84e-06	3.12e-07	0.00e+00	0.00e+00	0.00e+00	0.00e+00
 7.78906e+22	9.78e-01	2.20e-02	7.81e-06	3.11e-07	0.00e+00	0.00e+00	0.00e+00	0.00e+00
 7.79346e+22	9.78e-01	2.18e-02	7.77e-06	3.10e-07	0.00e+00	0.00e+00	0.00e+00	0.00e+00
 7.79821e+22	9.78e-01	2.16e-02	7.74e-06	3.09e-07	0.00e+00	0.00e+00	0.00e+00	0.00e+00
 7.80253e+22	9.79e-01	2.14e-02	7.70e-06	3.07e-07	0.00e+00	0.00e+00	0.00e+00	0.00e+00
 7.80726e+22	9.79e-01	2.12e-02	7.66e-06	3.06e-07	0.00e+00	0.00e+00	0.00e+00	0.00e+00
 7.81238e+22	9.79e-01	2.09e-02	7.63e-06	3.04e-07	0.00e+00	0.00e+00	0.00e+00	0.00e+00
 7.81703e+22	9.79e-01	2.07e-02	7.59e-06	3.03e-07	0.00e+00	0.00e+00	0.00e+00	0.00e+00
 7.82213e+22	9.80e-01	2.05e-02	7.55e-06	3.01e-07	0.00e+00	0.00e+00	0.00e+00	0.00e+00
 7.82763e+22	9.80e-01	2.02e-02	7.50e-06	2.98e-07	0.00e+00	0.00e+00	0.00e+00	0.00e+00
 7.83264e+22	9.80e-01	2.00e-02	7.47e-06	2.97e-07	0.00e+00	0.00e+00	0.00e+00	0.00e+00
 7.83720e+22	9.80e-01	1.98e-02	7.44e-06	2.96e-07	0.00e+00	0.00e+00	0.00e+00	0.00e+00
 7.84219e+22	9.80e-01	1.96e-02	7.39e-06	2.94e-07	0.00e+00	0.00e+00	0.00e+00	0.00e+00
 7.84758e+22	9.81e-01	1.94e-02	7.36e-06	2.92e-07	0.00e+00	0.00e+00	0.00e+00	0.00e+00
 7.85249e+22	9.81e-01	1.92e-02	7.32e-06	2.90e-07	0.00e+00	0.00e+00	0.00e+00	0.00e+00
 7.85787e+22	9.81e-01	1.89e-02	7.27e-06	2.87e-07	0.00e+00	0.00e+00	0.00e+00	0.00e+00
 7.86367e+22	9.81e-01	1.87e-02	7.23e-06	2.85e-07	0.00e+00	0.00e+00	0.00e+00	0.00e+00
 7.86895e+22	9.82e-01	1.85e-02	7.19e-06	2.83e-07	0.00e+00	0.00e+00	0.00e+00	0.00e+00
 7.87474e+22	9.82e-01	1.82e-02	7.14e-06	2.80e-07	0.00e+00	0.00e+00	0.00e+00	0.00e+00
 7.88099e+22	9.82e-01	1.79e-02	7.10e-06	2.78e-07	0.00e+00	0.00e+00	0.00e+00	0.00e+00
 7.88667e+22	9.82e-01	1.77e-02	7.05e-06	2.75e-07	0.00e+00	0.00e+00	0.00e+00	0.00e+00
 7.89291e+22	9.83e-01	1.75e-02	7.00e-06	2.72e-07	0.00e+00	0.00e+00	0.00e+00	0.00e+00
 7.89963e+22	9.83e-01	1.72e-02	6.95e-06	2.68e-07	0.00e+00	0.00e+00	0.00e+00	0.00e+00
 7.90575e+22	9.83e-01	1.70e-02	6.91e-06	2.66e-07	0.00e+00	0.00e+00	0.00e+00	0.00e+00
 7.91132e+22	9.83e-01	1.68e-02	6.87e-06	2.64e-07	0.00e+00	0.00e+00	0.00e+00	0.00e+00
 7.91743e+22	9.83e-01	1.65e-02	6.82e-06	2.61e-07	0.00e+00	0.00e+00	0.00e+00	0.00e+00
 7.92402e+22	9.84e-01	1.63e-02	6.77e-06	2.58e-07	0.00e+00	0.00e+00	0.00e+00	0.00e+00
 7.93001e+22	9.84e-01	1.61e-02	6.73e-06	2.55e-07	0.00e+00	0.00e+00	0.00e+00	0.00e+00
 7.93659e+22	9.84e-01	1.58e-02	6.67e-06	2.51e-07	0.00e+00	0.00e+00	0.00e+00	0.00e+00
 7.94368e+22	9.84e-01	1.56e-02	6.63e-06	2.48e-07	0.00e+00	0.00e+00	0.00e+00	0.00e+00
 7.95013e+22	9.85e-01	1.54e-02	6.58e-06	2.45e-07	0.00e+00	0.00e+00	0.00e+00	0.00e+00
 7.95721e+22	9.85e-01	1.51e-02	6.52e-06	2.41e-07	0.00e+00	0.00e+00	0.00e+00	0.00e+00
 7.96485e+22	9.85e-01	1.48e-02	6.47e-06	2.38e-07	0.00e+00	0.00e+00	0.00e+00	0.00e+00
 7.97180e+22	9.85e-01	1.46e-02	6.42e-06	2.35e-07	0.00e+00	0.00e+00	0.00e+00	0.00e+00
 7.97812e+22	9.86e-01	1.45e-02	6.38e-06	2.32e-07	0.00e+00	0.00e+00	0.00e+00	0.00e+00
 7.98505e+22	9.86e-01	1.42e-02	6.32e-06	2.28e-07	0.00e+00	0.00e+00	0.00e+00	0.00e+00
 7.99253e+22	9.86e-01	1.40e-02	6.27e-06	2.25e-07	0.00e+00	0.00e+00	0.00e+00	0.00e+00
 7.99934e+22	9.86e-01	1.38e-02	6.23e-06	2.22e-07	0.00e+00	0.00e+00	0.00e+00	0.00e+00
 8.00680e+22	9.86e-01	1.35e-02	6.16e-06	2.18e-07	0.00e+00	0.00e+00	0.00e+00	0.00e+00
 8.01485e+22	9.87e-01	1.33e-02	6.11e-06	2.14e-07	0.00e+00	0.00e+00	0.00e+00	0.00e+00
 8.02218e+22	9.87e-01	1.31e-02	6.06e-06	2.11e-07	0.00e+00	0.00e+00	0.00e+00	0.00e+00
 8.03021e+22	9.87e-01	1.28e-02	6.00e-06	2.06e-07	0.00e+00	0.00e+00	0.00e+00	0.00e+00
 8.03888e+22	9.87e-01	1.26e-02	5.94e-06	2.03e-07	0.00e+00	0.00e+00	0.00e+00	0.00e+00
 8.04677e+22	9.88e-01	1.24e-02	5.89e-06	1.99e-07	0.00e+00	0.00e+00	0.00e+00	0.00e+00
 8.05542e+22	9.88e-01	1.21e-02	5.82e-06	1.95e-07	0.00e+00	0.00e+00	0.00e+00	0.00e+00
 8.06475e+22	9.88e-01	1.19e-02	5.76e-06	1.91e-07	0.00e+00	0.00e+00	0.00e+00	0.00e+00
 8.07325e+22	9.88e-01	1.17e-02	5.71e-06	1.87e-07	0.00e+00	0.00e+00	0.00e+00	0.00e+00
 8.08098e+22	9.88e-01	1.15e-02	5.66e-06	1.84e-07	0.00e+00	0.00e+00	0.00e+00	0.00e+00
 8.08945e+22	9.89e-01	1.13e-02	5.60e-06	1.80e-07	0.00e+00	0.00e+00	0.00e+00	0.00e+00
 8.10046e+22	9.89e-01	1.09e-02	5.52e-06	1.74e-07	0.00e+00	0.00e+00	0.00e+00	0.00e+00
 8.11290e+22	9.89e-01	1.06e-02	5.44e-06	1.69e-07	0.00e+00	0.00e+00	0.00e+00	0.00e+00
 8.12528e+22	9.90e-01	1.03e-02	5.36e-06	1.64e-07	0.00e+00	0.00e+00	0.00e+00	0.00e+00
 8.13779e+22	9.90e-01	1.01e-02	5.28e-06	1.59e-07	0.00e+00	0.00e+00	0.00e+00	0.00e+00
 8.15062e+22	9.90e-01	9.78e-03	5.20e-06	1.54e-07	0.00e+00	0.00e+00	0.00e+00	0.00e+00
 8.16363e+22	9.90e-01	9.51e-03	5.12e-06	1.50e-07	0.00e+00	0.00e+00	0.00e+00	0.00e+00
 8.17678e+22	9.91e-01	9.25e-03	5.04e-06	1.45e-07	0.00e+00	0.00e+00	0.00e+00	0.00e+00
 8.19010e+22	9.91e-01	8.99e-03	4.96e-06	1.40e-07	0.00e+00	0.00e+00	0.00e+00	0.00e+00
 8.20358e+22	9.91e-01	8.74e-03	4.88e-06	1.36e-07	0.00e+00	0.00e+00	0.00e+00	0.00e+00
 8.21722e+22	9.92e-01	8.49e-03	4.80e-06	1.31e-07	0.00e+00	0.00e+00	0.00e+00	0.00e+00
 8.23102e+22	9.92e-01	8.25e-03	4.73e-06	1.27e-07	0.00e+00	0.00e+00	0.00e+00	0.00e+00
 8.24496e+22	9.92e-01	8.01e-03	4.65e-06	0.00e+00	0.00e+00	0.00e+00	0.00e+00	0.00e+00
 8.25906e+22	9.92e-01	7.78e-03	4.57e-06	0.00e+00	0.00e+00	0.00e+00	0.00e+00	0.00e+00
 8.27331e+22	9.92e-01	7.56e-03	4.49e-06	0.00e+00	0.00e+00	0.00e+00	0.00e+00	0.00e+00
 8.28768e+22	9.93e-01	7.34e-03	4.41e-06	0.00e+00	0.00e+00	0.00e+00	0.00e+00	0.00e+00
 8.30218e+22	9.93e-01	7.13e-03	4.34e-06	0.00e+00	0.00e+00	0.00e+00	0.00e+00	0.00e+00
 8.31680e+22	9.93e-01	6.92e-03	4.26e-06	0.00e+00	0.00e+00	0.00e+00	0.00e+00	0.00e+00
 8.33156e+22	9.93e-01	6.72e-03	4.19e-06	0.00e+00	0.00e+00	0.00e+00	0.00e+00	0.00e+00
 8.34648e+22	9.93e-01	6.52e-03	4.11e-06	0.00e+00	0.00e+00	0.00e+00	0.00e+00	0.00e+00
 8.36152e+22	9.94e-01	6.33e-03	4.04e-06	0.00e+00	0.00e+00	0.00e+00	0.00e+00	0.00e+00
 8.37669e+22	9.94e-01	6.14e-03	3.96e-06	0.00e+00	0.00e+00	0.00e+00	0.00e+00	0.00e+00
 8.39200e+22	9.94e-01	5.96e-03	3.89e-06	0.00e+00	0.00e+00	0.00e+00	0.00e+00	0.00e+00
 8.40743e+22	9.94e-01	5.78e-03	3.82e-06	0.00e+00	0.00e+00	0.00e+00	0.00e+00	0.00e+00
 8.42313e+22	9.94e-01	5.60e-03	3.74e-06	0.00e+00	0.00e+00	0.00e+00	0.00e+00	0.00e+00
 8.43920e+22	9.95e-01	5.43e-03	3.67e-06	0.00e+00	0.00e+00	0.00e+00	0.00e+00	0.00e+00
 8.45555e+22	9.95e-01	5.26e-03	3.60e-06	0.00e+00	0.00e+00	0.00e+00	0.00e+00	0.00e+00
 8.47207e+22	9.95e-01	5.10e-03	3.52e-06	0.00e+00	0.00e+00	0.00e+00	0.00e+00	0.00e+00
 8.48877e+22	9.95e-01	4.94e-03	3.45e-06	0.00e+00	0.00e+00	0.00e+00	0.00e+00	0.00e+00
 8.50565e+22	9.95e-01	4.79e-03	3.38e-06	0.00e+00	0.00e+00	0.00e+00	0.00e+00	0.00e+00
 8.52273e+22	9.95e-01	4.64e-03	3.31e-06	0.00e+00	0.00e+00	0.00e+00	0.00e+00	0.00e+00
 8.54001e+22	9.96e-01	4.49e-03	3.23e-06	0.00e+00	0.00e+00	0.00e+00	0.00e+00	0.00e+00
 8.55757e+22	9.96e-01	4.34e-03	3.16e-06	0.00e+00	0.00e+00	0.00e+00	0.00e+00	0.00e+00
 8.57542e+22	9.96e-01	4.20e-03	3.09e-06	0.00e+00	0.00e+00	0.00e+00	0.00e+00	0.00e+00
 8.59367e+22	9.96e-01	4.06e-03	3.02e-06	0.00e+00	0.00e+00	0.00e+00	0.00e+00	0.00e+00
 8.61241e+22	9.96e-01	3.93e-03	2.95e-06	0.00e+00	0.00e+00	0.00e+00	0.00e+00	0.00e+00
 8.63151e+22	9.96e-01	3.79e-03	2.87e-06	0.00e+00	0.00e+00	0.00e+00	0.00e+00	0.00e+00
 8.65093e+22	9.96e-01	3.66e-03	2.80e-06	0.00e+00	0.00e+00	0.00e+00	0.00e+00	0.00e+00
 8.67068e+22	9.96e-01	3.54e-03	2.73e-06	0.00e+00	0.00e+00	0.00e+00	0.00e+00	0.00e+00
 8.69078e+22	9.97e-01	3.41e-03	2.66e-06	0.00e+00	0.00e+00	0.00e+00	0.00e+00	0.00e+00
 8.71125e+22	9.97e-01	3.29e-03	2.58e-06	0.00e+00	0.00e+00	0.00e+00	0.00e+00	0.00e+00
 8.73213e+22	9.97e-01	3.17e-03	2.51e-06	0.00e+00	0.00e+00	0.00e+00	0.00e+00	0.00e+00
 8.75351e+22	9.97e-01	3.05e-03	2.44e-06	0.00e+00	0.00e+00	0.00e+00	0.00e+00	0.00e+00
 8.77542e+22	9.97e-01	2.94e-03	2.37e-06	0.00e+00	0.00e+00	0.00e+00	0.00e+00	0.00e+00
 8.79778e+22	9.97e-01	2.83e-03	2.30e-06	0.00e+00	0.00e+00	0.00e+00	0.00e+00	0.00e+00
 8.82066e+22	9.97e-01	2.72e-03	2.23e-06	0.00e+00	0.00e+00	0.00e+00	0.00e+00	0.00e+00
 8.84408e+22	9.97e-01	2.61e-03	2.15e-06	0.00e+00	0.00e+00	0.00e+00	0.00e+00	0.00e+00
 8.86806e+22	9.97e-01	2.50e-03	2.08e-06	0.00e+00	0.00e+00	0.00e+00	0.00e+00	0.00e+00
 8.89248e+22	9.98e-01	2.40e-03	2.01e-06	0.00e+00	0.00e+00	0.00e+00	0.00e+00	0.00e+00
 8.91713e+22	9.98e-01	2.31e-03	1.94e-06	0.00e+00	0.00e+00	0.00e+00	0.00e+00	0.00e+00
 8.94201e+22	9.98e-01	2.21e-03	1.87e-06	0.00e+00	0.00e+00	0.00e+00	0.00e+00	0.00e+00
 8.96718e+22	9.98e-01	2.12e-03	1.81e-06	0.00e+00	0.00e+00	0.00e+00	0.00e+00	0.00e+00
 8.99260e+22	9.98e-01	2.03e-03	1.74e-06	0.00e+00	0.00e+00	0.00e+00	0.00e+00	0.00e+00
 9.01827e+22	9.98e-01	1.95e-03	1.68e-06	0.00e+00	0.00e+00	0.00e+00	0.00e+00	0.00e+00
 9.04418e+22	9.98e-01	1.87e-03	1.61e-06	0.00e+00	0.00e+00	0.00e+00	0.00e+00	0.00e+00
 9.07035e+22	9.98e-01	1.79e-03	1.55e-06	0.00e+00	0.00e+00	0.00e+00	0.00e+00	0.00e+00
 9.09680e+22	9.98e-01	1.71e-03	1.49e-06	0.00e+00	0.00e+00	0.00e+00	0.00e+00	0.00e+00
 9.12354e+22	9.98e-01	1.64e-03	1.43e-06	0.00e+00	0.00e+00	0.00e+00	0.00e+00	0.00e+00
 9.15058e+22	9.98e-01	1.57e-03	1.37e-06	0.00e+00	0.00e+00	0.00e+00	0.00e+00	0.00e+00
 9.17781e+22	9.99e-01	1.50e-03	1.32e-06	0.00e+00	0.00e+00	0.00e+00	0.00e+00	0.00e+00
 9.20532e+22	9.99e-01	1.43e-03	1.26e-06	0.00e+00	0.00e+00	0.00e+00	0.00e+00	0.00e+00
 9.23312e+22	9.99e-01	1.37e-03	1.21e-06	0.00e+00	0.00e+00	0.00e+00	0.00e+00	0.00e+00
 9.25204e+22	9.99e-01	1.38e-03	1.19e-06	0.00e+00	0.00e+00	0.00e+00	0.00e+00	0.00e+00
