#depth	Si	Si+	Si+2	Si+3	Si+4	Si+5	Si+6	Si+7	Si+8	Si+9	Si+10	Si+11	Si+12	Si+13	Si+14
 4.62852e+21	1.69e-27	8.12e-15	4.22e-12	2.76e-10	1.06e-06	2.54e-04	1.18e-02	1.06e-01	2.88e-01	3.05e-01	1.35e-01	6.40e-02	8.03e-02	9.46e-03	3.50e-04
 1.02591e+22	1.22e-26	9.85e-14	3.22e-11	1.29e-09	3.20e-06	6.77e-04	2.72e-02	2.00e-01	3.64e-01	2.67e-01	8.18e-02	3.05e-02	2.68e-02	2.04e-03	4.88e-05
 1.17621e+22	4.28e-26	3.63e-13	9.15e-11	2.88e-09	5.56e-06	1.08e-03	3.96e-02	2.63e-01	3.79e-01	2.26e-01	5.72e-02	1.94e-02	1.39e-02	8.39e-04	1.60e-05
 1.25136e+22	7.75e-26	7.15e-13	1.58e-10	4.42e-09	7.51e-06	1.37e-03	4.77e-02	2.98e-01	3.79e-01	2.02e-01	4.64e-02	1.51e-02	9.78e-03	5.22e-04	8.83e-06
 1.28517e+22	9.53e-26	9.07e-13	1.91e-10	5.16e-09	8.38e-06	1.50e-03	5.08e-02	3.11e-01	3.77e-01	1.94e-01	4.29e-02	1.38e-02	8.62e-03	4.41e-04	7.16e-06
 1.30436e+22	1.22e-25	1.21e-12	2.41e-10	6.23e-09	9.58e-06	1.66e-03	5.49e-02	3.26e-01	3.75e-01	1.84e-01	3.90e-02	1.24e-02	7.37e-03	3.59e-04	5.54e-06
 1.32468e+22	1.53e-25	1.59e-12	3.01e-10	7.45e-09	1.09e-05	1.83e-03	5.89e-02	3.41e-01	3.71e-01	1.74e-01	3.55e-02	1.11e-02	6.35e-03	2.95e-04	4.35e-06
 1.34475e+22	1.94e-25	2.10e-12	3.78e-10	8.99e-09	1.25e-05	2.03e-03	6.33e-02	3.56e-01	3.67e-01	1.64e-01	3.21e-02	9.97e-03	5.43e-03	2.41e-04	3.38e-06
 1.36500e+22	2.45e-25	2.77e-12	4.74e-10	1.08e-08	1.43e-05	2.24e-03	6.80e-02	3.71e-01	3.61e-01	1.54e-01	2.91e-02	8.91e-03	4.65e-03	1.96e-04	2.63e-06
 1.38530e+22	3.10e-25	3.68e-12	5.97e-10	1.31e-08	1.64e-05	2.49e-03	7.30e-02	3.87e-01	3.55e-01	1.44e-01	2.62e-02	7.94e-03	3.96e-03	1.59e-04	2.03e-06
 1.40579e+22	3.91e-25	4.86e-12	7.52e-10	1.60e-08	1.89e-05	2.76e-03	7.82e-02	4.02e-01	3.48e-01	1.35e-01	2.35e-02	7.06e-03	3.37e-03	1.29e-04	1.57e-06
 1.42649e+22	4.98e-25	6.45e-12	9.50e-10	1.95e-08	2.18e-05	3.06e-03	8.39e-02	4.16e-01	3.40e-01	1.26e-01	2.11e-02	6.25e-03	2.85e-03	1.04e-04	1.20e-06
 1.44735e+22	6.32e-25	8.51e-12	1.20e-09	2.37e-08	2.53e-05	3.40e-03	8.98e-02	4.31e-01	3.32e-01	1.17e-01	1.88e-02	5.53e-03	2.41e-03	8.37e-05	9.24e-07
 1.46851e+22	8.11e-25	1.13e-11	1.52e-09	2.91e-08	2.93e-05	3.78e-03	9.62e-02	4.45e-01	3.23e-01	1.08e-01	1.67e-02	4.86e-03	2.02e-03	6.69e-05	7.03e-07
 1.48986e+22	1.04e-24	1.49e-11	1.92e-09	3.55e-08	3.40e-05	4.20e-03	1.03e-01	4.59e-01	3.13e-01	1.00e-01	1.49e-02	4.28e-03	1.70e-03	5.36e-05	5.37e-07
 1.51162e+22	1.37e-24	1.99e-11	2.45e-09	4.38e-08	3.97e-05	4.68e-03	1.10e-01	4.72e-01	3.03e-01	9.20e-02	1.31e-02	3.73e-03	1.42e-03	4.24e-05	4.04e-07
 1.53372e+22	1.78e-24	2.62e-11	3.10e-09	5.38e-08	4.61e-05	5.19e-03	1.17e-01	4.85e-01	2.92e-01	8.46e-02	1.16e-02	3.27e-03	1.18e-03	3.37e-05	3.06e-07
 1.55397e+22	2.23e-24	3.30e-11	3.77e-09	6.38e-08	5.24e-05	5.67e-03	1.24e-01	4.95e-01	2.83e-01	7.86e-02	1.04e-02	2.91e-03	1.02e-03	2.77e-05	2.41e-07
 1.57514e+22	2.96e-24	4.42e-11	4.84e-09	7.95e-08	6.16e-05	6.34e-03	1.32e-01	5.07e-01	2.71e-01	7.15e-02	9.09e-03	2.51e-03	8.33e-04	2.16e-05	1.78e-07
 1.59661e+22	3.76e-24	5.55e-11	5.90e-09	9.46e-08	6.99e-05	6.91e-03	1.39e-01	5.15e-01	2.61e-01	6.63e-02	8.15e-03	2.23e-03	7.12e-04	1.77e-05	1.40e-07
 1.61869e+22	5.10e-24	7.44e-11	7.60e-09	1.18e-07	8.25e-05	7.73e-03	1.49e-01	5.25e-01	2.49e-01	5.99e-02	7.06e-03	1.91e-03	5.80e-04	1.36e-05	0.00e+00
 1.64088e+22	6.50e-24	9.31e-11	9.24e-09	1.41e-07	9.36e-05	8.42e-03	1.56e-01	5.32e-01	2.39e-01	5.53e-02	6.31e-03	1.69e-03	4.94e-04	1.11e-05	0.00e+00
 1.66323e+22	8.90e-24	1.24e-10	1.19e-08	1.76e-07	1.10e-04	9.40e-03	1.66e-01	5.41e-01	2.27e-01	4.98e-02	5.44e-03	1.44e-03	4.01e-04	8.54e-06	0.00e+00
 1.68564e+22	1.13e-23	1.54e-10	1.43e-08	2.08e-07	1.25e-04	1.02e-02	1.74e-01	5.46e-01	2.17e-01	4.60e-02	4.87e-03	1.28e-03	3.42e-04	7.00e-06	0.00e+00
 1.70811e+22	1.56e-23	2.03e-10	1.83e-08	2.59e-07	1.46e-04	1.13e-02	1.84e-01	5.52e-01	2.05e-01	4.14e-02	4.20e-03	1.09e-03	2.77e-04	5.37e-06	0.00e+00
 1.73082e+22	1.99e-23	2.51e-10	2.21e-08	3.06e-07	1.65e-04	1.23e-02	1.92e-01	5.56e-01	1.96e-01	3.81e-02	3.75e-03	9.60e-04	2.36e-04	4.39e-06	0.00e+00
 1.75381e+22	2.75e-23	3.29e-10	2.82e-08	3.81e-07	1.94e-04	1.36e-02	2.03e-01	5.60e-01	1.85e-01	3.41e-02	3.22e-03	8.14e-04	1.91e-04	3.35e-06	0.00e+00
 1.77710e+22	3.53e-23	4.05e-10	3.40e-08	4.50e-07	2.19e-04	1.48e-02	2.12e-01	5.62e-01	1.76e-01	3.14e-02	2.87e-03	7.16e-04	1.61e-04	2.73e-06	0.00e+00
 1.80076e+22	4.89e-23	5.30e-10	4.33e-08	5.60e-07	2.57e-04	1.64e-02	2.24e-01	5.64e-01	1.65e-01	2.80e-02	2.46e-03	6.05e-04	1.30e-04	2.07e-06	0.00e+00
 1.82483e+22	6.32e-23	6.54e-10	5.23e-08	6.64e-07	2.91e-04	1.77e-02	2.33e-01	5.64e-01	1.57e-01	2.56e-02	2.18e-03	5.30e-04	1.10e-04	1.67e-06	0.00e+00
 1.84943e+22	8.81e-23	8.56e-10	6.67e-08	8.29e-07	3.42e-04	1.97e-02	2.45e-01	5.64e-01	1.46e-01	2.28e-02	1.86e-03	4.44e-04	8.74e-05	1.26e-06	0.00e+00
 1.87458e+22	1.15e-22	1.06e-09	8.09e-08	9.86e-07	3.88e-04	2.13e-02	2.55e-01	5.63e-01	1.38e-01	2.08e-02	1.64e-03	3.87e-04	7.32e-05	1.01e-06	0.00e+00
 1.90042e+22	1.61e-22	1.39e-09	1.04e-07	1.24e-06	4.57e-04	2.36e-02	2.68e-01	5.60e-01	1.28e-01	1.83e-02	1.39e-03	3.22e-04	5.79e-05	7.55e-07	0.00e+00
 1.92683e+22	2.11e-22	1.72e-09	1.26e-07	1.48e-06	5.19e-04	2.56e-02	2.78e-01	5.58e-01	1.20e-01	1.66e-02	1.22e-03	2.79e-04	4.82e-05	6.00e-07	0.00e+00
 1.94912e+22	2.68e-22	2.07e-09	1.50e-07	1.73e-06	5.82e-04	2.75e-02	2.87e-01	5.54e-01	1.14e-01	1.53e-02	1.08e-03	2.45e-04	4.09e-05	4.88e-07	0.00e+00
 1.97323e+22	3.64e-22	2.64e-09	1.88e-07	2.12e-06	6.74e-04	3.01e-02	2.99e-01	5.50e-01	1.06e-01	1.36e-02	9.30e-04	2.07e-04	3.30e-05	3.73e-07	0.00e+00
 1.99669e+22	4.52e-22	3.13e-09	2.20e-07	2.45e-06	7.47e-04	3.21e-02	3.08e-01	5.46e-01	1.00e-01	1.25e-02	8.35e-04	1.83e-04	2.83e-05	3.08e-07	0.00e+00
 2.01932e+22	5.97e-22	3.91e-09	2.70e-07	2.97e-06	8.56e-04	3.49e-02	3.19e-01	5.40e-01	9.34e-02	1.12e-02	7.22e-04	1.56e-04	2.31e-05	2.39e-07	0.00e+00
 2.04215e+22	7.43e-22	4.63e-09	3.16e-07	3.42e-06	9.47e-04	3.71e-02	3.28e-01	5.35e-01	8.85e-02	1.04e-02	6.49e-04	1.38e-04	1.99e-05	1.98e-07	0.00e+00
 2.06527e+22	9.81e-22	5.76e-09	3.88e-07	4.13e-06	1.08e-03	4.03e-02	3.39e-01	5.27e-01	8.22e-02	9.29e-03	5.61e-04	1.18e-04	1.62e-05	1.53e-07	0.00e+00
 2.08870e+22	1.22e-21	6.83e-09	4.55e-07	4.78e-06	1.20e-03	4.29e-02	3.48e-01	5.21e-01	7.77e-02	8.54e-03	5.02e-04	1.04e-04	1.38e-05	1.26e-07	0.00e+00
 2.11256e+22	1.62e-21	8.51e-09	5.60e-07	5.79e-06	1.38e-03	4.66e-02	3.59e-01	5.13e-01	7.19e-02	7.62e-03	4.32e-04	8.80e-05	1.12e-05	0.00e+00	0.00e+00
 2.13675e+22	2.02e-21	1.01e-08	6.57e-07	6.69e-06	1.52e-03	4.96e-02	3.68e-01	5.06e-01	6.77e-02	7.00e-03	3.86e-04	7.75e-05	9.57e-06	0.00e+00	0.00e+00
 2.16139e+22	2.68e-21	1.26e-08	8.11e-07	8.13e-06	1.75e-03	5.38e-02	3.80e-01	4.96e-01	6.24e-02	6.22e-03	3.30e-04	6.53e-05	7.71e-06	0.00e+00	0.00e+00
 2.18643e+22	3.35e-21	1.50e-08	9.55e-07	9.44e-06	1.94e-03	5.73e-02	3.88e-01	4.88e-01	5.85e-02	5.69e-03	2.94e-04	5.72e-05	6.54e-06	0.00e+00	0.00e+00
 2.21198e+22	4.47e-21	1.88e-08	1.18e-06	1.15e-05	2.23e-03	6.21e-02	4.00e-01	4.77e-01	5.37e-02	5.05e-03	2.51e-04	4.80e-05	5.25e-06	0.00e+00	0.00e+00
 2.23820e+22	5.65e-21	2.25e-08	1.40e-06	1.34e-05	2.49e-03	6.62e-02	4.09e-01	4.67e-01	5.02e-02	4.59e-03	2.21e-04	4.18e-05	4.41e-06	0.00e+00	0.00e+00
 2.26528e+22	7.60e-21	2.83e-08	1.74e-06	1.64e-05	2.87e-03	7.20e-02	4.20e-01	4.55e-01	4.57e-02	4.04e-03	1.87e-04	3.48e-05	3.50e-06	0.00e+00	0.00e+00
 2.29303e+22	9.69e-21	3.41e-08	2.08e-06	1.93e-05	3.21e-03	7.68e-02	4.29e-01	4.45e-01	4.25e-02	3.66e-03	1.64e-04	3.00e-05	2.91e-06	0.00e+00	0.00e+00
 2.32167e+22	1.31e-20	4.33e-08	2.61e-06	2.38e-05	3.72e-03	8.35e-02	4.40e-01	4.31e-01	3.85e-02	3.20e-03	1.38e-04	2.47e-05	2.28e-06	0.00e+00	0.00e+00
 2.35057e+22	1.68e-20	5.22e-08	3.12e-06	2.79e-05	4.15e-03	8.89e-02	4.48e-01	4.20e-01	3.57e-02	2.89e-03	1.21e-04	2.13e-05	1.90e-06	0.00e+00	0.00e+00
 2.37983e+22	2.28e-20	6.62e-08	3.92e-06	3.46e-05	4.80e-03	9.66e-02	4.59e-01	4.05e-01	3.21e-02	2.52e-03	1.01e-04	1.75e-05	1.48e-06	0.00e+00	0.00e+00
 2.40937e+22	2.91e-20	7.98e-08	4.67e-06	4.05e-05	5.36e-03	1.03e-01	4.66e-01	3.93e-01	2.97e-02	2.27e-03	8.80e-05	1.50e-05	1.23e-06	0.00e+00	0.00e+00
 2.43929e+22	3.96e-20	1.01e-07	5.87e-06	5.01e-05	6.20e-03	1.11e-01	4.76e-01	3.78e-01	2.66e-02	1.98e-03	7.32e-05	1.23e-05	9.52e-07	0.00e+00	0.00e+00
 2.46970e+22	5.09e-20	1.23e-07	7.03e-06	5.89e-05	6.92e-03	1.18e-01	4.82e-01	3.66e-01	2.45e-02	1.78e-03	6.36e-05	1.05e-05	7.84e-07	0.00e+00	0.00e+00
 2.49651e+22	6.46e-20	1.47e-07	8.38e-06	6.93e-05	7.73e-03	1.26e-01	4.89e-01	3.54e-01	2.24e-02	1.59e-03	5.51e-05	8.99e-06	6.44e-07	0.00e+00	0.00e+00
 2.52708e+22	8.78e-20	1.86e-07	1.05e-05	8.51e-05	8.89e-03	1.36e-01	4.96e-01	3.38e-01	2.01e-02	1.38e-03	4.59e-05	7.35e-06	5.01e-07	0.00e+00	0.00e+00
 2.55819e+22	1.12e-19	2.25e-07	1.26e-05	1.01e-04	9.96e-03	1.44e-01	5.01e-01	3.25e-01	1.83e-02	1.23e-03	3.94e-05	6.23e-06	4.06e-07	0.00e+00	0.00e+00
 2.58347e+22	1.39e-19	2.65e-07	1.47e-05	1.16e-04	1.09e-02	1.51e-01	5.05e-01	3.15e-01	1.69e-02	1.12e-03	3.46e-05	5.42e-06	3.41e-07	0.00e+00	0.00e+00
 2.60978e+22	1.79e-19	3.21e-07	1.76e-05	1.37e-04	1.22e-02	1.60e-01	5.09e-01	3.02e-01	1.54e-02	9.97e-04	2.98e-05	4.59e-06	2.78e-07	0.00e+00	0.00e+00
 2.63738e+22	2.24e-19	3.80e-07	2.07e-05	1.58e-04	1.35e-02	1.69e-01	5.12e-01	2.91e-01	1.41e-02	8.98e-04	2.60e-05	3.96e-06	2.31e-07	0.00e+00	0.00e+00
 2.66268e+22	2.78e-19	4.49e-07	2.42e-05	1.82e-04	1.48e-02	1.77e-01	5.14e-01	2.80e-01	1.30e-02	8.10e-04	2.27e-05	3.42e-06	1.92e-07	0.00e+00	0.00e+00
 2.69157e+22	3.66e-19	5.53e-07	2.95e-05	2.18e-04	1.67e-02	1.88e-01	5.17e-01	2.66e-01	1.16e-02	7.12e-04	1.91e-05	2.84e-06	1.52e-07	0.00e+00	0.00e+00
 2.72119e+22	4.61e-19	6.60e-07	3.50e-05	2.56e-04	1.85e-02	1.98e-01	5.18e-01	2.54e-01	1.05e-02	6.33e-04	1.64e-05	2.41e-06	1.24e-07	0.00e+00	0.00e+00
 2.74717e+22	5.75e-19	7.79e-07	4.09e-05	2.94e-04	2.03e-02	2.07e-01	5.18e-01	2.44e-01	9.64e-03	5.70e-04	1.43e-05	2.08e-06	0.00e+00	0.00e+00	0.00e+00
 2.77637e+22	7.55e-19	9.56e-07	4.97e-05	3.50e-04	2.27e-02	2.19e-01	5.18e-01	2.31e-01	8.62e-03	5.00e-04	1.20e-05	1.73e-06	0.00e+00	0.00e+00	0.00e+00
 2.80699e+22	9.62e-19	1.15e-06	5.91e-05	4.11e-04	2.52e-02	2.30e-01	5.17e-01	2.19e-01	7.76e-03	4.43e-04	1.02e-05	1.45e-06	0.00e+00	0.00e+00	0.00e+00
 2.83476e+22	1.21e-18	1.36e-06	6.96e-05	4.76e-04	2.77e-02	2.40e-01	5.15e-01	2.09e-01	7.03e-03	3.95e-04	8.82e-06	1.24e-06	0.00e+00	0.00e+00	0.00e+00
 2.86616e+22	1.61e-18	1.69e-06	8.54e-05	5.73e-04	3.12e-02	2.54e-01	5.12e-01	1.96e-01	6.21e-03	3.42e-04	7.29e-06	1.01e-06	0.00e+00	0.00e+00	0.00e+00
 2.89851e+22	2.07e-18	2.04e-06	1.02e-04	6.73e-04	3.46e-02	2.66e-01	5.09e-01	1.84e-01	5.54e-03	3.00e-04	6.15e-06	8.44e-07	0.00e+00	0.00e+00	0.00e+00
 2.92727e+22	2.61e-18	2.43e-06	1.20e-04	7.81e-04	3.80e-02	2.77e-01	5.04e-01	1.74e-01	4.98e-03	2.66e-04	5.25e-06	7.13e-07	0.00e+00	0.00e+00	0.00e+00
 2.95984e+22	3.50e-18	3.02e-06	1.48e-04	9.40e-04	4.27e-02	2.91e-01	4.98e-01	1.62e-01	4.35e-03	2.28e-04	4.30e-06	5.77e-07	0.00e+00	0.00e+00	0.00e+00
 2.99363e+22	4.51e-18	3.66e-06	1.77e-04	1.11e-03	4.73e-02	3.04e-01	4.92e-01	1.51e-01	3.85e-03	1.99e-04	3.58e-06	4.76e-07	0.00e+00	0.00e+00	0.00e+00
 3.02401e+22	5.75e-18	4.38e-06	2.09e-04	1.29e-03	5.20e-02	3.16e-01	4.85e-01	1.42e-01	3.42e-03	1.74e-04	3.02e-06	3.98e-07	0.00e+00	0.00e+00	0.00e+00
 3.05851e+22	7.83e-18	5.51e-06	2.60e-04	1.57e-03	5.86e-02	3.31e-01	4.75e-01	1.30e-01	2.94e-03	1.47e-04	2.42e-06	3.15e-07	0.00e+00	0.00e+00	0.00e+00
 3.09400e+22	1.01e-17	6.68e-06	3.11e-04	1.84e-03	6.47e-02	3.44e-01	4.65e-01	1.21e-01	2.58e-03	1.27e-04	2.00e-06	2.59e-07	0.00e+00	0.00e+00	0.00e+00
 3.12596e+22	1.31e-17	8.05e-06	3.70e-04	2.16e-03	7.11e-02	3.56e-01	4.56e-01	1.12e-01	2.27e-03	1.10e-04	1.66e-06	2.13e-07	0.00e+00	0.00e+00	0.00e+00
 3.16267e+22	1.80e-17	1.02e-05	4.62e-04	2.63e-03	8.01e-02	3.72e-01	4.42e-01	1.02e-01	1.92e-03	9.17e-05	1.31e-06	1.65e-07	0.00e+00	0.00e+00	0.00e+00
 3.19978e+22	2.32e-17	1.24e-05	5.53e-04	3.11e-03	8.82e-02	3.84e-01	4.30e-01	9.32e-02	1.66e-03	7.84e-05	1.07e-06	1.34e-07	0.00e+00	0.00e+00	0.00e+00
 3.23740e+22	3.24e-17	1.57e-05	6.90e-04	3.78e-03	9.89e-02	3.98e-01	4.14e-01	8.37e-02	1.39e-03	6.47e-05	8.31e-07	0.00e+00	0.00e+00	0.00e+00	0.00e+00
 3.27547e+22	4.22e-17	1.91e-05	8.26e-04	4.44e-03	1.08e-01	4.09e-01	4.00e-01	7.63e-02	1.20e-03	5.51e-05	6.74e-07	0.00e+00	0.00e+00	0.00e+00	0.00e+00
 3.31412e+22	5.90e-17	2.44e-05	1.03e-03	5.43e-03	1.22e-01	4.22e-01	3.82e-01	6.77e-02	9.94e-04	4.48e-05	5.16e-07	0.00e+00	0.00e+00	0.00e+00	0.00e+00
 3.35312e+22	7.68e-17	2.96e-05	1.23e-03	6.37e-03	1.33e-01	4.31e-01	3.66e-01	6.13e-02	8.51e-04	3.79e-05	4.16e-07	0.00e+00	0.00e+00	0.00e+00	0.00e+00
 3.39259e+22	1.06e-16	3.79e-05	1.54e-03	7.78e-03	1.48e-01	4.41e-01	3.46e-01	5.38e-02	6.95e-04	3.04e-05	3.14e-07	0.00e+00	0.00e+00	0.00e+00	0.00e+00
 3.43248e+22	1.39e-16	4.60e-05	1.84e-03	9.09e-03	1.61e-01	4.48e-01	3.30e-01	4.83e-02	5.91e-04	2.55e-05	2.51e-07	0.00e+00	0.00e+00	0.00e+00	0.00e+00
 3.47289e+22	1.98e-16	5.90e-05	2.30e-03	1.11e-02	1.79e-01	4.56e-01	3.09e-01	4.19e-02	4.77e-04	2.03e-05	1.87e-07	0.00e+00	0.00e+00	0.00e+00	0.00e+00
 3.51383e+22	2.60e-16	7.18e-05	2.74e-03	1.30e-02	1.94e-01	4.60e-01	2.92e-01	3.73e-02	4.01e-04	1.68e-05	1.48e-07	0.00e+00	0.00e+00	0.00e+00	0.00e+00
 3.55546e+22	3.74e-16	9.25e-05	3.43e-03	1.58e-02	2.15e-01	4.64e-01	2.70e-01	3.19e-02	3.19e-04	1.31e-05	1.08e-07	0.00e+00	0.00e+00	0.00e+00	0.00e+00
 3.59633e+22	4.87e-16	1.11e-04	4.04e-03	1.82e-02	2.30e-01	4.65e-01	2.54e-01	2.83e-02	2.69e-04	1.09e-05	0.00e+00	0.00e+00	0.00e+00	0.00e+00	0.00e+00
 3.63620e+22	6.90e-16	1.42e-04	4.98e-03	2.18e-02	2.52e-01	4.64e-01	2.33e-01	2.41e-02	2.14e-04	8.56e-06	0.00e+00	0.00e+00	0.00e+00	0.00e+00	0.00e+00
 3.67458e+22	8.84e-16	1.68e-04	5.76e-03	2.47e-02	2.67e-01	4.62e-01	2.19e-01	2.15e-02	1.83e-04	7.21e-06	0.00e+00	0.00e+00	0.00e+00	0.00e+00	0.00e+00
 3.71100e+22	1.22e-15	2.08e-04	6.93e-03	2.91e-02	2.87e-01	4.57e-01	2.01e-01	1.84e-02	1.47e-04	5.71e-06	0.00e+00	0.00e+00	0.00e+00	0.00e+00	0.00e+00
 3.74742e+22	1.57e-15	2.46e-04	7.99e-03	3.27e-02	3.03e-01	4.52e-01	1.88e-01	1.63e-02	1.25e-04	4.77e-06	0.00e+00	0.00e+00	0.00e+00	0.00e+00	0.00e+00
 3.78383e+22	2.16e-15	3.03e-04	9.53e-03	3.79e-02	3.22e-01	4.44e-01	1.71e-01	1.39e-02	1.01e-04	3.80e-06	0.00e+00	0.00e+00	0.00e+00	0.00e+00	0.00e+00
 3.82153e+22	2.87e-15	3.64e-04	1.11e-02	4.32e-02	3.40e-01	4.36e-01	1.57e-01	1.20e-02	8.29e-05	3.08e-06	0.00e+00	0.00e+00	0.00e+00	0.00e+00	0.00e+00
 3.85532e+22	3.77e-15	4.32e-04	1.28e-02	4.85e-02	3.56e-01	4.27e-01	1.45e-01	1.05e-02	6.92e-05	2.53e-06	0.00e+00	0.00e+00	0.00e+00	0.00e+00	0.00e+00
 3.89365e+22	5.42e-15	5.37e-04	1.53e-02	5.61e-02	3.76e-01	4.13e-01	1.30e-01	8.76e-03	5.46e-05	1.96e-06	0.00e+00	0.00e+00	0.00e+00	0.00e+00	0.00e+00
 3.93259e+22	7.35e-15	6.42e-04	1.76e-02	6.32e-02	3.93e-01	4.01e-01	1.18e-01	7.49e-03	4.46e-05	1.57e-06	0.00e+00	0.00e+00	0.00e+00	0.00e+00	0.00e+00
 3.96713e+22	9.90e-15	7.64e-04	2.03e-02	7.05e-02	4.08e-01	3.88e-01	1.07e-01	6.43e-03	3.67e-05	1.27e-06	0.00e+00	0.00e+00	0.00e+00	0.00e+00	0.00e+00
 4.00059e+22	1.34e-14	8.99e-04	2.31e-02	7.81e-02	4.21e-01	3.74e-01	9.69e-02	5.54e-03	3.03e-05	1.03e-06	0.00e+00	0.00e+00	0.00e+00	0.00e+00	0.00e+00
 4.03146e+22	1.74e-14	1.04e-03	2.59e-02	8.55e-02	4.33e-01	3.61e-01	8.84e-02	4.82e-03	2.54e-05	8.52e-07	0.00e+00	0.00e+00	0.00e+00	0.00e+00	0.00e+00
 4.06081e+22	2.29e-14	1.20e-03	2.90e-02	9.31e-02	4.43e-01	3.48e-01	8.07e-02	4.20e-03	2.14e-05	7.06e-07	0.00e+00	0.00e+00	0.00e+00	0.00e+00	0.00e+00
 4.09456e+22	3.23e-14	1.44e-03	3.33e-02	1.04e-01	4.55e-01	3.31e-01	7.15e-02	3.51e-03	1.71e-05	5.53e-07	0.00e+00	0.00e+00	0.00e+00	0.00e+00	0.00e+00
 4.12879e+22	4.40e-14	1.68e-03	3.74e-02	1.13e-01	4.64e-01	3.16e-01	6.44e-02	3.00e-03	1.41e-05	4.48e-07	0.00e+00	0.00e+00	0.00e+00	0.00e+00	0.00e+00
 4.15869e+22	5.81e-14	1.93e-03	4.16e-02	1.22e-01	4.72e-01	3.02e-01	5.80e-02	2.58e-03	1.17e-05	3.66e-07	0.00e+00	0.00e+00	0.00e+00	0.00e+00	0.00e+00
 4.19259e+22	8.43e-14	2.31e-03	4.75e-02	1.35e-01	4.80e-01	2.83e-01	5.07e-02	2.12e-03	9.27e-06	2.83e-07	0.00e+00	0.00e+00	0.00e+00	0.00e+00	0.00e+00
 4.22714e+22	1.14e-13	2.68e-03	5.30e-02	1.46e-01	4.85e-01	2.67e-01	4.51e-02	1.80e-03	7.56e-06	2.26e-07	0.00e+00	0.00e+00	0.00e+00	0.00e+00	0.00e+00
 4.25772e+22	1.56e-13	3.08e-03	5.87e-02	1.56e-01	4.88e-01	2.52e-01	4.01e-02	1.53e-03	6.22e-06	1.82e-07	0.00e+00	0.00e+00	0.00e+00	0.00e+00	0.00e+00
 4.29264e+22	2.36e-13	3.68e-03	6.67e-02	1.71e-01	4.90e-01	2.33e-01	3.44e-02	1.23e-03	4.82e-06	1.38e-07	0.00e+00	0.00e+00	0.00e+00	0.00e+00	0.00e+00
 4.32806e+22	3.29e-13	4.25e-03	7.39e-02	1.83e-01	4.90e-01	2.17e-01	3.02e-02	1.03e-03	3.89e-06	0.00e+00	0.00e+00	0.00e+00	0.00e+00	0.00e+00	0.00e+00
 4.35931e+22	4.70e-13	4.88e-03	8.15e-02	1.95e-01	4.89e-01	2.02e-01	2.65e-02	8.58e-04	3.15e-06	0.00e+00	0.00e+00	0.00e+00	0.00e+00	0.00e+00	0.00e+00
 4.39514e+22	7.82e-13	5.80e-03	9.19e-02	2.11e-01	4.85e-01	1.84e-01	2.23e-02	6.80e-04	2.40e-06	0.00e+00	0.00e+00	0.00e+00	0.00e+00	0.00e+00	0.00e+00
 4.43154e+22	1.19e-12	6.69e-03	1.01e-01	2.24e-01	4.80e-01	1.69e-01	1.92e-02	5.57e-04	1.90e-06	0.00e+00	0.00e+00	0.00e+00	0.00e+00	0.00e+00	0.00e+00
 4.46867e+22	2.05e-12	7.92e-03	1.13e-01	2.39e-01	4.71e-01	1.52e-01	1.60e-02	4.36e-04	1.43e-06	0.00e+00	0.00e+00	0.00e+00	0.00e+00	0.00e+00	0.00e+00
 4.50654e+22	3.77e-12	9.18e-03	1.25e-01	2.53e-01	4.62e-01	1.38e-01	1.35e-02	3.49e-04	1.11e-06	0.00e+00	0.00e+00	0.00e+00	0.00e+00	0.00e+00	0.00e+00
 4.53957e+22	8.63e-12	1.05e-02	1.36e-01	2.65e-01	4.52e-01	1.25e-01	1.15e-02	2.84e-04	8.76e-07	0.00e+00	0.00e+00	0.00e+00	0.00e+00	0.00e+00	0.00e+00
 4.57670e+22	2.29e-11	1.23e-02	1.51e-01	2.80e-01	4.37e-01	1.11e-01	9.38e-03	2.17e-04	6.48e-07	0.00e+00	0.00e+00	0.00e+00	0.00e+00	0.00e+00	0.00e+00
 4.60446e+22	7.62e-11	1.30e-02	1.56e-01	2.85e-01	4.32e-01	1.06e-01	8.72e-03	1.98e-04	5.81e-07	0.00e+00	0.00e+00	0.00e+00	0.00e+00	0.00e+00	0.00e+00
 4.62006e+22	1.14e-10	1.40e-02	1.63e-01	2.91e-01	4.24e-01	9.96e-02	7.92e-03	1.75e-04	5.05e-07	0.00e+00	0.00e+00	0.00e+00	0.00e+00	0.00e+00	0.00e+00
 4.64033e+22	1.70e-10	1.52e-02	1.71e-01	2.98e-01	4.15e-01	9.27e-02	7.05e-03	1.51e-04	4.28e-07	0.00e+00	0.00e+00	0.00e+00	0.00e+00	0.00e+00	0.00e+00
 4.66668e+22	2.63e-10	1.69e-02	1.83e-01	3.07e-01	4.03e-01	8.42e-02	6.06e-03	1.24e-04	3.44e-07	0.00e+00	0.00e+00	0.00e+00	0.00e+00	0.00e+00	0.00e+00
 4.70094e+22	5.85e-10	1.97e-02	1.99e-01	3.19e-01	3.84e-01	7.34e-02	4.88e-03	9.46e-05	2.53e-07	0.00e+00	0.00e+00	0.00e+00	0.00e+00	0.00e+00	0.00e+00
 4.73800e+22	8.98e-10	2.23e-02	2.14e-01	3.28e-01	3.67e-01	6.47e-02	4.02e-03	7.40e-05	1.92e-07	0.00e+00	0.00e+00	0.00e+00	0.00e+00	0.00e+00	0.00e+00
 4.77871e+22	1.85e-09	2.61e-02	2.33e-01	3.38e-01	3.44e-01	5.46e-02	3.10e-03	5.36e-05	1.34e-07	0.00e+00	0.00e+00	0.00e+00	0.00e+00	0.00e+00	0.00e+00
 4.82053e+22	3.15e-09	2.98e-02	2.50e-01	3.45e-01	3.25e-01	4.72e-02	2.48e-03	4.07e-05	0.00e+00	0.00e+00	0.00e+00	0.00e+00	0.00e+00	0.00e+00	0.00e+00
 4.85264e+22	5.81e-09	3.27e-02	2.62e-01	3.50e-01	3.11e-01	4.23e-02	2.11e-03	3.32e-05	0.00e+00	0.00e+00	0.00e+00	0.00e+00	0.00e+00	0.00e+00	0.00e+00
 4.88324e+22	1.04e-08	3.66e-02	2.77e-01	3.54e-01	2.94e-01	3.69e-02	1.72e-03	2.59e-05	0.00e+00	0.00e+00	0.00e+00	0.00e+00	0.00e+00	0.00e+00	0.00e+00
 4.91456e+22	1.69e-08	4.01e-02	2.90e-01	3.57e-01	2.79e-01	3.29e-02	1.44e-03	2.10e-05	0.00e+00	0.00e+00	0.00e+00	0.00e+00	0.00e+00	0.00e+00	0.00e+00
 4.94684e+22	2.68e-08	4.49e-02	3.05e-01	3.59e-01	2.61e-01	2.83e-02	1.16e-03	1.60e-05	0.00e+00	0.00e+00	0.00e+00	0.00e+00	0.00e+00	0.00e+00	0.00e+00
 4.97941e+22	3.84e-08	4.91e-02	3.18e-01	3.60e-01	2.47e-01	2.49e-02	9.63e-04	1.28e-05	0.00e+00	0.00e+00	0.00e+00	0.00e+00	0.00e+00	0.00e+00	0.00e+00
 5.01237e+22	5.89e-08	5.48e-02	3.34e-01	3.60e-01	2.29e-01	2.12e-02	7.62e-04	9.70e-06	0.00e+00	0.00e+00	0.00e+00	0.00e+00	0.00e+00	0.00e+00	0.00e+00
 5.04567e+22	1.00e-07	5.99e-02	3.46e-01	3.59e-01	2.15e-01	1.86e-02	6.29e-04	7.70e-06	0.00e+00	0.00e+00	0.00e+00	0.00e+00	0.00e+00	0.00e+00	0.00e+00
 5.07941e+22	1.93e-07	6.69e-02	3.61e-01	3.57e-01	1.98e-01	1.56e-02	4.92e-04	5.74e-06	0.00e+00	0.00e+00	0.00e+00	0.00e+00	0.00e+00	0.00e+00	0.00e+00
 5.11361e+22	3.39e-07	7.29e-02	3.73e-01	3.55e-01	1.85e-01	1.36e-02	4.02e-04	4.52e-06	0.00e+00	0.00e+00	0.00e+00	0.00e+00	0.00e+00	0.00e+00	0.00e+00
 5.14841e+22	5.56e-07	8.12e-02	3.88e-01	3.50e-01	1.69e-01	1.13e-02	3.10e-04	3.33e-06	0.00e+00	0.00e+00	0.00e+00	0.00e+00	0.00e+00	0.00e+00	0.00e+00
 5.18381e+22	7.95e-07	8.85e-02	3.99e-01	3.46e-01	1.57e-01	9.71e-03	2.50e-04	2.58e-06	0.00e+00	0.00e+00	0.00e+00	0.00e+00	0.00e+00	0.00e+00	0.00e+00
 5.21999e+22	1.13e-06	9.86e-02	4.12e-01	3.39e-01	1.42e-01	7.98e-03	1.90e-04	1.87e-06	0.00e+00	0.00e+00	0.00e+00	0.00e+00	0.00e+00	0.00e+00	0.00e+00
 5.25683e+22	1.49e-06	1.07e-01	4.23e-01	3.32e-01	1.31e-01	6.78e-03	1.52e-04	1.43e-06	0.00e+00	0.00e+00	0.00e+00	0.00e+00	0.00e+00	0.00e+00	0.00e+00
 5.29454e+22	2.01e-06	1.19e-01	4.34e-01	3.23e-01	1.17e-01	5.49e-03	1.13e-04	1.02e-06	0.00e+00	0.00e+00	0.00e+00	0.00e+00	0.00e+00	0.00e+00	0.00e+00
 5.33312e+22	2.57e-06	1.30e-01	4.43e-01	3.15e-01	1.07e-01	4.61e-03	8.89e-05	7.69e-07	0.00e+00	0.00e+00	0.00e+00	0.00e+00	0.00e+00	0.00e+00	0.00e+00
 5.37285e+22	3.35e-06	1.44e-01	4.53e-01	3.04e-01	9.49e-02	3.68e-03	6.56e-05	5.40e-07	0.00e+00	0.00e+00	0.00e+00	0.00e+00	0.00e+00	0.00e+00	0.00e+00
 5.41348e+22	4.20e-06	1.57e-01	4.60e-01	2.94e-01	8.56e-02	3.04e-03	5.05e-05	3.98e-07	0.00e+00	0.00e+00	0.00e+00	0.00e+00	0.00e+00	0.00e+00	0.00e+00
 5.45527e+22	5.41e-06	1.74e-01	4.67e-01	2.82e-01	7.50e-02	2.39e-03	3.64e-05	2.73e-07	0.00e+00	0.00e+00	0.00e+00	0.00e+00	0.00e+00	0.00e+00	0.00e+00
 5.49757e+22	6.61e-06	1.90e-01	4.71e-01	2.71e-01	6.71e-02	1.95e-03	2.78e-05	1.99e-07	0.00e+00	0.00e+00	0.00e+00	0.00e+00	0.00e+00	0.00e+00	0.00e+00
 5.54054e+22	8.42e-06	2.11e-01	4.74e-01	2.56e-01	5.79e-02	1.50e-03	1.96e-05	1.33e-07	0.00e+00	0.00e+00	0.00e+00	0.00e+00	0.00e+00	0.00e+00	0.00e+00
 5.58352e+22	9.96e-06	2.27e-01	4.75e-01	2.45e-01	5.18e-02	1.23e-03	1.51e-05	0.00e+00	0.00e+00	0.00e+00	0.00e+00	0.00e+00	0.00e+00	0.00e+00	0.00e+00
 5.62649e+22	1.22e-05	2.49e-01	4.74e-01	2.31e-01	4.46e-02	9.46e-04	1.07e-05	0.00e+00	0.00e+00	0.00e+00	0.00e+00	0.00e+00	0.00e+00	0.00e+00	0.00e+00
 5.67085e+22	1.45e-05	2.70e-01	4.72e-01	2.19e-01	3.92e-02	7.59e-04	8.01e-06	0.00e+00	0.00e+00	0.00e+00	0.00e+00	0.00e+00	0.00e+00	0.00e+00	0.00e+00
 5.71700e+22	1.78e-05	2.97e-01	4.66e-01	2.03e-01	3.31e-02	5.68e-04	5.50e-06	0.00e+00	0.00e+00	0.00e+00	0.00e+00	0.00e+00	0.00e+00	0.00e+00	0.00e+00
 5.76390e+22	2.08e-05	3.20e-01	4.60e-01	1.91e-01	2.89e-02	4.52e-04	4.10e-06	0.00e+00	0.00e+00	0.00e+00	0.00e+00	0.00e+00	0.00e+00	0.00e+00	0.00e+00
 5.81175e+22	2.53e-05	3.51e-01	4.50e-01	1.75e-01	2.40e-02	3.33e-04	2.76e-06	0.00e+00	0.00e+00	0.00e+00	0.00e+00	0.00e+00	0.00e+00	0.00e+00	0.00e+00
 5.86080e+22	2.94e-05	3.76e-01	4.40e-01	1.63e-01	2.06e-02	2.61e-04	2.03e-06	0.00e+00	0.00e+00	0.00e+00	0.00e+00	0.00e+00	0.00e+00	0.00e+00	0.00e+00
 5.91140e+22	3.56e-05	4.12e-01	4.23e-01	1.48e-01	1.68e-02	1.88e-04	1.33e-06	0.00e+00	0.00e+00	0.00e+00	0.00e+00	0.00e+00	0.00e+00	0.00e+00	0.00e+00
 5.96340e+22	4.13e-05	4.41e-01	4.09e-01	1.36e-01	1.42e-02	1.45e-04	9.54e-07	0.00e+00	0.00e+00	0.00e+00	0.00e+00	0.00e+00	0.00e+00	0.00e+00	0.00e+00
 6.01723e+22	4.99e-05	4.80e-01	3.87e-01	1.21e-01	1.12e-02	1.02e-04	6.08e-07	0.00e+00	0.00e+00	0.00e+00	0.00e+00	0.00e+00	0.00e+00	0.00e+00	0.00e+00
 6.07306e+22	5.81e-05	5.13e-01	3.67e-01	1.10e-01	9.25e-03	7.64e-05	4.20e-07	0.00e+00	0.00e+00	0.00e+00	0.00e+00	0.00e+00	0.00e+00	0.00e+00	0.00e+00
 6.13148e+22	7.02e-05	5.57e-01	3.40e-01	9.60e-02	7.08e-03	5.21e-05	2.56e-07	0.00e+00	0.00e+00	0.00e+00	0.00e+00	0.00e+00	0.00e+00	0.00e+00	0.00e+00
 6.19243e+22	8.20e-05	5.94e-01	3.15e-01	8.53e-02	5.62e-03	3.79e-05	1.69e-07	0.00e+00	0.00e+00	0.00e+00	0.00e+00	0.00e+00	0.00e+00	0.00e+00	0.00e+00
 6.25479e+22	9.85e-05	6.39e-01	2.84e-01	7.31e-02	4.16e-03	2.54e-05	0.00e+00	0.00e+00	0.00e+00	0.00e+00	0.00e+00	0.00e+00	0.00e+00	0.00e+00	0.00e+00
 6.30866e+22	1.09e-04	6.65e-01	2.64e-01	6.69e-02	3.50e-03	2.04e-05	0.00e+00	0.00e+00	0.00e+00	0.00e+00	0.00e+00	0.00e+00	0.00e+00	0.00e+00	0.00e+00
 6.35338e+22	1.23e-04	6.96e-01	2.41e-01	5.94e-02	2.77e-03	1.53e-05	0.00e+00	0.00e+00	0.00e+00	0.00e+00	0.00e+00	0.00e+00	0.00e+00	0.00e+00	0.00e+00
 6.40069e+22	1.38e-04	7.25e-01	2.19e-01	5.31e-02	2.23e-03	1.18e-05	0.00e+00	0.00e+00	0.00e+00	0.00e+00	0.00e+00	0.00e+00	0.00e+00	0.00e+00	0.00e+00
 6.45137e+22	1.58e-04	7.60e-01	1.93e-01	4.58e-02	1.66e-03	8.46e-06	0.00e+00	0.00e+00	0.00e+00	0.00e+00	0.00e+00	0.00e+00	0.00e+00	0.00e+00	0.00e+00
 6.50302e+22	1.76e-04	7.88e-01	1.70e-01	4.04e-02	1.29e-03	6.44e-06	0.00e+00	0.00e+00	0.00e+00	0.00e+00	0.00e+00	0.00e+00	0.00e+00	0.00e+00	0.00e+00
 6.55592e+22	2.00e-04	8.19e-01	1.45e-01	3.41e-02	9.29e-04	4.57e-06	0.00e+00	0.00e+00	0.00e+00	0.00e+00	0.00e+00	0.00e+00	0.00e+00	0.00e+00	0.00e+00
 6.60470e+22	2.18e-04	8.42e-01	1.27e-01	3.02e-02	7.26e-04	3.59e-06	0.00e+00	0.00e+00	0.00e+00	0.00e+00	0.00e+00	0.00e+00	0.00e+00	0.00e+00	0.00e+00
 6.64078e+22	2.33e-04	8.58e-01	1.14e-01	2.70e-02	5.84e-04	2.91e-06	0.00e+00	0.00e+00	0.00e+00	0.00e+00	0.00e+00	0.00e+00	0.00e+00	0.00e+00	0.00e+00
 6.68033e+22	2.53e-04	8.77e-01	9.86e-02	2.34e-02	4.42e-04	2.24e-06	0.00e+00	0.00e+00	0.00e+00	0.00e+00	0.00e+00	0.00e+00	0.00e+00	0.00e+00	0.00e+00
 6.72305e+22	2.72e-04	8.96e-01	8.38e-02	2.00e-02	3.29e-04	1.71e-06	0.00e+00	0.00e+00	0.00e+00	0.00e+00	0.00e+00	0.00e+00	0.00e+00	0.00e+00	0.00e+00
 6.76236e+22	2.88e-04	9.10e-01	7.19e-02	1.72e-02	2.48e-04	1.33e-06	0.00e+00	0.00e+00	0.00e+00	0.00e+00	0.00e+00	0.00e+00	0.00e+00	0.00e+00	0.00e+00
 6.79930e+22	3.03e-04	9.23e-01	6.16e-02	1.46e-02	1.86e-04	1.03e-06	0.00e+00	0.00e+00	0.00e+00	0.00e+00	0.00e+00	0.00e+00	0.00e+00	0.00e+00	0.00e+00
 6.83397e+22	3.14e-04	9.34e-01	5.28e-02	1.24e-02	1.39e-04	8.04e-07	0.00e+00	0.00e+00	0.00e+00	0.00e+00	0.00e+00	0.00e+00	0.00e+00	0.00e+00	0.00e+00
 6.86587e+22	3.22e-04	9.44e-01	4.53e-02	1.05e-02	1.05e-04	6.29e-07	0.00e+00	0.00e+00	0.00e+00	0.00e+00	0.00e+00	0.00e+00	0.00e+00	0.00e+00	0.00e+00
 6.89496e+22	3.27e-04	9.52e-01	3.89e-02	8.83e-03	7.99e-05	4.96e-07	0.00e+00	0.00e+00	0.00e+00	0.00e+00	0.00e+00	0.00e+00	0.00e+00	0.00e+00	0.00e+00
 6.92142e+22	3.28e-04	9.59e-01	3.34e-02	7.44e-03	6.13e-05	3.94e-07	0.00e+00	0.00e+00	0.00e+00	0.00e+00	0.00e+00	0.00e+00	0.00e+00	0.00e+00	0.00e+00
 6.94550e+22	3.27e-04	9.65e-01	2.86e-02	6.29e-03	4.76e-05	3.16e-07	0.00e+00	0.00e+00	0.00e+00	0.00e+00	0.00e+00	0.00e+00	0.00e+00	0.00e+00	0.00e+00
 6.96745e+22	3.22e-04	9.70e-01	2.44e-02	5.33e-03	3.74e-05	2.57e-07	0.00e+00	0.00e+00	0.00e+00	0.00e+00	0.00e+00	0.00e+00	0.00e+00	0.00e+00	0.00e+00
 6.98116e+22	3.15e-04	9.73e-01	2.23e-02	4.86e-03	3.27e-05	2.29e-07	0.00e+00	0.00e+00	0.00e+00	0.00e+00	0.00e+00	0.00e+00	0.00e+00	0.00e+00	0.00e+00
 6.98615e+22	3.13e-04	9.74e-01	2.15e-02	4.69e-03	3.11e-05	2.19e-07	0.00e+00	0.00e+00	0.00e+00	0.00e+00	0.00e+00	0.00e+00	0.00e+00	0.00e+00	0.00e+00
 6.99010e+22	3.12e-04	9.74e-01	2.07e-02	4.53e-03	2.97e-05	2.10e-07	0.00e+00	0.00e+00	0.00e+00	0.00e+00	0.00e+00	0.00e+00	0.00e+00	0.00e+00	0.00e+00
 6.99521e+22	3.10e-04	9.75e-01	1.99e-02	4.34e-03	2.80e-05	2.00e-07	0.00e+00	0.00e+00	0.00e+00	0.00e+00	0.00e+00	0.00e+00	0.00e+00	0.00e+00	0.00e+00
 7.00134e+22	3.07e-04	9.77e-01	1.87e-02	4.13e-03	2.61e-05	1.88e-07	0.00e+00	0.00e+00	0.00e+00	0.00e+00	0.00e+00	0.00e+00	0.00e+00	0.00e+00	0.00e+00
 7.00754e+22	3.05e-04	9.78e-01	1.76e-02	3.92e-03	2.44e-05	1.77e-07	0.00e+00	0.00e+00	0.00e+00	0.00e+00	0.00e+00	0.00e+00	0.00e+00	0.00e+00	0.00e+00
 7.01325e+22	3.01e-04	9.79e-01	1.68e-02	3.75e-03	2.29e-05	1.68e-07	0.00e+00	0.00e+00	0.00e+00	0.00e+00	0.00e+00	0.00e+00	0.00e+00	0.00e+00	0.00e+00
 7.01904e+22	2.98e-04	9.80e-01	1.57e-02	3.57e-03	2.15e-05	1.58e-07	0.00e+00	0.00e+00	0.00e+00	0.00e+00	0.00e+00	0.00e+00	0.00e+00	0.00e+00	0.00e+00
 7.02499e+22	2.94e-04	9.81e-01	1.49e-02	3.40e-03	2.02e-05	1.50e-07	0.00e+00	0.00e+00	0.00e+00	0.00e+00	0.00e+00	0.00e+00	0.00e+00	0.00e+00	0.00e+00
 7.03107e+22	2.90e-04	9.82e-01	1.40e-02	3.24e-03	1.89e-05	1.42e-07	0.00e+00	0.00e+00	0.00e+00	0.00e+00	0.00e+00	0.00e+00	0.00e+00	0.00e+00	0.00e+00
 7.03733e+22	2.86e-04	9.84e-01	1.30e-02	3.07e-03	1.77e-05	1.33e-07	0.00e+00	0.00e+00	0.00e+00	0.00e+00	0.00e+00	0.00e+00	0.00e+00	0.00e+00	0.00e+00
 7.04337e+22	2.82e-04	9.85e-01	1.22e-02	2.93e-03	1.66e-05	1.26e-07	0.00e+00	0.00e+00	0.00e+00	0.00e+00	0.00e+00	0.00e+00	0.00e+00	0.00e+00	0.00e+00
 7.04945e+22	2.77e-04	9.86e-01	1.14e-02	2.79e-03	1.56e-05	0.00e+00	0.00e+00	0.00e+00	0.00e+00	0.00e+00	0.00e+00	0.00e+00	0.00e+00	0.00e+00	0.00e+00
 7.05587e+22	2.72e-04	9.86e-01	1.06e-02	2.65e-03	1.46e-05	0.00e+00	0.00e+00	0.00e+00	0.00e+00	0.00e+00	0.00e+00	0.00e+00	0.00e+00	0.00e+00	0.00e+00
 7.06253e+22	2.66e-04	9.87e-01	9.86e-03	2.52e-03	1.37e-05	0.00e+00	0.00e+00	0.00e+00	0.00e+00	0.00e+00	0.00e+00	0.00e+00	0.00e+00	0.00e+00	0.00e+00
 7.06943e+22	2.60e-04	9.88e-01	9.05e-03	2.39e-03	1.29e-05	0.00e+00	0.00e+00	0.00e+00	0.00e+00	0.00e+00	0.00e+00	0.00e+00	0.00e+00	0.00e+00	0.00e+00
 7.07645e+22	2.53e-04	9.89e-01	8.39e-03	2.27e-03	1.21e-05	0.00e+00	0.00e+00	0.00e+00	0.00e+00	0.00e+00	0.00e+00	0.00e+00	0.00e+00	0.00e+00	0.00e+00
 7.08368e+22	2.46e-04	9.90e-01	7.65e-03	2.15e-03	1.13e-05	0.00e+00	0.00e+00	0.00e+00	0.00e+00	0.00e+00	0.00e+00	0.00e+00	0.00e+00	0.00e+00	0.00e+00
 7.09122e+22	2.39e-04	9.91e-01	6.96e-03	2.04e-03	1.06e-05	0.00e+00	0.00e+00	0.00e+00	0.00e+00	0.00e+00	0.00e+00	0.00e+00	0.00e+00	0.00e+00	0.00e+00
 7.09716e+22	2.33e-04	9.91e-01	6.58e-03	1.97e-03	1.02e-05	0.00e+00	0.00e+00	0.00e+00	0.00e+00	0.00e+00	0.00e+00	0.00e+00	0.00e+00	0.00e+00	0.00e+00
 7.10103e+22	2.29e-04	9.92e-01	6.28e-03	1.92e-03	9.93e-06	0.00e+00	0.00e+00	0.00e+00	0.00e+00	0.00e+00	0.00e+00	0.00e+00	0.00e+00	0.00e+00	0.00e+00
 7.10473e+22	2.26e-04	9.92e-01	6.00e-03	1.88e-03	9.65e-06	0.00e+00	0.00e+00	0.00e+00	0.00e+00	0.00e+00	0.00e+00	0.00e+00	0.00e+00	0.00e+00	0.00e+00
 7.10906e+22	2.22e-04	9.92e-01	5.69e-03	1.83e-03	9.35e-06	0.00e+00	0.00e+00	0.00e+00	0.00e+00	0.00e+00	0.00e+00	0.00e+00	0.00e+00	0.00e+00	0.00e+00
 7.11381e+22	2.18e-04	9.93e-01	5.34e-03	1.77e-03	9.04e-06	0.00e+00	0.00e+00	0.00e+00	0.00e+00	0.00e+00	0.00e+00	0.00e+00	0.00e+00	0.00e+00	0.00e+00
 7.11841e+22	2.13e-04	9.93e-01	5.10e-03	1.73e-03	8.78e-06	0.00e+00	0.00e+00	0.00e+00	0.00e+00	0.00e+00	0.00e+00	0.00e+00	0.00e+00	0.00e+00	0.00e+00
 7.12294e+22	2.09e-04	9.93e-01	4.82e-03	1.68e-03	8.52e-06	0.00e+00	0.00e+00	0.00e+00	0.00e+00	0.00e+00	0.00e+00	0.00e+00	0.00e+00	0.00e+00	0.00e+00
 7.12761e+22	2.05e-04	9.94e-01	4.56e-03	1.64e-03	8.28e-06	0.00e+00	0.00e+00	0.00e+00	0.00e+00	0.00e+00	0.00e+00	0.00e+00	0.00e+00	0.00e+00	0.00e+00
 7.13233e+22	2.01e-04	9.94e-01	4.31e-03	1.60e-03	8.05e-06	0.00e+00	0.00e+00	0.00e+00	0.00e+00	0.00e+00	0.00e+00	0.00e+00	0.00e+00	0.00e+00	0.00e+00
 7.13710e+22	1.97e-04	9.94e-01	4.05e-03	1.56e-03	7.82e-06	0.00e+00	0.00e+00	0.00e+00	0.00e+00	0.00e+00	0.00e+00	0.00e+00	0.00e+00	0.00e+00	0.00e+00
 7.14187e+22	1.93e-04	9.94e-01	3.85e-03	1.52e-03	7.63e-06	0.00e+00	0.00e+00	0.00e+00	0.00e+00	0.00e+00	0.00e+00	0.00e+00	0.00e+00	0.00e+00	0.00e+00
 7.14678e+22	1.89e-04	9.95e-01	3.62e-03	1.48e-03	7.43e-06	0.00e+00	0.00e+00	0.00e+00	0.00e+00	0.00e+00	0.00e+00	0.00e+00	0.00e+00	0.00e+00	0.00e+00
 7.15190e+22	1.85e-04	9.95e-01	3.41e-03	1.44e-03	7.23e-06	0.00e+00	0.00e+00	0.00e+00	0.00e+00	0.00e+00	0.00e+00	0.00e+00	0.00e+00	0.00e+00	0.00e+00
 7.15701e+22	1.82e-04	9.95e-01	3.21e-03	1.41e-03	7.05e-06	0.00e+00	0.00e+00	0.00e+00	0.00e+00	0.00e+00	0.00e+00	0.00e+00	0.00e+00	0.00e+00	0.00e+00
 7.16218e+22	1.78e-04	9.95e-01	3.03e-03	1.38e-03	6.88e-06	0.00e+00	0.00e+00	0.00e+00	0.00e+00	0.00e+00	0.00e+00	0.00e+00	0.00e+00	0.00e+00	0.00e+00
 7.16753e+22	1.74e-04	9.96e-01	2.85e-03	1.34e-03	6.72e-06	0.00e+00	0.00e+00	0.00e+00	0.00e+00	0.00e+00	0.00e+00	0.00e+00	0.00e+00	0.00e+00	0.00e+00
 7.17307e+22	1.71e-04	9.96e-01	2.67e-03	1.31e-03	6.56e-06	0.00e+00	0.00e+00	0.00e+00	0.00e+00	0.00e+00	0.00e+00	0.00e+00	0.00e+00	0.00e+00	0.00e+00
 7.17868e+22	1.67e-04	9.96e-01	2.51e-03	1.28e-03	6.41e-06	0.00e+00	0.00e+00	0.00e+00	0.00e+00	0.00e+00	0.00e+00	0.00e+00	0.00e+00	0.00e+00	0.00e+00
 7.18439e+22	1.64e-04	9.96e-01	2.35e-03	1.25e-03	6.26e-06	0.00e+00	0.00e+00	0.00e+00	0.00e+00	0.00e+00	0.00e+00	0.00e+00	0.00e+00	0.00e+00	0.00e+00
 7.19030e+22	1.60e-04	9.96e-01	2.20e-03	1.22e-03	6.12e-06	0.00e+00	0.00e+00	0.00e+00	0.00e+00	0.00e+00	0.00e+00	0.00e+00	0.00e+00	0.00e+00	0.00e+00
 7.19639e+22	1.57e-04	9.97e-01	2.05e-03	1.20e-03	5.99e-06	0.00e+00	0.00e+00	0.00e+00	0.00e+00	0.00e+00	0.00e+00	0.00e+00	0.00e+00	0.00e+00	0.00e+00
 7.20262e+22	1.54e-04	9.97e-01	1.91e-03	1.17e-03	5.86e-06	0.00e+00	0.00e+00	0.00e+00	0.00e+00	0.00e+00	0.00e+00	0.00e+00	0.00e+00	0.00e+00	0.00e+00
 7.20897e+22	1.51e-04	9.97e-01	1.78e-03	1.14e-03	5.74e-06	0.00e+00	0.00e+00	0.00e+00	0.00e+00	0.00e+00	0.00e+00	0.00e+00	0.00e+00	0.00e+00	0.00e+00
 7.21553e+22	1.48e-04	9.97e-01	1.65e-03	1.12e-03	5.61e-06	0.00e+00	0.00e+00	0.00e+00	0.00e+00	0.00e+00	0.00e+00	0.00e+00	0.00e+00	0.00e+00	0.00e+00
 7.22231e+22	1.45e-04	9.97e-01	1.53e-03	1.09e-03	5.50e-06	0.00e+00	0.00e+00	0.00e+00	0.00e+00	0.00e+00	0.00e+00	0.00e+00	0.00e+00	0.00e+00	0.00e+00
 7.22927e+22	1.43e-04	9.97e-01	1.42e-03	1.07e-03	5.39e-06	0.00e+00	0.00e+00	0.00e+00	0.00e+00	0.00e+00	0.00e+00	0.00e+00	0.00e+00	0.00e+00	0.00e+00
 7.23640e+22	1.40e-04	9.98e-01	1.30e-03	1.04e-03	5.28e-06	0.00e+00	0.00e+00	0.00e+00	0.00e+00	0.00e+00	0.00e+00	0.00e+00	0.00e+00	0.00e+00	0.00e+00
 7.24372e+22	1.37e-04	9.98e-01	1.20e-03	1.02e-03	5.17e-06	0.00e+00	0.00e+00	0.00e+00	0.00e+00	0.00e+00	0.00e+00	0.00e+00	0.00e+00	0.00e+00	0.00e+00
 7.25129e+22	1.35e-04	9.98e-01	1.10e-03	9.94e-04	5.07e-06	0.00e+00	0.00e+00	0.00e+00	0.00e+00	0.00e+00	0.00e+00	0.00e+00	0.00e+00	0.00e+00	0.00e+00
 7.25909e+22	1.33e-04	9.98e-01	1.00e-03	9.71e-04	4.97e-06	0.00e+00	0.00e+00	0.00e+00	0.00e+00	0.00e+00	0.00e+00	0.00e+00	0.00e+00	0.00e+00	0.00e+00
 7.26706e+22	1.31e-04	9.98e-01	9.21e-04	9.49e-04	4.88e-06	0.00e+00	0.00e+00	0.00e+00	0.00e+00	0.00e+00	0.00e+00	0.00e+00	0.00e+00	0.00e+00	0.00e+00
 7.27505e+22	1.29e-04	9.98e-01	8.36e-04	9.28e-04	4.79e-06	0.00e+00	0.00e+00	0.00e+00	0.00e+00	0.00e+00	0.00e+00	0.00e+00	0.00e+00	0.00e+00	0.00e+00
 7.28319e+22	1.27e-04	9.98e-01	7.59e-04	9.08e-04	4.70e-06	0.00e+00	0.00e+00	0.00e+00	0.00e+00	0.00e+00	0.00e+00	0.00e+00	0.00e+00	0.00e+00	0.00e+00
 7.29166e+22	1.26e-04	9.98e-01	6.83e-04	8.87e-04	4.61e-06	0.00e+00	0.00e+00	0.00e+00	0.00e+00	0.00e+00	0.00e+00	0.00e+00	0.00e+00	0.00e+00	0.00e+00
 7.30011e+22	1.24e-04	9.98e-01	6.19e-04	8.69e-04	4.53e-06	0.00e+00	0.00e+00	0.00e+00	0.00e+00	0.00e+00	0.00e+00	0.00e+00	0.00e+00	0.00e+00	0.00e+00
 7.30847e+22	1.23e-04	9.98e-01	5.55e-04	8.50e-04	4.45e-06	0.00e+00	0.00e+00	0.00e+00	0.00e+00	0.00e+00	0.00e+00	0.00e+00	0.00e+00	0.00e+00	0.00e+00
 7.31719e+22	1.22e-04	9.99e-01	4.98e-04	8.32e-04	4.38e-06	0.00e+00	0.00e+00	0.00e+00	0.00e+00	0.00e+00	0.00e+00	0.00e+00	0.00e+00	0.00e+00	0.00e+00
 7.32616e+22	1.21e-04	9.99e-01	4.45e-04	8.14e-04	4.30e-06	0.00e+00	0.00e+00	0.00e+00	0.00e+00	0.00e+00	0.00e+00	0.00e+00	0.00e+00	0.00e+00	0.00e+00
 7.33513e+22	1.21e-04	9.99e-01	4.00e-04	7.97e-04	4.23e-06	0.00e+00	0.00e+00	0.00e+00	0.00e+00	0.00e+00	0.00e+00	0.00e+00	0.00e+00	0.00e+00	0.00e+00
 7.34426e+22	1.20e-04	9.99e-01	3.55e-04	7.81e-04	4.16e-06	0.00e+00	0.00e+00	0.00e+00	0.00e+00	0.00e+00	0.00e+00	0.00e+00	0.00e+00	0.00e+00	0.00e+00
 7.35368e+22	1.20e-04	9.99e-01	3.14e-04	7.64e-04	4.09e-06	0.00e+00	0.00e+00	0.00e+00	0.00e+00	0.00e+00	0.00e+00	0.00e+00	0.00e+00	0.00e+00	0.00e+00
 7.36328e+22	1.20e-04	9.99e-01	2.78e-04	7.48e-04	4.02e-06	0.00e+00	0.00e+00	0.00e+00	0.00e+00	0.00e+00	0.00e+00	0.00e+00	0.00e+00	0.00e+00	0.00e+00
 7.37300e+22	1.21e-04	9.99e-01	2.44e-04	7.33e-04	3.96e-06	0.00e+00	0.00e+00	0.00e+00	0.00e+00	0.00e+00	0.00e+00	0.00e+00	0.00e+00	0.00e+00	0.00e+00
 7.38297e+22	1.22e-04	9.99e-01	2.15e-04	7.18e-04	3.89e-06	0.00e+00	0.00e+00	0.00e+00	0.00e+00	0.00e+00	0.00e+00	0.00e+00	0.00e+00	0.00e+00	0.00e+00
 7.39321e+22	1.22e-04	9.99e-01	1.89e-04	7.02e-04	3.83e-06	0.00e+00	0.00e+00	0.00e+00	0.00e+00	0.00e+00	0.00e+00	0.00e+00	0.00e+00	0.00e+00	0.00e+00
 7.40335e+22	1.24e-04	9.99e-01	1.67e-04	6.88e-04	3.76e-06	0.00e+00	0.00e+00	0.00e+00	0.00e+00	0.00e+00	0.00e+00	0.00e+00	0.00e+00	0.00e+00	0.00e+00
 7.41304e+22	1.25e-04	9.99e-01	1.49e-04	6.76e-04	3.71e-06	0.00e+00	0.00e+00	0.00e+00	0.00e+00	0.00e+00	0.00e+00	0.00e+00	0.00e+00	0.00e+00	0.00e+00
 7.42199e+22	1.27e-04	9.99e-01	1.35e-04	6.65e-04	3.66e-06	0.00e+00	0.00e+00	0.00e+00	0.00e+00	0.00e+00	0.00e+00	0.00e+00	0.00e+00	0.00e+00	0.00e+00
 7.43028e+22	1.29e-04	9.99e-01	1.23e-04	6.55e-04	3.62e-06	0.00e+00	0.00e+00	0.00e+00	0.00e+00	0.00e+00	0.00e+00	0.00e+00	0.00e+00	0.00e+00	0.00e+00
 7.43794e+22	1.30e-04	9.99e-01	1.14e-04	6.46e-04	3.58e-06	0.00e+00	0.00e+00	0.00e+00	0.00e+00	0.00e+00	0.00e+00	0.00e+00	0.00e+00	0.00e+00	0.00e+00
 7.44531e+22	1.32e-04	9.99e-01	1.06e-04	6.37e-04	3.54e-06	0.00e+00	0.00e+00	0.00e+00	0.00e+00	0.00e+00	0.00e+00	0.00e+00	0.00e+00	0.00e+00	0.00e+00
 7.45271e+22	1.34e-04	9.99e-01	1.00e-04	6.28e-04	3.50e-06	0.00e+00	0.00e+00	0.00e+00	0.00e+00	0.00e+00	0.00e+00	0.00e+00	0.00e+00	0.00e+00	0.00e+00
 7.45999e+22	1.37e-04	9.99e-01	9.43e-05	6.20e-04	3.46e-06	0.00e+00	0.00e+00	0.00e+00	0.00e+00	0.00e+00	0.00e+00	0.00e+00	0.00e+00	0.00e+00	0.00e+00
 7.46679e+22	1.39e-04	9.99e-01	9.02e-05	6.12e-04	3.43e-06	0.00e+00	0.00e+00	0.00e+00	0.00e+00	0.00e+00	0.00e+00	0.00e+00	0.00e+00	0.00e+00	0.00e+00
 7.47312e+22	1.41e-04	9.99e-01	8.67e-05	6.05e-04	3.39e-06	0.00e+00	0.00e+00	0.00e+00	0.00e+00	0.00e+00	0.00e+00	0.00e+00	0.00e+00	0.00e+00	0.00e+00
 7.47950e+22	1.43e-04	9.99e-01	8.37e-05	5.99e-04	3.36e-06	0.00e+00	0.00e+00	0.00e+00	0.00e+00	0.00e+00	0.00e+00	0.00e+00	0.00e+00	0.00e+00	0.00e+00
 7.48565e+22	1.46e-04	9.99e-01	8.12e-05	5.92e-04	3.33e-06	0.00e+00	0.00e+00	0.00e+00	0.00e+00	0.00e+00	0.00e+00	0.00e+00	0.00e+00	0.00e+00	0.00e+00
 7.49145e+22	1.48e-04	9.99e-01	7.92e-05	5.86e-04	3.30e-06	0.00e+00	0.00e+00	0.00e+00	0.00e+00	0.00e+00	0.00e+00	0.00e+00	0.00e+00	0.00e+00	0.00e+00
 7.49722e+22	1.51e-04	9.99e-01	7.74e-05	5.80e-04	3.28e-06	0.00e+00	0.00e+00	0.00e+00	0.00e+00	0.00e+00	0.00e+00	0.00e+00	0.00e+00	0.00e+00	0.00e+00
 7.50274e+22	1.53e-04	9.99e-01	7.60e-05	5.75e-04	3.25e-06	0.00e+00	0.00e+00	0.00e+00	0.00e+00	0.00e+00	0.00e+00	0.00e+00	0.00e+00	0.00e+00	0.00e+00
 7.50794e+22	1.56e-04	9.99e-01	7.48e-05	5.69e-04	3.23e-06	0.00e+00	0.00e+00	0.00e+00	0.00e+00	0.00e+00	0.00e+00	0.00e+00	0.00e+00	0.00e+00	0.00e+00
 7.51302e+22	1.59e-04	9.99e-01	7.38e-05	5.64e-04	3.21e-06	0.00e+00	0.00e+00	0.00e+00	0.00e+00	0.00e+00	0.00e+00	0.00e+00	0.00e+00	0.00e+00	0.00e+00
 7.51798e+22	1.61e-04	9.99e-01	7.28e-05	5.59e-04	3.18e-06	0.00e+00	0.00e+00	0.00e+00	0.00e+00	0.00e+00	0.00e+00	0.00e+00	0.00e+00	0.00e+00	0.00e+00
 7.52264e+22	1.64e-04	9.99e-01	7.21e-05	5.55e-04	3.16e-06	0.00e+00	0.00e+00	0.00e+00	0.00e+00	0.00e+00	0.00e+00	0.00e+00	0.00e+00	0.00e+00	0.00e+00
 7.52688e+22	1.67e-04	9.99e-01	7.14e-05	5.51e-04	3.15e-06	0.00e+00	0.00e+00	0.00e+00	0.00e+00	0.00e+00	0.00e+00	0.00e+00	0.00e+00	0.00e+00	0.00e+00
 7.53073e+22	1.69e-04	9.99e-01	7.09e-05	5.47e-04	3.13e-06	0.00e+00	0.00e+00	0.00e+00	0.00e+00	0.00e+00	0.00e+00	0.00e+00	0.00e+00	0.00e+00	0.00e+00
 7.53425e+22	1.72e-04	9.99e-01	7.04e-05	5.44e-04	3.12e-06	0.00e+00	0.00e+00	0.00e+00	0.00e+00	0.00e+00	0.00e+00	0.00e+00	0.00e+00	0.00e+00	0.00e+00
 7.53744e+22	1.74e-04	9.99e-01	7.00e-05	5.41e-04	3.11e-06	0.00e+00	0.00e+00	0.00e+00	0.00e+00	0.00e+00	0.00e+00	0.00e+00	0.00e+00	0.00e+00	0.00e+00
 7.54035e+22	1.76e-04	9.99e-01	6.97e-05	5.38e-04	3.10e-06	0.00e+00	0.00e+00	0.00e+00	0.00e+00	0.00e+00	0.00e+00	0.00e+00	0.00e+00	0.00e+00	0.00e+00
 7.54299e+22	1.78e-04	9.99e-01	6.93e-05	5.36e-04	3.09e-06	0.00e+00	0.00e+00	0.00e+00	0.00e+00	0.00e+00	0.00e+00	0.00e+00	0.00e+00	0.00e+00	0.00e+00
 7.54589e+22	1.81e-04	9.99e-01	6.90e-05	5.33e-04	3.08e-06	0.00e+00	0.00e+00	0.00e+00	0.00e+00	0.00e+00	0.00e+00	0.00e+00	0.00e+00	0.00e+00	0.00e+00
 7.54902e+22	1.83e-04	9.99e-01	6.86e-05	5.30e-04	3.07e-06	0.00e+00	0.00e+00	0.00e+00	0.00e+00	0.00e+00	0.00e+00	0.00e+00	0.00e+00	0.00e+00	0.00e+00
 7.55187e+22	1.85e-04	9.99e-01	6.83e-05	5.27e-04	3.06e-06	0.00e+00	0.00e+00	0.00e+00	0.00e+00	0.00e+00	0.00e+00	0.00e+00	0.00e+00	0.00e+00	0.00e+00
