#depth	S	S+	S+2	S+3	S+4	S+5	S+6	S+7	S+8	S+9	S+10	S+11	S+12	S+13	S+14	S+15	S+16
 1.54284e+22	0.00e+00	1.98e-29	5.14e-25	1.33e-21	1.75e-18	1.60e-15	2.75e-12	5.80e-10	4.80e-08	1.63e-06	3.35e-05	3.53e-04	2.34e-03	1.65e-02	2.36e-01	4.61e-01	2.83e-01
 3.53689e+22	0.00e+00	2.79e-27	4.93e-23	8.83e-20	7.83e-17	4.60e-14	6.33e-11	1.01e-08	6.18e-07	1.51e-05	2.25e-04	1.66e-03	7.31e-03	3.43e-02	3.33e-01	4.40e-01	1.83e-01
 4.21371e+22	0.00e+00	3.35e-26	4.82e-22	7.06e-19	5.06e-16	2.35e-13	2.97e-10	4.17e-08	2.21e-06	4.56e-05	5.79e-04	3.55e-03	1.27e-02	4.80e-02	3.83e-01	4.12e-01	1.40e-01
 4.55211e+22	0.00e+00	1.20e-25	1.55e-21	2.04e-18	1.30e-15	5.30e-13	6.51e-10	8.59e-08	4.24e-06	8.02e-05	9.38e-04	5.22e-03	1.67e-02	5.64e-02	4.07e-01	3.93e-01	1.20e-01
 4.69312e+22	0.00e+00	1.68e-25	2.11e-21	2.68e-18	1.66e-15	6.55e-13	7.97e-10	1.04e-07	5.02e-06	9.29e-05	1.06e-03	5.78e-03	1.79e-02	5.88e-02	4.13e-01	3.88e-01	1.15e-01
 4.74430e+22	0.00e+00	2.23e-25	2.73e-21	3.38e-18	2.03e-15	7.80e-13	9.45e-10	1.21e-07	5.79e-06	1.05e-04	1.18e-03	6.28e-03	1.90e-02	6.08e-02	4.18e-01	3.83e-01	1.11e-01
 4.79018e+22	0.00e+00	2.88e-25	3.44e-21	4.17e-18	2.45e-15	9.14e-13	1.10e-09	1.40e-07	6.59e-06	1.18e-04	1.30e-03	6.78e-03	2.00e-02	6.27e-02	4.22e-01	3.79e-01	1.08e-01
 4.84284e+22	0.00e+00	3.97e-25	4.62e-21	5.43e-18	3.09e-15	1.12e-12	1.34e-09	1.68e-07	7.76e-06	1.35e-04	1.47e-03	7.46e-03	2.14e-02	6.52e-02	4.27e-01	3.74e-01	1.03e-01
 4.89843e+22	0.00e+00	5.42e-25	6.13e-21	7.00e-18	3.86e-15	1.35e-12	1.61e-09	1.99e-07	9.07e-06	1.55e-04	1.65e-03	8.18e-03	2.29e-02	6.76e-02	4.32e-01	3.68e-01	9.93e-02
 4.94776e+22	0.00e+00	7.10e-25	7.84e-21	8.74e-18	4.70e-15	1.60e-12	1.90e-09	2.32e-07	1.04e-05	1.75e-04	1.82e-03	8.86e-03	2.42e-02	6.97e-02	4.36e-01	3.63e-01	9.58e-02
 5.00183e+22	0.00e+00	1.02e-24	1.09e-20	1.17e-17	6.08e-15	1.98e-12	2.35e-09	2.84e-07	1.25e-05	2.05e-04	2.08e-03	9.86e-03	2.60e-02	7.27e-02	4.42e-01	3.56e-01	9.12e-02
 5.05333e+22	0.00e+00	1.33e-24	1.38e-20	1.45e-17	7.30e-15	2.32e-12	2.74e-09	3.27e-07	1.42e-05	2.29e-04	2.29e-03	1.06e-02	2.75e-02	7.48e-02	4.45e-01	3.51e-01	8.80e-02
 5.10149e+22	0.00e+00	1.82e-24	1.85e-20	1.87e-17	9.15e-15	2.80e-12	3.31e-09	3.90e-07	1.67e-05	2.63e-04	2.58e-03	1.17e-02	2.93e-02	7.75e-02	4.50e-01	3.45e-01	8.41e-02
 5.15062e+22	0.00e+00	2.37e-24	2.34e-20	2.32e-17	1.10e-14	3.28e-12	3.86e-09	4.52e-07	1.91e-05	2.95e-04	2.84e-03	1.26e-02	3.09e-02	7.97e-02	4.53e-01	3.40e-01	8.10e-02
 5.20103e+22	0.00e+00	3.38e-24	3.23e-20	3.08e-17	1.41e-14	4.02e-12	4.74e-09	5.48e-07	2.27e-05	3.43e-04	3.24e-03	1.40e-02	3.31e-02	8.28e-02	4.57e-01	3.33e-01	7.69e-02
 5.25051e+22	0.00e+00	4.37e-24	4.07e-20	3.78e-17	1.68e-14	4.68e-12	5.51e-09	6.31e-07	2.58e-05	3.83e-04	3.55e-03	1.50e-02	3.49e-02	8.50e-02	4.60e-01	3.27e-01	7.41e-02
 5.29880e+22	0.00e+00	6.27e-24	5.62e-20	5.02e-17	2.15e-14	5.71e-12	6.75e-09	7.66e-07	3.09e-05	4.48e-04	4.05e-03	1.67e-02	3.74e-02	8.82e-02	4.63e-01	3.20e-01	7.01e-02
 5.34645e+22	0.00e+00	8.06e-24	7.06e-20	6.15e-17	2.55e-14	6.61e-12	7.82e-09	8.80e-07	3.50e-05	4.99e-04	4.44e-03	1.79e-02	3.93e-02	9.05e-02	4.66e-01	3.14e-01	6.75e-02
 5.39328e+22	0.00e+00	1.13e-23	9.54e-20	8.00e-17	3.20e-14	7.97e-12	9.46e-09	1.05e-06	4.13e-05	5.75e-04	5.01e-03	1.97e-02	4.19e-02	9.35e-02	4.68e-01	3.07e-01	6.40e-02
 5.44181e+22	0.00e+00	1.51e-23	1.24e-19	1.01e-16	3.89e-14	9.35e-12	1.12e-08	1.23e-06	4.77e-05	6.51e-04	5.57e-03	2.14e-02	4.43e-02	9.61e-02	4.70e-01	3.00e-01	6.11e-02
 5.48386e+22	0.00e+00	1.94e-23	1.56e-19	1.23e-16	4.62e-14	1.08e-11	1.29e-08	1.42e-06	5.41e-05	7.25e-04	6.10e-03	2.30e-02	4.65e-02	9.84e-02	4.72e-01	2.95e-01	5.87e-02
 5.52987e+22	0.00e+00	2.78e-23	2.15e-19	1.63e-16	5.84e-14	1.30e-11	1.57e-08	1.71e-06	6.46e-05	8.44e-04	6.94e-03	2.55e-02	4.98e-02	1.02e-01	4.73e-01	2.86e-01	5.53e-02
 5.57538e+22	0.00e+00	3.58e-23	2.69e-19	1.98e-16	6.91e-14	1.49e-11	1.81e-08	1.96e-06	7.31e-05	9.39e-04	7.58e-03	2.73e-02	5.21e-02	1.04e-01	4.74e-01	2.81e-01	5.30e-02
 5.62024e+22	0.00e+00	5.09e-23	3.68e-19	2.60e-16	8.67e-14	1.79e-11	2.20e-08	2.37e-06	8.68e-05	1.09e-03	8.59e-03	3.01e-02	5.56e-02	1.07e-01	4.75e-01	2.72e-01	4.99e-02
 5.66433e+22	0.00e+00	6.50e-23	4.59e-19	3.14e-16	1.02e-13	2.04e-11	2.52e-08	2.70e-06	9.78e-05	1.21e-03	9.36e-03	3.21e-02	5.81e-02	1.09e-01	4.75e-01	2.67e-01	4.78e-02
 5.70741e+22	0.00e+00	9.24e-23	6.27e-19	4.11e-16	1.27e-13	2.44e-11	3.05e-08	3.24e-06	1.16e-04	1.39e-03	1.06e-02	3.54e-02	6.19e-02	1.12e-01	4.75e-01	2.58e-01	4.48e-02
 5.75032e+22	0.00e+00	1.18e-22	7.82e-19	4.97e-16	1.49e-13	2.77e-11	3.50e-08	3.70e-06	1.31e-04	1.55e-03	1.15e-02	3.78e-02	6.47e-02	1.15e-01	4.75e-01	2.52e-01	4.29e-02
 5.79301e+22	0.00e+00	1.69e-22	1.07e-18	6.49e-16	1.86e-13	3.29e-11	4.22e-08	4.45e-06	1.55e-04	1.79e-03	1.30e-02	4.15e-02	6.88e-02	1.18e-01	4.73e-01	2.44e-01	4.01e-02
 5.83598e+22	0.00e+00	2.19e-22	1.35e-18	7.92e-16	2.19e-13	3.76e-11	4.86e-08	5.10e-06	1.76e-04	1.99e-03	1.42e-02	4.45e-02	7.19e-02	1.20e-01	4.72e-01	2.37e-01	3.82e-02
 5.87930e+22	0.00e+00	3.15e-22	1.86e-18	1.04e-15	2.73e-13	4.46e-11	5.89e-08	6.15e-06	2.09e-04	2.30e-03	1.61e-02	4.89e-02	7.64e-02	1.23e-01	4.69e-01	2.28e-01	3.55e-02
 5.92297e+22	0.00e+00	4.12e-22	2.36e-18	1.27e-15	3.23e-13	5.09e-11	6.80e-08	7.08e-06	2.38e-04	2.57e-03	1.76e-02	5.24e-02	7.98e-02	1.25e-01	4.67e-01	2.22e-01	3.37e-02
 5.96710e+22	0.00e+00	5.91e-22	3.24e-18	1.67e-15	4.02e-13	6.04e-11	8.22e-08	8.52e-06	2.82e-04	2.97e-03	1.99e-02	5.74e-02	8.46e-02	1.28e-01	4.63e-01	2.13e-01	3.12e-02
 6.01082e+22	4.35e-34	7.76e-22	4.12e-18	2.04e-15	4.75e-13	6.86e-11	9.49e-08	9.80e-06	3.21e-04	3.30e-03	2.17e-02	6.15e-02	8.83e-02	1.30e-01	4.60e-01	2.06e-01	2.95e-02
 6.05404e+22	6.66e-34	1.11e-21	5.65e-18	2.67e-15	5.88e-13	8.09e-11	1.14e-07	1.18e-05	3.80e-04	3.80e-03	2.44e-02	6.71e-02	9.33e-02	1.32e-01	4.55e-01	1.97e-01	2.73e-02
 6.09795e+22	9.35e-34	1.48e-21	7.26e-18	3.29e-15	6.97e-13	9.22e-11	1.32e-07	1.36e-05	4.33e-04	4.25e-03	2.67e-02	7.19e-02	9.73e-02	1.34e-01	4.50e-01	1.89e-01	2.56e-02
 6.14276e+22	1.46e-33	2.15e-21	1.01e-17	4.33e-15	8.68e-13	1.09e-10	1.60e-07	1.64e-05	5.15e-04	4.91e-03	3.00e-02	7.86e-02	1.03e-01	1.36e-01	4.44e-01	1.80e-01	2.35e-02
 6.18806e+22	2.06e-33	2.88e-21	1.30e-17	5.37e-15	1.03e-12	1.24e-10	1.85e-07	1.90e-05	5.88e-04	5.48e-03	3.29e-02	8.41e-02	1.07e-01	1.38e-01	4.38e-01	1.73e-01	2.19e-02
 6.23399e+22	3.25e-33	4.22e-21	1.82e-17	7.10e-15	1.29e-12	1.47e-10	2.24e-07	2.29e-05	6.99e-04	6.33e-03	3.69e-02	9.17e-02	1.13e-01	1.39e-01	4.29e-01	1.63e-01	2.00e-02
 6.28019e+22	4.60e-33	5.67e-21	2.35e-17	8.79e-15	1.52e-12	1.67e-10	2.59e-07	2.64e-05	7.97e-04	7.05e-03	4.03e-02	9.79e-02	1.17e-01	1.40e-01	4.22e-01	1.56e-01	1.86e-02
 6.31999e+22	6.45e-33	7.54e-21	3.02e-17	1.08e-14	1.80e-12	1.89e-10	2.98e-07	3.03e-05	9.04e-04	7.82e-03	4.38e-02	1.04e-01	1.21e-01	1.41e-01	4.15e-01	1.49e-01	1.73e-02
 6.36500e+22	9.94e-33	1.09e-20	4.16e-17	1.41e-14	2.21e-12	2.21e-10	3.56e-07	3.61e-05	1.06e-03	8.91e-03	4.87e-02	1.12e-01	1.26e-01	1.42e-01	4.04e-01	1.40e-01	1.57e-02
 6.41046e+22	1.40e-32	1.45e-20	5.34e-17	1.74e-14	2.60e-12	2.49e-10	4.08e-07	4.14e-05	1.20e-03	9.85e-03	5.27e-02	1.19e-01	1.31e-01	1.43e-01	3.96e-01	1.33e-01	1.45e-02
 6.45648e+22	2.16e-32	2.10e-20	7.38e-17	2.27e-14	3.21e-12	2.92e-10	4.86e-07	4.92e-05	1.40e-03	1.12e-02	5.83e-02	1.28e-01	1.36e-01	1.43e-01	3.84e-01	1.25e-01	1.31e-02
 6.50266e+22	2.99e-32	2.77e-20	9.40e-17	2.77e-14	3.76e-12	3.29e-10	5.53e-07	5.59e-05	1.57e-03	1.23e-02	6.27e-02	1.35e-01	1.40e-01	1.43e-01	3.75e-01	1.19e-01	1.21e-02
 6.54903e+22	4.61e-32	4.00e-20	1.29e-16	3.61e-14	4.62e-12	3.83e-10	6.54e-07	6.59e-05	1.83e-03	1.39e-02	6.89e-02	1.44e-01	1.44e-01	1.42e-01	3.63e-01	1.10e-01	1.09e-02
 6.59619e+22	6.38e-32	5.27e-20	1.65e-16	4.41e-14	5.42e-12	4.32e-10	7.42e-07	7.47e-05	2.04e-03	1.52e-02	7.39e-02	1.52e-01	1.48e-01	1.42e-01	3.53e-01	1.04e-01	1.00e-02
 6.64438e+22	9.80e-32	7.60e-20	2.27e-16	5.74e-14	6.66e-12	5.04e-10	8.74e-07	8.78e-05	2.36e-03	1.70e-02	8.08e-02	1.61e-01	1.52e-01	1.41e-01	3.40e-01	9.68e-02	8.93e-03
 6.69382e+22	1.37e-31	1.01e-19	2.90e-16	7.05e-14	7.85e-12	5.71e-10	9.91e-07	9.93e-05	2.64e-03	1.86e-02	8.63e-02	1.69e-01	1.55e-01	1.40e-01	3.29e-01	9.11e-02	8.17e-03
 6.74486e+22	2.10e-31	1.46e-19	4.01e-16	9.21e-14	9.68e-12	6.69e-10	1.16e-06	1.16e-04	3.04e-03	2.08e-02	9.39e-02	1.79e-01	1.59e-01	1.38e-01	3.15e-01	8.40e-02	7.25e-03
 6.79695e+22	2.94e-31	1.95e-19	5.16e-16	1.14e-13	1.14e-11	7.59e-10	1.32e-06	1.31e-04	3.39e-03	2.26e-02	1.00e-01	1.87e-01	1.62e-01	1.36e-01	3.04e-01	7.86e-02	6.59e-03
 6.85038e+22	4.52e-31	2.82e-19	7.13e-16	1.49e-13	1.41e-11	8.92e-10	1.54e-06	1.53e-04	3.88e-03	2.52e-02	1.08e-01	1.96e-01	1.65e-01	1.34e-01	2.89e-01	7.20e-02	5.81e-03
 6.90418e+22	6.27e-31	3.74e-19	9.12e-16	1.83e-13	1.67e-11	1.01e-09	1.74e-06	1.72e-04	4.30e-03	2.72e-02	1.15e-01	2.04e-01	1.67e-01	1.32e-01	2.78e-01	6.72e-02	5.27e-03
 6.95847e+22	9.50e-31	5.35e-19	1.25e-15	2.37e-13	2.05e-11	1.18e-09	2.02e-06	1.99e-04	4.89e-03	3.01e-02	1.23e-01	2.13e-01	1.69e-01	1.29e-01	2.64e-01	6.14e-02	4.64e-03
 7.01417e+22	1.32e-30	7.12e-19	1.61e-15	2.93e-13	2.42e-11	1.35e-09	2.27e-06	2.23e-04	5.40e-03	3.25e-02	1.30e-01	2.20e-01	1.71e-01	1.27e-01	2.53e-01	5.70e-02	4.18e-03
 7.06239e+22	1.79e-30	9.23e-19	2.02e-15	3.54e-13	2.82e-11	1.52e-09	2.52e-06	2.47e-04	5.91e-03	3.48e-02	1.37e-01	2.27e-01	1.72e-01	1.24e-01	2.43e-01	5.32e-02	3.79e-03
 7.11577e+22	2.63e-30	1.29e-18	2.70e-15	4.52e-13	3.43e-11	1.76e-09	2.89e-06	2.81e-04	6.61e-03	3.79e-02	1.45e-01	2.35e-01	1.73e-01	1.21e-01	2.30e-01	4.86e-02	3.35e-03
 7.16986e+22	3.55e-30	1.67e-18	3.39e-15	5.48e-13	4.00e-11	1.98e-09	3.20e-06	3.11e-04	7.21e-03	4.05e-02	1.51e-01	2.41e-01	1.73e-01	1.19e-01	2.20e-01	4.52e-02	3.03e-03
 7.22487e+22	5.21e-30	2.33e-18	4.54e-15	7.00e-13	4.86e-11	2.31e-09	3.65e-06	3.52e-04	8.05e-03	4.39e-02	1.60e-01	2.49e-01	1.73e-01	1.15e-01	2.07e-01	4.11e-02	2.65e-03
 7.28073e+22	7.00e-30	3.00e-18	5.68e-15	8.45e-13	5.66e-11	2.60e-09	4.04e-06	3.88e-04	8.74e-03	4.67e-02	1.67e-01	2.54e-01	1.73e-01	1.12e-01	1.98e-01	3.81e-02	2.40e-03
 7.32970e+22	9.32e-30	3.85e-18	7.07e-15	1.02e-12	6.56e-11	2.91e-09	4.45e-06	4.26e-04	9.47e-03	4.95e-02	1.73e-01	2.59e-01	1.73e-01	1.09e-01	1.89e-01	3.54e-02	2.16e-03
 7.38540e+22	1.36e-29	5.32e-18	9.40e-15	1.29e-12	7.94e-11	3.38e-09	5.04e-06	4.79e-04	1.05e-02	5.34e-02	1.82e-01	2.65e-01	1.72e-01	1.06e-01	1.77e-01	3.20e-02	1.89e-03
 7.44084e+22	1.77e-29	6.70e-18	1.15e-14	1.53e-12	9.14e-11	3.77e-09	5.52e-06	5.22e-04	1.13e-02	5.63e-02	1.88e-01	2.70e-01	1.71e-01	1.03e-01	1.69e-01	2.98e-02	1.72e-03
 7.49597e+22	2.53e-29	9.13e-18	1.51e-14	1.92e-12	1.10e-10	4.35e-09	6.20e-06	5.83e-04	1.24e-02	6.02e-02	1.96e-01	2.75e-01	1.70e-01	9.90e-02	1.58e-01	2.70e-02	1.50e-03
 7.55217e+22	3.31e-29	1.15e-17	1.86e-14	2.29e-12	1.27e-10	4.87e-09	6.80e-06	6.34e-04	1.33e-02	6.34e-02	2.02e-01	2.79e-01	1.68e-01	9.61e-02	1.51e-01	2.50e-02	1.36e-03
 7.60978e+22	4.73e-29	1.57e-17	2.44e-14	2.89e-12	1.52e-10	5.63e-09	7.64e-06	7.08e-04	1.46e-02	6.78e-02	2.10e-01	2.83e-01	1.67e-01	9.23e-02	1.41e-01	2.26e-02	1.18e-03
 7.66848e+22	6.23e-29	1.99e-17	3.01e-14	3.45e-12	1.76e-10	6.32e-09	8.39e-06	7.70e-04	1.57e-02	7.12e-02	2.17e-01	2.86e-01	1.65e-01	8.93e-02	1.33e-01	2.08e-02	1.06e-03
 7.72859e+22	8.94e-29	2.72e-17	3.97e-14	4.36e-12	2.13e-10	7.33e-09	9.43e-06	8.59e-04	1.71e-02	7.60e-02	2.25e-01	2.90e-01	1.62e-01	8.54e-02	1.24e-01	1.87e-02	9.19e-04
 7.78981e+22	2.31e-29	3.46e-17	4.91e-14	5.22e-12	2.47e-10	8.24e-09	1.04e-05	9.34e-04	1.84e-02	7.97e-02	2.31e-01	2.92e-01	1.60e-01	8.24e-02	1.17e-01	1.72e-02	8.23e-04
 7.85246e+22	3.30e-29	4.74e-17	6.48e-14	6.60e-12	2.99e-10	9.58e-09	1.16e-05	1.04e-03	2.01e-02	8.48e-02	2.39e-01	2.95e-01	1.57e-01	7.85e-02	1.09e-01	1.53e-02	7.09e-04
 7.91371e+22	4.19e-29	5.85e-17	7.82e-14	7.76e-12	3.42e-10	1.07e-08	1.27e-05	1.12e-03	2.14e-02	8.85e-02	2.44e-01	2.96e-01	1.55e-01	7.58e-02	1.03e-01	1.42e-02	6.40e-04
 7.97312e+22	5.88e-29	7.88e-17	1.02e-13	9.69e-12	4.09e-10	1.23e-08	1.42e-05	1.24e-03	2.32e-02	9.35e-02	2.51e-01	2.98e-01	1.51e-01	7.22e-02	9.56e-02	1.27e-02	5.54e-04
 8.03342e+22	7.48e-29	9.74e-17	1.23e-13	1.14e-11	4.68e-10	1.37e-08	1.54e-05	1.34e-03	2.46e-02	9.74e-02	2.57e-01	2.99e-01	1.49e-01	6.96e-02	9.05e-02	1.17e-02	4.99e-04
 8.09487e+22	1.04e-28	1.30e-16	1.59e-13	1.42e-11	5.59e-10	1.58e-08	1.72e-05	1.47e-03	2.67e-02	1.03e-01	2.63e-01	3.00e-01	1.45e-01	6.61e-02	8.39e-02	1.05e-02	4.32e-04
 8.15821e+22	1.35e-28	1.64e-16	1.95e-13	1.69e-11	6.47e-10	1.78e-08	1.88e-05	1.60e-03	2.84e-02	1.07e-01	2.69e-01	3.00e-01	1.42e-01	6.34e-02	7.87e-02	9.60e-03	3.84e-04
 8.22401e+22	1.88e-28	2.19e-16	2.53e-13	2.11e-11	7.77e-10	2.06e-08	2.11e-05	1.76e-03	3.07e-02	1.13e-01	2.75e-01	3.00e-01	1.38e-01	6.00e-02	7.27e-02	8.56e-03	3.31e-04
 8.29191e+22	2.48e-28	2.81e-16	3.15e-13	2.55e-11	9.07e-10	2.33e-08	2.32e-05	1.91e-03	3.28e-02	1.18e-01	2.80e-01	2.99e-01	1.35e-01	5.72e-02	6.78e-02	7.76e-03	2.91e-04
 8.36257e+22	3.49e-28	3.79e-16	4.12e-13	3.21e-11	1.10e-09	2.72e-08	2.62e-05	2.12e-03	3.56e-02	1.24e-01	2.86e-01	2.98e-01	1.31e-01	5.39e-02	6.22e-02	6.87e-03	2.48e-04
 8.43507e+22	4.65e-28	4.88e-16	5.15e-13	3.90e-11	1.29e-09	3.09e-08	2.89e-05	2.31e-03	3.80e-02	1.29e-01	2.91e-01	2.97e-01	1.27e-01	5.12e-02	5.78e-02	6.19e-03	2.17e-04
 8.50998e+22	6.62e-28	6.66e-16	6.80e-13	4.95e-11	1.57e-09	3.63e-08	3.27e-05	2.56e-03	4.12e-02	1.36e-01	2.97e-01	2.95e-01	1.22e-01	4.79e-02	5.27e-02	5.43e-03	1.84e-04
 8.58726e+22	8.93e-28	8.66e-16	8.59e-13	6.05e-11	1.86e-09	4.16e-08	3.63e-05	2.80e-03	4.41e-02	1.42e-01	3.02e-01	2.92e-01	1.18e-01	4.53e-02	4.87e-02	4.86e-03	1.59e-04
 8.66761e+22	1.29e-27	1.20e-15	1.15e-12	7.77e-11	2.29e-09	4.92e-08	4.13e-05	3.12e-03	4.78e-02	1.49e-01	3.07e-01	2.89e-01	1.14e-01	4.21e-02	4.40e-02	4.23e-03	1.33e-04
 8.75073e+22	1.77e-27	1.57e-15	1.47e-12	9.62e-11	2.74e-09	5.68e-08	4.62e-05	3.42e-03	5.13e-02	1.55e-01	3.11e-01	2.86e-01	1.09e-01	3.96e-02	4.03e-02	3.74e-03	1.14e-04
 8.82588e+22	2.39e-27	2.05e-15	1.86e-12	1.18e-10	3.25e-09	6.53e-08	5.14e-05	3.73e-03	5.48e-02	1.61e-01	3.15e-01	2.83e-01	1.05e-01	3.72e-02	3.70e-02	3.33e-03	9.81e-05
 8.91203e+22	3.50e-27	2.87e-15	2.51e-12	1.53e-10	4.04e-09	7.79e-08	5.88e-05	4.17e-03	5.95e-02	1.69e-01	3.19e-01	2.78e-01	1.00e-01	3.43e-02	3.32e-02	2.86e-03	8.10e-05
 9.00002e+22	4.81e-27	3.79e-15	3.22e-12	1.90e-10	4.83e-09	9.02e-08	6.57e-05	4.56e-03	6.36e-02	1.76e-01	3.22e-01	2.73e-01	9.58e-02	3.20e-02	3.03e-02	2.52e-03	6.89e-05
 9.07853e+22	6.50e-27	4.94e-15	4.09e-12	2.34e-10	5.75e-09	1.04e-07	7.33e-05	4.98e-03	6.78e-02	1.82e-01	3.24e-01	2.69e-01	9.17e-02	3.00e-02	2.77e-02	2.23e-03	5.90e-05
 9.16874e+22	9.79e-27	7.08e-15	5.63e-12	3.08e-10	7.23e-09	1.25e-07	8.43e-05	5.58e-03	7.36e-02	1.91e-01	3.27e-01	2.63e-01	8.65e-02	2.74e-02	2.45e-02	1.88e-03	4.76e-05
 9.25964e+22	1.32e-26	9.22e-15	7.15e-12	3.79e-10	8.60e-09	1.44e-07	9.40e-05	6.08e-03	7.83e-02	1.97e-01	3.29e-01	2.58e-01	8.25e-02	2.55e-02	2.23e-02	1.66e-03	4.06e-05
 9.35141e+22	1.99e-26	1.33e-14	9.88e-12	5.00e-10	1.08e-08	1.74e-07	1.08e-04	6.81e-03	8.49e-02	2.06e-01	3.30e-01	2.51e-01	7.74e-02	2.32e-02	1.96e-02	1.39e-03	3.26e-05
 9.44434e+22	2.73e-26	1.75e-14	1.27e-11	6.20e-10	1.30e-08	2.01e-07	1.21e-04	7.43e-03	9.03e-02	2.12e-01	3.31e-01	2.45e-01	7.36e-02	2.15e-02	1.77e-02	1.22e-03	2.75e-05
 9.53877e+22	4.12e-26	2.52e-14	1.76e-11	8.21e-10	1.64e-08	2.43e-07	1.39e-04	8.31e-03	9.77e-02	2.21e-01	3.31e-01	2.37e-01	6.87e-02	1.94e-02	1.55e-02	1.01e-03	2.19e-05
 9.62902e+22	5.45e-26	3.24e-14	2.20e-11	9.96e-10	1.92e-08	2.77e-07	1.53e-04	8.97e-03	1.03e-01	2.27e-01	3.31e-01	2.32e-01	6.54e-02	1.81e-02	1.41e-02	8.95e-04	1.87e-05
 9.71386e+22	7.89e-26	4.52e-14	2.95e-11	1.28e-09	2.37e-08	3.28e-07	1.74e-04	9.91e-03	1.10e-01	2.34e-01	3.30e-01	2.24e-01	6.12e-02	1.65e-02	1.25e-02	7.57e-04	1.51e-05
 9.79928e+22	1.04e-25	5.81e-14	3.69e-11	1.56e-09	2.79e-08	3.75e-07	1.92e-04	1.07e-02	1.16e-01	2.40e-01	3.29e-01	2.18e-01	5.81e-02	1.53e-02	1.13e-02	6.65e-04	1.29e-05
 9.88548e+22	1.52e-25	8.17e-14	5.00e-11	2.02e-09	3.46e-08	4.46e-07	2.19e-04	1.18e-02	1.24e-01	2.47e-01	3.27e-01	2.11e-01	5.42e-02	1.38e-02	9.94e-03	5.58e-04	1.03e-05
 9.97256e+22	2.02e-25	1.06e-13	6.31e-11	2.47e-09	4.09e-08	5.11e-07	2.42e-04	1.28e-02	1.31e-01	2.53e-01	3.25e-01	2.05e-01	5.12e-02	1.28e-02	8.97e-03	4.87e-04	8.70e-06
 1.00608e+23	2.94e-25	1.51e-13	8.61e-11	3.22e-09	5.10e-08	6.11e-07	2.76e-04	1.41e-02	1.40e-01	2.60e-01	3.22e-01	1.97e-01	4.75e-02	1.15e-02	7.82e-03	4.05e-04	6.91e-06
 1.01502e+23	3.94e-25	1.97e-13	1.10e-10	3.96e-09	6.06e-08	7.04e-07	3.06e-04	1.53e-02	1.47e-01	2.65e-01	3.19e-01	1.90e-01	4.47e-02	1.06e-02	7.01e-03	3.50e-04	5.76e-06
 1.02410e+23	5.80e-25	2.84e-13	1.51e-10	5.23e-09	7.62e-08	8.49e-07	3.51e-04	1.70e-02	1.57e-01	2.72e-01	3.14e-01	1.82e-01	4.12e-02	9.48e-03	6.05e-03	2.88e-04	4.51e-06
 1.03332e+23	7.78e-25	3.75e-13	1.94e-10	6.47e-09	9.12e-08	9.83e-07	3.92e-04	1.84e-02	1.66e-01	2.77e-01	3.10e-01	1.75e-01	3.85e-02	8.68e-03	5.39e-03	2.47e-04	3.72e-06
 1.04270e+23	1.14e-24	5.44e-13	2.70e-10	8.60e-09	1.16e-07	1.20e-06	4.52e-04	2.04e-02	1.77e-01	2.83e-01	3.04e-01	1.67e-01	3.52e-02	7.70e-03	4.62e-03	2.00e-04	2.88e-06
 1.05229e+23	1.57e-24	7.35e-13	3.53e-10	1.08e-08	1.40e-07	1.40e-06	5.08e-04	2.23e-02	1.86e-01	2.88e-01	2.99e-01	1.60e-01	3.27e-02	6.98e-03	4.06e-03	1.69e-04	2.33e-06
 1.06215e+23	2.32e-24	1.09e-12	5.00e-10	1.46e-08	1.81e-07	1.73e-06	5.92e-04	2.49e-02	1.99e-01	2.93e-01	2.92e-01	1.51e-01	2.96e-02	6.12e-03	3.43e-03	1.35e-04	1.76e-06
 1.07216e+23	3.18e-24	1.48e-12	6.59e-10	1.86e-08	2.21e-07	2.05e-06	6.69e-04	2.73e-02	2.10e-01	2.97e-01	2.85e-01	1.43e-01	2.73e-02	5.51e-03	2.99e-03	1.13e-04	1.41e-06
 1.08203e+23	4.60e-24	2.17e-12	9.24e-10	2.50e-08	2.84e-07	2.53e-06	7.80e-04	3.05e-02	2.23e-01	3.01e-01	2.77e-01	1.35e-01	2.46e-02	4.82e-03	2.51e-03	8.97e-05	1.06e-06
 1.09145e+23	6.05e-24	2.85e-12	1.18e-09	3.10e-08	3.41e-07	2.95e-06	8.74e-04	3.31e-02	2.34e-01	3.04e-01	2.71e-01	1.29e-01	2.28e-02	4.37e-03	2.21e-03	7.58e-05	8.61e-07
 1.10062e+23	8.49e-24	4.09e-12	1.63e-09	4.11e-08	4.34e-07	3.62e-06	1.02e-03	3.68e-02	2.47e-01	3.06e-01	2.62e-01	1.20e-01	2.05e-02	3.83e-03	1.86e-03	6.06e-05	6.52e-07
 1.10996e+23	1.12e-23	5.43e-12	2.11e-09	5.15e-08	5.27e-07	4.27e-06	1.15e-03	4.01e-02	2.59e-01	3.08e-01	2.54e-01	1.14e-01	1.88e-02	3.43e-03	1.62e-03	5.05e-05	5.21e-07
 1.11907e+23	1.51e-23	7.59e-12	2.85e-09	6.73e-08	6.65e-07	5.21e-06	1.33e-03	4.45e-02	2.72e-01	3.09e-01	2.45e-01	1.07e-01	1.69e-02	3.01e-03	1.37e-03	4.04e-05	3.97e-07
 1.12836e+23	1.96e-23	1.02e-11	3.71e-09	8.52e-08	8.16e-07	6.21e-06	1.51e-03	4.87e-02	2.85e-01	3.09e-01	2.36e-01	1.00e-01	1.54e-02	2.67e-03	1.17e-03	3.32e-05	3.11e-07
 1.13743e+23	2.57e-23	1.38e-11	4.92e-09	1.10e-07	1.02e-06	7.53e-06	1.74e-03	5.38e-02	2.98e-01	3.09e-01	2.27e-01	9.34e-02	1.38e-02	2.34e-03	9.92e-04	2.67e-05	2.38e-07
 1.14667e+23	3.31e-23	1.85e-11	6.41e-09	1.40e-07	1.26e-06	9.05e-06	1.99e-03	5.91e-02	3.11e-01	3.08e-01	2.17e-01	8.71e-02	1.24e-02	2.06e-03	8.42e-04	2.16e-05	1.84e-07
 1.15585e+23	4.24e-23	2.48e-11	8.39e-09	1.78e-07	1.56e-06	1.09e-05	2.29e-03	6.50e-02	3.25e-01	3.06e-01	2.07e-01	8.07e-02	1.11e-02	1.80e-03	7.09e-04	1.73e-05	1.41e-07
 1.16507e+23	5.37e-23	3.29e-11	1.09e-08	2.26e-07	1.93e-06	1.32e-05	2.62e-03	7.14e-02	3.38e-01	3.04e-01	1.98e-01	7.47e-02	9.89e-03	1.57e-03	5.97e-04	1.39e-05	0.00e+00
 1.17419e+23	6.72e-23	4.32e-11	1.40e-08	2.86e-07	2.38e-06	1.59e-05	3.00e-03	7.83e-02	3.51e-01	3.00e-01	1.88e-01	6.90e-02	8.81e-03	1.37e-03	5.02e-04	1.11e-05	0.00e+00
 1.18330e+23	8.34e-23	5.62e-11	1.79e-08	3.60e-07	2.92e-06	1.91e-05	3.43e-03	8.57e-02	3.63e-01	2.96e-01	1.78e-01	6.35e-02	7.82e-03	1.19e-03	4.21e-04	8.89e-06	0.00e+00
 1.19243e+23	1.03e-22	7.26e-11	2.28e-08	4.52e-07	3.58e-06	2.30e-05	3.92e-03	9.38e-02	3.75e-01	2.92e-01	1.68e-01	5.83e-02	6.93e-03	1.03e-03	3.52e-04	7.08e-06	0.00e+00
 1.20160e+23	1.26e-22	9.32e-11	2.89e-08	5.66e-07	4.39e-06	2.75e-05	4.48e-03	1.02e-01	3.87e-01	2.87e-01	1.59e-01	5.33e-02	6.11e-03	8.85e-04	2.93e-04	5.62e-06	0.00e+00
 1.21084e+23	1.53e-22	1.19e-10	3.64e-08	7.06e-07	5.36e-06	3.31e-05	5.11e-03	1.12e-01	3.99e-01	2.81e-01	1.49e-01	4.85e-02	5.37e-03	7.60e-04	2.43e-04	4.45e-06	0.00e+00
 1.22016e+23	1.85e-22	1.50e-10	4.57e-08	8.78e-07	6.54e-06	3.96e-05	5.82e-03	1.22e-01	4.09e-01	2.74e-01	1.40e-01	4.41e-02	4.71e-03	6.51e-04	2.01e-04	3.50e-06	0.00e+00
 1.22961e+23	2.24e-22	1.89e-10	5.71e-08	1.09e-06	7.97e-06	4.75e-05	6.62e-03	1.32e-01	4.19e-01	2.67e-01	1.30e-01	3.99e-02	4.11e-03	5.55e-04	1.66e-04	2.75e-06	0.00e+00
 1.23910e+23	2.69e-22	2.35e-10	7.09e-08	1.34e-06	9.66e-06	5.67e-05	7.52e-03	1.43e-01	4.28e-01	2.60e-01	1.21e-01	3.60e-02	3.58e-03	4.72e-04	1.36e-04	2.15e-06	0.00e+00
 1.24875e+23	3.25e-22	2.93e-10	8.80e-08	1.66e-06	1.17e-05	6.79e-05	8.54e-03	1.55e-01	4.37e-01	2.51e-01	1.12e-01	3.23e-02	3.10e-03	3.98e-04	1.11e-04	1.67e-06	0.00e+00
 1.25852e+23	3.90e-22	3.60e-10	1.08e-07	2.04e-06	1.42e-05	8.08e-05	9.66e-03	1.67e-01	4.44e-01	2.43e-01	1.04e-01	2.89e-02	2.68e-03	3.37e-04	9.08e-05	1.30e-06	0.00e+00
 1.26849e+23	5.48e-22	4.43e-10	1.34e-07	2.52e-06	1.72e-05	9.69e-05	1.10e-02	1.81e-01	4.50e-01	2.34e-01	9.57e-02	2.57e-02	2.30e-03	2.81e-04	7.31e-05	9.94e-07	0.00e+00
 1.27775e+23	5.24e-21	5.22e-10	1.58e-07	2.97e-06	2.00e-05	1.12e-04	1.21e-02	1.92e-01	4.54e-01	2.26e-01	8.94e-02	2.33e-02	2.03e-03	2.43e-04	6.15e-05	8.03e-07	0.00e+00
 1.28729e+23	7.46e-21	6.39e-10	1.94e-07	3.66e-06	2.43e-05	1.34e-04	1.38e-02	2.07e-01	4.59e-01	2.16e-01	8.15e-02	2.05e-02	1.72e-03	2.00e-04	4.90e-05	6.06e-07	0.00e+00
 1.29702e+23	9.57e-21	7.49e-10	2.29e-07	4.31e-06	2.83e-05	1.55e-04	1.52e-02	2.19e-01	4.61e-01	2.09e-01	7.56e-02	1.85e-02	1.51e-03	1.72e-04	4.08e-05	4.84e-07	0.00e+00
 1.30700e+23	1.31e-20	9.09e-10	2.81e-07	5.31e-06	3.44e-05	1.86e-04	1.72e-02	2.35e-01	4.63e-01	1.98e-01	6.83e-02	1.61e-02	1.27e-03	1.40e-04	3.21e-05	3.60e-07	0.00e+00
 1.31700e+23	1.75e-20	1.06e-09	3.28e-07	6.21e-06	3.97e-05	2.13e-04	1.89e-02	2.48e-01	4.64e-01	1.90e-01	6.33e-02	1.45e-02	1.11e-03	1.20e-04	2.68e-05	2.89e-07	0.00e+00
 1.32703e+23	2.50e-20	1.27e-09	3.98e-07	7.57e-06	4.77e-05	2.54e-04	2.13e-02	2.64e-01	4.63e-01	1.80e-01	5.71e-02	1.26e-02	9.29e-04	9.75e-05	2.11e-05	2.15e-07	0.00e+00
 1.33714e+23	3.46e-20	1.46e-09	4.63e-07	8.81e-06	5.49e-05	2.90e-04	2.33e-02	2.77e-01	4.62e-01	1.72e-01	5.26e-02	1.13e-02	8.10e-04	8.31e-05	1.75e-05	1.71e-07	0.00e+00
 1.34734e+23	5.24e-20	1.73e-09	5.58e-07	1.07e-05	6.56e-05	3.44e-04	2.61e-02	2.94e-01	4.59e-01	1.62e-01	4.72e-02	9.82e-03	6.77e-04	6.74e-05	1.37e-05	1.27e-07	0.00e+00
 1.35763e+23	7.82e-20	1.99e-09	6.45e-07	1.24e-05	7.51e-05	3.91e-04	2.84e-02	3.07e-01	4.57e-01	1.55e-01	4.34e-02	8.77e-03	5.88e-04	5.72e-05	1.14e-05	0.00e+00	0.00e+00
 1.36804e+23	1.28e-19	2.35e-09	7.75e-07	1.49e-05	8.93e-05	4.62e-04	3.17e-02	3.24e-01	4.52e-01	1.45e-01	3.88e-02	7.56e-03	4.89e-04	4.62e-05	8.87e-06	0.00e+00	0.00e+00
 1.37858e+23	2.07e-19	2.68e-09	8.94e-07	1.73e-05	1.02e-04	5.25e-04	3.45e-02	3.37e-01	4.47e-01	1.38e-01	3.55e-02	6.73e-03	4.23e-04	3.90e-05	7.30e-06	0.00e+00	0.00e+00
 1.38930e+23	3.58e-19	3.15e-09	1.07e-06	2.08e-05	1.21e-04	6.19e-04	3.83e-02	3.55e-01	4.40e-01	1.29e-01	3.15e-02	5.77e-03	3.50e-04	3.13e-05	5.66e-06	0.00e+00	0.00e+00
 1.40021e+23	5.79e-19	3.60e-09	1.24e-06	2.40e-05	1.38e-04	7.03e-04	4.16e-02	3.68e-01	4.34e-01	1.22e-01	2.87e-02	5.10e-03	3.01e-04	2.62e-05	4.63e-06	0.00e+00	0.00e+00
 1.41137e+23	9.41e-19	4.23e-09	1.48e-06	2.89e-05	1.63e-04	8.28e-04	4.61e-02	3.85e-01	4.25e-01	1.13e-01	2.54e-02	4.34e-03	2.47e-04	2.09e-05	3.56e-06	0.00e+00	0.00e+00
 1.42277e+23	1.39e-18	4.84e-09	1.72e-06	3.35e-05	1.87e-04	9.40e-04	5.00e-02	3.99e-01	4.17e-01	1.06e-01	2.30e-02	3.82e-03	2.11e-04	1.74e-05	2.89e-06	0.00e+00	0.00e+00
 1.43448e+23	2.06e-18	5.71e-09	2.06e-06	4.03e-05	2.21e-04	1.11e-03	5.54e-02	4.16e-01	4.06e-01	9.77e-02	2.01e-02	3.22e-03	1.71e-04	1.36e-05	2.19e-06	0.00e+00	0.00e+00
 1.44647e+23	2.85e-18	6.56e-09	2.40e-06	4.68e-05	2.52e-04	1.26e-03	5.99e-02	4.29e-01	3.97e-01	9.14e-02	1.81e-02	2.81e-03	1.45e-04	1.13e-05	1.76e-06	0.00e+00	0.00e+00
 1.45655e+23	3.69e-18	7.39e-09	2.73e-06	5.32e-05	2.83e-04	1.41e-03	6.42e-02	4.40e-01	3.89e-01	8.61e-02	1.65e-02	2.49e-03	1.25e-04	9.51e-06	1.45e-06	0.00e+00	0.00e+00
 1.46741e+23	4.99e-18	8.59e-09	3.22e-06	6.27e-05	3.28e-04	1.62e-03	7.00e-02	4.55e-01	3.77e-01	7.95e-02	1.45e-02	2.13e-03	1.03e-04	7.62e-06	1.13e-06	0.00e+00	0.00e+00
 1.47802e+23	6.28e-18	9.62e-09	3.64e-06	7.07e-05	3.64e-04	1.79e-03	7.44e-02	4.64e-01	3.69e-01	7.51e-02	1.33e-02	1.90e-03	9.01e-05	6.49e-06	9.41e-07	0.00e+00	0.00e+00
 1.48830e+23	8.13e-18	1.10e-08	4.23e-06	8.22e-05	4.17e-04	2.05e-03	8.06e-02	4.77e-01	3.57e-01	6.94e-02	1.18e-02	1.63e-03	7.49e-05	5.25e-06	7.39e-07	0.00e+00	0.00e+00
 1.49867e+23	1.03e-17	1.24e-08	4.79e-06	9.26e-05	4.62e-04	2.26e-03	8.53e-02	4.86e-01	3.48e-01	6.54e-02	1.08e-02	1.45e-03	6.52e-05	4.47e-06	6.16e-07	0.00e+00	0.00e+00
 1.50918e+23	1.33e-17	1.43e-08	5.59e-06	1.08e-04	5.27e-04	2.57e-03	9.21e-02	4.97e-01	3.36e-01	6.03e-02	9.51e-03	1.24e-03	5.41e-05	3.61e-06	4.83e-07	0.00e+00	0.00e+00
 1.51983e+23	1.68e-17	1.62e-08	6.35e-06	1.22e-04	5.84e-04	2.83e-03	9.75e-02	5.05e-01	3.27e-01	5.66e-02	8.65e-03	1.10e-03	4.68e-05	3.06e-06	4.00e-07	0.00e+00	0.00e+00
 1.53068e+23	2.18e-17	1.88e-08	7.44e-06	1.42e-04	6.66e-04	3.22e-03	1.05e-01	5.16e-01	3.15e-01	5.20e-02	7.61e-03	9.41e-04	3.86e-05	2.45e-06	3.12e-07	0.00e+00	0.00e+00
 1.54167e+23	2.77e-17	2.14e-08	8.48e-06	1.60e-04	7.39e-04	3.54e-03	1.11e-01	5.23e-01	3.05e-01	4.86e-02	6.90e-03	8.31e-04	3.33e-05	2.07e-06	2.57e-07	0.00e+00	0.00e+00
 1.55288e+23	3.64e-17	2.49e-08	9.97e-06	1.87e-04	8.43e-04	4.02e-03	1.19e-01	5.32e-01	2.92e-01	4.44e-02	6.04e-03	7.04e-04	2.73e-05	1.65e-06	1.99e-07	0.00e+00	0.00e+00
 1.56428e+23	4.68e-17	2.86e-08	1.14e-05	2.12e-04	9.35e-04	4.43e-03	1.26e-01	5.38e-01	2.83e-01	4.14e-02	5.45e-03	6.20e-04	2.34e-05	1.38e-06	1.63e-07	0.00e+00	0.00e+00
 1.57593e+23	6.24e-17	3.36e-08	1.35e-05	2.48e-04	1.07e-03	5.04e-03	1.35e-01	5.46e-01	2.69e-01	3.76e-02	4.74e-03	5.21e-04	1.90e-05	1.09e-06	1.24e-07	0.00e+00	0.00e+00
 1.58781e+23	8.17e-17	3.89e-08	1.56e-05	2.82e-04	1.19e-03	5.54e-03	1.43e-01	5.51e-01	2.60e-01	3.49e-02	4.26e-03	4.56e-04	1.62e-05	9.10e-07	0.00e+00	0.00e+00	0.00e+00
 1.59999e+23	1.12e-16	4.62e-08	1.86e-05	3.31e-04	1.36e-03	6.31e-03	1.53e-01	5.57e-01	2.46e-01	3.15e-02	3.68e-03	3.80e-04	1.30e-05	7.11e-07	0.00e+00	0.00e+00	0.00e+00
 1.61248e+23	1.49e-16	5.40e-08	2.16e-05	3.79e-04	1.51e-03	6.97e-03	1.61e-01	5.61e-01	2.36e-01	2.91e-02	3.28e-03	3.29e-04	1.10e-05	5.85e-07	0.00e+00	0.00e+00	0.00e+00
 1.62539e+23	2.15e-16	6.54e-08	2.60e-05	4.49e-04	1.73e-03	7.94e-03	1.73e-01	5.65e-01	2.23e-01	2.60e-02	2.81e-03	2.72e-04	8.73e-06	4.52e-07	0.00e+00	0.00e+00	0.00e+00
 1.63849e+23	2.97e-16	7.71e-08	3.04e-05	5.14e-04	1.93e-03	8.76e-03	1.82e-01	5.67e-01	2.13e-01	2.39e-02	2.49e-03	2.35e-04	7.31e-06	3.70e-07	0.00e+00	0.00e+00	0.00e+00
 1.65183e+23	4.50e-16	9.43e-08	3.69e-05	6.11e-04	2.22e-03	9.97e-03	1.95e-01	5.69e-01	2.00e-01	2.13e-02	2.12e-03	1.93e-04	5.78e-06	2.84e-07	0.00e+00	0.00e+00	0.00e+00
 1.66532e+23	6.63e-16	1.12e-07	4.32e-05	7.02e-04	2.47e-03	1.10e-02	2.04e-01	5.70e-01	1.90e-01	1.95e-02	1.87e-03	1.66e-04	4.82e-06	2.31e-07	0.00e+00	0.00e+00	0.00e+00
 1.67901e+23	1.08e-15	1.38e-07	5.27e-05	8.36e-04	2.83e-03	1.25e-02	2.18e-01	5.69e-01	1.77e-01	1.73e-02	1.59e-03	1.35e-04	3.79e-06	1.76e-07	0.00e+00	0.00e+00	0.00e+00
 1.69290e+23	1.77e-15	1.66e-07	6.22e-05	9.62e-04	3.16e-03	1.37e-02	2.28e-01	5.68e-01	1.68e-01	1.58e-02	1.40e-03	1.15e-04	3.14e-06	1.43e-07	0.00e+00	0.00e+00	0.00e+00
 1.70509e+23	4.84e-16	1.98e-07	7.29e-05	1.10e-03	3.50e-03	1.51e-02	2.39e-01	5.66e-01	1.59e-01	1.43e-02	1.23e-03	9.86e-05	2.61e-06	1.16e-07	0.00e+00	0.00e+00	0.00e+00
 1.71897e+23	1.46e-16	2.47e-07	8.92e-05	1.31e-03	4.00e-03	1.70e-02	2.53e-01	5.63e-01	1.48e-01	1.27e-02	1.04e-03	8.01e-05	2.04e-06	0.00e+00	0.00e+00	0.00e+00	0.00e+00
 1.73297e+23	1.22e-16	2.97e-07	1.05e-04	1.50e-03	4.44e-03	1.86e-02	2.65e-01	5.59e-01	1.40e-01	1.15e-02	9.09e-04	6.83e-05	1.69e-06	0.00e+00	0.00e+00	0.00e+00	0.00e+00
 1.74450e+23	1.52e-16	3.48e-07	1.21e-04	1.69e-03	4.85e-03	2.02e-02	2.74e-01	5.55e-01	1.32e-01	1.05e-02	8.09e-04	5.93e-05	1.43e-06	0.00e+00	0.00e+00	0.00e+00	0.00e+00
 1.75684e+23	2.14e-16	4.27e-07	1.45e-04	1.97e-03	5.43e-03	2.23e-02	2.87e-01	5.49e-01	1.24e-01	9.45e-03	6.99e-04	4.97e-05	1.16e-06	0.00e+00	0.00e+00	0.00e+00	0.00e+00
 1.76947e+23	2.90e-16	5.06e-07	1.68e-04	2.23e-03	5.96e-03	2.42e-02	2.97e-01	5.44e-01	1.17e-01	8.61e-03	6.17e-04	4.27e-05	9.67e-07	0.00e+00	0.00e+00	0.00e+00	0.00e+00
 1.78070e+23	3.86e-16	5.99e-07	1.95e-04	2.52e-03	6.51e-03	2.61e-02	3.08e-01	5.38e-01	1.11e-01	7.86e-03	5.47e-04	3.68e-05	8.13e-07	0.00e+00	0.00e+00	0.00e+00	0.00e+00
 1.79354e+23	5.54e-16	7.42e-07	2.34e-04	2.93e-03	7.28e-03	2.87e-02	3.21e-01	5.30e-01	1.03e-01	7.01e-03	4.70e-04	3.06e-05	6.55e-07	0.00e+00	0.00e+00	0.00e+00	0.00e+00
 1.80688e+23	7.77e-16	8.95e-07	2.75e-04	3.35e-03	8.02e-03	3.13e-02	3.32e-01	5.22e-01	9.61e-02	6.30e-03	4.08e-04	2.59e-05	5.37e-07	0.00e+00	0.00e+00	0.00e+00	0.00e+00
 1.81879e+23	1.04e-15	1.07e-06	3.20e-04	3.79e-03	8.78e-03	3.38e-02	3.43e-01	5.14e-01	9.03e-02	5.72e-03	3.60e-04	2.22e-05	4.48e-07	0.00e+00	0.00e+00	0.00e+00	0.00e+00
 1.83220e+23	1.54e-15	1.34e-06	3.88e-04	4.42e-03	9.81e-03	3.71e-02	3.56e-01	5.04e-01	8.35e-02	5.07e-03	3.07e-04	1.83e-05	3.57e-07	0.00e+00	0.00e+00	0.00e+00	0.00e+00
 1.84622e+23	2.22e-15	1.64e-06	4.60e-04	5.08e-03	1.08e-02	4.04e-02	3.68e-01	4.93e-01	7.74e-02	4.52e-03	2.64e-04	1.53e-05	2.89e-07	0.00e+00	0.00e+00	0.00e+00	0.00e+00
 1.85886e+23	3.05e-15	1.98e-06	5.40e-04	5.77e-03	1.19e-02	4.36e-02	3.78e-01	4.83e-01	7.22e-02	4.07e-03	2.30e-04	1.30e-05	2.39e-07	0.00e+00	0.00e+00	0.00e+00	0.00e+00
 1.87313e+23	4.70e-15	2.52e-06	6.60e-04	6.78e-03	1.33e-02	4.78e-02	3.91e-01	4.70e-01	6.60e-02	3.56e-03	1.94e-04	1.05e-05	1.87e-07	0.00e+00	0.00e+00	0.00e+00	0.00e+00
 1.88788e+23	7.11e-15	3.12e-06	7.86e-04	7.80e-03	1.47e-02	5.20e-02	4.03e-01	4.58e-01	6.07e-02	3.15e-03	1.65e-04	8.72e-06	1.50e-07	0.00e+00	0.00e+00	0.00e+00	0.00e+00
 1.90103e+23	1.01e-14	3.80e-06	9.27e-04	8.89e-03	1.60e-02	5.60e-02	4.13e-01	4.46e-01	5.62e-02	2.82e-03	1.43e-04	7.33e-06	1.23e-07	0.00e+00	0.00e+00	0.00e+00	0.00e+00
 1.91589e+23	1.66e-14	4.89e-06	1.14e-03	1.05e-02	1.80e-02	6.13e-02	4.25e-01	4.31e-01	5.10e-02	2.44e-03	1.19e-04	5.89e-06	0.00e+00	0.00e+00	0.00e+00	0.00e+00	0.00e+00
 1.93134e+23	2.77e-14	6.11e-06	1.37e-03	1.21e-02	1.98e-02	6.64e-02	4.35e-01	4.16e-01	4.65e-02	2.14e-03	1.01e-04	4.83e-06	0.00e+00	0.00e+00	0.00e+00	0.00e+00	0.00e+00
 1.94524e+23	4.28e-14	7.52e-06	1.62e-03	1.38e-02	2.17e-02	7.14e-02	4.44e-01	4.03e-01	4.26e-02	1.89e-03	8.62e-05	4.00e-06	0.00e+00	0.00e+00	0.00e+00	0.00e+00	0.00e+00
 1.96099e+23	8.21e-14	9.83e-06	2.01e-03	1.63e-02	2.43e-02	7.82e-02	4.55e-01	3.85e-01	3.80e-02	1.61e-03	7.03e-05	3.14e-06	0.00e+00	0.00e+00	0.00e+00	0.00e+00	0.00e+00
 1.97725e+23	1.73e-13	1.23e-05	2.42e-03	1.88e-02	2.67e-02	8.43e-02	4.63e-01	3.69e-01	3.44e-02	1.40e-03	5.90e-05	2.55e-06	0.00e+00	0.00e+00	0.00e+00	0.00e+00	0.00e+00
 1.99191e+23	3.29e-13	1.54e-05	2.89e-03	2.15e-02	2.92e-02	9.04e-02	4.70e-01	3.53e-01	3.11e-02	1.23e-03	4.97e-05	2.08e-06	0.00e+00	0.00e+00	0.00e+00	0.00e+00	0.00e+00
 2.00871e+23	9.63e-13	2.04e-05	3.61e-03	2.56e-02	3.27e-02	9.86e-02	4.78e-01	3.33e-01	2.73e-02	1.03e-03	3.98e-05	1.60e-06	0.00e+00	0.00e+00	0.00e+00	0.00e+00	0.00e+00
 2.02573e+23	4.51e-12	2.56e-05	4.34e-03	2.94e-02	3.58e-02	1.06e-01	4.83e-01	3.17e-01	2.44e-02	8.85e-04	3.29e-05	1.28e-06	0.00e+00	0.00e+00	0.00e+00	0.00e+00	0.00e+00
 2.04077e+23	1.42e-11	3.20e-05	5.17e-03	3.35e-02	3.90e-02	1.13e-01	4.86e-01	3.01e-01	2.19e-02	7.66e-04	2.75e-05	1.04e-06	0.00e+00	0.00e+00	0.00e+00	0.00e+00	0.00e+00
 2.05806e+23	1.04e-10	4.27e-05	6.48e-03	3.97e-02	4.34e-02	1.22e-01	4.89e-01	2.80e-01	1.89e-02	6.32e-04	2.16e-05	7.85e-07	0.00e+00	0.00e+00	0.00e+00	0.00e+00	0.00e+00
 2.07556e+23	2.33e-10	5.35e-05	7.75e-03	4.54e-02	4.71e-02	1.30e-01	4.89e-01	2.63e-01	1.67e-02	5.40e-04	1.77e-05	6.23e-07	0.00e+00	0.00e+00	0.00e+00	0.00e+00	0.00e+00
 2.09333e+23	3.85e-10	7.12e-05	9.67e-03	5.34e-02	5.21e-02	1.40e-01	4.88e-01	2.43e-01	1.43e-02	4.43e-04	1.38e-05	4.68e-07	0.00e+00	0.00e+00	0.00e+00	0.00e+00	0.00e+00
 2.11147e+23	5.69e-10	9.00e-05	1.16e-02	6.10e-02	5.65e-02	1.48e-01	4.85e-01	2.26e-01	1.25e-02	3.73e-04	1.12e-05	3.66e-07	0.00e+00	0.00e+00	0.00e+00	0.00e+00	0.00e+00
 2.12762e+23	8.10e-10	1.13e-04	1.38e-02	6.92e-02	6.09e-02	1.56e-01	4.80e-01	2.09e-01	1.09e-02	3.14e-04	9.04e-06	2.86e-07	0.00e+00	0.00e+00	0.00e+00	0.00e+00	0.00e+00
 2.14616e+23	1.24e-09	1.51e-04	1.72e-02	8.10e-02	6.68e-02	1.66e-01	4.71e-01	1.89e-01	9.09e-03	2.52e-04	6.88e-06	2.09e-07	0.00e+00	0.00e+00	0.00e+00	0.00e+00	0.00e+00
 2.16499e+23	1.73e-09	1.90e-04	2.05e-02	9.17e-02	7.17e-02	1.73e-01	4.62e-01	1.73e-01	7.80e-03	2.09e-04	5.47e-06	1.61e-07	0.00e+00	0.00e+00	0.00e+00	0.00e+00	0.00e+00
 2.18422e+23	2.61e-09	2.53e-04	2.55e-02	1.07e-01	7.79e-02	1.82e-01	4.47e-01	1.54e-01	6.38e-03	1.64e-04	4.06e-06	0.00e+00	0.00e+00	0.00e+00	0.00e+00	0.00e+00	0.00e+00
 2.20299e+23	3.50e-09	3.12e-04	2.98e-02	1.19e-01	8.25e-02	1.88e-01	4.35e-01	1.40e-01	5.48e-03	1.37e-04	3.25e-06	0.00e+00	0.00e+00	0.00e+00	0.00e+00	0.00e+00	0.00e+00
 2.22118e+23	5.05e-09	4.06e-04	3.61e-02	1.35e-01	8.83e-02	1.95e-01	4.16e-01	1.23e-01	4.47e-03	1.08e-04	2.42e-06	0.00e+00	0.00e+00	0.00e+00	0.00e+00	0.00e+00	0.00e+00
 2.23912e+23	6.58e-09	4.92e-04	4.16e-02	1.49e-01	9.24e-02	2.00e-01	4.01e-01	1.12e-01	3.83e-03	9.00e-05	1.94e-06	0.00e+00	0.00e+00	0.00e+00	0.00e+00	0.00e+00	0.00e+00
 2.25430e+23	8.48e-09	5.90e-04	4.76e-02	1.62e-01	9.63e-02	2.03e-01	3.86e-01	1.01e-01	3.28e-03	7.52e-05	1.56e-06	0.00e+00	0.00e+00	0.00e+00	0.00e+00	0.00e+00	0.00e+00
 2.27157e+23	1.17e-08	7.46e-04	5.63e-02	1.81e-01	1.01e-01	2.07e-01	3.64e-01	8.79e-02	2.65e-03	5.89e-05	1.15e-06	0.00e+00	0.00e+00	0.00e+00	0.00e+00	0.00e+00	0.00e+00
 2.28873e+23	1.49e-08	8.87e-04	6.36e-02	1.95e-01	1.04e-01	2.08e-01	3.46e-01	7.88e-02	2.25e-03	4.89e-05	9.20e-07	0.00e+00	0.00e+00	0.00e+00	0.00e+00	0.00e+00	0.00e+00
 2.30572e+23	2.00e-08	1.10e-03	7.40e-02	2.14e-01	1.08e-01	2.09e-01	3.24e-01	6.82e-02	1.82e-03	3.84e-05	6.85e-07	0.00e+00	0.00e+00	0.00e+00	0.00e+00	0.00e+00	0.00e+00
 2.32320e+23	2.55e-08	1.31e-03	8.36e-02	2.30e-01	1.11e-01	2.09e-01	3.04e-01	5.99e-02	1.51e-03	3.12e-05	5.31e-07	0.00e+00	0.00e+00	0.00e+00	0.00e+00	0.00e+00	0.00e+00
 2.33894e+23	3.22e-08	1.55e-03	9.38e-02	2.46e-01	1.13e-01	2.08e-01	2.84e-01	5.26e-02	1.25e-03	2.53e-05	4.12e-07	0.00e+00	0.00e+00	0.00e+00	0.00e+00	0.00e+00	0.00e+00
 2.35704e+23	4.32e-08	1.91e-03	1.08e-01	2.66e-01	1.15e-01	2.05e-01	2.59e-01	4.41e-02	9.76e-04	1.92e-05	2.95e-07	0.00e+00	0.00e+00	0.00e+00	0.00e+00	0.00e+00	0.00e+00
 2.37528e+23	5.42e-08	2.25e-03	1.20e-01	2.82e-01	1.16e-01	2.01e-01	2.39e-01	3.81e-02	7.97e-04	1.53e-05	2.25e-07	0.00e+00	0.00e+00	0.00e+00	0.00e+00	0.00e+00	0.00e+00
 2.39368e+23	7.18e-08	2.75e-03	1.37e-01	3.01e-01	1.17e-01	1.95e-01	2.15e-01	3.14e-02	6.11e-04	1.15e-05	1.59e-07	0.00e+00	0.00e+00	0.00e+00	0.00e+00	0.00e+00	0.00e+00
 2.41070e+23	8.63e-08	3.13e-03	1.49e-01	3.13e-01	1.17e-01	1.91e-01	1.99e-01	2.75e-02	5.09e-04	9.39e-06	1.25e-07	0.00e+00	0.00e+00	0.00e+00	0.00e+00	0.00e+00	0.00e+00
 2.42592e+23	1.07e-07	3.64e-03	1.64e-01	3.27e-01	1.16e-01	1.84e-01	1.81e-01	2.33e-02	4.08e-04	7.37e-06	0.00e+00	0.00e+00	0.00e+00	0.00e+00	0.00e+00	0.00e+00	0.00e+00
 2.44159e+23	1.29e-07	4.13e-03	1.78e-01	3.38e-01	1.16e-01	1.79e-01	1.66e-01	2.01e-02	3.35e-04	5.96e-06	0.00e+00	0.00e+00	0.00e+00	0.00e+00	0.00e+00	0.00e+00	0.00e+00
 2.45557e+23	1.53e-07	4.65e-03	1.91e-01	3.48e-01	1.14e-01	1.73e-01	1.52e-01	1.74e-02	2.78e-04	4.85e-06	0.00e+00	0.00e+00	0.00e+00	0.00e+00	0.00e+00	0.00e+00	0.00e+00
 2.47147e+23	1.88e-07	5.38e-03	2.08e-01	3.59e-01	1.13e-01	1.64e-01	1.36e-01	1.45e-02	2.18e-04	3.73e-06	0.00e+00	0.00e+00	0.00e+00	0.00e+00	0.00e+00	0.00e+00	0.00e+00
 2.48764e+23	2.24e-07	6.05e-03	2.23e-01	3.67e-01	1.11e-01	1.57e-01	1.23e-01	1.23e-02	1.77e-04	2.97e-06	0.00e+00	0.00e+00	0.00e+00	0.00e+00	0.00e+00	0.00e+00	0.00e+00
 2.50188e+23	2.65e-07	6.77e-03	2.38e-01	3.75e-01	1.09e-01	1.50e-01	1.11e-01	1.05e-02	1.44e-04	2.39e-06	0.00e+00	0.00e+00	0.00e+00	0.00e+00	0.00e+00	0.00e+00	0.00e+00
 2.51816e+23	3.24e-07	7.75e-03	2.56e-01	3.82e-01	1.06e-01	1.41e-01	9.81e-02	8.58e-03	1.11e-04	1.80e-06	0.00e+00	0.00e+00	0.00e+00	0.00e+00	0.00e+00	0.00e+00	0.00e+00
 2.53469e+23	3.82e-07	8.66e-03	2.72e-01	3.87e-01	1.03e-01	1.34e-01	8.79e-02	7.21e-03	8.89e-05	1.42e-06	0.00e+00	0.00e+00	0.00e+00	0.00e+00	0.00e+00	0.00e+00	0.00e+00
 2.54933e+23	4.49e-07	9.63e-03	2.88e-01	3.91e-01	9.99e-02	1.27e-01	7.87e-02	6.07e-03	7.14e-05	1.13e-06	0.00e+00	0.00e+00	0.00e+00	0.00e+00	0.00e+00	0.00e+00	0.00e+00
 2.56612e+23	5.46e-07	1.10e-02	3.09e-01	3.94e-01	9.61e-02	1.17e-01	6.82e-02	4.87e-03	5.42e-05	8.36e-07	0.00e+00	0.00e+00	0.00e+00	0.00e+00	0.00e+00	0.00e+00	0.00e+00
 2.58310e+23	6.41e-07	1.22e-02	3.25e-01	3.95e-01	9.28e-02	1.10e-01	6.04e-02	4.04e-03	4.29e-05	6.51e-07	0.00e+00	0.00e+00	0.00e+00	0.00e+00	0.00e+00	0.00e+00	0.00e+00
 2.59803e+23	7.48e-07	1.34e-02	3.42e-01	3.96e-01	8.95e-02	1.03e-01	5.36e-02	3.36e-03	3.41e-05	5.09e-07	0.00e+00	0.00e+00	0.00e+00	0.00e+00	0.00e+00	0.00e+00	0.00e+00
 2.61516e+23	9.02e-07	1.52e-02	3.63e-01	3.94e-01	8.52e-02	9.42e-02	4.59e-02	2.66e-03	2.55e-05	3.73e-07	0.00e+00	0.00e+00	0.00e+00	0.00e+00	0.00e+00	0.00e+00	0.00e+00
 2.63261e+23	1.06e-06	1.67e-02	3.80e-01	3.92e-01	8.16e-02	8.73e-02	4.02e-02	2.18e-03	2.00e-05	2.87e-07	0.00e+00	0.00e+00	0.00e+00	0.00e+00	0.00e+00	0.00e+00	0.00e+00
 2.65046e+23	1.28e-06	1.89e-02	4.01e-01	3.88e-01	7.71e-02	7.91e-02	3.40e-02	1.69e-03	1.47e-05	2.06e-07	0.00e+00	0.00e+00	0.00e+00	0.00e+00	0.00e+00	0.00e+00	0.00e+00
 2.66852e+23	1.49e-06	2.08e-02	4.19e-01	3.84e-01	7.34e-02	7.27e-02	2.95e-02	1.37e-03	1.13e-05	1.56e-07	0.00e+00	0.00e+00	0.00e+00	0.00e+00	0.00e+00	0.00e+00	0.00e+00
 2.68684e+23	1.80e-06	2.33e-02	4.40e-01	3.77e-01	6.89e-02	6.53e-02	2.47e-02	1.05e-03	8.26e-06	0.00e+00	0.00e+00	0.00e+00	0.00e+00	0.00e+00	0.00e+00	0.00e+00	0.00e+00
 2.70550e+23	2.10e-06	2.57e-02	4.57e-01	3.70e-01	6.52e-02	5.95e-02	2.13e-02	8.40e-04	6.31e-06	0.00e+00	0.00e+00	0.00e+00	0.00e+00	0.00e+00	0.00e+00	0.00e+00	0.00e+00
 2.72209e+23	2.44e-06	2.81e-02	4.74e-01	3.63e-01	6.16e-02	5.42e-02	1.83e-02	6.75e-04	4.85e-06	0.00e+00	0.00e+00	0.00e+00	0.00e+00	0.00e+00	0.00e+00	0.00e+00	0.00e+00
 2.74112e+23	2.93e-06	3.14e-02	4.95e-01	3.53e-01	5.73e-02	4.80e-02	1.51e-02	5.10e-04	3.48e-06	0.00e+00	0.00e+00	0.00e+00	0.00e+00	0.00e+00	0.00e+00	0.00e+00	0.00e+00
 2.76063e+23	3.42e-06	3.45e-02	5.12e-01	3.43e-01	5.38e-02	4.32e-02	1.29e-02	4.01e-04	2.62e-06	0.00e+00	0.00e+00	0.00e+00	0.00e+00	0.00e+00	0.00e+00	0.00e+00	0.00e+00
 2.77800e+23	3.97e-06	3.77e-02	5.28e-01	3.34e-01	5.05e-02	3.89e-02	1.10e-02	3.17e-04	1.99e-06	0.00e+00	0.00e+00	0.00e+00	0.00e+00	0.00e+00	0.00e+00	0.00e+00	0.00e+00
 2.79292e+23	4.41e-06	4.01e-02	5.39e-01	3.27e-01	4.82e-02	3.60e-02	9.76e-03	2.67e-04	1.63e-06	0.00e+00	0.00e+00	0.00e+00	0.00e+00	0.00e+00	0.00e+00	0.00e+00	0.00e+00
 2.80741e+23	5.04e-06	4.33e-02	5.53e-01	3.17e-01	4.53e-02	3.26e-02	8.39e-03	2.15e-04	1.26e-06	0.00e+00	0.00e+00	0.00e+00	0.00e+00	0.00e+00	0.00e+00	0.00e+00	0.00e+00
 2.82215e+23	5.63e-06	4.62e-02	5.65e-01	3.09e-01	4.31e-02	2.99e-02	7.40e-03	1.79e-04	1.02e-06	0.00e+00	0.00e+00	0.00e+00	0.00e+00	0.00e+00	0.00e+00	0.00e+00	0.00e+00
 2.83719e+23	6.44e-06	5.00e-02	5.78e-01	2.98e-01	4.04e-02	2.69e-02	6.33e-03	1.42e-04	7.84e-07	0.00e+00	0.00e+00	0.00e+00	0.00e+00	0.00e+00	0.00e+00	0.00e+00	0.00e+00
 2.85240e+23	7.20e-06	5.32e-02	5.89e-01	2.89e-01	3.82e-02	2.46e-02	5.56e-03	1.18e-04	6.31e-07	0.00e+00	0.00e+00	0.00e+00	0.00e+00	0.00e+00	0.00e+00	0.00e+00	0.00e+00
 2.86782e+23	8.26e-06	5.76e-02	6.02e-01	2.78e-01	3.56e-02	2.19e-02	4.71e-03	9.26e-05	4.80e-07	0.00e+00	0.00e+00	0.00e+00	0.00e+00	0.00e+00	0.00e+00	0.00e+00	0.00e+00
 2.88329e+23	9.20e-06	6.12e-02	6.12e-01	2.69e-01	3.37e-02	2.00e-02	4.13e-03	7.67e-05	3.87e-07	0.00e+00	0.00e+00	0.00e+00	0.00e+00	0.00e+00	0.00e+00	0.00e+00	0.00e+00
 2.89881e+23	1.05e-05	6.59e-02	6.24e-01	2.57e-01	3.14e-02	1.78e-02	3.51e-03	6.06e-05	2.96e-07	0.00e+00	0.00e+00	0.00e+00	0.00e+00	0.00e+00	0.00e+00	0.00e+00	0.00e+00
 2.91479e+23	1.18e-05	7.02e-02	6.34e-01	2.47e-01	2.95e-02	1.61e-02	3.05e-03	4.94e-05	2.35e-07	0.00e+00	0.00e+00	0.00e+00	0.00e+00	0.00e+00	0.00e+00	0.00e+00	0.00e+00
