#depth	Ar	Ar+	Ar+2	Ar+3	Ar+4	Ar+5	Ar+6	Ar+7	Ar+8	Ar+9	Ar+10	Ar+11	Ar+12	Ar+13	Ar+14	Ar+15	Ar+16	Ar+17	Ar+18
 1.54284e+22	0.00e+00	2.13e-31	8.07e-26	1.30e-22	1.22e-19	4.46e-17	9.44e-15	2.30e-12	1.32e-09	9.84e-08	3.52e-06	5.93e-05	6.96e-04	4.03e-03	1.45e-02	5.62e-02	3.95e-01	3.98e-01	1.32e-01
 3.53689e+22	0.00e+00	4.63e-29	1.33e-23	1.52e-20	9.64e-18	2.31e-15	3.17e-13	4.93e-11	2.39e-08	1.41e-06	3.78e-05	4.60e-04	3.89e-03	1.55e-02	3.70e-02	9.53e-02	4.63e-01	3.14e-01	7.06e-02
 4.21371e+22	0.00e+00	6.92e-28	1.73e-22	1.65e-19	8.42e-17	1.61e-14	1.74e-12	2.13e-10	9.83e-08	5.21e-06	1.22e-04	1.25e-03	8.95e-03	2.93e-02	5.66e-02	1.18e-01	4.75e-01	2.63e-01	4.82e-02
 4.55211e+22	0.00e+00	2.78e-27	6.47e-22	5.58e-19	2.54e-16	4.29e-14	4.08e-12	4.41e-10	2.00e-07	1.01e-05	2.20e-04	2.07e-03	1.36e-02	4.01e-02	6.92e-02	1.29e-01	4.72e-01	2.35e-01	3.88e-02
 4.69312e+22	0.00e+00	4.00e-27	9.14e-22	7.68e-19	3.39e-16	5.53e-14	5.09e-12	5.31e-10	2.40e-07	1.20e-05	2.57e-04	2.36e-03	1.51e-02	4.34e-02	7.28e-02	1.32e-01	4.70e-01	2.28e-01	3.66e-02
 4.74430e+22	0.00e+00	5.42e-27	1.22e-21	1.00e-18	4.31e-16	6.84e-14	6.11e-12	6.19e-10	2.80e-07	1.38e-05	2.92e-04	2.63e-03	1.65e-02	4.64e-02	7.59e-02	1.34e-01	4.68e-01	2.21e-01	3.48e-02
 4.79018e+22	0.00e+00	7.16e-27	1.59e-21	1.28e-18	5.36e-16	8.30e-14	7.21e-12	7.11e-10	3.21e-07	1.57e-05	3.28e-04	2.90e-03	1.79e-02	4.93e-02	7.87e-02	1.36e-01	4.66e-01	2.16e-01	3.32e-02
 4.84284e+22	0.00e+00	1.01e-26	2.22e-21	1.73e-18	7.06e-16	1.06e-13	8.89e-12	8.48e-10	3.83e-07	1.85e-05	3.79e-04	3.28e-03	1.98e-02	5.31e-02	8.24e-02	1.38e-01	4.63e-01	2.09e-01	3.12e-02
 4.89843e+22	0.00e+00	1.42e-26	3.06e-21	2.33e-18	9.20e-16	1.33e-13	1.08e-11	1.00e-09	4.52e-07	2.17e-05	4.36e-04	3.69e-03	2.18e-02	5.70e-02	8.61e-02	1.40e-01	4.60e-01	2.02e-01	2.94e-02
 4.94776e+22	4.42e-33	1.91e-26	4.04e-21	3.01e-18	1.16e-15	1.63e-13	1.29e-11	1.16e-09	5.22e-07	2.48e-05	4.92e-04	4.08e-03	2.37e-02	6.05e-02	8.93e-02	1.42e-01	4.56e-01	1.96e-01	2.79e-02
 5.00183e+22	6.68e-33	2.83e-26	5.88e-21	4.24e-18	1.57e-15	2.14e-13	1.62e-11	1.40e-09	6.32e-07	2.97e-05	5.78e-04	4.68e-03	2.65e-02	6.57e-02	9.37e-02	1.44e-01	4.51e-01	1.88e-01	2.59e-02
 5.05333e+22	8.97e-33	3.74e-26	7.69e-21	5.41e-18	1.96e-15	2.59e-13	1.90e-11	1.60e-09	7.24e-07	3.38e-05	6.48e-04	5.15e-03	2.87e-02	6.95e-02	9.69e-02	1.46e-01	4.47e-01	1.82e-01	2.46e-02
 5.10149e+22	1.29e-32	5.29e-26	1.07e-20	7.31e-18	2.56e-15	3.27e-13	2.32e-11	1.88e-09	8.56e-07	3.95e-05	7.46e-04	5.80e-03	3.15e-02	7.44e-02	1.01e-01	1.47e-01	4.41e-01	1.75e-01	2.30e-02
 5.15062e+22	1.74e-32	7.03e-26	1.40e-20	9.36e-18	3.19e-15	3.97e-13	2.74e-11	2.16e-09	9.81e-07	4.49e-05	8.37e-04	6.38e-03	3.41e-02	7.87e-02	1.04e-01	1.49e-01	4.36e-01	1.69e-01	2.17e-02
 5.20103e+22	2.60e-32	1.03e-25	2.02e-20	1.30e-17	4.29e-15	5.12e-13	3.39e-11	2.57e-09	1.17e-06	5.33e-05	9.75e-04	7.25e-03	3.78e-02	8.47e-02	1.09e-01	1.50e-01	4.29e-01	1.61e-01	2.01e-02
 5.25051e+22	3.47e-32	1.36e-25	2.62e-20	1.66e-17	5.31e-15	6.16e-13	3.96e-11	2.92e-09	1.34e-06	6.03e-05	1.09e-03	7.95e-03	4.07e-02	8.93e-02	1.12e-01	1.51e-01	4.24e-01	1.56e-01	1.90e-02
 5.29880e+22	5.21e-32	2.00e-25	3.80e-20	2.31e-17	7.13e-15	7.94e-13	4.89e-11	3.45e-09	1.60e-06	7.16e-05	1.27e-03	9.03e-03	4.51e-02	9.60e-02	1.16e-01	1.52e-01	4.15e-01	1.48e-01	1.75e-02
 5.34645e+22	6.92e-32	2.63e-25	4.92e-20	2.93e-17	8.78e-15	9.50e-13	5.68e-11	3.90e-09	1.82e-06	8.07e-05	1.41e-03	9.87e-03	4.84e-02	1.01e-01	1.19e-01	1.52e-01	4.09e-01	1.42e-01	1.65e-02
 5.39328e+22	1.01e-31	3.76e-25	6.94e-20	3.99e-17	1.15e-14	1.20e-12	6.90e-11	4.57e-09	2.14e-06	9.43e-05	1.62e-03	1.11e-02	5.31e-02	1.07e-01	1.23e-01	1.53e-01	4.00e-01	1.35e-01	1.53e-02
 5.44181e+22	1.40e-31	5.14e-25	9.34e-20	5.22e-17	1.46e-14	1.47e-12	8.16e-11	5.22e-09	2.47e-06	1.08e-04	1.83e-03	1.22e-02	5.74e-02	1.13e-01	1.27e-01	1.53e-01	3.92e-01	1.29e-01	1.42e-02
 5.48386e+22	1.86e-31	6.76e-25	1.21e-19	6.59e-17	1.80e-14	1.76e-12	9.45e-11	5.87e-09	2.79e-06	1.21e-04	2.03e-03	1.33e-02	6.15e-02	1.19e-01	1.30e-01	1.53e-01	3.84e-01	1.24e-01	1.33e-02
 5.52987e+22	2.79e-31	9.94e-25	1.75e-19	9.18e-17	2.40e-14	2.24e-12	1.15e-10	6.86e-09	3.30e-06	1.43e-04	2.35e-03	1.50e-02	6.76e-02	1.27e-01	1.34e-01	1.53e-01	3.73e-01	1.17e-01	1.22e-02
 5.57538e+22	3.70e-31	1.30e-24	2.27e-19	1.16e-16	2.94e-14	2.67e-12	1.33e-10	7.68e-09	3.73e-06	1.60e-04	2.60e-03	1.63e-02	7.21e-02	1.32e-01	1.37e-01	1.52e-01	3.65e-01	1.12e-01	1.14e-02
 5.62024e+22	5.48e-31	1.90e-24	3.25e-19	1.59e-16	3.89e-14	3.38e-12	1.61e-10	8.91e-09	4.38e-06	1.87e-04	2.98e-03	1.83e-02	7.88e-02	1.40e-01	1.40e-01	1.51e-01	3.53e-01	1.05e-01	1.04e-02
 5.66433e+22	7.20e-31	2.46e-24	4.16e-19	1.99e-16	4.73e-14	3.99e-12	1.84e-10	9.91e-09	4.91e-06	2.09e-04	3.28e-03	1.98e-02	8.37e-02	1.46e-01	1.43e-01	1.50e-01	3.45e-01	9.99e-02	9.68e-03
 5.70741e+22	1.07e-30	3.58e-24	5.96e-19	2.74e-16	6.23e-14	5.03e-12	2.21e-10	1.14e-08	5.75e-06	2.43e-04	3.76e-03	2.21e-02	9.12e-02	1.54e-01	1.46e-01	1.48e-01	3.32e-01	9.33e-02	8.76e-03
 5.75032e+22	1.41e-30	4.67e-24	7.67e-19	3.43e-16	7.57e-14	5.94e-12	2.53e-10	1.27e-08	6.43e-06	2.70e-04	4.13e-03	2.38e-02	9.67e-02	1.60e-01	1.48e-01	1.47e-01	3.23e-01	8.88e-02	8.16e-03
 5.79301e+22	2.08e-30	6.80e-24	1.10e-18	4.71e-16	9.97e-14	7.47e-12	3.04e-10	1.45e-08	7.50e-06	3.14e-04	4.71e-03	2.65e-02	1.05e-01	1.68e-01	1.50e-01	1.45e-01	3.10e-01	8.25e-02	7.35e-03
 5.83598e+22	2.78e-30	8.97e-24	1.43e-18	5.96e-16	1.22e-13	8.85e-12	3.48e-10	1.62e-08	8.40e-06	3.50e-04	5.18e-03	2.86e-02	1.11e-01	1.74e-01	1.52e-01	1.43e-01	3.00e-01	7.80e-02	6.79e-03
 5.87930e+22	4.17e-30	1.32e-23	2.07e-18	8.25e-16	1.62e-13	1.12e-11	4.18e-10	1.85e-08	9.79e-06	4.06e-04	5.91e-03	3.18e-02	1.20e-01	1.83e-01	1.54e-01	1.40e-01	2.86e-01	7.19e-02	6.06e-03
 5.92297e+22	5.62e-30	1.76e-23	2.72e-18	1.05e-15	1.99e-13	1.33e-11	4.80e-10	2.06e-08	1.10e-05	4.53e-04	6.50e-03	3.43e-02	1.27e-01	1.89e-01	1.55e-01	1.38e-01	2.76e-01	6.76e-02	5.56e-03
 5.96710e+22	8.39e-30	2.58e-23	3.92e-18	1.45e-15	2.62e-13	1.67e-11	5.75e-10	2.36e-08	1.27e-05	5.23e-04	7.37e-03	3.79e-02	1.37e-01	1.97e-01	1.57e-01	1.34e-01	2.62e-01	6.21e-02	4.94e-03
 6.01082e+22	1.14e-29	3.45e-23	5.17e-18	1.85e-15	3.23e-13	1.99e-11	6.58e-10	2.61e-08	1.42e-05	5.82e-04	8.09e-03	4.08e-02	1.45e-01	2.03e-01	1.57e-01	1.31e-01	2.51e-01	5.81e-02	4.51e-03
 6.05404e+22	1.69e-29	5.05e-23	7.44e-18	2.54e-15	4.25e-13	2.49e-11	7.85e-10	2.98e-08	1.64e-05	6.68e-04	9.12e-03	4.49e-02	1.55e-01	2.11e-01	1.58e-01	1.27e-01	2.37e-01	5.30e-02	3.98e-03
 6.09795e+22	2.33e-29	6.84e-23	9.94e-18	3.28e-15	5.28e-13	2.98e-11	9.03e-10	3.30e-08	1.84e-05	7.45e-04	1.00e-02	4.83e-02	1.63e-01	2.17e-01	1.58e-01	1.24e-01	2.26e-01	4.92e-02	3.60e-03
 6.14276e+22	3.52e-29	1.02e-22	1.45e-17	4.57e-15	7.01e-13	3.77e-11	1.08e-09	3.78e-08	2.13e-05	8.55e-04	1.13e-02	5.29e-02	1.74e-01	2.24e-01	1.58e-01	1.20e-01	2.12e-01	4.45e-02	3.14e-03
 6.18806e+22	4.88e-29	1.39e-22	1.95e-17	5.92e-15	8.75e-13	4.53e-11	1.25e-09	4.20e-08	2.38e-05	9.52e-04	1.24e-02	5.68e-02	1.83e-01	2.29e-01	1.57e-01	1.16e-01	2.01e-01	4.10e-02	2.82e-03
 6.23399e+22	7.48e-29	2.09e-22	2.88e-17	8.31e-15	1.17e-12	5.74e-11	1.50e-09	4.81e-08	2.74e-05	1.09e-03	1.39e-02	6.21e-02	1.95e-01	2.36e-01	1.56e-01	1.11e-01	1.87e-01	3.68e-02	2.44e-03
 6.28019e+22	1.04e-28	2.86e-22	3.89e-17	1.08e-14	1.46e-12	6.90e-11	1.73e-09	5.35e-08	3.05e-05	1.21e-03	1.52e-02	6.64e-02	2.03e-01	2.40e-01	1.54e-01	1.07e-01	1.76e-01	3.37e-02	2.17e-03
 6.31999e+22	1.43e-28	3.89e-22	5.20e-17	1.39e-14	1.81e-12	8.25e-11	1.99e-09	5.93e-08	3.38e-05	1.33e-03	1.65e-02	7.07e-02	2.12e-01	2.44e-01	1.53e-01	1.03e-01	1.66e-01	3.09e-02	1.94e-03
 6.36500e+22	2.16e-28	5.75e-22	7.54e-17	1.92e-14	2.39e-12	1.04e-10	2.38e-09	6.76e-08	3.85e-05	1.51e-03	1.83e-02	7.65e-02	2.23e-01	2.49e-01	1.50e-01	9.82e-02	1.54e-01	2.76e-02	1.67e-03
 6.41046e+22	2.97e-28	7.82e-22	1.01e-16	2.48e-14	2.97e-12	1.24e-10	2.74e-09	7.51e-08	4.25e-05	1.66e-03	1.98e-02	8.11e-02	2.32e-01	2.52e-01	1.48e-01	9.43e-02	1.45e-01	2.52e-02	1.49e-03
 6.45648e+22	4.51e-28	1.16e-21	1.47e-16	3.44e-14	3.93e-12	1.56e-10	3.28e-09	8.59e-08	4.83e-05	1.87e-03	2.19e-02	8.73e-02	2.42e-01	2.55e-01	1.45e-01	8.93e-02	1.33e-01	2.24e-02	1.27e-03
 6.50266e+22	6.16e-28	1.57e-21	1.95e-16	4.40e-14	4.85e-12	1.86e-10	3.76e-09	9.52e-08	5.31e-05	2.04e-03	2.36e-02	9.21e-02	2.50e-01	2.57e-01	1.43e-01	8.55e-02	1.25e-01	2.04e-02	1.13e-03
 6.54903e+22	9.31e-28	2.32e-21	2.84e-16	6.09e-14	6.40e-12	2.34e-10	4.51e-09	1.09e-07	6.00e-05	2.29e-03	2.59e-02	9.86e-02	2.61e-01	2.59e-01	1.39e-01	8.06e-02	1.14e-01	1.80e-02	9.62e-04
 6.59619e+22	1.27e-27	3.13e-21	3.76e-16	7.78e-14	7.91e-12	2.80e-10	5.19e-09	1.21e-07	6.58e-05	2.50e-03	2.78e-02	1.04e-01	2.68e-01	2.61e-01	1.36e-01	7.70e-02	1.07e-01	1.64e-02	8.51e-04
 6.64438e+22	1.92e-27	4.63e-21	5.45e-16	1.08e-13	1.04e-11	3.53e-10	6.23e-09	1.39e-07	7.42e-05	2.79e-03	3.04e-02	1.10e-01	2.78e-01	2.61e-01	1.32e-01	7.23e-02	9.76e-02	1.44e-02	7.21e-04
 6.69382e+22	2.65e-27	6.27e-21	7.26e-16	1.38e-13	1.30e-11	4.23e-10	7.20e-09	1.56e-07	8.15e-05	3.04e-03	3.25e-02	1.16e-01	2.85e-01	2.62e-01	1.29e-01	6.87e-02	9.08e-02	1.30e-02	6.34e-04
 6.74486e+22	4.01e-27	9.32e-21	1.05e-15	1.91e-13	1.72e-11	5.35e-10	8.68e-09	1.79e-07	9.18e-05	3.38e-03	3.54e-02	1.23e-01	2.94e-01	2.61e-01	1.24e-01	6.42e-02	8.25e-02	1.14e-02	5.34e-04
 6.79695e+22	5.56e-27	1.27e-20	1.41e-15	2.47e-13	2.14e-11	6.44e-10	1.01e-08	2.01e-07	1.01e-04	3.68e-03	3.79e-02	1.29e-01	3.01e-01	2.61e-01	1.20e-01	6.08e-02	7.64e-02	1.02e-02	4.66e-04
 6.85038e+22	8.44e-27	1.89e-20	2.05e-15	3.42e-13	2.84e-11	8.17e-10	1.22e-08	2.33e-07	1.14e-04	4.09e-03	4.11e-02	1.36e-01	3.09e-01	2.59e-01	1.16e-01	5.66e-02	6.90e-02	8.91e-03	3.90e-04
 6.90418e+22	1.16e-26	2.55e-20	2.72e-15	4.39e-13	3.52e-11	9.81e-10	1.41e-08	2.62e-07	1.24e-04	4.43e-03	4.37e-02	1.42e-01	3.15e-01	2.57e-01	1.12e-01	5.35e-02	6.38e-02	8.00e-03	3.40e-04
 6.95847e+22	1.74e-26	3.74e-20	3.90e-15	6.02e-13	4.63e-11	1.24e-09	1.71e-08	3.03e-07	1.40e-04	4.90e-03	4.73e-02	1.49e-01	3.22e-01	2.55e-01	1.07e-01	4.97e-02	5.77e-02	6.95e-03	2.85e-04
 7.01417e+22	2.40e-26	5.07e-20	5.20e-15	7.74e-13	5.76e-11	1.49e-09	1.99e-08	3.41e-07	1.53e-04	5.31e-03	5.02e-02	1.55e-01	3.27e-01	2.52e-01	1.04e-01	4.68e-02	5.31e-02	6.21e-03	2.47e-04
 7.06239e+22	3.22e-26	6.70e-20	6.74e-15	9.73e-13	7.03e-11	1.77e-09	2.28e-08	3.80e-07	1.66e-04	5.71e-03	5.30e-02	1.61e-01	3.31e-01	2.50e-01	1.00e-01	4.42e-02	4.92e-02	5.60e-03	2.17e-04
 7.11577e+22	4.69e-26	9.54e-20	9.38e-15	1.30e-12	9.07e-11	2.20e-09	2.72e-08	4.36e-07	1.85e-04	6.25e-03	5.67e-02	1.68e-01	3.37e-01	2.46e-01	9.56e-02	4.11e-02	4.45e-02	4.89e-03	1.83e-04
 7.16986e+22	6.29e-26	1.26e-19	1.22e-14	1.63e-12	1.11e-10	2.60e-09	3.13e-08	4.87e-07	2.02e-04	6.71e-03	5.98e-02	1.73e-01	3.40e-01	2.43e-01	9.22e-02	3.88e-02	4.11e-02	4.39e-03	1.60e-04
 7.22487e+22	9.16e-26	1.79e-19	1.69e-14	2.19e-12	1.43e-10	3.24e-09	3.74e-08	5.61e-07	2.24e-04	7.34e-03	6.38e-02	1.80e-01	3.45e-01	2.39e-01	8.78e-02	3.59e-02	3.71e-02	3.82e-03	1.34e-04
 7.28073e+22	1.22e-25	2.35e-19	2.18e-14	2.73e-12	1.74e-10	3.83e-09	4.30e-08	6.26e-07	2.44e-04	7.86e-03	6.71e-02	1.86e-01	3.48e-01	2.35e-01	8.44e-02	3.38e-02	3.42e-02	3.43e-03	1.17e-04
 7.32970e+22	1.62e-25	3.06e-19	2.79e-14	3.40e-12	2.10e-10	4.52e-09	4.92e-08	6.97e-07	2.65e-04	8.40e-03	7.04e-02	1.91e-01	3.50e-01	2.31e-01	8.12e-02	3.19e-02	3.16e-02	3.08e-03	1.02e-04
 7.38540e+22	2.34e-25	4.32e-19	3.84e-14	4.51e-12	2.70e-10	5.59e-09	5.87e-08	8.01e-07	2.94e-04	9.15e-03	7.48e-02	1.98e-01	3.53e-01	2.26e-01	7.70e-02	2.95e-02	2.85e-02	2.68e-03	8.59e-05
 7.44084e+22	3.03e-25	5.51e-19	4.82e-14	5.52e-12	3.22e-10	6.52e-09	6.66e-08	8.87e-07	3.17e-04	9.73e-03	7.81e-02	2.03e-01	3.55e-01	2.23e-01	7.41e-02	2.78e-02	2.64e-02	2.42e-03	7.57e-05
 7.49597e+22	4.31e-25	7.66e-19	6.54e-14	7.23e-12	4.09e-10	8.01e-09	7.89e-08	1.02e-06	3.51e-04	1.05e-02	8.27e-02	2.10e-01	3.57e-01	2.17e-01	7.03e-02	2.57e-02	2.38e-02	2.11e-03	6.37e-05
 7.55217e+22	5.61e-25	9.81e-19	8.23e-14	8.86e-12	4.89e-10	9.36e-09	8.99e-08	1.13e-06	3.80e-04	1.12e-02	8.63e-02	2.15e-01	3.58e-01	2.13e-01	6.74e-02	2.42e-02	2.20e-02	1.90e-03	5.59e-05
 7.60978e+22	7.98e-25	1.36e-18	1.12e-13	1.16e-11	6.22e-10	1.15e-08	1.07e-07	1.29e-06	4.21e-04	1.22e-02	9.12e-02	2.22e-01	3.59e-01	2.08e-01	6.37e-02	2.23e-02	1.98e-02	1.65e-03	4.68e-05
 7.66848e+22	1.05e-24	1.75e-18	1.41e-13	1.43e-11	7.47e-10	1.35e-08	1.22e-07	1.44e-06	4.56e-04	1.29e-02	9.52e-02	2.27e-01	3.60e-01	2.03e-01	6.10e-02	2.10e-02	1.82e-02	1.48e-03	4.08e-05
 7.72859e+22	1.49e-24	2.44e-18	1.92e-13	1.88e-11	9.51e-10	1.67e-08	1.45e-07	1.66e-06	5.06e-04	1.40e-02	1.01e-01	2.34e-01	3.60e-01	1.97e-01	5.74e-02	1.93e-02	1.63e-02	1.27e-03	3.40e-05
 7.78981e+22	1.96e-24	3.15e-18	2.42e-13	2.31e-11	1.14e-09	1.96e-08	1.66e-07	1.85e-06	5.49e-04	1.49e-02	1.05e-01	2.39e-01	3.60e-01	1.92e-01	5.48e-02	1.80e-02	1.49e-02	1.14e-03	2.96e-05
 7.85246e+22	2.80e-24	4.40e-18	3.30e-13	3.04e-11	1.46e-09	2.42e-08	1.98e-07	2.13e-06	6.10e-04	1.62e-02	1.11e-01	2.45e-01	3.59e-01	1.86e-01	5.14e-02	1.65e-02	1.33e-02	9.77e-04	2.45e-05
 7.91371e+22	3.57e-24	5.51e-18	4.06e-13	3.67e-11	1.72e-09	2.80e-08	2.24e-07	2.35e-06	6.57e-04	1.71e-02	1.15e-01	2.50e-01	3.58e-01	1.82e-01	4.91e-02	1.55e-02	1.23e-02	8.82e-04	2.16e-05
 7.97312e+22	5.00e-24	7.54e-18	5.42e-13	4.74e-11	2.17e-09	3.41e-08	2.65e-07	2.69e-06	7.26e-04	1.85e-02	1.20e-01	2.56e-01	3.57e-01	1.75e-01	4.61e-02	1.42e-02	1.10e-02	7.62e-04	1.80e-05
 8.03342e+22	6.39e-24	9.46e-18	6.67e-13	5.71e-11	2.56e-09	3.95e-08	2.99e-07	2.97e-06	7.82e-04	1.95e-02	1.25e-01	2.60e-01	3.56e-01	1.71e-01	4.40e-02	1.34e-02	1.02e-02	6.85e-04	1.58e-05
 8.09487e+22	8.88e-24	1.28e-17	8.83e-13	7.34e-11	3.20e-09	4.80e-08	3.52e-07	3.39e-06	8.63e-04	2.10e-02	1.31e-01	2.66e-01	3.54e-01	1.65e-01	4.13e-02	1.23e-02	9.09e-03	5.93e-04	1.32e-05
 8.15821e+22	1.16e-23	1.64e-17	1.11e-12	9.00e-11	3.84e-09	5.62e-08	4.02e-07	3.78e-06	9.35e-04	2.23e-02	1.36e-01	2.70e-01	3.52e-01	1.60e-01	3.92e-02	1.14e-02	8.30e-03	5.27e-04	1.14e-05
 8.22401e+22	1.62e-23	2.24e-17	1.47e-12	1.16e-10	4.81e-09	6.85e-08	4.75e-07	4.33e-06	1.03e-03	2.40e-02	1.42e-01	2.76e-01	3.49e-01	1.54e-01	3.66e-02	1.04e-02	7.41e-03	4.54e-04	9.52e-06
 8.29191e+22	2.14e-23	2.90e-17	1.87e-12	1.44e-10	5.82e-09	8.10e-08	5.47e-07	4.86e-06	1.13e-03	2.55e-02	1.48e-01	2.80e-01	3.46e-01	1.49e-01	3.45e-02	9.65e-03	6.71e-03	3.99e-04	8.14e-06
 8.36257e+22	3.03e-23	3.99e-17	2.50e-12	1.87e-10	7.37e-09	9.95e-08	6.50e-07	5.59e-06	1.25e-03	2.75e-02	1.55e-01	2.85e-01	3.42e-01	1.42e-01	3.21e-02	8.76e-03	5.94e-03	3.41e-04	6.71e-06
 8.43507e+22	4.05e-23	5.22e-17	3.19e-12	2.33e-10	8.97e-09	1.18e-07	7.52e-07	6.29e-06	1.37e-03	2.93e-02	1.61e-01	2.89e-01	3.38e-01	1.37e-01	3.01e-02	8.07e-03	5.36e-03	2.98e-04	5.69e-06
 8.50998e+22	5.78e-23	7.25e-17	4.31e-12	3.05e-10	1.14e-08	1.46e-07	8.99e-07	7.28e-06	1.52e-03	3.16e-02	1.68e-01	2.94e-01	3.33e-01	1.31e-01	2.79e-02	7.29e-03	4.71e-03	2.53e-04	4.64e-06
 8.58726e+22	7.82e-23	9.58e-17	5.55e-12	3.83e-10	1.40e-08	1.75e-07	1.05e-06	8.24e-06	1.67e-03	3.38e-02	1.75e-01	2.98e-01	3.29e-01	1.25e-01	2.60e-02	6.67e-03	4.22e-03	2.19e-04	3.90e-06
 8.66761e+22	1.13e-22	1.35e-16	7.59e-12	5.08e-10	1.80e-08	2.18e-07	1.26e-06	9.59e-06	1.87e-03	3.66e-02	1.83e-01	3.03e-01	3.23e-01	1.19e-01	2.39e-02	5.98e-03	3.68e-03	1.84e-04	3.15e-06
 8.75073e+22	1.56e-22	1.81e-16	9.90e-12	6.45e-10	2.23e-08	2.63e-07	1.47e-06	1.09e-05	2.06e-03	3.91e-02	1.90e-01	3.07e-01	3.18e-01	1.13e-01	2.22e-02	5.43e-03	3.26e-03	1.58e-04	2.61e-06
 8.82588e+22	2.12e-22	2.39e-16	1.28e-11	8.12e-10	2.74e-08	3.15e-07	1.72e-06	1.24e-05	2.25e-03	4.17e-02	1.97e-01	3.10e-01	3.12e-01	1.08e-01	2.06e-02	4.95e-03	2.91e-03	1.36e-04	2.18e-06
 8.91203e+22	3.11e-22	3.41e-16	1.76e-11	1.09e-09	3.56e-08	3.96e-07	2.08e-06	1.45e-05	2.53e-03	4.51e-02	2.06e-01	3.13e-01	3.05e-01	1.02e-01	1.87e-02	4.39e-03	2.51e-03	1.12e-04	1.73e-06
 9.00002e+22	4.29e-22	4.58e-16	2.30e-11	1.38e-09	4.42e-08	4.78e-07	2.44e-06	1.65e-05	2.79e-03	4.82e-02	2.14e-01	3.16e-01	2.99e-01	9.65e-02	1.73e-02	3.97e-03	2.21e-03	9.58e-05	1.42e-06
 9.07853e+22	5.83e-22	6.06e-16	2.97e-11	1.74e-09	5.43e-08	5.73e-07	2.84e-06	1.87e-05	3.05e-03	5.13e-02	2.21e-01	3.18e-01	2.93e-01	9.17e-02	1.60e-02	3.60e-03	1.96e-03	8.22e-05	1.18e-06
 9.16874e+22	8.78e-22	8.82e-16	4.18e-11	2.36e-09	7.15e-08	7.29e-07	3.48e-06	2.21e-05	3.45e-03	5.57e-02	2.31e-01	3.21e-01	2.84e-01	8.54e-02	1.44e-02	3.15e-03	1.66e-03	6.66e-05	9.17e-07
 9.25964e+22	1.19e-21	1.17e-15	5.38e-11	2.97e-09	8.78e-08	8.73e-07	4.05e-06	2.50e-05	3.78e-03	5.92e-02	2.39e-01	3.22e-01	2.77e-01	8.09e-02	1.33e-02	2.85e-03	1.47e-03	5.69e-05	7.59e-07
 9.35141e+22	1.80e-21	1.70e-15	7.56e-11	4.04e-09	1.16e-07	1.11e-06	4.97e-06	2.95e-05	4.27e-03	6.42e-02	2.49e-01	3.24e-01	2.68e-01	7.50e-02	1.18e-02	2.48e-03	1.24e-03	4.58e-05	5.83e-07
 9.44434e+22	2.47e-21	2.27e-15	9.81e-11	5.11e-09	1.43e-07	1.34e-06	5.81e-06	3.35e-05	4.68e-03	6.83e-02	2.57e-01	3.25e-01	2.60e-01	7.06e-02	1.09e-02	2.23e-03	1.08e-03	3.88e-05	4.76e-07
 9.53877e+22	3.73e-21	3.31e-15	1.38e-10	6.95e-09	1.88e-07	1.71e-06	7.14e-06	3.97e-05	5.29e-03	7.39e-02	2.67e-01	3.26e-01	2.51e-01	6.51e-02	9.64e-03	1.93e-03	9.08e-04	3.09e-05	3.63e-07
 9.62902e+22	4.95e-21	4.29e-15	1.74e-10	8.58e-09	2.28e-07	2.02e-06	8.21e-06	4.45e-05	5.75e-03	7.80e-02	2.74e-01	3.26e-01	2.44e-01	6.15e-02	8.88e-03	1.74e-03	8.03e-04	2.65e-05	3.01e-07
 9.71386e+22	7.15e-21	6.00e-15	2.36e-10	1.13e-08	2.92e-07	2.51e-06	9.87e-06	5.18e-05	6.41e-03	8.36e-02	2.83e-01	3.25e-01	2.35e-01	5.69e-02	7.95e-03	1.52e-03	6.81e-04	2.15e-05	2.34e-07
 9.79928e+22	9.48e-21	7.76e-15	2.97e-10	1.39e-08	3.52e-07	2.96e-06	1.14e-05	5.81e-05	6.96e-03	8.81e-02	2.90e-01	3.24e-01	2.28e-01	5.36e-02	7.30e-03	1.38e-03	6.00e-04	1.84e-05	1.93e-07
 9.88548e+22	1.37e-20	1.09e-14	4.02e-10	1.83e-08	4.51e-07	3.69e-06	1.37e-05	6.77e-05	7.76e-03	9.44e-02	2.99e-01	3.23e-01	2.18e-01	4.94e-02	6.49e-03	1.19e-03	5.05e-04	1.48e-05	1.49e-07
 9.97256e+22	1.83e-20	1.41e-14	5.08e-10	2.26e-08	5.47e-07	4.38e-06	1.58e-05	7.63e-05	8.44e-03	9.95e-02	3.06e-01	3.22e-01	2.11e-01	4.62e-02	5.92e-03	1.07e-03	4.41e-04	1.25e-05	0.00e+00
 1.00608e+23	2.67e-20	1.99e-14	6.88e-10	2.98e-08	7.04e-07	5.48e-06	1.91e-05	8.93e-05	9.44e-03	1.07e-01	3.14e-01	3.19e-01	2.01e-01	4.23e-02	5.22e-03	9.22e-04	3.68e-04	9.91e-06	0.00e+00
 1.01502e+23	3.57e-20	2.59e-14	8.72e-10	3.69e-08	8.57e-07	6.52e-06	2.21e-05	1.01e-04	1.03e-02	1.12e-01	3.21e-01	3.17e-01	1.94e-01	3.94e-02	4.73e-03	8.20e-04	3.19e-04	8.29e-06	0.00e+00
 1.02410e+23	5.22e-20	3.65e-14	1.18e-09	4.87e-08	1.11e-06	8.22e-06	2.69e-05	1.19e-04	1.15e-02	1.20e-01	3.30e-01	3.14e-01	1.84e-01	3.57e-02	4.13e-03	7.00e-04	2.62e-04	6.49e-06	0.00e+00
 1.03332e+23	7.02e-20	4.77e-14	1.50e-09	6.05e-08	1.35e-06	9.81e-06	3.13e-05	1.35e-04	1.26e-02	1.27e-01	3.36e-01	3.10e-01	1.76e-01	3.31e-02	3.72e-03	6.18e-04	2.25e-04	5.37e-06	0.00e+00
 1.04270e+23	1.03e-19	6.74e-14	2.04e-09	8.01e-08	1.75e-06	1.24e-05	3.82e-05	1.59e-04	1.41e-02	1.36e-01	3.44e-01	3.06e-01	1.66e-01	2.97e-02	3.21e-03	5.22e-04	1.83e-04	4.15e-06	0.00e+00
 1.05229e+23	1.40e-19	8.87e-14	2.60e-09	1.00e-07	2.16e-06	1.50e-05	4.49e-05	1.82e-04	1.55e-02	1.44e-01	3.51e-01	3.02e-01	1.58e-01	2.72e-02	2.85e-03	4.54e-04	1.55e-04	3.36e-06	0.00e+00
 1.06215e+23	2.06e-19	1.26e-13	3.54e-09	1.33e-07	2.82e-06	1.91e-05	5.53e-05	2.17e-04	1.75e-02	1.54e-01	3.58e-01	2.95e-01	1.47e-01	2.42e-02	2.43e-03	3.78e-04	1.24e-04	2.54e-06	0.00e+00
 1.07216e+23	2.80e-19	1.66e-13	4.49e-09	1.67e-07	3.49e-06	2.32e-05	6.52e-05	2.50e-04	1.93e-02	1.63e-01	3.64e-01	2.90e-01	1.39e-01	2.20e-02	2.14e-03	3.26e-04	1.03e-04	2.03e-06	0.00e+00
 1.08203e+23	4.04e-19	2.30e-13	5.98e-09	2.18e-07	4.51e-06	2.93e-05	7.98e-05	2.98e-04	2.17e-02	1.74e-01	3.70e-01	2.83e-01	1.29e-01	1.94e-02	1.81e-03	2.70e-04	8.21e-05	1.53e-06	0.00e+00
 1.09145e+23	5.27e-19	2.91e-13	7.34e-09	2.64e-07	5.42e-06	3.47e-05	9.24e-05	3.37e-04	2.37e-02	1.82e-01	3.74e-01	2.77e-01	1.22e-01	1.77e-02	1.61e-03	2.35e-04	6.94e-05	1.24e-06	0.00e+00
 1.10062e+23	7.36e-19	3.91e-13	9.48e-09	3.38e-07	6.88e-06	4.33e-05	1.12e-04	3.99e-04	2.65e-02	1.93e-01	3.79e-01	2.70e-01	1.13e-01	1.57e-02	1.36e-03	1.95e-04	5.53e-05	9.38e-07	0.00e+00
 1.10996e+23	9.59e-19	4.93e-13	1.16e-08	4.10e-07	8.31e-06	5.17e-05	1.30e-04	4.55e-04	2.89e-02	2.03e-01	3.82e-01	2.63e-01	1.07e-01	1.42e-02	1.19e-03	1.68e-04	4.61e-05	7.49e-07	0.00e+00
 1.11907e+23	1.30e-18	6.44e-13	1.45e-08	5.13e-07	1.04e-05	6.35e-05	1.56e-04	5.33e-04	3.22e-02	2.15e-01	3.86e-01	2.55e-01	9.85e-02	1.25e-02	1.02e-03	1.40e-04	3.69e-05	5.70e-07	0.00e+00
 1.12836e+23	1.69e-18	8.10e-13	1.77e-08	6.22e-07	1.25e-05	7.61e-05	1.82e-04	6.13e-04	3.53e-02	2.25e-01	3.88e-01	2.47e-01	9.17e-02	1.12e-02	8.78e-04	1.19e-04	3.02e-05	4.46e-07	0.00e+00
 1.13743e+23	2.22e-18	1.03e-12	2.16e-08	7.61e-07	1.54e-05	9.22e-05	2.15e-04	7.12e-04	3.90e-02	2.37e-01	3.89e-01	2.39e-01	8.46e-02	9.85e-03	7.47e-04	9.90e-05	2.43e-05	3.41e-07	0.00e+00
 1.14667e+23	2.86e-18	1.28e-12	2.60e-08	9.20e-07	1.86e-05	1.11e-04	2.53e-04	8.22e-04	4.29e-02	2.48e-01	3.90e-01	2.30e-01	7.80e-02	8.72e-03	6.39e-04	8.31e-05	1.97e-05	2.63e-07	0.00e+00
 1.15585e+23	3.70e-18	1.60e-12	3.12e-08	1.11e-06	2.26e-05	1.33e-04	2.97e-04	9.52e-04	4.72e-02	2.60e-01	3.90e-01	2.21e-01	7.17e-02	7.67e-03	5.42e-04	6.92e-05	1.58e-05	2.01e-07	0.00e+00
 1.16507e+23	4.71e-18	1.96e-12	3.71e-08	1.33e-06	2.72e-05	1.59e-04	3.47e-04	1.10e-03	5.18e-02	2.72e-01	3.89e-01	2.12e-01	6.57e-02	6.74e-03	4.61e-04	5.77e-05	1.27e-05	1.54e-07	0.00e+00
 1.17419e+23	5.95e-18	2.40e-12	4.37e-08	1.59e-06	3.26e-05	1.89e-04	4.04e-04	1.26e-03	5.68e-02	2.84e-01	3.88e-01	2.03e-01	6.02e-02	5.92e-03	3.91e-04	4.80e-05	1.02e-05	1.18e-07	0.00e+00
 1.18330e+23	7.47e-18	2.91e-12	5.11e-08	1.88e-06	3.89e-05	2.25e-04	4.69e-04	1.45e-03	6.21e-02	2.96e-01	3.85e-01	1.94e-01	5.49e-02	5.19e-03	3.31e-04	3.99e-05	8.16e-06	0.00e+00	0.00e+00
 1.19243e+23	9.34e-18	3.51e-12	5.95e-08	2.23e-06	4.63e-05	2.66e-04	5.43e-04	1.67e-03	6.79e-02	3.08e-01	3.82e-01	1.85e-01	5.00e-02	4.53e-03	2.79e-04	3.30e-05	6.52e-06	0.00e+00	0.00e+00
 1.20160e+23	1.16e-17	4.21e-12	6.89e-08	2.62e-06	5.49e-05	3.14e-04	6.28e-04	1.92e-03	7.40e-02	3.19e-01	3.78e-01	1.76e-01	4.54e-02	3.95e-03	2.35e-04	2.73e-05	5.20e-06	0.00e+00	0.00e+00
 1.21084e+23	1.44e-17	5.04e-12	7.96e-08	3.08e-06	6.50e-05	3.70e-04	7.24e-04	2.20e-03	8.07e-02	3.31e-01	3.73e-01	1.67e-01	4.12e-02	3.44e-03	1.98e-04	2.25e-05	4.14e-06	0.00e+00	0.00e+00
 1.22016e+23	1.78e-17	6.01e-12	9.16e-08	3.61e-06	7.69e-05	4.35e-04	8.33e-04	2.51e-03	8.78e-02	3.42e-01	3.68e-01	1.58e-01	3.72e-02	2.98e-03	1.66e-04	1.85e-05	3.29e-06	0.00e+00	0.00e+00
 1.22961e+23	2.20e-17	7.17e-12	1.05e-07	4.23e-06	9.08e-05	5.11e-04	9.57e-04	2.87e-03	9.54e-02	3.54e-01	3.62e-01	1.49e-01	3.35e-02	2.58e-03	1.39e-04	1.52e-05	2.60e-06	0.00e+00	0.00e+00
 1.23910e+23	2.71e-17	8.51e-12	1.21e-07	4.94e-06	1.07e-04	5.98e-04	1.09e-03	3.28e-03	1.03e-01	3.64e-01	3.55e-01	1.40e-01	3.01e-02	2.23e-03	1.16e-04	1.24e-05	2.06e-06	0.00e+00	0.00e+00
 1.24875e+23	3.35e-17	1.01e-11	1.38e-07	5.79e-06	1.26e-04	7.01e-04	1.25e-03	3.74e-03	1.12e-01	3.75e-01	3.47e-01	1.31e-01	2.69e-02	1.91e-03	9.64e-05	1.01e-05	1.61e-06	0.00e+00	0.00e+00
 1.25852e+23	4.13e-17	1.21e-11	1.59e-07	6.76e-06	1.48e-04	8.16e-04	1.43e-03	4.25e-03	1.21e-01	3.85e-01	3.39e-01	1.23e-01	2.41e-02	1.65e-03	8.03e-05	8.25e-06	1.27e-06	0.00e+00	0.00e+00
 1.26849e+23	5.13e-17	1.44e-11	1.83e-07	7.93e-06	1.74e-04	9.56e-04	1.63e-03	4.86e-03	1.31e-01	3.94e-01	3.30e-01	1.15e-01	2.14e-02	1.40e-03	6.61e-05	6.64e-06	9.87e-07	0.00e+00	0.00e+00
 1.27775e+23	6.14e-17	1.67e-11	2.06e-07	9.04e-06	1.99e-04	1.08e-03	1.81e-03	5.39e-03	1.39e-01	4.01e-01	3.22e-01	1.08e-01	1.94e-02	1.23e-03	5.66e-05	5.59e-06	8.07e-07	0.00e+00	0.00e+00
 1.28729e+23	7.72e-17	2.02e-11	2.39e-07	1.07e-05	2.35e-04	1.27e-03	2.07e-03	6.16e-03	1.50e-01	4.10e-01	3.12e-01	1.00e-01	1.71e-02	1.04e-03	4.62e-05	4.45e-06	6.19e-07	0.00e+00	0.00e+00
 1.29702e+23	9.33e-17	2.37e-11	2.70e-07	1.22e-05	2.69e-04	1.44e-03	2.29e-03	6.83e-03	1.59e-01	4.16e-01	3.04e-01	9.39e-02	1.54e-02	9.11e-04	3.93e-05	3.72e-06	5.02e-07	0.00e+00	0.00e+00
 1.30700e+23	1.19e-16	2.89e-11	3.16e-07	1.46e-05	3.19e-04	1.69e-03	2.61e-03	7.80e-03	1.72e-01	4.23e-01	2.92e-01	8.62e-02	1.35e-02	7.62e-04	3.17e-05	2.93e-06	3.81e-07	0.00e+00	0.00e+00
 1.31700e+23	1.44e-16	3.40e-11	3.61e-07	1.67e-05	3.63e-04	1.91e-03	2.88e-03	8.59e-03	1.81e-01	4.28e-01	2.83e-01	8.08e-02	1.22e-02	6.67e-04	2.70e-05	2.45e-06	3.10e-07	0.00e+00	0.00e+00
 1.32703e+23	1.85e-16	4.19e-11	4.26e-07	1.99e-05	4.30e-04	2.23e-03	3.26e-03	9.75e-03	1.94e-01	4.33e-01	2.72e-01	7.40e-02	1.06e-02	5.59e-04	2.19e-05	1.94e-06	2.36e-07	0.00e+00	0.00e+00
 1.33714e+23	2.27e-16	4.96e-11	4.89e-07	2.29e-05	4.90e-04	2.51e-03	3.58e-03	1.07e-02	2.04e-01	4.37e-01	2.63e-01	6.91e-02	9.54e-03	4.88e-04	1.86e-05	1.62e-06	1.91e-07	0.00e+00	0.00e+00
 1.34734e+23	2.94e-16	6.17e-11	5.83e-07	2.74e-05	5.79e-04	2.92e-03	4.04e-03	1.21e-02	2.17e-01	4.40e-01	2.51e-01	6.31e-02	8.29e-03	4.08e-04	1.50e-05	1.27e-06	1.45e-07	0.00e+00	0.00e+00
 1.35763e+23	3.63e-16	7.38e-11	6.74e-07	3.17e-05	6.61e-04	3.28e-03	4.42e-03	1.32e-02	2.28e-01	4.42e-01	2.42e-01	5.87e-02	7.43e-03	3.55e-04	1.27e-05	1.06e-06	0.00e+00	0.00e+00	0.00e+00
 1.36804e+23	4.77e-16	9.29e-11	8.13e-07	3.81e-05	7.81e-04	3.80e-03	4.96e-03	1.49e-02	2.42e-01	4.44e-01	2.30e-01	5.33e-02	6.43e-03	2.96e-04	1.02e-05	8.32e-07	0.00e+00	0.00e+00	0.00e+00
 1.37858e+23	5.96e-16	1.12e-10	9.50e-07	4.43e-05	8.92e-04	4.28e-03	5.42e-03	1.63e-02	2.53e-01	4.44e-01	2.21e-01	4.94e-02	5.74e-03	2.56e-04	8.64e-06	6.90e-07	0.00e+00	0.00e+00	0.00e+00
 1.38930e+23	7.96e-16	1.43e-10	1.16e-06	5.38e-05	1.06e-03	4.96e-03	6.06e-03	1.82e-02	2.67e-01	4.44e-01	2.09e-01	4.47e-02	4.95e-03	2.13e-04	6.92e-06	5.39e-07	0.00e+00	0.00e+00	0.00e+00
 1.40021e+23	1.01e-15	1.76e-10	1.37e-06	6.29e-05	1.21e-03	5.58e-03	6.62e-03	1.99e-02	2.79e-01	4.42e-01	2.00e-01	4.13e-02	4.40e-03	1.83e-04	5.81e-06	4.44e-07	0.00e+00	0.00e+00	0.00e+00
 1.41137e+23	1.37e-15	2.28e-10	1.71e-06	7.71e-05	1.45e-03	6.48e-03	7.40e-03	2.22e-02	2.94e-01	4.40e-01	1.88e-01	3.71e-02	3.76e-03	1.51e-04	4.62e-06	3.44e-07	0.00e+00	0.00e+00	0.00e+00
 1.42277e+23	1.77e-15	2.84e-10	2.05e-06	9.11e-05	1.67e-03	7.30e-03	8.07e-03	2.42e-02	3.05e-01	4.37e-01	1.79e-01	3.40e-02	3.32e-03	1.30e-04	3.85e-06	2.81e-07	0.00e+00	0.00e+00	0.00e+00
 1.43448e+23	2.47e-15	3.78e-10	2.60e-06	1.13e-04	2.00e-03	8.50e-03	9.02e-03	2.70e-02	3.21e-01	4.32e-01	1.67e-01	3.03e-02	2.81e-03	1.06e-04	3.03e-06	2.16e-07	0.00e+00	0.00e+00	0.00e+00
 1.44647e+23	3.25e-15	4.78e-10	3.17e-06	1.35e-04	2.31e-03	9.60e-03	9.84e-03	2.94e-02	3.32e-01	4.28e-01	1.58e-01	2.76e-02	2.46e-03	9.00e-05	2.50e-06	1.75e-07	0.00e+00	0.00e+00	0.00e+00
 1.45655e+23	4.14e-15	5.89e-10	3.78e-06	1.58e-04	2.63e-03	1.07e-02	1.06e-02	3.16e-02	3.43e-01	4.23e-01	1.51e-01	2.55e-02	2.19e-03	7.80e-05	2.11e-06	1.45e-07	0.00e+00	0.00e+00	0.00e+00
 1.46741e+23	5.67e-15	7.74e-10	4.75e-06	1.93e-04	3.10e-03	1.22e-02	1.17e-02	3.46e-02	3.56e-01	4.16e-01	1.41e-01	2.28e-02	1.88e-03	6.47e-05	1.69e-06	1.14e-07	0.00e+00	0.00e+00	0.00e+00
 1.47802e+23	7.15e-15	9.46e-10	5.62e-06	2.23e-04	3.50e-03	1.35e-02	1.25e-02	3.70e-02	3.65e-01	4.11e-01	1.34e-01	2.11e-02	1.68e-03	5.65e-05	1.44e-06	0.00e+00	0.00e+00	0.00e+00	0.00e+00
 1.48830e+23	9.67e-15	1.23e-09	7.00e-06	2.70e-04	4.09e-03	1.53e-02	1.36e-02	4.02e-02	3.77e-01	4.03e-01	1.26e-01	1.90e-02	1.45e-03	4.73e-05	1.17e-06	0.00e+00	0.00e+00	0.00e+00	0.00e+00
 1.49867e+23	1.23e-14	1.51e-09	8.34e-06	3.14e-04	4.62e-03	1.68e-02	1.46e-02	4.27e-02	3.86e-01	3.97e-01	1.19e-01	1.75e-02	1.29e-03	4.13e-05	9.97e-07	0.00e+00	0.00e+00	0.00e+00	0.00e+00
 1.50918e+23	1.68e-14	1.98e-09	1.05e-05	3.82e-04	5.40e-03	1.90e-02	1.59e-02	4.63e-02	3.97e-01	3.88e-01	1.11e-01	1.56e-02	1.11e-03	3.44e-05	8.05e-07	0.00e+00	0.00e+00	0.00e+00	0.00e+00
 1.51983e+23	2.15e-14	2.45e-09	1.26e-05	4.46e-04	6.11e-03	2.10e-02	1.70e-02	4.91e-02	4.05e-01	3.81e-01	1.05e-01	1.44e-02	9.86e-04	2.99e-05	6.83e-07	0.00e+00	0.00e+00	0.00e+00	0.00e+00
 1.53068e+23	2.96e-14	3.24e-09	1.59e-05	5.45e-04	7.16e-03	2.38e-02	1.85e-02	5.31e-02	4.15e-01	3.71e-01	9.76e-02	1.28e-02	8.42e-04	2.48e-05	5.47e-07	0.00e+00	0.00e+00	0.00e+00	0.00e+00
 1.54167e+23	3.83e-14	4.05e-09	1.92e-05	6.39e-04	8.12e-03	2.62e-02	1.97e-02	5.62e-02	4.22e-01	3.63e-01	9.20e-02	1.17e-02	7.44e-04	2.14e-05	4.62e-07	0.00e+00	0.00e+00	0.00e+00	0.00e+00
 1.55288e+23	5.34e-14	5.40e-09	2.45e-05	7.84e-04	9.53e-03	2.97e-02	2.14e-02	6.06e-02	4.31e-01	3.51e-01	8.48e-02	1.03e-02	6.31e-04	1.76e-05	3.67e-07	0.00e+00	0.00e+00	0.00e+00	0.00e+00
 1.56428e+23	6.95e-14	6.80e-09	2.98e-05	9.23e-04	1.08e-02	3.27e-02	2.28e-02	6.40e-02	4.37e-01	3.42e-01	7.96e-02	9.39e-03	5.55e-04	1.51e-05	3.08e-07	0.00e+00	0.00e+00	0.00e+00	0.00e+00
 1.57593e+23	9.83e-14	9.18e-09	3.84e-05	1.14e-03	1.28e-02	3.71e-02	2.48e-02	6.88e-02	4.44e-01	3.30e-01	7.29e-02	8.24e-03	4.66e-04	1.24e-05	2.42e-07	0.00e+00	0.00e+00	0.00e+00	0.00e+00
 1.58781e+23	1.29e-13	1.17e-08	4.71e-05	1.35e-03	1.45e-02	4.09e-02	2.64e-02	7.25e-02	4.49e-01	3.20e-01	6.80e-02	7.44e-03	4.07e-04	1.05e-05	2.01e-07	0.00e+00	0.00e+00	0.00e+00	0.00e+00
 1.59999e+23	1.85e-13	1.59e-08	6.13e-05	1.67e-03	1.72e-02	4.63e-02	2.86e-02	7.76e-02	4.54e-01	3.06e-01	6.17e-02	6.47e-03	3.38e-04	8.50e-06	1.57e-07	0.00e+00	0.00e+00	0.00e+00	0.00e+00
 1.61248e+23	2.48e-13	2.05e-08	7.58e-05	1.99e-03	1.97e-02	5.12e-02	3.05e-02	8.17e-02	4.57e-01	2.94e-01	5.71e-02	5.78e-03	2.91e-04	7.16e-06	1.28e-07	0.00e+00	0.00e+00	0.00e+00	0.00e+00
 1.62539e+23	3.60e-13	2.83e-08	9.98e-05	2.49e-03	2.33e-02	5.80e-02	3.30e-02	8.72e-02	4.60e-01	2.79e-01	5.13e-02	4.97e-03	2.39e-04	5.71e-06	0.00e+00	0.00e+00	0.00e+00	0.00e+00	0.00e+00
 1.63849e+23	4.84e-13	3.66e-08	1.24e-04	2.97e-03	2.67e-02	6.39e-02	3.50e-02	9.13e-02	4.61e-01	2.68e-01	4.72e-02	4.40e-03	2.05e-04	4.77e-06	0.00e+00	0.00e+00	0.00e+00	0.00e+00	0.00e+00
 1.65183e+23	7.10e-13	5.10e-08	1.64e-04	3.73e-03	3.16e-02	7.23e-02	3.77e-02	9.68e-02	4.60e-01	2.52e-01	4.20e-02	3.75e-03	1.66e-04	3.76e-06	0.00e+00	0.00e+00	0.00e+00	0.00e+00	0.00e+00
 1.66532e+23	9.55e-13	6.59e-08	2.03e-04	4.43e-03	3.61e-02	7.93e-02	3.99e-02	1.01e-01	4.58e-01	2.39e-01	3.83e-02	3.30e-03	1.41e-04	3.12e-06	0.00e+00	0.00e+00	0.00e+00	0.00e+00	0.00e+00
 1.67901e+23	1.40e-12	9.19e-08	2.69e-04	5.55e-03	4.26e-02	8.92e-02	4.28e-02	1.06e-01	4.53e-01	2.23e-01	3.38e-02	2.78e-03	1.14e-04	2.43e-06	0.00e+00	0.00e+00	0.00e+00	0.00e+00	0.00e+00
 1.69290e+23	1.89e-12	1.19e-07	3.34e-04	6.59e-03	4.85e-02	9.75e-02	4.50e-02	1.10e-01	4.48e-01	2.11e-01	3.06e-02	2.42e-03	9.56e-05	2.00e-06	0.00e+00	0.00e+00	0.00e+00	0.00e+00	0.00e+00
 1.70509e+23	2.54e-12	1.53e-07	4.12e-04	7.79e-03	5.48e-02	1.06e-01	4.72e-02	1.14e-01	4.42e-01	1.98e-01	2.76e-02	2.11e-03	8.04e-05	1.65e-06	0.00e+00	0.00e+00	0.00e+00	0.00e+00	0.00e+00
 1.71897e+23	3.71e-12	2.12e-07	5.40e-04	9.65e-03	6.41e-02	1.18e-01	4.99e-02	1.18e-01	4.32e-01	1.82e-01	2.40e-02	1.76e-03	6.38e-05	1.27e-06	0.00e+00	0.00e+00	0.00e+00	0.00e+00	0.00e+00
 1.73297e+23	4.95e-12	2.72e-07	6.64e-04	1.13e-02	7.20e-02	1.27e-01	5.20e-02	1.21e-01	4.22e-01	1.70e-01	2.15e-02	1.52e-03	5.32e-05	1.03e-06	0.00e+00	0.00e+00	0.00e+00	0.00e+00	0.00e+00
 1.74450e+23	6.37e-12	3.37e-07	7.94e-04	1.30e-02	7.96e-02	1.36e-01	5.37e-02	1.23e-01	4.13e-01	1.60e-01	1.95e-02	1.33e-03	4.53e-05	8.63e-07	0.00e+00	0.00e+00	0.00e+00	0.00e+00	0.00e+00
 1.75684e+23	8.71e-12	4.40e-07	9.91e-04	1.55e-02	8.99e-02	1.47e-01	5.57e-02	1.25e-01	4.00e-01	1.47e-01	1.71e-02	1.13e-03	3.68e-05	6.85e-07	0.00e+00	0.00e+00	0.00e+00	0.00e+00	0.00e+00
 1.76947e+23	1.13e-11	5.50e-07	1.19e-03	1.78e-02	9.93e-02	1.56e-01	5.73e-02	1.27e-01	3.88e-01	1.37e-01	1.53e-02	9.73e-04	3.08e-05	5.62e-07	0.00e+00	0.00e+00	0.00e+00	0.00e+00	0.00e+00
 1.78070e+23	1.45e-11	6.80e-07	1.42e-03	2.04e-02	1.09e-01	1.65e-01	5.87e-02	1.28e-01	3.76e-01	1.27e-01	1.36e-02	8.43e-04	2.59e-05	4.63e-07	0.00e+00	0.00e+00	0.00e+00	0.00e+00	0.00e+00
 1.79354e+23	1.98e-11	8.83e-07	1.76e-03	2.40e-02	1.22e-01	1.77e-01	6.02e-02	1.29e-01	3.59e-01	1.15e-01	1.18e-02	7.01e-04	2.07e-05	3.62e-07	0.00e+00	0.00e+00	0.00e+00	0.00e+00	0.00e+00
 1.80688e+23	2.60e-11	1.11e-06	2.12e-03	2.77e-02	1.34e-01	1.87e-01	6.14e-02	1.29e-01	3.43e-01	1.05e-01	1.03e-02	5.91e-04	1.69e-05	2.88e-07	0.00e+00	0.00e+00	0.00e+00	0.00e+00	0.00e+00
 1.81879e+23	3.33e-11	1.37e-06	2.51e-03	3.14e-02	1.46e-01	1.96e-01	6.22e-02	1.29e-01	3.28e-01	9.60e-02	9.08e-03	5.04e-04	1.40e-05	2.34e-07	0.00e+00	0.00e+00	0.00e+00	0.00e+00	0.00e+00
 1.83220e+23	4.52e-11	1.77e-06	3.09e-03	3.66e-02	1.61e-01	2.06e-01	6.30e-02	1.28e-01	3.08e-01	8.55e-02	7.71e-03	4.12e-04	1.10e-05	1.79e-07	0.00e+00	0.00e+00	0.00e+00	0.00e+00	0.00e+00
 1.84622e+23	5.95e-11	2.23e-06	3.72e-03	4.19e-02	1.76e-01	2.16e-01	6.34e-02	1.26e-01	2.90e-01	7.65e-02	6.60e-03	3.40e-04	8.72e-06	1.39e-07	0.00e+00	0.00e+00	0.00e+00	0.00e+00	0.00e+00
 1.85886e+23	7.62e-11	2.74e-06	4.39e-03	4.72e-02	1.90e-01	2.23e-01	6.35e-02	1.24e-01	2.73e-01	6.88e-02	5.70e-03	2.84e-04	7.06e-06	0.00e+00	0.00e+00	0.00e+00	0.00e+00	0.00e+00	0.00e+00
 1.87313e+23	1.04e-10	3.54e-06	5.37e-03	5.46e-02	2.07e-01	2.32e-01	6.33e-02	1.21e-01	2.51e-01	5.99e-02	4.72e-03	2.25e-04	5.38e-06	0.00e+00	0.00e+00	0.00e+00	0.00e+00	0.00e+00	0.00e+00
 1.88788e+23	1.36e-10	4.43e-06	6.41e-03	6.19e-02	2.23e-01	2.39e-01	6.28e-02	1.18e-01	2.32e-01	5.25e-02	3.95e-03	1.82e-04	4.19e-06	0.00e+00	0.00e+00	0.00e+00	0.00e+00	0.00e+00	0.00e+00
 1.90103e+23	1.73e-10	5.41e-06	7.49e-03	6.90e-02	2.38e-01	2.44e-01	6.21e-02	1.14e-01	2.15e-01	4.64e-02	3.35e-03	1.49e-04	3.32e-06	0.00e+00	0.00e+00	0.00e+00	0.00e+00	0.00e+00	0.00e+00
 1.91589e+23	2.33e-10	6.91e-06	9.07e-03	7.87e-02	2.56e-01	2.50e-01	6.08e-02	1.09e-01	1.94e-01	3.95e-02	2.71e-03	1.16e-04	2.47e-06	0.00e+00	0.00e+00	0.00e+00	0.00e+00	0.00e+00	0.00e+00
 1.93134e+23	3.04e-10	8.57e-06	1.07e-02	8.81e-02	2.72e-01	2.53e-01	5.94e-02	1.04e-01	1.76e-01	3.40e-02	2.22e-03	9.15e-05	1.88e-06	0.00e+00	0.00e+00	0.00e+00	0.00e+00	0.00e+00	0.00e+00
 1.94524e+23	3.86e-10	1.04e-05	1.25e-02	9.73e-02	2.86e-01	2.55e-01	5.78e-02	9.96e-02	1.60e-01	2.94e-02	1.84e-03	7.32e-05	1.46e-06	0.00e+00	0.00e+00	0.00e+00	0.00e+00	0.00e+00	0.00e+00
 1.96099e+23	5.23e-10	1.33e-05	1.50e-02	1.10e-01	3.03e-01	2.56e-01	5.56e-02	9.32e-02	1.41e-01	2.43e-02	1.44e-03	5.48e-05	1.04e-06	0.00e+00	0.00e+00	0.00e+00	0.00e+00	0.00e+00	0.00e+00
 1.97725e+23	6.74e-10	1.63e-05	1.75e-02	1.21e-01	3.17e-01	2.55e-01	5.35e-02	8.76e-02	1.26e-01	2.05e-02	1.16e-03	4.25e-05	7.78e-07	0.00e+00	0.00e+00	0.00e+00	0.00e+00	0.00e+00	0.00e+00
 1.99191e+23	8.57e-10	1.98e-05	2.02e-02	1.33e-01	3.30e-01	2.54e-01	5.13e-02	8.22e-02	1.12e-01	1.73e-02	9.38e-04	3.31e-05	5.85e-07	0.00e+00	0.00e+00	0.00e+00	0.00e+00	0.00e+00	0.00e+00
 2.00871e+23	1.16e-09	2.52e-05	2.41e-02	1.48e-01	3.44e-01	2.50e-01	4.83e-02	7.53e-02	9.61e-02	1.39e-02	7.09e-04	2.39e-05	4.04e-07	0.00e+00	0.00e+00	0.00e+00	0.00e+00	0.00e+00	0.00e+00
 2.02573e+23	1.48e-09	3.06e-05	2.78e-02	1.61e-01	3.54e-01	2.45e-01	4.57e-02	6.96e-02	8.41e-02	1.15e-02	5.59e-04	1.82e-05	2.95e-07	0.00e+00	0.00e+00	0.00e+00	0.00e+00	0.00e+00	0.00e+00
 2.04077e+23	1.87e-09	3.66e-05	3.17e-02	1.74e-01	3.63e-01	2.40e-01	4.33e-02	6.44e-02	7.39e-02	9.55e-03	4.45e-04	1.40e-05	2.18e-07	0.00e+00	0.00e+00	0.00e+00	0.00e+00	0.00e+00	0.00e+00
 2.05806e+23	2.51e-09	4.62e-05	3.75e-02	1.91e-01	3.72e-01	2.32e-01	4.01e-02	5.78e-02	6.20e-02	7.46e-03	3.28e-04	9.82e-06	1.47e-07	0.00e+00	0.00e+00	0.00e+00	0.00e+00	0.00e+00	0.00e+00
 2.07556e+23	3.17e-09	5.54e-05	4.26e-02	2.05e-01	3.77e-01	2.25e-01	3.75e-02	5.27e-02	5.35e-02	6.09e-03	2.55e-04	7.36e-06	0.00e+00	0.00e+00	0.00e+00	0.00e+00	0.00e+00	0.00e+00	0.00e+00
 2.09333e+23	4.21e-09	6.89e-05	4.97e-02	2.23e-01	3.82e-01	2.15e-01	3.43e-02	4.68e-02	4.45e-02	4.71e-03	1.87e-04	5.13e-06	0.00e+00	0.00e+00	0.00e+00	0.00e+00	0.00e+00	0.00e+00	0.00e+00
 2.11147e+23	5.32e-09	8.26e-05	5.64e-02	2.38e-01	3.84e-01	2.06e-01	3.18e-02	4.22e-02	3.79e-02	3.78e-03	1.43e-04	3.77e-06	0.00e+00	0.00e+00	0.00e+00	0.00e+00	0.00e+00	0.00e+00	0.00e+00
 2.12762e+23	6.68e-09	9.82e-05	6.35e-02	2.52e-01	3.85e-01	1.97e-01	2.93e-02	3.80e-02	3.22e-02	3.03e-03	1.09e-04	2.78e-06	0.00e+00	0.00e+00	0.00e+00	0.00e+00	0.00e+00	0.00e+00	0.00e+00
 2.14616e+23	8.85e-09	1.22e-04	7.34e-02	2.70e-01	3.84e-01	1.85e-01	2.64e-02	3.31e-02	2.62e-02	2.28e-03	7.75e-05	1.88e-06	0.00e+00	0.00e+00	0.00e+00	0.00e+00	0.00e+00	0.00e+00	0.00e+00
 2.16499e+23	1.11e-08	1.44e-04	8.23e-02	2.85e-01	3.81e-01	1.75e-01	2.42e-02	2.94e-02	2.20e-02	1.81e-03	5.84e-05	1.37e-06	0.00e+00	0.00e+00	0.00e+00	0.00e+00	0.00e+00	0.00e+00	0.00e+00
 2.18422e+23	1.47e-08	1.78e-04	9.47e-02	3.02e-01	3.75e-01	1.62e-01	2.15e-02	2.52e-02	1.75e-02	1.33e-03	4.05e-05	9.02e-07	0.00e+00	0.00e+00	0.00e+00	0.00e+00	0.00e+00	0.00e+00	0.00e+00
 2.20299e+23	1.81e-08	2.08e-04	1.05e-01	3.15e-01	3.70e-01	1.53e-01	1.97e-02	2.25e-02	1.48e-02	1.06e-03	3.09e-05	6.64e-07	0.00e+00	0.00e+00	0.00e+00	0.00e+00	0.00e+00	0.00e+00	0.00e+00
 2.22118e+23	2.34e-08	2.51e-04	1.18e-01	3.30e-01	3.61e-01	1.41e-01	1.75e-02	1.93e-02	1.19e-02	7.90e-04	2.18e-05	4.46e-07	0.00e+00	0.00e+00	0.00e+00	0.00e+00	0.00e+00	0.00e+00	0.00e+00
 2.23912e+23	2.83e-08	2.89e-04	1.29e-01	3.41e-01	3.53e-01	1.32e-01	1.60e-02	1.72e-02	1.01e-02	6.33e-04	1.68e-05	3.32e-07	0.00e+00	0.00e+00	0.00e+00	0.00e+00	0.00e+00	0.00e+00	0.00e+00
 2.25430e+23	3.39e-08	3.29e-04	1.40e-01	3.51e-01	3.45e-01	1.24e-01	1.46e-02	1.53e-02	8.56e-03	5.10e-04	1.30e-05	2.48e-07	0.00e+00	0.00e+00	0.00e+00	0.00e+00	0.00e+00	0.00e+00	0.00e+00
 2.27157e+23	4.28e-08	3.91e-04	1.56e-01	3.63e-01	3.33e-01	1.14e-01	1.29e-02	1.31e-02	6.88e-03	3.82e-04	9.22e-06	1.69e-07	0.00e+00	0.00e+00	0.00e+00	0.00e+00	0.00e+00	0.00e+00	0.00e+00
 2.28873e+23	5.09e-08	4.43e-04	1.68e-01	3.71e-01	3.24e-01	1.07e-01	1.18e-02	1.17e-02	5.83e-03	3.07e-04	7.14e-06	1.27e-07	0.00e+00	0.00e+00	0.00e+00	0.00e+00	0.00e+00	0.00e+00	0.00e+00
 2.30572e+23	6.33e-08	5.17e-04	1.84e-01	3.80e-01	3.11e-01	9.80e-02	1.05e-02	1.00e-02	4.72e-03	2.32e-04	5.14e-06	0.00e+00	0.00e+00	0.00e+00	0.00e+00	0.00e+00	0.00e+00	0.00e+00	0.00e+00
 2.32320e+23	7.58e-08	5.88e-04	1.99e-01	3.87e-01	3.00e-01	9.08e-02	9.46e-03	8.80e-03	3.94e-03	1.83e-04	3.89e-06	0.00e+00	0.00e+00	0.00e+00	0.00e+00	0.00e+00	0.00e+00	0.00e+00	0.00e+00
 2.33894e+23	9.02e-08	6.64e-04	2.14e-01	3.93e-01	2.89e-01	8.42e-02	8.54e-03	7.74e-03	3.30e-03	1.45e-04	2.96e-06	0.00e+00	0.00e+00	0.00e+00	0.00e+00	0.00e+00	0.00e+00	0.00e+00	0.00e+00
 2.35704e+23	1.13e-07	7.76e-04	2.33e-01	3.99e-01	2.74e-01	7.61e-02	7.47e-03	6.53e-03	2.61e-03	1.07e-04	2.08e-06	0.00e+00	0.00e+00	0.00e+00	0.00e+00	0.00e+00	0.00e+00	0.00e+00	0.00e+00
 2.37528e+23	1.34e-07	8.75e-04	2.49e-01	4.03e-01	2.62e-01	7.01e-02	6.71e-03	5.70e-03	2.17e-03	8.36e-05	1.57e-06	0.00e+00	0.00e+00	0.00e+00	0.00e+00	0.00e+00	0.00e+00	0.00e+00	0.00e+00
 2.39368e+23	1.66e-07	1.02e-03	2.71e-01	4.06e-01	2.47e-01	6.30e-02	5.84e-03	4.78e-03	1.71e-03	6.12e-05	1.09e-06	0.00e+00	0.00e+00	0.00e+00	0.00e+00	0.00e+00	0.00e+00	0.00e+00	0.00e+00
 2.41070e+23	1.91e-07	1.12e-03	2.85e-01	4.08e-01	2.36e-01	5.85e-02	5.31e-03	4.25e-03	1.46e-03	4.96e-05	8.58e-07	0.00e+00	0.00e+00	0.00e+00	0.00e+00	0.00e+00	0.00e+00	0.00e+00	0.00e+00
 2.42592e+23	2.26e-07	1.26e-03	3.03e-01	4.08e-01	2.24e-01	5.36e-02	4.74e-03	3.68e-03	1.20e-03	3.86e-05	6.43e-07	0.00e+00	0.00e+00	0.00e+00	0.00e+00	0.00e+00	0.00e+00	0.00e+00	0.00e+00
 2.44159e+23	2.61e-07	1.38e-03	3.19e-01	4.08e-01	2.14e-01	4.95e-02	4.29e-03	3.25e-03	1.02e-03	3.10e-05	5.00e-07	0.00e+00	0.00e+00	0.00e+00	0.00e+00	0.00e+00	0.00e+00	0.00e+00	0.00e+00
 2.45557e+23	2.99e-07	1.51e-03	3.33e-01	4.08e-01	2.04e-01	4.59e-02	3.90e-03	2.88e-03	8.67e-04	2.52e-05	3.94e-07	0.00e+00	0.00e+00	0.00e+00	0.00e+00	0.00e+00	0.00e+00	0.00e+00	0.00e+00
 2.47147e+23	3.53e-07	1.69e-03	3.53e-01	4.05e-01	1.92e-01	4.17e-02	3.45e-03	2.48e-03	7.08e-04	1.93e-05	2.91e-07	0.00e+00	0.00e+00	0.00e+00	0.00e+00	0.00e+00	0.00e+00	0.00e+00	0.00e+00
 2.48764e+23	4.06e-07	1.86e-03	3.69e-01	4.03e-01	1.82e-01	3.84e-02	3.11e-03	2.18e-03	5.96e-04	1.54e-05	2.26e-07	0.00e+00	0.00e+00	0.00e+00	0.00e+00	0.00e+00	0.00e+00	0.00e+00	0.00e+00
 2.50188e+23	4.64e-07	2.03e-03	3.84e-01	4.00e-01	1.72e-01	3.55e-02	2.81e-03	1.92e-03	5.05e-04	1.24e-05	1.76e-07	0.00e+00	0.00e+00	0.00e+00	0.00e+00	0.00e+00	0.00e+00	0.00e+00	0.00e+00
 2.51816e+23	5.47e-07	2.26e-03	4.04e-01	3.96e-01	1.61e-01	3.20e-02	2.48e-03	1.64e-03	4.10e-04	9.49e-06	1.30e-07	0.00e+00	0.00e+00	0.00e+00	0.00e+00	0.00e+00	0.00e+00	0.00e+00	0.00e+00
