#depth	Cl	Cl+	Cl+2	Cl+3	Cl+4	Cl+5	Cl+6	Cl+7	Cl+8	Cl+9	Cl+10	Cl+11	Cl+12	Cl+13	Cl+14	Cl+15	Cl+16	Cl+17
 1.54284e+22	0.00e+00	2.20e-29	2.20e-25	6.68e-22	5.39e-19	2.69e-16	1.18e-13	1.05e-10	1.18e-08	5.70e-07	1.27e-05	1.74e-04	1.33e-03	6.19e-03	3.24e-02	3.20e-01	4.43e-01	1.97e-01
 3.53689e+22	0.00e+00	3.88e-27	2.70e-23	5.77e-20	3.11e-17	1.03e-14	2.88e-12	2.12e-09	1.85e-07	6.69e-06	1.08e-04	1.06e-03	5.64e-03	1.75e-02	6.10e-02	4.13e-01	3.86e-01	1.17e-01
 4.21371e+22	0.00e+00	5.26e-26	3.03e-22	5.33e-19	2.31e-16	6.07e-14	1.35e-11	9.28e-09	7.21e-07	2.28e-05	3.13e-04	2.60e-03	1.14e-02	2.85e-02	8.05e-02	4.50e-01	3.42e-01	8.46e-02
 4.55211e+22	0.00e+00	2.02e-25	1.05e-21	1.66e-18	6.39e-16	1.49e-13	2.91e-11	1.95e-08	1.44e-06	4.24e-05	5.37e-04	4.08e-03	1.62e-02	3.62e-02	9.16e-02	4.63e-01	3.17e-01	7.06e-02
 4.69312e+22	0.00e+00	2.87e-25	1.45e-21	2.24e-18	8.32e-16	1.87e-13	3.55e-11	2.37e-08	1.72e-06	4.99e-05	6.17e-04	4.59e-03	1.77e-02	3.85e-02	9.46e-02	4.66e-01	3.10e-01	6.72e-02
 4.74430e+22	0.00e+00	3.86e-25	1.91e-21	2.87e-18	1.04e-15	2.27e-13	4.18e-11	2.78e-08	2.01e-06	5.72e-05	6.94e-04	5.06e-03	1.91e-02	4.05e-02	9.72e-02	4.68e-01	3.05e-01	6.44e-02
 4.79018e+22	0.00e+00	5.06e-25	2.45e-21	3.60e-18	1.27e-15	2.71e-13	4.85e-11	3.22e-08	2.30e-06	6.47e-05	7.73e-04	5.53e-03	2.05e-02	4.24e-02	9.95e-02	4.70e-01	2.99e-01	6.19e-02
 4.84284e+22	0.00e+00	7.10e-25	3.35e-21	4.79e-18	1.64e-15	3.38e-13	5.86e-11	3.88e-08	2.73e-06	7.56e-05	8.83e-04	6.19e-03	2.23e-02	4.49e-02	1.02e-01	4.72e-01	2.92e-01	5.89e-02
 4.89843e+22	0.00e+00	9.87e-25	4.53e-21	6.31e-18	2.09e-15	4.17e-13	7.00e-11	4.62e-08	3.22e-06	8.78e-05	1.00e-03	6.89e-03	2.42e-02	4.74e-02	1.05e-01	4.73e-01	2.86e-01	5.61e-02
 4.94776e+22	0.00e+00	1.31e-24	5.90e-21	8.01e-18	2.58e-15	5.02e-13	8.19e-11	5.40e-08	3.72e-06	1.00e-04	1.12e-03	7.56e-03	2.60e-02	4.97e-02	1.08e-01	4.74e-01	2.80e-01	5.37e-02
 5.00183e+22	0.00e+00	1.93e-24	8.40e-21	1.10e-17	3.43e-15	6.40e-13	1.00e-10	6.61e-08	4.51e-06	1.19e-04	1.31e-03	8.56e-03	2.86e-02	5.29e-02	1.11e-01	4.75e-01	2.72e-01	5.05e-02
 5.05333e+22	0.00e+00	2.54e-24	1.08e-20	1.39e-17	4.19e-15	7.61e-13	1.16e-10	7.64e-08	5.17e-06	1.35e-04	1.45e-03	9.35e-03	3.06e-02	5.53e-02	1.13e-01	4.76e-01	2.66e-01	4.84e-02
 5.10149e+22	0.00e+00	3.56e-24	1.47e-20	1.84e-17	5.36e-15	9.41e-13	1.39e-10	9.13e-08	6.12e-06	1.57e-04	1.65e-03	1.04e-02	3.32e-02	5.84e-02	1.16e-01	4.76e-01	2.59e-01	4.58e-02
 5.15062e+22	0.00e+00	4.71e-24	1.90e-20	2.31e-17	6.57e-15	1.12e-12	1.61e-10	1.06e-07	7.02e-06	1.78e-04	1.84e-03	1.14e-02	3.55e-02	6.09e-02	1.18e-01	4.75e-01	2.53e-01	4.38e-02
 5.20103e+22	0.00e+00	6.86e-24	2.69e-20	3.15e-17	8.61e-15	1.41e-12	1.94e-10	1.28e-07	8.44e-06	2.10e-04	2.13e-03	1.28e-02	3.89e-02	6.46e-02	1.22e-01	4.74e-01	2.45e-01	4.11e-02
 5.25051e+22	0.00e+00	8.99e-24	3.44e-20	3.94e-17	1.05e-14	1.67e-12	2.24e-10	1.48e-07	9.65e-06	2.37e-04	2.36e-03	1.39e-02	4.14e-02	6.73e-02	1.24e-01	4.73e-01	2.39e-01	3.93e-02
 5.29880e+22	0.00e+00	1.32e-23	4.88e-20	5.39e-17	1.37e-14	2.10e-12	2.69e-10	1.79e-07	1.16e-05	2.81e-04	2.73e-03	1.57e-02	4.54e-02	7.12e-02	1.27e-01	4.71e-01	2.30e-01	3.68e-02
 5.34645e+22	0.00e+00	1.73e-23	6.24e-20	6.71e-17	1.66e-14	2.47e-12	3.08e-10	2.06e-07	1.32e-05	3.16e-04	3.01e-03	1.71e-02	4.82e-02	7.40e-02	1.29e-01	4.69e-01	2.24e-01	3.51e-02
 5.39328e+22	0.00e+00	2.46e-23	8.62e-20	8.97e-17	2.14e-14	3.05e-12	3.66e-10	2.46e-07	1.57e-05	3.69e-04	3.44e-03	1.90e-02	5.23e-02	7.79e-02	1.31e-01	4.66e-01	2.17e-01	3.29e-02
 5.44181e+22	0.00e+00	3.36e-23	1.14e-19	1.15e-16	2.66e-14	3.66e-12	4.25e-10	2.87e-07	1.82e-05	4.23e-04	3.86e-03	2.09e-02	5.61e-02	8.13e-02	1.33e-01	4.63e-01	2.10e-01	3.11e-02
 5.48386e+22	0.00e+00	4.40e-23	1.46e-19	1.44e-16	3.22e-14	4.29e-12	4.84e-10	3.29e-07	2.07e-05	4.75e-04	4.27e-03	2.26e-02	5.96e-02	8.44e-02	1.35e-01	4.60e-01	2.04e-01	2.95e-02
 5.52987e+22	0.00e+00	6.47e-23	2.07e-19	1.96e-16	4.19e-14	5.33e-12	5.76e-10	3.97e-07	2.48e-05	5.61e-04	4.91e-03	2.54e-02	6.48e-02	8.88e-02	1.38e-01	4.55e-01	1.95e-01	2.74e-02
 5.57538e+22	0.00e+00	8.45e-23	2.64e-19	2.43e-16	5.05e-14	6.24e-12	6.54e-10	4.53e-07	2.82e-05	6.29e-04	5.41e-03	2.75e-02	6.87e-02	9.19e-02	1.39e-01	4.51e-01	1.89e-01	2.60e-02
 5.62024e+22	0.00e+00	1.23e-22	3.72e-19	3.28e-16	6.53e-14	7.70e-12	7.72e-10	5.43e-07	3.36e-05	7.38e-04	6.20e-03	3.06e-02	7.44e-02	9.64e-02	1.41e-01	4.45e-01	1.81e-01	2.41e-02
 5.66433e+22	0.00e+00	1.60e-22	4.71e-19	4.05e-16	7.82e-14	8.94e-12	8.71e-10	6.16e-07	3.79e-05	8.24e-04	6.81e-03	3.30e-02	7.86e-02	9.95e-02	1.42e-01	4.41e-01	1.75e-01	2.29e-02
 5.70741e+22	0.00e+00	2.33e-22	6.61e-19	5.45e-16	1.01e-13	1.10e-11	1.02e-09	7.35e-07	4.51e-05	9.65e-04	7.78e-03	3.67e-02	8.49e-02	1.04e-01	1.44e-01	4.34e-01	1.67e-01	2.11e-02
 5.75032e+22	0.00e+00	3.03e-22	8.40e-19	6.73e-16	1.20e-13	1.27e-11	1.15e-09	8.35e-07	5.09e-05	1.08e-03	8.53e-03	3.95e-02	8.95e-02	1.07e-01	1.45e-01	4.28e-01	1.61e-01	1.99e-02
 5.79301e+22	0.00e+00	4.43e-22	1.18e-18	9.06e-16	1.55e-13	1.55e-11	1.35e-09	9.94e-07	6.04e-05	1.26e-03	9.73e-03	4.38e-02	9.64e-02	1.12e-01	1.46e-01	4.20e-01	1.53e-01	1.83e-02
 5.83598e+22	0.00e+00	5.85e-22	1.52e-18	1.13e-15	1.86e-13	1.81e-11	1.52e-09	1.13e-06	6.85e-05	1.41e-03	1.07e-02	4.73e-02	1.02e-01	1.15e-01	1.47e-01	4.13e-01	1.47e-01	1.72e-02
 5.87930e+22	0.00e+00	8.64e-22	2.15e-18	1.53e-15	2.40e-13	2.22e-11	1.77e-09	1.35e-06	8.14e-05	1.65e-03	1.22e-02	5.24e-02	1.09e-01	1.20e-01	1.47e-01	4.03e-01	1.39e-01	1.57e-02
 5.92297e+22	0.00e+00	1.15e-21	2.79e-18	1.92e-15	2.91e-13	2.58e-11	2.00e-09	1.54e-06	9.24e-05	1.86e-03	1.34e-02	5.65e-02	1.15e-01	1.23e-01	1.47e-01	3.95e-01	1.33e-01	1.47e-02
 5.96710e+22	0.00e+00	1.70e-21	3.94e-18	2.59e-15	3.74e-13	3.16e-11	2.33e-09	1.83e-06	1.09e-04	2.16e-03	1.53e-02	6.23e-02	1.23e-01	1.27e-01	1.47e-01	3.84e-01	1.25e-01	1.34e-02
 6.01082e+22	0.00e+00	2.27e-21	5.12e-18	3.25e-15	4.52e-13	3.67e-11	2.61e-09	2.08e-06	1.24e-04	2.43e-03	1.68e-02	6.71e-02	1.30e-01	1.31e-01	1.47e-01	3.75e-01	1.19e-01	1.24e-02
 6.05404e+22	0.00e+00	3.34e-21	7.22e-18	4.37e-15	5.78e-13	4.46e-11	3.03e-09	2.46e-06	1.46e-04	2.82e-03	1.90e-02	7.37e-02	1.38e-01	1.35e-01	1.46e-01	3.63e-01	1.11e-01	1.12e-02
 6.09795e+22	0.00e+00	4.53e-21	9.50e-18	5.53e-15	7.04e-13	5.20e-11	3.40e-09	2.81e-06	1.66e-04	3.17e-03	2.09e-02	7.92e-02	1.45e-01	1.38e-01	1.46e-01	3.53e-01	1.05e-01	1.04e-02
 6.14276e+22	0.00e+00	6.76e-21	1.36e-17	7.52e-15	9.07e-13	6.35e-11	3.95e-09	3.33e-06	1.96e-04	3.68e-03	2.37e-02	8.69e-02	1.54e-01	1.41e-01	1.44e-01	3.39e-01	9.77e-02	9.28e-03
 6.18806e+22	0.00e+00	9.25e-21	1.80e-17	9.56e-15	1.11e-12	7.42e-11	4.44e-09	3.80e-06	2.23e-04	4.13e-03	2.60e-02	9.32e-02	1.61e-01	1.44e-01	1.43e-01	3.28e-01	9.19e-02	8.49e-03
 6.23399e+22	0.00e+00	1.39e-20	2.59e-17	1.31e-14	1.43e-12	9.06e-11	5.16e-09	4.49e-06	2.63e-04	4.80e-03	2.94e-02	1.02e-01	1.71e-01	1.47e-01	1.41e-01	3.13e-01	8.45e-02	7.53e-03
 6.28019e+22	0.00e+00	1.91e-20	3.42e-17	1.66e-14	1.75e-12	1.06e-10	5.79e-09	5.11e-06	2.98e-04	5.37e-03	3.22e-02	1.09e-01	1.78e-01	1.49e-01	1.39e-01	3.02e-01	7.91e-02	6.86e-03
 6.31999e+22	0.00e+00	2.59e-20	4.50e-17	2.10e-14	2.12e-12	1.23e-10	6.47e-09	5.77e-06	3.35e-04	5.98e-03	3.51e-02	1.16e-01	1.85e-01	1.51e-01	1.36e-01	2.90e-01	7.40e-02	6.24e-03
 6.36500e+22	0.00e+00	3.84e-20	6.37e-17	2.82e-14	2.70e-12	1.48e-10	7.44e-09	6.73e-06	3.89e-04	6.84e-03	3.91e-02	1.25e-01	1.94e-01	1.53e-01	1.33e-01	2.75e-01	6.78e-02	5.52e-03
 6.41046e+22	0.00e+00	5.21e-20	8.36e-17	3.56e-14	3.27e-12	1.72e-10	8.31e-09	7.57e-06	4.37e-04	7.58e-03	4.25e-02	1.33e-01	2.01e-01	1.54e-01	1.31e-01	2.64e-01	6.31e-02	5.00e-03
 6.45648e+22	0.00e+00	7.76e-20	1.19e-16	4.81e-14	4.18e-12	2.08e-10	9.56e-09	8.79e-06	5.05e-04	8.64e-03	4.71e-02	1.43e-01	2.09e-01	1.55e-01	1.27e-01	2.49e-01	5.73e-02	4.38e-03
 6.50266e+22	0.00e+00	1.04e-19	1.55e-16	6.01e-14	5.03e-12	2.40e-10	1.07e-08	9.82e-06	5.61e-04	9.50e-03	5.08e-02	1.50e-01	2.15e-01	1.55e-01	1.24e-01	2.38e-01	5.33e-02	3.96e-03
 6.54903e+22	0.00e+00	1.54e-19	2.19e-16	8.08e-14	6.42e-12	2.90e-10	1.22e-08	1.13e-05	6.43e-04	1.07e-02	5.60e-02	1.60e-01	2.22e-01	1.55e-01	1.20e-01	2.23e-01	4.82e-02	3.45e-03
 6.59619e+22	0.00e+00	2.07e-19	2.85e-16	1.01e-13	7.72e-12	3.35e-10	1.36e-08	1.26e-05	7.13e-04	1.18e-02	6.01e-02	1.68e-01	2.28e-01	1.55e-01	1.17e-01	2.12e-01	4.46e-02	3.11e-03
 6.64438e+22	0.00e+00	3.06e-19	4.03e-16	1.36e-13	9.85e-12	4.04e-10	1.57e-08	1.45e-05	8.12e-04	1.32e-02	6.59e-02	1.78e-01	2.34e-01	1.54e-01	1.12e-01	1.98e-01	4.01e-02	2.69e-03
 6.69382e+22	0.00e+00	4.12e-19	5.26e-16	1.71e-13	1.19e-11	4.69e-10	1.76e-08	1.61e-05	8.98e-04	1.45e-02	7.06e-02	1.86e-01	2.39e-01	1.54e-01	1.09e-01	1.87e-01	3.68e-02	2.41e-03
 6.74486e+22	0.00e+00	6.10e-19	7.45e-16	2.29e-13	1.52e-11	5.68e-10	2.03e-08	1.84e-05	1.02e-03	1.62e-02	7.69e-02	1.97e-01	2.45e-01	1.52e-01	1.04e-01	1.74e-01	3.29e-02	2.07e-03
 6.79695e+22	3.81e-32	8.28e-19	9.78e-16	2.89e-13	1.85e-11	6.62e-10	2.28e-08	2.05e-05	1.12e-03	1.77e-02	8.22e-02	2.05e-01	2.48e-01	1.50e-01	1.00e-01	1.64e-01	3.01e-02	1.84e-03
 6.85038e+22	5.84e-32	1.22e-18	1.39e-15	3.90e-13	2.36e-11	8.03e-10	2.64e-08	2.33e-05	1.27e-03	1.97e-02	8.92e-02	2.15e-01	2.53e-01	1.48e-01	9.54e-02	1.51e-01	2.67e-02	1.57e-03
 6.90418e+22	8.09e-32	1.65e-18	1.81e-15	4.89e-13	2.86e-11	9.33e-10	2.96e-08	2.58e-05	1.39e-03	2.13e-02	9.47e-02	2.22e-01	2.56e-01	1.46e-01	9.16e-02	1.42e-01	2.43e-02	1.39e-03
 6.95847e+22	1.22e-31	2.40e-18	2.53e-15	6.52e-13	3.63e-11	1.13e-09	3.42e-08	2.92e-05	1.56e-03	2.35e-02	1.02e-01	2.32e-01	2.58e-01	1.43e-01	8.69e-02	1.30e-01	2.16e-02	1.19e-03
 7.01417e+22	1.70e-31	3.24e-18	3.31e-15	8.21e-13	4.40e-11	1.32e-09	3.85e-08	3.22e-05	1.71e-03	2.54e-02	1.08e-01	2.39e-01	2.60e-01	1.40e-01	8.31e-02	1.22e-01	1.95e-02	1.04e-03
 7.06239e+22	2.29e-31	4.26e-18	4.22e-15	1.01e-12	5.25e-11	1.51e-09	4.29e-08	3.53e-05	1.85e-03	2.72e-02	1.14e-01	2.46e-01	2.62e-01	1.37e-01	7.97e-02	1.14e-01	1.78e-02	9.27e-04
 7.11577e+22	3.36e-31	6.03e-18	5.76e-15	1.32e-12	6.56e-11	1.81e-09	4.92e-08	3.95e-05	2.04e-03	2.97e-02	1.21e-01	2.54e-01	2.63e-01	1.34e-01	7.54e-02	1.05e-01	1.58e-02	7.95e-04
 7.16986e+22	4.52e-31	7.91e-18	7.35e-15	1.63e-12	7.82e-11	2.08e-09	5.48e-08	4.31e-05	2.21e-03	3.17e-02	1.27e-01	2.60e-01	2.63e-01	1.31e-01	7.21e-02	9.85e-02	1.44e-02	7.03e-04
 7.22487e+22	6.63e-31	1.12e-17	1.00e-14	2.12e-12	9.79e-11	2.49e-09	6.30e-08	4.81e-05	2.43e-03	3.45e-02	1.35e-01	2.67e-01	2.63e-01	1.27e-01	6.80e-02	9.02e-02	1.27e-02	5.99e-04
 7.28073e+22	8.88e-31	1.46e-17	1.27e-14	2.61e-12	1.16e-10	2.86e-09	7.02e-08	5.24e-05	2.62e-03	3.67e-02	1.41e-01	2.73e-01	2.62e-01	1.23e-01	6.48e-02	8.42e-02	1.16e-02	5.29e-04
 7.32970e+22	1.18e-30	1.89e-17	1.60e-14	3.18e-12	1.38e-10	3.28e-09	7.80e-08	5.70e-05	2.82e-03	3.90e-02	1.47e-01	2.78e-01	2.61e-01	1.20e-01	6.18e-02	7.87e-02	1.05e-02	4.68e-04
 7.38540e+22	1.71e-30	2.64e-17	2.17e-14	4.12e-12	1.71e-10	3.91e-09	8.94e-08	6.33e-05	3.09e-03	4.21e-02	1.55e-01	2.84e-01	2.60e-01	1.16e-01	5.81e-02	7.18e-02	9.25e-03	3.98e-04
 7.44084e+22	2.23e-30	3.35e-17	2.68e-14	4.96e-12	2.00e-10	4.44e-09	9.89e-08	6.84e-05	3.30e-03	4.45e-02	1.61e-01	2.88e-01	2.58e-01	1.13e-01	5.54e-02	6.72e-02	8.44e-03	3.54e-04
 7.49597e+22	3.17e-30	4.62e-17	3.58e-14	6.36e-12	2.47e-10	5.26e-09	1.13e-07	7.57e-05	3.59e-03	4.77e-02	1.69e-01	2.94e-01	2.56e-01	1.09e-01	5.20e-02	6.14e-02	7.45e-03	3.02e-04
 7.55217e+22	4.14e-30	5.87e-17	4.44e-14	7.67e-12	2.90e-10	5.99e-09	1.25e-07	8.19e-05	3.84e-03	5.04e-02	1.75e-01	2.97e-01	2.54e-01	1.05e-01	4.95e-02	5.73e-02	6.77e-03	2.67e-04
 7.60978e+22	5.91e-30	8.10e-17	5.92e-14	9.83e-12	3.58e-10	7.11e-09	1.43e-07	9.06e-05	4.18e-03	5.40e-02	1.83e-01	3.02e-01	2.51e-01	1.01e-01	4.63e-02	5.21e-02	5.94e-03	2.27e-04
 7.66848e+22	7.75e-30	1.03e-16	7.38e-14	1.19e-11	4.21e-10	8.12e-09	1.59e-07	9.81e-05	4.46e-03	5.69e-02	1.90e-01	3.05e-01	2.48e-01	9.78e-02	4.39e-02	4.84e-02	5.38e-03	2.00e-04
 7.72859e+22	1.11e-29	1.43e-16	9.86e-14	1.53e-11	5.21e-10	9.66e-09	1.82e-07	1.09e-04	4.86e-03	6.09e-02	1.98e-01	3.09e-01	2.44e-01	9.35e-02	4.09e-02	4.39e-02	4.70e-03	1.69e-04
 7.78981e+22	2.86e-30	1.82e-16	1.23e-13	1.85e-11	6.15e-10	1.11e-08	2.03e-07	1.18e-04	5.19e-03	6.41e-02	2.05e-01	3.11e-01	2.41e-01	9.01e-02	3.86e-02	4.06e-02	4.23e-03	1.48e-04
 7.85246e+22	4.07e-30	2.52e-16	1.64e-13	2.38e-11	7.62e-10	1.32e-08	2.33e-07	1.31e-04	5.64e-03	6.84e-02	2.14e-01	3.14e-01	2.36e-01	8.57e-02	3.58e-02	3.67e-02	3.68e-03	1.24e-04
 7.91371e+22	5.17e-30	3.12e-16	2.00e-13	2.83e-11	8.84e-10	1.49e-08	2.57e-07	1.41e-04	5.99e-03	7.16e-02	2.20e-01	3.16e-01	2.33e-01	8.28e-02	3.40e-02	3.42e-02	3.35e-03	1.10e-04
 7.97312e+22	7.22e-30	4.24e-16	2.63e-13	3.59e-11	1.08e-09	1.76e-08	2.93e-07	1.55e-04	6.47e-03	7.60e-02	2.28e-01	3.18e-01	2.28e-01	7.87e-02	3.16e-02	3.09e-02	2.92e-03	9.28e-05
 8.03342e+22	9.18e-30	5.26e-16	3.20e-13	4.26e-11	1.26e-09	1.99e-08	3.24e-07	1.67e-04	6.86e-03	7.94e-02	2.34e-01	3.19e-01	2.24e-01	7.58e-02	2.99e-02	2.87e-02	2.65e-03	8.21e-05
 8.09487e+22	1.27e-29	7.07e-16	4.18e-13	5.37e-11	1.53e-09	2.34e-08	3.69e-07	1.84e-04	7.40e-03	8.41e-02	2.42e-01	3.20e-01	2.18e-01	7.20e-02	2.78e-02	2.60e-02	2.32e-03	6.94e-05
 8.15821e+22	1.65e-29	8.97e-16	5.19e-13	6.49e-11	1.80e-09	2.68e-08	4.10e-07	1.99e-04	7.88e-03	8.81e-02	2.49e-01	3.20e-01	2.14e-01	6.89e-02	2.61e-02	2.39e-02	2.07e-03	6.04e-05
 8.22401e+22	2.29e-29	1.20e-15	6.78e-13	8.20e-11	2.20e-09	3.17e-08	4.69e-07	2.20e-04	8.51e-03	9.33e-02	2.57e-01	3.20e-01	2.08e-01	6.52e-02	2.41e-02	2.15e-02	1.81e-03	5.08e-05
 8.29191e+22	3.01e-29	1.55e-15	8.50e-13	1.00e-10	2.61e-09	3.65e-08	5.26e-07	2.39e-04	9.08e-03	9.78e-02	2.64e-01	3.20e-01	2.03e-01	6.21e-02	2.25e-02	1.97e-02	1.60e-03	4.38e-05
 8.36257e+22	4.23e-29	2.10e-15	1.12e-12	1.28e-10	3.22e-09	4.34e-08	6.05e-07	2.65e-04	9.83e-03	1.04e-01	2.72e-01	3.19e-01	1.97e-01	5.84e-02	2.07e-02	1.76e-02	1.38e-03	3.65e-05
 8.43507e+22	5.63e-29	2.72e-15	1.42e-12	1.56e-10	3.84e-09	5.03e-08	6.80e-07	2.89e-04	1.05e-02	1.09e-01	2.79e-01	3.18e-01	1.91e-01	5.54e-02	1.93e-02	1.60e-02	1.22e-03	3.12e-05
 8.50998e+22	7.98e-29	3.72e-15	1.88e-12	2.01e-10	4.77e-09	6.02e-08	7.87e-07	3.22e-04	1.14e-02	1.15e-01	2.87e-01	3.17e-01	1.85e-01	5.18e-02	1.76e-02	1.42e-02	1.04e-03	2.57e-05
 8.58726e+22	1.07e-28	4.85e-15	2.40e-12	2.48e-10	5.73e-09	7.02e-08	8.90e-07	3.53e-04	1.22e-02	1.21e-01	2.94e-01	3.15e-01	1.79e-01	4.89e-02	1.63e-02	1.28e-02	9.12e-04	2.18e-05
 8.66761e+22	1.55e-28	6.72e-15	3.23e-12	3.23e-10	7.18e-09	8.48e-08	1.04e-06	3.95e-04	1.33e-02	1.28e-01	3.03e-01	3.12e-01	1.72e-01	4.54e-02	1.47e-02	1.13e-02	7.72e-04	1.77e-05
 8.75073e+22	2.11e-28	8.88e-15	4.16e-12	4.03e-10	8.71e-09	9.96e-08	1.18e-06	4.35e-04	1.43e-02	1.34e-01	3.10e-01	3.09e-01	1.65e-01	4.26e-02	1.35e-02	1.01e-02	6.68e-04	1.49e-05
 8.82588e+22	2.85e-28	1.16e-14	5.31e-12	5.00e-10	1.05e-08	1.16e-07	1.34e-06	4.78e-04	1.53e-02	1.41e-01	3.16e-01	3.06e-01	1.59e-01	4.00e-02	1.24e-02	9.09e-03	5.81e-04	1.25e-05
 8.91203e+22	4.17e-28	1.62e-14	7.22e-12	6.55e-10	1.33e-08	1.42e-07	1.57e-06	5.37e-04	1.67e-02	1.49e-01	3.24e-01	3.02e-01	1.52e-01	3.68e-02	1.12e-02	7.92e-03	4.86e-04	1.00e-05
 9.00002e+22	5.71e-28	2.15e-14	9.32e-12	8.21e-10	1.61e-08	1.67e-07	1.79e-06	5.92e-04	1.79e-02	1.56e-01	3.30e-01	2.98e-01	1.46e-01	3.43e-02	1.02e-02	7.05e-03	4.17e-04	8.33e-06
 9.07853e+22	7.70e-28	2.81e-14	1.19e-11	1.02e-09	1.94e-08	1.95e-07	2.03e-06	6.50e-04	1.91e-02	1.63e-01	3.36e-01	2.94e-01	1.40e-01	3.21e-02	9.34e-03	6.30e-03	3.61e-04	6.98e-06
 9.16874e+22	1.15e-27	4.02e-14	1.65e-11	1.36e-09	2.49e-08	2.40e-07	2.40e-06	7.34e-04	2.09e-02	1.72e-01	3.44e-01	2.87e-01	1.32e-01	2.92e-02	8.28e-03	5.40e-03	2.96e-04	5.47e-06
 9.25964e+22	1.56e-27	5.25e-14	2.10e-11	1.68e-09	3.00e-08	2.80e-07	2.72e-06	8.06e-04	2.23e-02	1.80e-01	3.49e-01	2.83e-01	1.26e-01	2.72e-02	7.55e-03	4.81e-03	2.55e-04	4.56e-06
 9.35141e+22	2.33e-27	7.53e-14	2.92e-11	2.24e-09	3.85e-08	3.45e-07	3.22e-06	9.10e-04	2.44e-02	1.90e-01	3.55e-01	2.75e-01	1.19e-01	2.46e-02	6.66e-03	4.10e-03	2.08e-04	3.54e-06
 9.44434e+22	3.18e-27	9.93e-14	3.75e-11	2.80e-09	4.66e-08	4.05e-07	3.67e-06	1.00e-03	2.60e-02	1.98e-01	3.60e-01	2.70e-01	1.13e-01	2.28e-02	6.04e-03	3.62e-03	1.77e-04	2.92e-06
 9.53877e+22	4.76e-27	1.43e-13	5.22e-11	3.74e-09	6.00e-08	5.00e-07	4.35e-06	1.13e-03	2.84e-02	2.08e-01	3.66e-01	2.62e-01	1.05e-01	2.05e-02	5.30e-03	3.07e-03	1.43e-04	2.25e-06
 9.62902e+22	6.27e-27	1.83e-13	6.54e-11	4.56e-09	7.13e-08	5.78e-07	4.89e-06	1.23e-03	3.01e-02	2.16e-01	3.69e-01	2.56e-01	1.01e-01	1.91e-02	4.84e-03	2.74e-03	1.23e-04	1.88e-06
 9.71386e+22	8.99e-27	2.54e-13	8.80e-11	5.91e-09	8.93e-08	6.98e-07	5.70e-06	1.37e-03	3.25e-02	2.26e-01	3.74e-01	2.49e-01	9.43e-02	1.73e-02	4.28e-03	2.34e-03	1.01e-04	1.48e-06
 9.79928e+22	1.18e-26	3.25e-13	1.10e-10	7.20e-09	1.06e-07	8.06e-07	6.41e-06	1.49e-03	3.44e-02	2.34e-01	3.76e-01	2.43e-01	8.96e-02	1.60e-02	3.90e-03	2.08e-03	8.71e-05	1.23e-06
 9.88548e+22	1.69e-26	4.53e-13	1.49e-10	9.37e-09	1.33e-07	9.77e-07	7.49e-06	1.67e-03	3.71e-02	2.44e-01	3.80e-01	2.34e-01	8.35e-02	1.44e-02	3.43e-03	1.77e-03	7.09e-05	9.57e-07
 9.97256e+22	2.24e-26	5.84e-13	1.88e-10	1.15e-08	1.59e-07	1.13e-06	8.45e-06	1.82e-03	3.94e-02	2.52e-01	3.82e-01	2.28e-01	7.90e-02	1.33e-02	3.10e-03	1.56e-03	6.03e-05	7.88e-07
 1.00608e+23	3.21e-26	8.18e-13	2.55e-10	1.50e-08	2.01e-07	1.38e-06	9.92e-06	2.04e-03	4.25e-02	2.63e-01	3.84e-01	2.19e-01	7.32e-02	1.19e-02	2.71e-03	1.32e-03	4.86e-05	6.05e-07
 1.01502e+23	4.25e-26	1.06e-12	3.22e-10	1.84e-08	2.41e-07	1.61e-06	1.12e-05	2.22e-03	4.51e-02	2.72e-01	3.85e-01	2.12e-01	6.89e-02	1.08e-02	2.44e-03	1.15e-03	4.10e-05	4.93e-07
 1.02410e+23	6.13e-26	1.50e-12	4.40e-10	2.42e-08	3.07e-07	1.97e-06	1.33e-05	2.50e-03	4.87e-02	2.84e-01	3.87e-01	2.02e-01	6.34e-02	9.61e-03	2.11e-03	9.61e-04	3.25e-05	3.72e-07
 1.03332e+23	8.11e-26	1.95e-12	5.60e-10	3.00e-08	3.69e-07	2.31e-06	1.51e-05	2.74e-03	5.17e-02	2.93e-01	3.87e-01	1.95e-01	5.93e-02	8.74e-03	1.89e-03	8.34e-04	2.72e-05	2.99e-07
 1.04270e+23	1.16e-25	2.76e-12	7.67e-10	3.95e-08	4.72e-07	2.84e-06	1.79e-05	3.08e-03	5.60e-02	3.05e-01	3.87e-01	1.85e-01	5.41e-02	7.67e-03	1.62e-03	6.88e-04	2.13e-05	2.23e-07
 1.05229e+23	1.56e-25	3.64e-12	9.88e-10	4.94e-08	5.75e-07	3.36e-06	2.06e-05	3.40e-03	5.96e-02	3.15e-01	3.86e-01	1.77e-01	5.02e-02	6.89e-03	1.43e-03	5.87e-04	1.74e-05	1.75e-07
 1.06215e+23	2.23e-25	5.20e-12	1.37e-09	6.58e-08	7.43e-07	4.18e-06	2.47e-05	3.85e-03	6.46e-02	3.28e-01	3.84e-01	1.67e-01	4.53e-02	5.97e-03	1.21e-03	4.76e-04	1.34e-05	1.27e-07
 1.07216e+23	2.98e-25	6.88e-12	1.76e-09	8.25e-08	9.10e-07	4.98e-06	2.86e-05	4.26e-03	6.89e-02	3.38e-01	3.82e-01	1.58e-01	4.16e-02	5.31e-03	1.06e-03	4.02e-04	1.08e-05	0.00e+00
 1.08203e+23	4.15e-25	9.64e-12	2.40e-09	1.09e-07	1.17e-06	6.16e-06	3.42e-05	4.82e-03	7.45e-02	3.51e-01	3.78e-01	1.48e-01	3.74e-02	4.58e-03	8.94e-04	3.25e-04	8.26e-06	0.00e+00
 1.09145e+23	5.30e-25	1.23e-11	2.99e-09	1.33e-07	1.40e-06	7.20e-06	3.89e-05	5.28e-03	7.89e-02	3.60e-01	3.75e-01	1.41e-01	3.46e-02	4.11e-03	7.89e-04	2.78e-04	6.79e-06	0.00e+00
 1.10062e+23	7.13e-25	1.67e-11	3.97e-09	1.71e-07	1.76e-06	8.82e-06	4.63e-05	5.95e-03	8.50e-02	3.72e-01	3.70e-01	1.32e-01	3.10e-02	3.54e-03	6.68e-04	2.25e-04	5.21e-06	0.00e+00
 1.10996e+23	9.06e-25	2.13e-11	4.97e-09	2.10e-07	2.12e-06	1.04e-05	5.32e-05	6.54e-03	9.01e-02	3.81e-01	3.65e-01	1.24e-01	2.84e-02	3.14e-03	5.83e-04	1.90e-04	4.21e-06	0.00e+00
 1.11907e+23	1.17e-24	2.82e-11	6.44e-09	2.66e-07	2.65e-06	1.26e-05	6.28e-05	7.32e-03	9.65e-02	3.92e-01	3.59e-01	1.16e-01	2.54e-02	2.71e-03	4.95e-04	1.54e-04	3.25e-06	0.00e+00
 1.12836e+23	1.46e-24	3.58e-11	8.05e-09	3.27e-07	3.20e-06	1.49e-05	7.27e-05	8.09e-03	1.03e-01	4.02e-01	3.53e-01	1.09e-01	2.30e-02	2.38e-03	4.27e-04	1.28e-04	2.58e-06	0.00e+00
 1.13743e+23	1.82e-24	4.59e-11	1.02e-08	4.07e-07	3.93e-06	1.79e-05	8.52e-05	9.01e-03	1.09e-01	4.12e-01	3.45e-01	1.01e-01	2.06e-02	2.06e-03	3.64e-04	1.05e-04	2.01e-06	0.00e+00
 1.14667e+23	2.25e-24	5.79e-11	1.27e-08	5.00e-07	4.78e-06	2.12e-05	9.92e-05	9.99e-03	1.16e-01	4.21e-01	3.38e-01	9.38e-02	1.85e-02	1.78e-03	3.11e-04	8.61e-05	1.57e-06	0.00e+00
 1.15585e+23	2.74e-24	7.28e-11	1.58e-08	6.15e-07	5.82e-06	2.53e-05	1.16e-04	1.11e-02	1.24e-01	4.30e-01	3.30e-01	8.69e-02	1.66e-02	1.54e-03	2.64e-04	7.02e-05	1.22e-06	0.00e+00
 1.16507e+23	3.31e-24	9.04e-11	1.95e-08	7.51e-07	7.04e-06	3.01e-05	1.35e-04	1.23e-02	1.31e-01	4.38e-01	3.21e-01	8.04e-02	1.48e-02	1.33e-03	2.25e-04	5.73e-05	9.50e-07	0.00e+00
 1.17419e+23	3.95e-24	1.11e-10	2.38e-08	9.11e-07	8.49e-06	3.56e-05	1.57e-04	1.36e-02	1.39e-01	4.46e-01	3.12e-01	7.42e-02	1.32e-02	1.15e-03	1.91e-04	4.68e-05	7.39e-07	0.00e+00
 1.18330e+23	4.68e-24	1.35e-10	2.89e-08	1.10e-06	1.02e-05	4.21e-05	1.83e-04	1.51e-02	1.48e-01	4.53e-01	3.03e-01	6.84e-02	1.18e-02	9.87e-04	1.62e-04	3.81e-05	5.75e-07	0.00e+00
 1.19243e+23	5.52e-24	1.64e-10	3.50e-08	1.33e-06	1.22e-05	4.96e-05	2.12e-04	1.67e-02	1.56e-01	4.60e-01	2.93e-01	6.29e-02	1.05e-02	8.48e-04	1.37e-04	3.10e-05	4.46e-07	0.00e+00
 1.20160e+23	6.46e-24	1.96e-10	4.21e-08	1.59e-06	1.46e-05	5.85e-05	2.47e-04	1.84e-02	1.65e-01	4.66e-01	2.83e-01	5.78e-02	9.29e-03	7.28e-04	1.16e-04	2.52e-05	3.45e-07	0.00e+00
 1.21084e+23	7.54e-24	2.34e-10	5.05e-08	1.91e-06	1.75e-05	6.88e-05	2.87e-04	2.03e-02	1.74e-01	4.71e-01	2.73e-01	5.29e-02	8.23e-03	6.24e-04	9.80e-05	2.04e-05	2.67e-07	0.00e+00
 1.22016e+23	8.79e-24	2.77e-10	6.03e-08	2.28e-06	2.08e-05	8.08e-05	3.33e-04	2.24e-02	1.84e-01	4.75e-01	2.62e-01	4.84e-02	7.28e-03	5.33e-04	8.26e-05	1.65e-05	2.05e-07	0.00e+00
 1.22961e+23	1.02e-23	3.26e-10	7.18e-08	2.72e-06	2.48e-05	9.50e-05	3.87e-04	2.48e-02	1.94e-01	4.78e-01	2.51e-01	4.41e-02	6.42e-03	4.55e-04	6.94e-05	1.33e-05	1.58e-07	0.00e+00
 1.23910e+23	1.19e-23	3.81e-10	8.51e-08	3.23e-06	2.94e-05	1.11e-04	4.48e-04	2.73e-02	2.04e-01	4.81e-01	2.41e-01	4.02e-02	5.66e-03	3.88e-04	5.83e-05	1.08e-05	1.21e-07	0.00e+00
 1.24875e+23	1.40e-23	4.45e-10	1.01e-07	3.84e-06	3.50e-05	1.30e-04	5.21e-04	3.01e-02	2.14e-01	4.83e-01	2.30e-01	3.64e-02	4.97e-03	3.29e-04	4.87e-05	8.64e-06	0.00e+00	0.00e+00
 1.25852e+23	1.63e-23	5.16e-10	1.19e-07	4.54e-06	4.14e-05	1.52e-04	6.03e-04	3.31e-02	2.25e-01	4.84e-01	2.19e-01	3.30e-02	4.36e-03	2.80e-04	4.08e-05	6.95e-06	0.00e+00	0.00e+00
 1.26849e+23	2.24e-23	5.98e-10	1.41e-07	5.40e-06	4.93e-05	1.79e-04	7.03e-04	3.66e-02	2.37e-01	4.84e-01	2.08e-01	2.97e-02	3.80e-03	2.36e-04	3.38e-05	5.52e-06	0.00e+00	0.00e+00
 1.27775e+23	2.11e-22	6.75e-10	1.62e-07	6.20e-06	5.66e-05	2.03e-04	7.93e-04	3.96e-02	2.46e-01	4.83e-01	1.99e-01	2.73e-02	3.41e-03	2.06e-04	2.91e-05	4.60e-06	0.00e+00	0.00e+00
 1.28729e+23	2.96e-22	7.80e-10	1.92e-07	7.39e-06	6.75e-05	2.39e-04	9.27e-04	4.37e-02	2.58e-01	4.81e-01	1.88e-01	2.45e-02	2.95e-03	1.72e-04	2.39e-05	3.62e-06	0.00e+00	0.00e+00
 1.29702e+23	3.78e-22	8.79e-10	2.21e-07	8.51e-06	7.77e-05	2.72e-04	1.05e-03	4.73e-02	2.68e-01	4.79e-01	1.80e-01	2.24e-02	2.63e-03	1.49e-04	2.04e-05	2.99e-06	0.00e+00	0.00e+00
 1.30700e+23	5.15e-22	1.01e-09	2.63e-07	1.02e-05	9.28e-05	3.21e-04	1.23e-03	5.23e-02	2.80e-01	4.75e-01	1.68e-01	1.98e-02	2.26e-03	1.23e-04	1.66e-05	2.33e-06	0.00e+00	0.00e+00
 1.31700e+23	6.88e-22	1.14e-09	3.03e-07	1.17e-05	1.06e-04	3.63e-04	1.38e-03	5.63e-02	2.90e-01	4.72e-01	1.60e-01	1.82e-02	2.02e-03	1.07e-04	1.43e-05	1.93e-06	0.00e+00	0.00e+00
 1.32703e+23	9.94e-22	1.32e-09	3.60e-07	1.39e-05	1.26e-04	4.26e-04	1.61e-03	6.20e-02	3.02e-01	4.66e-01	1.50e-01	1.61e-02	1.73e-03	8.89e-05	1.16e-05	1.51e-06	0.00e+00	0.00e+00
 1.33714e+23	1.39e-21	1.48e-09	4.14e-07	1.59e-05	1.44e-04	4.81e-04	1.80e-03	6.67e-02	3.12e-01	4.61e-01	1.42e-01	1.47e-02	1.54e-03	7.70e-05	9.94e-06	1.25e-06	0.00e+00	0.00e+00
 1.34734e+23	2.14e-21	1.70e-09	4.93e-07	1.89e-05	1.71e-04	5.62e-04	2.10e-03	7.32e-02	3.24e-01	4.54e-01	1.32e-01	1.30e-02	1.32e-03	6.38e-05	8.09e-06	9.73e-07	0.00e+00	0.00e+00
 1.35763e+23	3.25e-21	1.92e-09	5.67e-07	2.17e-05	1.95e-04	6.33e-04	2.35e-03	7.85e-02	3.33e-01	4.47e-01	1.25e-01	1.18e-02	1.18e-03	5.52e-05	6.90e-06	8.02e-07	0.00e+00	0.00e+00
 1.36804e+23	5.49e-21	2.21e-09	6.77e-07	2.58e-05	2.31e-04	7.38e-04	2.72e-03	8.59e-02	3.45e-01	4.38e-01	1.16e-01	1.04e-02	1.01e-03	4.56e-05	5.60e-06	6.24e-07	0.00e+00	0.00e+00
 1.37858e+23	9.12e-21	2.50e-09	7.82e-07	2.96e-05	2.64e-04	8.30e-04	3.04e-03	9.20e-02	3.54e-01	4.31e-01	1.09e-01	9.39e-03	8.90e-04	3.93e-05	4.76e-06	5.12e-07	0.00e+00	0.00e+00
 1.38930e+23	1.64e-20	2.91e-09	9.39e-07	3.53e-05	3.12e-04	9.66e-04	3.51e-03	1.00e-01	3.65e-01	4.20e-01	1.00e-01	8.23e-03	7.58e-04	3.23e-05	3.84e-06	3.96e-07	0.00e+00	0.00e+00
 1.40021e+23	2.75e-20	3.30e-09	1.09e-06	4.07e-05	3.57e-04	1.09e-03	3.93e-03	1.07e-01	3.74e-01	4.11e-01	9.41e-02	7.41e-03	6.68e-04	2.77e-05	3.24e-06	3.23e-07	0.00e+00	0.00e+00
 1.41137e+23	4.72e-20	3.87e-09	1.32e-06	4.88e-05	4.24e-04	1.27e-03	4.54e-03	1.17e-01	3.84e-01	3.99e-01	8.61e-02	6.45e-03	5.65e-04	2.26e-05	2.60e-06	2.48e-07	0.00e+00	0.00e+00
 1.42277e+23	7.28e-20	4.45e-09	1.55e-06	5.66e-05	4.86e-04	1.43e-03	5.08e-03	1.25e-01	3.92e-01	3.89e-01	8.02e-02	5.78e-03	4.95e-04	1.92e-05	2.18e-06	2.01e-07	0.00e+00	0.00e+00
 1.43448e+23	1.16e-19	5.29e-09	1.90e-06	6.84e-05	5.79e-04	1.67e-03	5.87e-03	1.36e-01	4.02e-01	3.76e-01	7.29e-02	4.99e-03	4.15e-04	1.55e-05	1.73e-06	1.52e-07	0.00e+00	0.00e+00
 1.44647e+23	1.69e-19	6.15e-09	2.25e-06	7.99e-05	6.67e-04	1.88e-03	6.57e-03	1.45e-01	4.09e-01	3.65e-01	6.75e-02	4.43e-03	3.61e-04	1.31e-05	1.44e-06	1.22e-07	0.00e+00	0.00e+00
 1.45655e+23	2.31e-19	7.02e-09	2.61e-06	9.15e-05	7.54e-04	2.09e-03	7.24e-03	1.53e-01	4.15e-01	3.55e-01	6.29e-02	3.99e-03	3.19e-04	1.13e-05	1.22e-06	0.00e+00	0.00e+00	0.00e+00
 1.46741e+23	3.36e-19	8.31e-09	3.15e-06	1.09e-04	8.82e-04	2.40e-03	8.21e-03	1.65e-01	4.21e-01	3.41e-01	5.73e-02	3.48e-03	2.71e-04	9.29e-06	9.87e-07	0.00e+00	0.00e+00	0.00e+00
 1.47802e+23	4.47e-19	9.46e-09	3.64e-06	1.24e-04	9.89e-04	2.64e-03	8.97e-03	1.73e-01	4.26e-01	3.32e-01	5.36e-02	3.15e-03	2.41e-04	8.07e-06	8.47e-07	0.00e+00	0.00e+00	0.00e+00
 1.48830e+23	6.25e-19	1.11e-08	4.35e-06	1.46e-04	1.14e-03	3.00e-03	1.01e-02	1.84e-01	4.31e-01	3.19e-01	4.89e-02	2.76e-03	2.06e-04	6.69e-06	6.91e-07	0.00e+00	0.00e+00	0.00e+00
 1.49867e+23	8.35e-19	1.28e-08	5.05e-06	1.66e-04	1.28e-03	3.30e-03	1.09e-02	1.93e-01	4.34e-01	3.09e-01	4.56e-02	2.50e-03	1.83e-04	5.80e-06	5.92e-07	0.00e+00	0.00e+00	0.00e+00
 1.50918e+23	1.18e-18	1.52e-08	6.08e-06	1.97e-04	1.48e-03	3.73e-03	1.22e-02	2.05e-01	4.37e-01	2.96e-01	4.14e-02	2.18e-03	1.57e-04	4.80e-06	4.81e-07	0.00e+00	0.00e+00	0.00e+00
 1.51983e+23	1.58e-18	1.76e-08	7.08e-06	2.25e-04	1.67e-03	4.11e-03	1.33e-02	2.14e-01	4.40e-01	2.86e-01	3.85e-02	1.96e-03	1.38e-04	4.14e-06	4.10e-07	0.00e+00	0.00e+00	0.00e+00
 1.53068e+23	2.25e-18	2.12e-08	8.58e-06	2.67e-04	1.93e-03	4.65e-03	1.49e-02	2.27e-01	4.42e-01	2.73e-01	3.48e-02	1.70e-03	1.17e-04	3.40e-06	3.31e-07	0.00e+00	0.00e+00	0.00e+00
 1.54167e+23	3.04e-18	2.48e-08	1.01e-05	3.07e-04	2.17e-03	5.12e-03	1.62e-02	2.37e-01	4.43e-01	2.63e-01	3.22e-02	1.53e-03	1.03e-04	2.92e-06	2.81e-07	0.00e+00	0.00e+00	0.00e+00
 1.55288e+23	4.40e-18	3.02e-08	1.23e-05	3.67e-04	2.53e-03	5.80e-03	1.80e-02	2.51e-01	4.43e-01	2.49e-01	2.89e-02	1.32e-03	8.72e-05	2.38e-06	2.25e-07	0.00e+00	0.00e+00	0.00e+00
 1.56428e+23	6.05e-18	3.58e-08	1.45e-05	4.23e-04	2.85e-03	6.38e-03	1.95e-02	2.61e-01	4.43e-01	2.39e-01	2.66e-02	1.18e-03	7.65e-05	2.04e-06	1.90e-07	0.00e+00	0.00e+00	0.00e+00
 1.57593e+23	8.95e-18	4.41e-08	1.79e-05	5.08e-04	3.32e-03	7.24e-03	2.18e-02	2.75e-01	4.42e-01	2.25e-01	2.37e-02	1.01e-03	6.39e-05	1.65e-06	1.51e-07	0.00e+00	0.00e+00	0.00e+00
 1.58781e+23	1.26e-17	5.29e-08	2.12e-05	5.90e-04	3.75e-03	7.98e-03	2.36e-02	2.86e-01	4.40e-01	2.15e-01	2.17e-02	8.96e-04	5.57e-05	1.40e-06	1.26e-07	0.00e+00	0.00e+00	0.00e+00
 1.59999e+23	1.92e-17	6.61e-08	2.64e-05	7.14e-04	4.39e-03	9.06e-03	2.63e-02	3.01e-01	4.37e-01	2.02e-01	1.92e-02	7.62e-04	4.61e-05	1.12e-06	0.00e+00	0.00e+00	0.00e+00	0.00e+00
 1.61248e+23	2.76e-17	8.03e-08	3.17e-05	8.35e-04	4.98e-03	1.00e-02	2.85e-02	3.13e-01	4.33e-01	1.91e-01	1.74e-02	6.70e-04	3.97e-05	9.38e-07	0.00e+00	0.00e+00	0.00e+00	0.00e+00
 1.62539e+23	4.44e-17	1.03e-07	3.99e-05	1.02e-03	5.86e-03	1.14e-02	3.17e-02	3.28e-01	4.28e-01	1.78e-01	1.53e-02	5.64e-04	3.26e-05	7.42e-07	0.00e+00	0.00e+00	0.00e+00	0.00e+00
 1.63849e+23	6.62e-17	1.26e-07	4.82e-05	1.20e-03	6.66e-03	1.26e-02	3.43e-02	3.40e-01	4.23e-01	1.68e-01	1.38e-02	4.94e-04	2.79e-05	6.18e-07	0.00e+00	0.00e+00	0.00e+00	0.00e+00
 1.65183e+23	1.12e-16	1.63e-07	6.11e-05	1.47e-03	7.84e-03	1.43e-02	3.81e-02	3.55e-01	4.15e-01	1.55e-01	1.20e-02	4.12e-04	2.27e-05	4.85e-07	0.00e+00	0.00e+00	0.00e+00	0.00e+00
 1.66532e+23	1.78e-16	2.01e-07	7.40e-05	1.73e-03	8.91e-03	1.58e-02	4.11e-02	3.66e-01	4.09e-01	1.46e-01	1.08e-02	3.60e-04	1.93e-05	4.02e-07	0.00e+00	0.00e+00	0.00e+00	0.00e+00
 1.67901e+23	3.24e-16	2.63e-07	9.42e-05	2.12e-03	1.05e-02	1.79e-02	4.54e-02	3.81e-01	3.99e-01	1.34e-01	9.29e-03	2.98e-04	1.56e-05	3.13e-07	0.00e+00	0.00e+00	0.00e+00	0.00e+00
 1.69290e+23	5.74e-16	3.28e-07	1.15e-04	2.50e-03	1.19e-02	1.98e-02	4.88e-02	3.92e-01	3.91e-01	1.25e-01	8.29e-03	2.59e-04	1.32e-05	2.57e-07	0.00e+00	0.00e+00	0.00e+00	0.00e+00
 1.70509e+23	1.68e-16	4.06e-07	1.38e-04	2.93e-03	1.35e-02	2.17e-02	5.24e-02	4.02e-01	3.82e-01	1.17e-01	7.39e-03	2.24e-04	1.12e-05	2.12e-07	0.00e+00	0.00e+00	0.00e+00	0.00e+00
 1.71897e+23	5.64e-17	5.34e-07	1.76e-04	3.60e-03	1.58e-02	2.45e-02	5.74e-02	4.15e-01	3.70e-01	1.07e-01	6.33e-03	1.85e-04	8.96e-06	1.64e-07	0.00e+00	0.00e+00	0.00e+00	0.00e+00
 1.73297e+23	5.05e-17	6.66e-07	2.13e-04	4.23e-03	1.79e-02	2.68e-02	6.14e-02	4.24e-01	3.61e-01	9.91e-02	5.62e-03	1.60e-04	7.56e-06	1.34e-07	0.00e+00	0.00e+00	0.00e+00	0.00e+00
 1.74450e+23	6.71e-17	8.06e-07	2.52e-04	4.85e-03	1.98e-02	2.90e-02	6.50e-02	4.31e-01	3.52e-01	9.28e-02	5.05e-03	1.40e-04	6.50e-06	0.00e+00	0.00e+00	0.00e+00	0.00e+00	0.00e+00
 1.75684e+23	1.01e-16	1.03e-06	3.10e-04	5.77e-03	2.26e-02	3.20e-02	6.97e-02	4.40e-01	3.40e-01	8.52e-02	4.41e-03	1.19e-04	5.36e-06	0.00e+00	0.00e+00	0.00e+00	0.00e+00	0.00e+00
 1.76947e+23	1.46e-16	1.26e-06	3.69e-04	6.67e-03	2.52e-02	3.47e-02	7.38e-02	4.47e-01	3.30e-01	7.91e-02	3.92e-03	1.03e-04	4.55e-06	0.00e+00	0.00e+00	0.00e+00	0.00e+00	0.00e+00
 1.78070e+23	2.06e-16	1.53e-06	4.36e-04	7.66e-03	2.80e-02	3.74e-02	7.78e-02	4.52e-01	3.20e-01	7.35e-02	3.49e-03	8.96e-05	3.88e-06	0.00e+00	0.00e+00	0.00e+00	0.00e+00	0.00e+00
 1.79354e+23	3.17e-16	1.96e-06	5.38e-04	9.10e-03	3.18e-02	4.10e-02	8.29e-02	4.58e-01	3.07e-01	6.69e-02	3.02e-03	7.53e-05	3.17e-06	0.00e+00	0.00e+00	0.00e+00	0.00e+00	0.00e+00
 1.80688e+23	4.74e-16	2.44e-06	6.47e-04	1.06e-02	3.56e-02	4.45e-02	8.77e-02	4.63e-01	2.94e-01	6.13e-02	2.64e-03	6.41e-05	2.64e-06	0.00e+00	0.00e+00	0.00e+00	0.00e+00	0.00e+00
 1.81879e+23	6.66e-16	2.99e-06	7.66e-04	1.22e-02	3.94e-02	4.78e-02	9.20e-02	4.66e-01	2.83e-01	5.65e-02	2.34e-03	5.54e-05	2.23e-06	0.00e+00	0.00e+00	0.00e+00	0.00e+00	0.00e+00
 1.83220e+23	1.04e-15	3.85e-06	9.46e-04	1.45e-02	4.47e-02	5.22e-02	9.74e-02	4.68e-01	2.69e-01	5.08e-02	2.00e-03	4.61e-05	1.80e-06	0.00e+00	0.00e+00	0.00e+00	0.00e+00	0.00e+00
 1.84622e+23	1.59e-15	4.83e-06	1.14e-03	1.69e-02	5.00e-02	5.64e-02	1.03e-01	4.69e-01	2.56e-01	4.60e-02	1.72e-03	3.87e-05	1.47e-06	0.00e+00	0.00e+00	0.00e+00	0.00e+00	0.00e+00
 1.85886e+23	2.29e-15	5.96e-06	1.36e-03	1.94e-02	5.52e-02	6.05e-02	1.07e-01	4.69e-01	2.44e-01	4.19e-02	1.50e-03	3.30e-05	1.22e-06	0.00e+00	0.00e+00	0.00e+00	0.00e+00	0.00e+00
 1.87313e+23	3.72e-15	7.76e-06	1.69e-03	2.31e-02	6.25e-02	6.57e-02	1.13e-01	4.67e-01	2.29e-01	3.71e-02	1.26e-03	2.69e-05	9.67e-07	0.00e+00	0.00e+00	0.00e+00	0.00e+00	0.00e+00
 1.88788e+23	5.91e-15	9.77e-06	2.04e-03	2.69e-02	6.95e-02	7.06e-02	1.17e-01	4.64e-01	2.15e-01	3.32e-02	1.07e-03	2.23e-05	7.80e-07	0.00e+00	0.00e+00	0.00e+00	0.00e+00	0.00e+00
 1.90103e+23	8.71e-15	1.21e-05	2.42e-03	3.08e-02	7.64e-02	7.52e-02	1.22e-01	4.59e-01	2.03e-01	2.99e-02	9.25e-04	1.88e-05	6.40e-07	0.00e+00	0.00e+00	0.00e+00	0.00e+00	0.00e+00
 1.91589e+23	1.48e-14	1.57e-05	3.00e-03	3.65e-02	8.58e-02	8.10e-02	1.27e-01	4.52e-01	1.88e-01	2.61e-02	7.64e-04	1.51e-05	4.97e-07	0.00e+00	0.00e+00	0.00e+00	0.00e+00	0.00e+00
 1.93134e+23	2.57e-14	1.99e-05	3.61e-03	4.23e-02	9.48e-02	8.63e-02	1.31e-01	4.44e-01	1.74e-01	2.29e-02	6.40e-04	1.23e-05	3.94e-07	0.00e+00	0.00e+00	0.00e+00	0.00e+00	0.00e+00
 1.94524e+23	4.09e-14	2.47e-05	4.29e-03	4.84e-02	1.04e-01	9.12e-02	1.35e-01	4.35e-01	1.62e-01	2.03e-02	5.41e-04	1.02e-05	3.16e-07	0.00e+00	0.00e+00	0.00e+00	0.00e+00	0.00e+00
 1.96099e+23	8.09e-14	3.24e-05	5.32e-03	5.71e-02	1.16e-01	9.74e-02	1.39e-01	4.21e-01	1.47e-01	1.73e-02	4.35e-04	7.96e-06	2.38e-07	0.00e+00	0.00e+00	0.00e+00	0.00e+00	0.00e+00
 1.97725e+23	1.74e-13	4.08e-05	6.37e-03	6.55e-02	1.26e-01	1.03e-01	1.41e-01	4.08e-01	1.34e-01	1.50e-02	3.59e-04	6.41e-06	1.86e-07	0.00e+00	0.00e+00	0.00e+00	0.00e+00	0.00e+00
 1.99191e+23	3.37e-13	5.07e-05	7.55e-03	7.45e-02	1.37e-01	1.07e-01	1.43e-01	3.94e-01	1.23e-01	1.30e-02	2.97e-04	5.18e-06	1.46e-07	0.00e+00	0.00e+00	0.00e+00	0.00e+00	0.00e+00
 2.00871e+23	1.01e-12	6.68e-05	9.34e-03	8.74e-02	1.51e-01	1.13e-01	1.45e-01	3.74e-01	1.08e-01	1.07e-02	2.31e-04	3.92e-06	0.00e+00	0.00e+00	0.00e+00	0.00e+00	0.00e+00	0.00e+00
 2.02573e+23	4.83e-12	8.33e-05	1.11e-02	9.91e-02	1.63e-01	1.17e-01	1.46e-01	3.57e-01	9.74e-02	9.12e-03	1.87e-04	3.09e-06	0.00e+00	0.00e+00	0.00e+00	0.00e+00	0.00e+00	0.00e+00
 2.04077e+23	1.56e-11	1.03e-04	1.30e-02	1.11e-01	1.74e-01	1.21e-01	1.46e-01	3.39e-01	8.74e-02	7.78e-03	1.52e-04	2.46e-06	0.00e+00	0.00e+00	0.00e+00	0.00e+00	0.00e+00	0.00e+00
 2.05806e+23	1.42e-10	1.34e-04	1.59e-02	1.29e-01	1.88e-01	1.25e-01	1.45e-01	3.15e-01	7.54e-02	6.26e-03	1.15e-04	1.81e-06	0.00e+00	0.00e+00	0.00e+00	0.00e+00	0.00e+00	0.00e+00
 2.07556e+23	3.98e-10	1.66e-04	1.85e-02	1.43e-01	2.00e-01	1.28e-01	1.44e-01	2.95e-01	6.65e-02	5.22e-03	9.16e-05	1.40e-06	0.00e+00	0.00e+00	0.00e+00	0.00e+00	0.00e+00	0.00e+00
 2.09333e+23	7.25e-10	2.14e-04	2.23e-02	1.63e-01	2.13e-01	1.30e-01	1.41e-01	2.70e-01	5.65e-02	4.15e-03	6.86e-05	1.02e-06	0.00e+00	0.00e+00	0.00e+00	0.00e+00	0.00e+00	0.00e+00
 2.11147e+23	1.17e-09	2.63e-04	2.60e-02	1.81e-01	2.23e-01	1.31e-01	1.37e-01	2.49e-01	4.89e-02	3.39e-03	5.34e-05	7.74e-07	0.00e+00	0.00e+00	0.00e+00	0.00e+00	0.00e+00	0.00e+00
 2.12762e+23	1.78e-09	3.21e-04	3.00e-02	1.99e-01	2.32e-01	1.31e-01	1.33e-01	2.29e-01	4.21e-02	2.76e-03	4.15e-05	5.87e-07	0.00e+00	0.00e+00	0.00e+00	0.00e+00	0.00e+00	0.00e+00
 2.14616e+23	2.94e-09	4.11e-04	3.57e-02	2.22e-01	2.43e-01	1.31e-01	1.28e-01	2.04e-01	3.47e-02	2.12e-03	3.00e-05	4.12e-07	0.00e+00	0.00e+00	0.00e+00	0.00e+00	0.00e+00	0.00e+00
 2.16499e+23	4.33e-09	5.00e-04	4.09e-02	2.42e-01	2.50e-01	1.30e-01	1.22e-01	1.84e-01	2.94e-02	1.69e-03	2.29e-05	3.06e-07	0.00e+00	0.00e+00	0.00e+00	0.00e+00	0.00e+00	0.00e+00
 2.18422e+23	6.96e-09	6.38e-04	4.82e-02	2.67e-01	2.57e-01	1.27e-01	1.15e-01	1.61e-01	2.36e-02	1.26e-03	1.60e-05	2.08e-07	0.00e+00	0.00e+00	0.00e+00	0.00e+00	0.00e+00	0.00e+00
 2.20299e+23	9.68e-09	7.58e-04	5.42e-02	2.85e-01	2.61e-01	1.24e-01	1.09e-01	1.45e-01	2.00e-02	1.01e-03	1.23e-05	1.56e-07	0.00e+00	0.00e+00	0.00e+00	0.00e+00	0.00e+00	0.00e+00
 2.22118e+23	1.46e-08	9.42e-04	6.25e-02	3.09e-01	2.64e-01	1.20e-01	1.02e-01	1.25e-01	1.60e-02	7.58e-04	8.70e-06	0.00e+00	0.00e+00	0.00e+00	0.00e+00	0.00e+00	0.00e+00	0.00e+00
 2.23912e+23	1.96e-08	1.10e-03	6.93e-02	3.26e-01	2.65e-01	1.17e-01	9.58e-02	1.12e-01	1.35e-02	6.08e-04	6.71e-06	0.00e+00	0.00e+00	0.00e+00	0.00e+00	0.00e+00	0.00e+00	0.00e+00
 2.25430e+23	2.59e-08	1.28e-03	7.63e-02	3.42e-01	2.65e-01	1.13e-01	9.02e-02	1.01e-01	1.14e-02	4.90e-04	5.20e-06	0.00e+00	0.00e+00	0.00e+00	0.00e+00	0.00e+00	0.00e+00	0.00e+00
 2.27157e+23	3.69e-08	1.55e-03	8.61e-02	3.62e-01	2.63e-01	1.08e-01	8.30e-02	8.64e-02	9.07e-03	3.65e-04	3.68e-06	0.00e+00	0.00e+00	0.00e+00	0.00e+00	0.00e+00	0.00e+00	0.00e+00
 2.28873e+23	4.76e-08	1.78e-03	9.40e-02	3.77e-01	2.61e-01	1.04e-01	7.76e-02	7.68e-02	7.62e-03	2.93e-04	2.84e-06	0.00e+00	0.00e+00	0.00e+00	0.00e+00	0.00e+00	0.00e+00	0.00e+00
 2.30572e+23	6.54e-08	2.13e-03	1.05e-01	3.95e-01	2.57e-01	9.85e-02	7.10e-02	6.59e-02	6.08e-03	2.20e-04	2.04e-06	0.00e+00	0.00e+00	0.00e+00	0.00e+00	0.00e+00	0.00e+00	0.00e+00
 2.32320e+23	8.51e-08	2.46e-03	1.14e-01	4.09e-01	2.53e-01	9.38e-02	6.57e-02	5.77e-02	5.00e-03	1.72e-04	1.53e-06	0.00e+00	0.00e+00	0.00e+00	0.00e+00	0.00e+00	0.00e+00	0.00e+00
 2.33894e+23	1.09e-07	2.82e-03	1.24e-01	4.21e-01	2.48e-01	8.92e-02	6.06e-02	5.05e-02	4.12e-03	1.35e-04	1.15e-06	0.00e+00	0.00e+00	0.00e+00	0.00e+00	0.00e+00	0.00e+00	0.00e+00
 2.35704e+23	1.48e-07	3.36e-03	1.37e-01	4.36e-01	2.40e-01	8.31e-02	5.45e-02	4.23e-02	3.19e-03	9.81e-05	8.00e-07	0.00e+00	0.00e+00	0.00e+00	0.00e+00	0.00e+00	0.00e+00	0.00e+00
 2.37528e+23	1.88e-07	3.85e-03	1.48e-01	4.47e-01	2.34e-01	7.84e-02	4.99e-02	3.67e-02	2.60e-03	7.60e-05	5.97e-07	0.00e+00	0.00e+00	0.00e+00	0.00e+00	0.00e+00	0.00e+00	0.00e+00
 2.39368e+23	2.53e-07	4.56e-03	1.63e-01	4.58e-01	2.25e-01	7.25e-02	4.45e-02	3.05e-02	1.99e-03	5.48e-05	4.10e-07	0.00e+00	0.00e+00	0.00e+00	0.00e+00	0.00e+00	0.00e+00	0.00e+00
 2.41070e+23	3.06e-07	5.09e-03	1.73e-01	4.65e-01	2.18e-01	6.87e-02	4.11e-02	2.68e-02	1.66e-03	4.39e-05	3.18e-07	0.00e+00	0.00e+00	0.00e+00	0.00e+00	0.00e+00	0.00e+00	0.00e+00
 2.42592e+23	3.83e-07	5.79e-03	1.86e-01	4.72e-01	2.10e-01	6.42e-02	3.73e-02	2.30e-02	1.34e-03	3.37e-05	2.35e-07	0.00e+00	0.00e+00	0.00e+00	0.00e+00	0.00e+00	0.00e+00	0.00e+00
 2.44159e+23	4.63e-07	6.47e-03	1.98e-01	4.77e-01	2.03e-01	6.04e-02	3.42e-02	2.01e-02	1.11e-03	2.67e-05	1.80e-07	0.00e+00	0.00e+00	0.00e+00	0.00e+00	0.00e+00	0.00e+00	0.00e+00
 2.45557e+23	5.52e-07	7.18e-03	2.09e-01	4.81e-01	1.96e-01	5.70e-02	3.14e-02	1.77e-02	9.23e-04	2.14e-05	1.40e-07	0.00e+00	0.00e+00	0.00e+00	0.00e+00	0.00e+00	0.00e+00	0.00e+00
 2.47147e+23	6.86e-07	8.16e-03	2.23e-01	4.85e-01	1.87e-01	5.28e-02	2.82e-02	1.50e-02	7.31e-04	1.61e-05	0.00e+00	0.00e+00	0.00e+00	0.00e+00	0.00e+00	0.00e+00	0.00e+00	0.00e+00
 2.48764e+23	8.20e-07	9.08e-03	2.36e-01	4.87e-01	1.80e-01	4.94e-02	2.58e-02	1.30e-02	6.00e-04	1.27e-05	0.00e+00	0.00e+00	0.00e+00	0.00e+00	0.00e+00	0.00e+00	0.00e+00	0.00e+00
 2.50188e+23	9.72e-07	1.00e-02	2.48e-01	4.88e-01	1.72e-01	4.63e-02	2.35e-02	1.13e-02	4.95e-04	1.01e-05	0.00e+00	0.00e+00	0.00e+00	0.00e+00	0.00e+00	0.00e+00	0.00e+00	0.00e+00
 2.51816e+23	1.19e-06	1.14e-02	2.64e-01	4.88e-01	1.63e-01	4.26e-02	2.10e-02	9.50e-03	3.88e-04	7.53e-06	0.00e+00	0.00e+00	0.00e+00	0.00e+00	0.00e+00	0.00e+00	0.00e+00	0.00e+00
 2.53469e+23	1.41e-06	1.26e-02	2.77e-01	4.87e-01	1.56e-01	3.96e-02	1.90e-02	8.19e-03	3.16e-04	5.88e-06	0.00e+00	0.00e+00	0.00e+00	0.00e+00	0.00e+00	0.00e+00	0.00e+00	0.00e+00
 2.54933e+23	1.67e-06	1.39e-02	2.91e-01	4.85e-01	1.49e-01	3.69e-02	1.72e-02	7.08e-03	2.58e-04	4.63e-06	0.00e+00	0.00e+00	0.00e+00	0.00e+00	0.00e+00	0.00e+00	0.00e+00	0.00e+00
 2.56612e+23	2.03e-06	1.57e-02	3.08e-01	4.82e-01	1.40e-01	3.37e-02	1.52e-02	5.89e-03	2.00e-04	3.42e-06	0.00e+00	0.00e+00	0.00e+00	0.00e+00	0.00e+00	0.00e+00	0.00e+00	0.00e+00
 2.58310e+23	2.39e-06	1.74e-02	3.22e-01	4.78e-01	1.32e-01	3.12e-02	1.37e-02	5.05e-03	1.62e-04	2.66e-06	0.00e+00	0.00e+00	0.00e+00	0.00e+00	0.00e+00	0.00e+00	0.00e+00	0.00e+00
 2.59803e+23	2.79e-06	1.91e-02	3.37e-01	4.73e-01	1.25e-01	2.89e-02	1.24e-02	4.34e-03	1.32e-04	2.08e-06	0.00e+00	0.00e+00	0.00e+00	0.00e+00	0.00e+00	0.00e+00	0.00e+00	0.00e+00
 2.61516e+23	3.37e-06	2.15e-02	3.55e-01	4.66e-01	1.17e-01	2.62e-02	1.09e-02	3.58e-03	1.01e-04	1.53e-06	0.00e+00	0.00e+00	0.00e+00	0.00e+00	0.00e+00	0.00e+00	0.00e+00	0.00e+00
 2.63261e+23	3.94e-06	2.37e-02	3.70e-01	4.60e-01	1.10e-01	2.41e-02	9.71e-03	3.05e-03	8.11e-05	1.18e-06	0.00e+00	0.00e+00	0.00e+00	0.00e+00	0.00e+00	0.00e+00	0.00e+00	0.00e+00
 2.65046e+23	4.76e-06	2.66e-02	3.89e-01	4.50e-01	1.02e-01	2.17e-02	8.44e-03	2.49e-03	6.16e-05	8.53e-07	0.00e+00	0.00e+00	0.00e+00	0.00e+00	0.00e+00	0.00e+00	0.00e+00	0.00e+00
 2.66852e+23	5.56e-06	2.93e-02	4.04e-01	4.41e-01	9.55e-02	1.98e-02	7.49e-03	2.10e-03	4.89e-05	6.51e-07	0.00e+00	0.00e+00	0.00e+00	0.00e+00	0.00e+00	0.00e+00	0.00e+00	0.00e+00
 2.68684e+23	6.68e-06	3.29e-02	4.23e-01	4.30e-01	8.79e-02	1.77e-02	6.47e-03	1.70e-03	3.68e-05	4.68e-07	0.00e+00	0.00e+00	0.00e+00	0.00e+00	0.00e+00	0.00e+00	0.00e+00	0.00e+00
 2.70550e+23	7.79e-06	3.62e-02	4.39e-01	4.19e-01	8.18e-02	1.61e-02	5.71e-03	1.43e-03	2.90e-05	3.54e-07	0.00e+00	0.00e+00	0.00e+00	0.00e+00	0.00e+00	0.00e+00	0.00e+00	0.00e+00
