#depth	He	He+	He+2
 1.54284e+22	3.65e-11	6.53e-06	1.00e+00
 3.57262e+22	7.52e-11	9.31e-06	1.00e+00
 4.30304e+22	1.11e-10	1.13e-05	1.00e+00
 4.66825e+22	1.36e-10	1.25e-05	1.00e+00
 4.82042e+22	1.43e-10	1.29e-05	1.00e+00
 4.87932e+22	1.50e-10	1.32e-05	1.00e+00
 4.93494e+22	1.58e-10	1.35e-05	1.00e+00
 4.98861e+22	1.66e-10	1.39e-05	1.00e+00
 5.04961e+22	1.76e-10	1.43e-05	1.00e+00
 5.11161e+22	1.85e-10	1.47e-05	1.00e+00
 5.16453e+22	1.94e-10	1.51e-05	1.00e+00
 5.22295e+22	2.06e-10	1.56e-05	1.00e+00
 5.28321e+22	2.18e-10	1.60e-05	1.00e+00
 5.33649e+22	2.29e-10	1.65e-05	1.00e+00
 5.39639e+22	2.45e-10	1.71e-05	1.00e+00
 5.45707e+22	2.59e-10	1.76e-05	1.00e+00
 5.50877e+22	2.72e-10	1.80e-05	1.00e+00
 5.56601e+22	2.92e-10	1.88e-05	1.00e+00
 5.62237e+22	3.06e-10	1.93e-05	1.00e+00
 5.67760e+22	3.29e-10	2.00e-05	1.00e+00
 5.73190e+22	3.44e-10	2.05e-05	1.00e+00
 5.78498e+22	3.70e-10	2.14e-05	1.00e+00
 5.83769e+22	3.88e-10	2.19e-05	1.00e+00
 5.88990e+22	4.17e-10	2.29e-05	1.00e+00
 5.94253e+22	4.39e-10	2.35e-05	1.00e+00
 5.99570e+22	4.73e-10	2.46e-05	1.00e+00
 6.04945e+22	4.99e-10	2.53e-05	1.00e+00
 6.10394e+22	5.37e-10	2.65e-05	1.00e+00
 6.15791e+22	5.68e-10	2.73e-05	1.00e+00
 6.21123e+22	6.12e-10	2.86e-05	1.00e+00
 6.26539e+22	6.49e-10	2.96e-05	1.00e+00
 6.32065e+22	7.00e-10	3.10e-05	1.00e+00
 6.37654e+22	7.44e-10	3.21e-05	1.00e+00
 6.43323e+22	8.05e-10	3.37e-05	1.00e+00
 6.49024e+22	8.55e-10	3.50e-05	1.00e+00
 6.53930e+22	9.06e-10	3.63e-05	1.00e+00
 6.59474e+22	9.76e-10	3.81e-05	1.00e+00
 6.65075e+22	1.03e-09	3.95e-05	1.00e+00
 6.70752e+22	1.11e-09	4.15e-05	1.00e+00
 6.76448e+22	1.18e-09	4.30e-05	1.00e+00
 6.82169e+22	1.27e-09	4.51e-05	1.00e+00
 6.87999e+22	1.34e-09	4.68e-05	1.00e+00
 6.93972e+22	1.44e-09	4.91e-05	1.00e+00
 7.00084e+22	1.52e-09	5.09e-05	1.00e+00
 7.06377e+22	1.63e-09	5.35e-05	1.00e+00
 7.12799e+22	1.72e-09	5.55e-05	1.00e+00
 7.19391e+22	1.85e-09	5.83e-05	1.00e+00
 7.26030e+22	1.94e-09	6.05e-05	1.00e+00
 7.32729e+22	2.08e-09	6.34e-05	1.00e+00
 7.39604e+22	2.19e-09	6.58e-05	1.00e+00
 7.45551e+22	2.29e-09	6.81e-05	1.00e+00
 7.52126e+22	2.44e-09	7.12e-05	1.00e+00
 7.58796e+22	2.55e-09	7.36e-05	1.00e+00
 7.65589e+22	2.71e-09	7.70e-05	1.00e+00
 7.72485e+22	2.83e-09	7.96e-05	1.00e+00
 7.78526e+22	2.96e-09	8.22e-05	1.00e+00
 7.85392e+22	3.13e-09	8.58e-05	1.00e+00
 7.92232e+22	3.25e-09	8.84e-05	1.00e+00
 7.99039e+22	3.43e-09	9.22e-05	1.00e+00
 8.05979e+22	3.57e-09	9.50e-05	1.00e+00
 8.13094e+22	3.76e-09	9.91e-05	1.00e+00
 8.20343e+22	3.92e-09	1.02e-04	1.00e+00
 8.27766e+22	4.13e-09	1.07e-04	1.00e+00
 8.35326e+22	4.30e-09	1.10e-04	1.00e+00
 8.43064e+22	4.53e-09	1.15e-04	1.00e+00
 8.50628e+22	4.70e-09	1.18e-04	1.00e+00
 8.57966e+22	4.93e-09	1.23e-04	1.00e+00
 8.65414e+22	5.11e-09	1.26e-04	1.00e+00
 8.73003e+22	5.36e-09	1.31e-04	1.00e+00
 8.80816e+22	5.57e-09	1.35e-04	1.00e+00
 8.88917e+22	5.85e-09	1.41e-04	1.00e+00
 8.97291e+22	6.09e-09	1.45e-04	1.00e+00
 9.06019e+22	6.41e-09	1.51e-04	1.00e+00
 9.14975e+22	6.68e-09	1.56e-04	1.00e+00
 9.24227e+22	7.04e-09	1.63e-04	1.00e+00
 9.33771e+22	7.35e-09	1.69e-04	1.00e+00
 9.43694e+22	7.77e-09	1.76e-04	1.00e+00
 9.53962e+22	8.13e-09	1.83e-04	1.00e+00
 9.63244e+22	8.51e-09	1.89e-04	1.00e+00
 9.73876e+22	9.00e-09	1.98e-04	1.00e+00
 9.84600e+22	9.42e-09	2.05e-04	1.00e+00
 9.95443e+22	9.97e-09	2.15e-04	1.00e+00
 1.00652e+23	1.04e-08	2.23e-04	1.00e+00
 1.01789e+23	1.11e-08	2.34e-04	1.00e+00
 1.02951e+23	1.16e-08	2.44e-04	1.00e+00
 1.03983e+23	1.21e-08	2.53e-04	1.00e+00
 1.05167e+23	1.29e-08	2.67e-04	1.00e+00
 1.06292e+23	1.34e-08	2.76e-04	1.00e+00
 1.07339e+23	1.41e-08	2.90e-04	1.00e+00
 1.08389e+23	1.46e-08	3.00e-04	1.00e+00
 1.09444e+23	1.53e-08	3.15e-04	1.00e+00
 1.10522e+23	1.59e-08	3.27e-04	1.00e+00
 1.11632e+23	1.66e-08	3.45e-04	1.00e+00
 1.12748e+23	1.72e-08	3.59e-04	1.00e+00
 1.13871e+23	1.80e-08	3.78e-04	1.00e+00
 1.15016e+23	1.86e-08	3.95e-04	1.00e+00
 1.16190e+23	1.94e-08	4.18e-04	1.00e+00
 1.17384e+23	1.99e-08	4.37e-04	1.00e+00
 1.18605e+23	2.06e-08	4.64e-04	1.00e+00
 1.19844e+23	2.12e-08	4.87e-04	1.00e+00
 1.21065e+23	2.18e-08	5.17e-04	9.99e-01
 1.22232e+23	2.22e-08	5.40e-04	9.99e-01
 1.23368e+23	2.26e-08	5.73e-04	9.99e-01
 1.24526e+23	2.29e-08	6.00e-04	9.99e-01
 1.25653e+23	2.32e-08	6.34e-04	9.99e-01
 1.26804e+23	2.34e-08	6.66e-04	9.99e-01
 1.27926e+23	2.36e-08	7.03e-04	9.99e-01
 1.29070e+23	2.37e-08	7.40e-04	9.99e-01
 1.30208e+23	2.38e-08	7.80e-04	9.99e-01
 1.31350e+23	2.39e-08	8.21e-04	9.99e-01
 1.32479e+23	2.40e-08	8.64e-04	9.99e-01
 1.33607e+23	2.41e-08	9.10e-04	9.99e-01
 1.34738e+23	2.42e-08	9.58e-04	9.99e-01
 1.35874e+23	2.44e-08	1.01e-03	9.99e-01
 1.37019e+23	2.46e-08	1.06e-03	9.99e-01
 1.38175e+23	2.50e-08	1.12e-03	9.99e-01
 1.39345e+23	2.55e-08	1.18e-03	9.99e-01
 1.40522e+23	2.61e-08	1.24e-03	9.99e-01
 1.41718e+23	2.68e-08	1.31e-03	9.99e-01
 1.42930e+23	2.78e-08	1.37e-03	9.99e-01
 1.44166e+23	2.90e-08	1.45e-03	9.99e-01
 1.45314e+23	3.01e-08	1.51e-03	9.98e-01
 1.46497e+23	3.19e-08	1.60e-03	9.98e-01
 1.47704e+23	3.35e-08	1.67e-03	9.98e-01
 1.48943e+23	3.59e-08	1.77e-03	9.98e-01
 1.50184e+23	3.81e-08	1.85e-03	9.98e-01
 1.51429e+23	4.12e-08	1.96e-03	9.98e-01
 1.52683e+23	4.40e-08	2.05e-03	9.98e-01
 1.53949e+23	4.81e-08	2.16e-03	9.98e-01
 1.55227e+23	5.16e-08	2.26e-03	9.98e-01
 1.56519e+23	5.67e-08	2.39e-03	9.98e-01
 1.57829e+23	6.12e-08	2.50e-03	9.98e-01
 1.59160e+23	6.78e-08	2.65e-03	9.97e-01
 1.60515e+23	7.35e-08	2.77e-03	9.97e-01
 1.61901e+23	8.19e-08	2.93e-03	9.97e-01
 1.63318e+23	8.92e-08	3.07e-03	9.97e-01
 1.64775e+23	1.00e-07	3.26e-03	9.97e-01
 1.66264e+23	1.10e-07	3.42e-03	9.97e-01
 1.67517e+23	1.19e-07	3.57e-03	9.96e-01
 1.68865e+23	1.32e-07	3.77e-03	9.96e-01
 1.70183e+23	1.42e-07	3.92e-03	9.96e-01
 1.71460e+23	1.57e-07	4.13e-03	9.96e-01
 1.72750e+23	1.70e-07	4.29e-03	9.96e-01
 1.74056e+23	1.88e-07	4.52e-03	9.95e-01
 1.75380e+23	2.03e-07	4.70e-03	9.95e-01
 1.76728e+23	2.26e-07	4.95e-03	9.95e-01
 1.78096e+23	2.44e-07	5.16e-03	9.95e-01
 1.79489e+23	2.72e-07	5.44e-03	9.95e-01
 1.80905e+23	2.95e-07	5.67e-03	9.94e-01
 1.82349e+23	3.29e-07	5.99e-03	9.94e-01
 1.83825e+23	3.58e-07	6.25e-03	9.94e-01
 1.85344e+23	4.01e-07	6.63e-03	9.93e-01
 1.86900e+23	4.39e-07	6.93e-03	9.93e-01
 1.88507e+23	4.94e-07	7.35e-03	9.93e-01
 1.90137e+23	5.41e-07	7.70e-03	9.92e-01
 1.91798e+23	6.11e-07	8.18e-03	9.92e-01
 1.93477e+23	6.70e-07	8.57e-03	9.91e-01
 1.95180e+23	7.58e-07	9.12e-03	9.91e-01
 1.96910e+23	8.33e-07	9.55e-03	9.90e-01
 1.98428e+23	9.15e-07	1.00e-02	9.90e-01
 2.00157e+23	1.04e-06	1.07e-02	9.89e-01
 2.01901e+23	1.14e-06	1.12e-02	9.89e-01
 2.03345e+23	1.24e-06	1.16e-02	9.88e-01
 2.04898e+23	1.37e-06	1.23e-02	9.88e-01
 2.06477e+23	1.50e-06	1.28e-02	9.87e-01
 2.07872e+23	1.63e-06	1.34e-02	9.87e-01
 2.09468e+23	1.81e-06	1.41e-02	9.86e-01
 2.11128e+23	2.00e-06	1.48e-02	9.85e-01
 2.12615e+23	2.18e-06	1.54e-02	9.85e-01
 2.14288e+23	2.43e-06	1.63e-02	9.84e-01
 2.16037e+23	2.69e-06	1.72e-02	9.83e-01
 2.17612e+23	2.95e-06	1.80e-02	9.82e-01
 2.19389e+23	3.31e-06	1.90e-02	9.81e-01
 2.21228e+23	3.68e-06	2.00e-02	9.80e-01
 2.22867e+23	4.04e-06	2.10e-02	9.79e-01
 2.24720e+23	4.55e-06	2.23e-02	9.78e-01
 2.26647e+23	5.07e-06	2.35e-02	9.77e-01
 2.28382e+23	5.60e-06	2.47e-02	9.75e-01
 2.30346e+23	6.37e-06	2.63e-02	9.74e-01
 2.32374e+23	7.11e-06	2.78e-02	9.72e-01
 2.34202e+23	7.90e-06	2.92e-02	9.71e-01
 2.36295e+23	9.05e-06	3.13e-02	9.69e-01
 2.38418e+23	1.01e-05	3.31e-02	9.67e-01
 2.40294e+23	1.13e-05	3.49e-02	9.65e-01
 2.42450e+23	1.30e-05	3.74e-02	9.63e-01
 2.44633e+23	1.46e-05	3.95e-02	9.60e-01
 2.46853e+23	1.67e-05	4.23e-02	9.58e-01
 2.49119e+23	1.89e-05	4.49e-02	9.55e-01
 2.51136e+23	2.12e-05	4.75e-02	9.52e-01
 2.53448e+23	2.45e-05	5.10e-02	9.49e-01
 2.55799e+23	2.77e-05	5.41e-02	9.46e-01
 2.58202e+23	3.22e-05	5.83e-02	9.42e-01
 2.60549e+23	3.61e-05	6.15e-02	9.38e-01
 2.62825e+23	4.17e-05	6.60e-02	9.34e-01
 2.65028e+23	4.62e-05	6.93e-02	9.31e-01
 2.67136e+23	5.27e-05	7.39e-02	9.26e-01
 2.69273e+23	5.85e-05	7.77e-02	9.22e-01
 2.71449e+23	6.69e-05	8.28e-02	9.17e-01
 2.73649e+23	7.46e-05	8.72e-02	9.13e-01
 2.75589e+23	8.29e-05	9.17e-02	9.08e-01
 2.77819e+23	9.49e-05	9.78e-02	9.02e-01
 2.80078e+23	1.06e-04	1.03e-01	8.97e-01
 2.82074e+23	1.18e-04	1.08e-01	8.92e-01
 2.84367e+23	1.35e-04	1.16e-01	8.84e-01
 2.86489e+23	1.48e-04	1.21e-01	8.79e-01
 2.88388e+23	1.65e-04	1.27e-01	8.73e-01
 2.90340e+23	1.81e-04	1.33e-01	8.67e-01
 2.92074e+23	1.98e-04	1.38e-01	8.62e-01
 2.94045e+23	2.22e-04	1.45e-01	8.54e-01
 2.96050e+23	2.44e-04	1.52e-01	8.48e-01
 2.97809e+23	2.67e-04	1.58e-01	8.42e-01
 2.99807e+23	2.98e-04	1.66e-01	8.33e-01
 3.01837e+23	3.28e-04	1.73e-01	8.26e-01
 3.03615e+23	3.59e-04	1.80e-01	8.19e-01
 3.05634e+23	4.01e-04	1.89e-01	8.10e-01
 3.07671e+23	4.40e-04	1.97e-01	8.02e-01
