#depth	Ar	Ar+	Ar+2	Ar+3	Ar+4	Ar+5	Ar+6	Ar+7	Ar+8	Ar+9	Ar+10	Ar+11	Ar+12	Ar+13	Ar+14	Ar+15	Ar+16	Ar+17	Ar+18
 4.62852e+21	0.00e+00	0.00e+00	0.00e+00	0.00e+00	0.00e+00	3.15e-26	7.04e-23	9.83e-20	1.88e-16	9.94e-14	2.38e-11	2.53e-09	1.66e-07	5.37e-06	1.08e-04	2.20e-03	7.59e-02	3.61e-01	5.60e-01
 1.05511e+22	0.00e+00	0.00e+00	0.00e+00	0.00e+00	2.08e-28	5.73e-25	9.00e-22	1.82e-18	6.05e-15	2.20e-12	3.63e-10	2.66e-08	1.21e-06	2.69e-05	3.76e-04	5.30e-03	1.27e-01	4.19e-01	4.49e-01
 1.26925e+22	0.00e+00	0.00e+00	0.00e+00	9.35e-31	5.18e-27	1.12e-23	1.39e-20	2.19e-17	5.78e-14	1.66e-11	2.14e-09	1.23e-07	4.39e-06	7.65e-05	8.34e-04	9.19e-03	1.73e-01	4.45e-01	3.72e-01
 1.42179e+22	0.00e+00	0.00e+00	0.00e+00	1.55e-29	7.03e-26	1.25e-22	1.25e-19	1.61e-16	3.55e-13	8.42e-11	9.00e-09	4.26e-07	1.25e-05	1.78e-04	1.58e-03	1.41e-02	2.17e-01	4.56e-01	3.11e-01
 1.50653e+22	0.00e+00	0.00e+00	4.71e-33	3.18e-29	1.37e-25	2.30e-22	2.19e-19	2.66e-16	5.61e-13	1.27e-10	1.29e-08	5.83e-07	1.63e-05	2.20e-04	1.85e-03	1.57e-02	2.30e-01	4.57e-01	2.96e-01
 1.53352e+22	0.00e+00	0.00e+00	7.44e-33	4.88e-29	2.03e-25	3.30e-22	3.05e-19	3.59e-16	7.37e-13	1.63e-10	1.61e-08	7.04e-07	1.91e-05	2.50e-04	2.04e-03	1.68e-02	2.37e-01	4.57e-01	2.86e-01
 1.55662e+22	0.00e+00	0.00e+00	1.38e-32	8.66e-29	3.45e-25	5.38e-22	4.75e-19	5.34e-16	1.06e-12	2.26e-10	2.15e-08	9.06e-07	2.36e-05	2.97e-04	2.31e-03	1.83e-02	2.48e-01	4.57e-01	2.74e-01
 1.57991e+22	0.00e+00	0.00e+00	2.20e-32	1.34e-28	5.18e-25	7.81e-22	6.67e-19	7.25e-16	1.40e-12	2.90e-10	2.69e-08	1.10e-06	2.77e-05	3.38e-04	2.55e-03	1.95e-02	2.56e-01	4.56e-01	2.65e-01
 1.60347e+22	0.00e+00	0.00e+00	3.86e-32	2.27e-28	8.42e-25	1.22e-21	1.00e-18	1.04e-15	1.96e-12	3.92e-10	3.51e-08	1.38e-06	3.36e-05	3.95e-04	2.86e-03	2.10e-02	2.66e-01	4.56e-01	2.55e-01
 1.62761e+22	0.00e+00	0.00e+00	6.50e-32	3.69e-28	1.32e-24	1.83e-21	1.45e-18	1.45e-15	2.65e-12	5.17e-10	4.48e-08	1.71e-06	4.03e-05	4.57e-04	3.18e-03	2.25e-02	2.75e-01	4.54e-01	2.45e-01
 1.64806e+22	0.00e+00	0.00e+00	1.02e-31	5.60e-28	1.94e-24	2.61e-21	2.00e-18	1.94e-15	3.46e-12	6.55e-10	5.53e-08	2.05e-06	4.69e-05	5.17e-04	3.49e-03	2.39e-02	2.83e-01	4.53e-01	2.37e-01
 1.67020e+22	0.00e+00	0.00e+00	1.76e-31	9.35e-28	3.11e-24	4.02e-21	2.95e-18	2.74e-15	4.77e-12	8.77e-10	7.16e-08	2.56e-06	5.67e-05	6.02e-04	3.90e-03	2.57e-02	2.92e-01	4.51e-01	2.27e-01
 1.69337e+22	0.00e+00	0.00e+00	2.91e-31	1.49e-27	4.78e-24	5.97e-21	4.21e-18	3.78e-15	6.40e-12	1.14e-09	9.05e-08	3.14e-06	6.74e-05	6.90e-04	4.31e-03	2.74e-02	3.02e-01	4.48e-01	2.18e-01
 1.71420e+22	0.00e+00	0.00e+00	4.78e-31	2.37e-27	7.31e-24	8.78e-21	5.97e-18	5.15e-15	8.51e-12	1.48e-09	1.14e-07	3.84e-06	7.99e-05	7.91e-04	4.77e-03	2.92e-02	3.11e-01	4.46e-01	2.09e-01
 1.73427e+22	0.00e+00	0.00e+00	7.56e-31	3.63e-27	1.08e-23	1.26e-20	8.27e-18	6.89e-15	1.11e-11	1.89e-09	1.41e-07	4.62e-06	9.34e-05	8.97e-04	5.23e-03	3.10e-02	3.19e-01	4.43e-01	2.01e-01
 1.75702e+22	0.00e+00	0.00e+00	1.35e-30	6.23e-27	1.78e-23	1.98e-20	1.24e-17	9.92e-15	1.56e-11	2.56e-09	1.86e-07	5.84e-06	1.14e-04	1.05e-03	5.87e-03	3.33e-02	3.29e-01	4.39e-01	1.91e-01
 1.77996e+22	0.00e+00	0.00e+00	2.23e-30	9.92e-27	2.73e-23	2.92e-20	1.76e-17	1.35e-14	2.08e-11	3.33e-09	2.34e-07	7.15e-06	1.35e-04	1.20e-03	6.48e-03	3.55e-02	3.39e-01	4.35e-01	1.83e-01
 1.79921e+22	0.00e+00	0.00e+00	3.47e-30	1.49e-26	3.98e-23	4.12e-20	2.41e-17	1.78e-14	2.68e-11	4.19e-09	2.87e-07	8.53e-06	1.57e-04	1.36e-03	7.06e-03	3.74e-02	3.47e-01	4.32e-01	1.76e-01
 1.82034e+22	0.00e+00	0.00e+00	5.98e-30	2.48e-26	6.34e-23	6.29e-20	3.52e-17	2.49e-14	3.67e-11	5.57e-09	3.70e-07	1.06e-05	1.89e-04	1.57e-03	7.86e-03	4.00e-02	3.57e-01	4.27e-01	1.67e-01
 1.84238e+22	0.00e+00	0.00e+00	9.75e-30	3.90e-26	9.62e-23	9.18e-20	4.94e-17	3.37e-14	4.85e-11	7.19e-09	4.64e-07	1.29e-05	2.23e-04	1.79e-03	8.64e-03	4.24e-02	3.65e-01	4.22e-01	1.59e-01
 1.86220e+22	0.00e+00	0.00e+00	1.55e-29	6.01e-26	1.43e-22	1.32e-19	6.83e-17	4.49e-14	6.33e-11	9.16e-09	5.76e-07	1.56e-05	2.61e-04	2.03e-03	9.46e-03	4.48e-02	3.74e-01	4.17e-01	1.52e-01
 1.88456e+22	0.00e+00	0.00e+00	2.85e-29	1.06e-25	2.39e-22	2.10e-19	1.04e-16	6.49e-14	8.93e-11	1.25e-08	7.62e-07	1.98e-05	3.20e-04	2.39e-03	1.06e-02	4.81e-02	3.84e-01	4.11e-01	1.43e-01
 1.90635e+22	0.00e+00	0.00e+00	4.44e-29	1.59e-25	3.50e-22	2.96e-19	1.41e-16	8.52e-14	1.15e-10	1.58e-08	9.36e-07	2.37e-05	3.72e-04	2.69e-03	1.16e-02	5.07e-02	3.92e-01	4.05e-01	1.37e-01
 1.92740e+22	0.00e+00	0.00e+00	7.77e-29	2.68e-25	5.62e-22	4.55e-19	2.07e-16	1.19e-13	1.58e-10	2.11e-08	1.21e-06	2.96e-05	4.48e-04	3.13e-03	1.29e-02	5.40e-02	4.02e-01	3.99e-01	1.29e-01
 1.94906e+22	0.00e+00	0.00e+00	1.25e-28	4.16e-25	8.43e-22	6.57e-19	2.88e-16	1.60e-13	2.07e-10	2.70e-08	1.51e-06	3.57e-05	5.26e-04	3.54e-03	1.41e-02	5.69e-02	4.10e-01	3.92e-01	1.23e-01
 1.96812e+22	0.00e+00	0.00e+00	1.96e-28	6.31e-25	1.23e-21	9.27e-19	3.92e-16	2.10e-13	2.67e-10	3.40e-08	1.85e-06	4.27e-05	6.10e-04	3.99e-03	1.53e-02	5.98e-02	4.17e-01	3.86e-01	1.17e-01
 1.98951e+22	0.00e+00	0.00e+00	3.43e-28	1.06e-24	1.98e-21	1.42e-18	5.75e-16	2.94e-13	3.66e-10	4.54e-08	2.40e-06	5.33e-05	7.36e-04	4.62e-03	1.69e-02	6.36e-02	4.26e-01	3.78e-01	1.10e-01
 2.01138e+22	0.00e+00	0.00e+00	5.60e-28	1.67e-24	3.00e-21	2.07e-18	8.02e-16	3.93e-13	4.81e-10	5.84e-08	3.00e-06	6.47e-05	8.67e-04	5.25e-03	1.86e-02	6.70e-02	4.33e-01	3.71e-01	1.04e-01
 2.03037e+22	0.00e+00	0.00e+00	8.74e-28	2.52e-24	4.38e-21	2.92e-18	1.09e-15	5.14e-13	6.19e-10	7.34e-08	3.68e-06	7.71e-05	1.00e-03	5.89e-03	2.01e-02	7.02e-02	4.39e-01	3.64e-01	9.90e-02
 2.05157e+22	0.00e+00	1.24e-33	1.53e-27	4.23e-24	7.03e-21	4.47e-18	1.59e-15	7.18e-13	8.47e-10	9.78e-08	4.75e-06	9.61e-05	1.21e-03	6.81e-03	2.22e-02	7.43e-02	4.47e-01	3.56e-01	9.26e-02
 2.07316e+22	0.00e+00	2.06e-33	2.47e-27	6.60e-24	1.05e-20	6.44e-18	2.20e-15	9.53e-13	1.11e-09	1.25e-07	5.91e-06	1.16e-04	1.41e-03	7.70e-03	2.42e-02	7.79e-02	4.53e-01	3.48e-01	8.74e-02
 2.09206e+22	0.00e+00	3.35e-33	3.92e-27	1.01e-23	1.55e-20	9.13e-18	3.00e-15	1.25e-12	1.43e-09	1.58e-07	7.29e-06	1.39e-04	1.64e-03	8.66e-03	2.63e-02	8.16e-02	4.59e-01	3.40e-01	8.26e-02
 2.11341e+22	0.00e+00	6.06e-33	6.85e-27	1.70e-23	2.49e-20	1.40e-17	4.39e-15	1.74e-12	1.95e-09	2.10e-07	9.40e-06	1.73e-04	1.97e-03	9.98e-03	2.90e-02	8.60e-02	4.65e-01	3.30e-01	7.69e-02
 2.13570e+22	0.00e+00	1.05e-32	1.15e-26	2.75e-23	3.87e-20	2.07e-17	6.21e-15	2.35e-12	2.60e-09	2.74e-07	1.19e-05	2.12e-04	2.34e-03	1.14e-02	3.17e-02	9.04e-02	4.71e-01	3.21e-01	7.19e-02
 2.15549e+22	0.00e+00	1.72e-32	1.84e-26	4.23e-23	5.73e-20	2.95e-17	8.50e-15	3.09e-12	3.37e-09	3.47e-07	1.47e-05	2.54e-04	2.72e-03	1.28e-02	3.43e-02	9.43e-02	4.75e-01	3.13e-01	6.76e-02
 2.17750e+22	0.00e+00	3.18e-32	3.29e-26	7.22e-23	9.34e-20	4.58e-17	1.25e-14	4.34e-12	4.65e-09	4.66e-07	1.91e-05	3.17e-04	3.28e-03	1.48e-02	3.78e-02	9.92e-02	4.80e-01	3.02e-01	6.25e-02
 2.19912e+22	0.00e+00	5.16e-32	5.18e-26	1.10e-22	1.37e-19	6.47e-17	1.70e-14	5.65e-12	5.98e-09	5.87e-07	2.35e-05	3.78e-04	3.79e-03	1.65e-02	4.08e-02	1.03e-01	4.83e-01	2.94e-01	5.87e-02
 2.21719e+22	0.00e+00	8.16e-32	8.01e-26	1.64e-22	1.97e-19	8.97e-17	2.27e-14	7.26e-12	7.58e-09	7.31e-07	2.85e-05	4.47e-04	4.36e-03	1.84e-02	4.38e-02	1.07e-01	4.85e-01	2.85e-01	5.51e-02
 2.23767e+22	0.00e+00	1.50e-31	1.43e-25	2.80e-22	3.20e-19	1.38e-16	3.31e-14	1.00e-11	1.04e-08	9.77e-07	3.70e-05	5.58e-04	5.24e-03	2.12e-02	4.81e-02	1.12e-01	4.88e-01	2.74e-01	5.07e-02
 2.25794e+22	0.00e+00	2.35e-31	2.18e-25	4.14e-22	4.56e-19	1.90e-16	4.39e-14	1.28e-11	1.31e-08	1.21e-06	4.46e-05	6.56e-04	5.99e-03	2.34e-02	5.15e-02	1.16e-01	4.89e-01	2.66e-01	4.76e-02
 2.27451e+22	0.00e+00	3.59e-31	3.25e-25	5.97e-22	6.36e-19	2.55e-16	5.68e-14	1.60e-11	1.62e-08	1.48e-06	5.33e-05	7.63e-04	6.79e-03	2.58e-02	5.48e-02	1.19e-01	4.90e-01	2.58e-01	4.47e-02
 2.28993e+22	0.00e+00	5.36e-31	4.75e-25	8.46e-22	8.72e-19	3.38e-16	7.27e-14	1.98e-11	1.99e-08	1.78e-06	6.32e-05	8.81e-04	7.65e-03	2.82e-02	5.81e-02	1.23e-01	4.90e-01	2.51e-01	4.22e-02
 2.30407e+22	0.00e+00	7.69e-31	6.69e-25	1.16e-21	1.16e-18	4.36e-16	9.07e-14	2.39e-11	2.39e-08	2.11e-06	7.35e-05	1.00e-03	8.52e-03	3.06e-02	6.12e-02	1.26e-01	4.89e-01	2.44e-01	3.99e-02
 2.31705e+22	0.00e+00	1.06e-30	9.03e-25	1.53e-21	1.49e-18	5.45e-16	1.10e-13	2.83e-11	2.81e-08	2.46e-06	8.40e-05	1.12e-03	9.34e-03	3.28e-02	6.40e-02	1.28e-01	4.89e-01	2.38e-01	3.81e-02
 2.33180e+22	0.00e+00	1.62e-30	1.35e-24	2.21e-21	2.08e-18	7.34e-16	1.43e-13	3.53e-11	3.49e-08	3.00e-06	1.00e-04	1.31e-03	1.06e-02	3.60e-02	6.80e-02	1.32e-01	4.87e-01	2.29e-01	3.56e-02
 2.34701e+22	0.00e+00	2.36e-30	1.93e-24	3.07e-21	2.80e-18	9.54e-16	1.80e-13	4.28e-11	4.22e-08	3.58e-06	1.17e-04	1.49e-03	1.18e-02	3.91e-02	7.16e-02	1.35e-01	4.86e-01	2.22e-01	3.35e-02
 2.35973e+22	0.00e+00	3.29e-30	2.65e-24	4.10e-21	3.63e-18	1.20e-15	2.19e-13	5.07e-11	4.98e-08	4.18e-06	1.35e-04	1.68e-03	1.30e-02	4.20e-02	7.49e-02	1.37e-01	4.84e-01	2.16e-01	3.17e-02
 2.37130e+22	0.00e+00	4.38e-30	3.47e-24	5.25e-21	4.54e-18	1.47e-15	2.61e-13	5.89e-11	5.76e-08	4.77e-06	1.52e-04	1.85e-03	1.41e-02	4.47e-02	7.78e-02	1.39e-01	4.82e-01	2.10e-01	3.03e-02
 2.38447e+22	0.00e+00	6.45e-30	5.01e-24	7.36e-21	6.15e-18	1.92e-15	3.30e-13	7.17e-11	6.98e-08	5.71e-06	1.78e-04	2.12e-03	1.58e-02	4.85e-02	8.19e-02	1.42e-01	4.78e-01	2.03e-01	2.84e-02
 2.39814e+22	0.00e+00	9.11e-30	6.94e-24	9.92e-21	8.05e-18	2.43e-15	4.05e-13	8.53e-11	8.29e-08	6.70e-06	2.05e-04	2.39e-03	1.74e-02	5.21e-02	8.56e-02	1.44e-01	4.75e-01	1.96e-01	2.67e-02
 2.41029e+22	0.00e+00	1.26e-29	9.46e-24	1.31e-20	1.04e-17	3.04e-15	4.91e-13	1.00e-10	9.74e-08	7.79e-06	2.35e-04	2.68e-03	1.91e-02	5.58e-02	8.92e-02	1.46e-01	4.71e-01	1.90e-01	2.52e-02
 2.42397e+22	0.00e+00	1.89e-29	1.39e-23	1.87e-20	1.42e-17	4.02e-15	6.24e-13	1.23e-10	1.19e-07	9.39e-06	2.77e-04	3.08e-03	2.14e-02	6.06e-02	9.38e-02	1.49e-01	4.66e-01	1.82e-01	2.35e-02
 2.43734e+22	0.00e+00	2.59e-29	1.87e-23	2.45e-20	1.81e-17	4.98e-15	7.51e-13	1.44e-10	1.39e-07	1.08e-05	3.15e-04	3.43e-03	2.33e-02	6.46e-02	9.74e-02	1.51e-01	4.62e-01	1.76e-01	2.21e-02
 2.44851e+22	0.00e+00	3.53e-29	2.51e-23	3.20e-20	2.30e-17	6.15e-15	8.98e-13	1.67e-10	1.61e-07	1.25e-05	3.57e-04	3.82e-03	2.54e-02	6.87e-02	1.01e-01	1.52e-01	4.57e-01	1.70e-01	2.09e-02
 2.45953e+22	0.00e+00	4.79e-29	3.35e-23	4.16e-20	2.91e-17	7.56e-15	1.07e-12	1.93e-10	1.87e-07	1.43e-05	4.04e-04	4.23e-03	2.76e-02	7.30e-02	1.05e-01	1.54e-01	4.52e-01	1.64e-01	1.97e-02
 2.47216e+22	0.00e+00	6.98e-29	4.79e-23	5.77e-20	3.90e-17	9.76e-15	1.33e-12	2.32e-10	2.25e-07	1.70e-05	4.70e-04	4.80e-03	3.06e-02	7.86e-02	1.09e-01	1.56e-01	4.45e-01	1.57e-01	1.83e-02
 2.48509e+22	0.00e+00	9.78e-29	6.59e-23	7.71e-20	5.05e-17	1.22e-14	1.62e-12	2.72e-10	2.64e-07	1.98e-05	5.39e-04	5.38e-03	3.35e-02	8.38e-02	1.13e-01	1.57e-01	4.39e-01	1.51e-01	1.71e-02
 2.49625e+22	0.00e+00	1.32e-28	8.74e-23	9.98e-20	6.36e-17	1.50e-14	1.92e-12	3.13e-10	3.05e-07	2.27e-05	6.07e-04	5.94e-03	3.63e-02	8.87e-02	1.17e-01	1.58e-01	4.33e-01	1.45e-01	1.61e-02
 2.50861e+22	0.00e+00	1.93e-28	1.26e-22	1.39e-19	8.53e-17	1.93e-14	2.38e-12	3.74e-10	3.66e-07	2.69e-05	7.06e-04	6.74e-03	4.02e-02	9.52e-02	1.21e-01	1.59e-01	4.24e-01	1.38e-01	1.48e-02
 2.52061e+22	0.00e+00	2.57e-28	1.65e-22	1.77e-19	1.06e-16	2.34e-14	2.80e-12	4.27e-10	4.18e-07	3.05e-05	7.90e-04	7.40e-03	4.33e-02	1.00e-01	1.25e-01	1.60e-01	4.17e-01	1.33e-01	1.39e-02
 2.53215e+22	0.00e+00	3.78e-28	2.38e-22	2.47e-19	1.42e-16	3.01e-14	3.45e-12	5.07e-10	5.01e-07	3.62e-05	9.20e-04	8.40e-03	4.79e-02	1.08e-01	1.30e-01	1.60e-01	4.07e-01	1.25e-01	1.28e-02
 2.54340e+22	0.00e+00	4.94e-28	3.06e-22	3.10e-19	1.74e-16	3.59e-14	4.01e-12	5.72e-10	5.68e-07	4.07e-05	1.02e-03	9.15e-03	5.13e-02	1.13e-01	1.33e-01	1.60e-01	4.00e-01	1.21e-01	1.20e-02
 2.55427e+22	0.00e+00	6.96e-28	4.24e-22	4.16e-19	2.26e-16	4.50e-14	4.84e-12	6.67e-10	6.66e-07	4.73e-05	1.17e-03	1.02e-02	5.59e-02	1.20e-01	1.37e-01	1.60e-01	3.91e-01	1.14e-01	1.11e-02
 2.56563e+22	0.00e+00	9.49e-28	5.70e-22	5.43e-19	2.86e-16	5.51e-14	5.73e-12	7.64e-10	7.68e-07	5.42e-05	1.31e-03	1.13e-02	6.04e-02	1.26e-01	1.40e-01	1.60e-01	3.82e-01	1.09e-01	1.03e-02
 2.57587e+22	0.00e+00	1.27e-27	7.52e-22	6.97e-19	3.56e-16	6.66e-14	6.71e-12	8.67e-10	8.77e-07	6.15e-05	1.47e-03	1.23e-02	6.49e-02	1.32e-01	1.43e-01	1.60e-01	3.73e-01	1.04e-01	9.59e-03
 2.58742e+22	0.00e+00	1.87e-27	1.09e-21	9.71e-19	4.77e-16	8.55e-14	8.24e-12	1.02e-09	1.04e-06	7.26e-05	1.70e-03	1.39e-02	7.13e-02	1.41e-01	1.47e-01	1.59e-01	3.61e-01	9.72e-02	8.69e-03
 2.59887e+22	0.00e+00	2.49e-27	1.42e-21	1.24e-18	5.90e-16	1.03e-13	9.60e-12	1.15e-09	1.19e-06	8.19e-05	1.89e-03	1.52e-02	7.62e-02	1.47e-01	1.50e-01	1.58e-01	3.51e-01	9.24e-02	8.08e-03
 2.61018e+22	0.00e+00	3.67e-27	2.06e-21	1.72e-18	7.88e-16	1.31e-13	1.17e-11	1.35e-09	1.41e-06	9.65e-05	2.19e-03	1.71e-02	8.35e-02	1.56e-01	1.54e-01	1.56e-01	3.38e-01	8.61e-02	7.28e-03
 2.62147e+22	0.00e+00	4.87e-27	2.70e-21	2.19e-18	9.74e-16	1.57e-13	1.36e-11	1.52e-09	1.60e-06	1.09e-04	2.43e-03	1.86e-02	8.90e-02	1.62e-01	1.56e-01	1.54e-01	3.28e-01	8.16e-02	6.74e-03
 2.63272e+22	6.80e-34	7.22e-27	3.92e-21	3.05e-18	1.30e-15	2.01e-13	1.67e-11	1.78e-09	1.89e-06	1.28e-04	2.80e-03	2.09e-02	9.73e-02	1.72e-01	1.59e-01	1.52e-01	3.14e-01	7.55e-02	6.03e-03
 2.64396e+22	9.11e-34	9.53e-27	5.10e-21	3.87e-18	1.60e-15	2.41e-13	1.93e-11	2.00e-09	2.14e-06	1.43e-04	3.09e-03	2.26e-02	1.03e-01	1.78e-01	1.61e-01	1.50e-01	3.04e-01	7.14e-02	5.57e-03
 2.65520e+22	1.38e-33	1.42e-26	7.45e-21	5.42e-18	2.15e-15	3.08e-13	2.35e-11	2.33e-09	2.53e-06	1.68e-04	3.56e-03	2.53e-02	1.12e-01	1.87e-01	1.64e-01	1.47e-01	2.90e-01	6.56e-02	4.94e-03
 2.66648e+22	1.90e-33	1.92e-26	9.93e-21	6.99e-18	2.68e-15	3.71e-13	2.74e-11	2.62e-09	2.87e-06	1.90e-04	3.96e-03	2.75e-02	1.20e-01	1.94e-01	1.65e-01	1.44e-01	2.78e-01	6.13e-02	4.50e-03
 2.67781e+22	2.88e-33	2.85e-26	1.45e-20	9.77e-18	3.58e-15	4.74e-13	3.33e-11	3.04e-09	3.38e-06	2.22e-04	4.54e-03	3.07e-02	1.30e-01	2.04e-01	1.67e-01	1.41e-01	2.63e-01	5.60e-02	3.97e-03
 2.68875e+22	3.85e-33	3.77e-26	1.89e-20	1.23e-17	4.39e-15	5.63e-13	3.82e-11	3.38e-09	3.79e-06	2.48e-04	4.99e-03	3.30e-02	1.37e-01	2.10e-01	1.68e-01	1.38e-01	2.53e-01	5.25e-02	3.63e-03
 2.69918e+22	5.67e-33	5.44e-26	2.68e-20	1.68e-17	5.74e-15	7.05e-13	4.57e-11	3.87e-09	4.40e-06	2.85e-04	5.64e-03	3.64e-02	1.47e-01	2.18e-01	1.69e-01	1.34e-01	2.39e-01	4.80e-02	3.21e-03
 2.70979e+22	7.71e-33	7.30e-26	3.54e-20	2.15e-17	7.11e-15	8.44e-13	5.27e-11	4.31e-09	4.94e-06	3.19e-04	6.20e-03	3.92e-02	1.55e-01	2.24e-01	1.69e-01	1.30e-01	2.28e-01	4.46e-02	2.91e-03
 2.72064e+22	1.15e-32	1.07e-25	5.10e-20	2.97e-17	9.39e-15	1.07e-12	6.35e-11	4.96e-09	5.74e-06	3.68e-04	7.02e-03	4.31e-02	1.66e-01	2.32e-01	1.69e-01	1.26e-01	2.14e-01	4.03e-02	2.54e-03
 2.73166e+22	1.59e-32	1.45e-25	6.82e-20	3.84e-17	1.17e-14	1.28e-12	7.35e-11	5.54e-09	6.46e-06	4.11e-04	7.73e-03	4.65e-02	1.75e-01	2.38e-01	1.68e-01	1.22e-01	2.03e-01	3.72e-02	2.28e-03
 2.74290e+22	2.42e-32	2.17e-25	9.97e-20	5.37e-17	1.57e-14	1.63e-12	8.90e-11	6.39e-09	7.51e-06	4.75e-04	8.74e-03	5.11e-02	1.86e-01	2.46e-01	1.67e-01	1.17e-01	1.88e-01	3.33e-02	1.97e-03
 2.75424e+22	3.35e-32	2.96e-25	1.34e-19	6.96e-17	1.96e-14	1.97e-12	1.03e-10	7.14e-09	8.43e-06	5.30e-04	9.59e-03	5.48e-02	1.96e-01	2.51e-01	1.66e-01	1.13e-01	1.78e-01	3.05e-02	1.75e-03
 2.76570e+22	5.14e-32	4.45e-25	1.97e-19	9.79e-17	2.63e-14	2.52e-12	1.26e-10	8.26e-09	9.78e-06	6.10e-04	1.08e-02	6.00e-02	2.08e-01	2.57e-01	1.64e-01	1.07e-01	1.64e-01	2.70e-02	1.49e-03
 2.77688e+22	6.97e-32	5.95e-25	2.60e-19	1.25e-16	3.25e-14	3.01e-12	1.44e-10	9.17e-09	1.09e-05	6.74e-04	1.17e-02	6.39e-02	2.17e-01	2.62e-01	1.62e-01	1.03e-01	1.54e-01	2.48e-02	1.33e-03
 2.78770e+22	1.04e-31	8.75e-25	3.75e-19	1.72e-16	4.28e-14	3.79e-12	1.73e-10	1.05e-08	1.24e-05	7.66e-04	1.31e-02	6.92e-02	2.28e-01	2.66e-01	1.59e-01	9.78e-02	1.42e-01	2.20e-02	1.14e-03
 2.79871e+22	1.43e-31	1.18e-24	4.98e-19	2.21e-16	5.32e-14	4.54e-12	2.00e-10	1.17e-08	1.38e-05	8.44e-04	1.42e-02	7.35e-02	2.37e-01	2.70e-01	1.57e-01	9.37e-02	1.34e-01	2.01e-02	1.01e-03
 2.80998e+22	2.16e-31	1.75e-24	7.24e-19	3.07e-16	7.07e-14	5.77e-12	2.42e-10	1.35e-08	1.58e-05	9.58e-04	1.58e-02	7.94e-02	2.48e-01	2.73e-01	1.53e-01	8.84e-02	1.22e-01	1.77e-02	8.58e-04
 2.82124e+22	2.95e-31	2.35e-24	9.56e-19	3.93e-16	8.74e-14	6.90e-12	2.79e-10	1.50e-08	1.74e-05	1.05e-03	1.70e-02	8.39e-02	2.57e-01	2.75e-01	1.50e-01	8.45e-02	1.14e-01	1.61e-02	7.59e-04
 2.83249e+22	4.44e-31	3.47e-24	1.38e-18	5.44e-16	1.16e-13	8.74e-12	3.37e-10	1.73e-08	1.98e-05	1.18e-03	1.88e-02	9.01e-02	2.68e-01	2.78e-01	1.46e-01	7.94e-02	1.04e-01	1.41e-02	6.42e-04
 2.84389e+22	6.03e-31	4.64e-24	1.82e-18	6.94e-16	1.43e-13	1.05e-11	3.89e-10	1.93e-08	2.18e-05	1.29e-03	2.02e-02	9.49e-02	2.76e-01	2.79e-01	1.43e-01	7.57e-02	9.73e-02	1.28e-02	5.65e-04
 2.85551e+22	9.11e-31	6.86e-24	2.64e-18	9.62e-16	1.90e-13	1.33e-11	4.71e-10	2.23e-08	2.48e-05	1.45e-03	2.22e-02	1.01e-01	2.86e-01	2.80e-01	1.38e-01	7.08e-02	8.84e-02	1.12e-02	4.76e-04
 2.86739e+22	1.25e-30	9.25e-24	3.50e-18	1.24e-15	2.37e-13	1.60e-11	5.47e-10	2.51e-08	2.73e-05	1.59e-03	2.38e-02	1.07e-01	2.94e-01	2.80e-01	1.35e-01	6.72e-02	8.21e-02	1.01e-02	4.16e-04
 2.87959e+22	1.89e-30	1.37e-23	5.08e-18	1.72e-15	3.15e-13	2.04e-11	6.66e-10	2.91e-08	3.09e-05	1.78e-03	2.60e-02	1.13e-01	3.03e-01	2.80e-01	1.30e-01	6.26e-02	7.42e-02	8.76e-03	3.48e-04
 2.89218e+22	2.63e-30	1.87e-23	6.82e-18	2.23e-15	3.96e-13	2.48e-11	7.80e-10	3.29e-08	3.42e-05	1.95e-03	2.79e-02	1.19e-01	3.11e-01	2.79e-01	1.26e-01	5.90e-02	6.84e-02	7.82e-03	3.02e-04
 2.90335e+22	3.61e-30	2.53e-23	9.05e-18	2.86e-15	4.94e-13	2.99e-11	9.08e-10	3.70e-08	3.76e-05	2.12e-03	2.99e-02	1.25e-01	3.18e-01	2.78e-01	1.22e-01	5.58e-02	6.32e-02	7.01e-03	2.62e-04
 2.91598e+22	5.42e-30	3.71e-23	1.30e-17	3.95e-15	6.54e-13	3.80e-11	1.10e-09	4.30e-08	4.25e-05	2.36e-03	3.25e-02	1.32e-01	3.26e-01	2.76e-01	1.17e-01	5.17e-02	5.70e-02	6.08e-03	2.19e-04
 2.92876e+22	7.42e-30	5.00e-23	1.72e-17	5.06e-15	8.13e-13	4.58e-11	1.29e-09	4.84e-08	4.67e-05	2.56e-03	3.46e-02	1.37e-01	3.32e-01	2.74e-01	1.13e-01	4.88e-02	5.25e-02	5.44e-03	1.90e-04
 2.94173e+22	1.11e-29	7.31e-23	2.45e-17	6.95e-15	1.08e-12	5.83e-11	1.56e-09	5.64e-08	5.26e-05	2.84e-03	3.74e-02	1.45e-01	3.39e-01	2.70e-01	1.08e-01	4.51e-02	4.72e-02	4.70e-03	1.58e-04
 2.95508e+22	1.53e-29	9.90e-23	3.26e-17	8.96e-15	1.35e-12	7.07e-11	1.83e-09	6.39e-08	5.80e-05	3.09e-03	3.99e-02	1.51e-01	3.45e-01	2.68e-01	1.04e-01	4.24e-02	4.33e-02	4.18e-03	1.36e-04
 2.96706e+22	2.10e-29	1.33e-22	4.31e-17	1.15e-14	1.68e-12	8.54e-11	2.14e-09	7.22e-08	6.37e-05	3.35e-03	4.23e-02	1.57e-01	3.50e-01	2.64e-01	9.98e-02	3.98e-02	3.98e-02	3.72e-03	1.18e-04
 2.98079e+22	3.16e-29	1.96e-22	6.17e-17	1.58e-14	2.23e-12	1.09e-10	2.62e-09	8.46e-08	7.19e-05	3.71e-03	4.57e-02	1.64e-01	3.56e-01	2.60e-01	9.48e-02	3.66e-02	3.55e-02	3.19e-03	9.71e-05
 2.99456e+22	4.28e-29	2.60e-22	8.06e-17	2.01e-14	2.75e-12	1.31e-10	3.05e-09	9.54e-08	7.88e-05	4.00e-03	4.83e-02	1.70e-01	3.60e-01	2.56e-01	9.10e-02	3.44e-02	3.26e-02	2.85e-03	8.40e-05
 3.00836e+22	6.34e-29	3.76e-22	1.14e-16	2.74e-14	3.62e-12	1.66e-10	3.70e-09	1.11e-07	8.86e-05	4.41e-03	5.19e-02	1.78e-01	3.65e-01	2.51e-01	8.63e-02	3.16e-02	2.92e-02	2.45e-03	6.96e-05
 3.02253e+22	8.70e-29	5.06e-22	1.50e-16	3.51e-14	4.51e-12	2.01e-10	4.34e-09	1.26e-07	9.75e-05	4.77e-03	5.49e-02	1.84e-01	3.69e-01	2.47e-01	8.25e-02	2.95e-02	2.66e-02	2.17e-03	5.96e-05
 3.03470e+22	1.16e-28	6.60e-22	1.92e-16	4.38e-14	5.50e-12	2.39e-10	5.01e-09	1.41e-07	1.06e-04	5.11e-03	5.77e-02	1.89e-01	3.71e-01	2.43e-01	7.92e-02	2.77e-02	2.45e-02	1.94e-03	5.19e-05
 3.04808e+22	1.67e-28	9.30e-22	2.64e-16	5.84e-14	7.09e-12	2.98e-10	6.02e-09	1.64e-07	1.19e-04	5.59e-03	6.15e-02	1.97e-01	3.75e-01	2.37e-01	7.50e-02	2.56e-02	2.20e-02	1.68e-03	4.33e-05
 3.06156e+22	2.20e-28	1.21e-21	3.37e-16	7.27e-14	8.62e-12	3.53e-10	6.93e-09	1.83e-07	1.29e-04	5.98e-03	6.45e-02	2.02e-01	3.77e-01	2.33e-01	7.18e-02	2.40e-02	2.02e-02	1.50e-03	3.76e-05
 3.07517e+22	3.18e-28	1.70e-21	4.64e-16	9.69e-14	1.11e-11	4.41e-10	8.35e-09	2.13e-07	1.44e-04	6.54e-03	6.86e-02	2.09e-01	3.79e-01	2.27e-01	6.78e-02	2.20e-02	1.81e-02	1.29e-03	3.12e-05
 3.08891e+22	4.17e-28	2.19e-21	5.87e-16	1.20e-13	1.35e-11	5.21e-10	9.59e-09	2.38e-07	1.57e-04	6.98e-03	7.18e-02	2.15e-01	3.80e-01	2.22e-01	6.49e-02	2.07e-02	1.67e-02	1.16e-03	2.72e-05
 3.10281e+22	5.99e-28	3.08e-21	8.02e-16	1.59e-13	1.73e-11	6.49e-10	1.15e-08	2.76e-07	1.75e-04	7.61e-03	7.62e-02	2.22e-01	3.82e-01	2.16e-01	6.11e-02	1.90e-02	1.49e-02	9.95e-04	2.26e-05
 3.11700e+22	7.93e-28	3.99e-21	1.02e-15	1.97e-13	2.11e-11	7.71e-10	1.33e-08	3.10e-07	1.91e-04	8.14e-03	7.98e-02	2.28e-01	3.83e-01	2.11e-01	5.83e-02	1.77e-02	1.36e-02	8.85e-04	1.95e-05
 3.13155e+22	1.15e-27	5.64e-21	1.41e-15	2.63e-13	2.73e-11	9.66e-10	1.61e-08	3.61e-07	2.14e-04	8.88e-03	8.46e-02	2.35e-01	3.83e-01	2.04e-01	5.46e-02	1.62e-02	1.21e-02	7.57e-04	1.61e-05
 3.14572e+22	1.48e-27	7.14e-21	1.75e-15	3.21e-13	3.26e-11	1.13e-09	1.83e-08	4.01e-07	2.31e-04	9.43e-03	8.81e-02	2.40e-01	3.83e-01	2.00e-01	5.22e-02	1.52e-02	1.12e-02	6.79e-04	1.41e-05
 3.15940e+22	2.08e-27	9.79e-21	2.34e-15	4.18e-13	4.13e-11	1.39e-09	2.19e-08	4.62e-07	2.57e-04	1.02e-02	9.29e-02	2.47e-01	3.83e-01	1.93e-01	4.91e-02	1.40e-02	9.97e-03	5.86e-04	1.17e-05
 3.17334e+22	2.70e-27	1.25e-20	2.92e-15	5.11e-13	4.95e-11	1.63e-09	2.50e-08	5.15e-07	2.78e-04	1.09e-02	9.68e-02	2.52e-01	3.82e-01	1.89e-01	4.68e-02	1.31e-02	9.16e-03	5.24e-04	1.02e-05
 3.18762e+22	3.80e-27	1.71e-20	3.92e-15	6.67e-13	6.29e-11	2.01e-09	2.98e-08	5.94e-07	3.10e-04	1.18e-02	1.02e-01	2.58e-01	3.81e-01	1.82e-01	4.38e-02	1.20e-02	8.16e-03	4.51e-04	8.46e-06
 3.20217e+22	4.96e-27	2.19e-20	4.92e-15	8.20e-13	7.57e-11	2.37e-09	3.42e-08	6.65e-07	3.37e-04	1.25e-02	1.06e-01	2.63e-01	3.80e-01	1.77e-01	4.16e-02	1.11e-02	7.46e-03	4.01e-04	7.32e-06
 3.21706e+22	7.02e-27	3.03e-20	6.62e-15	1.07e-12	9.66e-11	2.94e-09	4.10e-08	7.70e-07	3.75e-04	1.36e-02	1.12e-01	2.70e-01	3.78e-01	1.71e-01	3.88e-02	1.02e-02	6.62e-03	3.43e-04	6.03e-06
 3.23222e+22	9.20e-27	3.89e-20	8.32e-15	1.32e-12	1.17e-10	3.47e-09	4.72e-08	8.63e-07	4.09e-04	1.44e-02	1.16e-01	2.75e-01	3.76e-01	1.65e-01	3.68e-02	9.44e-03	6.04e-03	3.04e-04	5.20e-06
 3.24774e+22	1.31e-26	5.38e-20	1.12e-14	1.74e-12	1.49e-10	4.31e-09	5.67e-08	1.00e-06	4.56e-04	1.57e-02	1.22e-01	2.81e-01	3.73e-01	1.59e-01	3.42e-02	8.57e-03	5.34e-03	2.58e-04	4.26e-06
 3.26357e+22	1.73e-26	6.95e-20	1.42e-14	2.15e-12	1.81e-10	5.10e-09	6.54e-08	1.13e-06	4.98e-04	1.67e-02	1.27e-01	2.86e-01	3.70e-01	1.53e-01	3.23e-02	7.94e-03	4.84e-03	2.28e-04	3.65e-06
 3.27983e+22	2.46e-26	9.65e-20	1.92e-14	2.83e-12	2.31e-10	6.35e-09	7.87e-08	1.31e-06	5.57e-04	1.81e-02	1.34e-01	2.92e-01	3.67e-01	1.47e-01	2.99e-02	7.19e-03	4.27e-03	1.93e-04	2.98e-06
 3.29656e+22	3.30e-26	1.26e-19	2.45e-14	3.54e-12	2.83e-10	7.59e-09	9.15e-08	1.48e-06	6.10e-04	1.93e-02	1.39e-01	2.97e-01	3.63e-01	1.41e-01	2.81e-02	6.62e-03	3.84e-03	1.69e-04	2.52e-06
 3.31388e+22	4.76e-26	1.77e-19	3.34e-14	4.69e-12	3.66e-10	9.51e-09	1.11e-07	1.73e-06	6.85e-04	2.10e-02	1.47e-01	3.03e-01	3.59e-01	1.35e-01	2.59e-02	5.95e-03	3.36e-03	1.42e-04	2.04e-06
 3.33072e+22	6.20e-26	2.26e-19	4.16e-14	5.74e-12	4.39e-10	1.12e-08	1.27e-07	1.94e-06	7.44e-04	2.23e-02	1.52e-01	3.07e-01	3.55e-01	1.30e-01	2.44e-02	5.51e-03	3.05e-03	1.25e-04	1.75e-06
 3.34692e+22	8.75e-26	3.10e-19	5.56e-14	7.47e-12	5.57e-10	1.38e-08	1.52e-07	2.24e-06	8.29e-04	2.40e-02	1.59e-01	3.13e-01	3.50e-01	1.24e-01	2.25e-02	4.97e-03	2.68e-03	1.06e-04	1.43e-06
 3.36344e+22	1.15e-25	3.97e-19	6.96e-14	9.18e-12	6.71e-10	1.63e-08	1.74e-07	2.51e-06	9.03e-04	2.55e-02	1.65e-01	3.16e-01	3.45e-01	1.19e-01	2.11e-02	4.59e-03	2.43e-03	9.32e-05	1.22e-06
 3.38038e+22	1.60e-25	5.40e-19	9.20e-14	1.18e-11	8.45e-10	1.99e-08	2.07e-07	2.89e-06	1.00e-03	2.74e-02	1.72e-01	3.21e-01	3.40e-01	1.13e-01	1.95e-02	4.15e-03	2.14e-03	7.93e-05	1.00e-06
 3.39828e+22	2.18e-25	7.16e-19	1.19e-13	1.50e-11	1.05e-09	2.40e-08	2.43e-07	3.30e-06	1.10e-03	2.94e-02	1.79e-01	3.25e-01	3.34e-01	1.08e-01	1.81e-02	3.78e-03	1.90e-03	6.82e-05	8.34e-07
 3.41473e+22	2.91e-25	9.33e-19	1.51e-13	1.87e-11	1.28e-09	2.86e-08	2.82e-07	3.73e-06	1.21e-03	3.12e-02	1.85e-01	3.28e-01	3.29e-01	1.03e-01	1.69e-02	3.46e-03	1.70e-03	5.92e-05	7.02e-07
 3.43341e+22	4.16e-25	1.30e-18	2.04e-13	2.45e-11	1.63e-09	3.56e-08	3.39e-07	4.33e-06	1.35e-03	3.38e-02	1.93e-01	3.32e-01	3.22e-01	9.75e-02	1.55e-02	3.09e-03	1.48e-03	4.95e-05	5.66e-07
 3.45320e+22	5.81e-25	1.76e-18	2.69e-13	3.16e-11	2.05e-09	4.36e-08	4.02e-07	4.99e-06	1.50e-03	3.62e-02	2.01e-01	3.36e-01	3.15e-01	9.23e-02	1.42e-02	2.78e-03	1.30e-03	4.19e-05	4.61e-07
 3.47155e+22	7.95e-25	2.34e-18	3.49e-13	4.01e-11	2.54e-09	5.27e-08	4.72e-07	5.69e-06	1.65e-03	3.87e-02	2.09e-01	3.39e-01	3.08e-01	8.75e-02	1.31e-02	2.51e-03	1.15e-03	3.58e-05	3.81e-07
 3.48939e+22	1.07e-24	3.08e-18	4.46e-13	5.02e-11	3.12e-09	6.30e-08	5.50e-07	6.44e-06	1.81e-03	4.12e-02	2.16e-01	3.41e-01	3.02e-01	8.32e-02	1.21e-02	2.28e-03	1.02e-03	3.08e-05	3.17e-07
 3.50945e+22	1.56e-24	4.33e-18	6.08e-13	6.66e-11	4.03e-09	7.90e-08	6.65e-07	7.53e-06	2.03e-03	4.45e-02	2.25e-01	3.44e-01	2.93e-01	7.78e-02	1.10e-02	2.02e-03	8.77e-04	2.54e-05	2.51e-07
 3.52977e+22	2.14e-24	5.78e-18	7.89e-13	8.46e-11	5.00e-09	9.55e-08	7.82e-07	8.60e-06	2.24e-03	4.75e-02	2.33e-01	3.45e-01	2.86e-01	7.35e-02	1.01e-02	1.82e-03	7.70e-04	2.15e-05	2.06e-07
 3.54742e+22	2.86e-24	7.54e-18	1.00e-12	1.05e-10	6.10e-09	1.14e-07	9.07e-07	9.71e-06	2.44e-03	5.04e-02	2.40e-01	3.47e-01	2.79e-01	6.96e-02	9.29e-03	1.65e-03	6.83e-04	1.85e-05	1.71e-07
 3.56734e+22	4.12e-24	1.05e-17	1.35e-12	1.39e-10	7.81e-09	1.42e-07	1.09e-06	1.13e-05	2.73e-03	5.43e-02	2.49e-01	3.48e-01	2.70e-01	6.49e-02	8.39e-03	1.45e-03	5.87e-04	1.52e-05	1.36e-07
 3.58800e+22	5.68e-24	1.41e-17	1.76e-12	1.76e-10	9.72e-09	1.72e-07	1.28e-06	1.29e-05	3.01e-03	5.78e-02	2.57e-01	3.49e-01	2.62e-01	6.10e-02	7.65e-03	1.30e-03	5.12e-04	1.28e-05	0.00e+00
 3.60652e+22	7.65e-24	1.85e-17	2.25e-12	2.21e-10	1.19e-08	2.05e-07	1.49e-06	1.46e-05	3.29e-03	6.13e-02	2.65e-01	3.49e-01	2.55e-01	5.74e-02	7.03e-03	1.17e-03	4.51e-04	1.09e-05	0.00e+00
 3.62749e+22	1.12e-23	2.62e-17	3.08e-12	2.94e-10	1.55e-08	2.59e-07	1.82e-06	1.72e-05	3.70e-03	6.62e-02	2.75e-01	3.50e-01	2.45e-01	5.30e-02	6.27e-03	1.02e-03	3.81e-04	8.83e-06	0.00e+00
 3.64894e+22	1.55e-23	3.50e-17	4.00e-12	3.74e-10	1.92e-08	3.14e-07	2.14e-06	1.97e-05	4.08e-03	7.04e-02	2.83e-01	3.49e-01	2.37e-01	4.95e-02	5.68e-03	9.08e-04	3.30e-04	7.36e-06	0.00e+00
 3.66809e+22	2.10e-23	4.62e-17	5.12e-12	4.70e-10	2.36e-08	3.77e-07	2.50e-06	2.23e-05	4.46e-03	7.46e-02	2.90e-01	3.48e-01	2.29e-01	4.64e-02	5.18e-03	8.13e-04	2.88e-04	6.22e-06	0.00e+00
 3.69007e+22	3.13e-23	6.64e-17	7.10e-12	6.35e-10	3.11e-08	4.81e-07	3.07e-06	2.64e-05	5.04e-03	8.06e-02	3.01e-01	3.47e-01	2.19e-01	4.24e-02	4.55e-03	6.97e-04	2.39e-04	4.92e-06	0.00e+00
 3.71221e+22	4.26e-23	8.79e-17	9.12e-12	7.99e-10	3.84e-08	5.79e-07	3.59e-06	3.00e-05	5.53e-03	8.55e-02	3.08e-01	3.45e-01	2.11e-01	3.95e-02	4.13e-03	6.20e-04	2.07e-04	4.12e-06	0.00e+00
 3.73457e+22	6.36e-23	1.26e-16	1.26e-11	1.08e-09	5.06e-08	7.41e-07	4.42e-06	3.57e-05	6.25e-03	9.22e-02	3.18e-01	3.43e-01	2.00e-01	3.58e-02	3.60e-03	5.29e-04	1.71e-04	3.22e-06	0.00e+00
 3.75719e+22	8.70e-23	1.68e-16	1.62e-11	1.36e-09	6.26e-08	8.95e-07	5.19e-06	4.08e-05	6.86e-03	9.77e-02	3.26e-01	3.40e-01	1.92e-01	3.32e-02	3.24e-03	4.67e-04	1.47e-04	2.67e-06	0.00e+00
 3.78015e+22	1.30e-22	2.42e-16	2.25e-11	1.85e-09	8.28e-08	1.15e-06	6.42e-06	4.86e-05	7.77e-03	1.05e-01	3.36e-01	3.36e-01	1.81e-01	2.99e-02	2.81e-03	3.94e-04	1.20e-04	2.06e-06	0.00e+00
 3.80230e+22	1.73e-22	3.12e-16	2.82e-11	2.28e-09	1.00e-07	1.36e-06	7.43e-06	5.48e-05	8.46e-03	1.11e-01	3.43e-01	3.33e-01	1.74e-01	2.78e-02	2.54e-03	3.51e-04	1.04e-04	1.73e-06	0.00e+00
 3.82339e+22	2.49e-22	4.33e-16	3.78e-11	3.00e-09	1.30e-07	1.72e-06	9.03e-06	6.46e-05	9.48e-03	1.19e-01	3.51e-01	3.28e-01	1.64e-01	2.51e-02	2.21e-03	2.99e-04	8.53e-05	1.35e-06	0.00e+00
 3.84430e+22	3.27e-22	5.53e-16	4.69e-11	3.67e-09	1.56e-07	2.03e-06	1.04e-05	7.25e-05	1.03e-02	1.25e-01	3.57e-01	3.25e-01	1.58e-01	2.33e-02	2.00e-03	2.66e-04	7.41e-05	1.14e-06	0.00e+00
 3.86496e+22	4.63e-22	7.57e-16	6.19e-11	4.77e-09	2.00e-07	2.53e-06	1.26e-05	8.52e-05	1.15e-02	1.33e-01	3.65e-01	3.19e-01	1.48e-01	2.10e-02	1.74e-03	2.26e-04	6.07e-05	8.88e-07	0.00e+00
 3.88592e+22	6.10e-22	9.68e-16	7.70e-11	5.85e-09	2.42e-07	3.01e-06	1.45e-05	9.62e-05	1.25e-02	1.40e-01	3.71e-01	3.14e-01	1.41e-01	1.93e-02	1.56e-03	1.99e-04	5.22e-05	7.36e-07	0.00e+00
 3.90726e+22	8.67e-22	1.33e-15	1.02e-10	7.63e-09	3.10e-07	3.78e-06	1.77e-05	1.14e-04	1.40e-02	1.49e-01	3.78e-01	3.08e-01	1.32e-01	1.72e-02	1.34e-03	1.67e-04	4.23e-05	5.66e-07	0.00e+00
 3.92898e+22	1.15e-21	1.70e-15	1.26e-10	9.39e-09	3.78e-07	4.51e-06	2.06e-05	1.29e-04	1.53e-02	1.57e-01	3.83e-01	3.02e-01	1.25e-01	1.58e-02	1.19e-03	1.46e-04	3.59e-05	4.62e-07	0.00e+00
 3.95119e+22	1.63e-21	2.33e-15	1.67e-10	1.23e-08	4.87e-07	5.69e-06	2.51e-05	1.53e-04	1.72e-02	1.67e-01	3.89e-01	2.94e-01	1.16e-01	1.40e-02	1.01e-03	1.22e-04	2.87e-05	3.51e-07	0.00e+00
 3.97397e+22	2.17e-21	3.01e-15	2.08e-10	1.52e-08	5.97e-07	6.86e-06	2.95e-05	1.75e-04	1.89e-02	1.76e-01	3.94e-01	2.88e-01	1.09e-01	1.26e-02	8.87e-04	1.05e-04	2.39e-05	2.80e-07	0.00e+00
 3.99750e+22	3.13e-21	4.15e-15	2.75e-10	2.00e-08	7.77e-07	8.75e-06	3.63e-05	2.10e-04	2.13e-02	1.89e-01	4.00e-01	2.78e-01	1.00e-01	1.10e-02	7.43e-04	8.55e-05	1.88e-05	2.08e-07	0.00e+00
 4.02140e+22	4.15e-21	5.33e-15	3.41e-10	2.47e-08	9.56e-07	1.06e-05	4.28e-05	2.42e-04	2.35e-02	1.99e-01	4.03e-01	2.71e-01	9.34e-02	9.84e-03	6.44e-04	7.27e-05	1.54e-05	1.63e-07	0.00e+00
 4.04537e+22	5.88e-21	7.24e-15	4.44e-10	3.22e-08	1.24e-06	1.35e-05	5.27e-05	2.90e-04	2.65e-02	2.12e-01	4.07e-01	2.60e-01	8.52e-02	8.51e-03	5.34e-04	5.89e-05	1.20e-05	1.20e-07	0.00e+00
 4.06953e+22	7.76e-21	9.23e-15	5.47e-10	3.97e-08	1.52e-06	1.63e-05	6.21e-05	3.36e-04	2.92e-02	2.23e-01	4.09e-01	2.52e-01	7.88e-02	7.56e-03	4.59e-04	4.96e-05	9.76e-06	0.00e+00	0.00e+00
 4.09324e+22	1.07e-20	1.22e-14	6.94e-10	5.06e-08	1.93e-06	2.04e-05	7.56e-05	3.99e-04	3.28e-02	2.36e-01	4.11e-01	2.41e-01	7.16e-02	6.53e-03	3.81e-04	4.02e-05	7.59e-06	0.00e+00	0.00e+00
 4.11718e+22	1.40e-20	1.54e-14	8.46e-10	6.20e-08	2.37e-06	2.47e-05	8.92e-05	4.63e-04	3.62e-02	2.48e-01	4.12e-01	2.32e-01	6.58e-02	5.75e-03	3.24e-04	3.36e-05	6.11e-06	0.00e+00	0.00e+00
 4.13804e+22	1.77e-20	1.89e-14	1.00e-09	7.41e-08	2.83e-06	2.92e-05	1.03e-04	5.27e-04	3.94e-02	2.58e-01	4.11e-01	2.24e-01	6.09e-02	5.12e-03	2.80e-04	2.85e-05	5.03e-06	0.00e+00	0.00e+00
 4.16019e+22	2.35e-20	2.42e-14	1.23e-09	9.21e-08	3.52e-06	3.60e-05	1.23e-04	6.20e-04	4.38e-02	2.72e-01	4.11e-01	2.13e-01	5.51e-02	4.41e-03	2.33e-04	2.32e-05	3.93e-06	0.00e+00	0.00e+00
 4.18254e+22	2.96e-20	2.94e-14	1.45e-09	1.09e-07	4.19e-06	4.24e-05	1.42e-04	7.06e-04	4.77e-02	2.83e-01	4.09e-01	2.05e-01	5.07e-02	3.91e-03	2.00e-04	1.96e-05	3.21e-06	0.00e+00	0.00e+00
 4.20243e+22	3.69e-20	3.56e-14	1.70e-09	1.30e-07	4.97e-06	4.99e-05	1.64e-04	8.02e-04	5.18e-02	2.94e-01	4.07e-01	1.96e-01	4.66e-02	3.46e-03	1.72e-04	1.65e-05	2.63e-06	0.00e+00	0.00e+00
 4.22457e+22	4.82e-20	4.46e-14	2.05e-09	1.59e-07	6.11e-06	6.07e-05	1.94e-04	9.39e-04	5.73e-02	3.08e-01	4.03e-01	1.86e-01	4.19e-02	2.97e-03	1.42e-04	1.34e-05	2.04e-06	0.00e+00	0.00e+00
 4.24648e+22	5.95e-20	5.34e-14	2.38e-09	1.86e-07	7.17e-06	7.06e-05	2.21e-04	1.06e-03	6.18e-02	3.18e-01	4.00e-01	1.77e-01	3.85e-02	2.63e-03	1.23e-04	1.13e-05	1.68e-06	0.00e+00	0.00e+00
 4.26870e+22	7.76e-20	6.68e-14	2.86e-09	2.27e-07	8.79e-06	8.58e-05	2.61e-04	1.24e-03	6.83e-02	3.32e-01	3.95e-01	1.67e-01	3.43e-02	2.24e-03	1.01e-04	9.09e-06	1.30e-06	0.00e+00	0.00e+00
 4.29091e+22	9.53e-20	7.96e-14	3.30e-09	2.65e-07	1.03e-05	9.93e-05	2.96e-04	1.39e-03	7.34e-02	3.42e-01	3.90e-01	1.59e-01	3.15e-02	1.99e-03	8.67e-05	7.69e-06	1.07e-06	0.00e+00	0.00e+00
 4.31312e+22	1.24e-19	9.91e-14	3.95e-09	3.22e-07	1.25e-05	1.20e-04	3.47e-04	1.61e-03	8.07e-02	3.55e-01	3.83e-01	1.49e-01	2.80e-02	1.69e-03	7.11e-05	6.17e-06	8.23e-07	0.00e+00	0.00e+00
 4.33544e+22	1.51e-19	1.18e-13	4.55e-09	3.75e-07	1.45e-05	1.38e-04	3.92e-04	1.81e-03	8.65e-02	3.65e-01	3.78e-01	1.42e-01	2.56e-02	1.49e-03	6.11e-05	5.20e-06	6.74e-07	0.00e+00	0.00e+00
 4.35793e+22	1.96e-19	1.46e-13	5.42e-09	4.54e-07	1.76e-05	1.66e-04	4.57e-04	2.09e-03	9.47e-02	3.77e-01	3.69e-01	1.32e-01	2.26e-02	1.26e-03	5.00e-05	4.16e-06	5.19e-07	0.00e+00	0.00e+00
 4.38058e+22	2.41e-19	1.74e-13	6.25e-09	5.28e-07	2.05e-05	1.91e-04	5.14e-04	2.34e-03	1.01e-01	3.86e-01	3.63e-01	1.25e-01	2.06e-02	1.11e-03	4.28e-05	3.49e-06	4.24e-07	0.00e+00	0.00e+00
 4.40345e+22	3.13e-19	2.17e-13	7.48e-09	6.41e-07	2.48e-05	2.28e-04	5.97e-04	2.70e-03	1.10e-01	3.97e-01	3.53e-01	1.16e-01	1.82e-02	9.39e-04	3.49e-05	2.78e-06	3.25e-07	0.00e+00	0.00e+00
 4.42662e+22	3.86e-19	2.60e-13	8.65e-09	7.47e-07	2.88e-05	2.62e-04	6.70e-04	3.01e-03	1.18e-01	4.06e-01	3.46e-01	1.09e-01	1.64e-02	8.22e-04	2.97e-05	2.33e-06	2.64e-07	0.00e+00	0.00e+00
 4.45018e+22	5.06e-19	3.26e-13	1.04e-08	9.09e-07	3.49e-05	3.13e-04	7.77e-04	3.47e-03	1.28e-01	4.16e-01	3.35e-01	1.01e-01	1.44e-02	6.89e-04	2.41e-05	1.84e-06	2.01e-07	0.00e+00	0.00e+00
 4.47412e+22	6.31e-19	3.93e-13	1.21e-08	1.07e-06	4.07e-05	3.60e-04	8.70e-04	3.86e-03	1.36e-01	4.24e-01	3.26e-01	9.48e-02	1.30e-02	6.01e-04	2.04e-05	1.53e-06	1.62e-07	0.00e+00	0.00e+00
 4.49854e+22	8.36e-19	4.98e-13	1.47e-08	1.30e-06	4.94e-05	4.30e-04	1.01e-03	4.44e-03	1.48e-01	4.33e-01	3.15e-01	8.69e-02	1.13e-02	5.00e-04	1.64e-05	1.20e-06	1.22e-07	0.00e+00	0.00e+00
 4.52348e+22	1.06e-18	6.09e-13	1.74e-08	1.54e-06	5.77e-05	4.95e-04	1.13e-03	4.94e-03	1.57e-01	4.39e-01	3.05e-01	8.12e-02	1.01e-02	4.33e-04	1.38e-05	9.88e-07	0.00e+00	0.00e+00	0.00e+00
 4.54910e+22	1.43e-18	7.86e-13	2.14e-08	1.91e-06	7.05e-05	5.93e-04	1.30e-03	5.68e-03	1.70e-01	4.47e-01	2.93e-01	7.39e-02	8.71e-03	3.58e-04	1.10e-05	7.66e-07	0.00e+00	0.00e+00	0.00e+00
 4.57493e+22	1.82e-18	9.68e-13	2.54e-08	2.26e-06	8.24e-05	6.81e-04	1.45e-03	6.30e-03	1.80e-01	4.52e-01	2.83e-01	6.88e-02	7.78e-03	3.09e-04	9.25e-06	6.31e-07	0.00e+00	0.00e+00	0.00e+00
 4.59689e+22	2.29e-18	1.17e-12	2.98e-08	2.65e-06	9.51e-05	7.74e-04	1.61e-03	6.93e-03	1.89e-01	4.56e-01	2.74e-01	6.41e-02	6.98e-03	2.69e-04	7.85e-06	5.25e-07	0.00e+00	0.00e+00	0.00e+00
 4.62130e+22	3.08e-18	1.51e-12	3.67e-08	3.25e-06	1.15e-04	9.13e-04	1.83e-03	7.84e-03	2.02e-01	4.60e-01	2.62e-01	5.85e-02	6.05e-03	2.24e-04	6.33e-06	4.13e-07	0.00e+00	0.00e+00	0.00e+00
 4.64467e+22	3.80e-18	1.81e-12	4.26e-08	3.75e-06	1.30e-04	1.02e-03	2.00e-03	8.51e-03	2.11e-01	4.63e-01	2.54e-01	5.48e-02	5.49e-03	1.98e-04	5.46e-06	3.50e-07	0.00e+00	0.00e+00	0.00e+00
 4.66668e+22	4.98e-18	2.28e-12	5.17e-08	4.51e-06	1.54e-04	1.18e-03	2.23e-03	9.46e-03	2.23e-01	4.65e-01	2.43e-01	5.04e-02	4.82e-03	1.68e-04	4.50e-06	2.83e-07	0.00e+00	0.00e+00	0.00e+00
 4.68900e+22	6.20e-18	2.76e-12	6.05e-08	5.24e-06	1.75e-04	1.32e-03	2.43e-03	1.03e-02	2.33e-01	4.67e-01	2.35e-01	4.71e-02	4.35e-03	1.48e-04	3.87e-06	2.39e-07	0.00e+00	0.00e+00	0.00e+00
 4.71172e+22	8.24e-18	3.52e-12	7.41e-08	6.35e-06	2.08e-04	1.53e-03	2.72e-03	1.14e-02	2.46e-01	4.68e-01	2.24e-01	4.30e-02	3.80e-03	1.25e-04	3.17e-06	1.91e-07	0.00e+00	0.00e+00	0.00e+00
 4.73459e+22	1.03e-17	4.28e-12	8.74e-08	7.39e-06	2.37e-04	1.71e-03	2.96e-03	1.23e-02	2.56e-01	4.68e-01	2.16e-01	4.01e-02	3.43e-03	1.10e-04	2.72e-06	1.61e-07	0.00e+00	0.00e+00	0.00e+00
 4.75763e+22	1.39e-17	5.51e-12	1.08e-07	8.99e-06	2.81e-04	1.98e-03	3.30e-03	1.37e-02	2.69e-01	4.67e-01	2.05e-01	3.65e-02	2.98e-03	9.25e-05	2.22e-06	1.29e-07	0.00e+00	0.00e+00	0.00e+00
 4.78097e+22	1.76e-17	6.76e-12	1.28e-07	1.05e-05	3.21e-04	2.22e-03	3.59e-03	1.48e-02	2.79e-01	4.66e-01	1.97e-01	3.40e-02	2.68e-03	8.11e-05	1.90e-06	0.00e+00	0.00e+00	0.00e+00	0.00e+00
 4.80469e+22	2.39e-17	8.81e-12	1.60e-07	1.29e-05	3.82e-04	2.56e-03	4.00e-03	1.63e-02	2.93e-01	4.64e-01	1.86e-01	3.08e-02	2.32e-03	6.79e-05	1.54e-06	0.00e+00	0.00e+00	0.00e+00	0.00e+00
 4.82878e+22	3.07e-17	1.09e-11	1.93e-07	1.52e-05	4.38e-04	2.88e-03	4.35e-03	1.76e-02	3.04e-01	4.62e-01	1.78e-01	2.85e-02	2.08e-03	5.93e-05	1.31e-06	0.00e+00	0.00e+00	0.00e+00	0.00e+00
 4.85334e+22	4.23e-17	1.45e-11	2.44e-07	1.88e-05	5.23e-04	3.33e-03	4.84e-03	1.95e-02	3.18e-01	4.58e-01	1.68e-01	2.57e-02	1.79e-03	4.93e-05	1.06e-06	0.00e+00	0.00e+00	0.00e+00	0.00e+00
 4.87835e+22	5.50e-17	1.82e-11	2.96e-07	2.23e-05	6.03e-04	3.75e-03	5.27e-03	2.10e-02	3.29e-01	4.55e-01	1.60e-01	2.37e-02	1.59e-03	4.28e-05	8.96e-07	0.00e+00	0.00e+00	0.00e+00	0.00e+00
 4.90394e+22	7.73e-17	2.44e-11	3.79e-07	2.78e-05	7.24e-04	4.36e-03	5.87e-03	2.32e-02	3.43e-01	4.50e-01	1.50e-01	2.12e-02	1.36e-03	3.54e-05	7.15e-07	0.00e+00	0.00e+00	0.00e+00	0.00e+00
 4.93006e+22	1.02e-16	3.10e-11	4.66e-07	3.32e-05	8.40e-04	4.91e-03	6.40e-03	2.50e-02	3.54e-01	4.45e-01	1.43e-01	1.94e-02	1.20e-03	3.05e-05	6.02e-07	0.00e+00	0.00e+00	0.00e+00	0.00e+00
 4.95689e+22	1.46e-16	4.24e-11	6.07e-07	4.19e-05	1.02e-03	5.73e-03	7.14e-03	2.76e-02	3.70e-01	4.38e-01	1.33e-01	1.73e-02	1.02e-03	2.49e-05	4.74e-07	0.00e+00	0.00e+00	0.00e+00	0.00e+00
 4.98381e+22	1.94e-16	5.43e-11	7.48e-07	5.02e-05	1.18e-03	6.45e-03	7.76e-03	2.97e-02	3.80e-01	4.32e-01	1.26e-01	1.58e-02	8.97e-04	2.14e-05	3.97e-07	0.00e+00	0.00e+00	0.00e+00	0.00e+00
 5.01087e+22	2.80e-16	7.47e-11	9.82e-07	6.34e-05	1.42e-03	7.52e-03	8.64e-03	3.27e-02	3.95e-01	4.23e-01	1.17e-01	1.40e-02	7.58e-04	1.75e-05	3.14e-07	0.00e+00	0.00e+00	0.00e+00	0.00e+00
 5.03833e+22	3.74e-16	9.64e-11	1.22e-06	7.64e-05	1.66e-03	8.47e-03	9.39e-03	3.50e-02	4.06e-01	4.16e-01	1.10e-01	1.27e-02	6.65e-04	1.50e-05	2.61e-07	0.00e+00	0.00e+00	0.00e+00	0.00e+00
 5.06216e+22	4.96e-16	1.23e-10	1.50e-06	9.13e-05	1.91e-03	9.49e-03	1.02e-02	3.75e-02	4.16e-01	4.09e-01	1.04e-01	1.16e-02	5.84e-04	1.29e-05	2.18e-07	0.00e+00	0.00e+00	0.00e+00	0.00e+00
 5.08902e+22	7.16e-16	1.70e-10	1.97e-06	1.15e-04	2.30e-03	1.10e-02	1.12e-02	4.09e-02	4.29e-01	3.99e-01	9.63e-02	1.02e-02	4.94e-04	1.05e-05	1.73e-07	0.00e+00	0.00e+00	0.00e+00	0.00e+00
 5.11615e+22	9.54e-16	2.18e-10	2.45e-06	1.38e-04	2.66e-03	1.23e-02	1.21e-02	4.36e-02	4.38e-01	3.91e-01	9.07e-02	9.32e-03	4.34e-04	9.05e-06	1.44e-07	0.00e+00	0.00e+00	0.00e+00	0.00e+00
 5.13880e+22	1.24e-15	2.73e-10	2.96e-06	1.62e-04	3.03e-03	1.36e-02	1.30e-02	4.62e-02	4.46e-01	3.83e-01	8.58e-02	8.54e-03	3.85e-04	7.87e-06	1.22e-07	0.00e+00	0.00e+00	0.00e+00	0.00e+00
 5.16341e+22	1.73e-15	3.66e-10	3.81e-06	2.00e-04	3.58e-03	1.55e-02	1.42e-02	4.98e-02	4.57e-01	3.72e-01	7.95e-02	7.60e-03	3.29e-04	6.54e-06	0.00e+00	0.00e+00	0.00e+00	0.00e+00	0.00e+00
 5.18781e+22	2.23e-15	4.57e-10	4.60e-06	2.35e-04	4.06e-03	1.71e-02	1.52e-02	5.25e-02	4.64e-01	3.65e-01	7.51e-02	6.96e-03	2.92e-04	5.70e-06	0.00e+00	0.00e+00	0.00e+00	0.00e+00	0.00e+00
 5.21195e+22	3.07e-15	6.04e-10	5.84e-06	2.86e-04	4.75e-03	1.93e-02	1.64e-02	5.60e-02	4.73e-01	3.54e-01	6.99e-02	6.23e-03	2.52e-04	4.80e-06	0.00e+00	0.00e+00	0.00e+00	0.00e+00	0.00e+00
 5.23708e+22	4.09e-15	7.76e-10	7.23e-06	3.42e-04	5.46e-03	2.14e-02	1.76e-02	5.94e-02	4.80e-01	3.45e-01	6.53e-02	5.63e-03	2.20e-04	4.09e-06	0.00e+00	0.00e+00	0.00e+00	0.00e+00	0.00e+00
 5.25947e+22	5.31e-15	9.75e-10	8.78e-06	4.02e-04	6.20e-03	2.36e-02	1.88e-02	6.25e-02	4.86e-01	3.36e-01	6.14e-02	5.13e-03	1.94e-04	3.55e-06	0.00e+00	0.00e+00	0.00e+00	0.00e+00	0.00e+00
 5.28451e+22	7.37e-15	1.30e-09	1.12e-05	4.92e-04	7.27e-03	2.66e-02	2.03e-02	6.65e-02	4.93e-01	3.25e-01	5.68e-02	4.56e-03	1.66e-04	2.96e-06	0.00e+00	0.00e+00	0.00e+00	0.00e+00	0.00e+00
 5.31095e+22	9.97e-15	1.69e-09	1.40e-05	5.93e-04	8.40e-03	2.97e-02	2.18e-02	7.03e-02	4.98e-01	3.14e-01	5.27e-02	4.08e-03	1.44e-04	2.50e-06	0.00e+00	0.00e+00	0.00e+00	0.00e+00	0.00e+00
 5.33502e+22	1.32e-14	2.16e-09	1.73e-05	7.04e-04	9.60e-03	3.28e-02	2.33e-02	7.39e-02	5.03e-01	3.04e-01	4.91e-02	3.68e-03	1.25e-04	2.14e-06	0.00e+00	0.00e+00	0.00e+00	0.00e+00	0.00e+00
 5.36213e+22	1.89e-14	2.94e-09	2.25e-05	8.75e-04	1.14e-02	3.72e-02	2.53e-02	7.86e-02	5.07e-01	2.91e-01	4.48e-02	3.22e-03	1.05e-04	1.75e-06	0.00e+00	0.00e+00	0.00e+00	0.00e+00	0.00e+00
 5.39005e+22	2.55e-14	3.83e-09	2.81e-05	1.05e-03	1.31e-02	4.13e-02	2.70e-02	8.27e-02	5.10e-01	2.80e-01	4.13e-02	2.87e-03	9.06e-05	1.47e-06	0.00e+00	0.00e+00	0.00e+00	0.00e+00	0.00e+00
 5.41515e+22	3.42e-14	4.94e-09	3.49e-05	1.25e-03	1.50e-02	4.56e-02	2.88e-02	8.66e-02	5.12e-01	2.70e-01	3.82e-02	2.56e-03	7.82e-05	1.25e-06	0.00e+00	0.00e+00	0.00e+00	0.00e+00	0.00e+00
