#depth	Fe	Fe+	Fe+2	Fe+3	Fe+4	Fe+5	Fe+6	Fe+7	Fe+8	Fe+9	Fe+10	Fe+11	Fe+12	Fe+13	Fe+14	Fe+15	Fe+16	Fe+17	Fe+18	Fe+19	Fe+20	Fe+21	Fe+22	Fe+23	Fe+24	Fe+25	Fe+26
 4.62852e+21	0.00e+00	0.00e+00	0.00e+00	0.00e+00	0.00e+00	0.00e+00	0.00e+00	1.48e-22	2.50e-20	1.39e-18	5.56e-17	1.55e-15	7.02e-14	2.51e-12	9.99e-11	4.81e-09	1.56e-06	4.52e-05	6.74e-04	4.89e-03	2.11e-02	5.11e-02	9.39e-02	1.62e-01	4.42e-01	1.94e-01	3.07e-02
 1.05644e+22	0.00e+00	0.00e+00	0.00e+00	0.00e+00	0.00e+00	0.00e+00	1.56e-22	3.03e-20	3.82e-18	1.75e-16	6.08e-15	1.66e-13	5.07e-12	1.23e-10	3.30e-09	1.07e-07	2.41e-05	4.81e-04	4.92e-03	2.43e-02	7.12e-02	1.17e-01	1.47e-01	1.76e-01	3.45e-01	1.03e-01	1.11e-02
 1.26965e+22	0.00e+00	0.00e+00	0.00e+00	0.00e+00	0.00e+00	1.66e-23	9.94e-21	1.56e-18	1.53e-16	5.38e-15	1.43e-13	3.00e-12	7.02e-11	1.30e-09	2.67e-08	6.66e-07	1.21e-04	1.92e-03	1.54e-02	5.87e-02	1.33e-01	1.69e-01	1.65e-01	1.53e-01	2.44e-01	5.61e-02	4.66e-03
 1.41811e+22	0.00e+00	0.00e+00	0.00e+00	0.00e+00	5.41e-25	6.05e-22	2.97e-19	3.77e-17	2.97e-15	8.37e-14	1.78e-12	2.95e-11	5.47e-10	8.03e-09	1.31e-07	2.60e-06	4.01e-04	5.29e-03	3.47e-02	1.07e-01	1.94e-01	1.98e-01	1.55e-01	1.17e-01	1.57e-01	2.91e-02	1.95e-03
 1.50059e+22	0.00e+00	0.00e+00	0.00e+00	4.11e-28	1.39e-24	1.48e-21	6.88e-19	8.29e-17	6.18e-15	1.64e-13	3.29e-12	5.15e-11	9.01e-10	1.25e-08	1.91e-07	3.58e-06	5.31e-04	6.68e-03	4.17e-02	1.22e-01	2.09e-01	2.02e-01	1.49e-01	1.06e-01	1.38e-01	2.41e-02	1.53e-03
 1.52628e+22	0.00e+00	0.00e+00	3.73e-32	7.94e-28	2.60e-24	2.68e-21	1.21e-18	1.40e-16	1.00e-14	2.57e-13	4.93e-12	7.41e-11	1.25e-09	1.65e-08	2.44e-07	4.38e-06	6.35e-04	7.77e-03	4.69e-02	1.32e-01	2.18e-01	2.03e-01	1.45e-01	9.94e-02	1.25e-01	2.11e-02	1.29e-03
 1.54368e+22	0.00e+00	0.00e+00	5.83e-32	1.21e-27	3.89e-24	3.94e-21	1.73e-18	1.96e-16	1.37e-14	3.42e-13	6.42e-12	9.41e-11	1.54e-09	1.99e-08	2.86e-07	5.02e-06	7.14e-04	8.55e-03	5.05e-02	1.39e-01	2.24e-01	2.03e-01	1.42e-01	9.49e-02	1.18e-01	1.94e-02	1.15e-03
 1.56254e+22	0.00e+00	0.00e+00	1.16e-31	2.33e-27	7.21e-24	7.07e-21	2.99e-18	3.28e-16	2.21e-14	5.30e-13	9.55e-12	1.35e-10	2.12e-09	2.63e-08	3.63e-07	6.13e-06	8.48e-04	9.87e-03	5.64e-02	1.49e-01	2.32e-01	2.03e-01	1.36e-01	8.82e-02	1.06e-01	1.69e-02	9.69e-04
 1.58298e+22	0.00e+00	0.00e+00	2.11e-31	4.13e-27	1.24e-23	1.18e-20	4.86e-18	5.16e-16	3.36e-14	7.79e-13	1.36e-11	1.84e-10	2.80e-09	3.37e-08	4.48e-07	7.29e-06	9.86e-04	1.12e-02	6.20e-02	1.59e-01	2.39e-01	2.02e-01	1.31e-01	8.24e-02	9.69e-02	1.49e-02	8.28e-04
 1.60237e+22	0.00e+00	0.00e+00	4.05e-31	7.66e-27	2.24e-23	2.06e-20	8.18e-18	8.39e-16	5.28e-14	1.18e-12	1.97e-11	2.58e-10	3.77e-09	4.36e-08	5.57e-07	8.74e-06	1.15e-03	1.27e-02	6.84e-02	1.69e-01	2.45e-01	2.00e-01	1.26e-01	7.62e-02	8.74e-02	1.30e-02	6.95e-04
 1.62089e+22	0.00e+00	0.00e+00	7.12e-31	1.31e-26	3.72e-23	3.34e-20	1.29e-17	1.28e-15	7.81e-14	1.69e-12	2.73e-11	3.46e-10	4.89e-09	5.46e-08	6.76e-07	1.03e-05	1.32e-03	1.42e-02	7.43e-02	1.78e-01	2.50e-01	1.98e-01	1.21e-01	7.10e-02	7.96e-02	1.14e-02	5.96e-04
 1.64135e+22	0.00e+00	0.00e+00	1.50e-30	2.65e-26	7.27e-23	6.29e-20	2.33e-17	2.23e-15	1.30e-13	2.69e-12	4.18e-11	5.06e-10	6.84e-09	7.31e-08	8.65e-07	1.26e-05	1.58e-03	1.64e-02	8.26e-02	1.90e-01	2.56e-01	1.95e-01	1.14e-01	6.43e-02	7.02e-02	9.68e-03	4.84e-04
 1.66238e+22	0.00e+00	0.00e+00	2.72e-30	4.69e-26	1.25e-22	1.05e-19	3.76e-17	3.48e-15	1.97e-13	3.93e-12	5.88e-11	6.88e-10	8.98e-09	9.25e-08	1.06e-06	1.48e-05	1.81e-03	1.83e-02	8.97e-02	2.00e-01	2.60e-01	1.91e-01	1.08e-01	5.92e-02	6.31e-02	8.42e-03	4.07e-04
 1.68413e+22	0.00e+00	0.00e+00	5.87e-30	9.72e-26	2.49e-22	2.01e-19	6.94e-17	6.17e-15	3.33e-13	6.36e-12	9.10e-11	1.02e-09	1.27e-08	1.25e-07	1.36e-06	1.81e-05	2.15e-03	2.10e-02	9.92e-02	2.12e-01	2.64e-01	1.86e-01	1.01e-01	5.30e-02	5.48e-02	7.01e-03	3.25e-04
 1.70587e+22	0.00e+00	0.00e+00	1.12e-29	1.79e-25	4.45e-22	3.49e-19	1.16e-16	9.95e-15	5.18e-13	9.52e-12	1.31e-10	1.41e-09	1.68e-08	1.59e-07	1.67e-06	2.15e-05	2.48e-03	2.36e-02	1.08e-01	2.22e-01	2.67e-01	1.81e-01	9.46e-02	4.81e-02	4.85e-02	5.98e-03	2.67e-04
 1.72421e+22	0.00e+00	0.00e+00	2.02e-29	3.14e-25	7.56e-22	5.76e-19	1.85e-16	1.54e-14	7.75e-13	1.38e-11	1.83e-10	1.89e-09	2.18e-08	1.99e-07	2.01e-06	2.50e-05	2.82e-03	2.61e-02	1.16e-01	2.30e-01	2.68e-01	1.76e-01	8.90e-02	4.38e-02	4.33e-02	5.16e-03	2.23e-04
 1.74465e+22	0.00e+00	0.00e+00	4.17e-29	6.24e-25	1.45e-21	1.06e-18	3.30e-16	2.63e-14	1.27e-12	2.16e-11	2.74e-10	2.72e-09	3.00e-08	2.62e-07	2.52e-06	3.00e-05	3.29e-03	2.94e-02	1.26e-01	2.41e-01	2.68e-01	1.69e-01	8.23e-02	3.90e-02	3.74e-02	4.28e-03	1.78e-04
 1.76548e+22	0.00e+00	7.92e-34	7.65e-29	1.11e-24	2.50e-21	1.78e-18	5.34e-16	4.12e-14	1.92e-12	3.14e-11	3.85e-10	3.68e-09	3.91e-08	3.28e-07	3.05e-06	3.49e-05	3.74e-03	3.25e-02	1.35e-01	2.49e-01	2.68e-01	1.63e-01	7.67e-02	3.52e-02	3.30e-02	3.65e-03	1.46e-04
 1.78395e+22	0.00e+00	1.48e-33	1.38e-28	1.94e-24	4.26e-21	2.94e-18	8.54e-16	6.38e-14	2.87e-12	4.53e-11	5.35e-10	4.93e-09	5.05e-08	4.09e-07	3.66e-06	4.04e-05	4.22e-03	3.57e-02	1.44e-01	2.57e-01	2.67e-01	1.57e-01	7.14e-02	3.17e-02	2.91e-02	3.11e-03	1.21e-04
 1.80512e+22	0.00e+00	3.23e-33	2.89e-28	3.91e-24	8.26e-21	5.50e-18	1.53e-15	1.10e-13	4.73e-12	7.15e-11	8.06e-10	7.10e-09	6.95e-08	5.37e-07	4.59e-06	4.84e-05	4.90e-03	4.00e-02	1.55e-01	2.66e-01	2.65e-01	1.49e-01	6.51e-02	2.78e-02	2.48e-02	2.54e-03	9.45e-05
 1.82692e+22	0.00e+00	6.53e-33	5.63e-28	7.35e-24	1.50e-20	9.65e-18	2.59e-15	1.79e-13	7.41e-12	1.07e-10	1.16e-09	9.83e-09	9.23e-08	6.85e-07	5.60e-06	5.67e-05	5.58e-03	4.42e-02	1.66e-01	2.73e-01	2.61e-01	1.42e-01	5.97e-02	2.46e-02	2.14e-02	2.11e-03	7.55e-05
 1.84610e+22	0.00e+00	1.22e-32	1.02e-27	1.29e-23	2.55e-20	1.59e-17	4.14e-15	2.76e-13	1.10e-11	1.54e-10	1.61e-09	1.31e-08	1.19e-07	8.49e-07	6.69e-06	6.53e-05	6.26e-03	4.82e-02	1.75e-01	2.79e-01	2.58e-01	1.35e-01	5.50e-02	2.19e-02	1.87e-02	1.78e-03	6.16e-05
 1.86756e+22	0.00e+00	2.85e-32	2.27e-27	2.75e-23	5.22e-20	3.13e-17	7.78e-15	4.97e-13	1.89e-11	2.52e-10	2.50e-09	1.94e-08	1.66e-07	1.13e-06	8.46e-06	7.86e-05	7.27e-03	5.40e-02	1.89e-01	2.87e-01	2.52e-01	1.26e-01	4.91e-02	1.88e-02	1.55e-02	1.41e-03	4.66e-05
 1.88808e+22	0.00e+00	5.10e-32	3.93e-27	4.63e-23	8.53e-20	4.97e-17	1.20e-14	7.43e-13	2.73e-11	3.52e-10	3.37e-09	2.53e-08	2.10e-07	1.38e-06	9.93e-06	8.92e-05	8.05e-03	5.82e-02	1.98e-01	2.91e-01	2.48e-01	1.20e-01	4.53e-02	1.68e-02	1.36e-02	1.20e-03	3.84e-05
 1.90735e+22	0.00e+00	1.08e-31	8.02e-27	9.08e-23	1.61e-19	9.05e-17	2.10e-14	1.25e-12	4.40e-11	5.42e-10	4.97e-09	3.56e-08	2.82e-07	1.77e-06	1.22e-05	1.05e-04	9.15e-03	6.40e-02	2.10e-01	2.96e-01	2.41e-01	1.12e-01	4.07e-02	1.45e-02	1.15e-02	9.68e-04	2.97e-05
 1.92698e+22	0.00e+00	2.01e-31	1.44e-26	1.58e-22	2.71e-19	1.48e-16	3.32e-14	1.91e-12	6.48e-11	7.71e-10	6.81e-09	4.70e-08	3.59e-07	2.17e-06	1.44e-05	1.19e-04	1.01e-02	6.90e-02	2.19e-01	2.99e-01	2.36e-01	1.06e-01	3.71e-02	1.28e-02	9.93e-03	8.10e-04	2.40e-05
 1.94317e+22	0.00e+00	3.36e-31	2.33e-26	2.49e-22	4.18e-19	2.22e-16	4.85e-14	2.71e-12	8.95e-11	1.03e-09	8.86e-09	5.93e-08	4.39e-07	2.57e-06	1.65e-05	1.33e-04	1.10e-02	7.34e-02	2.28e-01	3.02e-01	2.30e-01	1.00e-01	3.43e-02	1.16e-02	8.79e-03	6.97e-04	2.01e-05
 1.95728e+22	0.00e+00	5.46e-31	3.69e-26	3.84e-22	6.28e-19	3.26e-16	6.94e-14	3.78e-12	1.21e-10	1.36e-09	1.13e-08	7.37e-08	5.30e-07	3.01e-06	1.88e-05	1.46e-04	1.19e-02	7.76e-02	2.35e-01	3.03e-01	2.25e-01	9.56e-02	3.19e-02	1.05e-02	7.83e-03	6.04e-04	1.70e-05
 1.97035e+22	0.00e+00	8.82e-31	5.79e-26	5.89e-22	9.40e-19	4.76e-16	9.88e-14	5.25e-12	1.64e-10	1.78e-09	1.44e-08	9.12e-08	6.37e-07	3.52e-06	2.13e-05	1.61e-04	1.29e-02	8.20e-02	2.43e-01	3.05e-01	2.20e-01	9.09e-02	2.95e-02	9.47e-03	6.97e-03	5.24e-04	1.43e-05
 1.98302e+22	0.00e+00	1.34e-30	8.61e-26	8.56e-22	1.34e-18	6.63e-16	1.35e-13	6.99e-12	2.13e-10	2.26e-09	1.79e-08	1.10e-07	7.49e-07	4.03e-06	2.38e-05	1.76e-04	1.38e-02	8.59e-02	2.49e-01	3.06e-01	2.15e-01	8.69e-02	2.76e-02	8.67e-03	6.29e-03	4.62e-04	1.23e-05
 1.99743e+22	0.00e+00	2.34e-30	1.46e-25	1.41e-21	2.13e-18	1.03e-15	2.03e-13	1.02e-11	3.01e-10	3.10e-09	2.37e-08	1.41e-07	9.28e-07	4.83e-06	2.75e-05	1.96e-04	1.50e-02	9.13e-02	2.58e-01	3.06e-01	2.09e-01	8.17e-02	2.52e-02	7.69e-03	5.48e-03	3.90e-04	1.01e-05
 2.01172e+22	0.00e+00	3.69e-30	2.23e-25	2.11e-21	3.12e-18	1.47e-15	2.83e-13	1.39e-11	3.99e-10	4.00e-09	2.98e-08	1.73e-07	1.10e-06	5.58e-06	3.10e-05	2.15e-04	1.61e-02	9.59e-02	2.64e-01	3.07e-01	2.04e-01	7.76e-02	2.34e-02	6.97e-03	4.89e-03	3.39e-04	8.56e-06
 2.02373e+22	0.00e+00	5.72e-30	3.38e-25	3.11e-21	4.50e-18	2.08e-15	3.90e-13	1.87e-11	5.24e-10	5.12e-09	3.70e-08	2.09e-07	1.30e-06	6.42e-06	3.46e-05	2.34e-04	1.72e-02	1.00e-01	2.71e-01	3.06e-01	1.98e-01	7.38e-02	2.17e-02	6.33e-03	4.38e-03	2.96e-04	7.29e-06
 2.03719e+22	0.00e+00	9.81e-30	5.61e-25	5.02e-21	7.07e-18	3.17e-15	5.80e-13	2.70e-11	7.32e-10	6.92e-09	4.85e-08	2.65e-07	1.60e-06	7.62e-06	3.97e-05	2.60e-04	1.86e-02	1.06e-01	2.79e-01	3.06e-01	1.92e-01	6.92e-02	1.98e-02	5.61e-03	3.82e-03	2.50e-04	5.98e-06
 2.05032e+22	0.00e+00	1.50e-29	8.37e-25	7.32e-21	1.01e-17	4.43e-15	7.91e-13	3.60e-11	9.51e-10	8.78e-09	6.00e-08	3.20e-07	1.88e-06	8.71e-06	4.42e-05	2.82e-04	1.98e-02	1.11e-01	2.85e-01	3.05e-01	1.86e-01	6.58e-02	1.84e-02	5.10e-03	3.42e-03	2.19e-04	5.11e-06
 2.06114e+22	0.00e+00	2.27e-29	1.23e-24	1.06e-20	1.42e-17	6.12e-15	1.07e-12	4.76e-11	1.23e-09	1.11e-08	7.37e-08	3.83e-07	2.19e-06	9.91e-06	4.91e-05	3.05e-04	2.10e-02	1.15e-01	2.91e-01	3.04e-01	1.81e-01	6.25e-02	1.71e-02	4.64e-03	3.07e-03	1.92e-04	4.38e-06
 2.07170e+22	0.00e+00	3.34e-29	1.78e-24	1.49e-20	1.97e-17	8.30e-15	1.42e-12	6.19e-11	1.56e-09	1.37e-08	8.94e-08	4.54e-07	2.54e-06	1.12e-05	5.41e-05	3.28e-04	2.21e-02	1.19e-01	2.96e-01	3.03e-01	1.76e-01	5.95e-02	1.60e-02	4.25e-03	2.77e-03	1.70e-04	3.78e-06
 2.08381e+22	0.00e+00	5.39e-29	2.79e-24	2.28e-20	2.92e-17	1.20e-14	2.01e-12	8.55e-11	2.09e-09	1.79e-08	1.13e-07	5.59e-07	3.03e-06	1.30e-05	6.09e-05	3.59e-04	2.37e-02	1.25e-01	3.02e-01	3.01e-01	1.70e-01	5.60e-02	1.46e-02	3.80e-03	2.45e-03	1.45e-04	3.16e-06
 2.09650e+22	0.00e+00	8.45e-29	4.26e-24	3.39e-20	4.25e-17	1.71e-14	2.79e-12	1.16e-10	2.75e-09	2.30e-08	1.42e-07	6.80e-07	3.59e-06	1.50e-05	6.81e-05	3.91e-04	2.52e-02	1.30e-01	3.08e-01	2.99e-01	1.65e-01	5.28e-02	1.35e-02	3.42e-03	2.17e-03	1.26e-04	2.66e-06
 2.10775e+22	0.00e+00	1.26e-28	6.19e-24	4.82e-20	5.91e-17	2.33e-14	3.72e-12	1.51e-10	3.52e-09	2.86e-08	1.72e-07	8.08e-07	4.16e-06	1.69e-05	7.52e-05	4.21e-04	2.66e-02	1.35e-01	3.13e-01	2.97e-01	1.60e-01	5.00e-02	1.25e-02	3.11e-03	1.95e-03	1.10e-04	2.28e-06
 2.11821e+22	0.00e+00	1.87e-28	9.01e-24	6.86e-20	8.23e-17	3.18e-14	4.97e-12	1.98e-10	4.49e-09	3.57e-08	2.10e-07	9.60e-07	4.82e-06	1.91e-05	8.28e-05	4.52e-04	2.80e-02	1.40e-01	3.18e-01	2.95e-01	1.55e-01	4.74e-02	1.16e-02	2.83e-03	1.75e-03	9.68e-05	1.96e-06
 2.12804e+22	0.00e+00	2.72e-28	1.28e-23	9.52e-20	1.12e-16	4.25e-14	6.50e-12	2.53e-10	5.63e-09	4.38e-08	2.52e-07	1.13e-06	5.53e-06	2.15e-05	9.07e-05	4.84e-04	2.95e-02	1.44e-01	3.23e-01	2.93e-01	1.50e-01	4.51e-02	1.08e-02	2.59e-03	1.58e-03	8.56e-05	1.69e-06
 2.13904e+22	0.00e+00	4.31e-28	1.97e-23	1.43e-19	1.64e-16	6.08e-14	9.08e-12	3.45e-10	7.46e-09	5.66e-08	3.16e-07	1.38e-06	6.56e-06	2.47e-05	1.01e-04	5.26e-04	3.13e-02	1.50e-01	3.28e-01	2.90e-01	1.44e-01	4.22e-02	9.90e-03	2.31e-03	1.39e-03	7.34e-05	1.41e-06
 2.15032e+22	0.00e+00	6.52e-28	2.90e-23	2.06e-19	2.30e-16	8.37e-14	1.22e-11	4.55e-10	9.59e-09	7.10e-08	3.87e-07	1.64e-06	7.64e-06	2.81e-05	1.12e-04	5.67e-04	3.30e-02	1.55e-01	3.33e-01	2.87e-01	1.39e-01	3.98e-02	9.14e-03	2.09e-03	1.24e-03	6.39e-05	1.20e-06
 2.16012e+22	0.00e+00	9.45e-28	4.11e-23	2.86e-19	3.13e-16	1.11e-13	1.60e-11	5.83e-10	1.20e-08	8.71e-08	4.64e-07	1.93e-06	8.76e-06	3.14e-05	1.23e-04	6.06e-04	3.46e-02	1.60e-01	3.37e-01	2.84e-01	1.35e-01	3.78e-02	8.49e-03	1.91e-03	1.12e-03	5.64e-05	1.04e-06
 2.17101e+22	0.00e+00	1.52e-27	6.43e-23	4.34e-19	4.63e-16	1.61e-13	2.25e-11	8.01e-10	1.60e-08	1.13e-07	5.86e-07	2.36e-06	1.04e-05	3.63e-05	1.37e-04	6.59e-04	3.67e-02	1.66e-01	3.42e-01	2.80e-01	1.29e-01	3.52e-02	7.73e-03	1.69e-03	9.78e-04	4.79e-05	8.58e-07
 2.18217e+22	0.00e+00	2.31e-27	9.50e-23	6.27e-19	6.52e-16	2.22e-13	3.04e-11	1.06e-09	2.07e-08	1.42e-07	7.18e-07	2.83e-06	1.22e-05	4.12e-05	1.52e-04	7.10e-04	3.86e-02	1.71e-01	3.46e-01	2.77e-01	1.24e-01	3.31e-02	7.11e-03	1.52e-03	8.69e-04	4.15e-05	7.26e-07
 2.19197e+22	0.00e+00	3.39e-27	1.36e-22	8.79e-19	8.94e-16	2.98e-13	4.01e-11	1.37e-09	2.61e-08	1.76e-07	8.67e-07	3.33e-06	1.40e-05	4.63e-05	1.66e-04	7.59e-04	4.05e-02	1.76e-01	3.49e-01	2.73e-01	1.20e-01	3.12e-02	6.57e-03	1.38e-03	7.78e-04	3.63e-05	6.21e-07
 2.20300e+22	0.00e+00	5.64e-27	2.19e-22	1.37e-18	1.36e-15	4.41e-13	5.76e-11	1.91e-09	3.55e-08	2.32e-07	1.11e-06	4.14e-06	1.68e-05	5.40e-05	1.88e-04	8.30e-04	4.31e-02	1.83e-01	3.54e-01	2.69e-01	1.14e-01	2.89e-02	5.92e-03	1.21e-03	6.71e-04	3.04e-05	5.05e-07
 2.21417e+22	0.00e+00	8.49e-27	3.22e-22	1.96e-18	1.89e-15	6.03e-13	7.72e-11	2.51e-09	4.54e-08	2.90e-07	1.36e-06	4.93e-06	1.96e-05	6.11e-05	2.07e-04	8.91e-04	4.52e-02	1.88e-01	3.57e-01	2.65e-01	1.09e-01	2.71e-02	5.43e-03	1.09e-03	5.96e-04	2.63e-05	4.27e-07
 2.22371e+22	0.00e+00	1.23e-26	4.56e-22	2.72e-18	2.57e-15	8.01e-13	1.01e-10	3.21e-09	5.69e-08	3.56e-07	1.63e-06	5.79e-06	2.24e-05	6.84e-05	2.26e-04	9.50e-04	4.72e-02	1.93e-01	3.60e-01	2.61e-01	1.05e-01	2.55e-02	5.02e-03	9.88e-04	5.34e-04	2.31e-05	3.65e-07
 2.23433e+22	0.00e+00	2.09e-26	7.45e-22	4.31e-18	3.93e-15	1.20e-12	1.46e-10	4.55e-09	7.81e-08	4.74e-07	2.10e-06	7.24e-06	2.71e-05	8.00e-05	2.55e-04	1.04e-03	5.02e-02	2.00e-01	3.64e-01	2.55e-01	9.97e-02	2.34e-02	4.49e-03	8.59e-04	4.57e-04	1.91e-05	2.93e-07
 2.24477e+22	0.00e+00	2.99e-26	1.04e-21	5.90e-18	5.27e-15	1.57e-12	1.89e-10	5.77e-09	9.70e-08	5.77e-07	2.51e-06	8.45e-06	3.09e-05	8.92e-05	2.78e-04	1.11e-03	5.23e-02	2.05e-01	3.66e-01	2.51e-01	9.59e-02	2.21e-02	4.15e-03	7.80e-04	4.10e-04	1.68e-05	2.52e-07
 2.25500e+22	0.00e+00	4.96e-26	1.67e-21	9.17e-18	7.93e-15	2.31e-12	2.71e-10	8.06e-09	1.32e-07	7.62e-07	3.21e-06	1.05e-05	3.72e-05	1.04e-04	3.13e-04	1.20e-03	5.53e-02	2.12e-01	3.69e-01	2.46e-01	9.07e-02	2.03e-02	3.72e-03	6.80e-04	3.51e-04	1.40e-05	2.03e-07
 2.26502e+22	0.00e+00	7.01e-26	2.31e-21	1.24e-17	1.05e-14	3.00e-12	3.46e-10	1.01e-08	1.62e-07	9.20e-07	3.80e-06	1.22e-05	4.22e-05	1.15e-04	3.39e-04	1.28e-03	5.75e-02	2.17e-01	3.71e-01	2.42e-01	8.72e-02	1.92e-02	3.44e-03	6.19e-04	3.16e-04	1.23e-05	1.75e-07
 2.27476e+22	0.00e+00	1.15e-25	3.66e-21	1.90e-17	1.56e-14	4.35e-12	4.91e-10	1.40e-08	2.18e-07	1.21e-06	4.83e-06	1.50e-05	5.05e-05	1.34e-04	3.81e-04	1.39e-03	6.07e-02	2.24e-01	3.74e-01	2.36e-01	8.24e-02	1.76e-02	3.08e-03	5.39e-04	2.71e-04	1.02e-05	1.41e-07
 2.28449e+22	0.00e+00	1.63e-25	5.07e-21	2.58e-17	2.07e-14	5.67e-12	6.29e-10	1.77e-08	2.70e-07	1.46e-06	5.74e-06	1.75e-05	5.74e-05	1.49e-04	4.13e-04	1.48e-03	6.31e-02	2.28e-01	3.75e-01	2.32e-01	7.91e-02	1.65e-02	2.84e-03	4.89e-04	2.43e-04	8.95e-06	0.00e+00
 2.29421e+22	0.00e+00	2.68e-25	8.04e-21	3.95e-17	3.08e-14	8.22e-12	8.92e-10	2.45e-08	3.63e-07	1.92e-06	7.32e-06	2.16e-05	6.89e-05	1.72e-04	4.64e-04	1.60e-03	6.66e-02	2.35e-01	3.77e-01	2.26e-01	7.45e-02	1.51e-02	2.54e-03	4.25e-04	2.08e-04	7.41e-06	0.00e+00
 2.30399e+22	0.00e+00	3.84e-25	1.13e-20	5.40e-17	4.11e-14	1.08e-11	1.15e-09	3.12e-08	4.52e-07	2.34e-06	8.74e-06	2.53e-05	7.86e-05	1.92e-04	5.05e-04	1.71e-03	6.92e-02	2.40e-01	3.78e-01	2.22e-01	7.12e-02	1.42e-02	2.33e-03	3.83e-04	1.85e-04	6.44e-06	0.00e+00
 2.31384e+22	0.00e+00	6.36e-25	1.80e-20	8.33e-17	6.13e-14	1.57e-11	1.64e-09	4.35e-08	6.13e-07	3.09e-06	1.12e-05	3.14e-05	9.47e-05	2.24e-04	5.69e-04	1.86e-03	7.30e-02	2.47e-01	3.80e-01	2.15e-01	6.68e-02	1.29e-02	2.07e-03	3.30e-04	1.57e-04	5.29e-06	0.00e+00
 2.32376e+22	0.00e+00	9.16e-25	2.52e-20	1.14e-16	8.20e-14	2.06e-11	2.12e-09	5.53e-08	7.65e-07	3.78e-06	1.34e-05	3.68e-05	1.08e-04	2.50e-04	6.20e-04	1.98e-03	7.59e-02	2.52e-01	3.80e-01	2.11e-01	6.37e-02	1.20e-02	1.89e-03	2.96e-04	1.39e-04	4.58e-06	0.00e+00
 2.33379e+22	0.00e+00	1.50e-24	3.97e-20	1.74e-16	1.21e-13	2.97e-11	3.00e-09	7.67e-08	1.03e-06	4.97e-06	1.71e-05	4.57e-05	1.30e-04	2.91e-04	6.96e-04	2.15e-03	7.99e-02	2.59e-01	3.81e-01	2.04e-01	5.96e-02	1.10e-02	1.68e-03	2.56e-04	1.18e-04	3.75e-06	0.00e+00
 2.34374e+22	0.00e+00	2.16e-24	5.58e-20	2.38e-16	1.62e-13	3.91e-11	3.88e-09	9.79e-08	1.29e-06	6.10e-06	2.06e-05	5.37e-05	1.49e-04	3.26e-04	7.60e-04	2.29e-03	8.30e-02	2.64e-01	3.81e-01	1.99e-01	5.67e-02	1.02e-02	1.53e-03	2.28e-04	1.04e-04	3.23e-06	0.00e+00
 2.35358e+22	0.00e+00	3.49e-24	8.70e-20	3.59e-16	2.36e-13	5.58e-11	5.44e-09	1.35e-07	1.73e-06	7.98e-06	2.62e-05	6.63e-05	1.79e-04	3.78e-04	8.52e-04	2.49e-03	8.72e-02	2.71e-01	3.81e-01	1.93e-01	5.29e-02	9.24e-03	1.35e-03	1.97e-04	8.80e-05	2.64e-06	0.00e+00
 2.36361e+22	0.00e+00	5.10e-24	1.23e-19	4.96e-16	3.18e-13	7.38e-11	7.10e-09	1.73e-07	2.18e-06	9.88e-06	3.17e-05	7.84e-05	2.06e-04	4.25e-04	9.33e-04	2.65e-03	9.07e-02	2.76e-01	3.81e-01	1.88e-01	5.01e-02	8.55e-03	1.22e-03	1.75e-04	7.70e-05	2.25e-06	0.00e+00
 2.37387e+22	0.00e+00	8.34e-24	1.94e-19	7.53e-16	4.67e-13	1.06e-10	1.00e-08	2.41e-07	2.96e-06	1.31e-05	4.07e-05	9.77e-05	2.48e-04	4.95e-04	1.05e-03	2.89e-03	9.54e-02	2.82e-01	3.81e-01	1.81e-01	4.65e-02	7.70e-03	1.07e-03	1.49e-04	6.45e-05	1.82e-06	0.00e+00
 2.38420e+22	0.00e+00	1.21e-23	2.74e-19	1.03e-15	6.26e-13	1.40e-10	1.31e-08	3.10e-07	3.73e-06	1.62e-05	4.93e-05	1.16e-04	2.87e-04	5.58e-04	1.15e-03	3.09e-03	9.91e-02	2.88e-01	3.80e-01	1.76e-01	4.39e-02	7.10e-03	9.69e-04	1.32e-04	5.62e-05	1.54e-06	0.00e+00
 2.39461e+22	0.00e+00	1.97e-23	4.28e-19	1.56e-15	9.13e-13	1.99e-10	1.84e-08	4.30e-07	5.05e-06	2.14e-05	6.33e-05	1.44e-04	3.46e-04	6.50e-04	1.30e-03	3.37e-03	1.04e-01	2.94e-01	3.79e-01	1.69e-01	4.06e-02	6.37e-03	8.46e-04	1.12e-04	4.68e-05	1.24e-06	0.00e+00
 2.40509e+22	0.00e+00	2.84e-23	5.99e-19	2.12e-15	1.21e-12	2.61e-10	2.38e-08	5.52e-07	6.36e-06	2.64e-05	7.66e-05	1.71e-04	3.99e-04	7.32e-04	1.42e-03	3.60e-03	1.08e-01	2.99e-01	3.77e-01	1.64e-01	3.82e-02	5.85e-03	7.62e-04	9.86e-05	4.07e-05	1.05e-06	0.00e+00
 2.41418e+22	0.00e+00	4.05e-23	8.30e-19	2.87e-15	1.60e-12	3.39e-10	3.07e-08	7.04e-07	7.96e-06	3.25e-05	9.24e-05	2.01e-04	4.59e-04	8.21e-04	1.55e-03	3.84e-03	1.12e-01	3.04e-01	3.76e-01	1.59e-01	3.59e-02	5.38e-03	6.86e-04	8.70e-05	3.54e-05	8.86e-07	0.00e+00
 2.42452e+22	0.00e+00	6.41e-23	1.26e-18	4.21e-15	2.28e-12	4.74e-10	4.25e-08	9.65e-07	1.07e-05	4.27e-05	1.18e-04	2.49e-04	5.50e-04	9.54e-04	1.74e-03	4.17e-03	1.18e-01	3.10e-01	3.73e-01	1.52e-01	3.31e-02	4.81e-03	5.98e-04	7.37e-05	2.94e-05	7.10e-07	0.00e+00
 2.43475e+22	0.00e+00	8.85e-23	1.70e-18	5.53e-15	2.92e-12	6.00e-10	5.34e-08	1.21e-06	1.31e-05	5.16e-05	1.40e-04	2.90e-04	6.26e-04	1.06e-03	1.89e-03	4.43e-03	1.22e-01	3.14e-01	3.71e-01	1.48e-01	3.13e-02	4.44e-03	5.42e-04	6.55e-05	2.58e-05	6.07e-07	0.00e+00
 2.44483e+22	0.00e+00	1.34e-22	2.48e-18	7.83e-15	4.02e-12	8.14e-10	7.19e-08	1.61e-06	1.72e-05	6.62e-05	1.75e-04	3.53e-04	7.40e-04	1.22e-03	2.11e-03	4.79e-03	1.27e-01	3.20e-01	3.68e-01	1.42e-01	2.89e-02	3.99e-03	4.75e-04	5.60e-05	2.17e-05	4.92e-07	0.00e+00
 2.45522e+22	0.00e+00	1.87e-22	3.37e-18	1.04e-14	5.21e-12	1.04e-09	9.15e-08	2.04e-06	2.14e-05	8.11e-05	2.10e-04	4.15e-04	8.49e-04	1.36e-03	2.30e-03	5.11e-03	1.32e-01	3.24e-01	3.66e-01	1.37e-01	2.71e-02	3.65e-03	4.26e-04	4.93e-05	1.88e-05	4.14e-07	0.00e+00
 2.46600e+22	0.00e+00	2.85e-22	4.94e-18	1.47e-14	7.19e-12	1.41e-09	1.24e-07	2.74e-06	2.82e-05	1.05e-04	2.65e-04	5.08e-04	1.01e-03	1.57e-03	2.57e-03	5.54e-03	1.38e-01	3.29e-01	3.62e-01	1.30e-01	2.49e-02	3.26e-03	3.70e-04	4.18e-05	1.56e-05	3.32e-07	0.00e+00
 2.47698e+22	0.00e+00	3.96e-22	6.67e-18	1.93e-14	9.25e-12	1.80e-09	1.57e-07	3.47e-06	3.50e-05	1.28e-04	3.18e-04	5.97e-04	1.16e-03	1.76e-03	2.80e-03	5.91e-03	1.43e-01	3.33e-01	3.59e-01	1.26e-01	2.32e-02	2.97e-03	3.31e-04	3.66e-05	1.35e-05	2.78e-07	0.00e+00
 2.48821e+22	0.00e+00	5.98e-22	9.71e-18	2.73e-14	1.27e-11	2.44e-09	2.12e-07	4.66e-06	4.62e-05	1.66e-04	4.01e-04	7.32e-04	1.38e-03	2.03e-03	3.13e-03	6.41e-03	1.50e-01	3.39e-01	3.54e-01	1.19e-01	2.12e-02	2.64e-03	2.86e-04	3.08e-05	1.11e-05	2.22e-07	0.00e+00
 2.49968e+22	0.00e+00	8.24e-22	1.30e-17	3.56e-14	1.62e-11	3.08e-09	2.68e-07	5.88e-06	5.73e-05	2.03e-04	4.80e-04	8.58e-04	1.57e-03	2.27e-03	3.41e-03	6.83e-03	1.55e-01	3.42e-01	3.50e-01	1.15e-01	1.98e-02	2.40e-03	2.55e-04	2.69e-05	9.56e-06	1.85e-07	0.00e+00
 2.51146e+22	2.27e-34	1.23e-21	1.88e-17	4.98e-14	2.21e-11	4.15e-09	3.61e-07	7.89e-06	7.55e-05	2.62e-04	6.05e-04	1.05e-03	1.87e-03	2.61e-03	3.81e-03	7.42e-03	1.62e-01	3.47e-01	3.44e-01	1.09e-01	1.80e-02	2.12e-03	2.20e-04	2.26e-05	7.86e-06	1.47e-07	0.00e+00
 2.52343e+22	3.26e-34	1.69e-21	2.49e-17	6.45e-14	2.81e-11	5.23e-09	4.54e-07	9.92e-06	9.35e-05	3.20e-04	7.23e-04	1.23e-03	2.13e-03	2.92e-03	4.15e-03	7.90e-03	1.68e-01	3.50e-01	3.40e-01	1.04e-01	1.67e-02	1.92e-03	1.96e-04	1.97e-05	6.74e-06	1.22e-07	0.00e+00
 2.53565e+22	5.17e-34	2.50e-21	3.56e-17	8.94e-14	3.79e-11	6.99e-09	6.09e-07	1.33e-05	1.23e-04	4.12e-04	9.08e-04	1.50e-03	2.53e-03	3.35e-03	4.62e-03	8.57e-03	1.75e-01	3.54e-01	3.33e-01	9.84e-02	1.52e-02	1.69e-03	1.68e-04	1.65e-05	5.52e-06	0.00e+00	0.00e+00
 2.54795e+22	7.31e-34	3.37e-21	4.67e-17	1.14e-13	4.77e-11	8.72e-09	7.60e-07	1.66e-05	1.51e-04	5.00e-04	1.08e-03	1.75e-03	2.87e-03	3.73e-03	5.02e-03	9.12e-03	1.81e-01	3.57e-01	3.28e-01	9.42e-02	1.41e-02	1.53e-03	1.49e-04	1.44e-05	4.74e-06	0.00e+00	0.00e+00
 2.56035e+22	1.13e-33	4.89e-21	6.56e-17	1.56e-13	6.36e-11	1.15e-08	1.01e-06	2.19e-05	1.96e-04	6.37e-04	1.34e-03	2.12e-03	3.38e-03	4.26e-03	5.56e-03	9.85e-03	1.88e-01	3.60e-01	3.21e-01	8.88e-02	1.28e-02	1.35e-03	1.28e-04	1.21e-05	3.90e-06	0.00e+00	0.00e+00
 2.57310e+22	1.61e-33	6.60e-21	8.61e-17	2.00e-13	8.00e-11	1.44e-08	1.26e-06	2.75e-05	2.42e-04	7.75e-04	1.60e-03	2.47e-03	3.85e-03	4.74e-03	6.05e-03	1.05e-02	1.95e-01	3.62e-01	3.15e-01	8.46e-02	1.18e-02	1.22e-03	1.13e-04	1.04e-05	3.32e-06	0.00e+00	0.00e+00
 2.58414e+22	2.20e-33	8.64e-21	1.10e-16	2.50e-13	9.84e-11	1.76e-08	1.55e-06	3.37e-05	2.93e-04	9.25e-04	1.87e-03	2.84e-03	4.32e-03	5.21e-03	6.51e-03	1.11e-02	2.00e-01	3.64e-01	3.10e-01	8.09e-02	1.10e-02	1.11e-03	1.01e-04	9.15e-06	2.87e-06	0.00e+00	0.00e+00
 2.59634e+22	3.29e-33	1.22e-20	1.50e-16	3.32e-13	1.28e-10	2.27e-08	2.01e-06	4.39e-05	3.74e-04	1.16e-03	2.30e-03	3.39e-03	5.03e-03	5.90e-03	7.17e-03	1.19e-02	2.08e-01	3.66e-01	3.02e-01	7.61e-02	9.94e-03	9.75e-04	8.69e-05	7.70e-06	2.37e-06	0.00e+00	0.00e+00
 2.60860e+22	4.44e-33	1.57e-20	1.89e-16	4.12e-13	1.56e-10	2.76e-08	2.44e-06	5.34e-05	4.49e-04	1.38e-03	2.67e-03	3.87e-03	5.61e-03	6.46e-03	7.69e-03	1.26e-02	2.13e-01	3.67e-01	2.96e-01	7.27e-02	9.25e-03	8.88e-04	7.78e-05	6.77e-06	2.05e-06	0.00e+00	0.00e+00
 2.62093e+22	6.53e-33	2.19e-20	2.55e-16	5.41e-13	2.02e-10	3.54e-08	3.15e-06	6.88e-05	5.69e-04	1.71e-03	3.25e-03	4.59e-03	6.48e-03	7.26e-03	8.42e-03	1.35e-02	2.21e-01	3.68e-01	2.88e-01	6.83e-02	8.38e-03	7.82e-04	6.70e-05	5.70e-06	1.70e-06	0.00e+00	0.00e+00
 2.63357e+22	8.86e-33	2.84e-20	3.24e-16	6.73e-13	2.47e-10	4.31e-08	3.85e-06	8.42e-05	6.85e-04	2.04e-03	3.80e-03	5.24e-03	7.25e-03	7.96e-03	9.04e-03	1.42e-02	2.27e-01	3.68e-01	2.81e-01	6.49e-02	7.74e-03	7.07e-04	5.95e-05	4.98e-06	1.46e-06	0.00e+00	0.00e+00
 2.64476e+22	1.19e-32	3.65e-20	4.07e-16	8.29e-13	3.00e-10	5.20e-08	4.67e-06	1.02e-04	8.21e-04	2.41e-03	4.41e-03	5.97e-03	8.07e-03	8.69e-03	9.68e-03	1.50e-02	2.33e-01	3.68e-01	2.75e-01	6.17e-02	7.16e-03	6.40e-04	5.29e-05	4.35e-06	1.26e-06	0.00e+00	0.00e+00
 2.65746e+22	1.73e-32	5.02e-20	5.43e-16	1.08e-12	3.84e-10	6.62e-08	5.99e-06	1.31e-04	1.04e-03	2.99e-03	5.34e-03	7.05e-03	9.28e-03	9.74e-03	1.06e-02	1.60e-02	2.40e-01	3.67e-01	2.66e-01	5.76e-02	6.45e-03	5.61e-04	4.53e-05	3.65e-06	1.03e-06	0.00e+00	0.00e+00
 2.67010e+22	2.27e-32	6.37e-20	6.73e-16	1.32e-12	4.62e-10	7.93e-08	7.20e-06	1.58e-04	1.23e-03	3.49e-03	6.12e-03	7.93e-03	1.02e-02	1.05e-02	1.12e-02	1.67e-02	2.45e-01	3.66e-01	2.59e-01	5.48e-02	5.98e-03	5.10e-04	4.06e-05	3.21e-06	8.97e-07	0.00e+00	0.00e+00
 2.68266e+22	3.25e-32	8.62e-20	8.86e-16	1.69e-12	5.84e-10	9.99e-08	9.13e-06	2.00e-04	1.53e-03	4.28e-03	7.35e-03	9.29e-03	1.17e-02	1.17e-02	1.22e-02	1.78e-02	2.52e-01	3.65e-01	2.50e-01	5.12e-02	5.39e-03	4.48e-04	3.48e-05	2.70e-06	7.40e-07	0.00e+00	0.00e+00
 2.69547e+22	4.29e-32	1.10e-19	1.10e-15	2.07e-12	7.04e-10	1.20e-07	1.10e-05	2.41e-04	1.81e-03	5.00e-03	8.43e-03	1.04e-02	1.29e-02	1.27e-02	1.29e-02	1.86e-02	2.57e-01	3.63e-01	2.43e-01	4.85e-02	4.97e-03	4.05e-04	3.10e-05	2.36e-06	6.39e-07	0.00e+00	0.00e+00
 2.70860e+22	6.13e-32	1.48e-19	1.45e-15	2.66e-12	8.93e-10	1.51e-07	1.40e-05	3.06e-04	2.26e-03	6.14e-03	1.01e-02	1.22e-02	1.46e-02	1.41e-02	1.40e-02	1.97e-02	2.63e-01	3.60e-01	2.34e-01	4.50e-02	4.45e-03	3.53e-04	2.64e-05	1.97e-06	5.23e-07	0.00e+00	0.00e+00
 2.72198e+22	3.87e-32	1.89e-19	1.81e-15	3.26e-12	1.08e-09	1.82e-07	1.69e-05	3.69e-04	2.69e-03	7.18e-03	1.16e-02	1.37e-02	1.61e-02	1.52e-02	1.48e-02	2.06e-02	2.68e-01	3.57e-01	2.26e-01	4.24e-02	4.09e-03	3.18e-04	2.34e-05	1.72e-06	4.49e-07	0.00e+00	0.00e+00
 2.73568e+22	5.54e-32	2.57e-19	2.39e-15	4.20e-12	1.37e-09	2.30e-07	2.15e-05	4.70e-04	3.36e-03	8.80e-03	1.39e-02	1.60e-02	1.83e-02	1.68e-02	1.60e-02	2.17e-02	2.73e-01	3.52e-01	2.16e-01	3.91e-02	3.64e-03	2.75e-04	1.98e-05	1.42e-06	3.65e-07	0.00e+00	0.00e+00
 2.74964e+22	7.36e-32	3.27e-19	2.98e-15	5.15e-12	1.66e-09	2.77e-07	2.59e-05	5.67e-04	3.98e-03	1.03e-02	1.59e-02	1.80e-02	2.01e-02	1.81e-02	1.69e-02	2.26e-02	2.77e-01	3.48e-01	2.08e-01	3.67e-02	3.32e-03	2.46e-04	1.74e-05	1.23e-06	3.11e-07	0.00e+00	0.00e+00
 2.76392e+22	1.05e-31	4.45e-19	3.94e-15	6.66e-12	2.11e-09	3.50e-07	3.31e-05	7.22e-04	4.97e-03	1.26e-02	1.90e-02	2.09e-02	2.27e-02	1.99e-02	1.81e-02	2.38e-02	2.82e-01	3.41e-01	1.98e-01	3.36e-02	2.94e-03	2.12e-04	1.46e-05	1.01e-06	2.51e-07	0.00e+00	0.00e+00
 2.77789e+22	1.37e-31	5.57e-19	4.84e-15	8.05e-12	2.52e-09	4.16e-07	3.93e-05	8.54e-04	5.78e-03	1.44e-02	2.14e-02	2.31e-02	2.46e-02	2.12e-02	1.90e-02	2.46e-02	2.84e-01	3.36e-01	1.90e-01	3.16e-02	2.70e-03	1.91e-04	1.30e-05	8.86e-07	2.17e-07	0.00e+00	0.00e+00
 2.79143e+22	1.90e-31	7.37e-19	6.23e-15	1.01e-11	3.14e-09	5.16e-07	4.91e-05	1.07e-03	7.09e-03	1.74e-02	2.51e-02	2.64e-02	2.74e-02	2.31e-02	2.02e-02	2.57e-02	2.87e-01	3.28e-01	1.80e-01	2.88e-02	2.38e-03	1.64e-04	1.09e-05	7.30e-07	1.75e-07	0.00e+00	0.00e+00
 2.80518e+22	2.47e-31	9.24e-19	7.66e-15	1.23e-11	3.75e-09	6.12e-07	5.83e-05	1.26e-03	8.23e-03	1.99e-02	2.82e-02	2.91e-02	2.96e-02	2.45e-02	2.10e-02	2.64e-02	2.88e-01	3.22e-01	1.72e-01	2.70e-02	2.17e-03	1.47e-04	9.65e-06	6.35e-07	1.50e-07	0.00e+00	0.00e+00
 2.81921e+22	3.42e-31	1.22e-18	9.88e-15	1.55e-11	4.67e-09	7.59e-07	7.26e-05	1.57e-03	1.00e-02	2.37e-02	3.29e-02	3.30e-02	3.28e-02	2.64e-02	2.22e-02	2.74e-02	2.89e-01	3.12e-01	1.62e-01	2.45e-02	1.91e-03	1.26e-04	8.10e-06	5.23e-07	1.22e-07	0.00e+00	0.00e+00
 2.83367e+22	4.48e-31	1.54e-18	1.22e-14	1.89e-11	5.61e-09	9.06e-07	8.69e-05	1.87e-03	1.17e-02	2.73e-02	3.71e-02	3.65e-02	3.54e-02	2.80e-02	2.31e-02	2.81e-02	2.89e-01	3.04e-01	1.54e-01	2.26e-02	1.72e-03	1.11e-04	7.01e-06	4.45e-07	0.00e+00	0.00e+00	0.00e+00
 2.84870e+22	6.28e-31	2.06e-18	1.59e-14	2.40e-11	7.04e-09	1.13e-06	1.09e-04	2.32e-03	1.42e-02	3.25e-02	4.30e-02	4.12e-02	3.89e-02	3.00e-02	2.41e-02	2.89e-02	2.88e-01	2.92e-01	1.43e-01	2.04e-02	1.50e-03	9.46e-05	5.83e-06	3.63e-07	0.00e+00	0.00e+00	0.00e+00
 2.86422e+22	8.33e-31	2.63e-18	1.98e-14	2.94e-11	8.51e-09	1.36e-06	1.31e-04	2.78e-03	1.67e-02	3.75e-02	4.86e-02	4.55e-02	4.20e-02	3.17e-02	2.50e-02	2.94e-02	2.85e-01	2.81e-01	1.34e-01	1.85e-02	1.33e-03	8.20e-05	4.97e-06	3.04e-07	0.00e+00	0.00e+00	0.00e+00
 2.88038e+22	1.18e-30	3.55e-18	2.61e-14	3.79e-11	1.08e-08	1.70e-06	1.64e-04	3.46e-03	2.03e-02	4.45e-02	5.61e-02	5.11e-02	4.59e-02	3.38e-02	2.59e-02	3.00e-02	2.81e-01	2.67e-01	1.23e-01	1.64e-02	1.14e-03	6.85e-05	4.05e-06	2.43e-07	0.00e+00	0.00e+00	0.00e+00
 2.89698e+22	1.58e-30	4.55e-18	3.26e-14	4.65e-11	1.31e-08	2.05e-06	1.98e-04	4.14e-03	2.38e-02	5.12e-02	6.30e-02	5.60e-02	4.91e-02	3.54e-02	2.66e-02	3.03e-02	2.76e-01	2.55e-01	1.14e-01	1.48e-02	9.93e-04	5.85e-05	3.40e-06	2.00e-07	0.00e+00	0.00e+00	0.00e+00
 2.91415e+22	2.25e-30	6.18e-18	4.31e-14	6.00e-11	1.66e-08	2.58e-06	2.48e-04	5.14e-03	2.88e-02	6.04e-02	7.23e-02	6.23e-02	5.31e-02	3.72e-02	2.73e-02	3.05e-02	2.68e-01	2.38e-01	1.03e-01	1.28e-02	8.35e-04	4.79e-05	2.72e-06	1.56e-07	0.00e+00	0.00e+00	0.00e+00
 2.93189e+22	3.03e-30	7.97e-18	5.42e-14	7.41e-11	2.02e-08	3.11e-06	2.99e-04	6.14e-03	3.36e-02	6.91e-02	8.07e-02	6.78e-02	5.64e-02	3.86e-02	2.77e-02	3.04e-02	2.60e-01	2.24e-01	9.36e-02	1.13e-02	7.16e-04	4.02e-05	2.23e-06	1.26e-07	0.00e+00	0.00e+00	0.00e+00
 2.95036e+22	4.38e-30	1.09e-17	7.20e-14	9.60e-11	2.57e-08	3.91e-06	3.75e-04	7.60e-03	4.04e-02	8.10e-02	9.17e-02	7.47e-02	6.02e-02	4.01e-02	2.80e-02	3.01e-02	2.48e-01	2.05e-01	8.27e-02	9.64e-03	5.87e-04	3.20e-05	1.74e-06	0.00e+00	0.00e+00	0.00e+00	0.00e+00
 2.96934e+22	5.91e-30	1.41e-17	9.07e-14	1.19e-10	3.12e-08	4.71e-06	4.50e-04	9.03e-03	4.69e-02	9.19e-02	1.01e-01	8.04e-02	6.32e-02	4.10e-02	2.81e-02	2.97e-02	2.36e-01	1.89e-01	7.38e-02	8.33e-03	4.93e-04	2.63e-05	1.40e-06	0.00e+00	0.00e+00	0.00e+00	0.00e+00
 2.98641e+22	7.90e-30	1.80e-17	1.14e-13	1.45e-10	3.77e-08	5.62e-06	5.35e-04	1.06e-02	5.36e-02	1.03e-01	1.11e-01	8.56e-02	6.56e-02	4.17e-02	2.79e-02	2.90e-02	2.24e-01	1.74e-01	6.59e-02	7.21e-03	4.15e-04	2.16e-05	1.13e-06	0.00e+00	0.00e+00	0.00e+00	0.00e+00
 3.00602e+22	1.13e-29	2.43e-17	1.48e-13	1.85e-10	4.72e-08	6.97e-06	6.63e-04	1.30e-02	6.36e-02	1.19e-01	1.23e-01	9.22e-02	6.83e-02	4.21e-02	2.74e-02	2.79e-02	2.07e-01	1.54e-01	5.59e-02	5.86e-03	3.24e-04	1.64e-05	8.33e-07	0.00e+00	0.00e+00	0.00e+00	0.00e+00
 3.02575e+22	1.49e-29	3.08e-17	1.84e-13	2.25e-10	5.64e-08	8.22e-06	7.77e-04	1.50e-02	7.17e-02	1.31e-01	1.33e-01	9.66e-02	6.99e-02	4.21e-02	2.68e-02	2.68e-02	1.93e-01	1.39e-01	4.91e-02	4.99e-03	2.69e-04	1.33e-05	6.62e-07	0.00e+00	0.00e+00	0.00e+00	0.00e+00
 3.04564e+22	2.10e-29	4.09e-17	2.37e-13	2.83e-10	6.95e-08	1.00e-05	9.44e-04	1.80e-02	8.32e-02	1.47e-01	1.44e-01	1.02e-01	7.12e-02	4.16e-02	2.57e-02	2.53e-02	1.75e-01	1.21e-01	4.08e-02	3.99e-03	2.07e-04	9.93e-06	4.82e-07	0.00e+00	0.00e+00	0.00e+00	0.00e+00
 3.06595e+22	2.75e-29	5.12e-17	2.89e-13	3.39e-10	8.20e-08	1.17e-05	1.10e-03	2.06e-02	9.30e-02	1.61e-01	1.53e-01	1.05e-01	7.16e-02	4.08e-02	2.47e-02	2.39e-02	1.60e-01	1.07e-01	3.49e-02	3.30e-03	1.66e-04	7.78e-06	3.70e-07	0.00e+00	0.00e+00	0.00e+00	0.00e+00
 3.08680e+22	3.83e-29	6.74e-17	3.69e-13	4.21e-10	1.00e-07	1.41e-05	1.32e-03	2.43e-02	1.06e-01	1.78e-01	1.64e-01	1.08e-01	7.14e-02	3.94e-02	2.32e-02	2.19e-02	1.41e-01	9.01e-02	2.82e-02	2.55e-03	1.24e-04	5.63e-06	2.60e-07	0.00e+00	0.00e+00	0.00e+00	0.00e+00
 3.10799e+22	4.95e-29	8.34e-17	4.45e-13	4.98e-10	1.17e-07	1.63e-05	1.52e-03	2.76e-02	1.17e-01	1.91e-01	1.72e-01	1.10e-01	7.06e-02	3.80e-02	2.18e-02	2.03e-02	1.26e-01	7.79e-02	2.36e-02	2.06e-03	9.66e-05	4.29e-06	1.94e-07	0.00e+00	0.00e+00	0.00e+00	0.00e+00
 3.12960e+22	6.78e-29	1.08e-16	5.57e-13	6.08e-10	1.40e-07	1.94e-05	1.80e-03	3.22e-02	1.31e-01	2.08e-01	1.80e-01	1.11e-01	6.88e-02	3.58e-02	2.00e-02	1.82e-02	1.08e-01	6.37e-02	1.84e-02	1.54e-03	6.93e-05	2.98e-06	1.31e-07	0.00e+00	0.00e+00	0.00e+00	0.00e+00
 3.15131e+22	8.62e-29	1.31e-16	6.63e-13	7.09e-10	1.61e-07	2.20e-05	2.04e-03	3.60e-02	1.43e-01	2.21e-01	1.85e-01	1.11e-01	6.69e-02	3.40e-02	1.85e-02	1.67e-02	9.57e-02	5.42e-02	1.51e-02	1.22e-03	5.33e-05	2.24e-06	0.00e+00	0.00e+00	0.00e+00	0.00e+00	0.00e+00
 3.16933e+22	1.06e-28	1.55e-16	7.67e-13	8.07e-10	1.82e-07	2.46e-05	2.27e-03	3.95e-02	1.53e-01	2.31e-01	1.89e-01	1.10e-01	6.48e-02	3.22e-02	1.72e-02	1.53e-02	8.50e-02	4.66e-02	1.26e-02	9.84e-04	4.19e-05	1.72e-06	0.00e+00	0.00e+00	0.00e+00	0.00e+00	0.00e+00
 3.18893e+22	1.36e-28	1.90e-16	9.11e-13	9.39e-10	2.09e-07	2.81e-05	2.59e-03	4.45e-02	1.66e-01	2.44e-01	1.93e-01	1.09e-01	6.18e-02	2.98e-02	1.55e-02	1.35e-02	7.22e-02	3.79e-02	9.82e-03	7.34e-04	3.01e-05	1.20e-06	0.00e+00	0.00e+00	0.00e+00	0.00e+00	0.00e+00
 3.20845e+22	1.64e-28	2.22e-16	1.04e-12	1.06e-09	2.33e-07	3.11e-05	2.86e-03	4.84e-02	1.76e-01	2.53e-01	1.95e-01	1.07e-01	5.93e-02	2.79e-02	1.42e-02	1.23e-02	6.36e-02	3.23e-02	8.11e-03	5.88e-04	2.34e-05	9.15e-07	0.00e+00	0.00e+00	0.00e+00	0.00e+00	0.00e+00
 3.22786e+22	2.06e-28	2.66e-16	1.22e-12	1.21e-09	2.64e-07	3.50e-05	3.23e-03	5.38e-02	1.89e-01	2.63e-01	1.96e-01	1.04e-01	5.57e-02	2.55e-02	1.27e-02	1.08e-02	5.34e-02	2.59e-02	6.24e-03	4.33e-04	1.67e-05	6.31e-07	0.00e+00	0.00e+00	0.00e+00	0.00e+00	0.00e+00
 3.24754e+22	2.46e-28	3.09e-16	1.38e-12	1.35e-09	2.93e-07	3.85e-05	3.54e-03	5.82e-02	1.99e-01	2.71e-01	1.96e-01	1.01e-01	5.29e-02	2.36e-02	1.15e-02	9.66e-03	4.64e-02	2.17e-02	5.07e-03	3.41e-04	1.27e-05	4.72e-07	0.00e+00	0.00e+00	0.00e+00	0.00e+00	0.00e+00
 3.26755e+22	3.05e-28	3.66e-16	1.59e-12	1.54e-09	3.30e-07	4.32e-05	3.97e-03	6.43e-02	2.12e-01	2.80e-01	1.95e-01	9.70e-02	4.90e-02	2.12e-02	1.00e-02	8.33e-03	3.82e-02	1.71e-02	3.82e-03	2.45e-04	8.81e-06	3.16e-07	0.00e+00	0.00e+00	0.00e+00	0.00e+00	0.00e+00
 3.28780e+22	3.61e-28	4.22e-16	1.79e-12	1.71e-09	3.64e-07	4.74e-05	4.35e-03	6.93e-02	2.22e-01	2.85e-01	1.94e-01	9.35e-02	4.60e-02	1.95e-02	9.02e-03	7.40e-03	3.28e-02	1.42e-02	3.05e-03	1.89e-04	6.61e-06	2.32e-07	0.00e+00	0.00e+00	0.00e+00	0.00e+00	0.00e+00
 3.30838e+22	4.42e-28	4.97e-16	2.06e-12	1.93e-09	4.10e-07	5.30e-05	4.86e-03	7.61e-02	2.34e-01	2.92e-01	1.91e-01	8.86e-02	4.20e-02	1.72e-02	7.78e-03	6.30e-03	2.67e-02	1.10e-02	2.26e-03	1.34e-04	4.48e-06	1.52e-07	0.00e+00	0.00e+00	0.00e+00	0.00e+00	0.00e+00
 3.32936e+22	5.18e-28	5.67e-16	2.30e-12	2.13e-09	4.51e-07	5.80e-05	5.31e-03	8.19e-02	2.44e-01	2.96e-01	1.88e-01	8.45e-02	3.89e-02	1.56e-02	6.88e-03	5.52e-03	2.25e-02	8.89e-03	1.76e-03	1.01e-04	3.27e-06	0.00e+00	0.00e+00	0.00e+00	0.00e+00	0.00e+00	0.00e+00
 3.35085e+22	6.26e-28	6.66e-16	2.63e-12	2.41e-09	5.08e-07	6.50e-05	5.94e-03	8.98e-02	2.56e-01	3.01e-01	1.83e-01	7.90e-02	3.51e-02	1.35e-02	5.82e-03	4.62e-03	1.79e-02	6.72e-03	1.27e-03	6.89e-05	2.15e-06	0.00e+00	0.00e+00	0.00e+00	0.00e+00	0.00e+00	0.00e+00
 3.37276e+22	7.28e-28	7.56e-16	2.92e-12	2.65e-09	5.60e-07	7.12e-05	6.50e-03	9.64e-02	2.65e-01	3.04e-01	1.79e-01	7.46e-02	3.21e-02	1.21e-02	5.08e-03	4.00e-03	1.48e-02	5.35e-03	9.73e-04	5.07e-05	1.53e-06	0.00e+00	0.00e+00	0.00e+00	0.00e+00	0.00e+00	0.00e+00
 3.39522e+22	8.71e-28	8.84e-16	3.33e-12	3.00e-09	6.34e-07	8.01e-05	7.28e-03	1.06e-01	2.77e-01	3.06e-01	1.73e-01	6.88e-02	2.84e-02	1.03e-02	4.22e-03	3.29e-03	1.16e-02	3.94e-03	6.81e-04	3.37e-05	9.75e-07	0.00e+00	0.00e+00	0.00e+00	0.00e+00	0.00e+00	0.00e+00
 3.41788e+22	1.00e-27	9.99e-16	3.69e-12	3.30e-09	7.01e-07	8.80e-05	7.95e-03	1.13e-01	2.86e-01	3.07e-01	1.67e-01	6.43e-02	2.58e-02	9.09e-03	3.64e-03	2.82e-03	9.49e-03	3.10e-03	5.14e-04	2.44e-05	6.83e-07	0.00e+00	0.00e+00	0.00e+00	0.00e+00	0.00e+00	0.00e+00
 3.43693e+22	1.13e-27	1.11e-15	4.04e-12	3.60e-09	7.67e-07	9.59e-05	8.61e-03	1.20e-01	2.94e-01	3.07e-01	1.62e-01	6.04e-02	2.35e-02	8.07e-03	3.16e-03	2.44e-03	7.89e-03	2.48e-03	3.96e-04	1.81e-05	4.91e-07	0.00e+00	0.00e+00	0.00e+00	0.00e+00	0.00e+00	0.00e+00
 3.45758e+22	1.30e-27	1.27e-15	4.53e-12	4.02e-09	8.63e-07	1.07e-04	9.53e-03	1.30e-01	3.03e-01	3.06e-01	1.55e-01	5.54e-02	2.07e-02	6.91e-03	2.64e-03	2.02e-03	6.22e-03	1.85e-03	2.82e-04	1.23e-05	3.21e-07	0.00e+00	0.00e+00	0.00e+00	0.00e+00	0.00e+00	0.00e+00
 3.47840e+22	1.45e-27	1.41e-15	4.96e-12	4.41e-09	9.51e-07	1.17e-04	1.03e-02	1.38e-01	3.10e-01	3.05e-01	1.49e-01	5.16e-02	1.87e-02	6.08e-03	2.28e-03	1.74e-03	5.12e-03	1.47e-03	2.15e-04	8.98e-06	2.28e-07	0.00e+00	0.00e+00	0.00e+00	0.00e+00	0.00e+00	0.00e+00
 3.49877e+22	1.65e-27	1.60e-15	5.53e-12	4.92e-09	1.07e-06	1.30e-04	1.14e-02	1.48e-01	3.18e-01	3.02e-01	1.42e-01	4.72e-02	1.65e-02	5.20e-03	1.90e-03	1.44e-03	4.04e-03	1.10e-03	1.54e-04	6.14e-06	1.50e-07	0.00e+00	0.00e+00	0.00e+00	0.00e+00	0.00e+00	0.00e+00
 3.51955e+22	1.83e-27	1.79e-15	6.08e-12	5.43e-09	1.19e-06	1.44e-04	1.24e-02	1.58e-01	3.25e-01	2.99e-01	1.36e-01	4.35e-02	1.48e-02	4.52e-03	1.62e-03	1.23e-03	3.29e-03	8.57e-04	1.15e-04	4.41e-06	0.00e+00	0.00e+00	0.00e+00	0.00e+00	0.00e+00	0.00e+00	0.00e+00
 3.53991e+22	2.04e-27	2.01e-15	6.75e-12	6.06e-09	1.34e-06	1.60e-04	1.35e-02	1.68e-01	3.31e-01	2.95e-01	1.29e-01	3.97e-02	1.30e-02	3.86e-03	1.35e-03	1.02e-03	2.60e-03	6.46e-04	8.33e-05	3.03e-06	0.00e+00	0.00e+00	0.00e+00	0.00e+00	0.00e+00	0.00e+00	0.00e+00
 3.56070e+22	2.25e-27	2.25e-15	7.48e-12	6.76e-09	1.51e-06	1.77e-04	1.47e-02	1.79e-01	3.37e-01	2.91e-01	1.23e-01	3.63e-02	1.15e-02	3.32e-03	1.14e-03	8.57e-04	2.08e-03	4.95e-04	6.11e-05	2.13e-06	0.00e+00	0.00e+00	0.00e+00	0.00e+00	0.00e+00	0.00e+00	0.00e+00
 3.58124e+22	2.49e-27	2.53e-15	8.32e-12	7.58e-09	1.71e-06	1.97e-04	1.61e-02	1.90e-01	3.42e-01	2.86e-01	1.16e-01	3.30e-02	1.01e-02	2.83e-03	9.50e-04	7.13e-04	1.65e-03	3.74e-04	4.43e-05	1.48e-06	0.00e+00	0.00e+00	0.00e+00	0.00e+00	0.00e+00	0.00e+00	0.00e+00
 3.60189e+22	2.75e-27	2.84e-15	9.26e-12	8.51e-09	1.93e-06	2.20e-04	1.75e-02	2.02e-01	3.46e-01	2.80e-01	1.10e-01	3.00e-02	8.88e-03	2.42e-03	7.95e-04	5.94e-04	1.31e-03	2.84e-04	3.23e-05	1.03e-06	0.00e+00	0.00e+00	0.00e+00	0.00e+00	0.00e+00	0.00e+00	0.00e+00
 3.62230e+22	3.03e-27	3.19e-15	1.03e-11	9.58e-09	2.19e-06	2.45e-04	1.91e-02	2.14e-01	3.50e-01	2.74e-01	1.03e-01	2.72e-02	7.79e-03	2.06e-03	6.64e-04	4.95e-04	1.04e-03	2.16e-04	2.35e-05	7.16e-07	0.00e+00	0.00e+00	0.00e+00	0.00e+00	0.00e+00	0.00e+00	0.00e+00
 3.64267e+22	3.34e-27	3.58e-15	1.15e-11	1.08e-08	2.49e-06	2.73e-04	2.07e-02	2.26e-01	3.52e-01	2.68e-01	9.70e-02	2.46e-02	6.82e-03	1.76e-03	5.55e-04	4.12e-04	8.29e-04	1.64e-04	1.71e-05	4.99e-07	0.00e+00	0.00e+00	0.00e+00	0.00e+00	0.00e+00	0.00e+00	0.00e+00
 3.66307e+22	3.69e-27	4.04e-15	1.29e-11	1.23e-08	2.84e-06	3.04e-04	2.25e-02	2.39e-01	3.55e-01	2.61e-01	9.10e-02	2.22e-02	5.96e-03	1.49e-03	4.62e-04	3.42e-04	6.56e-04	1.24e-04	1.24e-05	3.46e-07	0.00e+00	0.00e+00	0.00e+00	0.00e+00	0.00e+00	0.00e+00	0.00e+00
 3.68355e+22	4.09e-27	4.56e-15	1.46e-11	1.40e-08	3.24e-06	3.39e-04	2.44e-02	2.52e-01	3.56e-01	2.54e-01	8.52e-02	2.01e-02	5.20e-03	1.27e-03	3.85e-04	2.83e-04	5.19e-04	9.35e-05	8.98e-06	2.40e-07	0.00e+00	0.00e+00	0.00e+00	0.00e+00	0.00e+00	0.00e+00	0.00e+00
 3.70413e+22	4.55e-27	5.17e-15	1.65e-11	1.60e-08	3.71e-06	3.79e-04	2.65e-02	2.65e-01	3.57e-01	2.46e-01	7.96e-02	1.81e-02	4.53e-03	1.08e-03	3.20e-04	2.34e-04	4.10e-04	7.04e-05	6.49e-06	1.66e-07	0.00e+00	0.00e+00	0.00e+00	0.00e+00	0.00e+00	0.00e+00	0.00e+00
 3.72490e+22	5.10e-27	5.88e-15	1.87e-11	1.84e-08	4.26e-06	4.23e-04	2.87e-02	2.79e-01	3.57e-01	2.39e-01	7.41e-02	1.62e-02	3.94e-03	9.11e-04	2.66e-04	1.93e-04	3.22e-04	5.30e-05	4.68e-06	1.15e-07	0.00e+00	0.00e+00	0.00e+00	0.00e+00	0.00e+00	0.00e+00	0.00e+00
 3.74590e+22	5.76e-27	6.72e-15	2.14e-11	2.12e-08	4.90e-06	4.74e-04	3.11e-02	2.93e-01	3.57e-01	2.30e-01	6.89e-02	1.45e-02	3.41e-03	7.68e-04	2.20e-04	1.58e-04	2.53e-04	3.97e-05	3.36e-06	0.00e+00	0.00e+00	0.00e+00	0.00e+00	0.00e+00	0.00e+00	0.00e+00	0.00e+00
 3.76701e+22	6.56e-27	7.70e-15	2.46e-11	2.46e-08	5.64e-06	5.30e-04	3.36e-02	3.07e-01	3.56e-01	2.22e-01	6.39e-02	1.30e-02	2.96e-03	6.49e-04	1.83e-04	1.30e-04	1.99e-04	2.98e-05	2.42e-06	0.00e+00	0.00e+00	0.00e+00	0.00e+00	0.00e+00	0.00e+00	0.00e+00	0.00e+00
 3.78846e+22	7.55e-27	8.89e-15	2.84e-11	2.87e-08	6.53e-06	5.95e-04	3.64e-02	3.22e-01	3.54e-01	2.14e-01	5.91e-02	1.16e-02	2.55e-03	5.45e-04	1.51e-04	1.06e-04	1.55e-04	2.21e-05	1.72e-06	0.00e+00	0.00e+00	0.00e+00	0.00e+00	0.00e+00	0.00e+00	0.00e+00	0.00e+00
 3.81015e+22	9.93e-27	1.03e-14	3.29e-11	3.35e-08	7.54e-06	6.67e-04	3.93e-02	3.36e-01	3.51e-01	2.05e-01	5.46e-02	1.03e-02	2.20e-03	4.59e-04	1.25e-04	8.69e-05	1.21e-04	1.65e-05	1.24e-06	0.00e+00	0.00e+00	0.00e+00	0.00e+00	0.00e+00	0.00e+00	0.00e+00	0.00e+00
 3.83225e+22	1.17e-26	1.20e-14	3.86e-11	3.95e-08	8.77e-06	7.51e-04	4.25e-02	3.51e-01	3.47e-01	1.96e-01	5.01e-02	9.15e-03	1.88e-03	3.83e-04	1.02e-04	7.04e-05	9.37e-05	1.22e-05	8.73e-07	0.00e+00	0.00e+00	0.00e+00	0.00e+00	0.00e+00	0.00e+00	0.00e+00	0.00e+00
 3.85476e+22	1.40e-26	1.40e-14	4.54e-11	4.66e-08	1.02e-05	8.43e-04	4.59e-02	3.66e-01	3.43e-01	1.87e-01	4.61e-02	8.12e-03	1.62e-03	3.21e-04	8.41e-05	5.72e-05	7.28e-05	9.03e-06	6.20e-07	0.00e+00	0.00e+00	0.00e+00	0.00e+00	0.00e+00	0.00e+00	0.00e+00	0.00e+00
