#depth	Ne	Ne+	Ne+2	Ne+3	Ne+4	Ne+5	Ne+6	Ne+7	Ne+8	Ne+9	Ne+10
 4.62852e+21	0.00e+00	2.85e-29	5.67e-24	1.56e-19	9.70e-16	1.48e-12	8.91e-10	3.29e-07	3.93e-04	3.88e-02	9.61e-01
 1.05644e+22	0.00e+00	8.29e-28	1.13e-22	2.15e-18	9.27e-15	9.78e-12	4.05e-09	1.02e-06	8.36e-04	5.61e-02	9.43e-01
 1.26965e+22	5.21e-33	8.33e-27	8.75e-22	1.29e-17	4.31e-14	3.53e-11	1.12e-08	2.18e-06	1.38e-03	7.15e-02	9.27e-01
 1.41811e+22	4.80e-32	6.08e-26	5.09e-21	5.98e-17	1.61e-13	1.06e-10	2.68e-08	4.13e-06	2.11e-03	8.74e-02	9.10e-01
 1.50059e+22	8.45e-32	1.01e-25	7.96e-21	8.84e-17	2.25e-13	1.40e-10	3.34e-08	4.86e-06	2.35e-03	9.20e-02	9.06e-01
 1.52628e+22	1.25e-31	1.43e-25	1.09e-20	1.16e-16	2.84e-13	1.70e-10	3.89e-08	5.42e-06	2.52e-03	9.51e-02	9.02e-01
 1.54368e+22	1.60e-31	1.78e-25	1.32e-20	1.37e-16	3.29e-13	1.92e-10	4.28e-08	5.82e-06	2.64e-03	9.72e-02	9.00e-01
 1.56254e+22	2.35e-31	2.52e-25	1.79e-20	1.79e-16	4.12e-13	2.32e-10	4.96e-08	6.49e-06	2.83e-03	1.01e-01	8.97e-01
 1.58298e+22	3.29e-31	3.41e-25	2.34e-20	2.26e-16	5.04e-13	2.74e-10	5.66e-08	7.14e-06	3.02e-03	1.04e-01	8.93e-01
 1.60237e+22	4.78e-31	4.76e-25	3.14e-20	2.93e-16	6.28e-13	3.29e-10	6.53e-08	7.93e-06	3.23e-03	1.07e-01	8.90e-01
 1.62089e+22	6.60e-31	6.34e-25	4.05e-20	3.66e-16	7.60e-13	3.85e-10	7.40e-08	8.68e-06	3.43e-03	1.10e-01	8.87e-01
 1.64135e+22	1.01e-30	9.31e-25	5.68e-20	4.91e-16	9.80e-13	4.75e-10	8.73e-08	9.79e-06	3.70e-03	1.14e-01	8.82e-01
 1.66238e+22	1.43e-30	1.27e-24	7.47e-20	6.24e-16	1.20e-12	5.63e-10	9.98e-08	1.08e-05	3.95e-03	1.17e-01	8.79e-01
 1.68413e+22	2.24e-30	1.89e-24	1.06e-19	8.50e-16	1.57e-12	7.02e-10	1.19e-07	1.22e-05	4.28e-03	1.22e-01	8.74e-01
 1.70587e+22	3.28e-30	2.66e-24	1.44e-19	1.11e-15	1.96e-12	8.47e-10	1.37e-07	1.36e-05	4.58e-03	1.26e-01	8.70e-01
 1.72421e+22	4.65e-30	3.64e-24	1.90e-19	1.41e-15	2.41e-12	1.01e-09	1.57e-07	1.50e-05	4.88e-03	1.30e-01	8.66e-01
 1.74465e+22	7.17e-30	5.36e-24	2.67e-19	1.90e-15	3.12e-12	1.24e-09	1.85e-07	1.69e-05	5.27e-03	1.34e-01	8.61e-01
 1.76548e+22	1.03e-29	7.43e-24	3.56e-19	2.44e-15	3.87e-12	1.49e-09	2.13e-07	1.87e-05	5.63e-03	1.38e-01	8.56e-01
 1.78395e+22	1.48e-29	1.02e-23	4.73e-19	3.12e-15	4.78e-12	1.77e-09	2.44e-07	2.07e-05	6.00e-03	1.42e-01	8.52e-01
 1.80512e+22	2.31e-29	1.53e-23	6.73e-19	4.25e-15	6.22e-12	2.21e-09	2.90e-07	2.34e-05	6.49e-03	1.48e-01	8.46e-01
 1.82692e+22	3.47e-29	2.20e-23	9.29e-19	5.62e-15	7.91e-12	2.69e-09	3.39e-07	2.62e-05	6.97e-03	1.52e-01	8.41e-01
 1.84610e+22	4.98e-29	3.04e-23	1.24e-18	7.22e-15	9.80e-12	3.22e-09	3.89e-07	2.89e-05	7.43e-03	1.57e-01	8.36e-01
 1.86756e+22	8.20e-29	4.75e-23	1.84e-18	1.02e-14	1.32e-11	4.10e-09	4.70e-07	3.31e-05	8.11e-03	1.63e-01	8.29e-01
 1.88808e+22	1.15e-28	6.45e-23	2.40e-18	1.29e-14	1.61e-11	4.85e-09	5.35e-07	3.64e-05	8.60e-03	1.67e-01	8.24e-01
 1.90735e+22	1.81e-28	9.62e-23	3.42e-18	1.75e-14	2.09e-11	6.04e-09	6.34e-07	4.11e-05	9.29e-03	1.73e-01	8.17e-01
 1.92698e+22	2.61e-28	1.34e-22	4.58e-18	2.26e-14	2.60e-11	7.22e-09	7.29e-07	4.54e-05	9.90e-03	1.78e-01	8.12e-01
 1.94317e+22	3.54e-28	1.76e-22	5.83e-18	2.79e-14	3.12e-11	8.39e-09	8.19e-07	4.93e-05	1.04e-02	1.82e-01	8.07e-01
 1.95728e+22	4.75e-28	2.29e-22	7.35e-18	3.41e-14	3.70e-11	9.67e-09	9.14e-07	5.33e-05	1.10e-02	1.86e-01	8.03e-01
 1.97035e+22	6.35e-28	2.97e-22	9.25e-18	4.16e-14	4.39e-11	1.11e-08	1.02e-06	5.76e-05	1.15e-02	1.90e-01	7.98e-01
 1.98302e+22	8.18e-28	3.72e-22	1.13e-17	4.96e-14	5.10e-11	1.26e-08	1.12e-06	6.17e-05	1.20e-02	1.94e-01	7.94e-01
 1.99743e+22	1.15e-27	5.04e-22	1.48e-17	6.25e-14	6.22e-11	1.49e-08	1.27e-06	6.76e-05	1.27e-02	1.99e-01	7.88e-01
 2.01172e+22	1.52e-27	6.46e-22	1.84e-17	7.57e-14	7.33e-11	1.70e-08	1.41e-06	7.28e-05	1.33e-02	2.03e-01	7.84e-01
 2.02373e+22	1.99e-27	8.23e-22	2.27e-17	9.11e-14	8.59e-11	1.94e-08	1.56e-06	7.82e-05	1.39e-02	2.07e-01	7.79e-01
 2.03719e+22	2.77e-27	1.11e-21	2.96e-17	1.15e-13	1.04e-10	2.28e-08	1.77e-06	8.54e-05	1.47e-02	2.12e-01	7.73e-01
 2.05032e+22	3.61e-27	1.40e-21	3.64e-17	1.37e-13	1.22e-10	2.59e-08	1.96e-06	9.16e-05	1.54e-02	2.16e-01	7.69e-01
 2.06114e+22	4.67e-27	1.77e-21	4.47e-17	1.64e-13	1.42e-10	2.93e-08	2.15e-06	9.80e-05	1.60e-02	2.20e-01	7.64e-01
 2.07170e+22	5.95e-27	2.20e-21	5.41e-17	1.93e-13	1.63e-10	3.30e-08	2.36e-06	1.04e-04	1.67e-02	2.23e-01	7.60e-01
 2.08381e+22	8.02e-27	2.87e-21	6.84e-17	2.37e-13	1.95e-10	3.81e-08	2.63e-06	1.13e-04	1.75e-02	2.28e-01	7.54e-01
 2.09650e+22	1.07e-26	3.71e-21	8.56e-17	2.88e-13	2.30e-10	4.37e-08	2.92e-06	1.22e-04	1.84e-02	2.33e-01	7.49e-01
 2.10775e+22	1.37e-26	4.64e-21	1.04e-16	3.42e-13	2.66e-10	4.93e-08	3.21e-06	1.30e-04	1.91e-02	2.37e-01	7.44e-01
 2.11821e+22	1.77e-26	5.83e-21	1.28e-16	4.08e-13	3.09e-10	5.57e-08	3.53e-06	1.39e-04	1.99e-02	2.41e-01	7.39e-01
 2.12804e+22	2.24e-26	7.21e-21	1.54e-16	4.80e-13	3.55e-10	6.25e-08	3.85e-06	1.48e-04	2.07e-02	2.44e-01	7.35e-01
 2.13904e+22	3.02e-26	9.40e-21	1.94e-16	5.87e-13	4.22e-10	7.20e-08	4.29e-06	1.59e-04	2.17e-02	2.49e-01	7.29e-01
 2.15032e+22	3.94e-26	1.19e-20	2.40e-16	7.05e-13	4.93e-10	8.19e-08	4.73e-06	1.71e-04	2.26e-02	2.53e-01	7.24e-01
 2.16012e+22	5.01e-26	1.48e-20	2.90e-16	8.31e-13	5.67e-10	9.19e-08	5.17e-06	1.82e-04	2.35e-02	2.57e-01	7.19e-01
 2.17101e+22	6.84e-26	1.96e-20	3.70e-16	1.03e-12	6.79e-10	1.07e-07	5.79e-06	1.97e-04	2.47e-02	2.63e-01	7.13e-01
 2.18217e+22	9.00e-26	2.50e-20	4.59e-16	1.24e-12	7.96e-10	1.22e-07	6.40e-06	2.11e-04	2.57e-02	2.67e-01	7.07e-01
 2.19197e+22	1.16e-25	3.14e-20	5.61e-16	1.47e-12	9.23e-10	1.37e-07	7.03e-06	2.25e-04	2.68e-02	2.71e-01	7.02e-01
 2.20300e+22	1.63e-25	4.25e-20	7.31e-16	1.85e-12	1.12e-09	1.61e-07	7.95e-06	2.45e-04	2.82e-02	2.77e-01	6.95e-01
 2.21417e+22	2.14e-25	5.42e-20	9.07e-16	2.23e-12	1.32e-09	1.84e-07	8.78e-06	2.63e-04	2.94e-02	2.82e-01	6.89e-01
 2.22371e+22	2.74e-25	6.78e-20	1.10e-15	2.64e-12	1.52e-09	2.07e-07	9.61e-06	2.80e-04	3.06e-02	2.86e-01	6.83e-01
 2.23433e+22	3.92e-25	9.35e-20	1.46e-15	3.37e-12	1.87e-09	2.45e-07	1.09e-05	3.06e-04	3.23e-02	2.92e-01	6.76e-01
 2.24477e+22	5.00e-25	1.16e-19	1.77e-15	3.97e-12	2.15e-09	2.75e-07	1.20e-05	3.25e-04	3.35e-02	2.96e-01	6.70e-01
 2.25500e+22	7.10e-25	1.59e-19	2.33e-15	5.04e-12	2.63e-09	3.25e-07	1.36e-05	3.55e-04	3.53e-02	3.02e-01	6.62e-01
 2.26502e+22	8.99e-25	1.96e-19	2.80e-15	5.91e-12	3.02e-09	3.64e-07	1.48e-05	3.77e-04	3.66e-02	3.06e-01	6.57e-01
 2.27476e+22	1.27e-24	2.68e-19	3.68e-15	7.48e-12	3.69e-09	4.29e-07	1.68e-05	4.11e-04	3.85e-02	3.12e-01	6.49e-01
 2.28449e+22	1.62e-24	3.33e-19	4.45e-15	8.82e-12	4.24e-09	4.82e-07	1.83e-05	4.37e-04	4.00e-02	3.17e-01	6.43e-01
 2.29421e+22	2.31e-24	4.57e-19	5.88e-15	1.12e-11	5.20e-09	5.70e-07	2.08e-05	4.77e-04	4.21e-02	3.23e-01	6.35e-01
 2.30399e+22	2.98e-24	5.75e-19	7.18e-15	1.33e-11	6.03e-09	6.43e-07	2.28e-05	5.08e-04	4.38e-02	3.27e-01	6.28e-01
 2.31384e+22	4.30e-24	7.97e-19	9.57e-15	1.70e-11	7.44e-09	7.65e-07	2.61e-05	5.57e-04	4.62e-02	3.34e-01	6.19e-01
 2.32376e+22	5.58e-24	1.01e-18	1.17e-14	2.04e-11	8.65e-09	8.67e-07	2.87e-05	5.95e-04	4.81e-02	3.38e-01	6.13e-01
 2.33379e+22	8.01e-24	1.39e-18	1.56e-14	2.60e-11	1.07e-08	1.03e-06	3.27e-05	6.51e-04	5.07e-02	3.45e-01	6.04e-01
 2.34374e+22	1.05e-23	1.77e-18	1.93e-14	3.12e-11	1.25e-08	1.17e-06	3.61e-05	6.96e-04	5.28e-02	3.50e-01	5.97e-01
 2.35358e+22	1.50e-23	2.45e-18	2.55e-14	3.97e-11	1.53e-08	1.39e-06	4.11e-05	7.62e-04	5.57e-02	3.56e-01	5.87e-01
 2.36361e+22	2.00e-23	3.16e-18	3.20e-14	4.82e-11	1.81e-08	1.60e-06	4.57e-05	8.19e-04	5.81e-02	3.61e-01	5.80e-01
 2.37387e+22	2.91e-23	4.42e-18	4.29e-14	6.21e-11	2.24e-08	1.91e-06	5.24e-05	8.99e-04	6.14e-02	3.68e-01	5.70e-01
 2.38420e+22	3.88e-23	5.72e-18	5.38e-14	7.55e-11	2.65e-08	2.19e-06	5.83e-05	9.68e-04	6.41e-02	3.73e-01	5.62e-01
 2.39461e+22	5.66e-23	8.03e-18	7.24e-14	9.75e-11	3.30e-08	2.63e-06	6.71e-05	1.06e-03	6.78e-02	3.80e-01	5.51e-01
 2.40509e+22	7.54e-23	1.04e-17	9.08e-14	1.19e-10	3.90e-08	3.03e-06	7.47e-05	1.15e-03	7.07e-02	3.85e-01	5.43e-01
 2.41418e+22	1.00e-22	1.34e-17	1.13e-13	1.44e-10	4.60e-08	3.47e-06	8.31e-05	1.23e-03	7.38e-02	3.90e-01	5.35e-01
 2.42452e+22	1.45e-22	1.87e-17	1.52e-13	1.85e-10	5.72e-08	4.16e-06	9.56e-05	1.36e-03	7.80e-02	3.97e-01	5.24e-01
 2.43475e+22	1.88e-22	2.36e-17	1.86e-13	2.20e-10	6.65e-08	4.73e-06	1.05e-04	1.45e-03	8.10e-02	4.01e-01	5.16e-01
 2.44483e+22	2.64e-22	3.20e-17	2.44e-13	2.78e-10	8.12e-08	5.59e-06	1.20e-04	1.58e-03	8.53e-02	4.07e-01	5.06e-01
 2.45522e+22	3.48e-22	4.11e-17	3.03e-13	3.36e-10	9.56e-08	6.40e-06	1.33e-04	1.70e-03	8.89e-02	4.12e-01	4.97e-01
 2.46600e+22	4.94e-22	5.63e-17	4.00e-13	4.26e-10	1.18e-07	7.62e-06	1.53e-04	1.86e-03	9.36e-02	4.18e-01	4.86e-01
 2.47698e+22	6.51e-22	7.21e-17	4.98e-13	5.15e-10	1.38e-07	8.74e-06	1.70e-04	2.00e-03	9.76e-02	4.23e-01	4.77e-01
 2.48821e+22	9.24e-22	9.90e-17	6.57e-13	6.55e-10	1.70e-07	1.04e-05	1.95e-04	2.20e-03	1.03e-01	4.29e-01	4.66e-01
 2.49968e+22	1.21e-21	1.26e-16	8.16e-13	7.89e-10	2.00e-07	1.19e-05	2.16e-04	2.36e-03	1.07e-01	4.33e-01	4.57e-01
 2.51146e+22	1.72e-21	1.73e-16	1.08e-12	1.00e-09	2.46e-07	1.42e-05	2.48e-04	2.59e-03	1.13e-01	4.39e-01	4.45e-01
 2.52343e+22	2.24e-21	2.20e-16	1.33e-12	1.21e-09	2.89e-07	1.63e-05	2.76e-04	2.79e-03	1.18e-01	4.43e-01	4.36e-01
 2.53565e+22	3.15e-21	3.00e-16	1.75e-12	1.53e-09	3.55e-07	1.94e-05	3.16e-04	3.06e-03	1.24e-01	4.48e-01	4.24e-01
 2.54795e+22	4.08e-21	3.78e-16	2.15e-12	1.83e-09	4.15e-07	2.21e-05	3.50e-04	3.28e-03	1.29e-01	4.52e-01	4.16e-01
 2.56035e+22	5.64e-21	5.07e-16	2.78e-12	2.29e-09	5.05e-07	2.60e-05	3.99e-04	3.58e-03	1.35e-01	4.57e-01	4.04e-01
 2.57310e+22	7.32e-21	6.42e-16	3.43e-12	2.74e-09	5.91e-07	2.98e-05	4.43e-04	3.84e-03	1.40e-01	4.60e-01	3.95e-01
 2.58414e+22	9.26e-21	7.94e-16	4.14e-12	3.23e-09	6.82e-07	3.36e-05	4.86e-04	4.09e-03	1.45e-01	4.63e-01	3.87e-01
 2.59634e+22	1.25e-20	1.05e-15	5.29e-12	4.00e-09	8.21e-07	3.93e-05	5.50e-04	4.45e-03	1.52e-01	4.67e-01	3.76e-01
 2.60860e+22	1.57e-20	1.28e-15	6.32e-12	4.67e-09	9.39e-07	4.40e-05	6.02e-04	4.73e-03	1.57e-01	4.70e-01	3.68e-01
 2.62093e+22	2.09e-20	1.66e-15	7.99e-12	5.72e-09	1.12e-06	5.12e-05	6.77e-04	5.12e-03	1.64e-01	4.73e-01	3.57e-01
 2.63357e+22	2.63e-20	2.04e-15	9.60e-12	6.71e-09	1.29e-06	5.76e-05	7.43e-04	5.45e-03	1.70e-01	4.75e-01	3.49e-01
 2.64476e+22	3.27e-20	2.49e-15	1.15e-11	7.84e-09	1.48e-06	6.46e-05	8.12e-04	5.79e-03	1.75e-01	4.77e-01	3.41e-01
 2.65746e+22	4.35e-20	3.23e-15	1.44e-11	9.58e-09	1.76e-06	7.50e-05	9.13e-04	6.27e-03	1.83e-01	4.79e-01	3.30e-01
 2.67010e+22	5.32e-20	3.88e-15	1.70e-11	1.10e-08	1.99e-06	8.32e-05	9.91e-04	6.62e-03	1.88e-01	4.81e-01	3.23e-01
 2.68266e+22	6.96e-20	4.96e-15	2.12e-11	1.34e-08	2.35e-06	9.59e-05	1.11e-03	7.14e-03	1.96e-01	4.83e-01	3.13e-01
 2.69547e+22	8.54e-20	5.97e-15	2.50e-11	1.54e-08	2.67e-06	1.07e-04	1.20e-03	7.55e-03	2.01e-01	4.84e-01	3.06e-01
 2.70860e+22	1.12e-19	7.63e-15	3.11e-11	1.87e-08	3.15e-06	1.23e-04	1.35e-03	8.14e-03	2.09e-01	4.85e-01	2.96e-01
 2.72198e+22	1.37e-19	9.20e-15	3.68e-11	2.16e-08	3.58e-06	1.37e-04	1.46e-03	8.61e-03	2.15e-01	4.86e-01	2.88e-01
 2.73568e+22	1.80e-19	1.18e-14	4.58e-11	2.62e-08	4.24e-06	1.58e-04	1.64e-03	9.28e-03	2.24e-01	4.86e-01	2.79e-01
 2.74964e+22	2.21e-19	1.42e-14	5.42e-11	3.04e-08	4.81e-06	1.76e-04	1.78e-03	9.81e-03	2.30e-01	4.87e-01	2.71e-01
 2.76392e+22	2.90e-19	1.82e-14	6.76e-11	3.68e-08	5.70e-06	2.02e-04	1.99e-03	1.06e-02	2.39e-01	4.87e-01	2.61e-01
 2.77789e+22	3.48e-19	2.15e-14	7.86e-11	4.20e-08	6.38e-06	2.23e-04	2.14e-03	1.11e-02	2.45e-01	4.87e-01	2.55e-01
 2.79143e+22	4.48e-19	2.71e-14	9.66e-11	5.03e-08	7.47e-06	2.54e-04	2.38e-03	1.19e-02	2.54e-01	4.86e-01	2.46e-01
 2.80518e+22	5.39e-19	3.21e-14	1.12e-10	5.73e-08	8.37e-06	2.80e-04	2.56e-03	1.25e-02	2.60e-01	4.85e-01	2.39e-01
 2.81921e+22	6.89e-19	4.01e-14	1.37e-10	6.83e-08	9.76e-06	3.18e-04	2.84e-03	1.34e-02	2.68e-01	4.84e-01	2.31e-01
 2.83367e+22	8.42e-19	4.82e-14	1.62e-10	7.88e-08	1.10e-05	3.53e-04	3.07e-03	1.41e-02	2.75e-01	4.83e-01	2.24e-01
 2.84870e+22	1.08e-18	6.05e-14	1.98e-10	9.41e-08	1.29e-05	4.02e-04	3.40e-03	1.51e-02	2.84e-01	4.81e-01	2.16e-01
 2.86422e+22	1.33e-18	7.33e-14	2.36e-10	1.09e-07	1.47e-05	4.49e-04	3.70e-03	1.59e-02	2.92e-01	4.80e-01	2.08e-01
 2.88038e+22	1.73e-18	9.29e-14	2.91e-10	1.31e-07	1.72e-05	5.13e-04	4.10e-03	1.71e-02	3.01e-01	4.77e-01	2.00e-01
 2.89698e+22	2.14e-18	1.13e-13	3.48e-10	1.53e-07	1.97e-05	5.73e-04	4.47e-03	1.81e-02	3.09e-01	4.75e-01	1.93e-01
 2.91415e+22	2.80e-18	1.44e-13	4.32e-10	1.85e-07	2.32e-05	6.57e-04	4.97e-03	1.93e-02	3.19e-01	4.71e-01	1.84e-01
 2.93189e+22	3.51e-18	1.77e-13	5.20e-10	2.18e-07	2.66e-05	7.38e-04	5.43e-03	2.05e-02	3.27e-01	4.68e-01	1.77e-01
 2.95036e+22	4.64e-18	2.29e-13	6.53e-10	2.66e-07	3.16e-05	8.50e-04	6.06e-03	2.20e-02	3.38e-01	4.64e-01	1.69e-01
 2.96934e+22	5.86e-18	2.83e-13	7.91e-10	3.14e-07	3.65e-05	9.58e-04	6.64e-03	2.33e-02	3.47e-01	4.60e-01	1.62e-01
 2.98641e+22	7.34e-18	3.48e-13	9.49e-10	3.67e-07	4.18e-05	1.07e-03	7.23e-03	2.47e-02	3.55e-01	4.56e-01	1.56e-01
 3.00602e+22	9.84e-18	4.55e-13	1.21e-09	4.53e-07	5.01e-05	1.25e-03	8.12e-03	2.66e-02	3.66e-01	4.51e-01	1.47e-01
 3.02575e+22	1.23e-17	5.57e-13	1.45e-09	5.30e-07	5.73e-05	1.39e-03	8.83e-03	2.80e-02	3.75e-01	4.46e-01	1.41e-01
 3.04564e+22	1.64e-17	7.25e-13	1.83e-09	6.50e-07	6.84e-05	1.61e-03	9.87e-03	3.01e-02	3.86e-01	4.40e-01	1.33e-01
 3.06595e+22	2.07e-17	8.96e-13	2.22e-09	7.67e-07	7.88e-05	1.81e-03	1.08e-02	3.19e-02	3.95e-01	4.34e-01	1.27e-01
 3.08680e+22	2.77e-17	1.17e-12	2.82e-09	9.46e-07	9.44e-05	2.10e-03	1.21e-02	3.42e-02	4.06e-01	4.27e-01	1.19e-01
 3.10799e+22	3.51e-17	1.45e-12	3.42e-09	1.12e-06	1.09e-04	2.37e-03	1.32e-02	3.63e-02	4.15e-01	4.20e-01	1.13e-01
 3.12960e+22	4.73e-17	1.91e-12	4.38e-09	1.39e-06	1.32e-04	2.77e-03	1.49e-02	3.90e-02	4.26e-01	4.11e-01	1.05e-01
 3.15131e+22	5.95e-17	2.36e-12	5.30e-09	1.64e-06	1.52e-04	3.12e-03	1.63e-02	4.13e-02	4.35e-01	4.04e-01	1.00e-01
 3.16933e+22	7.29e-17	2.85e-12	6.27e-09	1.90e-06	1.72e-04	3.46e-03	1.76e-02	4.34e-02	4.43e-01	3.98e-01	9.51e-02
 3.18893e+22	9.44e-17	3.62e-12	7.80e-09	2.30e-06	2.03e-04	3.98e-03	1.96e-02	4.63e-02	4.53e-01	3.89e-01	8.88e-02
 3.20845e+22	1.15e-16	4.34e-12	9.18e-09	2.65e-06	2.30e-04	4.41e-03	2.12e-02	4.86e-02	4.60e-01	3.82e-01	8.44e-02
 3.22786e+22	1.47e-16	5.46e-12	1.13e-08	3.18e-06	2.70e-04	5.05e-03	2.35e-02	5.18e-02	4.69e-01	3.72e-01	7.86e-02
 3.24754e+22	1.78e-16	6.54e-12	1.33e-08	3.67e-06	3.06e-04	5.60e-03	2.54e-02	5.43e-02	4.76e-01	3.64e-01	7.43e-02
 3.26755e+22	2.27e-16	8.22e-12	1.65e-08	4.42e-06	3.61e-04	6.43e-03	2.82e-02	5.80e-02	4.85e-01	3.53e-01	6.87e-02
 3.28780e+22	2.75e-16	9.83e-12	1.94e-08	5.10e-06	4.09e-04	7.15e-03	3.05e-02	6.08e-02	4.91e-01	3.45e-01	6.47e-02
 3.30838e+22	3.48e-16	1.23e-11	2.39e-08	6.14e-06	4.82e-04	8.20e-03	3.39e-02	6.49e-02	4.99e-01	3.34e-01	5.95e-02
 3.32936e+22	4.18e-16	1.47e-11	2.81e-08	7.09e-06	5.48e-04	9.15e-03	3.68e-02	6.82e-02	5.05e-01	3.24e-01	5.56e-02
 3.35085e+22	5.25e-16	1.83e-11	3.46e-08	8.53e-06	6.47e-04	1.05e-02	4.10e-02	7.28e-02	5.13e-01	3.12e-01	5.07e-02
 3.37276e+22	6.26e-16	2.17e-11	4.07e-08	9.87e-06	7.37e-04	1.18e-02	4.46e-02	7.66e-02	5.18e-01	3.02e-01	4.70e-02
 3.39522e+22	7.76e-16	2.68e-11	4.98e-08	1.19e-05	8.70e-04	1.36e-02	4.97e-02	8.18e-02	5.24e-01	2.88e-01	4.24e-02
 3.41788e+22	9.11e-16	3.15e-11	5.82e-08	1.36e-05	9.89e-04	1.52e-02	5.40e-02	8.59e-02	5.27e-01	2.77e-01	3.91e-02
 3.43693e+22	1.04e-15	3.62e-11	6.67e-08	1.55e-05	1.11e-03	1.67e-02	5.82e-02	8.99e-02	5.30e-01	2.68e-01	3.62e-02
 3.45758e+22	1.23e-15	4.28e-11	7.88e-08	1.80e-05	1.28e-03	1.89e-02	6.39e-02	9.51e-02	5.33e-01	2.55e-01	3.27e-02
 3.47840e+22	1.38e-15	4.86e-11	8.96e-08	2.03e-05	1.43e-03	2.09e-02	6.88e-02	9.93e-02	5.35e-01	2.45e-01	3.01e-02
 3.49877e+22	1.58e-15	5.60e-11	1.04e-07	2.33e-05	1.63e-03	2.34e-02	7.49e-02	1.05e-01	5.36e-01	2.33e-01	2.72e-02
 3.51955e+22	1.75e-15	6.30e-11	1.17e-07	2.62e-05	1.82e-03	2.57e-02	8.05e-02	1.09e-01	5.36e-01	2.22e-01	2.48e-02
 3.53991e+22	1.94e-15	7.10e-11	1.34e-07	2.97e-05	2.05e-03	2.86e-02	8.71e-02	1.14e-01	5.35e-01	2.11e-01	2.24e-02
 3.56070e+22	2.12e-15	7.90e-11	1.50e-07	3.33e-05	2.29e-03	3.15e-02	9.35e-02	1.19e-01	5.33e-01	2.00e-01	2.03e-02
 3.58124e+22	2.29e-15	8.75e-11	1.69e-07	3.73e-05	2.55e-03	3.47e-02	1.00e-01	1.24e-01	5.30e-01	1.90e-01	1.83e-02
 3.60189e+22	2.44e-15	9.60e-11	1.88e-07	4.16e-05	2.84e-03	3.80e-02	1.07e-01	1.29e-01	5.26e-01	1.79e-01	1.65e-02
 3.62230e+22	2.59e-15	1.05e-10	2.09e-07	4.63e-05	3.15e-03	4.16e-02	1.15e-01	1.35e-01	5.22e-01	1.69e-01	1.48e-02
 3.64267e+22	2.72e-15	1.13e-10	2.31e-07	5.13e-05	3.48e-03	4.54e-02	1.22e-01	1.39e-01	5.17e-01	1.60e-01	1.33e-02
 3.66307e+22	2.83e-15	1.22e-10	2.55e-07	5.68e-05	3.85e-03	4.94e-02	1.29e-01	1.44e-01	5.11e-01	1.50e-01	1.19e-02
 3.68355e+22	2.93e-15	1.31e-10	2.80e-07	6.27e-05	4.25e-03	5.37e-02	1.37e-01	1.49e-01	5.04e-01	1.41e-01	1.07e-02
 3.70413e+22	3.02e-15	1.41e-10	3.08e-07	6.94e-05	4.68e-03	5.83e-02	1.45e-01	1.54e-01	4.96e-01	1.32e-01	9.55e-03
 3.72490e+22	3.10e-15	1.51e-10	3.39e-07	7.67e-05	5.16e-03	6.32e-02	1.53e-01	1.59e-01	4.88e-01	1.24e-01	8.51e-03
 3.74590e+22	3.18e-15	1.61e-10	3.73e-07	8.49e-05	5.69e-03	6.84e-02	1.61e-01	1.63e-01	4.79e-01	1.16e-01	7.57e-03
 3.76701e+22	3.24e-15	1.72e-10	4.11e-07	9.40e-05	6.26e-03	7.38e-02	1.69e-01	1.68e-01	4.69e-01	1.08e-01	6.73e-03
 3.78846e+22	3.31e-15	1.84e-10	4.54e-07	1.04e-04	6.91e-03	7.98e-02	1.77e-01	1.72e-01	4.58e-01	1.00e-01	5.94e-03
 3.81015e+22	3.38e-15	1.98e-10	5.01e-07	1.16e-04	7.62e-03	8.60e-02	1.85e-01	1.76e-01	4.47e-01	9.32e-02	5.26e-03
 3.83225e+22	3.46e-15	2.13e-10	5.58e-07	1.30e-04	8.43e-03	9.29e-02	1.93e-01	1.80e-01	4.35e-01	8.61e-02	4.62e-03
 3.85476e+22	3.55e-15	2.30e-10	6.22e-07	1.45e-04	9.31e-03	1.00e-01	2.01e-01	1.83e-01	4.23e-01	7.95e-02	4.06e-03
 3.87539e+22	3.63e-15	2.46e-10	6.83e-07	1.60e-04	1.01e-02	1.06e-01	2.08e-01	1.86e-01	4.12e-01	7.43e-02	3.63e-03
 3.89695e+22	3.74e-15	2.68e-10	7.71e-07	1.81e-04	1.13e-02	1.15e-01	2.16e-01	1.89e-01	3.98e-01	6.79e-02	3.15e-03
 3.91881e+22	3.87e-15	2.90e-10	8.54e-07	2.00e-04	1.23e-02	1.22e-01	2.23e-01	1.91e-01	3.86e-01	6.32e-02	2.81e-03
 3.94126e+22	4.06e-15	3.21e-10	9.78e-07	2.29e-04	1.37e-02	1.31e-01	2.31e-01	1.93e-01	3.71e-01	5.74e-02	2.42e-03
 3.96376e+22	4.24e-15	3.50e-10	1.09e-06	2.54e-04	1.49e-02	1.39e-01	2.37e-01	1.94e-01	3.59e-01	5.33e-02	2.15e-03
 3.98632e+22	4.48e-15	3.91e-10	1.26e-06	2.91e-04	1.67e-02	1.50e-01	2.44e-01	1.96e-01	3.43e-01	4.82e-02	1.84e-03
 4.00897e+22	4.76e-15	4.31e-10	1.41e-06	3.24e-04	1.81e-02	1.58e-01	2.50e-01	1.96e-01	3.31e-01	4.46e-02	1.64e-03
 4.03174e+22	5.13e-15	4.89e-10	1.64e-06	3.73e-04	2.02e-02	1.69e-01	2.56e-01	1.97e-01	3.15e-01	4.02e-02	1.40e-03
 4.05477e+22	5.51e-15	5.45e-10	1.85e-06	4.16e-04	2.20e-02	1.79e-01	2.61e-01	1.96e-01	3.03e-01	3.70e-02	1.23e-03
 4.07812e+22	6.06e-15	6.27e-10	2.17e-06	4.81e-04	2.45e-02	1.91e-01	2.67e-01	1.96e-01	2.87e-01	3.32e-02	1.05e-03
 4.10179e+22	6.63e-15	7.07e-10	2.48e-06	5.40e-04	2.67e-02	2.01e-01	2.71e-01	1.95e-01	2.74e-01	3.04e-02	9.19e-04
 4.12589e+22	7.47e-15	8.29e-10	2.94e-06	6.28e-04	2.98e-02	2.15e-01	2.76e-01	1.93e-01	2.58e-01	2.71e-02	7.74e-04
 4.15044e+22	8.34e-15	9.49e-10	3.38e-06	7.08e-04	3.25e-02	2.26e-01	2.79e-01	1.91e-01	2.46e-01	2.46e-02	6.74e-04
 4.17557e+22	9.66e-15	1.13e-09	4.06e-06	8.28e-04	3.64e-02	2.40e-01	2.83e-01	1.88e-01	2.30e-01	2.17e-02	5.61e-04
 4.20130e+22	1.10e-14	1.32e-09	4.71e-06	9.38e-04	3.97e-02	2.52e-01	2.85e-01	1.85e-01	2.17e-01	1.96e-02	4.84e-04
 4.22780e+22	1.32e-14	1.61e-09	5.74e-06	1.10e-03	4.44e-02	2.68e-01	2.87e-01	1.81e-01	2.01e-01	1.71e-02	3.98e-04
 4.25473e+22	1.55e-14	1.90e-09	6.71e-06	1.25e-03	4.84e-02	2.81e-01	2.88e-01	1.77e-01	1.89e-01	1.54e-02	3.41e-04
 4.27758e+22	1.79e-14	2.21e-09	7.75e-06	1.41e-03	5.24e-02	2.92e-01	2.89e-01	1.73e-01	1.78e-01	1.38e-02	2.95e-04
 4.30264e+22	2.18e-14	2.71e-09	9.34e-06	1.63e-03	5.79e-02	3.07e-01	2.89e-01	1.68e-01	1.64e-01	1.21e-02	2.44e-04
 4.32677e+22	2.52e-14	3.13e-09	1.06e-05	1.81e-03	6.20e-02	3.18e-01	2.88e-01	1.64e-01	1.55e-01	1.10e-02	2.14e-04
 4.34968e+22	3.06e-14	3.78e-09	1.27e-05	2.07e-03	6.77e-02	3.31e-01	2.87e-01	1.59e-01	1.44e-01	9.68e-03	1.79e-04
 4.37285e+22	3.59e-14	4.39e-09	1.44e-05	2.29e-03	7.23e-02	3.42e-01	2.85e-01	1.54e-01	1.35e-01	8.77e-03	1.56e-04
 4.39635e+22	4.44e-14	5.36e-09	1.72e-05	2.62e-03	7.88e-02	3.55e-01	2.83e-01	1.49e-01	1.25e-01	7.68e-03	1.30e-04
 4.42021e+22	5.28e-14	6.28e-09	1.97e-05	2.91e-03	8.41e-02	3.65e-01	2.80e-01	1.44e-01	1.17e-01	6.91e-03	1.12e-04
 4.44453e+22	6.64e-14	7.74e-09	2.36e-05	3.33e-03	9.15e-02	3.78e-01	2.76e-01	1.38e-01	1.07e-01	6.00e-03	9.25e-05
 4.46921e+22	7.98e-14	9.11e-09	2.70e-05	3.68e-03	9.75e-02	3.88e-01	2.73e-01	1.33e-01	9.96e-02	5.38e-03	7.97e-05
 4.49435e+22	1.02e-13	1.13e-08	3.25e-05	4.22e-03	1.06e-01	4.01e-01	2.68e-01	1.26e-01	9.04e-02	4.62e-03	6.50e-05
 4.51992e+22	1.24e-13	1.34e-08	3.73e-05	4.67e-03	1.13e-01	4.10e-01	2.64e-01	1.21e-01	8.39e-02	4.12e-03	5.55e-05
 4.54606e+22	1.61e-13	1.69e-08	4.50e-05	5.35e-03	1.22e-01	4.22e-01	2.57e-01	1.14e-01	7.56e-02	3.51e-03	4.48e-05
 4.57281e+22	1.99e-13	2.02e-08	5.21e-05	5.94e-03	1.30e-01	4.31e-01	2.52e-01	1.09e-01	6.95e-02	3.09e-03	3.78e-05
 4.60036e+22	2.63e-13	2.56e-08	6.30e-05	6.81e-03	1.41e-01	4.41e-01	2.44e-01	1.02e-01	6.22e-02	2.61e-03	3.01e-05
 4.62860e+22	3.30e-13	3.09e-08	7.33e-05	7.58e-03	1.50e-01	4.49e-01	2.38e-01	9.63e-02	5.67e-02	2.27e-03	2.51e-05
 4.65774e+22	4.44e-13	3.96e-08	8.93e-05	8.71e-03	1.62e-01	4.59e-01	2.29e-01	8.94e-02	5.02e-02	1.89e-03	1.97e-05
 4.68715e+22	5.59e-13	4.79e-08	1.04e-04	9.67e-03	1.72e-01	4.65e-01	2.22e-01	8.42e-02	4.56e-02	1.64e-03	1.63e-05
 4.71692e+22	7.56e-13	6.15e-08	1.26e-04	1.11e-02	1.85e-01	4.72e-01	2.13e-01	7.77e-02	4.01e-02	1.36e-03	1.27e-05
 4.74709e+22	9.56e-13	7.45e-08	1.46e-04	1.23e-02	1.95e-01	4.77e-01	2.06e-01	7.28e-02	3.62e-02	1.17e-03	1.04e-05
 4.77778e+22	1.31e-12	9.62e-08	1.78e-04	1.40e-02	2.10e-01	4.81e-01	1.96e-01	6.66e-02	3.15e-02	9.58e-04	8.03e-06
 4.80766e+22	1.62e-12	1.15e-07	2.04e-04	1.54e-02	2.20e-01	4.84e-01	1.89e-01	6.25e-02	2.86e-02	8.32e-04	6.67e-06
 4.83647e+22	2.16e-12	1.45e-07	2.44e-04	1.73e-02	2.34e-01	4.86e-01	1.79e-01	5.73e-02	2.51e-02	6.89e-04	5.22e-06
 4.86654e+22	2.76e-12	1.76e-07	2.83e-04	1.91e-02	2.46e-01	4.87e-01	1.71e-01	5.32e-02	2.24e-02	5.86e-04	4.23e-06
 4.89202e+22	3.38e-12	2.08e-07	3.21e-04	2.07e-02	2.56e-01	4.88e-01	1.65e-01	4.98e-02	2.04e-02	5.11e-04	3.54e-06
 4.91891e+22	4.37e-12	2.55e-07	3.75e-04	2.30e-02	2.69e-01	4.87e-01	1.57e-01	4.59e-02	1.80e-02	4.29e-04	2.83e-06
 4.94655e+22	5.46e-12	3.04e-07	4.28e-04	2.51e-02	2.80e-01	4.86e-01	1.49e-01	4.27e-02	1.62e-02	3.68e-04	2.32e-06
 4.97115e+22	6.71e-12	3.59e-07	4.85e-04	2.71e-02	2.91e-01	4.84e-01	1.43e-01	3.98e-02	1.46e-02	3.19e-04	1.92e-06
 4.99912e+22	8.68e-12	4.40e-07	5.65e-04	3.00e-02	3.04e-01	4.81e-01	1.35e-01	3.64e-02	1.28e-02	2.66e-04	1.52e-06
 5.02829e+22	1.10e-11	5.30e-07	6.49e-04	3.27e-02	3.17e-01	4.77e-01	1.28e-01	3.35e-02	1.14e-02	2.25e-04	1.23e-06
 5.05458e+22	1.36e-11	6.29e-07	7.37e-04	3.55e-02	3.28e-01	4.73e-01	1.21e-01	3.10e-02	1.02e-02	1.92e-04	1.00e-06
 5.08431e+22	1.78e-11	7.79e-07	8.63e-04	3.92e-02	3.42e-01	4.67e-01	1.14e-01	2.81e-02	8.86e-03	1.58e-04	7.80e-07
 5.11520e+22	2.27e-11	9.43e-07	9.94e-04	4.28e-02	3.55e-01	4.61e-01	1.07e-01	2.56e-02	7.79e-03	1.32e-04	6.19e-07
 5.14292e+22	2.84e-11	1.12e-06	1.13e-03	4.64e-02	3.67e-01	4.54e-01	1.01e-01	2.36e-02	6.91e-03	1.12e-04	5.00e-07
 5.17424e+22	3.76e-11	1.40e-06	1.33e-03	5.12e-02	3.81e-01	4.46e-01	9.34e-02	2.11e-02	5.93e-03	9.02e-05	3.81e-07
 5.20659e+22	4.81e-11	1.70e-06	1.53e-03	5.57e-02	3.94e-01	4.37e-01	8.71e-02	1.92e-02	5.17e-03	7.46e-05	2.99e-07
 5.23544e+22	6.04e-11	2.03e-06	1.74e-03	6.03e-02	4.06e-01	4.29e-01	8.16e-02	1.75e-02	4.54e-03	6.24e-05	2.38e-07
 5.26812e+22	8.03e-11	2.53e-06	2.04e-03	6.64e-02	4.20e-01	4.17e-01	7.49e-02	1.55e-02	3.85e-03	4.98e-05	1.79e-07
 5.30199e+22	1.03e-10	3.09e-06	2.36e-03	7.22e-02	4.32e-01	4.07e-01	6.93e-02	1.40e-02	3.32e-03	4.06e-05	1.38e-07
 5.33238e+22	1.31e-10	3.70e-06	2.69e-03	7.80e-02	4.43e-01	3.96e-01	6.43e-02	1.26e-02	2.89e-03	3.36e-05	0.00e+00
 5.36685e+22	1.76e-10	4.67e-06	3.17e-03	8.60e-02	4.56e-01	3.83e-01	5.83e-02	1.11e-02	2.41e-03	2.62e-05	0.00e+00
 5.40242e+22	2.27e-10	5.68e-06	3.65e-03	9.32e-02	4.67e-01	3.70e-01	5.35e-02	9.91e-03	2.06e-03	2.12e-05	0.00e+00
 5.43455e+22	2.90e-10	6.86e-06	4.18e-03	1.01e-01	4.77e-01	3.58e-01	4.92e-02	8.87e-03	1.77e-03	1.72e-05	0.00e+00
 5.47143e+22	3.98e-10	8.75e-06	4.96e-03	1.11e-01	4.89e-01	3.42e-01	4.39e-02	7.66e-03	1.45e-03	1.31e-05	0.00e+00
 5.50856e+22	5.13e-10	1.06e-05	5.69e-03	1.20e-01	4.98e-01	3.29e-01	4.00e-02	6.81e-03	1.23e-03	1.05e-05	0.00e+00
 5.54602e+22	6.94e-10	1.34e-05	6.70e-03	1.31e-01	5.07e-01	3.13e-01	3.57e-02	5.88e-03	1.01e-03	7.99e-06	0.00e+00
 5.58433e+22	9.06e-10	1.64e-05	7.73e-03	1.41e-01	5.14e-01	2.98e-01	3.21e-02	5.16e-03	8.40e-04	6.28e-06	0.00e+00
 5.61805e+22	1.16e-09	1.98e-05	8.80e-03	1.52e-01	5.20e-01	2.85e-01	2.91e-02	4.57e-03	7.10e-04	5.01e-06	0.00e+00
 5.65620e+22	1.58e-09	2.51e-05	1.04e-02	1.65e-01	5.26e-01	2.68e-01	2.55e-02	3.89e-03	5.71e-04	3.73e-06	0.00e+00
 5.69525e+22	2.06e-09	3.06e-05	1.19e-02	1.77e-01	5.30e-01	2.54e-01	2.28e-02	3.40e-03	4.74e-04	2.91e-06	0.00e+00
 5.73546e+22	2.82e-09	3.89e-05	1.40e-02	1.93e-01	5.33e-01	2.36e-01	1.99e-02	2.88e-03	3.76e-04	2.14e-06	0.00e+00
 5.77630e+22	3.68e-09	4.76e-05	1.61e-02	2.07e-01	5.35e-01	2.22e-01	1.76e-02	2.49e-03	3.09e-04	1.64e-06	0.00e+00
 5.81252e+22	4.76e-09	5.77e-05	1.84e-02	2.20e-01	5.35e-01	2.09e-01	1.56e-02	2.16e-03	2.54e-04	1.27e-06	0.00e+00
 5.85415e+22	6.58e-09	7.36e-05	2.17e-02	2.38e-01	5.33e-01	1.92e-01	1.34e-02	1.80e-03	1.98e-04	9.11e-07	0.00e+00
 5.89644e+22	8.56e-09	8.96e-05	2.47e-02	2.53e-01	5.30e-01	1.79e-01	1.17e-02	1.55e-03	1.61e-04	6.92e-07	0.00e+00
 5.93312e+22	1.09e-08	1.08e-04	2.80e-02	2.68e-01	5.25e-01	1.67e-01	1.04e-02	1.34e-03	1.32e-04	5.33e-07	0.00e+00
 5.96815e+22	1.37e-08	1.28e-04	3.13e-02	2.82e-01	5.20e-01	1.56e-01	9.20e-03	1.16e-03	1.09e-04	4.16e-07	0.00e+00
 6.00156e+22	1.72e-08	1.51e-04	3.50e-02	2.96e-01	5.15e-01	1.45e-01	8.16e-03	1.01e-03	9.08e-05	3.25e-07	0.00e+00
 6.03910e+22	2.27e-08	1.85e-04	4.01e-02	3.13e-01	5.06e-01	1.33e-01	7.01e-03	8.52e-04	7.16e-05	2.38e-07	0.00e+00
 6.07660e+22	2.83e-08	2.18e-04	4.46e-02	3.27e-01	4.98e-01	1.23e-01	6.19e-03	7.40e-04	5.91e-05	1.85e-07	0.00e+00
 6.11407e+22	3.72e-08	2.66e-04	5.08e-02	3.45e-01	4.86e-01	1.12e-01	5.29e-03	6.19e-04	4.64e-05	1.35e-07	0.00e+00
 6.15218e+22	4.65e-08	3.13e-04	5.65e-02	3.59e-01	4.76e-01	1.03e-01	4.64e-03	5.33e-04	3.79e-05	0.00e+00	0.00e+00
 6.19112e+22	6.13e-08	3.84e-04	6.43e-02	3.76e-01	4.62e-01	9.30e-02	3.92e-03	4.40e-04	2.93e-05	0.00e+00	0.00e+00
 6.23037e+22	7.62e-08	4.50e-04	7.12e-02	3.90e-01	4.49e-01	8.53e-02	3.42e-03	3.77e-04	2.38e-05	0.00e+00	0.00e+00
 6.27002e+22	1.01e-07	5.53e-04	8.11e-02	4.07e-01	4.32e-01	7.57e-02	2.85e-03	3.07e-04	1.81e-05	0.00e+00	0.00e+00
 6.30970e+22	1.25e-07	6.44e-04	8.93e-02	4.20e-01	4.18e-01	6.91e-02	2.48e-03	2.62e-04	1.46e-05	0.00e+00	0.00e+00
 6.34162e+22	1.50e-07	7.35e-04	9.70e-02	4.30e-01	4.06e-01	6.37e-02	2.19e-03	2.28e-04	1.22e-05	0.00e+00	0.00e+00
 6.37529e+22	1.88e-07	8.61e-04	1.07e-01	4.42e-01	3.90e-01	5.74e-02	1.88e-03	1.92e-04	9.67e-06	0.00e+00	0.00e+00
 6.40945e+22	2.25e-07	9.82e-04	1.16e-01	4.52e-01	3.77e-01	5.26e-02	1.65e-03	1.66e-04	7.97e-06	0.00e+00	0.00e+00
 6.43950e+22	2.69e-07	1.11e-03	1.25e-01	4.60e-01	3.63e-01	4.82e-02	1.45e-03	1.43e-04	6.59e-06	0.00e+00	0.00e+00
 6.47381e+22	3.35e-07	1.30e-03	1.38e-01	4.70e-01	3.46e-01	4.30e-02	1.24e-03	1.19e-04	5.18e-06	0.00e+00	0.00e+00
 6.50855e+22	4.01e-07	1.48e-03	1.49e-01	4.78e-01	3.32e-01	3.91e-02	1.08e-03	1.02e-04	4.23e-06	0.00e+00	0.00e+00
 6.53897e+22	4.77e-07	1.67e-03	1.60e-01	4.84e-01	3.18e-01	3.55e-02	9.43e-04	8.78e-05	3.47e-06	0.00e+00	0.00e+00
 6.57368e+22	5.94e-07	1.95e-03	1.75e-01	4.91e-01	3.00e-01	3.13e-02	7.92e-04	7.20e-05	2.68e-06	0.00e+00	0.00e+00
 6.60867e+22	7.03e-07	2.20e-03	1.88e-01	4.95e-01	2.86e-01	2.83e-02	6.90e-04	6.15e-05	2.19e-06	0.00e+00	0.00e+00
 6.64401e+22	8.69e-07	2.55e-03	2.04e-01	4.99e-01	2.68e-01	2.49e-02	5.78e-04	5.02e-05	1.68e-06	0.00e+00	0.00e+00
 6.67990e+22	1.04e-06	2.88e-03	2.19e-01	5.02e-01	2.53e-01	2.22e-02	4.97e-04	4.22e-05	1.35e-06	0.00e+00	0.00e+00
 6.71150e+22	1.23e-06	3.23e-03	2.34e-01	5.03e-01	2.39e-01	1.99e-02	4.29e-04	3.57e-05	1.09e-06	0.00e+00	0.00e+00
 6.74756e+22	1.51e-06	3.72e-03	2.53e-01	5.03e-01	2.22e-01	1.73e-02	3.56e-04	2.88e-05	8.28e-07	0.00e+00	0.00e+00
 6.78440e+22	1.79e-06	4.19e-03	2.70e-01	5.02e-01	2.08e-01	1.53e-02	3.03e-04	2.39e-05	6.54e-07	0.00e+00	0.00e+00
 6.81729e+22	2.12e-06	4.70e-03	2.87e-01	4.99e-01	1.95e-01	1.35e-02	2.59e-04	1.99e-05	5.20e-07	0.00e+00	0.00e+00
 6.85509e+22	2.61e-06	5.41e-03	3.10e-01	4.95e-01	1.78e-01	1.15e-02	2.11e-04	1.57e-05	3.86e-07	0.00e+00	0.00e+00
 6.89346e+22	3.10e-06	6.08e-03	3.29e-01	4.90e-01	1.65e-01	1.00e-02	1.78e-04	1.28e-05	3.00e-07	0.00e+00	0.00e+00
 6.93258e+22	3.80e-06	6.96e-03	3.53e-01	4.82e-01	1.50e-01	8.48e-03	1.44e-04	1.00e-05	2.21e-07	0.00e+00	0.00e+00
 6.97273e+22	4.55e-06	7.85e-03	3.75e-01	4.73e-01	1.37e-01	7.27e-03	1.19e-04	7.99e-06	1.67e-07	0.00e+00	0.00e+00
 7.00824e+22	5.37e-06	8.75e-03	3.96e-01	4.64e-01	1.25e-01	6.28e-03	9.91e-05	6.46e-06	1.29e-07	0.00e+00	0.00e+00
 7.04844e+22	6.61e-06	1.00e-02	4.22e-01	4.51e-01	1.11e-01	5.18e-03	7.83e-05	4.89e-06	0.00e+00	0.00e+00	0.00e+00
 7.08956e+22	7.79e-06	1.12e-02	4.44e-01	4.39e-01	1.01e-01	4.42e-03	6.46e-05	3.89e-06	0.00e+00	0.00e+00	0.00e+00
 7.13189e+22	9.58e-06	1.28e-02	4.72e-01	4.23e-01	8.88e-02	3.59e-03	5.04e-05	2.89e-06	0.00e+00	0.00e+00	0.00e+00
 7.16895e+22	1.09e-05	1.38e-02	4.89e-01	4.12e-01	8.19e-02	3.16e-03	4.32e-05	2.41e-06	0.00e+00	0.00e+00	0.00e+00
 7.19916e+22	1.25e-05	1.51e-02	5.08e-01	3.99e-01	7.43e-02	2.71e-03	3.61e-05	1.94e-06	0.00e+00	0.00e+00	0.00e+00
 7.23035e+22	1.41e-05	1.63e-02	5.25e-01	3.88e-01	6.82e-02	2.37e-03	3.08e-05	1.60e-06	0.00e+00	0.00e+00	0.00e+00
 7.26280e+22	1.63e-05	1.79e-02	5.45e-01	3.74e-01	6.13e-02	2.02e-03	2.54e-05	1.27e-06	0.00e+00	0.00e+00	0.00e+00
 7.29588e+22	1.86e-05	1.94e-02	5.62e-01	3.61e-01	5.56e-02	1.74e-03	2.14e-05	1.03e-06	0.00e+00	0.00e+00	0.00e+00
 7.32474e+22	2.09e-05	2.08e-02	5.78e-01	3.49e-01	5.08e-02	1.52e-03	1.82e-05	8.50e-07	0.00e+00	0.00e+00	0.00e+00
 7.35723e+22	2.41e-05	2.27e-02	5.98e-01	3.33e-01	4.51e-02	1.27e-03	1.48e-05	6.63e-07	0.00e+00	0.00e+00	0.00e+00
 7.39047e+22	2.72e-05	2.44e-02	6.13e-01	3.20e-01	4.08e-02	1.09e-03	1.25e-05	5.37e-07	0.00e+00	0.00e+00	0.00e+00
 7.42468e+22	3.16e-05	2.68e-02	6.33e-01	3.04e-01	3.58e-02	9.03e-04	1.00e-05	4.10e-07	0.00e+00	0.00e+00	0.00e+00
 7.45927e+22	3.56e-05	2.87e-02	6.48e-01	2.90e-01	3.21e-02	7.71e-04	8.35e-06	3.29e-07	0.00e+00	0.00e+00	0.00e+00
 7.49435e+22	4.13e-05	3.14e-02	6.66e-01	2.74e-01	2.80e-02	6.31e-04	6.62e-06	2.48e-07	0.00e+00	0.00e+00	0.00e+00
 7.53007e+22	4.66e-05	3.37e-02	6.81e-01	2.60e-01	2.49e-02	5.33e-04	5.46e-06	1.96e-07	0.00e+00	0.00e+00	0.00e+00
 7.56661e+22	5.39e-05	3.67e-02	6.98e-01	2.44e-01	2.15e-02	4.33e-04	4.31e-06	1.46e-07	0.00e+00	0.00e+00	0.00e+00
 7.60426e+22	6.13e-05	3.95e-02	7.12e-01	2.29e-01	1.88e-02	3.59e-04	3.48e-06	0.00e+00	0.00e+00	0.00e+00	0.00e+00
 7.64333e+22	7.17e-05	4.32e-02	7.28e-01	2.12e-01	1.59e-02	2.84e-04	2.67e-06	0.00e+00	0.00e+00	0.00e+00	0.00e+00
 7.68279e+22	8.14e-05	4.64e-02	7.40e-01	1.99e-01	1.38e-02	2.35e-04	2.14e-06	0.00e+00	0.00e+00	0.00e+00	0.00e+00
 7.72277e+22	9.52e-05	5.07e-02	7.54e-01	1.83e-01	1.16e-02	1.84e-04	1.62e-06	0.00e+00	0.00e+00	0.00e+00	0.00e+00
 7.76336e+22	1.08e-04	5.44e-02	7.65e-01	1.70e-01	1.00e-02	1.50e-04	1.29e-06	0.00e+00	0.00e+00	0.00e+00	0.00e+00
 7.80475e+22	1.26e-04	5.93e-02	7.77e-01	1.55e-01	8.27e-03	1.16e-04	9.64e-07	0.00e+00	0.00e+00	0.00e+00	0.00e+00
 7.84678e+22	1.43e-04	6.35e-02	7.85e-01	1.44e-01	7.08e-03	9.45e-05	7.60e-07	0.00e+00	0.00e+00	0.00e+00	0.00e+00
 7.88963e+22	1.68e-04	6.93e-02	7.95e-01	1.30e-01	5.78e-03	7.22e-05	5.59e-07	0.00e+00	0.00e+00	0.00e+00	0.00e+00
 7.93319e+22	1.91e-04	7.43e-02	8.01e-01	1.19e-01	4.89e-03	5.79e-05	4.34e-07	0.00e+00	0.00e+00	0.00e+00	0.00e+00
 7.97765e+22	2.25e-04	8.09e-02	8.08e-01	1.07e-01	3.93e-03	4.37e-05	3.14e-07	0.00e+00	0.00e+00	0.00e+00	0.00e+00
 8.02297e+22	2.57e-04	8.68e-02	8.12e-01	9.72e-02	3.29e-03	3.47e-05	2.40e-07	0.00e+00	0.00e+00	0.00e+00	0.00e+00
 8.06941e+22	3.04e-04	9.47e-02	8.17e-01	8.58e-02	2.60e-03	2.57e-05	1.70e-07	0.00e+00	0.00e+00	0.00e+00	0.00e+00
 8.11661e+22	3.47e-04	1.02e-01	8.18e-01	7.75e-02	2.16e-03	2.02e-05	1.28e-07	0.00e+00	0.00e+00	0.00e+00	0.00e+00
 8.16479e+22	4.14e-04	1.11e-01	8.19e-01	6.77e-02	1.68e-03	1.47e-05	0.00e+00	0.00e+00	0.00e+00	0.00e+00	0.00e+00
 8.21437e+22	4.75e-04	1.19e-01	8.19e-01	6.05e-02	1.37e-03	1.14e-05	0.00e+00	0.00e+00	0.00e+00	0.00e+00	0.00e+00
 8.26577e+22	5.73e-04	1.31e-01	8.16e-01	5.18e-02	1.04e-03	8.07e-06	0.00e+00	0.00e+00	0.00e+00	0.00e+00	0.00e+00
 8.31861e+22	6.65e-04	1.41e-01	8.12e-01	4.56e-02	8.32e-04	6.13e-06	0.00e+00	0.00e+00	0.00e+00	0.00e+00	0.00e+00
 8.37332e+22	8.09e-04	1.55e-01	8.05e-01	3.84e-02	6.16e-04	4.23e-06	0.00e+00	0.00e+00	0.00e+00	0.00e+00	0.00e+00
 8.43014e+22	9.56e-04	1.68e-01	7.98e-01	3.30e-02	4.79e-04	3.10e-06	0.00e+00	0.00e+00	0.00e+00	0.00e+00	0.00e+00
 8.48967e+22	1.18e-03	1.85e-01	7.86e-01	2.70e-02	3.43e-04	2.06e-06	0.00e+00	0.00e+00	0.00e+00	0.00e+00	0.00e+00
 8.55181e+22	1.42e-03	2.02e-01	7.74e-01	2.26e-02	2.58e-04	1.45e-06	0.00e+00	0.00e+00	0.00e+00	0.00e+00	0.00e+00
 8.60053e+22	1.62e-03	2.15e-01	7.64e-01	1.98e-02	2.10e-04	1.12e-06	0.00e+00	0.00e+00	0.00e+00	0.00e+00	0.00e+00
 8.64706e+22	1.92e-03	2.31e-01	7.50e-01	1.66e-02	1.60e-04	8.03e-07	0.00e+00	0.00e+00	0.00e+00	0.00e+00	0.00e+00
 8.69496e+22	2.23e-03	2.47e-01	7.37e-01	1.42e-02	1.27e-04	5.99e-07	0.00e+00	0.00e+00	0.00e+00	0.00e+00	0.00e+00
 8.74464e+22	2.68e-03	2.67e-01	7.19e-01	1.16e-02	9.37e-05	4.07e-07	0.00e+00	0.00e+00	0.00e+00	0.00e+00	0.00e+00
 8.79517e+22	3.13e-03	2.85e-01	7.02e-01	9.69e-03	7.30e-05	2.95e-07	0.00e+00	0.00e+00	0.00e+00	0.00e+00	0.00e+00
 8.84682e+22	3.81e-03	3.08e-01	6.80e-01	7.62e-03	5.25e-05	1.91e-07	0.00e+00	0.00e+00	0.00e+00	0.00e+00	0.00e+00
 8.90034e+22	4.53e-03	3.30e-01	6.59e-01	6.11e-03	3.93e-05	1.29e-07	0.00e+00	0.00e+00	0.00e+00	0.00e+00	0.00e+00
 8.94345e+22	5.21e-03	3.48e-01	6.42e-01	5.06e-03	3.10e-05	0.00e+00	0.00e+00	0.00e+00	0.00e+00	0.00e+00	0.00e+00
 8.98086e+22	5.93e-03	3.65e-01	6.25e-01	4.19e-03	2.45e-05	0.00e+00	0.00e+00	0.00e+00	0.00e+00	0.00e+00	0.00e+00
 9.02371e+22	7.02e-03	3.87e-01	6.03e-01	3.25e-03	1.81e-05	0.00e+00	0.00e+00	0.00e+00	0.00e+00	0.00e+00	0.00e+00
 9.06841e+22	8.18e-03	4.07e-01	5.82e-01	2.53e-03	1.36e-05	0.00e+00	0.00e+00	0.00e+00	0.00e+00	0.00e+00	0.00e+00
 9.10797e+22	9.42e-03	4.25e-01	5.63e-01	1.97e-03	1.03e-05	0.00e+00	0.00e+00	0.00e+00	0.00e+00	0.00e+00	0.00e+00
 9.14537e+22	1.08e-02	4.42e-01	5.45e-01	1.51e-03	7.78e-06	0.00e+00	0.00e+00	0.00e+00	0.00e+00	0.00e+00	0.00e+00
 9.18077e+22	1.23e-02	4.58e-01	5.29e-01	1.16e-03	5.89e-06	0.00e+00	0.00e+00	0.00e+00	0.00e+00	0.00e+00	0.00e+00
 9.21343e+22	1.38e-02	4.71e-01	5.15e-01	8.88e-04	4.50e-06	0.00e+00	0.00e+00	0.00e+00	0.00e+00	0.00e+00	0.00e+00
 9.24302e+22	1.54e-02	4.81e-01	5.03e-01	6.84e-04	3.48e-06	0.00e+00	0.00e+00	0.00e+00	0.00e+00	0.00e+00	0.00e+00
