#depth	N	N+	N+2	N+3	N+4	N+5	N+6	N+7
 4.62852e+21	8.85e-30	5.51e-23	8.87e-18	1.58e-13	9.58e-10	9.38e-06	5.78e-03	9.94e-01
 1.05644e+22	1.14e-28	4.82e-22	5.36e-17	6.70e-13	2.85e-09	2.00e-05	8.49e-03	9.91e-01
 1.26965e+22	6.18e-28	2.00e-21	1.71e-16	1.67e-12	5.54e-09	3.25e-05	1.10e-02	9.89e-01
 1.41811e+22	2.58e-27	6.59e-21	4.49e-16	3.53e-12	9.37e-09	4.84e-05	1.37e-02	9.86e-01
 1.50059e+22	3.71e-27	8.91e-21	5.73e-16	4.26e-12	1.07e-08	5.35e-05	1.45e-02	9.85e-01
 1.52628e+22	4.74e-27	1.09e-20	6.73e-16	4.81e-12	1.16e-08	5.71e-05	1.50e-02	9.85e-01
 1.54368e+22	5.55e-27	1.24e-20	7.49e-16	5.22e-12	1.23e-08	5.97e-05	1.54e-02	9.85e-01
 1.56254e+22	7.08e-27	1.52e-20	8.81e-16	5.91e-12	1.34e-08	6.38e-05	1.60e-02	9.84e-01
 1.58298e+22	8.78e-27	1.82e-20	1.02e-15	6.60e-12	1.44e-08	6.77e-05	1.65e-02	9.83e-01
 1.60237e+22	1.11e-26	2.21e-20	1.19e-15	7.42e-12	1.56e-08	7.21e-05	1.71e-02	9.83e-01
 1.62089e+22	1.36e-26	2.62e-20	1.36e-15	8.24e-12	1.68e-08	7.63e-05	1.76e-02	9.82e-01
 1.64135e+22	1.79e-26	3.28e-20	1.63e-15	9.45e-12	1.84e-08	8.22e-05	1.84e-02	9.82e-01
 1.66238e+22	2.23e-26	3.94e-20	1.89e-15	1.06e-11	1.99e-08	8.73e-05	1.90e-02	9.81e-01
 1.68413e+22	2.96e-26	4.99e-20	2.28e-15	1.22e-11	2.19e-08	9.43e-05	1.98e-02	9.80e-01
 1.70587e+22	3.77e-26	6.09e-20	2.68e-15	1.38e-11	2.38e-08	1.01e-04	2.05e-02	9.79e-01
 1.72421e+22	4.71e-26	7.33e-20	3.10e-15	1.54e-11	2.56e-08	1.07e-04	2.12e-02	9.79e-01
 1.74465e+22	6.20e-26	9.20e-20	3.73e-15	1.77e-11	2.82e-08	1.15e-04	2.21e-02	9.78e-01
 1.76548e+22	7.82e-26	1.12e-19	4.35e-15	1.99e-11	3.05e-08	1.23e-04	2.29e-02	9.77e-01
 1.78395e+22	9.83e-26	1.35e-19	5.06e-15	2.24e-11	3.29e-08	1.30e-04	2.37e-02	9.76e-01
 1.80512e+22	1.31e-25	1.71e-19	6.13e-15	2.59e-11	3.63e-08	1.41e-04	2.47e-02	9.75e-01
 1.82692e+22	1.70e-25	2.13e-19	7.30e-15	2.95e-11	3.97e-08	1.51e-04	2.57e-02	9.74e-01
 1.84610e+22	2.15e-25	2.58e-19	8.53e-15	3.33e-11	4.30e-08	1.61e-04	2.66e-02	9.73e-01
 1.86756e+22	2.97e-25	3.37e-19	1.06e-14	3.91e-11	4.79e-08	1.75e-04	2.78e-02	9.72e-01
 1.88808e+22	3.70e-25	4.05e-19	1.23e-14	4.38e-11	5.17e-08	1.86e-04	2.87e-02	9.71e-01
 1.90735e+22	4.96e-25	5.16e-19	1.49e-14	5.08e-11	5.70e-08	2.01e-04	2.99e-02	9.70e-01
 1.92698e+22	6.30e-25	6.31e-19	1.75e-14	5.74e-11	6.19e-08	2.14e-04	3.10e-02	9.69e-01
 1.94317e+22	7.71e-25	7.46e-19	2.00e-14	6.36e-11	6.63e-08	2.26e-04	3.19e-02	9.68e-01
 1.95728e+22	9.35e-25	8.76e-19	2.28e-14	7.01e-11	7.07e-08	2.38e-04	3.27e-02	9.67e-01
 1.97035e+22	1.13e-24	1.03e-18	2.59e-14	7.73e-11	7.54e-08	2.50e-04	3.36e-02	9.66e-01
 1.98302e+22	1.34e-24	1.18e-18	2.90e-14	8.42e-11	8.00e-08	2.62e-04	3.44e-02	9.65e-01
 1.99743e+22	1.68e-24	1.43e-18	3.37e-14	9.46e-11	8.64e-08	2.78e-04	3.55e-02	9.64e-01
 2.01172e+22	2.03e-24	1.67e-18	3.83e-14	1.04e-10	9.21e-08	2.91e-04	3.64e-02	9.63e-01
 2.02373e+22	2.43e-24	1.94e-18	4.32e-14	1.14e-10	9.79e-08	3.05e-04	3.73e-02	9.62e-01
 2.03719e+22	3.05e-24	2.34e-18	5.03e-14	1.28e-10	1.06e-07	3.24e-04	3.85e-02	9.61e-01
 2.05032e+22	3.64e-24	2.72e-18	5.68e-14	1.40e-10	1.12e-07	3.39e-04	3.94e-02	9.60e-01
 2.06114e+22	4.35e-24	3.15e-18	6.40e-14	1.54e-10	1.19e-07	3.54e-04	4.03e-02	9.59e-01
 2.07170e+22	5.14e-24	3.63e-18	7.16e-14	1.68e-10	1.26e-07	3.70e-04	4.12e-02	9.58e-01
 2.08381e+22	6.32e-24	4.31e-18	8.24e-14	1.86e-10	1.36e-07	3.90e-04	4.23e-02	9.57e-01
 2.09650e+22	7.70e-24	5.08e-18	9.42e-14	2.06e-10	1.45e-07	4.09e-04	4.34e-02	9.56e-01
 2.10775e+22	9.17e-24	5.88e-18	1.06e-13	2.26e-10	1.54e-07	4.28e-04	4.44e-02	9.55e-01
 2.11821e+22	1.10e-23	6.85e-18	1.20e-13	2.48e-10	1.64e-07	4.48e-04	4.54e-02	9.54e-01
 2.12804e+22	1.30e-23	7.88e-18	1.34e-13	2.71e-10	1.74e-07	4.67e-04	4.64e-02	9.53e-01
 2.13904e+22	1.60e-23	9.41e-18	1.55e-13	3.02e-10	1.87e-07	4.92e-04	4.76e-02	9.52e-01
 2.15032e+22	1.94e-23	1.11e-17	1.77e-13	3.33e-10	2.00e-07	5.15e-04	4.88e-02	9.51e-01
 2.16012e+22	2.31e-23	1.28e-17	1.99e-13	3.65e-10	2.12e-07	5.38e-04	4.98e-02	9.50e-01
 2.17101e+22	2.90e-23	1.55e-17	2.32e-13	4.10e-10	2.29e-07	5.68e-04	5.12e-02	9.48e-01
 2.18217e+22	3.54e-23	1.83e-17	2.67e-13	4.56e-10	2.46e-07	5.96e-04	5.25e-02	9.47e-01
 2.19197e+22	4.27e-23	2.14e-17	3.03e-13	5.03e-10	2.63e-07	6.23e-04	5.37e-02	9.46e-01
 2.20300e+22	5.49e-23	2.65e-17	3.60e-13	5.73e-10	2.86e-07	6.62e-04	5.53e-02	9.44e-01
 2.21417e+22	6.74e-23	3.15e-17	4.15e-13	6.38e-10	3.08e-07	6.95e-04	5.66e-02	9.43e-01
 2.22371e+22	8.13e-23	3.69e-17	4.72e-13	7.05e-10	3.29e-07	7.26e-04	5.79e-02	9.41e-01
 2.23433e+22	1.07e-22	4.66e-17	5.71e-13	8.14e-10	3.61e-07	7.74e-04	5.97e-02	9.40e-01
 2.24477e+22	1.29e-22	5.45e-17	6.49e-13	8.98e-10	3.86e-07	8.09e-04	6.10e-02	9.38e-01
 2.25500e+22	1.69e-22	6.86e-17	7.84e-13	1.04e-09	4.24e-07	8.61e-04	6.29e-02	9.36e-01
 2.26502e+22	2.03e-22	8.02e-17	8.91e-13	1.14e-09	4.53e-07	8.98e-04	6.42e-02	9.35e-01
 2.27476e+22	2.68e-22	1.01e-16	1.08e-12	1.32e-09	4.99e-07	9.56e-04	6.62e-02	9.33e-01
 2.28449e+22	3.25e-22	1.19e-16	1.23e-12	1.46e-09	5.34e-07	9.99e-04	6.76e-02	9.31e-01
 2.29421e+22	4.32e-22	1.52e-16	1.50e-12	1.70e-09	5.90e-07	1.06e-03	6.97e-02	9.29e-01
 2.30399e+22	5.31e-22	1.81e-16	1.74e-12	1.90e-09	6.35e-07	1.12e-03	7.13e-02	9.28e-01
 2.31384e+22	7.16e-22	2.33e-16	2.14e-12	2.22e-09	7.05e-07	1.19e-03	7.36e-02	9.25e-01
 2.32376e+22	8.88e-22	2.80e-16	2.48e-12	2.49e-09	7.62e-07	1.25e-03	7.53e-02	9.23e-01
 2.33379e+22	1.20e-21	3.61e-16	3.06e-12	2.93e-09	8.47e-07	1.34e-03	7.77e-02	9.21e-01
 2.34374e+22	1.50e-21	4.39e-16	3.59e-12	3.30e-09	9.18e-07	1.41e-03	7.96e-02	9.19e-01
 2.35358e+22	2.03e-21	5.68e-16	4.44e-12	3.88e-09	1.02e-06	1.51e-03	8.22e-02	9.16e-01
 2.36361e+22	2.59e-21	6.98e-16	5.26e-12	4.42e-09	1.11e-06	1.59e-03	8.43e-02	9.14e-01
 2.37387e+22	3.58e-21	9.19e-16	6.60e-12	5.25e-09	1.25e-06	1.71e-03	8.72e-02	9.11e-01
 2.38420e+22	4.59e-21	1.14e-15	7.86e-12	6.00e-09	1.37e-06	1.80e-03	8.95e-02	9.09e-01
 2.39461e+22	6.39e-21	1.51e-15	9.92e-12	7.16e-09	1.54e-06	1.94e-03	9.26e-02	9.05e-01
 2.40509e+22	8.22e-21	1.87e-15	1.19e-11	8.20e-09	1.68e-06	2.05e-03	9.51e-02	9.03e-01
 2.41418e+22	1.06e-20	2.32e-15	1.41e-11	9.38e-09	1.84e-06	2.17e-03	9.76e-02	9.00e-01
 2.42452e+22	1.47e-20	3.07e-15	1.79e-11	1.12e-08	2.08e-06	2.33e-03	1.01e-01	8.97e-01
 2.43475e+22	1.85e-20	3.74e-15	2.10e-11	1.27e-08	2.26e-06	2.46e-03	1.03e-01	8.94e-01
 2.44483e+22	2.52e-20	4.87e-15	2.61e-11	1.50e-08	2.52e-06	2.63e-03	1.07e-01	8.91e-01
 2.45522e+22	3.23e-20	6.03e-15	3.12e-11	1.71e-08	2.76e-06	2.78e-03	1.10e-01	8.88e-01
 2.46600e+22	4.44e-20	7.92e-15	3.90e-11	2.04e-08	3.10e-06	2.99e-03	1.13e-01	8.84e-01
 2.47698e+22	5.71e-20	9.82e-15	4.67e-11	2.34e-08	3.41e-06	3.16e-03	1.16e-01	8.81e-01
 2.48821e+22	7.89e-20	1.30e-14	5.87e-11	2.78e-08	3.83e-06	3.41e-03	1.20e-01	8.76e-01
 2.49968e+22	1.01e-19	1.60e-14	7.01e-11	3.19e-08	4.21e-06	3.61e-03	1.24e-01	8.73e-01
 2.51146e+22	1.40e-19	2.11e-14	8.81e-11	3.80e-08	4.74e-06	3.88e-03	1.28e-01	8.68e-01
 2.52343e+22	1.79e-19	2.61e-14	1.05e-10	4.35e-08	5.20e-06	4.11e-03	1.31e-01	8.65e-01
 2.53565e+22	2.46e-19	3.44e-14	1.32e-10	5.19e-08	5.86e-06	4.43e-03	1.36e-01	8.60e-01
 2.54795e+22	3.13e-19	4.22e-14	1.56e-10	5.92e-08	6.42e-06	4.69e-03	1.39e-01	8.56e-01
 2.56035e+22	4.24e-19	5.48e-14	1.94e-10	7.00e-08	7.20e-06	5.04e-03	1.44e-01	8.51e-01
 2.57310e+22	5.41e-19	6.76e-14	2.32e-10	8.02e-08	7.91e-06	5.34e-03	1.48e-01	8.47e-01
 2.58414e+22	6.75e-19	8.17e-14	2.71e-10	9.06e-08	8.60e-06	5.63e-03	1.51e-01	8.43e-01
 2.59634e+22	9.01e-19	1.05e-13	3.34e-10	1.06e-07	9.61e-06	6.03e-03	1.56e-01	8.38e-01
 2.60860e+22	1.11e-18	1.25e-13	3.87e-10	1.19e-07	1.04e-05	6.34e-03	1.60e-01	8.34e-01
 2.62093e+22	1.46e-18	1.59e-13	4.72e-10	1.39e-07	1.16e-05	6.78e-03	1.64e-01	8.29e-01
 2.63357e+22	1.81e-18	1.91e-13	5.51e-10	1.57e-07	1.26e-05	7.14e-03	1.68e-01	8.25e-01
 2.64476e+22	2.23e-18	2.29e-13	6.40e-10	1.77e-07	1.37e-05	7.52e-03	1.72e-01	8.20e-01
 2.65746e+22	2.94e-18	2.90e-13	7.80e-10	2.06e-07	1.52e-05	8.04e-03	1.77e-01	8.15e-01
 2.67010e+22	3.55e-18	3.41e-13	8.94e-10	2.29e-07	1.64e-05	8.43e-03	1.81e-01	8.10e-01
 2.68266e+22	4.62e-18	4.27e-13	1.08e-09	2.66e-07	1.82e-05	8.99e-03	1.86e-01	8.05e-01
 2.69547e+22	5.59e-18	5.04e-13	1.24e-09	2.96e-07	1.97e-05	9.43e-03	1.90e-01	8.00e-01
 2.70860e+22	7.27e-18	6.32e-13	1.50e-09	3.44e-07	2.18e-05	1.01e-02	1.96e-01	7.94e-01
 2.72198e+22	8.84e-18	7.47e-13	1.72e-09	3.84e-07	2.36e-05	1.06e-02	2.00e-01	7.90e-01
 2.73568e+22	1.15e-17	9.38e-13	2.09e-09	4.46e-07	2.62e-05	1.13e-02	2.06e-01	7.83e-01
 2.74964e+22	1.40e-17	1.11e-12	2.40e-09	4.99e-07	2.84e-05	1.19e-02	2.10e-01	7.78e-01
 2.76392e+22	1.82e-17	1.39e-12	2.91e-09	5.80e-07	3.16e-05	1.27e-02	2.16e-01	7.71e-01
 2.77789e+22	2.16e-17	1.62e-12	3.30e-09	6.40e-07	3.38e-05	1.32e-02	2.20e-01	7.67e-01
 2.79143e+22	2.78e-17	2.01e-12	3.95e-09	7.38e-07	3.74e-05	1.41e-02	2.26e-01	7.60e-01
 2.80518e+22	3.30e-17	2.33e-12	4.48e-09	8.15e-07	4.02e-05	1.47e-02	2.30e-01	7.55e-01
 2.81921e+22	4.19e-17	2.86e-12	5.33e-09	9.36e-07	4.43e-05	1.56e-02	2.36e-01	7.48e-01
 2.83367e+22	5.08e-17	3.38e-12	6.13e-09	1.05e-06	4.79e-05	1.64e-02	2.41e-01	7.42e-01
 2.84870e+22	6.46e-17	4.16e-12	7.29e-09	1.20e-06	5.29e-05	1.75e-02	2.47e-01	7.35e-01
 2.86422e+22	7.91e-17	4.95e-12	8.44e-09	1.35e-06	5.75e-05	1.84e-02	2.53e-01	7.29e-01
 2.88038e+22	1.01e-16	6.13e-12	1.01e-08	1.55e-06	6.37e-05	1.96e-02	2.59e-01	7.21e-01
 2.89698e+22	1.25e-16	7.33e-12	1.18e-08	1.75e-06	6.93e-05	2.07e-02	2.65e-01	7.14e-01
 2.91415e+22	1.60e-16	9.13e-12	1.41e-08	2.03e-06	7.70e-05	2.20e-02	2.72e-01	7.06e-01
 2.93189e+22	1.99e-16	1.10e-11	1.65e-08	2.30e-06	8.42e-05	2.33e-02	2.78e-01	6.98e-01
 2.95036e+22	2.60e-16	1.38e-11	2.01e-08	2.68e-06	9.40e-05	2.49e-02	2.86e-01	6.89e-01
 2.96934e+22	3.25e-16	1.68e-11	2.36e-08	3.05e-06	1.03e-04	2.64e-02	2.92e-01	6.81e-01
 2.98641e+22	4.00e-16	2.01e-11	2.75e-08	3.45e-06	1.12e-04	2.78e-02	2.99e-01	6.73e-01
 3.00602e+22	5.34e-16	2.58e-11	3.39e-08	4.07e-06	1.27e-04	3.00e-02	3.07e-01	6.63e-01
 3.02575e+22	6.57e-16	3.09e-11	3.94e-08	4.59e-06	1.38e-04	3.16e-02	3.13e-01	6.55e-01
 3.04564e+22	8.71e-16	3.93e-11	4.83e-08	5.41e-06	1.55e-04	3.39e-02	3.22e-01	6.44e-01
 3.06595e+22	1.09e-15	4.78e-11	5.70e-08	6.16e-06	1.71e-04	3.59e-02	3.29e-01	6.35e-01
 3.08680e+22	1.46e-15	6.14e-11	7.03e-08	7.29e-06	1.92e-04	3.86e-02	3.38e-01	6.23e-01
 3.10799e+22	1.84e-15	7.51e-11	8.34e-08	8.35e-06	2.12e-04	4.09e-02	3.45e-01	6.14e-01
 3.12960e+22	2.50e-15	9.78e-11	1.04e-07	9.98e-06	2.41e-04	4.42e-02	3.55e-01	6.01e-01
 3.15131e+22	3.14e-15	1.19e-10	1.23e-07	1.14e-05	2.65e-04	4.68e-02	3.62e-01	5.91e-01
 3.16933e+22	3.88e-15	1.43e-10	1.44e-07	1.29e-05	2.89e-04	4.93e-02	3.69e-01	5.82e-01
 3.18893e+22	5.13e-15	1.83e-10	1.76e-07	1.52e-05	3.25e-04	5.29e-02	3.77e-01	5.69e-01
 3.20845e+22	6.30e-15	2.18e-10	2.05e-07	1.72e-05	3.54e-04	5.57e-02	3.84e-01	5.60e-01
 3.22786e+22	8.31e-15	2.77e-10	2.51e-07	2.02e-05	3.98e-04	5.96e-02	3.93e-01	5.47e-01
 3.24754e+22	1.03e-14	3.33e-10	2.94e-07	2.29e-05	4.35e-04	6.29e-02	3.99e-01	5.37e-01
 3.26755e+22	1.37e-14	4.27e-10	3.63e-07	2.72e-05	4.92e-04	6.75e-02	4.09e-01	5.23e-01
 3.28780e+22	1.70e-14	5.16e-10	4.26e-07	3.09e-05	5.39e-04	7.13e-02	4.15e-01	5.13e-01
 3.30838e+22	2.27e-14	6.64e-10	5.29e-07	3.68e-05	6.11e-04	7.66e-02	4.24e-01	4.98e-01
 3.32936e+22	2.86e-14	8.12e-10	6.28e-07	4.23e-05	6.75e-04	8.11e-02	4.31e-01	4.87e-01
 3.35085e+22	3.86e-14	1.05e-09	7.86e-07	5.09e-05	7.69e-04	8.75e-02	4.41e-01	4.71e-01
 3.37276e+22	4.89e-14	1.30e-09	9.39e-07	5.89e-05	8.54e-04	9.28e-02	4.48e-01	4.59e-01
 3.39522e+22	6.66e-14	1.70e-09	1.19e-06	7.13e-05	9.81e-04	1.00e-01	4.57e-01	4.42e-01
 3.41788e+22	8.44e-14	2.10e-09	1.42e-06	8.28e-05	1.09e-03	1.07e-01	4.63e-01	4.29e-01
 3.43693e+22	1.05e-13	2.53e-09	1.68e-06	9.49e-05	1.20e-03	1.13e-01	4.69e-01	4.17e-01
 3.45758e+22	1.37e-13	3.22e-09	2.06e-06	1.13e-04	1.37e-03	1.21e-01	4.77e-01	4.01e-01
 3.47840e+22	1.70e-13	3.88e-09	2.43e-06	1.30e-04	1.51e-03	1.28e-01	4.82e-01	3.89e-01
 3.49877e+22	2.18e-13	4.85e-09	2.96e-06	1.53e-04	1.70e-03	1.36e-01	4.88e-01	3.74e-01
 3.51955e+22	2.70e-13	5.86e-09	3.50e-06	1.77e-04	1.89e-03	1.44e-01	4.93e-01	3.61e-01
 3.53991e+22	3.40e-13	7.21e-09	4.21e-06	2.07e-04	2.12e-03	1.53e-01	4.98e-01	3.46e-01
 3.56070e+22	4.19e-13	8.71e-09	4.99e-06	2.40e-04	2.36e-03	1.62e-01	5.02e-01	3.33e-01
 3.58124e+22	5.18e-13	1.06e-08	5.93e-06	2.78e-04	2.64e-03	1.72e-01	5.06e-01	3.19e-01
 3.60189e+22	6.34e-13	1.27e-08	6.99e-06	3.22e-04	2.93e-03	1.82e-01	5.09e-01	3.06e-01
 3.62230e+22	7.69e-13	1.51e-08	8.22e-06	3.71e-04	3.26e-03	1.92e-01	5.12e-01	2.93e-01
 3.64267e+22	9.28e-13	1.80e-08	9.63e-06	4.27e-04	3.62e-03	2.02e-01	5.14e-01	2.80e-01
 3.66307e+22	1.11e-12	2.12e-08	1.12e-05	4.91e-04	4.01e-03	2.13e-01	5.15e-01	2.67e-01
 3.68355e+22	1.32e-12	2.50e-08	1.31e-05	5.62e-04	4.44e-03	2.24e-01	5.16e-01	2.55e-01
 3.70413e+22	1.57e-12	2.92e-08	1.52e-05	6.43e-04	4.91e-03	2.36e-01	5.16e-01	2.43e-01
 3.72490e+22	1.85e-12	3.41e-08	1.75e-05	7.35e-04	5.43e-03	2.48e-01	5.15e-01	2.31e-01
 3.74590e+22	2.17e-12	3.97e-08	2.02e-05	8.38e-04	6.00e-03	2.60e-01	5.14e-01	2.19e-01
 3.76701e+22	2.53e-12	4.59e-08	2.33e-05	9.53e-04	6.61e-03	2.72e-01	5.12e-01	2.08e-01
 3.78846e+22	2.94e-12	5.31e-08	2.68e-05	1.09e-03	7.30e-03	2.85e-01	5.10e-01	1.97e-01
 3.81015e+22	3.48e-12	6.10e-08	3.06e-05	1.23e-03	8.03e-03	2.98e-01	5.07e-01	1.86e-01
 3.83225e+22	4.03e-12	7.03e-08	3.51e-05	1.40e-03	8.86e-03	3.11e-01	5.03e-01	1.75e-01
 3.85476e+22	4.63e-12	8.04e-08	4.01e-05	1.58e-03	9.74e-03	3.25e-01	4.99e-01	1.65e-01
 3.87539e+22	5.20e-12	8.99e-08	4.47e-05	1.75e-03	1.05e-02	3.36e-01	4.94e-01	1.57e-01
 3.89695e+22	5.97e-12	1.03e-07	5.12e-05	1.99e-03	1.16e-02	3.51e-01	4.88e-01	1.47e-01
 3.91881e+22	6.68e-12	1.15e-07	5.70e-05	2.20e-03	1.26e-02	3.62e-01	4.83e-01	1.40e-01
 3.94126e+22	7.67e-12	1.32e-07	6.53e-05	2.50e-03	1.39e-02	3.78e-01	4.76e-01	1.30e-01
 3.96376e+22	8.52e-12	1.46e-07	7.23e-05	2.75e-03	1.49e-02	3.89e-01	4.70e-01	1.23e-01
 3.98632e+22	9.70e-12	1.66e-07	8.24e-05	3.11e-03	1.64e-02	4.04e-01	4.62e-01	1.14e-01
 4.00897e+22	1.07e-11	1.83e-07	9.10e-05	3.41e-03	1.76e-02	4.16e-01	4.55e-01	1.08e-01
 4.03174e+22	1.22e-11	2.08e-07	1.03e-04	3.83e-03	1.93e-02	4.30e-01	4.46e-01	1.00e-01
 4.05477e+22	1.34e-11	2.29e-07	1.14e-04	4.20e-03	2.07e-02	4.42e-01	4.39e-01	9.46e-02
 4.07812e+22	1.52e-11	2.59e-07	1.29e-04	4.71e-03	2.27e-02	4.56e-01	4.29e-01	8.75e-02
 4.10179e+22	1.68e-11	2.85e-07	1.42e-04	5.15e-03	2.43e-02	4.68e-01	4.20e-01	8.23e-02
 4.12589e+22	1.89e-11	3.23e-07	1.61e-04	5.77e-03	2.65e-02	4.82e-01	4.10e-01	7.57e-02
 4.15044e+22	2.09e-11	3.56e-07	1.78e-04	6.31e-03	2.84e-02	4.93e-01	4.01e-01	7.09e-02
 4.17557e+22	2.37e-11	4.03e-07	2.02e-04	7.07e-03	3.10e-02	5.08e-01	3.89e-01	6.50e-02
 4.20130e+22	2.63e-11	4.47e-07	2.24e-04	7.73e-03	3.32e-02	5.19e-01	3.80e-01	6.06e-02
 4.22780e+22	2.98e-11	5.07e-07	2.55e-04	8.67e-03	3.63e-02	5.33e-01	3.67e-01	5.51e-02
 4.25473e+22	3.33e-11	5.65e-07	2.83e-04	9.47e-03	3.88e-02	5.43e-01	3.57e-01	5.13e-02
 4.27758e+22	3.64e-11	6.19e-07	3.11e-04	1.03e-02	4.13e-02	5.53e-01	3.48e-01	4.78e-02
 4.30264e+22	4.10e-11	6.97e-07	3.51e-04	1.14e-02	4.46e-02	5.64e-01	3.36e-01	4.37e-02
 4.32677e+22	4.48e-11	7.60e-07	3.82e-04	1.22e-02	4.70e-02	5.72e-01	3.27e-01	4.10e-02
 4.34968e+22	4.96e-11	8.44e-07	4.26e-04	1.34e-02	5.04e-02	5.82e-01	3.16e-01	3.76e-02
 4.37285e+22	5.45e-11	9.24e-07	4.65e-04	1.43e-02	5.31e-02	5.89e-01	3.08e-01	3.53e-02
 4.39635e+22	6.07e-11	1.03e-06	5.19e-04	1.57e-02	5.68e-02	5.98e-01	2.97e-01	3.23e-02
 4.42021e+22	6.69e-11	1.13e-06	5.67e-04	1.68e-02	5.98e-02	6.04e-01	2.88e-01	3.01e-02
 4.44453e+22	7.48e-11	1.26e-06	6.35e-04	1.84e-02	6.39e-02	6.13e-01	2.77e-01	2.75e-02
 4.46921e+22	8.29e-11	1.39e-06	6.96e-04	1.98e-02	6.72e-02	6.18e-01	2.69e-01	2.56e-02
 4.49435e+22	9.29e-11	1.56e-06	7.82e-04	2.16e-02	7.19e-02	6.25e-01	2.57e-01	2.32e-02
 4.51992e+22	1.04e-10	1.73e-06	8.60e-04	2.32e-02	7.55e-02	6.30e-01	2.49e-01	2.15e-02
 4.54606e+22	1.17e-10	1.95e-06	9.69e-04	2.54e-02	8.07e-02	6.36e-01	2.37e-01	1.94e-02
 4.57281e+22	1.31e-10	2.17e-06	1.07e-03	2.74e-02	8.49e-02	6.40e-01	2.28e-01	1.79e-02
 4.60036e+22	1.50e-10	2.47e-06	1.22e-03	3.00e-02	9.07e-02	6.45e-01	2.17e-01	1.61e-02
 4.62860e+22	1.68e-10	2.76e-06	1.35e-03	3.24e-02	9.55e-02	6.48e-01	2.08e-01	1.47e-02
 4.65774e+22	1.95e-10	3.18e-06	1.54e-03	3.56e-02	1.02e-01	6.51e-01	1.97e-01	1.31e-02
 4.68715e+22	2.20e-10	3.56e-06	1.71e-03	3.84e-02	1.07e-01	6.53e-01	1.88e-01	1.20e-02
 4.71692e+22	2.56e-10	4.11e-06	1.96e-03	4.22e-02	1.14e-01	6.54e-01	1.77e-01	1.06e-02
 4.74709e+22	2.93e-10	4.64e-06	2.19e-03	4.54e-02	1.20e-01	6.54e-01	1.69e-01	9.65e-03
 4.77778e+22	3.42e-10	5.38e-06	2.51e-03	4.99e-02	1.28e-01	6.53e-01	1.58e-01	8.49e-03
 4.80766e+22	3.88e-10	6.03e-06	2.78e-03	5.34e-02	1.33e-01	6.52e-01	1.51e-01	7.76e-03
 4.83647e+22	4.53e-10	6.95e-06	3.17e-03	5.82e-02	1.41e-01	6.49e-01	1.42e-01	6.88e-03
 4.86654e+22	5.18e-10	7.86e-06	3.54e-03	6.26e-02	1.47e-01	6.46e-01	1.35e-01	6.20e-03
 4.89202e+22	5.81e-10	8.72e-06	3.88e-03	6.65e-02	1.53e-01	6.43e-01	1.28e-01	5.67e-03
 4.91891e+22	6.73e-10	9.96e-06	4.37e-03	7.17e-02	1.60e-01	6.38e-01	1.21e-01	5.07e-03
 4.94655e+22	7.60e-10	1.11e-05	4.82e-03	7.65e-02	1.66e-01	6.34e-01	1.15e-01	4.60e-03
 4.97115e+22	8.60e-10	1.24e-05	5.31e-03	8.12e-02	1.72e-01	6.29e-01	1.09e-01	4.19e-03
 4.99912e+22	1.01e-09	1.43e-05	5.98e-03	8.76e-02	1.79e-01	6.22e-01	1.02e-01	3.72e-03
 5.02829e+22	1.15e-09	1.61e-05	6.65e-03	9.35e-02	1.86e-01	6.14e-01	9.60e-02	3.33e-03
 5.05458e+22	1.31e-09	1.81e-05	7.35e-03	9.94e-02	1.92e-01	6.07e-01	9.07e-02	3.01e-03
 5.08431e+22	1.56e-09	2.10e-05	8.32e-03	1.07e-01	2.00e-01	5.97e-01	8.42e-02	2.64e-03
 5.11520e+22	1.80e-09	2.39e-05	9.30e-03	1.15e-01	2.07e-01	5.88e-01	7.87e-02	2.34e-03
 5.14292e+22	2.07e-09	2.69e-05	1.03e-02	1.22e-01	2.14e-01	5.78e-01	7.37e-02	2.09e-03
 5.17424e+22	2.48e-09	3.15e-05	1.17e-02	1.31e-01	2.22e-01	5.65e-01	6.79e-02	1.82e-03
 5.20659e+22	2.89e-09	3.60e-05	1.31e-02	1.40e-01	2.29e-01	5.53e-01	6.29e-02	1.60e-03
 5.23544e+22	3.35e-09	4.08e-05	1.45e-02	1.49e-01	2.35e-01	5.41e-01	5.85e-02	1.41e-03
 5.26812e+22	4.05e-09	4.79e-05	1.65e-02	1.60e-01	2.43e-01	5.26e-01	5.34e-02	1.21e-03
 5.30199e+22	4.77e-09	5.51e-05	1.85e-02	1.71e-01	2.50e-01	5.11e-01	4.90e-02	1.05e-03
 5.33238e+22	5.58e-09	6.29e-05	2.06e-02	1.81e-01	2.56e-01	4.97e-01	4.52e-02	9.21e-04
 5.36685e+22	6.84e-09	7.46e-05	2.36e-02	1.94e-01	2.63e-01	4.78e-01	4.06e-02	7.74e-04
 5.40242e+22	8.12e-09	8.61e-05	2.64e-02	2.06e-01	2.68e-01	4.61e-01	3.70e-02	6.65e-04
 5.43455e+22	9.61e-09	9.90e-05	2.94e-02	2.18e-01	2.73e-01	4.44e-01	3.37e-02	5.73e-04
 5.47143e+22	1.20e-08	1.19e-04	3.37e-02	2.35e-01	2.79e-01	4.22e-01	2.97e-02	4.70e-04
 5.50856e+22	1.42e-08	1.37e-04	3.76e-02	2.47e-01	2.83e-01	4.04e-01	2.68e-02	4.00e-04
 5.54602e+22	1.77e-08	1.63e-04	4.29e-02	2.64e-01	2.87e-01	3.82e-01	2.35e-02	3.27e-04
 5.58433e+22	2.13e-08	1.90e-04	4.79e-02	2.78e-01	2.90e-01	3.63e-01	2.10e-02	2.74e-04
 5.61805e+22	2.54e-08	2.19e-04	5.31e-02	2.92e-01	2.91e-01	3.44e-01	1.87e-02	2.31e-04
 5.65620e+22	3.19e-08	2.62e-04	6.05e-02	3.09e-01	2.92e-01	3.21e-01	1.62e-02	1.85e-04
 5.69525e+22	3.84e-08	3.04e-04	6.72e-02	3.24e-01	2.93e-01	3.02e-01	1.42e-02	1.53e-04
 5.73546e+22	4.87e-08	3.66e-04	7.63e-02	3.41e-01	2.91e-01	2.79e-01	1.21e-02	1.20e-04
 5.77630e+22	5.92e-08	4.26e-04	8.47e-02	3.56e-01	2.89e-01	2.59e-01	1.05e-02	9.77e-05
 5.81252e+22	7.17e-08	4.93e-04	9.35e-02	3.69e-01	2.86e-01	2.41e-01	9.18e-03	7.96e-05
 5.85415e+22	9.18e-08	5.96e-04	1.06e-01	3.86e-01	2.81e-01	2.19e-01	7.64e-03	6.10e-05
 5.89644e+22	1.12e-07	6.93e-04	1.16e-01	3.99e-01	2.76e-01	2.01e-01	6.55e-03	4.89e-05
 5.93312e+22	1.35e-07	7.98e-04	1.27e-01	4.10e-01	2.70e-01	1.86e-01	5.65e-03	3.95e-05
 5.96815e+22	1.62e-07	9.11e-04	1.38e-01	4.20e-01	2.64e-01	1.71e-01	4.90e-03	3.22e-05
 6.00156e+22	1.92e-07	1.03e-03	1.49e-01	4.29e-01	2.58e-01	1.58e-01	4.25e-03	2.63e-05
 6.03910e+22	2.39e-07	1.21e-03	1.64e-01	4.39e-01	2.49e-01	1.42e-01	3.53e-03	2.03e-05
 6.07660e+22	2.84e-07	1.38e-03	1.77e-01	4.47e-01	2.42e-01	1.30e-01	3.04e-03	1.64e-05
 6.11407e+22	3.52e-07	1.61e-03	1.93e-01	4.54e-01	2.32e-01	1.16e-01	2.51e-03	1.26e-05
 6.15218e+22	4.20e-07	1.82e-03	2.07e-01	4.59e-01	2.24e-01	1.06e-01	2.14e-03	1.00e-05
 6.19112e+22	5.23e-07	2.13e-03	2.26e-01	4.64e-01	2.12e-01	9.35e-02	1.74e-03	7.53e-06
 6.23037e+22	6.24e-07	2.41e-03	2.41e-01	4.67e-01	2.03e-01	8.45e-02	1.47e-03	5.97e-06
 6.27002e+22	7.84e-07	2.83e-03	2.62e-01	4.69e-01	1.91e-01	7.36e-02	1.17e-03	4.38e-06
 6.30970e+22	9.31e-07	3.19e-03	2.78e-01	4.70e-01	1.82e-01	6.62e-02	9.85e-04	3.45e-06
 6.34162e+22	1.08e-06	3.53e-03	2.92e-01	4.69e-01	1.74e-01	6.02e-02	8.46e-04	2.80e-06
 6.37529e+22	1.29e-06	4.00e-03	3.10e-01	4.67e-01	1.65e-01	5.35e-02	6.99e-04	2.16e-06
 6.40945e+22	1.50e-06	4.43e-03	3.25e-01	4.65e-01	1.57e-01	4.84e-02	5.95e-04	1.73e-06
 6.43950e+22	1.74e-06	4.89e-03	3.40e-01	4.62e-01	1.49e-01	4.38e-02	5.08e-04	1.40e-06
 6.47381e+22	2.08e-06	5.52e-03	3.59e-01	4.57e-01	1.39e-01	3.85e-02	4.15e-04	1.06e-06
 6.50855e+22	2.42e-06	6.11e-03	3.75e-01	4.52e-01	1.32e-01	3.46e-02	3.50e-04	8.43e-07
 6.53897e+22	2.79e-06	6.72e-03	3.91e-01	4.47e-01	1.25e-01	3.11e-02	2.96e-04	6.73e-07
 6.57368e+22	3.36e-06	7.59e-03	4.11e-01	4.39e-01	1.16e-01	2.71e-02	2.38e-04	5.02e-07
 6.60867e+22	3.87e-06	8.34e-03	4.26e-01	4.32e-01	1.09e-01	2.43e-02	2.00e-04	3.99e-07
 6.64401e+22	4.63e-06	9.38e-03	4.46e-01	4.23e-01	1.00e-01	2.10e-02	1.61e-04	2.96e-07
 6.67990e+22	5.38e-06	1.03e-02	4.63e-01	4.14e-01	9.38e-02	1.86e-02	1.33e-04	2.30e-07
 6.71150e+22	6.21e-06	1.13e-02	4.79e-01	4.06e-01	8.77e-02	1.66e-02	1.11e-04	1.80e-07
 6.74756e+22	7.42e-06	1.27e-02	4.98e-01	3.94e-01	8.04e-02	1.43e-02	8.79e-05	1.32e-07
 6.78440e+22	8.61e-06	1.40e-02	5.15e-01	3.84e-01	7.46e-02	1.25e-02	7.21e-05	0.00e+00
 6.81729e+22	9.95e-06	1.54e-02	5.30e-01	3.74e-01	6.92e-02	1.11e-02	5.93e-05	0.00e+00
 6.85509e+22	1.20e-05	1.73e-02	5.50e-01	3.60e-01	6.28e-02	9.38e-03	4.61e-05	0.00e+00
 6.89346e+22	1.39e-05	1.90e-02	5.66e-01	3.49e-01	5.78e-02	8.17e-03	3.73e-05	0.00e+00
 6.93258e+22	1.67e-05	2.13e-02	5.85e-01	3.35e-01	5.21e-02	6.89e-03	2.88e-05	0.00e+00
 6.97273e+22	1.96e-05	2.36e-02	6.01e-01	3.22e-01	4.74e-02	5.92e-03	2.28e-05	0.00e+00
 7.00824e+22	2.27e-05	2.59e-02	6.15e-01	3.10e-01	4.34e-02	5.12e-03	1.83e-05	0.00e+00
 7.04844e+22	2.74e-05	2.91e-02	6.33e-01	2.95e-01	3.86e-02	4.25e-03	1.37e-05	0.00e+00
 7.08956e+22	3.19e-05	3.19e-02	6.47e-01	2.82e-01	3.51e-02	3.65e-03	1.09e-05	0.00e+00
 7.13189e+22	3.87e-05	3.60e-02	6.64e-01	2.66e-01	3.10e-02	2.99e-03	8.06e-06	0.00e+00
 7.16895e+22	4.34e-05	3.86e-02	6.73e-01	2.57e-01	2.87e-02	2.66e-03	6.71e-06	0.00e+00
 7.19916e+22	4.97e-05	4.20e-02	6.83e-01	2.46e-01	2.62e-02	2.30e-03	5.41e-06	0.00e+00
 7.23035e+22	5.59e-05	4.51e-02	6.92e-01	2.37e-01	2.42e-02	2.04e-03	4.48e-06	0.00e+00
 7.26280e+22	6.42e-05	4.92e-02	7.02e-01	2.25e-01	2.20e-02	1.75e-03	3.56e-06	0.00e+00
 7.29588e+22	7.27e-05	5.30e-02	7.10e-01	2.16e-01	2.01e-02	1.53e-03	2.90e-06	0.00e+00
 7.32474e+22	8.14e-05	5.67e-02	7.16e-01	2.07e-01	1.86e-02	1.35e-03	2.40e-06	0.00e+00
 7.35723e+22	9.40e-05	6.19e-02	7.24e-01	1.96e-01	1.67e-02	1.15e-03	1.88e-06	0.00e+00
 7.39047e+22	1.06e-04	6.64e-02	7.30e-01	1.87e-01	1.53e-02	1.00e-03	1.54e-06	0.00e+00
 7.42468e+22	1.23e-04	7.28e-02	7.37e-01	1.76e-01	1.37e-02	8.45e-04	1.18e-06	0.00e+00
 7.45927e+22	1.39e-04	7.81e-02	7.41e-01	1.67e-01	1.25e-02	7.35e-04	9.58e-07	0.00e+00
 7.49435e+22	1.61e-04	8.56e-02	7.46e-01	1.57e-01	1.11e-02	6.14e-04	7.30e-07	0.00e+00
 7.53007e+22	1.82e-04	9.20e-02	7.49e-01	1.48e-01	1.01e-02	5.29e-04	5.84e-07	0.00e+00
 7.56661e+22	2.12e-04	1.01e-01	7.52e-01	1.38e-01	8.90e-03	4.39e-04	4.41e-07	0.00e+00
 7.60426e+22	2.42e-04	1.09e-01	7.53e-01	1.30e-01	7.98e-03	3.73e-04	3.45e-07	0.00e+00
 7.64333e+22	2.86e-04	1.20e-01	7.53e-01	1.19e-01	6.96e-03	3.03e-04	2.53e-07	0.00e+00
 7.68279e+22	3.26e-04	1.29e-01	7.52e-01	1.12e-01	6.22e-03	2.56e-04	1.96e-07	0.00e+00
 7.72277e+22	3.84e-04	1.42e-01	7.50e-01	1.02e-01	5.39e-03	2.06e-04	1.42e-07	0.00e+00
 7.76336e+22	4.39e-04	1.53e-01	7.46e-01	9.49e-02	4.79e-03	1.73e-04	0.00e+00	0.00e+00
 7.80475e+22	5.19e-04	1.69e-01	7.40e-01	8.61e-02	4.11e-03	1.38e-04	0.00e+00	0.00e+00
 7.84678e+22	5.92e-04	1.82e-01	7.34e-01	7.95e-02	3.64e-03	1.14e-04	0.00e+00	0.00e+00
 7.88963e+22	7.02e-04	2.00e-01	7.25e-01	7.14e-02	3.10e-03	8.97e-05	0.00e+00	0.00e+00
 7.93319e+22	8.05e-04	2.16e-01	7.15e-01	6.54e-02	2.71e-03	7.36e-05	0.00e+00	0.00e+00
 7.97765e+22	9.57e-04	2.37e-01	7.01e-01	5.80e-02	2.29e-03	5.68e-05	0.00e+00	0.00e+00
 8.02297e+22	1.10e-03	2.55e-01	6.89e-01	5.26e-02	1.99e-03	4.61e-05	0.00e+00	0.00e+00
 8.06941e+22	1.31e-03	2.81e-01	6.70e-01	4.59e-02	1.65e-03	3.47e-05	0.00e+00	0.00e+00
 8.11661e+22	1.51e-03	3.02e-01	6.54e-01	4.12e-02	1.42e-03	2.78e-05	0.00e+00	0.00e+00
 8.16479e+22	1.81e-03	3.32e-01	6.30e-01	3.54e-02	1.16e-03	2.05e-05	0.00e+00	0.00e+00
 8.21437e+22	2.08e-03	3.56e-01	6.09e-01	3.13e-02	9.91e-04	1.60e-05	0.00e+00	0.00e+00
 8.26577e+22	2.52e-03	3.92e-01	5.79e-01	2.62e-02	7.92e-04	1.14e-05	0.00e+00	0.00e+00
 8.31861e+22	2.92e-03	4.20e-01	5.54e-01	2.27e-02	6.62e-04	8.65e-06	0.00e+00	0.00e+00
 8.37332e+22	3.56e-03	4.61e-01	5.16e-01	1.84e-02	5.16e-04	5.89e-06	0.00e+00	0.00e+00
 8.43014e+22	4.19e-03	4.95e-01	4.85e-01	1.54e-02	4.18e-04	4.27e-06	0.00e+00	0.00e+00
 8.48967e+22	5.15e-03	5.42e-01	4.41e-01	1.20e-02	3.13e-04	2.73e-06	0.00e+00	0.00e+00
 8.55181e+22	6.14e-03	5.81e-01	4.03e-01	9.57e-03	2.44e-04	1.86e-06	0.00e+00	0.00e+00
 8.60053e+22	6.95e-03	6.08e-01	3.76e-01	8.10e-03	2.03e-04	1.40e-06	0.00e+00	0.00e+00
 8.64706e+22	8.13e-03	6.45e-01	3.40e-01	6.42e-03	1.58e-04	9.49e-07	0.00e+00	0.00e+00
 8.69496e+22	9.33e-03	6.76e-01	3.10e-01	5.22e-03	1.27e-04	6.74e-07	0.00e+00	0.00e+00
 8.74464e+22	1.11e-02	7.14e-01	2.71e-01	3.92e-03	9.39e-05	4.23e-07	0.00e+00	0.00e+00
 8.79517e+22	1.28e-02	7.44e-01	2.40e-01	3.07e-03	7.28e-05	2.86e-07	0.00e+00	0.00e+00
 8.84682e+22	1.53e-02	7.80e-01	2.02e-01	2.19e-03	5.12e-05	1.67e-07	0.00e+00	0.00e+00
 8.90034e+22	1.80e-02	8.09e-01	1.71e-01	1.60e-03	3.69e-05	0.00e+00	0.00e+00	0.00e+00
 8.94345e+22	2.05e-02	8.31e-01	1.48e-01	1.22e-03	2.79e-05	0.00e+00	0.00e+00	0.00e+00
 8.98086e+22	2.32e-02	8.49e-01	1.27e-01	9.26e-04	2.10e-05	0.00e+00	0.00e+00	0.00e+00
 9.02371e+22	2.73e-02	8.70e-01	1.02e-01	6.40e-04	1.42e-05	0.00e+00	0.00e+00	0.00e+00
 9.06841e+22	3.19e-02	8.86e-01	8.20e-02	4.43e-04	9.53e-06	0.00e+00	0.00e+00	0.00e+00
 9.10797e+22	3.72e-02	8.97e-01	6.52e-02	3.08e-04	6.36e-06	0.00e+00	0.00e+00	0.00e+00
 9.14537e+22	4.33e-02	9.05e-01	5.10e-02	2.12e-04	4.14e-06	0.00e+00	0.00e+00	0.00e+00
 9.18077e+22	5.07e-02	9.10e-01	3.93e-02	1.46e-04	2.63e-06	0.00e+00	0.00e+00	0.00e+00
 9.21343e+22	5.93e-02	9.11e-01	2.99e-02	1.01e-04	1.65e-06	0.00e+00	0.00e+00	0.00e+00
 9.24302e+22	6.94e-02	9.08e-01	2.27e-02	7.14e-05	1.03e-06	0.00e+00	0.00e+00	0.00e+00
