#depth	Cl	Cl+	Cl+2	Cl+3	Cl+4	Cl+5	Cl+6	Cl+7	Cl+8	Cl+9	Cl+10	Cl+11	Cl+12	Cl+13	Cl+14	Cl+15	Cl+16	Cl+17
 4.62852e+21	2.57e-32	2.85e-18	2.95e-15	7.44e-13	4.05e-11	1.23e-09	3.66e-08	3.10e-05	1.64e-03	2.46e-02	1.05e-01	2.36e-01	2.60e-01	1.41e-01	8.47e-02	1.26e-01	2.04e-02	1.10e-03
 1.02611e+22	4.11e-30	2.89e-16	1.86e-13	2.66e-11	8.37e-10	1.43e-08	2.48e-07	1.37e-04	5.85e-03	7.04e-02	2.17e-01	3.15e-01	2.34e-01	8.39e-02	3.47e-02	3.51e-02	3.47e-03	1.15e-04
 1.17203e+22	8.39e-30	1.57e-15	8.60e-13	1.01e-10	2.63e-09	3.67e-08	5.29e-07	2.40e-04	9.11e-03	9.80e-02	2.64e-01	3.20e-01	2.03e-01	6.19e-02	2.25e-02	1.96e-02	1.59e-03	4.35e-05
 1.24029e+22	2.00e-29	3.43e-15	1.75e-12	1.88e-10	4.51e-09	5.75e-08	7.58e-07	3.13e-04	1.12e-02	1.13e-01	2.85e-01	3.17e-01	1.86e-01	5.27e-02	1.80e-02	1.47e-02	1.09e-03	2.71e-05
 1.26923e+22	2.53e-29	4.24e-15	2.13e-12	2.23e-10	5.23e-09	6.50e-08	8.37e-07	3.37e-04	1.18e-02	1.18e-01	2.91e-01	3.16e-01	1.82e-01	5.03e-02	1.69e-02	1.35e-02	9.75e-04	2.37e-05
 1.28345e+22	3.36e-29	5.46e-15	2.68e-12	2.74e-10	6.23e-09	7.53e-08	9.42e-07	3.69e-04	1.26e-02	1.23e-01	2.97e-01	3.14e-01	1.76e-01	4.76e-02	1.57e-02	1.23e-02	8.58e-04	2.02e-05
 1.30194e+22	4.93e-29	7.71e-15	3.66e-12	3.60e-10	7.90e-09	9.18e-08	1.11e-06	4.15e-04	1.38e-02	1.31e-01	3.06e-01	3.11e-01	1.69e-01	4.40e-02	1.41e-02	1.07e-02	7.19e-04	1.63e-05
 1.32065e+22	6.59e-29	1.00e-14	4.65e-12	4.45e-10	9.49e-09	1.07e-07	1.25e-06	4.54e-04	1.47e-02	1.37e-01	3.13e-01	3.08e-01	1.63e-01	4.14e-02	1.30e-02	9.64e-03	6.27e-04	1.37e-05
 1.33965e+22	9.65e-29	1.41e-14	6.33e-12	5.84e-10	1.20e-08	1.30e-07	1.47e-06	5.11e-04	1.61e-02	1.45e-01	3.21e-01	3.04e-01	1.55e-01	3.81e-02	1.17e-02	8.40e-03	5.24e-04	1.10e-05
 1.35899e+22	1.30e-28	1.84e-14	8.07e-12	7.24e-10	1.45e-08	1.52e-07	1.66e-06	5.61e-04	1.72e-02	1.52e-01	3.27e-01	3.00e-01	1.49e-01	3.57e-02	1.07e-02	7.53e-03	4.55e-04	9.26e-06
 1.37876e+22	1.93e-28	2.62e-14	1.12e-11	9.61e-10	1.85e-08	1.87e-07	1.96e-06	6.33e-04	1.88e-02	1.61e-01	3.35e-01	2.95e-01	1.41e-01	3.27e-02	9.56e-03	6.49e-03	3.75e-04	7.30e-06
 1.39868e+22	2.59e-28	3.41e-14	1.42e-11	1.19e-09	2.22e-08	2.18e-07	2.22e-06	6.94e-04	2.01e-02	1.68e-01	3.40e-01	2.90e-01	1.36e-01	3.05e-02	8.75e-03	5.80e-03	3.25e-04	6.12e-06
 1.41878e+22	3.83e-28	4.84e-14	1.95e-11	1.57e-09	2.83e-08	2.67e-07	2.62e-06	7.83e-04	2.19e-02	1.77e-01	3.47e-01	2.84e-01	1.28e-01	2.78e-02	7.77e-03	4.98e-03	2.67e-04	4.82e-06
 1.43931e+22	5.24e-28	6.42e-14	2.52e-11	1.97e-09	3.44e-08	3.14e-07	2.99e-06	8.62e-04	2.34e-02	1.85e-01	3.52e-01	2.79e-01	1.22e-01	2.57e-02	7.05e-03	4.41e-03	2.28e-04	3.97e-06
 1.46038e+22	7.81e-28	9.20e-14	3.50e-11	2.63e-09	4.42e-08	3.87e-07	3.54e-06	9.75e-04	2.56e-02	1.95e-01	3.59e-01	2.71e-01	1.14e-01	2.33e-02	6.21e-03	3.75e-03	1.85e-04	3.08e-06
 1.48175e+22	1.07e-27	1.23e-13	4.55e-11	3.31e-09	5.40e-08	4.58e-07	4.05e-06	1.08e-03	2.74e-02	2.04e-01	3.63e-01	2.65e-01	1.09e-01	2.14e-02	5.60e-03	3.29e-03	1.56e-04	2.51e-06
 1.49955e+22	1.42e-27	1.58e-13	5.73e-11	4.05e-09	6.44e-08	5.30e-07	4.56e-06	1.17e-03	2.91e-02	2.11e-01	3.67e-01	2.60e-01	1.03e-01	1.99e-02	5.11e-03	2.93e-03	1.35e-04	2.09e-06
 1.51873e+22	2.04e-27	2.20e-13	7.73e-11	5.27e-09	8.09e-08	6.42e-07	5.33e-06	1.31e-03	3.14e-02	2.21e-01	3.72e-01	2.52e-01	9.70e-02	1.80e-02	4.52e-03	2.51e-03	1.11e-04	1.64e-06
 1.53790e+22	2.67e-27	2.82e-13	9.68e-11	6.42e-09	9.61e-08	7.42e-07	5.99e-06	1.42e-03	3.33e-02	2.29e-01	3.75e-01	2.46e-01	9.23e-02	1.67e-02	4.12e-03	2.23e-03	9.51e-05	1.37e-06
 1.55705e+22	3.81e-27	3.92e-13	1.30e-10	8.34e-09	1.21e-07	8.98e-07	6.99e-06	1.59e-03	3.59e-02	2.39e-01	3.78e-01	2.38e-01	8.62e-02	1.51e-02	3.63e-03	1.90e-03	7.76e-05	1.07e-06
 1.57640e+22	5.00e-27	5.04e-13	1.64e-10	1.02e-08	1.44e-07	1.04e-06	7.88e-06	1.73e-03	3.81e-02	2.47e-01	3.81e-01	2.32e-01	8.16e-02	1.39e-02	3.29e-03	1.68e-03	6.63e-05	8.83e-07
 1.59602e+22	7.16e-27	7.06e-13	2.23e-10	1.33e-08	1.81e-07	1.27e-06	9.24e-06	1.94e-03	4.11e-02	2.58e-01	3.83e-01	2.23e-01	7.57e-02	1.25e-02	2.88e-03	1.42e-03	5.34e-05	6.80e-07
 1.61586e+22	9.41e-27	9.13e-13	2.81e-10	1.64e-08	2.17e-07	1.47e-06	1.05e-05	2.11e-03	4.36e-02	2.67e-01	3.85e-01	2.16e-01	7.14e-02	1.14e-02	2.59e-03	1.25e-03	4.52e-05	5.56e-07
 1.63597e+22	1.35e-26	1.29e-12	3.84e-10	2.15e-08	2.76e-07	1.80e-06	1.23e-05	2.37e-03	4.71e-02	2.78e-01	3.86e-01	2.07e-01	6.58e-02	1.01e-02	2.25e-03	1.04e-03	3.60e-05	4.21e-07
 1.65635e+22	1.77e-26	1.67e-12	4.87e-10	2.65e-08	3.31e-07	2.10e-06	1.40e-05	2.60e-03	5.00e-02	2.87e-01	3.87e-01	1.99e-01	6.17e-02	9.24e-03	2.02e-03	9.06e-04	3.02e-05	3.40e-07
 1.67707e+22	2.53e-26	2.36e-12	6.66e-10	3.49e-08	4.23e-07	2.59e-06	1.66e-05	2.92e-03	5.40e-02	2.99e-01	3.87e-01	1.90e-01	5.64e-02	8.14e-03	1.74e-03	7.50e-04	2.38e-05	2.55e-07
 1.69824e+22	3.35e-26	3.11e-12	8.55e-10	4.35e-08	5.14e-07	3.05e-06	1.90e-05	3.21e-03	5.75e-02	3.09e-01	3.86e-01	1.82e-01	5.24e-02	7.33e-03	1.54e-03	6.43e-04	1.95e-05	2.01e-07
 1.71998e+22	4.78e-26	4.43e-12	1.18e-09	5.78e-08	6.62e-07	3.79e-06	2.27e-05	3.64e-03	6.23e-02	3.22e-01	3.85e-01	1.71e-01	4.75e-02	6.37e-03	1.31e-03	5.24e-04	1.51e-05	1.47e-07
 1.74217e+22	6.33e-26	5.88e-12	1.53e-09	7.26e-08	8.11e-07	4.51e-06	2.63e-05	4.03e-03	6.65e-02	3.32e-01	3.83e-01	1.63e-01	4.37e-02	5.68e-03	1.14e-03	4.43e-04	1.22e-05	0.00e+00
 1.76447e+22	8.88e-26	8.32e-12	2.09e-09	9.63e-08	1.05e-06	5.61e-06	3.16e-05	4.57e-03	7.20e-02	3.45e-01	3.80e-01	1.53e-01	3.92e-02	4.89e-03	9.63e-04	3.57e-04	9.30e-06	0.00e+00
 1.78570e+22	1.12e-25	1.06e-11	2.61e-09	1.17e-07	1.25e-06	6.55e-06	3.59e-05	5.00e-03	7.62e-02	3.54e-01	3.77e-01	1.46e-01	3.63e-02	4.39e-03	8.52e-04	3.06e-04	7.66e-06	0.00e+00
 1.80605e+22	1.50e-25	1.45e-11	3.48e-09	1.52e-07	1.58e-06	8.02e-06	4.27e-05	5.62e-03	8.21e-02	3.66e-01	3.72e-01	1.36e-01	3.26e-02	3.80e-03	7.23e-04	2.48e-04	5.90e-06	0.00e+00
 1.82671e+22	1.89e-25	1.84e-11	4.35e-09	1.86e-07	1.90e-06	9.42e-06	4.90e-05	6.18e-03	8.70e-02	3.76e-01	3.68e-01	1.29e-01	2.99e-02	3.38e-03	6.33e-04	2.10e-04	4.79e-06	0.00e+00
 1.84705e+22	2.45e-25	2.46e-11	5.68e-09	2.37e-07	2.38e-06	1.15e-05	5.79e-05	6.93e-03	9.33e-02	3.87e-01	3.62e-01	1.20e-01	2.68e-02	2.91e-03	5.37e-04	1.71e-04	3.69e-06	0.00e+00
 1.86779e+22	3.04e-25	3.12e-11	7.09e-09	2.91e-07	2.87e-06	1.35e-05	6.69e-05	7.64e-03	9.91e-02	3.97e-01	3.56e-01	1.13e-01	2.44e-02	2.56e-03	4.65e-04	1.43e-04	2.95e-06	0.00e+00
 1.88803e+22	3.78e-25	4.05e-11	9.04e-09	3.64e-07	3.54e-06	1.63e-05	7.86e-05	8.53e-03	1.06e-01	4.07e-01	3.49e-01	1.05e-01	2.18e-02	2.21e-03	3.95e-04	1.16e-04	2.28e-06	0.00e+00
 1.90871e+22	4.59e-25	5.12e-11	1.13e-08	4.47e-07	4.30e-06	1.94e-05	9.14e-05	9.45e-03	1.13e-01	4.16e-01	3.42e-01	9.76e-02	1.97e-02	1.93e-03	3.38e-04	9.57e-05	1.80e-06	0.00e+00
 1.92911e+22	5.55e-25	6.47e-11	1.41e-08	5.52e-07	5.25e-06	2.31e-05	1.07e-04	1.05e-02	1.20e-01	4.25e-01	3.34e-01	9.05e-02	1.76e-02	1.66e-03	2.88e-04	7.81e-05	1.39e-06	0.00e+00
 1.94966e+22	6.63e-25	8.07e-11	1.74e-08	6.75e-07	6.36e-06	2.75e-05	1.25e-04	1.16e-02	1.27e-01	4.34e-01	3.26e-01	8.38e-02	1.57e-02	1.44e-03	2.45e-04	6.39e-05	1.09e-06	0.00e+00
 1.96996e+22	7.81e-25	9.97e-11	2.14e-08	8.22e-07	7.69e-06	3.26e-05	1.45e-04	1.29e-02	1.35e-01	4.42e-01	3.17e-01	7.74e-02	1.40e-02	1.24e-03	2.08e-04	5.21e-05	8.45e-07	0.00e+00
 1.99023e+22	9.12e-25	1.22e-10	2.61e-08	9.96e-07	9.25e-06	3.85e-05	1.69e-04	1.43e-02	1.43e-01	4.50e-01	3.08e-01	7.15e-02	1.25e-02	1.07e-03	1.77e-04	4.25e-05	6.58e-07	0.00e+00
 2.01052e+22	1.06e-24	1.48e-10	3.17e-08	1.20e-06	1.11e-05	4.55e-05	1.96e-04	1.58e-02	1.52e-01	4.56e-01	2.98e-01	6.58e-02	1.11e-02	9.20e-04	1.50e-04	3.46e-05	5.10e-07	0.00e+00
 2.03087e+22	1.22e-24	1.78e-10	3.82e-08	1.45e-06	1.33e-05	5.36e-05	2.28e-04	1.75e-02	1.60e-01	4.63e-01	2.88e-01	6.05e-02	9.90e-03	7.90e-04	1.27e-04	2.82e-05	3.96e-07	0.00e+00
 2.05133e+22	1.39e-24	2.13e-10	4.59e-08	1.73e-06	1.59e-05	6.31e-05	2.65e-04	1.93e-02	1.69e-01	4.68e-01	2.78e-01	5.55e-02	8.78e-03	6.77e-04	1.07e-04	2.29e-05	3.06e-07	0.00e+00
 2.07197e+22	1.59e-24	2.53e-10	5.49e-08	2.07e-06	1.90e-05	7.42e-05	3.07e-04	2.13e-02	1.79e-01	4.73e-01	2.68e-01	5.07e-02	7.77e-03	5.80e-04	9.05e-05	1.85e-05	2.36e-07	0.00e+00
 2.09283e+22	1.81e-24	2.99e-10	6.55e-08	2.48e-06	2.26e-05	8.72e-05	3.57e-04	2.35e-02	1.88e-01	4.77e-01	2.57e-01	4.63e-02	6.86e-03	4.95e-04	7.61e-05	1.50e-05	1.82e-07	0.00e+00
 2.11379e+22	2.06e-24	3.51e-10	7.77e-08	2.94e-06	2.69e-05	1.02e-04	4.14e-04	2.59e-02	1.98e-01	4.80e-01	2.47e-01	4.22e-02	6.06e-03	4.23e-04	6.40e-05	1.21e-05	1.40e-07	0.00e+00
 2.13509e+22	2.35e-24	4.10e-10	9.23e-08	3.50e-06	3.20e-05	1.20e-04	4.81e-04	2.86e-02	2.09e-01	4.82e-01	2.36e-01	3.83e-02	5.32e-03	3.59e-04	5.36e-05	9.71e-06	0.00e+00	0.00e+00
 2.15662e+22	5.03e-24	4.76e-10	1.09e-07	4.15e-06	3.78e-05	1.40e-04	5.57e-04	3.15e-02	2.19e-01	4.83e-01	2.25e-01	3.48e-02	4.68e-03	3.06e-04	4.49e-05	7.83e-06	0.00e+00	0.00e+00
 2.17856e+22	5.80e-24	5.54e-10	1.29e-07	4.93e-06	4.50e-05	1.65e-04	6.48e-04	3.47e-02	2.31e-01	4.84e-01	2.14e-01	3.14e-02	4.09e-03	2.58e-04	3.73e-05	6.24e-06	0.00e+00	0.00e+00
 2.20090e+22	6.71e-24	6.40e-10	1.53e-07	5.83e-06	5.32e-05	1.92e-04	7.51e-04	3.82e-02	2.42e-01	4.84e-01	2.03e-01	2.84e-02	3.58e-03	2.19e-04	3.11e-05	4.99e-06	0.00e+00	0.00e+00
 2.22137e+22	7.63e-24	7.21e-10	1.75e-07	6.71e-06	6.12e-05	2.19e-04	8.49e-04	4.14e-02	2.51e-01	4.82e-01	1.95e-01	2.60e-02	3.20e-03	1.90e-04	2.67e-05	4.14e-06	0.00e+00	0.00e+00
 2.24275e+22	8.96e-24	8.33e-10	2.08e-07	7.99e-06	7.30e-05	2.57e-04	9.93e-04	4.57e-02	2.63e-01	4.80e-01	1.83e-01	2.33e-02	2.77e-03	1.59e-04	2.19e-05	3.25e-06	0.00e+00	0.00e+00
 2.26446e+22	1.04e-23	9.38e-10	2.39e-07	9.19e-06	8.39e-05	2.92e-04	1.12e-03	4.94e-02	2.73e-01	4.78e-01	1.75e-01	2.13e-02	2.47e-03	1.37e-04	1.87e-05	2.69e-06	0.00e+00	0.00e+00
 2.28681e+22	1.25e-23	1.09e-09	2.86e-07	1.10e-05	1.00e-04	3.44e-04	1.31e-03	5.46e-02	2.86e-01	4.73e-01	1.64e-01	1.89e-02	2.12e-03	1.14e-04	1.53e-05	2.10e-06	0.00e+00	0.00e+00
 2.30919e+22	1.45e-23	1.22e-09	3.28e-07	1.26e-05	1.15e-04	3.90e-04	1.48e-03	5.88e-02	2.95e-01	4.69e-01	1.56e-01	1.72e-02	1.89e-03	9.87e-05	1.30e-05	1.73e-06	0.00e+00	0.00e+00
 2.33160e+22	1.77e-23	1.41e-09	3.90e-07	1.50e-05	1.37e-04	4.57e-04	1.72e-03	6.47e-02	3.08e-01	4.63e-01	1.45e-01	1.52e-02	1.62e-03	8.17e-05	1.06e-05	1.35e-06	0.00e+00	0.00e+00
 2.35411e+22	2.09e-23	1.58e-09	4.48e-07	1.72e-05	1.56e-04	5.16e-04	1.93e-03	6.95e-02	3.17e-01	4.58e-01	1.38e-01	1.39e-02	1.44e-03	7.09e-05	9.07e-06	1.12e-06	0.00e+00	0.00e+00
 2.37674e+22	2.58e-23	1.82e-09	5.33e-07	2.04e-05	1.85e-04	6.02e-04	2.24e-03	7.62e-02	3.29e-01	4.50e-01	1.28e-01	1.23e-02	1.24e-03	5.87e-05	7.38e-06	8.71e-07	0.00e+00	0.00e+00
 2.39961e+22	3.07e-23	2.05e-09	6.14e-07	2.34e-05	2.11e-04	6.78e-04	2.50e-03	8.17e-02	3.38e-01	4.43e-01	1.21e-01	1.11e-02	1.10e-03	5.07e-05	6.29e-06	7.18e-07	0.00e+00	0.00e+00
 2.42279e+22	3.85e-23	2.37e-09	7.34e-07	2.79e-05	2.49e-04	7.89e-04	2.90e-03	8.93e-02	3.50e-01	4.34e-01	1.12e-01	9.80e-03	9.38e-04	4.18e-05	5.10e-06	5.57e-07	0.00e+00	0.00e+00
 2.44629e+22	4.64e-23	2.68e-09	8.49e-07	3.20e-05	2.84e-04	8.88e-04	3.24e-03	9.56e-02	3.59e-01	4.26e-01	1.05e-01	8.86e-03	8.30e-04	3.60e-05	4.33e-06	4.58e-07	0.00e+00	0.00e+00
 2.47020e+22	5.92e-23	3.12e-09	1.02e-06	3.82e-05	3.37e-04	1.03e-03	3.75e-03	1.04e-01	3.70e-01	4.15e-01	9.68e-02	7.75e-03	7.06e-04	2.96e-05	3.49e-06	3.53e-07	0.00e+00	0.00e+00
 2.49454e+22	7.25e-23	3.55e-09	1.19e-06	4.41e-05	3.85e-04	1.16e-03	4.19e-03	1.11e-01	3.78e-01	4.06e-01	9.06e-02	6.98e-03	6.21e-04	2.53e-05	2.95e-06	2.88e-07	0.00e+00	0.00e+00
 2.51946e+22	9.43e-23	4.17e-09	1.44e-06	5.30e-05	4.58e-04	1.36e-03	4.84e-03	1.21e-01	3.89e-01	3.94e-01	8.28e-02	6.06e-03	5.25e-04	2.06e-05	2.36e-06	2.20e-07	0.00e+00	0.00e+00
 2.54496e+22	1.18e-22	4.81e-09	1.70e-06	6.15e-05	5.25e-04	1.53e-03	5.41e-03	1.30e-01	3.96e-01	3.84e-01	7.70e-02	5.42e-03	4.59e-04	1.75e-05	1.97e-06	1.78e-07	0.00e+00	0.00e+00
 2.57121e+22	1.56e-22	5.73e-09	2.08e-06	7.45e-05	6.27e-04	1.79e-03	6.26e-03	1.41e-01	4.06e-01	3.70e-01	6.98e-02	4.66e-03	3.84e-04	1.41e-05	1.56e-06	1.34e-07	0.00e+00	0.00e+00
 2.59793e+22	1.98e-22	6.67e-09	2.47e-06	8.70e-05	7.21e-04	2.02e-03	6.99e-03	1.50e-01	4.13e-01	3.58e-01	6.45e-02	4.15e-03	3.34e-04	1.19e-05	1.30e-06	0.00e+00	0.00e+00	0.00e+00
 2.62044e+22	2.46e-22	7.65e-09	2.87e-06	9.99e-05	8.16e-04	2.24e-03	7.71e-03	1.59e-01	4.18e-01	3.48e-01	6.01e-02	3.73e-03	2.94e-04	1.02e-05	1.10e-06	0.00e+00	0.00e+00	0.00e+00
 2.64490e+22	3.24e-22	9.10e-09	3.49e-06	1.19e-04	9.57e-04	2.57e-03	8.75e-03	1.71e-01	4.24e-01	3.35e-01	5.46e-02	3.24e-03	2.49e-04	8.39e-06	8.84e-07	0.00e+00	0.00e+00	0.00e+00
 2.66862e+22	3.98e-22	1.04e-08	4.02e-06	1.36e-04	1.07e-03	2.83e-03	9.54e-03	1.79e-01	4.28e-01	3.25e-01	5.10e-02	2.93e-03	2.22e-04	7.29e-06	7.58e-07	0.00e+00	0.00e+00	0.00e+00
 2.69139e+22	5.15e-22	1.22e-08	4.82e-06	1.60e-04	1.24e-03	3.21e-03	1.07e-02	1.91e-01	4.33e-01	3.12e-01	4.65e-02	2.57e-03	1.90e-04	6.03e-06	6.18e-07	0.00e+00	0.00e+00	0.00e+00
 2.71440e+22	6.41e-22	1.41e-08	5.59e-06	1.82e-04	1.39e-03	3.53e-03	1.16e-02	1.99e-01	4.36e-01	3.02e-01	4.33e-02	2.32e-03	1.68e-04	5.23e-06	5.29e-07	0.00e+00	0.00e+00	0.00e+00
 2.73773e+22	8.42e-22	1.68e-08	6.75e-06	2.16e-04	1.61e-03	3.99e-03	1.30e-02	2.12e-01	4.39e-01	2.89e-01	3.93e-02	2.02e-03	1.43e-04	4.32e-06	4.30e-07	0.00e+00	0.00e+00	0.00e+00
 2.76140e+22	1.06e-21	1.96e-08	7.87e-06	2.47e-04	1.81e-03	4.39e-03	1.41e-02	2.21e-01	4.41e-01	2.79e-01	3.65e-02	1.82e-03	1.27e-04	3.73e-06	3.66e-07	0.00e+00	0.00e+00	0.00e+00
 2.78552e+22	1.41e-21	2.36e-08	9.57e-06	2.94e-04	2.10e-03	4.97e-03	1.58e-02	2.34e-01	4.43e-01	2.66e-01	3.29e-02	1.58e-03	1.07e-04	3.06e-06	2.95e-07	0.00e+00	0.00e+00	0.00e+00
 2.80999e+22	1.79e-21	2.78e-08	1.12e-05	3.38e-04	2.36e-03	5.47e-03	1.71e-02	2.44e-01	4.43e-01	2.55e-01	3.04e-02	1.42e-03	9.46e-05	2.63e-06	2.50e-07	0.00e+00	0.00e+00	0.00e+00
 2.83492e+22	2.42e-21	3.38e-08	1.37e-05	4.04e-04	2.74e-03	6.20e-03	1.91e-02	2.58e-01	4.43e-01	2.42e-01	2.73e-02	1.22e-03	7.95e-05	2.13e-06	2.00e-07	0.00e+00	0.00e+00	0.00e+00
 2.86023e+22	3.12e-21	4.02e-08	1.62e-05	4.67e-04	3.09e-03	6.82e-03	2.07e-02	2.69e-01	4.42e-01	2.32e-01	2.51e-02	1.09e-03	6.97e-05	1.82e-06	1.69e-07	0.00e+00	0.00e+00	0.00e+00
 2.88604e+22	4.29e-21	4.96e-08	2.00e-05	5.61e-04	3.60e-03	7.73e-03	2.30e-02	2.83e-01	4.40e-01	2.18e-01	2.23e-02	9.30e-04	5.81e-05	1.47e-06	1.34e-07	0.00e+00	0.00e+00	0.00e+00
 2.91246e+22	5.61e-21	5.95e-08	2.38e-05	6.53e-04	4.07e-03	8.53e-03	2.50e-02	2.94e-01	4.38e-01	2.08e-01	2.04e-02	8.23e-04	5.04e-05	1.24e-06	0.00e+00	0.00e+00	0.00e+00	0.00e+00
 2.93968e+22	7.90e-21	7.51e-08	2.98e-05	7.91e-04	4.77e-03	9.69e-03	2.78e-02	3.09e-01	4.34e-01	1.95e-01	1.80e-02	6.99e-04	4.17e-05	9.95e-07	0.00e+00	0.00e+00	0.00e+00	0.00e+00
 2.96764e+22	1.05e-20	9.14e-08	3.58e-05	9.28e-04	5.42e-03	1.07e-02	3.01e-02	3.21e-01	4.30e-01	1.84e-01	1.63e-02	6.13e-04	3.58e-05	8.30e-07	0.00e+00	0.00e+00	0.00e+00	0.00e+00
 2.99660e+22	1.52e-20	1.18e-07	4.53e-05	1.14e-03	6.39e-03	1.22e-02	3.35e-02	3.36e-01	4.24e-01	1.71e-01	1.42e-02	5.14e-04	2.93e-05	6.54e-07	0.00e+00	0.00e+00	0.00e+00	0.00e+00
 3.02580e+22	2.05e-20	1.45e-07	5.47e-05	1.33e-03	7.26e-03	1.35e-02	3.62e-02	3.48e-01	4.19e-01	1.62e-01	1.28e-02	4.50e-04	2.51e-05	5.45e-07	0.00e+00	0.00e+00	0.00e+00	0.00e+00
 3.05532e+22	2.99e-20	1.88e-07	6.95e-05	1.64e-03	8.55e-03	1.53e-02	4.01e-02	3.63e-01	4.11e-01	1.49e-01	1.11e-02	3.75e-04	2.03e-05	4.26e-07	0.00e+00	0.00e+00	0.00e+00	0.00e+00
 3.08515e+22	4.06e-20	2.32e-07	8.41e-05	1.93e-03	9.71e-03	1.69e-02	4.32e-02	3.74e-01	4.04e-01	1.40e-01	9.98e-03	3.27e-04	1.73e-05	3.53e-07	0.00e+00	0.00e+00	0.00e+00	0.00e+00
 3.11539e+22	6.01e-20	3.04e-07	1.07e-04	2.37e-03	1.14e-02	1.92e-02	4.77e-02	3.89e-01	3.94e-01	1.28e-01	8.60e-03	2.71e-04	1.39e-05	2.74e-07	0.00e+00	0.00e+00	0.00e+00	0.00e+00
 3.14616e+22	8.26e-20	3.80e-07	1.31e-04	2.79e-03	1.30e-02	2.11e-02	5.13e-02	3.99e-01	3.85e-01	1.20e-01	7.66e-03	2.34e-04	1.18e-05	2.25e-07	0.00e+00	0.00e+00	0.00e+00	0.00e+00
 3.17344e+22	1.13e-19	4.72e-07	1.58e-04	3.29e-03	1.47e-02	2.32e-02	5.52e-02	4.10e-01	3.76e-01	1.11e-01	6.77e-03	2.01e-04	9.87e-06	1.83e-07	0.00e+00	0.00e+00	0.00e+00	0.00e+00
 3.20058e+22	1.55e-19	5.89e-07	1.92e-04	3.86e-03	1.67e-02	2.55e-02	5.90e-02	4.19e-01	3.66e-01	1.04e-01	6.03e-03	1.74e-04	8.36e-06	1.51e-07	0.00e+00	0.00e+00	0.00e+00	0.00e+00
 3.23174e+22	2.31e-19	7.79e-07	2.45e-04	4.74e-03	1.95e-02	2.86e-02	6.43e-02	4.30e-01	3.53e-01	9.39e-02	5.15e-03	1.43e-04	6.68e-06	1.16e-07	0.00e+00	0.00e+00	0.00e+00	0.00e+00
 3.26088e+22	3.04e-19	9.43e-07	2.88e-04	5.43e-03	2.16e-02	3.09e-02	6.80e-02	4.37e-01	3.44e-01	8.78e-02	4.62e-03	1.26e-04	5.73e-06	0.00e+00	0.00e+00	0.00e+00	0.00e+00	0.00e+00
 3.28740e+22	4.25e-19	1.19e-06	3.53e-04	6.42e-03	2.45e-02	3.39e-02	7.27e-02	4.45e-01	3.32e-01	8.06e-02	4.04e-03	1.07e-04	4.75e-06	0.00e+00	0.00e+00	0.00e+00	0.00e+00	0.00e+00
 3.31500e+22	5.72e-19	1.47e-06	4.21e-04	7.43e-03	2.73e-02	3.67e-02	7.68e-02	4.51e-01	3.22e-01	7.48e-02	3.59e-03	9.26e-05	4.03e-06	0.00e+00	0.00e+00	0.00e+00	0.00e+00	0.00e+00
 3.34403e+22	8.21e-19	1.89e-06	5.22e-04	8.88e-03	3.12e-02	4.04e-02	8.21e-02	4.57e-01	3.08e-01	6.79e-02	3.09e-03	7.73e-05	3.27e-06	0.00e+00	0.00e+00	0.00e+00	0.00e+00	0.00e+00
 3.37360e+22	1.13e-18	2.35e-06	6.27e-04	1.03e-02	3.49e-02	4.39e-02	8.69e-02	4.62e-01	2.96e-01	6.22e-02	2.70e-03	6.59e-05	2.72e-06	0.00e+00	0.00e+00	0.00e+00	0.00e+00	0.00e+00
 3.39936e+22	1.50e-18	2.87e-06	7.42e-04	1.19e-02	3.87e-02	4.72e-02	9.12e-02	4.65e-01	2.86e-01	5.74e-02	2.39e-03	5.70e-05	2.30e-06	0.00e+00	0.00e+00	0.00e+00	0.00e+00	0.00e+00
 3.42835e+22	2.15e-18	3.69e-06	9.14e-04	1.41e-02	4.38e-02	5.15e-02	9.65e-02	4.68e-01	2.72e-01	5.18e-02	2.05e-03	4.75e-05	1.86e-06	0.00e+00	0.00e+00	0.00e+00	0.00e+00	0.00e+00
 3.45887e+22	2.99e-18	4.63e-06	1.10e-03	1.64e-02	4.89e-02	5.56e-02	1.01e-01	4.69e-01	2.59e-01	4.69e-02	1.77e-03	4.01e-05	1.53e-06	0.00e+00	0.00e+00	0.00e+00	0.00e+00	0.00e+00
 3.48664e+22	4.06e-18	5.72e-06	1.31e-03	1.89e-02	5.42e-02	5.96e-02	1.06e-01	4.69e-01	2.47e-01	4.27e-02	1.55e-03	3.41e-05	1.27e-06	0.00e+00	0.00e+00	0.00e+00	0.00e+00	0.00e+00
 3.51802e+22	6.01e-18	7.49e-06	1.64e-03	2.26e-02	6.15e-02	6.50e-02	1.12e-01	4.67e-01	2.31e-01	3.78e-02	1.29e-03	2.77e-05	9.99e-07	0.00e+00	0.00e+00	0.00e+00	0.00e+00	0.00e+00
 3.55008e+22	8.32e-18	9.35e-06	1.97e-03	2.61e-02	6.81e-02	6.96e-02	1.16e-01	4.65e-01	2.18e-01	3.40e-02	1.11e-03	2.32e-05	8.15e-07	0.00e+00	0.00e+00	0.00e+00	0.00e+00	0.00e+00
 3.58302e+22	1.25e-17	1.23e-05	2.46e-03	3.12e-02	7.71e-02	7.56e-02	1.22e-01	4.59e-01	2.02e-01	2.96e-02	9.14e-04	1.86e-05	6.29e-07	0.00e+00	0.00e+00	0.00e+00	0.00e+00	0.00e+00
 3.61646e+22	1.74e-17	1.54e-05	2.95e-03	3.60e-02	8.50e-02	8.05e-02	1.26e-01	4.53e-01	1.89e-01	2.63e-02	7.75e-04	1.54e-05	5.07e-07	0.00e+00	0.00e+00	0.00e+00	0.00e+00	0.00e+00
 3.65056e+22	2.62e-17	2.04e-05	3.68e-03	4.29e-02	9.57e-02	8.68e-02	1.31e-01	4.43e-01	1.73e-01	2.27e-02	6.29e-04	1.21e-05	3.85e-07	0.00e+00	0.00e+00	0.00e+00	0.00e+00	0.00e+00
 3.68527e+22	3.68e-17	2.56e-05	4.41e-03	4.94e-02	1.05e-01	9.20e-02	1.35e-01	4.33e-01	1.60e-01	1.99e-02	5.27e-04	9.90e-06	3.06e-07	0.00e+00	0.00e+00	0.00e+00	0.00e+00	0.00e+00
 3.72075e+22	5.60e-17	3.39e-05	5.51e-03	5.86e-02	1.18e-01	9.83e-02	1.39e-01	4.19e-01	1.45e-01	1.68e-02	4.20e-04	7.66e-06	2.28e-07	0.00e+00	0.00e+00	0.00e+00	0.00e+00	0.00e+00
 3.75684e+22	7.92e-17	4.25e-05	6.58e-03	6.72e-02	1.28e-01	1.03e-01	1.42e-01	4.06e-01	1.32e-01	1.46e-02	3.46e-04	6.17e-06	1.78e-07	0.00e+00	0.00e+00	0.00e+00	0.00e+00	0.00e+00
 3.78885e+22	1.10e-16	5.29e-05	7.80e-03	7.64e-02	1.39e-01	1.08e-01	1.44e-01	3.91e-01	1.21e-01	1.26e-02	2.86e-04	4.98e-06	1.39e-07	0.00e+00	0.00e+00	0.00e+00	0.00e+00	0.00e+00
 3.82559e+22	1.69e-16	6.96e-05	9.65e-03	8.95e-02	1.53e-01	1.14e-01	1.46e-01	3.71e-01	1.06e-01	1.04e-02	2.23e-04	3.76e-06	0.00e+00	0.00e+00	0.00e+00	0.00e+00	0.00e+00	0.00e+00
 3.86280e+22	2.38e-16	8.68e-05	1.14e-02	1.01e-01	1.65e-01	1.18e-01	1.46e-01	3.54e-01	9.55e-02	8.85e-03	1.80e-04	2.96e-06	0.00e+00	0.00e+00	0.00e+00	0.00e+00	0.00e+00	0.00e+00
 3.90059e+22	3.64e-16	1.14e-04	1.40e-02	1.17e-01	1.79e-01	1.22e-01	1.46e-01	3.30e-01	8.30e-02	7.20e-03	1.38e-04	2.20e-06	0.00e+00	0.00e+00	0.00e+00	0.00e+00	0.00e+00	0.00e+00
 3.93880e+22	5.14e-16	1.41e-04	1.64e-02	1.32e-01	1.91e-01	1.26e-01	1.45e-01	3.11e-01	7.34e-02	6.03e-03	1.10e-04	1.72e-06	0.00e+00	0.00e+00	0.00e+00	0.00e+00	0.00e+00	0.00e+00
 3.97754e+22	7.90e-16	1.83e-04	2.00e-02	1.51e-01	2.05e-01	1.29e-01	1.43e-01	2.85e-01	6.25e-02	4.78e-03	8.21e-05	1.24e-06	0.00e+00	0.00e+00	0.00e+00	0.00e+00	0.00e+00	0.00e+00
 4.01665e+22	1.11e-15	2.25e-04	2.32e-02	1.67e-01	2.15e-01	1.30e-01	1.40e-01	2.65e-01	5.45e-02	3.95e-03	6.46e-05	9.56e-07	0.00e+00	0.00e+00	0.00e+00	0.00e+00	0.00e+00	0.00e+00
 4.05623e+22	7.89e-16	2.91e-04	2.79e-02	1.89e-01	2.28e-01	1.31e-01	1.35e-01	2.39e-01	4.55e-02	3.07e-03	4.72e-05	6.77e-07	0.00e+00	0.00e+00	0.00e+00	0.00e+00	0.00e+00	0.00e+00
 4.09623e+22	1.10e-15	3.55e-04	3.21e-02	2.08e-01	2.37e-01	1.31e-01	1.31e-01	2.19e-01	3.91e-02	2.50e-03	3.67e-05	5.13e-07	0.00e+00	0.00e+00	0.00e+00	0.00e+00	0.00e+00	0.00e+00
 4.13675e+22	1.70e-15	4.55e-04	3.82e-02	2.32e-01	2.46e-01	1.30e-01	1.25e-01	1.94e-01	3.20e-02	1.90e-03	2.63e-05	3.56e-07	0.00e+00	0.00e+00	0.00e+00	0.00e+00	0.00e+00	0.00e+00
 4.17781e+22	2.38e-15	5.51e-04	4.36e-02	2.51e-01	2.53e-01	1.29e-01	1.19e-01	1.75e-01	2.71e-02	1.52e-03	2.00e-05	2.65e-07	0.00e+00	0.00e+00	0.00e+00	0.00e+00	0.00e+00	0.00e+00
 4.21955e+22	3.70e-15	7.00e-04	5.14e-02	2.76e-01	2.59e-01	1.26e-01	1.12e-01	1.52e-01	2.17e-02	1.13e-03	1.40e-05	1.79e-07	0.00e+00	0.00e+00	0.00e+00	0.00e+00	0.00e+00	0.00e+00
 4.26055e+22	5.13e-15	8.32e-04	5.76e-02	2.95e-01	2.62e-01	1.23e-01	1.06e-01	1.37e-01	1.83e-02	9.02e-04	1.07e-05	1.34e-07	0.00e+00	0.00e+00	0.00e+00	0.00e+00	0.00e+00	0.00e+00
 4.29488e+22	7.02e-15	9.78e-04	6.41e-02	3.12e-01	2.64e-01	1.20e-01	1.00e-01	1.23e-01	1.54e-02	7.25e-04	8.27e-06	0.00e+00	0.00e+00	0.00e+00	0.00e+00	0.00e+00	0.00e+00	0.00e+00
 4.32803e+22	9.54e-15	1.14e-03	7.09e-02	3.29e-01	2.65e-01	1.16e-01	9.46e-02	1.10e-01	1.30e-02	5.83e-04	6.38e-06	0.00e+00	0.00e+00	0.00e+00	0.00e+00	0.00e+00	0.00e+00	0.00e+00
 4.36532e+22	1.41e-14	1.38e-03	8.00e-02	3.49e-01	2.64e-01	1.11e-01	8.75e-02	9.51e-02	1.05e-02	4.40e-04	4.59e-06	0.00e+00	0.00e+00	0.00e+00	0.00e+00	0.00e+00	0.00e+00	0.00e+00
 4.40247e+22	1.95e-14	1.60e-03	8.77e-02	3.65e-01	2.63e-01	1.07e-01	8.20e-02	8.47e-02	8.82e-03	3.53e-04	3.54e-06	0.00e+00	0.00e+00	0.00e+00	0.00e+00	0.00e+00	0.00e+00	0.00e+00
 4.43942e+22	2.96e-14	1.92e-03	9.83e-02	3.84e-01	2.59e-01	1.02e-01	7.51e-02	7.25e-02	7.00e-03	2.63e-04	2.51e-06	0.00e+00	0.00e+00	0.00e+00	0.00e+00	0.00e+00	0.00e+00	0.00e+00
 4.47692e+22	4.17e-14	2.20e-03	1.07e-01	3.98e-01	2.56e-01	9.75e-02	6.98e-02	6.40e-02	5.83e-03	2.09e-04	1.92e-06	0.00e+00	0.00e+00	0.00e+00	0.00e+00	0.00e+00	0.00e+00	0.00e+00
 4.51514e+22	6.50e-14	2.63e-03	1.19e-01	4.14e-01	2.50e-01	9.17e-02	6.33e-02	5.43e-02	4.58e-03	1.54e-04	1.35e-06	0.00e+00	0.00e+00	0.00e+00	0.00e+00	0.00e+00	0.00e+00	0.00e+00
 4.55395e+22	9.95e-14	3.03e-03	1.29e-01	4.27e-01	2.45e-01	8.69e-02	5.82e-02	4.72e-02	3.74e-03	1.20e-04	1.01e-06	0.00e+00	0.00e+00	0.00e+00	0.00e+00	0.00e+00	0.00e+00	0.00e+00
 4.58831e+22	1.46e-13	3.47e-03	1.40e-01	4.38e-01	2.39e-01	8.22e-02	5.35e-02	4.11e-02	3.07e-03	9.35e-05	7.57e-07	0.00e+00	0.00e+00	0.00e+00	0.00e+00	0.00e+00	0.00e+00	0.00e+00
 4.62776e+22	2.63e-13	4.12e-03	1.54e-01	4.50e-01	2.30e-01	7.63e-02	4.79e-02	3.43e-02	2.37e-03	6.78e-05	5.24e-07	0.00e+00	0.00e+00	0.00e+00	0.00e+00	0.00e+00	0.00e+00	0.00e+00
 4.66593e+22	4.73e-13	4.65e-03	1.65e-01	4.58e-01	2.24e-01	7.21e-02	4.40e-02	3.00e-02	1.95e-03	5.35e-05	3.99e-07	0.00e+00	0.00e+00	0.00e+00	0.00e+00	0.00e+00	0.00e+00	0.00e+00
 4.69632e+22	7.16e-13	5.20e-03	1.76e-01	4.65e-01	2.17e-01	6.82e-02	4.06e-02	2.65e-02	1.63e-03	4.29e-05	3.10e-07	0.00e+00	0.00e+00	0.00e+00	0.00e+00	0.00e+00	0.00e+00	0.00e+00
 4.72970e+22	1.32e-12	5.93e-03	1.89e-01	4.72e-01	2.09e-01	6.37e-02	3.68e-02	2.26e-02	1.31e-03	3.27e-05	2.28e-07	0.00e+00	0.00e+00	0.00e+00	0.00e+00	0.00e+00	0.00e+00	0.00e+00
 4.76366e+22	2.35e-12	6.62e-03	2.00e-01	4.76e-01	2.02e-01	6.00e-02	3.38e-02	1.98e-02	1.08e-03	2.60e-05	1.75e-07	0.00e+00	0.00e+00	0.00e+00	0.00e+00	0.00e+00	0.00e+00	0.00e+00
 4.79363e+22	4.73e-12	7.35e-03	2.12e-01	4.80e-01	1.95e-01	5.66e-02	3.11e-02	1.74e-02	9.04e-04	2.09e-05	1.36e-07	0.00e+00	0.00e+00	0.00e+00	0.00e+00	0.00e+00	0.00e+00	0.00e+00
 4.82784e+22	1.55e-11	8.36e-03	2.26e-01	4.83e-01	1.86e-01	5.24e-02	2.79e-02	1.47e-02	7.16e-04	1.57e-05	0.00e+00	0.00e+00	0.00e+00	0.00e+00	0.00e+00	0.00e+00	0.00e+00	0.00e+00
 4.86246e+22	6.51e-11	9.30e-03	2.39e-01	4.85e-01	1.79e-01	4.91e-02	2.54e-02	1.28e-02	5.88e-04	1.24e-05	0.00e+00	0.00e+00	0.00e+00	0.00e+00	0.00e+00	0.00e+00	0.00e+00	0.00e+00
 4.89281e+22	2.37e-10	1.03e-02	2.52e-01	4.86e-01	1.71e-01	4.60e-02	2.33e-02	1.12e-02	4.86e-04	9.87e-06	0.00e+00	0.00e+00	0.00e+00	0.00e+00	0.00e+00	0.00e+00	0.00e+00	0.00e+00
 4.92746e+22	4.30e-09	1.17e-02	2.68e-01	4.85e-01	1.62e-01	4.22e-02	2.07e-02	9.34e-03	3.80e-04	7.35e-06	0.00e+00	0.00e+00	0.00e+00	0.00e+00	0.00e+00	0.00e+00	0.00e+00	0.00e+00
 4.96240e+22	1.59e-08	1.29e-02	2.81e-01	4.84e-01	1.55e-01	3.95e-02	1.88e-02	8.12e-03	3.13e-04	5.83e-06	0.00e+00	0.00e+00	0.00e+00	0.00e+00	0.00e+00	0.00e+00	0.00e+00	0.00e+00
 4.99773e+22	4.66e-08	1.45e-02	2.98e-01	4.82e-01	1.46e-01	3.61e-02	1.67e-02	6.79e-03	2.44e-04	4.33e-06	0.00e+00	0.00e+00	0.00e+00	0.00e+00	0.00e+00	0.00e+00	0.00e+00	0.00e+00
 5.03362e+22	1.20e-07	1.61e-02	3.12e-01	4.78e-01	1.39e-01	3.35e-02	1.51e-02	5.82e-03	1.98e-04	3.37e-06	0.00e+00	0.00e+00	0.00e+00	0.00e+00	0.00e+00	0.00e+00	0.00e+00	0.00e+00
 5.06523e+22	2.65e-07	1.77e-02	3.26e-01	4.74e-01	1.32e-01	3.11e-02	1.36e-02	5.03e-03	1.62e-04	2.66e-06	0.00e+00	0.00e+00	0.00e+00	0.00e+00	0.00e+00	0.00e+00	0.00e+00	0.00e+00
 5.10133e+22	8.15e-07	1.98e-02	3.44e-01	4.68e-01	1.24e-01	2.83e-02	1.20e-02	4.17e-03	1.25e-04	1.96e-06	0.00e+00	0.00e+00	0.00e+00	0.00e+00	0.00e+00	0.00e+00	0.00e+00	0.00e+00
 5.13821e+22	1.46e-06	2.19e-02	3.59e-01	4.62e-01	1.17e-01	2.61e-02	1.08e-02	3.56e-03	1.01e-04	1.52e-06	0.00e+00	0.00e+00	0.00e+00	0.00e+00	0.00e+00	0.00e+00	0.00e+00	0.00e+00
 5.17611e+22	2.30e-06	2.45e-02	3.77e-01	4.54e-01	1.08e-01	2.36e-02	9.42e-03	2.93e-03	7.71e-05	1.11e-06	0.00e+00	0.00e+00	0.00e+00	0.00e+00	0.00e+00	0.00e+00	0.00e+00	0.00e+00
 5.20514e+22	2.78e-06	2.57e-02	3.85e-01	4.50e-01	1.05e-01	2.26e-02	8.89e-03	2.70e-03	6.89e-05	9.75e-07	0.00e+00	0.00e+00	0.00e+00	0.00e+00	0.00e+00	0.00e+00	0.00e+00	0.00e+00
 5.22267e+22	3.22e-06	2.73e-02	3.94e-01	4.45e-01	1.01e-01	2.15e-02	8.30e-03	2.44e-03	6.02e-05	8.32e-07	0.00e+00	0.00e+00	0.00e+00	0.00e+00	0.00e+00	0.00e+00	0.00e+00	0.00e+00
 5.24545e+22	3.74e-06	2.91e-02	4.05e-01	4.39e-01	9.66e-02	2.02e-02	7.64e-03	2.17e-03	5.12e-05	6.89e-07	0.00e+00	0.00e+00	0.00e+00	0.00e+00	0.00e+00	0.00e+00	0.00e+00	0.00e+00
 5.27506e+22	4.48e-06	3.17e-02	4.19e-01	4.31e-01	9.10e-02	1.86e-02	6.85e-03	1.86e-03	4.15e-05	5.40e-07	0.00e+00	0.00e+00	0.00e+00	0.00e+00	0.00e+00	0.00e+00	0.00e+00	0.00e+00
 5.31356e+22	5.69e-06	3.57e-02	4.39e-01	4.18e-01	8.34e-02	1.65e-02	5.88e-03	1.50e-03	3.09e-05	3.84e-07	0.00e+00	0.00e+00	0.00e+00	0.00e+00	0.00e+00	0.00e+00	0.00e+00	0.00e+00
 5.35263e+22	6.76e-06	3.89e-02	4.53e-01	4.08e-01	7.81e-02	1.51e-02	5.23e-03	1.27e-03	2.48e-05	2.97e-07	0.00e+00	0.00e+00	0.00e+00	0.00e+00	0.00e+00	0.00e+00	0.00e+00	0.00e+00
 5.39246e+22	8.44e-06	4.35e-02	4.72e-01	3.94e-01	7.12e-02	1.34e-02	4.46e-03	1.02e-03	1.84e-05	2.10e-07	0.00e+00	0.00e+00	0.00e+00	0.00e+00	0.00e+00	0.00e+00	0.00e+00	0.00e+00
 5.43304e+22	9.97e-06	4.75e-02	4.87e-01	3.83e-01	6.61e-02	1.22e-02	3.93e-03	8.54e-04	1.45e-05	1.60e-07	0.00e+00	0.00e+00	0.00e+00	0.00e+00	0.00e+00	0.00e+00	0.00e+00	0.00e+00
 5.47461e+22	1.22e-05	5.29e-02	5.05e-01	3.67e-01	6.00e-02	1.07e-02	3.33e-03	6.82e-04	1.07e-05	0.00e+00	0.00e+00	0.00e+00	0.00e+00	0.00e+00	0.00e+00	0.00e+00	0.00e+00	0.00e+00
 5.51123e+22	1.38e-05	5.67e-02	5.16e-01	3.57e-01	5.64e-02	9.88e-03	3.00e-03	5.93e-04	8.86e-06	0.00e+00	0.00e+00	0.00e+00	0.00e+00	0.00e+00	0.00e+00	0.00e+00	0.00e+00	0.00e+00
 5.53740e+22	1.53e-05	6.00e-02	5.26e-01	3.48e-01	5.35e-02	9.22e-03	2.74e-03	5.25e-04	7.52e-06	0.00e+00	0.00e+00	0.00e+00	0.00e+00	0.00e+00	0.00e+00	0.00e+00	0.00e+00	0.00e+00
 5.56741e+22	1.74e-05	6.46e-02	5.38e-01	3.37e-01	4.97e-02	8.40e-03	2.43e-03	4.47e-04	6.05e-06	0.00e+00	0.00e+00	0.00e+00	0.00e+00	0.00e+00	0.00e+00	0.00e+00	0.00e+00	0.00e+00
 5.59864e+22	1.95e-05	6.88e-02	5.48e-01	3.26e-01	4.67e-02	7.73e-03	2.18e-03	3.88e-04	5.01e-06	0.00e+00	0.00e+00	0.00e+00	0.00e+00	0.00e+00	0.00e+00	0.00e+00	0.00e+00	0.00e+00
 5.63144e+22	2.25e-05	7.46e-02	5.60e-01	3.13e-01	4.30e-02	6.96e-03	1.91e-03	3.24e-04	3.94e-06	0.00e+00	0.00e+00	0.00e+00	0.00e+00	0.00e+00	0.00e+00	0.00e+00	0.00e+00	0.00e+00
 5.66429e+22	2.50e-05	7.93e-02	5.70e-01	3.02e-01	4.02e-02	6.39e-03	1.71e-03	2.82e-04	3.25e-06	0.00e+00	0.00e+00	0.00e+00	0.00e+00	0.00e+00	0.00e+00	0.00e+00	0.00e+00	0.00e+00
 5.69721e+22	2.86e-05	8.57e-02	5.81e-01	2.89e-01	3.69e-02	5.73e-03	1.48e-03	2.35e-04	2.55e-06	0.00e+00	0.00e+00	0.00e+00	0.00e+00	0.00e+00	0.00e+00	0.00e+00	0.00e+00	0.00e+00
 5.73044e+22	3.17e-05	9.10e-02	5.89e-01	2.78e-01	3.44e-02	5.24e-03	1.33e-03	2.04e-04	2.10e-06	0.00e+00	0.00e+00	0.00e+00	0.00e+00	0.00e+00	0.00e+00	0.00e+00	0.00e+00	0.00e+00
 5.76409e+22	3.60e-05	9.81e-02	5.99e-01	2.65e-01	3.15e-02	4.69e-03	1.15e-03	1.70e-04	1.65e-06	0.00e+00	0.00e+00	0.00e+00	0.00e+00	0.00e+00	0.00e+00	0.00e+00	0.00e+00	0.00e+00
 5.79848e+22	4.00e-05	1.04e-01	6.07e-01	2.54e-01	2.93e-02	4.27e-03	1.02e-03	1.46e-04	1.34e-06	0.00e+00	0.00e+00	0.00e+00	0.00e+00	0.00e+00	0.00e+00	0.00e+00	0.00e+00	0.00e+00
 5.83383e+22	4.54e-05	1.12e-01	6.16e-01	2.40e-01	2.66e-02	3.79e-03	8.74e-04	1.21e-04	1.04e-06	0.00e+00	0.00e+00	0.00e+00	0.00e+00	0.00e+00	0.00e+00	0.00e+00	0.00e+00	0.00e+00
 5.86974e+22	5.03e-05	1.19e-01	6.22e-01	2.29e-01	2.46e-02	3.43e-03	7.70e-04	1.04e-04	8.44e-07	0.00e+00	0.00e+00	0.00e+00	0.00e+00	0.00e+00	0.00e+00	0.00e+00	0.00e+00	0.00e+00
 5.90638e+22	5.70e-05	1.29e-01	6.30e-01	2.16e-01	2.22e-02	3.02e-03	6.55e-04	8.58e-05	6.48e-07	0.00e+00	0.00e+00	0.00e+00	0.00e+00	0.00e+00	0.00e+00	0.00e+00	0.00e+00	0.00e+00
 5.94372e+22	6.30e-05	1.37e-01	6.35e-01	2.05e-01	2.04e-02	2.72e-03	5.73e-04	7.34e-05	5.22e-07	0.00e+00	0.00e+00	0.00e+00	0.00e+00	0.00e+00	0.00e+00	0.00e+00	0.00e+00	0.00e+00
 5.98200e+22	7.14e-05	1.47e-01	6.40e-01	1.91e-01	1.84e-02	2.37e-03	4.83e-04	6.01e-05	3.96e-07	0.00e+00	0.00e+00	0.00e+00	0.00e+00	0.00e+00	0.00e+00	0.00e+00	0.00e+00	0.00e+00
 6.02112e+22	7.89e-05	1.56e-01	6.44e-01	1.81e-01	1.68e-02	2.12e-03	4.19e-04	5.11e-05	3.16e-07	0.00e+00	0.00e+00	0.00e+00	0.00e+00	0.00e+00	0.00e+00	0.00e+00	0.00e+00	0.00e+00
 6.06136e+22	8.88e-05	1.68e-01	6.47e-01	1.68e-01	1.50e-02	1.84e-03	3.50e-04	4.19e-05	2.39e-07	0.00e+00	0.00e+00	0.00e+00	0.00e+00	0.00e+00	0.00e+00	0.00e+00	0.00e+00	0.00e+00
 6.10247e+22	9.84e-05	1.78e-01	6.49e-01	1.57e-01	1.36e-02	1.63e-03	3.00e-04	3.54e-05	1.88e-07	0.00e+00	0.00e+00	0.00e+00	0.00e+00	0.00e+00	0.00e+00	0.00e+00	0.00e+00	0.00e+00
 6.14472e+22	1.11e-04	1.92e-01	6.50e-01	1.44e-01	1.20e-02	1.40e-03	2.47e-04	2.87e-05	1.40e-07	0.00e+00	0.00e+00	0.00e+00	0.00e+00	0.00e+00	0.00e+00	0.00e+00	0.00e+00	0.00e+00
 6.18709e+22	1.22e-04	2.03e-01	6.50e-01	1.35e-01	1.09e-02	1.24e-03	2.12e-04	2.43e-05	0.00e+00	0.00e+00	0.00e+00	0.00e+00	0.00e+00	0.00e+00	0.00e+00	0.00e+00	0.00e+00	0.00e+00
 6.22961e+22	1.37e-04	2.18e-01	6.48e-01	1.23e-01	9.58e-03	1.06e-03	1.73e-04	1.98e-05	0.00e+00	0.00e+00	0.00e+00	0.00e+00	0.00e+00	0.00e+00	0.00e+00	0.00e+00	0.00e+00	0.00e+00
 6.27283e+22	1.50e-04	2.30e-01	6.46e-01	1.14e-01	8.65e-03	9.31e-04	1.48e-04	1.68e-05	0.00e+00	0.00e+00	0.00e+00	0.00e+00	0.00e+00	0.00e+00	0.00e+00	0.00e+00	0.00e+00	0.00e+00
 6.31694e+22	1.68e-04	2.47e-01	6.41e-01	1.03e-01	7.57e-03	7.89e-04	1.20e-04	1.37e-05	0.00e+00	0.00e+00	0.00e+00	0.00e+00	0.00e+00	0.00e+00	0.00e+00	0.00e+00	0.00e+00	0.00e+00
 6.36219e+22	1.84e-04	2.60e-01	6.37e-01	9.52e-02	6.78e-03	6.90e-04	1.02e-04	1.16e-05	0.00e+00	0.00e+00	0.00e+00	0.00e+00	0.00e+00	0.00e+00	0.00e+00	0.00e+00	0.00e+00	0.00e+00
 6.40892e+22	2.07e-04	2.79e-01	6.29e-01	8.49e-02	5.85e-03	5.75e-04	8.09e-05	9.29e-06	0.00e+00	0.00e+00	0.00e+00	0.00e+00	0.00e+00	0.00e+00	0.00e+00	0.00e+00	0.00e+00	0.00e+00
 6.45624e+22	2.25e-04	2.94e-01	6.22e-01	7.78e-02	5.22e-03	5.00e-04	6.80e-05	7.88e-06	0.00e+00	0.00e+00	0.00e+00	0.00e+00	0.00e+00	0.00e+00	0.00e+00	0.00e+00	0.00e+00	0.00e+00
 6.50431e+22	2.52e-04	3.14e-01	6.12e-01	6.87e-02	4.47e-03	4.15e-04	5.39e-05	6.33e-06	0.00e+00	0.00e+00	0.00e+00	0.00e+00	0.00e+00	0.00e+00	0.00e+00	0.00e+00	0.00e+00	0.00e+00
 6.55394e+22	2.74e-04	3.31e-01	6.02e-01	6.22e-02	3.94e-03	3.56e-04	4.47e-05	5.33e-06	0.00e+00	0.00e+00	0.00e+00	0.00e+00	0.00e+00	0.00e+00	0.00e+00	0.00e+00	0.00e+00	0.00e+00
 6.60560e+22	3.07e-04	3.54e-01	5.88e-01	5.39e-02	3.32e-03	2.90e-04	3.46e-05	4.22e-06	0.00e+00	0.00e+00	0.00e+00	0.00e+00	0.00e+00	0.00e+00	0.00e+00	0.00e+00	0.00e+00	0.00e+00
 6.65868e+22	3.34e-04	3.73e-01	5.76e-01	4.81e-02	2.90e-03	2.46e-04	2.83e-05	3.52e-06	0.00e+00	0.00e+00	0.00e+00	0.00e+00	0.00e+00	0.00e+00	0.00e+00	0.00e+00	0.00e+00	0.00e+00
 6.71364e+22	3.74e-04	3.98e-01	5.58e-01	4.10e-02	2.40e-03	1.97e-04	2.15e-05	2.76e-06	0.00e+00	0.00e+00	0.00e+00	0.00e+00	0.00e+00	0.00e+00	0.00e+00	0.00e+00	0.00e+00	0.00e+00
 6.77071e+22	4.09e-04	4.20e-01	5.42e-01	3.57e-02	2.06e-03	1.64e-04	1.72e-05	2.27e-06	0.00e+00	0.00e+00	0.00e+00	0.00e+00	0.00e+00	0.00e+00	0.00e+00	0.00e+00	0.00e+00	0.00e+00
 6.83056e+22	4.58e-04	4.49e-01	5.20e-01	2.96e-02	1.67e-03	1.28e-04	1.28e-05	1.74e-06	0.00e+00	0.00e+00	0.00e+00	0.00e+00	0.00e+00	0.00e+00	0.00e+00	0.00e+00	0.00e+00	0.00e+00
 6.89263e+22	5.02e-04	4.73e-01	5.00e-01	2.52e-02	1.39e-03	1.04e-04	9.97e-06	1.40e-06	0.00e+00	0.00e+00	0.00e+00	0.00e+00	0.00e+00	0.00e+00	0.00e+00	0.00e+00	0.00e+00	0.00e+00
 6.94102e+22	5.34e-04	4.91e-01	4.85e-01	2.24e-02	1.23e-03	8.93e-05	8.35e-06	1.20e-06	0.00e+00	0.00e+00	0.00e+00	0.00e+00	0.00e+00	0.00e+00	0.00e+00	0.00e+00	0.00e+00	0.00e+00
 6.98733e+22	5.78e-04	5.13e-01	4.66e-01	1.90e-02	1.03e-03	7.33e-05	6.61e-06	9.74e-07	0.00e+00	0.00e+00	0.00e+00	0.00e+00	0.00e+00	0.00e+00	0.00e+00	0.00e+00	0.00e+00	0.00e+00
 7.03501e+22	6.20e-04	5.34e-01	4.48e-01	1.65e-02	8.86e-04	6.16e-05	5.41e-06	8.14e-07	0.00e+00	0.00e+00	0.00e+00	0.00e+00	0.00e+00	0.00e+00	0.00e+00	0.00e+00	0.00e+00	0.00e+00
 7.08446e+22	6.75e-04	5.59e-01	4.26e-01	1.36e-02	7.25e-04	4.90e-05	4.16e-06	6.43e-07	0.00e+00	0.00e+00	0.00e+00	0.00e+00	0.00e+00	0.00e+00	0.00e+00	0.00e+00	0.00e+00	0.00e+00
 7.13487e+22	7.22e-04	5.80e-01	4.07e-01	1.16e-02	6.12e-04	4.05e-05	3.35e-06	5.28e-07	0.00e+00	0.00e+00	0.00e+00	0.00e+00	0.00e+00	0.00e+00	0.00e+00	0.00e+00	0.00e+00	0.00e+00
 7.18651e+22	7.86e-04	6.08e-01	3.82e-01	9.30e-03	4.86e-04	3.13e-05	2.52e-06	4.06e-07	0.00e+00	0.00e+00	0.00e+00	0.00e+00	0.00e+00	0.00e+00	0.00e+00	0.00e+00	0.00e+00	0.00e+00
 7.24011e+22	8.45e-04	6.31e-01	3.60e-01	7.61e-03	3.95e-04	2.49e-05	1.96e-06	3.20e-07	0.00e+00	0.00e+00	0.00e+00	0.00e+00	0.00e+00	0.00e+00	0.00e+00	0.00e+00	0.00e+00	0.00e+00
 7.28275e+22	8.93e-04	6.50e-01	3.42e-01	6.45e-03	3.33e-04	2.06e-05	1.60e-06	2.64e-07	0.00e+00	0.00e+00	0.00e+00	0.00e+00	0.00e+00	0.00e+00	0.00e+00	0.00e+00	0.00e+00	0.00e+00
 7.31912e+22	9.42e-04	6.68e-01	3.26e-01	5.46e-03	2.79e-04	1.70e-05	1.30e-06	2.18e-07	0.00e+00	0.00e+00	0.00e+00	0.00e+00	0.00e+00	0.00e+00	0.00e+00	0.00e+00	0.00e+00	0.00e+00
 7.36081e+22	1.00e-03	6.90e-01	3.04e-01	4.37e-03	2.21e-04	1.32e-05	1.00e-06	1.68e-07	0.00e+00	0.00e+00	0.00e+00	0.00e+00	0.00e+00	0.00e+00	0.00e+00	0.00e+00	0.00e+00	0.00e+00
 7.40461e+22	1.06e-03	7.11e-01	2.85e-01	3.50e-03	1.75e-04	1.03e-05	7.72e-07	1.31e-07	0.00e+00	0.00e+00	0.00e+00	0.00e+00	0.00e+00	0.00e+00	0.00e+00	0.00e+00	0.00e+00	0.00e+00
 7.44333e+22	1.11e-03	7.29e-01	2.66e-01	2.81e-03	1.39e-04	8.06e-06	6.01e-07	0.00e+00	0.00e+00	0.00e+00	0.00e+00	0.00e+00	0.00e+00	0.00e+00	0.00e+00	0.00e+00	0.00e+00	0.00e+00
 7.47926e+22	1.16e-03	7.47e-01	2.49e-01	2.24e-03	1.09e-04	6.25e-06	4.66e-07	0.00e+00	0.00e+00	0.00e+00	0.00e+00	0.00e+00	0.00e+00	0.00e+00	0.00e+00	0.00e+00	0.00e+00	0.00e+00
 7.51287e+22	1.20e-03	7.64e-01	2.33e-01	1.79e-03	8.57e-05	4.85e-06	3.63e-07	0.00e+00	0.00e+00	0.00e+00	0.00e+00	0.00e+00	0.00e+00	0.00e+00	0.00e+00	0.00e+00	0.00e+00	0.00e+00
 7.54408e+22	1.24e-03	7.79e-01	2.18e-01	1.42e-03	6.68e-05	3.74e-06	2.82e-07	0.00e+00	0.00e+00	0.00e+00	0.00e+00	0.00e+00	0.00e+00	0.00e+00	0.00e+00	0.00e+00	0.00e+00	0.00e+00
 7.57277e+22	1.27e-03	7.93e-01	2.05e-01	1.12e-03	5.21e-05	2.89e-06	2.21e-07	0.00e+00	0.00e+00	0.00e+00	0.00e+00	0.00e+00	0.00e+00	0.00e+00	0.00e+00	0.00e+00	0.00e+00	0.00e+00
 7.59869e+22	1.29e-03	8.05e-01	1.92e-01	8.98e-04	4.10e-05	2.25e-06	1.74e-07	0.00e+00	0.00e+00	0.00e+00	0.00e+00	0.00e+00	0.00e+00	0.00e+00	0.00e+00	0.00e+00	0.00e+00	0.00e+00
 7.62213e+22	1.32e-03	8.16e-01	1.82e-01	7.24e-04	3.25e-05	1.77e-06	1.39e-07	0.00e+00	0.00e+00	0.00e+00	0.00e+00	0.00e+00	0.00e+00	0.00e+00	0.00e+00	0.00e+00	0.00e+00	0.00e+00
 7.64349e+22	1.33e-03	8.26e-01	1.72e-01	5.90e-04	2.61e-05	1.41e-06	1.13e-07	0.00e+00	0.00e+00	0.00e+00	0.00e+00	0.00e+00	0.00e+00	0.00e+00	0.00e+00	0.00e+00	0.00e+00	0.00e+00
 7.65693e+22	1.34e-03	8.31e-01	1.68e-01	5.25e-04	2.31e-05	1.25e-06	0.00e+00	0.00e+00	0.00e+00	0.00e+00	0.00e+00	0.00e+00	0.00e+00	0.00e+00	0.00e+00	0.00e+00	0.00e+00	0.00e+00
 7.66190e+22	1.34e-03	8.32e-01	1.66e-01	5.02e-04	2.20e-05	1.19e-06	0.00e+00	0.00e+00	0.00e+00	0.00e+00	0.00e+00	0.00e+00	0.00e+00	0.00e+00	0.00e+00	0.00e+00	0.00e+00	0.00e+00
 7.66589e+22	1.34e-03	8.34e-01	1.64e-01	4.82e-04	2.10e-05	1.13e-06	0.00e+00	0.00e+00	0.00e+00	0.00e+00	0.00e+00	0.00e+00	0.00e+00	0.00e+00	0.00e+00	0.00e+00	0.00e+00	0.00e+00
 7.67108e+22	1.35e-03	8.37e-01	1.62e-01	4.57e-04	1.99e-05	1.07e-06	0.00e+00	0.00e+00	0.00e+00	0.00e+00	0.00e+00	0.00e+00	0.00e+00	0.00e+00	0.00e+00	0.00e+00	0.00e+00	0.00e+00
 7.67716e+22	1.36e-03	8.39e-01	1.59e-01	4.29e-04	1.86e-05	9.95e-07	0.00e+00	0.00e+00	0.00e+00	0.00e+00	0.00e+00	0.00e+00	0.00e+00	0.00e+00	0.00e+00	0.00e+00	0.00e+00	0.00e+00
 7.68321e+22	1.36e-03	8.42e-01	1.57e-01	4.05e-04	1.75e-05	9.34e-07	0.00e+00	0.00e+00	0.00e+00	0.00e+00	0.00e+00	0.00e+00	0.00e+00	0.00e+00	0.00e+00	0.00e+00	0.00e+00	0.00e+00
 7.68912e+22	1.36e-03	8.44e-01	1.54e-01	3.82e-04	1.64e-05	8.75e-07	0.00e+00	0.00e+00	0.00e+00	0.00e+00	0.00e+00	0.00e+00	0.00e+00	0.00e+00	0.00e+00	0.00e+00	0.00e+00	0.00e+00
 7.69512e+22	1.37e-03	8.46e-01	1.52e-01	3.60e-04	1.54e-05	8.20e-07	0.00e+00	0.00e+00	0.00e+00	0.00e+00	0.00e+00	0.00e+00	0.00e+00	0.00e+00	0.00e+00	0.00e+00	0.00e+00	0.00e+00
 7.70103e+22	1.38e-03	8.48e-01	1.50e-01	3.40e-04	1.45e-05	7.70e-07	0.00e+00	0.00e+00	0.00e+00	0.00e+00	0.00e+00	0.00e+00	0.00e+00	0.00e+00	0.00e+00	0.00e+00	0.00e+00	0.00e+00
 7.70701e+22	1.38e-03	8.50e-01	1.48e-01	3.21e-04	1.37e-05	7.23e-07	0.00e+00	0.00e+00	0.00e+00	0.00e+00	0.00e+00	0.00e+00	0.00e+00	0.00e+00	0.00e+00	0.00e+00	0.00e+00	0.00e+00
 7.71320e+22	1.38e-03	8.52e-01	1.46e-01	3.03e-04	1.29e-05	6.78e-07	0.00e+00	0.00e+00	0.00e+00	0.00e+00	0.00e+00	0.00e+00	0.00e+00	0.00e+00	0.00e+00	0.00e+00	0.00e+00	0.00e+00
 7.71953e+22	1.39e-03	8.54e-01	1.44e-01	2.86e-04	1.21e-05	6.37e-07	0.00e+00	0.00e+00	0.00e+00	0.00e+00	0.00e+00	0.00e+00	0.00e+00	0.00e+00	0.00e+00	0.00e+00	0.00e+00	0.00e+00
 7.72601e+22	1.39e-03	8.56e-01	1.42e-01	2.70e-04	1.14e-05	5.97e-07	0.00e+00	0.00e+00	0.00e+00	0.00e+00	0.00e+00	0.00e+00	0.00e+00	0.00e+00	0.00e+00	0.00e+00	0.00e+00	0.00e+00
 7.73258e+22	1.40e-03	8.58e-01	1.40e-01	2.55e-04	1.07e-05	5.61e-07	0.00e+00	0.00e+00	0.00e+00	0.00e+00	0.00e+00	0.00e+00	0.00e+00	0.00e+00	0.00e+00	0.00e+00	0.00e+00	0.00e+00
 7.73926e+22	1.40e-03	8.60e-01	1.39e-01	2.40e-04	1.01e-05	5.27e-07	0.00e+00	0.00e+00	0.00e+00	0.00e+00	0.00e+00	0.00e+00	0.00e+00	0.00e+00	0.00e+00	0.00e+00	0.00e+00	0.00e+00
 7.74626e+22	1.41e-03	8.61e-01	1.37e-01	2.27e-04	9.50e-06	4.95e-07	0.00e+00	0.00e+00	0.00e+00	0.00e+00	0.00e+00	0.00e+00	0.00e+00	0.00e+00	0.00e+00	0.00e+00	0.00e+00	0.00e+00
 7.75357e+22	1.41e-03	8.62e-01	1.36e-01	2.14e-04	8.95e-06	4.66e-07	0.00e+00	0.00e+00	0.00e+00	0.00e+00	0.00e+00	0.00e+00	0.00e+00	0.00e+00	0.00e+00	0.00e+00	0.00e+00	0.00e+00
