#depth	S	S+	S+2	S+3	S+4	S+5	S+6	S+7	S+8	S+9	S+10	S+11	S+12	S+13	S+14	S+15	S+16
 4.62852e+21	1.80e-32	6.30e-19	1.44e-15	2.68e-13	2.26e-11	1.28e-09	2.16e-06	2.13e-04	5.18e-03	3.14e-02	1.27e-01	2.17e-01	1.70e-01	1.28e-01	2.58e-01	5.89e-02	4.37e-03
 1.02611e+22	3.18e-30	5.42e-17	7.30e-14	7.31e-12	3.25e-10	1.02e-08	1.23e-05	1.09e-03	2.09e-02	8.71e-02	2.42e-01	2.96e-01	1.56e-01	7.68e-02	1.05e-01	1.46e-02	6.65e-04
 1.17203e+22	1.05e-29	2.84e-16	3.18e-13	2.57e-11	9.14e-10	2.34e-08	2.33e-05	1.92e-03	3.29e-02	1.18e-01	2.81e-01	2.99e-01	1.35e-01	5.71e-02	6.76e-02	7.72e-03	2.89e-04
 1.24029e+22	2.54e-29	6.14e-16	6.33e-13	4.65e-11	1.49e-09	3.48e-08	3.17e-05	2.49e-03	4.03e-02	1.34e-01	2.96e-01	2.95e-01	1.24e-01	4.88e-02	5.40e-02	5.62e-03	1.92e-04
 1.26923e+22	3.23e-29	7.59e-16	7.64e-13	5.47e-11	1.71e-09	3.88e-08	3.44e-05	2.68e-03	4.26e-02	1.39e-01	2.99e-01	2.94e-01	1.20e-01	4.66e-02	5.06e-02	5.14e-03	1.71e-04
 1.28345e+22	4.30e-29	9.74e-16	9.55e-13	6.64e-11	2.01e-09	4.43e-08	3.82e-05	2.92e-03	4.55e-02	1.44e-01	3.04e-01	2.91e-01	1.17e-01	4.41e-02	4.69e-02	4.62e-03	1.49e-04
 1.30194e+22	6.36e-29	1.37e-15	1.30e-12	8.63e-11	2.50e-09	5.28e-08	4.36e-05	3.26e-03	4.95e-02	1.52e-01	3.09e-01	2.88e-01	1.11e-01	4.09e-02	4.22e-02	3.98e-03	1.23e-04
 1.32065e+22	8.55e-29	1.78e-15	1.64e-12	1.06e-10	2.96e-09	6.06e-08	4.85e-05	3.56e-03	5.28e-02	1.58e-01	3.13e-01	2.84e-01	1.07e-01	3.85e-02	3.88e-02	3.55e-03	1.07e-04
 1.33965e+22	1.26e-28	2.49e-15	2.21e-12	1.37e-10	3.68e-09	7.23e-08	5.55e-05	3.98e-03	5.74e-02	1.66e-01	3.17e-01	2.80e-01	1.02e-01	3.55e-02	3.48e-02	3.05e-03	8.79e-05
 1.35899e+22	1.70e-28	3.24e-15	2.80e-12	1.68e-10	4.38e-09	8.32e-08	6.19e-05	4.34e-03	6.13e-02	1.72e-01	3.20e-01	2.76e-01	9.81e-02	3.33e-02	3.19e-02	2.71e-03	7.55e-05
 1.37876e+22	2.56e-28	4.62e-15	3.84e-12	2.21e-10	5.49e-09	9.99e-08	7.11e-05	4.86e-03	6.66e-02	1.80e-01	3.24e-01	2.70e-01	9.28e-02	3.05e-02	2.83e-02	2.30e-03	6.14e-05
 1.39868e+22	3.45e-28	6.00e-15	4.86e-12	2.71e-10	6.51e-09	1.15e-07	7.91e-05	5.30e-03	7.09e-02	1.87e-01	3.26e-01	2.66e-01	8.89e-02	2.85e-02	2.59e-02	2.03e-03	5.26e-05
 1.41878e+22	5.14e-28	8.51e-15	6.65e-12	3.55e-10	8.15e-09	1.38e-07	9.08e-05	5.92e-03	7.68e-02	1.95e-01	3.28e-01	2.59e-01	8.37e-02	2.61e-02	2.29e-02	1.72e-03	4.26e-05
 1.43931e+22	7.08e-28	1.13e-14	8.55e-12	4.42e-10	9.78e-09	1.60e-07	1.02e-04	6.48e-03	8.19e-02	2.02e-01	3.30e-01	2.54e-01	7.97e-02	2.42e-02	2.07e-02	1.51e-03	3.60e-05
 1.46038e+22	1.07e-27	1.62e-14	1.18e-11	5.84e-10	1.23e-08	1.93e-07	1.17e-04	7.25e-03	8.88e-02	2.11e-01	3.31e-01	2.46e-01	7.46e-02	2.19e-02	1.82e-02	1.26e-03	2.88e-05
 1.48175e+22	1.48e-27	2.16e-14	1.53e-11	7.30e-10	1.49e-08	2.25e-07	1.31e-04	7.93e-03	9.46e-02	2.17e-01	3.31e-01	2.40e-01	7.07e-02	2.02e-02	1.64e-02	1.09e-03	2.41e-05
 1.49955e+22	1.97e-27	2.79e-14	1.92e-11	8.89e-10	1.75e-08	2.56e-07	1.45e-04	8.58e-03	9.99e-02	2.23e-01	3.31e-01	2.35e-01	6.73e-02	1.89e-02	1.49e-02	9.64e-04	2.05e-05
 1.51873e+22	2.86e-27	3.91e-14	2.59e-11	1.15e-09	2.16e-08	3.05e-07	1.65e-04	9.49e-03	1.07e-01	2.31e-01	3.31e-01	2.27e-01	6.30e-02	1.72e-02	1.32e-02	8.15e-04	1.66e-05
 1.53790e+22	3.79e-27	5.02e-14	3.24e-11	1.39e-09	2.54e-08	3.47e-07	1.82e-04	1.02e-02	1.13e-01	2.37e-01	3.30e-01	2.22e-01	5.99e-02	1.60e-02	1.20e-02	7.17e-04	1.41e-05
 1.55705e+22	5.49e-27	7.03e-14	4.38e-11	1.80e-09	3.15e-08	4.13e-07	2.07e-04	1.13e-02	1.21e-01	2.44e-01	3.28e-01	2.14e-01	5.59e-02	1.45e-02	1.05e-02	6.03e-04	1.14e-05
 1.57640e+22	7.30e-27	9.12e-14	5.52e-11	2.20e-09	3.71e-08	4.72e-07	2.28e-04	1.22e-02	1.27e-01	2.50e-01	3.26e-01	2.08e-01	5.29e-02	1.34e-02	9.52e-03	5.27e-04	9.61e-06
 1.59602e+22	1.06e-26	1.29e-13	7.51e-11	2.87e-09	4.63e-08	5.65e-07	2.60e-04	1.35e-02	1.36e-01	2.57e-01	3.23e-01	2.00e-01	4.91e-02	1.21e-02	8.31e-03	4.39e-04	7.65e-06
 1.61586e+22	1.42e-26	1.69e-13	9.53e-11	3.52e-09	5.49e-08	6.49e-07	2.89e-04	1.46e-02	1.43e-01	2.62e-01	3.20e-01	1.94e-01	4.63e-02	1.11e-02	7.47e-03	3.81e-04	6.40e-06
 1.63597e+22	2.09e-26	2.42e-13	1.31e-10	4.63e-09	6.89e-08	7.81e-07	3.31e-04	1.62e-02	1.53e-01	2.69e-01	3.16e-01	1.86e-01	4.27e-02	9.97e-03	6.46e-03	3.14e-04	5.03e-06
 1.65635e+22	2.79e-26	3.18e-13	1.68e-10	5.71e-09	8.21e-08	9.03e-07	3.68e-04	1.75e-02	1.61e-01	2.74e-01	3.13e-01	1.79e-01	4.01e-02	9.14e-03	5.77e-03	2.70e-04	4.17e-06
 1.67707e+22	4.10e-26	4.60e-13	2.33e-10	7.57e-09	1.04e-07	1.09e-06	4.23e-04	1.95e-02	1.72e-01	2.81e-01	3.07e-01	1.71e-01	3.67e-02	8.13e-03	4.95e-03	2.20e-04	3.23e-06
 1.69824e+22	5.57e-26	6.18e-13	3.03e-10	9.49e-09	1.26e-07	1.28e-06	4.75e-04	2.12e-02	1.81e-01	2.85e-01	3.02e-01	1.64e-01	3.42e-02	7.38e-03	4.37e-03	1.87e-04	2.63e-06
 1.71998e+22	8.26e-26	9.11e-13	4.27e-10	1.28e-08	1.61e-07	1.57e-06	5.52e-04	2.37e-02	1.93e-01	2.91e-01	2.95e-01	1.55e-01	3.10e-02	6.50e-03	3.70e-03	1.50e-04	2.00e-06
 1.74217e+22	1.13e-25	1.24e-12	5.63e-10	1.62e-08	1.97e-07	1.86e-06	6.24e-04	2.59e-02	2.04e-01	2.95e-01	2.89e-01	1.48e-01	2.86e-02	5.85e-03	3.23e-03	1.25e-04	1.60e-06
 1.76447e+22	1.66e-25	1.83e-12	7.97e-10	2.19e-08	2.54e-07	2.30e-06	7.29e-04	2.90e-02	2.17e-01	3.00e-01	2.81e-01	1.39e-01	2.58e-02	5.11e-03	2.71e-03	9.92e-05	1.20e-06
 1.78570e+22	2.16e-25	2.41e-12	1.02e-09	2.72e-08	3.05e-07	2.68e-06	8.15e-04	3.15e-02	2.27e-01	3.02e-01	2.75e-01	1.32e-01	2.39e-02	4.64e-03	2.39e-03	8.41e-05	9.79e-07
 1.80605e+22	3.05e-25	3.45e-12	1.40e-09	3.60e-08	3.88e-07	3.29e-06	9.46e-04	3.50e-02	2.41e-01	3.05e-01	2.66e-01	1.24e-01	2.15e-02	4.07e-03	2.02e-03	6.73e-05	7.43e-07
 1.82671e+22	3.98e-25	4.58e-12	1.81e-09	4.50e-08	4.69e-07	3.86e-06	1.07e-03	3.81e-02	2.52e-01	3.07e-01	2.59e-01	1.18e-01	1.98e-02	3.66e-03	1.76e-03	5.63e-05	5.97e-07
 1.84705e+22	5.44e-25	6.45e-12	2.46e-09	5.91e-08	5.93e-07	4.72e-06	1.23e-03	4.23e-02	2.66e-01	3.09e-01	2.49e-01	1.10e-01	1.78e-02	3.21e-03	1.49e-03	4.51e-05	4.54e-07
 1.86779e+22	7.07e-25	8.60e-12	3.19e-09	7.45e-08	7.26e-07	5.61e-06	1.40e-03	4.63e-02	2.78e-01	3.09e-01	2.41e-01	1.04e-01	1.62e-02	2.86e-03	1.28e-03	3.72e-05	3.58e-07
 1.88803e+22	9.28e-25	1.18e-11	4.26e-09	9.65e-08	9.09e-07	6.82e-06	1.62e-03	5.11e-02	2.91e-01	3.09e-01	2.31e-01	9.69e-02	1.46e-02	2.50e-03	1.08e-03	2.98e-05	2.73e-07
 1.90871e+22	1.19e-24	1.58e-11	5.56e-09	1.23e-07	1.12e-06	8.19e-06	1.85e-03	5.61e-02	3.04e-01	3.09e-01	2.22e-01	9.05e-02	1.31e-02	2.21e-03	9.21e-04	2.42e-05	2.12e-07
 1.92911e+22	1.52e-24	2.13e-11	7.30e-09	1.57e-07	1.39e-06	9.91e-06	2.13e-03	6.18e-02	3.18e-01	3.07e-01	2.13e-01	8.40e-02	1.18e-02	1.93e-03	7.76e-04	1.94e-05	1.62e-07
 1.94966e+22	1.92e-24	2.83e-11	9.48e-09	2.00e-07	1.72e-06	1.19e-05	2.44e-03	6.79e-02	3.31e-01	3.05e-01	2.03e-01	7.79e-02	1.05e-02	1.69e-03	6.55e-04	1.56e-05	1.24e-07
 1.96996e+22	2.39e-24	3.74e-11	1.22e-08	2.53e-07	2.13e-06	1.44e-05	2.79e-03	7.46e-02	3.44e-01	3.02e-01	1.93e-01	7.20e-02	9.37e-03	1.47e-03	5.51e-04	1.25e-05	0.00e+00
 1.99023e+22	2.95e-24	4.89e-11	1.57e-08	3.19e-07	2.62e-06	1.73e-05	3.19e-03	8.17e-02	3.57e-01	2.99e-01	1.83e-01	6.64e-02	8.34e-03	1.28e-03	4.63e-04	1.00e-05	0.00e+00
 2.01052e+22	3.60e-24	6.34e-11	2.01e-08	4.01e-07	3.22e-06	2.08e-05	3.65e-03	8.94e-02	3.69e-01	2.94e-01	1.74e-01	6.10e-02	7.39e-03	1.11e-03	3.87e-04	8.00e-06	0.00e+00
 2.03087e+22	4.37e-24	8.17e-11	2.55e-08	5.02e-07	3.94e-06	2.50e-05	4.17e-03	9.77e-02	3.81e-01	2.89e-01	1.64e-01	5.59e-02	6.54e-03	9.58e-04	3.23e-04	6.36e-06	0.00e+00
 2.05133e+22	5.26e-24	1.04e-10	3.22e-08	6.28e-07	4.82e-06	3.00e-05	4.76e-03	1.07e-01	3.93e-01	2.84e-01	1.54e-01	5.10e-02	5.76e-03	8.25e-04	2.69e-04	5.04e-06	0.00e+00
 2.07197e+22	6.30e-24	1.33e-10	4.05e-08	7.82e-07	5.89e-06	3.60e-05	5.43e-03	1.16e-01	4.04e-01	2.78e-01	1.45e-01	4.64e-02	5.05e-03	7.07e-04	2.23e-04	3.98e-06	0.00e+00
 2.09283e+22	7.51e-24	1.67e-10	5.08e-08	9.72e-07	7.18e-06	4.31e-05	6.18e-03	1.26e-01	4.14e-01	2.71e-01	1.35e-01	4.21e-02	4.42e-03	6.04e-04	1.84e-04	3.13e-06	0.00e+00
 2.11379e+22	8.91e-24	2.09e-10	6.31e-08	1.20e-06	8.71e-06	5.15e-05	7.02e-03	1.37e-01	4.23e-01	2.64e-01	1.26e-01	3.80e-02	3.86e-03	5.15e-04	1.51e-04	2.46e-06	0.00e+00
 2.13509e+22	1.06e-23	2.61e-10	7.85e-08	1.49e-06	1.06e-05	6.17e-05	7.99e-03	1.49e-01	4.32e-01	2.56e-01	1.17e-01	3.42e-02	3.35e-03	4.36e-04	1.24e-04	1.91e-06	0.00e+00
 2.15662e+22	1.39e-23	3.22e-10	9.68e-08	1.83e-06	1.28e-05	7.35e-05	9.04e-03	1.61e-01	4.40e-01	2.48e-01	1.09e-01	3.07e-02	2.90e-03	3.69e-04	1.01e-04	1.49e-06	0.00e+00
 2.17856e+22	1.65e-23	3.98e-10	1.20e-07	2.25e-06	1.55e-05	8.81e-05	1.03e-02	1.74e-01	4.47e-01	2.39e-01	1.00e-01	2.73e-02	2.49e-03	3.09e-04	8.20e-05	1.14e-06	0.00e+00
 2.20090e+22	1.96e-23	4.86e-10	1.46e-07	2.76e-06	1.87e-05	1.05e-04	1.16e-02	1.87e-01	4.53e-01	2.30e-01	9.22e-02	2.44e-02	2.15e-03	2.59e-04	6.65e-05	8.84e-07	0.00e+00
 2.22137e+22	2.27e-23	5.72e-10	1.73e-07	3.26e-06	2.18e-05	1.21e-04	1.28e-02	1.98e-01	4.56e-01	2.22e-01	8.58e-02	2.21e-02	1.89e-03	2.23e-04	5.57e-05	7.10e-07	0.00e+00
 2.24275e+22	2.72e-23	6.98e-10	2.13e-07	4.01e-06	2.65e-05	1.45e-04	1.45e-02	2.14e-01	4.60e-01	2.12e-01	7.82e-02	1.94e-02	1.60e-03	1.84e-04	4.43e-05	5.35e-07	0.00e+00
 2.26446e+22	3.18e-23	8.16e-10	2.50e-07	4.72e-06	3.08e-05	1.67e-04	1.60e-02	2.26e-01	4.62e-01	2.04e-01	7.24e-02	1.75e-02	1.40e-03	1.57e-04	3.68e-05	4.27e-07	0.00e+00
 2.28681e+22	3.86e-23	9.92e-10	3.07e-07	5.81e-06	3.73e-05	2.01e-04	1.82e-02	2.42e-01	4.64e-01	1.94e-01	6.55e-02	1.52e-02	1.17e-03	1.28e-04	2.90e-05	3.18e-07	0.00e+00
 2.30919e+22	4.50e-23	1.15e-09	3.58e-07	6.79e-06	4.31e-05	2.30e-04	1.99e-02	2.55e-01	4.64e-01	1.86e-01	6.05e-02	1.37e-02	1.03e-03	1.09e-04	2.41e-05	2.53e-07	0.00e+00
 2.33160e+22	5.46e-23	1.37e-09	4.34e-07	8.28e-06	5.18e-05	2.74e-04	2.24e-02	2.72e-01	4.63e-01	1.75e-01	5.44e-02	1.19e-02	8.57e-04	8.88e-05	1.89e-05	1.88e-07	0.00e+00
 2.35411e+22	6.40e-23	1.58e-09	5.04e-07	9.61e-06	5.94e-05	3.13e-04	2.45e-02	2.85e-01	4.61e-01	1.68e-01	5.02e-02	1.06e-02	7.48e-04	7.57e-05	1.57e-05	1.50e-07	0.00e+00
 2.37674e+22	7.79e-23	1.87e-09	6.06e-07	1.16e-05	7.09e-05	3.71e-04	2.74e-02	3.02e-01	4.58e-01	1.58e-01	4.50e-02	9.20e-03	6.24e-04	6.13e-05	1.23e-05	0.00e+00	0.00e+00
 2.39961e+22	9.15e-23	2.14e-09	7.01e-07	1.35e-05	8.11e-05	4.21e-04	2.98e-02	3.15e-01	4.55e-01	1.50e-01	4.13e-02	8.22e-03	5.42e-04	5.20e-05	1.02e-05	0.00e+00	0.00e+00
 2.42279e+22	1.12e-22	2.53e-09	8.40e-07	1.62e-05	9.64e-05	4.98e-04	3.33e-02	3.32e-01	4.49e-01	1.41e-01	3.69e-02	7.07e-03	4.51e-04	4.19e-05	7.94e-06	0.00e+00	0.00e+00
 2.44629e+22	1.31e-22	2.88e-09	9.69e-07	1.88e-05	1.10e-04	5.65e-04	3.61e-02	3.45e-01	4.44e-01	1.34e-01	3.37e-02	6.29e-03	3.90e-04	3.54e-05	6.53e-06	0.00e+00	0.00e+00
 2.47020e+22	1.61e-22	3.39e-09	1.16e-06	2.25e-05	1.30e-04	6.65e-04	4.01e-02	3.62e-01	4.36e-01	1.25e-01	2.99e-02	5.38e-03	3.22e-04	2.83e-05	5.06e-06	0.00e+00	0.00e+00
 2.49454e+22	1.91e-22	3.87e-09	1.34e-06	2.61e-05	1.49e-04	7.55e-04	4.35e-02	3.76e-01	4.30e-01	1.18e-01	2.72e-02	4.76e-03	2.76e-04	2.37e-05	4.13e-06	0.00e+00	0.00e+00
 2.51946e+22	2.36e-22	4.55e-09	1.61e-06	3.13e-05	1.76e-04	8.89e-04	4.83e-02	3.93e-01	4.20e-01	1.09e-01	2.40e-02	4.04e-03	2.26e-04	1.88e-05	3.17e-06	0.00e+00	0.00e+00
 2.54496e+22	2.82e-22	5.21e-09	1.86e-06	3.63e-05	2.01e-04	1.01e-03	5.23e-02	4.06e-01	4.12e-01	1.02e-01	2.17e-02	3.55e-03	1.93e-04	1.56e-05	2.56e-06	0.00e+00	0.00e+00
 2.57121e+22	3.51e-22	6.15e-09	2.24e-06	4.38e-05	2.38e-04	1.19e-03	5.80e-02	4.23e-01	4.01e-01	9.41e-02	1.89e-02	2.98e-03	1.56e-04	1.22e-05	1.94e-06	0.00e+00	0.00e+00
 2.59793e+22	4.22e-22	7.07e-09	2.60e-06	5.08e-05	2.71e-04	1.35e-03	6.26e-02	4.36e-01	3.92e-01	8.80e-02	1.70e-02	2.60e-03	1.32e-04	1.01e-05	1.56e-06	0.00e+00	0.00e+00
 2.62044e+22	4.97e-22	7.98e-09	2.97e-06	5.78e-05	3.05e-04	1.51e-03	6.71e-02	4.48e-01	3.83e-01	8.28e-02	1.55e-02	2.30e-03	1.14e-04	8.51e-06	1.28e-06	0.00e+00	0.00e+00
 2.64490e+22	6.10e-22	9.30e-09	3.51e-06	6.83e-05	3.54e-04	1.74e-03	7.32e-02	4.62e-01	3.71e-01	7.63e-02	1.36e-02	1.96e-03	9.37e-05	6.79e-06	9.90e-07	0.00e+00	0.00e+00
 2.66862e+22	7.10e-22	1.04e-08	3.96e-06	7.69e-05	3.92e-04	1.93e-03	7.77e-02	4.71e-01	3.62e-01	7.20e-02	1.24e-02	1.75e-03	8.15e-05	5.79e-06	8.26e-07	0.00e+00	0.00e+00
 2.69139e+22	8.52e-22	1.19e-08	4.61e-06	8.94e-05	4.48e-04	2.20e-03	8.40e-02	4.83e-01	3.51e-01	6.65e-02	1.10e-02	1.50e-03	6.78e-05	4.68e-06	6.48e-07	0.00e+00	0.00e+00
 2.71440e+22	1.00e-21	1.35e-08	5.23e-06	1.01e-04	4.96e-04	2.42e-03	8.89e-02	4.92e-01	3.42e-01	6.26e-02	1.01e-02	1.34e-03	5.89e-05	3.98e-06	5.40e-07	0.00e+00	0.00e+00
 2.73773e+22	1.22e-21	1.55e-08	6.10e-06	1.17e-04	5.66e-04	2.75e-03	9.59e-02	5.03e-01	3.30e-01	5.76e-02	8.89e-03	1.14e-03	4.88e-05	3.21e-06	4.23e-07	0.00e+00	0.00e+00
 2.76140e+22	1.44e-21	1.76e-08	6.93e-06	1.32e-04	6.28e-04	3.03e-03	1.01e-01	5.11e-01	3.21e-01	5.41e-02	8.08e-03	1.01e-03	4.22e-05	2.72e-06	3.50e-07	0.00e+00	0.00e+00
 2.78552e+22	1.76e-21	2.04e-08	8.13e-06	1.54e-04	7.16e-04	3.44e-03	1.09e-01	5.21e-01	3.08e-01	4.96e-02	7.10e-03	8.62e-04	3.48e-05	2.18e-06	2.72e-07	0.00e+00	0.00e+00
 2.80999e+22	2.10e-21	2.34e-08	9.29e-06	1.74e-04	7.93e-04	3.79e-03	1.15e-01	5.28e-01	2.99e-01	4.64e-02	6.43e-03	7.62e-04	3.00e-05	1.84e-06	2.24e-07	0.00e+00	0.00e+00
 2.83492e+22	2.58e-21	2.72e-08	1.09e-05	2.03e-04	9.05e-04	4.31e-03	1.24e-01	5.37e-01	2.85e-01	4.23e-02	5.62e-03	6.44e-04	2.45e-05	1.46e-06	1.73e-07	0.00e+00	0.00e+00
 2.86023e+22	3.12e-21	3.13e-08	1.25e-05	2.30e-04	1.00e-03	4.73e-03	1.31e-01	5.42e-01	2.76e-01	3.94e-02	5.07e-03	5.66e-04	2.10e-05	1.22e-06	1.42e-07	0.00e+00	0.00e+00
 2.88604e+22	3.87e-21	3.69e-08	1.48e-05	2.70e-04	1.15e-03	5.38e-03	1.40e-01	5.50e-01	2.63e-01	3.57e-02	4.40e-03	4.76e-04	1.70e-05	9.64e-07	0.00e+00	0.00e+00	0.00e+00
 2.91246e+22	4.71e-21	4.27e-08	1.71e-05	3.07e-04	1.27e-03	5.94e-03	1.48e-01	5.54e-01	2.53e-01	3.31e-02	3.94e-03	4.15e-04	1.44e-05	8.00e-07	0.00e+00	0.00e+00	0.00e+00
 2.93968e+22	5.99e-21	5.11e-08	2.05e-05	3.62e-04	1.46e-03	6.75e-03	1.59e-01	5.60e-01	2.39e-01	2.99e-02	3.40e-03	3.46e-04	1.16e-05	6.25e-07	0.00e+00	0.00e+00	0.00e+00
 2.96764e+22	7.39e-21	5.98e-08	2.38e-05	4.14e-04	1.62e-03	7.46e-03	1.67e-01	5.63e-01	2.29e-01	2.75e-02	3.02e-03	2.98e-04	9.74e-06	5.12e-07	0.00e+00	0.00e+00	0.00e+00
 2.99660e+22	9.61e-21	7.29e-08	2.89e-05	4.92e-04	1.87e-03	8.50e-03	1.79e-01	5.67e-01	2.16e-01	2.46e-02	2.58e-03	2.46e-04	7.73e-06	3.94e-07	0.00e+00	0.00e+00	0.00e+00
 3.02580e+22	1.20e-20	8.62e-08	3.38e-05	5.64e-04	2.08e-03	9.37e-03	1.89e-01	5.68e-01	2.06e-01	2.25e-02	2.29e-03	2.12e-04	6.47e-06	3.23e-07	0.00e+00	0.00e+00	0.00e+00
 3.05532e+22	1.57e-20	1.06e-07	4.10e-05	6.71e-04	2.39e-03	1.07e-02	2.01e-01	5.70e-01	1.93e-01	2.00e-02	1.95e-03	1.73e-04	5.10e-06	2.46e-07	0.00e+00	0.00e+00	0.00e+00
 3.08515e+22	1.99e-20	1.26e-07	4.81e-05	7.70e-04	2.66e-03	1.17e-02	2.11e-01	5.70e-01	1.83e-01	1.83e-02	1.72e-03	1.49e-04	4.25e-06	2.01e-07	0.00e+00	0.00e+00	0.00e+00
 3.11539e+22	2.64e-20	1.56e-07	5.88e-05	9.17e-04	3.04e-03	1.33e-02	2.25e-01	5.69e-01	1.71e-01	1.62e-02	1.45e-03	1.21e-04	3.33e-06	1.53e-07	0.00e+00	0.00e+00	0.00e+00
 3.14616e+22	3.39e-20	1.87e-07	6.94e-05	1.06e-03	3.39e-03	1.46e-02	2.36e-01	5.67e-01	1.62e-01	1.48e-02	1.28e-03	1.03e-04	2.76e-06	1.24e-07	0.00e+00	0.00e+00	0.00e+00
 3.17344e+22	4.26e-20	2.23e-07	8.14e-05	1.21e-03	3.77e-03	1.62e-02	2.47e-01	5.64e-01	1.53e-01	1.34e-02	1.12e-03	8.77e-05	2.27e-06	0.00e+00	0.00e+00	0.00e+00	0.00e+00
 3.20058e+22	5.49e-20	2.69e-07	9.60e-05	1.39e-03	4.18e-03	1.77e-02	2.58e-01	5.61e-01	1.44e-01	1.22e-02	9.82e-04	7.51e-05	1.89e-06	0.00e+00	0.00e+00	0.00e+00	0.00e+00
 3.23174e+22	7.47e-20	3.39e-07	1.18e-04	1.66e-03	4.78e-03	1.99e-02	2.73e-01	5.56e-01	1.34e-01	1.07e-02	8.26e-04	6.09e-05	1.47e-06	0.00e+00	0.00e+00	0.00e+00	0.00e+00
 3.26088e+22	9.26e-20	3.97e-07	1.36e-04	1.87e-03	5.22e-03	2.15e-02	2.83e-01	5.51e-01	1.27e-01	9.82e-03	7.36e-04	5.28e-05	1.25e-06	0.00e+00	0.00e+00	0.00e+00	0.00e+00
 3.28740e+22	1.21e-19	4.85e-07	1.62e-04	2.16e-03	5.82e-03	2.36e-02	2.95e-01	5.45e-01	1.19e-01	8.82e-03	6.38e-04	4.44e-05	1.01e-06	0.00e+00	0.00e+00	0.00e+00	0.00e+00
 3.31500e+22	1.54e-19	5.79e-07	1.89e-04	2.45e-03	6.39e-03	2.56e-02	3.05e-01	5.39e-01	1.12e-01	8.03e-03	5.63e-04	3.81e-05	8.48e-07	0.00e+00	0.00e+00	0.00e+00	0.00e+00
 3.34403e+22	2.06e-19	7.20e-07	2.28e-04	2.86e-03	7.16e-03	2.83e-02	3.19e-01	5.31e-01	1.04e-01	7.13e-03	4.81e-04	3.15e-05	6.76e-07	0.00e+00	0.00e+00	0.00e+00	0.00e+00
 3.37360e+22	2.64e-19	8.66e-07	2.68e-04	3.27e-03	7.89e-03	3.09e-02	3.30e-01	5.23e-01	9.72e-02	6.42e-03	4.18e-04	2.66e-05	5.55e-07	0.00e+00	0.00e+00	0.00e+00	0.00e+00
 3.39936e+22	3.37e-19	1.03e-06	3.11e-04	3.70e-03	8.63e-03	3.33e-02	3.41e-01	5.16e-01	9.14e-02	5.83e-03	3.69e-04	2.29e-05	4.64e-07	0.00e+00	0.00e+00	0.00e+00	0.00e+00
 3.42835e+22	4.55e-19	1.29e-06	3.76e-04	4.31e-03	9.63e-03	3.65e-02	3.54e-01	5.05e-01	8.46e-02	5.17e-03	3.15e-04	1.89e-05	3.71e-07	0.00e+00	0.00e+00	0.00e+00	0.00e+00
 3.45887e+22	6.00e-19	1.58e-06	4.46e-04	4.95e-03	1.06e-02	3.97e-02	3.65e-01	4.95e-01	7.86e-02	4.62e-03	2.72e-04	1.58e-05	3.02e-07	0.00e+00	0.00e+00	0.00e+00	0.00e+00
 3.48664e+22	7.80e-19	1.91e-06	5.23e-04	5.63e-03	1.17e-02	4.29e-02	3.76e-01	4.85e-01	7.33e-02	4.16e-03	2.37e-04	1.34e-05	2.48e-07	0.00e+00	0.00e+00	0.00e+00	0.00e+00
 3.51802e+22	1.09e-18	2.44e-06	6.42e-04	6.64e-03	1.31e-02	4.72e-02	3.90e-01	4.72e-01	6.68e-02	3.63e-03	1.98e-04	1.08e-05	1.93e-07	0.00e+00	0.00e+00	0.00e+00	0.00e+00
 3.55008e+22	1.45e-18	3.00e-06	7.61e-04	7.60e-03	1.44e-02	5.11e-02	4.01e-01	4.60e-01	6.18e-02	3.23e-03	1.71e-04	9.06e-06	1.57e-07	0.00e+00	0.00e+00	0.00e+00	0.00e+00
 3.58302e+22	2.07e-18	3.88e-06	9.42e-04	9.00e-03	1.62e-02	5.63e-02	4.14e-01	4.45e-01	5.59e-02	2.79e-03	1.42e-04	7.23e-06	1.21e-07	0.00e+00	0.00e+00	0.00e+00	0.00e+00
 3.61646e+22	2.78e-18	4.79e-06	1.12e-03	1.03e-02	1.78e-02	6.09e-02	4.24e-01	4.32e-01	5.13e-02	2.47e-03	1.21e-04	5.99e-06	0.00e+00	0.00e+00	0.00e+00	0.00e+00	0.00e+00
 3.65056e+22	4.04e-18	6.25e-06	1.39e-03	1.22e-02	2.00e-02	6.69e-02	4.36e-01	4.15e-01	4.61e-02	2.11e-03	9.92e-05	4.73e-06	0.00e+00	0.00e+00	0.00e+00	0.00e+00	0.00e+00
 3.68527e+22	5.51e-18	7.79e-06	1.67e-03	1.41e-02	2.20e-02	7.22e-02	4.46e-01	4.00e-01	4.20e-02	1.86e-03	8.40e-05	3.88e-06	0.00e+00	0.00e+00	0.00e+00	0.00e+00	0.00e+00
 3.72075e+22	8.15e-18	1.03e-05	2.08e-03	1.67e-02	2.47e-02	7.92e-02	4.57e-01	3.82e-01	3.73e-02	1.57e-03	6.81e-05	3.03e-06	0.00e+00	0.00e+00	0.00e+00	0.00e+00	0.00e+00
 3.75684e+22	1.13e-17	1.29e-05	2.50e-03	1.93e-02	2.72e-02	8.54e-02	4.64e-01	3.66e-01	3.38e-02	1.37e-03	5.72e-05	2.46e-06	0.00e+00	0.00e+00	0.00e+00	0.00e+00	0.00e+00
 3.78885e+22	1.55e-17	1.61e-05	2.99e-03	2.21e-02	2.97e-02	9.16e-02	4.71e-01	3.51e-01	3.05e-02	1.20e-03	4.81e-05	2.01e-06	0.00e+00	0.00e+00	0.00e+00	0.00e+00	0.00e+00
 3.82559e+22	2.34e-17	2.13e-05	3.74e-03	2.62e-02	3.33e-02	9.99e-02	4.79e-01	3.30e-01	2.68e-02	1.00e-03	3.84e-05	1.54e-06	0.00e+00	0.00e+00	0.00e+00	0.00e+00	0.00e+00
 3.86280e+22	3.27e-17	2.68e-05	4.49e-03	3.01e-02	3.64e-02	1.07e-01	4.83e-01	3.14e-01	2.39e-02	8.61e-04	3.18e-05	1.23e-06	0.00e+00	0.00e+00	0.00e+00	0.00e+00	0.00e+00
 3.90059e+22	4.99e-17	3.56e-05	5.63e-03	3.57e-02	4.06e-02	1.16e-01	4.87e-01	2.93e-01	2.08e-02	7.15e-04	2.52e-05	9.40e-07	0.00e+00	0.00e+00	0.00e+00	0.00e+00	0.00e+00
 3.93880e+22	7.06e-17	4.49e-05	6.75e-03	4.09e-02	4.42e-02	1.24e-01	4.89e-01	2.76e-01	1.84e-02	6.11e-04	2.07e-05	7.48e-07	0.00e+00	0.00e+00	0.00e+00	0.00e+00	0.00e+00
 3.97754e+22	1.10e-16	6.00e-05	8.47e-03	4.84e-02	4.91e-02	1.34e-01	4.89e-01	2.55e-01	1.57e-02	5.00e-04	1.61e-05	5.58e-07	0.00e+00	0.00e+00	0.00e+00	0.00e+00	0.00e+00
 4.01665e+22	1.56e-16	7.55e-05	1.01e-02	5.52e-02	5.32e-02	1.42e-01	4.87e-01	2.38e-01	1.38e-02	4.25e-04	1.32e-05	4.41e-07	0.00e+00	0.00e+00	0.00e+00	0.00e+00	0.00e+00
 4.05623e+22	2.05e-16	1.01e-04	1.27e-02	6.50e-02	5.87e-02	1.52e-01	4.82e-01	2.17e-01	1.17e-02	3.43e-04	1.01e-05	3.24e-07	0.00e+00	0.00e+00	0.00e+00	0.00e+00	0.00e+00
 4.09623e+22	2.93e-16	1.27e-04	1.51e-02	7.37e-02	6.32e-02	1.60e-01	4.77e-01	2.01e-01	1.02e-02	2.89e-04	8.15e-06	2.54e-07	0.00e+00	0.00e+00	0.00e+00	0.00e+00	0.00e+00
 4.13675e+22	4.65e-16	1.69e-04	1.88e-02	8.62e-02	6.92e-02	1.69e-01	4.67e-01	1.81e-01	8.44e-03	2.30e-04	6.15e-06	1.84e-07	0.00e+00	0.00e+00	0.00e+00	0.00e+00	0.00e+00
 4.17781e+22	6.71e-16	2.12e-04	2.23e-02	9.72e-02	7.40e-02	1.77e-01	4.57e-01	1.66e-01	7.24e-03	1.91e-04	4.89e-06	1.42e-07	0.00e+00	0.00e+00	0.00e+00	0.00e+00	0.00e+00
 4.21955e+22	1.08e-15	2.83e-04	2.77e-02	1.13e-01	8.03e-02	1.85e-01	4.41e-01	1.47e-01	5.91e-03	1.50e-04	3.62e-06	0.00e+00	0.00e+00	0.00e+00	0.00e+00	0.00e+00	0.00e+00
 4.26055e+22	1.55e-15	3.48e-04	3.23e-02	1.25e-01	8.49e-02	1.91e-01	4.27e-01	1.33e-01	5.06e-03	1.25e-04	2.89e-06	0.00e+00	0.00e+00	0.00e+00	0.00e+00	0.00e+00	0.00e+00
 4.29488e+22	2.18e-15	4.24e-04	3.74e-02	1.38e-01	8.92e-02	1.96e-01	4.13e-01	1.21e-01	4.34e-03	1.04e-04	2.32e-06	0.00e+00	0.00e+00	0.00e+00	0.00e+00	0.00e+00	0.00e+00
 4.32803e+22	3.06e-15	5.12e-04	4.29e-02	1.51e-01	9.32e-02	2.00e-01	3.98e-01	1.10e-01	3.72e-03	8.69e-05	1.86e-06	0.00e+00	0.00e+00	0.00e+00	0.00e+00	0.00e+00	0.00e+00
 4.36532e+22	4.70e-15	6.46e-04	5.08e-02	1.69e-01	9.81e-02	2.04e-01	3.78e-01	9.62e-02	3.04e-03	6.89e-05	1.40e-06	0.00e+00	0.00e+00	0.00e+00	0.00e+00	0.00e+00	0.00e+00
 4.40247e+22	6.67e-15	7.72e-04	5.77e-02	1.83e-01	1.02e-01	2.07e-01	3.61e-01	8.64e-02	2.59e-03	5.72e-05	1.11e-06	0.00e+00	0.00e+00	0.00e+00	0.00e+00	0.00e+00	0.00e+00
 4.43942e+22	1.05e-14	9.66e-04	6.76e-02	2.02e-01	1.06e-01	2.09e-01	3.38e-01	7.47e-02	2.08e-03	4.47e-05	8.24e-07	0.00e+00	0.00e+00	0.00e+00	0.00e+00	0.00e+00	0.00e+00
 4.47692e+22	1.52e-14	1.15e-03	7.63e-02	2.18e-01	1.09e-01	2.09e-01	3.19e-01	6.64e-02	1.75e-03	3.68e-05	6.50e-07	0.00e+00	0.00e+00	0.00e+00	0.00e+00	0.00e+00	0.00e+00
 4.51514e+22	2.47e-14	1.42e-03	8.86e-02	2.37e-01	1.12e-01	2.08e-01	2.95e-01	5.65e-02	1.39e-03	2.83e-05	4.74e-07	0.00e+00	0.00e+00	0.00e+00	0.00e+00	0.00e+00	0.00e+00
 4.55395e+22	3.86e-14	1.69e-03	9.95e-02	2.54e-01	1.14e-01	2.06e-01	2.75e-01	4.93e-02	1.14e-03	2.28e-05	3.65e-07	0.00e+00	0.00e+00	0.00e+00	0.00e+00	0.00e+00	0.00e+00
 4.58831e+22	5.83e-14	1.99e-03	1.11e-01	2.69e-01	1.15e-01	2.04e-01	2.55e-01	4.29e-02	9.40e-04	1.84e-05	2.81e-07	0.00e+00	0.00e+00	0.00e+00	0.00e+00	0.00e+00	0.00e+00
 4.62776e+22	1.08e-13	2.43e-03	1.27e-01	2.88e-01	1.16e-01	1.99e-01	2.30e-01	3.56e-02	7.27e-04	1.38e-05	2.00e-07	0.00e+00	0.00e+00	0.00e+00	0.00e+00	0.00e+00	0.00e+00
 4.66593e+22	1.98e-13	2.81e-03	1.39e-01	3.02e-01	1.17e-01	1.94e-01	2.13e-01	3.09e-02	6.00e-04	1.12e-05	1.55e-07	0.00e+00	0.00e+00	0.00e+00	0.00e+00	0.00e+00	0.00e+00
 4.69632e+22	3.04e-13	3.20e-03	1.51e-01	3.14e-01	1.17e-01	1.90e-01	1.97e-01	2.71e-02	5.01e-04	9.19e-06	0.00e+00	0.00e+00	0.00e+00	0.00e+00	0.00e+00	0.00e+00	0.00e+00
 4.72970e+22	5.71e-13	3.73e-03	1.67e-01	3.28e-01	1.16e-01	1.83e-01	1.79e-01	2.29e-02	3.99e-04	7.18e-06	0.00e+00	0.00e+00	0.00e+00	0.00e+00	0.00e+00	0.00e+00	0.00e+00
 4.76366e+22	1.03e-12	4.23e-03	1.80e-01	3.39e-01	1.15e-01	1.77e-01	1.64e-01	1.97e-02	3.29e-04	5.81e-06	0.00e+00	0.00e+00	0.00e+00	0.00e+00	0.00e+00	0.00e+00	0.00e+00
 4.79363e+22	2.10e-12	4.76e-03	1.94e-01	3.48e-01	1.14e-01	1.71e-01	1.50e-01	1.71e-02	2.72e-04	4.73e-06	0.00e+00	0.00e+00	0.00e+00	0.00e+00	0.00e+00	0.00e+00	0.00e+00
 4.82784e+22	6.88e-12	5.50e-03	2.11e-01	3.59e-01	1.12e-01	1.63e-01	1.34e-01	1.42e-02	2.13e-04	3.63e-06	0.00e+00	0.00e+00	0.00e+00	0.00e+00	0.00e+00	0.00e+00	0.00e+00
 4.86246e+22	2.71e-11	6.19e-03	2.26e-01	3.67e-01	1.10e-01	1.56e-01	1.22e-01	1.21e-02	1.73e-04	2.91e-06	0.00e+00	0.00e+00	0.00e+00	0.00e+00	0.00e+00	0.00e+00	0.00e+00
 4.89281e+22	8.46e-11	6.91e-03	2.41e-01	3.74e-01	1.08e-01	1.49e-01	1.10e-01	1.03e-02	1.41e-04	2.34e-06	0.00e+00	0.00e+00	0.00e+00	0.00e+00	0.00e+00	0.00e+00	0.00e+00
 4.92746e+22	3.25e-10	7.93e-03	2.61e-01	3.81e-01	1.05e-01	1.40e-01	9.68e-02	8.42e-03	1.09e-04	1.76e-06	0.00e+00	0.00e+00	0.00e+00	0.00e+00	0.00e+00	0.00e+00	0.00e+00
 4.96240e+22	7.56e-10	8.81e-03	2.76e-01	3.85e-01	1.03e-01	1.33e-01	8.72e-02	7.14e-03	8.82e-05	1.40e-06	0.00e+00	0.00e+00	0.00e+00	0.00e+00	0.00e+00	0.00e+00	0.00e+00
 4.99773e+22	1.95e-09	1.00e-02	2.96e-01	3.89e-01	9.91e-02	1.24e-01	7.60e-02	5.77e-03	6.73e-05	1.05e-06	0.00e+00	0.00e+00	0.00e+00	0.00e+00	0.00e+00	0.00e+00	0.00e+00
 5.03362e+22	4.22e-09	1.12e-02	3.13e-01	3.91e-01	9.59e-02	1.16e-01	6.75e-02	4.81e-03	5.35e-05	8.22e-07	0.00e+00	0.00e+00	0.00e+00	0.00e+00	0.00e+00	0.00e+00	0.00e+00
 5.06523e+22	9.67e-09	1.23e-02	3.29e-01	3.92e-01	9.27e-02	1.09e-01	6.01e-02	4.03e-03	4.29e-05	6.48e-07	0.00e+00	0.00e+00	0.00e+00	0.00e+00	0.00e+00	0.00e+00	0.00e+00
 5.10133e+22	3.23e-08	1.39e-02	3.50e-01	3.92e-01	8.86e-02	1.01e-01	5.18e-02	3.21e-03	3.24e-05	4.78e-07	0.00e+00	0.00e+00	0.00e+00	0.00e+00	0.00e+00	0.00e+00	0.00e+00
 5.13821e+22	8.27e-08	1.54e-02	3.67e-01	3.91e-01	8.51e-02	9.35e-02	4.55e-02	2.64e-03	2.54e-05	3.69e-07	0.00e+00	0.00e+00	0.00e+00	0.00e+00	0.00e+00	0.00e+00	0.00e+00
 5.17611e+22	1.90e-07	1.73e-02	3.88e-01	3.88e-01	8.08e-02	8.52e-02	3.88e-02	2.07e-03	1.89e-05	2.69e-07	0.00e+00	0.00e+00	0.00e+00	0.00e+00	0.00e+00	0.00e+00	0.00e+00
 5.20514e+22	2.58e-07	1.82e-02	3.96e-01	3.87e-01	7.89e-02	8.19e-02	3.62e-02	1.87e-03	1.67e-05	2.35e-07	0.00e+00	0.00e+00	0.00e+00	0.00e+00	0.00e+00	0.00e+00	0.00e+00
 5.22267e+22	3.21e-07	1.92e-02	4.07e-01	3.84e-01	7.67e-02	7.80e-02	3.34e-02	1.65e-03	1.44e-05	2.00e-07	0.00e+00	0.00e+00	0.00e+00	0.00e+00	0.00e+00	0.00e+00	0.00e+00
 5.24545e+22	3.93e-07	2.06e-02	4.19e-01	3.81e-01	7.41e-02	7.34e-02	3.02e-02	1.42e-03	1.20e-05	1.64e-07	0.00e+00	0.00e+00	0.00e+00	0.00e+00	0.00e+00	0.00e+00	0.00e+00
 5.27506e+22	5.00e-07	2.24e-02	4.35e-01	3.76e-01	7.08e-02	6.78e-02	2.65e-02	1.17e-03	9.48e-06	1.28e-07	0.00e+00	0.00e+00	0.00e+00	0.00e+00	0.00e+00	0.00e+00	0.00e+00
 5.31356e+22	6.44e-07	2.52e-02	4.57e-01	3.68e-01	6.62e-02	6.05e-02	2.20e-02	8.90e-04	6.82e-06	0.00e+00	0.00e+00	0.00e+00	0.00e+00	0.00e+00	0.00e+00	0.00e+00	0.00e+00
 5.35263e+22	8.85e-07	2.75e-02	4.73e-01	3.62e-01	6.28e-02	5.54e-02	1.91e-02	7.22e-04	5.31e-06	0.00e+00	0.00e+00	0.00e+00	0.00e+00	0.00e+00	0.00e+00	0.00e+00	0.00e+00
 5.39246e+22	1.07e-06	3.08e-02	4.94e-01	3.52e-01	5.84e-02	4.90e-02	1.58e-02	5.44e-04	3.79e-06	0.00e+00	0.00e+00	0.00e+00	0.00e+00	0.00e+00	0.00e+00	0.00e+00	0.00e+00
 5.43304e+22	1.44e-06	3.36e-02	5.10e-01	3.43e-01	5.51e-02	4.44e-02	1.35e-02	4.34e-04	2.90e-06	0.00e+00	0.00e+00	0.00e+00	0.00e+00	0.00e+00	0.00e+00	0.00e+00	0.00e+00
 5.47461e+22	1.78e-06	3.74e-02	5.30e-01	3.31e-01	5.10e-02	3.90e-02	1.11e-02	3.24e-04	2.06e-06	0.00e+00	0.00e+00	0.00e+00	0.00e+00	0.00e+00	0.00e+00	0.00e+00	0.00e+00
 5.51123e+22	2.14e-06	4.01e-02	5.42e-01	3.23e-01	4.85e-02	3.59e-02	9.78e-03	2.70e-04	1.66e-06	0.00e+00	0.00e+00	0.00e+00	0.00e+00	0.00e+00	0.00e+00	0.00e+00	0.00e+00
 5.53740e+22	2.27e-06	4.24e-02	5.52e-01	3.16e-01	4.64e-02	3.34e-02	8.77e-03	2.30e-04	1.38e-06	0.00e+00	0.00e+00	0.00e+00	0.00e+00	0.00e+00	0.00e+00	0.00e+00	0.00e+00
 5.56741e+22	2.87e-06	4.56e-02	5.66e-01	3.07e-01	4.38e-02	3.02e-02	7.58e-03	1.86e-04	1.08e-06	0.00e+00	0.00e+00	0.00e+00	0.00e+00	0.00e+00	0.00e+00	0.00e+00	0.00e+00
 5.59864e+22	3.29e-06	4.86e-02	5.77e-01	2.99e-01	4.15e-02	2.77e-02	6.68e-03	1.55e-04	8.73e-07	0.00e+00	0.00e+00	0.00e+00	0.00e+00	0.00e+00	0.00e+00	0.00e+00	0.00e+00
 5.63144e+22	3.81e-06	5.26e-02	5.90e-01	2.88e-01	3.88e-02	2.48e-02	5.67e-03	1.22e-04	6.65e-07	0.00e+00	0.00e+00	0.00e+00	0.00e+00	0.00e+00	0.00e+00	0.00e+00	0.00e+00
 5.66429e+22	4.34e-06	5.59e-02	6.01e-01	2.79e-01	3.68e-02	2.27e-02	4.98e-03	1.01e-04	5.35e-07	0.00e+00	0.00e+00	0.00e+00	0.00e+00	0.00e+00	0.00e+00	0.00e+00	0.00e+00
 5.69721e+22	5.29e-06	6.04e-02	6.14e-01	2.67e-01	3.43e-02	2.02e-02	4.21e-03	7.92e-05	4.07e-07	0.00e+00	0.00e+00	0.00e+00	0.00e+00	0.00e+00	0.00e+00	0.00e+00	0.00e+00
 5.73044e+22	6.19e-06	6.41e-02	6.23e-01	2.58e-01	3.24e-02	1.83e-02	3.69e-03	6.53e-05	3.27e-07	0.00e+00	0.00e+00	0.00e+00	0.00e+00	0.00e+00	0.00e+00	0.00e+00	0.00e+00
 5.76409e+22	7.41e-06	6.91e-02	6.35e-01	2.47e-01	3.01e-02	1.63e-02	3.11e-03	5.12e-05	2.48e-07	0.00e+00	0.00e+00	0.00e+00	0.00e+00	0.00e+00	0.00e+00	0.00e+00	0.00e+00
 5.79848e+22	8.54e-06	7.34e-02	6.43e-01	2.37e-01	2.83e-02	1.47e-02	2.70e-03	4.17e-05	1.97e-07	0.00e+00	0.00e+00	0.00e+00	0.00e+00	0.00e+00	0.00e+00	0.00e+00	0.00e+00
 5.83383e+22	1.02e-05	7.92e-02	6.54e-01	2.25e-01	2.62e-02	1.29e-02	2.26e-03	3.22e-05	1.47e-07	0.00e+00	0.00e+00	0.00e+00	0.00e+00	0.00e+00	0.00e+00	0.00e+00	0.00e+00
 5.86974e+22	1.17e-05	8.42e-02	6.62e-01	2.16e-01	2.45e-02	1.16e-02	1.95e-03	2.61e-05	0.00e+00	0.00e+00	0.00e+00	0.00e+00	0.00e+00	0.00e+00	0.00e+00	0.00e+00	0.00e+00
 5.90638e+22	1.39e-05	9.08e-02	6.71e-01	2.04e-01	2.26e-02	1.01e-02	1.61e-03	1.99e-05	0.00e+00	0.00e+00	0.00e+00	0.00e+00	0.00e+00	0.00e+00	0.00e+00	0.00e+00	0.00e+00
 5.94372e+22	1.59e-05	9.65e-02	6.78e-01	1.94e-01	2.11e-02	8.98e-03	1.38e-03	1.60e-05	0.00e+00	0.00e+00	0.00e+00	0.00e+00	0.00e+00	0.00e+00	0.00e+00	0.00e+00	0.00e+00
 5.98200e+22	1.89e-05	1.04e-01	6.86e-01	1.82e-01	1.93e-02	7.74e-03	1.14e-03	1.21e-05	0.00e+00	0.00e+00	0.00e+00	0.00e+00	0.00e+00	0.00e+00	0.00e+00	0.00e+00	0.00e+00
 6.02112e+22	2.17e-05	1.11e-01	6.92e-01	1.72e-01	1.79e-02	6.85e-03	9.67e-04	9.58e-06	0.00e+00	0.00e+00	0.00e+00	0.00e+00	0.00e+00	0.00e+00	0.00e+00	0.00e+00	0.00e+00
 6.06136e+22	2.60e-05	1.19e-01	6.98e-01	1.60e-01	1.63e-02	5.87e-03	7.89e-04	7.18e-06	0.00e+00	0.00e+00	0.00e+00	0.00e+00	0.00e+00	0.00e+00	0.00e+00	0.00e+00	0.00e+00
 6.10247e+22	2.99e-05	1.27e-01	7.02e-01	1.50e-01	1.50e-02	5.13e-03	6.64e-04	5.61e-06	0.00e+00	0.00e+00	0.00e+00	0.00e+00	0.00e+00	0.00e+00	0.00e+00	0.00e+00	0.00e+00
 6.14472e+22	3.53e-05	1.37e-01	7.06e-01	1.39e-01	1.35e-02	4.33e-03	5.33e-04	4.12e-06	0.00e+00	0.00e+00	0.00e+00	0.00e+00	0.00e+00	0.00e+00	0.00e+00	0.00e+00	0.00e+00
 6.18709e+22	4.07e-05	1.45e-01	7.08e-01	1.30e-01	1.25e-02	3.79e-03	4.49e-04	3.23e-06	0.00e+00	0.00e+00	0.00e+00	0.00e+00	0.00e+00	0.00e+00	0.00e+00	0.00e+00	0.00e+00
 6.22961e+22	4.81e-05	1.57e-01	7.10e-01	1.19e-01	1.12e-02	3.18e-03	3.60e-04	2.37e-06	0.00e+00	0.00e+00	0.00e+00	0.00e+00	0.00e+00	0.00e+00	0.00e+00	0.00e+00	0.00e+00
 6.27283e+22	5.48e-05	1.66e-01	7.10e-01	1.11e-01	1.03e-02	2.77e-03	3.02e-04	1.85e-06	0.00e+00	0.00e+00	0.00e+00	0.00e+00	0.00e+00	0.00e+00	0.00e+00	0.00e+00	0.00e+00
 6.31694e+22	6.47e-05	1.78e-01	7.09e-01	1.01e-01	9.17e-03	2.31e-03	2.40e-04	1.35e-06	0.00e+00	0.00e+00	0.00e+00	0.00e+00	0.00e+00	0.00e+00	0.00e+00	0.00e+00	0.00e+00
 6.36219e+22	7.37e-05	1.89e-01	7.08e-01	9.29e-02	8.35e-03	1.99e-03	2.00e-04	1.04e-06	0.00e+00	0.00e+00	0.00e+00	0.00e+00	0.00e+00	0.00e+00	0.00e+00	0.00e+00	0.00e+00
 6.40892e+22	8.74e-05	2.04e-01	7.04e-01	8.31e-02	7.37e-03	1.63e-03	1.56e-04	7.39e-07	0.00e+00	0.00e+00	0.00e+00	0.00e+00	0.00e+00	0.00e+00	0.00e+00	0.00e+00	0.00e+00
 6.45624e+22	9.94e-05	2.16e-01	7.00e-01	7.63e-02	6.68e-03	1.40e-03	1.29e-04	5.70e-07	0.00e+00	0.00e+00	0.00e+00	0.00e+00	0.00e+00	0.00e+00	0.00e+00	0.00e+00	0.00e+00
 6.50431e+22	1.17e-04	2.32e-01	6.93e-01	6.77e-02	5.85e-03	1.14e-03	1.01e-04	4.02e-07	0.00e+00	0.00e+00	0.00e+00	0.00e+00	0.00e+00	0.00e+00	0.00e+00	0.00e+00	0.00e+00
 6.55394e+22	1.33e-04	2.45e-01	6.87e-01	6.14e-02	5.25e-03	9.67e-04	8.24e-05	3.05e-07	0.00e+00	0.00e+00	0.00e+00	0.00e+00	0.00e+00	0.00e+00	0.00e+00	0.00e+00	0.00e+00
 6.60560e+22	1.58e-04	2.64e-01	6.77e-01	5.34e-02	4.53e-03	7.72e-04	6.27e-05	2.10e-07	0.00e+00	0.00e+00	0.00e+00	0.00e+00	0.00e+00	0.00e+00	0.00e+00	0.00e+00	0.00e+00
 6.65868e+22	1.81e-04	2.80e-01	6.67e-01	4.78e-02	4.02e-03	6.46e-04	5.06e-05	1.56e-07	0.00e+00	0.00e+00	0.00e+00	0.00e+00	0.00e+00	0.00e+00	0.00e+00	0.00e+00	0.00e+00
 6.71364e+22	2.16e-04	3.02e-01	6.53e-01	4.08e-02	3.42e-03	5.07e-04	3.79e-05	0.00e+00	0.00e+00	0.00e+00	0.00e+00	0.00e+00	0.00e+00	0.00e+00	0.00e+00	0.00e+00	0.00e+00
 6.77071e+22	2.49e-04	3.20e-01	6.40e-01	3.57e-02	2.98e-03	4.15e-04	2.99e-05	0.00e+00	0.00e+00	0.00e+00	0.00e+00	0.00e+00	0.00e+00	0.00e+00	0.00e+00	0.00e+00	0.00e+00
 6.83056e+22	2.99e-04	3.46e-01	6.22e-01	2.97e-02	2.47e-03	3.18e-04	2.19e-05	0.00e+00	0.00e+00	0.00e+00	0.00e+00	0.00e+00	0.00e+00	0.00e+00	0.00e+00	0.00e+00	0.00e+00
 6.89263e+22	3.48e-04	3.67e-01	6.05e-01	2.54e-02	2.11e-03	2.54e-04	1.69e-05	0.00e+00	0.00e+00	0.00e+00	0.00e+00	0.00e+00	0.00e+00	0.00e+00	0.00e+00	0.00e+00	0.00e+00
 6.94102e+22	3.88e-04	3.83e-01	5.92e-01	2.26e-02	1.88e-03	2.17e-04	1.40e-05	0.00e+00	0.00e+00	0.00e+00	0.00e+00	0.00e+00	0.00e+00	0.00e+00	0.00e+00	0.00e+00	0.00e+00
 6.98733e+22	4.44e-04	4.04e-01	5.74e-01	1.93e-02	1.61e-03	1.75e-04	1.10e-05	0.00e+00	0.00e+00	0.00e+00	0.00e+00	0.00e+00	0.00e+00	0.00e+00	0.00e+00	0.00e+00	0.00e+00
 7.03501e+22	5.00e-04	4.23e-01	5.58e-01	1.67e-02	1.40e-03	1.45e-04	8.93e-06	0.00e+00	0.00e+00	0.00e+00	0.00e+00	0.00e+00	0.00e+00	0.00e+00	0.00e+00	0.00e+00	0.00e+00
 7.08446e+22	5.79e-04	4.48e-01	5.37e-01	1.39e-02	1.17e-03	1.14e-04	6.80e-06	0.00e+00	0.00e+00	0.00e+00	0.00e+00	0.00e+00	0.00e+00	0.00e+00	0.00e+00	0.00e+00	0.00e+00
 7.13487e+22	6.53e-04	4.68e-01	5.18e-01	1.18e-02	9.99e-04	9.26e-05	5.43e-06	0.00e+00	0.00e+00	0.00e+00	0.00e+00	0.00e+00	0.00e+00	0.00e+00	0.00e+00	0.00e+00	0.00e+00
 7.18651e+22	7.60e-04	4.96e-01	4.93e-01	9.50e-03	8.08e-04	7.02e-05	4.04e-06	0.00e+00	0.00e+00	0.00e+00	0.00e+00	0.00e+00	0.00e+00	0.00e+00	0.00e+00	0.00e+00	0.00e+00
 7.24011e+22	8.65e-04	5.20e-01	4.71e-01	7.78e-03	6.65e-04	5.48e-05	3.11e-06	0.00e+00	0.00e+00	0.00e+00	0.00e+00	0.00e+00	0.00e+00	0.00e+00	0.00e+00	0.00e+00	0.00e+00
 7.28275e+22	9.54e-04	5.39e-01	4.53e-01	6.61e-03	5.66e-04	4.48e-05	2.52e-06	0.00e+00	0.00e+00	0.00e+00	0.00e+00	0.00e+00	0.00e+00	0.00e+00	0.00e+00	0.00e+00	0.00e+00
 7.31912e+22	1.05e-03	5.59e-01	4.34e-01	5.59e-03	4.80e-04	3.65e-05	2.04e-06	0.00e+00	0.00e+00	0.00e+00	0.00e+00	0.00e+00	0.00e+00	0.00e+00	0.00e+00	0.00e+00	0.00e+00
 7.36081e+22	1.18e-03	5.84e-01	4.10e-01	4.48e-03	3.84e-04	2.78e-05	1.55e-06	0.00e+00	0.00e+00	0.00e+00	0.00e+00	0.00e+00	0.00e+00	0.00e+00	0.00e+00	0.00e+00	0.00e+00
 7.40461e+22	1.31e-03	6.07e-01	3.87e-01	3.59e-03	3.07e-04	2.12e-05	1.19e-06	0.00e+00	0.00e+00	0.00e+00	0.00e+00	0.00e+00	0.00e+00	0.00e+00	0.00e+00	0.00e+00	0.00e+00
 7.44333e+22	1.43e-03	6.30e-01	3.65e-01	2.88e-03	2.45e-04	1.62e-05	9.16e-07	0.00e+00	0.00e+00	0.00e+00	0.00e+00	0.00e+00	0.00e+00	0.00e+00	0.00e+00	0.00e+00	0.00e+00
 7.47926e+22	1.55e-03	6.52e-01	3.44e-01	2.30e-03	1.94e-04	1.23e-05	7.05e-07	0.00e+00	0.00e+00	0.00e+00	0.00e+00	0.00e+00	0.00e+00	0.00e+00	0.00e+00	0.00e+00	0.00e+00
 7.51287e+22	1.66e-03	6.73e-01	3.23e-01	1.84e-03	1.53e-04	9.38e-06	5.44e-07	0.00e+00	0.00e+00	0.00e+00	0.00e+00	0.00e+00	0.00e+00	0.00e+00	0.00e+00	0.00e+00	0.00e+00
 7.54408e+22	1.76e-03	6.94e-01	3.03e-01	1.46e-03	1.20e-04	7.09e-06	4.20e-07	0.00e+00	0.00e+00	0.00e+00	0.00e+00	0.00e+00	0.00e+00	0.00e+00	0.00e+00	0.00e+00	0.00e+00
 7.57277e+22	1.84e-03	7.13e-01	2.84e-01	1.16e-03	9.35e-05	5.37e-06	3.25e-07	0.00e+00	0.00e+00	0.00e+00	0.00e+00	0.00e+00	0.00e+00	0.00e+00	0.00e+00	0.00e+00	0.00e+00
 7.59869e+22	1.90e-03	7.32e-01	2.66e-01	9.31e-04	7.34e-05	4.10e-06	2.55e-07	0.00e+00	0.00e+00	0.00e+00	0.00e+00	0.00e+00	0.00e+00	0.00e+00	0.00e+00	0.00e+00	0.00e+00
 7.62213e+22	1.93e-03	7.48e-01	2.49e-01	7.53e-04	5.80e-05	3.16e-06	2.02e-07	0.00e+00	0.00e+00	0.00e+00	0.00e+00	0.00e+00	0.00e+00	0.00e+00	0.00e+00	0.00e+00	0.00e+00
 7.64349e+22	1.94e-03	7.64e-01	2.34e-01	6.15e-04	4.63e-05	2.47e-06	1.62e-07	0.00e+00	0.00e+00	0.00e+00	0.00e+00	0.00e+00	0.00e+00	0.00e+00	0.00e+00	0.00e+00	0.00e+00
 7.65693e+22	1.92e-03	7.71e-01	2.26e-01	5.49e-04	4.08e-05	2.15e-06	1.43e-07	0.00e+00	0.00e+00	0.00e+00	0.00e+00	0.00e+00	0.00e+00	0.00e+00	0.00e+00	0.00e+00	0.00e+00
 7.66190e+22	1.91e-03	7.75e-01	2.23e-01	5.25e-04	3.89e-05	2.04e-06	1.37e-07	0.00e+00	0.00e+00	0.00e+00	0.00e+00	0.00e+00	0.00e+00	0.00e+00	0.00e+00	0.00e+00	0.00e+00
 7.66589e+22	1.91e-03	7.78e-01	2.20e-01	5.04e-04	3.71e-05	1.94e-06	1.31e-07	0.00e+00	0.00e+00	0.00e+00	0.00e+00	0.00e+00	0.00e+00	0.00e+00	0.00e+00	0.00e+00	0.00e+00
 7.67108e+22	1.91e-03	7.82e-01	2.16e-01	4.78e-04	3.50e-05	1.82e-06	0.00e+00	0.00e+00	0.00e+00	0.00e+00	0.00e+00	0.00e+00	0.00e+00	0.00e+00	0.00e+00	0.00e+00	0.00e+00
 7.67716e+22	1.91e-03	7.86e-01	2.11e-01	4.50e-04	3.26e-05	1.68e-06	0.00e+00	0.00e+00	0.00e+00	0.00e+00	0.00e+00	0.00e+00	0.00e+00	0.00e+00	0.00e+00	0.00e+00	0.00e+00
 7.68321e+22	1.89e-03	7.90e-01	2.08e-01	4.25e-04	3.06e-05	1.57e-06	0.00e+00	0.00e+00	0.00e+00	0.00e+00	0.00e+00	0.00e+00	0.00e+00	0.00e+00	0.00e+00	0.00e+00	0.00e+00
 7.68912e+22	1.88e-03	7.94e-01	2.03e-01	4.01e-04	2.86e-05	1.46e-06	0.00e+00	0.00e+00	0.00e+00	0.00e+00	0.00e+00	0.00e+00	0.00e+00	0.00e+00	0.00e+00	0.00e+00	0.00e+00
 7.69512e+22	1.87e-03	7.98e-01	1.99e-01	3.78e-04	2.68e-05	1.36e-06	0.00e+00	0.00e+00	0.00e+00	0.00e+00	0.00e+00	0.00e+00	0.00e+00	0.00e+00	0.00e+00	0.00e+00	0.00e+00
 7.70103e+22	1.86e-03	8.02e-01	1.95e-01	3.57e-04	2.51e-05	1.27e-06	0.00e+00	0.00e+00	0.00e+00	0.00e+00	0.00e+00	0.00e+00	0.00e+00	0.00e+00	0.00e+00	0.00e+00	0.00e+00
 7.70701e+22	1.84e-03	8.06e-01	1.92e-01	3.38e-04	2.35e-05	1.18e-06	0.00e+00	0.00e+00	0.00e+00	0.00e+00	0.00e+00	0.00e+00	0.00e+00	0.00e+00	0.00e+00	0.00e+00	0.00e+00
 7.71320e+22	1.82e-03	8.10e-01	1.88e-01	3.19e-04	2.20e-05	1.10e-06	0.00e+00	0.00e+00	0.00e+00	0.00e+00	0.00e+00	0.00e+00	0.00e+00	0.00e+00	0.00e+00	0.00e+00	0.00e+00
 7.71953e+22	1.79e-03	8.14e-01	1.84e-01	3.01e-04	2.07e-05	1.03e-06	0.00e+00	0.00e+00	0.00e+00	0.00e+00	0.00e+00	0.00e+00	0.00e+00	0.00e+00	0.00e+00	0.00e+00	0.00e+00
 7.72601e+22	1.77e-03	8.18e-01	1.80e-01	2.84e-04	1.93e-05	9.55e-07	0.00e+00	0.00e+00	0.00e+00	0.00e+00	0.00e+00	0.00e+00	0.00e+00	0.00e+00	0.00e+00	0.00e+00	0.00e+00
 7.73258e+22	1.74e-03	8.21e-01	1.77e-01	2.68e-04	1.81e-05	8.91e-07	0.00e+00	0.00e+00	0.00e+00	0.00e+00	0.00e+00	0.00e+00	0.00e+00	0.00e+00	0.00e+00	0.00e+00	0.00e+00
 7.73926e+22	1.70e-03	8.24e-01	1.74e-01	2.53e-04	1.70e-05	8.31e-07	0.00e+00	0.00e+00	0.00e+00	0.00e+00	0.00e+00	0.00e+00	0.00e+00	0.00e+00	0.00e+00	0.00e+00	0.00e+00
 7.74626e+22	1.67e-03	8.28e-01	1.70e-01	2.38e-04	1.59e-05	7.75e-07	0.00e+00	0.00e+00	0.00e+00	0.00e+00	0.00e+00	0.00e+00	0.00e+00	0.00e+00	0.00e+00	0.00e+00	0.00e+00
 7.75357e+22	1.63e-03	8.31e-01	1.67e-01	2.25e-04	1.49e-05	7.23e-07	0.00e+00	0.00e+00	0.00e+00	0.00e+00	0.00e+00	0.00e+00	0.00e+00	0.00e+00	0.00e+00	0.00e+00	0.00e+00
 7.76095e+22	1.59e-03	8.34e-01	1.65e-01	2.12e-04	1.40e-05	6.76e-07	0.00e+00	0.00e+00	0.00e+00	0.00e+00	0.00e+00	0.00e+00	0.00e+00	0.00e+00	0.00e+00	0.00e+00	0.00e+00
 7.76817e+22	1.54e-03	8.36e-01	1.62e-01	2.02e-04	1.32e-05	6.36e-07	0.00e+00	0.00e+00	0.00e+00	0.00e+00	0.00e+00	0.00e+00	0.00e+00	0.00e+00	0.00e+00	0.00e+00	0.00e+00
 7.77395e+22	1.51e-03	8.37e-01	1.61e-01	1.94e-04	1.27e-05	6.11e-07	0.00e+00	0.00e+00	0.00e+00	0.00e+00	0.00e+00	0.00e+00	0.00e+00	0.00e+00	0.00e+00	0.00e+00	0.00e+00
 7.77794e+22	1.48e-03	8.38e-01	1.60e-01	1.89e-04	1.24e-05	5.93e-07	0.00e+00	0.00e+00	0.00e+00	0.00e+00	0.00e+00	0.00e+00	0.00e+00	0.00e+00	0.00e+00	0.00e+00	0.00e+00
 7.78175e+22	1.46e-03	8.39e-01	1.59e-01	1.84e-04	1.20e-05	5.76e-07	0.00e+00	0.00e+00	0.00e+00	0.00e+00	0.00e+00	0.00e+00	0.00e+00	0.00e+00	0.00e+00	0.00e+00	0.00e+00
 7.78611e+22	1.44e-03	8.40e-01	1.58e-01	1.79e-04	1.17e-05	5.58e-07	0.00e+00	0.00e+00	0.00e+00	0.00e+00	0.00e+00	0.00e+00	0.00e+00	0.00e+00	0.00e+00	0.00e+00	0.00e+00
 7.79087e+22	1.41e-03	8.41e-01	1.57e-01	1.74e-04	1.13e-05	5.40e-07	0.00e+00	0.00e+00	0.00e+00	0.00e+00	0.00e+00	0.00e+00	0.00e+00	0.00e+00	0.00e+00	0.00e+00	0.00e+00
 7.79560e+22	1.38e-03	8.42e-01	1.57e-01	1.69e-04	1.10e-05	5.24e-07	0.00e+00	0.00e+00	0.00e+00	0.00e+00	0.00e+00	0.00e+00	0.00e+00	0.00e+00	0.00e+00	0.00e+00	0.00e+00
 7.80024e+22	1.36e-03	8.42e-01	1.56e-01	1.64e-04	1.07e-05	5.09e-07	0.00e+00	0.00e+00	0.00e+00	0.00e+00	0.00e+00	0.00e+00	0.00e+00	0.00e+00	0.00e+00	0.00e+00	0.00e+00
 7.80494e+22	1.33e-03	8.43e-01	1.56e-01	1.60e-04	1.04e-05	4.96e-07	0.00e+00	0.00e+00	0.00e+00	0.00e+00	0.00e+00	0.00e+00	0.00e+00	0.00e+00	0.00e+00	0.00e+00	0.00e+00
 7.80978e+22	1.30e-03	8.43e-01	1.55e-01	1.56e-04	1.02e-05	4.83e-07	0.00e+00	0.00e+00	0.00e+00	0.00e+00	0.00e+00	0.00e+00	0.00e+00	0.00e+00	0.00e+00	0.00e+00	0.00e+00
 7.81474e+22	1.28e-03	8.44e-01	1.55e-01	1.52e-04	9.89e-06	4.70e-07	0.00e+00	0.00e+00	0.00e+00	0.00e+00	0.00e+00	0.00e+00	0.00e+00	0.00e+00	0.00e+00	0.00e+00	0.00e+00
 7.81970e+22	1.25e-03	8.44e-01	1.55e-01	1.48e-04	9.67e-06	4.59e-07	0.00e+00	0.00e+00	0.00e+00	0.00e+00	0.00e+00	0.00e+00	0.00e+00	0.00e+00	0.00e+00	0.00e+00	0.00e+00
