#depth	He	He+	He+2
 4.62852e+21	4.67e-10	2.51e-05	1.00e+00
 1.03154e+22	1.78e-09	5.80e-05	1.00e+00
 1.17551e+22	2.53e-09	7.47e-05	1.00e+00
 1.23272e+22	2.96e-09	8.39e-05	1.00e+00
 1.25656e+22	3.07e-09	8.63e-05	1.00e+00
 1.26752e+22	3.22e-09	8.95e-05	1.00e+00
 1.27943e+22	3.36e-09	9.24e-05	1.00e+00
 1.29255e+22	3.54e-09	9.63e-05	1.00e+00
 1.30585e+22	3.69e-09	9.96e-05	1.00e+00
 1.31937e+22	3.80e-09	1.04e-04	1.00e+00
 1.33301e+22	3.96e-09	1.07e-04	1.00e+00
 1.34682e+22	4.17e-09	1.12e-04	1.00e+00
 1.36091e+22	4.34e-09	1.15e-04	1.00e+00
 1.37330e+22	4.52e-09	1.19e-04	1.00e+00
 1.38736e+22	4.75e-09	1.24e-04	1.00e+00
 1.40142e+22	4.93e-09	1.27e-04	1.00e+00
 1.41545e+22	5.18e-09	1.33e-04	1.00e+00
 1.42971e+22	5.38e-09	1.37e-04	1.00e+00
 1.44425e+22	5.65e-09	1.42e-04	1.00e+00
 1.45926e+22	5.88e-09	1.47e-04	1.00e+00
 1.47490e+22	6.18e-09	1.52e-04	1.00e+00
 1.49109e+22	6.44e-09	1.58e-04	1.00e+00
 1.50800e+22	6.79e-09	1.64e-04	1.00e+00
 1.52545e+22	7.10e-09	1.70e-04	1.00e+00
 1.54359e+22	7.50e-09	1.78e-04	1.00e+00
 1.56230e+22	7.86e-09	1.84e-04	1.00e+00
 1.57921e+22	8.23e-09	1.91e-04	1.00e+00
 1.59862e+22	8.71e-09	2.00e-04	1.00e+00
 1.61841e+22	9.13e-09	2.07e-04	1.00e+00
 1.63869e+22	9.68e-09	2.17e-04	1.00e+00
 1.65924e+22	1.02e-08	2.26e-04	1.00e+00
 1.68015e+22	1.08e-08	2.37e-04	1.00e+00
 1.70127e+22	1.13e-08	2.47e-04	1.00e+00
 1.72268e+22	1.20e-08	2.60e-04	1.00e+00
 1.74419e+22	1.25e-08	2.70e-04	1.00e+00
 1.76207e+22	1.30e-08	2.80e-04	1.00e+00
 1.78152e+22	1.37e-08	2.94e-04	1.00e+00
 1.80090e+22	1.42e-08	3.05e-04	1.00e+00
 1.82019e+22	1.49e-08	3.20e-04	1.00e+00
 1.83972e+22	1.55e-08	3.33e-04	1.00e+00
 1.85955e+22	1.62e-08	3.50e-04	1.00e+00
 1.87962e+22	1.68e-08	3.64e-04	1.00e+00
 1.90000e+22	1.75e-08	3.84e-04	1.00e+00
 1.92078e+22	1.80e-08	4.01e-04	1.00e+00
 1.94206e+22	1.87e-08	4.25e-04	1.00e+00
 1.96373e+22	1.93e-08	4.45e-04	1.00e+00
 1.98591e+22	1.99e-08	4.73e-04	1.00e+00
 2.00835e+22	2.04e-08	4.96e-04	1.00e+00
 2.02731e+22	2.08e-08	5.19e-04	9.99e-01
 2.04802e+22	2.12e-08	5.50e-04	9.99e-01
 2.06880e+22	2.15e-08	5.76e-04	9.99e-01
 2.08909e+22	2.17e-08	6.09e-04	9.99e-01
 2.10980e+22	2.19e-08	6.39e-04	9.99e-01
 2.13013e+22	2.20e-08	6.75e-04	9.99e-01
 2.15087e+22	2.21e-08	7.10e-04	9.99e-01
 2.17126e+22	2.22e-08	7.48e-04	9.99e-01
 2.19184e+22	2.22e-08	7.88e-04	9.99e-01
 2.21216e+22	2.22e-08	8.30e-04	9.99e-01
 2.23243e+22	2.22e-08	8.73e-04	9.99e-01
 2.25273e+22	2.22e-08	9.20e-04	9.99e-01
 2.27310e+22	2.22e-08	9.68e-04	9.99e-01
 2.29354e+22	2.23e-08	1.02e-03	9.99e-01
 2.31415e+22	2.24e-08	1.07e-03	9.99e-01
 2.33497e+22	2.27e-08	1.13e-03	9.99e-01
 2.35590e+22	2.31e-08	1.19e-03	9.99e-01
 2.37715e+22	2.36e-08	1.25e-03	9.99e-01
 2.39861e+22	2.43e-08	1.32e-03	9.99e-01
 2.42051e+22	2.51e-08	1.39e-03	9.99e-01
 2.44278e+22	2.62e-08	1.47e-03	9.99e-01
 2.46316e+22	2.73e-08	1.53e-03	9.98e-01
 2.48446e+22	2.88e-08	1.62e-03	9.98e-01
 2.50608e+22	3.04e-08	1.69e-03	9.98e-01
 2.52833e+22	3.27e-08	1.79e-03	9.98e-01
 2.55065e+22	3.47e-08	1.87e-03	9.98e-01
 2.57308e+22	3.77e-08	1.98e-03	9.98e-01
 2.59557e+22	4.03e-08	2.07e-03	9.98e-01
 2.61815e+22	4.42e-08	2.19e-03	9.98e-01
 2.64097e+22	4.76e-08	2.28e-03	9.98e-01
 2.66410e+22	5.25e-08	2.42e-03	9.98e-01
 2.68752e+22	5.68e-08	2.52e-03	9.97e-01
 2.71132e+22	6.32e-08	2.67e-03	9.97e-01
 2.73556e+22	6.87e-08	2.80e-03	9.97e-01
 2.76035e+22	7.69e-08	2.96e-03	9.97e-01
 2.78570e+22	8.41e-08	3.10e-03	9.97e-01
 2.81176e+22	9.47e-08	3.30e-03	9.97e-01
 2.83836e+22	1.04e-07	3.46e-03	9.97e-01
 2.86082e+22	1.13e-07	3.61e-03	9.96e-01
 2.88519e+22	1.26e-07	3.81e-03	9.96e-01
 2.90886e+22	1.37e-07	3.96e-03	9.96e-01
 2.93159e+22	1.51e-07	4.18e-03	9.96e-01
 2.95455e+22	1.64e-07	4.34e-03	9.96e-01
 2.97780e+22	1.82e-07	4.57e-03	9.95e-01
 3.00139e+22	1.97e-07	4.75e-03	9.95e-01
 3.02541e+22	2.19e-07	5.01e-03	9.95e-01
 3.04978e+22	2.38e-07	5.22e-03	9.95e-01
 3.07459e+22	2.65e-07	5.51e-03	9.94e-01
 3.09984e+22	2.88e-07	5.74e-03	9.94e-01
 3.12565e+22	3.23e-07	6.07e-03	9.94e-01
 3.15207e+22	3.52e-07	6.33e-03	9.94e-01
 3.17928e+22	3.96e-07	6.71e-03	9.93e-01
 3.20715e+22	4.34e-07	7.02e-03	9.93e-01
 3.23586e+22	4.90e-07	7.45e-03	9.93e-01
 3.26489e+22	5.37e-07	7.80e-03	9.92e-01
 3.29432e+22	6.08e-07	8.29e-03	9.92e-01
 3.32403e+22	6.66e-07	8.68e-03	9.91e-01
 3.35408e+22	7.56e-07	9.24e-03	9.91e-01
 3.38461e+22	8.30e-07	9.67e-03	9.90e-01
 3.41576e+22	9.45e-07	1.03e-02	9.90e-01
 3.44650e+22	1.03e-06	1.08e-02	9.89e-01
 3.47671e+22	1.17e-06	1.15e-02	9.89e-01
 3.50519e+22	1.27e-06	1.19e-02	9.88e-01
 3.53143e+22	1.40e-06	1.25e-02	9.87e-01
 3.55918e+22	1.54e-06	1.31e-02	9.87e-01
 3.58460e+22	1.68e-06	1.37e-02	9.86e-01
 3.61335e+22	1.87e-06	1.44e-02	9.86e-01
 3.64310e+22	2.07e-06	1.52e-02	9.85e-01
 3.66952e+22	2.26e-06	1.58e-02	9.84e-01
 3.69924e+22	2.52e-06	1.67e-02	9.83e-01
 3.73024e+22	2.79e-06	1.76e-02	9.82e-01
 3.75817e+22	3.07e-06	1.84e-02	9.82e-01
 3.78975e+22	3.45e-06	1.95e-02	9.80e-01
 3.82234e+22	3.83e-06	2.06e-02	9.79e-01
 3.85138e+22	4.22e-06	2.16e-02	9.78e-01
 3.88427e+22	4.76e-06	2.29e-02	9.77e-01
 3.91844e+22	5.31e-06	2.42e-02	9.76e-01
 3.94919e+22	5.88e-06	2.54e-02	9.75e-01
 3.98411e+22	6.70e-06	2.71e-02	9.73e-01
 4.01994e+22	7.48e-06	2.86e-02	9.71e-01
 4.05210e+22	8.32e-06	3.02e-02	9.70e-01
 4.08906e+22	9.56e-06	3.23e-02	9.68e-01
 4.12631e+22	1.07e-05	3.41e-02	9.66e-01
 4.16394e+22	1.23e-05	3.65e-02	9.63e-01
 4.20218e+22	1.38e-05	3.86e-02	9.61e-01
 4.24120e+22	1.59e-05	4.14e-02	9.59e-01
 4.28059e+22	1.79e-05	4.39e-02	9.56e-01
 4.32047e+22	2.07e-05	4.72e-02	9.53e-01
 4.36073e+22	2.33e-05	4.99e-02	9.50e-01
 4.40151e+22	2.71e-05	5.37e-02	9.46e-01
 4.44283e+22	3.06e-05	5.69e-02	9.43e-01
 4.48486e+22	3.56e-05	6.14e-02	9.39e-01
 4.52628e+22	4.00e-05	6.49e-02	9.35e-01
 4.56010e+22	4.44e-05	6.82e-02	9.32e-01
 4.59724e+22	5.09e-05	7.28e-02	9.27e-01
 4.63450e+22	5.64e-05	7.65e-02	9.23e-01
 4.67190e+22	6.44e-05	8.16e-02	9.18e-01
 4.70976e+22	7.18e-05	8.59e-02	9.14e-01
 4.74821e+22	8.22e-05	9.16e-02	9.08e-01
 4.78704e+22	9.18e-05	9.65e-02	9.03e-01
 4.82120e+22	1.02e-04	1.02e-01	8.98e-01
 4.86046e+22	1.17e-04	1.08e-01	8.92e-01
 4.90030e+22	1.31e-04	1.14e-01	8.86e-01
 4.93225e+22	1.44e-04	1.19e-01	8.81e-01
 4.96515e+22	1.60e-04	1.26e-01	8.74e-01
 4.99897e+22	1.76e-04	1.31e-01	8.69e-01
 5.02922e+22	1.93e-04	1.37e-01	8.63e-01
 5.06378e+22	2.16e-04	1.44e-01	8.56e-01
 5.09859e+22	2.37e-04	1.50e-01	8.49e-01
 5.12886e+22	2.59e-04	1.57e-01	8.43e-01
 5.16335e+22	2.91e-04	1.65e-01	8.35e-01
 5.19820e+22	3.18e-04	1.72e-01	8.28e-01
 5.23351e+22	3.56e-04	1.81e-01	8.19e-01
 5.26934e+22	3.92e-04	1.89e-01	8.11e-01
 5.30084e+22	4.28e-04	1.97e-01	8.03e-01
 5.33680e+22	4.79e-04	2.07e-01	7.93e-01
 5.36499e+22	5.02e-04	2.11e-01	7.89e-01
 5.38310e+22	5.33e-04	2.17e-01	7.83e-01
 5.40665e+22	5.73e-04	2.23e-01	7.76e-01
 5.43725e+22	6.30e-04	2.33e-01	7.66e-01
 5.47159e+22	6.92e-04	2.43e-01	7.57e-01
 5.51078e+22	7.79e-04	2.55e-01	7.44e-01
 5.55037e+22	8.57e-04	2.66e-01	7.33e-01
 5.59051e+22	9.61e-04	2.79e-01	7.20e-01
 5.63198e+22	1.07e-03	2.91e-01	7.07e-01
 5.66867e+22	1.17e-03	3.03e-01	6.96e-01
 5.70984e+22	1.32e-03	3.18e-01	6.80e-01
 5.74600e+22	1.42e-03	3.27e-01	6.71e-01
 5.77565e+22	1.54e-03	3.38e-01	6.60e-01
 5.80645e+22	1.65e-03	3.48e-01	6.50e-01
 5.83875e+22	1.80e-03	3.60e-01	6.38e-01
 5.87134e+22	1.94e-03	3.71e-01	6.28e-01
 5.90429e+22	2.12e-03	3.84e-01	6.14e-01
 5.93745e+22	2.28e-03	3.94e-01	6.03e-01
 5.97088e+22	2.50e-03	4.08e-01	5.90e-01
 6.00480e+22	2.69e-03	4.19e-01	5.79e-01
 6.03935e+22	2.94e-03	4.33e-01	5.64e-01
 6.07443e+22	3.17e-03	4.45e-01	5.52e-01
 6.11021e+22	3.47e-03	4.59e-01	5.37e-01
 6.14663e+22	3.75e-03	4.72e-01	5.25e-01
 6.18389e+22	4.12e-03	4.87e-01	5.09e-01
 6.22194e+22	4.45e-03	5.00e-01	4.96e-01
 6.26103e+22	4.90e-03	5.16e-01	4.79e-01
 6.30079e+22	5.30e-03	5.29e-01	4.65e-01
 6.34143e+22	5.85e-03	5.46e-01	4.48e-01
 6.38264e+22	6.33e-03	5.60e-01	4.34e-01
 6.42458e+22	6.96e-03	5.76e-01	4.17e-01
 6.46757e+22	7.57e-03	5.91e-01	4.02e-01
 6.51192e+22	8.41e-03	6.09e-01	3.83e-01
 6.55621e+22	9.08e-03	6.22e-01	3.69e-01
 6.60042e+22	1.00e-02	6.40e-01	3.50e-01
 6.64617e+22	1.09e-02	6.54e-01	3.35e-01
 6.69393e+22	1.22e-02	6.72e-01	3.16e-01
 6.74245e+22	1.32e-02	6.86e-01	3.01e-01
 6.79196e+22	1.48e-02	7.04e-01	2.81e-01
 6.84285e+22	1.61e-02	7.18e-01	2.66e-01
 6.89555e+22	1.81e-02	7.36e-01	2.46e-01
 6.94994e+22	1.98e-02	7.51e-01	2.30e-01
 7.00654e+22	2.25e-02	7.68e-01	2.10e-01
 7.06552e+22	2.49e-02	7.82e-01	1.93e-01
 7.12693e+22	2.84e-02	7.99e-01	1.73e-01
 7.18915e+22	3.16e-02	8.11e-01	1.57e-01
 7.23772e+22	3.43e-02	8.20e-01	1.45e-01
 7.28550e+22	3.82e-02	8.30e-01	1.32e-01
 7.33432e+22	4.18e-02	8.38e-01	1.20e-01
 7.38449e+22	4.68e-02	8.46e-01	1.08e-01
 7.43637e+22	5.18e-02	8.51e-01	9.67e-02
 7.49045e+22	5.89e-02	8.56e-01	8.47e-02
 7.53992e+22	6.46e-02	8.59e-01	7.66e-02
 7.57596e+22	6.99e-02	8.60e-01	7.04e-02
 7.61537e+22	7.75e-02	8.59e-01	6.32e-02
 7.65777e+22	8.57e-02	8.57e-01	5.69e-02
 7.69659e+22	9.46e-02	8.54e-01	5.16e-02
 7.73278e+22	1.04e-01	8.49e-01	4.71e-02
 7.76629e+22	1.14e-01	8.42e-01	4.33e-02
 7.79728e+22	1.25e-01	8.34e-01	4.02e-02
 7.82580e+22	1.37e-01	8.25e-01	3.76e-02
 7.85159e+22	1.49e-01	8.16e-01	3.56e-02
 7.87498e+22	1.61e-01	8.05e-01	3.39e-02
 7.89628e+22	1.74e-01	7.93e-01	3.26e-02
 7.90964e+22	1.81e-01	7.86e-01	3.23e-02
 7.91461e+22	1.84e-01	7.83e-01	3.21e-02
 7.91861e+22	1.87e-01	7.81e-01	3.19e-02
 7.92382e+22	1.91e-01	7.77e-01	3.16e-02
 7.93002e+22	1.96e-01	7.72e-01	3.13e-02
 7.93625e+22	2.01e-01	7.68e-01	3.10e-02
 7.94201e+22	2.06e-01	7.63e-01	3.09e-02
 7.94789e+22	2.11e-01	7.59e-01	3.06e-02
 7.95404e+22	2.16e-01	7.53e-01	3.04e-02
 7.96008e+22	2.22e-01	7.48e-01	3.02e-02
 7.96616e+22	2.27e-01	7.43e-01	3.01e-02
 7.97249e+22	2.33e-01	7.37e-01	2.99e-02
 7.97901e+22	2.39e-01	7.31e-01	2.98e-02
 7.98575e+22	2.47e-01	7.24e-01	2.97e-02
 7.99257e+22	2.54e-01	7.17e-01	2.96e-02
 7.99950e+22	2.61e-01	7.09e-01	2.95e-02
 8.00682e+22	2.69e-01	7.01e-01	2.95e-02
 8.01434e+22	2.78e-01	6.93e-01	2.94e-02
 8.02029e+22	2.84e-01	6.86e-01	2.95e-02
 8.02418e+22	2.88e-01	6.82e-01	2.95e-02
 8.02784e+22	2.93e-01	6.78e-01	2.95e-02
 8.03223e+22	2.99e-01	6.72e-01	2.94e-02
 8.03710e+22	3.05e-01	6.66e-01	2.94e-02
 8.04185e+22	3.11e-01	6.59e-01	2.93e-02
 8.04634e+22	3.17e-01	6.54e-01	2.93e-02
 8.05091e+22	3.23e-01	6.47e-01	2.93e-02
 8.05571e+22	3.30e-01	6.41e-01	2.92e-02
 8.06051e+22	3.37e-01	6.34e-01	2.91e-02
 8.06534e+22	3.44e-01	6.27e-01	2.90e-02
 8.07031e+22	3.51e-01	6.20e-01	2.89e-02
 8.07543e+22	3.59e-01	6.12e-01	2.88e-02
 8.08066e+22	3.67e-01	6.04e-01	2.86e-02
 8.08598e+22	3.76e-01	5.96e-01	2.84e-02
 8.09132e+22	3.84e-01	5.88e-01	2.82e-02
 8.09679e+22	3.93e-01	5.79e-01	2.79e-02
 8.10248e+22	4.02e-01	5.70e-01	2.77e-02
 8.10835e+22	4.12e-01	5.60e-01	2.73e-02
 8.11429e+22	4.22e-01	5.51e-01	2.70e-02
 8.12037e+22	4.33e-01	5.41e-01	2.66e-02
 8.12668e+22	4.44e-01	5.30e-01	2.62e-02
 8.13315e+22	4.55e-01	5.19e-01	2.58e-02
 8.13978e+22	4.67e-01	5.08e-01	2.53e-02
 8.14663e+22	4.79e-01	4.96e-01	2.48e-02
 8.15364e+22	4.92e-01	4.84e-01	2.42e-02
 8.16083e+22	5.05e-01	4.72e-01	2.36e-02
 8.16827e+22	5.18e-01	4.59e-01	2.30e-02
 8.17594e+22	5.32e-01	4.46e-01	2.23e-02
 8.18378e+22	5.45e-01	4.33e-01	2.16e-02
 8.19172e+22	5.59e-01	4.20e-01	2.10e-02
 8.19976e+22	5.73e-01	4.07e-01	2.02e-02
 8.20807e+22	5.87e-01	3.94e-01	1.94e-02
 8.21656e+22	6.01e-01	3.81e-01	1.87e-02
 8.22511e+22	6.15e-01	3.67e-01	1.79e-02
 8.23371e+22	6.28e-01	3.55e-01	1.72e-02
 8.24242e+22	6.41e-01	3.42e-01	1.64e-02
 8.25131e+22	6.55e-01	3.30e-01	1.56e-02
 8.26035e+22	6.67e-01	3.18e-01	1.49e-02
 8.26966e+22	6.80e-01	3.06e-01	1.41e-02
 8.27919e+22	6.93e-01	2.94e-01	1.34e-02
 8.28882e+22	7.05e-01	2.82e-01	1.27e-02
 8.29861e+22	7.18e-01	2.71e-01	1.19e-02
 8.30870e+22	7.29e-01	2.59e-01	1.12e-02
 8.31905e+22	7.41e-01	2.49e-01	1.05e-02
 8.32918e+22	7.51e-01	2.39e-01	9.88e-03
 8.33874e+22	7.61e-01	2.30e-01	9.30e-03
 8.34754e+22	7.69e-01	2.22e-01	8.78e-03
 8.35572e+22	7.77e-01	2.14e-01	8.30e-03
 8.36329e+22	7.84e-01	2.08e-01	7.89e-03
 8.37061e+22	7.91e-01	2.02e-01	7.49e-03
 8.37797e+22	7.96e-01	1.96e-01	7.14e-03
 8.38520e+22	8.03e-01	1.91e-01	6.77e-03
 8.39196e+22	8.08e-01	1.86e-01	6.47e-03
 8.39825e+22	8.13e-01	1.81e-01	6.18e-03
 8.40459e+22	8.18e-01	1.77e-01	5.90e-03
 8.41069e+22	8.22e-01	1.72e-01	5.65e-03
 8.41646e+22	8.26e-01	1.69e-01	5.41e-03
 8.42219e+22	8.30e-01	1.65e-01	5.18e-03
 8.42767e+22	8.34e-01	1.61e-01	4.98e-03
 8.43284e+22	8.37e-01	1.58e-01	4.78e-03
 8.43789e+22	8.41e-01	1.55e-01	4.60e-03
 8.44282e+22	8.44e-01	1.52e-01	4.42e-03
 8.44745e+22	8.47e-01	1.49e-01	4.26e-03
 8.45167e+22	8.50e-01	1.46e-01	4.12e-03
 8.45551e+22	8.52e-01	1.44e-01	3.99e-03
 8.45900e+22	8.54e-01	1.42e-01	3.88e-03
 8.46218e+22	8.56e-01	1.40e-01	3.77e-03
 8.46507e+22	8.58e-01	1.38e-01	3.68e-03
 8.46770e+22	8.60e-01	1.36e-01	3.59e-03
 8.47058e+22	8.62e-01	1.34e-01	3.49e-03
 8.47370e+22	8.64e-01	1.33e-01	3.40e-03
 8.47653e+22	8.66e-01	1.31e-01	3.33e-03
 8.47911e+22	8.67e-01	1.30e-01	3.25e-03
 8.48145e+22	8.68e-01	1.29e-01	3.20e-03
 8.48402e+22	8.70e-01	1.27e-01	3.11e-03
 8.48736e+22	8.72e-01	1.25e-01	3.02e-03
 8.49097e+22	8.74e-01	1.23e-01	2.94e-03
 8.49425e+22	8.76e-01	1.21e-01	2.85e-03
 8.49724e+22	8.77e-01	1.20e-01	2.79e-03
 8.50052e+22	8.79e-01	1.18e-01	2.71e-03
 8.50405e+22	8.81e-01	1.17e-01	2.64e-03
 8.50727e+22	8.82e-01	1.15e-01	2.58e-03
 8.51019e+22	8.83e-01	1.14e-01	2.52e-03
 8.51286e+22	8.84e-01	1.13e-01	2.48e-03
 8.51577e+22	8.86e-01	1.11e-01	2.41e-03
 8.51957e+22	8.88e-01	1.10e-01	2.33e-03
 8.52366e+22	8.90e-01	1.08e-01	2.26e-03
 8.52739e+22	8.91e-01	1.07e-01	2.20e-03
 8.53078e+22	8.93e-01	1.05e-01	2.15e-03
 8.53387e+22	8.94e-01	1.04e-01	2.09e-03
 8.53668e+22	8.95e-01	1.03e-01	2.05e-03
 8.53976e+22	8.97e-01	1.01e-01	1.99e-03
 8.54308e+22	8.98e-01	9.99e-02	1.93e-03
 8.54610e+22	8.99e-01	9.87e-02	1.89e-03
 8.54885e+22	9.01e-01	9.76e-02	1.85e-03
 8.55136e+22	9.01e-01	9.67e-02	1.81e-03
 8.55410e+22	9.03e-01	9.54e-02	1.76e-03
 8.55767e+22	9.04e-01	9.39e-02	1.71e-03
 8.56152e+22	9.06e-01	9.25e-02	1.66e-03
 8.56502e+22	9.07e-01	9.13e-02	1.61e-03
 8.56821e+22	9.08e-01	9.02e-02	1.58e-03
 8.57111e+22	9.09e-01	8.91e-02	1.54e-03
 8.57375e+22	9.10e-01	8.81e-02	1.50e-03
 8.57665e+22	9.12e-01	8.69e-02	1.46e-03
 8.57977e+22	9.13e-01	8.58e-02	1.43e-03
 8.58261e+22	9.14e-01	8.49e-02	1.40e-03
 8.58573e+22	9.15e-01	8.37e-02	1.36e-03
 8.58909e+22	9.16e-01	8.26e-02	1.32e-03
 8.59215e+22	9.17e-01	8.17e-02	1.29e-03
 8.59494e+22	9.18e-01	8.07e-02	1.26e-03
 8.59747e+22	9.19e-01	8.01e-02	1.24e-03
 8.60025e+22	9.20e-01	7.91e-02	1.21e-03
 8.60386e+22	9.21e-01	7.80e-02	1.18e-03
 8.60776e+22	9.22e-01	7.71e-02	1.15e-03
 8.61130e+22	9.23e-01	7.60e-02	1.12e-03
 8.61453e+22	9.24e-01	7.54e-02	1.10e-03
 8.61807e+22	9.25e-01	7.42e-02	1.07e-03
 8.62188e+22	9.26e-01	7.33e-02	1.04e-03
 8.62536e+22	9.27e-01	7.24e-02	1.01e-03
 8.62917e+22	9.28e-01	7.13e-02	9.84e-04
 8.63328e+22	9.29e-01	7.03e-02	9.58e-04
 8.63702e+22	9.30e-01	6.93e-02	9.31e-04
 8.64042e+22	9.30e-01	6.86e-02	9.13e-04
 8.64415e+22	9.32e-01	6.75e-02	8.84e-04
 8.64818e+22	9.32e-01	6.67e-02	8.61e-04
 8.65184e+22	9.33e-01	6.57e-02	8.37e-04
 8.65517e+22	9.34e-01	6.51e-02	8.22e-04
 8.65883e+22	9.35e-01	6.41e-02	7.97e-04
 8.66277e+22	9.36e-01	6.33e-02	7.77e-04
 8.66636e+22	9.37e-01	6.27e-02	7.62e-04
 8.67030e+22	9.38e-01	6.16e-02	7.36e-04
 8.67454e+22	9.38e-01	6.08e-02	7.17e-04
 8.67841e+22	9.39e-01	6.00e-02	6.97e-04
 8.68192e+22	9.40e-01	5.94e-02	6.84e-04
 8.68578e+22	9.41e-01	5.85e-02	6.63e-04
 8.68994e+22	9.42e-01	5.77e-02	6.46e-04
 8.69372e+22	9.42e-01	5.71e-02	6.32e-04
 8.69787e+22	9.43e-01	5.61e-02	6.11e-04
 8.70235e+22	9.44e-01	5.54e-02	5.95e-04
 8.70642e+22	9.45e-01	5.48e-02	5.81e-04
 8.71089e+22	9.46e-01	5.38e-02	5.61e-04
 8.71571e+22	9.46e-01	5.30e-02	5.46e-04
 8.72010e+22	9.47e-01	5.24e-02	5.32e-04
 8.72491e+22	9.48e-01	5.14e-02	5.12e-04
 8.73010e+22	9.49e-01	5.07e-02	4.98e-04
 8.73482e+22	9.50e-01	5.00e-02	4.85e-04
 8.73999e+22	9.51e-01	4.90e-02	4.66e-04
 8.74558e+22	9.51e-01	4.83e-02	4.53e-04
 8.75066e+22	9.52e-01	4.75e-02	4.38e-04
 8.75529e+22	9.53e-01	4.69e-02	4.26e-04
 8.76036e+22	9.54e-01	4.60e-02	4.11e-04
 8.76584e+22	9.54e-01	4.53e-02	3.98e-04
 8.77082e+22	9.55e-01	4.47e-02	3.87e-04
 8.77627e+22	9.56e-01	4.38e-02	3.73e-04
 8.78217e+22	9.57e-01	4.31e-02	3.61e-04
 8.78753e+22	9.57e-01	4.25e-02	3.50e-04
 8.79340e+22	9.58e-01	4.16e-02	3.37e-04
 8.79975e+22	9.59e-01	4.10e-02	3.26e-04
 8.80552e+22	9.59e-01	4.03e-02	3.15e-04
 8.81077e+22	9.60e-01	3.97e-02	3.06e-04
 8.81653e+22	9.61e-01	3.89e-02	2.94e-04
 8.82274e+22	9.61e-01	3.82e-02	2.84e-04
 8.82840e+22	9.62e-01	3.77e-02	2.76e-04
 8.83459e+22	9.63e-01	3.69e-02	2.65e-04
 8.84128e+22	9.63e-01	3.63e-02	2.56e-04
 8.84737e+22	9.64e-01	3.57e-02	2.48e-04
 8.85404e+22	9.65e-01	3.49e-02	2.37e-04
 8.86124e+22	9.65e-01	3.43e-02	2.29e-04
 8.86780e+22	9.66e-01	3.37e-02	2.21e-04
 8.87376e+22	9.67e-01	3.31e-02	2.14e-04
 8.88030e+22	9.67e-01	3.24e-02	2.05e-04
 8.88735e+22	9.68e-01	3.19e-02	1.98e-04
 8.89377e+22	9.68e-01	3.13e-02	1.91e-04
 8.90081e+22	9.69e-01	3.07e-02	1.83e-04
 8.90840e+22	9.70e-01	3.01e-02	1.76e-04
 8.91531e+22	9.70e-01	2.95e-02	1.70e-04
 8.92289e+22	9.71e-01	2.89e-02	1.63e-04
 8.93106e+22	9.71e-01	2.83e-02	1.57e-04
 8.93850e+22	9.72e-01	2.78e-02	1.51e-04
 8.94666e+22	9.73e-01	2.71e-02	1.44e-04
 8.95546e+22	9.73e-01	2.66e-02	1.38e-04
 8.96347e+22	9.74e-01	2.60e-02	1.32e-04
 8.97225e+22	9.74e-01	2.54e-02	1.26e-04
 8.98172e+22	9.75e-01	2.48e-02	1.21e-04
 8.99034e+22	9.76e-01	2.43e-02	1.15e-04
 8.99819e+22	9.76e-01	2.38e-02	1.11e-04
 9.00679e+22	9.77e-01	2.32e-02	1.06e-04
 9.01791e+22	9.77e-01	2.26e-02	9.96e-05
 9.03037e+22	9.78e-01	2.19e-02	9.37e-05
 9.04273e+22	9.79e-01	2.12e-02	8.81e-05
 9.05517e+22	9.79e-01	2.05e-02	8.27e-05
 9.06790e+22	9.80e-01	1.99e-02	7.76e-05
 9.08085e+22	9.81e-01	1.93e-02	7.27e-05
 9.09395e+22	9.81e-01	1.86e-02	6.81e-05
 9.10719e+22	9.82e-01	1.80e-02	6.38e-05
 9.12061e+22	9.83e-01	1.74e-02	5.97e-05
 9.13419e+22	9.83e-01	1.69e-02	5.58e-05
 9.14793e+22	9.84e-01	1.63e-02	5.22e-05
 9.16183e+22	9.84e-01	1.57e-02	4.87e-05
 9.17587e+22	9.85e-01	1.52e-02	4.55e-05
 9.19006e+22	9.85e-01	1.47e-02	4.25e-05
 9.20440e+22	9.86e-01	1.42e-02	3.96e-05
 9.21886e+22	9.86e-01	1.37e-02	3.69e-05
 9.23344e+22	9.87e-01	1.32e-02	3.44e-05
 9.24815e+22	9.87e-01	1.28e-02	3.21e-05
 9.25628e+22	9.87e-01	1.27e-02	3.16e-05
