#depth	Ar	Ar+	Ar+2	Ar+3	Ar+4	Ar+5	Ar+6	Ar+7	Ar+8	Ar+9	Ar+10	Ar+11	Ar+12	Ar+13	Ar+14	Ar+15	Ar+16	Ar+17	Ar+18
 4.62852e+21	4.98e-30	1.57e-23	2.43e-18	9.52e-16	1.83e-13	1.24e-11	4.53e-10	1.97e-08	1.05e-05	4.34e-04	6.26e-03	3.33e-02	1.24e-01	1.87e-01	1.55e-01	1.39e-01	2.80e-01	6.94e-02	5.76e-03
 1.03154e+22	8.04e-27	1.80e-20	1.96e-15	3.30e-13	2.75e-11	7.96e-10	1.20e-08	2.29e-07	1.12e-04	4.04e-03	4.07e-02	1.35e-01	3.08e-01	2.59e-01	1.16e-01	5.71e-02	6.99e-02	9.06e-03	3.98e-04
 1.17551e+22	7.07e-26	1.40e-19	1.35e-14	1.79e-12	1.20e-10	2.79e-09	3.31e-08	5.09e-07	2.08e-04	6.90e-03	6.10e-02	1.76e-01	3.42e-01	2.42e-01	9.08e-02	3.79e-02	3.98e-02	4.21e-03	1.51e-04
 1.23272e+22	1.91e-25	3.58e-19	3.22e-14	3.86e-12	2.35e-10	4.98e-09	5.33e-08	7.42e-07	2.78e-04	8.73e-03	7.23e-02	1.95e-01	3.52e-01	2.29e-01	7.93e-02	3.08e-02	3.02e-02	2.89e-03	9.46e-05
 1.25656e+22	2.44e-25	4.49e-19	3.98e-14	4.66e-12	2.78e-10	5.74e-09	5.99e-08	8.15e-07	2.98e-04	9.24e-03	7.53e-02	1.99e-01	3.53e-01	2.26e-01	7.66e-02	2.92e-02	2.81e-02	2.64e-03	8.42e-05
 1.26752e+22	3.32e-25	5.99e-19	5.21e-14	5.91e-12	3.42e-10	6.87e-09	6.96e-08	9.18e-07	3.26e-04	9.93e-03	7.93e-02	2.05e-01	3.55e-01	2.21e-01	7.31e-02	2.73e-02	2.57e-02	2.34e-03	7.25e-05
 1.27943e+22	4.37e-25	7.77e-19	6.63e-14	7.31e-12	4.13e-10	8.08e-09	7.96e-08	1.02e-06	3.53e-04	1.06e-02	8.29e-02	2.10e-01	3.57e-01	2.17e-01	7.01e-02	2.56e-02	2.37e-02	2.10e-03	6.32e-05
 1.29255e+22	6.23e-25	1.08e-18	9.01e-14	9.61e-12	5.25e-10	9.96e-09	9.46e-08	1.17e-06	3.91e-04	1.15e-02	8.77e-02	2.17e-01	3.58e-01	2.12e-01	6.63e-02	2.37e-02	2.13e-02	1.82e-03	5.30e-05
 1.30585e+22	8.26e-25	1.41e-18	1.15e-13	1.19e-11	6.36e-10	1.18e-08	1.09e-07	1.31e-06	4.25e-04	1.23e-02	9.17e-02	2.23e-01	3.59e-01	2.07e-01	6.34e-02	2.22e-02	1.96e-02	1.62e-03	4.60e-05
 1.31937e+22	1.18e-24	1.97e-18	1.57e-13	1.57e-11	8.13e-10	1.45e-08	1.30e-07	1.51e-06	4.72e-04	1.33e-02	9.70e-02	2.29e-01	3.60e-01	2.01e-01	5.97e-02	2.03e-02	1.75e-02	1.40e-03	3.83e-05
 1.33301e+22	1.55e-24	2.53e-18	1.98e-13	1.93e-11	9.76e-10	1.70e-08	1.48e-07	1.68e-06	5.12e-04	1.42e-02	1.01e-01	2.34e-01	3.60e-01	1.96e-01	5.70e-02	1.91e-02	1.61e-02	1.25e-03	3.34e-05
 1.34682e+22	2.21e-24	3.53e-18	2.69e-13	2.54e-11	1.24e-09	2.10e-08	1.76e-07	1.94e-06	5.69e-04	1.54e-02	1.07e-01	2.41e-01	3.60e-01	1.90e-01	5.36e-02	1.75e-02	1.44e-02	1.08e-03	2.77e-05
 1.36091e+22	2.91e-24	4.55e-18	3.40e-13	3.13e-11	1.50e-09	2.47e-08	2.02e-07	2.16e-06	6.17e-04	1.63e-02	1.11e-01	2.46e-01	3.59e-01	1.85e-01	5.10e-02	1.63e-02	1.32e-02	9.63e-04	2.41e-05
 1.37330e+22	3.80e-24	5.83e-18	4.27e-13	3.84e-11	1.80e-09	2.90e-08	2.31e-07	2.41e-06	6.68e-04	1.74e-02	1.16e-01	2.51e-01	3.58e-01	1.80e-01	4.86e-02	1.53e-02	1.21e-02	8.59e-04	2.09e-05
 1.38736e+22	5.36e-24	8.04e-18	5.74e-13	5.00e-11	2.27e-09	3.56e-08	2.74e-07	2.77e-06	7.41e-04	1.87e-02	1.22e-01	2.57e-01	3.57e-01	1.74e-01	4.55e-02	1.40e-02	1.08e-02	7.39e-04	1.74e-05
 1.40142e+22	6.87e-24	1.01e-17	7.09e-13	6.04e-11	2.69e-09	4.12e-08	3.10e-07	3.06e-06	7.99e-04	1.98e-02	1.26e-01	2.61e-01	3.55e-01	1.70e-01	4.34e-02	1.31e-02	9.92e-03	6.64e-04	1.52e-05
 1.41545e+22	9.66e-24	1.39e-17	9.49e-13	7.83e-11	3.39e-09	5.04e-08	3.67e-07	3.51e-06	8.85e-04	2.14e-02	1.32e-01	2.67e-01	3.53e-01	1.63e-01	4.06e-02	1.20e-02	8.84e-03	5.71e-04	1.26e-05
 1.42971e+22	1.24e-23	1.75e-17	1.17e-12	9.48e-11	4.02e-09	5.85e-08	4.16e-07	3.89e-06	9.55e-04	2.26e-02	1.37e-01	2.71e-01	3.51e-01	1.59e-01	3.86e-02	1.12e-02	8.12e-03	5.11e-04	1.10e-05
 1.44425e+22	1.73e-23	2.38e-17	1.56e-12	1.22e-10	5.04e-09	7.14e-08	4.92e-07	4.45e-06	1.06e-03	2.43e-02	1.43e-01	2.77e-01	3.48e-01	1.53e-01	3.61e-02	1.02e-02	7.23e-03	4.40e-04	9.16e-06
 1.45926e+22	2.28e-23	3.07e-17	1.96e-12	1.50e-10	6.07e-09	8.40e-08	5.64e-07	4.98e-06	1.15e-03	2.58e-02	1.49e-01	2.81e-01	3.45e-01	1.48e-01	3.41e-02	9.49e-03	6.57e-03	3.89e-04	7.87e-06
 1.47490e+22	3.20e-23	4.20e-17	2.62e-12	1.95e-10	7.65e-09	1.03e-07	6.69e-07	5.72e-06	1.27e-03	2.78e-02	1.56e-01	2.86e-01	3.41e-01	1.41e-01	3.17e-02	8.63e-03	5.83e-03	3.32e-04	6.50e-06
 1.49109e+22	4.28e-23	5.50e-17	3.35e-12	2.43e-10	9.31e-09	1.22e-07	7.73e-07	6.44e-06	1.39e-03	2.97e-02	1.62e-01	2.90e-01	3.38e-01	1.36e-01	2.98e-02	7.95e-03	5.25e-03	2.91e-04	5.51e-06
 1.50800e+22	6.12e-23	7.64e-17	4.52e-12	3.18e-10	1.19e-08	1.51e-07	9.25e-07	7.45e-06	1.55e-03	3.20e-02	1.69e-01	2.95e-01	3.33e-01	1.30e-01	2.75e-02	7.17e-03	4.61e-03	2.46e-04	4.50e-06
 1.52545e+22	8.29e-23	1.01e-16	5.83e-12	4.00e-10	1.46e-08	1.81e-07	1.08e-06	8.44e-06	1.70e-03	3.42e-02	1.76e-01	2.99e-01	3.28e-01	1.24e-01	2.57e-02	6.56e-03	4.13e-03	2.13e-04	3.77e-06
 1.54359e+22	1.20e-22	1.43e-16	7.98e-12	5.31e-10	1.88e-08	2.26e-07	1.30e-06	9.83e-06	1.90e-03	3.70e-02	1.84e-01	3.04e-01	3.22e-01	1.18e-01	2.36e-02	5.87e-03	3.59e-03	1.78e-04	3.04e-06
 1.56230e+22	1.65e-22	1.91e-16	1.04e-11	6.75e-10	2.32e-08	2.72e-07	1.52e-06	1.12e-05	2.09e-03	3.96e-02	1.92e-01	3.07e-01	3.17e-01	1.12e-01	2.19e-02	5.34e-03	3.19e-03	1.53e-04	2.52e-06
 1.57921e+22	2.25e-22	2.53e-16	1.34e-11	8.50e-10	2.86e-08	3.26e-07	1.77e-06	1.27e-05	2.29e-03	4.22e-02	1.99e-01	3.10e-01	3.11e-01	1.07e-01	2.03e-02	4.86e-03	2.84e-03	1.32e-04	2.10e-06
 1.59862e+22	3.31e-22	3.61e-16	1.86e-11	1.14e-09	3.71e-08	4.11e-07	2.15e-06	1.48e-05	2.58e-03	4.57e-02	2.08e-01	3.14e-01	3.04e-01	1.01e-01	1.85e-02	4.31e-03	2.45e-03	1.09e-04	1.67e-06
 1.61841e+22	4.56e-22	4.84e-16	2.42e-11	1.45e-09	4.61e-08	4.96e-07	2.52e-06	1.69e-05	2.84e-03	4.88e-02	2.15e-01	3.17e-01	2.98e-01	9.55e-02	1.70e-02	3.89e-03	2.16e-03	9.29e-05	1.37e-06
 1.63869e+22	6.80e-22	6.98e-16	3.38e-11	1.95e-09	6.02e-08	6.27e-07	3.07e-06	1.99e-05	3.20e-03	5.29e-02	2.25e-01	3.19e-01	2.89e-01	8.93e-02	1.54e-02	3.43e-03	1.84e-03	7.60e-05	1.08e-06
 1.65924e+22	9.42e-22	9.41e-16	4.42e-11	2.49e-09	7.49e-08	7.60e-07	3.61e-06	2.27e-05	3.52e-03	5.65e-02	2.33e-01	3.21e-01	2.82e-01	8.44e-02	1.41e-02	3.08e-03	1.62e-03	6.43e-05	8.79e-07
 1.68015e+22	1.42e-21	1.37e-15	6.21e-11	3.39e-09	9.87e-08	9.67e-07	4.42e-06	2.68e-05	3.98e-03	6.13e-02	2.43e-01	3.23e-01	2.73e-01	7.84e-02	1.26e-02	2.69e-03	1.37e-03	5.20e-05	6.79e-07
 1.70127e+22	1.97e-21	1.84e-15	8.13e-11	4.32e-09	1.23e-07	1.17e-06	5.19e-06	3.06e-05	4.38e-03	6.53e-02	2.51e-01	3.24e-01	2.66e-01	7.38e-02	1.16e-02	2.41e-03	1.19e-03	4.38e-05	5.52e-07
 1.72268e+22	2.99e-21	2.71e-15	1.15e-10	5.90e-09	1.63e-07	1.50e-06	6.40e-06	3.63e-05	4.96e-03	7.09e-02	2.61e-01	3.25e-01	2.56e-01	6.80e-02	1.03e-02	2.08e-03	9.98e-04	3.49e-05	4.20e-07
 1.74419e+22	4.13e-21	3.63e-15	1.50e-10	7.50e-09	2.02e-07	1.81e-06	7.51e-06	4.13e-05	5.45e-03	7.54e-02	2.69e-01	3.26e-01	2.48e-01	6.38e-02	9.37e-03	1.86e-03	8.70e-04	2.93e-05	3.40e-07
 1.76207e+22	5.52e-21	4.73e-15	1.90e-10	9.30e-09	2.45e-07	2.15e-06	8.67e-06	4.65e-05	5.93e-03	7.96e-02	2.77e-01	3.25e-01	2.41e-01	6.02e-02	8.60e-03	1.68e-03	7.66e-04	2.50e-05	2.80e-07
 1.78152e+22	8.05e-21	6.68e-15	2.59e-10	1.23e-08	3.15e-07	2.69e-06	1.05e-05	5.43e-05	6.63e-03	8.55e-02	2.86e-01	3.25e-01	2.32e-01	5.55e-02	7.67e-03	1.46e-03	6.46e-04	2.01e-05	2.16e-07
 1.80090e+22	1.07e-20	8.64e-15	3.27e-10	1.52e-08	3.81e-07	3.18e-06	1.20e-05	6.10e-05	7.20e-03	9.01e-02	2.93e-01	3.24e-01	2.25e-01	5.22e-02	7.03e-03	1.32e-03	5.69e-04	1.71e-05	1.78e-07
 1.82019e+22	1.55e-20	1.21e-14	4.42e-10	1.99e-08	4.88e-07	3.96e-06	1.45e-05	7.11e-05	8.03e-03	9.65e-02	3.02e-01	3.23e-01	2.15e-01	4.81e-02	6.25e-03	1.14e-03	4.78e-04	1.38e-05	1.37e-07
 1.83972e+22	2.06e-20	1.57e-14	5.59e-10	2.46e-08	5.92e-07	4.70e-06	1.68e-05	8.01e-05	8.74e-03	1.02e-01	3.08e-01	3.21e-01	2.08e-01	4.50e-02	5.69e-03	1.02e-03	4.17e-04	1.16e-05	0.00e+00
 1.85955e+22	3.01e-20	2.21e-14	7.58e-10	3.25e-08	7.63e-07	5.89e-06	2.03e-05	9.39e-05	9.78e-03	1.09e-01	3.17e-01	3.18e-01	1.98e-01	4.11e-02	5.01e-03	8.79e-04	3.47e-04	9.21e-06	0.00e+00
 1.87962e+22	4.02e-20	2.88e-14	9.59e-10	4.02e-08	9.28e-07	7.00e-06	2.35e-05	1.06e-04	1.07e-02	1.15e-01	3.24e-01	3.16e-01	1.91e-01	3.82e-02	4.54e-03	7.81e-04	3.00e-04	7.70e-06	0.00e+00
 1.90000e+22	5.87e-20	4.06e-14	1.30e-09	5.31e-08	1.20e-06	8.81e-06	2.86e-05	1.25e-04	1.19e-02	1.23e-01	3.32e-01	3.12e-01	1.81e-01	3.47e-02	3.97e-03	6.67e-04	2.47e-04	6.04e-06	0.00e+00
 1.92078e+22	7.94e-20	5.33e-14	1.66e-09	6.62e-08	1.47e-06	1.06e-05	3.34e-05	1.42e-04	1.31e-02	1.30e-01	3.39e-01	3.09e-01	1.73e-01	3.20e-02	3.55e-03	5.86e-04	2.11e-04	4.95e-06	0.00e+00
 1.94206e+22	1.17e-19	7.55e-14	2.25e-09	8.79e-08	1.91e-06	1.34e-05	4.09e-05	1.68e-04	1.47e-02	1.39e-01	3.47e-01	3.04e-01	1.63e-01	2.87e-02	3.06e-03	4.93e-04	1.71e-04	3.81e-06	0.00e+00
 1.96373e+22	1.59e-19	9.94e-14	2.87e-09	1.10e-07	2.36e-06	1.62e-05	4.80e-05	1.93e-04	1.61e-02	1.47e-01	3.53e-01	3.00e-01	1.54e-01	2.62e-02	2.71e-03	4.29e-04	1.44e-04	3.08e-06	0.00e+00
 1.98591e+22	2.35e-19	1.41e-13	3.91e-09	1.46e-07	3.08e-06	2.07e-05	5.92e-05	2.31e-04	1.82e-02	1.57e-01	3.61e-01	2.93e-01	1.44e-01	2.33e-02	2.31e-03	3.55e-04	1.15e-04	2.31e-06	0.00e+00
 2.00835e+22	3.18e-19	1.85e-13	4.96e-09	1.83e-07	3.81e-06	2.51e-05	6.98e-05	2.65e-04	2.01e-02	1.66e-01	3.66e-01	2.88e-01	1.36e-01	2.11e-02	2.02e-03	3.06e-04	9.55e-05	1.85e-06	0.00e+00
 2.02731e+22	4.18e-19	2.36e-13	6.13e-09	2.23e-07	4.61e-06	2.99e-05	8.12e-05	3.02e-04	2.19e-02	1.75e-01	3.71e-01	2.82e-01	1.29e-01	1.92e-02	1.79e-03	2.66e-04	8.05e-05	1.49e-06	0.00e+00
 2.04802e+22	5.89e-19	3.21e-13	7.98e-09	2.87e-07	5.87e-06	3.74e-05	9.85e-05	3.57e-04	2.46e-02	1.86e-01	3.76e-01	2.75e-01	1.19e-01	1.70e-02	1.52e-03	2.21e-04	6.44e-05	1.13e-06	0.00e+00
 2.06880e+22	7.66e-19	4.05e-13	9.77e-09	3.48e-07	7.07e-06	4.45e-05	1.14e-04	4.06e-04	2.68e-02	1.95e-01	3.80e-01	2.69e-01	1.12e-01	1.54e-02	1.34e-03	1.91e-04	5.39e-05	9.08e-07	0.00e+00
 2.08909e+22	1.05e-18	5.34e-13	1.24e-08	4.38e-07	8.87e-06	5.49e-05	1.37e-04	4.77e-04	2.99e-02	2.06e-01	3.83e-01	2.61e-01	1.04e-01	1.36e-02	1.14e-03	1.59e-04	4.32e-05	6.91e-07	0.00e+00
 2.10980e+22	1.36e-18	6.72e-13	1.51e-08	5.31e-07	1.07e-05	6.56e-05	1.60e-04	5.46e-04	3.27e-02	2.16e-01	3.86e-01	2.53e-01	9.73e-02	1.23e-02	9.90e-04	1.36e-04	3.56e-05	5.46e-07	0.00e+00
 2.13013e+22	1.82e-18	8.64e-13	1.87e-08	6.57e-07	1.33e-05	8.02e-05	1.91e-04	6.38e-04	3.63e-02	2.28e-01	3.88e-01	2.45e-01	8.97e-02	1.08e-02	8.40e-04	1.13e-04	2.85e-05	4.15e-07	0.00e+00
 2.15087e+22	2.35e-18	1.08e-12	2.25e-08	7.95e-07	1.60e-05	9.61e-05	2.23e-04	7.35e-04	3.98e-02	2.39e-01	3.89e-01	2.37e-01	8.31e-02	9.59e-03	7.22e-04	9.53e-05	2.32e-05	3.22e-07	0.00e+00
 2.17126e+22	3.06e-18	1.36e-12	2.73e-08	9.66e-07	1.95e-05	1.16e-04	2.63e-04	8.53e-04	4.39e-02	2.51e-01	3.90e-01	2.28e-01	7.64e-02	8.45e-03	6.13e-04	7.94e-05	1.86e-05	2.46e-07	0.00e+00
 2.19184e+22	3.92e-18	1.68e-12	3.25e-08	1.16e-06	2.36e-05	1.39e-04	3.08e-04	9.84e-04	4.83e-02	2.63e-01	3.90e-01	2.19e-01	7.02e-02	7.44e-03	5.22e-04	6.63e-05	1.50e-05	1.89e-07	0.00e+00
 2.21216e+22	4.98e-18	2.06e-12	3.86e-08	1.39e-06	2.84e-05	1.66e-04	3.59e-04	1.14e-03	5.30e-02	2.75e-01	3.89e-01	2.10e-01	6.44e-02	6.54e-03	4.43e-04	5.52e-05	1.20e-05	1.45e-07	0.00e+00
 2.23243e+22	6.28e-18	2.51e-12	4.54e-08	1.65e-06	3.40e-05	1.97e-04	4.18e-04	1.31e-03	5.80e-02	2.87e-01	3.87e-01	2.01e-01	5.89e-02	5.74e-03	3.76e-04	4.60e-05	9.67e-06	0.00e+00	0.00e+00
 2.25273e+22	7.89e-18	3.04e-12	5.30e-08	1.96e-06	4.05e-05	2.34e-04	4.86e-04	1.50e-03	6.34e-02	2.99e-01	3.85e-01	1.92e-01	5.37e-02	5.02e-03	3.18e-04	3.81e-05	7.74e-06	0.00e+00	0.00e+00
 2.27310e+22	9.83e-18	3.67e-12	6.16e-08	2.31e-06	4.82e-05	2.77e-04	5.62e-04	1.73e-03	6.93e-02	3.10e-01	3.81e-01	1.83e-01	4.89e-02	4.39e-03	2.68e-04	3.16e-05	6.19e-06	0.00e+00	0.00e+00
 2.29354e+22	1.22e-17	4.40e-12	7.14e-08	2.72e-06	5.72e-05	3.27e-04	6.50e-04	1.98e-03	7.56e-02	3.22e-01	3.77e-01	1.74e-01	4.44e-02	3.82e-03	2.26e-04	2.61e-05	4.93e-06	0.00e+00	0.00e+00
 2.31415e+22	1.51e-17	5.26e-12	8.23e-08	3.20e-06	6.77e-05	3.85e-04	7.49e-04	2.27e-03	8.23e-02	3.34e-01	3.72e-01	1.65e-01	4.02e-02	3.32e-03	1.90e-04	2.15e-05	3.92e-06	0.00e+00	0.00e+00
 2.33497e+22	1.87e-17	6.27e-12	9.47e-08	3.75e-06	8.00e-05	4.52e-04	8.61e-04	2.59e-03	8.95e-02	3.45e-01	3.67e-01	1.56e-01	3.63e-02	2.88e-03	1.59e-04	1.77e-05	3.11e-06	0.00e+00	0.00e+00
 2.35590e+22	2.31e-17	7.45e-12	1.09e-07	4.38e-06	9.42e-05	5.30e-04	9.87e-04	2.96e-03	9.71e-02	3.56e-01	3.60e-01	1.47e-01	3.27e-02	2.49e-03	1.33e-04	1.45e-05	2.46e-06	0.00e+00	0.00e+00
 2.37715e+22	2.85e-17	8.88e-12	1.25e-07	5.13e-06	1.11e-04	6.21e-04	1.13e-03	3.39e-03	1.05e-01	3.67e-01	3.53e-01	1.38e-01	2.93e-02	2.15e-03	1.11e-04	1.18e-05	1.94e-06	0.00e+00	0.00e+00
 2.39861e+22	3.51e-17	1.05e-11	1.43e-07	5.99e-06	1.30e-04	7.25e-04	1.29e-03	3.85e-03	1.14e-01	3.77e-01	3.45e-01	1.29e-01	2.63e-02	1.85e-03	9.26e-05	9.67e-06	1.53e-06	0.00e+00	0.00e+00
 2.42051e+22	4.36e-17	1.26e-11	1.64e-07	7.03e-06	1.54e-04	8.49e-04	1.48e-03	4.40e-03	1.23e-01	3.87e-01	3.37e-01	1.21e-01	2.34e-02	1.58e-03	7.65e-05	7.82e-06	1.19e-06	0.00e+00	0.00e+00
 2.44278e+22	5.39e-17	1.50e-11	1.89e-07	8.22e-06	1.80e-04	9.89e-04	1.68e-03	5.00e-03	1.33e-01	3.96e-01	3.28e-01	1.13e-01	2.08e-02	1.36e-03	6.35e-05	6.35e-06	9.36e-07	0.00e+00	0.00e+00
 2.46316e+22	6.46e-17	1.75e-11	2.12e-07	9.38e-06	2.06e-04	1.12e-03	1.87e-03	5.55e-03	1.41e-01	4.03e-01	3.20e-01	1.06e-01	1.89e-02	1.19e-03	5.42e-05	5.32e-06	7.62e-07	0.00e+00	0.00e+00
 2.48446e+22	8.13e-17	2.11e-11	2.47e-07	1.11e-05	2.44e-04	1.32e-03	2.13e-03	6.34e-03	1.53e-01	4.12e-01	3.10e-01	9.83e-02	1.66e-02	1.00e-03	4.42e-05	4.24e-06	5.85e-07	0.00e+00	0.00e+00
 2.50608e+22	9.83e-17	2.47e-11	2.80e-07	1.27e-05	2.79e-04	1.49e-03	2.36e-03	7.02e-03	1.62e-01	4.18e-01	3.01e-01	9.22e-02	1.50e-02	8.78e-04	3.76e-05	3.54e-06	4.74e-07	0.00e+00	0.00e+00
 2.52833e+22	1.26e-16	3.03e-11	3.29e-07	1.51e-05	3.31e-04	1.75e-03	2.69e-03	8.00e-03	1.74e-01	4.25e-01	2.90e-01	8.47e-02	1.31e-02	7.36e-04	3.04e-05	2.80e-06	3.61e-07	0.00e+00	0.00e+00
 2.55065e+22	1.53e-16	3.56e-11	3.75e-07	1.74e-05	3.77e-04	1.97e-03	2.96e-03	8.83e-03	1.84e-01	4.29e-01	2.81e-01	7.93e-02	1.18e-02	6.42e-04	2.58e-05	2.33e-06	2.92e-07	0.00e+00	0.00e+00
 2.57308e+22	1.96e-16	4.40e-11	4.43e-07	2.07e-05	4.47e-04	2.31e-03	3.35e-03	1.00e-02	1.97e-01	4.35e-01	2.69e-01	7.25e-02	1.03e-02	5.37e-04	2.08e-05	1.84e-06	2.22e-07	0.00e+00	0.00e+00
 2.59557e+22	2.40e-16	5.21e-11	5.08e-07	2.38e-05	5.09e-04	2.59e-03	3.68e-03	1.10e-02	2.07e-01	4.38e-01	2.60e-01	6.77e-02	9.25e-03	4.69e-04	1.77e-05	1.53e-06	1.80e-07	0.00e+00	0.00e+00
 2.61815e+22	3.12e-16	6.49e-11	6.07e-07	2.86e-05	6.01e-04	3.01e-03	4.14e-03	1.24e-02	2.20e-01	4.41e-01	2.48e-01	6.18e-02	8.04e-03	3.92e-04	1.43e-05	1.21e-06	1.37e-07	0.00e+00	0.00e+00
 2.64097e+22	3.86e-16	7.76e-11	7.02e-07	3.30e-05	6.85e-04	3.39e-03	4.53e-03	1.36e-02	2.31e-01	4.43e-01	2.39e-01	5.75e-02	7.21e-03	3.41e-04	1.21e-05	1.01e-06	0.00e+00	0.00e+00	0.00e+00
 2.66410e+22	5.08e-16	9.78e-11	8.48e-07	3.98e-05	8.11e-04	3.93e-03	5.08e-03	1.53e-02	2.45e-01	4.44e-01	2.27e-01	5.22e-02	6.23e-03	2.84e-04	9.76e-06	7.90e-07	0.00e+00	0.00e+00	0.00e+00
 2.68752e+22	6.35e-16	1.18e-10	9.92e-07	4.62e-05	9.26e-04	4.41e-03	5.55e-03	1.67e-02	2.56e-01	4.44e-01	2.18e-01	4.84e-02	5.57e-03	2.46e-04	8.24e-06	6.55e-07	0.00e+00	0.00e+00	0.00e+00
 2.71132e+22	8.49e-16	1.51e-10	1.22e-06	5.61e-05	1.10e-03	5.12e-03	6.21e-03	1.87e-02	2.70e-01	4.43e-01	2.06e-01	4.37e-02	4.79e-03	2.04e-04	6.60e-06	5.11e-07	0.00e+00	0.00e+00	0.00e+00
 2.73556e+22	1.08e-15	1.86e-10	1.44e-06	6.57e-05	1.26e-03	5.76e-03	6.78e-03	2.03e-02	2.82e-01	4.42e-01	1.97e-01	4.03e-02	4.25e-03	1.76e-04	5.54e-06	4.21e-07	0.00e+00	0.00e+00	0.00e+00
 2.76035e+22	1.47e-15	2.42e-10	1.79e-06	8.06e-05	1.50e-03	6.69e-03	7.57e-03	2.27e-02	2.97e-01	4.39e-01	1.86e-01	3.62e-02	3.64e-03	1.45e-04	4.40e-06	3.26e-07	0.00e+00	0.00e+00	0.00e+00
 2.78570e+22	1.90e-15	3.02e-10	2.16e-06	9.53e-05	1.73e-03	7.53e-03	8.26e-03	2.47e-02	3.08e-01	4.36e-01	1.76e-01	3.32e-02	3.21e-03	1.24e-04	3.66e-06	2.67e-07	0.00e+00	0.00e+00	0.00e+00
 2.81176e+22	2.66e-15	4.02e-10	2.74e-06	1.18e-04	2.08e-03	8.78e-03	9.23e-03	2.76e-02	3.24e-01	4.31e-01	1.65e-01	2.96e-02	2.71e-03	1.01e-04	2.87e-06	2.04e-07	0.00e+00	0.00e+00	0.00e+00
 2.83836e+22	3.49e-15	5.09e-10	3.34e-06	1.41e-04	2.40e-03	9.91e-03	1.01e-02	3.00e-02	3.35e-01	4.26e-01	1.56e-01	2.70e-02	2.38e-03	8.63e-05	2.38e-06	1.66e-07	0.00e+00	0.00e+00	0.00e+00
 2.86082e+22	4.46e-15	6.29e-10	3.99e-06	1.65e-04	2.74e-03	1.10e-02	1.09e-02	3.23e-02	3.46e-01	4.22e-01	1.48e-01	2.48e-02	2.11e-03	7.45e-05	2.00e-06	1.37e-07	0.00e+00	0.00e+00	0.00e+00
 2.88519e+22	6.15e-15	8.30e-10	5.04e-06	2.03e-04	3.24e-03	1.26e-02	1.20e-02	3.55e-02	3.59e-01	4.15e-01	1.39e-01	2.22e-02	1.81e-03	6.17e-05	1.60e-06	0.00e+00	0.00e+00	0.00e+00	0.00e+00
 2.90886e+22	7.76e-15	1.02e-09	5.97e-06	2.35e-04	3.65e-03	1.39e-02	1.28e-02	3.78e-02	3.68e-01	4.09e-01	1.32e-01	2.05e-02	1.61e-03	5.39e-05	1.37e-06	0.00e+00	0.00e+00	0.00e+00	0.00e+00
 2.93159e+22	1.05e-14	1.32e-09	7.44e-06	2.85e-04	4.26e-03	1.58e-02	1.40e-02	4.11e-02	3.80e-01	4.01e-01	1.23e-01	1.84e-02	1.39e-03	4.50e-05	1.11e-06	0.00e+00	0.00e+00	0.00e+00	0.00e+00
 2.95455e+22	1.33e-14	1.62e-09	8.86e-06	3.31e-04	4.81e-03	1.74e-02	1.49e-02	4.36e-02	3.88e-01	3.95e-01	1.17e-01	1.70e-02	1.24e-03	3.93e-05	9.43e-07	0.00e+00	0.00e+00	0.00e+00	0.00e+00
 2.97780e+22	1.82e-14	2.13e-09	1.11e-05	4.03e-04	5.63e-03	1.97e-02	1.63e-02	4.73e-02	3.99e-01	3.86e-01	1.09e-01	1.52e-02	1.07e-03	3.28e-05	7.61e-07	0.00e+00	0.00e+00	0.00e+00	0.00e+00
 3.00139e+22	2.34e-14	2.64e-09	1.34e-05	4.70e-04	6.37e-03	2.17e-02	1.74e-02	5.01e-02	4.07e-01	3.79e-01	1.03e-01	1.39e-02	9.47e-04	2.85e-05	6.45e-07	0.00e+00	0.00e+00	0.00e+00	0.00e+00
 3.02541e+22	3.23e-14	3.49e-09	1.69e-05	5.75e-04	7.47e-03	2.46e-02	1.89e-02	5.42e-02	4.17e-01	3.68e-01	9.57e-02	1.24e-02	8.07e-04	2.36e-05	5.17e-07	0.00e+00	0.00e+00	0.00e+00	0.00e+00
 3.04978e+22	4.17e-14	4.36e-09	2.05e-05	6.73e-04	8.46e-03	2.70e-02	2.01e-02	5.73e-02	4.24e-01	3.60e-01	9.01e-02	1.13e-02	7.14e-04	2.04e-05	4.35e-07	0.00e+00	0.00e+00	0.00e+00	0.00e+00
 3.07459e+22	5.83e-14	5.83e-09	2.62e-05	8.28e-04	9.95e-03	3.06e-02	2.19e-02	6.17e-02	4.33e-01	3.48e-01	8.30e-02	1.00e-02	6.04e-04	1.67e-05	3.46e-07	0.00e+00	0.00e+00	0.00e+00	0.00e+00
 3.09984e+22	7.61e-14	7.35e-09	3.18e-05	9.74e-04	1.13e-02	3.38e-02	2.33e-02	6.52e-02	4.39e-01	3.39e-01	7.78e-02	9.08e-03	5.31e-04	1.44e-05	2.89e-07	0.00e+00	0.00e+00	0.00e+00	0.00e+00
 3.12565e+22	1.08e-13	9.93e-09	4.11e-05	1.20e-03	1.33e-02	3.83e-02	2.53e-02	7.00e-02	4.46e-01	3.26e-01	7.12e-02	7.97e-03	4.46e-04	1.17e-05	2.28e-07	0.00e+00	0.00e+00	0.00e+00	0.00e+00
 3.15207e+22	1.42e-13	1.26e-08	5.04e-05	1.43e-03	1.52e-02	4.22e-02	2.70e-02	7.38e-02	4.50e-01	3.16e-01	6.63e-02	7.18e-03	3.88e-04	9.97e-06	1.89e-07	0.00e+00	0.00e+00	0.00e+00	0.00e+00
 3.17928e+22	2.04e-13	1.73e-08	6.59e-05	1.78e-03	1.80e-02	4.79e-02	2.92e-02	7.90e-02	4.55e-01	3.02e-01	6.01e-02	6.23e-03	3.21e-04	8.02e-06	1.46e-07	0.00e+00	0.00e+00	0.00e+00	0.00e+00
 3.20715e+22	2.74e-13	2.23e-08	8.16e-05	2.12e-03	2.06e-02	5.29e-02	3.11e-02	8.31e-02	4.58e-01	2.90e-01	5.55e-02	5.55e-03	2.77e-04	6.75e-06	1.20e-07	0.00e+00	0.00e+00	0.00e+00	0.00e+00
 3.23586e+22	4.00e-13	3.10e-08	1.08e-04	2.65e-03	2.45e-02	6.00e-02	3.37e-02	8.86e-02	4.60e-01	2.75e-01	4.99e-02	4.76e-03	2.27e-04	5.36e-06	0.00e+00	0.00e+00	0.00e+00	0.00e+00	0.00e+00
 3.26489e+22	5.36e-13	4.00e-08	1.33e-04	3.16e-03	2.79e-02	6.61e-02	3.58e-02	9.27e-02	4.61e-01	2.63e-01	4.58e-02	4.23e-03	1.94e-04	4.49e-06	0.00e+00	0.00e+00	0.00e+00	0.00e+00	0.00e+00
 3.29432e+22	7.88e-13	5.58e-08	1.77e-04	3.96e-03	3.31e-02	7.47e-02	3.85e-02	9.83e-02	4.59e-01	2.47e-01	4.07e-02	3.59e-03	1.57e-04	3.52e-06	0.00e+00	0.00e+00	0.00e+00	0.00e+00	0.00e+00
 3.32403e+22	1.06e-12	7.18e-08	2.18e-04	4.70e-03	3.77e-02	8.18e-02	4.07e-02	1.02e-01	4.57e-01	2.35e-01	3.72e-02	3.16e-03	1.34e-04	2.93e-06	0.00e+00	0.00e+00	0.00e+00	0.00e+00	0.00e+00
 3.35408e+22	1.55e-12	1.00e-07	2.89e-04	5.88e-03	4.45e-02	9.19e-02	4.35e-02	1.08e-01	4.52e-01	2.19e-01	3.27e-02	2.66e-03	1.07e-04	2.28e-06	0.00e+00	0.00e+00	0.00e+00	0.00e+00	0.00e+00
 3.38461e+22	2.09e-12	1.29e-07	3.58e-04	6.97e-03	5.05e-02	1.00e-01	4.57e-02	1.11e-01	4.46e-01	2.07e-01	2.96e-02	2.32e-03	9.04e-05	1.88e-06	0.00e+00	0.00e+00	0.00e+00	0.00e+00	0.00e+00
 3.41576e+22	3.09e-12	1.81e-07	4.74e-04	8.70e-03	5.94e-02	1.12e-01	4.86e-02	1.16e-01	4.37e-01	1.90e-01	2.57e-02	1.92e-03	7.14e-05	1.44e-06	0.00e+00	0.00e+00	0.00e+00	0.00e+00	0.00e+00
 3.44650e+22	4.08e-12	2.30e-07	5.79e-04	1.02e-02	6.66e-02	1.21e-01	5.06e-02	1.19e-01	4.29e-01	1.78e-01	2.32e-02	1.67e-03	6.02e-05	1.19e-06	0.00e+00	0.00e+00	0.00e+00	0.00e+00	0.00e+00
 3.47671e+22	5.90e-12	3.15e-07	7.52e-04	1.25e-02	7.72e-02	1.33e-01	5.32e-02	1.22e-01	4.16e-01	1.63e-01	2.01e-02	1.39e-03	4.76e-05	9.13e-07	0.00e+00	0.00e+00	0.00e+00	0.00e+00	0.00e+00
 3.50519e+22	7.57e-12	3.90e-07	8.97e-04	1.43e-02	8.51e-02	1.42e-01	5.48e-02	1.24e-01	4.06e-01	1.53e-01	1.81e-02	1.21e-03	4.05e-05	7.61e-07	0.00e+00	0.00e+00	0.00e+00	0.00e+00	0.00e+00
 3.53143e+22	1.02e-11	5.01e-07	1.10e-03	1.68e-02	9.53e-02	1.52e-01	5.67e-02	1.26e-01	3.93e-01	1.41e-01	1.60e-02	1.03e-03	3.32e-05	6.11e-07	0.00e+00	0.00e+00	0.00e+00	0.00e+00	0.00e+00
 3.55918e+22	1.33e-11	6.30e-07	1.33e-03	1.94e-02	1.05e-01	1.62e-01	5.82e-02	1.28e-01	3.80e-01	1.30e-01	1.42e-02	8.88e-04	2.76e-05	4.97e-07	0.00e+00	0.00e+00	0.00e+00	0.00e+00	0.00e+00
 3.58460e+22	1.71e-11	7.80e-07	1.59e-03	2.22e-02	1.16e-01	1.71e-01	5.95e-02	1.29e-01	3.67e-01	1.21e-01	1.27e-02	7.66e-04	2.31e-05	4.08e-07	0.00e+00	0.00e+00	0.00e+00	0.00e+00	0.00e+00
 3.61335e+22	2.33e-11	1.02e-06	1.97e-03	2.61e-02	1.29e-01	1.83e-01	6.10e-02	1.29e-01	3.50e-01	1.09e-01	1.09e-02	6.34e-04	1.84e-05	3.16e-07	0.00e+00	0.00e+00	0.00e+00	0.00e+00	0.00e+00
 3.64310e+22	3.07e-11	1.28e-06	2.38e-03	3.01e-02	1.42e-01	1.93e-01	6.20e-02	1.29e-01	3.33e-01	9.89e-02	9.47e-03	5.32e-04	1.49e-05	2.51e-07	0.00e+00	0.00e+00	0.00e+00	0.00e+00	0.00e+00
 3.66952e+22	3.93e-11	1.58e-06	2.81e-03	3.41e-02	1.54e-01	2.01e-01	6.27e-02	1.28e-01	3.17e-01	9.02e-02	8.32e-03	4.52e-04	1.22e-05	2.02e-07	0.00e+00	0.00e+00	0.00e+00	0.00e+00	0.00e+00
 3.69924e+22	5.34e-11	2.04e-06	3.46e-03	3.97e-02	1.70e-01	2.12e-01	6.33e-02	1.27e-01	2.97e-01	8.00e-02	7.03e-03	3.67e-04	9.56e-06	1.54e-07	0.00e+00	0.00e+00	0.00e+00	0.00e+00	0.00e+00
 3.73024e+22	7.02e-11	2.56e-06	4.15e-03	4.54e-02	1.85e-01	2.21e-01	6.35e-02	1.25e-01	2.79e-01	7.13e-02	5.99e-03	3.02e-04	7.58e-06	0.00e+00	0.00e+00	0.00e+00	0.00e+00	0.00e+00	0.00e+00
 3.75817e+22	8.98e-11	3.15e-06	4.89e-03	5.10e-02	1.99e-01	2.28e-01	6.35e-02	1.23e-01	2.61e-01	6.40e-02	5.16e-03	2.51e-04	6.11e-06	0.00e+00	0.00e+00	0.00e+00	0.00e+00	0.00e+00	0.00e+00
 3.78975e+22	1.22e-10	4.05e-06	5.98e-03	5.89e-02	2.17e-01	2.36e-01	6.31e-02	1.19e-01	2.40e-01	5.54e-02	4.25e-03	1.98e-04	4.63e-06	0.00e+00	0.00e+00	0.00e+00	0.00e+00	0.00e+00	0.00e+00
 3.82234e+22	1.60e-10	5.06e-06	7.12e-03	6.65e-02	2.33e-01	2.43e-01	6.23e-02	1.15e-01	2.21e-01	4.84e-02	3.55e-03	1.60e-04	3.59e-06	0.00e+00	0.00e+00	0.00e+00	0.00e+00	0.00e+00	0.00e+00
 3.85138e+22	2.03e-10	6.17e-06	8.31e-03	7.41e-02	2.48e-01	2.47e-01	6.14e-02	1.12e-01	2.04e-01	4.26e-02	2.99e-03	1.30e-04	2.84e-06	0.00e+00	0.00e+00	0.00e+00	0.00e+00	0.00e+00	0.00e+00
 3.88427e+22	2.74e-10	7.88e-06	1.00e-02	8.43e-02	2.66e-01	2.52e-01	6.00e-02	1.06e-01	1.83e-01	3.61e-02	2.41e-03	1.00e-04	2.10e-06	0.00e+00	0.00e+00	0.00e+00	0.00e+00	0.00e+00	0.00e+00
 3.91844e+22	3.57e-10	9.77e-06	1.18e-02	9.41e-02	2.81e-01	2.55e-01	5.84e-02	1.01e-01	1.66e-01	3.09e-02	1.97e-03	7.91e-05	1.59e-06	0.00e+00	0.00e+00	0.00e+00	0.00e+00	0.00e+00	0.00e+00
 3.94919e+22	4.54e-10	1.19e-05	1.38e-02	1.04e-01	2.95e-01	2.56e-01	5.67e-02	9.63e-02	1.50e-01	2.66e-02	1.62e-03	6.29e-05	1.22e-06	0.00e+00	0.00e+00	0.00e+00	0.00e+00	0.00e+00	0.00e+00
 3.98411e+22	6.15e-10	1.52e-05	1.65e-02	1.17e-01	3.12e-01	2.56e-01	5.43e-02	8.97e-02	1.31e-01	2.18e-02	1.26e-03	4.67e-05	8.67e-07	0.00e+00	0.00e+00	0.00e+00	0.00e+00	0.00e+00	0.00e+00
 4.01994e+22	7.90e-10	1.85e-05	1.92e-02	1.29e-01	3.25e-01	2.54e-01	5.21e-02	8.41e-02	1.17e-01	1.84e-02	1.01e-03	3.62e-05	6.47e-07	0.00e+00	0.00e+00	0.00e+00	0.00e+00	0.00e+00	0.00e+00
 4.05210e+22	1.00e-09	2.24e-05	2.22e-02	1.40e-01	3.37e-01	2.52e-01	4.98e-02	7.86e-02	1.04e-01	1.55e-02	8.13e-04	2.81e-05	4.84e-07	0.00e+00	0.00e+00	0.00e+00	0.00e+00	0.00e+00	0.00e+00
 4.08906e+22	1.36e-09	2.85e-05	2.65e-02	1.56e-01	3.51e-01	2.47e-01	4.67e-02	7.17e-02	8.83e-02	1.23e-02	6.10e-04	2.01e-05	3.31e-07	0.00e+00	0.00e+00	0.00e+00	0.00e+00	0.00e+00	0.00e+00
 4.12631e+22	1.73e-09	3.45e-05	3.04e-02	1.69e-01	3.60e-01	2.42e-01	4.41e-02	6.62e-02	7.73e-02	1.02e-02	4.82e-04	1.53e-05	2.43e-07	0.00e+00	0.00e+00	0.00e+00	0.00e+00	0.00e+00	0.00e+00
 4.16394e+22	2.31e-09	4.33e-05	3.58e-02	1.86e-01	3.69e-01	2.35e-01	4.10e-02	5.96e-02	6.52e-02	8.02e-03	3.59e-04	1.09e-05	1.65e-07	0.00e+00	0.00e+00	0.00e+00	0.00e+00	0.00e+00	0.00e+00
 4.20218e+22	2.93e-09	5.21e-05	4.08e-02	2.00e-01	3.76e-01	2.27e-01	3.84e-02	5.45e-02	5.64e-02	6.54e-03	2.79e-04	8.14e-06	0.00e+00	0.00e+00	0.00e+00	0.00e+00	0.00e+00	0.00e+00	0.00e+00
 4.24120e+22	3.92e-09	6.54e-05	4.79e-02	2.18e-01	3.81e-01	2.17e-01	3.51e-02	4.83e-02	4.67e-02	5.03e-03	2.02e-04	5.63e-06	0.00e+00	0.00e+00	0.00e+00	0.00e+00	0.00e+00	0.00e+00	0.00e+00
 4.28059e+22	4.94e-09	7.80e-05	5.42e-02	2.33e-01	3.84e-01	2.09e-01	3.26e-02	4.37e-02	3.99e-02	4.06e-03	1.56e-04	4.18e-06	0.00e+00	0.00e+00	0.00e+00	0.00e+00	0.00e+00	0.00e+00	0.00e+00
 4.32047e+22	6.60e-09	9.74e-05	6.31e-02	2.51e-01	3.85e-01	1.97e-01	2.95e-02	3.82e-02	3.26e-02	3.07e-03	1.11e-04	2.84e-06	0.00e+00	0.00e+00	0.00e+00	0.00e+00	0.00e+00	0.00e+00	0.00e+00
 4.36073e+22	8.25e-09	1.15e-04	7.09e-02	2.65e-01	3.84e-01	1.88e-01	2.72e-02	3.43e-02	2.76e-02	2.46e-03	8.48e-05	2.09e-06	0.00e+00	0.00e+00	0.00e+00	0.00e+00	0.00e+00	0.00e+00	0.00e+00
 4.40151e+22	1.10e-08	1.43e-04	8.19e-02	2.83e-01	3.81e-01	1.75e-01	2.43e-02	2.97e-02	2.23e-02	1.83e-03	5.95e-05	1.40e-06	0.00e+00	0.00e+00	0.00e+00	0.00e+00	0.00e+00	0.00e+00	0.00e+00
 4.44283e+22	1.37e-08	1.69e-04	9.14e-02	2.97e-01	3.77e-01	1.65e-01	2.22e-02	2.63e-02	1.87e-02	1.45e-03	4.48e-05	1.01e-06	0.00e+00	0.00e+00	0.00e+00	0.00e+00	0.00e+00	0.00e+00	0.00e+00
 4.48486e+22	1.81e-08	2.08e-04	1.05e-01	3.15e-01	3.70e-01	1.53e-01	1.97e-02	2.25e-02	1.48e-02	1.06e-03	3.10e-05	6.65e-07	0.00e+00	0.00e+00	0.00e+00	0.00e+00	0.00e+00	0.00e+00	0.00e+00
 4.52628e+22	2.23e-08	2.43e-04	1.16e-01	3.27e-01	3.63e-01	1.43e-01	1.79e-02	1.99e-02	1.25e-02	8.41e-04	2.35e-05	4.86e-07	0.00e+00	0.00e+00	0.00e+00	0.00e+00	0.00e+00	0.00e+00	0.00e+00
 4.56010e+22	2.68e-08	2.78e-04	1.26e-01	3.37e-01	3.56e-01	1.35e-01	1.64e-02	1.78e-02	1.06e-02	6.80e-04	1.82e-05	3.64e-07	0.00e+00	0.00e+00	0.00e+00	0.00e+00	0.00e+00	0.00e+00	0.00e+00
 4.59724e+22	3.40e-08	3.31e-04	1.41e-01	3.50e-01	3.45e-01	1.25e-01	1.46e-02	1.53e-02	8.58e-03	5.12e-04	1.30e-05	2.50e-07	0.00e+00	0.00e+00	0.00e+00	0.00e+00	0.00e+00	0.00e+00	0.00e+00
 4.63450e+22	4.06e-08	3.76e-04	1.52e-01	3.59e-01	3.36e-01	1.17e-01	1.34e-02	1.37e-02	7.28e-03	4.12e-04	1.01e-05	1.87e-07	0.00e+00	0.00e+00	0.00e+00	0.00e+00	0.00e+00	0.00e+00	0.00e+00
 4.67190e+22	5.09e-08	4.43e-04	1.68e-01	3.70e-01	3.24e-01	1.07e-01	1.19e-02	1.17e-02	5.88e-03	3.10e-04	7.22e-06	1.28e-07	0.00e+00	0.00e+00	0.00e+00	0.00e+00	0.00e+00	0.00e+00	0.00e+00
 4.70976e+22	6.10e-08	5.05e-04	1.82e-01	3.78e-01	3.14e-01	9.97e-02	1.07e-02	1.03e-02	4.93e-03	2.46e-04	5.50e-06	0.00e+00	0.00e+00	0.00e+00	0.00e+00	0.00e+00	0.00e+00	0.00e+00	0.00e+00
 4.74821e+22	7.63e-08	5.92e-04	2.00e-01	3.86e-01	3.00e-01	9.09e-02	9.47e-03	8.81e-03	3.95e-03	1.83e-04	3.90e-06	0.00e+00	0.00e+00	0.00e+00	0.00e+00	0.00e+00	0.00e+00	0.00e+00	0.00e+00
 4.78704e+22	9.13e-08	6.72e-04	2.15e-01	3.92e-01	2.88e-01	8.40e-02	8.53e-03	7.71e-03	3.29e-03	1.44e-04	2.95e-06	0.00e+00	0.00e+00	0.00e+00	0.00e+00	0.00e+00	0.00e+00	0.00e+00	0.00e+00
 4.82120e+22	1.09e-07	7.59e-04	2.31e-01	3.97e-01	2.77e-01	7.77e-02	7.69e-03	6.76e-03	2.75e-03	1.14e-04	2.24e-06	0.00e+00	0.00e+00	0.00e+00	0.00e+00	0.00e+00	0.00e+00	0.00e+00	0.00e+00
 4.86046e+22	1.35e-07	8.83e-04	2.51e-01	4.01e-01	2.62e-01	7.01e-02	6.72e-03	5.70e-03	2.18e-03	8.40e-05	1.57e-06	0.00e+00	0.00e+00	0.00e+00	0.00e+00	0.00e+00	0.00e+00	0.00e+00	0.00e+00
 4.90030e+22	1.61e-07	9.98e-04	2.69e-01	4.04e-01	2.49e-01	6.43e-02	6.00e-03	4.95e-03	1.79e-03	6.52e-05	1.18e-06	0.00e+00	0.00e+00	0.00e+00	0.00e+00	0.00e+00	0.00e+00	0.00e+00	0.00e+00
 4.93225e+22	1.86e-07	1.10e-03	2.84e-01	4.05e-01	2.39e-01	5.98e-02	5.46e-03	4.40e-03	1.53e-03	5.29e-05	9.24e-07	0.00e+00	0.00e+00	0.00e+00	0.00e+00	0.00e+00	0.00e+00	0.00e+00	0.00e+00
 4.96515e+22	2.20e-07	1.24e-03	3.02e-01	4.05e-01	2.27e-01	5.47e-02	4.88e-03	3.81e-03	1.26e-03	4.11e-05	6.92e-07	0.00e+00	0.00e+00	0.00e+00	0.00e+00	0.00e+00	0.00e+00	0.00e+00	0.00e+00
 4.99897e+22	2.54e-07	1.36e-03	3.17e-01	4.05e-01	2.17e-01	5.07e-02	4.42e-03	3.37e-03	1.07e-03	3.32e-05	5.42e-07	0.00e+00	0.00e+00	0.00e+00	0.00e+00	0.00e+00	0.00e+00	0.00e+00	0.00e+00
 5.02922e+22	2.91e-07	1.50e-03	3.33e-01	4.04e-01	2.07e-01	4.70e-02	4.02e-03	2.99e-03	9.12e-04	2.69e-05	4.25e-07	0.00e+00	0.00e+00	0.00e+00	0.00e+00	0.00e+00	0.00e+00	0.00e+00	0.00e+00
 5.06378e+22	3.46e-07	1.68e-03	3.53e-01	4.02e-01	1.94e-01	4.26e-02	3.55e-03	2.56e-03	7.43e-04	2.06e-05	3.14e-07	0.00e+00	0.00e+00	0.00e+00	0.00e+00	0.00e+00	0.00e+00	0.00e+00	0.00e+00
 5.09859e+22	3.98e-07	1.84e-03	3.69e-01	3.99e-01	1.84e-01	3.93e-02	3.20e-03	2.25e-03	6.27e-04	1.65e-05	2.44e-07	0.00e+00	0.00e+00	0.00e+00	0.00e+00	0.00e+00	0.00e+00	0.00e+00	0.00e+00
 5.12886e+22	4.55e-07	2.01e-03	3.86e-01	3.96e-01	1.75e-01	3.63e-02	2.90e-03	1.99e-03	5.32e-04	1.33e-05	1.91e-07	0.00e+00	0.00e+00	0.00e+00	0.00e+00	0.00e+00	0.00e+00	0.00e+00	0.00e+00
 5.16335e+22	5.38e-07	2.25e-03	4.06e-01	3.91e-01	1.63e-01	3.27e-02	2.55e-03	1.70e-03	4.31e-04	1.01e-05	1.40e-07	0.00e+00	0.00e+00	0.00e+00	0.00e+00	0.00e+00	0.00e+00	0.00e+00	0.00e+00
 5.19820e+22	6.13e-07	2.45e-03	4.23e-01	3.86e-01	1.55e-01	3.01e-02	2.30e-03	1.50e-03	3.65e-04	8.17e-06	0.00e+00	0.00e+00	0.00e+00	0.00e+00	0.00e+00	0.00e+00	0.00e+00	0.00e+00	0.00e+00
 5.23351e+22	7.21e-07	2.72e-03	4.43e-01	3.79e-01	1.44e-01	2.71e-02	2.02e-03	1.27e-03	2.95e-04	6.21e-06	0.00e+00	0.00e+00	0.00e+00	0.00e+00	0.00e+00	0.00e+00	0.00e+00	0.00e+00	0.00e+00
 5.26934e+22	8.27e-07	2.97e-03	4.61e-01	3.73e-01	1.35e-01	2.48e-02	1.81e-03	1.11e-03	2.47e-04	4.93e-06	0.00e+00	0.00e+00	0.00e+00	0.00e+00	0.00e+00	0.00e+00	0.00e+00	0.00e+00	0.00e+00
 5.30084e+22	9.39e-07	3.22e-03	4.77e-01	3.67e-01	1.27e-01	2.28e-02	1.63e-03	9.78e-04	2.08e-04	3.95e-06	0.00e+00	0.00e+00	0.00e+00	0.00e+00	0.00e+00	0.00e+00	0.00e+00	0.00e+00	0.00e+00
 5.33680e+22	1.10e-06	3.56e-03	4.98e-01	3.58e-01	1.18e-01	2.04e-02	1.43e-03	8.30e-04	1.68e-04	2.99e-06	0.00e+00	0.00e+00	0.00e+00	0.00e+00	0.00e+00	0.00e+00	0.00e+00	0.00e+00	0.00e+00
 5.36499e+22	1.18e-06	3.71e-03	5.06e-01	3.55e-01	1.14e-01	1.95e-02	1.35e-03	7.75e-04	1.54e-04	2.66e-06	0.00e+00	0.00e+00	0.00e+00	0.00e+00	0.00e+00	0.00e+00	0.00e+00	0.00e+00	0.00e+00
 5.38310e+22	1.28e-06	3.92e-03	5.17e-01	3.49e-01	1.09e-01	1.84e-02	1.25e-03	7.10e-04	1.37e-04	2.29e-06	0.00e+00	0.00e+00	0.00e+00	0.00e+00	0.00e+00	0.00e+00	0.00e+00	0.00e+00	0.00e+00
 5.40665e+22	1.42e-06	4.17e-03	5.30e-01	3.43e-01	1.03e-01	1.71e-02	1.15e-03	6.38e-04	1.19e-04	1.91e-06	0.00e+00	0.00e+00	0.00e+00	0.00e+00	0.00e+00	0.00e+00	0.00e+00	0.00e+00	0.00e+00
 5.43725e+22	1.62e-06	4.53e-03	5.48e-01	3.34e-01	9.63e-02	1.55e-02	1.02e-03	5.54e-04	9.88e-05	1.50e-06	0.00e+00	0.00e+00	0.00e+00	0.00e+00	0.00e+00	0.00e+00	0.00e+00	0.00e+00	0.00e+00
 5.47159e+22	1.84e-06	4.91e-03	5.64e-01	3.25e-01	8.97e-02	1.41e-02	9.10e-04	4.81e-04	8.21e-05	1.18e-06	0.00e+00	0.00e+00	0.00e+00	0.00e+00	0.00e+00	0.00e+00	0.00e+00	0.00e+00	0.00e+00
 5.51078e+22	2.17e-06	5.43e-03	5.85e-01	3.14e-01	8.18e-02	1.24e-02	7.84e-04	4.03e-04	6.49e-05	8.71e-07	0.00e+00	0.00e+00	0.00e+00	0.00e+00	0.00e+00	0.00e+00	0.00e+00	0.00e+00	0.00e+00
 5.55037e+22	2.48e-06	5.87e-03	6.02e-01	3.04e-01	7.58e-02	1.13e-02	6.95e-04	3.48e-04	5.36e-05	6.80e-07	0.00e+00	0.00e+00	0.00e+00	0.00e+00	0.00e+00	0.00e+00	0.00e+00	0.00e+00	0.00e+00
 5.59051e+22	2.90e-06	6.46e-03	6.22e-01	2.92e-01	6.90e-02	9.95e-03	5.99e-04	2.92e-04	4.24e-05	5.03e-07	0.00e+00	0.00e+00	0.00e+00	0.00e+00	0.00e+00	0.00e+00	0.00e+00	0.00e+00	0.00e+00
 5.63198e+22	3.34e-06	7.03e-03	6.38e-01	2.81e-01	6.33e-02	8.90e-03	5.24e-04	2.50e-04	3.44e-05	3.83e-07	0.00e+00	0.00e+00	0.00e+00	0.00e+00	0.00e+00	0.00e+00	0.00e+00	0.00e+00	0.00e+00
 5.66867e+22	3.80e-06	7.58e-03	6.54e-01	2.72e-01	5.84e-02	8.03e-03	4.63e-04	2.16e-04	2.83e-05	2.98e-07	0.00e+00	0.00e+00	0.00e+00	0.00e+00	0.00e+00	0.00e+00	0.00e+00	0.00e+00	0.00e+00
 5.70984e+22	4.47e-06	8.35e-03	6.73e-01	2.58e-01	5.26e-02	7.02e-03	3.95e-04	1.79e-04	2.21e-05	2.16e-07	0.00e+00	0.00e+00	0.00e+00	0.00e+00	0.00e+00	0.00e+00	0.00e+00	0.00e+00	0.00e+00
 5.74600e+22	4.91e-06	8.82e-03	6.84e-01	2.51e-01	4.95e-02	6.50e-03	3.60e-04	1.61e-04	1.91e-05	1.80e-07	0.00e+00	0.00e+00	0.00e+00	0.00e+00	0.00e+00	0.00e+00	0.00e+00	0.00e+00	0.00e+00
 5.77565e+22	5.50e-06	9.42e-03	6.97e-01	2.41e-01	4.59e-02	5.91e-03	3.22e-04	1.42e-04	1.60e-05	1.44e-07	0.00e+00	0.00e+00	0.00e+00	0.00e+00	0.00e+00	0.00e+00	0.00e+00	0.00e+00	0.00e+00
 5.80645e+22	6.06e-06	9.97e-03	7.08e-01	2.33e-01	4.30e-02	5.45e-03	2.92e-04	1.27e-04	1.38e-05	0.00e+00	0.00e+00	0.00e+00	0.00e+00	0.00e+00	0.00e+00	0.00e+00	0.00e+00	0.00e+00	0.00e+00
 5.83875e+22	6.84e-06	1.07e-02	7.21e-01	2.23e-01	3.97e-02	4.92e-03	2.59e-04	1.11e-04	1.14e-05	0.00e+00	0.00e+00	0.00e+00	0.00e+00	0.00e+00	0.00e+00	0.00e+00	0.00e+00	0.00e+00	0.00e+00
 5.87134e+22	7.55e-06	1.13e-02	7.31e-01	2.16e-01	3.71e-02	4.52e-03	2.34e-04	9.91e-05	9.76e-06	0.00e+00	0.00e+00	0.00e+00	0.00e+00	0.00e+00	0.00e+00	0.00e+00	0.00e+00	0.00e+00	0.00e+00
 5.90429e+22	8.53e-06	1.21e-02	7.44e-01	2.05e-01	3.40e-02	4.06e-03	2.06e-04	8.62e-05	8.03e-06	0.00e+00	0.00e+00	0.00e+00	0.00e+00	0.00e+00	0.00e+00	0.00e+00	0.00e+00	0.00e+00	0.00e+00
 5.93745e+22	9.42e-06	1.28e-02	7.54e-01	1.98e-01	3.17e-02	3.73e-03	1.86e-04	7.70e-05	6.86e-06	0.00e+00	0.00e+00	0.00e+00	0.00e+00	0.00e+00	0.00e+00	0.00e+00	0.00e+00	0.00e+00	0.00e+00
 5.97088e+22	1.06e-05	1.37e-02	7.66e-01	1.88e-01	2.91e-02	3.35e-03	1.64e-04	6.71e-05	5.63e-06	0.00e+00	0.00e+00	0.00e+00	0.00e+00	0.00e+00	0.00e+00	0.00e+00	0.00e+00	0.00e+00	0.00e+00
 6.00480e+22	1.18e-05	1.45e-02	7.75e-01	1.80e-01	2.71e-02	3.06e-03	1.48e-04	5.99e-05	4.79e-06	0.00e+00	0.00e+00	0.00e+00	0.00e+00	0.00e+00	0.00e+00	0.00e+00	0.00e+00	0.00e+00	0.00e+00
 6.03935e+22	1.33e-05	1.55e-02	7.86e-01	1.71e-01	2.47e-02	2.74e-03	1.30e-04	5.21e-05	3.90e-06	0.00e+00	0.00e+00	0.00e+00	0.00e+00	0.00e+00	0.00e+00	0.00e+00	0.00e+00	0.00e+00	0.00e+00
 6.07443e+22	1.47e-05	1.64e-02	7.95e-01	1.63e-01	2.29e-02	2.50e-03	1.16e-04	4.65e-05	3.30e-06	0.00e+00	0.00e+00	0.00e+00	0.00e+00	0.00e+00	0.00e+00	0.00e+00	0.00e+00	0.00e+00	0.00e+00
 6.11021e+22	1.67e-05	1.76e-02	8.05e-01	1.54e-01	2.09e-02	2.23e-03	1.02e-04	4.03e-05	2.68e-06	0.00e+00	0.00e+00	0.00e+00	0.00e+00	0.00e+00	0.00e+00	0.00e+00	0.00e+00	0.00e+00	0.00e+00
 6.14663e+22	1.85e-05	1.86e-02	8.13e-01	1.46e-01	1.93e-02	2.03e-03	9.10e-05	3.59e-05	2.25e-06	0.00e+00	0.00e+00	0.00e+00	0.00e+00	0.00e+00	0.00e+00	0.00e+00	0.00e+00	0.00e+00	0.00e+00
 6.18389e+22	2.11e-05	2.00e-02	8.23e-01	1.37e-01	1.75e-02	1.80e-03	7.90e-05	3.11e-05	1.81e-06	0.00e+00	0.00e+00	0.00e+00	0.00e+00	0.00e+00	0.00e+00	0.00e+00	0.00e+00	0.00e+00	0.00e+00
 6.22194e+22	2.35e-05	2.12e-02	8.31e-01	1.30e-01	1.61e-02	1.63e-03	7.04e-05	2.76e-05	1.51e-06	0.00e+00	0.00e+00	0.00e+00	0.00e+00	0.00e+00	0.00e+00	0.00e+00	0.00e+00	0.00e+00	0.00e+00
 6.26103e+22	2.69e-05	2.28e-02	8.40e-01	1.21e-01	1.45e-02	1.44e-03	6.08e-05	2.38e-05	1.20e-06	0.00e+00	0.00e+00	0.00e+00	0.00e+00	0.00e+00	0.00e+00	0.00e+00	0.00e+00	0.00e+00	0.00e+00
 6.30079e+22	3.00e-05	2.41e-02	8.47e-01	1.15e-01	1.33e-02	1.30e-03	5.39e-05	2.12e-05	9.98e-07	0.00e+00	0.00e+00	0.00e+00	0.00e+00	0.00e+00	0.00e+00	0.00e+00	0.00e+00	0.00e+00	0.00e+00
 6.34143e+22	3.44e-05	2.59e-02	8.55e-01	1.06e-01	1.20e-02	1.14e-03	4.64e-05	1.82e-05	7.87e-07	0.00e+00	0.00e+00	0.00e+00	0.00e+00	0.00e+00	0.00e+00	0.00e+00	0.00e+00	0.00e+00	0.00e+00
 6.38264e+22	3.84e-05	2.75e-02	8.60e-01	1.00e-01	1.10e-02	1.03e-03	4.10e-05	1.62e-05	6.50e-07	0.00e+00	0.00e+00	0.00e+00	0.00e+00	0.00e+00	0.00e+00	0.00e+00	0.00e+00	0.00e+00	0.00e+00
 6.42458e+22	4.40e-05	2.95e-02	8.67e-01	9.23e-02	9.83e-03	9.05e-04	3.53e-05	1.40e-05	5.12e-07	0.00e+00	0.00e+00	0.00e+00	0.00e+00	0.00e+00	0.00e+00	0.00e+00	0.00e+00	0.00e+00	0.00e+00
 6.46757e+22	4.95e-05	3.14e-02	8.72e-01	8.63e-02	8.95e-03	8.10e-04	3.10e-05	1.24e-05	4.18e-07	0.00e+00	0.00e+00	0.00e+00	0.00e+00	0.00e+00	0.00e+00	0.00e+00	0.00e+00	0.00e+00	0.00e+00
 6.51192e+22	5.76e-05	3.39e-02	8.79e-01	7.87e-02	7.93e-03	7.02e-04	2.62e-05	1.06e-05	3.21e-07	0.00e+00	0.00e+00	0.00e+00	0.00e+00	0.00e+00	0.00e+00	0.00e+00	0.00e+00	0.00e+00	0.00e+00
 6.55621e+22	6.43e-05	3.59e-02	8.82e-01	7.37e-02	7.25e-03	6.33e-04	2.32e-05	9.40e-06	2.64e-07	0.00e+00	0.00e+00	0.00e+00	0.00e+00	0.00e+00	0.00e+00	0.00e+00	0.00e+00	0.00e+00	0.00e+00
 6.60042e+22	7.43e-05	3.86e-02	8.87e-01	6.71e-02	6.44e-03	5.51e-04	1.98e-05	8.08e-06	2.04e-07	0.00e+00	0.00e+00	0.00e+00	0.00e+00	0.00e+00	0.00e+00	0.00e+00	0.00e+00	0.00e+00	0.00e+00
 6.64617e+22	8.39e-05	4.11e-02	8.90e-01	6.22e-02	5.83e-03	4.91e-04	1.73e-05	7.14e-06	1.65e-07	0.00e+00	0.00e+00	0.00e+00	0.00e+00	0.00e+00	0.00e+00	0.00e+00	0.00e+00	0.00e+00	0.00e+00
 6.69393e+22	9.83e-05	4.45e-02	8.94e-01	5.59e-02	5.12e-03	4.23e-04	1.45e-05	6.07e-06	1.24e-07	0.00e+00	0.00e+00	0.00e+00	0.00e+00	0.00e+00	0.00e+00	0.00e+00	0.00e+00	0.00e+00	0.00e+00
 6.74245e+22	1.11e-04	4.72e-02	8.96e-01	5.16e-02	4.63e-03	3.77e-04	1.27e-05	5.36e-06	0.00e+00	0.00e+00	0.00e+00	0.00e+00	0.00e+00	0.00e+00	0.00e+00	0.00e+00	0.00e+00	0.00e+00	0.00e+00
 6.79196e+22	1.31e-04	5.12e-02	8.98e-01	4.58e-02	4.04e-03	3.22e-04	1.06e-05	4.54e-06	0.00e+00	0.00e+00	0.00e+00	0.00e+00	0.00e+00	0.00e+00	0.00e+00	0.00e+00	0.00e+00	0.00e+00	0.00e+00
 6.84285e+22	1.49e-04	5.46e-02	8.99e-01	4.19e-02	3.63e-03	2.85e-04	9.23e-06	3.99e-06	0.00e+00	0.00e+00	0.00e+00	0.00e+00	0.00e+00	0.00e+00	0.00e+00	0.00e+00	0.00e+00	0.00e+00	0.00e+00
 6.89555e+22	1.78e-04	5.95e-02	9.00e-01	3.66e-02	3.14e-03	2.41e-04	7.63e-06	3.34e-06	0.00e+00	0.00e+00	0.00e+00	0.00e+00	0.00e+00	0.00e+00	0.00e+00	0.00e+00	0.00e+00	0.00e+00	0.00e+00
 6.94994e+22	2.06e-04	6.37e-02	9.00e-01	3.29e-02	2.79e-03	2.11e-04	6.56e-06	2.90e-06	0.00e+00	0.00e+00	0.00e+00	0.00e+00	0.00e+00	0.00e+00	0.00e+00	0.00e+00	0.00e+00	0.00e+00	0.00e+00
 7.00654e+22	2.49e-04	6.97e-02	8.99e-01	2.82e-02	2.38e-03	1.76e-04	5.37e-06	2.40e-06	0.00e+00	0.00e+00	0.00e+00	0.00e+00	0.00e+00	0.00e+00	0.00e+00	0.00e+00	0.00e+00	0.00e+00	0.00e+00
 7.06552e+22	2.93e-04	7.53e-02	8.97e-01	2.48e-02	2.09e-03	1.52e-04	4.55e-06	2.05e-06	0.00e+00	0.00e+00	0.00e+00	0.00e+00	0.00e+00	0.00e+00	0.00e+00	0.00e+00	0.00e+00	0.00e+00	0.00e+00
 7.12693e+22	3.61e-04	8.29e-02	8.94e-01	2.06e-02	1.75e-03	1.25e-04	3.67e-06	1.67e-06	0.00e+00	0.00e+00	0.00e+00	0.00e+00	0.00e+00	0.00e+00	0.00e+00	0.00e+00	0.00e+00	0.00e+00	0.00e+00
 7.18915e+22	4.31e-04	8.98e-02	8.90e-01	1.78e-02	1.52e-03	1.07e-04	3.10e-06	1.41e-06	0.00e+00	0.00e+00	0.00e+00	0.00e+00	0.00e+00	0.00e+00	0.00e+00	0.00e+00	0.00e+00	0.00e+00	0.00e+00
 7.23772e+22	4.93e-04	9.55e-02	8.87e-01	1.58e-02	1.36e-03	9.45e-05	2.72e-06	1.24e-06	0.00e+00	0.00e+00	0.00e+00	0.00e+00	0.00e+00	0.00e+00	0.00e+00	0.00e+00	0.00e+00	0.00e+00	0.00e+00
 7.28550e+22	5.88e-04	1.03e-01	8.82e-01	1.33e-02	1.17e-03	8.03e-05	2.30e-06	1.04e-06	0.00e+00	0.00e+00	0.00e+00	0.00e+00	0.00e+00	0.00e+00	0.00e+00	0.00e+00	0.00e+00	0.00e+00	0.00e+00
 7.33432e+22	6.84e-04	1.10e-01	8.76e-01	1.16e-02	1.04e-03	7.01e-05	2.00e-06	9.03e-07	0.00e+00	0.00e+00	0.00e+00	0.00e+00	0.00e+00	0.00e+00	0.00e+00	0.00e+00	0.00e+00	0.00e+00	0.00e+00
 7.38449e+22	8.30e-04	1.20e-01	8.69e-01	9.50e-03	8.79e-04	5.84e-05	1.67e-06	7.44e-07	0.00e+00	0.00e+00	0.00e+00	0.00e+00	0.00e+00	0.00e+00	0.00e+00	0.00e+00	0.00e+00	0.00e+00	0.00e+00
 7.43637e+22	9.91e-04	1.29e-01	8.62e-01	7.95e-03	7.58e-04	4.97e-05	1.43e-06	6.26e-07	0.00e+00	0.00e+00	0.00e+00	0.00e+00	0.00e+00	0.00e+00	0.00e+00	0.00e+00	0.00e+00	0.00e+00	0.00e+00
 7.49045e+22	1.24e-03	1.41e-01	8.51e-01	6.23e-03	6.22e-04	4.01e-05	1.16e-06	4.97e-07	0.00e+00	0.00e+00	0.00e+00	0.00e+00	0.00e+00	0.00e+00	0.00e+00	0.00e+00	0.00e+00	0.00e+00	0.00e+00
