#depth	H	H+	H2
 1.54284e+22	8.87e-05	1.00e+00	2.48e-24
 3.56570e+22	1.22e-04	1.00e+00	8.64e-24
 4.28573e+22	1.42e-04	1.00e+00	1.75e-23
 4.71775e+22	1.61e-04	1.00e+00	3.08e-23
 4.99104e+22	1.70e-04	1.00e+00	3.96e-23
 5.17800e+22	1.81e-04	1.00e+00	5.46e-23
 5.37663e+22	1.92e-04	1.00e+00	7.25e-23
 5.59041e+22	2.07e-04	1.00e+00	1.04e-22
 5.80737e+22	2.21e-04	1.00e+00	1.42e-22
 5.99883e+22	2.34e-04	1.00e+00	1.91e-22
 6.21812e+22	2.54e-04	1.00e+00	2.81e-22
 6.44088e+22	2.70e-04	1.00e+00	3.85e-22
 6.66814e+22	2.92e-04	1.00e+00	5.76e-22
 6.89207e+22	3.10e-04	1.00e+00	7.82e-22
 7.07960e+22	3.29e-04	1.00e+00	1.05e-21
 7.26062e+22	3.48e-04	1.00e+00	1.39e-21
 7.46521e+22	3.72e-04	1.00e+00	1.99e-21
 7.67075e+22	3.95e-04	1.00e+00	2.72e-21
 7.84748e+22	4.17e-04	1.00e+00	3.58e-21
 8.04719e+22	4.46e-04	1.00e+00	5.13e-21
 8.25492e+22	4.73e-04	1.00e+00	7.21e-21
 8.44144e+22	5.00e-04	9.99e-01	9.75e-21
 8.65228e+22	5.37e-04	9.99e-01	1.46e-20
 8.86770e+22	5.71e-04	9.99e-01	2.10e-20
 9.05096e+22	6.02e-04	9.99e-01	2.80e-20
 9.21809e+22	6.33e-04	9.99e-01	3.73e-20
 9.40231e+22	6.72e-04	9.99e-01	5.47e-20
 9.59023e+22	7.06e-04	9.99e-01	7.24e-20
 9.78294e+22	7.51e-04	9.99e-01	1.06e-19
 9.97600e+22	7.91e-04	9.99e-01	1.49e-19
 1.01434e+23	8.31e-04	9.99e-01	1.98e-19
 1.03348e+23	8.84e-04	9.99e-01	2.90e-19
 1.05288e+23	9.31e-04	9.99e-01	4.11e-19
 1.06998e+23	9.79e-04	9.99e-01	5.65e-19
 1.08954e+23	1.04e-03	9.99e-01	9.01e-19
 1.10941e+23	1.10e-03	9.99e-01	1.40e-18
 1.12702e+23	1.15e-03	9.99e-01	2.09e-18
 1.14265e+23	1.20e-03	9.99e-01	3.74e-18
 1.15838e+23	1.26e-03	9.99e-01	5.65e-18
 1.17882e+23	1.35e-03	9.99e-01	1.77e-17
 1.19934e+23	1.42e-03	9.99e-01	3.00e-17
 1.21997e+23	1.51e-03	9.98e-01	6.95e-17
 1.24123e+23	1.60e-03	9.98e-01	1.61e-16
 1.26331e+23	1.71e-03	9.98e-01	2.96e-16
 1.28592e+23	1.81e-03	9.98e-01	4.98e-16
 1.30604e+23	1.91e-03	9.98e-01	6.96e-16
 1.32903e+23	2.05e-03	9.98e-01	1.04e-15
 1.35261e+23	2.17e-03	9.98e-01	1.50e-15
 1.37071e+23	2.26e-03	9.98e-01	1.88e-15
 1.38802e+23	2.38e-03	9.98e-01	2.38e-15
 1.40559e+23	2.48e-03	9.98e-01	2.90e-15
 1.42351e+23	2.61e-03	9.97e-01	3.61e-15
 1.44196e+23	2.73e-03	9.97e-01	4.38e-15
 1.45854e+23	2.85e-03	9.97e-01	5.18e-15
 1.47752e+23	3.01e-03	9.97e-01	6.40e-15
 1.49685e+23	3.15e-03	9.97e-01	7.63e-15
 1.51663e+23	3.33e-03	9.97e-01	9.54e-15
 1.53645e+23	3.49e-03	9.97e-01	1.14e-14
 1.55633e+23	3.69e-03	9.96e-01	1.41e-14
 1.57683e+23	3.87e-03	9.96e-01	1.70e-14
 1.59812e+23	4.11e-03	9.96e-01	2.15e-14
 1.61956e+23	4.31e-03	9.96e-01	2.60e-14
 1.64119e+23	4.59e-03	9.95e-01	3.30e-14
 1.66296e+23	4.81e-03	9.95e-01	4.00e-14
 1.68493e+23	5.12e-03	9.95e-01	5.11e-14
 1.70721e+23	5.38e-03	9.95e-01	6.24e-14
 1.72990e+23	5.75e-03	9.94e-01	8.08e-14
 1.75251e+23	6.04e-03	9.94e-01	9.86e-14
 1.77502e+23	6.48e-03	9.94e-01	1.29e-13
 1.79745e+23	6.82e-03	9.93e-01	1.57e-13
 1.81978e+23	7.34e-03	9.93e-01	2.07e-13
 1.84203e+23	7.75e-03	9.92e-01	2.56e-13
 1.86417e+23	8.37e-03	9.92e-01	3.38e-13
 1.88622e+23	8.89e-03	9.91e-01	4.22e-13
 1.90816e+23	9.67e-03	9.90e-01	5.66e-13
 1.93006e+23	1.03e-02	9.90e-01	7.19e-13
 1.95192e+23	1.13e-02	9.89e-01	9.83e-13
 1.97381e+23	1.23e-02	9.88e-01	1.28e-12
 1.99288e+23	1.33e-02	9.87e-01	1.67e-12
 2.01476e+23	1.49e-02	9.85e-01	2.38e-12
 2.03704e+23	1.65e-02	9.83e-01	3.28e-12
 2.05616e+23	1.83e-02	9.82e-01	4.46e-12
 2.07444e+23	2.04e-02	9.80e-01	6.12e-12
 2.09111e+23	2.27e-02	9.77e-01	8.26e-12
 2.10614e+23	2.53e-02	9.75e-01	1.10e-11
 2.12324e+23	2.92e-02	9.71e-01	1.63e-11
 2.14128e+23	3.42e-02	9.66e-01	2.46e-11
 2.15651e+23	3.98e-02	9.60e-01	3.57e-11
 2.16973e+23	4.62e-02	9.54e-01	5.16e-11
 2.18225e+23	5.39e-02	9.46e-01	7.46e-11
 2.19446e+23	6.41e-02	9.36e-01	1.12e-10
 2.20593e+23	7.64e-02	9.24e-01	1.66e-10
 2.21626e+23	9.13e-02	9.09e-01	2.48e-10
 2.22543e+23	1.09e-01	8.91e-01	3.61e-10
 2.23350e+23	1.28e-01	8.72e-01	5.17e-10
 2.24073e+23	1.49e-01	8.51e-01	7.13e-10
 2.24744e+23	1.74e-01	8.26e-01	9.82e-10
 2.25374e+23	2.02e-01	7.98e-01	1.33e-09
 2.25945e+23	2.32e-01	7.68e-01	1.76e-09
 2.26467e+23	2.64e-01	7.36e-01	2.28e-09
 2.26955e+23	2.98e-01	7.02e-01	2.89e-09
 2.27411e+23	3.32e-01	6.68e-01	3.57e-09
 2.27814e+23	3.65e-01	6.35e-01	4.26e-09
 2.28159e+23	3.94e-01	6.06e-01	4.92e-09
 2.28466e+23	4.20e-01	5.80e-01	5.54e-09
 2.28737e+23	4.44e-01	5.56e-01	6.12e-09
 2.28985e+23	4.66e-01	5.34e-01	6.68e-09
 2.29248e+23	4.89e-01	5.11e-01	7.27e-09
 2.29527e+23	5.13e-01	4.87e-01	7.90e-09
 2.29797e+23	5.35e-01	4.65e-01	8.49e-09
 2.30002e+23	5.50e-01	4.50e-01	8.86e-09
 2.30140e+23	5.61e-01	4.39e-01	9.15e-09
 2.30278e+23	5.71e-01	4.29e-01	9.44e-09
 2.30443e+23	5.84e-01	4.16e-01	9.79e-09
 2.30624e+23	5.97e-01	4.03e-01	1.02e-08
 2.30800e+23	6.09e-01	3.91e-01	1.05e-08
 2.30971e+23	6.21e-01	3.79e-01	1.08e-08
 2.31148e+23	6.32e-01	3.68e-01	1.11e-08
 2.31333e+23	6.44e-01	3.56e-01	1.14e-08
 2.31527e+23	6.56e-01	3.44e-01	1.18e-08
 2.31718e+23	6.67e-01	3.33e-01	1.21e-08
 2.31910e+23	6.77e-01	3.23e-01	1.24e-08
 2.32112e+23	6.88e-01	3.12e-01	1.27e-08
 2.32324e+23	6.99e-01	3.01e-01	1.29e-08
 2.32540e+23	7.10e-01	2.90e-01	1.32e-08
 2.32757e+23	7.19e-01	2.81e-01	1.35e-08
 2.32982e+23	7.29e-01	2.71e-01	1.38e-08
 2.33219e+23	7.39e-01	2.61e-01	1.40e-08
 2.33458e+23	7.49e-01	2.51e-01	1.43e-08
 2.33701e+23	7.58e-01	2.42e-01	1.45e-08
 2.33956e+23	7.67e-01	2.33e-01	1.47e-08
 2.34222e+23	7.76e-01	2.24e-01	1.50e-08
 2.34495e+23	7.84e-01	2.16e-01	1.52e-08
 2.34776e+23	7.92e-01	2.08e-01	1.54e-08
 2.35070e+23	8.00e-01	2.00e-01	1.56e-08
 2.35375e+23	8.08e-01	1.92e-01	1.58e-08
 2.35691e+23	8.15e-01	1.85e-01	1.60e-08
 2.36016e+23	8.23e-01	1.77e-01	1.62e-08
 2.36351e+23	8.29e-01	1.71e-01	1.64e-08
 2.36696e+23	8.36e-01	1.64e-01	1.66e-08
 2.37056e+23	8.41e-01	1.59e-01	1.68e-08
 2.37424e+23	8.47e-01	1.53e-01	1.71e-08
 2.37807e+23	8.53e-01	1.47e-01	1.73e-08
 2.38212e+23	8.58e-01	1.42e-01	1.76e-08
 2.38633e+23	8.63e-01	1.37e-01	1.79e-08
 2.39070e+23	8.68e-01	1.32e-01	1.82e-08
 2.39533e+23	8.72e-01	1.28e-01	1.85e-08
 2.40022e+23	8.76e-01	1.24e-01	1.89e-08
 2.40537e+23	8.81e-01	1.19e-01	1.94e-08
 2.41085e+23	8.85e-01	1.15e-01	2.00e-08
 2.41668e+23	8.89e-01	1.11e-01	2.06e-08
 2.42276e+23	8.92e-01	1.08e-01	2.13e-08
 2.42878e+23	8.96e-01	1.04e-01	2.21e-08
 2.43457e+23	8.99e-01	1.01e-01	2.29e-08
 2.44024e+23	9.01e-01	9.85e-02	2.38e-08
 2.44580e+23	9.04e-01	9.59e-02	2.47e-08
 2.45125e+23	9.07e-01	9.34e-02	2.57e-08
 2.45654e+23	9.09e-01	9.11e-02	2.66e-08
 2.46160e+23	9.11e-01	8.89e-02	2.75e-08
 2.46628e+23	9.13e-01	8.70e-02	2.83e-08
 2.47082e+23	9.15e-01	8.51e-02	2.93e-08
 2.47537e+23	9.17e-01	8.32e-02	3.03e-08
 2.47977e+23	9.19e-01	8.14e-02	3.14e-08
 2.48400e+23	9.20e-01	7.97e-02	3.26e-08
 2.48808e+23	9.22e-01	7.81e-02	3.38e-08
 2.49203e+23	9.23e-01	7.65e-02	3.51e-08
 2.49583e+23	9.25e-01	7.50e-02	3.64e-08
 2.49951e+23	9.26e-01	7.35e-02	3.78e-08
 2.50306e+23	9.28e-01	7.22e-02	3.94e-08
 2.50648e+23	9.29e-01	7.08e-02	4.10e-08
 2.50978e+23	9.30e-01	6.95e-02	4.27e-08
 2.51296e+23	9.32e-01	6.83e-02	4.46e-08
 2.51598e+23	9.33e-01	6.71e-02	4.65e-08
 2.51894e+23	9.34e-01	6.59e-02	4.86e-08
 2.52182e+23	9.35e-01	6.48e-02	5.09e-08
 2.52444e+23	9.36e-01	6.38e-02	5.30e-08
 2.52682e+23	9.37e-01	6.29e-02	5.51e-08
 2.52899e+23	9.38e-01	6.21e-02	5.71e-08
 2.53096e+23	9.39e-01	6.14e-02	5.91e-08
 2.53276e+23	9.39e-01	6.08e-02	6.09e-08
 2.53439e+23	9.40e-01	6.02e-02	6.26e-08
 2.53588e+23	9.40e-01	5.96e-02	6.47e-08
 2.53723e+23	9.41e-01	5.93e-02	6.60e-08
 2.53872e+23	9.41e-01	5.86e-02	6.75e-08
 2.54064e+23	9.42e-01	5.77e-02	7.01e-08
 2.54272e+23	9.43e-01	5.68e-02	7.23e-08
 2.54462e+23	9.44e-01	5.59e-02	7.45e-08
 2.54634e+23	9.45e-01	5.54e-02	7.62e-08
 2.54791e+23	9.45e-01	5.48e-02	7.80e-08
 2.54934e+23	9.46e-01	5.43e-02	7.99e-08
 2.55064e+23	9.46e-01	5.40e-02	8.09e-08
 2.55206e+23	9.47e-01	5.35e-02	8.19e-08
 2.55391e+23	9.47e-01	5.27e-02	8.37e-08
 2.55591e+23	9.48e-01	5.20e-02	8.56e-08
 2.55772e+23	9.49e-01	5.14e-02	8.67e-08
 2.55971e+23	9.49e-01	5.07e-02	8.82e-08
 2.56186e+23	9.50e-01	4.99e-02	8.96e-08
 2.56382e+23	9.51e-01	4.94e-02	9.06e-08
 2.56596e+23	9.51e-01	4.87e-02	9.18e-08
 2.56828e+23	9.52e-01	4.79e-02	9.29e-08
 2.57038e+23	9.53e-01	4.73e-02	9.37e-08
 2.57230e+23	9.53e-01	4.69e-02	9.42e-08
 2.57404e+23	9.54e-01	4.64e-02	9.46e-08
 2.57596e+23	9.54e-01	4.58e-02	9.49e-08
 2.57802e+23	9.55e-01	4.51e-02	9.53e-08
 2.57990e+23	9.55e-01	4.46e-02	9.56e-08
 2.58161e+23	9.56e-01	4.42e-02	9.57e-08
 2.58316e+23	9.56e-01	4.38e-02	9.56e-08
 2.58486e+23	9.57e-01	4.33e-02	9.54e-08
 2.58670e+23	9.57e-01	4.27e-02	9.53e-08
 2.58838e+23	9.58e-01	4.23e-02	9.53e-08
 2.59021e+23	9.58e-01	4.18e-02	9.51e-08
 2.59219e+23	9.59e-01	4.11e-02	9.50e-08
 2.59399e+23	9.59e-01	4.07e-02	9.49e-08
 2.59597e+23	9.60e-01	4.02e-02	9.45e-08
 2.59810e+23	9.60e-01	3.95e-02	9.42e-08
 2.60004e+23	9.61e-01	3.91e-02	9.40e-08
 2.60180e+23	9.61e-01	3.87e-02	9.35e-08
 2.60341e+23	9.62e-01	3.84e-02	9.31e-08
 2.60517e+23	9.62e-01	3.80e-02	9.26e-08
 2.60707e+23	9.63e-01	3.74e-02	9.22e-08
 2.60880e+23	9.63e-01	3.70e-02	9.18e-08
 2.61037e+23	9.63e-01	3.68e-02	9.16e-08
 2.61210e+23	9.64e-01	3.64e-02	9.13e-08
 2.61434e+23	9.64e-01	3.58e-02	9.11e-08
 2.61676e+23	9.65e-01	3.53e-02	9.11e-08
 2.61896e+23	9.65e-01	3.48e-02	9.08e-08
 2.62097e+23	9.66e-01	3.44e-02	9.03e-08
 2.62279e+23	9.66e-01	3.42e-02	9.02e-08
 2.62479e+23	9.66e-01	3.38e-02	8.96e-08
 2.62695e+23	9.67e-01	3.34e-02	8.95e-08
 2.62891e+23	9.67e-01	3.31e-02	8.94e-08
 2.63106e+23	9.67e-01	3.26e-02	8.88e-08
 2.63338e+23	9.68e-01	3.21e-02	8.87e-08
 2.63550e+23	9.68e-01	3.18e-02	8.83e-08
 2.63742e+23	9.68e-01	3.16e-02	8.82e-08
 2.63953e+23	9.69e-01	3.12e-02	8.77e-08
 2.64180e+23	9.69e-01	3.07e-02	8.77e-08
 2.64387e+23	9.70e-01	3.05e-02	8.75e-08
 2.64614e+23	9.70e-01	3.01e-02	8.70e-08
 2.64859e+23	9.70e-01	2.96e-02	8.70e-08
 2.65082e+23	9.71e-01	2.93e-02	8.69e-08
 2.65326e+23	9.71e-01	2.89e-02	8.63e-08
 2.65590e+23	9.72e-01	2.85e-02	8.63e-08
 2.65830e+23	9.72e-01	2.82e-02	8.62e-08
 2.66093e+23	9.72e-01	2.78e-02	8.57e-08
 2.66377e+23	9.73e-01	2.73e-02	8.58e-08
 2.66635e+23	9.73e-01	2.70e-02	8.54e-08
 2.66870e+23	9.73e-01	2.67e-02	8.50e-08
 2.67084e+23	9.74e-01	2.65e-02	8.50e-08
 2.67318e+23	9.74e-01	2.62e-02	8.47e-08
 2.67571e+23	9.74e-01	2.58e-02	8.49e-08
 2.67802e+23	9.74e-01	2.55e-02	8.49e-08
 2.68054e+23	9.75e-01	2.52e-02	8.46e-08
 2.68326e+23	9.75e-01	2.48e-02	8.47e-08
 2.68574e+23	9.75e-01	2.46e-02	8.48e-08
 2.68846e+23	9.76e-01	2.42e-02	8.45e-08
 2.69139e+23	9.76e-01	2.38e-02	8.46e-08
 2.69406e+23	9.76e-01	2.36e-02	8.47e-08
 2.69699e+23	9.77e-01	2.32e-02	8.45e-08
 2.70014e+23	9.77e-01	2.28e-02	8.46e-08
 2.70302e+23	9.77e-01	2.26e-02	8.46e-08
 2.70616e+23	9.78e-01	2.22e-02	8.44e-08
 2.70956e+23	9.78e-01	2.18e-02	8.45e-08
 2.71266e+23	9.78e-01	2.16e-02	8.46e-08
 2.71605e+23	9.79e-01	2.13e-02	8.44e-08
 2.71970e+23	9.79e-01	2.09e-02	8.44e-08
 2.72303e+23	9.79e-01	2.06e-02	8.45e-08
 2.72668e+23	9.80e-01	2.03e-02	8.43e-08
 2.73062e+23	9.80e-01	1.99e-02	8.46e-08
 2.73421e+23	9.80e-01	1.96e-02	8.44e-08
 2.73747e+23	9.81e-01	1.94e-02	8.44e-08
 2.74104e+23	9.81e-01	1.91e-02	8.42e-08
 2.74490e+23	9.81e-01	1.87e-02	8.43e-08
 2.74841e+23	9.82e-01	1.85e-02	8.44e-08
 2.75226e+23	9.82e-01	1.82e-02	8.42e-08
 2.75641e+23	9.82e-01	1.78e-02	8.43e-08
 2.76019e+23	9.82e-01	1.76e-02	8.44e-08
 2.76434e+23	9.83e-01	1.73e-02	8.42e-08
 2.76881e+23	9.83e-01	1.69e-02	8.43e-08
 2.77288e+23	9.83e-01	1.67e-02	8.44e-08
 2.77734e+23	9.84e-01	1.64e-02	8.44e-08
 2.78215e+23	9.84e-01	1.61e-02	8.45e-08
 2.78653e+23	9.84e-01	1.58e-02	8.43e-08
 2.79052e+23	9.84e-01	1.56e-02	8.44e-08
 2.79489e+23	9.85e-01	1.53e-02	8.44e-08
 2.79960e+23	9.85e-01	1.50e-02	8.45e-08
 2.80389e+23	9.85e-01	1.48e-02	8.44e-08
 2.80780e+23	9.85e-01	1.46e-02	8.44e-08
 2.81208e+23	9.86e-01	1.43e-02	8.44e-08
 2.81670e+23	9.86e-01	1.40e-02	8.45e-08
 2.82090e+23	9.86e-01	1.38e-02	8.45e-08
 2.82551e+23	9.86e-01	1.36e-02	8.46e-08
 2.83048e+23	9.87e-01	1.33e-02	8.47e-08
 2.83501e+23	9.87e-01	1.31e-02	8.46e-08
 2.83997e+23	9.87e-01	1.29e-02	8.47e-08
 2.84532e+23	9.87e-01	1.26e-02	8.48e-08
 2.85020e+23	9.88e-01	1.24e-02	8.48e-08
 2.85554e+23	9.88e-01	1.21e-02	8.49e-08
 2.86130e+23	9.88e-01	1.19e-02	8.50e-08
 2.86655e+23	9.88e-01	1.17e-02	8.50e-08
 2.87132e+23	9.88e-01	1.15e-02	8.51e-08
 2.87655e+23	9.89e-01	1.13e-02	8.52e-08
 2.88335e+23	9.89e-01	1.10e-02	8.54e-08
 2.89089e+23	9.89e-01	1.07e-02	8.54e-08
 2.89850e+23	9.90e-01	1.04e-02	8.55e-08
 2.90637e+23	9.90e-01	1.01e-02	8.56e-08
 2.91435e+23	9.90e-01	9.84e-03	8.57e-08
 2.92243e+23	9.90e-01	9.57e-03	8.58e-08
 2.93059e+23	9.91e-01	9.30e-03	8.59e-08
 2.93883e+23	9.91e-01	9.04e-03	8.60e-08
 2.94713e+23	9.91e-01	8.78e-03	8.61e-08
 2.95551e+23	9.91e-01	8.53e-03	8.62e-08
 2.96399e+23	9.92e-01	8.29e-03	8.63e-08
 2.97254e+23	9.92e-01	8.05e-03	8.65e-08
 2.98117e+23	9.92e-01	7.82e-03	8.66e-08
 2.98987e+23	9.92e-01	7.59e-03	8.67e-08
 2.99863e+23	9.93e-01	7.37e-03	8.69e-08
 3.00745e+23	9.93e-01	7.16e-03	8.70e-08
 3.01633e+23	9.93e-01	6.95e-03	8.71e-08
 3.02527e+23	9.93e-01	6.74e-03	8.73e-08
 3.03429e+23	9.93e-01	6.54e-03	8.75e-08
 3.04338e+23	9.94e-01	6.35e-03	8.76e-08
 3.05253e+23	9.94e-01	6.16e-03	8.78e-08
 3.06175e+23	9.94e-01	5.98e-03	8.80e-08
 3.07104e+23	9.94e-01	5.80e-03	8.82e-08
 3.08048e+23	9.94e-01	5.62e-03	8.85e-08
 3.08547e+23	9.94e-01	5.63e-03	8.88e-08
