#depth	N	N+	N+2	N+3	N+4	N+5	N+6	N+7
 1.54284e+22	2.76e-09	3.58e-05	1.30e-02	1.40e-01	2.29e-01	5.54e-01	6.31e-02	1.61e-03
 3.56570e+22	7.11e-09	8.08e-05	2.51e-02	2.02e-01	2.66e-01	4.68e-01	3.84e-02	7.08e-04
 4.28573e+22	1.15e-08	1.20e-04	3.41e-02	2.36e-01	2.80e-01	4.20e-01	2.94e-02	4.62e-04
 4.71775e+22	1.68e-08	1.63e-04	4.30e-02	2.65e-01	2.87e-01	3.81e-01	2.34e-02	3.24e-04
 4.99104e+22	1.98e-08	1.86e-04	4.74e-02	2.77e-01	2.90e-01	3.64e-01	2.12e-02	2.78e-04
 5.17800e+22	2.45e-08	2.20e-04	5.35e-02	2.93e-01	2.92e-01	3.43e-01	1.85e-02	2.27e-04
 5.37663e+22	2.95e-08	2.55e-04	5.94e-02	3.07e-01	2.92e-01	3.24e-01	1.65e-02	1.89e-04
 5.59041e+22	3.73e-08	3.07e-04	6.77e-02	3.25e-01	2.92e-01	3.00e-01	1.41e-02	1.50e-04
 5.80737e+22	4.54e-08	3.57e-04	7.52e-02	3.40e-01	2.91e-01	2.81e-01	1.23e-02	1.23e-04
 5.99883e+22	5.49e-08	4.13e-04	8.31e-02	3.54e-01	2.90e-01	2.62e-01	1.08e-02	1.01e-04
 6.21812e+22	7.01e-08	4.98e-04	9.42e-02	3.71e-01	2.86e-01	2.39e-01	9.04e-03	7.79e-05
 6.44088e+22	8.54e-08	5.78e-04	1.04e-01	3.84e-01	2.82e-01	2.22e-01	7.82e-03	6.30e-05
 6.66814e+22	1.10e-07	6.98e-04	1.17e-01	4.00e-01	2.75e-01	2.00e-01	6.45e-03	4.77e-05
 6.89207e+22	1.33e-07	8.03e-04	1.28e-01	4.12e-01	2.70e-01	1.84e-01	5.56e-03	3.86e-05
 7.07960e+22	1.59e-07	9.17e-04	1.39e-01	4.22e-01	2.64e-01	1.70e-01	4.81e-03	3.14e-05
 7.26062e+22	1.89e-07	1.04e-03	1.50e-01	4.31e-01	2.57e-01	1.56e-01	4.17e-03	2.56e-05
 7.46521e+22	2.36e-07	1.22e-03	1.65e-01	4.41e-01	2.49e-01	1.41e-01	3.47e-03	1.98e-05
 7.67075e+22	2.83e-07	1.39e-03	1.78e-01	4.48e-01	2.41e-01	1.28e-01	2.96e-03	1.58e-05
 7.84748e+22	3.34e-07	1.56e-03	1.91e-01	4.54e-01	2.33e-01	1.18e-01	2.55e-03	1.29e-05
 8.04719e+22	4.12e-07	1.81e-03	2.07e-01	4.60e-01	2.23e-01	1.05e-01	2.12e-03	9.89e-06
 8.25492e+22	4.96e-07	2.06e-03	2.23e-01	4.65e-01	2.14e-01	9.49e-02	1.78e-03	7.78e-06
 8.44144e+22	5.89e-07	2.33e-03	2.38e-01	4.67e-01	2.05e-01	8.60e-02	1.51e-03	6.20e-06
 8.65228e+22	7.34e-07	2.71e-03	2.57e-01	4.70e-01	1.94e-01	7.54e-02	1.22e-03	4.62e-06
 8.86770e+22	8.81e-07	3.07e-03	2.74e-01	4.70e-01	1.84e-01	6.74e-02	1.01e-03	3.59e-06
 9.05096e+22	1.03e-06	3.42e-03	2.90e-01	4.70e-01	1.75e-01	6.08e-02	8.59e-04	2.86e-06
 9.21809e+22	1.20e-06	3.79e-03	3.05e-01	4.69e-01	1.67e-01	5.52e-02	7.36e-04	2.31e-06
 9.40231e+22	1.44e-06	4.28e-03	3.23e-01	4.66e-01	1.57e-01	4.89e-02	6.06e-04	1.77e-06
 9.59023e+22	1.67e-06	4.72e-03	3.38e-01	4.63e-01	1.50e-01	4.42e-02	5.14e-04	1.42e-06
 9.78294e+22	2.00e-06	5.34e-03	3.58e-01	4.58e-01	1.40e-01	3.87e-02	4.17e-04	1.07e-06
 9.97600e+22	2.32e-06	5.90e-03	3.74e-01	4.53e-01	1.32e-01	3.47e-02	3.51e-04	8.48e-07
 1.01434e+23	2.68e-06	6.48e-03	3.90e-01	4.48e-01	1.24e-01	3.11e-02	2.96e-04	6.74e-07
 1.03348e+23	3.21e-06	7.30e-03	4.10e-01	4.40e-01	1.16e-01	2.71e-02	2.39e-04	5.05e-07
 1.05288e+23	3.73e-06	8.05e-03	4.26e-01	4.33e-01	1.08e-01	2.42e-02	1.99e-04	3.95e-07
 1.06998e+23	4.31e-06	8.84e-03	4.42e-01	4.26e-01	1.02e-01	2.15e-02	1.67e-04	3.11e-07
 1.08954e+23	5.15e-06	9.94e-03	4.62e-01	4.16e-01	9.36e-02	1.86e-02	1.33e-04	2.30e-07
 1.10941e+23	5.98e-06	1.09e-02	4.79e-01	4.07e-01	8.72e-02	1.65e-02	1.10e-04	1.78e-07
 1.12702e+23	6.91e-06	1.20e-02	4.95e-01	3.97e-01	8.12e-02	1.46e-02	9.07e-05	1.38e-07
 1.14265e+23	7.71e-06	1.29e-02	5.07e-01	3.90e-01	7.68e-02	1.32e-02	7.83e-05	0.00e+00
 1.15838e+23	8.87e-06	1.41e-02	5.22e-01	3.80e-01	7.14e-02	1.17e-02	6.49e-05	0.00e+00
 1.17882e+23	1.07e-05	1.59e-02	5.43e-01	3.66e-01	6.46e-02	9.89e-03	5.01e-05	0.00e+00
 1.19934e+23	1.23e-05	1.73e-02	5.58e-01	3.56e-01	5.98e-02	8.72e-03	4.13e-05	0.00e+00
 1.21997e+23	1.47e-05	1.94e-02	5.77e-01	3.42e-01	5.40e-02	7.37e-03	3.19e-05	0.00e+00
 1.24123e+23	1.71e-05	2.13e-02	5.93e-01	3.30e-01	4.94e-02	6.38e-03	2.56e-05	0.00e+00
 1.26331e+23	2.07e-05	2.39e-02	6.12e-01	3.15e-01	4.41e-02	5.32e-03	1.94e-05	0.00e+00
 1.28592e+23	2.42e-05	2.63e-02	6.27e-01	3.02e-01	4.00e-02	4.55e-03	1.53e-05	0.00e+00
 1.30604e+23	2.81e-05	2.88e-02	6.41e-01	2.90e-01	3.64e-02	3.92e-03	1.22e-05	0.00e+00
 1.32903e+23	3.39e-05	3.24e-02	6.58e-01	2.74e-01	3.22e-02	3.23e-03	9.05e-06	0.00e+00
 1.35261e+23	3.97e-05	3.56e-02	6.72e-01	2.61e-01	2.89e-02	2.73e-03	7.03e-06	0.00e+00
 1.37071e+23	4.42e-05	3.80e-02	6.81e-01	2.51e-01	2.68e-02	2.43e-03	5.89e-06	0.00e+00
 1.38802e+23	5.11e-05	4.14e-02	6.93e-01	2.40e-01	2.42e-02	2.09e-03	4.67e-06	0.00e+00
 1.40559e+23	5.70e-05	4.42e-02	7.01e-01	2.30e-01	2.24e-02	1.85e-03	3.88e-06	0.00e+00
 1.42351e+23	6.54e-05	4.81e-02	7.11e-01	2.19e-01	2.03e-02	1.58e-03	3.08e-06	0.00e+00
 1.44196e+23	7.38e-05	5.16e-02	7.19e-01	2.09e-01	1.85e-02	1.38e-03	2.50e-06	0.00e+00
 1.45854e+23	8.27e-05	5.52e-02	7.27e-01	2.00e-01	1.69e-02	1.21e-03	2.05e-06	0.00e+00
 1.47752e+23	9.56e-05	6.02e-02	7.35e-01	1.89e-01	1.52e-02	1.02e-03	1.59e-06	0.00e+00
 1.49685e+23	1.08e-04	6.45e-02	7.42e-01	1.79e-01	1.38e-02	8.88e-04	1.29e-06	0.00e+00
 1.51663e+23	1.26e-04	7.06e-02	7.49e-01	1.68e-01	1.22e-02	7.40e-04	9.79e-07	0.00e+00
 1.53645e+23	1.41e-04	7.55e-02	7.54e-01	1.59e-01	1.11e-02	6.39e-04	7.86e-07	0.00e+00
 1.55633e+23	1.64e-04	8.24e-02	7.59e-01	1.48e-01	9.80e-03	5.33e-04	5.99e-07	0.00e+00
 1.57683e+23	1.86e-04	8.85e-02	7.63e-01	1.39e-01	8.79e-03	4.55e-04	4.72e-07	0.00e+00
 1.59812e+23	2.19e-04	9.73e-02	7.66e-01	1.28e-01	7.68e-03	3.71e-04	3.49e-07	0.00e+00
 1.61956e+23	2.48e-04	1.04e-01	7.68e-01	1.20e-01	6.86e-03	3.15e-04	2.73e-07	0.00e+00
 1.64119e+23	2.92e-04	1.15e-01	7.69e-01	1.10e-01	5.95e-03	2.54e-04	1.99e-07	0.00e+00
 1.66296e+23	3.32e-04	1.23e-01	7.69e-01	1.02e-01	5.30e-03	2.14e-04	1.55e-07	0.00e+00
 1.68493e+23	3.91e-04	1.35e-01	7.67e-01	9.24e-02	4.58e-03	1.72e-04	0.00e+00	0.00e+00
 1.70721e+23	4.47e-04	1.46e-01	7.65e-01	8.51e-02	4.05e-03	1.44e-04	0.00e+00	0.00e+00
 1.72990e+23	5.32e-04	1.61e-01	7.59e-01	7.62e-02	3.46e-03	1.13e-04	0.00e+00	0.00e+00
 1.75251e+23	6.08e-04	1.73e-01	7.54e-01	6.97e-02	3.05e-03	9.37e-05	0.00e+00	0.00e+00
 1.77502e+23	7.28e-04	1.92e-01	7.43e-01	6.17e-02	2.59e-03	7.29e-05	0.00e+00	0.00e+00
 1.79745e+23	8.35e-04	2.06e-01	7.35e-01	5.59e-02	2.28e-03	5.98e-05	0.00e+00	0.00e+00
 1.81978e+23	1.01e-03	2.29e-01	7.20e-01	4.89e-02	1.92e-03	4.58e-05	0.00e+00	0.00e+00
 1.84203e+23	1.16e-03	2.47e-01	7.07e-01	4.37e-02	1.68e-03	3.71e-05	0.00e+00	0.00e+00
 1.86417e+23	1.40e-03	2.74e-01	6.86e-01	3.77e-02	1.41e-03	2.79e-05	0.00e+00	0.00e+00
 1.88622e+23	1.63e-03	2.96e-01	6.68e-01	3.32e-02	1.22e-03	2.22e-05	0.00e+00	0.00e+00
 1.90816e+23	1.99e-03	3.29e-01	6.40e-01	2.80e-02	1.01e-03	1.63e-05	0.00e+00	0.00e+00
 1.93006e+23	2.33e-03	3.56e-01	6.16e-01	2.42e-02	8.64e-04	1.27e-05	0.00e+00	0.00e+00
 1.95192e+23	2.85e-03	3.95e-01	5.82e-01	2.00e-02	7.04e-04	9.03e-06	0.00e+00	0.00e+00
 1.97381e+23	3.37e-03	4.28e-01	5.51e-01	1.68e-02	5.91e-04	6.75e-06	0.00e+00	0.00e+00
 1.99288e+23	3.99e-03	4.64e-01	5.18e-01	1.41e-02	4.93e-04	4.99e-06	0.00e+00	0.00e+00
 2.01476e+23	4.91e-03	5.10e-01	4.73e-01	1.11e-02	3.87e-04	3.33e-06	0.00e+00	0.00e+00
 2.03704e+23	5.91e-03	5.53e-01	4.32e-01	8.77e-03	3.09e-04	2.29e-06	0.00e+00	0.00e+00
 2.05616e+23	7.03e-03	5.94e-01	3.92e-01	6.97e-03	2.47e-04	1.58e-06	0.00e+00	0.00e+00
 2.07444e+23	8.32e-03	6.35e-01	3.51e-01	5.46e-03	1.95e-04	1.07e-06	0.00e+00	0.00e+00
 2.09111e+23	9.70e-03	6.71e-01	3.14e-01	4.32e-03	1.55e-04	7.39e-07	0.00e+00	0.00e+00
 2.10614e+23	1.12e-02	7.05e-01	2.80e-01	3.41e-03	1.23e-04	5.08e-07	0.00e+00	0.00e+00
 2.12324e+23	1.34e-02	7.47e-01	2.37e-01	2.47e-03	8.96e-05	3.07e-07	0.00e+00	0.00e+00
 2.14128e+23	1.62e-02	7.85e-01	1.97e-01	1.75e-03	6.32e-05	1.79e-07	0.00e+00	0.00e+00
 2.15651e+23	1.91e-02	8.16e-01	1.64e-01	1.26e-03	4.52e-05	0.00e+00	0.00e+00	0.00e+00
 2.16973e+23	2.23e-02	8.41e-01	1.35e-01	9.15e-04	3.22e-05	0.00e+00	0.00e+00	0.00e+00
 2.18225e+23	2.59e-02	8.63e-01	1.11e-01	6.58e-04	2.25e-05	0.00e+00	0.00e+00	0.00e+00
 2.19446e+23	3.06e-02	8.81e-01	8.78e-02	4.61e-04	1.50e-05	0.00e+00	0.00e+00	0.00e+00
 2.20593e+23	3.60e-02	8.95e-01	6.89e-02	3.24e-04	9.90e-06	0.00e+00	0.00e+00	0.00e+00
 2.21626e+23	4.24e-02	9.04e-01	5.36e-02	2.30e-04	6.44e-06	0.00e+00	0.00e+00	0.00e+00
 2.22543e+23	4.96e-02	9.08e-01	4.18e-02	1.67e-04	4.21e-06	0.00e+00	0.00e+00	0.00e+00
 2.23350e+23	5.80e-02	9.09e-01	3.27e-02	1.24e-04	2.78e-06	0.00e+00	0.00e+00	0.00e+00
 2.24073e+23	6.71e-02	9.07e-01	2.58e-02	9.54e-05	1.87e-06	0.00e+00	0.00e+00	0.00e+00
 2.24744e+23	7.81e-02	9.02e-01	2.03e-02	7.42e-05	1.26e-06	0.00e+00	0.00e+00	0.00e+00
 2.25374e+23	9.10e-02	8.93e-01	1.59e-02	5.85e-05	8.43e-07	0.00e+00	0.00e+00	0.00e+00
 2.25945e+23	1.05e-01	8.82e-01	1.25e-02	4.71e-05	5.76e-07	0.00e+00	0.00e+00	0.00e+00
 2.26467e+23	1.22e-01	8.68e-01	9.97e-03	3.88e-05	4.00e-07	0.00e+00	0.00e+00	0.00e+00
 2.26955e+23	1.40e-01	8.52e-01	7.96e-03	3.23e-05	2.82e-07	0.00e+00	0.00e+00	0.00e+00
 2.27411e+23	1.60e-01	8.34e-01	6.40e-03	2.74e-05	2.02e-07	0.00e+00	0.00e+00	0.00e+00
 2.27814e+23	1.80e-01	8.15e-01	5.25e-03	2.37e-05	1.50e-07	0.00e+00	0.00e+00	0.00e+00
 2.28159e+23	1.99e-01	7.97e-01	4.41e-03	2.10e-05	0.00e+00	0.00e+00	0.00e+00	0.00e+00
 2.28466e+23	2.18e-01	7.79e-01	3.77e-03	1.89e-05	0.00e+00	0.00e+00	0.00e+00	0.00e+00
 2.28737e+23	2.35e-01	7.62e-01	3.28e-03	1.73e-05	0.00e+00	0.00e+00	0.00e+00	0.00e+00
 2.28985e+23	2.52e-01	7.45e-01	2.88e-03	1.60e-05	0.00e+00	0.00e+00	0.00e+00	0.00e+00
 2.29248e+23	2.71e-01	7.26e-01	2.50e-03	1.47e-05	0.00e+00	0.00e+00	0.00e+00	0.00e+00
 2.29527e+23	2.92e-01	7.06e-01	2.16e-03	1.34e-05	0.00e+00	0.00e+00	0.00e+00	0.00e+00
 2.29797e+23	3.12e-01	6.86e-01	1.88e-03	1.24e-05	0.00e+00	0.00e+00	0.00e+00	0.00e+00
 2.30002e+23	3.27e-01	6.71e-01	1.70e-03	1.17e-05	0.00e+00	0.00e+00	0.00e+00	0.00e+00
 2.30140e+23	3.38e-01	6.61e-01	1.58e-03	1.13e-05	0.00e+00	0.00e+00	0.00e+00	0.00e+00
 2.30278e+23	3.48e-01	6.50e-01	1.47e-03	1.08e-05	0.00e+00	0.00e+00	0.00e+00	0.00e+00
 2.30443e+23	3.62e-01	6.37e-01	1.35e-03	1.04e-05	0.00e+00	0.00e+00	0.00e+00	0.00e+00
 2.30624e+23	3.77e-01	6.22e-01	1.23e-03	9.85e-06	0.00e+00	0.00e+00	0.00e+00	0.00e+00
 2.30800e+23	3.90e-01	6.09e-01	1.12e-03	9.40e-06	0.00e+00	0.00e+00	0.00e+00	0.00e+00
 2.30971e+23	4.04e-01	5.95e-01	1.03e-03	8.99e-06	0.00e+00	0.00e+00	0.00e+00	0.00e+00
 2.31148e+23	4.17e-01	5.82e-01	9.39e-04	8.59e-06	0.00e+00	0.00e+00	0.00e+00	0.00e+00
 2.31333e+23	4.32e-01	5.67e-01	8.54e-04	8.19e-06	0.00e+00	0.00e+00	0.00e+00	0.00e+00
 2.31527e+23	4.48e-01	5.51e-01	7.74e-04	7.80e-06	0.00e+00	0.00e+00	0.00e+00	0.00e+00
 2.31718e+23	4.62e-01	5.37e-01	7.04e-04	7.44e-06	0.00e+00	0.00e+00	0.00e+00	0.00e+00
 2.31910e+23	4.77e-01	5.22e-01	6.40e-04	7.11e-06	0.00e+00	0.00e+00	0.00e+00	0.00e+00
 2.32112e+23	4.92e-01	5.07e-01	5.79e-04	6.77e-06	0.00e+00	0.00e+00	0.00e+00	0.00e+00
 2.32324e+23	5.08e-01	4.92e-01	5.23e-04	6.44e-06	0.00e+00	0.00e+00	0.00e+00	0.00e+00
 2.32540e+23	5.24e-01	4.76e-01	4.71e-04	6.13e-06	0.00e+00	0.00e+00	0.00e+00	0.00e+00
 2.32757e+23	5.39e-01	4.61e-01	4.26e-04	5.84e-06	0.00e+00	0.00e+00	0.00e+00	0.00e+00
 2.32982e+23	5.54e-01	4.45e-01	3.84e-04	5.55e-06	0.00e+00	0.00e+00	0.00e+00	0.00e+00
 2.33219e+23	5.71e-01	4.29e-01	3.44e-04	5.27e-06	0.00e+00	0.00e+00	0.00e+00	0.00e+00
 2.33458e+23	5.86e-01	4.14e-01	3.10e-04	5.01e-06	0.00e+00	0.00e+00	0.00e+00	0.00e+00
 2.33701e+23	6.01e-01	3.99e-01	2.79e-04	4.76e-06	0.00e+00	0.00e+00	0.00e+00	0.00e+00
 2.33956e+23	6.17e-01	3.83e-01	2.50e-04	4.52e-06	0.00e+00	0.00e+00	0.00e+00	0.00e+00
 2.34222e+23	6.32e-01	3.68e-01	2.25e-04	4.28e-06	0.00e+00	0.00e+00	0.00e+00	0.00e+00
 2.34495e+23	6.47e-01	3.52e-01	2.02e-04	4.05e-06	0.00e+00	0.00e+00	0.00e+00	0.00e+00
 2.34776e+23	6.62e-01	3.38e-01	1.81e-04	3.84e-06	0.00e+00	0.00e+00	0.00e+00	0.00e+00
 2.35070e+23	6.77e-01	3.23e-01	1.63e-04	3.63e-06	0.00e+00	0.00e+00	0.00e+00	0.00e+00
 2.35375e+23	6.92e-01	3.08e-01	1.46e-04	3.44e-06	0.00e+00	0.00e+00	0.00e+00	0.00e+00
 2.35691e+23	7.06e-01	2.94e-01	1.32e-04	3.25e-06	0.00e+00	0.00e+00	0.00e+00	0.00e+00
 2.36016e+23	7.20e-01	2.80e-01	1.19e-04	3.08e-06	0.00e+00	0.00e+00	0.00e+00	0.00e+00
 2.36351e+23	7.33e-01	2.67e-01	1.08e-04	2.91e-06	0.00e+00	0.00e+00	0.00e+00	0.00e+00
 2.36696e+23	7.45e-01	2.55e-01	9.84e-05	2.76e-06	0.00e+00	0.00e+00	0.00e+00	0.00e+00
 2.37056e+23	7.57e-01	2.42e-01	8.99e-05	2.62e-06	0.00e+00	0.00e+00	0.00e+00	0.00e+00
 2.37424e+23	7.69e-01	2.31e-01	8.24e-05	2.48e-06	0.00e+00	0.00e+00	0.00e+00	0.00e+00
 2.37807e+23	7.81e-01	2.19e-01	7.58e-05	2.35e-06	0.00e+00	0.00e+00	0.00e+00	0.00e+00
 2.38212e+23	7.92e-01	2.08e-01	6.99e-05	2.23e-06	0.00e+00	0.00e+00	0.00e+00	0.00e+00
 2.38633e+23	8.02e-01	1.98e-01	6.48e-05	2.12e-06	0.00e+00	0.00e+00	0.00e+00	0.00e+00
 2.39070e+23	8.12e-01	1.88e-01	6.02e-05	2.01e-06	0.00e+00	0.00e+00	0.00e+00	0.00e+00
 2.39533e+23	8.22e-01	1.78e-01	5.62e-05	1.91e-06	0.00e+00	0.00e+00	0.00e+00	0.00e+00
 2.40022e+23	8.31e-01	1.69e-01	5.26e-05	1.81e-06	0.00e+00	0.00e+00	0.00e+00	0.00e+00
 2.40537e+23	8.40e-01	1.60e-01	4.93e-05	1.72e-06	0.00e+00	0.00e+00	0.00e+00	0.00e+00
 2.41085e+23	8.49e-01	1.51e-01	4.64e-05	1.63e-06	0.00e+00	0.00e+00	0.00e+00	0.00e+00
 2.41668e+23	8.58e-01	1.42e-01	4.37e-05	1.55e-06	0.00e+00	0.00e+00	0.00e+00	0.00e+00
 2.42276e+23	8.66e-01	1.34e-01	4.13e-05	1.47e-06	0.00e+00	0.00e+00	0.00e+00	0.00e+00
 2.42878e+23	8.74e-01	1.26e-01	3.93e-05	1.40e-06	0.00e+00	0.00e+00	0.00e+00	0.00e+00
 2.43457e+23	8.80e-01	1.20e-01	3.76e-05	1.34e-06	0.00e+00	0.00e+00	0.00e+00	0.00e+00
 2.44024e+23	8.86e-01	1.13e-01	3.61e-05	1.28e-06	0.00e+00	0.00e+00	0.00e+00	0.00e+00
 2.44580e+23	8.92e-01	1.08e-01	3.47e-05	1.23e-06	0.00e+00	0.00e+00	0.00e+00	0.00e+00
 2.45125e+23	8.98e-01	1.02e-01	3.35e-05	1.18e-06	0.00e+00	0.00e+00	0.00e+00	0.00e+00
 2.45654e+23	9.03e-01	9.75e-02	3.24e-05	1.13e-06	0.00e+00	0.00e+00	0.00e+00	0.00e+00
 2.46160e+23	9.07e-01	9.28e-02	3.15e-05	1.09e-06	0.00e+00	0.00e+00	0.00e+00	0.00e+00
 2.46628e+23	9.11e-01	8.89e-02	3.06e-05	1.06e-06	0.00e+00	0.00e+00	0.00e+00	0.00e+00
 2.47082e+23	9.15e-01	8.50e-02	2.99e-05	1.03e-06	0.00e+00	0.00e+00	0.00e+00	0.00e+00
 2.47537e+23	9.19e-01	8.13e-02	2.91e-05	9.95e-07	0.00e+00	0.00e+00	0.00e+00	0.00e+00
 2.47977e+23	9.22e-01	7.79e-02	2.85e-05	9.66e-07	0.00e+00	0.00e+00	0.00e+00	0.00e+00
 2.48400e+23	9.25e-01	7.47e-02	2.79e-05	9.40e-07	0.00e+00	0.00e+00	0.00e+00	0.00e+00
 2.48808e+23	9.28e-01	7.18e-02	2.73e-05	9.16e-07	0.00e+00	0.00e+00	0.00e+00	0.00e+00
 2.49203e+23	9.31e-01	6.91e-02	2.68e-05	8.94e-07	0.00e+00	0.00e+00	0.00e+00	0.00e+00
 2.49583e+23	9.33e-01	6.65e-02	2.63e-05	8.74e-07	0.00e+00	0.00e+00	0.00e+00	0.00e+00
 2.49951e+23	9.36e-01	6.42e-02	2.59e-05	8.56e-07	0.00e+00	0.00e+00	0.00e+00	0.00e+00
 2.50306e+23	9.38e-01	6.20e-02	2.55e-05	8.40e-07	0.00e+00	0.00e+00	0.00e+00	0.00e+00
 2.50648e+23	9.40e-01	6.00e-02	2.51e-05	8.25e-07	0.00e+00	0.00e+00	0.00e+00	0.00e+00
 2.50978e+23	9.42e-01	5.82e-02	2.47e-05	8.13e-07	0.00e+00	0.00e+00	0.00e+00	0.00e+00
 2.51296e+23	9.44e-01	5.65e-02	2.44e-05	8.02e-07	0.00e+00	0.00e+00	0.00e+00	0.00e+00
 2.51598e+23	9.45e-01	5.50e-02	2.41e-05	7.93e-07	0.00e+00	0.00e+00	0.00e+00	0.00e+00
 2.51894e+23	9.46e-01	5.35e-02	2.38e-05	7.85e-07	0.00e+00	0.00e+00	0.00e+00	0.00e+00
 2.52182e+23	9.48e-01	5.22e-02	2.36e-05	7.79e-07	0.00e+00	0.00e+00	0.00e+00	0.00e+00
 2.52444e+23	9.49e-01	5.11e-02	2.34e-05	7.75e-07	0.00e+00	0.00e+00	0.00e+00	0.00e+00
 2.52682e+23	9.50e-01	5.02e-02	2.32e-05	7.73e-07	0.00e+00	0.00e+00	0.00e+00	0.00e+00
 2.52899e+23	9.51e-01	4.94e-02	2.30e-05	7.71e-07	0.00e+00	0.00e+00	0.00e+00	0.00e+00
 2.53096e+23	9.51e-01	4.87e-02	2.29e-05	7.71e-07	0.00e+00	0.00e+00	0.00e+00	0.00e+00
 2.53276e+23	9.52e-01	4.81e-02	2.27e-05	7.71e-07	0.00e+00	0.00e+00	0.00e+00	0.00e+00
 2.53439e+23	9.52e-01	4.76e-02	2.26e-05	7.72e-07	0.00e+00	0.00e+00	0.00e+00	0.00e+00
 2.53588e+23	9.53e-01	4.71e-02	2.25e-05	7.76e-07	0.00e+00	0.00e+00	0.00e+00	0.00e+00
 2.53723e+23	9.53e-01	4.68e-02	2.24e-05	7.76e-07	0.00e+00	0.00e+00	0.00e+00	0.00e+00
 2.53872e+23	9.54e-01	4.63e-02	2.23e-05	7.76e-07	0.00e+00	0.00e+00	0.00e+00	0.00e+00
 2.54064e+23	9.54e-01	4.57e-02	2.21e-05	7.77e-07	0.00e+00	0.00e+00	0.00e+00	0.00e+00
 2.54272e+23	9.55e-01	4.51e-02	2.20e-05	7.76e-07	0.00e+00	0.00e+00	0.00e+00	0.00e+00
 2.54462e+23	9.55e-01	4.46e-02	2.19e-05	7.79e-07	0.00e+00	0.00e+00	0.00e+00	0.00e+00
 2.54634e+23	9.56e-01	4.42e-02	2.18e-05	7.81e-07	0.00e+00	0.00e+00	0.00e+00	0.00e+00
 2.54791e+23	9.56e-01	4.39e-02	2.17e-05	7.86e-07	0.00e+00	0.00e+00	0.00e+00	0.00e+00
 2.54934e+23	9.56e-01	4.37e-02	2.16e-05	7.93e-07	0.00e+00	0.00e+00	0.00e+00	0.00e+00
 2.55064e+23	9.57e-01	4.35e-02	2.15e-05	7.94e-07	0.00e+00	0.00e+00	0.00e+00	0.00e+00
 2.55206e+23	9.57e-01	4.32e-02	2.14e-05	7.94e-07	0.00e+00	0.00e+00	0.00e+00	0.00e+00
 2.55391e+23	9.57e-01	4.27e-02	2.13e-05	7.96e-07	0.00e+00	0.00e+00	0.00e+00	0.00e+00
 2.55591e+23	9.58e-01	4.23e-02	2.11e-05	7.97e-07	0.00e+00	0.00e+00	0.00e+00	0.00e+00
 2.55772e+23	9.58e-01	4.20e-02	2.10e-05	7.97e-07	0.00e+00	0.00e+00	0.00e+00	0.00e+00
 2.55971e+23	9.58e-01	4.16e-02	2.09e-05	7.99e-07	0.00e+00	0.00e+00	0.00e+00	0.00e+00
 2.56186e+23	9.59e-01	4.13e-02	2.08e-05	8.01e-07	0.00e+00	0.00e+00	0.00e+00	0.00e+00
 2.56382e+23	9.59e-01	4.10e-02	2.06e-05	8.03e-07	0.00e+00	0.00e+00	0.00e+00	0.00e+00
 2.56596e+23	9.59e-01	4.06e-02	2.05e-05	8.07e-07	0.00e+00	0.00e+00	0.00e+00	0.00e+00
 2.56828e+23	9.60e-01	4.03e-02	2.04e-05	8.10e-07	0.00e+00	0.00e+00	0.00e+00	0.00e+00
 2.57038e+23	9.60e-01	4.00e-02	2.03e-05	8.13e-07	0.00e+00	0.00e+00	0.00e+00	0.00e+00
 2.57230e+23	9.60e-01	3.98e-02	2.02e-05	8.16e-07	0.00e+00	0.00e+00	0.00e+00	0.00e+00
 2.57404e+23	9.60e-01	3.96e-02	2.01e-05	8.20e-07	0.00e+00	0.00e+00	0.00e+00	0.00e+00
 2.57596e+23	9.61e-01	3.93e-02	2.00e-05	8.25e-07	0.00e+00	0.00e+00	0.00e+00	0.00e+00
 2.57802e+23	9.61e-01	3.91e-02	1.99e-05	8.30e-07	0.00e+00	0.00e+00	0.00e+00	0.00e+00
 2.57990e+23	9.61e-01	3.89e-02	1.98e-05	8.34e-07	0.00e+00	0.00e+00	0.00e+00	0.00e+00
 2.58161e+23	9.61e-01	3.87e-02	1.98e-05	8.42e-07	0.00e+00	0.00e+00	0.00e+00	0.00e+00
 2.58316e+23	9.61e-01	3.86e-02	1.98e-05	8.45e-07	0.00e+00	0.00e+00	0.00e+00	0.00e+00
 2.58486e+23	9.62e-01	3.84e-02	1.97e-05	8.49e-07	0.00e+00	0.00e+00	0.00e+00	0.00e+00
 2.58670e+23	9.62e-01	3.82e-02	1.97e-05	8.54e-07	0.00e+00	0.00e+00	0.00e+00	0.00e+00
 2.58838e+23	9.62e-01	3.80e-02	1.96e-05	8.58e-07	0.00e+00	0.00e+00	0.00e+00	0.00e+00
 2.59021e+23	9.62e-01	3.78e-02	1.96e-05	8.63e-07	0.00e+00	0.00e+00	0.00e+00	0.00e+00
 2.59219e+23	9.62e-01	3.75e-02	1.95e-05	8.67e-07	0.00e+00	0.00e+00	0.00e+00	0.00e+00
 2.59399e+23	9.63e-01	3.74e-02	1.95e-05	8.70e-07	0.00e+00	0.00e+00	0.00e+00	0.00e+00
 2.59597e+23	9.63e-01	3.71e-02	1.94e-05	8.75e-07	0.00e+00	0.00e+00	0.00e+00	0.00e+00
 2.59810e+23	9.63e-01	3.69e-02	1.94e-05	8.80e-07	0.00e+00	0.00e+00	0.00e+00	0.00e+00
 2.60004e+23	9.63e-01	3.67e-02	1.93e-05	8.84e-07	0.00e+00	0.00e+00	0.00e+00	0.00e+00
 2.60180e+23	9.63e-01	3.66e-02	1.93e-05	8.93e-07	0.00e+00	0.00e+00	0.00e+00	0.00e+00
 2.60341e+23	9.64e-01	3.65e-02	1.93e-05	8.95e-07	0.00e+00	0.00e+00	0.00e+00	0.00e+00
 2.60517e+23	9.64e-01	3.63e-02	1.92e-05	8.98e-07	0.00e+00	0.00e+00	0.00e+00	0.00e+00
 2.60707e+23	9.64e-01	3.60e-02	1.92e-05	9.02e-07	0.00e+00	0.00e+00	0.00e+00	0.00e+00
 2.60880e+23	9.64e-01	3.59e-02	1.92e-05	9.10e-07	0.00e+00	0.00e+00	0.00e+00	0.00e+00
 2.61037e+23	9.64e-01	3.58e-02	1.91e-05	9.09e-07	0.00e+00	0.00e+00	0.00e+00	0.00e+00
 2.61210e+23	9.64e-01	3.56e-02	1.90e-05	9.10e-07	0.00e+00	0.00e+00	0.00e+00	0.00e+00
 2.61434e+23	9.65e-01	3.52e-02	1.90e-05	9.09e-07	0.00e+00	0.00e+00	0.00e+00	0.00e+00
 2.61676e+23	9.65e-01	3.49e-02	1.89e-05	9.07e-07	0.00e+00	0.00e+00	0.00e+00	0.00e+00
 2.61896e+23	9.65e-01	3.47e-02	1.88e-05	9.10e-07	0.00e+00	0.00e+00	0.00e+00	0.00e+00
 2.62097e+23	9.65e-01	3.45e-02	1.88e-05	9.14e-07	0.00e+00	0.00e+00	0.00e+00	0.00e+00
 2.62279e+23	9.66e-01	3.44e-02	1.87e-05	9.13e-07	0.00e+00	0.00e+00	0.00e+00	0.00e+00
 2.62479e+23	9.66e-01	3.41e-02	1.87e-05	9.14e-07	0.00e+00	0.00e+00	0.00e+00	0.00e+00
 2.62695e+23	9.66e-01	3.39e-02	1.86e-05	9.16e-07	0.00e+00	0.00e+00	0.00e+00	0.00e+00
 2.62891e+23	9.66e-01	3.37e-02	1.85e-05	9.13e-07	0.00e+00	0.00e+00	0.00e+00	0.00e+00
 2.63106e+23	9.67e-01	3.34e-02	1.85e-05	9.15e-07	0.00e+00	0.00e+00	0.00e+00	0.00e+00
 2.63338e+23	9.67e-01	3.32e-02	1.84e-05	9.14e-07	0.00e+00	0.00e+00	0.00e+00	0.00e+00
 2.63550e+23	9.67e-01	3.30e-02	1.84e-05	9.18e-07	0.00e+00	0.00e+00	0.00e+00	0.00e+00
 2.63742e+23	9.67e-01	3.28e-02	1.83e-05	9.15e-07	0.00e+00	0.00e+00	0.00e+00	0.00e+00
 2.63953e+23	9.67e-01	3.26e-02	1.82e-05	9.15e-07	0.00e+00	0.00e+00	0.00e+00	0.00e+00
 2.64180e+23	9.68e-01	3.23e-02	1.82e-05	9.16e-07	0.00e+00	0.00e+00	0.00e+00	0.00e+00
 2.64387e+23	9.68e-01	3.21e-02	1.81e-05	9.13e-07	0.00e+00	0.00e+00	0.00e+00	0.00e+00
 2.64614e+23	9.68e-01	3.18e-02	1.80e-05	9.13e-07	0.00e+00	0.00e+00	0.00e+00	0.00e+00
 2.64859e+23	9.68e-01	3.16e-02	1.80e-05	9.12e-07	0.00e+00	0.00e+00	0.00e+00	0.00e+00
 2.65082e+23	9.69e-01	3.14e-02	1.79e-05	9.09e-07	0.00e+00	0.00e+00	0.00e+00	0.00e+00
 2.65326e+23	9.69e-01	3.11e-02	1.78e-05	9.09e-07	0.00e+00	0.00e+00	0.00e+00	0.00e+00
 2.65590e+23	9.69e-01	3.08e-02	1.77e-05	9.09e-07	0.00e+00	0.00e+00	0.00e+00	0.00e+00
 2.65830e+23	9.69e-01	3.06e-02	1.77e-05	9.04e-07	0.00e+00	0.00e+00	0.00e+00	0.00e+00
 2.66093e+23	9.70e-01	3.03e-02	1.76e-05	9.03e-07	0.00e+00	0.00e+00	0.00e+00	0.00e+00
 2.66377e+23	9.70e-01	3.00e-02	1.75e-05	8.99e-07	0.00e+00	0.00e+00	0.00e+00	0.00e+00
 2.66635e+23	9.70e-01	2.98e-02	1.74e-05	8.98e-07	0.00e+00	0.00e+00	0.00e+00	0.00e+00
 2.66870e+23	9.70e-01	2.96e-02	1.74e-05	9.00e-07	0.00e+00	0.00e+00	0.00e+00	0.00e+00
 2.67084e+23	9.71e-01	2.94e-02	1.73e-05	8.96e-07	0.00e+00	0.00e+00	0.00e+00	0.00e+00
 2.67318e+23	9.71e-01	2.92e-02	1.72e-05	8.93e-07	0.00e+00	0.00e+00	0.00e+00	0.00e+00
 2.67571e+23	9.71e-01	2.89e-02	1.72e-05	8.91e-07	0.00e+00	0.00e+00	0.00e+00	0.00e+00
 2.67802e+23	9.71e-01	2.87e-02	1.71e-05	8.87e-07	0.00e+00	0.00e+00	0.00e+00	0.00e+00
 2.68054e+23	9.72e-01	2.84e-02	1.70e-05	8.84e-07	0.00e+00	0.00e+00	0.00e+00	0.00e+00
 2.68326e+23	9.72e-01	2.82e-02	1.69e-05	8.82e-07	0.00e+00	0.00e+00	0.00e+00	0.00e+00
 2.68574e+23	9.72e-01	2.80e-02	1.68e-05	8.77e-07	0.00e+00	0.00e+00	0.00e+00	0.00e+00
 2.68846e+23	9.72e-01	2.76e-02	1.68e-05	8.72e-07	0.00e+00	0.00e+00	0.00e+00	0.00e+00
 2.69139e+23	9.73e-01	2.74e-02	1.67e-05	8.71e-07	0.00e+00	0.00e+00	0.00e+00	0.00e+00
 2.69406e+23	9.73e-01	2.72e-02	1.66e-05	8.64e-07	0.00e+00	0.00e+00	0.00e+00	0.00e+00
 2.69699e+23	9.73e-01	2.68e-02	1.65e-05	8.58e-07	0.00e+00	0.00e+00	0.00e+00	0.00e+00
 2.70014e+23	9.73e-01	2.66e-02	1.64e-05	8.55e-07	0.00e+00	0.00e+00	0.00e+00	0.00e+00
 2.70302e+23	9.74e-01	2.63e-02	1.63e-05	8.49e-07	0.00e+00	0.00e+00	0.00e+00	0.00e+00
 2.70616e+23	9.74e-01	2.60e-02	1.62e-05	8.42e-07	0.00e+00	0.00e+00	0.00e+00	0.00e+00
 2.70956e+23	9.74e-01	2.57e-02	1.61e-05	8.38e-07	0.00e+00	0.00e+00	0.00e+00	0.00e+00
 2.71266e+23	9.75e-01	2.55e-02	1.60e-05	8.31e-07	0.00e+00	0.00e+00	0.00e+00	0.00e+00
 2.71605e+23	9.75e-01	2.51e-02	1.59e-05	8.22e-07	0.00e+00	0.00e+00	0.00e+00	0.00e+00
 2.71970e+23	9.75e-01	2.48e-02	1.58e-05	8.18e-07	0.00e+00	0.00e+00	0.00e+00	0.00e+00
 2.72303e+23	9.75e-01	2.46e-02	1.57e-05	8.10e-07	0.00e+00	0.00e+00	0.00e+00	0.00e+00
 2.72668e+23	9.76e-01	2.42e-02	1.56e-05	8.01e-07	0.00e+00	0.00e+00	0.00e+00	0.00e+00
 2.73062e+23	9.76e-01	2.39e-02	1.55e-05	7.93e-07	0.00e+00	0.00e+00	0.00e+00	0.00e+00
 2.73421e+23	9.76e-01	2.36e-02	1.54e-05	7.87e-07	0.00e+00	0.00e+00	0.00e+00	0.00e+00
 2.73747e+23	9.77e-01	2.34e-02	1.53e-05	7.81e-07	0.00e+00	0.00e+00	0.00e+00	0.00e+00
 2.74104e+23	9.77e-01	2.30e-02	1.52e-05	7.71e-07	0.00e+00	0.00e+00	0.00e+00	0.00e+00
 2.74490e+23	9.77e-01	2.27e-02	1.51e-05	7.65e-07	0.00e+00	0.00e+00	0.00e+00	0.00e+00
 2.74841e+23	9.77e-01	2.25e-02	1.50e-05	7.57e-07	0.00e+00	0.00e+00	0.00e+00	0.00e+00
 2.75226e+23	9.78e-01	2.21e-02	1.48e-05	7.46e-07	0.00e+00	0.00e+00	0.00e+00	0.00e+00
 2.75641e+23	9.78e-01	2.18e-02	1.47e-05	7.39e-07	0.00e+00	0.00e+00	0.00e+00	0.00e+00
 2.76019e+23	9.78e-01	2.16e-02	1.46e-05	7.31e-07	0.00e+00	0.00e+00	0.00e+00	0.00e+00
 2.76434e+23	9.79e-01	2.12e-02	1.45e-05	7.18e-07	0.00e+00	0.00e+00	0.00e+00	0.00e+00
 2.76881e+23	9.79e-01	2.09e-02	1.44e-05	7.11e-07	0.00e+00	0.00e+00	0.00e+00	0.00e+00
 2.77288e+23	9.79e-01	2.07e-02	1.42e-05	7.02e-07	0.00e+00	0.00e+00	0.00e+00	0.00e+00
 2.77734e+23	9.80e-01	2.02e-02	1.41e-05	6.88e-07	0.00e+00	0.00e+00	0.00e+00	0.00e+00
 2.78215e+23	9.80e-01	1.99e-02	1.40e-05	6.79e-07	0.00e+00	0.00e+00	0.00e+00	0.00e+00
 2.78653e+23	9.80e-01	1.97e-02	1.39e-05	6.71e-07	0.00e+00	0.00e+00	0.00e+00	0.00e+00
 2.79052e+23	9.81e-01	1.95e-02	1.37e-05	6.63e-07	0.00e+00	0.00e+00	0.00e+00	0.00e+00
 2.79489e+23	9.81e-01	1.91e-02	1.36e-05	6.50e-07	0.00e+00	0.00e+00	0.00e+00	0.00e+00
 2.79960e+23	9.81e-01	1.88e-02	1.35e-05	6.41e-07	0.00e+00	0.00e+00	0.00e+00	0.00e+00
 2.80389e+23	9.81e-01	1.86e-02	1.34e-05	6.33e-07	0.00e+00	0.00e+00	0.00e+00	0.00e+00
 2.80780e+23	9.82e-01	1.84e-02	1.33e-05	6.26e-07	0.00e+00	0.00e+00	0.00e+00	0.00e+00
 2.81208e+23	9.82e-01	1.80e-02	1.31e-05	6.13e-07	0.00e+00	0.00e+00	0.00e+00	0.00e+00
 2.81670e+23	9.82e-01	1.78e-02	1.30e-05	6.05e-07	0.00e+00	0.00e+00	0.00e+00	0.00e+00
 2.82090e+23	9.82e-01	1.76e-02	1.29e-05	5.97e-07	0.00e+00	0.00e+00	0.00e+00	0.00e+00
 2.82551e+23	9.83e-01	1.72e-02	1.28e-05	5.83e-07	0.00e+00	0.00e+00	0.00e+00	0.00e+00
 2.83048e+23	9.83e-01	1.69e-02	1.26e-05	5.74e-07	0.00e+00	0.00e+00	0.00e+00	0.00e+00
 2.83501e+23	9.83e-01	1.67e-02	1.25e-05	5.66e-07	0.00e+00	0.00e+00	0.00e+00	0.00e+00
 2.83997e+23	9.84e-01	1.63e-02	1.24e-05	5.51e-07	0.00e+00	0.00e+00	0.00e+00	0.00e+00
 2.84532e+23	9.84e-01	1.61e-02	1.22e-05	5.41e-07	0.00e+00	0.00e+00	0.00e+00	0.00e+00
 2.85020e+23	9.84e-01	1.59e-02	1.21e-05	5.33e-07	0.00e+00	0.00e+00	0.00e+00	0.00e+00
 2.85554e+23	9.85e-01	1.55e-02	1.20e-05	5.18e-07	0.00e+00	0.00e+00	0.00e+00	0.00e+00
 2.86130e+23	9.85e-01	1.52e-02	1.18e-05	5.08e-07	0.00e+00	0.00e+00	0.00e+00	0.00e+00
 2.86655e+23	9.85e-01	1.50e-02	1.17e-05	5.00e-07	0.00e+00	0.00e+00	0.00e+00	0.00e+00
 2.87132e+23	9.85e-01	1.48e-02	1.16e-05	4.92e-07	0.00e+00	0.00e+00	0.00e+00	0.00e+00
 2.87655e+23	9.86e-01	1.45e-02	1.14e-05	4.78e-07	0.00e+00	0.00e+00	0.00e+00	0.00e+00
 2.88335e+23	9.86e-01	1.40e-02	1.12e-05	4.62e-07	0.00e+00	0.00e+00	0.00e+00	0.00e+00
 2.89089e+23	9.86e-01	1.37e-02	1.11e-05	4.49e-07	0.00e+00	0.00e+00	0.00e+00	0.00e+00
 2.89850e+23	9.87e-01	1.33e-02	1.09e-05	4.35e-07	0.00e+00	0.00e+00	0.00e+00	0.00e+00
 2.90637e+23	9.87e-01	1.30e-02	1.07e-05	4.21e-07	0.00e+00	0.00e+00	0.00e+00	0.00e+00
 2.91435e+23	9.87e-01	1.27e-02	1.05e-05	4.08e-07	0.00e+00	0.00e+00	0.00e+00	0.00e+00
 2.92243e+23	9.88e-01	1.23e-02	1.03e-05	3.95e-07	0.00e+00	0.00e+00	0.00e+00	0.00e+00
 2.93059e+23	9.88e-01	1.20e-02	1.01e-05	3.82e-07	0.00e+00	0.00e+00	0.00e+00	0.00e+00
 2.93883e+23	9.88e-01	1.17e-02	9.93e-06	3.69e-07	0.00e+00	0.00e+00	0.00e+00	0.00e+00
 2.94713e+23	9.89e-01	1.14e-02	9.75e-06	3.57e-07	0.00e+00	0.00e+00	0.00e+00	0.00e+00
 2.95551e+23	9.89e-01	1.11e-02	9.57e-06	3.45e-07	0.00e+00	0.00e+00	0.00e+00	0.00e+00
 2.96399e+23	9.89e-01	1.08e-02	9.38e-06	3.33e-07	0.00e+00	0.00e+00	0.00e+00	0.00e+00
 2.97254e+23	9.89e-01	1.05e-02	9.20e-06	3.22e-07	0.00e+00	0.00e+00	0.00e+00	0.00e+00
 2.98117e+23	9.90e-01	1.02e-02	9.03e-06	3.11e-07	0.00e+00	0.00e+00	0.00e+00	0.00e+00
 2.98987e+23	9.90e-01	9.94e-03	8.85e-06	3.00e-07	0.00e+00	0.00e+00	0.00e+00	0.00e+00
 2.99863e+23	9.90e-01	9.68e-03	8.67e-06	2.89e-07	0.00e+00	0.00e+00	0.00e+00	0.00e+00
 3.00745e+23	9.91e-01	9.41e-03	8.50e-06	2.79e-07	0.00e+00	0.00e+00	0.00e+00	0.00e+00
 3.01633e+23	9.91e-01	9.16e-03	8.33e-06	2.69e-07	0.00e+00	0.00e+00	0.00e+00	0.00e+00
 3.02527e+23	9.91e-01	8.91e-03	8.16e-06	2.59e-07	0.00e+00	0.00e+00	0.00e+00	0.00e+00
 3.03429e+23	9.91e-01	8.67e-03	7.99e-06	2.49e-07	0.00e+00	0.00e+00	0.00e+00	0.00e+00
 3.04338e+23	9.92e-01	8.43e-03	7.82e-06	2.40e-07	0.00e+00	0.00e+00	0.00e+00	0.00e+00
 3.05253e+23	9.92e-01	8.20e-03	7.66e-06	2.31e-07	0.00e+00	0.00e+00	0.00e+00	0.00e+00
 3.06175e+23	9.92e-01	7.97e-03	7.49e-06	2.22e-07	0.00e+00	0.00e+00	0.00e+00	0.00e+00
 3.07104e+23	9.92e-01	7.75e-03	7.33e-06	2.14e-07	0.00e+00	0.00e+00	0.00e+00	0.00e+00
 3.08048e+23	9.92e-01	7.53e-03	7.16e-06	2.05e-07	0.00e+00	0.00e+00	0.00e+00	0.00e+00
 3.08547e+23	9.92e-01	8.02e-03	7.12e-06	2.15e-07	0.00e+00	0.00e+00	0.00e+00	0.00e+00
