#depth	S	S+	S+2	S+3	S+4	S+5	S+6	S+7	S+8	S+9	S+10	S+11	S+12	S+13	S+14	S+15	S+16
 4.62852e+21	0.00e+00	0.00e+00	2.56e-34	4.19e-30	4.54e-26	2.47e-22	7.77e-19	6.80e-16	2.52e-13	3.88e-11	3.24e-09	1.60e-07	7.51e-06	2.99e-04	2.45e-02	2.43e-01	7.32e-01
 1.02079e+22	0.00e+00	0.00e+00	3.37e-30	2.89e-26	1.31e-22	2.95e-19	6.85e-16	2.85e-13	5.05e-11	3.77e-09	1.57e-07	3.81e-06	8.14e-05	1.61e-03	6.77e-02	3.58e-01	5.73e-01
 1.15186e+22	0.00e+00	2.37e-33	7.84e-29	4.91e-25	1.60e-21	3.58e-18	6.68e-15	2.18e-12	3.04e-10	1.80e-08	6.03e-07	1.17e-05	1.89e-04	2.95e-03	9.57e-02	3.97e-01	5.04e-01
 1.20583e+22	0.00e+00	1.33e-32	3.84e-28	2.07e-24	5.80e-21	1.10e-17	1.88e-14	5.51e-12	6.89e-10	3.68e-08	1.12e-06	1.96e-05	2.79e-04	3.90e-03	1.12e-01	4.14e-01	4.70e-01
 1.22894e+22	0.00e+00	2.13e-32	5.92e-28	3.06e-24	8.23e-21	1.50e-17	2.48e-14	7.09e-12	8.61e-10	4.47e-08	1.33e-06	2.26e-05	3.11e-04	4.20e-03	1.17e-01	4.19e-01	4.60e-01
 1.24059e+22	0.00e+00	3.80e-32	1.01e-27	4.96e-24	1.26e-20	2.18e-17	3.50e-14	9.66e-12	1.13e-09	5.69e-08	1.64e-06	2.70e-05	3.55e-04	4.62e-03	1.23e-01	4.24e-01	4.48e-01
 1.25320e+22	0.00e+00	6.47e-32	1.64e-27	7.71e-24	1.87e-20	3.07e-17	4.81e-14	1.28e-11	1.46e-09	7.10e-08	1.99e-06	3.17e-05	4.01e-04	5.03e-03	1.29e-01	4.28e-01	4.37e-01
 1.26617e+22	0.00e+00	1.16e-31	2.82e-27	1.25e-23	2.89e-20	4.48e-17	6.81e-14	1.76e-11	1.93e-09	9.07e-08	2.46e-06	3.80e-05	4.59e-04	5.53e-03	1.36e-01	4.33e-01	4.25e-01
 1.27927e+22	0.00e+00	1.94e-31	4.51e-27	1.92e-23	4.23e-20	6.24e-17	9.24e-14	2.31e-11	2.46e-09	1.12e-07	2.97e-06	4.44e-05	5.16e-04	6.01e-03	1.42e-01	4.37e-01	4.14e-01
 1.29293e+22	0.00e+00	3.52e-31	7.80e-27	3.15e-23	6.57e-20	9.16e-17	1.32e-13	3.18e-11	3.27e-09	1.44e-07	3.70e-06	5.34e-05	5.92e-04	6.62e-03	1.50e-01	4.42e-01	4.01e-01
 1.30686e+22	0.00e+00	5.84e-31	1.25e-26	4.81e-23	9.57e-20	1.27e-16	1.78e-13	4.18e-11	4.18e-09	1.79e-07	4.46e-06	6.25e-05	6.66e-04	7.19e-03	1.57e-01	4.45e-01	3.90e-01
 1.32127e+22	0.00e+00	1.06e-30	2.16e-26	7.93e-23	1.49e-19	1.87e-16	2.55e-13	5.78e-11	5.57e-09	2.31e-07	5.57e-06	7.53e-05	7.66e-04	7.92e-03	1.65e-01	4.49e-01	3.77e-01
 1.33598e+22	0.00e+00	1.76e-30	3.44e-26	1.21e-22	2.17e-19	2.59e-16	3.44e-13	7.59e-11	7.11e-09	2.86e-07	6.72e-06	8.82e-05	8.62e-04	8.59e-03	1.72e-01	4.52e-01	3.66e-01
 1.34944e+22	0.00e+00	2.85e-30	5.37e-26	1.80e-22	3.10e-19	3.54e-16	4.59e-13	9.85e-11	8.98e-09	3.51e-07	8.05e-06	1.03e-04	9.65e-04	9.28e-03	1.80e-01	4.55e-01	3.55e-01
 1.36475e+22	0.00e+00	5.25e-30	9.41e-26	3.00e-22	4.88e-19	5.24e-16	6.62e-13	1.37e-10	1.21e-08	4.56e-07	1.01e-05	1.24e-04	1.11e-03	1.02e-02	1.89e-01	4.57e-01	3.42e-01
 1.38022e+22	0.00e+00	8.40e-30	1.45e-25	4.44e-22	6.91e-19	7.10e-16	8.77e-13	1.77e-10	1.52e-08	5.57e-07	1.21e-05	1.44e-04	1.24e-03	1.10e-02	1.97e-01	4.59e-01	3.32e-01
 1.39588e+22	0.00e+00	1.53e-29	2.52e-25	7.30e-22	1.08e-18	1.04e-15	1.26e-12	2.45e-10	2.03e-08	7.21e-07	1.51e-05	1.74e-04	1.43e-03	1.21e-02	2.07e-01	4.61e-01	3.19e-01
 1.41159e+22	0.00e+00	2.41e-29	3.83e-25	1.07e-21	1.51e-18	1.40e-15	1.65e-12	3.15e-10	2.54e-08	8.78e-07	1.80e-05	2.01e-04	1.59e-03	1.30e-02	2.14e-01	4.62e-01	3.09e-01
 1.42737e+22	0.00e+00	4.32e-29	6.58e-25	1.74e-21	2.33e-18	2.04e-15	2.35e-12	4.33e-10	3.38e-08	1.13e-06	2.24e-05	2.42e-04	1.82e-03	1.43e-02	2.25e-01	4.63e-01	2.96e-01
 1.44345e+22	0.00e+00	6.78e-29	9.96e-25	2.54e-21	3.27e-18	2.73e-15	3.08e-12	5.55e-10	4.23e-08	1.38e-06	2.66e-05	2.79e-04	2.03e-03	1.54e-02	2.33e-01	4.63e-01	2.86e-01
 1.45991e+22	0.00e+00	1.23e-28	1.73e-24	4.17e-21	5.08e-18	4.01e-15	4.41e-12	7.70e-10	5.67e-08	1.78e-06	3.34e-05	3.37e-04	2.33e-03	1.69e-02	2.44e-01	4.63e-01	2.73e-01
 1.47625e+22	0.00e+00	1.88e-28	2.55e-24	5.95e-21	6.97e-18	5.27e-15	5.70e-12	9.73e-10	7.00e-08	2.14e-06	3.93e-05	3.85e-04	2.58e-03	1.80e-02	2.52e-01	4.63e-01	2.64e-01
 1.49243e+22	0.00e+00	3.32e-28	4.32e-24	9.57e-21	1.06e-17	7.60e-15	8.03e-12	1.33e-09	9.27e-08	2.75e-06	4.88e-05	4.62e-04	2.94e-03	1.96e-02	2.63e-01	4.62e-01	2.52e-01
 1.50885e+22	0.00e+00	5.10e-28	6.42e-24	1.37e-20	1.47e-17	1.00e-14	1.04e-11	1.69e-09	1.15e-07	3.32e-06	5.76e-05	5.29e-04	3.25e-03	2.10e-02	2.71e-01	4.60e-01	2.44e-01
 1.52558e+22	0.00e+00	9.02e-28	1.09e-23	2.21e-20	2.24e-17	1.45e-14	1.47e-11	2.31e-09	1.53e-07	4.26e-06	7.16e-05	6.34e-04	3.71e-03	2.29e-02	2.83e-01	4.58e-01	2.32e-01
 1.54252e+22	0.00e+00	1.40e-27	1.63e-23	3.19e-20	3.11e-17	1.92e-14	1.92e-11	2.95e-09	1.90e-07	5.18e-06	8.49e-05	7.30e-04	4.12e-03	2.44e-02	2.91e-01	4.56e-01	2.23e-01
 1.55974e+22	0.00e+00	2.50e-27	2.78e-23	5.16e-20	4.76e-17	2.78e-14	2.72e-11	4.06e-09	2.54e-07	6.67e-06	1.06e-04	8.77e-04	4.71e-03	2.66e-02	3.03e-01	4.53e-01	2.12e-01
 1.57727e+22	0.00e+00	3.94e-27	4.24e-23	7.55e-20	6.68e-17	3.71e-14	3.58e-11	5.23e-09	3.18e-07	8.15e-06	1.26e-04	1.01e-03	5.23e-03	2.85e-02	3.12e-01	4.50e-01	2.03e-01
 1.59519e+22	0.00e+00	7.14e-27	7.33e-23	1.24e-19	1.03e-16	5.41e-14	5.10e-11	7.26e-09	4.28e-07	1.06e-05	1.59e-04	1.22e-03	5.99e-03	3.10e-02	3.25e-01	4.46e-01	1.91e-01
 1.61265e+22	0.00e+00	1.09e-26	1.08e-22	1.76e-19	1.41e-16	7.07e-14	6.59e-11	9.18e-09	5.29e-07	1.28e-05	1.87e-04	1.40e-03	6.60e-03	3.30e-02	3.33e-01	4.42e-01	1.83e-01
 1.62712e+22	0.00e+00	1.65e-26	1.59e-22	2.49e-19	1.92e-16	9.19e-14	8.45e-11	1.15e-08	6.52e-07	1.53e-05	2.19e-04	1.59e-03	7.26e-03	3.50e-02	3.42e-01	4.38e-01	1.76e-01
 1.64138e+22	0.00e+00	2.51e-26	2.33e-22	3.51e-19	2.60e-16	1.19e-13	1.08e-10	1.45e-08	8.02e-07	1.84e-05	2.57e-04	1.82e-03	7.97e-03	3.70e-02	3.50e-01	4.34e-01	1.68e-01
 1.65777e+22	0.00e+00	4.31e-26	3.84e-22	5.49e-19	3.85e-16	1.67e-13	1.49e-10	1.96e-08	1.05e-06	2.33e-05	3.16e-04	2.15e-03	9.01e-03	3.99e-02	3.61e-01	4.28e-01	1.59e-01
 1.67404e+22	0.00e+00	6.49e-26	5.59e-22	7.69e-19	5.19e-16	2.15e-13	1.90e-10	2.45e-08	1.29e-06	2.79e-05	3.69e-04	2.45e-03	9.88e-03	4.22e-02	3.70e-01	4.23e-01	1.52e-01
 1.68713e+22	0.00e+00	9.24e-26	7.74e-22	1.03e-18	6.70e-16	2.67e-13	2.35e-10	2.97e-08	1.54e-06	3.26e-05	4.23e-04	2.73e-03	1.07e-02	4.43e-02	3.77e-01	4.19e-01	1.46e-01
 1.70114e+22	0.00e+00	1.48e-25	1.19e-21	1.51e-18	9.40e-16	3.55e-13	3.09e-10	3.85e-08	1.95e-06	4.01e-05	5.07e-04	3.16e-03	1.19e-02	4.71e-02	3.86e-01	4.13e-01	1.39e-01
 1.71407e+22	0.00e+00	1.99e-25	1.57e-21	1.93e-18	1.16e-15	4.25e-13	3.68e-10	4.52e-08	2.25e-06	4.56e-05	5.67e-04	3.47e-03	1.27e-02	4.90e-02	3.92e-01	4.09e-01	1.34e-01
 1.72559e+22	0.00e+00	2.98e-25	2.26e-21	2.67e-18	1.54e-15	5.39e-13	4.64e-10	5.62e-08	2.75e-06	5.43e-05	6.60e-04	3.93e-03	1.38e-02	5.16e-02	3.99e-01	4.03e-01	1.28e-01
 1.73672e+22	0.00e+00	3.89e-25	2.88e-21	3.32e-18	1.87e-15	6.33e-13	5.42e-10	6.50e-08	3.14e-06	6.10e-05	7.31e-04	4.26e-03	1.47e-02	5.34e-02	4.04e-01	3.99e-01	1.24e-01
 1.74734e+22	0.00e+00	5.57e-25	4.01e-21	4.45e-18	2.41e-15	7.84e-13	6.67e-10	7.90e-08	3.75e-06	7.14e-05	8.38e-04	4.76e-03	1.59e-02	5.59e-02	4.11e-01	3.93e-01	1.18e-01
 1.75821e+22	0.00e+00	7.50e-25	5.25e-21	5.66e-18	2.96e-15	9.33e-13	7.91e-10	9.27e-08	4.35e-06	8.12e-05	9.37e-04	5.22e-03	1.69e-02	5.80e-02	4.16e-01	3.88e-01	1.14e-01
 1.76763e+22	0.00e+00	9.91e-25	6.78e-21	7.09e-18	3.60e-15	1.10e-12	9.29e-10	1.08e-07	4.99e-06	9.17e-05	1.04e-03	5.68e-03	1.80e-02	6.00e-02	4.21e-01	3.84e-01	1.10e-01
 1.77812e+22	0.00e+00	1.45e-24	9.54e-21	9.59e-18	4.66e-15	1.36e-12	1.15e-09	1.32e-07	6.01e-06	1.08e-04	1.20e-03	6.38e-03	1.95e-02	6.28e-02	4.28e-01	3.77e-01	1.05e-01
 1.78838e+22	0.00e+00	1.87e-24	1.21e-20	1.18e-17	5.58e-15	1.58e-12	1.33e-09	1.52e-07	6.83e-06	1.21e-04	1.32e-03	6.89e-03	2.06e-02	6.48e-02	4.32e-01	3.73e-01	1.02e-01
 1.79837e+22	0.00e+00	2.70e-24	1.69e-20	1.58e-17	7.16e-15	1.94e-12	1.64e-09	1.84e-07	8.18e-06	1.42e-04	1.52e-03	7.71e-03	2.23e-02	6.77e-02	4.38e-01	3.66e-01	9.67e-02
 1.80833e+22	0.00e+00	3.49e-24	2.13e-20	1.94e-17	8.56e-15	2.25e-12	1.89e-09	2.12e-07	9.28e-06	1.58e-04	1.67e-03	8.32e-03	2.35e-02	6.97e-02	4.42e-01	3.62e-01	9.35e-02
 1.81826e+22	0.00e+00	5.11e-24	3.00e-20	2.62e-17	1.10e-14	2.76e-12	2.33e-09	2.59e-07	1.12e-05	1.86e-04	1.93e-03	9.34e-03	2.54e-02	7.28e-02	4.47e-01	3.54e-01	8.87e-02
 1.82758e+22	0.00e+00	6.43e-24	3.69e-20	3.15e-17	1.29e-14	3.14e-12	2.66e-09	2.92e-07	1.25e-05	2.06e-04	2.10e-03	1.00e-02	2.67e-02	7.47e-02	4.50e-01	3.50e-01	8.60e-02
 1.83612e+22	0.00e+00	8.91e-24	4.95e-20	4.06e-17	1.60e-14	3.74e-12	3.17e-09	3.47e-07	1.47e-05	2.36e-04	2.37e-03	1.10e-02	2.85e-02	7.75e-02	4.55e-01	3.44e-01	8.21e-02
 1.84482e+22	0.00e+00	1.13e-23	6.15e-20	4.91e-17	1.88e-14	4.27e-12	3.63e-09	3.94e-07	1.65e-05	2.62e-04	2.59e-03	1.18e-02	2.99e-02	7.95e-02	4.58e-01	3.39e-01	7.94e-02
 1.85374e+22	0.00e+00	1.62e-23	8.47e-20	6.46e-17	2.37e-14	5.14e-12	4.40e-09	4.75e-07	1.96e-05	3.05e-04	2.95e-03	1.31e-02	3.22e-02	8.26e-02	4.62e-01	3.32e-01	7.54e-02
 1.86255e+22	0.00e+00	2.06e-23	1.05e-19	7.83e-17	2.78e-14	5.85e-12	5.03e-09	5.40e-07	2.21e-05	3.38e-04	3.23e-03	1.41e-02	3.38e-02	8.47e-02	4.65e-01	3.27e-01	7.27e-02
 1.87121e+22	0.00e+00	2.93e-23	1.45e-19	1.03e-16	3.48e-14	6.99e-12	6.06e-09	6.48e-07	2.62e-05	3.92e-04	3.67e-03	1.56e-02	3.63e-02	8.78e-02	4.68e-01	3.19e-01	6.90e-02
 1.87994e+22	0.00e+00	3.78e-23	1.82e-19	1.25e-16	4.10e-14	7.99e-12	6.96e-09	7.41e-07	2.97e-05	4.37e-04	4.03e-03	1.68e-02	3.81e-02	9.01e-02	4.70e-01	3.14e-01	6.64e-02
 1.88875e+22	0.00e+00	5.46e-23	2.52e-19	1.65e-16	5.16e-14	9.57e-12	8.44e-09	8.94e-07	3.54e-05	5.10e-04	4.60e-03	1.87e-02	4.10e-02	9.34e-02	4.73e-01	3.06e-01	6.27e-02
 1.89758e+22	0.00e+00	7.12e-23	3.19e-19	2.02e-16	6.11e-14	1.09e-11	9.73e-09	1.03e-06	4.03e-05	5.70e-04	5.06e-03	2.02e-02	4.32e-02	9.58e-02	4.75e-01	3.00e-01	6.01e-02
 1.90645e+22	0.00e+00	1.03e-22	4.43e-19	2.67e-16	7.68e-14	1.31e-11	1.18e-08	1.24e-06	4.80e-05	6.64e-04	5.78e-03	2.24e-02	4.63e-02	9.92e-02	4.77e-01	2.92e-01	5.67e-02
 1.91518e+22	0.00e+00	1.35e-22	5.65e-19	3.29e-16	9.09e-14	1.49e-11	1.36e-08	1.43e-06	5.48e-05	7.45e-04	6.37e-03	2.42e-02	4.88e-02	1.02e-01	4.78e-01	2.86e-01	5.42e-02
 1.92374e+22	0.00e+00	1.96e-22	7.81e-19	4.32e-16	1.14e-13	1.77e-11	1.64e-08	1.72e-06	6.53e-05	8.67e-04	7.25e-03	2.68e-02	5.23e-02	1.05e-01	4.80e-01	2.77e-01	5.10e-02
 1.93238e+22	2.15e-35	2.61e-22	1.01e-18	5.36e-16	1.35e-13	2.03e-11	1.91e-08	1.99e-06	7.50e-05	9.76e-04	8.03e-03	2.91e-02	5.51e-02	1.08e-01	4.80e-01	2.71e-01	4.85e-02
 1.94113e+22	3.45e-35	3.85e-22	1.42e-18	7.13e-16	1.70e-13	2.41e-11	2.32e-08	2.42e-06	9.00e-05	1.14e-03	9.19e-03	3.23e-02	5.91e-02	1.11e-01	4.80e-01	2.62e-01	4.54e-02
 1.94958e+22	4.84e-35	5.06e-22	1.81e-18	8.73e-16	2.00e-13	2.73e-11	2.67e-08	2.78e-06	1.02e-04	1.28e-03	1.01e-02	3.48e-02	6.21e-02	1.13e-01	4.80e-01	2.55e-01	4.32e-02
 1.95763e+22	7.60e-35	7.30e-22	2.49e-18	1.14e-15	2.47e-13	3.20e-11	3.20e-08	3.34e-06	1.22e-04	1.48e-03	1.14e-02	3.84e-02	6.62e-02	1.17e-01	4.79e-01	2.46e-01	4.04e-02
 1.96573e+22	1.08e-34	9.71e-22	3.19e-18	1.40e-15	2.90e-13	3.62e-11	3.69e-08	3.85e-06	1.39e-04	1.66e-03	1.26e-02	4.14e-02	6.96e-02	1.19e-01	4.78e-01	2.40e-01	3.83e-02
 1.97388e+22	1.71e-34	1.41e-21	4.42e-18	1.83e-15	3.59e-13	4.24e-11	4.43e-08	4.63e-06	1.65e-04	1.92e-03	1.43e-02	4.56e-02	7.41e-02	1.22e-01	4.75e-01	2.31e-01	3.57e-02
 1.98215e+22	2.43e-34	1.88e-21	5.69e-18	2.26e-15	4.23e-13	4.79e-11	5.11e-08	5.34e-06	1.89e-04	2.15e-03	1.57e-02	4.91e-02	7.77e-02	1.24e-01	4.73e-01	2.24e-01	3.38e-02
 1.99057e+22	3.88e-34	2.75e-21	7.93e-18	2.97e-15	5.24e-13	5.61e-11	6.16e-08	6.44e-06	2.25e-04	2.50e-03	1.78e-02	5.41e-02	8.27e-02	1.27e-01	4.70e-01	2.14e-01	3.13e-02
 1.99918e+22	5.63e-34	3.74e-21	1.04e-17	3.70e-15	6.21e-13	6.37e-11	7.14e-08	7.48e-06	2.58e-04	2.81e-03	1.96e-02	5.84e-02	8.68e-02	1.30e-01	4.66e-01	2.07e-01	2.94e-02
 2.00680e+22	8.13e-34	5.05e-21	1.34e-17	4.58e-15	7.33e-13	7.19e-11	8.25e-08	8.65e-06	2.96e-04	3.15e-03	2.16e-02	6.28e-02	9.09e-02	1.32e-01	4.62e-01	2.00e-01	2.76e-02
 2.01519e+22	1.27e-33	7.29e-21	1.85e-17	5.94e-15	8.96e-13	8.33e-11	9.82e-08	1.03e-05	3.49e-04	3.62e-03	2.42e-02	6.86e-02	9.60e-02	1.34e-01	4.57e-01	1.91e-01	2.55e-02
 2.02367e+22	1.85e-33	9.91e-21	2.41e-17	7.38e-15	1.06e-12	9.42e-11	1.13e-07	1.19e-05	3.99e-04	4.05e-03	2.66e-02	7.37e-02	1.00e-01	1.36e-01	4.52e-01	1.83e-01	2.39e-02
 2.03211e+22	2.86e-33	1.42e-20	3.29e-17	9.50e-15	1.29e-12	1.08e-10	1.34e-07	1.41e-05	4.67e-04	4.62e-03	2.96e-02	8.00e-02	1.06e-01	1.38e-01	4.45e-01	1.75e-01	2.20e-02
 2.04072e+22	4.18e-33	1.94e-20	4.31e-17	1.19e-14	1.52e-12	1.23e-10	1.55e-07	1.64e-05	5.35e-04	5.17e-03	3.25e-02	8.58e-02	1.10e-01	1.40e-01	4.39e-01	1.67e-01	2.05e-02
 2.04937e+22	6.44e-33	2.77e-20	5.86e-17	1.52e-14	1.84e-12	1.41e-10	1.82e-07	1.93e-05	6.22e-04	5.86e-03	3.60e-02	9.27e-02	1.15e-01	1.41e-01	4.31e-01	1.59e-01	1.88e-02
 2.05813e+22	9.44e-33	3.81e-20	7.70e-17	1.90e-14	2.18e-12	1.60e-10	2.10e-07	2.23e-05	7.11e-04	6.54e-03	3.93e-02	9.91e-02	1.20e-01	1.42e-01	4.23e-01	1.51e-01	1.74e-02
 2.06695e+22	1.44e-32	5.39e-20	1.04e-16	2.42e-14	2.63e-12	1.83e-10	2.46e-07	2.60e-05	8.21e-04	7.37e-03	4.32e-02	1.06e-01	1.25e-01	1.43e-01	4.14e-01	1.43e-01	1.60e-02
 2.07574e+22	2.06e-32	7.28e-20	1.35e-16	2.99e-14	3.09e-12	2.06e-10	2.81e-07	2.98e-05	9.28e-04	8.15e-03	4.69e-02	1.13e-01	1.29e-01	1.44e-01	4.06e-01	1.37e-01	1.48e-02
 2.08483e+22	3.17e-32	1.04e-19	1.84e-16	3.85e-14	3.75e-12	2.37e-10	3.28e-07	3.48e-05	1.07e-03	9.17e-03	5.15e-02	1.21e-01	1.35e-01	1.45e-01	3.96e-01	1.29e-01	1.35e-02
 2.09402e+22	4.54e-32	1.41e-19	2.38e-16	4.75e-14	4.40e-12	2.67e-10	3.73e-07	3.96e-05	1.21e-03	1.01e-02	5.56e-02	1.28e-01	1.39e-01	1.45e-01	3.87e-01	1.22e-01	1.24e-02
 2.10335e+22	6.91e-32	2.00e-19	3.22e-16	6.07e-14	5.32e-12	3.07e-10	4.32e-07	4.61e-05	1.38e-03	1.13e-02	6.07e-02	1.37e-01	1.43e-01	1.45e-01	3.76e-01	1.15e-01	1.13e-02
 2.11297e+22	9.95e-32	2.72e-19	4.20e-16	7.53e-14	6.27e-12	3.47e-10	4.92e-07	5.24e-05	1.56e-03	1.24e-02	6.53e-02	1.44e-01	1.47e-01	1.45e-01	3.66e-01	1.08e-01	1.03e-02
 2.12290e+22	1.52e-31	3.88e-19	5.71e-16	9.68e-14	7.61e-12	4.00e-10	5.69e-07	6.07e-05	1.78e-03	1.38e-02	7.10e-02	1.53e-01	1.52e-01	1.44e-01	3.54e-01	1.01e-01	9.34e-03
 2.13311e+22	2.18e-31	5.29e-19	7.45e-16	1.20e-13	9.01e-12	4.54e-10	6.46e-07	6.89e-05	1.99e-03	1.51e-02	7.61e-02	1.61e-01	1.56e-01	1.43e-01	3.43e-01	9.52e-02	8.53e-03
 2.14372e+22	3.35e-31	7.60e-19	1.02e-15	1.56e-13	1.10e-11	5.28e-10	7.47e-07	7.97e-05	2.27e-03	1.68e-02	8.25e-02	1.70e-01	1.60e-01	1.42e-01	3.30e-01	8.84e-02	7.65e-03
 2.15462e+22	4.84e-31	1.04e-18	1.34e-15	1.94e-13	1.31e-11	6.01e-10	8.47e-07	9.02e-05	2.54e-03	1.83e-02	8.82e-02	1.78e-01	1.63e-01	1.41e-01	3.19e-01	8.27e-02	6.94e-03
 2.16595e+22	7.40e-31	1.49e-18	1.83e-15	2.52e-13	1.60e-11	7.02e-10	9.78e-07	1.04e-04	2.89e-03	2.03e-02	9.51e-02	1.87e-01	1.67e-01	1.39e-01	3.06e-01	7.65e-02	6.19e-03
 2.17761e+22	1.06e-30	2.04e-18	2.40e-15	3.15e-13	1.91e-11	8.03e-10	1.11e-06	1.18e-04	3.22e-03	2.21e-02	1.01e-01	1.95e-01	1.69e-01	1.38e-01	2.94e-01	7.13e-02	5.60e-03
 2.18997e+22	1.67e-30	2.99e-18	3.35e-15	4.15e-13	2.37e-11	9.49e-10	1.29e-06	1.36e-04	3.67e-03	2.45e-02	1.09e-01	2.05e-01	1.72e-01	1.35e-01	2.80e-01	6.52e-02	4.93e-03
 2.20239e+22	2.36e-30	4.03e-18	4.35e-15	5.14e-13	2.81e-11	1.08e-09	1.44e-06	1.53e-04	4.06e-03	2.65e-02	1.15e-01	2.13e-01	1.74e-01	1.33e-01	2.69e-01	6.08e-02	4.46e-03
 2.21503e+22	3.66e-30	5.88e-18	6.04e-15	6.75e-13	3.48e-11	1.28e-09	1.67e-06	1.76e-04	4.60e-03	2.92e-02	1.24e-01	2.22e-01	1.76e-01	1.30e-01	2.55e-01	5.54e-02	3.91e-03
 2.22797e+22	5.17e-30	7.93e-18	7.84e-15	8.39e-13	4.13e-11	1.46e-09	1.87e-06	1.97e-04	5.08e-03	3.14e-02	1.30e-01	2.29e-01	1.78e-01	1.28e-01	2.44e-01	5.13e-02	3.51e-03
 2.23916e+22	7.09e-30	1.04e-17	9.95e-15	1.02e-12	4.84e-11	1.65e-09	2.08e-06	2.17e-04	5.54e-03	3.36e-02	1.36e-01	2.36e-01	1.79e-01	1.25e-01	2.34e-01	4.78e-02	3.18e-03
 2.25159e+22	1.06e-29	1.47e-17	1.35e-14	1.32e-12	5.92e-11	1.93e-09	2.37e-06	2.47e-04	6.19e-03	3.66e-02	1.45e-01	2.44e-01	1.80e-01	1.22e-01	2.21e-01	4.36e-02	2.80e-03
 2.26416e+22	1.45e-29	1.93e-17	1.70e-14	1.60e-12	6.92e-11	2.19e-09	2.62e-06	2.72e-04	6.74e-03	3.90e-02	1.51e-01	2.50e-01	1.80e-01	1.19e-01	2.11e-01	4.05e-02	2.53e-03
 2.27695e+22	2.15e-29	2.72e-17	2.30e-14	2.06e-12	8.46e-11	2.56e-09	2.98e-06	3.08e-04	7.50e-03	4.22e-02	1.59e-01	2.57e-01	1.80e-01	1.16e-01	1.99e-01	3.68e-02	2.21e-03
 2.28994e+22	2.92e-29	3.55e-17	2.91e-14	2.50e-12	9.89e-11	2.90e-09	3.30e-06	3.38e-04	8.15e-03	4.49e-02	1.66e-01	2.63e-01	1.80e-01	1.13e-01	1.90e-01	3.41e-02	1.99e-03
 2.30132e+22	3.92e-29	4.59e-17	3.64e-14	3.02e-12	1.15e-10	3.27e-09	3.63e-06	3.71e-04	8.81e-03	4.76e-02	1.72e-01	2.68e-01	1.79e-01	1.10e-01	1.81e-01	3.16e-02	1.80e-03
 2.31423e+22	5.69e-29	6.36e-17	4.85e-14	3.84e-12	1.40e-10	3.81e-09	4.11e-06	4.16e-04	9.72e-03	5.12e-02	1.80e-01	2.74e-01	1.79e-01	1.06e-01	1.70e-01	2.87e-02	1.58e-03
 2.32719e+22	7.54e-29	8.12e-17	6.01e-14	4.60e-12	1.62e-10	4.28e-09	4.51e-06	4.54e-04	1.05e-02	5.40e-02	1.86e-01	2.78e-01	1.78e-01	1.03e-01	1.62e-01	2.66e-02	1.42e-03
 2.34024e+22	1.09e-28	1.13e-16	7.99e-14	5.84e-12	1.96e-10	4.98e-09	5.08e-06	5.07e-04	1.15e-02	5.78e-02	1.94e-01	2.84e-01	1.76e-01	9.95e-02	1.52e-01	2.40e-02	1.24e-03
 2.35339e+22	1.44e-28	1.43e-16	9.85e-14	6.97e-12	2.26e-10	5.60e-09	5.58e-06	5.52e-04	1.24e-02	6.08e-02	2.00e-01	2.87e-01	1.75e-01	9.66e-02	1.44e-01	2.23e-02	1.12e-03
 2.36670e+22	2.07e-28	1.97e-16	1.30e-13	8.82e-12	2.74e-10	6.51e-09	6.28e-06	6.15e-04	1.35e-02	6.50e-02	2.08e-01	2.92e-01	1.73e-01	9.28e-02	1.35e-01	2.01e-02	9.75e-04
 2.38025e+22	2.72e-28	2.50e-16	1.61e-13	1.06e-11	3.17e-10	7.34e-09	6.89e-06	6.70e-04	1.45e-02	6.83e-02	2.14e-01	2.95e-01	1.71e-01	8.98e-02	1.28e-01	1.85e-02	8.76e-04
 2.39411e+22	3.91e-28	3.45e-16	2.14e-13	1.34e-11	3.85e-10	8.56e-09	7.77e-06	7.47e-04	1.59e-02	7.28e-02	2.22e-01	2.99e-01	1.68e-01	8.60e-02	1.19e-01	1.66e-02	7.58e-04
 2.40822e+22	5.15e-28	4.39e-16	2.65e-13	1.61e-11	4.47e-10	9.67e-09	8.55e-06	8.12e-04	1.70e-02	7.64e-02	2.28e-01	3.01e-01	1.66e-01	8.30e-02	1.12e-01	1.53e-02	6.78e-04
 2.42058e+22	6.72e-28	5.57e-16	3.27e-13	1.92e-11	5.17e-10	1.09e-08	9.36e-06	8.81e-04	1.82e-02	7.99e-02	2.33e-01	3.03e-01	1.64e-01	8.01e-02	1.06e-01	1.41e-02	6.08e-04
 2.43455e+22	9.51e-28	7.57e-16	4.28e-13	2.41e-11	6.23e-10	1.26e-08	1.05e-05	9.77e-04	1.98e-02	8.47e-02	2.41e-01	3.05e-01	1.60e-01	7.64e-02	9.87e-02	1.26e-02	5.26e-04
 2.44849e+22	1.21e-27	9.39e-16	5.19e-13	2.85e-11	7.16e-10	1.41e-08	1.15e-05	1.06e-03	2.11e-02	8.83e-02	2.46e-01	3.07e-01	1.58e-01	7.38e-02	9.35e-02	1.16e-02	4.75e-04
 2.46239e+22	1.71e-27	1.27e-15	6.78e-13	3.57e-11	8.60e-10	1.64e-08	1.29e-05	1.17e-03	2.29e-02	9.33e-02	2.53e-01	3.08e-01	1.54e-01	7.02e-02	8.67e-02	1.04e-02	4.10e-04
 2.47649e+22	2.18e-27	1.58e-15	8.23e-13	4.22e-11	9.89e-10	1.84e-08	1.41e-05	1.26e-03	2.43e-02	9.72e-02	2.58e-01	3.09e-01	1.52e-01	6.76e-02	8.19e-02	9.61e-03	3.69e-04
 2.49084e+22	3.03e-27	2.11e-15	1.06e-12	5.26e-11	1.19e-09	2.13e-08	1.58e-05	1.39e-03	2.63e-02	1.02e-01	2.64e-01	3.09e-01	1.48e-01	6.43e-02	7.59e-02	8.61e-03	3.19e-04
 2.50568e+22	3.94e-27	2.66e-15	1.31e-12	6.29e-11	1.38e-09	2.41e-08	1.74e-05	1.51e-03	2.80e-02	1.07e-01	2.69e-01	3.09e-01	1.45e-01	6.16e-02	7.13e-02	7.86e-03	2.84e-04
 2.52115e+22	5.60e-27	3.62e-15	1.72e-12	7.95e-11	1.67e-09	2.83e-08	1.96e-05	1.67e-03	3.04e-02	1.12e-01	2.76e-01	3.09e-01	1.40e-01	5.81e-02	6.55e-02	6.97e-03	2.43e-04
 2.53687e+22	7.29e-27	4.58e-15	2.13e-12	9.53e-11	1.95e-09	3.21e-08	2.17e-05	1.82e-03	3.24e-02	1.17e-01	2.80e-01	3.08e-01	1.37e-01	5.56e-02	6.13e-02	6.35e-03	2.15e-04
 2.55292e+22	1.03e-26	6.21e-15	2.79e-12	1.20e-10	2.37e-09	3.76e-08	2.45e-05	2.01e-03	3.51e-02	1.23e-01	2.86e-01	3.07e-01	1.33e-01	5.23e-02	5.62e-02	5.61e-03	1.84e-04
 2.56953e+22	1.36e-26	7.94e-15	3.48e-12	1.46e-10	2.78e-09	4.30e-08	2.72e-05	2.19e-03	3.75e-02	1.28e-01	2.91e-01	3.05e-01	1.29e-01	4.97e-02	5.23e-02	5.07e-03	1.61e-04
 2.58685e+22	1.96e-26	1.09e-14	4.64e-12	1.87e-10	3.42e-09	5.09e-08	3.10e-05	2.45e-03	4.07e-02	1.35e-01	2.97e-01	3.03e-01	1.24e-01	4.65e-02	4.76e-02	4.44e-03	1.36e-04
 2.60474e+22	2.63e-26	1.42e-14	5.85e-12	2.29e-10	4.06e-09	5.87e-08	3.46e-05	2.68e-03	4.35e-02	1.41e-01	3.01e-01	3.00e-01	1.20e-01	4.39e-02	4.40e-02	3.98e-03	1.18e-04
 2.62337e+22	3.87e-26	1.99e-14	7.93e-12	2.97e-10	5.06e-09	7.03e-08	3.98e-05	3.00e-03	4.74e-02	1.48e-01	3.06e-01	2.97e-01	1.15e-01	4.08e-02	3.96e-02	3.44e-03	9.79e-05
 2.64205e+22	5.16e-26	2.56e-14	9.97e-12	3.63e-10	5.98e-09	8.08e-08	4.44e-05	3.28e-03	5.06e-02	1.54e-01	3.10e-01	2.93e-01	1.11e-01	3.85e-02	3.66e-02	3.08e-03	8.50e-05
 2.66080e+22	7.52e-26	3.57e-14	1.34e-11	4.69e-10	7.42e-09	9.66e-08	5.10e-05	3.66e-03	5.49e-02	1.61e-01	3.14e-01	2.89e-01	1.05e-01	3.56e-02	3.29e-02	2.66e-03	7.05e-05
 2.68030e+22	1.02e-25	4.68e-14	1.72e-11	5.82e-10	8.90e-09	1.12e-07	5.73e-05	4.02e-03	5.87e-02	1.68e-01	3.18e-01	2.85e-01	1.01e-01	3.33e-02	3.01e-02	2.35e-03	6.03e-05
 2.70079e+22	1.56e-25	6.79e-14	2.39e-11	7.73e-10	1.13e-08	1.37e-07	6.66e-05	4.53e-03	6.41e-02	1.76e-01	3.21e-01	2.79e-01	9.55e-02	3.05e-02	2.66e-02	1.99e-03	4.87e-05
 2.72128e+22	2.10e-25	8.86e-14	3.04e-11	9.54e-10	1.35e-08	1.58e-07	7.47e-05	4.96e-03	6.84e-02	1.83e-01	3.24e-01	2.74e-01	9.13e-02	2.85e-02	2.43e-02	1.76e-03	4.17e-05
 2.74177e+22	3.19e-25	1.28e-13	4.23e-11	1.27e-09	1.71e-08	1.92e-07	8.67e-05	5.58e-03	7.44e-02	1.91e-01	3.26e-01	2.68e-01	8.60e-02	2.60e-02	2.15e-02	1.48e-03	3.35e-05
 2.76255e+22	4.37e-25	1.70e-13	5.45e-11	1.58e-09	2.06e-08	2.24e-07	9.75e-05	6.12e-03	7.94e-02	1.98e-01	3.27e-01	2.62e-01	8.18e-02	2.42e-02	1.95e-02	1.29e-03	2.83e-05
 2.78008e+22	5.81e-25	2.20e-13	6.85e-11	1.92e-09	2.43e-08	2.58e-07	1.08e-04	6.65e-03	8.41e-02	2.04e-01	3.28e-01	2.57e-01	7.82e-02	2.26e-02	1.78e-02	1.14e-03	2.43e-05
 2.79920e+22	8.56e-25	3.13e-13	9.35e-11	2.51e-09	3.03e-08	3.09e-07	1.24e-04	7.41e-03	9.07e-02	2.12e-01	3.29e-01	2.50e-01	7.35e-02	2.06e-02	1.57e-02	9.69e-04	1.96e-05
 2.81820e+22	1.13e-24	4.05e-13	1.17e-10	3.05e-09	3.58e-08	3.55e-07	1.38e-04	8.04e-03	9.58e-02	2.18e-01	3.29e-01	2.45e-01	7.01e-02	1.92e-02	1.43e-02	8.55e-04	1.68e-05
 2.83702e+22	1.65e-24	5.74e-13	1.60e-10	3.97e-09	4.45e-08	4.26e-07	1.59e-04	8.94e-03	1.03e-01	2.25e-01	3.29e-01	2.37e-01	6.57e-02	1.75e-02	1.27e-02	7.22e-04	1.36e-05
 2.85604e+22	2.37e-24	7.50e-13	2.02e-10	4.86e-09	5.28e-08	4.91e-07	1.76e-04	9.70e-03	1.09e-01	2.31e-01	3.28e-01	2.31e-01	6.23e-02	1.63e-02	1.15e-02	6.33e-04	1.15e-05
 2.87531e+22	3.50e-24	1.08e-12	2.79e-10	6.39e-09	6.64e-08	5.94e-07	2.04e-04	1.08e-02	1.17e-01	2.39e-01	3.26e-01	2.24e-01	5.81e-02	1.47e-02	1.00e-02	5.28e-04	9.15e-06
 2.89468e+22	4.67e-24	1.43e-12	3.55e-10	7.87e-09	7.91e-08	6.88e-07	2.27e-04	1.18e-02	1.24e-01	2.45e-01	3.24e-01	2.17e-01	5.49e-02	1.36e-02	9.05e-03	4.59e-04	7.69e-06
 2.91420e+22	6.86e-24	2.08e-12	4.92e-10	1.04e-08	1.00e-07	8.37e-07	2.63e-04	1.32e-02	1.33e-01	2.52e-01	3.21e-01	2.09e-01	5.09e-02	1.23e-02	7.87e-03	3.80e-04	6.06e-06
 2.93397e+22	9.28e-24	2.79e-12	6.37e-10	1.30e-08	1.21e-07	9.80e-07	2.96e-04	1.44e-02	1.40e-01	2.58e-01	3.19e-01	2.02e-01	4.78e-02	1.13e-02	7.03e-03	3.27e-04	5.02e-06
 2.95407e+22	1.37e-23	4.15e-12	8.96e-10	1.74e-08	1.54e-07	1.21e-06	3.47e-04	1.62e-02	1.51e-01	2.65e-01	3.14e-01	1.93e-01	4.40e-02	1.00e-02	6.04e-03	2.67e-04	3.89e-06
 2.97439e+22	1.86e-23	5.65e-12	1.17e-09	2.19e-08	1.88e-07	1.43e-06	3.93e-04	1.77e-02	1.60e-01	2.70e-01	3.10e-01	1.86e-01	4.10e-02	9.16e-03	5.35e-03	2.27e-04	3.17e-06
 2.99471e+22	2.73e-23	8.43e-12	1.65e-09	2.94e-08	2.42e-07	1.78e-06	4.62e-04	2.00e-02	1.71e-01	2.76e-01	3.04e-01	1.77e-01	3.75e-02	8.13e-03	4.56e-03	1.83e-04	2.43e-06
 3.01399e+22	3.54e-23	1.11e-11	2.09e-09	3.61e-08	2.89e-07	2.07e-06	5.17e-04	2.17e-02	1.80e-01	2.80e-01	3.00e-01	1.71e-01	3.51e-02	7.46e-03	4.07e-03	1.58e-04	2.02e-06
 3.03221e+22	4.96e-23	1.60e-11	2.86e-09	4.74e-08	3.66e-07	2.54e-06	6.03e-04	2.43e-02	1.92e-01	2.85e-01	2.93e-01	1.62e-01	3.22e-02	6.65e-03	3.50e-03	1.29e-04	1.57e-06
 3.05079e+22	6.45e-23	2.14e-11	3.67e-09	5.90e-08	4.43e-07	3.00e-06	6.83e-04	2.66e-02	2.02e-01	2.89e-01	2.87e-01	1.56e-01	2.99e-02	6.05e-03	3.09e-03	1.09e-04	1.28e-06
 3.06880e+22	8.67e-23	3.01e-11	4.92e-09	7.65e-08	5.56e-07	3.67e-06	7.93e-04	2.97e-02	2.14e-01	2.93e-01	2.80e-01	1.48e-01	2.73e-02	5.39e-03	2.66e-03	8.94e-05	9.97e-07
 3.08725e+22	1.12e-22	4.08e-11	6.38e-09	9.65e-08	6.83e-07	4.40e-06	9.08e-04	3.27e-02	2.25e-01	2.95e-01	2.73e-01	1.40e-01	2.51e-02	4.85e-03	2.31e-03	7.45e-05	7.96e-07
 3.10502e+22	1.45e-22	5.56e-11	8.33e-09	1.23e-07	8.45e-07	5.32e-06	1.05e-03	3.63e-02	2.37e-01	2.98e-01	2.65e-01	1.33e-01	2.30e-02	4.34e-03	2.00e-03	6.15e-05	6.28e-07
 3.12285e+22	1.84e-22	7.49e-11	1.08e-08	1.55e-07	1.04e-06	6.41e-06	1.20e-03	4.01e-02	2.49e-01	3.00e-01	2.57e-01	1.26e-01	2.10e-02	3.88e-03	1.73e-03	5.08e-05	4.96e-07
 3.14030e+22	2.31e-22	9.98e-11	1.38e-08	1.94e-07	1.28e-06	7.72e-06	1.38e-03	4.42e-02	2.62e-01	3.01e-01	2.49e-01	1.18e-01	1.92e-02	3.46e-03	1.49e-03	4.20e-05	3.93e-07
 3.15751e+22	2.85e-22	1.32e-10	1.75e-08	2.43e-07	1.56e-06	9.28e-06	1.58e-03	4.87e-02	2.74e-01	3.02e-01	2.41e-01	1.12e-01	1.75e-02	3.09e-03	1.29e-03	3.47e-05	3.10e-07
 3.17457e+22	3.50e-22	1.72e-10	2.21e-08	3.02e-07	1.91e-06	1.11e-05	1.81e-03	5.36e-02	2.86e-01	3.02e-01	2.32e-01	1.05e-01	1.59e-02	2.75e-03	1.11e-03	2.86e-05	2.45e-07
 3.19155e+22	4.24e-22	2.23e-10	2.78e-08	3.74e-07	2.32e-06	1.34e-05	2.08e-03	5.89e-02	2.99e-01	3.01e-01	2.23e-01	9.82e-02	1.44e-02	2.44e-03	9.54e-04	2.35e-05	1.93e-07
 3.20854e+22	5.10e-22	2.87e-10	3.47e-08	4.62e-07	2.82e-06	1.60e-05	2.37e-03	6.47e-02	3.11e-01	3.00e-01	2.14e-01	9.17e-02	1.30e-02	2.16e-03	8.18e-04	1.93e-05	1.52e-07
 3.22560e+22	6.10e-22	3.66e-10	4.31e-08	5.70e-07	3.43e-06	1.92e-05	2.71e-03	7.09e-02	3.23e-01	2.98e-01	2.05e-01	8.55e-02	1.17e-02	1.91e-03	6.99e-04	1.58e-05	1.19e-07
 3.24278e+22	7.25e-22	4.64e-10	5.32e-08	7.00e-07	4.15e-06	2.30e-05	3.10e-03	7.76e-02	3.35e-01	2.96e-01	1.96e-01	7.94e-02	1.06e-02	1.68e-03	5.96e-04	1.29e-05	0.00e+00
 3.26018e+22	8.59e-22	5.83e-10	6.55e-08	8.59e-07	5.03e-06	2.75e-05	3.53e-03	8.49e-02	3.47e-01	2.93e-01	1.87e-01	7.35e-02	9.47e-03	1.47e-03	5.06e-04	1.05e-05	0.00e+00
 3.27787e+22	1.02e-21	7.30e-10	8.04e-08	1.05e-06	6.09e-06	3.30e-05	4.03e-03	9.27e-02	3.59e-01	2.89e-01	1.77e-01	6.78e-02	8.46e-03	1.28e-03	4.28e-04	8.48e-06	0.00e+00
 3.29588e+22	1.20e-21	9.08e-10	9.84e-08	1.29e-06	7.36e-06	3.95e-05	4.59e-03	1.01e-01	3.71e-01	2.85e-01	1.68e-01	6.23e-02	7.53e-03	1.11e-03	3.61e-04	6.83e-06	0.00e+00
 3.31392e+22	1.38e-21	1.11e-09	1.19e-07	1.56e-06	8.83e-06	4.70e-05	5.21e-03	1.10e-01	3.81e-01	2.80e-01	1.59e-01	5.72e-02	6.70e-03	9.69e-04	3.04e-04	5.51e-06	0.00e+00
 3.33241e+22	1.63e-21	1.37e-09	1.45e-07	1.91e-06	1.07e-05	5.64e-05	5.94e-03	1.20e-01	3.92e-01	2.74e-01	1.49e-01	5.22e-02	5.91e-03	8.34e-04	2.54e-04	4.39e-06	0.00e+00
 3.35105e+22	1.91e-21	1.66e-09	1.75e-07	2.30e-06	1.27e-05	6.68e-05	6.71e-03	1.29e-01	4.01e-01	2.69e-01	1.40e-01	4.77e-02	5.24e-03	7.22e-04	2.13e-04	3.53e-06	0.00e+00
 3.37022e+22	2.28e-21	2.03e-09	2.12e-07	2.82e-06	1.54e-05	8.03e-05	7.65e-03	1.40e-01	4.11e-01	2.62e-01	1.31e-01	4.31e-02	4.58e-03	6.15e-04	1.76e-04	2.78e-06	0.00e+00
 3.38823e+22	2.62e-21	2.36e-09	2.46e-07	3.28e-06	1.78e-05	9.25e-05	8.45e-03	1.49e-01	4.17e-01	2.56e-01	1.24e-01	3.98e-02	4.12e-03	5.41e-04	1.51e-04	2.30e-06	0.00e+00
 3.40652e+22	3.12e-21	2.85e-09	2.98e-07	4.00e-06	2.15e-05	1.11e-04	9.61e-03	1.62e-01	4.25e-01	2.49e-01	1.15e-01	3.57e-02	3.57e-03	4.57e-04	1.24e-04	1.79e-06	0.00e+00
 3.42505e+22	3.61e-21	3.30e-09	3.44e-07	4.64e-06	2.47e-05	1.27e-04	1.06e-02	1.71e-01	4.30e-01	2.43e-01	1.09e-01	3.29e-02	3.21e-03	4.02e-04	1.06e-04	1.48e-06	0.00e+00
 3.44388e+22	4.32e-21	3.95e-09	4.14e-07	5.63e-06	2.97e-05	1.52e-04	1.20e-02	1.84e-01	4.36e-01	2.34e-01	1.00e-01	2.94e-02	2.77e-03	3.37e-04	8.63e-05	1.15e-06	0.00e+00
 3.46317e+22	5.04e-21	4.56e-09	4.79e-07	6.54e-06	3.42e-05	1.75e-04	1.32e-02	1.95e-01	4.40e-01	2.28e-01	9.41e-02	2.69e-02	2.47e-03	2.94e-04	7.34e-05	9.40e-07	0.00e+00
 3.48305e+22	6.11e-21	5.45e-09	5.76e-07	7.92e-06	4.10e-05	2.08e-04	1.49e-02	2.09e-01	4.45e-01	2.19e-01	8.64e-02	2.39e-02	2.12e-03	2.45e-04	5.93e-05	7.22e-07	0.00e+00
 3.50327e+22	7.14e-21	6.26e-09	6.66e-07	9.21e-06	4.72e-05	2.39e-04	1.63e-02	2.20e-01	4.47e-01	2.12e-01	8.07e-02	2.17e-02	1.87e-03	2.12e-04	5.00e-05	5.85e-07	0.00e+00
 3.52393e+22	8.67e-21	7.43e-09	7.99e-07	1.12e-05	5.66e-05	2.86e-04	1.84e-02	2.36e-01	4.49e-01	2.02e-01	7.36e-02	1.91e-02	1.59e-03	1.75e-04	4.00e-05	4.45e-07	0.00e+00
 3.54467e+22	1.01e-20	8.50e-09	9.20e-07	1.29e-05	6.48e-05	3.27e-04	2.01e-02	2.47e-01	4.50e-01	1.95e-01	6.86e-02	1.73e-02	1.41e-03	1.51e-04	3.38e-05	3.61e-07	0.00e+00
 3.56552e+22	1.23e-20	1.00e-08	1.10e-06	1.55e-05	7.71e-05	3.88e-04	2.26e-02	2.63e-01	4.50e-01	1.86e-01	6.23e-02	1.52e-02	1.20e-03	1.24e-04	2.70e-05	2.74e-07	0.00e+00
 3.58662e+22	1.45e-20	1.14e-08	1.26e-06	1.79e-05	8.80e-05	4.42e-04	2.46e-02	2.74e-01	4.49e-01	1.79e-01	5.79e-02	1.38e-02	1.05e-03	1.07e-04	2.27e-05	2.22e-07	0.00e+00
 3.60806e+22	1.77e-20	1.34e-08	1.51e-06	2.15e-05	1.04e-04	5.23e-04	2.75e-02	2.90e-01	4.47e-01	1.69e-01	5.24e-02	1.20e-02	8.90e-04	8.78e-05	1.80e-05	1.67e-07	0.00e+00
 3.62986e+22	2.09e-20	1.54e-08	1.74e-06	2.48e-05	1.19e-04	5.95e-04	2.99e-02	3.03e-01	4.45e-01	1.62e-01	4.84e-02	1.08e-02	7.79e-04	7.51e-05	1.51e-05	1.34e-07	0.00e+00
 3.65215e+22	2.56e-20	1.81e-08	2.08e-06	2.98e-05	1.41e-04	7.05e-04	3.34e-02	3.19e-01	4.40e-01	1.53e-01	4.36e-02	9.38e-03	6.53e-04	6.11e-05	1.19e-05	0.00e+00	0.00e+00
 3.67487e+22	3.05e-20	2.07e-08	2.40e-06	3.45e-05	1.61e-04	8.02e-04	3.63e-02	3.32e-01	4.36e-01	1.46e-01	4.00e-02	8.39e-03	5.68e-04	5.19e-05	9.83e-06	0.00e+00	0.00e+00
 3.69816e+22	3.78e-20	2.45e-08	2.88e-06	4.15e-05	1.91e-04	9.50e-04	4.04e-02	3.48e-01	4.30e-01	1.36e-01	3.58e-02	7.23e-03	4.73e-04	4.18e-05	7.67e-06	0.00e+00	0.00e+00
 3.72199e+22	4.53e-20	2.82e-08	3.35e-06	4.82e-05	2.19e-04	1.08e-03	4.39e-02	3.61e-01	4.25e-01	1.29e-01	3.27e-02	6.42e-03	4.08e-04	3.52e-05	6.30e-06	0.00e+00	0.00e+00
 3.74208e+22	5.31e-20	3.18e-08	3.81e-06	5.48e-05	2.46e-04	1.21e-03	4.71e-02	3.72e-01	4.19e-01	1.23e-01	3.02e-02	5.77e-03	3.58e-04	3.02e-05	5.29e-06	0.00e+00	0.00e+00
 3.76377e+22	6.44e-20	3.70e-08	4.50e-06	6.48e-05	2.86e-04	1.41e-03	5.18e-02	3.87e-01	4.11e-01	1.16e-01	2.70e-02	5.00e-03	3.00e-04	2.47e-05	4.19e-06	0.00e+00	0.00e+00
 3.78558e+22	7.63e-20	4.20e-08	5.14e-06	7.37e-05	3.21e-04	1.57e-03	5.54e-02	3.98e-01	4.05e-01	1.10e-01	2.49e-02	4.50e-03	2.64e-04	2.12e-05	3.52e-06	0.00e+00	0.00e+00
 3.80753e+22	9.33e-20	4.90e-08	6.07e-06	8.69e-05	3.72e-04	1.82e-03	6.06e-02	4.12e-01	3.96e-01	1.03e-01	2.23e-02	3.90e-03	2.21e-04	1.73e-05	2.79e-06	0.00e+00	0.00e+00
 3.82921e+22	1.10e-19	5.55e-08	6.90e-06	9.83e-05	4.14e-04	2.02e-03	6.45e-02	4.21e-01	3.89e-01	9.79e-02	2.06e-02	3.51e-03	1.94e-04	1.49e-05	2.35e-06	0.00e+00	0.00e+00
 3.85053e+22	1.34e-19	6.46e-08	8.11e-06	1.15e-04	4.76e-04	2.32e-03	7.00e-02	4.34e-01	3.80e-01	9.14e-02	1.85e-02	3.05e-03	1.64e-04	1.22e-05	1.88e-06	0.00e+00	0.00e+00
 3.87217e+22	1.59e-19	7.34e-08	9.24e-06	1.30e-04	5.30e-04	2.57e-03	7.44e-02	4.43e-01	3.72e-01	8.67e-02	1.70e-02	2.73e-03	1.43e-04	1.05e-05	1.57e-06	0.00e+00	0.00e+00
 3.89420e+22	1.96e-19	8.62e-08	1.09e-05	1.53e-04	6.09e-04	2.94e-03	8.06e-02	4.55e-01	3.62e-01	8.08e-02	1.52e-02	2.37e-03	1.20e-04	8.56e-06	1.25e-06	0.00e+00	0.00e+00
 3.91663e+22	2.34e-19	9.86e-08	1.25e-05	1.74e-04	6.80e-04	3.27e-03	8.57e-02	4.64e-01	3.54e-01	7.62e-02	1.39e-02	2.11e-03	1.04e-04	7.28e-06	1.04e-06	0.00e+00	0.00e+00
 3.93958e+22	2.94e-19	1.17e-07	1.49e-05	2.05e-04	7.83e-04	3.74e-03	9.28e-02	4.75e-01	3.42e-01	7.06e-02	1.23e-02	1.81e-03	8.68e-05	5.90e-06	8.16e-07	0.00e+00	0.00e+00
 3.96281e+22	3.53e-19	1.34e-07	1.71e-05	2.33e-04	8.74e-04	4.16e-03	9.86e-02	4.84e-01	3.33e-01	6.64e-02	1.12e-02	1.61e-03	7.51e-05	4.99e-06	6.75e-07	0.00e+00	0.00e+00
 3.98643e+22	4.48e-19	1.60e-07	2.05e-05	2.75e-04	1.01e-03	4.77e-03	1.06e-01	4.94e-01	3.21e-01	6.12e-02	9.91e-03	1.37e-03	6.21e-05	4.02e-06	5.27e-07	0.00e+00	0.00e+00
 4.01049e+22	5.48e-19	1.87e-07	2.37e-05	3.15e-04	1.13e-03	5.29e-03	1.13e-01	5.01e-01	3.12e-01	5.73e-02	8.99e-03	1.21e-03	5.34e-05	3.38e-06	4.33e-07	0.00e+00	0.00e+00
 4.03512e+22	6.98e-19	2.24e-07	2.85e-05	3.74e-04	1.30e-03	6.09e-03	1.22e-01	5.10e-01	2.99e-01	5.24e-02	7.86e-03	1.02e-03	4.35e-05	2.68e-06	3.32e-07	0.00e+00	0.00e+00
 4.06003e+22	8.67e-19	2.63e-07	3.32e-05	4.28e-04	1.46e-03	6.74e-03	1.29e-01	5.16e-01	2.90e-01	4.90e-02	7.11e-03	9.01e-04	3.74e-05	2.25e-06	2.73e-07	0.00e+00	0.00e+00
 4.08531e+22	1.12e-18	3.19e-07	4.02e-05	5.09e-04	1.68e-03	7.76e-03	1.39e-01	5.23e-01	2.76e-01	4.46e-02	6.19e-03	7.57e-04	3.03e-05	1.78e-06	2.08e-07	0.00e+00	0.00e+00
 4.11099e+22	1.41e-18	3.78e-07	4.70e-05	5.85e-04	1.88e-03	8.59e-03	1.47e-01	5.27e-01	2.66e-01	4.15e-02	5.57e-03	6.62e-04	2.58e-05	1.48e-06	1.69e-07	0.00e+00	0.00e+00
 4.13720e+22	1.85e-18	4.64e-07	5.74e-05	7.00e-04	2.18e-03	9.88e-03	1.58e-01	5.33e-01	2.53e-01	3.75e-02	4.81e-03	5.52e-04	2.07e-05	1.16e-06	1.28e-07	0.00e+00	0.00e+00
 4.16367e+22	2.35e-18	5.53e-07	6.74e-05	8.06e-04	2.44e-03	1.09e-02	1.67e-01	5.36e-01	2.43e-01	3.48e-02	4.32e-03	4.81e-04	1.76e-05	9.61e-07	0.00e+00	0.00e+00	0.00e+00
 4.18624e+22	2.91e-18	6.48e-07	7.82e-05	9.18e-04	2.71e-03	1.21e-02	1.76e-01	5.38e-01	2.34e-01	3.23e-02	3.88e-03	4.21e-04	1.50e-05	8.03e-07	0.00e+00	0.00e+00	0.00e+00
 4.21134e+22	3.84e-18	7.95e-07	9.47e-05	1.09e-03	3.11e-03	1.37e-02	1.87e-01	5.40e-01	2.21e-01	2.93e-02	3.38e-03	3.54e-04	1.22e-05	6.37e-07	0.00e+00	0.00e+00	0.00e+00
 4.23668e+22	4.82e-18	9.41e-07	1.11e-04	1.24e-03	3.46e-03	1.51e-02	1.97e-01	5.41e-01	2.12e-01	2.71e-02	3.02e-03	3.08e-04	1.03e-05	5.28e-07	0.00e+00	0.00e+00	0.00e+00
 4.26234e+22	5.57e-18	1.16e-06	1.34e-04	1.47e-03	3.95e-03	1.70e-02	2.08e-01	5.41e-01	2.00e-01	2.45e-02	2.63e-03	2.59e-04	8.42e-06	4.19e-07	0.00e+00	0.00e+00	0.00e+00
 4.28727e+22	6.98e-18	1.37e-06	1.56e-04	1.67e-03	4.36e-03	1.85e-02	2.18e-01	5.40e-01	1.92e-01	2.27e-02	2.36e-03	2.27e-04	7.19e-06	3.51e-07	0.00e+00	0.00e+00	0.00e+00
 4.30793e+22	8.62e-18	1.60e-06	1.79e-04	1.88e-03	4.80e-03	2.02e-02	2.27e-01	5.39e-01	1.84e-01	2.10e-02	2.12e-03	1.99e-04	6.16e-06	2.95e-07	0.00e+00	0.00e+00	0.00e+00
 4.33150e+22	1.13e-17	1.95e-06	2.14e-04	2.19e-03	5.40e-03	2.25e-02	2.38e-01	5.37e-01	1.74e-01	1.91e-02	1.86e-03	1.69e-04	5.08e-06	2.38e-07	0.00e+00	0.00e+00	0.00e+00
 4.35583e+22	1.43e-17	2.32e-06	2.49e-04	2.49e-03	5.97e-03	2.46e-02	2.49e-01	5.34e-01	1.65e-01	1.76e-02	1.66e-03	1.47e-04	4.30e-06	1.98e-07	0.00e+00	0.00e+00	0.00e+00
 4.37768e+22	1.80e-17	2.74e-06	2.90e-04	2.83e-03	6.59e-03	2.68e-02	2.59e-01	5.30e-01	1.57e-01	1.62e-02	1.48e-03	1.28e-04	3.65e-06	1.64e-07	0.00e+00	0.00e+00	0.00e+00
 4.40264e+22	2.44e-17	3.40e-06	3.50e-04	3.32e-03	7.44e-03	2.98e-02	2.71e-01	5.25e-01	1.48e-01	1.46e-02	1.29e-03	1.07e-04	2.98e-06	1.31e-07	0.00e+00	0.00e+00	0.00e+00
 4.42840e+22	3.19e-17	4.09e-06	4.12e-04	3.80e-03	8.26e-03	3.26e-02	2.82e-01	5.19e-01	1.39e-01	1.33e-02	1.13e-03	9.20e-05	2.48e-06	0.00e+00	0.00e+00	0.00e+00	0.00e+00
 4.45134e+22	4.06e-17	4.89e-06	4.81e-04	4.33e-03	9.12e-03	3.56e-02	2.93e-01	5.13e-01	1.32e-01	1.22e-02	1.00e-03	7.94e-05	2.09e-06	0.00e+00	0.00e+00	0.00e+00	0.00e+00
 4.47732e+22	5.63e-17	6.12e-06	5.85e-04	5.09e-03	1.03e-02	3.95e-02	3.05e-01	5.05e-01	1.23e-01	1.09e-02	8.64e-04	6.61e-05	1.68e-06	0.00e+00	0.00e+00	0.00e+00	0.00e+00
 4.50444e+22	7.57e-17	7.48e-06	6.96e-04	5.88e-03	1.15e-02	4.33e-02	3.17e-01	4.96e-01	1.15e-01	9.79e-03	7.52e-04	5.58e-05	1.38e-06	0.00e+00	0.00e+00	0.00e+00	0.00e+00
 4.52893e+22	9.94e-17	9.04e-06	8.20e-04	6.72e-03	1.27e-02	4.72e-02	3.28e-01	4.87e-01	1.08e-01	8.87e-03	6.59e-04	4.76e-05	1.15e-06	0.00e+00	0.00e+00	0.00e+00	0.00e+00
 4.55666e+22	1.42e-16	1.15e-05	1.01e-03	7.97e-03	1.44e-02	5.25e-02	3.41e-01	4.75e-01	9.91e-02	7.81e-03	5.58e-04	3.89e-05	9.05e-07	0.00e+00	0.00e+00	0.00e+00	0.00e+00
 4.58514e+22	1.96e-16	1.42e-05	1.20e-03	9.21e-03	1.61e-02	5.74e-02	3.53e-01	4.64e-01	9.19e-02	6.98e-03	4.81e-04	3.25e-05	7.35e-07	0.00e+00	0.00e+00	0.00e+00	0.00e+00
 4.61044e+22	2.62e-16	1.73e-05	1.43e-03	1.06e-02	1.78e-02	6.24e-02	3.63e-01	4.53e-01	8.55e-02	6.26e-03	4.18e-04	2.74e-05	6.03e-07	0.00e+00	0.00e+00	0.00e+00	0.00e+00
 4.63919e+22	3.83e-16	2.22e-05	1.76e-03	1.25e-02	2.02e-02	6.91e-02	3.75e-01	4.38e-01	7.78e-02	5.45e-03	3.49e-04	2.21e-05	4.70e-07	0.00e+00	0.00e+00	0.00e+00	0.00e+00
 4.66887e+22	5.49e-16	2.76e-05	2.12e-03	1.45e-02	2.24e-02	7.54e-02	3.86e-01	4.24e-01	7.14e-02	4.81e-03	2.97e-04	1.82e-05	3.76e-07	0.00e+00	0.00e+00	0.00e+00	0.00e+00
 4.69512e+22	7.49e-16	3.38e-05	2.51e-03	1.66e-02	2.48e-02	8.16e-02	3.94e-01	4.10e-01	6.57e-02	4.28e-03	2.56e-04	1.52e-05	3.05e-07	0.00e+00	0.00e+00	0.00e+00	0.00e+00
 4.72458e+22	1.13e-15	4.36e-05	3.10e-03	1.97e-02	2.80e-02	8.98e-02	4.05e-01	3.92e-01	5.91e-02	3.68e-03	2.11e-04	1.21e-05	2.34e-07	0.00e+00	0.00e+00	0.00e+00	0.00e+00
 4.75469e+22	1.68e-15	5.41e-05	3.71e-03	2.27e-02	3.10e-02	9.72e-02	4.12e-01	3.76e-01	5.38e-02	3.23e-03	1.78e-04	9.90e-06	1.86e-07	0.00e+00	0.00e+00	0.00e+00	0.00e+00
 4.78143e+22	2.35e-15	6.65e-05	4.41e-03	2.59e-02	3.41e-02	1.05e-01	4.19e-01	3.60e-01	4.90e-02	2.84e-03	1.52e-04	8.16e-06	1.49e-07	0.00e+00	0.00e+00	0.00e+00	0.00e+00
 4.81198e+22	3.71e-15	8.63e-05	5.47e-03	3.07e-02	3.83e-02	1.14e-01	4.25e-01	3.40e-01	4.34e-02	2.40e-03	1.23e-04	6.37e-06	0.00e+00	0.00e+00	0.00e+00	0.00e+00	0.00e+00
 4.84316e+22	5.98e-15	1.07e-04	6.55e-03	3.53e-02	4.23e-02	1.23e-01	4.30e-01	3.22e-01	3.89e-02	2.07e-03	1.02e-04	5.12e-06	0.00e+00	0.00e+00	0.00e+00	0.00e+00	0.00e+00
 4.87085e+22	8.42e-15	1.33e-04	7.77e-03	4.02e-02	4.63e-02	1.32e-01	4.32e-01	3.05e-01	3.50e-02	1.80e-03	8.57e-05	4.16e-06	0.00e+00	0.00e+00	0.00e+00	0.00e+00	0.00e+00
 4.90254e+22	1.44e-14	1.72e-04	9.62e-03	4.74e-02	5.18e-02	1.42e-01	4.33e-01	2.83e-01	3.04e-02	1.50e-03	6.82e-05	3.18e-06	0.00e+00	0.00e+00	0.00e+00	0.00e+00	0.00e+00
 4.93498e+22	2.68e-14	2.15e-04	1.15e-02	5.43e-02	5.67e-02	1.52e-01	4.33e-01	2.65e-01	2.68e-02	1.27e-03	5.57e-05	2.51e-06	0.00e+00	0.00e+00	0.00e+00	0.00e+00	0.00e+00
 4.96275e+22	4.03e-14	2.62e-04	1.35e-02	6.11e-02	6.13e-02	1.60e-01	4.31e-01	2.48e-01	2.39e-02	1.09e-03	4.64e-05	2.03e-06	0.00e+00	0.00e+00	0.00e+00	0.00e+00	0.00e+00
 4.99320e+22	7.13e-14	3.34e-04	1.64e-02	7.06e-02	6.75e-02	1.70e-01	4.26e-01	2.27e-01	2.06e-02	9.05e-04	3.68e-05	1.55e-06	0.00e+00	0.00e+00	0.00e+00	0.00e+00	0.00e+00
 5.02442e+22	1.27e-13	4.09e-04	1.93e-02	7.95e-02	7.28e-02	1.79e-01	4.20e-01	2.10e-01	1.81e-02	7.65e-04	3.00e-05	1.22e-06	0.00e+00	0.00e+00	0.00e+00	0.00e+00	0.00e+00
 5.05225e+22	2.37e-13	4.97e-04	2.25e-02	8.89e-02	7.82e-02	1.87e-01	4.13e-01	1.94e-01	1.58e-02	6.48e-04	2.45e-05	9.70e-07	0.00e+00	0.00e+00	0.00e+00	0.00e+00	0.00e+00
 5.08400e+22	5.21e-13	6.33e-04	2.72e-02	1.02e-01	8.51e-02	1.96e-01	4.01e-01	1.74e-01	1.33e-02	5.23e-04	1.90e-05	7.20e-07	0.00e+00	0.00e+00	0.00e+00	0.00e+00	0.00e+00
 5.11629e+22	1.38e-12	7.71e-04	3.17e-02	1.14e-01	9.08e-02	2.03e-01	3.90e-01	1.58e-01	1.15e-02	4.34e-04	1.52e-05	5.57e-07	0.00e+00	0.00e+00	0.00e+00	0.00e+00	0.00e+00
 5.14371e+22	2.82e-12	9.20e-04	3.64e-02	1.25e-01	9.60e-02	2.09e-01	3.78e-01	1.45e-01	9.94e-03	3.65e-04	1.23e-05	4.39e-07	0.00e+00	0.00e+00	0.00e+00	0.00e+00	0.00e+00
 5.17381e+22	8.63e-12	1.14e-03	4.28e-02	1.40e-01	1.02e-01	2.14e-01	3.62e-01	1.28e-01	8.31e-03	2.94e-04	9.51e-06	3.27e-07	0.00e+00	0.00e+00	0.00e+00	0.00e+00	0.00e+00
 5.20472e+22	2.97e-11	1.36e-03	4.90e-02	1.53e-01	1.08e-01	2.19e-01	3.48e-01	1.16e-01	7.09e-03	2.43e-04	7.59e-06	2.53e-07	0.00e+00	0.00e+00	0.00e+00	0.00e+00	0.00e+00
 5.22951e+22	1.09e-10	1.56e-03	5.44e-02	1.64e-01	1.11e-01	2.21e-01	3.35e-01	1.06e-01	6.25e-03	2.09e-04	6.33e-06	2.06e-07	0.00e+00	0.00e+00	0.00e+00	0.00e+00	0.00e+00
 5.25459e+22	4.94e-10	1.84e-03	6.17e-02	1.78e-01	1.16e-01	2.23e-01	3.19e-01	9.46e-02	5.29e-03	1.72e-04	5.02e-06	1.58e-07	0.00e+00	0.00e+00	0.00e+00	0.00e+00	0.00e+00
 5.28010e+22	1.74e-09	2.11e-03	6.82e-02	1.89e-01	1.20e-01	2.24e-01	3.06e-01	8.59e-02	4.61e-03	1.46e-04	4.14e-06	1.27e-07	0.00e+00	0.00e+00	0.00e+00	0.00e+00	0.00e+00
 5.30616e+22	1.07e-08	2.49e-03	7.71e-02	2.04e-01	1.24e-01	2.25e-01	2.88e-01	7.57e-02	3.86e-03	1.18e-04	3.24e-06	0.00e+00	0.00e+00	0.00e+00	0.00e+00	0.00e+00	0.00e+00
 5.33251e+22	4.58e-08	2.84e-03	8.49e-02	2.16e-01	1.27e-01	2.24e-01	2.73e-01	6.80e-02	3.32e-03	9.90e-05	2.63e-06	0.00e+00	0.00e+00	0.00e+00	0.00e+00	0.00e+00	0.00e+00
 5.35569e+22	2.56e-07	3.22e-03	9.30e-02	2.28e-01	1.30e-01	2.23e-01	2.59e-01	6.11e-02	2.85e-03	8.31e-05	2.14e-06	0.00e+00	0.00e+00	0.00e+00	0.00e+00	0.00e+00	0.00e+00
 5.38228e+22	6.92e-07	3.77e-03	1.04e-01	2.44e-01	1.33e-01	2.20e-01	2.40e-01	5.29e-02	2.34e-03	6.62e-05	1.64e-06	0.00e+00	0.00e+00	0.00e+00	0.00e+00	0.00e+00	0.00e+00
