#depth	Ne	Ne+	Ne+2	Ne+3	Ne+4	Ne+5	Ne+6	Ne+7	Ne+8	Ne+9	Ne+10
 4.62852e+21	1.55e-33	1.21e-27	1.18e-22	1.89e-18	7.30e-15	8.02e-12	4.18e-09	1.37e-06	8.65e-04	5.40e-02	9.45e-01
 1.02072e+22	1.28e-30	4.68e-25	2.12e-20	1.58e-16	2.91e-13	1.47e-10	3.33e-08	5.06e-06	2.33e-03	9.15e-02	9.06e-01
 1.15710e+22	1.50e-29	4.26e-24	1.48e-19	8.47e-16	1.21e-12	4.66e-10	7.91e-08	9.13e-06	3.46e-03	1.11e-01	8.86e-01
 1.21914e+22	4.84e-29	1.22e-23	3.73e-19	1.89e-15	2.39e-12	8.13e-10	1.20e-07	1.22e-05	4.18e-03	1.21e-01	8.75e-01
 1.24600e+22	6.84e-29	1.66e-23	4.90e-19	2.40e-15	2.92e-12	9.59e-10	1.37e-07	1.33e-05	4.42e-03	1.24e-01	8.72e-01
 1.26023e+22	1.06e-28	2.47e-23	6.95e-19	3.25e-15	3.78e-12	1.18e-09	1.60e-07	1.49e-05	4.75e-03	1.28e-01	8.67e-01
 1.27577e+22	1.61e-28	3.57e-23	9.64e-19	4.32e-15	4.82e-12	1.44e-09	1.86e-07	1.66e-05	5.07e-03	1.32e-01	8.63e-01
 1.29303e+22	2.79e-28	5.87e-23	1.49e-18	6.31e-15	6.65e-12	1.88e-09	2.27e-07	1.90e-05	5.54e-03	1.38e-01	8.57e-01
 1.31025e+22	4.13e-28	8.35e-23	2.04e-18	8.27e-15	8.38e-12	2.27e-09	2.63e-07	2.10e-05	5.91e-03	1.42e-01	8.52e-01
 1.32743e+22	7.05e-28	1.35e-22	3.11e-18	1.20e-14	1.15e-11	2.94e-09	3.19e-07	2.41e-05	6.44e-03	1.47e-01	8.46e-01
 1.34501e+22	1.08e-27	1.98e-22	4.36e-18	1.60e-14	1.47e-11	3.60e-09	3.73e-07	2.69e-05	6.90e-03	1.52e-01	8.41e-01
 1.36311e+22	1.89e-27	3.28e-22	6.81e-18	2.36e-14	2.05e-11	4.72e-09	4.58e-07	3.10e-05	7.55e-03	1.58e-01	8.34e-01
 1.38070e+22	2.82e-27	4.69e-22	9.35e-18	3.11e-14	2.59e-11	5.72e-09	5.30e-07	3.44e-05	8.05e-03	1.63e-01	8.29e-01
 1.39523e+22	4.19e-27	6.70e-22	1.28e-17	4.09e-14	3.27e-11	6.92e-09	6.12e-07	3.80e-05	8.57e-03	1.68e-01	8.24e-01
 1.40956e+22	6.23e-27	9.58e-22	1.75e-17	5.37e-14	4.13e-11	8.38e-09	7.07e-07	4.21e-05	9.13e-03	1.72e-01	8.18e-01
 1.42601e+22	1.05e-26	1.53e-21	2.65e-17	7.70e-14	5.61e-11	1.08e-08	8.55e-07	4.80e-05	9.92e-03	1.79e-01	8.11e-01
 1.44116e+22	1.45e-26	2.05e-21	3.44e-17	9.64e-14	6.79e-11	1.26e-08	9.62e-07	5.21e-05	1.04e-02	1.83e-01	8.07e-01
 1.45232e+22	1.97e-26	2.70e-21	4.38e-17	1.19e-13	8.12e-11	1.46e-08	1.07e-06	5.63e-05	1.10e-02	1.87e-01	8.02e-01
 1.46287e+22	2.67e-26	3.55e-21	5.56e-17	1.46e-13	9.68e-11	1.68e-08	1.20e-06	6.08e-05	1.15e-02	1.91e-01	7.98e-01
 1.47495e+22	3.95e-26	5.05e-21	7.59e-17	1.92e-13	1.22e-10	2.03e-08	1.38e-06	6.70e-05	1.22e-02	1.96e-01	7.92e-01
 1.48698e+22	5.37e-26	6.65e-21	9.68e-17	2.36e-13	1.46e-10	2.34e-08	1.54e-06	7.24e-05	1.28e-02	2.00e-01	7.87e-01
 1.49706e+22	7.14e-26	8.59e-21	1.21e-16	2.87e-13	1.72e-10	2.68e-08	1.71e-06	7.77e-05	1.34e-02	2.04e-01	7.83e-01
 1.50824e+22	1.06e-25	1.23e-20	1.66e-16	3.77e-13	2.16e-10	3.24e-08	1.97e-06	8.57e-05	1.42e-02	2.09e-01	7.77e-01
 1.51918e+22	1.37e-25	1.54e-20	2.03e-16	4.49e-13	2.51e-10	3.66e-08	2.16e-06	9.14e-05	1.48e-02	2.13e-01	7.73e-01
 1.52979e+22	2.02e-25	2.19e-20	2.76e-16	5.86e-13	3.15e-10	4.39e-08	2.48e-06	1.01e-04	1.56e-02	2.18e-01	7.66e-01
 1.54003e+22	2.59e-25	2.74e-20	3.36e-16	6.95e-13	3.64e-10	4.94e-08	2.71e-06	1.07e-04	1.63e-02	2.21e-01	7.62e-01
 1.54979e+22	3.66e-25	3.74e-20	4.42e-16	8.80e-13	4.44e-10	5.81e-08	3.06e-06	1.16e-04	1.71e-02	2.26e-01	7.57e-01
 1.55981e+22	4.88e-25	4.84e-20	5.54e-16	1.07e-12	5.24e-10	6.65e-08	3.38e-06	1.25e-04	1.79e-02	2.30e-01	7.52e-01
 1.57018e+22	7.23e-25	6.88e-20	7.54e-16	1.40e-12	6.57e-10	7.99e-08	3.88e-06	1.37e-04	1.89e-02	2.36e-01	7.45e-01
 1.58034e+22	9.43e-25	8.75e-20	9.31e-16	1.68e-12	7.67e-10	9.06e-08	4.27e-06	1.47e-04	1.97e-02	2.40e-01	7.40e-01
 1.58885e+22	1.25e-24	1.13e-19	1.16e-15	2.03e-12	9.01e-10	1.03e-07	4.71e-06	1.57e-04	2.05e-02	2.44e-01	7.35e-01
 1.59707e+22	1.62e-24	1.43e-19	1.43e-15	2.42e-12	1.05e-09	1.17e-07	5.16e-06	1.67e-04	2.13e-02	2.48e-01	7.31e-01
 1.60632e+22	2.38e-24	2.00e-19	1.93e-15	3.13e-12	1.30e-09	1.39e-07	5.89e-06	1.83e-04	2.25e-02	2.53e-01	7.24e-01
 1.61531e+22	3.04e-24	2.50e-19	2.34e-15	3.71e-12	1.50e-09	1.56e-07	6.42e-06	1.94e-04	2.34e-02	2.57e-01	7.19e-01
 1.62397e+22	4.38e-24	3.47e-19	3.11e-15	4.74e-12	1.84e-09	1.85e-07	7.28e-06	2.12e-04	2.46e-02	2.63e-01	7.12e-01
 1.63269e+22	5.66e-24	4.37e-19	3.81e-15	5.63e-12	2.13e-09	2.08e-07	7.96e-06	2.25e-04	2.56e-02	2.67e-01	7.08e-01
 1.64149e+22	8.29e-24	6.16e-19	5.14e-15	7.28e-12	2.65e-09	2.48e-07	9.08e-06	2.46e-04	2.70e-02	2.72e-01	7.00e-01
 1.65030e+22	1.09e-23	7.84e-19	6.34e-15	8.73e-12	3.09e-09	2.80e-07	9.97e-06	2.63e-04	2.81e-02	2.77e-01	6.95e-01
 1.65912e+22	1.59e-23	1.10e-18	8.54e-15	1.13e-11	3.83e-09	3.34e-07	1.14e-05	2.87e-04	2.96e-02	2.83e-01	6.88e-01
 1.66782e+22	2.11e-23	1.42e-18	1.07e-14	1.36e-11	4.49e-09	3.80e-07	1.25e-05	3.07e-04	3.08e-02	2.87e-01	6.82e-01
 1.67637e+22	3.09e-23	2.00e-18	1.44e-14	1.76e-11	5.57e-09	4.52e-07	1.43e-05	3.36e-04	3.25e-02	2.93e-01	6.74e-01
 1.68500e+22	4.17e-23	2.62e-18	1.82e-14	2.15e-11	6.59e-09	5.19e-07	1.58e-05	3.60e-04	3.39e-02	2.98e-01	6.68e-01
 1.69374e+22	6.23e-23	3.75e-18	2.48e-14	2.81e-11	8.25e-09	6.23e-07	1.82e-05	3.96e-04	3.59e-02	3.04e-01	6.59e-01
 1.70218e+22	8.28e-23	4.84e-18	3.10e-14	3.39e-11	9.68e-09	7.09e-07	2.00e-05	4.23e-04	3.74e-02	3.09e-01	6.53e-01
 1.71022e+22	1.21e-22	6.81e-18	4.17e-14	4.37e-11	1.20e-08	8.43e-07	2.28e-05	4.63e-04	3.94e-02	3.15e-01	6.45e-01
 1.71831e+22	1.63e-22	8.87e-18	5.25e-14	5.32e-11	1.41e-08	9.64e-07	2.53e-05	4.96e-04	4.11e-02	3.20e-01	6.39e-01
 1.72645e+22	2.40e-22	1.26e-17	7.10e-14	6.88e-11	1.75e-08	1.15e-06	2.89e-05	5.43e-04	4.34e-02	3.26e-01	6.30e-01
 1.73469e+22	3.23e-22	1.64e-17	8.93e-14	8.37e-11	2.07e-08	1.32e-06	3.20e-05	5.83e-04	4.52e-02	3.31e-01	6.23e-01
 1.74306e+22	4.76e-22	2.32e-17	1.21e-13	1.08e-10	2.57e-08	1.57e-06	3.66e-05	6.39e-04	4.77e-02	3.38e-01	6.14e-01
 1.75163e+22	6.51e-22	3.06e-17	1.54e-13	1.33e-10	3.06e-08	1.82e-06	4.08e-05	6.88e-04	4.99e-02	3.43e-01	6.06e-01
 1.75923e+22	8.83e-22	4.03e-17	1.95e-13	1.63e-10	3.63e-08	2.09e-06	4.54e-05	7.41e-04	5.21e-02	3.48e-01	5.99e-01
 1.76761e+22	1.28e-21	5.63e-17	2.61e-13	2.09e-10	4.48e-08	2.48e-06	5.18e-05	8.10e-04	5.49e-02	3.55e-01	5.90e-01
 1.77608e+22	1.74e-21	7.41e-17	3.32e-13	2.56e-10	5.32e-08	2.86e-06	5.78e-05	8.73e-04	5.74e-02	3.60e-01	5.82e-01
 1.78454e+22	2.51e-21	1.03e-16	4.41e-13	3.26e-10	6.53e-08	3.39e-06	6.58e-05	9.54e-04	6.05e-02	3.66e-01	5.72e-01
 1.79316e+22	3.43e-21	1.36e-16	5.61e-13	4.01e-10	7.78e-08	3.92e-06	7.36e-05	1.03e-03	6.32e-02	3.72e-01	5.64e-01
 1.80178e+22	4.89e-21	1.86e-16	7.39e-13	5.07e-10	9.49e-08	4.63e-06	8.36e-05	1.12e-03	6.65e-02	3.78e-01	5.54e-01
 1.81053e+22	6.67e-21	2.46e-16	9.42e-13	6.23e-10	1.13e-07	5.36e-06	9.36e-05	1.21e-03	6.96e-02	3.83e-01	5.46e-01
 1.81932e+22	9.35e-21	3.33e-16	1.23e-12	7.81e-10	1.37e-07	6.29e-06	1.06e-04	1.32e-03	7.31e-02	3.89e-01	5.36e-01
 1.82809e+22	1.25e-20	4.32e-16	1.54e-12	9.47e-10	1.62e-07	7.22e-06	1.18e-04	1.42e-03	7.63e-02	3.94e-01	5.28e-01
 1.83712e+22	1.76e-20	5.87e-16	2.01e-12	1.19e-09	1.97e-07	8.51e-06	1.34e-04	1.55e-03	8.02e-02	4.00e-01	5.18e-01
 1.84626e+22	2.33e-20	7.57e-16	2.51e-12	1.44e-09	2.31e-07	9.75e-06	1.49e-04	1.67e-03	8.37e-02	4.05e-01	5.09e-01
 1.85560e+22	3.25e-20	1.02e-15	3.25e-12	1.80e-09	2.80e-07	1.15e-05	1.69e-04	1.81e-03	8.79e-02	4.11e-01	4.99e-01
 1.86521e+22	4.32e-20	1.32e-15	4.06e-12	2.18e-09	3.30e-07	1.32e-05	1.88e-04	1.95e-03	9.17e-02	4.16e-01	4.90e-01
 1.87508e+22	5.98e-20	1.76e-15	5.25e-12	2.71e-09	3.99e-07	1.54e-05	2.13e-04	2.13e-03	9.63e-02	4.21e-01	4.80e-01
 1.88526e+22	7.93e-20	2.27e-15	6.56e-12	3.28e-09	4.71e-07	1.77e-05	2.38e-04	2.29e-03	1.00e-01	4.26e-01	4.71e-01
 1.89582e+22	1.10e-19	3.05e-15	8.49e-12	4.10e-09	5.70e-07	2.09e-05	2.70e-04	2.50e-03	1.06e-01	4.32e-01	4.60e-01
 1.90667e+22	1.45e-19	3.92e-15	1.06e-11	4.95e-09	6.72e-07	2.40e-05	3.02e-04	2.70e-03	1.10e-01	4.36e-01	4.51e-01
 1.91796e+22	2.00e-19	5.24e-15	1.37e-11	6.17e-09	8.14e-07	2.82e-05	3.43e-04	2.94e-03	1.16e-01	4.41e-01	4.40e-01
 1.92957e+22	2.63e-19	6.70e-15	1.70e-11	7.44e-09	9.57e-07	3.24e-05	3.82e-04	3.17e-03	1.21e-01	4.46e-01	4.30e-01
 1.94187e+22	3.67e-19	9.06e-15	2.21e-11	9.36e-09	1.17e-06	3.84e-05	4.37e-04	3.47e-03	1.27e-01	4.51e-01	4.19e-01
 1.95423e+22	4.76e-19	1.14e-14	2.72e-11	1.12e-08	1.37e-06	4.38e-05	4.85e-04	3.73e-03	1.32e-01	4.54e-01	4.09e-01
 1.96684e+22	6.58e-19	1.54e-14	3.53e-11	1.40e-08	1.66e-06	5.18e-05	5.53e-04	4.08e-03	1.39e-01	4.59e-01	3.98e-01
 1.97973e+22	8.50e-19	1.93e-14	4.33e-11	1.67e-08	1.94e-06	5.91e-05	6.14e-04	4.38e-03	1.44e-01	4.62e-01	3.88e-01
 1.99089e+22	1.07e-18	2.39e-14	5.23e-11	1.97e-08	2.23e-06	6.66e-05	6.75e-04	4.67e-03	1.49e-01	4.65e-01	3.80e-01
 2.00327e+22	1.44e-18	3.12e-14	6.61e-11	2.41e-08	2.67e-06	7.76e-05	7.62e-04	5.07e-03	1.56e-01	4.69e-01	3.69e-01
 2.01582e+22	1.80e-18	3.83e-14	7.95e-11	2.83e-08	3.07e-06	8.73e-05	8.37e-04	5.41e-03	1.62e-01	4.71e-01	3.61e-01
 2.02859e+22	2.41e-18	4.99e-14	1.01e-10	3.47e-08	3.67e-06	1.02e-04	9.45e-04	5.87e-03	1.69e-01	4.74e-01	3.50e-01
 2.04150e+22	3.00e-18	6.08e-14	1.20e-10	4.05e-08	4.20e-06	1.14e-04	1.03e-03	6.24e-03	1.75e-01	4.76e-01	3.42e-01
 2.05286e+22	3.72e-18	7.40e-14	1.43e-10	4.71e-08	4.80e-06	1.28e-04	1.13e-03	6.64e-03	1.80e-01	4.78e-01	3.33e-01
 2.06588e+22	4.90e-18	9.51e-14	1.79e-10	5.73e-08	5.69e-06	1.48e-04	1.27e-03	7.18e-03	1.88e-01	4.80e-01	3.23e-01
 2.07885e+22	5.98e-18	1.14e-13	2.10e-10	6.59e-08	6.43e-06	1.64e-04	1.38e-03	7.59e-03	1.94e-01	4.82e-01	3.15e-01
 2.09175e+22	7.77e-18	1.45e-13	2.60e-10	7.94e-08	7.58e-06	1.88e-04	1.54e-03	8.18e-03	2.01e-01	4.83e-01	3.05e-01
 2.10486e+22	9.49e-18	1.74e-13	3.06e-10	9.15e-08	8.58e-06	2.09e-04	1.67e-03	8.65e-03	2.07e-01	4.84e-01	2.98e-01
 2.11823e+22	1.23e-17	2.21e-13	3.79e-10	1.10e-07	1.01e-05	2.41e-04	1.87e-03	9.33e-03	2.15e-01	4.85e-01	2.88e-01
 2.13180e+22	1.50e-17	2.64e-13	4.45e-10	1.27e-07	1.14e-05	2.67e-04	2.03e-03	9.86e-03	2.22e-01	4.86e-01	2.81e-01
 2.14562e+22	1.94e-17	3.35e-13	5.50e-10	1.53e-07	1.34e-05	3.07e-04	2.26e-03	1.06e-02	2.30e-01	4.86e-01	2.71e-01
 2.15969e+22	2.37e-17	4.01e-13	6.47e-10	1.76e-07	1.52e-05	3.41e-04	2.46e-03	1.12e-02	2.37e-01	4.86e-01	2.63e-01
 2.17201e+22	2.87e-17	4.78e-13	7.57e-10	2.02e-07	1.72e-05	3.78e-04	2.66e-03	1.18e-02	2.43e-01	4.86e-01	2.56e-01
 2.18595e+22	3.66e-17	5.98e-13	9.27e-10	2.41e-07	2.00e-05	4.31e-04	2.95e-03	1.27e-02	2.52e-01	4.85e-01	2.47e-01
 2.19986e+22	4.37e-17	7.04e-13	1.07e-09	2.73e-07	2.24e-05	4.72e-04	3.18e-03	1.33e-02	2.58e-01	4.85e-01	2.41e-01
 2.21372e+22	5.55e-17	8.76e-13	1.31e-09	3.25e-07	2.60e-05	5.37e-04	3.52e-03	1.43e-02	2.66e-01	4.83e-01	2.32e-01
 2.22777e+22	6.63e-17	1.03e-12	1.51e-09	3.69e-07	2.91e-05	5.90e-04	3.78e-03	1.50e-02	2.73e-01	4.82e-01	2.26e-01
 2.24207e+22	8.35e-17	1.27e-12	1.83e-09	4.36e-07	3.36e-05	6.67e-04	4.16e-03	1.60e-02	2.81e-01	4.81e-01	2.17e-01
 2.25686e+22	1.01e-16	1.52e-12	2.14e-09	4.99e-07	3.78e-05	7.36e-04	4.49e-03	1.68e-02	2.88e-01	4.79e-01	2.11e-01
 2.27227e+22	1.29e-16	1.90e-12	2.61e-09	5.95e-07	4.41e-05	8.39e-04	4.98e-03	1.80e-02	2.98e-01	4.77e-01	2.02e-01
 2.28794e+22	1.56e-16	2.26e-12	3.05e-09	6.82e-07	4.96e-05	9.25e-04	5.37e-03	1.89e-02	3.05e-01	4.74e-01	1.96e-01
 2.30392e+22	1.99e-16	2.82e-12	3.73e-09	8.12e-07	5.78e-05	1.05e-03	5.93e-03	2.02e-02	3.14e-01	4.71e-01	1.88e-01
 2.32045e+22	2.43e-16	3.39e-12	4.40e-09	9.37e-07	6.54e-05	1.17e-03	6.42e-03	2.13e-02	3.21e-01	4.69e-01	1.81e-01
 2.33770e+22	3.13e-16	4.28e-12	5.43e-09	1.13e-06	7.67e-05	1.33e-03	7.12e-03	2.28e-02	3.31e-01	4.65e-01	1.73e-01
 2.35550e+22	3.87e-16	5.20e-12	6.46e-09	1.31e-06	8.74e-05	1.48e-03	7.74e-03	2.41e-02	3.39e-01	4.61e-01	1.66e-01
 2.37403e+22	5.05e-16	6.65e-12	8.06e-09	1.59e-06	1.03e-04	1.71e-03	8.62e-03	2.58e-02	3.50e-01	4.56e-01	1.58e-01
 2.39261e+22	6.21e-16	8.03e-12	9.54e-09	1.84e-06	1.17e-04	1.90e-03	9.34e-03	2.72e-02	3.58e-01	4.52e-01	1.52e-01
 2.41126e+22	8.06e-16	1.02e-11	1.18e-08	2.22e-06	1.38e-04	2.17e-03	1.04e-02	2.91e-02	3.68e-01	4.46e-01	1.44e-01
 2.43069e+22	1.01e-15	1.25e-11	1.42e-08	2.60e-06	1.58e-04	2.43e-03	1.13e-02	3.07e-02	3.76e-01	4.41e-01	1.38e-01
 2.45114e+22	1.34e-15	1.62e-11	1.80e-08	3.19e-06	1.89e-04	2.82e-03	1.27e-02	3.31e-02	3.88e-01	4.34e-01	1.29e-01
 2.47158e+22	1.66e-15	1.98e-11	2.15e-08	3.72e-06	2.15e-04	3.14e-03	1.37e-02	3.49e-02	3.96e-01	4.29e-01	1.23e-01
 2.49202e+22	2.18e-15	2.55e-11	2.70e-08	4.55e-06	2.57e-04	3.64e-03	1.54e-02	3.75e-02	4.07e-01	4.21e-01	1.16e-01
 2.51276e+22	2.71e-15	3.11e-11	3.23e-08	5.32e-06	2.94e-04	4.07e-03	1.67e-02	3.95e-02	4.15e-01	4.14e-01	1.10e-01
 2.53024e+22	3.28e-15	3.72e-11	3.80e-08	6.12e-06	3.32e-04	4.50e-03	1.81e-02	4.15e-02	4.23e-01	4.08e-01	1.05e-01
 2.54934e+22	4.19e-15	4.67e-11	4.68e-08	7.35e-06	3.90e-04	5.16e-03	2.00e-02	4.43e-02	4.33e-01	3.99e-01	9.82e-02
 2.56826e+22	5.03e-15	5.54e-11	5.46e-08	8.41e-06	4.38e-04	5.69e-03	2.16e-02	4.65e-02	4.40e-01	3.93e-01	9.35e-02
 2.58698e+22	6.34e-15	6.88e-11	6.65e-08	1.00e-05	5.12e-04	6.48e-03	2.39e-02	4.95e-02	4.49e-01	3.83e-01	8.74e-02
 2.60592e+22	7.59e-15	8.14e-11	7.76e-08	1.15e-05	5.76e-04	7.17e-03	2.58e-02	5.19e-02	4.56e-01	3.76e-01	8.28e-02
 2.62516e+22	9.50e-15	1.01e-10	9.46e-08	1.37e-05	6.74e-04	8.19e-03	2.85e-02	5.54e-02	4.65e-01	3.66e-01	7.68e-02
 2.64451e+22	1.13e-14	1.18e-10	1.10e-07	1.56e-05	7.59e-04	9.05e-03	3.08e-02	5.81e-02	4.71e-01	3.58e-01	7.25e-02
 2.66401e+22	1.40e-14	1.45e-10	1.33e-07	1.86e-05	8.86e-04	1.03e-02	3.41e-02	6.20e-02	4.79e-01	3.46e-01	6.69e-02
 2.68375e+22	1.64e-14	1.70e-10	1.54e-07	2.12e-05	9.98e-04	1.15e-02	3.69e-02	6.51e-02	4.85e-01	3.37e-01	6.27e-02
 2.70380e+22	2.00e-14	2.06e-10	1.86e-07	2.51e-05	1.17e-03	1.31e-02	4.10e-02	6.95e-02	4.93e-01	3.25e-01	5.73e-02
 2.72407e+22	2.32e-14	2.38e-10	2.14e-07	2.86e-05	1.31e-03	1.45e-02	4.44e-02	7.31e-02	4.98e-01	3.15e-01	5.33e-02
 2.74444e+22	2.75e-14	2.84e-10	2.55e-07	3.36e-05	1.53e-03	1.66e-02	4.91e-02	7.79e-02	5.04e-01	3.02e-01	4.84e-02
 2.76376e+22	3.09e-14	3.19e-10	2.87e-07	3.74e-05	1.69e-03	1.81e-02	5.26e-02	8.14e-02	5.08e-01	2.93e-01	4.53e-02
 2.78190e+22	3.50e-14	3.65e-10	3.30e-07	4.28e-05	1.92e-03	2.03e-02	5.75e-02	8.61e-02	5.12e-01	2.81e-01	4.12e-02
 2.80041e+22	3.86e-14	4.06e-10	3.69e-07	4.76e-05	2.13e-03	2.23e-02	6.17e-02	9.00e-02	5.15e-01	2.71e-01	3.82e-02
 2.81853e+22	4.24e-14	4.54e-10	4.18e-07	5.37e-05	2.39e-03	2.48e-02	6.70e-02	9.49e-02	5.17e-01	2.59e-01	3.48e-02
 2.83706e+22	4.57e-14	4.97e-10	4.64e-07	5.96e-05	2.65e-03	2.72e-02	7.19e-02	9.93e-02	5.19e-01	2.48e-01	3.19e-02
 2.85477e+22	4.88e-14	5.42e-10	5.15e-07	6.62e-05	2.94e-03	2.98e-02	7.73e-02	1.04e-01	5.20e-01	2.37e-01	2.91e-02
 2.87264e+22	5.14e-14	5.85e-10	5.66e-07	7.30e-05	3.25e-03	3.26e-02	8.27e-02	1.09e-01	5.19e-01	2.27e-01	2.66e-02
 2.89011e+22	5.35e-14	6.26e-10	6.19e-07	8.02e-05	3.57e-03	3.55e-02	8.83e-02	1.13e-01	5.19e-01	2.16e-01	2.43e-02
 2.90734e+22	5.52e-14	6.65e-10	6.74e-07	8.78e-05	3.92e-03	3.86e-02	9.40e-02	1.18e-01	5.17e-01	2.06e-01	2.21e-02
 2.92440e+22	5.64e-14	7.03e-10	7.31e-07	9.58e-05	4.29e-03	4.19e-02	9.97e-02	1.23e-01	5.15e-01	1.96e-01	2.02e-02
 2.94138e+22	5.72e-14	7.39e-10	7.90e-07	1.04e-04	4.69e-03	4.53e-02	1.06e-01	1.28e-01	5.12e-01	1.86e-01	1.83e-02
 2.95835e+22	5.76e-14	7.75e-10	8.54e-07	1.14e-04	5.11e-03	4.89e-02	1.12e-01	1.32e-01	5.08e-01	1.77e-01	1.67e-02
 2.97538e+22	5.78e-14	8.10e-10	9.21e-07	1.24e-04	5.58e-03	5.27e-02	1.18e-01	1.37e-01	5.04e-01	1.68e-01	1.51e-02
 2.99252e+22	5.78e-14	8.47e-10	9.95e-07	1.35e-04	6.08e-03	5.68e-02	1.24e-01	1.42e-01	4.99e-01	1.59e-01	1.37e-02
 3.00987e+22	5.77e-14	8.85e-10	1.08e-06	1.48e-04	6.64e-03	6.11e-02	1.30e-01	1.46e-01	4.93e-01	1.50e-01	1.24e-02
 3.02750e+22	5.75e-14	9.27e-10	1.17e-06	1.62e-04	7.25e-03	6.57e-02	1.37e-01	1.51e-01	4.86e-01	1.41e-01	1.12e-02
 3.04544e+22	5.74e-14	9.73e-10	1.27e-06	1.77e-04	7.93e-03	7.07e-02	1.43e-01	1.56e-01	4.79e-01	1.33e-01	1.00e-02
 3.06344e+22	5.74e-14	1.02e-09	1.39e-06	1.95e-04	8.66e-03	7.58e-02	1.50e-01	1.60e-01	4.71e-01	1.25e-01	9.02e-03
 3.08187e+22	5.75e-14	1.08e-09	1.53e-06	2.16e-04	9.51e-03	8.15e-02	1.57e-01	1.64e-01	4.62e-01	1.17e-01	8.05e-03
 3.10045e+22	5.79e-14	1.15e-09	1.68e-06	2.38e-04	1.04e-02	8.73e-02	1.63e-01	1.68e-01	4.53e-01	1.10e-01	7.22e-03
 3.11955e+22	5.86e-14	1.23e-09	1.87e-06	2.66e-04	1.15e-02	9.39e-02	1.70e-01	1.73e-01	4.43e-01	1.02e-01	6.41e-03
 3.13748e+22	5.95e-14	1.31e-09	2.04e-06	2.91e-04	1.24e-02	9.94e-02	1.76e-01	1.76e-01	4.34e-01	9.63e-02	5.82e-03
 3.15571e+22	6.06e-14	1.42e-09	2.30e-06	3.28e-04	1.37e-02	1.07e-01	1.83e-01	1.79e-01	4.23e-01	8.91e-02	5.13e-03
 3.17416e+22	6.29e-14	1.53e-09	2.53e-06	3.61e-04	1.48e-02	1.13e-01	1.88e-01	1.82e-01	4.13e-01	8.40e-02	4.65e-03
 3.19291e+22	6.52e-14	1.68e-09	2.88e-06	4.09e-04	1.64e-02	1.21e-01	1.95e-01	1.85e-01	4.00e-01	7.74e-02	4.08e-03
 3.21211e+22	6.86e-14	1.84e-09	3.22e-06	4.53e-04	1.78e-02	1.28e-01	2.00e-01	1.87e-01	3.90e-01	7.25e-02	3.68e-03
 3.23189e+22	7.32e-14	2.06e-09	3.72e-06	5.19e-04	1.98e-02	1.38e-01	2.07e-01	1.89e-01	3.76e-01	6.64e-02	3.20e-03
 3.25204e+22	7.77e-14	2.28e-09	4.20e-06	5.78e-04	2.16e-02	1.46e-01	2.12e-01	1.91e-01	3.65e-01	6.18e-02	2.87e-03
 3.27266e+22	8.40e-14	2.60e-09	4.92e-06	6.67e-04	2.41e-02	1.56e-01	2.18e-01	1.92e-01	3.49e-01	5.61e-02	2.47e-03
 3.29332e+22	9.13e-14	2.91e-09	5.57e-06	7.45e-04	2.62e-02	1.65e-01	2.23e-01	1.93e-01	3.38e-01	5.22e-02	2.21e-03
 3.31403e+22	1.01e-13	3.37e-09	6.58e-06	8.60e-04	2.91e-02	1.76e-01	2.29e-01	1.94e-01	3.22e-01	4.73e-02	1.90e-03
 3.33505e+22	1.12e-13	3.82e-09	7.51e-06	9.63e-04	3.16e-02	1.85e-01	2.33e-01	1.93e-01	3.10e-01	4.37e-02	1.69e-03
 3.35644e+22	1.27e-13	4.49e-09	8.94e-06	1.12e-03	3.52e-02	1.98e-01	2.38e-01	1.93e-01	2.94e-01	3.93e-02	1.44e-03
 3.37816e+22	1.43e-13	5.15e-09	1.03e-05	1.26e-03	3.83e-02	2.08e-01	2.41e-01	1.92e-01	2.82e-01	3.61e-02	1.27e-03
 3.40033e+22	1.66e-13	6.18e-09	1.24e-05	1.46e-03	4.26e-02	2.21e-01	2.45e-01	1.90e-01	2.66e-01	3.23e-02	1.08e-03
 3.42294e+22	1.91e-13	7.18e-09	1.44e-05	1.65e-03	4.63e-02	2.32e-01	2.48e-01	1.88e-01	2.53e-01	2.95e-02	9.44e-04
 3.44612e+22	2.29e-13	8.76e-09	1.74e-05	1.93e-03	5.16e-02	2.46e-01	2.51e-01	1.85e-01	2.37e-01	2.61e-02	7.90e-04
 3.46983e+22	2.69e-13	1.03e-08	2.04e-05	2.18e-03	5.61e-02	2.58e-01	2.53e-01	1.83e-01	2.24e-01	2.36e-02	6.85e-04
 3.48982e+22	3.10e-13	1.20e-08	2.34e-05	2.44e-03	6.03e-02	2.68e-01	2.54e-01	1.80e-01	2.13e-01	2.16e-02	6.03e-04
 3.51140e+22	3.77e-13	1.46e-08	2.81e-05	2.80e-03	6.62e-02	2.81e-01	2.55e-01	1.76e-01	1.99e-01	1.91e-02	5.09e-04
 3.53323e+22	4.42e-13	1.70e-08	3.24e-05	3.13e-03	7.12e-02	2.92e-01	2.56e-01	1.72e-01	1.88e-01	1.74e-02	4.45e-04
 3.55233e+22	5.18e-13	1.99e-08	3.72e-05	3.48e-03	7.63e-02	3.02e-01	2.55e-01	1.69e-01	1.78e-01	1.58e-02	3.89e-04
 3.57412e+22	6.41e-13	2.43e-08	4.47e-05	3.99e-03	8.33e-02	3.15e-01	2.55e-01	1.64e-01	1.65e-01	1.39e-02	3.26e-04
 3.59579e+22	7.57e-13	2.83e-08	5.10e-05	4.41e-03	8.87e-02	3.25e-01	2.54e-01	1.60e-01	1.56e-01	1.27e-02	2.86e-04
 3.61731e+22	9.43e-13	3.48e-08	6.10e-05	5.04e-03	9.65e-02	3.37e-01	2.52e-01	1.54e-01	1.44e-01	1.11e-02	2.39e-04
 3.63893e+22	1.12e-12	4.06e-08	6.96e-05	5.55e-03	1.02e-01	3.46e-01	2.50e-01	1.50e-01	1.35e-01	1.01e-02	2.09e-04
 3.66068e+22	1.41e-12	4.99e-08	8.32e-05	6.33e-03	1.11e-01	3.58e-01	2.47e-01	1.44e-01	1.24e-01	8.81e-03	1.73e-04
 3.68280e+22	1.69e-12	5.86e-08	9.52e-05	6.97e-03	1.18e-01	3.67e-01	2.45e-01	1.39e-01	1.16e-01	7.94e-03	1.51e-04
 3.70541e+22	2.16e-12	7.27e-08	1.14e-04	7.95e-03	1.27e-01	3.78e-01	2.41e-01	1.33e-01	1.06e-01	6.87e-03	1.24e-04
 3.72837e+22	2.61e-12	8.57e-08	1.31e-04	8.76e-03	1.35e-01	3.86e-01	2.37e-01	1.28e-01	9.87e-02	6.15e-03	1.07e-04
 3.75178e+22	3.38e-12	1.07e-07	1.58e-04	9.99e-03	1.45e-01	3.96e-01	2.32e-01	1.21e-01	8.94e-02	5.27e-03	8.66e-05
 3.77563e+22	4.13e-12	1.27e-07	1.81e-04	1.10e-02	1.54e-01	4.04e-01	2.28e-01	1.16e-01	8.27e-02	4.68e-03	7.39e-05
 3.80006e+22	5.41e-12	1.60e-07	2.19e-04	1.26e-02	1.66e-01	4.13e-01	2.22e-01	1.09e-01	7.42e-02	3.97e-03	5.93e-05
 3.82505e+22	6.67e-12	1.91e-07	2.53e-04	1.39e-02	1.75e-01	4.19e-01	2.16e-01	1.04e-01	6.81e-02	3.49e-03	5.01e-05
 3.85076e+22	8.88e-12	2.43e-07	3.07e-04	1.58e-02	1.88e-01	4.26e-01	2.09e-01	9.72e-02	6.05e-02	2.92e-03	3.96e-05
 3.87672e+22	1.10e-11	2.91e-07	3.54e-04	1.75e-02	1.98e-01	4.31e-01	2.03e-01	9.20e-02	5.52e-02	2.56e-03	3.31e-05
 3.90301e+22	1.47e-11	3.70e-07	4.29e-04	1.99e-02	2.12e-01	4.36e-01	1.95e-01	8.53e-02	4.87e-02	2.12e-03	2.59e-05
 3.92965e+22	1.83e-11	4.44e-07	4.95e-04	2.18e-02	2.23e-01	4.40e-01	1.89e-01	8.04e-02	4.42e-02	1.84e-03	2.15e-05
 3.95252e+22	2.26e-11	5.28e-07	5.68e-04	2.39e-02	2.33e-01	4.42e-01	1.83e-01	7.57e-02	4.02e-02	1.60e-03	1.79e-05
 3.97803e+22	2.97e-11	6.60e-07	6.75e-04	2.68e-02	2.47e-01	4.44e-01	1.75e-01	7.00e-02	3.55e-02	1.34e-03	1.42e-05
 4.00385e+22	3.69e-11	7.88e-07	7.76e-04	2.93e-02	2.58e-01	4.45e-01	1.68e-01	6.56e-02	3.20e-02	1.15e-03	1.17e-05
 4.02536e+22	4.47e-11	9.23e-07	8.77e-04	3.18e-02	2.68e-01	4.45e-01	1.62e-01	6.19e-02	2.92e-02	1.01e-03	9.83e-06
 4.04863e+22	5.66e-11	1.12e-06	1.02e-03	3.49e-02	2.80e-01	4.45e-01	1.55e-01	5.74e-02	2.60e-02	8.56e-04	7.94e-06
 4.07258e+22	6.94e-11	1.32e-06	1.16e-03	3.79e-02	2.91e-01	4.43e-01	1.49e-01	5.38e-02	2.35e-02	7.41e-04	6.59e-06
 4.09398e+22	8.45e-11	1.55e-06	1.31e-03	4.10e-02	3.01e-01	4.41e-01	1.43e-01	5.04e-02	2.13e-02	6.43e-04	5.49e-06
 4.11836e+22	1.08e-10	1.88e-06	1.52e-03	4.50e-02	3.14e-01	4.38e-01	1.35e-01	4.64e-02	1.88e-02	5.39e-04	4.37e-06
 4.14347e+22	1.33e-10	2.24e-06	1.73e-03	4.88e-02	3.25e-01	4.35e-01	1.29e-01	4.31e-02	1.68e-02	4.60e-04	3.57e-06
 4.16581e+22	1.63e-10	2.63e-06	1.96e-03	5.27e-02	3.36e-01	4.31e-01	1.23e-01	4.01e-02	1.51e-02	3.95e-04	2.94e-06
 4.19113e+22	2.09e-10	3.21e-06	2.29e-03	5.78e-02	3.48e-01	4.25e-01	1.16e-01	3.66e-02	1.32e-02	3.27e-04	2.31e-06
 4.21747e+22	2.60e-10	3.83e-06	2.61e-03	6.27e-02	3.60e-01	4.20e-01	1.10e-01	3.37e-02	1.17e-02	2.76e-04	1.85e-06
 4.24123e+22	3.21e-10	4.53e-06	2.97e-03	6.77e-02	3.70e-01	4.14e-01	1.04e-01	3.11e-02	1.04e-02	2.34e-04	1.50e-06
 4.26820e+22	4.16e-10	5.58e-06	3.47e-03	7.43e-02	3.83e-01	4.05e-01	9.69e-02	2.81e-02	8.96e-03	1.90e-04	1.15e-06
 4.29602e+22	5.23e-10	6.69e-06	3.98e-03	8.05e-02	3.94e-01	3.97e-01	9.09e-02	2.56e-02	7.84e-03	1.58e-04	9.11e-07
 4.32084e+22	6.47e-10	7.92e-06	4.52e-03	8.67e-02	4.04e-01	3.89e-01	8.54e-02	2.35e-02	6.91e-03	1.33e-04	7.29e-07
 4.34899e+22	8.44e-10	9.79e-06	5.29e-03	9.50e-02	4.15e-01	3.78e-01	7.89e-02	2.10e-02	5.88e-03	1.06e-04	5.49e-07
 4.37800e+22	1.06e-09	1.18e-05	6.07e-03	1.03e-01	4.25e-01	3.68e-01	7.34e-02	1.90e-02	5.09e-03	8.69e-05	4.27e-07
 4.40390e+22	1.32e-09	1.40e-05	6.90e-03	1.10e-01	4.34e-01	3.59e-01	6.84e-02	1.72e-02	4.44e-03	7.19e-05	3.36e-07
 4.43336e+22	1.74e-09	1.73e-05	8.09e-03	1.21e-01	4.44e-01	3.46e-01	6.25e-02	1.52e-02	3.72e-03	5.65e-05	2.48e-07
 4.46323e+22	2.19e-09	2.08e-05	9.26e-03	1.30e-01	4.52e-01	3.34e-01	5.77e-02	1.37e-02	3.19e-03	4.59e-05	1.90e-07
 4.48945e+22	2.72e-09	2.46e-05	1.05e-02	1.39e-01	4.59e-01	3.23e-01	5.35e-02	1.23e-02	2.76e-03	3.76e-05	1.48e-07
 4.51936e+22	3.55e-09	3.05e-05	1.23e-02	1.51e-01	4.66e-01	3.09e-01	4.84e-02	1.08e-02	2.30e-03	2.93e-05	0.00e+00
 4.54996e+22	4.48e-09	3.65e-05	1.40e-02	1.62e-01	4.72e-01	2.96e-01	4.44e-02	9.64e-03	1.95e-03	2.35e-05	0.00e+00
 4.57718e+22	5.58e-09	4.33e-05	1.58e-02	1.73e-01	4.76e-01	2.84e-01	4.07e-02	8.62e-03	1.67e-03	1.90e-05	0.00e+00
 4.60828e+22	7.33e-09	5.37e-05	1.85e-02	1.87e-01	4.80e-01	2.69e-01	3.64e-02	7.46e-03	1.37e-03	1.45e-05	0.00e+00
 4.64006e+22	9.26e-09	6.44e-05	2.11e-02	2.00e-01	4.82e-01	2.56e-01	3.30e-02	6.57e-03	1.15e-03	1.14e-05	0.00e+00
 4.66822e+22	1.15e-08	7.64e-05	2.39e-02	2.12e-01	4.84e-01	2.43e-01	3.00e-02	5.82e-03	9.69e-04	9.10e-06	0.00e+00
 4.70033e+22	1.52e-08	9.46e-05	2.78e-02	2.29e-01	4.84e-01	2.28e-01	2.65e-02	4.97e-03	7.81e-04	6.81e-06	0.00e+00
 4.73220e+22	1.89e-08	1.12e-04	3.14e-02	2.42e-01	4.82e-01	2.15e-01	2.39e-02	4.37e-03	6.54e-04	5.37e-06	0.00e+00
 4.75940e+22	2.33e-08	1.31e-04	3.52e-02	2.55e-01	4.80e-01	2.03e-01	2.17e-02	3.86e-03	5.52e-04	4.28e-06	0.00e+00
 4.79042e+22	3.01e-08	1.60e-04	4.05e-02	2.72e-01	4.76e-01	1.89e-01	1.91e-02	3.29e-03	4.44e-04	3.20e-06	0.00e+00
 4.82204e+22	3.73e-08	1.89e-04	4.54e-02	2.86e-01	4.71e-01	1.77e-01	1.71e-02	2.87e-03	3.69e-04	2.50e-06	0.00e+00
 4.85018e+22	4.59e-08	2.22e-04	5.08e-02	3.00e-01	4.66e-01	1.66e-01	1.53e-02	2.50e-03	3.07e-04	1.96e-06	0.00e+00
 4.87750e+22	5.59e-08	2.58e-04	5.64e-02	3.13e-01	4.59e-01	1.55e-01	1.37e-02	2.19e-03	2.56e-04	1.54e-06	0.00e+00
 4.90801e+22	7.14e-08	3.11e-04	6.42e-02	3.30e-01	4.50e-01	1.42e-01	1.20e-02	1.85e-03	2.04e-04	1.14e-06	0.00e+00
 4.93875e+22	8.64e-08	3.59e-04	7.09e-02	3.42e-01	4.41e-01	1.33e-01	1.07e-02	1.61e-03	1.70e-04	8.96e-07	0.00e+00
 4.96977e+22	1.10e-07	4.32e-04	8.05e-02	3.59e-01	4.29e-01	1.21e-01	9.23e-03	1.35e-03	1.34e-04	6.54e-07	0.00e+00
 4.99812e+22	1.28e-07	4.85e-04	8.70e-02	3.69e-01	4.21e-01	1.13e-01	8.39e-03	1.20e-03	1.15e-04	5.35e-07	0.00e+00
 5.02300e+22	1.55e-07	5.59e-04	9.58e-02	3.81e-01	4.10e-01	1.05e-01	7.42e-03	1.03e-03	9.44e-05	4.14e-07	0.00e+00
 5.04840e+22	1.82e-07	6.30e-04	1.04e-01	3.91e-01	4.00e-01	9.75e-02	6.69e-03	9.10e-04	8.00e-05	3.33e-07	0.00e+00
 5.07106e+22	2.10e-07	7.04e-04	1.12e-01	4.00e-01	3.90e-01	9.11e-02	6.05e-03	8.07e-04	6.82e-05	2.70e-07	0.00e+00
 5.09709e+22	2.55e-07	8.12e-04	1.23e-01	4.11e-01	3.76e-01	8.32e-02	5.30e-03	6.87e-04	5.53e-05	2.05e-07	0.00e+00
 5.12342e+22	2.96e-07	9.09e-04	1.32e-01	4.19e-01	3.65e-01	7.71e-02	4.75e-03	6.02e-04	4.66e-05	1.64e-07	0.00e+00
 5.15012e+22	3.59e-07	1.05e-03	1.45e-01	4.29e-01	3.50e-01	6.99e-02	4.12e-03	5.08e-04	3.74e-05	1.23e-07	0.00e+00
 5.17708e+22	4.17e-07	1.17e-03	1.56e-01	4.36e-01	3.38e-01	6.44e-02	3.67e-03	4.42e-04	3.12e-05	0.00e+00	0.00e+00
 5.20437e+22	5.04e-07	1.35e-03	1.70e-01	4.44e-01	3.22e-01	5.79e-02	3.17e-03	3.70e-04	2.48e-05	0.00e+00	0.00e+00
 5.23201e+22	5.86e-07	1.51e-03	1.83e-01	4.50e-01	3.09e-01	5.30e-02	2.80e-03	3.19e-04	2.06e-05	0.00e+00	0.00e+00
 5.26009e+22	7.08e-07	1.73e-03	1.99e-01	4.56e-01	2.93e-01	4.72e-02	2.39e-03	2.64e-04	1.61e-05	0.00e+00	0.00e+00
 5.28851e+22	8.21e-07	1.93e-03	2.13e-01	4.60e-01	2.80e-01	4.29e-02	2.10e-03	2.26e-04	1.33e-05	0.00e+00	0.00e+00
 5.31736e+22	9.90e-07	2.21e-03	2.32e-01	4.64e-01	2.63e-01	3.79e-02	1.78e-03	1.85e-04	1.03e-05	0.00e+00	0.00e+00
 5.34663e+22	1.15e-06	2.46e-03	2.47e-01	4.65e-01	2.49e-01	3.41e-02	1.55e-03	1.57e-04	8.36e-06	0.00e+00	0.00e+00
 5.37645e+22	1.38e-06	2.81e-03	2.68e-01	4.66e-01	2.32e-01	2.99e-02	1.30e-03	1.27e-04	6.44e-06	0.00e+00	0.00e+00
 5.40693e+22	1.62e-06	3.14e-03	2.85e-01	4.66e-01	2.18e-01	2.66e-02	1.12e-03	1.06e-04	5.12e-06	0.00e+00	0.00e+00
 5.43417e+22	1.88e-06	3.49e-03	3.03e-01	4.64e-01	2.05e-01	2.37e-02	9.61e-04	8.85e-05	4.10e-06	0.00e+00	0.00e+00
 5.46550e+22	2.26e-06	3.98e-03	3.27e-01	4.60e-01	1.88e-01	2.03e-02	7.91e-04	7.01e-05	3.07e-06	0.00e+00	0.00e+00
 5.49749e+22	2.64e-06	4.42e-03	3.47e-01	4.56e-01	1.75e-01	1.79e-02	6.71e-04	5.76e-05	2.41e-06	0.00e+00	0.00e+00
 5.53035e+22	3.17e-06	5.02e-03	3.72e-01	4.49e-01	1.59e-01	1.52e-02	5.47e-04	4.50e-05	1.78e-06	0.00e+00	0.00e+00
 5.55996e+22	3.58e-06	5.46e-03	3.88e-01	4.43e-01	1.49e-01	1.36e-02	4.77e-04	3.82e-05	1.46e-06	0.00e+00	0.00e+00
 5.58537e+22	4.12e-06	6.01e-03	4.08e-01	4.36e-01	1.37e-01	1.19e-02	4.04e-04	3.13e-05	1.15e-06	0.00e+00	0.00e+00
 5.61131e+22	4.62e-06	6.50e-03	4.25e-01	4.29e-01	1.29e-01	1.07e-02	3.52e-04	2.65e-05	9.38e-07	0.00e+00	0.00e+00
 5.63795e+22	5.33e-06	7.15e-03	4.46e-01	4.20e-01	1.18e-01	9.25e-03	2.95e-04	2.14e-05	7.25e-07	0.00e+00	0.00e+00
 5.66488e+22	5.96e-06	7.72e-03	4.63e-01	4.11e-01	1.10e-01	8.24e-03	2.56e-04	1.81e-05	5.91e-07	0.00e+00	0.00e+00
 5.69219e+22	6.88e-06	8.48e-03	4.84e-01	4.00e-01	9.96e-02	7.08e-03	2.13e-04	1.45e-05	4.52e-07	0.00e+00	0.00e+00
 5.71989e+22	7.71e-06	9.15e-03	5.02e-01	3.91e-01	9.21e-02	6.25e-03	1.83e-04	1.21e-05	3.64e-07	0.00e+00	0.00e+00
 5.74810e+22	8.87e-06	1.00e-02	5.23e-01	3.78e-01	8.32e-02	5.33e-03	1.51e-04	9.56e-06	2.76e-07	0.00e+00	0.00e+00
 5.77695e+22	9.98e-06	1.08e-02	5.41e-01	3.67e-01	7.63e-02	4.66e-03	1.29e-04	7.86e-06	2.19e-07	0.00e+00	0.00e+00
 5.80662e+22	1.16e-05	1.19e-02	5.64e-01	3.53e-01	6.80e-02	3.91e-03	1.04e-04	6.10e-06	1.62e-07	0.00e+00	0.00e+00
 5.83648e+22	1.29e-05	1.28e-02	5.80e-01	3.41e-01	6.21e-02	3.41e-03	8.85e-05	5.01e-06	1.29e-07	0.00e+00	0.00e+00
 5.86657e+22	1.49e-05	1.40e-02	6.02e-01	3.26e-01	5.50e-02	2.85e-03	7.13e-05	3.85e-06	0.00e+00	0.00e+00	0.00e+00
 5.89458e+22	1.63e-05	1.49e-02	6.15e-01	3.16e-01	5.10e-02	2.54e-03	6.22e-05	3.27e-06	0.00e+00	0.00e+00	0.00e+00
 5.91424e+22	1.76e-05	1.56e-02	6.26e-01	3.08e-01	4.79e-02	2.31e-03	5.57e-05	2.86e-06	0.00e+00	0.00e+00	0.00e+00
 5.93415e+22	1.92e-05	1.65e-02	6.39e-01	2.98e-01	4.41e-02	2.05e-03	4.83e-05	2.40e-06	0.00e+00	0.00e+00	0.00e+00
 5.95658e+22	2.10e-05	1.74e-02	6.52e-01	2.88e-01	4.06e-02	1.82e-03	4.20e-05	2.03e-06	0.00e+00	0.00e+00	0.00e+00
 5.98230e+22	2.37e-05	1.87e-02	6.69e-01	2.75e-01	3.62e-02	1.54e-03	3.46e-05	1.60e-06	0.00e+00	0.00e+00	0.00e+00
 6.00488e+22	2.52e-05	1.95e-02	6.77e-01	2.68e-01	3.42e-02	1.42e-03	3.13e-05	1.42e-06	0.00e+00	0.00e+00	0.00e+00
 6.02336e+22	2.73e-05	2.05e-02	6.88e-01	2.59e-01	3.15e-02	1.26e-03	2.73e-05	1.21e-06	0.00e+00	0.00e+00	0.00e+00
 6.04739e+22	3.02e-05	2.18e-02	7.02e-01	2.47e-01	2.84e-02	1.09e-03	2.30e-05	9.75e-07	0.00e+00	0.00e+00	0.00e+00
 6.07439e+22	3.35e-05	2.32e-02	7.15e-01	2.35e-01	2.55e-02	9.35e-04	1.92e-05	7.87e-07	0.00e+00	0.00e+00	0.00e+00
 6.09762e+22	3.62e-05	2.44e-02	7.24e-01	2.27e-01	2.36e-02	8.38e-04	1.69e-05	6.74e-07	0.00e+00	0.00e+00	0.00e+00
 6.11621e+22	3.88e-05	2.54e-02	7.32e-01	2.20e-01	2.20e-02	7.58e-04	1.50e-05	5.85e-07	0.00e+00	0.00e+00	0.00e+00
 6.13637e+22	4.22e-05	2.67e-02	7.42e-01	2.10e-01	2.00e-02	6.66e-04	1.29e-05	4.87e-07	0.00e+00	0.00e+00	0.00e+00
 6.16259e+22	4.71e-05	2.85e-02	7.55e-01	1.98e-01	1.77e-02	5.61e-04	1.06e-05	3.82e-07	0.00e+00	0.00e+00	0.00e+00
 6.19667e+22	5.48e-05	3.11e-02	7.71e-01	1.82e-01	1.49e-02	4.43e-04	8.05e-06	2.74e-07	0.00e+00	0.00e+00	0.00e+00
 6.22997e+22	6.06e-05	3.31e-02	7.81e-01	1.72e-01	1.33e-02	3.79e-04	6.70e-06	2.19e-07	0.00e+00	0.00e+00	0.00e+00
 6.26226e+22	6.92e-05	3.57e-02	7.94e-01	1.59e-01	1.13e-02	3.05e-04	5.20e-06	1.61e-07	0.00e+00	0.00e+00	0.00e+00
 6.29735e+22	7.85e-05	3.85e-02	8.05e-01	1.47e-01	9.70e-03	2.49e-04	4.11e-06	0.00e+00	0.00e+00	0.00e+00	0.00e+00
 6.33609e+22	9.26e-05	4.22e-02	8.18e-01	1.32e-01	7.88e-03	1.89e-04	2.98e-06	0.00e+00	0.00e+00	0.00e+00	0.00e+00
 6.37445e+22	1.05e-04	4.54e-02	8.26e-01	1.22e-01	6.75e-03	1.54e-04	2.35e-06	0.00e+00	0.00e+00	0.00e+00	0.00e+00
 6.41233e+22	1.23e-04	4.95e-02	8.36e-01	1.08e-01	5.46e-03	1.17e-04	1.71e-06	0.00e+00	0.00e+00	0.00e+00	0.00e+00
 6.45078e+22	1.41e-04	5.34e-02	8.43e-01	9.85e-02	4.59e-03	9.34e-05	1.31e-06	0.00e+00	0.00e+00	0.00e+00	0.00e+00
 6.48997e+22	1.66e-04	5.82e-02	8.51e-01	8.66e-02	3.65e-03	6.95e-05	9.29e-07	0.00e+00	0.00e+00	0.00e+00	0.00e+00
 6.52947e+22	1.91e-04	6.29e-02	8.56e-01	7.75e-02	3.01e-03	5.43e-05	6.96e-07	0.00e+00	0.00e+00	0.00e+00	0.00e+00
 6.55946e+22	2.12e-04	6.66e-02	8.59e-01	7.11e-02	2.60e-03	4.51e-05	5.61e-07	0.00e+00	0.00e+00	0.00e+00	0.00e+00
 6.58855e+22	2.42e-04	7.12e-02	8.63e-01	6.35e-02	2.14e-03	3.52e-05	4.21e-07	0.00e+00	0.00e+00	0.00e+00	0.00e+00
 6.61789e+22	2.69e-04	7.53e-02	8.65e-01	5.76e-02	1.83e-03	2.87e-05	3.33e-07	0.00e+00	0.00e+00	0.00e+00	0.00e+00
 6.64359e+22	3.00e-04	7.95e-02	8.67e-01	5.21e-02	1.55e-03	2.33e-05	2.62e-07	0.00e+00	0.00e+00	0.00e+00	0.00e+00
 6.67305e+22	3.44e-04	8.50e-02	8.68e-01	4.56e-02	1.25e-03	1.77e-05	1.90e-07	0.00e+00	0.00e+00	0.00e+00	0.00e+00
 6.70272e+22	3.88e-04	9.02e-02	8.68e-01	4.04e-02	1.04e-03	1.39e-05	1.44e-07	0.00e+00	0.00e+00	0.00e+00	0.00e+00
 6.72818e+22	4.33e-04	9.51e-02	8.68e-01	3.59e-02	8.65e-04	1.10e-05	0.00e+00	0.00e+00	0.00e+00	0.00e+00	0.00e+00
 6.75676e+22	5.00e-04	1.02e-01	8.66e-01	3.07e-02	6.83e-04	8.06e-06	0.00e+00	0.00e+00	0.00e+00	0.00e+00	0.00e+00
 6.78651e+22	5.70e-04	1.08e-01	8.65e-01	2.63e-02	5.46e-04	6.00e-06	0.00e+00	0.00e+00	0.00e+00	0.00e+00	0.00e+00
 6.81326e+22	6.47e-04	1.14e-01	8.62e-01	2.26e-02	4.38e-04	4.46e-06	0.00e+00	0.00e+00	0.00e+00	0.00e+00	0.00e+00
 6.84351e+22	7.59e-04	1.22e-01	8.58e-01	1.84e-02	3.31e-04	3.03e-06	0.00e+00	0.00e+00	0.00e+00	0.00e+00	0.00e+00
 6.87519e+22	8.82e-04	1.30e-01	8.53e-01	1.49e-02	2.51e-04	2.04e-06	0.00e+00	0.00e+00	0.00e+00	0.00e+00	0.00e+00
 6.90218e+22	1.01e-03	1.38e-01	8.48e-01	1.22e-02	1.95e-04	1.41e-06	0.00e+00	0.00e+00	0.00e+00	0.00e+00	0.00e+00
 6.92506e+22	1.12e-03	1.44e-01	8.45e-01	1.03e-02	1.58e-04	1.03e-06	0.00e+00	0.00e+00	0.00e+00	0.00e+00	0.00e+00
 6.93953e+22	1.18e-03	1.47e-01	8.43e-01	9.34e-03	1.41e-04	8.57e-07	0.00e+00	0.00e+00	0.00e+00	0.00e+00	0.00e+00
 6.94602e+22	1.22e-03	1.48e-01	8.41e-01	8.87e-03	1.32e-04	7.78e-07	0.00e+00	0.00e+00	0.00e+00	0.00e+00	0.00e+00
 6.95114e+22	1.26e-03	1.50e-01	8.40e-01	8.48e-03	1.25e-04	7.16e-07	0.00e+00	0.00e+00	0.00e+00	0.00e+00	0.00e+00
 6.95720e+22	1.30e-03	1.52e-01	8.39e-01	8.03e-03	1.18e-04	6.48e-07	0.00e+00	0.00e+00	0.00e+00	0.00e+00	0.00e+00
 6.96442e+22	1.35e-03	1.54e-01	8.37e-01	7.52e-03	1.09e-04	5.74e-07	0.00e+00	0.00e+00	0.00e+00	0.00e+00	0.00e+00
 6.97162e+22	1.41e-03	1.56e-01	8.35e-01	7.05e-03	1.01e-04	5.09e-07	0.00e+00	0.00e+00	0.00e+00	0.00e+00	0.00e+00
 6.97812e+22	1.46e-03	1.58e-01	8.34e-01	6.64e-03	9.48e-05	4.56e-07	0.00e+00	0.00e+00	0.00e+00	0.00e+00	0.00e+00
 6.98428e+22	1.50e-03	1.60e-01	8.32e-01	6.28e-03	8.91e-05	4.12e-07	0.00e+00	0.00e+00	0.00e+00	0.00e+00	0.00e+00
 6.99062e+22	1.56e-03	1.62e-01	8.30e-01	5.90e-03	8.31e-05	3.67e-07	0.00e+00	0.00e+00	0.00e+00	0.00e+00	0.00e+00
 6.99694e+22	1.61e-03	1.64e-01	8.29e-01	5.56e-03	7.79e-05	3.30e-07	0.00e+00	0.00e+00	0.00e+00	0.00e+00	0.00e+00
 7.00309e+22	1.67e-03	1.66e-01	8.27e-01	5.23e-03	7.29e-05	2.95e-07	0.00e+00	0.00e+00	0.00e+00	0.00e+00	0.00e+00
 7.00913e+22	1.72e-03	1.68e-01	8.26e-01	4.93e-03	6.85e-05	2.65e-07	0.00e+00	0.00e+00	0.00e+00	0.00e+00	0.00e+00
 7.01505e+22	1.79e-03	1.70e-01	8.24e-01	4.65e-03	6.42e-05	2.37e-07	0.00e+00	0.00e+00	0.00e+00	0.00e+00	0.00e+00
 7.02089e+22	1.84e-03	1.71e-01	8.22e-01	4.38e-03	6.04e-05	2.13e-07	0.00e+00	0.00e+00	0.00e+00	0.00e+00	0.00e+00
 7.02665e+22	1.91e-03	1.74e-01	8.20e-01	4.13e-03	5.67e-05	1.91e-07	0.00e+00	0.00e+00	0.00e+00	0.00e+00	0.00e+00
 7.03236e+22	1.97e-03	1.75e-01	8.19e-01	3.90e-03	5.34e-05	1.72e-07	0.00e+00	0.00e+00	0.00e+00	0.00e+00	0.00e+00
 7.03801e+22	2.04e-03	1.77e-01	8.17e-01	3.67e-03	5.02e-05	1.54e-07	0.00e+00	0.00e+00	0.00e+00	0.00e+00	0.00e+00
 7.04371e+22	2.11e-03	1.79e-01	8.16e-01	3.46e-03	4.72e-05	1.38e-07	0.00e+00	0.00e+00	0.00e+00	0.00e+00	0.00e+00
 7.04917e+22	2.18e-03	1.81e-01	8.14e-01	3.26e-03	4.45e-05	1.24e-07	0.00e+00	0.00e+00	0.00e+00	0.00e+00	0.00e+00
 7.05452e+22	2.23e-03	1.82e-01	8.13e-01	3.09e-03	4.21e-05	0.00e+00	0.00e+00	0.00e+00	0.00e+00	0.00e+00	0.00e+00
 7.06018e+22	2.32e-03	1.84e-01	8.11e-01	2.90e-03	3.96e-05	0.00e+00	0.00e+00	0.00e+00	0.00e+00	0.00e+00	0.00e+00
 7.06587e+22	2.40e-03	1.86e-01	8.09e-01	2.73e-03	3.72e-05	0.00e+00	0.00e+00	0.00e+00	0.00e+00	0.00e+00	0.00e+00
 7.07108e+22	2.47e-03	1.87e-01	8.08e-01	2.58e-03	3.52e-05	0.00e+00	0.00e+00	0.00e+00	0.00e+00	0.00e+00	0.00e+00
 7.07617e+22	2.53e-03	1.88e-01	8.06e-01	2.45e-03	3.35e-05	0.00e+00	0.00e+00	0.00e+00	0.00e+00	0.00e+00	0.00e+00
 7.08172e+22	2.63e-03	1.91e-01	8.05e-01	2.30e-03	3.15e-05	0.00e+00	0.00e+00	0.00e+00	0.00e+00	0.00e+00	0.00e+00
 7.08735e+22	2.73e-03	1.92e-01	8.03e-01	2.17e-03	2.97e-05	0.00e+00	0.00e+00	0.00e+00	0.00e+00	0.00e+00	0.00e+00
 7.09245e+22	2.81e-03	1.94e-01	8.01e-01	2.05e-03	2.82e-05	0.00e+00	0.00e+00	0.00e+00	0.00e+00	0.00e+00	0.00e+00
 7.09742e+22	2.87e-03	1.95e-01	8.00e-01	1.95e-03	2.68e-05	0.00e+00	0.00e+00	0.00e+00	0.00e+00	0.00e+00	0.00e+00
 7.10296e+22	2.98e-03	1.97e-01	7.98e-01	1.83e-03	2.53e-05	0.00e+00	0.00e+00	0.00e+00	0.00e+00	0.00e+00	0.00e+00
 7.10869e+22	3.09e-03	1.99e-01	7.97e-01	1.72e-03	2.39e-05	0.00e+00	0.00e+00	0.00e+00	0.00e+00	0.00e+00	0.00e+00
 7.11390e+22	3.19e-03	2.00e-01	7.95e-01	1.63e-03	2.26e-05	0.00e+00	0.00e+00	0.00e+00	0.00e+00	0.00e+00	0.00e+00
 7.11878e+22	3.26e-03	2.01e-01	7.94e-01	1.55e-03	2.16e-05	0.00e+00	0.00e+00	0.00e+00	0.00e+00	0.00e+00	0.00e+00
 7.12409e+22	3.38e-03	2.03e-01	7.92e-01	1.46e-03	2.05e-05	0.00e+00	0.00e+00	0.00e+00	0.00e+00	0.00e+00	0.00e+00
 7.12980e+22	3.50e-03	2.05e-01	7.90e-01	1.38e-03	1.94e-05	0.00e+00	0.00e+00	0.00e+00	0.00e+00	0.00e+00	0.00e+00
 7.13513e+22	3.62e-03	2.07e-01	7.89e-01	1.30e-03	1.84e-05	0.00e+00	0.00e+00	0.00e+00	0.00e+00	0.00e+00	0.00e+00
 7.14008e+22	3.70e-03	2.07e-01	7.88e-01	1.24e-03	1.76e-05	0.00e+00	0.00e+00	0.00e+00	0.00e+00	0.00e+00	0.00e+00
 7.14548e+22	3.83e-03	2.09e-01	7.86e-01	1.17e-03	1.67e-05	0.00e+00	0.00e+00	0.00e+00	0.00e+00	0.00e+00	0.00e+00
 7.15134e+22	3.97e-03	2.11e-01	7.84e-01	1.10e-03	1.59e-05	0.00e+00	0.00e+00	0.00e+00	0.00e+00	0.00e+00	0.00e+00
 7.15693e+22	4.11e-03	2.12e-01	7.83e-01	1.04e-03	1.51e-05	0.00e+00	0.00e+00	0.00e+00	0.00e+00	0.00e+00	0.00e+00
 7.16226e+22	4.22e-03	2.13e-01	7.81e-01	9.93e-04	1.44e-05	0.00e+00	0.00e+00	0.00e+00	0.00e+00	0.00e+00	0.00e+00
 7.16781e+22	4.37e-03	2.15e-01	7.80e-01	9.40e-04	1.38e-05	0.00e+00	0.00e+00	0.00e+00	0.00e+00	0.00e+00	0.00e+00
 7.17364e+22	4.53e-03	2.17e-01	7.78e-01	8.89e-04	1.31e-05	0.00e+00	0.00e+00	0.00e+00	0.00e+00	0.00e+00	0.00e+00
 7.17930e+22	4.67e-03	2.18e-01	7.76e-01	8.44e-04	1.25e-05	0.00e+00	0.00e+00	0.00e+00	0.00e+00	0.00e+00	0.00e+00
 7.18493e+22	4.82e-03	2.20e-01	7.75e-01	8.02e-04	1.20e-05	0.00e+00	0.00e+00	0.00e+00	0.00e+00	0.00e+00	0.00e+00
 7.19096e+22	5.01e-03	2.22e-01	7.72e-01	7.58e-04	1.14e-05	0.00e+00	0.00e+00	0.00e+00	0.00e+00	0.00e+00	0.00e+00
 7.19705e+22	5.17e-03	2.23e-01	7.71e-01	7.20e-04	1.10e-05	0.00e+00	0.00e+00	0.00e+00	0.00e+00	0.00e+00	0.00e+00
 7.20320e+22	5.37e-03	2.25e-01	7.69e-01	6.83e-04	1.05e-05	0.00e+00	0.00e+00	0.00e+00	0.00e+00	0.00e+00	0.00e+00
 7.20958e+22	5.58e-03	2.27e-01	7.66e-01	6.47e-04	1.00e-05	0.00e+00	0.00e+00	0.00e+00	0.00e+00	0.00e+00	0.00e+00
 7.21588e+22	5.78e-03	2.29e-01	7.64e-01	6.14e-04	9.60e-06	0.00e+00	0.00e+00	0.00e+00	0.00e+00	0.00e+00	0.00e+00
 7.22230e+22	6.01e-03	2.31e-01	7.62e-01	5.83e-04	9.20e-06	0.00e+00	0.00e+00	0.00e+00	0.00e+00	0.00e+00	0.00e+00
 7.22904e+22	6.25e-03	2.34e-01	7.59e-01	5.53e-04	8.82e-06	0.00e+00	0.00e+00	0.00e+00	0.00e+00	0.00e+00	0.00e+00
 7.23601e+22	6.50e-03	2.36e-01	7.57e-01	5.25e-04	8.46e-06	0.00e+00	0.00e+00	0.00e+00	0.00e+00	0.00e+00	0.00e+00
 7.24261e+22	6.75e-03	2.38e-01	7.54e-01	5.00e-04	8.14e-06	0.00e+00	0.00e+00	0.00e+00	0.00e+00	0.00e+00	0.00e+00
 7.24851e+22	6.97e-03	2.40e-01	7.52e-01	4.80e-04	7.89e-06	0.00e+00	0.00e+00	0.00e+00	0.00e+00	0.00e+00	0.00e+00
 7.25450e+22	7.25e-03	2.43e-01	7.49e-01	4.59e-04	7.62e-06	0.00e+00	0.00e+00	0.00e+00	0.00e+00	0.00e+00	0.00e+00
 7.26092e+22	7.51e-03	2.45e-01	7.47e-01	4.39e-04	7.37e-06	0.00e+00	0.00e+00	0.00e+00	0.00e+00	0.00e+00	0.00e+00
 7.26762e+22	7.82e-03	2.48e-01	7.44e-01	4.20e-04	7.11e-06	0.00e+00	0.00e+00	0.00e+00	0.00e+00	0.00e+00	0.00e+00
 7.27442e+22	8.14e-03	2.51e-01	7.41e-01	4.01e-04	6.87e-06	0.00e+00	0.00e+00	0.00e+00	0.00e+00	0.00e+00	0.00e+00
 7.28113e+22	8.46e-03	2.54e-01	7.38e-01	3.84e-04	6.65e-06	0.00e+00	0.00e+00	0.00e+00	0.00e+00	0.00e+00	0.00e+00
 7.28799e+22	8.80e-03	2.57e-01	7.34e-01	3.67e-04	6.44e-06	0.00e+00	0.00e+00	0.00e+00	0.00e+00	0.00e+00	0.00e+00
 7.29520e+22	9.16e-03	2.60e-01	7.31e-01	3.51e-04	6.23e-06	0.00e+00	0.00e+00	0.00e+00	0.00e+00	0.00e+00	0.00e+00
 7.30269e+22	9.57e-03	2.63e-01	7.27e-01	3.35e-04	6.02e-06	0.00e+00	0.00e+00	0.00e+00	0.00e+00	0.00e+00	0.00e+00
 7.31025e+22	9.96e-03	2.66e-01	7.23e-01	3.20e-04	5.83e-06	0.00e+00	0.00e+00	0.00e+00	0.00e+00	0.00e+00	0.00e+00
 7.31800e+22	1.04e-02	2.70e-01	7.19e-01	3.05e-04	5.64e-06	0.00e+00	0.00e+00	0.00e+00	0.00e+00	0.00e+00	0.00e+00
 7.32603e+22	1.09e-02	2.74e-01	7.15e-01	2.92e-04	5.46e-06	0.00e+00	0.00e+00	0.00e+00	0.00e+00	0.00e+00	0.00e+00
 7.33442e+22	1.14e-02	2.78e-01	7.11e-01	2.78e-04	5.28e-06	0.00e+00	0.00e+00	0.00e+00	0.00e+00	0.00e+00	0.00e+00
 7.34318e+22	1.19e-02	2.82e-01	7.06e-01	2.64e-04	5.11e-06	0.00e+00	0.00e+00	0.00e+00	0.00e+00	0.00e+00	0.00e+00
 7.35204e+22	1.24e-02	2.86e-01	7.01e-01	2.52e-04	4.95e-06	0.00e+00	0.00e+00	0.00e+00	0.00e+00	0.00e+00	0.00e+00
 7.36124e+22	1.30e-02	2.91e-01	6.96e-01	2.40e-04	4.79e-06	0.00e+00	0.00e+00	0.00e+00	0.00e+00	0.00e+00	0.00e+00
 7.37105e+22	1.37e-02	2.96e-01	6.90e-01	2.28e-04	4.62e-06	0.00e+00	0.00e+00	0.00e+00	0.00e+00	0.00e+00	0.00e+00
 7.38138e+22	1.44e-02	3.01e-01	6.85e-01	2.16e-04	4.47e-06	0.00e+00	0.00e+00	0.00e+00	0.00e+00	0.00e+00	0.00e+00
