#depth	He	He+	He+2
 4.62852e+21	1.43e-11	3.35e-06	1.00e+00
 1.02072e+22	6.39e-11	6.40e-06	1.00e+00
 1.15710e+22	9.34e-11	8.04e-06	1.00e+00
 1.21914e+22	1.19e-10	8.96e-06	1.00e+00
 1.24600e+22	1.28e-10	9.25e-06	1.00e+00
 1.26023e+22	1.40e-10	9.63e-06	1.00e+00
 1.27577e+22	1.52e-10	1.00e-05	1.00e+00
 1.29303e+22	1.70e-10	1.05e-05	1.00e+00
 1.31025e+22	1.84e-10	1.09e-05	1.00e+00
 1.32743e+22	2.04e-10	1.15e-05	1.00e+00
 1.34501e+22	2.22e-10	1.19e-05	1.00e+00
 1.36311e+22	2.49e-10	1.26e-05	1.00e+00
 1.38070e+22	2.69e-10	1.31e-05	1.00e+00
 1.39523e+22	2.91e-10	1.36e-05	1.00e+00
 1.40956e+22	3.15e-10	1.41e-05	1.00e+00
 1.42601e+22	3.49e-10	1.48e-05	1.00e+00
 1.44116e+22	3.73e-10	1.53e-05	1.00e+00
 1.45232e+22	3.95e-10	1.57e-05	1.00e+00
 1.46287e+22	4.19e-10	1.62e-05	1.00e+00
 1.47495e+22	4.53e-10	1.69e-05	1.00e+00
 1.48698e+22	4.82e-10	1.74e-05	1.00e+00
 1.49706e+22	5.10e-10	1.79e-05	1.00e+00
 1.50824e+22	5.53e-10	1.86e-05	1.00e+00
 1.51918e+22	5.82e-10	1.91e-05	1.00e+00
 1.52979e+22	6.30e-10	1.99e-05	1.00e+00
 1.54003e+22	6.63e-10	2.04e-05	1.00e+00
 1.54979e+22	7.11e-10	2.11e-05	1.00e+00
 1.55981e+22	7.54e-10	2.18e-05	1.00e+00
 1.57018e+22	8.18e-10	2.27e-05	1.00e+00
 1.58034e+22	8.64e-10	2.33e-05	1.00e+00
 1.58885e+22	9.16e-10	2.40e-05	1.00e+00
 1.59707e+22	9.67e-10	2.47e-05	1.00e+00
 1.60632e+22	1.05e-09	2.58e-05	1.00e+00
 1.61531e+22	1.10e-09	2.65e-05	1.00e+00
 1.62397e+22	1.19e-09	2.76e-05	1.00e+00
 1.63269e+22	1.26e-09	2.84e-05	1.00e+00
 1.64149e+22	1.37e-09	2.97e-05	1.00e+00
 1.65030e+22	1.45e-09	3.06e-05	1.00e+00
 1.65912e+22	1.57e-09	3.20e-05	1.00e+00
 1.66782e+22	1.67e-09	3.31e-05	1.00e+00
 1.67637e+22	1.82e-09	3.47e-05	1.00e+00
 1.68500e+22	1.95e-09	3.60e-05	1.00e+00
 1.69374e+22	2.13e-09	3.78e-05	1.00e+00
 1.70218e+22	2.27e-09	3.92e-05	1.00e+00
 1.71022e+22	2.47e-09	4.11e-05	1.00e+00
 1.71831e+22	2.65e-09	4.27e-05	1.00e+00
 1.72645e+22	2.89e-09	4.50e-05	1.00e+00
 1.73469e+22	3.09e-09	4.67e-05	1.00e+00
 1.74306e+22	3.39e-09	4.92e-05	1.00e+00
 1.75163e+22	3.64e-09	5.14e-05	1.00e+00
 1.75923e+22	3.91e-09	5.35e-05	1.00e+00
 1.76761e+22	4.26e-09	5.64e-05	1.00e+00
 1.77608e+22	4.58e-09	5.89e-05	1.00e+00
 1.78454e+22	4.99e-09	6.20e-05	1.00e+00
 1.79316e+22	5.37e-09	6.48e-05	1.00e+00
 1.80178e+22	5.84e-09	6.83e-05	1.00e+00
 1.81053e+22	6.28e-09	7.14e-05	1.00e+00
 1.81932e+22	6.80e-09	7.51e-05	1.00e+00
 1.82809e+22	7.28e-09	7.84e-05	1.00e+00
 1.83712e+22	7.89e-09	8.26e-05	1.00e+00
 1.84626e+22	8.43e-09	8.62e-05	1.00e+00
 1.85560e+22	9.12e-09	9.07e-05	1.00e+00
 1.86521e+22	9.74e-09	9.48e-05	1.00e+00
 1.87508e+22	1.05e-08	9.97e-05	1.00e+00
 1.88526e+22	1.12e-08	1.04e-04	1.00e+00
 1.89582e+22	1.21e-08	1.10e-04	1.00e+00
 1.90667e+22	1.29e-08	1.15e-04	1.00e+00
 1.91796e+22	1.39e-08	1.20e-04	1.00e+00
 1.92957e+22	1.47e-08	1.26e-04	1.00e+00
 1.94187e+22	1.59e-08	1.33e-04	1.00e+00
 1.95423e+22	1.68e-08	1.38e-04	1.00e+00
 1.96684e+22	1.81e-08	1.46e-04	1.00e+00
 1.97973e+22	1.91e-08	1.52e-04	1.00e+00
 1.99089e+22	2.01e-08	1.57e-04	1.00e+00
 2.00327e+22	2.14e-08	1.65e-04	1.00e+00
 2.01582e+22	2.25e-08	1.71e-04	1.00e+00
 2.02859e+22	2.40e-08	1.80e-04	1.00e+00
 2.04150e+22	2.51e-08	1.86e-04	1.00e+00
 2.05286e+22	2.63e-08	1.93e-04	1.00e+00
 2.06588e+22	2.79e-08	2.02e-04	1.00e+00
 2.07885e+22	2.91e-08	2.08e-04	1.00e+00
 2.09175e+22	3.07e-08	2.18e-04	1.00e+00
 2.10486e+22	3.20e-08	2.25e-04	1.00e+00
 2.11823e+22	3.38e-08	2.35e-04	1.00e+00
 2.13180e+22	3.52e-08	2.43e-04	1.00e+00
 2.14562e+22	3.72e-08	2.54e-04	1.00e+00
 2.15969e+22	3.87e-08	2.62e-04	1.00e+00
 2.17201e+22	4.03e-08	2.71e-04	1.00e+00
 2.18595e+22	4.23e-08	2.82e-04	1.00e+00
 2.19986e+22	4.39e-08	2.90e-04	1.00e+00
 2.21372e+22	4.61e-08	3.03e-04	1.00e+00
 2.22777e+22	4.78e-08	3.11e-04	1.00e+00
 2.24207e+22	5.00e-08	3.24e-04	1.00e+00
 2.25686e+22	5.20e-08	3.34e-04	1.00e+00
 2.27227e+22	5.46e-08	3.48e-04	1.00e+00
 2.28794e+22	5.68e-08	3.59e-04	1.00e+00
 2.30392e+22	5.96e-08	3.74e-04	1.00e+00
 2.32045e+22	6.21e-08	3.86e-04	1.00e+00
 2.33770e+22	6.53e-08	4.03e-04	1.00e+00
 2.35550e+22	6.82e-08	4.17e-04	1.00e+00
 2.37403e+22	7.20e-08	4.36e-04	1.00e+00
 2.39261e+22	7.51e-08	4.51e-04	1.00e+00
 2.41126e+22	7.91e-08	4.72e-04	1.00e+00
 2.43069e+22	8.28e-08	4.89e-04	1.00e+00
 2.45114e+22	8.77e-08	5.15e-04	9.99e-01
 2.47158e+22	9.16e-08	5.33e-04	9.99e-01
 2.49202e+22	9.69e-08	5.61e-04	9.99e-01
 2.51276e+22	1.01e-07	5.83e-04	9.99e-01
 2.53024e+22	1.05e-07	6.04e-04	9.99e-01
 2.54934e+22	1.11e-07	6.35e-04	9.99e-01
 2.56826e+22	1.15e-07	6.58e-04	9.99e-01
 2.58698e+22	1.20e-07	6.91e-04	9.99e-01
 2.60592e+22	1.25e-07	7.17e-04	9.99e-01
 2.62516e+22	1.30e-07	7.56e-04	9.99e-01
 2.64451e+22	1.35e-07	7.86e-04	9.99e-01
 2.66401e+22	1.40e-07	8.30e-04	9.99e-01
 2.68375e+22	1.44e-07	8.66e-04	9.99e-01
 2.70380e+22	1.49e-07	9.18e-04	9.99e-01
 2.72407e+22	1.53e-07	9.60e-04	9.99e-01
 2.74444e+22	1.57e-07	1.02e-03	9.99e-01
 2.76376e+22	1.60e-07	1.06e-03	9.99e-01
 2.78190e+22	1.63e-07	1.12e-03	9.99e-01
 2.80041e+22	1.65e-07	1.17e-03	9.99e-01
 2.81853e+22	1.66e-07	1.24e-03	9.99e-01
 2.83706e+22	1.67e-07	1.30e-03	9.99e-01
 2.85477e+22	1.68e-07	1.36e-03	9.99e-01
 2.87264e+22	1.68e-07	1.43e-03	9.99e-01
 2.89011e+22	1.67e-07	1.50e-03	9.98e-01
 2.90734e+22	1.67e-07	1.57e-03	9.98e-01
 2.92440e+22	1.67e-07	1.65e-03	9.98e-01
 2.94138e+22	1.67e-07	1.73e-03	9.98e-01
 2.95835e+22	1.67e-07	1.81e-03	9.98e-01
 2.97538e+22	1.67e-07	1.90e-03	9.98e-01
 2.99252e+22	1.68e-07	1.99e-03	9.98e-01
 3.00987e+22	1.70e-07	2.08e-03	9.98e-01
 3.02750e+22	1.73e-07	2.18e-03	9.98e-01
 3.04544e+22	1.76e-07	2.29e-03	9.98e-01
 3.06344e+22	1.81e-07	2.39e-03	9.98e-01
 3.08187e+22	1.86e-07	2.51e-03	9.97e-01
 3.10045e+22	1.93e-07	2.63e-03	9.97e-01
 3.11955e+22	2.03e-07	2.76e-03	9.97e-01
 3.13748e+22	2.12e-07	2.87e-03	9.97e-01
 3.15571e+22	2.25e-07	3.02e-03	9.97e-01
 3.17416e+22	2.37e-07	3.14e-03	9.97e-01
 3.19291e+22	2.54e-07	3.30e-03	9.97e-01
 3.21211e+22	2.70e-07	3.43e-03	9.97e-01
 3.23189e+22	2.93e-07	3.61e-03	9.96e-01
 3.25204e+22	3.13e-07	3.76e-03	9.96e-01
 3.27266e+22	3.43e-07	3.96e-03	9.96e-01
 3.29332e+22	3.67e-07	4.12e-03	9.96e-01
 3.31403e+22	4.04e-07	4.34e-03	9.96e-01
 3.33505e+22	4.34e-07	4.51e-03	9.95e-01
 3.35644e+22	4.79e-07	4.76e-03	9.95e-01
 3.37816e+22	5.17e-07	4.95e-03	9.95e-01
 3.40033e+22	5.73e-07	5.22e-03	9.95e-01
 3.42294e+22	6.21e-07	5.44e-03	9.95e-01
 3.44612e+22	6.91e-07	5.74e-03	9.94e-01
 3.46983e+22	7.51e-07	5.99e-03	9.94e-01
 3.48982e+22	8.10e-07	6.22e-03	9.94e-01
 3.51140e+22	8.93e-07	6.54e-03	9.93e-01
 3.53323e+22	9.63e-07	6.79e-03	9.93e-01
 3.55233e+22	1.04e-06	7.05e-03	9.93e-01
 3.57412e+22	1.15e-06	7.40e-03	9.93e-01
 3.59579e+22	1.23e-06	7.66e-03	9.92e-01
 3.61731e+22	1.35e-06	8.05e-03	9.92e-01
 3.63893e+22	1.45e-06	8.33e-03	9.92e-01
 3.66068e+22	1.60e-06	8.75e-03	9.91e-01
 3.68280e+22	1.72e-06	9.06e-03	9.91e-01
 3.70541e+22	1.90e-06	9.53e-03	9.90e-01
 3.72837e+22	2.05e-06	9.88e-03	9.90e-01
 3.75178e+22	2.27e-06	1.04e-02	9.90e-01
 3.77563e+22	2.45e-06	1.08e-02	9.89e-01
 3.80006e+22	2.72e-06	1.14e-02	9.89e-01
 3.82505e+22	2.95e-06	1.18e-02	9.88e-01
 3.85076e+22	3.29e-06	1.25e-02	9.88e-01
 3.87672e+22	3.56e-06	1.30e-02	9.87e-01
 3.90301e+22	3.98e-06	1.37e-02	9.86e-01
 3.92965e+22	4.32e-06	1.43e-02	9.86e-01
 3.95252e+22	4.68e-06	1.49e-02	9.85e-01
 3.97803e+22	5.19e-06	1.57e-02	9.84e-01
 4.00385e+22	5.63e-06	1.63e-02	9.84e-01
 4.02536e+22	6.06e-06	1.69e-02	9.83e-01
 4.04863e+22	6.63e-06	1.77e-02	9.82e-01
 4.07258e+22	7.16e-06	1.84e-02	9.82e-01
 4.09398e+22	7.72e-06	1.91e-02	9.81e-01
 4.11836e+22	8.47e-06	2.00e-02	9.80e-01
 4.14347e+22	9.19e-06	2.08e-02	9.79e-01
 4.16581e+22	9.93e-06	2.16e-02	9.78e-01
 4.19113e+22	1.09e-05	2.26e-02	9.77e-01
 4.21747e+22	1.19e-05	2.36e-02	9.76e-01
 4.24123e+22	1.29e-05	2.46e-02	9.75e-01
 4.26820e+22	1.43e-05	2.58e-02	9.74e-01
 4.29602e+22	1.56e-05	2.70e-02	9.73e-01
 4.32084e+22	1.70e-05	2.81e-02	9.72e-01
 4.34899e+22	1.88e-05	2.96e-02	9.70e-01
 4.37800e+22	2.06e-05	3.10e-02	9.69e-01
 4.40390e+22	2.25e-05	3.23e-02	9.68e-01
 4.43336e+22	2.51e-05	3.41e-02	9.66e-01
 4.46323e+22	2.75e-05	3.57e-02	9.64e-01
 4.48945e+22	3.00e-05	3.72e-02	9.63e-01
 4.51936e+22	3.34e-05	3.92e-02	9.61e-01
 4.54996e+22	3.68e-05	4.11e-02	9.59e-01
 4.57718e+22	4.02e-05	4.29e-02	9.57e-01
 4.60828e+22	4.50e-05	4.54e-02	9.55e-01
 4.64006e+22	4.96e-05	4.76e-02	9.52e-01
 4.66822e+22	5.43e-05	4.97e-02	9.50e-01
 4.70033e+22	6.09e-05	5.26e-02	9.47e-01
 4.73220e+22	6.69e-05	5.50e-02	9.45e-01
 4.75940e+22	7.30e-05	5.74e-02	9.42e-01
 4.79042e+22	8.14e-05	6.06e-02	9.39e-01
 4.82204e+22	8.93e-05	6.34e-02	9.37e-01
 4.85018e+22	9.78e-05	6.62e-02	9.34e-01
 4.87750e+22	1.07e-04	6.91e-02	9.31e-01
 4.90801e+22	1.19e-04	7.28e-02	9.27e-01
 4.93875e+22	1.29e-04	7.58e-02	9.24e-01
 4.96977e+22	1.44e-04	7.99e-02	9.20e-01
 4.99812e+22	1.54e-04	8.26e-02	9.17e-01
 5.02300e+22	1.68e-04	8.61e-02	9.14e-01
 5.04840e+22	1.80e-04	8.92e-02	9.11e-01
 5.07106e+22	1.93e-04	9.21e-02	9.08e-01
 5.09709e+22	2.11e-04	9.61e-02	9.04e-01
 5.12342e+22	2.26e-04	9.95e-02	9.00e-01
 5.15012e+22	2.48e-04	1.04e-01	8.96e-01
 5.17708e+22	2.66e-04	1.08e-01	8.92e-01
 5.20437e+22	2.91e-04	1.12e-01	8.87e-01
 5.23201e+22	3.13e-04	1.16e-01	8.83e-01
 5.26009e+22	3.43e-04	1.22e-01	8.78e-01
 5.28851e+22	3.69e-04	1.26e-01	8.74e-01
 5.31736e+22	4.06e-04	1.32e-01	8.68e-01
 5.34663e+22	4.38e-04	1.37e-01	8.63e-01
 5.37645e+22	4.81e-04	1.43e-01	8.57e-01
 5.40693e+22	5.22e-04	1.48e-01	8.51e-01
 5.43417e+22	5.64e-04	1.54e-01	8.45e-01
 5.46550e+22	6.23e-04	1.61e-01	8.38e-01
 5.49749e+22	6.77e-04	1.68e-01	8.32e-01
 5.53035e+22	7.48e-04	1.75e-01	8.24e-01
 5.55996e+22	8.00e-04	1.81e-01	8.18e-01
 5.58537e+22	8.65e-04	1.88e-01	8.11e-01
 5.61131e+22	9.23e-04	1.93e-01	8.06e-01
 5.63795e+22	1.00e-03	2.01e-01	7.98e-01
 5.66488e+22	1.07e-03	2.07e-01	7.92e-01
 5.69219e+22	1.16e-03	2.15e-01	7.84e-01
 5.71989e+22	1.24e-03	2.21e-01	7.78e-01
 5.74810e+22	1.35e-03	2.30e-01	7.69e-01
 5.77695e+22	1.45e-03	2.37e-01	7.62e-01
 5.80662e+22	1.58e-03	2.47e-01	7.52e-01
 5.83648e+22	1.69e-03	2.54e-01	7.44e-01
 5.86657e+22	1.85e-03	2.65e-01	7.34e-01
 5.89458e+22	1.95e-03	2.71e-01	7.27e-01
 5.91424e+22	2.04e-03	2.77e-01	7.21e-01
 5.93415e+22	2.16e-03	2.84e-01	7.14e-01
 5.95658e+22	2.29e-03	2.91e-01	7.07e-01
 5.98230e+22	2.47e-03	3.01e-01	6.97e-01
 6.00488e+22	2.56e-03	3.06e-01	6.91e-01
 6.02336e+22	2.70e-03	3.13e-01	6.84e-01
 6.04739e+22	2.89e-03	3.22e-01	6.75e-01
 6.07439e+22	3.09e-03	3.32e-01	6.65e-01
 6.09762e+22	3.24e-03	3.39e-01	6.57e-01
 6.11621e+22	3.39e-03	3.46e-01	6.51e-01
 6.13637e+22	3.58e-03	3.54e-01	6.42e-01
 6.16259e+22	3.85e-03	3.65e-01	6.31e-01
 6.19667e+22	4.26e-03	3.81e-01	6.14e-01
 6.22997e+22	4.55e-03	3.93e-01	6.03e-01
 6.26226e+22	4.98e-03	4.07e-01	5.88e-01
 6.29735e+22	5.42e-03	4.22e-01	5.72e-01
 6.33609e+22	6.06e-03	4.41e-01	5.52e-01
 6.37445e+22	6.58e-03	4.57e-01	5.36e-01
 6.41233e+22	7.33e-03	4.77e-01	5.16e-01
 6.45078e+22	8.02e-03	4.94e-01	4.97e-01
 6.48997e+22	8.97e-03	5.15e-01	4.76e-01
 6.52947e+22	9.87e-03	5.35e-01	4.55e-01
 6.55946e+22	1.06e-02	5.49e-01	4.41e-01
 6.58855e+22	1.16e-02	5.66e-01	4.22e-01
 6.61789e+22	1.25e-02	5.81e-01	4.07e-01
 6.64359e+22	1.34e-02	5.95e-01	3.92e-01
 6.67305e+22	1.47e-02	6.12e-01	3.73e-01
 6.70272e+22	1.60e-02	6.28e-01	3.56e-01
 6.72818e+22	1.73e-02	6.42e-01	3.41e-01
 6.75676e+22	1.91e-02	6.59e-01	3.21e-01
 6.78651e+22	2.09e-02	6.75e-01	3.04e-01
 6.81326e+22	2.29e-02	6.90e-01	2.88e-01
 6.84351e+22	2.56e-02	7.06e-01	2.68e-01
 6.87519e+22	2.85e-02	7.22e-01	2.50e-01
 6.90218e+22	3.16e-02	7.34e-01	2.34e-01
 6.92506e+22	3.42e-02	7.43e-01	2.22e-01
 6.93953e+22	3.57e-02	7.48e-01	2.17e-01
 6.94602e+22	3.66e-02	7.50e-01	2.13e-01
 6.95114e+22	3.74e-02	7.52e-01	2.10e-01
 6.95720e+22	3.84e-02	7.55e-01	2.07e-01
 6.96442e+22	3.96e-02	7.57e-01	2.03e-01
 6.97162e+22	4.08e-02	7.60e-01	1.99e-01
 6.97812e+22	4.20e-02	7.62e-01	1.96e-01
 6.98428e+22	4.31e-02	7.64e-01	1.93e-01
 6.99062e+22	4.44e-02	7.66e-01	1.90e-01
 6.99694e+22	4.56e-02	7.68e-01	1.87e-01
 7.00309e+22	4.69e-02	7.70e-01	1.84e-01
 7.00913e+22	4.82e-02	7.71e-01	1.81e-01
 7.01505e+22	4.96e-02	7.73e-01	1.78e-01
 7.02089e+22	5.10e-02	7.74e-01	1.75e-01
 7.02665e+22	5.25e-02	7.75e-01	1.72e-01
 7.03236e+22	5.39e-02	7.76e-01	1.70e-01
 7.03801e+22	5.55e-02	7.77e-01	1.67e-01
 7.04371e+22	5.72e-02	7.78e-01	1.65e-01
 7.04917e+22	5.88e-02	7.79e-01	1.62e-01
 7.05452e+22	6.03e-02	7.79e-01	1.60e-01
 7.06018e+22	6.23e-02	7.80e-01	1.58e-01
 7.06587e+22	6.42e-02	7.80e-01	1.55e-01
 7.07108e+22	6.61e-02	7.81e-01	1.53e-01
 7.07617e+22	6.78e-02	7.81e-01	1.52e-01
 7.08172e+22	7.01e-02	7.81e-01	1.49e-01
 7.08735e+22	7.24e-02	7.81e-01	1.47e-01
 7.09245e+22	7.45e-02	7.80e-01	1.45e-01
 7.09742e+22	7.65e-02	7.80e-01	1.44e-01
 7.10296e+22	7.91e-02	7.79e-01	1.41e-01
 7.10869e+22	8.19e-02	7.79e-01	1.39e-01
 7.11390e+22	8.46e-02	7.78e-01	1.38e-01
 7.11878e+22	8.69e-02	7.77e-01	1.36e-01
 7.12409e+22	8.99e-02	7.76e-01	1.34e-01
 7.12980e+22	9.33e-02	7.74e-01	1.32e-01
 7.13513e+22	9.66e-02	7.73e-01	1.31e-01
 7.14008e+22	9.93e-02	7.71e-01	1.30e-01
 7.14548e+22	1.03e-01	7.69e-01	1.28e-01
 7.15134e+22	1.07e-01	7.67e-01	1.26e-01
 7.15693e+22	1.11e-01	7.64e-01	1.25e-01
 7.16226e+22	1.15e-01	7.62e-01	1.23e-01
 7.16781e+22	1.19e-01	7.59e-01	1.22e-01
 7.17364e+22	1.24e-01	7.56e-01	1.20e-01
 7.17930e+22	1.29e-01	7.53e-01	1.19e-01
 7.18493e+22	1.33e-01	7.49e-01	1.17e-01
 7.19096e+22	1.39e-01	7.45e-01	1.16e-01
 7.19705e+22	1.45e-01	7.41e-01	1.14e-01
 7.20320e+22	1.51e-01	7.36e-01	1.13e-01
 7.20958e+22	1.58e-01	7.31e-01	1.11e-01
 7.21588e+22	1.65e-01	7.26e-01	1.10e-01
 7.22230e+22	1.72e-01	7.20e-01	1.08e-01
 7.22904e+22	1.80e-01	7.14e-01	1.06e-01
 7.23601e+22	1.88e-01	7.07e-01	1.05e-01
 7.24261e+22	1.97e-01	7.01e-01	1.03e-01
 7.24851e+22	2.04e-01	6.94e-01	1.02e-01
 7.25450e+22	2.13e-01	6.88e-01	9.98e-02
 7.26092e+22	2.21e-01	6.80e-01	9.82e-02
 7.26762e+22	2.31e-01	6.73e-01	9.63e-02
 7.27442e+22	2.41e-01	6.64e-01	9.45e-02
 7.28113e+22	2.51e-01	6.56e-01	9.27e-02
 7.28799e+22	2.62e-01	6.47e-01	9.08e-02
 7.29520e+22	2.74e-01	6.38e-01	8.88e-02
 7.30269e+22	2.86e-01	6.27e-01	8.67e-02
 7.31025e+22	2.98e-01	6.17e-01	8.47e-02
 7.31800e+22	3.12e-01	6.06e-01	8.24e-02
 7.32603e+22	3.25e-01	5.95e-01	8.02e-02
 7.33442e+22	3.40e-01	5.83e-01	7.78e-02
 7.34318e+22	3.55e-01	5.70e-01	7.53e-02
 7.35204e+22	3.70e-01	5.57e-01	7.28e-02
 7.36124e+22	3.87e-01	5.43e-01	7.01e-02
 7.37105e+22	4.04e-01	5.29e-01	6.73e-02
 7.38138e+22	4.21e-01	5.14e-01	6.45e-02
 7.39213e+22	4.39e-01	4.99e-01	6.15e-02
 7.40348e+22	4.58e-01	4.83e-01	5.85e-02
 7.41557e+22	4.77e-01	4.67e-01	5.54e-02
 7.42849e+22	4.97e-01	4.51e-01	5.21e-02
 7.44213e+22	5.17e-01	4.35e-01	4.89e-02
 7.45641e+22	5.36e-01	4.18e-01	4.57e-02
 7.47145e+22	5.55e-01	4.02e-01	4.25e-02
 7.48743e+22	5.74e-01	3.87e-01	3.95e-02
 7.50423e+22	5.92e-01	3.72e-01	3.64e-02
 7.52189e+22	6.09e-01	3.57e-01	3.35e-02
 7.54028e+22	6.26e-01	3.43e-01	3.07e-02
 7.55892e+22	6.42e-01	3.30e-01	2.82e-02
 7.57767e+22	6.57e-01	3.17e-01	2.58e-02
 7.59599e+22	6.71e-01	3.05e-01	2.37e-02
 7.61390e+22	6.84e-01	2.94e-01	2.18e-02
 7.63187e+22	6.96e-01	2.84e-01	2.01e-02
 7.64958e+22	7.07e-01	2.74e-01	1.85e-02
 7.66691e+22	7.18e-01	2.65e-01	1.71e-02
 7.68422e+22	7.29e-01	2.56e-01	1.58e-02
 7.70119e+22	7.38e-01	2.47e-01	1.46e-02
 7.71742e+22	7.48e-01	2.39e-01	1.35e-02
 7.73326e+22	7.56e-01	2.31e-01	1.25e-02
 7.74882e+22	7.65e-01	2.24e-01	1.17e-02
 7.76403e+22	7.73e-01	2.17e-01	1.08e-02
 7.77877e+22	7.80e-01	2.10e-01	1.01e-02
 7.79311e+22	7.87e-01	2.03e-01	9.42e-03
 7.80728e+22	7.94e-01	1.97e-01	8.78e-03
 7.82138e+22	8.01e-01	1.91e-01	8.19e-03
 7.83526e+22	8.07e-01	1.85e-01	7.63e-03
 7.84862e+22	8.13e-01	1.79e-01	7.14e-03
 7.86151e+22	8.19e-01	1.74e-01	6.69e-03
 7.87404e+22	8.25e-01	1.69e-01	6.27e-03
 7.88596e+22	8.30e-01	1.64e-01	5.90e-03
 7.89711e+22	8.34e-01	1.60e-01	5.56e-03
 7.90764e+22	8.39e-01	1.56e-01	5.26e-03
 7.91745e+22	8.43e-01	1.52e-01	4.99e-03
 7.92490e+22	8.45e-01	1.50e-01	4.81e-03
 7.92937e+22	8.47e-01	1.48e-01	4.70e-03
 7.93264e+22	8.49e-01	1.46e-01	4.59e-03
 7.93605e+22	8.50e-01	1.45e-01	4.49e-03
 7.93975e+22	8.52e-01	1.44e-01	4.40e-03
 7.94350e+22	8.53e-01	1.42e-01	4.31e-03
 7.94712e+22	8.55e-01	1.41e-01	4.22e-03
 7.95053e+22	8.56e-01	1.40e-01	4.14e-03
 7.95396e+22	8.57e-01	1.38e-01	4.06e-03
 7.95751e+22	8.59e-01	1.37e-01	3.98e-03
 7.96109e+22	8.60e-01	1.36e-01	3.90e-03
 7.96462e+22	8.61e-01	1.35e-01	3.83e-03
 7.96823e+22	8.63e-01	1.33e-01	3.75e-03
 7.97209e+22	8.64e-01	1.32e-01	3.67e-03
 7.97606e+22	8.66e-01	1.31e-01	3.58e-03
 7.97990e+22	8.67e-01	1.29e-01	3.51e-03
 7.98369e+22	8.68e-01	1.28e-01	3.43e-03
 7.98765e+22	8.70e-01	1.27e-01	3.35e-03
 7.99159e+22	8.71e-01	1.25e-01	3.28e-03
 7.99553e+22	8.73e-01	1.24e-01	3.20e-03
 7.99951e+22	8.74e-01	1.23e-01	3.13e-03
 8.00357e+22	8.76e-01	1.21e-01	3.05e-03
 8.00774e+22	8.77e-01	1.20e-01	2.99e-03
 8.01196e+22	8.79e-01	1.18e-01	2.90e-03
 8.01620e+22	8.80e-01	1.17e-01	2.84e-03
 8.02026e+22	8.81e-01	1.16e-01	2.76e-03
 8.02400e+22	8.83e-01	1.15e-01	2.71e-03
 8.02802e+22	8.84e-01	1.13e-01	2.63e-03
 8.03231e+22	8.86e-01	1.12e-01	2.57e-03
 8.03662e+22	8.87e-01	1.10e-01	2.49e-03
 8.04096e+22	8.88e-01	1.09e-01	2.44e-03
 8.04544e+22	8.90e-01	1.08e-01	2.36e-03
 8.05006e+22	8.91e-01	1.06e-01	2.30e-03
 8.05426e+22	8.93e-01	1.05e-01	2.24e-03
 8.05809e+22	8.94e-01	1.04e-01	2.20e-03
 8.06228e+22	8.96e-01	1.02e-01	2.13e-03
 8.06680e+22	8.97e-01	1.01e-01	2.08e-03
 8.07092e+22	8.98e-01	9.97e-02	2.02e-03
 8.07467e+22	8.99e-01	9.88e-02	1.98e-03
 8.07877e+22	9.01e-01	9.73e-02	1.91e-03
 8.08321e+22	9.02e-01	9.63e-02	1.87e-03
 8.08724e+22	9.03e-01	9.49e-02	1.82e-03
 8.09091e+22	9.04e-01	9.41e-02	1.78e-03
 8.09493e+22	9.06e-01	9.27e-02	1.73e-03
 8.09928e+22	9.07e-01	9.17e-02	1.69e-03
 8.10323e+22	9.08e-01	9.04e-02	1.64e-03
 8.10682e+22	9.09e-01	8.96e-02	1.61e-03
 8.11076e+22	9.10e-01	8.85e-02	1.57e-03
 8.11589e+22	9.11e-01	8.72e-02	1.52e-03
 8.12142e+22	9.12e-01	8.60e-02	1.48e-03
 8.12645e+22	9.14e-01	8.48e-02	1.44e-03
 8.13103e+22	9.15e-01	8.36e-02	1.40e-03
 8.13520e+22	9.16e-01	8.28e-02	1.37e-03
 8.13977e+22	9.17e-01	8.15e-02	1.32e-03
 8.14470e+22	9.18e-01	8.05e-02	1.29e-03
 8.14918e+22	9.19e-01	7.96e-02	1.26e-03
 8.15410e+22	9.21e-01	7.82e-02	1.22e-03
 8.15941e+22	9.22e-01	7.71e-02	1.18e-03
 8.16424e+22	9.23e-01	7.60e-02	1.15e-03
 8.16863e+22	9.24e-01	7.52e-02	1.12e-03
 8.17345e+22	9.25e-01	7.39e-02	1.08e-03
 8.17865e+22	9.26e-01	7.29e-02	1.05e-03
 8.18338e+22	9.27e-01	7.18e-02	1.02e-03
 8.18768e+22	9.28e-01	7.11e-02	1.00e-03
 8.19240e+22	9.29e-01	6.99e-02	9.67e-04
 8.19750e+22	9.30e-01	6.90e-02	9.42e-04
 8.20213e+22	9.31e-01	6.79e-02	9.13e-04
 8.20635e+22	9.32e-01	6.73e-02	8.94e-04
 8.21097e+22	9.33e-01	6.61e-02	8.64e-04
 8.21596e+22	9.34e-01	6.52e-02	8.41e-04
 8.22050e+22	9.35e-01	6.43e-02	8.17e-04
 8.22464e+22	9.36e-01	6.37e-02	8.01e-04
 8.22916e+22	9.37e-01	6.26e-02	7.74e-04
 8.23405e+22	9.37e-01	6.18e-02	7.54e-04
 8.23850e+22	9.38e-01	6.10e-02	7.33e-04
 8.24255e+22	9.39e-01	6.04e-02	7.19e-04
 8.24699e+22	9.40e-01	5.94e-02	6.95e-04
 8.25177e+22	9.41e-01	5.86e-02	6.78e-04
 8.25613e+22	9.41e-01	5.78e-02	6.59e-04
 8.26010e+22	9.42e-01	5.73e-02	6.47e-04
 8.26444e+22	9.43e-01	5.65e-02	6.28e-04
 8.26913e+22	9.44e-01	5.59e-02	6.15e-04
 8.27428e+22	9.45e-01	5.49e-02	5.93e-04
 8.27983e+22	9.45e-01	5.41e-02	5.77e-04
 8.28488e+22	9.46e-01	5.33e-02	5.60e-04
 8.28947e+22	9.47e-01	5.28e-02	5.48e-04
 8.29451e+22	9.48e-01	5.19e-02	5.29e-04
 8.29995e+22	9.48e-01	5.12e-02	5.15e-04
 8.30590e+22	9.49e-01	5.02e-02	4.96e-04
 8.31234e+22	9.50e-01	4.94e-02	4.80e-04
 8.31819e+22	9.51e-01	4.86e-02	4.65e-04
 8.32460e+22	9.52e-01	4.76e-02	4.46e-04
 8.33153e+22	9.53e-01	4.68e-02	4.31e-04
 8.33783e+22	9.54e-01	4.60e-02	4.17e-04
 8.34356e+22	9.54e-01	4.52e-02	4.03e-04
 8.34878e+22	9.55e-01	4.47e-02	3.94e-04
 8.35450e+22	9.56e-01	4.39e-02	3.79e-04
 8.36067e+22	9.56e-01	4.32e-02	3.68e-04
 8.36629e+22	9.57e-01	4.26e-02	3.58e-04
 8.37244e+22	9.58e-01	4.18e-02	3.44e-04
 8.37909e+22	9.59e-01	4.11e-02	3.32e-04
 8.38513e+22	9.59e-01	4.05e-02	3.23e-04
 8.39176e+22	9.60e-01	3.96e-02	3.09e-04
 8.39891e+22	9.61e-01	3.89e-02	2.99e-04
 8.40542e+22	9.61e-01	3.83e-02	2.90e-04
 8.41256e+22	9.62e-01	3.74e-02	2.77e-04
 8.42026e+22	9.63e-01	3.67e-02	2.66e-04
 8.42727e+22	9.64e-01	3.61e-02	2.57e-04
 8.43364e+22	9.64e-01	3.55e-02	2.50e-04
 8.44063e+22	9.65e-01	3.48e-02	2.39e-04
 8.44818e+22	9.66e-01	3.41e-02	2.31e-04
 8.45504e+22	9.66e-01	3.36e-02	2.23e-04
 8.46257e+22	9.67e-01	3.28e-02	2.13e-04
 8.47069e+22	9.68e-01	3.22e-02	2.05e-04
 8.47808e+22	9.68e-01	3.16e-02	1.99e-04
 8.48618e+22	9.69e-01	3.09e-02	1.89e-04
 8.49492e+22	9.70e-01	3.02e-02	1.82e-04
 8.50288e+22	9.70e-01	2.97e-02	1.75e-04
 8.51160e+22	9.71e-01	2.89e-02	1.67e-04
 8.52101e+22	9.72e-01	2.83e-02	1.59e-04
 8.52957e+22	9.72e-01	2.77e-02	1.53e-04
 8.53737e+22	9.73e-01	2.73e-02	1.48e-04
 8.54591e+22	9.73e-01	2.66e-02	1.41e-04
 8.55513e+22	9.74e-01	2.61e-02	1.36e-04
 8.56352e+22	9.74e-01	2.55e-02	1.30e-04
 8.57116e+22	9.75e-01	2.51e-02	1.26e-04
 8.57952e+22	9.75e-01	2.46e-02	1.21e-04
 8.58856e+22	9.76e-01	2.41e-02	1.16e-04
 8.59678e+22	9.76e-01	2.36e-02	1.11e-04
 8.60578e+22	9.77e-01	2.30e-02	1.06e-04
 8.61551e+22	9.77e-01	2.25e-02	1.02e-04
 8.62436e+22	9.78e-01	2.21e-02	9.79e-05
 8.63241e+22	9.78e-01	2.17e-02	9.45e-05
 8.64124e+22	9.79e-01	2.12e-02	9.04e-05
 8.65076e+22	9.79e-01	2.08e-02	8.68e-05
 8.65943e+22	9.80e-01	2.04e-02	8.35e-05
 8.66893e+22	9.80e-01	1.99e-02	7.95e-05
 8.67919e+22	9.80e-01	1.94e-02	7.62e-05
 8.68852e+22	9.81e-01	1.90e-02	7.31e-05
 8.69875e+22	9.81e-01	1.85e-02	6.94e-05
 8.70979e+22	9.82e-01	1.81e-02	6.63e-05
 8.71983e+22	9.82e-01	1.77e-02	6.35e-05
 8.72898e+22	9.83e-01	1.74e-02	6.11e-05
 8.73899e+22	9.83e-01	1.70e-02	5.83e-05
 8.74981e+22	9.83e-01	1.65e-02	5.56e-05
 8.75965e+22	9.84e-01	1.62e-02	5.34e-05
 8.77044e+22	9.84e-01	1.58e-02	5.09e-05
 8.78208e+22	9.85e-01	1.54e-02	4.84e-05
 8.79268e+22	9.85e-01	1.51e-02	4.63e-05
 8.80429e+22	9.85e-01	1.47e-02	4.39e-05
 8.81682e+22	9.86e-01	1.43e-02	4.17e-05
 8.82823e+22	9.86e-01	1.39e-02	3.98e-05
 8.84073e+22	9.86e-01	1.35e-02	3.76e-05
 8.85546e+22	9.87e-01	1.31e-02	3.52e-05
 8.87095e+22	9.87e-01	1.27e-02	3.30e-05
 8.88702e+22	9.88e-01	1.22e-02	3.08e-05
 8.90357e+22	9.88e-01	1.18e-02	2.87e-05
 8.92036e+22	9.89e-01	1.14e-02	2.68e-05
 8.93740e+22	9.89e-01	1.10e-02	2.50e-05
 8.95462e+22	9.89e-01	1.06e-02	2.33e-05
 8.97202e+22	9.90e-01	1.02e-02	2.17e-05
 8.98958e+22	9.90e-01	9.84e-03	2.01e-05
 9.00732e+22	9.90e-01	9.48e-03	1.87e-05
 9.02522e+22	9.91e-01	9.13e-03	1.74e-05
 9.04330e+22	9.91e-01	8.80e-03	1.62e-05
 9.06153e+22	9.92e-01	8.47e-03	1.50e-05
 9.07992e+22	9.92e-01	8.15e-03	1.40e-05
 9.09838e+22	9.92e-01	7.85e-03	1.30e-05
 9.11699e+22	9.92e-01	7.56e-03	1.20e-05
 9.13581e+22	9.93e-01	7.27e-03	1.12e-05
 9.15474e+22	9.93e-01	6.99e-03	1.04e-05
 9.17387e+22	9.93e-01	6.73e-03	9.59e-06
 9.19315e+22	9.94e-01	6.47e-03	8.89e-06
 9.21259e+22	9.94e-01	6.22e-03	8.23e-06
 9.23218e+22	9.94e-01	5.98e-03	7.62e-06
 9.24952e+22	9.94e-01	5.80e-03	7.18e-06
