#depth	He	He+	He+2
 1.54284e+22	3.29e-08	1.79e-03	9.98e-01
 3.46119e+22	5.85e-08	2.55e-03	9.97e-01
 4.02446e+22	7.98e-08	3.01e-03	9.97e-01
 4.30610e+22	9.34e-08	3.27e-03	9.97e-01
 4.45404e+22	1.02e-07	3.42e-03	9.97e-01
 4.55765e+22	1.11e-07	3.57e-03	9.96e-01
 4.67160e+22	1.24e-07	3.76e-03	9.96e-01
 4.78375e+22	1.34e-07	3.91e-03	9.96e-01
 4.89354e+22	1.48e-07	4.12e-03	9.96e-01
 5.00404e+22	1.60e-07	4.29e-03	9.96e-01
 5.11547e+22	1.78e-07	4.51e-03	9.95e-01
 5.22843e+22	1.93e-07	4.70e-03	9.95e-01
 5.34339e+22	2.14e-07	4.95e-03	9.95e-01
 5.46006e+22	2.32e-07	5.15e-03	9.95e-01
 5.57895e+22	2.59e-07	5.44e-03	9.95e-01
 5.69971e+22	2.82e-07	5.67e-03	9.94e-01
 5.82291e+22	3.15e-07	5.99e-03	9.94e-01
 5.94870e+22	3.43e-07	6.25e-03	9.94e-01
 6.07788e+22	3.86e-07	6.62e-03	9.93e-01
 6.21046e+22	4.23e-07	6.92e-03	9.93e-01
 6.34746e+22	4.76e-07	7.35e-03	9.93e-01
 6.48645e+22	5.23e-07	7.69e-03	9.92e-01
 6.62801e+22	5.91e-07	8.17e-03	9.92e-01
 6.77115e+22	6.49e-07	8.56e-03	9.91e-01
 6.91634e+22	7.36e-07	9.10e-03	9.91e-01
 7.06374e+22	8.09e-07	9.54e-03	9.90e-01
 7.19313e+22	8.89e-07	1.00e-02	9.90e-01
 7.34047e+22	1.01e-06	1.06e-02	9.89e-01
 7.48912e+22	1.11e-06	1.12e-02	9.89e-01
 7.61142e+22	1.20e-06	1.16e-02	9.88e-01
 7.74238e+22	1.34e-06	1.22e-02	9.88e-01
 7.87633e+22	1.46e-06	1.28e-02	9.87e-01
 7.99552e+22	1.59e-06	1.33e-02	9.87e-01
 8.13182e+22	1.77e-06	1.41e-02	9.86e-01
 8.27344e+22	1.95e-06	1.48e-02	9.85e-01
 8.39989e+22	2.13e-06	1.54e-02	9.85e-01
 8.54219e+22	2.38e-06	1.63e-02	9.84e-01
 8.69099e+22	2.64e-06	1.71e-02	9.83e-01
 8.82521e+22	2.89e-06	1.79e-02	9.82e-01
 8.97666e+22	3.25e-06	1.90e-02	9.81e-01
 9.13322e+22	3.61e-06	2.00e-02	9.80e-01
 9.27276e+22	3.97e-06	2.09e-02	9.79e-01
 9.43050e+22	4.47e-06	2.22e-02	9.78e-01
 9.59455e+22	4.99e-06	2.34e-02	9.77e-01
 9.74216e+22	5.51e-06	2.46e-02	9.75e-01
 9.90941e+22	6.27e-06	2.62e-02	9.74e-01
 1.00820e+23	7.00e-06	2.77e-02	9.72e-01
 1.02376e+23	7.79e-06	2.92e-02	9.71e-01
 1.04159e+23	8.92e-06	3.12e-02	9.69e-01
 1.05966e+23	1.00e-05	3.30e-02	9.67e-01
 1.07563e+23	1.11e-05	3.48e-02	9.65e-01
 1.09398e+23	1.28e-05	3.73e-02	9.63e-01
 1.11256e+23	1.44e-05	3.94e-02	9.61e-01
 1.13144e+23	1.65e-05	4.22e-02	9.58e-01
 1.15071e+23	1.86e-05	4.47e-02	9.55e-01
 1.16787e+23	2.10e-05	4.74e-02	9.53e-01
 1.18755e+23	2.43e-05	5.09e-02	9.49e-01
 1.20756e+23	2.74e-05	5.39e-02	9.46e-01
 1.22798e+23	3.19e-05	5.81e-02	9.42e-01
 1.24794e+23	3.57e-05	6.14e-02	9.39e-01
 1.26727e+23	4.13e-05	6.58e-02	9.34e-01
 1.28600e+23	4.57e-05	6.91e-02	9.31e-01
 1.30393e+23	5.22e-05	7.36e-02	9.26e-01
 1.32214e+23	5.81e-05	7.75e-02	9.22e-01
 1.33821e+23	6.44e-05	8.15e-02	9.18e-01
 1.35658e+23	7.35e-05	8.68e-02	9.13e-01
 1.37529e+23	8.21e-05	9.15e-02	9.08e-01
 1.39445e+23	9.37e-05	9.74e-02	9.03e-01
 1.41395e+23	1.05e-04	1.03e-01	8.97e-01
 1.43099e+23	1.17e-04	1.08e-01	8.92e-01
 1.45024e+23	1.34e-04	1.15e-01	8.85e-01
 1.46823e+23	1.46e-04	1.20e-01	8.80e-01
 1.48456e+23	1.64e-04	1.27e-01	8.73e-01
 1.50123e+23	1.80e-04	1.32e-01	8.68e-01
 1.51601e+23	1.96e-04	1.38e-01	8.62e-01
 1.53290e+23	2.19e-04	1.45e-01	8.55e-01
 1.55010e+23	2.41e-04	1.52e-01	8.48e-01
 1.56532e+23	2.64e-04	1.58e-01	8.42e-01
 1.58274e+23	2.95e-04	1.66e-01	8.33e-01
 1.60040e+23	3.24e-04	1.74e-01	8.26e-01
 1.61593e+23	3.55e-04	1.81e-01	8.19e-01
 1.63365e+23	3.98e-04	1.90e-01	8.09e-01
 1.65166e+23	4.37e-04	1.98e-01	8.01e-01
 1.66763e+23	4.79e-04	2.07e-01	7.93e-01
 1.68598e+23	5.36e-04	2.17e-01	7.82e-01
 1.70462e+23	5.90e-04	2.27e-01	7.73e-01
 1.72366e+23	6.63e-04	2.38e-01	7.61e-01
 1.74293e+23	7.30e-04	2.49e-01	7.51e-01
 1.76252e+23	8.21e-04	2.61e-01	7.38e-01
 1.78248e+23	9.06e-04	2.73e-01	7.26e-01
 1.80293e+23	1.02e-03	2.87e-01	7.12e-01
 1.82375e+23	1.13e-03	2.99e-01	7.00e-01
 1.84506e+23	1.28e-03	3.15e-01	6.84e-01
 1.86667e+23	1.41e-03	3.28e-01	6.71e-01
 1.88300e+23	1.51e-03	3.38e-01	6.61e-01
 1.89857e+23	1.65e-03	3.50e-01	6.48e-01
 1.91447e+23	1.77e-03	3.60e-01	6.38e-01
 1.93077e+23	1.94e-03	3.73e-01	6.25e-01
 1.94733e+23	2.08e-03	3.84e-01	6.14e-01
 1.96422e+23	2.28e-03	3.98e-01	6.00e-01
 1.98143e+23	2.46e-03	4.10e-01	5.87e-01
 1.99909e+23	2.71e-03	4.26e-01	5.71e-01
 2.01680e+23	2.92e-03	4.39e-01	5.58e-01
 2.03458e+23	3.20e-03	4.55e-01	5.42e-01
 2.05276e+23	3.46e-03	4.68e-01	5.28e-01
 2.07144e+23	3.82e-03	4.86e-01	5.10e-01
 2.09030e+23	4.11e-03	5.00e-01	4.96e-01
 2.10937e+23	4.53e-03	5.18e-01	4.77e-01
 2.12909e+23	4.93e-03	5.35e-01	4.61e-01
 2.14966e+23	5.48e-03	5.55e-01	4.39e-01
 2.16992e+23	5.94e-03	5.72e-01	4.22e-01
 2.18979e+23	6.55e-03	5.91e-01	4.02e-01
 2.21012e+23	7.12e-03	6.09e-01	3.84e-01
 2.23104e+23	7.92e-03	6.31e-01	3.61e-01
 2.25181e+23	8.60e-03	6.49e-01	3.43e-01
 2.27239e+23	9.58e-03	6.71e-01	3.20e-01
 2.29290e+23	1.04e-02	6.88e-01	3.01e-01
 2.31333e+23	1.16e-02	7.10e-01	2.78e-01
 2.33376e+23	1.26e-02	7.28e-01	2.60e-01
 2.35417e+23	1.40e-02	7.48e-01	2.38e-01
 2.37462e+23	1.53e-02	7.65e-01	2.19e-01
 2.39514e+23	1.71e-02	7.85e-01	1.98e-01
 2.41563e+23	1.87e-02	8.01e-01	1.80e-01
 2.43609e+23	2.10e-02	8.18e-01	1.61e-01
 2.45677e+23	2.30e-02	8.32e-01	1.45e-01
 2.47490e+23	2.53e-02	8.44e-01	1.30e-01
 2.49567e+23	2.84e-02	8.57e-01	1.14e-01
 2.51662e+23	3.15e-02	8.67e-01	1.01e-01
 2.53248e+23	3.41e-02	8.74e-01	9.19e-02
 2.54774e+23	3.74e-02	8.80e-01	8.26e-02
 2.56408e+23	4.10e-02	8.85e-01	7.43e-02
 2.57919e+23	4.50e-02	8.88e-01	6.71e-02
 2.59374e+23	4.94e-02	8.90e-01	6.08e-02
 2.60761e+23	5.43e-02	8.90e-01	5.54e-02
 2.62049e+23	5.96e-02	8.90e-01	5.08e-02
 2.63243e+23	6.54e-02	8.88e-01	4.69e-02
 2.64348e+23	7.17e-02	8.85e-01	4.37e-02
 2.65370e+23	7.87e-02	8.80e-01	4.10e-02
 2.66300e+23	8.61e-02	8.75e-01	3.88e-02
 2.67120e+23	9.37e-02	8.69e-01	3.71e-02
 2.67853e+23	1.02e-01	8.62e-01	3.56e-02
 2.68521e+23	1.11e-01	8.55e-01	3.44e-02
 2.69128e+23	1.19e-01	8.47e-01	3.36e-02
 2.69686e+23	1.29e-01	8.39e-01	3.29e-02
 2.70206e+23	1.38e-01	8.29e-01	3.23e-02
 2.70689e+23	1.49e-01	8.19e-01	3.19e-02
 2.71140e+23	1.59e-01	8.09e-01	3.17e-02
 2.71542e+23	1.69e-01	7.99e-01	3.16e-02
 2.71882e+23	1.78e-01	7.90e-01	3.17e-02
 2.72142e+23	1.85e-01	7.83e-01	3.18e-02
 2.72342e+23	1.91e-01	7.77e-01	3.19e-02
 2.72555e+23	1.98e-01	7.70e-01	3.19e-02
 2.72806e+23	2.06e-01	7.62e-01	3.20e-02
 2.73077e+23	2.16e-01	7.52e-01	3.20e-02
 2.73343e+23	2.25e-01	7.43e-01	3.22e-02
 2.73587e+23	2.34e-01	7.34e-01	3.24e-02
 2.73773e+23	2.41e-01	7.27e-01	3.25e-02
 2.73902e+23	2.46e-01	7.22e-01	3.26e-02
 2.74033e+23	2.51e-01	7.16e-01	3.26e-02
 2.74191e+23	2.59e-01	7.09e-01	3.25e-02
 2.74359e+23	2.66e-01	7.02e-01	3.26e-02
 2.74522e+23	2.73e-01	6.95e-01	3.26e-02
 2.74686e+23	2.81e-01	6.87e-01	3.25e-02
 2.74853e+23	2.88e-01	6.79e-01	3.25e-02
 2.75026e+23	2.97e-01	6.71e-01	3.25e-02
 2.75205e+23	3.06e-01	6.62e-01	3.23e-02
 2.75385e+23	3.15e-01	6.53e-01	3.22e-02
 2.75567e+23	3.24e-01	6.44e-01	3.21e-02
 2.75757e+23	3.34e-01	6.34e-01	3.19e-02
 2.75954e+23	3.45e-01	6.24e-01	3.17e-02
 2.76156e+23	3.56e-01	6.13e-01	3.15e-02
 2.76360e+23	3.67e-01	6.02e-01	3.12e-02
 2.76572e+23	3.79e-01	5.90e-01	3.09e-02
 2.76791e+23	3.91e-01	5.78e-01	3.06e-02
 2.77016e+23	4.04e-01	5.66e-01	3.02e-02
 2.77247e+23	4.17e-01	5.53e-01	2.97e-02
 2.77486e+23	4.31e-01	5.39e-01	2.93e-02
 2.77734e+23	4.46e-01	5.26e-01	2.87e-02
 2.77989e+23	4.60e-01	5.11e-01	2.82e-02
 2.78252e+23	4.76e-01	4.97e-01	2.76e-02
 2.78526e+23	4.91e-01	4.82e-01	2.69e-02
 2.78812e+23	5.08e-01	4.66e-01	2.62e-02
 2.79107e+23	5.24e-01	4.51e-01	2.54e-02
 2.79411e+23	5.40e-01	4.35e-01	2.46e-02
 2.79721e+23	5.57e-01	4.20e-01	2.38e-02
 2.80038e+23	5.73e-01	4.04e-01	2.30e-02
 2.80366e+23	5.89e-01	3.89e-01	2.20e-02
 2.80713e+23	6.06e-01	3.73e-01	2.11e-02
 2.81073e+23	6.22e-01	3.58e-01	2.01e-02
 2.81440e+23	6.38e-01	3.43e-01	1.92e-02
 2.81819e+23	6.53e-01	3.29e-01	1.83e-02
 2.82221e+23	6.68e-01	3.14e-01	1.73e-02
 2.82647e+23	6.83e-01	3.01e-01	1.64e-02
 2.83088e+23	6.97e-01	2.88e-01	1.54e-02
 2.83551e+23	7.10e-01	2.75e-01	1.45e-02
 2.84045e+23	7.24e-01	2.63e-01	1.35e-02
 2.84568e+23	7.36e-01	2.51e-01	1.26e-02
 2.85110e+23	7.48e-01	2.40e-01	1.17e-02
 2.85640e+23	7.59e-01	2.30e-01	1.09e-02
 2.86149e+23	7.68e-01	2.22e-01	1.02e-02
 2.86646e+23	7.76e-01	2.14e-01	9.58e-03
 2.87134e+23	7.84e-01	2.07e-01	9.00e-03
 2.87611e+23	7.91e-01	2.00e-01	8.46e-03
 2.88071e+23	7.97e-01	1.95e-01	7.98e-03
 2.88509e+23	8.03e-01	1.89e-01	7.53e-03
 2.88919e+23	8.09e-01	1.84e-01	7.15e-03
 2.89317e+23	8.14e-01	1.80e-01	6.78e-03
 2.89715e+23	8.18e-01	1.75e-01	6.44e-03
 2.90101e+23	8.23e-01	1.71e-01	6.12e-03
 2.90472e+23	8.27e-01	1.67e-01	5.83e-03
 2.90830e+23	8.31e-01	1.63e-01	5.56e-03
 2.91176e+23	8.35e-01	1.60e-01	5.30e-03
 2.91511e+23	8.39e-01	1.56e-01	5.07e-03
 2.91834e+23	8.42e-01	1.53e-01	4.85e-03
 2.92146e+23	8.45e-01	1.50e-01	4.64e-03
 2.92446e+23	8.49e-01	1.47e-01	4.45e-03
 2.92736e+23	8.52e-01	1.44e-01	4.27e-03
 2.93011e+23	8.54e-01	1.41e-01	4.10e-03
 2.93280e+23	8.57e-01	1.39e-01	3.94e-03
 2.93542e+23	8.60e-01	1.36e-01	3.79e-03
 2.93781e+23	8.62e-01	1.34e-01	3.66e-03
 2.93998e+23	8.65e-01	1.32e-01	3.53e-03
 2.94196e+23	8.67e-01	1.30e-01	3.42e-03
 2.94376e+23	8.69e-01	1.28e-01	3.33e-03
 2.94540e+23	8.70e-01	1.27e-01	3.24e-03
 2.94689e+23	8.72e-01	1.25e-01	3.16e-03
 2.94825e+23	8.73e-01	1.24e-01	3.08e-03
 2.94974e+23	8.75e-01	1.22e-01	3.00e-03
 2.95134e+23	8.76e-01	1.21e-01	2.93e-03
 2.95280e+23	8.78e-01	1.19e-01	2.86e-03
 2.95440e+23	8.79e-01	1.18e-01	2.78e-03
 2.95613e+23	8.81e-01	1.16e-01	2.71e-03
 2.95770e+23	8.82e-01	1.15e-01	2.65e-03
 2.95913e+23	8.84e-01	1.14e-01	2.59e-03
 2.96070e+23	8.85e-01	1.12e-01	2.51e-03
 2.96240e+23	8.87e-01	1.11e-01	2.45e-03
 2.96394e+23	8.88e-01	1.10e-01	2.39e-03
 2.96562e+23	8.90e-01	1.08e-01	2.33e-03
 2.96745e+23	8.91e-01	1.07e-01	2.27e-03
 2.96911e+23	8.92e-01	1.05e-01	2.21e-03
 2.97061e+23	8.93e-01	1.05e-01	2.17e-03
 2.97227e+23	8.95e-01	1.03e-01	2.11e-03
 2.97405e+23	8.96e-01	1.02e-01	2.05e-03
 2.97568e+23	8.97e-01	1.01e-01	2.00e-03
 2.97716e+23	8.98e-01	9.96e-02	1.96e-03
 2.97878e+23	9.00e-01	9.83e-02	1.91e-03
 2.98053e+23	9.01e-01	9.71e-02	1.86e-03
 2.98212e+23	9.02e-01	9.59e-02	1.81e-03
 2.98357e+23	9.03e-01	9.50e-02	1.78e-03
 2.98515e+23	9.05e-01	9.37e-02	1.73e-03
 2.98687e+23	9.06e-01	9.26e-02	1.69e-03
 2.98843e+23	9.07e-01	9.15e-02	1.65e-03
 2.98984e+23	9.08e-01	9.05e-02	1.61e-03
 2.99114e+23	9.09e-01	8.97e-02	1.58e-03
 2.99255e+23	9.10e-01	8.85e-02	1.54e-03
 2.99439e+23	9.11e-01	8.72e-02	1.49e-03
 2.99638e+23	9.12e-01	8.62e-02	1.46e-03
 2.99818e+23	9.14e-01	8.50e-02	1.42e-03
 2.99983e+23	9.15e-01	8.40e-02	1.38e-03
 3.00163e+23	9.16e-01	8.26e-02	1.34e-03
 3.00357e+23	9.17e-01	8.14e-02	1.30e-03
 3.00534e+23	9.18e-01	8.05e-02	1.27e-03
 3.00696e+23	9.19e-01	7.94e-02	1.24e-03
 3.00842e+23	9.20e-01	7.85e-02	1.21e-03
 3.01003e+23	9.21e-01	7.74e-02	1.17e-03
 3.01176e+23	9.22e-01	7.65e-02	1.14e-03
 3.01334e+23	9.23e-01	7.56e-02	1.12e-03
 3.01507e+23	9.24e-01	7.46e-02	1.09e-03
 3.01694e+23	9.25e-01	7.38e-02	1.06e-03
 3.01863e+23	9.26e-01	7.28e-02	1.03e-03
 3.02018e+23	9.27e-01	7.21e-02	1.01e-03
 3.02187e+23	9.28e-01	7.11e-02	9.86e-04
 3.02370e+23	9.29e-01	7.03e-02	9.64e-04
 3.02537e+23	9.29e-01	6.96e-02	9.44e-04
 3.02719e+23	9.31e-01	6.85e-02	9.16e-04
 3.02916e+23	9.31e-01	6.77e-02	8.94e-04
 3.03095e+23	9.32e-01	6.69e-02	8.71e-04
 3.03258e+23	9.33e-01	6.62e-02	8.55e-04
 3.03437e+23	9.34e-01	6.53e-02	8.30e-04
 3.03630e+23	9.35e-01	6.45e-02	8.10e-04
 3.03805e+23	9.35e-01	6.39e-02	7.94e-04
 3.03998e+23	9.36e-01	6.28e-02	7.68e-04
 3.04205e+23	9.37e-01	6.21e-02	7.50e-04
 3.04394e+23	9.38e-01	6.14e-02	7.34e-04
 3.04601e+23	9.39e-01	6.03e-02	7.09e-04
 3.04825e+23	9.40e-01	5.96e-02	6.91e-04
 3.05028e+23	9.41e-01	5.87e-02	6.71e-04
 3.05213e+23	9.41e-01	5.81e-02	6.57e-04
 3.05416e+23	9.42e-01	5.72e-02	6.36e-04
 3.05635e+23	9.43e-01	5.65e-02	6.21e-04
 3.05834e+23	9.44e-01	5.58e-02	6.06e-04
 3.06053e+23	9.45e-01	5.49e-02	5.86e-04
 3.06289e+23	9.45e-01	5.42e-02	5.71e-04
 3.06503e+23	9.46e-01	5.35e-02	5.56e-04
 3.06738e+23	9.47e-01	5.25e-02	5.36e-04
 3.06992e+23	9.48e-01	5.18e-02	5.22e-04
 3.07223e+23	9.48e-01	5.11e-02	5.08e-04
 3.07476e+23	9.49e-01	5.01e-02	4.89e-04
 3.07749e+23	9.50e-01	4.95e-02	4.76e-04
 3.07998e+23	9.51e-01	4.87e-02	4.60e-04
 3.08224e+23	9.52e-01	4.80e-02	4.48e-04
 3.08450e+23	9.52e-01	4.72e-02	4.34e-04
