#depth	H	H+	H2
 1.54284e+22	7.13e-06	1.00e+00	4.98e-29
 3.46119e+22	1.05e-05	1.00e+00	1.95e-28
 4.02446e+22	1.26e-05	1.00e+00	3.95e-28
 4.30610e+22	1.37e-05	1.00e+00	5.63e-28
 4.45404e+22	1.44e-05	1.00e+00	6.89e-28
 4.55765e+22	1.50e-05	1.00e+00	8.30e-28
 4.67160e+22	1.59e-05	1.00e+00	1.06e-27
 4.78375e+22	1.66e-05	1.00e+00	1.26e-27
 4.89354e+22	1.75e-05	1.00e+00	1.59e-27
 5.00404e+22	1.82e-05	1.00e+00	1.90e-27
 5.11547e+22	1.93e-05	1.00e+00	2.40e-27
 5.22843e+22	2.01e-05	1.00e+00	2.88e-27
 5.34339e+22	2.12e-05	1.00e+00	3.65e-27
 5.46006e+22	2.21e-05	1.00e+00	4.40e-27
 5.57895e+22	2.34e-05	1.00e+00	5.62e-27
 5.69971e+22	2.44e-05	1.00e+00	6.80e-27
 5.82291e+22	2.59e-05	1.00e+00	8.74e-27
 5.94870e+22	2.70e-05	1.00e+00	1.07e-26
 6.07788e+22	2.87e-05	1.00e+00	1.38e-26
 6.21046e+22	3.01e-05	1.00e+00	1.71e-26
 6.34746e+22	3.20e-05	1.00e+00	2.24e-26
 6.48645e+22	3.36e-05	1.00e+00	2.77e-26
 6.62801e+22	3.58e-05	1.00e+00	3.67e-26
 6.77115e+22	3.75e-05	1.00e+00	4.55e-26
 6.91634e+22	4.00e-05	1.00e+00	6.05e-26
 7.06374e+22	4.20e-05	1.00e+00	7.33e-26
 7.19313e+22	4.41e-05	1.00e+00	9.11e-26
 7.34047e+22	4.70e-05	1.00e+00	1.21e-25
 7.48912e+22	4.93e-05	1.00e+00	1.51e-25
 7.61142e+22	5.15e-05	1.00e+00	1.83e-25
 7.74238e+22	5.43e-05	1.00e+00	2.33e-25
 7.87633e+22	5.68e-05	1.00e+00	2.86e-25
 7.99552e+22	5.94e-05	1.00e+00	3.49e-25
 8.13182e+22	6.27e-05	1.00e+00	4.59e-25
 8.27344e+22	6.59e-05	1.00e+00	5.59e-25
 8.39989e+22	6.90e-05	1.00e+00	6.86e-25
 8.54219e+22	7.29e-05	1.00e+00	8.87e-25
 8.69099e+22	7.69e-05	1.00e+00	1.12e-24
 8.82521e+22	8.06e-05	1.00e+00	1.39e-24
 8.97666e+22	8.55e-05	1.00e+00	1.82e-24
 9.13322e+22	9.02e-05	1.00e+00	2.32e-24
 9.27276e+22	9.47e-05	1.00e+00	2.90e-24
 9.43050e+22	1.01e-04	1.00e+00	3.85e-24
 9.59455e+22	1.06e-04	1.00e+00	4.95e-24
 9.74216e+22	1.12e-04	1.00e+00	6.27e-24
 9.90941e+22	1.20e-04	1.00e+00	8.50e-24
 1.00820e+23	1.27e-04	1.00e+00	1.10e-23
 1.02376e+23	1.34e-04	1.00e+00	1.42e-23
 1.04159e+23	1.44e-04	1.00e+00	1.96e-23
 1.05966e+23	1.52e-04	1.00e+00	2.56e-23
 1.07563e+23	1.61e-04	1.00e+00	3.32e-23
 1.09398e+23	1.73e-04	1.00e+00	4.69e-23
 1.11256e+23	1.84e-04	1.00e+00	6.17e-23
 1.13144e+23	1.97e-04	1.00e+00	8.75e-23
 1.15071e+23	2.10e-04	1.00e+00	1.18e-22
 1.16787e+23	2.23e-04	1.00e+00	1.58e-22
 1.18755e+23	2.41e-04	1.00e+00	2.30e-22
 1.20756e+23	2.56e-04	1.00e+00	3.15e-22
 1.22798e+23	2.78e-04	1.00e+00	4.74e-22
 1.24794e+23	2.95e-04	1.00e+00	6.41e-22
 1.26727e+23	3.18e-04	1.00e+00	9.48e-22
 1.28600e+23	3.35e-04	1.00e+00	1.26e-21
 1.30393e+23	3.59e-04	1.00e+00	1.80e-21
 1.32214e+23	3.80e-04	1.00e+00	2.44e-21
 1.33821e+23	4.02e-04	1.00e+00	3.26e-21
 1.35658e+23	4.31e-04	1.00e+00	4.74e-21
 1.37529e+23	4.57e-04	1.00e+00	6.59e-21
 1.39445e+23	4.90e-04	1.00e+00	9.59e-21
 1.41395e+23	5.21e-04	9.99e-01	1.36e-20
 1.43099e+23	5.51e-04	9.99e-01	1.87e-20
 1.45024e+23	5.92e-04	9.99e-01	2.76e-20
 1.46823e+23	6.22e-04	9.99e-01	3.64e-20
 1.48456e+23	6.60e-04	9.99e-01	5.04e-20
 1.50123e+23	6.95e-04	9.99e-01	6.75e-20
 1.51601e+23	7.29e-04	9.99e-01	8.79e-20
 1.53290e+23	7.75e-04	9.99e-01	1.26e-19
 1.55010e+23	8.15e-04	9.99e-01	1.74e-19
 1.56532e+23	8.57e-04	9.99e-01	2.33e-19
 1.58274e+23	9.12e-04	9.99e-01	3.52e-19
 1.60040e+23	9.61e-04	9.99e-01	5.10e-19
 1.61593e+23	1.01e-03	9.99e-01	7.12e-19
 1.63365e+23	1.08e-03	9.99e-01	1.17e-18
 1.65166e+23	1.13e-03	9.99e-01	1.89e-18
 1.66763e+23	1.19e-03	9.99e-01	2.92e-18
 1.68598e+23	1.27e-03	9.99e-01	5.84e-18
 1.70462e+23	1.34e-03	9.99e-01	1.22e-17
 1.72366e+23	1.43e-03	9.99e-01	2.97e-17
 1.74293e+23	1.51e-03	9.98e-01	1.01e-16
 1.76252e+23	1.62e-03	9.98e-01	1.94e-16
 1.78248e+23	1.71e-03	9.98e-01	3.39e-16
 1.80293e+23	1.83e-03	9.98e-01	5.36e-16
 1.82375e+23	1.94e-03	9.98e-01	8.14e-16
 1.84506e+23	2.09e-03	9.98e-01	1.19e-15
 1.86667e+23	2.21e-03	9.98e-01	1.70e-15
 1.88300e+23	2.31e-03	9.98e-01	2.11e-15
 1.89857e+23	2.43e-03	9.98e-01	2.66e-15
 1.91447e+23	2.53e-03	9.97e-01	3.20e-15
 1.93077e+23	2.67e-03	9.97e-01	3.98e-15
 1.94733e+23	2.79e-03	9.97e-01	4.73e-15
 1.96422e+23	2.94e-03	9.97e-01	5.82e-15
 1.98143e+23	3.08e-03	9.97e-01	6.95e-15
 1.99909e+23	3.26e-03	9.97e-01	8.67e-15
 2.01680e+23	3.41e-03	9.97e-01	1.03e-14
 2.03458e+23	3.61e-03	9.96e-01	1.28e-14
 2.05276e+23	3.78e-03	9.96e-01	1.54e-14
 2.07144e+23	4.02e-03	9.96e-01	1.94e-14
 2.09030e+23	4.20e-03	9.96e-01	2.32e-14
 2.10937e+23	4.46e-03	9.96e-01	2.93e-14
 2.12909e+23	4.69e-03	9.95e-01	3.57e-14
 2.14966e+23	5.02e-03	9.95e-01	4.64e-14
 2.16992e+23	5.26e-03	9.95e-01	5.62e-14
 2.18979e+23	5.60e-03	9.94e-01	7.18e-14
 2.21012e+23	5.89e-03	9.94e-01	8.84e-14
 2.23104e+23	6.32e-03	9.94e-01	1.15e-13
 2.25181e+23	6.65e-03	9.93e-01	1.41e-13
 2.27239e+23	7.15e-03	9.93e-01	1.86e-13
 2.29290e+23	7.53e-03	9.92e-01	2.29e-13
 2.31333e+23	8.13e-03	9.92e-01	3.03e-13
 2.33376e+23	8.61e-03	9.91e-01	3.77e-13
 2.35417e+23	9.33e-03	9.91e-01	5.04e-13
 2.37462e+23	9.94e-03	9.90e-01	6.35e-13
 2.39514e+23	1.09e-02	9.89e-01	8.71e-13
 2.41563e+23	1.17e-02	9.88e-01	1.12e-12
 2.43609e+23	1.29e-02	9.87e-01	1.56e-12
 2.45677e+23	1.41e-02	9.86e-01	2.08e-12
 2.47490e+23	1.55e-02	9.85e-01	2.79e-12
 2.49567e+23	1.75e-02	9.83e-01	4.09e-12
 2.51662e+23	1.97e-02	9.80e-01	5.81e-12
 2.53248e+23	2.17e-02	9.78e-01	7.65e-12
 2.54774e+23	2.44e-02	9.76e-01	1.07e-11
 2.56408e+23	2.77e-02	9.72e-01	1.52e-11
 2.57919e+23	3.17e-02	9.68e-01	2.17e-11
 2.59374e+23	3.66e-02	9.63e-01	3.16e-11
 2.60761e+23	4.27e-02	9.57e-01	4.65e-11
 2.62049e+23	5.00e-02	9.50e-01	6.83e-11
 2.63243e+23	5.93e-02	9.41e-01	1.02e-10
 2.64348e+23	7.02e-02	9.30e-01	1.51e-10
 2.65370e+23	8.39e-02	9.16e-01	2.26e-10
 2.66300e+23	1.00e-01	9.00e-01	3.35e-10
 2.67120e+23	1.19e-01	8.81e-01	4.83e-10
 2.67853e+23	1.40e-01	8.60e-01	6.86e-10
 2.68521e+23	1.64e-01	8.36e-01	9.60e-10
 2.69128e+23	1.90e-01	8.10e-01	1.31e-09
 2.69686e+23	2.19e-01	7.81e-01	1.75e-09
 2.70206e+23	2.51e-01	7.49e-01	2.29e-09
 2.70689e+23	2.85e-01	7.15e-01	2.95e-09
 2.71140e+23	3.20e-01	6.80e-01	3.70e-09
 2.71542e+23	3.54e-01	6.46e-01	4.49e-09
 2.71882e+23	3.84e-01	6.16e-01	5.23e-09
 2.72142e+23	4.07e-01	5.93e-01	5.83e-09
 2.72342e+23	4.25e-01	5.75e-01	6.33e-09
 2.72555e+23	4.45e-01	5.55e-01	6.88e-09
 2.72806e+23	4.69e-01	5.31e-01	7.57e-09
 2.73077e+23	4.94e-01	5.06e-01	8.34e-09
 2.73343e+23	5.18e-01	4.82e-01	9.05e-09
 2.73587e+23	5.39e-01	4.61e-01	9.66e-09
 2.73773e+23	5.55e-01	4.45e-01	1.01e-08
 2.73902e+23	5.65e-01	4.35e-01	1.04e-08
 2.74033e+23	5.75e-01	4.25e-01	1.08e-08
 2.74191e+23	5.88e-01	4.12e-01	1.12e-08
 2.74359e+23	6.01e-01	3.99e-01	1.16e-08
 2.74522e+23	6.13e-01	3.87e-01	1.19e-08
 2.74686e+23	6.25e-01	3.75e-01	1.24e-08
 2.74853e+23	6.36e-01	3.64e-01	1.27e-08
 2.75026e+23	6.48e-01	3.52e-01	1.31e-08
 2.75205e+23	6.60e-01	3.40e-01	1.34e-08
 2.75385e+23	6.71e-01	3.29e-01	1.38e-08
 2.75567e+23	6.81e-01	3.19e-01	1.41e-08
 2.75757e+23	6.92e-01	3.08e-01	1.45e-08
 2.75954e+23	7.03e-01	2.97e-01	1.48e-08
 2.76156e+23	7.13e-01	2.87e-01	1.51e-08
 2.76360e+23	7.23e-01	2.77e-01	1.54e-08
 2.76572e+23	7.33e-01	2.67e-01	1.58e-08
 2.76791e+23	7.43e-01	2.57e-01	1.61e-08
 2.77016e+23	7.52e-01	2.48e-01	1.64e-08
 2.77247e+23	7.61e-01	2.39e-01	1.66e-08
 2.77486e+23	7.70e-01	2.30e-01	1.69e-08
 2.77734e+23	7.79e-01	2.21e-01	1.72e-08
 2.77989e+23	7.87e-01	2.13e-01	1.75e-08
 2.78252e+23	7.95e-01	2.05e-01	1.77e-08
 2.78526e+23	8.03e-01	1.97e-01	1.80e-08
 2.78812e+23	8.11e-01	1.89e-01	1.82e-08
 2.79107e+23	8.18e-01	1.82e-01	1.85e-08
 2.79411e+23	8.25e-01	1.75e-01	1.87e-08
 2.79721e+23	8.32e-01	1.68e-01	1.90e-08
 2.80038e+23	8.38e-01	1.62e-01	1.92e-08
 2.80366e+23	8.44e-01	1.56e-01	1.95e-08
 2.80713e+23	8.50e-01	1.50e-01	1.98e-08
 2.81073e+23	8.55e-01	1.45e-01	2.01e-08
 2.81440e+23	8.60e-01	1.40e-01	2.04e-08
 2.81819e+23	8.65e-01	1.35e-01	2.07e-08
 2.82221e+23	8.70e-01	1.30e-01	2.11e-08
 2.82647e+23	8.74e-01	1.26e-01	2.15e-08
 2.83088e+23	8.79e-01	1.21e-01	2.20e-08
 2.83551e+23	8.83e-01	1.17e-01	2.26e-08
 2.84045e+23	8.87e-01	1.13e-01	2.33e-08
 2.84568e+23	8.91e-01	1.09e-01	2.40e-08
 2.85110e+23	8.94e-01	1.06e-01	2.49e-08
 2.85640e+23	8.98e-01	1.02e-01	2.58e-08
 2.86149e+23	9.00e-01	9.96e-02	2.67e-08
 2.86646e+23	9.03e-01	9.69e-02	2.77e-08
 2.87134e+23	9.06e-01	9.43e-02	2.88e-08
 2.87611e+23	9.08e-01	9.19e-02	2.99e-08
 2.88071e+23	9.10e-01	8.96e-02	3.08e-08
 2.88509e+23	9.12e-01	8.75e-02	3.19e-08
 2.88919e+23	9.14e-01	8.57e-02	3.28e-08
 2.89317e+23	9.16e-01	8.38e-02	3.40e-08
 2.89715e+23	9.18e-01	8.20e-02	3.51e-08
 2.90101e+23	9.20e-01	8.02e-02	3.64e-08
 2.90472e+23	9.21e-01	7.85e-02	3.78e-08
 2.90830e+23	9.23e-01	7.70e-02	3.92e-08
 2.91176e+23	9.25e-01	7.54e-02	4.07e-08
 2.91511e+23	9.26e-01	7.40e-02	4.22e-08
 2.91834e+23	9.27e-01	7.26e-02	4.38e-08
 2.92146e+23	9.29e-01	7.12e-02	4.56e-08
 2.92446e+23	9.30e-01	6.99e-02	4.74e-08
 2.92736e+23	9.31e-01	6.86e-02	4.95e-08
 2.93011e+23	9.33e-01	6.75e-02	5.15e-08
 2.93280e+23	9.34e-01	6.63e-02	5.38e-08
 2.93542e+23	9.35e-01	6.51e-02	5.62e-08
 2.93781e+23	9.36e-01	6.41e-02	5.85e-08
 2.93998e+23	9.37e-01	6.32e-02	6.08e-08
 2.94196e+23	9.38e-01	6.24e-02	6.29e-08
 2.94376e+23	9.38e-01	6.17e-02	6.50e-08
 2.94540e+23	9.39e-01	6.10e-02	6.70e-08
 2.94689e+23	9.40e-01	6.04e-02	6.89e-08
 2.94825e+23	9.40e-01	5.99e-02	7.06e-08
 2.94974e+23	9.41e-01	5.92e-02	7.29e-08
 2.95134e+23	9.42e-01	5.84e-02	7.51e-08
 2.95280e+23	9.42e-01	5.78e-02	7.70e-08
 2.95440e+23	9.43e-01	5.71e-02	7.94e-08
 2.95613e+23	9.44e-01	5.62e-02	8.18e-08
 2.95770e+23	9.44e-01	5.56e-02	8.38e-08
 2.95913e+23	9.45e-01	5.51e-02	8.55e-08
 2.96070e+23	9.46e-01	5.43e-02	8.78e-08
 2.96240e+23	9.46e-01	5.36e-02	9.00e-08
 2.96394e+23	9.47e-01	5.30e-02	9.14e-08
 2.96562e+23	9.48e-01	5.24e-02	9.32e-08
 2.96745e+23	9.48e-01	5.16e-02	9.50e-08
 2.96911e+23	9.49e-01	5.10e-02	9.66e-08
 2.97061e+23	9.49e-01	5.07e-02	9.77e-08
 2.97227e+23	9.50e-01	5.00e-02	9.87e-08
 2.97405e+23	9.51e-01	4.93e-02	9.99e-08
 2.97568e+23	9.51e-01	4.87e-02	1.01e-07
 2.97716e+23	9.52e-01	4.84e-02	1.02e-07
 2.97878e+23	9.52e-01	4.78e-02	1.02e-07
 2.98053e+23	9.53e-01	4.71e-02	1.03e-07
 2.98212e+23	9.53e-01	4.66e-02	1.04e-07
 2.98357e+23	9.54e-01	4.63e-02	1.04e-07
 2.98515e+23	9.54e-01	4.58e-02	1.04e-07
 2.98687e+23	9.55e-01	4.51e-02	1.05e-07
 2.98843e+23	9.55e-01	4.46e-02	1.05e-07
 2.98984e+23	9.56e-01	4.42e-02	1.05e-07
 2.99114e+23	9.56e-01	4.39e-02	1.05e-07
 2.99255e+23	9.57e-01	4.34e-02	1.05e-07
 2.99439e+23	9.57e-01	4.27e-02	1.05e-07
 2.99638e+23	9.58e-01	4.20e-02	1.05e-07
 2.99818e+23	9.59e-01	4.14e-02	1.05e-07
 2.99983e+23	9.59e-01	4.10e-02	1.04e-07
 3.00163e+23	9.60e-01	4.04e-02	1.04e-07
 3.00357e+23	9.60e-01	3.98e-02	1.04e-07
 3.00534e+23	9.61e-01	3.93e-02	1.03e-07
 3.00696e+23	9.61e-01	3.89e-02	1.03e-07
 3.00842e+23	9.61e-01	3.86e-02	1.02e-07
 3.01003e+23	9.62e-01	3.81e-02	1.02e-07
 3.01176e+23	9.62e-01	3.76e-02	1.01e-07
 3.01334e+23	9.63e-01	3.72e-02	1.01e-07
 3.01507e+23	9.63e-01	3.68e-02	1.01e-07
 3.01694e+23	9.64e-01	3.63e-02	1.01e-07
 3.01863e+23	9.64e-01	3.59e-02	1.00e-07
 3.02018e+23	9.64e-01	3.56e-02	9.99e-08
 3.02187e+23	9.65e-01	3.52e-02	9.93e-08
 3.02370e+23	9.65e-01	3.48e-02	9.92e-08
 3.02537e+23	9.66e-01	3.45e-02	9.90e-08
 3.02719e+23	9.66e-01	3.40e-02	9.84e-08
 3.02916e+23	9.66e-01	3.36e-02	9.83e-08
 3.03095e+23	9.67e-01	3.32e-02	9.79e-08
 3.03258e+23	9.67e-01	3.30e-02	9.78e-08
 3.03437e+23	9.67e-01	3.26e-02	9.72e-08
 3.03630e+23	9.68e-01	3.21e-02	9.71e-08
 3.03805e+23	9.68e-01	3.19e-02	9.70e-08
 3.03998e+23	9.69e-01	3.14e-02	9.63e-08
 3.04205e+23	9.69e-01	3.10e-02	9.63e-08
 3.04394e+23	9.69e-01	3.07e-02	9.62e-08
 3.04601e+23	9.70e-01	3.03e-02	9.55e-08
 3.04825e+23	9.70e-01	2.98e-02	9.55e-08
 3.05028e+23	9.71e-01	2.94e-02	9.51e-08
 3.05213e+23	9.71e-01	2.92e-02	9.50e-08
 3.05416e+23	9.71e-01	2.89e-02	9.45e-08
 3.05635e+23	9.72e-01	2.85e-02	9.45e-08
 3.05834e+23	9.72e-01	2.82e-02	9.43e-08
 3.06053e+23	9.72e-01	2.78e-02	9.37e-08
 3.06289e+23	9.73e-01	2.74e-02	9.38e-08
 3.06503e+23	9.73e-01	2.71e-02	9.36e-08
 3.06738e+23	9.73e-01	2.67e-02	9.31e-08
 3.06992e+23	9.74e-01	2.63e-02	9.33e-08
 3.07223e+23	9.74e-01	2.60e-02	9.32e-08
 3.07476e+23	9.74e-01	2.56e-02	9.29e-08
 3.07749e+23	9.75e-01	2.52e-02	9.33e-08
 3.07998e+23	9.75e-01	2.48e-02	9.30e-08
 3.08224e+23	9.75e-01	2.46e-02	9.30e-08
 3.08450e+23	9.76e-01	2.43e-02	9.27e-08
