#depth	S	S+	S+2	S+3	S+4	S+5	S+6	S+7	S+8	S+9	S+10	S+11	S+12	S+13	S+14	S+15	S+16
 4.62852e+21	0.00e+00	0.00e+00	0.00e+00	0.00e+00	0.00e+00	0.00e+00	0.00e+00	0.00e+00	0.00e+00	0.00e+00	2.25e-25	8.39e-21	1.73e-16	3.55e-12	1.38e-07	6.63e-04	9.99e-01
 1.05187e+22	0.00e+00	0.00e+00	0.00e+00	0.00e+00	0.00e+00	0.00e+00	0.00e+00	0.00e+00	0.00e+00	3.22e-29	1.87e-24	4.84e-20	7.40e-16	1.05e-11	2.84e-07	9.53e-04	9.99e-01
 1.26096e+22	0.00e+00	0.00e+00	0.00e+00	0.00e+00	0.00e+00	0.00e+00	0.00e+00	0.00e+00	0.00e+00	1.69e-28	7.74e-24	1.58e-19	1.91e-15	2.15e-11	4.57e-07	1.21e-03	9.99e-01
 1.41024e+22	0.00e+00	0.00e+00	0.00e+00	0.00e+00	0.00e+00	0.00e+00	0.00e+00	0.00e+00	0.00e+00	6.38e-28	2.41e-23	4.08e-19	4.07e-15	3.79e-11	6.67e-07	1.46e-03	9.99e-01
 1.53454e+22	0.00e+00	0.00e+00	0.00e+00	0.00e+00	0.00e+00	0.00e+00	0.00e+00	0.00e+00	0.00e+00	2.03e-27	6.51e-23	9.35e-19	7.90e-15	6.23e-11	9.29e-07	1.72e-03	9.98e-01
 1.62277e+22	0.00e+00	0.00e+00	0.00e+00	0.00e+00	0.00e+00	0.00e+00	0.00e+00	0.00e+00	0.00e+00	3.60e-27	1.06e-22	1.41e-18	1.09e-14	7.96e-11	1.09e-06	1.87e-03	9.98e-01
 1.69238e+22	0.00e+00	0.00e+00	0.00e+00	0.00e+00	0.00e+00	0.00e+00	0.00e+00	0.00e+00	0.00e+00	8.16e-27	2.14e-22	2.52e-18	1.75e-14	1.13e-10	1.38e-06	2.10e-03	9.98e-01
 1.76240e+22	0.00e+00	0.00e+00	0.00e+00	0.00e+00	0.00e+00	0.00e+00	0.00e+00	0.00e+00	3.03e-31	1.41e-26	3.41e-22	3.81e-18	2.43e-14	1.45e-10	1.63e-06	2.28e-03	9.98e-01
 1.83292e+22	0.00e+00	0.00e+00	0.00e+00	0.00e+00	0.00e+00	0.00e+00	0.00e+00	0.00e+00	7.80e-31	3.23e-26	6.93e-22	6.88e-18	3.90e-14	2.06e-10	2.06e-06	2.56e-03	9.97e-01
 1.90344e+22	0.00e+00	0.00e+00	0.00e+00	0.00e+00	0.00e+00	0.00e+00	0.00e+00	0.00e+00	1.51e-30	5.76e-26	1.14e-21	1.04e-17	5.42e-14	2.64e-10	2.43e-06	2.79e-03	9.97e-01
 1.97393e+22	0.00e+00	0.00e+00	0.00e+00	0.00e+00	0.00e+00	0.00e+00	0.00e+00	0.00e+00	3.88e-30	1.32e-25	2.31e-21	1.87e-17	8.68e-14	3.76e-10	3.08e-06	3.13e-03	9.97e-01
 2.04449e+22	0.00e+00	0.00e+00	0.00e+00	0.00e+00	0.00e+00	0.00e+00	0.00e+00	0.00e+00	7.52e-30	2.35e-25	3.79e-21	2.83e-17	1.21e-13	4.82e-10	3.63e-06	3.40e-03	9.97e-01
 2.11514e+22	0.00e+00	0.00e+00	0.00e+00	0.00e+00	0.00e+00	0.00e+00	0.00e+00	0.00e+00	1.94e-29	5.37e-25	7.70e-21	5.11e-17	1.94e-13	6.87e-10	4.60e-06	3.83e-03	9.96e-01
 2.18585e+22	0.00e+00	0.00e+00	0.00e+00	0.00e+00	0.00e+00	0.00e+00	0.00e+00	0.00e+00	3.75e-29	9.58e-25	1.26e-20	7.72e-17	2.70e-13	8.80e-10	5.43e-06	4.16e-03	9.96e-01
 2.25662e+22	0.00e+00	0.00e+00	0.00e+00	0.00e+00	0.00e+00	0.00e+00	0.00e+00	0.00e+00	9.66e-29	2.19e-24	2.57e-20	1.39e-16	4.32e-13	1.25e-09	6.87e-06	4.67e-03	9.95e-01
 2.32744e+22	0.00e+00	0.00e+00	0.00e+00	0.00e+00	0.00e+00	0.00e+00	0.00e+00	0.00e+00	1.88e-28	3.91e-24	4.22e-20	2.11e-16	6.02e-13	1.61e-09	8.11e-06	5.08e-03	9.95e-01
 2.39834e+22	0.00e+00	0.00e+00	0.00e+00	0.00e+00	0.00e+00	0.00e+00	0.00e+00	0.00e+00	4.83e-28	8.94e-24	8.57e-20	3.80e-16	9.65e-13	2.29e-09	1.03e-05	5.71e-03	9.94e-01
 2.46929e+22	0.00e+00	0.00e+00	0.00e+00	0.00e+00	0.00e+00	0.00e+00	0.00e+00	0.00e+00	9.38e-28	1.60e-23	1.41e-19	5.75e-16	1.34e-12	2.93e-09	1.21e-05	6.20e-03	9.94e-01
 2.54031e+22	0.00e+00	0.00e+00	0.00e+00	0.00e+00	0.00e+00	0.00e+00	0.00e+00	5.83e-32	2.41e-27	3.65e-23	2.86e-19	1.04e-15	2.15e-12	4.18e-09	1.53e-05	6.97e-03	9.93e-01
 2.61140e+22	0.00e+00	0.00e+00	0.00e+00	0.00e+00	0.00e+00	0.00e+00	0.00e+00	1.23e-31	4.69e-27	6.54e-23	4.71e-19	1.57e-15	3.00e-12	5.36e-09	1.81e-05	7.57e-03	9.92e-01
 2.68256e+22	0.00e+00	0.00e+00	0.00e+00	0.00e+00	0.00e+00	0.00e+00	0.00e+00	3.52e-31	1.19e-26	1.47e-22	9.54e-19	2.83e-15	4.80e-12	7.62e-09	2.29e-05	8.51e-03	9.91e-01
 2.75379e+22	0.00e+00	0.00e+00	0.00e+00	0.00e+00	0.00e+00	0.00e+00	0.00e+00	7.45e-31	2.32e-26	2.64e-22	1.57e-18	4.29e-15	6.70e-12	9.78e-09	2.70e-05	9.25e-03	9.91e-01
 2.82509e+22	0.00e+00	0.00e+00	0.00e+00	0.00e+00	0.00e+00	0.00e+00	0.00e+00	2.16e-30	5.97e-26	6.03e-22	3.19e-18	7.73e-15	1.07e-11	1.39e-08	3.42e-05	1.04e-02	9.90e-01
 2.89634e+22	0.00e+00	0.00e+00	0.00e+00	0.00e+00	0.00e+00	0.00e+00	0.00e+00	4.55e-30	1.16e-25	1.07e-21	5.23e-18	1.17e-14	1.49e-11	1.78e-08	4.03e-05	1.13e-02	9.89e-01
 2.96750e+22	0.00e+00	0.00e+00	0.00e+00	0.00e+00	0.00e+00	0.00e+00	0.00e+00	1.31e-29	2.96e-25	2.45e-21	1.06e-17	2.09e-14	2.38e-11	2.53e-08	5.09e-05	1.27e-02	9.87e-01
 3.02932e+22	0.00e+00	0.00e+00	0.00e+00	0.00e+00	0.00e+00	0.00e+00	0.00e+00	2.25e-29	4.78e-25	3.71e-21	1.51e-17	2.82e-14	3.02e-11	3.03e-08	5.73e-05	1.34e-02	9.87e-01
 3.07901e+22	0.00e+00	0.00e+00	0.00e+00	0.00e+00	0.00e+00	0.00e+00	0.00e+00	4.48e-29	8.80e-25	6.33e-21	2.39e-17	4.12e-14	4.10e-11	3.80e-08	6.66e-05	1.45e-02	9.85e-01
 3.13166e+22	0.00e+00	0.00e+00	0.00e+00	0.00e+00	0.00e+00	0.00e+00	0.00e+00	8.41e-29	1.54e-24	1.03e-20	3.63e-17	5.84e-14	5.41e-11	4.68e-08	7.66e-05	1.55e-02	9.84e-01
 3.18009e+22	0.00e+00	0.00e+00	0.00e+00	0.00e+00	0.00e+00	0.00e+00	0.00e+00	1.54e-28	2.64e-24	1.65e-20	5.42e-17	8.16e-14	7.07e-11	5.72e-08	8.75e-05	1.66e-02	9.83e-01
 3.23496e+22	0.00e+00	0.00e+00	0.00e+00	0.00e+00	0.00e+00	0.00e+00	0.00e+00	3.46e-28	5.40e-24	3.09e-20	9.27e-17	1.27e-13	1.01e-10	7.47e-08	1.04e-04	1.81e-02	9.82e-01
 3.28878e+22	0.00e+00	0.00e+00	0.00e+00	0.00e+00	0.00e+00	0.00e+00	1.48e-32	5.94e-28	8.74e-24	4.71e-20	1.33e-16	1.72e-13	1.28e-10	8.94e-08	1.18e-04	1.92e-02	9.81e-01
 3.34121e+22	0.00e+00	0.00e+00	0.00e+00	0.00e+00	0.00e+00	0.00e+00	3.36e-32	1.24e-27	1.68e-23	8.33e-20	2.16e-16	2.58e-13	1.77e-10	1.14e-07	1.38e-04	2.08e-02	9.79e-01
 3.39492e+22	0.00e+00	0.00e+00	0.00e+00	0.00e+00	0.00e+00	0.00e+00	6.73e-32	2.32e-27	2.93e-23	1.35e-19	3.28e-16	3.64e-13	2.34e-10	1.40e-07	1.59e-04	2.23e-02	9.78e-01
 3.44257e+22	0.00e+00	0.00e+00	0.00e+00	0.00e+00	0.00e+00	0.00e+00	1.30e-31	4.19e-27	4.94e-23	2.15e-19	4.86e-16	5.05e-13	3.04e-10	1.71e-07	1.81e-04	2.38e-02	9.76e-01
 3.49679e+22	0.00e+00	0.00e+00	0.00e+00	0.00e+00	0.00e+00	0.00e+00	3.15e-31	9.27e-27	9.99e-23	3.97e-19	8.22e-16	7.83e-13	4.31e-10	2.22e-07	2.15e-04	2.59e-02	9.74e-01
 3.55038e+22	0.00e+00	0.00e+00	0.00e+00	0.00e+00	0.00e+00	0.00e+00	5.75e-31	1.59e-26	1.62e-22	6.04e-19	1.18e-15	1.05e-12	5.47e-10	2.65e-07	2.42e-04	2.74e-02	9.72e-01
 3.60313e+22	0.00e+00	0.00e+00	0.00e+00	0.00e+00	0.00e+00	0.00e+00	1.31e-30	3.33e-26	3.11e-22	1.07e-18	1.92e-15	1.58e-12	7.56e-10	3.37e-07	2.85e-04	2.97e-02	9.70e-01
 3.65765e+22	0.00e+00	0.00e+00	0.00e+00	0.00e+00	0.00e+00	0.00e+00	2.65e-30	6.29e-26	5.47e-22	1.75e-18	2.92e-15	2.24e-12	1.00e-09	4.16e-07	3.27e-04	3.18e-02	9.68e-01
 3.70128e+22	0.00e+00	0.00e+00	0.00e+00	0.00e+00	0.00e+00	0.00e+00	4.55e-30	1.02e-25	8.40e-22	2.55e-18	4.02e-15	2.93e-12	1.24e-09	4.88e-07	3.63e-04	3.35e-02	9.66e-01
 3.74479e+22	0.00e+00	0.00e+00	0.00e+00	0.00e+00	0.00e+00	0.00e+00	8.94e-30	1.87e-25	1.44e-21	4.07e-18	6.01e-15	4.08e-12	1.61e-09	5.95e-07	4.15e-04	3.58e-02	9.64e-01
 3.78916e+22	0.00e+00	0.00e+00	0.00e+00	0.00e+00	0.00e+00	0.00e+00	1.56e-29	3.08e-25	2.24e-21	5.99e-18	8.35e-15	5.37e-12	2.01e-09	7.01e-07	4.62e-04	3.77e-02	9.62e-01
 3.83462e+22	0.00e+00	0.00e+00	0.00e+00	0.00e+00	0.00e+00	0.00e+00	3.15e-29	5.80e-25	3.91e-21	9.76e-18	1.27e-14	7.59e-12	2.65e-09	8.62e-07	5.30e-04	4.03e-02	9.59e-01
 3.88054e+22	0.00e+00	0.00e+00	0.00e+00	0.00e+00	0.00e+00	0.00e+00	5.56e-29	9.66e-25	6.16e-21	1.45e-17	1.78e-14	1.01e-11	3.31e-09	1.02e-06	5.92e-04	4.26e-02	9.57e-01
 3.92032e+22	0.00e+00	0.00e+00	0.00e+00	0.00e+00	0.00e+00	0.00e+00	9.60e-29	1.58e-24	9.50e-21	2.12e-17	2.45e-14	1.31e-11	4.10e-09	1.20e-06	6.59e-04	4.49e-02	9.54e-01
 3.96527e+22	0.00e+00	0.00e+00	0.00e+00	0.00e+00	0.00e+00	0.00e+00	1.92e-28	2.94e-24	1.65e-20	3.43e-17	3.70e-14	1.85e-11	5.39e-09	1.47e-06	7.54e-04	4.79e-02	9.51e-01
 4.01086e+22	0.00e+00	0.00e+00	0.00e+00	0.00e+00	0.00e+00	5.96e-33	3.38e-28	4.88e-24	2.59e-20	5.07e-17	5.17e-14	2.44e-11	6.72e-09	1.73e-06	8.41e-04	5.05e-02	9.49e-01
 4.05729e+22	0.00e+00	0.00e+00	0.00e+00	0.00e+00	0.00e+00	1.31e-32	6.91e-28	9.27e-24	4.57e-20	8.33e-17	7.89e-14	3.46e-11	8.89e-09	2.13e-06	9.66e-04	5.41e-02	9.45e-01
 4.09993e+22	0.00e+00	0.00e+00	0.00e+00	0.00e+00	0.00e+00	2.25e-32	1.13e-27	1.44e-23	6.75e-20	1.17e-16	1.06e-13	4.41e-11	1.08e-08	2.46e-06	1.06e-03	5.66e-02	9.42e-01
 4.13203e+22	0.00e+00	0.00e+00	0.00e+00	0.00e+00	0.00e+00	3.69e-32	1.76e-27	2.15e-23	9.63e-20	1.60e-16	1.38e-13	5.49e-11	1.29e-08	2.81e-06	1.16e-03	5.90e-02	9.40e-01
 4.16814e+22	0.00e+00	0.00e+00	0.00e+00	0.00e+00	0.00e+00	6.63e-32	3.00e-27	3.46e-23	1.47e-19	2.30e-16	1.88e-13	7.11e-11	1.58e-08	3.28e-06	1.28e-03	6.20e-02	9.37e-01
 4.20707e+22	0.00e+00	0.00e+00	0.00e+00	0.00e+00	0.00e+00	1.16e-31	4.98e-27	5.46e-23	2.20e-19	3.28e-16	2.54e-13	9.13e-11	1.93e-08	3.80e-06	1.42e-03	6.50e-02	9.34e-01
 4.24255e+22	0.00e+00	0.00e+00	0.00e+00	0.00e+00	0.00e+00	1.98e-31	8.09e-27	8.43e-23	3.23e-19	4.59e-16	3.38e-13	1.16e-10	2.33e-08	4.38e-06	1.55e-03	6.80e-02	9.30e-01
 4.27603e+22	0.00e+00	0.00e+00	0.00e+00	0.00e+00	0.00e+00	3.30e-31	1.28e-26	1.27e-22	4.66e-19	6.31e-16	4.44e-13	1.45e-10	2.79e-08	5.01e-06	1.70e-03	7.10e-02	9.27e-01
 4.31408e+22	0.00e+00	0.00e+00	0.00e+00	0.00e+00	0.00e+00	6.05e-31	2.22e-26	2.09e-22	7.21e-19	9.22e-16	6.13e-13	1.89e-10	3.45e-08	5.87e-06	1.88e-03	7.47e-02	9.23e-01
 4.35440e+22	0.00e+00	0.00e+00	0.00e+00	0.00e+00	0.00e+00	1.09e-30	3.79e-26	3.36e-22	1.10e-18	1.34e-15	8.41e-13	2.46e-10	4.25e-08	6.86e-06	2.09e-03	7.84e-02	9.19e-01
 4.38955e+22	0.00e+00	0.00e+00	0.00e+00	0.00e+00	0.00e+00	1.83e-30	6.07e-26	5.14e-22	1.60e-18	1.85e-15	1.11e-12	3.10e-10	5.11e-08	7.87e-06	2.29e-03	8.19e-02	9.16e-01
 4.42712e+22	0.00e+00	0.00e+00	0.00e+00	0.00e+00	0.00e+00	3.38e-30	1.05e-25	8.43e-22	2.48e-18	2.71e-15	1.54e-12	4.06e-10	6.34e-08	9.23e-06	2.54e-03	8.61e-02	9.11e-01
 4.46353e+22	0.00e+00	0.00e+00	0.00e+00	0.00e+00	0.00e+00	5.58e-30	1.66e-25	1.27e-21	3.57e-18	3.72e-15	2.01e-12	5.08e-10	7.57e-08	1.05e-05	2.77e-03	8.97e-02	9.07e-01
 4.49216e+22	0.00e+00	0.00e+00	0.00e+00	0.00e+00	0.00e+00	8.52e-30	2.44e-25	1.79e-21	4.84e-18	4.85e-15	2.52e-12	6.12e-10	8.79e-08	1.18e-05	2.98e-03	9.29e-02	9.04e-01
 4.52310e+22	0.00e+00	0.00e+00	0.00e+00	0.00e+00	0.00e+00	1.40e-29	3.82e-25	2.67e-21	6.90e-18	6.60e-15	3.28e-12	7.60e-10	1.04e-07	1.34e-05	3.24e-03	9.67e-02	9.00e-01
 4.55692e+22	0.00e+00	0.00e+00	0.00e+00	0.00e+00	0.00e+00	2.27e-29	5.93e-25	3.97e-21	9.78e-18	8.95e-15	4.25e-12	9.42e-10	1.24e-07	1.52e-05	3.52e-03	1.01e-01	8.96e-01
 4.58819e+22	0.00e+00	0.00e+00	0.00e+00	0.00e+00	0.00e+00	3.60e-29	8.99e-25	5.76e-21	1.36e-17	1.19e-14	5.43e-12	1.15e-09	1.46e-07	1.72e-05	3.81e-03	1.04e-01	8.92e-01
 4.61772e+22	0.00e+00	0.00e+00	0.00e+00	0.00e+00	3.08e-33	5.63e-29	1.35e-24	8.29e-21	1.88e-17	1.58e-14	6.90e-12	1.41e-09	1.71e-07	1.93e-05	4.12e-03	1.08e-01	8.88e-01
 4.65130e+22	0.00e+00	0.00e+00	0.00e+00	0.00e+00	5.50e-33	9.59e-29	2.19e-24	1.28e-20	2.75e-17	2.21e-14	9.15e-12	1.78e-09	2.05e-07	2.21e-05	4.51e-03	1.13e-01	8.83e-01
 4.68650e+22	0.00e+00	0.00e+00	0.00e+00	0.00e+00	9.57e-33	1.60e-28	3.47e-24	1.93e-20	3.98e-17	3.04e-14	1.20e-11	2.23e-09	2.46e-07	2.53e-05	4.92e-03	1.18e-01	8.77e-01
 4.71723e+22	0.00e+00	0.00e+00	0.00e+00	0.00e+00	1.57e-32	2.52e-28	5.25e-24	2.80e-20	5.52e-17	4.04e-14	1.53e-11	2.72e-09	2.88e-07	2.85e-05	5.31e-03	1.22e-01	8.73e-01
 4.74409e+22	0.00e+00	0.00e+00	0.00e+00	0.00e+00	2.42e-32	3.74e-28	7.52e-24	3.87e-20	7.35e-17	5.18e-14	1.90e-11	3.25e-09	3.32e-07	3.16e-05	5.68e-03	1.26e-01	8.68e-01
 4.76877e+22	0.00e+00	0.00e+00	0.00e+00	0.00e+00	3.60e-32	5.39e-28	1.04e-23	5.20e-20	9.53e-17	6.50e-14	2.30e-11	3.81e-09	3.76e-07	3.47e-05	6.04e-03	1.29e-01	8.65e-01
 4.79712e+22	0.00e+00	0.00e+00	0.00e+00	0.00e+00	5.81e-32	8.37e-28	1.56e-23	7.43e-20	1.31e-16	8.56e-14	2.90e-11	4.62e-09	4.39e-07	3.89e-05	6.51e-03	1.34e-01	8.60e-01
 4.82779e+22	0.00e+00	0.00e+00	0.00e+00	0.00e+00	9.39e-32	1.30e-27	2.32e-23	1.06e-19	1.80e-16	1.13e-13	3.67e-11	5.61e-09	5.12e-07	4.36e-05	7.01e-03	1.39e-01	8.54e-01
 4.85581e+22	0.00e+00	0.00e+00	0.00e+00	0.00e+00	1.48e-31	1.97e-27	3.39e-23	1.49e-19	2.42e-16	1.47e-13	4.59e-11	6.74e-09	5.93e-07	4.86e-05	7.52e-03	1.43e-01	8.49e-01
 4.88236e+22	0.00e+00	0.00e+00	0.00e+00	0.00e+00	2.29e-31	2.95e-27	4.88e-23	2.07e-19	3.24e-16	1.88e-13	5.68e-11	8.03e-09	6.81e-07	5.39e-05	8.04e-03	1.48e-01	8.44e-01
 4.90851e+22	0.00e+00	0.00e+00	0.00e+00	0.00e+00	3.50e-31	4.36e-27	6.95e-23	2.84e-19	4.28e-16	2.41e-13	6.99e-11	9.54e-09	7.81e-07	5.96e-05	8.58e-03	1.52e-01	8.39e-01
 4.93838e+22	0.00e+00	0.00e+00	0.00e+00	0.00e+00	5.83e-31	6.98e-27	1.06e-22	4.16e-19	6.00e-16	3.22e-13	8.96e-11	1.17e-08	9.19e-07	6.72e-05	9.28e-03	1.57e-01	8.33e-01
 4.96962e+22	0.00e+00	0.00e+00	0.00e+00	0.00e+00	9.51e-31	1.09e-26	1.60e-22	5.99e-19	8.29e-16	4.27e-13	1.14e-10	1.43e-08	1.08e-06	7.55e-05	1.00e-02	1.63e-01	8.27e-01
 4.99669e+22	0.00e+00	0.00e+00	0.00e+00	0.00e+00	1.47e-30	1.63e-26	2.30e-22	8.28e-19	1.10e-15	5.48e-13	1.41e-10	1.70e-08	1.24e-06	8.36e-05	1.07e-02	1.68e-01	8.21e-01
 5.02063e+22	0.00e+00	0.00e+00	0.00e+00	0.00e+00	2.16e-30	2.32e-26	3.17e-22	1.11e-18	1.43e-15	6.85e-13	1.70e-10	1.99e-08	1.40e-06	9.16e-05	1.13e-02	1.72e-01	8.16e-01
 5.04643e+22	0.00e+00	0.00e+00	0.00e+00	0.00e+00	3.34e-30	3.48e-26	4.55e-22	1.53e-18	1.90e-15	8.79e-13	2.10e-10	2.37e-08	1.61e-06	1.01e-04	1.21e-02	1.77e-01	8.10e-01
 5.07420e+22	0.00e+00	0.00e+00	0.00e+00	0.00e+00	5.15e-30	5.17e-26	6.53e-22	2.11e-18	2.53e-15	1.13e-12	2.60e-10	2.82e-08	1.84e-06	1.12e-04	1.29e-02	1.83e-01	8.04e-01
 5.09938e+22	0.00e+00	0.00e+00	0.00e+00	0.00e+00	7.68e-30	7.46e-26	9.10e-22	2.85e-18	3.29e-15	1.42e-12	3.16e-10	3.31e-08	2.09e-06	1.23e-04	1.37e-02	1.88e-01	7.99e-01
 5.12697e+22	0.00e+00	0.00e+00	0.00e+00	0.00e+00	1.24e-29	1.16e-25	1.36e-21	4.07e-18	4.51e-15	1.87e-12	3.98e-10	4.01e-08	2.44e-06	1.38e-04	1.48e-02	1.94e-01	7.92e-01
 5.15567e+22	0.00e+00	0.00e+00	0.00e+00	1.05e-33	1.95e-29	1.75e-25	1.98e-21	5.70e-18	6.08e-15	2.42e-12	4.97e-10	4.81e-08	2.81e-06	1.53e-04	1.58e-02	1.99e-01	7.85e-01
 5.18060e+22	0.00e+00	0.00e+00	0.00e+00	1.60e-33	2.89e-29	2.52e-25	2.75e-21	7.65e-18	7.89e-15	3.03e-12	6.02e-10	5.64e-08	3.19e-06	1.68e-04	1.67e-02	2.05e-01	7.79e-01
 5.20414e+22	0.00e+00	0.00e+00	0.00e+00	2.43e-33	4.24e-29	3.59e-25	3.78e-21	1.02e-17	1.02e-14	3.78e-12	7.26e-10	6.58e-08	3.60e-06	1.84e-04	1.77e-02	2.10e-01	7.72e-01
 5.23105e+22	0.00e+00	0.00e+00	0.00e+00	3.97e-33	6.68e-29	5.45e-25	5.52e-21	1.43e-17	1.37e-14	4.90e-12	9.05e-10	7.89e-08	4.16e-06	2.04e-04	1.90e-02	2.16e-01	7.65e-01
 5.25949e+22	0.00e+00	0.00e+00	0.00e+00	6.38e-33	1.04e-28	8.16e-25	7.96e-21	1.99e-17	1.83e-14	6.31e-12	1.12e-09	9.41e-08	4.78e-06	2.26e-04	2.02e-02	2.22e-01	7.58e-01
 5.28467e+22	0.00e+00	0.00e+00	0.00e+00	9.87e-33	1.55e-28	1.18e-24	1.11e-20	2.68e-17	2.39e-14	7.95e-12	1.36e-09	1.11e-07	5.43e-06	2.49e-04	2.15e-02	2.28e-01	7.51e-01
 5.31216e+22	0.00e+00	0.00e+00	0.00e+00	1.65e-32	2.50e-28	1.83e-24	1.65e-20	3.82e-17	3.27e-14	1.04e-11	1.72e-09	1.34e-07	6.31e-06	2.77e-04	2.30e-02	2.34e-01	7.42e-01
 5.33961e+22	0.00e+00	0.00e+00	0.00e+00	1.35e-32	1.98e-28	1.40e-24	2.34e-20	5.21e-17	4.30e-14	1.32e-11	2.10e-09	1.58e-07	7.20e-06	3.05e-04	2.45e-02	2.40e-01	7.35e-01
 5.36216e+22	0.00e+00	0.00e+00	0.00e+00	1.99e-32	2.84e-28	1.95e-24	3.15e-20	6.82e-17	5.46e-14	1.63e-11	2.51e-09	1.83e-07	8.06e-06	3.32e-04	2.58e-02	2.46e-01	7.28e-01
 5.38665e+22	0.00e+00	0.00e+00	0.00e+00	3.14e-32	4.32e-28	2.87e-24	4.47e-20	9.32e-17	7.19e-14	2.07e-11	3.07e-09	2.16e-07	9.20e-06	3.65e-04	2.74e-02	2.52e-01	7.20e-01
 5.41324e+22	0.00e+00	0.00e+00	0.00e+00	4.97e-32	6.61e-28	4.24e-24	6.37e-20	1.28e-16	9.52e-14	2.64e-11	3.78e-09	2.56e-07	1.05e-05	4.02e-04	2.91e-02	2.58e-01	7.12e-01
 5.43771e+22	0.00e+00	0.00e+00	0.00e+00	7.49e-32	9.67e-28	6.01e-24	8.74e-20	1.70e-16	1.22e-13	3.28e-11	4.54e-09	2.98e-07	1.18e-05	4.39e-04	3.08e-02	2.64e-01	7.05e-01
 5.46467e+22	0.00e+00	0.00e+00	0.00e+00	1.23e-31	1.54e-27	9.20e-24	1.28e-19	2.40e-16	1.66e-13	4.27e-11	5.68e-09	3.58e-07	1.37e-05	4.88e-04	3.29e-02	2.71e-01	6.96e-01
 5.49235e+22	0.00e+00	0.00e+00	0.00e+00	1.96e-31	2.35e-27	1.36e-23	1.83e-19	3.29e-16	2.19e-13	5.45e-11	6.99e-09	4.24e-07	1.56e-05	5.37e-04	3.49e-02	2.78e-01	6.87e-01
 5.51556e+22	0.00e+00	0.00e+00	0.00e+00	2.92e-31	3.40e-27	1.91e-23	2.49e-19	4.33e-16	2.80e-13	6.73e-11	8.36e-09	4.92e-07	1.76e-05	5.85e-04	3.68e-02	2.83e-01	6.79e-01
 5.54033e+22	0.00e+00	0.00e+00	0.00e+00	4.63e-31	5.21e-27	2.82e-23	3.55e-19	5.96e-16	3.70e-13	8.59e-11	1.03e-08	5.82e-07	2.01e-05	6.44e-04	3.91e-02	2.90e-01	6.70e-01
 5.56688e+22	0.00e+00	0.00e+00	0.00e+00	7.23e-31	7.88e-27	4.12e-23	5.00e-19	8.10e-16	4.86e-13	1.09e-10	1.26e-08	6.87e-07	2.28e-05	7.07e-04	4.14e-02	2.97e-01	6.61e-01
 5.59122e+22	0.00e+00	0.00e+00	0.00e+00	1.10e-30	1.16e-26	5.88e-23	6.90e-19	1.08e-15	6.27e-13	1.36e-10	1.52e-08	8.01e-07	2.58e-05	7.71e-04	4.37e-02	3.03e-01	6.53e-01
 5.61834e+22	0.00e+00	0.00e+00	0.00e+00	1.83e-30	1.86e-26	9.05e-23	1.02e-18	1.53e-15	8.55e-13	1.78e-10	1.90e-08	9.66e-07	2.98e-05	8.57e-04	4.67e-02	3.10e-01	6.42e-01
 5.64664e+22	0.00e+00	0.00e+00	0.00e+00	2.98e-30	2.91e-26	1.36e-22	1.48e-18	2.15e-15	1.15e-12	2.30e-10	2.37e-08	1.16e-06	3.43e-05	9.49e-04	4.97e-02	3.17e-01	6.32e-01
 5.67010e+22	0.00e+00	0.00e+00	0.00e+00	4.42e-30	4.19e-26	1.90e-22	2.00e-18	2.81e-15	1.46e-12	2.83e-10	2.83e-08	1.34e-06	3.84e-05	1.03e-03	5.22e-02	3.23e-01	6.23e-01
 5.69424e+22	0.00e+00	0.00e+00	0.00e+00	7.00e-30	6.41e-26	2.81e-22	2.85e-18	3.86e-15	1.93e-12	3.61e-10	3.47e-08	1.58e-06	4.38e-05	1.13e-03	5.54e-02	3.30e-01	6.13e-01
 5.72007e+22	0.00e+00	0.00e+00	6.25e-34	1.08e-29	9.58e-26	4.05e-22	3.98e-18	5.20e-15	2.52e-12	4.53e-10	4.22e-08	1.86e-06	4.97e-05	1.24e-03	5.85e-02	3.37e-01	6.04e-01
 5.74404e+22	0.00e+00	0.00e+00	9.79e-34	1.64e-29	1.41e-25	5.76e-22	5.48e-18	6.92e-15	3.24e-12	5.65e-10	5.08e-08	2.16e-06	5.60e-05	1.35e-03	6.16e-02	3.43e-01	5.94e-01
 5.77116e+22	0.00e+00	0.00e+00	1.76e-33	2.82e-29	2.32e-25	9.10e-22	8.30e-18	1.01e-14	4.51e-12	7.52e-10	6.48e-08	2.64e-06	6.53e-05	1.51e-03	6.59e-02	3.51e-01	5.82e-01
 5.79834e+22	0.00e+00	0.00e+00	2.80e-33	4.35e-29	3.46e-25	1.31e-21	1.15e-17	1.35e-14	5.85e-12	9.45e-10	7.87e-08	3.10e-06	7.39e-05	1.65e-03	6.94e-02	3.57e-01	5.72e-01
 5.82106e+22	0.00e+00	0.00e+00	4.29e-33	6.47e-29	4.99e-25	1.83e-21	1.56e-17	1.78e-14	7.45e-12	1.16e-09	9.40e-08	3.58e-06	8.28e-05	1.78e-03	7.29e-02	3.63e-01	5.62e-01
 5.84605e+22	0.00e+00	0.00e+00	7.29e-33	1.06e-28	7.83e-25	2.76e-21	2.28e-17	2.48e-14	1.00e-11	1.51e-09	1.17e-07	4.29e-06	9.52e-05	1.97e-03	7.74e-02	3.70e-01	5.51e-01
 5.87178e+22	0.00e+00	0.00e+00	7.08e-33	9.94e-29	7.12e-25	3.93e-21	3.14e-17	3.31e-14	1.29e-11	1.88e-09	1.41e-07	5.01e-06	1.07e-04	2.15e-03	8.14e-02	3.76e-01	5.41e-01
 5.89486e+22	0.00e+00	0.00e+00	1.11e-32	1.51e-28	1.04e-24	5.56e-21	4.31e-17	4.40e-14	1.67e-11	2.34e-09	1.70e-07	5.84e-06	1.21e-04	2.33e-03	8.55e-02	3.82e-01	5.30e-01
 5.92129e+22	0.00e+00	0.00e+00	1.98e-32	2.57e-28	1.70e-24	8.67e-21	6.46e-17	6.34e-14	2.30e-11	3.10e-09	2.16e-07	7.11e-06	1.41e-04	2.60e-03	9.11e-02	3.89e-01	5.17e-01
 5.94783e+22	0.00e+00	0.00e+00	3.13e-32	3.94e-28	2.53e-24	1.24e-20	8.94e-17	8.49e-14	2.98e-11	3.88e-09	2.62e-07	8.30e-06	1.59e-04	2.83e-03	9.58e-02	3.95e-01	5.07e-01
 5.97026e+22	0.00e+00	0.00e+00	4.87e-32	5.93e-28	3.67e-24	1.74e-20	1.22e-16	1.12e-13	3.81e-11	4.81e-09	3.14e-07	9.65e-06	1.78e-04	3.07e-03	1.00e-01	4.00e-01	4.96e-01
 5.99157e+22	0.00e+00	0.00e+00	7.47e-32	8.81e-28	5.27e-24	2.41e-20	1.64e-16	1.47e-13	4.84e-11	5.92e-09	3.75e-07	1.12e-05	1.99e-04	3.32e-03	1.05e-01	4.05e-01	4.86e-01
 6.01568e+22	0.00e+00	0.00e+00	1.26e-31	1.42e-27	8.18e-24	3.59e-20	2.36e-16	2.03e-13	6.46e-11	7.62e-09	4.65e-07	1.33e-05	2.28e-04	3.65e-03	1.11e-01	4.11e-01	4.74e-01
 6.04072e+22	0.00e+00	0.00e+00	1.99e-31	2.17e-27	1.21e-23	5.10e-20	3.25e-16	2.71e-13	8.34e-11	9.52e-09	5.62e-07	1.55e-05	2.57e-04	3.97e-03	1.17e-01	4.16e-01	4.63e-01
 6.06323e+22	0.00e+00	0.00e+00	3.17e-31	3.34e-27	1.78e-23	7.26e-20	4.50e-16	3.63e-13	1.08e-10	1.19e-08	6.82e-07	1.82e-05	2.90e-04	4.32e-03	1.22e-01	4.21e-01	4.52e-01
 6.08496e+22	0.00e+00	0.00e+00	4.85e-31	4.95e-27	2.56e-23	1.01e-19	6.06e-16	4.75e-13	1.37e-10	1.47e-08	8.13e-07	2.10e-05	3.24e-04	4.66e-03	1.28e-01	4.25e-01	4.42e-01
 6.10613e+22	0.00e+00	0.00e+00	7.48e-31	7.38e-27	3.68e-23	1.40e-19	8.18e-16	6.23e-13	1.74e-10	1.81e-08	9.73e-07	2.44e-05	3.62e-04	5.04e-03	1.34e-01	4.30e-01	4.31e-01
 6.12685e+22	0.00e+00	0.00e+00	1.13e-30	1.08e-26	5.20e-23	1.91e-19	1.09e-15	8.04e-13	2.19e-10	2.20e-08	1.15e-06	2.80e-05	4.03e-04	5.42e-03	1.39e-01	4.33e-01	4.22e-01
 6.15029e+22	0.00e+00	0.00e+00	1.90e-30	1.75e-26	8.09e-23	2.84e-19	1.56e-15	1.12e-12	2.93e-10	2.84e-08	1.43e-06	3.34e-05	4.61e-04	5.96e-03	1.47e-01	4.38e-01	4.09e-01
 6.17414e+22	0.00e+00	0.00e+00	3.01e-30	2.66e-26	1.19e-22	4.00e-19	2.14e-15	1.49e-12	3.78e-10	3.55e-08	1.73e-06	3.91e-05	5.19e-04	6.46e-03	1.53e-01	4.42e-01	3.98e-01
 6.19467e+22	0.00e+00	0.00e+00	4.56e-30	3.90e-26	1.68e-22	5.47e-19	2.86e-15	1.92e-12	4.75e-10	4.33e-08	2.05e-06	4.49e-05	5.77e-04	6.95e-03	1.60e-01	4.45e-01	3.88e-01
 6.21751e+22	0.00e+00	0.00e+00	7.67e-30	6.28e-26	2.59e-22	8.07e-19	4.09e-15	2.66e-12	6.34e-10	5.56e-08	2.54e-06	5.36e-05	6.59e-04	7.61e-03	1.68e-01	4.49e-01	3.75e-01
 6.24049e+22	0.00e+00	0.00e+00	1.19e-29	9.40e-26	3.74e-22	1.12e-18	5.53e-15	3.49e-12	8.08e-10	6.88e-08	3.04e-06	6.21e-05	7.38e-04	8.22e-03	1.75e-01	4.52e-01	3.64e-01
 6.26020e+22	0.00e+00	0.00e+00	1.79e-29	1.37e-25	5.25e-22	1.52e-18	7.31e-15	4.49e-12	1.01e-09	8.36e-08	3.60e-06	7.12e-05	8.18e-04	8.82e-03	1.82e-01	4.54e-01	3.55e-01
 6.28236e+22	0.00e+00	2.96e-34	2.94e-29	2.15e-25	7.94e-22	2.20e-18	1.03e-14	6.12e-12	1.33e-09	1.06e-07	4.42e-06	8.43e-05	9.28e-04	9.60e-03	1.90e-01	4.57e-01	3.43e-01
 6.30523e+22	0.00e+00	4.79e-34	4.58e-29	3.24e-25	1.15e-21	3.06e-18	1.39e-14	8.05e-12	1.70e-09	1.31e-07	5.30e-06	9.78e-05	1.04e-03	1.04e-02	1.98e-01	4.58e-01	3.32e-01
 6.32541e+22	0.00e+00	7.62e-34	7.02e-29	4.79e-25	1.64e-21	4.19e-18	1.87e-14	1.05e-11	2.15e-09	1.61e-07	6.32e-06	1.13e-04	1.16e-03	1.11e-02	2.06e-01	4.60e-01	3.22e-01
 6.34503e+22	0.00e+00	1.20e-33	1.06e-28	7.01e-25	2.31e-21	5.71e-18	2.48e-14	1.36e-11	2.71e-09	1.97e-07	7.49e-06	1.30e-04	1.28e-03	1.19e-02	2.13e-01	4.61e-01	3.12e-01
 6.36429e+22	0.00e+00	1.85e-33	1.59e-28	1.01e-24	3.22e-21	7.66e-18	3.26e-14	1.74e-11	3.37e-09	2.39e-07	8.83e-06	1.48e-04	1.42e-03	1.28e-02	2.21e-01	4.62e-01	3.03e-01
 6.38607e+22	0.00e+00	3.18e-33	2.61e-28	1.59e-24	4.87e-21	1.11e-17	4.57e-14	2.36e-11	4.43e-09	3.03e-07	1.08e-05	1.75e-04	1.61e-03	1.39e-02	2.30e-01	4.63e-01	2.91e-01
 6.40845e+22	0.00e+00	5.16e-33	4.07e-28	2.39e-24	7.02e-21	1.53e-17	6.18e-14	3.10e-11	5.66e-09	3.75e-07	1.30e-05	2.03e-04	1.80e-03	1.49e-02	2.39e-01	4.63e-01	2.81e-01
 6.42805e+22	0.00e+00	8.09e-33	6.14e-28	3.48e-24	9.86e-21	2.07e-17	8.18e-14	4.00e-11	7.09e-09	4.56e-07	1.54e-05	2.33e-04	1.99e-03	1.60e-02	2.47e-01	4.63e-01	2.72e-01
 6.44702e+22	0.00e+00	1.26e-32	9.20e-28	5.04e-24	1.38e-20	2.79e-17	1.08e-13	5.13e-11	8.86e-09	5.54e-07	1.81e-05	2.67e-04	2.20e-03	1.71e-02	2.55e-01	4.63e-01	2.63e-01
 6.46876e+22	0.00e+00	2.16e-32	1.51e-27	7.94e-24	2.08e-20	4.02e-17	1.51e-13	6.97e-11	1.16e-08	7.03e-07	2.22e-05	3.15e-04	2.49e-03	1.85e-02	2.66e-01	4.62e-01	2.52e-01
 6.49110e+22	0.00e+00	3.51e-32	2.36e-27	1.19e-23	2.99e-20	5.54e-17	2.04e-13	9.15e-11	1.49e-08	8.68e-07	2.66e-05	3.65e-04	2.77e-03	1.98e-02	2.75e-01	4.60e-01	2.42e-01
 6.51062e+22	0.00e+00	5.52e-32	3.57e-27	1.74e-23	4.20e-20	7.49e-17	2.69e-13	1.18e-10	1.86e-08	1.06e-06	3.16e-05	4.19e-04	3.07e-03	2.12e-02	2.84e-01	4.59e-01	2.33e-01
 6.53237e+22	0.00e+00	9.76e-32	6.01e-27	2.79e-23	6.44e-20	1.09e-16	3.83e-13	1.63e-10	2.48e-08	1.36e-06	3.91e-05	4.98e-04	3.49e-03	2.30e-02	2.95e-01	4.56e-01	2.22e-01
 6.55413e+22	0.00e+00	1.51e-31	8.97e-27	4.02e-23	8.96e-20	1.46e-16	5.02e-13	2.08e-10	3.09e-08	1.64e-06	4.59e-05	5.68e-04	3.84e-03	2.45e-02	3.03e-01	4.54e-01	2.13e-01
 6.57587e+22	0.00e+00	2.66e-31	1.50e-26	6.44e-23	1.37e-19	2.13e-16	7.12e-13	2.86e-10	4.11e-08	2.10e-06	5.67e-05	6.73e-04	4.35e-03	2.65e-02	3.15e-01	4.51e-01	2.03e-01
 6.59805e+22	0.00e+00	4.23e-31	2.30e-26	9.49e-23	1.94e-19	2.89e-16	9.48e-13	3.71e-10	5.18e-08	2.57e-06	6.74e-05	7.74e-04	4.82e-03	2.83e-02	3.24e-01	4.48e-01	1.94e-01
 6.62080e+22	0.00e+00	7.61e-31	3.94e-26	1.55e-22	3.00e-19	4.25e-16	1.36e-12	5.15e-10	6.96e-08	3.32e-06	8.38e-05	9.24e-04	5.48e-03	3.06e-02	3.36e-01	4.43e-01	1.84e-01
 6.64402e+22	0.00e+00	1.27e-30	6.27e-26	2.36e-22	4.38e-19	5.93e-16	1.86e-12	6.84e-10	8.97e-08	4.15e-06	1.01e-04	1.08e-03	6.12e-03	3.28e-02	3.46e-01	4.39e-01	1.75e-01
 6.66342e+22	0.00e+00	1.95e-30	9.29e-26	3.37e-22	6.04e-19	7.85e-16	2.42e-12	8.71e-10	1.11e-07	5.00e-06	1.19e-04	1.22e-03	6.72e-03	3.48e-02	3.55e-01	4.35e-01	1.68e-01
 6.68151e+22	0.00e+00	2.98e-30	1.37e-25	4.80e-22	8.28e-19	1.04e-15	3.14e-12	1.10e-09	1.38e-07	6.01e-06	1.39e-04	1.39e-03	7.37e-03	3.68e-02	3.63e-01	4.30e-01	1.61e-01
 6.70231e+22	0.00e+00	5.09e-30	2.23e-25	7.47e-22	1.23e-18	1.46e-15	4.35e-12	1.49e-09	1.80e-07	7.58e-06	1.69e-04	1.63e-03	8.26e-03	3.95e-02	3.74e-01	4.25e-01	1.52e-01
 6.72350e+22	0.00e+00	8.12e-30	3.41e-25	1.10e-21	1.73e-18	1.98e-15	5.77e-12	1.93e-09	2.27e-07	9.28e-06	2.01e-04	1.87e-03	9.13e-03	4.20e-02	3.83e-01	4.19e-01	1.45e-01
 6.74033e+22	0.00e+00	1.18e-29	4.78e-25	1.49e-21	2.27e-18	2.50e-15	7.21e-12	2.37e-09	2.73e-07	1.09e-05	2.31e-04	2.09e-03	9.88e-03	4.40e-02	3.90e-01	4.15e-01	1.39e-01
 6.75732e+22	0.00e+00	1.83e-29	7.14e-25	2.14e-21	3.14e-18	3.32e-15	9.42e-12	3.02e-09	3.40e-07	1.32e-05	2.71e-04	2.37e-03	1.08e-02	4.65e-02	3.99e-01	4.09e-01	1.32e-01
 6.77512e+22	0.00e+00	2.69e-29	1.01e-24	2.94e-21	4.17e-18	4.26e-15	1.19e-11	3.75e-09	4.12e-07	1.56e-05	3.12e-04	2.66e-03	1.18e-02	4.88e-02	4.06e-01	4.04e-01	1.27e-01
 6.79017e+22	0.00e+00	3.78e-29	1.38e-24	3.89e-21	5.35e-18	5.27e-15	1.46e-11	4.53e-09	4.88e-07	1.80e-05	3.54e-04	2.94e-03	1.26e-02	5.09e-02	4.12e-01	3.99e-01	1.22e-01
 6.80361e+22	0.00e+00	5.29e-29	1.88e-24	5.12e-21	6.82e-18	6.51e-15	1.79e-11	5.45e-09	5.77e-07	2.08e-05	4.01e-04	3.25e-03	1.36e-02	5.31e-02	4.19e-01	3.94e-01	1.17e-01
 6.81661e+22	0.00e+00	7.07e-29	2.44e-24	6.49e-21	8.43e-18	7.83e-15	2.13e-11	6.40e-09	6.66e-07	2.36e-05	4.46e-04	3.53e-03	1.44e-02	5.50e-02	4.24e-01	3.90e-01	1.13e-01
 6.83141e+22	0.00e+00	1.05e-28	3.49e-24	8.95e-21	1.12e-17	1.00e-14	2.70e-11	7.95e-09	8.10e-07	2.80e-05	5.15e-04	3.96e-03	1.56e-02	5.76e-02	4.31e-01	3.84e-01	1.08e-01
 6.84604e+22	0.00e+00	1.45e-28	4.69e-24	1.17e-20	1.42e-17	1.22e-14	3.27e-11	9.51e-09	9.52e-07	3.22e-05	5.80e-04	4.36e-03	1.67e-02	5.99e-02	4.36e-01	3.78e-01	1.04e-01
 6.85815e+22	0.00e+00	1.96e-28	6.15e-24	1.49e-20	1.75e-17	1.47e-14	3.91e-11	1.12e-08	1.10e-06	3.66e-05	6.47e-04	4.76e-03	1.77e-02	6.21e-02	4.42e-01	3.73e-01	9.98e-02
 6.87158e+22	0.00e+00	2.82e-28	8.57e-24	2.00e-20	2.28e-17	1.84e-14	4.86e-11	1.37e-08	1.32e-06	4.28e-05	7.40e-04	5.29e-03	1.91e-02	6.48e-02	4.48e-01	3.67e-01	9.53e-02
 6.88542e+22	0.00e+00	3.83e-28	1.13e-23	2.57e-20	2.84e-17	2.23e-14	5.84e-11	1.62e-08	1.54e-06	4.89e-05	8.27e-04	5.78e-03	2.04e-02	6.71e-02	4.52e-01	3.62e-01	9.16e-02
 6.89979e+22	0.00e+00	5.65e-28	1.61e-23	3.52e-20	3.75e-17	2.83e-14	7.35e-11	2.01e-08	1.87e-06	5.77e-05	9.52e-04	6.47e-03	2.20e-02	7.01e-02	4.58e-01	3.55e-01	8.70e-02
 6.91370e+22	0.00e+00	7.60e-28	2.10e-23	4.48e-20	4.63e-17	3.39e-14	8.76e-11	2.37e-08	2.17e-06	6.55e-05	1.06e-03	7.04e-03	2.34e-02	7.24e-02	4.63e-01	3.50e-01	8.37e-02
 6.92502e+22	0.00e+00	1.01e-27	2.72e-23	5.64e-20	5.66e-17	4.03e-14	1.04e-10	2.77e-08	2.50e-06	7.41e-05	1.18e-03	7.66e-03	2.48e-02	7.48e-02	4.67e-01	3.44e-01	8.04e-02
 6.93778e+22	0.00e+00	1.45e-27	3.76e-23	7.52e-20	7.29e-17	4.99e-14	1.28e-10	3.37e-08	2.98e-06	8.64e-05	1.34e-03	8.48e-03	2.66e-02	7.77e-02	4.72e-01	3.38e-01	7.66e-02
 6.95072e+22	0.00e+00	1.94e-27	4.89e-23	9.51e-20	8.95e-17	5.95e-14	1.52e-10	3.95e-08	3.44e-06	9.78e-05	1.49e-03	9.22e-03	2.81e-02	8.02e-02	4.75e-01	3.32e-01	7.35e-02
 6.96390e+22	0.00e+00	2.85e-27	6.92e-23	1.29e-19	1.17e-16	7.46e-14	1.90e-10	4.87e-08	4.17e-06	1.15e-04	1.71e-03	1.03e-02	3.04e-02	8.35e-02	4.80e-01	3.25e-01	6.96e-02
 6.97688e+22	1.12e-34	3.78e-27	8.93e-23	1.62e-19	1.43e-16	8.83e-14	2.24e-10	5.69e-08	4.80e-06	1.30e-04	1.90e-03	1.12e-02	3.21e-02	8.60e-02	4.83e-01	3.19e-01	6.68e-02
 6.98959e+22	1.73e-34	5.58e-27	1.27e-22	2.21e-19	1.86e-16	1.10e-13	2.80e-10	7.03e-08	5.82e-06	1.54e-04	2.19e-03	1.25e-02	3.47e-02	8.95e-02	4.87e-01	3.11e-01	6.30e-02
 7.00210e+22	2.35e-34	7.34e-27	1.62e-22	2.75e-19	2.25e-16	1.29e-13	3.29e-10	8.16e-08	6.66e-06	1.73e-04	2.41e-03	1.35e-02	3.65e-02	9.20e-02	4.90e-01	3.05e-01	6.04e-02
 7.01267e+22	3.19e-34	9.69e-27	2.08e-22	3.42e-19	2.72e-16	1.52e-13	3.86e-10	9.49e-08	7.64e-06	1.95e-04	2.67e-03	1.46e-02	3.85e-02	9.45e-02	4.92e-01	3.00e-01	5.79e-02
 7.02306e+22	4.33e-34	1.27e-26	2.66e-22	4.25e-19	3.28e-16	1.77e-13	4.52e-10	1.10e-07	8.75e-06	2.19e-04	2.94e-03	1.58e-02	4.06e-02	9.70e-02	4.94e-01	2.94e-01	5.55e-02
 7.03492e+22	6.35e-34	1.80e-26	3.62e-22	5.58e-19	4.14e-16	2.16e-13	5.51e-10	1.33e-07	1.04e-05	2.53e-04	3.33e-03	1.74e-02	4.34e-02	1.00e-01	4.96e-01	2.87e-01	5.25e-02
 7.04694e+22	8.90e-34	2.43e-26	4.74e-22	7.08e-19	5.08e-16	2.55e-13	6.55e-10	1.56e-07	1.21e-05	2.88e-04	3.71e-03	1.89e-02	4.59e-02	1.03e-01	4.98e-01	2.80e-01	5.00e-02
 7.05720e+22	1.19e-33	3.17e-26	6.00e-22	8.70e-19	6.06e-16	2.96e-13	7.61e-10	1.80e-07	1.37e-05	3.22e-04	4.07e-03	2.03e-02	4.82e-02	1.06e-01	4.99e-01	2.74e-01	4.79e-02
 7.06859e+22	1.80e-33	4.57e-26	8.32e-22	1.16e-18	7.72e-16	3.61e-13	9.36e-10	2.20e-07	1.64e-05	3.76e-04	4.65e-03	2.25e-02	5.17e-02	1.09e-01	5.00e-01	2.66e-01	4.50e-02
 7.08004e+22	2.43e-33	5.99e-26	1.06e-21	1.43e-18	9.25e-16	4.19e-13	1.09e-09	2.54e-07	1.88e-05	4.21e-04	5.11e-03	2.43e-02	5.43e-02	1.12e-01	5.01e-01	2.60e-01	4.30e-02
 7.09159e+22	3.68e-33	8.68e-26	1.47e-21	1.90e-18	1.18e-15	5.11e-13	1.34e-09	3.11e-07	2.26e-05	4.93e-04	5.83e-03	2.69e-02	5.81e-02	1.15e-01	5.01e-01	2.52e-01	4.03e-02
 7.10309e+22	4.99e-33	1.14e-25	1.88e-21	2.35e-18	1.41e-15	5.92e-13	1.57e-09	3.60e-07	2.58e-05	5.53e-04	6.42e-03	2.90e-02	6.10e-02	1.18e-01	5.01e-01	2.46e-01	3.84e-02
 7.11453e+22	7.61e-33	1.66e-25	2.62e-21	3.14e-18	1.80e-15	7.20e-13	1.93e-09	4.40e-07	3.11e-05	6.48e-04	7.33e-03	3.21e-02	6.53e-02	1.21e-01	5.00e-01	2.37e-01	3.58e-02
 7.12596e+22	1.03e-32	2.19e-25	3.35e-21	3.89e-18	2.15e-15	8.34e-13	2.26e-09	5.10e-07	3.56e-05	7.26e-04	8.07e-03	3.46e-02	6.85e-02	1.24e-01	4.99e-01	2.31e-01	3.40e-02
 7.13737e+22	1.59e-32	3.21e-25	4.70e-21	5.20e-18	2.74e-15	1.01e-12	2.79e-09	6.26e-07	4.29e-05	8.53e-04	9.23e-03	3.83e-02	7.33e-02	1.28e-01	4.97e-01	2.22e-01	3.16e-02
 7.14881e+22	2.18e-32	4.25e-25	6.02e-21	6.44e-18	3.28e-15	1.17e-12	3.26e-09	7.27e-07	4.92e-05	9.58e-04	1.02e-02	4.13e-02	7.69e-02	1.30e-01	4.95e-01	2.15e-01	2.99e-02
 7.16029e+22	3.34e-32	6.21e-25	8.43e-21	8.60e-18	4.17e-15	1.42e-12	4.01e-09	8.91e-07	5.93e-05	1.12e-03	1.16e-02	4.56e-02	8.20e-02	1.33e-01	4.92e-01	2.06e-01	2.77e-02
 7.17169e+22	4.62e-32	8.29e-25	1.09e-20	1.07e-17	5.00e-15	1.64e-12	4.70e-09	1.04e-06	6.82e-05	1.26e-03	1.28e-02	4.92e-02	8.60e-02	1.36e-01	4.89e-01	2.00e-01	2.61e-02
 7.18143e+22	6.36e-32	1.10e-24	1.40e-20	1.33e-17	5.97e-15	1.88e-12	5.49e-09	1.21e-06	7.83e-05	1.42e-03	1.41e-02	5.29e-02	9.01e-02	1.38e-01	4.86e-01	1.93e-01	2.45e-02
 7.19253e+22	9.68e-32	1.60e-24	1.94e-20	1.75e-17	7.51e-15	2.26e-12	6.71e-09	1.47e-06	9.38e-05	1.65e-03	1.59e-02	5.82e-02	9.56e-02	1.41e-01	4.80e-01	1.84e-01	2.26e-02
 7.20364e+22	1.34e-31	2.13e-24	2.49e-20	2.17e-17	8.96e-15	2.59e-12	7.83e-09	1.71e-06	1.08e-04	1.85e-03	1.75e-02	6.26e-02	1.00e-01	1.43e-01	4.76e-01	1.78e-01	2.12e-02
 7.21476e+22	2.04e-31	3.10e-24	3.46e-20	2.87e-17	1.13e-14	3.10e-12	9.57e-09	2.08e-06	1.29e-04	2.15e-03	1.98e-02	6.87e-02	1.06e-01	1.46e-01	4.69e-01	1.69e-01	1.95e-02
 7.22609e+22	2.86e-31	4.17e-24	4.50e-20	3.59e-17	1.35e-14	3.57e-12	1.12e-08	2.43e-06	1.48e-04	2.42e-03	2.19e-02	7.39e-02	1.11e-01	1.48e-01	4.63e-01	1.62e-01	1.82e-02
 7.23768e+22	4.44e-31	6.17e-24	6.34e-20	4.79e-17	1.71e-14	4.28e-12	1.38e-08	2.97e-06	1.78e-04	2.83e-03	2.48e-02	8.12e-02	1.17e-01	1.50e-01	4.55e-01	1.53e-01	1.65e-02
 7.24930e+22	6.23e-31	8.32e-24	8.24e-20	5.98e-17	2.05e-14	4.92e-12	1.61e-08	3.46e-06	2.05e-04	3.17e-03	2.72e-02	8.71e-02	1.22e-01	1.52e-01	4.47e-01	1.46e-01	1.53e-02
 7.25933e+22	8.68e-31	1.12e-23	1.07e-19	7.43e-17	2.44e-14	5.64e-12	1.88e-08	4.02e-06	2.35e-04	3.55e-03	2.98e-02	9.31e-02	1.27e-01	1.53e-01	4.40e-01	1.39e-01	1.42e-02
 7.27071e+22	1.34e-30	1.63e-23	1.49e-19	9.83e-17	3.06e-14	6.70e-12	2.28e-08	4.87e-06	2.80e-04	4.10e-03	3.35e-02	1.02e-01	1.33e-01	1.54e-01	4.29e-01	1.31e-01	1.29e-02
 7.28208e+22	1.84e-30	2.17e-23	1.91e-19	1.21e-16	3.62e-14	7.64e-12	2.64e-08	5.62e-06	3.19e-04	4.56e-03	3.64e-02	1.08e-01	1.38e-01	1.55e-01	4.21e-01	1.25e-01	1.19e-02
 7.29344e+22	2.83e-30	3.17e-23	2.65e-19	1.60e-16	4.53e-14	9.05e-12	3.19e-08	6.78e-06	3.78e-04	5.24e-03	4.07e-02	1.17e-01	1.45e-01	1.56e-01	4.09e-01	1.17e-01	1.07e-02
 7.30475e+22	3.84e-30	4.15e-23	3.36e-19	1.96e-16	5.33e-14	1.03e-11	3.66e-08	7.75e-06	4.26e-04	5.78e-03	4.40e-02	1.24e-01	1.49e-01	1.56e-01	4.00e-01	1.11e-01	9.92e-03
 7.31600e+22	5.81e-30	5.99e-23	4.63e-19	2.56e-16	6.60e-14	1.21e-11	4.38e-08	9.24e-06	5.00e-04	6.58e-03	4.87e-02	1.33e-01	1.55e-01	1.56e-01	3.87e-01	1.03e-01	8.91e-03
 7.32748e+22	7.98e-30	7.93e-23	5.92e-19	3.15e-16	7.81e-14	1.38e-11	5.02e-08	1.06e-05	5.65e-04	7.26e-03	5.26e-02	1.41e-01	1.59e-01	1.56e-01	3.77e-01	9.79e-02	8.20e-03
 7.33925e+22	1.21e-29	1.15e-22	8.18e-19	4.13e-16	9.72e-14	1.63e-11	6.00e-08	1.26e-05	6.61e-04	8.24e-03	5.80e-02	1.51e-01	1.65e-01	1.55e-01	3.64e-01	9.08e-02	7.31e-03
 7.35127e+22	1.67e-29	1.53e-22	1.05e-18	5.10e-16	1.15e-13	1.86e-11	6.87e-08	1.44e-05	7.44e-04	9.06e-03	6.24e-02	1.59e-01	1.69e-01	1.55e-01	3.53e-01	8.55e-02	6.69e-03
 7.36362e+22	2.55e-29	2.21e-22	1.45e-18	6.71e-16	1.44e-13	2.20e-11	8.18e-08	1.71e-05	8.67e-04	1.02e-02	6.86e-02	1.70e-01	1.74e-01	1.53e-01	3.38e-01	7.88e-02	5.93e-03
 7.37633e+22	3.56e-29	2.98e-22	1.89e-18	8.37e-16	1.72e-13	2.53e-11	9.40e-08	1.95e-05	9.78e-04	1.13e-02	7.37e-02	1.78e-01	1.78e-01	1.52e-01	3.27e-01	7.37e-02	5.38e-03
 7.38757e+22	4.91e-29	3.96e-22	2.42e-18	1.03e-15	2.04e-13	2.88e-11	1.07e-07	2.22e-05	1.09e-03	1.23e-02	7.88e-02	1.86e-01	1.82e-01	1.50e-01	3.15e-01	6.91e-02	4.89e-03
 7.40025e+22	7.44e-29	5.72e-22	3.34e-18	1.36e-15	2.54e-13	3.41e-11	1.26e-07	2.61e-05	1.26e-03	1.38e-02	8.58e-02	1.97e-01	1.86e-01	1.48e-01	3.01e-01	6.32e-02	4.31e-03
 7.41301e+22	1.01e-28	7.49e-22	4.24e-18	1.66e-15	3.00e-13	3.88e-11	1.43e-07	2.93e-05	1.40e-03	1.50e-02	9.10e-02	2.05e-01	1.88e-01	1.46e-01	2.90e-01	5.92e-02	3.92e-03
 7.42585e+22	1.50e-28	1.07e-21	5.79e-18	2.16e-15	3.72e-13	4.59e-11	1.67e-07	3.42e-05	1.60e-03	1.66e-02	9.83e-02	2.16e-01	1.92e-01	1.43e-01	2.75e-01	5.42e-02	3.45e-03
 7.43915e+22	2.07e-28	1.42e-21	7.45e-18	2.68e-15	4.43e-13	5.26e-11	1.89e-07	3.86e-05	1.79e-03	1.80e-02	1.04e-01	2.24e-01	1.94e-01	1.41e-01	2.64e-01	5.03e-02	3.11e-03
 7.45304e+22	3.15e-28	2.06e-21	1.03e-17	3.53e-15	5.56e-13	6.28e-11	2.22e-07	4.50e-05	2.05e-03	2.00e-02	1.12e-01	2.35e-01	1.96e-01	1.37e-01	2.49e-01	4.56e-02	2.71e-03
 7.46680e+22	4.26e-28	2.70e-21	1.31e-17	4.32e-15	6.56e-13	7.16e-11	2.50e-07	5.03e-05	2.25e-03	2.16e-02	1.18e-01	2.42e-01	1.98e-01	1.35e-01	2.38e-01	4.24e-02	2.44e-03
 7.48041e+22	6.30e-28	3.82e-21	1.78e-17	5.62e-15	8.13e-13	8.47e-11	2.90e-07	5.80e-05	2.55e-03	2.37e-02	1.26e-01	2.52e-01	1.99e-01	1.31e-01	2.25e-01	3.85e-02	2.14e-03
 7.49439e+22	8.65e-28	5.06e-21	2.28e-17	6.94e-15	9.67e-13	9.71e-11	3.26e-07	6.50e-05	2.81e-03	2.56e-02	1.33e-01	2.59e-01	2.00e-01	1.28e-01	2.14e-01	3.55e-02	1.91e-03
 7.50887e+22	1.29e-27	7.24e-21	3.13e-17	9.10e-15	1.21e-12	1.16e-10	3.79e-07	7.49e-05	3.18e-03	2.81e-02	1.42e-01	2.69e-01	2.00e-01	1.24e-01	2.01e-01	3.19e-02	1.65e-03
 7.52355e+22	1.73e-27	9.56e-21	4.00e-17	1.12e-14	1.44e-12	1.33e-10	4.25e-07	8.36e-05	3.50e-03	3.01e-02	1.49e-01	2.76e-01	2.00e-01	1.21e-01	1.90e-01	2.94e-02	1.47e-03
 7.53612e+22	2.31e-27	1.24e-20	5.02e-17	1.36e-14	1.69e-12	1.51e-10	4.73e-07	9.24e-05	3.81e-03	3.21e-02	1.55e-01	2.82e-01	2.00e-01	1.17e-01	1.81e-01	2.72e-02	1.32e-03
 7.55009e+22	3.34e-27	1.72e-20	6.73e-17	1.75e-14	2.07e-12	1.77e-10	5.41e-07	1.05e-04	4.26e-03	3.48e-02	1.63e-01	2.89e-01	1.99e-01	1.13e-01	1.70e-01	2.45e-02	1.15e-03
 7.56407e+22	4.42e-27	2.21e-20	8.39e-17	2.12e-14	2.42e-12	2.01e-10	5.99e-07	1.16e-04	4.62e-03	3.70e-02	1.70e-01	2.95e-01	1.99e-01	1.10e-01	1.61e-01	2.26e-02	1.03e-03
 7.57807e+22	6.38e-27	3.06e-20	1.12e-16	2.71e-14	2.97e-12	2.36e-10	6.83e-07	1.31e-04	5.13e-03	3.99e-02	1.78e-01	3.02e-01	1.97e-01	1.06e-01	1.51e-01	2.03e-02	8.95e-04
 7.59222e+22	8.36e-27	3.90e-20	1.39e-16	3.26e-14	3.47e-12	2.67e-10	7.55e-07	1.43e-04	5.54e-03	4.22e-02	1.85e-01	3.07e-01	1.96e-01	1.03e-01	1.43e-01	1.88e-02	8.04e-04
 7.60656e+22	1.20e-26	5.40e-20	1.85e-16	4.18e-14	4.25e-12	3.13e-10	8.59e-07	1.62e-04	6.14e-03	4.55e-02	1.93e-01	3.13e-01	1.94e-01	9.83e-02	1.33e-01	1.68e-02	6.94e-04
 7.62115e+22	1.59e-26	6.91e-20	2.31e-16	5.05e-14	4.97e-12	3.56e-10	9.51e-07	1.77e-04	6.63e-03	4.81e-02	1.99e-01	3.17e-01	1.92e-01	9.51e-02	1.26e-01	1.55e-02	6.20e-04
 7.63403e+22	2.09e-26	8.83e-20	2.87e-16	6.09e-14	5.81e-12	4.03e-10	1.05e-06	1.94e-04	7.15e-03	5.07e-02	2.06e-01	3.21e-01	1.90e-01	9.19e-02	1.19e-01	1.42e-02	5.53e-04
 7.64681e+22	2.74e-26	1.12e-19	3.55e-16	7.33e-14	6.78e-12	4.56e-10	1.16e-06	2.12e-04	7.70e-03	5.35e-02	2.12e-01	3.24e-01	1.88e-01	8.87e-02	1.12e-01	1.30e-02	4.94e-04
 7.66150e+22	3.87e-26	1.53e-19	4.68e-16	9.29e-14	8.26e-12	5.34e-10	1.31e-06	2.37e-04	8.46e-03	5.71e-02	2.20e-01	3.28e-01	1.85e-01	8.47e-02	1.04e-01	1.17e-02	4.27e-04
 7.67628e+22	5.06e-26	1.95e-19	5.79e-16	1.12e-13	9.63e-12	6.04e-10	1.44e-06	2.59e-04	9.09e-03	6.00e-02	2.26e-01	3.31e-01	1.82e-01	8.16e-02	9.84e-02	1.07e-02	3.80e-04
 7.69120e+22	7.16e-26	2.66e-19	7.64e-16	1.42e-13	1.17e-11	7.08e-10	1.63e-06	2.90e-04	9.97e-03	6.40e-02	2.34e-01	3.34e-01	1.79e-01	7.76e-02	9.10e-02	9.54e-03	3.27e-04
 7.70629e+22	9.31e-26	3.36e-19	9.42e-16	1.70e-13	1.37e-11	8.01e-10	1.80e-06	3.15e-04	1.07e-02	6.71e-02	2.41e-01	3.36e-01	1.76e-01	7.47e-02	8.58e-02	8.74e-03	2.91e-04
 7.72158e+22	1.32e-25	4.58e-19	1.24e-15	2.16e-13	1.67e-11	9.40e-10	2.04e-06	3.52e-04	1.17e-02	7.14e-02	2.48e-01	3.39e-01	1.72e-01	7.09e-02	7.92e-02	7.77e-03	2.49e-04
 7.73719e+22	1.72e-25	5.83e-19	1.54e-15	2.60e-13	1.95e-11	1.07e-09	2.25e-06	3.84e-04	1.25e-02	7.48e-02	2.54e-01	3.40e-01	1.68e-01	6.79e-02	7.43e-02	7.09e-03	2.21e-04
 7.75321e+22	2.45e-25	7.99e-19	2.04e-15	3.32e-13	2.40e-11	1.26e-09	2.56e-06	4.30e-04	1.37e-02	7.95e-02	2.62e-01	3.41e-01	1.64e-01	6.42e-02	6.83e-02	6.27e-03	1.88e-04
 7.76959e+22	3.22e-25	1.02e-18	2.54e-15	4.03e-13	2.82e-11	1.44e-09	2.83e-06	4.69e-04	1.47e-02	8.33e-02	2.68e-01	3.42e-01	1.60e-01	6.14e-02	6.39e-02	5.69e-03	1.66e-04
 7.78642e+22	4.60e-25	1.41e-18	3.37e-15	5.16e-13	3.47e-11	1.70e-09	3.23e-06	5.25e-04	1.61e-02	8.84e-02	2.76e-01	3.42e-01	1.56e-01	5.78e-02	5.85e-02	5.02e-03	1.41e-04
 7.80379e+22	6.00e-25	1.83e-18	4.27e-15	6.33e-13	4.12e-11	1.96e-09	3.60e-06	5.77e-04	1.73e-02	9.27e-02	2.82e-01	3.42e-01	1.52e-01	5.49e-02	5.43e-02	4.52e-03	1.23e-04
 7.81880e+22	7.75e-25	2.30e-18	5.25e-15	7.58e-13	4.81e-11	2.22e-09	3.97e-06	6.27e-04	1.85e-02	9.67e-02	2.87e-01	3.41e-01	1.48e-01	5.25e-02	5.09e-02	4.11e-03	1.09e-04
 7.83526e+22	1.09e-24	3.14e-18	6.92e-15	9.65e-13	5.88e-11	2.62e-09	4.51e-06	6.98e-04	2.01e-02	1.02e-01	2.94e-01	3.40e-01	1.43e-01	4.93e-02	4.65e-02	3.62e-03	9.23e-05
 7.85195e+22	1.42e-24	3.97e-18	8.56e-15	1.16e-12	6.89e-11	2.98e-09	4.98e-06	7.59e-04	2.15e-02	1.06e-01	2.99e-01	3.39e-01	1.39e-01	4.70e-02	4.34e-02	3.28e-03	8.14e-05
 7.86893e+22	1.97e-24	5.33e-18	1.11e-14	1.46e-12	8.38e-11	3.50e-09	5.65e-06	8.42e-04	2.32e-02	1.12e-01	3.05e-01	3.37e-01	1.35e-01	4.42e-02	3.98e-02	2.90e-03	6.95e-05
 7.88688e+22	2.67e-24	6.99e-18	1.42e-14	1.81e-12	1.00e-10	4.06e-09	6.33e-06	9.26e-04	2.50e-02	1.17e-01	3.11e-01	3.35e-01	1.30e-01	4.17e-02	3.67e-02	2.59e-03	5.99e-05
 7.90336e+22	3.54e-24	9.01e-18	1.78e-14	2.21e-12	1.19e-10	4.67e-09	7.05e-06	1.01e-03	2.67e-02	1.22e-01	3.15e-01	3.33e-01	1.26e-01	3.94e-02	3.40e-02	2.32e-03	5.22e-05
 7.92208e+22	5.03e-24	1.24e-17	2.37e-14	2.83e-12	1.47e-10	5.56e-09	8.07e-06	1.13e-03	2.91e-02	1.28e-01	3.21e-01	3.29e-01	1.21e-01	3.67e-02	3.08e-02	2.03e-03	4.38e-05
 7.94189e+22	6.78e-24	1.66e-17	3.08e-14	3.57e-12	1.79e-10	6.53e-09	9.15e-06	1.25e-03	3.14e-02	1.34e-01	3.26e-01	3.26e-01	1.16e-01	3.44e-02	2.81e-02	1.79e-03	3.72e-05
