#depth	Ne	Ne+	Ne+2	Ne+3	Ne+4	Ne+5	Ne+6	Ne+7	Ne+8	Ne+9	Ne+10
 4.62852e+21	0.00e+00	0.00e+00	0.00e+00	0.00e+00	0.00e+00	6.63e-28	6.56e-22	3.62e-16	6.51e-10	5.13e-05	1.00e+00
 1.05187e+22	0.00e+00	0.00e+00	0.00e+00	0.00e+00	0.00e+00	3.83e-27	2.63e-21	1.07e-15	1.35e-09	7.37e-05	1.00e+00
 1.26096e+22	0.00e+00	0.00e+00	0.00e+00	0.00e+00	0.00e+00	1.25e-26	6.80e-21	2.19e-15	2.16e-09	9.34e-05	1.00e+00
 1.41024e+22	0.00e+00	0.00e+00	0.00e+00	0.00e+00	0.00e+00	3.23e-26	1.45e-20	3.86e-15	3.16e-09	1.13e-04	1.00e+00
 1.53454e+22	0.00e+00	0.00e+00	0.00e+00	0.00e+00	7.43e-32	7.39e-26	2.81e-20	6.35e-15	4.40e-09	1.33e-04	1.00e+00
 1.62277e+22	0.00e+00	0.00e+00	0.00e+00	0.00e+00	1.21e-31	1.11e-25	3.90e-20	8.11e-15	5.18e-09	1.45e-04	1.00e+00
 1.69238e+22	0.00e+00	0.00e+00	0.00e+00	0.00e+00	2.44e-31	1.99e-25	6.22e-20	1.15e-14	6.54e-09	1.62e-04	1.00e+00
 1.76240e+22	0.00e+00	0.00e+00	0.00e+00	0.00e+00	4.01e-31	3.01e-25	8.66e-20	1.48e-14	7.72e-09	1.76e-04	1.00e+00
 1.83292e+22	0.00e+00	0.00e+00	0.00e+00	0.00e+00	8.15e-31	5.44e-25	1.39e-19	2.10e-14	9.78e-09	1.99e-04	1.00e+00
 1.90344e+22	0.00e+00	0.00e+00	0.00e+00	0.00e+00	1.34e-30	8.21e-25	1.93e-19	2.70e-14	1.15e-08	2.16e-04	1.00e+00
 1.97393e+22	0.00e+00	0.00e+00	0.00e+00	0.00e+00	2.71e-30	1.48e-24	3.10e-19	3.84e-14	1.46e-08	2.43e-04	1.00e+00
 2.04449e+22	0.00e+00	0.00e+00	0.00e+00	0.00e+00	4.46e-30	2.24e-24	4.31e-19	4.92e-14	1.72e-08	2.64e-04	1.00e+00
 2.11514e+22	0.00e+00	0.00e+00	0.00e+00	0.00e+00	9.04e-30	4.04e-24	6.92e-19	7.01e-14	2.18e-08	2.97e-04	1.00e+00
 2.18585e+22	0.00e+00	0.00e+00	0.00e+00	0.00e+00	1.49e-29	6.11e-24	9.63e-19	8.99e-14	2.57e-08	3.22e-04	1.00e+00
 2.25662e+22	0.00e+00	0.00e+00	0.00e+00	0.00e+00	3.01e-29	1.10e-23	1.54e-18	1.28e-13	3.26e-08	3.63e-04	1.00e+00
 2.32744e+22	0.00e+00	0.00e+00	0.00e+00	0.00e+00	4.96e-29	1.67e-23	2.15e-18	1.64e-13	3.85e-08	3.94e-04	1.00e+00
 2.39834e+22	0.00e+00	0.00e+00	0.00e+00	0.00e+00	9.87e-29	2.95e-23	3.45e-18	2.34e-13	4.87e-08	4.43e-04	1.00e+00
 2.46929e+22	0.00e+00	0.00e+00	0.00e+00	0.00e+00	1.62e-28	4.47e-23	4.81e-18	3.00e-13	5.75e-08	4.82e-04	1.00e+00
 2.54031e+22	0.00e+00	0.00e+00	0.00e+00	0.00e+00	3.29e-28	8.05e-23	7.70e-18	4.28e-13	7.28e-08	5.42e-04	9.99e-01
 2.61140e+22	0.00e+00	0.00e+00	0.00e+00	0.00e+00	5.42e-28	1.22e-22	1.07e-17	5.49e-13	8.60e-08	5.89e-04	9.99e-01
 2.68256e+22	0.00e+00	0.00e+00	0.00e+00	0.00e+00	1.10e-27	2.20e-22	1.72e-17	7.82e-13	1.09e-07	6.63e-04	9.99e-01
 2.75379e+22	0.00e+00	0.00e+00	0.00e+00	0.00e+00	1.81e-27	3.33e-22	2.40e-17	1.00e-12	1.29e-07	7.20e-04	9.99e-01
 2.82509e+22	0.00e+00	0.00e+00	0.00e+00	0.00e+00	3.67e-27	6.01e-22	3.85e-17	1.43e-12	1.63e-07	8.10e-04	9.99e-01
 2.89634e+22	0.00e+00	0.00e+00	0.00e+00	9.57e-33	6.01e-27	9.07e-22	5.35e-17	1.83e-12	1.92e-07	8.80e-04	9.99e-01
 2.96750e+22	0.00e+00	0.00e+00	0.00e+00	2.17e-32	1.21e-26	1.63e-21	8.55e-17	2.61e-12	2.43e-07	9.90e-04	9.99e-01
 3.02932e+22	0.00e+00	0.00e+00	0.00e+00	3.30e-32	1.74e-26	2.19e-21	1.09e-16	3.12e-12	2.74e-07	1.05e-03	9.99e-01
 3.07901e+22	0.00e+00	0.00e+00	0.00e+00	5.62e-32	2.74e-26	3.21e-21	1.47e-16	3.92e-12	3.19e-07	1.13e-03	9.99e-01
 3.13166e+22	0.00e+00	0.00e+00	0.00e+00	9.15e-32	4.16e-26	4.55e-21	1.95e-16	4.84e-12	3.67e-07	1.22e-03	9.99e-01
 3.18009e+22	0.00e+00	0.00e+00	0.00e+00	1.46e-31	6.22e-26	6.36e-21	2.54e-16	5.91e-12	4.19e-07	1.30e-03	9.99e-01
 3.23496e+22	0.00e+00	0.00e+00	0.00e+00	2.73e-31	1.06e-25	9.94e-21	3.64e-16	7.73e-12	5.02e-07	1.42e-03	9.99e-01
 3.28878e+22	0.00e+00	0.00e+00	0.00e+00	4.15e-31	1.52e-25	1.34e-20	4.62e-16	9.26e-12	5.66e-07	1.51e-03	9.98e-01
 3.34121e+22	0.00e+00	0.00e+00	0.00e+00	7.32e-31	2.48e-25	2.01e-20	6.40e-16	1.18e-11	6.66e-07	1.64e-03	9.98e-01
 3.39492e+22	0.00e+00	0.00e+00	0.00e+00	1.19e-30	3.75e-25	2.84e-20	8.45e-16	1.46e-11	7.65e-07	1.76e-03	9.98e-01
 3.44257e+22	0.00e+00	0.00e+00	0.00e+00	1.88e-30	5.56e-25	3.95e-20	1.10e-15	1.77e-11	8.73e-07	1.88e-03	9.98e-01
 3.49679e+22	0.00e+00	0.00e+00	0.00e+00	3.47e-30	9.40e-25	6.12e-20	1.56e-15	2.31e-11	1.04e-06	2.05e-03	9.98e-01
 3.55038e+22	0.00e+00	0.00e+00	0.00e+00	5.27e-30	1.34e-24	8.25e-20	1.98e-15	2.76e-11	1.17e-06	2.17e-03	9.98e-01
 3.60313e+22	0.00e+00	0.00e+00	0.00e+00	9.28e-30	2.19e-24	1.24e-19	2.74e-15	3.53e-11	1.38e-06	2.36e-03	9.98e-01
 3.65765e+22	0.00e+00	0.00e+00	0.00e+00	1.52e-29	3.34e-24	1.76e-19	3.64e-15	4.36e-11	1.59e-06	2.53e-03	9.97e-01
 3.70128e+22	0.00e+00	0.00e+00	0.00e+00	2.19e-29	4.57e-24	2.30e-19	4.51e-15	5.12e-11	1.77e-06	2.67e-03	9.97e-01
 3.74479e+22	0.00e+00	0.00e+00	0.00e+00	3.49e-29	6.81e-24	3.21e-19	5.89e-15	6.26e-11	2.02e-06	2.85e-03	9.97e-01
 3.78916e+22	0.00e+00	0.00e+00	0.00e+00	5.13e-29	9.47e-24	4.22e-19	7.34e-15	7.39e-11	2.26e-06	3.02e-03	9.97e-01
 3.83462e+22	0.00e+00	0.00e+00	0.00e+00	8.33e-29	1.43e-23	5.97e-19	9.69e-15	9.11e-11	2.60e-06	3.23e-03	9.97e-01
 3.88054e+22	0.00e+00	0.00e+00	0.00e+00	1.24e-28	2.01e-23	7.92e-19	1.21e-14	1.08e-10	2.91e-06	3.42e-03	9.97e-01
 3.92032e+22	0.00e+00	0.00e+00	0.00e+00	1.80e-28	2.78e-23	1.04e-18	1.51e-14	1.27e-10	3.24e-06	3.61e-03	9.96e-01
 3.96527e+22	0.00e+00	0.00e+00	0.00e+00	2.91e-28	4.19e-23	1.46e-18	1.99e-14	1.56e-10	3.72e-06	3.87e-03	9.96e-01
 4.01086e+22	0.00e+00	0.00e+00	0.00e+00	4.29e-28	5.85e-23	1.93e-18	2.48e-14	1.85e-10	4.16e-06	4.09e-03	9.96e-01
 4.05729e+22	0.00e+00	0.00e+00	1.15e-33	7.02e-28	8.93e-23	2.74e-18	3.29e-14	2.29e-10	4.80e-06	4.39e-03	9.96e-01
 4.09993e+22	0.00e+00	0.00e+00	1.70e-33	9.87e-28	1.20e-22	3.50e-18	4.00e-14	2.65e-10	5.29e-06	4.61e-03	9.95e-01
 4.13203e+22	0.00e+00	0.00e+00	2.41e-33	1.34e-27	1.56e-22	4.36e-18	4.78e-14	3.03e-10	5.78e-06	4.82e-03	9.95e-01
 4.16814e+22	0.00e+00	0.00e+00	3.65e-33	1.93e-27	2.13e-22	5.66e-18	5.89e-14	3.54e-10	6.42e-06	5.08e-03	9.95e-01
 4.20707e+22	0.00e+00	0.00e+00	5.46e-33	2.75e-27	2.88e-22	7.28e-18	7.20e-14	4.12e-10	7.10e-06	5.34e-03	9.95e-01
 4.24255e+22	0.00e+00	0.00e+00	8.00e-33	3.84e-27	3.84e-22	9.25e-18	8.73e-14	4.76e-10	7.82e-06	5.60e-03	9.94e-01
 4.27603e+22	0.00e+00	0.00e+00	1.15e-32	5.27e-27	5.04e-22	1.16e-17	1.05e-13	5.46e-10	8.57e-06	5.87e-03	9.94e-01
 4.31408e+22	0.00e+00	0.00e+00	1.76e-32	7.68e-27	6.95e-22	1.52e-17	1.30e-13	6.43e-10	9.55e-06	6.19e-03	9.94e-01
 4.35440e+22	0.00e+00	0.00e+00	2.69e-32	1.11e-26	9.55e-22	1.98e-17	1.61e-13	7.54e-10	1.06e-05	6.53e-03	9.93e-01
 4.38955e+22	0.00e+00	0.00e+00	3.90e-32	1.54e-26	1.26e-21	2.50e-17	1.94e-13	8.68e-10	1.17e-05	6.84e-03	9.93e-01
 4.42712e+22	0.00e+00	0.00e+00	6.02e-32	2.25e-26	1.75e-21	3.28e-17	2.41e-13	1.02e-09	1.30e-05	7.23e-03	9.93e-01
 4.46353e+22	0.00e+00	0.00e+00	8.64e-32	3.09e-26	2.29e-21	4.11e-17	2.89e-13	1.17e-09	1.43e-05	7.56e-03	9.92e-01
 4.49216e+22	0.00e+00	0.00e+00	1.17e-31	4.02e-26	2.88e-21	4.97e-17	3.37e-13	1.32e-09	1.54e-05	7.85e-03	9.92e-01
 4.52310e+22	0.00e+00	0.00e+00	1.66e-31	5.47e-26	3.74e-21	6.19e-17	4.01e-13	1.50e-09	1.68e-05	8.21e-03	9.92e-01
 4.55692e+22	0.00e+00	0.00e+00	2.34e-31	7.41e-26	4.86e-21	7.69e-17	4.78e-13	1.71e-09	1.83e-05	8.57e-03	9.91e-01
 4.58819e+22	0.00e+00	0.00e+00	3.26e-31	9.88e-26	6.22e-21	9.46e-17	5.64e-13	1.94e-09	1.99e-05	8.93e-03	9.91e-01
 4.61772e+22	0.00e+00	0.00e+00	4.49e-31	1.31e-25	7.92e-21	1.16e-16	6.63e-13	2.19e-09	2.16e-05	9.30e-03	9.91e-01
 4.65130e+22	0.00e+00	0.00e+00	6.54e-31	1.82e-25	1.05e-20	1.46e-16	8.02e-13	2.53e-09	2.38e-05	9.75e-03	9.90e-01
 4.68650e+22	0.00e+00	0.00e+00	9.44e-31	2.51e-25	1.38e-20	1.84e-16	9.64e-13	2.91e-09	2.61e-05	1.02e-02	9.90e-01
 4.71723e+22	0.00e+00	0.00e+00	1.31e-30	3.34e-25	1.77e-20	2.26e-16	1.14e-12	3.29e-09	2.83e-05	1.06e-02	9.89e-01
 4.74409e+22	0.00e+00	0.00e+00	1.74e-30	4.29e-25	2.19e-20	2.71e-16	1.31e-12	3.66e-09	3.04e-05	1.10e-02	9.89e-01
 4.76877e+22	0.00e+00	0.00e+00	2.25e-30	5.38e-25	2.66e-20	3.18e-16	1.49e-12	4.04e-09	3.25e-05	1.14e-02	9.89e-01
 4.79712e+22	0.00e+00	0.00e+00	3.08e-30	7.07e-25	3.37e-20	3.87e-16	1.75e-12	4.55e-09	3.52e-05	1.19e-02	9.88e-01
 4.82779e+22	0.00e+00	0.00e+00	4.23e-30	9.33e-25	4.28e-20	4.73e-16	2.05e-12	5.13e-09	3.81e-05	1.23e-02	9.88e-01
 4.85581e+22	0.00e+00	0.00e+00	5.70e-30	1.21e-24	5.36e-20	5.70e-16	2.39e-12	5.75e-09	4.11e-05	1.28e-02	9.87e-01
 4.88236e+22	0.00e+00	0.00e+00	7.60e-30	1.56e-24	6.65e-20	6.83e-16	2.76e-12	6.41e-09	4.42e-05	1.33e-02	9.87e-01
 4.90851e+22	0.00e+00	0.00e+00	1.01e-29	1.99e-24	8.21e-20	8.15e-16	3.18e-12	7.13e-09	4.74e-05	1.37e-02	9.86e-01
 4.93838e+22	0.00e+00	0.00e+00	1.40e-29	2.67e-24	1.06e-19	1.00e-15	3.76e-12	8.10e-09	5.16e-05	1.43e-02	9.86e-01
 4.96962e+22	0.00e+00	0.00e+00	1.95e-29	3.55e-24	1.35e-19	1.23e-15	4.43e-12	9.16e-09	5.60e-05	1.49e-02	9.85e-01
 4.99669e+22	0.00e+00	0.00e+00	2.59e-29	4.57e-24	1.67e-19	1.48e-15	5.12e-12	1.02e-08	6.02e-05	1.55e-02	9.84e-01
 5.02063e+22	0.00e+00	0.00e+00	3.35e-29	5.72e-24	2.03e-19	1.73e-15	5.82e-12	1.13e-08	6.42e-05	1.60e-02	9.84e-01
 5.04643e+22	0.00e+00	0.00e+00	4.45e-29	7.35e-24	2.51e-19	2.07e-15	6.73e-12	1.25e-08	6.91e-05	1.66e-02	9.83e-01
 5.07420e+22	0.00e+00	0.00e+00	5.94e-29	9.46e-24	3.12e-19	2.48e-15	7.78e-12	1.40e-08	7.43e-05	1.72e-02	9.83e-01
 5.09938e+22	0.00e+00	0.00e+00	7.74e-29	1.19e-23	3.81e-19	2.93e-15	8.88e-12	1.55e-08	7.94e-05	1.77e-02	9.82e-01
 5.12697e+22	0.00e+00	0.00e+00	1.06e-28	1.57e-23	4.83e-19	3.57e-15	1.04e-11	1.74e-08	8.60e-05	1.85e-02	9.81e-01
 5.15567e+22	0.00e+00	0.00e+00	1.43e-28	2.05e-23	6.06e-19	4.32e-15	1.21e-11	1.95e-08	9.27e-05	1.92e-02	9.81e-01
 5.18060e+22	0.00e+00	0.00e+00	1.86e-28	2.57e-23	7.38e-19	5.09e-15	1.38e-11	2.16e-08	9.91e-05	1.98e-02	9.80e-01
 5.20414e+22	0.00e+00	2.09e-34	2.41e-28	3.22e-23	8.94e-19	5.97e-15	1.57e-11	2.38e-08	1.06e-04	2.04e-02	9.79e-01
 5.23105e+22	0.00e+00	2.93e-34	3.25e-28	4.19e-23	1.12e-18	7.21e-15	1.83e-11	2.66e-08	1.14e-04	2.12e-02	9.79e-01
 5.25949e+22	0.00e+00	4.08e-34	4.36e-28	5.42e-23	1.40e-18	8.67e-15	2.12e-11	2.98e-08	1.23e-04	2.20e-02	9.78e-01
 5.28467e+22	0.00e+00	5.53e-34	5.71e-28	6.86e-23	1.71e-18	1.03e-14	2.43e-11	3.30e-08	1.31e-04	2.28e-02	9.77e-01
 5.31216e+22	0.00e+00	7.87e-34	7.82e-28	9.04e-23	2.17e-18	1.25e-14	2.85e-11	3.72e-08	1.42e-04	2.37e-02	9.76e-01
 5.33961e+22	0.00e+00	1.08e-33	1.03e-27	1.16e-22	2.68e-18	1.49e-14	3.28e-11	4.13e-08	1.53e-04	2.45e-02	9.75e-01
 5.36216e+22	0.00e+00	1.42e-33	1.32e-27	1.43e-22	3.21e-18	1.74e-14	3.70e-11	4.52e-08	1.62e-04	2.53e-02	9.75e-01
 5.38665e+22	0.00e+00	1.94e-33	1.74e-27	1.82e-22	3.96e-18	2.07e-14	4.26e-11	5.03e-08	1.74e-04	2.62e-02	9.74e-01
 5.41324e+22	0.00e+00	2.67e-33	2.32e-27	2.34e-22	4.90e-18	2.47e-14	4.92e-11	5.60e-08	1.87e-04	2.71e-02	9.73e-01
 5.43771e+22	0.00e+00	3.56e-33	2.99e-27	2.93e-22	5.94e-18	2.90e-14	5.59e-11	6.17e-08	1.99e-04	2.80e-02	9.72e-01
 5.46467e+22	0.00e+00	5.04e-33	4.07e-27	3.84e-22	7.49e-18	3.52e-14	6.53e-11	6.94e-08	2.15e-04	2.91e-02	9.71e-01
 5.49235e+22	0.00e+00	6.97e-33	5.44e-27	4.94e-22	9.31e-18	4.22e-14	7.55e-11	7.73e-08	2.32e-04	3.01e-02	9.70e-01
 5.51556e+22	0.00e+00	9.25e-33	6.99e-27	6.15e-22	1.12e-17	4.94e-14	8.57e-11	8.50e-08	2.47e-04	3.11e-02	9.69e-01
 5.54033e+22	0.00e+00	1.28e-32	9.30e-27	7.91e-22	1.39e-17	5.92e-14	9.90e-11	9.47e-08	2.65e-04	3.22e-02	9.68e-01
 5.56688e+22	0.00e+00	1.75e-32	1.23e-26	1.01e-21	1.72e-17	7.06e-14	1.14e-10	1.05e-07	2.84e-04	3.33e-02	9.66e-01
 5.59122e+22	0.00e+00	2.36e-32	1.60e-26	1.27e-21	2.10e-17	8.32e-14	1.30e-10	1.16e-07	3.04e-04	3.44e-02	9.65e-01
 5.61834e+22	0.00e+00	3.38e-32	2.21e-26	1.69e-21	2.67e-17	1.02e-13	1.53e-10	1.31e-07	3.29e-04	3.58e-02	9.64e-01
 5.64664e+22	0.00e+00	4.79e-32	3.01e-26	2.21e-21	3.37e-17	1.24e-13	1.78e-10	1.47e-07	3.55e-04	3.72e-02	9.62e-01
 5.67010e+22	0.00e+00	6.35e-32	3.87e-26	2.75e-21	4.06e-17	1.44e-13	2.02e-10	1.62e-07	3.78e-04	3.83e-02	9.61e-01
 5.69424e+22	0.00e+00	8.82e-32	5.18e-26	3.55e-21	5.06e-17	1.73e-13	2.34e-10	1.80e-07	4.07e-04	3.97e-02	9.60e-01
 5.72007e+22	0.00e+00	1.21e-31	6.84e-26	4.53e-21	6.23e-17	2.06e-13	2.69e-10	2.00e-07	4.36e-04	4.11e-02	9.58e-01
 5.74404e+22	0.00e+00	1.63e-31	8.94e-26	5.72e-21	7.61e-17	2.44e-13	3.07e-10	2.21e-07	4.66e-04	4.24e-02	9.57e-01
 5.77116e+22	0.00e+00	2.42e-31	1.27e-25	7.77e-21	9.89e-17	3.03e-13	3.66e-10	2.52e-07	5.08e-04	4.43e-02	9.55e-01
 5.79834e+22	0.00e+00	3.31e-31	1.68e-25	9.91e-21	1.22e-16	3.61e-13	4.20e-10	2.79e-07	5.44e-04	4.58e-02	9.54e-01
 5.82106e+22	0.00e+00	4.43e-31	2.17e-25	1.24e-20	1.48e-16	4.24e-13	4.78e-10	3.08e-07	5.80e-04	4.72e-02	9.52e-01
 5.84605e+22	0.00e+00	6.35e-31	2.98e-25	1.64e-20	1.88e-16	5.17e-13	5.60e-10	3.46e-07	6.27e-04	4.91e-02	9.50e-01
 5.87178e+22	0.00e+00	8.66e-31	3.93e-25	2.09e-20	2.31e-16	6.14e-13	6.42e-10	3.83e-07	6.71e-04	5.07e-02	9.49e-01
 5.89486e+22	0.00e+00	1.18e-30	5.17e-25	2.65e-20	2.83e-16	7.28e-13	7.35e-10	4.24e-07	7.17e-04	5.24e-02	9.47e-01
 5.92129e+22	0.00e+00	1.76e-30	7.37e-25	3.62e-20	3.69e-16	9.08e-13	8.76e-10	4.83e-07	7.82e-04	5.46e-02	9.45e-01
 5.94783e+22	0.00e+00	2.41e-30	9.75e-25	4.62e-20	4.55e-16	1.08e-12	1.01e-09	5.35e-07	8.38e-04	5.65e-02	9.43e-01
 5.97026e+22	0.00e+00	3.29e-30	1.28e-24	5.87e-20	5.59e-16	1.28e-12	1.15e-09	5.92e-07	8.95e-04	5.83e-02	9.41e-01
 5.99157e+22	0.00e+00	4.44e-30	1.67e-24	7.40e-20	6.81e-16	1.51e-12	1.31e-09	6.52e-07	9.54e-04	6.02e-02	9.39e-01
 6.01568e+22	0.00e+00	6.41e-30	2.31e-24	9.81e-20	8.68e-16	1.85e-12	1.54e-09	7.33e-07	1.03e-03	6.25e-02	9.36e-01
 6.04072e+22	0.00e+00	8.85e-30	3.08e-24	1.26e-19	1.07e-15	2.21e-12	1.77e-09	8.14e-07	1.11e-03	6.46e-02	9.34e-01
 6.06323e+22	0.00e+00	1.24e-29	4.14e-24	1.63e-19	1.34e-15	2.65e-12	2.05e-09	9.06e-07	1.19e-03	6.68e-02	9.32e-01
 6.08496e+22	0.00e+00	1.67e-29	5.41e-24	2.06e-19	1.63e-15	3.13e-12	2.34e-09	9.98e-07	1.27e-03	6.89e-02	9.30e-01
 6.10613e+22	0.00e+00	2.29e-29	7.15e-24	2.62e-19	2.01e-15	3.72e-12	2.68e-09	1.10e-06	1.35e-03	7.12e-02	9.27e-01
 6.12685e+22	0.00e+00	3.07e-29	9.26e-24	3.29e-19	2.44e-15	4.37e-12	3.04e-09	1.21e-06	1.44e-03	7.33e-02	9.25e-01
 6.15029e+22	0.00e+00	4.50e-29	1.30e-23	4.41e-19	3.14e-15	5.38e-12	3.58e-09	1.37e-06	1.56e-03	7.62e-02	9.22e-01
 6.17414e+22	0.00e+00	6.32e-29	1.75e-23	5.72e-19	3.92e-15	6.47e-12	4.14e-09	1.52e-06	1.67e-03	7.88e-02	9.20e-01
 6.19467e+22	0.00e+00	8.54e-29	2.28e-23	7.22e-19	4.78e-15	7.64e-12	4.72e-09	1.67e-06	1.78e-03	8.12e-02	9.17e-01
 6.21751e+22	0.00e+00	1.25e-28	3.21e-23	9.70e-19	6.15e-15	9.41e-12	5.57e-09	1.89e-06	1.93e-03	8.43e-02	9.14e-01
 6.24049e+22	0.00e+00	1.74e-28	4.28e-23	1.25e-18	7.64e-15	1.13e-11	6.41e-09	2.09e-06	2.06e-03	8.71e-02	9.11e-01
 6.26020e+22	5.32e-35	2.35e-28	5.59e-23	1.57e-18	9.31e-15	1.33e-11	7.29e-09	2.30e-06	2.19e-03	8.97e-02	9.08e-01
 6.28236e+22	8.08e-35	3.42e-28	7.78e-23	2.10e-18	1.19e-14	1.63e-11	8.56e-09	2.59e-06	2.37e-03	9.30e-02	9.05e-01
 6.30523e+22	1.17e-34	4.76e-28	1.04e-22	2.71e-18	1.48e-14	1.95e-11	9.87e-09	2.87e-06	2.54e-03	9.60e-02	9.01e-01
 6.32541e+22	1.68e-34	6.59e-28	1.39e-22	3.47e-18	1.83e-14	2.33e-11	1.13e-08	3.18e-06	2.71e-03	9.91e-02	8.98e-01
 6.34503e+22	2.39e-34	9.04e-28	1.83e-22	4.43e-18	2.25e-14	2.76e-11	1.30e-08	3.51e-06	2.89e-03	1.02e-01	8.95e-01
 6.36429e+22	3.36e-34	1.23e-27	2.40e-22	5.59e-18	2.75e-14	3.26e-11	1.48e-08	3.86e-06	3.07e-03	1.05e-01	8.92e-01
 6.38607e+22	5.14e-34	1.79e-27	3.35e-22	7.48e-18	3.53e-14	4.01e-11	1.74e-08	4.34e-06	3.32e-03	1.09e-01	8.88e-01
 6.40845e+22	7.54e-34	2.52e-27	4.54e-22	9.73e-18	4.42e-14	4.83e-11	2.01e-08	4.83e-06	3.56e-03	1.13e-01	8.84e-01
 6.42805e+22	1.08e-33	3.47e-27	6.01e-22	1.24e-17	5.44e-14	5.74e-11	2.30e-08	5.33e-06	3.79e-03	1.16e-01	8.80e-01
 6.44702e+22	1.53e-33	4.74e-27	7.92e-22	1.58e-17	6.68e-14	6.80e-11	2.63e-08	5.88e-06	4.04e-03	1.19e-01	8.77e-01
 6.46876e+22	2.35e-33	6.98e-27	1.11e-21	2.13e-17	8.61e-14	8.40e-11	3.10e-08	6.62e-06	4.37e-03	1.24e-01	8.72e-01
 6.49110e+22	3.47e-33	9.87e-27	1.51e-21	2.77e-17	1.08e-13	1.01e-10	3.60e-08	7.37e-06	4.68e-03	1.28e-01	8.67e-01
 6.51062e+22	5.00e-33	1.37e-26	2.02e-21	3.56e-17	1.34e-13	1.21e-10	4.13e-08	8.15e-06	4.99e-03	1.32e-01	8.63e-01
 6.53237e+22	7.95e-33	2.07e-26	2.91e-21	4.90e-17	1.76e-13	1.52e-10	4.92e-08	9.26e-06	5.42e-03	1.37e-01	8.58e-01
 6.55413e+22	1.13e-32	2.83e-26	3.83e-21	6.22e-17	2.15e-13	1.80e-10	5.62e-08	1.02e-05	5.77e-03	1.41e-01	8.53e-01
 6.57587e+22	1.79e-32	4.28e-26	5.51e-21	8.54e-17	2.82e-13	2.25e-10	6.70e-08	1.16e-05	6.26e-03	1.46e-01	8.48e-01
 6.59805e+22	2.61e-32	5.99e-26	7.41e-21	1.11e-16	3.52e-13	2.70e-10	7.73e-08	1.28e-05	6.69e-03	1.51e-01	8.43e-01
 6.62080e+22	4.23e-32	9.23e-26	1.09e-20	1.54e-16	4.68e-13	3.41e-10	9.28e-08	1.47e-05	7.28e-03	1.56e-01	8.36e-01
 6.64402e+22	6.45e-32	1.35e-25	1.51e-20	2.06e-16	5.98e-13	4.19e-10	1.09e-07	1.64e-05	7.83e-03	1.62e-01	8.30e-01
 6.66342e+22	9.22e-32	1.85e-25	2.01e-20	2.63e-16	7.37e-13	4.98e-10	1.25e-07	1.81e-05	8.34e-03	1.66e-01	8.25e-01
 6.68151e+22	1.31e-31	2.54e-25	2.65e-20	3.35e-16	9.07e-13	5.91e-10	1.42e-07	2.00e-05	8.86e-03	1.71e-01	8.20e-01
 6.70231e+22	2.05e-31	3.79e-25	3.77e-20	4.54e-16	1.18e-12	7.33e-10	1.68e-07	2.25e-05	9.57e-03	1.77e-01	8.14e-01
 6.72350e+22	3.04e-31	5.38e-25	5.13e-20	5.94e-16	1.48e-12	8.87e-10	1.95e-07	2.51e-05	1.02e-02	1.82e-01	8.08e-01
 6.74033e+22	4.17e-31	7.13e-25	6.57e-20	7.36e-16	1.78e-12	1.03e-09	2.20e-07	2.73e-05	1.08e-02	1.86e-01	8.03e-01
 6.75732e+22	6.03e-31	9.93e-25	8.80e-20	9.49e-16	2.21e-12	1.23e-09	2.53e-07	3.01e-05	1.15e-02	1.92e-01	7.97e-01
 6.77512e+22	8.36e-31	1.33e-24	1.14e-19	1.19e-15	2.67e-12	1.45e-09	2.86e-07	3.29e-05	1.22e-02	1.96e-01	7.91e-01
 6.79017e+22	1.12e-30	1.73e-24	1.43e-19	1.45e-15	3.17e-12	1.67e-09	3.19e-07	3.56e-05	1.28e-02	2.01e-01	7.86e-01
 6.80361e+22	1.50e-30	2.24e-24	1.80e-19	1.77e-15	3.76e-12	1.92e-09	3.55e-07	3.85e-05	1.34e-02	2.05e-01	7.82e-01
 6.81661e+22	1.92e-30	2.79e-24	2.19e-19	2.09e-15	4.34e-12	2.16e-09	3.90e-07	4.11e-05	1.40e-02	2.09e-01	7.77e-01
 6.83141e+22	2.70e-30	3.78e-24	2.86e-19	2.64e-15	5.29e-12	2.54e-09	4.43e-07	4.50e-05	1.48e-02	2.14e-01	7.71e-01
 6.84604e+22	3.58e-30	4.87e-24	3.57e-19	3.20e-15	6.24e-12	2.91e-09	4.92e-07	4.85e-05	1.55e-02	2.18e-01	7.66e-01
 6.85815e+22	4.65e-30	6.15e-24	4.38e-19	3.83e-15	7.27e-12	3.31e-09	5.42e-07	5.20e-05	1.62e-02	2.22e-01	7.62e-01
 6.87158e+22	6.42e-30	8.20e-24	5.65e-19	4.76e-15	8.77e-12	3.86e-09	6.11e-07	5.66e-05	1.71e-02	2.27e-01	7.56e-01
 6.88542e+22	8.39e-30	1.04e-23	6.97e-19	5.72e-15	1.02e-11	4.39e-09	6.75e-07	6.08e-05	1.79e-02	2.32e-01	7.51e-01
 6.89979e+22	1.18e-29	1.41e-23	9.10e-19	7.21e-15	1.25e-11	5.17e-09	7.66e-07	6.65e-05	1.89e-02	2.37e-01	7.44e-01
 6.91370e+22	1.53e-29	1.78e-23	1.12e-18	8.61e-15	1.45e-11	5.86e-09	8.45e-07	7.13e-05	1.97e-02	2.41e-01	7.39e-01
 6.92502e+22	1.98e-29	2.24e-23	1.37e-18	1.03e-14	1.69e-11	6.64e-09	9.29e-07	7.63e-05	2.06e-02	2.45e-01	7.34e-01
 6.93778e+22	2.72e-29	2.98e-23	1.76e-18	1.27e-14	2.03e-11	7.73e-09	1.05e-06	8.29e-05	2.17e-02	2.51e-01	7.28e-01
 6.95072e+22	3.53e-29	3.76e-23	2.15e-18	1.52e-14	2.36e-11	8.76e-09	1.15e-06	8.87e-05	2.26e-02	2.55e-01	7.22e-01
 6.96390e+22	5.01e-29	5.14e-23	2.83e-18	1.93e-14	2.89e-11	1.04e-08	1.31e-06	9.72e-05	2.39e-02	2.61e-01	7.15e-01
 6.97688e+22	6.45e-29	6.43e-23	3.45e-18	2.29e-14	3.35e-11	1.17e-08	1.44e-06	1.04e-04	2.49e-02	2.65e-01	7.10e-01
 6.98959e+22	9.23e-29	8.87e-23	4.58e-18	2.92e-14	4.12e-11	1.39e-08	1.64e-06	1.14e-04	2.64e-02	2.71e-01	7.02e-01
 7.00210e+22	1.18e-28	1.11e-22	5.56e-18	3.46e-14	4.77e-11	1.57e-08	1.80e-06	1.22e-04	2.74e-02	2.76e-01	6.97e-01
 7.01267e+22	1.53e-28	1.39e-22	6.79e-18	4.11e-14	5.52e-11	1.77e-08	1.98e-06	1.30e-04	2.85e-02	2.80e-01	6.91e-01
 7.02306e+22	1.96e-28	1.74e-22	8.27e-18	4.88e-14	6.39e-11	1.99e-08	2.17e-06	1.39e-04	2.97e-02	2.84e-01	6.86e-01
 7.03492e+22	2.70e-28	2.31e-22	1.06e-17	6.05e-14	7.68e-11	2.32e-08	2.44e-06	1.50e-04	3.12e-02	2.90e-01	6.79e-01
 7.04694e+22	3.58e-28	2.97e-22	1.32e-17	7.33e-14	9.04e-11	2.66e-08	2.70e-06	1.62e-04	3.26e-02	2.95e-01	6.72e-01
 7.05720e+22	4.56e-28	3.69e-22	1.60e-17	8.64e-14	1.04e-10	2.99e-08	2.96e-06	1.72e-04	3.39e-02	2.99e-01	6.67e-01
 7.06859e+22	6.46e-28	5.03e-22	2.10e-17	1.09e-13	1.27e-10	3.53e-08	3.36e-06	1.88e-04	3.58e-02	3.06e-01	6.58e-01
 7.08004e+22	8.30e-28	6.30e-22	2.56e-17	1.30e-13	1.47e-10	3.98e-08	3.69e-06	2.01e-04	3.72e-02	3.10e-01	6.53e-01
 7.09159e+22	1.18e-27	8.63e-22	3.37e-17	1.65e-13	1.81e-10	4.71e-08	4.19e-06	2.20e-04	3.93e-02	3.16e-01	6.44e-01
 7.10309e+22	1.53e-27	1.08e-21	4.12e-17	1.96e-13	2.10e-10	5.33e-08	4.61e-06	2.35e-04	4.08e-02	3.21e-01	6.38e-01
 7.11453e+22	2.19e-27	1.50e-21	5.47e-17	2.50e-13	2.58e-10	6.34e-08	5.27e-06	2.57e-04	4.32e-02	3.28e-01	6.29e-01
 7.12596e+22	2.84e-27	1.89e-21	6.70e-17	2.98e-13	3.00e-10	7.18e-08	5.80e-06	2.75e-04	4.49e-02	3.32e-01	6.22e-01
 7.13737e+22	4.11e-27	2.63e-21	8.95e-17	3.83e-13	3.72e-10	8.58e-08	6.64e-06	3.02e-04	4.75e-02	3.39e-01	6.13e-01
 7.14881e+22	5.37e-27	3.34e-21	1.10e-16	4.59e-13	4.34e-10	9.76e-08	7.33e-06	3.23e-04	4.95e-02	3.44e-01	6.06e-01
 7.16029e+22	7.76e-27	4.63e-21	1.47e-16	5.89e-13	5.38e-10	1.16e-07	8.40e-06	3.55e-04	5.23e-02	3.51e-01	5.97e-01
 7.17169e+22	1.03e-26	5.95e-21	1.83e-16	7.12e-13	6.32e-10	1.33e-07	9.32e-06	3.81e-04	5.46e-02	3.56e-01	5.89e-01
 7.18143e+22	1.35e-26	7.61e-21	2.28e-16	8.59e-13	7.43e-10	1.52e-07	1.03e-05	4.09e-04	5.69e-02	3.61e-01	5.82e-01
 7.19253e+22	1.94e-26	1.05e-20	3.02e-16	1.10e-12	9.17e-10	1.82e-07	1.18e-05	4.49e-04	6.01e-02	3.68e-01	5.72e-01
 7.20364e+22	2.57e-26	1.35e-20	3.76e-16	1.33e-12	1.08e-09	2.08e-07	1.31e-05	4.82e-04	6.26e-02	3.73e-01	5.64e-01
 7.21476e+22	3.70e-26	1.87e-20	5.02e-16	1.70e-12	1.34e-09	2.48e-07	1.50e-05	5.30e-04	6.62e-02	3.79e-01	5.54e-01
 7.22609e+22	4.96e-26	2.43e-20	6.31e-16	2.07e-12	1.58e-09	2.86e-07	1.68e-05	5.71e-04	6.91e-02	3.85e-01	5.45e-01
 7.23768e+22	7.27e-26	3.42e-20	8.52e-16	2.69e-12	1.98e-09	3.45e-07	1.94e-05	6.30e-04	7.32e-02	3.92e-01	5.34e-01
 7.24930e+22	9.73e-26	4.45e-20	1.07e-15	3.28e-12	2.35e-09	3.99e-07	2.16e-05	6.80e-04	7.65e-02	3.97e-01	5.26e-01
 7.25933e+22	1.30e-25	5.75e-20	1.34e-15	3.99e-12	2.78e-09	4.59e-07	2.41e-05	7.32e-04	7.98e-02	4.02e-01	5.17e-01
 7.27071e+22	1.88e-25	8.03e-20	1.80e-15	5.14e-12	3.47e-09	5.52e-07	2.78e-05	8.07e-04	8.44e-02	4.09e-01	5.06e-01
 7.28208e+22	2.48e-25	1.03e-19	2.24e-15	6.21e-12	4.08e-09	6.33e-07	3.09e-05	8.67e-04	8.79e-02	4.14e-01	4.97e-01
 7.29344e+22	3.58e-25	1.43e-19	3.00e-15	8.00e-12	5.08e-09	7.61e-07	3.57e-05	9.55e-04	9.29e-02	4.20e-01	4.86e-01
 7.30475e+22	4.66e-25	1.81e-19	3.68e-15	9.57e-12	5.93e-09	8.66e-07	3.94e-05	1.02e-03	9.66e-02	4.25e-01	4.78e-01
 7.31600e+22	6.63e-25	2.48e-19	4.87e-15	1.22e-11	7.32e-09	1.03e-06	4.53e-05	1.12e-03	1.02e-01	4.31e-01	4.66e-01
 7.32748e+22	8.66e-25	3.16e-19	6.03e-15	1.47e-11	8.59e-09	1.18e-06	5.03e-05	1.21e-03	1.06e-01	4.35e-01	4.58e-01
 7.33925e+22	1.24e-24	4.35e-19	7.99e-15	1.87e-11	1.06e-08	1.42e-06	5.78e-05	1.33e-03	1.12e-01	4.41e-01	4.46e-01
 7.35127e+22	1.62e-24	5.54e-19	9.89e-15	2.26e-11	1.25e-08	1.62e-06	6.42e-05	1.42e-03	1.16e-01	4.45e-01	4.37e-01
 7.36362e+22	2.30e-24	7.60e-19	1.31e-14	2.88e-11	1.54e-08	1.94e-06	7.39e-05	1.57e-03	1.23e-01	4.50e-01	4.25e-01
 7.37633e+22	3.04e-24	9.77e-19	1.63e-14	3.49e-11	1.83e-08	2.24e-06	8.25e-05	1.69e-03	1.28e-01	4.55e-01	4.16e-01
 7.38757e+22	3.95e-24	1.24e-18	2.02e-14	4.19e-11	2.14e-08	2.56e-06	9.17e-05	1.81e-03	1.33e-01	4.58e-01	4.07e-01
 7.40025e+22	5.57e-24	1.69e-18	2.65e-14	5.32e-11	2.64e-08	3.05e-06	1.05e-04	1.99e-03	1.40e-01	4.63e-01	3.95e-01
 7.41301e+22	7.13e-24	2.11e-18	3.24e-14	6.33e-11	3.07e-08	3.47e-06	1.16e-04	2.13e-03	1.45e-01	4.66e-01	3.87e-01
 7.42585e+22	9.87e-24	2.83e-18	4.20e-14	7.94e-11	3.74e-08	4.10e-06	1.32e-04	2.32e-03	1.52e-01	4.70e-01	3.75e-01
 7.43915e+22	1.28e-23	3.58e-18	5.18e-14	9.53e-11	4.39e-08	4.69e-06	1.47e-04	2.49e-03	1.58e-01	4.73e-01	3.66e-01
 7.45304e+22	1.79e-23	4.86e-18	6.79e-14	1.21e-10	5.40e-08	5.59e-06	1.69e-04	2.74e-03	1.66e-01	4.77e-01	3.54e-01
 7.46680e+22	2.28e-23	6.05e-18	8.25e-14	1.43e-10	6.26e-08	6.34e-06	1.86e-04	2.92e-03	1.72e-01	4.79e-01	3.46e-01
 7.48041e+22	3.12e-23	8.02e-18	1.06e-13	1.78e-10	7.58e-08	7.46e-06	2.11e-04	3.18e-03	1.80e-01	4.82e-01	3.35e-01
 7.49439e+22	4.01e-23	1.01e-17	1.30e-13	2.13e-10	8.85e-08	8.50e-06	2.34e-04	3.41e-03	1.86e-01	4.84e-01	3.26e-01
 7.50887e+22	5.52e-23	1.35e-17	1.68e-13	2.67e-10	1.08e-07	1.01e-05	2.67e-04	3.73e-03	1.95e-01	4.87e-01	3.14e-01
 7.52355e+22	7.05e-23	1.68e-17	2.05e-13	3.17e-10	1.26e-07	1.14e-05	2.96e-04	3.99e-03	2.02e-01	4.88e-01	3.06e-01
 7.53612e+22	8.84e-23	2.07e-17	2.47e-13	3.73e-10	1.45e-07	1.29e-05	3.24e-04	4.24e-03	2.09e-01	4.89e-01	2.98e-01
 7.55009e+22	1.18e-22	2.69e-17	3.13e-13	4.58e-10	1.73e-07	1.50e-05	3.66e-04	4.60e-03	2.17e-01	4.91e-01	2.87e-01
 7.56407e+22	1.47e-22	3.28e-17	3.73e-13	5.35e-10	1.98e-07	1.68e-05	4.00e-04	4.88e-03	2.24e-01	4.91e-01	2.80e-01
 7.57807e+22	1.95e-22	4.25e-17	4.70e-13	6.56e-10	2.37e-07	1.96e-05	4.51e-04	5.29e-03	2.33e-01	4.92e-01	2.70e-01
 7.59222e+22	2.41e-22	5.14e-17	5.58e-13	7.61e-10	2.70e-07	2.18e-05	4.91e-04	5.60e-03	2.40e-01	4.92e-01	2.62e-01
 7.60656e+22	3.18e-22	6.64e-17	7.02e-13	9.31e-10	3.22e-07	2.54e-05	5.52e-04	6.05e-03	2.49e-01	4.92e-01	2.52e-01
 7.62115e+22	3.94e-22	8.05e-17	8.35e-13	1.08e-09	3.67e-07	2.84e-05	6.02e-04	6.41e-03	2.56e-01	4.92e-01	2.45e-01
 7.63403e+22	4.85e-22	9.75e-17	9.92e-13	1.26e-09	4.19e-07	3.17e-05	6.57e-04	6.80e-03	2.64e-01	4.91e-01	2.38e-01
 7.64681e+22	5.97e-22	1.18e-16	1.17e-12	1.46e-09	4.77e-07	3.54e-05	7.16e-04	7.20e-03	2.71e-01	4.90e-01	2.31e-01
 7.66150e+22	7.76e-22	1.50e-16	1.46e-12	1.76e-09	5.63e-07	4.07e-05	7.99e-04	7.74e-03	2.80e-01	4.89e-01	2.22e-01
 7.67628e+22	9.51e-22	1.80e-16	1.72e-12	2.04e-09	6.40e-07	4.53e-05	8.70e-04	8.18e-03	2.88e-01	4.88e-01	2.15e-01
 7.69120e+22	1.23e-21	2.29e-16	2.14e-12	2.47e-09	7.55e-07	5.21e-05	9.70e-04	8.80e-03	2.98e-01	4.86e-01	2.07e-01
 7.70629e+22	1.50e-21	2.74e-16	2.51e-12	2.84e-09	8.54e-07	5.78e-05	1.05e-03	9.28e-03	3.05e-01	4.84e-01	2.00e-01
 7.72158e+22	1.95e-21	3.48e-16	3.11e-12	3.43e-09	1.01e-06	6.64e-05	1.17e-03	9.97e-03	3.15e-01	4.82e-01	1.92e-01
 7.73719e+22	2.38e-21	4.18e-16	3.67e-12	3.96e-09	1.14e-06	7.38e-05	1.27e-03	1.05e-02	3.23e-01	4.79e-01	1.86e-01
 7.75321e+22	3.09e-21	5.31e-16	4.55e-12	4.78e-09	1.35e-06	8.48e-05	1.42e-03	1.13e-02	3.34e-01	4.76e-01	1.77e-01
 7.76959e+22	3.80e-21	6.41e-16	5.39e-12	5.54e-09	1.53e-06	9.45e-05	1.54e-03	1.19e-02	3.42e-01	4.73e-01	1.71e-01
 7.78642e+22	4.94e-21	8.15e-16	6.69e-12	6.70e-09	1.80e-06	1.09e-04	1.72e-03	1.28e-02	3.52e-01	4.70e-01	1.63e-01
 7.80379e+22	6.13e-21	9.93e-16	8.00e-12	7.83e-09	2.07e-06	1.22e-04	1.87e-03	1.36e-02	3.61e-01	4.66e-01	1.57e-01
 7.81880e+22	7.42e-21	1.18e-15	9.36e-12	8.98e-09	2.33e-06	1.34e-04	2.02e-03	1.42e-02	3.69e-01	4.63e-01	1.52e-01
 7.83526e+22	9.53e-21	1.49e-15	1.15e-11	1.08e-08	2.73e-06	1.53e-04	2.24e-03	1.52e-02	3.79e-01	4.58e-01	1.45e-01
 7.85195e+22	1.16e-20	1.78e-15	1.35e-11	1.24e-08	3.08e-06	1.70e-04	2.42e-03	1.60e-02	3.87e-01	4.55e-01	1.39e-01
 7.86893e+22	1.47e-20	2.22e-15	1.65e-11	1.47e-08	3.57e-06	1.92e-04	2.67e-03	1.70e-02	3.97e-01	4.50e-01	1.33e-01
 7.88688e+22	1.84e-20	2.72e-15	1.98e-11	1.72e-08	4.10e-06	2.15e-04	2.91e-03	1.80e-02	4.07e-01	4.45e-01	1.27e-01
 7.90336e+22	2.26e-20	3.28e-15	2.34e-11	2.00e-08	4.66e-06	2.39e-04	3.16e-03	1.90e-02	4.15e-01	4.40e-01	1.22e-01
 7.92208e+22	2.92e-20	4.15e-15	2.90e-11	2.40e-08	5.46e-06	2.73e-04	3.49e-03	2.02e-02	4.26e-01	4.34e-01	1.16e-01
 7.94189e+22	3.71e-20	5.16e-15	3.52e-11	2.85e-08	6.32e-06	3.09e-04	3.83e-03	2.15e-02	4.35e-01	4.28e-01	1.10e-01
 7.96024e+22	4.63e-20	6.33e-15	4.23e-11	3.34e-08	7.25e-06	3.46e-04	4.18e-03	2.27e-02	4.45e-01	4.23e-01	1.05e-01
 7.97815e+22	5.74e-20	7.70e-15	5.04e-11	3.89e-08	8.27e-06	3.85e-04	4.53e-03	2.39e-02	4.53e-01	4.17e-01	1.01e-01
 7.99842e+22	7.54e-20	9.88e-15	6.31e-11	4.73e-08	9.79e-06	4.43e-04	5.04e-03	2.56e-02	4.64e-01	4.10e-01	9.48e-02
 8.01878e+22	9.36e-20	1.20e-14	7.53e-11	5.52e-08	1.12e-05	4.94e-04	5.47e-03	2.69e-02	4.73e-01	4.04e-01	9.04e-02
 8.03926e+22	1.23e-19	1.54e-14	9.41e-11	6.71e-08	1.32e-05	5.67e-04	6.08e-03	2.87e-02	4.84e-01	3.96e-01	8.49e-02
 8.05997e+22	1.52e-19	1.88e-14	1.12e-10	7.83e-08	1.51e-05	6.32e-04	6.59e-03	3.02e-02	4.92e-01	3.89e-01	8.08e-02
 8.08097e+22	2.00e-19	2.41e-14	1.41e-10	9.52e-08	1.78e-05	7.27e-04	7.33e-03	3.23e-02	5.03e-01	3.81e-01	7.57e-02
 8.10224e+22	2.49e-19	2.95e-14	1.69e-10	1.11e-07	2.04e-05	8.11e-04	7.96e-03	3.40e-02	5.11e-01	3.74e-01	7.18e-02
 8.12387e+22	3.27e-19	3.80e-14	2.12e-10	1.36e-07	2.43e-05	9.36e-04	8.86e-03	3.63e-02	5.22e-01	3.65e-01	6.69e-02
 8.14570e+22	4.07e-19	4.64e-14	2.54e-10	1.59e-07	2.77e-05	1.04e-03	9.62e-03	3.82e-02	5.30e-01	3.57e-01	6.33e-02
 8.16780e+22	5.35e-19	5.98e-14	3.19e-10	1.94e-07	3.30e-05	1.21e-03	1.07e-02	4.09e-02	5.41e-01	3.47e-01	5.87e-02
 8.19000e+22	6.63e-19	7.28e-14	3.81e-10	2.27e-07	3.77e-05	1.35e-03	1.16e-02	4.29e-02	5.48e-01	3.40e-01	5.55e-02
 8.21235e+22	8.65e-19	9.33e-14	4.79e-10	2.77e-07	4.49e-05	1.56e-03	1.30e-02	4.60e-02	5.59e-01	3.30e-01	5.12e-02
 8.23494e+22	1.07e-18	1.14e-13	5.72e-10	3.24e-07	5.13e-05	1.74e-03	1.41e-02	4.83e-02	5.66e-01	3.22e-01	4.82e-02
 8.25786e+22	1.39e-18	1.45e-13	7.18e-10	3.95e-07	6.12e-05	2.01e-03	1.58e-02	5.17e-02	5.75e-01	3.11e-01	4.43e-02
 8.28113e+22	1.72e-18	1.77e-13	8.59e-10	4.63e-07	7.01e-05	2.25e-03	1.71e-02	5.43e-02	5.82e-01	3.03e-01	4.15e-02
 8.30070e+22	2.07e-18	2.11e-13	1.01e-09	5.32e-07	7.92e-05	2.49e-03	1.85e-02	5.69e-02	5.88e-01	2.95e-01	3.90e-02
 8.32198e+22	2.59e-18	2.62e-13	1.23e-09	6.37e-07	9.28e-05	2.85e-03	2.04e-02	6.05e-02	5.96e-01	2.85e-01	3.58e-02
 8.34313e+22	3.08e-18	3.08e-13	1.44e-09	7.28e-07	1.04e-04	3.14e-03	2.20e-02	6.32e-02	6.01e-01	2.77e-01	3.37e-02
 8.36409e+22	3.80e-18	3.78e-13	1.74e-09	8.65e-07	1.22e-04	3.58e-03	2.43e-02	6.71e-02	6.07e-01	2.67e-01	3.09e-02
 8.38535e+22	4.51e-18	4.45e-13	2.02e-09	9.90e-07	1.37e-04	3.95e-03	2.61e-02	7.02e-02	6.12e-01	2.59e-01	2.89e-02
 8.40698e+22	5.51e-18	5.42e-13	2.45e-09	1.17e-06	1.60e-04	4.51e-03	2.89e-02	7.45e-02	6.18e-01	2.48e-01	2.63e-02
 8.42898e+22	6.49e-18	6.36e-13	2.85e-09	1.35e-06	1.80e-04	4.99e-03	3.11e-02	7.80e-02	6.21e-01	2.40e-01	2.45e-02
 8.45145e+22	7.89e-18	7.75e-13	3.44e-09	1.60e-06	2.11e-04	5.69e-03	3.44e-02	8.28e-02	6.26e-01	2.29e-01	2.22e-02
 8.47450e+22	9.20e-18	9.04e-13	4.00e-09	1.83e-06	2.39e-04	6.33e-03	3.72e-02	8.68e-02	6.29e-01	2.20e-01	2.04e-02
 8.49830e+22	1.11e-17	1.10e-12	4.84e-09	2.18e-06	2.80e-04	7.26e-03	4.12e-02	9.24e-02	6.31e-01	2.09e-01	1.83e-02
 8.52250e+22	1.28e-17	1.27e-12	5.61e-09	2.50e-06	3.18e-04	8.08e-03	4.46e-02	9.69e-02	6.33e-01	2.00e-01	1.68e-02
 8.54695e+22	1.50e-17	1.52e-12	6.72e-09	2.97e-06	3.72e-04	9.25e-03	4.94e-02	1.03e-01	6.34e-01	1.89e-01	1.49e-02
 8.57159e+22	1.70e-17	1.74e-12	7.74e-09	3.39e-06	4.20e-04	1.03e-02	5.34e-02	1.08e-01	6.34e-01	1.80e-01	1.36e-02
 8.59566e+22	1.94e-17	2.03e-12	9.11e-09	3.96e-06	4.86e-04	1.16e-02	5.86e-02	1.14e-01	6.33e-01	1.70e-01	1.21e-02
 8.61999e+22	2.16e-17	2.30e-12	1.04e-08	4.50e-06	5.49e-04	1.29e-02	6.32e-02	1.20e-01	6.31e-01	1.61e-01	1.10e-02
 8.64110e+22	2.36e-17	2.56e-12	1.17e-08	5.04e-06	6.11e-04	1.42e-02	6.75e-02	1.24e-01	6.29e-01	1.54e-01	1.00e-02
 8.66356e+22	2.61e-17	2.90e-12	1.35e-08	5.80e-06	6.98e-04	1.58e-02	7.33e-02	1.31e-01	6.26e-01	1.45e-01	8.92e-03
 8.68621e+22	2.82e-17	3.21e-12	1.51e-08	6.49e-06	7.76e-04	1.73e-02	7.81e-02	1.36e-01	6.22e-01	1.38e-01	8.12e-03
 8.70637e+22	3.02e-17	3.53e-12	1.69e-08	7.24e-06	8.60e-04	1.89e-02	8.31e-02	1.41e-01	6.18e-01	1.31e-01	7.39e-03
 8.72883e+22	3.26e-17	3.95e-12	1.93e-08	8.27e-06	9.77e-04	2.10e-02	8.96e-02	1.47e-01	6.12e-01	1.23e-01	6.56e-03
 8.75105e+22	3.48e-17	4.33e-12	2.15e-08	9.20e-06	1.08e-03	2.28e-02	9.48e-02	1.52e-01	6.06e-01	1.17e-01	5.98e-03
 8.77360e+22	3.73e-17	4.83e-12	2.46e-08	1.05e-05	1.23e-03	2.54e-02	1.02e-01	1.59e-01	5.98e-01	1.09e-01	5.28e-03
 8.79613e+22	3.97e-17	5.29e-12	2.74e-08	1.17e-05	1.35e-03	2.75e-02	1.07e-01	1.64e-01	5.92e-01	1.03e-01	4.80e-03
 8.81866e+22	4.24e-17	5.90e-12	3.13e-08	1.34e-05	1.53e-03	3.04e-02	1.15e-01	1.70e-01	5.82e-01	9.62e-02	4.24e-03
 8.84130e+22	4.50e-17	6.46e-12	3.49e-08	1.50e-05	1.69e-03	3.28e-02	1.21e-01	1.75e-01	5.75e-01	9.10e-02	3.84e-03
 8.86409e+22	4.80e-17	7.21e-12	4.00e-08	1.72e-05	1.92e-03	3.63e-02	1.29e-01	1.82e-01	5.64e-01	8.44e-02	3.38e-03
 8.88705e+22	5.10e-17	7.92e-12	4.48e-08	1.92e-05	2.12e-03	3.91e-02	1.35e-01	1.86e-01	5.55e-01	7.97e-02	3.06e-03
 8.91022e+22	5.48e-17	8.91e-12	5.17e-08	2.22e-05	2.40e-03	4.31e-02	1.43e-01	1.92e-01	5.42e-01	7.37e-02	2.68e-03
 8.93369e+22	5.84e-17	9.83e-12	5.82e-08	2.49e-05	2.66e-03	4.65e-02	1.50e-01	1.97e-01	5.32e-01	6.93e-02	2.41e-03
 8.95756e+22	6.30e-17	1.11e-11	6.78e-08	2.89e-05	3.03e-03	5.13e-02	1.59e-01	2.03e-01	5.18e-01	6.38e-02	2.10e-03
 8.98180e+22	6.79e-17	1.24e-11	7.70e-08	3.27e-05	3.36e-03	5.53e-02	1.66e-01	2.07e-01	5.07e-01	5.97e-02	1.88e-03
 9.00653e+22	7.39e-17	1.42e-11	9.06e-08	3.83e-05	3.84e-03	6.10e-02	1.75e-01	2.12e-01	4.91e-01	5.46e-02	1.63e-03
 9.03180e+22	8.09e-17	1.61e-11	1.04e-07	4.36e-05	4.27e-03	6.58e-02	1.83e-01	2.16e-01	4.79e-01	5.09e-02	1.45e-03
 9.05777e+22	8.97e-17	1.88e-11	1.24e-07	5.16e-05	4.91e-03	7.26e-02	1.93e-01	2.21e-01	4.61e-01	4.62e-02	1.24e-03
 9.08395e+22	9.92e-17	2.14e-11	1.44e-07	5.90e-05	5.47e-03	7.83e-02	2.00e-01	2.24e-01	4.48e-01	4.29e-02	1.10e-03
 9.10617e+22	1.09e-16	2.42e-11	1.65e-07	6.69e-05	6.05e-03	8.39e-02	2.07e-01	2.27e-01	4.35e-01	3.99e-02	9.82e-04
 9.13084e+22	1.23e-16	2.85e-11	1.97e-07	7.88e-05	6.89e-03	9.16e-02	2.16e-01	2.30e-01	4.18e-01	3.63e-02	8.45e-04
 9.15449e+22	1.35e-16	3.21e-11	2.23e-07	8.83e-05	7.53e-03	9.73e-02	2.23e-01	2.32e-01	4.06e-01	3.39e-02	7.62e-04
 9.17681e+22	1.52e-16	3.74e-11	2.63e-07	1.02e-04	8.46e-03	1.05e-01	2.31e-01	2.34e-01	3.90e-01	3.10e-02	6.64e-04
 9.19943e+22	1.69e-16	4.25e-11	3.01e-07	1.15e-04	9.26e-03	1.12e-01	2.37e-01	2.35e-01	3.78e-01	2.89e-02	5.95e-04
 9.22245e+22	1.93e-16	5.00e-11	3.57e-07	1.34e-04	1.04e-02	1.20e-01	2.45e-01	2.36e-01	3.61e-01	2.63e-02	5.14e-04
 9.24560e+22	2.18e-16	5.74e-11	4.10e-07	1.51e-04	1.14e-02	1.28e-01	2.51e-01	2.36e-01	3.49e-01	2.44e-02	4.60e-04
 9.25639e+22	2.20e-16	5.82e-11	4.17e-07	1.54e-04	1.15e-02	1.28e-01	2.52e-01	2.36e-01	3.47e-01	2.42e-02	4.53e-04
