#depth	C	C+	C+2	C+3	C+4	C+5	C+6	C[1]	C[2]	C[3]	C+[1]	C+[2]	CO
 4.62852e+21	0.00e+00	0.00e+00	7.40e-28	2.83e-20	1.18e-12	2.04e-06	1.00e+00	0.00e+00	0.00e+00	0.00e+00	0.00e+00	0.00e+00	9.10e-175
 1.05187e+22	0.00e+00	0.00e+00	3.16e-27	8.42e-20	2.45e-12	2.94e-06	1.00e+00	0.00e+00	0.00e+00	0.00e+00	0.00e+00	0.00e+00	6.17e-175
 1.26096e+22	0.00e+00	0.00e+00	8.18e-27	1.72e-19	3.93e-12	3.72e-06	1.00e+00	0.00e+00	0.00e+00	0.00e+00	0.00e+00	0.00e+00	1.75e-175
 1.41024e+22	0.00e+00	0.00e+00	1.75e-26	3.04e-19	5.75e-12	4.50e-06	1.00e+00	0.00e+00	0.00e+00	0.00e+00	0.00e+00	0.00e+00	2.11e-175
 1.53454e+22	0.00e+00	0.00e+00	3.39e-26	4.99e-19	8.01e-12	5.31e-06	1.00e+00	0.00e+00	0.00e+00	0.00e+00	0.00e+00	0.00e+00	2.49e-175
 1.62277e+22	0.00e+00	0.00e+00	4.70e-26	6.39e-19	9.44e-12	5.76e-06	1.00e+00	0.00e+00	0.00e+00	0.00e+00	0.00e+00	0.00e+00	2.70e-175
 1.69238e+22	0.00e+00	0.00e+00	7.51e-26	9.07e-19	1.19e-11	6.48e-06	1.00e+00	0.00e+00	0.00e+00	0.00e+00	0.00e+00	0.00e+00	3.03e-175
 1.76240e+22	0.00e+00	0.00e+00	1.05e-25	1.16e-18	1.41e-11	7.04e-06	1.00e+00	0.00e+00	0.00e+00	0.00e+00	0.00e+00	0.00e+00	1.88e-177
 1.83292e+22	0.00e+00	0.00e+00	1.68e-25	1.66e-18	1.78e-11	7.92e-06	1.00e+00	0.00e+00	0.00e+00	0.00e+00	0.00e+00	0.00e+00	2.08e-177
 1.90344e+22	0.00e+00	0.00e+00	2.34e-25	2.13e-18	2.10e-11	8.60e-06	1.00e+00	0.00e+00	0.00e+00	0.00e+00	0.00e+00	0.00e+00	2.25e-177
 1.97393e+22	0.00e+00	0.00e+00	3.76e-25	3.04e-18	2.67e-11	9.68e-06	1.00e+00	0.00e+00	0.00e+00	0.00e+00	0.00e+00	0.00e+00	2.53e-177
 2.04449e+22	0.00e+00	0.00e+00	5.23e-25	3.90e-18	3.15e-11	1.05e-05	1.00e+00	0.00e+00	0.00e+00	0.00e+00	0.00e+00	0.00e+00	2.75e-177
 2.11514e+22	0.00e+00	1.07e-32	8.41e-25	5.57e-18	3.99e-11	1.18e-05	1.00e+00	0.00e+00	0.00e+00	0.00e+00	0.00e+00	0.00e+00	6.44e-178
 2.18585e+22	0.00e+00	1.62e-32	1.17e-24	7.15e-18	4.71e-11	1.29e-05	1.00e+00	0.00e+00	0.00e+00	0.00e+00	0.00e+00	0.00e+00	6.76e-178
 2.25662e+22	0.00e+00	2.93e-32	1.88e-24	1.02e-17	5.98e-11	1.45e-05	1.00e+00	0.00e+00	0.00e+00	0.00e+00	0.00e+00	0.00e+00	6.83e-178
 2.32744e+22	0.00e+00	4.43e-32	2.63e-24	1.31e-17	7.06e-11	1.57e-05	1.00e+00	0.00e+00	0.00e+00	0.00e+00	0.00e+00	0.00e+00	7.42e-178
 2.39834e+22	0.00e+00	8.02e-32	4.22e-24	1.88e-17	8.95e-11	1.77e-05	1.00e+00	0.00e+00	0.00e+00	0.00e+00	0.00e+00	0.00e+00	8.32e-178
 2.46929e+22	0.00e+00	1.22e-31	5.89e-24	2.41e-17	1.06e-10	1.92e-05	1.00e+00	0.00e+00	0.00e+00	0.00e+00	0.00e+00	0.00e+00	9.03e-178
 2.54031e+22	0.00e+00	2.11e-31	9.11e-24	3.45e-17	1.34e-10	2.16e-05	1.00e+00	0.00e+00	0.00e+00	0.00e+00	0.00e+00	0.00e+00	2.25e-140
 2.61140e+22	0.00e+00	3.20e-31	1.27e-23	4.43e-17	1.58e-10	2.35e-05	1.00e+00	0.00e+00	0.00e+00	0.00e+00	0.00e+00	0.00e+00	2.77e-132
 2.68256e+22	0.00e+00	5.80e-31	2.05e-23	6.35e-17	2.01e-10	2.64e-05	1.00e+00	0.00e+00	0.00e+00	0.00e+00	0.00e+00	0.00e+00	3.43e-132
 2.75379e+22	0.00e+00	8.80e-31	2.86e-23	8.15e-17	2.38e-10	2.87e-05	1.00e+00	0.00e+00	0.00e+00	0.00e+00	0.00e+00	0.00e+00	1.04e-130
 2.82509e+22	0.00e+00	1.59e-30	4.61e-23	1.17e-16	3.02e-10	3.23e-05	1.00e+00	0.00e+00	0.00e+00	0.00e+00	0.00e+00	0.00e+00	1.31e-130
 2.89634e+22	0.00e+00	2.41e-30	6.43e-23	1.50e-16	3.57e-10	3.51e-05	1.00e+00	0.00e+00	0.00e+00	0.00e+00	0.00e+00	0.00e+00	3.77e-129
 2.96750e+22	0.00e+00	4.36e-30	1.03e-22	2.15e-16	4.53e-10	3.95e-05	1.00e+00	0.00e+00	0.00e+00	0.00e+00	0.00e+00	0.00e+00	4.63e-129
 3.02932e+22	0.00e+00	5.89e-30	1.32e-22	2.58e-16	5.10e-10	4.19e-05	1.00e+00	0.00e+00	0.00e+00	0.00e+00	0.00e+00	0.00e+00	1.00e-127
 3.07901e+22	0.00e+00	8.65e-30	1.79e-22	3.26e-16	5.96e-10	4.52e-05	1.00e+00	0.00e+00	0.00e+00	0.00e+00	0.00e+00	0.00e+00	1.17e-127
 3.13166e+22	0.00e+00	1.23e-29	2.38e-22	4.03e-16	6.86e-10	4.85e-05	1.00e+00	0.00e+00	0.00e+00	0.00e+00	0.00e+00	0.00e+00	1.34e-127
 3.18009e+22	0.00e+00	1.72e-29	3.12e-22	4.96e-16	7.87e-10	5.19e-05	1.00e+00	0.00e+00	0.00e+00	0.00e+00	0.00e+00	0.00e+00	1.53e-127
 3.23496e+22	0.00e+00	2.71e-29	4.49e-22	6.52e-16	9.43e-10	5.67e-05	1.00e+00	0.00e+00	0.00e+00	0.00e+00	0.00e+00	0.00e+00	2.40e-126
 3.28878e+22	0.00e+00	3.67e-29	5.72e-22	7.84e-16	1.07e-09	6.02e-05	1.00e+00	0.00e+00	0.00e+00	0.00e+00	0.00e+00	0.00e+00	1.10e-125
 3.34121e+22	0.00e+00	5.54e-29	7.98e-22	1.01e-15	1.26e-09	6.53e-05	1.00e+00	0.00e+00	0.00e+00	0.00e+00	0.00e+00	0.00e+00	1.28e-125
 3.39492e+22	0.00e+00	7.85e-29	1.06e-21	1.25e-15	1.45e-09	7.00e-05	1.00e+00	0.00e+00	0.00e+00	0.00e+00	0.00e+00	0.00e+00	1.43e-125
 3.44257e+22	0.00e+00	1.10e-28	1.38e-21	1.53e-15	1.66e-09	7.48e-05	1.00e+00	0.00e+00	0.00e+00	0.00e+00	0.00e+00	0.00e+00	1.66e-125
 3.49679e+22	0.00e+00	1.71e-28	1.98e-21	2.00e-15	1.98e-09	8.17e-05	1.00e+00	0.00e+00	0.00e+00	0.00e+00	0.00e+00	0.00e+00	1.89e-125
 3.55038e+22	0.00e+00	2.31e-28	2.52e-21	2.41e-15	2.24e-09	8.67e-05	1.00e+00	0.00e+00	0.00e+00	0.00e+00	0.00e+00	0.00e+00	2.12e-125
 3.60313e+22	0.00e+00	3.50e-28	3.52e-21	3.11e-15	2.65e-09	9.41e-05	1.00e+00	0.00e+00	0.00e+00	0.00e+00	0.00e+00	0.00e+00	2.48e-125
 3.65765e+22	0.00e+00	5.00e-28	4.69e-21	3.86e-15	3.06e-09	1.01e-04	1.00e+00	0.00e+00	0.00e+00	0.00e+00	0.00e+00	0.00e+00	5.28e-121
 3.70128e+22	0.00e+00	6.56e-28	5.84e-21	4.56e-15	3.41e-09	1.07e-04	1.00e+00	0.00e+00	0.00e+00	0.00e+00	0.00e+00	0.00e+00	5.49e-121
 3.74479e+22	0.00e+00	9.22e-28	7.69e-21	5.63e-15	3.92e-09	1.14e-04	1.00e+00	0.00e+00	0.00e+00	0.00e+00	0.00e+00	0.00e+00	6.67e-121
 3.78916e+22	0.00e+00	1.22e-27	9.63e-21	6.68e-15	4.39e-09	1.20e-04	1.00e+00	0.00e+00	0.00e+00	0.00e+00	0.00e+00	0.00e+00	6.92e-121
 3.83462e+22	0.00e+00	1.74e-27	1.28e-20	8.31e-15	5.07e-09	1.29e-04	1.00e+00	0.00e+00	0.00e+00	0.00e+00	0.00e+00	0.00e+00	8.15e-121
 3.88054e+22	0.00e+00	2.32e-27	1.62e-20	9.90e-15	5.69e-09	1.37e-04	1.00e+00	0.00e+00	0.00e+00	0.00e+00	0.00e+00	0.00e+00	9.38e-121
 3.92032e+22	0.00e+00	3.05e-27	2.02e-20	1.17e-14	6.36e-09	1.44e-04	1.00e+00	0.00e+00	0.00e+00	0.00e+00	0.00e+00	0.00e+00	1.08e-120
 3.96527e+22	0.00e+00	4.33e-27	2.68e-20	1.46e-14	7.34e-09	1.54e-04	1.00e+00	0.00e+00	0.00e+00	0.00e+00	0.00e+00	0.00e+00	1.19e-120
 4.01086e+22	0.00e+00	5.76e-27	3.38e-20	1.74e-14	8.23e-09	1.63e-04	1.00e+00	0.00e+00	0.00e+00	0.00e+00	0.00e+00	0.00e+00	1.25e-120
 4.05729e+22	0.00e+00	8.27e-27	4.53e-20	2.17e-14	9.54e-09	1.75e-04	1.00e+00	0.00e+00	0.00e+00	0.00e+00	0.00e+00	0.00e+00	1.55e-120
 4.09993e+22	0.00e+00	1.06e-26	5.52e-20	2.53e-14	1.05e-08	1.84e-04	1.00e+00	0.00e+00	0.00e+00	0.00e+00	0.00e+00	0.00e+00	8.38e-97
 4.13203e+22	0.00e+00	1.33e-26	6.63e-20	2.90e-14	1.16e-08	1.93e-04	1.00e+00	0.00e+00	0.00e+00	0.00e+00	0.00e+00	0.00e+00	3.02e-96
 4.16814e+22	0.00e+00	1.74e-26	8.24e-20	3.43e-14	1.29e-08	2.03e-04	1.00e+00	0.00e+00	0.00e+00	0.00e+00	0.00e+00	0.00e+00	4.99e-96
 4.20707e+22	0.00e+00	2.24e-26	1.01e-19	4.02e-14	1.43e-08	2.13e-04	1.00e+00	0.00e+00	0.00e+00	0.00e+00	0.00e+00	0.00e+00	1.10e-95
 4.24255e+22	0.00e+00	2.87e-26	1.24e-19	4.68e-14	1.58e-08	2.24e-04	1.00e+00	0.00e+00	0.00e+00	0.00e+00	0.00e+00	0.00e+00	2.12e-95
 4.27603e+22	0.00e+00	3.62e-26	1.49e-19	5.40e-14	1.74e-08	2.34e-04	1.00e+00	0.00e+00	0.00e+00	0.00e+00	0.00e+00	0.00e+00	1.96e-95
 4.31408e+22	0.00e+00	4.78e-26	1.87e-19	6.43e-14	1.95e-08	2.47e-04	1.00e+00	0.00e+00	0.00e+00	0.00e+00	0.00e+00	0.00e+00	1.25e-94
 4.35440e+22	0.00e+00	6.26e-26	2.33e-19	7.58e-14	2.17e-08	2.61e-04	1.00e+00	0.00e+00	0.00e+00	0.00e+00	0.00e+00	0.00e+00	3.19e-94
 4.38955e+22	0.00e+00	7.95e-26	2.82e-19	8.79e-14	2.39e-08	2.74e-04	1.00e+00	0.00e+00	0.00e+00	0.00e+00	0.00e+00	0.00e+00	7.14e-94
 4.42712e+22	0.00e+00	1.05e-25	3.54e-19	1.05e-13	2.69e-08	2.89e-04	1.00e+00	0.00e+00	0.00e+00	0.00e+00	0.00e+00	0.00e+00	1.14e-93
 4.46353e+22	2.52e-34	1.33e-25	4.27e-19	1.21e-13	2.95e-08	3.02e-04	1.00e+00	0.00e+00	0.00e+00	0.00e+00	0.00e+00	0.00e+00	2.46e-93
 4.49216e+22	3.17e-34	1.61e-25	4.99e-19	1.36e-13	3.19e-08	3.14e-04	1.00e+00	0.00e+00	0.00e+00	0.00e+00	0.00e+00	0.00e+00	4.16e-93
 4.52310e+22	4.16e-34	2.02e-25	6.00e-19	1.57e-13	3.50e-08	3.28e-04	1.00e+00	0.00e+00	0.00e+00	0.00e+00	0.00e+00	0.00e+00	1.12e-92
 4.55692e+22	5.42e-34	2.52e-25	7.19e-19	1.80e-13	3.84e-08	3.43e-04	1.00e+00	0.00e+00	0.00e+00	0.00e+00	0.00e+00	0.00e+00	2.04e-92
 4.58819e+22	6.97e-34	3.12e-25	8.53e-19	2.05e-13	4.18e-08	3.58e-04	1.00e+00	0.00e+00	0.00e+00	0.00e+00	0.00e+00	0.00e+00	3.28e-92
 4.61772e+22	8.89e-34	3.82e-25	1.01e-18	2.33e-13	4.55e-08	3.72e-04	1.00e+00	0.00e+00	0.00e+00	0.00e+00	0.00e+00	0.00e+00	4.10e-92
 4.65130e+22	1.19e-33	4.89e-25	1.23e-18	2.72e-13	5.03e-08	3.91e-04	1.00e+00	0.00e+00	0.00e+00	0.00e+00	0.00e+00	0.00e+00	2.47e-92
 4.68650e+22	1.57e-33	6.17e-25	1.49e-18	3.14e-13	5.53e-08	4.09e-04	1.00e+00	0.00e+00	0.00e+00	0.00e+00	0.00e+00	0.00e+00	1.62e-91
 4.71723e+22	2.02e-33	7.62e-25	1.76e-18	3.57e-13	6.03e-08	4.26e-04	1.00e+00	0.00e+00	0.00e+00	0.00e+00	0.00e+00	0.00e+00	4.06e-91
 4.74409e+22	2.51e-33	9.14e-25	2.04e-18	4.00e-13	6.49e-08	4.42e-04	1.00e+00	0.00e+00	0.00e+00	0.00e+00	0.00e+00	0.00e+00	6.97e-91
 4.76877e+22	3.07e-33	1.08e-24	2.34e-18	4.44e-13	6.95e-08	4.57e-04	1.00e+00	0.00e+00	0.00e+00	0.00e+00	0.00e+00	0.00e+00	1.01e-90
 4.79712e+22	3.90e-33	1.32e-24	2.76e-18	5.04e-13	7.56e-08	4.75e-04	1.00e+00	0.00e+00	0.00e+00	0.00e+00	0.00e+00	0.00e+00	2.00e-90
 4.82779e+22	4.97e-33	1.62e-24	3.25e-18	5.71e-13	8.21e-08	4.95e-04	1.00e+00	0.00e+00	0.00e+00	0.00e+00	0.00e+00	0.00e+00	3.73e-90
 4.85581e+22	6.25e-33	1.97e-24	3.79e-18	6.43e-13	8.87e-08	5.14e-04	9.99e-01	0.00e+00	0.00e+00	0.00e+00	0.00e+00	0.00e+00	8.84e-90
 4.88236e+22	7.80e-33	2.37e-24	4.41e-18	7.22e-13	9.58e-08	5.33e-04	9.99e-01	0.00e+00	0.00e+00	0.00e+00	0.00e+00	0.00e+00	1.05e-89
 4.90851e+22	9.67e-33	2.83e-24	5.10e-18	8.07e-13	1.03e-07	5.52e-04	9.99e-01	0.00e+00	0.00e+00	0.00e+00	0.00e+00	0.00e+00	1.01e-89
 4.93838e+22	1.25e-32	3.52e-24	6.09e-18	9.24e-13	1.13e-07	5.76e-04	9.99e-01	0.00e+00	0.00e+00	0.00e+00	0.00e+00	0.00e+00	3.75e-89
 4.96962e+22	1.60e-32	4.33e-24	7.19e-18	1.05e-12	1.23e-07	6.00e-04	9.99e-01	0.00e+00	0.00e+00	0.00e+00	0.00e+00	0.00e+00	5.87e-89
 4.99669e+22	2.00e-32	5.21e-24	8.35e-18	1.18e-12	1.32e-07	6.23e-04	9.99e-01	0.00e+00	0.00e+00	0.00e+00	0.00e+00	0.00e+00	1.29e-88
 5.02063e+22	2.43e-32	6.13e-24	9.52e-18	1.30e-12	1.41e-07	6.43e-04	9.99e-01	0.00e+00	0.00e+00	0.00e+00	0.00e+00	0.00e+00	2.64e-88
 5.04643e+22	3.03e-32	7.39e-24	1.11e-17	1.46e-12	1.53e-07	6.67e-04	9.99e-01	0.00e+00	0.00e+00	0.00e+00	0.00e+00	0.00e+00	4.25e-88
 5.07420e+22	3.77e-32	8.87e-24	1.28e-17	1.63e-12	1.64e-07	6.92e-04	9.99e-01	0.00e+00	0.00e+00	0.00e+00	0.00e+00	0.00e+00	6.48e-88
 5.09938e+22	4.61e-32	1.05e-23	1.47e-17	1.82e-12	1.76e-07	7.15e-04	9.99e-01	0.00e+00	0.00e+00	0.00e+00	0.00e+00	0.00e+00	1.34e-87
 5.12697e+22	5.88e-32	1.29e-23	1.74e-17	2.06e-12	1.91e-07	7.45e-04	9.99e-01	0.00e+00	0.00e+00	0.00e+00	0.00e+00	0.00e+00	9.12e-88
 5.15567e+22	7.39e-32	1.56e-23	2.03e-17	2.32e-12	2.07e-07	7.74e-04	9.99e-01	0.00e+00	0.00e+00	0.00e+00	0.00e+00	0.00e+00	3.87e-87
 5.18060e+22	9.04e-32	1.85e-23	2.32e-17	2.57e-12	2.22e-07	8.00e-04	9.99e-01	0.00e+00	0.00e+00	0.00e+00	0.00e+00	0.00e+00	5.42e-87
 5.20414e+22	1.10e-31	2.17e-23	2.65e-17	2.84e-12	2.37e-07	8.26e-04	9.99e-01	0.00e+00	0.00e+00	0.00e+00	0.00e+00	0.00e+00	6.89e-87
 5.23105e+22	1.38e-31	2.64e-23	3.10e-17	3.21e-12	2.57e-07	8.58e-04	9.99e-01	0.00e+00	0.00e+00	0.00e+00	0.00e+00	0.00e+00	1.02e-86
 5.25949e+22	1.73e-31	3.18e-23	3.60e-17	3.60e-12	2.77e-07	8.91e-04	9.99e-01	0.00e+00	0.00e+00	0.00e+00	0.00e+00	0.00e+00	7.79e-87
 5.28467e+22	2.12e-31	3.78e-23	4.13e-17	4.00e-12	2.97e-07	9.22e-04	9.99e-01	0.00e+00	0.00e+00	0.00e+00	0.00e+00	0.00e+00	6.00e-87
 5.31216e+22	2.71e-31	4.63e-23	4.87e-17	4.53e-12	3.23e-07	9.60e-04	9.99e-01	0.00e+00	0.00e+00	0.00e+00	0.00e+00	0.00e+00	4.91e-87
 5.33961e+22	3.34e-31	5.52e-23	5.61e-17	5.05e-12	3.47e-07	9.94e-04	9.99e-01	0.00e+00	0.00e+00	0.00e+00	0.00e+00	0.00e+00	6.86e-86
 5.36216e+22	4.02e-31	6.43e-23	6.35e-17	5.54e-12	3.69e-07	1.03e-03	9.99e-01	0.00e+00	0.00e+00	0.00e+00	0.00e+00	0.00e+00	4.36e-86
 5.38665e+22	4.97e-31	7.69e-23	7.34e-17	6.19e-12	3.98e-07	1.06e-03	9.99e-01	0.00e+00	0.00e+00	0.00e+00	0.00e+00	0.00e+00	1.97e-85
 5.41324e+22	6.18e-31	9.22e-23	8.49e-17	6.92e-12	4.28e-07	1.10e-03	9.99e-01	0.00e+00	0.00e+00	0.00e+00	0.00e+00	0.00e+00	1.30e-85
 5.43771e+22	7.50e-31	1.08e-22	9.66e-17	7.64e-12	4.57e-07	1.14e-03	9.99e-01	0.00e+00	0.00e+00	0.00e+00	0.00e+00	0.00e+00	7.07e-85
 5.46467e+22	9.49e-31	1.32e-22	1.13e-16	8.63e-12	4.96e-07	1.18e-03	9.99e-01	0.00e+00	0.00e+00	0.00e+00	0.00e+00	0.00e+00	4.68e-85
 5.49235e+22	1.18e-30	1.58e-22	1.31e-16	9.62e-12	5.34e-07	1.23e-03	9.99e-01	0.00e+00	0.00e+00	0.00e+00	0.00e+00	0.00e+00	1.53e-84
 5.51556e+22	1.43e-30	1.85e-22	1.49e-16	1.06e-11	5.69e-07	1.27e-03	9.99e-01	0.00e+00	0.00e+00	0.00e+00	0.00e+00	0.00e+00	3.89e-84
 5.54033e+22	1.77e-30	2.22e-22	1.72e-16	1.18e-11	6.13e-07	1.31e-03	9.99e-01	0.00e+00	0.00e+00	0.00e+00	0.00e+00	0.00e+00	8.55e-84
 5.56688e+22	2.19e-30	2.65e-22	1.98e-16	1.32e-11	6.58e-07	1.36e-03	9.99e-01	0.00e+00	0.00e+00	0.00e+00	0.00e+00	0.00e+00	1.17e-83
 5.59122e+22	2.67e-30	3.13e-22	2.26e-16	1.46e-11	7.04e-07	1.41e-03	9.99e-01	0.00e+00	0.00e+00	0.00e+00	0.00e+00	0.00e+00	3.85e-83
 5.61834e+22	3.40e-30	3.82e-22	2.66e-16	1.64e-11	7.64e-07	1.47e-03	9.99e-01	0.00e+00	0.00e+00	0.00e+00	0.00e+00	0.00e+00	7.06e-83
 5.64664e+22	4.29e-30	4.63e-22	3.09e-16	1.84e-11	8.25e-07	1.53e-03	9.98e-01	0.00e+00	0.00e+00	0.00e+00	0.00e+00	0.00e+00	1.26e-82
 5.67010e+22	5.17e-30	5.40e-22	3.50e-16	2.02e-11	8.79e-07	1.57e-03	9.98e-01	0.00e+00	0.00e+00	0.00e+00	0.00e+00	0.00e+00	2.00e-82
 5.69424e+22	6.43e-30	6.48e-22	4.04e-16	2.25e-11	9.46e-07	1.63e-03	9.98e-01	0.00e+00	0.00e+00	0.00e+00	0.00e+00	0.00e+00	3.47e-82
 5.72007e+22	7.91e-30	7.68e-22	4.63e-16	2.49e-11	1.01e-06	1.69e-03	9.98e-01	0.00e+00	0.00e+00	0.00e+00	0.00e+00	0.00e+00	5.81e-82
 5.74404e+22	9.64e-30	9.05e-22	5.27e-16	2.75e-11	1.08e-06	1.75e-03	9.98e-01	0.00e+00	0.00e+00	0.00e+00	0.00e+00	0.00e+00	9.57e-82
 5.77116e+22	1.25e-29	1.12e-21	6.24e-16	3.11e-11	1.18e-06	1.83e-03	9.98e-01	0.00e+00	0.00e+00	0.00e+00	0.00e+00	0.00e+00	1.83e-81
 5.79834e+22	1.53e-29	1.33e-21	7.13e-16	3.44e-11	1.26e-06	1.90e-03	9.98e-01	0.00e+00	0.00e+00	0.00e+00	0.00e+00	0.00e+00	3.07e-81
 5.82106e+22	1.85e-29	1.55e-21	8.06e-16	3.77e-11	1.34e-06	1.96e-03	9.98e-01	0.00e+00	0.00e+00	0.00e+00	0.00e+00	0.00e+00	4.94e-81
 5.84605e+22	2.34e-29	1.88e-21	9.38e-16	4.21e-11	1.45e-06	2.04e-03	9.98e-01	0.00e+00	0.00e+00	0.00e+00	0.00e+00	0.00e+00	8.93e-81
 5.87178e+22	2.86e-29	2.22e-21	1.07e-15	4.63e-11	1.55e-06	2.11e-03	9.98e-01	0.00e+00	0.00e+00	0.00e+00	0.00e+00	0.00e+00	1.48e-80
 5.89486e+22	3.49e-29	2.61e-21	1.21e-15	5.08e-11	1.65e-06	2.18e-03	9.98e-01	0.00e+00	0.00e+00	0.00e+00	0.00e+00	0.00e+00	2.45e-80
 5.92129e+22	4.51e-29	3.21e-21	1.42e-15	5.71e-11	1.79e-06	2.28e-03	9.98e-01	0.00e+00	0.00e+00	0.00e+00	0.00e+00	0.00e+00	4.68e-80
 5.94783e+22	5.53e-29	3.80e-21	1.62e-15	6.29e-11	1.92e-06	2.37e-03	9.98e-01	0.00e+00	0.00e+00	0.00e+00	0.00e+00	0.00e+00	7.83e-80
 5.97026e+22	6.72e-29	4.45e-21	1.83e-15	6.86e-11	2.04e-06	2.45e-03	9.98e-01	0.00e+00	0.00e+00	0.00e+00	0.00e+00	0.00e+00	1.29e-79
 5.99157e+22	8.12e-29	5.19e-21	2.06e-15	7.47e-11	2.17e-06	2.53e-03	9.97e-01	0.00e+00	0.00e+00	0.00e+00	0.00e+00	0.00e+00	2.08e-79
 6.01568e+22	1.02e-28	6.25e-21	2.38e-15	8.27e-11	2.33e-06	2.64e-03	9.97e-01	0.00e+00	0.00e+00	0.00e+00	0.00e+00	0.00e+00	3.74e-79
 6.04072e+22	1.25e-28	7.37e-21	2.71e-15	9.07e-11	2.48e-06	2.73e-03	9.97e-01	0.00e+00	0.00e+00	0.00e+00	0.00e+00	0.00e+00	6.28e-79
 6.06323e+22	1.54e-28	8.69e-21	3.07e-15	9.89e-11	2.65e-06	2.83e-03	9.97e-01	0.00e+00	0.00e+00	0.00e+00	0.00e+00	0.00e+00	1.07e-78
 6.08496e+22	1.86e-28	1.01e-20	3.46e-15	1.08e-10	2.81e-06	2.93e-03	9.97e-01	0.00e+00	0.00e+00	0.00e+00	0.00e+00	0.00e+00	1.73e-78
 6.10613e+22	2.25e-28	1.18e-20	3.88e-15	1.17e-10	2.98e-06	3.03e-03	9.97e-01	0.00e+00	0.00e+00	0.00e+00	0.00e+00	0.00e+00	2.83e-78
 6.12685e+22	2.70e-28	1.37e-20	4.34e-15	1.26e-10	3.16e-06	3.13e-03	9.97e-01	0.00e+00	0.00e+00	0.00e+00	0.00e+00	0.00e+00	4.51e-78
 6.15029e+22	3.41e-28	1.65e-20	5.00e-15	1.39e-10	3.39e-06	3.27e-03	9.97e-01	0.00e+00	0.00e+00	0.00e+00	0.00e+00	0.00e+00	8.25e-78
 6.17414e+22	4.18e-28	1.94e-20	5.64e-15	1.51e-10	3.60e-06	3.39e-03	9.97e-01	0.00e+00	0.00e+00	0.00e+00	0.00e+00	0.00e+00	1.40e-77
 6.19467e+22	5.03e-28	2.25e-20	6.31e-15	1.64e-10	3.81e-06	3.50e-03	9.96e-01	0.00e+00	0.00e+00	0.00e+00	0.00e+00	0.00e+00	2.25e-77
 6.21751e+22	6.33e-28	2.70e-20	7.25e-15	1.80e-10	4.09e-06	3.65e-03	9.96e-01	0.00e+00	0.00e+00	0.00e+00	0.00e+00	0.00e+00	4.10e-77
 6.24049e+22	7.70e-28	3.16e-20	8.13e-15	1.94e-10	4.34e-06	3.78e-03	9.96e-01	0.00e+00	0.00e+00	0.00e+00	0.00e+00	0.00e+00	6.81e-77
 6.26020e+22	9.23e-28	3.65e-20	9.06e-15	2.09e-10	4.58e-06	3.91e-03	9.96e-01	0.00e+00	0.00e+00	0.00e+00	0.00e+00	0.00e+00	1.09e-76
 6.28236e+22	1.15e-27	4.35e-20	1.03e-14	2.28e-10	4.89e-06	4.07e-03	9.96e-01	0.00e+00	0.00e+00	0.00e+00	0.00e+00	0.00e+00	1.95e-76
 6.30523e+22	1.40e-27	5.09e-20	1.16e-14	2.47e-10	5.19e-06	4.22e-03	9.96e-01	0.00e+00	0.00e+00	0.00e+00	0.00e+00	0.00e+00	3.28e-76
 6.32541e+22	1.70e-27	5.92e-20	1.30e-14	2.65e-10	5.49e-06	4.37e-03	9.96e-01	0.00e+00	0.00e+00	0.00e+00	0.00e+00	0.00e+00	5.40e-76
 6.34503e+22	2.05e-27	6.85e-20	1.45e-14	2.85e-10	5.81e-06	4.52e-03	9.95e-01	0.00e+00	0.00e+00	0.00e+00	0.00e+00	0.00e+00	8.82e-76
 6.36429e+22	2.45e-27	7.89e-20	1.61e-14	3.06e-10	6.12e-06	4.68e-03	9.95e-01	0.00e+00	0.00e+00	0.00e+00	0.00e+00	0.00e+00	1.41e-75
 6.38607e+22	3.06e-27	9.42e-20	1.83e-14	3.33e-10	6.54e-06	4.87e-03	9.95e-01	0.00e+00	0.00e+00	0.00e+00	0.00e+00	0.00e+00	2.55e-75
 6.40845e+22	3.74e-27	1.10e-19	2.05e-14	3.59e-10	6.94e-06	5.05e-03	9.95e-01	0.00e+00	0.00e+00	0.00e+00	0.00e+00	0.00e+00	4.32e-75
 6.42805e+22	4.50e-27	1.27e-19	2.28e-14	3.85e-10	7.32e-06	5.23e-03	9.95e-01	0.00e+00	0.00e+00	0.00e+00	0.00e+00	0.00e+00	7.06e-75
 6.44702e+22	5.40e-27	1.47e-19	2.53e-14	4.12e-10	7.73e-06	5.41e-03	9.95e-01	0.00e+00	0.00e+00	0.00e+00	0.00e+00	0.00e+00	1.15e-74
 6.46876e+22	6.76e-27	1.75e-19	2.89e-14	4.48e-10	8.26e-06	5.64e-03	9.94e-01	0.00e+00	0.00e+00	0.00e+00	0.00e+00	0.00e+00	2.09e-74
 6.49110e+22	8.26e-27	2.05e-19	3.23e-14	4.82e-10	8.75e-06	5.86e-03	9.94e-01	0.00e+00	0.00e+00	0.00e+00	0.00e+00	0.00e+00	3.57e-74
 6.51062e+22	9.97e-27	2.38e-19	3.60e-14	5.16e-10	9.25e-06	6.07e-03	9.94e-01	0.00e+00	0.00e+00	0.00e+00	0.00e+00	0.00e+00	5.90e-74
 6.53237e+22	1.26e-26	2.86e-19	4.11e-14	5.61e-10	9.91e-06	6.34e-03	9.94e-01	0.00e+00	0.00e+00	0.00e+00	0.00e+00	0.00e+00	1.12e-73
 6.55413e+22	1.52e-26	3.30e-19	4.57e-14	6.02e-10	1.05e-05	6.56e-03	9.93e-01	0.00e+00	0.00e+00	0.00e+00	0.00e+00	0.00e+00	1.82e-73
 6.57587e+22	1.92e-26	3.97e-19	5.22e-14	6.54e-10	1.12e-05	6.86e-03	9.93e-01	0.00e+00	0.00e+00	0.00e+00	0.00e+00	0.00e+00	3.44e-73
 6.59805e+22	2.34e-26	4.63e-19	5.84e-14	7.03e-10	1.19e-05	7.11e-03	9.93e-01	0.00e+00	0.00e+00	0.00e+00	0.00e+00	0.00e+00	5.81e-73
 6.62080e+22	3.00e-26	5.62e-19	6.71e-14	7.66e-10	1.28e-05	7.45e-03	9.93e-01	0.00e+00	0.00e+00	0.00e+00	0.00e+00	0.00e+00	1.14e-72
 6.64402e+22	3.72e-26	6.64e-19	7.56e-14	8.25e-10	1.36e-05	7.75e-03	9.92e-01	0.00e+00	0.00e+00	0.00e+00	0.00e+00	0.00e+00	2.03e-72
 6.66342e+22	4.46e-26	7.65e-19	8.38e-14	8.80e-10	1.43e-05	8.02e-03	9.92e-01	0.00e+00	0.00e+00	0.00e+00	0.00e+00	0.00e+00	3.33e-72
 6.68151e+22	5.35e-26	8.81e-19	9.27e-14	9.37e-10	1.51e-05	8.30e-03	9.92e-01	0.00e+00	0.00e+00	0.00e+00	0.00e+00	0.00e+00	5.45e-72
 6.70231e+22	6.73e-26	1.05e-18	1.05e-13	1.01e-09	1.61e-05	8.66e-03	9.91e-01	0.00e+00	0.00e+00	0.00e+00	0.00e+00	0.00e+00	1.01e-71
 6.72350e+22	8.22e-26	1.23e-18	1.18e-13	1.08e-09	1.71e-05	9.00e-03	9.91e-01	0.00e+00	0.00e+00	0.00e+00	0.00e+00	0.00e+00	1.75e-71
 6.74033e+22	9.64e-26	1.39e-18	1.28e-13	1.14e-09	1.79e-05	9.27e-03	9.91e-01	0.00e+00	0.00e+00	0.00e+00	0.00e+00	0.00e+00	2.70e-71
 6.75732e+22	1.17e-25	1.61e-18	1.43e-13	1.22e-09	1.90e-05	9.60e-03	9.90e-01	0.00e+00	0.00e+00	0.00e+00	0.00e+00	0.00e+00	4.54e-71
 6.77512e+22	1.38e-25	1.84e-18	1.57e-13	1.29e-09	1.99e-05	9.91e-03	9.90e-01	0.00e+00	0.00e+00	0.00e+00	0.00e+00	0.00e+00	7.16e-71
 6.79017e+22	1.60e-25	2.06e-18	1.70e-13	1.36e-09	2.08e-05	1.02e-02	9.90e-01	0.00e+00	0.00e+00	0.00e+00	0.00e+00	0.00e+00	1.08e-70
 6.80361e+22	1.86e-25	2.31e-18	1.84e-13	1.42e-09	2.17e-05	1.05e-02	9.90e-01	0.00e+00	0.00e+00	0.00e+00	0.00e+00	0.00e+00	1.62e-70
 6.81661e+22	2.11e-25	2.55e-18	1.98e-13	1.49e-09	2.25e-05	1.07e-02	9.89e-01	0.00e+00	0.00e+00	0.00e+00	0.00e+00	0.00e+00	2.29e-70
 6.83141e+22	2.51e-25	2.91e-18	2.18e-13	1.57e-09	2.37e-05	1.11e-02	9.89e-01	0.00e+00	0.00e+00	0.00e+00	0.00e+00	0.00e+00	3.68e-70
 6.84604e+22	2.90e-25	3.26e-18	2.36e-13	1.65e-09	2.47e-05	1.14e-02	9.89e-01	0.00e+00	0.00e+00	0.00e+00	0.00e+00	0.00e+00	5.48e-70
 6.85815e+22	3.32e-25	3.61e-18	2.53e-13	1.72e-09	2.57e-05	1.17e-02	9.88e-01	0.00e+00	0.00e+00	0.00e+00	0.00e+00	0.00e+00	7.90e-70
 6.87158e+22	3.92e-25	4.10e-18	2.77e-13	1.81e-09	2.70e-05	1.20e-02	9.88e-01	0.00e+00	0.00e+00	0.00e+00	0.00e+00	0.00e+00	1.24e-69
 6.88542e+22	4.50e-25	4.57e-18	2.99e-13	1.90e-09	2.81e-05	1.23e-02	9.88e-01	0.00e+00	0.00e+00	0.00e+00	0.00e+00	0.00e+00	1.82e-69
 6.89979e+22	5.37e-25	5.24e-18	3.30e-13	2.01e-09	2.96e-05	1.27e-02	9.87e-01	0.00e+00	0.00e+00	0.00e+00	0.00e+00	0.00e+00	2.94e-69
 6.91370e+22	6.16e-25	5.82e-18	3.56e-13	2.11e-09	3.08e-05	1.31e-02	9.87e-01	0.00e+00	0.00e+00	0.00e+00	0.00e+00	0.00e+00	4.26e-69
 6.92502e+22	7.04e-25	6.45e-18	3.82e-13	2.19e-09	3.20e-05	1.34e-02	9.87e-01	0.00e+00	0.00e+00	0.00e+00	0.00e+00	0.00e+00	6.15e-69
 6.93778e+22	8.32e-25	7.34e-18	4.19e-13	2.32e-09	3.36e-05	1.38e-02	9.86e-01	0.00e+00	0.00e+00	0.00e+00	0.00e+00	0.00e+00	9.68e-69
 6.95072e+22	9.54e-25	8.17e-18	4.52e-13	2.42e-09	3.50e-05	1.41e-02	9.86e-01	0.00e+00	0.00e+00	0.00e+00	0.00e+00	0.00e+00	1.40e-68
 6.96390e+22	1.15e-24	9.41e-18	5.00e-13	2.57e-09	3.69e-05	1.46e-02	9.85e-01	0.00e+00	0.00e+00	0.00e+00	0.00e+00	0.00e+00	2.32e-68
 6.97688e+22	1.31e-24	1.05e-17	5.39e-13	2.68e-09	3.85e-05	1.50e-02	9.85e-01	0.00e+00	0.00e+00	0.00e+00	0.00e+00	0.00e+00	3.33e-68
 6.98959e+22	1.59e-24	1.21e-17	5.97e-13	2.85e-09	4.06e-05	1.55e-02	9.84e-01	0.00e+00	0.00e+00	0.00e+00	0.00e+00	0.00e+00	5.60e-68
 7.00210e+22	1.82e-24	1.34e-17	6.44e-13	2.98e-09	4.23e-05	1.58e-02	9.84e-01	0.00e+00	0.00e+00	0.00e+00	0.00e+00	0.00e+00	8.03e-68
 7.01267e+22	2.09e-24	1.50e-17	6.95e-13	3.11e-09	4.40e-05	1.62e-02	9.84e-01	0.00e+00	0.00e+00	0.00e+00	0.00e+00	0.00e+00	1.16e-67
 7.02306e+22	2.40e-24	1.67e-17	7.50e-13	3.25e-09	4.58e-05	1.66e-02	9.83e-01	0.00e+00	0.00e+00	0.00e+00	0.00e+00	0.00e+00	1.68e-67
 7.03492e+22	2.86e-24	1.91e-17	8.27e-13	3.45e-09	4.83e-05	1.71e-02	9.83e-01	0.00e+00	0.00e+00	0.00e+00	0.00e+00	0.00e+00	2.69e-67
 7.04694e+22	3.34e-24	2.16e-17	9.02e-13	3.63e-09	5.05e-05	1.76e-02	9.82e-01	0.00e+00	0.00e+00	0.00e+00	0.00e+00	0.00e+00	4.07e-67
 7.05720e+22	3.84e-24	2.40e-17	9.75e-13	3.80e-09	5.26e-05	1.80e-02	9.82e-01	0.00e+00	0.00e+00	0.00e+00	0.00e+00	0.00e+00	5.84e-67
 7.06859e+22	4.67e-24	2.80e-17	1.09e-12	4.05e-09	5.57e-05	1.86e-02	9.81e-01	0.00e+00	0.00e+00	0.00e+00	0.00e+00	0.00e+00	9.81e-67
 7.08004e+22	5.40e-24	3.14e-17	1.18e-12	4.26e-09	5.81e-05	1.91e-02	9.81e-01	0.00e+00	0.00e+00	0.00e+00	0.00e+00	0.00e+00	1.43e-66
 7.09159e+22	6.63e-24	3.68e-17	1.33e-12	4.56e-09	6.17e-05	1.97e-02	9.80e-01	0.00e+00	0.00e+00	0.00e+00	0.00e+00	0.00e+00	2.44e-66
 7.10309e+22	7.71e-24	4.15e-17	1.45e-12	4.81e-09	6.45e-05	2.02e-02	9.80e-01	0.00e+00	0.00e+00	0.00e+00	0.00e+00	0.00e+00	3.61e-66
 7.11453e+22	9.57e-24	4.92e-17	1.64e-12	5.18e-09	6.86e-05	2.09e-02	9.79e-01	0.00e+00	0.00e+00	0.00e+00	4.92e-17	5.51e-25	6.27e-66
 7.12596e+22	1.12e-23	5.57e-17	1.79e-12	5.48e-09	7.18e-05	2.14e-02	9.78e-01	0.00e+00	0.00e+00	0.00e+00	5.57e-17	1.86e-22	9.38e-66
 7.13737e+22	1.41e-23	6.67e-17	2.05e-12	5.94e-09	7.67e-05	2.22e-02	9.78e-01	0.00e+00	0.00e+00	0.00e+00	6.67e-17	2.23e-22	1.67e-65
 7.14881e+22	1.67e-23	7.62e-17	2.26e-12	6.32e-09	8.05e-05	2.28e-02	9.77e-01	0.00e+00	0.00e+00	0.00e+00	7.62e-17	2.55e-22	2.54e-65
 7.16029e+22	2.10e-23	9.18e-17	2.59e-12	6.89e-09	8.61e-05	2.36e-02	9.76e-01	0.00e+00	0.00e+00	0.00e+00	9.18e-17	3.07e-22	4.56e-65
 7.17169e+22	2.52e-23	1.06e-16	2.89e-12	7.37e-09	9.07e-05	2.43e-02	9.76e-01	0.00e+00	0.00e+00	0.00e+00	1.06e-16	3.54e-22	7.12e-65
 7.18143e+22	3.02e-23	1.23e-16	3.22e-12	7.89e-09	9.55e-05	2.49e-02	9.75e-01	0.00e+00	0.00e+00	0.00e+00	1.23e-16	4.10e-22	1.11e-64
 7.19253e+22	3.85e-23	1.49e-16	3.72e-12	8.65e-09	1.02e-04	2.58e-02	9.74e-01	0.00e+00	0.00e+00	0.00e+00	1.49e-16	4.97e-22	2.00e-64
 7.20364e+22	4.65e-23	1.73e-16	4.17e-12	9.31e-09	1.08e-04	2.65e-02	9.73e-01	0.00e+00	0.00e+00	0.00e+00	1.73e-16	5.79e-22	3.17e-64
 7.21476e+22	5.98e-23	2.12e-16	4.86e-12	1.03e-08	1.16e-04	2.75e-02	9.72e-01	0.00e+00	0.00e+00	0.00e+00	2.12e-16	7.09e-22	5.80e-64
 7.22609e+22	7.34e-23	2.50e-16	5.51e-12	1.11e-08	1.23e-04	2.83e-02	9.72e-01	0.00e+00	0.00e+00	0.00e+00	2.50e-16	8.36e-22	9.45e-64
 7.23768e+22	9.64e-23	3.12e-16	6.51e-12	1.24e-08	1.32e-04	2.94e-02	9.70e-01	0.00e+00	0.00e+00	0.00e+00	3.12e-16	1.04e-21	1.80e-63
 7.24930e+22	1.19e-22	3.70e-16	7.42e-12	1.35e-08	1.40e-04	3.03e-02	9.70e-01	0.00e+00	0.00e+00	0.00e+00	3.70e-16	1.24e-21	2.96e-63
 7.25933e+22	1.47e-22	4.39e-16	8.45e-12	1.48e-08	1.49e-04	3.12e-02	9.69e-01	0.00e+00	0.00e+00	0.00e+00	4.39e-16	1.47e-21	4.84e-63
 7.27071e+22	1.94e-22	5.49e-16	1.00e-11	1.65e-08	1.61e-04	3.24e-02	9.67e-01	0.00e+00	0.00e+00	0.00e+00	5.49e-16	1.84e-21	9.23e-63
 7.28208e+22	2.38e-22	6.51e-16	1.14e-11	1.80e-08	1.70e-04	3.34e-02	9.66e-01	0.00e+00	0.00e+00	0.00e+00	6.51e-16	2.18e-21	1.49e-62
 7.29344e+22	3.16e-22	8.19e-16	1.37e-11	2.03e-08	1.84e-04	3.47e-02	9.65e-01	0.00e+00	0.00e+00	0.00e+00	8.19e-16	2.74e-21	2.86e-62
 7.30475e+22	3.85e-22	9.64e-16	1.55e-11	2.21e-08	1.95e-04	3.56e-02	9.64e-01	0.00e+00	0.00e+00	0.00e+00	9.64e-16	3.22e-21	4.53e-62
 7.31600e+22	5.08e-22	1.21e-15	1.84e-11	2.48e-08	2.10e-04	3.70e-02	9.63e-01	0.00e+00	0.00e+00	0.00e+00	1.21e-15	4.04e-21	8.51e-62
 7.32748e+22	6.26e-22	1.43e-15	2.11e-11	2.72e-08	2.23e-04	3.81e-02	9.62e-01	0.00e+00	0.00e+00	0.00e+00	1.43e-15	4.80e-21	1.37e-61
 7.33925e+22	8.30e-22	1.81e-15	2.52e-11	3.07e-08	2.41e-04	3.95e-02	9.60e-01	0.00e+00	0.00e+00	0.00e+00	1.81e-15	6.05e-21	2.61e-61
 7.35127e+22	1.03e-21	2.16e-15	2.89e-11	3.37e-08	2.56e-04	4.07e-02	9.59e-01	0.00e+00	0.00e+00	0.00e+00	2.16e-15	7.21e-21	4.25e-61
 7.36362e+22	1.37e-21	2.72e-15	3.47e-11	3.82e-08	2.78e-04	4.23e-02	9.57e-01	0.00e+00	0.00e+00	0.00e+00	2.72e-15	9.11e-21	8.09e-61
 7.37633e+22	1.71e-21	3.28e-15	4.01e-11	4.22e-08	2.96e-04	4.37e-02	9.56e-01	0.00e+00	0.00e+00	0.00e+00	3.28e-15	1.10e-20	1.35e-60
 7.38757e+22	2.12e-21	3.92e-15	4.61e-11	4.64e-08	3.15e-04	4.50e-02	9.55e-01	0.00e+00	0.00e+00	0.00e+00	3.92e-15	1.31e-20	2.19e-60
 7.40025e+22	2.82e-21	4.95e-15	5.54e-11	5.26e-08	3.41e-04	4.67e-02	9.53e-01	0.00e+00	0.00e+00	0.00e+00	4.95e-15	1.66e-20	4.16e-60
 7.41301e+22	3.46e-21	5.85e-15	6.31e-11	5.76e-08	3.61e-04	4.81e-02	9.52e-01	0.00e+00	0.00e+00	0.00e+00	5.85e-15	1.96e-20	6.57e-60
 7.42585e+22	4.53e-21	7.32e-15	7.53e-11	6.50e-08	3.90e-04	4.99e-02	9.50e-01	0.00e+00	0.00e+00	0.00e+00	7.32e-15	2.45e-20	1.21e-59
 7.43915e+22	5.63e-21	8.77e-15	8.67e-11	7.17e-08	4.16e-04	5.14e-02	9.48e-01	0.00e+00	0.00e+00	0.00e+00	8.77e-15	2.93e-20	1.97e-59
 7.45304e+22	7.50e-21	1.11e-14	1.04e-10	8.15e-08	4.51e-04	5.35e-02	9.46e-01	0.00e+00	0.00e+00	0.00e+00	1.11e-14	3.71e-20	3.74e-59
 7.46680e+22	9.18e-21	1.31e-14	1.19e-10	8.93e-08	4.78e-04	5.50e-02	9.44e-01	0.00e+00	0.00e+00	0.00e+00	1.31e-14	4.39e-20	5.89e-59
 7.48041e+22	1.20e-20	1.63e-14	1.42e-10	1.01e-07	5.17e-04	5.71e-02	9.42e-01	0.00e+00	0.00e+00	0.00e+00	1.63e-14	5.47e-20	1.07e-58
 7.49439e+22	1.48e-20	1.95e-14	1.63e-10	1.11e-07	5.50e-04	5.89e-02	9.41e-01	0.00e+00	0.00e+00	0.00e+00	1.95e-14	6.54e-20	1.73e-58
 7.50887e+22	1.95e-20	2.46e-14	1.95e-10	1.26e-07	5.96e-04	6.12e-02	9.38e-01	0.00e+00	0.00e+00	0.00e+00	2.46e-14	8.21e-20	3.20e-58
 7.52355e+22	2.32e-20	2.92e-14	2.24e-10	1.39e-07	6.34e-04	6.30e-02	9.36e-01	0.00e+00	0.00e+00	0.00e+00	2.92e-14	9.78e-20	4.95e-58
 7.53612e+22	2.82e-20	3.44e-14	2.55e-10	1.52e-07	6.72e-04	6.48e-02	9.35e-01	0.00e+00	0.00e+00	0.00e+00	3.44e-14	1.15e-19	7.68e-58
 7.55009e+22	3.63e-20	4.25e-14	3.01e-10	1.71e-07	7.24e-04	6.71e-02	9.32e-01	0.00e+00	0.00e+00	0.00e+00	4.25e-14	1.42e-19	1.35e-57
 7.56407e+22	4.39e-20	4.98e-14	3.41e-10	1.87e-07	7.66e-04	6.90e-02	9.30e-01	0.00e+00	0.00e+00	0.00e+00	4.98e-14	1.67e-19	2.06e-57
 7.57807e+22	5.66e-20	6.15e-14	4.04e-10	2.10e-07	8.26e-04	7.15e-02	9.28e-01	0.00e+00	0.00e+00	0.00e+00	6.15e-14	2.06e-19	3.62e-57
 7.59222e+22	6.79e-20	7.16e-14	4.55e-10	2.29e-07	8.72e-04	7.34e-02	9.26e-01	0.00e+00	0.00e+00	0.00e+00	7.16e-14	2.39e-19	5.45e-57
 7.60656e+22	8.72e-20	8.82e-14	5.38e-10	2.57e-07	9.40e-04	7.60e-02	9.23e-01	0.00e+00	0.00e+00	0.00e+00	8.82e-14	2.95e-19	9.53e-57
 7.62115e+22	1.05e-19	1.03e-13	6.08e-10	2.81e-07	9.95e-04	7.81e-02	9.21e-01	0.00e+00	0.00e+00	0.00e+00	1.03e-13	3.45e-19	1.44e-56
 7.63403e+22	1.27e-19	1.21e-13	6.89e-10	3.07e-07	1.05e-03	8.02e-02	9.19e-01	0.00e+00	0.00e+00	0.00e+00	1.21e-13	4.04e-19	2.20e-56
 7.64681e+22	1.53e-19	1.41e-13	7.80e-10	3.35e-07	1.11e-03	8.24e-02	9.16e-01	0.00e+00	0.00e+00	0.00e+00	1.41e-13	4.71e-19	3.31e-56
 7.66150e+22	1.93e-19	1.71e-13	9.12e-10	3.74e-07	1.20e-03	8.52e-02	9.14e-01	0.00e+00	0.00e+00	0.00e+00	1.71e-13	5.74e-19	5.61e-56
 7.67628e+22	2.32e-19	2.00e-13	1.03e-09	4.08e-07	1.26e-03	8.75e-02	9.11e-01	0.00e+00	0.00e+00	0.00e+00	2.00e-13	6.69e-19	8.44e-56
 7.69120e+22	2.95e-19	2.44e-13	1.21e-09	4.58e-07	1.36e-03	9.06e-02	9.08e-01	0.00e+00	0.00e+00	0.00e+00	2.44e-13	8.18e-19	1.44e-55
 7.70629e+22	3.52e-19	2.83e-13	1.36e-09	4.98e-07	1.44e-03	9.29e-02	9.06e-01	0.00e+00	0.00e+00	0.00e+00	2.83e-13	9.48e-19	2.13e-55
 7.72158e+22	4.47e-19	3.45e-13	1.60e-09	5.58e-07	1.54e-03	9.61e-02	9.02e-01	0.00e+00	0.00e+00	0.00e+00	3.45e-13	1.16e-18	3.61e-55
 7.73719e+22	5.36e-19	4.02e-13	1.80e-09	6.08e-07	1.63e-03	9.87e-02	9.00e-01	0.00e+00	0.00e+00	0.00e+00	4.02e-13	1.35e-18	5.40e-55
 7.75321e+22	6.81e-19	4.92e-13	2.12e-09	6.83e-07	1.76e-03	1.02e-01	8.96e-01	0.00e+00	0.00e+00	0.00e+00	4.92e-13	1.65e-18	9.20e-55
 7.76959e+22	8.20e-19	5.74e-13	2.40e-09	7.46e-07	1.86e-03	1.05e-01	8.93e-01	0.00e+00	0.00e+00	0.00e+00	5.74e-13	1.92e-18	1.39e-54
 7.78642e+22	1.04e-18	7.01e-13	2.81e-09	8.38e-07	2.00e-03	1.09e-01	8.89e-01	0.00e+00	0.00e+00	0.00e+00	7.01e-13	2.35e-18	2.37e-54
 7.80379e+22	1.21e-18	8.28e-13	3.21e-09	9.22e-07	2.13e-03	1.12e-01	8.86e-01	0.00e+00	0.00e+00	0.00e+00	8.28e-13	2.77e-18	3.54e-54
 7.81880e+22	1.44e-18	9.54e-13	3.60e-09	1.00e-06	2.25e-03	1.15e-01	8.83e-01	0.00e+00	0.00e+00	0.00e+00	9.54e-13	3.20e-18	5.18e-54
 7.83526e+22	1.82e-18	1.16e-12	4.22e-09	1.12e-06	2.42e-03	1.19e-01	8.79e-01	0.00e+00	0.00e+00	0.00e+00	1.16e-12	3.90e-18	8.72e-54
 7.85195e+22	2.17e-18	1.35e-12	4.75e-09	1.22e-06	2.55e-03	1.22e-01	8.76e-01	0.00e+00	0.00e+00	0.00e+00	1.35e-12	4.51e-18	1.29e-53
 7.86893e+22	2.69e-18	1.61e-12	5.50e-09	1.36e-06	2.73e-03	1.25e-01	8.72e-01	0.00e+00	0.00e+00	0.00e+00	1.61e-12	5.41e-18	2.10e-53
 7.88688e+22	3.29e-18	1.91e-12	6.30e-09	1.50e-06	2.91e-03	1.29e-01	8.68e-01	0.00e+00	0.00e+00	0.00e+00	1.91e-12	6.42e-18	3.29e-53
 7.90336e+22	3.97e-18	2.24e-12	7.15e-09	1.64e-06	3.08e-03	1.33e-01	8.64e-01	0.00e+00	0.00e+00	0.00e+00	2.24e-12	7.51e-18	5.00e-53
 7.92208e+22	5.01e-18	2.72e-12	8.35e-09	1.84e-06	3.32e-03	1.37e-01	8.60e-01	0.00e+00	0.00e+00	0.00e+00	2.72e-12	9.12e-18	8.40e-53
 7.94189e+22	5.95e-18	3.26e-12	9.67e-09	2.04e-06	3.55e-03	1.42e-01	8.55e-01	0.00e+00	0.00e+00	0.00e+00	3.26e-12	1.09e-17	1.31e-52
 7.96024e+22	7.28e-18	3.86e-12	1.11e-08	2.26e-06	3.78e-03	1.46e-01	8.51e-01	0.00e+00	0.00e+00	0.00e+00	3.86e-12	1.30e-17	2.06e-52
 7.97815e+22	8.82e-18	4.54e-12	1.26e-08	2.48e-06	4.02e-03	1.50e-01	8.46e-01	0.00e+00	0.00e+00	0.00e+00	4.54e-12	1.52e-17	3.17e-52
 7.99842e+22	7.55e-18	5.60e-12	1.49e-08	2.80e-06	4.34e-03	1.55e-01	8.41e-01	0.00e+00	0.00e+00	0.00e+00	5.60e-12	1.88e-17	3.99e-52
 8.01878e+22	8.96e-18	6.59e-12	1.70e-08	3.09e-06	4.62e-03	1.59e-01	8.36e-01	0.00e+00	0.00e+00	0.00e+00	6.59e-12	2.21e-17	6.06e-52
 8.03926e+22	1.16e-17	8.15e-12	2.02e-08	3.49e-06	5.00e-03	1.65e-01	8.30e-01	0.00e+00	0.00e+00	0.00e+00	8.15e-12	2.74e-17	1.07e-51
 8.05997e+22	1.43e-17	9.61e-12	2.31e-08	3.85e-06	5.32e-03	1.70e-01	8.25e-01	0.00e+00	0.00e+00	0.00e+00	9.61e-12	3.23e-17	1.67e-51
 8.08097e+22	1.86e-17	1.19e-11	2.75e-08	4.37e-06	5.76e-03	1.76e-01	8.18e-01	0.00e+00	0.00e+00	0.00e+00	1.19e-11	4.01e-17	2.96e-51
 8.10224e+22	2.23e-17	1.41e-11	3.15e-08	4.82e-06	6.13e-03	1.81e-01	8.13e-01	0.00e+00	0.00e+00	0.00e+00	1.41e-11	4.75e-17	4.56e-51
 8.12387e+22	2.93e-17	1.77e-11	3.77e-08	5.50e-06	6.67e-03	1.88e-01	8.05e-01	0.00e+00	0.00e+00	0.00e+00	1.77e-11	5.95e-17	8.24e-51
 8.14570e+22	3.62e-17	2.10e-11	4.33e-08	6.08e-06	7.11e-03	1.93e-01	8.00e-01	0.00e+00	0.00e+00	0.00e+00	2.10e-11	7.06e-17	1.30e-50
 8.16780e+22	4.70e-17	2.65e-11	5.24e-08	6.98e-06	7.75e-03	2.01e-01	7.91e-01	4.70e-17	3.25e-22	7.79e-23	2.65e-11	8.93e-17	2.35e-50
 8.19000e+22	5.79e-17	3.14e-11	6.00e-08	7.71e-06	8.26e-03	2.06e-01	7.85e-01	5.78e-17	4.47e-20	6.77e-21	3.14e-11	1.06e-16	3.70e-50
 8.21235e+22	7.54e-17	3.99e-11	7.29e-08	8.87e-06	9.02e-03	2.14e-01	7.77e-01	7.54e-17	5.83e-20	8.83e-21	3.99e-11	1.34e-16	6.72e-50
 8.23494e+22	9.44e-17	4.77e-11	8.42e-08	9.85e-06	9.64e-03	2.21e-01	7.70e-01	9.43e-17	7.29e-20	1.11e-20	4.77e-11	1.61e-16	1.08e-49
 8.25786e+22	1.14e-16	6.08e-11	1.03e-07	1.14e-05	1.05e-02	2.29e-01	7.60e-01	1.14e-16	8.79e-20	1.33e-20	6.08e-11	2.05e-16	1.85e-49
 8.28113e+22	1.40e-16	7.31e-11	1.19e-07	1.27e-05	1.13e-02	2.36e-01	7.53e-01	1.40e-16	1.08e-19	1.64e-20	7.31e-11	2.47e-16	2.94e-49
 8.30070e+22	1.74e-16	8.68e-11	1.37e-07	1.40e-05	1.20e-02	2.42e-01	7.46e-01	1.74e-16	1.34e-19	2.04e-20	8.68e-11	2.93e-16	4.59e-49
 8.32198e+22	2.26e-16	1.09e-10	1.65e-07	1.61e-05	1.31e-02	2.51e-01	7.36e-01	2.25e-16	1.74e-19	2.65e-20	1.09e-10	3.69e-16	8.07e-49
 8.34313e+22	2.73e-16	1.29e-10	1.89e-07	1.77e-05	1.39e-02	2.58e-01	7.28e-01	2.73e-16	2.11e-19	3.20e-20	1.29e-10	4.37e-16	1.22e-48
 8.36409e+22	3.65e-16	1.63e-10	2.28e-07	2.03e-05	1.51e-02	2.67e-01	7.18e-01	3.65e-16	2.83e-19	4.29e-20	1.63e-10	5.50e-16	2.18e-48
 8.38535e+22	5.45e-16	1.93e-10	2.62e-07	2.25e-05	1.61e-02	2.74e-01	7.10e-01	5.44e-16	4.21e-19	6.39e-20	1.93e-10	6.53e-16	3.88e-48
 8.40698e+22	7.16e-16	2.44e-10	3.19e-07	2.60e-05	1.76e-02	2.84e-01	6.99e-01	7.15e-16	5.54e-19	8.41e-20	2.44e-10	8.28e-16	6.85e-48
 8.42898e+22	8.80e-16	2.93e-10	3.70e-07	2.89e-05	1.88e-02	2.91e-01	6.90e-01	8.80e-16	6.81e-19	1.03e-19	2.93e-10	9.93e-16	1.06e-47
 8.45145e+22	1.17e-15	3.73e-10	4.51e-07	3.34e-05	2.06e-02	3.02e-01	6.78e-01	1.17e-15	9.09e-19	1.38e-19	3.73e-10	1.26e-15	1.90e-47
 8.47450e+22	1.48e-15	4.54e-10	5.30e-07	3.76e-05	2.21e-02	3.10e-01	6.68e-01	1.48e-15	1.15e-18	1.74e-19	4.54e-10	1.54e-15	3.03e-47
 8.49830e+22	1.99e-15	5.85e-10	6.55e-07	4.39e-05	2.43e-02	3.22e-01	6.54e-01	1.99e-15	1.54e-18	2.34e-19	5.85e-10	1.99e-15	5.49e-47
 8.52250e+22	2.55e-15	7.16e-10	7.75e-07	4.97e-05	2.62e-02	3.31e-01	6.43e-01	2.55e-15	1.98e-18	3.01e-19	7.16e-10	2.43e-15	8.90e-47
 8.54695e+22	3.49e-15	9.29e-10	9.63e-07	5.83e-05	2.89e-02	3.43e-01	6.28e-01	3.49e-15	2.71e-18	4.11e-19	9.29e-10	3.16e-15	1.63e-46
 8.57159e+22	4.45e-15	1.14e-09	1.14e-06	6.61e-05	3.11e-02	3.53e-01	6.16e-01	4.44e-15	3.45e-18	5.25e-19	1.14e-09	3.88e-15	2.60e-46
 8.59566e+22	6.04e-15	1.45e-09	1.40e-06	7.70e-05	3.41e-02	3.65e-01	6.01e-01	6.04e-15	4.69e-18	7.13e-19	1.45e-09	4.96e-15	4.57e-46
 8.61999e+22	7.79e-15	1.79e-09	1.67e-06	8.76e-05	3.69e-02	3.75e-01	5.88e-01	7.78e-15	6.05e-18	9.20e-19	1.79e-09	6.09e-15	7.32e-46
 8.64110e+22	9.75e-15	2.14e-09	1.95e-06	9.81e-05	3.95e-02	3.84e-01	5.76e-01	9.74e-15	7.57e-18	1.15e-18	2.14e-09	7.31e-15	1.10e-45
 8.66356e+22	1.30e-14	2.68e-09	2.36e-06	1.13e-04	4.30e-02	3.95e-01	5.61e-01	1.30e-14	1.01e-17	1.54e-18	2.68e-09	9.17e-15	1.84e-45
 8.68621e+22	1.61e-14	3.21e-09	2.75e-06	1.27e-04	4.60e-02	4.05e-01	5.49e-01	1.61e-14	1.25e-17	1.91e-18	3.21e-09	1.10e-14	2.73e-45
 8.70637e+22	2.00e-14	3.82e-09	3.20e-06	1.42e-04	4.92e-02	4.13e-01	5.37e-01	2.00e-14	1.55e-17	2.37e-18	3.82e-09	1.31e-14	4.02e-45
 8.72883e+22	2.64e-14	4.74e-09	3.86e-06	1.64e-04	5.34e-02	4.24e-01	5.22e-01	2.64e-14	2.05e-17	3.13e-18	4.74e-09	1.63e-14	6.48e-45
 8.75105e+22	3.20e-14	5.59e-09	4.45e-06	1.82e-04	5.68e-02	4.33e-01	5.10e-01	3.20e-14	2.49e-17	3.80e-18	5.59e-09	1.92e-14	9.22e-45
 8.77360e+22	4.18e-14	6.91e-09	5.36e-06	2.10e-04	6.16e-02	4.44e-01	4.95e-01	4.18e-14	3.26e-17	4.97e-18	6.91e-09	2.38e-14	1.46e-44
 8.79613e+22	5.05e-14	8.10e-09	6.15e-06	2.33e-04	6.54e-02	4.52e-01	4.83e-01	5.04e-14	3.93e-17	6.00e-18	8.10e-09	2.79e-14	2.05e-44
 8.81866e+22	6.48e-14	9.93e-09	7.36e-06	2.67e-04	7.08e-02	4.62e-01	4.67e-01	6.48e-14	5.05e-17	7.71e-18	9.93e-09	3.43e-14	3.16e-44
 8.84130e+22	7.76e-14	1.16e-08	8.43e-06	2.96e-04	7.51e-02	4.69e-01	4.55e-01	7.76e-14	6.06e-17	9.25e-18	1.16e-08	4.01e-14	4.37e-44
 8.86409e+22	9.90e-14	1.41e-08	1.01e-05	3.38e-04	8.10e-02	4.79e-01	4.40e-01	9.90e-14	7.73e-17	1.18e-17	1.41e-08	4.89e-14	6.64e-44
 8.88705e+22	1.18e-13	1.64e-08	1.15e-05	3.74e-04	8.58e-02	4.86e-01	4.28e-01	1.18e-13	9.21e-17	1.41e-17	1.64e-08	5.70e-14	9.09e-44
 8.91022e+22	1.49e-13	1.99e-08	1.37e-05	4.27e-04	9.24e-02	4.95e-01	4.12e-01	1.49e-13	1.16e-16	1.78e-17	1.99e-08	6.93e-14	1.36e-43
 8.93369e+22	1.77e-13	2.32e-08	1.56e-05	4.73e-04	9.79e-02	5.02e-01	4.00e-01	1.77e-13	1.38e-16	2.12e-17	2.32e-08	8.06e-14	1.85e-43
 8.95756e+22	2.22e-13	2.80e-08	1.86e-05	5.40e-04	1.05e-01	5.10e-01	3.84e-01	2.22e-13	1.74e-16	2.66e-17	2.80e-08	9.78e-14	2.74e-43
 8.98180e+22	2.63e-13	3.25e-08	2.12e-05	5.98e-04	1.11e-01	5.16e-01	3.72e-01	2.62e-13	2.06e-16	3.15e-17	3.25e-08	1.14e-13	3.72e-43
 9.00653e+22	3.28e-13	3.93e-08	2.52e-05	6.83e-04	1.20e-01	5.23e-01	3.56e-01	3.28e-13	2.58e-16	3.95e-17	3.93e-08	1.38e-13	5.48e-43
 9.03180e+22	3.88e-13	4.56e-08	2.88e-05	7.57e-04	1.27e-01	5.29e-01	3.44e-01	3.88e-13	3.05e-16	4.67e-17	4.56e-08	1.60e-13	7.48e-43
 9.05777e+22	4.85e-13	5.52e-08	3.43e-05	8.66e-04	1.36e-01	5.35e-01	3.28e-01	4.84e-13	3.81e-16	5.84e-17	5.52e-08	1.94e-13	1.10e-42
 9.08395e+22	5.71e-13	6.38e-08	3.91e-05	9.58e-04	1.44e-01	5.39e-01	3.16e-01	5.70e-13	4.49e-16	6.89e-17	6.38e-08	2.25e-13	1.50e-42
 9.10617e+22	6.64e-13	7.29e-08	4.42e-05	1.05e-03	1.51e-01	5.43e-01	3.05e-01	6.63e-13	5.23e-16	8.03e-17	7.29e-08	2.58e-13	1.97e-42
 9.13084e+22	8.08e-13	8.64e-08	5.17e-05	1.19e-03	1.61e-01	5.47e-01	2.91e-01	8.07e-13	6.37e-16	9.78e-17	8.64e-08	3.07e-13	2.81e-42
 9.15449e+22	9.18e-13	9.71e-08	5.75e-05	1.29e-03	1.68e-01	5.50e-01	2.81e-01	9.17e-13	7.24e-16	1.11e-16	9.71e-08	3.45e-13	3.59e-42
 9.17681e+22	1.09e-12	1.13e-07	6.60e-05	1.43e-03	1.77e-01	5.52e-01	2.69e-01	1.09e-12	8.59e-16	1.32e-16	1.13e-07	4.01e-13	4.90e-42
 9.19943e+22	1.24e-12	1.26e-07	7.34e-05	1.56e-03	1.85e-01	5.54e-01	2.59e-01	1.23e-12	9.76e-16	1.50e-16	1.26e-07	4.52e-13	6.26e-42
 9.22245e+22	1.46e-12	1.47e-07	8.43e-05	1.73e-03	1.95e-01	5.55e-01	2.47e-01	1.46e-12	1.16e-15	1.78e-16	1.47e-07	5.26e-13	8.52e-42
 9.24560e+22	1.66e-12	1.64e-07	9.36e-05	1.88e-03	2.03e-01	5.56e-01	2.38e-01	1.66e-12	1.31e-15	2.02e-16	1.64e-07	5.91e-13	1.09e-41
 9.25639e+22	1.67e-12	1.67e-07	9.49e-05	1.90e-03	2.05e-01	5.56e-01	2.37e-01	1.67e-12	1.32e-15	2.04e-16	1.67e-07	5.99e-13	1.11e-41
