#depth	He	He+	He+2
 5.77920e+21	4.87e-05	7.13e-02	9.29e-01
 1.49752e+22	7.72e-05	8.89e-02	9.11e-01
 2.01305e+22	9.73e-05	9.92e-02	9.01e-01
 2.33358e+22	1.18e-04	1.09e-01	8.91e-01
 2.55902e+22	1.31e-04	1.14e-01	8.86e-01
 2.70786e+22	1.43e-04	1.19e-01	8.81e-01
 2.84762e+22	1.57e-04	1.24e-01	8.76e-01
 2.98695e+22	1.71e-04	1.29e-01	8.71e-01
 3.14713e+22	1.91e-04	1.36e-01	8.64e-01
 3.31092e+22	2.10e-04	1.42e-01	8.58e-01
 3.45582e+22	2.29e-04	1.48e-01	8.52e-01
 3.62057e+22	2.57e-04	1.56e-01	8.44e-01
 3.78800e+22	2.82e-04	1.63e-01	8.37e-01
 3.93647e+22	3.09e-04	1.70e-01	8.30e-01
 4.10704e+22	3.46e-04	1.79e-01	8.21e-01
 4.27922e+22	3.80e-04	1.87e-01	8.13e-01
 4.43041e+22	4.16e-04	1.94e-01	8.05e-01
 4.60386e+22	4.66e-04	2.04e-01	7.95e-01
 4.78031e+22	5.12e-04	2.13e-01	7.87e-01
 4.96066e+22	5.75e-04	2.24e-01	7.75e-01
 5.14283e+22	6.33e-04	2.34e-01	7.66e-01
 5.32738e+22	7.11e-04	2.46e-01	7.53e-01
 5.51502e+22	7.83e-04	2.56e-01	7.43e-01
 5.70669e+22	8.82e-04	2.70e-01	7.30e-01
 5.90204e+22	9.74e-04	2.81e-01	7.18e-01
 6.07562e+22	1.07e-03	2.93e-01	7.06e-01
 6.18610e+22	1.10e-03	2.96e-01	7.03e-01
 6.22936e+22	1.12e-03	2.98e-01	7.01e-01
 6.27382e+22	1.15e-03	3.02e-01	6.97e-01
 6.33162e+22	1.19e-03	3.06e-01	6.93e-01
 6.40677e+22	1.25e-03	3.12e-01	6.87e-01
 6.50446e+22	1.32e-03	3.19e-01	6.79e-01
 6.63146e+22	1.43e-03	3.30e-01	6.69e-01
 6.76926e+22	1.53e-03	3.39e-01	6.59e-01
 6.92112e+22	1.67e-03	3.52e-01	6.47e-01
 7.07551e+22	1.80e-03	3.62e-01	6.36e-01
 7.23320e+22	1.96e-03	3.75e-01	6.23e-01
 7.39440e+22	2.12e-03	3.87e-01	6.11e-01
 7.56018e+22	2.33e-03	4.02e-01	5.95e-01
 7.72502e+22	2.51e-03	4.14e-01	5.84e-01
 7.88866e+22	2.74e-03	4.28e-01	5.69e-01
 8.05836e+22	2.96e-03	4.41e-01	5.56e-01
 8.23594e+22	3.26e-03	4.58e-01	5.39e-01
 8.41431e+22	3.52e-03	4.72e-01	5.24e-01
 8.59373e+22	3.87e-03	4.89e-01	5.07e-01
 8.77820e+22	4.20e-03	5.05e-01	4.91e-01
 8.96923e+22	4.66e-03	5.25e-01	4.71e-01
 9.15988e+22	5.04e-03	5.40e-01	4.55e-01
 9.35001e+22	5.57e-03	5.60e-01	4.34e-01
 9.54358e+22	6.04e-03	5.77e-01	4.17e-01
 9.74164e+22	6.70e-03	5.98e-01	3.95e-01
 9.93952e+22	7.28e-03	6.16e-01	3.77e-01
 1.01372e+23	8.08e-03	6.37e-01	3.54e-01
 1.03349e+23	8.78e-03	6.56e-01	3.36e-01
 1.05328e+23	9.77e-03	6.77e-01	3.13e-01
 1.07302e+23	1.06e-02	6.96e-01	2.94e-01
 1.09269e+23	1.19e-02	7.17e-01	2.71e-01
 1.11225e+23	1.29e-02	7.35e-01	2.52e-01
 1.13167e+23	1.44e-02	7.56e-01	2.30e-01
 1.15111e+23	1.57e-02	7.73e-01	2.12e-01
 1.17059e+23	1.75e-02	7.91e-01	1.91e-01
 1.19009e+23	1.92e-02	8.07e-01	1.73e-01
 1.20963e+23	2.15e-02	8.24e-01	1.55e-01
 1.22931e+23	2.36e-02	8.38e-01	1.39e-01
 1.24643e+23	2.59e-02	8.49e-01	1.25e-01
 1.26598e+23	2.90e-02	8.61e-01	1.10e-01
 1.28578e+23	3.22e-02	8.71e-01	9.66e-02
 1.30082e+23	3.49e-02	8.77e-01	8.77e-02
 1.31527e+23	3.83e-02	8.83e-01	7.89e-02
 1.33088e+23	4.22e-02	8.87e-01	7.08e-02
 1.34523e+23	4.63e-02	8.90e-01	6.41e-02
 1.35865e+23	5.08e-02	8.91e-01	5.82e-02
 1.37129e+23	5.57e-02	8.91e-01	5.33e-02
 1.38311e+23	6.11e-02	8.90e-01	4.91e-02
 1.39419e+23	6.71e-02	8.87e-01	4.54e-02
 1.40445e+23	7.37e-02	8.84e-01	4.25e-02
 1.41383e+23	8.08e-02	8.79e-01	3.99e-02
 1.42228e+23	8.83e-02	8.74e-01	3.79e-02
 1.42972e+23	9.61e-02	8.68e-01	3.63e-02
 1.43644e+23	1.04e-01	8.61e-01	3.50e-02
 1.44256e+23	1.13e-01	8.53e-01	3.40e-02
 1.44811e+23	1.22e-01	8.45e-01	3.32e-02
 1.45325e+23	1.31e-01	8.36e-01	3.25e-02
 1.45808e+23	1.41e-01	8.27e-01	3.20e-02
 1.46256e+23	1.52e-01	8.17e-01	3.17e-02
 1.46667e+23	1.62e-01	8.06e-01	3.16e-02
 1.47026e+23	1.72e-01	7.97e-01	3.16e-02
 1.47335e+23	1.80e-01	7.88e-01	3.17e-02
 1.47579e+23	1.88e-01	7.81e-01	3.18e-02
 1.47776e+23	1.94e-01	7.74e-01	3.19e-02
 1.47986e+23	2.01e-01	7.67e-01	3.19e-02
 1.48229e+23	2.10e-01	7.58e-01	3.20e-02
 1.48486e+23	2.20e-01	7.48e-01	3.21e-02
 1.48731e+23	2.29e-01	7.39e-01	3.23e-02
 1.48918e+23	2.36e-01	7.32e-01	3.25e-02
 1.49038e+23	2.41e-01	7.27e-01	3.26e-02
 1.49154e+23	2.46e-01	7.22e-01	3.26e-02
 1.49296e+23	2.52e-01	7.15e-01	3.26e-02
 1.49455e+23	2.59e-01	7.08e-01	3.26e-02
 1.49610e+23	2.67e-01	7.01e-01	3.26e-02
 1.49761e+23	2.74e-01	6.94e-01	3.26e-02
 1.49914e+23	2.81e-01	6.86e-01	3.26e-02
 1.50076e+23	2.89e-01	6.78e-01	3.26e-02
 1.50243e+23	2.98e-01	6.70e-01	3.25e-02
 1.50409e+23	3.06e-01	6.61e-01	3.24e-02
 1.50577e+23	3.15e-01	6.52e-01	3.23e-02
 1.50754e+23	3.25e-01	6.43e-01	3.22e-02
 1.50937e+23	3.35e-01	6.33e-01	3.20e-02
 1.51123e+23	3.46e-01	6.22e-01	3.18e-02
 1.51311e+23	3.56e-01	6.12e-01	3.16e-02
 1.51506e+23	3.68e-01	6.01e-01	3.13e-02
 1.51710e+23	3.80e-01	5.89e-01	3.10e-02
 1.51919e+23	3.92e-01	5.77e-01	3.06e-02
 1.52133e+23	4.05e-01	5.64e-01	3.03e-02
 1.52353e+23	4.19e-01	5.52e-01	2.98e-02
 1.52581e+23	4.33e-01	5.38e-01	2.93e-02
 1.52818e+23	4.47e-01	5.24e-01	2.88e-02
 1.53062e+23	4.62e-01	5.10e-01	2.82e-02
 1.53315e+23	4.77e-01	4.95e-01	2.76e-02
 1.53577e+23	4.93e-01	4.80e-01	2.69e-02
 1.53850e+23	5.09e-01	4.65e-01	2.62e-02
 1.54134e+23	5.26e-01	4.49e-01	2.55e-02
 1.54425e+23	5.42e-01	4.33e-01	2.47e-02
 1.54723e+23	5.58e-01	4.18e-01	2.38e-02
 1.55029e+23	5.75e-01	4.02e-01	2.30e-02
 1.55345e+23	5.91e-01	3.87e-01	2.20e-02
 1.55679e+23	6.08e-01	3.71e-01	2.11e-02
 1.56027e+23	6.24e-01	3.56e-01	2.01e-02
 1.56382e+23	6.40e-01	3.41e-01	1.92e-02
 1.56749e+23	6.55e-01	3.27e-01	1.82e-02
 1.57139e+23	6.70e-01	3.13e-01	1.73e-02
 1.57549e+23	6.85e-01	2.99e-01	1.63e-02
 1.57978e+23	6.99e-01	2.86e-01	1.53e-02
 1.58433e+23	7.12e-01	2.73e-01	1.44e-02
 1.58915e+23	7.25e-01	2.61e-01	1.34e-02
 1.59423e+23	7.38e-01	2.49e-01	1.25e-02
 1.59948e+23	7.50e-01	2.39e-01	1.16e-02
 1.60459e+23	7.60e-01	2.29e-01	1.09e-02
 1.60949e+23	7.69e-01	2.21e-01	1.02e-02
 1.61430e+23	7.77e-01	2.13e-01	9.52e-03
 1.61902e+23	7.85e-01	2.06e-01	8.94e-03
 1.62364e+23	7.92e-01	2.00e-01	8.41e-03
 1.62808e+23	7.98e-01	1.94e-01	7.93e-03
 1.63231e+23	8.04e-01	1.88e-01	7.49e-03
 1.63628e+23	8.09e-01	1.83e-01	7.10e-03
 1.64011e+23	8.14e-01	1.79e-01	6.73e-03
 1.64396e+23	8.19e-01	1.74e-01	6.40e-03
 1.64768e+23	8.24e-01	1.70e-01	6.08e-03
 1.65126e+23	8.28e-01	1.66e-01	5.79e-03
 1.65472e+23	8.32e-01	1.63e-01	5.52e-03
 1.65805e+23	8.36e-01	1.59e-01	5.27e-03
 1.66128e+23	8.39e-01	1.56e-01	5.03e-03
 1.66440e+23	8.43e-01	1.52e-01	4.81e-03
 1.66739e+23	8.46e-01	1.49e-01	4.61e-03
 1.67029e+23	8.49e-01	1.46e-01	4.42e-03
 1.67308e+23	8.52e-01	1.44e-01	4.24e-03
 1.67573e+23	8.55e-01	1.41e-01	4.08e-03
 1.67833e+23	8.58e-01	1.38e-01	3.91e-03
 1.68085e+23	8.60e-01	1.36e-01	3.76e-03
 1.68315e+23	8.63e-01	1.34e-01	3.63e-03
 1.68525e+23	8.65e-01	1.31e-01	3.51e-03
 1.68715e+23	8.67e-01	1.29e-01	3.40e-03
 1.68889e+23	8.69e-01	1.28e-01	3.30e-03
 1.69046e+23	8.71e-01	1.26e-01	3.21e-03
 1.69190e+23	8.72e-01	1.25e-01	3.14e-03
 1.69321e+23	8.74e-01	1.23e-01	3.06e-03
 1.69464e+23	8.75e-01	1.22e-01	2.98e-03
 1.69619e+23	8.77e-01	1.20e-01	2.91e-03
 1.69759e+23	8.78e-01	1.19e-01	2.84e-03
 1.69913e+23	8.80e-01	1.17e-01	2.76e-03
 1.70080e+23	8.81e-01	1.16e-01	2.69e-03
 1.70231e+23	8.83e-01	1.15e-01	2.63e-03
 1.70369e+23	8.84e-01	1.13e-01	2.57e-03
 1.70520e+23	8.86e-01	1.12e-01	2.49e-03
 1.70683e+23	8.87e-01	1.10e-01	2.43e-03
 1.70832e+23	8.88e-01	1.09e-01	2.38e-03
 1.70994e+23	8.90e-01	1.08e-01	2.31e-03
 1.71170e+23	8.91e-01	1.06e-01	2.26e-03
 1.71330e+23	8.93e-01	1.05e-01	2.20e-03
 1.71475e+23	8.94e-01	1.04e-01	2.16e-03
 1.71634e+23	8.95e-01	1.03e-01	2.09e-03
 1.71806e+23	8.97e-01	1.01e-01	2.04e-03
 1.71963e+23	8.98e-01	1.00e-01	1.99e-03
 1.72105e+23	8.99e-01	9.93e-02	1.95e-03
 1.72261e+23	9.00e-01	9.79e-02	1.90e-03
 1.72430e+23	9.01e-01	9.68e-02	1.85e-03
 1.72583e+23	9.03e-01	9.55e-02	1.80e-03
 1.72722e+23	9.03e-01	9.47e-02	1.77e-03
 1.72875e+23	9.05e-01	9.34e-02	1.72e-03
 1.73040e+23	9.06e-01	9.23e-02	1.68e-03
 1.73190e+23	9.07e-01	9.12e-02	1.64e-03
 1.73327e+23	9.08e-01	9.02e-02	1.60e-03
 1.73451e+23	9.09e-01	8.94e-02	1.57e-03
 1.73588e+23	9.10e-01	8.82e-02	1.53e-03
 1.73765e+23	9.12e-01	8.69e-02	1.48e-03
 1.73956e+23	9.13e-01	8.59e-02	1.45e-03
 1.74130e+23	9.14e-01	8.47e-02	1.41e-03
 1.74289e+23	9.15e-01	8.37e-02	1.37e-03
 1.74462e+23	9.16e-01	8.23e-02	1.33e-03
 1.74650e+23	9.18e-01	8.12e-02	1.29e-03
 1.74820e+23	9.19e-01	8.02e-02	1.26e-03
 1.74975e+23	9.20e-01	7.92e-02	1.23e-03
 1.75116e+23	9.21e-01	7.83e-02	1.20e-03
 1.75271e+23	9.22e-01	7.71e-02	1.16e-03
 1.75438e+23	9.23e-01	7.62e-02	1.14e-03
 1.75590e+23	9.24e-01	7.53e-02	1.11e-03
 1.75728e+23	9.24e-01	7.45e-02	1.09e-03
 1.75880e+23	9.25e-01	7.35e-02	1.05e-03
 1.76044e+23	9.26e-01	7.29e-02	1.04e-03
 1.76223e+23	9.27e-01	7.18e-02	1.01e-03
 1.76417e+23	9.28e-01	7.10e-02	9.83e-04
 1.76593e+23	9.29e-01	7.00e-02	9.57e-04
 1.76753e+23	9.30e-01	6.94e-02	9.39e-04
 1.76929e+23	9.31e-01	6.83e-02	9.10e-04
 1.77118e+23	9.32e-01	6.75e-02	8.88e-04
 1.77291e+23	9.32e-01	6.68e-02	8.68e-04
 1.77480e+23	9.33e-01	6.57e-02	8.41e-04
 1.77684e+23	9.34e-01	6.49e-02	8.20e-04
 1.77870e+23	9.35e-01	6.40e-02	7.97e-04
 1.78039e+23	9.36e-01	6.33e-02	7.81e-04
 1.78224e+23	9.37e-01	6.23e-02	7.57e-04
 1.78424e+23	9.38e-01	6.16e-02	7.39e-04
 1.78606e+23	9.38e-01	6.09e-02	7.22e-04
 1.78806e+23	9.39e-01	5.99e-02	6.98e-04
 1.79021e+23	9.40e-01	5.91e-02	6.80e-04
 1.79217e+23	9.41e-01	5.84e-02	6.64e-04
 1.79432e+23	9.42e-01	5.74e-02	6.40e-04
 1.79663e+23	9.43e-01	5.66e-02	6.23e-04
 1.79874e+23	9.44e-01	5.59e-02	6.07e-04
 1.80105e+23	9.45e-01	5.48e-02	5.84e-04
 1.80355e+23	9.45e-01	5.41e-02	5.69e-04
 1.80582e+23	9.46e-01	5.32e-02	5.51e-04
 1.80789e+23	9.47e-01	5.24e-02	5.35e-04
 1.80977e+23	9.48e-01	5.19e-02	5.23e-04
 1.81183e+23	9.48e-01	5.10e-02	5.06e-04
 1.81405e+23	9.49e-01	5.04e-02	4.93e-04
 1.81607e+23	9.50e-01	4.98e-02	4.82e-04
 1.81829e+23	9.51e-01	4.89e-02	4.65e-04
 1.82069e+23	9.51e-01	4.82e-02	4.52e-04
 1.82287e+23	9.52e-01	4.77e-02	4.41e-04
 1.82525e+23	9.53e-01	4.68e-02	4.25e-04
 1.82783e+23	9.54e-01	4.61e-02	4.13e-04
 1.83018e+23	9.54e-01	4.55e-02	4.02e-04
 1.83275e+23	9.55e-01	4.46e-02	3.87e-04
 1.83552e+23	9.56e-01	4.39e-02	3.75e-04
 1.83805e+23	9.56e-01	4.33e-02	3.65e-04
 1.84082e+23	9.57e-01	4.25e-02	3.50e-04
 1.84380e+23	9.58e-01	4.17e-02	3.38e-04
 1.84652e+23	9.59e-01	4.11e-02	3.29e-04
 1.84950e+23	9.59e-01	4.03e-02	3.15e-04
 1.85272e+23	9.60e-01	3.96e-02	3.05e-04
 1.85564e+23	9.61e-01	3.89e-02	2.94e-04
 1.85831e+23	9.61e-01	3.83e-02	2.85e-04
 1.86123e+23	9.62e-01	3.75e-02	2.74e-04
 1.86438e+23	9.63e-01	3.69e-02	2.65e-04
 1.86724e+23	9.63e-01	3.63e-02	2.57e-04
 1.87038e+23	9.64e-01	3.56e-02	2.46e-04
 1.87378e+23	9.65e-01	3.49e-02	2.37e-04
 1.87686e+23	9.65e-01	3.44e-02	2.30e-04
 1.88025e+23	9.66e-01	3.36e-02	2.20e-04
 1.88390e+23	9.67e-01	3.29e-02	2.11e-04
 1.88722e+23	9.67e-01	3.24e-02	2.04e-04
 1.89086e+23	9.68e-01	3.16e-02	1.95e-04
 1.89479e+23	9.69e-01	3.10e-02	1.87e-04
 1.89837e+23	9.69e-01	3.04e-02	1.80e-04
 1.90162e+23	9.70e-01	2.99e-02	1.74e-04
 1.90519e+23	9.71e-01	2.92e-02	1.66e-04
 1.90904e+23	9.71e-01	2.86e-02	1.59e-04
 1.91254e+23	9.72e-01	2.81e-02	1.54e-04
 1.91638e+23	9.72e-01	2.75e-02	1.47e-04
 1.92053e+23	9.73e-01	2.69e-02	1.41e-04
 1.92430e+23	9.74e-01	2.64e-02	1.35e-04
 1.92774e+23	9.74e-01	2.59e-02	1.31e-04
 1.93150e+23	9.75e-01	2.53e-02	1.25e-04
 1.93556e+23	9.75e-01	2.48e-02	1.20e-04
 1.93925e+23	9.76e-01	2.44e-02	1.15e-04
 1.94330e+23	9.76e-01	2.38e-02	1.10e-04
 1.94768e+23	9.77e-01	2.33e-02	1.06e-04
 1.95165e+23	9.77e-01	2.28e-02	1.01e-04
 1.95601e+23	9.78e-01	2.23e-02	9.67e-05
 1.96072e+23	9.78e-01	2.18e-02	9.22e-05
 1.96500e+23	9.79e-01	2.13e-02	8.83e-05
 1.96890e+23	9.79e-01	2.09e-02	8.49e-05
 1.97317e+23	9.80e-01	2.04e-02	8.11e-05
 1.97778e+23	9.80e-01	1.99e-02	7.75e-05
 1.98198e+23	9.80e-01	1.95e-02	7.45e-05
 1.98657e+23	9.81e-01	1.90e-02	7.07e-05
 1.99238e+23	9.81e-01	1.85e-02	6.65e-05
 1.99889e+23	9.82e-01	1.79e-02	6.22e-05
 2.00554e+23	9.83e-01	1.73e-02	5.82e-05
 2.01232e+23	9.83e-01	1.67e-02	5.44e-05
 2.01920e+23	9.84e-01	1.61e-02	5.08e-05
 2.02615e+23	9.84e-01	1.56e-02	4.74e-05
 2.03317e+23	9.85e-01	1.51e-02	4.43e-05
 2.04027e+23	9.85e-01	1.45e-02	4.13e-05
 2.04741e+23	9.86e-01	1.40e-02	3.85e-05
 2.05462e+23	9.86e-01	1.36e-02	3.59e-05
 2.06192e+23	9.87e-01	1.31e-02	3.35e-05
 2.06929e+23	9.87e-01	1.26e-02	3.12e-05
 2.07671e+23	9.88e-01	1.22e-02	2.90e-05
 2.08420e+23	9.88e-01	1.18e-02	2.70e-05
 2.09174e+23	9.89e-01	1.13e-02	2.51e-05
 2.09933e+23	9.89e-01	1.09e-02	2.34e-05
 2.10696e+23	9.89e-01	1.05e-02	2.17e-05
 2.11467e+23	9.90e-01	1.02e-02	2.02e-05
 2.12243e+23	9.90e-01	9.80e-03	1.88e-05
 2.13026e+23	9.91e-01	9.45e-03	1.75e-05
 2.13814e+23	9.91e-01	9.10e-03	1.62e-05
 2.14607e+23	9.91e-01	8.77e-03	1.51e-05
 2.15407e+23	9.92e-01	8.45e-03	1.40e-05
 2.16218e+23	9.92e-01	8.14e-03	1.30e-05
 2.17048e+23	9.92e-01	7.83e-03	1.20e-05
 2.17890e+23	9.92e-01	7.54e-03	1.11e-05
 2.18742e+23	9.93e-01	7.25e-03	1.03e-05
 2.19603e+23	9.93e-01	6.97e-03	9.52e-06
 2.20473e+23	9.93e-01	6.70e-03	8.80e-06
 2.21352e+23	9.94e-01	6.44e-03	8.13e-06
 2.22242e+23	9.94e-01	6.19e-03	7.50e-06
 2.23146e+23	9.94e-01	5.94e-03	6.92e-06
 2.24065e+23	9.94e-01	5.71e-03	6.38e-06
 2.25004e+23	9.95e-01	5.47e-03	5.87e-06
 2.25967e+23	9.95e-01	5.25e-03	5.40e-06
 2.26949e+23	9.95e-01	5.03e-03	4.95e-06
 2.27948e+23	9.95e-01	4.81e-03	4.54e-06
 2.28965e+23	9.95e-01	4.61e-03	4.16e-06
 2.30001e+23	9.96e-01	4.41e-03	3.80e-06
 2.31056e+23	9.96e-01	4.21e-03	3.47e-06
 2.32132e+23	9.96e-01	4.02e-03	3.17e-06
 2.33235e+23	9.96e-01	3.84e-03	2.89e-06
 2.34366e+23	9.96e-01	3.66e-03	2.63e-06
 2.35522e+23	9.97e-01	3.49e-03	2.38e-06
 2.36705e+23	9.97e-01	3.32e-03	2.16e-06
 2.37916e+23	9.97e-01	3.16e-03	1.95e-06
 2.39156e+23	9.97e-01	3.00e-03	1.76e-06
 2.40433e+23	9.97e-01	2.85e-03	1.59e-06
 2.41740e+23	9.97e-01	2.70e-03	1.43e-06
 2.43060e+23	9.97e-01	2.56e-03	1.29e-06
 2.44390e+23	9.98e-01	2.43e-03	1.16e-06
 2.45732e+23	9.98e-01	2.30e-03	1.04e-06
 2.47092e+23	9.98e-01	2.18e-03	9.33e-07
 2.48465e+23	9.98e-01	2.07e-03	8.37e-07
 2.49852e+23	9.98e-01	1.96e-03	7.51e-07
 2.51254e+23	9.98e-01	1.86e-03	6.73e-07
 2.52671e+23	9.98e-01	1.76e-03	6.03e-07
 2.54104e+23	9.98e-01	1.66e-03	5.40e-07
 2.55546e+23	9.98e-01	1.57e-03	4.83e-07
 2.57002e+23	9.99e-01	1.49e-03	4.31e-07
 2.58478e+23	9.99e-01	1.40e-03	3.85e-07
 2.59964e+23	9.99e-01	1.33e-03	3.44e-07
 2.61456e+23	9.99e-01	1.25e-03	3.07e-07
 2.62968e+23	9.99e-01	1.18e-03	2.73e-07
 2.64505e+23	9.99e-01	1.12e-03	2.43e-07
 2.66041e+23	9.99e-01	1.05e-03	2.17e-07
 2.67522e+23	9.99e-01	9.97e-04	1.94e-07
 2.68907e+23	9.99e-01	9.48e-04	1.75e-07
 2.70198e+23	9.99e-01	9.04e-04	1.59e-07
 2.71418e+23	9.99e-01	8.64e-04	1.45e-07
 2.72584e+23	9.99e-01	8.27e-04	1.33e-07
 2.73698e+23	9.99e-01	7.94e-04	1.23e-07
 2.74755e+23	9.99e-01	7.63e-04	1.14e-07
 2.75755e+23	9.99e-01	7.35e-04	1.05e-07
 2.76702e+23	9.99e-01	7.10e-04	9.83e-08
 2.77602e+23	9.99e-01	6.88e-04	9.22e-08
 2.78451e+23	9.99e-01	6.67e-04	8.66e-08
 2.79255e+23	9.99e-01	6.47e-04	8.16e-08
 2.80027e+23	9.99e-01	6.29e-04	7.70e-08
 2.80769e+23	9.99e-01	6.11e-04	7.28e-08
 2.81477e+23	9.99e-01	5.96e-04	6.91e-08
 2.82150e+23	9.99e-01	5.81e-04	6.57e-08
 2.82789e+23	9.99e-01	5.67e-04	6.27e-08
 2.83399e+23	9.99e-01	5.54e-04	5.99e-08
 2.83985e+23	9.99e-01	5.42e-04	5.73e-08
 2.84550e+23	9.99e-01	5.31e-04	5.49e-08
 2.85092e+23	9.99e-01	5.20e-04	5.26e-08
 2.85614e+23	9.99e-01	5.10e-04	5.06e-08
 2.86117e+23	9.99e-01	5.00e-04	4.87e-08
 2.86601e+23	1.00e+00	4.91e-04	4.70e-08
 2.87068e+23	1.00e+00	4.82e-04	4.53e-08
 2.87520e+23	1.00e+00	4.74e-04	4.38e-08
 2.87961e+23	1.00e+00	4.66e-04	4.24e-08
 2.88392e+23	1.00e+00	4.59e-04	4.10e-08
 2.88814e+23	1.00e+00	4.51e-04	3.97e-08
 2.89227e+23	1.00e+00	4.44e-04	3.85e-08
 2.89631e+23	1.00e+00	4.37e-04	3.73e-08
 2.90031e+23	1.00e+00	4.31e-04	3.62e-08
 2.90429e+23	1.00e+00	4.24e-04	3.51e-08
 2.90826e+23	1.00e+00	4.18e-04	3.40e-08
 2.91223e+23	1.00e+00	4.11e-04	3.30e-08
 2.91621e+23	1.00e+00	4.05e-04	3.20e-08
 2.92021e+23	1.00e+00	3.99e-04	3.10e-08
 2.92426e+23	1.00e+00	3.92e-04	3.00e-08
 2.92839e+23	1.00e+00	3.86e-04	2.91e-08
 2.93263e+23	1.00e+00	3.80e-04	2.81e-08
 2.93701e+23	1.00e+00	3.73e-04	2.71e-08
 2.94153e+23	1.00e+00	3.66e-04	2.62e-08
 2.94620e+23	1.00e+00	3.59e-04	2.52e-08
 2.95105e+23	1.00e+00	3.52e-04	2.42e-08
 2.95613e+23	1.00e+00	3.45e-04	2.32e-08
 2.96149e+23	1.00e+00	3.38e-04	2.23e-08
 2.96712e+23	1.00e+00	3.31e-04	2.13e-08
 2.97300e+23	1.00e+00	3.23e-04	2.03e-08
 2.97917e+23	1.00e+00	3.14e-04	1.93e-08
 2.98575e+23	1.00e+00	3.06e-04	1.83e-08
 2.99279e+23	1.00e+00	2.97e-04	1.73e-08
 3.00020e+23	1.00e+00	2.88e-04	1.62e-08
 3.00796e+23	1.00e+00	2.80e-04	1.52e-08
 3.01615e+23	1.00e+00	2.70e-04	1.43e-08
 3.02482e+23	1.00e+00	2.61e-04	1.32e-08
 3.03411e+23	1.00e+00	2.51e-04	1.23e-08
 3.04404e+23	1.00e+00	2.41e-04	1.13e-08
 3.05456e+23	1.00e+00	2.30e-04	1.03e-08
 3.06574e+23	1.00e+00	2.19e-04	9.39e-09
 3.07773e+23	1.00e+00	2.08e-04	8.47e-09
 3.08481e+23	1.00e+00	2.06e-04	8.26e-09
