#depth	H	H+	H2
 5.77920e+21	3.46e-04	1.00e+00	1.60e-21
 1.49752e+22	4.42e-04	1.00e+00	3.97e-21
 2.01305e+22	4.99e-04	1.00e+00	7.83e-21
 2.33358e+22	5.54e-04	9.99e-01	1.39e-20
 2.55902e+22	5.85e-04	9.99e-01	1.92e-20
 2.70786e+22	6.15e-04	9.99e-01	2.54e-20
 2.84762e+22	6.47e-04	9.99e-01	3.36e-20
 2.98695e+22	6.76e-04	9.99e-01	4.48e-20
 3.14713e+22	7.18e-04	9.99e-01	6.42e-20
 3.31092e+22	7.56e-04	9.99e-01	8.99e-20
 3.45582e+22	7.94e-04	9.99e-01	1.22e-19
 3.62057e+22	8.44e-04	9.99e-01	1.85e-19
 3.78800e+22	8.89e-04	9.99e-01	2.69e-19
 3.93647e+22	9.35e-04	9.99e-01	3.77e-19
 4.10704e+22	9.95e-04	9.99e-01	6.02e-19
 4.27922e+22	1.05e-03	9.99e-01	9.10e-19
 4.43041e+22	1.10e-03	9.99e-01	1.31e-18
 4.60386e+22	1.17e-03	9.99e-01	2.26e-18
 4.78031e+22	1.24e-03	9.99e-01	3.85e-18
 4.96066e+22	1.32e-03	9.99e-01	7.43e-18
 5.14283e+22	1.40e-03	9.99e-01	1.61e-17
 5.32738e+22	1.49e-03	9.99e-01	3.36e-17
 5.51502e+22	1.57e-03	9.98e-01	7.96e-17
 5.70669e+22	1.69e-03	9.98e-01	1.40e-16
 5.90204e+22	1.79e-03	9.98e-01	2.38e-16
 6.07562e+22	1.88e-03	9.98e-01	3.47e-16
 6.18610e+22	1.91e-03	9.98e-01	4.12e-16
 6.22936e+22	1.93e-03	9.98e-01	4.43e-16
 6.27382e+22	1.97e-03	9.98e-01	4.93e-16
 6.33162e+22	2.00e-03	9.98e-01	5.52e-16
 6.40677e+22	2.06e-03	9.98e-01	6.73e-16
 6.50446e+22	2.13e-03	9.98e-01	8.25e-16
 6.63146e+22	2.23e-03	9.98e-01	1.10e-15
 6.76926e+22	2.32e-03	9.98e-01	1.39e-15
 6.92112e+22	2.45e-03	9.98e-01	1.86e-15
 7.07551e+22	2.55e-03	9.97e-01	2.34e-15
 7.23320e+22	2.69e-03	9.97e-01	3.06e-15
 7.39440e+22	2.81e-03	9.97e-01	3.86e-15
 7.56018e+22	2.98e-03	9.97e-01	5.26e-15
 7.72502e+22	3.11e-03	9.97e-01	6.36e-15
 7.88866e+22	3.28e-03	9.97e-01	8.07e-15
 8.05836e+22	3.43e-03	9.97e-01	9.89e-15
 8.23594e+22	3.64e-03	9.96e-01	1.27e-14
 8.41431e+22	3.82e-03	9.96e-01	1.55e-14
 8.59373e+22	4.04e-03	9.96e-01	1.96e-14
 8.77820e+22	4.24e-03	9.96e-01	2.38e-14
 8.96923e+22	4.53e-03	9.95e-01	3.06e-14
 9.15988e+22	4.75e-03	9.95e-01	3.69e-14
 9.35001e+22	5.05e-03	9.95e-01	4.71e-14
 9.54358e+22	5.31e-03	9.95e-01	5.75e-14
 9.74164e+22	5.67e-03	9.94e-01	7.45e-14
 9.93952e+22	5.96e-03	9.94e-01	9.11e-14
 1.01372e+23	6.39e-03	9.94e-01	1.19e-13
 1.03349e+23	6.72e-03	9.93e-01	1.45e-13
 1.05328e+23	7.23e-03	9.93e-01	1.91e-13
 1.07302e+23	7.62e-03	9.92e-01	2.35e-13
 1.09269e+23	8.24e-03	9.92e-01	3.13e-13
 1.11225e+23	8.73e-03	9.91e-01	3.89e-13
 1.13167e+23	9.47e-03	9.91e-01	5.21e-13
 1.15111e+23	1.01e-02	9.90e-01	6.61e-13
 1.17059e+23	1.11e-02	9.89e-01	9.02e-13
 1.19009e+23	1.19e-02	9.88e-01	1.17e-12
 1.20963e+23	1.32e-02	9.87e-01	1.64e-12
 1.22931e+23	1.44e-02	9.86e-01	2.19e-12
 1.24643e+23	1.58e-02	9.84e-01	2.95e-12
 1.26598e+23	1.79e-02	9.82e-01	4.32e-12
 1.28578e+23	2.03e-02	9.80e-01	6.19e-12
 1.30082e+23	2.24e-02	9.78e-01	8.26e-12
 1.31527e+23	2.53e-02	9.75e-01	1.16e-11
 1.33088e+23	2.89e-02	9.71e-01	1.67e-11
 1.34523e+23	3.33e-02	9.67e-01	2.40e-11
 1.35865e+23	3.85e-02	9.61e-01	3.50e-11
 1.37129e+23	4.50e-02	9.55e-01	5.13e-11
 1.38311e+23	5.27e-02	9.47e-01	7.53e-11
 1.39419e+23	6.26e-02	9.37e-01	1.13e-10
 1.40445e+23	7.44e-02	9.26e-01	1.67e-10
 1.41383e+23	8.89e-02	9.11e-01	2.50e-10
 1.42228e+23	1.06e-01	8.94e-01	3.67e-10
 1.42972e+23	1.25e-01	8.75e-01	5.24e-10
 1.43644e+23	1.47e-01	8.53e-01	7.43e-10
 1.44256e+23	1.72e-01	8.28e-01	1.03e-09
 1.44811e+23	1.99e-01	8.01e-01	1.39e-09
 1.45325e+23	2.29e-01	7.71e-01	1.84e-09
 1.45808e+23	2.61e-01	7.39e-01	2.41e-09
 1.46256e+23	2.95e-01	7.05e-01	3.07e-09
 1.46667e+23	3.30e-01	6.70e-01	3.81e-09
 1.47026e+23	3.62e-01	6.38e-01	4.55e-09
 1.47335e+23	3.92e-01	6.08e-01	5.26e-09
 1.47579e+23	4.15e-01	5.85e-01	5.85e-09
 1.47776e+23	4.34e-01	5.66e-01	6.35e-09
 1.47986e+23	4.55e-01	5.45e-01	6.92e-09
 1.48229e+23	4.79e-01	5.21e-01	7.60e-09
 1.48486e+23	5.04e-01	4.96e-01	8.34e-09
 1.48731e+23	5.27e-01	4.73e-01	8.96e-09
 1.48918e+23	5.43e-01	4.57e-01	9.44e-09
 1.49038e+23	5.54e-01	4.46e-01	9.75e-09
 1.49154e+23	5.64e-01	4.36e-01	1.01e-08
 1.49296e+23	5.76e-01	4.24e-01	1.04e-08
 1.49455e+23	5.90e-01	4.10e-01	1.08e-08
 1.49610e+23	6.02e-01	3.98e-01	1.12e-08
 1.49761e+23	6.14e-01	3.86e-01	1.16e-08
 1.49914e+23	6.25e-01	3.75e-01	1.19e-08
 1.50076e+23	6.37e-01	3.63e-01	1.23e-08
 1.50243e+23	6.49e-01	3.51e-01	1.26e-08
 1.50409e+23	6.60e-01	3.40e-01	1.30e-08
 1.50577e+23	6.71e-01	3.29e-01	1.33e-08
 1.50754e+23	6.82e-01	3.18e-01	1.36e-08
 1.50937e+23	6.93e-01	3.07e-01	1.40e-08
 1.51123e+23	7.03e-01	2.97e-01	1.43e-08
 1.51311e+23	7.13e-01	2.87e-01	1.46e-08
 1.51506e+23	7.24e-01	2.76e-01	1.49e-08
 1.51710e+23	7.33e-01	2.67e-01	1.52e-08
 1.51919e+23	7.43e-01	2.57e-01	1.55e-08
 1.52133e+23	7.52e-01	2.48e-01	1.57e-08
 1.52353e+23	7.62e-01	2.38e-01	1.60e-08
 1.52581e+23	7.70e-01	2.30e-01	1.63e-08
 1.52818e+23	7.79e-01	2.21e-01	1.65e-08
 1.53062e+23	7.88e-01	2.12e-01	1.68e-08
 1.53315e+23	7.96e-01	2.04e-01	1.70e-08
 1.53577e+23	8.03e-01	1.97e-01	1.72e-08
 1.53850e+23	8.11e-01	1.89e-01	1.75e-08
 1.54134e+23	8.19e-01	1.81e-01	1.77e-08
 1.54425e+23	8.25e-01	1.75e-01	1.80e-08
 1.54723e+23	8.32e-01	1.68e-01	1.82e-08
 1.55029e+23	8.38e-01	1.62e-01	1.84e-08
 1.55345e+23	8.44e-01	1.56e-01	1.87e-08
 1.55679e+23	8.50e-01	1.50e-01	1.89e-08
 1.56027e+23	8.55e-01	1.45e-01	1.92e-08
 1.56382e+23	8.61e-01	1.39e-01	1.95e-08
 1.56749e+23	8.65e-01	1.35e-01	1.99e-08
 1.57139e+23	8.70e-01	1.30e-01	2.02e-08
 1.57549e+23	8.74e-01	1.26e-01	2.07e-08
 1.57978e+23	8.79e-01	1.21e-01	2.11e-08
 1.58433e+23	8.83e-01	1.17e-01	2.17e-08
 1.58915e+23	8.87e-01	1.13e-01	2.23e-08
 1.59423e+23	8.91e-01	1.09e-01	2.31e-08
 1.59948e+23	8.94e-01	1.06e-01	2.39e-08
 1.60459e+23	8.97e-01	1.03e-01	2.48e-08
 1.60949e+23	9.00e-01	9.96e-02	2.57e-08
 1.61430e+23	9.03e-01	9.70e-02	2.67e-08
 1.61902e+23	9.06e-01	9.44e-02	2.78e-08
 1.62364e+23	9.08e-01	9.20e-02	2.87e-08
 1.62808e+23	9.10e-01	8.97e-02	2.97e-08
 1.63231e+23	9.12e-01	8.76e-02	3.07e-08
 1.63628e+23	9.14e-01	8.58e-02	3.16e-08
 1.64011e+23	9.16e-01	8.39e-02	3.27e-08
 1.64396e+23	9.18e-01	8.20e-02	3.38e-08
 1.64768e+23	9.20e-01	8.03e-02	3.51e-08
 1.65126e+23	9.21e-01	7.86e-02	3.64e-08
 1.65472e+23	9.23e-01	7.71e-02	3.78e-08
 1.65805e+23	9.24e-01	7.55e-02	3.92e-08
 1.66128e+23	9.26e-01	7.41e-02	4.07e-08
 1.66440e+23	9.27e-01	7.26e-02	4.22e-08
 1.66739e+23	9.29e-01	7.13e-02	4.39e-08
 1.67029e+23	9.30e-01	7.00e-02	4.57e-08
 1.67308e+23	9.31e-01	6.87e-02	4.77e-08
 1.67573e+23	9.32e-01	6.75e-02	4.97e-08
 1.67833e+23	9.34e-01	6.63e-02	5.19e-08
 1.68085e+23	9.35e-01	6.52e-02	5.42e-08
 1.68315e+23	9.36e-01	6.42e-02	5.64e-08
 1.68525e+23	9.37e-01	6.33e-02	5.87e-08
 1.68715e+23	9.38e-01	6.25e-02	6.08e-08
 1.68889e+23	9.38e-01	6.17e-02	6.28e-08
 1.69046e+23	9.39e-01	6.11e-02	6.48e-08
 1.69190e+23	9.40e-01	6.05e-02	6.66e-08
 1.69321e+23	9.40e-01	6.00e-02	6.82e-08
 1.69464e+23	9.41e-01	5.93e-02	7.05e-08
 1.69619e+23	9.42e-01	5.84e-02	7.26e-08
 1.69759e+23	9.42e-01	5.79e-02	7.45e-08
 1.69913e+23	9.43e-01	5.71e-02	7.68e-08
 1.70080e+23	9.44e-01	5.63e-02	7.91e-08
 1.70231e+23	9.44e-01	5.56e-02	8.11e-08
 1.70369e+23	9.45e-01	5.51e-02	8.28e-08
 1.70520e+23	9.46e-01	5.44e-02	8.50e-08
 1.70683e+23	9.46e-01	5.36e-02	8.71e-08
 1.70832e+23	9.47e-01	5.31e-02	8.85e-08
 1.70994e+23	9.48e-01	5.25e-02	9.03e-08
 1.71170e+23	9.48e-01	5.17e-02	9.20e-08
 1.71330e+23	9.49e-01	5.10e-02	9.36e-08
 1.71475e+23	9.49e-01	5.07e-02	9.47e-08
 1.71634e+23	9.50e-01	5.01e-02	9.57e-08
 1.71806e+23	9.51e-01	4.93e-02	9.69e-08
 1.71963e+23	9.51e-01	4.88e-02	9.80e-08
 1.72105e+23	9.52e-01	4.85e-02	9.86e-08
 1.72261e+23	9.52e-01	4.79e-02	9.93e-08
 1.72430e+23	9.53e-01	4.72e-02	1.00e-07
 1.72583e+23	9.53e-01	4.66e-02	1.01e-07
 1.72722e+23	9.54e-01	4.64e-02	1.01e-07
 1.72875e+23	9.54e-01	4.58e-02	1.01e-07
 1.73040e+23	9.55e-01	4.51e-02	1.02e-07
 1.73190e+23	9.55e-01	4.47e-02	1.02e-07
 1.73327e+23	9.56e-01	4.43e-02	1.02e-07
 1.73451e+23	9.56e-01	4.40e-02	1.02e-07
 1.73588e+23	9.57e-01	4.35e-02	1.02e-07
 1.73765e+23	9.57e-01	4.28e-02	1.02e-07
 1.73956e+23	9.58e-01	4.20e-02	1.02e-07
 1.74130e+23	9.59e-01	4.14e-02	1.02e-07
 1.74289e+23	9.59e-01	4.10e-02	1.02e-07
 1.74462e+23	9.60e-01	4.05e-02	1.01e-07
 1.74650e+23	9.60e-01	3.98e-02	1.01e-07
 1.74820e+23	9.61e-01	3.94e-02	1.00e-07
 1.74975e+23	9.61e-01	3.90e-02	1.00e-07
 1.75116e+23	9.61e-01	3.86e-02	9.95e-08
 1.75271e+23	9.62e-01	3.82e-02	9.88e-08
 1.75438e+23	9.62e-01	3.76e-02	9.85e-08
 1.75590e+23	9.63e-01	3.72e-02	9.80e-08
 1.75728e+23	9.63e-01	3.69e-02	9.78e-08
 1.75880e+23	9.63e-01	3.65e-02	9.72e-08
 1.76044e+23	9.64e-01	3.62e-02	9.74e-08
 1.76223e+23	9.64e-01	3.57e-02	9.69e-08
 1.76417e+23	9.65e-01	3.51e-02	9.68e-08
 1.76593e+23	9.65e-01	3.47e-02	9.64e-08
 1.76753e+23	9.66e-01	3.45e-02	9.63e-08
 1.76929e+23	9.66e-01	3.41e-02	9.57e-08
 1.77118e+23	9.66e-01	3.36e-02	9.56e-08
 1.77291e+23	9.67e-01	3.33e-02	9.54e-08
 1.77480e+23	9.67e-01	3.28e-02	9.48e-08
 1.77684e+23	9.68e-01	3.23e-02	9.47e-08
 1.77870e+23	9.68e-01	3.20e-02	9.43e-08
 1.78039e+23	9.68e-01	3.17e-02	9.42e-08
 1.78224e+23	9.69e-01	3.13e-02	9.36e-08
 1.78424e+23	9.69e-01	3.09e-02	9.36e-08
 1.78606e+23	9.69e-01	3.06e-02	9.34e-08
 1.78806e+23	9.70e-01	3.02e-02	9.28e-08
 1.79021e+23	9.70e-01	2.97e-02	9.27e-08
 1.79217e+23	9.71e-01	2.95e-02	9.27e-08
 1.79432e+23	9.71e-01	2.90e-02	9.20e-08
 1.79663e+23	9.71e-01	2.86e-02	9.20e-08
 1.79874e+23	9.72e-01	2.83e-02	9.19e-08
 1.80105e+23	9.72e-01	2.78e-02	9.13e-08
 1.80355e+23	9.73e-01	2.74e-02	9.14e-08
 1.80582e+23	9.73e-01	2.70e-02	9.10e-08
 1.80789e+23	9.73e-01	2.67e-02	9.05e-08
 1.80977e+23	9.73e-01	2.65e-02	9.05e-08
 1.81183e+23	9.74e-01	2.62e-02	9.02e-08
 1.81405e+23	9.74e-01	2.58e-02	9.04e-08
 1.81607e+23	9.74e-01	2.56e-02	9.04e-08
 1.81829e+23	9.75e-01	2.52e-02	9.01e-08
 1.82069e+23	9.75e-01	2.48e-02	9.02e-08
 1.82287e+23	9.75e-01	2.46e-02	9.03e-08
 1.82525e+23	9.76e-01	2.42e-02	9.00e-08
 1.82783e+23	9.76e-01	2.38e-02	9.01e-08
 1.83018e+23	9.76e-01	2.36e-02	9.02e-08
 1.83275e+23	9.77e-01	2.32e-02	8.99e-08
 1.83552e+23	9.77e-01	2.28e-02	9.00e-08
 1.83805e+23	9.77e-01	2.26e-02	9.01e-08
 1.84082e+23	9.78e-01	2.22e-02	8.99e-08
 1.84380e+23	9.78e-01	2.18e-02	9.00e-08
 1.84652e+23	9.78e-01	2.16e-02	9.00e-08
 1.84950e+23	9.79e-01	2.12e-02	8.98e-08
 1.85272e+23	9.79e-01	2.08e-02	9.01e-08
 1.85564e+23	9.79e-01	2.05e-02	8.99e-08
 1.85831e+23	9.80e-01	2.03e-02	8.99e-08
 1.86123e+23	9.80e-01	2.00e-02	8.96e-08
 1.86438e+23	9.80e-01	1.96e-02	8.97e-08
 1.86724e+23	9.81e-01	1.94e-02	8.98e-08
 1.87038e+23	9.81e-01	1.91e-02	8.96e-08
 1.87378e+23	9.81e-01	1.87e-02	8.97e-08
 1.87686e+23	9.82e-01	1.85e-02	8.98e-08
 1.88025e+23	9.82e-01	1.81e-02	8.96e-08
 1.88390e+23	9.82e-01	1.78e-02	8.97e-08
 1.88722e+23	9.82e-01	1.76e-02	8.98e-08
 1.89086e+23	9.83e-01	1.72e-02	8.97e-08
 1.89479e+23	9.83e-01	1.69e-02	8.99e-08
 1.89837e+23	9.83e-01	1.66e-02	8.97e-08
 1.90162e+23	9.84e-01	1.64e-02	8.98e-08
 1.90519e+23	9.84e-01	1.61e-02	8.96e-08
 1.90904e+23	9.84e-01	1.58e-02	8.97e-08
 1.91254e+23	9.84e-01	1.56e-02	8.98e-08
 1.91638e+23	9.85e-01	1.53e-02	8.98e-08
 1.92053e+23	9.85e-01	1.50e-02	8.99e-08
 1.92430e+23	9.85e-01	1.48e-02	8.98e-08
 1.92774e+23	9.85e-01	1.46e-02	8.98e-08
 1.93150e+23	9.86e-01	1.43e-02	8.99e-08
 1.93556e+23	9.86e-01	1.41e-02	9.00e-08
 1.93925e+23	9.86e-01	1.38e-02	8.99e-08
 1.94330e+23	9.86e-01	1.36e-02	9.00e-08
 1.94768e+23	9.87e-01	1.33e-02	9.01e-08
 1.95165e+23	9.87e-01	1.31e-02	9.01e-08
 1.95601e+23	9.87e-01	1.29e-02	9.02e-08
 1.96072e+23	9.87e-01	1.26e-02	9.03e-08
 1.96500e+23	9.88e-01	1.24e-02	9.03e-08
 1.96890e+23	9.88e-01	1.22e-02	9.02e-08
 1.97317e+23	9.88e-01	1.20e-02	9.04e-08
 1.97778e+23	9.88e-01	1.17e-02	9.05e-08
 1.98198e+23	9.88e-01	1.15e-02	9.05e-08
 1.98657e+23	9.89e-01	1.13e-02	9.05e-08
 1.99238e+23	9.89e-01	1.10e-02	9.08e-08
 1.99889e+23	9.89e-01	1.07e-02	9.08e-08
 2.00554e+23	9.90e-01	1.04e-02	9.09e-08
 2.01232e+23	9.90e-01	1.01e-02	9.10e-08
 2.01920e+23	9.90e-01	9.86e-03	9.11e-08
 2.02615e+23	9.90e-01	9.59e-03	9.12e-08
 2.03317e+23	9.91e-01	9.32e-03	9.13e-08
 2.04027e+23	9.91e-01	9.06e-03	9.14e-08
 2.04741e+23	9.91e-01	8.80e-03	9.15e-08
 2.05462e+23	9.91e-01	8.55e-03	9.17e-08
 2.06192e+23	9.92e-01	8.31e-03	9.18e-08
 2.06929e+23	9.92e-01	8.07e-03	9.19e-08
 2.07671e+23	9.92e-01	7.84e-03	9.20e-08
 2.08420e+23	9.92e-01	7.61e-03	9.22e-08
 2.09174e+23	9.93e-01	7.39e-03	9.23e-08
 2.09933e+23	9.93e-01	7.18e-03	9.24e-08
 2.10696e+23	9.93e-01	6.97e-03	9.26e-08
 2.11467e+23	9.93e-01	6.76e-03	9.27e-08
 2.12243e+23	9.93e-01	6.56e-03	9.29e-08
 2.13026e+23	9.94e-01	6.37e-03	9.31e-08
 2.13814e+23	9.94e-01	6.18e-03	9.33e-08
 2.14607e+23	9.94e-01	5.99e-03	9.34e-08
 2.15407e+23	9.94e-01	5.81e-03	9.37e-08
 2.16218e+23	9.94e-01	5.64e-03	9.39e-08
 2.17048e+23	9.95e-01	5.46e-03	9.42e-08
 2.17890e+23	9.95e-01	5.29e-03	9.44e-08
 2.18742e+23	9.95e-01	5.13e-03	9.47e-08
 2.19603e+23	9.95e-01	4.96e-03	9.51e-08
 2.20473e+23	9.95e-01	4.81e-03	9.54e-08
 2.21352e+23	9.95e-01	4.65e-03	9.58e-08
 2.22242e+23	9.95e-01	4.50e-03	9.62e-08
 2.23146e+23	9.96e-01	4.36e-03	9.67e-08
 2.24065e+23	9.96e-01	4.21e-03	9.72e-08
 2.25004e+23	9.96e-01	4.07e-03	9.77e-08
 2.25967e+23	9.96e-01	3.93e-03	9.83e-08
 2.26949e+23	9.96e-01	3.80e-03	9.89e-08
 2.27948e+23	9.96e-01	3.66e-03	9.96e-08
 2.28965e+23	9.96e-01	3.54e-03	1.00e-07
 2.30001e+23	9.97e-01	3.41e-03	1.01e-07
 2.31056e+23	9.97e-01	3.28e-03	1.02e-07
 2.32132e+23	9.97e-01	3.16e-03	1.03e-07
 2.33235e+23	9.97e-01	3.04e-03	1.04e-07
 2.34366e+23	9.97e-01	2.93e-03	1.05e-07
 2.35522e+23	9.97e-01	2.81e-03	1.07e-07
 2.36705e+23	9.97e-01	2.70e-03	1.08e-07
 2.37916e+23	9.97e-01	2.59e-03	1.10e-07
 2.39156e+23	9.98e-01	2.49e-03	1.11e-07
 2.40433e+23	9.98e-01	2.38e-03	1.13e-07
 2.41740e+23	9.98e-01	2.28e-03	1.16e-07
 2.43060e+23	9.98e-01	2.18e-03	1.18e-07
 2.44390e+23	9.98e-01	2.09e-03	1.21e-07
 2.45732e+23	9.98e-01	2.00e-03	1.23e-07
 2.47092e+23	9.98e-01	1.91e-03	1.27e-07
 2.48465e+23	9.98e-01	1.83e-03	1.30e-07
 2.49852e+23	9.98e-01	1.75e-03	1.34e-07
 2.51254e+23	9.98e-01	1.67e-03	1.38e-07
 2.52671e+23	9.98e-01	1.60e-03	1.43e-07
 2.54104e+23	9.98e-01	1.52e-03	1.48e-07
 2.55546e+23	9.99e-01	1.46e-03	1.54e-07
 2.57002e+23	9.99e-01	1.39e-03	1.61e-07
 2.58478e+23	9.99e-01	1.32e-03	1.69e-07
 2.59964e+23	9.99e-01	1.26e-03	1.77e-07
 2.61456e+23	9.99e-01	1.20e-03	1.87e-07
 2.62968e+23	9.99e-01	1.14e-03	1.99e-07
 2.64505e+23	9.99e-01	1.09e-03	2.12e-07
 2.66041e+23	9.99e-01	1.04e-03	2.28e-07
 2.67522e+23	9.99e-01	9.90e-04	2.45e-07
 2.68907e+23	9.99e-01	9.48e-04	2.65e-07
 2.70198e+23	9.99e-01	9.10e-04	2.86e-07
 2.71418e+23	9.99e-01	8.75e-04	3.09e-07
 2.72584e+23	9.99e-01	8.43e-04	3.35e-07
 2.73698e+23	9.99e-01	8.14e-04	3.64e-07
 2.74755e+23	9.99e-01	7.87e-04	3.96e-07
 2.75755e+23	9.99e-01	7.62e-04	4.31e-07
 2.76702e+23	9.99e-01	7.39e-04	4.69e-07
 2.77602e+23	9.99e-01	7.15e-04	5.13e-07
 2.78451e+23	9.99e-01	6.96e-04	5.60e-07
 2.79255e+23	9.99e-01	6.78e-04	6.12e-07
 2.80027e+23	9.99e-01	6.61e-04	6.70e-07
 2.80769e+23	9.99e-01	6.45e-04	7.34e-07
 2.81477e+23	9.99e-01	6.31e-04	8.05e-07
 2.82150e+23	9.99e-01	6.17e-04	8.84e-07
 2.82789e+23	9.99e-01	6.04e-04	9.70e-07
 2.83399e+23	9.99e-01	5.92e-04	1.07e-06
 2.83985e+23	9.99e-01	5.81e-04	1.17e-06
 2.84550e+23	9.99e-01	5.70e-04	1.29e-06
 2.85092e+23	9.99e-01	5.59e-04	1.42e-06
 2.85614e+23	9.99e-01	5.49e-04	1.56e-06
 2.86117e+23	9.99e-01	5.40e-04	1.72e-06
 2.86601e+23	9.99e-01	5.32e-04	1.89e-06
 2.87068e+23	9.99e-01	5.23e-04	2.08e-06
 2.87520e+23	9.99e-01	5.15e-04	2.29e-06
 2.87961e+23	9.99e-01	5.08e-04	2.52e-06
 2.88392e+23	9.99e-01	5.00e-04	2.78e-06
 2.88814e+23	1.00e+00	4.93e-04	3.06e-06
 2.89227e+23	1.00e+00	4.86e-04	3.37e-06
 2.89631e+23	1.00e+00	4.79e-04	3.70e-06
 2.90031e+23	1.00e+00	4.73e-04	4.07e-06
 2.90429e+23	1.00e+00	4.66e-04	4.48e-06
 2.90826e+23	1.00e+00	4.60e-04	4.92e-06
 2.91223e+23	1.00e+00	4.53e-04	5.41e-06
 2.91621e+23	1.00e+00	4.47e-04	5.94e-06
 2.92021e+23	1.00e+00	4.41e-04	6.52e-06
 2.92426e+23	1.00e+00	4.35e-04	7.14e-06
 2.92839e+23	1.00e+00	4.28e-04	7.82e-06
 2.93263e+23	1.00e+00	4.22e-04	8.56e-06
 2.93701e+23	1.00e+00	4.15e-04	9.36e-06
 2.94153e+23	1.00e+00	4.09e-04	1.02e-05
 2.94620e+23	1.00e+00	4.01e-04	1.12e-05
 2.95105e+23	1.00e+00	3.94e-04	1.22e-05
 2.95613e+23	1.00e+00	3.87e-04	1.33e-05
 2.96149e+23	1.00e+00	3.79e-04	1.45e-05
 2.96712e+23	1.00e+00	3.72e-04	1.58e-05
 2.97300e+23	1.00e+00	3.64e-04	1.71e-05
 2.97917e+23	1.00e+00	3.55e-04	1.86e-05
 2.98575e+23	1.00e+00	3.46e-04	2.01e-05
 2.99279e+23	1.00e+00	3.38e-04	2.18e-05
 3.00020e+23	1.00e+00	3.28e-04	2.36e-05
 3.00796e+23	1.00e+00	3.19e-04	2.55e-05
 3.01615e+23	1.00e+00	3.09e-04	2.76e-05
 3.02482e+23	1.00e+00	2.99e-04	2.97e-05
 3.03411e+23	1.00e+00	2.88e-04	3.19e-05
 3.04404e+23	1.00e+00	2.78e-04	3.43e-05
 3.05456e+23	1.00e+00	2.66e-04	3.67e-05
 3.06574e+23	1.00e+00	2.55e-04	3.93e-05
 3.07773e+23	1.00e+00	2.43e-04	4.19e-05
 3.08481e+23	1.00e+00	2.40e-04	4.48e-05
