#depth	He	He+	He+2
 1.54284e+22	8.59e-11	1.05e-05	1.00e+00
 3.44092e+22	3.67e-10	2.20e-05	1.00e+00
 3.93108e+22	7.29e-10	3.27e-05	1.00e+00
 4.13346e+22	1.02e-09	4.03e-05	1.00e+00
 4.21778e+22	1.11e-09	4.25e-05	1.00e+00
 4.24665e+22	1.18e-09	4.41e-05	1.00e+00
 4.27424e+22	1.26e-09	4.61e-05	1.00e+00
 4.30289e+22	1.34e-09	4.79e-05	1.00e+00
 4.33262e+22	1.44e-09	5.03e-05	1.00e+00
 4.36280e+22	1.52e-09	5.23e-05	1.00e+00
 4.39383e+22	1.63e-09	5.49e-05	1.00e+00
 4.42546e+22	1.72e-09	5.70e-05	1.00e+00
 4.45785e+22	1.85e-09	5.98e-05	1.00e+00
 4.49046e+22	1.95e-09	6.21e-05	1.00e+00
 4.52333e+22	2.09e-09	6.52e-05	1.00e+00
 4.55516e+22	2.18e-09	6.72e-05	1.00e+00
 4.58562e+22	2.31e-09	7.02e-05	1.00e+00
 4.61688e+22	2.42e-09	7.25e-05	1.00e+00
 4.64916e+22	2.57e-09	7.58e-05	1.00e+00
 4.68185e+22	2.68e-09	7.83e-05	1.00e+00
 4.71508e+22	2.84e-09	8.17e-05	1.00e+00
 4.74805e+22	2.97e-09	8.43e-05	1.00e+00
 4.78067e+22	3.13e-09	8.80e-05	1.00e+00
 4.81363e+22	3.26e-09	9.07e-05	1.00e+00
 4.84701e+22	3.44e-09	9.45e-05	1.00e+00
 4.88104e+22	3.58e-09	9.74e-05	1.00e+00
 4.91590e+22	3.77e-09	1.02e-04	1.00e+00
 4.95140e+22	3.82e-09	1.05e-04	1.00e+00
 4.98773e+22	4.03e-09	1.09e-04	1.00e+00
 5.02474e+22	4.20e-09	1.13e-04	1.00e+00
 5.06265e+22	4.42e-09	1.18e-04	1.00e+00
 5.09969e+22	4.59e-09	1.21e-04	1.00e+00
 5.13562e+22	4.82e-09	1.26e-04	1.00e+00
 5.17213e+22	5.00e-09	1.29e-04	1.00e+00
 5.20938e+22	5.25e-09	1.35e-04	1.00e+00
 5.24779e+22	5.46e-09	1.39e-04	1.00e+00
 5.28772e+22	5.73e-09	1.44e-04	1.00e+00
 5.32896e+22	5.97e-09	1.49e-04	1.00e+00
 5.37191e+22	6.29e-09	1.55e-04	1.00e+00
 5.41605e+22	6.56e-09	1.61e-04	1.00e+00
 5.46173e+22	6.92e-09	1.68e-04	1.00e+00
 5.50893e+22	7.24e-09	1.74e-04	1.00e+00
 5.55812e+22	7.66e-09	1.81e-04	1.00e+00
 5.60859e+22	8.03e-09	1.88e-04	1.00e+00
 5.65385e+22	8.40e-09	1.95e-04	1.00e+00
 5.70581e+22	8.90e-09	2.04e-04	1.00e+00
 5.75814e+22	9.32e-09	2.11e-04	1.00e+00
 5.81096e+22	9.87e-09	2.22e-04	1.00e+00
 5.86490e+22	1.03e-08	2.30e-04	1.00e+00
 5.92030e+22	1.10e-08	2.42e-04	1.00e+00
 5.97656e+22	1.15e-08	2.52e-04	1.00e+00
 6.03395e+22	1.22e-08	2.65e-04	1.00e+00
 6.08820e+22	1.27e-08	2.74e-04	1.00e+00
 6.13836e+22	1.33e-08	2.87e-04	1.00e+00
 6.18895e+22	1.38e-08	2.98e-04	1.00e+00
 6.24010e+22	1.45e-08	3.13e-04	1.00e+00
 6.29169e+22	1.50e-08	3.24e-04	1.00e+00
 6.34384e+22	1.57e-08	3.41e-04	1.00e+00
 6.39676e+22	1.63e-08	3.55e-04	1.00e+00
 6.45067e+22	1.70e-08	3.75e-04	1.00e+00
 6.50530e+22	1.76e-08	3.90e-04	1.00e+00
 6.56086e+22	1.83e-08	4.13e-04	1.00e+00
 6.61758e+22	1.88e-08	4.32e-04	1.00e+00
 6.67581e+22	1.95e-08	4.58e-04	1.00e+00
 6.73527e+22	1.99e-08	4.81e-04	1.00e+00
 6.79434e+22	2.05e-08	5.11e-04	9.99e-01
 6.85044e+22	2.08e-08	5.33e-04	9.99e-01
 6.90467e+22	2.12e-08	5.65e-04	9.99e-01
 6.95994e+22	2.15e-08	5.91e-04	9.99e-01
 7.01416e+22	2.17e-08	6.26e-04	9.99e-01
 7.06950e+22	2.18e-08	6.57e-04	9.99e-01
 7.12343e+22	2.19e-08	6.93e-04	9.99e-01
 7.17850e+22	2.20e-08	7.30e-04	9.99e-01
 7.23305e+22	2.20e-08	7.69e-04	9.99e-01
 7.28787e+22	2.20e-08	8.10e-04	9.99e-01
 7.34207e+22	2.19e-08	8.53e-04	9.99e-01
 7.39617e+22	2.19e-08	8.98e-04	9.99e-01
 7.45037e+22	2.19e-08	9.45e-04	9.99e-01
 7.50479e+22	2.20e-08	9.94e-04	9.99e-01
 7.55955e+22	2.21e-08	1.05e-03	9.99e-01
 7.61481e+22	2.23e-08	1.10e-03	9.99e-01
 7.67073e+22	2.26e-08	1.16e-03	9.99e-01
 7.72694e+22	2.30e-08	1.22e-03	9.99e-01
 7.78406e+22	2.35e-08	1.29e-03	9.99e-01
 7.84186e+22	2.43e-08	1.36e-03	9.99e-01
 7.90079e+22	2.53e-08	1.43e-03	9.99e-01
 7.95561e+22	2.62e-08	1.49e-03	9.99e-01
 8.01203e+22	2.77e-08	1.58e-03	9.98e-01
 8.06939e+22	2.91e-08	1.65e-03	9.98e-01
 8.12815e+22	3.11e-08	1.75e-03	9.98e-01
 8.18721e+22	3.30e-08	1.82e-03	9.98e-01
 8.24667e+22	3.58e-08	1.93e-03	9.98e-01
 8.30649e+22	3.82e-08	2.02e-03	9.98e-01
 8.36676e+22	4.18e-08	2.13e-03	9.98e-01
 8.42754e+22	4.49e-08	2.23e-03	9.98e-01
 8.48899e+22	4.95e-08	2.36e-03	9.98e-01
 8.55121e+22	5.36e-08	2.46e-03	9.98e-01
 8.61445e+22	5.95e-08	2.61e-03	9.97e-01
 8.67873e+22	6.47e-08	2.72e-03	9.97e-01
 8.74438e+22	7.23e-08	2.89e-03	9.97e-01
 8.81141e+22	7.90e-08	3.02e-03	9.97e-01
 8.88023e+22	8.88e-08	3.21e-03	9.97e-01
 8.95077e+22	9.75e-08	3.37e-03	9.97e-01
 9.01015e+22	1.06e-07	3.51e-03	9.96e-01
 9.07393e+22	1.18e-07	3.70e-03	9.96e-01
 9.13874e+22	1.29e-07	3.87e-03	9.96e-01
 9.19487e+22	1.40e-07	4.03e-03	9.96e-01
 9.25783e+22	1.55e-07	4.24e-03	9.96e-01
 9.32064e+22	1.68e-07	4.41e-03	9.96e-01
 9.38324e+22	1.87e-07	4.65e-03	9.95e-01
 9.44672e+22	2.02e-07	4.84e-03	9.95e-01
 9.51132e+22	2.25e-07	5.10e-03	9.95e-01
 9.57702e+22	2.44e-07	5.31e-03	9.95e-01
 9.64415e+22	2.73e-07	5.61e-03	9.94e-01
 9.71231e+22	2.97e-07	5.84e-03	9.94e-01
 9.78180e+22	3.33e-07	6.18e-03	9.94e-01
 9.85295e+22	3.63e-07	6.45e-03	9.94e-01
 9.92624e+22	4.08e-07	6.83e-03	9.93e-01
 1.00015e+23	4.48e-07	7.15e-03	9.93e-01
 1.00793e+23	5.06e-07	7.60e-03	9.92e-01
 1.01578e+23	5.56e-07	7.95e-03	9.92e-01
 1.02372e+23	6.29e-07	8.46e-03	9.92e-01
 1.03175e+23	6.91e-07	8.85e-03	9.91e-01
 1.03988e+23	7.84e-07	9.42e-03	9.91e-01
 1.04816e+23	8.63e-07	9.88e-03	9.90e-01
 1.05551e+23	9.53e-07	1.04e-02	9.90e-01
 1.06393e+23	1.08e-06	1.10e-02	9.89e-01
 1.07250e+23	1.20e-06	1.16e-02	9.88e-01
 1.07943e+23	1.30e-06	1.21e-02	9.88e-01
 1.08662e+23	1.44e-06	1.27e-02	9.87e-01
 1.09418e+23	1.58e-06	1.33e-02	9.87e-01
 1.10112e+23	1.73e-06	1.39e-02	9.86e-01
 1.10903e+23	1.93e-06	1.47e-02	9.85e-01
 1.11716e+23	2.13e-06	1.54e-02	9.85e-01
 1.12430e+23	2.33e-06	1.61e-02	9.84e-01
 1.13233e+23	2.60e-06	1.70e-02	9.83e-01
 1.14071e+23	2.89e-06	1.79e-02	9.82e-01
 1.14826e+23	3.17e-06	1.88e-02	9.81e-01
 1.15680e+23	3.56e-06	1.99e-02	9.80e-01
 1.16562e+23	3.97e-06	2.10e-02	9.79e-01
 1.17347e+23	4.37e-06	2.20e-02	9.78e-01
 1.18237e+23	4.93e-06	2.33e-02	9.77e-01
 1.19162e+23	5.51e-06	2.46e-02	9.75e-01
 1.19996e+23	6.10e-06	2.59e-02	9.74e-01
 1.20943e+23	6.96e-06	2.76e-02	9.72e-01
 1.21912e+23	7.77e-06	2.92e-02	9.71e-01
 1.22781e+23	8.65e-06	3.08e-02	9.69e-01
 1.23779e+23	9.94e-06	3.29e-02	9.67e-01
 1.24785e+23	1.11e-05	3.48e-02	9.65e-01
 1.25805e+23	1.28e-05	3.72e-02	9.63e-01
 1.26841e+23	1.43e-05	3.94e-02	9.61e-01
 1.27898e+23	1.66e-05	4.23e-02	9.58e-01
 1.28967e+23	1.86e-05	4.48e-02	9.55e-01
 1.30049e+23	2.16e-05	4.82e-02	9.52e-01
 1.31142e+23	2.43e-05	5.10e-02	9.49e-01
 1.32248e+23	2.83e-05	5.49e-02	9.45e-01
 1.33369e+23	3.19e-05	5.82e-02	9.42e-01
 1.34341e+23	3.58e-05	6.15e-02	9.38e-01
 1.35436e+23	4.16e-05	6.61e-02	9.34e-01
 1.36483e+23	4.60e-05	6.93e-02	9.31e-01
 1.37466e+23	5.26e-05	7.40e-02	9.26e-01
 1.38465e+23	5.83e-05	7.77e-02	9.22e-01
 1.39485e+23	6.67e-05	8.29e-02	9.17e-01
 1.40516e+23	7.44e-05	8.73e-02	9.13e-01
 1.41561e+23	8.52e-05	9.31e-02	9.07e-01
 1.42617e+23	9.51e-05	9.81e-02	9.02e-01
 1.43546e+23	1.06e-04	1.03e-01	8.97e-01
 1.44614e+23	1.21e-04	1.10e-01	8.90e-01
 1.45698e+23	1.36e-04	1.16e-01	8.84e-01
 1.46568e+23	1.49e-04	1.21e-01	8.79e-01
 1.47462e+23	1.66e-04	1.27e-01	8.72e-01
 1.48386e+23	1.82e-04	1.33e-01	8.67e-01
 1.49209e+23	1.99e-04	1.39e-01	8.61e-01
 1.50145e+23	2.23e-04	1.46e-01	8.54e-01
 1.51090e+23	2.45e-04	1.53e-01	8.47e-01
 1.51919e+23	2.69e-04	1.59e-01	8.41e-01
 1.52864e+23	3.00e-04	1.68e-01	8.32e-01
 1.53826e+23	3.30e-04	1.75e-01	8.25e-01
 1.54678e+23	3.61e-04	1.82e-01	8.18e-01
 1.55656e+23	4.04e-04	1.92e-01	8.08e-01
 1.56648e+23	4.44e-04	2.00e-01	8.00e-01
 1.57660e+23	4.98e-04	2.10e-01	7.89e-01
 1.58682e+23	5.48e-04	2.19e-01	7.80e-01
 1.59580e+23	6.01e-04	2.28e-01	7.71e-01
 1.60610e+23	6.75e-04	2.40e-01	7.59e-01
 1.61656e+23	7.41e-04	2.50e-01	7.49e-01
 1.62725e+23	8.33e-04	2.63e-01	7.36e-01
 1.63816e+23	9.20e-04	2.74e-01	7.25e-01
 1.64782e+23	1.01e-03	2.85e-01	7.14e-01
 1.65888e+23	1.13e-03	2.99e-01	7.00e-01
 1.66669e+23	1.17e-03	3.03e-01	6.96e-01
 1.66940e+23	1.20e-03	3.06e-01	6.93e-01
 1.67206e+23	1.24e-03	3.10e-01	6.89e-01
 1.67551e+23	1.27e-03	3.14e-01	6.85e-01
 1.68000e+23	1.34e-03	3.20e-01	6.79e-01
 1.68583e+23	1.42e-03	3.28e-01	6.71e-01
 1.69342e+23	1.55e-03	3.40e-01	6.59e-01
 1.70137e+23	1.65e-03	3.48e-01	6.50e-01
 1.70981e+23	1.80e-03	3.60e-01	6.38e-01
 1.71858e+23	1.94e-03	3.71e-01	6.27e-01
 1.72650e+23	2.08e-03	3.81e-01	6.16e-01
 1.73554e+23	2.28e-03	3.95e-01	6.03e-01
 1.74464e+23	2.44e-03	4.06e-01	5.92e-01
 1.75383e+23	2.67e-03	4.20e-01	5.78e-01
 1.76332e+23	2.88e-03	4.32e-01	5.66e-01
 1.77319e+23	3.17e-03	4.47e-01	5.50e-01
 1.78312e+23	3.41e-03	4.60e-01	5.37e-01
 1.79313e+23	3.74e-03	4.75e-01	5.21e-01
 1.80344e+23	4.05e-03	4.89e-01	5.07e-01
 1.81415e+23	4.46e-03	5.06e-01	4.90e-01
 1.82510e+23	4.85e-03	5.20e-01	4.75e-01
 1.83637e+23	5.37e-03	5.39e-01	4.56e-01
 1.84763e+23	5.81e-03	5.53e-01	4.41e-01
 1.85887e+23	6.43e-03	5.72e-01	4.22e-01
 1.87029e+23	6.96e-03	5.87e-01	4.06e-01
 1.88193e+23	7.73e-03	6.07e-01	3.86e-01
 1.89363e+23	8.36e-03	6.22e-01	3.70e-01
 1.90539e+23	9.23e-03	6.41e-01	3.50e-01
 1.91748e+23	1.01e-02	6.58e-01	3.32e-01
 1.93000e+23	1.12e-02	6.78e-01	3.11e-01
 1.94255e+23	1.22e-02	6.94e-01	2.93e-01
 1.95514e+23	1.36e-02	7.14e-01	2.72e-01
 1.96788e+23	1.49e-02	7.31e-01	2.54e-01
 1.98080e+23	1.68e-02	7.51e-01	2.32e-01
 1.99376e+23	1.83e-02	7.67e-01	2.15e-01
 2.00677e+23	2.07e-02	7.85e-01	1.94e-01
 2.01999e+23	2.27e-02	8.00e-01	1.77e-01
 2.03347e+23	2.58e-02	8.17e-01	1.58e-01
 2.04722e+23	2.86e-02	8.30e-01	1.41e-01
 2.06132e+23	3.28e-02	8.45e-01	1.23e-01
 2.07369e+23	3.56e-02	8.53e-01	1.11e-01
 2.08382e+23	3.93e-02	8.61e-01	9.99e-02
 2.09442e+23	4.32e-02	8.67e-01	8.97e-02
 2.10414e+23	4.74e-02	8.72e-01	8.09e-02
 2.11525e+23	5.35e-02	8.75e-01	7.11e-02
 2.12662e+23	6.00e-02	8.77e-01	6.29e-02
 2.13583e+23	6.62e-02	8.77e-01	5.69e-02
 2.14384e+23	7.28e-02	8.75e-01	5.20e-02
 2.15138e+23	8.01e-02	8.72e-01	4.79e-02
 2.15849e+23	8.81e-02	8.68e-01	4.43e-02
 2.16498e+23	9.67e-02	8.62e-01	4.14e-02
 2.17074e+23	1.06e-01	8.55e-01	3.91e-02
 2.17587e+23	1.15e-01	8.48e-01	3.72e-02
 2.18049e+23	1.24e-01	8.40e-01	3.58e-02
 2.18477e+23	1.35e-01	8.31e-01	3.45e-02
 2.18871e+23	1.46e-01	8.21e-01	3.35e-02
 2.19228e+23	1.57e-01	8.11e-01	3.28e-02
 2.19558e+23	1.68e-01	8.00e-01	3.23e-02
 2.19782e+23	1.75e-01	7.93e-01	3.23e-02
 2.19889e+23	1.79e-01	7.89e-01	3.22e-02
 2.19984e+23	1.83e-01	7.85e-01	3.21e-02
 2.20104e+23	1.88e-01	7.80e-01	3.19e-02
 2.20245e+23	1.95e-01	7.74e-01	3.18e-02
 2.20386e+23	2.00e-01	7.68e-01	3.18e-02
 2.20529e+23	2.07e-01	7.61e-01	3.17e-02
 2.20677e+23	2.14e-01	7.54e-01	3.17e-02
 2.20828e+23	2.22e-01	7.46e-01	3.17e-02
 2.20987e+23	2.31e-01	7.38e-01	3.17e-02
 2.21151e+23	2.39e-01	7.29e-01	3.17e-02
 2.21312e+23	2.48e-01	7.20e-01	3.18e-02
 2.21435e+23	2.54e-01	7.14e-01	3.20e-02
 2.21517e+23	2.59e-01	7.09e-01	3.21e-02
 2.21596e+23	2.64e-01	7.04e-01	3.20e-02
 2.21691e+23	2.71e-01	6.97e-01	3.20e-02
 2.21794e+23	2.77e-01	6.91e-01	3.20e-02
 2.21896e+23	2.84e-01	6.84e-01	3.20e-02
 2.21996e+23	2.91e-01	6.77e-01	3.20e-02
 2.22099e+23	2.98e-01	6.70e-01	3.19e-02
 2.22205e+23	3.05e-01	6.63e-01	3.18e-02
 2.22314e+23	3.14e-01	6.55e-01	3.17e-02
 2.22423e+23	3.21e-01	6.47e-01	3.17e-02
 2.22535e+23	3.30e-01	6.39e-01	3.15e-02
 2.22652e+23	3.39e-01	6.30e-01	3.13e-02
 2.22770e+23	3.48e-01	6.21e-01	3.12e-02
 2.22890e+23	3.58e-01	6.11e-01	3.10e-02
 2.23014e+23	3.68e-01	6.01e-01	3.07e-02
 2.23144e+23	3.79e-01	5.91e-01	3.04e-02
 2.23276e+23	3.90e-01	5.80e-01	3.01e-02
 2.23410e+23	4.01e-01	5.69e-01	2.97e-02
 2.23550e+23	4.13e-01	5.57e-01	2.93e-02
 2.23695e+23	4.26e-01	5.45e-01	2.89e-02
 2.23843e+23	4.39e-01	5.33e-01	2.84e-02
 2.23995e+23	4.52e-01	5.20e-01	2.78e-02
 2.24153e+23	4.66e-01	5.07e-01	2.73e-02
 2.24316e+23	4.80e-01	4.93e-01	2.66e-02
 2.24485e+23	4.95e-01	4.79e-01	2.60e-02
 2.24659e+23	5.10e-01	4.65e-01	2.53e-02
 2.24839e+23	5.25e-01	4.50e-01	2.45e-02
 2.25025e+23	5.41e-01	4.35e-01	2.38e-02
 2.25214e+23	5.56e-01	4.21e-01	2.30e-02
 2.25405e+23	5.71e-01	4.06e-01	2.21e-02
 2.25602e+23	5.87e-01	3.92e-01	2.13e-02
 2.25808e+23	6.02e-01	3.77e-01	2.04e-02
 2.26018e+23	6.18e-01	3.63e-01	1.95e-02
 2.26231e+23	6.33e-01	3.49e-01	1.86e-02
 2.26448e+23	6.47e-01	3.35e-01	1.77e-02
 2.26677e+23	6.61e-01	3.22e-01	1.69e-02
 2.26913e+23	6.76e-01	3.08e-01	1.60e-02
 2.27155e+23	6.89e-01	2.96e-01	1.51e-02
 2.27407e+23	7.03e-01	2.83e-01	1.42e-02
 2.27670e+23	7.16e-01	2.71e-01	1.34e-02
 2.27943e+23	7.28e-01	2.59e-01	1.25e-02
 2.28225e+23	7.40e-01	2.48e-01	1.17e-02
 2.28505e+23	7.51e-01	2.38e-01	1.09e-02
 2.28773e+23	7.61e-01	2.29e-01	1.02e-02
 2.29032e+23	7.70e-01	2.20e-01	9.62e-03
 2.29282e+23	7.78e-01	2.13e-01	9.05e-03
 2.29522e+23	7.86e-01	2.06e-01	8.54e-03
 2.29750e+23	7.92e-01	2.00e-01	8.06e-03
 2.29963e+23	7.98e-01	1.94e-01	7.66e-03
 2.30170e+23	8.04e-01	1.89e-01	7.26e-03
 2.30377e+23	8.09e-01	1.84e-01	6.90e-03
 2.30579e+23	8.14e-01	1.79e-01	6.56e-03
 2.30773e+23	8.19e-01	1.75e-01	6.25e-03
 2.30961e+23	8.23e-01	1.71e-01	5.96e-03
 2.31142e+23	8.27e-01	1.67e-01	5.69e-03
 2.31317e+23	8.31e-01	1.63e-01	5.44e-03
 2.31487e+23	8.35e-01	1.60e-01	5.21e-03
 2.31651e+23	8.39e-01	1.56e-01	4.99e-03
 2.31809e+23	8.42e-01	1.53e-01	4.78e-03
 2.31959e+23	8.45e-01	1.50e-01	4.60e-03
 2.32106e+23	8.48e-01	1.47e-01	4.41e-03
 2.32249e+23	8.51e-01	1.45e-01	4.24e-03
 2.32385e+23	8.54e-01	1.42e-01	4.08e-03
 2.32513e+23	8.57e-01	1.39e-01	3.94e-03
 2.32630e+23	8.59e-01	1.37e-01	3.81e-03
 2.32737e+23	8.61e-01	1.35e-01	3.69e-03
 2.32833e+23	8.63e-01	1.33e-01	3.58e-03
 2.32922e+23	8.65e-01	1.32e-01	3.48e-03
 2.33002e+23	8.67e-01	1.30e-01	3.40e-03
 2.33075e+23	8.68e-01	1.29e-01	3.32e-03
 2.33155e+23	8.70e-01	1.27e-01	3.23e-03
 2.33241e+23	8.72e-01	1.25e-01	3.15e-03
 2.33320e+23	8.73e-01	1.24e-01	3.08e-03
 2.33391e+23	8.74e-01	1.23e-01	3.01e-03
 2.33456e+23	8.75e-01	1.22e-01	2.96e-03
 2.33527e+23	8.77e-01	1.20e-01	2.88e-03
 2.33620e+23	8.79e-01	1.18e-01	2.80e-03
 2.33720e+23	8.80e-01	1.17e-01	2.72e-03
 2.33811e+23	8.82e-01	1.15e-01	2.65e-03
 2.33894e+23	8.84e-01	1.14e-01	2.58e-03
 2.33969e+23	8.85e-01	1.13e-01	2.54e-03
 2.34052e+23	8.86e-01	1.11e-01	2.47e-03
 2.34141e+23	8.87e-01	1.10e-01	2.42e-03
 2.34239e+23	8.89e-01	1.09e-01	2.34e-03
 2.34344e+23	8.90e-01	1.07e-01	2.28e-03
 2.34440e+23	8.92e-01	1.06e-01	2.23e-03
 2.34528e+23	8.93e-01	1.05e-01	2.17e-03
 2.34607e+23	8.94e-01	1.04e-01	2.12e-03
 2.34680e+23	8.95e-01	1.03e-01	2.08e-03
 2.34759e+23	8.97e-01	1.01e-01	2.02e-03
 2.34862e+23	8.98e-01	9.96e-02	1.96e-03
 2.34973e+23	9.00e-01	9.85e-02	1.91e-03
 2.35075e+23	9.01e-01	9.70e-02	1.86e-03
 2.35167e+23	9.02e-01	9.59e-02	1.81e-03
 2.35251e+23	9.04e-01	9.47e-02	1.76e-03
 2.35327e+23	9.05e-01	9.36e-02	1.72e-03
 2.35410e+23	9.06e-01	9.22e-02	1.67e-03
 2.35501e+23	9.07e-01	9.11e-02	1.63e-03
 2.35583e+23	9.08e-01	9.01e-02	1.59e-03
 2.35658e+23	9.09e-01	8.91e-02	1.56e-03
 2.35726e+23	9.10e-01	8.83e-02	1.53e-03
 2.35800e+23	9.11e-01	8.71e-02	1.49e-03
 2.35897e+23	9.13e-01	8.59e-02	1.45e-03
 2.36002e+23	9.14e-01	8.49e-02	1.41e-03
 2.36097e+23	9.15e-01	8.37e-02	1.37e-03
 2.36184e+23	9.16e-01	8.27e-02	1.34e-03
 2.36278e+23	9.17e-01	8.14e-02	1.30e-03
 2.36381e+23	9.18e-01	8.03e-02	1.26e-03
 2.36474e+23	9.19e-01	7.93e-02	1.23e-03
 2.36559e+23	9.20e-01	7.83e-02	1.20e-03
 2.36636e+23	9.21e-01	7.76e-02	1.18e-03
 2.36721e+23	9.22e-01	7.65e-02	1.14e-03
 2.36831e+23	9.24e-01	7.54e-02	1.11e-03
 2.36950e+23	9.24e-01	7.45e-02	1.08e-03
 2.37058e+23	9.25e-01	7.34e-02	1.05e-03
 2.37156e+23	9.26e-01	7.25e-02	1.03e-03
 2.37246e+23	9.27e-01	7.18e-02	1.01e-03
 2.37344e+23	9.28e-01	7.06e-02	9.71e-04
 2.37471e+23	9.30e-01	6.95e-02	9.41e-04
 2.37609e+23	9.31e-01	6.85e-02	9.14e-04
 2.37734e+23	9.32e-01	6.74e-02	8.85e-04
 2.37848e+23	9.33e-01	6.64e-02	8.59e-04
 2.37952e+23	9.34e-01	6.57e-02	8.40e-04
 2.38065e+23	9.35e-01	6.44e-02	8.07e-04
 2.38188e+23	9.36e-01	6.36e-02	7.87e-04
 2.38300e+23	9.37e-01	6.27e-02	7.65e-04
 2.38401e+23	9.37e-01	6.20e-02	7.48e-04
 2.38513e+23	9.38e-01	6.09e-02	7.22e-04
 2.38633e+23	9.39e-01	6.01e-02	7.03e-04
 2.38742e+23	9.40e-01	5.93e-02	6.84e-04
 2.38842e+23	9.41e-01	5.87e-02	6.69e-04
 2.38951e+23	9.42e-01	5.77e-02	6.48e-04
 2.39069e+23	9.42e-01	5.70e-02	6.32e-04
 2.39176e+23	9.43e-01	5.63e-02	6.18e-04
 2.39293e+23	9.44e-01	5.54e-02	5.97e-04
 2.39420e+23	9.45e-01	5.47e-02	5.81e-04
 2.39536e+23	9.45e-01	5.40e-02	5.67e-04
 2.39662e+23	9.46e-01	5.30e-02	5.47e-04
 2.39798e+23	9.47e-01	5.23e-02	5.32e-04
 2.39923e+23	9.48e-01	5.16e-02	5.18e-04
 2.40059e+23	9.49e-01	5.06e-02	4.98e-04
 2.40206e+23	9.50e-01	4.99e-02	4.85e-04
 2.40339e+23	9.50e-01	4.91e-02	4.69e-04
 2.40461e+23	9.51e-01	4.85e-02	4.57e-04
 2.40594e+23	9.52e-01	4.76e-02	4.41e-04
 2.40738e+23	9.53e-01	4.69e-02	4.27e-04
 2.40869e+23	9.53e-01	4.63e-02	4.17e-04
 2.41013e+23	9.54e-01	4.54e-02	4.01e-04
 2.41168e+23	9.55e-01	4.47e-02	3.89e-04
 2.41309e+23	9.56e-01	4.41e-02	3.78e-04
 2.41463e+23	9.56e-01	4.32e-02	3.63e-04
 2.41630e+23	9.57e-01	4.26e-02	3.53e-04
 2.41782e+23	9.58e-01	4.18e-02	3.41e-04
 2.41920e+23	9.58e-01	4.12e-02	3.31e-04
 2.42071e+23	9.59e-01	4.05e-02	3.18e-04
 2.42235e+23	9.60e-01	3.98e-02	3.08e-04
 2.42383e+23	9.60e-01	3.92e-02	2.99e-04
 2.42546e+23	9.61e-01	3.85e-02	2.88e-04
 2.42722e+23	9.62e-01	3.78e-02	2.78e-04
 2.42882e+23	9.62e-01	3.72e-02	2.70e-04
 2.43058e+23	9.63e-01	3.65e-02	2.59e-04
 2.43247e+23	9.64e-01	3.58e-02	2.50e-04
 2.43419e+23	9.65e-01	3.52e-02	2.42e-04
 2.43608e+23	9.65e-01	3.45e-02	2.31e-04
 2.43812e+23	9.66e-01	3.38e-02	2.22e-04
 2.43998e+23	9.67e-01	3.32e-02	2.15e-04
 2.44201e+23	9.67e-01	3.24e-02	2.05e-04
 2.44420e+23	9.68e-01	3.18e-02	1.97e-04
 2.44620e+23	9.69e-01	3.12e-02	1.89e-04
 2.44802e+23	9.69e-01	3.06e-02	1.83e-04
 2.45001e+23	9.70e-01	3.00e-02	1.75e-04
 2.45216e+23	9.70e-01	2.94e-02	1.68e-04
 2.45412e+23	9.71e-01	2.89e-02	1.62e-04
 2.45626e+23	9.72e-01	2.82e-02	1.55e-04
 2.45857e+23	9.72e-01	2.76e-02	1.49e-04
 2.46068e+23	9.73e-01	2.71e-02	1.43e-04
 2.46260e+23	9.73e-01	2.66e-02	1.38e-04
 2.46470e+23	9.74e-01	2.60e-02	1.32e-04
 2.46696e+23	9.74e-01	2.55e-02	1.27e-04
 2.46945e+23	9.75e-01	2.48e-02	1.20e-04
 2.47213e+23	9.76e-01	2.43e-02	1.15e-04
 2.47457e+23	9.76e-01	2.37e-02	1.10e-04
 2.47679e+23	9.77e-01	2.33e-02	1.06e-04
 2.47923e+23	9.77e-01	2.27e-02	1.01e-04
 2.48186e+23	9.78e-01	2.22e-02	9.62e-05
 2.48425e+23	9.78e-01	2.17e-02	9.22e-05
 2.48642e+23	9.79e-01	2.13e-02	8.86e-05
 2.48881e+23	9.79e-01	2.08e-02	8.46e-05
 2.49191e+23	9.80e-01	2.02e-02	7.97e-05
 2.49546e+23	9.80e-01	1.95e-02	7.47e-05
 2.49909e+23	9.81e-01	1.89e-02	7.00e-05
 2.50279e+23	9.82e-01	1.83e-02	6.54e-05
 2.50656e+23	9.82e-01	1.77e-02	6.12e-05
 2.51037e+23	9.83e-01	1.71e-02	5.71e-05
 2.51421e+23	9.83e-01	1.65e-02	5.34e-05
 2.51808e+23	9.84e-01	1.59e-02	4.98e-05
 2.52202e+23	9.85e-01	1.54e-02	4.65e-05
 2.52599e+23	9.85e-01	1.49e-02	4.33e-05
 2.53000e+23	9.86e-01	1.44e-02	4.04e-05
 2.53404e+23	9.86e-01	1.39e-02	3.76e-05
 2.53813e+23	9.87e-01	1.34e-02	3.50e-05
 2.54224e+23	9.87e-01	1.29e-02	3.26e-05
 2.54639e+23	9.88e-01	1.24e-02	3.04e-05
 2.55057e+23	9.88e-01	1.20e-02	2.83e-05
 2.55477e+23	9.88e-01	1.16e-02	2.63e-05
 2.55901e+23	9.89e-01	1.12e-02	2.44e-05
 2.56328e+23	9.89e-01	1.08e-02	2.27e-05
 2.56758e+23	9.90e-01	1.04e-02	2.11e-05
 2.57192e+23	9.90e-01	9.98e-03	1.96e-05
 2.57628e+23	9.90e-01	9.62e-03	1.82e-05
 2.58068e+23	9.91e-01	9.27e-03	1.69e-05
 2.58513e+23	9.91e-01	8.93e-03	1.57e-05
 2.58968e+23	9.91e-01	8.59e-03	1.45e-05
 2.59431e+23	9.92e-01	8.26e-03	1.34e-05
 2.59899e+23	9.92e-01	7.95e-03	1.24e-05
 2.60372e+23	9.92e-01	7.64e-03	1.15e-05
 2.60850e+23	9.93e-01	7.34e-03	1.06e-05
 2.61332e+23	9.93e-01	7.06e-03	9.81e-06
 2.61821e+23	9.93e-01	6.78e-03	9.05e-06
 2.62316e+23	9.93e-01	6.51e-03	8.35e-06
 2.62819e+23	9.94e-01	6.25e-03	7.69e-06
 2.63333e+23	9.94e-01	5.99e-03	7.08e-06
 2.63860e+23	9.94e-01	5.74e-03	6.50e-06
 2.64398e+23	9.94e-01	5.50e-03	5.96e-06
 2.64945e+23	9.95e-01	5.26e-03	5.47e-06
 2.65501e+23	9.95e-01	5.04e-03	5.00e-06
 2.66068e+23	9.95e-01	4.82e-03	4.57e-06
 2.66645e+23	9.95e-01	4.60e-03	4.18e-06
 2.67234e+23	9.96e-01	4.39e-03	3.81e-06
 2.67836e+23	9.96e-01	4.19e-03	3.47e-06
 2.68453e+23	9.96e-01	4.00e-03	3.15e-06
 2.69085e+23	9.96e-01	3.81e-03	2.86e-06
 2.69731e+23	9.96e-01	3.62e-03	2.59e-06
 2.70392e+23	9.97e-01	3.44e-03	2.34e-06
 2.71069e+23	9.97e-01	3.27e-03	2.11e-06
 2.71764e+23	9.97e-01	3.10e-03	1.90e-06
 2.72471e+23	9.97e-01	2.94e-03	1.71e-06
 2.73186e+23	9.97e-01	2.79e-03	1.54e-06
 2.73909e+23	9.97e-01	2.65e-03	1.38e-06
 2.74639e+23	9.97e-01	2.51e-03	1.24e-06
 2.75376e+23	9.98e-01	2.37e-03	1.11e-06
 2.76121e+23	9.98e-01	2.25e-03	9.97e-07
 2.76874e+23	9.98e-01	2.13e-03	8.94e-07
 2.77635e+23	9.98e-01	2.02e-03	8.00e-07
 2.78404e+23	9.98e-01	1.91e-03	7.16e-07
 2.79180e+23	9.98e-01	1.80e-03	6.41e-07
 2.79960e+23	9.98e-01	1.71e-03	5.73e-07
 2.80752e+23	9.98e-01	1.61e-03	5.12e-07
 2.81555e+23	9.98e-01	1.52e-03	4.56e-07
 2.82364e+23	9.99e-01	1.44e-03	4.07e-07
 2.83181e+23	9.99e-01	1.36e-03	3.62e-07
 2.84010e+23	9.99e-01	1.28e-03	3.22e-07
 2.84848e+23	9.99e-01	1.21e-03	2.86e-07
 2.85695e+23	9.99e-01	1.14e-03	2.54e-07
 2.86533e+23	9.99e-01	1.07e-03	2.26e-07
 2.87328e+23	9.99e-01	1.02e-03	2.03e-07
 2.88066e+23	9.99e-01	9.66e-04	1.84e-07
 2.88757e+23	9.99e-01	9.22e-04	1.67e-07
 2.89414e+23	9.99e-01	8.81e-04	1.53e-07
 2.90042e+23	9.99e-01	8.44e-04	1.40e-07
 2.90641e+23	9.99e-01	8.10e-04	1.29e-07
 2.91208e+23	9.99e-01	7.80e-04	1.19e-07
 2.91745e+23	9.99e-01	7.52e-04	1.11e-07
 2.92253e+23	9.99e-01	7.26e-04	1.03e-07
 2.92738e+23	9.99e-01	7.02e-04	9.68e-08
 2.93200e+23	9.99e-01	6.81e-04	9.11e-08
 2.93635e+23	9.99e-01	6.62e-04	8.60e-08
 2.94046e+23	9.99e-01	6.43e-04	8.13e-08
 2.94440e+23	9.99e-01	6.26e-04	7.70e-08
 2.94821e+23	9.99e-01	6.10e-04	7.31e-08
 2.95187e+23	9.99e-01	5.95e-04	6.95e-08
 2.95536e+23	9.99e-01	5.81e-04	6.63e-08
 2.95867e+23	9.99e-01	5.68e-04	6.33e-08
 2.96184e+23	9.99e-01	5.56e-04	6.06e-08
 2.96489e+23	9.99e-01	5.44e-04	5.80e-08
 2.96785e+23	9.99e-01	5.33e-04	5.57e-08
 2.97072e+23	9.99e-01	5.22e-04	5.35e-08
 2.97348e+23	9.99e-01	5.12e-04	5.15e-08
 2.97613e+23	9.99e-01	5.03e-04	4.97e-08
 2.97869e+23	1.00e+00	4.94e-04	4.79e-08
 2.98118e+23	1.00e+00	4.86e-04	4.63e-08
 2.98364e+23	1.00e+00	4.77e-04	4.47e-08
 2.98604e+23	1.00e+00	4.70e-04	4.33e-08
 2.98840e+23	1.00e+00	4.62e-04	4.19e-08
 2.99071e+23	1.00e+00	4.54e-04	4.05e-08
 2.99300e+23	1.00e+00	4.47e-04	3.92e-08
 2.99527e+23	1.00e+00	4.40e-04	3.80e-08
 2.99754e+23	1.00e+00	4.33e-04	3.68e-08
 2.99981e+23	1.00e+00	4.26e-04	3.57e-08
 3.00209e+23	1.00e+00	4.19e-04	3.45e-08
 3.00440e+23	1.00e+00	4.12e-04	3.34e-08
 3.00676e+23	1.00e+00	4.06e-04	3.23e-08
 3.00916e+23	1.00e+00	3.99e-04	3.12e-08
 3.01161e+23	1.00e+00	3.91e-04	3.01e-08
 3.01415e+23	1.00e+00	3.85e-04	2.90e-08
 3.01677e+23	1.00e+00	3.77e-04	2.79e-08
 3.01951e+23	1.00e+00	3.70e-04	2.68e-08
 3.02238e+23	1.00e+00	3.62e-04	2.57e-08
 3.02539e+23	1.00e+00	3.54e-04	2.46e-08
 3.02854e+23	1.00e+00	3.46e-04	2.35e-08
 3.03186e+23	1.00e+00	3.37e-04	2.23e-08
 3.03539e+23	1.00e+00	3.29e-04	2.12e-08
 3.03915e+23	1.00e+00	3.20e-04	2.01e-08
 3.04311e+23	1.00e+00	3.11e-04	1.90e-08
 3.04728e+23	1.00e+00	3.01e-04	1.78e-08
 3.05174e+23	1.00e+00	2.91e-04	1.67e-08
 3.05652e+23	1.00e+00	2.81e-04	1.55e-08
 3.06160e+23	1.00e+00	2.70e-04	1.43e-08
 3.06702e+23	1.00e+00	2.59e-04	1.32e-08
 3.07280e+23	1.00e+00	2.48e-04	1.21e-08
 3.07898e+23	1.00e+00	2.37e-04	1.10e-08
 3.08393e+23	1.00e+00	2.30e-04	1.04e-08
