#depth	S	S+	S+2	S+3	S+4	S+5	S+6	S+7	S+8	S+9	S+10	S+11	S+12	S+13	S+14	S+15	S+16
 1.54284e+22	0.00e+00	9.90e-26	1.35e-21	1.86e-18	1.25e-15	3.62e-13	4.52e-10	6.13e-08	3.12e-06	6.15e-05	7.48e-04	4.35e-03	1.46e-02	5.23e-02	3.96e-01	4.02e-01	1.29e-01
 3.44092e+22	0.00e+00	1.20e-22	7.93e-19	5.03e-16	1.51e-13	2.79e-11	3.51e-08	3.72e-06	1.32e-04	1.55e-03	1.16e-02	3.79e-02	6.48e-02	1.15e-01	4.74e-01	2.52e-01	4.28e-02
 3.93108e+22	0.00e+00	3.24e-21	1.44e-17	5.85e-15	1.10e-12	1.31e-10	1.97e-07	2.01e-05	6.20e-04	5.73e-03	3.41e-02	8.64e-02	1.09e-01	1.38e-01	4.35e-01	1.70e-01	2.13e-02
 4.13346e+22	0.00e+00	1.67e-20	6.05e-17	1.92e-14	2.82e-12	2.65e-10	4.37e-07	4.42e-05	1.27e-03	1.03e-02	5.48e-02	1.23e-01	1.33e-01	1.43e-01	3.92e-01	1.30e-01	1.40e-02
 4.21778e+22	0.00e+00	2.49e-20	8.58e-17	2.57e-14	3.55e-12	3.15e-10	5.27e-07	5.33e-05	1.51e-03	1.19e-02	6.10e-02	1.32e-01	1.38e-01	1.43e-01	3.79e-01	1.21e-01	1.25e-02
 4.24665e+22	3.59e-34	3.31e-20	1.10e-16	3.15e-14	4.16e-12	3.54e-10	6.00e-07	6.06e-05	1.69e-03	1.30e-02	6.57e-02	1.40e-01	1.42e-01	1.43e-01	3.69e-01	1.15e-01	1.15e-02
 4.27424e+22	5.46e-34	4.70e-20	1.49e-16	4.06e-14	5.08e-12	4.12e-10	7.05e-07	7.10e-05	1.95e-03	1.46e-02	7.18e-02	1.49e-01	1.46e-01	1.42e-01	3.57e-01	1.07e-01	1.04e-02
 4.30289e+22	7.73e-34	6.30e-20	1.92e-16	5.02e-14	6.00e-12	4.66e-10	8.04e-07	8.08e-05	2.19e-03	1.60e-02	7.72e-02	1.56e-01	1.50e-01	1.41e-01	3.47e-01	1.01e-01	9.47e-03
 4.33262e+22	1.20e-33	9.12e-20	2.66e-16	6.55e-14	7.40e-12	5.46e-10	9.47e-07	9.50e-05	2.54e-03	1.80e-02	8.43e-02	1.66e-01	1.54e-01	1.40e-01	3.33e-01	9.31e-02	8.43e-03
 4.36280e+22	1.68e-33	1.21e-19	3.41e-16	8.07e-14	8.72e-12	6.18e-10	1.08e-06	1.08e-04	2.83e-03	1.97e-02	9.01e-02	1.74e-01	1.57e-01	1.39e-01	3.22e-01	8.75e-02	7.70e-03
 4.39383e+22	2.61e-33	1.76e-19	4.71e-16	1.05e-13	1.08e-11	7.25e-10	1.26e-06	1.26e-04	3.26e-03	2.20e-02	9.79e-02	1.84e-01	1.61e-01	1.37e-01	3.08e-01	8.05e-02	6.82e-03
 4.42546e+22	3.67e-33	2.35e-19	6.08e-16	1.30e-13	1.27e-11	8.24e-10	1.43e-06	1.42e-04	3.63e-03	2.39e-02	1.04e-01	1.92e-01	1.63e-01	1.35e-01	2.97e-01	7.52e-02	6.19e-03
 4.45785e+22	5.67e-33	3.40e-19	8.40e-16	1.71e-13	1.58e-11	9.69e-10	1.67e-06	1.66e-04	4.16e-03	2.65e-02	1.13e-01	2.01e-01	1.66e-01	1.33e-01	2.82e-01	6.88e-02	5.44e-03
 4.49046e+22	7.90e-33	4.51e-19	1.08e-15	2.10e-13	1.86e-11	1.10e-09	1.88e-06	1.86e-04	4.60e-03	2.87e-02	1.19e-01	2.09e-01	1.68e-01	1.31e-01	2.71e-01	6.41e-02	4.93e-03
 4.52333e+22	1.21e-32	6.49e-19	1.48e-15	2.73e-13	2.29e-11	1.29e-09	2.18e-06	2.15e-04	5.23e-03	3.17e-02	1.28e-01	2.18e-01	1.70e-01	1.28e-01	2.56e-01	5.84e-02	4.32e-03
 4.55516e+22	1.61e-32	8.28e-19	1.83e-15	3.27e-13	2.65e-11	1.44e-09	2.41e-06	2.37e-04	5.69e-03	3.38e-02	1.34e-01	2.24e-01	1.71e-01	1.25e-01	2.47e-01	5.48e-02	3.95e-03
 4.58562e+22	2.35e-32	1.15e-18	2.44e-15	4.15e-13	3.20e-11	1.67e-09	2.75e-06	2.69e-04	6.36e-03	3.68e-02	1.42e-01	2.32e-01	1.72e-01	1.22e-01	2.34e-01	5.02e-02	3.50e-03
 4.61688e+22	3.16e-32	1.47e-18	3.04e-15	5.00e-13	3.72e-11	1.87e-09	3.05e-06	2.96e-04	6.92e-03	3.92e-02	1.48e-01	2.38e-01	1.73e-01	1.20e-01	2.24e-01	4.68e-02	3.18e-03
 4.64916e+22	4.67e-32	2.06e-18	4.08e-15	6.39e-13	4.51e-11	2.18e-09	3.47e-06	3.36e-04	7.73e-03	4.26e-02	1.57e-01	2.46e-01	1.73e-01	1.16e-01	2.12e-01	4.26e-02	2.79e-03
 4.68185e+22	6.21e-32	2.63e-18	5.06e-15	7.67e-13	5.24e-11	2.44e-09	3.84e-06	3.69e-04	8.38e-03	4.52e-02	1.63e-01	2.51e-01	1.73e-01	1.14e-01	2.02e-01	3.96e-02	2.53e-03
 4.71508e+22	9.05e-32	3.64e-18	6.73e-15	9.74e-13	6.35e-11	2.84e-09	4.36e-06	4.17e-04	9.30e-03	4.89e-02	1.72e-01	2.58e-01	1.73e-01	1.10e-01	1.91e-01	3.60e-02	2.22e-03
 4.74805e+22	1.20e-31	4.63e-18	8.32e-15	1.16e-12	7.33e-11	3.18e-09	4.78e-06	4.56e-04	1.00e-02	5.17e-02	1.78e-01	2.63e-01	1.72e-01	1.07e-01	1.82e-01	3.35e-02	2.01e-03
 4.78067e+22	1.73e-31	6.34e-18	1.10e-14	1.47e-12	8.82e-11	3.67e-09	5.39e-06	5.11e-04	1.11e-02	5.55e-02	1.86e-01	2.69e-01	1.71e-01	1.03e-01	1.71e-01	3.03e-02	1.76e-03
 4.81363e+22	2.25e-31	7.99e-18	1.35e-14	1.75e-12	1.02e-10	4.10e-09	5.91e-06	5.56e-04	1.19e-02	5.85e-02	1.93e-01	2.73e-01	1.70e-01	1.01e-01	1.63e-01	2.82e-02	1.59e-03
 4.84701e+22	3.22e-31	1.09e-17	1.77e-14	2.20e-12	1.22e-10	4.73e-09	6.64e-06	6.21e-04	1.31e-02	6.26e-02	2.01e-01	2.78e-01	1.69e-01	9.68e-02	1.53e-01	2.55e-02	1.39e-03
 4.88104e+22	4.23e-31	1.38e-17	2.17e-14	2.62e-12	1.41e-10	5.30e-09	7.28e-06	6.76e-04	1.40e-02	6.59e-02	2.07e-01	2.81e-01	1.67e-01	9.39e-02	1.45e-01	2.36e-02	1.25e-03
 4.91590e+22	6.06e-31	1.88e-17	2.86e-14	3.30e-12	1.70e-10	6.13e-09	8.18e-06	7.54e-04	1.54e-02	7.04e-02	2.15e-01	2.85e-01	1.65e-01	9.00e-02	1.35e-01	2.13e-02	1.09e-03
 4.95140e+22	3.96e-31	2.38e-17	3.53e-14	3.94e-12	1.96e-10	6.88e-09	8.98e-06	8.20e-04	1.65e-02	7.39e-02	2.21e-01	2.88e-01	1.63e-01	8.71e-02	1.28e-01	1.96e-02	9.79e-04
 4.98773e+22	5.69e-31	3.26e-17	4.65e-14	4.98e-12	2.37e-10	7.99e-09	1.01e-05	9.14e-04	1.81e-02	7.88e-02	2.29e-01	2.92e-01	1.61e-01	8.31e-02	1.19e-01	1.76e-02	8.46e-04
 5.02474e+22	7.49e-31	4.14e-17	5.75e-14	5.97e-12	2.75e-10	8.99e-09	1.11e-05	9.94e-04	1.94e-02	8.26e-02	2.36e-01	2.94e-01	1.58e-01	8.01e-02	1.12e-01	1.61e-02	7.56e-04
 5.06265e+22	1.08e-30	5.67e-17	7.59e-14	7.56e-12	3.34e-10	1.05e-08	1.25e-05	1.11e-03	2.12e-02	8.78e-02	2.43e-01	2.96e-01	1.55e-01	7.62e-02	1.04e-01	1.44e-02	6.50e-04
 5.09969e+22	1.37e-30	7.01e-17	9.18e-14	8.89e-12	3.82e-10	1.17e-08	1.36e-05	1.19e-03	2.25e-02	9.16e-02	2.49e-01	2.97e-01	1.53e-01	7.36e-02	9.85e-02	1.33e-02	5.86e-04
 5.13562e+22	1.93e-30	9.44e-17	1.19e-13	1.11e-11	4.57e-10	1.34e-08	1.52e-05	1.32e-03	2.44e-02	9.67e-02	2.56e-01	2.99e-01	1.49e-01	7.00e-02	9.13e-02	1.19e-02	5.07e-04
 5.17213e+22	2.47e-30	1.17e-16	1.44e-13	1.31e-11	5.24e-10	1.50e-08	1.65e-05	1.42e-03	2.59e-02	1.01e-01	2.61e-01	2.99e-01	1.47e-01	6.74e-02	8.63e-02	1.10e-02	4.56e-04
 5.20938e+22	3.44e-30	1.56e-16	1.87e-13	1.63e-11	6.27e-10	1.73e-08	1.85e-05	1.57e-03	2.80e-02	1.06e-01	2.68e-01	3.00e-01	1.43e-01	6.40e-02	7.98e-02	9.80e-03	3.94e-04
 5.24779e+22	4.49e-30	1.97e-16	2.30e-13	1.95e-11	7.26e-10	1.95e-08	2.02e-05	1.70e-03	2.99e-02	1.11e-01	2.73e-01	3.00e-01	1.40e-01	6.12e-02	7.49e-02	8.93e-03	3.49e-04
 5.28772e+22	6.27e-30	2.64e-16	2.98e-13	2.43e-11	8.73e-10	2.26e-08	2.27e-05	1.88e-03	3.23e-02	1.16e-01	2.79e-01	2.99e-01	1.36e-01	5.79e-02	6.90e-02	7.95e-03	3.00e-04
 5.32896e+22	8.32e-30	3.38e-16	3.72e-13	2.94e-11	1.02e-09	2.56e-08	2.50e-05	2.04e-03	3.45e-02	1.21e-01	2.84e-01	2.99e-01	1.32e-01	5.51e-02	6.43e-02	7.19e-03	2.64e-04
 5.37191e+22	1.18e-29	4.59e-16	4.87e-13	3.71e-11	1.24e-09	2.99e-08	2.82e-05	2.26e-03	3.74e-02	1.28e-01	2.90e-01	2.97e-01	1.28e-01	5.18e-02	5.89e-02	6.35e-03	2.24e-04
 5.41605e+22	1.58e-29	5.92e-16	6.12e-13	4.52e-11	1.46e-09	3.41e-08	3.12e-05	2.46e-03	4.00e-02	1.33e-01	2.95e-01	2.95e-01	1.24e-01	4.92e-02	5.46e-02	5.71e-03	1.96e-04
 5.46173e+22	2.26e-29	8.10e-16	8.10e-13	5.75e-11	1.78e-09	4.02e-08	3.54e-05	2.74e-03	4.33e-02	1.40e-01	3.01e-01	2.93e-01	1.19e-01	4.59e-02	4.96e-02	5.00e-03	1.65e-04
 5.50893e+22	3.07e-29	1.06e-15	1.03e-12	7.07e-11	2.12e-09	4.62e-08	3.93e-05	2.99e-03	4.64e-02	1.46e-01	3.05e-01	2.90e-01	1.15e-01	4.33e-02	4.57e-02	4.46e-03	1.42e-04
 5.55812e+22	4.47e-29	1.47e-15	1.38e-12	9.11e-11	2.62e-09	5.48e-08	4.49e-05	3.34e-03	5.04e-02	1.53e-01	3.10e-01	2.87e-01	1.10e-01	4.02e-02	4.12e-02	3.86e-03	1.19e-04
 5.60859e+22	6.13e-29	1.93e-15	1.76e-12	1.13e-10	3.13e-09	6.33e-08	5.01e-05	3.66e-03	5.40e-02	1.60e-01	3.14e-01	2.83e-01	1.06e-01	3.77e-02	3.78e-02	3.42e-03	1.02e-04
 5.65385e+22	8.25e-29	2.51e-15	2.23e-12	1.38e-10	3.71e-09	7.28e-08	5.58e-05	3.99e-03	5.76e-02	1.66e-01	3.17e-01	2.80e-01	1.02e-01	3.54e-02	3.47e-02	3.04e-03	8.75e-05
 5.70581e+22	1.24e-28	3.57e-15	3.05e-12	1.81e-10	4.64e-09	8.73e-08	6.41e-05	4.47e-03	6.26e-02	1.74e-01	3.21e-01	2.74e-01	9.67e-02	3.25e-02	3.09e-02	2.59e-03	7.14e-05
 5.75814e+22	1.66e-28	4.62e-15	3.85e-12	2.22e-10	5.50e-09	1.00e-07	7.13e-05	4.87e-03	6.67e-02	1.81e-01	3.24e-01	2.70e-01	9.27e-02	3.05e-02	2.83e-02	2.30e-03	6.13e-05
 5.81096e+22	2.47e-28	6.53e-15	5.25e-12	2.90e-10	6.88e-09	1.20e-07	8.18e-05	5.44e-03	7.23e-02	1.89e-01	3.27e-01	2.64e-01	8.76e-02	2.79e-02	2.51e-02	1.95e-03	5.00e-05
 5.86490e+22	3.39e-28	8.64e-15	6.74e-12	3.60e-10	8.23e-09	1.39e-07	9.14e-05	5.95e-03	7.71e-02	1.95e-01	3.28e-01	2.59e-01	8.35e-02	2.60e-02	2.28e-02	1.71e-03	4.23e-05
 5.92030e+22	5.08e-28	1.23e-14	9.26e-12	4.73e-10	1.04e-08	1.68e-07	1.05e-04	6.66e-03	8.36e-02	2.04e-01	3.30e-01	2.52e-01	7.84e-02	2.36e-02	2.01e-02	1.44e-03	3.40e-05
 5.97656e+22	7.04e-28	1.65e-14	1.20e-11	5.92e-10	1.25e-08	1.95e-07	1.18e-04	7.29e-03	8.91e-02	2.11e-01	3.31e-01	2.46e-01	7.44e-02	2.18e-02	1.81e-02	1.25e-03	2.85e-05
 6.03395e+22	1.07e-27	2.40e-14	1.67e-11	7.89e-10	1.58e-08	2.36e-07	1.36e-04	8.18e-03	9.66e-02	2.20e-01	3.31e-01	2.38e-01	6.94e-02	1.97e-02	1.58e-02	1.04e-03	2.26e-05
 6.08820e+22	1.42e-27	3.07e-14	2.09e-11	9.55e-10	1.86e-08	2.69e-07	1.50e-04	8.83e-03	1.02e-01	2.26e-01	3.31e-01	2.33e-01	6.61e-02	1.84e-02	1.44e-02	9.21e-04	1.94e-05
 6.13836e+22	2.05e-27	4.27e-14	2.80e-11	1.23e-09	2.29e-08	3.19e-07	1.70e-04	9.74e-03	1.09e-01	2.33e-01	3.30e-01	2.26e-01	6.19e-02	1.67e-02	1.27e-02	7.79e-04	1.57e-05
 6.18895e+22	2.69e-27	5.47e-14	3.50e-11	1.49e-09	2.69e-08	3.63e-07	1.88e-04	1.05e-02	1.15e-01	2.39e-01	3.29e-01	2.20e-01	5.89e-02	1.56e-02	1.16e-02	6.86e-04	1.34e-05
 6.24010e+22	3.92e-27	7.69e-14	4.74e-11	1.93e-09	3.33e-08	4.32e-07	2.14e-04	1.16e-02	1.23e-01	2.46e-01	3.27e-01	2.12e-01	5.49e-02	1.41e-02	1.02e-02	5.76e-04	1.07e-05
 6.29169e+22	5.21e-27	9.97e-14	5.97e-11	2.35e-09	3.93e-08	4.95e-07	2.36e-04	1.25e-02	1.29e-01	2.52e-01	3.25e-01	2.06e-01	5.19e-02	1.30e-02	9.19e-03	5.03e-04	9.06e-06
 6.34384e+22	7.59e-27	1.41e-13	8.13e-11	3.07e-09	4.89e-08	5.91e-07	2.69e-04	1.39e-02	1.38e-01	2.59e-01	3.22e-01	1.98e-01	4.82e-02	1.18e-02	8.02e-03	4.19e-04	7.21e-06
 6.39676e+22	1.01e-26	1.85e-13	1.03e-10	3.77e-09	5.81e-08	6.80e-07	2.99e-04	1.50e-02	1.46e-01	2.64e-01	3.20e-01	1.92e-01	4.54e-02	1.08e-02	7.20e-03	3.63e-04	6.03e-06
 6.45067e+22	1.49e-26	2.65e-13	1.42e-10	4.96e-09	7.30e-08	8.20e-07	3.42e-04	1.66e-02	1.56e-01	2.71e-01	3.15e-01	1.83e-01	4.18e-02	9.68e-03	6.22e-03	2.98e-04	4.72e-06
 6.50530e+22	1.99e-26	3.49e-13	1.82e-10	6.14e-09	8.72e-08	9.48e-07	3.81e-04	1.80e-02	1.64e-01	2.76e-01	3.11e-01	1.77e-01	3.92e-02	8.87e-03	5.55e-03	2.56e-04	3.91e-06
 6.56086e+22	2.94e-26	5.07e-13	2.54e-10	8.15e-09	1.11e-07	1.15e-06	4.40e-04	2.00e-02	1.75e-01	2.82e-01	3.06e-01	1.68e-01	3.59e-02	7.88e-03	4.76e-03	2.09e-04	3.02e-06
 6.61758e+22	3.99e-26	6.83e-13	3.30e-10	1.02e-08	1.34e-07	1.35e-06	4.93e-04	2.18e-02	1.84e-01	2.87e-01	3.01e-01	1.61e-01	3.33e-02	7.15e-03	4.19e-03	1.76e-04	2.45e-06
 6.67581e+22	5.91e-26	1.01e-12	4.67e-10	1.38e-08	1.72e-07	1.66e-06	5.74e-04	2.44e-02	1.97e-01	2.92e-01	2.93e-01	1.52e-01	3.02e-02	6.28e-03	3.54e-03	1.41e-04	1.86e-06
 6.73527e+22	8.09e-26	1.38e-12	6.17e-10	1.76e-08	2.11e-07	1.97e-06	6.50e-04	2.67e-02	2.07e-01	2.96e-01	2.87e-01	1.45e-01	2.78e-02	5.65e-03	3.09e-03	1.18e-04	1.48e-06
 6.79434e+22	1.18e-25	2.02e-12	8.67e-10	2.36e-08	2.71e-07	2.43e-06	7.58e-04	2.99e-02	2.21e-01	3.01e-01	2.79e-01	1.36e-01	2.51e-02	4.95e-03	2.60e-03	9.37e-05	1.12e-06
 6.85044e+22	1.53e-25	2.65e-12	1.11e-09	2.92e-08	3.25e-07	2.83e-06	8.48e-04	3.24e-02	2.31e-01	3.03e-01	2.72e-01	1.30e-01	2.33e-02	4.48e-03	2.29e-03	7.93e-05	9.11e-07
 6.90467e+22	2.15e-25	3.79e-12	1.53e-09	3.88e-08	4.13e-07	3.47e-06	9.84e-04	3.60e-02	2.45e-01	3.06e-01	2.63e-01	1.22e-01	2.10e-02	3.93e-03	1.93e-03	6.35e-05	6.91e-07
 6.95994e+22	2.81e-25	5.03e-12	1.97e-09	4.85e-08	5.01e-07	4.08e-06	1.11e-03	3.92e-02	2.56e-01	3.08e-01	2.56e-01	1.16e-01	1.92e-02	3.53e-03	1.68e-03	5.30e-05	5.53e-07
 7.01416e+22	3.82e-25	7.06e-12	2.67e-09	6.36e-08	6.32e-07	4.99e-06	1.28e-03	4.35e-02	2.69e-01	3.09e-01	2.47e-01	1.08e-01	1.73e-02	3.10e-03	1.42e-03	4.24e-05	4.21e-07
 7.06950e+22	4.95e-25	9.44e-12	3.47e-09	8.03e-08	7.75e-07	5.94e-06	1.46e-03	4.76e-02	2.82e-01	3.09e-01	2.38e-01	1.02e-01	1.57e-02	2.75e-03	1.22e-03	3.49e-05	3.31e-07
 7.12343e+22	6.45e-25	1.29e-11	4.62e-09	1.04e-07	9.68e-07	7.21e-06	1.68e-03	5.26e-02	2.95e-01	3.09e-01	2.29e-01	9.49e-02	1.41e-02	2.41e-03	1.03e-03	2.80e-05	2.53e-07
 7.17850e+22	8.25e-25	1.73e-11	6.02e-09	1.32e-07	1.20e-06	8.66e-06	1.93e-03	5.78e-02	3.08e-01	3.08e-01	2.19e-01	8.86e-02	1.27e-02	2.12e-03	8.76e-04	2.27e-05	1.96e-07
 7.23305e+22	1.05e-24	2.32e-11	7.89e-09	1.69e-07	1.49e-06	1.05e-05	2.21e-03	6.36e-02	3.22e-01	3.07e-01	2.10e-01	8.22e-02	1.14e-02	1.85e-03	7.38e-04	1.82e-05	1.50e-07
 7.28787e+22	1.32e-24	3.08e-11	1.02e-08	2.14e-07	1.84e-06	1.26e-05	2.54e-03	6.99e-02	3.35e-01	3.04e-01	2.00e-01	7.61e-02	1.02e-02	1.62e-03	6.22e-04	1.46e-05	0.00e+00
 7.34207e+22	1.64e-24	4.05e-11	1.32e-08	2.71e-07	2.26e-06	1.52e-05	2.91e-03	7.66e-02	3.48e-01	3.01e-01	1.90e-01	7.03e-02	9.05e-03	1.41e-03	5.23e-04	1.17e-05	0.00e+00
 7.39617e+22	2.01e-24	5.28e-11	1.69e-08	3.41e-07	2.78e-06	1.83e-05	3.32e-03	8.39e-02	3.60e-01	2.97e-01	1.80e-01	6.48e-02	8.05e-03	1.23e-03	4.39e-04	9.38e-06	0.00e+00
 7.45037e+22	2.45e-24	6.84e-11	2.16e-08	4.29e-07	3.42e-06	2.20e-05	3.80e-03	9.19e-02	3.73e-01	2.93e-01	1.71e-01	5.95e-02	7.13e-03	1.06e-03	3.67e-04	7.47e-06	0.00e+00
 7.50479e+22	2.96e-24	8.79e-11	2.73e-08	5.37e-07	4.18e-06	2.64e-05	4.34e-03	1.00e-01	3.85e-01	2.88e-01	1.61e-01	5.44e-02	6.30e-03	9.16e-04	3.06e-04	5.94e-06	0.00e+00
 7.55955e+22	3.55e-24	1.12e-10	3.45e-08	6.70e-07	5.12e-06	3.17e-05	4.95e-03	1.09e-01	3.96e-01	2.82e-01	1.51e-01	4.96e-02	5.54e-03	7.88e-04	2.54e-04	4.70e-06	0.00e+00
 7.61481e+22	4.24e-24	1.42e-10	4.34e-08	8.34e-07	6.24e-06	3.80e-05	5.64e-03	1.19e-01	4.07e-01	2.76e-01	1.42e-01	4.51e-02	4.86e-03	6.75e-04	2.10e-04	3.71e-06	0.00e+00
 7.67073e+22	5.05e-24	1.79e-10	5.43e-08	1.04e-06	7.61e-06	4.55e-05	6.43e-03	1.30e-01	4.17e-01	2.69e-01	1.32e-01	4.08e-02	4.24e-03	5.76e-04	1.73e-04	2.91e-06	0.00e+00
 7.72694e+22	5.97e-24	2.24e-10	6.74e-08	1.28e-06	9.23e-06	5.43e-05	7.30e-03	1.41e-01	4.26e-01	2.61e-01	1.23e-01	3.69e-02	3.70e-03	4.91e-04	1.43e-04	2.28e-06	0.00e+00
 7.78406e+22	7.09e-24	2.78e-10	8.37e-08	1.58e-06	1.12e-05	6.51e-05	8.30e-03	1.52e-01	4.35e-01	2.53e-01	1.15e-01	3.31e-02	3.21e-03	4.15e-04	1.17e-04	1.77e-06	0.00e+00
 7.84186e+22	8.97e-24	3.43e-10	1.03e-07	1.94e-06	1.35e-05	7.75e-05	9.39e-03	1.64e-01	4.42e-01	2.45e-01	1.06e-01	2.97e-02	2.78e-03	3.51e-04	9.53e-05	1.38e-06	0.00e+00
 7.90079e+22	1.07e-23	4.23e-10	1.27e-07	2.40e-06	1.64e-05	9.29e-05	1.07e-02	1.78e-01	4.49e-01	2.36e-01	9.77e-02	2.64e-02	2.38e-03	2.93e-04	7.70e-05	1.06e-06	0.00e+00
 7.95561e+22	1.24e-23	4.99e-10	1.50e-07	2.83e-06	1.92e-05	1.07e-04	1.18e-02	1.89e-01	4.53e-01	2.29e-01	9.12e-02	2.40e-02	2.10e-03	2.53e-04	6.47e-05	8.54e-07	0.00e+00
 8.01203e+22	1.47e-23	6.11e-10	1.85e-07	3.49e-06	2.33e-05	1.29e-04	1.34e-02	2.04e-01	4.58e-01	2.19e-01	8.32e-02	2.11e-02	1.79e-03	2.09e-04	5.16e-05	6.46e-07	0.00e+00
 8.06939e+22	1.72e-23	7.16e-10	2.18e-07	4.11e-06	2.71e-05	1.48e-04	1.48e-02	2.15e-01	4.61e-01	2.11e-01	7.73e-02	1.91e-02	1.57e-03	1.79e-04	4.31e-05	5.17e-07	0.00e+00
 8.12815e+22	2.07e-23	8.70e-10	2.68e-07	5.07e-06	3.29e-05	1.79e-04	1.68e-02	2.32e-01	4.63e-01	2.00e-01	6.99e-02	1.66e-02	1.32e-03	1.46e-04	3.39e-05	3.85e-07	0.00e+00
 8.18721e+22	2.42e-23	1.01e-09	3.13e-07	5.93e-06	3.80e-05	2.04e-04	1.84e-02	2.44e-01	4.64e-01	1.93e-01	6.48e-02	1.50e-02	1.15e-03	1.26e-04	2.83e-05	3.09e-07	0.00e+00
 8.24667e+22	2.93e-23	1.22e-09	3.81e-07	7.24e-06	4.58e-05	2.44e-04	2.07e-02	2.60e-01	4.64e-01	1.82e-01	5.84e-02	1.30e-02	9.67e-04	1.02e-04	2.22e-05	2.30e-07	0.00e+00
 8.30649e+22	3.43e-23	1.40e-09	4.43e-07	8.43e-06	5.26e-05	2.79e-04	2.27e-02	2.73e-01	4.63e-01	1.75e-01	5.39e-02	1.17e-02	8.44e-04	8.72e-05	1.85e-05	1.83e-07	0.00e+00
 8.36676e+22	4.17e-23	1.67e-09	5.34e-07	1.02e-05	6.30e-05	3.31e-04	2.54e-02	2.90e-01	4.60e-01	1.65e-01	4.84e-02	1.01e-02	7.05e-04	7.07e-05	1.45e-05	1.36e-07	0.00e+00
 8.42754e+22	4.90e-23	1.91e-09	6.18e-07	1.19e-05	7.21e-05	3.76e-04	2.77e-02	3.03e-01	4.58e-01	1.57e-01	4.45e-02	9.08e-03	6.14e-04	6.01e-05	1.20e-05	0.00e+00	0.00e+00
 8.48899e+22	5.97e-23	2.26e-09	7.42e-07	1.43e-05	8.58e-05	4.45e-04	3.09e-02	3.20e-01	4.53e-01	1.47e-01	3.98e-02	7.83e-03	5.11e-04	4.85e-05	9.39e-06	0.00e+00	0.00e+00
 8.55121e+22	7.02e-23	2.58e-09	8.57e-07	1.65e-05	9.81e-05	5.05e-04	3.36e-02	3.33e-01	4.48e-01	1.40e-01	3.65e-02	6.97e-03	4.42e-04	4.10e-05	7.74e-06	0.00e+00	0.00e+00
 8.61445e+22	8.60e-23	3.03e-09	1.03e-06	1.99e-05	1.16e-04	5.96e-04	3.74e-02	3.51e-01	4.42e-01	1.31e-01	3.24e-02	5.98e-03	3.66e-04	3.29e-05	6.01e-06	0.00e+00	0.00e+00
 8.67873e+22	1.02e-22	3.46e-09	1.19e-06	2.30e-05	1.33e-04	6.76e-04	4.06e-02	3.64e-01	4.36e-01	1.24e-01	2.96e-02	5.30e-03	3.15e-04	2.77e-05	4.93e-06	0.00e+00	0.00e+00
 8.74438e+22	1.25e-22	4.07e-09	1.42e-06	2.77e-05	1.57e-04	7.97e-04	4.50e-02	3.81e-01	4.27e-01	1.15e-01	2.61e-02	4.51e-03	2.59e-04	2.20e-05	3.79e-06	0.00e+00	0.00e+00
 8.81141e+22	1.50e-22	4.65e-09	1.64e-06	3.20e-05	1.79e-04	9.04e-04	4.88e-02	3.95e-01	4.19e-01	1.08e-01	2.37e-02	3.97e-03	2.22e-04	1.84e-05	3.08e-06	0.00e+00	0.00e+00
 8.88023e+22	1.86e-22	5.48e-09	1.97e-06	3.85e-05	2.12e-04	1.07e-03	5.41e-02	4.12e-01	4.09e-01	9.96e-02	2.08e-02	3.35e-03	1.80e-04	1.45e-05	2.34e-06	0.00e+00	0.00e+00
 8.95077e+22	2.23e-22	6.30e-09	2.29e-06	4.47e-05	2.42e-04	1.21e-03	5.85e-02	4.25e-01	4.00e-01	9.33e-02	1.87e-02	2.93e-03	1.53e-04	1.19e-05	1.88e-06	0.00e+00	0.00e+00
 9.01015e+22	2.62e-22	7.10e-09	2.61e-06	5.09e-05	2.72e-04	1.35e-03	6.27e-02	4.36e-01	3.92e-01	8.80e-02	1.70e-02	2.60e-03	1.32e-04	1.01e-05	1.56e-06	0.00e+00	0.00e+00
 9.07393e+22	3.20e-22	8.23e-09	3.07e-06	5.99e-05	3.15e-04	1.56e-03	6.84e-02	4.51e-01	3.80e-01	8.13e-02	1.50e-02	2.22e-03	1.09e-04	8.10e-06	1.21e-06	0.00e+00	0.00e+00
 9.13874e+22	3.76e-22	9.29e-09	3.51e-06	6.82e-05	3.53e-04	1.74e-03	7.31e-02	4.62e-01	3.71e-01	7.63e-02	1.36e-02	1.96e-03	9.38e-05	6.80e-06	9.92e-07	0.00e+00	0.00e+00
 9.19487e+22	4.39e-22	1.04e-08	3.97e-06	7.71e-05	3.93e-04	1.93e-03	7.78e-02	4.71e-01	3.62e-01	7.18e-02	1.24e-02	1.74e-03	8.12e-05	5.76e-06	8.22e-07	0.00e+00	0.00e+00
 9.25783e+22	5.31e-22	1.20e-08	4.64e-06	9.00e-05	4.51e-04	2.21e-03	8.43e-02	4.84e-01	3.50e-01	6.62e-02	1.10e-02	1.49e-03	6.72e-05	4.63e-06	6.41e-07	0.00e+00	0.00e+00
 9.32064e+22	6.27e-22	1.36e-08	5.27e-06	1.01e-04	5.00e-04	2.43e-03	8.93e-02	4.93e-01	3.41e-01	6.24e-02	1.00e-02	1.33e-03	5.84e-05	3.94e-06	5.34e-07	0.00e+00	0.00e+00
 9.38324e+22	7.57e-22	1.56e-08	6.14e-06	1.18e-04	5.70e-04	2.77e-03	9.63e-02	5.04e-01	3.29e-01	5.74e-02	8.83e-03	1.13e-03	4.84e-05	3.18e-06	4.18e-07	0.00e+00	0.00e+00
 9.44672e+22	8.97e-22	1.77e-08	6.98e-06	1.33e-04	6.32e-04	3.05e-03	1.02e-01	5.11e-01	3.20e-01	5.39e-02	8.03e-03	1.01e-03	4.18e-05	2.69e-06	3.46e-07	0.00e+00	0.00e+00
 9.51132e+22	1.10e-21	2.06e-08	8.19e-06	1.55e-04	7.20e-04	3.46e-03	1.10e-01	5.21e-01	3.07e-01	4.94e-02	7.06e-03	8.56e-04	3.45e-05	2.15e-06	2.69e-07	0.00e+00	0.00e+00
 9.57702e+22	1.31e-21	2.35e-08	9.36e-06	1.75e-04	7.98e-04	3.81e-03	1.16e-01	5.28e-01	2.98e-01	4.62e-02	6.39e-03	7.56e-04	2.97e-05	1.82e-06	2.22e-07	0.00e+00	0.00e+00
 9.64415e+22	1.61e-21	2.74e-08	1.10e-05	2.05e-04	9.11e-04	4.34e-03	1.24e-01	5.37e-01	2.85e-01	4.21e-02	5.58e-03	6.38e-04	2.42e-05	1.44e-06	1.70e-07	0.00e+00	0.00e+00
 9.71231e+22	1.95e-21	3.16e-08	1.26e-05	2.32e-04	1.01e-03	4.77e-03	1.31e-01	5.43e-01	2.75e-01	3.92e-02	5.03e-03	5.61e-04	2.07e-05	1.21e-06	1.40e-07	0.00e+00	0.00e+00
 9.78180e+22	2.42e-21	3.72e-08	1.50e-05	2.72e-04	1.15e-03	5.42e-03	1.41e-01	5.50e-01	2.62e-01	3.55e-02	4.37e-03	4.71e-04	1.68e-05	9.51e-07	0.00e+00	0.00e+00	0.00e+00
 9.85295e+22	2.95e-21	4.31e-08	1.73e-05	3.10e-04	1.28e-03	5.98e-03	1.49e-01	5.55e-01	2.52e-01	3.29e-02	3.91e-03	4.10e-04	1.43e-05	7.88e-07	0.00e+00	0.00e+00	0.00e+00
 9.92624e+22	3.75e-21	5.17e-08	2.07e-05	3.65e-04	1.47e-03	6.80e-03	1.59e-01	5.60e-01	2.39e-01	2.97e-02	3.37e-03	3.42e-04	1.15e-05	6.15e-07	0.00e+00	0.00e+00	0.00e+00
 1.00015e+23	4.63e-21	6.05e-08	2.41e-05	4.18e-04	1.64e-03	7.52e-03	1.68e-01	5.64e-01	2.28e-01	2.73e-02	3.00e-03	2.95e-04	9.61e-06	5.04e-07	0.00e+00	0.00e+00	0.00e+00
 1.00793e+23	6.02e-21	7.37e-08	2.92e-05	4.97e-04	1.88e-03	8.57e-03	1.80e-01	5.67e-01	2.15e-01	2.44e-02	2.56e-03	2.43e-04	7.62e-06	3.88e-07	0.00e+00	0.00e+00	0.00e+00
 1.01578e+23	7.54e-21	8.72e-08	3.41e-05	5.70e-04	2.10e-03	9.44e-03	1.89e-01	5.69e-01	2.05e-01	2.24e-02	2.27e-03	2.09e-04	6.38e-06	3.17e-07	0.00e+00	0.00e+00	0.00e+00
 1.02372e+23	9.85e-21	1.07e-07	4.15e-05	6.78e-04	2.40e-03	1.07e-02	2.02e-01	5.70e-01	1.92e-01	1.99e-02	1.93e-03	1.71e-04	5.03e-06	2.42e-07	0.00e+00	0.00e+00	0.00e+00
 1.03175e+23	1.25e-20	1.27e-07	4.87e-05	7.78e-04	2.68e-03	1.18e-02	2.12e-01	5.70e-01	1.83e-01	1.82e-02	1.70e-03	1.47e-04	4.19e-06	1.98e-07	0.00e+00	0.00e+00	0.00e+00
 1.03988e+23	1.66e-20	1.58e-07	5.95e-05	9.27e-04	3.07e-03	1.34e-02	2.26e-01	5.69e-01	1.70e-01	1.61e-02	1.44e-03	1.20e-04	3.29e-06	1.50e-07	0.00e+00	0.00e+00	0.00e+00
 1.04816e+23	2.13e-20	1.90e-07	7.03e-05	1.07e-03	3.42e-03	1.48e-02	2.37e-01	5.67e-01	1.61e-01	1.47e-02	1.26e-03	1.02e-04	2.72e-06	1.21e-07	0.00e+00	0.00e+00	0.00e+00
 1.05551e+23	2.68e-20	2.27e-07	8.26e-05	1.23e-03	3.80e-03	1.63e-02	2.48e-01	5.64e-01	1.52e-01	1.33e-02	1.11e-03	8.68e-05	2.24e-06	0.00e+00	0.00e+00	0.00e+00	0.00e+00
 1.06393e+23	3.67e-20	2.87e-07	1.02e-04	1.47e-03	4.35e-03	1.83e-02	2.62e-01	5.60e-01	1.41e-01	1.17e-02	9.31e-04	7.04e-05	1.75e-06	0.00e+00	0.00e+00	0.00e+00	0.00e+00
 1.07250e+23	4.70e-20	3.46e-07	1.21e-04	1.69e-03	4.85e-03	2.02e-02	2.75e-01	5.55e-01	1.32e-01	1.05e-02	8.08e-04	5.92e-05	1.42e-06	0.00e+00	0.00e+00	0.00e+00	0.00e+00
 1.07943e+23	5.89e-20	4.09e-07	1.40e-04	1.91e-03	5.31e-03	2.19e-02	2.85e-01	5.50e-01	1.25e-01	9.64e-03	7.17e-04	5.13e-05	1.20e-06	0.00e+00	0.00e+00	0.00e+00	0.00e+00
 1.08662e+23	7.70e-20	5.00e-07	1.66e-04	2.21e-03	5.91e-03	2.40e-02	2.97e-01	5.44e-01	1.18e-01	8.67e-03	6.23e-04	4.32e-05	9.81e-07	0.00e+00	0.00e+00	0.00e+00	0.00e+00
 1.09418e+23	9.77e-20	5.97e-07	1.94e-04	2.51e-03	6.50e-03	2.61e-02	3.08e-01	5.38e-01	1.11e-01	7.88e-03	5.48e-04	3.70e-05	8.17e-07	0.00e+00	0.00e+00	0.00e+00	0.00e+00
 1.10112e+23	1.24e-19	7.12e-07	2.26e-04	2.84e-03	7.13e-03	2.82e-02	3.18e-01	5.31e-01	1.04e-01	7.16e-03	4.83e-04	3.17e-05	6.82e-07	0.00e+00	0.00e+00	0.00e+00	0.00e+00
 1.10903e+23	1.67e-19	8.91e-07	2.74e-04	3.33e-03	7.99e-03	3.11e-02	3.32e-01	5.22e-01	9.66e-02	6.35e-03	4.12e-04	2.62e-05	5.43e-07	0.00e+00	0.00e+00	0.00e+00	0.00e+00
 1.11716e+23	2.16e-19	1.08e-06	3.23e-04	3.82e-03	8.82e-03	3.40e-02	3.44e-01	5.14e-01	8.99e-02	5.69e-03	3.57e-04	2.20e-05	4.43e-07	0.00e+00	0.00e+00	0.00e+00	0.00e+00
 1.12430e+23	2.77e-19	1.30e-06	3.77e-04	4.33e-03	9.65e-03	3.66e-02	3.54e-01	5.05e-01	8.44e-02	5.15e-03	3.13e-04	1.88e-05	3.69e-07	0.00e+00	0.00e+00	0.00e+00	0.00e+00
 1.13233e+23	3.78e-19	1.63e-06	4.58e-04	5.05e-03	1.08e-02	4.02e-02	3.67e-01	4.94e-01	7.77e-02	4.55e-03	2.66e-04	1.54e-05	2.93e-07	0.00e+00	0.00e+00	0.00e+00	0.00e+00
 1.14071e+23	4.99e-19	2.00e-06	5.43e-04	5.81e-03	1.19e-02	4.38e-02	3.79e-01	4.83e-01	7.19e-02	4.05e-03	2.29e-04	1.29e-05	2.36e-07	0.00e+00	0.00e+00	0.00e+00	0.00e+00
 1.14826e+23	6.50e-19	2.43e-06	6.38e-04	6.61e-03	1.30e-02	4.72e-02	3.89e-01	4.72e-01	6.69e-02	3.64e-03	1.99e-04	1.09e-05	1.94e-07	0.00e+00	0.00e+00	0.00e+00	0.00e+00
 1.15680e+23	9.11e-19	3.10e-06	7.83e-04	7.77e-03	1.46e-02	5.18e-02	4.02e-01	4.58e-01	6.10e-02	3.17e-03	1.67e-04	8.81e-06	1.52e-07	0.00e+00	0.00e+00	0.00e+00	0.00e+00
 1.16562e+23	1.22e-18	3.84e-06	9.34e-04	8.95e-03	1.61e-02	5.62e-02	4.14e-01	4.45e-01	5.60e-02	2.80e-03	1.42e-04	7.26e-06	1.21e-07	0.00e+00	0.00e+00	0.00e+00	0.00e+00
 1.17347e+23	1.61e-18	4.70e-06	1.10e-03	1.02e-02	1.76e-02	6.05e-02	4.23e-01	4.33e-01	5.17e-02	2.49e-03	1.22e-04	6.09e-06	0.00e+00	0.00e+00	0.00e+00	0.00e+00	0.00e+00
 1.18237e+23	2.30e-18	6.06e-06	1.36e-03	1.20e-02	1.97e-02	6.62e-02	4.35e-01	4.17e-01	4.67e-02	2.15e-03	1.02e-04	4.87e-06	0.00e+00	0.00e+00	0.00e+00	0.00e+00	0.00e+00
 1.19162e+23	3.15e-18	7.60e-06	1.63e-03	1.39e-02	2.18e-02	7.16e-02	4.45e-01	4.02e-01	4.24e-02	1.88e-03	8.55e-05	3.97e-06	0.00e+00	0.00e+00	0.00e+00	0.00e+00	0.00e+00
 1.19996e+23	3.84e-18	9.40e-06	1.94e-03	1.59e-02	2.38e-02	7.70e-02	4.53e-01	3.88e-01	3.88e-02	1.66e-03	7.28e-05	3.27e-06	0.00e+00	0.00e+00	0.00e+00	0.00e+00	0.00e+00
 1.20943e+23	5.63e-18	1.23e-05	2.42e-03	1.88e-02	2.67e-02	8.42e-02	4.63e-01	3.69e-01	3.44e-02	1.41e-03	5.90e-05	2.56e-06	0.00e+00	0.00e+00	0.00e+00	0.00e+00	0.00e+00
 1.21912e+23	7.77e-18	1.55e-05	2.90e-03	2.16e-02	2.93e-02	9.06e-02	4.70e-01	3.53e-01	3.10e-02	1.22e-03	4.94e-05	2.07e-06	0.00e+00	0.00e+00	0.00e+00	0.00e+00	0.00e+00
 1.22781e+23	1.06e-17	1.93e-05	3.47e-03	2.48e-02	3.20e-02	9.71e-02	4.76e-01	3.37e-01	2.80e-02	1.06e-03	4.15e-05	1.68e-06	0.00e+00	0.00e+00	0.00e+00	0.00e+00	0.00e+00
 1.23779e+23	1.60e-17	2.57e-05	4.35e-03	2.94e-02	3.58e-02	1.06e-01	4.83e-01	3.17e-01	2.44e-02	8.85e-04	3.30e-05	1.29e-06	0.00e+00	0.00e+00	0.00e+00	0.00e+00	0.00e+00
 1.24785e+23	2.22e-17	3.22e-05	5.20e-03	3.37e-02	3.91e-02	1.13e-01	4.86e-01	3.00e-01	2.18e-02	7.62e-04	2.73e-05	1.03e-06	0.00e+00	0.00e+00	0.00e+00	0.00e+00	0.00e+00
 1.25805e+23	3.36e-17	4.28e-05	6.50e-03	3.98e-02	4.35e-02	1.22e-01	4.89e-01	2.80e-01	1.89e-02	6.31e-04	2.16e-05	7.83e-07	0.00e+00	0.00e+00	0.00e+00	0.00e+00	0.00e+00
 1.26841e+23	4.74e-17	5.40e-05	7.80e-03	4.56e-02	4.73e-02	1.30e-01	4.89e-01	2.63e-01	1.67e-02	5.38e-04	1.77e-05	6.20e-07	0.00e+00	0.00e+00	0.00e+00	0.00e+00	0.00e+00
 1.27898e+23	7.31e-17	7.23e-05	9.79e-03	5.38e-02	5.24e-02	1.40e-01	4.88e-01	2.41e-01	1.42e-02	4.38e-04	1.37e-05	4.61e-07	0.00e+00	0.00e+00	0.00e+00	0.00e+00	0.00e+00
 1.28967e+23	1.03e-16	9.10e-05	1.17e-02	6.13e-02	5.67e-02	1.48e-01	4.84e-01	2.25e-01	1.24e-02	3.70e-04	1.11e-05	3.62e-07	0.00e+00	0.00e+00	0.00e+00	0.00e+00	0.00e+00
 1.30049e+23	1.61e-16	1.22e-04	1.46e-02	7.21e-02	6.24e-02	1.58e-01	4.78e-01	2.04e-01	1.04e-02	2.97e-04	8.44e-06	2.64e-07	0.00e+00	0.00e+00	0.00e+00	0.00e+00	0.00e+00
 1.31142e+23	2.29e-16	1.53e-04	1.74e-02	8.16e-02	6.71e-02	1.66e-01	4.70e-01	1.88e-01	9.01e-03	2.49e-04	6.78e-06	2.06e-07	0.00e+00	0.00e+00	0.00e+00	0.00e+00	0.00e+00
 1.32248e+23	3.61e-16	2.04e-04	2.17e-02	9.53e-02	7.32e-02	1.76e-01	4.58e-01	1.68e-01	7.43e-03	1.97e-04	5.08e-06	1.48e-07	0.00e+00	0.00e+00	0.00e+00	0.00e+00	0.00e+00
 1.33369e+23	5.18e-16	2.56e-04	2.57e-02	1.07e-01	7.81e-02	1.83e-01	4.47e-01	1.53e-01	6.34e-03	1.63e-04	4.02e-06	0.00e+00	0.00e+00	0.00e+00	0.00e+00	0.00e+00	0.00e+00
 1.34341e+23	7.31e-16	3.16e-04	3.01e-02	1.20e-01	8.28e-02	1.89e-01	4.34e-01	1.39e-01	5.43e-03	1.36e-04	3.20e-06	0.00e+00	0.00e+00	0.00e+00	0.00e+00	0.00e+00	0.00e+00
 1.35436e+23	1.15e-15	4.14e-04	3.67e-02	1.37e-01	8.87e-02	1.96e-01	4.15e-01	1.22e-01	4.41e-03	1.06e-04	2.37e-06	0.00e+00	0.00e+00	0.00e+00	0.00e+00	0.00e+00	0.00e+00
 1.36483e+23	1.56e-15	4.97e-04	4.20e-02	1.49e-01	9.27e-02	2.00e-01	4.01e-01	1.11e-01	3.80e-03	8.93e-05	1.92e-06	0.00e+00	0.00e+00	0.00e+00	0.00e+00	0.00e+00	0.00e+00
 1.37466e+23	2.35e-15	6.27e-04	4.96e-02	1.67e-01	9.75e-02	2.04e-01	3.80e-01	9.77e-02	3.11e-03	7.08e-05	1.44e-06	0.00e+00	0.00e+00	0.00e+00	0.00e+00	0.00e+00	0.00e+00
 1.38465e+23	3.25e-15	7.50e-04	5.65e-02	1.81e-01	1.01e-01	2.07e-01	3.63e-01	8.78e-02	2.65e-03	5.88e-05	1.15e-06	0.00e+00	0.00e+00	0.00e+00	0.00e+00	0.00e+00	0.00e+00
 1.39485e+23	4.95e-15	9.39e-04	6.63e-02	2.00e-01	1.05e-01	2.09e-01	3.41e-01	7.60e-02	2.14e-03	4.61e-05	8.55e-07	0.00e+00	0.00e+00	0.00e+00	0.00e+00	0.00e+00	0.00e+00
 1.40516e+23	7.01e-15	1.12e-03	7.51e-02	2.16e-01	1.08e-01	2.09e-01	3.21e-01	6.72e-02	1.78e-03	3.76e-05	6.67e-07	0.00e+00	0.00e+00	0.00e+00	0.00e+00	0.00e+00	0.00e+00
 1.41561e+23	1.09e-14	1.40e-03	8.74e-02	2.36e-01	1.12e-01	2.08e-01	2.97e-01	5.72e-02	1.41e-03	2.89e-05	4.86e-07	0.00e+00	0.00e+00	0.00e+00	0.00e+00	0.00e+00	0.00e+00
 1.42617e+23	1.58e-14	1.66e-03	9.82e-02	2.52e-01	1.14e-01	2.07e-01	2.77e-01	4.99e-02	1.16e-03	2.33e-05	3.74e-07	0.00e+00	0.00e+00	0.00e+00	0.00e+00	0.00e+00	0.00e+00
 1.43546e+23	2.28e-14	1.95e-03	1.10e-01	2.68e-01	1.15e-01	2.04e-01	2.57e-01	4.35e-02	9.58e-04	1.88e-05	2.88e-07	0.00e+00	0.00e+00	0.00e+00	0.00e+00	0.00e+00	0.00e+00
 1.44614e+23	3.69e-14	2.39e-03	1.25e-01	2.87e-01	1.16e-01	1.99e-01	2.32e-01	3.61e-02	7.42e-04	1.41e-05	2.05e-07	0.00e+00	0.00e+00	0.00e+00	0.00e+00	0.00e+00	0.00e+00
 1.45698e+23	5.86e-14	2.81e-03	1.39e-01	3.03e-01	1.17e-01	1.95e-01	2.13e-01	3.08e-02	5.96e-04	1.11e-05	1.53e-07	0.00e+00	0.00e+00	0.00e+00	0.00e+00	0.00e+00	0.00e+00
 1.46568e+23	7.99e-14	3.20e-03	1.51e-01	3.15e-01	1.17e-01	1.90e-01	1.97e-01	2.70e-02	4.97e-04	9.13e-06	0.00e+00	0.00e+00	0.00e+00	0.00e+00	0.00e+00	0.00e+00	0.00e+00
 1.47462e+23	1.29e-13	3.71e-03	1.66e-01	3.28e-01	1.16e-01	1.84e-01	1.79e-01	2.29e-02	3.99e-04	7.18e-06	0.00e+00	0.00e+00	0.00e+00	0.00e+00	0.00e+00	0.00e+00	0.00e+00
 1.48386e+23	1.92e-13	4.22e-03	1.80e-01	3.39e-01	1.15e-01	1.78e-01	1.64e-01	1.97e-02	3.27e-04	5.80e-06	0.00e+00	0.00e+00	0.00e+00	0.00e+00	0.00e+00	0.00e+00	0.00e+00
 1.49209e+23	2.99e-13	4.75e-03	1.93e-01	3.49e-01	1.14e-01	1.71e-01	1.50e-01	1.71e-02	2.71e-04	4.71e-06	0.00e+00	0.00e+00	0.00e+00	0.00e+00	0.00e+00	0.00e+00	0.00e+00
 1.50145e+23	5.83e-13	5.49e-03	2.11e-01	3.60e-01	1.12e-01	1.63e-01	1.34e-01	1.41e-02	2.12e-04	3.61e-06	0.00e+00	0.00e+00	0.00e+00	0.00e+00	0.00e+00	0.00e+00	0.00e+00
 1.51090e+23	1.16e-12	6.18e-03	2.26e-01	3.68e-01	1.10e-01	1.56e-01	1.21e-01	1.20e-02	1.72e-04	2.88e-06	0.00e+00	0.00e+00	0.00e+00	0.00e+00	0.00e+00	0.00e+00	0.00e+00
 1.51919e+23	2.15e-12	6.90e-03	2.41e-01	3.75e-01	1.08e-01	1.49e-01	1.10e-01	1.03e-02	1.40e-04	2.31e-06	0.00e+00	0.00e+00	0.00e+00	0.00e+00	0.00e+00	0.00e+00	0.00e+00
 1.52864e+23	5.92e-12	7.90e-03	2.60e-01	3.82e-01	1.05e-01	1.40e-01	9.67e-02	8.40e-03	1.08e-04	1.75e-06	0.00e+00	0.00e+00	0.00e+00	0.00e+00	0.00e+00	0.00e+00	0.00e+00
 1.53826e+23	1.75e-11	8.82e-03	2.76e-01	3.87e-01	1.02e-01	1.33e-01	8.66e-02	7.06e-03	8.67e-05	1.38e-06	0.00e+00	0.00e+00	0.00e+00	0.00e+00	0.00e+00	0.00e+00	0.00e+00
 1.54678e+23	4.00e-11	9.79e-03	2.91e-01	3.90e-01	9.96e-02	1.25e-01	7.76e-02	5.95e-03	6.98e-05	1.09e-06	0.00e+00	0.00e+00	0.00e+00	0.00e+00	0.00e+00	0.00e+00	0.00e+00
 1.55656e+23	8.19e-11	1.11e-02	3.12e-01	3.93e-01	9.58e-02	1.16e-01	6.73e-02	4.77e-03	5.29e-05	8.14e-07	0.00e+00	0.00e+00	0.00e+00	0.00e+00	0.00e+00	0.00e+00	0.00e+00
 1.56648e+23	1.13e-10	1.23e-02	3.28e-01	3.94e-01	9.24e-02	1.09e-01	5.96e-02	3.96e-03	4.19e-05	6.33e-07	0.00e+00	0.00e+00	0.00e+00	0.00e+00	0.00e+00	0.00e+00	0.00e+00
 1.57660e+23	1.54e-10	1.40e-02	3.49e-01	3.94e-01	8.82e-02	9.99e-02	5.10e-02	3.13e-03	3.13e-05	4.63e-07	0.00e+00	0.00e+00	0.00e+00	0.00e+00	0.00e+00	0.00e+00	0.00e+00
 1.58682e+23	1.92e-10	1.55e-02	3.67e-01	3.93e-01	8.46e-02	9.28e-02	4.48e-02	2.56e-03	2.45e-05	3.55e-07	0.00e+00	0.00e+00	0.00e+00	0.00e+00	0.00e+00	0.00e+00	0.00e+00
 1.59580e+23	2.53e-10	1.70e-02	3.83e-01	3.91e-01	8.11e-02	8.61e-02	3.94e-02	2.11e-03	1.93e-05	2.75e-07	0.00e+00	0.00e+00	0.00e+00	0.00e+00	0.00e+00	0.00e+00	0.00e+00
 1.60610e+23	2.98e-10	1.92e-02	4.05e-01	3.87e-01	7.66e-02	7.81e-02	3.33e-02	1.64e-03	1.42e-05	1.98e-07	0.00e+00	0.00e+00	0.00e+00	0.00e+00	0.00e+00	0.00e+00	0.00e+00
 1.61656e+23	4.17e-10	2.11e-02	4.22e-01	3.82e-01	7.30e-02	7.18e-02	2.90e-02	1.33e-03	1.10e-05	1.51e-07	0.00e+00	0.00e+00	0.00e+00	0.00e+00	0.00e+00	0.00e+00	0.00e+00
 1.62725e+23	6.59e-10	2.36e-02	4.43e-01	3.75e-01	6.85e-02	6.44e-02	2.43e-02	1.02e-03	8.04e-06	0.00e+00	0.00e+00	0.00e+00	0.00e+00	0.00e+00	0.00e+00	0.00e+00	0.00e+00
 1.63816e+23	9.99e-10	2.60e-02	4.60e-01	3.69e-01	6.48e-02	5.86e-02	2.08e-02	8.17e-04	6.11e-06	0.00e+00	0.00e+00	0.00e+00	0.00e+00	0.00e+00	0.00e+00	0.00e+00	0.00e+00
 1.64782e+23	1.64e-09	2.84e-02	4.77e-01	3.61e-01	6.13e-02	5.35e-02	1.80e-02	6.58e-04	4.73e-06	0.00e+00	0.00e+00	0.00e+00	0.00e+00	0.00e+00	0.00e+00	0.00e+00	0.00e+00
 1.65888e+23	2.69e-09	3.17e-02	4.98e-01	3.51e-01	5.70e-02	4.73e-02	1.49e-02	4.97e-04	3.39e-06	0.00e+00	0.00e+00	0.00e+00	0.00e+00	0.00e+00	0.00e+00	0.00e+00	0.00e+00
 1.66669e+23	3.40e-09	3.27e-02	5.03e-01	3.48e-01	5.59e-02	4.58e-02	1.41e-02	4.60e-04	3.10e-06	0.00e+00	0.00e+00	0.00e+00	0.00e+00	0.00e+00	0.00e+00	0.00e+00	0.00e+00
 1.66940e+23	3.75e-09	3.34e-02	5.06e-01	3.46e-01	5.51e-02	4.48e-02	1.36e-02	4.36e-04	2.90e-06	0.00e+00	0.00e+00	0.00e+00	0.00e+00	0.00e+00	0.00e+00	0.00e+00	0.00e+00
 1.67206e+23	4.25e-09	3.44e-02	5.12e-01	3.43e-01	5.40e-02	4.33e-02	1.29e-02	4.04e-04	2.66e-06	0.00e+00	0.00e+00	0.00e+00	0.00e+00	0.00e+00	0.00e+00	0.00e+00	0.00e+00
 1.67551e+23	4.92e-09	3.54e-02	5.17e-01	3.40e-01	5.28e-02	4.18e-02	1.22e-02	3.73e-04	2.42e-06	0.00e+00	0.00e+00	0.00e+00	0.00e+00	0.00e+00	0.00e+00	0.00e+00	0.00e+00
 1.68000e+23	5.83e-09	3.70e-02	5.25e-01	3.35e-01	5.12e-02	3.96e-02	1.13e-02	3.32e-04	2.11e-06	0.00e+00	0.00e+00	0.00e+00	0.00e+00	0.00e+00	0.00e+00	0.00e+00	0.00e+00
 1.68583e+23	7.46e-09	3.91e-02	5.35e-01	3.29e-01	4.92e-02	3.70e-02	1.02e-02	2.85e-04	1.77e-06	0.00e+00	0.00e+00	0.00e+00	0.00e+00	0.00e+00	0.00e+00	0.00e+00	0.00e+00
 1.69342e+23	1.05e-08	4.21e-02	5.49e-01	3.20e-01	4.64e-02	3.37e-02	8.83e-03	2.31e-04	1.38e-06	0.00e+00	0.00e+00	0.00e+00	0.00e+00	0.00e+00	0.00e+00	0.00e+00	0.00e+00
 1.70137e+23	1.36e-08	4.47e-02	5.59e-01	3.12e-01	4.43e-02	3.11e-02	7.87e-03	1.96e-04	1.14e-06	0.00e+00	0.00e+00	0.00e+00	0.00e+00	0.00e+00	0.00e+00	0.00e+00	0.00e+00
 1.70981e+23	1.95e-08	4.81e-02	5.73e-01	3.03e-01	4.17e-02	2.82e-02	6.78e-03	1.58e-04	8.87e-07	0.00e+00	0.00e+00	0.00e+00	0.00e+00	0.00e+00	0.00e+00	0.00e+00	0.00e+00
 1.71858e+23	2.72e-08	5.14e-02	5.84e-01	2.94e-01	3.94e-02	2.57e-02	5.93e-03	1.30e-04	7.09e-07	0.00e+00	0.00e+00	0.00e+00	0.00e+00	0.00e+00	0.00e+00	0.00e+00	0.00e+00
 1.72650e+23	3.92e-08	5.47e-02	5.94e-01	2.85e-01	3.73e-02	2.35e-02	5.21e-03	1.07e-04	5.71e-07	0.00e+00	0.00e+00	0.00e+00	0.00e+00	0.00e+00	0.00e+00	0.00e+00	0.00e+00
 1.73554e+23	6.68e-08	5.91e-02	6.07e-01	2.74e-01	3.48e-02	2.09e-02	4.41e-03	8.43e-05	4.33e-07	0.00e+00	0.00e+00	0.00e+00	0.00e+00	0.00e+00	0.00e+00	0.00e+00	0.00e+00
 1.74464e+23	1.00e-07	6.27e-02	6.17e-01	2.65e-01	3.29e-02	1.91e-02	3.87e-03	6.98e-05	3.49e-07	0.00e+00	0.00e+00	0.00e+00	0.00e+00	0.00e+00	0.00e+00	0.00e+00	0.00e+00
 1.75383e+23	1.64e-07	6.75e-02	6.28e-01	2.54e-01	3.06e-02	1.70e-02	3.28e-03	5.49e-05	2.66e-07	0.00e+00	0.00e+00	0.00e+00	0.00e+00	0.00e+00	0.00e+00	0.00e+00	0.00e+00
 1.76332e+23	2.62e-07	7.20e-02	6.37e-01	2.44e-01	2.88e-02	1.53e-02	2.84e-03	4.46e-05	2.10e-07	0.00e+00	0.00e+00	0.00e+00	0.00e+00	0.00e+00	0.00e+00	0.00e+00	0.00e+00
 1.77319e+23	4.73e-07	7.78e-02	6.48e-01	2.32e-01	2.65e-02	1.34e-02	2.36e-03	3.43e-05	1.56e-07	0.00e+00	0.00e+00	0.00e+00	0.00e+00	0.00e+00	0.00e+00	0.00e+00	0.00e+00
 1.78312e+23	7.80e-07	8.27e-02	6.56e-01	2.22e-01	2.49e-02	1.20e-02	2.04e-03	2.77e-05	0.00e+00	0.00e+00	0.00e+00	0.00e+00	0.00e+00	0.00e+00	0.00e+00	0.00e+00	0.00e+00
 1.79313e+23	1.38e-06	8.91e-02	6.66e-01	2.10e-01	2.29e-02	1.05e-02	1.70e-03	2.13e-05	0.00e+00	0.00e+00	0.00e+00	0.00e+00	0.00e+00	0.00e+00	0.00e+00	0.00e+00	0.00e+00
 1.80344e+23	3.11e-06	9.50e-02	6.73e-01	2.00e-01	2.13e-02	9.35e-03	1.45e-03	1.70e-05	0.00e+00	0.00e+00	0.00e+00	0.00e+00	0.00e+00	0.00e+00	0.00e+00	0.00e+00	0.00e+00
 1.81415e+23	6.16e-06	1.02e-01	6.81e-01	1.88e-01	1.95e-02	8.07e-03	1.19e-03	1.29e-05	0.00e+00	0.00e+00	0.00e+00	0.00e+00	0.00e+00	0.00e+00	0.00e+00	0.00e+00	0.00e+00
 1.82510e+23	1.01e-05	1.09e-01	6.87e-01	1.77e-01	1.80e-02	7.11e-03	1.01e-03	1.01e-05	0.00e+00	0.00e+00	0.00e+00	0.00e+00	0.00e+00	0.00e+00	0.00e+00	0.00e+00	0.00e+00
 1.83637e+23	1.57e-05	1.18e-01	6.94e-01	1.65e-01	1.63e-02	6.05e-03	8.16e-04	7.48e-06	0.00e+00	0.00e+00	0.00e+00	0.00e+00	0.00e+00	0.00e+00	0.00e+00	0.00e+00	0.00e+00
 1.84763e+23	2.00e-05	1.26e-01	6.98e-01	1.56e-01	1.51e-02	5.33e-03	6.93e-04	5.93e-06	0.00e+00	0.00e+00	0.00e+00	0.00e+00	0.00e+00	0.00e+00	0.00e+00	0.00e+00	0.00e+00
 1.85887e+23	2.68e-05	1.35e-01	7.02e-01	1.44e-01	1.37e-02	4.53e-03	5.61e-04	4.39e-06	0.00e+00	0.00e+00	0.00e+00	0.00e+00	0.00e+00	0.00e+00	0.00e+00	0.00e+00	0.00e+00
 1.87029e+23	3.23e-05	1.44e-01	7.04e-01	1.35e-01	1.26e-02	3.97e-03	4.73e-04	3.46e-06	0.00e+00	0.00e+00	0.00e+00	0.00e+00	0.00e+00	0.00e+00	0.00e+00	0.00e+00	0.00e+00
 1.88193e+23	4.11e-05	1.55e-01	7.07e-01	1.23e-01	1.13e-02	3.33e-03	3.79e-04	2.53e-06	0.00e+00	0.00e+00	0.00e+00	0.00e+00	0.00e+00	0.00e+00	0.00e+00	0.00e+00	0.00e+00
 1.89363e+23	4.80e-05	1.64e-01	7.07e-01	1.15e-01	1.04e-02	2.91e-03	3.20e-04	1.99e-06	0.00e+00	0.00e+00	0.00e+00	0.00e+00	0.00e+00	0.00e+00	0.00e+00	0.00e+00	0.00e+00
 1.90539e+23	5.81e-05	1.76e-01	7.07e-01	1.05e-01	9.32e-03	2.44e-03	2.57e-04	1.47e-06	0.00e+00	0.00e+00	0.00e+00	0.00e+00	0.00e+00	0.00e+00	0.00e+00	0.00e+00	0.00e+00
 1.91748e+23	6.83e-05	1.87e-01	7.06e-01	9.65e-02	8.46e-03	2.10e-03	2.12e-04	1.13e-06	0.00e+00	0.00e+00	0.00e+00	0.00e+00	0.00e+00	0.00e+00	0.00e+00	0.00e+00	0.00e+00
 1.93000e+23	8.15e-05	2.01e-01	7.03e-01	8.64e-02	7.50e-03	1.73e-03	1.67e-04	8.08e-07	0.00e+00	0.00e+00	0.00e+00	0.00e+00	0.00e+00	0.00e+00	0.00e+00	0.00e+00	0.00e+00
 1.94255e+23	9.40e-05	2.13e-01	6.99e-01	7.91e-02	6.79e-03	1.48e-03	1.38e-04	6.21e-07	0.00e+00	0.00e+00	0.00e+00	0.00e+00	0.00e+00	0.00e+00	0.00e+00	0.00e+00	0.00e+00
 1.95514e+23	1.11e-04	2.29e-01	6.94e-01	7.01e-02	5.99e-03	1.21e-03	1.08e-04	4.43e-07	0.00e+00	0.00e+00	0.00e+00	0.00e+00	0.00e+00	0.00e+00	0.00e+00	0.00e+00	0.00e+00
 1.96788e+23	1.27e-04	2.42e-01	6.88e-01	6.33e-02	5.39e-03	1.03e-03	8.86e-05	3.37e-07	0.00e+00	0.00e+00	0.00e+00	0.00e+00	0.00e+00	0.00e+00	0.00e+00	0.00e+00	0.00e+00
 1.98080e+23	1.50e-04	2.61e-01	6.79e-01	5.51e-02	4.68e-03	8.26e-04	6.80e-05	2.35e-07	0.00e+00	0.00e+00	0.00e+00	0.00e+00	0.00e+00	0.00e+00	0.00e+00	0.00e+00	0.00e+00
 1.99376e+23	1.71e-04	2.75e-01	6.70e-01	4.93e-02	4.20e-03	6.99e-04	5.56e-05	1.78e-07	0.00e+00	0.00e+00	0.00e+00	0.00e+00	0.00e+00	0.00e+00	0.00e+00	0.00e+00	0.00e+00
 2.00677e+23	2.01e-04	2.95e-01	6.58e-01	4.22e-02	3.61e-03	5.55e-04	4.23e-05	1.23e-07	0.00e+00	0.00e+00	0.00e+00	0.00e+00	0.00e+00	0.00e+00	0.00e+00	0.00e+00	0.00e+00
 2.01999e+23	2.29e-04	3.12e-01	6.47e-01	3.71e-02	3.20e-03	4.62e-04	3.40e-05	0.00e+00	0.00e+00	0.00e+00	0.00e+00	0.00e+00	0.00e+00	0.00e+00	0.00e+00	0.00e+00	0.00e+00
 2.03347e+23	2.71e-04	3.35e-01	6.31e-01	3.10e-02	2.70e-03	3.59e-04	2.53e-05	0.00e+00	0.00e+00	0.00e+00	0.00e+00	0.00e+00	0.00e+00	0.00e+00	0.00e+00	0.00e+00	0.00e+00
 2.04722e+23	3.10e-04	3.55e-01	6.16e-01	2.65e-02	2.34e-03	2.91e-04	1.98e-05	0.00e+00	0.00e+00	0.00e+00	0.00e+00	0.00e+00	0.00e+00	0.00e+00	0.00e+00	0.00e+00	0.00e+00
 2.06132e+23	3.69e-04	3.82e-01	5.94e-01	2.14e-02	1.92e-03	2.19e-04	1.42e-05	0.00e+00	0.00e+00	0.00e+00	0.00e+00	0.00e+00	0.00e+00	0.00e+00	0.00e+00	0.00e+00	0.00e+00
 2.07369e+23	4.08e-04	3.98e-01	5.81e-01	1.87e-02	1.70e-03	1.84e-04	1.17e-05	0.00e+00	0.00e+00	0.00e+00	0.00e+00	0.00e+00	0.00e+00	0.00e+00	0.00e+00	0.00e+00	0.00e+00
 2.08382e+23	4.61e-04	4.20e-01	5.62e-01	1.58e-02	1.45e-03	1.47e-04	9.08e-06	0.00e+00	0.00e+00	0.00e+00	0.00e+00	0.00e+00	0.00e+00	0.00e+00	0.00e+00	0.00e+00	0.00e+00
 2.09442e+23	5.15e-04	4.40e-01	5.44e-01	1.33e-02	1.24e-03	1.19e-04	7.16e-06	0.00e+00	0.00e+00	0.00e+00	0.00e+00	0.00e+00	0.00e+00	0.00e+00	0.00e+00	0.00e+00	0.00e+00
 2.10414e+23	5.72e-04	4.61e-01	5.26e-01	1.12e-02	1.06e-03	9.57e-05	5.65e-06	0.00e+00	0.00e+00	0.00e+00	0.00e+00	0.00e+00	0.00e+00	0.00e+00	0.00e+00	0.00e+00	0.00e+00
 2.11525e+23	6.54e-04	4.89e-01	5.01e-01	8.91e-03	8.49e-04	7.16e-05	4.13e-06	0.00e+00	0.00e+00	0.00e+00	0.00e+00	0.00e+00	0.00e+00	0.00e+00	0.00e+00	0.00e+00	0.00e+00
 2.12662e+23	7.34e-04	5.16e-01	4.76e-01	7.07e-03	6.80e-04	5.37e-05	3.05e-06	0.00e+00	0.00e+00	0.00e+00	0.00e+00	0.00e+00	0.00e+00	0.00e+00	0.00e+00	0.00e+00	0.00e+00
 2.13583e+23	8.02e-04	5.39e-01	4.54e-01	5.75e-03	5.55e-04	4.15e-05	2.33e-06	0.00e+00	0.00e+00	0.00e+00	0.00e+00	0.00e+00	0.00e+00	0.00e+00	0.00e+00	0.00e+00	0.00e+00
 2.14384e+23	8.72e-04	5.62e-01	4.32e-01	4.67e-03	4.50e-04	3.21e-05	1.79e-06	0.00e+00	0.00e+00	0.00e+00	0.00e+00	0.00e+00	0.00e+00	0.00e+00	0.00e+00	0.00e+00	0.00e+00
 2.15138e+23	9.37e-04	5.85e-01	4.10e-01	3.77e-03	3.63e-04	2.48e-05	1.38e-06	0.00e+00	0.00e+00	0.00e+00	0.00e+00	0.00e+00	0.00e+00	0.00e+00	0.00e+00	0.00e+00	0.00e+00
 2.15849e+23	1.00e-03	6.08e-01	3.87e-01	3.02e-03	2.88e-04	1.89e-05	1.06e-06	0.00e+00	0.00e+00	0.00e+00	0.00e+00	0.00e+00	0.00e+00	0.00e+00	0.00e+00	0.00e+00	0.00e+00
