#depth	N	N+	N+2	N+3	N+4	N+5	N+6	N+7
 1.54284e+22	1.24e-10	2.12e-06	1.05e-03	2.69e-02	8.38e-02	6.39e-01	2.30e-01	1.83e-02
 3.52523e+22	2.67e-10	4.39e-06	2.09e-03	4.40e-02	1.18e-01	6.54e-01	1.73e-01	1.00e-02
 4.18457e+22	3.87e-10	6.32e-06	2.91e-03	5.51e-02	1.36e-01	6.51e-01	1.48e-01	7.43e-03
 4.55275e+22	5.06e-10	8.09e-06	3.63e-03	6.38e-02	1.49e-01	6.45e-01	1.33e-01	6.04e-03
 4.77151e+22	5.78e-10	9.10e-06	4.04e-03	6.83e-02	1.55e-01	6.41e-01	1.26e-01	5.46e-03
 4.90571e+22	6.50e-10	1.01e-05	4.44e-03	7.25e-02	1.61e-01	6.38e-01	1.20e-01	4.99e-03
 5.05259e+22	7.58e-10	1.16e-05	5.00e-03	7.83e-02	1.68e-01	6.32e-01	1.12e-01	4.44e-03
 5.20284e+22	8.62e-10	1.30e-05	5.52e-03	8.33e-02	1.74e-01	6.26e-01	1.07e-01	4.03e-03
 5.35749e+22	1.01e-09	1.50e-05	6.24e-03	8.99e-02	1.82e-01	6.19e-01	9.96e-02	3.56e-03
 5.51679e+22	1.15e-09	1.69e-05	6.94e-03	9.60e-02	1.89e-01	6.11e-01	9.36e-02	3.18e-03
 5.65752e+22	1.32e-09	1.90e-05	7.66e-03	1.02e-01	1.95e-01	6.04e-01	8.84e-02	2.88e-03
 5.81587e+22	1.56e-09	2.19e-05	8.66e-03	1.10e-01	2.03e-01	5.94e-01	8.21e-02	2.53e-03
 5.98207e+22	1.80e-09	2.49e-05	9.67e-03	1.17e-01	2.10e-01	5.84e-01	7.66e-02	2.24e-03
 6.13256e+22	2.08e-09	2.82e-05	1.07e-02	1.25e-01	2.17e-01	5.74e-01	7.18e-02	2.00e-03
 6.30228e+22	2.50e-09	3.30e-05	1.22e-02	1.35e-01	2.25e-01	5.61e-01	6.60e-02	1.73e-03
 6.47764e+22	2.92e-09	3.77e-05	1.36e-02	1.44e-01	2.32e-01	5.48e-01	6.11e-02	1.52e-03
 6.63393e+22	3.39e-09	4.28e-05	1.51e-02	1.52e-01	2.38e-01	5.36e-01	5.68e-02	1.35e-03
 6.81071e+22	4.10e-09	5.03e-05	1.72e-02	1.64e-01	2.46e-01	5.20e-01	5.18e-02	1.15e-03
 6.99450e+22	4.84e-09	5.79e-05	1.93e-02	1.75e-01	2.52e-01	5.05e-01	4.75e-02	9.98e-04
 7.15986e+22	5.67e-09	6.61e-05	2.15e-02	1.85e-01	2.58e-01	4.91e-01	4.37e-02	8.72e-04
 7.34726e+22	6.96e-09	7.84e-05	2.45e-02	1.99e-01	2.65e-01	4.71e-01	3.92e-02	7.31e-04
 7.54057e+22	8.28e-09	9.06e-05	2.75e-02	2.11e-01	2.71e-01	4.55e-01	3.56e-02	6.28e-04
 7.71472e+22	9.81e-09	1.04e-04	3.06e-02	2.23e-01	2.75e-01	4.38e-01	3.24e-02	5.40e-04
 7.91424e+22	1.22e-08	1.24e-04	3.50e-02	2.39e-01	2.81e-01	4.16e-01	2.86e-02	4.44e-04
 8.11652e+22	1.46e-08	1.44e-04	3.91e-02	2.53e-01	2.85e-01	3.97e-01	2.57e-02	3.75e-04
 8.29536e+22	1.74e-08	1.66e-04	4.34e-02	2.66e-01	2.87e-01	3.80e-01	2.32e-02	3.19e-04
 8.50082e+22	2.18e-08	1.99e-04	4.97e-02	2.83e-01	2.90e-01	3.56e-01	2.01e-02	2.57e-04
 8.70895e+22	2.62e-08	2.30e-04	5.52e-02	2.97e-01	2.92e-01	3.37e-01	1.79e-02	2.15e-04
 8.92054e+22	3.30e-08	2.76e-04	6.28e-02	3.15e-01	2.93e-01	3.14e-01	1.54e-02	1.72e-04
 9.13656e+22	4.01e-08	3.21e-04	6.98e-02	3.29e-01	2.92e-01	2.94e-01	1.35e-02	1.41e-04
 9.32881e+22	4.84e-08	3.71e-04	7.72e-02	3.43e-01	2.91e-01	2.76e-01	1.19e-02	1.17e-04
 9.54922e+22	6.17e-08	4.48e-04	8.77e-02	3.61e-01	2.88e-01	2.53e-01	1.00e-02	9.05e-05
 9.77266e+22	7.50e-08	5.19e-04	9.68e-02	3.75e-01	2.85e-01	2.34e-01	8.69e-03	7.36e-05
 1.00000e+23	9.63e-08	6.27e-04	1.10e-01	3.91e-01	2.79e-01	2.12e-01	7.21e-03	5.61e-05
 1.02230e+23	1.16e-07	7.20e-04	1.20e-01	4.03e-01	2.74e-01	1.96e-01	6.25e-03	4.56e-05
 1.04402e+23	1.47e-07	8.58e-04	1.34e-01	4.17e-01	2.67e-01	1.77e-01	5.17e-03	3.48e-05
 1.06504e+23	1.74e-07	9.72e-04	1.44e-01	4.26e-01	2.61e-01	1.64e-01	4.51e-03	2.86e-05
 1.08514e+23	2.16e-07	1.14e-03	1.59e-01	4.36e-01	2.53e-01	1.48e-01	3.77e-03	2.22e-05
 1.10528e+23	2.57e-07	1.29e-03	1.71e-01	4.44e-01	2.45e-01	1.36e-01	3.26e-03	1.81e-05
 1.12548e+23	3.18e-07	1.50e-03	1.86e-01	4.52e-01	2.36e-01	1.22e-01	2.70e-03	1.39e-05
 1.14618e+23	3.80e-07	1.70e-03	2.00e-01	4.58e-01	2.27e-01	1.11e-01	2.30e-03	1.11e-05
 1.16472e+23	4.52e-07	1.92e-03	2.14e-01	4.62e-01	2.19e-01	1.00e-01	1.96e-03	8.88e-06
 1.18603e+23	5.65e-07	2.25e-03	2.33e-01	4.67e-01	2.08e-01	8.85e-02	1.59e-03	6.63e-06
 1.20753e+23	6.74e-07	2.54e-03	2.49e-01	4.69e-01	1.98e-01	7.98e-02	1.34e-03	5.24e-06
 1.22926e+23	8.42e-07	2.97e-03	2.70e-01	4.70e-01	1.87e-01	6.96e-02	1.07e-03	3.86e-06
 1.25129e+23	1.00e-06	3.35e-03	2.87e-01	4.70e-01	1.77e-01	6.22e-02	8.91e-04	3.00e-06
 1.26910e+23	1.16e-06	3.70e-03	3.01e-01	4.69e-01	1.69e-01	5.65e-02	7.63e-04	2.43e-06
 1.28763e+23	1.39e-06	4.18e-03	3.19e-01	4.67e-01	1.59e-01	5.01e-02	6.29e-04	1.87e-06
 1.30650e+23	1.62e-06	4.62e-03	3.35e-01	4.64e-01	1.51e-01	4.52e-02	5.33e-04	1.49e-06
 1.32325e+23	1.87e-06	5.09e-03	3.50e-01	4.60e-01	1.44e-01	4.08e-02	4.53e-04	1.20e-06
 1.34243e+23	2.24e-06	5.75e-03	3.69e-01	4.55e-01	1.34e-01	3.58e-02	3.68e-04	9.06e-07
 1.36186e+23	2.59e-06	6.34e-03	3.86e-01	4.49e-01	1.26e-01	3.20e-02	3.09e-04	7.14e-07
 1.37894e+23	3.00e-06	6.97e-03	4.02e-01	4.43e-01	1.19e-01	2.87e-02	2.60e-04	5.66e-07
 1.39851e+23	3.59e-06	7.86e-03	4.22e-01	4.35e-01	1.10e-01	2.49e-02	2.09e-04	4.22e-07
 1.41829e+23	4.17e-06	8.66e-03	4.38e-01	4.27e-01	1.03e-01	2.21e-02	1.74e-04	3.29e-07
 1.43565e+23	4.81e-06	9.51e-03	4.54e-01	4.20e-01	9.67e-02	1.97e-02	1.45e-04	2.58e-07
 1.45554e+23	5.76e-06	1.07e-02	4.74e-01	4.09e-01	8.88e-02	1.70e-02	1.15e-04	1.90e-07
 1.47577e+23	6.68e-06	1.17e-02	4.91e-01	4.00e-01	8.26e-02	1.50e-02	9.50e-05	1.47e-07
 1.49373e+23	7.72e-06	1.29e-02	5.07e-01	3.90e-01	7.68e-02	1.32e-02	7.83e-05	0.00e+00
 1.51436e+23	9.25e-06	1.45e-02	5.27e-01	3.77e-01	6.99e-02	1.13e-02	6.14e-05	0.00e+00
 1.53533e+23	1.07e-05	1.59e-02	5.43e-01	3.66e-01	6.45e-02	9.87e-03	4.99e-05	0.00e+00
 1.55674e+23	1.29e-05	1.79e-02	5.63e-01	3.52e-01	5.82e-02	8.33e-03	3.85e-05	0.00e+00
 1.57842e+23	1.51e-05	1.96e-02	5.79e-01	3.41e-01	5.34e-02	7.23e-03	3.09e-05	0.00e+00
 1.60047e+23	1.81e-05	2.21e-02	5.98e-01	3.26e-01	4.78e-02	6.05e-03	2.36e-05	0.00e+00
 1.62295e+23	2.12e-05	2.43e-02	6.14e-01	3.13e-01	4.35e-02	5.20e-03	1.87e-05	0.00e+00
 1.64599e+23	2.56e-05	2.73e-02	6.32e-01	2.97e-01	3.86e-02	4.31e-03	1.40e-05	0.00e+00
 1.66946e+23	3.00e-05	3.00e-02	6.47e-01	2.84e-01	3.49e-02	3.67e-03	1.10e-05	0.00e+00
 1.69347e+23	3.64e-05	3.39e-02	6.65e-01	2.68e-01	3.07e-02	3.00e-03	8.11e-06	0.00e+00
 1.71783e+23	4.27e-05	3.72e-02	6.78e-01	2.55e-01	2.75e-02	2.53e-03	6.28e-06	0.00e+00
 1.73627e+23	4.75e-05	3.97e-02	6.87e-01	2.46e-01	2.55e-02	2.25e-03	5.25e-06	0.00e+00
 1.75388e+23	5.49e-05	4.33e-02	6.98e-01	2.34e-01	2.30e-02	1.93e-03	4.15e-06	0.00e+00
 1.77175e+23	6.12e-05	4.62e-02	7.06e-01	2.25e-01	2.13e-02	1.71e-03	3.45e-06	0.00e+00
 1.78995e+23	7.03e-05	5.02e-02	7.16e-01	2.13e-01	1.92e-02	1.46e-03	2.73e-06	0.00e+00
 1.80871e+23	7.93e-05	5.39e-02	7.24e-01	2.04e-01	1.75e-02	1.27e-03	2.21e-06	0.00e+00
 1.82561e+23	8.89e-05	5.76e-02	7.31e-01	1.94e-01	1.60e-02	1.11e-03	1.81e-06	0.00e+00
 1.84497e+23	1.03e-04	6.30e-02	7.39e-01	1.83e-01	1.43e-02	9.37e-04	1.40e-06	0.00e+00
 1.86451e+23	1.16e-04	6.74e-02	7.45e-01	1.74e-01	1.30e-02	8.14e-04	1.13e-06	0.00e+00
 1.88426e+23	1.34e-04	7.35e-02	7.51e-01	1.63e-01	1.16e-02	6.83e-04	8.68e-07	0.00e+00
 1.90450e+23	1.52e-04	7.89e-02	7.56e-01	1.54e-01	1.04e-02	5.86e-04	6.90e-07	0.00e+00
 1.92538e+23	1.79e-04	8.67e-02	7.61e-01	1.42e-01	9.14e-03	4.81e-04	5.13e-07	0.00e+00
 1.94624e+23	2.01e-04	9.25e-02	7.65e-01	1.34e-01	8.26e-03	4.14e-04	4.11e-07	0.00e+00
 1.96707e+23	2.35e-04	1.01e-01	7.67e-01	1.24e-01	7.23e-03	3.40e-04	3.06e-07	0.00e+00
 1.98849e+23	2.67e-04	1.09e-01	7.69e-01	1.15e-01	6.46e-03	2.87e-04	2.38e-07	0.00e+00
 2.01070e+23	3.15e-04	1.20e-01	7.69e-01	1.05e-01	5.59e-03	2.32e-04	1.73e-07	0.00e+00
 2.03310e+23	3.58e-04	1.29e-01	7.68e-01	9.75e-02	4.96e-03	1.94e-04	1.34e-07	0.00e+00
 2.05574e+23	4.25e-04	1.42e-01	7.65e-01	8.81e-02	4.27e-03	1.55e-04	0.00e+00	0.00e+00
 2.07841e+23	4.85e-04	1.53e-01	7.62e-01	8.10e-02	3.77e-03	1.29e-04	0.00e+00	0.00e+00
 2.10114e+23	5.78e-04	1.69e-01	7.55e-01	7.25e-02	3.22e-03	1.01e-04	0.00e+00	0.00e+00
 2.12386e+23	6.61e-04	1.81e-01	7.49e-01	6.61e-02	2.84e-03	8.38e-05	0.00e+00	0.00e+00
 2.14658e+23	7.92e-04	2.01e-01	7.38e-01	5.84e-02	2.41e-03	6.51e-05	0.00e+00	0.00e+00
 2.16926e+23	9.11e-04	2.16e-01	7.28e-01	5.27e-02	2.11e-03	5.32e-05	0.00e+00	0.00e+00
 2.19186e+23	1.10e-03	2.40e-01	7.11e-01	4.59e-02	1.78e-03	4.06e-05	0.00e+00	0.00e+00
 2.21437e+23	1.27e-03	2.59e-01	6.97e-01	4.10e-02	1.55e-03	3.27e-05	0.00e+00	0.00e+00
 2.23678e+23	1.54e-03	2.87e-01	6.75e-01	3.51e-02	1.29e-03	2.45e-05	0.00e+00	0.00e+00
 2.25911e+23	1.79e-03	3.11e-01	6.55e-01	3.08e-02	1.12e-03	1.93e-05	0.00e+00	0.00e+00
 2.28136e+23	2.18e-03	3.45e-01	6.26e-01	2.59e-02	9.23e-04	1.41e-05	0.00e+00	0.00e+00
 2.30359e+23	2.56e-03	3.74e-01	6.00e-01	2.22e-02	7.86e-04	1.09e-05	0.00e+00	0.00e+00
 2.32581e+23	3.14e-03	4.14e-01	5.64e-01	1.82e-02	6.37e-04	7.66e-06	0.00e+00	0.00e+00
 2.34811e+23	3.73e-03	4.49e-01	5.31e-01	1.52e-02	5.31e-04	5.66e-06	0.00e+00	0.00e+00
 2.36751e+23	4.41e-03	4.86e-01	4.97e-01	1.26e-02	4.40e-04	4.13e-06	0.00e+00	0.00e+00
 2.38971e+23	5.43e-03	5.34e-01	4.51e-01	9.79e-03	3.43e-04	2.72e-06	0.00e+00	0.00e+00
 2.41243e+23	6.57e-03	5.78e-01	4.07e-01	7.65e-03	2.70e-04	1.83e-06	0.00e+00	0.00e+00
 2.43173e+23	7.80e-03	6.19e-01	3.67e-01	6.02e-03	2.14e-04	1.25e-06	0.00e+00	0.00e+00
 2.44830e+23	9.00e-03	6.54e-01	3.32e-01	4.86e-03	1.74e-04	8.87e-07	0.00e+00	0.00e+00
 2.46541e+23	1.07e-02	6.95e-01	2.90e-01	3.67e-03	1.32e-04	5.69e-07	0.00e+00	0.00e+00
 2.48336e+23	1.27e-02	7.34e-01	2.50e-01	2.74e-03	9.91e-05	3.60e-07	0.00e+00	0.00e+00
 2.49934e+23	1.49e-02	7.69e-01	2.14e-01	2.04e-03	7.39e-05	2.27e-07	0.00e+00	0.00e+00
 2.51457e+23	1.75e-02	8.01e-01	1.80e-01	1.49e-03	5.37e-05	1.39e-07	0.00e+00	0.00e+00
 2.52925e+23	2.07e-02	8.29e-01	1.49e-01	1.07e-03	3.79e-05	0.00e+00	0.00e+00	0.00e+00
 2.54300e+23	2.42e-02	8.54e-01	1.21e-01	7.61e-04	2.64e-05	0.00e+00	0.00e+00	0.00e+00
 2.55574e+23	2.85e-02	8.74e-01	9.71e-02	5.36e-04	1.78e-05	0.00e+00	0.00e+00	0.00e+00
 2.56750e+23	3.34e-02	8.89e-01	7.71e-02	3.79e-04	1.20e-05	0.00e+00	0.00e+00	0.00e+00
 2.57837e+23	3.93e-02	9.00e-01	6.03e-02	2.68e-04	7.83e-06	0.00e+00	0.00e+00	0.00e+00
 2.58829e+23	4.62e-02	9.07e-01	4.69e-02	1.92e-04	5.09e-06	0.00e+00	0.00e+00	0.00e+00
 2.59703e+23	5.40e-02	9.09e-01	3.67e-02	1.41e-04	3.35e-06	0.00e+00	0.00e+00	0.00e+00
 2.60482e+23	6.30e-02	9.08e-01	2.87e-02	1.07e-04	2.22e-06	0.00e+00	0.00e+00	0.00e+00
 2.61189e+23	7.34e-02	9.04e-01	2.25e-02	8.21e-05	1.48e-06	0.00e+00	0.00e+00	0.00e+00
 2.61829e+23	8.47e-02	8.97e-01	1.78e-02	6.49e-05	1.01e-06	0.00e+00	0.00e+00	0.00e+00
 2.62427e+23	9.82e-02	8.88e-01	1.41e-02	5.19e-05	6.88e-07	0.00e+00	0.00e+00	0.00e+00
 2.62994e+23	1.14e-01	8.75e-01	1.11e-02	4.21e-05	4.70e-07	0.00e+00	0.00e+00	0.00e+00
 2.63515e+23	1.32e-01	8.60e-01	8.79e-03	3.48e-05	3.27e-07	0.00e+00	0.00e+00	0.00e+00
 2.63995e+23	1.51e-01	8.42e-01	7.03e-03	2.92e-05	2.32e-07	0.00e+00	0.00e+00	0.00e+00
 2.64430e+23	1.71e-01	8.23e-01	5.71e-03	2.50e-05	1.69e-07	0.00e+00	0.00e+00	0.00e+00
 2.64804e+23	1.91e-01	8.05e-01	4.76e-03	2.20e-05	1.29e-07	0.00e+00	0.00e+00	0.00e+00
 2.65130e+23	2.09e-01	7.87e-01	4.04e-03	1.97e-05	0.00e+00	0.00e+00	0.00e+00	0.00e+00
 2.65405e+23	2.26e-01	7.70e-01	3.52e-03	1.80e-05	0.00e+00	0.00e+00	0.00e+00	0.00e+00
 2.65646e+23	2.42e-01	7.55e-01	3.11e-03	1.66e-05	0.00e+00	0.00e+00	0.00e+00	0.00e+00
 2.65901e+23	2.60e-01	7.38e-01	2.72e-03	1.53e-05	0.00e+00	0.00e+00	0.00e+00	0.00e+00
 2.66185e+23	2.80e-01	7.18e-01	2.35e-03	1.40e-05	0.00e+00	0.00e+00	0.00e+00	0.00e+00
 2.66471e+23	3.01e-01	6.97e-01	2.03e-03	1.29e-05	0.00e+00	0.00e+00	0.00e+00	0.00e+00
 2.66734e+23	3.21e-01	6.77e-01	1.77e-03	1.19e-05	0.00e+00	0.00e+00	0.00e+00	0.00e+00
 2.66937e+23	3.35e-01	6.63e-01	1.61e-03	1.13e-05	0.00e+00	0.00e+00	0.00e+00	0.00e+00
 2.67080e+23	3.47e-01	6.52e-01	1.49e-03	1.09e-05	0.00e+00	0.00e+00	0.00e+00	0.00e+00
 2.67223e+23	3.58e-01	6.41e-01	1.39e-03	1.04e-05	0.00e+00	0.00e+00	0.00e+00	0.00e+00
 2.67388e+23	3.70e-01	6.28e-01	1.27e-03	9.99e-06	0.00e+00	0.00e+00	0.00e+00	0.00e+00
 2.67576e+23	3.85e-01	6.14e-01	1.16e-03	9.50e-06	0.00e+00	0.00e+00	0.00e+00	0.00e+00
 2.67767e+23	4.00e-01	5.99e-01	1.05e-03	9.04e-06	0.00e+00	0.00e+00	0.00e+00	0.00e+00
 2.67945e+23	4.14e-01	5.85e-01	9.62e-04	8.64e-06	0.00e+00	0.00e+00	0.00e+00	0.00e+00
 2.68123e+23	4.28e-01	5.71e-01	8.80e-04	8.26e-06	0.00e+00	0.00e+00	0.00e+00	0.00e+00
 2.68312e+23	4.42e-01	5.57e-01	8.01e-04	7.88e-06	0.00e+00	0.00e+00	0.00e+00	0.00e+00
 2.68512e+23	4.58e-01	5.41e-01	7.25e-04	7.51e-06	0.00e+00	0.00e+00	0.00e+00	0.00e+00
 2.68713e+23	4.73e-01	5.26e-01	6.57e-04	7.16e-06	0.00e+00	0.00e+00	0.00e+00	0.00e+00
 2.68914e+23	4.88e-01	5.11e-01	5.96e-04	6.83e-06	0.00e+00	0.00e+00	0.00e+00	0.00e+00
 2.69122e+23	5.03e-01	4.96e-01	5.40e-04	6.50e-06	0.00e+00	0.00e+00	0.00e+00	0.00e+00
 2.69339e+23	5.19e-01	4.81e-01	4.87e-04	6.19e-06	0.00e+00	0.00e+00	0.00e+00	0.00e+00
 2.69562e+23	5.34e-01	4.65e-01	4.39e-04	5.89e-06	0.00e+00	0.00e+00	0.00e+00	0.00e+00
 2.69790e+23	5.50e-01	4.50e-01	3.95e-04	5.60e-06	0.00e+00	0.00e+00	0.00e+00	0.00e+00
 2.70023e+23	5.66e-01	4.34e-01	3.56e-04	5.33e-06	0.00e+00	0.00e+00	0.00e+00	0.00e+00
 2.70264e+23	5.81e-01	4.19e-01	3.20e-04	5.06e-06	0.00e+00	0.00e+00	0.00e+00	0.00e+00
 2.70513e+23	5.97e-01	4.03e-01	2.88e-04	4.80e-06	0.00e+00	0.00e+00	0.00e+00	0.00e+00
 2.70771e+23	6.12e-01	3.87e-01	2.58e-04	4.56e-06	0.00e+00	0.00e+00	0.00e+00	0.00e+00
 2.71035e+23	6.28e-01	3.72e-01	2.32e-04	4.32e-06	0.00e+00	0.00e+00	0.00e+00	0.00e+00
 2.71308e+23	6.43e-01	3.57e-01	2.08e-04	4.10e-06	0.00e+00	0.00e+00	0.00e+00	0.00e+00
 2.71592e+23	6.58e-01	3.42e-01	1.87e-04	3.88e-06	0.00e+00	0.00e+00	0.00e+00	0.00e+00
 2.71886e+23	6.73e-01	3.27e-01	1.68e-04	3.67e-06	0.00e+00	0.00e+00	0.00e+00	0.00e+00
 2.72191e+23	6.88e-01	3.12e-01	1.51e-04	3.47e-06	0.00e+00	0.00e+00	0.00e+00	0.00e+00
 2.72509e+23	7.02e-01	2.98e-01	1.36e-04	3.29e-06	0.00e+00	0.00e+00	0.00e+00	0.00e+00
 2.72837e+23	7.16e-01	2.84e-01	1.22e-04	3.11e-06	0.00e+00	0.00e+00	0.00e+00	0.00e+00
 2.73173e+23	7.29e-01	2.71e-01	1.11e-04	2.94e-06	0.00e+00	0.00e+00	0.00e+00	0.00e+00
 2.73519e+23	7.42e-01	2.58e-01	1.01e-04	2.79e-06	0.00e+00	0.00e+00	0.00e+00	0.00e+00
 2.73874e+23	7.54e-01	2.46e-01	9.21e-05	2.64e-06	0.00e+00	0.00e+00	0.00e+00	0.00e+00
 2.74247e+23	7.66e-01	2.34e-01	8.42e-05	2.50e-06	0.00e+00	0.00e+00	0.00e+00	0.00e+00
 2.74636e+23	7.78e-01	2.22e-01	7.73e-05	2.37e-06	0.00e+00	0.00e+00	0.00e+00	0.00e+00
 2.75036e+23	7.89e-01	2.11e-01	7.13e-05	2.25e-06	0.00e+00	0.00e+00	0.00e+00	0.00e+00
 2.75448e+23	7.99e-01	2.01e-01	6.60e-05	2.14e-06	0.00e+00	0.00e+00	0.00e+00	0.00e+00
 2.75883e+23	8.09e-01	1.90e-01	6.13e-05	2.03e-06	0.00e+00	0.00e+00	0.00e+00	0.00e+00
 2.76350e+23	8.19e-01	1.81e-01	5.71e-05	1.93e-06	0.00e+00	0.00e+00	0.00e+00	0.00e+00
 2.76836e+23	8.29e-01	1.71e-01	5.34e-05	1.83e-06	0.00e+00	0.00e+00	0.00e+00	0.00e+00
 2.77343e+23	8.38e-01	1.62e-01	5.01e-05	1.74e-06	0.00e+00	0.00e+00	0.00e+00	0.00e+00
 2.77885e+23	8.47e-01	1.53e-01	4.70e-05	1.65e-06	0.00e+00	0.00e+00	0.00e+00	0.00e+00
 2.78465e+23	8.56e-01	1.44e-01	4.43e-05	1.56e-06	0.00e+00	0.00e+00	0.00e+00	0.00e+00
 2.79076e+23	8.64e-01	1.36e-01	4.18e-05	1.48e-06	0.00e+00	0.00e+00	0.00e+00	0.00e+00
 2.79696e+23	8.72e-01	1.28e-01	3.96e-05	1.41e-06	0.00e+00	0.00e+00	0.00e+00	0.00e+00
 2.80289e+23	8.79e-01	1.21e-01	3.79e-05	1.34e-06	0.00e+00	0.00e+00	0.00e+00	0.00e+00
 2.80858e+23	8.85e-01	1.15e-01	3.63e-05	1.29e-06	0.00e+00	0.00e+00	0.00e+00	0.00e+00
 2.81419e+23	8.91e-01	1.09e-01	3.49e-05	1.23e-06	0.00e+00	0.00e+00	0.00e+00	0.00e+00
 2.81971e+23	8.96e-01	1.04e-01	3.37e-05	1.18e-06	0.00e+00	0.00e+00	0.00e+00	0.00e+00
 2.82512e+23	9.01e-01	9.87e-02	3.26e-05	1.14e-06	0.00e+00	0.00e+00	0.00e+00	0.00e+00
 2.83029e+23	9.06e-01	9.41e-02	3.16e-05	1.10e-06	0.00e+00	0.00e+00	0.00e+00	0.00e+00
 2.83522e+23	9.10e-01	8.97e-02	3.07e-05	1.06e-06	0.00e+00	0.00e+00	0.00e+00	0.00e+00
 2.83984e+23	9.14e-01	8.59e-02	2.99e-05	1.03e-06	0.00e+00	0.00e+00	0.00e+00	0.00e+00
 2.84432e+23	9.18e-01	8.22e-02	2.92e-05	9.97e-07	0.00e+00	0.00e+00	0.00e+00	0.00e+00
 2.84880e+23	9.21e-01	7.87e-02	2.85e-05	9.67e-07	0.00e+00	0.00e+00	0.00e+00	0.00e+00
 2.85314e+23	9.24e-01	7.55e-02	2.79e-05	9.40e-07	0.00e+00	0.00e+00	0.00e+00	0.00e+00
 2.85731e+23	9.27e-01	7.25e-02	2.73e-05	9.16e-07	0.00e+00	0.00e+00	0.00e+00	0.00e+00
 2.86133e+23	9.30e-01	6.97e-02	2.68e-05	8.93e-07	0.00e+00	0.00e+00	0.00e+00	0.00e+00
 2.86522e+23	9.33e-01	6.71e-02	2.63e-05	8.73e-07	0.00e+00	0.00e+00	0.00e+00	0.00e+00
 2.86897e+23	9.35e-01	6.47e-02	2.59e-05	8.55e-07	0.00e+00	0.00e+00	0.00e+00	0.00e+00
 2.87259e+23	9.37e-01	6.25e-02	2.54e-05	8.38e-07	0.00e+00	0.00e+00	0.00e+00	0.00e+00
 2.87608e+23	9.39e-01	6.05e-02	2.51e-05	8.24e-07	0.00e+00	0.00e+00	0.00e+00	0.00e+00
 2.87945e+23	9.41e-01	5.86e-02	2.47e-05	8.11e-07	0.00e+00	0.00e+00	0.00e+00	0.00e+00
 2.88270e+23	9.43e-01	5.68e-02	2.44e-05	8.00e-07	0.00e+00	0.00e+00	0.00e+00	0.00e+00
 2.88578e+23	9.45e-01	5.53e-02	2.41e-05	7.90e-07	0.00e+00	0.00e+00	0.00e+00	0.00e+00
 2.88880e+23	9.46e-01	5.38e-02	2.38e-05	7.82e-07	0.00e+00	0.00e+00	0.00e+00	0.00e+00
 2.89173e+23	9.48e-01	5.25e-02	2.35e-05	7.76e-07	0.00e+00	0.00e+00	0.00e+00	0.00e+00
 2.89440e+23	9.49e-01	5.14e-02	2.33e-05	7.71e-07	0.00e+00	0.00e+00	0.00e+00	0.00e+00
 2.89683e+23	9.50e-01	5.04e-02	2.31e-05	7.68e-07	0.00e+00	0.00e+00	0.00e+00	0.00e+00
 2.89904e+23	9.50e-01	4.96e-02	2.30e-05	7.67e-07	0.00e+00	0.00e+00	0.00e+00	0.00e+00
 2.90105e+23	9.51e-01	4.89e-02	2.28e-05	7.66e-07	0.00e+00	0.00e+00	0.00e+00	0.00e+00
 2.90288e+23	9.52e-01	4.83e-02	2.27e-05	7.66e-07	0.00e+00	0.00e+00	0.00e+00	0.00e+00
 2.90454e+23	9.52e-01	4.78e-02	2.25e-05	7.67e-07	0.00e+00	0.00e+00	0.00e+00	0.00e+00
 2.90606e+23	9.53e-01	4.73e-02	2.24e-05	7.71e-07	0.00e+00	0.00e+00	0.00e+00	0.00e+00
 2.90744e+23	9.53e-01	4.69e-02	2.24e-05	7.71e-07	0.00e+00	0.00e+00	0.00e+00	0.00e+00
 2.90895e+23	9.54e-01	4.64e-02	2.22e-05	7.70e-07	0.00e+00	0.00e+00	0.00e+00	0.00e+00
 2.91092e+23	9.54e-01	4.58e-02	2.21e-05	7.71e-07	0.00e+00	0.00e+00	0.00e+00	0.00e+00
 2.91304e+23	9.55e-01	4.52e-02	2.19e-05	7.70e-07	0.00e+00	0.00e+00	0.00e+00	0.00e+00
 2.91497e+23	9.55e-01	4.47e-02	2.18e-05	7.73e-07	0.00e+00	0.00e+00	0.00e+00	0.00e+00
 2.91672e+23	9.56e-01	4.43e-02	2.17e-05	7.75e-07	0.00e+00	0.00e+00	0.00e+00	0.00e+00
 2.91832e+23	9.56e-01	4.40e-02	2.16e-05	7.79e-07	0.00e+00	0.00e+00	0.00e+00	0.00e+00
 2.91978e+23	9.56e-01	4.37e-02	2.15e-05	7.82e-07	0.00e+00	0.00e+00	0.00e+00	0.00e+00
 2.92137e+23	9.57e-01	4.34e-02	2.14e-05	7.86e-07	0.00e+00	0.00e+00	0.00e+00	0.00e+00
 2.92309e+23	9.57e-01	4.30e-02	2.13e-05	7.88e-07	0.00e+00	0.00e+00	0.00e+00	0.00e+00
 2.92498e+23	9.57e-01	4.26e-02	2.11e-05	7.89e-07	0.00e+00	0.00e+00	0.00e+00	0.00e+00
 2.92701e+23	9.58e-01	4.22e-02	2.10e-05	7.89e-07	0.00e+00	0.00e+00	0.00e+00	0.00e+00
 2.92886e+23	9.58e-01	4.19e-02	2.09e-05	7.94e-07	0.00e+00	0.00e+00	0.00e+00	0.00e+00
 2.93055e+23	9.58e-01	4.17e-02	2.08e-05	7.96e-07	0.00e+00	0.00e+00	0.00e+00	0.00e+00
 2.93240e+23	9.59e-01	4.14e-02	2.07e-05	7.96e-07	0.00e+00	0.00e+00	0.00e+00	0.00e+00
 2.93480e+23	9.59e-01	4.09e-02	2.05e-05	7.98e-07	0.00e+00	0.00e+00	0.00e+00	0.00e+00
 2.93739e+23	9.60e-01	4.04e-02	2.04e-05	7.99e-07	0.00e+00	0.00e+00	0.00e+00	0.00e+00
 2.93975e+23	9.60e-01	4.01e-02	2.03e-05	8.04e-07	0.00e+00	0.00e+00	0.00e+00	0.00e+00
 2.94190e+23	9.60e-01	3.99e-02	2.01e-05	8.07e-07	0.00e+00	0.00e+00	0.00e+00	0.00e+00
 2.94385e+23	9.60e-01	3.97e-02	2.00e-05	8.11e-07	0.00e+00	0.00e+00	0.00e+00	0.00e+00
 2.94563e+23	9.60e-01	3.95e-02	2.00e-05	8.15e-07	0.00e+00	0.00e+00	0.00e+00	0.00e+00
 2.94757e+23	9.61e-01	3.92e-02	1.98e-05	8.20e-07	0.00e+00	0.00e+00	0.00e+00	0.00e+00
 2.94968e+23	9.61e-01	3.90e-02	1.98e-05	8.25e-07	0.00e+00	0.00e+00	0.00e+00	0.00e+00
 2.95159e+23	9.61e-01	3.88e-02	1.97e-05	8.29e-07	0.00e+00	0.00e+00	0.00e+00	0.00e+00
 2.95333e+23	9.61e-01	3.86e-02	1.97e-05	8.38e-07	0.00e+00	0.00e+00	0.00e+00	0.00e+00
 2.95492e+23	9.61e-01	3.85e-02	1.97e-05	8.41e-07	0.00e+00	0.00e+00	0.00e+00	0.00e+00
 2.95665e+23	9.62e-01	3.83e-02	1.96e-05	8.44e-07	0.00e+00	0.00e+00	0.00e+00	0.00e+00
 2.95853e+23	9.62e-01	3.81e-02	1.96e-05	8.49e-07	0.00e+00	0.00e+00	0.00e+00	0.00e+00
 2.96024e+23	9.62e-01	3.79e-02	1.95e-05	8.53e-07	0.00e+00	0.00e+00	0.00e+00	0.00e+00
 2.96210e+23	9.62e-01	3.77e-02	1.95e-05	8.58e-07	0.00e+00	0.00e+00	0.00e+00	0.00e+00
 2.96412e+23	9.63e-01	3.74e-02	1.94e-05	8.62e-07	0.00e+00	0.00e+00	0.00e+00	0.00e+00
 2.96596e+23	9.63e-01	3.73e-02	1.94e-05	8.65e-07	0.00e+00	0.00e+00	0.00e+00	0.00e+00
 2.96797e+23	9.63e-01	3.70e-02	1.93e-05	8.71e-07	0.00e+00	0.00e+00	0.00e+00	0.00e+00
 2.97014e+23	9.63e-01	3.68e-02	1.93e-05	8.76e-07	0.00e+00	0.00e+00	0.00e+00	0.00e+00
 2.97212e+23	9.63e-01	3.66e-02	1.92e-05	8.79e-07	0.00e+00	0.00e+00	0.00e+00	0.00e+00
 2.97392e+23	9.64e-01	3.64e-02	1.92e-05	8.83e-07	0.00e+00	0.00e+00	0.00e+00	0.00e+00
 2.97589e+23	9.64e-01	3.62e-02	1.91e-05	8.89e-07	0.00e+00	0.00e+00	0.00e+00	0.00e+00
 2.97802e+23	9.64e-01	3.60e-02	1.91e-05	8.93e-07	0.00e+00	0.00e+00	0.00e+00	0.00e+00
 2.97996e+23	9.64e-01	3.58e-02	1.90e-05	8.96e-07	0.00e+00	0.00e+00	0.00e+00	0.00e+00
 2.98208e+23	9.64e-01	3.56e-02	1.90e-05	8.99e-07	0.00e+00	0.00e+00	0.00e+00	0.00e+00
 2.98437e+23	9.65e-01	3.53e-02	1.89e-05	9.01e-07	0.00e+00	0.00e+00	0.00e+00	0.00e+00
 2.98646e+23	9.65e-01	3.51e-02	1.89e-05	9.06e-07	0.00e+00	0.00e+00	0.00e+00	0.00e+00
 2.98835e+23	9.65e-01	3.49e-02	1.88e-05	9.04e-07	0.00e+00	0.00e+00	0.00e+00	0.00e+00
 2.99043e+23	9.65e-01	3.47e-02	1.87e-05	9.04e-07	0.00e+00	0.00e+00	0.00e+00	0.00e+00
 2.99268e+23	9.66e-01	3.44e-02	1.87e-05	9.07e-07	0.00e+00	0.00e+00	0.00e+00	0.00e+00
 2.99472e+23	9.66e-01	3.42e-02	1.86e-05	9.05e-07	0.00e+00	0.00e+00	0.00e+00	0.00e+00
 2.99696e+23	9.66e-01	3.40e-02	1.86e-05	9.07e-07	0.00e+00	0.00e+00	0.00e+00	0.00e+00
 2.99938e+23	9.66e-01	3.37e-02	1.85e-05	9.07e-07	0.00e+00	0.00e+00	0.00e+00	0.00e+00
 3.00157e+23	9.66e-01	3.35e-02	1.84e-05	9.11e-07	0.00e+00	0.00e+00	0.00e+00	0.00e+00
 3.00358e+23	9.67e-01	3.33e-02	1.84e-05	9.08e-07	0.00e+00	0.00e+00	0.00e+00	0.00e+00
 3.00577e+23	9.67e-01	3.31e-02	1.83e-05	9.08e-07	0.00e+00	0.00e+00	0.00e+00	0.00e+00
 3.00814e+23	9.67e-01	3.28e-02	1.82e-05	9.10e-07	0.00e+00	0.00e+00	0.00e+00	0.00e+00
 3.01029e+23	9.67e-01	3.26e-02	1.82e-05	9.07e-07	0.00e+00	0.00e+00	0.00e+00	0.00e+00
 3.01265e+23	9.68e-01	3.23e-02	1.81e-05	9.08e-07	0.00e+00	0.00e+00	0.00e+00	0.00e+00
 3.01520e+23	9.68e-01	3.21e-02	1.80e-05	9.07e-07	0.00e+00	0.00e+00	0.00e+00	0.00e+00
 3.01752e+23	9.68e-01	3.19e-02	1.80e-05	9.10e-07	0.00e+00	0.00e+00	0.00e+00	0.00e+00
 3.01963e+23	9.68e-01	3.17e-02	1.79e-05	9.06e-07	0.00e+00	0.00e+00	0.00e+00	0.00e+00
 3.02194e+23	9.69e-01	3.14e-02	1.78e-05	9.05e-07	0.00e+00	0.00e+00	0.00e+00	0.00e+00
 3.02444e+23	9.69e-01	3.12e-02	1.78e-05	9.05e-07	0.00e+00	0.00e+00	0.00e+00	0.00e+00
 3.02671e+23	9.69e-01	3.09e-02	1.77e-05	9.01e-07	0.00e+00	0.00e+00	0.00e+00	0.00e+00
 3.02920e+23	9.69e-01	3.07e-02	1.76e-05	9.00e-07	0.00e+00	0.00e+00	0.00e+00	0.00e+00
 3.03189e+23	9.70e-01	3.04e-02	1.75e-05	9.00e-07	0.00e+00	0.00e+00	0.00e+00	0.00e+00
 3.03433e+23	9.70e-01	3.02e-02	1.75e-05	8.95e-07	0.00e+00	0.00e+00	0.00e+00	0.00e+00
 3.03701e+23	9.70e-01	2.99e-02	1.74e-05	8.94e-07	0.00e+00	0.00e+00	0.00e+00	0.00e+00
 3.03991e+23	9.70e-01	2.96e-02	1.73e-05	8.93e-07	0.00e+00	0.00e+00	0.00e+00	0.00e+00
 3.04254e+23	9.71e-01	2.93e-02	1.72e-05	8.88e-07	0.00e+00	0.00e+00	0.00e+00	0.00e+00
 3.04542e+23	9.71e-01	2.90e-02	1.71e-05	8.85e-07	0.00e+00	0.00e+00	0.00e+00	0.00e+00
 3.04854e+23	9.71e-01	2.87e-02	1.70e-05	8.80e-07	0.00e+00	0.00e+00	0.00e+00	0.00e+00
 3.05137e+23	9.72e-01	2.85e-02	1.70e-05	8.78e-07	0.00e+00	0.00e+00	0.00e+00	0.00e+00
 3.05395e+23	9.72e-01	2.83e-02	1.69e-05	8.75e-07	0.00e+00	0.00e+00	0.00e+00	0.00e+00
 3.05678e+23	9.72e-01	2.80e-02	1.68e-05	8.72e-07	0.00e+00	0.00e+00	0.00e+00	0.00e+00
 3.05983e+23	9.72e-01	2.77e-02	1.67e-05	8.70e-07	0.00e+00	0.00e+00	0.00e+00	0.00e+00
 3.06261e+23	9.73e-01	2.75e-02	1.66e-05	8.64e-07	0.00e+00	0.00e+00	0.00e+00	0.00e+00
 3.06565e+23	9.73e-01	2.71e-02	1.65e-05	8.58e-07	0.00e+00	0.00e+00	0.00e+00	0.00e+00
 3.06894e+23	9.73e-01	2.68e-02	1.64e-05	8.56e-07	0.00e+00	0.00e+00	0.00e+00	0.00e+00
 3.07192e+23	9.73e-01	2.66e-02	1.63e-05	8.49e-07	0.00e+00	0.00e+00	0.00e+00	0.00e+00
 3.07520e+23	9.74e-01	2.62e-02	1.62e-05	8.42e-07	0.00e+00	0.00e+00	0.00e+00	0.00e+00
 3.07874e+23	9.74e-01	2.59e-02	1.61e-05	8.35e-07	0.00e+00	0.00e+00	0.00e+00	0.00e+00
 3.08195e+23	9.74e-01	2.57e-02	1.61e-05	8.31e-07	0.00e+00	0.00e+00	0.00e+00	0.00e+00
 3.08458e+23	9.74e-01	2.56e-02	1.60e-05	8.28e-07	0.00e+00	0.00e+00	0.00e+00	0.00e+00
