#depth	Si	Si+	Si+2	Si+3	Si+4	Si+5	Si+6	Si+7	Si+8	Si+9	Si+10	Si+11	Si+12	Si+13	Si+14
 4.62852e+21	0.00e+00	0.00e+00	0.00e+00	0.00e+00	0.00e+00	4.23e-31	2.55e-26	4.87e-22	4.00e-18	1.77e-14	6.00e-11	9.38e-08	7.45e-05	1.10e-02	9.89e-01
 1.02447e+22	0.00e+00	0.00e+00	0.00e+00	0.00e+00	2.47e-33	2.05e-28	5.66e-24	4.95e-20	1.90e-16	3.87e-13	6.26e-10	5.09e-07	2.42e-04	2.05e-02	9.79e-01
 1.15992e+22	0.00e+00	0.00e+00	0.00e+00	0.00e+00	3.39e-32	2.08e-27	4.25e-23	2.76e-19	7.85e-16	1.18e-12	1.44e-09	9.20e-07	3.71e-04	2.59e-02	9.74e-01
 1.21495e+22	0.00e+00	0.00e+00	0.00e+00	0.00e+00	1.26e-31	6.63e-27	1.16e-22	6.49e-19	1.59e-15	2.05e-12	2.17e-09	1.22e-06	4.57e-04	2.91e-02	9.70e-01
 1.24149e+22	0.00e+00	0.00e+00	0.00e+00	0.00e+00	2.27e-31	1.12e-26	1.83e-22	9.53e-19	2.17e-15	2.63e-12	2.60e-09	1.39e-06	5.01e-04	3.07e-02	9.69e-01
 1.25647e+22	0.00e+00	0.00e+00	0.00e+00	0.00e+00	3.69e-31	1.71e-26	2.66e-22	1.31e-18	2.81e-15	3.21e-12	3.01e-09	1.54e-06	5.41e-04	3.21e-02	9.67e-01
 1.27006e+22	0.00e+00	0.00e+00	0.00e+00	0.00e+00	5.99e-31	2.62e-26	3.84e-22	1.78e-18	3.63e-15	3.92e-12	3.48e-09	1.70e-06	5.83e-04	3.35e-02	9.66e-01
 1.28363e+22	0.00e+00	0.00e+00	0.00e+00	0.00e+00	9.68e-31	4.01e-26	5.55e-22	2.43e-18	4.68e-15	4.77e-12	4.02e-09	1.87e-06	6.27e-04	3.49e-02	9.64e-01
 1.29716e+22	0.00e+00	0.00e+00	0.00e+00	0.00e+00	1.57e-30	6.12e-26	8.00e-22	3.32e-18	6.03e-15	5.81e-12	4.64e-09	2.06e-06	6.75e-04	3.65e-02	9.63e-01
 1.31063e+22	0.00e+00	0.00e+00	0.00e+00	0.00e+00	2.53e-30	9.33e-26	1.15e-21	4.52e-18	7.75e-15	7.06e-12	5.34e-09	2.27e-06	7.26e-04	3.81e-02	9.61e-01
 1.32404e+22	0.00e+00	0.00e+00	0.00e+00	0.00e+00	4.07e-30	1.42e-25	1.66e-21	6.13e-18	9.95e-15	8.56e-12	6.14e-09	2.50e-06	7.80e-04	3.97e-02	9.60e-01
 1.33739e+22	0.00e+00	0.00e+00	0.00e+00	0.00e+00	6.53e-30	2.15e-25	2.38e-21	8.31e-18	1.28e-14	1.04e-11	7.04e-09	2.74e-06	8.37e-04	4.14e-02	9.58e-01
 1.35070e+22	0.00e+00	0.00e+00	0.00e+00	0.00e+00	1.05e-29	3.26e-25	3.40e-21	1.13e-17	1.63e-14	1.25e-11	8.07e-09	3.00e-06	8.98e-04	4.32e-02	9.56e-01
 1.36367e+22	0.00e+00	0.00e+00	0.00e+00	1.18e-34	1.64e-29	4.84e-25	4.79e-21	1.50e-17	2.06e-14	1.50e-11	9.18e-09	3.27e-06	9.60e-04	4.49e-02	9.54e-01
 1.37660e+22	0.00e+00	0.00e+00	0.00e+00	1.99e-34	2.62e-29	7.31e-25	6.83e-21	2.03e-17	2.63e-14	1.81e-11	1.05e-08	3.58e-06	1.03e-03	4.68e-02	9.52e-01
 1.38969e+22	0.00e+00	0.00e+00	0.00e+00	3.33e-34	4.16e-29	1.10e-24	9.69e-21	2.72e-17	3.34e-14	2.18e-11	1.20e-08	3.90e-06	1.10e-03	4.88e-02	9.50e-01
 1.40273e+22	0.00e+00	0.00e+00	0.00e+00	5.58e-34	6.62e-29	1.65e-24	1.38e-20	3.66e-17	4.25e-14	2.62e-11	1.36e-08	4.25e-06	1.18e-03	5.08e-02	9.48e-01
 1.41581e+22	0.00e+00	0.00e+00	0.00e+00	9.36e-34	1.05e-28	2.48e-24	1.96e-20	4.91e-17	5.40e-14	3.15e-11	1.55e-08	4.62e-06	1.26e-03	5.29e-02	9.46e-01
 1.42877e+22	0.00e+00	0.00e+00	0.00e+00	1.56e-33	1.66e-28	3.69e-24	2.76e-20	6.56e-17	6.84e-14	3.77e-11	1.76e-08	5.02e-06	1.34e-03	5.51e-02	9.44e-01
 1.44168e+22	0.00e+00	0.00e+00	0.00e+00	2.60e-33	2.63e-28	5.53e-24	3.91e-20	8.80e-17	8.67e-14	4.52e-11	2.00e-08	5.45e-06	1.44e-03	5.73e-02	9.41e-01
 1.45465e+22	0.00e+00	0.00e+00	0.00e+00	4.34e-33	4.16e-28	8.28e-24	5.54e-20	1.18e-16	1.10e-13	5.41e-11	2.27e-08	5.92e-06	1.53e-03	5.96e-02	9.39e-01
 1.46758e+22	0.00e+00	0.00e+00	0.00e+00	7.23e-33	6.57e-28	1.24e-23	7.83e-20	1.58e-16	1.39e-13	6.48e-11	2.57e-08	6.42e-06	1.64e-03	6.21e-02	9.36e-01
 1.47985e+22	0.00e+00	0.00e+00	0.00e+00	1.14e-32	9.93e-28	1.78e-23	1.07e-19	2.05e-16	1.72e-13	7.62e-11	2.88e-08	6.90e-06	1.74e-03	6.43e-02	9.34e-01
 1.49213e+22	0.00e+00	0.00e+00	0.00e+00	1.90e-32	1.57e-27	2.65e-23	1.51e-19	2.73e-16	2.17e-13	9.12e-11	3.27e-08	7.47e-06	1.85e-03	6.69e-02	9.31e-01
 1.50459e+22	0.00e+00	0.00e+00	0.00e+00	3.06e-32	2.40e-27	3.85e-23	2.08e-19	3.58e-16	2.70e-13	1.08e-10	3.67e-08	8.05e-06	1.97e-03	6.94e-02	9.29e-01
 1.51702e+22	0.00e+00	0.00e+00	0.00e+00	5.08e-32	3.78e-27	5.74e-23	2.94e-19	4.78e-16	3.42e-13	1.29e-10	4.16e-08	8.70e-06	2.10e-03	7.21e-02	9.26e-01
 1.52964e+22	0.00e+00	0.00e+00	0.00e+00	8.29e-32	5.86e-27	8.44e-23	4.09e-19	6.32e-16	4.28e-13	1.53e-10	4.69e-08	9.39e-06	2.23e-03	7.48e-02	9.23e-01
 1.54180e+22	0.00e+00	0.00e+00	0.00e+00	1.33e-31	8.96e-27	1.22e-22	5.64e-19	8.28e-16	5.33e-13	1.81e-10	5.26e-08	1.01e-05	2.37e-03	7.76e-02	9.20e-01
 1.55415e+22	0.00e+00	0.00e+00	0.00e+00	2.20e-31	1.41e-26	1.82e-22	7.95e-19	1.10e-15	6.73e-13	2.16e-10	5.96e-08	1.09e-05	2.53e-03	8.06e-02	9.17e-01
 1.56607e+22	0.00e+00	0.00e+00	0.00e+00	3.42e-31	2.09e-26	2.58e-22	1.07e-18	1.42e-15	8.25e-13	2.53e-10	6.64e-08	1.17e-05	2.67e-03	8.32e-02	9.14e-01
 1.57798e+22	0.00e+00	0.00e+00	0.00e+00	5.67e-31	3.30e-26	3.84e-22	1.51e-18	1.90e-15	1.04e-12	3.03e-10	7.53e-08	1.27e-05	2.85e-03	8.64e-02	9.11e-01
 1.59006e+22	0.00e+00	0.00e+00	0.00e+00	8.94e-31	4.96e-26	5.50e-22	2.06e-18	2.46e-15	1.29e-12	3.56e-10	8.43e-08	1.36e-05	3.02e-03	8.94e-02	9.08e-01
 1.60210e+22	0.00e+00	0.00e+00	0.00e+00	1.48e-30	7.80e-26	8.18e-22	2.90e-18	3.28e-15	1.63e-12	4.27e-10	9.56e-08	1.47e-05	3.22e-03	9.28e-02	9.04e-01
 1.61433e+22	0.00e+00	0.00e+00	0.00e+00	2.37e-30	1.19e-25	1.19e-21	4.00e-18	4.31e-15	2.03e-12	5.06e-10	1.08e-07	1.59e-05	3.42e-03	9.60e-02	9.01e-01
 1.62652e+22	0.00e+00	0.00e+00	7.40e-35	3.92e-30	1.87e-25	1.77e-21	5.64e-18	5.75e-15	2.57e-12	6.07e-10	1.22e-07	1.72e-05	3.65e-03	9.96e-02	8.97e-01
 1.63856e+22	0.00e+00	0.00e+00	1.24e-34	6.23e-30	2.84e-25	2.55e-21	7.74e-18	7.52e-15	3.20e-12	7.18e-10	1.38e-07	1.85e-05	3.87e-03	1.03e-01	8.93e-01
 1.65057e+22	0.00e+00	0.00e+00	2.16e-34	1.03e-29	4.47e-25	3.80e-21	1.09e-17	1.01e-14	4.06e-12	8.63e-10	1.56e-07	2.01e-05	4.13e-03	1.07e-01	8.89e-01
 1.66276e+22	0.00e+00	0.00e+00	3.68e-34	1.67e-29	6.89e-25	5.57e-21	1.52e-17	1.33e-14	5.09e-12	1.03e-09	1.77e-07	2.17e-05	4.39e-03	1.10e-01	8.85e-01
 1.67440e+22	0.00e+00	0.00e+00	6.16e-34	2.65e-29	1.05e-24	8.04e-21	2.09e-17	1.74e-14	6.35e-12	1.22e-09	2.00e-07	2.35e-05	4.67e-03	1.14e-01	8.81e-01
 1.68632e+22	0.00e+00	0.00e+00	1.08e-33	4.39e-29	1.65e-24	1.20e-20	2.95e-17	2.33e-14	8.07e-12	1.47e-09	2.28e-07	2.56e-05	4.98e-03	1.18e-01	8.77e-01
 1.69835e+22	0.00e+00	0.00e+00	1.83e-33	7.07e-29	2.54e-24	1.75e-20	4.10e-17	3.08e-14	1.01e-11	1.76e-09	2.59e-07	2.78e-05	5.30e-03	1.22e-01	8.72e-01
 1.71035e+22	0.00e+00	0.00e+00	3.19e-33	1.17e-28	4.00e-24	2.62e-20	5.80e-17	4.13e-14	1.29e-11	2.13e-09	2.97e-07	3.03e-05	5.66e-03	1.26e-01	8.68e-01
 1.72249e+22	0.00e+00	0.00e+00	5.52e-33	1.92e-28	6.24e-24	3.88e-20	8.16e-17	5.52e-14	1.64e-11	2.57e-09	3.39e-07	3.31e-05	6.04e-03	1.31e-01	8.63e-01
 1.73459e+22	0.00e+00	0.00e+00	9.65e-33	3.18e-28	9.85e-24	5.81e-20	1.16e-16	7.43e-14	2.10e-11	3.11e-09	3.89e-07	3.62e-05	6.46e-03	1.35e-01	8.58e-01
 1.74661e+22	0.00e+00	0.00e+00	1.66e-32	5.19e-28	1.53e-23	8.59e-20	1.63e-16	9.92e-14	2.66e-11	3.76e-09	4.46e-07	3.96e-05	6.89e-03	1.40e-01	8.53e-01
 1.75858e+22	0.00e+00	0.00e+00	2.90e-32	8.60e-28	2.42e-23	1.29e-19	2.31e-16	1.34e-13	3.41e-11	4.57e-09	5.13e-07	4.34e-05	7.37e-03	1.45e-01	8.48e-01
 1.77061e+22	0.00e+00	0.00e+00	5.05e-32	1.42e-27	3.81e-23	1.92e-19	3.27e-16	1.80e-13	4.36e-11	5.55e-09	5.91e-07	4.77e-05	7.87e-03	1.49e-01	8.43e-01
 1.78257e+22	0.00e+00	0.00e+00	8.82e-32	2.35e-27	6.01e-23	2.87e-19	4.64e-16	2.43e-13	5.59e-11	6.76e-09	6.82e-07	5.25e-05	8.42e-03	1.54e-01	8.37e-01
 1.79453e+22	0.00e+00	0.00e+00	1.54e-31	3.89e-27	9.48e-23	4.30e-19	6.59e-16	3.28e-13	7.17e-11	8.24e-09	7.88e-07	5.79e-05	9.00e-03	1.59e-01	8.32e-01
 1.80643e+22	0.00e+00	0.00e+00	2.69e-31	6.43e-27	1.49e-22	6.43e-19	9.36e-16	4.42e-13	9.21e-11	1.01e-08	9.11e-07	6.39e-05	9.63e-03	1.65e-01	8.26e-01
 1.81826e+22	0.00e+00	0.00e+00	4.68e-31	1.06e-26	2.35e-22	9.62e-19	1.33e-15	5.97e-13	1.18e-10	1.23e-08	1.06e-06	7.05e-05	1.03e-02	1.70e-01	8.20e-01
 1.83002e+22	0.00e+00	0.00e+00	8.14e-31	1.75e-26	3.70e-22	1.44e-18	1.89e-15	8.06e-13	1.52e-10	1.50e-08	1.22e-06	7.80e-05	1.10e-02	1.75e-01	8.14e-01
 1.84171e+22	0.00e+00	0.00e+00	1.41e-30	2.88e-26	5.82e-22	2.15e-18	2.68e-15	1.09e-12	1.95e-10	1.84e-08	1.42e-06	8.63e-05	1.18e-02	1.81e-01	8.07e-01
 1.85334e+22	0.00e+00	0.00e+00	2.45e-30	4.74e-26	9.14e-22	3.20e-18	3.79e-15	1.47e-12	2.51e-10	2.25e-08	1.64e-06	9.56e-05	1.26e-02	1.86e-01	8.01e-01
 1.86491e+22	0.00e+00	5.83e-35	4.24e-30	7.78e-26	1.43e-21	4.78e-18	5.37e-15	1.98e-12	3.22e-10	2.75e-08	1.91e-06	1.06e-04	1.35e-02	1.92e-01	7.94e-01
 1.87640e+22	0.00e+00	8.52e-35	5.92e-30	1.03e-25	2.24e-21	7.10e-18	7.59e-15	2.66e-12	4.13e-10	3.36e-08	2.22e-06	1.18e-04	1.44e-02	1.98e-01	7.88e-01
 1.88783e+22	0.00e+00	1.54e-34	1.02e-29	1.68e-25	3.50e-21	1.05e-17	1.07e-14	3.58e-12	5.30e-10	4.11e-08	2.57e-06	1.30e-04	1.54e-02	2.04e-01	7.81e-01
 1.89921e+22	0.00e+00	0.00e+00	1.75e-29	2.74e-25	5.44e-21	1.56e-17	1.51e-14	4.81e-12	6.80e-10	5.03e-08	2.99e-06	1.45e-04	1.64e-02	2.10e-01	7.74e-01
 1.91055e+22	0.00e+00	4.96e-34	2.99e-29	4.45e-25	8.45e-21	2.31e-17	2.13e-14	6.45e-12	8.70e-10	6.14e-08	3.47e-06	1.61e-04	1.75e-02	2.16e-01	7.67e-01
 1.92188e+22	0.00e+00	0.00e+00	5.10e-29	7.21e-25	1.31e-20	3.40e-17	2.99e-14	8.64e-12	1.11e-09	7.51e-08	4.03e-06	1.79e-04	1.87e-02	2.22e-01	7.59e-01
 1.93320e+22	0.00e+00	1.58e-33	8.69e-29	1.16e-24	2.03e-20	5.01e-17	4.19e-14	1.16e-11	1.42e-09	9.17e-08	4.68e-06	1.98e-04	2.00e-02	2.28e-01	7.52e-01
 1.94453e+22	0.00e+00	2.81e-33	1.47e-28	1.88e-24	3.12e-20	7.36e-17	5.86e-14	1.55e-11	1.82e-09	1.12e-07	5.43e-06	2.20e-04	2.13e-02	2.34e-01	7.44e-01
 1.95589e+22	0.00e+00	4.99e-33	2.49e-28	3.01e-24	4.80e-20	1.08e-16	8.19e-14	2.06e-11	2.32e-09	1.37e-07	6.30e-06	2.45e-04	2.28e-02	2.41e-01	7.36e-01
 1.96730e+22	0.00e+00	8.81e-33	4.20e-28	4.82e-24	7.37e-20	1.58e-16	1.14e-13	2.75e-11	2.96e-09	1.67e-07	7.31e-06	2.72e-04	2.43e-02	2.47e-01	7.28e-01
 1.97881e+22	0.00e+00	1.55e-32	7.07e-28	7.71e-24	1.13e-19	2.31e-16	1.59e-13	3.66e-11	3.77e-09	2.03e-07	8.48e-06	3.03e-04	2.59e-02	2.54e-01	7.20e-01
 1.99043e+22	0.00e+00	0.00e+00	1.19e-27	1.23e-23	1.72e-19	3.36e-16	2.21e-13	4.87e-11	4.81e-09	2.48e-07	9.84e-06	3.36e-04	2.76e-02	2.60e-01	7.12e-01
 2.00218e+22	0.00e+00	4.80e-32	1.99e-27	1.96e-23	2.63e-19	4.90e-16	3.07e-13	6.46e-11	6.12e-09	3.02e-07	1.14e-05	3.74e-04	2.95e-02	2.67e-01	7.03e-01
 2.01410e+22	0.00e+00	8.40e-32	3.33e-27	3.11e-23	4.01e-19	7.12e-16	4.27e-13	8.58e-11	7.78e-09	3.68e-07	1.32e-05	4.16e-04	3.14e-02	2.74e-01	6.94e-01
 2.02622e+22	0.00e+00	1.47e-31	5.57e-27	4.93e-23	6.11e-19	1.03e-15	5.92e-13	1.14e-10	9.91e-09	4.48e-07	1.54e-05	4.62e-04	3.35e-02	2.81e-01	6.85e-01
 2.03858e+22	0.00e+00	2.57e-31	9.30e-27	7.82e-23	9.29e-19	1.50e-15	8.20e-13	1.51e-10	1.26e-08	5.47e-07	1.79e-05	5.15e-04	3.57e-02	2.88e-01	6.76e-01
 2.05121e+22	0.00e+00	4.50e-31	1.55e-26	1.24e-22	1.41e-18	2.18e-15	1.14e-12	2.01e-10	1.61e-08	6.67e-07	2.07e-05	5.73e-04	3.81e-02	2.95e-01	6.66e-01
 2.06358e+22	0.00e+00	7.48e-31	2.48e-26	1.88e-22	2.07e-18	3.07e-15	1.53e-12	2.60e-10	2.00e-08	8.00e-07	2.38e-05	6.32e-04	4.04e-02	3.02e-01	6.57e-01
 2.07632e+22	0.00e+00	1.31e-30	4.15e-26	2.99e-22	3.16e-18	4.46e-15	2.13e-12	3.46e-10	2.55e-08	9.79e-07	2.77e-05	7.04e-04	4.31e-02	3.09e-01	6.47e-01
 2.08925e+22	0.00e+00	1.85e-30	5.63e-26	4.51e-22	4.59e-18	6.23e-15	2.85e-12	4.46e-10	3.17e-08	1.17e-06	3.17e-05	7.76e-04	4.57e-02	3.16e-01	6.38e-01
 2.10263e+22	0.00e+00	3.27e-30	9.47e-26	7.20e-22	7.02e-18	9.10e-15	3.98e-12	5.95e-10	4.06e-08	1.44e-06	3.70e-05	8.67e-04	4.88e-02	3.24e-01	6.27e-01
 2.11624e+22	0.00e+00	5.35e-30	1.49e-25	1.08e-21	1.02e-17	1.27e-14	5.31e-12	7.65e-10	5.04e-08	1.72e-06	4.23e-05	9.54e-04	5.16e-02	3.30e-01	6.17e-01
 2.13034e+22	0.00e+00	9.48e-30	2.52e-25	1.73e-21	1.56e-17	1.86e-14	7.44e-12	1.03e-09	6.48e-08	2.11e-06	4.95e-05	1.07e-03	5.52e-02	3.38e-01	6.06e-01
 2.14471e+22	0.00e+00	1.54e-29	3.94e-25	2.58e-21	2.25e-17	2.57e-14	9.91e-12	1.32e-09	8.02e-08	2.52e-06	5.66e-05	1.17e-03	5.84e-02	3.45e-01	5.96e-01
 2.15795e+22	0.00e+00	2.46e-29	6.05e-25	3.79e-21	3.20e-17	3.52e-14	1.31e-11	1.67e-09	9.86e-08	2.99e-06	6.43e-05	1.29e-03	6.16e-02	3.51e-01	5.86e-01
 2.17302e+22	0.00e+00	4.43e-29	1.04e-24	6.14e-21	4.98e-17	5.22e-14	1.85e-11	2.26e-09	1.28e-07	3.71e-06	7.57e-05	1.45e-03	6.60e-02	3.59e-01	5.73e-01
 2.18823e+22	0.00e+00	6.96e-29	1.57e-24	8.92e-21	7.00e-17	7.08e-14	2.41e-11	2.86e-09	1.56e-07	4.38e-06	8.59e-05	1.58e-03	6.95e-02	3.65e-01	5.63e-01
 2.20364e+22	0.00e+00	1.24e-28	2.67e-24	1.43e-20	1.08e-16	1.04e-13	3.39e-11	3.84e-09	2.02e-07	5.42e-06	1.01e-04	1.77e-03	7.43e-02	3.73e-01	5.51e-01
 2.21933e+22	0.00e+00	1.94e-28	4.05e-24	2.08e-20	1.52e-16	1.41e-13	4.44e-11	4.85e-09	2.47e-07	6.40e-06	1.14e-04	1.94e-03	7.83e-02	3.79e-01	5.40e-01
 2.23538e+22	0.00e+00	3.45e-28	6.87e-24	3.33e-20	2.34e-16	2.08e-13	6.24e-11	6.54e-09	3.19e-07	7.92e-06	1.34e-04	2.17e-03	8.36e-02	3.87e-01	5.27e-01
 2.25151e+22	0.00e+00	5.34e-28	1.03e-23	4.77e-20	3.25e-16	2.80e-13	8.09e-11	8.20e-09	3.87e-07	9.31e-06	1.52e-04	2.37e-03	8.79e-02	3.93e-01	5.17e-01
 2.26771e+22	0.00e+00	9.45e-28	1.74e-23	7.64e-20	5.01e-16	4.11e-13	1.14e-10	1.10e-08	5.00e-07	1.15e-05	1.78e-04	2.65e-03	9.38e-02	4.00e-01	5.03e-01
 2.28384e+22	0.00e+00	1.41e-27	2.52e-23	1.07e-19	6.80e-16	5.40e-13	1.45e-10	1.36e-08	6.00e-07	1.34e-05	1.99e-04	2.87e-03	9.82e-02	4.05e-01	4.93e-01
 2.29986e+22	0.00e+00	2.41e-27	4.12e-23	1.66e-19	1.02e-15	7.77e-13	1.99e-10	1.80e-08	7.63e-07	1.63e-05	2.32e-04	3.19e-03	1.04e-01	4.12e-01	4.80e-01
 2.31624e+22	0.00e+00	3.71e-27	6.12e-23	2.36e-19	1.41e-15	1.04e-12	2.57e-10	2.25e-08	9.26e-07	1.92e-05	2.62e-04	3.48e-03	1.09e-01	4.17e-01	4.70e-01
 2.33312e+22	0.00e+00	6.45e-27	1.02e-22	3.72e-19	2.14e-15	1.51e-12	3.58e-10	3.01e-08	1.19e-06	2.36e-05	3.06e-04	3.88e-03	1.16e-01	4.24e-01	4.56e-01
 2.35001e+22	0.00e+00	9.75e-27	1.49e-22	5.23e-19	2.93e-15	2.00e-12	4.59e-10	3.73e-08	1.43e-06	2.76e-05	3.44e-04	4.20e-03	1.22e-01	4.28e-01	4.45e-01
 2.36693e+22	0.00e+00	1.68e-26	2.46e-22	8.18e-19	4.43e-15	2.90e-12	6.36e-10	4.97e-08	1.83e-06	3.38e-05	4.01e-04	4.68e-03	1.29e-01	4.34e-01	4.32e-01
 2.38416e+22	0.00e+00	2.58e-26	3.65e-22	1.16e-18	6.12e-15	3.87e-12	8.22e-10	6.21e-08	2.22e-06	3.97e-05	4.52e-04	5.08e-03	1.35e-01	4.38e-01	4.21e-01
 2.40179e+22	0.00e+00	4.51e-26	6.11e-22	1.84e-18	9.34e-15	5.65e-12	1.15e-09	8.32e-08	2.87e-06	4.90e-05	5.29e-04	5.67e-03	1.44e-01	4.44e-01	4.06e-01
 2.41968e+22	0.00e+00	6.98e-26	9.13e-22	2.63e-18	1.30e-14	7.60e-12	1.49e-09	1.05e-07	3.49e-06	5.77e-05	5.98e-04	6.17e-03	1.51e-01	4.48e-01	3.95e-01
 2.43523e+22	0.00e+00	1.07e-25	1.35e-21	3.72e-18	1.79e-14	1.01e-11	1.92e-09	1.31e-07	4.23e-06	6.77e-05	6.73e-04	6.69e-03	1.57e-01	4.51e-01	3.84e-01
 2.44991e+22	0.00e+00	1.57e-25	1.93e-21	5.11e-18	2.40e-14	1.32e-11	2.43e-09	1.60e-07	5.05e-06	7.84e-05	7.51e-04	7.21e-03	1.64e-01	4.54e-01	3.74e-01
 2.46613e+22	0.00e+00	2.61e-25	3.07e-21	7.73e-18	3.51e-14	1.86e-11	3.29e-09	2.09e-07	6.36e-06	9.49e-05	8.66e-04	7.94e-03	1.73e-01	4.58e-01	3.61e-01
 2.48229e+22	0.00e+00	3.85e-25	4.38e-21	1.06e-17	4.70e-14	2.41e-11	4.15e-09	2.56e-07	7.58e-06	1.10e-04	9.64e-04	8.54e-03	1.79e-01	4.60e-01	3.51e-01
 2.49837e+22	0.00e+00	6.37e-25	6.95e-21	1.59e-17	6.86e-14	3.39e-11	5.61e-09	3.33e-07	9.54e-06	1.33e-04	1.11e-03	9.40e-03	1.89e-01	4.63e-01	3.38e-01
 2.51335e+22	0.00e+00	8.73e-25	9.28e-21	2.06e-17	8.69e-14	4.20e-11	6.78e-09	3.93e-07	1.10e-05	1.49e-04	1.21e-03	9.97e-03	1.95e-01	4.64e-01	3.30e-01
 2.52473e+22	0.00e+00	1.20e-24	1.24e-20	2.65e-17	1.10e-13	5.19e-11	8.18e-09	4.64e-07	1.27e-05	1.68e-04	1.32e-03	1.06e-02	2.01e-01	4.65e-01	3.22e-01
 2.53532e+22	0.00e+00	1.60e-24	1.61e-20	3.34e-17	1.36e-13	6.29e-11	9.70e-09	5.39e-07	1.45e-05	1.87e-04	1.43e-03	1.12e-02	2.06e-01	4.66e-01	3.15e-01
 2.54707e+22	0.00e+00	2.31e-24	2.25e-20	4.50e-17	1.80e-13	8.07e-11	1.21e-08	6.54e-07	1.71e-05	2.15e-04	1.59e-03	1.19e-02	2.14e-01	4.67e-01	3.05e-01
 2.55854e+22	0.00e+00	3.04e-24	2.89e-20	5.60e-17	2.20e-13	9.69e-11	1.42e-08	7.55e-07	1.94e-05	2.39e-04	1.72e-03	1.26e-02	2.19e-01	4.68e-01	2.98e-01
 2.56963e+22	0.00e+00	4.39e-24	4.03e-20	7.49e-17	2.88e-13	1.24e-10	1.77e-08	9.14e-07	2.29e-05	2.74e-04	1.90e-03	1.34e-02	2.27e-01	4.68e-01	2.89e-01
 2.58057e+22	0.00e+00	5.64e-24	5.07e-20	9.16e-17	3.48e-13	1.47e-10	2.06e-08	1.04e-06	2.57e-05	3.01e-04	2.04e-03	1.41e-02	2.32e-01	4.69e-01	2.83e-01
 2.59130e+22	0.00e+00	8.01e-24	6.97e-20	1.21e-16	4.51e-13	1.85e-10	2.54e-08	1.25e-06	3.02e-05	3.44e-04	2.25e-03	1.50e-02	2.40e-01	4.69e-01	2.74e-01
 2.60180e+22	0.00e+00	1.03e-23	8.74e-20	1.47e-16	5.42e-13	2.19e-10	2.94e-08	1.43e-06	3.38e-05	3.78e-04	2.41e-03	1.57e-02	2.45e-01	4.68e-01	2.68e-01
 2.61201e+22	0.00e+00	1.47e-23	1.20e-19	1.94e-16	7.02e-13	2.77e-10	3.63e-08	1.72e-06	3.97e-05	4.32e-04	2.65e-03	1.67e-02	2.53e-01	4.68e-01	2.60e-01
 2.62202e+22	0.00e+00	1.86e-23	1.49e-19	2.34e-16	8.36e-13	3.24e-10	4.18e-08	1.94e-06	4.43e-05	4.72e-04	2.83e-03	1.74e-02	2.58e-01	4.67e-01	2.54e-01
 2.63180e+22	0.00e+00	2.57e-23	2.00e-19	3.02e-16	1.06e-12	4.03e-10	5.07e-08	2.31e-06	5.14e-05	5.34e-04	3.10e-03	1.85e-02	2.65e-01	4.66e-01	2.46e-01
 2.64182e+22	0.00e+00	3.37e-23	2.55e-19	3.72e-16	1.29e-12	4.81e-10	5.95e-08	2.66e-06	5.82e-05	5.92e-04	3.34e-03	1.94e-02	2.72e-01	4.66e-01	2.40e-01
 2.65034e+22	0.00e+00	4.25e-23	3.14e-19	4.46e-16	1.53e-12	5.61e-10	6.83e-08	3.00e-06	6.47e-05	6.46e-04	3.56e-03	2.02e-02	2.77e-01	4.65e-01	2.34e-01
 2.65958e+22	0.00e+00	5.96e-23	4.24e-19	5.77e-16	1.95e-12	7.01e-10	8.34e-08	3.58e-06	7.55e-05	7.34e-04	3.91e-03	2.14e-02	2.85e-01	4.63e-01	2.26e-01
 2.66851e+22	0.00e+00	7.38e-23	5.14e-19	6.80e-16	2.28e-12	8.08e-10	9.48e-08	4.00e-06	8.33e-05	7.96e-04	4.15e-03	2.23e-02	2.90e-01	4.62e-01	2.21e-01
 2.67703e+22	0.00e+00	9.93e-23	6.70e-19	8.53e-16	2.82e-12	9.83e-10	1.13e-07	4.68e-06	9.55e-05	8.91e-04	4.50e-03	2.34e-02	2.97e-01	4.60e-01	2.14e-01
 2.68585e+22	0.00e+00	1.28e-22	8.37e-19	1.03e-15	3.38e-12	1.16e-09	1.31e-07	5.34e-06	1.07e-04	9.80e-04	4.83e-03	2.45e-02	3.03e-01	4.58e-01	2.09e-01
 2.69507e+22	0.00e+00	1.79e-22	1.13e-18	1.33e-15	4.30e-12	1.45e-09	1.60e-07	6.37e-06	1.25e-04	1.11e-03	5.30e-03	2.60e-02	3.11e-01	4.56e-01	2.01e-01
 2.70414e+22	1.46e-35	2.26e-22	1.39e-18	1.59e-15	5.09e-12	1.69e-09	1.84e-07	7.21e-06	1.40e-04	1.22e-03	5.65e-03	2.70e-02	3.16e-01	4.54e-01	1.96e-01
 2.71302e+22	2.20e-35	3.13e-22	1.85e-18	2.02e-15	6.42e-12	2.09e-09	2.24e-07	8.57e-06	1.63e-04	1.38e-03	6.19e-03	2.86e-02	3.24e-01	4.51e-01	1.89e-01
 2.72202e+22	3.05e-35	4.06e-22	2.33e-18	2.45e-15	7.71e-12	2.48e-09	2.61e-07	9.82e-06	1.83e-04	1.52e-03	6.65e-03	2.99e-02	3.31e-01	4.48e-01	1.83e-01
 2.73118e+22	4.71e-35	5.73e-22	3.15e-18	3.14e-15	9.83e-12	3.11e-09	3.21e-07	1.18e-05	2.15e-04	1.74e-03	7.31e-03	3.16e-02	3.39e-01	4.44e-01	1.76e-01
 2.74009e+22	6.43e-35	7.33e-22	3.90e-18	3.76e-15	1.17e-11	3.65e-09	3.72e-07	1.34e-05	2.41e-04	1.91e-03	7.83e-03	3.30e-02	3.45e-01	4.41e-01	1.71e-01
 2.74865e+22	9.77e-35	1.02e-21	5.20e-18	4.77e-15	1.47e-11	4.53e-09	4.53e-07	1.60e-05	2.82e-04	2.17e-03	8.58e-03	3.49e-02	3.53e-01	4.37e-01	1.64e-01
 2.75732e+22	1.36e-34	1.32e-21	6.52e-18	5.75e-15	1.77e-11	5.37e-09	5.30e-07	1.84e-05	3.18e-04	2.40e-03	9.22e-03	3.64e-02	3.59e-01	4.34e-01	1.58e-01
 2.76477e+22	1.87e-34	1.70e-21	8.10e-18	6.87e-15	2.11e-11	6.34e-09	6.16e-07	2.11e-05	3.59e-04	2.64e-03	9.88e-03	3.80e-02	3.66e-01	4.30e-01	1.53e-01
 2.77205e+22	2.58e-34	2.19e-21	1.01e-17	8.21e-15	2.51e-11	7.48e-09	7.18e-07	2.41e-05	4.04e-04	2.92e-03	1.06e-02	3.96e-02	3.72e-01	4.26e-01	1.48e-01
 2.78042e+22	3.95e-34	3.05e-21	1.34e-17	1.04e-14	3.16e-11	9.31e-09	8.79e-07	2.89e-05	4.73e-04	3.32e-03	1.16e-02	4.18e-02	3.80e-01	4.21e-01	1.42e-01
 2.78870e+22	5.44e-34	3.92e-21	1.66e-17	1.23e-14	3.76e-11	1.10e-08	1.02e-06	3.31e-05	5.33e-04	3.66e-03	1.25e-02	4.35e-02	3.86e-01	4.17e-01	1.37e-01
 2.79687e+22	8.35e-34	5.48e-21	2.21e-17	1.55e-14	4.74e-11	1.37e-08	1.26e-06	3.97e-05	6.26e-04	4.17e-03	1.37e-02	4.60e-02	3.94e-01	4.11e-01	1.30e-01
 2.80504e+22	1.12e-33	6.92e-21	2.70e-17	1.82e-14	5.58e-11	1.60e-08	1.45e-06	4.51e-05	6.99e-04	4.56e-03	1.46e-02	4.77e-02	3.99e-01	4.07e-01	1.26e-01
 2.81321e+22	1.69e-33	9.51e-21	3.53e-17	2.25e-14	6.95e-11	1.97e-08	1.77e-06	5.37e-05	8.15e-04	5.17e-03	1.60e-02	5.03e-02	4.07e-01	4.01e-01	1.20e-01
 2.82169e+22	2.36e-33	1.24e-20	4.41e-17	2.69e-14	8.33e-11	2.35e-08	2.08e-06	6.21e-05	9.25e-04	5.72e-03	1.72e-02	5.24e-02	4.13e-01	3.95e-01	1.15e-01
 2.82932e+22	3.27e-33	1.60e-20	5.48e-17	3.19e-14	9.94e-11	2.79e-08	2.44e-06	7.15e-05	1.05e-03	6.33e-03	1.85e-02	5.46e-02	4.19e-01	3.90e-01	1.11e-01
 2.83772e+22	4.88e-33	2.19e-20	7.13e-17	3.92e-14	1.23e-10	3.44e-08	2.97e-06	8.52e-05	1.22e-03	7.15e-03	2.01e-02	5.74e-02	4.26e-01	3.83e-01	1.05e-01
 2.84621e+22	6.76e-33	2.82e-20	8.83e-17	4.64e-14	1.47e-10	4.09e-08	3.49e-06	9.83e-05	1.38e-03	7.90e-03	2.16e-02	5.97e-02	4.31e-01	3.77e-01	1.01e-01
 2.85470e+22	1.00e-32	3.83e-20	1.14e-16	5.66e-14	1.82e-10	5.03e-08	4.24e-06	1.17e-04	1.60e-03	8.91e-03	2.35e-02	6.26e-02	4.38e-01	3.70e-01	9.55e-02
 2.86336e+22	1.39e-32	4.97e-20	1.42e-16	6.70e-14	2.18e-10	5.99e-08	5.00e-06	1.35e-04	1.82e-03	9.86e-03	2.53e-02	6.52e-02	4.43e-01	3.64e-01	9.12e-02
 2.87199e+22	2.03e-32	6.67e-20	1.81e-16	8.08e-14	2.66e-10	7.32e-08	6.04e-06	1.60e-04	2.10e-03	1.11e-02	2.75e-02	6.82e-02	4.49e-01	3.56e-01	8.64e-02
 2.88076e+22	2.83e-32	8.64e-20	2.24e-16	9.53e-14	3.19e-10	8.73e-08	7.13e-06	1.85e-04	2.38e-03	1.22e-02	2.95e-02	7.09e-02	4.53e-01	3.49e-01	8.23e-02
 2.88958e+22	4.05e-32	1.15e-19	2.83e-16	1.14e-13	3.88e-10	1.06e-07	8.56e-06	2.17e-04	2.73e-03	1.37e-02	3.19e-02	7.40e-02	4.58e-01	3.41e-01	7.79e-02
 2.89837e+22	5.53e-32	1.46e-19	3.46e-16	1.33e-13	4.59e-10	1.25e-07	1.00e-05	2.50e-04	3.08e-03	1.50e-02	3.41e-02	7.67e-02	4.62e-01	3.35e-01	7.42e-02
 2.90740e+22	7.94e-32	1.94e-19	4.37e-16	1.58e-13	5.58e-10	1.52e-07	1.20e-05	2.94e-04	3.53e-03	1.68e-02	3.68e-02	7.99e-02	4.66e-01	3.26e-01	6.99e-02
 2.91655e+22	1.07e-31	2.47e-19	5.32e-16	1.84e-13	6.58e-10	1.79e-07	1.41e-05	3.37e-04	3.97e-03	1.84e-02	3.93e-02	8.27e-02	4.70e-01	3.19e-01	6.65e-02
 2.92591e+22	1.53e-31	3.26e-19	6.69e-16	2.18e-13	7.99e-10	2.17e-07	1.69e-05	3.96e-04	4.55e-03	2.05e-02	4.24e-02	8.61e-02	4.73e-01	3.10e-01	6.25e-02
 2.93553e+22	2.07e-31	4.14e-19	8.13e-16	2.53e-13	9.42e-10	2.56e-07	1.97e-05	4.55e-04	5.10e-03	2.25e-02	4.52e-02	8.90e-02	4.76e-01	3.03e-01	5.93e-02
 2.94542e+22	2.94e-31	5.45e-19	1.02e-15	3.00e-13	1.14e-09	3.10e-07	2.36e-05	5.33e-04	5.83e-03	2.50e-02	4.86e-02	9.24e-02	4.78e-01	2.94e-01	5.56e-02
 2.95561e+22	3.97e-31	6.93e-19	1.24e-15	3.47e-13	1.34e-09	3.65e-07	2.76e-05	6.12e-04	6.54e-03	2.73e-02	5.17e-02	9.54e-02	4.80e-01	2.86e-01	5.25e-02
 2.96618e+22	5.63e-31	9.15e-19	1.56e-15	4.12e-13	1.63e-09	4.42e-07	3.31e-05	7.18e-04	7.48e-03	3.03e-02	5.56e-02	9.89e-02	4.81e-01	2.77e-01	4.90e-02
 2.97705e+22	7.60e-31	1.16e-18	1.89e-15	4.77e-13	1.92e-09	5.21e-07	3.86e-05	8.23e-04	8.38e-03	3.31e-02	5.90e-02	1.02e-01	4.82e-01	2.69e-01	4.61e-02
 2.98835e+22	1.08e-30	1.53e-18	2.38e-15	5.66e-13	2.33e-09	6.31e-07	4.62e-05	9.65e-04	9.55e-03	3.67e-02	6.33e-02	1.05e-01	4.82e-01	2.59e-01	4.29e-02
 2.99997e+22	1.45e-30	1.94e-18	2.89e-15	6.55e-13	2.74e-09	7.42e-07	5.38e-05	1.10e-03	1.07e-02	4.00e-02	6.70e-02	1.08e-01	4.82e-01	2.51e-01	4.03e-02
 3.01228e+22	2.08e-30	2.60e-18	3.67e-15	7.85e-13	3.34e-09	9.05e-07	6.49e-05	1.30e-03	1.22e-02	4.44e-02	7.19e-02	1.12e-01	4.80e-01	2.41e-01	3.72e-02
 3.02466e+22	2.76e-30	3.27e-18	4.42e-15	9.04e-13	3.90e-09	1.06e-06	7.50e-05	1.48e-03	1.35e-02	4.81e-02	7.58e-02	1.15e-01	4.79e-01	2.33e-01	3.49e-02
 3.03729e+22	3.93e-30	4.35e-18	5.60e-15	1.08e-12	4.74e-09	1.28e-06	9.00e-05	1.74e-03	1.54e-02	5.31e-02	8.10e-02	1.18e-01	4.76e-01	2.22e-01	3.21e-02
 3.05020e+22	5.21e-30	5.47e-18	6.76e-15	1.25e-12	5.53e-09	1.49e-06	1.04e-04	1.97e-03	1.71e-02	5.74e-02	8.52e-02	1.21e-01	4.73e-01	2.14e-01	3.00e-02
 3.06138e+22	6.72e-30	6.73e-18	8.03e-15	1.42e-12	6.36e-09	1.71e-06	1.18e-04	2.20e-03	1.87e-02	6.15e-02	8.91e-02	1.23e-01	4.70e-01	2.07e-01	2.82e-02
 3.07378e+22	9.33e-30	8.79e-18	1.00e-14	1.68e-12	7.59e-09	2.04e-06	1.40e-04	2.55e-03	2.11e-02	6.72e-02	9.43e-02	1.26e-01	4.65e-01	1.97e-01	2.59e-02
 3.08629e+22	1.20e-29	1.08e-17	1.18e-14	1.91e-12	8.69e-09	2.33e-06	1.58e-04	2.84e-03	2.30e-02	7.17e-02	9.82e-02	1.28e-01	4.61e-01	1.90e-01	2.43e-02
 3.09892e+22	1.65e-29	1.40e-17	1.47e-14	2.25e-12	1.03e-08	2.76e-06	1.85e-04	3.27e-03	2.57e-02	7.80e-02	1.03e-01	1.31e-01	4.55e-01	1.81e-01	2.23e-02
 3.11178e+22	2.11e-29	1.71e-17	1.74e-14	2.56e-12	1.18e-08	3.15e-06	2.09e-04	3.64e-03	2.80e-02	8.30e-02	1.08e-01	1.33e-01	4.50e-01	1.74e-01	2.08e-02
 3.12316e+22	2.69e-29	2.10e-17	2.06e-14	2.91e-12	1.34e-08	3.57e-06	2.36e-04	4.04e-03	3.04e-02	8.82e-02	1.12e-01	1.34e-01	4.45e-01	1.67e-01	1.95e-02
 3.13619e+22	3.66e-29	2.70e-17	2.54e-14	3.42e-12	1.58e-08	4.19e-06	2.74e-04	4.60e-03	3.36e-02	9.50e-02	1.17e-01	1.36e-01	4.37e-01	1.59e-01	1.78e-02
 3.14931e+22	4.65e-29	3.29e-17	3.00e-14	3.89e-12	1.79e-08	4.75e-06	3.08e-04	5.10e-03	3.64e-02	1.01e-01	1.21e-01	1.38e-01	4.31e-01	1.52e-01	1.66e-02
 3.16254e+22	6.34e-29	4.25e-17	3.71e-14	4.57e-12	2.10e-08	5.56e-06	3.57e-04	5.80e-03	4.03e-02	1.08e-01	1.26e-01	1.39e-01	4.22e-01	1.43e-01	1.51e-02
 3.17579e+22	7.95e-29	5.14e-17	4.36e-14	5.19e-12	2.37e-08	6.24e-06	3.97e-04	6.37e-03	4.33e-02	1.14e-01	1.29e-01	1.40e-01	4.15e-01	1.37e-01	1.41e-02
 3.18907e+22	1.07e-28	6.60e-17	5.36e-14	6.08e-12	2.77e-08	7.26e-06	4.58e-04	7.20e-03	4.76e-02	1.22e-01	1.34e-01	1.41e-01	4.05e-01	1.29e-01	1.28e-02
 3.20259e+22	1.35e-28	8.00e-17	6.32e-14	6.92e-12	3.12e-08	8.16e-06	5.09e-04	7.90e-03	5.11e-02	1.28e-01	1.38e-01	1.42e-01	3.97e-01	1.24e-01	1.19e-02
 3.21643e+22	1.83e-28	1.03e-16	7.81e-14	8.15e-12	3.64e-08	9.47e-06	5.86e-04	8.92e-03	5.60e-02	1.36e-01	1.43e-01	1.42e-01	3.86e-01	1.16e-01	1.08e-02
 3.23052e+22	2.30e-28	1.25e-16	9.22e-14	9.30e-12	4.11e-08	1.06e-05	6.52e-04	9.78e-03	6.00e-02	1.43e-01	1.46e-01	1.43e-01	3.78e-01	1.10e-01	1.00e-02
 3.24286e+22	2.88e-28	1.52e-16	1.08e-13	1.05e-11	4.61e-08	1.19e-05	7.22e-04	1.07e-02	6.41e-02	1.50e-01	1.49e-01	1.43e-01	3.69e-01	1.05e-01	9.25e-03
 3.25683e+22	3.86e-28	1.94e-16	1.33e-13	1.24e-11	5.34e-08	1.37e-05	8.22e-04	1.20e-02	6.97e-02	1.58e-01	1.53e-01	1.42e-01	3.57e-01	9.79e-02	8.35e-03
 3.27075e+22	4.76e-28	2.32e-16	1.56e-13	1.40e-11	5.97e-08	1.52e-05	9.04e-04	1.29e-02	7.39e-02	1.65e-01	1.56e-01	1.42e-01	3.49e-01	9.32e-02	7.76e-03
 3.28464e+22	6.33e-28	2.95e-16	1.91e-13	1.64e-11	6.87e-08	1.74e-05	1.02e-03	1.44e-02	8.00e-02	1.73e-01	1.59e-01	1.41e-01	3.37e-01	8.69e-02	6.98e-03
 3.29871e+22	7.83e-28	3.53e-16	2.23e-13	1.87e-11	7.68e-08	1.93e-05	1.12e-03	1.56e-02	8.47e-02	1.80e-01	1.62e-01	1.40e-01	3.28e-01	8.25e-02	6.46e-03
 3.31303e+22	1.03e-27	4.47e-16	2.73e-13	2.19e-11	8.83e-08	2.20e-05	1.27e-03	1.73e-02	9.12e-02	1.88e-01	1.65e-01	1.39e-01	3.16e-01	7.67e-02	5.82e-03
 3.32783e+22	1.30e-27	5.43e-16	3.23e-13	2.51e-11	9.93e-08	2.46e-05	1.40e-03	1.87e-02	9.67e-02	1.95e-01	1.67e-01	1.38e-01	3.06e-01	7.23e-02	5.34e-03
 3.34327e+22	1.75e-27	6.98e-16	4.00e-13	2.98e-11	1.15e-07	2.82e-05	1.58e-03	2.08e-02	1.04e-01	2.04e-01	1.69e-01	1.36e-01	2.92e-01	6.67e-02	4.75e-03
 3.35895e+22	2.20e-27	8.48e-16	4.75e-13	3.42e-11	1.29e-07	3.14e-05	1.74e-03	2.26e-02	1.10e-01	2.11e-01	1.71e-01	1.34e-01	2.82e-01	6.26e-02	4.34e-03
 3.37495e+22	2.95e-27	1.09e-15	5.89e-13	4.06e-11	1.50e-07	3.60e-05	1.97e-03	2.50e-02	1.18e-01	2.20e-01	1.72e-01	1.32e-01	2.69e-01	5.76e-02	3.85e-03
 3.39149e+22	3.76e-27	1.34e-15	7.06e-13	4.71e-11	1.70e-07	4.03e-05	2.18e-03	2.71e-02	1.25e-01	2.27e-01	1.73e-01	1.30e-01	2.58e-01	5.37e-02	3.48e-03
 3.40874e+22	5.14e-27	1.74e-15	8.87e-13	5.66e-11	1.98e-07	4.64e-05	2.47e-03	3.00e-02	1.34e-01	2.36e-01	1.74e-01	1.27e-01	2.44e-01	4.89e-02	3.05e-03
 3.42655e+22	6.63e-27	2.16e-15	1.07e-12	6.61e-11	2.25e-07	5.22e-05	2.73e-03	3.26e-02	1.42e-01	2.43e-01	1.75e-01	1.24e-01	2.33e-01	4.52e-02	2.74e-03
 3.44507e+22	9.22e-27	2.86e-15	1.37e-12	8.03e-11	2.64e-07	6.04e-05	3.11e-03	3.63e-02	1.52e-01	2.52e-01	1.75e-01	1.20e-01	2.19e-01	4.07e-02	2.37e-03
 3.46365e+22	1.18e-26	3.53e-15	1.65e-12	9.36e-11	3.00e-07	6.77e-05	3.43e-03	3.92e-02	1.60e-01	2.58e-01	1.74e-01	1.17e-01	2.08e-01	3.75e-02	2.12e-03
 3.48230e+22	1.63e-26	4.63e-15	2.09e-12	1.13e-10	3.50e-07	7.79e-05	3.87e-03	4.33e-02	1.70e-01	2.66e-01	1.73e-01	1.13e-01	1.94e-01	3.37e-02	1.82e-03
 3.50175e+22	2.14e-26	5.82e-15	2.56e-12	1.34e-10	4.01e-07	8.79e-05	4.29e-03	4.69e-02	1.79e-01	2.72e-01	1.72e-01	1.10e-01	1.83e-01	3.07e-02	1.61e-03
 3.52225e+22	3.05e-26	7.87e-15	3.32e-12	1.64e-10	4.73e-07	1.02e-04	4.89e-03	5.22e-02	1.91e-01	2.79e-01	1.70e-01	1.05e-01	1.69e-01	2.70e-02	1.35e-03
 3.54274e+22	3.95e-26	9.82e-15	4.03e-12	1.93e-10	5.39e-07	1.14e-04	5.39e-03	5.63e-02	2.00e-01	2.84e-01	1.68e-01	1.01e-01	1.58e-01	2.45e-02	1.19e-03
 3.56322e+22	5.60e-26	1.32e-14	5.21e-12	2.36e-10	6.32e-07	1.32e-04	6.11e-03	6.22e-02	2.13e-01	2.90e-01	1.65e-01	9.64e-02	1.45e-01	2.15e-02	9.94e-04
 3.58401e+22	7.33e-26	1.67e-14	6.36e-12	2.78e-10	7.18e-07	1.48e-04	6.73e-03	6.70e-02	2.22e-01	2.94e-01	1.62e-01	9.24e-02	1.35e-01	1.93e-02	8.63e-04
 3.60153e+22	9.34e-26	2.06e-14	7.62e-12	3.21e-10	8.03e-07	1.63e-04	7.33e-03	7.17e-02	2.31e-01	2.97e-01	1.59e-01	8.88e-02	1.27e-01	1.75e-02	7.57e-04
 3.62065e+22	1.28e-25	2.71e-14	9.64e-12	3.85e-10	9.25e-07	1.86e-04	8.18e-03	7.82e-02	2.42e-01	3.01e-01	1.55e-01	8.41e-02	1.16e-01	1.53e-02	6.34e-04
 3.63969e+22	1.63e-25	3.34e-14	1.15e-11	4.43e-10	1.03e-06	2.04e-04	8.87e-03	8.33e-02	2.50e-01	3.03e-01	1.52e-01	8.06e-02	1.08e-01	1.38e-02	5.54e-04
 3.65864e+22	2.22e-25	4.40e-14	1.45e-11	5.31e-10	1.18e-06	2.30e-04	9.86e-03	9.05e-02	2.61e-01	3.05e-01	1.47e-01	7.59e-02	9.79e-02	1.20e-02	4.60e-04
 3.67773e+22	2.85e-25	5.45e-14	1.74e-11	6.11e-10	1.31e-06	2.53e-04	1.07e-02	9.64e-02	2.70e-01	3.05e-01	1.43e-01	7.23e-02	9.07e-02	1.07e-02	3.99e-04
 3.69701e+22	3.91e-25	7.26e-14	2.20e-11	7.32e-10	1.50e-06	2.85e-04	1.19e-02	1.05e-01	2.81e-01	3.06e-01	1.38e-01	6.77e-02	8.17e-02	9.22e-03	3.27e-04
 3.71641e+22	4.96e-25	9.03e-14	2.64e-11	8.43e-10	1.66e-06	3.13e-04	1.28e-02	1.11e-01	2.89e-01	3.05e-01	1.34e-01	6.42e-02	7.52e-02	8.20e-03	2.81e-04
 3.73595e+22	6.79e-25	1.21e-13	3.35e-11	1.01e-09	1.89e-06	3.52e-04	1.42e-02	1.21e-01	2.99e-01	3.04e-01	1.28e-01	5.97e-02	6.72e-02	6.97e-03	2.27e-04
 3.75574e+22	8.69e-25	1.53e-13	4.05e-11	1.17e-09	2.10e-06	3.86e-04	1.54e-02	1.28e-01	3.07e-01	3.02e-01	1.23e-01	5.63e-02	6.13e-02	6.12e-03	1.92e-04
 3.77584e+22	1.20e-24	2.09e-13	5.20e-11	1.42e-09	2.40e-06	4.34e-04	1.70e-02	1.39e-01	3.18e-01	2.98e-01	1.16e-01	5.19e-02	5.41e-02	5.12e-03	1.53e-04
 3.79615e+22	1.54e-24	2.67e-13	6.33e-11	1.65e-09	2.67e-06	4.76e-04	1.85e-02	1.48e-01	3.25e-01	2.95e-01	1.11e-01	4.85e-02	4.89e-02	4.45e-03	1.27e-04
 3.81663e+22	2.12e-24	3.71e-13	8.20e-11	2.00e-09	3.06e-06	5.37e-04	2.04e-02	1.60e-01	3.34e-01	2.90e-01	1.04e-01	4.44e-02	4.26e-02	3.68e-03	9.98e-05
 3.83606e+22	2.64e-24	4.63e-13	9.80e-11	2.30e-09	3.37e-06	5.83e-04	2.19e-02	1.69e-01	3.40e-01	2.85e-01	9.94e-02	4.17e-02	3.88e-02	3.22e-03	8.44e-05
 3.85422e+22	3.52e-24	6.27e-13	1.24e-10	2.76e-09	3.82e-06	6.49e-04	2.40e-02	1.81e-01	3.47e-01	2.79e-01	9.31e-02	3.83e-02	3.41e-02	2.69e-03	6.70e-05
 3.87275e+22	4.42e-24	8.00e-13	1.51e-10	3.20e-09	4.23e-06	7.09e-04	2.58e-02	1.92e-01	3.52e-01	2.73e-01	8.81e-02	3.56e-02	3.06e-02	2.33e-03	5.57e-05
 3.89089e+22	5.78e-24	1.08e-12	1.91e-10	3.85e-09	4.81e-06	7.88e-04	2.82e-02	2.05e-01	3.58e-01	2.65e-01	8.21e-02	3.26e-02	2.68e-02	1.94e-03	4.42e-05
 3.90945e+22	7.31e-24	1.42e-12	2.35e-10	4.54e-09	5.39e-06	8.66e-04	3.04e-02	2.17e-01	3.62e-01	2.57e-01	7.69e-02	3.01e-02	2.38e-02	1.65e-03	3.60e-05
 3.92723e+22	9.34e-24	1.89e-12	2.94e-10	5.43e-09	6.10e-06	9.58e-04	3.29e-02	2.30e-01	3.65e-01	2.49e-01	7.16e-02	2.76e-02	2.09e-02	1.38e-03	2.89e-05
 3.94519e+22	1.19e-23	2.51e-12	3.67e-10	6.48e-09	6.91e-06	1.06e-03	3.56e-02	2.44e-01	3.68e-01	2.40e-01	6.65e-02	2.53e-02	1.84e-02	1.16e-03	2.32e-05
 3.96276e+22	1.50e-23	3.32e-12	4.57e-10	7.76e-09	7.84e-06	1.17e-03	3.85e-02	2.57e-01	3.69e-01	2.31e-01	6.17e-02	2.32e-02	1.62e-02	9.77e-04	1.86e-05
 3.98007e+22	1.89e-23	4.40e-12	5.70e-10	9.29e-09	8.91e-06	1.29e-03	4.15e-02	2.71e-01	3.70e-01	2.22e-01	5.71e-02	2.12e-02	1.42e-02	8.20e-04	1.50e-05
 3.99720e+22	2.37e-23	5.82e-12	7.10e-10	1.12e-08	1.02e-05	1.43e-03	4.47e-02	2.86e-01	3.70e-01	2.13e-01	5.27e-02	1.93e-02	1.24e-02	6.87e-04	1.20e-05
 4.01424e+22	2.98e-23	7.71e-12	8.86e-10	1.34e-08	1.16e-05	1.58e-03	4.82e-02	3.00e-01	3.69e-01	2.03e-01	4.85e-02	1.76e-02	1.09e-02	5.75e-04	9.64e-06
 4.03127e+22	3.74e-23	1.02e-11	1.11e-09	1.62e-08	1.33e-05	1.75e-03	5.18e-02	3.15e-01	3.67e-01	1.94e-01	4.45e-02	1.60e-02	9.49e-03	4.80e-04	7.71e-06
 4.04835e+22	4.71e-23	1.35e-11	1.39e-09	1.96e-08	1.52e-05	1.94e-03	5.58e-02	3.29e-01	3.65e-01	1.84e-01	4.08e-02	1.45e-02	8.26e-03	4.00e-04	6.15e-06
 4.06554e+22	5.94e-23	1.80e-11	1.74e-09	2.38e-08	1.75e-05	2.15e-03	6.00e-02	3.44e-01	3.61e-01	1.75e-01	3.72e-02	1.31e-02	7.17e-03	3.32e-04	4.89e-06
 4.08293e+22	7.52e-23	2.38e-11	2.18e-09	2.90e-08	2.02e-05	2.39e-03	6.45e-02	3.59e-01	3.57e-01	1.65e-01	3.39e-02	1.19e-02	6.20e-03	2.75e-04	3.87e-06
 4.10058e+22	9.57e-23	3.17e-11	2.74e-09	3.54e-08	2.34e-05	2.65e-03	6.93e-02	3.74e-01	3.52e-01	1.55e-01	3.08e-02	1.07e-02	5.34e-03	2.27e-04	3.05e-06
 4.11855e+22	1.22e-22	4.22e-11	3.46e-09	4.34e-08	2.71e-05	2.95e-03	7.44e-02	3.89e-01	3.46e-01	1.46e-01	2.78e-02	9.56e-03	4.59e-03	1.86e-04	2.40e-06
 4.13659e+22	1.57e-22	5.57e-11	4.35e-09	5.31e-08	3.13e-05	3.27e-03	7.97e-02	4.03e-01	3.39e-01	1.37e-01	2.51e-02	8.57e-03	3.94e-03	1.53e-04	1.89e-06
 4.15505e+22	1.79e-22	7.45e-11	5.51e-09	6.56e-08	3.65e-05	3.65e-03	8.55e-02	4.18e-01	3.31e-01	1.28e-01	2.26e-02	7.62e-03	3.36e-03	1.24e-04	1.46e-06
 4.17366e+22	2.30e-22	9.77e-11	6.90e-09	8.01e-08	4.22e-05	4.04e-03	9.14e-02	4.32e-01	3.23e-01	1.19e-01	2.03e-02	6.81e-03	2.88e-03	1.02e-04	1.15e-06
 4.19278e+22	3.05e-22	1.31e-10	8.80e-09	9.96e-08	4.94e-05	4.51e-03	9.80e-02	4.46e-01	3.14e-01	1.11e-01	1.81e-02	6.01e-03	2.43e-03	8.19e-05	8.81e-07
 4.21073e+22	3.81e-22	1.64e-10	1.06e-08	1.18e-07	5.59e-05	4.91e-03	1.03e-01	4.56e-01	3.07e-01	1.04e-01	1.65e-02	5.44e-03	2.12e-03	6.89e-05	7.15e-07
 4.22899e+22	5.12e-22	2.21e-10	1.36e-08	1.48e-07	6.57e-05	5.49e-03	1.11e-01	4.70e-01	2.97e-01	9.60e-02	1.47e-02	4.76e-03	1.77e-03	5.49e-05	5.42e-07
 4.24746e+22	6.41e-22	2.74e-10	1.64e-08	1.74e-07	7.41e-05	5.96e-03	1.16e-01	4.79e-01	2.89e-01	9.03e-02	1.34e-02	4.31e-03	1.55e-03	4.63e-05	4.41e-07
 4.26622e+22	8.68e-22	3.66e-10	2.09e-08	2.18e-07	8.70e-05	6.64e-03	1.24e-01	4.91e-01	2.78e-01	8.29e-02	1.18e-02	3.76e-03	1.29e-03	3.67e-05	3.33e-07
 4.28543e+22	1.10e-21	4.56e-10	2.53e-08	2.59e-07	9.84e-05	7.22e-03	1.31e-01	4.99e-01	2.70e-01	7.76e-02	1.07e-02	3.38e-03	1.12e-03	3.07e-05	2.68e-07
 4.30523e+22	1.51e-21	6.10e-10	3.25e-08	3.26e-07	1.16e-04	8.06e-03	1.39e-01	5.10e-01	2.59e-01	7.08e-02	9.39e-03	2.92e-03	9.27e-04	2.41e-05	2.00e-07
 4.32529e+22	1.93e-21	7.58e-10	3.92e-08	3.87e-07	1.31e-04	8.75e-03	1.46e-01	5.17e-01	2.50e-01	6.61e-02	8.50e-03	2.62e-03	8.02e-04	2.01e-05	1.60e-07
 4.34569e+22	2.66e-21	1.01e-09	5.02e-08	4.86e-07	1.54e-04	9.75e-03	1.55e-01	5.26e-01	2.39e-01	6.01e-02	7.43e-03	2.26e-03	6.60e-04	1.57e-05	1.19e-07
 4.36628e+22	3.39e-21	1.24e-09	6.05e-08	5.75e-07	1.75e-04	1.06e-02	1.63e-01	5.31e-01	2.30e-01	5.60e-02	6.71e-03	2.02e-03	5.69e-04	1.30e-05	0.00e+00
 4.38710e+22	4.67e-21	1.64e-09	7.72e-08	7.21e-07	2.05e-04	1.18e-02	1.72e-01	5.38e-01	2.19e-01	5.08e-02	5.85e-03	1.73e-03	4.67e-04	1.01e-05	0.00e+00
 4.40815e+22	5.98e-21	2.02e-09	9.29e-08	8.54e-07	2.32e-04	1.27e-02	1.80e-01	5.43e-01	2.10e-01	4.72e-02	5.27e-03	1.54e-03	4.02e-04	8.39e-06	0.00e+00
 4.42952e+22	8.24e-21	2.66e-09	1.18e-07	1.07e-06	2.72e-04	1.41e-02	1.90e-01	5.47e-01	1.99e-01	4.27e-02	4.59e-03	1.32e-03	3.29e-04	6.52e-06	0.00e+00
 4.45124e+22	1.06e-20	3.27e-09	1.43e-07	1.27e-06	3.08e-04	1.53e-02	1.98e-01	5.50e-01	1.91e-01	3.95e-02	4.12e-03	1.17e-03	2.82e-04	5.36e-06	0.00e+00
 4.47342e+22	1.46e-20	4.29e-09	1.82e-07	1.59e-06	3.61e-04	1.69e-02	2.09e-01	5.53e-01	1.80e-01	3.56e-02	3.57e-03	9.99e-04	2.29e-04	4.14e-06	0.00e+00
 4.49604e+22	1.89e-20	5.30e-09	2.21e-07	1.90e-06	4.10e-04	1.84e-02	2.18e-01	5.55e-01	1.72e-01	3.29e-02	3.19e-03	8.81e-04	1.95e-04	3.38e-06	0.00e+00
 4.51923e+22	2.63e-20	6.96e-09	2.83e-07	2.40e-06	4.83e-04	2.04e-02	2.29e-01	5.56e-01	1.61e-01	2.95e-02	2.75e-03	7.46e-04	1.57e-04	2.58e-06	0.00e+00
 4.54293e+22	3.42e-20	8.62e-09	3.44e-07	2.88e-06	5.49e-04	2.21e-02	2.39e-01	5.55e-01	1.53e-01	2.71e-02	2.44e-03	6.54e-04	1.33e-04	2.09e-06	0.00e+00
 4.56291e+22	4.30e-20	1.04e-08	4.08e-07	3.37e-06	6.13e-04	2.37e-02	2.47e-01	5.55e-01	1.46e-01	2.51e-02	2.21e-03	5.82e-04	1.15e-04	1.74e-06	0.00e+00
 4.58449e+22	5.79e-20	1.32e-08	5.11e-07	4.16e-06	7.11e-04	2.60e-02	2.58e-01	5.53e-01	1.37e-01	2.27e-02	1.92e-03	4.99e-04	9.41e-05	1.36e-06	0.00e+00
 4.60623e+22	7.27e-20	1.60e-08	6.07e-07	4.88e-06	7.96e-04	2.78e-02	2.66e-01	5.51e-01	1.31e-01	2.10e-02	1.73e-03	4.43e-04	8.09e-05	1.12e-06	0.00e+00
 4.62530e+22	9.12e-20	1.92e-08	7.21e-07	5.73e-06	8.90e-04	2.98e-02	2.75e-01	5.49e-01	1.25e-01	1.94e-02	1.55e-03	3.93e-04	6.95e-05	9.27e-07	0.00e+00
 4.64720e+22	1.22e-19	2.43e-08	8.99e-07	7.05e-06	1.03e-03	3.26e-02	2.86e-01	5.45e-01	1.17e-01	1.75e-02	1.35e-03	3.36e-04	5.70e-05	7.23e-07	0.00e+00
 4.66895e+22	1.52e-19	2.88e-08	1.06e-06	8.16e-06	1.14e-03	3.47e-02	2.94e-01	5.41e-01	1.12e-01	1.62e-02	1.23e-03	3.00e-04	4.95e-05	6.06e-07	0.00e+00
 4.69050e+22	2.01e-19	3.63e-08	1.31e-06	1.00e-05	1.31e-03	3.78e-02	3.05e-01	5.36e-01	1.04e-01	1.46e-02	1.07e-03	2.57e-04	4.05e-05	4.72e-07	0.00e+00
 4.71214e+22	2.50e-19	4.30e-08	1.54e-06	1.16e-05	1.46e-03	4.02e-02	3.13e-01	5.31e-01	9.93e-02	1.36e-02	9.66e-04	2.29e-04	3.52e-05	3.96e-07	0.00e+00
 4.73391e+22	3.29e-19	5.39e-08	1.91e-06	1.42e-05	1.67e-03	4.37e-02	3.24e-01	5.25e-01	9.26e-02	1.22e-02	8.40e-04	1.96e-04	2.88e-05	3.09e-07	0.00e+00
 4.75604e+22	4.11e-19	6.42e-08	2.24e-06	1.65e-05	1.86e-03	4.65e-02	3.32e-01	5.19e-01	8.80e-02	1.13e-02	7.58e-04	1.74e-04	2.49e-05	2.57e-07	0.00e+00
 4.77867e+22	5.45e-19	8.07e-08	2.79e-06	2.04e-05	2.14e-03	5.06e-02	3.43e-01	5.11e-01	8.17e-02	1.02e-02	6.56e-04	1.48e-04	2.03e-05	1.99e-07	0.00e+00
 4.80164e+22	6.84e-19	9.63e-08	3.30e-06	2.37e-05	2.38e-03	5.39e-02	3.51e-01	5.05e-01	7.74e-02	9.37e-03	5.90e-04	1.31e-04	1.74e-05	1.64e-07	0.00e+00
 4.82504e+22	9.12e-19	1.21e-07	4.13e-06	2.93e-05	2.75e-03	5.87e-02	3.63e-01	4.95e-01	7.16e-02	8.37e-03	5.08e-04	1.11e-04	1.41e-05	1.26e-07	0.00e+00
 4.84888e+22	1.15e-18	1.46e-07	4.90e-06	3.44e-05	3.07e-03	6.25e-02	3.71e-01	4.88e-01	6.75e-02	7.69e-03	4.55e-04	9.79e-05	1.20e-05	0.00e+00	0.00e+00
 4.87330e+22	1.55e-18	1.85e-07	6.16e-06	4.27e-05	3.55e-03	6.80e-02	3.82e-01	4.77e-01	6.21e-02	6.84e-03	3.90e-04	8.22e-05	9.66e-06	0.00e+00	0.00e+00
 4.89826e+22	1.97e-18	2.23e-07	7.37e-06	5.03e-05	3.97e-03	7.25e-02	3.90e-01	4.68e-01	5.84e-02	6.25e-03	3.47e-04	7.20e-05	8.18e-06	0.00e+00	0.00e+00
 4.92393e+22	2.67e-18	2.85e-07	9.34e-06	6.30e-05	4.63e-03	7.90e-02	4.02e-01	4.56e-01	5.34e-02	5.52e-03	2.95e-04	6.00e-05	6.50e-06	0.00e+00	0.00e+00
 4.94990e+22	3.42e-18	3.44e-07	1.12e-05	7.44e-05	5.18e-03	8.42e-02	4.09e-01	4.46e-01	4.99e-02	5.04e-03	2.61e-04	5.23e-05	5.48e-06	0.00e+00	0.00e+00
 4.97624e+22	4.66e-18	4.40e-07	1.42e-05	9.34e-05	6.03e-03	9.17e-02	4.20e-01	4.32e-01	4.55e-02	4.43e-03	2.21e-04	4.34e-05	4.34e-06	0.00e+00	0.00e+00
 5.00290e+22	5.98e-18	5.34e-07	1.71e-05	1.10e-04	6.75e-03	9.76e-02	4.27e-01	4.22e-01	4.24e-02	4.03e-03	1.95e-04	3.77e-05	3.64e-06	0.00e+00	0.00e+00
 5.02574e+22	7.52e-18	6.39e-07	2.03e-05	1.30e-04	7.52e-03	1.04e-01	4.34e-01	4.11e-01	3.95e-02	3.67e-03	1.73e-04	3.29e-05	3.06e-06	0.00e+00	0.00e+00
 5.05119e+22	1.01e-17	8.06e-07	2.54e-05	1.61e-04	8.66e-03	1.12e-01	4.42e-01	3.98e-01	3.61e-02	3.25e-03	1.47e-04	2.75e-05	2.45e-06	0.00e+00	0.00e+00
 5.07680e+22	1.28e-17	9.67e-07	3.03e-05	1.89e-04	9.63e-03	1.18e-01	4.48e-01	3.87e-01	3.36e-02	2.96e-03	1.30e-04	2.40e-05	2.07e-06	0.00e+00	0.00e+00
 5.09838e+22	1.54e-17	1.14e-06	3.55e-05	2.19e-04	1.06e-02	1.25e-01	4.54e-01	3.76e-01	3.13e-02	2.70e-03	1.16e-04	2.10e-05	1.76e-06	0.00e+00	0.00e+00
 5.12217e+22	2.02e-17	1.41e-06	4.35e-05	2.65e-04	1.21e-02	1.33e-01	4.60e-01	3.63e-01	2.88e-02	2.42e-03	1.00e-04	1.79e-05	1.43e-06	0.00e+00	0.00e+00
 5.14627e+22	2.53e-17	1.67e-06	5.13e-05	3.09e-04	1.33e-02	1.41e-01	4.64e-01	3.53e-01	2.67e-02	2.20e-03	8.89e-05	1.56e-05	1.21e-06	0.00e+00	0.00e+00
 5.16744e+22	3.12e-17	1.97e-06	6.03e-05	3.60e-04	1.47e-02	1.48e-01	4.68e-01	3.42e-01	2.49e-02	2.01e-03	7.89e-05	1.37e-05	1.02e-06	0.00e+00	0.00e+00
