#depth	He	He+	He+2
 4.62852e+21	1.84e-15	6.16e-08	1.00e+00
 1.02447e+22	8.54e-15	1.27e-07	1.00e+00
 1.15992e+22	1.54e-14	1.67e-07	1.00e+00
 1.21495e+22	2.06e-14	1.91e-07	1.00e+00
 1.24149e+22	2.36e-14	2.04e-07	1.00e+00
 1.25647e+22	2.63e-14	2.14e-07	1.00e+00
 1.27006e+22	2.94e-14	2.25e-07	1.00e+00
 1.28363e+22	3.28e-14	2.37e-07	1.00e+00
 1.29716e+22	3.66e-14	2.49e-07	1.00e+00
 1.31063e+22	4.08e-14	2.62e-07	1.00e+00
 1.32404e+22	4.55e-14	2.76e-07	1.00e+00
 1.33739e+22	5.07e-14	2.90e-07	1.00e+00
 1.35070e+22	5.65e-14	3.05e-07	1.00e+00
 1.36367e+22	6.26e-14	3.19e-07	1.00e+00
 1.37660e+22	6.98e-14	3.36e-07	1.00e+00
 1.38969e+22	7.76e-14	3.52e-07	1.00e+00
 1.40273e+22	8.64e-14	3.70e-07	1.00e+00
 1.41581e+22	9.62e-14	3.88e-07	1.00e+00
 1.42877e+22	1.07e-13	4.07e-07	1.00e+00
 1.44168e+22	1.19e-13	4.28e-07	1.00e+00
 1.45465e+22	1.32e-13	4.49e-07	1.00e+00
 1.46758e+22	1.47e-13	4.71e-07	1.00e+00
 1.47985e+22	1.62e-13	4.92e-07	1.00e+00
 1.49213e+22	1.80e-13	5.16e-07	1.00e+00
 1.50459e+22	1.99e-13	5.40e-07	1.00e+00
 1.51702e+22	2.21e-13	5.66e-07	1.00e+00
 1.52964e+22	2.45e-13	5.92e-07	1.00e+00
 1.54180e+22	2.70e-13	6.19e-07	1.00e+00
 1.55415e+22	3.00e-13	6.49e-07	1.00e+00
 1.56607e+22	3.29e-13	6.76e-07	1.00e+00
 1.57798e+22	3.66e-13	7.09e-07	1.00e+00
 1.59006e+22	4.03e-13	7.40e-07	1.00e+00
 1.60210e+22	4.48e-13	7.75e-07	1.00e+00
 1.61433e+22	4.94e-13	8.10e-07	1.00e+00
 1.62652e+22	5.49e-13	8.48e-07	1.00e+00
 1.63856e+22	6.06e-13	8.85e-07	1.00e+00
 1.65057e+22	6.73e-13	9.27e-07	1.00e+00
 1.66276e+22	7.45e-13	9.69e-07	1.00e+00
 1.67440e+22	8.22e-13	1.01e-06	1.00e+00
 1.68632e+22	9.14e-13	1.06e-06	1.00e+00
 1.69835e+22	1.01e-12	1.11e-06	1.00e+00
 1.71035e+22	1.13e-12	1.16e-06	1.00e+00
 1.72249e+22	1.25e-12	1.21e-06	1.00e+00
 1.73459e+22	1.39e-12	1.27e-06	1.00e+00
 1.74661e+22	1.55e-12	1.33e-06	1.00e+00
 1.75858e+22	1.73e-12	1.39e-06	1.00e+00
 1.77061e+22	1.92e-12	1.45e-06	1.00e+00
 1.78257e+22	2.15e-12	1.52e-06	1.00e+00
 1.79453e+22	2.40e-12	1.59e-06	1.00e+00
 1.80643e+22	2.68e-12	1.66e-06	1.00e+00
 1.81826e+22	2.99e-12	1.74e-06	1.00e+00
 1.83002e+22	3.34e-12	1.82e-06	1.00e+00
 1.84171e+22	3.73e-12	1.90e-06	1.00e+00
 1.85334e+22	4.17e-12	1.99e-06	1.00e+00
 1.86491e+22	4.66e-12	2.08e-06	1.00e+00
 1.87640e+22	5.21e-12	2.18e-06	1.00e+00
 1.88783e+22	5.82e-12	2.28e-06	1.00e+00
 1.89921e+22	6.49e-12	2.38e-06	1.00e+00
 1.91055e+22	7.25e-12	2.49e-06	1.00e+00
 1.92188e+22	8.09e-12	2.61e-06	1.00e+00
 1.93320e+22	9.02e-12	2.73e-06	1.00e+00
 1.94453e+22	1.01e-11	2.85e-06	1.00e+00
 1.95589e+22	1.12e-11	2.98e-06	1.00e+00
 1.96730e+22	1.25e-11	3.12e-06	1.00e+00
 1.97881e+22	1.39e-11	3.26e-06	1.00e+00
 1.99043e+22	1.55e-11	3.41e-06	1.00e+00
 2.00218e+22	1.72e-11	3.57e-06	1.00e+00
 2.01410e+22	1.91e-11	3.73e-06	1.00e+00
 2.02622e+22	2.13e-11	3.91e-06	1.00e+00
 2.03858e+22	2.37e-11	4.09e-06	1.00e+00
 2.05121e+22	2.63e-11	4.28e-06	1.00e+00
 2.06358e+22	2.89e-11	4.46e-06	1.00e+00
 2.07632e+22	2.71e-11	4.67e-06	1.00e+00
 2.08925e+22	2.99e-11	4.87e-06	1.00e+00
 2.10263e+22	3.35e-11	5.11e-06	1.00e+00
 2.11624e+22	3.69e-11	5.32e-06	1.00e+00
 2.13034e+22	4.14e-11	5.58e-06	1.00e+00
 2.14471e+22	4.56e-11	5.81e-06	1.00e+00
 2.15795e+22	5.00e-11	6.05e-06	1.00e+00
 2.17302e+22	5.61e-11	6.36e-06	1.00e+00
 2.18823e+22	6.13e-11	6.61e-06	1.00e+00
 2.20364e+22	6.86e-11	6.94e-06	1.00e+00
 2.21933e+22	7.50e-11	7.21e-06	1.00e+00
 2.23538e+22	8.38e-11	7.58e-06	1.00e+00
 2.25151e+22	9.12e-11	7.87e-06	1.00e+00
 2.26771e+22	1.02e-10	8.27e-06	1.00e+00
 2.28384e+22	1.10e-10	8.56e-06	1.00e+00
 2.29986e+22	1.22e-10	8.97e-06	1.00e+00
 2.31624e+22	1.32e-10	9.31e-06	1.00e+00
 2.33312e+22	1.47e-10	9.78e-06	1.00e+00
 2.35001e+22	1.59e-10	1.01e-05	1.00e+00
 2.36693e+22	1.77e-10	1.06e-05	1.00e+00
 2.38416e+22	1.92e-10	1.11e-05	1.00e+00
 2.40179e+22	2.14e-10	1.16e-05	1.00e+00
 2.41968e+22	2.33e-10	1.21e-05	1.00e+00
 2.43523e+22	2.53e-10	1.26e-05	1.00e+00
 2.44991e+22	2.72e-10	1.31e-05	1.00e+00
 2.46613e+22	3.01e-10	1.37e-05	1.00e+00
 2.48229e+22	3.25e-10	1.42e-05	1.00e+00
 2.49837e+22	3.59e-10	1.49e-05	1.00e+00
 2.51335e+22	3.82e-10	1.54e-05	1.00e+00
 2.52473e+22	4.07e-10	1.59e-05	1.00e+00
 2.53532e+22	4.31e-10	1.63e-05	1.00e+00
 2.54707e+22	4.65e-10	1.70e-05	1.00e+00
 2.55854e+22	4.92e-10	1.74e-05	1.00e+00
 2.56963e+22	5.32e-10	1.81e-05	1.00e+00
 2.58057e+22	5.60e-10	1.86e-05	1.00e+00
 2.59130e+22	6.03e-10	1.93e-05	1.00e+00
 2.60180e+22	6.35e-10	1.98e-05	1.00e+00
 2.61201e+22	6.87e-10	2.06e-05	1.00e+00
 2.62202e+22	7.23e-10	2.12e-05	1.00e+00
 2.63180e+22	7.77e-10	2.20e-05	1.00e+00
 2.64182e+22	8.24e-10	2.27e-05	1.00e+00
 2.65034e+22	8.68e-10	2.33e-05	1.00e+00
 2.65958e+22	9.39e-10	2.42e-05	1.00e+00
 2.66851e+22	9.85e-10	2.49e-05	1.00e+00
 2.67703e+22	1.05e-09	2.58e-05	1.00e+00
 2.68585e+22	1.12e-09	2.66e-05	1.00e+00
 2.69507e+22	1.21e-09	2.77e-05	1.00e+00
 2.70414e+22	1.28e-09	2.86e-05	1.00e+00
 2.71302e+22	1.39e-09	2.98e-05	1.00e+00
 2.72202e+22	1.48e-09	3.08e-05	1.00e+00
 2.73118e+22	1.61e-09	3.23e-05	1.00e+00
 2.74009e+22	1.71e-09	3.34e-05	1.00e+00
 2.74865e+22	1.86e-09	3.50e-05	1.00e+00
 2.75732e+22	1.99e-09	3.63e-05	1.00e+00
 2.76477e+22	2.13e-09	3.77e-05	1.00e+00
 2.77205e+22	2.28e-09	3.91e-05	1.00e+00
 2.78042e+22	2.49e-09	4.11e-05	1.00e+00
 2.78870e+22	2.66e-09	4.27e-05	1.00e+00
 2.79687e+22	2.92e-09	4.50e-05	1.00e+00
 2.80504e+22	3.10e-09	4.67e-05	1.00e+00
 2.81321e+22	3.39e-09	4.91e-05	1.00e+00
 2.82169e+22	3.64e-09	5.12e-05	1.00e+00
 2.82932e+22	3.91e-09	5.34e-05	1.00e+00
 2.83772e+22	4.26e-09	5.62e-05	1.00e+00
 2.84621e+22	4.58e-09	5.87e-05	1.00e+00
 2.85470e+22	4.99e-09	6.18e-05	1.00e+00
 2.86336e+22	5.37e-09	6.47e-05	1.00e+00
 2.87199e+22	5.83e-09	6.81e-05	1.00e+00
 2.88076e+22	6.28e-09	7.12e-05	1.00e+00
 2.88958e+22	6.80e-09	7.49e-05	1.00e+00
 2.89837e+22	7.28e-09	7.82e-05	1.00e+00
 2.90740e+22	7.88e-09	8.23e-05	1.00e+00
 2.91655e+22	8.42e-09	8.60e-05	1.00e+00
 2.92591e+22	9.11e-09	9.04e-05	1.00e+00
 2.93553e+22	9.73e-09	9.45e-05	1.00e+00
 2.94542e+22	1.05e-08	9.94e-05	1.00e+00
 2.95561e+22	1.12e-08	1.04e-04	1.00e+00
 2.96618e+22	1.21e-08	1.09e-04	1.00e+00
 2.97705e+22	1.29e-08	1.14e-04	1.00e+00
 2.98835e+22	1.38e-08	1.20e-04	1.00e+00
 2.99997e+22	1.47e-08	1.25e-04	1.00e+00
 3.01228e+22	1.59e-08	1.32e-04	1.00e+00
 3.02466e+22	1.68e-08	1.38e-04	1.00e+00
 3.03729e+22	1.80e-08	1.45e-04	1.00e+00
 3.05020e+22	1.91e-08	1.51e-04	1.00e+00
 3.06138e+22	2.01e-08	1.57e-04	1.00e+00
 3.07378e+22	2.14e-08	1.65e-04	1.00e+00
 3.08629e+22	2.25e-08	1.71e-04	1.00e+00
 3.09892e+22	2.39e-08	1.79e-04	1.00e+00
 3.11178e+22	2.51e-08	1.85e-04	1.00e+00
 3.12316e+22	2.62e-08	1.92e-04	1.00e+00
 3.13619e+22	2.78e-08	2.01e-04	1.00e+00
 3.14931e+22	2.90e-08	2.08e-04	1.00e+00
 3.16254e+22	3.07e-08	2.17e-04	1.00e+00
 3.17579e+22	3.20e-08	2.24e-04	1.00e+00
 3.18907e+22	3.38e-08	2.34e-04	1.00e+00
 3.20259e+22	3.52e-08	2.42e-04	1.00e+00
 3.21643e+22	3.71e-08	2.53e-04	1.00e+00
 3.23052e+22	3.87e-08	2.61e-04	1.00e+00
 3.24286e+22	4.02e-08	2.70e-04	1.00e+00
 3.25683e+22	4.23e-08	2.81e-04	1.00e+00
 3.27075e+22	4.38e-08	2.89e-04	1.00e+00
 3.28464e+22	4.60e-08	3.02e-04	1.00e+00
 3.29871e+22	4.77e-08	3.10e-04	1.00e+00
 3.31303e+22	5.00e-08	3.23e-04	1.00e+00
 3.32783e+22	5.19e-08	3.33e-04	1.00e+00
 3.34327e+22	5.46e-08	3.47e-04	1.00e+00
 3.35895e+22	5.67e-08	3.58e-04	1.00e+00
 3.37495e+22	5.95e-08	3.73e-04	1.00e+00
 3.39149e+22	6.20e-08	3.85e-04	1.00e+00
 3.40874e+22	6.52e-08	4.02e-04	1.00e+00
 3.42655e+22	6.81e-08	4.16e-04	1.00e+00
 3.44507e+22	7.18e-08	4.35e-04	1.00e+00
 3.46365e+22	7.49e-08	4.50e-04	1.00e+00
 3.48230e+22	7.90e-08	4.70e-04	1.00e+00
 3.50175e+22	8.26e-08	4.87e-04	1.00e+00
 3.52225e+22	8.75e-08	5.13e-04	9.99e-01
 3.54274e+22	9.14e-08	5.31e-04	9.99e-01
 3.56322e+22	9.66e-08	5.59e-04	9.99e-01
 3.58401e+22	1.01e-07	5.81e-04	9.99e-01
 3.60153e+22	1.05e-07	6.02e-04	9.99e-01
 3.62065e+22	1.10e-07	6.32e-04	9.99e-01
 3.63969e+22	1.15e-07	6.55e-04	9.99e-01
 3.65864e+22	1.20e-07	6.88e-04	9.99e-01
 3.67773e+22	1.24e-07	7.14e-04	9.99e-01
 3.69701e+22	1.30e-07	7.53e-04	9.99e-01
 3.71641e+22	1.34e-07	7.83e-04	9.99e-01
 3.73595e+22	1.40e-07	8.26e-04	9.99e-01
 3.75574e+22	1.44e-07	8.62e-04	9.99e-01
 3.77584e+22	1.49e-07	9.13e-04	9.99e-01
 3.79615e+22	1.53e-07	9.56e-04	9.99e-01
 3.81663e+22	1.57e-07	1.01e-03	9.99e-01
 3.83606e+22	1.60e-07	1.06e-03	9.99e-01
 3.85422e+22	1.63e-07	1.12e-03	9.99e-01
 3.87275e+22	1.65e-07	1.17e-03	9.99e-01
 3.89089e+22	1.67e-07	1.23e-03	9.99e-01
 3.90945e+22	1.68e-07	1.29e-03	9.99e-01
 3.92723e+22	1.68e-07	1.36e-03	9.99e-01
 3.94519e+22	1.68e-07	1.42e-03	9.99e-01
 3.96276e+22	1.68e-07	1.49e-03	9.99e-01
 3.98007e+22	1.68e-07	1.57e-03	9.98e-01
 3.99720e+22	1.68e-07	1.64e-03	9.98e-01
 4.01424e+22	1.68e-07	1.72e-03	9.98e-01
 4.03127e+22	1.68e-07	1.80e-03	9.98e-01
 4.04835e+22	1.68e-07	1.89e-03	9.98e-01
 4.06554e+22	1.69e-07	1.98e-03	9.98e-01
 4.08293e+22	1.71e-07	2.07e-03	9.98e-01
 4.10058e+22	1.73e-07	2.17e-03	9.98e-01
 4.11855e+22	1.77e-07	2.28e-03	9.98e-01
 4.13659e+22	1.82e-07	2.38e-03	9.98e-01
 4.15505e+22	1.87e-07	2.50e-03	9.97e-01
 4.17366e+22	1.94e-07	2.62e-03	9.97e-01
 4.19278e+22	2.03e-07	2.75e-03	9.97e-01
 4.21073e+22	2.12e-07	2.86e-03	9.97e-01
 4.22899e+22	2.25e-07	3.01e-03	9.97e-01
 4.24746e+22	2.37e-07	3.12e-03	9.97e-01
 4.26622e+22	2.54e-07	3.28e-03	9.97e-01
 4.28543e+22	2.70e-07	3.41e-03	9.97e-01
 4.30523e+22	2.93e-07	3.59e-03	9.96e-01
 4.32529e+22	3.12e-07	3.74e-03	9.96e-01
 4.34569e+22	3.41e-07	3.94e-03	9.96e-01
 4.36628e+22	3.66e-07	4.09e-03	9.96e-01
 4.38710e+22	4.01e-07	4.31e-03	9.96e-01
 4.40815e+22	4.32e-07	4.48e-03	9.96e-01
 4.42952e+22	4.76e-07	4.72e-03	9.95e-01
 4.45124e+22	5.14e-07	4.92e-03	9.95e-01
 4.47342e+22	5.68e-07	5.18e-03	9.95e-01
 4.49604e+22	6.16e-07	5.40e-03	9.95e-01
 4.51923e+22	6.85e-07	5.70e-03	9.94e-01
 4.54293e+22	7.45e-07	5.95e-03	9.94e-01
 4.56291e+22	8.01e-07	6.18e-03	9.94e-01
 4.58449e+22	8.84e-07	6.49e-03	9.94e-01
 4.60623e+22	9.53e-07	6.74e-03	9.93e-01
 4.62530e+22	1.03e-06	7.00e-03	9.93e-01
 4.64720e+22	1.13e-06	7.35e-03	9.93e-01
 4.66895e+22	1.21e-06	7.61e-03	9.92e-01
 4.69050e+22	1.34e-06	7.99e-03	9.92e-01
 4.71214e+22	1.44e-06	8.27e-03	9.92e-01
 4.73391e+22	1.58e-06	8.68e-03	9.91e-01
 4.75604e+22	1.70e-06	9.00e-03	9.91e-01
 4.77867e+22	1.88e-06	9.45e-03	9.91e-01
 4.80164e+22	2.02e-06	9.80e-03	9.90e-01
 4.82504e+22	2.24e-06	1.03e-02	9.90e-01
 4.84888e+22	2.42e-06	1.07e-02	9.89e-01
 4.87330e+22	2.68e-06	1.13e-02	9.89e-01
 4.89826e+22	2.90e-06	1.17e-02	9.88e-01
 4.92393e+22	3.24e-06	1.24e-02	9.88e-01
 4.94990e+22	3.51e-06	1.29e-02	9.87e-01
 4.97624e+22	3.92e-06	1.36e-02	9.86e-01
 5.00290e+22	4.25e-06	1.42e-02	9.86e-01
 5.02574e+22	4.61e-06	1.47e-02	9.85e-01
 5.05119e+22	5.11e-06	1.55e-02	9.84e-01
 5.07680e+22	5.53e-06	1.61e-02	9.84e-01
 5.09838e+22	5.95e-06	1.67e-02	9.83e-01
 5.12217e+22	6.53e-06	1.75e-02	9.82e-01
 5.14627e+22	7.05e-06	1.82e-02	9.82e-01
 5.16744e+22	7.59e-06	1.89e-02	9.81e-01
 5.19163e+22	8.32e-06	1.98e-02	9.80e-01
 5.21665e+22	9.02e-06	2.06e-02	9.79e-01
 5.23911e+22	9.75e-06	2.14e-02	9.79e-01
 5.26464e+22	1.07e-05	2.24e-02	9.78e-01
 5.29106e+22	1.17e-05	2.34e-02	9.77e-01
 5.31472e+22	1.27e-05	2.43e-02	9.76e-01
 5.34153e+22	1.40e-05	2.55e-02	9.74e-01
 5.36931e+22	1.53e-05	2.67e-02	9.73e-01
 5.39419e+22	1.66e-05	2.78e-02	9.72e-01
 5.42240e+22	1.85e-05	2.93e-02	9.71e-01
 5.45143e+22	2.02e-05	3.06e-02	9.69e-01
 5.47732e+22	2.20e-05	3.20e-02	9.68e-01
 5.50675e+22	2.46e-05	3.37e-02	9.66e-01
 5.53663e+22	2.69e-05	3.53e-02	9.65e-01
 5.56290e+22	2.94e-05	3.68e-02	9.63e-01
 5.59288e+22	3.27e-05	3.88e-02	9.61e-01
 5.62351e+22	3.60e-05	4.06e-02	9.59e-01
 5.65071e+22	3.93e-05	4.25e-02	9.58e-01
 5.68181e+22	4.40e-05	4.49e-02	9.55e-01
 5.71360e+22	4.85e-05	4.70e-02	9.53e-01
 5.74179e+22	5.31e-05	4.92e-02	9.51e-01
 5.77396e+22	5.96e-05	5.20e-02	9.48e-01
 5.80589e+22	6.53e-05	5.44e-02	9.46e-01
 5.83313e+22	7.13e-05	5.68e-02	9.43e-01
 5.86417e+22	7.96e-05	5.99e-02	9.40e-01
 5.89582e+22	8.73e-05	6.27e-02	9.37e-01
 5.92398e+22	9.55e-05	6.55e-02	9.34e-01
 5.95128e+22	1.04e-04	6.83e-02	9.32e-01
 5.98174e+22	1.16e-04	7.19e-02	9.28e-01
 6.01247e+22	1.26e-04	7.49e-02	9.25e-01
 6.04355e+22	1.40e-04	7.89e-02	9.21e-01
 6.07194e+22	1.50e-04	8.16e-02	9.18e-01
 6.09684e+22	1.64e-04	8.51e-02	9.15e-01
 6.12225e+22	1.76e-04	8.81e-02	9.12e-01
 6.14491e+22	1.88e-04	9.10e-02	9.09e-01
 6.17094e+22	2.06e-04	9.50e-02	9.05e-01
 6.19715e+22	2.21e-04	9.83e-02	9.02e-01
 6.22361e+22	2.41e-04	1.03e-01	8.97e-01
 6.25047e+22	2.59e-04	1.06e-01	8.94e-01
 6.27785e+22	2.84e-04	1.11e-01	8.89e-01
 6.30548e+22	3.05e-04	1.15e-01	8.85e-01
 6.33342e+22	3.34e-04	1.20e-01	8.80e-01
 6.36176e+22	3.59e-04	1.24e-01	8.75e-01
 6.39061e+22	3.95e-04	1.30e-01	8.69e-01
 6.41984e+22	4.26e-04	1.35e-01	8.65e-01
 6.44958e+22	4.69e-04	1.41e-01	8.58e-01
 6.47961e+22	5.06e-04	1.46e-01	8.53e-01
 6.51002e+22	5.56e-04	1.53e-01	8.47e-01
 6.54139e+22	6.05e-04	1.59e-01	8.40e-01
 6.57403e+22	6.70e-04	1.67e-01	8.33e-01
 6.60705e+22	7.29e-04	1.73e-01	8.26e-01
 6.63286e+22	7.77e-04	1.79e-01	8.21e-01
 6.65870e+22	8.42e-04	1.85e-01	8.14e-01
 6.68487e+22	8.97e-04	1.91e-01	8.08e-01
 6.71147e+22	9.73e-04	1.98e-01	8.01e-01
 6.73837e+22	1.04e-03	2.04e-01	7.95e-01
 6.76564e+22	1.13e-03	2.12e-01	7.87e-01
 6.79323e+22	1.20e-03	2.18e-01	7.81e-01
 6.82123e+22	1.31e-03	2.26e-01	7.72e-01
 6.84993e+22	1.40e-03	2.34e-01	7.65e-01
 6.87955e+22	1.53e-03	2.43e-01	7.55e-01
 6.90930e+22	1.64e-03	2.51e-01	7.47e-01
 6.93922e+22	1.79e-03	2.61e-01	7.38e-01
 6.96789e+22	1.90e-03	2.68e-01	7.30e-01
 6.98762e+22	1.98e-03	2.73e-01	7.25e-01
 7.00596e+22	2.09e-03	2.79e-01	7.18e-01
 7.02980e+22	2.23e-03	2.88e-01	7.10e-01
 7.05665e+22	2.39e-03	2.96e-01	7.01e-01
 7.07904e+22	2.50e-03	3.03e-01	6.95e-01
 7.09562e+22	2.60e-03	3.08e-01	6.89e-01
 7.11302e+22	2.73e-03	3.14e-01	6.83e-01
 7.13564e+22	2.90e-03	3.23e-01	6.74e-01
 7.16505e+22	3.17e-03	3.35e-01	6.61e-01
 7.19008e+22	3.30e-03	3.42e-01	6.55e-01
 7.20942e+22	3.48e-03	3.50e-01	6.47e-01
 7.23457e+22	3.73e-03	3.60e-01	6.36e-01
 7.26726e+22	4.09e-03	3.74e-01	6.21e-01
 7.30119e+22	4.41e-03	3.87e-01	6.09e-01
 7.33674e+22	4.88e-03	4.03e-01	5.92e-01
 7.37337e+22	5.30e-03	4.18e-01	5.77e-01
 7.41140e+22	5.89e-03	4.36e-01	5.58e-01
 7.44967e+22	6.42e-03	4.52e-01	5.42e-01
 7.48828e+22	7.16e-03	4.72e-01	5.21e-01
 7.52718e+22	7.83e-03	4.89e-01	5.03e-01
 7.56645e+22	8.77e-03	5.10e-01	4.81e-01
 7.60594e+22	9.63e-03	5.29e-01	4.61e-01
 7.63598e+22	1.03e-02	5.43e-01	4.47e-01
 7.66529e+22	1.13e-02	5.60e-01	4.29e-01
 7.69465e+22	1.21e-02	5.75e-01	4.13e-01
 7.72408e+22	1.33e-02	5.92e-01	3.95e-01
 7.75368e+22	1.44e-02	6.07e-01	3.78e-01
 7.77908e+22	1.55e-02	6.21e-01	3.63e-01
 7.80769e+22	1.70e-02	6.38e-01	3.45e-01
 7.83742e+22	1.86e-02	6.54e-01	3.27e-01
 7.86391e+22	2.02e-02	6.69e-01	3.11e-01
 7.89364e+22	2.25e-02	6.86e-01	2.92e-01
 7.92510e+22	2.49e-02	7.02e-01	2.73e-01
 7.95326e+22	2.74e-02	7.16e-01	2.57e-01
 7.97984e+22	3.02e-02	7.29e-01	2.41e-01
 8.00574e+22	3.33e-02	7.40e-01	2.26e-01
 8.02281e+22	3.49e-02	7.45e-01	2.20e-01
 8.02953e+22	3.58e-02	7.48e-01	2.16e-01
 8.03453e+22	3.66e-02	7.50e-01	2.14e-01
 8.04041e+22	3.74e-02	7.52e-01	2.10e-01
 8.04765e+22	3.86e-02	7.55e-01	2.07e-01
 8.05516e+22	3.98e-02	7.58e-01	2.03e-01
 8.06200e+22	4.10e-02	7.60e-01	1.99e-01
 8.06836e+22	4.21e-02	7.62e-01	1.96e-01
 8.07455e+22	4.32e-02	7.64e-01	1.93e-01
 8.08097e+22	4.45e-02	7.66e-01	1.89e-01
 8.08734e+22	4.57e-02	7.68e-01	1.87e-01
 8.09352e+22	4.71e-02	7.70e-01	1.83e-01
 8.09959e+22	4.84e-02	7.71e-01	1.81e-01
 8.10555e+22	4.98e-02	7.73e-01	1.77e-01
 8.11144e+22	5.12e-02	7.74e-01	1.75e-01
 8.11710e+22	5.26e-02	7.75e-01	1.72e-01
 8.12277e+22	5.42e-02	7.76e-01	1.70e-01
 8.12843e+22	5.56e-02	7.77e-01	1.67e-01
 8.13425e+22	5.74e-02	7.78e-01	1.64e-01
 8.14002e+22	5.90e-02	7.79e-01	1.62e-01
 8.14540e+22	6.07e-02	7.79e-01	1.60e-01
 8.15079e+22	6.25e-02	7.80e-01	1.58e-01
 8.15623e+22	6.43e-02	7.80e-01	1.55e-01
 8.16165e+22	6.62e-02	7.81e-01	1.53e-01
 8.16704e+22	6.82e-02	7.81e-01	1.51e-01
 8.17238e+22	7.03e-02	7.81e-01	1.49e-01
 8.17769e+22	7.24e-02	7.81e-01	1.47e-01
 8.18299e+22	7.46e-02	7.80e-01	1.45e-01
 8.18828e+22	7.70e-02	7.80e-01	1.43e-01
 8.19356e+22	7.94e-02	7.79e-01	1.41e-01
 8.19884e+22	8.19e-02	7.79e-01	1.39e-01
 8.20413e+22	8.46e-02	7.78e-01	1.38e-01
 8.20943e+22	8.73e-02	7.77e-01	1.36e-01
 8.21475e+22	9.00e-02	7.76e-01	1.34e-01
 8.22023e+22	9.31e-02	7.74e-01	1.33e-01
 8.22586e+22	9.65e-02	7.73e-01	1.31e-01
 8.23131e+22	9.98e-02	7.71e-01	1.29e-01
 8.23658e+22	1.03e-01	7.69e-01	1.28e-01
 8.24197e+22	1.07e-01	7.67e-01	1.26e-01
 8.24750e+22	1.11e-01	7.65e-01	1.25e-01
 8.25312e+22	1.15e-01	7.62e-01	1.23e-01
 8.25886e+22	1.19e-01	7.59e-01	1.21e-01
 8.26459e+22	1.24e-01	7.56e-01	1.20e-01
 8.27023e+22	1.29e-01	7.53e-01	1.19e-01
 8.27601e+22	1.34e-01	7.49e-01	1.17e-01
 8.28198e+22	1.39e-01	7.45e-01	1.16e-01
 8.28810e+22	1.45e-01	7.41e-01	1.14e-01
 8.29441e+22	1.51e-01	7.36e-01	1.12e-01
 8.30081e+22	1.58e-01	7.31e-01	1.11e-01
 8.30715e+22	1.65e-01	7.26e-01	1.09e-01
 8.31377e+22	1.73e-01	7.20e-01	1.08e-01
 8.32058e+22	1.80e-01	7.14e-01	1.06e-01
 8.32761e+22	1.89e-01	7.07e-01	1.04e-01
 8.33445e+22	1.97e-01	7.00e-01	1.03e-01
 8.34047e+22	2.05e-01	6.94e-01	1.01e-01
 8.34642e+22	2.13e-01	6.87e-01	9.96e-02
 8.35284e+22	2.23e-01	6.80e-01	9.77e-02
 8.35954e+22	2.32e-01	6.72e-01	9.61e-02
 8.36636e+22	2.42e-01	6.64e-01	9.42e-02
 8.37335e+22	2.53e-01	6.55e-01	9.23e-02
 8.38027e+22	2.63e-01	6.46e-01	9.04e-02
 8.38734e+22	2.75e-01	6.37e-01	8.85e-02
 8.39487e+22	2.87e-01	6.27e-01	8.63e-02
 8.40259e+22	3.00e-01	6.16e-01	8.43e-02
 8.41041e+22	3.13e-01	6.05e-01	8.20e-02
 8.41846e+22	3.26e-01	5.94e-01	7.99e-02
 8.42691e+22	3.41e-01	5.81e-01	7.74e-02
 8.43580e+22	3.57e-01	5.68e-01	7.48e-02
 8.44470e+22	3.72e-01	5.56e-01	7.24e-02
 8.45390e+22	3.88e-01	5.42e-01	6.97e-02
 8.46382e+22	4.06e-01	5.28e-01	6.69e-02
 8.47431e+22	4.24e-01	5.12e-01	6.40e-02
 8.48508e+22	4.41e-01	4.98e-01	6.12e-02
 8.49643e+22	4.60e-01	4.82e-01	5.81e-02
 8.50872e+22	4.80e-01	4.66e-01	5.49e-02
 8.52180e+22	4.99e-01	4.49e-01	5.17e-02
 8.53548e+22	5.19e-01	4.33e-01	4.85e-02
 8.54982e+22	5.38e-01	4.17e-01	4.53e-02
 8.56503e+22	5.57e-01	4.01e-01	4.22e-02
 8.58117e+22	5.76e-01	3.85e-01	3.91e-02
 8.59807e+22	5.94e-01	3.70e-01	3.61e-02
 8.61583e+22	6.11e-01	3.55e-01	3.32e-02
 8.63433e+22	6.28e-01	3.41e-01	3.04e-02
 8.65303e+22	6.44e-01	3.28e-01	2.79e-02
 8.67184e+22	6.59e-01	3.15e-01	2.55e-02
 8.69019e+22	6.72e-01	3.04e-01	2.35e-02
 8.70810e+22	6.85e-01	2.93e-01	2.16e-02
 8.72608e+22	6.97e-01	2.83e-01	1.99e-02
 8.74382e+22	7.09e-01	2.73e-01	1.84e-02
 8.76117e+22	7.19e-01	2.64e-01	1.70e-02
 8.77850e+22	7.30e-01	2.55e-01	1.56e-02
 8.79549e+22	7.39e-01	2.46e-01	1.45e-02
 8.81173e+22	7.49e-01	2.38e-01	1.34e-02
 8.82758e+22	7.57e-01	2.30e-01	1.24e-02
 8.84315e+22	7.66e-01	2.23e-01	1.16e-02
 8.85837e+22	7.73e-01	2.16e-01	1.07e-02
 8.87314e+22	7.81e-01	2.09e-01	1.00e-02
 8.88754e+22	7.88e-01	2.03e-01	9.34e-03
 8.90178e+22	7.95e-01	1.96e-01	8.71e-03
 8.91589e+22	8.02e-01	1.90e-01	8.12e-03
 8.92977e+22	8.08e-01	1.84e-01	7.57e-03
 8.94314e+22	8.14e-01	1.79e-01	7.08e-03
 8.95601e+22	8.20e-01	1.74e-01	6.63e-03
 8.96849e+22	8.25e-01	1.69e-01	6.22e-03
 8.98034e+22	8.30e-01	1.64e-01	5.86e-03
 8.99143e+22	8.35e-01	1.60e-01	5.53e-03
 9.00193e+22	8.39e-01	1.56e-01	5.22e-03
 9.01172e+22	8.43e-01	1.52e-01	4.96e-03
 9.01915e+22	8.46e-01	1.49e-01	4.78e-03
 9.02361e+22	8.48e-01	1.48e-01	4.67e-03
 9.02688e+22	8.49e-01	1.46e-01	4.56e-03
 9.03025e+22	8.51e-01	1.45e-01	4.46e-03
 9.03396e+22	8.52e-01	1.43e-01	4.38e-03
 9.03790e+22	8.54e-01	1.42e-01	4.28e-03
 9.04162e+22	8.55e-01	1.41e-01	4.20e-03
 9.04498e+22	8.57e-01	1.39e-01	4.12e-03
 9.04837e+22	8.58e-01	1.38e-01	4.03e-03
 9.05196e+22	8.59e-01	1.37e-01	3.95e-03
 9.05560e+22	8.61e-01	1.36e-01	3.88e-03
 9.05921e+22	8.62e-01	1.34e-01	3.80e-03
 9.06294e+22	8.63e-01	1.33e-01	3.72e-03
 9.06687e+22	8.65e-01	1.32e-01	3.63e-03
 9.07076e+22	8.66e-01	1.30e-01	3.56e-03
 9.07465e+22	8.68e-01	1.29e-01	3.48e-03
 9.07864e+22	8.69e-01	1.27e-01	3.40e-03
 9.08256e+22	8.70e-01	1.26e-01	3.33e-03
 9.08650e+22	8.72e-01	1.25e-01	3.24e-03
 9.09050e+22	8.73e-01	1.24e-01	3.18e-03
 9.09458e+22	8.75e-01	1.22e-01	3.09e-03
 9.09876e+22	8.76e-01	1.21e-01	3.03e-03
 9.10297e+22	8.78e-01	1.19e-01	2.95e-03
 9.10721e+22	8.79e-01	1.18e-01	2.88e-03
 9.11144e+22	8.81e-01	1.16e-01	2.80e-03
 9.11555e+22	8.82e-01	1.15e-01	2.74e-03
 9.11981e+22	8.84e-01	1.14e-01	2.66e-03
 9.12417e+22	8.85e-01	1.12e-01	2.60e-03
 9.12853e+22	8.87e-01	1.11e-01	2.52e-03
 9.13289e+22	8.88e-01	1.10e-01	2.46e-03
 9.13737e+22	8.89e-01	1.08e-01	2.39e-03
 9.14195e+22	8.91e-01	1.07e-01	2.33e-03
 9.14611e+22	8.92e-01	1.05e-01	2.26e-03
 9.14990e+22	8.93e-01	1.04e-01	2.22e-03
 9.15406e+22	8.95e-01	1.03e-01	2.15e-03
 9.15854e+22	8.96e-01	1.02e-01	2.10e-03
 9.16262e+22	8.98e-01	1.00e-01	2.04e-03
 9.16634e+22	8.99e-01	9.94e-02	2.00e-03
 9.17041e+22	9.00e-01	9.79e-02	1.94e-03
 9.17480e+22	9.01e-01	9.69e-02	1.90e-03
 9.17880e+22	9.03e-01	9.56e-02	1.84e-03
 9.18244e+22	9.03e-01	9.47e-02	1.81e-03
 9.18643e+22	9.05e-01	9.33e-02	1.75e-03
 9.19073e+22	9.06e-01	9.24e-02	1.72e-03
 9.19465e+22	9.07e-01	9.11e-02	1.67e-03
 9.19821e+22	9.08e-01	9.03e-02	1.64e-03
 9.20212e+22	9.09e-01	8.91e-02	1.59e-03
 9.20633e+22	9.10e-01	8.83e-02	1.56e-03
 9.21095e+22	9.12e-01	8.69e-02	1.51e-03
 9.21594e+22	9.13e-01	8.59e-02	1.48e-03
 9.22048e+22	9.14e-01	8.49e-02	1.44e-03
 9.22545e+22	9.15e-01	8.34e-02	1.39e-03
 9.23082e+22	9.16e-01	8.23e-02	1.35e-03
 9.23571e+22	9.18e-01	8.11e-02	1.31e-03
 9.24016e+22	9.18e-01	8.03e-02	1.28e-03
 9.24503e+22	9.20e-01	7.89e-02	1.24e-03
 9.25029e+22	9.21e-01	7.79e-02	1.21e-03
 9.25491e+22	9.22e-01	7.70e-02	1.18e-03
