#depth	Fe	Fe+	Fe+2	Fe+3	Fe+4	Fe+5	Fe+6	Fe+7	Fe+8	Fe+9	Fe+10	Fe+11	Fe+12	Fe+13	Fe+14	Fe+15	Fe+16	Fe+17	Fe+18	Fe+19	Fe+20	Fe+21	Fe+22	Fe+23	Fe+24	Fe+25	Fe+26
 4.62852e+21	0.00e+00	0.00e+00	0.00e+00	0.00e+00	0.00e+00	0.00e+00	0.00e+00	0.00e+00	0.00e+00	0.00e+00	0.00e+00	6.72e-32	2.51e-28	4.98e-25	6.00e-22	3.33e-19	1.02e-16	1.39e-14	1.45e-12	1.14e-10	7.13e-09	3.34e-07	1.73e-05	7.48e-04	3.63e-02	2.68e-01	6.95e-01
 1.02447e+22	0.00e+00	0.00e+00	0.00e+00	0.00e+00	0.00e+00	0.00e+00	0.00e+00	0.00e+00	0.00e+00	0.00e+00	5.45e-32	8.81e-29	1.50e-25	1.37e-22	1.84e-19	1.32e-16	5.64e-14	3.78e-12	1.93e-10	7.42e-09	2.28e-07	5.21e-06	1.34e-04	3.01e-03	8.73e-02	3.72e-01	5.38e-01
 1.15992e+22	0.00e+00	0.00e+00	0.00e+00	0.00e+00	0.00e+00	0.00e+00	0.00e+00	0.00e+00	0.00e+00	2.01e-33	3.26e-30	3.85e-27	4.82e-24	3.27e-21	3.27e-18	1.80e-15	5.94e-13	3.05e-11	1.19e-09	3.53e-08	8.33e-07	1.46e-05	2.89e-04	5.02e-03	1.18e-01	4.06e-01	4.70e-01
 1.21495e+22	0.00e+00	0.00e+00	0.00e+00	0.00e+00	0.00e+00	0.00e+00	0.00e+00	0.00e+00	0.00e+00	1.04e-32	1.43e-29	1.45e-26	1.54e-23	1.58e-20	1.36e-17	6.55e-15	1.91e-12	8.59e-11	2.95e-09	7.66e-08	1.59e-06	2.44e-05	4.22e-04	6.48e-03	1.37e-01	4.21e-01	4.36e-01
 1.24149e+22	0.00e+00	0.00e+00	0.00e+00	0.00e+00	0.00e+00	0.00e+00	0.00e+00	0.00e+00	0.00e+00	2.78e-32	3.58e-29	3.37e-26	3.35e-23	3.18e-20	2.57e-17	1.17e-14	3.21e-12	1.36e-10	4.42e-09	1.08e-07	2.12e-06	3.07e-05	5.01e-04	7.26e-03	1.46e-01	4.27e-01	4.20e-01
 1.25647e+22	0.00e+00	0.00e+00	0.00e+00	0.00e+00	0.00e+00	0.00e+00	0.00e+00	0.00e+00	0.00e+00	6.26e-32	7.61e-29	6.74e-26	6.31e-23	5.67e-20	4.34e-17	1.87e-14	4.92e-12	2.00e-10	6.17e-09	1.44e-07	2.68e-06	3.70e-05	5.76e-04	7.97e-03	1.53e-01	4.31e-01	4.07e-01
 1.27006e+22	0.00e+00	0.00e+00	0.00e+00	0.00e+00	0.00e+00	0.00e+00	0.00e+00	0.00e+00	0.00e+00	1.40e-31	1.61e-28	1.34e-25	1.18e-22	1.01e-19	7.29e-17	2.99e-14	7.51e-12	2.91e-10	8.57e-09	1.91e-07	3.39e-06	4.47e-05	6.61e-04	8.74e-03	1.61e-01	4.35e-01	3.94e-01
 1.28363e+22	0.00e+00	0.00e+00	0.00e+00	0.00e+00	0.00e+00	0.00e+00	0.00e+00	0.00e+00	2.22e-34	3.12e-31	3.37e-28	2.65e-25	2.21e-22	1.77e-19	1.22e-16	4.75e-14	1.14e-11	4.21e-10	1.19e-08	2.53e-07	4.28e-06	5.37e-05	7.59e-04	9.57e-03	1.69e-01	4.39e-01	3.82e-01
 1.29716e+22	0.00e+00	0.00e+00	0.00e+00	0.00e+00	0.00e+00	0.00e+00	0.00e+00	0.00e+00	3.42e-34	4.54e-31	4.62e-28	3.42e-25	4.11e-22	3.11e-19	2.02e-16	7.53e-14	1.73e-11	6.10e-10	1.64e-08	3.34e-07	5.40e-06	6.46e-05	8.70e-04	1.05e-02	1.78e-01	4.42e-01	3.69e-01
 1.31063e+22	0.00e+00	0.00e+00	0.00e+00	0.00e+00	0.00e+00	0.00e+00	0.00e+00	0.00e+00	8.03e-34	1.00e-30	9.64e-28	6.73e-25	7.61e-22	5.44e-19	3.35e-16	1.19e-13	2.62e-11	8.80e-10	2.26e-08	4.39e-07	6.79e-06	7.76e-05	9.96e-04	1.15e-02	1.86e-01	4.45e-01	3.56e-01
 1.32404e+22	0.00e+00	0.00e+00	0.00e+00	0.00e+00	0.00e+00	0.00e+00	0.00e+00	0.00e+00	1.87e-33	2.21e-30	2.00e-27	1.31e-24	1.40e-21	9.45e-19	5.52e-16	1.87e-13	3.93e-11	1.26e-09	3.11e-08	5.77e-07	8.52e-06	9.31e-05	1.14e-03	1.25e-02	1.95e-01	4.47e-01	3.44e-01
 1.33739e+22	0.00e+00	0.00e+00	0.00e+00	0.00e+00	0.00e+00	0.00e+00	0.00e+00	0.00e+00	4.34e-33	4.82e-30	4.12e-27	2.55e-24	2.56e-21	1.63e-18	9.05e-16	2.91e-13	5.89e-11	1.81e-09	4.26e-08	7.56e-07	1.07e-05	1.11e-04	1.30e-03	1.37e-02	2.05e-01	4.49e-01	3.31e-01
 1.35070e+22	0.00e+00	0.00e+00	0.00e+00	0.00e+00	0.00e+00	0.00e+00	0.00e+00	0.00e+00	9.99e-33	1.05e-29	8.43e-27	4.93e-24	4.66e-21	2.81e-18	1.47e-15	4.53e-13	8.77e-11	2.58e-09	5.81e-08	9.88e-07	1.33e-05	1.33e-04	1.48e-03	1.50e-02	2.14e-01	4.50e-01	3.19e-01
 1.36367e+22	0.00e+00	0.00e+00	0.00e+00	0.00e+00	0.00e+00	0.00e+00	0.00e+00	0.00e+00	2.21e-32	2.19e-29	1.67e-26	9.20e-24	8.22e-21	4.69e-18	2.34e-15	6.87e-13	1.28e-10	3.61e-09	7.80e-08	1.27e-06	1.65e-05	1.58e-04	1.68e-03	1.62e-02	2.23e-01	4.51e-01	3.08e-01
 1.37660e+22	0.00e+00	0.00e+00	0.00e+00	0.00e+00	0.00e+00	0.00e+00	0.00e+00	0.00e+00	5.02e-32	4.70e-29	3.37e-26	1.76e-23	1.48e-20	7.96e-18	3.77e-15	1.06e-12	1.89e-10	5.11e-09	1.06e-07	1.65e-06	2.05e-05	1.88e-04	1.91e-03	1.77e-02	2.33e-01	4.52e-01	2.96e-01
 1.38969e+22	0.00e+00	0.00e+00	0.00e+00	0.00e+00	0.00e+00	0.00e+00	0.00e+00	0.00e+00	1.12e-31	9.94e-29	6.73e-26	3.31e-23	2.62e-20	1.34e-17	6.00e-15	1.61e-12	2.76e-10	7.17e-09	1.42e-07	2.13e-06	2.54e-05	2.23e-04	2.17e-03	1.92e-02	2.42e-01	4.52e-01	2.84e-01
 1.40273e+22	0.00e+00	0.00e+00	0.00e+00	0.00e+00	0.00e+00	0.00e+00	0.00e+00	1.22e-34	2.53e-31	2.11e-28	1.35e-25	6.23e-23	4.65e-20	2.24e-17	9.56e-15	2.45e-12	4.04e-10	1.01e-08	1.91e-07	2.76e-06	3.14e-05	2.64e-04	2.46e-03	2.09e-02	2.52e-01	4.51e-01	2.73e-01
 1.41581e+22	0.00e+00	0.00e+00	0.00e+00	0.00e+00	0.00e+00	0.00e+00	0.00e+00	2.09e-34	4.11e-31	3.23e-28	1.95e-25	1.17e-22	8.21e-20	3.74e-17	1.51e-14	3.70e-12	5.88e-10	1.40e-08	2.57e-07	3.55e-06	3.88e-05	3.13e-04	2.78e-03	2.26e-02	2.62e-01	4.51e-01	2.61e-01
 1.42877e+22	0.00e+00	0.00e+00	0.00e+00	0.00e+00	0.00e+00	0.00e+00	0.00e+00	4.85e-34	9.01e-31	6.70e-28	3.81e-25	2.15e-22	1.43e-19	6.15e-17	2.36e-14	5.53e-12	8.46e-10	1.94e-08	3.41e-07	4.54e-06	4.76e-05	3.68e-04	3.14e-03	2.45e-02	2.72e-01	4.49e-01	2.51e-01
 1.44168e+22	0.00e+00	0.00e+00	0.00e+00	0.00e+00	0.00e+00	0.00e+00	0.00e+00	1.13e-33	1.99e-30	1.39e-27	7.47e-25	3.98e-22	2.49e-19	1.01e-16	3.69e-14	8.26e-12	1.22e-09	2.69e-08	4.54e-07	5.80e-06	5.86e-05	4.35e-04	3.55e-03	2.65e-02	2.82e-01	4.47e-01	2.40e-01
 1.45465e+22	0.00e+00	0.00e+00	0.00e+00	0.00e+00	0.00e+00	0.00e+00	0.00e+00	2.62e-33	4.35e-30	2.88e-27	1.45e-24	7.31e-22	4.31e-19	1.66e-16	5.73e-14	1.23e-11	1.74e-09	3.70e-08	6.02e-07	7.40e-06	7.18e-05	5.11e-04	4.00e-03	2.87e-02	2.93e-01	4.45e-01	2.29e-01
 1.46758e+22	0.00e+00	0.00e+00	0.00e+00	0.00e+00	0.00e+00	0.00e+00	0.00e+00	6.04e-33	9.46e-30	5.91e-27	2.82e-24	1.33e-21	7.40e-19	2.69e-16	8.85e-14	1.81e-11	2.48e-09	5.08e-08	7.95e-07	9.40e-06	8.77e-05	6.01e-04	4.50e-03	3.10e-02	3.03e-01	4.42e-01	2.19e-01
 1.47985e+22	0.00e+00	0.00e+00	0.00e+00	0.00e+00	0.00e+00	0.00e+00	0.00e+00	1.27e-32	1.90e-29	1.12e-26	5.08e-24	2.28e-21	1.20e-18	4.15e-16	1.30e-13	2.56e-11	3.40e-09	6.72e-08	1.02e-06	1.16e-05	1.05e-04	6.93e-04	4.99e-03	3.32e-02	3.12e-01	4.39e-01	2.10e-01
 1.49213e+22	0.00e+00	0.00e+00	0.00e+00	0.00e+00	0.00e+00	0.00e+00	0.00e+00	2.89e-32	4.07e-29	2.28e-26	9.72e-24	4.11e-21	2.04e-18	6.66e-16	1.98e-13	3.74e-11	4.80e-09	9.14e-08	1.34e-06	1.47e-05	1.28e-04	8.11e-04	5.60e-03	3.57e-02	3.22e-01	4.35e-01	2.00e-01
 1.50459e+22	0.00e+00	0.00e+00	0.00e+00	0.00e+00	0.00e+00	0.00e+00	0.00e+00	6.21e-32	8.29e-29	4.39e-26	1.77e-23	7.09e-21	3.32e-18	1.03e-15	2.92e-13	5.30e-11	6.59e-09	1.21e-07	1.71e-06	1.83e-05	1.53e-04	9.39e-04	6.23e-03	3.83e-02	3.32e-01	4.32e-01	1.91e-01
 1.51702e+22	0.00e+00	0.00e+00	0.00e+00	0.00e+00	0.00e+00	0.00e+00	0.00e+00	1.39e-31	1.76e-28	8.78e-26	3.34e-23	1.26e-20	5.56e-18	1.63e-15	4.40e-13	7.63e-11	9.19e-09	1.63e-07	2.23e-06	2.29e-05	1.85e-04	1.09e-03	6.97e-03	4.11e-02	3.42e-01	4.27e-01	1.81e-01
 1.52964e+22	0.00e+00	0.00e+00	0.00e+00	0.00e+00	0.00e+00	0.00e+00	1.92e-34	3.02e-31	3.61e-28	1.71e-25	6.14e-23	2.19e-20	9.11e-18	2.53e-15	6.49e-13	1.08e-10	1.26e-08	2.17e-07	2.87e-06	2.85e-05	2.23e-04	1.27e-03	7.75e-03	4.40e-02	3.52e-01	4.22e-01	1.73e-01
 1.54180e+22	0.00e+00	0.00e+00	0.00e+00	0.00e+00	0.00e+00	0.00e+00	3.43e-34	5.14e-31	5.82e-28	2.61e-25	1.10e-22	3.70e-20	1.46e-17	3.85e-15	9.40e-13	1.51e-10	1.71e-08	2.85e-07	3.64e-06	3.51e-05	2.65e-04	1.46e-03	8.58e-03	4.70e-02	3.61e-01	4.17e-01	1.64e-01
 1.55415e+22	0.00e+00	0.00e+00	0.00e+00	0.00e+00	0.00e+00	0.00e+00	7.97e-34	1.13e-30	1.21e-27	5.11e-25	2.03e-22	6.44e-20	2.39e-17	5.97e-15	1.39e-12	2.13e-10	2.34e-08	3.78e-07	4.69e-06	4.37e-05	3.19e-04	1.69e-03	9.54e-03	5.03e-02	3.71e-01	4.11e-01	1.56e-01
 1.56607e+22	0.00e+00	0.00e+00	0.00e+00	0.00e+00	0.00e+00	0.00e+00	1.65e-33	2.23e-30	2.27e-27	9.13e-25	3.45e-22	1.04e-19	3.67e-17	8.71e-15	1.93e-12	2.87e-10	3.07e-08	4.82e-07	5.82e-06	5.27e-05	3.73e-04	1.92e-03	1.05e-02	5.33e-02	3.79e-01	4.06e-01	1.49e-01
 1.57798e+22	0.00e+00	0.00e+00	0.00e+00	0.00e+00	0.00e+00	0.00e+00	3.80e-33	4.86e-30	4.68e-27	1.77e-24	6.30e-22	1.79e-19	5.95e-17	1.34e-14	2.82e-12	4.01e-10	4.18e-08	6.36e-07	7.43e-06	6.52e-05	4.47e-04	2.22e-03	1.16e-02	5.69e-02	3.89e-01	4.00e-01	1.41e-01
 1.59006e+22	0.00e+00	0.00e+00	0.00e+00	0.00e+00	0.00e+00	0.00e+00	7.98e-33	9.72e-30	8.90e-27	3.20e-24	1.08e-21	2.91e-19	9.16e-17	1.96e-14	3.94e-12	5.40e-10	5.48e-08	8.13e-07	9.24e-06	7.89e-05	5.24e-04	2.52e-03	1.27e-02	6.03e-02	3.97e-01	3.93e-01	1.34e-01
 1.60210e+22	0.00e+00	0.00e+00	0.00e+00	0.00e+00	0.00e+00	0.00e+00	1.80e-32	2.08e-29	1.80e-26	6.11e-24	1.94e-21	4.93e-19	1.46e-16	2.96e-14	5.65e-12	7.45e-10	7.36e-08	1.06e-06	1.17e-05	9.70e-05	6.25e-04	2.90e-03	1.41e-02	6.42e-02	4.06e-01	3.86e-01	1.26e-01
 1.61433e+22	0.00e+00	0.00e+00	0.00e+00	0.00e+00	0.00e+00	0.00e+00	3.86e-32	4.23e-29	3.47e-26	1.11e-23	3.35e-21	8.05e-19	2.26e-16	4.33e-14	7.90e-12	1.00e-09	9.67e-08	1.36e-06	1.46e-05	1.17e-04	7.34e-04	3.30e-03	1.55e-02	6.80e-02	4.14e-01	3.79e-01	1.19e-01
 1.62652e+22	0.00e+00	0.00e+00	0.00e+00	0.00e+00	0.00e+00	0.00e+00	8.60e-32	8.92e-29	6.92e-26	2.10e-23	5.95e-21	1.35e-18	3.56e-16	6.46e-14	1.12e-11	1.37e-09	1.28e-07	1.75e-06	1.84e-05	1.44e-04	8.71e-04	3.78e-03	1.70e-02	7.22e-02	4.22e-01	3.72e-01	1.13e-01
 1.63856e+22	0.00e+00	0.00e+00	0.00e+00	0.00e+00	0.00e+00	0.00e+00	1.79e-31	1.76e-28	1.30e-25	3.73e-23	1.00e-20	2.15e-18	5.39e-16	9.28e-14	1.53e-11	1.81e-09	1.66e-07	2.22e-06	2.26e-05	1.72e-04	1.02e-03	4.28e-03	1.86e-02	7.62e-02	4.29e-01	3.64e-01	1.06e-01
 1.65057e+22	0.00e+00	0.00e+00	0.00e+00	0.00e+00	0.00e+00	1.07e-34	3.34e-31	3.12e-28	2.17e-25	6.94e-23	1.76e-20	3.55e-18	8.38e-16	1.37e-13	2.15e-11	2.43e-09	2.18e-07	2.84e-06	2.83e-05	2.10e-04	1.20e-03	4.89e-03	2.04e-02	8.07e-02	4.36e-01	3.56e-01	1.00e-01
 1.66276e+22	0.00e+00	0.00e+00	0.00e+00	0.00e+00	0.00e+00	2.37e-34	7.05e-31	6.25e-28	4.12e-25	1.24e-22	2.98e-20	5.70e-18	1.27e-15	1.96e-13	2.94e-11	3.21e-09	2.82e-07	3.59e-06	3.49e-05	2.52e-04	1.40e-03	5.54e-03	2.23e-02	8.51e-02	4.43e-01	3.48e-01	9.43e-02
 1.67440e+22	0.00e+00	0.00e+00	0.00e+00	0.00e+00	0.00e+00	5.08e-34	1.44e-30	1.21e-27	7.60e-25	2.18e-22	4.94e-20	8.94e-18	1.89e-15	2.77e-13	3.96e-11	4.17e-09	3.60e-07	4.48e-06	4.26e-05	3.01e-04	1.63e-03	6.25e-03	2.43e-02	8.95e-02	4.49e-01	3.40e-01	8.90e-02
 1.68632e+22	0.00e+00	0.00e+00	0.00e+00	0.00e+00	0.00e+00	1.16e-33	3.10e-30	2.48e-27	1.47e-24	3.96e-22	8.49e-20	1.45e-17	2.88e-15	4.00e-13	5.43e-11	5.50e-09	4.65e-07	5.67e-06	5.27e-05	3.63e-04	1.91e-03	7.10e-03	2.66e-02	9.43e-02	4.55e-01	3.31e-01	8.34e-02
 1.69835e+22	0.00e+00	0.00e+00	0.00e+00	0.00e+00	0.00e+00	2.50e-33	6.39e-30	4.85e-27	2.72e-24	6.95e-22	1.41e-19	2.27e-17	4.27e-15	5.63e-13	7.28e-11	7.12e-09	5.92e-07	7.07e-06	6.43e-05	4.32e-04	2.22e-03	8.00e-03	2.89e-02	9.90e-02	4.60e-01	3.23e-01	7.83e-02
 1.71035e+22	0.00e+00	0.00e+00	0.00e+00	0.00e+00	0.00e+00	5.62e-33	1.36e-29	9.77e-27	5.18e-24	1.25e-21	2.39e-19	3.63e-17	6.43e-15	8.02e-13	9.87e-11	9.29e-09	7.58e-07	8.88e-06	7.91e-05	5.19e-04	2.59e-03	9.06e-03	3.15e-02	1.04e-01	4.65e-01	3.14e-01	7.33e-02
 1.72249e+22	0.00e+00	0.00e+00	0.00e+00	0.00e+00	0.00e+00	1.23e-32	2.83e-29	1.93e-26	9.68e-24	2.21e-21	3.98e-19	5.71e-17	9.55e-15	1.13e-12	1.32e-10	1.20e-08	9.62e-07	1.11e-05	9.66e-05	6.20e-04	3.01e-03	1.02e-02	3.42e-02	1.09e-01	4.70e-01	3.05e-01	6.85e-02
 1.73459e+22	0.00e+00	0.00e+00	0.00e+00	0.00e+00	0.00e+00	2.73e-32	5.94e-29	3.84e-26	1.82e-23	3.92e-21	6.66e-19	9.02e-17	1.42e-14	1.59e-12	1.77e-10	1.54e-08	1.22e-06	1.38e-05	1.18e-04	7.41e-04	3.51e-03	1.15e-02	3.72e-02	1.14e-01	4.73e-01	2.95e-01	6.40e-02
 1.74661e+22	0.00e+00	0.00e+00	0.00e+00	0.00e+00	0.00e+00	5.88e-32	1.22e-28	7.45e-26	3.35e-23	6.80e-21	1.09e-18	1.40e-16	2.08e-14	2.20e-12	2.33e-10	1.97e-08	1.53e-06	1.70e-05	1.43e-04	8.80e-04	4.06e-03	1.30e-02	4.03e-02	1.19e-01	4.76e-01	2.86e-01	5.97e-02
 1.75858e+22	0.00e+00	0.00e+00	0.00e+00	0.00e+00	0.00e+00	1.29e-31	2.52e-28	1.46e-25	6.22e-23	1.19e-20	1.81e-18	2.18e-16	3.05e-14	3.06e-12	3.08e-10	2.50e-08	1.93e-06	2.11e-05	1.74e-04	1.05e-03	4.71e-03	1.46e-02	4.36e-02	1.25e-01	4.79e-01	2.77e-01	5.56e-02
 1.77061e+22	0.00e+00	0.00e+00	0.00e+00	0.00e+00	1.21e-34	2.57e-31	4.78e-28	2.63e-25	1.14e-22	2.07e-20	2.96e-18	3.36e-16	4.44e-14	4.21e-12	4.03e-10	3.16e-08	2.41e-06	2.60e-05	2.11e-04	1.24e-03	5.45e-03	1.64e-02	4.72e-02	1.30e-01	4.81e-01	2.67e-01	5.17e-02
 1.78257e+22	0.00e+00	0.00e+00	0.00e+00	0.00e+00	2.69e-34	5.55e-31	9.79e-28	5.11e-25	2.09e-22	3.58e-20	4.83e-18	5.18e-16	6.45e-14	5.78e-12	5.27e-10	3.98e-08	3.00e-06	3.20e-05	2.55e-04	1.47e-03	6.30e-03	1.84e-02	5.09e-02	1.35e-01	4.82e-01	2.58e-01	4.80e-02
 1.79453e+22	0.00e+00	0.00e+00	0.00e+00	0.00e+00	5.95e-34	1.19e-30	1.99e-27	9.85e-25	3.82e-22	6.16e-20	7.84e-18	7.93e-16	9.31e-14	7.90e-12	6.84e-10	4.98e-08	3.72e-06	3.92e-05	3.08e-04	1.74e-03	7.27e-03	2.06e-02	5.49e-02	1.40e-01	4.82e-01	2.48e-01	4.45e-02
 1.80643e+22	0.00e+00	0.00e+00	0.00e+00	0.00e+00	1.31e-33	2.54e-30	4.03e-27	1.89e-24	6.92e-22	1.05e-19	1.26e-17	1.21e-15	1.34e-13	1.07e-11	8.83e-10	6.20e-08	4.59e-06	4.78e-05	3.71e-04	2.06e-03	8.38e-03	2.30e-02	5.91e-02	1.46e-01	4.82e-01	2.38e-01	4.12e-02
 1.81826e+22	0.00e+00	0.00e+00	0.00e+00	0.00e+00	2.85e-33	5.39e-30	8.10e-27	3.60e-24	1.25e-21	1.79e-19	2.03e-17	1.83e-15	1.91e-13	1.45e-11	1.13e-09	7.68e-08	5.65e-06	5.83e-05	4.46e-04	2.42e-03	9.63e-03	2.57e-02	6.35e-02	1.51e-01	4.81e-01	2.29e-01	3.81e-02
 1.83002e+22	0.00e+00	0.00e+00	0.00e+00	0.00e+00	6.17e-33	1.13e-29	1.62e-26	6.81e-24	2.23e-21	3.03e-19	3.23e-17	2.75e-15	2.71e-13	1.95e-11	1.45e-09	9.45e-08	6.92e-06	7.08e-05	5.35e-04	2.85e-03	1.11e-02	2.86e-02	6.81e-02	1.56e-01	4.79e-01	2.19e-01	3.52e-02
 1.84171e+22	0.00e+00	0.00e+00	0.00e+00	0.00e+00	1.33e-32	2.37e-29	3.21e-26	1.28e-23	3.97e-21	5.09e-19	5.13e-17	4.11e-15	3.82e-13	2.60e-11	1.84e-09	1.16e-07	8.44e-06	8.57e-05	6.39e-04	3.35e-03	1.27e-02	3.18e-02	7.29e-02	1.60e-01	4.76e-01	2.10e-01	3.24e-02
 1.85334e+22	0.00e+00	0.00e+00	0.00e+00	0.00e+00	2.85e-32	4.93e-29	6.34e-26	2.40e-23	7.02e-21	8.50e-19	8.09e-17	6.12e-15	5.36e-13	3.45e-11	2.32e-09	1.41e-07	1.03e-05	1.03e-04	7.63e-04	3.93e-03	1.45e-02	3.53e-02	7.78e-02	1.65e-01	4.72e-01	2.00e-01	2.99e-02
 1.86491e+22	0.00e+00	0.00e+00	0.00e+00	0.00e+00	6.09e-32	1.02e-28	1.25e-25	4.47e-23	1.24e-20	1.41e-18	1.27e-16	9.07e-15	7.50e-13	4.57e-11	2.92e-09	1.71e-07	1.24e-05	1.25e-04	9.10e-04	4.60e-03	1.66e-02	3.92e-02	8.30e-02	1.69e-01	4.68e-01	1.91e-01	2.74e-02
 1.87640e+22	0.00e+00	0.00e+00	0.00e+00	0.00e+00	1.24e-31	2.02e-28	2.34e-25	8.26e-23	2.16e-20	2.34e-18	1.98e-16	1.34e-14	1.04e-12	6.02e-11	3.66e-09	2.06e-07	1.50e-05	1.50e-04	1.08e-03	5.37e-03	1.89e-02	4.33e-02	8.83e-02	1.73e-01	4.62e-01	1.82e-01	2.52e-02
 1.88783e+22	0.00e+00	0.00e+00	0.00e+00	0.00e+00	2.62e-31	4.13e-28	4.54e-25	1.52e-22	3.77e-20	3.84e-18	3.08e-16	1.96e-14	1.44e-12	7.89e-11	4.56e-09	2.48e-07	1.81e-05	1.80e-04	1.28e-03	6.26e-03	2.15e-02	4.78e-02	9.37e-02	1.77e-01	4.56e-01	1.73e-01	2.31e-02
 1.89921e+22	0.00e+00	0.00e+00	0.00e+00	1.14e-34	5.49e-31	8.40e-28	8.77e-25	2.78e-22	6.53e-20	6.29e-18	4.75e-16	2.86e-14	1.99e-12	1.03e-10	5.66e-09	2.96e-07	2.17e-05	2.15e-04	1.52e-03	7.28e-03	2.44e-02	5.26e-02	9.92e-02	1.81e-01	4.49e-01	1.64e-01	2.11e-02
 1.91055e+22	0.00e+00	0.00e+00	0.00e+00	2.45e-34	1.15e-30	1.70e-27	1.68e-24	5.07e-22	1.13e-19	1.02e-17	7.32e-16	4.16e-14	2.73e-12	1.34e-10	6.99e-09	3.53e-07	2.60e-05	2.57e-04	1.80e-03	8.46e-03	2.77e-02	5.78e-02	1.05e-01	1.84e-01	4.41e-01	1.55e-01	1.92e-02
 1.92188e+22	0.00e+00	0.00e+00	0.00e+00	5.25e-34	2.38e-30	3.42e-27	3.22e-24	9.19e-22	1.93e-19	1.66e-17	1.12e-15	6.03e-14	3.74e-12	1.74e-10	8.62e-09	4.19e-07	3.10e-05	3.06e-04	2.12e-03	9.82e-03	3.13e-02	6.34e-02	1.11e-01	1.86e-01	4.32e-01	1.46e-01	1.75e-02
 1.93320e+22	0.00e+00	0.00e+00	0.00e+00	1.12e-33	4.93e-30	6.86e-27	6.14e-24	1.66e-21	3.31e-19	2.69e-17	1.71e-15	8.70e-14	5.10e-12	2.24e-10	1.06e-08	4.96e-07	3.70e-05	3.65e-04	2.51e-03	1.14e-02	3.53e-02	6.94e-02	1.16e-01	1.88e-01	4.23e-01	1.38e-01	1.59e-02
 1.94453e+22	0.00e+00	0.00e+00	0.00e+00	2.38e-33	1.02e-29	1.37e-26	1.16e-23	2.99e-21	5.64e-19	4.33e-17	2.61e-15	1.25e-13	6.93e-12	2.89e-10	1.30e-08	5.85e-07	4.40e-05	4.33e-04	2.95e-03	1.31e-02	3.98e-02	7.57e-02	1.22e-01	1.90e-01	4.12e-01	1.30e-01	1.44e-02
 1.95589e+22	0.00e+00	0.00e+00	0.00e+00	5.05e-33	2.09e-29	2.73e-26	2.20e-23	5.37e-21	9.58e-19	6.96e-17	3.96e-15	1.80e-13	9.41e-12	3.72e-10	1.59e-08	6.88e-07	5.22e-05	5.15e-04	3.48e-03	1.52e-02	4.48e-02	8.24e-02	1.28e-01	1.91e-01	4.01e-01	1.21e-01	1.30e-02
 1.96730e+22	0.00e+00	0.00e+00	0.00e+00	1.07e-32	4.29e-29	5.41e-26	4.15e-23	9.61e-21	1.62e-18	1.12e-16	6.01e-15	2.58e-13	1.27e-11	4.78e-10	1.94e-08	8.07e-07	6.20e-05	6.11e-04	4.08e-03	1.75e-02	5.02e-02	8.94e-02	1.33e-01	1.91e-01	3.89e-01	1.13e-01	1.17e-02
 1.97881e+22	0.00e+00	0.00e+00	0.00e+00	2.26e-32	8.80e-29	1.07e-25	7.81e-23	1.72e-20	2.75e-18	1.78e-16	9.09e-15	3.69e-13	1.72e-11	6.13e-10	2.36e-08	9.46e-07	7.35e-05	7.24e-04	4.80e-03	2.01e-02	5.62e-02	9.68e-02	1.38e-01	1.91e-01	3.76e-01	1.06e-01	1.05e-02
 1.99043e+22	0.00e+00	0.00e+00	0.00e+00	4.70e-32	1.77e-28	2.08e-25	1.47e-22	3.06e-20	4.64e-18	2.85e-16	1.37e-14	5.27e-13	2.33e-11	7.85e-10	2.87e-08	1.11e-06	8.70e-05	8.58e-04	5.62e-03	2.31e-02	6.28e-02	1.04e-01	1.43e-01	1.90e-01	3.62e-01	9.81e-02	9.43e-03
 2.00218e+22	0.00e+00	0.00e+00	0.00e+00	9.92e-32	3.62e-28	4.12e-25	2.76e-22	5.46e-20	7.84e-18	4.56e-16	2.08e-14	7.53e-13	3.15e-11	1.01e-09	3.50e-08	1.29e-06	1.03e-04	1.02e-03	6.59e-03	2.65e-02	6.99e-02	1.12e-01	1.48e-01	1.89e-01	3.48e-01	9.07e-02	8.41e-03
 2.01410e+22	0.00e+00	0.00e+00	0.00e+00	2.10e-31	7.41e-28	8.13e-25	5.18e-22	9.74e-20	1.32e-17	7.28e-16	3.13e-14	1.08e-12	4.25e-11	1.29e-09	4.26e-08	1.51e-06	1.22e-04	1.20e-03	7.71e-03	3.03e-02	7.77e-02	1.21e-01	1.52e-01	1.86e-01	3.33e-01	8.36e-02	7.46e-03
 2.02622e+22	0.00e+00	0.00e+00	0.00e+00	4.44e-31	1.52e-27	1.61e-24	9.72e-22	1.74e-19	2.23e-17	1.16e-15	4.73e-14	1.54e-12	5.75e-11	1.65e-09	5.18e-08	1.76e-06	1.44e-04	1.42e-03	9.02e-03	3.46e-02	8.61e-02	1.29e-01	1.56e-01	1.83e-01	3.17e-01	7.67e-02	6.60e-03
 2.03858e+22	0.00e+00	0.00e+00	6.44e-35	9.41e-31	3.11e-27	3.18e-24	1.83e-21	3.10e-19	3.77e-17	1.86e-15	7.16e-14	2.20e-12	7.78e-11	2.11e-09	6.30e-08	2.05e-06	1.71e-04	1.68e-03	1.05e-02	3.95e-02	9.51e-02	1.37e-01	1.60e-01	1.80e-01	3.01e-01	7.00e-02	5.80e-03
 2.05121e+22	0.00e+00	0.00e+00	1.41e-34	2.00e-30	6.39e-27	6.30e-24	3.44e-21	5.54e-19	6.39e-17	2.98e-15	1.08e-13	3.15e-12	1.05e-10	2.71e-09	7.68e-08	2.40e-06	2.02e-04	1.99e-03	1.23e-02	4.49e-02	1.05e-01	1.46e-01	1.62e-01	1.75e-01	2.84e-01	6.36e-02	5.08e-03
 2.06358e+22	0.00e+00	0.00e+00	2.90e-34	3.99e-30	1.23e-26	1.18e-23	6.14e-21	9.42e-19	1.03e-16	4.58e-15	1.58e-13	4.38e-12	1.39e-10	3.41e-09	9.21e-08	2.76e-06	2.36e-04	2.32e-03	1.41e-02	5.03e-02	1.14e-01	1.53e-01	1.64e-01	1.70e-01	2.68e-01	5.81e-02	4.48e-03
 2.07632e+22	0.00e+00	0.00e+00	6.45e-34	8.59e-30	2.56e-26	2.35e-23	1.17e-20	1.70e-18	1.76e-16	7.38e-15	2.42e-13	6.32e-12	1.90e-10	4.40e-09	1.13e-07	3.23e-06	2.80e-04	2.74e-03	1.65e-02	5.70e-02	1.25e-01	1.61e-01	1.66e-01	1.65e-01	2.51e-01	5.22e-02	3.87e-03
 2.08925e+22	0.00e+00	0.00e+00	1.31e-33	1.70e-29	4.90e-26	4.35e-23	2.06e-20	2.87e-18	2.84e-16	1.13e-14	3.52e-13	8.75e-12	2.50e-10	5.53e-09	1.35e-07	3.71e-06	3.26e-04	3.18e-03	1.88e-02	6.35e-02	1.35e-01	1.68e-01	1.66e-01	1.59e-01	2.35e-01	4.72e-02	3.38e-03
 2.10263e+22	0.00e+00	0.00e+00	2.94e-33	3.68e-29	1.02e-25	8.79e-23	3.96e-20	5.21e-18	4.88e-16	1.84e-14	5.40e-13	1.27e-11	3.43e-10	7.18e-09	1.66e-07	4.36e-06	3.88e-04	3.77e-03	2.19e-02	7.16e-02	1.47e-01	1.76e-01	1.66e-01	1.52e-01	2.18e-01	4.19e-02	2.89e-03
 2.11624e+22	0.00e+00	0.00e+00	5.97e-33	7.23e-29	1.95e-25	1.62e-22	6.97e-20	8.77e-18	7.82e-16	2.80e-14	7.85e-13	1.76e-11	4.51e-10	9.01e-09	1.99e-07	5.01e-06	4.51e-04	4.36e-03	2.49e-02	7.92e-02	1.57e-01	1.82e-01	1.65e-01	1.45e-01	2.02e-01	3.76e-02	2.50e-03
 2.13034e+22	0.00e+00	0.00e+00	1.37e-32	1.60e-28	4.14e-25	3.31e-22	1.35e-19	1.61e-17	1.36e-15	4.60e-14	1.22e-12	2.57e-11	6.23e-10	1.18e-08	2.46e-07	5.89e-06	5.37e-04	5.15e-03	2.88e-02	8.88e-02	1.69e-01	1.88e-01	1.63e-01	1.37e-01	1.85e-01	3.29e-02	2.10e-03
 2.14471e+22	0.00e+00	0.00e+00	2.76e-32	3.14e-28	7.85e-25	6.07e-22	2.37e-19	2.70e-17	2.17e-15	7.01e-14	1.77e-12	3.56e-11	8.21e-10	1.48e-08	2.95e-07	6.77e-06	6.23e-04	5.93e-03	3.26e-02	9.75e-02	1.80e-01	1.92e-01	1.60e-01	1.30e-01	1.70e-01	2.93e-02	1.80e-03
 2.15795e+22	0.00e+00	0.00e+00	5.45e-32	6.00e-28	1.45e-24	1.09e-21	4.07e-19	4.45e-17	3.41e-15	1.05e-13	2.53e-12	4.86e-11	1.07e-09	1.84e-08	3.51e-07	7.75e-06	7.18e-04	6.78e-03	3.66e-02	1.06e-01	1.90e-01	1.96e-01	1.57e-01	1.23e-01	1.57e-01	2.60e-02	1.55e-03
 2.17302e+22	0.00e+00	0.00e+00	1.28e-31	1.36e-27	3.17e-24	2.27e-21	8.07e-19	8.34e-17	6.04e-15	1.76e-13	3.98e-12	7.22e-11	1.50e-09	2.43e-08	4.38e-07	9.18e-06	8.58e-04	8.01e-03	4.22e-02	1.18e-01	2.02e-01	1.99e-01	1.53e-01	1.13e-01	1.40e-01	2.23e-02	1.27e-03
 2.18823e+22	0.00e+00	0.00e+00	2.49e-31	2.56e-27	5.78e-24	4.01e-21	1.37e-18	1.36e-16	9.39e-15	2.61e-13	5.65e-12	9.80e-11	1.94e-09	3.02e-08	5.20e-07	1.05e-05	9.83e-04	9.10e-03	4.69e-02	1.27e-01	2.11e-01	2.01e-01	1.48e-01	1.06e-01	1.28e-01	1.97e-02	1.08e-03
 2.20364e+22	0.00e+00	0.00e+00	5.78e-31	5.74e-27	1.24e-23	8.26e-21	2.67e-18	2.51e-16	1.64e-14	4.31e-13	8.82e-12	1.45e-10	2.71e-09	3.97e-08	6.46e-07	1.24e-05	1.17e-03	1.07e-02	5.35e-02	1.40e-01	2.22e-01	2.02e-01	1.42e-01	9.73e-02	1.13e-01	1.67e-02	8.80e-04
 2.21933e+22	0.00e+00	0.00e+00	1.12e-30	1.08e-26	2.27e-23	1.46e-20	4.53e-18	4.08e-16	2.56e-14	6.42e-13	1.25e-11	1.96e-10	3.51e-09	4.93e-08	7.68e-07	1.41e-05	1.34e-03	1.20e-02	5.92e-02	1.50e-01	2.30e-01	2.02e-01	1.37e-01	9.03e-02	1.03e-01	1.46e-02	7.43e-04
 2.23538e+22	0.00e+00	5.87e-35	2.62e-30	2.43e-26	4.88e-23	3.01e-20	8.89e-18	7.59e-16	4.49e-14	1.06e-12	1.96e-11	2.90e-10	4.90e-09	6.50e-08	9.57e-07	1.67e-05	1.58e-03	1.40e-02	6.70e-02	1.63e-01	2.40e-01	2.01e-01	1.30e-01	8.16e-02	8.97e-02	1.22e-02	5.94e-04
 2.25151e+22	0.00e+00	0.00e+00	4.99e-30	4.48e-26	8.73e-23	5.22e-20	1.48e-17	1.21e-15	6.89e-14	1.56e-12	2.76e-11	3.91e-10	6.32e-09	8.03e-08	1.13e-06	1.90e-05	1.80e-03	1.57e-02	7.34e-02	1.73e-01	2.46e-01	1.99e-01	1.24e-01	7.52e-02	8.06e-02	1.06e-02	4.99e-04
 2.26771e+22	0.00e+00	2.79e-34	1.16e-29	1.00e-25	1.87e-22	1.07e-19	2.89e-17	2.25e-15	1.20e-13	2.58e-12	4.31e-11	5.76e-10	8.79e-09	1.06e-07	1.41e-06	2.23e-05	2.12e-03	1.82e-02	8.24e-02	1.87e-01	2.53e-01	1.95e-01	1.16e-01	6.72e-02	6.98e-02	8.75e-03	3.95e-04
 2.28384e+22	0.00e+00	0.00e+00	2.10e-29	1.77e-25	3.21e-22	1.79e-19	4.64e-17	3.48e-15	1.79e-13	3.69e-12	5.92e-11	7.61e-10	1.12e-08	1.29e-07	1.65e-06	2.52e-05	2.38e-03	2.01e-02	8.92e-02	1.96e-01	2.58e-01	1.92e-01	1.10e-01	6.18e-02	6.27e-02	7.62e-03	3.33e-04
 2.29986e+22	0.00e+00	1.20e-33	4.66e-29	3.77e-25	6.58e-22	3.52e-19	8.70e-17	6.20e-15	3.03e-13	5.92e-12	9.00e-11	1.10e-09	1.52e-08	1.67e-07	2.02e-06	2.95e-05	2.77e-03	2.30e-02	9.87e-02	2.08e-01	2.62e-01	1.87e-01	1.03e-01	5.50e-02	5.42e-02	6.30e-03	2.64e-04
 2.31624e+22	0.00e+00	2.35e-33	8.81e-29	6.92e-25	1.17e-21	6.05e-19	1.44e-16	9.87e-15	4.62e-13	8.66e-12	1.26e-10	1.47e-09	1.96e-08	2.05e-07	2.39e-06	3.34e-05	3.12e-03	2.54e-02	1.07e-01	2.18e-01	2.65e-01	1.82e-01	9.65e-02	4.99e-02	4.80e-02	5.39e-03	2.18e-04
 2.33312e+22	0.00e+00	5.60e-33	2.01e-28	1.52e-24	2.46e-21	1.22e-18	2.76e-16	1.80e-14	7.97e-13	1.41e-11	1.95e-10	2.15e-09	2.71e-08	2.69e-07	2.95e-06	3.92e-05	3.63e-03	2.90e-02	1.18e-01	2.30e-01	2.67e-01	1.75e-01	8.86e-02	4.38e-02	4.08e-02	4.38e-03	1.70e-04
 2.35001e+22	0.00e+00	1.07e-32	3.73e-28	2.73e-24	4.29e-21	2.06e-18	4.50e-16	2.81e-14	1.20e-12	2.04e-11	2.70e-10	2.86e-09	3.45e-08	3.29e-07	3.47e-06	4.42e-05	4.06e-03	3.18e-02	1.26e-01	2.39e-01	2.68e-01	1.69e-01	8.28e-02	3.95e-02	3.60e-02	3.74e-03	1.40e-04
 2.36693e+22	0.00e+00	0.00e+00	8.41e-28	5.93e-24	8.93e-21	4.11e-18	8.53e-16	5.07e-14	2.05e-12	3.30e-11	4.13e-10	4.15e-09	4.74e-08	4.28e-07	4.27e-06	5.18e-05	4.70e-03	3.59e-02	1.38e-01	2.50e-01	2.67e-01	1.61e-01	7.53e-02	3.44e-02	3.04e-02	3.02e-03	1.08e-04
 2.38416e+22	0.00e+00	4.93e-32	1.59e-27	1.09e-23	1.59e-20	7.06e-18	1.41e-15	8.06e-14	3.12e-12	4.82e-11	5.78e-10	5.57e-09	6.09e-08	5.27e-07	5.04e-06	5.86e-05	5.26e-03	3.94e-02	1.47e-01	2.58e-01	2.66e-01	1.55e-01	6.97e-02	3.07e-02	2.65e-02	2.54e-03	8.80e-05
 2.40179e+22	0.00e+00	1.19e-31	3.68e-27	2.41e-23	3.37e-20	1.43e-17	2.72e-15	1.48e-13	5.40e-12	7.90e-11	8.96e-10	8.16e-09	8.44e-08	6.90e-07	6.24e-06	6.88e-05	6.08e-03	4.44e-02	1.60e-01	2.67e-01	2.63e-01	1.46e-01	6.26e-02	2.63e-02	2.21e-02	2.02e-03	6.68e-05
 2.41968e+22	0.00e+00	2.38e-31	7.10e-27	4.50e-23	6.06e-20	2.50e-17	4.55e-15	2.37e-13	8.30e-12	1.16e-10	1.26e-09	1.10e-08	1.09e-07	8.53e-07	7.38e-06	7.80e-05	6.80e-03	4.86e-02	1.70e-01	2.74e-01	2.60e-01	1.39e-01	5.74e-02	2.33e-02	1.90e-02	1.68e-03	5.36e-05
 2.43523e+22	0.00e+00	4.65e-31	1.34e-26	8.24e-23	1.07e-19	4.27e-17	7.49e-15	3.75e-13	1.26e-11	1.69e-10	1.76e-09	1.47e-08	1.40e-07	1.05e-06	8.68e-06	8.80e-05	7.56e-03	5.29e-02	1.80e-01	2.81e-01	2.56e-01	1.32e-01	5.26e-02	2.06e-02	1.65e-02	1.40e-03	4.32e-05
 2.44991e+22	0.00e+00	8.61e-31	2.41e-26	1.44e-22	1.81e-19	6.99e-17	1.18e-14	5.71e-13	1.84e-11	2.38e-10	2.39e-09	1.92e-08	1.75e-07	1.26e-06	1.01e-05	9.83e-05	8.33e-03	5.70e-02	1.89e-01	2.86e-01	2.52e-01	1.25e-01	4.84e-02	1.83e-02	1.44e-02	1.18e-03	3.53e-05
 2.46613e+22	0.00e+00	1.93e-30	5.19e-26	2.97e-22	3.60e-19	1.33e-16	2.15e-14	9.90e-13	3.04e-11	3.73e-10	3.55e-09	2.72e-08	2.35e-07	1.61e-06	1.22e-05	1.13e-04	9.42e-03	6.28e-02	2.02e-01	2.91e-01	2.46e-01	1.17e-01	4.32e-02	1.57e-02	1.20e-02	9.44e-04	2.70e-05
 2.48229e+22	0.00e+00	3.57e-30	9.29e-26	5.17e-22	6.05e-19	2.17e-16	3.39e-14	1.50e-12	4.44e-11	5.24e-10	4.80e-09	3.54e-08	2.95e-07	1.94e-06	1.41e-05	1.27e-04	1.03e-02	6.75e-02	2.11e-01	2.95e-01	2.40e-01	1.11e-01	3.95e-02	1.39e-02	1.04e-02	7.94e-04	2.20e-05
 2.49837e+22	0.00e+00	8.00e-30	2.00e-25	1.07e-21	1.20e-18	4.13e-16	6.14e-14	2.60e-12	7.28e-11	8.19e-10	7.13e-09	4.99e-08	3.95e-07	2.48e-06	1.71e-05	1.46e-04	1.16e-02	7.39e-02	2.23e-01	2.99e-01	2.33e-01	1.02e-01	3.51e-02	1.18e-02	8.62e-03	6.30e-04	1.67e-05
 2.51335e+22	0.00e+00	1.32e-29	3.22e-25	1.68e-21	1.83e-18	6.16e-16	8.90e-14	3.65e-12	9.92e-11	1.08e-09	9.13e-09	6.20e-08	4.75e-07	2.88e-06	1.93e-05	1.59e-04	1.25e-02	7.82e-02	2.31e-01	3.01e-01	2.28e-01	9.75e-02	3.25e-02	1.07e-02	7.65e-03	5.44e-04	1.40e-05
 2.52473e+22	0.00e+00	2.20e-29	5.21e-25	2.65e-21	2.82e-18	9.21e-16	1.29e-13	5.14e-12	1.35e-10	1.43e-09	1.17e-08	7.68e-08	5.70e-07	3.35e-06	2.17e-05	1.74e-04	1.35e-02	8.25e-02	2.39e-01	3.03e-01	2.23e-01	9.26e-02	3.00e-02	9.61e-03	6.78e-03	4.69e-04	1.18e-05
 2.53532e+22	0.00e+00	3.49e-29	8.06e-25	4.00e-21	4.15e-18	1.32e-15	1.81e-13	7.00e-12	1.79e-10	1.84e-09	1.46e-08	9.34e-08	6.73e-07	3.85e-06	2.42e-05	1.88e-04	1.44e-02	8.66e-02	2.46e-01	3.04e-01	2.18e-01	8.82e-02	2.80e-02	8.73e-03	6.07e-03	4.09e-04	1.00e-05
 2.54707e+22	0.00e+00	6.34e-29	1.42e-24	6.82e-21	6.85e-18	2.12e-15	2.80e-13	1.04e-11	2.57e-10	2.55e-09	1.95e-08	1.20e-07	8.35e-07	4.59e-06	2.78e-05	2.09e-04	1.56e-02	9.20e-02	2.55e-01	3.05e-01	2.11e-01	8.28e-02	2.54e-02	7.70e-03	5.25e-03	3.43e-04	8.14e-06
 2.55854e+22	0.00e+00	9.84e-29	2.15e-24	1.01e-20	9.91e-18	2.99e-15	3.85e-13	1.40e-11	3.36e-10	3.24e-09	2.41e-08	1.45e-07	9.78e-07	5.23e-06	3.08e-05	2.25e-04	1.66e-02	9.62e-02	2.61e-01	3.06e-01	2.06e-01	7.89e-02	2.37e-02	7.00e-03	4.71e-03	3.00e-04	6.97e-06
 2.56963e+22	0.00e+00	1.79e-28	3.78e-24	1.72e-20	1.63e-17	4.77e-15	5.93e-13	2.08e-11	4.80e-10	4.47e-09	3.21e-08	1.86e-07	1.21e-06	6.23e-06	3.53e-05	2.48e-04	1.80e-02	1.02e-01	2.70e-01	3.06e-01	1.99e-01	7.38e-02	2.14e-02	6.16e-03	4.06e-03	2.51e-04	5.64e-06
 2.58057e+22	0.00e+00	2.67e-28	5.54e-24	2.47e-20	2.29e-17	6.56e-15	7.97e-13	2.73e-11	6.14e-10	5.58e-09	3.91e-08	2.20e-07	1.40e-06	7.03e-06	3.88e-05	2.67e-04	1.90e-02	1.06e-01	2.75e-01	3.05e-01	1.94e-01	7.04e-02	2.00e-02	5.63e-03	3.67e-03	2.22e-04	4.87e-06
 2.59130e+22	0.00e+00	4.73e-28	9.49e-24	4.10e-20	3.68e-17	1.02e-14	1.20e-12	3.99e-11	8.65e-10	7.58e-09	5.13e-08	2.80e-07	1.71e-06	8.31e-06	4.42e-05	2.93e-04	2.04e-02	1.12e-01	2.83e-01	3.05e-01	1.87e-01	6.58e-02	1.82e-02	4.97e-03	3.18e-03	1.86e-04	3.97e-06
 2.60180e+22	0.00e+00	7.09e-28	1.39e-23	5.88e-20	5.15e-17	1.40e-14	1.61e-12	5.22e-11	1.10e-09	9.44e-09	6.24e-08	3.31e-07	1.98e-06	9.36e-06	4.85e-05	3.14e-04	2.16e-02	1.16e-01	2.89e-01	3.04e-01	1.82e-01	6.27e-02	1.70e-02	4.54e-03	2.87e-03	1.64e-04	3.43e-06
 2.61201e+22	0.00e+00	1.27e-27	2.41e-23	9.85e-20	8.34e-17	2.20e-14	2.44e-12	7.64e-11	1.56e-09	1.29e-08	8.21e-08	4.21e-07	2.43e-06	1.11e-05	5.53e-05	3.45e-04	2.32e-02	1.22e-01	2.97e-01	3.02e-01	1.75e-01	5.84e-02	1.53e-02	3.98e-03	2.47e-03	1.37e-04	2.78e-06
 2.62202e+22	0.00e+00	1.86e-27	3.46e-23	1.39e-19	1.15e-16	2.97e-14	3.22e-12	9.86e-11	1.96e-09	1.59e-08	9.88e-08	4.95e-07	2.78e-06	1.24e-05	6.04e-05	3.69e-04	2.44e-02	1.26e-01	3.02e-01	3.01e-01	1.71e-01	5.56e-02	1.43e-02	3.65e-03	2.24e-03	1.22e-04	2.41e-06
 2.63180e+22	0.00e+00	3.17e-27	5.72e-23	2.22e-19	1.78e-16	4.48e-14	4.71e-12	1.40e-10	2.69e-09	2.11e-08	1.27e-07	6.18e-07	3.36e-06	1.45e-05	6.82e-05	4.02e-04	2.60e-02	1.32e-01	3.08e-01	2.99e-01	1.64e-01	5.20e-02	1.30e-02	3.23e-03	1.95e-03	1.03e-04	1.98e-06
 2.64182e+22	0.00e+00	4.93e-27	8.65e-23	3.28e-19	2.57e-16	6.29e-14	6.45e-12	1.87e-10	3.49e-09	2.67e-08	1.57e-07	7.41e-07	3.92e-06	1.64e-05	7.53e-05	4.33e-04	2.75e-02	1.37e-01	3.14e-01	2.97e-01	1.59e-01	4.91e-02	1.20e-02	2.91e-03	1.73e-03	8.94e-05	1.68e-06
 2.65034e+22	0.00e+00	7.19e-27	1.24e-22	4.59e-19	3.50e-16	8.42e-14	8.45e-12	2.39e-10	4.37e-09	3.27e-08	1.88e-07	8.68e-07	4.48e-06	1.84e-05	8.21e-05	4.61e-04	2.88e-02	1.41e-01	3.18e-01	2.95e-01	1.54e-01	4.67e-02	1.12e-02	2.67e-03	1.57e-03	7.92e-05	1.46e-06
 2.65958e+22	0.00e+00	1.26e-26	2.09e-22	7.51e-19	5.54e-16	1.29e-13	1.25e-11	3.44e-10	6.07e-09	4.39e-08	2.44e-07	1.09e-06	5.44e-06	2.15e-05	9.29e-05	5.04e-04	3.07e-02	1.48e-01	3.25e-01	2.92e-01	1.48e-01	4.34e-02	1.01e-02	2.34e-03	1.35e-03	6.63e-05	1.18e-06
 2.66851e+22	0.00e+00	1.78e-26	2.90e-22	1.02e-18	7.38e-16	1.69e-13	1.61e-11	4.32e-10	7.46e-09	5.29e-08	2.88e-07	1.26e-06	6.16e-06	2.38e-05	1.01e-04	5.34e-04	3.20e-02	1.52e-01	3.29e-01	2.89e-01	1.44e-01	4.14e-02	9.48e-03	2.15e-03	1.23e-03	5.91e-05	1.04e-06
 2.67703e+22	0.00e+00	2.90e-26	4.59e-22	1.57e-18	1.10e-15	2.44e-13	2.27e-11	5.92e-10	9.93e-09	6.85e-08	3.62e-07	1.54e-06	7.30e-06	2.74e-05	1.12e-04	5.78e-04	3.39e-02	1.57e-01	3.34e-01	2.86e-01	1.38e-01	3.87e-02	8.65e-03	1.91e-03	1.08e-03	5.05e-05	8.61e-07
 2.68585e+22	0.00e+00	4.37e-26	6.75e-22	2.25e-18	1.54e-15	3.34e-13	3.03e-11	7.72e-10	1.26e-08	8.51e-08	4.39e-07	1.82e-06	8.43e-06	3.09e-05	1.23e-04	6.17e-04	3.55e-02	1.62e-01	3.38e-01	2.83e-01	1.33e-01	3.65e-02	7.99e-03	1.73e-03	9.66e-04	4.41e-05	7.36e-07
 2.69507e+22	0.00e+00	7.63e-26	1.14e-21	3.66e-18	2.41e-15	5.08e-13	4.46e-11	1.10e-09	1.75e-08	1.14e-07	5.70e-07	2.29e-06	1.02e-05	3.62e-05	1.39e-04	6.75e-04	3.78e-02	1.69e-01	3.44e-01	2.79e-01	1.27e-01	3.37e-02	7.18e-03	1.51e-03	8.30e-04	3.67e-05	5.94e-07
 2.70414e+22	0.00e+00	1.12e-25	1.64e-21	5.14e-18	3.30e-15	6.81e-13	5.85e-11	1.42e-09	2.19e-08	1.40e-07	6.84e-07	2.69e-06	1.17e-05	4.04e-05	1.52e-04	7.18e-04	3.95e-02	1.74e-01	3.47e-01	2.76e-01	1.22e-01	3.19e-02	6.66e-03	1.38e-03	7.45e-04	3.23e-05	5.11e-07
 2.71302e+22	0.00e+00	1.92e-25	2.70e-21	8.20e-18	5.08e-15	1.02e-12	8.49e-11	2.00e-09	2.99e-08	1.85e-07	8.78e-07	3.34e-06	1.41e-05	4.71e-05	1.71e-04	7.82e-04	4.19e-02	1.80e-01	3.52e-01	2.71e-01	1.16e-01	2.95e-02	5.99e-03	1.20e-03	6.42e-04	2.70e-05	4.15e-07
 2.72202e+22	0.00e+00	2.93e-25	4.02e-21	1.19e-17	7.15e-15	1.40e-12	1.14e-10	2.62e-09	3.82e-08	2.32e-07	1.07e-06	3.98e-06	1.64e-05	5.32e-05	1.87e-04	8.37e-04	4.38e-02	1.85e-01	3.56e-01	2.68e-01	1.12e-01	2.77e-02	5.50e-03	1.08e-03	5.70e-04	2.34e-05	3.51e-07
 2.73118e+22	0.00e+00	5.15e-25	6.81e-21	1.94e-17	1.12e-14	2.13e-12	1.68e-10	3.76e-09	5.29e-08	3.12e-07	1.40e-06	5.01e-06	1.99e-05	6.25e-05	2.12e-04	9.16e-04	4.66e-02	1.92e-01	3.60e-01	2.62e-01	1.06e-01	2.54e-02	4.91e-03	9.38e-04	4.85e-04	1.93e-05	2.80e-07
 2.74009e+22	0.00e+00	7.71e-25	9.92e-21	2.75e-17	1.55e-14	2.87e-12	2.22e-10	4.86e-09	6.69e-08	3.85e-07	1.69e-06	5.92e-06	2.29e-05	7.02e-05	2.32e-04	9.77e-04	4.86e-02	1.97e-01	3.63e-01	2.58e-01	1.02e-01	2.38e-02	4.52e-03	8.46e-04	4.32e-04	1.68e-05	2.38e-07
 2.74865e+22	0.00e+00	1.32e-24	1.64e-20	4.38e-17	2.38e-14	4.28e-12	3.22e-10	6.84e-09	9.13e-08	5.11e-07	2.17e-06	7.38e-06	2.77e-05	8.19e-05	2.62e-04	1.06e-03	5.14e-02	2.04e-01	3.67e-01	2.53e-01	9.61e-02	2.19e-02	4.04e-03	7.35e-04	3.70e-04	1.39e-05	1.91e-07
 2.75732e+22	0.00e+00	2.02e-24	2.43e-20	6.31e-17	3.33e-14	5.84e-12	4.30e-10	8.95e-09	1.17e-07	6.38e-07	2.65e-06	8.79e-06	3.21e-05	9.25e-05	2.87e-04	1.14e-03	5.37e-02	2.09e-01	3.70e-01	2.49e-01	9.19e-02	2.05e-02	3.69e-03	6.58e-04	3.27e-04	1.20e-05	1.61e-07
 2.76477e+22	0.00e+00	3.04e-24	3.56e-20	8.96e-17	4.59e-14	7.87e-12	5.68e-10	1.16e-08	1.47e-07	7.91e-07	3.20e-06	1.04e-05	3.70e-05	1.04e-04	3.15e-04	1.21e-03	5.60e-02	2.15e-01	3.72e-01	2.44e-01	8.79e-02	1.91e-02	3.38e-03	5.90e-04	2.89e-04	1.03e-05	1.36e-07
 2.77205e+22	0.00e+00	4.58e-24	5.21e-20	1.27e-16	6.33e-14	1.06e-11	7.50e-10	1.50e-08	1.87e-07	9.81e-07	3.89e-06	1.23e-05	4.27e-05	1.17e-04	3.45e-04	1.30e-03	5.84e-02	2.20e-01	3.74e-01	2.40e-01	8.40e-02	1.79e-02	3.10e-03	5.29e-04	2.56e-04	8.92e-06	0.00e+00
 2.78042e+22	0.00e+00	7.82e-24	8.57e-20	2.01e-16	9.62e-14	1.57e-11	1.08e-09	2.11e-08	2.54e-07	1.30e-06	5.00e-06	1.54e-05	5.16e-05	1.37e-04	3.88e-04	1.41e-03	6.16e-02	2.27e-01	3.77e-01	2.34e-01	7.90e-02	1.63e-02	2.75e-03	4.57e-04	2.17e-04	7.34e-06	0.00e+00
 2.78870e+22	0.00e+00	1.17e-23	1.24e-19	2.83e-16	1.31e-13	2.09e-11	1.42e-09	2.72e-08	3.21e-07	1.61e-06	6.05e-06	1.82e-05	5.95e-05	1.54e-04	4.25e-04	1.51e-03	6.42e-02	2.32e-01	3.79e-01	2.29e-01	7.54e-02	1.52e-02	2.52e-03	4.09e-04	1.92e-04	6.32e-06	0.00e+00
 2.79687e+22	0.00e+00	1.99e-23	2.04e-19	4.46e-16	1.99e-13	3.07e-11	2.03e-09	3.81e-08	4.37e-07	2.14e-06	7.80e-06	2.27e-05	7.19e-05	1.80e-04	4.79e-04	1.64e-03	6.77e-02	2.39e-01	3.81e-01	2.23e-01	7.07e-02	1.39e-02	2.23e-03	3.52e-04	1.62e-04	5.17e-06	0.00e+00
 2.80504e+22	0.00e+00	2.88e-23	2.86e-19	6.09e-16	2.64e-13	4.01e-11	2.60e-09	4.81e-08	5.41e-07	2.60e-06	9.30e-06	2.65e-05	8.21e-05	2.00e-04	5.21e-04	1.74e-03	7.02e-02	2.43e-01	3.82e-01	2.19e-01	6.75e-02	1.30e-02	2.04e-03	3.17e-04	1.44e-04	4.49e-06	0.00e+00
 2.81321e+22	1.54e-35	4.74e-23	4.54e-19	9.29e-16	3.88e-13	5.73e-11	3.64e-09	6.61e-08	7.25e-07	3.40e-06	1.18e-05	3.28e-05	9.83e-05	2.32e-04	5.84e-04	1.89e-03	7.38e-02	2.50e-01	3.84e-01	2.13e-01	6.34e-02	1.18e-02	1.82e-03	2.74e-04	1.23e-04	3.69e-06	0.00e+00
 2.82169e+22	2.47e-35	7.14e-23	6.62e-19	1.31e-15	5.31e-13	7.68e-11	4.80e-09	8.59e-08	9.21e-07	4.24e-06	1.44e-05	3.90e-05	1.14e-04	2.62e-04	6.42e-04	2.03e-03	7.69e-02	2.55e-01	3.84e-01	2.07e-01	6.00e-02	1.09e-02	1.64e-03	2.43e-04	1.07e-04	3.14e-06	0.00e+00
 2.82932e+22	3.90e-35	1.06e-22	9.52e-19	1.83e-15	7.18e-13	1.02e-10	6.27e-09	1.11e-07	1.16e-06	5.25e-06	1.75e-05	4.63e-05	1.32e-04	2.95e-04	7.03e-04	2.16e-03	8.00e-02	2.61e-01	3.85e-01	2.02e-01	5.69e-02	1.01e-02	1.49e-03	2.15e-04	9.38e-05	2.67e-06	0.00e+00
 2.83772e+22	6.82e-35	1.71e-22	1.48e-18	2.73e-15	1.03e-12	1.43e-10	8.66e-09	1.50e-07	1.54e-06	6.83e-06	2.22e-05	5.70e-05	1.57e-04	3.42e-04	7.87e-04	2.35e-03	8.39e-02	2.67e-01	3.86e-01	1.96e-01	5.32e-02	9.19e-03	1.32e-03	1.86e-04	7.94e-05	2.19e-06	0.00e+00
 2.84621e+22	1.07e-34	2.52e-22	2.11e-18	3.78e-15	1.39e-12	1.88e-10	1.12e-08	1.93e-07	1.95e-06	8.45e-06	2.68e-05	6.75e-05	1.82e-04	3.85e-04	8.63e-04	2.51e-03	8.72e-02	2.72e-01	3.86e-01	1.91e-01	5.03e-02	8.48e-03	1.19e-03	1.64e-04	6.93e-05	1.86e-06	0.00e+00
 2.85470e+22	1.83e-34	4.00e-22	3.22e-18	5.54e-15	1.96e-12	2.60e-10	1.53e-08	2.60e-07	2.56e-06	1.09e-05	3.38e-05	8.27e-05	2.16e-04	4.44e-04	9.63e-04	2.72e-03	9.13e-02	2.78e-01	3.86e-01	1.85e-01	4.69e-02	7.69e-03	1.06e-03	1.42e-04	5.87e-05	1.52e-06	0.00e+00
 2.86336e+22	2.87e-34	5.88e-22	4.58e-18	7.62e-15	2.62e-12	3.41e-10	1.99e-08	3.35e-07	3.24e-06	1.36e-05	4.11e-05	9.83e-05	2.50e-04	5.01e-04	1.06e-03	2.91e-03	9.50e-02	2.83e-01	3.85e-01	1.79e-01	4.42e-02	7.07e-03	9.50e-04	1.25e-04	5.09e-05	1.28e-06	0.00e+00
 2.87199e+22	4.77e-34	9.06e-22	6.80e-18	1.09e-14	3.61e-12	4.61e-10	2.67e-08	4.45e-07	4.22e-06	1.73e-05	5.13e-05	1.20e-04	2.96e-04	5.75e-04	1.18e-03	3.14e-03	9.93e-02	2.89e-01	3.84e-01	1.73e-01	4.12e-02	6.41e-03	8.41e-04	1.08e-04	4.32e-05	1.06e-06	0.00e+00
 2.88076e+22	7.42e-34	1.32e-21	9.60e-18	1.49e-14	4.79e-12	6.01e-10	3.45e-08	5.71e-07	5.32e-06	2.15e-05	6.23e-05	1.42e-04	3.43e-04	6.49e-04	1.29e-03	3.37e-03	1.03e-01	2.94e-01	3.83e-01	1.68e-01	3.86e-02	5.87e-03	7.54e-04	9.44e-05	3.73e-05	8.85e-07	0.00e+00
 2.88958e+22	1.20e-33	1.98e-21	1.39e-17	2.08e-14	6.47e-12	7.99e-10	4.55e-08	7.49e-07	6.85e-06	2.72e-05	7.71e-05	1.72e-04	4.02e-04	7.41e-04	1.43e-03	3.63e-03	1.08e-01	3.00e-01	3.82e-01	1.62e-01	3.60e-02	5.32e-03	6.68e-04	8.16e-05	3.17e-05	7.28e-07	0.00e+00
 2.89837e+22	1.80e-33	2.80e-21	1.90e-17	2.76e-14	8.37e-12	1.02e-09	5.78e-08	9.46e-07	8.52e-06	3.34e-05	9.27e-05	2.02e-04	4.62e-04	8.31e-04	1.57e-03	3.88e-03	1.12e-01	3.05e-01	3.80e-01	1.57e-01	3.38e-02	4.88e-03	6.01e-04	7.19e-05	2.75e-05	6.14e-07	0.00e+00
 2.90740e+22	2.88e-33	4.18e-21	2.74e-17	3.83e-14	1.13e-11	1.35e-09	7.61e-08	1.24e-06	1.10e-05	4.23e-05	1.15e-04	2.44e-04	5.43e-04	9.51e-04	1.74e-03	4.19e-03	1.17e-01	3.10e-01	3.78e-01	1.51e-01	3.14e-02	4.41e-03	5.29e-04	6.18e-05	2.32e-05	5.02e-07	0.00e+00
 2.91655e+22	4.27e-33	5.83e-21	3.70e-17	5.02e-14	1.44e-11	1.70e-09	9.58e-08	1.56e-06	1.36e-05	5.17e-05	1.38e-04	2.87e-04	6.22e-04	1.06e-03	1.90e-03	4.47e-03	1.21e-01	3.15e-01	3.76e-01	1.46e-01	2.94e-02	4.03e-03	4.75e-04	5.44e-05	2.01e-05	4.23e-07	0.00e+00
 2.92591e+22	6.73e-33	8.57e-21	5.25e-17	6.86e-14	1.91e-11	2.23e-09	1.25e-07	2.04e-06	1.75e-05	6.53e-05	1.70e-04	3.46e-04	7.30e-04	1.21e-03	2.10e-03	4.83e-03	1.26e-01	3.20e-01	3.73e-01	1.40e-01	2.72e-02	3.63e-03	4.18e-04	4.67e-05	1.70e-05	3.44e-07	0.00e+00
 2.93553e+22	9.90e-33	1.19e-20	7.05e-17	8.95e-14	2.43e-11	2.80e-09	1.58e-07	2.56e-06	2.17e-05	7.99e-05	2.04e-04	4.06e-04	8.37e-04	1.36e-03	2.30e-03	5.16e-03	1.31e-01	3.24e-01	3.70e-01	1.35e-01	2.54e-02	3.31e-03	3.73e-04	4.09e-05	1.46e-05	2.88e-07	0.00e+00
 2.94542e+22	1.54e-32	1.72e-20	9.87e-17	1.21e-13	3.20e-11	3.65e-09	2.05e-07	3.33e-06	2.78e-05	1.01e-04	2.52e-04	4.89e-04	9.81e-04	1.55e-03	2.55e-03	5.57e-03	1.37e-01	3.29e-01	3.66e-01	1.29e-01	2.35e-02	2.97e-03	3.27e-04	3.50e-05	1.23e-05	2.34e-07	0.00e+00
 2.95561e+22	2.25e-32	2.37e-20	1.32e-16	1.57e-13	4.05e-11	4.57e-09	2.58e-07	4.19e-06	3.44e-05	1.23e-04	3.03e-04	5.75e-04	1.13e-03	1.74e-03	2.78e-03	5.96e-03	1.42e-01	3.34e-01	3.63e-01	1.24e-01	2.18e-02	2.70e-03	2.91e-04	3.05e-05	1.05e-05	1.95e-07	0.00e+00
 2.96618e+22	3.48e-32	3.43e-20	1.84e-16	2.12e-13	5.31e-11	5.95e-09	3.36e-07	5.48e-06	4.43e-05	1.56e-04	3.74e-04	6.94e-04	1.32e-03	1.98e-03	3.09e-03	6.45e-03	1.48e-01	3.39e-01	3.58e-01	1.18e-01	2.01e-02	2.41e-03	2.53e-04	2.59e-05	8.79e-06	1.57e-07	0.00e+00
 2.97705e+22	5.05e-32	4.70e-20	2.45e-16	2.73e-13	6.70e-11	7.44e-09	4.23e-07	6.90e-06	5.50e-05	1.91e-04	4.50e-04	8.16e-04	1.52e-03	2.22e-03	3.38e-03	6.90e-03	1.54e-01	3.42e-01	3.54e-01	1.13e-01	1.86e-02	2.18e-03	2.24e-04	2.25e-05	7.51e-06	1.30e-07	0.00e+00
 2.98835e+22	7.77e-32	6.76e-20	3.40e-16	3.68e-13	8.78e-11	9.66e-09	5.52e-07	9.03e-06	7.07e-05	2.42e-04	5.57e-04	9.85e-04	1.78e-03	2.54e-03	3.75e-03	7.47e-03	1.61e-01	3.47e-01	3.48e-01	1.08e-01	1.70e-02	1.93e-03	1.95e-04	1.90e-05	6.23e-06	0.00e+00	0.00e+00
 2.99997e+22	1.12e-31	9.19e-20	4.49e-16	4.72e-13	1.10e-10	1.21e-08	6.92e-07	1.14e-05	8.77e-05	2.96e-04	6.68e-04	1.16e-03	2.04e-03	2.84e-03	4.09e-03	7.99e-03	1.67e-01	3.50e-01	3.43e-01	1.03e-01	1.57e-02	1.74e-03	1.72e-04	1.65e-05	5.30e-06	0.00e+00	0.00e+00
 3.01228e+22	1.74e-31	1.34e-19	6.31e-16	6.42e-13	1.46e-10	1.59e-08	9.15e-07	1.51e-05	1.14e-04	3.80e-04	8.36e-04	1.41e-03	2.41e-03	3.26e-03	4.56e-03	8.69e-03	1.75e-01	3.54e-01	3.36e-01	9.71e-02	1.43e-02	1.53e-03	1.47e-04	1.38e-05	4.34e-06	0.00e+00	0.00e+00
 3.02466e+22	2.46e-31	1.79e-19	8.22e-16	8.14e-13	1.82e-10	1.96e-08	1.14e-06	1.88e-05	1.41e-04	4.61e-04	9.95e-04	1.64e-03	2.74e-03	3.63e-03	4.96e-03	9.27e-03	1.81e-01	3.57e-01	3.31e-01	9.26e-02	1.32e-02	1.38e-03	1.30e-04	1.19e-05	3.70e-06	0.00e+00	0.00e+00
