#depth	Ne	Ne+	Ne+2	Ne+3	Ne+4	Ne+5	Ne+6	Ne+7	Ne+8	Ne+9	Ne+10
 1.54284e+22	0.00e+00	0.00e+00	8.66e-26	3.97e-21	4.12e-17	1.05e-13	1.06e-10	6.59e-08	1.35e-04	2.29e-02	9.77e-01
 3.47792e+22	0.00e+00	9.76e-30	2.18e-24	6.74e-20	4.73e-16	8.10e-13	5.49e-10	2.28e-07	3.08e-04	3.44e-02	9.65e-01
 4.10620e+22	0.00e+00	8.85e-29	1.55e-23	3.77e-19	2.08e-15	2.80e-12	1.49e-09	4.83e-07	5.07e-04	4.40e-02	9.56e-01
 4.53105e+22	0.00e+00	5.57e-28	7.96e-23	1.58e-18	7.11e-15	7.84e-12	3.39e-09	8.95e-07	7.66e-04	5.37e-02	9.46e-01
 4.76708e+22	4.42e-34	9.14e-28	1.23e-22	2.32e-18	9.88e-15	1.03e-11	4.23e-09	1.05e-06	8.54e-04	5.66e-02	9.43e-01
 4.84230e+22	6.03e-34	1.21e-27	1.58e-22	2.87e-18	1.19e-14	1.21e-11	4.78e-09	1.16e-06	9.08e-04	5.83e-02	9.41e-01
 4.90674e+22	9.24e-34	1.77e-27	2.22e-22	3.87e-18	1.54e-14	1.49e-11	5.67e-09	1.31e-06	9.88e-04	6.08e-02	9.38e-01
 4.97007e+22	1.30e-33	2.41e-27	2.91e-22	4.91e-18	1.88e-14	1.77e-11	6.49e-09	1.45e-06	1.06e-03	6.28e-02	9.36e-01
 5.02351e+22	1.70e-33	3.05e-27	3.60e-22	5.91e-18	2.21e-14	2.02e-11	7.22e-09	1.57e-06	1.11e-03	6.44e-02	9.35e-01
 5.08450e+22	2.54e-33	4.38e-27	4.95e-22	7.81e-18	2.81e-14	2.47e-11	8.47e-09	1.77e-06	1.20e-03	6.69e-02	9.32e-01
 5.14810e+22	3.63e-33	6.03e-27	6.57e-22	1.00e-17	3.47e-14	2.95e-11	9.75e-09	1.96e-06	1.29e-03	6.91e-02	9.30e-01
 5.20339e+22	5.03e-33	8.08e-27	8.52e-22	1.25e-17	4.22e-14	3.47e-11	1.11e-08	2.16e-06	1.37e-03	7.12e-02	9.27e-01
 5.26356e+22	7.63e-33	1.17e-26	1.18e-21	1.67e-17	5.40e-14	4.26e-11	1.30e-08	2.43e-06	1.49e-03	7.40e-02	9.25e-01
 5.32432e+22	1.06e-32	1.57e-26	1.54e-21	2.10e-17	6.57e-14	5.02e-11	1.49e-08	2.68e-06	1.58e-03	7.63e-02	9.22e-01
 5.38585e+22	1.62e-32	2.30e-26	2.16e-21	2.83e-17	8.46e-14	6.20e-11	1.76e-08	3.03e-06	1.72e-03	7.93e-02	9.19e-01
 5.44796e+22	2.37e-32	3.23e-26	2.91e-21	3.67e-17	1.06e-13	7.46e-11	2.03e-08	3.37e-06	1.84e-03	8.20e-02	9.16e-01
 5.50063e+22	3.27e-32	4.31e-26	3.75e-21	4.59e-17	1.28e-13	8.76e-11	2.31e-08	3.70e-06	1.96e-03	8.45e-02	9.14e-01
 5.55889e+22	4.91e-32	6.20e-26	5.18e-21	6.07e-17	1.63e-13	1.07e-10	2.70e-08	4.16e-06	2.12e-03	8.76e-02	9.10e-01
 5.61884e+22	7.05e-32	8.57e-26	6.90e-21	7.80e-17	2.02e-13	1.28e-10	3.11e-08	4.61e-06	2.27e-03	9.05e-02	9.07e-01
 5.67086e+22	9.92e-32	1.16e-25	9.04e-21	9.88e-17	2.48e-13	1.51e-10	3.55e-08	5.08e-06	2.41e-03	9.32e-02	9.04e-01
 5.72837e+22	1.52e-31	1.71e-25	1.27e-20	1.33e-16	3.19e-13	1.87e-10	4.19e-08	5.74e-06	2.61e-03	9.68e-02	9.01e-01
 5.78681e+22	2.17e-31	2.34e-25	1.68e-20	1.69e-16	3.93e-13	2.22e-10	4.81e-08	6.34e-06	2.79e-03	9.98e-02	8.97e-01
 5.83854e+22	3.08e-31	3.21e-25	2.22e-20	2.16e-16	4.84e-13	2.65e-10	5.51e-08	7.01e-06	2.98e-03	1.03e-01	8.94e-01
 5.88871e+22	4.32e-31	4.34e-25	2.90e-20	2.73e-16	5.92e-13	3.13e-10	6.29e-08	7.71e-06	3.17e-03	1.06e-01	8.91e-01
 5.94480e+22	6.53e-31	6.29e-25	4.02e-20	3.63e-16	7.56e-13	3.83e-10	7.38e-08	8.66e-06	3.42e-03	1.10e-01	8.87e-01
 6.00258e+22	9.53e-31	8.82e-25	5.42e-20	4.71e-16	9.45e-13	4.61e-10	8.53e-08	9.63e-06	3.66e-03	1.13e-01	8.83e-01
 6.05317e+22	1.35e-30	1.20e-24	7.14e-20	6.00e-16	1.16e-12	5.48e-10	9.76e-08	1.06e-05	3.90e-03	1.17e-01	8.79e-01
 6.10216e+22	1.92e-30	1.65e-24	9.42e-20	7.64e-16	1.43e-12	6.51e-10	1.12e-07	1.17e-05	4.16e-03	1.20e-01	8.76e-01
 6.15843e+22	3.02e-30	2.48e-24	1.35e-19	1.04e-15	1.87e-12	8.13e-10	1.33e-07	1.33e-05	4.51e-03	1.25e-01	8.71e-01
 6.21475e+22	4.26e-30	3.37e-24	1.77e-19	1.33e-15	2.29e-12	9.64e-10	1.52e-07	1.46e-05	4.81e-03	1.29e-01	8.67e-01
 6.27113e+22	6.69e-30	5.04e-24	2.53e-19	1.81e-15	2.99e-12	1.20e-09	1.80e-07	1.66e-05	5.21e-03	1.33e-01	8.61e-01
 6.32735e+22	9.67e-30	7.01e-24	3.39e-19	2.33e-15	3.72e-12	1.44e-09	2.08e-07	1.84e-05	5.56e-03	1.38e-01	8.57e-01
 6.37552e+22	1.38e-29	9.62e-24	4.48e-19	2.97e-15	4.59e-12	1.71e-09	2.38e-07	2.03e-05	5.92e-03	1.42e-01	8.53e-01
 6.43031e+22	2.12e-29	1.41e-23	6.29e-19	4.00e-15	5.91e-12	2.12e-09	2.81e-07	2.28e-05	6.39e-03	1.47e-01	8.47e-01
 6.48771e+22	3.22e-29	2.05e-23	8.75e-19	5.34e-15	7.56e-12	2.59e-09	3.29e-07	2.56e-05	6.88e-03	1.51e-01	8.42e-01
 6.53869e+22	4.61e-29	2.83e-23	1.16e-18	6.84e-15	9.36e-12	3.09e-09	3.77e-07	2.83e-05	7.33e-03	1.56e-01	8.37e-01
 6.59516e+22	7.32e-29	4.29e-23	1.68e-18	9.41e-15	1.23e-11	3.88e-09	4.50e-07	3.21e-05	7.95e-03	1.62e-01	8.30e-01
 6.65077e+22	1.07e-28	6.02e-23	2.26e-18	1.22e-14	1.54e-11	4.67e-09	5.20e-07	3.56e-05	8.49e-03	1.66e-01	8.25e-01
 6.69691e+22	1.51e-28	8.21e-23	2.98e-18	1.55e-14	1.89e-11	5.53e-09	5.93e-07	3.91e-05	9.01e-03	1.71e-01	8.20e-01
 6.74856e+22	2.35e-28	1.22e-22	4.22e-18	2.10e-14	2.45e-11	6.86e-09	7.01e-07	4.41e-05	9.72e-03	1.77e-01	8.13e-01
 6.79791e+22	3.23e-28	1.62e-22	5.43e-18	2.62e-14	2.95e-11	8.02e-09	7.91e-07	4.81e-05	1.03e-02	1.81e-01	8.08e-01
 6.83822e+22	4.50e-28	2.18e-22	7.05e-18	3.29e-14	3.59e-11	9.42e-09	8.96e-07	5.26e-05	1.09e-02	1.86e-01	8.03e-01
 6.87525e+22	6.01e-28	2.83e-22	8.86e-18	4.01e-14	4.25e-11	1.08e-08	9.99e-07	5.68e-05	1.14e-02	1.90e-01	7.99e-01
 6.90873e+22	7.85e-28	3.59e-22	1.09e-17	4.81e-14	4.98e-11	1.23e-08	1.10e-06	6.10e-05	1.19e-02	1.93e-01	7.95e-01
 6.94690e+22	1.10e-27	4.83e-22	1.42e-17	6.06e-14	6.05e-11	1.45e-08	1.25e-06	6.67e-05	1.26e-02	1.98e-01	7.89e-01
 6.98501e+22	1.45e-27	6.21e-22	1.77e-17	7.34e-14	7.14e-11	1.66e-08	1.39e-06	7.19e-05	1.32e-02	2.02e-01	7.84e-01
 7.01723e+22	1.90e-27	7.92e-22	2.20e-17	8.85e-14	8.37e-11	1.90e-08	1.54e-06	7.73e-05	1.38e-02	2.06e-01	7.80e-01
 7.04846e+22	2.47e-27	1.00e-21	2.70e-17	1.06e-13	9.76e-11	2.15e-08	1.70e-06	8.28e-05	1.44e-02	2.10e-01	7.75e-01
 7.07876e+22	3.16e-27	1.25e-21	3.28e-17	1.25e-13	1.13e-10	2.43e-08	1.86e-06	8.84e-05	1.50e-02	2.14e-01	7.71e-01
 7.11271e+22	4.32e-27	1.65e-21	4.20e-17	1.55e-13	1.35e-10	2.82e-08	2.09e-06	9.60e-05	1.58e-02	2.19e-01	7.65e-01
 7.14701e+22	5.60e-27	2.08e-21	5.15e-17	1.86e-13	1.58e-10	3.20e-08	2.30e-06	1.03e-04	1.65e-02	2.23e-01	7.61e-01
 7.17690e+22	7.24e-27	2.62e-21	6.31e-17	2.21e-13	1.83e-10	3.63e-08	2.53e-06	1.10e-04	1.72e-02	2.27e-01	7.56e-01
 7.21091e+22	1.03e-26	3.58e-21	8.31e-17	2.81e-13	2.25e-10	4.29e-08	2.88e-06	1.20e-04	1.82e-02	2.32e-01	7.50e-01
 7.24437e+22	1.32e-26	4.48e-21	1.01e-16	3.34e-13	2.60e-10	4.84e-08	3.16e-06	1.29e-04	1.90e-02	2.36e-01	7.45e-01
 7.27183e+22	1.70e-26	5.62e-21	1.24e-16	3.96e-13	3.02e-10	5.46e-08	3.47e-06	1.37e-04	1.98e-02	2.40e-01	7.40e-01
 7.29778e+22	2.15e-26	6.95e-21	1.49e-16	4.66e-13	3.46e-10	6.12e-08	3.79e-06	1.46e-04	2.05e-02	2.44e-01	7.36e-01
 7.32708e+22	2.89e-26	9.04e-21	1.88e-16	5.70e-13	4.11e-10	7.05e-08	4.22e-06	1.58e-04	2.15e-02	2.48e-01	7.30e-01
 7.35720e+22	3.77e-26	1.15e-20	2.32e-16	6.84e-13	4.81e-10	8.02e-08	4.66e-06	1.69e-04	2.25e-02	2.53e-01	7.25e-01
 7.38340e+22	4.80e-26	1.42e-20	2.80e-16	8.06e-13	5.53e-10	9.00e-08	5.09e-06	1.80e-04	2.33e-02	2.57e-01	7.20e-01
 7.41246e+22	6.54e-26	1.88e-20	3.57e-16	9.96e-13	6.62e-10	1.04e-07	5.70e-06	1.94e-04	2.45e-02	2.62e-01	7.14e-01
 7.44225e+22	8.60e-26	2.40e-20	4.43e-16	1.20e-12	7.76e-10	1.19e-07	6.30e-06	2.08e-04	2.56e-02	2.66e-01	7.08e-01
 7.46839e+22	1.11e-25	3.01e-20	5.41e-16	1.43e-12	8.99e-10	1.34e-07	6.91e-06	2.22e-04	2.66e-02	2.71e-01	7.03e-01
 7.49780e+22	1.55e-25	4.07e-20	7.04e-16	1.79e-12	1.09e-09	1.58e-07	7.81e-06	2.42e-04	2.80e-02	2.76e-01	6.96e-01
 7.52759e+22	2.04e-25	5.19e-20	8.73e-16	2.16e-12	1.28e-09	1.80e-07	8.62e-06	2.59e-04	2.92e-02	2.81e-01	6.90e-01
 7.55305e+22	2.63e-25	6.53e-20	1.07e-15	2.57e-12	1.48e-09	2.03e-07	9.46e-06	2.77e-04	3.04e-02	2.85e-01	6.84e-01
 7.58131e+22	3.72e-25	8.91e-20	1.40e-15	3.25e-12	1.81e-09	2.39e-07	1.07e-05	3.02e-04	3.20e-02	2.91e-01	6.77e-01
 7.60938e+22	4.78e-25	1.12e-19	1.71e-15	3.85e-12	2.10e-09	2.70e-07	1.18e-05	3.22e-04	3.33e-02	2.95e-01	6.71e-01
 7.63722e+22	6.81e-25	1.53e-19	2.25e-15	4.90e-12	2.57e-09	3.19e-07	1.34e-05	3.51e-04	3.51e-02	3.01e-01	6.63e-01
 7.66429e+22	8.60e-25	1.89e-19	2.71e-15	5.74e-12	2.94e-09	3.56e-07	1.45e-05	3.73e-04	3.64e-02	3.06e-01	6.58e-01
 7.69038e+22	1.22e-24	2.59e-19	3.57e-15	7.28e-12	3.61e-09	4.21e-07	1.65e-05	4.07e-04	3.83e-02	3.12e-01	6.50e-01
 7.71628e+22	1.56e-24	3.21e-19	4.32e-15	8.58e-12	4.15e-09	4.73e-07	1.80e-05	4.32e-04	3.97e-02	3.16e-01	6.44e-01
 7.74194e+22	2.20e-24	4.37e-19	5.65e-15	1.08e-11	5.06e-09	5.57e-07	2.04e-05	4.71e-04	4.18e-02	3.22e-01	6.36e-01
 7.76801e+22	2.85e-24	5.52e-19	6.93e-15	1.29e-11	5.87e-09	6.30e-07	2.25e-05	5.03e-04	4.35e-02	3.26e-01	6.29e-01
 7.79461e+22	4.12e-24	7.67e-19	9.25e-15	1.66e-11	7.26e-09	7.50e-07	2.56e-05	5.51e-04	4.59e-02	3.33e-01	6.21e-01
 7.82129e+22	5.35e-24	9.70e-19	1.14e-14	1.98e-11	8.45e-09	8.50e-07	2.82e-05	5.88e-04	4.78e-02	3.38e-01	6.14e-01
 7.84808e+22	7.67e-24	1.34e-18	1.51e-14	2.52e-11	1.04e-08	1.01e-06	3.22e-05	6.44e-04	5.04e-02	3.44e-01	6.05e-01
 7.87464e+22	1.01e-23	1.71e-18	1.87e-14	3.03e-11	1.22e-08	1.15e-06	3.55e-05	6.89e-04	5.25e-02	3.49e-01	5.98e-01
 7.90090e+22	1.44e-23	2.35e-18	2.47e-14	3.86e-11	1.49e-08	1.36e-06	4.05e-05	7.54e-04	5.53e-02	3.55e-01	5.89e-01
 7.92764e+22	1.91e-23	3.04e-18	3.09e-14	4.68e-11	1.76e-08	1.56e-06	4.49e-05	8.09e-04	5.77e-02	3.60e-01	5.81e-01
 7.95501e+22	2.78e-23	4.24e-18	4.14e-14	6.02e-11	2.19e-08	1.87e-06	5.16e-05	8.89e-04	6.10e-02	3.67e-01	5.71e-01
 7.98258e+22	3.71e-23	5.50e-18	5.19e-14	7.32e-11	2.58e-08	2.15e-06	5.74e-05	9.57e-04	6.37e-02	3.72e-01	5.63e-01
 8.01040e+22	5.41e-23	7.71e-18	6.99e-14	9.46e-11	3.22e-08	2.58e-06	6.60e-05	1.05e-03	6.73e-02	3.79e-01	5.52e-01
 8.03842e+22	7.22e-23	1.00e-17	8.77e-14	1.15e-10	3.81e-08	2.96e-06	7.35e-05	1.13e-03	7.03e-02	3.84e-01	5.44e-01
 8.06265e+22	9.57e-23	1.29e-17	1.09e-13	1.39e-10	4.48e-08	3.40e-06	8.17e-05	1.22e-03	7.33e-02	3.89e-01	5.36e-01
 8.09011e+22	1.38e-22	1.79e-17	1.46e-13	1.79e-10	5.56e-08	4.07e-06	9.39e-05	1.34e-03	7.74e-02	3.96e-01	5.25e-01
 8.11733e+22	1.79e-22	2.26e-17	1.80e-13	2.14e-10	6.47e-08	4.62e-06	1.04e-04	1.43e-03	8.05e-02	4.01e-01	5.17e-01
 8.14426e+22	2.52e-22	3.08e-17	2.35e-13	2.69e-10	7.91e-08	5.46e-06	1.18e-04	1.56e-03	8.47e-02	4.07e-01	5.07e-01
 8.17197e+22	3.33e-22	3.95e-17	2.93e-13	3.25e-10	9.31e-08	6.26e-06	1.31e-04	1.68e-03	8.83e-02	4.12e-01	4.98e-01
 8.20071e+22	4.72e-22	5.40e-17	3.86e-13	4.13e-10	1.14e-07	7.45e-06	1.50e-04	1.84e-03	9.30e-02	4.18e-01	4.87e-01
 8.22999e+22	6.22e-22	6.93e-17	4.80e-13	4.99e-10	1.35e-07	8.55e-06	1.67e-04	1.98e-03	9.69e-02	4.22e-01	4.79e-01
 8.25994e+22	8.85e-22	9.51e-17	6.35e-13	6.36e-10	1.66e-07	1.02e-05	1.91e-04	2.17e-03	1.02e-01	4.28e-01	4.67e-01
 8.29046e+22	1.16e-21	1.21e-16	7.87e-13	7.65e-10	1.95e-07	1.17e-05	2.13e-04	2.34e-03	1.06e-01	4.33e-01	4.58e-01
 8.32175e+22	1.64e-21	1.66e-16	1.04e-12	9.71e-10	2.40e-07	1.39e-05	2.44e-04	2.56e-03	1.12e-01	4.38e-01	4.47e-01
 8.35360e+22	2.14e-21	2.11e-16	1.28e-12	1.17e-09	2.81e-07	1.59e-05	2.71e-04	2.75e-03	1.17e-01	4.43e-01	4.38e-01
 8.38619e+22	3.01e-21	2.88e-16	1.69e-12	1.48e-09	3.46e-07	1.89e-05	3.10e-04	3.02e-03	1.23e-01	4.48e-01	4.26e-01
 8.41898e+22	3.90e-21	3.63e-16	2.07e-12	1.77e-09	4.04e-07	2.16e-05	3.44e-04	3.24e-03	1.28e-01	4.52e-01	4.17e-01
 8.45204e+22	5.42e-21	4.89e-16	2.70e-12	2.23e-09	4.93e-07	2.55e-05	3.92e-04	3.54e-03	1.34e-01	4.56e-01	4.06e-01
 8.48585e+22	6.99e-21	6.15e-16	3.30e-12	2.66e-09	5.74e-07	2.91e-05	4.34e-04	3.79e-03	1.39e-01	4.60e-01	3.97e-01
 8.51532e+22	8.87e-21	7.63e-16	4.00e-12	3.14e-09	6.64e-07	3.29e-05	4.78e-04	4.05e-03	1.44e-01	4.63e-01	3.88e-01
 8.54830e+22	1.20e-20	1.01e-15	5.12e-12	3.89e-09	8.01e-07	3.85e-05	5.41e-04	4.40e-03	1.51e-01	4.67e-01	3.77e-01
 8.58130e+22	1.51e-20	1.23e-15	6.13e-12	4.54e-09	9.17e-07	4.32e-05	5.92e-04	4.68e-03	1.56e-01	4.69e-01	3.69e-01
 8.61433e+22	2.02e-20	1.61e-15	7.76e-12	5.58e-09	1.10e-06	5.02e-05	6.67e-04	5.07e-03	1.63e-01	4.72e-01	3.59e-01
 8.64811e+22	2.53e-20	1.98e-15	9.32e-12	6.54e-09	1.26e-06	5.65e-05	7.32e-04	5.40e-03	1.69e-01	4.75e-01	3.50e-01
 8.67796e+22	3.15e-20	2.41e-15	1.11e-11	7.63e-09	1.44e-06	6.33e-05	8.00e-04	5.73e-03	1.74e-01	4.77e-01	3.42e-01
 8.71186e+22	4.19e-20	3.12e-15	1.40e-11	9.33e-09	1.72e-06	7.35e-05	9.00e-04	6.20e-03	1.82e-01	4.79e-01	3.32e-01
 8.74561e+22	5.13e-20	3.75e-15	1.65e-11	1.08e-08	1.95e-06	8.16e-05	9.77e-04	6.56e-03	1.87e-01	4.81e-01	3.25e-01
 8.77917e+22	6.72e-20	4.80e-15	2.06e-11	1.30e-08	2.30e-06	9.41e-05	1.09e-03	7.07e-03	1.95e-01	4.83e-01	3.15e-01
 8.81338e+22	8.23e-20	5.78e-15	2.43e-11	1.51e-08	2.61e-06	1.05e-04	1.19e-03	7.47e-03	2.00e-01	4.84e-01	3.07e-01
 8.84845e+22	1.08e-19	7.39e-15	3.02e-11	1.82e-08	3.08e-06	1.21e-04	1.33e-03	8.06e-03	2.08e-01	4.85e-01	2.97e-01
 8.88418e+22	1.32e-19	8.91e-15	3.57e-11	2.11e-08	3.50e-06	1.34e-04	1.44e-03	8.52e-03	2.14e-01	4.86e-01	2.90e-01
 8.92078e+22	1.74e-19	1.14e-14	4.45e-11	2.56e-08	4.14e-06	1.55e-04	1.61e-03	9.19e-03	2.23e-01	4.86e-01	2.80e-01
 8.95806e+22	2.13e-19	1.38e-14	5.27e-11	2.96e-08	4.71e-06	1.72e-04	1.75e-03	9.72e-03	2.29e-01	4.87e-01	2.72e-01
 8.99622e+22	2.80e-19	1.76e-14	6.57e-11	3.59e-08	5.57e-06	1.99e-04	1.96e-03	1.05e-02	2.38e-01	4.87e-01	2.63e-01
 9.03351e+22	3.36e-19	2.08e-14	7.64e-11	4.09e-08	6.24e-06	2.19e-04	2.11e-03	1.10e-02	2.44e-01	4.87e-01	2.56e-01
 9.06969e+22	4.33e-19	2.62e-14	9.39e-11	4.90e-08	7.31e-06	2.50e-04	2.35e-03	1.18e-02	2.52e-01	4.86e-01	2.47e-01
 9.10642e+22	5.21e-19	3.11e-14	1.09e-10	5.59e-08	8.19e-06	2.75e-04	2.53e-03	1.24e-02	2.59e-01	4.86e-01	2.41e-01
 9.14389e+22	6.66e-19	3.89e-14	1.34e-10	6.66e-08	9.55e-06	3.13e-04	2.80e-03	1.32e-02	2.67e-01	4.84e-01	2.32e-01
 9.18251e+22	8.13e-19	4.67e-14	1.57e-10	7.69e-08	1.08e-05	3.47e-04	3.03e-03	1.40e-02	2.74e-01	4.83e-01	2.25e-01
 9.22265e+22	1.04e-18	5.86e-14	1.93e-10	9.18e-08	1.26e-05	3.95e-04	3.35e-03	1.49e-02	2.83e-01	4.82e-01	2.17e-01
 9.26409e+22	1.29e-18	7.10e-14	2.29e-10	1.07e-07	1.44e-05	4.40e-04	3.65e-03	1.58e-02	2.91e-01	4.80e-01	2.10e-01
 9.30722e+22	1.67e-18	8.99e-14	2.83e-10	1.28e-07	1.68e-05	5.03e-04	4.05e-03	1.69e-02	3.00e-01	4.77e-01	2.01e-01
 9.35152e+22	2.07e-18	1.10e-13	3.38e-10	1.50e-07	1.92e-05	5.63e-04	4.41e-03	1.79e-02	3.08e-01	4.75e-01	1.94e-01
 9.39734e+22	2.70e-18	1.40e-13	4.20e-10	1.81e-07	2.27e-05	6.45e-04	4.90e-03	1.92e-02	3.18e-01	4.72e-01	1.86e-01
 9.44464e+22	3.38e-18	1.72e-13	5.04e-10	2.12e-07	2.60e-05	7.24e-04	5.36e-03	2.03e-02	3.26e-01	4.69e-01	1.79e-01
 9.49389e+22	4.47e-18	2.21e-13	6.33e-10	2.58e-07	3.09e-05	8.34e-04	5.97e-03	2.18e-02	3.36e-01	4.65e-01	1.70e-01
 9.54459e+22	5.65e-18	2.74e-13	7.67e-10	3.05e-07	3.56e-05	9.40e-04	6.54e-03	2.31e-02	3.45e-01	4.61e-01	1.63e-01
 9.59024e+22	7.06e-18	3.36e-13	9.20e-10	3.57e-07	4.08e-05	1.05e-03	7.12e-03	2.44e-02	3.54e-01	4.57e-01	1.57e-01
 9.64263e+22	9.47e-18	4.39e-13	1.17e-09	4.41e-07	4.89e-05	1.22e-03	8.00e-03	2.63e-02	3.65e-01	4.51e-01	1.48e-01
 9.69539e+22	1.18e-17	5.38e-13	1.40e-09	5.15e-07	5.60e-05	1.36e-03	8.70e-03	2.78e-02	3.73e-01	4.47e-01	1.42e-01
 9.74863e+22	1.58e-17	6.99e-13	1.77e-09	6.33e-07	6.68e-05	1.58e-03	9.72e-03	2.98e-02	3.84e-01	4.40e-01	1.34e-01
 9.80299e+22	1.99e-17	8.65e-13	2.15e-09	7.46e-07	7.70e-05	1.78e-03	1.06e-02	3.16e-02	3.93e-01	4.35e-01	1.28e-01
 9.85883e+22	2.66e-17	1.13e-12	2.73e-09	9.19e-07	9.21e-05	2.06e-03	1.19e-02	3.39e-02	4.04e-01	4.28e-01	1.20e-01
 9.91583e+22	3.38e-17	1.41e-12	3.32e-09	1.09e-06	1.07e-04	2.33e-03	1.31e-02	3.59e-02	4.13e-01	4.21e-01	1.14e-01
 9.96655e+22	4.27e-17	1.74e-12	4.02e-09	1.29e-06	1.23e-04	2.62e-03	1.43e-02	3.80e-02	4.22e-01	4.14e-01	1.08e-01
 1.00247e+23	5.74e-17	2.29e-12	5.15e-09	1.60e-06	1.48e-04	3.06e-03	1.61e-02	4.09e-02	4.34e-01	4.05e-01	1.01e-01
 1.00795e+23	6.98e-17	2.74e-12	6.04e-09	1.84e-06	1.67e-04	3.38e-03	1.73e-02	4.29e-02	4.41e-01	3.99e-01	9.62e-02
 1.01298e+23	8.94e-17	3.45e-12	7.46e-09	2.21e-06	1.97e-04	3.87e-03	1.92e-02	4.57e-02	4.51e-01	3.90e-01	9.00e-02
 1.01807e+23	1.09e-16	4.13e-12	8.77e-09	2.54e-06	2.22e-04	4.28e-03	2.07e-02	4.79e-02	4.58e-01	3.84e-01	8.56e-02
 1.02324e+23	1.39e-16	5.18e-12	1.08e-08	3.05e-06	2.60e-04	4.89e-03	2.29e-02	5.10e-02	4.67e-01	3.74e-01	7.99e-02
 1.02853e+23	1.69e-16	6.23e-12	1.28e-08	3.53e-06	2.96e-04	5.44e-03	2.49e-02	5.36e-02	4.74e-01	3.66e-01	7.55e-02
 1.03395e+23	2.16e-16	7.86e-12	1.58e-08	4.26e-06	3.49e-04	6.26e-03	2.76e-02	5.72e-02	4.83e-01	3.56e-01	6.98e-02
 1.03941e+23	2.62e-16	9.39e-12	1.86e-08	4.92e-06	3.96e-04	6.95e-03	2.99e-02	6.01e-02	4.90e-01	3.47e-01	6.58e-02
 1.04491e+23	3.32e-16	1.18e-11	2.29e-08	5.91e-06	4.66e-04	7.98e-03	3.32e-02	6.40e-02	4.98e-01	3.36e-01	6.05e-02
 1.05052e+23	3.99e-16	1.40e-11	2.70e-08	6.84e-06	5.30e-04	8.90e-03	3.61e-02	6.73e-02	5.04e-01	3.27e-01	5.66e-02
 1.05627e+23	5.02e-16	1.75e-11	3.32e-08	8.23e-06	6.26e-04	1.02e-02	4.01e-02	7.18e-02	5.11e-01	3.14e-01	5.16e-02
 1.06213e+23	6.00e-16	2.08e-11	3.91e-08	9.52e-06	7.13e-04	1.14e-02	4.37e-02	7.56e-02	5.16e-01	3.04e-01	4.79e-02
 1.06813e+23	7.44e-16	2.57e-11	4.79e-08	1.14e-05	8.42e-04	1.32e-02	4.87e-02	8.07e-02	5.23e-01	2.91e-01	4.33e-02
 1.07420e+23	8.76e-16	3.02e-11	5.60e-08	1.32e-05	9.57e-04	1.47e-02	5.29e-02	8.49e-02	5.27e-01	2.80e-01	3.99e-02
 1.07933e+23	1.01e-15	3.48e-11	6.43e-08	1.49e-05	1.07e-03	1.63e-02	5.71e-02	8.88e-02	5.30e-01	2.70e-01	3.69e-02
 1.08492e+23	1.19e-15	4.13e-11	7.61e-08	1.75e-05	1.24e-03	1.85e-02	6.27e-02	9.40e-02	5.33e-01	2.58e-01	3.34e-02
 1.09052e+23	1.34e-15	4.70e-11	8.66e-08	1.97e-05	1.39e-03	2.03e-02	6.75e-02	9.82e-02	5.34e-01	2.48e-01	3.08e-02
 1.09600e+23	1.53e-15	5.44e-11	1.01e-07	2.26e-05	1.58e-03	2.28e-02	7.36e-02	1.03e-01	5.35e-01	2.35e-01	2.78e-02
 1.10158e+23	1.71e-15	6.12e-11	1.14e-07	2.55e-05	1.77e-03	2.51e-02	7.91e-02	1.08e-01	5.36e-01	2.25e-01	2.54e-02
 1.10706e+23	1.90e-15	6.92e-11	1.30e-07	2.89e-05	2.00e-03	2.79e-02	8.56e-02	1.13e-01	5.35e-01	2.13e-01	2.29e-02
 1.11265e+23	2.07e-15	7.71e-11	1.46e-07	3.24e-05	2.23e-03	3.07e-02	9.19e-02	1.18e-01	5.33e-01	2.03e-01	2.08e-02
 1.11817e+23	2.25e-15	8.55e-11	1.64e-07	3.64e-05	2.49e-03	3.39e-02	9.88e-02	1.23e-01	5.31e-01	1.92e-01	1.87e-02
 1.12372e+23	2.41e-15	9.39e-11	1.83e-07	4.06e-05	2.77e-03	3.72e-02	1.06e-01	1.28e-01	5.27e-01	1.82e-01	1.69e-02
 1.12921e+23	2.55e-15	1.02e-10	2.04e-07	4.51e-05	3.07e-03	4.07e-02	1.13e-01	1.33e-01	5.23e-01	1.72e-01	1.52e-02
 1.13469e+23	2.69e-15	1.11e-10	2.26e-07	5.00e-05	3.40e-03	4.45e-02	1.20e-01	1.38e-01	5.18e-01	1.62e-01	1.36e-02
 1.14017e+23	2.80e-15	1.20e-10	2.49e-07	5.54e-05	3.76e-03	4.84e-02	1.28e-01	1.43e-01	5.12e-01	1.52e-01	1.22e-02
 1.14567e+23	2.91e-15	1.29e-10	2.74e-07	6.13e-05	4.15e-03	5.27e-02	1.35e-01	1.48e-01	5.06e-01	1.43e-01	1.10e-02
 1.15120e+23	3.00e-15	1.38e-10	3.01e-07	6.77e-05	4.58e-03	5.72e-02	1.43e-01	1.53e-01	4.98e-01	1.34e-01	9.81e-03
 1.15678e+23	3.08e-15	1.48e-10	3.31e-07	7.49e-05	5.04e-03	6.20e-02	1.51e-01	1.58e-01	4.90e-01	1.26e-01	8.75e-03
 1.16241e+23	3.16e-15	1.58e-10	3.65e-07	8.29e-05	5.56e-03	6.71e-02	1.59e-01	1.62e-01	4.81e-01	1.18e-01	7.78e-03
 1.16807e+23	3.23e-15	1.69e-10	4.01e-07	9.17e-05	6.12e-03	7.25e-02	1.67e-01	1.67e-01	4.71e-01	1.10e-01	6.92e-03
 1.17383e+23	3.29e-15	1.81e-10	4.43e-07	1.02e-04	6.75e-03	7.84e-02	1.75e-01	1.71e-01	4.61e-01	1.02e-01	6.12e-03
 1.17964e+23	3.36e-15	1.94e-10	4.89e-07	1.13e-04	7.44e-03	8.45e-02	1.83e-01	1.75e-01	4.50e-01	9.49e-02	5.42e-03
 1.18557e+23	3.44e-15	2.09e-10	5.44e-07	1.26e-04	8.23e-03	9.12e-02	1.91e-01	1.79e-01	4.38e-01	8.77e-02	4.76e-03
 1.19160e+23	3.52e-15	2.25e-10	6.05e-07	1.41e-04	9.08e-03	9.82e-02	1.99e-01	1.82e-01	4.26e-01	8.11e-02	4.19e-03
 1.19713e+23	3.61e-15	2.41e-10	6.64e-07	1.55e-04	9.88e-03	1.04e-01	2.06e-01	1.85e-01	4.15e-01	7.58e-02	3.75e-03
 1.20290e+23	3.71e-15	2.62e-10	7.49e-07	1.75e-04	1.10e-02	1.13e-01	2.14e-01	1.88e-01	4.01e-01	6.94e-02	3.26e-03
 1.20877e+23	3.84e-15	2.83e-10	8.29e-07	1.94e-04	1.20e-02	1.20e-01	2.21e-01	1.90e-01	3.90e-01	6.46e-02	2.91e-03
 1.21481e+23	4.01e-15	3.14e-10	9.48e-07	2.22e-04	1.34e-02	1.29e-01	2.29e-01	1.93e-01	3.74e-01	5.87e-02	2.50e-03
 1.22087e+23	4.18e-15	3.41e-10	1.06e-06	2.46e-04	1.46e-02	1.37e-01	2.35e-01	1.94e-01	3.63e-01	5.45e-02	2.23e-03
 1.22694e+23	4.42e-15	3.81e-10	1.22e-06	2.82e-04	1.62e-02	1.47e-01	2.43e-01	1.96e-01	3.47e-01	4.93e-02	1.91e-03
 1.23304e+23	4.68e-15	4.19e-10	1.36e-06	3.14e-04	1.77e-02	1.56e-01	2.48e-01	1.96e-01	3.35e-01	4.56e-02	1.69e-03
 1.23917e+23	5.03e-15	4.75e-10	1.58e-06	3.61e-04	1.97e-02	1.67e-01	2.55e-01	1.97e-01	3.19e-01	4.12e-02	1.45e-03
 1.24536e+23	5.40e-15	5.28e-10	1.79e-06	4.03e-04	2.15e-02	1.76e-01	2.60e-01	1.97e-01	3.07e-01	3.79e-02	1.28e-03
 1.25164e+23	5.92e-15	6.07e-10	2.10e-06	4.66e-04	2.39e-02	1.88e-01	2.66e-01	1.96e-01	2.91e-01	3.40e-02	1.09e-03
 1.25800e+23	6.47e-15	6.84e-10	2.38e-06	5.23e-04	2.61e-02	1.98e-01	2.70e-01	1.95e-01	2.78e-01	3.12e-02	9.54e-04
 1.26447e+23	7.26e-15	7.99e-10	2.83e-06	6.07e-04	2.91e-02	2.12e-01	2.75e-01	1.93e-01	2.62e-01	2.78e-02	8.04e-04
 1.27106e+23	8.09e-15	9.13e-10	3.25e-06	6.84e-04	3.17e-02	2.23e-01	2.78e-01	1.92e-01	2.49e-01	2.53e-02	7.01e-04
 1.27781e+23	9.33e-15	1.09e-09	3.89e-06	7.99e-04	3.55e-02	2.37e-01	2.82e-01	1.89e-01	2.33e-01	2.23e-02	5.85e-04
 1.28471e+23	1.06e-14	1.26e-09	4.52e-06	9.05e-04	3.87e-02	2.49e-01	2.84e-01	1.86e-01	2.20e-01	2.02e-02	5.05e-04
 1.29181e+23	1.26e-14	1.54e-09	5.49e-06	1.06e-03	4.33e-02	2.65e-01	2.87e-01	1.82e-01	2.04e-01	1.76e-02	4.16e-04
 1.29904e+23	1.48e-14	1.81e-09	6.42e-06	1.21e-03	4.73e-02	2.77e-01	2.88e-01	1.78e-01	1.92e-01	1.58e-02	3.56e-04
 1.30515e+23	1.70e-14	2.10e-09	7.39e-06	1.35e-03	5.11e-02	2.89e-01	2.89e-01	1.74e-01	1.81e-01	1.43e-02	3.09e-04
 1.31179e+23	2.06e-14	2.56e-09	8.88e-06	1.57e-03	5.64e-02	3.03e-01	2.89e-01	1.69e-01	1.68e-01	1.26e-02	2.57e-04
 1.31823e+23	2.38e-14	2.96e-09	1.01e-05	1.74e-03	6.04e-02	3.14e-01	2.88e-01	1.65e-01	1.59e-01	1.14e-02	2.25e-04
 1.32441e+23	2.88e-14	3.57e-09	1.20e-05	1.99e-03	6.60e-02	3.27e-01	2.87e-01	1.60e-01	1.47e-01	1.00e-02	1.88e-04
 1.33065e+23	3.38e-14	4.15e-09	1.37e-05	2.21e-03	7.05e-02	3.38e-01	2.86e-01	1.56e-01	1.38e-01	9.11e-03	1.64e-04
 1.33698e+23	4.16e-14	5.05e-09	1.63e-05	2.52e-03	7.69e-02	3.51e-01	2.83e-01	1.50e-01	1.28e-01	7.98e-03	1.37e-04
 1.34339e+23	4.95e-14	5.92e-09	1.87e-05	2.80e-03	8.21e-02	3.61e-01	2.81e-01	1.46e-01	1.20e-01	7.19e-03	1.19e-04
 1.34993e+23	6.20e-14	7.28e-09	2.24e-05	3.20e-03	8.93e-02	3.75e-01	2.77e-01	1.39e-01	1.10e-01	6.25e-03	9.79e-05
 1.35657e+23	7.45e-14	8.57e-09	2.56e-05	3.54e-03	9.52e-02	3.85e-01	2.74e-01	1.34e-01	1.02e-01	5.61e-03	8.44e-05
 1.36333e+23	9.50e-14	1.06e-08	3.08e-05	4.06e-03	1.03e-01	3.97e-01	2.69e-01	1.28e-01	9.30e-02	4.83e-03	6.88e-05
 1.37019e+23	1.15e-13	1.26e-08	3.54e-05	4.49e-03	1.10e-01	4.07e-01	2.65e-01	1.23e-01	8.63e-02	4.30e-03	5.89e-05
 1.37718e+23	1.49e-13	1.58e-08	4.26e-05	5.14e-03	1.19e-01	4.19e-01	2.59e-01	1.16e-01	7.79e-02	3.68e-03	4.77e-05
 1.38435e+23	1.84e-13	1.88e-08	4.92e-05	5.71e-03	1.27e-01	4.27e-01	2.54e-01	1.11e-01	7.18e-02	3.25e-03	4.04e-05
 1.39173e+23	2.42e-13	2.39e-08	5.96e-05	6.55e-03	1.38e-01	4.38e-01	2.47e-01	1.04e-01	6.43e-02	2.74e-03	3.22e-05
 1.39931e+23	3.03e-13	2.88e-08	6.93e-05	7.29e-03	1.46e-01	4.46e-01	2.40e-01	9.83e-02	5.87e-02	2.39e-03	2.69e-05
 1.40713e+23	4.07e-13	3.68e-08	8.43e-05	8.37e-03	1.58e-01	4.56e-01	2.32e-01	9.14e-02	5.20e-02	2.00e-03	2.11e-05
 1.41504e+23	5.11e-13	4.45e-08	9.79e-05	9.28e-03	1.68e-01	4.62e-01	2.25e-01	8.62e-02	4.73e-02	1.74e-03	1.75e-05
 1.42306e+23	6.93e-13	5.72e-08	1.19e-04	1.06e-02	1.81e-01	4.70e-01	2.16e-01	7.96e-02	4.16e-02	1.43e-03	1.36e-05
 1.43117e+23	8.73e-13	6.92e-08	1.38e-04	1.18e-02	1.91e-01	4.75e-01	2.08e-01	7.46e-02	3.76e-02	1.24e-03	1.13e-05
 1.43939e+23	1.19e-12	8.91e-08	1.68e-04	1.35e-02	2.05e-01	4.80e-01	1.99e-01	6.84e-02	3.29e-02	1.02e-03	8.68e-06
 1.44775e+23	1.51e-12	1.08e-07	1.95e-04	1.49e-02	2.17e-01	4.83e-01	1.91e-01	6.38e-02	2.95e-02	8.72e-04	7.10e-06
 1.45514e+23	1.92e-12	1.32e-07	2.27e-04	1.65e-02	2.28e-01	4.86e-01	1.83e-01	5.94e-02	2.65e-02	7.44e-04	5.77e-06
 1.46359e+23	2.61e-12	1.69e-07	2.74e-04	1.87e-02	2.43e-01	4.87e-01	1.73e-01	5.41e-02	2.30e-02	6.07e-04	4.43e-06
 1.47221e+23	3.37e-12	2.07e-07	3.20e-04	2.07e-02	2.56e-01	4.88e-01	1.65e-01	4.99e-02	2.04e-02	5.12e-04	3.55e-06
 1.47918e+23	4.16e-12	2.45e-07	3.64e-04	2.25e-02	2.66e-01	4.87e-01	1.58e-01	4.67e-02	1.85e-02	4.44e-04	2.95e-06
 1.48641e+23	5.31e-12	2.98e-07	4.22e-04	2.48e-02	2.79e-01	4.86e-01	1.50e-01	4.30e-02	1.64e-02	3.75e-04	2.37e-06
 1.49401e+23	6.63e-12	3.55e-07	4.82e-04	2.70e-02	2.90e-01	4.84e-01	1.43e-01	3.99e-02	1.47e-02	3.21e-04	1.94e-06
 1.50100e+23	8.24e-12	4.22e-07	5.48e-04	2.94e-02	3.02e-01	4.81e-01	1.37e-01	3.70e-02	1.32e-02	2.76e-04	1.60e-06
 1.50897e+23	1.08e-11	5.24e-07	6.43e-04	3.25e-02	3.16e-01	4.77e-01	1.28e-01	3.37e-02	1.15e-02	2.27e-04	1.24e-06
 1.51715e+23	1.38e-11	6.34e-07	7.42e-04	3.56e-02	3.29e-01	4.73e-01	1.21e-01	3.09e-02	1.02e-02	1.91e-04	9.95e-07
 1.52434e+23	1.71e-11	7.52e-07	8.41e-04	3.86e-02	3.40e-01	4.68e-01	1.15e-01	2.86e-02	9.07e-03	1.63e-04	8.13e-07
 1.53241e+23	2.23e-11	9.28e-07	9.83e-04	4.25e-02	3.54e-01	4.61e-01	1.07e-01	2.58e-02	7.87e-03	1.34e-04	6.31e-07
 1.54085e+23	2.85e-11	1.13e-06	1.13e-03	4.64e-02	3.67e-01	4.54e-01	1.01e-01	2.35e-02	6.89e-03	1.11e-04	4.98e-07
 1.54848e+23	3.56e-11	1.34e-06	1.29e-03	5.02e-02	3.79e-01	4.47e-01	9.48e-02	2.16e-02	6.10e-03	9.39e-05	4.01e-07
 1.55710e+23	4.71e-11	1.67e-06	1.51e-03	5.54e-02	3.93e-01	4.38e-01	8.76e-02	1.93e-02	5.22e-03	7.57e-05	3.05e-07
 1.56599e+23	6.07e-11	2.04e-06	1.74e-03	6.04e-02	4.06e-01	4.28e-01	8.15e-02	1.74e-02	4.53e-03	6.22e-05	2.37e-07
 1.57391e+23	7.61e-11	2.43e-06	1.98e-03	6.52e-02	4.17e-01	4.20e-01	7.61e-02	1.59e-02	3.97e-03	5.19e-05	1.89e-07
 1.58287e+23	1.01e-10	3.03e-06	2.33e-03	7.17e-02	4.31e-01	4.08e-01	6.98e-02	1.41e-02	3.37e-03	4.14e-05	1.41e-07
 1.59219e+23	1.31e-10	3.70e-06	2.69e-03	7.80e-02	4.43e-01	3.96e-01	6.43e-02	1.26e-02	2.89e-03	3.36e-05	0.00e+00
 1.60059e+23	1.66e-10	4.45e-06	3.07e-03	8.43e-02	4.54e-01	3.86e-01	5.95e-02	1.14e-02	2.50e-03	2.76e-05	0.00e+00
 1.61012e+23	2.24e-10	5.62e-06	3.62e-03	9.28e-02	4.67e-01	3.71e-01	5.38e-02	9.97e-03	2.08e-03	2.14e-05	0.00e+00
 1.61990e+23	2.89e-10	6.83e-06	4.17e-03	1.00e-01	4.77e-01	3.58e-01	4.93e-02	8.88e-03	1.77e-03	1.73e-05	0.00e+00
 1.62868e+23	3.69e-10	8.25e-06	4.76e-03	1.08e-01	4.86e-01	3.46e-01	4.51e-02	7.94e-03	1.52e-03	1.40e-05	0.00e+00
 1.63875e+23	5.06e-10	1.05e-05	5.65e-03	1.19e-01	4.97e-01	3.29e-01	4.02e-02	6.84e-03	1.24e-03	1.06e-05	0.00e+00
 1.64892e+23	6.53e-10	1.28e-05	6.49e-03	1.29e-01	5.05e-01	3.16e-01	3.65e-02	6.06e-03	1.05e-03	8.44e-06	0.00e+00
 1.65921e+23	8.90e-10	1.62e-05	7.66e-03	1.41e-01	5.14e-01	2.99e-01	3.23e-02	5.21e-03	8.50e-04	6.38e-06	0.00e+00
 1.66966e+23	1.15e-09	1.97e-05	8.78e-03	1.51e-01	5.20e-01	2.85e-01	2.91e-02	4.58e-03	7.13e-04	5.03e-06	0.00e+00
 1.68033e+23	1.59e-09	2.52e-05	1.04e-02	1.65e-01	5.27e-01	2.68e-01	2.55e-02	3.89e-03	5.69e-04	3.72e-06	0.00e+00
 1.69111e+23	2.05e-09	3.06e-05	1.19e-02	1.77e-01	5.30e-01	2.54e-01	2.28e-02	3.40e-03	4.74e-04	2.91e-06	0.00e+00
 1.70202e+23	2.85e-09	3.92e-05	1.41e-02	1.93e-01	5.34e-01	2.36e-01	1.98e-02	2.86e-03	3.74e-04	2.12e-06	0.00e+00
 1.71304e+23	3.67e-09	4.75e-05	1.61e-02	2.06e-01	5.35e-01	2.22e-01	1.76e-02	2.49e-03	3.09e-04	1.65e-06	0.00e+00
 1.72419e+23	5.09e-09	6.07e-05	1.90e-02	2.24e-01	5.34e-01	2.05e-01	1.51e-02	2.08e-03	2.41e-04	1.18e-06	0.00e+00
 1.73550e+23	6.59e-09	7.37e-05	2.17e-02	2.38e-01	5.33e-01	1.92e-01	1.34e-02	1.80e-03	1.98e-04	9.09e-07	0.00e+00
 1.74529e+23	8.41e-09	8.84e-05	2.45e-02	2.52e-01	5.30e-01	1.80e-01	1.18e-02	1.56e-03	1.63e-04	7.05e-07	0.00e+00
 1.75629e+23	1.15e-08	1.12e-04	2.87e-02	2.71e-01	5.24e-01	1.64e-01	1.01e-02	1.30e-03	1.27e-04	5.04e-07	0.00e+00
 1.76703e+23	1.44e-08	1.32e-04	3.20e-02	2.85e-01	5.19e-01	1.54e-01	8.98e-03	1.13e-03	1.05e-04	3.96e-07	0.00e+00
 1.77600e+23	1.79e-08	1.55e-04	3.57e-02	2.98e-01	5.13e-01	1.43e-01	7.97e-03	9.88e-04	8.75e-05	3.10e-07	0.00e+00
 1.78621e+23	2.37e-08	1.91e-04	4.09e-02	3.16e-01	5.04e-01	1.31e-01	6.84e-03	8.29e-04	6.90e-05	2.27e-07	0.00e+00
 1.79642e+23	2.95e-08	2.25e-04	4.55e-02	3.30e-01	4.96e-01	1.22e-01	6.04e-03	7.20e-04	5.69e-05	1.76e-07	0.00e+00
 1.80663e+23	3.87e-08	2.74e-04	5.18e-02	3.47e-01	4.84e-01	1.10e-01	5.16e-03	6.01e-04	4.47e-05	1.28e-07	0.00e+00
 1.81704e+23	4.85e-08	3.23e-04	5.76e-02	3.62e-01	4.74e-01	1.02e-01	4.52e-03	5.17e-04	3.64e-05	0.00e+00	0.00e+00
 1.82770e+23	6.39e-08	3.96e-04	6.57e-02	3.79e-01	4.59e-01	9.14e-02	3.81e-03	4.27e-04	2.81e-05	0.00e+00	0.00e+00
 1.83843e+23	7.99e-08	4.65e-04	7.28e-02	3.93e-01	4.46e-01	8.36e-02	3.31e-03	3.64e-04	2.27e-05	0.00e+00	0.00e+00
 1.84928e+23	1.05e-07	5.69e-04	8.27e-02	4.10e-01	4.29e-01	7.45e-02	2.77e-03	2.98e-04	1.74e-05	0.00e+00	0.00e+00
 1.86026e+23	1.31e-07	6.68e-04	9.14e-02	4.23e-01	4.15e-01	6.75e-02	2.39e-03	2.52e-04	1.39e-05	0.00e+00	0.00e+00
 1.86904e+23	1.57e-07	7.61e-04	9.92e-02	4.33e-01	4.02e-01	6.22e-02	2.11e-03	2.20e-04	1.16e-05	0.00e+00	0.00e+00
 1.87811e+23	1.96e-07	8.90e-04	1.09e-01	4.45e-01	3.87e-01	5.62e-02	1.82e-03	1.85e-04	9.22e-06	0.00e+00	0.00e+00
 1.88739e+23	2.35e-07	1.02e-03	1.18e-01	4.54e-01	3.73e-01	5.14e-02	1.59e-03	1.60e-04	7.58e-06	0.00e+00	0.00e+00
 1.89565e+23	2.81e-07	1.15e-03	1.28e-01	4.63e-01	3.60e-01	4.70e-02	1.40e-03	1.38e-04	6.26e-06	0.00e+00	0.00e+00
 1.90509e+23	3.49e-07	1.35e-03	1.41e-01	4.72e-01	3.42e-01	4.19e-02	1.19e-03	1.15e-04	4.91e-06	0.00e+00	0.00e+00
 1.91464e+23	4.19e-07	1.53e-03	1.52e-01	4.80e-01	3.28e-01	3.80e-02	1.04e-03	9.79e-05	3.99e-06	0.00e+00	0.00e+00
 1.92300e+23	4.99e-07	1.73e-03	1.63e-01	4.86e-01	3.14e-01	3.45e-02	9.04e-04	8.40e-05	3.27e-06	0.00e+00	0.00e+00
 1.93255e+23	6.17e-07	2.01e-03	1.79e-01	4.92e-01	2.96e-01	3.05e-02	7.62e-04	6.91e-05	2.54e-06	0.00e+00	0.00e+00
 1.94226e+23	7.38e-07	2.28e-03	1.92e-01	4.96e-01	2.81e-01	2.74e-02	6.58e-04	5.84e-05	2.04e-06	0.00e+00	0.00e+00
 1.95086e+23	8.76e-07	2.57e-03	2.06e-01	5.00e-01	2.67e-01	2.46e-02	5.70e-04	4.96e-05	1.65e-06	0.00e+00	0.00e+00
 1.96072e+23	1.08e-06	2.98e-03	2.24e-01	5.02e-01	2.49e-01	2.15e-02	4.74e-04	4.02e-05	1.26e-06	0.00e+00	0.00e+00
 1.97073e+23	1.29e-06	3.37e-03	2.40e-01	5.03e-01	2.34e-01	1.91e-02	4.06e-04	3.36e-05	1.00e-06	0.00e+00	0.00e+00
 1.98093e+23	1.60e-06	3.90e-03	2.60e-01	5.02e-01	2.17e-01	1.64e-02	3.34e-04	2.68e-05	7.55e-07	0.00e+00	0.00e+00
 1.99123e+23	1.90e-06	4.40e-03	2.78e-01	5.01e-01	2.02e-01	1.45e-02	2.83e-04	2.22e-05	5.93e-07	0.00e+00	0.00e+00
 1.99850e+23	2.11e-06	4.72e-03	2.89e-01	4.99e-01	1.94e-01	1.34e-02	2.56e-04	1.98e-05	5.15e-07	0.00e+00	0.00e+00
 2.00479e+23	2.41e-06	5.16e-03	3.03e-01	4.96e-01	1.84e-01	1.21e-02	2.26e-04	1.70e-05	4.27e-07	0.00e+00	0.00e+00
 2.01297e+23	2.83e-06	5.77e-03	3.21e-01	4.92e-01	1.71e-01	1.07e-02	1.92e-04	1.41e-05	3.37e-07	0.00e+00	0.00e+00
 2.02359e+23	3.51e-06	6.66e-03	3.46e-01	4.84e-01	1.55e-01	8.97e-03	1.54e-04	1.09e-05	2.45e-07	0.00e+00	0.00e+00
 2.03431e+23	4.14e-06	7.43e-03	3.65e-01	4.77e-01	1.43e-01	7.80e-03	1.29e-04	8.90e-06	1.91e-07	0.00e+00	0.00e+00
 2.04513e+23	5.08e-06	8.52e-03	3.91e-01	4.66e-01	1.28e-01	6.51e-03	1.04e-04	6.84e-06	1.38e-07	0.00e+00	0.00e+00
 2.05626e+23	6.06e-06	9.56e-03	4.13e-01	4.55e-01	1.16e-01	5.55e-03	8.51e-05	5.43e-06	0.00e+00	0.00e+00	0.00e+00
 2.06626e+23	7.15e-06	1.07e-02	4.35e-01	4.44e-01	1.06e-01	4.74e-03	7.03e-05	4.33e-06	0.00e+00	0.00e+00	0.00e+00
 2.07773e+23	8.79e-06	1.22e-02	4.63e-01	4.28e-01	9.31e-02	3.87e-03	5.50e-05	3.24e-06	0.00e+00	0.00e+00	0.00e+00
 2.08947e+23	1.05e-05	1.36e-02	4.86e-01	4.14e-01	8.32e-02	3.24e-03	4.44e-05	2.51e-06	0.00e+00	0.00e+00	0.00e+00
 2.09840e+23	1.17e-05	1.47e-02	5.02e-01	4.03e-01	7.69e-02	2.86e-03	3.84e-05	2.11e-06	0.00e+00	0.00e+00	0.00e+00
 2.10684e+23	1.36e-05	1.61e-02	5.23e-01	3.89e-01	6.93e-02	2.43e-03	3.17e-05	1.68e-06	0.00e+00	0.00e+00	0.00e+00
 2.11544e+23	1.53e-05	1.73e-02	5.39e-01	3.78e-01	6.37e-02	2.14e-03	2.72e-05	1.39e-06	0.00e+00	0.00e+00	0.00e+00
 2.12426e+23	1.78e-05	1.90e-02	5.59e-01	3.63e-01	5.69e-02	1.80e-03	2.22e-05	1.10e-06	0.00e+00	0.00e+00	0.00e+00
 2.13324e+23	2.01e-05	2.06e-02	5.76e-01	3.50e-01	5.17e-02	1.56e-03	1.88e-05	8.93e-07	0.00e+00	0.00e+00	0.00e+00
 2.14241e+23	2.32e-05	2.25e-02	5.96e-01	3.34e-01	4.59e-02	1.30e-03	1.53e-05	6.95e-07	0.00e+00	0.00e+00	0.00e+00
 2.15177e+23	2.64e-05	2.43e-02	6.13e-01	3.20e-01	4.13e-02	1.11e-03	1.27e-05	5.57e-07	0.00e+00	0.00e+00	0.00e+00
 2.16011e+23	2.97e-05	2.62e-02	6.29e-01	3.07e-01	3.72e-02	9.56e-04	1.07e-05	4.50e-07	0.00e+00	0.00e+00	0.00e+00
 2.16965e+23	3.44e-05	2.86e-02	6.48e-01	2.90e-01	3.26e-02	7.88e-04	8.53e-06	3.44e-07	0.00e+00	0.00e+00	0.00e+00
 2.17943e+23	3.90e-05	3.08e-02	6.63e-01	2.76e-01	2.90e-02	6.66e-04	7.03e-06	2.72e-07	0.00e+00	0.00e+00	0.00e+00
 2.18952e+23	4.56e-05	3.38e-02	6.82e-01	2.59e-01	2.49e-02	5.37e-04	5.50e-06	2.01e-07	0.00e+00	0.00e+00	0.00e+00
 2.19966e+23	5.16e-05	3.64e-02	6.96e-01	2.45e-01	2.20e-02	4.51e-04	4.50e-06	1.58e-07	0.00e+00	0.00e+00	0.00e+00
 2.20987e+23	5.99e-05	3.97e-02	7.13e-01	2.28e-01	1.89e-02	3.63e-04	3.52e-06	0.00e+00	0.00e+00	0.00e+00	0.00e+00
 2.22043e+23	6.83e-05	4.29e-02	7.26e-01	2.14e-01	1.64e-02	2.99e-04	2.82e-06	0.00e+00	0.00e+00	0.00e+00	0.00e+00
 2.23143e+23	8.04e-05	4.71e-02	7.42e-01	1.97e-01	1.37e-02	2.34e-04	2.13e-06	0.00e+00	0.00e+00	0.00e+00	0.00e+00
 2.24245e+23	9.09e-05	5.06e-02	7.54e-01	1.84e-01	1.19e-02	1.93e-04	1.71e-06	0.00e+00	0.00e+00	0.00e+00	0.00e+00
 2.25349e+23	1.06e-04	5.53e-02	7.67e-01	1.68e-01	9.94e-03	1.50e-04	1.29e-06	0.00e+00	0.00e+00	0.00e+00	0.00e+00
 2.26477e+23	1.21e-04	5.95e-02	7.76e-01	1.55e-01	8.51e-03	1.22e-04	1.02e-06	0.00e+00	0.00e+00	0.00e+00	0.00e+00
 2.27637e+23	1.42e-04	6.51e-02	7.87e-01	1.40e-01	6.97e-03	9.36e-05	7.51e-07	0.00e+00	0.00e+00	0.00e+00	0.00e+00
 2.28809e+23	1.63e-04	7.01e-02	7.95e-01	1.29e-01	5.91e-03	7.52e-05	5.85e-07	0.00e+00	0.00e+00	0.00e+00	0.00e+00
 2.29997e+23	1.92e-04	7.67e-02	8.03e-01	1.15e-01	4.77e-03	5.70e-05	4.26e-07	0.00e+00	0.00e+00	0.00e+00	0.00e+00
 2.31199e+23	2.19e-04	8.26e-02	8.08e-01	1.05e-01	4.00e-03	4.54e-05	3.28e-07	0.00e+00	0.00e+00	0.00e+00	0.00e+00
 2.32417e+23	2.59e-04	9.03e-02	8.13e-01	9.32e-02	3.19e-03	3.39e-05	2.35e-07	0.00e+00	0.00e+00	0.00e+00	0.00e+00
 2.33652e+23	2.99e-04	9.74e-02	8.16e-01	8.40e-02	2.64e-03	2.67e-05	1.78e-07	0.00e+00	0.00e+00	0.00e+00	0.00e+00
 2.34907e+23	3.55e-04	1.07e-01	8.18e-01	7.35e-02	2.07e-03	1.97e-05	1.25e-07	0.00e+00	0.00e+00	0.00e+00	0.00e+00
 2.36176e+23	4.11e-04	1.15e-01	8.17e-01	6.56e-02	1.69e-03	1.53e-05	0.00e+00	0.00e+00	0.00e+00	0.00e+00	0.00e+00
 2.37464e+23	4.91e-04	1.26e-01	8.16e-01	5.65e-02	1.31e-03	1.10e-05	0.00e+00	0.00e+00	0.00e+00	0.00e+00	0.00e+00
 2.38766e+23	5.73e-04	1.36e-01	8.12e-01	4.97e-02	1.05e-03	8.44e-06	0.00e+00	0.00e+00	0.00e+00	0.00e+00	0.00e+00
 2.40086e+23	6.95e-04	1.50e-01	8.07e-01	4.20e-02	7.89e-04	5.94e-06	0.00e+00	0.00e+00	0.00e+00	0.00e+00	0.00e+00
 2.41412e+23	8.11e-04	1.62e-01	8.00e-01	3.65e-02	6.28e-04	4.50e-06	0.00e+00	0.00e+00	0.00e+00	0.00e+00	0.00e+00
 2.42746e+23	9.90e-04	1.78e-01	7.91e-01	3.03e-02	4.63e-04	3.10e-06	0.00e+00	0.00e+00	0.00e+00	0.00e+00	0.00e+00
 2.44102e+23	1.17e-03	1.92e-01	7.80e-01	2.57e-02	3.59e-04	2.27e-06	0.00e+00	0.00e+00	0.00e+00	0.00e+00	0.00e+00
 2.45489e+23	1.44e-03	2.12e-01	7.66e-01	2.07e-02	2.57e-04	1.51e-06	0.00e+00	0.00e+00	0.00e+00	0.00e+00	0.00e+00
 2.46906e+23	1.74e-03	2.30e-01	7.51e-01	1.70e-02	1.92e-04	1.05e-06	0.00e+00	0.00e+00	0.00e+00	0.00e+00	0.00e+00
 2.47987e+23	2.00e-03	2.44e-01	7.39e-01	1.46e-02	1.54e-04	7.97e-07	0.00e+00	0.00e+00	0.00e+00	0.00e+00	0.00e+00
 2.49012e+23	2.33e-03	2.61e-01	7.25e-01	1.21e-02	1.18e-04	5.68e-07	0.00e+00	0.00e+00	0.00e+00	0.00e+00	0.00e+00
 2.50092e+23	2.72e-03	2.78e-01	7.09e-01	9.99e-03	9.16e-05	4.07e-07	0.00e+00	0.00e+00	0.00e+00	0.00e+00	0.00e+00
 2.51070e+23	3.13e-03	2.94e-01	6.94e-01	8.28e-03	7.16e-05	2.93e-07	0.00e+00	0.00e+00	0.00e+00	0.00e+00	0.00e+00
 2.52171e+23	3.74e-03	3.15e-01	6.75e-01	6.46e-03	5.21e-05	1.90e-07	0.00e+00	0.00e+00	0.00e+00	0.00e+00	0.00e+00
 2.53340e+23	4.45e-03	3.36e-01	6.55e-01	4.97e-03	3.78e-05	0.00e+00	0.00e+00	0.00e+00	0.00e+00	0.00e+00	0.00e+00
 2.54350e+23	5.16e-03	3.53e-01	6.38e-01	3.88e-03	2.84e-05	0.00e+00	0.00e+00	0.00e+00	0.00e+00	0.00e+00	0.00e+00
 2.55242e+23	5.93e-03	3.70e-01	6.21e-01	3.04e-03	2.15e-05	0.00e+00	0.00e+00	0.00e+00	0.00e+00	0.00e+00	0.00e+00
 2.56078e+23	6.81e-03	3.85e-01	6.05e-01	2.36e-03	1.63e-05	0.00e+00	0.00e+00	0.00e+00	0.00e+00	0.00e+00	0.00e+00
 2.56853e+23	7.68e-03	3.98e-01	5.92e-01	1.83e-03	1.25e-05	0.00e+00	0.00e+00	0.00e+00	0.00e+00	0.00e+00	0.00e+00
 2.57564e+23	8.68e-03	4.11e-01	5.79e-01	1.42e-03	9.60e-06	0.00e+00	0.00e+00	0.00e+00	0.00e+00	0.00e+00	0.00e+00
 2.58211e+23	9.67e-03	4.21e-01	5.68e-01	1.10e-03	7.47e-06	0.00e+00	0.00e+00	0.00e+00	0.00e+00	0.00e+00	0.00e+00
 2.58789e+23	1.07e-02	4.30e-01	5.59e-01	8.63e-04	5.88e-06	0.00e+00	0.00e+00	0.00e+00	0.00e+00	0.00e+00	0.00e+00
 2.59307e+23	1.18e-02	4.37e-01	5.51e-01	6.84e-04	4.70e-06	0.00e+00	0.00e+00	0.00e+00	0.00e+00	0.00e+00	0.00e+00
 2.59773e+23	1.28e-02	4.41e-01	5.45e-01	5.51e-04	3.82e-06	0.00e+00	0.00e+00	0.00e+00	0.00e+00	0.00e+00	0.00e+00
 2.60201e+23	1.39e-02	4.46e-01	5.40e-01	4.47e-04	3.13e-06	0.00e+00	0.00e+00	0.00e+00	0.00e+00	0.00e+00	0.00e+00
 2.60596e+23	1.50e-02	4.48e-01	5.36e-01	3.67e-04	2.61e-06	0.00e+00	0.00e+00	0.00e+00	0.00e+00	0.00e+00	0.00e+00
 2.60957e+23	1.60e-02	4.50e-01	5.34e-01	3.07e-04	2.21e-06	0.00e+00	0.00e+00	0.00e+00	0.00e+00	0.00e+00	0.00e+00
 2.61289e+23	1.71e-02	4.50e-01	5.32e-01	2.60e-04	1.90e-06	0.00e+00	0.00e+00	0.00e+00	0.00e+00	0.00e+00	0.00e+00
 2.61514e+23	1.76e-02	4.48e-01	5.34e-01	2.35e-04	1.73e-06	0.00e+00	0.00e+00	0.00e+00	0.00e+00	0.00e+00	0.00e+00
 2.61624e+23	1.80e-02	4.48e-01	5.34e-01	2.24e-04	1.66e-06	0.00e+00	0.00e+00	0.00e+00	0.00e+00	0.00e+00	0.00e+00
 2.61721e+23	1.83e-02	4.48e-01	5.33e-01	2.13e-04	1.59e-06	0.00e+00	0.00e+00	0.00e+00	0.00e+00	0.00e+00	0.00e+00
 2.61845e+23	1.88e-02	4.48e-01	5.33e-01	2.01e-04	1.50e-06	0.00e+00	0.00e+00	0.00e+00	0.00e+00	0.00e+00	0.00e+00
 2.61989e+23	1.94e-02	4.48e-01	5.33e-01	1.88e-04	1.41e-06	0.00e+00	0.00e+00	0.00e+00	0.00e+00	0.00e+00	0.00e+00
 2.62134e+23	1.98e-02	4.46e-01	5.34e-01	1.76e-04	1.34e-06	0.00e+00	0.00e+00	0.00e+00	0.00e+00	0.00e+00	0.00e+00
 2.62280e+23	2.03e-02	4.46e-01	5.34e-01	1.65e-04	1.26e-06	0.00e+00	0.00e+00	0.00e+00	0.00e+00	0.00e+00	0.00e+00
 2.62433e+23	2.09e-02	4.45e-01	5.34e-01	1.55e-04	1.19e-06	0.00e+00	0.00e+00	0.00e+00	0.00e+00	0.00e+00	0.00e+00
 2.62586e+23	2.14e-02	4.44e-01	5.35e-01	1.46e-04	1.13e-06	0.00e+00	0.00e+00	0.00e+00	0.00e+00	0.00e+00	0.00e+00
 2.62746e+23	2.20e-02	4.42e-01	5.35e-01	1.37e-04	1.07e-06	0.00e+00	0.00e+00	0.00e+00	0.00e+00	0.00e+00	0.00e+00
 2.62912e+23	2.26e-02	4.41e-01	5.36e-01	1.28e-04	1.02e-06	0.00e+00	0.00e+00	0.00e+00	0.00e+00	0.00e+00	0.00e+00
 2.63072e+23	2.31e-02	4.39e-01	5.38e-01	1.22e-04	9.70e-07	0.00e+00	0.00e+00	0.00e+00	0.00e+00	0.00e+00	0.00e+00
 2.63196e+23	2.35e-02	4.38e-01	5.39e-01	1.17e-04	9.39e-07	0.00e+00	0.00e+00	0.00e+00	0.00e+00	0.00e+00	0.00e+00
 2.63280e+23	2.37e-02	4.37e-01	5.40e-01	1.14e-04	9.20e-07	0.00e+00	0.00e+00	0.00e+00	0.00e+00	0.00e+00	0.00e+00
 2.63362e+23	2.41e-02	4.36e-01	5.40e-01	1.11e-04	8.99e-07	0.00e+00	0.00e+00	0.00e+00	0.00e+00	0.00e+00	0.00e+00
 2.63462e+23	2.45e-02	4.36e-01	5.40e-01	1.07e-04	8.75e-07	0.00e+00	0.00e+00	0.00e+00	0.00e+00	0.00e+00	0.00e+00
 2.63570e+23	2.49e-02	4.35e-01	5.40e-01	1.04e-04	8.52e-07	0.00e+00	0.00e+00	0.00e+00	0.00e+00	0.00e+00	0.00e+00
 2.63675e+23	2.54e-02	4.35e-01	5.40e-01	1.01e-04	8.31e-07	0.00e+00	0.00e+00	0.00e+00	0.00e+00	0.00e+00	0.00e+00
 2.63775e+23	2.57e-02	4.34e-01	5.40e-01	9.79e-05	8.13e-07	0.00e+00	0.00e+00	0.00e+00	0.00e+00	0.00e+00	0.00e+00
 2.63879e+23	2.62e-02	4.34e-01	5.40e-01	9.51e-05	7.93e-07	0.00e+00	0.00e+00	0.00e+00	0.00e+00	0.00e+00	0.00e+00
 2.63990e+23	2.68e-02	4.34e-01	5.39e-01	9.22e-05	7.74e-07	0.00e+00	0.00e+00	0.00e+00	0.00e+00	0.00e+00	0.00e+00
 2.64101e+23	2.73e-02	4.34e-01	5.39e-01	8.95e-05	7.57e-07	0.00e+00	0.00e+00	0.00e+00	0.00e+00	0.00e+00	0.00e+00
 2.64212e+23	2.78e-02	4.34e-01	5.38e-01	8.70e-05	7.40e-07	0.00e+00	0.00e+00	0.00e+00	0.00e+00	0.00e+00	0.00e+00
 2.64328e+23	2.84e-02	4.34e-01	5.38e-01	8.44e-05	7.23e-07	0.00e+00	0.00e+00	0.00e+00	0.00e+00	0.00e+00	0.00e+00
 2.64447e+23	2.90e-02	4.34e-01	5.37e-01	8.20e-05	7.07e-07	0.00e+00	0.00e+00	0.00e+00	0.00e+00	0.00e+00	0.00e+00
 2.64570e+23	2.96e-02	4.34e-01	5.36e-01	7.96e-05	6.91e-07	0.00e+00	0.00e+00	0.00e+00	0.00e+00	0.00e+00	0.00e+00
 2.64696e+23	3.04e-02	4.35e-01	5.34e-01	7.73e-05	6.76e-07	0.00e+00	0.00e+00	0.00e+00	0.00e+00	0.00e+00	0.00e+00
 2.64823e+23	3.11e-02	4.36e-01	5.33e-01	7.50e-05	6.61e-07	0.00e+00	0.00e+00	0.00e+00	0.00e+00	0.00e+00	0.00e+00
