#depth	He	He+	He+2
 1.54284e+22	5.80e-13	1.09e-06	1.00e+00
 3.47792e+22	1.34e-12	1.61e-06	1.00e+00
 4.10620e+22	2.24e-12	2.03e-06	1.00e+00
 4.53105e+22	3.43e-12	2.46e-06	1.00e+00
 4.76708e+22	3.86e-12	2.59e-06	1.00e+00
 4.84230e+22	4.12e-12	2.67e-06	1.00e+00
 4.90674e+22	4.52e-12	2.78e-06	1.00e+00
 4.97007e+22	4.86e-12	2.87e-06	1.00e+00
 5.02351e+22	5.14e-12	2.94e-06	1.00e+00
 5.08450e+22	5.60e-12	3.06e-06	1.00e+00
 5.14810e+22	6.05e-12	3.16e-06	1.00e+00
 5.20339e+22	6.49e-12	3.26e-06	1.00e+00
 5.26356e+22	7.08e-12	3.39e-06	1.00e+00
 5.32432e+22	7.60e-12	3.50e-06	1.00e+00
 5.38585e+22	8.32e-12	3.64e-06	1.00e+00
 5.44796e+22	9.02e-12	3.77e-06	1.00e+00
 5.50063e+22	9.67e-12	3.88e-06	1.00e+00
 5.55889e+22	1.05e-11	4.03e-06	1.00e+00
 5.61884e+22	1.14e-11	4.17e-06	1.00e+00
 5.67086e+22	1.22e-11	4.31e-06	1.00e+00
 5.72837e+22	1.34e-11	4.48e-06	1.00e+00
 5.78681e+22	1.44e-11	4.63e-06	1.00e+00
 5.83854e+22	1.55e-11	4.79e-06	1.00e+00
 5.88871e+22	1.67e-11	4.94e-06	1.00e+00
 5.94480e+22	1.82e-11	5.14e-06	1.00e+00
 6.00258e+22	1.97e-11	5.32e-06	1.00e+00
 6.05317e+22	2.12e-11	5.50e-06	1.00e+00
 6.10216e+22	2.28e-11	5.68e-06	1.00e+00
 6.15843e+22	2.51e-11	5.93e-06	1.00e+00
 6.21475e+22	2.70e-11	6.13e-06	1.00e+00
 6.27113e+22	2.96e-11	6.39e-06	1.00e+00
 6.32735e+22	3.20e-11	6.62e-06	1.00e+00
 6.37552e+22	3.44e-11	6.84e-06	1.00e+00
 6.43031e+22	3.76e-11	7.12e-06	1.00e+00
 6.48771e+22	4.10e-11	7.41e-06	1.00e+00
 6.53869e+22	4.41e-11	7.67e-06	1.00e+00
 6.59516e+22	4.85e-11	8.01e-06	1.00e+00
 6.65077e+22	5.24e-11	8.30e-06	1.00e+00
 6.69691e+22	5.63e-11	8.58e-06	1.00e+00
 6.74856e+22	6.16e-11	8.95e-06	1.00e+00
 6.79791e+22	6.58e-11	9.23e-06	1.00e+00
 6.83822e+22	7.04e-11	9.53e-06	1.00e+00
 6.87525e+22	7.47e-11	9.80e-06	1.00e+00
 6.90873e+22	7.88e-11	1.01e-05	1.00e+00
 6.94690e+22	8.44e-11	1.04e-05	1.00e+00
 6.98501e+22	8.94e-11	1.07e-05	1.00e+00
 7.01723e+22	9.44e-11	1.10e-05	1.00e+00
 7.04846e+22	9.96e-11	1.12e-05	1.00e+00
 7.07876e+22	1.05e-10	1.15e-05	1.00e+00
 7.11271e+22	1.12e-10	1.19e-05	1.00e+00
 7.14701e+22	1.18e-10	1.22e-05	1.00e+00
 7.17690e+22	1.24e-10	1.25e-05	1.00e+00
 7.21091e+22	1.33e-10	1.30e-05	1.00e+00
 7.24437e+22	1.40e-10	1.33e-05	1.00e+00
 7.27183e+22	1.48e-10	1.36e-05	1.00e+00
 7.29778e+22	1.55e-10	1.40e-05	1.00e+00
 7.32708e+22	1.64e-10	1.44e-05	1.00e+00
 7.35720e+22	1.74e-10	1.48e-05	1.00e+00
 7.38340e+22	1.82e-10	1.52e-05	1.00e+00
 7.41246e+22	1.94e-10	1.57e-05	1.00e+00
 7.44225e+22	2.06e-10	1.61e-05	1.00e+00
 7.46839e+22	2.17e-10	1.66e-05	1.00e+00
 7.49780e+22	2.32e-10	1.72e-05	1.00e+00
 7.52759e+22	2.46e-10	1.77e-05	1.00e+00
 7.55305e+22	2.59e-10	1.82e-05	1.00e+00
 7.58131e+22	2.78e-10	1.89e-05	1.00e+00
 7.60938e+22	2.93e-10	1.94e-05	1.00e+00
 7.63722e+22	3.15e-10	2.02e-05	1.00e+00
 7.66429e+22	3.31e-10	2.07e-05	1.00e+00
 7.69038e+22	3.56e-10	2.16e-05	1.00e+00
 7.71628e+22	3.75e-10	2.22e-05	1.00e+00
 7.74194e+22	4.03e-10	2.31e-05	1.00e+00
 7.76801e+22	4.25e-10	2.38e-05	1.00e+00
 7.79461e+22	4.60e-10	2.49e-05	1.00e+00
 7.82129e+22	4.86e-10	2.57e-05	1.00e+00
 7.84808e+22	5.24e-10	2.68e-05	1.00e+00
 7.87464e+22	5.55e-10	2.77e-05	1.00e+00
 7.90090e+22	5.98e-10	2.89e-05	1.00e+00
 7.92764e+22	6.35e-10	3.00e-05	1.00e+00
 7.95501e+22	6.87e-10	3.14e-05	1.00e+00
 7.98258e+22	7.30e-10	3.26e-05	1.00e+00
 8.01040e+22	7.91e-10	3.42e-05	1.00e+00
 8.03842e+22	8.41e-10	3.55e-05	1.00e+00
 8.06265e+22	8.92e-10	3.69e-05	1.00e+00
 8.09011e+22	9.64e-10	3.87e-05	1.00e+00
 8.11733e+22	1.02e-09	4.01e-05	1.00e+00
 8.14426e+22	1.09e-09	4.19e-05	1.00e+00
 8.17197e+22	1.16e-09	4.35e-05	1.00e+00
 8.20071e+22	1.25e-09	4.57e-05	1.00e+00
 8.22999e+22	1.32e-09	4.74e-05	1.00e+00
 8.25994e+22	1.42e-09	4.98e-05	1.00e+00
 8.29046e+22	1.50e-09	5.17e-05	1.00e+00
 8.32175e+22	1.61e-09	5.43e-05	1.00e+00
 8.35360e+22	1.71e-09	5.64e-05	1.00e+00
 8.38619e+22	1.83e-09	5.92e-05	1.00e+00
 8.41898e+22	1.93e-09	6.15e-05	1.00e+00
 8.45204e+22	2.06e-09	6.45e-05	1.00e+00
 8.48585e+22	2.17e-09	6.69e-05	1.00e+00
 8.51532e+22	2.28e-09	6.92e-05	1.00e+00
 8.54830e+22	2.42e-09	7.24e-05	1.00e+00
 8.58130e+22	2.53e-09	7.48e-05	1.00e+00
 8.61433e+22	2.68e-09	7.81e-05	1.00e+00
 8.64811e+22	2.81e-09	8.08e-05	1.00e+00
 8.67796e+22	2.93e-09	8.35e-05	1.00e+00
 8.71186e+22	3.10e-09	8.72e-05	1.00e+00
 8.74561e+22	3.23e-09	8.98e-05	1.00e+00
 8.77917e+22	3.41e-09	9.36e-05	1.00e+00
 8.81338e+22	3.55e-09	9.65e-05	1.00e+00
 8.84845e+22	3.74e-09	1.01e-04	1.00e+00
 8.88418e+22	3.89e-09	1.04e-04	1.00e+00
 8.92078e+22	4.10e-09	1.08e-04	1.00e+00
 8.95806e+22	4.17e-09	1.12e-04	1.00e+00
 8.99622e+22	4.39e-09	1.17e-04	1.00e+00
 9.03351e+22	4.56e-09	1.20e-04	1.00e+00
 9.06969e+22	4.78e-09	1.25e-04	1.00e+00
 9.10642e+22	4.96e-09	1.28e-04	1.00e+00
 9.14389e+22	5.21e-09	1.33e-04	1.00e+00
 9.18251e+22	5.41e-09	1.38e-04	1.00e+00
 9.22265e+22	5.69e-09	1.43e-04	1.00e+00
 9.26409e+22	5.92e-09	1.48e-04	1.00e+00
 9.30722e+22	6.24e-09	1.54e-04	1.00e+00
 9.35152e+22	6.51e-09	1.59e-04	1.00e+00
 9.39734e+22	6.86e-09	1.66e-04	1.00e+00
 9.44464e+22	7.17e-09	1.72e-04	1.00e+00
 9.49389e+22	7.58e-09	1.79e-04	1.00e+00
 9.54459e+22	7.95e-09	1.86e-04	1.00e+00
 9.59024e+22	8.31e-09	1.92e-04	1.00e+00
 9.64263e+22	8.81e-09	2.02e-04	1.00e+00
 9.69539e+22	9.22e-09	2.09e-04	1.00e+00
 9.74863e+22	9.76e-09	2.19e-04	1.00e+00
 9.80299e+22	1.02e-08	2.27e-04	1.00e+00
 9.85883e+22	1.08e-08	2.39e-04	1.00e+00
 9.91583e+22	1.14e-08	2.48e-04	1.00e+00
 9.96655e+22	1.19e-08	2.58e-04	1.00e+00
 1.00247e+23	1.26e-08	2.73e-04	1.00e+00
 1.00795e+23	1.31e-08	2.82e-04	1.00e+00
 1.01298e+23	1.37e-08	2.96e-04	1.00e+00
 1.01807e+23	1.43e-08	3.06e-04	1.00e+00
 1.02324e+23	1.50e-08	3.21e-04	1.00e+00
 1.02853e+23	1.55e-08	3.34e-04	1.00e+00
 1.03395e+23	1.62e-08	3.52e-04	1.00e+00
 1.03941e+23	1.68e-08	3.66e-04	1.00e+00
 1.04491e+23	1.75e-08	3.87e-04	1.00e+00
 1.05052e+23	1.81e-08	4.04e-04	1.00e+00
 1.05627e+23	1.88e-08	4.28e-04	1.00e+00
 1.06213e+23	1.93e-08	4.48e-04	1.00e+00
 1.06813e+23	1.99e-08	4.76e-04	1.00e+00
 1.07420e+23	2.04e-08	5.00e-04	1.00e+00
 1.07933e+23	2.08e-08	5.22e-04	9.99e-01
 1.08492e+23	2.12e-08	5.53e-04	9.99e-01
 1.09052e+23	2.15e-08	5.79e-04	9.99e-01
 1.09600e+23	2.17e-08	6.13e-04	9.99e-01
 1.10158e+23	2.19e-08	6.43e-04	9.99e-01
 1.10706e+23	2.20e-08	6.79e-04	9.99e-01
 1.11265e+23	2.21e-08	7.14e-04	9.99e-01
 1.11817e+23	2.21e-08	7.53e-04	9.99e-01
 1.12372e+23	2.21e-08	7.93e-04	9.99e-01
 1.12921e+23	2.21e-08	8.35e-04	9.99e-01
 1.13469e+23	2.21e-08	8.79e-04	9.99e-01
 1.14017e+23	2.21e-08	9.25e-04	9.99e-01
 1.14567e+23	2.22e-08	9.74e-04	9.99e-01
 1.15120e+23	2.22e-08	1.03e-03	9.99e-01
 1.15678e+23	2.24e-08	1.08e-03	9.99e-01
 1.16241e+23	2.27e-08	1.14e-03	9.99e-01
 1.16807e+23	2.30e-08	1.20e-03	9.99e-01
 1.17383e+23	2.36e-08	1.26e-03	9.99e-01
 1.17964e+23	2.42e-08	1.33e-03	9.99e-01
 1.18557e+23	2.52e-08	1.40e-03	9.99e-01
 1.19160e+23	2.62e-08	1.47e-03	9.99e-01
 1.19713e+23	2.73e-08	1.54e-03	9.98e-01
 1.20290e+23	2.90e-08	1.63e-03	9.98e-01
 1.20877e+23	3.05e-08	1.70e-03	9.98e-01
 1.21481e+23	3.29e-08	1.80e-03	9.98e-01
 1.22087e+23	3.49e-08	1.88e-03	9.98e-01
 1.22694e+23	3.80e-08	1.99e-03	9.98e-01
 1.23304e+23	4.07e-08	2.08e-03	9.98e-01
 1.23917e+23	4.46e-08	2.20e-03	9.98e-01
 1.24536e+23	4.80e-08	2.30e-03	9.98e-01
 1.25164e+23	5.30e-08	2.43e-03	9.98e-01
 1.25800e+23	5.75e-08	2.54e-03	9.97e-01
 1.26447e+23	6.39e-08	2.69e-03	9.97e-01
 1.27106e+23	6.95e-08	2.82e-03	9.97e-01
 1.27781e+23	7.78e-08	2.99e-03	9.97e-01
 1.28471e+23	8.52e-08	3.13e-03	9.97e-01
 1.29181e+23	9.60e-08	3.33e-03	9.97e-01
 1.29904e+23	1.05e-07	3.49e-03	9.97e-01
 1.30515e+23	1.15e-07	3.64e-03	9.96e-01
 1.31179e+23	1.28e-07	3.85e-03	9.96e-01
 1.31823e+23	1.39e-07	4.00e-03	9.96e-01
 1.32441e+23	1.54e-07	4.21e-03	9.96e-01
 1.33065e+23	1.66e-07	4.38e-03	9.96e-01
 1.33698e+23	1.85e-07	4.61e-03	9.95e-01
 1.34339e+23	2.00e-07	4.80e-03	9.95e-01
 1.34993e+23	2.23e-07	5.06e-03	9.95e-01
 1.35657e+23	2.41e-07	5.26e-03	9.95e-01
 1.36333e+23	2.70e-07	5.56e-03	9.94e-01
 1.37019e+23	2.93e-07	5.79e-03	9.94e-01
 1.37718e+23	3.28e-07	6.12e-03	9.94e-01
 1.38435e+23	3.58e-07	6.39e-03	9.94e-01
 1.39173e+23	4.02e-07	6.77e-03	9.93e-01
 1.39931e+23	4.41e-07	7.08e-03	9.93e-01
 1.40713e+23	4.98e-07	7.52e-03	9.92e-01
 1.41504e+23	5.46e-07	7.87e-03	9.92e-01
 1.42306e+23	6.19e-07	8.37e-03	9.92e-01
 1.43117e+23	6.79e-07	8.76e-03	9.91e-01
 1.43939e+23	7.70e-07	9.32e-03	9.91e-01
 1.44775e+23	8.48e-07	9.78e-03	9.90e-01
 1.45514e+23	9.35e-07	1.03e-02	9.90e-01
 1.46359e+23	1.06e-06	1.09e-02	9.89e-01
 1.47221e+23	1.17e-06	1.15e-02	9.89e-01
 1.47918e+23	1.28e-06	1.20e-02	9.88e-01
 1.48641e+23	1.41e-06	1.26e-02	9.87e-01
 1.49401e+23	1.54e-06	1.31e-02	9.87e-01
 1.50100e+23	1.69e-06	1.37e-02	9.86e-01
 1.50897e+23	1.88e-06	1.45e-02	9.85e-01
 1.51715e+23	2.08e-06	1.52e-02	9.85e-01
 1.52434e+23	2.27e-06	1.59e-02	9.84e-01
 1.53241e+23	2.54e-06	1.68e-02	9.83e-01
 1.54085e+23	2.81e-06	1.77e-02	9.82e-01
 1.54848e+23	3.09e-06	1.85e-02	9.81e-01
 1.55710e+23	3.47e-06	1.96e-02	9.80e-01
 1.56599e+23	3.86e-06	2.07e-02	9.79e-01
 1.57391e+23	4.25e-06	2.17e-02	9.78e-01
 1.58287e+23	4.79e-06	2.30e-02	9.77e-01
 1.59219e+23	5.35e-06	2.43e-02	9.76e-01
 1.60059e+23	5.92e-06	2.55e-02	9.74e-01
 1.61012e+23	6.75e-06	2.72e-02	9.73e-01
 1.61990e+23	7.54e-06	2.87e-02	9.71e-01
 1.62868e+23	8.39e-06	3.03e-02	9.70e-01
 1.63875e+23	9.63e-06	3.24e-02	9.68e-01
 1.64892e+23	1.08e-05	3.43e-02	9.66e-01
 1.65921e+23	1.24e-05	3.66e-02	9.63e-01
 1.66966e+23	1.39e-05	3.88e-02	9.61e-01
 1.68033e+23	1.61e-05	4.16e-02	9.58e-01
 1.69111e+23	1.80e-05	4.40e-02	9.56e-01
 1.70202e+23	2.09e-05	4.74e-02	9.53e-01
 1.71304e+23	2.35e-05	5.01e-02	9.50e-01
 1.72419e+23	2.73e-05	5.39e-02	9.46e-01
 1.73550e+23	3.08e-05	5.72e-02	9.43e-01
 1.74529e+23	3.45e-05	6.04e-02	9.40e-01
 1.75629e+23	4.01e-05	6.49e-02	9.35e-01
 1.76703e+23	4.45e-05	6.83e-02	9.32e-01
 1.77600e+23	4.95e-05	7.18e-02	9.28e-01
 1.78621e+23	5.65e-05	7.66e-02	9.23e-01
 1.79642e+23	6.28e-05	8.05e-02	9.19e-01
 1.80663e+23	7.17e-05	8.58e-02	9.14e-01
 1.81704e+23	8.00e-05	9.04e-02	9.10e-01
 1.82770e+23	9.16e-05	9.64e-02	9.04e-01
 1.83843e+23	1.02e-04	1.02e-01	8.98e-01
 1.84928e+23	1.17e-04	1.08e-01	8.92e-01
 1.86026e+23	1.31e-04	1.14e-01	8.86e-01
 1.86904e+23	1.44e-04	1.19e-01	8.81e-01
 1.87811e+23	1.60e-04	1.25e-01	8.74e-01
 1.88739e+23	1.76e-04	1.31e-01	8.69e-01
 1.89565e+23	1.93e-04	1.37e-01	8.63e-01
 1.90509e+23	2.16e-04	1.44e-01	8.56e-01
 1.91464e+23	2.37e-04	1.50e-01	8.49e-01
 1.92300e+23	2.59e-04	1.57e-01	8.43e-01
 1.93255e+23	2.90e-04	1.65e-01	8.35e-01
 1.94226e+23	3.18e-04	1.72e-01	8.28e-01
 1.95086e+23	3.49e-04	1.79e-01	8.20e-01
 1.96072e+23	3.90e-04	1.89e-01	8.11e-01
 1.97073e+23	4.29e-04	1.97e-01	8.03e-01
 1.98093e+23	4.81e-04	2.07e-01	7.92e-01
 1.99123e+23	5.29e-04	2.16e-01	7.83e-01
 1.99850e+23	5.59e-04	2.21e-01	7.78e-01
 2.00479e+23	6.01e-04	2.28e-01	7.71e-01
 2.01297e+23	6.58e-04	2.38e-01	7.62e-01
 2.02359e+23	7.42e-04	2.50e-01	7.49e-01
 2.03431e+23	8.13e-04	2.60e-01	7.39e-01
 2.04513e+23	9.13e-04	2.73e-01	7.26e-01
 2.05626e+23	1.01e-03	2.85e-01	7.14e-01
 2.06626e+23	1.11e-03	2.96e-01	7.03e-01
 2.07773e+23	1.25e-03	3.11e-01	6.87e-01
 2.08947e+23	1.38e-03	3.24e-01	6.74e-01
 2.09840e+23	1.48e-03	3.33e-01	6.65e-01
 2.10684e+23	1.61e-03	3.45e-01	6.53e-01
 2.11544e+23	1.73e-03	3.55e-01	6.44e-01
 2.12426e+23	1.89e-03	3.67e-01	6.31e-01
 2.13324e+23	2.03e-03	3.78e-01	6.20e-01
 2.14241e+23	2.21e-03	3.91e-01	6.07e-01
 2.15177e+23	2.39e-03	4.02e-01	5.95e-01
 2.16011e+23	2.57e-03	4.13e-01	5.84e-01
 2.16965e+23	2.81e-03	4.27e-01	5.70e-01
 2.17943e+23	3.03e-03	4.40e-01	5.57e-01
 2.18952e+23	3.33e-03	4.55e-01	5.41e-01
 2.19966e+23	3.60e-03	4.68e-01	5.28e-01
 2.20987e+23	3.94e-03	4.84e-01	5.12e-01
 2.22043e+23	4.27e-03	4.98e-01	4.98e-01
 2.23143e+23	4.73e-03	5.16e-01	4.80e-01
 2.24245e+23	5.10e-03	5.29e-01	4.66e-01
 2.25349e+23	5.63e-03	5.47e-01	4.47e-01
 2.26477e+23	6.10e-03	5.62e-01	4.32e-01
 2.27637e+23	6.74e-03	5.81e-01	4.13e-01
 2.28809e+23	7.31e-03	5.96e-01	3.97e-01
 2.29997e+23	8.10e-03	6.15e-01	3.77e-01
 2.31199e+23	8.80e-03	6.31e-01	3.60e-01
 2.32417e+23	9.76e-03	6.51e-01	3.40e-01
 2.33652e+23	1.06e-02	6.67e-01	3.22e-01
 2.34907e+23	1.18e-02	6.87e-01	3.01e-01
 2.36176e+23	1.29e-02	7.04e-01	2.83e-01
 2.37464e+23	1.44e-02	7.23e-01	2.62e-01
 2.38766e+23	1.58e-02	7.40e-01	2.44e-01
 2.40086e+23	1.77e-02	7.60e-01	2.23e-01
 2.41412e+23	1.94e-02	7.75e-01	2.05e-01
 2.42746e+23	2.19e-02	7.93e-01	1.85e-01
 2.44102e+23	2.42e-02	8.08e-01	1.68e-01
 2.45489e+23	2.74e-02	8.24e-01	1.48e-01
 2.46906e+23	3.06e-02	8.37e-01	1.32e-01
 2.47987e+23	3.32e-02	8.46e-01	1.21e-01
 2.49012e+23	3.65e-02	8.54e-01	1.09e-01
 2.50092e+23	4.00e-02	8.62e-01	9.82e-02
 2.51070e+23	4.37e-02	8.67e-01	8.90e-02
 2.52171e+23	4.90e-02	8.72e-01	7.87e-02
 2.53340e+23	5.48e-02	8.76e-01	6.95e-02
 2.54350e+23	6.07e-02	8.77e-01	6.24e-02
 2.55242e+23	6.70e-02	8.77e-01	5.65e-02
 2.56078e+23	7.39e-02	8.75e-01	5.15e-02
 2.56853e+23	8.13e-02	8.71e-01	4.74e-02
 2.57564e+23	8.94e-02	8.67e-01	4.39e-02
 2.58211e+23	9.80e-02	8.61e-01	4.11e-02
 2.58789e+23	1.07e-01	8.54e-01	3.88e-02
 2.59307e+23	1.16e-01	8.47e-01	3.70e-02
 2.59773e+23	1.26e-01	8.38e-01	3.55e-02
 2.60201e+23	1.36e-01	8.29e-01	3.44e-02
 2.60596e+23	1.47e-01	8.19e-01	3.34e-02
 2.60957e+23	1.58e-01	8.09e-01	3.27e-02
 2.61289e+23	1.70e-01	7.98e-01	3.22e-02
 2.61514e+23	1.77e-01	7.91e-01	3.22e-02
 2.61624e+23	1.81e-01	7.87e-01	3.21e-02
 2.61721e+23	1.85e-01	7.83e-01	3.20e-02
 2.61845e+23	1.90e-01	7.78e-01	3.19e-02
 2.61989e+23	1.97e-01	7.71e-01	3.17e-02
 2.62134e+23	2.03e-01	7.66e-01	3.18e-02
 2.62280e+23	2.10e-01	7.59e-01	3.17e-02
 2.62433e+23	2.17e-01	7.51e-01	3.17e-02
 2.62586e+23	2.25e-01	7.44e-01	3.17e-02
 2.62746e+23	2.33e-01	7.35e-01	3.17e-02
 2.62912e+23	2.42e-01	7.26e-01	3.18e-02
 2.63072e+23	2.51e-01	7.17e-01	3.19e-02
 2.63196e+23	2.57e-01	7.11e-01	3.20e-02
 2.63280e+23	2.62e-01	7.06e-01	3.21e-02
 2.63362e+23	2.67e-01	7.01e-01	3.20e-02
 2.63462e+23	2.74e-01	6.94e-01	3.20e-02
 2.63570e+23	2.80e-01	6.88e-01	3.20e-02
 2.63675e+23	2.88e-01	6.80e-01	3.19e-02
 2.63775e+23	2.94e-01	6.74e-01	3.20e-02
 2.63879e+23	3.01e-01	6.67e-01	3.19e-02
 2.63990e+23	3.09e-01	6.59e-01	3.18e-02
 2.64101e+23	3.17e-01	6.51e-01	3.17e-02
 2.64212e+23	3.25e-01	6.43e-01	3.16e-02
 2.64328e+23	3.34e-01	6.34e-01	3.14e-02
 2.64447e+23	3.43e-01	6.26e-01	3.12e-02
 2.64570e+23	3.53e-01	6.16e-01	3.10e-02
 2.64696e+23	3.63e-01	6.06e-01	3.08e-02
 2.64823e+23	3.73e-01	5.96e-01	3.05e-02
 2.64953e+23	3.84e-01	5.86e-01	3.02e-02
 2.65090e+23	3.95e-01	5.75e-01	2.99e-02
 2.65231e+23	4.07e-01	5.63e-01	2.95e-02
 2.65374e+23	4.19e-01	5.52e-01	2.91e-02
 2.65522e+23	4.32e-01	5.39e-01	2.86e-02
 2.65675e+23	4.45e-01	5.27e-01	2.81e-02
 2.65833e+23	4.59e-01	5.14e-01	2.75e-02
 2.65995e+23	4.73e-01	5.00e-01	2.69e-02
 2.66162e+23	4.87e-01	4.87e-01	2.63e-02
 2.66337e+23	5.02e-01	4.72e-01	2.56e-02
 2.66517e+23	5.17e-01	4.58e-01	2.49e-02
 2.66703e+23	5.32e-01	4.43e-01	2.41e-02
 2.66891e+23	5.48e-01	4.29e-01	2.34e-02
 2.67082e+23	5.63e-01	4.14e-01	2.25e-02
 2.67281e+23	5.79e-01	4.00e-01	2.17e-02
 2.67487e+23	5.94e-01	3.85e-01	2.08e-02
 2.67696e+23	6.10e-01	3.70e-01	2.00e-02
 2.67909e+23	6.25e-01	3.56e-01	1.91e-02
 2.68127e+23	6.39e-01	3.42e-01	1.82e-02
 2.68353e+23	6.54e-01	3.29e-01	1.73e-02
 2.68588e+23	6.68e-01	3.16e-01	1.64e-02
 2.68830e+23	6.82e-01	3.03e-01	1.56e-02
 2.69078e+23	6.95e-01	2.90e-01	1.47e-02
 2.69338e+23	7.09e-01	2.78e-01	1.38e-02
 2.69609e+23	7.21e-01	2.66e-01	1.30e-02
 2.69889e+23	7.34e-01	2.54e-01	1.21e-02
 2.70171e+23	7.45e-01	2.43e-01	1.13e-02
 2.70448e+23	7.56e-01	2.34e-01	1.06e-02
 2.70717e+23	7.65e-01	2.25e-01	9.94e-03
 2.70976e+23	7.74e-01	2.17e-01	9.35e-03
 2.71225e+23	7.82e-01	2.10e-01	8.80e-03
 2.71461e+23	7.89e-01	2.03e-01	8.31e-03
 2.71680e+23	7.95e-01	1.97e-01	7.88e-03
 2.71892e+23	8.01e-01	1.92e-01	7.46e-03
 2.72105e+23	8.06e-01	1.87e-01	7.09e-03
 2.72312e+23	8.12e-01	1.82e-01	6.74e-03
 2.72512e+23	8.16e-01	1.77e-01	6.41e-03
 2.72705e+23	8.21e-01	1.73e-01	6.11e-03
 2.72891e+23	8.25e-01	1.69e-01	5.83e-03
 2.73071e+23	8.29e-01	1.65e-01	5.57e-03
 2.73246e+23	8.33e-01	1.62e-01	5.33e-03
 2.73415e+23	8.37e-01	1.58e-01	5.10e-03
 2.73578e+23	8.40e-01	1.55e-01	4.89e-03
 2.73735e+23	8.44e-01	1.52e-01	4.69e-03
 2.73884e+23	8.47e-01	1.49e-01	4.51e-03
 2.74031e+23	8.50e-01	1.46e-01	4.33e-03
 2.74173e+23	8.52e-01	1.43e-01	4.17e-03
 2.74303e+23	8.55e-01	1.41e-01	4.02e-03
 2.74422e+23	8.57e-01	1.39e-01	3.89e-03
 2.74530e+23	8.60e-01	1.37e-01	3.77e-03
 2.74628e+23	8.62e-01	1.35e-01	3.66e-03
 2.74717e+23	8.64e-01	1.33e-01	3.56e-03
 2.74798e+23	8.65e-01	1.31e-01	3.47e-03
 2.74872e+23	8.67e-01	1.30e-01	3.39e-03
 2.74953e+23	8.69e-01	1.28e-01	3.30e-03
 2.75041e+23	8.70e-01	1.27e-01	3.21e-03
 2.75120e+23	8.72e-01	1.25e-01	3.14e-03
 2.75193e+23	8.73e-01	1.24e-01	3.08e-03
 2.75258e+23	8.74e-01	1.23e-01	3.02e-03
 2.75331e+23	8.76e-01	1.21e-01	2.94e-03
 2.75425e+23	8.78e-01	1.20e-01	2.86e-03
 2.75526e+23	8.79e-01	1.18e-01	2.78e-03
 2.75618e+23	8.81e-01	1.17e-01	2.71e-03
 2.75702e+23	8.82e-01	1.15e-01	2.64e-03
 2.75778e+23	8.83e-01	1.14e-01	2.59e-03
 2.75862e+23	8.85e-01	1.13e-01	2.52e-03
 2.75952e+23	8.86e-01	1.11e-01	2.47e-03
 2.76051e+23	8.88e-01	1.10e-01	2.39e-03
 2.76158e+23	8.89e-01	1.08e-01	2.33e-03
 2.76256e+23	8.91e-01	1.07e-01	2.27e-03
 2.76344e+23	8.92e-01	1.06e-01	2.21e-03
 2.76425e+23	8.93e-01	1.05e-01	2.16e-03
 2.76498e+23	8.94e-01	1.04e-01	2.12e-03
 2.76578e+23	8.96e-01	1.02e-01	2.06e-03
 2.76683e+23	8.97e-01	1.01e-01	2.00e-03
 2.76795e+23	8.99e-01	9.94e-02	1.95e-03
 2.76898e+23	9.00e-01	9.80e-02	1.89e-03
 2.76991e+23	9.01e-01	9.68e-02	1.85e-03
 2.77076e+23	9.03e-01	9.56e-02	1.80e-03
 2.77154e+23	9.04e-01	9.45e-02	1.76e-03
 2.77238e+23	9.05e-01	9.32e-02	1.71e-03
 2.77330e+23	9.06e-01	9.20e-02	1.66e-03
 2.77413e+23	9.07e-01	9.10e-02	1.63e-03
 2.77489e+23	9.08e-01	9.00e-02	1.59e-03
 2.77558e+23	9.09e-01	8.92e-02	1.56e-03
 2.77633e+23	9.11e-01	8.80e-02	1.52e-03
 2.77731e+23	9.12e-01	8.67e-02	1.47e-03
 2.77837e+23	9.13e-01	8.57e-02	1.44e-03
 2.77934e+23	9.14e-01	8.45e-02	1.40e-03
 2.78021e+23	9.15e-01	8.35e-02	1.37e-03
 2.78101e+23	9.16e-01	8.26e-02	1.33e-03
 2.78189e+23	9.17e-01	8.14e-02	1.29e-03
 2.78283e+23	9.18e-01	8.03e-02	1.26e-03
 2.78369e+23	9.19e-01	7.94e-02	1.23e-03
 2.78447e+23	9.20e-01	7.86e-02	1.21e-03
 2.78519e+23	9.21e-01	7.79e-02	1.19e-03
 2.78597e+23	9.22e-01	7.68e-02	1.15e-03
 2.78698e+23	9.23e-01	7.59e-02	1.12e-03
 2.78808e+23	9.24e-01	7.50e-02	1.10e-03
 2.78907e+23	9.25e-01	7.41e-02	1.07e-03
 2.79016e+23	9.26e-01	7.29e-02	1.04e-03
 2.79134e+23	9.27e-01	7.20e-02	1.01e-03
 2.79242e+23	9.28e-01	7.10e-02	9.84e-04
 2.79339e+23	9.29e-01	7.01e-02	9.58e-04
 2.79428e+23	9.30e-01	6.94e-02	9.40e-04
 2.79525e+23	9.31e-01	6.83e-02	9.08e-04
 2.79652e+23	9.32e-01	6.72e-02	8.81e-04
 2.79788e+23	9.33e-01	6.63e-02	8.56e-04
 2.79913e+23	9.34e-01	6.53e-02	8.30e-04
 2.80026e+23	9.35e-01	6.43e-02	8.06e-04
 2.80129e+23	9.36e-01	6.36e-02	7.89e-04
 2.80242e+23	9.37e-01	6.24e-02	7.59e-04
 2.80363e+23	9.38e-01	6.17e-02	7.41e-04
 2.80474e+23	9.38e-01	6.09e-02	7.21e-04
 2.80575e+23	9.39e-01	6.02e-02	7.05e-04
 2.80686e+23	9.40e-01	5.92e-02	6.82e-04
 2.80805e+23	9.41e-01	5.84e-02	6.64e-04
 2.80913e+23	9.42e-01	5.78e-02	6.50e-04
 2.81032e+23	9.43e-01	5.68e-02	6.27e-04
 2.81161e+23	9.43e-01	5.60e-02	6.10e-04
 2.81278e+23	9.44e-01	5.52e-02	5.93e-04
 2.81384e+23	9.45e-01	5.46e-02	5.80e-04
 2.81501e+23	9.46e-01	5.37e-02	5.61e-04
 2.81626e+23	9.46e-01	5.30e-02	5.47e-04
 2.81741e+23	9.47e-01	5.24e-02	5.34e-04
 2.81866e+23	9.48e-01	5.15e-02	5.15e-04
 2.82002e+23	9.49e-01	5.07e-02	5.00e-04
 2.82125e+23	9.49e-01	5.01e-02	4.89e-04
 2.82260e+23	9.50e-01	4.92e-02	4.71e-04
 2.82406e+23	9.51e-01	4.84e-02	4.57e-04
 2.82538e+23	9.52e-01	4.78e-02	4.45e-04
 2.82684e+23	9.53e-01	4.69e-02	4.28e-04
 2.82841e+23	9.53e-01	4.63e-02	4.16e-04
 2.82984e+23	9.54e-01	4.55e-02	4.03e-04
 2.83114e+23	9.55e-01	4.49e-02	3.92e-04
 2.83256e+23	9.56e-01	4.41e-02	3.78e-04
 2.83410e+23	9.56e-01	4.34e-02	3.66e-04
 2.83550e+23	9.57e-01	4.28e-02	3.57e-04
 2.83703e+23	9.58e-01	4.20e-02	3.43e-04
 2.83869e+23	9.58e-01	4.13e-02	3.32e-04
 2.84019e+23	9.59e-01	4.07e-02	3.23e-04
 2.84184e+23	9.60e-01	3.99e-02	3.10e-04
 2.84363e+23	9.60e-01	3.92e-02	2.99e-04
 2.84525e+23	9.61e-01	3.86e-02	2.90e-04
 2.84702e+23	9.62e-01	3.78e-02	2.78e-04
 2.84894e+23	9.63e-01	3.71e-02	2.68e-04
 2.85069e+23	9.63e-01	3.65e-02	2.60e-04
 2.85260e+23	9.64e-01	3.57e-02	2.48e-04
 2.85467e+23	9.65e-01	3.51e-02	2.39e-04
 2.85655e+23	9.65e-01	3.44e-02	2.30e-04
 2.85826e+23	9.66e-01	3.38e-02	2.23e-04
 2.86013e+23	9.67e-01	3.31e-02	2.13e-04
 2.86215e+23	9.67e-01	3.25e-02	2.05e-04
 2.86399e+23	9.68e-01	3.19e-02	1.99e-04
 2.86601e+23	9.69e-01	3.12e-02	1.90e-04
 2.86819e+23	9.69e-01	3.06e-02	1.82e-04
 2.87017e+23	9.70e-01	3.00e-02	1.76e-04
 2.87234e+23	9.70e-01	2.93e-02	1.68e-04
 2.87469e+23	9.71e-01	2.87e-02	1.61e-04
 2.87682e+23	9.72e-01	2.82e-02	1.55e-04
 2.87916e+23	9.72e-01	2.75e-02	1.47e-04
 2.88168e+23	9.73e-01	2.69e-02	1.41e-04
 2.88398e+23	9.74e-01	2.63e-02	1.35e-04
 2.88607e+23	9.74e-01	2.58e-02	1.30e-04
 2.88836e+23	9.75e-01	2.52e-02	1.24e-04
 2.89084e+23	9.75e-01	2.47e-02	1.19e-04
 2.89309e+23	9.76e-01	2.42e-02	1.14e-04
 2.89555e+23	9.76e-01	2.36e-02	1.09e-04
 2.89821e+23	9.77e-01	2.31e-02	1.04e-04
 2.90064e+23	9.77e-01	2.26e-02	9.95e-05
 2.90284e+23	9.78e-01	2.21e-02	9.58e-05
 2.90526e+23	9.78e-01	2.16e-02	9.13e-05
 2.90786e+23	9.79e-01	2.11e-02	8.73e-05
 2.91072e+23	9.79e-01	2.06e-02	8.26e-05
 2.91417e+23	9.80e-01	1.99e-02	7.75e-05
 2.91785e+23	9.81e-01	1.93e-02	7.26e-05
 2.92157e+23	9.81e-01	1.86e-02	6.79e-05
 2.92536e+23	9.82e-01	1.80e-02	6.35e-05
 2.92919e+23	9.83e-01	1.74e-02	5.93e-05
 2.93306e+23	9.83e-01	1.68e-02	5.54e-05
 2.93696e+23	9.84e-01	1.63e-02	5.17e-05
 2.94092e+23	9.84e-01	1.57e-02	4.83e-05
 2.94492e+23	9.85e-01	1.52e-02	4.50e-05
 2.94896e+23	9.85e-01	1.46e-02	4.20e-05
 2.95304e+23	9.86e-01	1.41e-02	3.91e-05
 2.95715e+23	9.86e-01	1.36e-02	3.64e-05
 2.96130e+23	9.87e-01	1.32e-02	3.39e-05
 2.96549e+23	9.87e-01	1.27e-02	3.16e-05
 2.96970e+23	9.88e-01	1.22e-02	2.94e-05
 2.97394e+23	9.88e-01	1.18e-02	2.73e-05
 2.97821e+23	9.89e-01	1.14e-02	2.54e-05
 2.98252e+23	9.89e-01	1.10e-02	2.36e-05
 2.98686e+23	9.89e-01	1.06e-02	2.20e-05
 2.99123e+23	9.90e-01	1.02e-02	2.04e-05
 2.99563e+23	9.90e-01	9.82e-03	1.90e-05
 3.00007e+23	9.91e-01	9.46e-03	1.76e-05
 3.00453e+23	9.91e-01	9.11e-03	1.63e-05
 3.00909e+23	9.91e-01	8.77e-03	1.51e-05
 3.01375e+23	9.92e-01	8.44e-03	1.40e-05
 3.01846e+23	9.92e-01	8.12e-03	1.30e-05
 3.02322e+23	9.92e-01	7.81e-03	1.20e-05
 3.02803e+23	9.92e-01	7.50e-03	1.11e-05
 3.03289e+23	9.93e-01	7.21e-03	1.02e-05
 3.03781e+23	9.93e-01	6.93e-03	9.46e-06
 3.04278e+23	9.93e-01	6.65e-03	8.73e-06
 3.04783e+23	9.94e-01	6.39e-03	8.04e-06
 3.05297e+23	9.94e-01	6.13e-03	7.41e-06
 3.05824e+23	9.94e-01	5.88e-03	6.81e-06
 3.06364e+23	9.94e-01	5.63e-03	6.25e-06
 3.06913e+23	9.95e-01	5.39e-03	5.73e-06
 3.07472e+23	9.95e-01	5.16e-03	5.25e-06
 3.08040e+23	9.95e-01	4.93e-03	4.80e-06
 3.08447e+23	9.95e-01	4.82e-03	4.59e-06
