#depth	Cl	Cl+	Cl+2	Cl+3	Cl+4	Cl+5	Cl+6	Cl+7	Cl+8	Cl+9	Cl+10	Cl+11	Cl+12	Cl+13	Cl+14	Cl+15	Cl+16	Cl+17
 4.62852e+21	0.00e+00	6.75e-26	3.82e-22	6.59e-19	2.79e-16	7.17e-14	1.56e-11	1.07e-08	8.22e-07	2.56e-05	3.46e-04	2.83e-03	1.21e-02	2.98e-02	8.26e-02	4.53e-01	3.38e-01	8.18e-02
 1.03958e+22	0.00e+00	4.08e-23	1.37e-19	1.35e-16	3.05e-14	4.10e-12	4.66e-10	3.16e-07	2.00e-05	4.60e-04	4.15e-03	2.21e-02	5.86e-02	8.35e-02	1.35e-01	4.61e-01	2.06e-01	3.00e-02
 1.20482e+22	0.00e+00	1.19e-21	2.87e-18	1.97e-15	2.97e-13	2.63e-11	2.02e-09	1.56e-06	9.38e-05	1.88e-03	1.36e-02	5.70e-02	1.16e-01	1.23e-01	1.47e-01	3.94e-01	1.32e-01	1.46e-02
 1.28187e+22	0.00e+00	7.09e-21	1.42e-17	7.80e-15	9.36e-13	6.50e-11	4.03e-09	3.40e-06	2.00e-04	3.75e-03	2.40e-02	8.78e-02	1.55e-01	1.42e-01	1.44e-01	3.37e-01	9.68e-02	9.16e-03
 1.31398e+22	0.00e+00	1.10e-20	2.10e-17	1.10e-14	1.24e-12	8.11e-11	4.75e-09	4.09e-06	2.40e-04	4.41e-03	2.74e-02	9.70e-02	1.66e-01	1.45e-01	1.42e-01	3.22e-01	8.87e-02	8.07e-03
 1.32494e+22	0.00e+00	1.52e-20	2.80e-17	1.40e-14	1.52e-12	9.47e-11	5.34e-09	4.66e-06	2.73e-04	4.95e-03	3.01e-02	1.04e-01	1.73e-01	1.48e-01	1.40e-01	3.10e-01	8.30e-02	7.34e-03
 1.33521e+22	0.00e+00	2.25e-20	3.96e-17	1.88e-14	1.94e-12	1.15e-10	6.16e-09	5.46e-06	3.18e-04	5.69e-03	3.37e-02	1.13e-01	1.82e-01	1.50e-01	1.37e-01	2.95e-01	7.64e-02	6.52e-03
 1.34535e+22	0.00e+00	3.06e-20	5.21e-17	2.38e-14	2.35e-12	1.33e-10	6.87e-09	6.16e-06	3.57e-04	6.33e-03	3.67e-02	1.20e-01	1.89e-01	1.52e-01	1.35e-01	2.84e-01	7.13e-02	5.93e-03
 1.35543e+22	0.00e+00	4.53e-20	7.37e-17	3.20e-14	2.99e-12	1.60e-10	7.89e-09	7.17e-06	4.14e-04	7.23e-03	4.09e-02	1.29e-01	1.97e-01	1.53e-01	1.32e-01	2.69e-01	6.52e-02	5.23e-03
 1.36555e+22	0.00e+00	6.08e-20	9.59e-17	4.00e-14	3.60e-12	1.85e-10	8.78e-09	8.03e-06	4.62e-04	7.98e-03	4.42e-02	1.37e-01	2.04e-01	1.54e-01	1.29e-01	2.58e-01	6.08e-02	4.75e-03
 1.37575e+22	0.00e+00	8.99e-20	1.36e-16	5.37e-14	4.59e-12	2.23e-10	1.01e-08	9.29e-06	5.32e-04	9.06e-03	4.89e-02	1.46e-01	2.12e-01	1.55e-01	1.26e-01	2.43e-01	5.53e-02	4.16e-03
 1.38609e+22	0.00e+00	1.20e-19	1.76e-16	6.71e-14	5.51e-12	2.58e-10	1.12e-08	1.04e-05	5.91e-04	9.95e-03	5.27e-02	1.54e-01	2.18e-01	1.55e-01	1.23e-01	2.32e-01	5.13e-02	3.76e-03
 1.39660e+22	0.00e+00	1.78e-19	2.49e-16	9.00e-14	7.02e-12	3.10e-10	1.29e-08	1.19e-05	6.76e-04	1.12e-02	5.80e-02	1.64e-01	2.25e-01	1.55e-01	1.18e-01	2.18e-01	4.64e-02	3.28e-03
 1.40736e+22	0.00e+00	2.39e-19	3.24e-16	1.13e-13	8.46e-12	3.59e-10	1.44e-08	1.33e-05	7.49e-04	1.23e-02	6.22e-02	1.72e-01	2.30e-01	1.55e-01	1.15e-01	2.07e-01	4.28e-02	2.95e-03
 1.41842e+22	0.00e+00	3.54e-19	4.59e-16	1.52e-13	1.08e-11	4.35e-10	1.66e-08	1.53e-05	8.53e-04	1.38e-02	6.82e-02	1.82e-01	2.37e-01	1.54e-01	1.11e-01	1.93e-01	3.85e-02	2.55e-03
 1.42976e+22	0.00e+00	4.80e-19	6.02e-16	1.91e-13	1.31e-11	5.05e-10	1.86e-08	1.70e-05	9.44e-04	1.51e-02	7.30e-02	1.90e-01	2.41e-01	1.53e-01	1.07e-01	1.82e-01	3.53e-02	2.27e-03
 1.44145e+22	0.00e+00	7.11e-19	8.54e-16	2.58e-13	1.68e-11	6.13e-10	2.15e-08	1.94e-05	1.07e-03	1.69e-02	7.95e-02	2.01e-01	2.47e-01	1.51e-01	1.02e-01	1.69e-01	3.15e-02	1.95e-03
 1.45335e+22	0.00e+00	9.64e-19	1.12e-15	3.25e-13	2.03e-11	7.14e-10	2.41e-08	2.16e-05	1.18e-03	1.84e-02	8.49e-02	2.09e-01	2.50e-01	1.49e-01	9.83e-02	1.59e-01	2.87e-02	1.73e-03
 1.46552e+22	0.00e+00	1.43e-18	1.59e-15	4.38e-13	2.61e-11	8.68e-10	2.80e-08	2.46e-05	1.33e-03	2.05e-02	9.20e-02	2.19e-01	2.54e-01	1.47e-01	9.34e-02	1.46e-01	2.54e-02	1.47e-03
 1.47777e+22	0.00e+00	1.92e-18	2.07e-15	5.49e-13	3.15e-11	1.01e-09	3.14e-08	2.71e-05	1.46e-03	2.22e-02	9.76e-02	2.26e-01	2.57e-01	1.44e-01	8.97e-02	1.37e-01	2.32e-02	1.30e-03
 1.49012e+22	3.41e-32	2.81e-18	2.91e-15	7.35e-13	4.01e-11	1.22e-09	3.63e-08	3.07e-05	1.63e-03	2.45e-02	1.05e-01	2.36e-01	2.59e-01	1.41e-01	8.49e-02	1.26e-01	2.05e-02	1.11e-03
 1.50274e+22	4.70e-32	3.76e-18	3.78e-15	9.20e-13	4.85e-11	1.42e-09	4.08e-08	3.39e-05	1.78e-03	2.64e-02	1.11e-01	2.43e-01	2.61e-01	1.38e-01	8.13e-02	1.18e-01	1.86e-02	9.79e-04
 1.51375e+22	6.36e-32	4.96e-18	4.84e-15	1.14e-12	5.79e-11	1.64e-09	4.55e-08	3.71e-05	1.93e-03	2.83e-02	1.17e-01	2.49e-01	2.62e-01	1.36e-01	7.78e-02	1.10e-01	1.69e-02	8.66e-04
 1.52610e+22	9.40e-32	7.10e-18	6.67e-15	1.50e-12	7.29e-11	1.97e-09	5.25e-08	4.16e-05	2.14e-03	3.09e-02	1.25e-01	2.57e-01	2.63e-01	1.32e-01	7.34e-02	1.01e-01	1.50e-02	7.38e-04
 1.53844e+22	1.25e-31	9.21e-18	8.42e-15	1.83e-12	8.64e-11	2.25e-09	5.83e-08	4.53e-05	2.31e-03	3.29e-02	1.30e-01	2.63e-01	2.63e-01	1.29e-01	7.03e-02	9.48e-02	1.36e-02	6.56e-04
 1.55077e+22	1.82e-31	1.30e-17	1.14e-14	2.38e-12	1.08e-10	2.69e-09	6.69e-08	5.05e-05	2.54e-03	3.57e-02	1.38e-01	2.70e-01	2.63e-01	1.25e-01	6.62e-02	8.69e-02	1.21e-02	5.59e-04
 1.56337e+22	2.43e-31	1.69e-17	1.45e-14	2.92e-12	1.28e-10	3.09e-09	7.46e-08	5.50e-05	2.73e-03	3.80e-02	1.44e-01	2.76e-01	2.62e-01	1.22e-01	6.31e-02	8.10e-02	1.09e-02	4.94e-04
 1.57452e+22	3.22e-31	2.19e-17	1.83e-14	3.57e-12	1.52e-10	3.54e-09	8.29e-08	5.97e-05	2.94e-03	4.04e-02	1.51e-01	2.81e-01	2.61e-01	1.18e-01	6.02e-02	7.56e-02	9.93e-03	4.36e-04
 1.58720e+22	4.66e-31	3.07e-17	2.48e-14	4.63e-12	1.89e-10	4.23e-09	9.51e-08	6.64e-05	3.22e-03	4.36e-02	1.59e-01	2.87e-01	2.59e-01	1.14e-01	5.64e-02	6.89e-02	8.74e-03	3.70e-04
 1.59981e+22	6.03e-31	3.88e-17	3.06e-14	5.56e-12	2.21e-10	4.80e-09	1.05e-07	7.17e-05	3.44e-03	4.60e-02	1.65e-01	2.91e-01	2.57e-01	1.11e-01	5.38e-02	6.45e-02	7.97e-03	3.29e-04
 1.61232e+22	8.57e-31	5.35e-17	4.08e-14	7.13e-12	2.72e-10	5.69e-09	1.20e-07	7.93e-05	3.74e-03	4.93e-02	1.73e-01	2.96e-01	2.55e-01	1.07e-01	5.05e-02	5.89e-02	7.02e-03	2.80e-04
 1.62508e+22	1.11e-30	6.80e-17	5.06e-14	8.59e-12	3.19e-10	6.48e-09	1.33e-07	8.58e-05	3.99e-03	5.20e-02	1.79e-01	2.99e-01	2.53e-01	1.04e-01	4.80e-02	5.49e-02	6.38e-03	2.48e-04
 1.63816e+22	1.58e-30	9.37e-17	6.76e-14	1.10e-11	3.95e-10	7.69e-09	1.52e-07	9.50e-05	4.35e-03	5.57e-02	1.87e-01	3.04e-01	2.49e-01	9.92e-02	4.48e-02	4.99e-02	5.60e-03	2.10e-04
 1.65148e+22	5.96e-31	1.19e-16	8.41e-14	1.33e-11	4.64e-10	8.79e-09	1.69e-07	1.03e-04	4.64e-03	5.87e-02	1.94e-01	3.07e-01	2.46e-01	9.58e-02	4.25e-02	4.63e-02	5.06e-03	1.85e-04
 1.66513e+22	8.48e-31	1.65e-16	1.12e-13	1.71e-11	5.75e-10	1.05e-08	1.94e-07	1.14e-04	5.05e-03	6.27e-02	2.02e-01	3.10e-01	2.42e-01	9.15e-02	3.95e-02	4.19e-02	4.42e-03	1.56e-04
 1.67903e+22	1.11e-30	2.11e-16	1.40e-13	2.08e-11	6.77e-10	1.20e-08	2.16e-07	1.24e-04	5.39e-03	6.60e-02	2.09e-01	3.13e-01	2.39e-01	8.81e-02	3.74e-02	3.88e-02	3.98e-03	1.37e-04
 1.69326e+22	1.58e-30	2.91e-16	1.88e-13	2.67e-11	8.40e-10	1.43e-08	2.49e-07	1.37e-04	5.86e-03	7.05e-02	2.18e-01	3.15e-01	2.34e-01	8.37e-02	3.46e-02	3.50e-02	3.45e-03	1.14e-04
 1.70717e+22	2.01e-30	3.61e-16	2.28e-13	3.17e-11	9.74e-10	1.62e-08	2.74e-07	1.48e-04	6.22e-03	7.37e-02	2.24e-01	3.17e-01	2.30e-01	8.08e-02	3.28e-02	3.26e-02	3.14e-03	1.01e-04
 1.72066e+22	2.80e-30	4.90e-16	3.00e-13	4.02e-11	1.19e-09	1.91e-08	3.13e-07	1.63e-04	6.72e-03	7.83e-02	2.32e-01	3.18e-01	2.25e-01	7.68e-02	3.05e-02	2.94e-02	2.74e-03	8.55e-05
 1.73436e+22	3.56e-30	6.09e-16	3.65e-13	4.78e-11	1.39e-09	2.16e-08	3.45e-07	1.75e-04	7.13e-03	8.18e-02	2.38e-01	3.19e-01	2.21e-01	7.39e-02	2.88e-02	2.73e-02	2.48e-03	7.56e-05
 1.74833e+22	4.92e-30	8.18e-16	4.77e-13	6.03e-11	1.69e-09	2.54e-08	3.94e-07	1.93e-04	7.69e-03	8.66e-02	2.46e-01	3.20e-01	2.16e-01	7.01e-02	2.67e-02	2.47e-02	2.17e-03	6.38e-05
 1.76274e+22	6.39e-30	1.04e-15	5.92e-13	7.28e-11	1.99e-09	2.91e-08	4.38e-07	2.09e-04	8.18e-03	9.07e-02	2.53e-01	3.20e-01	2.11e-01	6.71e-02	2.51e-02	2.27e-02	1.94e-03	5.55e-05
 1.77771e+22	8.86e-30	1.40e-15	7.75e-13	9.22e-11	2.43e-09	3.44e-08	5.02e-07	2.31e-04	8.84e-03	9.59e-02	2.61e-01	3.20e-01	2.05e-01	6.33e-02	2.32e-02	2.04e-02	1.68e-03	4.66e-05
 1.79317e+22	1.17e-29	1.79e-15	9.72e-13	1.12e-10	2.89e-09	3.97e-08	5.62e-07	2.51e-04	9.44e-03	1.01e-01	2.68e-01	3.20e-01	2.00e-01	6.03e-02	2.16e-02	1.87e-02	1.49e-03	4.01e-05
 1.80926e+22	1.64e-29	2.44e-15	1.29e-12	1.44e-10	3.57e-09	4.73e-08	6.48e-07	2.79e-04	1.02e-02	1.07e-01	2.76e-01	3.19e-01	1.94e-01	5.66e-02	1.98e-02	1.67e-02	1.28e-03	3.33e-05
 1.82580e+22	2.18e-29	3.16e-15	1.62e-12	1.76e-10	4.26e-09	5.48e-08	7.30e-07	3.05e-04	1.09e-02	1.12e-01	2.83e-01	3.18e-01	1.88e-01	5.37e-02	1.84e-02	1.51e-02	1.13e-03	2.84e-05
 1.84290e+22	3.10e-29	4.33e-15	2.17e-12	2.27e-10	5.31e-09	6.58e-08	8.45e-07	3.40e-04	1.19e-02	1.18e-01	2.91e-01	3.16e-01	1.81e-01	5.01e-02	1.68e-02	1.34e-02	9.65e-04	2.34e-05
 1.86056e+22	4.18e-29	5.67e-15	2.77e-12	2.82e-10	6.39e-09	7.68e-08	9.57e-07	3.73e-04	1.27e-02	1.24e-01	2.98e-01	3.14e-01	1.75e-01	4.72e-02	1.55e-02	1.21e-02	8.42e-04	1.98e-05
 1.87895e+22	6.04e-29	7.89e-15	3.74e-12	3.67e-10	8.03e-09	9.30e-08	1.12e-06	4.18e-04	1.39e-02	1.32e-01	3.07e-01	3.10e-01	1.68e-01	4.38e-02	1.40e-02	1.06e-02	7.11e-04	1.60e-05
 1.89785e+22	8.22e-29	1.04e-14	4.81e-12	4.58e-10	9.74e-09	1.09e-07	1.27e-06	4.60e-04	1.49e-02	1.38e-01	3.13e-01	3.07e-01	1.62e-01	4.10e-02	1.29e-02	9.49e-03	6.15e-04	1.34e-05
 1.91486e+22	1.10e-28	1.35e-14	6.11e-12	5.66e-10	1.17e-08	1.27e-07	1.44e-06	5.05e-04	1.59e-02	1.44e-01	3.20e-01	3.04e-01	1.56e-01	3.85e-02	1.18e-02	8.54e-03	5.35e-04	1.13e-05
 1.93440e+22	1.63e-28	1.93e-14	8.44e-12	7.51e-10	1.49e-08	1.56e-07	1.70e-06	5.69e-04	1.74e-02	1.53e-01	3.28e-01	2.99e-01	1.48e-01	3.53e-02	1.06e-02	7.38e-03	4.43e-04	8.96e-06
 1.95405e+22	2.19e-28	2.50e-14	1.07e-11	9.27e-10	1.79e-08	1.82e-07	1.92e-06	6.24e-04	1.86e-02	1.60e-01	3.34e-01	2.95e-01	1.42e-01	3.30e-02	9.70e-03	6.61e-03	3.85e-04	7.54e-06
 1.97386e+22	3.21e-28	3.54e-14	1.47e-11	1.22e-09	2.28e-08	2.22e-07	2.26e-06	7.03e-04	2.02e-02	1.69e-01	3.41e-01	2.90e-01	1.35e-01	3.02e-02	8.64e-03	5.71e-03	3.18e-04	5.97e-06
 1.99409e+22	4.38e-28	4.67e-14	1.89e-11	1.53e-09	2.76e-08	2.62e-07	2.58e-06	7.73e-04	2.17e-02	1.76e-01	3.46e-01	2.85e-01	1.29e-01	2.80e-02	7.86e-03	5.06e-03	2.72e-04	4.94e-06
 2.01487e+22	6.48e-28	6.65e-14	2.60e-11	2.03e-09	3.53e-08	3.21e-07	3.04e-06	8.73e-04	2.36e-02	1.86e-01	3.53e-01	2.78e-01	1.21e-01	2.55e-02	6.96e-03	4.34e-03	2.23e-04	3.87e-06
 2.03607e+22	8.95e-28	8.91e-14	3.40e-11	2.56e-09	4.33e-08	3.80e-07	3.49e-06	9.64e-04	2.54e-02	1.95e-01	3.58e-01	2.72e-01	1.15e-01	2.35e-02	6.28e-03	3.81e-03	1.89e-04	3.15e-06
 2.05495e+22	1.23e-27	1.19e-13	4.41e-11	3.22e-09	5.27e-08	4.49e-07	3.99e-06	1.06e-03	2.72e-02	2.03e-01	3.63e-01	2.66e-01	1.09e-01	2.16e-02	5.67e-03	3.34e-03	1.60e-04	2.57e-06
 2.07663e+22	1.85e-27	1.72e-13	6.19e-11	4.33e-09	6.82e-08	5.57e-07	4.75e-06	1.20e-03	2.97e-02	2.14e-01	3.68e-01	2.58e-01	1.02e-01	1.94e-02	4.95e-03	2.82e-03	1.28e-04	1.97e-06
 2.09701e+22	2.39e-27	2.18e-13	7.68e-11	5.25e-09	8.06e-08	6.40e-07	5.31e-06	1.31e-03	3.14e-02	2.21e-01	3.72e-01	2.52e-01	9.71e-02	1.81e-02	4.53e-03	2.52e-03	1.11e-04	1.65e-06
 2.11570e+22	3.41e-27	3.03e-13	1.03e-10	6.80e-09	1.01e-07	7.73e-07	6.19e-06	1.46e-03	3.38e-02	2.31e-01	3.76e-01	2.44e-01	9.09e-02	1.64e-02	4.01e-03	2.16e-03	9.10e-05	1.30e-06
 2.13462e+22	4.45e-27	3.87e-13	1.29e-10	8.27e-09	1.20e-07	8.92e-07	6.95e-06	1.58e-03	3.58e-02	2.39e-01	3.78e-01	2.38e-01	8.64e-02	1.51e-02	3.65e-03	1.92e-03	7.83e-05	1.08e-06
 2.15386e+22	6.31e-27	5.36e-13	1.73e-10	1.07e-08	1.50e-07	1.08e-06	8.11e-06	1.77e-03	3.86e-02	2.49e-01	3.81e-01	2.30e-01	8.06e-02	1.36e-02	3.21e-03	1.63e-03	6.38e-05	8.43e-07
 2.17350e+22	8.35e-27	6.97e-13	2.20e-10	1.32e-08	1.80e-07	1.26e-06	9.19e-06	1.93e-03	4.10e-02	2.58e-01	3.83e-01	2.23e-01	7.60e-02	1.25e-02	2.89e-03	1.43e-03	5.39e-05	6.87e-07
 2.19366e+22	1.20e-26	9.83e-13	3.01e-10	1.73e-08	2.29e-07	1.54e-06	1.08e-05	2.17e-03	4.43e-02	2.69e-01	3.85e-01	2.14e-01	7.02e-02	1.11e-02	2.52e-03	1.20e-03	4.31e-05	5.23e-07
 2.21395e+22	1.58e-26	1.27e-12	3.81e-10	2.13e-08	2.74e-07	1.79e-06	1.23e-05	2.37e-03	4.70e-02	2.78e-01	3.86e-01	2.07e-01	6.60e-02	1.02e-02	2.26e-03	1.05e-03	3.63e-05	4.25e-07
 2.23440e+22	2.25e-26	1.79e-12	5.19e-10	2.80e-08	3.48e-07	2.19e-06	1.45e-05	2.66e-03	5.08e-02	2.90e-01	3.87e-01	1.97e-01	6.06e-02	9.00e-03	1.96e-03	8.72e-04	2.87e-05	3.21e-07
 2.25525e+22	2.97e-26	2.36e-12	6.65e-10	3.48e-08	4.22e-07	2.58e-06	1.66e-05	2.92e-03	5.40e-02	2.99e-01	3.87e-01	1.90e-01	5.65e-02	8.15e-03	1.74e-03	7.52e-04	2.38e-05	2.56e-07
 2.27663e+22	4.24e-26	3.35e-12	9.15e-10	4.62e-08	5.42e-07	3.19e-06	1.97e-05	3.30e-03	5.85e-02	3.12e-01	3.86e-01	1.80e-01	5.14e-02	7.12e-03	1.49e-03	6.16e-04	1.85e-05	1.89e-07
 2.29843e+22	5.62e-26	4.42e-12	1.18e-09	5.77e-08	6.61e-07	3.78e-06	2.27e-05	3.64e-03	6.23e-02	3.22e-01	3.85e-01	1.71e-01	4.75e-02	6.38e-03	1.31e-03	5.24e-04	1.51e-05	1.48e-07
 2.32077e+22	7.99e-26	6.34e-12	1.63e-09	7.72e-08	8.57e-07	4.73e-06	2.73e-05	4.14e-03	6.76e-02	3.35e-01	3.82e-01	1.61e-01	4.27e-02	5.50e-03	1.10e-03	4.23e-04	1.15e-05	0.00e+00
 2.34332e+22	1.05e-25	8.35e-12	2.10e-09	9.66e-08	1.05e-06	5.62e-06	3.16e-05	4.57e-03	7.21e-02	3.45e-01	3.80e-01	1.53e-01	3.92e-02	4.88e-03	9.62e-04	3.56e-04	9.27e-06	0.00e+00
 2.36240e+22	1.33e-25	1.07e-11	2.65e-09	1.19e-07	1.26e-06	6.60e-06	3.62e-05	5.02e-03	7.65e-02	3.55e-01	3.77e-01	1.45e-01	3.61e-02	4.36e-03	8.46e-04	3.03e-04	7.57e-06	0.00e+00
 2.38309e+22	1.78e-25	1.47e-11	3.52e-09	1.54e-07	1.60e-06	8.09e-06	4.30e-05	5.65e-03	8.23e-02	3.67e-01	3.72e-01	1.36e-01	3.25e-02	3.77e-03	7.18e-04	2.46e-04	5.83e-06	0.00e+00
 2.40383e+22	2.24e-25	1.87e-11	4.40e-09	1.88e-07	1.92e-06	9.50e-06	4.93e-05	6.21e-03	8.73e-02	3.76e-01	3.68e-01	1.28e-01	2.98e-02	3.35e-03	6.28e-04	2.08e-04	4.73e-06	0.00e+00
 2.42414e+22	2.89e-25	2.48e-11	5.73e-09	2.39e-07	2.40e-06	1.15e-05	5.83e-05	6.96e-03	9.36e-02	3.88e-01	3.62e-01	1.20e-01	2.67e-02	2.90e-03	5.33e-04	1.69e-04	3.65e-06	0.00e+00
 2.44485e+22	3.59e-25	3.16e-11	7.16e-09	2.93e-07	2.90e-06	1.36e-05	6.73e-05	7.68e-03	9.94e-02	3.97e-01	3.56e-01	1.12e-01	2.43e-02	2.55e-03	4.62e-04	1.41e-04	2.92e-06	0.00e+00
 2.46515e+22	4.45e-25	4.09e-11	9.13e-09	3.67e-07	3.57e-06	1.64e-05	7.91e-05	8.57e-03	1.06e-01	4.07e-01	3.49e-01	1.04e-01	2.17e-02	2.20e-03	3.92e-04	1.15e-04	2.26e-06	0.00e+00
 2.48587e+22	5.39e-25	5.17e-11	1.14e-08	4.51e-07	4.34e-06	1.95e-05	9.20e-05	9.49e-03	1.13e-01	4.17e-01	3.42e-01	9.73e-02	1.96e-02	1.92e-03	3.36e-04	9.50e-05	1.78e-06	0.00e+00
 2.50643e+22	6.54e-25	6.55e-11	1.43e-08	5.58e-07	5.31e-06	2.33e-05	1.08e-04	1.06e-02	1.20e-01	4.26e-01	3.34e-01	9.01e-02	1.75e-02	1.65e-03	2.85e-04	7.72e-05	1.38e-06	0.00e+00
 2.52708e+22	7.79e-25	8.15e-11	1.76e-08	6.82e-07	6.42e-06	2.77e-05	1.26e-04	1.17e-02	1.28e-01	4.34e-01	3.25e-01	8.35e-02	1.56e-02	1.43e-03	2.43e-04	6.32e-05	1.07e-06	0.00e+00
 2.54737e+22	9.17e-25	1.01e-10	2.16e-08	8.30e-07	7.76e-06	3.28e-05	1.46e-04	1.30e-02	1.35e-01	4.42e-01	3.16e-01	7.71e-02	1.40e-02	1.23e-03	2.07e-04	5.16e-05	8.35e-07	0.00e+00
 2.56767e+22	1.07e-24	1.23e-10	2.64e-08	1.01e-06	9.33e-06	3.88e-05	1.70e-04	1.44e-02	1.44e-01	4.50e-01	3.07e-01	7.12e-02	1.25e-02	1.06e-03	1.75e-04	4.21e-05	6.50e-07	0.00e+00
 2.58800e+22	1.24e-24	1.49e-10	3.20e-08	1.21e-06	1.12e-05	4.58e-05	1.98e-04	1.59e-02	1.52e-01	4.57e-01	2.98e-01	6.55e-02	1.11e-02	9.13e-04	1.49e-04	3.43e-05	5.04e-07	0.00e+00
 2.60839e+22	1.42e-24	1.80e-10	3.85e-08	1.46e-06	1.34e-05	5.40e-05	2.30e-04	1.75e-02	1.61e-01	4.63e-01	2.88e-01	6.02e-02	9.85e-03	7.84e-04	1.26e-04	2.79e-05	3.91e-07	0.00e+00
 2.62889e+22	1.63e-24	2.15e-10	4.63e-08	1.75e-06	1.60e-05	6.36e-05	2.67e-04	1.94e-02	1.70e-01	4.68e-01	2.78e-01	5.52e-02	8.73e-03	6.72e-04	1.06e-04	2.26e-05	3.02e-07	0.00e+00
 2.64958e+22	1.86e-24	2.55e-10	5.54e-08	2.09e-06	1.91e-05	7.48e-05	3.10e-04	2.14e-02	1.79e-01	4.73e-01	2.67e-01	5.05e-02	7.72e-03	5.75e-04	8.97e-05	1.83e-05	2.33e-07	0.00e+00
 2.67049e+22	2.11e-24	3.01e-10	6.60e-08	2.50e-06	2.28e-05	8.79e-05	3.60e-04	2.36e-02	1.89e-01	4.77e-01	2.57e-01	4.61e-02	6.82e-03	4.91e-04	7.55e-05	1.48e-05	1.79e-07	0.00e+00
 2.69151e+22	2.40e-24	3.53e-10	7.83e-08	2.97e-06	2.71e-05	1.03e-04	4.17e-04	2.60e-02	1.99e-01	4.80e-01	2.46e-01	4.20e-02	6.02e-03	4.19e-04	6.35e-05	1.20e-05	1.38e-07	0.00e+00
 2.71286e+22	2.74e-24	4.13e-10	9.31e-08	3.53e-06	3.22e-05	1.21e-04	4.85e-04	2.87e-02	2.09e-01	4.82e-01	2.35e-01	3.82e-02	5.29e-03	3.56e-04	5.31e-05	9.61e-06	0.00e+00	0.00e+00
 2.73444e+22	6.71e-24	4.80e-10	1.10e-07	4.18e-06	3.81e-05	1.41e-04	5.61e-04	3.16e-02	2.20e-01	4.84e-01	2.25e-01	3.47e-02	4.65e-03	3.03e-04	4.45e-05	7.74e-06	0.00e+00	0.00e+00
 2.75644e+22	7.73e-24	5.58e-10	1.30e-07	4.97e-06	4.54e-05	1.66e-04	6.53e-04	3.49e-02	2.31e-01	4.84e-01	2.14e-01	3.13e-02	4.06e-03	2.56e-04	3.70e-05	6.17e-06	0.00e+00	0.00e+00
 2.77884e+22	8.93e-24	6.45e-10	1.54e-07	5.88e-06	5.37e-05	1.94e-04	7.57e-04	3.84e-02	2.42e-01	4.84e-01	2.03e-01	2.83e-02	3.56e-03	2.17e-04	3.08e-05	4.94e-06	0.00e+00	0.00e+00
 2.79937e+22	1.01e-23	7.26e-10	1.76e-07	6.76e-06	6.17e-05	2.20e-04	8.56e-04	4.16e-02	2.52e-01	4.82e-01	1.94e-01	2.59e-02	3.18e-03	1.88e-04	2.64e-05	4.09e-06	0.00e+00	0.00e+00
 2.82082e+22	1.19e-23	8.38e-10	2.10e-07	8.05e-06	7.36e-05	2.59e-04	1.00e-03	4.59e-02	2.64e-01	4.80e-01	1.83e-01	2.31e-02	2.75e-03	1.57e-04	2.17e-05	3.22e-06	0.00e+00	0.00e+00
 2.84258e+22	1.37e-23	9.45e-10	2.41e-07	9.27e-06	8.46e-05	2.95e-04	1.13e-03	4.96e-02	2.74e-01	4.77e-01	1.74e-01	2.11e-02	2.45e-03	1.36e-04	1.85e-05	2.66e-06	0.00e+00	0.00e+00
 2.86496e+22	1.65e-23	1.10e-09	2.88e-07	1.11e-05	1.01e-04	3.47e-04	1.32e-03	5.48e-02	2.86e-01	4.73e-01	1.63e-01	1.88e-02	2.10e-03	1.13e-04	1.51e-05	2.07e-06	0.00e+00	0.00e+00
 2.88738e+22	1.92e-23	1.23e-09	3.30e-07	1.27e-05	1.16e-04	3.93e-04	1.49e-03	5.91e-02	2.96e-01	4.69e-01	1.55e-01	1.71e-02	1.87e-03	9.78e-05	1.29e-05	1.71e-06	0.00e+00	0.00e+00
 2.90985e+22	2.34e-23	1.41e-09	3.93e-07	1.51e-05	1.38e-04	4.61e-04	1.73e-03	6.50e-02	3.08e-01	4.63e-01	1.45e-01	1.52e-02	1.61e-03	8.10e-05	1.05e-05	1.33e-06	0.00e+00	0.00e+00
 2.93241e+22	2.75e-23	1.59e-09	4.51e-07	1.73e-05	1.57e-04	5.19e-04	1.94e-03	6.98e-02	3.18e-01	4.57e-01	1.37e-01	1.38e-02	1.43e-03	7.02e-05	8.99e-06	1.10e-06	0.00e+00	0.00e+00
 2.95509e+22	3.40e-23	1.83e-09	5.38e-07	2.06e-05	1.86e-04	6.06e-04	2.25e-03	7.65e-02	3.30e-01	4.50e-01	1.28e-01	1.22e-02	1.23e-03	5.82e-05	7.31e-06	8.61e-07	0.00e+00	0.00e+00
 2.97801e+22	4.04e-23	2.06e-09	6.19e-07	2.36e-05	2.12e-04	6.82e-04	2.52e-03	8.20e-02	3.39e-01	4.43e-01	1.20e-01	1.11e-02	1.09e-03	5.03e-05	6.23e-06	7.10e-07	0.00e+00	0.00e+00
 3.00125e+22	5.05e-23	2.38e-09	7.40e-07	2.81e-05	2.51e-04	7.95e-04	2.92e-03	8.97e-02	3.51e-01	4.34e-01	1.11e-01	9.74e-03	9.31e-04	4.15e-05	5.05e-06	5.51e-07	0.00e+00	0.00e+00
 3.02481e+22	6.09e-23	2.69e-09	8.56e-07	3.23e-05	2.87e-04	8.94e-04	3.26e-03	9.60e-02	3.59e-01	4.26e-01	1.05e-01	8.81e-03	8.24e-04	3.57e-05	4.29e-06	4.52e-07	0.00e+00	0.00e+00
 3.04879e+22	7.75e-23	3.14e-09	1.03e-06	3.85e-05	3.40e-04	1.04e-03	3.77e-03	1.05e-01	3.71e-01	4.15e-01	9.64e-02	7.71e-03	7.01e-04	2.93e-05	3.46e-06	3.49e-07	0.00e+00	0.00e+00
 3.07321e+22	9.48e-23	3.58e-09	1.20e-06	4.45e-05	3.88e-04	1.17e-03	4.22e-03	1.12e-01	3.79e-01	4.06e-01	9.02e-02	6.93e-03	6.16e-04	2.51e-05	2.92e-06	2.85e-07	0.00e+00	0.00e+00
 3.09821e+22	1.23e-22	4.21e-09	1.46e-06	5.34e-05	4.61e-04	1.37e-03	4.87e-03	1.22e-01	3.89e-01	3.93e-01	8.24e-02	6.02e-03	5.21e-04	2.04e-05	2.33e-06	2.18e-07	0.00e+00	0.00e+00
 3.12379e+22	1.53e-22	4.85e-09	1.71e-06	6.21e-05	5.30e-04	1.54e-03	5.45e-03	1.30e-01	3.97e-01	3.83e-01	7.66e-02	5.38e-03	4.55e-04	1.74e-05	1.95e-06	1.76e-07	0.00e+00	0.00e+00
 3.15013e+22	2.04e-22	5.78e-09	2.10e-06	7.52e-05	6.32e-04	1.80e-03	6.30e-03	1.42e-01	4.06e-01	3.69e-01	6.94e-02	4.63e-03	3.81e-04	1.40e-05	1.54e-06	1.33e-07	0.00e+00	0.00e+00
 3.17693e+22	2.59e-22	6.77e-09	2.50e-06	8.79e-05	7.27e-04	2.03e-03	7.02e-03	1.51e-01	4.13e-01	3.58e-01	6.43e-02	4.13e-03	3.32e-04	1.18e-05	1.29e-06	0.00e+00	0.00e+00	0.00e+00
 3.19965e+22	3.20e-22	7.72e-09	2.91e-06	1.01e-04	8.25e-04	2.26e-03	7.78e-03	1.60e-01	4.18e-01	3.47e-01	5.97e-02	3.70e-03	2.91e-04	1.01e-05	1.08e-06	0.00e+00	0.00e+00	0.00e+00
 3.22451e+22	4.24e-22	9.23e-09	3.54e-06	1.21e-04	9.69e-04	2.60e-03	8.83e-03	1.71e-01	4.25e-01	3.33e-01	5.42e-02	3.21e-03	2.46e-04	8.26e-06	8.69e-07	0.00e+00	0.00e+00	0.00e+00
 3.24849e+22	5.20e-22	1.05e-08	4.09e-06	1.38e-04	1.09e-03	2.86e-03	9.64e-03	1.80e-01	4.29e-01	3.24e-01	5.06e-02	2.90e-03	2.19e-04	7.17e-06	7.45e-07	0.00e+00	0.00e+00	0.00e+00
 3.27131e+22	6.73e-22	1.24e-08	4.90e-06	1.62e-04	1.26e-03	3.24e-03	1.08e-02	1.92e-01	4.33e-01	3.11e-01	4.61e-02	2.54e-03	1.87e-04	5.94e-06	6.07e-07	0.00e+00	0.00e+00	0.00e+00
 3.29438e+22	8.36e-22	1.43e-08	5.68e-06	1.85e-04	1.41e-03	3.56e-03	1.17e-02	2.00e-01	4.36e-01	3.01e-01	4.30e-02	2.29e-03	1.66e-04	5.15e-06	5.20e-07	0.00e+00	0.00e+00	0.00e+00
 3.31777e+22	1.10e-21	1.71e-08	6.86e-06	2.19e-04	1.63e-03	4.03e-03	1.31e-02	2.13e-01	4.39e-01	2.88e-01	3.90e-02	2.00e-03	1.42e-04	4.25e-06	4.22e-07	0.00e+00	0.00e+00	0.00e+00
 3.34151e+22	1.38e-21	1.99e-08	8.00e-06	2.51e-04	1.83e-03	4.44e-03	1.43e-02	2.22e-01	4.41e-01	2.78e-01	3.62e-02	1.80e-03	1.25e-04	3.67e-06	3.60e-07	0.00e+00	0.00e+00	0.00e+00
 3.36571e+22	1.84e-21	2.40e-08	9.73e-06	2.98e-04	2.12e-03	5.02e-03	1.59e-02	2.35e-01	4.43e-01	2.64e-01	3.26e-02	1.56e-03	1.06e-04	3.01e-06	2.90e-07	0.00e+00	0.00e+00	0.00e+00
 3.39025e+22	2.34e-21	2.82e-08	1.14e-05	3.43e-04	2.39e-03	5.53e-03	1.73e-02	2.45e-01	4.43e-01	2.54e-01	3.02e-02	1.40e-03	9.32e-05	2.58e-06	2.46e-07	0.00e+00	0.00e+00	0.00e+00
 3.41524e+22	3.16e-21	3.44e-08	1.40e-05	4.10e-04	2.78e-03	6.26e-03	1.92e-02	2.59e-01	4.43e-01	2.41e-01	2.70e-02	1.20e-03	7.84e-05	2.10e-06	1.96e-07	0.00e+00	0.00e+00	0.00e+00
 3.44068e+22	4.07e-21	4.09e-08	1.65e-05	4.74e-04	3.13e-03	6.90e-03	2.09e-02	2.70e-01	4.42e-01	2.31e-01	2.48e-02	1.07e-03	6.86e-05	1.79e-06	1.65e-07	0.00e+00	0.00e+00	0.00e+00
 3.46669e+22	5.60e-21	5.06e-08	2.04e-05	5.71e-04	3.65e-03	7.82e-03	2.32e-02	2.84e-01	4.40e-01	2.17e-01	2.21e-02	9.18e-04	5.72e-05	1.44e-06	1.31e-07	0.00e+00	0.00e+00	0.00e+00
 3.49330e+22	7.33e-21	6.08e-08	2.43e-05	6.64e-04	4.13e-03	8.63e-03	2.52e-02	2.96e-01	4.38e-01	2.07e-01	2.02e-02	8.12e-04	4.96e-05	1.22e-06	0.00e+00	0.00e+00	0.00e+00	0.00e+00
 3.52066e+22	1.03e-20	7.67e-08	3.04e-05	8.06e-04	4.84e-03	9.80e-03	2.80e-02	3.10e-01	4.34e-01	1.94e-01	1.78e-02	6.89e-04	4.10e-05	9.74e-07	0.00e+00	0.00e+00	0.00e+00	0.00e+00
 3.54875e+22	1.38e-20	9.35e-08	3.65e-05	9.44e-04	5.50e-03	1.08e-02	3.04e-02	3.22e-01	4.30e-01	1.83e-01	1.61e-02	6.03e-04	3.52e-05	8.13e-07	0.00e+00	0.00e+00	0.00e+00	0.00e+00
 3.57778e+22	1.99e-20	1.20e-07	4.63e-05	1.16e-03	6.48e-03	1.23e-02	3.38e-02	3.38e-01	4.24e-01	1.70e-01	1.41e-02	5.06e-04	2.87e-05	6.41e-07	0.00e+00	0.00e+00	0.00e+00	0.00e+00
 3.60706e+22	2.68e-20	1.48e-07	5.59e-05	1.36e-03	7.36e-03	1.36e-02	3.65e-02	3.49e-01	4.18e-01	1.60e-01	1.27e-02	4.43e-04	2.46e-05	5.34e-07	0.00e+00	0.00e+00	0.00e+00	0.00e+00
 3.63668e+22	3.92e-20	1.92e-07	7.10e-05	1.67e-03	8.67e-03	1.55e-02	4.05e-02	3.64e-01	4.10e-01	1.48e-01	1.10e-02	3.69e-04	1.99e-05	4.17e-07	0.00e+00	0.00e+00	0.00e+00	0.00e+00
 3.66659e+22	5.33e-20	2.38e-07	8.60e-05	1.96e-03	9.84e-03	1.71e-02	4.36e-02	3.75e-01	4.03e-01	1.39e-01	9.87e-03	3.22e-04	1.70e-05	3.46e-07	0.00e+00	0.00e+00	0.00e+00	0.00e+00
 3.69690e+22	7.86e-20	3.12e-07	1.10e-04	2.41e-03	1.16e-02	1.94e-02	4.81e-02	3.90e-01	3.93e-01	1.27e-01	8.49e-03	2.66e-04	1.37e-05	2.68e-07	0.00e+00	0.00e+00	0.00e+00	0.00e+00
 3.72770e+22	1.08e-19	3.90e-07	1.33e-04	2.84e-03	1.32e-02	2.13e-02	5.16e-02	4.00e-01	3.84e-01	1.19e-01	7.57e-03	2.31e-04	1.16e-05	2.21e-07	0.00e+00	0.00e+00	0.00e+00	0.00e+00
 3.75913e+22	1.62e-19	5.16e-07	1.71e-04	3.51e-03	1.55e-02	2.41e-02	5.68e-02	4.14e-01	3.72e-01	1.08e-01	6.45e-03	1.89e-04	9.21e-06	1.69e-07	0.00e+00	0.00e+00	0.00e+00	0.00e+00
 3.79025e+22	2.22e-19	6.42e-07	2.07e-04	4.11e-03	1.75e-02	2.64e-02	6.06e-02	4.22e-01	3.62e-01	1.01e-01	5.75e-03	1.64e-04	7.81e-06	1.40e-07	0.00e+00	0.00e+00	0.00e+00	0.00e+00
 3.81554e+22	2.92e-19	7.77e-07	2.44e-04	4.73e-03	1.94e-02	2.86e-02	6.43e-02	4.30e-01	3.53e-01	9.40e-02	5.15e-03	1.44e-04	6.69e-06	0.00e+00	0.00e+00	0.00e+00	0.00e+00	0.00e+00
 3.84298e+22	4.13e-19	9.93e-07	3.01e-04	5.64e-03	2.22e-02	3.16e-02	6.90e-02	4.39e-01	3.42e-01	8.62e-02	4.49e-03	1.21e-04	5.51e-06	0.00e+00	0.00e+00	0.00e+00	0.00e+00	0.00e+00
 3.87080e+22	5.53e-19	1.22e-06	3.58e-04	6.51e-03	2.48e-02	3.42e-02	7.30e-02	4.45e-01	3.32e-01	8.02e-02	4.01e-03	1.06e-04	4.69e-06	0.00e+00	0.00e+00	0.00e+00	0.00e+00	0.00e+00
 3.89910e+22	7.94e-19	1.56e-06	4.44e-04	7.78e-03	2.83e-02	3.77e-02	7.82e-02	4.53e-01	3.18e-01	7.29e-02	3.45e-03	8.83e-05	3.82e-06	0.00e+00	0.00e+00	0.00e+00	0.00e+00	0.00e+00
 3.92773e+22	1.07e-18	1.92e-06	5.29e-04	8.97e-03	3.15e-02	4.07e-02	8.24e-02	4.58e-01	3.08e-01	6.75e-02	3.06e-03	7.65e-05	3.23e-06	0.00e+00	0.00e+00	0.00e+00	0.00e+00	0.00e+00
 3.95681e+22	1.54e-18	2.48e-06	6.56e-04	1.07e-02	3.59e-02	4.47e-02	8.80e-02	4.63e-01	2.94e-01	6.09e-02	2.62e-03	6.35e-05	2.60e-06	0.00e+00	0.00e+00	0.00e+00	0.00e+00	0.00e+00
 3.98654e+22	2.10e-18	3.07e-06	7.85e-04	1.24e-02	4.00e-02	4.83e-02	9.26e-02	4.66e-01	2.82e-01	5.58e-02	2.30e-03	5.43e-05	2.18e-06	0.00e+00	0.00e+00	0.00e+00	0.00e+00	0.00e+00
 4.01712e+22	3.07e-18	4.00e-06	9.77e-04	1.49e-02	4.56e-02	5.29e-02	9.82e-02	4.68e-01	2.67e-01	5.00e-02	1.95e-03	4.48e-05	1.74e-06	0.00e+00	0.00e+00	0.00e+00	0.00e+00	0.00e+00
 4.04851e+22	4.29e-18	5.02e-06	1.18e-03	1.73e-02	5.09e-02	5.72e-02	1.03e-01	4.69e-01	2.54e-01	4.52e-02	1.68e-03	3.76e-05	1.42e-06	0.00e+00	0.00e+00	0.00e+00	0.00e+00	0.00e+00
 4.07621e+22	5.82e-18	6.20e-06	1.40e-03	1.99e-02	5.63e-02	6.12e-02	1.08e-01	4.69e-01	2.42e-01	4.12e-02	1.47e-03	3.20e-05	1.18e-06	0.00e+00	0.00e+00	0.00e+00	0.00e+00	0.00e+00
 4.10746e+22	8.53e-18	8.06e-06	1.74e-03	2.37e-02	6.36e-02	6.65e-02	1.13e-01	4.67e-01	2.27e-01	3.65e-02	1.23e-03	2.62e-05	9.35e-07	0.00e+00	0.00e+00	0.00e+00	0.00e+00	0.00e+00
 4.13985e+22	1.20e-17	1.01e-05	2.10e-03	2.75e-02	7.07e-02	7.14e-02	1.18e-01	4.63e-01	2.13e-01	3.26e-02	1.05e-03	2.17e-05	7.55e-07	0.00e+00	0.00e+00	0.00e+00	0.00e+00	0.00e+00
 4.16885e+22	1.64e-17	1.26e-05	2.50e-03	3.16e-02	7.77e-02	7.60e-02	1.22e-01	4.59e-01	2.01e-01	2.93e-02	9.00e-04	1.83e-05	6.18e-07	0.00e+00	0.00e+00	0.00e+00	0.00e+00	0.00e+00
 4.20169e+22	2.46e-17	1.65e-05	3.11e-03	3.75e-02	8.75e-02	8.20e-02	1.28e-01	4.51e-01	1.85e-01	2.54e-02	7.39e-04	1.45e-05	4.76e-07	0.00e+00	0.00e+00	0.00e+00	0.00e+00	0.00e+00
 4.23546e+22	3.44e-17	2.07e-05	3.72e-03	4.33e-02	9.63e-02	8.71e-02	1.32e-01	4.43e-01	1.72e-01	2.25e-02	6.22e-04	1.20e-05	3.80e-07	0.00e+00	0.00e+00	0.00e+00	0.00e+00	0.00e+00
 4.27043e+22	5.24e-17	2.73e-05	4.65e-03	5.14e-02	1.08e-01	9.35e-02	1.36e-01	4.30e-01	1.57e-01	1.92e-02	5.00e-04	9.33e-06	2.86e-07	0.00e+00	0.00e+00	0.00e+00	0.00e+00	0.00e+00
 4.30608e+22	7.44e-17	3.44e-05	5.57e-03	5.91e-02	1.18e-01	9.87e-02	1.39e-01	4.18e-01	1.44e-01	1.67e-02	4.15e-04	7.55e-06	2.24e-07	0.00e+00	0.00e+00	0.00e+00	0.00e+00	0.00e+00
 4.34261e+22	1.14e-16	4.55e-05	6.95e-03	6.99e-02	1.32e-01	1.05e-01	1.42e-01	4.01e-01	1.28e-01	1.40e-02	3.27e-04	5.77e-06	1.65e-07	0.00e+00	0.00e+00	0.00e+00	0.00e+00	0.00e+00
 4.37945e+22	1.62e-16	5.70e-05	8.27e-03	7.98e-02	1.43e-01	1.10e-01	1.44e-01	3.86e-01	1.17e-01	1.20e-02	2.68e-04	4.62e-06	1.28e-07	0.00e+00	0.00e+00	0.00e+00	0.00e+00	0.00e+00
 4.41182e+22	2.27e-16	7.07e-05	9.76e-03	9.03e-02	1.54e-01	1.14e-01	1.46e-01	3.70e-01	1.06e-01	1.03e-02	2.19e-04	3.70e-06	0.00e+00	0.00e+00	0.00e+00	0.00e+00	0.00e+00	0.00e+00
 4.44903e+22	3.51e-16	9.29e-05	1.20e-02	1.05e-01	1.68e-01	1.19e-01	1.46e-01	3.48e-01	9.23e-02	8.43e-03	1.69e-04	2.76e-06	0.00e+00	0.00e+00	0.00e+00	0.00e+00	0.00e+00	0.00e+00
 4.48663e+22	4.96e-16	1.15e-04	1.41e-02	1.18e-01	1.80e-01	1.23e-01	1.46e-01	3.29e-01	8.23e-02	7.11e-03	1.36e-04	2.17e-06	0.00e+00	0.00e+00	0.00e+00	0.00e+00	0.00e+00	0.00e+00
 4.52474e+22	7.62e-16	1.50e-04	1.72e-02	1.36e-01	1.94e-01	1.26e-01	1.45e-01	3.05e-01	7.08e-02	5.72e-03	1.03e-04	1.60e-06	0.00e+00	0.00e+00	0.00e+00	0.00e+00	0.00e+00	0.00e+00
 4.56346e+22	1.09e-15	1.85e-04	2.01e-02	1.52e-01	2.05e-01	1.29e-01	1.43e-01	2.85e-01	6.21e-02	4.75e-03	8.13e-05	1.23e-06	0.00e+00	0.00e+00	0.00e+00	0.00e+00	0.00e+00	0.00e+00
 4.60296e+22	1.70e-15	2.40e-04	2.43e-02	1.73e-01	2.19e-01	1.31e-01	1.39e-01	2.59e-01	5.22e-02	3.72e-03	5.99e-05	8.79e-07	0.00e+00	0.00e+00	0.00e+00	0.00e+00	0.00e+00	0.00e+00
 4.64276e+22	9.59e-16	2.94e-04	2.81e-02	1.90e-01	2.28e-01	1.31e-01	1.35e-01	2.38e-01	4.52e-02	3.04e-03	4.68e-05	6.70e-07	0.00e+00	0.00e+00	0.00e+00	0.00e+00	0.00e+00	0.00e+00
 4.68293e+22	1.49e-15	3.78e-04	3.36e-02	2.13e-01	2.39e-01	1.31e-01	1.30e-01	2.13e-01	3.73e-02	2.34e-03	3.38e-05	4.69e-07	0.00e+00	0.00e+00	0.00e+00	0.00e+00	0.00e+00	0.00e+00
 4.72359e+22	2.12e-15	4.58e-04	3.85e-02	2.32e-01	2.47e-01	1.30e-01	1.25e-01	1.93e-01	3.18e-02	1.88e-03	2.60e-05	3.52e-07	0.00e+00	0.00e+00	0.00e+00	0.00e+00	0.00e+00	0.00e+00
 4.76488e+22	3.33e-15	5.85e-04	4.55e-02	2.57e-01	2.54e-01	1.28e-01	1.18e-01	1.69e-01	2.56e-02	1.41e-03	1.84e-05	2.41e-07	0.00e+00	0.00e+00	0.00e+00	0.00e+00	0.00e+00	0.00e+00
 4.80673e+22	4.79e-15	7.05e-04	5.16e-02	2.77e-01	2.59e-01	1.26e-01	1.12e-01	1.52e-01	2.15e-02	1.12e-03	1.39e-05	1.77e-07	0.00e+00	0.00e+00	0.00e+00	0.00e+00	0.00e+00	0.00e+00
 4.84315e+22	6.84e-15	8.42e-04	5.81e-02	2.96e-01	2.62e-01	1.23e-01	1.06e-01	1.36e-01	1.80e-02	8.86e-04	1.05e-05	1.31e-07	0.00e+00	0.00e+00	0.00e+00	0.00e+00	0.00e+00	0.00e+00
 4.87795e+22	9.58e-15	9.89e-04	6.46e-02	3.13e-01	2.64e-01	1.20e-01	9.98e-02	1.22e-01	1.52e-02	7.14e-04	8.11e-06	0.00e+00	0.00e+00	0.00e+00	0.00e+00	0.00e+00	0.00e+00	0.00e+00
 4.91104e+22	1.34e-14	1.15e-03	7.13e-02	3.30e-01	2.65e-01	1.16e-01	9.43e-02	1.09e-01	1.29e-02	5.74e-04	6.27e-06	0.00e+00	0.00e+00	0.00e+00	0.00e+00	0.00e+00	0.00e+00	0.00e+00
 4.94832e+22	2.06e-14	1.39e-03	8.05e-02	3.50e-01	2.64e-01	1.11e-01	8.71e-02	9.44e-02	1.04e-02	4.34e-04	4.51e-06	0.00e+00	0.00e+00	0.00e+00	0.00e+00	0.00e+00	0.00e+00	0.00e+00
 4.98552e+22	2.96e-14	1.61e-03	8.83e-02	3.66e-01	2.62e-01	1.07e-01	8.16e-02	8.39e-02	8.70e-03	3.46e-04	3.46e-06	0.00e+00	0.00e+00	0.00e+00	0.00e+00	0.00e+00	0.00e+00	0.00e+00
 5.02263e+22	4.74e-14	1.93e-03	9.87e-02	3.84e-01	2.59e-01	1.02e-01	7.48e-02	7.21e-02	6.94e-03	2.60e-04	2.48e-06	0.00e+00	0.00e+00	0.00e+00	0.00e+00	0.00e+00	0.00e+00	0.00e+00
 5.06044e+22	7.53e-14	2.23e-03	1.08e-01	3.99e-01	2.55e-01	9.71e-02	6.93e-02	6.33e-02	5.74e-03	2.05e-04	1.87e-06	0.00e+00	0.00e+00	0.00e+00	0.00e+00	0.00e+00	0.00e+00	0.00e+00
 5.09916e+22	1.31e-13	2.67e-03	1.20e-01	4.15e-01	2.50e-01	9.13e-02	6.28e-02	5.36e-02	4.50e-03	1.51e-04	1.31e-06	0.00e+00	0.00e+00	0.00e+00	0.00e+00	0.00e+00	0.00e+00	0.00e+00
 5.13826e+22	2.58e-13	3.07e-03	1.30e-01	4.28e-01	2.44e-01	8.65e-02	5.78e-02	4.67e-02	3.68e-03	1.17e-04	9.82e-07	0.00e+00	0.00e+00	0.00e+00	0.00e+00	0.00e+00	0.00e+00	0.00e+00
 5.17267e+22	4.37e-13	3.52e-03	1.41e-01	4.39e-01	2.38e-01	8.18e-02	5.31e-02	4.06e-02	3.01e-03	9.14e-05	7.38e-07	0.00e+00	0.00e+00	0.00e+00	0.00e+00	0.00e+00	0.00e+00	0.00e+00
 5.21221e+22	1.14e-12	4.17e-03	1.55e-01	4.51e-01	2.30e-01	7.59e-02	4.75e-02	3.39e-02	2.32e-03	6.63e-05	5.10e-07	0.00e+00	0.00e+00	0.00e+00	0.00e+00	0.00e+00	0.00e+00	0.00e+00
 5.25049e+22	4.76e-12	4.71e-03	1.66e-01	4.59e-01	2.23e-01	7.16e-02	4.36e-02	2.96e-02	1.92e-03	5.22e-05	3.88e-07	0.00e+00	0.00e+00	0.00e+00	0.00e+00	0.00e+00	0.00e+00	0.00e+00
 5.28097e+22	1.24e-11	5.26e-03	1.77e-01	4.66e-01	2.16e-01	6.78e-02	4.03e-02	2.61e-02	1.60e-03	4.19e-05	3.02e-07	0.00e+00	0.00e+00	0.00e+00	0.00e+00	0.00e+00	0.00e+00	0.00e+00
 5.31443e+22	4.62e-11	6.00e-03	1.90e-01	4.72e-01	2.08e-01	6.33e-02	3.65e-02	2.23e-02	1.28e-03	3.20e-05	2.22e-07	0.00e+00	0.00e+00	0.00e+00	0.00e+00	0.00e+00	0.00e+00	0.00e+00
 5.34848e+22	1.57e-10	6.70e-03	2.02e-01	4.77e-01	2.01e-01	5.96e-02	3.35e-02	1.95e-02	1.06e-03	2.54e-05	1.70e-07	0.00e+00	0.00e+00	0.00e+00	0.00e+00	0.00e+00	0.00e+00	0.00e+00
 5.37852e+22	6.50e-10	7.43e-03	2.13e-01	4.80e-01	1.94e-01	5.62e-02	3.08e-02	1.71e-02	8.86e-04	2.04e-05	1.33e-07	0.00e+00	0.00e+00	0.00e+00	0.00e+00	0.00e+00	0.00e+00	0.00e+00
 5.41281e+22	5.43e-09	8.45e-03	2.28e-01	4.84e-01	1.85e-01	5.21e-02	2.76e-02	1.45e-02	7.01e-04	1.53e-05	0.00e+00	0.00e+00	0.00e+00	0.00e+00	0.00e+00	0.00e+00	0.00e+00	0.00e+00
 5.44752e+22	3.50e-08	9.40e-03	2.40e-01	4.85e-01	1.78e-01	4.87e-02	2.52e-02	1.26e-02	5.76e-04	1.21e-05	0.00e+00	0.00e+00	0.00e+00	0.00e+00	0.00e+00	0.00e+00	0.00e+00	0.00e+00
 5.47794e+22	1.32e-07	1.04e-02	2.53e-01	4.86e-01	1.71e-01	4.57e-02	2.30e-02	1.10e-02	4.76e-04	9.63e-06	0.00e+00	0.00e+00	0.00e+00	0.00e+00	0.00e+00	0.00e+00	0.00e+00	0.00e+00
 5.51268e+22	6.13e-07	1.18e-02	2.69e-01	4.85e-01	1.61e-01	4.19e-02	2.05e-02	9.20e-03	3.72e-04	7.16e-06	0.00e+00	0.00e+00	0.00e+00	0.00e+00	0.00e+00	0.00e+00	0.00e+00	0.00e+00
 5.54772e+22	8.29e-07	1.30e-02	2.82e-01	4.84e-01	1.54e-01	3.92e-02	1.86e-02	8.00e-03	3.06e-04	5.68e-06	0.00e+00	0.00e+00	0.00e+00	0.00e+00	0.00e+00	0.00e+00	0.00e+00	0.00e+00
 5.58314e+22	1.13e-06	1.47e-02	2.99e-01	4.81e-01	1.45e-01	3.59e-02	1.65e-02	6.68e-03	2.39e-04	4.22e-06	0.00e+00	0.00e+00	0.00e+00	0.00e+00	0.00e+00	0.00e+00	0.00e+00	0.00e+00
 5.61772e+22	1.39e-06	1.61e-02	3.13e-01	4.78e-01	1.39e-01	3.34e-02	1.50e-02	5.79e-03	1.96e-04	3.34e-06	0.00e+00	0.00e+00	0.00e+00	0.00e+00	0.00e+00	0.00e+00	0.00e+00	0.00e+00
 5.65121e+22	1.74e-06	1.79e-02	3.29e-01	4.74e-01	1.31e-01	3.07e-02	1.34e-02	4.90e-03	1.56e-04	2.55e-06	0.00e+00	0.00e+00	0.00e+00	0.00e+00	0.00e+00	0.00e+00	0.00e+00	0.00e+00
 5.68705e+22	2.16e-06	1.99e-02	3.44e-01	4.68e-01	1.23e-01	2.83e-02	1.20e-02	4.15e-03	1.24e-04	1.95e-06	0.00e+00	0.00e+00	0.00e+00	0.00e+00	0.00e+00	0.00e+00	0.00e+00	0.00e+00
 5.71992e+22	2.59e-06	2.18e-02	3.58e-01	4.63e-01	1.17e-01	2.62e-02	1.08e-02	3.58e-03	1.01e-04	1.53e-06	0.00e+00	0.00e+00	0.00e+00	0.00e+00	0.00e+00	0.00e+00	0.00e+00	0.00e+00
 5.75664e+22	3.24e-06	2.44e-02	3.76e-01	4.54e-01	1.09e-01	2.37e-02	9.46e-03	2.95e-03	7.79e-05	1.13e-06	0.00e+00	0.00e+00	0.00e+00	0.00e+00	0.00e+00	0.00e+00	0.00e+00	0.00e+00
 5.79433e+22	3.87e-06	2.69e-02	3.92e-01	4.46e-01	1.02e-01	2.17e-02	8.44e-03	2.50e-03	6.21e-05	8.64e-07	0.00e+00	0.00e+00	0.00e+00	0.00e+00	0.00e+00	0.00e+00	0.00e+00	0.00e+00
 5.83328e+22	4.83e-06	3.03e-02	4.11e-01	4.35e-01	9.41e-02	1.94e-02	7.28e-03	2.02e-03	4.66e-05	6.18e-07	0.00e+00	0.00e+00	0.00e+00	0.00e+00	0.00e+00	0.00e+00	0.00e+00	0.00e+00
 5.87242e+22	5.71e-06	3.32e-02	4.26e-01	4.26e-01	8.81e-02	1.78e-02	6.48e-03	1.72e-03	3.72e-05	4.76e-07	0.00e+00	0.00e+00	0.00e+00	0.00e+00	0.00e+00	0.00e+00	0.00e+00	0.00e+00
 5.91180e+22	6.96e-06	3.71e-02	4.45e-01	4.14e-01	8.10e-02	1.59e-02	5.58e-03	1.39e-03	2.80e-05	3.42e-07	0.00e+00	0.00e+00	0.00e+00	0.00e+00	0.00e+00	0.00e+00	0.00e+00	0.00e+00
 5.95242e+22	8.23e-06	4.07e-02	4.61e-01	4.03e-01	7.52e-02	1.44e-02	4.90e-03	1.16e-03	2.19e-05	2.58e-07	0.00e+00	0.00e+00	0.00e+00	0.00e+00	0.00e+00	0.00e+00	0.00e+00	0.00e+00
 5.98907e+22	9.62e-06	4.45e-02	4.76e-01	3.91e-01	6.98e-02	1.31e-02	4.31e-03	9.72e-04	1.73e-05	1.95e-07	0.00e+00	0.00e+00	0.00e+00	0.00e+00	0.00e+00	0.00e+00	0.00e+00	0.00e+00
 6.03112e+22	1.17e-05	4.98e-02	4.95e-01	3.76e-01	6.34e-02	1.15e-02	3.66e-03	7.75e-04	1.27e-05	1.38e-07	0.00e+00	0.00e+00	0.00e+00	0.00e+00	0.00e+00	0.00e+00	0.00e+00	0.00e+00
 6.07407e+22	1.37e-05	5.46e-02	5.10e-01	3.62e-01	5.84e-02	1.03e-02	3.18e-03	6.41e-04	9.84e-06	0.00e+00	0.00e+00	0.00e+00	0.00e+00	0.00e+00	0.00e+00	0.00e+00	0.00e+00	0.00e+00
 6.10645e+22	1.53e-05	5.82e-02	5.21e-01	3.53e-01	5.50e-02	9.56e-03	2.88e-03	5.60e-04	8.20e-06	0.00e+00	0.00e+00	0.00e+00	0.00e+00	0.00e+00	0.00e+00	0.00e+00	0.00e+00	0.00e+00
 6.13685e+22	1.73e-05	6.28e-02	5.33e-01	3.41e-01	5.12e-02	8.71e-03	2.55e-03	4.75e-04	6.58e-06	0.00e+00	0.00e+00	0.00e+00	0.00e+00	0.00e+00	0.00e+00	0.00e+00	0.00e+00	0.00e+00
 6.16818e+22	1.93e-05	6.69e-02	5.43e-01	3.31e-01	4.80e-02	8.03e-03	2.29e-03	4.14e-04	5.46e-06	0.00e+00	0.00e+00	0.00e+00	0.00e+00	0.00e+00	0.00e+00	0.00e+00	0.00e+00	0.00e+00
 6.20075e+22	2.21e-05	7.24e-02	5.56e-01	3.18e-01	4.43e-02	7.24e-03	2.00e-03	3.47e-04	4.30e-06	0.00e+00	0.00e+00	0.00e+00	0.00e+00	0.00e+00	0.00e+00	0.00e+00	0.00e+00	0.00e+00
 6.23346e+22	2.45e-05	7.70e-02	5.65e-01	3.07e-01	4.15e-02	6.65e-03	1.80e-03	3.01e-04	3.56e-06	0.00e+00	0.00e+00	0.00e+00	0.00e+00	0.00e+00	0.00e+00	0.00e+00	0.00e+00	0.00e+00
 6.26635e+22	2.79e-05	8.32e-02	5.77e-01	2.94e-01	3.81e-02	5.97e-03	1.57e-03	2.52e-04	2.80e-06	0.00e+00	0.00e+00	0.00e+00	0.00e+00	0.00e+00	0.00e+00	0.00e+00	0.00e+00	0.00e+00
 6.29960e+22	3.09e-05	8.85e-02	5.85e-01	2.84e-01	3.56e-02	5.47e-03	1.40e-03	2.18e-04	2.31e-06	0.00e+00	0.00e+00	0.00e+00	0.00e+00	0.00e+00	0.00e+00	0.00e+00	0.00e+00	0.00e+00
 6.33331e+22	3.50e-05	9.53e-02	5.96e-01	2.70e-01	3.26e-02	4.90e-03	1.21e-03	1.82e-04	1.81e-06	0.00e+00	0.00e+00	0.00e+00	0.00e+00	0.00e+00	0.00e+00	0.00e+00	0.00e+00	0.00e+00
 6.36765e+22	3.88e-05	1.01e-01	6.03e-01	2.59e-01	3.03e-02	4.46e-03	1.08e-03	1.57e-04	1.48e-06	0.00e+00	0.00e+00	0.00e+00	0.00e+00	0.00e+00	0.00e+00	0.00e+00	0.00e+00	0.00e+00
 6.40281e+22	4.40e-05	1.09e-01	6.13e-01	2.45e-01	2.76e-02	3.96e-03	9.25e-04	1.30e-04	1.14e-06	0.00e+00	0.00e+00	0.00e+00	0.00e+00	0.00e+00	0.00e+00	0.00e+00	0.00e+00	0.00e+00
 6.43849e+22	4.86e-05	1.16e-01	6.19e-01	2.34e-01	2.55e-02	3.59e-03	8.16e-04	1.12e-04	9.30e-07	0.00e+00	0.00e+00	0.00e+00	0.00e+00	0.00e+00	0.00e+00	0.00e+00	0.00e+00	0.00e+00
 6.47486e+22	5.50e-05	1.25e-01	6.27e-01	2.21e-01	2.31e-02	3.17e-03	6.96e-04	9.23e-05	7.16e-07	0.00e+00	0.00e+00	0.00e+00	0.00e+00	0.00e+00	0.00e+00	0.00e+00	0.00e+00	0.00e+00
 6.51195e+22	6.08e-05	1.33e-01	6.32e-01	2.10e-01	2.13e-02	2.85e-03	6.09e-04	7.89e-05	5.77e-07	0.00e+00	0.00e+00	0.00e+00	0.00e+00	0.00e+00	0.00e+00	0.00e+00	0.00e+00	0.00e+00
 6.54998e+22	6.87e-05	1.43e-01	6.38e-01	1.96e-01	1.91e-02	2.50e-03	5.15e-04	6.47e-05	4.39e-07	0.00e+00	0.00e+00	0.00e+00	0.00e+00	0.00e+00	0.00e+00	0.00e+00	0.00e+00	0.00e+00
 6.58887e+22	7.59e-05	1.52e-01	6.42e-01	1.85e-01	1.75e-02	2.23e-03	4.47e-04	5.51e-05	3.51e-07	0.00e+00	0.00e+00	0.00e+00	0.00e+00	0.00e+00	0.00e+00	0.00e+00	0.00e+00	0.00e+00
 6.62887e+22	8.58e-05	1.64e-01	6.46e-01	1.72e-01	1.56e-02	1.94e-03	3.73e-04	4.49e-05	2.64e-07	0.00e+00	0.00e+00	0.00e+00	0.00e+00	0.00e+00	0.00e+00	0.00e+00	0.00e+00	0.00e+00
 6.66937e+22	9.45e-05	1.74e-01	6.48e-01	1.62e-01	1.42e-02	1.72e-03	3.22e-04	3.82e-05	2.10e-07	0.00e+00	0.00e+00	0.00e+00	0.00e+00	0.00e+00	0.00e+00	0.00e+00	0.00e+00	0.00e+00
 6.71055e+22	1.06e-04	1.86e-01	6.50e-01	1.49e-01	1.27e-02	1.49e-03	2.68e-04	3.13e-05	1.58e-07	0.00e+00	0.00e+00	0.00e+00	0.00e+00	0.00e+00	0.00e+00	0.00e+00	0.00e+00	0.00e+00
 6.75271e+22	1.17e-04	1.98e-01	6.50e-01	1.39e-01	1.14e-02	1.31e-03	2.29e-04	2.64e-05	0.00e+00	0.00e+00	0.00e+00	0.00e+00	0.00e+00	0.00e+00	0.00e+00	0.00e+00	0.00e+00	0.00e+00
 6.79616e+22	1.31e-04	2.12e-01	6.49e-01	1.27e-01	1.01e-02	1.12e-03	1.88e-04	2.14e-05	0.00e+00	0.00e+00	0.00e+00	0.00e+00	0.00e+00	0.00e+00	0.00e+00	0.00e+00	0.00e+00	0.00e+00
 6.84026e+22	1.45e-04	2.25e-01	6.47e-01	1.18e-01	9.05e-03	9.84e-04	1.59e-04	1.81e-05	0.00e+00	0.00e+00	0.00e+00	0.00e+00	0.00e+00	0.00e+00	0.00e+00	0.00e+00	0.00e+00	0.00e+00
 6.88520e+22	1.63e-04	2.41e-01	6.43e-01	1.07e-01	7.90e-03	8.32e-04	1.28e-04	1.46e-05	0.00e+00	0.00e+00	0.00e+00	0.00e+00	0.00e+00	0.00e+00	0.00e+00	0.00e+00	0.00e+00	0.00e+00
 6.93054e+22	1.78e-04	2.55e-01	6.39e-01	9.85e-02	7.09e-03	7.29e-04	1.09e-04	1.24e-05	0.00e+00	0.00e+00	0.00e+00	0.00e+00	0.00e+00	0.00e+00	0.00e+00	0.00e+00	0.00e+00	0.00e+00
 6.97642e+22	1.99e-04	2.73e-01	6.32e-01	8.82e-02	6.15e-03	6.11e-04	8.73e-05	9.99e-06	0.00e+00	0.00e+00	0.00e+00	0.00e+00	0.00e+00	0.00e+00	0.00e+00	0.00e+00	0.00e+00	0.00e+00
 7.02322e+22	2.17e-04	2.87e-01	6.25e-01	8.08e-02	5.48e-03	5.31e-04	7.33e-05	8.46e-06	0.00e+00	0.00e+00	0.00e+00	0.00e+00	0.00e+00	0.00e+00	0.00e+00	0.00e+00	0.00e+00	0.00e+00
 7.07122e+22	2.43e-04	3.07e-01	6.16e-01	7.15e-02	4.70e-03	4.41e-04	5.81e-05	6.80e-06	0.00e+00	0.00e+00	0.00e+00	0.00e+00	0.00e+00	0.00e+00	0.00e+00	0.00e+00	0.00e+00	0.00e+00
 7.12057e+22	2.65e-04	3.24e-01	6.06e-01	6.49e-02	4.16e-03	3.80e-04	4.83e-05	5.73e-06	0.00e+00	0.00e+00	0.00e+00	0.00e+00	0.00e+00	0.00e+00	0.00e+00	0.00e+00	0.00e+00	0.00e+00
 7.17166e+22	2.97e-04	3.46e-01	5.93e-01	5.65e-02	3.51e-03	3.10e-04	3.75e-05	4.55e-06	0.00e+00	0.00e+00	0.00e+00	0.00e+00	0.00e+00	0.00e+00	0.00e+00	0.00e+00	0.00e+00	0.00e+00
 7.22418e+22	3.23e-04	3.65e-01	5.81e-01	5.05e-02	3.07e-03	2.64e-04	3.08e-05	3.80e-06	0.00e+00	0.00e+00	0.00e+00	0.00e+00	0.00e+00	0.00e+00	0.00e+00	0.00e+00	0.00e+00	0.00e+00
