#depth	O	O+	O+2	O+3	O+4	O+5	O+6	O+7	O+8	O[1]	O[2]	O[3]
 4.62852e+21	4.54e-26	4.02e-20	1.29e-15	3.72e-12	2.77e-09	8.87e-07	1.12e-03	6.84e-02	9.30e-01	0.00e+00	0.00e+00	0.00e+00
 1.03958e+22	5.14e-24	2.43e-18	4.19e-14	6.57e-11	2.53e-08	4.13e-06	3.03e-03	1.10e-01	8.87e-01	0.00e+00	0.00e+00	0.00e+00
 1.20482e+22	8.35e-23	2.73e-17	3.27e-13	3.55e-10	9.12e-08	9.91e-06	5.22e-03	1.41e-01	8.54e-01	0.00e+00	0.00e+00	0.00e+00
 1.28187e+22	3.89e-22	1.04e-16	1.02e-12	8.98e-10	1.84e-07	1.60e-05	7.01e-03	1.61e-01	8.32e-01	0.00e+00	0.00e+00	0.00e+00
 1.31398e+22	5.74e-22	1.45e-16	1.35e-12	1.13e-09	2.20e-07	1.81e-05	7.55e-03	1.66e-01	8.26e-01	0.00e+00	0.00e+00	0.00e+00
 1.32494e+22	7.62e-22	1.86e-16	1.66e-12	1.35e-09	2.51e-07	1.97e-05	7.97e-03	1.70e-01	8.22e-01	0.00e+00	0.00e+00	0.00e+00
 1.33521e+22	1.07e-21	2.50e-16	2.14e-12	1.65e-09	2.93e-07	2.19e-05	8.52e-03	1.75e-01	8.16e-01	0.00e+00	0.00e+00	0.00e+00
 1.34535e+22	1.41e-21	3.16e-16	2.61e-12	1.95e-09	3.32e-07	2.39e-05	8.98e-03	1.80e-01	8.11e-01	0.00e+00	0.00e+00	0.00e+00
 1.35543e+22	1.99e-21	4.26e-16	3.37e-12	2.40e-09	3.89e-07	2.66e-05	9.59e-03	1.85e-01	8.06e-01	0.00e+00	0.00e+00	0.00e+00
 1.36555e+22	2.58e-21	5.34e-16	4.08e-12	2.81e-09	4.39e-07	2.89e-05	1.01e-02	1.89e-01	8.01e-01	0.00e+00	0.00e+00	0.00e+00
 1.37575e+22	3.64e-21	7.20e-16	5.25e-12	3.46e-09	5.15e-07	3.22e-05	1.08e-02	1.95e-01	7.95e-01	0.00e+00	0.00e+00	0.00e+00
 1.38609e+22	4.70e-21	9.00e-16	6.35e-12	4.04e-09	5.80e-07	3.50e-05	1.13e-02	1.99e-01	7.90e-01	0.00e+00	0.00e+00	0.00e+00
 1.39660e+22	6.62e-21	1.21e-15	8.16e-12	4.97e-09	6.79e-07	3.90e-05	1.21e-02	2.05e-01	7.83e-01	0.00e+00	0.00e+00	0.00e+00
 1.40736e+22	8.58e-21	1.52e-15	9.88e-12	5.81e-09	7.67e-07	4.24e-05	1.28e-02	2.09e-01	7.78e-01	0.00e+00	0.00e+00	0.00e+00
 1.41842e+22	1.21e-20	2.04e-15	1.27e-11	7.16e-09	9.00e-07	4.74e-05	1.37e-02	2.15e-01	7.71e-01	0.00e+00	0.00e+00	0.00e+00
 1.42976e+22	1.58e-20	2.56e-15	1.55e-11	8.41e-09	1.02e-06	5.16e-05	1.44e-02	2.20e-01	7.65e-01	0.00e+00	0.00e+00	0.00e+00
 1.44145e+22	2.22e-20	3.45e-15	1.99e-11	1.04e-08	1.20e-06	5.77e-05	1.54e-02	2.27e-01	7.58e-01	0.00e+00	0.00e+00	0.00e+00
 1.45335e+22	2.89e-20	4.34e-15	2.42e-11	1.22e-08	1.36e-06	6.29e-05	1.63e-02	2.32e-01	7.52e-01	0.00e+00	0.00e+00	0.00e+00
 1.46552e+22	4.06e-20	5.83e-15	3.11e-11	1.50e-08	1.59e-06	7.04e-05	1.75e-02	2.39e-01	7.44e-01	0.00e+00	0.00e+00	0.00e+00
 1.47777e+22	5.24e-20	7.27e-15	3.75e-11	1.75e-08	1.80e-06	7.66e-05	1.84e-02	2.44e-01	7.38e-01	0.00e+00	0.00e+00	0.00e+00
 1.49012e+22	7.27e-20	9.67e-15	4.78e-11	2.14e-08	2.10e-06	8.54e-05	1.97e-02	2.51e-01	7.30e-01	0.00e+00	0.00e+00	0.00e+00
 1.50274e+22	9.35e-20	1.20e-14	5.76e-11	2.50e-08	2.37e-06	9.30e-05	2.07e-02	2.56e-01	7.23e-01	0.00e+00	0.00e+00	0.00e+00
 1.51375e+22	1.19e-19	1.48e-14	6.87e-11	2.89e-08	2.66e-06	1.01e-04	2.18e-02	2.61e-01	7.17e-01	0.00e+00	0.00e+00	0.00e+00
 1.52610e+22	1.62e-19	1.93e-14	8.64e-11	3.50e-08	3.09e-06	1.12e-04	2.32e-02	2.68e-01	7.09e-01	0.00e+00	0.00e+00	0.00e+00
 1.53844e+22	2.02e-19	2.34e-14	1.02e-10	4.01e-08	3.44e-06	1.21e-04	2.43e-02	2.73e-01	7.03e-01	0.00e+00	0.00e+00	0.00e+00
 1.55077e+22	2.71e-19	3.02e-14	1.27e-10	4.81e-08	3.97e-06	1.33e-04	2.58e-02	2.80e-01	6.94e-01	0.00e+00	0.00e+00	0.00e+00
 1.56337e+22	3.39e-19	3.68e-14	1.50e-10	5.54e-08	4.43e-06	1.44e-04	2.71e-02	2.85e-01	6.88e-01	0.00e+00	0.00e+00	0.00e+00
 1.57452e+22	4.23e-19	4.46e-14	1.77e-10	6.35e-08	4.94e-06	1.55e-04	2.84e-02	2.90e-01	6.81e-01	0.00e+00	0.00e+00	0.00e+00
 1.58720e+22	5.65e-19	5.73e-14	2.19e-10	7.60e-08	5.69e-06	1.72e-04	3.02e-02	2.97e-01	6.72e-01	0.00e+00	0.00e+00	0.00e+00
 1.59981e+22	6.91e-19	6.82e-14	2.54e-10	8.61e-08	6.28e-06	1.84e-04	3.15e-02	3.02e-01	6.66e-01	0.00e+00	0.00e+00	0.00e+00
 1.61232e+22	9.10e-19	8.66e-14	3.12e-10	1.02e-07	7.19e-06	2.03e-04	3.33e-02	3.09e-01	6.58e-01	0.00e+00	0.00e+00	0.00e+00
 1.62508e+22	1.11e-18	1.03e-13	3.63e-10	1.16e-07	7.95e-06	2.17e-04	3.48e-02	3.14e-01	6.51e-01	0.00e+00	0.00e+00	0.00e+00
 1.63816e+22	1.47e-18	1.31e-13	4.45e-10	1.38e-07	9.11e-06	2.39e-04	3.69e-02	3.21e-01	6.42e-01	0.00e+00	0.00e+00	0.00e+00
 1.65148e+22	1.80e-18	1.57e-13	5.19e-10	1.57e-07	1.01e-05	2.57e-04	3.85e-02	3.26e-01	6.35e-01	0.00e+00	0.00e+00	0.00e+00
 1.66513e+22	2.38e-18	2.00e-13	6.38e-10	1.86e-07	1.16e-05	2.84e-04	4.09e-02	3.33e-01	6.26e-01	0.00e+00	0.00e+00	0.00e+00
 1.67903e+22	2.92e-18	2.39e-13	7.44e-10	2.12e-07	1.28e-05	3.05e-04	4.27e-02	3.39e-01	6.18e-01	0.00e+00	0.00e+00	0.00e+00
 1.69326e+22	3.85e-18	3.04e-13	9.15e-10	2.52e-07	1.47e-05	3.36e-04	4.53e-02	3.46e-01	6.09e-01	0.00e+00	0.00e+00	0.00e+00
 1.70717e+22	4.62e-18	3.56e-13	1.05e-09	2.82e-07	1.61e-05	3.59e-04	4.71e-02	3.51e-01	6.02e-01	0.00e+00	0.00e+00	0.00e+00
 1.72066e+22	6.00e-18	4.47e-13	1.27e-09	3.33e-07	1.84e-05	3.94e-04	4.98e-02	3.57e-01	5.92e-01	0.00e+00	0.00e+00	0.00e+00
 1.73436e+22	7.20e-18	5.24e-13	1.46e-09	3.73e-07	2.02e-05	4.20e-04	5.17e-02	3.62e-01	5.86e-01	0.00e+00	0.00e+00	0.00e+00
 1.74833e+22	9.26e-18	6.52e-13	1.76e-09	4.37e-07	2.29e-05	4.59e-04	5.46e-02	3.69e-01	5.76e-01	0.00e+00	0.00e+00	0.00e+00
 1.76274e+22	1.13e-17	7.77e-13	2.05e-09	4.96e-07	2.53e-05	4.93e-04	5.69e-02	3.74e-01	5.68e-01	0.00e+00	0.00e+00	0.00e+00
 1.77771e+22	1.46e-17	9.68e-13	2.47e-09	5.81e-07	2.87e-05	5.40e-04	6.00e-02	3.81e-01	5.58e-01	0.00e+00	0.00e+00	0.00e+00
 1.79317e+22	1.80e-17	1.16e-12	2.90e-09	6.64e-07	3.20e-05	5.82e-04	6.28e-02	3.87e-01	5.50e-01	0.00e+00	0.00e+00	0.00e+00
 1.80926e+22	2.34e-17	1.46e-12	3.53e-09	7.83e-07	3.64e-05	6.39e-04	6.63e-02	3.93e-01	5.40e-01	2.34e-17	5.99e-28	6.37e-28
 1.82580e+22	2.91e-17	1.77e-12	4.15e-09	8.98e-07	4.06e-05	6.90e-04	6.94e-02	3.99e-01	5.31e-01	2.91e-17	5.59e-26	7.04e-26
 1.84290e+22	3.80e-17	2.23e-12	5.07e-09	1.06e-06	4.65e-05	7.59e-04	7.34e-02	4.06e-01	5.20e-01	3.80e-17	7.31e-26	9.21e-26
 1.86056e+22	4.77e-17	2.72e-12	6.01e-09	1.23e-06	5.21e-05	8.23e-04	7.69e-02	4.12e-01	5.10e-01	4.77e-17	9.18e-26	1.16e-25
 1.87895e+22	6.31e-17	3.47e-12	7.41e-09	1.46e-06	5.99e-05	9.08e-04	8.15e-02	4.19e-01	4.99e-01	6.31e-17	1.21e-25	1.53e-25
 1.89785e+22	7.98e-17	4.26e-12	8.84e-09	1.69e-06	6.74e-05	9.87e-04	8.55e-02	4.25e-01	4.89e-01	7.98e-17	1.54e-25	1.93e-25
 1.91486e+22	9.95e-17	5.16e-12	1.04e-08	1.95e-06	7.53e-05	1.07e-03	8.95e-02	4.30e-01	4.79e-01	9.95e-17	1.92e-25	2.41e-25
 1.93440e+22	1.34e-16	6.71e-12	1.31e-08	2.35e-06	8.76e-05	1.19e-03	9.51e-02	4.37e-01	4.66e-01	1.34e-16	2.59e-25	3.26e-25
 1.95405e+22	1.67e-16	8.13e-12	1.54e-08	2.70e-06	9.77e-05	1.28e-03	9.94e-02	4.42e-01	4.57e-01	1.67e-16	3.23e-25	4.06e-25
 1.97386e+22	2.25e-16	1.05e-11	1.92e-08	3.24e-06	1.13e-04	1.42e-03	1.05e-01	4.49e-01	4.44e-01	2.25e-16	4.33e-25	5.45e-25
 1.99409e+22	2.84e-16	1.29e-11	2.29e-08	3.76e-06	1.27e-04	1.55e-03	1.11e-01	4.54e-01	4.34e-01	2.84e-16	5.48e-25	6.90e-25
 2.01487e+22	3.83e-16	1.67e-11	2.86e-08	4.54e-06	1.48e-04	1.72e-03	1.17e-01	4.61e-01	4.20e-01	3.83e-16	7.39e-25	9.30e-25
 2.03607e+22	4.91e-16	2.08e-11	3.45e-08	5.31e-06	1.68e-04	1.87e-03	1.23e-01	4.66e-01	4.09e-01	4.91e-16	9.47e-25	1.19e-24
 2.05495e+22	6.25e-16	2.56e-11	4.14e-08	6.18e-06	1.90e-04	2.04e-03	1.29e-01	4.70e-01	3.98e-01	6.25e-16	1.21e-24	1.52e-24
 2.07663e+22	8.58e-16	3.37e-11	5.24e-08	7.55e-06	2.23e-04	2.28e-03	1.37e-01	4.76e-01	3.84e-01	8.58e-16	1.66e-24	2.08e-24
 2.09701e+22	1.05e-15	4.02e-11	6.10e-08	8.57e-06	2.46e-04	2.45e-03	1.43e-01	4.80e-01	3.75e-01	1.05e-15	2.03e-24	2.55e-24
 2.11570e+22	1.38e-15	5.12e-11	7.51e-08	1.02e-05	2.84e-04	2.71e-03	1.51e-01	4.84e-01	3.62e-01	1.38e-15	2.67e-24	3.36e-24
 2.13462e+22	1.70e-15	6.13e-11	8.77e-08	1.16e-05	3.15e-04	2.91e-03	1.57e-01	4.87e-01	3.53e-01	1.70e-15	3.29e-24	4.14e-24
 2.15386e+22	2.24e-15	7.79e-11	1.08e-07	1.39e-05	3.63e-04	3.21e-03	1.65e-01	4.91e-01	3.40e-01	2.24e-15	4.33e-24	5.44e-24
 2.17350e+22	2.80e-15	9.45e-11	1.27e-07	1.60e-05	4.07e-04	3.48e-03	1.73e-01	4.94e-01	3.30e-01	2.80e-15	5.41e-24	6.80e-24
 2.19366e+22	3.73e-15	1.22e-10	1.59e-07	1.93e-05	4.74e-04	3.87e-03	1.82e-01	4.97e-01	3.16e-01	3.73e-15	7.22e-24	9.08e-24
 2.21395e+22	4.64e-15	1.47e-10	1.87e-07	2.22e-05	5.31e-04	4.19e-03	1.90e-01	4.99e-01	3.06e-01	4.64e-15	8.99e-24	1.13e-23
 2.23440e+22	6.18e-15	1.89e-10	2.32e-07	2.67e-05	6.18e-04	4.66e-03	2.01e-01	5.01e-01	2.92e-01	6.18e-15	1.20e-23	1.51e-23
 2.25525e+22	7.75e-15	2.30e-10	2.76e-07	3.09e-05	6.97e-04	5.07e-03	2.10e-01	5.03e-01	2.82e-01	7.75e-15	1.50e-23	1.89e-23
 2.27663e+22	1.04e-14	2.97e-10	3.46e-07	3.75e-05	8.17e-04	5.66e-03	2.22e-01	5.04e-01	2.68e-01	1.04e-14	2.02e-23	2.53e-23
 2.29843e+22	1.31e-14	3.64e-10	4.13e-07	4.37e-05	9.27e-04	6.18e-03	2.32e-01	5.04e-01	2.57e-01	1.31e-14	2.54e-23	3.19e-23
 2.32077e+22	1.76e-14	4.72e-10	5.19e-07	5.34e-05	1.09e-03	6.94e-03	2.45e-01	5.04e-01	2.42e-01	1.76e-14	3.42e-23	4.30e-23
 2.34332e+22	2.21e-14	5.76e-10	6.19e-07	6.22e-05	1.24e-03	7.59e-03	2.56e-01	5.03e-01	2.32e-01	2.21e-14	4.30e-23	5.40e-23
 2.36240e+22	2.72e-14	6.90e-10	7.27e-07	7.17e-05	1.40e-03	8.25e-03	2.67e-01	5.02e-01	2.21e-01	2.72e-14	5.29e-23	6.64e-23
 2.38309e+22	3.51e-14	8.63e-10	8.87e-07	8.55e-05	1.62e-03	9.16e-03	2.80e-01	5.00e-01	2.09e-01	3.51e-14	6.82e-23	8.57e-23
 2.40383e+22	4.27e-14	1.03e-09	1.04e-06	9.81e-05	1.82e-03	9.94e-03	2.91e-01	4.97e-01	1.99e-01	4.27e-14	8.31e-23	1.04e-22
 2.42414e+22	5.38e-14	1.26e-09	1.25e-06	1.16e-04	2.10e-03	1.10e-02	3.05e-01	4.94e-01	1.88e-01	5.38e-14	1.05e-22	1.32e-22
 2.44485e+22	6.53e-14	1.50e-09	1.46e-06	1.33e-04	2.36e-03	1.20e-02	3.17e-01	4.90e-01	1.78e-01	6.53e-14	1.27e-22	1.60e-22
 2.46515e+22	8.04e-14	1.80e-09	1.73e-06	1.55e-04	2.70e-03	1.31e-02	3.31e-01	4.86e-01	1.68e-01	8.04e-14	1.57e-22	1.97e-22
 2.48587e+22	9.70e-14	2.13e-09	2.02e-06	1.79e-04	3.05e-03	1.43e-02	3.43e-01	4.81e-01	1.59e-01	9.70e-14	1.89e-22	2.38e-22
 2.50643e+22	1.17e-13	2.52e-09	2.36e-06	2.07e-04	3.46e-03	1.57e-02	3.57e-01	4.75e-01	1.49e-01	1.17e-13	2.29e-22	2.87e-22
 2.52708e+22	1.39e-13	2.94e-09	2.73e-06	2.37e-04	3.89e-03	1.71e-02	3.70e-01	4.69e-01	1.40e-01	1.39e-13	2.73e-22	3.42e-22
 2.54737e+22	1.65e-13	3.42e-09	3.15e-06	2.71e-04	4.38e-03	1.86e-02	3.83e-01	4.62e-01	1.31e-01	1.65e-13	3.22e-22	4.04e-22
 2.56767e+22	1.93e-13	3.95e-09	3.62e-06	3.08e-04	4.91e-03	2.02e-02	3.96e-01	4.55e-01	1.23e-01	1.93e-13	3.78e-22	4.73e-22
 2.58800e+22	2.24e-13	4.54e-09	4.14e-06	3.50e-04	5.49e-03	2.20e-02	4.09e-01	4.47e-01	1.16e-01	2.24e-13	4.39e-22	5.51e-22
 2.60839e+22	2.59e-13	5.18e-09	4.72e-06	3.97e-04	6.13e-03	2.38e-02	4.22e-01	4.39e-01	1.08e-01	2.59e-13	5.07e-22	6.36e-22
 2.62889e+22	2.97e-13	5.88e-09	5.35e-06	4.49e-04	6.83e-03	2.58e-02	4.35e-01	4.31e-01	1.01e-01	2.97e-13	5.83e-22	7.30e-22
 2.64958e+22	3.38e-13	6.65e-09	6.06e-06	5.06e-04	7.60e-03	2.80e-02	4.48e-01	4.22e-01	9.42e-02	3.38e-13	6.65e-22	8.33e-22
 2.67049e+22	3.83e-13	7.49e-09	6.83e-06	5.70e-04	8.44e-03	3.02e-02	4.60e-01	4.13e-01	8.77e-02	3.83e-13	7.54e-22	9.45e-22
 2.69151e+22	4.32e-13	8.39e-09	7.68e-06	6.40e-04	9.34e-03	3.26e-02	4.73e-01	4.03e-01	8.16e-02	4.32e-13	8.50e-22	1.06e-21
 2.71286e+22	4.84e-13	9.38e-09	8.63e-06	7.19e-04	1.04e-02	3.53e-02	4.85e-01	3.93e-01	7.57e-02	4.84e-13	9.56e-22	1.20e-21
 2.73444e+22	5.40e-13	1.04e-08	9.66e-06	8.04e-04	1.14e-02	3.80e-02	4.96e-01	3.83e-01	7.02e-02	5.40e-13	1.07e-21	1.34e-21
 2.75644e+22	6.02e-13	1.16e-08	1.08e-05	9.03e-04	1.26e-02	4.10e-02	5.08e-01	3.72e-01	6.48e-02	6.02e-13	1.19e-21	1.49e-21
 2.77884e+22	6.66e-13	1.29e-08	1.21e-05	1.01e-03	1.39e-02	4.41e-02	5.19e-01	3.62e-01	5.99e-02	6.66e-13	1.32e-21	1.65e-21
 2.79937e+22	7.24e-13	1.40e-08	1.32e-05	1.11e-03	1.50e-02	4.68e-02	5.28e-01	3.53e-01	5.60e-02	7.24e-13	1.43e-21	1.79e-21
 2.82082e+22	7.98e-13	1.55e-08	1.48e-05	1.24e-03	1.66e-02	5.05e-02	5.39e-01	3.41e-01	5.13e-02	7.98e-13	1.58e-21	1.98e-21
 2.84258e+22	8.65e-13	1.68e-08	1.62e-05	1.36e-03	1.79e-02	5.36e-02	5.48e-01	3.32e-01	4.78e-02	8.65e-13	1.72e-21	2.15e-21
 2.86496e+22	9.54e-13	1.86e-08	1.82e-05	1.53e-03	1.98e-02	5.78e-02	5.58e-01	3.19e-01	4.36e-02	9.54e-13	1.90e-21	2.37e-21
 2.88738e+22	1.03e-12	2.02e-08	1.98e-05	1.67e-03	2.13e-02	6.11e-02	5.65e-01	3.10e-01	4.06e-02	1.03e-12	2.05e-21	2.56e-21
 2.90985e+22	1.12e-12	2.22e-08	2.21e-05	1.88e-03	2.33e-02	6.57e-02	5.74e-01	2.98e-01	3.69e-02	1.12e-12	2.24e-21	2.80e-21
 2.93241e+22	1.21e-12	2.40e-08	2.41e-05	2.05e-03	2.50e-02	6.93e-02	5.81e-01	2.89e-01	3.43e-02	1.21e-12	2.42e-21	3.02e-21
 2.95509e+22	1.32e-12	2.65e-08	2.69e-05	2.29e-03	2.73e-02	7.42e-02	5.88e-01	2.77e-01	3.12e-02	1.32e-12	2.64e-21	3.30e-21
 2.97801e+22	1.42e-12	2.86e-08	2.94e-05	2.50e-03	2.93e-02	7.82e-02	5.93e-01	2.68e-01	2.89e-02	1.42e-12	2.85e-21	3.55e-21
 3.00125e+22	1.55e-12	3.16e-08	3.28e-05	2.79e-03	3.19e-02	8.36e-02	6.00e-01	2.56e-01	2.61e-02	1.55e-12	3.11e-21	3.88e-21
 3.02481e+22	1.67e-12	3.42e-08	3.59e-05	3.05e-03	3.41e-02	8.79e-02	6.04e-01	2.47e-01	2.42e-02	1.67e-12	3.35e-21	4.18e-21
 3.04879e+22	1.82e-12	3.79e-08	4.02e-05	3.41e-03	3.71e-02	9.38e-02	6.09e-01	2.35e-01	2.18e-02	1.82e-12	3.67e-21	4.58e-21
 3.07321e+22	1.97e-12	4.12e-08	4.41e-05	3.73e-03	3.96e-02	9.86e-02	6.12e-01	2.26e-01	2.00e-02	1.97e-12	3.97e-21	4.95e-21
 3.09821e+22	2.16e-12	4.58e-08	4.96e-05	4.19e-03	4.31e-02	1.05e-01	6.15e-01	2.15e-01	1.79e-02	2.16e-12	4.37e-21	5.44e-21
 3.12379e+22	2.35e-12	5.03e-08	5.47e-05	4.60e-03	4.60e-02	1.10e-01	6.17e-01	2.06e-01	1.64e-02	2.35e-12	4.76e-21	5.93e-21
 3.15013e+22	2.59e-12	5.64e-08	6.20e-05	5.18e-03	5.00e-02	1.18e-01	6.19e-01	1.94e-01	1.46e-02	2.59e-12	5.27e-21	6.56e-21
 3.17693e+22	2.86e-12	6.25e-08	6.88e-05	5.69e-03	5.34e-02	1.23e-01	6.19e-01	1.85e-01	1.33e-02	2.86e-12	5.82e-21	7.26e-21
 3.19965e+22	3.07e-12	6.80e-08	7.54e-05	6.20e-03	5.66e-02	1.29e-01	6.19e-01	1.77e-01	1.22e-02	3.07e-12	6.28e-21	7.82e-21
 3.22451e+22	3.40e-12	7.64e-08	8.50e-05	6.92e-03	6.09e-02	1.36e-01	6.18e-01	1.68e-01	1.09e-02	3.40e-12	6.97e-21	8.68e-21
 3.24849e+22	3.68e-12	8.32e-08	9.27e-05	7.47e-03	6.41e-02	1.41e-01	6.16e-01	1.61e-01	1.01e-02	3.68e-12	7.56e-21	9.41e-21
 3.27131e+22	4.03e-12	9.24e-08	1.03e-04	8.25e-03	6.84e-02	1.48e-01	6.14e-01	1.52e-01	9.08e-03	4.03e-12	8.29e-21	1.03e-20
 3.29438e+22	4.41e-12	1.02e-07	1.13e-04	8.92e-03	7.19e-02	1.53e-01	6.12e-01	1.46e-01	8.38e-03	4.41e-12	9.11e-21	1.13e-20
 3.31777e+22	4.88e-12	1.14e-07	1.27e-04	9.85e-03	7.67e-02	1.60e-01	6.08e-01	1.38e-01	7.51e-03	4.88e-12	1.01e-20	1.26e-20
 3.34151e+22	5.38e-12	1.26e-07	1.40e-04	1.07e-02	8.06e-02	1.66e-01	6.04e-01	1.32e-01	6.91e-03	5.38e-12	1.12e-20	1.39e-20
 3.36571e+22	5.99e-12	1.42e-07	1.58e-04	1.18e-02	8.59e-02	1.73e-01	5.99e-01	1.24e-01	6.16e-03	5.99e-12	1.25e-20	1.55e-20
 3.39025e+22	6.66e-12	1.58e-07	1.74e-04	1.28e-02	9.03e-02	1.79e-01	5.94e-01	1.18e-01	5.64e-03	6.66e-12	1.39e-20	1.73e-20
 3.41524e+22	7.50e-12	1.80e-07	1.97e-04	1.42e-02	9.61e-02	1.87e-01	5.88e-01	1.10e-01	5.00e-03	7.50e-12	1.57e-20	1.95e-20
 3.44068e+22	8.41e-12	2.02e-07	2.19e-04	1.54e-02	1.01e-01	1.92e-01	5.82e-01	1.05e-01	4.56e-03	8.41e-12	1.77e-20	2.19e-20
 3.46669e+22	9.58e-12	2.33e-07	2.50e-04	1.71e-02	1.08e-01	2.00e-01	5.73e-01	9.77e-02	4.02e-03	9.58e-12	2.02e-20	2.51e-20
 3.49330e+22	1.08e-11	2.63e-07	2.79e-04	1.87e-02	1.13e-01	2.06e-01	5.66e-01	9.23e-02	3.64e-03	1.08e-11	2.29e-20	2.84e-20
 3.52066e+22	1.26e-11	3.08e-07	3.21e-04	2.08e-02	1.21e-01	2.15e-01	5.55e-01	8.55e-02	3.18e-03	1.26e-11	2.68e-20	3.32e-20
 3.54875e+22	1.44e-11	3.52e-07	3.61e-04	2.28e-02	1.27e-01	2.21e-01	5.46e-01	8.03e-02	2.86e-03	1.44e-11	3.07e-20	3.81e-20
 3.57778e+22	1.70e-11	4.18e-07	4.20e-04	2.55e-02	1.35e-01	2.29e-01	5.34e-01	7.38e-02	2.47e-03	1.70e-11	3.65e-20	4.53e-20
 3.60706e+22	1.97e-11	4.81e-07	4.74e-04	2.78e-02	1.42e-01	2.35e-01	5.23e-01	6.92e-02	2.21e-03	1.97e-11	4.25e-20	5.27e-20
 3.63668e+22	2.35e-11	5.75e-07	5.52e-04	3.12e-02	1.51e-01	2.43e-01	5.09e-01	6.32e-02	1.90e-03	2.35e-11	5.10e-20	6.31e-20
 3.66659e+22	2.76e-11	6.67e-07	6.24e-04	3.40e-02	1.59e-01	2.48e-01	4.98e-01	5.90e-02	1.70e-03	2.76e-11	6.01e-20	7.43e-20
 3.69690e+22	3.33e-11	8.03e-07	7.30e-04	3.81e-02	1.68e-01	2.56e-01	4.82e-01	5.36e-02	1.45e-03	3.33e-11	7.29e-20	9.02e-20
 3.72770e+22	3.94e-11	9.38e-07	8.29e-04	4.16e-02	1.76e-01	2.61e-01	4.69e-01	4.98e-02	1.28e-03	3.94e-11	8.69e-20	1.07e-19
 3.75913e+22	4.84e-11	1.14e-06	9.74e-04	4.66e-02	1.87e-01	2.68e-01	4.52e-01	4.49e-02	1.08e-03	4.84e-11	1.07e-19	1.33e-19
 3.79025e+22	5.73e-11	1.33e-06	1.10e-03	5.07e-02	1.95e-01	2.72e-01	4.39e-01	4.16e-02	9.60e-04	5.73e-11	1.28e-19	1.58e-19
 3.81554e+22	6.62e-11	1.52e-06	1.23e-03	5.46e-02	2.02e-01	2.76e-01	4.27e-01	3.88e-02	8.57e-04	6.62e-11	1.49e-19	1.83e-19
 3.84298e+22	8.01e-11	1.81e-06	1.41e-03	5.99e-02	2.12e-01	2.80e-01	4.11e-01	3.54e-02	7.42e-04	8.01e-11	1.81e-19	2.23e-19
 3.87080e+22	9.41e-11	2.09e-06	1.58e-03	6.46e-02	2.20e-01	2.82e-01	3.98e-01	3.28e-02	6.58e-04	9.41e-11	2.14e-19	2.63e-19
 3.89910e+22	1.15e-10	2.50e-06	1.82e-03	7.09e-02	2.30e-01	2.86e-01	3.82e-01	2.97e-02	5.64e-04	1.15e-10	2.63e-19	3.24e-19
 3.92773e+22	1.36e-10	2.90e-06	2.03e-03	7.64e-02	2.38e-01	2.88e-01	3.68e-01	2.74e-02	4.97e-04	1.36e-10	3.13e-19	3.85e-19
 3.95681e+22	1.68e-10	3.49e-06	2.35e-03	8.38e-02	2.48e-01	2.90e-01	3.51e-01	2.47e-02	4.23e-04	1.68e-10	3.90e-19	4.79e-19
 3.98654e+22	2.00e-10	4.07e-06	2.64e-03	9.03e-02	2.56e-01	2.91e-01	3.37e-01	2.26e-02	3.69e-04	2.00e-10	4.69e-19	5.76e-19
 4.01712e+22	2.50e-10	4.92e-06	3.05e-03	9.90e-02	2.66e-01	2.92e-01	3.19e-01	2.02e-02	3.11e-04	2.50e-10	5.92e-19	7.27e-19
 4.04851e+22	3.04e-10	5.81e-06	3.46e-03	1.07e-01	2.75e-01	2.92e-01	3.04e-01	1.82e-02	2.67e-04	3.04e-10	7.24e-19	8.89e-19
 4.07621e+22	3.66e-10	6.78e-06	3.88e-03	1.15e-01	2.83e-01	2.91e-01	2.90e-01	1.66e-02	2.32e-04	3.66e-10	8.79e-19	1.08e-18
 4.10746e+22	4.62e-10	8.22e-06	4.47e-03	1.25e-01	2.93e-01	2.90e-01	2.73e-01	1.47e-02	1.94e-04	4.62e-10	1.12e-18	1.37e-18
 4.13985e+22	5.67e-10	9.75e-06	5.07e-03	1.35e-01	3.01e-01	2.88e-01	2.58e-01	1.32e-02	1.64e-04	5.67e-10	1.39e-18	1.70e-18
 4.16885e+22	6.90e-10	1.14e-05	5.69e-03	1.45e-01	3.08e-01	2.85e-01	2.44e-01	1.18e-02	1.41e-04	6.90e-10	1.71e-18	2.09e-18
 4.20169e+22	8.87e-10	1.40e-05	6.59e-03	1.58e-01	3.17e-01	2.81e-01	2.27e-01	1.03e-02	1.15e-04	8.87e-10	2.23e-18	2.72e-18
 4.23546e+22	1.10e-09	1.66e-05	7.45e-03	1.69e-01	3.24e-01	2.77e-01	2.12e-01	9.16e-03	9.68e-05	1.10e-09	2.79e-18	3.40e-18
 4.27043e+22	1.44e-09	2.05e-05	8.66e-03	1.85e-01	3.33e-01	2.71e-01	1.95e-01	7.86e-03	7.77e-05	1.44e-09	3.70e-18	4.52e-18
 4.30608e+22	1.80e-09	2.44e-05	9.80e-03	1.98e-01	3.39e-01	2.65e-01	1.81e-01	6.90e-03	6.44e-05	1.80e-09	4.69e-18	5.72e-18
 4.34261e+22	2.38e-09	3.04e-05	1.14e-02	2.15e-01	3.45e-01	2.58e-01	1.65e-01	5.84e-03	5.08e-05	2.38e-09	6.33e-18	7.71e-18
 4.37945e+22	3.00e-09	3.62e-05	1.29e-02	2.29e-01	3.50e-01	2.51e-01	1.52e-01	5.08e-03	4.18e-05	3.00e-09	8.07e-18	9.82e-18
 4.41182e+22	3.75e-09	4.29e-05	1.45e-02	2.44e-01	3.53e-01	2.43e-01	1.40e-01	4.43e-03	3.44e-05	3.75e-09	1.03e-17	1.25e-17
 4.44903e+22	5.01e-09	5.33e-05	1.68e-02	2.63e-01	3.57e-01	2.33e-01	1.26e-01	3.69e-03	2.66e-05	5.01e-09	1.40e-17	1.70e-17
 4.48663e+22	6.32e-09	6.34e-05	1.89e-02	2.79e-01	3.59e-01	2.25e-01	1.15e-01	3.17e-03	2.16e-05	6.32e-09	1.80e-17	2.18e-17
 4.52474e+22	8.45e-09	7.86e-05	2.18e-02	2.99e-01	3.60e-01	2.14e-01	1.02e-01	2.62e-03	1.66e-05	8.45e-09	2.46e-17	2.99e-17
 4.56346e+22	1.08e-08	9.37e-05	2.45e-02	3.16e-01	3.60e-01	2.04e-01	9.27e-02	2.23e-03	1.32e-05	1.08e-08	3.20e-17	3.88e-17
 4.60296e+22	1.46e-08	1.17e-04	2.83e-02	3.38e-01	3.59e-01	1.92e-01	8.14e-02	1.80e-03	9.91e-06	1.46e-08	4.47e-17	5.40e-17
 4.64276e+22	1.85e-08	1.39e-04	3.16e-02	3.55e-01	3.56e-01	1.82e-01	7.32e-02	1.52e-03	7.86e-06	1.85e-08	5.81e-17	7.03e-17
 4.68293e+22	2.52e-08	1.73e-04	3.64e-02	3.77e-01	3.52e-01	1.70e-01	6.35e-02	1.22e-03	5.80e-06	2.52e-08	8.17e-17	9.88e-17
 4.72359e+22	3.21e-08	2.05e-04	4.05e-02	3.94e-01	3.48e-01	1.60e-01	5.66e-02	1.02e-03	4.55e-06	3.21e-08	1.07e-16	1.29e-16
 4.76488e+22	4.38e-08	2.55e-04	4.64e-02	4.16e-01	3.41e-01	1.47e-01	4.86e-02	8.02e-04	3.30e-06	4.38e-08	1.52e-16	1.83e-16
 4.80673e+22	5.60e-08	3.03e-04	5.16e-02	4.32e-01	3.35e-01	1.38e-01	4.29e-02	6.61e-04	2.55e-06	5.60e-08	2.00e-16	2.42e-16
 4.84315e+22	7.10e-08	3.57e-04	5.71e-02	4.48e-01	3.28e-01	1.28e-01	3.79e-02	5.47e-04	1.97e-06	7.10e-08	2.62e-16	3.17e-16
 4.87795e+22	8.83e-08	4.14e-04	6.25e-02	4.62e-01	3.21e-01	1.20e-01	3.37e-02	4.58e-04	1.56e-06	8.83e-08	3.36e-16	4.06e-16
 4.91104e+22	1.09e-07	4.79e-04	6.82e-02	4.76e-01	3.13e-01	1.12e-01	3.00e-02	3.84e-04	1.23e-06	1.09e-07	4.28e-16	5.16e-16
 4.94832e+22	1.43e-07	5.75e-04	7.59e-02	4.92e-01	3.03e-01	1.03e-01	2.58e-02	3.06e-04	9.11e-07	1.43e-07	5.79e-16	6.99e-16
 4.98552e+22	1.76e-07	6.63e-04	8.25e-02	5.04e-01	2.95e-01	9.54e-02	2.29e-02	2.55e-04	7.15e-07	1.76e-07	7.35e-16	8.87e-16
 5.02263e+22	2.29e-07	7.92e-04	9.13e-02	5.17e-01	2.84e-01	8.67e-02	1.96e-02	2.02e-04	5.26e-07	2.29e-07	9.90e-16	1.19e-15
 5.06044e+22	2.83e-07	9.15e-04	9.92e-02	5.28e-01	2.75e-01	8.00e-02	1.72e-02	1.66e-04	4.07e-07	2.83e-07	1.26e-15	1.52e-15
 5.09916e+22	3.70e-07	1.09e-03	1.10e-01	5.40e-01	2.62e-01	7.20e-02	1.45e-02	1.30e-04	2.94e-07	3.70e-07	1.71e-15	2.06e-15
 5.13826e+22	4.59e-07	1.26e-03	1.19e-01	5.49e-01	2.52e-01	6.60e-02	1.27e-02	1.06e-04	2.25e-07	4.59e-07	2.18e-15	2.63e-15
 5.17267e+22	5.67e-07	1.45e-03	1.28e-01	5.56e-01	2.42e-01	6.04e-02	1.10e-02	8.64e-05	1.72e-07	5.67e-07	2.77e-15	3.33e-15
 5.21221e+22	7.39e-07	1.73e-03	1.41e-01	5.65e-01	2.30e-01	5.38e-02	9.23e-03	6.65e-05	1.22e-07	7.39e-07	3.74e-15	4.50e-15
 5.25049e+22	8.97e-07	1.97e-03	1.51e-01	5.69e-01	2.20e-01	4.93e-02	8.08e-03	5.47e-05	0.00e+00	8.97e-07	4.66e-15	5.59e-15
 5.28097e+22	1.07e-06	2.21e-03	1.61e-01	5.73e-01	2.12e-01	4.54e-02	7.14e-03	4.57e-05	0.00e+00	1.07e-06	5.69e-15	6.82e-15
 5.31443e+22	1.33e-06	2.54e-03	1.73e-01	5.77e-01	2.01e-01	4.10e-02	6.12e-03	3.65e-05	0.00e+00	1.33e-06	7.28e-15	8.71e-15
 5.34848e+22	1.59e-06	2.86e-03	1.84e-01	5.79e-01	1.92e-01	3.75e-02	5.37e-03	3.02e-05	0.00e+00	1.59e-06	8.93e-15	1.07e-14
 5.37852e+22	1.89e-06	3.20e-03	1.94e-01	5.80e-01	1.84e-01	3.44e-02	4.73e-03	2.51e-05	0.00e+00	1.89e-06	1.09e-14	1.30e-14
 5.41281e+22	2.34e-06	3.68e-03	2.08e-01	5.80e-01	1.74e-01	3.08e-02	4.02e-03	1.98e-05	0.00e+00	2.34e-06	1.39e-14	1.66e-14
 5.44752e+22	2.80e-06	4.13e-03	2.21e-01	5.79e-01	1.65e-01	2.80e-02	3.50e-03	1.62e-05	0.00e+00	2.80e-06	1.71e-14	2.03e-14
 5.47794e+22	3.32e-06	4.62e-03	2.33e-01	5.77e-01	1.57e-01	2.55e-02	3.06e-03	1.34e-05	0.00e+00	3.32e-06	2.08e-14	2.47e-14
 5.51268e+22	4.13e-06	5.32e-03	2.49e-01	5.73e-01	1.47e-01	2.26e-02	2.57e-03	1.04e-05	0.00e+00	4.13e-06	2.67e-14	3.18e-14
 5.54772e+22	4.88e-06	5.92e-03	2.62e-01	5.70e-01	1.39e-01	2.05e-02	2.24e-03	8.53e-06	0.00e+00	4.88e-06	3.25e-14	3.86e-14
 5.58314e+22	6.05e-06	6.80e-03	2.79e-01	5.64e-01	1.30e-01	1.81e-02	1.88e-03	6.61e-06	0.00e+00	6.05e-06	4.16e-14	4.94e-14
 5.61772e+22	7.14e-06	7.56e-03	2.93e-01	5.58e-01	1.23e-01	1.63e-02	1.63e-03	5.39e-06	0.00e+00	7.14e-06	5.04e-14	5.98e-14
 5.65121e+22	8.64e-06	8.54e-03	3.10e-01	5.51e-01	1.15e-01	1.45e-02	1.38e-03	4.25e-06	0.00e+00	8.64e-06	6.31e-14	7.49e-14
 5.68705e+22	1.04e-05	9.61e-03	3.27e-01	5.43e-01	1.07e-01	1.29e-02	1.17e-03	3.36e-06	0.00e+00	1.04e-05	7.83e-14	9.29e-14
 5.71992e+22	1.23e-05	1.07e-02	3.42e-01	5.34e-01	1.00e-01	1.16e-02	1.01e-03	2.71e-06	0.00e+00	1.23e-05	9.51e-14	1.13e-13
 5.75664e+22	1.51e-05	1.22e-02	3.62e-01	5.23e-01	9.25e-02	1.00e-02	8.29e-04	2.06e-06	0.00e+00	1.51e-05	1.22e-13	1.45e-13
 5.79433e+22	1.80e-05	1.36e-02	3.79e-01	5.12e-01	8.59e-02	8.87e-03	7.01e-04	1.62e-06	0.00e+00	1.80e-05	1.50e-13	1.78e-13
 5.83328e+22	2.25e-05	1.57e-02	4.01e-01	4.97e-01	7.81e-02	7.57e-03	5.65e-04	1.19e-06	0.00e+00	2.25e-05	1.96e-13	2.32e-13
 5.87242e+22	2.67e-05	1.74e-02	4.19e-01	4.84e-01	7.23e-02	6.67e-03	4.77e-04	9.36e-07	0.00e+00	2.67e-05	2.40e-13	2.84e-13
 5.91180e+22	3.31e-05	1.99e-02	4.41e-01	4.67e-01	6.55e-02	5.67e-03	3.84e-04	6.88e-07	0.00e+00	3.31e-05	3.10e-13	3.67e-13
 5.95242e+22	3.96e-05	2.23e-02	4.60e-01	4.52e-01	5.99e-02	4.91e-03	3.17e-04	5.26e-07	0.00e+00	3.96e-05	3.85e-13	4.56e-13
 5.98907e+22	4.70e-05	2.48e-02	4.79e-01	4.37e-01	5.48e-02	4.27e-03	2.63e-04	4.04e-07	0.00e+00	4.70e-05	4.75e-13	5.63e-13
 6.03112e+22	5.87e-05	2.85e-02	5.02e-01	4.17e-01	4.89e-02	3.55e-03	2.07e-04	2.87e-07	0.00e+00	5.87e-05	6.23e-13	7.37e-13
 6.07407e+22	7.04e-05	3.19e-02	5.21e-01	3.99e-01	4.42e-02	3.04e-03	1.68e-04	2.15e-07	0.00e+00	7.04e-05	7.79e-13	9.20e-13
 6.10645e+22	8.00e-05	3.45e-02	5.35e-01	3.87e-01	4.11e-02	2.71e-03	1.45e-04	1.75e-07	0.00e+00	8.00e-05	9.09e-13	1.07e-12
 6.13685e+22	9.34e-05	3.79e-02	5.51e-01	3.71e-01	3.76e-02	2.36e-03	1.21e-04	1.36e-07	0.00e+00	9.34e-05	1.10e-12	1.30e-12
 6.16818e+22	1.06e-04	4.11e-02	5.64e-01	3.58e-01	3.48e-02	2.10e-03	1.04e-04	0.00e+00	0.00e+00	1.06e-04	1.29e-12	1.52e-12
 6.20075e+22	1.25e-04	4.54e-02	5.80e-01	3.41e-01	3.15e-02	1.80e-03	8.52e-05	0.00e+00	0.00e+00	1.25e-04	1.59e-12	1.87e-12
 6.23346e+22	1.42e-04	4.91e-02	5.93e-01	3.27e-01	2.90e-02	1.59e-03	7.26e-05	0.00e+00	0.00e+00	1.42e-04	1.86e-12	2.19e-12
 6.26635e+22	1.67e-04	5.42e-02	6.08e-01	3.10e-01	2.61e-02	1.35e-03	5.91e-05	0.00e+00	0.00e+00	1.67e-04	2.29e-12	2.69e-12
 6.29960e+22	1.90e-04	5.86e-02	6.20e-01	2.97e-01	2.39e-02	1.18e-03	5.00e-05	0.00e+00	0.00e+00	1.90e-04	2.69e-12	3.15e-12
 6.33331e+22	2.24e-04	6.46e-02	6.33e-01	2.79e-01	2.13e-02	1.00e-03	4.04e-05	0.00e+00	0.00e+00	2.24e-04	3.31e-12	3.87e-12
 6.36765e+22	2.55e-04	6.99e-02	6.44e-01	2.65e-01	1.94e-02	8.69e-04	3.38e-05	0.00e+00	0.00e+00	2.55e-04	3.91e-12	4.56e-12
 6.40281e+22	3.01e-04	7.72e-02	6.57e-01	2.48e-01	1.72e-02	7.25e-04	2.69e-05	0.00e+00	0.00e+00	3.01e-04	4.83e-12	5.64e-12
 6.43849e+22	3.43e-04	8.34e-02	6.66e-01	2.34e-01	1.55e-02	6.24e-04	2.23e-05	0.00e+00	0.00e+00	3.43e-04	5.72e-12	6.66e-12
 6.47486e+22	4.05e-04	9.21e-02	6.76e-01	2.17e-01	1.36e-02	5.15e-04	1.75e-05	0.00e+00	0.00e+00	4.05e-04	7.11e-12	8.26e-12
 6.51195e+22	4.62e-04	9.96e-02	6.84e-01	2.03e-01	1.22e-02	4.38e-04	1.43e-05	0.00e+00	0.00e+00	4.62e-04	8.46e-12	9.80e-12
 6.54998e+22	5.48e-04	1.10e-01	6.92e-01	1.86e-01	1.06e-02	3.56e-04	1.11e-05	0.00e+00	0.00e+00	5.48e-04	1.06e-11	1.22e-11
 6.58887e+22	6.27e-04	1.19e-01	6.98e-01	1.73e-01	9.35e-03	2.99e-04	8.92e-06	0.00e+00	0.00e+00	6.27e-04	1.27e-11	1.46e-11
 6.62887e+22	7.46e-04	1.32e-01	7.02e-01	1.57e-01	8.01e-03	2.39e-04	6.77e-06	0.00e+00	0.00e+00	7.46e-04	1.60e-11	1.83e-11
 6.66937e+22	8.52e-04	1.42e-01	7.05e-01	1.45e-01	7.04e-03	1.98e-04	5.40e-06	0.00e+00	0.00e+00	8.52e-04	1.91e-11	2.18e-11
 6.71055e+22	1.01e-03	1.56e-01	7.06e-01	1.30e-01	5.99e-03	1.57e-04	4.07e-06	0.00e+00	0.00e+00	1.01e-03	2.40e-11	2.73e-11
 6.75271e+22	1.16e-03	1.69e-01	7.06e-01	1.19e-01	5.19e-03	1.28e-04	3.18e-06	0.00e+00	0.00e+00	1.16e-03	2.89e-11	3.28e-11
 6.79616e+22	1.38e-03	1.86e-01	7.03e-01	1.05e-01	4.35e-03	9.92e-05	2.34e-06	0.00e+00	0.00e+00	1.38e-03	3.65e-11	4.12e-11
 6.84026e+22	1.58e-03	2.01e-01	6.99e-01	9.46e-02	3.74e-03	7.99e-05	1.81e-06	0.00e+00	0.00e+00	1.58e-03	4.40e-11	4.95e-11
 6.88520e+22	1.89e-03	2.22e-01	6.91e-01	8.24e-02	3.08e-03	6.04e-05	1.30e-06	0.00e+00	0.00e+00	1.89e-03	5.61e-11	6.28e-11
 6.93054e+22	2.15e-03	2.38e-01	6.84e-01	7.38e-02	2.64e-03	4.84e-05	9.98e-07	0.00e+00	0.00e+00	2.15e-03	6.71e-11	7.48e-11
 6.97642e+22	2.56e-03	2.62e-01	6.70e-01	6.33e-02	2.15e-03	3.59e-05	7.05e-07	0.00e+00	0.00e+00	2.56e-03	8.55e-11	9.51e-11
 7.02322e+22	2.92e-03	2.80e-01	6.59e-01	5.59e-02	1.82e-03	2.83e-05	5.34e-07	0.00e+00	0.00e+00	2.92e-03	1.03e-10	1.14e-10
 7.07122e+22	3.49e-03	3.08e-01	6.40e-01	4.70e-02	1.46e-03	2.05e-05	3.69e-07	0.00e+00	0.00e+00	3.49e-03	1.32e-10	1.45e-10
 7.12057e+22	3.99e-03	3.29e-01	6.25e-01	4.08e-02	1.22e-03	1.57e-05	2.74e-07	0.00e+00	0.00e+00	3.99e-03	1.59e-10	1.75e-10
 7.17166e+22	4.81e-03	3.62e-01	5.99e-01	3.34e-02	9.57e-04	1.10e-05	1.83e-07	0.00e+00	0.00e+00	4.81e-03	2.06e-10	2.26e-10
 7.22418e+22	5.52e-03	3.88e-01	5.78e-01	2.83e-02	7.87e-04	8.19e-06	1.33e-07	0.00e+00	0.00e+00	5.52e-03	2.50e-10	2.74e-10
 7.27853e+22	6.69e-03	4.26e-01	5.45e-01	2.24e-02	6.04e-04	5.47e-06	0.00e+00	0.00e+00	0.00e+00	6.69e-03	3.28e-10	3.58e-10
 7.33494e+22	7.75e-03	4.56e-01	5.17e-01	1.84e-02	4.84e-04	3.90e-06	0.00e+00	0.00e+00	0.00e+00	7.75e-03	4.05e-10	4.41e-10
 7.39400e+22	9.51e-03	5.01e-01	4.75e-01	1.38e-02	3.60e-04	2.44e-06	0.00e+00	0.00e+00	0.00e+00	9.51e-03	5.39e-10	5.87e-10
 7.45559e+22	1.12e-02	5.38e-01	4.40e-01	1.08e-02	2.80e-04	1.63e-06	0.00e+00	0.00e+00	0.00e+00	1.12e-02	6.79e-10	7.38e-10
 7.51187e+22	1.32e-02	5.76e-01	4.03e-01	8.25e-03	2.16e-04	1.07e-06	0.00e+00	0.00e+00	0.00e+00	1.32e-02	8.58e-10	9.31e-10
 7.56035e+22	1.48e-02	6.03e-01	3.75e-01	6.72e-03	1.78e-04	7.76e-07	0.00e+00	0.00e+00	0.00e+00	1.48e-02	1.01e-09	1.10e-09
 7.60731e+22	1.73e-02	6.40e-01	3.37e-01	5.08e-03	1.38e-04	5.04e-07	0.00e+00	0.00e+00	0.00e+00	1.73e-02	1.27e-09	1.37e-09
 7.65592e+22	1.99e-02	6.71e-01	3.05e-01	3.92e-03	1.10e-04	3.42e-07	0.00e+00	0.00e+00	0.00e+00	1.99e-02	1.53e-09	1.65e-09
 7.70668e+22	2.37e-02	7.09e-01	2.64e-01	2.76e-03	8.17e-05	2.03e-07	0.00e+00	0.00e+00	0.00e+00	2.37e-02	1.95e-09	2.11e-09
 7.75852e+22	2.75e-02	7.39e-01	2.31e-01	2.02e-03	6.32e-05	1.28e-07	0.00e+00	0.00e+00	0.00e+00	2.75e-02	2.39e-09	2.59e-09
 7.81175e+22	3.35e-02	7.75e-01	1.91e-01	1.31e-03	4.48e-05	0.00e+00	0.00e+00	0.00e+00	0.00e+00	3.35e-02	3.12e-09	3.36e-09
 7.86065e+22	3.86e-02	7.97e-01	1.64e-01	9.49e-04	3.49e-05	0.00e+00	0.00e+00	0.00e+00	0.00e+00	3.86e-02	3.74e-09	4.01e-09
 7.89678e+22	4.38e-02	8.14e-01	1.42e-01	7.06e-04	2.78e-05	0.00e+00	0.00e+00	0.00e+00	0.00e+00	4.38e-02	4.42e-09	4.72e-09
 7.93661e+22	5.17e-02	8.32e-01	1.16e-01	4.75e-04	2.05e-05	0.00e+00	0.00e+00	0.00e+00	0.00e+00	5.17e-02	5.49e-09	5.85e-09
 7.97916e+22	6.13e-02	8.45e-01	9.38e-02	3.16e-04	1.50e-05	0.00e+00	0.00e+00	0.00e+00	0.00e+00	6.13e-02	6.81e-09	7.24e-09
 8.01835e+22	7.29e-02	8.52e-01	7.44e-02	2.08e-04	1.08e-05	0.00e+00	0.00e+00	0.00e+00	0.00e+00	7.29e-02	8.45e-09	8.99e-09
 8.05564e+22	8.72e-02	8.55e-01	5.80e-02	1.35e-04	7.70e-06	0.00e+00	0.00e+00	0.00e+00	0.00e+00	8.72e-02	1.05e-08	1.12e-08
 8.09053e+22	1.05e-01	8.51e-01	4.45e-02	8.75e-05	5.41e-06	0.00e+00	0.00e+00	0.00e+00	0.00e+00	1.05e-01	1.31e-08	1.40e-08
 8.12261e+22	1.26e-01	8.41e-01	3.37e-02	5.72e-05	3.76e-06	0.00e+00	0.00e+00	0.00e+00	0.00e+00	1.26e-01	1.62e-08	1.73e-08
 8.15188e+22	1.51e-01	8.24e-01	2.52e-02	3.79e-05	2.58e-06	0.00e+00	0.00e+00	0.00e+00	0.00e+00	1.51e-01	1.99e-08	2.14e-08
 8.17853e+22	1.80e-01	8.01e-01	1.88e-02	2.56e-05	1.77e-06	0.00e+00	0.00e+00	0.00e+00	0.00e+00	1.80e-01	2.42e-08	2.60e-08
 8.20278e+22	2.14e-01	7.72e-01	1.39e-02	1.77e-05	1.20e-06	0.00e+00	0.00e+00	0.00e+00	0.00e+00	2.14e-01	2.89e-08	3.10e-08
 8.22488e+22	2.51e-01	7.38e-01	1.03e-02	1.25e-05	8.15e-07	0.00e+00	0.00e+00	0.00e+00	0.00e+00	2.51e-01	3.40e-08	3.64e-08
 8.23869e+22	2.77e-01	7.14e-01	8.63e-03	1.03e-05	6.48e-07	0.00e+00	0.00e+00	0.00e+00	0.00e+00	2.77e-01	3.70e-08	3.96e-08
 8.24370e+22	2.87e-01	7.05e-01	8.05e-03	9.55e-06	5.93e-07	0.00e+00	0.00e+00	0.00e+00	0.00e+00	2.87e-01	3.82e-08	4.08e-08
 8.24767e+22	2.96e-01	6.96e-01	7.56e-03	8.94e-06	5.46e-07	0.00e+00	0.00e+00	0.00e+00	0.00e+00	2.96e-01	3.93e-08	4.20e-08
 8.25280e+22	3.08e-01	6.85e-01	6.96e-03	8.21e-06	4.91e-07	0.00e+00	0.00e+00	0.00e+00	0.00e+00	3.08e-01	4.07e-08	4.35e-08
 8.25884e+22	3.23e-01	6.71e-01	6.32e-03	7.43e-06	4.32e-07	0.00e+00	0.00e+00	0.00e+00	0.00e+00	3.23e-01	4.24e-08	4.53e-08
 8.26490e+22	3.37e-01	6.57e-01	5.75e-03	6.76e-06	3.82e-07	0.00e+00	0.00e+00	0.00e+00	0.00e+00	3.37e-01	4.40e-08	4.70e-08
 8.27079e+22	3.52e-01	6.42e-01	5.21e-03	6.13e-06	3.36e-07	0.00e+00	0.00e+00	0.00e+00	0.00e+00	3.52e-01	4.57e-08	4.88e-08
 8.27663e+22	3.67e-01	6.28e-01	4.74e-03	5.60e-06	2.97e-07	0.00e+00	0.00e+00	0.00e+00	0.00e+00	3.67e-01	4.72e-08	5.04e-08
 8.28264e+22	3.83e-01	6.12e-01	4.28e-03	5.08e-06	2.60e-07	0.00e+00	0.00e+00	0.00e+00	0.00e+00	3.83e-01	4.88e-08	5.21e-08
 8.28888e+22	4.01e-01	5.95e-01	3.84e-03	4.58e-06	2.26e-07	0.00e+00	0.00e+00	0.00e+00	0.00e+00	4.01e-01	5.05e-08	5.39e-08
 8.29489e+22	4.18e-01	5.79e-01	3.46e-03	4.17e-06	1.98e-07	0.00e+00	0.00e+00	0.00e+00	0.00e+00	4.18e-01	5.20e-08	5.55e-08
 8.30088e+22	4.35e-01	5.61e-01	3.11e-03	3.78e-06	1.72e-07	0.00e+00	0.00e+00	0.00e+00	0.00e+00	4.35e-01	5.35e-08	5.70e-08
 8.30718e+22	4.54e-01	5.43e-01	2.78e-03	3.42e-06	1.49e-07	0.00e+00	0.00e+00	0.00e+00	0.00e+00	4.54e-01	5.50e-08	5.86e-08
 8.31369e+22	4.73e-01	5.24e-01	2.47e-03	3.09e-06	1.28e-07	0.00e+00	0.00e+00	0.00e+00	0.00e+00	4.73e-01	5.64e-08	6.00e-08
 8.32042e+22	4.94e-01	5.04e-01	2.18e-03	2.77e-06	0.00e+00	0.00e+00	0.00e+00	0.00e+00	0.00e+00	4.94e-01	5.77e-08	6.15e-08
 8.32724e+22	5.14e-01	4.84e-01	1.93e-03	2.50e-06	0.00e+00	0.00e+00	0.00e+00	0.00e+00	0.00e+00	5.14e-01	5.90e-08	6.27e-08
 8.33426e+22	5.35e-01	4.63e-01	1.69e-03	2.24e-06	0.00e+00	0.00e+00	0.00e+00	0.00e+00	0.00e+00	5.35e-01	6.01e-08	6.39e-08
 8.34159e+22	5.58e-01	4.41e-01	1.47e-03	1.99e-06	0.00e+00	0.00e+00	0.00e+00	0.00e+00	0.00e+00	5.58e-01	6.11e-08	6.49e-08
 8.34904e+22	5.80e-01	4.19e-01	1.28e-03	1.78e-06	0.00e+00	0.00e+00	0.00e+00	0.00e+00	0.00e+00	5.80e-01	6.19e-08	6.57e-08
 8.35635e+22	6.00e-01	3.98e-01	1.12e-03	1.60e-06	0.00e+00	0.00e+00	0.00e+00	0.00e+00	0.00e+00	6.00e-01	6.25e-08	6.63e-08
 8.36208e+22	6.15e-01	3.84e-01	1.01e-03	1.48e-06	0.00e+00	0.00e+00	0.00e+00	0.00e+00	0.00e+00	6.15e-01	6.27e-08	6.65e-08
 8.36604e+22	6.26e-01	3.73e-01	9.41e-04	1.40e-06	0.00e+00	0.00e+00	0.00e+00	0.00e+00	0.00e+00	6.26e-01	6.29e-08	6.67e-08
 8.36986e+22	6.36e-01	3.63e-01	8.76e-04	1.32e-06	0.00e+00	0.00e+00	0.00e+00	0.00e+00	0.00e+00	6.36e-01	6.30e-08	6.68e-08
 8.37427e+22	6.48e-01	3.51e-01	8.07e-04	1.24e-06	0.00e+00	0.00e+00	0.00e+00	0.00e+00	0.00e+00	6.48e-01	6.31e-08	6.69e-08
 8.37905e+22	6.60e-01	3.39e-01	7.39e-04	1.16e-06	0.00e+00	0.00e+00	0.00e+00	0.00e+00	0.00e+00	6.60e-01	6.32e-08	6.69e-08
 8.38378e+22	6.71e-01	3.28e-01	6.79e-04	1.09e-06	0.00e+00	0.00e+00	0.00e+00	0.00e+00	0.00e+00	6.71e-01	6.32e-08	6.69e-08
 8.38844e+22	6.82e-01	3.17e-01	6.24e-04	1.03e-06	0.00e+00	0.00e+00	0.00e+00	0.00e+00	0.00e+00	6.82e-01	6.31e-08	6.68e-08
 8.39316e+22	6.93e-01	3.06e-01	5.74e-04	9.65e-07	0.00e+00	0.00e+00	0.00e+00	0.00e+00	0.00e+00	6.93e-01	6.31e-08	6.67e-08
 8.39803e+22	7.04e-01	2.96e-01	5.26e-04	9.05e-07	0.00e+00	0.00e+00	0.00e+00	0.00e+00	0.00e+00	7.04e-01	6.29e-08	6.65e-08
 8.40299e+22	7.14e-01	2.85e-01	4.82e-04	8.50e-07	0.00e+00	0.00e+00	0.00e+00	0.00e+00	0.00e+00	7.14e-01	6.27e-08	6.63e-08
 8.40796e+22	7.24e-01	2.75e-01	4.42e-04	7.99e-07	0.00e+00	0.00e+00	0.00e+00	0.00e+00	0.00e+00	7.24e-01	6.25e-08	6.61e-08
 8.41303e+22	7.34e-01	2.65e-01	4.05e-04	7.52e-07	0.00e+00	0.00e+00	0.00e+00	0.00e+00	0.00e+00	7.34e-01	6.23e-08	6.58e-08
 8.41827e+22	7.44e-01	2.56e-01	3.71e-04	7.06e-07	0.00e+00	0.00e+00	0.00e+00	0.00e+00	0.00e+00	7.44e-01	6.20e-08	6.55e-08
 8.42364e+22	7.54e-01	2.46e-01	3.39e-04	6.63e-07	0.00e+00	0.00e+00	0.00e+00	0.00e+00	0.00e+00	7.54e-01	6.17e-08	6.51e-08
 8.42905e+22	7.63e-01	2.37e-01	3.10e-04	6.25e-07	0.00e+00	0.00e+00	0.00e+00	0.00e+00	0.00e+00	7.63e-01	6.14e-08	6.47e-08
 8.43463e+22	7.72e-01	2.28e-01	2.83e-04	5.87e-07	0.00e+00	0.00e+00	0.00e+00	0.00e+00	0.00e+00	7.72e-01	6.11e-08	6.43e-08
 8.44046e+22	7.81e-01	2.19e-01	2.58e-04	5.51e-07	0.00e+00	0.00e+00	0.00e+00	0.00e+00	0.00e+00	7.81e-01	6.07e-08	6.39e-08
 8.44634e+22	7.89e-01	2.10e-01	2.35e-04	5.17e-07	0.00e+00	0.00e+00	0.00e+00	0.00e+00	0.00e+00	7.89e-01	6.02e-08	6.34e-08
 8.45222e+22	7.97e-01	2.03e-01	2.14e-04	4.87e-07	0.00e+00	0.00e+00	0.00e+00	0.00e+00	0.00e+00	7.97e-01	5.99e-08	6.30e-08
 8.45830e+22	8.05e-01	1.95e-01	1.95e-04	4.58e-07	0.00e+00	0.00e+00	0.00e+00	0.00e+00	0.00e+00	8.05e-01	5.95e-08	6.25e-08
 8.46474e+22	8.13e-01	1.87e-01	1.77e-04	4.30e-07	0.00e+00	0.00e+00	0.00e+00	0.00e+00	0.00e+00	8.13e-01	5.90e-08	6.20e-08
 8.47127e+22	8.20e-01	1.79e-01	1.61e-04	4.05e-07	0.00e+00	0.00e+00	0.00e+00	0.00e+00	0.00e+00	8.20e-01	5.86e-08	6.15e-08
 8.47799e+22	8.28e-01	1.72e-01	1.46e-04	3.80e-07	0.00e+00	0.00e+00	0.00e+00	0.00e+00	0.00e+00	8.28e-01	5.81e-08	6.08e-08
 8.48502e+22	8.35e-01	1.65e-01	1.33e-04	3.57e-07	0.00e+00	0.00e+00	0.00e+00	0.00e+00	0.00e+00	8.35e-01	5.76e-08	6.01e-08
 8.49214e+22	8.42e-01	1.58e-01	1.20e-04	3.35e-07	0.00e+00	0.00e+00	0.00e+00	0.00e+00	0.00e+00	8.42e-01	5.72e-08	5.95e-08
 8.49940e+22	8.48e-01	1.52e-01	1.09e-04	3.15e-07	0.00e+00	0.00e+00	0.00e+00	0.00e+00	0.00e+00	8.48e-01	5.67e-08	5.88e-08
 8.50689e+22	8.55e-01	1.45e-01	9.93e-05	2.96e-07	0.00e+00	0.00e+00	0.00e+00	0.00e+00	0.00e+00	8.55e-01	5.62e-08	5.81e-08
 8.51463e+22	8.61e-01	1.39e-01	9.01e-05	2.78e-07	0.00e+00	0.00e+00	0.00e+00	0.00e+00	0.00e+00	8.61e-01	5.58e-08	5.74e-08
 8.52257e+22	8.67e-01	1.33e-01	8.18e-05	2.61e-07	0.00e+00	0.00e+00	0.00e+00	0.00e+00	0.00e+00	8.67e-01	5.53e-08	5.67e-08
 8.53060e+22	8.72e-01	1.28e-01	7.44e-05	2.45e-07	0.00e+00	0.00e+00	0.00e+00	0.00e+00	0.00e+00	8.72e-01	5.48e-08	5.61e-08
 8.53872e+22	8.78e-01	1.22e-01	6.79e-05	2.31e-07	0.00e+00	0.00e+00	0.00e+00	0.00e+00	0.00e+00	8.78e-01	5.44e-08	5.54e-08
 8.54702e+22	8.83e-01	1.17e-01	6.21e-05	2.17e-07	0.00e+00	0.00e+00	0.00e+00	0.00e+00	0.00e+00	8.83e-01	5.40e-08	5.48e-08
 8.55552e+22	8.88e-01	1.12e-01	5.69e-05	2.04e-07	0.00e+00	0.00e+00	0.00e+00	0.00e+00	0.00e+00	8.88e-01	5.36e-08	5.42e-08
 8.56404e+22	8.92e-01	1.08e-01	5.23e-05	1.93e-07	0.00e+00	0.00e+00	0.00e+00	0.00e+00	0.00e+00	8.92e-01	5.33e-08	5.36e-08
 8.57262e+22	8.96e-01	1.04e-01	4.82e-05	1.82e-07	0.00e+00	0.00e+00	0.00e+00	0.00e+00	0.00e+00	8.96e-01	5.29e-08	5.31e-08
 8.58145e+22	9.00e-01	9.96e-02	4.46e-05	1.72e-07	0.00e+00	0.00e+00	0.00e+00	0.00e+00	0.00e+00	9.00e-01	5.26e-08	5.26e-08
 8.59044e+22	9.04e-01	9.58e-02	4.13e-05	1.63e-07	0.00e+00	0.00e+00	0.00e+00	0.00e+00	0.00e+00	9.04e-01	5.24e-08	5.21e-08
 8.59953e+22	9.08e-01	9.20e-02	3.84e-05	1.54e-07	0.00e+00	0.00e+00	0.00e+00	0.00e+00	0.00e+00	9.08e-01	5.21e-08	5.16e-08
 8.60888e+22	9.12e-01	8.84e-02	3.58e-05	1.45e-07	0.00e+00	0.00e+00	0.00e+00	0.00e+00	0.00e+00	9.12e-01	5.19e-08	5.12e-08
 8.61843e+22	9.15e-01	8.50e-02	3.35e-05	1.37e-07	0.00e+00	0.00e+00	0.00e+00	0.00e+00	0.00e+00	9.15e-01	5.17e-08	5.07e-08
 8.62812e+22	9.18e-01	8.17e-02	3.14e-05	1.30e-07	0.00e+00	0.00e+00	0.00e+00	0.00e+00	0.00e+00	9.18e-01	5.15e-08	5.03e-08
 8.63797e+22	9.22e-01	7.85e-02	2.95e-05	1.23e-07	0.00e+00	0.00e+00	0.00e+00	0.00e+00	0.00e+00	9.22e-01	5.13e-08	4.99e-08
 8.64812e+22	9.25e-01	7.54e-02	2.79e-05	0.00e+00	0.00e+00	0.00e+00	0.00e+00	0.00e+00	0.00e+00	9.25e-01	5.11e-08	4.95e-08
 8.65845e+22	9.28e-01	7.25e-02	2.64e-05	0.00e+00	0.00e+00	0.00e+00	0.00e+00	0.00e+00	0.00e+00	9.28e-01	5.10e-08	4.92e-08
 8.66846e+22	9.30e-01	6.98e-02	2.51e-05	0.00e+00	0.00e+00	0.00e+00	0.00e+00	0.00e+00	0.00e+00	9.30e-01	5.09e-08	4.88e-08
 8.67779e+22	9.32e-01	6.75e-02	2.41e-05	0.00e+00	0.00e+00	0.00e+00	0.00e+00	0.00e+00	0.00e+00	9.32e-01	5.07e-08	4.85e-08
 8.68641e+22	9.34e-01	6.55e-02	2.33e-05	0.00e+00	0.00e+00	0.00e+00	0.00e+00	0.00e+00	0.00e+00	9.34e-01	5.06e-08	4.82e-08
 8.69450e+22	9.36e-01	6.36e-02	2.26e-05	0.00e+00	0.00e+00	0.00e+00	0.00e+00	0.00e+00	0.00e+00	9.36e-01	5.04e-08	4.79e-08
 8.70200e+22	9.38e-01	6.20e-02	2.20e-05	0.00e+00	0.00e+00	0.00e+00	0.00e+00	0.00e+00	0.00e+00	9.38e-01	5.03e-08	4.76e-08
 8.70926e+22	9.40e-01	6.04e-02	2.15e-05	0.00e+00	0.00e+00	0.00e+00	0.00e+00	0.00e+00	0.00e+00	9.40e-01	5.02e-08	4.74e-08
 8.71655e+22	9.41e-01	5.89e-02	2.10e-05	0.00e+00	0.00e+00	0.00e+00	0.00e+00	0.00e+00	0.00e+00	9.41e-01	5.01e-08	4.72e-08
 8.72362e+22	9.43e-01	5.74e-02	2.05e-05	0.00e+00	0.00e+00	0.00e+00	0.00e+00	0.00e+00	0.00e+00	9.43e-01	5.00e-08	4.70e-08
 8.73026e+22	9.44e-01	5.60e-02	2.01e-05	0.00e+00	0.00e+00	0.00e+00	0.00e+00	0.00e+00	0.00e+00	9.44e-01	5.00e-08	4.68e-08
 8.73657e+22	9.45e-01	5.48e-02	1.98e-05	0.00e+00	0.00e+00	0.00e+00	0.00e+00	0.00e+00	0.00e+00	9.45e-01	4.99e-08	4.66e-08
 8.74290e+22	9.47e-01	5.35e-02	1.94e-05	0.00e+00	0.00e+00	0.00e+00	0.00e+00	0.00e+00	0.00e+00	9.47e-01	4.98e-08	4.64e-08
 8.74895e+22	9.48e-01	5.23e-02	1.91e-05	0.00e+00	0.00e+00	0.00e+00	0.00e+00	0.00e+00	0.00e+00	9.48e-01	4.97e-08	4.62e-08
 8.75466e+22	9.49e-01	5.12e-02	1.88e-05	0.00e+00	0.00e+00	0.00e+00	0.00e+00	0.00e+00	0.00e+00	9.49e-01	4.97e-08	4.61e-08
 8.76033e+22	9.50e-01	5.01e-02	1.86e-05	0.00e+00	0.00e+00	0.00e+00	0.00e+00	0.00e+00	0.00e+00	9.50e-01	4.96e-08	4.59e-08
 8.76577e+22	9.51e-01	4.90e-02	1.84e-05	0.00e+00	0.00e+00	0.00e+00	0.00e+00	0.00e+00	0.00e+00	9.51e-01	4.95e-08	4.57e-08
 8.77089e+22	9.52e-01	4.80e-02	1.81e-05	0.00e+00	0.00e+00	0.00e+00	0.00e+00	0.00e+00	0.00e+00	9.52e-01	4.95e-08	4.56e-08
