#depth	Si	Si+	Si+2	Si+3	Si+4	Si+5	Si+6	Si+7	Si+8	Si+9	Si+10	Si+11	Si+12	Si+13	Si+14
 4.62852e+21	0.00e+00	3.37e-25	4.93e-21	1.22e-17	7.96e-14	5.17e-11	9.96e-09	6.22e-07	1.72e-05	2.18e-04	1.57e-03	1.16e-02	2.07e-01	4.65e-01	3.15e-01
 1.03958e+22	0.00e+00	7.44e-23	6.31e-19	1.00e-15	4.98e-12	2.23e-09	2.90e-07	1.20e-05	2.22e-04	1.77e-03	7.30e-03	3.12e-02	3.33e-01	4.46e-01	1.81e-01
 1.20482e+22	0.00e+00	1.29e-21	7.65e-18	8.19e-15	3.87e-11	1.51e-08	1.66e-06	5.56e-05	8.43e-04	5.22e-03	1.59e-02	4.97e-02	4.01e-01	4.04e-01	1.24e-01
 1.28187e+22	0.00e+00	5.58e-21	2.70e-17	2.29e-14	1.10e-10	4.10e-08	4.17e-06	1.25e-04	1.70e-03	9.17e-03	2.37e-02	6.24e-02	4.33e-01	3.72e-01	9.77e-02
 1.31398e+22	0.00e+00	8.01e-21	3.67e-17	2.94e-14	1.43e-10	5.26e-08	5.24e-06	1.53e-04	2.02e-03	1.05e-02	2.61e-02	6.59e-02	4.40e-01	3.63e-01	9.17e-02
 1.32494e+22	0.00e+00	1.04e-20	4.57e-17	3.50e-14	1.72e-10	6.28e-08	6.18e-06	1.77e-04	2.29e-03	1.16e-02	2.80e-02	6.85e-02	4.45e-01	3.57e-01	8.75e-02
 1.33521e+22	1.92e-34	1.42e-20	5.96e-17	4.33e-14	2.15e-10	7.79e-08	7.56e-06	2.11e-04	2.66e-03	1.31e-02	3.05e-02	7.17e-02	4.51e-01	3.49e-01	8.26e-02
 1.34535e+22	2.60e-34	1.82e-20	7.33e-17	5.10e-14	2.56e-10	9.24e-08	8.86e-06	2.43e-04	3.00e-03	1.44e-02	3.26e-02	7.43e-02	4.55e-01	3.42e-01	7.88e-02
 1.35543e+22	3.83e-34	2.48e-20	9.51e-17	6.27e-14	3.19e-10	1.14e-07	1.08e-05	2.90e-04	3.48e-03	1.62e-02	3.54e-02	7.77e-02	4.60e-01	3.33e-01	7.41e-02
 1.36555e+22	5.13e-34	3.14e-20	1.16e-16	7.32e-14	3.77e-10	1.35e-07	1.26e-05	3.31e-04	3.90e-03	1.78e-02	3.76e-02	8.03e-02	4.63e-01	3.27e-01	7.06e-02
 1.37575e+22	7.51e-34	4.26e-20	1.50e-16	8.95e-14	4.68e-10	1.67e-07	1.54e-05	3.94e-04	4.52e-03	2.00e-02	4.08e-02	8.39e-02	4.67e-01	3.17e-01	6.62e-02
 1.38609e+22	1.00e-33	5.37e-20	1.82e-16	1.04e-13	5.52e-10	1.96e-07	1.78e-05	4.50e-04	5.05e-03	2.18e-02	4.34e-02	8.65e-02	4.69e-01	3.10e-01	6.30e-02
 1.39660e+22	1.45e-33	7.25e-20	2.33e-16	1.27e-13	6.84e-10	2.41e-07	2.17e-05	5.34e-04	5.84e-03	2.44e-02	4.69e-02	9.01e-02	4.72e-01	3.01e-01	5.89e-02
 1.40736e+22	1.94e-33	9.15e-20	2.83e-16	1.47e-13	8.07e-10	2.84e-07	2.53e-05	6.10e-04	6.52e-03	2.66e-02	4.98e-02	9.29e-02	4.74e-01	2.94e-01	5.59e-02
 1.41842e+22	2.82e-33	1.24e-19	3.64e-16	1.79e-13	1.00e-09	3.51e-07	3.08e-05	7.25e-04	7.53e-03	2.98e-02	5.38e-02	9.65e-02	4.76e-01	2.84e-01	5.20e-02
 1.42976e+22	3.77e-33	1.56e-19	4.42e-16	2.08e-13	1.18e-09	4.13e-07	3.58e-05	8.28e-04	8.42e-03	3.25e-02	5.70e-02	9.94e-02	4.77e-01	2.76e-01	4.92e-02
 1.44145e+22	5.47e-33	2.11e-19	5.67e-16	2.52e-13	1.46e-09	5.09e-07	4.36e-05	9.83e-04	9.70e-03	3.63e-02	6.15e-02	1.03e-01	4.77e-01	2.66e-01	4.56e-02
 1.45335e+22	7.31e-33	2.67e-19	6.89e-16	2.94e-13	1.73e-09	5.99e-07	5.08e-05	1.12e-03	1.08e-02	3.95e-02	6.51e-02	1.06e-01	4.77e-01	2.58e-01	4.29e-02
 1.46552e+22	1.06e-32	3.59e-19	8.82e-16	3.55e-13	2.13e-09	7.37e-07	6.16e-05	1.33e-03	1.24e-02	4.39e-02	6.99e-02	1.09e-01	4.76e-01	2.47e-01	3.96e-02
 1.47777e+22	1.39e-32	4.50e-19	1.06e-15	4.10e-13	2.50e-09	8.62e-07	7.12e-05	1.51e-03	1.38e-02	4.76e-02	7.37e-02	1.12e-01	4.75e-01	2.39e-01	3.72e-02
 1.49012e+22	1.99e-32	6.00e-19	1.35e-15	4.92e-13	3.06e-09	1.05e-06	8.58e-05	1.77e-03	1.58e-02	5.26e-02	7.87e-02	1.15e-01	4.72e-01	2.29e-01	3.43e-02
 1.50274e+22	2.61e-32	7.50e-19	1.62e-15	5.69e-13	3.58e-09	1.23e-06	9.89e-05	2.01e-03	1.74e-02	5.68e-02	8.27e-02	1.18e-01	4.70e-01	2.21e-01	3.22e-02
 1.51375e+22	3.38e-32	9.25e-19	1.93e-15	6.51e-13	4.15e-09	1.42e-06	1.13e-04	2.26e-03	1.92e-02	6.10e-02	8.66e-02	1.20e-01	4.67e-01	2.14e-01	3.02e-02
 1.52610e+22	4.71e-32	1.21e-18	2.42e-15	7.72e-13	5.00e-09	1.70e-06	1.34e-04	2.62e-03	2.16e-02	6.68e-02	9.18e-02	1.23e-01	4.62e-01	2.04e-01	2.78e-02
 1.53844e+22	6.01e-32	1.48e-18	2.85e-15	8.78e-13	5.75e-09	1.95e-06	1.52e-04	2.92e-03	2.36e-02	7.13e-02	9.56e-02	1.25e-01	4.58e-01	1.97e-01	2.61e-02
 1.55077e+22	8.25e-32	1.91e-18	3.53e-15	1.04e-12	6.86e-09	2.32e-06	1.79e-04	3.36e-03	2.64e-02	7.76e-02	1.01e-01	1.28e-01	4.53e-01	1.87e-01	2.40e-02
 1.56337e+22	1.06e-31	2.34e-18	4.18e-15	1.18e-12	7.89e-09	2.65e-06	2.03e-04	3.75e-03	2.88e-02	8.27e-02	1.05e-01	1.29e-01	4.48e-01	1.80e-01	2.24e-02
 1.57452e+22	1.34e-31	2.85e-18	4.93e-15	1.34e-12	9.02e-09	3.02e-06	2.29e-04	4.16e-03	3.13e-02	8.79e-02	1.09e-01	1.31e-01	4.43e-01	1.73e-01	2.10e-02
 1.58720e+22	1.83e-31	3.68e-18	6.07e-15	1.57e-12	1.07e-08	3.58e-06	2.68e-04	4.77e-03	3.48e-02	9.50e-02	1.14e-01	1.33e-01	4.35e-01	1.64e-01	1.92e-02
 1.59981e+22	2.29e-31	4.42e-18	7.09e-15	1.77e-12	1.21e-08	4.03e-06	2.99e-04	5.24e-03	3.75e-02	1.00e-01	1.18e-01	1.34e-01	4.29e-01	1.58e-01	1.80e-02
 1.61232e+22	3.07e-31	5.63e-18	8.66e-15	2.07e-12	1.42e-08	4.72e-06	3.46e-04	5.95e-03	4.14e-02	1.08e-01	1.23e-01	1.36e-01	4.21e-01	1.49e-01	1.65e-02
 1.62508e+22	3.85e-31	6.78e-18	1.01e-14	2.34e-12	1.61e-08	5.32e-06	3.86e-04	6.54e-03	4.45e-02	1.13e-01	1.26e-01	1.36e-01	4.14e-01	1.43e-01	1.54e-02
 1.63816e+22	5.18e-31	8.66e-18	1.24e-14	2.73e-12	1.89e-08	6.22e-06	4.46e-04	7.41e-03	4.90e-02	1.21e-01	1.31e-01	1.37e-01	4.04e-01	1.35e-01	1.40e-02
 1.65148e+22	3.21e-31	1.05e-17	1.46e-14	3.10e-12	2.14e-08	7.01e-06	4.98e-04	8.14e-03	5.27e-02	1.28e-01	1.35e-01	1.38e-01	3.96e-01	1.29e-01	1.30e-02
 1.66513e+22	4.33e-31	1.34e-17	1.79e-14	3.63e-12	2.52e-08	8.18e-06	5.74e-04	9.20e-03	5.78e-02	1.36e-01	1.39e-01	1.38e-01	3.86e-01	1.21e-01	1.18e-02
 1.67903e+22	5.46e-31	1.63e-17	2.11e-14	4.13e-12	2.85e-08	9.22e-06	6.40e-04	1.01e-02	6.20e-02	1.43e-01	1.43e-01	1.39e-01	3.77e-01	1.15e-01	1.09e-02
 1.69326e+22	7.39e-31	2.09e-17	2.60e-14	4.85e-12	3.34e-08	1.07e-05	7.37e-04	1.14e-02	6.79e-02	1.52e-01	1.47e-01	1.39e-01	3.65e-01	1.07e-01	9.79e-03
 1.70717e+22	9.11e-31	2.49e-17	3.02e-14	5.47e-12	3.74e-08	1.20e-05	8.11e-04	1.23e-02	7.21e-02	1.58e-01	1.50e-01	1.38e-01	3.57e-01	1.02e-01	9.12e-03
 1.72066e+22	1.21e-30	3.14e-17	3.66e-14	6.36e-12	4.32e-08	1.37e-05	9.23e-04	1.38e-02	7.83e-02	1.67e-01	1.54e-01	1.38e-01	3.45e-01	9.54e-02	8.21e-03
 1.73436e+22	1.49e-30	3.75e-17	4.27e-14	7.18e-12	4.84e-08	1.53e-05	1.01e-03	1.49e-02	8.29e-02	1.74e-01	1.56e-01	1.37e-01	3.36e-01	9.07e-02	7.62e-03
 1.74833e+22	1.97e-30	4.73e-17	5.19e-14	8.37e-12	5.59e-08	1.75e-05	1.15e-03	1.66e-02	8.96e-02	1.82e-01	1.59e-01	1.36e-01	3.24e-01	8.44e-02	6.85e-03
 1.76274e+22	2.47e-30	5.72e-17	6.09e-14	9.51e-12	6.29e-08	1.96e-05	1.27e-03	1.80e-02	9.52e-02	1.89e-01	1.62e-01	1.35e-01	3.14e-01	7.95e-02	6.28e-03
 1.77771e+22	3.29e-30	7.26e-17	7.46e-14	1.12e-11	7.28e-08	2.25e-05	1.44e-03	2.00e-02	1.02e-01	1.98e-01	1.64e-01	1.33e-01	3.01e-01	7.37e-02	5.62e-03
 1.79317e+22	4.18e-30	8.88e-17	8.86e-14	1.28e-11	8.23e-08	2.52e-05	1.59e-03	2.18e-02	1.09e-01	2.06e-01	1.66e-01	1.32e-01	2.90e-01	6.90e-02	5.11e-03
 1.80926e+22	5.62e-30	1.14e-16	1.10e-13	1.52e-11	9.59e-08	2.90e-05	1.81e-03	2.42e-02	1.17e-01	2.15e-01	1.68e-01	1.29e-01	2.77e-01	6.34e-02	4.53e-03
 1.82580e+22	7.21e-30	1.40e-16	1.31e-13	1.75e-11	1.09e-07	3.26e-05	2.00e-03	2.63e-02	1.24e-01	2.22e-01	1.69e-01	1.27e-01	2.65e-01	5.89e-02	4.08e-03
 1.84290e+22	9.81e-30	1.81e-16	1.64e-13	2.09e-11	1.27e-07	3.77e-05	2.27e-03	2.92e-02	1.33e-01	2.31e-01	1.70e-01	1.24e-01	2.52e-01	5.38e-02	3.59e-03
 1.86056e+22	1.27e-29	2.26e-16	1.97e-13	2.43e-11	1.45e-07	4.25e-05	2.53e-03	3.18e-02	1.42e-01	2.39e-01	1.71e-01	1.22e-01	2.40e-01	4.96e-02	3.21e-03
 1.87895e+22	1.76e-29	2.96e-16	2.49e-13	2.93e-11	1.70e-07	4.92e-05	2.88e-03	3.53e-02	1.52e-01	2.48e-01	1.71e-01	1.18e-01	2.25e-01	4.48e-02	2.78e-03
 1.89785e+22	2.30e-29	3.71e-16	3.03e-13	3.42e-11	1.95e-07	5.56e-05	3.20e-03	3.85e-02	1.61e-01	2.55e-01	1.71e-01	1.15e-01	2.13e-01	4.10e-02	2.46e-03
 1.91486e+22	2.98e-29	4.60e-16	3.66e-13	3.99e-11	2.22e-07	6.25e-05	3.54e-03	4.17e-02	1.69e-01	2.61e-01	1.71e-01	1.12e-01	2.02e-01	3.76e-02	2.19e-03
 1.93440e+22	4.19e-29	6.13e-16	4.67e-13	4.84e-11	2.61e-07	7.26e-05	4.03e-03	4.63e-02	1.81e-01	2.69e-01	1.69e-01	1.08e-01	1.88e-01	3.34e-02	1.86e-03
 1.95405e+22	5.42e-29	7.60e-16	5.63e-13	5.64e-11	2.97e-07	8.13e-05	4.44e-03	4.99e-02	1.90e-01	2.75e-01	1.68e-01	1.04e-01	1.77e-01	3.05e-02	1.65e-03
 1.97386e+22	7.58e-29	1.01e-15	7.17e-13	6.84e-11	3.48e-07	9.39e-05	5.03e-03	5.50e-02	2.01e-01	2.81e-01	1.66e-01	9.95e-02	1.63e-01	2.70e-02	1.39e-03
 1.99409e+22	9.92e-29	1.26e-15	8.71e-13	7.99e-11	3.96e-07	1.05e-04	5.55e-03	5.95e-02	2.11e-01	2.86e-01	1.64e-01	9.57e-02	1.53e-01	2.44e-02	1.22e-03
 2.01487e+22	1.39e-28	1.68e-15	1.11e-12	9.72e-11	4.64e-07	1.22e-04	6.27e-03	6.54e-02	2.23e-01	2.92e-01	1.60e-01	9.08e-02	1.40e-01	2.13e-02	1.02e-03
 2.03607e+22	1.84e-28	2.13e-15	1.36e-12	1.14e-10	5.29e-07	1.36e-04	6.93e-03	7.07e-02	2.33e-01	2.95e-01	1.57e-01	8.68e-02	1.30e-01	1.91e-02	8.76e-04
 2.05495e+22	2.42e-28	2.68e-15	1.66e-12	1.33e-10	5.98e-07	1.52e-04	7.62e-03	7.60e-02	2.43e-01	2.99e-01	1.54e-01	8.28e-02	1.20e-01	1.70e-02	7.54e-04
 2.07663e+22	3.44e-28	3.62e-15	2.14e-12	1.62e-10	7.00e-07	1.76e-04	8.60e-03	8.35e-02	2.56e-01	3.02e-01	1.49e-01	7.76e-02	1.08e-01	1.46e-02	6.17e-04
 2.09701e+22	4.31e-28	4.39e-15	2.52e-12	1.85e-10	7.77e-07	1.93e-04	9.29e-03	8.85e-02	2.64e-01	3.03e-01	1.46e-01	7.43e-02	1.01e-01	1.32e-02	5.42e-04
 2.11570e+22	5.84e-28	5.70e-15	3.13e-12	2.19e-10	8.82e-07	2.16e-04	1.03e-02	9.58e-02	2.74e-01	3.04e-01	1.41e-01	6.99e-02	9.19e-02	1.15e-02	4.50e-04
 2.13462e+22	7.35e-28	6.95e-15	3.71e-12	2.50e-10	9.79e-07	2.37e-04	1.11e-02	1.01e-01	2.82e-01	3.05e-01	1.38e-01	6.66e-02	8.53e-02	1.03e-02	3.92e-04
 2.15386e+22	9.93e-28	9.03e-15	4.61e-12	2.95e-10	1.11e-06	2.65e-04	1.22e-02	1.09e-01	2.93e-01	3.05e-01	1.32e-01	6.23e-02	7.70e-02	8.92e-03	3.24e-04
 2.17350e+22	1.27e-27	1.12e-14	5.51e-12	3.38e-10	1.23e-06	2.91e-04	1.32e-02	1.16e-01	3.01e-01	3.04e-01	1.28e-01	5.89e-02	7.08e-02	7.90e-03	2.77e-04
 2.19366e+22	1.73e-27	1.48e-14	6.92e-12	4.02e-10	1.40e-06	3.26e-04	1.46e-02	1.25e-01	3.11e-01	3.02e-01	1.22e-01	5.46e-02	6.31e-02	6.71e-03	2.24e-04
 2.21395e+22	2.20e-27	1.83e-14	8.26e-12	4.61e-10	1.55e-06	3.57e-04	1.58e-02	1.33e-01	3.18e-01	3.00e-01	1.18e-01	5.14e-02	5.77e-02	5.92e-03	1.91e-04
 2.23440e+22	3.00e-27	2.42e-14	1.04e-11	5.49e-10	1.75e-06	3.99e-04	1.74e-02	1.43e-01	3.28e-01	2.96e-01	1.12e-01	4.74e-02	5.11e-02	4.99e-03	1.53e-04
 2.25525e+22	3.84e-27	3.04e-14	1.25e-11	6.32e-10	1.94e-06	4.37e-04	1.87e-02	1.51e-01	3.35e-01	2.93e-01	1.07e-01	4.43e-02	4.63e-02	4.34e-03	1.28e-04
 2.27663e+22	5.28e-27	4.10e-14	1.59e-11	7.57e-10	2.21e-06	4.89e-04	2.06e-02	1.63e-01	3.44e-01	2.88e-01	1.00e-01	4.05e-02	4.04e-02	3.60e-03	1.01e-04
 2.29843e+22	6.81e-27	5.21e-14	1.93e-11	8.77e-10	2.45e-06	5.36e-04	2.23e-02	1.72e-01	3.50e-01	2.83e-01	9.52e-02	3.76e-02	3.62e-02	3.09e-03	8.28e-05
 2.32077e+22	9.44e-27	7.14e-14	2.49e-11	1.06e-09	2.79e-06	6.02e-04	2.46e-02	1.86e-01	3.58e-01	2.75e-01	8.85e-02	3.39e-02	3.12e-02	2.52e-03	6.38e-05
 2.34332e+22	1.22e-26	9.15e-14	3.04e-11	1.24e-09	3.10e-06	6.60e-04	2.66e-02	1.97e-01	3.63e-01	2.69e-01	8.33e-02	3.13e-02	2.78e-02	2.14e-03	5.18e-05
 2.36240e+22	1.54e-26	1.15e-13	3.66e-11	1.42e-09	3.42e-06	7.18e-04	2.85e-02	2.07e-01	3.67e-01	2.62e-01	7.86e-02	2.90e-02	2.48e-02	1.83e-03	4.26e-05
 2.38309e+22	2.06e-26	1.55e-13	4.64e-11	1.70e-09	3.87e-06	7.98e-04	3.11e-02	2.21e-01	3.72e-01	2.54e-01	7.27e-02	2.62e-02	2.14e-02	1.50e-03	3.32e-05
 2.40383e+22	2.60e-26	1.97e-13	5.61e-11	1.97e-09	4.28e-06	8.69e-04	3.33e-02	2.32e-01	3.75e-01	2.46e-01	6.82e-02	2.41e-02	1.90e-02	1.28e-03	2.71e-05
 2.42414e+22	3.41e-26	2.63e-13	7.07e-11	2.36e-09	4.84e-06	9.63e-04	3.62e-02	2.46e-01	3.77e-01	2.37e-01	6.28e-02	2.18e-02	1.64e-02	1.05e-03	2.11e-05
 2.44485e+22	4.33e-26	3.39e-13	8.66e-11	2.76e-09	5.40e-06	1.05e-03	3.89e-02	2.59e-01	3.79e-01	2.29e-01	5.84e-02	1.99e-02	1.45e-02	8.81e-04	1.70e-05
 2.46515e+22	5.57e-26	4.51e-13	1.09e-10	3.30e-09	6.11e-06	1.17e-03	4.21e-02	2.74e-01	3.80e-01	2.19e-01	5.36e-02	1.80e-02	1.25e-02	7.22e-04	1.32e-05
 2.48587e+22	7.05e-26	5.90e-13	1.35e-10	3.91e-09	6.89e-06	1.28e-03	4.53e-02	2.88e-01	3.79e-01	2.09e-01	4.93e-02	1.63e-02	1.08e-02	5.98e-04	1.05e-05
 2.50643e+22	9.06e-26	7.85e-13	1.70e-10	4.70e-09	7.84e-06	1.42e-03	4.89e-02	3.03e-01	3.78e-01	1.99e-01	4.50e-02	1.46e-02	9.31e-03	4.89e-04	8.13e-06
 2.52708e+22	1.15e-25	1.03e-12	2.12e-10	5.62e-09	8.90e-06	1.57e-03	5.26e-02	3.18e-01	3.76e-01	1.89e-01	4.11e-02	1.32e-02	8.03e-03	4.02e-04	6.37e-06
 2.54737e+22	1.46e-25	1.37e-12	2.66e-10	6.74e-09	1.01e-05	1.73e-03	5.66e-02	3.33e-01	3.73e-01	1.79e-01	3.74e-02	1.18e-02	6.90e-03	3.29e-04	4.97e-06
 2.56767e+22	1.84e-25	1.80e-12	3.33e-10	8.11e-09	1.16e-05	1.92e-03	6.09e-02	3.48e-01	3.69e-01	1.69e-01	3.39e-02	1.06e-02	5.92e-03	2.69e-04	3.88e-06
 2.58800e+22	2.33e-25	2.39e-12	4.19e-10	9.79e-09	1.32e-05	2.12e-03	6.54e-02	3.63e-01	3.64e-01	1.59e-01	3.07e-02	9.48e-03	5.06e-03	2.19e-04	3.01e-06
 2.60839e+22	2.94e-25	3.16e-12	5.26e-10	1.18e-08	1.52e-05	2.35e-03	7.02e-02	3.78e-01	3.59e-01	1.50e-01	2.77e-02	8.46e-03	4.32e-03	1.78e-04	2.34e-06
 2.62889e+22	3.73e-25	4.18e-12	6.63e-10	1.44e-08	1.75e-05	2.61e-03	7.54e-02	3.93e-01	3.52e-01	1.40e-01	2.49e-02	7.52e-03	3.68e-03	1.45e-04	1.80e-06
 2.64958e+22	4.73e-25	5.53e-12	8.37e-10	1.75e-08	2.02e-05	2.89e-03	8.08e-02	4.08e-01	3.45e-01	1.31e-01	2.24e-02	6.67e-03	3.12e-03	1.17e-04	1.39e-06
 2.67049e+22	6.03e-25	7.34e-12	1.06e-09	2.13e-08	2.34e-05	3.21e-03	8.66e-02	4.23e-01	3.37e-01	1.22e-01	2.00e-02	5.90e-03	2.63e-03	9.40e-05	1.06e-06
 2.69151e+22	7.69e-25	9.69e-12	1.34e-09	2.60e-08	2.70e-05	3.57e-03	9.27e-02	4.38e-01	3.28e-01	1.13e-01	1.78e-02	5.21e-03	2.23e-03	7.56e-05	8.16e-07
 2.71286e+22	9.90e-25	1.29e-11	1.70e-09	3.19e-08	3.14e-05	3.97e-03	9.93e-02	4.52e-01	3.18e-01	1.04e-01	1.58e-02	4.58e-03	1.87e-03	6.03e-05	6.20e-07
 2.73444e+22	1.29e-24	1.70e-11	2.14e-09	3.90e-08	3.64e-05	4.41e-03	1.06e-01	4.65e-01	3.08e-01	9.64e-02	1.41e-02	4.02e-03	1.57e-03	4.82e-05	4.72e-07
 2.75644e+22	1.68e-24	2.26e-11	2.73e-09	4.82e-08	4.26e-05	4.91e-03	1.13e-01	4.78e-01	2.98e-01	8.85e-02	1.24e-02	3.51e-03	1.30e-03	3.81e-05	3.55e-07
 2.77884e+22	2.20e-24	2.98e-11	3.46e-09	5.92e-08	4.95e-05	5.46e-03	1.21e-01	4.90e-01	2.87e-01	8.12e-02	1.09e-02	3.06e-03	1.09e-03	3.02e-05	2.68e-07
 2.79937e+22	2.76e-24	3.76e-11	4.22e-09	7.04e-08	5.63e-05	5.96e-03	1.28e-01	5.00e-01	2.77e-01	7.54e-02	9.81e-03	2.73e-03	9.30e-04	2.48e-05	2.11e-07
 2.82082e+22	3.69e-24	5.03e-11	5.42e-09	8.78e-08	6.62e-05	6.66e-03	1.36e-01	5.12e-01	2.65e-01	6.85e-02	8.54e-03	2.35e-03	7.62e-04	1.93e-05	1.55e-07
 2.84258e+22	4.69e-24	6.33e-11	6.60e-09	1.04e-07	7.53e-05	7.27e-03	1.43e-01	5.20e-01	2.56e-01	6.34e-02	7.65e-03	2.08e-03	6.50e-04	1.58e-05	1.22e-07
 2.86496e+22	6.40e-24	8.48e-11	8.52e-09	1.31e-07	8.88e-05	8.13e-03	1.53e-01	5.30e-01	2.43e-01	5.72e-02	6.61e-03	1.78e-03	5.28e-04	1.21e-05	0.00e+00
 2.88738e+22	8.16e-24	1.06e-10	1.03e-08	1.55e-07	1.01e-04	8.84e-03	1.61e-01	5.36e-01	2.34e-01	5.28e-02	5.91e-03	1.58e-03	4.50e-04	9.90e-06	0.00e+00
 2.90985e+22	1.12e-23	1.41e-10	1.33e-08	1.94e-07	1.19e-04	9.86e-03	1.71e-01	5.44e-01	2.21e-01	4.76e-02	5.10e-03	1.34e-03	3.65e-04	7.60e-06	0.00e+00
 2.93241e+22	1.43e-23	1.74e-10	1.60e-08	2.29e-07	1.34e-04	1.07e-02	1.78e-01	5.49e-01	2.12e-01	4.39e-02	4.56e-03	1.19e-03	3.11e-04	6.22e-06	0.00e+00
 2.95509e+22	1.96e-23	2.29e-10	2.04e-08	2.85e-07	1.57e-04	1.19e-02	1.89e-01	5.54e-01	2.00e-01	3.94e-02	3.93e-03	1.01e-03	2.52e-04	4.77e-06	0.00e+00
 2.97801e+22	2.51e-23	2.83e-10	2.47e-08	3.37e-07	1.78e-04	1.29e-02	1.97e-01	5.58e-01	1.91e-01	3.63e-02	3.51e-03	8.92e-04	2.14e-04	3.89e-06	0.00e+00
 3.00125e+22	3.45e-23	3.71e-10	3.14e-08	4.20e-07	2.08e-04	1.43e-02	2.08e-01	5.61e-01	1.80e-01	3.25e-02	3.01e-03	7.56e-04	1.73e-04	2.97e-06	0.00e+00
 3.02481e+22	4.44e-23	4.58e-10	3.79e-08	4.97e-07	2.36e-04	1.55e-02	2.17e-01	5.63e-01	1.71e-01	2.98e-02	2.68e-03	6.64e-04	1.46e-04	2.41e-06	0.00e+00
 3.04879e+22	6.16e-23	5.99e-10	4.83e-08	6.18e-07	2.76e-04	1.71e-02	2.29e-01	5.64e-01	1.60e-01	2.66e-02	2.29e-03	5.60e-04	1.18e-04	1.83e-06	0.00e+00
 3.07321e+22	7.97e-23	7.38e-10	5.83e-08	7.34e-07	3.13e-04	1.86e-02	2.38e-01	5.64e-01	1.52e-01	2.43e-02	2.03e-03	4.90e-04	9.90e-05	1.48e-06	0.00e+00
 3.09821e+22	1.11e-22	9.67e-10	7.46e-08	9.17e-07	3.68e-04	2.06e-02	2.51e-01	5.63e-01	1.41e-01	2.16e-02	1.73e-03	4.10e-04	7.89e-05	1.11e-06	0.00e+00
 3.12379e+22	1.45e-22	1.20e-09	9.05e-08	1.09e-06	4.17e-04	2.23e-02	2.60e-01	5.62e-01	1.33e-01	1.96e-02	1.52e-03	3.56e-04	6.59e-05	8.87e-07	0.00e+00
 3.15013e+22	2.04e-22	1.57e-09	1.16e-07	1.38e-06	4.93e-04	2.48e-02	2.74e-01	5.59e-01	1.23e-01	1.73e-02	1.29e-03	2.96e-04	5.20e-05	6.59e-07	0.00e+00
 3.17693e+22	2.67e-22	1.94e-09	1.41e-07	1.64e-06	5.59e-04	2.68e-02	2.84e-01	5.56e-01	1.16e-01	1.57e-02	1.13e-03	2.56e-04	4.34e-05	5.25e-07	0.00e+00
 3.19965e+22	3.40e-22	2.36e-09	1.69e-07	1.93e-06	6.28e-04	2.88e-02	2.93e-01	5.52e-01	1.10e-01	1.44e-02	1.00e-03	2.24e-04	3.65e-05	4.24e-07	0.00e+00
 3.22451e+22	4.64e-22	3.01e-09	2.12e-07	2.37e-06	7.30e-04	3.16e-02	3.06e-01	5.47e-01	1.02e-01	1.28e-02	8.56e-04	1.88e-04	2.93e-05	3.22e-07	0.00e+00
 3.24849e+22	5.76e-22	3.57e-09	2.48e-07	2.74e-06	8.09e-04	3.37e-02	3.14e-01	5.42e-01	9.63e-02	1.18e-02	7.68e-04	1.67e-04	2.52e-05	2.66e-07	0.00e+00
 3.27131e+22	7.60e-22	4.45e-09	3.05e-07	3.32e-06	9.26e-04	3.66e-02	3.26e-01	5.36e-01	8.95e-02	1.05e-02	6.64e-04	1.42e-04	2.05e-05	2.06e-07	0.00e+00
 3.29438e+22	9.45e-22	5.27e-09	3.57e-07	3.82e-06	1.02e-03	3.90e-02	3.34e-01	5.30e-01	8.48e-02	9.73e-03	5.96e-04	1.26e-04	1.76e-05	1.71e-07	0.00e+00
 3.31777e+22	1.25e-21	6.55e-09	4.38e-07	4.62e-06	1.17e-03	4.23e-02	3.46e-01	5.23e-01	7.87e-02	8.70e-03	5.15e-04	1.07e-04	1.43e-05	1.32e-07	0.00e+00
 3.34151e+22	1.55e-21	7.77e-09	5.14e-07	5.34e-06	1.30e-03	4.50e-02	3.54e-01	5.16e-01	7.43e-02	8.00e-03	4.60e-04	9.44e-05	1.23e-05	0.00e+00	0.00e+00
 3.36571e+22	2.05e-21	9.69e-09	6.33e-07	6.48e-06	1.49e-03	4.89e-02	3.66e-01	5.07e-01	6.86e-02	7.13e-03	3.96e-04	7.98e-05	9.92e-06	0.00e+00	0.00e+00
 3.39025e+22	2.57e-21	1.15e-08	7.43e-07	7.49e-06	1.65e-03	5.20e-02	3.75e-01	5.00e-01	6.46e-02	6.54e-03	3.53e-04	7.02e-05	8.45e-06	0.00e+00	0.00e+00
 3.41524e+22	3.40e-21	1.44e-08	9.17e-07	9.11e-06	1.90e-03	5.64e-02	3.86e-01	4.90e-01	5.94e-02	5.81e-03	3.02e-04	5.91e-05	6.80e-06	0.00e+00	0.00e+00
 3.44068e+22	4.28e-21	1.71e-08	1.08e-06	1.06e-05	2.10e-03	6.00e-02	3.95e-01	4.81e-01	5.58e-02	5.31e-03	2.68e-04	5.18e-05	5.77e-06	0.00e+00	0.00e+00
 3.46669e+22	5.69e-21	2.14e-08	1.34e-06	1.29e-05	2.42e-03	6.52e-02	4.07e-01	4.70e-01	5.10e-02	4.70e-03	2.28e-04	4.33e-05	4.60e-06	0.00e+00	0.00e+00
 3.49330e+22	7.20e-21	2.57e-08	1.59e-06	1.51e-05	2.70e-03	6.94e-02	4.15e-01	4.60e-01	4.76e-02	4.27e-03	2.01e-04	3.76e-05	3.86e-06	0.00e+00	0.00e+00
 3.52066e+22	9.67e-21	3.23e-08	1.98e-06	1.85e-05	3.11e-03	7.54e-02	4.27e-01	4.48e-01	4.34e-02	3.76e-03	1.70e-04	3.13e-05	3.06e-06	0.00e+00	0.00e+00
 3.54875e+22	1.23e-20	3.90e-08	2.36e-06	2.17e-05	3.48e-03	8.05e-02	4.35e-01	4.37e-01	4.02e-02	3.40e-03	1.49e-04	2.70e-05	2.54e-06	0.00e+00	0.00e+00
 3.57778e+22	1.68e-20	4.95e-08	2.97e-06	2.68e-05	4.03e-03	8.75e-02	4.46e-01	4.23e-01	3.64e-02	2.97e-03	1.25e-04	2.22e-05	1.99e-06	0.00e+00	0.00e+00
 3.60706e+22	2.14e-20	5.97e-08	3.54e-06	3.14e-05	4.50e-03	9.31e-02	4.54e-01	4.12e-01	3.37e-02	2.68e-03	1.09e-04	1.91e-05	1.66e-06	0.00e+00	0.00e+00
 3.63668e+22	2.90e-20	7.57e-08	4.45e-06	3.89e-05	5.21e-03	1.01e-01	4.64e-01	3.96e-01	3.03e-02	2.34e-03	9.11e-05	1.56e-05	1.29e-06	0.00e+00	0.00e+00
 3.66659e+22	3.73e-20	9.14e-08	5.31e-06	4.55e-05	5.80e-03	1.07e-01	4.72e-01	3.85e-01	2.80e-02	2.11e-03	7.96e-05	1.35e-05	1.07e-06	0.00e+00	0.00e+00
 3.69690e+22	5.05e-20	1.16e-07	6.68e-06	5.65e-05	6.72e-03	1.16e-01	4.81e-01	3.69e-01	2.50e-02	1.83e-03	6.60e-05	1.10e-05	8.26e-07	0.00e+00	0.00e+00
 3.72770e+22	6.52e-20	1.40e-07	7.99e-06	6.62e-05	7.50e-03	1.24e-01	4.87e-01	3.57e-01	2.30e-02	1.64e-03	5.74e-05	9.40e-06	6.81e-07	0.00e+00	0.00e+00
 3.75913e+22	8.88e-20	1.79e-07	1.01e-05	8.23e-05	8.69e-03	1.34e-01	4.95e-01	3.41e-01	2.04e-02	1.42e-03	4.73e-05	7.60e-06	5.22e-07	0.00e+00	0.00e+00
 3.79025e+22	1.13e-19	2.15e-07	1.20e-05	9.60e-05	9.64e-03	1.42e-01	5.00e-01	3.29e-01	1.88e-02	1.27e-03	4.12e-05	6.53e-06	4.32e-07	0.00e+00	0.00e+00
 3.81554e+22	1.39e-19	2.52e-07	1.40e-05	1.11e-04	1.06e-02	1.49e-01	5.04e-01	3.18e-01	1.73e-02	1.15e-03	3.61e-05	5.67e-06	3.62e-07	0.00e+00	0.00e+00
 3.84298e+22	1.82e-19	3.09e-07	1.70e-05	1.32e-04	1.19e-02	1.58e-01	5.08e-01	3.05e-01	1.57e-02	1.02e-03	3.07e-05	4.75e-06	2.90e-07	0.00e+00	0.00e+00
 3.87080e+22	2.28e-19	3.65e-07	1.99e-05	1.52e-04	1.31e-02	1.66e-01	5.11e-01	2.94e-01	1.44e-02	9.23e-04	2.69e-05	4.11e-06	2.42e-07	0.00e+00	0.00e+00
 3.89910e+22	2.98e-19	4.49e-07	2.42e-05	1.83e-04	1.48e-02	1.77e-01	5.14e-01	2.80e-01	1.30e-02	8.10e-04	2.27e-05	3.42e-06	1.92e-07	0.00e+00	0.00e+00
 3.92773e+22	3.73e-19	5.32e-07	2.84e-05	2.11e-04	1.63e-02	1.86e-01	5.16e-01	2.69e-01	1.19e-02	7.30e-04	1.98e-05	2.95e-06	1.59e-07	0.00e+00	0.00e+00
 3.95681e+22	4.90e-19	6.55e-07	3.47e-05	2.53e-04	1.84e-02	1.97e-01	5.18e-01	2.55e-01	1.06e-02	6.38e-04	1.66e-05	2.43e-06	1.25e-07	0.00e+00	0.00e+00
 3.98654e+22	6.16e-19	7.80e-07	4.09e-05	2.94e-04	2.03e-02	2.07e-01	5.18e-01	2.44e-01	9.65e-03	5.70e-04	1.43e-05	2.08e-06	0.00e+00	0.00e+00	0.00e+00
 4.01712e+22	8.18e-19	9.66e-07	5.01e-05	3.53e-04	2.29e-02	2.19e-01	5.18e-01	2.30e-01	8.58e-03	4.97e-04	1.19e-05	1.71e-06	0.00e+00	0.00e+00	0.00e+00
 4.04851e+22	1.04e-18	1.16e-06	5.98e-05	4.16e-04	2.54e-02	2.31e-01	5.17e-01	2.18e-01	7.70e-03	4.38e-04	1.01e-05	1.44e-06	0.00e+00	0.00e+00	0.00e+00
 4.07621e+22	1.31e-18	1.38e-06	7.03e-05	4.81e-04	2.79e-02	2.41e-01	5.15e-01	2.08e-01	6.99e-03	3.92e-04	8.73e-06	1.23e-06	0.00e+00	0.00e+00	0.00e+00
 4.10746e+22	1.74e-18	1.71e-06	8.60e-05	5.76e-04	3.13e-02	2.54e-01	5.12e-01	1.95e-01	6.18e-03	3.40e-04	7.24e-06	1.00e-06	0.00e+00	0.00e+00	0.00e+00
 4.13985e+22	2.23e-18	2.06e-06	1.03e-04	6.77e-04	3.47e-02	2.66e-01	5.08e-01	1.84e-01	5.52e-03	2.99e-04	6.11e-06	8.38e-07	0.00e+00	0.00e+00	0.00e+00
 4.16885e+22	2.82e-18	2.45e-06	1.21e-04	7.86e-04	3.82e-02	2.78e-01	5.04e-01	1.74e-01	4.96e-03	2.64e-04	5.21e-06	7.08e-07	0.00e+00	0.00e+00	0.00e+00
 4.20169e+22	3.79e-18	3.06e-06	1.49e-04	9.50e-04	4.30e-02	2.92e-01	4.98e-01	1.61e-01	4.32e-03	2.26e-04	4.24e-06	5.70e-07	0.00e+00	0.00e+00	0.00e+00
 4.23546e+22	4.87e-18	3.68e-06	1.78e-04	1.11e-03	4.75e-02	3.05e-01	4.91e-01	1.51e-01	3.83e-03	1.98e-04	3.56e-06	4.73e-07	0.00e+00	0.00e+00	0.00e+00
 4.27043e+22	6.65e-18	4.65e-06	2.21e-04	1.36e-03	5.36e-02	3.20e-01	4.82e-01	1.39e-01	3.30e-03	1.67e-04	2.85e-06	3.75e-07	0.00e+00	0.00e+00	0.00e+00
 4.30608e+22	8.61e-18	5.63e-06	2.65e-04	1.60e-03	5.92e-02	3.33e-01	4.74e-01	1.29e-01	2.90e-03	1.45e-04	2.37e-06	3.08e-07	0.00e+00	0.00e+00	0.00e+00
 4.34261e+22	1.19e-17	7.15e-06	3.31e-04	1.95e-03	6.69e-02	3.49e-01	4.62e-01	1.18e-01	2.47e-03	1.21e-04	1.87e-06	2.41e-07	0.00e+00	0.00e+00	0.00e+00
 4.37945e+22	1.54e-17	8.67e-06	3.97e-04	2.30e-03	7.38e-02	3.61e-01	4.51e-01	1.09e-01	2.16e-03	1.04e-04	1.54e-06	1.97e-07	0.00e+00	0.00e+00	0.00e+00
 4.41182e+22	1.99e-17	1.05e-05	4.72e-04	2.69e-03	8.10e-02	3.73e-01	4.40e-01	1.01e-01	1.89e-03	9.01e-05	1.28e-06	1.61e-07	0.00e+00	0.00e+00	0.00e+00
 4.44903e+22	2.75e-17	1.33e-05	5.90e-04	3.28e-03	9.11e-02	3.88e-01	4.25e-01	9.05e-02	1.58e-03	7.44e-05	9.95e-07	1.25e-07	0.00e+00	0.00e+00	0.00e+00
 4.48663e+22	3.54e-17	1.60e-05	7.03e-04	3.86e-03	1.00e-01	3.99e-01	4.12e-01	8.28e-02	1.37e-03	6.35e-05	8.10e-07	0.00e+00	0.00e+00	0.00e+00	0.00e+00
 4.52474e+22	4.95e-17	2.04e-05	8.77e-04	4.69e-03	1.12e-01	4.12e-01	3.95e-01	7.40e-02	1.14e-03	5.22e-05	6.29e-07	0.00e+00	0.00e+00	0.00e+00	0.00e+00
 4.56346e+22	6.47e-17	2.48e-05	1.05e-03	5.51e-03	1.23e-01	4.22e-01	3.80e-01	6.71e-02	9.80e-04	4.41e-05	5.07e-07	0.00e+00	0.00e+00	0.00e+00	0.00e+00
 4.60296e+22	9.11e-17	3.18e-05	1.32e-03	6.74e-03	1.37e-01	4.34e-01	3.61e-01	5.91e-02	8.04e-04	3.56e-05	3.84e-07	0.00e+00	0.00e+00	0.00e+00	0.00e+00
 4.64276e+22	1.17e-16	3.85e-05	1.57e-03	7.89e-03	1.49e-01	4.42e-01	3.45e-01	5.33e-02	6.85e-04	3.00e-05	3.08e-07	0.00e+00	0.00e+00	0.00e+00	0.00e+00
 4.68293e+22	1.65e-16	4.94e-05	1.96e-03	9.64e-03	1.66e-01	4.51e-01	3.24e-01	4.64e-02	5.56e-04	2.39e-05	2.31e-07	0.00e+00	0.00e+00	0.00e+00	0.00e+00
 4.72359e+22	2.17e-16	6.01e-05	2.34e-03	1.13e-02	1.81e-01	4.56e-01	3.07e-01	4.15e-02	4.69e-04	1.99e-05	1.83e-07	0.00e+00	0.00e+00	0.00e+00	0.00e+00
 4.76488e+22	3.10e-16	7.72e-05	2.93e-03	1.37e-02	2.00e-01	4.61e-01	2.86e-01	3.56e-02	3.76e-04	1.57e-05	1.35e-07	0.00e+00	0.00e+00	0.00e+00	0.00e+00
 4.80673e+22	4.11e-16	9.42e-05	3.49e-03	1.60e-02	2.16e-01	4.64e-01	2.69e-01	3.15e-02	3.14e-04	1.29e-05	0.00e+00	0.00e+00	0.00e+00	0.00e+00	0.00e+00
 4.84315e+22	5.39e-16	1.14e-04	4.12e-03	1.86e-02	2.33e-01	4.65e-01	2.52e-01	2.78e-02	2.62e-04	1.07e-05	0.00e+00	0.00e+00	0.00e+00	0.00e+00	0.00e+00
 4.87795e+22	7.05e-16	1.37e-04	4.82e-03	2.12e-02	2.48e-01	4.64e-01	2.37e-01	2.47e-02	2.23e-04	8.92e-06	0.00e+00	0.00e+00	0.00e+00	0.00e+00	0.00e+00
 4.91104e+22	9.04e-16	1.62e-04	5.59e-03	2.41e-02	2.64e-01	4.62e-01	2.22e-01	2.20e-02	1.88e-04	7.46e-06	0.00e+00	0.00e+00	0.00e+00	0.00e+00	0.00e+00
 4.94832e+22	1.25e-15	2.01e-04	6.74e-03	2.83e-02	2.84e-01	4.58e-01	2.04e-01	1.89e-02	1.52e-04	5.93e-06	0.00e+00	0.00e+00	0.00e+00	0.00e+00	0.00e+00
 4.98552e+22	1.62e-15	2.39e-04	7.80e-03	3.21e-02	3.00e-01	4.53e-01	1.90e-01	1.66e-02	1.28e-04	4.92e-06	0.00e+00	0.00e+00	0.00e+00	0.00e+00	0.00e+00
 5.02263e+22	2.27e-15	2.97e-04	9.35e-03	3.74e-02	3.20e-01	4.45e-01	1.73e-01	1.41e-02	1.03e-04	3.89e-06	0.00e+00	0.00e+00	0.00e+00	0.00e+00	0.00e+00
 5.06044e+22	3.00e-15	3.54e-04	1.08e-02	4.23e-02	3.37e-01	4.37e-01	1.60e-01	1.23e-02	8.56e-05	3.18e-06	0.00e+00	0.00e+00	0.00e+00	0.00e+00	0.00e+00
 5.09916e+22	4.28e-15	4.42e-04	1.30e-02	4.92e-02	3.58e-01	4.25e-01	1.43e-01	1.03e-02	6.77e-05	2.47e-06	0.00e+00	0.00e+00	0.00e+00	0.00e+00	0.00e+00
 5.13826e+22	5.78e-15	5.28e-04	1.51e-02	5.55e-02	3.75e-01	4.14e-01	1.31e-01	8.89e-03	5.56e-05	2.00e-06	0.00e+00	0.00e+00	0.00e+00	0.00e+00	0.00e+00
 5.17267e+22	7.75e-15	6.28e-04	1.73e-02	6.22e-02	3.91e-01	4.02e-01	1.19e-01	7.65e-03	4.58e-05	1.62e-06	0.00e+00	0.00e+00	0.00e+00	0.00e+00	0.00e+00
 5.21221e+22	1.14e-14	7.84e-04	2.07e-02	7.17e-02	4.10e-01	3.86e-01	1.05e-01	6.29e-03	3.56e-05	1.23e-06	0.00e+00	0.00e+00	0.00e+00	0.00e+00	0.00e+00
 5.25049e+22	1.53e-14	9.22e-04	2.35e-02	7.93e-02	4.23e-01	3.72e-01	9.55e-02	5.42e-03	2.95e-05	1.00e-06	0.00e+00	0.00e+00	0.00e+00	0.00e+00	0.00e+00
 5.28097e+22	2.00e-14	1.07e-03	2.64e-02	8.67e-02	4.35e-01	3.59e-01	8.71e-02	4.71e-03	2.47e-05	8.27e-07	0.00e+00	0.00e+00	0.00e+00	0.00e+00	0.00e+00
 5.31443e+22	2.75e-14	1.28e-03	3.04e-02	9.66e-02	4.48e-01	3.43e-01	7.76e-02	3.96e-03	1.99e-05	6.51e-07	0.00e+00	0.00e+00	0.00e+00	0.00e+00	0.00e+00
 5.34848e+22	3.62e-14	1.48e-03	3.40e-02	1.05e-01	4.57e-01	3.28e-01	7.01e-02	3.40e-03	1.65e-05	5.30e-07	0.00e+00	0.00e+00	0.00e+00	0.00e+00	0.00e+00
 5.37852e+22	4.78e-14	1.71e-03	3.80e-02	1.14e-01	4.66e-01	3.14e-01	6.34e-02	2.93e-03	1.37e-05	4.35e-07	0.00e+00	0.00e+00	0.00e+00	0.00e+00	0.00e+00
 5.41281e+22	6.83e-14	2.05e-03	4.35e-02	1.26e-01	4.75e-01	2.95e-01	5.55e-02	2.42e-03	1.09e-05	3.36e-07	0.00e+00	0.00e+00	0.00e+00	0.00e+00	0.00e+00
 5.44752e+22	9.31e-14	2.38e-03	4.86e-02	1.37e-01	4.81e-01	2.80e-01	4.95e-02	2.05e-03	8.89e-06	2.70e-07	0.00e+00	0.00e+00	0.00e+00	0.00e+00	0.00e+00
 5.47794e+22	1.24e-13	2.74e-03	5.39e-02	1.47e-01	4.85e-01	2.65e-01	4.42e-02	1.75e-03	7.32e-06	2.18e-07	0.00e+00	0.00e+00	0.00e+00	0.00e+00	0.00e+00
 5.51268e+22	1.90e-13	3.28e-03	6.14e-02	1.62e-01	4.89e-01	2.45e-01	3.80e-02	1.41e-03	5.67e-06	1.65e-07	0.00e+00	0.00e+00	0.00e+00	0.00e+00	0.00e+00
 5.54772e+22	2.55e-13	3.77e-03	6.80e-02	1.73e-01	4.90e-01	2.30e-01	3.36e-02	1.19e-03	4.64e-06	1.32e-07	0.00e+00	0.00e+00	0.00e+00	0.00e+00	0.00e+00
 5.58314e+22	3.96e-13	4.49e-03	7.70e-02	1.88e-01	4.90e-01	2.11e-01	2.86e-02	9.55e-04	3.57e-06	0.00e+00	0.00e+00	0.00e+00	0.00e+00	0.00e+00	0.00e+00
 5.61772e+22	5.64e-13	5.15e-03	8.45e-02	2.00e-01	4.88e-01	1.97e-01	2.51e-02	7.99e-04	2.90e-06	0.00e+00	0.00e+00	0.00e+00	0.00e+00	0.00e+00	0.00e+00
 5.65121e+22	8.63e-13	6.01e-03	9.42e-02	2.14e-01	4.84e-01	1.80e-01	2.15e-02	6.47e-04	2.27e-06	0.00e+00	0.00e+00	0.00e+00	0.00e+00	0.00e+00	0.00e+00
 5.68705e+22	1.99e-12	6.99e-03	1.04e-01	2.27e-01	4.78e-01	1.65e-01	1.84e-02	5.24e-04	1.77e-06	0.00e+00	0.00e+00	0.00e+00	0.00e+00	0.00e+00	0.00e+00
 5.71992e+22	2.87e-12	7.97e-03	1.14e-01	2.40e-01	4.71e-01	1.51e-01	1.59e-02	4.32e-04	1.42e-06	0.00e+00	0.00e+00	0.00e+00	0.00e+00	0.00e+00	0.00e+00
 5.75664e+22	5.76e-12	9.42e-03	1.27e-01	2.55e-01	4.60e-01	1.35e-01	1.31e-02	3.35e-04	1.06e-06	0.00e+00	0.00e+00	0.00e+00	0.00e+00	0.00e+00	0.00e+00
 5.79433e+22	1.11e-11	1.08e-02	1.39e-01	2.68e-01	4.49e-01	1.22e-01	1.10e-02	2.69e-04	8.23e-07	0.00e+00	0.00e+00	0.00e+00	0.00e+00	0.00e+00	0.00e+00
 5.83328e+22	4.48e-11	1.29e-02	1.55e-01	2.84e-01	4.33e-01	1.07e-01	8.85e-03	2.02e-04	5.95e-07	0.00e+00	0.00e+00	0.00e+00	0.00e+00	0.00e+00	0.00e+00
 5.87242e+22	1.06e-10	1.47e-02	1.68e-01	2.95e-01	4.19e-01	9.56e-02	7.42e-03	1.61e-04	4.60e-07	0.00e+00	0.00e+00	0.00e+00	0.00e+00	0.00e+00	0.00e+00
 5.91180e+22	2.48e-10	1.73e-02	1.85e-01	3.09e-01	4.00e-01	8.27e-02	5.89e-03	1.20e-04	3.31e-07	0.00e+00	0.00e+00	0.00e+00	0.00e+00	0.00e+00	0.00e+00
 5.95242e+22	5.17e-10	1.99e-02	2.00e-01	3.20e-01	3.83e-01	7.26e-02	4.80e-03	9.27e-05	2.47e-07	0.00e+00	0.00e+00	0.00e+00	0.00e+00	0.00e+00	0.00e+00
 5.98907e+22	9.05e-10	2.26e-02	2.16e-01	3.29e-01	3.65e-01	6.37e-02	3.92e-03	7.19e-05	1.86e-07	0.00e+00	0.00e+00	0.00e+00	0.00e+00	0.00e+00	0.00e+00
 6.03112e+22	2.05e-09	2.66e-02	2.36e-01	3.39e-01	3.42e-01	5.36e-02	3.01e-03	5.17e-05	1.29e-07	0.00e+00	0.00e+00	0.00e+00	0.00e+00	0.00e+00	0.00e+00
 6.07407e+22	4.64e-09	3.04e-02	2.53e-01	3.46e-01	3.22e-01	4.61e-02	2.39e-03	3.90e-05	0.00e+00	0.00e+00	0.00e+00	0.00e+00	0.00e+00	0.00e+00	0.00e+00
 6.10645e+22	9.78e-09	3.34e-02	2.65e-01	3.50e-01	3.08e-01	4.14e-02	2.03e-03	3.19e-05	0.00e+00	0.00e+00	0.00e+00	0.00e+00	0.00e+00	0.00e+00	0.00e+00
 6.13685e+22	2.41e-08	3.72e-02	2.80e-01	3.55e-01	2.91e-01	3.61e-02	1.66e-03	2.49e-05	0.00e+00	0.00e+00	0.00e+00	0.00e+00	0.00e+00	0.00e+00	0.00e+00
 6.16818e+22	4.88e-08	4.08e-02	2.92e-01	3.57e-01	2.76e-01	3.21e-02	1.40e-03	2.01e-05	0.00e+00	0.00e+00	0.00e+00	0.00e+00	0.00e+00	0.00e+00	0.00e+00
 6.20075e+22	1.20e-07	4.57e-02	3.08e-01	3.60e-01	2.58e-01	2.76e-02	1.11e-03	1.53e-05	0.00e+00	0.00e+00	0.00e+00	0.00e+00	0.00e+00	0.00e+00	0.00e+00
 6.23346e+22	2.10e-07	4.99e-02	3.20e-01	3.60e-01	2.44e-01	2.43e-02	9.30e-04	1.23e-05	0.00e+00	0.00e+00	0.00e+00	0.00e+00	0.00e+00	0.00e+00	0.00e+00
 6.26635e+22	3.51e-07	5.58e-02	3.36e-01	3.60e-01	2.27e-01	2.07e-02	7.35e-04	9.29e-06	0.00e+00	0.00e+00	0.00e+00	0.00e+00	0.00e+00	0.00e+00	0.00e+00
 6.29960e+22	4.79e-07	6.09e-02	3.48e-01	3.59e-01	2.13e-01	1.81e-02	6.08e-04	7.40e-06	0.00e+00	0.00e+00	0.00e+00	0.00e+00	0.00e+00	0.00e+00	0.00e+00
 6.33331e+22	6.61e-07	6.78e-02	3.63e-01	3.57e-01	1.96e-01	1.53e-02	4.76e-04	5.53e-06	0.00e+00	0.00e+00	0.00e+00	0.00e+00	0.00e+00	0.00e+00	0.00e+00
 6.36765e+22	8.57e-07	7.40e-02	3.75e-01	3.54e-01	1.83e-01	1.33e-02	3.88e-04	4.34e-06	0.00e+00	0.00e+00	0.00e+00	0.00e+00	0.00e+00	0.00e+00	0.00e+00
 6.40281e+22	1.13e-06	8.24e-02	3.90e-01	3.49e-01	1.67e-01	1.10e-02	2.99e-04	3.19e-06	0.00e+00	0.00e+00	0.00e+00	0.00e+00	0.00e+00	0.00e+00	0.00e+00
 6.43849e+22	1.42e-06	8.98e-02	4.01e-01	3.45e-01	1.55e-01	9.46e-03	2.41e-04	2.47e-06	0.00e+00	0.00e+00	0.00e+00	0.00e+00	0.00e+00	0.00e+00	0.00e+00
 6.47486e+22	1.83e-06	9.99e-02	4.14e-01	3.38e-01	1.40e-01	7.77e-03	1.83e-04	1.79e-06	0.00e+00	0.00e+00	0.00e+00	0.00e+00	0.00e+00	0.00e+00	0.00e+00
 6.51195e+22	2.25e-06	1.09e-01	4.24e-01	3.31e-01	1.29e-01	6.59e-03	1.46e-04	1.37e-06	0.00e+00	0.00e+00	0.00e+00	0.00e+00	0.00e+00	0.00e+00	0.00e+00
 6.54998e+22	2.85e-06	1.21e-01	4.36e-01	3.22e-01	1.15e-01	5.33e-03	1.09e-04	9.72e-07	0.00e+00	0.00e+00	0.00e+00	0.00e+00	0.00e+00	0.00e+00	0.00e+00
 6.58887e+22	3.46e-06	1.32e-01	4.45e-01	3.14e-01	1.05e-01	4.47e-03	8.53e-05	7.33e-07	0.00e+00	0.00e+00	0.00e+00	0.00e+00	0.00e+00	0.00e+00	0.00e+00
 6.62887e+22	4.34e-06	1.47e-01	4.54e-01	3.03e-01	9.31e-02	3.55e-03	6.24e-05	5.09e-07	0.00e+00	0.00e+00	0.00e+00	0.00e+00	0.00e+00	0.00e+00	0.00e+00
 6.66937e+22	5.20e-06	1.59e-01	4.61e-01	2.93e-01	8.42e-02	2.95e-03	4.85e-05	3.80e-07	0.00e+00	0.00e+00	0.00e+00	0.00e+00	0.00e+00	0.00e+00	0.00e+00
 6.71055e+22	6.38e-06	1.76e-01	4.67e-01	2.80e-01	7.40e-02	2.33e-03	3.53e-05	2.63e-07	0.00e+00	0.00e+00	0.00e+00	0.00e+00	0.00e+00	0.00e+00	0.00e+00
 6.75271e+22	7.61e-06	1.92e-01	4.71e-01	2.69e-01	6.62e-02	1.90e-03	2.69e-05	1.92e-07	0.00e+00	0.00e+00	0.00e+00	0.00e+00	0.00e+00	0.00e+00	0.00e+00
 6.79616e+22	9.30e-06	2.12e-01	4.74e-01	2.55e-01	5.73e-02	1.47e-03	1.91e-05	1.29e-07	0.00e+00	0.00e+00	0.00e+00	0.00e+00	0.00e+00	0.00e+00	0.00e+00
 6.84026e+22	1.10e-05	2.30e-01	4.75e-01	2.43e-01	5.08e-02	1.19e-03	1.44e-05	0.00e+00	0.00e+00	0.00e+00	0.00e+00	0.00e+00	0.00e+00	0.00e+00	0.00e+00
 6.88520e+22	1.35e-05	2.54e-01	4.73e-01	2.28e-01	4.33e-02	9.01e-04	1.00e-05	0.00e+00	0.00e+00	0.00e+00	0.00e+00	0.00e+00	0.00e+00	0.00e+00	0.00e+00
 6.93054e+22	1.57e-05	2.74e-01	4.71e-01	2.16e-01	3.83e-02	7.27e-04	7.57e-06	0.00e+00	0.00e+00	0.00e+00	0.00e+00	0.00e+00	0.00e+00	0.00e+00	0.00e+00
 6.97642e+22	1.90e-05	3.01e-01	4.65e-01	2.01e-01	3.23e-02	5.45e-04	5.21e-06	0.00e+00	0.00e+00	0.00e+00	0.00e+00	0.00e+00	0.00e+00	0.00e+00	0.00e+00
 7.02322e+22	2.20e-05	3.24e-01	4.59e-01	1.89e-01	2.81e-02	4.33e-04	3.88e-06	0.00e+00	0.00e+00	0.00e+00	0.00e+00	0.00e+00	0.00e+00	0.00e+00	0.00e+00
 7.07122e+22	2.66e-05	3.55e-01	4.48e-01	1.73e-01	2.33e-02	3.19e-04	2.62e-06	0.00e+00	0.00e+00	0.00e+00	0.00e+00	0.00e+00	0.00e+00	0.00e+00	0.00e+00
 7.12057e+22	3.07e-05	3.81e-01	4.38e-01	1.61e-01	2.01e-02	2.50e-04	1.91e-06	0.00e+00	0.00e+00	0.00e+00	0.00e+00	0.00e+00	0.00e+00	0.00e+00	0.00e+00
 7.17166e+22	3.71e-05	4.17e-01	4.21e-01	1.46e-01	1.63e-02	1.79e-04	1.25e-06	0.00e+00	0.00e+00	0.00e+00	0.00e+00	0.00e+00	0.00e+00	0.00e+00	0.00e+00
 7.22418e+22	4.29e-05	4.46e-01	4.06e-01	1.34e-01	1.37e-02	1.38e-04	8.97e-07	0.00e+00	0.00e+00	0.00e+00	0.00e+00	0.00e+00	0.00e+00	0.00e+00	0.00e+00
 7.27853e+22	5.17e-05	4.86e-01	3.84e-01	1.19e-01	1.09e-02	9.68e-05	5.70e-07	0.00e+00	0.00e+00	0.00e+00	0.00e+00	0.00e+00	0.00e+00	0.00e+00	0.00e+00
 7.33494e+22	6.01e-05	5.19e-01	3.64e-01	1.08e-01	8.92e-03	7.25e-05	3.93e-07	0.00e+00	0.00e+00	0.00e+00	0.00e+00	0.00e+00	0.00e+00	0.00e+00	0.00e+00
 7.39400e+22	7.25e-05	5.63e-01	3.36e-01	9.42e-02	6.81e-03	4.93e-05	2.39e-07	0.00e+00	0.00e+00	0.00e+00	0.00e+00	0.00e+00	0.00e+00	0.00e+00	0.00e+00
 7.45559e+22	8.46e-05	6.00e-01	3.11e-01	8.35e-02	5.39e-03	3.58e-05	1.57e-07	0.00e+00	0.00e+00	0.00e+00	0.00e+00	0.00e+00	0.00e+00	0.00e+00	0.00e+00
 7.51187e+22	9.81e-05	6.37e-01	2.85e-01	7.37e-02	4.23e-03	2.60e-05	0.00e+00	0.00e+00	0.00e+00	0.00e+00	0.00e+00	0.00e+00	0.00e+00	0.00e+00	0.00e+00
 7.56035e+22	1.09e-04	6.64e-01	2.65e-01	6.72e-02	3.52e-03	2.06e-05	0.00e+00	0.00e+00	0.00e+00	0.00e+00	0.00e+00	0.00e+00	0.00e+00	0.00e+00	0.00e+00
 7.60731e+22	1.24e-04	6.96e-01	2.41e-01	5.93e-02	2.76e-03	1.52e-05	0.00e+00	0.00e+00	0.00e+00	0.00e+00	0.00e+00	0.00e+00	0.00e+00	0.00e+00	0.00e+00
 7.65592e+22	1.39e-04	7.26e-01	2.19e-01	5.30e-02	2.22e-03	1.17e-05	0.00e+00	0.00e+00	0.00e+00	0.00e+00	0.00e+00	0.00e+00	0.00e+00	0.00e+00	0.00e+00
 7.70668e+22	1.59e-04	7.60e-01	1.93e-01	4.58e-02	1.66e-03	8.44e-06	0.00e+00	0.00e+00	0.00e+00	0.00e+00	0.00e+00	0.00e+00	0.00e+00	0.00e+00	0.00e+00
 7.75852e+22	1.77e-04	7.87e-01	1.71e-01	4.03e-02	1.29e-03	6.43e-06	0.00e+00	0.00e+00	0.00e+00	0.00e+00	0.00e+00	0.00e+00	0.00e+00	0.00e+00	0.00e+00
 7.81175e+22	2.01e-04	8.20e-01	1.45e-01	3.41e-02	9.25e-04	4.55e-06	0.00e+00	0.00e+00	0.00e+00	0.00e+00	0.00e+00	0.00e+00	0.00e+00	0.00e+00	0.00e+00
 7.86065e+22	2.19e-04	8.42e-01	1.27e-01	3.02e-02	7.25e-04	3.58e-06	0.00e+00	0.00e+00	0.00e+00	0.00e+00	0.00e+00	0.00e+00	0.00e+00	0.00e+00	0.00e+00
 7.89678e+22	2.33e-04	8.58e-01	1.14e-01	2.70e-02	5.85e-04	2.91e-06	0.00e+00	0.00e+00	0.00e+00	0.00e+00	0.00e+00	0.00e+00	0.00e+00	0.00e+00	0.00e+00
 7.93661e+22	2.54e-04	8.78e-01	9.80e-02	2.33e-02	4.39e-04	2.23e-06	0.00e+00	0.00e+00	0.00e+00	0.00e+00	0.00e+00	0.00e+00	0.00e+00	0.00e+00	0.00e+00
 7.97916e+22	2.72e-04	8.95e-01	8.40e-02	2.01e-02	3.31e-04	1.72e-06	0.00e+00	0.00e+00	0.00e+00	0.00e+00	0.00e+00	0.00e+00	0.00e+00	0.00e+00	0.00e+00
 8.01835e+22	2.89e-04	9.10e-01	7.20e-02	1.72e-02	2.48e-04	1.33e-06	0.00e+00	0.00e+00	0.00e+00	0.00e+00	0.00e+00	0.00e+00	0.00e+00	0.00e+00	0.00e+00
 8.05564e+22	3.03e-04	9.23e-01	6.16e-02	1.47e-02	1.86e-04	1.03e-06	0.00e+00	0.00e+00	0.00e+00	0.00e+00	0.00e+00	0.00e+00	0.00e+00	0.00e+00	0.00e+00
 8.09053e+22	3.15e-04	9.34e-01	5.28e-02	1.24e-02	1.40e-04	8.05e-07	0.00e+00	0.00e+00	0.00e+00	0.00e+00	0.00e+00	0.00e+00	0.00e+00	0.00e+00	0.00e+00
 8.12261e+22	3.23e-04	9.44e-01	4.53e-02	1.05e-02	1.05e-04	6.31e-07	0.00e+00	0.00e+00	0.00e+00	0.00e+00	0.00e+00	0.00e+00	0.00e+00	0.00e+00	0.00e+00
 8.15188e+22	3.28e-04	9.52e-01	3.89e-02	8.84e-03	8.01e-05	4.97e-07	0.00e+00	0.00e+00	0.00e+00	0.00e+00	0.00e+00	0.00e+00	0.00e+00	0.00e+00	0.00e+00
 8.17853e+22	3.29e-04	9.59e-01	3.34e-02	7.45e-03	6.15e-05	3.95e-07	0.00e+00	0.00e+00	0.00e+00	0.00e+00	0.00e+00	0.00e+00	0.00e+00	0.00e+00	0.00e+00
 8.20278e+22	3.28e-04	9.65e-01	2.86e-02	6.29e-03	4.77e-05	3.17e-07	0.00e+00	0.00e+00	0.00e+00	0.00e+00	0.00e+00	0.00e+00	0.00e+00	0.00e+00	0.00e+00
 8.22488e+22	3.23e-04	9.70e-01	2.44e-02	5.33e-03	3.75e-05	2.57e-07	0.00e+00	0.00e+00	0.00e+00	0.00e+00	0.00e+00	0.00e+00	0.00e+00	0.00e+00	0.00e+00
 8.23869e+22	3.16e-04	9.72e-01	2.23e-02	4.86e-03	3.28e-05	2.29e-07	0.00e+00	0.00e+00	0.00e+00	0.00e+00	0.00e+00	0.00e+00	0.00e+00	0.00e+00	0.00e+00
 8.24370e+22	3.14e-04	9.73e-01	2.15e-02	4.69e-03	3.12e-05	2.19e-07	0.00e+00	0.00e+00	0.00e+00	0.00e+00	0.00e+00	0.00e+00	0.00e+00	0.00e+00	0.00e+00
 8.24767e+22	3.13e-04	9.74e-01	2.08e-02	4.54e-03	2.98e-05	2.11e-07	0.00e+00	0.00e+00	0.00e+00	0.00e+00	0.00e+00	0.00e+00	0.00e+00	0.00e+00	0.00e+00
 8.25280e+22	3.11e-04	9.76e-01	1.98e-02	4.35e-03	2.81e-05	2.00e-07	0.00e+00	0.00e+00	0.00e+00	0.00e+00	0.00e+00	0.00e+00	0.00e+00	0.00e+00	0.00e+00
 8.25884e+22	3.09e-04	9.77e-01	1.87e-02	4.13e-03	2.62e-05	1.88e-07	0.00e+00	0.00e+00	0.00e+00	0.00e+00	0.00e+00	0.00e+00	0.00e+00	0.00e+00	0.00e+00
 8.26490e+22	3.06e-04	9.78e-01	1.77e-02	3.94e-03	2.45e-05	1.78e-07	0.00e+00	0.00e+00	0.00e+00	0.00e+00	0.00e+00	0.00e+00	0.00e+00	0.00e+00	0.00e+00
 8.27079e+22	3.03e-04	9.79e-01	1.67e-02	3.75e-03	2.29e-05	1.68e-07	0.00e+00	0.00e+00	0.00e+00	0.00e+00	0.00e+00	0.00e+00	0.00e+00	0.00e+00	0.00e+00
 8.27663e+22	2.99e-04	9.80e-01	1.59e-02	3.58e-03	2.16e-05	1.59e-07	0.00e+00	0.00e+00	0.00e+00	0.00e+00	0.00e+00	0.00e+00	0.00e+00	0.00e+00	0.00e+00
 8.28264e+22	2.95e-04	9.81e-01	1.49e-02	3.41e-03	2.02e-05	1.50e-07	0.00e+00	0.00e+00	0.00e+00	0.00e+00	0.00e+00	0.00e+00	0.00e+00	0.00e+00	0.00e+00
 8.28888e+22	2.92e-04	9.83e-01	1.39e-02	3.23e-03	1.89e-05	1.41e-07	0.00e+00	0.00e+00	0.00e+00	0.00e+00	0.00e+00	0.00e+00	0.00e+00	0.00e+00	0.00e+00
 8.29489e+22	2.87e-04	9.84e-01	1.31e-02	3.08e-03	1.77e-05	1.34e-07	0.00e+00	0.00e+00	0.00e+00	0.00e+00	0.00e+00	0.00e+00	0.00e+00	0.00e+00	0.00e+00
 8.30088e+22	2.83e-04	9.84e-01	1.23e-02	2.94e-03	1.67e-05	1.27e-07	0.00e+00	0.00e+00	0.00e+00	0.00e+00	0.00e+00	0.00e+00	0.00e+00	0.00e+00	0.00e+00
 8.30718e+22	2.78e-04	9.85e-01	1.15e-02	2.79e-03	1.56e-05	0.00e+00	0.00e+00	0.00e+00	0.00e+00	0.00e+00	0.00e+00	0.00e+00	0.00e+00	0.00e+00	0.00e+00
 8.31369e+22	2.72e-04	9.86e-01	1.07e-02	2.65e-03	1.47e-05	0.00e+00	0.00e+00	0.00e+00	0.00e+00	0.00e+00	0.00e+00	0.00e+00	0.00e+00	0.00e+00	0.00e+00
 8.32042e+22	2.67e-04	9.87e-01	9.84e-03	2.52e-03	1.37e-05	0.00e+00	0.00e+00	0.00e+00	0.00e+00	0.00e+00	0.00e+00	0.00e+00	0.00e+00	0.00e+00	0.00e+00
 8.32724e+22	2.60e-04	9.88e-01	9.15e-03	2.39e-03	1.29e-05	0.00e+00	0.00e+00	0.00e+00	0.00e+00	0.00e+00	0.00e+00	0.00e+00	0.00e+00	0.00e+00	0.00e+00
 8.33426e+22	2.54e-04	9.89e-01	8.39e-03	2.27e-03	1.21e-05	0.00e+00	0.00e+00	0.00e+00	0.00e+00	0.00e+00	0.00e+00	0.00e+00	0.00e+00	0.00e+00	0.00e+00
 8.34159e+22	2.48e-04	9.90e-01	7.66e-03	2.15e-03	1.14e-05	0.00e+00	0.00e+00	0.00e+00	0.00e+00	0.00e+00	0.00e+00	0.00e+00	0.00e+00	0.00e+00	0.00e+00
 8.34904e+22	2.40e-04	9.91e-01	7.01e-03	2.05e-03	1.07e-05	0.00e+00	0.00e+00	0.00e+00	0.00e+00	0.00e+00	0.00e+00	0.00e+00	0.00e+00	0.00e+00	0.00e+00
