#depth	Ne	Ne+	Ne+2	Ne+3	Ne+4	Ne+5	Ne+6	Ne+7	Ne+8	Ne+9	Ne+10
 4.62852e+21	8.53e-28	3.86e-22	1.17e-17	5.10e-14	5.23e-11	1.29e-08	1.14e-06	6.24e-05	1.21e-02	1.95e-01	7.93e-01
 1.03958e+22	2.29e-25	5.77e-20	9.57e-16	2.34e-12	1.37e-09	1.90e-07	9.00e-06	2.67e-04	2.97e-02	2.83e-01	6.87e-01
 1.20482e+22	5.04e-24	9.20e-19	1.08e-14	1.90e-11	8.16e-09	8.26e-07	2.76e-05	5.80e-04	4.73e-02	3.37e-01	6.15e-01
 1.28187e+22	2.62e-23	4.03e-18	3.96e-14	5.79e-11	2.11e-08	1.82e-06	5.05e-05	8.76e-04	6.05e-02	3.66e-01	5.72e-01
 1.31398e+22	3.95e-23	5.81e-18	5.45e-14	7.64e-11	2.68e-08	2.21e-06	5.87e-05	9.72e-04	6.42e-02	3.74e-01	5.61e-01
 1.32494e+22	5.31e-23	7.59e-18	6.89e-14	9.34e-11	3.18e-08	2.55e-06	6.56e-05	1.05e-03	6.71e-02	3.79e-01	5.53e-01
 1.33521e+22	7.59e-23	1.05e-17	9.12e-14	1.19e-10	3.92e-08	3.04e-06	7.49e-05	1.15e-03	7.08e-02	3.85e-01	5.43e-01
 1.34535e+22	1.01e-22	1.35e-17	1.14e-13	1.44e-10	4.62e-08	3.48e-06	8.33e-05	1.23e-03	7.38e-02	3.90e-01	5.34e-01
 1.35543e+22	1.44e-22	1.86e-17	1.51e-13	1.84e-10	5.69e-08	4.15e-06	9.53e-05	1.35e-03	7.79e-02	3.97e-01	5.24e-01
 1.36555e+22	1.88e-22	2.36e-17	1.87e-13	2.21e-10	6.66e-08	4.73e-06	1.06e-04	1.45e-03	8.11e-02	4.02e-01	5.16e-01
 1.37575e+22	2.68e-22	3.25e-17	2.47e-13	2.81e-10	8.20e-08	5.63e-06	1.21e-04	1.59e-03	8.55e-02	4.08e-01	5.05e-01
 1.38609e+22	3.49e-22	4.12e-17	3.04e-13	3.36e-10	9.57e-08	6.41e-06	1.34e-04	1.70e-03	8.89e-02	4.12e-01	4.97e-01
 1.39660e+22	4.95e-22	5.64e-17	4.01e-13	4.27e-10	1.18e-07	7.62e-06	1.53e-04	1.86e-03	9.37e-02	4.18e-01	4.86e-01
 1.40736e+22	6.46e-22	7.16e-17	4.95e-13	5.12e-10	1.38e-07	8.70e-06	1.69e-04	2.00e-03	9.75e-02	4.23e-01	4.77e-01
 1.41842e+22	9.15e-22	9.81e-17	6.52e-13	6.50e-10	1.69e-07	1.04e-05	1.94e-04	2.19e-03	1.03e-01	4.29e-01	4.66e-01
 1.42976e+22	1.20e-21	1.25e-16	8.07e-13	7.82e-10	1.99e-07	1.19e-05	2.15e-04	2.36e-03	1.07e-01	4.33e-01	4.57e-01
 1.44145e+22	1.69e-21	1.71e-16	1.06e-12	9.93e-10	2.44e-07	1.41e-05	2.47e-04	2.58e-03	1.13e-01	4.39e-01	4.46e-01
 1.45335e+22	2.21e-21	2.17e-16	1.32e-12	1.20e-09	2.87e-07	1.62e-05	2.74e-04	2.78e-03	1.17e-01	4.43e-01	4.37e-01
 1.46552e+22	3.11e-21	2.96e-16	1.73e-12	1.51e-09	3.52e-07	1.92e-05	3.14e-04	3.04e-03	1.23e-01	4.48e-01	4.25e-01
 1.47777e+22	4.02e-21	3.73e-16	2.12e-12	1.81e-09	4.11e-07	2.19e-05	3.48e-04	3.26e-03	1.28e-01	4.52e-01	4.16e-01
 1.49012e+22	5.60e-21	5.03e-16	2.77e-12	2.28e-09	5.02e-07	2.59e-05	3.97e-04	3.57e-03	1.35e-01	4.57e-01	4.04e-01
 1.50274e+22	7.21e-21	6.33e-16	3.39e-12	2.71e-09	5.85e-07	2.95e-05	4.40e-04	3.82e-03	1.40e-01	4.60e-01	3.95e-01
 1.51375e+22	9.15e-21	7.86e-16	4.11e-12	3.21e-09	6.77e-07	3.34e-05	4.84e-04	4.08e-03	1.45e-01	4.63e-01	3.87e-01
 1.52610e+22	1.24e-20	1.04e-15	5.26e-12	3.98e-09	8.17e-07	3.91e-05	5.48e-04	4.44e-03	1.52e-01	4.67e-01	3.76e-01
 1.53844e+22	1.56e-20	1.27e-15	6.29e-12	4.65e-09	9.35e-07	4.39e-05	6.00e-04	4.72e-03	1.57e-01	4.70e-01	3.68e-01
 1.55077e+22	2.08e-20	1.66e-15	7.96e-12	5.70e-09	1.12e-06	5.11e-05	6.76e-04	5.12e-03	1.64e-01	4.73e-01	3.57e-01
 1.56337e+22	2.61e-20	2.03e-15	9.56e-12	6.69e-09	1.28e-06	5.74e-05	7.41e-04	5.44e-03	1.70e-01	4.75e-01	3.49e-01
 1.57452e+22	3.25e-20	2.48e-15	1.14e-11	7.81e-09	1.47e-06	6.44e-05	8.11e-04	5.78e-03	1.75e-01	4.77e-01	3.41e-01
 1.58720e+22	4.33e-20	3.22e-15	1.44e-11	9.55e-09	1.75e-06	7.48e-05	9.12e-04	6.26e-03	1.83e-01	4.79e-01	3.31e-01
 1.59981e+22	5.29e-20	3.86e-15	1.69e-11	1.10e-08	1.98e-06	8.30e-05	9.89e-04	6.61e-03	1.88e-01	4.81e-01	3.23e-01
 1.61232e+22	6.93e-20	4.94e-15	2.11e-11	1.33e-08	2.35e-06	9.57e-05	1.11e-03	7.13e-03	1.96e-01	4.83e-01	3.13e-01
 1.62508e+22	8.50e-20	5.94e-15	2.49e-11	1.54e-08	2.66e-06	1.06e-04	1.20e-03	7.54e-03	2.01e-01	4.84e-01	3.06e-01
 1.63816e+22	1.11e-19	7.60e-15	3.10e-11	1.86e-08	3.14e-06	1.23e-04	1.34e-03	8.12e-03	2.09e-01	4.85e-01	2.96e-01
 1.65148e+22	1.37e-19	9.16e-15	3.66e-11	2.16e-08	3.57e-06	1.36e-04	1.46e-03	8.59e-03	2.15e-01	4.86e-01	2.89e-01
 1.66513e+22	1.79e-19	1.17e-14	4.57e-11	2.61e-08	4.22e-06	1.57e-04	1.63e-03	9.26e-03	2.24e-01	4.86e-01	2.79e-01
 1.67903e+22	2.20e-19	1.42e-14	5.40e-11	3.03e-08	4.80e-06	1.75e-04	1.78e-03	9.80e-03	2.30e-01	4.87e-01	2.71e-01
 1.69326e+22	2.88e-19	1.81e-14	6.74e-11	3.67e-08	5.68e-06	2.02e-04	1.99e-03	1.06e-02	2.39e-01	4.87e-01	2.62e-01
 1.70717e+22	3.47e-19	2.14e-14	7.83e-11	4.18e-08	6.36e-06	2.22e-04	2.14e-03	1.11e-02	2.45e-01	4.87e-01	2.55e-01
 1.72066e+22	4.46e-19	2.70e-14	9.62e-11	5.01e-08	7.45e-06	2.54e-04	2.38e-03	1.19e-02	2.53e-01	4.86e-01	2.46e-01
 1.73436e+22	5.37e-19	3.19e-14	1.12e-10	5.71e-08	8.34e-06	2.79e-04	2.56e-03	1.25e-02	2.60e-01	4.85e-01	2.40e-01
 1.74833e+22	6.86e-19	4.00e-14	1.37e-10	6.81e-08	9.73e-06	3.18e-04	2.83e-03	1.34e-02	2.68e-01	4.84e-01	2.31e-01
 1.76274e+22	8.38e-19	4.80e-14	1.61e-10	7.85e-08	1.10e-05	3.52e-04	3.07e-03	1.41e-02	2.75e-01	4.83e-01	2.24e-01
 1.77771e+22	1.07e-18	6.02e-14	1.98e-10	9.38e-08	1.28e-05	4.01e-04	3.39e-03	1.51e-02	2.84e-01	4.81e-01	2.16e-01
 1.79317e+22	1.33e-18	7.30e-14	2.35e-10	1.09e-07	1.46e-05	4.47e-04	3.69e-03	1.59e-02	2.92e-01	4.80e-01	2.09e-01
 1.80926e+22	1.72e-18	9.24e-14	2.90e-10	1.31e-07	1.72e-05	5.11e-04	4.09e-03	1.70e-02	3.01e-01	4.77e-01	2.00e-01
 1.82580e+22	2.13e-18	1.13e-13	3.46e-10	1.53e-07	1.96e-05	5.72e-04	4.46e-03	1.80e-02	3.09e-01	4.75e-01	1.93e-01
 1.84290e+22	2.79e-18	1.44e-13	4.31e-10	1.85e-07	2.31e-05	6.56e-04	4.96e-03	1.93e-02	3.19e-01	4.72e-01	1.85e-01
 1.86056e+22	3.49e-18	1.77e-13	5.18e-10	2.17e-07	2.66e-05	7.36e-04	5.42e-03	2.05e-02	3.27e-01	4.68e-01	1.78e-01
 1.87895e+22	4.62e-18	2.28e-13	6.50e-10	2.65e-07	3.15e-05	8.48e-04	6.05e-03	2.20e-02	3.38e-01	4.64e-01	1.69e-01
 1.89785e+22	5.83e-18	2.82e-13	7.87e-10	3.12e-07	3.64e-05	9.55e-04	6.62e-03	2.33e-02	3.47e-01	4.60e-01	1.62e-01
 1.91486e+22	7.30e-18	3.46e-13	9.45e-10	3.66e-07	4.16e-05	1.07e-03	7.21e-03	2.46e-02	3.55e-01	4.56e-01	1.56e-01
 1.93440e+22	9.79e-18	4.53e-13	1.20e-09	4.51e-07	4.99e-05	1.24e-03	8.10e-03	2.65e-02	3.66e-01	4.51e-01	1.47e-01
 1.95405e+22	1.22e-17	5.54e-13	1.44e-09	5.28e-07	5.71e-05	1.39e-03	8.81e-03	2.80e-02	3.74e-01	4.46e-01	1.41e-01
 1.97386e+22	1.63e-17	7.21e-13	1.82e-09	6.48e-07	6.81e-05	1.61e-03	9.85e-03	3.01e-02	3.86e-01	4.40e-01	1.33e-01
 1.99409e+22	2.06e-17	8.92e-13	2.21e-09	7.64e-07	7.86e-05	1.81e-03	1.08e-02	3.18e-02	3.94e-01	4.34e-01	1.27e-01
 2.01487e+22	2.75e-17	1.16e-12	2.80e-09	9.41e-07	9.39e-05	2.10e-03	1.21e-02	3.42e-02	4.06e-01	4.27e-01	1.19e-01
 2.03607e+22	3.50e-17	1.45e-12	3.41e-09	1.12e-06	1.09e-04	2.37e-03	1.32e-02	3.62e-02	4.15e-01	4.20e-01	1.13e-01
 2.05495e+22	4.41e-17	1.79e-12	4.13e-09	1.32e-06	1.26e-04	2.67e-03	1.45e-02	3.83e-02	4.24e-01	4.13e-01	1.07e-01
 2.07663e+22	5.93e-17	2.36e-12	5.29e-09	1.64e-06	1.52e-04	3.12e-03	1.63e-02	4.13e-02	4.35e-01	4.04e-01	9.99e-02
 2.09701e+22	7.21e-17	2.82e-12	6.21e-09	1.88e-06	1.71e-04	3.44e-03	1.75e-02	4.32e-02	4.42e-01	3.98e-01	9.54e-02
 2.11570e+22	9.24e-17	3.55e-12	7.66e-09	2.26e-06	2.01e-04	3.94e-03	1.94e-02	4.61e-02	4.52e-01	3.89e-01	8.93e-02
 2.13462e+22	1.12e-16	4.25e-12	9.01e-09	2.60e-06	2.27e-04	4.35e-03	2.10e-02	4.83e-02	4.59e-01	3.82e-01	8.49e-02
 2.15386e+22	1.43e-16	5.34e-12	1.11e-08	3.12e-06	2.66e-04	4.97e-03	2.32e-02	5.14e-02	4.68e-01	3.73e-01	7.92e-02
 2.17350e+22	1.75e-16	6.42e-12	1.31e-08	3.62e-06	3.02e-04	5.54e-03	2.52e-02	5.40e-02	4.75e-01	3.65e-01	7.48e-02
 2.19366e+22	2.23e-16	8.09e-12	1.62e-08	4.36e-06	3.57e-04	6.37e-03	2.80e-02	5.77e-02	4.84e-01	3.54e-01	6.91e-02
 2.21395e+22	2.70e-16	9.66e-12	1.91e-08	5.03e-06	4.04e-04	7.07e-03	3.03e-02	6.05e-02	4.91e-01	3.46e-01	6.51e-02
 2.23440e+22	3.42e-16	1.21e-11	2.35e-08	6.05e-06	4.76e-04	8.12e-03	3.36e-02	6.45e-02	4.99e-01	3.35e-01	5.99e-02
 2.25525e+22	4.11e-16	1.44e-11	2.77e-08	7.00e-06	5.41e-04	9.05e-03	3.65e-02	6.79e-02	5.05e-01	3.25e-01	5.60e-02
 2.27663e+22	5.16e-16	1.80e-11	3.41e-08	8.42e-06	6.39e-04	1.04e-02	4.07e-02	7.24e-02	5.12e-01	3.13e-01	5.10e-02
 2.29843e+22	6.16e-16	2.13e-11	4.01e-08	9.73e-06	7.27e-04	1.16e-02	4.42e-02	7.62e-02	5.17e-01	3.03e-01	4.73e-02
 2.32077e+22	7.64e-16	2.64e-11	4.91e-08	1.17e-05	8.59e-04	1.34e-02	4.93e-02	8.14e-02	5.23e-01	2.89e-01	4.27e-02
 2.34332e+22	8.98e-16	3.10e-11	5.73e-08	1.35e-05	9.77e-04	1.50e-02	5.36e-02	8.55e-02	5.27e-01	2.78e-01	3.94e-02
 2.36240e+22	1.03e-15	3.57e-11	6.58e-08	1.53e-05	1.10e-03	1.66e-02	5.78e-02	8.95e-02	5.30e-01	2.68e-01	3.64e-02
 2.38309e+22	1.21e-15	4.22e-11	7.78e-08	1.78e-05	1.26e-03	1.88e-02	6.35e-02	9.47e-02	5.33e-01	2.56e-01	3.29e-02
 2.40383e+22	1.37e-15	4.80e-11	8.85e-08	2.01e-05	1.41e-03	2.07e-02	6.83e-02	9.89e-02	5.35e-01	2.46e-01	3.03e-02
 2.42414e+22	1.56e-15	5.54e-11	1.03e-07	2.31e-05	1.61e-03	2.32e-02	7.44e-02	1.04e-01	5.36e-01	2.34e-01	2.74e-02
 2.44485e+22	1.74e-15	6.24e-11	1.16e-07	2.59e-05	1.80e-03	2.55e-02	8.00e-02	1.09e-01	5.36e-01	2.23e-01	2.50e-02
 2.46515e+22	1.92e-15	7.04e-11	1.32e-07	2.94e-05	2.03e-03	2.83e-02	8.66e-02	1.14e-01	5.35e-01	2.12e-01	2.26e-02
 2.48587e+22	2.10e-15	7.84e-11	1.49e-07	3.30e-05	2.27e-03	3.12e-02	9.29e-02	1.19e-01	5.33e-01	2.01e-01	2.05e-02
 2.50643e+22	2.28e-15	8.69e-11	1.67e-07	3.70e-05	2.53e-03	3.44e-02	9.99e-02	1.24e-01	5.30e-01	1.90e-01	1.84e-02
 2.52708e+22	2.43e-15	9.53e-11	1.87e-07	4.13e-05	2.82e-03	3.77e-02	1.07e-01	1.29e-01	5.27e-01	1.80e-01	1.66e-02
 2.54737e+22	2.58e-15	1.04e-10	2.07e-07	4.59e-05	3.12e-03	4.13e-02	1.14e-01	1.34e-01	5.22e-01	1.70e-01	1.49e-02
 2.56767e+22	2.71e-15	1.13e-10	2.29e-07	5.09e-05	3.46e-03	4.51e-02	1.21e-01	1.39e-01	5.17e-01	1.60e-01	1.34e-02
 2.58800e+22	2.82e-15	1.21e-10	2.53e-07	5.63e-05	3.82e-03	4.91e-02	1.29e-01	1.44e-01	5.11e-01	1.51e-01	1.20e-02
 2.60839e+22	2.93e-15	1.31e-10	2.78e-07	6.22e-05	4.21e-03	5.34e-02	1.36e-01	1.49e-01	5.04e-01	1.42e-01	1.08e-02
 2.62889e+22	3.02e-15	1.40e-10	3.06e-07	6.88e-05	4.65e-03	5.79e-02	1.44e-01	1.54e-01	4.97e-01	1.33e-01	9.63e-03
 2.64958e+22	3.10e-15	1.50e-10	3.36e-07	7.61e-05	5.12e-03	6.28e-02	1.52e-01	1.58e-01	4.89e-01	1.25e-01	8.59e-03
 2.67049e+22	3.17e-15	1.60e-10	3.70e-07	8.42e-05	5.64e-03	6.79e-02	1.60e-01	1.63e-01	4.79e-01	1.16e-01	7.64e-03
 2.69151e+22	3.24e-15	1.71e-10	4.07e-07	9.32e-05	6.21e-03	7.34e-02	1.68e-01	1.67e-01	4.70e-01	1.09e-01	6.79e-03
 2.71286e+22	3.30e-15	1.83e-10	4.50e-07	1.04e-04	6.86e-03	7.93e-02	1.76e-01	1.72e-01	4.59e-01	1.01e-01	6.00e-03
 2.73444e+22	3.38e-15	1.96e-10	4.97e-07	1.15e-04	7.56e-03	8.55e-02	1.84e-01	1.75e-01	4.48e-01	9.37e-02	5.31e-03
 2.75644e+22	3.45e-15	2.11e-10	5.53e-07	1.29e-04	8.36e-03	9.23e-02	1.93e-01	1.79e-01	4.36e-01	8.66e-02	4.66e-03
 2.77884e+22	3.54e-15	2.28e-10	6.16e-07	1.44e-04	9.23e-03	9.94e-02	2.01e-01	1.83e-01	4.24e-01	8.00e-02	4.10e-03
 2.79937e+22	3.62e-15	2.44e-10	6.77e-07	1.58e-04	1.00e-02	1.06e-01	2.07e-01	1.85e-01	4.13e-01	7.48e-02	3.67e-03
 2.82082e+22	3.73e-15	2.66e-10	7.63e-07	1.79e-04	1.12e-02	1.14e-01	2.16e-01	1.89e-01	3.99e-01	6.84e-02	3.19e-03
 2.84258e+22	3.86e-15	2.88e-10	8.46e-07	1.98e-04	1.22e-02	1.21e-01	2.22e-01	1.91e-01	3.87e-01	6.37e-02	2.84e-03
 2.86496e+22	4.05e-15	3.19e-10	9.68e-07	2.26e-04	1.36e-02	1.31e-01	2.30e-01	1.93e-01	3.72e-01	5.79e-02	2.45e-03
 2.88738e+22	4.22e-15	3.47e-10	1.08e-06	2.51e-04	1.48e-02	1.38e-01	2.36e-01	1.94e-01	3.60e-01	5.37e-02	2.18e-03
 2.90985e+22	4.46e-15	3.88e-10	1.24e-06	2.88e-04	1.65e-02	1.49e-01	2.44e-01	1.96e-01	3.45e-01	4.86e-02	1.86e-03
 2.93241e+22	4.73e-15	4.27e-10	1.39e-06	3.20e-04	1.80e-02	1.57e-01	2.49e-01	1.96e-01	3.32e-01	4.50e-02	1.66e-03
 2.95509e+22	5.09e-15	4.84e-10	1.62e-06	3.69e-04	2.00e-02	1.69e-01	2.56e-01	1.97e-01	3.17e-01	4.05e-02	1.41e-03
 2.97801e+22	5.48e-15	5.39e-10	1.83e-06	4.12e-04	2.18e-02	1.78e-01	2.61e-01	1.96e-01	3.04e-01	3.73e-02	1.25e-03
 3.00125e+22	6.02e-15	6.20e-10	2.15e-06	4.76e-04	2.43e-02	1.90e-01	2.66e-01	1.96e-01	2.88e-01	3.35e-02	1.06e-03
 3.02481e+22	6.58e-15	6.99e-10	2.44e-06	5.34e-04	2.65e-02	2.00e-01	2.71e-01	1.95e-01	2.76e-01	3.07e-02	9.31e-04
 3.04879e+22	7.40e-15	8.19e-10	2.90e-06	6.21e-04	2.96e-02	2.14e-01	2.75e-01	1.93e-01	2.59e-01	2.73e-02	7.84e-04
 3.07321e+22	8.25e-15	9.36e-10	3.33e-06	7.00e-04	3.23e-02	2.25e-01	2.79e-01	1.91e-01	2.47e-01	2.49e-02	6.83e-04
 3.09821e+22	9.54e-15	1.12e-09	4.00e-06	8.18e-04	3.61e-02	2.39e-01	2.82e-01	1.88e-01	2.31e-01	2.19e-02	5.69e-04
 3.12379e+22	1.09e-14	1.30e-09	4.65e-06	9.27e-04	3.94e-02	2.51e-01	2.85e-01	1.85e-01	2.18e-01	1.98e-02	4.91e-04
 3.15013e+22	1.30e-14	1.58e-09	5.65e-06	1.09e-03	4.41e-02	2.67e-01	2.87e-01	1.81e-01	2.02e-01	1.73e-02	4.04e-04
 3.17693e+22	1.52e-14	1.87e-09	6.60e-06	1.24e-03	4.80e-02	2.79e-01	2.88e-01	1.77e-01	1.90e-01	1.55e-02	3.47e-04
 3.19965e+22	1.76e-14	2.17e-09	7.63e-06	1.39e-03	5.20e-02	2.91e-01	2.89e-01	1.74e-01	1.79e-01	1.40e-02	3.00e-04
 3.22451e+22	2.14e-14	2.66e-09	9.19e-06	1.61e-03	5.74e-02	3.06e-01	2.89e-01	1.68e-01	1.65e-01	1.22e-02	2.48e-04
 3.24849e+22	2.47e-14	3.07e-09	1.05e-05	1.79e-03	6.15e-02	3.16e-01	2.88e-01	1.64e-01	1.56e-01	1.11e-02	2.17e-04
 3.27131e+22	3.00e-14	3.71e-09	1.24e-05	2.05e-03	6.71e-02	3.30e-01	2.87e-01	1.59e-01	1.45e-01	9.80e-03	1.82e-04
 3.29438e+22	3.52e-14	4.31e-09	1.42e-05	2.26e-03	7.17e-02	3.40e-01	2.85e-01	1.55e-01	1.36e-01	8.89e-03	1.59e-04
 3.31777e+22	4.34e-14	5.26e-09	1.69e-05	2.59e-03	7.82e-02	3.54e-01	2.83e-01	1.49e-01	1.26e-01	7.78e-03	1.32e-04
 3.34151e+22	5.16e-14	6.15e-09	1.94e-05	2.87e-03	8.34e-02	3.64e-01	2.81e-01	1.44e-01	1.18e-01	7.01e-03	1.14e-04
 3.36571e+22	6.49e-14	7.58e-09	2.31e-05	3.28e-03	9.08e-02	3.77e-01	2.77e-01	1.38e-01	1.08e-01	6.08e-03	9.43e-05
 3.39025e+22	7.80e-14	8.93e-09	2.66e-05	3.63e-03	9.67e-02	3.87e-01	2.73e-01	1.33e-01	1.00e-01	5.45e-03	8.12e-05
 3.41524e+22	9.96e-14	1.11e-08	3.19e-05	4.16e-03	1.05e-01	4.00e-01	2.68e-01	1.27e-01	9.13e-02	4.69e-03	6.63e-05
 3.44068e+22	1.21e-13	1.31e-08	3.67e-05	4.61e-03	1.12e-01	4.09e-01	2.64e-01	1.21e-01	8.47e-02	4.18e-03	5.66e-05
 3.46669e+22	1.57e-13	1.65e-08	4.42e-05	5.28e-03	1.21e-01	4.21e-01	2.58e-01	1.15e-01	7.64e-02	3.56e-03	4.57e-05
 3.49330e+22	1.94e-13	1.97e-08	5.11e-05	5.87e-03	1.29e-01	4.30e-01	2.53e-01	1.09e-01	7.03e-02	3.14e-03	3.86e-05
 3.52066e+22	2.56e-13	2.50e-08	6.19e-05	6.72e-03	1.40e-01	4.40e-01	2.45e-01	1.02e-01	6.29e-02	2.65e-03	3.08e-05
 3.54875e+22	3.21e-13	3.02e-08	7.20e-05	7.48e-03	1.49e-01	4.48e-01	2.39e-01	9.70e-02	5.74e-02	2.31e-03	2.56e-05
 3.57778e+22	4.32e-13	3.87e-08	8.77e-05	8.60e-03	1.61e-01	4.58e-01	2.30e-01	9.01e-02	5.08e-02	1.93e-03	2.01e-05
 3.60706e+22	5.42e-13	4.67e-08	1.02e-04	9.53e-03	1.70e-01	4.64e-01	2.23e-01	8.49e-02	4.62e-02	1.67e-03	1.67e-05
 3.63668e+22	7.36e-13	6.01e-08	1.24e-04	1.09e-02	1.84e-01	4.71e-01	2.14e-01	7.83e-02	4.05e-02	1.38e-03	1.30e-05
 3.66659e+22	9.25e-13	7.26e-08	1.43e-04	1.21e-02	1.94e-01	4.76e-01	2.07e-01	7.34e-02	3.67e-02	1.20e-03	1.07e-05
 3.69690e+22	1.26e-12	9.36e-08	1.75e-04	1.38e-02	2.08e-01	4.81e-01	1.97e-01	6.73e-02	3.20e-02	9.79e-04	8.25e-06
 3.72770e+22	1.60e-12	1.13e-07	2.02e-04	1.53e-02	2.19e-01	4.84e-01	1.89e-01	6.27e-02	2.88e-02	8.40e-04	6.76e-06
 3.75913e+22	2.20e-12	1.47e-07	2.47e-04	1.74e-02	2.35e-01	4.86e-01	1.79e-01	5.70e-02	2.49e-02	6.81e-04	5.14e-06
 3.79025e+22	2.77e-12	1.77e-07	2.84e-04	1.91e-02	2.46e-01	4.87e-01	1.71e-01	5.31e-02	2.24e-02	5.84e-04	4.21e-06
 3.81554e+22	3.42e-12	2.09e-07	3.23e-04	2.08e-02	2.56e-01	4.88e-01	1.64e-01	4.97e-02	2.03e-02	5.07e-04	3.50e-06
 3.84298e+22	4.45e-12	2.59e-07	3.79e-04	2.31e-02	2.70e-01	4.87e-01	1.56e-01	4.56e-02	1.79e-02	4.24e-04	2.78e-06
 3.87080e+22	5.52e-12	3.07e-07	4.31e-04	2.52e-02	2.81e-01	4.86e-01	1.49e-01	4.25e-02	1.61e-02	3.65e-04	2.29e-06
 3.89910e+22	7.25e-12	3.81e-07	5.08e-04	2.80e-02	2.95e-01	4.83e-01	1.41e-01	3.87e-02	1.41e-02	3.02e-04	1.79e-06
 3.92773e+22	9.00e-12	4.53e-07	5.77e-04	3.04e-02	3.06e-01	4.80e-01	1.34e-01	3.59e-02	1.26e-02	2.59e-04	1.47e-06
 3.95681e+22	1.19e-11	5.64e-07	6.80e-04	3.37e-02	3.21e-01	4.75e-01	1.26e-01	3.26e-02	1.10e-02	2.13e-04	1.14e-06
 3.98654e+22	1.49e-11	6.75e-07	7.77e-04	3.67e-02	3.33e-01	4.71e-01	1.19e-01	3.00e-02	9.75e-03	1.80e-04	9.24e-07
 4.01712e+22	1.97e-11	8.41e-07	9.13e-04	4.06e-02	3.47e-01	4.64e-01	1.11e-01	2.71e-02	8.42e-03	1.47e-04	7.12e-07
 4.04851e+22	2.52e-11	1.02e-06	1.05e-03	4.44e-02	3.61e-01	4.58e-01	1.04e-01	2.47e-02	7.38e-03	1.22e-04	5.62e-07
 4.07621e+22	3.14e-11	1.22e-06	1.20e-03	4.80e-02	3.72e-01	4.51e-01	9.81e-02	2.27e-02	6.54e-03	1.03e-04	4.54e-07
 4.10746e+22	4.14e-11	1.51e-06	1.40e-03	5.29e-02	3.86e-01	4.42e-01	9.09e-02	2.03e-02	5.61e-03	8.37e-05	3.46e-07
 4.13985e+22	5.31e-11	1.83e-06	1.62e-03	5.77e-02	3.99e-01	4.34e-01	8.47e-02	1.84e-02	4.89e-03	6.91e-05	2.71e-07
 4.16885e+22	6.67e-11	2.19e-06	1.84e-03	6.24e-02	4.11e-01	4.25e-01	7.92e-02	1.68e-02	4.29e-03	5.77e-05	2.16e-07
 4.20169e+22	8.93e-11	2.75e-06	2.17e-03	6.88e-02	4.25e-01	4.13e-01	7.25e-02	1.49e-02	3.62e-03	4.57e-05	1.61e-07
 4.23546e+22	1.14e-10	3.33e-06	2.49e-03	7.46e-02	4.37e-01	4.03e-01	6.72e-02	1.34e-02	3.13e-03	3.75e-05	1.25e-07
 4.27043e+22	1.55e-10	4.22e-06	2.95e-03	8.24e-02	4.51e-01	3.89e-01	6.09e-02	1.17e-02	2.61e-03	2.92e-05	0.00e+00
 4.30608e+22	1.99e-10	5.13e-06	3.39e-03	8.94e-02	4.62e-01	3.77e-01	5.60e-02	1.05e-02	2.24e-03	2.37e-05	0.00e+00
 4.34261e+22	2.73e-10	6.53e-06	4.03e-03	9.87e-02	4.75e-01	3.61e-01	5.03e-02	9.13e-03	1.84e-03	1.82e-05	0.00e+00
 4.37945e+22	3.51e-10	7.94e-06	4.63e-03	1.07e-01	4.84e-01	3.49e-01	4.60e-02	8.12e-03	1.57e-03	1.46e-05	0.00e+00
 4.41182e+22	4.49e-10	9.60e-06	5.30e-03	1.15e-01	4.93e-01	3.36e-01	4.20e-02	7.24e-03	1.34e-03	1.18e-05	0.00e+00
 4.44903e+22	6.16e-10	1.22e-05	6.28e-03	1.26e-01	5.04e-01	3.19e-01	3.73e-02	6.23e-03	1.09e-03	8.90e-06	0.00e+00
 4.48663e+22	7.95e-10	1.49e-05	7.20e-03	1.36e-01	5.11e-01	3.05e-01	3.38e-02	5.51e-03	9.18e-04	7.07e-06	0.00e+00
 4.52474e+22	1.08e-09	1.88e-05	8.50e-03	1.49e-01	5.19e-01	2.89e-01	2.99e-02	4.72e-03	7.43e-04	5.32e-06	0.00e+00
 4.56346e+22	1.41e-09	2.29e-05	9.75e-03	1.60e-01	5.24e-01	2.74e-01	2.69e-02	4.14e-03	6.21e-04	4.18e-06	0.00e+00
 4.60296e+22	1.94e-09	2.94e-05	1.16e-02	1.75e-01	5.30e-01	2.57e-01	2.34e-02	3.50e-03	4.93e-04	3.07e-06	0.00e+00
 4.64276e+22	2.51e-09	3.56e-05	1.32e-02	1.87e-01	5.32e-01	2.43e-01	2.09e-02	3.06e-03	4.11e-04	2.40e-06	0.00e+00
 4.68293e+22	3.47e-09	4.55e-05	1.56e-02	2.03e-01	5.35e-01	2.25e-01	1.81e-02	2.57e-03	3.23e-04	1.74e-06	0.00e+00
 4.72359e+22	4.48e-09	5.52e-05	1.78e-02	2.17e-01	5.35e-01	2.12e-01	1.61e-02	2.23e-03	2.66e-04	1.35e-06	0.00e+00
 4.76488e+22	6.22e-09	7.06e-05	2.11e-02	2.35e-01	5.33e-01	1.95e-01	1.37e-02	1.86e-03	2.07e-04	9.66e-07	0.00e+00
 4.80673e+22	8.06e-09	8.56e-05	2.40e-02	2.50e-01	5.30e-01	1.82e-01	1.21e-02	1.60e-03	1.69e-04	7.38e-07	0.00e+00
 4.84315e+22	1.04e-08	1.03e-04	2.72e-02	2.65e-01	5.27e-01	1.69e-01	1.07e-02	1.38e-03	1.38e-04	5.66e-07	0.00e+00
 4.87795e+22	1.30e-08	1.22e-04	3.04e-02	2.78e-01	5.22e-01	1.59e-01	9.49e-03	1.21e-03	1.15e-04	4.44e-07	0.00e+00
 4.91104e+22	1.62e-08	1.44e-04	3.39e-02	2.92e-01	5.16e-01	1.48e-01	8.43e-03	1.05e-03	9.56e-05	3.48e-07	0.00e+00
 4.94832e+22	2.14e-08	1.77e-04	3.89e-02	3.09e-01	5.08e-01	1.36e-01	7.25e-03	8.86e-04	7.55e-05	2.55e-07	0.00e+00
 4.98552e+22	2.66e-08	2.08e-04	4.32e-02	3.23e-01	5.00e-01	1.26e-01	6.42e-03	7.70e-04	6.25e-05	1.99e-07	0.00e+00
 5.02263e+22	3.49e-08	2.54e-04	4.93e-02	3.41e-01	4.89e-01	1.15e-01	5.49e-03	6.45e-04	4.91e-05	1.45e-07	0.00e+00
 5.06044e+22	4.36e-08	2.99e-04	5.48e-02	3.55e-01	4.79e-01	1.06e-01	4.82e-03	5.56e-04	4.02e-05	0.00e+00	0.00e+00
 5.09916e+22	5.76e-08	3.66e-04	6.24e-02	3.72e-01	4.65e-01	9.53e-02	4.07e-03	4.60e-04	3.11e-05	0.00e+00	0.00e+00
 5.13826e+22	7.20e-08	4.31e-04	6.93e-02	3.86e-01	4.53e-01	8.73e-02	3.55e-03	3.93e-04	2.52e-05	0.00e+00	0.00e+00
 5.17267e+22	8.93e-08	5.04e-04	7.65e-02	4.00e-01	4.40e-01	7.99e-02	3.09e-03	3.37e-04	2.05e-05	0.00e+00	0.00e+00
 5.21221e+22	1.17e-07	6.15e-04	8.67e-02	4.16e-01	4.23e-01	7.11e-02	2.59e-03	2.75e-04	1.56e-05	0.00e+00	0.00e+00
 5.25049e+22	1.43e-07	7.10e-04	9.49e-02	4.28e-01	4.09e-01	6.51e-02	2.26e-03	2.37e-04	1.28e-05	0.00e+00	0.00e+00
 5.28097e+22	1.72e-07	8.08e-04	1.03e-01	4.38e-01	3.97e-01	5.99e-02	2.00e-03	2.06e-04	1.06e-05	0.00e+00	0.00e+00
 5.31443e+22	2.14e-07	9.46e-04	1.13e-01	4.49e-01	3.81e-01	5.40e-02	1.71e-03	1.73e-04	8.43e-06	0.00e+00	0.00e+00
 5.34848e+22	2.57e-07	1.08e-03	1.23e-01	4.58e-01	3.67e-01	4.93e-02	1.50e-03	1.49e-04	6.92e-06	0.00e+00	0.00e+00
 5.37852e+22	3.06e-07	1.22e-03	1.32e-01	4.66e-01	3.53e-01	4.51e-02	1.32e-03	1.29e-04	5.73e-06	0.00e+00	0.00e+00
 5.41281e+22	3.80e-07	1.42e-03	1.45e-01	4.76e-01	3.36e-01	4.02e-02	1.12e-03	1.07e-04	4.49e-06	0.00e+00	0.00e+00
 5.44752e+22	4.55e-07	1.62e-03	1.57e-01	4.82e-01	3.22e-01	3.64e-02	9.77e-04	9.15e-05	3.65e-06	0.00e+00	0.00e+00
 5.47794e+22	5.41e-07	1.83e-03	1.69e-01	4.88e-01	3.08e-01	3.31e-02	8.53e-04	7.84e-05	2.99e-06	0.00e+00	0.00e+00
 5.51268e+22	6.73e-07	2.13e-03	1.84e-01	4.94e-01	2.90e-01	2.91e-02	7.15e-04	6.41e-05	2.31e-06	0.00e+00	0.00e+00
 5.54772e+22	7.96e-07	2.39e-03	1.97e-01	4.98e-01	2.75e-01	2.63e-02	6.23e-04	5.47e-05	1.88e-06	0.00e+00	0.00e+00
 5.58314e+22	9.84e-07	2.77e-03	2.15e-01	5.01e-01	2.58e-01	2.30e-02	5.20e-04	4.45e-05	1.44e-06	0.00e+00	0.00e+00
 5.61772e+22	1.16e-06	3.11e-03	2.29e-01	5.03e-01	2.44e-01	2.06e-02	4.50e-04	3.77e-05	1.17e-06	0.00e+00	0.00e+00
 5.65121e+22	1.40e-06	3.54e-03	2.46e-01	5.03e-01	2.28e-01	1.82e-02	3.81e-04	3.11e-05	9.12e-07	0.00e+00	0.00e+00
 5.68705e+22	1.68e-06	4.02e-03	2.64e-01	5.02e-01	2.13e-01	1.60e-02	3.22e-04	2.56e-05	7.13e-07	0.00e+00	0.00e+00
 5.71992e+22	1.98e-06	4.49e-03	2.80e-01	5.01e-01	2.00e-01	1.42e-02	2.76e-04	2.15e-05	5.71e-07	0.00e+00	0.00e+00
 5.75664e+22	2.43e-06	5.15e-03	3.02e-01	4.97e-01	1.84e-01	1.22e-02	2.27e-04	1.71e-05	4.28e-07	0.00e+00	0.00e+00
 5.79433e+22	2.89e-06	5.79e-03	3.21e-01	4.92e-01	1.70e-01	1.06e-02	1.91e-04	1.40e-05	3.33e-07	0.00e+00	0.00e+00
 5.83328e+22	3.58e-06	6.69e-03	3.46e-01	4.84e-01	1.54e-01	8.93e-03	1.53e-04	1.08e-05	2.42e-07	0.00e+00	0.00e+00
 5.87242e+22	4.22e-06	7.47e-03	3.66e-01	4.77e-01	1.42e-01	7.76e-03	1.29e-04	8.80e-06	1.88e-07	0.00e+00	0.00e+00
 5.91180e+22	5.18e-06	8.55e-03	3.91e-01	4.66e-01	1.28e-01	6.49e-03	1.03e-04	6.77e-06	1.36e-07	0.00e+00	0.00e+00
 5.95242e+22	6.16e-06	9.58e-03	4.13e-01	4.55e-01	1.16e-01	5.53e-03	8.49e-05	5.38e-06	0.00e+00	0.00e+00	0.00e+00
 5.98907e+22	7.27e-06	1.07e-02	4.35e-01	4.44e-01	1.05e-01	4.72e-03	7.01e-05	4.28e-06	0.00e+00	0.00e+00	0.00e+00
 6.03112e+22	8.94e-06	1.22e-02	4.63e-01	4.28e-01	9.28e-02	3.85e-03	5.48e-05	3.19e-06	0.00e+00	0.00e+00	0.00e+00
 6.07407e+22	1.06e-05	1.36e-02	4.86e-01	4.14e-01	8.30e-02	3.22e-03	4.43e-05	2.48e-06	0.00e+00	0.00e+00	0.00e+00
 6.10645e+22	1.20e-05	1.47e-02	5.02e-01	4.03e-01	7.65e-02	2.84e-03	3.81e-05	2.07e-06	0.00e+00	0.00e+00	0.00e+00
 6.13685e+22	1.38e-05	1.61e-02	5.22e-01	3.90e-01	6.93e-02	2.43e-03	3.17e-05	1.66e-06	0.00e+00	0.00e+00	0.00e+00
 6.16818e+22	1.56e-05	1.74e-02	5.39e-01	3.78e-01	6.35e-02	2.13e-03	2.70e-05	1.37e-06	0.00e+00	0.00e+00	0.00e+00
 6.20075e+22	1.81e-05	1.91e-02	5.59e-01	3.63e-01	5.67e-02	1.79e-03	2.21e-05	1.07e-06	0.00e+00	0.00e+00	0.00e+00
 6.23346e+22	2.04e-05	2.05e-02	5.75e-01	3.51e-01	5.16e-02	1.55e-03	1.87e-05	8.80e-07	0.00e+00	0.00e+00	0.00e+00
 6.26635e+22	2.37e-05	2.25e-02	5.95e-01	3.35e-01	4.58e-02	1.30e-03	1.52e-05	6.82e-07	0.00e+00	0.00e+00	0.00e+00
 6.29960e+22	2.67e-05	2.42e-02	6.11e-01	3.22e-01	4.14e-02	1.12e-03	1.28e-05	5.54e-07	0.00e+00	0.00e+00	0.00e+00
 6.33331e+22	3.09e-05	2.64e-02	6.30e-01	3.06e-01	3.65e-02	9.27e-04	1.03e-05	4.26e-07	0.00e+00	0.00e+00	0.00e+00
 6.36765e+22	3.49e-05	2.84e-02	6.46e-01	2.92e-01	3.27e-02	7.91e-04	8.59e-06	3.41e-07	0.00e+00	0.00e+00	0.00e+00
 6.40281e+22	4.05e-05	3.10e-02	6.64e-01	2.76e-01	2.84e-02	6.47e-04	6.82e-06	2.57e-07	0.00e+00	0.00e+00	0.00e+00
 6.43849e+22	4.57e-05	3.33e-02	6.79e-01	2.62e-01	2.53e-02	5.47e-04	5.63e-06	2.03e-07	0.00e+00	0.00e+00	0.00e+00
 6.47486e+22	5.31e-05	3.64e-02	6.96e-01	2.45e-01	2.18e-02	4.42e-04	4.41e-06	1.51e-07	0.00e+00	0.00e+00	0.00e+00
 6.51195e+22	6.01e-05	3.91e-02	7.10e-01	2.32e-01	1.92e-02	3.70e-04	3.60e-06	0.00e+00	0.00e+00	0.00e+00	0.00e+00
 6.54998e+22	7.01e-05	4.27e-02	7.26e-01	2.15e-01	1.63e-02	2.94e-04	2.77e-06	0.00e+00	0.00e+00	0.00e+00	0.00e+00
 6.58887e+22	7.95e-05	4.58e-02	7.38e-01	2.02e-01	1.42e-02	2.43e-04	2.23e-06	0.00e+00	0.00e+00	0.00e+00	0.00e+00
 6.62887e+22	9.30e-05	5.01e-02	7.53e-01	1.85e-01	1.19e-02	1.90e-04	1.69e-06	0.00e+00	0.00e+00	0.00e+00	0.00e+00
 6.66937e+22	1.05e-04	5.37e-02	7.63e-01	1.73e-01	1.03e-02	1.56e-04	1.35e-06	0.00e+00	0.00e+00	0.00e+00	0.00e+00
 6.71055e+22	1.23e-04	5.84e-02	7.75e-01	1.58e-01	8.53e-03	1.21e-04	1.01e-06	0.00e+00	0.00e+00	0.00e+00	0.00e+00
 6.75271e+22	1.40e-04	6.29e-02	7.84e-01	1.46e-01	7.26e-03	9.78e-05	7.90e-07	0.00e+00	0.00e+00	0.00e+00	0.00e+00
 6.79616e+22	1.64e-04	6.85e-02	7.94e-01	1.32e-01	5.93e-03	7.48e-05	5.82e-07	0.00e+00	0.00e+00	0.00e+00	0.00e+00
 6.84026e+22	1.88e-04	7.36e-02	8.01e-01	1.21e-01	4.99e-03	5.95e-05	4.48e-07	0.00e+00	0.00e+00	0.00e+00	0.00e+00
 6.88520e+22	2.22e-04	8.04e-02	8.08e-01	1.08e-01	4.00e-03	4.46e-05	3.22e-07	0.00e+00	0.00e+00	0.00e+00	0.00e+00
 6.93054e+22	2.53e-04	8.61e-02	8.12e-01	9.82e-02	3.36e-03	3.56e-05	2.48e-07	0.00e+00	0.00e+00	0.00e+00	0.00e+00
 6.97642e+22	2.99e-04	9.40e-02	8.16e-01	8.68e-02	2.66e-03	2.64e-05	1.75e-07	0.00e+00	0.00e+00	0.00e+00	0.00e+00
 7.02322e+22	3.42e-04	1.01e-01	8.18e-01	7.85e-02	2.20e-03	2.07e-05	1.33e-07	0.00e+00	0.00e+00	0.00e+00	0.00e+00
 7.07122e+22	4.07e-04	1.10e-01	8.19e-01	6.85e-02	1.72e-03	1.51e-05	0.00e+00	0.00e+00	0.00e+00	0.00e+00	0.00e+00
 7.12057e+22	4.67e-04	1.18e-01	8.19e-01	6.12e-02	1.40e-03	1.17e-05	0.00e+00	0.00e+00	0.00e+00	0.00e+00	0.00e+00
 7.17166e+22	5.63e-04	1.30e-01	8.16e-01	5.25e-02	1.06e-03	8.31e-06	0.00e+00	0.00e+00	0.00e+00	0.00e+00	0.00e+00
 7.22418e+22	6.52e-04	1.40e-01	8.13e-01	4.63e-02	8.53e-04	6.32e-06	0.00e+00	0.00e+00	0.00e+00	0.00e+00	0.00e+00
 7.27853e+22	7.94e-04	1.54e-01	8.06e-01	3.90e-02	6.33e-04	4.37e-06	0.00e+00	0.00e+00	0.00e+00	0.00e+00	0.00e+00
 7.33494e+22	9.35e-04	1.66e-01	7.99e-01	3.36e-02	4.93e-04	3.22e-06	0.00e+00	0.00e+00	0.00e+00	0.00e+00	0.00e+00
 7.39400e+22	1.16e-03	1.84e-01	7.87e-01	2.75e-02	3.54e-04	2.14e-06	0.00e+00	0.00e+00	0.00e+00	0.00e+00	0.00e+00
 7.45559e+22	1.39e-03	2.00e-01	7.75e-01	2.31e-02	2.66e-04	1.51e-06	0.00e+00	0.00e+00	0.00e+00	0.00e+00	0.00e+00
 7.51187e+22	1.67e-03	2.17e-01	7.62e-01	1.92e-02	2.00e-04	1.06e-06	0.00e+00	0.00e+00	0.00e+00	0.00e+00	0.00e+00
 7.56035e+22	1.91e-03	2.31e-01	7.50e-01	1.67e-02	1.61e-04	8.10e-07	0.00e+00	0.00e+00	0.00e+00	0.00e+00	0.00e+00
 7.60731e+22	2.27e-03	2.49e-01	7.35e-01	1.39e-02	1.22e-04	5.71e-07	0.00e+00	0.00e+00	0.00e+00	0.00e+00	0.00e+00
 7.65592e+22	2.65e-03	2.66e-01	7.20e-01	1.17e-02	9.57e-05	4.18e-07	0.00e+00	0.00e+00	0.00e+00	0.00e+00	0.00e+00
 7.70668e+22	3.21e-03	2.88e-01	6.99e-01	9.37e-03	6.97e-05	2.77e-07	0.00e+00	0.00e+00	0.00e+00	0.00e+00	0.00e+00
 7.75852e+22	3.78e-03	3.08e-01	6.81e-01	7.69e-03	5.32e-05	1.95e-07	0.00e+00	0.00e+00	0.00e+00	0.00e+00	0.00e+00
 7.81175e+22	4.64e-03	3.33e-01	6.56e-01	5.90e-03	3.75e-05	1.21e-07	0.00e+00	0.00e+00	0.00e+00	0.00e+00	0.00e+00
 7.86065e+22	5.38e-03	3.52e-01	6.37e-01	4.83e-03	2.92e-05	0.00e+00	0.00e+00	0.00e+00	0.00e+00	0.00e+00	0.00e+00
 7.89678e+22	6.08e-03	3.68e-01	6.22e-01	4.04e-03	2.35e-05	0.00e+00	0.00e+00	0.00e+00	0.00e+00	0.00e+00	0.00e+00
 7.93661e+22	7.12e-03	3.89e-01	6.01e-01	3.17e-03	1.76e-05	0.00e+00	0.00e+00	0.00e+00	0.00e+00	0.00e+00	0.00e+00
 7.97916e+22	8.27e-03	4.09e-01	5.81e-01	2.48e-03	1.33e-05	0.00e+00	0.00e+00	0.00e+00	0.00e+00	0.00e+00	0.00e+00
 8.01835e+22	9.54e-03	4.27e-01	5.62e-01	1.92e-03	1.01e-05	0.00e+00	0.00e+00	0.00e+00	0.00e+00	0.00e+00	0.00e+00
 8.05564e+22	1.09e-02	4.44e-01	5.44e-01	1.48e-03	7.60e-06	0.00e+00	0.00e+00	0.00e+00	0.00e+00	0.00e+00	0.00e+00
 8.09053e+22	1.24e-02	4.59e-01	5.28e-01	1.13e-03	5.77e-06	0.00e+00	0.00e+00	0.00e+00	0.00e+00	0.00e+00	0.00e+00
 8.12261e+22	1.39e-02	4.72e-01	5.14e-01	8.70e-04	4.41e-06	0.00e+00	0.00e+00	0.00e+00	0.00e+00	0.00e+00	0.00e+00
 8.15188e+22	1.55e-02	4.82e-01	5.02e-01	6.69e-04	3.41e-06	0.00e+00	0.00e+00	0.00e+00	0.00e+00	0.00e+00	0.00e+00
 8.17853e+22	1.71e-02	4.90e-01	4.92e-01	5.19e-04	2.66e-06	0.00e+00	0.00e+00	0.00e+00	0.00e+00	0.00e+00	0.00e+00
 8.20278e+22	1.87e-02	4.97e-01	4.84e-01	4.07e-04	2.11e-06	0.00e+00	0.00e+00	0.00e+00	0.00e+00	0.00e+00	0.00e+00
 8.22488e+22	2.04e-02	5.01e-01	4.78e-01	3.23e-04	1.70e-06	0.00e+00	0.00e+00	0.00e+00	0.00e+00	0.00e+00	0.00e+00
 8.23869e+22	2.10e-02	5.00e-01	4.78e-01	2.85e-04	1.51e-06	0.00e+00	0.00e+00	0.00e+00	0.00e+00	0.00e+00	0.00e+00
 8.24370e+22	2.14e-02	5.00e-01	4.78e-01	2.72e-04	1.45e-06	0.00e+00	0.00e+00	0.00e+00	0.00e+00	0.00e+00	0.00e+00
 8.24767e+22	2.17e-02	5.01e-01	4.77e-01	2.60e-04	1.39e-06	0.00e+00	0.00e+00	0.00e+00	0.00e+00	0.00e+00	0.00e+00
 8.25280e+22	2.22e-02	5.02e-01	4.76e-01	2.46e-04	1.32e-06	0.00e+00	0.00e+00	0.00e+00	0.00e+00	0.00e+00	0.00e+00
 8.25884e+22	2.28e-02	5.03e-01	4.74e-01	2.30e-04	1.24e-06	0.00e+00	0.00e+00	0.00e+00	0.00e+00	0.00e+00	0.00e+00
 8.26490e+22	2.32e-02	5.03e-01	4.74e-01	2.16e-04	1.17e-06	0.00e+00	0.00e+00	0.00e+00	0.00e+00	0.00e+00	0.00e+00
 8.27079e+22	2.38e-02	5.03e-01	4.73e-01	2.02e-04	1.10e-06	0.00e+00	0.00e+00	0.00e+00	0.00e+00	0.00e+00	0.00e+00
 8.27663e+22	2.42e-02	5.03e-01	4.73e-01	1.91e-04	1.04e-06	0.00e+00	0.00e+00	0.00e+00	0.00e+00	0.00e+00	0.00e+00
 8.28264e+22	2.48e-02	5.03e-01	4.72e-01	1.79e-04	9.86e-07	0.00e+00	0.00e+00	0.00e+00	0.00e+00	0.00e+00	0.00e+00
 8.28888e+22	2.54e-02	5.03e-01	4.72e-01	1.68e-04	9.29e-07	0.00e+00	0.00e+00	0.00e+00	0.00e+00	0.00e+00	0.00e+00
 8.29489e+22	2.60e-02	5.02e-01	4.72e-01	1.58e-04	8.81e-07	0.00e+00	0.00e+00	0.00e+00	0.00e+00	0.00e+00	0.00e+00
 8.30088e+22	2.65e-02	5.02e-01	4.72e-01	1.49e-04	8.34e-07	0.00e+00	0.00e+00	0.00e+00	0.00e+00	0.00e+00	0.00e+00
 8.30718e+22	2.71e-02	5.01e-01	4.72e-01	1.40e-04	7.90e-07	0.00e+00	0.00e+00	0.00e+00	0.00e+00	0.00e+00	0.00e+00
 8.31369e+22	2.77e-02	5.00e-01	4.72e-01	1.32e-04	7.48e-07	0.00e+00	0.00e+00	0.00e+00	0.00e+00	0.00e+00	0.00e+00
 8.32042e+22	2.83e-02	4.99e-01	4.73e-01	1.24e-04	7.08e-07	0.00e+00	0.00e+00	0.00e+00	0.00e+00	0.00e+00	0.00e+00
 8.32724e+22	2.89e-02	4.97e-01	4.74e-01	1.17e-04	6.72e-07	0.00e+00	0.00e+00	0.00e+00	0.00e+00	0.00e+00	0.00e+00
 8.33426e+22	2.96e-02	4.96e-01	4.74e-01	1.10e-04	6.36e-07	0.00e+00	0.00e+00	0.00e+00	0.00e+00	0.00e+00	0.00e+00
 8.34159e+22	3.03e-02	4.95e-01	4.75e-01	1.03e-04	6.02e-07	0.00e+00	0.00e+00	0.00e+00	0.00e+00	0.00e+00	0.00e+00
 8.34904e+22	3.10e-02	4.93e-01	4.76e-01	9.70e-05	5.72e-07	0.00e+00	0.00e+00	0.00e+00	0.00e+00	0.00e+00	0.00e+00
 8.35635e+22	3.16e-02	4.91e-01	4.78e-01	9.17e-05	5.46e-07	0.00e+00	0.00e+00	0.00e+00	0.00e+00	0.00e+00	0.00e+00
 8.36208e+22	3.19e-02	4.88e-01	4.80e-01	8.85e-05	5.30e-07	0.00e+00	0.00e+00	0.00e+00	0.00e+00	0.00e+00	0.00e+00
 8.36604e+22	3.23e-02	4.87e-01	4.80e-01	8.61e-05	5.18e-07	0.00e+00	0.00e+00	0.00e+00	0.00e+00	0.00e+00	0.00e+00
 8.36986e+22	3.27e-02	4.87e-01	4.81e-01	8.37e-05	5.06e-07	0.00e+00	0.00e+00	0.00e+00	0.00e+00	0.00e+00	0.00e+00
 8.37427e+22	3.32e-02	4.86e-01	4.81e-01	8.11e-05	4.93e-07	0.00e+00	0.00e+00	0.00e+00	0.00e+00	0.00e+00	0.00e+00
 8.37905e+22	3.37e-02	4.85e-01	4.82e-01	7.85e-05	4.80e-07	0.00e+00	0.00e+00	0.00e+00	0.00e+00	0.00e+00	0.00e+00
 8.38378e+22	3.41e-02	4.84e-01	4.82e-01	7.62e-05	4.68e-07	0.00e+00	0.00e+00	0.00e+00	0.00e+00	0.00e+00	0.00e+00
 8.38844e+22	3.46e-02	4.83e-01	4.83e-01	7.40e-05	4.57e-07	0.00e+00	0.00e+00	0.00e+00	0.00e+00	0.00e+00	0.00e+00
 8.39316e+22	3.50e-02	4.82e-01	4.83e-01	7.19e-05	4.47e-07	0.00e+00	0.00e+00	0.00e+00	0.00e+00	0.00e+00	0.00e+00
 8.39803e+22	3.56e-02	4.81e-01	4.84e-01	6.98e-05	4.36e-07	0.00e+00	0.00e+00	0.00e+00	0.00e+00	0.00e+00	0.00e+00
 8.40299e+22	3.61e-02	4.80e-01	4.84e-01	6.78e-05	4.27e-07	0.00e+00	0.00e+00	0.00e+00	0.00e+00	0.00e+00	0.00e+00
 8.40796e+22	3.66e-02	4.79e-01	4.84e-01	6.58e-05	4.17e-07	0.00e+00	0.00e+00	0.00e+00	0.00e+00	0.00e+00	0.00e+00
 8.41303e+22	3.72e-02	4.79e-01	4.84e-01	6.40e-05	4.08e-07	0.00e+00	0.00e+00	0.00e+00	0.00e+00	0.00e+00	0.00e+00
 8.41827e+22	3.78e-02	4.78e-01	4.84e-01	6.22e-05	3.99e-07	0.00e+00	0.00e+00	0.00e+00	0.00e+00	0.00e+00	0.00e+00
 8.42364e+22	3.86e-02	4.78e-01	4.83e-01	6.04e-05	3.90e-07	0.00e+00	0.00e+00	0.00e+00	0.00e+00	0.00e+00	0.00e+00
 8.42905e+22	3.92e-02	4.77e-01	4.83e-01	5.87e-05	3.82e-07	0.00e+00	0.00e+00	0.00e+00	0.00e+00	0.00e+00	0.00e+00
 8.43463e+22	3.99e-02	4.77e-01	4.83e-01	5.70e-05	3.73e-07	0.00e+00	0.00e+00	0.00e+00	0.00e+00	0.00e+00	0.00e+00
 8.44046e+22	4.08e-02	4.78e-01	4.82e-01	5.53e-05	3.65e-07	0.00e+00	0.00e+00	0.00e+00	0.00e+00	0.00e+00	0.00e+00
 8.44634e+22	4.17e-02	4.78e-01	4.80e-01	5.37e-05	3.57e-07	0.00e+00	0.00e+00	0.00e+00	0.00e+00	0.00e+00	0.00e+00
 8.45222e+22	4.25e-02	4.78e-01	4.79e-01	5.22e-05	3.49e-07	0.00e+00	0.00e+00	0.00e+00	0.00e+00	0.00e+00	0.00e+00
 8.45830e+22	4.35e-02	4.79e-01	4.78e-01	5.07e-05	3.42e-07	0.00e+00	0.00e+00	0.00e+00	0.00e+00	0.00e+00	0.00e+00
 8.46474e+22	4.46e-02	4.80e-01	4.76e-01	4.91e-05	3.34e-07	0.00e+00	0.00e+00	0.00e+00	0.00e+00	0.00e+00	0.00e+00
 8.47127e+22	4.56e-02	4.80e-01	4.74e-01	4.76e-05	3.27e-07	0.00e+00	0.00e+00	0.00e+00	0.00e+00	0.00e+00	0.00e+00
 8.47799e+22	4.68e-02	4.81e-01	4.72e-01	4.61e-05	3.19e-07	0.00e+00	0.00e+00	0.00e+00	0.00e+00	0.00e+00	0.00e+00
 8.48502e+22	4.81e-02	4.83e-01	4.69e-01	4.47e-05	3.11e-07	0.00e+00	0.00e+00	0.00e+00	0.00e+00	0.00e+00	0.00e+00
 8.49214e+22	4.95e-02	4.84e-01	4.66e-01	4.32e-05	3.04e-07	0.00e+00	0.00e+00	0.00e+00	0.00e+00	0.00e+00	0.00e+00
 8.49940e+22	5.10e-02	4.86e-01	4.63e-01	4.18e-05	2.97e-07	0.00e+00	0.00e+00	0.00e+00	0.00e+00	0.00e+00	0.00e+00
 8.50689e+22	5.26e-02	4.88e-01	4.60e-01	4.05e-05	2.89e-07	0.00e+00	0.00e+00	0.00e+00	0.00e+00	0.00e+00	0.00e+00
 8.51463e+22	5.42e-02	4.90e-01	4.56e-01	3.91e-05	2.82e-07	0.00e+00	0.00e+00	0.00e+00	0.00e+00	0.00e+00	0.00e+00
 8.52257e+22	5.61e-02	4.92e-01	4.52e-01	3.77e-05	2.75e-07	0.00e+00	0.00e+00	0.00e+00	0.00e+00	0.00e+00	0.00e+00
 8.53060e+22	5.80e-02	4.95e-01	4.47e-01	3.64e-05	2.68e-07	0.00e+00	0.00e+00	0.00e+00	0.00e+00	0.00e+00	0.00e+00
 8.53872e+22	6.00e-02	4.97e-01	4.43e-01	3.52e-05	2.61e-07	0.00e+00	0.00e+00	0.00e+00	0.00e+00	0.00e+00	0.00e+00
 8.54702e+22	6.22e-02	5.00e-01	4.38e-01	3.39e-05	2.54e-07	0.00e+00	0.00e+00	0.00e+00	0.00e+00	0.00e+00	0.00e+00
 8.55552e+22	6.45e-02	5.03e-01	4.33e-01	3.27e-05	2.47e-07	0.00e+00	0.00e+00	0.00e+00	0.00e+00	0.00e+00	0.00e+00
 8.56404e+22	6.68e-02	5.06e-01	4.27e-01	3.16e-05	2.40e-07	0.00e+00	0.00e+00	0.00e+00	0.00e+00	0.00e+00	0.00e+00
 8.57262e+22	6.93e-02	5.09e-01	4.22e-01	3.04e-05	2.33e-07	0.00e+00	0.00e+00	0.00e+00	0.00e+00	0.00e+00	0.00e+00
 8.58145e+22	7.19e-02	5.12e-01	4.16e-01	2.93e-05	2.27e-07	0.00e+00	0.00e+00	0.00e+00	0.00e+00	0.00e+00	0.00e+00
 8.59044e+22	7.45e-02	5.15e-01	4.10e-01	2.82e-05	2.20e-07	0.00e+00	0.00e+00	0.00e+00	0.00e+00	0.00e+00	0.00e+00
 8.59953e+22	7.75e-02	5.18e-01	4.04e-01	2.72e-05	2.13e-07	0.00e+00	0.00e+00	0.00e+00	0.00e+00	0.00e+00	0.00e+00
 8.60888e+22	8.07e-02	5.22e-01	3.97e-01	2.61e-05	2.07e-07	0.00e+00	0.00e+00	0.00e+00	0.00e+00	0.00e+00	0.00e+00
 8.61843e+22	8.40e-02	5.25e-01	3.91e-01	2.51e-05	2.00e-07	0.00e+00	0.00e+00	0.00e+00	0.00e+00	0.00e+00	0.00e+00
 8.62812e+22	8.75e-02	5.29e-01	3.84e-01	2.41e-05	1.93e-07	0.00e+00	0.00e+00	0.00e+00	0.00e+00	0.00e+00	0.00e+00
 8.63797e+22	9.15e-02	5.33e-01	3.76e-01	2.31e-05	1.86e-07	0.00e+00	0.00e+00	0.00e+00	0.00e+00	0.00e+00	0.00e+00
 8.64812e+22	9.56e-02	5.36e-01	3.68e-01	2.22e-05	1.79e-07	0.00e+00	0.00e+00	0.00e+00	0.00e+00	0.00e+00	0.00e+00
 8.65845e+22	1.00e-01	5.40e-01	3.60e-01	2.12e-05	1.72e-07	0.00e+00	0.00e+00	0.00e+00	0.00e+00	0.00e+00	0.00e+00
 8.66846e+22	1.04e-01	5.43e-01	3.52e-01	2.03e-05	1.66e-07	0.00e+00	0.00e+00	0.00e+00	0.00e+00	0.00e+00	0.00e+00
 8.67779e+22	1.09e-01	5.46e-01	3.45e-01	1.92e-05	1.59e-07	0.00e+00	0.00e+00	0.00e+00	0.00e+00	0.00e+00	0.00e+00
 8.68641e+22	1.13e-01	5.49e-01	3.37e-01	1.83e-05	1.54e-07	0.00e+00	0.00e+00	0.00e+00	0.00e+00	0.00e+00	0.00e+00
 8.69450e+22	1.18e-01	5.52e-01	3.30e-01	1.74e-05	1.48e-07	0.00e+00	0.00e+00	0.00e+00	0.00e+00	0.00e+00	0.00e+00
 8.70200e+22	1.22e-01	5.54e-01	3.24e-01	1.67e-05	1.43e-07	0.00e+00	0.00e+00	0.00e+00	0.00e+00	0.00e+00	0.00e+00
 8.70926e+22	1.27e-01	5.57e-01	3.17e-01	1.59e-05	1.38e-07	0.00e+00	0.00e+00	0.00e+00	0.00e+00	0.00e+00	0.00e+00
 8.71655e+22	1.31e-01	5.59e-01	3.10e-01	1.53e-05	1.33e-07	0.00e+00	0.00e+00	0.00e+00	0.00e+00	0.00e+00	0.00e+00
 8.72362e+22	1.36e-01	5.61e-01	3.04e-01	1.46e-05	1.29e-07	0.00e+00	0.00e+00	0.00e+00	0.00e+00	0.00e+00	0.00e+00
 8.73026e+22	1.40e-01	5.62e-01	2.98e-01	1.40e-05	1.24e-07	0.00e+00	0.00e+00	0.00e+00	0.00e+00	0.00e+00	0.00e+00
 8.73657e+22	1.45e-01	5.64e-01	2.92e-01	1.34e-05	0.00e+00	0.00e+00	0.00e+00	0.00e+00	0.00e+00	0.00e+00	0.00e+00
 8.74290e+22	1.49e-01	5.65e-01	2.85e-01	1.29e-05	0.00e+00	0.00e+00	0.00e+00	0.00e+00	0.00e+00	0.00e+00	0.00e+00
 8.74895e+22	1.54e-01	5.66e-01	2.80e-01	1.24e-05	0.00e+00	0.00e+00	0.00e+00	0.00e+00	0.00e+00	0.00e+00	0.00e+00
 8.75466e+22	1.59e-01	5.67e-01	2.74e-01	1.19e-05	0.00e+00	0.00e+00	0.00e+00	0.00e+00	0.00e+00	0.00e+00	0.00e+00
 8.76033e+22	1.63e-01	5.68e-01	2.68e-01	1.14e-05	0.00e+00	0.00e+00	0.00e+00	0.00e+00	0.00e+00	0.00e+00	0.00e+00
 8.76577e+22	1.68e-01	5.69e-01	2.63e-01	1.10e-05	0.00e+00	0.00e+00	0.00e+00	0.00e+00	0.00e+00	0.00e+00	0.00e+00
 8.77089e+22	1.73e-01	5.70e-01	2.57e-01	1.06e-05	0.00e+00	0.00e+00	0.00e+00	0.00e+00	0.00e+00	0.00e+00	0.00e+00
 8.77590e+22	1.78e-01	5.71e-01	2.52e-01	1.02e-05	0.00e+00	0.00e+00	0.00e+00	0.00e+00	0.00e+00	0.00e+00	0.00e+00
 8.78078e+22	1.83e-01	5.71e-01	2.46e-01	9.85e-06	0.00e+00	0.00e+00	0.00e+00	0.00e+00	0.00e+00	0.00e+00	0.00e+00
 8.78538e+22	1.88e-01	5.71e-01	2.41e-01	9.52e-06	0.00e+00	0.00e+00	0.00e+00	0.00e+00	0.00e+00	0.00e+00	0.00e+00
 8.78956e+22	1.92e-01	5.71e-01	2.37e-01	9.21e-06	0.00e+00	0.00e+00	0.00e+00	0.00e+00	0.00e+00	0.00e+00	0.00e+00
 8.79336e+22	1.96e-01	5.71e-01	2.32e-01	8.93e-06	0.00e+00	0.00e+00	0.00e+00	0.00e+00	0.00e+00	0.00e+00	0.00e+00
 8.79683e+22	2.01e-01	5.71e-01	2.28e-01	8.69e-06	0.00e+00	0.00e+00	0.00e+00	0.00e+00	0.00e+00	0.00e+00	0.00e+00
 8.79998e+22	2.04e-01	5.71e-01	2.24e-01	8.46e-06	0.00e+00	0.00e+00	0.00e+00	0.00e+00	0.00e+00	0.00e+00	0.00e+00
 8.80285e+22	2.08e-01	5.71e-01	2.21e-01	8.26e-06	0.00e+00	0.00e+00	0.00e+00	0.00e+00	0.00e+00	0.00e+00	0.00e+00
 8.80546e+22	2.11e-01	5.71e-01	2.18e-01	8.08e-06	0.00e+00	0.00e+00	0.00e+00	0.00e+00	0.00e+00	0.00e+00	0.00e+00
 8.80832e+22	2.16e-01	5.71e-01	2.14e-01	7.86e-06	0.00e+00	0.00e+00	0.00e+00	0.00e+00	0.00e+00	0.00e+00	0.00e+00
 8.81140e+22	2.19e-01	5.70e-01	2.10e-01	7.66e-06	0.00e+00	0.00e+00	0.00e+00	0.00e+00	0.00e+00	0.00e+00	0.00e+00
 8.81421e+22	2.23e-01	5.70e-01	2.07e-01	7.48e-06	0.00e+00	0.00e+00	0.00e+00	0.00e+00	0.00e+00	0.00e+00	0.00e+00
 8.81677e+22	2.27e-01	5.70e-01	2.04e-01	7.31e-06	0.00e+00	0.00e+00	0.00e+00	0.00e+00	0.00e+00	0.00e+00	0.00e+00
 8.81909e+22	2.29e-01	5.69e-01	2.02e-01	7.18e-06	0.00e+00	0.00e+00	0.00e+00	0.00e+00	0.00e+00	0.00e+00	0.00e+00
 8.82164e+22	2.33e-01	5.69e-01	1.98e-01	7.00e-06	0.00e+00	0.00e+00	0.00e+00	0.00e+00	0.00e+00	0.00e+00	0.00e+00
 8.82496e+22	2.38e-01	5.68e-01	1.94e-01	6.78e-06	0.00e+00	0.00e+00	0.00e+00	0.00e+00	0.00e+00	0.00e+00	0.00e+00
 8.82854e+22	2.43e-01	5.67e-01	1.90e-01	6.58e-06	0.00e+00	0.00e+00	0.00e+00	0.00e+00	0.00e+00	0.00e+00	0.00e+00
 8.83179e+22	2.47e-01	5.66e-01	1.87e-01	6.40e-06	0.00e+00	0.00e+00	0.00e+00	0.00e+00	0.00e+00	0.00e+00	0.00e+00
 8.83475e+22	2.51e-01	5.65e-01	1.84e-01	6.24e-06	0.00e+00	0.00e+00	0.00e+00	0.00e+00	0.00e+00	0.00e+00	0.00e+00
 8.83800e+22	2.55e-01	5.64e-01	1.80e-01	6.06e-06	0.00e+00	0.00e+00	0.00e+00	0.00e+00	0.00e+00	0.00e+00	0.00e+00
 8.84151e+22	2.60e-01	5.63e-01	1.77e-01	5.88e-06	0.00e+00	0.00e+00	0.00e+00	0.00e+00	0.00e+00	0.00e+00	0.00e+00
 8.84470e+22	2.63e-01	5.62e-01	1.74e-01	5.73e-06	0.00e+00	0.00e+00	0.00e+00	0.00e+00	0.00e+00	0.00e+00	0.00e+00
 8.84760e+22	2.67e-01	5.61e-01	1.71e-01	5.59e-06	0.00e+00	0.00e+00	0.00e+00	0.00e+00	0.00e+00	0.00e+00	0.00e+00
 8.85024e+22	2.70e-01	5.61e-01	1.69e-01	5.48e-06	0.00e+00	0.00e+00	0.00e+00	0.00e+00	0.00e+00	0.00e+00	0.00e+00
 8.85313e+22	2.75e-01	5.59e-01	1.66e-01	5.33e-06	0.00e+00	0.00e+00	0.00e+00	0.00e+00	0.00e+00	0.00e+00	0.00e+00
 8.85690e+22	2.81e-01	5.58e-01	1.62e-01	5.13e-06	0.00e+00	0.00e+00	0.00e+00	0.00e+00	0.00e+00	0.00e+00	0.00e+00
