#depth	Si	Si+	Si+2	Si+3	Si+4	Si+5	Si+6	Si+7	Si+8	Si+9	Si+10	Si+11	Si+12	Si+13	Si+14
 4.62852e+21	1.92e-30	1.65e-17	1.15e-14	1.66e-12	1.45e-08	7.33e-06	7.53e-04	1.57e-02	1.04e-01	2.44e-01	2.12e-01	1.51e-01	2.47e-01	2.64e-02	8.46e-04
 1.02879e+22	2.09e-29	2.38e-16	1.23e-13	1.20e-11	7.37e-08	3.07e-05	2.54e-03	4.12e-02	1.92e-01	3.25e-01	2.00e-01	1.05e-01	1.25e-01	9.20e-03	2.03e-04
 1.18342e+22	9.17e-29	8.65e-16	3.77e-13	3.01e-11	1.52e-07	5.78e-05	4.32e-03	6.22e-02	2.42e-01	3.45e-01	1.78e-01	8.10e-02	8.16e-02	4.95e-03	9.02e-05
 1.26074e+22	1.89e-28	1.65e-15	6.56e-13	4.70e-11	2.15e-07	7.80e-05	5.57e-03	7.56e-02	2.68e-01	3.49e-01	1.64e-01	6.96e-02	6.44e-02	3.53e-03	5.81e-05
 1.29535e+22	2.41e-28	2.07e-15	7.94e-13	5.48e-11	2.42e-07	8.64e-05	6.07e-03	8.07e-02	2.77e-01	3.49e-01	1.59e-01	6.59e-02	5.91e-02	3.13e-03	4.97e-05
 1.31567e+22	3.30e-28	2.76e-15	1.01e-12	6.68e-11	2.81e-07	9.83e-05	6.76e-03	8.78e-02	2.88e-01	3.48e-01	1.53e-01	6.12e-02	5.28e-02	2.66e-03	4.05e-05
 1.33599e+22	4.20e-28	3.46e-15	1.23e-12	7.78e-11	3.15e-07	1.09e-04	7.35e-03	9.35e-02	2.96e-01	3.47e-01	1.47e-01	5.77e-02	4.83e-02	2.35e-03	3.44e-05
 1.35631e+22	5.72e-28	4.63e-15	1.57e-12	9.46e-11	3.65e-07	1.23e-04	8.17e-03	1.01e-01	3.07e-01	3.45e-01	1.40e-01	5.33e-02	4.29e-02	1.99e-03	2.79e-05
 1.37694e+22	7.32e-28	5.86e-15	1.91e-12	1.11e-10	4.11e-07	1.37e-04	8.89e-03	1.08e-01	3.15e-01	3.42e-01	1.35e-01	5.00e-02	3.89e-02	1.74e-03	2.34e-05
 1.39797e+22	1.00e-27	7.97e-15	2.47e-12	1.36e-10	4.79e-07	1.56e-04	9.91e-03	1.17e-01	3.26e-01	3.38e-01	1.27e-01	4.58e-02	3.41e-02	1.45e-03	1.86e-05
 1.41917e+22	1.29e-27	1.02e-14	3.02e-12	1.60e-10	5.40e-07	1.72e-04	1.08e-02	1.25e-01	3.34e-01	3.34e-01	1.21e-01	4.27e-02	3.08e-02	1.26e-03	1.55e-05
 1.44061e+22	1.76e-27	1.40e-14	3.94e-12	1.99e-10	6.33e-07	1.97e-04	1.20e-02	1.36e-01	3.44e-01	3.28e-01	1.14e-01	3.88e-02	2.68e-02	1.04e-03	1.21e-05
 1.46242e+22	2.27e-27	1.80e-14	4.87e-12	2.36e-10	7.19e-07	2.19e-04	1.31e-02	1.45e-01	3.51e-01	3.22e-01	1.07e-01	3.59e-02	2.39e-02	8.89e-04	9.98e-06
 1.48473e+22	3.12e-27	2.53e-14	6.45e-12	2.96e-10	8.50e-07	2.52e-04	1.47e-02	1.57e-01	3.61e-01	3.14e-01	9.96e-02	3.24e-02	2.05e-02	7.22e-04	7.67e-06
 1.50751e+22	4.05e-27	3.32e-14	8.10e-12	3.56e-10	9.74e-07	2.82e-04	1.60e-02	1.68e-01	3.67e-01	3.07e-01	9.34e-02	2.97e-02	1.81e-02	6.09e-04	6.19e-06
 1.53049e+22	5.54e-27	4.72e-14	1.08e-11	4.52e-10	1.16e-06	3.25e-04	1.80e-02	1.82e-01	3.75e-01	2.97e-01	8.58e-02	2.65e-02	1.54e-02	4.89e-04	4.69e-06
 1.55371e+22	7.20e-27	6.27e-14	1.37e-11	5.48e-10	1.34e-06	3.65e-04	1.97e-02	1.94e-01	3.80e-01	2.88e-01	7.98e-02	2.41e-02	1.34e-02	4.08e-04	3.74e-06
 1.57373e+22	9.22e-27	8.17e-14	1.71e-11	6.58e-10	1.53e-06	4.07e-04	2.14e-02	2.06e-01	3.85e-01	2.79e-01	7.44e-02	2.21e-02	1.18e-02	3.44e-04	3.03e-06
 1.59268e+22	1.16e-26	1.06e-13	2.12e-11	7.86e-10	1.75e-06	4.53e-04	2.32e-02	2.18e-01	3.88e-01	2.70e-01	6.94e-02	2.02e-02	1.04e-02	2.91e-04	2.46e-06
 1.61403e+22	1.54e-26	1.48e-13	2.80e-11	9.92e-10	2.08e-06	5.19e-04	2.57e-02	2.33e-01	3.92e-01	2.58e-01	6.31e-02	1.80e-02	8.85e-03	2.34e-04	1.87e-06
 1.63541e+22	1.94e-26	1.92e-13	3.48e-11	1.19e-09	2.39e-06	5.77e-04	2.78e-02	2.46e-01	3.94e-01	2.49e-01	5.85e-02	1.64e-02	7.77e-03	1.97e-04	1.51e-06
 1.65682e+22	2.56e-26	2.68e-13	4.61e-11	1.51e-09	2.85e-06	6.62e-04	3.07e-02	2.63e-01	3.95e-01	2.36e-01	5.29e-02	1.45e-02	6.55e-03	1.57e-04	1.14e-06
 1.67806e+22	3.20e-26	3.45e-13	5.71e-11	1.81e-09	3.27e-06	7.35e-04	3.32e-02	2.76e-01	3.95e-01	2.27e-01	4.89e-02	1.32e-02	5.75e-03	1.32e-04	9.24e-07
 1.69925e+22	4.23e-26	4.81e-13	7.55e-11	2.29e-09	3.91e-06	8.42e-04	3.66e-02	2.93e-01	3.94e-01	2.14e-01	4.40e-02	1.16e-02	4.82e-03	1.05e-04	6.97e-07
 1.72043e+22	5.29e-26	6.19e-13	9.34e-11	2.75e-09	4.49e-06	9.34e-04	3.94e-02	3.07e-01	3.93e-01	2.05e-01	4.04e-02	1.05e-02	4.21e-03	8.83e-05	5.61e-07
 1.74162e+22	6.97e-26	8.59e-13	1.23e-10	3.49e-09	5.37e-06	1.07e-03	4.33e-02	3.25e-01	3.90e-01	1.92e-01	3.62e-02	9.21e-03	3.52e-03	7.00e-05	4.22e-07
 1.76284e+22	8.74e-26	1.10e-12	1.52e-10	4.19e-09	6.16e-06	1.18e-03	4.64e-02	3.38e-01	3.87e-01	1.83e-01	3.31e-02	8.32e-03	3.07e-03	5.85e-05	3.39e-07
 1.78410e+22	1.16e-25	1.52e-12	2.01e-10	5.32e-09	7.38e-06	1.35e-03	5.09e-02	3.56e-01	3.82e-01	1.71e-01	2.95e-02	7.26e-03	2.55e-03	4.62e-05	2.54e-07
 1.80545e+22	1.46e-25	1.94e-12	2.48e-10	6.38e-09	8.47e-06	1.50e-03	5.45e-02	3.69e-01	3.77e-01	1.62e-01	2.69e-02	6.53e-03	2.22e-03	3.85e-05	2.03e-07
 1.82693e+22	1.95e-25	2.67e-12	3.25e-10	8.10e-09	1.01e-05	1.71e-03	5.95e-02	3.87e-01	3.70e-01	1.50e-01	2.38e-02	5.67e-03	1.84e-03	3.02e-05	1.51e-07
 1.84855e+22	2.47e-25	3.40e-12	4.01e-10	9.73e-09	1.16e-05	1.88e-03	6.36e-02	4.00e-01	3.64e-01	1.42e-01	2.16e-02	5.08e-03	1.59e-03	2.51e-05	0.00e+00
 1.87039e+22	3.34e-25	4.66e-12	5.27e-10	1.24e-08	1.39e-05	2.15e-03	6.92e-02	4.17e-01	3.56e-01	1.31e-01	1.90e-02	4.39e-03	1.31e-03	1.96e-05	0.00e+00
 1.89247e+22	4.28e-25	5.93e-12	6.50e-10	1.48e-08	1.60e-05	2.37e-03	7.38e-02	4.30e-01	3.48e-01	1.23e-01	1.72e-02	3.91e-03	1.12e-03	1.61e-05	0.00e+00
 1.91488e+22	5.89e-25	8.12e-12	8.53e-10	1.89e-08	1.92e-05	2.70e-03	8.01e-02	4.47e-01	3.38e-01	1.13e-01	1.50e-02	3.36e-03	9.18e-04	1.25e-05	0.00e+00
 1.93767e+22	7.66e-25	1.03e-11	1.06e-09	2.28e-08	2.21e-05	2.98e-03	8.53e-02	4.59e-01	3.30e-01	1.05e-01	1.35e-02	2.97e-03	7.84e-04	1.02e-05	0.00e+00
 1.96095e+22	1.08e-24	1.42e-11	1.39e-09	2.91e-08	2.65e-05	3.39e-03	9.25e-02	4.75e-01	3.18e-01	9.60e-02	1.17e-02	2.53e-03	6.34e-04	7.84e-06	0.00e+00
 1.98475e+22	1.42e-24	1.81e-11	1.73e-09	3.52e-08	3.06e-05	3.75e-03	9.84e-02	4.86e-01	3.09e-01	8.92e-02	1.05e-02	2.23e-03	5.37e-04	6.35e-06	0.00e+00
 2.00921e+22	2.05e-24	2.50e-11	2.29e-09	4.53e-08	3.70e-05	4.27e-03	1.07e-01	5.01e-01	2.96e-01	8.06e-02	8.98e-03	1.87e-03	4.30e-04	4.80e-06	0.00e+00
 2.03234e+22	2.61e-24	3.07e-11	2.75e-09	5.33e-08	4.17e-05	4.64e-03	1.12e-01	5.09e-01	2.88e-01	7.55e-02	8.14e-03	1.67e-03	3.72e-04	4.00e-06	0.00e+00
 2.05374e+22	3.59e-24	4.02e-11	3.49e-09	6.60e-08	4.89e-05	5.18e-03	1.19e-01	5.20e-01	2.77e-01	6.90e-02	7.12e-03	1.44e-03	3.06e-04	3.13e-06	0.00e+00
 2.07518e+22	4.59e-24	4.92e-11	4.19e-09	7.76e-08	5.51e-05	5.62e-03	1.25e-01	5.28e-01	2.68e-01	6.44e-02	6.43e-03	1.28e-03	2.64e-04	2.60e-06	0.00e+00
 2.09667e+22	6.32e-24	6.41e-11	5.30e-09	9.60e-08	6.46e-05	6.25e-03	1.33e-01	5.38e-01	2.57e-01	5.87e-02	5.60e-03	1.10e-03	2.17e-04	2.03e-06	0.00e+00
 2.11822e+22	8.06e-24	7.80e-11	6.32e-09	1.12e-07	7.25e-05	6.77e-03	1.40e-01	5.44e-01	2.49e-01	5.48e-02	5.06e-03	9.80e-04	1.87e-04	1.69e-06	0.00e+00
 2.13986e+22	1.11e-23	1.01e-10	7.97e-09	1.38e-07	8.47e-05	7.51e-03	1.48e-01	5.52e-01	2.37e-01	4.98e-02	4.41e-03	8.39e-04	1.53e-04	1.32e-06	0.00e+00
 2.16172e+22	1.42e-23	1.23e-10	9.50e-09	1.62e-07	9.51e-05	8.12e-03	1.55e-01	5.57e-01	2.29e-01	4.63e-02	3.97e-03	7.45e-04	1.32e-04	1.09e-06	0.00e+00
 2.18388e+22	1.96e-23	1.58e-10	1.20e-08	2.00e-07	1.11e-04	9.00e-03	1.64e-01	5.63e-01	2.18e-01	4.19e-02	3.45e-03	6.35e-04	1.08e-04	8.49e-07	0.00e+00
 2.20629e+22	2.51e-23	1.92e-10	1.43e-08	2.34e-07	1.25e-04	9.72e-03	1.71e-01	5.67e-01	2.09e-01	3.89e-02	3.09e-03	5.62e-04	9.23e-05	7.00e-07	0.00e+00
 2.22904e+22	3.47e-23	2.48e-10	1.80e-08	2.88e-07	1.46e-04	1.08e-02	1.80e-01	5.72e-01	1.98e-01	3.51e-02	2.67e-03	4.77e-04	7.50e-05	5.40e-07	0.00e+00
 2.25212e+22	4.48e-23	3.02e-10	2.15e-08	3.38e-07	1.64e-04	1.16e-02	1.88e-01	5.75e-01	1.90e-01	3.24e-02	2.39e-03	4.20e-04	6.39e-05	4.43e-07	0.00e+00
 2.27563e+22	6.21e-23	3.90e-10	2.72e-08	4.19e-07	1.91e-04	1.29e-02	1.98e-01	5.78e-01	1.80e-01	2.91e-02	2.06e-03	3.55e-04	5.16e-05	3.39e-07	0.00e+00
 2.29954e+22	8.05e-23	4.76e-10	3.27e-08	4.93e-07	2.16e-04	1.39e-02	2.06e-01	5.79e-01	1.72e-01	2.68e-02	1.83e-03	3.11e-04	4.38e-05	2.77e-07	0.00e+00
 2.32397e+22	1.12e-22	6.16e-10	4.15e-08	6.13e-07	2.53e-04	1.54e-02	2.17e-01	5.80e-01	1.61e-01	2.39e-02	1.57e-03	2.61e-04	3.50e-05	2.10e-07	0.00e+00
 2.34890e+22	1.46e-22	7.54e-10	4.99e-08	7.24e-07	2.85e-04	1.67e-02	2.26e-01	5.80e-01	1.53e-01	2.20e-02	1.39e-03	2.27e-04	2.95e-05	1.70e-07	0.00e+00
 2.37450e+22	2.05e-22	9.82e-10	6.38e-08	9.07e-07	3.36e-04	1.85e-02	2.38e-01	5.79e-01	1.43e-01	1.95e-02	1.18e-03	1.89e-04	2.34e-05	1.27e-07	0.00e+00
 2.40040e+22	2.68e-22	1.20e-09	7.69e-08	1.07e-06	3.79e-04	2.00e-02	2.47e-01	5.78e-01	1.36e-01	1.78e-02	1.04e-03	1.64e-04	1.96e-05	0.00e+00	0.00e+00
 2.42667e+22	3.76e-22	1.56e-09	9.83e-08	1.35e-06	4.46e-04	2.22e-02	2.59e-01	5.75e-01	1.26e-01	1.57e-02	8.77e-04	1.35e-04	1.55e-05	0.00e+00	0.00e+00
 2.45326e+22	4.91e-22	1.92e-09	1.19e-07	1.59e-06	5.04e-04	2.40e-02	2.69e-01	5.72e-01	1.20e-01	1.43e-02	7.72e-04	1.17e-04	1.29e-05	0.00e+00	0.00e+00
 2.47612e+22	6.30e-22	2.32e-09	1.42e-07	1.88e-06	5.67e-04	2.58e-02	2.78e-01	5.69e-01	1.13e-01	1.30e-02	6.81e-04	1.02e-04	1.08e-05	0.00e+00	0.00e+00
 2.50173e+22	8.67e-22	2.97e-09	1.79e-07	2.32e-06	6.61e-04	2.84e-02	2.90e-01	5.63e-01	1.05e-01	1.16e-02	5.78e-04	8.47e-05	8.62e-06	0.00e+00	0.00e+00
 2.52756e+22	1.11e-21	3.59e-09	2.14e-07	2.73e-06	7.40e-04	3.05e-02	2.99e-01	5.59e-01	9.95e-02	1.05e-02	5.12e-04	7.37e-05	7.25e-06	0.00e+00	0.00e+00
 2.54935e+22	1.40e-21	4.28e-09	2.52e-07	3.16e-06	8.23e-04	3.25e-02	3.08e-01	5.54e-01	9.43e-02	9.68e-03	4.56e-04	6.47e-05	6.17e-06	0.00e+00	0.00e+00
 2.57332e+22	1.86e-21	5.35e-09	3.11e-07	3.85e-06	9.47e-04	3.55e-02	3.20e-01	5.47e-01	8.77e-02	8.62e-03	3.91e-04	5.44e-05	4.97e-06	0.00e+00	0.00e+00
 2.59703e+22	2.32e-21	6.32e-09	3.64e-07	4.44e-06	1.05e-03	3.77e-02	3.28e-01	5.42e-01	8.32e-02	7.93e-03	3.50e-04	4.80e-05	4.26e-06	0.00e+00	0.00e+00
 2.62040e+22	3.04e-21	7.79e-09	4.43e-07	5.31e-06	1.19e-03	4.08e-02	3.38e-01	5.34e-01	7.78e-02	7.13e-03	3.04e-04	4.09e-05	3.49e-06	0.00e+00	0.00e+00
 2.64476e+22	3.86e-21	9.36e-09	5.27e-07	6.23e-06	1.33e-03	4.37e-02	3.48e-01	5.27e-01	7.32e-02	6.47e-03	2.67e-04	3.54e-05	2.92e-06	0.00e+00	0.00e+00
 2.66667e+22	4.83e-21	1.11e-08	6.19e-07	7.20e-06	1.48e-03	4.64e-02	3.56e-01	5.20e-01	6.91e-02	5.92e-03	2.38e-04	3.11e-05	2.49e-06	0.00e+00	0.00e+00
 2.69143e+22	6.41e-21	1.38e-08	7.63e-07	8.74e-06	1.69e-03	5.04e-02	3.68e-01	5.11e-01	6.40e-02	5.26e-03	2.03e-04	2.60e-05	2.00e-06	0.00e+00	0.00e+00
 2.71674e+22	8.07e-21	1.65e-08	9.05e-07	1.02e-05	1.89e-03	5.38e-02	3.77e-01	5.03e-01	6.00e-02	4.77e-03	1.79e-04	2.25e-05	1.67e-06	0.00e+00	0.00e+00
 2.74277e+22	1.08e-20	2.06e-08	1.11e-06	1.24e-05	2.15e-03	5.82e-02	3.88e-01	4.92e-01	5.55e-02	4.24e-03	1.53e-04	1.89e-05	1.35e-06	0.00e+00	0.00e+00
 2.76998e+22	1.40e-20	2.52e-08	1.35e-06	1.47e-05	2.43e-03	6.25e-02	3.97e-01	4.82e-01	5.15e-02	3.80e-03	1.33e-04	1.61e-05	1.11e-06	0.00e+00	0.00e+00
 2.79430e+22	1.77e-20	3.01e-08	1.60e-06	1.71e-05	2.71e-03	6.66e-02	4.06e-01	4.73e-01	4.83e-02	3.44e-03	1.17e-04	1.40e-05	9.27e-07	0.00e+00	0.00e+00
 2.82147e+22	2.38e-20	3.80e-08	1.99e-06	2.10e-05	3.12e-03	7.22e-02	4.17e-01	4.60e-01	4.41e-02	3.02e-03	9.85e-05	1.15e-05	7.32e-07	0.00e+00	0.00e+00
 2.84914e+22	3.04e-20	4.57e-08	2.37e-06	2.47e-05	3.48e-03	7.71e-02	4.26e-01	4.50e-01	4.10e-02	2.71e-03	8.59e-05	9.88e-06	6.06e-07	0.00e+00	0.00e+00
 2.87747e+22	4.13e-20	5.78e-08	2.97e-06	3.03e-05	4.01e-03	8.35e-02	4.36e-01	4.36e-01	3.74e-02	2.37e-03	7.22e-05	8.13e-06	4.77e-07	0.00e+00	0.00e+00
 2.90634e+22	5.32e-20	7.02e-08	3.57e-06	3.58e-05	4.50e-03	8.92e-02	4.45e-01	4.25e-01	3.46e-02	2.12e-03	6.25e-05	6.91e-06	3.91e-07	0.00e+00	0.00e+00
 2.93204e+22	6.80e-20	8.47e-08	4.27e-06	4.22e-05	5.03e-03	9.50e-02	4.52e-01	4.14e-01	3.20e-02	1.90e-03	5.43e-05	5.90e-06	3.22e-07	0.00e+00	0.00e+00
 2.96157e+22	9.29e-20	1.08e-07	5.36e-06	5.19e-05	5.80e-03	1.03e-01	4.62e-01	3.99e-01	2.90e-02	1.65e-03	4.53e-05	4.81e-06	2.51e-07	0.00e+00	0.00e+00
 2.99172e+22	1.20e-19	1.31e-07	6.47e-06	6.16e-05	6.51e-03	1.10e-01	4.69e-01	3.86e-01	2.66e-02	1.47e-03	3.89e-05	4.06e-06	2.04e-07	0.00e+00	0.00e+00
 3.02265e+22	1.66e-19	1.68e-07	8.18e-06	7.62e-05	7.52e-03	1.19e-01	4.78e-01	3.71e-01	2.39e-02	1.26e-03	3.22e-05	3.29e-06	1.57e-07	0.00e+00	0.00e+00
 3.05345e+22	2.15e-19	2.04e-07	9.82e-06	8.99e-05	8.40e-03	1.26e-01	4.84e-01	3.59e-01	2.20e-02	1.13e-03	2.78e-05	2.78e-06	1.28e-07	0.00e+00	0.00e+00
 3.08410e+22	2.94e-19	2.59e-07	1.24e-05	1.11e-04	9.68e-03	1.36e-01	4.91e-01	3.43e-01	1.97e-02	9.68e-04	2.29e-05	2.25e-06	0.00e+00	0.00e+00	0.00e+00
 3.11566e+22	3.84e-19	3.18e-07	1.50e-05	1.32e-04	1.09e-02	1.45e-01	4.96e-01	3.30e-01	1.79e-02	8.53e-04	1.95e-05	1.88e-06	0.00e+00	0.00e+00	0.00e+00
 3.14126e+22	4.77e-19	3.75e-07	1.76e-05	1.53e-04	1.20e-02	1.52e-01	5.00e-01	3.19e-01	1.65e-02	7.66e-04	1.70e-05	1.62e-06	0.00e+00	0.00e+00	0.00e+00
 3.16392e+22	5.86e-19	4.38e-07	2.03e-05	1.74e-04	1.30e-02	1.59e-01	5.03e-01	3.09e-01	1.54e-02	6.97e-04	1.51e-05	1.41e-06	0.00e+00	0.00e+00	0.00e+00
 3.18990e+22	7.55e-19	5.31e-07	2.44e-05	2.06e-04	1.46e-02	1.68e-01	5.06e-01	2.96e-01	1.40e-02	6.16e-04	1.29e-05	1.19e-06	0.00e+00	0.00e+00	0.00e+00
 3.21748e+22	9.49e-19	6.33e-07	2.88e-05	2.39e-04	1.61e-02	1.77e-01	5.09e-01	2.85e-01	1.28e-02	5.49e-04	1.12e-05	1.01e-06	0.00e+00	0.00e+00	0.00e+00
 3.24301e+22	1.20e-18	7.54e-07	3.40e-05	2.77e-04	1.77e-02	1.86e-01	5.10e-01	2.74e-01	1.18e-02	4.91e-04	9.70e-06	8.64e-07	0.00e+00	0.00e+00	0.00e+00
 3.27208e+22	1.61e-18	9.44e-07	4.21e-05	3.37e-04	2.01e-02	1.98e-01	5.12e-01	2.59e-01	1.05e-02	4.22e-04	8.03e-06	7.01e-07	0.00e+00	0.00e+00	0.00e+00
 3.30126e+22	2.03e-18	1.12e-06	4.96e-05	3.91e-04	2.21e-02	2.07e-01	5.12e-01	2.48e-01	9.56e-03	3.76e-04	6.94e-06	5.96e-07	0.00e+00	0.00e+00	0.00e+00
 3.33056e+22	2.70e-18	1.40e-06	6.11e-05	4.73e-04	2.50e-02	2.20e-01	5.12e-01	2.34e-01	8.49e-03	3.24e-04	5.74e-06	4.84e-07	0.00e+00	0.00e+00	0.00e+00
 3.36039e+22	3.45e-18	1.68e-06	7.23e-05	5.49e-04	2.75e-02	2.30e-01	5.11e-01	2.23e-01	7.72e-03	2.87e-04	4.94e-06	4.10e-07	0.00e+00	0.00e+00	0.00e+00
 3.39090e+22	4.63e-18	2.09e-06	8.92e-05	6.63e-04	3.10e-02	2.43e-01	5.08e-01	2.10e-01	6.83e-03	2.46e-04	4.08e-06	3.32e-07	0.00e+00	0.00e+00	0.00e+00
 3.42212e+22	5.95e-18	2.53e-06	1.07e-04	7.80e-04	3.43e-02	2.54e-01	5.05e-01	1.99e-01	6.13e-03	2.15e-04	3.44e-06	2.76e-07	0.00e+00	0.00e+00	0.00e+00
 3.44960e+22	7.53e-18	3.02e-06	1.26e-04	9.07e-04	3.77e-02	2.65e-01	5.02e-01	1.88e-01	5.53e-03	1.90e-04	2.94e-06	2.32e-07	0.00e+00	0.00e+00	0.00e+00
 3.48064e+22	1.01e-17	3.78e-06	1.55e-04	1.09e-03	4.24e-02	2.79e-01	4.97e-01	1.76e-01	4.86e-03	1.62e-04	2.41e-06	1.87e-07	0.00e+00	0.00e+00	0.00e+00
 3.51278e+22	1.31e-17	4.59e-06	1.86e-04	1.29e-03	4.69e-02	2.91e-01	4.91e-01	1.65e-01	4.32e-03	1.41e-04	2.02e-06	1.54e-07	0.00e+00	0.00e+00	0.00e+00
 3.54165e+22	1.68e-17	5.51e-06	2.21e-04	1.51e-03	5.16e-02	3.03e-01	4.85e-01	1.55e-01	3.85e-03	1.23e-04	1.70e-06	1.28e-07	0.00e+00	0.00e+00	0.00e+00
 3.57445e+22	2.30e-17	6.96e-06	2.75e-04	1.83e-03	5.80e-02	3.17e-01	4.76e-01	1.43e-01	3.34e-03	1.03e-04	1.37e-06	0.00e+00	0.00e+00	0.00e+00	0.00e+00
 3.60816e+22	3.00e-17	8.50e-06	3.31e-04	2.16e-03	6.42e-02	3.30e-01	4.67e-01	1.33e-01	2.93e-03	8.88e-05	1.13e-06	0.00e+00	0.00e+00	0.00e+00	0.00e+00
 3.63801e+22	3.79e-17	1.02e-05	3.93e-04	2.52e-03	7.04e-02	3.41e-01	4.58e-01	1.24e-01	2.60e-03	7.69e-05	9.48e-07	0.00e+00	0.00e+00	0.00e+00	0.00e+00
 3.67178e+22	5.20e-17	1.29e-05	4.89e-04	3.07e-03	7.90e-02	3.56e-01	4.46e-01	1.14e-01	2.22e-03	6.41e-05	7.55e-07	0.00e+00	0.00e+00	0.00e+00	0.00e+00
 3.70643e+22	6.81e-17	1.58e-05	5.88e-04	3.62e-03	8.71e-02	3.68e-01	4.34e-01	1.05e-01	1.93e-03	5.45e-05	6.17e-07	0.00e+00	0.00e+00	0.00e+00	0.00e+00
 3.73708e+22	8.79e-17	1.91e-05	6.99e-04	4.23e-03	9.53e-02	3.79e-01	4.23e-01	9.66e-02	1.69e-03	4.68e-05	5.10e-07	0.00e+00	0.00e+00	0.00e+00	0.00e+00
 3.77177e+22	1.22e-16	2.42e-05	8.69e-04	5.14e-03	1.06e-01	3.91e-01	4.07e-01	8.72e-02	1.43e-03	3.86e-05	4.01e-07	0.00e+00	0.00e+00	0.00e+00	0.00e+00
 3.80744e+22	1.60e-16	2.96e-05	1.05e-03	6.07e-03	1.17e-01	4.02e-01	3.93e-01	7.94e-02	1.23e-03	3.25e-05	3.23e-07	0.00e+00	0.00e+00	0.00e+00	0.00e+00
 3.83911e+22	2.09e-16	3.59e-05	1.24e-03	7.09e-03	1.28e-01	4.11e-01	3.79e-01	7.26e-02	1.06e-03	2.76e-05	2.64e-07	0.00e+00	0.00e+00	0.00e+00	0.00e+00
 3.87501e+22	2.92e-16	4.57e-05	1.55e-03	8.60e-03	1.42e-01	4.21e-01	3.61e-01	6.45e-02	8.82e-04	2.24e-05	2.04e-07	0.00e+00	0.00e+00	0.00e+00	0.00e+00
 3.91194e+22	3.90e-16	5.61e-05	1.86e-03	1.02e-02	1.55e-01	4.29e-01	3.45e-01	5.80e-02	7.46e-04	1.86e-05	1.62e-07	0.00e+00	0.00e+00	0.00e+00	0.00e+00
 3.94490e+22	5.14e-16	6.83e-05	2.22e-03	1.19e-02	1.68e-01	4.36e-01	3.29e-01	5.23e-02	6.36e-04	1.56e-05	1.30e-07	0.00e+00	0.00e+00	0.00e+00	0.00e+00
 3.98244e+22	7.36e-16	8.77e-05	2.77e-03	1.44e-02	1.87e-01	4.42e-01	3.08e-01	4.55e-02	5.15e-04	1.23e-05	0.00e+00	0.00e+00	0.00e+00	0.00e+00	0.00e+00
 4.02067e+22	9.89e-16	1.08e-04	3.32e-03	1.69e-02	2.02e-01	4.46e-01	2.91e-01	4.04e-02	4.31e-04	1.02e-05	0.00e+00	0.00e+00	0.00e+00	0.00e+00	0.00e+00
 4.05981e+22	1.45e-15	1.39e-04	4.16e-03	2.06e-02	2.23e-01	4.48e-01	2.69e-01	3.46e-02	3.43e-04	7.91e-06	0.00e+00	0.00e+00	0.00e+00	0.00e+00	0.00e+00
 4.09840e+22	1.94e-15	1.69e-04	4.93e-03	2.39e-02	2.40e-01	4.48e-01	2.52e-01	3.06e-02	2.87e-04	6.50e-06	0.00e+00	0.00e+00	0.00e+00	0.00e+00	0.00e+00
 4.13628e+22	2.83e-15	2.16e-04	6.09e-03	2.87e-02	2.62e-01	4.46e-01	2.31e-01	2.60e-02	2.27e-04	5.06e-06	0.00e+00	0.00e+00	0.00e+00	0.00e+00	0.00e+00
 4.17270e+22	3.74e-15	2.58e-04	7.08e-03	3.27e-02	2.78e-01	4.43e-01	2.16e-01	2.31e-02	1.91e-04	4.20e-06	0.00e+00	0.00e+00	0.00e+00	0.00e+00	0.00e+00
 4.20233e+22	4.87e-15	3.06e-04	8.17e-03	3.70e-02	2.93e-01	4.39e-01	2.01e-01	2.04e-02	1.61e-04	3.49e-06	0.00e+00	0.00e+00	0.00e+00	0.00e+00	0.00e+00
 4.23596e+22	6.88e-15	3.77e-04	9.73e-03	4.29e-02	3.13e-01	4.32e-01	1.85e-01	1.76e-02	1.31e-04	2.79e-06	0.00e+00	0.00e+00	0.00e+00	0.00e+00	0.00e+00
 4.27107e+22	9.41e-15	4.53e-04	1.13e-02	4.87e-02	3.30e-01	4.24e-01	1.70e-01	1.53e-02	1.08e-04	2.27e-06	0.00e+00	0.00e+00	0.00e+00	0.00e+00	0.00e+00
 4.30305e+22	1.28e-14	5.41e-04	1.31e-02	5.51e-02	3.46e-01	4.15e-01	1.56e-01	1.33e-02	8.90e-05	1.84e-06	0.00e+00	0.00e+00	0.00e+00	0.00e+00	0.00e+00
 4.33955e+22	1.89e-14	6.75e-04	1.57e-02	6.40e-02	3.67e-01	4.02e-01	1.40e-01	1.10e-02	6.95e-05	1.42e-06	0.00e+00	0.00e+00	0.00e+00	0.00e+00	0.00e+00
 4.37665e+22	2.74e-14	8.13e-04	1.82e-02	7.24e-02	3.83e-01	3.90e-01	1.26e-01	9.40e-03	5.61e-05	1.13e-06	0.00e+00	0.00e+00	0.00e+00	0.00e+00	0.00e+00
 4.40861e+22	3.66e-14	9.63e-04	2.09e-02	8.08e-02	3.98e-01	3.77e-01	1.15e-01	8.07e-03	4.58e-05	9.08e-07	0.00e+00	0.00e+00	0.00e+00	0.00e+00	0.00e+00
 4.44426e+22	5.56e-14	1.19e-03	2.47e-02	9.22e-02	4.15e-01	3.60e-01	1.01e-01	6.64e-03	3.56e-05	6.93e-07	0.00e+00	0.00e+00	0.00e+00	0.00e+00	0.00e+00
 4.47747e+22	7.54e-14	1.38e-03	2.76e-02	1.01e-01	4.26e-01	3.47e-01	9.19e-02	5.75e-03	2.95e-05	5.68e-07	0.00e+00	0.00e+00	0.00e+00	0.00e+00	0.00e+00
 4.50309e+22	1.06e-13	1.56e-03	3.05e-02	1.09e-01	4.35e-01	3.35e-01	8.45e-02	5.06e-03	2.50e-05	4.77e-07	0.00e+00	0.00e+00	0.00e+00	0.00e+00	0.00e+00
 4.53199e+22	1.46e-13	1.84e-03	3.46e-02	1.20e-01	4.45e-01	3.19e-01	7.55e-02	4.28e-03	2.02e-05	3.80e-07	0.00e+00	0.00e+00	0.00e+00	0.00e+00	0.00e+00
 4.56206e+22	2.05e-13	2.12e-03	3.85e-02	1.31e-01	4.53e-01	3.04e-01	6.80e-02	3.67e-03	1.66e-05	3.09e-07	0.00e+00	0.00e+00	0.00e+00	0.00e+00	0.00e+00
 4.58925e+22	3.11e-13	2.43e-03	4.26e-02	1.41e-01	4.59e-01	2.90e-01	6.13e-02	3.15e-03	1.37e-05	2.52e-07	0.00e+00	0.00e+00	0.00e+00	0.00e+00	0.00e+00
 4.62021e+22	5.06e-13	2.88e-03	4.83e-02	1.55e-01	4.66e-01	2.72e-01	5.34e-02	2.58e-03	1.07e-05	1.93e-07	0.00e+00	0.00e+00	0.00e+00	0.00e+00	0.00e+00
 4.65135e+22	1.04e-12	3.30e-03	5.34e-02	1.67e-01	4.70e-01	2.57e-01	4.76e-02	2.19e-03	8.73e-06	1.55e-07	0.00e+00	0.00e+00	0.00e+00	0.00e+00	0.00e+00
 4.67861e+22	1.64e-12	3.77e-03	5.87e-02	1.79e-01	4.72e-01	2.42e-01	4.25e-02	1.86e-03	7.15e-06	1.26e-07	0.00e+00	0.00e+00	0.00e+00	0.00e+00	0.00e+00
 4.70995e+22	4.14e-12	4.46e-03	6.62e-02	1.94e-01	4.73e-01	2.24e-01	3.64e-02	1.50e-03	5.49e-06	0.00e+00	0.00e+00	0.00e+00	0.00e+00	0.00e+00	0.00e+00
 4.74150e+22	8.00e-12	5.07e-03	7.25e-02	2.07e-01	4.73e-01	2.09e-01	3.22e-02	1.26e-03	4.45e-06	0.00e+00	0.00e+00	0.00e+00	0.00e+00	0.00e+00	0.00e+00
 4.77334e+22	1.94e-11	5.96e-03	8.11e-02	2.23e-01	4.70e-01	1.92e-01	2.73e-02	1.00e-03	3.38e-06	0.00e+00	0.00e+00	0.00e+00	0.00e+00	0.00e+00	0.00e+00
 4.80570e+22	9.02e-11	6.79e-03	8.87e-02	2.37e-01	4.66e-01	1.77e-01	2.38e-02	8.30e-04	2.69e-06	0.00e+00	0.00e+00	0.00e+00	0.00e+00	0.00e+00	0.00e+00
 4.83875e+22	3.39e-10	7.98e-03	9.88e-02	2.54e-01	4.59e-01	1.60e-01	1.98e-02	6.49e-04	2.01e-06	0.00e+00	0.00e+00	0.00e+00	0.00e+00	0.00e+00	0.00e+00
 4.86698e+22	3.28e-09	8.68e-03	1.04e-01	2.63e-01	4.54e-01	1.51e-01	1.80e-02	5.68e-04	1.71e-06	0.00e+00	0.00e+00	0.00e+00	0.00e+00	0.00e+00	0.00e+00
 4.88894e+22	8.06e-09	9.66e-03	1.12e-01	2.74e-01	4.48e-01	1.40e-01	1.58e-02	4.78e-04	1.40e-06	0.00e+00	0.00e+00	0.00e+00	0.00e+00	0.00e+00	0.00e+00
 4.91748e+22	1.76e-08	1.10e-02	1.22e-01	2.88e-01	4.38e-01	1.28e-01	1.35e-02	3.85e-04	1.08e-06	0.00e+00	0.00e+00	0.00e+00	0.00e+00	0.00e+00	0.00e+00
 4.94966e+22	3.19e-08	1.25e-02	1.32e-01	3.02e-01	4.27e-01	1.15e-01	1.14e-02	3.08e-04	8.35e-07	0.00e+00	0.00e+00	0.00e+00	0.00e+00	0.00e+00	0.00e+00
 4.98656e+22	6.69e-08	1.49e-02	1.47e-01	3.20e-01	4.10e-01	9.97e-02	8.95e-03	2.24e-04	5.78e-07	0.00e+00	0.00e+00	0.00e+00	0.00e+00	0.00e+00	0.00e+00
 5.02240e+22	9.14e-08	1.67e-02	1.58e-01	3.31e-01	3.97e-01	8.99e-02	7.56e-03	1.80e-04	4.48e-07	0.00e+00	0.00e+00	0.00e+00	0.00e+00	0.00e+00	0.00e+00
 5.05684e+22	1.30e-07	1.93e-02	1.72e-01	3.45e-01	3.80e-01	7.85e-02	6.08e-03	1.35e-04	3.24e-07	0.00e+00	0.00e+00	0.00e+00	0.00e+00	0.00e+00	0.00e+00
 5.09327e+22	2.09e-07	2.20e-02	1.85e-01	3.57e-01	3.63e-01	6.89e-02	4.95e-03	1.03e-04	2.38e-07	0.00e+00	0.00e+00	0.00e+00	0.00e+00	0.00e+00	0.00e+00
 5.12675e+22	2.79e-07	2.48e-02	1.97e-01	3.66e-01	3.47e-01	6.08e-02	4.06e-03	8.02e-05	1.78e-07	0.00e+00	0.00e+00	0.00e+00	0.00e+00	0.00e+00	0.00e+00
 5.16474e+22	4.21e-07	2.87e-02	2.14e-01	3.78e-01	3.25e-01	5.15e-02	3.14e-03	5.77e-05	1.23e-07	0.00e+00	0.00e+00	0.00e+00	0.00e+00	0.00e+00	0.00e+00
 5.19847e+22	6.32e-07	3.14e-02	2.24e-01	3.83e-01	3.12e-01	4.65e-02	2.68e-03	4.70e-05	0.00e+00	0.00e+00	0.00e+00	0.00e+00	0.00e+00	0.00e+00	0.00e+00
 5.22664e+22	8.42e-07	3.50e-02	2.36e-01	3.90e-01	2.96e-01	4.07e-02	2.18e-03	3.62e-05	0.00e+00	0.00e+00	0.00e+00	0.00e+00	0.00e+00	0.00e+00	0.00e+00
 5.25518e+22	1.19e-06	3.80e-02	2.47e-01	3.94e-01	2.83e-01	3.66e-02	1.86e-03	2.96e-05	0.00e+00	0.00e+00	0.00e+00	0.00e+00	0.00e+00	0.00e+00	0.00e+00
 5.28419e+22	1.63e-06	4.23e-02	2.59e-01	3.98e-01	2.67e-01	3.18e-02	1.50e-03	2.26e-05	0.00e+00	0.00e+00	0.00e+00	0.00e+00	0.00e+00	0.00e+00	0.00e+00
 5.31369e+22	2.15e-06	4.61e-02	2.70e-01	4.01e-01	2.53e-01	2.83e-02	1.26e-03	1.81e-05	0.00e+00	0.00e+00	0.00e+00	0.00e+00	0.00e+00	0.00e+00	0.00e+00
 5.34381e+22	2.99e-06	5.11e-02	2.83e-01	4.04e-01	2.37e-01	2.44e-02	1.01e-03	1.37e-05	0.00e+00	0.00e+00	0.00e+00	0.00e+00	0.00e+00	0.00e+00	0.00e+00
 5.37462e+22	4.27e-06	5.57e-02	2.94e-01	4.04e-01	2.24e-01	2.15e-02	8.37e-04	1.08e-05	0.00e+00	0.00e+00	0.00e+00	0.00e+00	0.00e+00	0.00e+00	0.00e+00
 5.40216e+22	5.62e-06	6.05e-02	3.04e-01	4.05e-01	2.11e-01	1.89e-02	6.94e-04	8.56e-06	0.00e+00	0.00e+00	0.00e+00	0.00e+00	0.00e+00	0.00e+00	0.00e+00
 5.43384e+22	7.86e-06	6.70e-02	3.17e-01	4.04e-01	1.96e-01	1.61e-02	5.45e-04	6.34e-06	0.00e+00	0.00e+00	0.00e+00	0.00e+00	0.00e+00	0.00e+00	0.00e+00
 5.46301e+22	1.08e-05	7.18e-02	3.25e-01	4.02e-01	1.86e-01	1.44e-02	4.64e-04	5.18e-06	0.00e+00	0.00e+00	0.00e+00	0.00e+00	0.00e+00	0.00e+00	0.00e+00
 5.48146e+22	1.30e-05	7.49e-02	3.30e-01	4.01e-01	1.80e-01	1.34e-02	4.19e-04	4.57e-06	0.00e+00	0.00e+00	0.00e+00	0.00e+00	0.00e+00	0.00e+00	0.00e+00
 5.49795e+22	1.57e-05	7.87e-02	3.37e-01	4.00e-01	1.72e-01	1.23e-02	3.69e-04	3.91e-06	0.00e+00	0.00e+00	0.00e+00	0.00e+00	0.00e+00	0.00e+00	0.00e+00
 5.51940e+22	1.88e-05	8.39e-02	3.45e-01	3.97e-01	1.63e-01	1.10e-02	3.13e-04	3.19e-06	0.00e+00	0.00e+00	0.00e+00	0.00e+00	0.00e+00	0.00e+00	0.00e+00
 5.54728e+22	2.72e-05	9.17e-02	3.55e-01	3.93e-01	1.51e-01	9.38e-03	2.48e-04	2.40e-06	0.00e+00	0.00e+00	0.00e+00	0.00e+00	0.00e+00	0.00e+00	0.00e+00
 5.57158e+22	3.18e-05	9.59e-02	3.60e-01	3.90e-01	1.45e-01	8.64e-03	2.21e-04	2.08e-06	0.00e+00	0.00e+00	0.00e+00	0.00e+00	0.00e+00	0.00e+00	0.00e+00
 5.59123e+22	3.79e-05	1.02e-01	3.67e-01	3.86e-01	1.37e-01	7.74e-03	1.88e-04	1.71e-06	0.00e+00	0.00e+00	0.00e+00	0.00e+00	0.00e+00	0.00e+00	0.00e+00
 5.61677e+22	4.73e-05	1.09e-01	3.75e-01	3.81e-01	1.27e-01	6.71e-03	1.53e-04	1.33e-06	0.00e+00	0.00e+00	0.00e+00	0.00e+00	0.00e+00	0.00e+00	0.00e+00
 5.64998e+22	6.59e-05	1.20e-01	3.86e-01	3.73e-01	1.15e-01	5.53e-03	1.16e-04	9.52e-07	0.00e+00	0.00e+00	0.00e+00	0.00e+00	0.00e+00	0.00e+00	0.00e+00
 5.68076e+22	7.92e-05	1.28e-01	3.91e-01	3.67e-01	1.08e-01	4.89e-03	9.76e-05	7.68e-07	0.00e+00	0.00e+00	0.00e+00	0.00e+00	0.00e+00	0.00e+00	0.00e+00
 5.70839e+22	9.77e-05	1.38e-01	3.99e-01	3.60e-01	9.97e-02	4.17e-03	7.79e-05	5.85e-07	0.00e+00	0.00e+00	0.00e+00	0.00e+00	0.00e+00	0.00e+00	0.00e+00
 5.74431e+22	1.27e-04	1.51e-01	4.07e-01	3.49e-01	8.92e-02	3.37e-03	5.77e-05	4.08e-07	0.00e+00	0.00e+00	0.00e+00	0.00e+00	0.00e+00	0.00e+00	0.00e+00
 5.78153e+22	1.56e-04	1.64e-01	4.13e-01	3.39e-01	8.12e-02	2.83e-03	4.50e-05	3.02e-07	0.00e+00	0.00e+00	0.00e+00	0.00e+00	0.00e+00	0.00e+00	0.00e+00
 5.82043e+22	1.97e-04	1.80e-01	4.20e-01	3.26e-01	7.15e-02	2.23e-03	3.23e-05	2.03e-07	0.00e+00	0.00e+00	0.00e+00	0.00e+00	0.00e+00	0.00e+00	0.00e+00
 5.85972e+22	2.35e-04	1.95e-01	4.23e-01	3.15e-01	6.46e-02	1.85e-03	2.49e-05	1.49e-07	0.00e+00	0.00e+00	0.00e+00	0.00e+00	0.00e+00	0.00e+00	0.00e+00
 5.89952e+22	2.85e-04	2.13e-01	4.28e-01	3.01e-01	5.66e-02	1.45e-03	1.78e-05	0.00e+00	0.00e+00	0.00e+00	0.00e+00	0.00e+00	0.00e+00	0.00e+00	0.00e+00
 5.94033e+22	3.37e-04	2.31e-01	4.29e-01	2.88e-01	5.06e-02	1.19e-03	1.35e-05	0.00e+00	0.00e+00	0.00e+00	0.00e+00	0.00e+00	0.00e+00	0.00e+00	0.00e+00
 5.98245e+22	4.07e-04	2.54e-01	4.30e-01	2.72e-01	4.35e-02	9.04e-04	9.29e-06	0.00e+00	0.00e+00	0.00e+00	0.00e+00	0.00e+00	0.00e+00	0.00e+00	0.00e+00
 6.02478e+22	4.68e-04	2.73e-01	4.28e-01	2.59e-01	3.87e-02	7.36e-04	7.02e-06	0.00e+00	0.00e+00	0.00e+00	0.00e+00	0.00e+00	0.00e+00	0.00e+00	0.00e+00
 6.06738e+22	5.54e-04	2.98e-01	4.25e-01	2.42e-01	3.29e-02	5.56e-04	4.80e-06	0.00e+00	0.00e+00	0.00e+00	0.00e+00	0.00e+00	0.00e+00	0.00e+00	0.00e+00
 6.11075e+22	6.30e-04	3.20e-01	4.21e-01	2.29e-01	2.90e-02	4.45e-04	3.56e-06	0.00e+00	0.00e+00	0.00e+00	0.00e+00	0.00e+00	0.00e+00	0.00e+00	0.00e+00
 6.15512e+22	7.35e-04	3.49e-01	4.14e-01	2.12e-01	2.43e-02	3.29e-04	2.38e-06	0.00e+00	0.00e+00	0.00e+00	0.00e+00	0.00e+00	0.00e+00	0.00e+00	0.00e+00
 6.20023e+22	8.32e-04	3.75e-01	4.05e-01	1.98e-01	2.10e-02	2.57e-04	1.71e-06	0.00e+00	0.00e+00	0.00e+00	0.00e+00	0.00e+00	0.00e+00	0.00e+00	0.00e+00
 6.23551e+22	9.03e-04	3.93e-01	3.99e-01	1.89e-01	1.88e-02	2.14e-04	1.35e-06	0.00e+00	0.00e+00	0.00e+00	0.00e+00	0.00e+00	0.00e+00	0.00e+00	0.00e+00
 6.27055e+22	1.01e-03	4.21e-01	3.87e-01	1.75e-01	1.61e-02	1.65e-04	9.58e-07	0.00e+00	0.00e+00	0.00e+00	0.00e+00	0.00e+00	0.00e+00	0.00e+00	0.00e+00
 6.30536e+22	1.09e-03	4.40e-01	3.79e-01	1.66e-01	1.43e-02	1.37e-04	7.49e-07	0.00e+00	0.00e+00	0.00e+00	0.00e+00	0.00e+00	0.00e+00	0.00e+00	0.00e+00
 6.33990e+22	1.20e-03	4.68e-01	3.65e-01	1.53e-01	1.21e-02	1.05e-04	5.30e-07	0.00e+00	0.00e+00	0.00e+00	0.00e+00	0.00e+00	0.00e+00	0.00e+00	0.00e+00
 6.37489e+22	1.30e-03	4.91e-01	3.54e-01	1.44e-01	1.06e-02	8.48e-05	4.02e-07	0.00e+00	0.00e+00	0.00e+00	0.00e+00	0.00e+00	0.00e+00	0.00e+00	0.00e+00
 6.41048e+22	1.43e-03	5.21e-01	3.37e-01	1.32e-01	8.86e-03	6.38e-05	2.78e-07	0.00e+00	0.00e+00	0.00e+00	0.00e+00	0.00e+00	0.00e+00	0.00e+00	0.00e+00
 6.44649e+22	1.54e-03	5.46e-01	3.23e-01	1.22e-01	7.60e-03	5.03e-05	2.05e-07	0.00e+00	0.00e+00	0.00e+00	0.00e+00	0.00e+00	0.00e+00	0.00e+00	0.00e+00
 6.47785e+22	1.65e-03	5.70e-01	3.08e-01	1.13e-01	6.52e-03	3.97e-05	1.51e-07	0.00e+00	0.00e+00	0.00e+00	0.00e+00	0.00e+00	0.00e+00	0.00e+00	0.00e+00
 6.51344e+22	1.79e-03	6.01e-01	2.90e-01	1.02e-01	5.31e-03	2.92e-05	0.00e+00	0.00e+00	0.00e+00	0.00e+00	0.00e+00	0.00e+00	0.00e+00	0.00e+00	0.00e+00
 6.54996e+22	1.92e-03	6.29e-01	2.71e-01	9.34e-02	4.40e-03	2.21e-05	0.00e+00	0.00e+00	0.00e+00	0.00e+00	0.00e+00	0.00e+00	0.00e+00	0.00e+00	0.00e+00
 6.58195e+22	2.04e-03	6.55e-01	2.54e-01	8.54e-02	3.66e-03	1.70e-05	0.00e+00	0.00e+00	0.00e+00	0.00e+00	0.00e+00	0.00e+00	0.00e+00	0.00e+00	0.00e+00
 6.61777e+22	2.19e-03	6.87e-01	2.32e-01	7.58e-02	2.87e-03	1.21e-05	0.00e+00	0.00e+00	0.00e+00	0.00e+00	0.00e+00	0.00e+00	0.00e+00	0.00e+00	0.00e+00
 6.65548e+22	2.34e-03	7.17e-01	2.11e-01	6.74e-02	2.25e-03	8.66e-06	0.00e+00	0.00e+00	0.00e+00	0.00e+00	0.00e+00	0.00e+00	0.00e+00	0.00e+00	0.00e+00
 6.68798e+22	2.46e-03	7.43e-01	1.92e-01	6.05e-02	1.80e-03	6.45e-06	0.00e+00	0.00e+00	0.00e+00	0.00e+00	0.00e+00	0.00e+00	0.00e+00	0.00e+00	0.00e+00
 6.71611e+22	2.57e-03	7.65e-01	1.76e-01	5.46e-02	1.46e-03	4.94e-06	0.00e+00	0.00e+00	0.00e+00	0.00e+00	0.00e+00	0.00e+00	0.00e+00	0.00e+00	0.00e+00
 6.74202e+22	2.67e-03	7.86e-01	1.61e-01	4.93e-02	1.19e-03	3.82e-06	0.00e+00	0.00e+00	0.00e+00	0.00e+00	0.00e+00	0.00e+00	0.00e+00	0.00e+00	0.00e+00
 6.77148e+22	2.79e-03	8.11e-01	1.43e-01	4.30e-02	9.05e-04	2.75e-06	0.00e+00	0.00e+00	0.00e+00	0.00e+00	0.00e+00	0.00e+00	0.00e+00	0.00e+00	0.00e+00
 6.80201e+22	2.89e-03	8.33e-01	1.26e-01	3.74e-02	6.89e-04	2.01e-06	0.00e+00	0.00e+00	0.00e+00	0.00e+00	0.00e+00	0.00e+00	0.00e+00	0.00e+00	0.00e+00
 6.82026e+22	2.91e-03	8.43e-01	1.19e-01	3.50e-02	6.03e-04	1.74e-06	0.00e+00	0.00e+00	0.00e+00	0.00e+00	0.00e+00	0.00e+00	0.00e+00	0.00e+00	0.00e+00
 6.82716e+22	2.92e-03	8.47e-01	1.16e-01	3.39e-02	5.69e-04	1.63e-06	0.00e+00	0.00e+00	0.00e+00	0.00e+00	0.00e+00	0.00e+00	0.00e+00	0.00e+00	0.00e+00
 6.83290e+22	2.94e-03	8.52e-01	1.12e-01	3.29e-02	5.34e-04	1.52e-06	0.00e+00	0.00e+00	0.00e+00	0.00e+00	0.00e+00	0.00e+00	0.00e+00	0.00e+00	0.00e+00
 6.83992e+22	2.97e-03	8.57e-01	1.08e-01	3.15e-02	4.95e-04	1.40e-06	0.00e+00	0.00e+00	0.00e+00	0.00e+00	0.00e+00	0.00e+00	0.00e+00	0.00e+00	0.00e+00
 6.84752e+22	2.99e-03	8.62e-01	1.04e-01	3.02e-02	4.57e-04	1.29e-06	0.00e+00	0.00e+00	0.00e+00	0.00e+00	0.00e+00	0.00e+00	0.00e+00	0.00e+00	0.00e+00
 6.85486e+22	3.01e-03	8.68e-01	9.99e-02	2.90e-02	4.23e-04	1.19e-06	0.00e+00	0.00e+00	0.00e+00	0.00e+00	0.00e+00	0.00e+00	0.00e+00	0.00e+00	0.00e+00
 6.86183e+22	3.03e-03	8.73e-01	9.60e-02	2.78e-02	3.91e-04	1.10e-06	0.00e+00	0.00e+00	0.00e+00	0.00e+00	0.00e+00	0.00e+00	0.00e+00	0.00e+00	0.00e+00
 6.86854e+22	3.04e-03	8.77e-01	9.29e-02	2.67e-02	3.65e-04	1.02e-06	0.00e+00	0.00e+00	0.00e+00	0.00e+00	0.00e+00	0.00e+00	0.00e+00	0.00e+00	0.00e+00
 6.87538e+22	3.06e-03	8.82e-01	8.89e-02	2.56e-02	3.36e-04	9.43e-07	0.00e+00	0.00e+00	0.00e+00	0.00e+00	0.00e+00	0.00e+00	0.00e+00	0.00e+00	0.00e+00
 6.88219e+22	3.06e-03	8.86e-01	8.62e-02	2.46e-02	3.14e-04	8.78e-07	0.00e+00	0.00e+00	0.00e+00	0.00e+00	0.00e+00	0.00e+00	0.00e+00	0.00e+00	0.00e+00
 6.88892e+22	3.07e-03	8.90e-01	8.28e-02	2.35e-02	2.90e-04	8.13e-07	0.00e+00	0.00e+00	0.00e+00	0.00e+00	0.00e+00	0.00e+00	0.00e+00	0.00e+00	0.00e+00
 6.89571e+22	3.09e-03	8.95e-01	7.90e-02	2.24e-02	2.67e-04	7.51e-07	0.00e+00	0.00e+00	0.00e+00	0.00e+00	0.00e+00	0.00e+00	0.00e+00	0.00e+00	0.00e+00
 6.90201e+22	3.10e-03	8.99e-01	7.59e-02	2.15e-02	2.48e-04	6.99e-07	0.00e+00	0.00e+00	0.00e+00	0.00e+00	0.00e+00	0.00e+00	0.00e+00	0.00e+00	0.00e+00
 6.90792e+22	3.10e-03	9.03e-01	7.32e-02	2.07e-02	2.32e-04	6.54e-07	0.00e+00	0.00e+00	0.00e+00	0.00e+00	0.00e+00	0.00e+00	0.00e+00	0.00e+00	0.00e+00
 6.91401e+22	3.11e-03	9.07e-01	7.01e-02	1.98e-02	2.15e-04	6.08e-07	0.00e+00	0.00e+00	0.00e+00	0.00e+00	0.00e+00	0.00e+00	0.00e+00	0.00e+00	0.00e+00
 6.92017e+22	3.11e-03	9.10e-01	6.75e-02	1.90e-02	2.00e-04	5.69e-07	0.00e+00	0.00e+00	0.00e+00	0.00e+00	0.00e+00	0.00e+00	0.00e+00	0.00e+00	0.00e+00
 6.92629e+22	3.12e-03	9.14e-01	6.43e-02	1.81e-02	1.85e-04	5.28e-07	0.00e+00	0.00e+00	0.00e+00	0.00e+00	0.00e+00	0.00e+00	0.00e+00	0.00e+00	0.00e+00
 6.93222e+22	3.11e-03	9.17e-01	6.22e-02	1.74e-02	1.73e-04	4.96e-07	0.00e+00	0.00e+00	0.00e+00	0.00e+00	0.00e+00	0.00e+00	0.00e+00	0.00e+00	0.00e+00
 6.93811e+22	3.11e-03	9.21e-01	5.94e-02	1.66e-02	1.60e-04	4.63e-07	0.00e+00	0.00e+00	0.00e+00	0.00e+00	0.00e+00	0.00e+00	0.00e+00	0.00e+00	0.00e+00
 6.94415e+22	3.11e-03	9.24e-01	5.65e-02	1.58e-02	1.48e-04	4.31e-07	0.00e+00	0.00e+00	0.00e+00	0.00e+00	0.00e+00	0.00e+00	0.00e+00	0.00e+00	0.00e+00
 6.94970e+22	3.11e-03	9.27e-01	5.42e-02	1.52e-02	1.38e-04	4.05e-07	0.00e+00	0.00e+00	0.00e+00	0.00e+00	0.00e+00	0.00e+00	0.00e+00	0.00e+00	0.00e+00
 6.95499e+22	3.10e-03	9.30e-01	5.23e-02	1.46e-02	1.30e-04	3.83e-07	0.00e+00	0.00e+00	0.00e+00	0.00e+00	0.00e+00	0.00e+00	0.00e+00	0.00e+00	0.00e+00
 6.96078e+22	3.09e-03	9.33e-01	4.96e-02	1.39e-02	1.20e-04	3.57e-07	0.00e+00	0.00e+00	0.00e+00	0.00e+00	0.00e+00	0.00e+00	0.00e+00	0.00e+00	0.00e+00
 6.96666e+22	3.09e-03	9.36e-01	4.72e-02	1.32e-02	1.11e-04	3.34e-07	0.00e+00	0.00e+00	0.00e+00	0.00e+00	0.00e+00	0.00e+00	0.00e+00	0.00e+00	0.00e+00
 6.97194e+22	3.08e-03	9.39e-01	4.51e-02	1.27e-02	1.04e-04	3.15e-07	0.00e+00	0.00e+00	0.00e+00	0.00e+00	0.00e+00	0.00e+00	0.00e+00	0.00e+00	0.00e+00
 6.97703e+22	3.06e-03	9.41e-01	4.35e-02	1.22e-02	9.81e-05	2.98e-07	0.00e+00	0.00e+00	0.00e+00	0.00e+00	0.00e+00	0.00e+00	0.00e+00	0.00e+00	0.00e+00
 6.98266e+22	3.05e-03	9.44e-01	4.12e-02	1.16e-02	9.09e-05	2.79e-07	0.00e+00	0.00e+00	0.00e+00	0.00e+00	0.00e+00	0.00e+00	0.00e+00	0.00e+00	0.00e+00
 6.98844e+22	3.04e-03	9.47e-01	3.90e-02	1.10e-02	8.44e-05	2.61e-07	0.00e+00	0.00e+00	0.00e+00	0.00e+00	0.00e+00	0.00e+00	0.00e+00	0.00e+00	0.00e+00
 6.99358e+22	3.03e-03	9.49e-01	3.72e-02	1.06e-02	7.92e-05	2.47e-07	0.00e+00	0.00e+00	0.00e+00	0.00e+00	0.00e+00	0.00e+00	0.00e+00	0.00e+00	0.00e+00
 6.99853e+22	3.01e-03	9.51e-01	3.55e-02	1.02e-02	7.44e-05	2.34e-07	0.00e+00	0.00e+00	0.00e+00	0.00e+00	0.00e+00	0.00e+00	0.00e+00	0.00e+00	0.00e+00
 7.00370e+22	2.98e-03	9.53e-01	3.40e-02	9.75e-03	7.01e-05	2.22e-07	0.00e+00	0.00e+00	0.00e+00	0.00e+00	0.00e+00	0.00e+00	0.00e+00	0.00e+00	0.00e+00
 7.00935e+22	2.96e-03	9.56e-01	3.20e-02	9.27e-03	6.51e-05	2.09e-07	0.00e+00	0.00e+00	0.00e+00	0.00e+00	0.00e+00	0.00e+00	0.00e+00	0.00e+00	0.00e+00
 7.01499e+22	2.94e-03	9.58e-01	3.04e-02	8.86e-03	6.10e-05	1.97e-07	0.00e+00	0.00e+00	0.00e+00	0.00e+00	0.00e+00	0.00e+00	0.00e+00	0.00e+00	0.00e+00
 7.02022e+22	2.92e-03	9.60e-01	2.87e-02	8.46e-03	5.71e-05	1.86e-07	0.00e+00	0.00e+00	0.00e+00	0.00e+00	0.00e+00	0.00e+00	0.00e+00	0.00e+00	0.00e+00
 7.02518e+22	2.89e-03	9.61e-01	2.75e-02	8.14e-03	5.41e-05	1.78e-07	0.00e+00	0.00e+00	0.00e+00	0.00e+00	0.00e+00	0.00e+00	0.00e+00	0.00e+00	0.00e+00
 7.03044e+22	2.87e-03	9.63e-01	2.59e-02	7.77e-03	5.07e-05	1.68e-07	0.00e+00	0.00e+00	0.00e+00	0.00e+00	0.00e+00	0.00e+00	0.00e+00	0.00e+00	0.00e+00
 7.03600e+22	2.83e-03	9.65e-01	2.46e-02	7.43e-03	4.76e-05	1.59e-07	0.00e+00	0.00e+00	0.00e+00	0.00e+00	0.00e+00	0.00e+00	0.00e+00	0.00e+00	0.00e+00
 7.04139e+22	2.80e-03	9.67e-01	2.31e-02	7.10e-03	4.47e-05	1.51e-07	0.00e+00	0.00e+00	0.00e+00	0.00e+00	0.00e+00	0.00e+00	0.00e+00	0.00e+00	0.00e+00
 7.04662e+22	2.77e-03	9.68e-01	2.20e-02	6.82e-03	4.23e-05	1.44e-07	0.00e+00	0.00e+00	0.00e+00	0.00e+00	0.00e+00	0.00e+00	0.00e+00	0.00e+00	0.00e+00
 7.05193e+22	2.74e-03	9.70e-01	2.07e-02	6.53e-03	3.99e-05	1.37e-07	0.00e+00	0.00e+00	0.00e+00	0.00e+00	0.00e+00	0.00e+00	0.00e+00	0.00e+00	0.00e+00
 7.05745e+22	2.71e-03	9.72e-01	1.95e-02	6.24e-03	3.76e-05	1.30e-07	0.00e+00	0.00e+00	0.00e+00	0.00e+00	0.00e+00	0.00e+00	0.00e+00	0.00e+00	0.00e+00
 7.06278e+22	2.67e-03	9.73e-01	1.84e-02	5.99e-03	3.56e-05	0.00e+00	0.00e+00	0.00e+00	0.00e+00	0.00e+00	0.00e+00	0.00e+00	0.00e+00	0.00e+00	0.00e+00
 7.06811e+22	2.63e-03	9.74e-01	1.74e-02	5.75e-03	3.38e-05	0.00e+00	0.00e+00	0.00e+00	0.00e+00	0.00e+00	0.00e+00	0.00e+00	0.00e+00	0.00e+00	0.00e+00
 7.07377e+22	2.59e-03	9.76e-01	1.63e-02	5.51e-03	3.19e-05	0.00e+00	0.00e+00	0.00e+00	0.00e+00	0.00e+00	0.00e+00	0.00e+00	0.00e+00	0.00e+00	0.00e+00
 7.07957e+22	2.56e-03	9.77e-01	1.53e-02	5.27e-03	3.02e-05	0.00e+00	0.00e+00	0.00e+00	0.00e+00	0.00e+00	0.00e+00	0.00e+00	0.00e+00	0.00e+00	0.00e+00
 7.08515e+22	2.52e-03	9.78e-01	1.44e-02	5.07e-03	2.87e-05	0.00e+00	0.00e+00	0.00e+00	0.00e+00	0.00e+00	0.00e+00	0.00e+00	0.00e+00	0.00e+00	0.00e+00
 7.09077e+22	2.48e-03	9.79e-01	1.35e-02	4.87e-03	2.73e-05	0.00e+00	0.00e+00	0.00e+00	0.00e+00	0.00e+00	0.00e+00	0.00e+00	0.00e+00	0.00e+00	0.00e+00
 7.09669e+22	2.44e-03	9.80e-01	1.27e-02	4.67e-03	2.60e-05	0.00e+00	0.00e+00	0.00e+00	0.00e+00	0.00e+00	0.00e+00	0.00e+00	0.00e+00	0.00e+00	0.00e+00
 7.10283e+22	2.39e-03	9.81e-01	1.19e-02	4.48e-03	2.47e-05	0.00e+00	0.00e+00	0.00e+00	0.00e+00	0.00e+00	0.00e+00	0.00e+00	0.00e+00	0.00e+00	0.00e+00
 7.10911e+22	2.35e-03	9.82e-01	1.11e-02	4.30e-03	2.35e-05	0.00e+00	0.00e+00	0.00e+00	0.00e+00	0.00e+00	0.00e+00	0.00e+00	0.00e+00	0.00e+00	0.00e+00
 7.11537e+22	2.31e-03	9.83e-01	1.03e-02	4.13e-03	2.24e-05	0.00e+00	0.00e+00	0.00e+00	0.00e+00	0.00e+00	0.00e+00	0.00e+00	0.00e+00	0.00e+00	0.00e+00
 7.12102e+22	2.27e-03	9.84e-01	9.79e-03	4.00e-03	2.16e-05	0.00e+00	0.00e+00	0.00e+00	0.00e+00	0.00e+00	0.00e+00	0.00e+00	0.00e+00	0.00e+00	0.00e+00
 7.12603e+22	2.24e-03	9.85e-01	9.24e-03	3.88e-03	2.08e-05	0.00e+00	0.00e+00	0.00e+00	0.00e+00	0.00e+00	0.00e+00	0.00e+00	0.00e+00	0.00e+00	0.00e+00
 7.13105e+22	2.20e-03	9.85e-01	8.82e-03	3.77e-03	2.02e-05	0.00e+00	0.00e+00	0.00e+00	0.00e+00	0.00e+00	0.00e+00	0.00e+00	0.00e+00	0.00e+00	0.00e+00
 7.13646e+22	2.17e-03	9.86e-01	8.31e-03	3.65e-03	1.95e-05	0.00e+00	0.00e+00	0.00e+00	0.00e+00	0.00e+00	0.00e+00	0.00e+00	0.00e+00	0.00e+00	0.00e+00
 7.14218e+22	2.14e-03	9.87e-01	7.80e-03	3.54e-03	1.88e-05	0.00e+00	0.00e+00	0.00e+00	0.00e+00	0.00e+00	0.00e+00	0.00e+00	0.00e+00	0.00e+00	0.00e+00
 7.14775e+22	2.11e-03	9.87e-01	7.40e-03	3.44e-03	1.82e-05	0.00e+00	0.00e+00	0.00e+00	0.00e+00	0.00e+00	0.00e+00	0.00e+00	0.00e+00	0.00e+00	0.00e+00
 7.15333e+22	2.08e-03	9.88e-01	6.96e-03	3.33e-03	1.76e-05	0.00e+00	0.00e+00	0.00e+00	0.00e+00	0.00e+00	0.00e+00	0.00e+00	0.00e+00	0.00e+00	0.00e+00
 7.15909e+22	2.04e-03	9.88e-01	6.60e-03	3.24e-03	1.71e-05	0.00e+00	0.00e+00	0.00e+00	0.00e+00	0.00e+00	0.00e+00	0.00e+00	0.00e+00	0.00e+00	0.00e+00
 7.16504e+22	2.01e-03	9.89e-01	6.21e-03	3.14e-03	1.65e-05	0.00e+00	0.00e+00	0.00e+00	0.00e+00	0.00e+00	0.00e+00	0.00e+00	0.00e+00	0.00e+00	0.00e+00
 7.17116e+22	1.99e-03	9.89e-01	5.82e-03	3.05e-03	1.60e-05	0.00e+00	0.00e+00	0.00e+00	0.00e+00	0.00e+00	0.00e+00	0.00e+00	0.00e+00	0.00e+00	0.00e+00
 7.17720e+22	1.96e-03	9.90e-01	5.49e-03	2.96e-03	1.56e-05	0.00e+00	0.00e+00	0.00e+00	0.00e+00	0.00e+00	0.00e+00	0.00e+00	0.00e+00	0.00e+00	0.00e+00
 7.18329e+22	1.93e-03	9.90e-01	5.17e-03	2.88e-03	1.51e-05	0.00e+00	0.00e+00	0.00e+00	0.00e+00	0.00e+00	0.00e+00	0.00e+00	0.00e+00	0.00e+00	0.00e+00
 7.18966e+22	1.90e-03	9.90e-01	4.87e-03	2.80e-03	1.47e-05	0.00e+00	0.00e+00	0.00e+00	0.00e+00	0.00e+00	0.00e+00	0.00e+00	0.00e+00	0.00e+00	0.00e+00
 7.19627e+22	1.87e-03	9.91e-01	4.56e-03	2.72e-03	1.43e-05	0.00e+00	0.00e+00	0.00e+00	0.00e+00	0.00e+00	0.00e+00	0.00e+00	0.00e+00	0.00e+00	0.00e+00
 7.20293e+22	1.85e-03	9.91e-01	4.27e-03	2.64e-03	1.39e-05	0.00e+00	0.00e+00	0.00e+00	0.00e+00	0.00e+00	0.00e+00	0.00e+00	0.00e+00	0.00e+00	0.00e+00
 7.20957e+22	1.82e-03	9.92e-01	4.01e-03	2.57e-03	1.35e-05	0.00e+00	0.00e+00	0.00e+00	0.00e+00	0.00e+00	0.00e+00	0.00e+00	0.00e+00	0.00e+00	0.00e+00
 7.21638e+22	1.80e-03	9.92e-01	3.76e-03	2.50e-03	1.31e-05	0.00e+00	0.00e+00	0.00e+00	0.00e+00	0.00e+00	0.00e+00	0.00e+00	0.00e+00	0.00e+00	0.00e+00
 7.22349e+22	1.78e-03	9.92e-01	3.51e-03	2.43e-03	1.28e-05	0.00e+00	0.00e+00	0.00e+00	0.00e+00	0.00e+00	0.00e+00	0.00e+00	0.00e+00	0.00e+00	0.00e+00
 7.23076e+22	1.76e-03	9.93e-01	3.27e-03	2.36e-03	1.25e-05	0.00e+00	0.00e+00	0.00e+00	0.00e+00	0.00e+00	0.00e+00	0.00e+00	0.00e+00	0.00e+00	0.00e+00
 7.23806e+22	1.74e-03	9.93e-01	3.06e-03	2.30e-03	1.22e-05	0.00e+00	0.00e+00	0.00e+00	0.00e+00	0.00e+00	0.00e+00	0.00e+00	0.00e+00	0.00e+00	0.00e+00
 7.24552e+22	1.72e-03	9.93e-01	2.86e-03	2.23e-03	1.19e-05	0.00e+00	0.00e+00	0.00e+00	0.00e+00	0.00e+00	0.00e+00	0.00e+00	0.00e+00	0.00e+00	0.00e+00
 7.25329e+22	1.70e-03	9.93e-01	2.65e-03	2.17e-03	1.16e-05	0.00e+00	0.00e+00	0.00e+00	0.00e+00	0.00e+00	0.00e+00	0.00e+00	0.00e+00	0.00e+00	0.00e+00
