#depth	Ne	Ne+	Ne+2	Ne+3	Ne+4	Ne+5	Ne+6	Ne+7	Ne+8	Ne+9	Ne+10
 4.62852e+21	2.93e-19	1.73e-14	8.44e-11	5.64e-08	1.04e-05	4.19e-04	4.35e-03	2.17e-02	4.12e-01	4.43e-01	1.19e-01
 1.02879e+22	3.51e-18	1.67e-13	6.41e-10	3.27e-07	4.67e-05	1.43e-03	1.10e-02	3.86e-02	5.06e-01	3.73e-01	6.89e-02
 1.18342e+22	1.09e-17	4.77e-13	1.66e-09	7.51e-07	9.56e-05	2.59e-03	1.70e-02	5.07e-02	5.47e-01	3.32e-01	5.04e-02
 1.26074e+22	1.86e-17	7.84e-13	2.62e-09	1.12e-06	1.36e-04	3.46e-03	2.12e-02	5.79e-02	5.65e-01	3.09e-01	4.25e-02
 1.29535e+22	2.21e-17	9.26e-13	3.05e-09	1.28e-06	1.53e-04	3.82e-03	2.28e-02	6.06e-02	5.71e-01	3.02e-01	4.00e-02
 1.31567e+22	2.75e-17	1.14e-12	3.71e-09	1.53e-06	1.78e-04	4.34e-03	2.51e-02	6.42e-02	5.78e-01	2.91e-01	3.69e-02
 1.33599e+22	3.25e-17	1.34e-12	4.30e-09	1.74e-06	2.00e-04	4.79e-03	2.71e-02	6.71e-02	5.83e-01	2.83e-01	3.46e-02
 1.35631e+22	3.98e-17	1.63e-12	5.18e-09	2.06e-06	2.32e-04	5.43e-03	2.97e-02	7.10e-02	5.89e-01	2.73e-01	3.18e-02
 1.37694e+22	4.67e-17	1.90e-12	6.00e-09	2.35e-06	2.61e-04	6.00e-03	3.20e-02	7.43e-02	5.93e-01	2.64e-01	2.97e-02
 1.39797e+22	5.68e-17	2.31e-12	7.23e-09	2.78e-06	3.03e-04	6.82e-03	3.53e-02	7.88e-02	5.98e-01	2.54e-01	2.70e-02
 1.41917e+22	6.59e-17	2.68e-12	8.33e-09	3.16e-06	3.41e-04	7.53e-03	3.80e-02	8.24e-02	6.02e-01	2.45e-01	2.51e-02
 1.44061e+22	7.89e-17	3.21e-12	9.97e-09	3.72e-06	3.96e-04	8.55e-03	4.18e-02	8.74e-02	6.05e-01	2.34e-01	2.28e-02
 1.46242e+22	9.08e-17	3.71e-12	1.15e-08	4.24e-06	4.45e-04	9.45e-03	4.50e-02	9.14e-02	6.08e-01	2.25e-01	2.10e-02
 1.48473e+22	1.07e-16	4.41e-12	1.37e-08	4.98e-06	5.18e-04	1.08e-02	4.96e-02	9.70e-02	6.10e-01	2.14e-01	1.89e-02
 1.50751e+22	1.21e-16	5.05e-12	1.57e-08	5.67e-06	5.83e-04	1.19e-02	5.36e-02	1.02e-01	6.11e-01	2.04e-01	1.73e-02
 1.53049e+22	1.40e-16	5.93e-12	1.85e-08	6.64e-06	6.76e-04	1.35e-02	5.89e-02	1.08e-01	6.11e-01	1.93e-01	1.54e-02
 1.55371e+22	1.56e-16	6.72e-12	2.12e-08	7.53e-06	7.61e-04	1.50e-02	6.34e-02	1.12e-01	6.10e-01	1.84e-01	1.40e-02
 1.57373e+22	1.72e-16	7.50e-12	2.38e-08	8.44e-06	8.47e-04	1.64e-02	6.79e-02	1.17e-01	6.09e-01	1.76e-01	1.28e-02
 1.59268e+22	1.87e-16	8.30e-12	2.67e-08	9.41e-06	9.38e-04	1.79e-02	7.23e-02	1.22e-01	6.07e-01	1.68e-01	1.18e-02
 1.61403e+22	2.06e-16	9.40e-12	3.06e-08	1.08e-05	1.07e-03	2.00e-02	7.84e-02	1.28e-01	6.04e-01	1.58e-01	1.05e-02
 1.63541e+22	2.21e-16	1.03e-11	3.41e-08	1.20e-05	1.18e-03	2.18e-02	8.33e-02	1.33e-01	6.01e-01	1.51e-01	9.60e-03
 1.65682e+22	2.40e-16	1.16e-11	3.90e-08	1.37e-05	1.34e-03	2.43e-02	8.99e-02	1.39e-01	5.96e-01	1.42e-01	8.54e-03
 1.67806e+22	2.56e-16	1.26e-11	4.32e-08	1.52e-05	1.47e-03	2.63e-02	9.51e-02	1.43e-01	5.91e-01	1.35e-01	7.80e-03
 1.69925e+22	2.74e-16	1.41e-11	4.91e-08	1.73e-05	1.67e-03	2.91e-02	1.02e-01	1.50e-01	5.84e-01	1.26e-01	6.92e-03
 1.72043e+22	2.90e-16	1.53e-11	5.43e-08	1.91e-05	1.83e-03	3.14e-02	1.08e-01	1.54e-01	5.79e-01	1.20e-01	6.32e-03
 1.74162e+22	3.09e-16	1.69e-11	6.17e-08	2.17e-05	2.07e-03	3.47e-02	1.15e-01	1.60e-01	5.70e-01	1.12e-01	5.59e-03
 1.76284e+22	3.25e-16	1.84e-11	6.83e-08	2.40e-05	2.27e-03	3.74e-02	1.21e-01	1.65e-01	5.63e-01	1.06e-01	5.09e-03
 1.78410e+22	3.45e-16	2.04e-11	7.76e-08	2.74e-05	2.56e-03	4.11e-02	1.28e-01	1.71e-01	5.54e-01	9.90e-02	4.50e-03
 1.80545e+22	3.63e-16	2.21e-11	8.60e-08	3.03e-05	2.81e-03	4.43e-02	1.35e-01	1.75e-01	5.45e-01	9.36e-02	4.09e-03
 1.82693e+22	3.85e-16	2.46e-11	9.81e-08	3.46e-05	3.16e-03	4.86e-02	1.43e-01	1.81e-01	5.34e-01	8.69e-02	3.60e-03
 1.84855e+22	4.07e-16	2.68e-11	1.09e-07	3.85e-05	3.47e-03	5.22e-02	1.49e-01	1.85e-01	5.25e-01	8.20e-02	3.26e-03
 1.87039e+22	4.32e-16	2.99e-11	1.25e-07	4.41e-05	3.92e-03	5.71e-02	1.57e-01	1.90e-01	5.12e-01	7.58e-02	2.86e-03
 1.89247e+22	4.59e-16	3.29e-11	1.40e-07	4.93e-05	4.31e-03	6.13e-02	1.64e-01	1.94e-01	5.02e-01	7.12e-02	2.58e-03
 1.91488e+22	4.91e-16	3.70e-11	1.62e-07	5.69e-05	4.87e-03	6.71e-02	1.73e-01	1.99e-01	4.88e-01	6.56e-02	2.25e-03
 1.93767e+22	5.26e-16	4.10e-11	1.83e-07	6.39e-05	5.37e-03	7.21e-02	1.80e-01	2.03e-01	4.77e-01	6.14e-02	2.02e-03
 1.96095e+22	5.69e-16	4.67e-11	2.14e-07	7.43e-05	6.10e-03	7.89e-02	1.89e-01	2.07e-01	4.61e-01	5.61e-02	1.74e-03
 1.98475e+22	6.18e-16	5.24e-11	2.45e-07	8.42e-05	6.75e-03	8.47e-02	1.96e-01	2.10e-01	4.48e-01	5.22e-02	1.55e-03
 2.00921e+22	6.80e-16	6.07e-11	2.90e-07	9.89e-05	7.70e-03	9.28e-02	2.05e-01	2.14e-01	4.31e-01	4.74e-02	1.33e-03
 2.03234e+22	7.39e-16	6.77e-11	3.27e-07	1.10e-04	8.40e-03	9.85e-02	2.11e-01	2.16e-01	4.20e-01	4.44e-02	1.20e-03
 2.05374e+22	8.15e-16	7.77e-11	3.82e-07	1.27e-04	9.41e-03	1.06e-01	2.19e-01	2.19e-01	4.05e-01	4.07e-02	1.05e-03
 2.07518e+22	8.89e-16	8.69e-11	4.32e-07	1.42e-04	1.03e-02	1.13e-01	2.25e-01	2.20e-01	3.93e-01	3.81e-02	9.44e-04
 2.09667e+22	9.85e-16	1.00e-10	5.07e-07	1.64e-04	1.15e-02	1.21e-01	2.33e-01	2.22e-01	3.77e-01	3.47e-02	8.19e-04
 2.11822e+22	1.09e-15	1.13e-10	5.75e-07	1.84e-04	1.25e-02	1.28e-01	2.38e-01	2.22e-01	3.65e-01	3.24e-02	7.37e-04
 2.13986e+22	1.23e-15	1.32e-10	6.78e-07	2.13e-04	1.40e-02	1.38e-01	2.45e-01	2.23e-01	3.49e-01	2.95e-02	6.38e-04
 2.16172e+22	1.37e-15	1.50e-10	7.73e-07	2.39e-04	1.52e-02	1.46e-01	2.51e-01	2.23e-01	3.37e-01	2.74e-02	5.71e-04
 2.18388e+22	1.57e-15	1.77e-10	9.18e-07	2.77e-04	1.70e-02	1.56e-01	2.57e-01	2.23e-01	3.21e-01	2.48e-02	4.91e-04
 2.20629e+22	1.78e-15	2.03e-10	1.05e-06	3.11e-04	1.86e-02	1.65e-01	2.62e-01	2.22e-01	3.08e-01	2.29e-02	4.38e-04
 2.22904e+22	2.08e-15	2.43e-10	1.26e-06	3.62e-04	2.07e-02	1.76e-01	2.69e-01	2.21e-01	2.92e-01	2.06e-02	3.74e-04
 2.25212e+22	2.38e-15	2.81e-10	1.45e-06	4.08e-04	2.26e-02	1.86e-01	2.73e-01	2.19e-01	2.80e-01	1.90e-02	3.31e-04
 2.27563e+22	2.84e-15	3.41e-10	1.75e-06	4.77e-04	2.53e-02	1.98e-01	2.78e-01	2.17e-01	2.63e-01	1.70e-02	2.81e-04
 2.29954e+22	3.31e-15	3.99e-10	2.03e-06	5.39e-04	2.76e-02	2.09e-01	2.82e-01	2.15e-01	2.51e-01	1.55e-02	2.47e-04
 2.32397e+22	4.02e-15	4.90e-10	2.47e-06	6.32e-04	3.08e-02	2.22e-01	2.87e-01	2.11e-01	2.34e-01	1.37e-02	2.07e-04
 2.34890e+22	4.78e-15	5.80e-10	2.88e-06	7.16e-04	3.36e-02	2.34e-01	2.90e-01	2.08e-01	2.22e-01	1.25e-02	1.80e-04
 2.37450e+22	5.95e-15	7.24e-10	3.54e-06	8.44e-04	3.77e-02	2.49e-01	2.93e-01	2.03e-01	2.06e-01	1.09e-02	1.49e-04
 2.40040e+22	7.17e-15	8.64e-10	4.14e-06	9.57e-04	4.11e-02	2.61e-01	2.95e-01	1.99e-01	1.94e-01	9.87e-03	1.29e-04
 2.42667e+22	9.12e-15	1.09e-09	5.11e-06	1.13e-03	4.59e-02	2.76e-01	2.96e-01	1.93e-01	1.79e-01	8.58e-03	1.06e-04
 2.45326e+22	1.11e-14	1.31e-09	6.00e-06	1.28e-03	4.99e-02	2.89e-01	2.97e-01	1.88e-01	1.67e-01	7.69e-03	9.12e-05
 2.47612e+22	1.34e-14	1.56e-09	7.00e-06	1.44e-03	5.40e-02	3.00e-01	2.97e-01	1.83e-01	1.57e-01	6.91e-03	7.86e-05
 2.50173e+22	1.73e-14	1.97e-09	8.55e-06	1.68e-03	5.97e-02	3.16e-01	2.97e-01	1.76e-01	1.44e-01	5.99e-03	6.45e-05
 2.52756e+22	2.11e-14	2.35e-09	9.95e-06	1.88e-03	6.44e-02	3.27e-01	2.96e-01	1.71e-01	1.34e-01	5.37e-03	5.55e-05
 2.54935e+22	2.54e-14	2.78e-09	1.15e-05	2.10e-03	6.90e-02	3.38e-01	2.95e-01	1.66e-01	1.26e-01	4.84e-03	4.81e-05
 2.57332e+22	3.25e-14	3.46e-09	1.38e-05	2.41e-03	7.54e-02	3.52e-01	2.92e-01	1.59e-01	1.15e-01	4.21e-03	3.98e-05
 2.59703e+22	3.91e-14	4.06e-09	1.58e-05	2.66e-03	8.03e-02	3.62e-01	2.90e-01	1.54e-01	1.08e-01	3.80e-03	3.46e-05
 2.62040e+22	4.94e-14	4.98e-09	1.87e-05	3.02e-03	8.68e-02	3.74e-01	2.87e-01	1.47e-01	9.89e-02	3.33e-03	2.89e-05
 2.64476e+22	6.10e-14	5.98e-09	2.17e-05	3.37e-03	9.30e-02	3.85e-01	2.83e-01	1.41e-01	9.15e-02	2.95e-03	2.45e-05
 2.66667e+22	7.42e-14	7.07e-09	2.49e-05	3.72e-03	9.89e-02	3.95e-01	2.80e-01	1.36e-01	8.50e-02	2.63e-03	2.11e-05
 2.69143e+22	9.62e-14	8.83e-09	2.98e-05	4.25e-03	1.07e-01	4.07e-01	2.74e-01	1.28e-01	7.70e-02	2.27e-03	1.73e-05
 2.71674e+22	1.19e-13	1.06e-08	3.46e-05	4.72e-03	1.14e-01	4.16e-01	2.69e-01	1.23e-01	7.08e-02	2.00e-03	1.46e-05
 2.74277e+22	1.55e-13	1.32e-08	4.12e-05	5.35e-03	1.23e-01	4.27e-01	2.63e-01	1.15e-01	6.39e-02	1.71e-03	1.19e-05
 2.76998e+22	1.97e-13	1.61e-08	4.85e-05	6.00e-03	1.31e-01	4.37e-01	2.57e-01	1.09e-01	5.80e-02	1.48e-03	9.83e-06
 2.79430e+22	2.44e-13	1.93e-08	5.59e-05	6.64e-03	1.39e-01	4.44e-01	2.52e-01	1.04e-01	5.32e-02	1.30e-03	8.28e-06
 2.82147e+22	3.25e-13	2.45e-08	6.74e-05	7.57e-03	1.50e-01	4.54e-01	2.44e-01	9.64e-02	4.72e-02	1.10e-03	6.59e-06
 2.84914e+22	4.08e-13	2.95e-08	7.81e-05	8.39e-03	1.59e-01	4.61e-01	2.37e-01	9.08e-02	4.29e-02	9.51e-04	5.47e-06
 2.87747e+22	5.45e-13	3.74e-08	9.41e-05	9.54e-03	1.71e-01	4.69e-01	2.28e-01	8.41e-02	3.79e-02	7.93e-04	4.32e-06
 2.90634e+22	6.92e-13	4.55e-08	1.10e-04	1.06e-02	1.81e-01	4.74e-01	2.21e-01	7.87e-02	3.41e-02	6.81e-04	3.54e-06
 2.93204e+22	8.74e-13	5.51e-08	1.27e-04	1.17e-02	1.91e-01	4.79e-01	2.13e-01	7.36e-02	3.07e-02	5.87e-04	2.91e-06
 2.96157e+22	1.17e-12	7.01e-08	1.53e-04	1.33e-02	2.04e-01	4.84e-01	2.04e-01	6.74e-02	2.68e-02	4.83e-04	2.26e-06
 2.99172e+22	1.50e-12	8.55e-08	1.78e-04	1.47e-02	2.16e-01	4.87e-01	1.96e-01	6.26e-02	2.39e-02	4.11e-04	1.83e-06
 3.02265e+22	2.04e-12	1.09e-07	2.15e-04	1.67e-02	2.30e-01	4.90e-01	1.86e-01	5.68e-02	2.07e-02	3.34e-04	1.40e-06
 3.05345e+22	2.59e-12	1.33e-07	2.49e-04	1.84e-02	2.41e-01	4.91e-01	1.78e-01	5.26e-02	1.85e-02	2.84e-04	1.14e-06
 3.08410e+22	3.50e-12	1.69e-07	3.00e-04	2.08e-02	2.56e-01	4.91e-01	1.68e-01	4.76e-02	1.59e-02	2.30e-04	8.70e-07
 3.11566e+22	4.50e-12	2.07e-07	3.50e-04	2.29e-02	2.69e-01	4.90e-01	1.59e-01	4.37e-02	1.40e-02	1.93e-04	6.92e-07
 3.14126e+22	5.56e-12	2.45e-07	3.97e-04	2.49e-02	2.80e-01	4.89e-01	1.53e-01	4.06e-02	1.26e-02	1.66e-04	5.71e-07
 3.16392e+22	6.69e-12	2.84e-07	4.44e-04	2.68e-02	2.89e-01	4.87e-01	1.47e-01	3.80e-02	1.14e-02	1.45e-04	4.81e-07
 3.18990e+22	8.51e-12	3.44e-07	5.12e-04	2.93e-02	3.02e-01	4.84e-01	1.39e-01	3.48e-02	1.01e-02	1.22e-04	3.85e-07
 3.21748e+22	1.06e-11	4.10e-07	5.84e-04	3.19e-02	3.13e-01	4.81e-01	1.32e-01	3.21e-02	8.98e-03	1.04e-04	3.13e-07
 3.24301e+22	1.31e-11	4.86e-07	6.63e-04	3.45e-02	3.24e-01	4.77e-01	1.26e-01	2.96e-02	8.00e-03	8.84e-05	2.55e-07
 3.27208e+22	1.74e-11	6.07e-07	7.83e-04	3.83e-02	3.39e-01	4.71e-01	1.17e-01	2.66e-02	6.86e-03	7.14e-05	1.95e-07
 3.30126e+22	2.16e-11	7.19e-07	8.88e-04	4.15e-02	3.50e-01	4.66e-01	1.11e-01	2.44e-02	6.09e-03	6.06e-05	1.58e-07
 3.33056e+22	2.84e-11	8.94e-07	1.04e-03	4.58e-02	3.65e-01	4.58e-01	1.03e-01	2.19e-02	5.22e-03	4.89e-05	0.00e+00
 3.36039e+22	3.53e-11	1.06e-06	1.18e-03	4.95e-02	3.76e-01	4.51e-01	9.74e-02	2.00e-02	4.60e-03	4.12e-05	0.00e+00
 3.39090e+22	4.63e-11	1.32e-06	1.39e-03	5.44e-02	3.90e-01	4.42e-01	9.03e-02	1.78e-02	3.93e-03	3.32e-05	0.00e+00
 3.42212e+22	5.87e-11	1.58e-06	1.59e-03	5.91e-02	4.02e-01	4.33e-01	8.43e-02	1.61e-02	3.42e-03	2.74e-05	0.00e+00
 3.44960e+22	7.31e-11	1.88e-06	1.80e-03	6.37e-02	4.13e-01	4.25e-01	7.90e-02	1.47e-02	2.99e-03	2.29e-05	0.00e+00
 3.48064e+22	9.59e-11	2.33e-06	2.11e-03	6.99e-02	4.26e-01	4.14e-01	7.27e-02	1.30e-02	2.54e-03	1.83e-05	0.00e+00
 3.51278e+22	1.22e-10	2.81e-06	2.42e-03	7.57e-02	4.37e-01	4.03e-01	6.74e-02	1.17e-02	2.19e-03	1.49e-05	0.00e+00
 3.54165e+22	1.53e-10	3.35e-06	2.75e-03	8.16e-02	4.48e-01	3.93e-01	6.26e-02	1.05e-02	1.90e-03	1.23e-05	0.00e+00
 3.57445e+22	2.03e-10	4.18e-06	3.22e-03	8.94e-02	4.60e-01	3.79e-01	5.70e-02	9.22e-03	1.58e-03	9.63e-06	0.00e+00
 3.60816e+22	2.60e-10	5.06e-06	3.70e-03	9.67e-02	4.70e-01	3.67e-01	5.23e-02	8.20e-03	1.35e-03	7.75e-06	0.00e+00
 3.63801e+22	3.26e-10	6.05e-06	4.20e-03	1.04e-01	4.79e-01	3.56e-01	4.83e-02	7.34e-03	1.16e-03	6.33e-06	0.00e+00
 3.67178e+22	4.34e-10	7.55e-06	4.93e-03	1.14e-01	4.90e-01	3.41e-01	4.35e-02	6.37e-03	9.57e-04	4.89e-06	0.00e+00
 3.70643e+22	5.57e-10	9.15e-06	5.65e-03	1.22e-01	4.98e-01	3.28e-01	3.96e-02	5.62e-03	8.08e-04	3.89e-06	0.00e+00
 3.73708e+22	7.01e-10	1.09e-05	6.42e-03	1.31e-01	5.05e-01	3.15e-01	3.63e-02	5.00e-03	6.89e-04	3.14e-06	0.00e+00
 3.77177e+22	9.36e-10	1.36e-05	7.52e-03	1.43e-01	5.13e-01	3.00e-01	3.23e-02	4.30e-03	5.63e-04	2.39e-06	0.00e+00
 3.80744e+22	1.20e-09	1.66e-05	8.61e-03	1.53e-01	5.19e-01	2.86e-01	2.92e-02	3.76e-03	4.70e-04	1.88e-06	0.00e+00
 3.83911e+22	1.52e-09	1.98e-05	9.78e-03	1.64e-01	5.23e-01	2.73e-01	2.65e-02	3.32e-03	3.96e-04	1.50e-06	0.00e+00
 3.87501e+22	2.03e-09	2.48e-05	1.14e-02	1.78e-01	5.28e-01	2.57e-01	2.33e-02	2.82e-03	3.19e-04	1.12e-06	0.00e+00
 3.91194e+22	2.63e-09	3.01e-05	1.31e-02	1.90e-01	5.30e-01	2.43e-01	2.08e-02	2.45e-03	2.63e-04	8.69e-07	0.00e+00
 3.94490e+22	3.33e-09	3.61e-05	1.49e-02	2.03e-01	5.32e-01	2.30e-01	1.87e-02	2.13e-03	2.19e-04	6.81e-07	0.00e+00
 3.98244e+22	4.51e-09	4.55e-05	1.75e-02	2.19e-01	5.32e-01	2.13e-01	1.62e-02	1.79e-03	1.72e-04	4.97e-07	0.00e+00
 4.02067e+22	5.79e-09	5.49e-05	1.99e-02	2.33e-01	5.31e-01	2.00e-01	1.44e-02	1.54e-03	1.41e-04	3.81e-07	0.00e+00
 4.05981e+22	7.90e-09	6.95e-05	2.34e-02	2.51e-01	5.27e-01	1.84e-01	1.23e-02	1.27e-03	1.09e-04	2.72e-07	0.00e+00
 4.09840e+22	1.00e-08	8.31e-05	2.65e-02	2.66e-01	5.24e-01	1.72e-01	1.09e-02	1.10e-03	8.97e-05	2.09e-07	0.00e+00
 4.13628e+22	1.35e-08	1.04e-04	3.08e-02	2.84e-01	5.17e-01	1.58e-01	9.31e-03	9.07e-04	6.97e-05	1.50e-07	0.00e+00
 4.17270e+22	1.67e-08	1.22e-04	3.43e-02	2.98e-01	5.11e-01	1.47e-01	8.28e-03	7.88e-04	5.78e-05	0.00e+00	0.00e+00
 4.20233e+22	2.05e-08	1.42e-04	3.81e-02	3.11e-01	5.05e-01	1.38e-01	7.38e-03	6.87e-04	4.81e-05	0.00e+00	0.00e+00
 4.23596e+22	2.62e-08	1.71e-04	4.31e-02	3.27e-01	4.95e-01	1.27e-01	6.41e-03	5.80e-04	3.84e-05	0.00e+00	0.00e+00
 4.27107e+22	3.26e-08	2.01e-04	4.81e-02	3.42e-01	4.86e-01	1.17e-01	5.63e-03	4.98e-04	3.14e-05	0.00e+00	0.00e+00
 4.30305e+22	4.03e-08	2.36e-04	5.34e-02	3.56e-01	4.76e-01	1.09e-01	4.95e-03	4.28e-04	2.56e-05	0.00e+00	0.00e+00
 4.33955e+22	5.25e-08	2.87e-04	6.09e-02	3.74e-01	4.63e-01	9.81e-02	4.20e-03	3.53e-04	1.98e-05	0.00e+00	0.00e+00
 4.37665e+22	6.57e-08	3.39e-04	6.78e-02	3.88e-01	4.50e-01	8.97e-02	3.64e-03	2.98e-04	1.59e-05	0.00e+00	0.00e+00
 4.40861e+22	8.06e-08	3.94e-04	7.48e-02	4.01e-01	4.38e-01	8.24e-02	3.18e-03	2.55e-04	1.29e-05	0.00e+00	0.00e+00
 4.44426e+22	1.03e-07	4.73e-04	8.43e-02	4.17e-01	4.22e-01	7.39e-02	2.69e-03	2.10e-04	1.00e-05	0.00e+00	0.00e+00
 4.47747e+22	1.23e-07	5.39e-04	9.16e-02	4.28e-01	4.09e-01	6.82e-02	2.38e-03	1.82e-04	8.28e-06	0.00e+00	0.00e+00
 4.50309e+22	1.44e-07	6.02e-04	9.84e-02	4.37e-01	3.99e-01	6.35e-02	2.13e-03	1.60e-04	7.03e-06	0.00e+00	0.00e+00
 4.53199e+22	1.74e-07	6.93e-04	1.08e-01	4.48e-01	3.84e-01	5.79e-02	1.86e-03	1.36e-04	5.68e-06	0.00e+00	0.00e+00
 4.56206e+22	2.07e-07	7.85e-04	1.17e-01	4.57e-01	3.71e-01	5.31e-02	1.63e-03	1.18e-04	4.69e-06	0.00e+00	0.00e+00
 4.58925e+22	2.44e-07	8.85e-04	1.26e-01	4.65e-01	3.58e-01	4.88e-02	1.44e-03	1.02e-04	3.88e-06	0.00e+00	0.00e+00
 4.62021e+22	3.00e-07	1.03e-03	1.38e-01	4.75e-01	3.41e-01	4.37e-02	1.23e-03	8.45e-05	3.04e-06	0.00e+00	0.00e+00
 4.65135e+22	3.54e-07	1.16e-03	1.49e-01	4.82e-01	3.28e-01	3.98e-02	1.07e-03	7.25e-05	2.49e-06	0.00e+00	0.00e+00
 4.67861e+22	4.14e-07	1.30e-03	1.59e-01	4.88e-01	3.14e-01	3.64e-02	9.43e-04	6.24e-05	2.06e-06	0.00e+00	0.00e+00
 4.70995e+22	5.08e-07	1.50e-03	1.74e-01	4.94e-01	2.97e-01	3.22e-02	7.94e-04	5.12e-05	1.59e-06	0.00e+00	0.00e+00
 4.74150e+22	5.94e-07	1.68e-03	1.86e-01	4.99e-01	2.83e-01	2.92e-02	6.93e-04	4.37e-05	1.30e-06	0.00e+00	0.00e+00
 4.77334e+22	7.24e-07	1.93e-03	2.03e-01	5.03e-01	2.66e-01	2.57e-02	5.81e-04	3.57e-05	1.00e-06	0.00e+00	0.00e+00
 4.80570e+22	8.51e-07	2.17e-03	2.17e-01	5.05e-01	2.52e-01	2.31e-02	5.01e-04	3.01e-05	8.07e-07	0.00e+00	0.00e+00
 4.83875e+22	1.04e-06	2.50e-03	2.36e-01	5.07e-01	2.35e-01	2.01e-02	4.15e-04	2.42e-05	6.12e-07	0.00e+00	0.00e+00
 4.86698e+22	1.15e-06	2.69e-03	2.46e-01	5.07e-01	2.26e-01	1.86e-02	3.75e-04	2.15e-05	5.28e-07	0.00e+00	0.00e+00
 4.88894e+22	1.32e-06	2.95e-03	2.59e-01	5.06e-01	2.14e-01	1.69e-02	3.29e-04	1.85e-05	4.36e-07	0.00e+00	0.00e+00
 4.91748e+22	1.55e-06	3.31e-03	2.77e-01	5.04e-01	2.00e-01	1.49e-02	2.79e-04	1.53e-05	3.43e-07	0.00e+00	0.00e+00
 4.94966e+22	1.82e-06	3.70e-03	2.95e-01	5.01e-01	1.87e-01	1.32e-02	2.36e-04	1.26e-05	2.69e-07	0.00e+00	0.00e+00
 4.98656e+22	2.27e-06	4.31e-03	3.20e-01	4.95e-01	1.69e-01	1.10e-02	1.86e-04	9.55e-06	1.91e-07	0.00e+00	0.00e+00
 5.02240e+22	2.64e-06	4.78e-03	3.38e-01	4.90e-01	1.57e-01	9.65e-03	1.58e-04	7.88e-06	1.50e-07	0.00e+00	0.00e+00
 5.05684e+22	3.17e-06	5.42e-03	3.62e-01	4.82e-01	1.43e-01	8.19e-03	1.28e-04	6.17e-06	0.00e+00	0.00e+00	0.00e+00
 5.09327e+22	3.76e-06	6.08e-03	3.84e-01	4.73e-01	1.30e-01	7.01e-03	1.05e-04	4.89e-06	0.00e+00	0.00e+00	0.00e+00
 5.12675e+22	4.39e-06	6.75e-03	4.05e-01	4.63e-01	1.19e-01	6.04e-03	8.73e-05	3.93e-06	0.00e+00	0.00e+00	0.00e+00
 5.16474e+22	5.33e-06	7.67e-03	4.32e-01	4.50e-01	1.06e-01	4.98e-03	6.87e-05	2.96e-06	0.00e+00	0.00e+00	0.00e+00
 5.19847e+22	6.01e-06	8.31e-03	4.48e-01	4.41e-01	9.83e-02	4.40e-03	5.89e-05	2.47e-06	0.00e+00	0.00e+00	0.00e+00
 5.22664e+22	6.95e-06	9.14e-03	4.69e-01	4.29e-01	8.94e-02	3.77e-03	4.88e-05	1.98e-06	0.00e+00	0.00e+00	0.00e+00
 5.25518e+22	7.76e-06	9.83e-03	4.85e-01	4.19e-01	8.28e-02	3.34e-03	4.20e-05	1.66e-06	0.00e+00	0.00e+00	0.00e+00
 5.28419e+22	8.96e-06	1.08e-02	5.06e-01	4.05e-01	7.48e-02	2.84e-03	3.46e-05	1.31e-06	0.00e+00	0.00e+00	0.00e+00
 5.31369e+22	1.01e-05	1.16e-02	5.23e-01	3.94e-01	6.87e-02	2.48e-03	2.94e-05	1.08e-06	0.00e+00	0.00e+00	0.00e+00
 5.34381e+22	1.16e-05	1.27e-02	5.44e-01	3.80e-01	6.17e-02	2.10e-03	2.40e-05	8.51e-07	0.00e+00	0.00e+00	0.00e+00
 5.37462e+22	1.31e-05	1.37e-02	5.61e-01	3.67e-01	5.61e-02	1.81e-03	2.01e-05	6.90e-07	0.00e+00	0.00e+00	0.00e+00
 5.40216e+22	1.46e-05	1.48e-02	5.78e-01	3.55e-01	5.10e-02	1.57e-03	1.70e-05	5.62e-07	0.00e+00	0.00e+00	0.00e+00
 5.43384e+22	1.69e-05	1.61e-02	5.99e-01	3.39e-01	4.52e-02	1.30e-03	1.37e-05	4.33e-07	0.00e+00	0.00e+00	0.00e+00
 5.46301e+22	1.86e-05	1.71e-02	6.12e-01	3.28e-01	4.16e-02	1.15e-03	1.17e-05	3.62e-07	0.00e+00	0.00e+00	0.00e+00
 5.48146e+22	1.98e-05	1.78e-02	6.21e-01	3.21e-01	3.94e-02	1.06e-03	1.07e-05	3.23e-07	0.00e+00	0.00e+00	0.00e+00
 5.49795e+22	2.12e-05	1.86e-02	6.31e-01	3.13e-01	3.69e-02	9.61e-04	9.54e-06	2.82e-07	0.00e+00	0.00e+00	0.00e+00
 5.51940e+22	2.32e-05	1.97e-02	6.44e-01	3.02e-01	3.39e-02	8.46e-04	8.23e-06	2.35e-07	0.00e+00	0.00e+00	0.00e+00
 5.54728e+22	2.63e-05	2.12e-02	6.61e-01	2.87e-01	3.00e-02	7.07e-04	6.68e-06	1.83e-07	0.00e+00	0.00e+00	0.00e+00
 5.57158e+22	2.81e-05	2.21e-02	6.70e-01	2.79e-01	2.82e-02	6.43e-04	5.98e-06	1.60e-07	0.00e+00	0.00e+00	0.00e+00
 5.59123e+22	3.06e-05	2.33e-02	6.81e-01	2.69e-01	2.59e-02	5.68e-04	5.18e-06	1.35e-07	0.00e+00	0.00e+00	0.00e+00
 5.61677e+22	3.40e-05	2.48e-02	6.95e-01	2.57e-01	2.32e-02	4.84e-04	4.31e-06	0.00e+00	0.00e+00	0.00e+00	0.00e+00
 5.64998e+22	3.91e-05	2.70e-02	7.12e-01	2.41e-01	2.00e-02	3.90e-04	3.37e-06	0.00e+00	0.00e+00	0.00e+00	0.00e+00
 5.68076e+22	4.29e-05	2.85e-02	7.23e-01	2.30e-01	1.81e-02	3.39e-04	2.86e-06	0.00e+00	0.00e+00	0.00e+00	0.00e+00
 5.70839e+22	4.79e-05	3.04e-02	7.36e-01	2.18e-01	1.60e-02	2.84e-04	2.34e-06	0.00e+00	0.00e+00	0.00e+00	0.00e+00
 5.74431e+22	5.53e-05	3.31e-02	7.52e-01	2.01e-01	1.35e-02	2.24e-04	1.78e-06	0.00e+00	0.00e+00	0.00e+00	0.00e+00
 5.78153e+22	6.25e-05	3.55e-02	7.64e-01	1.88e-01	1.18e-02	1.83e-04	1.42e-06	0.00e+00	0.00e+00	0.00e+00	0.00e+00
 5.82043e+22	7.29e-05	3.88e-02	7.79e-01	1.72e-01	9.74e-03	1.41e-04	1.06e-06	0.00e+00	0.00e+00	0.00e+00	0.00e+00
 5.85972e+22	8.26e-05	4.17e-02	7.90e-01	1.60e-01	8.38e-03	1.14e-04	8.30e-07	0.00e+00	0.00e+00	0.00e+00	0.00e+00
 5.89952e+22	9.59e-05	4.54e-02	8.02e-01	1.46e-01	6.90e-03	8.77e-05	6.15e-07	0.00e+00	0.00e+00	0.00e+00	0.00e+00
 5.94033e+22	1.09e-04	4.89e-02	8.11e-01	1.34e-01	5.84e-03	6.98e-05	4.74e-07	0.00e+00	0.00e+00	0.00e+00	0.00e+00
 5.98245e+22	1.29e-04	5.35e-02	8.22e-01	1.20e-01	4.70e-03	5.20e-05	3.40e-07	0.00e+00	0.00e+00	0.00e+00	0.00e+00
 6.02478e+22	1.46e-04	5.75e-02	8.28e-01	1.10e-01	3.96e-03	4.13e-05	2.62e-07	0.00e+00	0.00e+00	0.00e+00	0.00e+00
 6.06738e+22	1.72e-04	6.28e-02	8.36e-01	9.77e-02	3.15e-03	3.05e-05	1.85e-07	0.00e+00	0.00e+00	0.00e+00	0.00e+00
 6.11075e+22	1.97e-04	6.76e-02	8.41e-01	8.86e-02	2.61e-03	2.39e-05	1.40e-07	0.00e+00	0.00e+00	0.00e+00	0.00e+00
 6.15512e+22	2.33e-04	7.40e-02	8.46e-01	7.76e-02	2.04e-03	1.73e-05	0.00e+00	0.00e+00	0.00e+00	0.00e+00	0.00e+00
 6.20023e+22	2.70e-04	7.99e-02	8.49e-01	6.94e-02	1.66e-03	1.32e-05	0.00e+00	0.00e+00	0.00e+00	0.00e+00	0.00e+00
 6.23551e+22	2.99e-04	8.45e-02	8.50e-01	6.38e-02	1.42e-03	1.09e-05	0.00e+00	0.00e+00	0.00e+00	0.00e+00	0.00e+00
 6.27055e+22	3.45e-04	9.09e-02	8.51e-01	5.67e-02	1.15e-03	8.26e-06	0.00e+00	0.00e+00	0.00e+00	0.00e+00	0.00e+00
 6.30536e+22	3.84e-04	9.61e-02	8.51e-01	5.18e-02	9.76e-04	6.74e-06	0.00e+00	0.00e+00	0.00e+00	0.00e+00	0.00e+00
 6.33990e+22	4.41e-04	1.03e-01	8.50e-01	4.57e-02	7.83e-04	5.11e-06	0.00e+00	0.00e+00	0.00e+00	0.00e+00	0.00e+00
 6.37489e+22	4.96e-04	1.09e-01	8.48e-01	4.12e-02	6.53e-04	4.07e-06	0.00e+00	0.00e+00	0.00e+00	0.00e+00	0.00e+00
 6.41048e+22	5.74e-04	1.17e-01	8.46e-01	3.59e-02	5.15e-04	3.03e-06	0.00e+00	0.00e+00	0.00e+00	0.00e+00	0.00e+00
 6.44649e+22	6.51e-04	1.25e-01	8.42e-01	3.19e-02	4.20e-04	2.36e-06	0.00e+00	0.00e+00	0.00e+00	0.00e+00	0.00e+00
 6.47785e+22	7.34e-04	1.32e-01	8.38e-01	2.83e-02	3.44e-04	1.85e-06	0.00e+00	0.00e+00	0.00e+00	0.00e+00	0.00e+00
 6.51344e+22	8.53e-04	1.42e-01	8.33e-01	2.42e-02	2.65e-04	1.34e-06	0.00e+00	0.00e+00	0.00e+00	0.00e+00	0.00e+00
 6.54996e+22	9.79e-04	1.51e-01	8.27e-01	2.09e-02	2.09e-04	9.98e-07	0.00e+00	0.00e+00	0.00e+00	0.00e+00	0.00e+00
 6.58195e+22	1.11e-03	1.60e-01	8.20e-01	1.81e-02	1.66e-04	7.53e-07	0.00e+00	0.00e+00	0.00e+00	0.00e+00	0.00e+00
 6.61777e+22	1.30e-03	1.72e-01	8.12e-01	1.50e-02	1.24e-04	5.21e-07	0.00e+00	0.00e+00	0.00e+00	0.00e+00	0.00e+00
 6.65548e+22	1.52e-03	1.84e-01	8.02e-01	1.24e-02	9.25e-05	3.62e-07	0.00e+00	0.00e+00	0.00e+00	0.00e+00	0.00e+00
 6.68798e+22	1.73e-03	1.94e-01	7.94e-01	1.04e-02	7.13e-05	2.60e-07	0.00e+00	0.00e+00	0.00e+00	0.00e+00	0.00e+00
 6.71611e+22	1.94e-03	2.04e-01	7.85e-01	8.81e-03	5.61e-05	1.91e-07	0.00e+00	0.00e+00	0.00e+00	0.00e+00	0.00e+00
 6.74202e+22	2.17e-03	2.13e-01	7.77e-01	7.47e-03	4.45e-05	1.41e-07	0.00e+00	0.00e+00	0.00e+00	0.00e+00	0.00e+00
 6.77148e+22	2.50e-03	2.25e-01	7.66e-01	6.01e-03	3.30e-05	0.00e+00	0.00e+00	0.00e+00	0.00e+00	0.00e+00	0.00e+00
 6.80201e+22	2.85e-03	2.36e-01	7.56e-01	4.82e-03	2.47e-05	0.00e+00	0.00e+00	0.00e+00	0.00e+00	0.00e+00	0.00e+00
 6.82026e+22	2.99e-03	2.40e-01	7.52e-01	4.31e-03	2.14e-05	0.00e+00	0.00e+00	0.00e+00	0.00e+00	0.00e+00	0.00e+00
 6.82716e+22	3.06e-03	2.42e-01	7.51e-01	4.10e-03	2.01e-05	0.00e+00	0.00e+00	0.00e+00	0.00e+00	0.00e+00	0.00e+00
 6.83290e+22	3.15e-03	2.45e-01	7.48e-01	3.90e-03	1.89e-05	0.00e+00	0.00e+00	0.00e+00	0.00e+00	0.00e+00	0.00e+00
 6.83992e+22	3.26e-03	2.47e-01	7.46e-01	3.67e-03	1.75e-05	0.00e+00	0.00e+00	0.00e+00	0.00e+00	0.00e+00	0.00e+00
 6.84752e+22	3.38e-03	2.50e-01	7.43e-01	3.44e-03	1.62e-05	0.00e+00	0.00e+00	0.00e+00	0.00e+00	0.00e+00	0.00e+00
 6.85486e+22	3.50e-03	2.53e-01	7.40e-01	3.22e-03	1.49e-05	0.00e+00	0.00e+00	0.00e+00	0.00e+00	0.00e+00	0.00e+00
 6.86183e+22	3.61e-03	2.56e-01	7.37e-01	3.03e-03	1.39e-05	0.00e+00	0.00e+00	0.00e+00	0.00e+00	0.00e+00	0.00e+00
 6.86854e+22	3.71e-03	2.58e-01	7.35e-01	2.85e-03	1.29e-05	0.00e+00	0.00e+00	0.00e+00	0.00e+00	0.00e+00	0.00e+00
 6.87538e+22	3.85e-03	2.61e-01	7.32e-01	2.67e-03	1.20e-05	0.00e+00	0.00e+00	0.00e+00	0.00e+00	0.00e+00	0.00e+00
 6.88219e+22	3.95e-03	2.63e-01	7.30e-01	2.51e-03	1.11e-05	0.00e+00	0.00e+00	0.00e+00	0.00e+00	0.00e+00	0.00e+00
 6.88892e+22	4.08e-03	2.66e-01	7.28e-01	2.35e-03	1.03e-05	0.00e+00	0.00e+00	0.00e+00	0.00e+00	0.00e+00	0.00e+00
 6.89571e+22	4.22e-03	2.69e-01	7.25e-01	2.20e-03	9.57e-06	0.00e+00	0.00e+00	0.00e+00	0.00e+00	0.00e+00	0.00e+00
 6.90201e+22	4.35e-03	2.71e-01	7.22e-01	2.07e-03	8.92e-06	0.00e+00	0.00e+00	0.00e+00	0.00e+00	0.00e+00	0.00e+00
 6.90792e+22	4.46e-03	2.73e-01	7.21e-01	1.95e-03	8.36e-06	0.00e+00	0.00e+00	0.00e+00	0.00e+00	0.00e+00	0.00e+00
 6.91401e+22	4.61e-03	2.76e-01	7.18e-01	1.83e-03	7.78e-06	0.00e+00	0.00e+00	0.00e+00	0.00e+00	0.00e+00	0.00e+00
 6.92017e+22	4.73e-03	2.77e-01	7.16e-01	1.72e-03	7.28e-06	0.00e+00	0.00e+00	0.00e+00	0.00e+00	0.00e+00	0.00e+00
 6.92629e+22	4.89e-03	2.80e-01	7.13e-01	1.61e-03	6.77e-06	0.00e+00	0.00e+00	0.00e+00	0.00e+00	0.00e+00	0.00e+00
 6.93222e+22	5.00e-03	2.82e-01	7.12e-01	1.52e-03	6.36e-06	0.00e+00	0.00e+00	0.00e+00	0.00e+00	0.00e+00	0.00e+00
 6.93811e+22	5.15e-03	2.84e-01	7.10e-01	1.43e-03	5.94e-06	0.00e+00	0.00e+00	0.00e+00	0.00e+00	0.00e+00	0.00e+00
 6.94415e+22	5.32e-03	2.86e-01	7.07e-01	1.33e-03	5.53e-06	0.00e+00	0.00e+00	0.00e+00	0.00e+00	0.00e+00	0.00e+00
 6.94970e+22	5.47e-03	2.88e-01	7.05e-01	1.26e-03	5.20e-06	0.00e+00	0.00e+00	0.00e+00	0.00e+00	0.00e+00	0.00e+00
 6.95499e+22	5.58e-03	2.89e-01	7.04e-01	1.19e-03	4.91e-06	0.00e+00	0.00e+00	0.00e+00	0.00e+00	0.00e+00	0.00e+00
 6.96078e+22	5.76e-03	2.92e-01	7.02e-01	1.11e-03	4.59e-06	0.00e+00	0.00e+00	0.00e+00	0.00e+00	0.00e+00	0.00e+00
 6.96666e+22	5.95e-03	2.94e-01	6.99e-01	1.04e-03	4.29e-06	0.00e+00	0.00e+00	0.00e+00	0.00e+00	0.00e+00	0.00e+00
 6.97194e+22	6.10e-03	2.95e-01	6.98e-01	9.85e-04	4.04e-06	0.00e+00	0.00e+00	0.00e+00	0.00e+00	0.00e+00	0.00e+00
 6.97703e+22	6.22e-03	2.96e-01	6.97e-01	9.34e-04	3.83e-06	0.00e+00	0.00e+00	0.00e+00	0.00e+00	0.00e+00	0.00e+00
 6.98266e+22	6.42e-03	2.98e-01	6.94e-01	8.74e-04	3.59e-06	0.00e+00	0.00e+00	0.00e+00	0.00e+00	0.00e+00	0.00e+00
 6.98844e+22	6.63e-03	3.00e-01	6.92e-01	8.19e-04	3.36e-06	0.00e+00	0.00e+00	0.00e+00	0.00e+00	0.00e+00	0.00e+00
 6.99358e+22	6.80e-03	3.02e-01	6.91e-01	7.74e-04	3.18e-06	0.00e+00	0.00e+00	0.00e+00	0.00e+00	0.00e+00	0.00e+00
 6.99853e+22	6.97e-03	3.03e-01	6.89e-01	7.33e-04	3.01e-06	0.00e+00	0.00e+00	0.00e+00	0.00e+00	0.00e+00	0.00e+00
 7.00370e+22	7.11e-03	3.04e-01	6.88e-01	6.94e-04	2.86e-06	0.00e+00	0.00e+00	0.00e+00	0.00e+00	0.00e+00	0.00e+00
 7.00935e+22	7.34e-03	3.06e-01	6.86e-01	6.50e-04	2.68e-06	0.00e+00	0.00e+00	0.00e+00	0.00e+00	0.00e+00	0.00e+00
 7.01499e+22	7.53e-03	3.07e-01	6.85e-01	6.13e-04	2.54e-06	0.00e+00	0.00e+00	0.00e+00	0.00e+00	0.00e+00	0.00e+00
 7.02022e+22	7.77e-03	3.09e-01	6.83e-01	5.77e-04	2.39e-06	0.00e+00	0.00e+00	0.00e+00	0.00e+00	0.00e+00	0.00e+00
 7.02518e+22	7.91e-03	3.09e-01	6.82e-01	5.49e-04	2.29e-06	0.00e+00	0.00e+00	0.00e+00	0.00e+00	0.00e+00	0.00e+00
 7.03044e+22	8.16e-03	3.11e-01	6.81e-01	5.17e-04	2.16e-06	0.00e+00	0.00e+00	0.00e+00	0.00e+00	0.00e+00	0.00e+00
 7.03600e+22	8.36e-03	3.12e-01	6.80e-01	4.88e-04	2.05e-06	0.00e+00	0.00e+00	0.00e+00	0.00e+00	0.00e+00	0.00e+00
 7.04139e+22	8.62e-03	3.13e-01	6.78e-01	4.61e-04	1.94e-06	0.00e+00	0.00e+00	0.00e+00	0.00e+00	0.00e+00	0.00e+00
 7.04662e+22	8.81e-03	3.14e-01	6.77e-01	4.37e-04	1.85e-06	0.00e+00	0.00e+00	0.00e+00	0.00e+00	0.00e+00	0.00e+00
 7.05193e+22	9.07e-03	3.15e-01	6.75e-01	4.13e-04	1.76e-06	0.00e+00	0.00e+00	0.00e+00	0.00e+00	0.00e+00	0.00e+00
 7.05745e+22	9.34e-03	3.16e-01	6.74e-01	3.91e-04	1.67e-06	0.00e+00	0.00e+00	0.00e+00	0.00e+00	0.00e+00	0.00e+00
 7.06278e+22	9.58e-03	3.17e-01	6.73e-01	3.71e-04	1.59e-06	0.00e+00	0.00e+00	0.00e+00	0.00e+00	0.00e+00	0.00e+00
 7.06811e+22	9.82e-03	3.18e-01	6.72e-01	3.52e-04	1.52e-06	0.00e+00	0.00e+00	0.00e+00	0.00e+00	0.00e+00	0.00e+00
 7.07377e+22	1.01e-02	3.19e-01	6.70e-01	3.33e-04	1.45e-06	0.00e+00	0.00e+00	0.00e+00	0.00e+00	0.00e+00	0.00e+00
 7.07957e+22	1.04e-02	3.21e-01	6.69e-01	3.15e-04	1.38e-06	0.00e+00	0.00e+00	0.00e+00	0.00e+00	0.00e+00	0.00e+00
 7.08515e+22	1.07e-02	3.22e-01	6.67e-01	3.00e-04	1.32e-06	0.00e+00	0.00e+00	0.00e+00	0.00e+00	0.00e+00	0.00e+00
 7.09077e+22	1.10e-02	3.23e-01	6.66e-01	2.85e-04	1.27e-06	0.00e+00	0.00e+00	0.00e+00	0.00e+00	0.00e+00	0.00e+00
 7.09669e+22	1.14e-02	3.24e-01	6.64e-01	2.70e-04	1.21e-06	0.00e+00	0.00e+00	0.00e+00	0.00e+00	0.00e+00	0.00e+00
 7.10283e+22	1.17e-02	3.25e-01	6.63e-01	2.57e-04	1.16e-06	0.00e+00	0.00e+00	0.00e+00	0.00e+00	0.00e+00	0.00e+00
 7.10911e+22	1.21e-02	3.27e-01	6.61e-01	2.43e-04	1.11e-06	0.00e+00	0.00e+00	0.00e+00	0.00e+00	0.00e+00	0.00e+00
 7.11537e+22	1.25e-02	3.28e-01	6.59e-01	2.31e-04	1.06e-06	0.00e+00	0.00e+00	0.00e+00	0.00e+00	0.00e+00	0.00e+00
 7.12102e+22	1.28e-02	3.29e-01	6.58e-01	2.22e-04	1.03e-06	0.00e+00	0.00e+00	0.00e+00	0.00e+00	0.00e+00	0.00e+00
 7.12603e+22	1.32e-02	3.31e-01	6.56e-01	2.13e-04	9.93e-07	0.00e+00	0.00e+00	0.00e+00	0.00e+00	0.00e+00	0.00e+00
 7.13105e+22	1.35e-02	3.32e-01	6.54e-01	2.05e-04	9.64e-07	0.00e+00	0.00e+00	0.00e+00	0.00e+00	0.00e+00	0.00e+00
 7.13646e+22	1.40e-02	3.34e-01	6.52e-01	1.97e-04	9.33e-07	0.00e+00	0.00e+00	0.00e+00	0.00e+00	0.00e+00	0.00e+00
 7.14218e+22	1.44e-02	3.36e-01	6.50e-01	1.89e-04	9.01e-07	0.00e+00	0.00e+00	0.00e+00	0.00e+00	0.00e+00	0.00e+00
 7.14775e+22	1.49e-02	3.37e-01	6.48e-01	1.82e-04	8.75e-07	0.00e+00	0.00e+00	0.00e+00	0.00e+00	0.00e+00	0.00e+00
 7.15333e+22	1.54e-02	3.40e-01	6.45e-01	1.74e-04	8.47e-07	0.00e+00	0.00e+00	0.00e+00	0.00e+00	0.00e+00	0.00e+00
 7.15909e+22	1.58e-02	3.41e-01	6.43e-01	1.68e-04	8.22e-07	0.00e+00	0.00e+00	0.00e+00	0.00e+00	0.00e+00	0.00e+00
 7.16504e+22	1.64e-02	3.44e-01	6.40e-01	1.61e-04	7.97e-07	0.00e+00	0.00e+00	0.00e+00	0.00e+00	0.00e+00	0.00e+00
 7.17116e+22	1.70e-02	3.46e-01	6.36e-01	1.54e-04	7.72e-07	0.00e+00	0.00e+00	0.00e+00	0.00e+00	0.00e+00	0.00e+00
 7.17720e+22	1.76e-02	3.49e-01	6.33e-01	1.49e-04	7.50e-07	0.00e+00	0.00e+00	0.00e+00	0.00e+00	0.00e+00	0.00e+00
 7.18329e+22	1.82e-02	3.51e-01	6.30e-01	1.43e-04	7.28e-07	0.00e+00	0.00e+00	0.00e+00	0.00e+00	0.00e+00	0.00e+00
 7.18966e+22	1.89e-02	3.54e-01	6.27e-01	1.37e-04	7.07e-07	0.00e+00	0.00e+00	0.00e+00	0.00e+00	0.00e+00	0.00e+00
 7.19627e+22	1.96e-02	3.57e-01	6.23e-01	1.31e-04	6.86e-07	0.00e+00	0.00e+00	0.00e+00	0.00e+00	0.00e+00	0.00e+00
 7.20293e+22	2.04e-02	3.61e-01	6.19e-01	1.26e-04	6.65e-07	0.00e+00	0.00e+00	0.00e+00	0.00e+00	0.00e+00	0.00e+00
 7.20957e+22	2.12e-02	3.64e-01	6.15e-01	1.21e-04	6.47e-07	0.00e+00	0.00e+00	0.00e+00	0.00e+00	0.00e+00	0.00e+00
 7.21638e+22	2.21e-02	3.67e-01	6.11e-01	1.16e-04	6.28e-07	0.00e+00	0.00e+00	0.00e+00	0.00e+00	0.00e+00	0.00e+00
 7.22349e+22	2.30e-02	3.71e-01	6.06e-01	1.11e-04	6.09e-07	0.00e+00	0.00e+00	0.00e+00	0.00e+00	0.00e+00	0.00e+00
 7.23076e+22	2.40e-02	3.75e-01	6.01e-01	1.07e-04	5.91e-07	0.00e+00	0.00e+00	0.00e+00	0.00e+00	0.00e+00	0.00e+00
 7.23806e+22	2.49e-02	3.79e-01	5.96e-01	1.02e-04	5.74e-07	0.00e+00	0.00e+00	0.00e+00	0.00e+00	0.00e+00	0.00e+00
 7.24552e+22	2.60e-02	3.83e-01	5.91e-01	9.82e-05	5.58e-07	0.00e+00	0.00e+00	0.00e+00	0.00e+00	0.00e+00	0.00e+00
 7.25329e+22	2.72e-02	3.87e-01	5.86e-01	9.40e-05	5.41e-07	0.00e+00	0.00e+00	0.00e+00	0.00e+00	0.00e+00	0.00e+00
 7.26123e+22	2.84e-02	3.91e-01	5.80e-01	9.00e-05	5.25e-07	0.00e+00	0.00e+00	0.00e+00	0.00e+00	0.00e+00	0.00e+00
 7.26937e+22	2.97e-02	3.96e-01	5.74e-01	8.60e-05	5.10e-07	0.00e+00	0.00e+00	0.00e+00	0.00e+00	0.00e+00	0.00e+00
 7.27780e+22	3.11e-02	4.01e-01	5.68e-01	8.22e-05	4.94e-07	0.00e+00	0.00e+00	0.00e+00	0.00e+00	0.00e+00	0.00e+00
 7.28636e+22	3.25e-02	4.06e-01	5.62e-01	7.86e-05	4.79e-07	0.00e+00	0.00e+00	0.00e+00	0.00e+00	0.00e+00	0.00e+00
 7.29507e+22	3.40e-02	4.11e-01	5.55e-01	7.50e-05	4.65e-07	0.00e+00	0.00e+00	0.00e+00	0.00e+00	0.00e+00	0.00e+00
 7.30405e+22	3.56e-02	4.16e-01	5.49e-01	7.16e-05	4.51e-07	0.00e+00	0.00e+00	0.00e+00	0.00e+00	0.00e+00	0.00e+00
 7.31327e+22	3.72e-02	4.21e-01	5.42e-01	6.84e-05	4.37e-07	0.00e+00	0.00e+00	0.00e+00	0.00e+00	0.00e+00	0.00e+00
 7.32260e+22	3.90e-02	4.26e-01	5.35e-01	6.52e-05	4.24e-07	0.00e+00	0.00e+00	0.00e+00	0.00e+00	0.00e+00	0.00e+00
 7.33207e+22	4.09e-02	4.32e-01	5.27e-01	6.22e-05	4.11e-07	0.00e+00	0.00e+00	0.00e+00	0.00e+00	0.00e+00	0.00e+00
 7.34195e+22	4.30e-02	4.37e-01	5.20e-01	5.92e-05	3.98e-07	0.00e+00	0.00e+00	0.00e+00	0.00e+00	0.00e+00	0.00e+00
 7.35226e+22	4.51e-02	4.43e-01	5.12e-01	5.64e-05	3.85e-07	0.00e+00	0.00e+00	0.00e+00	0.00e+00	0.00e+00	0.00e+00
 7.36262e+22	4.73e-02	4.49e-01	5.04e-01	5.37e-05	3.73e-07	0.00e+00	0.00e+00	0.00e+00	0.00e+00	0.00e+00	0.00e+00
 7.37295e+22	4.98e-02	4.54e-01	4.96e-01	5.11e-05	3.61e-07	0.00e+00	0.00e+00	0.00e+00	0.00e+00	0.00e+00	0.00e+00
 7.38386e+22	5.23e-02	4.60e-01	4.87e-01	4.86e-05	3.48e-07	0.00e+00	0.00e+00	0.00e+00	0.00e+00	0.00e+00	0.00e+00
 7.39536e+22	5.51e-02	4.66e-01	4.78e-01	4.61e-05	3.36e-07	0.00e+00	0.00e+00	0.00e+00	0.00e+00	0.00e+00	0.00e+00
 7.40701e+22	5.81e-02	4.73e-01	4.69e-01	4.37e-05	3.24e-07	0.00e+00	0.00e+00	0.00e+00	0.00e+00	0.00e+00	0.00e+00
 7.41894e+22	6.14e-02	4.79e-01	4.60e-01	4.13e-05	3.11e-07	0.00e+00	0.00e+00	0.00e+00	0.00e+00	0.00e+00	0.00e+00
 7.43137e+22	6.49e-02	4.85e-01	4.50e-01	3.91e-05	2.99e-07	0.00e+00	0.00e+00	0.00e+00	0.00e+00	0.00e+00	0.00e+00
 7.44422e+22	6.88e-02	4.92e-01	4.39e-01	3.69e-05	2.87e-07	0.00e+00	0.00e+00	0.00e+00	0.00e+00	0.00e+00	0.00e+00
 7.45702e+22	7.29e-02	4.98e-01	4.29e-01	3.48e-05	2.74e-07	0.00e+00	0.00e+00	0.00e+00	0.00e+00	0.00e+00	0.00e+00
 7.46913e+22	7.69e-02	5.04e-01	4.19e-01	3.30e-05	2.63e-07	0.00e+00	0.00e+00	0.00e+00	0.00e+00	0.00e+00	0.00e+00
 7.48058e+22	8.10e-02	5.10e-01	4.09e-01	3.13e-05	2.53e-07	0.00e+00	0.00e+00	0.00e+00	0.00e+00	0.00e+00	0.00e+00
 7.49167e+22	8.51e-02	5.15e-01	4.00e-01	2.98e-05	2.43e-07	0.00e+00	0.00e+00	0.00e+00	0.00e+00	0.00e+00	0.00e+00
 7.50243e+22	8.93e-02	5.19e-01	3.91e-01	2.84e-05	2.34e-07	0.00e+00	0.00e+00	0.00e+00	0.00e+00	0.00e+00	0.00e+00
 7.51284e+22	9.35e-02	5.24e-01	3.82e-01	2.71e-05	2.24e-07	0.00e+00	0.00e+00	0.00e+00	0.00e+00	0.00e+00	0.00e+00
 7.52285e+22	9.79e-02	5.28e-01	3.74e-01	2.55e-05	2.16e-07	0.00e+00	0.00e+00	0.00e+00	0.00e+00	0.00e+00	0.00e+00
 7.53233e+22	1.02e-01	5.32e-01	3.66e-01	2.41e-05	2.08e-07	0.00e+00	0.00e+00	0.00e+00	0.00e+00	0.00e+00	0.00e+00
 7.54134e+22	1.07e-01	5.36e-01	3.58e-01	2.29e-05	2.00e-07	0.00e+00	0.00e+00	0.00e+00	0.00e+00	0.00e+00	0.00e+00
 7.54978e+22	1.11e-01	5.39e-01	3.50e-01	2.17e-05	1.93e-07	0.00e+00	0.00e+00	0.00e+00	0.00e+00	0.00e+00	0.00e+00
 7.55795e+22	1.15e-01	5.42e-01	3.42e-01	2.06e-05	1.86e-07	0.00e+00	0.00e+00	0.00e+00	0.00e+00	0.00e+00	0.00e+00
 7.56610e+22	1.20e-01	5.45e-01	3.35e-01	1.96e-05	1.79e-07	0.00e+00	0.00e+00	0.00e+00	0.00e+00	0.00e+00	0.00e+00
 7.57398e+22	1.24e-01	5.48e-01	3.28e-01	1.87e-05	1.72e-07	0.00e+00	0.00e+00	0.00e+00	0.00e+00	0.00e+00	0.00e+00
 7.58155e+22	1.29e-01	5.50e-01	3.21e-01	1.78e-05	1.66e-07	0.00e+00	0.00e+00	0.00e+00	0.00e+00	0.00e+00	0.00e+00
 7.58884e+22	1.33e-01	5.53e-01	3.14e-01	1.70e-05	1.60e-07	0.00e+00	0.00e+00	0.00e+00	0.00e+00	0.00e+00	0.00e+00
 7.59587e+22	1.38e-01	5.55e-01	3.07e-01	1.62e-05	1.54e-07	0.00e+00	0.00e+00	0.00e+00	0.00e+00	0.00e+00	0.00e+00
 7.60267e+22	1.43e-01	5.57e-01	3.00e-01	1.55e-05	1.49e-07	0.00e+00	0.00e+00	0.00e+00	0.00e+00	0.00e+00	0.00e+00
 7.60923e+22	1.47e-01	5.59e-01	2.94e-01	1.48e-05	1.43e-07	0.00e+00	0.00e+00	0.00e+00	0.00e+00	0.00e+00	0.00e+00
 7.61557e+22	1.52e-01	5.60e-01	2.88e-01	1.42e-05	1.38e-07	0.00e+00	0.00e+00	0.00e+00	0.00e+00	0.00e+00	0.00e+00
 7.62167e+22	1.57e-01	5.62e-01	2.81e-01	1.36e-05	1.33e-07	0.00e+00	0.00e+00	0.00e+00	0.00e+00	0.00e+00	0.00e+00
 7.62756e+22	1.62e-01	5.63e-01	2.75e-01	1.30e-05	1.29e-07	0.00e+00	0.00e+00	0.00e+00	0.00e+00	0.00e+00	0.00e+00
 7.63325e+22	1.67e-01	5.64e-01	2.69e-01	1.25e-05	1.24e-07	0.00e+00	0.00e+00	0.00e+00	0.00e+00	0.00e+00	0.00e+00
 7.63874e+22	1.72e-01	5.65e-01	2.63e-01	1.20e-05	0.00e+00	0.00e+00	0.00e+00	0.00e+00	0.00e+00	0.00e+00	0.00e+00
 7.64389e+22	1.77e-01	5.66e-01	2.58e-01	1.16e-05	0.00e+00	0.00e+00	0.00e+00	0.00e+00	0.00e+00	0.00e+00	0.00e+00
 7.64858e+22	1.81e-01	5.67e-01	2.52e-01	1.12e-05	0.00e+00	0.00e+00	0.00e+00	0.00e+00	0.00e+00	0.00e+00	0.00e+00
 7.65285e+22	1.86e-01	5.67e-01	2.47e-01	1.08e-05	0.00e+00	0.00e+00	0.00e+00	0.00e+00	0.00e+00	0.00e+00	0.00e+00
 7.65673e+22	1.90e-01	5.67e-01	2.43e-01	1.05e-05	0.00e+00	0.00e+00	0.00e+00	0.00e+00	0.00e+00	0.00e+00	0.00e+00
 7.66026e+22	1.94e-01	5.68e-01	2.39e-01	1.02e-05	0.00e+00	0.00e+00	0.00e+00	0.00e+00	0.00e+00	0.00e+00	0.00e+00
 7.66347e+22	1.97e-01	5.68e-01	2.35e-01	9.90e-06	0.00e+00	0.00e+00	0.00e+00	0.00e+00	0.00e+00	0.00e+00	0.00e+00
 7.66640e+22	2.01e-01	5.68e-01	2.31e-01	9.66e-06	0.00e+00	0.00e+00	0.00e+00	0.00e+00	0.00e+00	0.00e+00	0.00e+00
 7.66960e+22	2.05e-01	5.68e-01	2.27e-01	9.37e-06	0.00e+00	0.00e+00	0.00e+00	0.00e+00	0.00e+00	0.00e+00	0.00e+00
 7.67306e+22	2.09e-01	5.68e-01	2.23e-01	9.11e-06	0.00e+00	0.00e+00	0.00e+00	0.00e+00	0.00e+00	0.00e+00	0.00e+00
 7.67621e+22	2.12e-01	5.68e-01	2.20e-01	8.89e-06	0.00e+00	0.00e+00	0.00e+00	0.00e+00	0.00e+00	0.00e+00	0.00e+00
 7.67966e+22	2.17e-01	5.68e-01	2.15e-01	8.60e-06	0.00e+00	0.00e+00	0.00e+00	0.00e+00	0.00e+00	0.00e+00	0.00e+00
 7.68339e+22	2.21e-01	5.67e-01	2.11e-01	8.34e-06	0.00e+00	0.00e+00	0.00e+00	0.00e+00	0.00e+00	0.00e+00	0.00e+00
 7.68678e+22	2.25e-01	5.67e-01	2.08e-01	8.11e-06	0.00e+00	0.00e+00	0.00e+00	0.00e+00	0.00e+00	0.00e+00	0.00e+00
 7.68986e+22	2.29e-01	5.67e-01	2.04e-01	7.90e-06	0.00e+00	0.00e+00	0.00e+00	0.00e+00	0.00e+00	0.00e+00	0.00e+00
 7.69267e+22	2.33e-01	5.66e-01	2.01e-01	7.71e-06	0.00e+00	0.00e+00	0.00e+00	0.00e+00	0.00e+00	0.00e+00	0.00e+00
 7.69523e+22	2.37e-01	5.66e-01	1.97e-01	7.51e-06	0.00e+00	0.00e+00	0.00e+00	0.00e+00	0.00e+00	0.00e+00	0.00e+00
 7.69755e+22	2.40e-01	5.65e-01	1.95e-01	7.37e-06	0.00e+00	0.00e+00	0.00e+00	0.00e+00	0.00e+00	0.00e+00	0.00e+00
 7.70010e+22	2.44e-01	5.65e-01	1.92e-01	7.18e-06	0.00e+00	0.00e+00	0.00e+00	0.00e+00	0.00e+00	0.00e+00	0.00e+00
 7.70285e+22	2.46e-01	5.64e-01	1.90e-01	7.05e-06	0.00e+00	0.00e+00	0.00e+00	0.00e+00	0.00e+00	0.00e+00	0.00e+00
 7.70586e+22	2.50e-01	5.63e-01	1.86e-01	6.85e-06	0.00e+00	0.00e+00	0.00e+00	0.00e+00	0.00e+00	0.00e+00	0.00e+00
 7.70911e+22	2.54e-01	5.63e-01	1.84e-01	6.69e-06	0.00e+00	0.00e+00	0.00e+00	0.00e+00	0.00e+00	0.00e+00	0.00e+00
 7.71268e+22	2.58e-01	5.62e-01	1.80e-01	6.47e-06	0.00e+00	0.00e+00	0.00e+00	0.00e+00	0.00e+00	0.00e+00	0.00e+00
 7.71653e+22	2.63e-01	5.61e-01	1.77e-01	6.28e-06	0.00e+00	0.00e+00	0.00e+00	0.00e+00	0.00e+00	0.00e+00	0.00e+00
 7.72003e+22	2.67e-01	5.60e-01	1.73e-01	6.09e-06	0.00e+00	0.00e+00	0.00e+00	0.00e+00	0.00e+00	0.00e+00	0.00e+00
 7.72322e+22	2.70e-01	5.59e-01	1.71e-01	5.95e-06	0.00e+00	0.00e+00	0.00e+00	0.00e+00	0.00e+00	0.00e+00	0.00e+00
 7.72671e+22	2.76e-01	5.57e-01	1.67e-01	5.74e-06	0.00e+00	0.00e+00	0.00e+00	0.00e+00	0.00e+00	0.00e+00	0.00e+00
 7.73048e+22	2.81e-01	5.56e-01	1.63e-01	5.57e-06	0.00e+00	0.00e+00	0.00e+00	0.00e+00	0.00e+00	0.00e+00	0.00e+00
 7.73391e+22	2.85e-01	5.55e-01	1.61e-01	5.41e-06	0.00e+00	0.00e+00	0.00e+00	0.00e+00	0.00e+00	0.00e+00	0.00e+00
 7.73703e+22	2.90e-01	5.53e-01	1.57e-01	5.25e-06	0.00e+00	0.00e+00	0.00e+00	0.00e+00	0.00e+00	0.00e+00	0.00e+00
 7.73987e+22	2.92e-01	5.52e-01	1.55e-01	5.15e-06	0.00e+00	0.00e+00	0.00e+00	0.00e+00	0.00e+00	0.00e+00	0.00e+00
 7.74299e+22	2.98e-01	5.51e-01	1.52e-01	4.98e-06	0.00e+00	0.00e+00	0.00e+00	0.00e+00	0.00e+00	0.00e+00	0.00e+00
 7.74635e+22	3.02e-01	5.49e-01	1.49e-01	4.84e-06	0.00e+00	0.00e+00	0.00e+00	0.00e+00	0.00e+00	0.00e+00	0.00e+00
 7.74941e+22	3.06e-01	5.48e-01	1.46e-01	4.71e-06	0.00e+00	0.00e+00	0.00e+00	0.00e+00	0.00e+00	0.00e+00	0.00e+00
 7.75219e+22	3.10e-01	5.46e-01	1.44e-01	4.59e-06	0.00e+00	0.00e+00	0.00e+00	0.00e+00	0.00e+00	0.00e+00	0.00e+00
 7.75472e+22	3.14e-01	5.45e-01	1.42e-01	4.50e-06	0.00e+00	0.00e+00	0.00e+00	0.00e+00	0.00e+00	0.00e+00	0.00e+00
 7.75750e+22	3.18e-01	5.43e-01	1.39e-01	4.36e-06	0.00e+00	0.00e+00	0.00e+00	0.00e+00	0.00e+00	0.00e+00	0.00e+00
 7.76111e+22	3.24e-01	5.40e-01	1.35e-01	4.20e-06	0.00e+00	0.00e+00	0.00e+00	0.00e+00	0.00e+00	0.00e+00	0.00e+00
 7.76500e+22	3.29e-01	5.39e-01	1.33e-01	4.08e-06	0.00e+00	0.00e+00	0.00e+00	0.00e+00	0.00e+00	0.00e+00	0.00e+00
 7.76855e+22	3.34e-01	5.36e-01	1.30e-01	3.95e-06	0.00e+00	0.00e+00	0.00e+00	0.00e+00	0.00e+00	0.00e+00	0.00e+00
 7.77177e+22	3.38e-01	5.35e-01	1.27e-01	3.84e-06	0.00e+00	0.00e+00	0.00e+00	0.00e+00	0.00e+00	0.00e+00	0.00e+00
 7.77531e+22	3.44e-01	5.32e-01	1.24e-01	3.70e-06	0.00e+00	0.00e+00	0.00e+00	0.00e+00	0.00e+00	0.00e+00	0.00e+00
 7.77912e+22	3.50e-01	5.29e-01	1.21e-01	3.58e-06	0.00e+00	0.00e+00	0.00e+00	0.00e+00	0.00e+00	0.00e+00	0.00e+00
 7.78260e+22	3.54e-01	5.27e-01	1.19e-01	3.48e-06	0.00e+00	0.00e+00	0.00e+00	0.00e+00	0.00e+00	0.00e+00	0.00e+00
 7.78576e+22	3.59e-01	5.25e-01	1.16e-01	3.38e-06	0.00e+00	0.00e+00	0.00e+00	0.00e+00	0.00e+00	0.00e+00	0.00e+00
 7.78863e+22	3.63e-01	5.23e-01	1.14e-01	3.28e-06	0.00e+00	0.00e+00	0.00e+00	0.00e+00	0.00e+00	0.00e+00	0.00e+00
