#depth	H	H+	H2
 4.62852e+21	7.38e-08	1.00e+00	4.68e-33
 1.02103e+22	1.18e-07	1.00e+00	1.54e-32
 1.16401e+22	1.47e-07	1.00e+00	3.21e-32
 1.23550e+22	1.63e-07	1.00e+00	5.26e-32
 1.26529e+22	1.68e-07	1.00e+00	5.98e-32
 1.27899e+22	1.74e-07	1.00e+00	7.03e-32
 1.29182e+22	1.78e-07	1.00e+00	7.55e-32
 1.30352e+22	1.84e-07	1.00e+00	8.70e-32
 1.31514e+22	1.89e-07	1.00e+00	9.66e-32
 1.32667e+22	1.95e-07	1.00e+00	1.11e-31
 1.33798e+22	1.99e-07	1.00e+00	1.23e-31
 1.34901e+22	2.06e-07	1.00e+00	1.42e-31
 1.35953e+22	2.11e-07	1.00e+00	1.56e-31
 1.36938e+22	2.17e-07	1.00e+00	1.77e-31
 1.37945e+22	2.22e-07	1.00e+00	1.96e-31
 1.38982e+22	2.30e-07	1.00e+00	2.25e-31
 1.40002e+22	2.35e-07	1.00e+00	2.48e-31
 1.40999e+22	2.43e-07	1.00e+00	2.85e-31
 1.41945e+22	2.49e-07	1.00e+00	3.12e-31
 1.42821e+22	2.57e-07	1.00e+00	3.54e-31
 1.43701e+22	2.63e-07	1.00e+00	3.88e-31
 1.44584e+22	2.71e-07	1.00e+00	4.41e-31
 1.45478e+22	2.79e-07	1.00e+00	4.88e-31
 1.46385e+22	2.89e-07	1.00e+00	5.61e-31
 1.47281e+22	2.96e-07	1.00e+00	6.19e-31
 1.48163e+22	3.07e-07	1.00e+00	7.11e-31
 1.49058e+22	3.16e-07	1.00e+00	7.93e-31
 1.49838e+22	3.26e-07	1.00e+00	8.85e-31
 1.50718e+22	3.39e-07	1.00e+00	1.03e-30
 1.51592e+22	3.50e-07	1.00e+00	1.15e-30
 1.52460e+22	3.65e-07	1.00e+00	1.33e-30
 1.53301e+22	3.76e-07	1.00e+00	1.48e-30
 1.54106e+22	3.92e-07	1.00e+00	1.72e-30
 1.54913e+22	4.05e-07	1.00e+00	1.92e-30
 1.55724e+22	4.23e-07	1.00e+00	2.24e-30
 1.56540e+22	4.38e-07	1.00e+00	2.51e-30
 1.57364e+22	4.57e-07	1.00e+00	2.92e-30
 1.58210e+22	4.74e-07	1.00e+00	3.30e-30
 1.58962e+22	4.92e-07	1.00e+00	3.73e-30
 1.59796e+22	5.16e-07	1.00e+00	4.35e-30
 1.60630e+22	5.34e-07	1.00e+00	4.90e-30
 1.61483e+22	5.61e-07	1.00e+00	5.74e-30
 1.62358e+22	5.84e-07	1.00e+00	6.52e-30
 1.63211e+22	6.11e-07	1.00e+00	7.56e-30
 1.64080e+22	6.37e-07	1.00e+00	8.61e-30
 1.64962e+22	6.68e-07	1.00e+00	1.00e-29
 1.65859e+22	6.96e-07	1.00e+00	1.14e-29
 1.66702e+22	7.25e-07	1.00e+00	1.30e-29
 1.67609e+22	7.60e-07	1.00e+00	1.50e-29
 1.68528e+22	7.91e-07	1.00e+00	1.71e-29
 1.69472e+22	8.29e-07	1.00e+00	1.98e-29
 1.70440e+22	8.64e-07	1.00e+00	2.25e-29
 1.71440e+22	9.06e-07	1.00e+00	2.61e-29
 1.72470e+22	9.44e-07	1.00e+00	2.97e-29
 1.73537e+22	9.91e-07	1.00e+00	3.45e-29
 1.74636e+22	1.03e-06	1.00e+00	3.93e-29
 1.75784e+22	1.08e-06	1.00e+00	4.58e-29
 1.76942e+22	1.13e-06	1.00e+00	5.18e-29
 1.78148e+22	1.19e-06	1.00e+00	6.07e-29
 1.79382e+22	1.23e-06	1.00e+00	6.87e-29
 1.80653e+22	1.30e-06	1.00e+00	8.05e-29
 1.81887e+22	1.34e-06	1.00e+00	8.99e-29
 1.83074e+22	1.40e-06	1.00e+00	1.04e-28
 1.84291e+22	1.45e-06	1.00e+00	1.16e-28
 1.85547e+22	1.52e-06	1.00e+00	1.34e-28
 1.86821e+22	1.58e-06	1.00e+00	1.50e-28
 1.88119e+22	1.65e-06	1.00e+00	1.73e-28
 1.89395e+22	1.70e-06	1.00e+00	1.92e-28
 1.90641e+22	1.78e-06	1.00e+00	2.21e-28
 1.91904e+22	1.83e-06	1.00e+00	2.43e-28
 1.93188e+22	1.91e-06	1.00e+00	2.77e-28
 1.94510e+22	1.97e-06	1.00e+00	3.09e-28
 1.95881e+22	2.06e-06	1.00e+00	3.56e-28
 1.97259e+22	2.13e-06	1.00e+00	3.94e-28
 1.98649e+22	2.22e-06	1.00e+00	4.89e-28
 2.00064e+22	2.29e-06	1.00e+00	5.41e-28
 2.01305e+22	2.36e-06	1.00e+00	5.97e-28
 2.02711e+22	2.46e-06	1.00e+00	6.81e-28
 2.04112e+22	2.52e-06	1.00e+00	7.45e-28
 2.05509e+22	2.63e-06	1.00e+00	8.48e-28
 2.06926e+22	2.70e-06	1.00e+00	9.29e-28
 2.08370e+22	2.80e-06	1.00e+00	1.05e-27
 2.09863e+22	2.88e-06	1.00e+00	1.16e-27
 2.11421e+22	3.00e-06	1.00e+00	1.33e-27
 2.13006e+22	3.08e-06	1.00e+00	1.47e-27
 2.14624e+22	3.20e-06	1.00e+00	1.68e-27
 2.16299e+22	3.29e-06	1.00e+00	1.87e-27
 2.18048e+22	3.43e-06	1.00e+00	2.15e-27
 2.19827e+22	3.53e-06	1.00e+00	2.40e-27
 2.21646e+22	3.67e-06	1.00e+00	2.78e-27
 2.23507e+22	3.78e-06	1.00e+00	3.11e-27
 2.25423e+22	3.94e-06	1.00e+00	3.62e-27
 2.27397e+22	4.08e-06	1.00e+00	4.10e-27
 2.29447e+22	4.26e-06	1.00e+00	4.79e-27
 2.31526e+22	4.42e-06	1.00e+00	5.45e-27
 2.33644e+22	4.64e-06	1.00e+00	6.44e-27
 2.35770e+22	4.81e-06	1.00e+00	7.31e-27
 2.37531e+22	4.98e-06	1.00e+00	8.20e-27
 2.39445e+22	5.24e-06	1.00e+00	9.58e-27
 2.41353e+22	5.43e-06	1.00e+00	1.07e-26
 2.43252e+22	5.73e-06	1.00e+00	1.27e-26
 2.45163e+22	5.96e-06	1.00e+00	1.43e-26
 2.47091e+22	6.33e-06	1.00e+00	1.68e-26
 2.49031e+22	6.61e-06	1.00e+00	1.89e-26
 2.50986e+22	7.05e-06	1.00e+00	2.21e-26
 2.52969e+22	7.43e-06	1.00e+00	2.51e-26
 2.54987e+22	7.98e-06	1.00e+00	2.96e-26
 2.57031e+22	8.46e-06	1.00e+00	3.37e-26
 2.58744e+22	8.93e-06	1.00e+00	3.78e-26
 2.60603e+22	9.63e-06	1.00e+00	4.39e-26
 2.62469e+22	1.02e-05	1.00e+00	4.94e-26
 2.64270e+22	1.10e-05	1.00e+00	5.66e-26
 2.66113e+22	1.18e-05	1.00e+00	6.37e-26
 2.67890e+22	1.27e-05	1.00e+00	7.18e-26
 2.69698e+22	1.36e-05	1.00e+00	8.09e-26
 2.71463e+22	1.46e-05	1.00e+00	9.07e-26
 2.73198e+22	1.57e-05	1.00e+00	1.02e-25
 2.74912e+22	1.69e-05	1.00e+00	1.13e-25
 2.76612e+22	1.82e-05	1.00e+00	1.27e-25
 2.78307e+22	1.96e-05	1.00e+00	1.42e-25
 2.80006e+22	2.10e-05	1.00e+00	1.59e-25
 2.81712e+22	2.26e-05	1.00e+00	1.78e-25
 2.83434e+22	2.43e-05	1.00e+00	2.01e-25
 2.85177e+22	2.61e-05	1.00e+00	2.28e-25
 2.86951e+22	2.81e-05	1.00e+00	2.60e-25
 2.88738e+22	3.01e-05	1.00e+00	2.98e-25
 2.90564e+22	3.24e-05	1.00e+00	3.10e-25
 2.92400e+22	3.47e-05	1.00e+00	3.59e-25
 2.94286e+22	3.73e-05	1.00e+00	4.24e-25
 2.96053e+22	3.95e-05	1.00e+00	4.87e-25
 2.97858e+22	4.25e-05	1.00e+00	5.85e-25
 2.99689e+22	4.50e-05	1.00e+00	6.79e-25
 3.01553e+22	4.83e-05	1.00e+00	8.26e-25
 3.03462e+22	5.11e-05	1.00e+00	9.77e-25
 3.05431e+22	5.49e-05	1.00e+00	1.22e-24
 3.07429e+22	5.80e-05	1.00e+00	1.44e-24
 3.09467e+22	6.24e-05	1.00e+00	1.82e-24
 3.11514e+22	6.57e-05	1.00e+00	2.17e-24
 3.13575e+22	7.05e-05	1.00e+00	2.75e-24
 3.15659e+22	7.41e-05	1.00e+00	3.29e-24
 3.17775e+22	7.94e-05	1.00e+00	4.20e-24
 3.19924e+22	8.36e-05	1.00e+00	5.07e-24
 3.22117e+22	8.94e-05	1.00e+00	6.50e-24
 3.24349e+22	9.41e-05	1.00e+00	7.90e-24
 3.26632e+22	1.01e-04	1.00e+00	1.02e-23
 3.28964e+22	1.06e-04	1.00e+00	1.25e-23
 3.30929e+22	1.11e-04	1.00e+00	1.49e-23
 3.33050e+22	1.18e-04	1.00e+00	1.90e-23
 3.35180e+22	1.23e-04	1.00e+00	2.26e-23
 3.37321e+22	1.31e-04	1.00e+00	2.86e-23
 3.39450e+22	1.36e-04	1.00e+00	3.39e-23
 3.41562e+22	1.45e-04	1.00e+00	4.26e-23
 3.43698e+22	1.51e-04	1.00e+00	5.06e-23
 3.45865e+22	1.59e-04	1.00e+00	6.36e-23
 3.48071e+22	1.66e-04	1.00e+00	7.63e-23
 3.50329e+22	1.76e-04	1.00e+00	9.68e-23
 3.52602e+22	1.84e-04	1.00e+00	1.15e-22
 3.54894e+22	1.95e-04	1.00e+00	1.47e-22
 3.57211e+22	2.03e-04	1.00e+00	1.76e-22
 3.59560e+22	2.15e-04	1.00e+00	2.24e-22
 3.61962e+22	2.24e-04	1.00e+00	2.70e-22
 3.64431e+22	2.38e-04	1.00e+00	3.49e-22
 3.66954e+22	2.49e-04	1.00e+00	4.23e-22
 3.69547e+22	2.64e-04	1.00e+00	5.51e-22
 3.72159e+22	2.76e-04	1.00e+00	6.70e-22
 3.74797e+22	2.94e-04	1.00e+00	8.74e-22
 3.77301e+22	3.06e-04	1.00e+00	1.05e-21
 3.79631e+22	3.21e-04	1.00e+00	1.30e-21
 3.82123e+22	3.36e-04	1.00e+00	1.60e-21
 3.84446e+22	3.51e-04	1.00e+00	1.89e-21
 3.86632e+22	3.66e-04	1.00e+00	2.26e-21
 3.88705e+22	3.81e-04	1.00e+00	2.69e-21
 3.91087e+22	4.00e-04	1.00e+00	3.40e-21
 3.93509e+22	4.17e-04	1.00e+00	4.07e-21
 3.95984e+22	4.38e-04	1.00e+00	5.14e-21
 3.98520e+22	4.58e-04	1.00e+00	6.31e-21
 4.00756e+22	4.77e-04	1.00e+00	7.60e-21
 4.03284e+22	5.01e-04	9.99e-01	9.66e-21
 4.05927e+22	5.25e-04	9.99e-01	1.20e-20
 4.08326e+22	5.48e-04	9.99e-01	1.47e-20
 4.11053e+22	5.78e-04	9.99e-01	1.91e-20
 4.13853e+22	6.06e-04	9.99e-01	2.41e-20
 4.16338e+22	6.34e-04	9.99e-01	2.98e-20
 4.19159e+22	6.69e-04	9.99e-01	3.92e-20
 4.22068e+22	7.03e-04	9.99e-01	5.04e-20
 4.24671e+22	7.35e-04	9.99e-01	6.33e-20
 4.27633e+22	7.78e-04	9.99e-01	8.52e-20
 4.30631e+22	8.18e-04	9.99e-01	1.12e-19
 4.33260e+22	8.56e-04	9.99e-01	1.41e-19
 4.36259e+22	9.06e-04	9.99e-01	1.95e-19
 4.39328e+22	9.51e-04	9.99e-01	2.67e-19
 4.42058e+22	9.97e-04	9.99e-01	3.48e-19
 4.45178e+22	1.06e-03	9.99e-01	4.94e-19
 4.48368e+22	1.11e-03	9.99e-01	7.22e-19
 4.51192e+22	1.17e-03	9.99e-01	9.83e-19
 4.53956e+22	1.22e-03	9.99e-01	1.34e-18
 4.57096e+22	1.30e-03	9.99e-01	2.01e-18
 4.60271e+22	1.36e-03	9.99e-01	3.39e-18
 4.63029e+22	1.42e-03	9.99e-01	4.79e-18
 4.66151e+22	1.51e-03	9.98e-01	7.77e-18
 4.69346e+22	1.58e-03	9.98e-01	1.32e-17
 4.72085e+22	1.65e-03	9.98e-01	2.12e-17
 4.75096e+22	1.75e-03	9.98e-01	4.41e-17
 4.78178e+22	1.83e-03	9.98e-01	9.88e-17
 4.80925e+22	1.91e-03	9.98e-01	2.00e-16
 4.83397e+22	1.98e-03	9.98e-01	4.16e-16
 4.85605e+22	2.05e-03	9.98e-01	1.22e-15
 4.88143e+22	2.14e-03	9.98e-01	3.30e-15
 4.90766e+22	2.23e-03	9.98e-01	2.56e-14
 4.93080e+22	2.31e-03	9.98e-01	8.61e-14
 4.95668e+22	2.42e-03	9.98e-01	1.95e-13
 4.98306e+22	2.51e-03	9.97e-01	2.98e-13
 5.01010e+22	2.63e-03	9.97e-01	3.75e-13
 5.03736e+22	2.73e-03	9.97e-01	4.52e-13
 5.06490e+22	2.86e-03	9.97e-01	5.61e-13
 5.09282e+22	2.97e-03	9.97e-01	6.69e-13
 5.12123e+22	3.12e-03	9.97e-01	8.26e-13
 5.15001e+22	3.24e-03	9.97e-01	9.70e-13
 5.17928e+22	3.40e-03	9.97e-01	1.19e-12
 5.20898e+22	3.54e-03	9.96e-01	1.40e-12
 5.23926e+22	3.73e-03	9.96e-01	1.73e-12
 5.26987e+22	3.88e-03	9.96e-01	2.02e-12
 5.30088e+22	4.07e-03	9.96e-01	2.44e-12
 5.33303e+22	4.26e-03	9.96e-01	2.88e-12
 5.36665e+22	4.50e-03	9.96e-01	3.53e-12
 5.39642e+22	4.64e-03	9.95e-01	4.00e-12
 5.42120e+22	4.83e-03	9.95e-01	4.59e-12
 5.44715e+22	4.99e-03	9.95e-01	5.18e-12
 5.47463e+22	5.21e-03	9.95e-01	6.02e-12
 5.50211e+22	5.38e-03	9.95e-01	6.76e-12
 5.52959e+22	5.63e-03	9.94e-01	7.84e-12
 5.55734e+22	5.81e-03	9.94e-01	8.78e-12
 5.58543e+22	6.08e-03	9.94e-01	1.01e-11
 5.61400e+22	6.28e-03	9.94e-01	1.13e-11
 5.64320e+22	6.57e-03	9.93e-01	1.30e-11
 5.67319e+22	6.81e-03	9.93e-01	1.46e-11
 5.70421e+22	7.14e-03	9.93e-01	1.70e-11
 5.73157e+22	7.31e-03	9.93e-01	1.84e-11
 5.74990e+22	7.45e-03	9.93e-01	1.95e-11
 5.76947e+22	7.69e-03	9.92e-01	2.14e-11
 5.79492e+22	7.99e-03	9.92e-01	2.40e-11
 5.81955e+22	8.18e-03	9.92e-01	2.59e-11
 5.84312e+22	8.49e-03	9.92e-01	2.88e-11
 5.86742e+22	8.72e-03	9.91e-01	3.13e-11
 5.88773e+22	8.93e-03	9.91e-01	3.36e-11
 5.90920e+22	9.22e-03	9.91e-01	3.69e-11
 5.93318e+22	9.49e-03	9.91e-01	4.02e-11
 5.96044e+22	9.90e-03	9.90e-01	4.54e-11
 5.98759e+22	1.02e-02	9.90e-01	4.95e-11
 6.01458e+22	1.06e-02	9.89e-01	5.55e-11
 6.04967e+22	1.13e-02	9.89e-01	6.54e-11
 6.08394e+22	1.16e-02	9.88e-01	7.21e-11
 6.11715e+22	1.23e-02	9.88e-01	8.35e-11
 6.15285e+22	1.28e-02	9.87e-01	9.52e-11
 6.19179e+22	1.37e-02	9.86e-01	1.14e-10
 6.23071e+22	1.44e-02	9.86e-01	1.31e-10
 6.26960e+22	1.55e-02	9.85e-01	1.58e-10
 6.30858e+22	1.63e-02	9.84e-01	1.83e-10
 6.34767e+22	1.77e-02	9.82e-01	2.25e-10
 6.38218e+22	1.85e-02	9.82e-01	2.54e-10
 6.41071e+22	1.97e-02	9.80e-01	3.00e-10
 6.43980e+22	2.08e-02	9.79e-01	3.47e-10
 6.46550e+22	2.21e-02	9.78e-01	4.01e-10
 6.49480e+22	2.39e-02	9.76e-01	4.89e-10
 6.52438e+22	2.57e-02	9.74e-01	5.85e-10
 6.54987e+22	2.76e-02	9.72e-01	6.99e-10
 6.57859e+22	3.05e-02	9.69e-01	8.88e-10
 6.60829e+22	3.36e-02	9.66e-01	1.12e-09
 6.63463e+22	3.71e-02	9.63e-01	1.42e-09
 6.66426e+22	4.21e-02	9.58e-01	1.92e-09
 6.69585e+22	4.83e-02	9.52e-01	2.64e-09
 6.72367e+22	5.56e-02	9.44e-01	3.66e-09
 6.74854e+22	6.33e-02	9.37e-01	4.92e-09
 6.77594e+22	7.50e-02	9.25e-01	7.26e-09
 6.79584e+22	8.37e-02	9.16e-01	9.27e-09
 6.80219e+22	8.67e-02	9.13e-01	1.01e-08
 6.80646e+22	8.94e-02	9.11e-01	1.08e-08
 6.81181e+22	9.26e-02	9.07e-01	1.17e-08
 6.81842e+22	9.70e-02	9.03e-01	1.30e-08
 6.82529e+22	1.02e-01	8.98e-01	1.45e-08
 6.83152e+22	1.06e-01	8.94e-01	1.60e-08
 6.83735e+22	1.11e-01	8.89e-01	1.75e-08
 6.84337e+22	1.16e-01	8.84e-01	1.94e-08
 6.84943e+22	1.21e-01	8.79e-01	2.15e-08
 6.85517e+22	1.26e-01	8.74e-01	2.37e-08
 6.86081e+22	1.31e-01	8.69e-01	2.59e-08
 6.86665e+22	1.37e-01	8.63e-01	2.88e-08
 6.87249e+22	1.44e-01	8.56e-01	3.20e-08
 6.87795e+22	1.50e-01	8.50e-01	3.52e-08
 6.88330e+22	1.56e-01	8.44e-01	3.85e-08
 6.88892e+22	1.63e-01	8.37e-01	4.28e-08
 6.89457e+22	1.71e-01	8.29e-01	4.75e-08
 6.89982e+22	1.78e-01	8.22e-01	5.23e-08
 6.90495e+22	1.84e-01	8.16e-01	5.70e-08
 6.91050e+22	1.93e-01	8.07e-01	6.35e-08
 6.91611e+22	2.02e-01	7.98e-01	7.07e-08
 6.92123e+22	2.10e-01	7.90e-01	7.77e-08
 6.92623e+22	2.18e-01	7.82e-01	8.44e-08
 6.93174e+22	2.28e-01	7.72e-01	9.42e-08
 6.93737e+22	2.38e-01	7.62e-01	1.05e-07
 6.94243e+22	2.48e-01	7.52e-01	1.15e-07
 6.94734e+22	2.56e-01	7.44e-01	1.25e-07
 6.95294e+22	2.67e-01	7.33e-01	1.39e-07
 6.95880e+22	2.80e-01	7.20e-01	1.56e-07
 6.96405e+22	2.91e-01	7.09e-01	1.72e-07
 6.96890e+22	3.01e-01	6.99e-01	1.86e-07
 6.97427e+22	3.13e-01	6.87e-01	2.06e-07
 6.98015e+22	3.26e-01	6.74e-01	2.29e-07
 6.98573e+22	3.39e-01	6.61e-01	2.54e-07
 6.99099e+22	3.50e-01	6.50e-01	2.76e-07
 6.99650e+22	3.63e-01	6.37e-01	3.04e-07
 7.00235e+22	3.77e-01	6.23e-01	3.36e-07
 7.00812e+22	3.91e-01	6.09e-01	3.71e-07
 7.01382e+22	4.04e-01	5.96e-01	4.09e-07
 7.01948e+22	4.17e-01	5.83e-01	4.46e-07
 7.02540e+22	4.32e-01	5.68e-01	4.94e-07
 7.03150e+22	4.46e-01	5.54e-01	5.39e-07
 7.03778e+22	4.61e-01	5.39e-01	5.95e-07
 7.04432e+22	4.76e-01	5.24e-01	6.58e-07
 7.05063e+22	4.90e-01	5.10e-01	7.17e-07
 7.05715e+22	5.05e-01	4.95e-01	7.90e-07
 7.06398e+22	5.19e-01	4.81e-01	8.63e-07
 7.07102e+22	5.34e-01	4.66e-01	9.49e-07
 7.07777e+22	5.48e-01	4.52e-01	1.03e-06
 7.08379e+22	5.60e-01	4.40e-01	1.11e-06
 7.08971e+22	5.71e-01	4.29e-01	1.18e-06
 7.09622e+22	5.84e-01	4.16e-01	1.28e-06
 7.10319e+22	5.97e-01	4.03e-01	1.40e-06
 7.10991e+22	6.08e-01	3.92e-01	1.50e-06
 7.11664e+22	6.20e-01	3.80e-01	1.61e-06
 7.12371e+22	6.32e-01	3.68e-01	1.73e-06
 7.13102e+22	6.43e-01	3.57e-01	1.86e-06
 7.13857e+22	6.55e-01	3.45e-01	2.00e-06
 7.14630e+22	6.66e-01	3.34e-01	2.15e-06
 7.15414e+22	6.77e-01	3.23e-01	2.31e-06
 7.16224e+22	6.87e-01	3.13e-01	2.47e-06
 7.17077e+22	6.98e-01	3.02e-01	2.65e-06
 7.17966e+22	7.08e-01	2.92e-01	2.85e-06
 7.18877e+22	7.18e-01	2.82e-01	3.05e-06
 7.19823e+22	7.28e-01	2.72e-01	3.27e-06
 7.20827e+22	7.38e-01	2.62e-01	3.51e-06
 7.21880e+22	7.47e-01	2.53e-01	3.74e-06
 7.22995e+22	7.56e-01	2.44e-01	4.02e-06
 7.24183e+22	7.65e-01	2.35e-01	4.33e-06
 7.25416e+22	7.73e-01	2.27e-01	4.64e-06
 7.26715e+22	7.81e-01	2.19e-01	4.97e-06
 7.28111e+22	7.89e-01	2.11e-01	5.34e-06
 7.29591e+22	7.96e-01	2.04e-01	5.74e-06
 7.31135e+22	8.03e-01	1.97e-01	6.17e-06
 7.32757e+22	8.10e-01	1.90e-01	6.64e-06
 7.34491e+22	8.17e-01	1.83e-01	7.17e-06
 7.36308e+22	8.23e-01	1.77e-01	7.76e-06
 7.38160e+22	8.29e-01	1.71e-01	8.39e-06
 7.40030e+22	8.34e-01	1.66e-01	9.12e-06
 7.41871e+22	8.40e-01	1.60e-01	9.88e-06
 7.43678e+22	8.45e-01	1.55e-01	1.07e-05
 7.45488e+22	8.49e-01	1.51e-01	1.16e-05
 7.47274e+22	8.54e-01	1.46e-01	1.26e-05
 7.49024e+22	8.58e-01	1.42e-01	1.37e-05
 7.50772e+22	8.62e-01	1.38e-01	1.49e-05
 7.52489e+22	8.66e-01	1.34e-01	1.63e-05
 7.54131e+22	8.70e-01	1.30e-01	1.77e-05
 7.55732e+22	8.73e-01	1.26e-01	1.93e-05
 7.57305e+22	8.77e-01	1.23e-01	2.10e-05
 7.58846e+22	8.80e-01	1.20e-01	2.29e-05
 7.60345e+22	8.84e-01	1.16e-01	2.50e-05
 7.61796e+22	8.87e-01	1.13e-01	2.72e-05
 7.63218e+22	8.90e-01	1.10e-01	2.96e-05
 7.64630e+22	8.93e-01	1.07e-01	3.23e-05
 7.66030e+22	8.96e-01	1.04e-01	3.55e-05
 7.67382e+22	8.98e-01	1.02e-01	3.87e-05
 7.68695e+22	9.01e-01	9.90e-02	4.23e-05
 7.69980e+22	9.03e-01	9.65e-02	4.62e-05
 7.71208e+22	9.06e-01	9.41e-02	5.04e-05
 7.72359e+22	9.08e-01	9.19e-02	5.47e-05
 7.73441e+22	9.10e-01	8.98e-02	5.93e-05
 7.74472e+22	9.12e-01	8.78e-02	6.43e-05
 7.75279e+22	9.13e-01	8.65e-02	6.83e-05
 7.75763e+22	9.14e-01	8.60e-02	7.09e-05
 7.76092e+22	9.14e-01	8.58e-02	7.26e-05
 7.76409e+22	9.14e-01	8.54e-02	7.45e-05
 7.76769e+22	9.15e-01	8.46e-02	7.68e-05
 7.77139e+22	9.16e-01	8.39e-02	7.92e-05
 7.77495e+22	9.17e-01	8.31e-02	8.16e-05
 7.77841e+22	9.17e-01	8.25e-02	8.40e-05
 7.78185e+22	9.18e-01	8.18e-02	8.64e-05
 7.78540e+22	9.19e-01	8.11e-02	8.90e-05
 7.78901e+22	9.19e-01	8.04e-02	9.18e-05
 7.79256e+22	9.20e-01	7.97e-02	9.46e-05
 7.79604e+22	9.21e-01	7.90e-02	9.72e-05
 7.79961e+22	9.21e-01	7.84e-02	9.99e-05
 7.80344e+22	9.22e-01	7.76e-02	1.03e-04
 7.80741e+22	9.23e-01	7.67e-02	1.06e-04
 7.81126e+22	9.24e-01	7.60e-02	1.09e-04
 7.81505e+22	9.24e-01	7.53e-02	1.12e-04
 7.81899e+22	9.25e-01	7.45e-02	1.16e-04
 7.82291e+22	9.26e-01	7.38e-02	1.19e-04
 7.82685e+22	9.27e-01	7.30e-02	1.23e-04
 7.83082e+22	9.27e-01	7.23e-02	1.26e-04
 7.83487e+22	9.28e-01	7.15e-02	1.30e-04
 7.83903e+22	9.29e-01	7.08e-02	1.34e-04
 7.84322e+22	9.30e-01	6.99e-02	1.38e-04
 7.84745e+22	9.31e-01	6.92e-02	1.42e-04
 7.85149e+22	9.31e-01	6.84e-02	1.46e-04
 7.85548e+22	9.32e-01	6.75e-02	1.50e-04
 7.85940e+22	9.33e-01	6.70e-02	1.54e-04
 7.86352e+22	9.33e-01	6.62e-02	1.58e-04
 7.86781e+22	9.34e-01	6.54e-02	1.62e-04
 7.87173e+22	9.35e-01	6.46e-02	1.65e-04
 7.87528e+22	9.35e-01	6.42e-02	1.69e-04
 7.87918e+22	9.36e-01	6.35e-02	1.72e-04
 7.88340e+22	9.37e-01	6.26e-02	1.76e-04
 7.88723e+22	9.38e-01	6.21e-02	1.79e-04
 7.89142e+22	9.38e-01	6.13e-02	1.83e-04
 7.89596e+22	9.39e-01	6.04e-02	1.88e-04
 7.90008e+22	9.40e-01	5.96e-02	1.92e-04
 7.90384e+22	9.40e-01	5.93e-02	1.96e-04
 7.90795e+22	9.41e-01	5.85e-02	2.00e-04
 7.91239e+22	9.42e-01	5.77e-02	2.05e-04
 7.91643e+22	9.43e-01	5.69e-02	2.09e-04
 7.92011e+22	9.43e-01	5.66e-02	2.12e-04
 7.92414e+22	9.44e-01	5.59e-02	2.16e-04
 7.92849e+22	9.44e-01	5.51e-02	2.20e-04
 7.93244e+22	9.45e-01	5.44e-02	2.23e-04
 7.93605e+22	9.45e-01	5.41e-02	2.26e-04
 7.93999e+22	9.46e-01	5.34e-02	2.29e-04
 7.94426e+22	9.47e-01	5.29e-02	2.32e-04
 7.94892e+22	9.47e-01	5.21e-02	2.36e-04
 7.95397e+22	9.48e-01	5.14e-02	2.40e-04
 7.95855e+22	9.49e-01	5.08e-02	2.42e-04
 7.96273e+22	9.49e-01	5.04e-02	2.45e-04
 7.96730e+22	9.50e-01	4.97e-02	2.47e-04
 7.97224e+22	9.50e-01	4.90e-02	2.50e-04
 7.97674e+22	9.51e-01	4.86e-02	2.53e-04
 7.98166e+22	9.52e-01	4.79e-02	2.55e-04
 7.98698e+22	9.52e-01	4.72e-02	2.57e-04
 7.99181e+22	9.53e-01	4.65e-02	2.59e-04
 7.99622e+22	9.53e-01	4.62e-02	2.60e-04
 8.00104e+22	9.54e-01	4.55e-02	2.61e-04
 8.00625e+22	9.55e-01	4.49e-02	2.63e-04
 8.01099e+22	9.55e-01	4.43e-02	2.63e-04
 8.01530e+22	9.56e-01	4.39e-02	2.64e-04
 8.02003e+22	9.56e-01	4.33e-02	2.64e-04
 8.02513e+22	9.57e-01	4.27e-02	2.65e-04
 8.02977e+22	9.57e-01	4.21e-02	2.65e-04
 8.03400e+22	9.58e-01	4.18e-02	2.65e-04
 8.03863e+22	9.58e-01	4.12e-02	2.65e-04
 8.04363e+22	9.59e-01	4.06e-02	2.65e-04
 8.04818e+22	9.59e-01	4.01e-02	2.64e-04
 8.05231e+22	9.60e-01	3.98e-02	2.64e-04
 8.05685e+22	9.60e-01	3.93e-02	2.62e-04
 8.06175e+22	9.61e-01	3.87e-02	2.60e-04
 8.06620e+22	9.61e-01	3.82e-02	2.58e-04
 8.07026e+22	9.62e-01	3.80e-02	2.57e-04
 8.07470e+22	9.62e-01	3.75e-02	2.55e-04
 8.07950e+22	9.63e-01	3.69e-02	2.53e-04
 8.08386e+22	9.63e-01	3.65e-02	2.51e-04
 8.08784e+22	9.63e-01	3.63e-02	2.49e-04
 8.09219e+22	9.64e-01	3.58e-02	2.48e-04
 8.09689e+22	9.64e-01	3.54e-02	2.46e-04
 8.10204e+22	9.65e-01	3.49e-02	2.44e-04
 8.10760e+22	9.65e-01	3.44e-02	2.43e-04
 8.11266e+22	9.66e-01	3.40e-02	2.40e-04
 8.11726e+22	9.66e-01	3.37e-02	2.39e-04
 8.12230e+22	9.66e-01	3.32e-02	2.37e-04
 8.12775e+22	9.67e-01	3.28e-02	2.35e-04
 8.13271e+22	9.67e-01	3.24e-02	2.34e-04
 8.13814e+22	9.68e-01	3.19e-02	2.31e-04
 8.14400e+22	9.68e-01	3.15e-02	2.30e-04
 8.14933e+22	9.68e-01	3.11e-02	2.28e-04
 8.15518e+22	9.69e-01	3.06e-02	2.25e-04
 8.16149e+22	9.69e-01	3.02e-02	2.23e-04
 8.16724e+22	9.70e-01	2.98e-02	2.22e-04
 8.17353e+22	9.70e-01	2.93e-02	2.19e-04
 8.18032e+22	9.71e-01	2.88e-02	2.17e-04
 8.18651e+22	9.71e-01	2.85e-02	2.15e-04
 8.19213e+22	9.71e-01	2.82e-02	2.14e-04
 8.19830e+22	9.72e-01	2.77e-02	2.11e-04
 8.20496e+22	9.72e-01	2.73e-02	2.10e-04
 8.21101e+22	9.73e-01	2.69e-02	2.08e-04
 8.21765e+22	9.73e-01	2.65e-02	2.05e-04
 8.22482e+22	9.74e-01	2.60e-02	2.04e-04
 8.23134e+22	9.74e-01	2.57e-02	2.02e-04
 8.23727e+22	9.74e-01	2.54e-02	2.01e-04
 8.24377e+22	9.75e-01	2.50e-02	1.99e-04
 8.25079e+22	9.75e-01	2.46e-02	1.98e-04
 8.25718e+22	9.75e-01	2.43e-02	1.96e-04
 8.26418e+22	9.76e-01	2.38e-02	1.94e-04
 8.27174e+22	9.76e-01	2.35e-02	1.93e-04
 8.27861e+22	9.76e-01	2.32e-02	1.91e-04
 8.28615e+22	9.77e-01	2.27e-02	1.90e-04
 8.29429e+22	9.77e-01	2.23e-02	1.88e-04
 8.30169e+22	9.78e-01	2.20e-02	1.87e-04
 8.30980e+22	9.78e-01	2.16e-02	1.86e-04
 8.31856e+22	9.78e-01	2.12e-02	1.84e-04
 8.32653e+22	9.79e-01	2.09e-02	1.83e-04
 8.33378e+22	9.79e-01	2.06e-02	1.82e-04
 8.34173e+22	9.79e-01	2.02e-02	1.81e-04
 8.35031e+22	9.80e-01	1.99e-02	1.80e-04
 8.35812e+22	9.80e-01	1.96e-02	1.79e-04
 8.36667e+22	9.80e-01	1.92e-02	1.78e-04
 8.37591e+22	9.81e-01	1.89e-02	1.77e-04
 8.38431e+22	9.81e-01	1.86e-02	1.76e-04
 8.39196e+22	9.81e-01	1.83e-02	1.76e-04
 8.40034e+22	9.82e-01	1.80e-02	1.75e-04
 8.40939e+22	9.82e-01	1.77e-02	1.74e-04
 8.41762e+22	9.82e-01	1.74e-02	1.73e-04
 8.42512e+22	9.82e-01	1.72e-02	1.73e-04
 8.43333e+22	9.83e-01	1.69e-02	1.72e-04
 8.44219e+22	9.83e-01	1.66e-02	1.71e-04
 8.45026e+22	9.83e-01	1.64e-02	1.71e-04
 8.45910e+22	9.84e-01	1.61e-02	1.70e-04
 8.46864e+22	9.84e-01	1.58e-02	1.70e-04
 8.47732e+22	9.84e-01	1.56e-02	1.69e-04
 8.48684e+22	9.84e-01	1.52e-02	1.69e-04
 8.49711e+22	9.85e-01	1.50e-02	1.69e-04
 8.50646e+22	9.85e-01	1.47e-02	1.68e-04
 8.51497e+22	9.85e-01	1.45e-02	1.68e-04
 8.52429e+22	9.85e-01	1.42e-02	1.68e-04
 8.53435e+22	9.86e-01	1.40e-02	1.68e-04
 8.54351e+22	9.86e-01	1.38e-02	1.68e-04
 8.55354e+22	9.86e-01	1.35e-02	1.67e-04
 8.56438e+22	9.86e-01	1.32e-02	1.67e-04
 8.57424e+22	9.87e-01	1.30e-02	1.67e-04
 8.58504e+22	9.87e-01	1.28e-02	1.67e-04
 8.59670e+22	9.87e-01	1.25e-02	1.67e-04
 8.60732e+22	9.87e-01	1.23e-02	1.67e-04
 8.61895e+22	9.88e-01	1.20e-02	1.67e-04
 8.63150e+22	9.88e-01	1.18e-02	1.68e-04
 8.64293e+22	9.88e-01	1.15e-02	1.68e-04
 8.65332e+22	9.88e-01	1.13e-02	1.68e-04
 8.66472e+22	9.89e-01	1.11e-02	1.68e-04
 8.67702e+22	9.89e-01	1.09e-02	1.70e-04
 8.69049e+22	9.89e-01	1.06e-02	1.73e-04
 8.70574e+22	9.89e-01	1.03e-02	1.75e-04
 8.72163e+22	9.90e-01	1.00e-02	1.77e-04
 8.73813e+22	9.90e-01	9.76e-03	1.79e-04
 8.75489e+22	9.90e-01	9.49e-03	1.80e-04
 8.77195e+22	9.90e-01	9.22e-03	1.82e-04
 8.78917e+22	9.91e-01	8.95e-03	1.85e-04
 8.80658e+22	9.91e-01	8.70e-03	1.87e-04
 8.82416e+22	9.91e-01	8.44e-03	1.90e-04
 8.84192e+22	9.91e-01	8.20e-03	1.92e-04
 8.85984e+22	9.92e-01	7.95e-03	1.95e-04
 8.87794e+22	9.92e-01	7.72e-03	1.98e-04
 8.89618e+22	9.92e-01	7.49e-03	2.01e-04
 8.91459e+22	9.92e-01	7.26e-03	2.04e-04
 8.93306e+22	9.93e-01	7.04e-03	2.08e-04
 8.95169e+22	9.93e-01	6.83e-03	2.11e-04
 8.97052e+22	9.93e-01	6.62e-03	2.15e-04
 8.98946e+22	9.93e-01	6.42e-03	2.19e-04
 9.00861e+22	9.93e-01	6.22e-03	2.23e-04
 9.02791e+22	9.94e-01	6.03e-03	2.28e-04
 9.04736e+22	9.94e-01	5.84e-03	2.32e-04
 9.06697e+22	9.94e-01	5.65e-03	2.37e-04
 9.08674e+22	9.94e-01	5.47e-03	2.42e-04
 9.10667e+22	9.94e-01	5.30e-03	2.47e-04
 9.12700e+22	9.94e-01	5.13e-03	2.53e-04
 9.14773e+22	9.95e-01	4.96e-03	2.58e-04
 9.16872e+22	9.95e-01	4.79e-03	2.64e-04
 9.18999e+22	9.95e-01	4.63e-03	2.71e-04
 9.21151e+22	9.95e-01	4.47e-03	2.79e-04
 9.23330e+22	9.95e-01	4.32e-03	2.86e-04
 9.25064e+22	9.95e-01	4.23e-03	2.90e-04
