#depth	Ne	Ne+	Ne+2	Ne+3	Ne+4	Ne+5	Ne+6	Ne+7	Ne+8	Ne+9	Ne+10
 4.62852e+21	7.44e-15	8.22e-10	2.91e-06	6.22e-04	2.96e-02	2.14e-01	2.76e-01	1.93e-01	2.59e-01	2.73e-02	7.83e-04
 1.02754e+22	2.69e-14	3.33e-09	1.13e-05	1.89e-03	6.39e-02	3.22e-01	2.88e-01	1.62e-01	1.51e-01	1.05e-02	2.01e-04
 1.18029e+22	6.11e-14	7.18e-09	2.21e-05	3.17e-03	8.88e-02	3.74e-01	2.78e-01	1.40e-01	1.10e-01	6.32e-03	9.92e-05
 1.25666e+22	9.48e-14	1.06e-08	3.07e-05	4.05e-03	1.03e-01	3.97e-01	2.69e-01	1.28e-01	9.31e-02	4.84e-03	6.91e-05
 1.29229e+22	1.13e-13	1.24e-08	3.50e-05	4.45e-03	1.09e-01	4.06e-01	2.66e-01	1.23e-01	8.69e-02	4.35e-03	5.98e-05
 1.31566e+22	1.43e-13	1.52e-08	4.13e-05	5.03e-03	1.18e-01	4.17e-01	2.60e-01	1.17e-01	7.93e-02	3.78e-03	4.94e-05
 1.34087e+22	1.77e-13	1.83e-08	4.80e-05	5.61e-03	1.26e-01	4.26e-01	2.55e-01	1.12e-01	7.28e-02	3.32e-03	4.15e-05
 1.36847e+22	2.33e-13	2.31e-08	5.80e-05	6.42e-03	1.36e-01	4.37e-01	2.48e-01	1.05e-01	6.53e-02	2.81e-03	3.33e-05
 1.39686e+22	2.96e-13	2.83e-08	6.83e-05	7.21e-03	1.45e-01	4.46e-01	2.41e-01	9.89e-02	5.92e-02	2.43e-03	2.74e-05
 1.42210e+22	3.70e-13	3.40e-08	7.92e-05	8.00e-03	1.54e-01	4.53e-01	2.35e-01	9.36e-02	5.41e-02	2.12e-03	2.28e-05
 1.45074e+22	4.97e-13	4.35e-08	9.62e-05	9.17e-03	1.67e-01	4.62e-01	2.26e-01	8.69e-02	4.79e-02	1.77e-03	1.79e-05
 1.47982e+22	6.27e-13	5.27e-08	1.12e-04	1.02e-02	1.77e-01	4.68e-01	2.19e-01	8.17e-02	4.34e-02	1.53e-03	1.48e-05
 1.50947e+22	8.49e-13	6.77e-08	1.36e-04	1.16e-02	1.90e-01	4.74e-01	2.09e-01	7.53e-02	3.81e-02	1.26e-03	1.15e-05
 1.53954e+22	1.08e-12	8.21e-08	1.58e-04	1.29e-02	2.01e-01	4.79e-01	2.02e-01	7.04e-02	3.44e-02	1.09e-03	9.46e-06
 1.57017e+22	1.47e-12	1.06e-07	1.92e-04	1.47e-02	2.15e-01	4.83e-01	1.92e-01	6.43e-02	2.99e-02	8.87e-04	7.26e-06
 1.60013e+22	1.83e-12	1.27e-07	2.20e-04	1.62e-02	2.26e-01	4.85e-01	1.85e-01	6.02e-02	2.71e-02	7.68e-04	6.02e-06
 1.62925e+22	2.47e-12	1.61e-07	2.65e-04	1.83e-02	2.40e-01	4.87e-01	1.75e-01	5.51e-02	2.36e-02	6.31e-04	4.66e-06
 1.65937e+22	3.12e-12	1.94e-07	3.06e-04	2.01e-02	2.52e-01	4.88e-01	1.67e-01	5.11e-02	2.12e-02	5.39e-04	3.80e-06
 1.68500e+22	3.86e-12	2.31e-07	3.48e-04	2.19e-02	2.63e-01	4.87e-01	1.61e-01	4.78e-02	1.91e-02	4.67e-04	3.15e-06
 1.71248e+22	5.03e-12	2.85e-07	4.08e-04	2.43e-02	2.76e-01	4.86e-01	1.52e-01	4.38e-02	1.68e-02	3.90e-04	2.49e-06
 1.74035e+22	6.24e-12	3.39e-07	4.64e-04	2.64e-02	2.87e-01	4.84e-01	1.45e-01	4.07e-02	1.51e-02	3.35e-04	2.05e-06
 1.76871e+22	8.22e-12	4.21e-07	5.47e-04	2.93e-02	3.02e-01	4.81e-01	1.37e-01	3.71e-02	1.32e-02	2.77e-04	1.60e-06
 1.79744e+22	1.02e-11	5.01e-07	6.22e-04	3.19e-02	3.13e-01	4.78e-01	1.30e-01	3.43e-02	1.18e-02	2.37e-04	1.31e-06
 1.82665e+22	1.35e-11	6.25e-07	7.33e-04	3.54e-02	3.28e-01	4.73e-01	1.22e-01	3.11e-02	1.03e-02	1.94e-04	1.01e-06
 1.85654e+22	1.70e-11	7.49e-07	8.39e-04	3.85e-02	3.40e-01	4.68e-01	1.15e-01	2.86e-02	9.10e-03	1.64e-04	8.17e-07
 1.88731e+22	2.25e-11	9.34e-07	9.87e-04	4.26e-02	3.55e-01	4.61e-01	1.07e-01	2.58e-02	7.84e-03	1.33e-04	6.26e-07
 1.91879e+22	2.88e-11	1.14e-06	1.14e-03	4.66e-02	3.68e-01	4.54e-01	1.00e-01	2.34e-02	6.86e-03	1.10e-04	4.93e-07
 1.94647e+22	3.60e-11	1.35e-06	1.29e-03	5.04e-02	3.79e-01	4.47e-01	9.45e-02	2.15e-02	6.07e-03	9.33e-05	3.98e-07
 1.97771e+22	4.75e-11	1.68e-06	1.52e-03	5.55e-02	3.93e-01	4.38e-01	8.75e-02	1.93e-02	5.20e-03	7.53e-05	3.03e-07
 2.01013e+22	6.09e-11	2.04e-06	1.75e-03	6.04e-02	4.06e-01	4.28e-01	8.14e-02	1.74e-02	4.52e-03	6.20e-05	2.36e-07
 2.03920e+22	7.66e-11	2.44e-06	1.99e-03	6.53e-02	4.17e-01	4.19e-01	7.60e-02	1.58e-02	3.96e-03	5.17e-05	1.88e-07
 2.07212e+22	1.03e-10	3.07e-06	2.35e-03	7.21e-02	4.32e-01	4.07e-01	6.95e-02	1.40e-02	3.34e-03	4.09e-05	1.39e-07
 2.10599e+22	1.31e-10	3.72e-06	2.69e-03	7.82e-02	4.43e-01	3.96e-01	6.42e-02	1.26e-02	2.88e-03	3.34e-05	0.00e+00
 2.14109e+22	1.79e-10	4.71e-06	3.20e-03	8.63e-02	4.57e-01	3.82e-01	5.81e-02	1.10e-02	2.39e-03	2.59e-05	0.00e+00
 2.17685e+22	2.30e-10	5.74e-06	3.68e-03	9.36e-02	4.68e-01	3.70e-01	5.33e-02	9.85e-03	2.05e-03	2.09e-05	0.00e+00
 2.20860e+22	2.94e-10	6.93e-06	4.21e-03	1.01e-01	4.78e-01	3.58e-01	4.90e-02	8.81e-03	1.76e-03	1.70e-05	0.00e+00
 2.24502e+22	4.02e-10	8.81e-06	4.99e-03	1.11e-01	4.89e-01	3.42e-01	4.38e-02	7.63e-03	1.44e-03	1.30e-05	0.00e+00
 2.28190e+22	5.21e-10	1.07e-05	5.74e-03	1.20e-01	4.98e-01	3.28e-01	3.98e-02	6.76e-03	1.22e-03	1.03e-05	0.00e+00
 2.31937e+22	7.11e-10	1.36e-05	6.78e-03	1.32e-01	5.08e-01	3.11e-01	3.53e-02	5.82e-03	9.90e-04	7.83e-06	0.00e+00
 2.35723e+22	9.18e-10	1.66e-05	7.78e-03	1.42e-01	5.15e-01	2.98e-01	3.19e-02	5.13e-03	8.33e-04	6.20e-06	0.00e+00
 2.39561e+22	1.27e-09	2.12e-05	9.23e-03	1.55e-01	5.22e-01	2.80e-01	2.81e-02	4.37e-03	6.68e-04	4.61e-06	0.00e+00
 2.43434e+22	1.63e-09	2.57e-05	1.06e-02	1.67e-01	5.27e-01	2.66e-01	2.52e-02	3.84e-03	5.59e-04	3.63e-06	0.00e+00
 2.47352e+22	2.26e-09	3.29e-05	1.25e-02	1.82e-01	5.31e-01	2.49e-01	2.19e-02	3.24e-03	4.43e-04	2.66e-06	0.00e+00
 2.51312e+22	2.91e-09	3.98e-05	1.43e-02	1.94e-01	5.34e-01	2.35e-01	1.96e-02	2.83e-03	3.68e-04	2.08e-06	0.00e+00
 2.55325e+22	4.03e-09	5.09e-05	1.69e-02	2.11e-01	5.35e-01	2.17e-01	1.69e-02	2.37e-03	2.89e-04	1.50e-06	0.00e+00
 2.59390e+22	5.21e-09	6.17e-05	1.92e-02	2.25e-01	5.34e-01	2.04e-01	1.50e-02	2.06e-03	2.38e-04	1.16e-06	0.00e+00
 2.63524e+22	7.23e-09	7.90e-05	2.27e-02	2.44e-01	5.32e-01	1.87e-01	1.28e-02	1.70e-03	1.84e-04	8.26e-07	0.00e+00
 2.67572e+22	9.19e-09	9.45e-05	2.56e-02	2.58e-01	5.29e-01	1.75e-01	1.13e-02	1.48e-03	1.52e-04	6.42e-07	0.00e+00
 2.71509e+22	1.25e-08	1.19e-04	2.99e-02	2.76e-01	5.23e-01	1.60e-01	9.67e-03	1.23e-03	1.18e-04	4.61e-07	0.00e+00
 2.75313e+22	1.55e-08	1.39e-04	3.32e-02	2.89e-01	5.17e-01	1.50e-01	8.63e-03	1.08e-03	9.91e-05	3.65e-07	0.00e+00
 2.78944e+22	2.04e-08	1.71e-04	3.80e-02	3.06e-01	5.09e-01	1.38e-01	7.44e-03	9.13e-04	7.86e-05	2.69e-07	0.00e+00
 2.82633e+22	2.55e-08	2.01e-04	4.23e-02	3.20e-01	5.02e-01	1.28e-01	6.57e-03	7.92e-04	6.49e-05	2.09e-07	0.00e+00
 2.85897e+22	3.16e-08	2.36e-04	4.70e-02	3.34e-01	4.93e-01	1.19e-01	5.81e-03	6.89e-04	5.37e-05	1.63e-07	0.00e+00
 2.89640e+22	4.16e-08	2.89e-04	5.36e-02	3.52e-01	4.81e-01	1.08e-01	4.96e-03	5.74e-04	4.20e-05	0.00e+00	0.00e+00
 2.93438e+22	5.20e-08	3.40e-04	5.95e-02	3.66e-01	4.70e-01	9.91e-02	4.34e-03	4.93e-04	3.42e-05	0.00e+00	0.00e+00
 2.97309e+22	6.85e-08	4.16e-04	6.77e-02	3.83e-01	4.55e-01	8.90e-02	3.66e-03	4.07e-04	2.64e-05	0.00e+00	0.00e+00
 3.01213e+22	8.52e-08	4.87e-04	7.49e-02	3.97e-01	4.43e-01	8.15e-02	3.19e-03	3.48e-04	2.14e-05	0.00e+00	0.00e+00
 3.05161e+22	1.13e-07	5.99e-04	8.53e-02	4.14e-01	4.25e-01	7.22e-02	2.65e-03	2.83e-04	1.62e-05	0.00e+00	0.00e+00
 3.09112e+22	1.40e-07	6.98e-04	9.39e-02	4.26e-01	4.11e-01	6.57e-02	2.30e-03	2.41e-04	1.31e-05	0.00e+00	0.00e+00
 3.12287e+22	1.68e-07	7.96e-04	1.02e-01	4.36e-01	3.98e-01	6.05e-02	2.03e-03	2.09e-04	1.08e-05	0.00e+00	0.00e+00
 3.15631e+22	2.10e-07	9.32e-04	1.12e-01	4.48e-01	3.82e-01	5.45e-02	1.74e-03	1.76e-04	8.61e-06	0.00e+00	0.00e+00
 3.19023e+22	2.52e-07	1.06e-03	1.22e-01	4.57e-01	3.68e-01	4.98e-02	1.53e-03	1.51e-04	7.08e-06	0.00e+00	0.00e+00
 3.22007e+22	3.00e-07	1.20e-03	1.31e-01	4.66e-01	3.55e-01	4.56e-02	1.34e-03	1.31e-04	5.85e-06	0.00e+00	0.00e+00
 3.25415e+22	3.73e-07	1.41e-03	1.44e-01	4.75e-01	3.38e-01	4.06e-02	1.14e-03	1.09e-04	4.59e-06	0.00e+00	0.00e+00
 3.28865e+22	4.47e-07	1.60e-03	1.56e-01	4.82e-01	3.23e-01	3.68e-02	9.92e-04	9.30e-05	3.74e-06	0.00e+00	0.00e+00
 3.31889e+22	5.31e-07	1.80e-03	1.67e-01	4.88e-01	3.09e-01	3.34e-02	8.66e-04	7.98e-05	3.06e-06	0.00e+00	0.00e+00
 3.35339e+22	6.61e-07	2.10e-03	1.83e-01	4.94e-01	2.91e-01	2.94e-02	7.26e-04	6.53e-05	2.36e-06	0.00e+00	0.00e+00
 3.38817e+22	7.81e-07	2.36e-03	1.96e-01	4.97e-01	2.77e-01	2.66e-02	6.32e-04	5.57e-05	1.92e-06	0.00e+00	0.00e+00
 3.42331e+22	9.66e-07	2.74e-03	2.13e-01	5.01e-01	2.59e-01	2.33e-02	5.29e-04	4.53e-05	1.48e-06	0.00e+00	0.00e+00
 3.45901e+22	1.15e-06	3.10e-03	2.28e-01	5.03e-01	2.45e-01	2.07e-02	4.53e-04	3.80e-05	1.18e-06	0.00e+00	0.00e+00
 3.49046e+22	1.36e-06	3.47e-03	2.44e-01	5.03e-01	2.31e-01	1.85e-02	3.91e-04	3.21e-05	9.48e-07	0.00e+00	0.00e+00
 3.52639e+22	1.67e-06	4.00e-03	2.63e-01	5.02e-01	2.14e-01	1.60e-02	3.24e-04	2.58e-05	7.19e-07	0.00e+00	0.00e+00
 3.56309e+22	1.99e-06	4.50e-03	2.81e-01	5.00e-01	2.00e-01	1.41e-02	2.75e-04	2.13e-05	5.67e-07	0.00e+00	0.00e+00
 3.60080e+22	2.44e-06	5.18e-03	3.03e-01	4.96e-01	1.83e-01	1.21e-02	2.25e-04	1.69e-05	4.24e-07	0.00e+00	0.00e+00
 3.63925e+22	2.93e-06	5.85e-03	3.23e-01	4.91e-01	1.69e-01	1.05e-02	1.88e-04	1.37e-05	3.26e-07	0.00e+00	0.00e+00
 3.67280e+22	3.45e-06	6.52e-03	3.42e-01	4.86e-01	1.57e-01	9.20e-03	1.59e-04	1.13e-05	2.56e-07	0.00e+00	0.00e+00
 3.71055e+22	4.22e-06	7.46e-03	3.66e-01	4.77e-01	1.42e-01	7.77e-03	1.29e-04	8.80e-06	1.88e-07	0.00e+00	0.00e+00
 3.74969e+22	5.01e-06	8.36e-03	3.87e-01	4.68e-01	1.30e-01	6.68e-03	1.07e-04	7.07e-06	1.44e-07	0.00e+00	0.00e+00
 3.79064e+22	6.22e-06	9.64e-03	4.15e-01	4.55e-01	1.15e-01	5.48e-03	8.40e-05	5.31e-06	0.00e+00	0.00e+00	0.00e+00
 3.83170e+22	7.32e-06	1.07e-02	4.36e-01	4.44e-01	1.05e-01	4.69e-03	6.95e-05	4.24e-06	0.00e+00	0.00e+00	0.00e+00
 3.85553e+22	7.73e-06	1.11e-02	4.43e-01	4.40e-01	1.01e-01	4.44e-03	6.51e-05	3.92e-06	0.00e+00	0.00e+00	0.00e+00
 3.86670e+22	8.10e-06	1.15e-02	4.50e-01	4.36e-01	9.86e-02	4.25e-03	6.16e-05	3.67e-06	0.00e+00	0.00e+00	0.00e+00
 3.87880e+22	8.64e-06	1.19e-02	4.58e-01	4.31e-01	9.48e-02	3.98e-03	5.71e-05	3.35e-06	0.00e+00	0.00e+00	0.00e+00
 3.89453e+22	9.31e-06	1.25e-02	4.68e-01	4.25e-01	9.04e-02	3.69e-03	5.21e-05	3.01e-06	0.00e+00	0.00e+00	0.00e+00
 3.91497e+22	1.03e-05	1.33e-02	4.82e-01	4.17e-01	8.48e-02	3.34e-03	4.62e-05	2.60e-06	0.00e+00	0.00e+00	0.00e+00
 3.94155e+22	1.17e-05	1.45e-02	5.00e-01	4.05e-01	7.76e-02	2.90e-03	3.91e-05	2.13e-06	0.00e+00	0.00e+00	0.00e+00
 3.97016e+22	1.32e-05	1.56e-02	5.16e-01	3.95e-01	7.16e-02	2.56e-03	3.37e-05	1.78e-06	0.00e+00	0.00e+00	0.00e+00
 4.00141e+22	1.53e-05	1.72e-02	5.36e-01	3.80e-01	6.43e-02	2.17e-03	2.77e-05	1.41e-06	0.00e+00	0.00e+00	0.00e+00
 4.03290e+22	1.73e-05	1.85e-02	5.53e-01	3.68e-01	5.87e-02	1.89e-03	2.36e-05	1.16e-06	0.00e+00	0.00e+00	0.00e+00
 4.06471e+22	2.01e-05	2.03e-02	5.73e-01	3.53e-01	5.24e-02	1.59e-03	1.92e-05	9.06e-07	0.00e+00	0.00e+00	0.00e+00
 4.09693e+22	2.26e-05	2.18e-02	5.89e-01	3.40e-01	4.77e-02	1.38e-03	1.63e-05	7.42e-07	0.00e+00	0.00e+00	0.00e+00
 4.12966e+22	2.60e-05	2.38e-02	6.08e-01	3.25e-01	4.23e-02	1.16e-03	1.33e-05	5.79e-07	0.00e+00	0.00e+00	0.00e+00
 4.16336e+22	2.95e-05	2.57e-02	6.24e-01	3.11e-01	3.80e-02	9.84e-04	1.10e-05	4.62e-07	0.00e+00	0.00e+00	0.00e+00
 4.19341e+22	3.32e-05	2.76e-02	6.39e-01	2.98e-01	3.42e-02	8.46e-04	9.28e-06	3.74e-07	0.00e+00	0.00e+00	0.00e+00
 4.22756e+22	3.83e-05	3.00e-02	6.57e-01	2.82e-01	3.00e-02	6.97e-04	7.43e-06	2.85e-07	0.00e+00	0.00e+00	0.00e+00
 4.26276e+22	4.33e-05	3.23e-02	6.72e-01	2.68e-01	2.66e-02	5.89e-04	6.13e-06	2.25e-07	0.00e+00	0.00e+00	0.00e+00
 4.29932e+22	5.06e-05	3.54e-02	6.91e-01	2.51e-01	2.29e-02	4.74e-04	4.78e-06	1.66e-07	0.00e+00	0.00e+00	0.00e+00
 4.33609e+22	5.72e-05	3.80e-02	7.04e-01	2.37e-01	2.02e-02	3.97e-04	3.90e-06	1.30e-07	0.00e+00	0.00e+00	0.00e+00
 4.37314e+22	6.63e-05	4.13e-02	7.20e-01	2.21e-01	1.73e-02	3.19e-04	3.04e-06	0.00e+00	0.00e+00	0.00e+00	0.00e+00
 4.41153e+22	7.56e-05	4.46e-02	7.33e-01	2.07e-01	1.50e-02	2.62e-04	2.43e-06	0.00e+00	0.00e+00	0.00e+00	0.00e+00
 4.45167e+22	8.86e-05	4.87e-02	7.48e-01	1.90e-01	1.26e-02	2.05e-04	1.84e-06	0.00e+00	0.00e+00	0.00e+00	0.00e+00
 4.49199e+22	1.01e-04	5.23e-02	7.59e-01	1.77e-01	1.09e-02	1.68e-04	1.47e-06	0.00e+00	0.00e+00	0.00e+00	0.00e+00
 4.53254e+22	1.18e-04	5.71e-02	7.72e-01	1.62e-01	9.01e-03	1.31e-04	1.10e-06	0.00e+00	0.00e+00	0.00e+00	0.00e+00
 4.57374e+22	1.34e-04	6.12e-02	7.81e-01	1.50e-01	7.72e-03	1.06e-04	8.68e-07	0.00e+00	0.00e+00	0.00e+00	0.00e+00
 4.61578e+22	1.56e-04	6.65e-02	7.91e-01	1.36e-01	6.35e-03	8.19e-05	6.45e-07	0.00e+00	0.00e+00	0.00e+00	0.00e+00
 4.65892e+22	1.78e-04	7.15e-02	7.98e-01	1.25e-01	5.36e-03	6.53e-05	4.98e-07	0.00e+00	0.00e+00	0.00e+00	0.00e+00
 4.70348e+22	2.09e-04	7.79e-02	8.06e-01	1.12e-01	4.32e-03	4.94e-05	3.62e-07	0.00e+00	0.00e+00	0.00e+00	0.00e+00
 4.74829e+22	2.39e-04	8.37e-02	8.10e-01	1.02e-01	3.61e-03	3.91e-05	2.76e-07	0.00e+00	0.00e+00	0.00e+00	0.00e+00
 4.78708e+22	2.72e-04	8.95e-02	8.14e-01	9.32e-02	3.04e-03	3.13e-05	2.14e-07	0.00e+00	0.00e+00	0.00e+00	0.00e+00
 4.83116e+22	3.20e-04	9.73e-02	8.17e-01	8.26e-02	2.43e-03	2.34e-05	1.53e-07	0.00e+00	0.00e+00	0.00e+00	0.00e+00
 4.87723e+22	3.65e-04	1.04e-01	8.19e-01	7.46e-02	2.01e-03	1.84e-05	0.00e+00	0.00e+00	0.00e+00	0.00e+00	0.00e+00
 4.92588e+22	4.36e-04	1.14e-01	8.19e-01	6.48e-02	1.55e-03	1.33e-05	0.00e+00	0.00e+00	0.00e+00	0.00e+00	0.00e+00
 4.97552e+22	5.01e-04	1.23e-01	8.18e-01	5.78e-02	1.26e-03	1.03e-05	0.00e+00	0.00e+00	0.00e+00	0.00e+00	0.00e+00
 5.02644e+22	6.04e-04	1.34e-01	8.15e-01	4.94e-02	9.57e-04	7.29e-06	0.00e+00	0.00e+00	0.00e+00	0.00e+00	0.00e+00
 5.07908e+22	7.02e-04	1.45e-01	8.10e-01	4.34e-02	7.63e-04	5.51e-06	0.00e+00	0.00e+00	0.00e+00	0.00e+00	0.00e+00
 5.13395e+22	8.57e-04	1.59e-01	8.03e-01	3.63e-02	5.62e-04	3.78e-06	0.00e+00	0.00e+00	0.00e+00	0.00e+00	0.00e+00
 5.19090e+22	1.01e-03	1.73e-01	7.95e-01	3.12e-02	4.35e-04	2.76e-06	0.00e+00	0.00e+00	0.00e+00	0.00e+00	0.00e+00
 5.25056e+22	1.26e-03	1.91e-01	7.82e-01	2.53e-02	3.10e-04	1.82e-06	0.00e+00	0.00e+00	0.00e+00	0.00e+00	0.00e+00
 5.31235e+22	1.51e-03	2.08e-01	7.69e-01	2.12e-02	2.33e-04	1.27e-06	0.00e+00	0.00e+00	0.00e+00	0.00e+00	0.00e+00
 5.36036e+22	1.73e-03	2.21e-01	7.58e-01	1.85e-02	1.89e-04	9.86e-07	0.00e+00	0.00e+00	0.00e+00	0.00e+00	0.00e+00
 5.40619e+22	2.04e-03	2.38e-01	7.44e-01	1.55e-02	1.44e-04	7.04e-07	0.00e+00	0.00e+00	0.00e+00	0.00e+00	0.00e+00
 5.45349e+22	2.38e-03	2.54e-01	7.30e-01	1.32e-02	1.14e-04	5.22e-07	0.00e+00	0.00e+00	0.00e+00	0.00e+00	0.00e+00
 5.50269e+22	2.86e-03	2.75e-01	7.12e-01	1.07e-02	8.40e-05	3.54e-07	0.00e+00	0.00e+00	0.00e+00	0.00e+00	0.00e+00
 5.55298e+22	3.36e-03	2.94e-01	6.94e-01	8.89e-03	6.49e-05	2.53e-07	0.00e+00	0.00e+00	0.00e+00	0.00e+00	0.00e+00
 5.60469e+22	4.10e-03	3.18e-01	6.71e-01	6.93e-03	4.63e-05	1.62e-07	0.00e+00	0.00e+00	0.00e+00	0.00e+00	0.00e+00
 5.65826e+22	4.89e-03	3.40e-01	6.49e-01	5.49e-03	3.44e-05	0.00e+00	0.00e+00	0.00e+00	0.00e+00	0.00e+00	0.00e+00
 5.70069e+22	5.61e-03	3.58e-01	6.32e-01	4.53e-03	2.71e-05	0.00e+00	0.00e+00	0.00e+00	0.00e+00	0.00e+00	0.00e+00
 5.73681e+22	6.41e-03	3.75e-01	6.15e-01	3.73e-03	2.14e-05	0.00e+00	0.00e+00	0.00e+00	0.00e+00	0.00e+00	0.00e+00
 5.77827e+22	7.55e-03	3.97e-01	5.93e-01	2.89e-03	1.58e-05	0.00e+00	0.00e+00	0.00e+00	0.00e+00	0.00e+00	0.00e+00
 5.82186e+22	8.80e-03	4.17e-01	5.72e-01	2.22e-03	1.18e-05	0.00e+00	0.00e+00	0.00e+00	0.00e+00	0.00e+00	0.00e+00
 5.86021e+22	1.01e-02	4.34e-01	5.54e-01	1.72e-03	8.92e-06	0.00e+00	0.00e+00	0.00e+00	0.00e+00	0.00e+00	0.00e+00
 5.89553e+22	1.15e-02	4.50e-01	5.37e-01	1.32e-03	6.77e-06	0.00e+00	0.00e+00	0.00e+00	0.00e+00	0.00e+00	0.00e+00
 5.92852e+22	1.30e-02	4.64e-01	5.22e-01	1.02e-03	5.18e-06	0.00e+00	0.00e+00	0.00e+00	0.00e+00	0.00e+00	0.00e+00
 5.95919e+22	1.46e-02	4.76e-01	5.09e-01	7.81e-04	3.97e-06	0.00e+00	0.00e+00	0.00e+00	0.00e+00	0.00e+00	0.00e+00
 5.98738e+22	1.62e-02	4.86e-01	4.98e-01	6.01e-04	3.07e-06	0.00e+00	0.00e+00	0.00e+00	0.00e+00	0.00e+00	0.00e+00
 6.01280e+22	1.78e-02	4.93e-01	4.89e-01	4.68e-04	2.42e-06	0.00e+00	0.00e+00	0.00e+00	0.00e+00	0.00e+00	0.00e+00
 6.03583e+22	1.94e-02	4.98e-01	4.82e-01	3.69e-04	1.93e-06	0.00e+00	0.00e+00	0.00e+00	0.00e+00	0.00e+00	0.00e+00
 6.05682e+22	2.10e-02	5.02e-01	4.77e-01	2.95e-04	1.56e-06	0.00e+00	0.00e+00	0.00e+00	0.00e+00	0.00e+00	0.00e+00
 6.07001e+22	2.17e-02	5.01e-01	4.77e-01	2.62e-04	1.40e-06	0.00e+00	0.00e+00	0.00e+00	0.00e+00	0.00e+00	0.00e+00
 6.07494e+22	2.20e-02	5.01e-01	4.77e-01	2.49e-04	1.34e-06	0.00e+00	0.00e+00	0.00e+00	0.00e+00	0.00e+00	0.00e+00
 6.07891e+22	2.23e-02	5.01e-01	4.76e-01	2.38e-04	1.28e-06	0.00e+00	0.00e+00	0.00e+00	0.00e+00	0.00e+00	0.00e+00
 6.08408e+22	2.28e-02	5.02e-01	4.75e-01	2.25e-04	1.22e-06	0.00e+00	0.00e+00	0.00e+00	0.00e+00	0.00e+00	0.00e+00
 6.09024e+22	2.34e-02	5.02e-01	4.74e-01	2.10e-04	1.14e-06	0.00e+00	0.00e+00	0.00e+00	0.00e+00	0.00e+00	0.00e+00
 6.09643e+22	2.40e-02	5.03e-01	4.73e-01	1.97e-04	1.08e-06	0.00e+00	0.00e+00	0.00e+00	0.00e+00	0.00e+00	0.00e+00
 6.10215e+22	2.44e-02	5.02e-01	4.73e-01	1.86e-04	1.02e-06	0.00e+00	0.00e+00	0.00e+00	0.00e+00	0.00e+00	0.00e+00
 6.10800e+22	2.50e-02	5.02e-01	4.73e-01	1.75e-04	9.65e-07	0.00e+00	0.00e+00	0.00e+00	0.00e+00	0.00e+00	0.00e+00
 6.11413e+22	2.56e-02	5.02e-01	4.72e-01	1.64e-04	9.11e-07	0.00e+00	0.00e+00	0.00e+00	0.00e+00	0.00e+00	0.00e+00
 6.12013e+22	2.61e-02	5.02e-01	4.72e-01	1.54e-04	8.63e-07	0.00e+00	0.00e+00	0.00e+00	0.00e+00	0.00e+00	0.00e+00
 6.12618e+22	2.67e-02	5.01e-01	4.72e-01	1.45e-04	8.18e-07	0.00e+00	0.00e+00	0.00e+00	0.00e+00	0.00e+00	0.00e+00
 6.13249e+22	2.73e-02	5.00e-01	4.72e-01	1.37e-04	7.74e-07	0.00e+00	0.00e+00	0.00e+00	0.00e+00	0.00e+00	0.00e+00
 6.13899e+22	2.79e-02	4.99e-01	4.73e-01	1.29e-04	7.34e-07	0.00e+00	0.00e+00	0.00e+00	0.00e+00	0.00e+00	0.00e+00
 6.14573e+22	2.86e-02	4.98e-01	4.73e-01	1.21e-04	6.93e-07	0.00e+00	0.00e+00	0.00e+00	0.00e+00	0.00e+00	0.00e+00
 6.15255e+22	2.92e-02	4.97e-01	4.74e-01	1.14e-04	6.58e-07	0.00e+00	0.00e+00	0.00e+00	0.00e+00	0.00e+00	0.00e+00
 6.15948e+22	2.99e-02	4.95e-01	4.75e-01	1.07e-04	6.24e-07	0.00e+00	0.00e+00	0.00e+00	0.00e+00	0.00e+00	0.00e+00
 6.16679e+22	3.05e-02	4.93e-01	4.76e-01	1.01e-04	5.92e-07	0.00e+00	0.00e+00	0.00e+00	0.00e+00	0.00e+00	0.00e+00
 6.17426e+22	3.12e-02	4.91e-01	4.77e-01	9.49e-05	5.63e-07	0.00e+00	0.00e+00	0.00e+00	0.00e+00	0.00e+00	0.00e+00
 6.18012e+22	3.16e-02	4.89e-01	4.79e-01	9.12e-05	5.45e-07	0.00e+00	0.00e+00	0.00e+00	0.00e+00	0.00e+00	0.00e+00
 6.18397e+22	3.19e-02	4.88e-01	4.80e-01	8.88e-05	5.33e-07	0.00e+00	0.00e+00	0.00e+00	0.00e+00	0.00e+00	0.00e+00
 6.18762e+22	3.22e-02	4.87e-01	4.81e-01	8.65e-05	5.21e-07	0.00e+00	0.00e+00	0.00e+00	0.00e+00	0.00e+00	0.00e+00
 6.19201e+22	3.27e-02	4.86e-01	4.81e-01	8.37e-05	5.07e-07	0.00e+00	0.00e+00	0.00e+00	0.00e+00	0.00e+00	0.00e+00
 6.19687e+22	3.31e-02	4.85e-01	4.82e-01	8.09e-05	4.93e-07	0.00e+00	0.00e+00	0.00e+00	0.00e+00	0.00e+00	0.00e+00
 6.20160e+22	3.36e-02	4.84e-01	4.82e-01	7.84e-05	4.81e-07	0.00e+00	0.00e+00	0.00e+00	0.00e+00	0.00e+00	0.00e+00
 6.20607e+22	3.40e-02	4.83e-01	4.83e-01	7.62e-05	4.70e-07	0.00e+00	0.00e+00	0.00e+00	0.00e+00	0.00e+00	0.00e+00
 6.21062e+22	3.46e-02	4.82e-01	4.83e-01	7.39e-05	4.58e-07	0.00e+00	0.00e+00	0.00e+00	0.00e+00	0.00e+00	0.00e+00
 6.21535e+22	3.50e-02	4.81e-01	4.84e-01	7.19e-05	4.48e-07	0.00e+00	0.00e+00	0.00e+00	0.00e+00	0.00e+00	0.00e+00
 6.22020e+22	3.55e-02	4.80e-01	4.84e-01	6.98e-05	4.38e-07	0.00e+00	0.00e+00	0.00e+00	0.00e+00	0.00e+00	0.00e+00
 6.22521e+22	3.61e-02	4.80e-01	4.84e-01	6.77e-05	4.27e-07	0.00e+00	0.00e+00	0.00e+00	0.00e+00	0.00e+00	0.00e+00
 6.23013e+22	3.66e-02	4.79e-01	4.84e-01	6.58e-05	4.18e-07	0.00e+00	0.00e+00	0.00e+00	0.00e+00	0.00e+00	0.00e+00
 6.23508e+22	3.72e-02	4.78e-01	4.84e-01	6.40e-05	4.09e-07	0.00e+00	0.00e+00	0.00e+00	0.00e+00	0.00e+00	0.00e+00
 6.24027e+22	3.78e-02	4.78e-01	4.84e-01	6.21e-05	4.00e-07	0.00e+00	0.00e+00	0.00e+00	0.00e+00	0.00e+00	0.00e+00
 6.24563e+22	3.85e-02	4.77e-01	4.84e-01	6.04e-05	3.91e-07	0.00e+00	0.00e+00	0.00e+00	0.00e+00	0.00e+00	0.00e+00
 6.25110e+22	3.92e-02	4.77e-01	4.84e-01	5.87e-05	3.82e-07	0.00e+00	0.00e+00	0.00e+00	0.00e+00	0.00e+00	0.00e+00
 6.25665e+22	4.00e-02	4.77e-01	4.83e-01	5.69e-05	3.74e-07	0.00e+00	0.00e+00	0.00e+00	0.00e+00	0.00e+00	0.00e+00
 6.26226e+22	4.08e-02	4.77e-01	4.82e-01	5.53e-05	3.66e-07	0.00e+00	0.00e+00	0.00e+00	0.00e+00	0.00e+00	0.00e+00
 6.26803e+22	4.16e-02	4.77e-01	4.81e-01	5.37e-05	3.58e-07	0.00e+00	0.00e+00	0.00e+00	0.00e+00	0.00e+00	0.00e+00
 6.27404e+22	4.26e-02	4.78e-01	4.79e-01	5.22e-05	3.50e-07	0.00e+00	0.00e+00	0.00e+00	0.00e+00	0.00e+00	0.00e+00
 6.28021e+22	4.36e-02	4.79e-01	4.78e-01	5.06e-05	3.42e-07	0.00e+00	0.00e+00	0.00e+00	0.00e+00	0.00e+00	0.00e+00
 6.28650e+22	4.46e-02	4.79e-01	4.76e-01	4.91e-05	3.35e-07	0.00e+00	0.00e+00	0.00e+00	0.00e+00	0.00e+00	0.00e+00
 6.29296e+22	4.57e-02	4.80e-01	4.74e-01	4.76e-05	3.27e-07	0.00e+00	0.00e+00	0.00e+00	0.00e+00	0.00e+00	0.00e+00
 6.29964e+22	4.70e-02	4.81e-01	4.72e-01	4.61e-05	3.19e-07	0.00e+00	0.00e+00	0.00e+00	0.00e+00	0.00e+00	0.00e+00
 6.30650e+22	4.82e-02	4.83e-01	4.69e-01	4.47e-05	3.12e-07	0.00e+00	0.00e+00	0.00e+00	0.00e+00	0.00e+00	0.00e+00
 6.31357e+22	4.96e-02	4.84e-01	4.66e-01	4.32e-05	3.05e-07	0.00e+00	0.00e+00	0.00e+00	0.00e+00	0.00e+00	0.00e+00
 6.32087e+22	5.12e-02	4.86e-01	4.63e-01	4.18e-05	2.97e-07	0.00e+00	0.00e+00	0.00e+00	0.00e+00	0.00e+00	0.00e+00
 6.32827e+22	5.27e-02	4.88e-01	4.59e-01	4.04e-05	2.90e-07	0.00e+00	0.00e+00	0.00e+00	0.00e+00	0.00e+00	0.00e+00
 6.33584e+22	5.44e-02	4.90e-01	4.56e-01	3.91e-05	2.83e-07	0.00e+00	0.00e+00	0.00e+00	0.00e+00	0.00e+00	0.00e+00
 6.34371e+22	5.61e-02	4.92e-01	4.52e-01	3.77e-05	2.76e-07	0.00e+00	0.00e+00	0.00e+00	0.00e+00	0.00e+00	0.00e+00
 6.35172e+22	5.81e-02	4.95e-01	4.47e-01	3.64e-05	2.68e-07	0.00e+00	0.00e+00	0.00e+00	0.00e+00	0.00e+00	0.00e+00
 6.35983e+22	6.01e-02	4.97e-01	4.43e-01	3.51e-05	2.61e-07	0.00e+00	0.00e+00	0.00e+00	0.00e+00	0.00e+00	0.00e+00
 6.36817e+22	6.23e-02	5.00e-01	4.38e-01	3.39e-05	2.54e-07	0.00e+00	0.00e+00	0.00e+00	0.00e+00	0.00e+00	0.00e+00
 6.37657e+22	6.45e-02	5.03e-01	4.33e-01	3.27e-05	2.47e-07	0.00e+00	0.00e+00	0.00e+00	0.00e+00	0.00e+00	0.00e+00
 6.38494e+22	6.69e-02	5.06e-01	4.27e-01	3.16e-05	2.41e-07	0.00e+00	0.00e+00	0.00e+00	0.00e+00	0.00e+00	0.00e+00
 6.39352e+22	6.94e-02	5.09e-01	4.22e-01	3.04e-05	2.34e-07	0.00e+00	0.00e+00	0.00e+00	0.00e+00	0.00e+00	0.00e+00
 6.40237e+22	7.20e-02	5.12e-01	4.16e-01	2.93e-05	2.27e-07	0.00e+00	0.00e+00	0.00e+00	0.00e+00	0.00e+00	0.00e+00
 6.41129e+22	7.46e-02	5.15e-01	4.10e-01	2.82e-05	2.21e-07	0.00e+00	0.00e+00	0.00e+00	0.00e+00	0.00e+00	0.00e+00
 6.42030e+22	7.76e-02	5.19e-01	4.04e-01	2.72e-05	2.14e-07	0.00e+00	0.00e+00	0.00e+00	0.00e+00	0.00e+00	0.00e+00
 6.42959e+22	8.08e-02	5.22e-01	3.97e-01	2.61e-05	2.07e-07	0.00e+00	0.00e+00	0.00e+00	0.00e+00	0.00e+00	0.00e+00
 6.43911e+22	8.41e-02	5.25e-01	3.90e-01	2.51e-05	2.00e-07	0.00e+00	0.00e+00	0.00e+00	0.00e+00	0.00e+00	0.00e+00
 6.44875e+22	8.77e-02	5.29e-01	3.83e-01	2.41e-05	1.93e-07	0.00e+00	0.00e+00	0.00e+00	0.00e+00	0.00e+00	0.00e+00
 6.45854e+22	9.16e-02	5.33e-01	3.76e-01	2.31e-05	1.86e-07	0.00e+00	0.00e+00	0.00e+00	0.00e+00	0.00e+00	0.00e+00
 6.46864e+22	9.58e-02	5.36e-01	3.68e-01	2.21e-05	1.79e-07	0.00e+00	0.00e+00	0.00e+00	0.00e+00	0.00e+00	0.00e+00
 6.47888e+22	1.00e-01	5.40e-01	3.60e-01	2.12e-05	1.72e-07	0.00e+00	0.00e+00	0.00e+00	0.00e+00	0.00e+00	0.00e+00
 6.48878e+22	1.05e-01	5.43e-01	3.52e-01	2.02e-05	1.66e-07	0.00e+00	0.00e+00	0.00e+00	0.00e+00	0.00e+00	0.00e+00
 6.49800e+22	1.09e-01	5.47e-01	3.44e-01	1.92e-05	1.60e-07	0.00e+00	0.00e+00	0.00e+00	0.00e+00	0.00e+00	0.00e+00
 6.50651e+22	1.13e-01	5.49e-01	3.37e-01	1.83e-05	1.54e-07	0.00e+00	0.00e+00	0.00e+00	0.00e+00	0.00e+00	0.00e+00
 6.51452e+22	1.18e-01	5.52e-01	3.30e-01	1.74e-05	1.48e-07	0.00e+00	0.00e+00	0.00e+00	0.00e+00	0.00e+00	0.00e+00
 6.52194e+22	1.22e-01	5.54e-01	3.23e-01	1.67e-05	1.43e-07	0.00e+00	0.00e+00	0.00e+00	0.00e+00	0.00e+00	0.00e+00
 6.52913e+22	1.27e-01	5.57e-01	3.17e-01	1.59e-05	1.38e-07	0.00e+00	0.00e+00	0.00e+00	0.00e+00	0.00e+00	0.00e+00
 6.53636e+22	1.31e-01	5.59e-01	3.10e-01	1.52e-05	1.34e-07	0.00e+00	0.00e+00	0.00e+00	0.00e+00	0.00e+00	0.00e+00
 6.54337e+22	1.36e-01	5.61e-01	3.04e-01	1.46e-05	1.29e-07	0.00e+00	0.00e+00	0.00e+00	0.00e+00	0.00e+00	0.00e+00
 6.54994e+22	1.40e-01	5.62e-01	2.98e-01	1.40e-05	1.25e-07	0.00e+00	0.00e+00	0.00e+00	0.00e+00	0.00e+00	0.00e+00
 6.55620e+22	1.45e-01	5.64e-01	2.91e-01	1.34e-05	0.00e+00	0.00e+00	0.00e+00	0.00e+00	0.00e+00	0.00e+00	0.00e+00
 6.56246e+22	1.50e-01	5.65e-01	2.85e-01	1.29e-05	0.00e+00	0.00e+00	0.00e+00	0.00e+00	0.00e+00	0.00e+00	0.00e+00
 6.56847e+22	1.54e-01	5.66e-01	2.79e-01	1.24e-05	0.00e+00	0.00e+00	0.00e+00	0.00e+00	0.00e+00	0.00e+00	0.00e+00
 6.57412e+22	1.59e-01	5.68e-01	2.74e-01	1.19e-05	0.00e+00	0.00e+00	0.00e+00	0.00e+00	0.00e+00	0.00e+00	0.00e+00
 6.57974e+22	1.64e-01	5.68e-01	2.68e-01	1.14e-05	0.00e+00	0.00e+00	0.00e+00	0.00e+00	0.00e+00	0.00e+00	0.00e+00
 6.58513e+22	1.68e-01	5.69e-01	2.62e-01	1.10e-05	0.00e+00	0.00e+00	0.00e+00	0.00e+00	0.00e+00	0.00e+00	0.00e+00
 6.59020e+22	1.73e-01	5.70e-01	2.57e-01	1.06e-05	0.00e+00	0.00e+00	0.00e+00	0.00e+00	0.00e+00	0.00e+00	0.00e+00
 6.59517e+22	1.78e-01	5.71e-01	2.51e-01	1.02e-05	0.00e+00	0.00e+00	0.00e+00	0.00e+00	0.00e+00	0.00e+00	0.00e+00
 6.60001e+22	1.83e-01	5.71e-01	2.46e-01	9.85e-06	0.00e+00	0.00e+00	0.00e+00	0.00e+00	0.00e+00	0.00e+00	0.00e+00
 6.60456e+22	1.88e-01	5.71e-01	2.41e-01	9.51e-06	0.00e+00	0.00e+00	0.00e+00	0.00e+00	0.00e+00	0.00e+00	0.00e+00
 6.60871e+22	1.92e-01	5.71e-01	2.36e-01	9.21e-06	0.00e+00	0.00e+00	0.00e+00	0.00e+00	0.00e+00	0.00e+00	0.00e+00
 6.61248e+22	1.97e-01	5.71e-01	2.32e-01	8.93e-06	0.00e+00	0.00e+00	0.00e+00	0.00e+00	0.00e+00	0.00e+00	0.00e+00
 6.61591e+22	2.01e-01	5.71e-01	2.28e-01	8.68e-06	0.00e+00	0.00e+00	0.00e+00	0.00e+00	0.00e+00	0.00e+00	0.00e+00
 6.61903e+22	2.05e-01	5.71e-01	2.24e-01	8.46e-06	0.00e+00	0.00e+00	0.00e+00	0.00e+00	0.00e+00	0.00e+00	0.00e+00
 6.62187e+22	2.08e-01	5.71e-01	2.21e-01	8.26e-06	0.00e+00	0.00e+00	0.00e+00	0.00e+00	0.00e+00	0.00e+00	0.00e+00
 6.62446e+22	2.12e-01	5.71e-01	2.17e-01	8.08e-06	0.00e+00	0.00e+00	0.00e+00	0.00e+00	0.00e+00	0.00e+00	0.00e+00
 6.62729e+22	2.16e-01	5.71e-01	2.14e-01	7.86e-06	0.00e+00	0.00e+00	0.00e+00	0.00e+00	0.00e+00	0.00e+00	0.00e+00
 6.63035e+22	2.20e-01	5.70e-01	2.10e-01	7.66e-06	0.00e+00	0.00e+00	0.00e+00	0.00e+00	0.00e+00	0.00e+00	0.00e+00
 6.63314e+22	2.23e-01	5.70e-01	2.07e-01	7.48e-06	0.00e+00	0.00e+00	0.00e+00	0.00e+00	0.00e+00	0.00e+00	0.00e+00
 6.63567e+22	2.27e-01	5.69e-01	2.04e-01	7.31e-06	0.00e+00	0.00e+00	0.00e+00	0.00e+00	0.00e+00	0.00e+00	0.00e+00
 6.63797e+22	2.29e-01	5.69e-01	2.02e-01	7.18e-06	0.00e+00	0.00e+00	0.00e+00	0.00e+00	0.00e+00	0.00e+00	0.00e+00
 6.64050e+22	2.33e-01	5.69e-01	1.98e-01	7.00e-06	0.00e+00	0.00e+00	0.00e+00	0.00e+00	0.00e+00	0.00e+00	0.00e+00
 6.64378e+22	2.38e-01	5.68e-01	1.94e-01	6.78e-06	0.00e+00	0.00e+00	0.00e+00	0.00e+00	0.00e+00	0.00e+00	0.00e+00
 6.64733e+22	2.43e-01	5.67e-01	1.90e-01	6.58e-06	0.00e+00	0.00e+00	0.00e+00	0.00e+00	0.00e+00	0.00e+00	0.00e+00
 6.65056e+22	2.47e-01	5.66e-01	1.87e-01	6.40e-06	0.00e+00	0.00e+00	0.00e+00	0.00e+00	0.00e+00	0.00e+00	0.00e+00
 6.65349e+22	2.51e-01	5.65e-01	1.84e-01	6.24e-06	0.00e+00	0.00e+00	0.00e+00	0.00e+00	0.00e+00	0.00e+00	0.00e+00
 6.65671e+22	2.55e-01	5.64e-01	1.80e-01	6.06e-06	0.00e+00	0.00e+00	0.00e+00	0.00e+00	0.00e+00	0.00e+00	0.00e+00
 6.66018e+22	2.60e-01	5.63e-01	1.77e-01	5.89e-06	0.00e+00	0.00e+00	0.00e+00	0.00e+00	0.00e+00	0.00e+00	0.00e+00
 6.66334e+22	2.63e-01	5.62e-01	1.74e-01	5.74e-06	0.00e+00	0.00e+00	0.00e+00	0.00e+00	0.00e+00	0.00e+00	0.00e+00
 6.66622e+22	2.67e-01	5.61e-01	1.71e-01	5.59e-06	0.00e+00	0.00e+00	0.00e+00	0.00e+00	0.00e+00	0.00e+00	0.00e+00
 6.66883e+22	2.70e-01	5.61e-01	1.69e-01	5.49e-06	0.00e+00	0.00e+00	0.00e+00	0.00e+00	0.00e+00	0.00e+00	0.00e+00
 6.67170e+22	2.75e-01	5.59e-01	1.66e-01	5.33e-06	0.00e+00	0.00e+00	0.00e+00	0.00e+00	0.00e+00	0.00e+00	0.00e+00
 6.67543e+22	2.81e-01	5.58e-01	1.62e-01	5.14e-06	0.00e+00	0.00e+00	0.00e+00	0.00e+00	0.00e+00	0.00e+00	0.00e+00
 6.67945e+22	2.86e-01	5.56e-01	1.58e-01	4.97e-06	0.00e+00	0.00e+00	0.00e+00	0.00e+00	0.00e+00	0.00e+00	0.00e+00
 6.68312e+22	2.90e-01	5.55e-01	1.55e-01	4.83e-06	0.00e+00	0.00e+00	0.00e+00	0.00e+00	0.00e+00	0.00e+00	0.00e+00
 6.68645e+22	2.94e-01	5.53e-01	1.53e-01	4.70e-06	0.00e+00	0.00e+00	0.00e+00	0.00e+00	0.00e+00	0.00e+00	0.00e+00
 6.68948e+22	2.98e-01	5.52e-01	1.50e-01	4.57e-06	0.00e+00	0.00e+00	0.00e+00	0.00e+00	0.00e+00	0.00e+00	0.00e+00
 6.69224e+22	3.03e-01	5.50e-01	1.47e-01	4.45e-06	0.00e+00	0.00e+00	0.00e+00	0.00e+00	0.00e+00	0.00e+00	0.00e+00
 6.69475e+22	3.06e-01	5.49e-01	1.45e-01	4.36e-06	0.00e+00	0.00e+00	0.00e+00	0.00e+00	0.00e+00	0.00e+00	0.00e+00
 6.69751e+22	3.11e-01	5.47e-01	1.42e-01	4.23e-06	0.00e+00	0.00e+00	0.00e+00	0.00e+00	0.00e+00	0.00e+00	0.00e+00
 6.70109e+22	3.17e-01	5.45e-01	1.38e-01	4.08e-06	0.00e+00	0.00e+00	0.00e+00	0.00e+00	0.00e+00	0.00e+00	0.00e+00
 6.70495e+22	3.23e-01	5.42e-01	1.35e-01	3.94e-06	0.00e+00	0.00e+00	0.00e+00	0.00e+00	0.00e+00	0.00e+00	0.00e+00
 6.70846e+22	3.28e-01	5.40e-01	1.32e-01	3.82e-06	0.00e+00	0.00e+00	0.00e+00	0.00e+00	0.00e+00	0.00e+00	0.00e+00
 6.71166e+22	3.32e-01	5.38e-01	1.30e-01	3.72e-06	0.00e+00	0.00e+00	0.00e+00	0.00e+00	0.00e+00	0.00e+00	0.00e+00
 6.71457e+22	3.36e-01	5.36e-01	1.27e-01	3.62e-06	0.00e+00	0.00e+00	0.00e+00	0.00e+00	0.00e+00	0.00e+00	0.00e+00
 6.71722e+22	3.41e-01	5.34e-01	1.25e-01	3.53e-06	0.00e+00	0.00e+00	0.00e+00	0.00e+00	0.00e+00	0.00e+00	0.00e+00
 6.72012e+22	3.46e-01	5.32e-01	1.22e-01	3.42e-06	0.00e+00	0.00e+00	0.00e+00	0.00e+00	0.00e+00	0.00e+00	0.00e+00
 6.72326e+22	3.51e-01	5.30e-01	1.20e-01	3.32e-06	0.00e+00	0.00e+00	0.00e+00	0.00e+00	0.00e+00	0.00e+00	0.00e+00
 6.72611e+22	3.55e-01	5.28e-01	1.17e-01	3.23e-06	0.00e+00	0.00e+00	0.00e+00	0.00e+00	0.00e+00	0.00e+00	0.00e+00
 6.72870e+22	3.59e-01	5.26e-01	1.15e-01	3.15e-06	0.00e+00	0.00e+00	0.00e+00	0.00e+00	0.00e+00	0.00e+00	0.00e+00
 6.73106e+22	3.62e-01	5.24e-01	1.14e-01	3.09e-06	0.00e+00	0.00e+00	0.00e+00	0.00e+00	0.00e+00	0.00e+00	0.00e+00
 6.73365e+22	3.67e-01	5.22e-01	1.11e-01	3.01e-06	0.00e+00	0.00e+00	0.00e+00	0.00e+00	0.00e+00	0.00e+00	0.00e+00
 6.73702e+22	3.73e-01	5.19e-01	1.09e-01	2.90e-06	0.00e+00	0.00e+00	0.00e+00	0.00e+00	0.00e+00	0.00e+00	0.00e+00
 6.74065e+22	3.78e-01	5.16e-01	1.06e-01	2.81e-06	0.00e+00	0.00e+00	0.00e+00	0.00e+00	0.00e+00	0.00e+00	0.00e+00
 6.74395e+22	3.83e-01	5.13e-01	1.04e-01	2.73e-06	0.00e+00	0.00e+00	0.00e+00	0.00e+00	0.00e+00	0.00e+00	0.00e+00
 6.74696e+22	3.87e-01	5.11e-01	1.02e-01	2.65e-06	0.00e+00	0.00e+00	0.00e+00	0.00e+00	0.00e+00	0.00e+00	0.00e+00
 6.74970e+22	3.91e-01	5.09e-01	1.00e-01	2.59e-06	0.00e+00	0.00e+00	0.00e+00	0.00e+00	0.00e+00	0.00e+00	0.00e+00
 6.75269e+22	3.95e-01	5.06e-01	9.82e-02	2.52e-06	0.00e+00	0.00e+00	0.00e+00	0.00e+00	0.00e+00	0.00e+00	0.00e+00
 6.75659e+22	4.01e-01	5.03e-01	9.58e-02	2.43e-06	0.00e+00	0.00e+00	0.00e+00	0.00e+00	0.00e+00	0.00e+00	0.00e+00
 6.76080e+22	4.05e-01	5.01e-01	9.40e-02	2.35e-06	0.00e+00	0.00e+00	0.00e+00	0.00e+00	0.00e+00	0.00e+00	0.00e+00
 6.76463e+22	4.11e-01	4.97e-01	9.17e-02	2.27e-06	0.00e+00	0.00e+00	0.00e+00	0.00e+00	0.00e+00	0.00e+00	0.00e+00
 6.76812e+22	4.16e-01	4.94e-01	8.95e-02	2.20e-06	0.00e+00	0.00e+00	0.00e+00	0.00e+00	0.00e+00	0.00e+00	0.00e+00
 6.77129e+22	4.19e-01	4.92e-01	8.82e-02	2.15e-06	0.00e+00	0.00e+00	0.00e+00	0.00e+00	0.00e+00	0.00e+00	0.00e+00
 6.77476e+22	4.25e-01	4.89e-01	8.59e-02	2.08e-06	0.00e+00	0.00e+00	0.00e+00	0.00e+00	0.00e+00	0.00e+00	0.00e+00
 6.77851e+22	4.30e-01	4.86e-01	8.41e-02	2.01e-06	0.00e+00	0.00e+00	0.00e+00	0.00e+00	0.00e+00	0.00e+00	0.00e+00
 6.78193e+22	4.35e-01	4.83e-01	8.22e-02	1.95e-06	0.00e+00	0.00e+00	0.00e+00	0.00e+00	0.00e+00	0.00e+00	0.00e+00
 6.78504e+22	4.38e-01	4.81e-01	8.10e-02	1.91e-06	0.00e+00	0.00e+00	0.00e+00	0.00e+00	0.00e+00	0.00e+00	0.00e+00
 6.78844e+22	4.43e-01	4.78e-01	7.91e-02	1.85e-06	0.00e+00	0.00e+00	0.00e+00	0.00e+00	0.00e+00	0.00e+00	0.00e+00
 6.79212e+22	4.48e-01	4.75e-01	7.75e-02	1.79e-06	0.00e+00	0.00e+00	0.00e+00	0.00e+00	0.00e+00	0.00e+00	0.00e+00
 6.79546e+22	4.53e-01	4.72e-01	7.57e-02	1.74e-06	0.00e+00	0.00e+00	0.00e+00	0.00e+00	0.00e+00	0.00e+00	0.00e+00
 6.79850e+22	4.56e-01	4.70e-01	7.47e-02	1.70e-06	0.00e+00	0.00e+00	0.00e+00	0.00e+00	0.00e+00	0.00e+00	0.00e+00
 6.80184e+22	4.61e-01	4.66e-01	7.27e-02	1.64e-06	0.00e+00	0.00e+00	0.00e+00	0.00e+00	0.00e+00	0.00e+00	0.00e+00
 6.80544e+22	4.64e-01	4.64e-01	7.17e-02	1.60e-06	0.00e+00	0.00e+00	0.00e+00	0.00e+00	0.00e+00	0.00e+00	0.00e+00
 6.80939e+22	4.70e-01	4.60e-01	6.97e-02	1.54e-06	0.00e+00	0.00e+00	0.00e+00	0.00e+00	0.00e+00	0.00e+00	0.00e+00
 6.81365e+22	4.75e-01	4.57e-01	6.82e-02	1.49e-06	0.00e+00	0.00e+00	0.00e+00	0.00e+00	0.00e+00	0.00e+00	0.00e+00
 6.81752e+22	4.80e-01	4.53e-01	6.65e-02	1.44e-06	0.00e+00	0.00e+00	0.00e+00	0.00e+00	0.00e+00	0.00e+00	0.00e+00
 6.82105e+22	4.83e-01	4.51e-01	6.55e-02	1.41e-06	0.00e+00	0.00e+00	0.00e+00	0.00e+00	0.00e+00	0.00e+00	0.00e+00
 6.82491e+22	4.89e-01	4.47e-01	6.37e-02	1.36e-06	0.00e+00	0.00e+00	0.00e+00	0.00e+00	0.00e+00	0.00e+00	0.00e+00
 6.82909e+22	4.94e-01	4.44e-01	6.23e-02	1.31e-06	0.00e+00	0.00e+00	0.00e+00	0.00e+00	0.00e+00	0.00e+00	0.00e+00
 6.83288e+22	4.97e-01	4.42e-01	6.12e-02	1.28e-06	0.00e+00	0.00e+00	0.00e+00	0.00e+00	0.00e+00	0.00e+00	0.00e+00
 6.83704e+22	5.03e-01	4.37e-01	5.94e-02	1.23e-06	0.00e+00	0.00e+00	0.00e+00	0.00e+00	0.00e+00	0.00e+00	0.00e+00
 6.84154e+22	5.08e-01	4.34e-01	5.81e-02	1.19e-06	0.00e+00	0.00e+00	0.00e+00	0.00e+00	0.00e+00	0.00e+00	0.00e+00
 6.84562e+22	5.13e-01	4.30e-01	5.66e-02	1.15e-06	0.00e+00	0.00e+00	0.00e+00	0.00e+00	0.00e+00	0.00e+00	0.00e+00
 6.84934e+22	5.17e-01	4.28e-01	5.57e-02	1.12e-06	0.00e+00	0.00e+00	0.00e+00	0.00e+00	0.00e+00	0.00e+00	0.00e+00
 6.85342e+22	5.22e-01	4.24e-01	5.42e-02	1.08e-06	0.00e+00	0.00e+00	0.00e+00	0.00e+00	0.00e+00	0.00e+00	0.00e+00
 6.85782e+22	5.27e-01	4.20e-01	5.30e-02	1.04e-06	0.00e+00	0.00e+00	0.00e+00	0.00e+00	0.00e+00	0.00e+00	0.00e+00
 6.86183e+22	5.30e-01	4.18e-01	5.20e-02	1.01e-06	0.00e+00	0.00e+00	0.00e+00	0.00e+00	0.00e+00	0.00e+00	0.00e+00
 6.86622e+22	5.36e-01	4.13e-01	5.05e-02	9.75e-07	0.00e+00	0.00e+00	0.00e+00	0.00e+00	0.00e+00	0.00e+00	0.00e+00
 6.87095e+22	5.41e-01	4.10e-01	4.93e-02	9.42e-07	0.00e+00	0.00e+00	0.00e+00	0.00e+00	0.00e+00	0.00e+00	0.00e+00
 6.87526e+22	5.45e-01	4.07e-01	4.83e-02	9.14e-07	0.00e+00	0.00e+00	0.00e+00	0.00e+00	0.00e+00	0.00e+00	0.00e+00
 6.87999e+22	5.51e-01	4.02e-01	4.69e-02	8.77e-07	0.00e+00	0.00e+00	0.00e+00	0.00e+00	0.00e+00	0.00e+00	0.00e+00
 6.88509e+22	5.55e-01	3.99e-01	4.58e-02	8.46e-07	0.00e+00	0.00e+00	0.00e+00	0.00e+00	0.00e+00	0.00e+00	0.00e+00
 6.88973e+22	5.60e-01	3.96e-01	4.48e-02	8.19e-07	0.00e+00	0.00e+00	0.00e+00	0.00e+00	0.00e+00	0.00e+00	0.00e+00
 6.89481e+22	5.66e-01	3.91e-01	4.34e-02	7.84e-07	0.00e+00	0.00e+00	0.00e+00	0.00e+00	0.00e+00	0.00e+00	0.00e+00
 6.90031e+22	5.70e-01	3.87e-01	4.24e-02	7.57e-07	0.00e+00	0.00e+00	0.00e+00	0.00e+00	0.00e+00	0.00e+00	0.00e+00
 6.90530e+22	5.75e-01	3.84e-01	4.13e-02	7.29e-07	0.00e+00	0.00e+00	0.00e+00	0.00e+00	0.00e+00	0.00e+00	0.00e+00
 6.90985e+22	5.79e-01	3.80e-01	4.04e-02	7.06e-07	0.00e+00	0.00e+00	0.00e+00	0.00e+00	0.00e+00	0.00e+00	0.00e+00
 6.91483e+22	5.85e-01	3.76e-01	3.92e-02	6.77e-07	0.00e+00	0.00e+00	0.00e+00	0.00e+00	0.00e+00	0.00e+00	0.00e+00
 6.92021e+22	5.90e-01	3.72e-01	3.81e-02	6.52e-07	0.00e+00	0.00e+00	0.00e+00	0.00e+00	0.00e+00	0.00e+00	0.00e+00
 6.92510e+22	5.94e-01	3.69e-01	3.74e-02	6.32e-07	0.00e+00	0.00e+00	0.00e+00	0.00e+00	0.00e+00	0.00e+00	0.00e+00
 6.93047e+22	5.99e-01	3.64e-01	3.62e-02	6.05e-07	0.00e+00	0.00e+00	0.00e+00	0.00e+00	0.00e+00	0.00e+00	0.00e+00
 6.93626e+22	6.04e-01	3.60e-01	3.52e-02	5.82e-07	0.00e+00	0.00e+00	0.00e+00	0.00e+00	0.00e+00	0.00e+00	0.00e+00
 6.94153e+22	6.08e-01	3.57e-01	3.45e-02	5.63e-07	0.00e+00	0.00e+00	0.00e+00	0.00e+00	0.00e+00	0.00e+00	0.00e+00
 6.94730e+22	6.14e-01	3.52e-01	3.34e-02	5.38e-07	0.00e+00	0.00e+00	0.00e+00	0.00e+00	0.00e+00	0.00e+00	0.00e+00
 6.95353e+22	6.19e-01	3.49e-01	3.25e-02	5.18e-07	0.00e+00	0.00e+00	0.00e+00	0.00e+00	0.00e+00	0.00e+00	0.00e+00
 6.95921e+22	6.24e-01	3.45e-01	3.16e-02	4.98e-07	0.00e+00	0.00e+00	0.00e+00	0.00e+00	0.00e+00	0.00e+00	0.00e+00
 6.96437e+22	6.28e-01	3.41e-01	3.09e-02	4.82e-07	0.00e+00	0.00e+00	0.00e+00	0.00e+00	0.00e+00	0.00e+00	0.00e+00
 6.97002e+22	6.33e-01	3.37e-01	2.99e-02	4.61e-07	0.00e+00	0.00e+00	0.00e+00	0.00e+00	0.00e+00	0.00e+00	0.00e+00
 6.97613e+22	6.38e-01	3.33e-01	2.91e-02	4.43e-07	0.00e+00	0.00e+00	0.00e+00	0.00e+00	0.00e+00	0.00e+00	0.00e+00
 6.98169e+22	6.42e-01	3.30e-01	2.85e-02	4.28e-07	0.00e+00	0.00e+00	0.00e+00	0.00e+00	0.00e+00	0.00e+00	0.00e+00
 6.98778e+22	6.47e-01	3.25e-01	2.76e-02	4.09e-07	0.00e+00	0.00e+00	0.00e+00	0.00e+00	0.00e+00	0.00e+00	0.00e+00
 6.99435e+22	6.52e-01	3.21e-01	2.68e-02	3.93e-07	0.00e+00	0.00e+00	0.00e+00	0.00e+00	0.00e+00	0.00e+00	0.00e+00
 7.00033e+22	6.56e-01	3.17e-01	2.62e-02	3.79e-07	0.00e+00	0.00e+00	0.00e+00	0.00e+00	0.00e+00	0.00e+00	0.00e+00
 7.00689e+22	6.62e-01	3.13e-01	2.53e-02	3.61e-07	0.00e+00	0.00e+00	0.00e+00	0.00e+00	0.00e+00	0.00e+00	0.00e+00
 7.01396e+22	6.67e-01	3.09e-01	2.46e-02	3.47e-07	0.00e+00	0.00e+00	0.00e+00	0.00e+00	0.00e+00	0.00e+00	0.00e+00
 7.02040e+22	6.71e-01	3.05e-01	2.39e-02	3.33e-07	0.00e+00	0.00e+00	0.00e+00	0.00e+00	0.00e+00	0.00e+00	0.00e+00
 7.02626e+22	6.75e-01	3.01e-01	2.33e-02	3.21e-07	0.00e+00	0.00e+00	0.00e+00	0.00e+00	0.00e+00	0.00e+00	0.00e+00
 7.03269e+22	6.81e-01	2.97e-01	2.25e-02	3.06e-07	0.00e+00	0.00e+00	0.00e+00	0.00e+00	0.00e+00	0.00e+00	0.00e+00
 7.03962e+22	6.85e-01	2.93e-01	2.19e-02	2.94e-07	0.00e+00	0.00e+00	0.00e+00	0.00e+00	0.00e+00	0.00e+00	0.00e+00
 7.04593e+22	6.89e-01	2.89e-01	2.13e-02	2.83e-07	0.00e+00	0.00e+00	0.00e+00	0.00e+00	0.00e+00	0.00e+00	0.00e+00
 7.05284e+22	6.95e-01	2.85e-01	2.06e-02	2.70e-07	0.00e+00	0.00e+00	0.00e+00	0.00e+00	0.00e+00	0.00e+00	0.00e+00
 7.06030e+22	6.99e-01	2.81e-01	2.00e-02	2.58e-07	0.00e+00	0.00e+00	0.00e+00	0.00e+00	0.00e+00	0.00e+00	0.00e+00
 7.06710e+22	7.04e-01	2.77e-01	1.95e-02	2.48e-07	0.00e+00	0.00e+00	0.00e+00	0.00e+00	0.00e+00	0.00e+00	0.00e+00
 7.07454e+22	7.09e-01	2.72e-01	1.88e-02	2.36e-07	0.00e+00	0.00e+00	0.00e+00	0.00e+00	0.00e+00	0.00e+00	0.00e+00
 7.08257e+22	7.13e-01	2.69e-01	1.83e-02	2.26e-07	0.00e+00	0.00e+00	0.00e+00	0.00e+00	0.00e+00	0.00e+00	0.00e+00
 7.08988e+22	7.18e-01	2.65e-01	1.77e-02	2.17e-07	0.00e+00	0.00e+00	0.00e+00	0.00e+00	0.00e+00	0.00e+00	0.00e+00
 7.09790e+22	7.23e-01	2.60e-01	1.71e-02	2.06e-07	0.00e+00	0.00e+00	0.00e+00	0.00e+00	0.00e+00	0.00e+00	0.00e+00
 7.10655e+22	7.28e-01	2.55e-01	1.65e-02	1.96e-07	0.00e+00	0.00e+00	0.00e+00	0.00e+00	0.00e+00	0.00e+00	0.00e+00
 7.11442e+22	7.32e-01	2.52e-01	1.60e-02	1.88e-07	0.00e+00	0.00e+00	0.00e+00	0.00e+00	0.00e+00	0.00e+00	0.00e+00
 7.12304e+22	7.38e-01	2.47e-01	1.54e-02	1.78e-07	0.00e+00	0.00e+00	0.00e+00	0.00e+00	0.00e+00	0.00e+00	0.00e+00
 7.13235e+22	7.42e-01	2.43e-01	1.49e-02	1.69e-07	0.00e+00	0.00e+00	0.00e+00	0.00e+00	0.00e+00	0.00e+00	0.00e+00
 7.14083e+22	7.47e-01	2.38e-01	1.44e-02	1.61e-07	0.00e+00	0.00e+00	0.00e+00	0.00e+00	0.00e+00	0.00e+00	0.00e+00
 7.14854e+22	7.51e-01	2.35e-01	1.40e-02	1.55e-07	0.00e+00	0.00e+00	0.00e+00	0.00e+00	0.00e+00	0.00e+00	0.00e+00
 7.15699e+22	7.56e-01	2.30e-01	1.34e-02	1.47e-07	0.00e+00	0.00e+00	0.00e+00	0.00e+00	0.00e+00	0.00e+00	0.00e+00
 7.16797e+22	7.62e-01	2.25e-01	1.28e-02	1.38e-07	0.00e+00	0.00e+00	0.00e+00	0.00e+00	0.00e+00	0.00e+00	0.00e+00
 7.18032e+22	7.68e-01	2.19e-01	1.23e-02	1.29e-07	0.00e+00	0.00e+00	0.00e+00	0.00e+00	0.00e+00	0.00e+00	0.00e+00
 7.19255e+22	7.74e-01	2.14e-01	1.17e-02	0.00e+00	0.00e+00	0.00e+00	0.00e+00	0.00e+00	0.00e+00	0.00e+00	0.00e+00
 7.20488e+22	7.81e-01	2.08e-01	1.11e-02	0.00e+00	0.00e+00	0.00e+00	0.00e+00	0.00e+00	0.00e+00	0.00e+00	0.00e+00
 7.21751e+22	7.87e-01	2.03e-01	1.06e-02	0.00e+00	0.00e+00	0.00e+00	0.00e+00	0.00e+00	0.00e+00	0.00e+00	0.00e+00
 7.23036e+22	7.93e-01	1.97e-01	1.01e-02	0.00e+00	0.00e+00	0.00e+00	0.00e+00	0.00e+00	0.00e+00	0.00e+00	0.00e+00
 7.24335e+22	7.99e-01	1.92e-01	9.58e-03	0.00e+00	0.00e+00	0.00e+00	0.00e+00	0.00e+00	0.00e+00	0.00e+00	0.00e+00
 7.25650e+22	8.04e-01	1.87e-01	9.10e-03	0.00e+00	0.00e+00	0.00e+00	0.00e+00	0.00e+00	0.00e+00	0.00e+00	0.00e+00
 7.26981e+22	8.10e-01	1.81e-01	8.65e-03	0.00e+00	0.00e+00	0.00e+00	0.00e+00	0.00e+00	0.00e+00	0.00e+00	0.00e+00
 7.28329e+22	8.16e-01	1.76e-01	8.22e-03	0.00e+00	0.00e+00	0.00e+00	0.00e+00	0.00e+00	0.00e+00	0.00e+00	0.00e+00
 7.29692e+22	8.21e-01	1.71e-01	7.81e-03	0.00e+00	0.00e+00	0.00e+00	0.00e+00	0.00e+00	0.00e+00	0.00e+00	0.00e+00
 7.31071e+22	8.27e-01	1.66e-01	7.42e-03	0.00e+00	0.00e+00	0.00e+00	0.00e+00	0.00e+00	0.00e+00	0.00e+00	0.00e+00
