#depth	He	He+	He+2
 1.54284e+22	3.05e-11	6.00e-06	1.00e+00
 3.52210e+22	6.97e-11	8.98e-06	1.00e+00
 4.17673e+22	1.09e-10	1.12e-05	1.00e+00
 4.50404e+22	1.38e-10	1.26e-05	1.00e+00
 4.64042e+22	1.46e-10	1.30e-05	1.00e+00
 4.69015e+22	1.54e-10	1.34e-05	1.00e+00
 4.73259e+22	1.61e-10	1.37e-05	1.00e+00
 4.77855e+22	1.71e-10	1.41e-05	1.00e+00
 4.82538e+22	1.80e-10	1.45e-05	1.00e+00
 4.87333e+22	1.92e-10	1.50e-05	1.00e+00
 4.92049e+22	2.01e-10	1.54e-05	1.00e+00
 4.96662e+22	2.15e-10	1.60e-05	1.00e+00
 5.01208e+22	2.26e-10	1.64e-05	1.00e+00
 5.05668e+22	2.41e-10	1.69e-05	1.00e+00
 5.10285e+22	2.54e-10	1.74e-05	1.00e+00
 5.14285e+22	2.67e-10	1.79e-05	1.00e+00
 5.18661e+22	2.87e-10	1.86e-05	1.00e+00
 5.22989e+22	3.01e-10	1.91e-05	1.00e+00
 5.27255e+22	3.23e-10	1.98e-05	1.00e+00
 5.31452e+22	3.38e-10	2.04e-05	1.00e+00
 5.35560e+22	3.63e-10	2.12e-05	1.00e+00
 5.39649e+22	3.81e-10	2.17e-05	1.00e+00
 5.43716e+22	4.10e-10	2.27e-05	1.00e+00
 5.47804e+22	4.31e-10	2.33e-05	1.00e+00
 5.51922e+22	4.64e-10	2.43e-05	1.00e+00
 5.56071e+22	4.90e-10	2.51e-05	1.00e+00
 5.60262e+22	5.28e-10	2.62e-05	1.00e+00
 5.64425e+22	5.58e-10	2.71e-05	1.00e+00
 5.68552e+22	6.01e-10	2.83e-05	1.00e+00
 5.72730e+22	6.37e-10	2.93e-05	1.00e+00
 5.76973e+22	6.87e-10	3.06e-05	1.00e+00
 5.81271e+22	7.30e-10	3.18e-05	1.00e+00
 5.85639e+22	7.90e-10	3.34e-05	1.00e+00
 5.90028e+22	8.39e-10	3.46e-05	1.00e+00
 5.94447e+22	9.08e-10	3.64e-05	1.00e+00
 5.98761e+22	9.59e-10	3.77e-05	1.00e+00
 6.02938e+22	1.03e-09	3.94e-05	1.00e+00
 6.07201e+22	1.09e-09	4.09e-05	1.00e+00
 6.11573e+22	1.17e-09	4.29e-05	1.00e+00
 6.16014e+22	1.24e-09	4.45e-05	1.00e+00
 6.20544e+22	1.34e-09	4.68e-05	1.00e+00
 6.25150e+22	1.41e-09	4.85e-05	1.00e+00
 6.29857e+22	1.51e-09	5.09e-05	1.00e+00
 6.34719e+22	1.60e-09	5.29e-05	1.00e+00
 6.39754e+22	1.72e-09	5.55e-05	1.00e+00
 6.44757e+22	1.81e-09	5.76e-05	1.00e+00
 6.49748e+22	1.94e-09	6.05e-05	1.00e+00
 6.54834e+22	2.04e-09	6.26e-05	1.00e+00
 6.60044e+22	2.18e-09	6.57e-05	1.00e+00
 6.65118e+22	2.28e-09	6.78e-05	1.00e+00
 6.70016e+22	2.42e-09	7.08e-05	1.00e+00
 6.75036e+22	2.53e-09	7.32e-05	1.00e+00
 6.80213e+22	2.68e-09	7.65e-05	1.00e+00
 6.85454e+22	2.80e-09	7.90e-05	1.00e+00
 6.90778e+22	2.96e-09	8.25e-05	1.00e+00
 6.96060e+22	3.09e-09	8.51e-05	1.00e+00
 7.01289e+22	3.26e-09	8.88e-05	1.00e+00
 7.06571e+22	3.40e-09	9.15e-05	1.00e+00
 7.11922e+22	3.58e-09	9.54e-05	1.00e+00
 7.17377e+22	3.73e-09	9.84e-05	1.00e+00
 7.22968e+22	3.93e-09	1.03e-04	1.00e+00
 7.28662e+22	4.09e-09	1.06e-04	1.00e+00
 7.34490e+22	4.31e-09	1.10e-04	1.00e+00
 7.40429e+22	4.48e-09	1.14e-04	1.00e+00
 7.45636e+22	4.66e-09	1.17e-04	1.00e+00
 7.51525e+22	4.90e-09	1.22e-04	1.00e+00
 7.57424e+22	5.08e-09	1.26e-04	1.00e+00
 7.63334e+22	5.34e-09	1.31e-04	1.00e+00
 7.69332e+22	5.54e-09	1.35e-04	1.00e+00
 7.75444e+22	5.81e-09	1.40e-04	1.00e+00
 7.81755e+22	6.05e-09	1.45e-04	1.00e+00
 7.88325e+22	6.35e-09	1.50e-04	1.00e+00
 7.95125e+22	6.62e-09	1.56e-04	1.00e+00
 8.02226e+22	6.98e-09	1.62e-04	1.00e+00
 8.09544e+22	7.29e-09	1.68e-04	1.00e+00
 8.17143e+22	7.69e-09	1.75e-04	1.00e+00
 8.25017e+22	8.06e-09	1.82e-04	1.00e+00
 8.32150e+22	8.43e-09	1.88e-04	1.00e+00
 8.40325e+22	8.92e-09	1.97e-04	1.00e+00
 8.48675e+22	9.34e-09	2.04e-04	1.00e+00
 8.56126e+22	9.78e-09	2.12e-04	1.00e+00
 8.64687e+22	1.04e-08	2.22e-04	1.00e+00
 8.73315e+22	1.08e-08	2.30e-04	1.00e+00
 8.82030e+22	1.15e-08	2.42e-04	1.00e+00
 8.90855e+22	1.20e-08	2.52e-04	1.00e+00
 8.99822e+22	1.27e-08	2.65e-04	1.00e+00
 9.08388e+22	1.32e-08	2.74e-04	1.00e+00
 9.16433e+22	1.39e-08	2.87e-04	1.00e+00
 9.24509e+22	1.45e-08	2.97e-04	1.00e+00
 9.32624e+22	1.51e-08	3.12e-04	1.00e+00
 9.40855e+22	1.57e-08	3.24e-04	1.00e+00
 9.49236e+22	1.64e-08	3.41e-04	1.00e+00
 9.57720e+22	1.71e-08	3.55e-04	1.00e+00
 9.66338e+22	1.78e-08	3.74e-04	1.00e+00
 9.75073e+22	1.84e-08	3.90e-04	1.00e+00
 9.83961e+22	1.92e-08	4.12e-04	1.00e+00
 9.93035e+22	1.97e-08	4.31e-04	1.00e+00
 1.00235e+23	2.05e-08	4.58e-04	1.00e+00
 1.01186e+23	2.10e-08	4.81e-04	1.00e+00
 1.02131e+23	2.16e-08	5.10e-04	9.99e-01
 1.03028e+23	2.20e-08	5.33e-04	9.99e-01
 1.03896e+23	2.24e-08	5.64e-04	9.99e-01
 1.04781e+23	2.28e-08	5.91e-04	9.99e-01
 1.05648e+23	2.31e-08	6.25e-04	9.99e-01
 1.06533e+23	2.33e-08	6.56e-04	9.99e-01
 1.07396e+23	2.35e-08	6.93e-04	9.99e-01
 1.08277e+23	2.36e-08	7.29e-04	9.99e-01
 1.09150e+23	2.37e-08	7.69e-04	9.99e-01
 1.10027e+23	2.38e-08	8.09e-04	9.99e-01
 1.10895e+23	2.39e-08	8.52e-04	9.99e-01
 1.11761e+23	2.40e-08	8.97e-04	9.99e-01
 1.12629e+23	2.41e-08	9.44e-04	9.99e-01
 1.13500e+23	2.42e-08	9.94e-04	9.99e-01
 1.14377e+23	2.45e-08	1.05e-03	9.99e-01
 1.15262e+23	2.48e-08	1.10e-03	9.99e-01
 1.16157e+23	2.52e-08	1.16e-03	9.99e-01
 1.17057e+23	2.58e-08	1.22e-03	9.99e-01
 1.17972e+23	2.65e-08	1.29e-03	9.99e-01
 1.18898e+23	2.74e-08	1.35e-03	9.99e-01
 1.19842e+23	2.86e-08	1.43e-03	9.99e-01
 1.20720e+23	2.97e-08	1.49e-03	9.99e-01
 1.21624e+23	3.13e-08	1.58e-03	9.98e-01
 1.22542e+23	3.28e-08	1.65e-03	9.98e-01
 1.23485e+23	3.51e-08	1.75e-03	9.98e-01
 1.24433e+23	3.72e-08	1.82e-03	9.98e-01
 1.25387e+23	4.02e-08	1.93e-03	9.98e-01
 1.26347e+23	4.29e-08	2.01e-03	9.98e-01
 1.27314e+23	4.68e-08	2.13e-03	9.98e-01
 1.28290e+23	5.02e-08	2.23e-03	9.98e-01
 1.29276e+23	5.51e-08	2.35e-03	9.98e-01
 1.30275e+23	5.95e-08	2.46e-03	9.98e-01
 1.31291e+23	6.57e-08	2.60e-03	9.97e-01
 1.32323e+23	7.13e-08	2.72e-03	9.97e-01
 1.33377e+23	7.93e-08	2.89e-03	9.97e-01
 1.34454e+23	8.64e-08	3.02e-03	9.97e-01
 1.35560e+23	9.67e-08	3.21e-03	9.97e-01
 1.36693e+23	1.06e-07	3.36e-03	9.97e-01
 1.37863e+23	1.19e-07	3.58e-03	9.96e-01
 1.38965e+23	1.29e-07	3.73e-03	9.96e-01
 1.39978e+23	1.43e-07	3.93e-03	9.96e-01
 1.40982e+23	1.54e-07	4.09e-03	9.96e-01
 1.41974e+23	1.71e-07	4.31e-03	9.96e-01
 1.42972e+23	1.85e-07	4.48e-03	9.96e-01
 1.43979e+23	2.05e-07	4.72e-03	9.95e-01
 1.45004e+23	2.21e-07	4.91e-03	9.95e-01
 1.46052e+23	2.46e-07	5.18e-03	9.95e-01
 1.47116e+23	2.66e-07	5.39e-03	9.95e-01
 1.48198e+23	2.97e-07	5.69e-03	9.94e-01
 1.49303e+23	3.22e-07	5.94e-03	9.94e-01
 1.50438e+23	3.61e-07	6.28e-03	9.94e-01
 1.51597e+23	3.93e-07	6.56e-03	9.93e-01
 1.52786e+23	4.42e-07	6.96e-03	9.93e-01
 1.54002e+23	4.84e-07	7.28e-03	9.93e-01
 1.55251e+23	5.45e-07	7.73e-03	9.92e-01
 1.56516e+23	5.97e-07	8.09e-03	9.92e-01
 1.57801e+23	6.76e-07	8.61e-03	9.91e-01
 1.59100e+23	7.41e-07	9.01e-03	9.91e-01
 1.60417e+23	8.39e-07	9.59e-03	9.90e-01
 1.61706e+23	9.15e-07	1.00e-02	9.90e-01
 1.62959e+23	1.03e-06	1.06e-02	9.89e-01
 1.64257e+23	1.13e-06	1.11e-02	9.89e-01
 1.65364e+23	1.23e-06	1.16e-02	9.88e-01
 1.66551e+23	1.37e-06	1.22e-02	9.88e-01
 1.67746e+23	1.49e-06	1.28e-02	9.87e-01
 1.68952e+23	1.65e-06	1.35e-02	9.87e-01
 1.70195e+23	1.82e-06	1.41e-02	9.86e-01
 1.71298e+23	1.98e-06	1.47e-02	9.85e-01
 1.72543e+23	2.20e-06	1.55e-02	9.84e-01
 1.73853e+23	2.43e-06	1.63e-02	9.84e-01
 1.75046e+23	2.67e-06	1.71e-02	9.83e-01
 1.76391e+23	2.99e-06	1.81e-02	9.82e-01
 1.77778e+23	3.31e-06	1.90e-02	9.81e-01
 1.79011e+23	3.64e-06	1.99e-02	9.80e-01
 1.80404e+23	4.10e-06	2.11e-02	9.79e-01
 1.81850e+23	4.55e-06	2.23e-02	9.78e-01
 1.83149e+23	5.03e-06	2.34e-02	9.77e-01
 1.84620e+23	5.70e-06	2.49e-02	9.75e-01
 1.86140e+23	6.35e-06	2.63e-02	9.74e-01
 1.87724e+23	7.27e-06	2.81e-02	9.72e-01
 1.89323e+23	8.12e-06	2.97e-02	9.70e-01
 1.90727e+23	9.03e-06	3.13e-02	9.69e-01
 1.92336e+23	1.04e-05	3.34e-02	9.67e-01
 1.93966e+23	1.16e-05	3.54e-02	9.65e-01
 1.95625e+23	1.33e-05	3.78e-02	9.62e-01
 1.97310e+23	1.50e-05	4.01e-02	9.60e-01
 1.98804e+23	1.67e-05	4.23e-02	9.58e-01
 2.00522e+23	1.94e-05	4.55e-02	9.55e-01
 2.02261e+23	2.18e-05	4.81e-02	9.52e-01
 2.04029e+23	2.53e-05	5.18e-02	9.48e-01
 2.05821e+23	2.84e-05	5.48e-02	9.45e-01
 2.07643e+23	3.32e-05	5.91e-02	9.41e-01
 2.09432e+23	3.71e-05	6.24e-02	9.38e-01
 2.11176e+23	4.29e-05	6.70e-02	9.33e-01
 2.12859e+23	4.75e-05	7.03e-02	9.30e-01
 2.14464e+23	5.42e-05	7.49e-02	9.25e-01
 2.16071e+23	6.01e-05	7.87e-02	9.21e-01
 2.17681e+23	6.84e-05	8.38e-02	9.16e-01
 2.19332e+23	7.63e-05	8.83e-02	9.12e-01
 2.20815e+23	8.48e-05	9.28e-02	9.07e-01
 2.22519e+23	9.71e-05	9.90e-02	9.01e-01
 2.24243e+23	1.09e-04	1.04e-01	8.96e-01
 2.25991e+23	1.24e-04	1.11e-01	8.89e-01
 2.27693e+23	1.38e-04	1.17e-01	8.83e-01
 2.29036e+23	1.51e-04	1.22e-01	8.78e-01
 2.30482e+23	1.68e-04	1.28e-01	8.72e-01
 2.31970e+23	1.84e-04	1.34e-01	8.66e-01
 2.33305e+23	2.02e-04	1.39e-01	8.60e-01
 2.34833e+23	2.26e-04	1.47e-01	8.53e-01
 2.36376e+23	2.48e-04	1.53e-01	8.46e-01
 2.37728e+23	2.71e-04	1.60e-01	8.40e-01
 2.39274e+23	3.04e-04	1.68e-01	8.31e-01
 2.40848e+23	3.33e-04	1.76e-01	8.24e-01
 2.42245e+23	3.65e-04	1.83e-01	8.16e-01
 2.43849e+23	4.09e-04	1.93e-01	8.07e-01
 2.45469e+23	4.50e-04	2.01e-01	7.99e-01
 2.46892e+23	4.93e-04	2.09e-01	7.90e-01
 2.48527e+23	5.52e-04	2.20e-01	7.79e-01
 2.50193e+23	6.07e-04	2.29e-01	7.70e-01
 2.51897e+23	6.82e-04	2.41e-01	7.58e-01
 2.53621e+23	7.52e-04	2.52e-01	7.48e-01
 2.55373e+23	8.46e-04	2.64e-01	7.35e-01
 2.57158e+23	9.33e-04	2.76e-01	7.23e-01
 2.58748e+23	1.03e-03	2.87e-01	7.12e-01
 2.60573e+23	1.16e-03	3.02e-01	6.97e-01
 2.62444e+23	1.28e-03	3.14e-01	6.84e-01
 2.63870e+23	1.37e-03	3.23e-01	6.75e-01
 2.65221e+23	1.50e-03	3.35e-01	6.64e-01
 2.66603e+23	1.60e-03	3.44e-01	6.54e-01
 2.68025e+23	1.75e-03	3.57e-01	6.41e-01
 2.69462e+23	1.88e-03	3.67e-01	6.31e-01
 2.70919e+23	2.06e-03	3.80e-01	6.18e-01
 2.72405e+23	2.22e-03	3.92e-01	6.06e-01
 2.73728e+23	2.38e-03	4.03e-01	5.95e-01
 2.75245e+23	2.61e-03	4.17e-01	5.80e-01
 2.76782e+23	2.82e-03	4.29e-01	5.68e-01
 2.78347e+23	3.08e-03	4.44e-01	5.53e-01
 2.79948e+23	3.34e-03	4.58e-01	5.39e-01
 2.81596e+23	3.69e-03	4.75e-01	5.22e-01
 2.83246e+23	3.98e-03	4.88e-01	5.08e-01
 2.84899e+23	4.38e-03	5.05e-01	4.90e-01
 2.86595e+23	4.76e-03	5.20e-01	4.75e-01
 2.88349e+23	5.27e-03	5.39e-01	4.56e-01
 2.90101e+23	5.71e-03	5.54e-01	4.40e-01
 2.91851e+23	6.31e-03	5.73e-01	4.21e-01
 2.93628e+23	6.86e-03	5.89e-01	4.04e-01
 2.95439e+23	7.61e-03	6.09e-01	3.83e-01
 2.97247e+23	8.27e-03	6.25e-01	3.66e-01
 2.99053e+23	9.19e-03	6.46e-01	3.45e-01
 3.00860e+23	1.00e-02	6.63e-01	3.27e-01
 3.02668e+23	1.12e-02	6.83e-01	3.06e-01
 3.04472e+23	1.22e-02	7.00e-01	2.88e-01
 3.06032e+23	1.33e-02	7.16e-01	2.71e-01
 3.07583e+23	1.46e-02	7.31e-01	2.54e-01
 3.08462e+23	1.50e-02	7.35e-01	2.50e-01
