#depth	Ne	Ne+	Ne+2	Ne+3	Ne+4	Ne+5	Ne+6	Ne+7	Ne+8	Ne+9	Ne+10
 1.54284e+22	3.41e-30	2.76e-24	1.48e-19	1.13e-15	2.01e-12	8.62e-10	1.39e-07	1.38e-05	4.62e-03	1.26e-01	8.69e-01
 3.52210e+22	2.44e-28	1.26e-22	4.35e-18	2.16e-14	2.50e-11	7.00e-09	7.12e-07	4.46e-05	9.78e-03	1.77e-01	8.13e-01
 4.17673e+22	2.37e-27	9.66e-22	2.62e-17	1.03e-13	9.53e-11	2.11e-08	1.67e-06	8.20e-05	1.44e-02	2.10e-01	7.76e-01
 4.50404e+22	7.98e-27	2.86e-21	6.81e-17	2.36e-13	1.94e-10	3.80e-08	2.63e-06	1.13e-04	1.75e-02	2.28e-01	7.54e-01
 4.64042e+22	1.09e-26	3.78e-21	8.73e-17	2.93e-13	2.33e-10	4.42e-08	2.95e-06	1.22e-04	1.84e-02	2.33e-01	7.49e-01
 4.69015e+22	1.43e-26	4.81e-21	1.08e-16	3.52e-13	2.72e-10	5.02e-08	3.26e-06	1.31e-04	1.92e-02	2.37e-01	7.43e-01
 4.73259e+22	1.80e-26	5.93e-21	1.29e-16	4.13e-13	3.12e-10	5.62e-08	3.55e-06	1.39e-04	2.00e-02	2.41e-01	7.39e-01
 4.77855e+22	2.42e-26	7.73e-21	1.64e-16	5.06e-13	3.71e-10	6.49e-08	3.96e-06	1.51e-04	2.09e-02	2.46e-01	7.33e-01
 4.82538e+22	3.08e-26	9.59e-21	1.98e-16	5.96e-13	4.27e-10	7.28e-08	4.33e-06	1.60e-04	2.18e-02	2.50e-01	7.29e-01
 4.87333e+22	4.30e-26	1.29e-20	2.57e-16	7.48e-13	5.19e-10	8.54e-08	4.89e-06	1.75e-04	2.29e-02	2.55e-01	7.22e-01
 4.92049e+22	5.46e-26	1.60e-20	3.10e-16	8.81e-13	5.96e-10	9.58e-08	5.34e-06	1.86e-04	2.38e-02	2.59e-01	7.17e-01
 4.96662e+22	7.72e-26	2.18e-20	4.07e-16	1.11e-12	7.28e-10	1.13e-07	6.05e-06	2.03e-04	2.51e-02	2.64e-01	7.10e-01
 5.01208e+22	9.79e-26	2.70e-20	4.91e-16	1.31e-12	8.36e-10	1.27e-07	6.60e-06	2.15e-04	2.61e-02	2.68e-01	7.05e-01
 5.05668e+22	1.35e-25	3.58e-20	6.30e-16	1.63e-12	1.01e-09	1.47e-07	7.42e-06	2.34e-04	2.74e-02	2.74e-01	6.99e-01
 5.10285e+22	1.78e-25	4.59e-20	7.84e-16	1.97e-12	1.18e-09	1.68e-07	8.20e-06	2.51e-04	2.86e-02	2.78e-01	6.93e-01
 5.14285e+22	2.26e-25	5.71e-20	9.48e-16	2.32e-12	1.36e-09	1.89e-07	8.96e-06	2.66e-04	2.97e-02	2.83e-01	6.87e-01
 5.18661e+22	3.21e-25	7.80e-20	1.25e-15	2.94e-12	1.66e-09	2.23e-07	1.02e-05	2.91e-04	3.13e-02	2.88e-01	6.80e-01
 5.22989e+22	4.08e-25	9.68e-20	1.51e-15	3.46e-12	1.91e-09	2.50e-07	1.11e-05	3.09e-04	3.25e-02	2.93e-01	6.75e-01
 5.27255e+22	5.75e-25	1.32e-19	1.97e-15	4.37e-12	2.33e-09	2.94e-07	1.26e-05	3.37e-04	3.42e-02	2.98e-01	6.67e-01
 5.31452e+22	7.27e-25	1.62e-19	2.37e-15	5.12e-12	2.67e-09	3.29e-07	1.37e-05	3.57e-04	3.54e-02	3.03e-01	6.62e-01
 5.35560e+22	1.03e-24	2.21e-19	3.11e-15	6.48e-12	3.26e-09	3.88e-07	1.55e-05	3.90e-04	3.73e-02	3.09e-01	6.54e-01
 5.39649e+22	1.31e-24	2.74e-19	3.76e-15	7.62e-12	3.75e-09	4.35e-07	1.69e-05	4.14e-04	3.87e-02	3.13e-01	6.48e-01
 5.43716e+22	1.85e-24	3.75e-19	4.95e-15	9.65e-12	4.58e-09	5.13e-07	1.92e-05	4.51e-04	4.08e-02	3.19e-01	6.40e-01
 5.47804e+22	2.39e-24	4.71e-19	6.03e-15	1.15e-11	5.30e-09	5.79e-07	2.11e-05	4.81e-04	4.24e-02	3.23e-01	6.34e-01
 5.51922e+22	3.42e-24	6.50e-19	8.00e-15	1.46e-11	6.52e-09	6.87e-07	2.40e-05	5.26e-04	4.47e-02	3.30e-01	6.25e-01
 5.56071e+22	4.46e-24	8.25e-19	9.86e-15	1.75e-11	7.61e-09	7.79e-07	2.64e-05	5.62e-04	4.65e-02	3.34e-01	6.18e-01
 5.60262e+22	6.35e-24	1.13e-18	1.30e-14	2.22e-11	9.32e-09	9.22e-07	3.00e-05	6.14e-04	4.90e-02	3.41e-01	6.10e-01
 5.64425e+22	8.34e-24	1.44e-18	1.61e-14	2.67e-11	1.09e-08	1.05e-06	3.32e-05	6.57e-04	5.10e-02	3.46e-01	6.03e-01
 5.68552e+22	1.19e-23	1.99e-18	2.13e-14	3.40e-11	1.34e-08	1.24e-06	3.78e-05	7.19e-04	5.38e-02	3.52e-01	5.93e-01
 5.72730e+22	1.58e-23	2.55e-18	2.65e-14	4.11e-11	1.58e-08	1.42e-06	4.19e-05	7.71e-04	5.61e-02	3.57e-01	5.86e-01
 5.76973e+22	2.28e-23	3.55e-18	3.54e-14	5.27e-11	1.95e-08	1.70e-06	4.79e-05	8.46e-04	5.92e-02	3.64e-01	5.76e-01
 5.81271e+22	3.04e-23	4.60e-18	4.44e-14	6.41e-11	2.30e-08	1.95e-06	5.33e-05	9.10e-04	6.18e-02	3.69e-01	5.68e-01
 5.85639e+22	4.44e-23	6.46e-18	5.98e-14	8.27e-11	2.87e-08	2.34e-06	6.13e-05	1.00e-03	6.54e-02	3.76e-01	5.58e-01
 5.90028e+22	5.93e-23	8.37e-18	7.51e-14	1.01e-10	3.39e-08	2.69e-06	6.83e-05	1.08e-03	6.82e-02	3.81e-01	5.50e-01
 5.94447e+22	8.67e-23	1.18e-17	1.01e-13	1.30e-10	4.23e-08	3.24e-06	7.87e-05	1.19e-03	7.22e-02	3.88e-01	5.39e-01
 5.98761e+22	1.13e-22	1.49e-17	1.25e-13	1.56e-10	4.94e-08	3.69e-06	8.70e-05	1.27e-03	7.51e-02	3.92e-01	5.31e-01
 6.02938e+22	1.60e-22	2.04e-17	1.64e-13	1.97e-10	6.05e-08	4.36e-06	9.91e-05	1.39e-03	7.91e-02	3.99e-01	5.21e-01
 6.07201e+22	2.11e-22	2.61e-17	2.04e-13	2.38e-10	7.11e-08	5.00e-06	1.10e-04	1.49e-03	8.24e-02	4.03e-01	5.12e-01
 6.11573e+22	2.99e-22	3.59e-17	2.69e-13	3.03e-10	8.74e-08	5.94e-06	1.26e-04	1.63e-03	8.69e-02	4.10e-01	5.02e-01
 6.16014e+22	3.93e-22	4.58e-17	3.34e-13	3.64e-10	1.03e-07	6.80e-06	1.40e-04	1.76e-03	9.05e-02	4.14e-01	4.93e-01
 6.20544e+22	5.59e-22	6.29e-17	4.41e-13	4.64e-10	1.26e-07	8.10e-06	1.60e-04	1.93e-03	9.54e-02	4.20e-01	4.82e-01
 6.25150e+22	7.29e-22	7.99e-17	5.45e-13	5.57e-10	1.48e-07	9.25e-06	1.77e-04	2.07e-03	9.93e-02	4.25e-01	4.73e-01
 6.29857e+22	1.03e-21	1.09e-16	7.14e-13	7.04e-10	1.81e-07	1.10e-05	2.03e-04	2.26e-03	1.05e-01	4.31e-01	4.62e-01
 6.34719e+22	1.36e-21	1.40e-16	8.92e-13	8.53e-10	2.14e-07	1.26e-05	2.26e-04	2.44e-03	1.09e-01	4.35e-01	4.53e-01
 6.39754e+22	1.92e-21	1.91e-16	1.18e-12	1.08e-09	2.63e-07	1.50e-05	2.59e-04	2.67e-03	1.15e-01	4.41e-01	4.41e-01
 6.44757e+22	2.49e-21	2.42e-16	1.45e-12	1.30e-09	3.08e-07	1.71e-05	2.87e-04	2.87e-03	1.19e-01	4.45e-01	4.33e-01
 6.49748e+22	3.47e-21	3.27e-16	1.89e-12	1.63e-09	3.76e-07	2.03e-05	3.28e-04	3.14e-03	1.26e-01	4.50e-01	4.21e-01
 6.54834e+22	4.45e-21	4.09e-16	2.30e-12	1.94e-09	4.37e-07	2.31e-05	3.62e-04	3.35e-03	1.30e-01	4.53e-01	4.12e-01
 6.60044e+22	6.17e-21	5.50e-16	2.99e-12	2.44e-09	5.33e-07	2.73e-05	4.13e-04	3.67e-03	1.37e-01	4.58e-01	4.01e-01
 6.65118e+22	7.71e-21	6.73e-16	3.58e-12	2.85e-09	6.10e-07	3.06e-05	4.52e-04	3.90e-03	1.42e-01	4.61e-01	3.93e-01
 6.70016e+22	1.03e-20	8.77e-16	4.53e-12	3.49e-09	7.29e-07	3.56e-05	5.09e-04	4.22e-03	1.48e-01	4.65e-01	3.83e-01
 6.75036e+22	1.30e-20	1.08e-15	5.43e-12	4.09e-09	8.37e-07	4.00e-05	5.57e-04	4.49e-03	1.53e-01	4.67e-01	3.75e-01
 6.80213e+22	1.75e-20	1.41e-15	6.92e-12	5.05e-09	1.01e-06	4.67e-05	6.30e-04	4.88e-03	1.60e-01	4.71e-01	3.64e-01
 6.85454e+22	2.18e-20	1.72e-15	8.25e-12	5.89e-09	1.15e-06	5.23e-05	6.88e-04	5.18e-03	1.65e-01	4.73e-01	3.56e-01
 6.90778e+22	2.90e-20	2.24e-15	1.04e-11	7.20e-09	1.37e-06	6.07e-05	7.73e-04	5.60e-03	1.72e-01	4.76e-01	3.45e-01
 6.96060e+22	3.59e-20	2.71e-15	1.24e-11	8.37e-09	1.56e-06	6.78e-05	8.44e-04	5.94e-03	1.78e-01	4.78e-01	3.38e-01
 7.01289e+22	4.73e-20	3.49e-15	1.55e-11	1.02e-08	1.85e-06	7.83e-05	9.46e-04	6.42e-03	1.85e-01	4.80e-01	3.27e-01
 7.06571e+22	5.79e-20	4.20e-15	1.82e-11	1.17e-08	2.10e-06	8.70e-05	1.03e-03	6.78e-03	1.91e-01	4.82e-01	3.20e-01
 7.11922e+22	7.59e-20	5.37e-15	2.27e-11	1.42e-08	2.48e-06	1.00e-04	1.15e-03	7.31e-03	1.98e-01	4.83e-01	3.10e-01
 7.17377e+22	9.32e-20	6.47e-15	2.68e-11	1.64e-08	2.82e-06	1.12e-04	1.25e-03	7.73e-03	2.04e-01	4.84e-01	3.03e-01
 7.22968e+22	1.22e-19	8.27e-15	3.34e-11	1.99e-08	3.33e-06	1.29e-04	1.40e-03	8.34e-03	2.12e-01	4.85e-01	2.93e-01
 7.28662e+22	1.50e-19	9.98e-15	3.95e-11	2.30e-08	3.78e-06	1.43e-04	1.52e-03	8.82e-03	2.18e-01	4.86e-01	2.85e-01
 7.34490e+22	1.97e-19	1.28e-14	4.93e-11	2.79e-08	4.48e-06	1.65e-04	1.70e-03	9.51e-03	2.27e-01	4.87e-01	2.75e-01
 7.40429e+22	2.42e-19	1.54e-14	5.84e-11	3.24e-08	5.09e-06	1.84e-04	1.85e-03	1.01e-02	2.33e-01	4.87e-01	2.68e-01
 7.45636e+22	2.96e-19	1.85e-14	6.87e-11	3.73e-08	5.76e-06	2.04e-04	2.01e-03	1.06e-02	2.40e-01	4.87e-01	2.61e-01
 7.51525e+22	3.82e-19	2.34e-14	8.49e-11	4.49e-08	6.77e-06	2.34e-04	2.23e-03	1.14e-02	2.48e-01	4.86e-01	2.51e-01
 7.57424e+22	4.61e-19	2.78e-14	9.89e-11	5.13e-08	7.59e-06	2.58e-04	2.40e-03	1.20e-02	2.54e-01	4.86e-01	2.45e-01
 7.63334e+22	5.94e-19	3.51e-14	1.22e-10	6.15e-08	8.90e-06	2.95e-04	2.67e-03	1.29e-02	2.63e-01	4.85e-01	2.36e-01
 7.69332e+22	7.18e-19	4.16e-14	1.42e-10	7.03e-08	9.99e-06	3.25e-04	2.88e-03	1.35e-02	2.70e-01	4.84e-01	2.30e-01
 7.75444e+22	9.19e-19	5.22e-14	1.74e-10	8.39e-08	1.17e-05	3.70e-04	3.19e-03	1.44e-02	2.78e-01	4.83e-01	2.21e-01
 7.81755e+22	1.13e-18	6.29e-14	2.05e-10	9.70e-08	1.32e-05	4.11e-04	3.46e-03	1.52e-02	2.86e-01	4.81e-01	2.14e-01
 7.88325e+22	1.45e-18	7.91e-14	2.52e-10	1.16e-07	1.55e-05	4.68e-04	3.83e-03	1.63e-02	2.95e-01	4.79e-01	2.06e-01
 7.95125e+22	1.80e-18	9.63e-14	3.01e-10	1.35e-07	1.76e-05	5.23e-04	4.17e-03	1.72e-02	3.03e-01	4.77e-01	1.99e-01
 8.02226e+22	2.34e-18	1.23e-13	3.73e-10	1.63e-07	2.08e-05	5.99e-04	4.63e-03	1.85e-02	3.12e-01	4.74e-01	1.90e-01
 8.09544e+22	2.92e-18	1.50e-13	4.48e-10	1.91e-07	2.38e-05	6.72e-04	5.06e-03	1.96e-02	3.21e-01	4.71e-01	1.83e-01
 8.17143e+22	3.85e-18	1.93e-13	5.60e-10	2.32e-07	2.82e-05	7.73e-04	5.63e-03	2.10e-02	3.31e-01	4.67e-01	1.75e-01
 8.25017e+22	4.86e-18	2.39e-13	6.79e-10	2.75e-07	3.25e-05	8.71e-04	6.17e-03	2.23e-02	3.40e-01	4.63e-01	1.68e-01
 8.32150e+22	6.09e-18	2.94e-13	8.16e-10	3.22e-07	3.74e-05	9.77e-04	6.74e-03	2.36e-02	3.48e-01	4.60e-01	1.61e-01
 8.40325e+22	8.10e-18	3.81e-13	1.03e-09	3.94e-07	4.44e-05	1.13e-03	7.52e-03	2.53e-02	3.59e-01	4.54e-01	1.53e-01
 8.48675e+22	1.02e-17	4.72e-13	1.25e-09	4.66e-07	5.13e-05	1.27e-03	8.24e-03	2.68e-02	3.68e-01	4.50e-01	1.46e-01
 8.56126e+22	1.29e-17	5.80e-13	1.50e-09	5.47e-07	5.88e-05	1.42e-03	8.97e-03	2.83e-02	3.76e-01	4.45e-01	1.40e-01
 8.64687e+22	1.73e-17	7.60e-13	1.91e-09	6.75e-07	7.07e-05	1.66e-03	1.01e-02	3.05e-02	3.88e-01	4.38e-01	1.31e-01
 8.73315e+22	2.16e-17	9.34e-13	2.30e-09	7.92e-07	8.10e-05	1.85e-03	1.10e-02	3.22e-02	3.96e-01	4.33e-01	1.26e-01
 8.82030e+22	2.90e-17	1.22e-12	2.93e-09	9.77e-07	9.72e-05	2.16e-03	1.23e-02	3.46e-02	4.08e-01	4.25e-01	1.18e-01
 8.90855e+22	3.64e-17	1.51e-12	3.53e-09	1.15e-06	1.12e-04	2.42e-03	1.34e-02	3.66e-02	4.16e-01	4.19e-01	1.12e-01
 8.99822e+22	4.88e-17	1.97e-12	4.50e-09	1.42e-06	1.34e-04	2.82e-03	1.51e-02	3.93e-02	4.28e-01	4.10e-01	1.05e-01
 9.08388e+22	5.96e-17	2.37e-12	5.30e-09	1.64e-06	1.52e-04	3.12e-03	1.63e-02	4.12e-02	4.35e-01	4.04e-01	1.00e-01
 9.16433e+22	7.68e-17	3.00e-12	6.57e-09	1.98e-06	1.79e-04	3.57e-03	1.81e-02	4.40e-02	4.45e-01	3.96e-01	9.36e-02
 9.24509e+22	9.35e-17	3.59e-12	7.73e-09	2.28e-06	2.02e-04	3.95e-03	1.95e-02	4.61e-02	4.52e-01	3.89e-01	8.92e-02
 9.32624e+22	1.20e-16	4.52e-12	9.53e-09	2.73e-06	2.37e-04	4.52e-03	2.16e-02	4.92e-02	4.61e-01	3.80e-01	8.33e-02
 9.40855e+22	1.46e-16	5.42e-12	1.12e-08	3.16e-06	2.68e-04	5.02e-03	2.34e-02	5.16e-02	4.69e-01	3.72e-01	7.89e-02
 9.49236e+22	1.86e-16	6.82e-12	1.39e-08	3.80e-06	3.16e-04	5.75e-03	2.59e-02	5.50e-02	4.78e-01	3.62e-01	7.32e-02
 9.57720e+22	2.26e-16	8.16e-12	1.63e-08	4.39e-06	3.58e-04	6.39e-03	2.81e-02	5.78e-02	4.84e-01	3.54e-01	6.90e-02
 9.66338e+22	2.86e-16	1.02e-11	2.01e-08	5.28e-06	4.22e-04	7.34e-03	3.12e-02	6.16e-02	4.93e-01	3.43e-01	6.36e-02
 9.75073e+22	3.45e-16	1.22e-11	2.37e-08	6.10e-06	4.79e-04	8.16e-03	3.38e-02	6.47e-02	4.99e-01	3.34e-01	5.97e-02
 9.83961e+22	4.35e-16	1.52e-11	2.92e-08	7.33e-06	5.64e-04	9.38e-03	3.76e-02	6.90e-02	5.07e-01	3.22e-01	5.47e-02
 9.93035e+22	5.21e-16	1.81e-11	3.43e-08	8.48e-06	6.43e-04	1.05e-02	4.08e-02	7.26e-02	5.12e-01	3.12e-01	5.09e-02
 1.00235e+23	6.49e-16	2.25e-11	4.21e-08	1.02e-05	7.58e-04	1.21e-02	4.55e-02	7.75e-02	5.19e-01	2.99e-01	4.62e-02
 1.01186e+23	7.70e-16	2.66e-11	4.95e-08	1.18e-05	8.65e-04	1.35e-02	4.95e-02	8.15e-02	5.23e-01	2.89e-01	4.26e-02
 1.02131e+23	9.35e-16	3.23e-11	5.97e-08	1.40e-05	1.01e-03	1.55e-02	5.48e-02	8.67e-02	5.28e-01	2.75e-01	3.85e-02
 1.03028e+23	1.07e-15	3.71e-11	6.83e-08	1.58e-05	1.13e-03	1.70e-02	5.90e-02	9.06e-02	5.31e-01	2.66e-01	3.57e-02
 1.03896e+23	1.25e-15	4.37e-11	8.05e-08	1.84e-05	1.30e-03	1.92e-02	6.47e-02	9.58e-02	5.33e-01	2.53e-01	3.22e-02
 1.04781e+23	1.41e-15	4.96e-11	9.16e-08	2.07e-05	1.46e-03	2.12e-02	6.96e-02	1.00e-01	5.35e-01	2.43e-01	2.96e-02
 1.05648e+23	1.61e-15	5.72e-11	1.06e-07	2.38e-05	1.66e-03	2.38e-02	7.58e-02	1.05e-01	5.36e-01	2.31e-01	2.67e-02
 1.06533e+23	1.78e-15	6.42e-11	1.20e-07	2.67e-05	1.85e-03	2.62e-02	8.15e-02	1.10e-01	5.35e-01	2.21e-01	2.44e-02
 1.07396e+23	1.97e-15	7.22e-11	1.36e-07	3.02e-05	2.08e-03	2.90e-02	8.81e-02	1.15e-01	5.34e-01	2.09e-01	2.20e-02
 1.08277e+23	2.14e-15	8.03e-11	1.53e-07	3.39e-05	2.33e-03	3.19e-02	9.45e-02	1.20e-01	5.32e-01	1.99e-01	1.99e-02
 1.09150e+23	2.31e-15	8.88e-11	1.72e-07	3.80e-05	2.60e-03	3.52e-02	1.01e-01	1.25e-01	5.30e-01	1.88e-01	1.80e-02
 1.10027e+23	2.47e-15	9.73e-11	1.91e-07	4.23e-05	2.89e-03	3.86e-02	1.08e-01	1.30e-01	5.26e-01	1.78e-01	1.62e-02
 1.10895e+23	2.61e-15	1.06e-10	2.12e-07	4.70e-05	3.20e-03	4.22e-02	1.16e-01	1.35e-01	5.21e-01	1.68e-01	1.46e-02
 1.11761e+23	2.73e-15	1.15e-10	2.35e-07	5.21e-05	3.54e-03	4.60e-02	1.23e-01	1.40e-01	5.16e-01	1.58e-01	1.31e-02
 1.12629e+23	2.85e-15	1.24e-10	2.59e-07	5.77e-05	3.91e-03	5.01e-02	1.31e-01	1.45e-01	5.10e-01	1.49e-01	1.17e-02
 1.13500e+23	2.95e-15	1.33e-10	2.85e-07	6.37e-05	4.31e-03	5.44e-02	1.38e-01	1.50e-01	5.03e-01	1.40e-01	1.05e-02
 1.14377e+23	3.03e-15	1.42e-10	3.13e-07	7.04e-05	4.75e-03	5.90e-02	1.46e-01	1.55e-01	4.95e-01	1.31e-01	9.38e-03
 1.15262e+23	3.11e-15	1.52e-10	3.44e-07	7.79e-05	5.24e-03	6.39e-02	1.54e-01	1.59e-01	4.86e-01	1.23e-01	8.36e-03
 1.16157e+23	3.19e-15	1.63e-10	3.79e-07	8.63e-05	5.77e-03	6.92e-02	1.62e-01	1.64e-01	4.77e-01	1.14e-01	7.43e-03
 1.17057e+23	3.25e-15	1.74e-10	4.17e-07	9.55e-05	6.36e-03	7.47e-02	1.70e-01	1.68e-01	4.67e-01	1.07e-01	6.60e-03
 1.17972e+23	3.32e-15	1.86e-10	4.61e-07	1.06e-04	7.02e-03	8.08e-02	1.78e-01	1.72e-01	4.57e-01	9.91e-02	5.83e-03
 1.18898e+23	3.39e-15	2.00e-10	5.10e-07	1.18e-04	7.73e-03	8.70e-02	1.86e-01	1.76e-01	4.45e-01	9.21e-02	5.16e-03
 1.19842e+23	3.47e-15	2.15e-10	5.67e-07	1.32e-04	8.56e-03	9.40e-02	1.94e-01	1.80e-01	4.33e-01	8.50e-02	4.52e-03
 1.20720e+23	3.55e-15	2.30e-10	6.21e-07	1.45e-04	9.30e-03	9.99e-02	2.01e-01	1.83e-01	4.23e-01	7.96e-02	4.07e-03
 1.21624e+23	3.64e-15	2.49e-10	6.98e-07	1.63e-04	1.03e-02	1.08e-01	2.09e-01	1.86e-01	4.09e-01	7.30e-02	3.54e-03
 1.22542e+23	3.75e-15	2.68e-10	7.70e-07	1.80e-04	1.12e-02	1.15e-01	2.16e-01	1.89e-01	3.98e-01	6.81e-02	3.16e-03
 1.23485e+23	3.87e-15	2.94e-10	8.75e-07	2.05e-04	1.25e-02	1.24e-01	2.24e-01	1.91e-01	3.83e-01	6.19e-02	2.72e-03
 1.24433e+23	4.06e-15	3.20e-10	9.74e-07	2.28e-04	1.37e-02	1.31e-01	2.31e-01	1.93e-01	3.72e-01	5.76e-02	2.43e-03
 1.25387e+23	4.26e-15	3.56e-10	1.12e-06	2.60e-04	1.52e-02	1.41e-01	2.38e-01	1.95e-01	3.56e-01	5.23e-02	2.09e-03
 1.26347e+23	4.50e-15	3.91e-10	1.25e-06	2.89e-04	1.66e-02	1.49e-01	2.44e-01	1.96e-01	3.44e-01	4.84e-02	1.86e-03
 1.27314e+23	4.80e-15	4.40e-10	1.45e-06	3.32e-04	1.85e-02	1.60e-01	2.51e-01	1.96e-01	3.28e-01	4.37e-02	1.59e-03
 1.28290e+23	5.13e-15	4.88e-10	1.63e-06	3.71e-04	2.01e-02	1.69e-01	2.56e-01	1.97e-01	3.16e-01	4.04e-02	1.40e-03
 1.29276e+23	5.59e-15	5.58e-10	1.91e-06	4.28e-04	2.25e-02	1.81e-01	2.62e-01	1.96e-01	3.00e-01	3.63e-02	1.20e-03
 1.30275e+23	6.07e-15	6.26e-10	2.16e-06	4.80e-04	2.45e-02	1.91e-01	2.67e-01	1.96e-01	2.87e-01	3.33e-02	1.05e-03
 1.31291e+23	6.76e-15	7.28e-10	2.56e-06	5.56e-04	2.73e-02	2.04e-01	2.72e-01	1.94e-01	2.71e-01	2.97e-02	8.89e-04
 1.32323e+23	7.48e-15	8.27e-10	2.93e-06	6.26e-04	2.98e-02	2.14e-01	2.76e-01	1.93e-01	2.59e-01	2.71e-02	7.77e-04
 1.33377e+23	8.54e-15	9.80e-10	3.50e-06	7.30e-04	3.32e-02	2.29e-01	2.80e-01	1.90e-01	2.42e-01	2.40e-02	6.50e-04
 1.34454e+23	9.66e-15	1.13e-09	4.05e-06	8.25e-04	3.63e-02	2.40e-01	2.83e-01	1.88e-01	2.30e-01	2.18e-02	5.64e-04
 1.35560e+23	1.14e-14	1.37e-09	4.89e-06	9.68e-04	4.06e-02	2.55e-01	2.85e-01	1.84e-01	2.14e-01	1.91e-02	4.66e-04
 1.36693e+23	1.32e-14	1.61e-09	5.72e-06	1.10e-03	4.43e-02	2.68e-01	2.87e-01	1.81e-01	2.01e-01	1.72e-02	4.00e-04
 1.37863e+23	1.60e-14	1.98e-09	7.01e-06	1.30e-03	4.97e-02	2.84e-01	2.88e-01	1.76e-01	1.85e-01	1.48e-02	3.26e-04
 1.38965e+23	1.85e-14	2.30e-09	8.02e-06	1.45e-03	5.34e-02	2.95e-01	2.89e-01	1.72e-01	1.75e-01	1.35e-02	2.85e-04
 1.39978e+23	2.24e-14	2.78e-09	9.57e-06	1.67e-03	5.87e-02	3.09e-01	2.89e-01	1.67e-01	1.63e-01	1.19e-02	2.38e-04
 1.40982e+23	2.60e-14	3.22e-09	1.09e-05	1.85e-03	6.28e-02	3.20e-01	2.88e-01	1.63e-01	1.53e-01	1.08e-02	2.08e-04
 1.41974e+23	3.16e-14	3.90e-09	1.30e-05	2.12e-03	6.87e-02	3.34e-01	2.86e-01	1.58e-01	1.42e-01	9.48e-03	1.74e-04
 1.42972e+23	3.71e-14	4.54e-09	1.48e-05	2.34e-03	7.33e-02	3.44e-01	2.85e-01	1.53e-01	1.34e-01	8.59e-03	1.51e-04
 1.43979e+23	4.59e-14	5.53e-09	1.77e-05	2.68e-03	7.99e-02	3.57e-01	2.82e-01	1.48e-01	1.23e-01	7.52e-03	1.26e-04
 1.45004e+23	5.47e-14	6.49e-09	2.02e-05	2.97e-03	8.52e-02	3.67e-01	2.80e-01	1.43e-01	1.15e-01	6.76e-03	1.09e-04
 1.46052e+23	6.89e-14	8.00e-09	2.42e-05	3.40e-03	9.27e-02	3.81e-01	2.76e-01	1.37e-01	1.05e-01	5.86e-03	8.96e-05
 1.47116e+23	8.30e-14	9.44e-09	2.78e-05	3.77e-03	9.88e-02	3.90e-01	2.72e-01	1.31e-01	9.80e-02	5.25e-03	7.70e-05
 1.48198e+23	1.06e-13	1.17e-08	3.34e-05	4.31e-03	1.07e-01	4.03e-01	2.67e-01	1.25e-01	8.90e-02	4.51e-03	6.29e-05
 1.49303e+23	1.30e-13	1.40e-08	3.85e-05	4.78e-03	1.14e-01	4.12e-01	2.63e-01	1.20e-01	8.24e-02	4.01e-03	5.36e-05
 1.50438e+23	1.69e-13	1.76e-08	4.65e-05	5.48e-03	1.24e-01	4.24e-01	2.56e-01	1.13e-01	7.42e-02	3.41e-03	4.31e-05
 1.51597e+23	2.09e-13	2.10e-08	5.38e-05	6.08e-03	1.32e-01	4.33e-01	2.51e-01	1.07e-01	6.83e-02	3.01e-03	3.64e-05
 1.52786e+23	2.77e-13	2.67e-08	6.52e-05	6.98e-03	1.43e-01	4.43e-01	2.43e-01	1.01e-01	6.09e-02	2.53e-03	2.89e-05
 1.54002e+23	3.47e-13	3.22e-08	7.58e-05	7.76e-03	1.52e-01	4.51e-01	2.37e-01	9.51e-02	5.56e-02	2.21e-03	2.41e-05
 1.55251e+23	4.66e-13	4.12e-08	9.22e-05	8.90e-03	1.64e-01	4.60e-01	2.28e-01	8.83e-02	4.92e-02	1.84e-03	1.89e-05
 1.56516e+23	5.86e-13	4.98e-08	1.07e-04	9.88e-03	1.74e-01	4.66e-01	2.21e-01	8.31e-02	4.47e-02	1.59e-03	1.57e-05
 1.57801e+23	7.96e-13	6.42e-08	1.30e-04	1.13e-02	1.87e-01	4.73e-01	2.11e-01	7.66e-02	3.92e-02	1.31e-03	1.22e-05
 1.59100e+23	1.00e-12	7.77e-08	1.51e-04	1.25e-02	1.98e-01	4.77e-01	2.04e-01	7.17e-02	3.54e-02	1.13e-03	1.00e-05
 1.60417e+23	1.37e-12	1.00e-07	1.84e-04	1.43e-02	2.12e-01	4.82e-01	1.94e-01	6.57e-02	3.08e-02	9.28e-04	7.70e-06
 1.61706e+23	1.71e-12	1.20e-07	2.11e-04	1.57e-02	2.22e-01	4.85e-01	1.87e-01	6.15e-02	2.79e-02	8.05e-04	6.39e-06
 1.62959e+23	2.29e-12	1.52e-07	2.53e-04	1.77e-02	2.37e-01	4.87e-01	1.77e-01	5.63e-02	2.44e-02	6.63e-04	4.97e-06
 1.64257e+23	2.89e-12	1.83e-07	2.92e-04	1.95e-02	2.48e-01	4.88e-01	1.70e-01	5.23e-02	2.19e-02	5.67e-04	4.06e-06
 1.65364e+23	3.56e-12	2.16e-07	3.31e-04	2.12e-02	2.59e-01	4.88e-01	1.63e-01	4.90e-02	1.99e-02	4.93e-04	3.38e-06
 1.66551e+23	4.66e-12	2.68e-07	3.90e-04	2.36e-02	2.72e-01	4.87e-01	1.54e-01	4.49e-02	1.75e-02	4.10e-04	2.66e-06
 1.67746e+23	5.75e-12	3.17e-07	4.42e-04	2.56e-02	2.83e-01	4.85e-01	1.48e-01	4.19e-02	1.58e-02	3.55e-04	2.21e-06
 1.68952e+23	7.48e-12	3.91e-07	5.17e-04	2.83e-02	2.97e-01	4.83e-01	1.40e-01	3.83e-02	1.38e-02	2.95e-04	1.74e-06
 1.70195e+23	9.45e-12	4.71e-07	5.94e-04	3.09e-02	3.09e-01	4.79e-01	1.32e-01	3.53e-02	1.23e-02	2.50e-04	1.41e-06
 1.71298e+23	1.16e-11	5.56e-07	6.72e-04	3.35e-02	3.20e-01	4.76e-01	1.26e-01	3.28e-02	1.11e-02	2.15e-04	1.16e-06
 1.72543e+23	1.51e-11	6.84e-07	7.84e-04	3.69e-02	3.34e-01	4.71e-01	1.18e-01	2.98e-02	9.66e-03	1.78e-04	9.10e-07
 1.73853e+23	1.93e-11	8.28e-07	9.03e-04	4.03e-02	3.46e-01	4.65e-01	1.11e-01	2.73e-02	8.51e-03	1.49e-04	7.24e-07
 1.75046e+23	2.41e-11	9.87e-07	1.03e-03	4.37e-02	3.58e-01	4.59e-01	1.05e-01	2.51e-02	7.55e-03	1.26e-04	5.85e-07
 1.76391e+23	3.18e-11	1.23e-06	1.21e-03	4.83e-02	3.73e-01	4.51e-01	9.77e-02	2.25e-02	6.49e-03	1.02e-04	4.48e-07
 1.77778e+23	4.07e-11	1.49e-06	1.39e-03	5.26e-02	3.86e-01	4.43e-01	9.13e-02	2.05e-02	5.67e-03	8.48e-05	3.52e-07
 1.79011e+23	5.11e-11	1.78e-06	1.58e-03	5.69e-02	3.97e-01	4.35e-01	8.56e-02	1.87e-02	4.99e-03	7.11e-05	2.81e-07
 1.80404e+23	6.77e-11	2.22e-06	1.86e-03	6.27e-02	4.11e-01	4.24e-01	7.89e-02	1.67e-02	4.25e-03	5.70e-05	2.12e-07
 1.81850e+23	8.71e-11	2.70e-06	2.14e-03	6.82e-02	4.24e-01	4.14e-01	7.31e-02	1.50e-02	3.67e-03	4.66e-05	1.65e-07
 1.83149e+23	1.10e-10	3.23e-06	2.44e-03	7.37e-02	4.35e-01	4.04e-01	6.80e-02	1.36e-02	3.20e-03	3.86e-05	1.30e-07
 1.84620e+23	1.48e-10	4.07e-06	2.88e-03	8.12e-02	4.49e-01	3.91e-01	6.18e-02	1.20e-02	2.68e-03	3.03e-05	0.00e+00
 1.86140e+23	1.90e-10	4.95e-06	3.31e-03	8.81e-02	4.60e-01	3.79e-01	5.69e-02	1.07e-02	2.30e-03	2.46e-05	0.00e+00
 1.87724e+23	2.60e-10	6.30e-06	3.93e-03	9.73e-02	4.73e-01	3.64e-01	5.11e-02	9.32e-03	1.90e-03	1.89e-05	0.00e+00
 1.89323e+23	3.35e-10	7.67e-06	4.52e-03	1.05e-01	4.83e-01	3.51e-01	4.67e-02	8.29e-03	1.61e-03	1.52e-05	0.00e+00
 1.90727e+23	4.29e-10	9.26e-06	5.17e-03	1.13e-01	4.92e-01	3.38e-01	4.27e-02	7.40e-03	1.38e-03	1.23e-05	0.00e+00
 1.92336e+23	5.87e-10	1.18e-05	6.13e-03	1.25e-01	5.02e-01	3.22e-01	3.80e-02	6.38e-03	1.12e-03	9.28e-06	0.00e+00
 1.93966e+23	7.58e-10	1.43e-05	7.03e-03	1.34e-01	5.10e-01	3.08e-01	3.44e-02	5.64e-03	9.47e-04	7.38e-06	0.00e+00
 1.95625e+23	1.03e-09	1.82e-05	8.30e-03	1.47e-01	5.18e-01	2.91e-01	3.04e-02	4.83e-03	7.67e-04	5.55e-06	0.00e+00
 1.97310e+23	1.34e-09	2.21e-05	9.52e-03	1.58e-01	5.23e-01	2.77e-01	2.74e-02	4.24e-03	6.41e-04	4.36e-06	0.00e+00
 1.98804e+23	1.72e-09	2.68e-05	1.09e-02	1.69e-01	5.28e-01	2.63e-01	2.46e-02	3.73e-03	5.37e-04	3.44e-06	0.00e+00
 2.00522e+23	2.38e-09	3.42e-05	1.29e-02	1.85e-01	5.32e-01	2.46e-01	2.14e-02	3.15e-03	4.26e-04	2.52e-06	0.00e+00
 2.02261e+23	3.07e-09	4.15e-05	1.47e-02	1.97e-01	5.34e-01	2.32e-01	1.91e-02	2.75e-03	3.53e-04	1.97e-06	0.00e+00
 2.04029e+23	4.25e-09	5.31e-05	1.74e-02	2.14e-01	5.35e-01	2.15e-01	1.65e-02	2.30e-03	2.77e-04	1.42e-06	0.00e+00
 2.05821e+23	5.50e-09	6.44e-05	1.98e-02	2.28e-01	5.34e-01	2.01e-01	1.46e-02	1.99e-03	2.27e-04	1.09e-06	0.00e+00
 2.07643e+23	7.64e-09	8.24e-05	2.34e-02	2.47e-01	5.31e-01	1.84e-01	1.24e-02	1.65e-03	1.76e-04	7.78e-07	0.00e+00
 2.09432e+23	9.73e-09	9.87e-05	2.64e-02	2.61e-01	5.28e-01	1.72e-01	1.10e-02	1.43e-03	1.45e-04	6.03e-07	0.00e+00
 2.11176e+23	1.33e-08	1.24e-04	3.08e-02	2.80e-01	5.21e-01	1.57e-01	9.36e-03	1.19e-03	1.13e-04	4.32e-07	0.00e+00
 2.12859e+23	1.64e-08	1.46e-04	3.43e-02	2.93e-01	5.16e-01	1.47e-01	8.35e-03	1.04e-03	9.41e-05	3.41e-07	0.00e+00
 2.14464e+23	2.17e-08	1.79e-04	3.92e-02	3.10e-01	5.07e-01	1.35e-01	7.18e-03	8.76e-04	7.44e-05	2.50e-07	0.00e+00
 2.16071e+23	2.69e-08	2.10e-04	4.35e-02	3.24e-01	5.00e-01	1.25e-01	6.36e-03	7.64e-04	6.17e-05	1.96e-07	0.00e+00
 2.17681e+23	3.52e-08	2.56e-04	4.96e-02	3.41e-01	4.89e-01	1.14e-01	5.45e-03	6.41e-04	4.86e-05	1.43e-07	0.00e+00
 2.19332e+23	4.40e-08	3.02e-04	5.52e-02	3.56e-01	4.78e-01	1.05e-01	4.78e-03	5.51e-04	3.97e-05	0.00e+00	0.00e+00
 2.20815e+23	5.47e-08	3.54e-04	6.11e-02	3.69e-01	4.67e-01	9.70e-02	4.19e-03	4.75e-04	3.25e-05	0.00e+00	0.00e+00
 2.22519e+23	7.21e-08	4.33e-04	6.96e-02	3.87e-01	4.52e-01	8.70e-02	3.53e-03	3.91e-04	2.50e-05	0.00e+00	0.00e+00
 2.24243e+23	9.04e-08	5.10e-04	7.72e-02	4.01e-01	4.39e-01	7.93e-02	3.05e-03	3.33e-04	2.01e-05	0.00e+00	0.00e+00
 2.25991e+23	1.18e-07	6.19e-04	8.73e-02	4.17e-01	4.22e-01	7.07e-02	2.56e-03	2.73e-04	1.55e-05	0.00e+00	0.00e+00
 2.27693e+23	1.45e-07	7.20e-04	9.59e-02	4.29e-01	4.08e-01	6.44e-02	2.23e-03	2.33e-04	1.25e-05	0.00e+00	0.00e+00
 2.29036e+23	1.74e-07	8.19e-04	1.04e-01	4.39e-01	3.95e-01	5.93e-02	1.97e-03	2.03e-04	1.04e-05	0.00e+00	0.00e+00
 2.30482e+23	2.16e-07	9.56e-04	1.14e-01	4.50e-01	3.79e-01	5.35e-02	1.69e-03	1.71e-04	8.29e-06	0.00e+00	0.00e+00
 2.31970e+23	2.59e-07	1.09e-03	1.24e-01	4.59e-01	3.65e-01	4.88e-02	1.48e-03	1.47e-04	6.80e-06	0.00e+00	0.00e+00
 2.33305e+23	3.09e-07	1.24e-03	1.34e-01	4.67e-01	3.52e-01	4.46e-02	1.30e-03	1.27e-04	5.60e-06	0.00e+00	0.00e+00
 2.34833e+23	3.85e-07	1.45e-03	1.47e-01	4.76e-01	3.34e-01	3.97e-02	1.10e-03	1.05e-04	4.37e-06	0.00e+00	0.00e+00
 2.36376e+23	4.62e-07	1.65e-03	1.59e-01	4.83e-01	3.19e-01	3.59e-02	9.55e-04	8.95e-05	3.55e-06	0.00e+00	0.00e+00
 2.37728e+23	5.50e-07	1.86e-03	1.71e-01	4.89e-01	3.05e-01	3.25e-02	8.32e-04	7.65e-05	2.89e-06	0.00e+00	0.00e+00
 2.39274e+23	6.81e-07	2.17e-03	1.87e-01	4.95e-01	2.87e-01	2.86e-02	6.99e-04	6.27e-05	2.24e-06	0.00e+00	0.00e+00
 2.40848e+23	8.14e-07	2.46e-03	2.01e-01	4.98e-01	2.72e-01	2.56e-02	6.02e-04	5.29e-05	1.80e-06	0.00e+00	0.00e+00
 2.42245e+23	9.68e-07	2.77e-03	2.15e-01	5.01e-01	2.58e-01	2.30e-02	5.19e-04	4.47e-05	1.45e-06	0.00e+00	0.00e+00
 2.43849e+23	1.20e-06	3.21e-03	2.34e-01	5.03e-01	2.40e-01	1.99e-02	4.31e-04	3.60e-05	1.10e-06	0.00e+00	0.00e+00
 2.45469e+23	1.43e-06	3.63e-03	2.50e-01	5.03e-01	2.25e-01	1.77e-02	3.67e-04	3.00e-05	8.71e-07	0.00e+00	0.00e+00
 2.46892e+23	1.69e-06	4.08e-03	2.67e-01	5.02e-01	2.11e-01	1.57e-02	3.14e-04	2.51e-05	6.94e-07	0.00e+00	0.00e+00
 2.48527e+23	2.08e-06	4.70e-03	2.88e-01	4.99e-01	1.95e-01	1.35e-02	2.58e-04	2.00e-05	5.20e-07	0.00e+00	0.00e+00
 2.50193e+23	2.48e-06	5.29e-03	3.07e-01	4.95e-01	1.81e-01	1.18e-02	2.18e-04	1.64e-05	4.07e-07	0.00e+00	0.00e+00
 2.51897e+23	3.06e-06	6.10e-03	3.31e-01	4.89e-01	1.64e-01	9.98e-03	1.76e-04	1.28e-05	2.99e-07	0.00e+00	0.00e+00
 2.53621e+23	3.65e-06	6.86e-03	3.51e-01	4.82e-01	1.51e-01	8.64e-03	1.47e-04	1.04e-05	2.30e-07	0.00e+00	0.00e+00
 2.55373e+23	4.50e-06	7.89e-03	3.77e-01	4.72e-01	1.36e-01	7.22e-03	1.17e-04	7.99e-06	1.67e-07	0.00e+00	0.00e+00
 2.57158e+23	5.36e-06	8.86e-03	3.99e-01	4.62e-01	1.24e-01	6.17e-03	9.69e-05	6.37e-06	1.26e-07	0.00e+00	0.00e+00
 2.58748e+23	6.34e-06	9.89e-03	4.21e-01	4.51e-01	1.13e-01	5.29e-03	8.01e-05	5.10e-06	0.00e+00	0.00e+00	0.00e+00
 2.60573e+23	7.80e-06	1.13e-02	4.48e-01	4.36e-01	9.99e-02	4.33e-03	6.30e-05	3.83e-06	0.00e+00	0.00e+00	0.00e+00
 2.62444e+23	9.29e-06	1.27e-02	4.72e-01	4.22e-01	8.95e-02	3.64e-03	5.10e-05	2.99e-06	0.00e+00	0.00e+00	0.00e+00
 2.63870e+23	1.05e-05	1.37e-02	4.88e-01	4.12e-01	8.28e-02	3.21e-03	4.40e-05	2.50e-06	0.00e+00	0.00e+00	0.00e+00
 2.65221e+23	1.22e-05	1.51e-02	5.09e-01	3.99e-01	7.48e-02	2.74e-03	3.64e-05	2.00e-06	0.00e+00	0.00e+00	0.00e+00
 2.66603e+23	1.37e-05	1.62e-02	5.25e-01	3.88e-01	6.89e-02	2.41e-03	3.13e-05	1.67e-06	0.00e+00	0.00e+00	0.00e+00
 2.68025e+23	1.59e-05	1.79e-02	5.46e-01	3.73e-01	6.16e-02	2.04e-03	2.56e-05	1.31e-06	0.00e+00	0.00e+00	0.00e+00
 2.69462e+23	1.80e-05	1.93e-02	5.63e-01	3.60e-01	5.61e-02	1.76e-03	2.17e-05	1.07e-06	0.00e+00	0.00e+00	0.00e+00
 2.70919e+23	2.09e-05	2.12e-02	5.83e-01	3.44e-01	4.99e-02	1.48e-03	1.77e-05	8.40e-07	0.00e+00	0.00e+00	0.00e+00
 2.72405e+23	2.37e-05	2.29e-02	6.00e-01	3.31e-01	4.50e-02	1.27e-03	1.48e-05	6.76e-07	0.00e+00	0.00e+00	0.00e+00
 2.73728e+23	2.67e-05	2.46e-02	6.16e-01	3.17e-01	4.07e-02	1.09e-03	1.24e-05	5.49e-07	0.00e+00	0.00e+00	0.00e+00
 2.75245e+23	3.11e-05	2.70e-02	6.36e-01	3.00e-01	3.56e-02	9.01e-04	9.95e-06	4.19e-07	0.00e+00	0.00e+00	0.00e+00
 2.76782e+23	3.52e-05	2.91e-02	6.52e-01	2.86e-01	3.19e-02	7.65e-04	8.25e-06	3.35e-07	0.00e+00	0.00e+00	0.00e+00
 2.78347e+23	4.08e-05	3.18e-02	6.70e-01	2.70e-01	2.77e-02	6.27e-04	6.57e-06	2.53e-07	0.00e+00	0.00e+00	0.00e+00
 2.79948e+23	4.65e-05	3.44e-02	6.86e-01	2.55e-01	2.44e-02	5.24e-04	5.35e-06	1.98e-07	0.00e+00	0.00e+00	0.00e+00
 2.81596e+23	5.45e-05	3.78e-02	7.04e-01	2.37e-01	2.08e-02	4.19e-04	4.14e-06	1.45e-07	0.00e+00	0.00e+00	0.00e+00
 2.83246e+23	6.17e-05	4.07e-02	7.17e-01	2.24e-01	1.84e-02	3.51e-04	3.38e-06	0.00e+00	0.00e+00	0.00e+00	0.00e+00
 2.84899e+23	7.20e-05	4.45e-02	7.33e-01	2.07e-01	1.56e-02	2.80e-04	2.61e-06	0.00e+00	0.00e+00	0.00e+00	0.00e+00
 2.86595e+23	8.22e-05	4.80e-02	7.45e-01	1.93e-01	1.35e-02	2.30e-04	2.09e-06	0.00e+00	0.00e+00	0.00e+00	0.00e+00
 2.88349e+23	9.68e-05	5.27e-02	7.59e-01	1.76e-01	1.12e-02	1.79e-04	1.57e-06	0.00e+00	0.00e+00	0.00e+00	0.00e+00
 2.90101e+23	1.10e-04	5.67e-02	7.70e-01	1.64e-01	9.68e-03	1.47e-04	1.25e-06	0.00e+00	0.00e+00	0.00e+00	0.00e+00
 2.91851e+23	1.29e-04	6.19e-02	7.81e-01	1.49e-01	8.01e-03	1.14e-04	9.43e-07	0.00e+00	0.00e+00	0.00e+00	0.00e+00
 2.93628e+23	1.48e-04	6.67e-02	7.89e-01	1.37e-01	6.83e-03	9.23e-05	7.41e-07	0.00e+00	0.00e+00	0.00e+00	0.00e+00
 2.95439e+23	1.74e-04	7.29e-02	7.98e-01	1.23e-01	5.56e-03	7.06e-05	5.46e-07	0.00e+00	0.00e+00	0.00e+00	0.00e+00
 2.97247e+23	2.00e-04	7.84e-02	8.04e-01	1.13e-01	4.70e-03	5.68e-05	4.27e-07	0.00e+00	0.00e+00	0.00e+00	0.00e+00
 2.99053e+23	2.36e-04	8.57e-02	8.10e-01	1.00e-01	3.78e-03	4.30e-05	3.11e-07	0.00e+00	0.00e+00	0.00e+00	0.00e+00
 3.00860e+23	2.71e-04	9.21e-02	8.14e-01	9.09e-02	3.17e-03	3.44e-05	2.40e-07	0.00e+00	0.00e+00	0.00e+00	0.00e+00
 3.02668e+23	3.23e-04	1.01e-01	8.16e-01	7.99e-02	2.52e-03	2.57e-05	1.72e-07	0.00e+00	0.00e+00	0.00e+00	0.00e+00
 3.04472e+23	3.73e-04	1.08e-01	8.17e-01	7.19e-02	2.09e-03	2.03e-05	1.32e-07	0.00e+00	0.00e+00	0.00e+00	0.00e+00
 3.06032e+23	4.29e-04	1.16e-01	8.17e-01	6.45e-02	1.73e-03	1.61e-05	0.00e+00	0.00e+00	0.00e+00	0.00e+00	0.00e+00
 3.07583e+23	4.96e-04	1.24e-01	8.16e-01	5.76e-02	1.42e-03	1.27e-05	0.00e+00	0.00e+00	0.00e+00	0.00e+00	0.00e+00
 3.08462e+23	5.23e-04	1.27e-01	8.16e-01	5.60e-02	1.36e-03	1.20e-05	0.00e+00	0.00e+00	0.00e+00	0.00e+00	0.00e+00
