#depth	Ar	Ar+	Ar+2	Ar+3	Ar+4	Ar+5	Ar+6	Ar+7	Ar+8	Ar+9	Ar+10	Ar+11	Ar+12	Ar+13	Ar+14	Ar+15	Ar+16	Ar+17	Ar+18
 1.54284e+22	0.00e+00	7.75e-31	2.75e-25	4.10e-22	3.51e-19	1.16e-16	2.22e-14	4.87e-12	2.68e-09	1.88e-07	6.26e-06	9.76e-05	1.06e-03	5.61e-03	1.84e-02	6.45e-02	4.15e-01	3.80e-01	1.15e-01
 3.52210e+22	0.00e+00	1.91e-28	5.10e-23	5.32e-20	3.02e-17	6.43e-15	7.80e-13	1.07e-10	5.03e-08	2.80e-06	7.01e-05	7.79e-04	6.04e-03	2.17e-02	4.65e-02	1.07e-01	4.72e-01	2.88e-01	5.82e-02
 4.17673e+22	0.00e+00	3.12e-27	7.23e-22	6.19e-19	2.79e-16	4.66e-14	4.38e-12	4.68e-10	2.12e-07	1.07e-05	2.31e-04	2.16e-03	1.40e-02	4.11e-02	7.03e-02	1.30e-01	4.72e-01	2.33e-01	3.81e-02
 4.50404e+22	0.00e+00	1.33e-26	2.87e-21	2.19e-18	8.72e-16	1.27e-13	1.04e-11	9.68e-10	4.37e-07	2.10e-05	4.24e-04	3.60e-03	2.14e-02	5.62e-02	8.53e-02	1.40e-01	4.60e-01	2.03e-01	2.98e-02
 4.64042e+22	4.46e-33	1.93e-26	4.08e-21	3.03e-18	1.17e-15	1.64e-13	1.30e-11	1.16e-09	5.24e-07	2.49e-05	4.94e-04	4.10e-03	2.38e-02	6.07e-02	8.94e-02	1.42e-01	4.56e-01	1.95e-01	2.78e-02
 4.69015e+22	6.19e-33	2.63e-26	5.49e-21	3.98e-18	1.49e-15	2.03e-13	1.55e-11	1.35e-09	6.10e-07	2.87e-05	5.61e-04	4.56e-03	2.60e-02	6.47e-02	9.29e-02	1.44e-01	4.52e-01	1.89e-01	2.63e-02
 4.73259e+22	8.24e-33	3.45e-26	7.12e-21	5.04e-18	1.84e-15	2.45e-13	1.82e-11	1.54e-09	6.96e-07	3.25e-05	6.27e-04	5.01e-03	2.80e-02	6.84e-02	9.60e-02	1.45e-01	4.48e-01	1.83e-01	2.50e-02
 4.77855e+22	1.18e-32	4.88e-26	9.89e-21	6.81e-18	2.40e-15	3.09e-13	2.22e-11	1.81e-09	8.23e-07	3.81e-05	7.22e-04	5.64e-03	3.08e-02	7.33e-02	9.99e-02	1.47e-01	4.43e-01	1.76e-01	2.34e-02
 4.82538e+22	1.59e-32	6.46e-26	1.29e-20	8.70e-18	2.99e-15	3.75e-13	2.61e-11	2.07e-09	9.43e-07	4.33e-05	8.09e-04	6.20e-03	3.33e-02	7.74e-02	1.03e-01	1.48e-01	4.38e-01	1.71e-01	2.21e-02
 4.87333e+22	2.37e-32	9.46e-26	1.86e-20	1.21e-17	4.01e-15	4.83e-13	3.23e-11	2.47e-09	1.13e-06	5.13e-05	9.42e-04	7.05e-03	3.69e-02	8.34e-02	1.08e-01	1.50e-01	4.31e-01	1.63e-01	2.05e-02
 4.92049e+22	3.17e-32	1.25e-25	2.42e-20	1.54e-17	4.97e-15	5.82e-13	3.78e-11	2.81e-09	1.29e-06	5.81e-05	1.05e-03	7.73e-03	3.98e-02	8.78e-02	1.11e-01	1.51e-01	4.25e-01	1.57e-01	1.94e-02
 4.96662e+22	4.76e-32	1.84e-25	3.50e-20	2.15e-17	6.67e-15	7.50e-13	4.66e-11	3.32e-09	1.54e-06	6.89e-05	1.23e-03	8.78e-03	4.41e-02	9.45e-02	1.15e-01	1.52e-01	4.17e-01	1.49e-01	1.78e-02
 5.01208e+22	6.32e-32	2.41e-25	4.53e-20	2.72e-17	8.22e-15	8.98e-13	5.42e-11	3.76e-09	1.75e-06	7.77e-05	1.36e-03	9.59e-03	4.73e-02	9.93e-02	1.18e-01	1.52e-01	4.11e-01	1.44e-01	1.68e-02
 5.05668e+22	9.20e-32	3.45e-25	6.38e-20	3.70e-17	1.08e-14	1.14e-12	6.59e-11	4.40e-09	2.06e-06	9.08e-05	1.57e-03	1.08e-02	5.19e-02	1.06e-01	1.22e-01	1.53e-01	4.02e-01	1.37e-01	1.56e-02
 5.10285e+22	1.27e-31	4.71e-25	8.59e-20	4.83e-17	1.37e-14	1.39e-12	7.78e-11	5.02e-09	2.37e-06	1.04e-04	1.77e-03	1.19e-02	5.62e-02	1.12e-01	1.26e-01	1.53e-01	3.94e-01	1.31e-01	1.45e-02
 5.14285e+22	1.70e-31	6.18e-25	1.11e-19	6.11e-17	1.68e-14	1.66e-12	9.01e-11	5.65e-09	2.68e-06	1.17e-04	1.96e-03	1.30e-02	6.01e-02	1.17e-01	1.29e-01	1.53e-01	3.87e-01	1.26e-01	1.36e-02
 5.18661e+22	2.53e-31	9.08e-25	1.61e-19	8.49e-17	2.24e-14	2.12e-12	1.10e-10	6.60e-09	3.17e-06	1.37e-04	2.27e-03	1.46e-02	6.61e-02	1.25e-01	1.33e-01	1.53e-01	3.76e-01	1.18e-01	1.24e-02
 5.22989e+22	3.36e-31	1.19e-24	2.07e-19	1.07e-16	2.74e-14	2.52e-12	1.27e-10	7.40e-09	3.58e-06	1.54e-04	2.51e-03	1.59e-02	7.05e-02	1.30e-01	1.36e-01	1.52e-01	3.68e-01	1.13e-01	1.16e-02
 5.27255e+22	4.97e-31	1.73e-24	2.97e-19	1.47e-16	3.62e-14	3.19e-12	1.53e-10	8.58e-09	4.21e-06	1.80e-04	2.88e-03	1.78e-02	7.71e-02	1.38e-01	1.39e-01	1.51e-01	3.56e-01	1.06e-01	1.06e-02
 5.31452e+22	6.53e-31	2.24e-24	3.81e-19	1.84e-16	4.41e-14	3.76e-12	1.76e-10	9.55e-09	4.72e-06	2.01e-04	3.17e-03	1.92e-02	8.19e-02	1.44e-01	1.42e-01	1.50e-01	3.48e-01	1.02e-01	9.92e-03
 5.35560e+22	9.65e-31	3.26e-24	5.44e-19	2.53e-16	5.80e-14	4.74e-12	2.11e-10	1.10e-08	5.52e-06	2.34e-04	3.63e-03	2.15e-02	8.93e-02	1.52e-01	1.45e-01	1.49e-01	3.36e-01	9.50e-02	8.99e-03
 5.39649e+22	1.27e-30	4.24e-24	7.00e-19	3.16e-16	7.06e-14	5.60e-12	2.42e-10	1.22e-08	6.18e-06	2.60e-04	3.99e-03	2.32e-02	9.47e-02	1.58e-01	1.47e-01	1.48e-01	3.27e-01	9.04e-02	8.37e-03
 5.43716e+22	1.88e-30	6.18e-24	1.00e-18	4.34e-16	9.29e-14	7.04e-12	2.90e-10	1.40e-08	7.20e-06	3.02e-04	4.55e-03	2.58e-02	1.03e-01	1.66e-01	1.50e-01	1.45e-01	3.14e-01	8.41e-02	7.55e-03
 5.47804e+22	2.51e-30	8.13e-24	1.30e-18	5.49e-16	1.14e-13	8.34e-12	3.32e-10	1.56e-08	8.07e-06	3.37e-04	5.01e-03	2.79e-02	1.09e-01	1.72e-01	1.52e-01	1.44e-01	3.04e-01	7.96e-02	6.98e-03
 5.51922e+22	3.75e-30	1.20e-23	1.88e-18	7.59e-16	1.50e-13	1.05e-11	3.98e-10	1.79e-08	9.41e-06	3.91e-04	5.71e-03	3.10e-02	1.18e-01	1.81e-01	1.54e-01	1.41e-01	2.90e-01	7.35e-02	6.24e-03
 5.56071e+22	5.07e-30	1.59e-23	2.48e-18	9.67e-16	1.85e-13	1.25e-11	4.58e-10	1.99e-08	1.06e-05	4.36e-04	6.29e-03	3.34e-02	1.25e-01	1.87e-01	1.55e-01	1.39e-01	2.80e-01	6.91e-02	5.73e-03
 5.60262e+22	7.54e-30	2.33e-23	3.56e-18	1.33e-15	2.44e-13	1.57e-11	5.48e-10	2.27e-08	1.23e-05	5.03e-04	7.13e-03	3.69e-02	1.34e-01	1.95e-01	1.56e-01	1.35e-01	2.66e-01	6.35e-02	5.10e-03
 5.64425e+22	1.02e-29	3.12e-23	4.70e-18	1.70e-15	3.01e-13	1.87e-11	6.28e-10	2.52e-08	1.37e-05	5.61e-04	7.83e-03	3.98e-02	1.42e-01	2.01e-01	1.57e-01	1.32e-01	2.55e-01	5.94e-02	4.65e-03
 5.68552e+22	1.52e-29	4.57e-23	6.76e-18	2.34e-15	3.96e-13	2.35e-11	7.50e-10	2.88e-08	1.58e-05	6.45e-04	8.84e-03	4.38e-02	1.52e-01	2.09e-01	1.58e-01	1.29e-01	2.41e-01	5.43e-02	4.12e-03
 5.72730e+22	2.09e-29	6.18e-23	9.02e-18	3.01e-15	4.91e-13	2.81e-11	8.62e-10	3.19e-08	1.77e-05	7.18e-04	9.71e-03	4.71e-02	1.60e-01	2.15e-01	1.58e-01	1.25e-01	2.30e-01	5.05e-02	3.73e-03
 5.76973e+22	3.16e-29	9.17e-23	1.31e-17	4.19e-15	6.51e-13	3.54e-11	1.03e-09	3.65e-08	2.05e-05	8.25e-04	1.09e-02	5.17e-02	1.71e-01	2.22e-01	1.58e-01	1.21e-01	2.16e-01	4.57e-02	3.26e-03
 5.81271e+22	4.38e-29	1.25e-22	1.77e-17	5.43e-15	8.12e-13	4.26e-11	1.19e-09	4.05e-08	2.29e-05	9.19e-04	1.20e-02	5.55e-02	1.80e-01	2.27e-01	1.57e-01	1.17e-01	2.05e-01	4.22e-02	2.93e-03
 5.85639e+22	6.70e-29	1.88e-22	2.61e-17	7.62e-15	1.08e-12	5.40e-11	1.43e-09	4.65e-08	2.64e-05	1.05e-03	1.35e-02	6.07e-02	1.92e-01	2.34e-01	1.56e-01	1.12e-01	1.90e-01	3.78e-02	2.53e-03
 5.90028e+22	9.30e-29	2.58e-22	3.51e-17	9.88e-15	1.35e-12	6.49e-11	1.65e-09	5.16e-08	2.94e-05	1.17e-03	1.47e-02	6.50e-02	2.00e-01	2.39e-01	1.55e-01	1.08e-01	1.80e-01	3.47e-02	2.26e-03
 5.94447e+22	1.43e-28	3.89e-22	5.20e-17	1.39e-14	1.81e-12	8.25e-11	1.99e-09	5.92e-08	3.38e-05	1.33e-03	1.65e-02	7.07e-02	2.12e-01	2.44e-01	1.53e-01	1.03e-01	1.66e-01	3.09e-02	1.94e-03
 5.98761e+22	1.94e-28	5.21e-22	6.86e-17	1.77e-14	2.23e-12	9.78e-11	2.27e-09	6.54e-08	3.73e-05	1.46e-03	1.78e-02	7.50e-02	2.20e-01	2.48e-01	1.51e-01	9.95e-02	1.57e-01	2.85e-02	1.74e-03
 6.02938e+22	2.89e-28	7.61e-22	9.85e-17	2.42e-14	2.91e-12	1.22e-10	2.70e-09	7.44e-08	4.22e-05	1.65e-03	1.97e-02	8.07e-02	2.31e-01	2.52e-01	1.48e-01	9.46e-02	1.45e-01	2.54e-02	1.50e-03
 6.07201e+22	3.98e-28	1.03e-21	1.32e-16	3.12e-14	3.61e-12	1.46e-10	3.11e-09	8.25e-08	4.65e-05	1.81e-03	2.13e-02	8.54e-02	2.39e-01	2.54e-01	1.46e-01	9.08e-02	1.37e-01	2.32e-02	1.33e-03
 6.11573e+22	5.99e-28	1.53e-21	1.91e-16	4.30e-14	4.76e-12	1.83e-10	3.72e-09	9.43e-08	5.26e-05	2.03e-03	2.34e-02	9.17e-02	2.50e-01	2.57e-01	1.43e-01	8.58e-02	1.26e-01	2.06e-02	1.14e-03
 6.16014e+22	8.24e-28	2.07e-21	2.54e-16	5.53e-14	5.90e-12	2.19e-10	4.28e-09	1.05e-07	5.79e-05	2.22e-03	2.52e-02	9.67e-02	2.58e-01	2.59e-01	1.40e-01	8.21e-02	1.17e-01	1.87e-02	1.01e-03
 6.20544e+22	1.25e-27	3.07e-21	3.70e-16	7.67e-14	7.81e-12	2.77e-10	5.14e-09	1.20e-07	6.54e-05	2.48e-03	2.76e-02	1.03e-01	2.68e-01	2.61e-01	1.36e-01	7.72e-02	1.07e-01	1.65e-02	8.57e-04
 6.25150e+22	1.72e-27	4.16e-21	4.92e-16	9.84e-14	9.68e-12	3.31e-10	5.93e-09	1.34e-07	7.19e-05	2.71e-03	2.96e-02	1.09e-01	2.75e-01	2.61e-01	1.33e-01	7.36e-02	1.00e-01	1.49e-02	7.55e-04
 6.29857e+22	2.58e-27	6.13e-21	7.10e-16	1.36e-13	1.28e-11	4.17e-10	7.12e-09	1.54e-07	8.09e-05	3.02e-03	3.23e-02	1.15e-01	2.85e-01	2.62e-01	1.29e-01	6.90e-02	9.13e-02	1.31e-02	6.40e-04
 6.34719e+22	3.61e-27	8.43e-21	9.60e-16	1.76e-13	1.60e-11	5.04e-10	8.29e-09	1.73e-07	8.91e-05	3.29e-03	3.47e-02	1.21e-01	2.92e-01	2.61e-01	1.25e-01	6.53e-02	8.45e-02	1.18e-02	5.58e-04
 6.39754e+22	5.50e-27	1.26e-20	1.40e-15	2.45e-13	2.12e-11	6.40e-10	1.00e-08	2.01e-07	1.01e-04	3.67e-03	3.78e-02	1.29e-01	3.01e-01	2.61e-01	1.21e-01	6.09e-02	7.66e-02	1.03e-02	4.68e-04
 6.44757e+22	7.55e-27	1.70e-20	1.86e-15	3.14e-13	2.63e-11	7.67e-10	1.16e-08	2.24e-07	1.10e-04	3.98e-03	4.02e-02	1.34e-01	3.07e-01	2.59e-01	1.17e-01	5.77e-02	7.09e-02	9.25e-03	4.09e-04
 6.49748e+22	1.14e-26	2.50e-20	2.67e-15	4.32e-13	3.47e-11	9.69e-10	1.40e-08	2.59e-07	1.24e-04	4.41e-03	4.36e-02	1.41e-01	3.14e-01	2.57e-01	1.12e-01	5.37e-02	6.42e-02	8.05e-03	3.43e-04
 6.54834e+22	1.55e-26	3.35e-20	3.52e-15	5.49e-13	4.28e-11	1.16e-09	1.62e-08	2.90e-07	1.35e-04	4.76e-03	4.62e-02	1.47e-01	3.20e-01	2.56e-01	1.09e-01	5.08e-02	5.94e-02	7.24e-03	3.00e-04
 6.60044e+22	2.32e-26	4.91e-20	5.04e-15	7.53e-13	5.63e-11	1.46e-09	1.95e-08	3.36e-07	1.51e-04	5.26e-03	4.99e-02	1.55e-01	3.26e-01	2.53e-01	1.04e-01	4.71e-02	5.35e-02	6.29e-03	2.51e-04
 6.65118e+22	3.07e-26	6.39e-20	6.45e-15	9.36e-13	6.80e-11	1.72e-09	2.23e-08	3.73e-07	1.64e-04	5.64e-03	5.25e-02	1.60e-01	3.31e-01	2.50e-01	1.01e-01	4.46e-02	4.98e-02	5.70e-03	2.21e-04
 6.70016e+22	4.43e-26	9.04e-20	8.92e-15	1.24e-12	8.72e-11	2.12e-09	2.65e-08	4.27e-07	1.82e-04	6.16e-03	5.61e-02	1.67e-01	3.36e-01	2.47e-01	9.63e-02	4.16e-02	4.52e-02	4.99e-03	1.88e-04
 6.75036e+22	5.90e-26	1.18e-19	1.15e-14	1.55e-12	1.06e-10	2.51e-09	3.03e-08	4.75e-07	1.98e-04	6.60e-03	5.91e-02	1.72e-01	3.40e-01	2.44e-01	9.29e-02	3.93e-02	4.19e-02	4.50e-03	1.64e-04
 6.80213e+22	8.61e-26	1.69e-19	1.60e-14	2.08e-12	1.37e-10	3.12e-09	3.63e-08	5.47e-07	2.20e-04	7.23e-03	6.31e-02	1.79e-01	3.44e-01	2.39e-01	8.85e-02	3.64e-02	3.77e-02	3.91e-03	1.38e-04
 6.85454e+22	1.14e-25	2.20e-19	2.05e-14	2.59e-12	1.66e-10	3.68e-09	4.15e-08	6.09e-07	2.39e-04	7.73e-03	6.63e-02	1.85e-01	3.47e-01	2.36e-01	8.52e-02	3.43e-02	3.49e-02	3.52e-03	1.21e-04
 6.90778e+22	1.64e-25	3.10e-19	2.82e-14	3.44e-12	2.12e-10	4.55e-09	4.95e-08	7.00e-07	2.66e-04	8.43e-03	7.05e-02	1.92e-01	3.50e-01	2.31e-01	8.10e-02	3.18e-02	3.15e-02	3.07e-03	1.02e-04
 6.96060e+22	2.16e-25	4.01e-19	3.58e-14	4.24e-12	2.56e-10	5.34e-09	5.65e-08	7.78e-07	2.87e-04	8.99e-03	7.38e-02	1.97e-01	3.53e-01	2.28e-01	7.79e-02	3.00e-02	2.91e-02	2.76e-03	8.92e-05
 7.01289e+22	3.08e-25	5.60e-19	4.89e-14	5.59e-12	3.26e-10	6.58e-09	6.71e-08	8.92e-07	3.18e-04	9.76e-03	7.83e-02	2.04e-01	3.55e-01	2.22e-01	7.40e-02	2.77e-02	2.63e-02	2.40e-03	7.50e-05
 7.06571e+22	4.01e-25	7.16e-19	6.14e-14	6.84e-12	3.89e-10	7.68e-09	7.63e-08	9.88e-07	3.44e-04	1.04e-02	8.17e-02	2.09e-01	3.57e-01	2.18e-01	7.11e-02	2.61e-02	2.43e-02	2.17e-03	6.60e-05
 7.11922e+22	5.70e-25	9.95e-19	8.34e-14	8.96e-12	4.94e-10	9.44e-09	9.05e-08	1.13e-06	3.81e-04	1.13e-02	8.65e-02	2.15e-01	3.58e-01	2.13e-01	6.73e-02	2.41e-02	2.19e-02	1.89e-03	5.54e-05
 7.17377e+22	7.44e-25	1.28e-18	1.05e-13	1.10e-11	5.93e-10	1.11e-08	1.03e-07	1.26e-06	4.12e-04	1.20e-02	9.02e-02	2.21e-01	3.59e-01	2.09e-01	6.45e-02	2.27e-02	2.02e-02	1.69e-03	4.85e-05
 7.22968e+22	1.06e-24	1.78e-18	1.43e-13	1.44e-11	7.54e-10	1.36e-08	1.23e-07	1.45e-06	4.57e-04	1.30e-02	9.53e-02	2.27e-01	3.60e-01	2.03e-01	6.08e-02	2.09e-02	1.81e-02	1.47e-03	4.05e-05
 7.28662e+22	1.39e-24	2.29e-18	1.80e-13	1.78e-11	9.06e-10	1.60e-08	1.40e-07	1.61e-06	4.96e-04	1.38e-02	9.94e-02	2.32e-01	3.60e-01	1.98e-01	5.81e-02	1.96e-02	1.67e-02	1.31e-03	3.53e-05
 7.34490e+22	1.98e-24	3.19e-18	2.45e-13	2.34e-11	1.15e-09	1.97e-08	1.67e-07	1.86e-06	5.51e-04	1.50e-02	1.05e-01	2.39e-01	3.60e-01	1.92e-01	5.46e-02	1.80e-02	1.49e-02	1.13e-03	2.94e-05
 7.40429e+22	2.61e-24	4.11e-18	3.10e-13	2.88e-11	1.39e-09	2.32e-08	1.91e-07	2.07e-06	5.98e-04	1.59e-02	1.09e-01	2.44e-01	3.59e-01	1.87e-01	5.20e-02	1.68e-02	1.36e-02	1.01e-03	2.55e-05
 7.45636e+22	3.40e-24	5.27e-18	3.89e-13	3.53e-11	1.67e-09	2.72e-08	2.18e-07	2.30e-06	6.47e-04	1.69e-02	1.14e-01	2.49e-01	3.59e-01	1.82e-01	4.96e-02	1.57e-02	1.25e-02	9.00e-04	2.21e-05
 7.51525e+22	4.79e-24	7.24e-18	5.22e-13	4.59e-11	2.10e-09	3.33e-08	2.59e-07	2.64e-06	7.17e-04	1.83e-02	1.20e-01	2.55e-01	3.57e-01	1.76e-01	4.65e-02	1.44e-02	1.12e-02	7.76e-04	1.84e-05
 7.57424e+22	6.14e-24	9.12e-18	6.45e-13	5.55e-11	2.49e-09	3.86e-08	2.93e-07	2.92e-06	7.73e-04	1.93e-02	1.24e-01	2.59e-01	3.56e-01	1.72e-01	4.44e-02	1.35e-02	1.03e-02	6.97e-04	1.62e-05
 7.63334e+22	8.64e-24	1.25e-17	8.63e-13	7.19e-11	3.14e-09	4.72e-08	3.47e-07	3.35e-06	8.55e-04	2.09e-02	1.30e-01	2.65e-01	3.54e-01	1.65e-01	4.15e-02	1.23e-02	9.18e-03	6.00e-04	1.34e-05
 7.69332e+22	1.11e-23	1.58e-17	1.07e-12	8.70e-11	3.72e-09	5.48e-08	3.94e-07	3.71e-06	9.23e-04	2.21e-02	1.35e-01	2.69e-01	3.52e-01	1.61e-01	3.95e-02	1.15e-02	8.43e-03	5.37e-04	1.17e-05
 7.75444e+22	1.55e-23	2.15e-17	1.42e-12	1.12e-10	4.67e-09	6.68e-08	4.65e-07	4.25e-06	1.02e-03	2.37e-02	1.41e-01	2.75e-01	3.49e-01	1.55e-01	3.69e-02	1.06e-02	7.52e-03	4.63e-04	9.75e-06
 7.81755e+22	2.03e-23	2.76e-17	1.78e-12	1.38e-10	5.62e-09	7.85e-08	5.33e-07	4.75e-06	1.11e-03	2.52e-02	1.47e-01	2.79e-01	3.46e-01	1.50e-01	3.49e-02	9.79e-03	6.84e-03	4.09e-04	8.38e-06
 7.88325e+22	2.85e-23	3.78e-17	2.38e-12	1.78e-10	7.07e-09	9.61e-08	6.31e-07	5.46e-06	1.23e-03	2.72e-02	1.53e-01	2.84e-01	3.43e-01	1.43e-01	3.25e-02	8.91e-03	6.07e-03	3.50e-04	6.94e-06
 7.95125e+22	3.81e-23	4.94e-17	3.03e-12	2.22e-10	8.61e-09	1.14e-07	7.30e-07	6.14e-06	1.34e-03	2.89e-02	1.59e-01	2.89e-01	3.39e-01	1.38e-01	3.05e-02	8.21e-03	5.47e-03	3.07e-04	5.89e-06
 8.02226e+22	5.44e-23	6.85e-17	4.09e-12	2.91e-10	1.10e-08	1.41e-07	8.72e-07	7.10e-06	1.49e-03	3.12e-02	1.67e-01	2.94e-01	3.34e-01	1.32e-01	2.82e-02	7.42e-03	4.82e-03	2.60e-04	4.81e-06
 8.09544e+22	7.35e-23	9.04e-17	5.27e-12	3.66e-10	1.34e-08	1.68e-07	1.01e-06	8.03e-06	1.64e-03	3.33e-02	1.73e-01	2.98e-01	3.30e-01	1.26e-01	2.64e-02	6.80e-03	4.31e-03	2.26e-04	4.05e-06
 8.17143e+22	1.06e-22	1.27e-16	7.19e-12	4.84e-10	1.73e-08	2.10e-07	1.22e-06	9.34e-06	1.83e-03	3.61e-02	1.82e-01	3.02e-01	3.24e-01	1.20e-01	2.42e-02	6.09e-03	3.76e-03	1.89e-04	3.26e-06
 8.25017e+22	1.46e-22	1.70e-16	9.39e-12	6.15e-10	2.14e-08	2.53e-07	1.43e-06	1.06e-05	2.02e-03	3.86e-02	1.89e-01	3.06e-01	3.19e-01	1.14e-01	2.25e-02	5.54e-03	3.34e-03	1.62e-04	2.71e-06
 8.32150e+22	1.98e-22	2.26e-16	1.21e-11	7.74e-10	2.63e-08	3.03e-07	1.66e-06	1.20e-05	2.21e-03	4.11e-02	1.96e-01	3.09e-01	3.14e-01	1.09e-01	2.09e-02	5.05e-03	2.98e-03	1.40e-04	2.26e-06
 8.40325e+22	2.92e-22	3.21e-16	1.67e-11	1.04e-09	3.41e-08	3.81e-07	2.02e-06	1.41e-05	2.48e-03	4.46e-02	2.05e-01	3.13e-01	3.06e-01	1.03e-01	1.90e-02	4.48e-03	2.57e-03	1.16e-04	1.80e-06
 8.48675e+22	4.02e-22	4.31e-16	2.18e-11	1.32e-09	4.23e-08	4.60e-07	2.37e-06	1.61e-05	2.73e-03	4.76e-02	2.12e-01	3.16e-01	3.00e-01	9.75e-02	1.76e-02	4.05e-03	2.27e-03	9.89e-05	1.48e-06
 8.56126e+22	5.46e-22	5.71e-16	2.82e-11	1.66e-09	5.20e-08	5.51e-07	2.75e-06	1.82e-05	3.00e-03	5.07e-02	2.20e-01	3.18e-01	2.94e-01	9.27e-02	1.63e-02	3.68e-03	2.01e-03	8.50e-05	1.23e-06
 8.64687e+22	8.22e-22	8.31e-16	3.95e-11	2.25e-09	6.84e-08	7.02e-07	3.37e-06	2.15e-05	3.38e-03	5.50e-02	2.30e-01	3.21e-01	2.85e-01	8.64e-02	1.46e-02	3.22e-03	1.71e-03	6.89e-05	9.55e-07
 8.73315e+22	1.12e-21	1.10e-15	5.10e-11	2.83e-09	8.40e-08	8.40e-07	3.92e-06	2.43e-05	3.71e-03	5.85e-02	2.37e-01	3.22e-01	2.79e-01	8.19e-02	1.35e-02	2.91e-03	1.51e-03	5.89e-05	7.91e-07
 8.82030e+22	1.68e-21	1.60e-15	7.15e-11	3.84e-09	1.11e-07	1.07e-06	4.81e-06	2.87e-05	4.18e-03	6.34e-02	2.47e-01	3.24e-01	2.69e-01	7.59e-02	1.21e-02	2.54e-03	1.27e-03	4.75e-05	6.09e-07
 8.90855e+22	2.31e-21	2.14e-15	9.29e-11	4.87e-09	1.37e-07	1.29e-06	5.63e-06	3.26e-05	4.59e-03	6.74e-02	2.55e-01	3.25e-01	2.62e-01	7.15e-02	1.11e-02	2.28e-03	1.12e-03	4.02e-05	4.97e-07
 8.99822e+22	3.48e-21	3.11e-15	1.30e-10	6.61e-09	1.80e-07	1.64e-06	6.90e-06	3.86e-05	5.19e-03	7.30e-02	2.65e-01	3.25e-01	2.52e-01	6.60e-02	9.83e-03	1.97e-03	9.35e-04	3.21e-05	3.79e-07
 9.08388e+22	4.61e-21	4.02e-15	1.64e-10	8.14e-09	2.17e-07	1.93e-06	7.93e-06	4.32e-05	5.63e-03	7.70e-02	2.72e-01	3.26e-01	2.46e-01	6.24e-02	9.07e-03	1.79e-03	8.29e-04	2.76e-05	3.16e-07
 9.16433e+22	6.68e-21	5.64e-15	2.23e-10	1.07e-08	2.78e-07	2.41e-06	9.54e-06	5.03e-05	6.28e-03	8.26e-02	2.81e-01	3.25e-01	2.36e-01	5.78e-02	8.11e-03	1.56e-03	7.02e-04	2.24e-05	2.45e-07
 9.24509e+22	8.83e-21	7.27e-15	2.80e-10	1.32e-08	3.35e-07	2.84e-06	1.10e-05	5.64e-05	6.81e-03	8.70e-02	2.88e-01	3.25e-01	2.30e-01	5.45e-02	7.46e-03	1.41e-03	6.20e-04	1.91e-05	2.03e-07
 9.32624e+22	1.27e-20	1.02e-14	3.78e-10	1.73e-08	4.29e-07	3.53e-06	1.32e-05	6.57e-05	7.59e-03	9.31e-02	2.97e-01	3.23e-01	2.20e-01	5.02e-02	6.65e-03	1.23e-03	5.23e-04	1.54e-05	1.57e-07
 9.40855e+22	1.70e-20	1.32e-14	4.78e-10	2.14e-08	5.20e-07	4.19e-06	1.52e-05	7.39e-05	8.26e-03	9.82e-02	3.04e-01	3.22e-01	2.13e-01	4.70e-02	6.06e-03	1.10e-03	4.57e-04	1.30e-05	1.28e-07
 9.49236e+22	2.47e-20	1.85e-14	6.47e-10	2.81e-08	6.69e-07	5.24e-06	1.84e-05	8.65e-05	9.23e-03	1.05e-01	3.13e-01	3.20e-01	2.03e-01	4.31e-02	5.35e-03	9.50e-04	3.82e-04	1.04e-05	0.00e+00
 9.57720e+22	3.31e-20	2.42e-14	8.20e-10	3.49e-08	8.14e-07	6.23e-06	2.13e-05	9.77e-05	1.01e-02	1.11e-01	3.19e-01	3.18e-01	1.96e-01	4.01e-02	4.85e-03	8.46e-04	3.31e-04	8.69e-06	0.00e+00
 9.66338e+22	4.84e-20	3.41e-14	1.11e-09	4.61e-08	1.05e-06	7.85e-06	2.59e-05	1.15e-04	1.13e-02	1.19e-01	3.28e-01	3.14e-01	1.86e-01	3.64e-02	4.24e-03	7.22e-04	2.73e-04	6.82e-06	0.00e+00
 9.75073e+22	6.50e-20	4.45e-14	1.41e-09	5.72e-08	1.28e-06	9.36e-06	3.01e-05	1.30e-04	1.23e-02	1.25e-01	3.35e-01	3.11e-01	1.78e-01	3.38e-02	3.82e-03	6.39e-04	2.35e-04	5.66e-06	0.00e+00
 9.83961e+22	9.52e-20	6.28e-14	1.92e-09	7.56e-08	1.66e-06	1.18e-05	3.67e-05	1.54e-04	1.38e-02	1.34e-01	3.43e-01	3.07e-01	1.68e-01	3.04e-02	3.31e-03	5.40e-04	1.91e-04	4.38e-06	0.00e+00
 9.93035e+22	1.29e-19	8.26e-14	2.44e-09	9.45e-08	2.05e-06	1.43e-05	4.31e-05	1.76e-04	1.51e-02	1.42e-01	3.49e-01	3.03e-01	1.60e-01	2.79e-02	2.94e-03	4.71e-04	1.62e-04	3.55e-06	0.00e+00
 1.00235e+23	1.91e-19	1.17e-13	3.32e-09	1.26e-07	2.67e-06	1.82e-05	5.30e-05	2.10e-04	1.71e-02	1.52e-01	3.57e-01	2.97e-01	1.50e-01	2.48e-02	2.52e-03	3.93e-04	1.30e-04	2.69e-06	0.00e+00
 1.01186e+23	2.60e-19	1.55e-13	4.23e-09	1.58e-07	3.31e-06	2.21e-05	6.26e-05	2.42e-04	1.88e-02	1.60e-01	3.62e-01	2.92e-01	1.41e-01	2.25e-02	2.21e-03	3.38e-04	1.08e-04	2.15e-06	0.00e+00
 1.02131e+23	3.76e-19	2.15e-13	5.65e-09	2.06e-07	4.28e-06	2.80e-05	7.67e-05	2.87e-04	2.12e-02	1.71e-01	3.69e-01	2.85e-01	1.31e-01	1.99e-02	1.88e-03	2.81e-04	8.60e-05	1.62e-06	0.00e+00
 1.03028e+23	4.90e-19	2.72e-13	6.93e-09	2.51e-07	5.15e-06	3.31e-05	8.87e-05	3.26e-04	2.31e-02	1.80e-01	3.73e-01	2.79e-01	1.24e-01	1.82e-02	1.66e-03	2.45e-04	7.28e-05	1.32e-06	0.00e+00
 1.03896e+23	6.85e-19	3.66e-13	8.96e-09	3.20e-07	6.53e-06	4.13e-05	1.07e-04	3.84e-04	2.58e-02	1.91e-01	3.78e-01	2.71e-01	1.15e-01	1.61e-02	1.41e-03	2.03e-04	5.81e-05	9.98e-07	0.00e+00
 1.04781e+23	8.91e-19	4.63e-13	1.10e-08	3.89e-07	7.89e-06	4.92e-05	1.25e-04	4.39e-04	2.82e-02	2.00e-01	3.81e-01	2.65e-01	1.08e-01	1.46e-02	1.24e-03	1.75e-04	4.85e-05	7.98e-07	0.00e+00
 1.05648e+23	1.21e-18	6.06e-13	1.38e-08	4.87e-07	9.85e-06	6.06e-05	1.50e-04	5.14e-04	3.14e-02	2.12e-01	3.85e-01	2.57e-01	1.00e-01	1.29e-02	1.05e-03	1.46e-04	3.88e-05	6.06e-07	0.00e+00
 1.06533e+23	1.57e-18	7.62e-13	1.68e-08	5.91e-07	1.19e-05	7.25e-05	1.75e-04	5.90e-04	3.44e-02	2.22e-01	3.87e-01	2.49e-01	9.35e-02	1.15e-02	9.13e-04	1.24e-04	3.19e-05	4.76e-07	0.00e+00
 1.07396e+23	2.08e-18	9.71e-13	2.06e-08	7.26e-07	1.46e-05	8.81e-05	2.07e-04	6.87e-04	3.81e-02	2.34e-01	3.89e-01	2.41e-01	8.62e-02	1.02e-02	7.77e-04	1.03e-04	2.56e-05	3.64e-07	0.00e+00
 1.08277e+23	2.69e-18	1.21e-12	2.48e-08	8.78e-07	1.77e-05	1.06e-04	2.43e-04	7.93e-04	4.19e-02	2.45e-01	3.90e-01	2.32e-01	7.97e-02	9.00e-03	6.65e-04	8.69e-05	2.08e-05	2.81e-07	0.00e+00
 1.09150e+23	3.48e-18	1.51e-12	2.99e-08	1.06e-06	2.15e-05	1.27e-04	2.85e-04	9.18e-04	4.61e-02	2.57e-01	3.90e-01	2.23e-01	7.32e-02	7.92e-03	5.64e-04	7.24e-05	1.67e-05	2.15e-07	0.00e+00
 1.10027e+23	4.44e-18	1.87e-12	3.56e-08	1.27e-06	2.60e-05	1.52e-04	3.34e-04	1.06e-03	5.06e-02	2.69e-01	3.89e-01	2.15e-01	6.72e-02	6.96e-03	4.80e-04	6.03e-05	1.34e-05	1.65e-07	0.00e+00
 1.10895e+23	5.62e-18	2.28e-12	4.20e-08	1.52e-06	3.11e-05	1.81e-04	3.89e-04	1.22e-03	5.55e-02	2.81e-01	3.88e-01	2.06e-01	6.15e-02	6.12e-03	4.07e-04	5.02e-05	1.08e-05	1.26e-07	0.00e+00
 1.11761e+23	7.07e-18	2.77e-12	4.92e-08	1.81e-06	3.72e-05	2.15e-04	4.52e-04	1.40e-03	6.07e-02	2.93e-01	3.86e-01	1.96e-01	5.62e-02	5.36e-03	3.45e-04	4.18e-05	8.62e-06	0.00e+00	0.00e+00
 1.12629e+23	8.84e-18	3.35e-12	5.73e-08	2.14e-06	4.43e-05	2.55e-04	5.24e-04	1.61e-03	6.64e-02	3.05e-01	3.83e-01	1.87e-01	5.12e-02	4.69e-03	2.91e-04	3.46e-05	6.90e-06	0.00e+00	0.00e+00
 1.13500e+23	1.10e-17	4.03e-12	6.65e-08	2.52e-06	5.27e-05	3.01e-04	6.06e-04	1.85e-03	7.25e-02	3.16e-01	3.79e-01	1.78e-01	4.66e-02	4.09e-03	2.46e-04	2.86e-05	5.51e-06	0.00e+00	0.00e+00
 1.14377e+23	1.36e-17	4.82e-12	7.68e-08	2.96e-06	6.24e-05	3.55e-04	6.99e-04	2.12e-03	7.90e-02	3.28e-01	3.75e-01	1.69e-01	4.22e-02	3.56e-03	2.07e-04	2.36e-05	4.38e-06	0.00e+00	0.00e+00
 1.15262e+23	1.69e-17	5.76e-12	8.85e-08	3.47e-06	7.38e-05	4.18e-04	8.05e-04	2.43e-03	8.59e-02	3.40e-01	3.69e-01	1.60e-01	3.81e-02	3.09e-03	1.74e-04	1.94e-05	3.48e-06	0.00e+00	0.00e+00
 1.16157e+23	2.09e-17	6.86e-12	1.02e-07	4.07e-06	8.71e-05	4.91e-04	9.25e-04	2.78e-03	9.34e-02	3.51e-01	3.63e-01	1.51e-01	3.44e-02	2.67e-03	1.45e-04	1.59e-05	2.75e-06	0.00e+00	0.00e+00
 1.17057e+23	2.57e-17	8.15e-12	1.17e-07	4.75e-06	1.02e-04	5.75e-04	1.06e-03	3.17e-03	1.01e-01	3.62e-01	3.57e-01	1.42e-01	3.09e-02	2.31e-03	1.22e-04	1.31e-05	2.18e-06	0.00e+00	0.00e+00
 1.17972e+23	3.18e-17	9.71e-12	1.34e-07	5.56e-06	1.21e-04	6.74e-04	1.21e-03	3.62e-03	1.10e-01	3.72e-01	3.49e-01	1.33e-01	2.77e-02	1.99e-03	1.01e-04	1.06e-05	1.71e-06	0.00e+00	0.00e+00
 1.18898e+23	3.91e-17	1.15e-11	1.53e-07	6.50e-06	1.42e-04	7.86e-04	1.38e-03	4.12e-03	1.19e-01	3.82e-01	3.41e-01	1.25e-01	2.48e-02	1.71e-03	8.41e-05	8.69e-06	1.35e-06	0.00e+00	0.00e+00
 1.19842e+23	4.86e-17	1.38e-11	1.77e-07	7.63e-06	1.67e-04	9.20e-04	1.58e-03	4.70e-03	1.28e-01	3.92e-01	3.32e-01	1.17e-01	2.20e-02	1.46e-03	6.94e-05	7.01e-06	1.05e-06	0.00e+00	0.00e+00
 1.20720e+23	5.82e-17	1.60e-11	1.98e-07	8.69e-06	1.91e-04	1.04e-03	1.76e-03	5.22e-03	1.36e-01	3.99e-01	3.25e-01	1.10e-01	2.00e-02	1.28e-03	5.94e-05	5.89e-06	8.58e-07	0.00e+00	0.00e+00
 1.21624e+23	7.30e-17	1.93e-11	2.30e-07	1.03e-05	2.26e-04	1.22e-03	2.00e-03	5.97e-03	1.47e-01	4.08e-01	3.15e-01	1.02e-01	1.76e-02	1.08e-03	4.85e-05	4.70e-06	6.60e-07	0.00e+00	0.00e+00
 1.22542e+23	8.81e-17	2.26e-11	2.60e-07	1.17e-05	2.58e-04	1.39e-03	2.22e-03	6.61e-03	1.56e-01	4.14e-01	3.06e-01	9.57e-02	1.59e-02	9.49e-04	4.13e-05	3.93e-06	5.36e-07	0.00e+00	0.00e+00
 1.23485e+23	1.12e-16	2.75e-11	3.04e-07	1.39e-05	3.06e-04	1.63e-03	2.53e-03	7.56e-03	1.69e-01	4.22e-01	2.95e-01	8.80e-02	1.39e-02	7.95e-04	3.34e-05	3.10e-06	4.07e-07	0.00e+00	0.00e+00
 1.24433e+23	1.36e-16	3.24e-11	3.47e-07	1.60e-05	3.49e-04	1.84e-03	2.80e-03	8.33e-03	1.78e-01	4.27e-01	2.86e-01	8.25e-02	1.26e-02	6.96e-04	2.84e-05	2.60e-06	3.31e-07	0.00e+00	0.00e+00
 1.25387e+23	1.74e-16	3.98e-11	4.09e-07	1.91e-05	4.13e-04	2.15e-03	3.17e-03	9.46e-03	1.91e-01	4.32e-01	2.75e-01	7.56e-02	1.10e-02	5.83e-04	2.30e-05	2.05e-06	2.52e-07	0.00e+00	0.00e+00
 1.26347e+23	2.13e-16	4.71e-11	4.69e-07	2.19e-05	4.71e-04	2.42e-03	3.48e-03	1.04e-02	2.01e-01	4.36e-01	2.66e-01	7.06e-02	9.86e-03	5.09e-04	1.95e-05	1.71e-06	2.04e-07	0.00e+00	0.00e+00
 1.27314e+23	2.76e-16	5.85e-11	5.58e-07	2.62e-05	5.56e-04	2.81e-03	3.92e-03	1.17e-02	2.14e-01	4.39e-01	2.54e-01	6.45e-02	8.57e-03	4.26e-04	1.58e-05	1.35e-06	1.55e-07	0.00e+00	0.00e+00
 1.28290e+23	3.40e-16	6.98e-11	6.44e-07	3.03e-05	6.34e-04	3.16e-03	4.30e-03	1.29e-02	2.25e-01	4.42e-01	2.45e-01	6.00e-02	7.69e-03	3.71e-04	1.34e-05	1.12e-06	1.26e-07	0.00e+00	0.00e+00
 1.29276e+23	4.46e-16	8.77e-11	7.76e-07	3.64e-05	7.50e-04	3.67e-03	4.82e-03	1.45e-02	2.38e-01	4.43e-01	2.33e-01	5.46e-02	6.66e-03	3.09e-04	1.08e-05	8.83e-07	0.00e+00	0.00e+00	0.00e+00
 1.30275e+23	5.56e-16	1.06e-10	9.05e-07	4.23e-05	8.56e-04	4.12e-03	5.27e-03	1.58e-02	2.49e-01	4.44e-01	2.24e-01	5.06e-02	5.95e-03	2.68e-04	9.11e-06	7.32e-07	0.00e+00	0.00e+00	0.00e+00
 1.31291e+23	7.41e-16	1.35e-10	1.10e-06	5.13e-05	1.01e-03	4.78e-03	5.90e-03	1.77e-02	2.64e-01	4.44e-01	2.12e-01	4.58e-02	5.13e-03	2.23e-04	7.30e-06	5.73e-07	0.00e+00	0.00e+00	0.00e+00
 1.32323e+23	9.38e-16	1.65e-10	1.30e-06	5.99e-05	1.16e-03	5.38e-03	6.44e-03	1.93e-02	2.75e-01	4.43e-01	2.03e-01	4.23e-02	4.56e-03	1.92e-04	6.14e-06	4.72e-07	0.00e+00	0.00e+00	0.00e+00
 1.33377e+23	1.27e-15	2.14e-10	1.62e-06	7.33e-05	1.38e-03	6.24e-03	7.20e-03	2.16e-02	2.90e-01	4.41e-01	1.91e-01	3.81e-02	3.91e-03	1.58e-04	4.88e-06	3.66e-07	0.00e+00	0.00e+00	0.00e+00
 1.34454e+23	1.64e-15	2.66e-10	1.94e-06	8.65e-05	1.59e-03	7.03e-03	7.86e-03	2.35e-02	3.02e-01	4.38e-01	1.82e-01	3.49e-02	3.45e-03	1.36e-04	4.07e-06	3.00e-07	0.00e+00	0.00e+00	0.00e+00
 1.35560e+23	2.27e-15	3.52e-10	2.45e-06	1.07e-04	1.91e-03	8.19e-03	8.78e-03	2.63e-02	3.17e-01	4.34e-01	1.70e-01	3.12e-02	2.93e-03	1.11e-04	3.21e-06	2.30e-07	0.00e+00	0.00e+00	0.00e+00
 1.36693e+23	2.99e-15	4.45e-10	2.98e-06	1.28e-04	2.21e-03	9.25e-03	9.58e-03	2.86e-02	3.29e-01	4.29e-01	1.61e-01	2.85e-02	2.57e-03	9.46e-05	2.65e-06	1.87e-07	0.00e+00	0.00e+00	0.00e+00
 1.37863e+23	4.25e-15	6.03e-10	3.85e-06	1.60e-04	2.67e-03	1.08e-02	1.07e-02	3.19e-02	3.44e-01	4.23e-01	1.50e-01	2.52e-02	2.16e-03	7.64e-05	2.06e-06	1.41e-07	0.00e+00	0.00e+00	0.00e+00
 1.38965e+23	5.41e-15	7.43e-10	4.59e-06	1.87e-04	3.03e-03	1.20e-02	1.15e-02	3.42e-02	3.54e-01	4.18e-01	1.42e-01	2.32e-02	1.92e-03	6.66e-05	1.75e-06	1.18e-07	0.00e+00	0.00e+00	0.00e+00
 1.39978e+23	7.38e-15	9.72e-10	5.75e-06	2.28e-04	3.56e-03	1.37e-02	1.26e-02	3.73e-02	3.66e-01	4.10e-01	1.33e-01	2.08e-02	1.65e-03	5.54e-05	1.41e-06	0.00e+00	0.00e+00	0.00e+00	0.00e+00
 1.40982e+23	9.36e-15	1.19e-09	6.84e-06	2.65e-04	4.02e-03	1.51e-02	1.35e-02	3.97e-02	3.75e-01	4.05e-01	1.27e-01	1.92e-02	1.48e-03	4.84e-05	1.20e-06	0.00e+00	0.00e+00	0.00e+00	0.00e+00
 1.41974e+23	1.27e-14	1.56e-09	8.56e-06	3.21e-04	4.70e-03	1.71e-02	1.47e-02	4.32e-02	3.87e-01	3.96e-01	1.18e-01	1.72e-02	1.27e-03	4.03e-05	9.70e-07	0.00e+00	0.00e+00	0.00e+00	0.00e+00
 1.42972e+23	1.62e-14	1.92e-09	1.02e-05	3.74e-04	5.31e-03	1.88e-02	1.57e-02	4.58e-02	3.95e-01	3.89e-01	1.12e-01	1.59e-02	1.13e-03	3.51e-05	8.26e-07	0.00e+00	0.00e+00	0.00e+00	0.00e+00
 1.43979e+23	2.22e-14	2.52e-09	1.29e-05	4.55e-04	6.20e-03	2.12e-02	1.71e-02	4.96e-02	4.06e-01	3.80e-01	1.04e-01	1.42e-02	9.69e-04	2.93e-05	6.66e-07	0.00e+00	0.00e+00	0.00e+00	0.00e+00
 1.45004e+23	2.85e-14	3.14e-09	1.55e-05	5.32e-04	7.03e-03	2.34e-02	1.83e-02	5.25e-02	4.13e-01	3.72e-01	9.86e-02	1.30e-02	8.59e-04	2.54e-05	5.63e-07	0.00e+00	0.00e+00	0.00e+00	0.00e+00
 1.46052e+23	3.96e-14	4.17e-09	1.97e-05	6.52e-04	8.25e-03	2.65e-02	1.99e-02	5.67e-02	4.23e-01	3.62e-01	9.12e-02	1.15e-02	7.31e-04	2.09e-05	4.50e-07	0.00e+00	0.00e+00	0.00e+00	0.00e+00
 1.47116e+23	5.13e-14	5.22e-09	2.38e-05	7.65e-04	9.36e-03	2.92e-02	2.12e-02	6.00e-02	4.30e-01	3.53e-01	8.57e-02	1.05e-02	6.44e-04	1.81e-05	3.78e-07	0.00e+00	0.00e+00	0.00e+00	0.00e+00
 1.48198e+23	7.20e-14	7.00e-09	3.06e-05	9.42e-04	1.10e-02	3.31e-02	2.30e-02	6.45e-02	4.38e-01	3.41e-01	7.88e-02	9.26e-03	5.44e-04	1.48e-05	3.00e-07	0.00e+00	0.00e+00	0.00e+00	0.00e+00
 1.49303e+23	9.43e-14	8.86e-09	3.73e-05	1.11e-03	1.25e-02	3.65e-02	2.46e-02	6.81e-02	4.43e-01	3.31e-01	7.37e-02	8.38e-03	4.77e-04	1.27e-05	2.50e-07	0.00e+00	0.00e+00	0.00e+00	0.00e+00
 1.50438e+23	1.34e-13	1.20e-08	4.84e-05	1.38e-03	1.48e-02	4.14e-02	2.66e-02	7.31e-02	4.50e-01	3.18e-01	6.72e-02	7.32e-03	3.98e-04	1.03e-05	1.96e-07	0.00e+00	0.00e+00	0.00e+00	0.00e+00
 1.51597e+23	1.78e-13	1.54e-08	5.95e-05	1.63e-03	1.69e-02	4.57e-02	2.84e-02	7.69e-02	4.54e-01	3.07e-01	6.25e-02	6.58e-03	3.46e-04	8.73e-06	1.62e-07	0.00e+00	0.00e+00	0.00e+00	0.00e+00
 1.52786e+23	2.57e-13	2.11e-08	7.79e-05	2.04e-03	2.00e-02	5.18e-02	3.07e-02	8.23e-02	4.58e-01	2.93e-01	5.65e-02	5.69e-03	2.86e-04	7.00e-06	1.25e-07	0.00e+00	0.00e+00	0.00e+00	0.00e+00
 1.54002e+23	3.44e-13	2.73e-08	9.66e-05	2.43e-03	2.29e-02	5.72e-02	3.27e-02	8.65e-02	4.60e-01	2.81e-01	5.20e-02	5.06e-03	2.45e-04	5.87e-06	0.00e+00	0.00e+00	0.00e+00	0.00e+00	0.00e+00
 1.55251e+23	5.03e-13	3.79e-08	1.27e-04	3.04e-03	2.71e-02	6.47e-02	3.53e-02	9.19e-02	4.61e-01	2.66e-01	4.66e-02	4.33e-03	2.00e-04	4.65e-06	0.00e+00	0.00e+00	0.00e+00	0.00e+00	0.00e+00
 1.56516e+23	6.76e-13	4.89e-08	1.58e-04	3.62e-03	3.10e-02	7.12e-02	3.74e-02	9.60e-02	4.60e-01	2.54e-01	4.27e-02	3.83e-03	1.71e-04	3.88e-06	0.00e+00	0.00e+00	0.00e+00	0.00e+00	0.00e+00
 1.57801e+23	9.95e-13	6.83e-08	2.09e-04	4.54e-03	3.67e-02	8.03e-02	4.02e-02	1.02e-01	4.58e-01	2.38e-01	3.78e-02	3.24e-03	1.38e-04	3.04e-06	0.00e+00	0.00e+00	0.00e+00	0.00e+00	0.00e+00
 1.59100e+23	1.34e-12	8.82e-08	2.60e-04	5.40e-03	4.18e-02	8.80e-02	4.24e-02	1.05e-01	4.54e-01	2.25e-01	3.44e-02	2.84e-03	1.17e-04	2.51e-06	0.00e+00	0.00e+00	0.00e+00	0.00e+00	0.00e+00
 1.60417e+23	1.97e-12	1.23e-07	3.43e-04	6.74e-03	4.92e-02	9.86e-02	4.53e-02	1.11e-01	4.48e-01	2.09e-01	3.02e-02	2.38e-03	9.33e-05	1.95e-06	0.00e+00	0.00e+00	0.00e+00	0.00e+00	0.00e+00
 1.61706e+23	2.59e-12	1.56e-07	4.18e-04	7.89e-03	5.53e-02	1.07e-01	4.73e-02	1.14e-01	4.42e-01	1.97e-01	2.74e-02	2.09e-03	7.94e-05	1.62e-06	0.00e+00	0.00e+00	0.00e+00	0.00e+00	0.00e+00
 1.62959e+23	3.71e-12	2.12e-07	5.41e-04	9.66e-03	6.41e-02	1.18e-01	4.99e-02	1.18e-01	4.32e-01	1.82e-01	2.40e-02	1.75e-03	6.37e-05	1.27e-06	0.00e+00	0.00e+00	0.00e+00	0.00e+00	0.00e+00
 1.64257e+23	4.96e-12	2.72e-07	6.65e-04	1.14e-02	7.21e-02	1.27e-01	5.20e-02	1.21e-01	4.22e-01	1.70e-01	2.15e-02	1.52e-03	5.32e-05	1.03e-06	0.00e+00	0.00e+00	0.00e+00	0.00e+00	0.00e+00
 1.65364e+23	6.39e-12	3.38e-07	7.96e-04	1.31e-02	7.97e-02	1.36e-01	5.37e-02	1.23e-01	4.13e-01	1.60e-01	1.94e-02	1.33e-03	4.52e-05	8.62e-07	0.00e+00	0.00e+00	0.00e+00	0.00e+00	0.00e+00
 1.66551e+23	8.82e-12	4.45e-07	1.00e-03	1.56e-02	9.04e-02	1.47e-01	5.58e-02	1.25e-01	4.00e-01	1.47e-01	1.70e-02	1.12e-03	3.65e-05	6.79e-07	0.00e+00	0.00e+00	0.00e+00	0.00e+00	0.00e+00
 1.67746e+23	1.13e-11	5.51e-07	1.19e-03	1.79e-02	9.94e-02	1.56e-01	5.73e-02	1.27e-01	3.88e-01	1.37e-01	1.52e-02	9.71e-04	3.08e-05	5.61e-07	0.00e+00	0.00e+00	0.00e+00	0.00e+00	0.00e+00
 1.68952e+23	1.55e-11	7.18e-07	1.48e-03	2.11e-02	1.12e-01	1.68e-01	5.90e-02	1.28e-01	3.72e-01	1.24e-01	1.32e-02	8.11e-04	2.47e-05	4.40e-07	0.00e+00	0.00e+00	0.00e+00	0.00e+00	0.00e+00
 1.70195e+23	2.03e-11	9.04e-07	1.79e-03	2.43e-02	1.23e-01	1.78e-01	6.03e-02	1.29e-01	3.57e-01	1.14e-01	1.16e-02	6.89e-04	2.03e-05	3.54e-07	0.00e+00	0.00e+00	0.00e+00	0.00e+00	0.00e+00
 1.71298e+23	2.60e-11	1.11e-06	2.12e-03	2.76e-02	1.34e-01	1.87e-01	6.14e-02	1.29e-01	3.43e-01	1.05e-01	1.03e-02	5.92e-04	1.69e-05	2.89e-07	0.00e+00	0.00e+00	0.00e+00	0.00e+00	0.00e+00
 1.72543e+23	3.51e-11	1.44e-06	2.61e-03	3.23e-02	1.49e-01	1.98e-01	6.24e-02	1.29e-01	3.25e-01	9.41e-02	8.83e-03	4.87e-04	1.34e-05	2.23e-07	0.00e+00	0.00e+00	0.00e+00	0.00e+00	0.00e+00
 1.73853e+23	4.62e-11	1.81e-06	3.14e-03	3.70e-02	1.63e-01	2.07e-01	6.30e-02	1.28e-01	3.07e-01	8.47e-02	7.61e-03	4.05e-04	1.07e-05	1.75e-07	0.00e+00	0.00e+00	0.00e+00	0.00e+00	0.00e+00
 1.75046e+23	5.95e-11	2.23e-06	3.72e-03	4.19e-02	1.76e-01	2.15e-01	6.34e-02	1.26e-01	2.90e-01	7.65e-02	6.60e-03	3.40e-04	8.73e-06	1.39e-07	0.00e+00	0.00e+00	0.00e+00	0.00e+00	0.00e+00
 1.76391e+23	8.11e-11	2.89e-06	4.57e-03	4.87e-02	1.93e-01	2.25e-01	6.35e-02	1.24e-01	2.69e-01	6.69e-02	5.49e-03	2.71e-04	6.69e-06	0.00e+00	0.00e+00	0.00e+00	0.00e+00	0.00e+00	0.00e+00
 1.77778e+23	1.06e-10	3.61e-06	5.46e-03	5.52e-02	2.09e-01	2.33e-01	6.33e-02	1.21e-01	2.50e-01	5.92e-02	4.64e-03	2.21e-04	5.26e-06	0.00e+00	0.00e+00	0.00e+00	0.00e+00	0.00e+00	0.00e+00
 1.79011e+23	1.36e-10	4.43e-06	6.41e-03	6.19e-02	2.23e-01	2.39e-01	6.28e-02	1.18e-01	2.32e-01	5.25e-02	3.95e-03	1.82e-04	4.19e-06	0.00e+00	0.00e+00	0.00e+00	0.00e+00	0.00e+00	0.00e+00
 1.80404e+23	1.83e-10	5.68e-06	7.79e-03	7.08e-02	2.42e-01	2.46e-01	6.19e-02	1.13e-01	2.11e-01	4.50e-02	3.22e-03	1.42e-04	3.14e-06	0.00e+00	0.00e+00	0.00e+00	0.00e+00	0.00e+00	0.00e+00
 1.81850e+23	2.39e-10	7.05e-06	9.22e-03	7.95e-02	2.58e-01	2.50e-01	6.07e-02	1.09e-01	1.93e-01	3.90e-02	2.66e-03	1.13e-04	2.41e-06	0.00e+00	0.00e+00	0.00e+00	0.00e+00	0.00e+00	0.00e+00
 1.83149e+23	3.05e-10	8.59e-06	1.07e-02	8.82e-02	2.72e-01	2.53e-01	5.94e-02	1.04e-01	1.76e-01	3.39e-02	2.22e-03	9.12e-05	1.88e-06	0.00e+00	0.00e+00	0.00e+00	0.00e+00	0.00e+00	0.00e+00
 1.84620e+23	4.13e-10	1.10e-05	1.30e-02	1.00e-01	2.90e-01	2.55e-01	5.74e-02	9.82e-02	1.56e-01	2.82e-02	1.75e-03	6.89e-05	1.36e-06	0.00e+00	0.00e+00	0.00e+00	0.00e+00	0.00e+00	0.00e+00
 1.86140e+23	5.32e-10	1.35e-05	1.52e-02	1.11e-01	3.04e-01	2.56e-01	5.55e-02	9.28e-02	1.40e-01	2.40e-02	1.42e-03	5.38e-05	1.02e-06	0.00e+00	0.00e+00	0.00e+00	0.00e+00	0.00e+00	0.00e+00
 1.87724e+23	7.26e-10	1.73e-05	1.83e-02	1.25e-01	3.21e-01	2.55e-01	5.28e-02	8.60e-02	1.21e-01	1.95e-02	1.09e-03	3.94e-05	7.13e-07	0.00e+00	0.00e+00	0.00e+00	0.00e+00	0.00e+00	0.00e+00
 1.89323e+23	9.32e-10	2.12e-05	2.12e-02	1.37e-01	3.34e-01	2.53e-01	5.05e-02	8.03e-02	1.07e-01	1.63e-02	8.69e-04	3.03e-05	5.29e-07	0.00e+00	0.00e+00	0.00e+00	0.00e+00	0.00e+00	0.00e+00
 1.90727e+23	1.18e-09	2.55e-05	2.44e-02	1.49e-01	3.45e-01	2.50e-01	4.81e-02	7.49e-02	9.52e-02	1.37e-02	6.97e-04	2.35e-05	3.95e-07	0.00e+00	0.00e+00	0.00e+00	0.00e+00	0.00e+00	0.00e+00
 1.92336e+23	1.59e-09	3.23e-05	2.90e-02	1.65e-01	3.57e-01	2.44e-01	4.50e-02	6.80e-02	8.09e-02	1.09e-02	5.22e-04	1.68e-05	2.69e-07	0.00e+00	0.00e+00	0.00e+00	0.00e+00	0.00e+00	0.00e+00
 1.93966e+23	2.02e-09	3.90e-05	3.32e-02	1.79e-01	3.65e-01	2.38e-01	4.24e-02	6.26e-02	7.05e-02	8.94e-03	4.10e-04	1.27e-05	1.96e-07	0.00e+00	0.00e+00	0.00e+00	0.00e+00	0.00e+00	0.00e+00
 1.95625e+23	2.70e-09	4.89e-05	3.90e-02	1.96e-01	3.74e-01	2.30e-01	3.92e-02	5.62e-02	5.92e-02	7.00e-03	3.03e-04	8.97e-06	1.32e-07	0.00e+00	0.00e+00	0.00e+00	0.00e+00	0.00e+00	0.00e+00
 1.97310e+23	3.42e-09	5.88e-05	4.45e-02	2.10e-01	3.79e-01	2.22e-01	3.66e-02	5.11e-02	5.09e-02	5.68e-03	2.35e-04	6.68e-06	0.00e+00	0.00e+00	0.00e+00	0.00e+00	0.00e+00	0.00e+00	0.00e+00
 1.98804e+23	4.30e-09	7.01e-05	5.03e-02	2.24e-01	3.82e-01	2.14e-01	3.41e-02	4.64e-02	4.38e-02	4.62e-03	1.82e-04	5.00e-06	0.00e+00	0.00e+00	0.00e+00	0.00e+00	0.00e+00	0.00e+00	0.00e+00
 2.00522e+23	5.74e-09	8.75e-05	5.86e-02	2.42e-01	3.85e-01	2.03e-01	3.10e-02	4.08e-02	3.59e-02	3.52e-03	1.31e-04	3.42e-06	0.00e+00	0.00e+00	0.00e+00	0.00e+00	0.00e+00	0.00e+00	0.00e+00
 2.02261e+23	7.18e-09	1.04e-04	6.59e-02	2.57e-01	3.85e-01	1.94e-01	2.86e-02	3.67e-02	3.06e-02	2.82e-03	1.00e-04	2.52e-06	0.00e+00	0.00e+00	0.00e+00	0.00e+00	0.00e+00	0.00e+00	0.00e+00
 2.04029e+23	9.55e-09	1.29e-04	7.63e-02	2.75e-01	3.83e-01	1.81e-01	2.57e-02	3.18e-02	2.47e-02	2.11e-03	7.05e-05	1.69e-06	0.00e+00	0.00e+00	0.00e+00	0.00e+00	0.00e+00	0.00e+00	0.00e+00
 2.05821e+23	1.19e-08	1.52e-04	8.53e-02	2.89e-01	3.80e-01	1.71e-01	2.35e-02	2.83e-02	2.08e-02	1.67e-03	5.33e-05	1.23e-06	0.00e+00	0.00e+00	0.00e+00	0.00e+00	0.00e+00	0.00e+00	0.00e+00
 2.07643e+23	1.58e-08	1.88e-04	9.80e-02	3.07e-01	3.73e-01	1.59e-01	2.08e-02	2.43e-02	1.66e-02	1.23e-03	3.70e-05	8.13e-07	0.00e+00	0.00e+00	0.00e+00	0.00e+00	0.00e+00	0.00e+00	0.00e+00
 2.09432e+23	1.94e-08	2.19e-04	1.08e-01	3.19e-01	3.67e-01	1.49e-01	1.90e-02	2.16e-02	1.40e-02	9.80e-04	2.81e-05	5.96e-07	0.00e+00	0.00e+00	0.00e+00	0.00e+00	0.00e+00	0.00e+00	0.00e+00
 2.11176e+23	2.52e-08	2.65e-04	1.22e-01	3.35e-01	3.58e-01	1.38e-01	1.69e-02	1.85e-02	1.12e-02	7.27e-04	1.97e-05	3.99e-07	0.00e+00	0.00e+00	0.00e+00	0.00e+00	0.00e+00	0.00e+00	0.00e+00
 2.12859e+23	3.01e-08	3.02e-04	1.33e-01	3.45e-01	3.50e-01	1.30e-01	1.55e-02	1.65e-02	9.52e-03	5.88e-04	1.53e-05	3.00e-07	0.00e+00	0.00e+00	0.00e+00	0.00e+00	0.00e+00	0.00e+00	0.00e+00
 2.14464e+23	3.78e-08	3.57e-04	1.47e-01	3.57e-01	3.40e-01	1.20e-01	1.38e-02	1.43e-02	7.73e-03	4.46e-04	1.11e-05	2.07e-07	0.00e+00	0.00e+00	0.00e+00	0.00e+00	0.00e+00	0.00e+00	0.00e+00
 2.16071e+23	4.51e-08	4.06e-04	1.59e-01	3.65e-01	3.31e-01	1.12e-01	1.26e-02	1.27e-02	6.55e-03	3.58e-04	8.55e-06	1.55e-07	0.00e+00	0.00e+00	0.00e+00	0.00e+00	0.00e+00	0.00e+00	0.00e+00
 2.17681e+23	5.62e-08	4.75e-04	1.75e-01	3.75e-01	3.18e-01	1.03e-01	1.12e-02	1.09e-02	5.31e-03	2.71e-04	6.16e-06	0.00e+00	0.00e+00	0.00e+00	0.00e+00	0.00e+00	0.00e+00	0.00e+00	0.00e+00
 2.19332e+23	6.73e-08	5.41e-04	1.89e-01	3.83e-01	3.07e-01	9.55e-02	1.01e-02	9.59e-03	4.44e-03	2.14e-04	4.67e-06	0.00e+00	0.00e+00	0.00e+00	0.00e+00	0.00e+00	0.00e+00	0.00e+00	0.00e+00
 2.20815e+23	8.02e-08	6.12e-04	2.04e-01	3.89e-01	2.97e-01	8.87e-02	9.16e-03	8.45e-03	3.72e-03	1.70e-04	3.57e-06	0.00e+00	0.00e+00	0.00e+00	0.00e+00	0.00e+00	0.00e+00	0.00e+00	0.00e+00
 2.22519e+23	1.00e-07	7.15e-04	2.23e-01	3.96e-01	2.82e-01	8.04e-02	8.04e-03	7.16e-03	2.96e-03	1.26e-04	2.52e-06	0.00e+00	0.00e+00	0.00e+00	0.00e+00	0.00e+00	0.00e+00	0.00e+00	0.00e+00
 2.24243e+23	1.19e-07	8.09e-04	2.39e-01	4.01e-01	2.70e-01	7.40e-02	7.20e-03	6.24e-03	2.45e-03	9.81e-05	1.89e-06	0.00e+00	0.00e+00	0.00e+00	0.00e+00	0.00e+00	0.00e+00	0.00e+00	0.00e+00
 2.25991e+23	1.48e-07	9.37e-04	2.59e-01	4.05e-01	2.55e-01	6.68e-02	6.30e-03	5.26e-03	1.95e-03	7.26e-05	1.33e-06	0.00e+00	0.00e+00	0.00e+00	0.00e+00	0.00e+00	0.00e+00	0.00e+00	0.00e+00
 2.27693e+23	1.74e-07	1.05e-03	2.75e-01	4.07e-01	2.43e-01	6.15e-02	5.67e-03	4.61e-03	1.63e-03	5.73e-05	1.01e-06	0.00e+00	0.00e+00	0.00e+00	0.00e+00	0.00e+00	0.00e+00	0.00e+00	0.00e+00
 2.29036e+23	2.00e-07	1.15e-03	2.90e-01	4.08e-01	2.33e-01	5.73e-02	5.16e-03	4.10e-03	1.39e-03	4.66e-05	7.99e-07	0.00e+00	0.00e+00	0.00e+00	0.00e+00	0.00e+00	0.00e+00	0.00e+00	0.00e+00
 2.30482e+23	2.36e-07	1.29e-03	3.08e-01	4.08e-01	2.21e-01	5.24e-02	4.61e-03	3.55e-03	1.15e-03	3.62e-05	5.98e-07	0.00e+00	0.00e+00	0.00e+00	0.00e+00	0.00e+00	0.00e+00	0.00e+00	0.00e+00
 2.31970e+23	2.72e-07	1.42e-03	3.23e-01	4.08e-01	2.11e-01	4.85e-02	4.17e-03	3.14e-03	9.70e-04	2.92e-05	4.66e-07	0.00e+00	0.00e+00	0.00e+00	0.00e+00	0.00e+00	0.00e+00	0.00e+00	0.00e+00
 2.33305e+23	3.12e-07	1.56e-03	3.38e-01	4.07e-01	2.01e-01	4.49e-02	3.78e-03	2.78e-03	8.24e-04	2.36e-05	3.65e-07	0.00e+00	0.00e+00	0.00e+00	0.00e+00	0.00e+00	0.00e+00	0.00e+00	0.00e+00
 2.34833e+23	3.69e-07	1.74e-03	3.58e-01	4.05e-01	1.89e-01	4.07e-02	3.34e-03	2.38e-03	6.71e-04	1.80e-05	2.69e-07	0.00e+00	0.00e+00	0.00e+00	0.00e+00	0.00e+00	0.00e+00	0.00e+00	0.00e+00
 2.36376e+23	4.24e-07	1.91e-03	3.74e-01	4.02e-01	1.79e-01	3.75e-02	3.01e-03	2.09e-03	5.65e-04	1.44e-05	2.08e-07	0.00e+00	0.00e+00	0.00e+00	0.00e+00	0.00e+00	0.00e+00	0.00e+00	0.00e+00
 2.37728e+23	4.84e-07	2.08e-03	3.90e-01	3.99e-01	1.70e-01	3.45e-02	2.72e-03	1.84e-03	4.78e-04	1.16e-05	1.63e-07	0.00e+00	0.00e+00	0.00e+00	0.00e+00	0.00e+00	0.00e+00	0.00e+00	0.00e+00
 2.39274e+23	5.70e-07	2.32e-03	4.09e-01	3.94e-01	1.58e-01	3.12e-02	2.40e-03	1.58e-03	3.89e-04	8.85e-06	0.00e+00	0.00e+00	0.00e+00	0.00e+00	0.00e+00	0.00e+00	0.00e+00	0.00e+00	0.00e+00
 2.40848e+23	6.53e-07	2.53e-03	4.26e-01	3.90e-01	1.49e-01	2.86e-02	2.16e-03	1.38e-03	3.26e-04	7.04e-06	0.00e+00	0.00e+00	0.00e+00	0.00e+00	0.00e+00	0.00e+00	0.00e+00	0.00e+00	0.00e+00
 2.42245e+23	7.45e-07	2.75e-03	4.42e-01	3.85e-01	1.41e-01	2.63e-02	1.94e-03	1.21e-03	2.74e-04	5.63e-06	0.00e+00	0.00e+00	0.00e+00	0.00e+00	0.00e+00	0.00e+00	0.00e+00	0.00e+00	0.00e+00
 2.43849e+23	8.78e-07	3.06e-03	4.63e-01	3.77e-01	1.30e-01	2.36e-02	1.70e-03	1.03e-03	2.21e-04	4.25e-06	0.00e+00	0.00e+00	0.00e+00	0.00e+00	0.00e+00	0.00e+00	0.00e+00	0.00e+00	0.00e+00
 2.45469e+23	1.00e-06	3.33e-03	4.80e-01	3.71e-01	1.22e-01	2.15e-02	1.52e-03	8.95e-04	1.84e-04	3.36e-06	0.00e+00	0.00e+00	0.00e+00	0.00e+00	0.00e+00	0.00e+00	0.00e+00	0.00e+00	0.00e+00
 2.46892e+23	1.14e-06	3.62e-03	4.96e-01	3.63e-01	1.14e-01	1.97e-02	1.36e-03	7.83e-04	1.55e-04	2.67e-06	0.00e+00	0.00e+00	0.00e+00	0.00e+00	0.00e+00	0.00e+00	0.00e+00	0.00e+00	0.00e+00
