#depth	O	O+	O+2	O+3	O+4	O+5	O+6	O+7	O+8	O[1]	O[2]	O[3]
 4.62852e+21	1.27e-09	1.86e-05	8.08e-03	1.77e-01	3.29e-01	2.74e-01	2.03e-01	8.44e-03	8.61e-05	1.27e-09	3.33e-18	4.07e-18
 1.03958e+22	6.15e-09	6.22e-05	1.86e-02	2.77e-01	3.59e-01	2.26e-01	1.16e-01	3.22e-03	2.21e-05	6.15e-09	1.78e-17	2.16e-17
 1.21038e+22	1.34e-08	1.10e-04	2.72e-02	3.32e-01	3.59e-01	1.95e-01	8.44e-02	1.91e-03	1.07e-05	1.34e-08	4.16e-17	5.04e-17
 1.30432e+22	2.21e-08	1.58e-04	3.43e-02	3.68e-01	3.54e-01	1.75e-01	6.74e-02	1.34e-03	6.60e-06	2.21e-08	7.23e-17	8.74e-17
 1.35781e+22	2.75e-08	1.84e-04	3.79e-02	3.83e-01	3.51e-01	1.66e-01	6.09e-02	1.14e-03	5.30e-06	2.75e-08	9.23e-17	1.12e-16
 1.39573e+22	3.68e-08	2.26e-04	4.31e-02	4.04e-01	3.45e-01	1.54e-01	5.29e-02	9.15e-04	3.94e-06	3.68e-08	1.28e-16	1.54e-16
 1.43573e+22	4.70e-08	2.68e-04	4.79e-02	4.21e-01	3.39e-01	1.44e-01	4.69e-02	7.58e-04	3.06e-06	4.70e-08	1.68e-16	2.03e-16
 1.47206e+22	5.95e-08	3.16e-04	5.30e-02	4.37e-01	3.33e-01	1.35e-01	4.16e-02	6.30e-04	2.39e-06	5.95e-08	2.19e-16	2.65e-16
 1.51289e+22	8.01e-08	3.88e-04	6.00e-02	4.56e-01	3.24e-01	1.24e-01	3.55e-02	4.96e-04	1.73e-06	8.01e-08	3.07e-16	3.71e-16
 1.55285e+22	9.99e-08	4.51e-04	6.58e-02	4.70e-01	3.16e-01	1.15e-01	3.15e-02	4.13e-04	1.36e-06	9.99e-08	3.95e-16	4.77e-16
 1.58609e+22	1.23e-07	5.20e-04	7.15e-02	4.83e-01	3.09e-01	1.08e-01	2.81e-02	3.47e-04	1.08e-06	1.23e-07	5.00e-16	6.04e-16
 1.62373e+22	1.62e-07	6.27e-04	7.98e-02	4.99e-01	2.98e-01	9.82e-02	2.40e-02	2.74e-04	7.87e-07	1.62e-07	6.83e-16	8.24e-16
 1.66108e+22	1.98e-07	7.19e-04	8.65e-02	5.10e-01	2.90e-01	9.14e-02	2.13e-02	2.29e-04	6.22e-07	1.98e-07	8.60e-16	1.04e-15
 1.69805e+22	2.55e-07	8.53e-04	9.54e-02	5.23e-01	2.79e-01	8.32e-02	1.83e-02	1.83e-04	4.61e-07	2.55e-07	1.15e-15	1.38e-15
 1.73627e+22	3.19e-07	9.90e-04	1.04e-01	5.34e-01	2.69e-01	7.64e-02	1.60e-02	1.49e-04	3.52e-07	3.19e-07	1.47e-15	1.78e-15
 1.77047e+22	3.92e-07	1.14e-03	1.12e-01	5.43e-01	2.60e-01	7.04e-02	1.40e-02	1.23e-04	2.73e-07	3.92e-07	1.87e-15	2.25e-15
 1.80929e+22	5.11e-07	1.36e-03	1.24e-01	5.53e-01	2.47e-01	6.31e-02	1.18e-02	9.55e-05	1.96e-07	5.11e-07	2.52e-15	3.03e-15
 1.84876e+22	6.35e-07	1.57e-03	1.34e-01	5.60e-01	2.37e-01	5.75e-02	1.02e-02	7.73e-05	1.49e-07	6.35e-07	3.22e-15	3.86e-15
 1.88906e+22	8.25e-07	1.86e-03	1.47e-01	5.67e-01	2.24e-01	5.12e-02	8.56e-03	5.96e-05	0.00e+00	8.25e-07	4.33e-15	5.20e-15
 1.92653e+22	9.89e-07	2.10e-03	1.56e-01	5.72e-01	2.15e-01	4.71e-02	7.54e-03	4.95e-05	0.00e+00	9.89e-07	5.32e-15	6.38e-15
 1.95561e+22	1.18e-06	2.35e-03	1.66e-01	5.75e-01	2.07e-01	4.34e-02	6.66e-03	4.13e-05	0.00e+00	1.18e-06	6.49e-15	7.78e-15
 1.98872e+22	1.46e-06	2.70e-03	1.78e-01	5.78e-01	1.96e-01	3.92e-02	5.72e-03	3.31e-05	0.00e+00	1.46e-06	8.25e-15	9.88e-15
 2.02283e+22	1.73e-06	3.03e-03	1.89e-01	5.79e-01	1.88e-01	3.59e-02	5.03e-03	2.75e-05	0.00e+00	1.73e-06	1.01e-14	1.21e-14
 2.05361e+22	2.07e-06	3.40e-03	2.00e-01	5.80e-01	1.79e-01	3.28e-02	4.41e-03	2.27e-05	0.00e+00	2.07e-06	1.23e-14	1.47e-14
 2.08436e+22	2.46e-06	3.81e-03	2.12e-01	5.79e-01	1.71e-01	3.00e-02	3.86e-03	1.87e-05	0.00e+00	2.46e-06	1.51e-14	1.80e-14
 2.11970e+22	3.06e-06	4.38e-03	2.27e-01	5.78e-01	1.61e-01	2.67e-02	3.26e-03	1.47e-05	0.00e+00	3.06e-06	1.94e-14	2.30e-14
 2.15529e+22	3.66e-06	4.92e-03	2.40e-01	5.76e-01	1.52e-01	2.42e-02	2.83e-03	1.19e-05	0.00e+00	3.66e-06	2.38e-14	2.83e-14
 2.18616e+22	4.34e-06	5.49e-03	2.53e-01	5.72e-01	1.45e-01	2.19e-02	2.47e-03	9.80e-06	0.00e+00	4.34e-06	2.89e-14	3.44e-14
 2.22125e+22	5.36e-06	6.29e-03	2.70e-01	5.67e-01	1.35e-01	1.94e-02	2.07e-03	7.62e-06	0.00e+00	5.36e-06	3.70e-14	4.39e-14
 2.25695e+22	6.37e-06	7.03e-03	2.84e-01	5.62e-01	1.27e-01	1.75e-02	1.79e-03	6.18e-06	0.00e+00	6.37e-06	4.52e-14	5.37e-14
 2.29344e+22	7.90e-06	8.06e-03	3.02e-01	5.54e-01	1.18e-01	1.53e-02	1.49e-03	4.75e-06	0.00e+00	7.90e-06	5.82e-14	6.89e-14
 2.33035e+22	9.43e-06	9.03e-03	3.18e-01	5.47e-01	1.11e-01	1.37e-02	1.27e-03	3.80e-06	0.00e+00	9.43e-06	7.15e-14	8.46e-14
 2.36273e+22	1.12e-05	1.00e-02	3.33e-01	5.39e-01	1.04e-01	1.23e-02	1.10e-03	3.06e-06	0.00e+00	1.12e-05	8.71e-14	1.03e-13
 2.39977e+22	1.38e-05	1.15e-02	3.53e-01	5.28e-01	9.60e-02	1.07e-02	9.04e-04	2.33e-06	0.00e+00	1.38e-05	1.12e-13	1.32e-13
 2.43767e+22	1.64e-05	1.28e-02	3.70e-01	5.17e-01	8.93e-02	9.47e-03	7.66e-04	1.84e-06	0.00e+00	1.64e-05	1.38e-13	1.63e-13
 2.47670e+22	2.03e-05	1.47e-02	3.91e-01	5.04e-01	8.17e-02	8.15e-03	6.25e-04	1.38e-06	0.00e+00	2.03e-05	1.78e-13	2.10e-13
 2.51657e+22	2.44e-05	1.65e-02	4.10e-01	4.91e-01	7.52e-02	7.11e-03	5.20e-04	1.06e-06	0.00e+00	2.44e-05	2.21e-13	2.61e-13
 2.55153e+22	2.89e-05	1.83e-02	4.28e-01	4.78e-01	6.96e-02	6.27e-03	4.39e-04	8.32e-07	0.00e+00	2.89e-05	2.71e-13	3.19e-13
 2.59096e+22	3.57e-05	2.09e-02	4.50e-01	4.61e-01	6.30e-02	5.32e-03	3.53e-04	6.11e-07	0.00e+00	3.57e-05	3.51e-13	4.12e-13
 2.63183e+22	4.27e-05	2.34e-02	4.69e-01	4.45e-01	5.75e-02	4.61e-03	2.91e-04	4.66e-07	0.00e+00	4.27e-05	4.36e-13	5.11e-13
 2.67454e+22	5.37e-05	2.69e-02	4.93e-01	4.25e-01	5.12e-02	3.82e-03	2.28e-04	3.29e-07	0.00e+00	5.37e-05	5.77e-13	6.75e-13
 2.71728e+22	6.38e-05	3.00e-02	5.11e-01	4.08e-01	4.66e-02	3.30e-03	1.88e-04	2.50e-07	0.00e+00	6.38e-05	7.14e-13	8.33e-13
 2.74942e+22	7.23e-05	3.24e-02	5.25e-01	3.96e-01	4.34e-02	2.96e-03	1.63e-04	2.05e-07	0.00e+00	7.23e-05	8.35e-13	9.71e-13
 2.76636e+22	7.46e-05	3.30e-02	5.28e-01	3.93e-01	4.26e-02	2.87e-03	1.56e-04	1.94e-07	0.00e+00	7.46e-05	8.68e-13	1.01e-12
 2.77416e+22	7.75e-05	3.38e-02	5.32e-01	3.89e-01	4.17e-02	2.78e-03	1.50e-04	1.82e-07	0.00e+00	7.75e-05	9.10e-13	1.06e-12
 2.78429e+22	8.19e-05	3.50e-02	5.38e-01	3.84e-01	4.04e-02	2.64e-03	1.41e-04	1.67e-07	0.00e+00	8.19e-05	9.74e-13	1.13e-12
 2.79746e+22	8.72e-05	3.63e-02	5.44e-01	3.78e-01	3.90e-02	2.50e-03	1.31e-04	1.51e-07	0.00e+00	8.72e-05	1.05e-12	1.22e-12
 2.81458e+22	9.52e-05	3.84e-02	5.53e-01	3.69e-01	3.71e-02	2.31e-03	1.18e-04	1.30e-07	0.00e+00	9.52e-05	1.18e-12	1.36e-12
 2.83684e+22	1.07e-04	4.12e-02	5.65e-01	3.57e-01	3.46e-02	2.08e-03	1.03e-04	0.00e+00	0.00e+00	1.07e-04	1.36e-12	1.57e-12
 2.86578e+22	1.23e-04	4.50e-02	5.79e-01	3.42e-01	3.17e-02	1.82e-03	8.64e-05	0.00e+00	0.00e+00	1.23e-04	1.64e-12	1.88e-12
 2.89688e+22	1.41e-04	4.89e-02	5.92e-01	3.28e-01	2.91e-02	1.59e-03	7.30e-05	0.00e+00	0.00e+00	1.41e-04	1.95e-12	2.22e-12
 2.92603e+22	1.60e-04	5.28e-02	6.04e-01	3.15e-01	2.68e-02	1.41e-03	6.23e-05	0.00e+00	0.00e+00	1.60e-04	2.29e-12	2.60e-12
 2.95917e+22	1.88e-04	5.81e-02	6.19e-01	2.98e-01	2.41e-02	1.20e-03	5.08e-05	0.00e+00	0.00e+00	1.88e-04	2.81e-12	3.17e-12
 2.99322e+22	2.14e-04	6.30e-02	6.30e-01	2.83e-01	2.19e-02	1.04e-03	4.25e-05	0.00e+00	0.00e+00	2.14e-04	3.35e-12	3.75e-12
 3.02374e+22	2.44e-04	6.81e-02	6.41e-01	2.70e-01	2.00e-02	9.07e-04	3.57e-05	0.00e+00	0.00e+00	2.44e-04	3.98e-12	4.42e-12
 3.05871e+22	2.88e-04	7.53e-02	6.54e-01	2.52e-01	1.77e-02	7.58e-04	2.84e-05	0.00e+00	0.00e+00	2.88e-04	4.97e-12	5.46e-12
 3.09413e+22	3.28e-04	8.12e-02	6.63e-01	2.38e-01	1.60e-02	6.55e-04	2.37e-05	0.00e+00	0.00e+00	3.28e-04	5.90e-12	6.43e-12
 3.13014e+22	3.87e-04	8.96e-02	6.74e-01	2.21e-01	1.41e-02	5.41e-04	1.86e-05	0.00e+00	0.00e+00	3.87e-04	7.40e-12	7.96e-12
 3.16689e+22	4.41e-04	9.68e-02	6.82e-01	2.08e-01	1.26e-02	4.63e-04	1.53e-05	0.00e+00	0.00e+00	4.41e-04	8.86e-12	9.42e-12
 3.20460e+22	5.21e-04	1.07e-01	6.90e-01	1.91e-01	1.10e-02	3.78e-04	1.19e-05	0.00e+00	0.00e+00	5.21e-04	1.12e-11	1.17e-11
 3.24334e+22	5.96e-04	1.15e-01	6.96e-01	1.78e-01	9.75e-03	3.18e-04	9.62e-06	0.00e+00	0.00e+00	5.96e-04	1.36e-11	1.39e-11
 3.28341e+22	7.09e-04	1.28e-01	7.02e-01	1.61e-01	8.36e-03	2.54e-04	7.31e-06	0.00e+00	0.00e+00	7.09e-04	1.74e-11	1.75e-11
 3.32399e+22	8.10e-04	1.38e-01	7.05e-01	1.49e-01	7.36e-03	2.12e-04	5.84e-06	0.00e+00	0.00e+00	8.10e-04	2.11e-11	2.09e-11
 3.36524e+22	9.63e-04	1.52e-01	7.07e-01	1.34e-01	6.24e-03	1.67e-04	4.38e-06	0.00e+00	0.00e+00	9.63e-04	2.72e-11	2.63e-11
 3.40710e+22	1.10e-03	1.64e-01	7.07e-01	1.22e-01	5.45e-03	1.37e-04	3.46e-06	0.00e+00	0.00e+00	1.10e-03	3.31e-11	3.13e-11
 3.44976e+22	1.30e-03	1.80e-01	7.05e-01	1.09e-01	4.59e-03	1.07e-04	2.57e-06	0.00e+00	0.00e+00	1.30e-03	4.26e-11	3.92e-11
 3.49351e+22	1.49e-03	1.95e-01	7.01e-01	9.84e-02	3.95e-03	8.66e-05	1.99e-06	0.00e+00	0.00e+00	1.49e-03	5.23e-11	4.70e-11
 3.53870e+22	1.77e-03	2.14e-01	6.94e-01	8.61e-02	3.28e-03	6.60e-05	1.44e-06	0.00e+00	0.00e+00	1.77e-03	6.79e-11	5.93e-11
 3.58468e+22	2.04e-03	2.31e-01	6.87e-01	7.67e-02	2.78e-03	5.23e-05	1.09e-06	0.00e+00	0.00e+00	2.04e-03	8.38e-11	7.15e-11
 3.63167e+22	2.45e-03	2.55e-01	6.75e-01	6.57e-02	2.26e-03	3.87e-05	7.68e-07	0.00e+00	0.00e+00	2.45e-03	1.11e-10	9.13e-11
 3.67294e+22	2.66e-03	2.66e-01	6.68e-01	6.04e-02	2.01e-03	3.28e-05	6.34e-07	0.00e+00	0.00e+00	2.66e-03	1.26e-10	1.03e-10
 3.70677e+22	3.02e-03	2.85e-01	6.57e-01	5.38e-02	1.73e-03	2.63e-05	4.91e-07	0.00e+00	0.00e+00	3.02e-03	1.54e-10	1.22e-10
 3.75074e+22	3.55e-03	3.10e-01	6.39e-01	4.60e-02	1.42e-03	1.96e-05	3.52e-07	0.00e+00	0.00e+00	3.55e-03	1.96e-10	1.52e-10
 3.79854e+22	4.08e-03	3.33e-01	6.22e-01	3.96e-02	1.18e-03	1.50e-05	2.59e-07	0.00e+00	0.00e+00	4.08e-03	2.44e-10	1.85e-10
 3.85133e+22	4.95e-03	3.67e-01	5.95e-01	3.22e-02	9.16e-04	1.03e-05	1.71e-07	0.00e+00	0.00e+00	4.95e-03	3.27e-10	2.40e-10
 3.90494e+22	5.67e-03	3.93e-01	5.74e-01	2.72e-02	7.53e-04	7.67e-06	1.24e-07	0.00e+00	0.00e+00	5.67e-03	4.04e-10	2.91e-10
 3.95963e+22	6.88e-03	4.31e-01	5.40e-01	2.15e-02	5.77e-04	5.11e-06	0.00e+00	0.00e+00	0.00e+00	6.88e-03	5.42e-10	3.80e-10
 4.01651e+22	7.98e-03	4.62e-01	5.12e-01	1.75e-02	4.62e-04	3.62e-06	0.00e+00	0.00e+00	0.00e+00	7.98e-03	6.81e-10	4.70e-10
 4.07623e+22	9.80e-03	5.08e-01	4.69e-01	1.32e-02	3.42e-04	2.25e-06	0.00e+00	0.00e+00	0.00e+00	9.80e-03	9.28e-10	6.25e-10
 4.13823e+22	1.15e-02	5.44e-01	4.34e-01	1.02e-02	2.66e-04	1.50e-06	0.00e+00	0.00e+00	0.00e+00	1.15e-02	1.18e-09	7.86e-10
 4.18618e+22	1.29e-02	5.70e-01	4.08e-01	8.48e-03	2.22e-04	1.12e-06	0.00e+00	0.00e+00	0.00e+00	1.29e-02	1.40e-09	9.20e-10
 4.23154e+22	1.50e-02	6.06e-01	3.72e-01	6.56e-03	1.75e-04	7.50e-07	0.00e+00	0.00e+00	0.00e+00	1.50e-02	1.75e-09	1.14e-09
 4.27836e+22	1.71e-02	6.36e-01	3.42e-01	5.20e-03	1.42e-04	5.26e-07	0.00e+00	0.00e+00	0.00e+00	1.71e-02	2.12e-09	1.36e-09
 4.32709e+22	2.02e-02	6.74e-01	3.02e-01	3.80e-03	1.08e-04	3.28e-07	0.00e+00	0.00e+00	0.00e+00	2.02e-02	2.70e-09	1.72e-09
 4.37706e+22	2.32e-02	7.04e-01	2.70e-01	2.87e-03	8.50e-05	2.16e-07	0.00e+00	0.00e+00	0.00e+00	2.32e-02	3.29e-09	2.08e-09
 4.42865e+22	2.79e-02	7.42e-01	2.28e-01	1.95e-03	6.20e-05	1.23e-07	0.00e+00	0.00e+00	0.00e+00	2.79e-02	4.27e-09	2.68e-09
 4.48188e+22	3.28e-02	7.71e-01	1.95e-01	1.37e-03	4.67e-05	0.00e+00	0.00e+00	0.00e+00	0.00e+00	3.28e-02	5.34e-09	3.32e-09
 4.52410e+22	3.74e-02	7.92e-01	1.70e-01	1.01e-03	3.70e-05	0.00e+00	0.00e+00	0.00e+00	0.00e+00	3.74e-02	6.36e-09	3.93e-09
 4.56583e+22	4.41e-02	8.14e-01	1.41e-01	6.90e-04	2.75e-05	0.00e+00	0.00e+00	0.00e+00	0.00e+00	4.41e-02	7.95e-09	4.87e-09
 4.60930e+22	5.19e-02	8.32e-01	1.16e-01	4.71e-04	2.05e-05	0.00e+00	0.00e+00	0.00e+00	0.00e+00	5.19e-02	9.81e-09	5.96e-09
 4.64770e+22	6.07e-02	8.44e-01	9.52e-02	3.24e-04	1.54e-05	0.00e+00	0.00e+00	0.00e+00	0.00e+00	6.07e-02	1.20e-08	7.26e-09
 4.69029e+22	7.43e-02	8.53e-01	7.25e-02	1.98e-04	1.05e-05	0.00e+00	0.00e+00	0.00e+00	0.00e+00	7.43e-02	1.56e-08	9.36e-09
 4.73327e+22	9.10e-02	8.54e-01	5.46e-02	1.22e-04	7.16e-06	0.00e+00	0.00e+00	0.00e+00	0.00e+00	9.10e-02	1.99e-08	1.20e-08
 4.76759e+22	1.09e-01	8.49e-01	4.19e-02	7.96e-05	5.05e-06	0.00e+00	0.00e+00	0.00e+00	0.00e+00	1.09e-01	2.48e-08	1.49e-08
 4.79735e+22	1.30e-01	8.38e-01	3.20e-02	5.32e-05	3.56e-06	0.00e+00	0.00e+00	0.00e+00	0.00e+00	1.30e-01	3.04e-08	1.83e-08
 4.82542e+22	1.56e-01	8.20e-01	2.40e-02	3.55e-05	2.45e-06	0.00e+00	0.00e+00	0.00e+00	0.00e+00	1.56e-01	3.73e-08	2.24e-08
 4.85163e+22	1.86e-01	7.96e-01	1.79e-02	2.41e-05	1.67e-06	0.00e+00	0.00e+00	0.00e+00	0.00e+00	1.86e-01	4.51e-08	2.72e-08
 4.87555e+22	2.21e-01	7.66e-01	1.32e-02	1.67e-05	1.13e-06	0.00e+00	0.00e+00	0.00e+00	0.00e+00	2.21e-01	5.39e-08	3.23e-08
 4.89729e+22	2.59e-01	7.31e-01	9.81e-03	1.19e-05	7.69e-07	0.00e+00	0.00e+00	0.00e+00	0.00e+00	2.59e-01	6.32e-08	3.78e-08
 4.91082e+22	2.85e-01	7.06e-01	8.18e-03	9.77e-06	6.12e-07	0.00e+00	0.00e+00	0.00e+00	0.00e+00	2.85e-01	6.86e-08	4.11e-08
 4.91578e+22	2.96e-01	6.97e-01	7.63e-03	9.07e-06	5.59e-07	0.00e+00	0.00e+00	0.00e+00	0.00e+00	2.96e-01	7.08e-08	4.23e-08
 4.91975e+22	3.05e-01	6.88e-01	7.16e-03	8.49e-06	5.14e-07	0.00e+00	0.00e+00	0.00e+00	0.00e+00	3.05e-01	7.28e-08	4.35e-08
 4.92490e+22	3.17e-01	6.76e-01	6.58e-03	7.79e-06	4.61e-07	0.00e+00	0.00e+00	0.00e+00	0.00e+00	3.17e-01	7.55e-08	4.51e-08
 4.93096e+22	3.32e-01	6.62e-01	5.96e-03	7.05e-06	4.05e-07	0.00e+00	0.00e+00	0.00e+00	0.00e+00	3.32e-01	7.86e-08	4.69e-08
 4.93701e+22	3.47e-01	6.48e-01	5.42e-03	6.41e-06	3.58e-07	0.00e+00	0.00e+00	0.00e+00	0.00e+00	3.47e-01	8.15e-08	4.86e-08
 4.94291e+22	3.62e-01	6.33e-01	4.91e-03	5.83e-06	3.15e-07	0.00e+00	0.00e+00	0.00e+00	0.00e+00	3.62e-01	8.44e-08	5.03e-08
 4.94888e+22	3.79e-01	6.17e-01	4.43e-03	5.29e-06	2.76e-07	0.00e+00	0.00e+00	0.00e+00	0.00e+00	3.79e-01	8.74e-08	5.21e-08
 4.95478e+22	3.95e-01	6.01e-01	4.01e-03	4.81e-06	2.42e-07	0.00e+00	0.00e+00	0.00e+00	0.00e+00	3.95e-01	9.02e-08	5.37e-08
 4.96075e+22	4.12e-01	5.85e-01	3.61e-03	4.37e-06	2.11e-07	0.00e+00	0.00e+00	0.00e+00	0.00e+00	4.12e-01	9.30e-08	5.54e-08
 4.96690e+22	4.30e-01	5.67e-01	3.24e-03	3.96e-06	1.84e-07	0.00e+00	0.00e+00	0.00e+00	0.00e+00	4.30e-01	9.58e-08	5.70e-08
 4.97320e+22	4.48e-01	5.49e-01	2.90e-03	3.58e-06	1.59e-07	0.00e+00	0.00e+00	0.00e+00	0.00e+00	4.48e-01	9.85e-08	5.86e-08
 4.97961e+22	4.67e-01	5.30e-01	2.58e-03	3.23e-06	1.37e-07	0.00e+00	0.00e+00	0.00e+00	0.00e+00	4.67e-01	1.01e-07	6.01e-08
 4.98615e+22	4.87e-01	5.11e-01	2.29e-03	2.91e-06	0.00e+00	0.00e+00	0.00e+00	0.00e+00	0.00e+00	4.87e-01	1.04e-07	6.15e-08
 4.99283e+22	5.07e-01	4.91e-01	2.02e-03	2.62e-06	0.00e+00	0.00e+00	0.00e+00	0.00e+00	0.00e+00	5.07e-01	1.06e-07	6.28e-08
 4.99973e+22	5.28e-01	4.70e-01	1.78e-03	2.35e-06	0.00e+00	0.00e+00	0.00e+00	0.00e+00	0.00e+00	5.28e-01	1.08e-07	6.40e-08
 5.00690e+22	5.50e-01	4.49e-01	1.55e-03	2.10e-06	0.00e+00	0.00e+00	0.00e+00	0.00e+00	0.00e+00	5.50e-01	1.10e-07	6.51e-08
 5.01436e+22	5.72e-01	4.27e-01	1.35e-03	1.88e-06	0.00e+00	0.00e+00	0.00e+00	0.00e+00	0.00e+00	5.72e-01	1.11e-07	6.60e-08
 5.02182e+22	5.94e-01	4.05e-01	1.17e-03	1.68e-06	0.00e+00	0.00e+00	0.00e+00	0.00e+00	0.00e+00	5.94e-01	1.13e-07	6.66e-08
 5.02763e+22	6.09e-01	3.90e-01	1.06e-03	1.55e-06	0.00e+00	0.00e+00	0.00e+00	0.00e+00	0.00e+00	6.09e-01	1.13e-07	6.69e-08
 5.03151e+22	6.20e-01	3.79e-01	9.89e-04	1.47e-06	0.00e+00	0.00e+00	0.00e+00	0.00e+00	0.00e+00	6.20e-01	1.13e-07	6.71e-08
 5.03523e+22	6.29e-01	3.70e-01	9.23e-04	1.39e-06	0.00e+00	0.00e+00	0.00e+00	0.00e+00	0.00e+00	6.29e-01	1.14e-07	6.72e-08
 5.03968e+22	6.41e-01	3.58e-01	8.49e-04	1.30e-06	0.00e+00	0.00e+00	0.00e+00	0.00e+00	0.00e+00	6.41e-01	1.14e-07	6.74e-08
 5.04458e+22	6.54e-01	3.45e-01	7.75e-04	1.22e-06	0.00e+00	0.00e+00	0.00e+00	0.00e+00	0.00e+00	6.54e-01	1.14e-07	6.74e-08
 5.04929e+22	6.65e-01	3.34e-01	7.13e-04	1.14e-06	0.00e+00	0.00e+00	0.00e+00	0.00e+00	0.00e+00	6.65e-01	1.14e-07	6.74e-08
 5.05387e+22	6.76e-01	3.23e-01	6.56e-04	1.08e-06	0.00e+00	0.00e+00	0.00e+00	0.00e+00	0.00e+00	6.76e-01	1.14e-07	6.74e-08
 5.05858e+22	6.88e-01	3.12e-01	6.02e-04	1.01e-06	0.00e+00	0.00e+00	0.00e+00	0.00e+00	0.00e+00	6.88e-01	1.14e-07	6.73e-08
 5.06335e+22	6.98e-01	3.01e-01	5.53e-04	9.49e-07	0.00e+00	0.00e+00	0.00e+00	0.00e+00	0.00e+00	6.98e-01	1.14e-07	6.71e-08
 5.06818e+22	7.09e-01	2.91e-01	5.08e-04	8.92e-07	0.00e+00	0.00e+00	0.00e+00	0.00e+00	0.00e+00	7.09e-01	1.14e-07	6.69e-08
 5.07314e+22	7.19e-01	2.81e-01	4.66e-04	8.38e-07	0.00e+00	0.00e+00	0.00e+00	0.00e+00	0.00e+00	7.19e-01	1.13e-07	6.67e-08
 5.07823e+22	7.29e-01	2.70e-01	4.27e-04	7.87e-07	0.00e+00	0.00e+00	0.00e+00	0.00e+00	0.00e+00	7.29e-01	1.13e-07	6.64e-08
 5.08342e+22	7.39e-01	2.60e-01	3.90e-04	7.39e-07	0.00e+00	0.00e+00	0.00e+00	0.00e+00	0.00e+00	7.39e-01	1.12e-07	6.61e-08
 5.08866e+22	7.49e-01	2.51e-01	3.57e-04	6.95e-07	0.00e+00	0.00e+00	0.00e+00	0.00e+00	0.00e+00	7.49e-01	1.12e-07	6.57e-08
 5.09401e+22	7.58e-01	2.42e-01	3.27e-04	6.54e-07	0.00e+00	0.00e+00	0.00e+00	0.00e+00	0.00e+00	7.58e-01	1.11e-07	6.54e-08
 5.09953e+22	7.67e-01	2.33e-01	2.98e-04	6.15e-07	0.00e+00	0.00e+00	0.00e+00	0.00e+00	0.00e+00	7.67e-01	1.11e-07	6.50e-08
 5.10522e+22	7.76e-01	2.24e-01	2.72e-04	5.77e-07	0.00e+00	0.00e+00	0.00e+00	0.00e+00	0.00e+00	7.76e-01	1.10e-07	6.46e-08
 5.11099e+22	7.85e-01	2.15e-01	2.48e-04	5.43e-07	0.00e+00	0.00e+00	0.00e+00	0.00e+00	0.00e+00	7.85e-01	1.09e-07	6.41e-08
 5.11689e+22	7.93e-01	2.07e-01	2.26e-04	5.11e-07	0.00e+00	0.00e+00	0.00e+00	0.00e+00	0.00e+00	7.93e-01	1.09e-07	6.37e-08
 5.12300e+22	8.01e-01	1.99e-01	2.06e-04	4.80e-07	0.00e+00	0.00e+00	0.00e+00	0.00e+00	0.00e+00	8.01e-01	1.08e-07	6.32e-08
 5.12927e+22	8.09e-01	1.91e-01	1.87e-04	4.51e-07	0.00e+00	0.00e+00	0.00e+00	0.00e+00	0.00e+00	8.09e-01	1.07e-07	6.27e-08
 5.13569e+22	8.16e-01	1.83e-01	1.70e-04	4.24e-07	0.00e+00	0.00e+00	0.00e+00	0.00e+00	0.00e+00	8.16e-01	1.07e-07	6.23e-08
 5.14233e+22	8.24e-01	1.76e-01	1.55e-04	3.98e-07	0.00e+00	0.00e+00	0.00e+00	0.00e+00	0.00e+00	8.24e-01	1.06e-07	6.15e-08
 5.14912e+22	8.31e-01	1.69e-01	1.41e-04	3.75e-07	0.00e+00	0.00e+00	0.00e+00	0.00e+00	0.00e+00	8.31e-01	1.05e-07	6.09e-08
 5.15607e+22	8.38e-01	1.62e-01	1.28e-04	3.52e-07	0.00e+00	0.00e+00	0.00e+00	0.00e+00	0.00e+00	8.38e-01	1.04e-07	6.02e-08
 5.16330e+22	8.45e-01	1.55e-01	1.16e-04	3.31e-07	0.00e+00	0.00e+00	0.00e+00	0.00e+00	0.00e+00	8.45e-01	1.03e-07	5.95e-08
 5.17072e+22	8.51e-01	1.49e-01	1.05e-04	3.11e-07	0.00e+00	0.00e+00	0.00e+00	0.00e+00	0.00e+00	8.51e-01	1.02e-07	5.89e-08
 5.17832e+22	8.57e-01	1.43e-01	9.54e-05	2.92e-07	0.00e+00	0.00e+00	0.00e+00	0.00e+00	0.00e+00	8.57e-01	1.02e-07	5.82e-08
 5.18614e+22	8.63e-01	1.37e-01	8.66e-05	2.74e-07	0.00e+00	0.00e+00	0.00e+00	0.00e+00	0.00e+00	8.63e-01	1.01e-07	5.75e-08
 5.19413e+22	8.69e-01	1.31e-01	7.88e-05	2.58e-07	0.00e+00	0.00e+00	0.00e+00	0.00e+00	0.00e+00	8.69e-01	9.98e-08	5.68e-08
 5.20220e+22	8.75e-01	1.25e-01	7.18e-05	2.43e-07	0.00e+00	0.00e+00	0.00e+00	0.00e+00	0.00e+00	8.75e-01	9.91e-08	5.62e-08
 5.21043e+22	8.80e-01	1.20e-01	6.56e-05	2.28e-07	0.00e+00	0.00e+00	0.00e+00	0.00e+00	0.00e+00	8.80e-01	9.84e-08	5.56e-08
 5.21886e+22	8.85e-01	1.15e-01	6.00e-05	2.15e-07	0.00e+00	0.00e+00	0.00e+00	0.00e+00	0.00e+00	8.85e-01	9.76e-08	5.49e-08
 5.22735e+22	8.89e-01	1.11e-01	5.51e-05	2.03e-07	0.00e+00	0.00e+00	0.00e+00	0.00e+00	0.00e+00	8.89e-01	9.70e-08	5.43e-08
 5.23592e+22	8.94e-01	1.06e-01	5.07e-05	1.91e-07	0.00e+00	0.00e+00	0.00e+00	0.00e+00	0.00e+00	8.94e-01	9.64e-08	5.37e-08
 5.24472e+22	8.98e-01	1.02e-01	4.68e-05	1.81e-07	0.00e+00	0.00e+00	0.00e+00	0.00e+00	0.00e+00	8.98e-01	9.58e-08	5.32e-08
 5.25363e+22	9.02e-01	9.79e-02	4.33e-05	1.71e-07	0.00e+00	0.00e+00	0.00e+00	0.00e+00	0.00e+00	9.02e-01	9.53e-08	5.27e-08
 5.26265e+22	9.06e-01	9.43e-02	4.03e-05	1.61e-07	0.00e+00	0.00e+00	0.00e+00	0.00e+00	0.00e+00	9.06e-01	9.49e-08	5.23e-08
 5.27193e+22	9.09e-01	9.05e-02	3.75e-05	1.53e-07	0.00e+00	0.00e+00	0.00e+00	0.00e+00	0.00e+00	9.09e-01	9.45e-08	5.18e-08
 5.28147e+22	9.13e-01	8.70e-02	3.50e-05	1.44e-07	0.00e+00	0.00e+00	0.00e+00	0.00e+00	0.00e+00	9.13e-01	9.41e-08	5.13e-08
 5.29114e+22	9.16e-01	8.36e-02	3.27e-05	1.36e-07	0.00e+00	0.00e+00	0.00e+00	0.00e+00	0.00e+00	9.16e-01	9.37e-08	5.09e-08
 5.30094e+22	9.20e-01	8.03e-02	3.07e-05	1.29e-07	0.00e+00	0.00e+00	0.00e+00	0.00e+00	0.00e+00	9.20e-01	9.34e-08	5.05e-08
 5.31104e+22	9.23e-01	7.72e-02	2.90e-05	0.00e+00	0.00e+00	0.00e+00	0.00e+00	0.00e+00	0.00e+00	9.23e-01	9.31e-08	5.01e-08
 5.32141e+22	9.26e-01	7.42e-02	2.74e-05	0.00e+00	0.00e+00	0.00e+00	0.00e+00	0.00e+00	0.00e+00	9.26e-01	9.29e-08	4.97e-08
 5.33166e+22	9.29e-01	7.14e-02	2.60e-05	0.00e+00	0.00e+00	0.00e+00	0.00e+00	0.00e+00	0.00e+00	9.29e-01	9.27e-08	4.93e-08
 5.34144e+22	9.31e-01	6.89e-02	2.49e-05	0.00e+00	0.00e+00	0.00e+00	0.00e+00	0.00e+00	0.00e+00	9.31e-01	9.24e-08	4.90e-08
 5.35048e+22	9.33e-01	6.67e-02	2.39e-05	0.00e+00	0.00e+00	0.00e+00	0.00e+00	0.00e+00	0.00e+00	9.33e-01	9.22e-08	4.87e-08
 5.35887e+22	9.35e-01	6.48e-02	2.32e-05	0.00e+00	0.00e+00	0.00e+00	0.00e+00	0.00e+00	0.00e+00	9.35e-01	9.19e-08	4.83e-08
 5.36661e+22	9.37e-01	6.31e-02	2.25e-05	0.00e+00	0.00e+00	0.00e+00	0.00e+00	0.00e+00	0.00e+00	9.37e-01	9.17e-08	4.81e-08
 5.37407e+22	9.38e-01	6.15e-02	2.20e-05	0.00e+00	0.00e+00	0.00e+00	0.00e+00	0.00e+00	0.00e+00	9.38e-01	9.16e-08	4.79e-08
 5.38156e+22	9.40e-01	6.00e-02	2.14e-05	0.00e+00	0.00e+00	0.00e+00	0.00e+00	0.00e+00	0.00e+00	9.40e-01	9.15e-08	4.77e-08
 5.38892e+22	9.42e-01	5.83e-02	2.09e-05	0.00e+00	0.00e+00	0.00e+00	0.00e+00	0.00e+00	0.00e+00	9.42e-01	9.13e-08	4.74e-08
 5.39580e+22	9.43e-01	5.69e-02	2.05e-05	0.00e+00	0.00e+00	0.00e+00	0.00e+00	0.00e+00	0.00e+00	9.43e-01	9.12e-08	4.72e-08
 5.40221e+22	9.44e-01	5.56e-02	2.01e-05	0.00e+00	0.00e+00	0.00e+00	0.00e+00	0.00e+00	0.00e+00	9.44e-01	9.11e-08	4.70e-08
 5.40866e+22	9.46e-01	5.43e-02	1.98e-05	0.00e+00	0.00e+00	0.00e+00	0.00e+00	0.00e+00	0.00e+00	9.46e-01	9.10e-08	4.68e-08
 5.41489e+22	9.47e-01	5.31e-02	1.95e-05	0.00e+00	0.00e+00	0.00e+00	0.00e+00	0.00e+00	0.00e+00	9.47e-01	9.08e-08	4.66e-08
 5.42077e+22	9.48e-01	5.20e-02	1.92e-05	0.00e+00	0.00e+00	0.00e+00	0.00e+00	0.00e+00	0.00e+00	9.48e-01	9.08e-08	4.65e-08
 5.42660e+22	9.49e-01	5.08e-02	1.89e-05	0.00e+00	0.00e+00	0.00e+00	0.00e+00	0.00e+00	0.00e+00	9.49e-01	9.06e-08	4.63e-08
 5.43219e+22	9.50e-01	4.97e-02	1.87e-05	0.00e+00	0.00e+00	0.00e+00	0.00e+00	0.00e+00	0.00e+00	9.50e-01	9.05e-08	4.61e-08
 5.43745e+22	9.51e-01	4.88e-02	1.85e-05	0.00e+00	0.00e+00	0.00e+00	0.00e+00	0.00e+00	0.00e+00	9.51e-01	9.05e-08	4.60e-08
 5.44271e+22	9.52e-01	4.77e-02	1.82e-05	0.00e+00	0.00e+00	0.00e+00	0.00e+00	0.00e+00	0.00e+00	9.52e-01	9.03e-08	4.58e-08
 5.44776e+22	9.53e-01	4.68e-02	1.80e-05	0.00e+00	0.00e+00	0.00e+00	0.00e+00	0.00e+00	0.00e+00	9.53e-01	9.02e-08	4.56e-08
 5.45233e+22	9.54e-01	4.59e-02	1.79e-05	0.00e+00	0.00e+00	0.00e+00	0.00e+00	0.00e+00	0.00e+00	9.54e-01	9.01e-08	4.55e-08
 5.45649e+22	9.55e-01	4.52e-02	1.77e-05	0.00e+00	0.00e+00	0.00e+00	0.00e+00	0.00e+00	0.00e+00	9.55e-01	9.00e-08	4.53e-08
 5.46028e+22	9.56e-01	4.45e-02	1.76e-05	0.00e+00	0.00e+00	0.00e+00	0.00e+00	0.00e+00	0.00e+00	9.56e-01	8.98e-08	4.52e-08
 5.46372e+22	9.56e-01	4.38e-02	1.75e-05	0.00e+00	0.00e+00	0.00e+00	0.00e+00	0.00e+00	0.00e+00	9.56e-01	8.97e-08	4.50e-08
 5.46686e+22	9.57e-01	4.33e-02	1.74e-05	0.00e+00	0.00e+00	0.00e+00	0.00e+00	0.00e+00	0.00e+00	9.57e-01	8.96e-08	4.49e-08
 5.46971e+22	9.57e-01	4.28e-02	1.73e-05	0.00e+00	0.00e+00	0.00e+00	0.00e+00	0.00e+00	0.00e+00	9.57e-01	8.95e-08	4.48e-08
 5.47283e+22	9.58e-01	4.21e-02	1.72e-05	0.00e+00	0.00e+00	0.00e+00	0.00e+00	0.00e+00	0.00e+00	9.58e-01	8.93e-08	4.47e-08
 5.47621e+22	9.59e-01	4.14e-02	1.70e-05	0.00e+00	0.00e+00	0.00e+00	0.00e+00	0.00e+00	0.00e+00	9.59e-01	8.89e-08	4.45e-08
 5.47928e+22	9.59e-01	4.09e-02	1.69e-05	0.00e+00	0.00e+00	0.00e+00	0.00e+00	0.00e+00	0.00e+00	9.59e-01	8.86e-08	4.44e-08
 5.48207e+22	9.60e-01	4.04e-02	1.68e-05	0.00e+00	0.00e+00	0.00e+00	0.00e+00	0.00e+00	0.00e+00	9.60e-01	8.83e-08	4.43e-08
 5.48462e+22	9.60e-01	3.99e-02	1.67e-05	0.00e+00	0.00e+00	0.00e+00	0.00e+00	0.00e+00	0.00e+00	9.60e-01	8.79e-08	4.41e-08
 5.48693e+22	9.60e-01	3.96e-02	1.67e-05	0.00e+00	0.00e+00	0.00e+00	0.00e+00	0.00e+00	0.00e+00	9.60e-01	8.77e-08	4.41e-08
 5.48946e+22	9.61e-01	3.91e-02	1.65e-05	0.00e+00	0.00e+00	0.00e+00	0.00e+00	0.00e+00	0.00e+00	9.61e-01	8.75e-08	4.40e-08
 5.49276e+22	9.62e-01	3.84e-02	1.64e-05	0.00e+00	0.00e+00	0.00e+00	0.00e+00	0.00e+00	0.00e+00	9.62e-01	8.71e-08	4.38e-08
 5.49632e+22	9.62e-01	3.77e-02	1.62e-05	0.00e+00	0.00e+00	0.00e+00	0.00e+00	0.00e+00	0.00e+00	9.62e-01	8.67e-08	4.37e-08
 5.49956e+22	9.63e-01	3.71e-02	1.61e-05	0.00e+00	0.00e+00	0.00e+00	0.00e+00	0.00e+00	0.00e+00	9.63e-01	8.64e-08	4.36e-08
 5.50250e+22	9.63e-01	3.67e-02	1.60e-05	0.00e+00	0.00e+00	0.00e+00	0.00e+00	0.00e+00	0.00e+00	9.63e-01	8.62e-08	4.35e-08
 5.50519e+22	9.64e-01	3.61e-02	1.59e-05	0.00e+00	0.00e+00	0.00e+00	0.00e+00	0.00e+00	0.00e+00	9.64e-01	8.58e-08	4.33e-08
 5.50763e+22	9.64e-01	3.59e-02	1.58e-05	0.00e+00	0.00e+00	0.00e+00	0.00e+00	0.00e+00	0.00e+00	9.64e-01	8.58e-08	4.33e-08
 5.51030e+22	9.64e-01	3.55e-02	1.57e-05	0.00e+00	0.00e+00	0.00e+00	0.00e+00	0.00e+00	0.00e+00	9.64e-01	8.57e-08	4.33e-08
 5.51378e+22	9.65e-01	3.49e-02	1.55e-05	0.00e+00	0.00e+00	0.00e+00	0.00e+00	0.00e+00	0.00e+00	9.65e-01	8.55e-08	4.32e-08
 5.51753e+22	9.66e-01	3.43e-02	1.53e-05	0.00e+00	0.00e+00	0.00e+00	0.00e+00	0.00e+00	0.00e+00	9.66e-01	8.53e-08	4.31e-08
 5.52094e+22	9.66e-01	3.38e-02	1.52e-05	0.00e+00	0.00e+00	0.00e+00	0.00e+00	0.00e+00	0.00e+00	9.66e-01	8.51e-08	4.30e-08
 5.52405e+22	9.67e-01	3.33e-02	1.51e-05	0.00e+00	0.00e+00	0.00e+00	0.00e+00	0.00e+00	0.00e+00	9.67e-01	8.49e-08	4.29e-08
 5.52688e+22	9.67e-01	3.30e-02	1.50e-05	0.00e+00	0.00e+00	0.00e+00	0.00e+00	0.00e+00	0.00e+00	9.67e-01	8.48e-08	4.28e-08
 5.52998e+22	9.67e-01	3.25e-02	1.48e-05	0.00e+00	0.00e+00	0.00e+00	0.00e+00	0.00e+00	0.00e+00	9.67e-01	8.47e-08	4.28e-08
 5.53401e+22	9.68e-01	3.19e-02	1.46e-05	0.00e+00	0.00e+00	0.00e+00	0.00e+00	0.00e+00	0.00e+00	9.68e-01	8.45e-08	4.27e-08
 5.53836e+22	9.69e-01	3.12e-02	1.44e-05	0.00e+00	0.00e+00	0.00e+00	0.00e+00	0.00e+00	0.00e+00	9.69e-01	8.43e-08	4.26e-08
 5.54231e+22	9.69e-01	3.07e-02	1.42e-05	0.00e+00	0.00e+00	0.00e+00	0.00e+00	0.00e+00	0.00e+00	9.69e-01	8.41e-08	4.25e-08
 5.54591e+22	9.70e-01	3.02e-02	1.41e-05	0.00e+00	0.00e+00	0.00e+00	0.00e+00	0.00e+00	0.00e+00	9.70e-01	8.40e-08	4.24e-08
 5.54919e+22	9.70e-01	2.98e-02	1.39e-05	0.00e+00	0.00e+00	0.00e+00	0.00e+00	0.00e+00	0.00e+00	9.70e-01	8.38e-08	4.23e-08
 5.55217e+22	9.71e-01	2.94e-02	1.38e-05	0.00e+00	0.00e+00	0.00e+00	0.00e+00	0.00e+00	0.00e+00	9.71e-01	8.36e-08	4.22e-08
 5.55489e+22	9.71e-01	2.90e-02	1.36e-05	0.00e+00	0.00e+00	0.00e+00	0.00e+00	0.00e+00	0.00e+00	9.71e-01	8.34e-08	4.21e-08
 5.55736e+22	9.71e-01	2.87e-02	1.35e-05	0.00e+00	0.00e+00	0.00e+00	0.00e+00	0.00e+00	0.00e+00	9.71e-01	8.32e-08	4.19e-08
 5.55961e+22	9.71e-01	2.85e-02	1.34e-05	0.00e+00	0.00e+00	0.00e+00	0.00e+00	0.00e+00	0.00e+00	9.71e-01	8.31e-08	4.19e-08
 5.56207e+22	9.72e-01	2.81e-02	1.33e-05	0.00e+00	0.00e+00	0.00e+00	0.00e+00	0.00e+00	0.00e+00	9.72e-01	8.30e-08	4.18e-08
 5.56527e+22	9.72e-01	2.76e-02	1.31e-05	0.00e+00	0.00e+00	0.00e+00	0.00e+00	0.00e+00	0.00e+00	9.72e-01	8.28e-08	4.16e-08
 5.56873e+22	9.73e-01	2.72e-02	1.30e-05	0.00e+00	0.00e+00	0.00e+00	0.00e+00	0.00e+00	0.00e+00	9.73e-01	8.26e-08	4.15e-08
 5.57187e+22	9.73e-01	2.67e-02	1.28e-05	0.00e+00	0.00e+00	0.00e+00	0.00e+00	0.00e+00	0.00e+00	9.73e-01	8.24e-08	4.14e-08
 5.57473e+22	9.74e-01	2.64e-02	1.27e-05	0.00e+00	0.00e+00	0.00e+00	0.00e+00	0.00e+00	0.00e+00	9.74e-01	8.22e-08	4.12e-08
 5.57734e+22	9.74e-01	2.61e-02	1.26e-05	0.00e+00	0.00e+00	0.00e+00	0.00e+00	0.00e+00	0.00e+00	9.74e-01	8.21e-08	4.11e-08
 5.58019e+22	9.74e-01	2.57e-02	1.24e-05	0.00e+00	0.00e+00	0.00e+00	0.00e+00	0.00e+00	0.00e+00	9.74e-01	8.20e-08	4.11e-08
 5.58327e+22	9.75e-01	2.53e-02	1.23e-05	0.00e+00	0.00e+00	0.00e+00	0.00e+00	0.00e+00	0.00e+00	9.75e-01	8.18e-08	4.09e-08
 5.58608e+22	9.75e-01	2.50e-02	1.22e-05	0.00e+00	0.00e+00	0.00e+00	0.00e+00	0.00e+00	0.00e+00	9.75e-01	8.17e-08	4.08e-08
 5.58915e+22	9.75e-01	2.46e-02	1.21e-05	0.00e+00	0.00e+00	0.00e+00	0.00e+00	0.00e+00	0.00e+00	9.75e-01	8.15e-08	4.07e-08
 5.59247e+22	9.76e-01	2.42e-02	1.19e-05	0.00e+00	0.00e+00	0.00e+00	0.00e+00	0.00e+00	0.00e+00	9.76e-01	8.13e-08	4.05e-08
 5.59549e+22	9.76e-01	2.39e-02	1.18e-05	0.00e+00	0.00e+00	0.00e+00	0.00e+00	0.00e+00	0.00e+00	9.76e-01	8.12e-08	4.04e-08
 5.59823e+22	9.76e-01	2.36e-02	1.17e-05	0.00e+00	0.00e+00	0.00e+00	0.00e+00	0.00e+00	0.00e+00	9.76e-01	8.09e-08	4.02e-08
 5.60073e+22	9.77e-01	2.34e-02	1.16e-05	0.00e+00	0.00e+00	0.00e+00	0.00e+00	0.00e+00	0.00e+00	9.77e-01	8.08e-08	4.01e-08
 5.60347e+22	9.77e-01	2.31e-02	1.15e-05	0.00e+00	0.00e+00	0.00e+00	0.00e+00	0.00e+00	0.00e+00	9.77e-01	8.03e-08	3.99e-08
 5.60703e+22	9.77e-01	2.27e-02	1.14e-05	0.00e+00	0.00e+00	0.00e+00	0.00e+00	0.00e+00	0.00e+00	9.77e-01	7.95e-08	3.95e-08
 5.61088e+22	9.78e-01	2.23e-02	1.12e-05	0.00e+00	0.00e+00	0.00e+00	0.00e+00	0.00e+00	0.00e+00	9.78e-01	7.86e-08	3.91e-08
 5.61437e+22	9.78e-01	2.20e-02	1.11e-05	0.00e+00	0.00e+00	0.00e+00	0.00e+00	0.00e+00	0.00e+00	9.78e-01	7.82e-08	3.89e-08
 5.61821e+22	9.78e-01	2.16e-02	1.10e-05	0.00e+00	0.00e+00	0.00e+00	0.00e+00	0.00e+00	0.00e+00	9.78e-01	7.73e-08	3.85e-08
 5.62235e+22	9.79e-01	2.11e-02	1.09e-05	0.00e+00	0.00e+00	0.00e+00	0.00e+00	0.00e+00	0.00e+00	9.79e-01	7.66e-08	3.80e-08
 5.62611e+22	9.79e-01	2.08e-02	1.07e-05	0.00e+00	0.00e+00	0.00e+00	0.00e+00	0.00e+00	0.00e+00	9.79e-01	7.60e-08	3.77e-08
 5.63024e+22	9.80e-01	2.05e-02	1.06e-05	0.00e+00	0.00e+00	0.00e+00	0.00e+00	0.00e+00	0.00e+00	9.80e-01	7.52e-08	3.72e-08
 5.63469e+22	9.80e-01	2.00e-02	1.05e-05	0.00e+00	0.00e+00	0.00e+00	0.00e+00	0.00e+00	0.00e+00	9.80e-01	7.44e-08	3.67e-08
 5.63875e+22	9.80e-01	1.97e-02	1.04e-05	0.00e+00	0.00e+00	0.00e+00	0.00e+00	0.00e+00	0.00e+00	9.80e-01	7.38e-08	3.63e-08
 5.64244e+22	9.81e-01	1.94e-02	1.02e-05	0.00e+00	0.00e+00	0.00e+00	0.00e+00	0.00e+00	0.00e+00	9.81e-01	7.30e-08	3.57e-08
 5.64579e+22	9.81e-01	1.92e-02	1.02e-05	0.00e+00	0.00e+00	0.00e+00	0.00e+00	0.00e+00	0.00e+00	9.81e-01	7.26e-08	3.55e-08
 5.64947e+22	9.81e-01	1.89e-02	1.00e-05	0.00e+00	0.00e+00	0.00e+00	0.00e+00	0.00e+00	0.00e+00	9.81e-01	7.20e-08	3.51e-08
 5.65426e+22	9.82e-01	1.84e-02	9.89e-06	0.00e+00	0.00e+00	0.00e+00	0.00e+00	0.00e+00	0.00e+00	9.82e-01	7.12e-08	3.46e-08
 5.65942e+22	9.82e-01	1.80e-02	9.76e-06	0.00e+00	0.00e+00	0.00e+00	0.00e+00	0.00e+00	0.00e+00	9.82e-01	7.05e-08	3.41e-08
 5.66412e+22	9.82e-01	1.76e-02	9.64e-06	0.00e+00	0.00e+00	0.00e+00	0.00e+00	0.00e+00	0.00e+00	9.82e-01	6.97e-08	3.36e-08
 5.66839e+22	9.83e-01	1.74e-02	9.53e-06	0.00e+00	0.00e+00	0.00e+00	0.00e+00	0.00e+00	0.00e+00	9.83e-01	6.90e-08	3.32e-08
 5.67228e+22	9.83e-01	1.71e-02	9.44e-06	0.00e+00	0.00e+00	0.00e+00	0.00e+00	0.00e+00	0.00e+00	9.83e-01	6.83e-08	3.28e-08
 5.67655e+22	9.83e-01	1.68e-02	9.33e-06	0.00e+00	0.00e+00	0.00e+00	0.00e+00	0.00e+00	0.00e+00	9.83e-01	6.74e-08	3.23e-08
 5.68115e+22	9.84e-01	1.65e-02	9.21e-06	0.00e+00	0.00e+00	0.00e+00	0.00e+00	0.00e+00	0.00e+00	9.84e-01	6.66e-08	3.18e-08
 5.68534e+22	9.84e-01	1.62e-02	9.12e-06	0.00e+00	0.00e+00	0.00e+00	0.00e+00	0.00e+00	0.00e+00	9.84e-01	6.60e-08	3.14e-08
 5.68993e+22	9.84e-01	1.59e-02	9.00e-06	0.00e+00	0.00e+00	0.00e+00	0.00e+00	0.00e+00	0.00e+00	9.84e-01	6.51e-08	3.09e-08
 5.69488e+22	9.84e-01	1.55e-02	8.89e-06	0.00e+00	0.00e+00	0.00e+00	0.00e+00	0.00e+00	0.00e+00	9.84e-01	6.42e-08	3.03e-08
 5.69939e+22	9.85e-01	1.53e-02	8.80e-06	0.00e+00	0.00e+00	0.00e+00	0.00e+00	0.00e+00	0.00e+00	9.85e-01	6.35e-08	2.99e-08
 5.70350e+22	9.85e-01	1.50e-02	8.71e-06	0.00e+00	0.00e+00	0.00e+00	0.00e+00	0.00e+00	0.00e+00	9.85e-01	6.25e-08	2.93e-08
 5.70723e+22	9.85e-01	1.48e-02	8.64e-06	0.00e+00	0.00e+00	0.00e+00	0.00e+00	0.00e+00	0.00e+00	9.85e-01	6.22e-08	2.91e-08
 5.71132e+22	9.85e-01	1.46e-02	8.54e-06	0.00e+00	0.00e+00	0.00e+00	0.00e+00	0.00e+00	0.00e+00	9.85e-01	6.14e-08	2.86e-08
 5.71574e+22	9.86e-01	1.43e-02	8.45e-06	0.00e+00	0.00e+00	0.00e+00	0.00e+00	0.00e+00	0.00e+00	9.86e-01	6.07e-08	2.82e-08
 5.71976e+22	9.86e-01	1.41e-02	8.38e-06	0.00e+00	0.00e+00	0.00e+00	0.00e+00	0.00e+00	0.00e+00	9.86e-01	6.02e-08	2.78e-08
 5.72416e+22	9.86e-01	1.38e-02	8.28e-06	0.00e+00	0.00e+00	0.00e+00	0.00e+00	0.00e+00	0.00e+00	9.86e-01	5.93e-08	2.73e-08
 5.72892e+22	9.86e-01	1.35e-02	8.18e-06	0.00e+00	0.00e+00	0.00e+00	0.00e+00	0.00e+00	0.00e+00	9.86e-01	5.85e-08	2.69e-08
 5.73325e+22	9.87e-01	1.34e-02	8.11e-06	0.00e+00	0.00e+00	0.00e+00	0.00e+00	0.00e+00	0.00e+00	9.87e-01	5.81e-08	2.66e-08
 5.73799e+22	9.87e-01	1.31e-02	8.01e-06	0.00e+00	0.00e+00	0.00e+00	0.00e+00	0.00e+00	0.00e+00	9.87e-01	5.72e-08	2.61e-08
 5.74311e+22	9.87e-01	1.28e-02	7.92e-06	0.00e+00	0.00e+00	0.00e+00	0.00e+00	0.00e+00	0.00e+00	9.87e-01	5.65e-08	2.57e-08
 5.74777e+22	9.87e-01	1.26e-02	7.84e-06	0.00e+00	0.00e+00	0.00e+00	0.00e+00	0.00e+00	0.00e+00	9.87e-01	5.60e-08	2.54e-08
 5.75287e+22	9.88e-01	1.23e-02	7.74e-06	0.00e+00	0.00e+00	0.00e+00	0.00e+00	0.00e+00	0.00e+00	9.88e-01	5.52e-08	2.49e-08
 5.75838e+22	9.88e-01	1.21e-02	7.64e-06	0.00e+00	0.00e+00	0.00e+00	0.00e+00	0.00e+00	0.00e+00	9.88e-01	5.46e-08	2.45e-08
 5.76340e+22	9.88e-01	1.18e-02	7.56e-06	0.00e+00	0.00e+00	0.00e+00	0.00e+00	0.00e+00	0.00e+00	9.88e-01	5.39e-08	2.41e-08
 5.76796e+22	9.88e-01	1.16e-02	7.49e-06	0.00e+00	0.00e+00	0.00e+00	0.00e+00	0.00e+00	0.00e+00	9.88e-01	5.33e-08	2.37e-08
 5.77296e+22	9.89e-01	1.14e-02	7.40e-06	0.00e+00	0.00e+00	0.00e+00	0.00e+00	0.00e+00	0.00e+00	9.89e-01	5.26e-08	2.32e-08
 5.77836e+22	9.89e-01	1.11e-02	7.31e-06	0.00e+00	0.00e+00	0.00e+00	0.00e+00	0.00e+00	0.00e+00	9.89e-01	5.18e-08	2.27e-08
 5.78327e+22	9.89e-01	1.10e-02	7.24e-06	0.00e+00	0.00e+00	0.00e+00	0.00e+00	0.00e+00	0.00e+00	9.89e-01	5.15e-08	2.24e-08
 5.78866e+22	9.89e-01	1.07e-02	7.15e-06	0.00e+00	0.00e+00	0.00e+00	0.00e+00	0.00e+00	0.00e+00	9.89e-01	5.07e-08	2.20e-08
 5.79447e+22	9.90e-01	1.05e-02	7.06e-06	0.00e+00	0.00e+00	0.00e+00	0.00e+00	0.00e+00	0.00e+00	9.90e-01	4.97e-08	2.14e-08
 5.79976e+22	9.90e-01	1.03e-02	6.99e-06	0.00e+00	0.00e+00	0.00e+00	0.00e+00	0.00e+00	0.00e+00	9.90e-01	4.92e-08	2.11e-08
 5.80555e+22	9.90e-01	1.01e-02	6.90e-06	0.00e+00	0.00e+00	0.00e+00	0.00e+00	0.00e+00	0.00e+00	9.90e-01	4.85e-08	2.07e-08
 5.81181e+22	9.90e-01	9.78e-03	6.80e-06	0.00e+00	0.00e+00	0.00e+00	0.00e+00	0.00e+00	0.00e+00	9.90e-01	4.75e-08	2.02e-08
 5.81750e+22	9.90e-01	9.61e-03	6.73e-06	0.00e+00	0.00e+00	0.00e+00	0.00e+00	0.00e+00	0.00e+00	9.90e-01	4.71e-08	1.99e-08
 5.82374e+22	9.91e-01	9.38e-03	6.64e-06	0.00e+00	0.00e+00	0.00e+00	0.00e+00	0.00e+00	0.00e+00	9.91e-01	4.63e-08	1.94e-08
 5.83048e+22	9.91e-01	9.14e-03	6.55e-06	0.00e+00	0.00e+00	0.00e+00	0.00e+00	0.00e+00	0.00e+00	9.91e-01	4.56e-08	1.90e-08
 5.83661e+22	9.91e-01	8.94e-03	6.47e-06	0.00e+00	0.00e+00	0.00e+00	0.00e+00	0.00e+00	0.00e+00	9.91e-01	4.50e-08	1.86e-08
 5.84219e+22	9.91e-01	8.79e-03	6.41e-06	0.00e+00	0.00e+00	0.00e+00	0.00e+00	0.00e+00	0.00e+00	9.91e-01	4.44e-08	1.83e-08
 5.84830e+22	9.91e-01	8.58e-03	6.32e-06	0.00e+00	0.00e+00	0.00e+00	0.00e+00	0.00e+00	0.00e+00	9.91e-01	4.37e-08	1.79e-08
 5.85490e+22	9.92e-01	8.34e-03	6.24e-06	0.00e+00	0.00e+00	0.00e+00	0.00e+00	0.00e+00	0.00e+00	9.92e-01	4.29e-08	1.74e-08
 5.86090e+22	9.92e-01	8.19e-03	6.17e-06	0.00e+00	0.00e+00	0.00e+00	0.00e+00	0.00e+00	0.00e+00	9.92e-01	4.25e-08	1.72e-08
 5.86748e+22	9.92e-01	7.99e-03	6.08e-06	0.00e+00	0.00e+00	0.00e+00	0.00e+00	0.00e+00	0.00e+00	9.92e-01	4.18e-08	1.68e-08
 5.87458e+22	9.92e-01	7.75e-03	6.00e-06	0.00e+00	0.00e+00	0.00e+00	0.00e+00	0.00e+00	0.00e+00	9.92e-01	4.09e-08	1.63e-08
 5.88105e+22	9.92e-01	7.61e-03	5.93e-06	0.00e+00	0.00e+00	0.00e+00	0.00e+00	0.00e+00	0.00e+00	9.92e-01	4.06e-08	1.60e-08
 5.88813e+22	9.93e-01	7.41e-03	5.84e-06	0.00e+00	0.00e+00	0.00e+00	0.00e+00	0.00e+00	0.00e+00	9.93e-01	3.99e-08	1.56e-08
 5.89578e+22	9.93e-01	7.20e-03	5.76e-06	0.00e+00	0.00e+00	0.00e+00	0.00e+00	0.00e+00	0.00e+00	9.93e-01	3.93e-08	1.53e-08
 5.90274e+22	9.93e-01	7.03e-03	5.69e-06	0.00e+00	0.00e+00	0.00e+00	0.00e+00	0.00e+00	0.00e+00	9.93e-01	3.87e-08	1.49e-08
 5.90907e+22	9.93e-01	6.89e-03	5.62e-06	0.00e+00	0.00e+00	0.00e+00	0.00e+00	0.00e+00	0.00e+00	9.93e-01	3.82e-08	1.46e-08
 5.91601e+22	9.93e-01	6.71e-03	5.54e-06	0.00e+00	0.00e+00	0.00e+00	0.00e+00	0.00e+00	0.00e+00	9.93e-01	3.75e-08	1.42e-08
 5.92350e+22	9.93e-01	6.51e-03	5.47e-06	0.00e+00	0.00e+00	0.00e+00	0.00e+00	0.00e+00	0.00e+00	9.93e-01	3.68e-08	1.38e-08
 5.93032e+22	9.94e-01	6.38e-03	5.40e-06	0.00e+00	0.00e+00	0.00e+00	0.00e+00	0.00e+00	0.00e+00	9.94e-01	3.64e-08	1.36e-08
 5.93779e+22	9.94e-01	6.22e-03	5.32e-06	0.00e+00	0.00e+00	0.00e+00	0.00e+00	0.00e+00	0.00e+00	9.94e-01	3.58e-08	1.32e-08
 5.94585e+22	9.94e-01	6.02e-03	5.25e-06	0.00e+00	0.00e+00	0.00e+00	0.00e+00	0.00e+00	0.00e+00	9.94e-01	3.50e-08	1.28e-08
 5.95319e+22	9.94e-01	5.89e-03	5.18e-06	0.00e+00	0.00e+00	0.00e+00	0.00e+00	0.00e+00	0.00e+00	9.94e-01	3.46e-08	1.26e-08
 5.96123e+22	9.94e-01	5.73e-03	5.10e-06	0.00e+00	0.00e+00	0.00e+00	0.00e+00	0.00e+00	0.00e+00	9.94e-01	3.40e-08	1.22e-08
 5.96992e+22	9.94e-01	5.55e-03	5.02e-06	0.00e+00	0.00e+00	0.00e+00	0.00e+00	0.00e+00	0.00e+00	9.94e-01	3.34e-08	1.18e-08
 5.97782e+22	9.95e-01	5.42e-03	4.96e-06	0.00e+00	0.00e+00	0.00e+00	0.00e+00	0.00e+00	0.00e+00	9.95e-01	3.29e-08	1.15e-08
 5.98647e+22	9.95e-01	5.26e-03	4.87e-06	0.00e+00	0.00e+00	0.00e+00	0.00e+00	0.00e+00	0.00e+00	9.95e-01	3.22e-08	1.12e-08
 5.99582e+22	9.95e-01	5.09e-03	4.80e-06	0.00e+00	0.00e+00	0.00e+00	0.00e+00	0.00e+00	0.00e+00	9.95e-01	3.17e-08	1.09e-08
 6.00433e+22	9.95e-01	4.95e-03	4.73e-06	0.00e+00	0.00e+00	0.00e+00	0.00e+00	0.00e+00	0.00e+00	9.95e-01	3.11e-08	1.05e-08
 6.01207e+22	9.95e-01	4.84e-03	4.67e-06	0.00e+00	0.00e+00	0.00e+00	0.00e+00	0.00e+00	0.00e+00	9.95e-01	3.07e-08	1.03e-08
 6.02055e+22	9.95e-01	4.58e-03	4.59e-06	0.00e+00	0.00e+00	0.00e+00	0.00e+00	0.00e+00	0.00e+00	9.95e-01	3.01e-08	9.94e-09
 6.03157e+22	9.96e-01	4.21e-03	4.49e-06	0.00e+00	0.00e+00	0.00e+00	0.00e+00	0.00e+00	0.00e+00	9.96e-01	2.92e-08	9.49e-09
 6.04406e+22	9.96e-01	3.96e-03	4.39e-06	0.00e+00	0.00e+00	0.00e+00	0.00e+00	0.00e+00	0.00e+00	9.96e-01	2.85e-08	9.04e-09
 6.05655e+22	9.96e-01	3.75e-03	4.30e-06	0.00e+00	0.00e+00	0.00e+00	0.00e+00	0.00e+00	0.00e+00	9.96e-01	2.77e-08	8.61e-09
 6.06914e+22	9.96e-01	3.54e-03	4.20e-06	0.00e+00	0.00e+00	0.00e+00	0.00e+00	0.00e+00	0.00e+00	9.96e-01	2.70e-08	8.20e-09
 6.08202e+22	9.97e-01	3.33e-03	4.11e-06	0.00e+00	0.00e+00	0.00e+00	0.00e+00	0.00e+00	0.00e+00	9.97e-01	2.62e-08	7.79e-09
 6.09512e+22	9.97e-01	3.13e-03	4.02e-06	0.00e+00	0.00e+00	0.00e+00	0.00e+00	0.00e+00	0.00e+00	9.97e-01	2.55e-08	7.40e-09
 6.10838e+22	9.97e-01	2.94e-03	3.93e-06	0.00e+00	0.00e+00	0.00e+00	0.00e+00	0.00e+00	0.00e+00	9.97e-01	2.48e-08	7.01e-09
 6.12178e+22	9.97e-01	2.76e-03	3.84e-06	0.00e+00	0.00e+00	0.00e+00	0.00e+00	0.00e+00	0.00e+00	9.97e-01	2.40e-08	6.64e-09
 6.13535e+22	9.97e-01	2.58e-03	3.75e-06	0.00e+00	0.00e+00	0.00e+00	0.00e+00	0.00e+00	0.00e+00	9.97e-01	2.33e-08	6.28e-09
 6.14909e+22	9.98e-01	2.42e-03	3.67e-06	0.00e+00	0.00e+00	0.00e+00	0.00e+00	0.00e+00	0.00e+00	9.98e-01	2.26e-08	5.94e-09
 6.16299e+22	9.98e-01	2.25e-03	3.58e-06	0.00e+00	0.00e+00	0.00e+00	0.00e+00	0.00e+00	0.00e+00	9.98e-01	2.19e-08	5.61e-09
 6.17705e+22	9.98e-01	2.10e-03	3.50e-06	0.00e+00	0.00e+00	0.00e+00	0.00e+00	0.00e+00	0.00e+00	9.98e-01	2.11e-08	5.29e-09
 6.19125e+22	9.98e-01	1.95e-03	3.42e-06	0.00e+00	0.00e+00	0.00e+00	0.00e+00	0.00e+00	0.00e+00	9.98e-01	2.04e-08	4.99e-09
 6.20561e+22	9.98e-01	1.81e-03	3.34e-06	0.00e+00	0.00e+00	0.00e+00	0.00e+00	0.00e+00	0.00e+00	9.98e-01	1.97e-08	4.69e-09
 6.22010e+22	9.98e-01	1.68e-03	3.26e-06	0.00e+00	0.00e+00	0.00e+00	0.00e+00	0.00e+00	0.00e+00	9.98e-01	1.90e-08	4.40e-09
 6.23472e+22	9.98e-01	1.55e-03	3.18e-06	0.00e+00	0.00e+00	0.00e+00	0.00e+00	0.00e+00	0.00e+00	9.98e-01	1.83e-08	4.12e-09
 6.24946e+22	9.99e-01	1.43e-03	3.11e-06	0.00e+00	0.00e+00	0.00e+00	0.00e+00	0.00e+00	0.00e+00	9.99e-01	1.77e-08	3.85e-09
 6.26433e+22	9.99e-01	1.32e-03	3.03e-06	0.00e+00	0.00e+00	0.00e+00	0.00e+00	0.00e+00	0.00e+00	9.99e-01	1.70e-08	3.60e-09
 6.27935e+22	9.99e-01	1.21e-03	2.96e-06	0.00e+00	0.00e+00	0.00e+00	0.00e+00	0.00e+00	0.00e+00	9.99e-01	1.63e-08	3.35e-09
 6.29452e+22	9.99e-01	1.11e-03	2.89e-06	0.00e+00	0.00e+00	0.00e+00	0.00e+00	0.00e+00	0.00e+00	9.99e-01	1.57e-08	3.11e-09
 6.30982e+22	9.99e-01	1.02e-03	2.81e-06	0.00e+00	0.00e+00	0.00e+00	0.00e+00	0.00e+00	0.00e+00	9.99e-01	1.51e-08	2.88e-09
 6.32524e+22	9.99e-01	9.29e-04	2.74e-06	0.00e+00	0.00e+00	0.00e+00	0.00e+00	0.00e+00	0.00e+00	9.99e-01	1.44e-08	2.67e-09
 6.34080e+22	9.99e-01	8.46e-04	2.68e-06	0.00e+00	0.00e+00	0.00e+00	0.00e+00	0.00e+00	0.00e+00	9.99e-01	1.38e-08	2.46e-09
 6.35649e+22	9.99e-01	7.72e-04	2.61e-06	0.00e+00	0.00e+00	0.00e+00	0.00e+00	0.00e+00	0.00e+00	9.99e-01	1.32e-08	2.27e-09
 6.37259e+22	9.99e-01	6.99e-04	2.54e-06	0.00e+00	0.00e+00	0.00e+00	0.00e+00	0.00e+00	0.00e+00	9.99e-01	1.26e-08	2.08e-09
