#depth	He	He+	He+2
 1.54284e+22	2.73e-09	7.74e-05	1.00e+00
 3.44762e+22	4.61e-09	1.16e-04	1.00e+00
 3.99053e+22	5.71e-09	1.38e-04	1.00e+00
 4.26198e+22	6.32e-09	1.50e-04	1.00e+00
 4.38446e+22	6.55e-09	1.54e-04	1.00e+00
 4.45804e+22	6.85e-09	1.60e-04	1.00e+00
 4.54001e+22	7.15e-09	1.65e-04	1.00e+00
 4.63288e+22	7.54e-09	1.72e-04	1.00e+00
 4.72833e+22	7.89e-09	1.79e-04	1.00e+00
 4.82711e+22	8.35e-09	1.87e-04	1.00e+00
 4.92797e+22	8.75e-09	1.94e-04	1.00e+00
 5.01775e+22	9.15e-09	2.00e-04	1.00e+00
 5.12067e+22	9.69e-09	2.10e-04	1.00e+00
 5.22459e+22	1.01e-08	2.18e-04	1.00e+00
 5.32980e+22	1.07e-08	2.29e-04	1.00e+00
 5.43666e+22	1.13e-08	2.37e-04	1.00e+00
 5.54566e+22	1.19e-08	2.49e-04	1.00e+00
 5.65562e+22	1.25e-08	2.59e-04	1.00e+00
 5.76680e+22	1.32e-08	2.73e-04	1.00e+00
 5.87234e+22	1.37e-08	2.83e-04	1.00e+00
 5.97053e+22	1.44e-08	2.96e-04	1.00e+00
 6.07027e+22	1.50e-08	3.07e-04	1.00e+00
 6.17204e+22	1.57e-08	3.23e-04	1.00e+00
 6.27487e+22	1.63e-08	3.35e-04	1.00e+00
 6.37908e+22	1.70e-08	3.53e-04	1.00e+00
 6.48466e+22	1.76e-08	3.67e-04	1.00e+00
 6.59203e+22	1.84e-08	3.88e-04	1.00e+00
 6.70146e+22	1.90e-08	4.05e-04	1.00e+00
 6.81358e+22	1.97e-08	4.29e-04	1.00e+00
 6.92793e+22	2.03e-08	4.49e-04	1.00e+00
 7.04516e+22	2.10e-08	4.78e-04	1.00e+00
 7.16363e+22	2.15e-08	5.01e-04	9.99e-01
 7.26357e+22	2.19e-08	5.24e-04	9.99e-01
 7.37218e+22	2.24e-08	5.55e-04	9.99e-01
 7.48138e+22	2.27e-08	5.81e-04	9.99e-01
 7.58798e+22	2.30e-08	6.15e-04	9.99e-01
 7.69674e+22	2.33e-08	6.45e-04	9.99e-01
 7.80344e+22	2.35e-08	6.81e-04	9.99e-01
 7.91236e+22	2.36e-08	7.17e-04	9.99e-01
 8.01986e+22	2.38e-08	7.56e-04	9.99e-01
 8.12813e+22	2.39e-08	7.96e-04	9.99e-01
 8.23516e+22	2.39e-08	8.38e-04	9.99e-01
 8.34199e+22	2.40e-08	8.82e-04	9.99e-01
 8.44898e+22	2.41e-08	9.28e-04	9.99e-01
 8.55634e+22	2.43e-08	9.77e-04	9.99e-01
 8.66426e+22	2.45e-08	1.03e-03	9.99e-01
 8.77313e+22	2.48e-08	1.08e-03	9.99e-01
 8.88321e+22	2.52e-08	1.14e-03	9.99e-01
 8.99389e+22	2.57e-08	1.20e-03	9.99e-01
 9.10633e+22	2.64e-08	1.26e-03	9.99e-01
 9.22000e+22	2.72e-08	1.33e-03	9.99e-01
 9.33594e+22	2.82e-08	1.40e-03	9.99e-01
 9.45394e+22	2.95e-08	1.48e-03	9.99e-01
 9.56210e+22	3.08e-08	1.55e-03	9.98e-01
 9.67498e+22	3.26e-08	1.63e-03	9.98e-01
 9.78985e+22	3.44e-08	1.71e-03	9.98e-01
 9.90846e+22	3.69e-08	1.81e-03	9.98e-01
 1.00272e+23	3.92e-08	1.89e-03	9.98e-01
 1.01462e+23	4.26e-08	2.00e-03	9.98e-01
 1.02658e+23	4.55e-08	2.09e-03	9.98e-01
 1.03860e+23	4.98e-08	2.21e-03	9.98e-01
 1.05075e+23	5.35e-08	2.31e-03	9.98e-01
 1.06307e+23	5.89e-08	2.44e-03	9.98e-01
 1.07556e+23	6.36e-08	2.55e-03	9.97e-01
 1.08827e+23	7.05e-08	2.70e-03	9.97e-01
 1.10122e+23	7.66e-08	2.83e-03	9.97e-01
 1.11448e+23	8.54e-08	3.00e-03	9.97e-01
 1.12805e+23	9.32e-08	3.14e-03	9.97e-01
 1.14202e+23	1.05e-07	3.34e-03	9.97e-01
 1.15626e+23	1.14e-07	3.50e-03	9.96e-01
 1.16831e+23	1.25e-07	3.66e-03	9.96e-01
 1.18144e+23	1.39e-07	3.87e-03	9.96e-01
 1.19415e+23	1.50e-07	4.02e-03	9.96e-01
 1.20630e+23	1.66e-07	4.24e-03	9.96e-01
 1.21858e+23	1.79e-07	4.40e-03	9.96e-01
 1.23103e+23	1.98e-07	4.64e-03	9.95e-01
 1.24366e+23	2.14e-07	4.83e-03	9.95e-01
 1.25654e+23	2.38e-07	5.09e-03	9.95e-01
 1.26961e+23	2.57e-07	5.30e-03	9.95e-01
 1.28292e+23	2.87e-07	5.59e-03	9.94e-01
 1.29643e+23	3.11e-07	5.83e-03	9.94e-01
 1.31019e+23	3.48e-07	6.16e-03	9.94e-01
 1.32428e+23	3.79e-07	6.43e-03	9.94e-01
 1.33880e+23	4.24e-07	6.81e-03	9.93e-01
 1.35375e+23	4.65e-07	7.13e-03	9.93e-01
 1.36927e+23	5.24e-07	7.58e-03	9.92e-01
 1.38492e+23	5.75e-07	7.93e-03	9.92e-01
 1.40074e+23	6.49e-07	8.43e-03	9.92e-01
 1.41676e+23	7.12e-07	8.83e-03	9.91e-01
 1.43305e+23	8.06e-07	9.40e-03	9.91e-01
 1.44959e+23	8.87e-07	9.86e-03	9.90e-01
 1.46421e+23	9.77e-07	1.03e-02	9.90e-01
 1.48092e+23	1.10e-06	1.10e-02	9.89e-01
 1.49796e+23	1.22e-06	1.16e-02	9.88e-01
 1.51177e+23	1.33e-06	1.21e-02	9.88e-01
 1.52609e+23	1.47e-06	1.27e-02	9.87e-01
 1.54115e+23	1.61e-06	1.33e-02	9.87e-01
 1.55498e+23	1.75e-06	1.39e-02	9.86e-01
 1.57074e+23	1.96e-06	1.46e-02	9.85e-01
 1.58694e+23	2.16e-06	1.54e-02	9.85e-01
 1.60120e+23	2.36e-06	1.61e-02	9.84e-01
 1.61719e+23	2.64e-06	1.70e-02	9.83e-01
 1.63393e+23	2.92e-06	1.79e-02	9.82e-01
 1.64903e+23	3.20e-06	1.87e-02	9.81e-01
 1.66607e+23	3.60e-06	1.98e-02	9.80e-01
 1.68369e+23	3.99e-06	2.09e-02	9.79e-01
 1.69941e+23	4.40e-06	2.19e-02	9.78e-01
 1.71720e+23	4.97e-06	2.33e-02	9.77e-01
 1.73558e+23	5.53e-06	2.45e-02	9.75e-01
 1.75474e+23	6.31e-06	2.62e-02	9.74e-01
 1.77423e+23	7.04e-06	2.76e-02	9.72e-01
 1.79148e+23	7.82e-06	2.91e-02	9.71e-01
 1.81120e+23	8.95e-06	3.11e-02	9.69e-01
 1.83124e+23	1.00e-05	3.29e-02	9.67e-01
 1.84900e+23	1.12e-05	3.47e-02	9.65e-01
 1.86940e+23	1.28e-05	3.72e-02	9.63e-01
 1.89007e+23	1.44e-05	3.93e-02	9.61e-01
 1.91112e+23	1.66e-05	4.22e-02	9.58e-01
 1.93256e+23	1.87e-05	4.47e-02	9.55e-01
 1.95162e+23	2.10e-05	4.73e-02	9.53e-01
 1.97347e+23	2.43e-05	5.08e-02	9.49e-01
 1.99570e+23	2.74e-05	5.39e-02	9.46e-01
 2.01841e+23	3.20e-05	5.81e-02	9.42e-01
 2.04058e+23	3.58e-05	6.13e-02	9.39e-01
 2.06204e+23	4.14e-05	6.58e-02	9.34e-01
 2.08322e+23	4.60e-05	6.92e-02	9.31e-01
 2.10108e+23	5.11e-05	7.28e-02	9.27e-01
 2.12133e+23	5.83e-05	7.77e-02	9.22e-01
 2.14169e+23	6.49e-05	8.18e-02	9.18e-01
 2.16218e+23	7.39e-05	8.70e-02	9.13e-01
 2.18310e+23	8.27e-05	9.18e-02	9.08e-01
 2.20154e+23	9.19e-05	9.65e-02	9.03e-01
 2.22246e+23	1.05e-04	1.03e-01	8.97e-01
 2.24383e+23	1.18e-04	1.08e-01	8.91e-01
 2.26287e+23	1.31e-04	1.14e-01	8.86e-01
 2.28037e+23	1.43e-04	1.19e-01	8.81e-01
 2.29635e+23	1.57e-04	1.24e-01	8.76e-01
 2.31467e+23	1.75e-04	1.31e-01	8.69e-01
 2.33328e+23	1.92e-04	1.37e-01	8.63e-01
 2.34975e+23	2.11e-04	1.42e-01	8.57e-01
 2.36860e+23	2.36e-04	1.50e-01	8.50e-01
 2.38767e+23	2.59e-04	1.57e-01	8.43e-01
 2.40432e+23	2.84e-04	1.63e-01	8.37e-01
 2.42324e+23	3.17e-04	1.72e-01	8.28e-01
 2.44247e+23	3.48e-04	1.79e-01	8.21e-01
 2.46209e+23	3.90e-04	1.88e-01	8.11e-01
 2.48193e+23	4.29e-04	1.97e-01	8.03e-01
 2.49922e+23	4.68e-04	2.05e-01	7.95e-01
 2.51886e+23	5.22e-04	2.15e-01	7.85e-01
 2.53924e+23	5.75e-04	2.24e-01	7.76e-01
 2.55748e+23	6.32e-04	2.33e-01	7.66e-01
 2.57813e+23	7.09e-04	2.45e-01	7.54e-01
 2.59915e+23	7.79e-04	2.55e-01	7.44e-01
 2.62065e+23	8.75e-04	2.68e-01	7.31e-01
 2.64265e+23	9.67e-04	2.80e-01	7.19e-01
 2.66213e+23	1.06e-03	2.90e-01	7.08e-01
 2.68427e+23	1.19e-03	3.05e-01	6.94e-01
 2.70717e+23	1.32e-03	3.17e-01	6.81e-01
 2.72473e+23	1.41e-03	3.27e-01	6.72e-01
 2.74125e+23	1.54e-03	3.38e-01	6.61e-01
 2.75828e+23	1.65e-03	3.47e-01	6.51e-01
 2.77597e+23	1.80e-03	3.60e-01	6.39e-01
 2.79381e+23	1.94e-03	3.70e-01	6.28e-01
 2.80945e+23	2.08e-03	3.80e-01	6.18e-01
 2.82742e+23	2.27e-03	3.92e-01	6.05e-01
 2.84582e+23	2.44e-03	4.03e-01	5.94e-01
 2.86212e+23	2.63e-03	4.14e-01	5.83e-01
 2.88063e+23	2.87e-03	4.28e-01	5.69e-01
 2.89955e+23	3.09e-03	4.39e-01	5.58e-01
 2.91899e+23	3.38e-03	4.53e-01	5.43e-01
 2.93872e+23	3.65e-03	4.66e-01	5.31e-01
 2.95884e+23	4.00e-03	4.80e-01	5.16e-01
 2.97957e+23	4.34e-03	4.93e-01	5.03e-01
 2.99806e+23	4.68e-03	5.05e-01	4.90e-01
 3.01907e+23	5.13e-03	5.20e-01	4.74e-01
 3.04075e+23	5.57e-03	5.34e-01	4.61e-01
 3.05996e+23	6.02e-03	5.46e-01	4.48e-01
 3.07751e+23	6.46e-03	5.57e-01	4.36e-01
