#depth	He	He+	He+2
 4.62852e+21	5.48e-10	2.71e-05	1.00e+00
 1.02844e+22	1.09e-09	4.59e-05	1.00e+00
 1.18048e+22	1.48e-09	5.77e-05	1.00e+00
 1.25444e+22	1.71e-09	6.44e-05	1.00e+00
 1.28525e+22	1.77e-09	6.62e-05	1.00e+00
 1.29943e+22	1.85e-09	6.85e-05	1.00e+00
 1.31416e+22	1.92e-09	7.05e-05	1.00e+00
 1.32961e+22	2.01e-09	7.31e-05	1.00e+00
 1.34536e+22	2.09e-09	7.53e-05	1.00e+00
 1.35915e+22	2.17e-09	7.75e-05	1.00e+00
 1.37473e+22	2.27e-09	8.04e-05	1.00e+00
 1.39068e+22	2.36e-09	8.29e-05	1.00e+00
 1.40488e+22	2.46e-09	8.53e-05	1.00e+00
 1.42109e+22	2.57e-09	8.84e-05	1.00e+00
 1.43794e+22	2.68e-09	9.12e-05	1.00e+00
 1.45312e+22	2.79e-09	9.41e-05	1.00e+00
 1.47034e+22	2.93e-09	9.78e-05	1.00e+00
 1.48696e+22	3.04e-09	1.00e-04	1.00e+00
 1.50282e+22	3.18e-09	1.04e-04	1.00e+00
 1.51919e+22	3.31e-09	1.07e-04	1.00e+00
 1.53400e+22	3.44e-09	1.10e-04	1.00e+00
 1.55102e+22	3.61e-09	1.14e-04	1.00e+00
 1.56847e+22	3.75e-09	1.17e-04	1.00e+00
 1.58649e+22	3.95e-09	1.22e-04	1.00e+00
 1.60503e+22	4.13e-09	1.26e-04	1.00e+00
 1.62424e+22	4.35e-09	1.31e-04	1.00e+00
 1.64396e+22	4.55e-09	1.35e-04	1.00e+00
 1.66138e+22	4.75e-09	1.40e-04	1.00e+00
 1.68108e+22	5.01e-09	1.45e-04	1.00e+00
 1.70159e+22	5.25e-09	1.51e-04	1.00e+00
 1.71978e+22	5.48e-09	1.56e-04	1.00e+00
 1.74006e+22	5.79e-09	1.63e-04	1.00e+00
 1.76091e+22	6.05e-09	1.69e-04	1.00e+00
 1.77933e+22	6.31e-09	1.75e-04	1.00e+00
 1.80011e+22	6.65e-09	1.83e-04	1.00e+00
 1.82141e+22	6.95e-09	1.89e-04	1.00e+00
 1.84340e+22	7.32e-09	1.99e-04	1.00e+00
 1.86553e+22	7.62e-09	2.07e-04	1.00e+00
 1.88784e+22	8.01e-09	2.18e-04	1.00e+00
 1.91040e+22	8.33e-09	2.27e-04	1.00e+00
 1.92915e+22	8.60e-09	2.35e-04	1.00e+00
 1.94938e+22	8.94e-09	2.47e-04	1.00e+00
 1.96946e+22	9.21e-09	2.56e-04	1.00e+00
 1.98935e+22	9.52e-09	2.69e-04	1.00e+00
 2.00944e+22	9.79e-09	2.80e-04	1.00e+00
 2.02980e+22	1.01e-08	2.94e-04	1.00e+00
 2.05040e+22	1.03e-08	3.06e-04	1.00e+00
 2.07131e+22	1.06e-08	3.23e-04	1.00e+00
 2.09260e+22	1.08e-08	3.37e-04	1.00e+00
 2.11439e+22	1.10e-08	3.57e-04	1.00e+00
 2.13659e+22	1.12e-08	3.73e-04	1.00e+00
 2.15933e+22	1.14e-08	3.96e-04	1.00e+00
 2.18249e+22	1.15e-08	4.16e-04	1.00e+00
 2.20548e+22	1.16e-08	4.41e-04	1.00e+00
 2.22746e+22	1.18e-08	4.61e-04	1.00e+00
 2.24886e+22	1.18e-08	4.88e-04	1.00e+00
 2.27018e+22	1.19e-08	5.10e-04	9.99e-01
 2.29139e+22	1.20e-08	5.40e-04	9.99e-01
 2.31263e+22	1.21e-08	5.63e-04	9.99e-01
 2.33392e+22	1.22e-08	5.96e-04	9.99e-01
 2.35519e+22	1.23e-08	6.23e-04	9.99e-01
 2.37642e+22	1.25e-08	6.59e-04	9.99e-01
 2.39765e+22	1.27e-08	6.87e-04	9.99e-01
 2.41888e+22	1.29e-08	7.27e-04	9.99e-01
 2.44018e+22	1.32e-08	7.58e-04	9.99e-01
 2.46156e+22	1.37e-08	8.02e-04	9.99e-01
 2.48306e+22	1.41e-08	8.36e-04	9.99e-01
 2.50470e+22	1.48e-08	8.84e-04	9.99e-01
 2.52655e+22	1.54e-08	9.22e-04	9.99e-01
 2.54868e+22	1.63e-08	9.75e-04	9.99e-01
 2.57111e+22	1.72e-08	1.02e-03	9.99e-01
 2.59393e+22	1.84e-08	1.08e-03	9.99e-01
 2.61711e+22	1.96e-08	1.13e-03	9.99e-01
 2.64076e+22	2.13e-08	1.19e-03	9.99e-01
 2.66509e+22	2.29e-08	1.25e-03	9.99e-01
 2.68579e+22	2.45e-08	1.30e-03	9.99e-01
 2.70820e+22	2.68e-08	1.37e-03	9.99e-01
 2.73017e+22	2.87e-08	1.43e-03	9.99e-01
 2.75157e+22	3.14e-08	1.50e-03	9.98e-01
 2.77318e+22	3.37e-08	1.56e-03	9.98e-01
 2.79506e+22	3.71e-08	1.64e-03	9.98e-01
 2.81705e+22	3.99e-08	1.71e-03	9.98e-01
 2.83918e+22	4.41e-08	1.80e-03	9.98e-01
 2.86157e+22	4.76e-08	1.87e-03	9.98e-01
 2.88431e+22	5.28e-08	1.97e-03	9.98e-01
 2.90737e+22	5.71e-08	2.05e-03	9.98e-01
 2.93086e+22	6.35e-08	2.16e-03	9.98e-01
 2.95474e+22	6.90e-08	2.25e-03	9.98e-01
 2.97912e+22	7.71e-08	2.38e-03	9.98e-01
 3.00401e+22	8.40e-08	2.48e-03	9.98e-01
 3.02955e+22	9.43e-08	2.63e-03	9.97e-01
 3.05545e+22	1.03e-07	2.74e-03	9.97e-01
 3.08183e+22	1.16e-07	2.91e-03	9.97e-01
 3.10844e+22	1.27e-07	3.04e-03	9.97e-01
 3.13124e+22	1.38e-07	3.17e-03	9.97e-01
 3.15676e+22	1.55e-07	3.35e-03	9.97e-01
 3.18249e+22	1.68e-07	3.49e-03	9.97e-01
 3.20422e+22	1.83e-07	3.63e-03	9.96e-01
 3.22498e+22	1.97e-07	3.77e-03	9.96e-01
 3.24874e+22	2.18e-07	3.96e-03	9.96e-01
 3.27273e+22	2.37e-07	4.12e-03	9.96e-01
 3.29379e+22	2.56e-07	4.28e-03	9.96e-01
 3.31794e+22	2.83e-07	4.49e-03	9.96e-01
 3.34310e+22	3.09e-07	4.69e-03	9.95e-01
 3.36570e+22	3.36e-07	4.89e-03	9.95e-01
 3.39121e+22	3.73e-07	5.14e-03	9.95e-01
 3.41767e+22	4.08e-07	5.38e-03	9.95e-01
 3.44539e+22	4.56e-07	5.68e-03	9.94e-01
 3.47342e+22	5.00e-07	5.94e-03	9.94e-01
 3.49804e+22	5.45e-07	6.20e-03	9.94e-01
 3.52628e+22	6.12e-07	6.56e-03	9.93e-01
 3.55481e+22	6.71e-07	6.87e-03	9.93e-01
 3.58375e+22	7.50e-07	7.25e-03	9.93e-01
 3.61363e+22	8.30e-07	7.62e-03	9.92e-01
 3.63999e+22	9.07e-07	7.96e-03	9.92e-01
 3.66950e+22	1.02e-06	8.42e-03	9.92e-01
 3.70038e+22	1.13e-06	8.86e-03	9.91e-01
 3.72760e+22	1.23e-06	9.27e-03	9.91e-01
 3.75758e+22	1.38e-06	9.79e-03	9.90e-01
 3.78960e+22	1.54e-06	1.03e-02	9.90e-01
 3.81597e+22	1.67e-06	1.08e-02	9.89e-01
 3.84192e+22	1.84e-06	1.13e-02	9.89e-01
 3.86945e+22	2.01e-06	1.18e-02	9.88e-01
 3.89500e+22	2.19e-06	1.23e-02	9.88e-01
 3.92419e+22	2.44e-06	1.30e-02	9.87e-01
 3.95408e+22	2.68e-06	1.36e-02	9.86e-01
 3.98029e+22	2.93e-06	1.42e-02	9.86e-01
 4.00974e+22	3.26e-06	1.50e-02	9.85e-01
 4.04011e+22	3.59e-06	1.57e-02	9.84e-01
 4.06725e+22	3.93e-06	1.64e-02	9.84e-01
 4.09809e+22	4.40e-06	1.73e-02	9.83e-01
 4.12974e+22	4.85e-06	1.82e-02	9.82e-01
 4.15785e+22	5.33e-06	1.91e-02	9.81e-01
 4.18979e+22	5.99e-06	2.02e-02	9.80e-01
 4.22284e+22	6.64e-06	2.12e-02	9.79e-01
 4.25243e+22	7.32e-06	2.23e-02	9.78e-01
 4.28602e+22	8.27e-06	2.37e-02	9.76e-01
 4.32038e+22	9.19e-06	2.49e-02	9.75e-01
 4.35065e+22	1.01e-05	2.62e-02	9.74e-01
 4.38491e+22	1.15e-05	2.78e-02	9.72e-01
 4.42011e+22	1.28e-05	2.94e-02	9.71e-01
 4.45129e+22	1.42e-05	3.09e-02	9.69e-01
 4.48658e+22	1.61e-05	3.28e-02	9.67e-01
 4.52292e+22	1.80e-05	3.47e-02	9.65e-01
 4.55529e+22	2.00e-05	3.65e-02	9.63e-01
 4.59203e+22	2.28e-05	3.90e-02	9.61e-01
 4.62955e+22	2.55e-05	4.12e-02	9.59e-01
 4.66809e+22	2.93e-05	4.41e-02	9.56e-01
 4.70706e+22	3.29e-05	4.66e-02	9.53e-01
 4.74661e+22	3.79e-05	4.99e-02	9.50e-01
 4.78579e+22	4.24e-05	5.27e-02	9.47e-01
 4.81755e+22	4.67e-05	5.53e-02	9.45e-01
 4.85192e+22	5.27e-05	5.86e-02	9.41e-01
 4.88668e+22	5.82e-05	6.15e-02	9.38e-01
 4.91728e+22	6.42e-05	6.44e-02	9.35e-01
 4.95238e+22	7.25e-05	6.83e-02	9.32e-01
 4.98846e+22	8.06e-05	7.19e-02	9.28e-01
 5.02062e+22	8.91e-05	7.55e-02	9.24e-01
 5.05724e+22	1.01e-04	8.01e-02	9.20e-01
 5.09422e+22	1.12e-04	8.43e-02	9.16e-01
 5.12638e+22	1.24e-04	8.84e-02	9.12e-01
 5.15533e+22	1.34e-04	9.18e-02	9.08e-01
 5.18537e+22	1.48e-04	9.63e-02	9.04e-01
 5.21599e+22	1.62e-04	1.00e-01	9.00e-01
 5.24281e+22	1.75e-04	1.04e-01	8.96e-01
 5.27314e+22	1.94e-04	1.09e-01	8.90e-01
 5.30399e+22	2.11e-04	1.14e-01	8.86e-01
 5.33136e+22	2.29e-04	1.18e-01	8.82e-01
 5.36279e+22	2.54e-04	1.24e-01	8.76e-01
 5.39437e+22	2.76e-04	1.29e-01	8.71e-01
 5.42616e+22	3.06e-04	1.35e-01	8.64e-01
 5.45256e+22	3.21e-04	1.39e-01	8.61e-01
 5.47196e+22	3.43e-04	1.43e-01	8.57e-01
 5.49717e+22	3.70e-04	1.48e-01	8.52e-01
 5.52995e+22	4.13e-04	1.56e-01	8.44e-01
 5.56290e+22	4.47e-04	1.62e-01	8.38e-01
 5.59608e+22	4.96e-04	1.70e-01	8.30e-01
 5.63026e+22	5.42e-04	1.77e-01	8.23e-01
 5.66574e+22	6.04e-04	1.86e-01	8.14e-01
 5.70188e+22	6.61e-04	1.93e-01	8.06e-01
 5.73887e+22	7.40e-04	2.03e-01	7.96e-01
 5.77659e+22	8.12e-04	2.12e-01	7.87e-01
 5.81524e+22	9.12e-04	2.23e-01	7.76e-01
 5.84901e+22	9.78e-04	2.30e-01	7.69e-01
 5.87643e+22	1.06e-03	2.38e-01	7.61e-01
 5.90491e+22	1.13e-03	2.46e-01	7.53e-01
 5.93476e+22	1.23e-03	2.54e-01	7.44e-01
 5.96509e+22	1.33e-03	2.63e-01	7.36e-01
 5.99171e+22	1.42e-03	2.71e-01	7.28e-01
 6.02198e+22	1.55e-03	2.81e-01	7.18e-01
 6.05266e+22	1.66e-03	2.89e-01	7.09e-01
 6.08390e+22	1.81e-03	3.00e-01	6.98e-01
 6.11588e+22	1.95e-03	3.09e-01	6.89e-01
 6.13952e+22	2.05e-03	3.16e-01	6.82e-01
 6.15596e+22	2.11e-03	3.20e-01	6.78e-01
 6.17237e+22	2.22e-03	3.26e-01	6.71e-01
 6.19370e+22	2.34e-03	3.34e-01	6.64e-01
 6.22142e+22	2.54e-03	3.45e-01	6.52e-01
 6.24583e+22	2.66e-03	3.51e-01	6.46e-01
 6.26593e+22	2.80e-03	3.59e-01	6.38e-01
 6.29206e+22	3.00e-03	3.69e-01	6.28e-01
 6.32602e+22	3.29e-03	3.83e-01	6.14e-01
 6.35786e+22	3.50e-03	3.92e-01	6.04e-01
 6.38693e+22	3.77e-03	4.04e-01	5.92e-01
 6.42472e+22	4.16e-03	4.20e-01	5.76e-01
 6.46298e+22	4.51e-03	4.33e-01	5.62e-01
 6.50186e+22	4.98e-03	4.50e-01	5.45e-01
 6.54130e+22	5.41e-03	4.64e-01	5.31e-01
 6.58145e+22	5.97e-03	4.81e-01	5.13e-01
 6.62265e+22	6.50e-03	4.97e-01	4.97e-01
 6.66522e+22	7.25e-03	5.17e-01	4.76e-01
 6.70794e+22	7.87e-03	5.32e-01	4.60e-01
 6.75087e+22	8.78e-03	5.53e-01	4.39e-01
 6.79438e+22	9.56e-03	5.69e-01	4.21e-01
 6.83865e+22	1.07e-02	5.90e-01	3.99e-01
 6.88392e+22	1.17e-02	6.09e-01	3.79e-01
 6.91942e+22	1.25e-02	6.22e-01	3.65e-01
 6.95449e+22	1.38e-02	6.40e-01	3.47e-01
 6.98943e+22	1.47e-02	6.53e-01	3.32e-01
 7.02419e+22	1.61e-02	6.70e-01	3.14e-01
 7.05940e+22	1.74e-02	6.84e-01	2.99e-01
 7.09522e+22	1.91e-02	7.01e-01	2.80e-01
 7.13148e+22	2.07e-02	7.15e-01	2.64e-01
 7.16301e+22	2.23e-02	7.28e-01	2.49e-01
 7.19869e+22	2.46e-02	7.43e-01	2.32e-01
 7.23548e+22	2.69e-02	7.57e-01	2.16e-01
 7.26782e+22	2.92e-02	7.69e-01	2.02e-01
 7.30398e+22	3.23e-02	7.83e-01	1.85e-01
 7.34220e+22	3.58e-02	7.95e-01	1.70e-01
 7.37481e+22	3.90e-02	8.04e-01	1.57e-01
 7.40241e+22	4.20e-02	8.11e-01	1.47e-01
 7.43180e+22	4.62e-02	8.18e-01	1.35e-01
 7.46231e+22	5.05e-02	8.24e-01	1.25e-01
 7.48070e+22	5.25e-02	8.26e-01	1.21e-01
 7.48786e+22	5.35e-02	8.27e-01	1.19e-01
 7.49381e+22	5.45e-02	8.28e-01	1.18e-01
 7.50127e+22	5.61e-02	8.29e-01	1.15e-01
 7.50924e+22	5.75e-02	8.30e-01	1.13e-01
 7.51660e+22	5.90e-02	8.31e-01	1.10e-01
 7.52361e+22	6.04e-02	8.31e-01	1.08e-01
 7.53058e+22	6.19e-02	8.32e-01	1.06e-01
 7.53745e+22	6.33e-02	8.32e-01	1.04e-01
 7.54450e+22	6.50e-02	8.33e-01	1.02e-01
 7.55152e+22	6.66e-02	8.33e-01	1.01e-01
 7.55808e+22	6.83e-02	8.33e-01	9.87e-02
 7.56437e+22	6.98e-02	8.33e-01	9.72e-02
 7.57066e+22	7.16e-02	8.33e-01	9.55e-02
 7.57701e+22	7.33e-02	8.33e-01	9.40e-02
 7.58339e+22	7.52e-02	8.32e-01	9.23e-02
 7.58966e+22	7.71e-02	8.32e-01	9.08e-02
 7.59552e+22	7.89e-02	8.32e-01	8.94e-02
 7.60124e+22	8.06e-02	8.31e-01	8.82e-02
 7.60731e+22	8.29e-02	8.30e-01	8.67e-02
 7.61331e+22	8.48e-02	8.30e-01	8.56e-02
 7.61902e+22	8.69e-02	8.29e-01	8.43e-02
 7.62470e+22	8.92e-02	8.28e-01	8.30e-02
 7.63015e+22	9.13e-02	8.27e-01	8.19e-02
 7.63552e+22	9.35e-02	8.26e-01	8.08e-02
 7.64096e+22	9.59e-02	8.24e-01	7.98e-02
 7.64641e+22	9.83e-02	8.23e-01	7.88e-02
 7.65183e+22	1.01e-01	8.21e-01	7.78e-02
 7.65722e+22	1.03e-01	8.20e-01	7.68e-02
 7.66258e+22	1.06e-01	8.18e-01	7.60e-02
 7.66803e+22	1.09e-01	8.16e-01	7.50e-02
 7.67348e+22	1.12e-01	8.14e-01	7.40e-02
 7.67861e+22	1.14e-01	8.12e-01	7.34e-02
 7.68399e+22	1.18e-01	8.10e-01	7.25e-02
 7.68961e+22	1.21e-01	8.07e-01	7.16e-02
 7.69483e+22	1.24e-01	8.05e-01	7.10e-02
 7.69988e+22	1.28e-01	8.02e-01	7.03e-02
 7.70523e+22	1.32e-01	7.99e-01	6.94e-02
 7.71060e+22	1.35e-01	7.96e-01	6.89e-02
 7.71597e+22	1.39e-01	7.93e-01	6.82e-02
 7.72143e+22	1.44e-01	7.89e-01	6.75e-02
 7.72668e+22	1.48e-01	7.85e-01	6.69e-02
 7.73196e+22	1.52e-01	7.82e-01	6.63e-02
 7.73758e+22	1.57e-01	7.77e-01	6.57e-02
 7.74330e+22	1.62e-01	7.73e-01	6.50e-02
 7.74881e+22	1.67e-01	7.68e-01	6.45e-02
 7.75434e+22	1.73e-01	7.63e-01	6.39e-02
 7.76015e+22	1.79e-01	7.58e-01	6.33e-02
 7.76615e+22	1.85e-01	7.52e-01	6.27e-02
 7.77228e+22	1.92e-01	7.46e-01	6.20e-02
 7.77841e+22	1.99e-01	7.40e-01	6.14e-02
 7.78459e+22	2.06e-01	7.33e-01	6.07e-02
 7.79035e+22	2.13e-01	7.27e-01	6.02e-02
 7.79538e+22	2.19e-01	7.21e-01	5.97e-02
 7.80038e+22	2.26e-01	7.15e-01	5.91e-02
 7.80578e+22	2.33e-01	7.08e-01	5.84e-02
 7.81145e+22	2.42e-01	7.01e-01	5.76e-02
 7.81705e+22	2.49e-01	6.94e-01	5.71e-02
 7.82267e+22	2.58e-01	6.86e-01	5.62e-02
 7.82841e+22	2.66e-01	6.78e-01	5.56e-02
 7.83435e+22	2.76e-01	6.70e-01	5.48e-02
 7.84049e+22	2.86e-01	6.60e-01	5.39e-02
 7.84652e+22	2.95e-01	6.51e-01	5.31e-02
 7.85258e+22	3.06e-01	6.42e-01	5.22e-02
 7.85900e+22	3.17e-01	6.32e-01	5.12e-02
 7.86562e+22	3.28e-01	6.21e-01	5.02e-02
 7.87216e+22	3.40e-01	6.11e-01	4.92e-02
 7.87876e+22	3.52e-01	6.00e-01	4.82e-02
 7.88565e+22	3.65e-01	5.88e-01	4.71e-02
 7.89279e+22	3.78e-01	5.76e-01	4.59e-02
 7.89995e+22	3.92e-01	5.64e-01	4.48e-02
 7.90718e+22	4.06e-01	5.51e-01	4.36e-02
 7.91471e+22	4.20e-01	5.38e-01	4.23e-02
 7.92245e+22	4.35e-01	5.24e-01	4.10e-02
 7.93032e+22	4.50e-01	5.10e-01	3.97e-02
 7.93841e+22	4.66e-01	4.96e-01	3.83e-02
 7.94668e+22	4.82e-01	4.82e-01	3.70e-02
 7.95518e+22	4.98e-01	4.67e-01	3.55e-02
 7.96403e+22	5.14e-01	4.51e-01	3.41e-02
 7.97306e+22	5.31e-01	4.36e-01	3.26e-02
 7.98217e+22	5.48e-01	4.21e-01	3.11e-02
 7.99145e+22	5.64e-01	4.06e-01	2.96e-02
 8.00098e+22	5.80e-01	3.91e-01	2.81e-02
 8.01085e+22	5.97e-01	3.77e-01	2.66e-02
 8.02099e+22	6.13e-01	3.62e-01	2.51e-02
 8.03125e+22	6.28e-01	3.48e-01	2.37e-02
 8.04174e+22	6.44e-01	3.34e-01	2.23e-02
 8.05266e+22	6.58e-01	3.21e-01	2.09e-02
 8.06387e+22	6.73e-01	3.08e-01	1.96e-02
 8.07540e+22	6.87e-01	2.95e-01	1.83e-02
 8.08736e+22	7.00e-01	2.83e-01	1.70e-02
 8.09975e+22	7.13e-01	2.71e-01	1.58e-02
 8.11247e+22	7.26e-01	2.60e-01	1.46e-02
 8.12526e+22	7.38e-01	2.49e-01	1.35e-02
 8.13753e+22	7.48e-01	2.39e-01	1.25e-02
 8.14916e+22	7.58e-01	2.31e-01	1.17e-02
 8.16039e+22	7.66e-01	2.23e-01	1.09e-02
 8.17126e+22	7.74e-01	2.15e-01	1.02e-02
 8.18178e+22	7.82e-01	2.09e-01	9.55e-03
 8.19192e+22	7.89e-01	2.02e-01	8.97e-03
 8.20154e+22	7.95e-01	1.96e-01	8.44e-03
 8.21066e+22	8.01e-01	1.91e-01	7.96e-03
 8.21920e+22	8.06e-01	1.86e-01	7.55e-03
 8.22745e+22	8.11e-01	1.81e-01	7.15e-03
 8.23568e+22	8.16e-01	1.77e-01	6.78e-03
 8.24364e+22	8.21e-01	1.73e-01	6.44e-03
 8.25129e+22	8.25e-01	1.69e-01	6.13e-03
 8.25866e+22	8.29e-01	1.65e-01	5.83e-03
 8.26577e+22	8.33e-01	1.61e-01	5.56e-03
 8.27264e+22	8.37e-01	1.58e-01	5.31e-03
 8.27927e+22	8.40e-01	1.55e-01	5.07e-03
 8.28567e+22	8.44e-01	1.51e-01	4.85e-03
 8.29184e+22	8.47e-01	1.48e-01	4.64e-03
 8.29780e+22	8.50e-01	1.45e-01	4.45e-03
 8.30354e+22	8.53e-01	1.43e-01	4.27e-03
 8.30909e+22	8.56e-01	1.40e-01	4.10e-03
 8.31430e+22	8.59e-01	1.37e-01	3.95e-03
 8.31904e+22	8.61e-01	1.35e-01	3.80e-03
 8.32336e+22	8.63e-01	1.33e-01	3.68e-03
 8.32728e+22	8.65e-01	1.31e-01	3.56e-03
 8.33085e+22	8.67e-01	1.29e-01	3.46e-03
 8.33410e+22	8.69e-01	1.28e-01	3.37e-03
 8.33706e+22	8.70e-01	1.26e-01	3.29e-03
 8.33975e+22	8.72e-01	1.25e-01	3.21e-03
 8.34220e+22	8.73e-01	1.24e-01	3.15e-03
 8.34489e+22	8.75e-01	1.22e-01	3.07e-03
 8.34778e+22	8.76e-01	1.21e-01	3.00e-03
 8.35042e+22	8.77e-01	1.20e-01	2.93e-03
 8.35282e+22	8.78e-01	1.19e-01	2.88e-03
 8.35545e+22	8.80e-01	1.17e-01	2.82e-03
 8.35829e+22	8.81e-01	1.16e-01	2.76e-03
 8.36140e+22	8.83e-01	1.15e-01	2.68e-03
 8.36476e+22	8.84e-01	1.13e-01	2.61e-03
 8.36781e+22	8.85e-01	1.12e-01	2.56e-03
 8.37116e+22	8.87e-01	1.11e-01	2.48e-03
 8.37478e+22	8.88e-01	1.09e-01	2.43e-03
 8.37807e+22	8.90e-01	1.08e-01	2.36e-03
 8.38106e+22	8.91e-01	1.07e-01	2.32e-03
 8.38434e+22	8.92e-01	1.05e-01	2.25e-03
 8.38788e+22	8.93e-01	1.04e-01	2.20e-03
 8.39110e+22	8.95e-01	1.03e-01	2.15e-03
 8.39463e+22	8.96e-01	1.02e-01	2.08e-03
 8.39845e+22	8.98e-01	1.00e-01	2.03e-03
 8.40192e+22	8.99e-01	9.91e-02	1.98e-03
 8.40572e+22	9.01e-01	9.76e-02	1.92e-03
 8.40982e+22	9.02e-01	9.62e-02	1.86e-03
 8.41356e+22	9.03e-01	9.50e-02	1.81e-03
 8.41696e+22	9.04e-01	9.37e-02	1.76e-03
 8.42005e+22	9.06e-01	9.26e-02	1.72e-03
 8.42286e+22	9.07e-01	9.15e-02	1.68e-03
 8.42595e+22	9.08e-01	9.02e-02	1.63e-03
 8.42928e+22	9.09e-01	8.91e-02	1.59e-03
 8.43231e+22	9.10e-01	8.80e-02	1.55e-03
 8.43506e+22	9.11e-01	8.73e-02	1.52e-03
 8.43809e+22	9.12e-01	8.60e-02	1.48e-03
 8.44135e+22	9.14e-01	8.50e-02	1.44e-03
 8.44432e+22	9.15e-01	8.40e-02	1.41e-03
 8.44702e+22	9.15e-01	8.32e-02	1.38e-03
 8.44998e+22	9.17e-01	8.21e-02	1.35e-03
 8.45317e+22	9.17e-01	8.13e-02	1.32e-03
 8.45667e+22	9.19e-01	8.01e-02	1.28e-03
 8.46045e+22	9.20e-01	7.90e-02	1.24e-03
 8.46389e+22	9.21e-01	7.81e-02	1.21e-03
 8.46702e+22	9.22e-01	7.71e-02	1.18e-03
 8.46987e+22	9.22e-01	7.64e-02	1.16e-03
 8.47299e+22	9.24e-01	7.52e-02	1.12e-03
 8.47636e+22	9.24e-01	7.44e-02	1.10e-03
 8.48006e+22	9.26e-01	7.34e-02	1.07e-03
 8.48404e+22	9.26e-01	7.25e-02	1.04e-03
 8.48767e+22	9.27e-01	7.15e-02	1.02e-03
 8.49097e+22	9.28e-01	7.08e-02	9.96e-04
 8.49459e+22	9.29e-01	6.97e-02	9.65e-04
 8.49849e+22	9.30e-01	6.89e-02	9.42e-04
 8.50205e+22	9.31e-01	6.81e-02	9.21e-04
 8.50594e+22	9.32e-01	6.70e-02	8.91e-04
 8.51015e+22	9.33e-01	6.62e-02	8.69e-04
 8.51397e+22	9.34e-01	6.53e-02	8.45e-04
 8.51745e+22	9.35e-01	6.46e-02	8.27e-04
 8.52127e+22	9.36e-01	6.36e-02	8.01e-04
 8.52539e+22	9.36e-01	6.28e-02	7.82e-04
 8.52914e+22	9.37e-01	6.21e-02	7.65e-04
 8.53324e+22	9.38e-01	6.10e-02	7.38e-04
 8.53768e+22	9.39e-01	6.02e-02	7.19e-04
 8.54171e+22	9.40e-01	5.94e-02	6.99e-04
 8.54538e+22	9.41e-01	5.87e-02	6.84e-04
 8.54941e+22	9.42e-01	5.78e-02	6.62e-04
 8.55375e+22	9.42e-01	5.71e-02	6.46e-04
 8.55770e+22	9.43e-01	5.64e-02	6.31e-04
 8.56204e+22	9.44e-01	5.54e-02	6.09e-04
 8.56671e+22	9.45e-01	5.47e-02	5.93e-04
 8.57097e+22	9.45e-01	5.40e-02	5.78e-04
 8.57563e+22	9.46e-01	5.30e-02	5.57e-04
 8.58066e+22	9.47e-01	5.22e-02	5.41e-04
 8.58524e+22	9.48e-01	5.16e-02	5.27e-04
 8.59026e+22	9.49e-01	5.06e-02	5.08e-04
 8.59568e+22	9.50e-01	4.99e-02	4.94e-04
 8.60061e+22	9.50e-01	4.91e-02	4.78e-04
 8.60510e+22	9.51e-01	4.84e-02	4.65e-04
 8.61002e+22	9.52e-01	4.75e-02	4.48e-04
 8.61533e+22	9.53e-01	4.68e-02	4.34e-04
 8.62016e+22	9.53e-01	4.62e-02	4.23e-04
 8.62545e+22	9.54e-01	4.53e-02	4.07e-04
 8.63117e+22	9.55e-01	4.45e-02	3.94e-04
 8.63637e+22	9.56e-01	4.39e-02	3.83e-04
 8.64207e+22	9.57e-01	4.30e-02	3.68e-04
 8.64822e+22	9.57e-01	4.24e-02	3.57e-04
 8.65382e+22	9.58e-01	4.16e-02	3.45e-04
 8.65891e+22	9.59e-01	4.10e-02	3.35e-04
 8.66450e+22	9.59e-01	4.02e-02	3.22e-04
 8.67052e+22	9.60e-01	3.96e-02	3.12e-04
 8.67601e+22	9.61e-01	3.90e-02	3.02e-04
 8.68202e+22	9.61e-01	3.82e-02	2.91e-04
 8.68851e+22	9.62e-01	3.76e-02	2.81e-04
 8.69441e+22	9.63e-01	3.70e-02	2.73e-04
 8.70088e+22	9.64e-01	3.62e-02	2.61e-04
 8.70787e+22	9.64e-01	3.55e-02	2.52e-04
 8.71422e+22	9.65e-01	3.49e-02	2.44e-04
 8.72119e+22	9.66e-01	3.41e-02	2.33e-04
 8.72871e+22	9.66e-01	3.35e-02	2.24e-04
 8.73555e+22	9.67e-01	3.29e-02	2.16e-04
 8.74305e+22	9.68e-01	3.21e-02	2.06e-04
 8.75115e+22	9.68e-01	3.15e-02	1.98e-04
 8.75851e+22	9.69e-01	3.08e-02	1.90e-04
 8.76522e+22	9.70e-01	3.03e-02	1.84e-04
 8.77256e+22	9.70e-01	2.96e-02	1.76e-04
 8.78049e+22	9.71e-01	2.90e-02	1.69e-04
 8.78771e+22	9.71e-01	2.85e-02	1.62e-04
 8.79562e+22	9.72e-01	2.78e-02	1.55e-04
 8.80415e+22	9.73e-01	2.72e-02	1.49e-04
 8.81192e+22	9.73e-01	2.67e-02	1.43e-04
 8.81899e+22	9.74e-01	2.62e-02	1.38e-04
 8.82674e+22	9.74e-01	2.56e-02	1.32e-04
 8.83510e+22	9.75e-01	2.51e-02	1.27e-04
 8.84271e+22	9.75e-01	2.46e-02	1.22e-04
 8.85105e+22	9.76e-01	2.40e-02	1.16e-04
 8.86006e+22	9.76e-01	2.35e-02	1.11e-04
 8.86825e+22	9.77e-01	2.30e-02	1.07e-04
 8.87723e+22	9.77e-01	2.25e-02	1.02e-04
 8.88692e+22	9.78e-01	2.19e-02	9.72e-05
 8.89574e+22	9.78e-01	2.14e-02	9.30e-05
 8.90377e+22	9.79e-01	2.10e-02	8.94e-05
 8.91256e+22	9.79e-01	2.05e-02	8.54e-05
 8.92206e+22	9.80e-01	2.01e-02	8.15e-05
 8.93070e+22	9.80e-01	1.96e-02	7.82e-05
 8.94017e+22	9.81e-01	1.92e-02	7.44e-05
 8.95248e+22	9.81e-01	1.85e-02	6.97e-05
 8.96607e+22	9.82e-01	1.79e-02	6.53e-05
 8.97965e+22	9.83e-01	1.73e-02	6.10e-05
 8.99366e+22	9.83e-01	1.67e-02	5.70e-05
 9.00786e+22	9.84e-01	1.61e-02	5.32e-05
 9.02223e+22	9.84e-01	1.56e-02	4.96e-05
 9.03675e+22	9.85e-01	1.50e-02	4.62e-05
 9.05141e+22	9.85e-01	1.45e-02	4.31e-05
 9.06622e+22	9.86e-01	1.40e-02	4.01e-05
 9.08117e+22	9.86e-01	1.35e-02	3.74e-05
 9.09626e+22	9.87e-01	1.30e-02	3.48e-05
 9.11148e+22	9.87e-01	1.25e-02	3.24e-05
 9.12682e+22	9.88e-01	1.21e-02	3.01e-05
 9.14229e+22	9.88e-01	1.16e-02	2.80e-05
 9.15787e+22	9.89e-01	1.12e-02	2.60e-05
 9.17354e+22	9.89e-01	1.08e-02	2.42e-05
 9.18932e+22	9.90e-01	1.04e-02	2.24e-05
 9.20520e+22	9.90e-01	1.00e-02	2.08e-05
 9.22121e+22	9.90e-01	9.65e-03	1.93e-05
 9.23733e+22	9.91e-01	9.29e-03	1.79e-05
 9.25123e+22	9.91e-01	9.02e-03	1.69e-05
