#depth	O	O+	O+2	O+3	O+4	O+5	O+6	O+7	O+8	O[1]	O[2]	O[3]
 4.62852e+21	5.70e-22	9.38e-17	9.53e-13	9.97e-10	2.17e-07	1.87e-05	9.08e-03	1.86e-01	8.05e-01	0.00e+00	0.00e+00	0.00e+00
 1.02844e+22	2.41e-20	2.43e-15	1.56e-11	1.05e-08	1.42e-06	7.18e-05	2.10e-02	2.66e-01	7.13e-01	0.00e+00	0.00e+00	0.00e+00
 1.18048e+22	1.15e-19	9.49e-15	5.05e-11	2.84e-08	3.15e-06	1.27e-04	2.99e-02	3.06e-01	6.64e-01	0.00e+00	0.00e+00	0.00e+00
 1.25444e+22	2.42e-19	1.81e-14	8.82e-11	4.56e-08	4.60e-06	1.67e-04	3.53e-02	3.25e-01	6.39e-01	0.00e+00	0.00e+00	0.00e+00
 1.28525e+22	2.91e-19	2.13e-14	1.02e-10	5.14e-08	5.06e-06	1.79e-04	3.68e-02	3.31e-01	6.32e-01	0.00e+00	0.00e+00	0.00e+00
 1.29943e+22	3.66e-19	2.60e-14	1.21e-10	5.94e-08	5.70e-06	1.95e-04	3.88e-02	3.37e-01	6.24e-01	0.00e+00	0.00e+00	0.00e+00
 1.31416e+22	4.44e-19	3.08e-14	1.39e-10	6.72e-08	6.29e-06	2.09e-04	4.05e-02	3.42e-01	6.17e-01	0.00e+00	0.00e+00	0.00e+00
 1.32961e+22	5.63e-19	3.79e-14	1.67e-10	7.82e-08	7.10e-06	2.29e-04	4.27e-02	3.49e-01	6.08e-01	0.00e+00	0.00e+00	0.00e+00
 1.34536e+22	6.89e-19	4.52e-14	1.94e-10	8.89e-08	7.88e-06	2.46e-04	4.46e-02	3.54e-01	6.01e-01	0.00e+00	0.00e+00	0.00e+00
 1.35915e+22	8.33e-19	5.33e-14	2.24e-10	1.00e-07	8.68e-06	2.64e-04	4.65e-02	3.60e-01	5.94e-01	0.00e+00	0.00e+00	0.00e+00
 1.37473e+22	1.06e-18	6.57e-14	2.68e-10	1.17e-07	9.82e-06	2.88e-04	4.91e-02	3.66e-01	5.84e-01	0.00e+00	0.00e+00	0.00e+00
 1.39068e+22	1.29e-18	7.84e-14	3.12e-10	1.33e-07	1.09e-05	3.11e-04	5.13e-02	3.72e-01	5.76e-01	0.00e+00	0.00e+00	0.00e+00
 1.40488e+22	1.57e-18	9.28e-14	3.62e-10	1.51e-07	1.20e-05	3.34e-04	5.35e-02	3.77e-01	5.69e-01	0.00e+00	0.00e+00	0.00e+00
 1.42109e+22	1.99e-18	1.14e-13	4.31e-10	1.75e-07	1.36e-05	3.63e-04	5.63e-02	3.84e-01	5.59e-01	0.00e+00	0.00e+00	0.00e+00
 1.43794e+22	2.44e-18	1.37e-13	5.04e-10	1.99e-07	1.51e-05	3.92e-04	5.89e-02	3.90e-01	5.51e-01	0.00e+00	0.00e+00	0.00e+00
 1.45312e+22	2.98e-18	1.62e-13	5.86e-10	2.26e-07	1.67e-05	4.22e-04	6.15e-02	3.95e-01	5.43e-01	0.00e+00	0.00e+00	0.00e+00
 1.47034e+22	3.83e-18	2.02e-13	7.08e-10	2.66e-07	1.90e-05	4.62e-04	6.49e-02	4.02e-01	5.33e-01	0.00e+00	0.00e+00	0.00e+00
 1.48696e+22	4.59e-18	2.37e-13	8.11e-10	2.98e-07	2.08e-05	4.93e-04	6.75e-02	4.07e-01	5.25e-01	0.00e+00	0.00e+00	0.00e+00
 1.50282e+22	5.73e-18	2.87e-13	9.58e-10	3.43e-07	2.33e-05	5.35e-04	7.08e-02	4.13e-01	5.16e-01	0.00e+00	0.00e+00	0.00e+00
 1.51919e+22	6.92e-18	3.39e-13	1.11e-09	3.86e-07	2.56e-05	5.73e-04	7.36e-02	4.18e-01	5.08e-01	0.00e+00	0.00e+00	0.00e+00
 1.53400e+22	8.30e-18	3.97e-13	1.27e-09	4.33e-07	2.81e-05	6.12e-04	7.65e-02	4.23e-01	5.00e-01	0.00e+00	0.00e+00	0.00e+00
 1.55102e+22	1.05e-17	4.88e-13	1.51e-09	5.04e-07	3.17e-05	6.66e-04	8.04e-02	4.29e-01	4.90e-01	0.00e+00	0.00e+00	0.00e+00
 1.56847e+22	1.27e-17	5.77e-13	1.75e-09	5.68e-07	3.49e-05	7.14e-04	8.37e-02	4.34e-01	4.82e-01	0.00e+00	0.00e+00	0.00e+00
 1.58649e+22	1.63e-17	7.15e-13	2.10e-09	6.63e-07	3.95e-05	7.79e-04	8.80e-02	4.40e-01	4.71e-01	0.00e+00	0.00e+00	0.00e+00
 1.60503e+22	2.00e-17	8.55e-13	2.45e-09	7.55e-07	4.38e-05	8.38e-04	9.18e-02	4.45e-01	4.62e-01	0.00e+00	0.00e+00	0.00e+00
 1.62424e+22	2.57e-17	1.07e-12	2.97e-09	8.85e-07	4.98e-05	9.18e-04	9.67e-02	4.51e-01	4.51e-01	2.57e-17	1.63e-27	1.72e-27
 1.64396e+22	3.19e-17	1.29e-12	3.49e-09	1.01e-06	5.55e-05	9.91e-04	1.01e-01	4.56e-01	4.42e-01	3.19e-17	5.14e-27	5.94e-27
 1.66138e+22	3.92e-17	1.54e-12	4.07e-09	1.15e-06	6.14e-05	1.07e-03	1.05e-01	4.61e-01	4.33e-01	3.92e-17	6.36e-27	7.35e-27
 1.68108e+22	5.03e-17	1.92e-12	4.91e-09	1.35e-06	6.97e-05	1.16e-03	1.11e-01	4.66e-01	4.22e-01	5.03e-17	8.27e-27	9.54e-27
 1.70159e+22	6.31e-17	2.34e-12	5.82e-09	1.56e-06	7.81e-05	1.26e-03	1.16e-01	4.71e-01	4.12e-01	6.31e-17	1.05e-26	1.21e-26
 1.71978e+22	7.81e-17	2.82e-12	6.83e-09	1.78e-06	8.69e-05	1.36e-03	1.21e-01	4.76e-01	4.02e-01	7.81e-17	1.31e-26	1.51e-26
 1.74006e+22	1.01e-16	3.54e-12	8.31e-09	2.10e-06	9.91e-05	1.49e-03	1.27e-01	4.81e-01	3.91e-01	1.01e-16	1.73e-26	1.98e-26
 1.76091e+22	1.27e-16	4.32e-12	9.88e-09	2.43e-06	1.11e-04	1.62e-03	1.33e-01	4.85e-01	3.80e-01	1.27e-16	2.20e-26	2.52e-26
 1.77933e+22	1.58e-16	5.20e-12	1.16e-08	2.78e-06	1.24e-04	1.75e-03	1.39e-01	4.89e-01	3.71e-01	1.58e-16	2.75e-26	3.15e-26
 1.80011e+22	2.07e-16	6.59e-12	1.42e-08	3.30e-06	1.42e-04	1.92e-03	1.46e-01	4.93e-01	3.59e-01	2.07e-16	3.65e-26	4.18e-26
 1.82141e+22	2.57e-16	7.98e-12	1.68e-08	3.79e-06	1.59e-04	2.08e-03	1.52e-01	4.97e-01	3.49e-01	2.57e-16	4.61e-26	5.27e-26
 1.84340e+22	3.44e-16	1.03e-11	2.09e-08	4.57e-06	1.85e-04	2.31e-03	1.61e-01	5.01e-01	3.35e-01	3.44e-16	6.25e-26	7.15e-26
 1.86553e+22	4.31e-16	1.25e-11	2.48e-08	5.28e-06	2.07e-04	2.51e-03	1.68e-01	5.04e-01	3.25e-01	4.31e-16	7.95e-26	9.07e-26
 1.88784e+22	5.77e-16	1.61e-11	3.09e-08	6.36e-06	2.41e-04	2.78e-03	1.78e-01	5.07e-01	3.12e-01	5.77e-16	1.08e-25	1.23e-25
 1.91040e+22	7.26e-16	1.98e-11	3.68e-08	7.38e-06	2.72e-04	3.03e-03	1.86e-01	5.10e-01	3.01e-01	7.26e-16	1.38e-25	1.57e-25
 1.92915e+22	8.89e-16	2.36e-11	4.29e-08	8.42e-06	3.03e-04	3.26e-03	1.93e-01	5.11e-01	2.92e-01	8.89e-16	1.71e-25	1.94e-25
 1.94938e+22	1.15e-15	2.96e-11	5.24e-08	1.00e-05	3.48e-04	3.60e-03	2.03e-01	5.13e-01	2.79e-01	1.15e-15	2.25e-25	2.56e-25
 1.96946e+22	1.40e-15	3.51e-11	6.07e-08	1.13e-05	3.86e-04	3.87e-03	2.11e-01	5.14e-01	2.71e-01	1.40e-15	2.77e-25	3.14e-25
 1.98935e+22	1.81e-15	4.38e-11	7.38e-08	1.34e-05	4.43e-04	4.26e-03	2.21e-01	5.15e-01	2.59e-01	1.81e-15	3.63e-25	4.10e-25
 2.00944e+22	2.20e-15	5.20e-11	8.57e-08	1.53e-05	4.92e-04	4.59e-03	2.30e-01	5.15e-01	2.50e-01	2.20e-15	4.46e-25	5.05e-25
 2.02980e+22	2.83e-15	6.50e-11	1.04e-07	1.81e-05	5.67e-04	5.07e-03	2.41e-01	5.15e-01	2.38e-01	2.83e-15	5.85e-25	6.60e-25
 2.05040e+22	3.44e-15	7.71e-11	1.21e-07	2.06e-05	6.31e-04	5.46e-03	2.50e-01	5.15e-01	2.29e-01	3.44e-15	7.21e-25	8.13e-25
 2.07131e+22	4.43e-15	9.63e-11	1.48e-07	2.45e-05	7.28e-04	6.04e-03	2.63e-01	5.13e-01	2.17e-01	4.43e-15	9.44e-25	1.06e-24
 2.09260e+22	5.40e-15	1.15e-10	1.73e-07	2.81e-05	8.15e-04	6.55e-03	2.73e-01	5.12e-01	2.08e-01	5.40e-15	1.17e-24	1.31e-24
 2.11439e+22	6.96e-15	1.43e-10	2.11e-07	3.35e-05	9.45e-04	7.27e-03	2.87e-01	5.09e-01	1.96e-01	6.96e-15	1.53e-24	1.72e-24
 2.13659e+22	8.48e-15	1.71e-10	2.47e-07	3.85e-05	1.06e-03	7.89e-03	2.98e-01	5.06e-01	1.87e-01	8.48e-15	1.90e-24	2.12e-24
 2.15933e+22	1.09e-14	2.13e-10	3.02e-07	4.61e-05	1.24e-03	8.79e-03	3.13e-01	5.02e-01	1.75e-01	1.09e-14	2.49e-24	2.78e-24
 2.18249e+22	1.33e-14	2.53e-10	3.53e-07	5.31e-05	1.39e-03	9.58e-03	3.25e-01	4.98e-01	1.66e-01	1.33e-14	3.07e-24	3.43e-24
 2.20548e+22	1.67e-14	3.12e-10	4.27e-07	6.30e-05	1.61e-03	1.06e-02	3.40e-01	4.93e-01	1.55e-01	1.67e-14	3.95e-24	4.41e-24
 2.22746e+22	1.97e-14	3.61e-10	4.90e-07	7.13e-05	1.79e-03	1.15e-02	3.51e-01	4.88e-01	1.47e-01	1.97e-14	4.73e-24	5.27e-24
 2.24886e+22	2.43e-14	4.35e-10	5.82e-07	8.35e-05	2.06e-03	1.27e-02	3.66e-01	4.81e-01	1.38e-01	2.43e-14	5.94e-24	6.60e-24
 2.27018e+22	2.83e-14	4.99e-10	6.62e-07	9.39e-05	2.27e-03	1.36e-02	3.78e-01	4.76e-01	1.30e-01	2.83e-14	7.02e-24	7.80e-24
 2.29139e+22	3.42e-14	5.92e-10	7.79e-07	1.09e-04	2.59e-03	1.50e-02	3.93e-01	4.68e-01	1.22e-01	3.42e-14	8.66e-24	9.60e-24
 2.31263e+22	3.94e-14	6.74e-10	8.81e-07	1.22e-04	2.86e-03	1.61e-02	4.04e-01	4.62e-01	1.15e-01	3.94e-14	1.01e-23	1.12e-23
 2.33392e+22	4.70e-14	7.91e-10	1.03e-06	1.42e-04	3.25e-03	1.76e-02	4.19e-01	4.53e-01	1.07e-01	4.70e-14	1.23e-23	1.36e-23
 2.35519e+22	5.36e-14	8.93e-10	1.16e-06	1.58e-04	3.57e-03	1.89e-02	4.30e-01	4.46e-01	1.01e-01	5.36e-14	1.43e-23	1.58e-23
 2.37642e+22	6.29e-14	1.04e-09	1.34e-06	1.82e-04	4.03e-03	2.07e-02	4.45e-01	4.37e-01	9.37e-02	6.29e-14	1.71e-23	1.89e-23
 2.39765e+22	7.10e-14	1.16e-09	1.49e-06	2.02e-04	4.41e-03	2.21e-02	4.55e-01	4.29e-01	8.85e-02	7.10e-14	1.96e-23	2.17e-23
 2.41888e+22	8.24e-14	1.33e-09	1.72e-06	2.30e-04	4.95e-03	2.41e-02	4.70e-01	4.19e-01	8.19e-02	8.24e-14	2.33e-23	2.56e-23
 2.44018e+22	9.23e-14	1.48e-09	1.91e-06	2.55e-04	5.40e-03	2.56e-02	4.80e-01	4.11e-01	7.72e-02	9.23e-14	2.65e-23	2.91e-23
 2.46156e+22	1.06e-13	1.69e-09	2.18e-06	2.90e-04	6.03e-03	2.79e-02	4.94e-01	4.01e-01	7.13e-02	1.06e-13	3.11e-23	3.41e-23
 2.48306e+22	1.18e-13	1.87e-09	2.41e-06	3.20e-04	6.56e-03	2.97e-02	5.04e-01	3.93e-01	6.70e-02	1.18e-13	3.52e-23	3.86e-23
 2.50470e+22	1.34e-13	2.12e-09	2.74e-06	3.63e-04	7.30e-03	3.22e-02	5.17e-01	3.82e-01	6.17e-02	1.34e-13	4.09e-23	4.48e-23
 2.52655e+22	1.49e-13	2.34e-09	3.03e-06	4.00e-04	7.93e-03	3.42e-02	5.27e-01	3.73e-01	5.79e-02	1.49e-13	4.61e-23	5.05e-23
 2.54868e+22	1.68e-13	2.64e-09	3.44e-06	4.53e-04	8.81e-03	3.70e-02	5.39e-01	3.61e-01	5.32e-02	1.68e-13	5.34e-23	5.84e-23
 2.57111e+22	1.86e-13	2.91e-09	3.80e-06	5.00e-04	9.55e-03	3.93e-02	5.48e-01	3.52e-01	4.97e-02	1.86e-13	6.01e-23	6.56e-23
 2.59393e+22	2.08e-13	3.27e-09	4.30e-06	5.66e-04	1.06e-02	4.25e-02	5.60e-01	3.40e-01	4.54e-02	2.08e-13	6.91e-23	7.53e-23
 2.61711e+22	2.31e-13	3.61e-09	4.76e-06	6.24e-04	1.15e-02	4.51e-02	5.69e-01	3.31e-01	4.24e-02	2.31e-13	7.81e-23	8.50e-23
 2.64076e+22	2.59e-13	4.06e-09	5.40e-06	7.07e-04	1.27e-02	4.88e-02	5.80e-01	3.19e-01	3.86e-02	2.59e-13	8.99e-23	9.78e-23
 2.66509e+22	2.87e-13	4.50e-09	6.00e-06	7.82e-04	1.38e-02	5.18e-02	5.89e-01	3.09e-01	3.58e-02	2.87e-13	1.02e-22	1.10e-22
 2.68579e+22	3.13e-13	4.90e-09	6.57e-06	8.55e-04	1.48e-02	5.46e-02	5.96e-01	3.01e-01	3.34e-02	3.13e-13	1.13e-22	1.23e-22
 2.70820e+22	3.48e-13	5.47e-09	7.38e-06	9.59e-04	1.62e-02	5.85e-02	6.04e-01	2.89e-01	3.05e-02	3.48e-13	1.29e-22	1.40e-22
 2.73017e+22	3.77e-13	5.94e-09	8.05e-06	1.04e-03	1.73e-02	6.14e-02	6.10e-01	2.81e-01	2.86e-02	3.77e-13	1.42e-22	1.54e-22
 2.75157e+22	4.17e-13	6.59e-09	8.98e-06	1.16e-03	1.87e-02	6.53e-02	6.18e-01	2.71e-01	2.62e-02	4.17e-13	1.61e-22	1.74e-22
 2.77318e+22	4.52e-13	7.17e-09	9.80e-06	1.26e-03	2.00e-02	6.85e-02	6.23e-01	2.63e-01	2.45e-02	4.52e-13	1.78e-22	1.92e-22
 2.79506e+22	4.96e-13	7.93e-09	1.09e-05	1.40e-03	2.17e-02	7.29e-02	6.29e-01	2.52e-01	2.23e-02	4.96e-13	2.00e-22	2.17e-22
 2.81705e+22	5.42e-13	8.66e-09	1.20e-05	1.52e-03	2.31e-02	7.63e-02	6.34e-01	2.45e-01	2.09e-02	5.42e-13	2.22e-22	2.41e-22
 2.83918e+22	5.96e-13	9.59e-09	1.33e-05	1.70e-03	2.50e-02	8.10e-02	6.39e-01	2.34e-01	1.90e-02	5.96e-13	2.50e-22	2.71e-22
 2.86157e+22	6.52e-13	1.05e-08	1.46e-05	1.85e-03	2.66e-02	8.47e-02	6.42e-01	2.27e-01	1.77e-02	6.52e-13	2.79e-22	3.03e-22
 2.88431e+22	7.20e-13	1.17e-08	1.64e-05	2.06e-03	2.87e-02	8.98e-02	6.47e-01	2.17e-01	1.61e-02	7.20e-13	3.16e-22	3.43e-22
 2.90737e+22	7.90e-13	1.28e-08	1.80e-05	2.24e-03	3.05e-02	9.39e-02	6.49e-01	2.09e-01	1.49e-02	7.90e-13	3.54e-22	3.84e-22
 2.93086e+22	8.75e-13	1.44e-08	2.02e-05	2.50e-03	3.30e-02	9.95e-02	6.52e-01	1.99e-01	1.35e-02	8.75e-13	4.03e-22	4.38e-22
 2.95474e+22	9.66e-13	1.59e-08	2.23e-05	2.73e-03	3.51e-02	1.04e-01	6.54e-01	1.92e-01	1.25e-02	9.66e-13	4.55e-22	4.94e-22
 2.97912e+22	1.08e-12	1.78e-08	2.52e-05	3.06e-03	3.80e-02	1.10e-01	6.56e-01	1.82e-01	1.12e-02	1.08e-12	5.22e-22	5.67e-22
 3.00401e+22	1.20e-12	1.99e-08	2.80e-05	3.35e-03	4.04e-02	1.15e-01	6.56e-01	1.75e-01	1.03e-02	1.20e-12	5.94e-22	6.45e-22
 3.02955e+22	1.34e-12	2.25e-08	3.18e-05	3.76e-03	4.37e-02	1.22e-01	6.56e-01	1.65e-01	9.22e-03	1.34e-12	6.87e-22	7.47e-22
 3.05545e+22	1.51e-12	2.52e-08	3.55e-05	4.12e-03	4.65e-02	1.27e-01	6.56e-01	1.58e-01	8.46e-03	1.51e-12	7.89e-22	8.58e-22
 3.08183e+22	1.70e-12	2.88e-08	4.06e-05	4.64e-03	5.03e-02	1.35e-01	6.54e-01	1.49e-01	7.51e-03	1.70e-12	9.21e-22	1.00e-21
 3.10844e+22	1.92e-12	3.24e-08	4.53e-05	5.10e-03	5.35e-02	1.40e-01	6.52e-01	1.42e-01	6.87e-03	1.92e-12	1.06e-21	1.16e-21
 3.13124e+22	2.12e-12	3.61e-08	5.02e-05	5.56e-03	5.66e-02	1.46e-01	6.50e-01	1.36e-01	6.29e-03	2.12e-12	1.21e-21	1.31e-21
 3.15676e+22	2.42e-12	4.14e-08	5.74e-05	6.22e-03	6.09e-02	1.53e-01	6.46e-01	1.28e-01	5.60e-03	2.42e-12	1.42e-21	1.55e-21
 3.18249e+22	2.73e-12	4.66e-08	6.39e-05	6.80e-03	6.44e-02	1.59e-01	6.43e-01	1.22e-01	5.13e-03	2.73e-12	1.65e-21	1.79e-21
 3.20422e+22	3.02e-12	5.16e-08	7.05e-05	7.37e-03	6.78e-02	1.64e-01	6.39e-01	1.16e-01	4.72e-03	3.02e-12	1.86e-21	2.03e-21
 3.22498e+22	3.38e-12	5.76e-08	7.78e-05	7.98e-03	7.13e-02	1.70e-01	6.35e-01	1.11e-01	4.35e-03	3.38e-12	2.13e-21	2.32e-21
 3.24874e+22	3.85e-12	6.58e-08	8.81e-05	8.82e-03	7.59e-02	1.77e-01	6.29e-01	1.05e-01	3.90e-03	3.85e-12	2.50e-21	2.73e-21
 3.27273e+22	4.27e-12	7.34e-08	9.75e-05	9.57e-03	7.97e-02	1.83e-01	6.24e-01	9.98e-02	3.56e-03	4.27e-12	2.85e-21	3.11e-21
 3.29379e+22	4.81e-12	8.23e-08	1.08e-04	1.04e-02	8.37e-02	1.88e-01	6.19e-01	9.53e-02	3.27e-03	4.81e-12	3.28e-21	3.58e-21
 3.31794e+22	5.58e-12	9.50e-08	1.23e-04	1.14e-02	8.90e-02	1.95e-01	6.11e-01	8.96e-02	2.93e-03	5.58e-12	3.93e-21	4.29e-21
 3.34310e+22	6.34e-12	1.08e-07	1.37e-04	1.25e-02	9.38e-02	2.02e-01	6.04e-01	8.47e-02	2.66e-03	6.34e-12	4.59e-21	5.01e-21
 3.36570e+22	7.19e-12	1.22e-07	1.53e-04	1.36e-02	9.85e-02	2.08e-01	5.97e-01	8.04e-02	2.42e-03	7.19e-12	5.34e-21	5.84e-21
 3.39121e+22	8.48e-12	1.43e-07	1.75e-04	1.51e-02	1.05e-01	2.15e-01	5.87e-01	7.51e-02	2.15e-03	8.48e-12	6.51e-21	7.12e-21
 3.41767e+22	9.78e-12	1.64e-07	1.97e-04	1.65e-02	1.10e-01	2.22e-01	5.79e-01	7.07e-02	1.93e-03	9.78e-12	7.73e-21	8.46e-21
 3.44539e+22	1.18e-11	1.95e-07	2.29e-04	1.84e-02	1.18e-01	2.30e-01	5.67e-01	6.54e-02	1.69e-03	1.18e-11	9.66e-21	1.06e-20
 3.47342e+22	1.37e-11	2.25e-07	2.59e-04	2.01e-02	1.24e-01	2.36e-01	5.57e-01	6.14e-02	1.52e-03	1.37e-11	1.16e-20	1.27e-20
 3.49804e+22	1.61e-11	2.60e-07	2.92e-04	2.19e-02	1.30e-01	2.42e-01	5.46e-01	5.77e-02	1.36e-03	1.61e-11	1.40e-20	1.53e-20
 3.52628e+22	1.95e-11	3.12e-07	3.40e-04	2.45e-02	1.38e-01	2.50e-01	5.32e-01	5.30e-02	1.18e-03	1.95e-11	1.77e-20	1.94e-20
 3.55481e+22	2.29e-11	3.61e-07	3.84e-04	2.67e-02	1.45e-01	2.56e-01	5.21e-01	4.95e-02	1.06e-03	2.29e-11	2.14e-20	2.35e-20
 3.58375e+22	2.84e-11	4.37e-07	4.48e-04	2.98e-02	1.54e-01	2.63e-01	5.06e-01	4.54e-02	9.17e-04	2.84e-11	2.75e-20	3.03e-20
 3.61363e+22	3.40e-11	5.15e-07	5.12e-04	3.27e-02	1.62e-01	2.69e-01	4.92e-01	4.20e-02	8.06e-04	3.40e-11	3.41e-20	3.75e-20
 3.63999e+22	4.05e-11	6.00e-07	5.79e-04	3.57e-02	1.70e-01	2.74e-01	4.79e-01	3.91e-02	7.17e-04	4.05e-11	4.20e-20	4.62e-20
 3.66950e+22	5.06e-11	7.29e-07	6.76e-04	3.97e-02	1.80e-01	2.81e-01	4.63e-01	3.56e-02	6.17e-04	5.06e-11	5.47e-20	6.02e-20
 3.70038e+22	6.18e-11	8.68e-07	7.77e-04	4.36e-02	1.89e-01	2.86e-01	4.48e-01	3.26e-02	5.36e-04	6.18e-11	6.91e-20	7.61e-20
 3.72760e+22	7.43e-11	1.02e-06	8.79e-04	4.74e-02	1.97e-01	2.90e-01	4.34e-01	3.02e-02	4.74e-04	7.43e-11	8.58e-20	9.46e-20
 3.75758e+22	9.38e-11	1.24e-06	1.03e-03	5.26e-02	2.08e-01	2.94e-01	4.16e-01	2.73e-02	4.05e-04	9.38e-11	1.13e-19	1.25e-19
 3.78960e+22	1.17e-10	1.49e-06	1.18e-03	5.79e-02	2.18e-01	2.98e-01	3.99e-01	2.48e-02	3.48e-04	1.17e-10	1.46e-19	1.61e-19
 3.81597e+22	1.38e-10	1.72e-06	1.32e-03	6.22e-02	2.26e-01	3.01e-01	3.86e-01	2.30e-02	3.09e-04	1.38e-10	1.78e-19	1.97e-19
 3.84192e+22	1.69e-10	2.03e-06	1.50e-03	6.76e-02	2.35e-01	3.03e-01	3.71e-01	2.10e-02	2.69e-04	1.69e-10	2.27e-19	2.50e-19
 3.86945e+22	2.04e-10	2.37e-06	1.69e-03	7.30e-02	2.44e-01	3.05e-01	3.57e-01	1.93e-02	2.36e-04	2.04e-10	2.83e-19	3.13e-19
 3.89500e+22	2.46e-10	2.76e-06	1.90e-03	7.85e-02	2.52e-01	3.06e-01	3.43e-01	1.77e-02	2.07e-04	2.46e-10	3.51e-19	3.88e-19
 3.92419e+22	3.11e-10	3.34e-06	2.19e-03	8.60e-02	2.63e-01	3.07e-01	3.26e-01	1.59e-02	1.76e-04	3.11e-10	4.64e-19	5.14e-19
 3.95408e+22	3.82e-10	3.94e-06	2.48e-03	9.29e-02	2.72e-01	3.08e-01	3.10e-01	1.44e-02	1.52e-04	3.82e-10	5.89e-19	6.52e-19
 3.98029e+22	4.62e-10	4.59e-06	2.77e-03	9.97e-02	2.80e-01	3.07e-01	2.97e-01	1.31e-02	1.32e-04	4.62e-10	7.37e-19	8.17e-19
 4.00974e+22	5.88e-10	5.55e-06	3.19e-03	1.09e-01	2.91e-01	3.06e-01	2.80e-01	1.17e-02	1.11e-04	5.88e-10	9.79e-19	1.08e-18
 4.04011e+22	7.24e-10	6.54e-06	3.60e-03	1.17e-01	2.99e-01	3.05e-01	2.65e-01	1.05e-02	9.54e-05	7.24e-10	1.25e-18	1.39e-18
 4.06725e+22	8.85e-10	7.66e-06	4.04e-03	1.25e-01	3.07e-01	3.03e-01	2.51e-01	9.52e-03	8.21e-05	8.85e-10	1.58e-18	1.75e-18
 4.09809e+22	1.14e-09	9.32e-06	4.66e-03	1.36e-01	3.17e-01	2.99e-01	2.34e-01	8.35e-03	6.79e-05	1.14e-09	2.13e-18	2.37e-18
 4.12974e+22	1.42e-09	1.10e-05	5.26e-03	1.46e-01	3.25e-01	2.95e-01	2.20e-01	7.44e-03	5.74e-05	1.42e-09	2.75e-18	3.06e-18
 4.15785e+22	1.75e-09	1.30e-05	5.89e-03	1.56e-01	3.33e-01	2.91e-01	2.07e-01	6.65e-03	4.89e-05	1.75e-09	3.52e-18	3.91e-18
 4.18979e+22	2.27e-09	1.58e-05	6.78e-03	1.69e-01	3.41e-01	2.86e-01	1.91e-01	5.77e-03	3.98e-05	2.27e-09	4.79e-18	5.34e-18
 4.22284e+22	2.86e-09	1.88e-05	7.67e-03	1.81e-01	3.48e-01	2.80e-01	1.78e-01	5.07e-03	3.31e-05	2.86e-09	6.28e-18	6.99e-18
 4.25243e+22	3.55e-09	2.22e-05	8.60e-03	1.93e-01	3.54e-01	2.74e-01	1.66e-01	4.47e-03	2.77e-05	3.55e-09	8.11e-18	9.04e-18
 4.28602e+22	4.67e-09	2.72e-05	9.91e-03	2.09e-01	3.61e-01	2.66e-01	1.51e-01	3.81e-03	2.21e-05	4.67e-09	1.12e-17	1.25e-17
 4.32038e+22	5.91e-09	3.24e-05	1.12e-02	2.22e-01	3.66e-01	2.58e-01	1.39e-01	3.31e-03	1.81e-05	5.91e-09	1.48e-17	1.65e-17
 4.35065e+22	7.37e-09	3.82e-05	1.25e-02	2.36e-01	3.70e-01	2.51e-01	1.28e-01	2.89e-03	1.50e-05	7.37e-09	1.92e-17	2.14e-17
 4.38491e+22	9.73e-09	4.68e-05	1.43e-02	2.53e-01	3.74e-01	2.41e-01	1.15e-01	2.43e-03	1.18e-05	9.73e-09	2.67e-17	2.98e-17
 4.42011e+22	1.24e-08	5.58e-05	1.61e-02	2.68e-01	3.77e-01	2.32e-01	1.05e-01	2.07e-03	9.48e-06	1.24e-08	3.54e-17	3.96e-17
 4.45129e+22	1.55e-08	6.56e-05	1.80e-02	2.83e-01	3.79e-01	2.23e-01	9.60e-02	1.79e-03	7.74e-06	1.55e-08	4.61e-17	5.16e-17
 4.48658e+22	2.05e-08	8.05e-05	2.06e-02	3.01e-01	3.80e-01	2.12e-01	8.53e-02	1.48e-03	5.97e-06	2.05e-08	6.45e-17	7.22e-17
 4.52292e+22	2.62e-08	9.60e-05	2.31e-02	3.18e-01	3.80e-01	2.02e-01	7.68e-02	1.25e-03	4.73e-06	2.62e-08	8.60e-17	9.65e-17
 4.55529e+22	3.29e-08	1.13e-04	2.57e-02	3.33e-01	3.79e-01	1.92e-01	6.93e-02	1.06e-03	3.79e-06	3.29e-08	1.13e-16	1.27e-16
 4.59203e+22	4.41e-08	1.39e-04	2.94e-02	3.53e-01	3.76e-01	1.80e-01	6.06e-02	8.58e-04	2.84e-06	4.41e-08	1.60e-16	1.80e-16
 4.62955e+22	5.61e-08	1.66e-04	3.27e-02	3.70e-01	3.73e-01	1.70e-01	5.40e-02	7.17e-04	2.23e-06	5.61e-08	2.13e-16	2.40e-16
 4.66809e+22	7.59e-08	2.05e-04	3.74e-02	3.90e-01	3.68e-01	1.57e-01	4.65e-02	5.69e-04	1.63e-06	7.59e-08	3.05e-16	3.44e-16
 4.70706e+22	9.69e-08	2.43e-04	4.17e-02	4.06e-01	3.63e-01	1.47e-01	4.11e-02	4.69e-04	1.26e-06	9.69e-08	4.08e-16	4.61e-16
 4.74661e+22	1.31e-07	3.02e-04	4.75e-02	4.27e-01	3.56e-01	1.35e-01	3.50e-02	3.67e-04	9.07e-07	1.31e-07	5.88e-16	6.65e-16
 4.78579e+22	1.66e-07	3.55e-04	5.25e-02	4.42e-01	3.49e-01	1.25e-01	3.08e-02	3.02e-04	6.99e-07	1.66e-07	7.78e-16	8.81e-16
 4.81755e+22	2.04e-07	4.11e-04	5.73e-02	4.55e-01	3.42e-01	1.17e-01	2.74e-02	2.53e-04	5.54e-07	2.04e-07	9.97e-16	1.13e-15
 4.85192e+22	2.63e-07	4.90e-04	6.36e-02	4.70e-01	3.34e-01	1.08e-01	2.37e-02	2.03e-04	4.14e-07	2.63e-07	1.35e-15	1.54e-15
 4.88668e+22	3.24e-07	5.67e-04	6.93e-02	4.83e-01	3.26e-01	1.00e-01	2.10e-02	1.69e-04	3.24e-07	3.24e-07	1.74e-15	1.97e-15
 4.91728e+22	3.98e-07	6.52e-04	7.52e-02	4.94e-01	3.18e-01	9.34e-02	1.86e-02	1.41e-04	2.54e-07	3.98e-07	2.22e-15	2.52e-15
 4.95238e+22	5.12e-07	7.77e-04	8.32e-02	5.08e-01	3.08e-01	8.49e-02	1.59e-02	1.11e-04	1.87e-07	5.12e-07	3.02e-15	3.43e-15
 4.98846e+22	6.37e-07	9.03e-04	9.07e-02	5.18e-01	2.98e-01	7.80e-02	1.38e-02	9.07e-05	1.43e-07	6.37e-07	3.93e-15	4.47e-15
 5.02062e+22	7.83e-07	1.04e-03	9.83e-02	5.28e-01	2.89e-01	7.18e-02	1.21e-02	7.44e-05	0.00e+00	7.83e-07	5.04e-15	5.74e-15
 5.05724e+22	1.01e-06	1.24e-03	1.09e-01	5.39e-01	2.77e-01	6.45e-02	1.02e-02	5.78e-05	0.00e+00	1.01e-06	6.90e-15	7.86e-15
 5.09422e+22	1.25e-06	1.44e-03	1.18e-01	5.47e-01	2.66e-01	5.88e-02	8.83e-03	4.67e-05	0.00e+00	1.25e-06	8.92e-15	1.02e-14
 5.12638e+22	1.53e-06	1.65e-03	1.27e-01	5.54e-01	2.56e-01	5.37e-02	7.68e-03	3.80e-05	0.00e+00	1.53e-06	1.14e-14	1.30e-14
 5.15533e+22	1.80e-06	1.84e-03	1.35e-01	5.58e-01	2.48e-01	4.99e-02	6.85e-03	3.22e-05	0.00e+00	1.80e-06	1.39e-14	1.58e-14
 5.18537e+22	2.21e-06	2.12e-03	1.45e-01	5.63e-01	2.38e-01	4.53e-02	5.92e-03	2.60e-05	0.00e+00	2.21e-06	1.78e-14	2.03e-14
 5.21599e+22	2.62e-06	2.38e-03	1.54e-01	5.67e-01	2.29e-01	4.16e-02	5.22e-03	2.16e-05	0.00e+00	2.62e-06	2.19e-14	2.51e-14
 5.24281e+22	3.07e-06	2.65e-03	1.64e-01	5.70e-01	2.21e-01	3.84e-02	4.63e-03	1.81e-05	0.00e+00	3.07e-06	2.67e-14	3.05e-14
 5.27314e+22	3.77e-06	3.05e-03	1.76e-01	5.72e-01	2.11e-01	3.46e-02	3.96e-03	1.44e-05	0.00e+00	3.77e-06	3.43e-14	3.92e-14
 5.30399e+22	4.45e-06	3.41e-03	1.86e-01	5.73e-01	2.02e-01	3.16e-02	3.48e-03	1.19e-05	0.00e+00	4.45e-06	4.21e-14	4.81e-14
 5.33136e+22	5.22e-06	3.80e-03	1.97e-01	5.73e-01	1.94e-01	2.90e-02	3.07e-03	9.95e-06	0.00e+00	5.22e-06	5.12e-14	5.86e-14
 5.36279e+22	6.43e-06	4.37e-03	2.11e-01	5.72e-01	1.83e-01	2.58e-02	2.60e-03	7.81e-06	0.00e+00	6.43e-06	6.62e-14	7.58e-14
 5.39437e+22	7.54e-06	4.87e-03	2.23e-01	5.71e-01	1.75e-01	2.35e-02	2.28e-03	6.45e-06	0.00e+00	7.54e-06	8.07e-14	9.24e-14
 5.42616e+22	9.24e-06	5.59e-03	2.39e-01	5.68e-01	1.65e-01	2.09e-02	1.92e-03	5.05e-06	0.00e+00	9.24e-06	1.04e-13	1.19e-13
 5.45256e+22	1.02e-05	5.95e-03	2.47e-01	5.66e-01	1.60e-01	1.96e-02	1.77e-03	4.47e-06	0.00e+00	1.02e-05	1.17e-13	1.34e-13
 5.47196e+22	1.15e-05	6.48e-03	2.57e-01	5.63e-01	1.54e-01	1.82e-02	1.59e-03	3.83e-06	0.00e+00	1.15e-05	1.37e-13	1.57e-13
 5.49717e+22	1.34e-05	7.18e-03	2.70e-01	5.59e-01	1.47e-01	1.65e-02	1.39e-03	3.16e-06	0.00e+00	1.34e-05	1.65e-13	1.90e-13
 5.52995e+22	1.66e-05	8.27e-03	2.88e-01	5.51e-01	1.36e-01	1.44e-02	1.15e-03	2.41e-06	0.00e+00	1.66e-05	2.15e-13	2.47e-13
 5.56290e+22	1.93e-05	9.14e-03	3.02e-01	5.45e-01	1.29e-01	1.30e-02	1.00e-03	1.97e-06	0.00e+00	1.93e-05	2.60e-13	2.99e-13
 5.59608e+22	2.35e-05	1.05e-02	3.21e-01	5.36e-01	1.20e-01	1.13e-02	8.30e-04	1.50e-06	0.00e+00	2.35e-05	3.35e-13	3.85e-13
 5.63026e+22	2.78e-05	1.17e-02	3.38e-01	5.27e-01	1.12e-01	1.00e-02	7.07e-04	1.20e-06	0.00e+00	2.78e-05	4.12e-13	4.74e-13
 5.66574e+22	3.42e-05	1.34e-02	3.59e-01	5.15e-01	1.03e-01	8.62e-03	5.77e-04	8.94e-07	0.00e+00	3.42e-05	5.37e-13	6.17e-13
 5.70188e+22	4.05e-05	1.50e-02	3.77e-01	5.04e-01	9.63e-02	7.58e-03	4.87e-04	7.01e-07	0.00e+00	4.05e-05	6.66e-13	7.65e-13
 5.73887e+22	5.02e-05	1.73e-02	4.00e-01	4.88e-01	8.78e-02	6.43e-03	3.93e-04	5.16e-07	0.00e+00	5.02e-05	8.74e-13	1.00e-12
 5.77659e+22	5.96e-05	1.94e-02	4.19e-01	4.75e-01	8.10e-02	5.60e-03	3.28e-04	3.99e-07	0.00e+00	5.96e-05	1.09e-12	1.25e-12
 5.81524e+22	7.42e-05	2.24e-02	4.43e-01	4.57e-01	7.31e-02	4.68e-03	2.60e-04	2.87e-07	0.00e+00	7.42e-05	1.44e-12	1.65e-12
 5.84901e+22	8.39e-05	2.42e-02	4.57e-01	4.46e-01	6.85e-02	4.20e-03	2.27e-04	2.36e-07	0.00e+00	8.39e-05	1.68e-12	1.93e-12
 5.87643e+22	9.73e-05	2.67e-02	4.74e-01	4.32e-01	6.35e-02	3.69e-03	1.92e-04	1.87e-07	0.00e+00	9.73e-05	2.04e-12	2.34e-12
 5.90491e+22	1.10e-04	2.90e-02	4.88e-01	4.20e-01	5.93e-02	3.29e-03	1.66e-04	1.52e-07	0.00e+00	1.10e-04	2.40e-12	2.75e-12
 5.93476e+22	1.29e-04	3.22e-02	5.06e-01	4.04e-01	5.46e-02	2.86e-03	1.39e-04	0.00e+00	0.00e+00	1.29e-04	2.94e-12	3.36e-12
 5.96509e+22	1.47e-04	3.50e-02	5.21e-01	3.91e-01	5.05e-02	2.52e-03	1.19e-04	0.00e+00	0.00e+00	1.47e-04	3.49e-12	3.98e-12
 5.99171e+22	1.66e-04	3.79e-02	5.35e-01	3.78e-01	4.70e-02	2.24e-03	1.02e-04	0.00e+00	0.00e+00	1.66e-04	4.10e-12	4.66e-12
 6.02198e+22	1.94e-04	4.20e-02	5.52e-01	3.61e-01	4.27e-02	1.92e-03	8.45e-05	0.00e+00	0.00e+00	1.94e-04	5.05e-12	5.73e-12
 6.05266e+22	2.20e-04	4.54e-02	5.66e-01	3.47e-01	3.94e-02	1.69e-03	7.22e-05	0.00e+00	0.00e+00	2.20e-04	5.93e-12	6.72e-12
 6.08390e+22	2.56e-04	5.02e-02	5.82e-01	3.30e-01	3.57e-02	1.44e-03	5.92e-05	0.00e+00	0.00e+00	2.56e-04	7.30e-12	8.24e-12
 6.11588e+22	2.91e-04	5.44e-02	5.96e-01	3.16e-01	3.26e-02	1.25e-03	4.98e-05	0.00e+00	0.00e+00	2.91e-04	8.66e-12	9.74e-12
 6.13952e+22	3.16e-04	5.72e-02	6.05e-01	3.06e-01	3.07e-02	1.14e-03	4.44e-05	0.00e+00	0.00e+00	3.16e-04	9.65e-12	1.08e-11
 6.15596e+22	3.33e-04	5.93e-02	6.10e-01	3.00e-01	2.95e-02	1.07e-03	4.11e-05	0.00e+00	0.00e+00	3.33e-04	1.04e-11	1.17e-11
 6.17237e+22	3.63e-04	6.25e-02	6.18e-01	2.90e-01	2.77e-02	9.75e-04	3.67e-05	0.00e+00	0.00e+00	3.63e-04	1.16e-11	1.30e-11
 6.19370e+22	4.00e-04	6.65e-02	6.27e-01	2.79e-01	2.59e-02	8.72e-04	3.20e-05	0.00e+00	0.00e+00	4.00e-04	1.33e-11	1.48e-11
 6.22142e+22	4.60e-04	7.26e-02	6.40e-01	2.63e-01	2.33e-02	7.42e-04	2.63e-05	0.00e+00	0.00e+00	4.60e-04	1.61e-11	1.78e-11
 6.24583e+22	4.92e-04	7.57e-02	6.46e-01	2.55e-01	2.19e-02	6.79e-04	2.36e-05	0.00e+00	0.00e+00	4.92e-04	1.77e-11	1.95e-11
 6.26593e+22	5.40e-04	8.03e-02	6.54e-01	2.44e-01	2.04e-02	6.06e-04	2.06e-05	0.00e+00	0.00e+00	5.40e-04	2.01e-11	2.21e-11
 6.29206e+22	6.07e-04	8.64e-02	6.63e-01	2.31e-01	1.85e-02	5.24e-04	1.73e-05	0.00e+00	0.00e+00	6.07e-04	2.36e-11	2.59e-11
 6.32602e+22	7.11e-04	9.54e-02	6.74e-01	2.14e-01	1.62e-02	4.29e-04	1.36e-05	0.00e+00	0.00e+00	7.11e-04	2.94e-11	3.20e-11
 6.35786e+22	7.81e-04	1.01e-01	6.81e-01	2.03e-01	1.48e-02	3.75e-04	1.16e-05	0.00e+00	0.00e+00	7.81e-04	3.36e-11	3.64e-11
 6.38693e+22	8.86e-04	1.09e-01	6.88e-01	1.89e-01	1.32e-02	3.17e-04	9.45e-06	0.00e+00	0.00e+00	8.86e-04	4.02e-11	4.32e-11
 6.42472e+22	1.05e-03	1.21e-01	6.95e-01	1.72e-01	1.13e-02	2.52e-04	7.20e-06	0.00e+00	0.00e+00	1.05e-03	5.08e-11	5.41e-11
 6.46298e+22	1.18e-03	1.30e-01	7.00e-01	1.59e-01	9.96e-03	2.10e-04	5.79e-06	0.00e+00	0.00e+00	1.18e-03	6.05e-11	6.40e-11
 6.50186e+22	1.39e-03	1.43e-01	7.04e-01	1.43e-01	8.44e-03	1.65e-04	4.35e-06	0.00e+00	0.00e+00	1.39e-03	7.66e-11	8.03e-11
 6.54130e+22	1.57e-03	1.54e-01	7.06e-01	1.31e-01	7.35e-03	1.35e-04	3.45e-06	0.00e+00	0.00e+00	1.57e-03	9.15e-11	9.51e-11
 6.58145e+22	1.85e-03	1.70e-01	7.06e-01	1.16e-01	6.19e-03	1.05e-04	2.57e-06	0.00e+00	0.00e+00	1.85e-03	1.16e-10	1.19e-10
 6.62265e+22	2.10e-03	1.82e-01	7.05e-01	1.05e-01	5.31e-03	8.49e-05	2.00e-06	0.00e+00	0.00e+00	2.10e-03	1.39e-10	1.42e-10
 6.66522e+22	2.50e-03	2.02e-01	7.00e-01	9.14e-02	4.36e-03	6.38e-05	1.43e-06	0.00e+00	0.00e+00	2.50e-03	1.79e-10	1.81e-10
 6.70794e+22	2.81e-03	2.16e-01	6.95e-01	8.19e-02	3.73e-03	5.13e-05	1.11e-06	0.00e+00	0.00e+00	2.81e-03	2.14e-10	2.15e-10
 6.75087e+22	3.36e-03	2.39e-01	6.84e-01	7.02e-02	3.03e-03	3.79e-05	7.87e-07	0.00e+00	0.00e+00	3.36e-03	2.76e-10	2.73e-10
 6.79438e+22	3.80e-03	2.56e-01	6.76e-01	6.21e-02	2.56e-03	2.99e-05	6.00e-07	0.00e+00	0.00e+00	3.80e-03	3.31e-10	3.26e-10
 6.83865e+22	4.54e-03	2.83e-01	6.59e-01	5.22e-02	2.05e-03	2.16e-05	4.16e-07	0.00e+00	0.00e+00	4.54e-03	4.26e-10	4.15e-10
 6.88392e+22	5.21e-03	3.05e-01	6.44e-01	4.49e-02	1.69e-03	1.65e-05	3.07e-07	0.00e+00	0.00e+00	5.21e-03	5.18e-10	5.02e-10
 6.91942e+22	5.75e-03	3.21e-01	6.31e-01	4.01e-02	1.47e-03	1.34e-05	2.45e-07	0.00e+00	0.00e+00	5.75e-03	5.98e-10	5.76e-10
 6.95449e+22	6.68e-03	3.48e-01	6.10e-01	3.40e-02	1.21e-03	1.01e-05	1.79e-07	0.00e+00	0.00e+00	6.68e-03	7.36e-10	7.05e-10
 6.98943e+22	7.41e-03	3.67e-01	5.94e-01	2.99e-02	1.04e-03	8.12e-06	1.41e-07	0.00e+00	0.00e+00	7.41e-03	8.51e-10	8.12e-10
 7.02419e+22	8.61e-03	3.96e-01	5.69e-01	2.50e-02	8.54e-04	6.00e-06	0.00e+00	0.00e+00	0.00e+00	8.61e-03	1.05e-09	9.92e-10
 7.05940e+22	9.68e-03	4.20e-01	5.48e-01	2.15e-02	7.23e-04	4.67e-06	0.00e+00	0.00e+00	0.00e+00	9.68e-03	1.23e-09	1.16e-09
 7.09522e+22	1.14e-02	4.54e-01	5.17e-01	1.75e-02	5.84e-04	3.34e-06	0.00e+00	0.00e+00	0.00e+00	1.14e-02	1.52e-09	1.43e-09
 7.13148e+22	1.29e-02	4.82e-01	4.90e-01	1.45e-02	4.85e-04	2.50e-06	0.00e+00	0.00e+00	0.00e+00	1.29e-02	1.81e-09	1.70e-09
 7.16301e+22	1.47e-02	5.11e-01	4.62e-01	1.21e-02	4.05e-04	1.87e-06	0.00e+00	0.00e+00	0.00e+00	1.47e-02	2.15e-09	2.01e-09
 7.19869e+22	1.74e-02	5.49e-01	4.24e-01	9.37e-03	3.20e-04	1.27e-06	0.00e+00	0.00e+00	0.00e+00	1.74e-02	2.69e-09	2.50e-09
 7.23548e+22	2.03e-02	5.83e-01	3.89e-01	7.36e-03	2.57e-04	8.86e-07	0.00e+00	0.00e+00	0.00e+00	2.03e-02	3.27e-09	3.04e-09
 7.26782e+22	2.34e-02	6.15e-01	3.55e-01	5.77e-03	2.09e-04	6.21e-07	0.00e+00	0.00e+00	0.00e+00	2.34e-02	3.94e-09	3.65e-09
 7.30398e+22	2.82e-02	6.56e-01	3.11e-01	4.16e-03	1.59e-04	3.87e-07	0.00e+00	0.00e+00	0.00e+00	2.82e-02	5.01e-09	4.63e-09
 7.34220e+22	3.39e-02	6.93e-01	2.70e-01	2.96e-03	1.21e-04	2.39e-07	0.00e+00	0.00e+00	0.00e+00	3.39e-02	6.30e-09	5.81e-09
 7.37481e+22	3.99e-02	7.23e-01	2.35e-01	2.16e-03	9.45e-05	1.54e-07	0.00e+00	0.00e+00	0.00e+00	3.99e-02	7.70e-09	7.09e-09
 7.40241e+22	4.61e-02	7.47e-01	2.05e-01	1.61e-03	7.56e-05	0.00e+00	0.00e+00	0.00e+00	0.00e+00	4.61e-02	9.18e-09	8.45e-09
 7.43180e+22	5.50e-02	7.72e-01	1.72e-01	1.11e-03	5.68e-05	0.00e+00	0.00e+00	0.00e+00	0.00e+00	5.50e-02	1.14e-08	1.05e-08
 7.46231e+22	6.57e-02	7.92e-01	1.42e-01	7.52e-04	4.26e-05	0.00e+00	0.00e+00	0.00e+00	0.00e+00	6.57e-02	1.41e-08	1.29e-08
 7.48070e+22	7.21e-02	7.99e-01	1.28e-01	6.16e-04	3.69e-05	0.00e+00	0.00e+00	0.00e+00	0.00e+00	7.21e-02	1.56e-08	1.43e-08
 7.48786e+22	7.52e-02	8.03e-01	1.22e-01	5.62e-04	3.45e-05	0.00e+00	0.00e+00	0.00e+00	0.00e+00	7.52e-02	1.64e-08	1.50e-08
 7.49381e+22	7.81e-02	8.05e-01	1.16e-01	5.14e-04	3.22e-05	0.00e+00	0.00e+00	0.00e+00	0.00e+00	7.81e-02	1.71e-08	1.57e-08
 7.50127e+22	8.23e-02	8.08e-01	1.09e-01	4.56e-04	2.94e-05	0.00e+00	0.00e+00	0.00e+00	0.00e+00	8.23e-02	1.82e-08	1.67e-08
 7.50924e+22	8.67e-02	8.11e-01	1.02e-01	4.04e-04	2.68e-05	0.00e+00	0.00e+00	0.00e+00	0.00e+00	8.67e-02	1.93e-08	1.77e-08
 7.51660e+22	9.11e-02	8.13e-01	9.59e-02	3.60e-04	2.46e-05	0.00e+00	0.00e+00	0.00e+00	0.00e+00	9.11e-02	2.05e-08	1.87e-08
 7.52361e+22	9.56e-02	8.14e-01	9.01e-02	3.22e-04	2.25e-05	0.00e+00	0.00e+00	0.00e+00	0.00e+00	9.56e-02	2.16e-08	1.98e-08
 7.53058e+22	1.00e-01	8.15e-01	8.46e-02	2.87e-04	2.06e-05	0.00e+00	0.00e+00	0.00e+00	0.00e+00	1.00e-01	2.28e-08	2.09e-08
 7.53745e+22	1.05e-01	8.15e-01	7.95e-02	2.58e-04	1.90e-05	0.00e+00	0.00e+00	0.00e+00	0.00e+00	1.05e-01	2.41e-08	2.20e-08
 7.54450e+22	1.11e-01	8.15e-01	7.41e-02	2.28e-04	1.72e-05	0.00e+00	0.00e+00	0.00e+00	0.00e+00	1.11e-01	2.55e-08	2.33e-08
 7.55152e+22	1.16e-01	8.14e-01	6.92e-02	2.03e-04	1.57e-05	0.00e+00	0.00e+00	0.00e+00	0.00e+00	1.16e-01	2.69e-08	2.46e-08
 7.55808e+22	1.22e-01	8.13e-01	6.47e-02	1.81e-04	1.43e-05	0.00e+00	0.00e+00	0.00e+00	0.00e+00	1.22e-01	2.84e-08	2.60e-08
 7.56437e+22	1.28e-01	8.12e-01	6.06e-02	1.62e-04	1.31e-05	0.00e+00	0.00e+00	0.00e+00	0.00e+00	1.28e-01	2.99e-08	2.73e-08
 7.57066e+22	1.34e-01	8.10e-01	5.65e-02	1.45e-04	1.19e-05	0.00e+00	0.00e+00	0.00e+00	0.00e+00	1.34e-01	3.15e-08	2.87e-08
 7.57701e+22	1.40e-01	8.07e-01	5.28e-02	1.29e-04	1.09e-05	0.00e+00	0.00e+00	0.00e+00	0.00e+00	1.40e-01	3.31e-08	3.02e-08
 7.58339e+22	1.47e-01	8.04e-01	4.90e-02	1.15e-04	9.85e-06	0.00e+00	0.00e+00	0.00e+00	0.00e+00	1.47e-01	3.49e-08	3.18e-08
 7.58966e+22	1.54e-01	8.00e-01	4.56e-02	1.02e-04	8.92e-06	0.00e+00	0.00e+00	0.00e+00	0.00e+00	1.54e-01	3.68e-08	3.35e-08
 7.59552e+22	1.61e-01	7.96e-01	4.25e-02	9.18e-05	8.13e-06	0.00e+00	0.00e+00	0.00e+00	0.00e+00	1.61e-01	3.85e-08	3.51e-08
 7.60124e+22	1.68e-01	7.92e-01	3.97e-02	8.27e-05	7.43e-06	0.00e+00	0.00e+00	0.00e+00	0.00e+00	1.68e-01	4.03e-08	3.67e-08
 7.60731e+22	1.77e-01	7.86e-01	3.67e-02	7.34e-05	6.67e-06	0.00e+00	0.00e+00	0.00e+00	0.00e+00	1.77e-01	4.25e-08	3.87e-08
 7.61331e+22	1.85e-01	7.81e-01	3.40e-02	6.58e-05	6.05e-06	0.00e+00	0.00e+00	0.00e+00	0.00e+00	1.85e-01	4.45e-08	4.05e-08
 7.61902e+22	1.94e-01	7.75e-01	3.16e-02	5.89e-05	5.47e-06	0.00e+00	0.00e+00	0.00e+00	0.00e+00	1.94e-01	4.66e-08	4.24e-08
 7.62470e+22	2.03e-01	7.68e-01	2.92e-02	5.28e-05	4.93e-06	0.00e+00	0.00e+00	0.00e+00	0.00e+00	2.03e-01	4.88e-08	4.44e-08
 7.63015e+22	2.12e-01	7.61e-01	2.71e-02	4.75e-05	4.46e-06	0.00e+00	0.00e+00	0.00e+00	0.00e+00	2.12e-01	5.10e-08	4.64e-08
 7.63552e+22	2.21e-01	7.54e-01	2.52e-02	4.28e-05	4.04e-06	0.00e+00	0.00e+00	0.00e+00	0.00e+00	2.21e-01	5.32e-08	4.84e-08
 7.64096e+22	2.31e-01	7.46e-01	2.33e-02	3.85e-05	3.64e-06	0.00e+00	0.00e+00	0.00e+00	0.00e+00	2.31e-01	5.55e-08	5.05e-08
 7.64641e+22	2.41e-01	7.38e-01	2.15e-02	3.47e-05	3.28e-06	0.00e+00	0.00e+00	0.00e+00	0.00e+00	2.41e-01	5.78e-08	5.26e-08
 7.65183e+22	2.51e-01	7.29e-01	1.99e-02	3.13e-05	2.95e-06	0.00e+00	0.00e+00	0.00e+00	0.00e+00	2.51e-01	6.02e-08	5.48e-08
 7.65722e+22	2.62e-01	7.20e-01	1.83e-02	2.82e-05	2.65e-06	0.00e+00	0.00e+00	0.00e+00	0.00e+00	2.62e-01	6.27e-08	5.70e-08
 7.66258e+22	2.73e-01	7.10e-01	1.69e-02	2.56e-05	2.39e-06	0.00e+00	0.00e+00	0.00e+00	0.00e+00	2.73e-01	6.51e-08	5.91e-08
 7.66803e+22	2.85e-01	7.00e-01	1.56e-02	2.30e-05	2.13e-06	0.00e+00	0.00e+00	0.00e+00	0.00e+00	2.85e-01	6.77e-08	6.14e-08
 7.67348e+22	2.97e-01	6.89e-01	1.43e-02	2.07e-05	1.90e-06	0.00e+00	0.00e+00	0.00e+00	0.00e+00	2.97e-01	7.03e-08	6.38e-08
 7.67861e+22	3.08e-01	6.79e-01	1.32e-02	1.89e-05	1.72e-06	0.00e+00	0.00e+00	0.00e+00	0.00e+00	3.08e-01	7.26e-08	6.59e-08
 7.68399e+22	3.21e-01	6.67e-01	1.21e-02	1.71e-05	1.53e-06	0.00e+00	0.00e+00	0.00e+00	0.00e+00	3.21e-01	7.53e-08	6.83e-08
 7.68961e+22	3.35e-01	6.54e-01	1.10e-02	1.54e-05	1.35e-06	0.00e+00	0.00e+00	0.00e+00	0.00e+00	3.35e-01	7.80e-08	7.07e-08
 7.69483e+22	3.48e-01	6.42e-01	1.01e-02	1.40e-05	1.21e-06	0.00e+00	0.00e+00	0.00e+00	0.00e+00	3.48e-01	8.04e-08	7.29e-08
 7.69988e+22	3.60e-01	6.31e-01	9.30e-03	1.28e-05	1.08e-06	0.00e+00	0.00e+00	0.00e+00	0.00e+00	3.60e-01	8.28e-08	7.50e-08
 7.70523e+22	3.75e-01	6.17e-01	8.47e-03	1.16e-05	9.56e-07	0.00e+00	0.00e+00	0.00e+00	0.00e+00	3.75e-01	8.53e-08	7.73e-08
 7.71060e+22	3.88e-01	6.04e-01	7.75e-03	1.06e-05	8.51e-07	0.00e+00	0.00e+00	0.00e+00	0.00e+00	3.88e-01	8.77e-08	7.95e-08
 7.71597e+22	4.03e-01	5.90e-01	7.05e-03	9.60e-06	7.52e-07	0.00e+00	0.00e+00	0.00e+00	0.00e+00	4.03e-01	9.01e-08	8.16e-08
 7.72143e+22	4.18e-01	5.76e-01	6.41e-03	8.73e-06	6.64e-07	0.00e+00	0.00e+00	0.00e+00	0.00e+00	4.18e-01	9.25e-08	8.37e-08
 7.72668e+22	4.32e-01	5.62e-01	5.85e-03	7.99e-06	5.90e-07	0.00e+00	0.00e+00	0.00e+00	0.00e+00	4.32e-01	9.46e-08	8.57e-08
 7.73196e+22	4.46e-01	5.49e-01	5.33e-03	7.32e-06	5.23e-07	0.00e+00	0.00e+00	0.00e+00	0.00e+00	4.46e-01	9.67e-08	8.75e-08
 7.73758e+22	4.62e-01	5.33e-01	4.82e-03	6.66e-06	4.59e-07	0.00e+00	0.00e+00	0.00e+00	0.00e+00	4.62e-01	9.88e-08	8.94e-08
 7.74330e+22	4.78e-01	5.18e-01	4.35e-03	6.06e-06	4.02e-07	0.00e+00	0.00e+00	0.00e+00	0.00e+00	4.78e-01	1.01e-07	9.12e-08
 7.74881e+22	4.93e-01	5.03e-01	3.94e-03	5.55e-06	3.55e-07	0.00e+00	0.00e+00	0.00e+00	0.00e+00	4.93e-01	1.03e-07	9.27e-08
 7.75434e+22	5.08e-01	4.89e-01	3.57e-03	5.09e-06	3.12e-07	0.00e+00	0.00e+00	0.00e+00	0.00e+00	5.08e-01	1.04e-07	9.42e-08
 7.76015e+22	5.23e-01	4.73e-01	3.21e-03	4.65e-06	2.73e-07	0.00e+00	0.00e+00	0.00e+00	0.00e+00	5.23e-01	1.06e-07	9.56e-08
 7.76615e+22	5.39e-01	4.58e-01	2.88e-03	4.26e-06	2.39e-07	0.00e+00	0.00e+00	0.00e+00	0.00e+00	5.39e-01	1.07e-07	9.69e-08
 7.77228e+22	5.55e-01	4.42e-01	2.58e-03	3.88e-06	2.07e-07	0.00e+00	0.00e+00	0.00e+00	0.00e+00	5.55e-01	1.09e-07	9.81e-08
 7.77841e+22	5.71e-01	4.27e-01	2.31e-03	3.56e-06	1.81e-07	0.00e+00	0.00e+00	0.00e+00	0.00e+00	5.71e-01	1.10e-07	9.90e-08
 7.78459e+22	5.86e-01	4.12e-01	2.07e-03	3.26e-06	1.57e-07	0.00e+00	0.00e+00	0.00e+00	0.00e+00	5.86e-01	1.11e-07	9.99e-08
 7.79035e+22	6.00e-01	3.99e-01	1.87e-03	3.02e-06	1.39e-07	0.00e+00	0.00e+00	0.00e+00	0.00e+00	6.00e-01	1.11e-07	1.00e-07
 7.79538e+22	6.11e-01	3.87e-01	1.71e-03	2.83e-06	1.25e-07	0.00e+00	0.00e+00	0.00e+00	0.00e+00	6.11e-01	1.12e-07	1.01e-07
 7.80038e+22	6.22e-01	3.76e-01	1.57e-03	2.65e-06	0.00e+00	0.00e+00	0.00e+00	0.00e+00	0.00e+00	6.22e-01	1.12e-07	1.01e-07
 7.80578e+22	6.34e-01	3.64e-01	1.42e-03	2.48e-06	0.00e+00	0.00e+00	0.00e+00	0.00e+00	0.00e+00	6.34e-01	1.13e-07	1.02e-07
 7.81145e+22	6.47e-01	3.52e-01	1.29e-03	2.30e-06	0.00e+00	0.00e+00	0.00e+00	0.00e+00	0.00e+00	6.47e-01	1.13e-07	1.02e-07
 7.81705e+22	6.58e-01	3.41e-01	1.17e-03	2.16e-06	0.00e+00	0.00e+00	0.00e+00	0.00e+00	0.00e+00	6.58e-01	1.13e-07	1.02e-07
 7.82267e+22	6.69e-01	3.30e-01	1.06e-03	2.01e-06	0.00e+00	0.00e+00	0.00e+00	0.00e+00	0.00e+00	6.69e-01	1.13e-07	1.02e-07
 7.82841e+22	6.80e-01	3.19e-01	9.62e-04	1.89e-06	0.00e+00	0.00e+00	0.00e+00	0.00e+00	0.00e+00	6.80e-01	1.13e-07	1.02e-07
 7.83435e+22	6.91e-01	3.08e-01	8.68e-04	1.76e-06	0.00e+00	0.00e+00	0.00e+00	0.00e+00	0.00e+00	6.91e-01	1.13e-07	1.02e-07
 7.84049e+22	7.02e-01	2.97e-01	7.81e-04	1.64e-06	0.00e+00	0.00e+00	0.00e+00	0.00e+00	0.00e+00	7.02e-01	1.13e-07	1.02e-07
 7.84652e+22	7.13e-01	2.87e-01	7.06e-04	1.54e-06	0.00e+00	0.00e+00	0.00e+00	0.00e+00	0.00e+00	7.13e-01	1.13e-07	1.02e-07
 7.85258e+22	7.22e-01	2.77e-01	6.39e-04	1.44e-06	0.00e+00	0.00e+00	0.00e+00	0.00e+00	0.00e+00	7.22e-01	1.13e-07	1.01e-07
 7.85900e+22	7.33e-01	2.67e-01	5.74e-04	1.35e-06	0.00e+00	0.00e+00	0.00e+00	0.00e+00	0.00e+00	7.33e-01	1.13e-07	1.01e-07
 7.86562e+22	7.43e-01	2.57e-01	5.14e-04	1.26e-06	0.00e+00	0.00e+00	0.00e+00	0.00e+00	0.00e+00	7.43e-01	1.12e-07	1.01e-07
 7.87216e+22	7.52e-01	2.47e-01	4.63e-04	1.18e-06	0.00e+00	0.00e+00	0.00e+00	0.00e+00	0.00e+00	7.52e-01	1.12e-07	1.00e-07
 7.87876e+22	7.61e-01	2.38e-01	4.17e-04	1.11e-06	0.00e+00	0.00e+00	0.00e+00	0.00e+00	0.00e+00	7.61e-01	1.11e-07	9.99e-08
 7.88565e+22	7.70e-01	2.29e-01	3.74e-04	1.04e-06	0.00e+00	0.00e+00	0.00e+00	0.00e+00	0.00e+00	7.70e-01	1.11e-07	9.94e-08
 7.89279e+22	7.80e-01	2.20e-01	3.34e-04	9.71e-07	0.00e+00	0.00e+00	0.00e+00	0.00e+00	0.00e+00	7.80e-01	1.10e-07	9.88e-08
 7.89995e+22	7.88e-01	2.12e-01	3.00e-04	9.11e-07	0.00e+00	0.00e+00	0.00e+00	0.00e+00	0.00e+00	7.88e-01	1.10e-07	9.83e-08
 7.90718e+22	7.96e-01	2.04e-01	2.69e-04	8.55e-07	0.00e+00	0.00e+00	0.00e+00	0.00e+00	0.00e+00	7.96e-01	1.09e-07	9.77e-08
 7.91471e+22	8.04e-01	1.96e-01	2.41e-04	8.00e-07	0.00e+00	0.00e+00	0.00e+00	0.00e+00	0.00e+00	8.04e-01	1.08e-07	9.71e-08
 7.92245e+22	8.12e-01	1.88e-01	2.16e-04	7.50e-07	0.00e+00	0.00e+00	0.00e+00	0.00e+00	0.00e+00	8.12e-01	1.08e-07	9.65e-08
 7.93032e+22	8.20e-01	1.80e-01	1.94e-04	7.03e-07	0.00e+00	0.00e+00	0.00e+00	0.00e+00	0.00e+00	8.20e-01	1.07e-07	9.59e-08
 7.93841e+22	8.27e-01	1.73e-01	1.74e-04	6.59e-07	0.00e+00	0.00e+00	0.00e+00	0.00e+00	0.00e+00	8.27e-01	1.07e-07	9.52e-08
 7.94668e+22	8.34e-01	1.66e-01	1.56e-04	6.19e-07	0.00e+00	0.00e+00	0.00e+00	0.00e+00	0.00e+00	8.34e-01	1.06e-07	9.47e-08
 7.95518e+22	8.41e-01	1.59e-01	1.40e-04	5.80e-07	0.00e+00	0.00e+00	0.00e+00	0.00e+00	0.00e+00	8.41e-01	1.05e-07	9.41e-08
 7.96403e+22	8.47e-01	1.53e-01	1.26e-04	5.44e-07	0.00e+00	0.00e+00	0.00e+00	0.00e+00	0.00e+00	8.47e-01	1.05e-07	9.35e-08
 7.97306e+22	8.53e-01	1.46e-01	1.14e-04	5.10e-07	0.00e+00	0.00e+00	0.00e+00	0.00e+00	0.00e+00	8.53e-01	1.04e-07	9.30e-08
 7.98217e+22	8.59e-01	1.41e-01	1.03e-04	4.80e-07	0.00e+00	0.00e+00	0.00e+00	0.00e+00	0.00e+00	8.59e-01	1.04e-07	9.25e-08
 7.99145e+22	8.65e-01	1.35e-01	9.38e-05	4.51e-07	0.00e+00	0.00e+00	0.00e+00	0.00e+00	0.00e+00	8.65e-01	1.03e-07	9.20e-08
 8.00098e+22	8.70e-01	1.30e-01	8.55e-05	4.24e-07	0.00e+00	0.00e+00	0.00e+00	0.00e+00	0.00e+00	8.70e-01	1.03e-07	9.16e-08
 8.01085e+22	8.75e-01	1.25e-01	7.81e-05	3.99e-07	0.00e+00	0.00e+00	0.00e+00	0.00e+00	0.00e+00	8.75e-01	1.02e-07	9.07e-08
 8.02099e+22	8.80e-01	1.20e-01	7.17e-05	3.76e-07	0.00e+00	0.00e+00	0.00e+00	0.00e+00	0.00e+00	8.80e-01	1.02e-07	8.98e-08
 8.03125e+22	8.85e-01	1.15e-01	6.62e-05	3.55e-07	0.00e+00	0.00e+00	0.00e+00	0.00e+00	0.00e+00	8.85e-01	1.01e-07	8.89e-08
 8.04174e+22	8.89e-01	1.11e-01	6.13e-05	3.35e-07	0.00e+00	0.00e+00	0.00e+00	0.00e+00	0.00e+00	8.89e-01	1.01e-07	8.82e-08
 8.05266e+22	8.93e-01	1.07e-01	5.70e-05	3.16e-07	0.00e+00	0.00e+00	0.00e+00	0.00e+00	0.00e+00	8.93e-01	1.01e-07	8.75e-08
 8.06387e+22	8.97e-01	1.03e-01	5.31e-05	2.98e-07	0.00e+00	0.00e+00	0.00e+00	0.00e+00	0.00e+00	8.97e-01	1.00e-07	8.67e-08
 8.07540e+22	9.01e-01	9.91e-02	4.97e-05	2.82e-07	0.00e+00	0.00e+00	0.00e+00	0.00e+00	0.00e+00	9.01e-01	1.00e-07	8.60e-08
 8.08736e+22	9.04e-01	9.55e-02	4.67e-05	2.66e-07	0.00e+00	0.00e+00	0.00e+00	0.00e+00	0.00e+00	9.04e-01	9.98e-08	8.54e-08
 8.09975e+22	9.08e-01	9.19e-02	4.40e-05	2.51e-07	0.00e+00	0.00e+00	0.00e+00	0.00e+00	0.00e+00	9.08e-01	9.97e-08	8.47e-08
 8.11247e+22	9.11e-01	8.85e-02	4.16e-05	2.36e-07	0.00e+00	0.00e+00	0.00e+00	0.00e+00	0.00e+00	9.11e-01	9.96e-08	8.41e-08
 8.12526e+22	9.15e-01	8.52e-02	3.94e-05	2.23e-07	0.00e+00	0.00e+00	0.00e+00	0.00e+00	0.00e+00	9.15e-01	9.95e-08	8.35e-08
 8.13753e+22	9.18e-01	8.23e-02	3.77e-05	2.12e-07	0.00e+00	0.00e+00	0.00e+00	0.00e+00	0.00e+00	9.18e-01	9.95e-08	8.30e-08
 8.14916e+22	9.20e-01	7.98e-02	3.63e-05	2.02e-07	0.00e+00	0.00e+00	0.00e+00	0.00e+00	0.00e+00	9.20e-01	9.95e-08	8.26e-08
 8.16039e+22	9.23e-01	7.74e-02	3.50e-05	1.93e-07	0.00e+00	0.00e+00	0.00e+00	0.00e+00	0.00e+00	9.23e-01	9.96e-08	8.22e-08
