#depth	Cl	Cl+	Cl+2	Cl+3	Cl+4	Cl+5	Cl+6	Cl+7	Cl+8	Cl+9	Cl+10	Cl+11	Cl+12	Cl+13	Cl+14	Cl+15	Cl+16	Cl+17
 4.62852e+21	0.00e+00	1.50e-21	2.11e-18	9.69e-16	1.14e-13	7.47e-12	5.05e-10	9.81e-07	1.20e-04	3.89e-03	3.34e-02	1.35e-01	2.44e-01	1.93e-01	1.42e-01	2.22e-01	2.51e-02	9.06e-04
 1.02844e+22	0.00e+00	1.59e-19	1.46e-16	4.16e-14	3.02e-12	1.19e-10	4.82e-09	6.22e-06	6.05e-04	1.55e-02	9.54e-02	2.53e-01	3.09e-01	1.61e-01	7.84e-02	8.20e-02	5.77e-03	1.31e-04
 1.18048e+22	0.00e+00	1.09e-18	8.46e-16	1.99e-13	1.19e-11	3.79e-10	1.25e-08	1.31e-05	1.12e-03	2.55e-02	1.36e-01	2.97e-01	3.04e-01	1.32e-01	5.44e-02	4.80e-02	2.74e-03	5.05e-05
 1.25444e+22	0.00e+00	2.72e-18	1.94e-15	4.18e-13	2.28e-11	6.60e-10	1.98e-08	1.87e-05	1.50e-03	3.19e-02	1.58e-01	3.14e-01	2.95e-01	1.17e-01	4.47e-02	3.63e-02	1.87e-03	3.12e-05
 1.28525e+22	1.19e-32	3.42e-18	2.40e-15	5.04e-13	2.69e-11	7.60e-10	2.22e-08	2.04e-05	1.61e-03	3.38e-02	1.63e-01	3.18e-01	2.92e-01	1.13e-01	4.24e-02	3.37e-02	1.69e-03	2.75e-05
 1.29943e+22	1.63e-32	4.54e-18	3.11e-15	6.34e-13	3.30e-11	9.02e-10	2.56e-08	2.28e-05	1.76e-03	3.61e-02	1.71e-01	3.22e-01	2.89e-01	1.09e-01	3.98e-02	3.08e-02	1.50e-03	2.36e-05
 1.31416e+22	2.12e-32	5.75e-18	3.86e-15	7.70e-13	3.91e-11	1.04e-09	2.88e-08	2.50e-05	1.89e-03	3.82e-02	1.77e-01	3.26e-01	2.85e-01	1.05e-01	3.76e-02	2.85e-02	1.35e-03	2.07e-05
 1.32961e+22	2.93e-32	7.72e-18	5.05e-15	9.79e-13	4.83e-11	1.25e-09	3.34e-08	2.81e-05	2.07e-03	4.09e-02	1.85e-01	3.30e-01	2.80e-01	1.00e-01	3.50e-02	2.59e-02	1.19e-03	1.76e-05
 1.34536e+22	3.86e-32	9.90e-18	6.34e-15	1.20e-12	5.78e-11	1.45e-09	3.79e-08	3.09e-05	2.24e-03	4.33e-02	1.92e-01	3.33e-01	2.76e-01	9.62e-02	3.29e-02	2.38e-02	1.06e-03	1.53e-05
 1.35915e+22	5.00e-32	1.25e-17	7.85e-15	1.45e-12	6.83e-11	1.68e-09	4.27e-08	3.39e-05	2.40e-03	4.57e-02	1.98e-01	3.35e-01	2.72e-01	9.25e-02	3.11e-02	2.20e-02	9.53e-04	1.34e-05
 1.37473e+22	6.91e-32	1.68e-17	1.03e-14	1.85e-12	8.45e-11	2.01e-09	4.95e-08	3.80e-05	2.63e-03	4.89e-02	2.06e-01	3.38e-01	2.67e-01	8.80e-02	2.88e-02	1.98e-02	8.32e-04	1.13e-05
 1.39068e+22	9.10e-32	2.15e-17	1.29e-14	2.26e-12	1.01e-10	2.34e-09	5.62e-08	4.18e-05	2.83e-03	5.17e-02	2.13e-01	3.40e-01	2.62e-01	8.43e-02	2.70e-02	1.82e-02	7.41e-04	9.78e-06
 1.40488e+22	1.19e-31	2.73e-17	1.60e-14	2.75e-12	1.20e-10	2.71e-09	6.34e-08	4.59e-05	3.04e-03	5.45e-02	2.20e-01	3.42e-01	2.57e-01	8.07e-02	2.54e-02	1.67e-02	6.62e-04	8.50e-06
 1.42109e+22	1.64e-31	3.64e-17	2.09e-14	3.49e-12	1.48e-10	3.24e-09	7.35e-08	5.14e-05	3.32e-03	5.81e-02	2.28e-01	3.44e-01	2.51e-01	7.65e-02	2.34e-02	1.50e-02	5.77e-04	7.17e-06
 1.43794e+22	2.18e-31	4.71e-17	2.65e-14	4.31e-12	1.78e-10	3.80e-09	8.38e-08	5.69e-05	3.59e-03	6.14e-02	2.36e-01	3.45e-01	2.45e-01	7.29e-02	2.18e-02	1.37e-02	5.10e-04	6.15e-06
 1.45312e+22	2.87e-31	6.02e-17	3.31e-14	5.27e-12	2.13e-10	4.42e-09	9.49e-08	6.26e-05	3.87e-03	6.47e-02	2.43e-01	3.46e-01	2.40e-01	6.94e-02	2.04e-02	1.25e-02	4.52e-04	5.30e-06
 1.47034e+22	4.07e-31	8.20e-17	4.40e-14	6.80e-12	2.66e-10	5.35e-09	1.11e-07	7.07e-05	4.24e-03	6.91e-02	2.52e-01	3.46e-01	2.33e-01	6.53e-02	1.87e-02	1.11e-02	3.88e-04	4.39e-06
 1.48696e+22	5.22e-31	1.02e-16	5.39e-14	8.16e-12	3.12e-10	6.14e-09	1.25e-07	7.71e-05	4.53e-03	7.24e-02	2.59e-01	3.46e-01	2.28e-01	6.24e-02	1.75e-02	1.02e-02	3.48e-04	3.83e-06
 1.50282e+22	7.11e-31	1.35e-16	6.94e-14	1.02e-11	3.81e-10	7.28e-09	1.43e-07	8.59e-05	4.92e-03	7.67e-02	2.67e-01	3.46e-01	2.21e-01	5.89e-02	1.62e-02	9.21e-03	3.03e-04	3.23e-06
 1.51919e+22	9.27e-31	1.71e-16	8.61e-14	1.24e-11	4.52e-10	8.42e-09	1.62e-07	9.42e-05	5.27e-03	8.05e-02	2.74e-01	3.45e-01	2.15e-01	5.60e-02	1.51e-02	8.41e-03	2.69e-04	2.79e-06
 1.53400e+22	1.19e-30	2.13e-16	1.06e-13	1.49e-11	5.32e-10	9.66e-09	1.81e-07	1.03e-04	5.63e-03	8.42e-02	2.80e-01	3.45e-01	2.10e-01	5.33e-02	1.41e-02	7.70e-03	2.40e-04	2.43e-06
 1.55102e+22	1.66e-30	2.86e-16	1.38e-13	1.90e-11	6.57e-10	1.16e-08	2.10e-07	1.15e-04	6.14e-03	8.93e-02	2.89e-01	3.43e-01	2.03e-01	4.99e-02	1.29e-02	6.85e-03	2.06e-04	2.02e-06
 1.56847e+22	2.17e-30	3.62e-16	1.72e-13	2.31e-11	7.80e-10	1.34e-08	2.38e-07	1.26e-04	6.58e-03	9.36e-02	2.95e-01	3.42e-01	1.97e-01	4.73e-02	1.19e-02	6.23e-03	1.82e-04	1.73e-06
 1.58649e+22	3.06e-30	4.90e-16	2.27e-13	2.96e-11	9.71e-10	1.62e-08	2.77e-07	1.42e-04	7.18e-03	9.93e-02	3.04e-01	3.39e-01	1.89e-01	4.40e-02	1.08e-02	5.51e-03	1.56e-04	1.43e-06
 1.60503e+22	4.08e-30	6.31e-16	2.86e-13	3.64e-11	1.17e-09	1.89e-08	3.16e-07	1.57e-04	7.72e-03	1.04e-01	3.11e-01	3.37e-01	1.83e-01	4.15e-02	9.99e-03	4.96e-03	1.36e-04	1.21e-06
 1.62424e+22	5.81e-30	8.62e-16	3.82e-13	4.71e-11	1.46e-09	2.29e-08	3.70e-07	1.77e-04	8.44e-03	1.11e-01	3.20e-01	3.34e-01	1.75e-01	3.84e-02	9.02e-03	4.36e-03	1.15e-04	9.85e-07
 1.64396e+22	7.89e-30	1.13e-15	4.88e-13	5.88e-11	1.77e-09	2.70e-08	4.24e-07	1.97e-04	9.11e-03	1.16e-01	3.27e-01	3.31e-01	1.69e-01	3.59e-02	8.25e-03	3.89e-03	9.93e-05	8.24e-07
 1.66138e+22	1.05e-29	1.45e-15	6.15e-13	7.23e-11	2.13e-09	3.16e-08	4.82e-07	2.17e-04	9.79e-03	1.22e-01	3.33e-01	3.27e-01	1.63e-01	3.37e-02	7.57e-03	3.49e-03	8.65e-05	6.97e-07
 1.68108e+22	1.49e-29	1.97e-15	8.16e-13	9.31e-11	2.66e-09	3.81e-08	5.64e-07	2.44e-04	1.07e-02	1.29e-01	3.41e-01	3.23e-01	1.55e-01	3.11e-02	6.81e-03	3.06e-03	7.29e-05	5.65e-07
 1.70159e+22	2.04e-29	2.60e-15	1.05e-12	1.17e-10	3.25e-09	4.53e-08	6.49e-07	2.72e-04	1.15e-02	1.35e-01	3.48e-01	3.18e-01	1.48e-01	2.89e-02	6.18e-03	2.70e-03	6.23e-05	4.67e-07
 1.71978e+22	2.74e-29	3.38e-15	1.34e-12	1.45e-10	3.93e-09	5.32e-08	7.42e-07	3.00e-04	1.24e-02	1.42e-01	3.55e-01	3.14e-01	1.42e-01	2.69e-02	5.63e-03	2.40e-03	5.36e-05	3.89e-07
 1.74006e+22	3.93e-29	4.66e-15	1.80e-12	1.89e-10	4.95e-09	6.48e-08	8.72e-07	3.39e-04	1.35e-02	1.50e-01	3.62e-01	3.08e-01	1.35e-01	2.46e-02	5.02e-03	2.08e-03	4.46e-05	3.11e-07
 1.76091e+22	5.39e-29	6.17e-15	2.33e-12	2.38e-10	6.07e-09	7.70e-08	1.01e-06	3.78e-04	1.46e-02	1.57e-01	3.68e-01	3.02e-01	1.28e-01	2.27e-02	4.52e-03	1.83e-03	3.78e-05	2.54e-07
 1.77933e+22	7.21e-29	8.00e-15	2.95e-12	2.95e-10	7.32e-09	9.03e-08	1.15e-06	4.17e-04	1.57e-02	1.64e-01	3.74e-01	2.97e-01	1.22e-01	2.10e-02	4.10e-03	1.62e-03	3.24e-05	2.11e-07
 1.80011e+22	1.04e-28	1.11e-14	4.00e-12	3.87e-10	9.30e-09	1.11e-07	1.36e-06	4.72e-04	1.71e-02	1.73e-01	3.81e-01	2.90e-01	1.15e-01	1.90e-02	3.62e-03	1.38e-03	2.65e-05	1.66e-07
 1.82141e+22	1.41e-28	1.46e-14	5.13e-12	4.83e-10	1.13e-08	1.31e-07	1.56e-06	5.23e-04	1.84e-02	1.81e-01	3.86e-01	2.83e-01	1.09e-01	1.75e-02	3.26e-03	1.21e-03	2.25e-05	1.36e-07
 1.84340e+22	2.08e-28	2.08e-14	7.10e-12	6.46e-10	1.46e-08	1.63e-07	1.87e-06	5.98e-04	2.02e-02	1.91e-01	3.92e-01	2.75e-01	1.02e-01	1.57e-02	2.84e-03	1.02e-03	1.80e-05	0.00e+00
 1.86553e+22	2.81e-28	2.75e-14	9.15e-12	8.11e-10	1.79e-08	1.93e-07	2.15e-06	6.64e-04	2.17e-02	2.00e-01	3.97e-01	2.68e-01	9.58e-02	1.43e-02	2.54e-03	8.86e-04	1.51e-05	0.00e+00
 1.88784e+22	4.13e-28	3.91e-14	1.27e-11	1.09e-09	2.32e-08	2.41e-07	2.58e-06	7.59e-04	2.38e-02	2.11e-01	4.02e-01	2.58e-01	8.87e-02	1.27e-02	2.19e-03	7.39e-04	1.20e-05	0.00e+00
 1.91040e+22	5.60e-28	5.19e-14	1.64e-11	1.37e-09	2.85e-08	2.88e-07	2.99e-06	8.44e-04	2.57e-02	2.20e-01	4.05e-01	2.51e-01	8.32e-02	1.16e-02	1.95e-03	6.37e-04	9.95e-06	0.00e+00
 1.92915e+22	7.28e-28	6.65e-14	2.06e-11	1.68e-09	3.41e-08	3.36e-07	3.40e-06	9.27e-04	2.74e-02	2.28e-01	4.08e-01	2.44e-01	7.85e-02	1.06e-02	1.75e-03	5.58e-04	8.42e-06	0.00e+00
 1.94938e+22	1.02e-27	9.16e-14	2.76e-11	2.19e-09	4.33e-08	4.12e-07	4.03e-06	1.05e-03	2.98e-02	2.39e-01	4.12e-01	2.34e-01	7.26e-02	9.43e-03	1.52e-03	4.68e-04	6.73e-06	0.00e+00
 1.96946e+22	1.31e-27	1.16e-13	3.44e-11	2.67e-09	5.16e-08	4.79e-07	4.57e-06	1.15e-03	3.16e-02	2.48e-01	4.13e-01	2.27e-01	6.84e-02	8.64e-03	1.37e-03	4.10e-04	5.71e-06	0.00e+00
 1.98935e+22	1.81e-27	1.59e-13	4.58e-11	3.46e-09	6.51e-08	5.85e-07	5.40e-06	1.30e-03	3.43e-02	2.59e-01	4.15e-01	2.18e-01	6.30e-02	7.65e-03	1.18e-03	3.42e-04	4.55e-06	0.00e+00
 2.00944e+22	2.32e-27	2.02e-13	5.72e-11	4.23e-09	7.79e-08	6.83e-07	6.15e-06	1.42e-03	3.65e-02	2.68e-01	4.16e-01	2.10e-01	5.91e-02	6.97e-03	1.06e-03	2.98e-04	3.82e-06	0.00e+00
 2.02980e+22	3.18e-27	2.76e-13	7.63e-11	5.50e-09	9.88e-08	8.39e-07	7.31e-06	1.61e-03	3.97e-02	2.80e-01	4.17e-01	2.00e-01	5.40e-02	6.12e-03	9.06e-04	2.46e-04	3.01e-06	0.00e+00
 2.05040e+22	4.06e-27	3.52e-13	9.54e-11	6.74e-09	1.19e-07	9.83e-07	8.35e-06	1.77e-03	4.23e-02	2.89e-01	4.17e-01	1.93e-01	5.03e-02	5.53e-03	8.04e-04	2.12e-04	2.50e-06	0.00e+00
 2.07131e+22	5.52e-27	4.81e-13	1.27e-10	8.78e-09	1.51e-07	1.21e-06	9.98e-06	2.01e-03	4.59e-02	3.02e-01	4.16e-01	1.82e-01	4.57e-02	4.82e-03	6.85e-04	1.74e-04	1.95e-06	0.00e+00
 2.09260e+22	7.04e-27	6.15e-13	1.60e-10	1.08e-08	1.83e-07	1.43e-06	1.15e-05	2.22e-03	4.91e-02	3.12e-01	4.15e-01	1.74e-01	4.22e-02	4.31e-03	6.01e-04	1.48e-04	1.59e-06	0.00e+00
 2.11439e+22	9.50e-27	8.44e-13	2.15e-10	1.42e-08	2.34e-07	1.78e-06	1.38e-05	2.53e-03	5.34e-02	3.25e-01	4.13e-01	1.64e-01	3.79e-02	3.71e-03	5.05e-04	1.19e-04	1.21e-06	0.00e+00
 2.13659e+22	1.20e-26	1.08e-12	2.71e-10	1.76e-08	2.86e-07	2.12e-06	1.61e-05	2.82e-03	5.72e-02	3.36e-01	4.10e-01	1.56e-01	3.47e-02	3.28e-03	4.39e-04	1.00e-04	9.77e-07	0.00e+00
 2.15933e+22	1.59e-26	1.48e-12	3.64e-10	2.32e-08	3.69e-07	2.65e-06	1.95e-05	3.23e-03	6.24e-02	3.50e-01	4.05e-01	1.45e-01	3.09e-02	2.78e-03	3.63e-04	7.92e-05	7.32e-07	0.00e+00
 2.18249e+22	1.99e-26	1.90e-12	4.60e-10	2.89e-08	4.52e-07	3.18e-06	2.28e-05	3.61e-03	6.69e-02	3.61e-01	4.01e-01	1.36e-01	2.80e-02	2.44e-03	3.12e-04	6.56e-05	5.79e-07	0.00e+00
 2.20548e+22	2.55e-26	2.54e-12	6.09e-10	3.77e-08	5.80e-07	3.96e-06	2.77e-05	4.13e-03	7.28e-02	3.75e-01	3.95e-01	1.26e-01	2.47e-02	2.06e-03	2.58e-04	5.18e-05	4.32e-07	0.00e+00
 2.22746e+22	6.05e-26	3.14e-12	7.45e-10	4.56e-08	6.93e-07	4.64e-06	3.19e-05	4.55e-03	7.74e-02	3.85e-01	3.89e-01	1.19e-01	2.26e-02	1.82e-03	2.24e-04	4.35e-05	3.49e-07	0.00e+00
 2.24886e+22	7.51e-26	4.09e-12	9.62e-10	5.83e-08	8.74e-07	5.72e-06	3.83e-05	5.17e-03	8.37e-02	3.97e-01	3.82e-01	1.10e-01	1.99e-02	1.54e-03	1.85e-04	3.45e-05	2.62e-07	0.00e+00
 2.27018e+22	8.91e-26	4.98e-12	1.16e-09	7.00e-08	1.04e-06	6.68e-06	4.40e-05	5.69e-03	8.88e-02	4.07e-01	3.75e-01	1.04e-01	1.81e-02	1.35e-03	1.61e-04	2.90e-05	2.11e-07	0.00e+00
 2.29139e+22	1.08e-25	6.37e-12	1.48e-09	8.84e-08	1.30e-06	8.18e-06	5.27e-05	6.45e-03	9.58e-02	4.18e-01	3.67e-01	9.56e-02	1.60e-02	1.14e-03	1.33e-04	2.29e-05	1.58e-07	0.00e+00
 2.31263e+22	1.27e-25	7.66e-12	1.78e-09	1.06e-07	1.54e-06	9.53e-06	6.05e-05	7.09e-03	1.01e-01	4.27e-01	3.59e-01	8.97e-02	1.45e-02	1.00e-03	1.15e-04	1.92e-05	1.27e-07	0.00e+00
 2.33392e+22	1.52e-25	9.65e-12	2.24e-09	1.32e-07	1.92e-06	1.16e-05	7.24e-05	8.02e-03	1.09e-01	4.38e-01	3.49e-01	8.22e-02	1.27e-02	8.44e-04	9.48e-05	1.51e-05	0.00e+00	0.00e+00
 2.35519e+22	1.76e-25	1.15e-11	2.67e-09	1.57e-07	2.26e-06	1.35e-05	8.28e-05	8.80e-03	1.15e-01	4.45e-01	3.41e-01	7.69e-02	1.15e-02	7.40e-04	8.18e-05	1.26e-05	0.00e+00	0.00e+00
 2.37642e+22	2.08e-25	1.42e-11	3.33e-09	1.95e-07	2.80e-06	1.64e-05	9.88e-05	9.93e-03	1.24e-01	4.55e-01	3.31e-01	7.02e-02	1.00e-02	6.21e-04	6.73e-05	9.96e-06	0.00e+00	0.00e+00
 2.39765e+22	2.40e-25	1.67e-11	3.93e-09	2.30e-07	3.28e-06	1.89e-05	1.13e-04	1.09e-02	1.30e-01	4.62e-01	3.22e-01	6.55e-02	9.06e-03	5.44e-04	5.81e-05	8.32e-06	0.00e+00	0.00e+00
 2.41888e+22	2.82e-25	2.04e-11	4.86e-09	2.84e-07	4.02e-06	2.28e-05	1.34e-04	1.22e-02	1.39e-01	4.70e-01	3.11e-01	5.97e-02	7.90e-03	4.56e-04	4.78e-05	6.56e-06	0.00e+00	0.00e+00
 2.44018e+22	3.26e-25	2.39e-11	5.71e-09	3.33e-07	4.70e-06	2.63e-05	1.53e-04	1.33e-02	1.46e-01	4.75e-01	3.02e-01	5.55e-02	7.12e-03	3.99e-04	4.11e-05	5.47e-06	0.00e+00	0.00e+00
 2.46156e+22	3.85e-25	2.89e-11	7.00e-09	4.08e-07	5.74e-06	3.16e-05	1.81e-04	1.50e-02	1.56e-01	4.82e-01	2.90e-01	5.04e-02	6.20e-03	3.34e-04	3.38e-05	4.30e-06	0.00e+00	0.00e+00
 2.48306e+22	4.45e-25	3.35e-11	8.20e-09	4.78e-07	6.69e-06	3.63e-05	2.06e-04	1.63e-02	1.64e-01	4.86e-01	2.81e-01	4.68e-02	5.57e-03	2.91e-04	2.90e-05	3.58e-06	0.00e+00	0.00e+00
 2.50470e+22	5.31e-25	4.02e-11	1.00e-08	5.83e-07	8.14e-06	4.34e-05	2.43e-04	1.83e-02	1.74e-01	4.91e-01	2.69e-01	4.23e-02	4.83e-03	2.43e-04	2.38e-05	2.81e-06	0.00e+00	0.00e+00
 2.52655e+22	6.20e-25	4.64e-11	1.17e-08	6.81e-07	9.47e-06	4.99e-05	2.77e-04	1.99e-02	1.82e-01	4.94e-01	2.60e-01	3.91e-02	4.33e-03	2.12e-04	2.04e-05	2.33e-06	0.00e+00	0.00e+00
 2.54868e+22	7.50e-25	5.55e-11	1.43e-08	8.30e-07	1.15e-05	5.96e-05	3.27e-04	2.23e-02	1.93e-01	4.97e-01	2.47e-01	3.52e-02	3.74e-03	1.76e-04	1.66e-05	1.82e-06	0.00e+00	0.00e+00
 2.57111e+22	8.88e-25	6.40e-11	1.67e-08	9.70e-07	1.34e-05	6.84e-05	3.72e-04	2.42e-02	2.02e-01	4.99e-01	2.38e-01	3.24e-02	3.34e-03	1.53e-04	1.42e-05	1.51e-06	0.00e+00	0.00e+00
 2.59393e+22	1.09e-24	7.62e-11	2.04e-08	1.18e-06	1.63e-05	8.19e-05	4.41e-04	2.71e-02	2.14e-01	5.01e-01	2.26e-01	2.90e-02	2.87e-03	1.26e-04	1.15e-05	1.17e-06	0.00e+00	0.00e+00
 2.61711e+22	1.32e-24	8.84e-11	2.40e-08	1.39e-06	1.89e-05	9.39e-05	5.00e-04	2.95e-02	2.23e-01	5.01e-01	2.16e-01	2.66e-02	2.55e-03	1.09e-04	9.74e-06	9.60e-07	0.00e+00	0.00e+00
 2.64076e+22	1.66e-24	1.06e-10	2.95e-08	1.69e-06	2.31e-05	1.12e-04	5.92e-04	3.29e-02	2.36e-01	5.01e-01	2.04e-01	2.37e-02	2.18e-03	8.95e-05	7.84e-06	7.40e-07	0.00e+00	0.00e+00
 2.66509e+22	2.05e-24	1.23e-10	3.49e-08	2.00e-06	2.70e-05	1.30e-04	6.76e-04	3.59e-02	2.46e-01	4.99e-01	1.94e-01	2.16e-02	1.92e-03	7.66e-05	6.59e-06	6.01e-07	0.00e+00	0.00e+00
 2.68579e+22	2.46e-24	1.40e-10	4.05e-08	2.31e-06	3.10e-05	1.47e-04	7.61e-04	3.88e-02	2.55e-01	4.98e-01	1.86e-01	1.98e-02	1.72e-03	6.65e-05	5.64e-06	4.99e-07	0.00e+00	0.00e+00
 2.70820e+22	3.12e-24	1.66e-10	4.91e-08	2.78e-06	3.71e-05	1.73e-04	8.85e-04	4.27e-02	2.67e-01	4.95e-01	1.75e-01	1.77e-02	1.48e-03	5.54e-05	4.60e-06	3.91e-07	0.00e+00	0.00e+00
 2.73017e+22	3.75e-24	1.88e-10	5.66e-08	3.18e-06	4.22e-05	1.94e-04	9.87e-04	4.58e-02	2.76e-01	4.92e-01	1.68e-01	1.63e-02	1.33e-03	4.85e-05	3.97e-06	3.28e-07	0.00e+00	0.00e+00
 2.75157e+22	4.75e-24	2.20e-10	6.79e-08	3.79e-06	4.99e-05	2.25e-04	1.14e-03	5.01e-02	2.87e-01	4.87e-01	1.58e-01	1.46e-02	1.15e-03	4.07e-05	3.27e-06	2.61e-07	0.00e+00	0.00e+00
 2.77318e+22	5.75e-24	2.51e-10	7.85e-08	4.35e-06	5.68e-05	2.53e-04	1.26e-03	5.37e-02	2.96e-01	4.83e-01	1.51e-01	1.34e-02	1.03e-03	3.55e-05	2.82e-06	2.18e-07	0.00e+00	0.00e+00
 2.79506e+22	7.32e-24	2.93e-10	9.42e-08	5.18e-06	6.72e-05	2.94e-04	1.46e-03	5.87e-02	3.08e-01	4.77e-01	1.41e-01	1.20e-02	8.89e-04	2.96e-05	2.31e-06	1.72e-07	0.00e+00	0.00e+00
 2.81705e+22	8.98e-24	3.36e-10	1.09e-07	5.96e-06	7.64e-05	3.29e-04	1.62e-03	6.27e-02	3.16e-01	4.73e-01	1.35e-01	1.10e-02	7.96e-04	2.59e-05	1.99e-06	1.44e-07	0.00e+00	0.00e+00
 2.83918e+22	1.16e-23	3.94e-10	1.32e-07	7.10e-06	9.01e-05	3.81e-04	1.86e-03	6.84e-02	3.28e-01	4.65e-01	1.26e-01	9.78e-03	6.85e-04	2.16e-05	1.62e-06	0.00e+00	0.00e+00	0.00e+00
 2.86157e+22	1.43e-23	4.54e-10	1.53e-07	8.18e-06	1.03e-04	4.27e-04	2.06e-03	7.29e-02	3.36e-01	4.59e-01	1.19e-01	8.94e-03	6.11e-04	1.88e-05	1.39e-06	0.00e+00	0.00e+00	0.00e+00
 2.88431e+22	1.86e-23	5.37e-10	1.86e-07	9.78e-06	1.21e-04	4.95e-04	2.36e-03	7.94e-02	3.47e-01	4.51e-01	1.11e-01	7.92e-03	5.24e-04	1.56e-05	1.13e-06	0.00e+00	0.00e+00	0.00e+00
 2.90737e+22	2.33e-23	6.22e-10	2.17e-07	1.13e-05	1.38e-04	5.55e-04	2.62e-03	8.46e-02	3.56e-01	4.44e-01	1.05e-01	7.21e-03	4.66e-04	1.35e-05	9.67e-07	0.00e+00	0.00e+00	0.00e+00
 2.93086e+22	3.08e-23	7.41e-10	2.65e-07	1.36e-05	1.64e-04	6.44e-04	3.00e-03	9.19e-02	3.67e-01	4.33e-01	9.73e-02	6.34e-03	3.97e-04	1.11e-05	7.82e-07	0.00e+00	0.00e+00	0.00e+00
 2.95474e+22	3.89e-23	8.65e-10	3.13e-07	1.58e-05	1.87e-04	7.22e-04	3.33e-03	9.79e-02	3.75e-01	4.25e-01	9.16e-02	5.75e-03	3.51e-04	9.58e-06	6.63e-07	0.00e+00	0.00e+00	0.00e+00
 2.97912e+22	5.22e-23	1.04e-09	3.84e-07	1.91e-05	2.23e-04	8.39e-04	3.82e-03	1.06e-01	3.85e-01	4.14e-01	8.43e-02	5.02e-03	2.97e-04	7.84e-06	5.32e-07	0.00e+00	0.00e+00	0.00e+00
 3.00401e+22	6.70e-23	1.23e-09	4.57e-07	2.23e-05	2.56e-04	9.44e-04	4.24e-03	1.13e-01	3.93e-01	4.05e-01	7.89e-02	4.53e-03	2.61e-04	6.71e-06	4.48e-07	0.00e+00	0.00e+00	0.00e+00
 3.02955e+22	9.14e-23	1.50e-09	5.68e-07	2.72e-05	3.05e-04	1.10e-03	4.88e-03	1.23e-01	4.03e-01	3.92e-01	7.21e-02	3.92e-03	2.19e-04	5.43e-06	3.55e-07	0.00e+00	0.00e+00	0.00e+00
 3.05545e+22	1.19e-22	1.79e-09	6.80e-07	3.19e-05	3.51e-04	1.24e-03	5.41e-03	1.30e-01	4.10e-01	3.82e-01	6.72e-02	3.52e-03	1.92e-04	4.62e-06	2.98e-07	0.00e+00	0.00e+00	0.00e+00
 3.08183e+22	1.64e-22	2.21e-09	8.51e-07	3.91e-05	4.20e-04	1.44e-03	6.22e-03	1.41e-01	4.19e-01	3.68e-01	6.10e-02	3.02e-03	1.60e-04	3.71e-06	2.34e-07	0.00e+00	0.00e+00	0.00e+00
 3.10844e+22	2.15e-22	2.65e-09	1.02e-06	4.60e-05	4.84e-04	1.62e-03	6.88e-03	1.50e-01	4.25e-01	3.57e-01	5.66e-02	2.70e-03	1.39e-04	3.15e-06	1.95e-07	0.00e+00	0.00e+00	0.00e+00
 3.13124e+22	2.77e-22	3.12e-09	1.21e-06	5.36e-05	5.52e-04	1.81e-03	7.59e-03	1.58e-01	4.30e-01	3.46e-01	5.26e-02	2.41e-03	1.22e-04	2.68e-06	1.64e-07	0.00e+00	0.00e+00	0.00e+00
 3.15676e+22	3.82e-22	3.87e-09	1.51e-06	6.53e-05	6.54e-04	2.09e-03	8.61e-03	1.70e-01	4.36e-01	3.33e-01	4.77e-02	2.08e-03	1.02e-04	2.17e-06	1.30e-07	0.00e+00	0.00e+00	0.00e+00
 3.18249e+22	4.99e-22	4.64e-09	1.81e-06	7.63e-05	7.46e-04	2.33e-03	9.44e-03	1.79e-01	4.40e-01	3.22e-01	4.43e-02	1.86e-03	8.91e-05	1.85e-06	0.00e+00	0.00e+00	0.00e+00	0.00e+00
 3.20422e+22	6.32e-22	5.44e-09	2.12e-06	8.79e-05	8.43e-04	2.58e-03	1.03e-02	1.88e-01	4.44e-01	3.12e-01	4.12e-02	1.67e-03	7.84e-05	1.59e-06	0.00e+00	0.00e+00	0.00e+00	0.00e+00
 3.22498e+22	8.06e-22	6.43e-09	2.49e-06	1.01e-04	9.49e-04	2.84e-03	1.12e-02	1.96e-01	4.47e-01	3.02e-01	3.84e-02	1.51e-03	6.93e-05	1.37e-06	0.00e+00	0.00e+00	0.00e+00	0.00e+00
 3.24874e+22	1.09e-21	7.89e-09	3.05e-06	1.21e-04	1.10e-03	3.22e-03	1.25e-02	2.08e-01	4.50e-01	2.89e-01	3.49e-02	1.31e-03	5.88e-05	1.13e-06	0.00e+00	0.00e+00	0.00e+00	0.00e+00
 3.27273e+22	1.40e-21	9.32e-09	3.60e-06	1.40e-04	1.25e-03	3.56e-03	1.36e-02	2.18e-01	4.52e-01	2.79e-01	3.22e-02	1.17e-03	5.14e-05	9.61e-07	0.00e+00	0.00e+00	0.00e+00	0.00e+00
 3.29379e+22	1.80e-21	1.11e-08	4.25e-06	1.62e-04	1.41e-03	3.92e-03	1.47e-02	2.27e-01	4.53e-01	2.69e-01	2.99e-02	1.05e-03	4.53e-05	8.27e-07	0.00e+00	0.00e+00	0.00e+00	0.00e+00
 3.31794e+22	2.45e-21	1.38e-08	5.22e-06	1.93e-04	1.63e-03	4.42e-03	1.62e-02	2.39e-01	4.54e-01	2.57e-01	2.72e-02	9.18e-04	3.85e-05	6.82e-07	0.00e+00	0.00e+00	0.00e+00	0.00e+00
 3.34310e+22	3.25e-21	1.67e-08	6.27e-06	2.27e-04	1.86e-03	4.92e-03	1.77e-02	2.50e-01	4.54e-01	2.46e-01	2.49e-02	8.09e-04	3.32e-05	5.72e-07	0.00e+00	0.00e+00	0.00e+00	0.00e+00
 3.36570e+22	4.22e-21	2.00e-08	7.44e-06	2.63e-04	2.10e-03	5.42e-03	1.92e-02	2.60e-01	4.53e-01	2.36e-01	2.29e-02	7.19e-04	2.90e-05	4.86e-07	0.00e+00	0.00e+00	0.00e+00	0.00e+00
 3.39121e+22	5.92e-21	2.53e-08	9.27e-06	3.18e-04	2.45e-03	6.14e-03	2.13e-02	2.73e-01	4.52e-01	2.23e-01	2.05e-02	6.19e-04	2.43e-05	3.95e-07	0.00e+00	0.00e+00	0.00e+00	0.00e+00
 3.41767e+22	7.94e-21	3.11e-08	1.12e-05	3.75e-04	2.80e-03	6.82e-03	2.31e-02	2.85e-01	4.50e-01	2.13e-01	1.87e-02	5.43e-04	2.08e-05	3.30e-07	0.00e+00	0.00e+00	0.00e+00	0.00e+00
 3.44539e+22	1.15e-20	4.02e-08	1.42e-05	4.59e-04	3.30e-03	7.77e-03	2.57e-02	2.99e-01	4.47e-01	2.00e-01	1.66e-02	4.60e-04	1.72e-05	2.63e-07	0.00e+00	0.00e+00	0.00e+00	0.00e+00
 3.47342e+22	1.55e-20	4.97e-08	1.72e-05	5.42e-04	3.77e-03	8.63e-03	2.79e-02	3.11e-01	4.43e-01	1.89e-01	1.50e-02	4.01e-04	1.47e-05	2.18e-07	0.00e+00	0.00e+00	0.00e+00	0.00e+00
 3.49804e+22	2.09e-20	6.14e-08	2.08e-05	6.37e-04	4.29e-03	9.54e-03	3.02e-02	3.22e-01	4.40e-01	1.80e-01	1.36e-02	3.52e-04	1.26e-05	1.82e-07	0.00e+00	0.00e+00	0.00e+00	0.00e+00
 3.52628e+22	3.05e-20	8.01e-08	2.65e-05	7.83e-04	5.06e-03	1.08e-02	3.34e-02	3.37e-01	4.33e-01	1.67e-01	1.20e-02	2.95e-04	1.03e-05	1.44e-07	0.00e+00	0.00e+00	0.00e+00	0.00e+00
 3.55481e+22	4.14e-20	9.93e-08	3.21e-05	9.23e-04	5.76e-03	1.20e-02	3.61e-02	3.48e-01	4.28e-01	1.58e-01	1.07e-02	2.56e-04	8.74e-06	1.18e-07	0.00e+00	0.00e+00	0.00e+00	0.00e+00
 3.58375e+22	6.08e-20	1.31e-07	4.08e-05	1.13e-03	6.76e-03	1.36e-02	3.96e-02	3.62e-01	4.20e-01	1.47e-01	9.44e-03	2.16e-04	7.17e-06	0.00e+00	0.00e+00	0.00e+00	0.00e+00	0.00e+00
 3.61363e+22	8.52e-20	1.65e-07	5.04e-05	1.35e-03	7.78e-03	1.51e-02	4.31e-02	3.74e-01	4.13e-01	1.37e-01	8.37e-03	1.84e-04	5.97e-06	0.00e+00	0.00e+00	0.00e+00	0.00e+00	0.00e+00
 3.63999e+22	1.16e-19	2.06e-07	6.11e-05	1.59e-03	8.84e-03	1.67e-02	4.63e-02	3.85e-01	4.05e-01	1.29e-01	7.51e-03	1.59e-04	5.07e-06	0.00e+00	0.00e+00	0.00e+00	0.00e+00	0.00e+00
 3.66950e+22	1.72e-19	2.72e-07	7.78e-05	1.95e-03	1.03e-02	1.88e-02	5.05e-02	3.98e-01	3.95e-01	1.19e-01	6.53e-03	1.33e-04	4.12e-06	0.00e+00	0.00e+00	0.00e+00	0.00e+00	0.00e+00
 3.70038e+22	2.44e-19	3.49e-07	9.66e-05	2.34e-03	1.19e-02	2.09e-02	5.47e-02	4.09e-01	3.85e-01	1.10e-01	5.73e-03	1.12e-04	3.40e-06	0.00e+00	0.00e+00	0.00e+00	0.00e+00	0.00e+00
 3.72760e+22	3.35e-19	4.37e-07	1.17e-04	2.75e-03	1.35e-02	2.29e-02	5.85e-02	4.19e-01	3.76e-01	1.02e-01	5.10e-03	9.67e-05	2.86e-06	0.00e+00	0.00e+00	0.00e+00	0.00e+00	0.00e+00
 3.75758e+22	4.96e-19	5.79e-07	1.49e-04	3.36e-03	1.57e-02	2.57e-02	6.34e-02	4.30e-01	3.64e-01	9.36e-02	4.41e-03	8.03e-05	2.31e-06	0.00e+00	0.00e+00	0.00e+00	0.00e+00	0.00e+00
 3.78960e+22	7.19e-19	7.52e-07	1.86e-04	4.05e-03	1.81e-02	2.85e-02	6.83e-02	4.39e-01	3.52e-01	8.57e-02	3.83e-03	6.70e-05	1.88e-06	0.00e+00	0.00e+00	0.00e+00	0.00e+00	0.00e+00
 3.81597e+22	9.57e-19	9.20e-07	2.21e-04	4.68e-03	2.02e-02	3.09e-02	7.22e-02	4.46e-01	3.42e-01	8.00e-02	3.42e-03	5.82e-05	1.60e-06	0.00e+00	0.00e+00	0.00e+00	0.00e+00	0.00e+00
 3.84192e+22	1.33e-18	1.16e-06	2.70e-04	5.52e-03	2.28e-02	3.38e-02	7.69e-02	4.53e-01	3.31e-01	7.36e-02	3.00e-03	4.94e-05	1.33e-06	0.00e+00	0.00e+00	0.00e+00	0.00e+00	0.00e+00
 3.86945e+22	1.81e-18	1.45e-06	3.24e-04	6.41e-03	2.56e-02	3.67e-02	8.13e-02	4.59e-01	3.20e-01	6.82e-02	2.66e-03	4.25e-05	1.12e-06	0.00e+00	0.00e+00	0.00e+00	0.00e+00	0.00e+00
 3.89500e+22	2.44e-18	1.79e-06	3.87e-04	7.42e-03	2.85e-02	3.97e-02	8.57e-02	4.64e-01	3.09e-01	6.30e-02	2.35e-03	3.65e-05	9.42e-07	0.00e+00	0.00e+00	0.00e+00	0.00e+00	0.00e+00
 3.92419e+22	3.56e-18	2.33e-06	4.84e-04	8.91e-03	3.26e-02	4.37e-02	9.14e-02	4.69e-01	2.95e-01	5.70e-02	2.01e-03	3.01e-05	7.58e-07	0.00e+00	0.00e+00	0.00e+00	0.00e+00	0.00e+00
 3.95408e+22	4.95e-18	2.93e-06	5.86e-04	1.04e-02	3.66e-02	4.74e-02	9.65e-02	4.72e-01	2.83e-01	5.19e-02	1.75e-03	2.53e-05	6.23e-07	0.00e+00	0.00e+00	0.00e+00	0.00e+00	0.00e+00
 3.98029e+22	6.69e-18	3.62e-06	6.98e-04	1.20e-02	4.06e-02	5.10e-02	1.01e-01	4.74e-01	2.71e-01	4.77e-02	1.54e-03	2.17e-05	5.22e-07	0.00e+00	0.00e+00	0.00e+00	0.00e+00	0.00e+00
 4.00974e+22	9.73e-18	4.71e-06	8.67e-04	1.43e-02	4.62e-02	5.58e-02	1.07e-01	4.75e-01	2.57e-01	4.27e-02	1.30e-03	1.78e-05	4.16e-07	0.00e+00	0.00e+00	0.00e+00	0.00e+00	0.00e+00
 4.04011e+22	1.35e-17	5.90e-06	1.04e-03	1.67e-02	5.15e-02	6.01e-02	1.12e-01	4.75e-01	2.44e-01	3.87e-02	1.12e-03	1.49e-05	3.40e-07	0.00e+00	0.00e+00	0.00e+00	0.00e+00	0.00e+00
 4.06725e+22	1.84e-17	7.32e-06	1.25e-03	1.92e-02	5.70e-02	6.44e-02	1.17e-01	4.73e-01	2.32e-01	3.51e-02	9.74e-04	1.25e-05	2.80e-07	0.00e+00	0.00e+00	0.00e+00	0.00e+00	0.00e+00
 4.09809e+22	2.71e-17	9.57e-06	1.55e-03	2.29e-02	6.45e-02	7.00e-02	1.23e-01	4.70e-01	2.17e-01	3.09e-02	8.12e-04	1.01e-05	2.19e-07	0.00e+00	0.00e+00	0.00e+00	0.00e+00	0.00e+00
 4.12974e+22	3.79e-17	1.20e-05	1.87e-03	2.65e-02	7.15e-02	7.50e-02	1.27e-01	4.66e-01	2.04e-01	2.76e-02	6.90e-04	8.33e-06	1.77e-07	0.00e+00	0.00e+00	0.00e+00	0.00e+00	0.00e+00
 4.15785e+22	5.20e-17	1.49e-05	2.23e-03	3.05e-02	7.87e-02	7.98e-02	1.32e-01	4.60e-01	1.91e-01	2.48e-02	5.90e-04	6.92e-06	1.43e-07	0.00e+00	0.00e+00	0.00e+00	0.00e+00	0.00e+00
 4.18979e+22	7.70e-17	1.95e-05	2.76e-03	3.61e-02	8.84e-02	8.60e-02	1.37e-01	4.51e-01	1.76e-01	2.15e-02	4.83e-04	5.49e-06	0.00e+00	0.00e+00	0.00e+00	0.00e+00	0.00e+00	0.00e+00
 4.22284e+22	1.09e-16	2.46e-05	3.33e-03	4.18e-02	9.76e-02	9.15e-02	1.41e-01	4.42e-01	1.63e-01	1.89e-02	4.03e-04	4.44e-06	0.00e+00	0.00e+00	0.00e+00	0.00e+00	0.00e+00	0.00e+00
 4.25243e+22	1.51e-16	3.06e-05	3.96e-03	4.78e-02	1.07e-01	9.66e-02	1.45e-01	4.32e-01	1.51e-01	1.66e-02	3.38e-04	3.63e-06	0.00e+00	0.00e+00	0.00e+00	0.00e+00	0.00e+00	0.00e+00
 4.28602e+22	2.25e-16	4.01e-05	4.90e-03	5.62e-02	1.19e-01	1.03e-01	1.49e-01	4.17e-01	1.37e-01	1.41e-02	2.71e-04	2.81e-06	0.00e+00	0.00e+00	0.00e+00	0.00e+00	0.00e+00	0.00e+00
 4.32038e+22	1.43e-16	5.04e-05	5.86e-03	6.45e-02	1.30e-01	1.08e-01	1.52e-01	4.03e-01	1.25e-01	1.22e-02	2.22e-04	2.24e-06	0.00e+00	0.00e+00	0.00e+00	0.00e+00	0.00e+00	0.00e+00
 4.35065e+22	1.97e-16	6.22e-05	6.91e-03	7.30e-02	1.40e-01	1.13e-01	1.54e-01	3.88e-01	1.14e-01	1.06e-02	1.83e-04	1.80e-06	0.00e+00	0.00e+00	0.00e+00	0.00e+00	0.00e+00	0.00e+00
 4.38491e+22	2.93e-16	8.06e-05	8.45e-03	8.48e-02	1.54e-01	1.19e-01	1.56e-01	3.69e-01	1.01e-01	8.79e-03	1.43e-04	1.36e-06	0.00e+00	0.00e+00	0.00e+00	0.00e+00	0.00e+00	0.00e+00
 4.42011e+22	4.16e-16	1.01e-04	1.00e-02	9.62e-02	1.66e-01	1.23e-01	1.56e-01	3.51e-01	9.03e-02	7.42e-03	1.15e-04	1.06e-06	0.00e+00	0.00e+00	0.00e+00	0.00e+00	0.00e+00	0.00e+00
 4.45129e+22	5.72e-16	1.23e-04	1.17e-02	1.08e-01	1.77e-01	1.27e-01	1.56e-01	3.33e-01	8.11e-02	6.32e-03	9.32e-05	8.41e-07	0.00e+00	0.00e+00	0.00e+00	0.00e+00	0.00e+00	0.00e+00
 4.48658e+22	8.54e-16	1.59e-04	1.42e-02	1.23e-01	1.91e-01	1.31e-01	1.55e-01	3.10e-01	7.03e-02	5.13e-03	7.11e-05	6.23e-07	0.00e+00	0.00e+00	0.00e+00	0.00e+00	0.00e+00	0.00e+00
 4.52292e+22	1.21e-15	1.97e-04	1.66e-02	1.38e-01	2.03e-01	1.34e-01	1.53e-01	2.89e-01	6.16e-02	4.24e-03	5.57e-05	4.75e-07	0.00e+00	0.00e+00	0.00e+00	0.00e+00	0.00e+00	0.00e+00
 4.55529e+22	1.68e-15	2.39e-04	1.93e-02	1.53e-01	2.13e-01	1.36e-01	1.51e-01	2.70e-01	5.42e-02	3.53e-03	4.41e-05	3.67e-07	0.00e+00	0.00e+00	0.00e+00	0.00e+00	0.00e+00	0.00e+00
 4.59203e+22	2.55e-15	3.06e-04	2.31e-02	1.73e-01	2.26e-01	1.38e-01	1.47e-01	2.45e-01	4.56e-02	2.77e-03	3.25e-05	2.62e-07	0.00e+00	0.00e+00	0.00e+00	0.00e+00	0.00e+00	0.00e+00
 4.62955e+22	3.61e-15	3.74e-04	2.67e-02	1.90e-01	2.36e-01	1.38e-01	1.43e-01	2.25e-01	3.92e-02	2.24e-03	2.50e-05	1.96e-07	0.00e+00	0.00e+00	0.00e+00	0.00e+00	0.00e+00	0.00e+00
 4.66809e+22	5.56e-15	4.77e-04	3.18e-02	2.12e-01	2.47e-01	1.38e-01	1.37e-01	2.00e-01	3.22e-02	1.71e-03	1.79e-05	1.36e-07	0.00e+00	0.00e+00	0.00e+00	0.00e+00	0.00e+00	0.00e+00
 4.70706e+22	7.94e-15	5.79e-04	3.64e-02	2.31e-01	2.54e-01	1.37e-01	1.31e-01	1.81e-01	2.72e-02	1.36e-03	1.35e-05	0.00e+00	0.00e+00	0.00e+00	0.00e+00	0.00e+00	0.00e+00	0.00e+00
 4.74661e+22	1.24e-14	7.33e-04	4.29e-02	2.55e-01	2.62e-01	1.35e-01	1.24e-01	1.58e-01	2.19e-02	1.02e-03	9.42e-06	0.00e+00	0.00e+00	0.00e+00	0.00e+00	0.00e+00	0.00e+00	0.00e+00
 4.78579e+22	1.78e-14	8.76e-04	4.85e-02	2.74e-01	2.67e-01	1.32e-01	1.17e-01	1.41e-01	1.84e-02	8.03e-04	7.08e-06	0.00e+00	0.00e+00	0.00e+00	0.00e+00	0.00e+00	0.00e+00	0.00e+00
 4.81755e+22	2.42e-14	1.02e-03	5.39e-02	2.90e-01	2.70e-01	1.30e-01	1.12e-01	1.28e-01	1.56e-02	6.49e-04	5.47e-06	0.00e+00	0.00e+00	0.00e+00	0.00e+00	0.00e+00	0.00e+00	0.00e+00
 4.85192e+22	3.58e-14	1.23e-03	6.10e-02	3.11e-01	2.72e-01	1.26e-01	1.04e-01	1.12e-01	1.28e-02	4.97e-04	3.97e-06	0.00e+00	0.00e+00	0.00e+00	0.00e+00	0.00e+00	0.00e+00	0.00e+00
 4.88668e+22	5.05e-14	1.43e-03	6.74e-02	3.27e-01	2.73e-01	1.22e-01	9.84e-02	9.99e-02	1.07e-02	3.96e-04	3.02e-06	0.00e+00	0.00e+00	0.00e+00	0.00e+00	0.00e+00	0.00e+00	0.00e+00
 4.91728e+22	6.96e-14	1.65e-03	7.41e-02	3.43e-01	2.72e-01	1.18e-01	9.25e-02	8.91e-02	9.02e-03	3.16e-04	2.31e-06	0.00e+00	0.00e+00	0.00e+00	0.00e+00	0.00e+00	0.00e+00	0.00e+00
 4.95238e+22	1.09e-13	1.97e-03	8.30e-02	3.62e-01	2.71e-01	1.13e-01	8.53e-02	7.68e-02	7.23e-03	2.37e-04	1.65e-06	0.00e+00	0.00e+00	0.00e+00	0.00e+00	0.00e+00	0.00e+00	0.00e+00
 4.98846e+22	1.77e-13	2.29e-03	9.13e-02	3.77e-01	2.68e-01	1.08e-01	7.92e-02	6.73e-02	5.93e-03	1.84e-04	1.22e-06	0.00e+00	0.00e+00	0.00e+00	0.00e+00	0.00e+00	0.00e+00	0.00e+00
 5.02062e+22	2.48e-13	2.64e-03	9.96e-02	3.91e-01	2.65e-01	1.04e-01	7.35e-02	5.91e-02	4.89e-03	1.43e-04	9.11e-07	0.00e+00	0.00e+00	0.00e+00	0.00e+00	0.00e+00	0.00e+00	0.00e+00
 5.05724e+22	4.35e-13	3.13e-03	1.11e-01	4.08e-01	2.59e-01	9.80e-02	6.67e-02	5.00e-02	3.83e-03	1.05e-04	6.32e-07	0.00e+00	0.00e+00	0.00e+00	0.00e+00	0.00e+00	0.00e+00	0.00e+00
 5.09422e+22	9.21e-13	3.60e-03	1.21e-01	4.21e-01	2.54e-01	9.29e-02	6.12e-02	4.33e-02	3.10e-03	8.03e-05	4.63e-07	0.00e+00	0.00e+00	0.00e+00	0.00e+00	0.00e+00	0.00e+00	0.00e+00
 5.12638e+22	1.38e-12	4.10e-03	1.30e-01	4.32e-01	2.48e-01	8.82e-02	5.63e-02	3.77e-02	2.54e-03	6.21e-05	3.44e-07	0.00e+00	0.00e+00	0.00e+00	0.00e+00	0.00e+00	0.00e+00	0.00e+00
 5.15533e+22	3.03e-12	4.55e-03	1.39e-01	4.41e-01	2.43e-01	8.44e-02	5.25e-02	3.36e-02	2.15e-03	5.04e-05	2.70e-07	0.00e+00	0.00e+00	0.00e+00	0.00e+00	0.00e+00	0.00e+00	0.00e+00
 5.18537e+22	5.25e-12	5.18e-03	1.50e-01	4.51e-01	2.36e-01	7.96e-02	4.80e-02	2.90e-02	1.74e-03	3.86e-05	1.99e-07	0.00e+00	0.00e+00	0.00e+00	0.00e+00	0.00e+00	0.00e+00	0.00e+00
 5.21599e+22	1.27e-11	5.77e-03	1.59e-01	4.58e-01	2.30e-01	7.56e-02	4.44e-02	2.55e-02	1.45e-03	3.06e-05	1.52e-07	0.00e+00	0.00e+00	0.00e+00	0.00e+00	0.00e+00	0.00e+00	0.00e+00
 5.24281e+22	2.88e-11	6.38e-03	1.69e-01	4.64e-01	2.24e-01	7.19e-02	4.11e-02	2.26e-02	1.21e-03	2.46e-05	0.00e+00	0.00e+00	0.00e+00	0.00e+00	0.00e+00	0.00e+00	0.00e+00	0.00e+00
 5.27314e+22	1.15e-10	7.23e-03	1.81e-01	4.71e-01	2.16e-01	6.73e-02	3.73e-02	1.93e-02	9.70e-04	1.86e-05	0.00e+00	0.00e+00	0.00e+00	0.00e+00	0.00e+00	0.00e+00	0.00e+00	0.00e+00
 5.30399e+22	3.00e-09	8.01e-03	1.92e-01	4.76e-01	2.09e-01	6.36e-02	3.43e-02	1.69e-02	8.03e-04	1.47e-05	0.00e+00	0.00e+00	0.00e+00	0.00e+00	0.00e+00	0.00e+00	0.00e+00	0.00e+00
 5.33136e+22	2.02e-08	8.82e-03	2.02e-01	4.80e-01	2.02e-01	6.01e-02	3.15e-02	1.48e-02	6.69e-04	1.17e-05	0.00e+00	0.00e+00	0.00e+00	0.00e+00	0.00e+00	0.00e+00	0.00e+00	0.00e+00
 5.36279e+22	3.87e-07	9.99e-03	2.16e-01	4.84e-01	1.93e-01	5.58e-02	2.83e-02	1.25e-02	5.25e-04	8.66e-06	0.00e+00	0.00e+00	0.00e+00	0.00e+00	0.00e+00	0.00e+00	0.00e+00	0.00e+00
 5.39437e+22	1.34e-06	1.10e-02	2.28e-01	4.86e-01	1.86e-01	5.26e-02	2.59e-02	1.09e-02	4.34e-04	6.84e-06	0.00e+00	0.00e+00	0.00e+00	0.00e+00	0.00e+00	0.00e+00	0.00e+00	0.00e+00
 5.42616e+22	2.12e-06	1.24e-02	2.42e-01	4.87e-01	1.77e-01	4.86e-02	2.31e-02	9.17e-03	3.39e-04	5.05e-06	0.00e+00	0.00e+00	0.00e+00	0.00e+00	0.00e+00	0.00e+00	0.00e+00	0.00e+00
 5.45256e+22	2.44e-06	1.31e-02	2.50e-01	4.88e-01	1.72e-01	4.67e-02	2.18e-02	8.41e-03	3.00e-04	4.35e-06	0.00e+00	0.00e+00	0.00e+00	0.00e+00	0.00e+00	0.00e+00	0.00e+00	0.00e+00
 5.47196e+22	2.80e-06	1.41e-02	2.59e-01	4.87e-01	1.67e-01	4.44e-02	2.03e-02	7.52e-03	2.57e-04	3.59e-06	0.00e+00	0.00e+00	0.00e+00	0.00e+00	0.00e+00	0.00e+00	0.00e+00	0.00e+00
 5.49717e+22	3.27e-06	1.54e-02	2.71e-01	4.87e-01	1.60e-01	4.17e-02	1.86e-02	6.56e-03	2.12e-04	2.84e-06	0.00e+00	0.00e+00	0.00e+00	0.00e+00	0.00e+00	0.00e+00	0.00e+00	0.00e+00
 5.52995e+22	4.07e-06	1.74e-02	2.88e-01	4.84e-01	1.50e-01	3.81e-02	1.63e-02	5.41e-03	1.62e-04	2.04e-06	0.00e+00	0.00e+00	0.00e+00	0.00e+00	0.00e+00	0.00e+00	0.00e+00	0.00e+00
 5.56290e+22	4.72e-06	1.89e-02	3.00e-01	4.82e-01	1.44e-01	3.56e-02	1.48e-02	4.68e-03	1.33e-04	1.60e-06	0.00e+00	0.00e+00	0.00e+00	0.00e+00	0.00e+00	0.00e+00	0.00e+00	0.00e+00
 5.59608e+22	5.70e-06	2.12e-02	3.17e-01	4.77e-01	1.35e-01	3.25e-02	1.30e-02	3.86e-03	1.01e-04	1.16e-06	0.00e+00	0.00e+00	0.00e+00	0.00e+00	0.00e+00	0.00e+00	0.00e+00	0.00e+00
 5.63026e+22	6.66e-06	2.33e-02	3.32e-01	4.73e-01	1.27e-01	3.01e-02	1.17e-02	3.28e-03	8.07e-05	8.76e-07	0.00e+00	0.00e+00	0.00e+00	0.00e+00	0.00e+00	0.00e+00	0.00e+00	0.00e+00
 5.66574e+22	8.00e-06	2.61e-02	3.50e-01	4.66e-01	1.18e-01	2.72e-02	1.01e-02	2.66e-03	6.05e-05	6.19e-07	0.00e+00	0.00e+00	0.00e+00	0.00e+00	0.00e+00	0.00e+00	0.00e+00	0.00e+00
 5.70188e+22	9.28e-06	2.87e-02	3.65e-01	4.59e-01	1.11e-01	2.50e-02	9.00e-03	2.24e-03	4.77e-05	4.64e-07	0.00e+00	0.00e+00	0.00e+00	0.00e+00	0.00e+00	0.00e+00	0.00e+00	0.00e+00
 5.73887e+22	1.11e-05	3.22e-02	3.84e-01	4.49e-01	1.03e-01	2.24e-02	7.74e-03	1.80e-03	3.52e-05	3.23e-07	0.00e+00	0.00e+00	0.00e+00	0.00e+00	0.00e+00	0.00e+00	0.00e+00	0.00e+00
 5.77659e+22	1.28e-05	3.53e-02	4.00e-01	4.40e-01	9.60e-02	2.04e-02	6.81e-03	1.50e-03	2.74e-05	2.39e-07	0.00e+00	0.00e+00	0.00e+00	0.00e+00	0.00e+00	0.00e+00	0.00e+00	0.00e+00
 5.81524e+22	1.53e-05	3.96e-02	4.20e-01	4.28e-01	8.79e-02	1.82e-02	5.79e-03	1.19e-03	1.99e-05	1.63e-07	0.00e+00	0.00e+00	0.00e+00	0.00e+00	0.00e+00	0.00e+00	0.00e+00	0.00e+00
 5.84901e+22	1.69e-05	4.24e-02	4.31e-01	4.20e-01	8.32e-02	1.69e-02	5.26e-03	1.03e-03	1.64e-05	1.30e-07	0.00e+00	0.00e+00	0.00e+00	0.00e+00	0.00e+00	0.00e+00	0.00e+00	0.00e+00
 5.87643e+22	1.90e-05	4.58e-02	4.45e-01	4.10e-01	7.81e-02	1.55e-02	4.68e-03	8.75e-04	1.31e-05	0.00e+00	0.00e+00	0.00e+00	0.00e+00	0.00e+00	0.00e+00	0.00e+00	0.00e+00	0.00e+00
 5.90491e+22	2.10e-05	4.90e-02	4.56e-01	4.02e-01	7.37e-02	1.44e-02	4.23e-03	7.58e-04	1.08e-05	0.00e+00	0.00e+00	0.00e+00	0.00e+00	0.00e+00	0.00e+00	0.00e+00	0.00e+00	0.00e+00
 5.93476e+22	2.36e-05	5.29e-02	4.70e-01	3.91e-01	6.87e-02	1.31e-02	3.73e-03	6.35e-04	8.47e-06	0.00e+00	0.00e+00	0.00e+00	0.00e+00	0.00e+00	0.00e+00	0.00e+00	0.00e+00	0.00e+00
 5.96509e+22	2.62e-05	5.67e-02	4.82e-01	3.81e-01	6.45e-02	1.21e-02	3.34e-03	5.44e-04	6.86e-06	0.00e+00	0.00e+00	0.00e+00	0.00e+00	0.00e+00	0.00e+00	0.00e+00	0.00e+00	0.00e+00
 5.99171e+22	2.87e-05	6.04e-02	4.93e-01	3.71e-01	6.07e-02	1.12e-02	3.01e-03	4.70e-04	5.62e-06	0.00e+00	0.00e+00	0.00e+00	0.00e+00	0.00e+00	0.00e+00	0.00e+00	0.00e+00	0.00e+00
 6.02198e+22	3.23e-05	6.54e-02	5.07e-01	3.59e-01	5.61e-02	1.01e-02	2.62e-03	3.89e-04	4.35e-06	0.00e+00	0.00e+00	0.00e+00	0.00e+00	0.00e+00	0.00e+00	0.00e+00	0.00e+00	0.00e+00
 6.05266e+22	3.54e-05	6.97e-02	5.17e-01	3.48e-01	5.26e-02	9.32e-03	2.35e-03	3.34e-04	3.54e-06	0.00e+00	0.00e+00	0.00e+00	0.00e+00	0.00e+00	0.00e+00	0.00e+00	0.00e+00	0.00e+00
 6.08390e+22	3.96e-05	7.52e-02	5.30e-01	3.35e-01	4.85e-02	8.41e-03	2.04e-03	2.76e-04	2.74e-06	0.00e+00	0.00e+00	0.00e+00	0.00e+00	0.00e+00	0.00e+00	0.00e+00	0.00e+00	0.00e+00
 6.11588e+22	4.36e-05	8.02e-02	5.41e-01	3.24e-01	4.52e-02	7.67e-03	1.81e-03	2.34e-04	2.19e-06	0.00e+00	0.00e+00	0.00e+00	0.00e+00	0.00e+00	0.00e+00	0.00e+00	0.00e+00	0.00e+00
 6.13952e+22	4.63e-05	8.37e-02	5.47e-01	3.17e-01	4.31e-02	7.22e-03	1.67e-03	2.10e-04	1.89e-06	0.00e+00	0.00e+00	0.00e+00	0.00e+00	0.00e+00	0.00e+00	0.00e+00	0.00e+00	0.00e+00
 6.15596e+22	4.81e-05	8.60e-02	5.52e-01	3.12e-01	4.17e-02	6.94e-03	1.58e-03	1.95e-04	1.72e-06	0.00e+00	0.00e+00	0.00e+00	0.00e+00	0.00e+00	0.00e+00	0.00e+00	0.00e+00	0.00e+00
 6.17237e+22	5.12e-05	8.96e-02	5.58e-01	3.04e-01	3.98e-02	6.53e-03	1.46e-03	1.75e-04	1.48e-06	0.00e+00	0.00e+00	0.00e+00	0.00e+00	0.00e+00	0.00e+00	0.00e+00	0.00e+00	0.00e+00
 6.19370e+22	5.47e-05	9.38e-02	5.65e-01	2.96e-01	3.76e-02	6.09e-03	1.33e-03	1.54e-04	1.25e-06	0.00e+00	0.00e+00	0.00e+00	0.00e+00	0.00e+00	0.00e+00	0.00e+00	0.00e+00	0.00e+00
 6.22142e+22	6.04e-05	1.00e-01	5.75e-01	2.83e-01	3.46e-02	5.48e-03	1.16e-03	1.29e-04	9.79e-07	0.00e+00	0.00e+00	0.00e+00	0.00e+00	0.00e+00	0.00e+00	0.00e+00	0.00e+00	0.00e+00
 6.24583e+22	6.37e-05	1.04e-01	5.80e-01	2.76e-01	3.31e-02	5.18e-03	1.07e-03	1.16e-04	8.57e-07	0.00e+00	0.00e+00	0.00e+00	0.00e+00	0.00e+00	0.00e+00	0.00e+00	0.00e+00	0.00e+00
 6.26593e+22	6.78e-05	1.09e-01	5.86e-01	2.68e-01	3.13e-02	4.82e-03	9.76e-04	1.03e-04	7.25e-07	0.00e+00	0.00e+00	0.00e+00	0.00e+00	0.00e+00	0.00e+00	0.00e+00	0.00e+00	0.00e+00
 6.29206e+22	7.35e-05	1.15e-01	5.94e-01	2.57e-01	2.90e-02	4.39e-03	8.63e-04	8.74e-05	5.84e-07	0.00e+00	0.00e+00	0.00e+00	0.00e+00	0.00e+00	0.00e+00	0.00e+00	0.00e+00	0.00e+00
 6.32602e+22	8.18e-05	1.24e-01	6.03e-01	2.42e-01	2.62e-02	3.87e-03	7.30e-04	7.04e-05	4.38e-07	0.00e+00	0.00e+00	0.00e+00	0.00e+00	0.00e+00	0.00e+00	0.00e+00	0.00e+00	0.00e+00
 6.35786e+22	8.78e-05	1.30e-01	6.08e-01	2.33e-01	2.45e-02	3.55e-03	6.54e-04	6.11e-05	3.62e-07	0.00e+00	0.00e+00	0.00e+00	0.00e+00	0.00e+00	0.00e+00	0.00e+00	0.00e+00	0.00e+00
 6.38693e+22	9.53e-05	1.38e-01	6.14e-01	2.22e-01	2.25e-02	3.20e-03	5.68e-04	5.11e-05	2.85e-07	0.00e+00	0.00e+00	0.00e+00	0.00e+00	0.00e+00	0.00e+00	0.00e+00	0.00e+00	0.00e+00
 6.42472e+22	1.06e-04	1.48e-01	6.21e-01	2.07e-01	2.01e-02	2.77e-03	4.71e-04	4.03e-05	2.08e-07	0.00e+00	0.00e+00	0.00e+00	0.00e+00	0.00e+00	0.00e+00	0.00e+00	0.00e+00	0.00e+00
 6.46298e+22	1.16e-04	1.57e-01	6.26e-01	1.95e-01	1.83e-02	2.47e-03	4.05e-04	3.35e-05	1.62e-07	0.00e+00	0.00e+00	0.00e+00	0.00e+00	0.00e+00	0.00e+00	0.00e+00	0.00e+00	0.00e+00
 6.50186e+22	1.29e-04	1.69e-01	6.31e-01	1.81e-01	1.62e-02	2.13e-03	3.33e-04	2.63e-05	0.00e+00	0.00e+00	0.00e+00	0.00e+00	0.00e+00	0.00e+00	0.00e+00	0.00e+00	0.00e+00	0.00e+00
 6.54130e+22	1.40e-04	1.79e-01	6.34e-01	1.70e-01	1.47e-02	1.88e-03	2.84e-04	2.17e-05	0.00e+00	0.00e+00	0.00e+00	0.00e+00	0.00e+00	0.00e+00	0.00e+00	0.00e+00	0.00e+00	0.00e+00
 6.58145e+22	1.55e-04	1.92e-01	6.36e-01	1.56e-01	1.30e-02	1.61e-03	2.32e-04	1.71e-05	0.00e+00	0.00e+00	0.00e+00	0.00e+00	0.00e+00	0.00e+00	0.00e+00	0.00e+00	0.00e+00	0.00e+00
 6.62265e+22	1.68e-04	2.04e-01	6.37e-01	1.46e-01	1.17e-02	1.42e-03	1.96e-04	1.40e-05	0.00e+00	0.00e+00	0.00e+00	0.00e+00	0.00e+00	0.00e+00	0.00e+00	0.00e+00	0.00e+00	0.00e+00
 6.66522e+22	1.87e-04	2.19e-01	6.37e-01	1.32e-01	1.02e-02	1.19e-03	1.56e-04	1.08e-05	0.00e+00	0.00e+00	0.00e+00	0.00e+00	0.00e+00	0.00e+00	0.00e+00	0.00e+00	0.00e+00	0.00e+00
 6.70794e+22	2.02e-04	2.32e-01	6.35e-01	1.22e-01	9.18e-03	1.04e-03	1.32e-04	8.91e-06	0.00e+00	0.00e+00	0.00e+00	0.00e+00	0.00e+00	0.00e+00	0.00e+00	0.00e+00	0.00e+00	0.00e+00
 6.75087e+22	2.24e-04	2.48e-01	6.33e-01	1.10e-01	7.95e-03	8.73e-04	1.04e-04	6.88e-06	0.00e+00	0.00e+00	0.00e+00	0.00e+00	0.00e+00	0.00e+00	0.00e+00	0.00e+00	0.00e+00	0.00e+00
 6.79438e+22	2.42e-04	2.62e-01	6.29e-01	1.01e-01	7.11e-03	7.60e-04	8.68e-05	5.66e-06	0.00e+00	0.00e+00	0.00e+00	0.00e+00	0.00e+00	0.00e+00	0.00e+00	0.00e+00	0.00e+00	0.00e+00
 6.83865e+22	2.67e-04	2.80e-01	6.23e-01	8.98e-02	6.11e-03	6.30e-04	6.78e-05	4.37e-06	0.00e+00	0.00e+00	0.00e+00	0.00e+00	0.00e+00	0.00e+00	0.00e+00	0.00e+00	0.00e+00	0.00e+00
 6.88392e+22	2.90e-04	2.96e-01	6.16e-01	8.12e-02	5.39e-03	5.39e-04	5.52e-05	3.54e-06	0.00e+00	0.00e+00	0.00e+00	0.00e+00	0.00e+00	0.00e+00	0.00e+00	0.00e+00	0.00e+00	0.00e+00
 6.91942e+22	3.06e-04	3.08e-01	6.11e-01	7.54e-02	4.91e-03	4.81e-04	4.75e-05	3.05e-06	0.00e+00	0.00e+00	0.00e+00	0.00e+00	0.00e+00	0.00e+00	0.00e+00	0.00e+00	0.00e+00	0.00e+00
 6.95449e+22	3.31e-04	3.24e-01	6.03e-01	6.76e-02	4.32e-03	4.09e-04	3.84e-05	2.47e-06	0.00e+00	0.00e+00	0.00e+00	0.00e+00	0.00e+00	0.00e+00	0.00e+00	0.00e+00	0.00e+00	0.00e+00
 6.98943e+22	3.50e-04	3.37e-01	5.96e-01	6.23e-02	3.92e-03	3.64e-04	3.28e-05	2.13e-06	0.00e+00	0.00e+00	0.00e+00	0.00e+00	0.00e+00	0.00e+00	0.00e+00	0.00e+00	0.00e+00	0.00e+00
 7.02419e+22	3.77e-04	3.54e-01	5.87e-01	5.55e-02	3.43e-03	3.09e-04	2.64e-05	1.73e-06	0.00e+00	0.00e+00	0.00e+00	0.00e+00	0.00e+00	0.00e+00	0.00e+00	0.00e+00	0.00e+00	0.00e+00
 7.05940e+22	4.01e-04	3.68e-01	5.78e-01	5.04e-02	3.08e-03	2.70e-04	2.21e-05	1.47e-06	0.00e+00	0.00e+00	0.00e+00	0.00e+00	0.00e+00	0.00e+00	0.00e+00	0.00e+00	0.00e+00	0.00e+00
 7.09522e+22	4.31e-04	3.86e-01	5.66e-01	4.43e-02	2.67e-03	2.27e-04	1.74e-05	1.19e-06	0.00e+00	0.00e+00	0.00e+00	0.00e+00	0.00e+00	0.00e+00	0.00e+00	0.00e+00	0.00e+00	0.00e+00
 7.13148e+22	4.59e-04	4.02e-01	5.55e-01	3.96e-02	2.37e-03	1.96e-04	1.43e-05	1.00e-06	0.00e+00	0.00e+00	0.00e+00	0.00e+00	0.00e+00	0.00e+00	0.00e+00	0.00e+00	0.00e+00	0.00e+00
 7.16301e+22	4.87e-04	4.18e-01	5.44e-01	3.54e-02	2.10e-03	1.70e-04	1.17e-05	8.44e-07	0.00e+00	0.00e+00	0.00e+00	0.00e+00	0.00e+00	0.00e+00	0.00e+00	0.00e+00	0.00e+00	0.00e+00
 7.19869e+22	5.23e-04	4.38e-01	5.30e-01	3.05e-02	1.80e-03	1.41e-04	9.08e-06	6.78e-07	0.00e+00	0.00e+00	0.00e+00	0.00e+00	0.00e+00	0.00e+00	0.00e+00	0.00e+00	0.00e+00	0.00e+00
 7.23548e+22	5.59e-04	4.56e-01	5.15e-01	2.65e-02	1.55e-03	1.18e-04	7.17e-06	5.58e-07	0.00e+00	0.00e+00	0.00e+00	0.00e+00	0.00e+00	0.00e+00	0.00e+00	0.00e+00	0.00e+00	0.00e+00
 7.26782e+22	5.93e-04	4.73e-01	5.02e-01	2.31e-02	1.35e-03	1.00e-04	5.71e-06	4.63e-07	0.00e+00	0.00e+00	0.00e+00	0.00e+00	0.00e+00	0.00e+00	0.00e+00	0.00e+00	0.00e+00	0.00e+00
