#depth	Si	Si+	Si+2	Si+3	Si+4	Si+5	Si+6	Si+7	Si+8	Si+9	Si+10	Si+11	Si+12	Si+13	Si+14
 1.54284e+22	6.64e-33	1.27e-19	3.72e-16	1.82e-13	1.02e-09	3.58e-07	3.14e-05	7.36e-04	7.63e-03	3.01e-02	5.41e-02	9.69e-02	4.76e-01	2.83e-01	5.16e-02
 3.43875e+22	4.78e-31	4.14e-18	6.71e-15	1.70e-12	1.16e-08	3.86e-06	2.87e-04	5.06e-03	3.65e-02	9.84e-02	1.16e-01	1.34e-01	4.31e-01	1.60e-01	1.84e-02
 3.95602e+22	2.28e-30	1.51e-17	1.98e-14	3.93e-12	2.71e-08	8.80e-06	6.13e-04	9.73e-03	6.03e-02	1.40e-01	1.41e-01	1.39e-01	3.80e-01	1.17e-01	1.12e-02
 4.20234e+22	2.35e-30	2.77e-17	3.29e-14	5.86e-12	4.00e-08	1.27e-05	8.61e-04	1.30e-02	7.49e-02	1.62e-01	1.52e-01	1.38e-01	3.51e-01	9.91e-02	8.69e-03
 4.30514e+22	2.81e-30	3.22e-17	3.75e-14	6.48e-12	4.40e-08	1.40e-05	9.35e-04	1.39e-02	7.88e-02	1.68e-01	1.54e-01	1.38e-01	3.44e-01	9.48e-02	8.14e-03
 4.35275e+22	3.54e-30	3.90e-17	4.40e-14	7.36e-12	4.96e-08	1.56e-05	1.04e-03	1.52e-02	8.41e-02	1.75e-01	1.57e-01	1.37e-01	3.34e-01	8.95e-02	7.48e-03
 4.41464e+22	4.72e-30	4.97e-17	5.41e-14	8.65e-12	5.76e-08	1.80e-05	1.18e-03	1.69e-02	9.10e-02	1.84e-01	1.60e-01	1.36e-01	3.21e-01	8.31e-02	6.70e-03
 4.47720e+22	5.91e-30	6.01e-17	6.35e-14	9.83e-12	6.48e-08	2.01e-05	1.30e-03	1.84e-02	9.66e-02	1.91e-01	1.62e-01	1.35e-01	3.11e-01	7.83e-02	6.14e-03
 4.54062e+22	7.92e-30	7.67e-17	7.82e-14	1.16e-11	7.53e-08	2.32e-05	1.48e-03	2.05e-02	1.04e-01	2.00e-01	1.65e-01	1.33e-01	2.98e-01	7.24e-02	5.47e-03
 4.60542e+22	9.94e-30	9.30e-17	9.23e-14	1.32e-11	8.49e-08	2.59e-05	1.63e-03	2.22e-02	1.10e-01	2.07e-01	1.66e-01	1.31e-01	2.88e-01	6.80e-02	5.00e-03
 4.67201e+22	1.34e-29	1.20e-16	1.14e-13	1.57e-11	9.86e-08	2.98e-05	1.85e-03	2.47e-02	1.19e-01	2.17e-01	1.68e-01	1.29e-01	2.74e-01	6.23e-02	4.41e-03
 4.74001e+22	1.70e-29	1.46e-16	1.35e-13	1.80e-11	1.11e-07	3.33e-05	2.04e-03	2.67e-02	1.26e-01	2.24e-01	1.69e-01	1.27e-01	2.64e-01	5.82e-02	4.01e-03
 4.80986e+22	2.29e-29	1.87e-16	1.68e-13	2.13e-11	1.30e-07	3.83e-05	2.31e-03	2.96e-02	1.35e-01	2.32e-01	1.71e-01	1.24e-01	2.50e-01	5.31e-02	3.53e-03
 4.88295e+22	2.97e-29	2.33e-16	2.03e-13	2.48e-11	1.48e-07	4.32e-05	2.57e-03	3.22e-02	1.43e-01	2.40e-01	1.71e-01	1.21e-01	2.38e-01	4.90e-02	3.15e-03
 4.96025e+22	4.10e-29	3.05e-16	2.56e-13	2.99e-11	1.74e-07	5.01e-05	2.92e-03	3.57e-02	1.53e-01	2.49e-01	1.71e-01	1.18e-01	2.24e-01	4.43e-02	2.74e-03
 5.03983e+22	5.37e-29	3.83e-16	3.11e-13	3.50e-11	1.99e-07	5.66e-05	3.25e-03	3.89e-02	1.62e-01	2.56e-01	1.71e-01	1.15e-01	2.12e-01	4.05e-02	2.42e-03
 5.11127e+22	6.94e-29	4.76e-16	3.76e-13	4.08e-11	2.26e-07	6.36e-05	3.59e-03	4.22e-02	1.70e-01	2.62e-01	1.70e-01	1.11e-01	2.01e-01	3.72e-02	2.15e-03
 5.19307e+22	9.75e-29	6.32e-16	4.79e-13	4.95e-11	2.66e-07	7.37e-05	4.09e-03	4.68e-02	1.82e-01	2.70e-01	1.69e-01	1.07e-01	1.86e-01	3.30e-02	1.83e-03
 5.27562e+22	1.26e-28	7.85e-16	5.79e-13	5.77e-11	3.03e-07	8.27e-05	4.51e-03	5.05e-02	1.91e-01	2.76e-01	1.68e-01	1.04e-01	1.75e-01	3.01e-02	1.62e-03
 5.35914e+22	1.76e-28	1.04e-15	7.37e-13	6.99e-11	3.55e-07	9.55e-05	5.10e-03	5.57e-02	2.03e-01	2.82e-01	1.66e-01	9.90e-02	1.62e-01	2.66e-02	1.37e-03
 5.44442e+22	2.31e-28	1.31e-15	8.96e-13	8.18e-11	4.03e-07	1.07e-04	5.63e-03	6.01e-02	2.12e-01	2.87e-01	1.63e-01	9.51e-02	1.51e-01	2.40e-02	1.19e-03
 5.53197e+22	3.25e-28	1.74e-15	1.15e-12	9.95e-11	4.74e-07	1.24e-04	6.37e-03	6.62e-02	2.25e-01	2.92e-01	1.60e-01	9.02e-02	1.38e-01	2.10e-02	9.95e-04
 5.62091e+22	4.28e-28	2.20e-15	1.40e-12	1.17e-10	5.38e-07	1.39e-04	7.02e-03	7.14e-02	2.34e-01	2.96e-01	1.57e-01	8.62e-02	1.28e-01	1.88e-02	8.58e-04
 5.71166e+22	6.08e-28	2.96e-15	1.81e-12	1.42e-10	6.30e-07	1.60e-04	7.94e-03	7.85e-02	2.47e-01	3.00e-01	1.53e-01	8.10e-02	1.16e-01	1.62e-02	7.05e-04
 5.79744e+22	7.68e-28	3.62e-15	2.14e-12	1.63e-10	7.02e-07	1.76e-04	8.60e-03	8.35e-02	2.56e-01	3.02e-01	1.49e-01	7.76e-02	1.08e-01	1.46e-02	6.18e-04
 5.87676e+22	1.04e-27	4.69e-15	2.66e-12	1.93e-10	8.00e-07	1.98e-04	9.53e-03	9.04e-02	2.66e-01	3.04e-01	1.45e-01	7.31e-02	9.87e-02	1.27e-02	5.16e-04
 5.95678e+22	1.31e-27	5.73e-15	3.16e-12	2.21e-10	8.90e-07	2.17e-04	1.03e-02	9.59e-02	2.74e-01	3.04e-01	1.41e-01	6.98e-02	9.18e-02	1.15e-02	4.50e-04
 6.03770e+22	1.78e-27	7.48e-15	3.94e-12	2.61e-10	1.01e-06	2.44e-04	1.14e-02	1.04e-01	2.85e-01	3.05e-01	1.36e-01	6.54e-02	8.29e-02	9.90e-03	3.71e-04
 6.11928e+22	2.25e-27	9.18e-15	4.68e-12	2.98e-10	1.12e-06	2.67e-04	1.23e-02	1.10e-01	2.93e-01	3.04e-01	1.32e-01	6.20e-02	7.66e-02	8.84e-03	3.20e-04
 6.20173e+22	3.06e-27	1.20e-14	5.84e-12	3.53e-10	1.27e-06	2.99e-04	1.36e-02	1.18e-01	3.03e-01	3.03e-01	1.27e-01	5.78e-02	6.87e-02	7.57e-03	2.62e-04
 6.28542e+22	3.88e-27	1.49e-14	6.97e-12	4.05e-10	1.41e-06	3.27e-04	1.46e-02	1.25e-01	3.11e-01	3.02e-01	1.22e-01	5.45e-02	6.30e-02	6.69e-03	2.23e-04
 6.37073e+22	5.31e-27	1.97e-14	8.75e-12	4.81e-10	1.59e-06	3.67e-04	1.61e-02	1.35e-01	3.21e-01	2.99e-01	1.16e-01	5.04e-02	5.59e-02	5.66e-03	1.80e-04
 6.45721e+22	6.75e-27	2.45e-14	1.05e-11	5.53e-10	1.76e-06	4.01e-04	1.74e-02	1.43e-01	3.28e-01	2.96e-01	1.12e-01	4.73e-02	5.09e-02	4.96e-03	1.52e-04
 6.54519e+22	9.26e-27	3.27e-14	1.33e-11	6.60e-10	2.00e-06	4.49e-04	1.92e-02	1.54e-01	3.37e-01	2.92e-01	1.05e-01	4.34e-02	4.48e-02	4.14e-03	1.21e-04
 6.63500e+22	1.19e-26	4.13e-14	1.60e-11	7.62e-10	2.22e-06	4.91e-04	2.07e-02	1.63e-01	3.44e-01	2.87e-01	1.00e-01	4.04e-02	4.03e-02	3.58e-03	9.99e-05
 6.72717e+22	1.65e-26	5.61e-14	2.05e-11	9.18e-10	2.52e-06	5.51e-04	2.28e-02	1.76e-01	3.52e-01	2.81e-01	9.36e-02	3.67e-02	3.50e-02	2.94e-03	7.78e-05
 6.82131e+22	2.13e-26	7.20e-14	2.51e-11	1.07e-09	2.80e-06	6.05e-04	2.47e-02	1.86e-01	3.58e-01	2.75e-01	8.83e-02	3.38e-02	3.11e-02	2.50e-03	6.33e-05
 6.91480e+22	2.92e-26	9.79e-14	3.21e-11	1.29e-09	3.19e-06	6.76e-04	2.71e-02	2.00e-01	3.64e-01	2.67e-01	8.19e-02	3.06e-02	2.69e-02	2.04e-03	4.90e-05
 7.00360e+22	3.66e-26	1.22e-13	3.84e-11	1.48e-09	3.51e-06	7.34e-04	2.90e-02	2.10e-01	3.68e-01	2.61e-01	7.74e-02	2.84e-02	2.41e-02	1.76e-03	4.06e-05
 7.08948e+22	4.90e-26	1.65e-13	4.87e-11	1.77e-09	3.97e-06	8.15e-04	3.17e-02	2.24e-01	3.72e-01	2.52e-01	7.15e-02	2.57e-02	2.08e-02	1.44e-03	3.15e-05
 7.17701e+22	6.19e-26	2.09e-13	5.89e-11	2.05e-09	4.40e-06	8.88e-04	3.39e-02	2.35e-01	3.75e-01	2.44e-01	6.70e-02	2.36e-02	1.85e-02	1.23e-03	2.57e-05
 7.26284e+22	8.17e-26	2.80e-13	7.43e-11	2.45e-09	4.97e-06	9.85e-04	3.69e-02	2.49e-01	3.78e-01	2.35e-01	6.17e-02	2.13e-02	1.59e-02	1.00e-03	2.00e-05
 7.35043e+22	1.04e-25	3.61e-13	9.12e-11	2.87e-09	5.55e-06	1.08e-03	3.96e-02	2.62e-01	3.79e-01	2.26e-01	5.72e-02	1.95e-02	1.40e-02	8.42e-04	1.60e-05
 7.43585e+22	1.34e-25	4.80e-13	1.14e-10	3.43e-09	6.29e-06	1.19e-03	4.28e-02	2.77e-01	3.80e-01	2.17e-01	5.25e-02	1.75e-02	1.21e-02	6.91e-04	1.25e-05
 7.52306e+22	1.71e-25	6.29e-13	1.42e-10	4.08e-09	7.09e-06	1.31e-03	4.61e-02	2.91e-01	3.79e-01	2.07e-01	4.83e-02	1.59e-02	1.05e-02	5.71e-04	9.87e-06
 7.60946e+22	2.19e-25	8.35e-13	1.78e-10	4.89e-09	8.06e-06	1.45e-03	4.97e-02	3.06e-01	3.78e-01	1.97e-01	4.41e-02	1.43e-02	9.01e-03	4.68e-04	7.70e-06
 7.69631e+22	2.79e-25	1.10e-12	2.23e-10	5.86e-09	9.16e-06	1.60e-03	5.35e-02	3.21e-01	3.76e-01	1.87e-01	4.02e-02	1.28e-02	7.76e-03	3.84e-04	6.02e-06
 7.78217e+22	3.55e-25	1.46e-12	2.80e-10	7.03e-09	1.04e-05	1.77e-03	5.76e-02	3.36e-01	3.72e-01	1.77e-01	3.66e-02	1.15e-02	6.66e-03	3.14e-04	4.70e-06
 7.86789e+22	4.51e-25	1.92e-12	3.51e-10	8.47e-09	1.19e-05	1.96e-03	6.19e-02	3.51e-01	3.68e-01	1.67e-01	3.32e-02	1.03e-02	5.71e-03	2.57e-04	3.66e-06
 7.95377e+22	5.74e-25	2.54e-12	4.41e-10	1.02e-08	1.37e-05	2.17e-03	6.65e-02	3.67e-01	3.63e-01	1.57e-01	3.00e-02	9.24e-03	4.89e-03	2.09e-04	2.84e-06
 8.04000e+22	7.30e-25	3.36e-12	5.55e-10	1.24e-08	1.57e-05	2.41e-03	7.14e-02	3.82e-01	3.57e-01	1.48e-01	2.71e-02	8.23e-03	4.17e-03	1.70e-04	2.20e-06
 8.12676e+22	9.31e-25	4.45e-12	6.99e-10	1.50e-08	1.81e-05	2.67e-03	7.66e-02	3.97e-01	3.51e-01	1.38e-01	2.43e-02	7.32e-03	3.54e-03	1.38e-04	1.70e-06
 8.21433e+22	1.19e-24	5.90e-12	8.83e-10	1.83e-08	2.09e-05	2.96e-03	8.21e-02	4.12e-01	3.43e-01	1.29e-01	2.18e-02	6.49e-03	3.00e-03	1.11e-04	1.31e-06
 8.30294e+22	1.53e-24	7.82e-12	1.12e-09	2.23e-08	2.42e-05	3.29e-03	8.80e-02	4.27e-01	3.35e-01	1.20e-01	1.95e-02	5.74e-03	2.54e-03	8.94e-05	1.00e-06
 8.39202e+22	1.96e-24	1.03e-11	1.41e-09	2.72e-08	2.80e-05	3.65e-03	9.41e-02	4.41e-01	3.26e-01	1.11e-01	1.74e-02	5.07e-03	2.14e-03	7.19e-05	7.68e-07
 8.48257e+22	2.53e-24	1.37e-11	1.79e-09	3.34e-08	3.25e-05	4.07e-03	1.01e-01	4.55e-01	3.16e-01	1.03e-01	1.54e-02	4.45e-03	1.79e-03	5.73e-05	5.82e-07
 8.57418e+22	3.28e-24	1.81e-11	2.26e-09	4.09e-08	3.77e-05	4.51e-03	1.08e-01	4.68e-01	3.06e-01	9.46e-02	1.37e-02	3.90e-03	1.50e-03	4.58e-05	4.43e-07
 8.66759e+22	4.41e-24	2.41e-11	2.88e-09	5.05e-08	4.41e-05	5.03e-03	1.15e-01	4.81e-01	2.95e-01	8.68e-02	1.20e-02	3.40e-03	1.25e-03	3.61e-05	3.33e-07
 8.75451e+22	5.52e-24	3.03e-11	3.51e-09	5.99e-08	5.00e-05	5.49e-03	1.21e-01	4.91e-01	2.86e-01	8.08e-02	1.08e-02	3.04e-03	1.07e-03	2.98e-05	2.63e-07
 8.84387e+22	7.37e-24	4.06e-11	4.50e-09	7.46e-08	5.87e-05	6.14e-03	1.30e-01	5.03e-01	2.74e-01	7.35e-02	9.46e-03	2.62e-03	8.83e-04	2.32e-05	1.95e-07
 8.93475e+22	9.32e-24	5.11e-11	5.49e-09	8.87e-08	6.67e-05	6.70e-03	1.37e-01	5.12e-01	2.65e-01	6.82e-02	8.48e-03	2.33e-03	7.55e-04	1.90e-05	1.53e-07
 9.02802e+22	1.27e-23	6.87e-11	7.09e-09	1.11e-07	7.88e-05	7.50e-03	1.46e-01	5.23e-01	2.52e-01	6.16e-02	7.34e-03	1.99e-03	6.13e-04	1.46e-05	0.00e+00
 9.12179e+22	1.61e-23	8.56e-11	8.59e-09	1.32e-07	8.93e-05	8.16e-03	1.53e-01	5.30e-01	2.43e-01	5.70e-02	6.58e-03	1.77e-03	5.25e-04	1.20e-05	0.00e+00
 9.21622e+22	2.19e-23	1.14e-10	1.10e-08	1.65e-07	1.05e-04	9.10e-03	1.63e-01	5.38e-01	2.30e-01	5.14e-02	5.69e-03	1.51e-03	4.26e-04	9.24e-06	0.00e+00
 9.31122e+22	2.79e-23	1.42e-10	1.33e-08	1.95e-07	1.19e-04	9.88e-03	1.71e-01	5.44e-01	2.21e-01	4.75e-02	5.08e-03	1.34e-03	3.63e-04	7.56e-06	0.00e+00
 9.40696e+22	3.81e-23	1.87e-10	1.71e-08	2.43e-07	1.40e-04	1.10e-02	1.81e-01	5.50e-01	2.09e-01	4.27e-02	4.39e-03	1.14e-03	2.95e-04	5.80e-06	0.00e+00
 9.50352e+22	4.86e-23	2.31e-10	2.06e-08	2.87e-07	1.58e-04	1.19e-02	1.89e-01	5.54e-01	2.00e-01	3.93e-02	3.91e-03	1.01e-03	2.51e-04	4.74e-06	0.00e+00
 9.60113e+22	6.66e-23	3.04e-10	2.63e-08	3.57e-07	1.85e-04	1.32e-02	2.00e-01	5.59e-01	1.88e-01	3.53e-02	3.37e-03	8.54e-04	2.03e-04	3.63e-06	0.00e+00
 9.69999e+22	8.52e-23	3.75e-10	3.17e-08	4.23e-07	2.10e-04	1.43e-02	2.09e-01	5.61e-01	1.79e-01	3.24e-02	3.00e-03	7.51e-04	1.72e-04	2.95e-06	0.00e+00
 9.80046e+22	1.17e-22	4.91e-10	4.04e-08	5.26e-07	2.46e-04	1.59e-02	2.20e-01	5.63e-01	1.68e-01	2.89e-02	2.57e-03	6.35e-04	1.38e-04	2.24e-06	0.00e+00
 9.90261e+22	1.51e-22	6.06e-10	4.88e-08	6.24e-07	2.78e-04	1.72e-02	2.29e-01	5.64e-01	1.60e-01	2.65e-02	2.28e-03	5.56e-04	1.17e-04	1.81e-06	0.00e+00
 1.00069e+23	2.08e-22	7.93e-10	6.22e-08	7.78e-07	3.27e-04	1.91e-02	2.41e-01	5.64e-01	1.49e-01	2.36e-02	1.95e-03	4.67e-04	9.32e-05	1.37e-06	0.00e+00
 1.01135e+23	2.70e-22	9.79e-10	7.54e-08	9.26e-07	3.70e-04	2.07e-02	2.51e-01	5.63e-01	1.41e-01	2.15e-02	1.72e-03	4.07e-04	7.81e-05	1.10e-06	0.00e+00
 1.02229e+23	3.76e-22	1.28e-09	9.67e-08	1.16e-06	4.36e-04	2.29e-02	2.64e-01	5.61e-01	1.31e-01	1.90e-02	1.46e-03	3.39e-04	6.19e-05	8.20e-07	0.00e+00
 1.03350e+23	4.91e-22	1.59e-09	1.18e-07	1.39e-06	4.96e-04	2.49e-02	2.74e-01	5.59e-01	1.23e-01	1.72e-02	1.28e-03	2.93e-04	5.15e-05	6.51e-07	0.00e+00
 1.04508e+23	6.90e-22	2.10e-09	1.52e-07	1.76e-06	5.87e-04	2.76e-02	2.88e-01	5.54e-01	1.13e-01	1.51e-02	1.07e-03	2.42e-04	4.03e-05	4.79e-07	0.00e+00
 1.05598e+23	8.64e-22	2.52e-09	1.79e-07	2.04e-06	6.54e-04	2.96e-02	2.97e-01	5.51e-01	1.07e-01	1.39e-02	9.60e-04	2.14e-04	3.45e-05	3.94e-07	0.00e+00
 1.06601e+23	1.15e-21	3.17e-09	2.22e-07	2.48e-06	7.53e-04	3.23e-02	3.08e-01	5.45e-01	9.99e-02	1.25e-02	8.28e-04	1.81e-04	2.80e-05	3.04e-07	0.00e+00
 1.07594e+23	1.43e-21	3.76e-09	2.61e-07	2.86e-06	8.34e-04	3.44e-02	3.17e-01	5.41e-01	9.47e-02	1.15e-02	7.43e-04	1.61e-04	2.40e-05	2.51e-07	0.00e+00
 1.08575e+23	1.88e-21	4.70e-09	3.21e-07	3.47e-06	9.57e-04	3.74e-02	3.29e-01	5.34e-01	8.80e-02	1.03e-02	6.41e-04	1.37e-04	1.95e-05	1.94e-07	0.00e+00
 1.09563e+23	2.33e-21	5.56e-09	3.75e-07	4.00e-06	1.06e-03	3.98e-02	3.37e-01	5.29e-01	8.33e-02	9.46e-03	5.75e-04	1.21e-04	1.68e-05	1.60e-07	0.00e+00
 1.10559e+23	3.06e-21	6.91e-09	4.61e-07	4.84e-06	1.21e-03	4.32e-02	3.48e-01	5.21e-01	7.73e-02	8.47e-03	4.97e-04	1.03e-04	1.36e-05	1.24e-07	0.00e+00
 1.11573e+23	3.80e-21	8.20e-09	5.41e-07	5.59e-06	1.34e-03	4.59e-02	3.57e-01	5.14e-01	7.29e-02	7.78e-03	4.44e-04	9.06e-05	1.16e-05	0.00e+00	0.00e+00
 1.12611e+23	5.01e-21	1.02e-08	6.66e-07	6.79e-06	1.54e-03	4.99e-02	3.69e-01	5.05e-01	6.73e-02	6.93e-03	3.81e-04	7.65e-05	9.42e-06	0.00e+00	0.00e+00
 1.13663e+23	6.26e-21	1.22e-08	7.83e-07	7.86e-06	1.71e-03	5.31e-02	3.78e-01	4.98e-01	6.33e-02	6.35e-03	3.40e-04	6.73e-05	8.01e-06	0.00e+00	0.00e+00
 1.14735e+23	8.27e-21	1.52e-08	9.67e-07	9.56e-06	1.96e-03	5.76e-02	3.89e-01	4.87e-01	5.82e-02	5.64e-03	2.90e-04	5.66e-05	6.44e-06	0.00e+00	0.00e+00
 1.15828e+23	1.04e-20	1.81e-08	1.14e-06	1.11e-05	2.18e-03	6.13e-02	3.98e-01	4.79e-01	5.46e-02	5.15e-03	2.58e-04	4.95e-05	5.45e-06	0.00e+00	0.00e+00
 1.16949e+23	1.38e-20	2.27e-08	1.42e-06	1.36e-05	2.51e-03	6.66e-02	4.09e-01	4.67e-01	4.99e-02	4.55e-03	2.19e-04	4.13e-05	4.34e-06	0.00e+00	0.00e+00
 1.18094e+23	1.74e-20	2.73e-08	1.68e-06	1.58e-05	2.80e-03	7.09e-02	4.18e-01	4.57e-01	4.66e-02	4.14e-03	1.93e-04	3.59e-05	3.65e-06	0.00e+00	0.00e+00
 1.19271e+23	2.33e-20	3.44e-08	2.10e-06	1.95e-05	3.23e-03	7.71e-02	4.30e-01	4.44e-01	4.23e-02	3.64e-03	1.63e-04	2.98e-05	2.88e-06	0.00e+00	0.00e+00
 1.20474e+23	2.97e-20	4.14e-08	2.50e-06	2.29e-05	3.61e-03	8.22e-02	4.38e-01	4.33e-01	3.92e-02	3.29e-03	1.43e-04	2.57e-05	2.39e-06	0.00e+00	0.00e+00
 1.21710e+23	4.02e-20	5.25e-08	3.14e-06	2.82e-05	4.18e-03	8.93e-02	4.49e-01	4.19e-01	3.55e-02	2.87e-03	1.20e-04	2.11e-05	1.88e-06	0.00e+00	0.00e+00
 1.22962e+23	5.13e-20	6.34e-08	3.75e-06	3.31e-05	4.66e-03	9.50e-02	4.57e-01	4.08e-01	3.28e-02	2.59e-03	1.05e-04	1.82e-05	1.56e-06	0.00e+00	0.00e+00
 1.24234e+23	6.94e-20	8.04e-08	4.72e-06	4.10e-05	5.40e-03	1.03e-01	4.67e-01	3.93e-01	2.95e-02	2.26e-03	8.71e-05	1.49e-05	1.21e-06	0.00e+00	0.00e+00
 1.25519e+23	8.88e-20	9.71e-08	5.63e-06	4.81e-05	6.03e-03	1.10e-01	4.74e-01	3.81e-01	2.72e-02	2.03e-03	7.59e-05	1.28e-05	1.00e-06	0.00e+00	0.00e+00
 1.26823e+23	1.20e-19	1.23e-07	7.09e-06	5.96e-05	6.97e-03	1.19e-01	4.83e-01	3.65e-01	2.43e-02	1.76e-03	6.30e-05	1.04e-05	7.74e-07	0.00e+00	0.00e+00
 1.28099e+23	1.52e-19	1.47e-07	8.37e-06	6.91e-05	7.72e-03	1.26e-01	4.89e-01	3.54e-01	2.25e-02	1.60e-03	5.53e-05	9.02e-06	6.46e-07	0.00e+00	0.00e+00
 1.29338e+23	2.02e-19	1.84e-07	1.04e-05	8.43e-05	8.83e-03	1.35e-01	4.95e-01	3.39e-01	2.02e-02	1.39e-03	4.63e-05	7.43e-06	5.07e-07	0.00e+00	0.00e+00
 1.30622e+23	2.59e-19	2.22e-07	1.24e-05	9.86e-05	9.82e-03	1.43e-01	5.00e-01	3.27e-01	1.85e-02	1.25e-03	4.02e-05	6.36e-06	4.17e-07	0.00e+00	0.00e+00
 1.31717e+23	3.07e-19	2.60e-07	1.44e-05	1.14e-04	1.08e-02	1.50e-01	5.04e-01	3.16e-01	1.71e-02	1.13e-03	3.53e-05	5.53e-06	3.50e-07	0.00e+00	0.00e+00
 1.32891e+23	4.00e-19	3.19e-07	1.75e-05	1.36e-04	1.22e-02	1.60e-01	5.09e-01	3.02e-01	1.54e-02	1.00e-03	2.99e-05	4.62e-06	2.80e-07	0.00e+00	0.00e+00
 1.34075e+23	4.96e-19	3.76e-07	2.05e-05	1.56e-04	1.34e-02	1.68e-01	5.12e-01	2.92e-01	1.42e-02	9.06e-04	2.63e-05	4.01e-06	2.34e-07	0.00e+00	0.00e+00
 1.35270e+23	6.45e-19	4.60e-07	2.48e-05	1.86e-04	1.50e-02	1.78e-01	5.15e-01	2.78e-01	1.28e-02	7.99e-04	2.23e-05	3.35e-06	1.87e-07	0.00e+00	0.00e+00
 1.36501e+23	8.06e-19	5.47e-07	2.93e-05	2.18e-04	1.66e-02	1.88e-01	5.17e-01	2.67e-01	1.16e-02	7.13e-04	1.92e-05	2.85e-06	1.53e-07	0.00e+00	0.00e+00
 1.37592e+23	1.00e-18	6.44e-07	3.42e-05	2.50e-04	1.82e-02	1.96e-01	5.18e-01	2.56e-01	1.07e-02	6.44e-04	1.68e-05	2.47e-06	1.28e-07	0.00e+00	0.00e+00
 1.38823e+23	1.35e-18	7.89e-07	4.14e-05	2.97e-04	2.04e-02	2.08e-01	5.18e-01	2.43e-01	9.59e-03	5.67e-04	1.42e-05	2.06e-06	0.00e+00	0.00e+00	0.00e+00
 1.40120e+23	1.73e-18	9.47e-07	4.93e-05	3.48e-04	2.27e-02	2.18e-01	5.18e-01	2.31e-01	8.66e-03	5.02e-04	1.21e-05	1.74e-06	0.00e+00	0.00e+00	0.00e+00
 1.41300e+23	2.16e-18	1.12e-06	5.79e-05	4.03e-04	2.49e-02	2.29e-01	5.17e-01	2.21e-01	7.86e-03	4.49e-04	1.04e-05	1.48e-06	0.00e+00	0.00e+00	0.00e+00
 1.42632e+23	2.88e-18	1.39e-06	7.09e-05	4.84e-04	2.80e-02	2.42e-01	5.15e-01	2.07e-01	6.96e-03	3.90e-04	8.67e-06	1.22e-06	0.00e+00	0.00e+00	0.00e+00
 1.44004e+23	3.54e-18	1.68e-06	8.46e-05	5.69e-04	3.11e-02	2.53e-01	5.12e-01	1.96e-01	6.23e-03	3.43e-04	7.34e-06	1.02e-06	0.00e+00	0.00e+00	0.00e+00
 1.45224e+23	4.45e-18	1.99e-06	9.96e-05	6.60e-04	3.42e-02	2.64e-01	5.09e-01	1.86e-01	5.62e-03	3.05e-04	6.28e-06	8.63e-07	0.00e+00	0.00e+00	0.00e+00
 1.46602e+23	5.95e-18	2.47e-06	1.22e-04	7.93e-04	3.84e-02	2.78e-01	5.04e-01	1.73e-01	4.93e-03	2.63e-04	5.17e-06	7.01e-07	0.00e+00	0.00e+00	0.00e+00
 1.48033e+23	7.65e-18	2.99e-06	1.46e-04	9.33e-04	4.25e-02	2.91e-01	4.98e-01	1.63e-01	4.37e-03	2.29e-04	4.33e-06	5.81e-07	0.00e+00	0.00e+00	0.00e+00
 1.49318e+23	9.71e-18	3.57e-06	1.73e-04	1.09e-03	4.67e-02	3.03e-01	4.93e-01	1.53e-01	3.91e-03	2.02e-04	3.66e-06	4.88e-07	0.00e+00	0.00e+00	0.00e+00
 1.50774e+23	1.32e-17	4.48e-06	2.14e-04	1.31e-03	5.26e-02	3.18e-01	4.84e-01	1.41e-01	3.38e-03	1.72e-04	2.96e-06	3.89e-07	0.00e+00	0.00e+00	0.00e+00
 1.52278e+23	1.70e-17	5.42e-06	2.56e-04	1.55e-03	5.81e-02	3.30e-01	4.76e-01	1.31e-01	2.97e-03	1.49e-04	2.46e-06	3.20e-07	0.00e+00	0.00e+00	0.00e+00
 1.53845e+23	2.36e-17	6.88e-06	3.20e-04	1.89e-03	6.57e-02	3.46e-01	4.64e-01	1.19e-01	2.53e-03	1.24e-04	1.94e-06	2.51e-07	0.00e+00	0.00e+00	0.00e+00
 1.55427e+23	3.07e-17	8.35e-06	3.83e-04	2.23e-03	7.24e-02	3.59e-01	4.54e-01	1.10e-01	2.21e-03	1.07e-04	1.60e-06	2.05e-07	0.00e+00	0.00e+00	0.00e+00
 1.56817e+23	3.99e-17	1.01e-05	4.56e-04	2.59e-03	7.93e-02	3.70e-01	4.43e-01	1.02e-01	1.94e-03	9.30e-05	1.33e-06	1.68e-07	0.00e+00	0.00e+00	0.00e+00
 1.58409e+23	5.52e-17	1.28e-05	5.69e-04	3.19e-03	8.95e-02	3.86e-01	4.27e-01	9.19e-02	1.62e-03	7.65e-05	1.03e-06	1.30e-07	0.00e+00	0.00e+00	0.00e+00
 1.60018e+23	7.16e-17	1.54e-05	6.77e-04	3.73e-03	9.81e-02	3.97e-01	4.15e-01	8.43e-02	1.41e-03	6.56e-05	8.46e-07	0.00e+00	0.00e+00	0.00e+00	0.00e+00
 1.61650e+23	1.01e-16	1.96e-05	8.44e-04	4.53e-03	1.10e-01	4.10e-01	3.98e-01	7.54e-02	1.18e-03	5.40e-05	6.57e-07	0.00e+00	0.00e+00	0.00e+00	0.00e+00
 1.63312e+23	1.34e-16	2.38e-05	1.01e-03	5.32e-03	1.20e-01	4.20e-01	3.83e-01	6.86e-02	1.01e-03	4.57e-05	5.31e-07	0.00e+00	0.00e+00	0.00e+00	0.00e+00
 1.65013e+23	1.91e-16	3.04e-05	1.27e-03	6.54e-03	1.35e-01	4.32e-01	3.64e-01	6.03e-02	8.28e-04	3.68e-05	4.01e-07	0.00e+00	0.00e+00	0.00e+00	0.00e+00
 1.66725e+23	2.54e-16	3.69e-05	1.51e-03	7.64e-03	1.47e-01	4.41e-01	3.48e-01	5.45e-02	7.08e-04	3.10e-05	3.23e-07	0.00e+00	0.00e+00	0.00e+00	0.00e+00
 1.68452e+23	3.69e-16	4.72e-05	1.89e-03	9.34e-03	1.64e-01	4.50e-01	3.27e-01	4.75e-02	5.74e-04	2.48e-05	2.42e-07	0.00e+00	0.00e+00	0.00e+00	0.00e+00
 1.70202e+23	5.01e-16	5.75e-05	2.25e-03	1.09e-02	1.78e-01	4.55e-01	3.11e-01	4.25e-02	4.86e-04	2.07e-05	1.92e-07	0.00e+00	0.00e+00	0.00e+00	0.00e+00
 1.71980e+23	7.45e-16	7.39e-05	2.81e-03	1.33e-02	1.97e-01	4.61e-01	2.89e-01	3.65e-02	3.89e-04	1.63e-05	1.42e-07	0.00e+00	0.00e+00	0.00e+00	0.00e+00
 1.73783e+23	1.03e-15	9.02e-05	3.36e-03	1.55e-02	2.13e-01	4.63e-01	2.72e-01	3.23e-02	3.25e-04	1.34e-05	1.11e-07	0.00e+00	0.00e+00	0.00e+00	0.00e+00
 1.75350e+23	1.41e-15	1.09e-04	3.97e-03	1.80e-02	2.29e-01	4.65e-01	2.56e-01	2.86e-02	2.73e-04	1.11e-05	0.00e+00	0.00e+00	0.00e+00	0.00e+00	0.00e+00
 1.77118e+23	2.12e-15	1.39e-04	4.91e-03	2.16e-02	2.51e-01	4.64e-01	2.34e-01	2.43e-02	2.17e-04	8.67e-06	0.00e+00	0.00e+00	0.00e+00	0.00e+00	0.00e+00
 1.78806e+23	2.85e-15	1.65e-04	5.68e-03	2.45e-02	2.66e-01	4.62e-01	2.20e-01	2.17e-02	1.84e-04	7.29e-06	0.00e+00	0.00e+00	0.00e+00	0.00e+00	0.00e+00
 1.80387e+23	4.13e-15	2.04e-04	6.83e-03	2.87e-02	2.86e-01	4.57e-01	2.02e-01	1.86e-02	1.49e-04	5.80e-06	0.00e+00	0.00e+00	0.00e+00	0.00e+00	0.00e+00
 1.81975e+23	5.62e-15	2.42e-04	7.89e-03	3.24e-02	3.01e-01	4.53e-01	1.89e-01	1.64e-02	1.26e-04	4.84e-06	0.00e+00	0.00e+00	0.00e+00	0.00e+00	0.00e+00
 1.83571e+23	8.21e-15	3.00e-04	9.44e-03	3.78e-02	3.22e-01	4.45e-01	1.72e-01	1.40e-02	1.01e-04	3.81e-06	0.00e+00	0.00e+00	0.00e+00	0.00e+00	0.00e+00
 1.85204e+23	1.15e-14	3.58e-04	1.09e-02	4.28e-02	3.39e-01	4.37e-01	1.58e-01	1.22e-02	8.41e-05	3.12e-06	0.00e+00	0.00e+00	0.00e+00	0.00e+00	0.00e+00
 1.86885e+23	1.74e-14	4.46e-04	1.31e-02	4.97e-02	3.60e-01	4.25e-01	1.42e-01	1.02e-02	6.64e-05	2.42e-06	0.00e+00	0.00e+00	0.00e+00	0.00e+00	0.00e+00
 1.88585e+23	2.55e-14	5.34e-04	1.52e-02	5.61e-02	3.76e-01	4.13e-01	1.30e-01	8.75e-03	5.45e-05	1.95e-06	0.00e+00	0.00e+00	0.00e+00	0.00e+00	0.00e+00
 1.90084e+23	3.55e-14	6.35e-04	1.75e-02	6.29e-02	3.92e-01	4.01e-01	1.18e-01	7.53e-03	4.48e-05	1.58e-06	0.00e+00	0.00e+00	0.00e+00	0.00e+00	0.00e+00
 1.91805e+23	5.78e-14	7.93e-04	2.09e-02	7.25e-02	4.12e-01	3.84e-01	1.04e-01	6.18e-03	3.48e-05	1.20e-06	0.00e+00	0.00e+00	0.00e+00	0.00e+00	0.00e+00
 1.93472e+23	9.21e-14	9.32e-04	2.37e-02	8.03e-02	4.25e-01	3.71e-01	9.43e-02	5.31e-03	2.87e-05	9.74e-07	0.00e+00	0.00e+00	0.00e+00	0.00e+00	0.00e+00
 1.94803e+23	1.28e-13	1.08e-03	2.66e-02	8.78e-02	4.36e-01	3.58e-01	8.60e-02	4.62e-03	2.40e-05	8.03e-07	0.00e+00	0.00e+00	0.00e+00	0.00e+00	0.00e+00
 1.96265e+23	2.03e-13	1.29e-03	3.06e-02	9.79e-02	4.49e-01	3.41e-01	7.65e-02	3.87e-03	1.93e-05	6.31e-07	0.00e+00	0.00e+00	0.00e+00	0.00e+00	0.00e+00
 1.97754e+23	3.27e-13	1.50e-03	3.43e-02	1.07e-01	4.59e-01	3.26e-01	6.90e-02	3.32e-03	1.60e-05	5.13e-07	0.00e+00	0.00e+00	0.00e+00	0.00e+00	0.00e+00
 1.99072e+23	5.05e-13	1.74e-03	3.83e-02	1.16e-01	4.67e-01	3.11e-01	6.22e-02	2.85e-03	1.32e-05	4.18e-07	0.00e+00	0.00e+00	0.00e+00	0.00e+00	0.00e+00
 2.00581e+23	1.00e-12	2.08e-03	4.40e-02	1.28e-01	4.76e-01	2.93e-01	5.44e-02	2.35e-03	1.04e-05	3.23e-07	0.00e+00	0.00e+00	0.00e+00	0.00e+00	0.00e+00
 2.02109e+23	2.05e-12	2.42e-03	4.91e-02	1.39e-01	4.82e-01	2.77e-01	4.85e-02	1.99e-03	8.53e-06	2.58e-07	0.00e+00	0.00e+00	0.00e+00	0.00e+00	0.00e+00
 2.03451e+23	3.77e-12	2.79e-03	5.45e-02	1.50e-01	4.86e-01	2.62e-01	4.31e-02	1.69e-03	6.99e-06	2.08e-07	0.00e+00	0.00e+00	0.00e+00	0.00e+00	0.00e+00
 2.04987e+23	8.96e-12	3.33e-03	6.20e-02	1.64e-01	4.90e-01	2.42e-01	3.71e-02	1.37e-03	5.43e-06	1.57e-07	0.00e+00	0.00e+00	0.00e+00	0.00e+00	0.00e+00
 2.06548e+23	1.88e-11	3.86e-03	6.89e-02	1.76e-01	4.91e-01	2.26e-01	3.26e-02	1.14e-03	4.38e-06	1.24e-07	0.00e+00	0.00e+00	0.00e+00	0.00e+00	0.00e+00
 2.07933e+23	3.17e-11	4.45e-03	7.61e-02	1.88e-01	4.90e-01	2.11e-01	2.86e-02	9.50e-04	3.53e-06	0.00e+00	0.00e+00	0.00e+00	0.00e+00	0.00e+00	0.00e+00
 2.09525e+23	6.02e-11	5.32e-03	8.62e-02	2.04e-01	4.87e-01	1.92e-01	2.41e-02	7.53e-04	2.69e-06	0.00e+00	0.00e+00	0.00e+00	0.00e+00	0.00e+00	0.00e+00
 2.11132e+23	1.01e-10	6.14e-03	9.50e-02	2.17e-01	4.83e-01	1.77e-01	2.08e-02	6.18e-04	2.13e-06	0.00e+00	0.00e+00	0.00e+00	0.00e+00	0.00e+00	0.00e+00
 2.12544e+23	1.52e-10	7.05e-03	1.04e-01	2.30e-01	4.77e-01	1.63e-01	1.80e-02	5.08e-04	1.70e-06	0.00e+00	0.00e+00	0.00e+00	0.00e+00	0.00e+00	0.00e+00
 2.14166e+23	2.74e-10	8.37e-03	1.17e-01	2.46e-01	4.68e-01	1.46e-01	1.48e-02	3.95e-04	1.27e-06	0.00e+00	0.00e+00	0.00e+00	0.00e+00	0.00e+00	0.00e+00
 2.15818e+23	4.73e-10	9.64e-03	1.28e-01	2.59e-01	4.58e-01	1.32e-01	1.26e-02	3.18e-04	9.91e-07	0.00e+00	0.00e+00	0.00e+00	0.00e+00	0.00e+00	0.00e+00
 2.17509e+23	9.15e-10	1.14e-02	1.43e-01	2.75e-01	4.44e-01	1.17e-01	1.02e-02	2.42e-04	7.26e-07	0.00e+00	0.00e+00	0.00e+00	0.00e+00	0.00e+00	0.00e+00
 2.19220e+23	1.84e-09	1.32e-02	1.56e-01	2.87e-01	4.31e-01	1.04e-01	8.52e-03	1.91e-04	5.56e-07	0.00e+00	0.00e+00	0.00e+00	0.00e+00	0.00e+00	0.00e+00
 2.20958e+23	4.47e-09	1.56e-02	1.72e-01	3.02e-01	4.13e-01	9.06e-02	6.78e-03	1.43e-04	4.00e-07	0.00e+00	0.00e+00	0.00e+00	0.00e+00	0.00e+00	0.00e+00
 2.22731e+23	1.43e-08	1.79e-02	1.87e-01	3.13e-01	3.96e-01	8.00e-02	5.57e-03	1.11e-04	3.01e-07	0.00e+00	0.00e+00	0.00e+00	0.00e+00	0.00e+00	0.00e+00
 2.24312e+23	3.12e-08	2.05e-02	2.02e-01	3.23e-01	3.80e-01	7.05e-02	4.57e-03	8.67e-05	2.27e-07	0.00e+00	0.00e+00	0.00e+00	0.00e+00	0.00e+00	0.00e+00
 2.26130e+23	8.59e-08	2.41e-02	2.21e-01	3.34e-01	3.57e-01	5.97e-02	3.54e-03	6.30e-05	1.59e-07	0.00e+00	0.00e+00	0.00e+00	0.00e+00	0.00e+00	0.00e+00
 2.27991e+23	1.72e-07	2.76e-02	2.38e-01	3.42e-01	3.38e-01	5.17e-02	2.83e-03	4.78e-05	0.00e+00	0.00e+00	0.00e+00	0.00e+00	0.00e+00	0.00e+00	0.00e+00
 2.29411e+23	2.27e-07	3.03e-02	2.50e-01	3.47e-01	3.24e-01	4.65e-02	2.42e-03	3.93e-05	0.00e+00	0.00e+00	0.00e+00	0.00e+00	0.00e+00	0.00e+00	0.00e+00
 2.30759e+23	3.00e-07	3.41e-02	2.65e-01	3.53e-01	3.06e-01	4.06e-02	1.97e-03	3.06e-05	0.00e+00	0.00e+00	0.00e+00	0.00e+00	0.00e+00	0.00e+00	0.00e+00
 2.32136e+23	3.84e-07	3.72e-02	2.77e-01	3.56e-01	2.92e-01	3.64e-02	1.68e-03	2.50e-05	0.00e+00	0.00e+00	0.00e+00	0.00e+00	0.00e+00	0.00e+00	0.00e+00
 2.33551e+23	4.96e-07	4.18e-02	2.92e-01	3.59e-01	2.74e-01	3.14e-02	1.35e-03	1.92e-05	0.00e+00	0.00e+00	0.00e+00	0.00e+00	0.00e+00	0.00e+00	0.00e+00
 2.34983e+23	6.10e-07	4.59e-02	3.05e-01	3.61e-01	2.60e-01	2.78e-02	1.12e-03	1.54e-05	0.00e+00	0.00e+00	0.00e+00	0.00e+00	0.00e+00	0.00e+00	0.00e+00
 2.36436e+23	7.69e-07	5.12e-02	3.20e-01	3.62e-01	2.42e-01	2.38e-02	8.95e-04	1.17e-05	0.00e+00	0.00e+00	0.00e+00	0.00e+00	0.00e+00	0.00e+00	0.00e+00
 2.37920e+23	9.43e-07	5.63e-02	3.33e-01	3.61e-01	2.27e-01	2.08e-02	7.36e-04	9.25e-06	0.00e+00	0.00e+00	0.00e+00	0.00e+00	0.00e+00	0.00e+00	0.00e+00
 2.39445e+23	1.18e-06	6.31e-02	3.49e-01	3.60e-01	2.10e-01	1.75e-02	5.75e-04	6.88e-06	0.00e+00	0.00e+00	0.00e+00	0.00e+00	0.00e+00	0.00e+00	0.00e+00
 2.40975e+23	1.41e-06	6.90e-02	3.61e-01	3.58e-01	1.96e-01	1.52e-02	4.71e-04	5.42e-06	0.00e+00	0.00e+00	0.00e+00	0.00e+00	0.00e+00	0.00e+00	0.00e+00
 2.42512e+23	1.74e-06	7.71e-02	3.76e-01	3.54e-01	1.80e-01	1.27e-02	3.64e-04	4.00e-06	0.00e+00	0.00e+00	0.00e+00	0.00e+00	0.00e+00	0.00e+00	0.00e+00
 2.44067e+23	2.05e-06	8.40e-02	3.88e-01	3.50e-01	1.67e-01	1.10e-02	2.96e-04	3.13e-06	0.00e+00	0.00e+00	0.00e+00	0.00e+00	0.00e+00	0.00e+00	0.00e+00
 2.45647e+23	2.48e-06	9.33e-02	4.01e-01	3.44e-01	1.52e-01	9.11e-03	2.28e-04	2.30e-06	0.00e+00	0.00e+00	0.00e+00	0.00e+00	0.00e+00	0.00e+00	0.00e+00
 2.47280e+23	2.93e-06	1.02e-01	4.12e-01	3.38e-01	1.40e-01	7.73e-03	1.81e-04	1.76e-06	0.00e+00	0.00e+00	0.00e+00	0.00e+00	0.00e+00	0.00e+00	0.00e+00
 2.48984e+23	3.58e-06	1.14e-01	4.25e-01	3.29e-01	1.25e-01	6.25e-03	1.35e-04	1.25e-06	0.00e+00	0.00e+00	0.00e+00	0.00e+00	0.00e+00	0.00e+00	0.00e+00
 2.50698e+23	4.19e-06	1.25e-01	4.34e-01	3.21e-01	1.15e-01	5.27e-03	1.07e-04	9.45e-07	0.00e+00	0.00e+00	0.00e+00	0.00e+00	0.00e+00	0.00e+00	0.00e+00
 2.52427e+23	5.05e-06	1.38e-01	4.45e-01	3.11e-01	1.02e-01	4.23e-03	7.91e-05	6.67e-07	0.00e+00	0.00e+00	0.00e+00	0.00e+00	0.00e+00	0.00e+00	0.00e+00
 2.54197e+23	5.93e-06	1.51e-01	4.52e-01	3.01e-01	9.22e-02	3.51e-03	6.14e-05	4.96e-07	0.00e+00	0.00e+00	0.00e+00	0.00e+00	0.00e+00	0.00e+00	0.00e+00
 2.56021e+23	7.16e-06	1.68e-01	4.60e-01	2.88e-01	8.08e-02	2.76e-03	4.43e-05	3.41e-07	0.00e+00	0.00e+00	0.00e+00	0.00e+00	0.00e+00	0.00e+00	0.00e+00
 2.57840e+23	8.32e-06	1.83e-01	4.64e-01	2.78e-01	7.28e-02	2.28e-03	3.44e-05	2.54e-07	0.00e+00	0.00e+00	0.00e+00	0.00e+00	0.00e+00	0.00e+00	0.00e+00
 2.59654e+23	9.96e-06	2.03e-01	4.69e-01	2.63e-01	6.33e-02	1.78e-03	2.47e-05	1.73e-07	0.00e+00	0.00e+00	0.00e+00	0.00e+00	0.00e+00	0.00e+00	0.00e+00
 2.61480e+23	1.15e-05	2.20e-01	4.70e-01	2.52e-01	5.66e-02	1.46e-03	1.91e-05	1.28e-07	0.00e+00	0.00e+00	0.00e+00	0.00e+00	0.00e+00	0.00e+00	0.00e+00
 2.63323e+23	1.37e-05	2.42e-01	4.70e-01	2.37e-01	4.88e-02	1.13e-03	1.35e-05	0.00e+00	0.00e+00	0.00e+00	0.00e+00	0.00e+00	0.00e+00	0.00e+00	0.00e+00
 2.65175e+23	1.58e-05	2.62e-01	4.69e-01	2.25e-01	4.33e-02	9.18e-04	1.04e-05	0.00e+00	0.00e+00	0.00e+00	0.00e+00	0.00e+00	0.00e+00	0.00e+00	0.00e+00
 2.67038e+23	1.88e-05	2.89e-01	4.64e-01	2.10e-01	3.67e-02	6.95e-04	7.23e-06	0.00e+00	0.00e+00	0.00e+00	0.00e+00	0.00e+00	0.00e+00	0.00e+00	0.00e+00
 2.68899e+23	2.15e-05	3.11e-01	4.58e-01	1.98e-01	3.23e-02	5.63e-04	5.51e-06	0.00e+00	0.00e+00	0.00e+00	0.00e+00	0.00e+00	0.00e+00	0.00e+00	0.00e+00
 2.70756e+23	2.55e-05	3.42e-01	4.48e-01	1.83e-01	2.71e-02	4.21e-04	3.80e-06	0.00e+00	0.00e+00	0.00e+00	0.00e+00	0.00e+00	0.00e+00	0.00e+00	0.00e+00
 2.72619e+23	2.90e-05	3.66e-01	4.39e-01	1.71e-01	2.36e-02	3.37e-04	2.86e-06	0.00e+00	0.00e+00	0.00e+00	0.00e+00	0.00e+00	0.00e+00	0.00e+00	0.00e+00
 2.74489e+23	3.43e-05	4.01e-01	4.23e-01	1.56e-01	1.94e-02	2.48e-04	1.93e-06	0.00e+00	0.00e+00	0.00e+00	0.00e+00	0.00e+00	0.00e+00	0.00e+00	0.00e+00
 2.76363e+23	3.90e-05	4.30e-01	4.09e-01	1.45e-01	1.66e-02	1.95e-04	1.42e-06	0.00e+00	0.00e+00	0.00e+00	0.00e+00	0.00e+00	0.00e+00	0.00e+00	0.00e+00
 2.78243e+23	4.56e-05	4.67e-01	3.89e-01	1.31e-01	1.34e-02	1.41e-04	9.48e-07	0.00e+00	0.00e+00	0.00e+00	0.00e+00	0.00e+00	0.00e+00	0.00e+00	0.00e+00
 2.80142e+23	5.17e-05	4.98e-01	3.70e-01	1.20e-01	1.12e-02	1.08e-04	6.77e-07	0.00e+00	0.00e+00	0.00e+00	0.00e+00	0.00e+00	0.00e+00	0.00e+00	0.00e+00
 2.82066e+23	6.07e-05	5.41e-01	3.43e-01	1.07e-01	8.78e-03	7.59e-05	4.29e-07	0.00e+00	0.00e+00	0.00e+00	0.00e+00	0.00e+00	0.00e+00	0.00e+00	0.00e+00
 2.84004e+23	6.86e-05	5.76e-01	3.20e-01	9.67e-02	7.13e-03	5.68e-05	2.96e-07	0.00e+00	0.00e+00	0.00e+00	0.00e+00	0.00e+00	0.00e+00	0.00e+00	0.00e+00
 2.85960e+23	7.93e-05	6.18e-01	2.91e-01	8.48e-02	5.41e-03	3.91e-05	1.81e-07	0.00e+00	0.00e+00	0.00e+00	0.00e+00	0.00e+00	0.00e+00	0.00e+00	0.00e+00
 2.87930e+23	8.93e-05	6.56e-01	2.64e-01	7.55e-02	4.21e-03	2.82e-05	0.00e+00	0.00e+00	0.00e+00	0.00e+00	0.00e+00	0.00e+00	0.00e+00	0.00e+00	0.00e+00
 2.89411e+23	9.72e-05	6.83e-01	2.44e-01	6.91e-02	3.45e-03	2.20e-05	0.00e+00	0.00e+00	0.00e+00	0.00e+00	0.00e+00	0.00e+00	0.00e+00	0.00e+00	0.00e+00
 2.90832e+23	1.07e-04	7.14e-01	2.22e-01	6.18e-02	2.71e-03	1.64e-05	0.00e+00	0.00e+00	0.00e+00	0.00e+00	0.00e+00	0.00e+00	0.00e+00	0.00e+00	0.00e+00
 2.92355e+23	1.16e-04	7.43e-01	1.99e-01	5.51e-02	2.11e-03	1.22e-05	0.00e+00	0.00e+00	0.00e+00	0.00e+00	0.00e+00	0.00e+00	0.00e+00	0.00e+00	0.00e+00
 2.93767e+23	1.25e-04	7.71e-01	1.79e-01	4.90e-02	1.63e-03	9.14e-06	0.00e+00	0.00e+00	0.00e+00	0.00e+00	0.00e+00	0.00e+00	0.00e+00	0.00e+00	0.00e+00
 2.95142e+23	1.35e-04	7.97e-01	1.58e-01	4.32e-02	1.24e-03	6.82e-06	0.00e+00	0.00e+00	0.00e+00	0.00e+00	0.00e+00	0.00e+00	0.00e+00	0.00e+00	0.00e+00
 2.96468e+23	1.43e-04	8.22e-01	1.39e-01	3.79e-02	9.39e-04	5.10e-06	0.00e+00	0.00e+00	0.00e+00	0.00e+00	0.00e+00	0.00e+00	0.00e+00	0.00e+00	0.00e+00
 2.97704e+23	1.52e-04	8.44e-01	1.22e-01	3.30e-02	7.04e-04	3.83e-06	0.00e+00	0.00e+00	0.00e+00	0.00e+00	0.00e+00	0.00e+00	0.00e+00	0.00e+00	0.00e+00
 2.98836e+23	1.58e-04	8.63e-01	1.07e-01	2.88e-02	5.33e-04	2.93e-06	0.00e+00	0.00e+00	0.00e+00	0.00e+00	0.00e+00	0.00e+00	0.00e+00	0.00e+00	0.00e+00
 2.99881e+23	1.64e-04	8.82e-01	9.28e-02	2.48e-02	3.99e-04	2.24e-06	0.00e+00	0.00e+00	0.00e+00	0.00e+00	0.00e+00	0.00e+00	0.00e+00	0.00e+00	0.00e+00
 3.00850e+23	1.68e-04	8.98e-01	8.05e-02	2.14e-02	3.00e-04	1.73e-06	0.00e+00	0.00e+00	0.00e+00	0.00e+00	0.00e+00	0.00e+00	0.00e+00	0.00e+00	0.00e+00
 3.01728e+23	1.71e-04	9.12e-01	6.95e-02	1.83e-02	2.26e-04	1.35e-06	0.00e+00	0.00e+00	0.00e+00	0.00e+00	0.00e+00	0.00e+00	0.00e+00	0.00e+00	0.00e+00
 3.02512e+23	1.73e-04	9.24e-01	6.00e-02	1.57e-02	1.73e-04	1.07e-06	0.00e+00	0.00e+00	0.00e+00	0.00e+00	0.00e+00	0.00e+00	0.00e+00	0.00e+00	0.00e+00
 3.03210e+23	1.74e-04	9.35e-01	5.16e-02	1.35e-02	1.34e-04	8.57e-07	0.00e+00	0.00e+00	0.00e+00	0.00e+00	0.00e+00	0.00e+00	0.00e+00	0.00e+00	0.00e+00
 3.03836e+23	1.74e-04	9.43e-01	4.47e-02	1.17e-02	1.06e-04	7.01e-07	0.00e+00	0.00e+00	0.00e+00	0.00e+00	0.00e+00	0.00e+00	0.00e+00	0.00e+00	0.00e+00
 3.04404e+23	1.71e-04	9.51e-01	3.88e-02	1.02e-02	8.52e-05	5.82e-07	0.00e+00	0.00e+00	0.00e+00	0.00e+00	0.00e+00	0.00e+00	0.00e+00	0.00e+00	0.00e+00
 3.04941e+23	1.69e-04	9.58e-01	3.33e-02	8.84e-03	6.88e-05	4.86e-07	0.00e+00	0.00e+00	0.00e+00	0.00e+00	0.00e+00	0.00e+00	0.00e+00	0.00e+00	0.00e+00
 3.05445e+23	1.65e-04	9.63e-01	2.87e-02	7.72e-03	5.64e-05	4.10e-07	0.00e+00	0.00e+00	0.00e+00	0.00e+00	0.00e+00	0.00e+00	0.00e+00	0.00e+00	0.00e+00
 3.05904e+23	1.61e-04	9.68e-01	2.45e-02	6.80e-03	4.69e-05	3.51e-07	0.00e+00	0.00e+00	0.00e+00	0.00e+00	0.00e+00	0.00e+00	0.00e+00	0.00e+00	0.00e+00
 3.06321e+23	1.56e-04	9.73e-01	2.12e-02	6.06e-03	4.00e-05	3.06e-07	0.00e+00	0.00e+00	0.00e+00	0.00e+00	0.00e+00	0.00e+00	0.00e+00	0.00e+00	0.00e+00
 3.06689e+23	1.51e-04	9.76e-01	1.85e-02	5.48e-03	3.48e-05	2.72e-07	0.00e+00	0.00e+00	0.00e+00	0.00e+00	0.00e+00	0.00e+00	0.00e+00	0.00e+00	0.00e+00
 3.06951e+23	1.47e-04	9.78e-01	1.68e-02	5.13e-03	3.18e-05	2.52e-07	0.00e+00	0.00e+00	0.00e+00	0.00e+00	0.00e+00	0.00e+00	0.00e+00	0.00e+00	0.00e+00
 3.07119e+23	1.44e-04	9.79e-01	1.57e-02	4.91e-03	3.00e-05	2.40e-07	0.00e+00	0.00e+00	0.00e+00	0.00e+00	0.00e+00	0.00e+00	0.00e+00	0.00e+00	0.00e+00
 3.07289e+23	1.42e-04	9.80e-01	1.47e-02	4.69e-03	2.83e-05	2.28e-07	0.00e+00	0.00e+00	0.00e+00	0.00e+00	0.00e+00	0.00e+00	0.00e+00	0.00e+00	0.00e+00
 3.07498e+23	1.39e-04	9.82e-01	1.35e-02	4.44e-03	2.63e-05	2.14e-07	0.00e+00	0.00e+00	0.00e+00	0.00e+00	0.00e+00	0.00e+00	0.00e+00	0.00e+00	0.00e+00
 3.07727e+23	1.35e-04	9.83e-01	1.23e-02	4.19e-03	2.45e-05	2.01e-07	0.00e+00	0.00e+00	0.00e+00	0.00e+00	0.00e+00	0.00e+00	0.00e+00	0.00e+00	0.00e+00
 3.07958e+23	1.31e-04	9.85e-01	1.12e-02	3.96e-03	2.29e-05	1.90e-07	0.00e+00	0.00e+00	0.00e+00	0.00e+00	0.00e+00	0.00e+00	0.00e+00	0.00e+00	0.00e+00
 3.08192e+23	1.27e-04	9.86e-01	1.02e-02	3.76e-03	2.14e-05	1.79e-07	0.00e+00	0.00e+00	0.00e+00	0.00e+00	0.00e+00	0.00e+00	0.00e+00	0.00e+00	0.00e+00
 3.08419e+23	1.22e-04	9.87e-01	9.35e-03	3.57e-03	2.01e-05	1.69e-07	0.00e+00	0.00e+00	0.00e+00	0.00e+00	0.00e+00	0.00e+00	0.00e+00	0.00e+00	0.00e+00
 3.08548e+23	1.19e-04	9.87e-01	8.91e-03	3.47e-03	1.94e-05	1.64e-07	0.00e+00	0.00e+00	0.00e+00	0.00e+00	0.00e+00	0.00e+00	0.00e+00	0.00e+00	0.00e+00
