#depth	O	O+	O+2	O+3	O+4	O+5	O+6	O+7	O+8	O[1]	O[2]	O[3]
 1.54284e+22	1.25e-20	2.10e-15	1.30e-11	7.30e-09	9.13e-07	4.79e-05	1.38e-02	2.16e-01	7.70e-01	0.00e+00	0.00e+00	0.00e+00
 3.43875e+22	6.41e-19	6.39e-14	2.40e-10	8.22e-08	6.06e-06	1.79e-04	3.10e-02	3.00e-01	6.69e-01	0.00e+00	0.00e+00	0.00e+00
 3.95602e+22	2.69e-18	2.22e-13	7.00e-10	2.01e-07	1.23e-05	2.96e-04	4.20e-02	3.36e-01	6.21e-01	0.00e+00	0.00e+00	0.00e+00
 4.20234e+22	5.21e-18	3.95e-13	1.15e-09	3.04e-07	1.71e-05	3.74e-04	4.83e-02	3.54e-01	5.98e-01	0.00e+00	0.00e+00	0.00e+00
 4.30514e+22	6.12e-18	4.55e-13	1.29e-09	3.37e-07	1.86e-05	3.96e-04	5.00e-02	3.58e-01	5.92e-01	0.00e+00	0.00e+00	0.00e+00
 4.35275e+22	7.53e-18	5.45e-13	1.51e-09	3.84e-07	2.06e-05	4.27e-04	5.22e-02	3.63e-01	5.84e-01	0.00e+00	0.00e+00	0.00e+00
 4.41464e+22	9.76e-18	6.82e-13	1.83e-09	4.52e-07	2.35e-05	4.68e-04	5.52e-02	3.70e-01	5.74e-01	0.00e+00	0.00e+00	0.00e+00
 4.47720e+22	1.19e-17	8.14e-13	2.13e-09	5.13e-07	2.60e-05	5.03e-04	5.76e-02	3.76e-01	5.66e-01	0.00e+00	0.00e+00	0.00e+00
 4.54062e+22	1.55e-17	1.02e-12	2.59e-09	6.03e-07	2.96e-05	5.51e-04	6.08e-02	3.83e-01	5.56e-01	0.00e+00	0.00e+00	0.00e+00
 4.60542e+22	1.89e-17	1.21e-12	3.00e-09	6.83e-07	3.27e-05	5.91e-04	6.34e-02	3.88e-01	5.48e-01	0.00e+00	0.00e+00	0.00e+00
 4.67201e+22	2.47e-17	1.53e-12	3.67e-09	8.10e-07	3.75e-05	6.51e-04	6.71e-02	3.95e-01	5.37e-01	2.47e-17	6.24e-28	6.64e-28
 4.74001e+22	3.02e-17	1.83e-12	4.27e-09	9.19e-07	4.14e-05	6.99e-04	7.00e-02	4.00e-01	5.29e-01	3.02e-17	5.70e-26	7.17e-26
 4.80986e+22	3.93e-17	2.30e-12	5.20e-09	1.09e-06	4.73e-05	7.68e-04	7.39e-02	4.07e-01	5.18e-01	3.93e-17	7.42e-26	9.34e-26
 4.88295e+22	4.93e-17	2.80e-12	6.17e-09	1.25e-06	5.30e-05	8.33e-04	7.75e-02	4.13e-01	5.09e-01	4.93e-17	9.31e-26	1.17e-25
 4.96025e+22	6.52e-17	3.57e-12	7.60e-09	1.49e-06	6.09e-05	9.19e-04	8.21e-02	4.20e-01	4.97e-01	6.52e-17	1.23e-25	1.55e-25
 5.03983e+22	8.26e-17	4.39e-12	9.07e-09	1.73e-06	6.86e-05	9.99e-04	8.61e-02	4.26e-01	4.87e-01	8.26e-17	1.56e-25	1.96e-25
 5.11127e+22	1.03e-16	5.32e-12	1.07e-08	1.99e-06	7.66e-05	1.08e-03	9.01e-02	4.31e-01	4.78e-01	1.03e-16	1.94e-25	2.44e-25
 5.19307e+22	1.39e-16	6.90e-12	1.34e-08	2.40e-06	8.90e-05	1.20e-03	9.58e-02	4.38e-01	4.65e-01	1.39e-16	2.62e-25	3.30e-25
 5.27562e+22	1.73e-16	8.37e-12	1.58e-08	2.75e-06	9.94e-05	1.30e-03	1.00e-01	4.43e-01	4.55e-01	1.73e-16	3.26e-25	4.11e-25
 5.35914e+22	2.32e-16	1.08e-11	1.97e-08	3.31e-06	1.15e-04	1.44e-03	1.06e-01	4.50e-01	4.42e-01	2.32e-16	4.38e-25	5.52e-25
 5.44442e+22	2.95e-16	1.33e-11	2.35e-08	3.85e-06	1.30e-04	1.57e-03	1.11e-01	4.55e-01	4.32e-01	2.95e-16	5.55e-25	6.99e-25
 5.53197e+22	3.98e-16	1.73e-11	2.95e-08	4.65e-06	1.51e-04	1.74e-03	1.18e-01	4.61e-01	4.19e-01	3.98e-16	7.50e-25	9.45e-25
 5.62091e+22	5.08e-16	2.14e-11	3.54e-08	5.42e-06	1.71e-04	1.90e-03	1.24e-01	4.66e-01	4.08e-01	5.08e-16	9.58e-25	1.21e-24
 5.71166e+22	6.96e-16	2.81e-11	4.48e-08	6.62e-06	2.00e-04	2.12e-03	1.32e-01	4.72e-01	3.93e-01	6.96e-16	1.31e-24	1.65e-24
 5.79744e+22	8.57e-16	3.37e-11	5.24e-08	7.54e-06	2.22e-04	2.28e-03	1.37e-01	4.76e-01	3.84e-01	8.57e-16	1.61e-24	2.03e-24
 5.87676e+22	1.13e-15	4.29e-11	6.44e-08	8.98e-06	2.56e-04	2.52e-03	1.45e-01	4.81e-01	3.71e-01	1.13e-15	2.13e-24	2.68e-24
 5.95678e+22	1.39e-15	5.13e-11	7.52e-08	1.02e-05	2.84e-04	2.71e-03	1.51e-01	4.84e-01	3.62e-01	1.39e-15	2.62e-24	3.29e-24
 6.03770e+22	1.84e-15	6.56e-11	9.30e-08	1.22e-05	3.28e-04	3.00e-03	1.59e-01	4.88e-01	3.49e-01	1.84e-15	3.47e-24	4.36e-24
 6.11928e+22	2.28e-15	7.90e-11	1.09e-07	1.40e-05	3.66e-04	3.23e-03	1.66e-01	4.91e-01	3.39e-01	2.28e-15	4.29e-24	5.39e-24
 6.20173e+22	3.01e-15	1.01e-10	1.35e-07	1.68e-05	4.24e-04	3.58e-03	1.75e-01	4.95e-01	3.26e-01	3.01e-15	5.68e-24	7.15e-24
 6.28542e+22	3.75e-15	1.22e-10	1.59e-07	1.93e-05	4.75e-04	3.87e-03	1.83e-01	4.97e-01	3.16e-01	3.75e-15	7.07e-24	8.89e-24
 6.37073e+22	5.00e-15	1.57e-10	1.98e-07	2.33e-05	5.53e-04	4.31e-03	1.93e-01	5.00e-01	3.02e-01	5.00e-15	9.43e-24	1.19e-23
 6.45721e+22	6.23e-15	1.90e-10	2.34e-07	2.68e-05	6.20e-04	4.67e-03	2.01e-01	5.01e-01	2.92e-01	6.23e-15	1.18e-23	1.48e-23
 6.54519e+22	8.33e-15	2.45e-10	2.92e-07	3.24e-05	7.25e-04	5.21e-03	2.13e-01	5.03e-01	2.78e-01	8.33e-15	1.57e-23	1.97e-23
 6.63500e+22	1.05e-14	3.00e-10	3.48e-07	3.77e-05	8.21e-04	5.68e-03	2.22e-01	5.04e-01	2.67e-01	1.05e-14	1.98e-23	2.48e-23
 6.72717e+22	1.41e-14	3.87e-10	4.36e-07	4.59e-05	9.64e-04	6.36e-03	2.35e-01	5.04e-01	2.53e-01	1.41e-14	2.65e-23	3.33e-23
 6.82131e+22	1.78e-14	4.75e-10	5.22e-07	5.37e-05	1.10e-03	6.96e-03	2.46e-01	5.04e-01	2.42e-01	1.78e-14	3.35e-23	4.21e-23
 6.91480e+22	2.35e-14	6.07e-10	6.49e-07	6.49e-05	1.29e-03	7.78e-03	2.59e-01	5.03e-01	2.29e-01	2.35e-14	4.44e-23	5.57e-23
 7.00360e+22	2.87e-14	7.23e-10	7.57e-07	7.43e-05	1.44e-03	8.42e-03	2.69e-01	5.02e-01	2.19e-01	2.87e-14	5.41e-23	6.79e-23
 7.08948e+22	3.69e-14	9.02e-10	9.23e-07	8.85e-05	1.67e-03	9.35e-03	2.83e-01	4.99e-01	2.07e-01	3.69e-14	6.96e-23	8.75e-23
 7.17701e+22	4.49e-14	1.07e-09	1.08e-06	1.02e-04	1.88e-03	1.02e-02	2.94e-01	4.97e-01	1.97e-01	4.49e-14	8.48e-23	1.07e-22
 7.26284e+22	5.65e-14	1.31e-09	1.30e-06	1.20e-04	2.16e-03	1.12e-02	3.08e-01	4.93e-01	1.86e-01	5.65e-14	1.07e-22	1.34e-22
 7.35043e+22	6.86e-14	1.56e-09	1.52e-06	1.38e-04	2.44e-03	1.22e-02	3.20e-01	4.89e-01	1.76e-01	6.86e-14	1.30e-22	1.63e-22
 7.43585e+22	8.41e-14	1.87e-09	1.79e-06	1.61e-04	2.78e-03	1.34e-02	3.34e-01	4.84e-01	1.66e-01	8.41e-14	1.59e-22	1.99e-22
 7.52306e+22	1.01e-13	2.21e-09	2.09e-06	1.85e-04	3.14e-03	1.46e-02	3.46e-01	4.79e-01	1.56e-01	1.01e-13	1.92e-22	2.41e-22
 7.60946e+22	1.22e-13	2.61e-09	2.44e-06	2.13e-04	3.55e-03	1.60e-02	3.60e-01	4.73e-01	1.47e-01	1.22e-13	2.31e-22	2.89e-22
 7.69631e+22	1.45e-13	3.05e-09	2.83e-06	2.44e-04	4.00e-03	1.74e-02	3.73e-01	4.67e-01	1.38e-01	1.45e-13	2.74e-22	3.44e-22
 7.78217e+22	1.71e-13	3.54e-09	3.26e-06	2.79e-04	4.49e-03	1.90e-02	3.86e-01	4.60e-01	1.30e-01	1.71e-13	3.23e-22	4.05e-22
 7.86789e+22	2.00e-13	4.08e-09	3.73e-06	3.18e-04	5.04e-03	2.06e-02	3.99e-01	4.53e-01	1.22e-01	2.00e-13	3.78e-22	4.74e-22
 7.95377e+22	2.32e-13	4.68e-09	4.27e-06	3.61e-04	5.63e-03	2.24e-02	4.12e-01	4.46e-01	1.14e-01	2.32e-13	4.39e-22	5.50e-22
 8.04000e+22	2.67e-13	5.33e-09	4.85e-06	4.08e-04	6.28e-03	2.43e-02	4.25e-01	4.37e-01	1.06e-01	2.67e-13	5.06e-22	6.34e-22
 8.12676e+22	3.06e-13	6.05e-09	5.51e-06	4.61e-04	7.00e-03	2.63e-02	4.38e-01	4.29e-01	9.94e-02	3.06e-13	5.80e-22	7.27e-22
 8.21433e+22	3.48e-13	6.83e-09	6.23e-06	5.20e-04	7.78e-03	2.85e-02	4.51e-01	4.20e-01	9.27e-02	3.48e-13	6.60e-22	8.27e-22
 8.30294e+22	3.94e-13	7.69e-09	7.02e-06	5.85e-04	8.64e-03	3.08e-02	4.63e-01	4.11e-01	8.63e-02	3.94e-13	7.48e-22	9.37e-22
 8.39202e+22	4.43e-13	8.60e-09	7.89e-06	6.57e-04	9.56e-03	3.32e-02	4.75e-01	4.01e-01	8.03e-02	4.43e-13	8.42e-22	1.05e-21
 8.48257e+22	4.97e-13	9.62e-09	8.86e-06	7.38e-04	1.06e-02	3.59e-02	4.88e-01	3.91e-01	7.44e-02	4.97e-13	9.45e-22	1.18e-21
 8.57418e+22	5.54e-13	1.07e-08	9.91e-06	8.26e-04	1.17e-02	3.86e-02	4.99e-01	3.81e-01	6.90e-02	5.54e-13	1.05e-21	1.32e-21
 8.66759e+22	6.16e-13	1.19e-08	1.11e-05	9.26e-04	1.29e-02	4.17e-02	5.11e-01	3.70e-01	6.37e-02	6.16e-13	1.17e-21	1.47e-21
 8.75451e+22	6.70e-13	1.29e-08	1.22e-05	1.02e-03	1.40e-02	4.43e-02	5.20e-01	3.61e-01	5.96e-02	6.70e-13	1.28e-21	1.60e-21
 8.84387e+22	7.41e-13	1.43e-08	1.36e-05	1.14e-03	1.54e-02	4.78e-02	5.31e-01	3.50e-01	5.47e-02	7.41e-13	1.41e-21	1.77e-21
 8.93475e+22	8.04e-13	1.56e-08	1.49e-05	1.25e-03	1.67e-02	5.07e-02	5.40e-01	3.40e-01	5.11e-02	8.04e-13	1.54e-21	1.92e-21
 9.02802e+22	8.83e-13	1.72e-08	1.67e-05	1.41e-03	1.84e-02	5.48e-02	5.51e-01	3.28e-01	4.66e-02	8.83e-13	1.69e-21	2.11e-21
 9.12179e+22	9.58e-13	1.87e-08	1.82e-05	1.54e-03	1.98e-02	5.79e-02	5.58e-01	3.19e-01	4.35e-02	9.58e-13	1.83e-21	2.29e-21
 9.21622e+22	1.05e-12	2.06e-08	2.04e-05	1.72e-03	2.18e-02	6.23e-02	5.68e-01	3.07e-01	3.96e-02	1.05e-12	2.01e-21	2.51e-21
 9.31122e+22	1.13e-12	2.23e-08	2.22e-05	1.88e-03	2.34e-02	6.58e-02	5.74e-01	2.98e-01	3.68e-02	1.13e-12	2.17e-21	2.71e-21
 9.40696e+22	1.23e-12	2.46e-08	2.48e-05	2.11e-03	2.56e-02	7.06e-02	5.83e-01	2.86e-01	3.35e-02	1.23e-12	2.37e-21	2.96e-21
 9.50352e+22	1.33e-12	2.66e-08	2.71e-05	2.30e-03	2.74e-02	7.44e-02	5.88e-01	2.77e-01	3.11e-02	1.33e-12	2.55e-21	3.18e-21
 9.60113e+22	1.45e-12	2.93e-08	3.02e-05	2.57e-03	2.99e-02	7.96e-02	5.95e-01	2.65e-01	2.81e-02	1.45e-12	2.78e-21	3.48e-21
 9.69999e+22	1.56e-12	3.18e-08	3.30e-05	2.81e-03	3.20e-02	8.38e-02	6.00e-01	2.56e-01	2.60e-02	1.56e-12	3.00e-21	3.74e-21
 9.80046e+22	1.70e-12	3.51e-08	3.69e-05	3.14e-03	3.48e-02	8.95e-02	6.05e-01	2.44e-01	2.35e-02	1.70e-12	3.28e-21	4.09e-21
 9.90261e+22	1.83e-12	3.81e-08	4.04e-05	3.43e-03	3.72e-02	9.41e-02	6.09e-01	2.35e-01	2.17e-02	1.83e-12	3.54e-21	4.42e-21
 1.00069e+23	2.01e-12	4.23e-08	4.54e-05	3.85e-03	4.05e-02	1.00e-01	6.13e-01	2.23e-01	1.95e-02	2.01e-12	3.88e-21	4.84e-21
 1.01135e+23	2.18e-12	4.62e-08	5.00e-05	4.22e-03	4.32e-02	1.05e-01	6.15e-01	2.14e-01	1.79e-02	2.18e-12	4.22e-21	5.26e-21
 1.02229e+23	2.40e-12	5.16e-08	5.64e-05	4.74e-03	4.70e-02	1.12e-01	6.18e-01	2.02e-01	1.59e-02	2.40e-12	4.65e-21	5.80e-21
 1.03350e+23	2.62e-12	5.69e-08	6.25e-05	5.21e-03	5.02e-02	1.18e-01	6.19e-01	1.93e-01	1.45e-02	2.62e-12	5.09e-21	6.35e-21
 1.04508e+23	2.90e-12	6.41e-08	7.11e-05	5.88e-03	5.46e-02	1.26e-01	6.19e-01	1.82e-01	1.28e-02	2.90e-12	5.66e-21	7.04e-21
 1.05598e+23	3.16e-12	7.02e-08	7.79e-05	6.38e-03	5.77e-02	1.31e-01	6.19e-01	1.75e-01	1.19e-02	3.16e-12	6.17e-21	7.68e-21
 1.06601e+23	3.48e-12	7.83e-08	8.73e-05	7.08e-03	6.19e-02	1.37e-01	6.17e-01	1.65e-01	1.07e-02	3.48e-12	6.81e-21	8.48e-21
 1.07594e+23	3.78e-12	8.56e-08	9.54e-05	7.66e-03	6.51e-02	1.43e-01	6.16e-01	1.59e-01	9.85e-03	3.78e-12	7.41e-21	9.23e-21
 1.08575e+23	4.13e-12	9.50e-08	1.06e-04	8.45e-03	6.95e-02	1.50e-01	6.13e-01	1.50e-01	8.84e-03	4.13e-12	8.12e-21	1.01e-20
 1.09563e+23	4.53e-12	1.05e-07	1.17e-04	9.14e-03	7.31e-02	1.55e-01	6.11e-01	1.44e-01	8.16e-03	4.53e-12	8.90e-21	1.11e-20
 1.10559e+23	5.01e-12	1.17e-07	1.31e-04	1.01e-02	7.79e-02	1.62e-01	6.07e-01	1.36e-01	7.31e-03	5.01e-12	9.89e-21	1.23e-20
 1.11573e+23	5.53e-12	1.30e-07	1.44e-04	1.09e-02	8.19e-02	1.67e-01	6.03e-01	1.30e-01	6.72e-03	5.53e-12	1.09e-20	1.36e-20
 1.12611e+23	6.17e-12	1.47e-07	1.63e-04	1.21e-02	8.73e-02	1.75e-01	5.98e-01	1.22e-01	5.99e-03	6.17e-12	1.22e-20	1.52e-20
 1.13663e+23	6.87e-12	1.64e-07	1.80e-04	1.31e-02	9.17e-02	1.81e-01	5.93e-01	1.16e-01	5.48e-03	6.87e-12	1.36e-20	1.69e-20
 1.14735e+23	7.75e-12	1.87e-07	2.04e-04	1.46e-02	9.77e-02	1.88e-01	5.86e-01	1.09e-01	4.85e-03	7.75e-12	1.54e-20	1.92e-20
 1.15828e+23	8.71e-12	2.10e-07	2.27e-04	1.59e-02	1.03e-01	1.94e-01	5.79e-01	1.03e-01	4.42e-03	8.71e-12	1.74e-20	2.16e-20
 1.16949e+23	9.94e-12	2.42e-07	2.59e-04	1.76e-02	1.09e-01	2.02e-01	5.71e-01	9.58e-02	3.89e-03	9.94e-12	1.99e-20	2.47e-20
 1.18094e+23	1.13e-11	2.75e-07	2.90e-04	1.92e-02	1.15e-01	2.08e-01	5.63e-01	9.05e-02	3.52e-03	1.13e-11	2.27e-20	2.82e-20
 1.19271e+23	1.31e-11	3.21e-07	3.34e-04	2.14e-02	1.23e-01	2.17e-01	5.52e-01	8.37e-02	3.07e-03	1.31e-11	2.64e-20	3.28e-20
 1.20474e+23	1.50e-11	3.67e-07	3.75e-04	2.34e-02	1.29e-01	2.23e-01	5.43e-01	7.86e-02	2.76e-03	1.50e-11	3.04e-20	3.77e-20
 1.21710e+23	1.78e-11	4.36e-07	4.36e-04	2.62e-02	1.37e-01	2.31e-01	5.30e-01	7.23e-02	2.39e-03	1.78e-11	3.62e-20	4.48e-20
 1.22962e+23	2.06e-11	5.03e-07	4.92e-04	2.87e-02	1.44e-01	2.37e-01	5.20e-01	6.77e-02	2.13e-03	2.06e-11	4.21e-20	5.22e-20
 1.24234e+23	2.46e-11	6.02e-07	5.74e-04	3.21e-02	1.53e-01	2.45e-01	5.05e-01	6.18e-02	1.83e-03	2.46e-11	5.06e-20	6.27e-20
 1.25519e+23	2.89e-11	6.99e-07	6.50e-04	3.50e-02	1.61e-01	2.50e-01	4.94e-01	5.76e-02	1.63e-03	2.89e-11	5.96e-20	7.37e-20
 1.26823e+23	3.50e-11	8.44e-07	7.61e-04	3.92e-02	1.71e-01	2.58e-01	4.78e-01	5.23e-02	1.39e-03	3.50e-11	7.27e-20	8.99e-20
 1.28099e+23	4.10e-11	9.74e-07	8.55e-04	4.26e-02	1.78e-01	2.62e-01	4.66e-01	4.88e-02	1.24e-03	4.10e-11	8.54e-20	1.05e-19
 1.29338e+23	4.95e-11	1.17e-06	9.93e-04	4.72e-02	1.88e-01	2.68e-01	4.50e-01	4.44e-02	1.06e-03	4.95e-11	1.04e-19	1.28e-19
 1.30622e+23	5.89e-11	1.37e-06	1.13e-03	5.15e-02	1.97e-01	2.72e-01	4.36e-01	4.11e-02	9.40e-04	5.89e-11	1.24e-19	1.53e-19
 1.31717e+23	6.82e-11	1.56e-06	1.25e-03	5.54e-02	2.04e-01	2.76e-01	4.24e-01	3.83e-02	8.39e-04	6.82e-11	1.45e-19	1.78e-19
 1.32891e+23	8.25e-11	1.86e-06	1.44e-03	6.08e-02	2.13e-01	2.80e-01	4.08e-01	3.49e-02	7.24e-04	8.25e-11	1.76e-19	2.17e-19
 1.34075e+23	9.66e-11	2.14e-06	1.61e-03	6.55e-02	2.21e-01	2.83e-01	3.96e-01	3.24e-02	6.44e-04	9.66e-11	2.07e-19	2.55e-19
 1.35270e+23	1.17e-10	2.55e-06	1.84e-03	7.16e-02	2.31e-01	2.86e-01	3.80e-01	2.94e-02	5.54e-04	1.17e-10	2.54e-19	3.12e-19
 1.36501e+23	1.39e-10	2.97e-06	2.08e-03	7.74e-02	2.39e-01	2.88e-01	3.65e-01	2.70e-02	4.84e-04	1.39e-10	3.02e-19	3.72e-19
 1.37592e+23	1.64e-10	3.43e-06	2.32e-03	8.32e-02	2.47e-01	2.90e-01	3.52e-01	2.49e-02	4.28e-04	1.64e-10	3.59e-19	4.42e-19
 1.38823e+23	2.03e-10	4.11e-06	2.66e-03	9.08e-02	2.57e-01	2.91e-01	3.36e-01	2.24e-02	3.66e-04	2.03e-10	4.46e-19	5.48e-19
 1.40120e+23	2.45e-10	4.84e-06	3.01e-03	9.82e-02	2.66e-01	2.92e-01	3.21e-01	2.04e-02	3.15e-04	2.45e-10	5.44e-19	6.67e-19
 1.41300e+23	2.94e-10	5.64e-06	3.38e-03	1.06e-01	2.74e-01	2.92e-01	3.07e-01	1.86e-02	2.75e-04	2.94e-10	6.56e-19	8.05e-19
 1.42632e+23	3.70e-10	6.84e-06	3.90e-03	1.15e-01	2.84e-01	2.91e-01	2.89e-01	1.65e-02	2.30e-04	3.70e-10	8.34e-19	1.02e-18
 1.44004e+23	4.52e-10	8.09e-06	4.42e-03	1.25e-01	2.92e-01	2.90e-01	2.74e-01	1.48e-02	1.96e-04	4.52e-10	1.03e-18	1.26e-18
 1.45224e+23	5.47e-10	9.47e-06	4.96e-03	1.34e-01	3.00e-01	2.88e-01	2.60e-01	1.34e-02	1.69e-04	5.47e-10	1.26e-18	1.54e-18
 1.46602e+23	6.97e-10	1.15e-05	5.73e-03	1.45e-01	3.09e-01	2.85e-01	2.43e-01	1.18e-02	1.40e-04	6.97e-10	1.62e-18	1.98e-18
 1.48033e+23	8.64e-10	1.37e-05	6.50e-03	1.57e-01	3.17e-01	2.82e-01	2.28e-01	1.05e-02	1.17e-04	8.64e-10	2.03e-18	2.48e-18
 1.49318e+23	1.06e-09	1.61e-05	7.30e-03	1.67e-01	3.23e-01	2.78e-01	2.15e-01	9.33e-03	9.95e-05	1.06e-09	2.51e-18	3.06e-18
 1.50774e+23	1.37e-09	1.98e-05	8.46e-03	1.82e-01	3.31e-01	2.72e-01	1.98e-01	8.05e-03	8.04e-05	1.37e-09	3.30e-18	4.03e-18
 1.52278e+23	1.72e-09	2.36e-05	9.57e-03	1.95e-01	3.37e-01	2.67e-01	1.84e-01	7.07e-03	6.68e-05	1.72e-09	4.17e-18	5.09e-18
 1.53845e+23	2.27e-09	2.93e-05	1.11e-02	2.12e-01	3.44e-01	2.59e-01	1.67e-01	6.00e-03	5.28e-05	2.27e-09	5.62e-18	6.84e-18
 1.55427e+23	2.86e-09	3.50e-05	1.26e-02	2.27e-01	3.49e-01	2.52e-01	1.55e-01	5.22e-03	4.34e-05	2.86e-09	7.16e-18	8.72e-18
 1.56817e+23	3.57e-09	4.13e-05	1.41e-02	2.41e-01	3.53e-01	2.45e-01	1.43e-01	4.56e-03	3.58e-05	3.57e-09	9.07e-18	1.10e-17
 1.58409e+23	4.78e-09	5.15e-05	1.64e-02	2.60e-01	3.57e-01	2.35e-01	1.28e-01	3.79e-03	2.77e-05	4.78e-09	1.24e-17	1.50e-17
 1.60018e+23	6.01e-09	6.11e-05	1.84e-02	2.76e-01	3.59e-01	2.27e-01	1.17e-01	3.27e-03	2.25e-05	6.01e-09	1.58e-17	1.92e-17
 1.61650e+23	8.02e-09	7.56e-05	2.13e-02	2.96e-01	3.60e-01	2.16e-01	1.05e-01	2.71e-03	1.73e-05	8.02e-09	2.16e-17	2.62e-17
 1.63312e+23	1.02e-08	9.01e-05	2.39e-02	3.13e-01	3.60e-01	2.06e-01	9.47e-02	2.30e-03	1.39e-05	1.02e-08	2.80e-17	3.40e-17
 1.65013e+23	1.39e-08	1.13e-04	2.77e-02	3.34e-01	3.59e-01	1.94e-01	8.30e-02	1.86e-03	1.04e-05	1.39e-08	3.92e-17	4.74e-17
 1.66725e+23	1.76e-08	1.34e-04	3.09e-02	3.51e-01	3.57e-01	1.84e-01	7.48e-02	1.58e-03	8.25e-06	1.76e-08	5.08e-17	6.14e-17
 1.68452e+23	2.39e-08	1.66e-04	3.56e-02	3.73e-01	3.53e-01	1.72e-01	6.50e-02	1.26e-03	6.09e-06	2.39e-08	7.13e-17	8.62e-17
 1.70202e+23	3.04e-08	1.97e-04	3.96e-02	3.90e-01	3.49e-01	1.62e-01	5.80e-02	1.06e-03	4.78e-06	3.04e-08	9.31e-17	1.13e-16
 1.71980e+23	4.14e-08	2.45e-04	4.55e-02	4.12e-01	3.42e-01	1.49e-01	4.98e-02	8.33e-04	3.48e-06	4.14e-08	1.32e-16	1.59e-16
 1.73783e+23	5.30e-08	2.91e-04	5.06e-02	4.29e-01	3.36e-01	1.39e-01	4.40e-02	6.88e-04	2.69e-06	5.30e-08	1.74e-16	2.10e-16
 1.75350e+23	6.69e-08	3.42e-04	5.59e-02	4.45e-01	3.29e-01	1.30e-01	3.89e-02	5.70e-04	2.09e-06	6.69e-08	2.26e-16	2.73e-16
 1.77118e+23	9.06e-08	4.22e-04	6.34e-02	4.65e-01	3.19e-01	1.19e-01	3.31e-02	4.45e-04	1.50e-06	9.06e-08	3.19e-16	3.85e-16
 1.78806e+23	1.11e-07	4.85e-04	6.90e-02	4.77e-01	3.12e-01	1.11e-01	2.96e-02	3.75e-04	1.20e-06	1.11e-07	4.02e-16	4.85e-16
 1.80387e+23	1.45e-07	5.81e-04	7.67e-02	4.93e-01	3.02e-01	1.02e-01	2.54e-02	2.99e-04	8.85e-07	1.45e-07	5.43e-16	6.55e-16
 1.81975e+23	1.77e-07	6.67e-04	8.32e-02	5.05e-01	2.94e-01	9.47e-02	2.26e-02	2.50e-04	7.00e-07	1.77e-07	6.83e-16	8.24e-16
 1.83571e+23	2.31e-07	7.96e-04	9.22e-02	5.19e-01	2.83e-01	8.60e-02	1.93e-02	1.98e-04	5.13e-07	2.31e-07	9.20e-16	1.11e-15
 1.85204e+23	2.85e-07	9.18e-04	1.00e-01	5.29e-01	2.73e-01	7.94e-02	1.70e-02	1.63e-04	3.97e-07	2.85e-07	1.17e-15	1.41e-15
 1.86885e+23	3.73e-07	1.10e-03	1.11e-01	5.41e-01	2.61e-01	7.14e-02	1.43e-02	1.27e-04	2.86e-07	3.73e-07	1.58e-15	1.90e-15
 1.88585e+23	4.62e-07	1.27e-03	1.20e-01	5.50e-01	2.51e-01	6.53e-02	1.25e-02	1.04e-04	2.18e-07	4.62e-07	2.01e-15	2.43e-15
 1.90084e+23	5.69e-07	1.45e-03	1.30e-01	5.57e-01	2.41e-01	5.98e-02	1.09e-02	8.45e-05	1.67e-07	5.69e-07	2.55e-15	3.07e-15
 1.91805e+23	7.42e-07	1.73e-03	1.42e-01	5.65e-01	2.28e-01	5.32e-02	9.07e-03	6.49e-05	0.00e+00	7.42e-07	3.44e-15	4.14e-15
 1.93472e+23	8.99e-07	1.96e-03	1.53e-01	5.70e-01	2.19e-01	4.87e-02	7.93e-03	5.33e-05	0.00e+00	8.99e-07	4.27e-15	5.13e-15
 1.94803e+23	1.07e-06	2.20e-03	1.62e-01	5.74e-01	2.10e-01	4.48e-02	7.00e-03	4.44e-05	0.00e+00	1.07e-06	5.21e-15	6.25e-15
 1.96265e+23	1.33e-06	2.53e-03	1.75e-01	5.77e-01	1.99e-01	4.04e-02	6.00e-03	3.55e-05	0.00e+00	1.33e-06	6.64e-15	7.96e-15
 1.97754e+23	1.58e-06	2.84e-03	1.86e-01	5.79e-01	1.90e-01	3.70e-02	5.26e-03	2.93e-05	0.00e+00	1.58e-06	8.12e-15	9.72e-15
 1.99072e+23	1.88e-06	3.18e-03	1.97e-01	5.80e-01	1.82e-01	3.38e-02	4.61e-03	2.42e-05	0.00e+00	1.88e-06	9.87e-15	1.18e-14
 2.00581e+23	2.33e-06	3.65e-03	2.11e-01	5.79e-01	1.71e-01	3.02e-02	3.91e-03	1.91e-05	0.00e+00	2.33e-06	1.26e-14	1.51e-14
 2.02109e+23	2.78e-06	4.08e-03	2.24e-01	5.78e-01	1.63e-01	2.74e-02	3.40e-03	1.56e-05	0.00e+00	2.78e-06	1.54e-14	1.84e-14
 2.03451e+23	3.29e-06	4.55e-03	2.37e-01	5.76e-01	1.55e-01	2.49e-02	2.97e-03	1.28e-05	0.00e+00	3.29e-06	1.87e-14	2.23e-14
 2.04987e+23	4.06e-06	5.21e-03	2.53e-01	5.73e-01	1.45e-01	2.21e-02	2.49e-03	9.97e-06	0.00e+00	4.06e-06	2.39e-14	2.85e-14
 2.06548e+23	4.82e-06	5.81e-03	2.67e-01	5.68e-01	1.37e-01	1.99e-02	2.15e-03	8.06e-06	0.00e+00	4.82e-06	2.91e-14	3.47e-14
 2.07933e+23	5.72e-06	6.49e-03	2.81e-01	5.63e-01	1.29e-01	1.80e-02	1.86e-03	6.54e-06	0.00e+00	5.72e-06	3.55e-14	4.23e-14
 2.09525e+23	7.09e-06	7.44e-03	3.00e-01	5.56e-01	1.20e-01	1.57e-02	1.54e-03	5.01e-06	0.00e+00	7.09e-06	4.56e-14	5.43e-14
 2.11132e+23	8.44e-06	8.31e-03	3.16e-01	5.48e-01	1.12e-01	1.41e-02	1.32e-03	4.01e-06	0.00e+00	8.44e-06	5.58e-14	6.64e-14
 2.12544e+23	9.99e-06	9.26e-03	3.32e-01	5.40e-01	1.05e-01	1.26e-02	1.13e-03	3.22e-06	0.00e+00	9.99e-06	6.80e-14	8.10e-14
 2.14166e+23	1.24e-05	1.06e-02	3.52e-01	5.29e-01	9.66e-02	1.09e-02	9.33e-04	2.44e-06	0.00e+00	1.24e-05	8.73e-14	1.04e-13
 2.15818e+23	1.47e-05	1.18e-02	3.69e-01	5.19e-01	8.98e-02	9.67e-03	7.90e-04	1.93e-06	0.00e+00	1.47e-05	1.07e-13	1.27e-13
 2.17509e+23	1.82e-05	1.35e-02	3.91e-01	5.05e-01	8.19e-02	8.30e-03	6.41e-04	1.43e-06	0.00e+00	1.82e-05	1.39e-13	1.65e-13
 2.19220e+23	2.17e-05	1.51e-02	4.10e-01	4.92e-01	7.56e-02	7.28e-03	5.37e-04	1.11e-06	0.00e+00	2.17e-05	1.71e-13	2.03e-13
 2.20958e+23	2.70e-05	1.73e-02	4.32e-01	4.75e-01	6.84e-02	6.18e-03	4.31e-04	8.18e-07	0.00e+00	2.70e-05	2.21e-13	2.63e-13
 2.22731e+23	3.22e-05	1.93e-02	4.52e-01	4.60e-01	6.26e-02	5.37e-03	3.57e-04	6.27e-07	0.00e+00	3.22e-05	2.73e-13	3.25e-13
 2.24312e+23	3.83e-05	2.15e-02	4.71e-01	4.45e-01	5.73e-02	4.67e-03	2.97e-04	4.82e-07	0.00e+00	3.83e-05	3.37e-13	4.00e-13
 2.26130e+23	4.75e-05	2.46e-02	4.95e-01	4.25e-01	5.11e-02	3.90e-03	2.34e-04	3.46e-07	0.00e+00	4.75e-05	4.39e-13	5.21e-13
 2.27991e+23	5.67e-05	2.75e-02	5.15e-01	4.08e-01	4.62e-02	3.34e-03	1.91e-04	2.59e-07	0.00e+00	5.67e-05	5.45e-13	6.47e-13
 2.29411e+23	6.40e-05	2.96e-02	5.29e-01	3.95e-01	4.29e-02	2.98e-03	1.65e-04	2.11e-07	0.00e+00	6.40e-05	6.32e-13	7.50e-13
 2.30759e+23	7.50e-05	3.26e-02	5.46e-01	3.79e-01	3.91e-02	2.59e-03	1.37e-04	1.63e-07	0.00e+00	7.50e-05	7.67e-13	9.10e-13
 2.32136e+23	8.44e-05	3.51e-02	5.60e-01	3.66e-01	3.63e-02	2.31e-03	1.18e-04	1.32e-07	0.00e+00	8.44e-05	8.90e-13	1.06e-12
 2.33551e+23	9.91e-05	3.87e-02	5.77e-01	3.49e-01	3.28e-02	1.98e-03	9.68e-05	0.00e+00	0.00e+00	9.91e-05	1.09e-12	1.29e-12
 2.34983e+23	1.12e-04	4.17e-02	5.91e-01	3.35e-01	3.01e-02	1.75e-03	8.21e-05	0.00e+00	0.00e+00	1.12e-04	1.27e-12	1.51e-12
 2.36436e+23	1.31e-04	4.59e-02	6.08e-01	3.18e-01	2.71e-02	1.49e-03	6.71e-05	0.00e+00	0.00e+00	1.31e-04	1.55e-12	1.83e-12
 2.37920e+23	1.49e-04	4.96e-02	6.21e-01	3.03e-01	2.46e-02	1.30e-03	5.62e-05	0.00e+00	0.00e+00	1.49e-04	1.82e-12	2.15e-12
 2.39445e+23	1.76e-04	5.47e-02	6.38e-01	2.85e-01	2.19e-02	1.09e-03	4.51e-05	0.00e+00	0.00e+00	1.76e-04	2.24e-12	2.65e-12
 2.40975e+23	1.99e-04	5.88e-02	6.50e-01	2.70e-01	1.98e-02	9.48e-04	3.76e-05	0.00e+00	0.00e+00	1.99e-04	2.62e-12	3.10e-12
 2.42512e+23	2.34e-04	6.49e-02	6.65e-01	2.52e-01	1.75e-02	7.90e-04	2.99e-05	0.00e+00	0.00e+00	2.34e-04	3.22e-12	3.81e-12
 2.44067e+23	2.64e-04	6.96e-02	6.76e-01	2.38e-01	1.58e-02	6.81e-04	2.48e-05	0.00e+00	0.00e+00	2.64e-04	3.76e-12	4.45e-12
 2.45647e+23	3.09e-04	7.64e-02	6.88e-01	2.21e-01	1.39e-02	5.65e-04	1.96e-05	0.00e+00	0.00e+00	3.09e-04	4.61e-12	5.46e-12
 2.47280e+23	3.51e-04	8.24e-02	6.98e-01	2.06e-01	1.23e-02	4.78e-04	1.59e-05	0.00e+00	0.00e+00	3.51e-04	5.45e-12	6.45e-12
 2.48984e+23	4.16e-04	9.11e-02	7.09e-01	1.88e-01	1.06e-02	3.86e-04	1.22e-05	0.00e+00	0.00e+00	4.16e-04	6.80e-12	8.05e-12
 2.50698e+23	4.72e-04	9.79e-02	7.18e-01	1.74e-01	9.34e-03	3.24e-04	9.84e-06	0.00e+00	0.00e+00	4.72e-04	8.03e-12	9.49e-12
 2.52427e+23	5.57e-04	1.08e-01	7.25e-01	1.58e-01	8.00e-03	2.60e-04	7.50e-06	0.00e+00	0.00e+00	5.57e-04	9.99e-12	1.18e-11
 2.54197e+23	6.36e-04	1.16e-01	7.31e-01	1.45e-01	6.96e-03	2.15e-04	5.92e-06	0.00e+00	0.00e+00	6.36e-04	1.19e-11	1.40e-11
 2.56021e+23	7.58e-04	1.29e-01	7.36e-01	1.29e-01	5.84e-03	1.68e-04	4.40e-06	0.00e+00	0.00e+00	7.58e-04	1.49e-11	1.76e-11
 2.57840e+23	8.60e-04	1.38e-01	7.38e-01	1.17e-01	5.06e-03	1.38e-04	3.46e-06	0.00e+00	0.00e+00	8.60e-04	1.76e-11	2.08e-11
 2.59654e+23	1.02e-03	1.53e-01	7.38e-01	1.03e-01	4.23e-03	1.07e-04	2.55e-06	0.00e+00	0.00e+00	1.02e-03	2.21e-11	2.61e-11
 2.61480e+23	1.16e-03	1.64e-01	7.38e-01	9.29e-02	3.63e-03	8.68e-05	1.99e-06	0.00e+00	0.00e+00	1.16e-03	2.61e-11	3.09e-11
 2.63323e+23	1.39e-03	1.82e-01	7.33e-01	8.06e-02	3.00e-03	6.61e-05	1.44e-06	0.00e+00	0.00e+00	1.39e-03	3.29e-11	3.90e-11
 2.65175e+23	1.59e-03	1.96e-01	7.28e-01	7.16e-02	2.56e-03	5.30e-05	1.12e-06	0.00e+00	0.00e+00	1.59e-03	3.91e-11	4.63e-11
 2.67038e+23	1.91e-03	2.18e-01	7.17e-01	6.09e-02	2.08e-03	3.94e-05	7.94e-07	0.00e+00	0.00e+00	1.91e-03	4.98e-11	5.89e-11
 2.68899e+23	2.18e-03	2.35e-01	7.08e-01	5.34e-02	1.77e-03	3.12e-05	6.09e-07	0.00e+00	0.00e+00	2.18e-03	5.92e-11	7.02e-11
 2.70756e+23	2.64e-03	2.61e-01	6.90e-01	4.46e-02	1.43e-03	2.28e-05	4.28e-07	0.00e+00	0.00e+00	2.64e-03	7.56e-11	8.96e-11
 2.72619e+23	3.04e-03	2.82e-01	6.75e-01	3.84e-02	1.20e-03	1.77e-05	3.24e-07	0.00e+00	0.00e+00	3.04e-03	9.07e-11	1.08e-10
 2.74489e+23	3.70e-03	3.14e-01	6.50e-01	3.13e-02	9.59e-04	1.25e-05	2.24e-07	0.00e+00	0.00e+00	3.70e-03	1.17e-10	1.39e-10
 2.76363e+23	4.31e-03	3.40e-01	6.28e-01	2.63e-02	7.99e-04	9.43e-06	1.67e-07	0.00e+00	0.00e+00	4.31e-03	1.42e-10	1.68e-10
 2.78243e+23	5.27e-03	3.78e-01	5.95e-01	2.08e-02	6.33e-04	6.48e-06	0.00e+00	0.00e+00	0.00e+00	5.27e-03	1.83e-10	2.17e-10
 2.80142e+23	6.22e-03	4.11e-01	5.65e-01	1.69e-02	5.19e-04	4.69e-06	0.00e+00	0.00e+00	0.00e+00	6.22e-03	2.25e-10	2.67e-10
 2.82066e+23	7.75e-03	4.57e-01	5.22e-01	1.27e-02	4.02e-04	3.03e-06	0.00e+00	0.00e+00	0.00e+00	7.75e-03	2.96e-10	3.52e-10
 2.84004e+23	9.27e-03	4.96e-01	4.84e-01	9.88e-03	3.25e-04	2.08e-06	0.00e+00	0.00e+00	0.00e+00	9.27e-03	3.70e-10	4.39e-10
 2.85960e+23	1.16e-02	5.47e-01	4.34e-01	7.07e-03	2.48e-04	1.27e-06	0.00e+00	0.00e+00	0.00e+00	1.16e-02	4.91e-10	5.84e-10
 2.87930e+23	1.43e-02	5.93e-01	3.88e-01	5.15e-03	1.94e-04	8.07e-07	0.00e+00	0.00e+00	0.00e+00	1.43e-02	6.26e-10	7.44e-10
 2.89411e+23	1.66e-02	6.27e-01	3.53e-01	4.00e-03	1.61e-04	5.64e-07	0.00e+00	0.00e+00	0.00e+00	1.66e-02	7.53e-10	8.95e-10
 2.90832e+23	1.99e-02	6.66e-01	3.11e-01	2.93e-03	1.29e-04	3.64e-07	0.00e+00	0.00e+00	0.00e+00	1.99e-02	9.39e-10	1.12e-09
 2.92355e+23	2.40e-02	7.03e-01	2.71e-01	2.11e-03	1.02e-04	2.30e-07	0.00e+00	0.00e+00	0.00e+00	2.40e-02	1.17e-09	1.39e-09
 2.93767e+23	2.89e-02	7.37e-01	2.33e-01	1.50e-03	8.03e-05	1.44e-07	0.00e+00	0.00e+00	0.00e+00	2.89e-02	1.46e-09	1.73e-09
 2.95142e+23	3.50e-02	7.68e-01	1.96e-01	1.04e-03	6.22e-05	0.00e+00	0.00e+00	0.00e+00	0.00e+00	3.50e-02	1.83e-09	2.17e-09
 2.96468e+23	4.26e-02	7.95e-01	1.62e-01	7.07e-04	4.75e-05	0.00e+00	0.00e+00	0.00e+00	0.00e+00	4.26e-02	2.30e-09	2.73e-09
 2.97704e+23	5.20e-02	8.16e-01	1.31e-01	4.76e-04	3.58e-05	0.00e+00	0.00e+00	0.00e+00	0.00e+00	5.20e-02	2.89e-09	3.43e-09
 2.98836e+23	6.30e-02	8.31e-01	1.06e-01	3.22e-04	2.69e-05	0.00e+00	0.00e+00	0.00e+00	0.00e+00	6.30e-02	3.60e-09	4.26e-09
 2.99881e+23	7.67e-02	8.40e-01	8.34e-02	2.16e-04	1.98e-05	0.00e+00	0.00e+00	0.00e+00	0.00e+00	7.67e-02	4.48e-09	5.31e-09
 3.00850e+23	9.32e-02	8.42e-01	6.50e-02	1.46e-04	1.45e-05	0.00e+00	0.00e+00	0.00e+00	0.00e+00	9.32e-02	5.54e-09	6.56e-09
 3.01728e+23	1.13e-01	8.37e-01	5.02e-02	9.92e-05	1.04e-05	0.00e+00	0.00e+00	0.00e+00	0.00e+00	1.13e-01	6.80e-09	8.05e-09
 3.02512e+23	1.35e-01	8.26e-01	3.87e-02	6.92e-05	7.52e-06	0.00e+00	0.00e+00	0.00e+00	0.00e+00	1.35e-01	8.22e-09	9.72e-09
 3.03210e+23	1.61e-01	8.09e-01	2.99e-02	4.93e-05	5.40e-06	0.00e+00	0.00e+00	0.00e+00	0.00e+00	1.61e-01	9.80e-09	1.16e-08
 3.03836e+23	1.89e-01	7.88e-01	2.31e-02	3.62e-05	3.91e-06	0.00e+00	0.00e+00	0.00e+00	0.00e+00	1.89e-01	1.15e-08	1.35e-08
 3.04404e+23	2.19e-01	7.63e-01	1.80e-02	2.72e-05	2.84e-06	0.00e+00	0.00e+00	0.00e+00	0.00e+00	2.19e-01	1.32e-08	1.56e-08
 3.04941e+23	2.53e-01	7.33e-01	1.39e-02	2.06e-05	2.04e-06	0.00e+00	0.00e+00	0.00e+00	0.00e+00	2.53e-01	1.51e-08	1.78e-08
 3.05445e+23	2.90e-01	6.99e-01	1.07e-02	1.58e-05	1.46e-06	0.00e+00	0.00e+00	0.00e+00	0.00e+00	2.90e-01	1.69e-08	1.99e-08
 3.05904e+23	3.28e-01	6.63e-01	8.32e-03	1.24e-05	1.06e-06	0.00e+00	0.00e+00	0.00e+00	0.00e+00	3.28e-01	1.87e-08	2.20e-08
 3.06321e+23	3.66e-01	6.27e-01	6.54e-03	9.96e-06	7.77e-07	0.00e+00	0.00e+00	0.00e+00	0.00e+00	3.66e-01	2.03e-08	2.38e-08
 3.06689e+23	4.02e-01	5.93e-01	5.25e-03	8.20e-06	5.87e-07	0.00e+00	0.00e+00	0.00e+00	0.00e+00	4.02e-01	2.16e-08	2.53e-08
 3.06951e+23	4.28e-01	5.68e-01	4.49e-03	7.17e-06	4.82e-07	0.00e+00	0.00e+00	0.00e+00	0.00e+00	4.28e-01	2.24e-08	2.63e-08
 3.07119e+23	4.45e-01	5.51e-01	4.05e-03	6.58e-06	4.23e-07	0.00e+00	0.00e+00	0.00e+00	0.00e+00	4.45e-01	2.29e-08	2.69e-08
 3.07289e+23	4.62e-01	5.34e-01	3.64e-03	6.02e-06	3.69e-07	0.00e+00	0.00e+00	0.00e+00	0.00e+00	4.62e-01	2.34e-08	2.74e-08
 3.07498e+23	4.84e-01	5.12e-01	3.18e-03	5.39e-06	3.11e-07	0.00e+00	0.00e+00	0.00e+00	0.00e+00	4.84e-01	2.39e-08	2.81e-08
 3.07727e+23	5.08e-01	4.89e-01	2.75e-03	4.80e-06	2.59e-07	0.00e+00	0.00e+00	0.00e+00	0.00e+00	5.08e-01	2.44e-08	2.87e-08
 3.07958e+23	5.32e-01	4.66e-01	2.37e-03	4.27e-06	2.15e-07	0.00e+00	0.00e+00	0.00e+00	0.00e+00	5.32e-01	2.49e-08	2.92e-08
 3.08192e+23	5.55e-01	4.43e-01	2.04e-03	3.81e-06	1.79e-07	0.00e+00	0.00e+00	0.00e+00	0.00e+00	5.55e-01	2.52e-08	2.95e-08
 3.08419e+23	5.78e-01	4.21e-01	1.75e-03	3.41e-06	1.49e-07	0.00e+00	0.00e+00	0.00e+00	0.00e+00	5.78e-01	2.55e-08	2.98e-08
 3.08548e+23	5.93e-01	4.06e-01	1.59e-03	3.18e-06	1.32e-07	0.00e+00	0.00e+00	0.00e+00	0.00e+00	5.93e-01	2.55e-08	2.99e-08
