#depth	He	He+	He+2
 4.62852e+21	2.95e-09	8.39e-05	1.00e+00
 1.02535e+22	5.78e-09	1.42e-04	1.00e+00
 1.17383e+22	7.44e-09	1.77e-04	1.00e+00
 1.24709e+22	8.49e-09	1.96e-04	1.00e+00
 1.27878e+22	8.83e-09	2.02e-04	1.00e+00
 1.29553e+22	9.27e-09	2.10e-04	1.00e+00
 1.31418e+22	9.72e-09	2.18e-04	1.00e+00
 1.33251e+22	1.02e-08	2.27e-04	1.00e+00
 1.35356e+22	1.08e-08	2.39e-04	1.00e+00
 1.37451e+22	1.13e-08	2.47e-04	1.00e+00
 1.39535e+22	1.20e-08	2.60e-04	1.00e+00
 1.41642e+22	1.25e-08	2.71e-04	1.00e+00
 1.43421e+22	1.31e-08	2.81e-04	1.00e+00
 1.45377e+22	1.37e-08	2.95e-04	1.00e+00
 1.47312e+22	1.42e-08	3.05e-04	1.00e+00
 1.49221e+22	1.49e-08	3.21e-04	1.00e+00
 1.51162e+22	1.55e-08	3.33e-04	1.00e+00
 1.53146e+22	1.62e-08	3.51e-04	1.00e+00
 1.55153e+22	1.68e-08	3.65e-04	1.00e+00
 1.57190e+22	1.75e-08	3.85e-04	1.00e+00
 1.59267e+22	1.80e-08	4.02e-04	1.00e+00
 1.61394e+22	1.87e-08	4.26e-04	1.00e+00
 1.63560e+22	1.93e-08	4.46e-04	1.00e+00
 1.65778e+22	1.99e-08	4.74e-04	1.00e+00
 1.68020e+22	2.04e-08	4.97e-04	1.00e+00
 1.69916e+22	2.07e-08	5.20e-04	9.99e-01
 1.71985e+22	2.11e-08	5.51e-04	9.99e-01
 1.74059e+22	2.14e-08	5.77e-04	9.99e-01
 1.76087e+22	2.17e-08	6.10e-04	9.99e-01
 1.78155e+22	2.19e-08	6.40e-04	9.99e-01
 1.80184e+22	2.20e-08	6.76e-04	9.99e-01
 1.82255e+22	2.21e-08	7.11e-04	9.99e-01
 1.84292e+22	2.21e-08	7.50e-04	9.99e-01
 1.86348e+22	2.21e-08	7.90e-04	9.99e-01
 1.88378e+22	2.21e-08	8.32e-04	9.99e-01
 1.90403e+22	2.21e-08	8.75e-04	9.99e-01
 1.92431e+22	2.21e-08	9.21e-04	9.99e-01
 1.94465e+22	2.21e-08	9.70e-04	9.99e-01
 1.96508e+22	2.22e-08	1.02e-03	9.99e-01
 1.98568e+22	2.24e-08	1.07e-03	9.99e-01
 2.00648e+22	2.26e-08	1.13e-03	9.99e-01
 2.02739e+22	2.30e-08	1.19e-03	9.99e-01
 2.04863e+22	2.35e-08	1.25e-03	9.99e-01
 2.07009e+22	2.42e-08	1.32e-03	9.99e-01
 2.09197e+22	2.51e-08	1.39e-03	9.99e-01
 2.11422e+22	2.61e-08	1.47e-03	9.99e-01
 2.13460e+22	2.72e-08	1.53e-03	9.98e-01
 2.15590e+22	2.88e-08	1.62e-03	9.98e-01
 2.17751e+22	3.03e-08	1.69e-03	9.98e-01
 2.19976e+22	3.26e-08	1.79e-03	9.98e-01
 2.22207e+22	3.47e-08	1.87e-03	9.98e-01
 2.24447e+22	3.77e-08	1.98e-03	9.98e-01
 2.26695e+22	4.03e-08	2.07e-03	9.98e-01
 2.28952e+22	4.42e-08	2.19e-03	9.98e-01
 2.31232e+22	4.76e-08	2.29e-03	9.98e-01
 2.33544e+22	5.25e-08	2.42e-03	9.98e-01
 2.35885e+22	5.69e-08	2.53e-03	9.97e-01
 2.38264e+22	6.32e-08	2.68e-03	9.97e-01
 2.40688e+22	6.88e-08	2.80e-03	9.97e-01
 2.43167e+22	7.70e-08	2.97e-03	9.97e-01
 2.45701e+22	8.42e-08	3.11e-03	9.97e-01
 2.48308e+22	9.49e-08	3.31e-03	9.97e-01
 2.50967e+22	1.04e-07	3.47e-03	9.97e-01
 2.53213e+22	1.13e-07	3.62e-03	9.96e-01
 2.55651e+22	1.27e-07	3.82e-03	9.96e-01
 2.58017e+22	1.37e-07	3.97e-03	9.96e-01
 2.60289e+22	1.52e-07	4.19e-03	9.96e-01
 2.62583e+22	1.64e-07	4.35e-03	9.96e-01
 2.64908e+22	1.82e-07	4.58e-03	9.95e-01
 2.67265e+22	1.97e-07	4.77e-03	9.95e-01
 2.69667e+22	2.20e-07	5.02e-03	9.95e-01
 2.72103e+22	2.38e-07	5.23e-03	9.95e-01
 2.74586e+22	2.66e-07	5.52e-03	9.94e-01
 2.77108e+22	2.89e-07	5.75e-03	9.94e-01
 2.79682e+22	3.24e-07	6.08e-03	9.94e-01
 2.82313e+22	3.53e-07	6.35e-03	9.94e-01
 2.85017e+22	3.97e-07	6.72e-03	9.93e-01
 2.87793e+22	4.35e-07	7.03e-03	9.93e-01
 2.90661e+22	4.91e-07	7.47e-03	9.93e-01
 2.93561e+22	5.39e-07	7.82e-03	9.92e-01
 2.96504e+22	6.09e-07	8.31e-03	9.92e-01
 2.99479e+22	6.69e-07	8.70e-03	9.91e-01
 3.02496e+22	7.59e-07	9.26e-03	9.91e-01
 3.05561e+22	8.35e-07	9.70e-03	9.90e-01
 3.08267e+22	9.20e-07	1.02e-02	9.90e-01
 3.11362e+22	1.04e-06	1.08e-02	9.89e-01
 3.14513e+22	1.15e-06	1.14e-02	9.89e-01
 3.17066e+22	1.26e-06	1.19e-02	9.88e-01
 3.19716e+22	1.39e-06	1.25e-02	9.88e-01
 3.22500e+22	1.52e-06	1.30e-02	9.87e-01
 3.25055e+22	1.66e-06	1.36e-02	9.86e-01
 3.27973e+22	1.85e-06	1.44e-02	9.86e-01
 3.30965e+22	2.04e-06	1.51e-02	9.85e-01
 3.33604e+22	2.23e-06	1.58e-02	9.84e-01
 3.36586e+22	2.50e-06	1.67e-02	9.83e-01
 3.39687e+22	2.77e-06	1.75e-02	9.82e-01
 3.42471e+22	3.04e-06	1.84e-02	9.82e-01
 3.45621e+22	3.41e-06	1.94e-02	9.81e-01
 3.48872e+22	3.79e-06	2.05e-02	9.80e-01
 3.51773e+22	4.17e-06	2.15e-02	9.79e-01
 3.55060e+22	4.72e-06	2.28e-02	9.77e-01
 3.58446e+22	5.25e-06	2.40e-02	9.76e-01
 3.61962e+22	5.98e-06	2.56e-02	9.74e-01
 3.65546e+22	6.69e-06	2.71e-02	9.73e-01
 3.68734e+22	7.43e-06	2.85e-02	9.71e-01
 3.72393e+22	8.53e-06	3.05e-02	9.69e-01
 3.76082e+22	9.53e-06	3.22e-02	9.68e-01
 3.79809e+22	1.09e-05	3.44e-02	9.66e-01
 3.83616e+22	1.23e-05	3.65e-02	9.64e-01
 3.86963e+22	1.37e-05	3.85e-02	9.61e-01
 3.90748e+22	1.58e-05	4.12e-02	9.59e-01
 3.94622e+22	1.77e-05	4.37e-02	9.56e-01
 3.98611e+22	2.05e-05	4.69e-02	9.53e-01
 4.02664e+22	2.31e-05	4.98e-02	9.50e-01
 4.06258e+22	2.60e-05	5.27e-02	9.47e-01
 4.10387e+22	3.03e-05	5.67e-02	9.43e-01
 4.14575e+22	3.42e-05	6.01e-02	9.40e-01
 4.18214e+22	3.84e-05	6.36e-02	9.36e-01
 4.21695e+22	4.28e-05	6.70e-02	9.33e-01
 4.25012e+22	4.76e-05	7.06e-02	9.29e-01
 4.28740e+22	5.44e-05	7.52e-02	9.25e-01
 4.32460e+22	6.05e-05	7.91e-02	9.21e-01
 4.36170e+22	6.90e-05	8.43e-02	9.16e-01
 4.39948e+22	7.69e-05	8.88e-02	9.11e-01
 4.43815e+22	8.81e-05	9.47e-02	9.05e-01
 4.47720e+22	9.84e-05	9.98e-02	9.00e-01
 4.51158e+22	1.10e-04	1.05e-01	8.95e-01
 4.55108e+22	1.26e-04	1.12e-01	8.88e-01
 4.58931e+22	1.39e-04	1.17e-01	8.83e-01
 4.61974e+22	1.52e-04	1.22e-01	8.77e-01
 4.65315e+22	1.70e-04	1.29e-01	8.71e-01
 4.68715e+22	1.87e-04	1.35e-01	8.65e-01
 4.71714e+22	2.04e-04	1.40e-01	8.59e-01
 4.75138e+22	2.29e-04	1.48e-01	8.52e-01
 4.78604e+22	2.51e-04	1.54e-01	8.45e-01
 4.81642e+22	2.75e-04	1.61e-01	8.39e-01
 4.85112e+22	3.09e-04	1.70e-01	8.30e-01
 4.88611e+22	3.37e-04	1.77e-01	8.23e-01
 4.92149e+22	3.78e-04	1.86e-01	8.14e-01
 4.95742e+22	4.15e-04	1.94e-01	8.06e-01
 4.98909e+22	4.54e-04	2.02e-01	7.98e-01
 5.02527e+22	5.08e-04	2.12e-01	7.87e-01
 5.06222e+22	5.59e-04	2.21e-01	7.78e-01
 5.10020e+22	6.26e-04	2.32e-01	7.67e-01
 5.13894e+22	6.92e-04	2.43e-01	7.57e-01
 5.16391e+22	7.23e-04	2.47e-01	7.52e-01
 5.18162e+22	7.65e-04	2.53e-01	7.46e-01
 5.20465e+22	8.18e-04	2.61e-01	7.39e-01
 5.23458e+22	8.91e-04	2.70e-01	7.29e-01
 5.27350e+22	1.01e-03	2.85e-01	7.14e-01
 5.31282e+22	1.10e-03	2.95e-01	7.04e-01
 5.35268e+22	1.23e-03	3.10e-01	6.89e-01
 5.39425e+22	1.37e-03	3.23e-01	6.76e-01
 5.42644e+22	1.47e-03	3.32e-01	6.67e-01
 5.45668e+22	1.59e-03	3.43e-01	6.55e-01
 5.48786e+22	1.71e-03	3.53e-01	6.45e-01
 5.52026e+22	1.87e-03	3.65e-01	6.33e-01
 5.55292e+22	2.01e-03	3.76e-01	6.22e-01
 5.58592e+22	2.20e-03	3.89e-01	6.09e-01
 5.61920e+22	2.37e-03	4.00e-01	5.98e-01
 5.65287e+22	2.58e-03	4.13e-01	5.85e-01
 5.68733e+22	2.79e-03	4.25e-01	5.73e-01
 5.71796e+22	3.00e-03	4.36e-01	5.61e-01
 5.75293e+22	3.27e-03	4.50e-01	5.47e-01
 5.78895e+22	3.54e-03	4.62e-01	5.34e-01
 5.82636e+22	3.89e-03	4.78e-01	5.18e-01
 5.86404e+22	4.20e-03	4.91e-01	5.05e-01
 5.90206e+22	4.61e-03	5.06e-01	4.89e-01
 5.94140e+22	5.00e-03	5.20e-01	4.75e-01
 5.97709e+22	5.41e-03	5.33e-01	4.62e-01
 6.01812e+22	5.99e-03	5.50e-01	4.44e-01
 6.05937e+22	6.46e-03	5.63e-01	4.30e-01
 6.10090e+22	7.12e-03	5.80e-01	4.13e-01
 6.14341e+22	7.72e-03	5.94e-01	3.98e-01
 6.18718e+22	8.54e-03	6.12e-01	3.80e-01
 6.23166e+22	9.26e-03	6.26e-01	3.65e-01
 6.27707e+22	1.03e-02	6.44e-01	3.46e-01
 6.32319e+22	1.11e-02	6.57e-01	3.31e-01
 6.37022e+22	1.24e-02	6.75e-01	3.12e-01
 6.41863e+22	1.35e-02	6.89e-01	2.97e-01
 6.46881e+22	1.51e-02	7.08e-01	2.77e-01
 6.52018e+22	1.64e-02	7.22e-01	2.62e-01
 6.57308e+22	1.85e-02	7.40e-01	2.42e-01
 6.62778e+22	2.03e-02	7.54e-01	2.26e-01
 6.68480e+22	2.30e-02	7.71e-01	2.06e-01
 6.74425e+22	2.55e-02	7.86e-01	1.89e-01
 6.80589e+22	2.92e-02	8.02e-01	1.69e-01
 6.85934e+22	3.14e-02	8.11e-01	1.58e-01
 6.90311e+22	3.45e-02	8.21e-01	1.45e-01
 6.94942e+22	3.77e-02	8.29e-01	1.33e-01
 6.99903e+22	4.22e-02	8.38e-01	1.20e-01
 7.04948e+22	4.63e-02	8.45e-01	1.09e-01
 7.10100e+22	5.22e-02	8.52e-01	9.61e-02
 7.15449e+22	5.81e-02	8.56e-01	8.58e-02
 7.19708e+22	6.32e-02	8.59e-01	7.83e-02
 7.23342e+22	6.87e-02	8.60e-01	7.16e-02
 7.27508e+22	7.67e-02	8.59e-01	6.39e-02
 7.31861e+22	8.48e-02	8.58e-01	5.76e-02
 7.35719e+22	9.35e-02	8.54e-01	5.22e-02
 7.39342e+22	1.03e-01	8.49e-01	4.76e-02
 7.42728e+22	1.13e-01	8.43e-01	4.37e-02
 7.45862e+22	1.24e-01	8.35e-01	4.05e-02
 7.48740e+22	1.36e-01	8.27e-01	3.79e-02
 7.51344e+22	1.48e-01	8.17e-01	3.58e-02
 7.53701e+22	1.60e-01	8.06e-01	3.41e-02
 7.55848e+22	1.73e-01	7.95e-01	3.27e-02
 7.57197e+22	1.80e-01	7.88e-01	3.24e-02
 7.57695e+22	1.83e-01	7.85e-01	3.22e-02
 7.58093e+22	1.86e-01	7.82e-01	3.20e-02
 7.58610e+22	1.90e-01	7.79e-01	3.17e-02
 7.59217e+22	1.95e-01	7.74e-01	3.14e-02
 7.59821e+22	1.99e-01	7.70e-01	3.12e-02
 7.60411e+22	2.04e-01	7.65e-01	3.09e-02
 7.61009e+22	2.09e-01	7.60e-01	3.07e-02
 7.61599e+22	2.14e-01	7.56e-01	3.05e-02
 7.62196e+22	2.19e-01	7.51e-01	3.03e-02
 7.62813e+22	2.25e-01	7.45e-01	3.01e-02
 7.63443e+22	2.31e-01	7.39e-01	3.00e-02
 7.64085e+22	2.37e-01	7.33e-01	2.98e-02
 7.64740e+22	2.44e-01	7.27e-01	2.97e-02
 7.65410e+22	2.51e-01	7.20e-01	2.96e-02
 7.66101e+22	2.58e-01	7.13e-01	2.95e-02
 7.66820e+22	2.66e-01	7.05e-01	2.95e-02
 7.67564e+22	2.74e-01	6.96e-01	2.94e-02
 7.68303e+22	2.83e-01	6.88e-01	2.94e-02
 7.68880e+22	2.89e-01	6.82e-01	2.95e-02
 7.69269e+22	2.93e-01	6.77e-01	2.95e-02
 7.69642e+22	2.98e-01	6.72e-01	2.95e-02
 7.70086e+22	3.04e-01	6.66e-01	2.94e-02
 7.70575e+22	3.11e-01	6.60e-01	2.93e-02
 7.71046e+22	3.16e-01	6.54e-01	2.94e-02
 7.71507e+22	3.23e-01	6.48e-01	2.93e-02
 7.71981e+22	3.29e-01	6.41e-01	2.92e-02
 7.72463e+22	3.36e-01	6.35e-01	2.91e-02
 7.72951e+22	3.44e-01	6.27e-01	2.90e-02
 7.73438e+22	3.51e-01	6.21e-01	2.89e-02
 7.73942e+22	3.58e-01	6.13e-01	2.88e-02
 7.74471e+22	3.67e-01	6.05e-01	2.86e-02
 7.75000e+22	3.75e-01	5.97e-01	2.84e-02
 7.75527e+22	3.83e-01	5.89e-01	2.82e-02
 7.76075e+22	3.92e-01	5.80e-01	2.80e-02
 7.76650e+22	4.02e-01	5.70e-01	2.77e-02
 7.77227e+22	4.12e-01	5.61e-01	2.74e-02
 7.77813e+22	4.22e-01	5.51e-01	2.71e-02
 7.78423e+22	4.32e-01	5.41e-01	2.67e-02
 7.79054e+22	4.43e-01	5.31e-01	2.63e-02
 7.79697e+22	4.54e-01	5.20e-01	2.58e-02
 7.80356e+22	4.66e-01	5.09e-01	2.53e-02
 7.81038e+22	4.78e-01	4.97e-01	2.48e-02
 7.81739e+22	4.91e-01	4.85e-01	2.43e-02
 7.82461e+22	5.04e-01	4.73e-01	2.37e-02
 7.83208e+22	5.17e-01	4.60e-01	2.30e-02
 7.83971e+22	5.30e-01	4.47e-01	2.24e-02
 7.84753e+22	5.44e-01	4.34e-01	2.17e-02
 7.85553e+22	5.58e-01	4.21e-01	2.10e-02
 7.86369e+22	5.72e-01	4.07e-01	2.02e-02
 7.87204e+22	5.86e-01	3.94e-01	1.95e-02
 7.88044e+22	6.00e-01	3.81e-01	1.87e-02
 7.88882e+22	6.14e-01	3.68e-01	1.80e-02
 7.89735e+22	6.27e-01	3.55e-01	1.72e-02
 7.90618e+22	6.41e-01	3.43e-01	1.64e-02
 7.91511e+22	6.54e-01	3.30e-01	1.57e-02
 7.92409e+22	6.67e-01	3.18e-01	1.50e-02
 7.93333e+22	6.80e-01	3.06e-01	1.42e-02
 7.94286e+22	6.92e-01	2.94e-01	1.34e-02
 7.95251e+22	7.05e-01	2.82e-01	1.27e-02
 7.96226e+22	7.17e-01	2.71e-01	1.20e-02
 7.97232e+22	7.29e-01	2.60e-01	1.12e-02
 7.98265e+22	7.40e-01	2.49e-01	1.06e-02
 7.99279e+22	7.51e-01	2.39e-01	9.91e-03
 8.00237e+22	7.61e-01	2.30e-01	9.32e-03
 8.01119e+22	7.69e-01	2.22e-01	8.80e-03
 8.01938e+22	7.77e-01	2.15e-01	8.32e-03
 8.02695e+22	7.84e-01	2.08e-01	7.91e-03
 8.03428e+22	7.90e-01	2.02e-01	7.51e-03
 8.04164e+22	7.96e-01	1.97e-01	7.16e-03
 8.04887e+22	8.02e-01	1.91e-01	6.78e-03
 8.05563e+22	8.08e-01	1.86e-01	6.48e-03
 8.06193e+22	8.12e-01	1.81e-01	6.19e-03
 8.06827e+22	8.17e-01	1.77e-01	5.91e-03
 8.07438e+22	8.22e-01	1.73e-01	5.66e-03
 8.08015e+22	8.26e-01	1.69e-01	5.42e-03
 8.08588e+22	8.30e-01	1.65e-01	5.19e-03
 8.09137e+22	8.34e-01	1.61e-01	4.99e-03
 8.09653e+22	8.37e-01	1.58e-01	4.79e-03
 8.10159e+22	8.41e-01	1.55e-01	4.61e-03
 8.10652e+22	8.44e-01	1.52e-01	4.43e-03
 8.11115e+22	8.47e-01	1.49e-01	4.27e-03
 8.11537e+22	8.50e-01	1.46e-01	4.13e-03
 8.11921e+22	8.52e-01	1.44e-01	4.00e-03
 8.12270e+22	8.54e-01	1.42e-01	3.88e-03
 8.12588e+22	8.56e-01	1.40e-01	3.78e-03
 8.12877e+22	8.58e-01	1.38e-01	3.68e-03
 8.13141e+22	8.60e-01	1.36e-01	3.60e-03
 8.13429e+22	8.62e-01	1.35e-01	3.50e-03
 8.13740e+22	8.64e-01	1.33e-01	3.41e-03
 8.14024e+22	8.65e-01	1.31e-01	3.33e-03
 8.14282e+22	8.67e-01	1.30e-01	3.26e-03
 8.14516e+22	8.68e-01	1.29e-01	3.20e-03
 8.14773e+22	8.70e-01	1.27e-01	3.12e-03
 8.15108e+22	8.72e-01	1.25e-01	3.02e-03
 8.15468e+22	8.74e-01	1.23e-01	2.94e-03
 8.15797e+22	8.76e-01	1.22e-01	2.86e-03
 8.16096e+22	8.77e-01	1.20e-01	2.80e-03
 8.16423e+22	8.79e-01	1.18e-01	2.72e-03
 8.16777e+22	8.81e-01	1.17e-01	2.64e-03
 8.17098e+22	8.82e-01	1.15e-01	2.58e-03
 8.17391e+22	8.83e-01	1.14e-01	2.52e-03
 8.17657e+22	8.84e-01	1.13e-01	2.48e-03
 8.17949e+22	8.86e-01	1.11e-01	2.41e-03
 8.18329e+22	8.88e-01	1.10e-01	2.33e-03
 8.18739e+22	8.90e-01	1.08e-01	2.26e-03
 8.19111e+22	8.91e-01	1.07e-01	2.20e-03
 8.19451e+22	8.93e-01	1.05e-01	2.15e-03
 8.19759e+22	8.94e-01	1.04e-01	2.10e-03
 8.20040e+22	8.95e-01	1.03e-01	2.05e-03
 8.20348e+22	8.97e-01	1.01e-01	1.99e-03
 8.20681e+22	8.98e-01	9.99e-02	1.93e-03
 8.20983e+22	8.99e-01	9.87e-02	1.89e-03
 8.21258e+22	9.01e-01	9.76e-02	1.85e-03
 8.21509e+22	9.01e-01	9.67e-02	1.81e-03
 8.21783e+22	9.03e-01	9.54e-02	1.76e-03
 8.22140e+22	9.04e-01	9.39e-02	1.71e-03
 8.22525e+22	9.06e-01	9.25e-02	1.66e-03
 8.22876e+22	9.07e-01	9.13e-02	1.61e-03
 8.23195e+22	9.08e-01	9.02e-02	1.58e-03
 8.23485e+22	9.09e-01	8.91e-02	1.54e-03
 8.23749e+22	9.10e-01	8.81e-02	1.51e-03
 8.24038e+22	9.12e-01	8.69e-02	1.46e-03
 8.24351e+22	9.13e-01	8.58e-02	1.43e-03
 8.24635e+22	9.14e-01	8.49e-02	1.40e-03
 8.24947e+22	9.15e-01	8.37e-02	1.36e-03
 8.25283e+22	9.16e-01	8.26e-02	1.32e-03
 8.25589e+22	9.17e-01	8.17e-02	1.29e-03
 8.25868e+22	9.18e-01	8.07e-02	1.26e-03
 8.26121e+22	9.19e-01	8.01e-02	1.24e-03
 8.26399e+22	9.20e-01	7.91e-02	1.21e-03
 8.26760e+22	9.21e-01	7.80e-02	1.18e-03
 8.27150e+22	9.22e-01	7.71e-02	1.15e-03
 8.27505e+22	9.23e-01	7.60e-02	1.12e-03
 8.27828e+22	9.24e-01	7.53e-02	1.10e-03
 8.28181e+22	9.25e-01	7.42e-02	1.07e-03
 8.28563e+22	9.26e-01	7.33e-02	1.04e-03
 8.28911e+22	9.27e-01	7.24e-02	1.01e-03
 8.29292e+22	9.28e-01	7.13e-02	9.84e-04
 8.29703e+22	9.29e-01	7.03e-02	9.57e-04
 8.30077e+22	9.30e-01	6.94e-02	9.34e-04
 8.30487e+22	9.31e-01	6.83e-02	9.04e-04
 8.30929e+22	9.32e-01	6.73e-02	8.78e-04
 8.31332e+22	9.33e-01	6.64e-02	8.55e-04
 8.31699e+22	9.34e-01	6.54e-02	8.30e-04
 8.32032e+22	9.34e-01	6.48e-02	8.14e-04
 8.32398e+22	9.35e-01	6.38e-02	7.89e-04
 8.32792e+22	9.36e-01	6.30e-02	7.69e-04
 8.33151e+22	9.37e-01	6.24e-02	7.54e-04
 8.33545e+22	9.38e-01	6.13e-02	7.28e-04
 8.33970e+22	9.39e-01	6.05e-02	7.10e-04
 8.34356e+22	9.40e-01	5.97e-02	6.90e-04
 8.34708e+22	9.40e-01	5.91e-02	6.76e-04
 8.35093e+22	9.41e-01	5.82e-02	6.56e-04
 8.35509e+22	9.42e-01	5.74e-02	6.39e-04
 8.35888e+22	9.43e-01	5.68e-02	6.25e-04
 8.36303e+22	9.44e-01	5.59e-02	6.05e-04
 8.36751e+22	9.44e-01	5.51e-02	5.89e-04
 8.37159e+22	9.45e-01	5.45e-02	5.75e-04
 8.37605e+22	9.46e-01	5.35e-02	5.55e-04
 8.38087e+22	9.47e-01	5.28e-02	5.40e-04
 8.38526e+22	9.47e-01	5.21e-02	5.26e-04
 8.39007e+22	9.48e-01	5.11e-02	5.07e-04
 8.39526e+22	9.49e-01	5.04e-02	4.93e-04
 8.39999e+22	9.50e-01	4.97e-02	4.80e-04
 8.40516e+22	9.51e-01	4.88e-02	4.61e-04
 8.41075e+22	9.51e-01	4.81e-02	4.48e-04
 8.41584e+22	9.52e-01	4.73e-02	4.34e-04
 8.42047e+22	9.53e-01	4.66e-02	4.22e-04
 8.42554e+22	9.54e-01	4.58e-02	4.07e-04
 8.43101e+22	9.55e-01	4.50e-02	3.94e-04
 8.43600e+22	9.55e-01	4.44e-02	3.84e-04
 8.44146e+22	9.56e-01	4.36e-02	3.69e-04
 8.44735e+22	9.57e-01	4.29e-02	3.57e-04
 8.45271e+22	9.57e-01	4.23e-02	3.47e-04
 8.45859e+22	9.58e-01	4.14e-02	3.33e-04
 8.46494e+22	9.59e-01	4.08e-02	3.23e-04
 8.47071e+22	9.60e-01	4.01e-02	3.12e-04
 8.47596e+22	9.60e-01	3.95e-02	3.03e-04
 8.48172e+22	9.61e-01	3.87e-02	2.91e-04
 8.48794e+22	9.62e-01	3.80e-02	2.81e-04
 8.49359e+22	9.62e-01	3.75e-02	2.73e-04
 8.49979e+22	9.63e-01	3.67e-02	2.62e-04
 8.50648e+22	9.64e-01	3.61e-02	2.53e-04
 8.51257e+22	9.64e-01	3.55e-02	2.45e-04
 8.51925e+22	9.65e-01	3.47e-02	2.35e-04
 8.52645e+22	9.66e-01	3.42e-02	2.27e-04
 8.53300e+22	9.66e-01	3.35e-02	2.19e-04
 8.53897e+22	9.67e-01	3.30e-02	2.12e-04
 8.54551e+22	9.68e-01	3.23e-02	2.03e-04
 8.55256e+22	9.68e-01	3.17e-02	1.96e-04
 8.55899e+22	9.69e-01	3.12e-02	1.89e-04
 8.56602e+22	9.69e-01	3.05e-02	1.81e-04
 8.57362e+22	9.70e-01	2.99e-02	1.75e-04
 8.58053e+22	9.70e-01	2.94e-02	1.68e-04
 8.58811e+22	9.71e-01	2.87e-02	1.61e-04
 8.59629e+22	9.72e-01	2.82e-02	1.55e-04
 8.60373e+22	9.72e-01	2.77e-02	1.49e-04
 8.61188e+22	9.73e-01	2.70e-02	1.42e-04
 8.62069e+22	9.73e-01	2.64e-02	1.36e-04
 8.62870e+22	9.74e-01	2.59e-02	1.31e-04
 8.63748e+22	9.75e-01	2.53e-02	1.25e-04
 8.64696e+22	9.75e-01	2.47e-02	1.19e-04
 8.65558e+22	9.76e-01	2.42e-02	1.14e-04
 8.66343e+22	9.76e-01	2.37e-02	1.10e-04
 8.67203e+22	9.77e-01	2.31e-02	1.04e-04
 8.68317e+22	9.77e-01	2.25e-02	9.86e-05
 8.69565e+22	9.78e-01	2.18e-02	9.28e-05
 8.70802e+22	9.79e-01	2.11e-02	8.72e-05
 8.72048e+22	9.79e-01	2.04e-02	8.18e-05
 8.73322e+22	9.80e-01	1.98e-02	7.67e-05
 8.74618e+22	9.81e-01	1.92e-02	7.19e-05
 8.75929e+22	9.81e-01	1.85e-02	6.74e-05
 8.77255e+22	9.82e-01	1.79e-02	6.31e-05
 8.78598e+22	9.83e-01	1.73e-02	5.90e-05
 8.79957e+22	9.83e-01	1.68e-02	5.52e-05
 8.81332e+22	9.84e-01	1.62e-02	5.16e-05
 8.82723e+22	9.84e-01	1.57e-02	4.82e-05
 8.84128e+22	9.85e-01	1.51e-02	4.50e-05
 8.85548e+22	9.85e-01	1.46e-02	4.20e-05
 8.86982e+22	9.86e-01	1.41e-02	3.92e-05
 8.88429e+22	9.86e-01	1.36e-02	3.65e-05
 8.89888e+22	9.87e-01	1.31e-02	3.40e-05
 8.91360e+22	9.87e-01	1.27e-02	3.17e-05
 8.92847e+22	9.88e-01	1.22e-02	2.95e-05
 8.94348e+22	9.88e-01	1.18e-02	2.75e-05
 8.95863e+22	9.89e-01	1.14e-02	2.56e-05
 8.97389e+22	9.89e-01	1.10e-02	2.38e-05
 8.98930e+22	9.89e-01	1.06e-02	2.21e-05
 9.00483e+22	9.90e-01	1.02e-02	2.05e-05
 9.02077e+22	9.90e-01	9.82e-03	1.90e-05
 9.03709e+22	9.91e-01	9.45e-03	1.76e-05
 9.05355e+22	9.91e-01	9.09e-03	1.63e-05
 9.07019e+22	9.91e-01	8.74e-03	1.51e-05
 9.08702e+22	9.92e-01	8.40e-03	1.40e-05
 9.10404e+22	9.92e-01	8.08e-03	1.29e-05
 9.12126e+22	9.92e-01	7.76e-03	1.19e-05
 9.13871e+22	9.93e-01	7.45e-03	1.10e-05
 9.15646e+22	9.93e-01	7.15e-03	1.01e-05
 9.17451e+22	9.93e-01	6.86e-03	9.35e-06
 9.19306e+22	9.93e-01	6.58e-03	8.59e-06
 9.21208e+22	9.94e-01	6.30e-03	7.88e-06
 9.23138e+22	9.94e-01	6.03e-03	7.22e-06
 9.24907e+22	9.94e-01	5.81e-03	6.71e-06
