#depth	N	N+	N+2	N+3	N+4	N+5	N+6	N+7
 4.62852e+21	2.23e-18	2.28e-13	6.38e-10	1.76e-07	1.37e-05	7.51e-03	1.72e-01	8.20e-01
 1.02535e+22	6.06e-17	3.93e-12	6.96e-09	1.16e-06	5.15e-05	1.72e-02	2.46e-01	7.37e-01
 1.17383e+22	2.28e-16	1.24e-11	1.83e-08	2.50e-06	8.93e-05	2.42e-02	2.82e-01	6.93e-01
 1.24709e+22	4.27e-16	2.14e-11	2.89e-08	3.59e-06	1.16e-04	2.83e-02	3.01e-01	6.71e-01
 1.27878e+22	5.15e-16	2.52e-11	3.32e-08	4.01e-06	1.25e-04	2.97e-02	3.06e-01	6.64e-01
 1.29553e+22	6.50e-16	3.07e-11	3.93e-08	4.58e-06	1.38e-04	3.15e-02	3.13e-01	6.55e-01
 1.31418e+22	8.18e-16	3.75e-11	4.64e-08	5.24e-06	1.52e-04	3.34e-02	3.20e-01	6.46e-01
 1.33251e+22	1.02e-15	4.55e-11	5.46e-08	5.96e-06	1.66e-04	3.54e-02	3.27e-01	6.37e-01
 1.35356e+22	1.38e-15	5.91e-11	6.81e-08	7.11e-06	1.89e-04	3.82e-02	3.36e-01	6.25e-01
 1.37451e+22	1.71e-15	7.11e-11	7.96e-08	8.05e-06	2.06e-04	4.03e-02	3.43e-01	6.16e-01
 1.39535e+22	2.32e-15	9.24e-11	9.94e-08	9.61e-06	2.34e-04	4.35e-02	3.53e-01	6.04e-01
 1.41642e+22	2.91e-15	1.12e-10	1.17e-07	1.10e-05	2.57e-04	4.60e-02	3.60e-01	5.94e-01
 1.43421e+22	3.58e-15	1.34e-10	1.36e-07	1.24e-05	2.80e-04	4.84e-02	3.66e-01	5.85e-01
 1.45377e+22	4.75e-15	1.72e-10	1.68e-07	1.46e-05	3.16e-04	5.20e-02	3.75e-01	5.72e-01
 1.47312e+22	5.82e-15	2.05e-10	1.95e-07	1.65e-05	3.44e-04	5.47e-02	3.82e-01	5.63e-01
 1.49221e+22	7.65e-15	2.60e-10	2.38e-07	1.93e-05	3.86e-04	5.85e-02	3.90e-01	5.51e-01
 1.51162e+22	9.45e-15	3.12e-10	2.78e-07	2.19e-05	4.22e-04	6.17e-02	3.97e-01	5.41e-01
 1.53146e+22	1.26e-14	4.00e-10	3.43e-07	2.60e-05	4.76e-04	6.62e-02	4.06e-01	5.27e-01
 1.55153e+22	1.56e-14	4.83e-10	4.03e-07	2.95e-05	5.22e-04	6.99e-02	4.13e-01	5.17e-01
 1.57190e+22	2.08e-14	6.20e-10	4.99e-07	3.51e-05	5.91e-04	7.51e-02	4.22e-01	5.02e-01
 1.59267e+22	2.61e-14	7.58e-10	5.92e-07	4.04e-05	6.52e-04	7.95e-02	4.29e-01	4.91e-01
 1.61394e+22	3.52e-14	9.84e-10	7.40e-07	4.84e-05	7.43e-04	8.57e-02	4.38e-01	4.75e-01
 1.63560e+22	4.46e-14	1.21e-09	8.84e-07	5.60e-05	8.24e-04	9.10e-02	4.45e-01	4.63e-01
 1.65778e+22	6.06e-14	1.58e-09	1.11e-06	6.78e-05	9.45e-04	9.83e-02	4.54e-01	4.46e-01
 1.68020e+22	7.69e-14	1.95e-09	1.34e-06	7.86e-05	1.05e-03	1.04e-01	4.61e-01	4.33e-01
 1.69916e+22	9.54e-14	2.36e-09	1.58e-06	9.02e-05	1.16e-03	1.10e-01	4.67e-01	4.21e-01
 1.71985e+22	1.25e-13	3.01e-09	1.95e-06	1.08e-04	1.32e-03	1.18e-01	4.75e-01	4.05e-01
 1.74059e+22	1.55e-13	3.63e-09	2.29e-06	1.23e-04	1.46e-03	1.25e-01	4.80e-01	3.93e-01
 1.76087e+22	2.00e-13	4.55e-09	2.80e-06	1.46e-04	1.64e-03	1.34e-01	4.87e-01	3.78e-01
 1.78155e+22	2.47e-13	5.49e-09	3.30e-06	1.68e-04	1.82e-03	1.41e-01	4.92e-01	3.65e-01
 1.80184e+22	3.12e-13	6.78e-09	3.98e-06	1.97e-04	2.05e-03	1.50e-01	4.97e-01	3.50e-01
 1.82255e+22	3.84e-13	8.19e-09	4.72e-06	2.28e-04	2.28e-03	1.59e-01	5.01e-01	3.37e-01
 1.84292e+22	4.76e-13	9.94e-09	5.62e-06	2.66e-04	2.55e-03	1.69e-01	5.05e-01	3.23e-01
 1.86348e+22	5.82e-13	1.19e-08	6.63e-06	3.07e-04	2.83e-03	1.79e-01	5.08e-01	3.10e-01
 1.88378e+22	7.08e-13	1.43e-08	7.81e-06	3.55e-04	3.15e-03	1.89e-01	5.11e-01	2.97e-01
 1.90403e+22	8.53e-13	1.70e-08	9.15e-06	4.08e-04	3.50e-03	1.99e-01	5.13e-01	2.84e-01
 1.92431e+22	1.02e-12	2.01e-08	1.07e-05	4.70e-04	3.88e-03	2.10e-01	5.15e-01	2.71e-01
 1.94465e+22	1.22e-12	2.37e-08	1.24e-05	5.38e-04	4.30e-03	2.21e-01	5.16e-01	2.59e-01
 1.96508e+22	1.45e-12	2.78e-08	1.45e-05	6.16e-04	4.76e-03	2.32e-01	5.16e-01	2.47e-01
 1.98568e+22	1.70e-12	3.25e-08	1.67e-05	7.04e-04	5.26e-03	2.44e-01	5.16e-01	2.35e-01
 2.00648e+22	2.00e-12	3.78e-08	1.93e-05	8.03e-04	5.81e-03	2.56e-01	5.15e-01	2.23e-01
 2.02739e+22	2.33e-12	4.38e-08	2.22e-05	9.14e-04	6.40e-03	2.68e-01	5.13e-01	2.12e-01
 2.04863e+22	2.71e-12	5.07e-08	2.56e-05	1.04e-03	7.07e-03	2.81e-01	5.11e-01	2.00e-01
 2.07009e+22	3.16e-12	5.83e-08	2.93e-05	1.18e-03	7.78e-03	2.93e-01	5.08e-01	1.90e-01
 2.09197e+22	3.66e-12	6.72e-08	3.37e-05	1.34e-03	8.59e-03	3.07e-01	5.04e-01	1.79e-01
 2.11422e+22	4.21e-12	7.70e-08	3.84e-05	1.52e-03	9.44e-03	3.20e-01	5.00e-01	1.69e-01
 2.13460e+22	4.71e-12	8.60e-08	4.28e-05	1.68e-03	1.02e-02	3.32e-01	4.96e-01	1.60e-01
 2.15590e+22	5.41e-12	9.87e-08	4.91e-05	1.91e-03	1.13e-02	3.46e-01	4.90e-01	1.50e-01
 2.17751e+22	6.05e-12	1.10e-07	5.47e-05	2.11e-03	1.22e-02	3.58e-01	4.85e-01	1.43e-01
 2.19976e+22	6.94e-12	1.26e-07	6.26e-05	2.40e-03	1.34e-02	3.73e-01	4.78e-01	1.33e-01
 2.22207e+22	7.70e-12	1.40e-07	6.94e-05	2.65e-03	1.45e-02	3.85e-01	4.72e-01	1.26e-01
 2.24447e+22	8.76e-12	1.59e-07	7.92e-05	3.00e-03	1.60e-02	4.00e-01	4.64e-01	1.17e-01
 2.26695e+22	9.70e-12	1.76e-07	8.75e-05	3.28e-03	1.71e-02	4.11e-01	4.58e-01	1.11e-01
 2.28952e+22	1.10e-11	2.00e-07	9.93e-05	3.70e-03	1.88e-02	4.26e-01	4.49e-01	1.03e-01
 2.31232e+22	1.21e-11	2.20e-07	1.10e-04	4.05e-03	2.01e-02	4.37e-01	4.42e-01	9.69e-02
 2.33544e+22	1.37e-11	2.49e-07	1.24e-04	4.55e-03	2.20e-02	4.52e-01	4.32e-01	8.97e-02
 2.35885e+22	1.51e-11	2.75e-07	1.37e-04	4.97e-03	2.36e-02	4.63e-01	4.24e-01	8.43e-02
 2.38264e+22	1.71e-11	3.10e-07	1.55e-04	5.57e-03	2.58e-02	4.78e-01	4.13e-01	7.77e-02
 2.40688e+22	1.89e-11	3.43e-07	1.71e-04	6.09e-03	2.76e-02	4.89e-01	4.04e-01	7.29e-02
 2.43167e+22	2.13e-11	3.88e-07	1.94e-04	6.82e-03	3.02e-02	5.03e-01	3.93e-01	6.68e-02
 2.45701e+22	2.36e-11	4.29e-07	2.15e-04	7.46e-03	3.23e-02	5.14e-01	3.83e-01	6.23e-02
 2.48308e+22	2.68e-11	4.87e-07	2.45e-04	8.36e-03	3.53e-02	5.28e-01	3.71e-01	5.68e-02
 2.50967e+22	2.99e-11	5.41e-07	2.72e-04	9.14e-03	3.78e-02	5.39e-01	3.61e-01	5.28e-02
 2.53213e+22	3.27e-11	5.93e-07	2.98e-04	9.89e-03	4.01e-02	5.48e-01	3.52e-01	4.94e-02
 2.55651e+22	3.67e-11	6.66e-07	3.35e-04	1.09e-02	4.33e-02	5.60e-01	3.40e-01	4.52e-02
 2.58017e+22	4.01e-11	7.26e-07	3.65e-04	1.17e-02	4.57e-02	5.68e-01	3.32e-01	4.24e-02
 2.60289e+22	4.44e-11	8.06e-07	4.07e-04	1.29e-02	4.90e-02	5.78e-01	3.21e-01	3.90e-02
 2.62583e+22	4.88e-11	8.82e-07	4.44e-04	1.38e-02	5.16e-02	5.85e-01	3.12e-01	3.65e-02
 2.64908e+22	5.44e-11	9.83e-07	4.95e-04	1.51e-02	5.52e-02	5.94e-01	3.01e-01	3.35e-02
 2.67265e+22	5.98e-11	1.08e-06	5.41e-04	1.62e-02	5.81e-02	6.01e-01	2.93e-01	3.13e-02
 2.69667e+22	6.69e-11	1.20e-06	6.05e-04	1.77e-02	6.22e-02	6.09e-01	2.82e-01	2.85e-02
 2.72103e+22	7.41e-11	1.33e-06	6.63e-04	1.90e-02	6.54e-02	6.15e-01	2.73e-01	2.66e-02
 2.74586e+22	8.30e-11	1.49e-06	7.44e-04	2.08e-02	7.00e-02	6.23e-01	2.62e-01	2.42e-02
 2.77108e+22	9.25e-11	1.64e-06	8.18e-04	2.24e-02	7.35e-02	6.28e-01	2.53e-01	2.24e-02
 2.79682e+22	1.04e-10	1.85e-06	9.22e-04	2.45e-02	7.86e-02	6.34e-01	2.42e-01	2.03e-02
 2.82313e+22	1.17e-10	2.06e-06	1.02e-03	2.63e-02	8.26e-02	6.38e-01	2.33e-01	1.87e-02
 2.85017e+22	1.33e-10	2.34e-06	1.15e-03	2.89e-02	8.83e-02	6.43e-01	2.22e-01	1.68e-02
 2.87793e+22	1.49e-10	2.61e-06	1.28e-03	3.11e-02	9.29e-02	6.46e-01	2.13e-01	1.54e-02
 2.90661e+22	1.73e-10	2.99e-06	1.46e-03	3.42e-02	9.93e-02	6.50e-01	2.01e-01	1.38e-02
 2.93561e+22	1.96e-10	3.36e-06	1.62e-03	3.69e-02	1.04e-01	6.52e-01	1.93e-01	1.26e-02
 2.96504e+22	2.27e-10	3.87e-06	1.85e-03	4.05e-02	1.11e-01	6.53e-01	1.82e-01	1.11e-02
 2.99479e+22	2.59e-10	4.36e-06	2.07e-03	4.37e-02	1.17e-01	6.54e-01	1.74e-01	1.02e-02
 3.02496e+22	3.02e-10	5.04e-06	2.37e-03	4.80e-02	1.24e-01	6.54e-01	1.63e-01	8.96e-03
 3.05561e+22	3.47e-10	5.71e-06	2.65e-03	5.17e-02	1.30e-01	6.52e-01	1.55e-01	8.12e-03
 3.08267e+22	3.93e-10	6.42e-06	2.95e-03	5.56e-02	1.36e-01	6.51e-01	1.47e-01	7.34e-03
 3.11362e+22	4.66e-10	7.50e-06	3.39e-03	6.09e-02	1.45e-01	6.47e-01	1.37e-01	6.45e-03
 3.14513e+22	5.32e-10	8.48e-06	3.79e-03	6.56e-02	1.51e-01	6.44e-01	1.30e-01	5.79e-03
 3.17066e+22	6.02e-10	9.45e-06	4.18e-03	6.98e-02	1.57e-01	6.40e-01	1.24e-01	5.28e-03
 3.19716e+22	6.98e-10	1.08e-05	4.68e-03	7.51e-02	1.64e-01	6.35e-01	1.16e-01	4.74e-03
 3.22500e+22	7.94e-10	1.21e-05	5.18e-03	8.00e-02	1.70e-01	6.30e-01	1.10e-01	4.29e-03
 3.25055e+22	9.02e-10	1.36e-05	5.72e-03	8.52e-02	1.76e-01	6.24e-01	1.05e-01	3.88e-03
 3.27973e+22	1.06e-09	1.57e-05	6.49e-03	9.21e-02	1.84e-01	6.16e-01	9.75e-02	3.43e-03
 3.30965e+22	1.22e-09	1.77e-05	7.22e-03	9.84e-02	1.91e-01	6.09e-01	9.16e-02	3.06e-03
 3.33604e+22	1.40e-09	1.99e-05	7.98e-03	1.05e-01	1.98e-01	6.01e-01	8.63e-02	2.76e-03
 3.36586e+22	1.66e-09	2.31e-05	9.05e-03	1.13e-01	2.06e-01	5.90e-01	8.00e-02	2.41e-03
 3.39687e+22	1.92e-09	2.63e-05	1.01e-02	1.20e-01	2.13e-01	5.80e-01	7.46e-02	2.14e-03
 3.42471e+22	2.22e-09	2.98e-05	1.12e-02	1.28e-01	2.19e-01	5.70e-01	6.98e-02	1.91e-03
 3.45621e+22	2.66e-09	3.48e-05	1.27e-02	1.38e-01	2.27e-01	5.56e-01	6.41e-02	1.65e-03
 3.48872e+22	3.12e-09	3.99e-05	1.43e-02	1.47e-01	2.34e-01	5.43e-01	5.93e-02	1.45e-03
 3.51773e+22	3.62e-09	4.53e-05	1.58e-02	1.56e-01	2.41e-01	5.31e-01	5.51e-02	1.28e-03
 3.55060e+22	4.40e-09	5.34e-05	1.81e-02	1.68e-01	2.48e-01	5.14e-01	5.00e-02	1.09e-03
 3.58446e+22	5.18e-09	6.13e-05	2.02e-02	1.79e-01	2.55e-01	5.00e-01	4.59e-02	9.46e-04
 3.61962e+22	6.38e-09	7.29e-05	2.31e-02	1.93e-01	2.62e-01	4.80e-01	4.12e-02	7.92e-04
 3.65546e+22	7.56e-09	8.40e-05	2.59e-02	2.05e-01	2.68e-01	4.63e-01	3.75e-02	6.79e-04
 3.68734e+22	8.98e-09	9.68e-05	2.89e-02	2.17e-01	2.73e-01	4.47e-01	3.42e-02	5.87e-04
 3.72393e+22	1.12e-08	1.16e-04	3.31e-02	2.32e-01	2.78e-01	4.25e-01	3.02e-02	4.82e-04
 3.76082e+22	1.33e-08	1.34e-04	3.70e-02	2.45e-01	2.83e-01	4.07e-01	2.72e-02	4.10e-04
 3.79809e+22	1.66e-08	1.60e-04	4.22e-02	2.62e-01	2.87e-01	3.85e-01	2.40e-02	3.36e-04
 3.83616e+22	2.00e-08	1.86e-04	4.72e-02	2.76e-01	2.89e-01	3.66e-01	2.13e-02	2.81e-04
 3.86963e+22	2.39e-08	2.14e-04	5.23e-02	2.90e-01	2.91e-01	3.47e-01	1.91e-02	2.37e-04
 3.90748e+22	3.00e-08	2.56e-04	5.95e-02	3.07e-01	2.92e-01	3.24e-01	1.65e-02	1.90e-04
 3.94622e+22	3.62e-08	2.97e-04	6.61e-02	3.21e-01	2.93e-01	3.05e-01	1.45e-02	1.57e-04
 3.98611e+22	4.54e-08	3.57e-04	7.51e-02	3.39e-01	2.91e-01	2.82e-01	1.24e-02	1.24e-04
 4.02664e+22	5.52e-08	4.16e-04	8.33e-02	3.54e-01	2.90e-01	2.62e-01	1.08e-02	1.01e-04
 4.06258e+22	6.70e-08	4.82e-04	9.20e-02	3.67e-01	2.87e-01	2.44e-01	9.39e-03	8.23e-05
 4.10387e+22	8.60e-08	5.82e-04	1.04e-01	3.84e-01	2.82e-01	2.22e-01	7.82e-03	6.31e-05
 4.14575e+22	1.05e-07	6.76e-04	1.15e-01	3.97e-01	2.77e-01	2.04e-01	6.72e-03	5.07e-05
 4.18214e+22	1.27e-07	7.79e-04	1.25e-01	4.08e-01	2.71e-01	1.88e-01	5.80e-03	4.10e-05
 4.21695e+22	1.52e-07	8.89e-04	1.36e-01	4.19e-01	2.65e-01	1.74e-01	5.03e-03	3.35e-05
 4.25012e+22	1.81e-07	1.01e-03	1.47e-01	4.28e-01	2.59e-01	1.60e-01	4.36e-03	2.73e-05
 4.28740e+22	2.26e-07	1.18e-03	1.62e-01	4.38e-01	2.51e-01	1.45e-01	3.63e-03	2.11e-05
 4.32460e+22	2.68e-07	1.34e-03	1.74e-01	4.45e-01	2.43e-01	1.33e-01	3.13e-03	1.71e-05
 4.36170e+22	3.34e-07	1.57e-03	1.90e-01	4.53e-01	2.34e-01	1.19e-01	2.59e-03	1.31e-05
 4.39948e+22	3.99e-07	1.78e-03	2.04e-01	4.59e-01	2.25e-01	1.08e-01	2.21e-03	1.05e-05
 4.43815e+22	4.99e-07	2.08e-03	2.23e-01	4.64e-01	2.14e-01	9.54e-02	1.80e-03	7.88e-06
 4.47720e+22	5.97e-07	2.36e-03	2.38e-01	4.67e-01	2.05e-01	8.61e-02	1.51e-03	6.22e-06
 4.51158e+22	7.12e-07	2.67e-03	2.54e-01	4.69e-01	1.96e-01	7.76e-02	1.28e-03	4.92e-06
 4.55108e+22	8.91e-07	3.11e-03	2.74e-01	4.70e-01	1.84e-01	6.77e-02	1.02e-03	3.63e-06
 4.58931e+22	1.05e-06	3.48e-03	2.90e-01	4.69e-01	1.76e-01	6.11e-02	8.67e-04	2.89e-06
 4.61974e+22	1.22e-06	3.85e-03	3.04e-01	4.68e-01	1.68e-01	5.56e-02	7.43e-04	2.34e-06
 4.65315e+22	1.46e-06	4.35e-03	3.22e-01	4.65e-01	1.58e-01	4.93e-02	6.13e-04	1.80e-06
 4.68715e+22	1.70e-06	4.82e-03	3.38e-01	4.62e-01	1.50e-01	4.45e-02	5.20e-04	1.44e-06
 4.71714e+22	1.96e-06	5.31e-03	3.53e-01	4.59e-01	1.43e-01	4.02e-02	4.43e-04	1.16e-06
 4.75138e+22	2.35e-06	5.99e-03	3.72e-01	4.53e-01	1.33e-01	3.53e-02	3.61e-04	8.81e-07
 4.78604e+22	2.73e-06	6.62e-03	3.88e-01	4.48e-01	1.26e-01	3.16e-02	3.04e-04	6.97e-07
 4.81642e+22	3.15e-06	7.28e-03	4.04e-01	4.42e-01	1.19e-01	2.84e-02	2.56e-04	5.55e-07
 4.85112e+22	3.79e-06	8.22e-03	4.24e-01	4.33e-01	1.10e-01	2.47e-02	2.06e-04	4.13e-07
 4.88611e+22	4.37e-06	9.03e-03	4.40e-01	4.26e-01	1.03e-01	2.21e-02	1.73e-04	3.27e-07
 4.92149e+22	5.23e-06	1.02e-02	4.60e-01	4.16e-01	9.51e-02	1.91e-02	1.38e-04	2.42e-07
 4.95742e+22	6.08e-06	1.12e-02	4.76e-01	4.07e-01	8.86e-02	1.69e-02	1.14e-04	1.87e-07
 4.98909e+22	7.00e-06	1.23e-02	4.92e-01	3.98e-01	8.27e-02	1.50e-02	9.48e-05	1.46e-07
 5.02527e+22	8.37e-06	1.38e-02	5.12e-01	3.86e-01	7.57e-02	1.29e-02	7.48e-05	0.00e+00
 5.06222e+22	9.73e-06	1.52e-02	5.28e-01	3.76e-01	7.01e-02	1.13e-02	6.12e-05	0.00e+00
 5.10020e+22	1.16e-05	1.70e-02	5.47e-01	3.62e-01	6.37e-02	9.59e-03	4.77e-05	0.00e+00
 5.13894e+22	1.37e-05	1.88e-02	5.64e-01	3.50e-01	5.83e-02	8.30e-03	3.82e-05	0.00e+00
 5.16391e+22	1.46e-05	1.96e-02	5.71e-01	3.45e-01	5.61e-02	7.79e-03	3.47e-05	0.00e+00
 5.18162e+22	1.60e-05	2.08e-02	5.81e-01	3.38e-01	5.33e-02	7.17e-03	3.05e-05	0.00e+00
 5.20465e+22	1.78e-05	2.22e-02	5.91e-01	3.30e-01	5.02e-02	6.48e-03	2.62e-05	0.00e+00
 5.23458e+22	2.04e-05	2.42e-02	6.05e-01	3.19e-01	4.62e-02	5.67e-03	2.14e-05	0.00e+00
 5.27350e+22	2.48e-05	2.73e-02	6.24e-01	3.03e-01	4.12e-02	4.70e-03	1.60e-05	0.00e+00
 5.31282e+22	2.85e-05	2.98e-02	6.37e-01	2.91e-01	3.77e-02	4.08e-03	1.29e-05	0.00e+00
 5.35268e+22	3.43e-05	3.34e-02	6.53e-01	2.76e-01	3.35e-02	3.39e-03	9.72e-06	0.00e+00
 5.39425e+22	4.03e-05	3.69e-02	6.67e-01	2.63e-01	3.02e-02	2.87e-03	7.56e-06	0.00e+00
 5.42644e+22	4.51e-05	3.95e-02	6.76e-01	2.54e-01	2.80e-02	2.55e-03	6.32e-06	0.00e+00
 5.45668e+22	5.17e-05	4.30e-02	6.86e-01	2.43e-01	2.55e-02	2.21e-03	5.08e-06	0.00e+00
 5.48786e+22	5.80e-05	4.61e-02	6.95e-01	2.34e-01	2.36e-02	1.95e-03	4.21e-06	0.00e+00
 5.52026e+22	6.70e-05	5.04e-02	7.04e-01	2.22e-01	2.13e-02	1.67e-03	3.32e-06	0.00e+00
 5.55292e+22	7.53e-05	5.41e-02	7.12e-01	2.13e-01	1.96e-02	1.47e-03	2.73e-06	0.00e+00
 5.58592e+22	8.72e-05	5.92e-02	7.20e-01	2.02e-01	1.77e-02	1.25e-03	2.13e-06	0.00e+00
 5.61920e+22	9.83e-05	6.36e-02	7.27e-01	1.92e-01	1.62e-02	1.09e-03	1.74e-06	0.00e+00
 5.65287e+22	1.14e-04	6.94e-02	7.33e-01	1.82e-01	1.45e-02	9.24e-04	1.35e-06	0.00e+00
 5.68733e+22	1.29e-04	7.48e-02	7.39e-01	1.73e-01	1.32e-02	7.99e-04	1.09e-06	0.00e+00
 5.71796e+22	1.45e-04	8.02e-02	7.43e-01	1.64e-01	1.20e-02	6.96e-04	8.82e-07	0.00e+00
 5.75293e+22	1.68e-04	8.77e-02	7.47e-01	1.54e-01	1.07e-02	5.83e-04	6.75e-07	0.00e+00
 5.78895e+22	1.91e-04	9.45e-02	7.50e-01	1.45e-01	9.68e-03	5.00e-04	5.36e-07	0.00e+00
 5.82636e+22	2.24e-04	1.04e-01	7.52e-01	1.35e-01	8.50e-03	4.10e-04	3.98e-07	0.00e+00
 5.86404e+22	2.55e-04	1.12e-01	7.53e-01	1.26e-01	7.64e-03	3.50e-04	3.13e-07	0.00e+00
 5.90206e+22	2.98e-04	1.23e-01	7.53e-01	1.17e-01	6.70e-03	2.86e-04	2.32e-07	0.00e+00
 5.94140e+22	3.41e-04	1.33e-01	7.52e-01	1.09e-01	5.96e-03	2.40e-04	1.78e-07	0.00e+00
 5.97709e+22	3.90e-04	1.43e-01	7.50e-01	1.01e-01	5.31e-03	2.02e-04	1.37e-07	0.00e+00
 6.01812e+22	4.63e-04	1.58e-01	7.45e-01	9.20e-02	4.56e-03	1.61e-04	0.00e+00	0.00e+00
 6.05937e+22	5.26e-04	1.70e-01	7.40e-01	8.53e-02	4.05e-03	1.35e-04	0.00e+00	0.00e+00
 6.10090e+22	6.22e-04	1.87e-01	7.32e-01	7.71e-02	3.47e-03	1.07e-04	0.00e+00	0.00e+00
 6.14341e+22	7.12e-04	2.01e-01	7.24e-01	7.07e-02	3.05e-03	8.78e-05	0.00e+00	0.00e+00
 6.18718e+22	8.46e-04	2.22e-01	7.12e-01	6.31e-02	2.58e-03	6.81e-05	0.00e+00	0.00e+00
 6.23166e+22	9.68e-04	2.38e-01	7.01e-01	5.74e-02	2.25e-03	5.56e-05	0.00e+00	0.00e+00
 6.27707e+22	1.16e-03	2.63e-01	6.84e-01	5.05e-02	1.88e-03	4.22e-05	0.00e+00	0.00e+00
 6.32319e+22	1.33e-03	2.82e-01	6.69e-01	4.55e-02	1.63e-03	3.40e-05	0.00e+00	0.00e+00
 6.37022e+22	1.59e-03	3.10e-01	6.48e-01	3.94e-02	1.34e-03	2.54e-05	0.00e+00	0.00e+00
 6.41863e+22	1.83e-03	3.33e-01	6.29e-01	3.50e-02	1.15e-03	2.00e-05	0.00e+00	0.00e+00
 6.46881e+22	2.21e-03	3.67e-01	6.00e-01	2.96e-02	9.23e-04	1.44e-05	0.00e+00	0.00e+00
 6.52018e+22	2.55e-03	3.93e-01	5.78e-01	2.59e-02	7.80e-04	1.11e-05	0.00e+00	0.00e+00
 6.57308e+22	3.09e-03	4.32e-01	5.43e-01	2.13e-02	6.14e-04	7.70e-06	0.00e+00	0.00e+00
 6.62778e+22	3.61e-03	4.63e-01	5.15e-01	1.81e-02	5.06e-04	5.71e-06	0.00e+00	0.00e+00
 6.68480e+22	4.42e-03	5.07e-01	4.74e-01	1.44e-02	3.86e-04	3.76e-06	0.00e+00	0.00e+00
 6.74425e+22	5.24e-03	5.44e-01	4.39e-01	1.17e-02	3.06e-04	2.63e-06	0.00e+00	0.00e+00
 6.80589e+22	6.48e-03	5.93e-01	3.91e-01	8.84e-03	2.24e-04	1.62e-06	0.00e+00	0.00e+00
 6.85934e+22	7.29e-03	6.19e-01	3.66e-01	7.55e-03	1.88e-04	1.24e-06	0.00e+00	0.00e+00
 6.90311e+22	8.47e-03	6.54e-01	3.32e-01	6.03e-03	1.48e-04	8.53e-07	0.00e+00	0.00e+00
 6.94942e+22	9.72e-03	6.84e-01	3.01e-01	4.87e-03	1.18e-04	6.02e-07	0.00e+00	0.00e+00
 6.99903e+22	1.15e-02	7.23e-01	2.62e-01	3.64e-03	8.69e-05	3.75e-07	0.00e+00	0.00e+00
 7.04948e+22	1.33e-02	7.53e-01	2.31e-01	2.83e-03	6.69e-05	2.51e-07	0.00e+00	0.00e+00
 7.10100e+22	1.60e-02	7.89e-01	1.93e-01	1.99e-03	4.65e-05	1.44e-07	0.00e+00	0.00e+00
 7.15449e+22	1.89e-02	8.17e-01	1.62e-01	1.44e-03	3.32e-05	0.00e+00	0.00e+00	0.00e+00
 7.19708e+22	2.15e-02	8.38e-01	1.39e-01	1.09e-03	2.50e-05	0.00e+00	0.00e+00	0.00e+00
 7.23342e+22	2.44e-02	8.56e-01	1.19e-01	8.28e-04	1.87e-05	0.00e+00	0.00e+00	0.00e+00
 7.27508e+22	2.87e-02	8.75e-01	9.56e-02	5.71e-04	1.25e-05	0.00e+00	0.00e+00	0.00e+00
 7.31861e+22	3.35e-02	8.90e-01	7.62e-02	3.94e-04	8.38e-06	0.00e+00	0.00e+00	0.00e+00
 7.35719e+22	3.91e-02	9.00e-01	6.02e-02	2.73e-04	5.54e-06	0.00e+00	0.00e+00	0.00e+00
 7.39342e+22	4.56e-02	9.07e-01	4.68e-02	1.88e-04	3.58e-06	0.00e+00	0.00e+00	0.00e+00
 7.42728e+22	5.32e-02	9.11e-01	3.60e-02	1.30e-04	2.27e-06	0.00e+00	0.00e+00	0.00e+00
 7.45862e+22	6.23e-02	9.10e-01	2.74e-02	9.06e-05	1.42e-06	0.00e+00	0.00e+00	0.00e+00
 7.48740e+22	7.31e-02	9.06e-01	2.07e-02	6.40e-05	8.78e-07	0.00e+00	0.00e+00	0.00e+00
 7.51344e+22	8.57e-02	8.99e-01	1.56e-02	4.63e-05	5.44e-07	0.00e+00	0.00e+00	0.00e+00
 7.53701e+22	1.01e-01	8.88e-01	1.18e-02	3.43e-05	3.39e-07	0.00e+00	0.00e+00	0.00e+00
 7.55848e+22	1.18e-01	8.73e-01	8.90e-03	2.60e-05	2.14e-07	0.00e+00	0.00e+00	0.00e+00
 7.57197e+22	1.30e-01	8.62e-01	7.54e-03	2.22e-05	1.63e-07	0.00e+00	0.00e+00	0.00e+00
 7.57695e+22	1.35e-01	8.58e-01	7.07e-03	2.09e-05	1.47e-07	0.00e+00	0.00e+00	0.00e+00
 7.58093e+22	1.40e-01	8.54e-01	6.66e-03	1.98e-05	1.33e-07	0.00e+00	0.00e+00	0.00e+00
 7.58610e+22	1.46e-01	8.48e-01	6.16e-03	1.85e-05	0.00e+00	0.00e+00	0.00e+00	0.00e+00
 7.59217e+22	1.54e-01	8.40e-01	5.61e-03	1.71e-05	0.00e+00	0.00e+00	0.00e+00	0.00e+00
 7.59821e+22	1.62e-01	8.32e-01	5.14e-03	1.58e-05	0.00e+00	0.00e+00	0.00e+00	0.00e+00
 7.60411e+22	1.71e-01	8.24e-01	4.69e-03	1.47e-05	0.00e+00	0.00e+00	0.00e+00	0.00e+00
 7.61009e+22	1.81e-01	8.15e-01	4.27e-03	1.36e-05	0.00e+00	0.00e+00	0.00e+00	0.00e+00
 7.61599e+22	1.91e-01	8.05e-01	3.89e-03	1.26e-05	0.00e+00	0.00e+00	0.00e+00	0.00e+00
 7.62196e+22	2.01e-01	7.95e-01	3.53e-03	1.17e-05	0.00e+00	0.00e+00	0.00e+00	0.00e+00
 7.62813e+22	2.13e-01	7.84e-01	3.19e-03	1.08e-05	0.00e+00	0.00e+00	0.00e+00	0.00e+00
 7.63443e+22	2.26e-01	7.71e-01	2.88e-03	1.00e-05	0.00e+00	0.00e+00	0.00e+00	0.00e+00
 7.64085e+22	2.40e-01	7.57e-01	2.58e-03	9.24e-06	0.00e+00	0.00e+00	0.00e+00	0.00e+00
 7.64740e+22	2.55e-01	7.43e-01	2.31e-03	8.53e-06	0.00e+00	0.00e+00	0.00e+00	0.00e+00
 7.65410e+22	2.71e-01	7.27e-01	2.06e-03	7.86e-06	0.00e+00	0.00e+00	0.00e+00	0.00e+00
 7.66101e+22	2.89e-01	7.09e-01	1.82e-03	7.23e-06	0.00e+00	0.00e+00	0.00e+00	0.00e+00
 7.66820e+22	3.08e-01	6.91e-01	1.60e-03	6.63e-06	0.00e+00	0.00e+00	0.00e+00	0.00e+00
 7.67564e+22	3.28e-01	6.70e-01	1.40e-03	6.07e-06	0.00e+00	0.00e+00	0.00e+00	0.00e+00
 7.68303e+22	3.49e-01	6.50e-01	1.23e-03	5.58e-06	0.00e+00	0.00e+00	0.00e+00	0.00e+00
 7.68880e+22	3.65e-01	6.34e-01	1.12e-03	5.24e-06	0.00e+00	0.00e+00	0.00e+00	0.00e+00
 7.69269e+22	3.76e-01	6.23e-01	1.04e-03	5.03e-06	0.00e+00	0.00e+00	0.00e+00	0.00e+00
 7.69642e+22	3.87e-01	6.12e-01	9.76e-04	4.82e-06	0.00e+00	0.00e+00	0.00e+00	0.00e+00
 7.70086e+22	4.00e-01	5.99e-01	8.99e-04	4.58e-06	0.00e+00	0.00e+00	0.00e+00	0.00e+00
 7.70575e+22	4.15e-01	5.84e-01	8.22e-04	4.34e-06	0.00e+00	0.00e+00	0.00e+00	0.00e+00
 7.71046e+22	4.29e-01	5.71e-01	7.57e-04	4.13e-06	0.00e+00	0.00e+00	0.00e+00	0.00e+00
 7.71507e+22	4.43e-01	5.57e-01	6.96e-04	3.93e-06	0.00e+00	0.00e+00	0.00e+00	0.00e+00
 7.71981e+22	4.57e-01	5.43e-01	6.39e-04	3.74e-06	0.00e+00	0.00e+00	0.00e+00	0.00e+00
 7.72463e+22	4.71e-01	5.28e-01	5.86e-04	3.55e-06	0.00e+00	0.00e+00	0.00e+00	0.00e+00
 7.72951e+22	4.86e-01	5.14e-01	5.36e-04	3.38e-06	0.00e+00	0.00e+00	0.00e+00	0.00e+00
 7.73438e+22	4.99e-01	5.00e-01	4.92e-04	3.21e-06	0.00e+00	0.00e+00	0.00e+00	0.00e+00
 7.73942e+22	5.14e-01	4.85e-01	4.49e-04	3.05e-06	0.00e+00	0.00e+00	0.00e+00	0.00e+00
 7.74471e+22	5.29e-01	4.70e-01	4.09e-04	2.89e-06	0.00e+00	0.00e+00	0.00e+00	0.00e+00
 7.75000e+22	5.44e-01	4.55e-01	3.72e-04	2.75e-06	0.00e+00	0.00e+00	0.00e+00	0.00e+00
 7.75527e+22	5.58e-01	4.41e-01	3.39e-04	2.61e-06	0.00e+00	0.00e+00	0.00e+00	0.00e+00
 7.76075e+22	5.73e-01	4.27e-01	3.08e-04	2.48e-06	0.00e+00	0.00e+00	0.00e+00	0.00e+00
 7.76650e+22	5.88e-01	4.12e-01	2.79e-04	2.35e-06	0.00e+00	0.00e+00	0.00e+00	0.00e+00
 7.77227e+22	6.03e-01	3.97e-01	2.52e-04	2.22e-06	0.00e+00	0.00e+00	0.00e+00	0.00e+00
 7.77813e+22	6.17e-01	3.83e-01	2.28e-04	2.11e-06	0.00e+00	0.00e+00	0.00e+00	0.00e+00
 7.78423e+22	6.32e-01	3.68e-01	2.06e-04	2.00e-06	0.00e+00	0.00e+00	0.00e+00	0.00e+00
 7.79054e+22	6.46e-01	3.53e-01	1.85e-04	1.89e-06	0.00e+00	0.00e+00	0.00e+00	0.00e+00
 7.79697e+22	6.61e-01	3.39e-01	1.67e-04	1.78e-06	0.00e+00	0.00e+00	0.00e+00	0.00e+00
 7.80356e+22	6.75e-01	3.25e-01	1.50e-04	1.69e-06	0.00e+00	0.00e+00	0.00e+00	0.00e+00
 7.81038e+22	6.89e-01	3.11e-01	1.34e-04	1.59e-06	0.00e+00	0.00e+00	0.00e+00	0.00e+00
 7.81739e+22	7.03e-01	2.97e-01	1.20e-04	1.50e-06	0.00e+00	0.00e+00	0.00e+00	0.00e+00
 7.82461e+22	7.16e-01	2.84e-01	1.08e-04	1.42e-06	0.00e+00	0.00e+00	0.00e+00	0.00e+00
 7.83208e+22	7.30e-01	2.70e-01	9.64e-05	1.33e-06	0.00e+00	0.00e+00	0.00e+00	0.00e+00
 7.83971e+22	7.43e-01	2.57e-01	8.62e-05	1.26e-06	0.00e+00	0.00e+00	0.00e+00	0.00e+00
 7.84753e+22	7.56e-01	2.44e-01	7.72e-05	1.18e-06	0.00e+00	0.00e+00	0.00e+00	0.00e+00
 7.85553e+22	7.68e-01	2.32e-01	6.91e-05	1.11e-06	0.00e+00	0.00e+00	0.00e+00	0.00e+00
 7.86369e+22	7.80e-01	2.20e-01	6.20e-05	1.05e-06	0.00e+00	0.00e+00	0.00e+00	0.00e+00
 7.87204e+22	7.92e-01	2.08e-01	5.57e-05	9.85e-07	0.00e+00	0.00e+00	0.00e+00	0.00e+00
 7.88044e+22	8.03e-01	1.97e-01	5.02e-05	9.28e-07	0.00e+00	0.00e+00	0.00e+00	0.00e+00
 7.88882e+22	8.14e-01	1.86e-01	4.54e-05	8.75e-07	0.00e+00	0.00e+00	0.00e+00	0.00e+00
 7.89735e+22	8.24e-01	1.76e-01	4.12e-05	8.25e-07	0.00e+00	0.00e+00	0.00e+00	0.00e+00
 7.90618e+22	8.34e-01	1.66e-01	3.74e-05	7.78e-07	0.00e+00	0.00e+00	0.00e+00	0.00e+00
 7.91511e+22	8.43e-01	1.57e-01	3.41e-05	7.34e-07	0.00e+00	0.00e+00	0.00e+00	0.00e+00
 7.92409e+22	8.52e-01	1.48e-01	3.13e-05	6.93e-07	0.00e+00	0.00e+00	0.00e+00	0.00e+00
 7.93333e+22	8.60e-01	1.40e-01	2.87e-05	6.53e-07	0.00e+00	0.00e+00	0.00e+00	0.00e+00
 7.94286e+22	8.69e-01	1.31e-01	2.64e-05	6.16e-07	0.00e+00	0.00e+00	0.00e+00	0.00e+00
 7.95251e+22	8.77e-01	1.23e-01	2.44e-05	5.81e-07	0.00e+00	0.00e+00	0.00e+00	0.00e+00
 7.96226e+22	8.84e-01	1.16e-01	2.26e-05	5.48e-07	0.00e+00	0.00e+00	0.00e+00	0.00e+00
 7.97232e+22	8.92e-01	1.08e-01	2.10e-05	5.16e-07	0.00e+00	0.00e+00	0.00e+00	0.00e+00
 7.98265e+22	8.99e-01	1.01e-01	1.95e-05	4.86e-07	0.00e+00	0.00e+00	0.00e+00	0.00e+00
 7.99279e+22	9.05e-01	9.46e-02	1.83e-05	4.60e-07	0.00e+00	0.00e+00	0.00e+00	0.00e+00
 8.00237e+22	9.11e-01	8.88e-02	1.73e-05	4.37e-07	0.00e+00	0.00e+00	0.00e+00	0.00e+00
 8.01119e+22	9.16e-01	8.38e-02	1.65e-05	4.18e-07	0.00e+00	0.00e+00	0.00e+00	0.00e+00
 8.01938e+22	9.21e-01	7.92e-02	1.58e-05	4.01e-07	0.00e+00	0.00e+00	0.00e+00	0.00e+00
 8.02695e+22	9.25e-01	7.54e-02	1.52e-05	3.86e-07	0.00e+00	0.00e+00	0.00e+00	0.00e+00
 8.03428e+22	9.28e-01	7.17e-02	1.47e-05	3.72e-07	0.00e+00	0.00e+00	0.00e+00	0.00e+00
 8.04164e+22	9.32e-01	6.83e-02	1.42e-05	3.59e-07	0.00e+00	0.00e+00	0.00e+00	0.00e+00
 8.04887e+22	9.35e-01	6.48e-02	1.37e-05	3.47e-07	0.00e+00	0.00e+00	0.00e+00	0.00e+00
 8.05563e+22	9.38e-01	6.20e-02	1.33e-05	3.36e-07	0.00e+00	0.00e+00	0.00e+00	0.00e+00
 8.06193e+22	9.41e-01	5.94e-02	1.30e-05	3.27e-07	0.00e+00	0.00e+00	0.00e+00	0.00e+00
 8.06827e+22	9.43e-01	5.68e-02	1.27e-05	3.18e-07	0.00e+00	0.00e+00	0.00e+00	0.00e+00
 8.07438e+22	9.45e-01	5.45e-02	1.24e-05	3.10e-07	0.00e+00	0.00e+00	0.00e+00	0.00e+00
 8.08015e+22	9.47e-01	5.25e-02	1.21e-05	3.03e-07	0.00e+00	0.00e+00	0.00e+00	0.00e+00
 8.08588e+22	9.50e-01	5.05e-02	1.19e-05	2.97e-07	0.00e+00	0.00e+00	0.00e+00	0.00e+00
 8.09137e+22	9.51e-01	4.87e-02	1.17e-05	2.91e-07	0.00e+00	0.00e+00	0.00e+00	0.00e+00
 8.09653e+22	9.53e-01	4.71e-02	1.15e-05	2.87e-07	0.00e+00	0.00e+00	0.00e+00	0.00e+00
 8.10159e+22	9.54e-01	4.57e-02	1.13e-05	2.82e-07	0.00e+00	0.00e+00	0.00e+00	0.00e+00
 8.10652e+22	9.56e-01	4.43e-02	1.11e-05	2.79e-07	0.00e+00	0.00e+00	0.00e+00	0.00e+00
 8.11115e+22	9.57e-01	4.31e-02	1.10e-05	2.76e-07	0.00e+00	0.00e+00	0.00e+00	0.00e+00
 8.11537e+22	9.58e-01	4.21e-02	1.09e-05	2.74e-07	0.00e+00	0.00e+00	0.00e+00	0.00e+00
 8.11921e+22	9.59e-01	4.12e-02	1.08e-05	2.72e-07	0.00e+00	0.00e+00	0.00e+00	0.00e+00
 8.12270e+22	9.60e-01	4.05e-02	1.07e-05	2.71e-07	0.00e+00	0.00e+00	0.00e+00	0.00e+00
 8.12588e+22	9.60e-01	3.98e-02	1.06e-05	2.71e-07	0.00e+00	0.00e+00	0.00e+00	0.00e+00
 8.12877e+22	9.61e-01	3.93e-02	1.05e-05	2.70e-07	0.00e+00	0.00e+00	0.00e+00	0.00e+00
 8.13141e+22	9.61e-01	3.88e-02	1.04e-05	2.70e-07	0.00e+00	0.00e+00	0.00e+00	0.00e+00
 8.13429e+22	9.62e-01	3.82e-02	1.04e-05	2.70e-07	0.00e+00	0.00e+00	0.00e+00	0.00e+00
 8.13740e+22	9.62e-01	3.77e-02	1.03e-05	2.70e-07	0.00e+00	0.00e+00	0.00e+00	0.00e+00
 8.14024e+22	9.63e-01	3.72e-02	1.02e-05	2.70e-07	0.00e+00	0.00e+00	0.00e+00	0.00e+00
 8.14282e+22	9.63e-01	3.69e-02	1.02e-05	2.71e-07	0.00e+00	0.00e+00	0.00e+00	0.00e+00
 8.14516e+22	9.63e-01	3.66e-02	1.01e-05	2.71e-07	0.00e+00	0.00e+00	0.00e+00	0.00e+00
 8.14773e+22	9.64e-01	3.62e-02	1.01e-05	2.71e-07	0.00e+00	0.00e+00	0.00e+00	0.00e+00
 8.15108e+22	9.64e-01	3.57e-02	9.99e-06	2.72e-07	0.00e+00	0.00e+00	0.00e+00	0.00e+00
 8.15468e+22	9.65e-01	3.52e-02	9.92e-06	2.72e-07	0.00e+00	0.00e+00	0.00e+00	0.00e+00
 8.15797e+22	9.65e-01	3.48e-02	9.85e-06	2.73e-07	0.00e+00	0.00e+00	0.00e+00	0.00e+00
 8.16096e+22	9.65e-01	3.45e-02	9.80e-06	2.73e-07	0.00e+00	0.00e+00	0.00e+00	0.00e+00
 8.16423e+22	9.66e-01	3.41e-02	9.73e-06	2.74e-07	0.00e+00	0.00e+00	0.00e+00	0.00e+00
 8.16777e+22	9.66e-01	3.38e-02	9.66e-06	2.74e-07	0.00e+00	0.00e+00	0.00e+00	0.00e+00
 8.17098e+22	9.67e-01	3.35e-02	9.61e-06	2.75e-07	0.00e+00	0.00e+00	0.00e+00	0.00e+00
 8.17391e+22	9.67e-01	3.32e-02	9.56e-06	2.77e-07	0.00e+00	0.00e+00	0.00e+00	0.00e+00
 8.17657e+22	9.67e-01	3.30e-02	9.52e-06	2.77e-07	0.00e+00	0.00e+00	0.00e+00	0.00e+00
 8.17949e+22	9.67e-01	3.28e-02	9.46e-06	2.77e-07	0.00e+00	0.00e+00	0.00e+00	0.00e+00
 8.18329e+22	9.68e-01	3.24e-02	9.38e-06	2.78e-07	0.00e+00	0.00e+00	0.00e+00	0.00e+00
 8.18739e+22	9.68e-01	3.21e-02	9.32e-06	2.79e-07	0.00e+00	0.00e+00	0.00e+00	0.00e+00
 8.19111e+22	9.68e-01	3.18e-02	9.26e-06	2.80e-07	0.00e+00	0.00e+00	0.00e+00	0.00e+00
 8.19451e+22	9.68e-01	3.16e-02	9.21e-06	2.81e-07	0.00e+00	0.00e+00	0.00e+00	0.00e+00
 8.19759e+22	9.69e-01	3.14e-02	9.16e-06	2.82e-07	0.00e+00	0.00e+00	0.00e+00	0.00e+00
 8.20040e+22	9.69e-01	3.12e-02	9.12e-06	2.83e-07	0.00e+00	0.00e+00	0.00e+00	0.00e+00
 8.20348e+22	9.69e-01	3.10e-02	9.08e-06	2.85e-07	0.00e+00	0.00e+00	0.00e+00	0.00e+00
 8.20681e+22	9.69e-01	3.08e-02	9.06e-06	2.87e-07	0.00e+00	0.00e+00	0.00e+00	0.00e+00
 8.20983e+22	9.69e-01	3.06e-02	9.04e-06	2.88e-07	0.00e+00	0.00e+00	0.00e+00	0.00e+00
 8.21258e+22	9.69e-01	3.05e-02	9.03e-06	2.91e-07	0.00e+00	0.00e+00	0.00e+00	0.00e+00
 8.21509e+22	9.70e-01	3.04e-02	9.01e-06	2.92e-07	0.00e+00	0.00e+00	0.00e+00	0.00e+00
 8.21783e+22	9.70e-01	3.02e-02	8.98e-06	2.93e-07	0.00e+00	0.00e+00	0.00e+00	0.00e+00
 8.22140e+22	9.70e-01	3.00e-02	8.96e-06	2.95e-07	0.00e+00	0.00e+00	0.00e+00	0.00e+00
 8.22525e+22	9.70e-01	2.97e-02	8.93e-06	2.97e-07	0.00e+00	0.00e+00	0.00e+00	0.00e+00
 8.22876e+22	9.70e-01	2.95e-02	8.91e-06	2.99e-07	0.00e+00	0.00e+00	0.00e+00	0.00e+00
 8.23195e+22	9.71e-01	2.94e-02	8.89e-06	3.00e-07	0.00e+00	0.00e+00	0.00e+00	0.00e+00
 8.23485e+22	9.71e-01	2.93e-02	8.87e-06	3.02e-07	0.00e+00	0.00e+00	0.00e+00	0.00e+00
 8.23749e+22	9.71e-01	2.91e-02	8.85e-06	3.03e-07	0.00e+00	0.00e+00	0.00e+00	0.00e+00
 8.24038e+22	9.71e-01	2.90e-02	8.84e-06	3.06e-07	0.00e+00	0.00e+00	0.00e+00	0.00e+00
 8.24351e+22	9.71e-01	2.88e-02	8.82e-06	3.07e-07	0.00e+00	0.00e+00	0.00e+00	0.00e+00
 8.24635e+22	9.71e-01	2.87e-02	8.80e-06	3.09e-07	0.00e+00	0.00e+00	0.00e+00	0.00e+00
 8.24947e+22	9.71e-01	2.85e-02	8.78e-06	3.10e-07	0.00e+00	0.00e+00	0.00e+00	0.00e+00
 8.25283e+22	9.72e-01	2.83e-02	8.76e-06	3.12e-07	0.00e+00	0.00e+00	0.00e+00	0.00e+00
 8.25589e+22	9.72e-01	2.82e-02	8.74e-06	3.13e-07	0.00e+00	0.00e+00	0.00e+00	0.00e+00
 8.25868e+22	9.72e-01	2.81e-02	8.73e-06	3.15e-07	0.00e+00	0.00e+00	0.00e+00	0.00e+00
 8.26121e+22	9.72e-01	2.79e-02	8.70e-06	3.14e-07	0.00e+00	0.00e+00	0.00e+00	0.00e+00
 8.26399e+22	9.72e-01	2.78e-02	8.67e-06	3.15e-07	0.00e+00	0.00e+00	0.00e+00	0.00e+00
 8.26760e+22	9.72e-01	2.76e-02	8.64e-06	3.16e-07	0.00e+00	0.00e+00	0.00e+00	0.00e+00
 8.27150e+22	9.73e-01	2.73e-02	8.61e-06	3.16e-07	0.00e+00	0.00e+00	0.00e+00	0.00e+00
 8.27505e+22	9.73e-01	2.72e-02	8.59e-06	3.17e-07	0.00e+00	0.00e+00	0.00e+00	0.00e+00
 8.27828e+22	9.73e-01	2.70e-02	8.56e-06	3.16e-07	0.00e+00	0.00e+00	0.00e+00	0.00e+00
 8.28181e+22	9.73e-01	2.68e-02	8.53e-06	3.17e-07	0.00e+00	0.00e+00	0.00e+00	0.00e+00
 8.28563e+22	9.73e-01	2.66e-02	8.50e-06	3.17e-07	0.00e+00	0.00e+00	0.00e+00	0.00e+00
 8.28911e+22	9.74e-01	2.64e-02	8.47e-06	3.17e-07	0.00e+00	0.00e+00	0.00e+00	0.00e+00
 8.29292e+22	9.74e-01	2.62e-02	8.44e-06	3.18e-07	0.00e+00	0.00e+00	0.00e+00	0.00e+00
 8.29703e+22	9.74e-01	2.60e-02	8.41e-06	3.18e-07	0.00e+00	0.00e+00	0.00e+00	0.00e+00
 8.30077e+22	9.74e-01	2.58e-02	8.38e-06	3.18e-07	0.00e+00	0.00e+00	0.00e+00	0.00e+00
 8.30487e+22	9.74e-01	2.55e-02	8.35e-06	3.18e-07	0.00e+00	0.00e+00	0.00e+00	0.00e+00
 8.30929e+22	9.75e-01	2.53e-02	8.32e-06	3.18e-07	0.00e+00	0.00e+00	0.00e+00	0.00e+00
 8.31332e+22	9.75e-01	2.51e-02	8.29e-06	3.18e-07	0.00e+00	0.00e+00	0.00e+00	0.00e+00
 8.31699e+22	9.75e-01	2.50e-02	8.27e-06	3.20e-07	0.00e+00	0.00e+00	0.00e+00	0.00e+00
 8.32032e+22	9.75e-01	2.48e-02	8.24e-06	3.19e-07	0.00e+00	0.00e+00	0.00e+00	0.00e+00
 8.32398e+22	9.75e-01	2.46e-02	8.21e-06	3.19e-07	0.00e+00	0.00e+00	0.00e+00	0.00e+00
 8.32792e+22	9.76e-01	2.44e-02	8.18e-06	3.18e-07	0.00e+00	0.00e+00	0.00e+00	0.00e+00
 8.33151e+22	9.76e-01	2.42e-02	8.15e-06	3.17e-07	0.00e+00	0.00e+00	0.00e+00	0.00e+00
 8.33545e+22	9.76e-01	2.40e-02	8.12e-06	3.18e-07	0.00e+00	0.00e+00	0.00e+00	0.00e+00
 8.33970e+22	9.76e-01	2.38e-02	8.09e-06	3.17e-07	0.00e+00	0.00e+00	0.00e+00	0.00e+00
 8.34356e+22	9.76e-01	2.37e-02	8.07e-06	3.18e-07	0.00e+00	0.00e+00	0.00e+00	0.00e+00
 8.34708e+22	9.77e-01	2.35e-02	8.03e-06	3.16e-07	0.00e+00	0.00e+00	0.00e+00	0.00e+00
 8.35093e+22	9.77e-01	2.33e-02	8.00e-06	3.16e-07	0.00e+00	0.00e+00	0.00e+00	0.00e+00
 8.35509e+22	9.77e-01	2.31e-02	7.97e-06	3.15e-07	0.00e+00	0.00e+00	0.00e+00	0.00e+00
 8.35888e+22	9.77e-01	2.29e-02	7.94e-06	3.14e-07	0.00e+00	0.00e+00	0.00e+00	0.00e+00
 8.36303e+22	9.77e-01	2.27e-02	7.91e-06	3.14e-07	0.00e+00	0.00e+00	0.00e+00	0.00e+00
 8.36751e+22	9.78e-01	2.25e-02	7.87e-06	3.13e-07	0.00e+00	0.00e+00	0.00e+00	0.00e+00
 8.37159e+22	9.78e-01	2.23e-02	7.84e-06	3.11e-07	0.00e+00	0.00e+00	0.00e+00	0.00e+00
 8.37605e+22	9.78e-01	2.21e-02	7.81e-06	3.11e-07	0.00e+00	0.00e+00	0.00e+00	0.00e+00
 8.38087e+22	9.78e-01	2.18e-02	7.77e-06	3.10e-07	0.00e+00	0.00e+00	0.00e+00	0.00e+00
 8.38526e+22	9.78e-01	2.16e-02	7.74e-06	3.08e-07	0.00e+00	0.00e+00	0.00e+00	0.00e+00
 8.39007e+22	9.79e-01	2.14e-02	7.70e-06	3.07e-07	0.00e+00	0.00e+00	0.00e+00	0.00e+00
 8.39526e+22	9.79e-01	2.11e-02	7.66e-06	3.05e-07	0.00e+00	0.00e+00	0.00e+00	0.00e+00
 8.39999e+22	9.79e-01	2.09e-02	7.62e-06	3.04e-07	0.00e+00	0.00e+00	0.00e+00	0.00e+00
 8.40516e+22	9.79e-01	2.07e-02	7.58e-06	3.02e-07	0.00e+00	0.00e+00	0.00e+00	0.00e+00
 8.41075e+22	9.80e-01	2.04e-02	7.53e-06	3.00e-07	0.00e+00	0.00e+00	0.00e+00	0.00e+00
 8.41584e+22	9.80e-01	2.02e-02	7.50e-06	2.98e-07	0.00e+00	0.00e+00	0.00e+00	0.00e+00
 8.42047e+22	9.80e-01	2.00e-02	7.46e-06	2.97e-07	0.00e+00	0.00e+00	0.00e+00	0.00e+00
 8.42554e+22	9.80e-01	1.98e-02	7.42e-06	2.95e-07	0.00e+00	0.00e+00	0.00e+00	0.00e+00
 8.43101e+22	9.80e-01	1.96e-02	7.39e-06	2.94e-07	0.00e+00	0.00e+00	0.00e+00	0.00e+00
 8.43600e+22	9.81e-01	1.94e-02	7.34e-06	2.91e-07	0.00e+00	0.00e+00	0.00e+00	0.00e+00
 8.44146e+22	9.81e-01	1.91e-02	7.30e-06	2.89e-07	0.00e+00	0.00e+00	0.00e+00	0.00e+00
 8.44735e+22	9.81e-01	1.88e-02	7.26e-06	2.87e-07	0.00e+00	0.00e+00	0.00e+00	0.00e+00
 8.45271e+22	9.81e-01	1.86e-02	7.22e-06	2.84e-07	0.00e+00	0.00e+00	0.00e+00	0.00e+00
 8.45859e+22	9.82e-01	1.84e-02	7.16e-06	2.81e-07	0.00e+00	0.00e+00	0.00e+00	0.00e+00
 8.46494e+22	9.82e-01	1.81e-02	7.12e-06	2.78e-07	0.00e+00	0.00e+00	0.00e+00	0.00e+00
 8.47071e+22	9.82e-01	1.79e-02	7.08e-06	2.76e-07	0.00e+00	0.00e+00	0.00e+00	0.00e+00
 8.47596e+22	9.82e-01	1.77e-02	7.04e-06	2.74e-07	0.00e+00	0.00e+00	0.00e+00	0.00e+00
 8.48172e+22	9.83e-01	1.75e-02	6.99e-06	2.71e-07	0.00e+00	0.00e+00	0.00e+00	0.00e+00
 8.48794e+22	9.83e-01	1.72e-02	6.95e-06	2.69e-07	0.00e+00	0.00e+00	0.00e+00	0.00e+00
 8.49359e+22	9.83e-01	1.70e-02	6.91e-06	2.66e-07	0.00e+00	0.00e+00	0.00e+00	0.00e+00
 8.49979e+22	9.83e-01	1.68e-02	6.85e-06	2.63e-07	0.00e+00	0.00e+00	0.00e+00	0.00e+00
 8.50648e+22	9.83e-01	1.65e-02	6.81e-06	2.60e-07	0.00e+00	0.00e+00	0.00e+00	0.00e+00
 8.51257e+22	9.84e-01	1.63e-02	6.76e-06	2.57e-07	0.00e+00	0.00e+00	0.00e+00	0.00e+00
 8.51925e+22	9.84e-01	1.60e-02	6.71e-06	2.54e-07	0.00e+00	0.00e+00	0.00e+00	0.00e+00
 8.52645e+22	9.84e-01	1.58e-02	6.66e-06	2.50e-07	0.00e+00	0.00e+00	0.00e+00	0.00e+00
 8.53300e+22	9.84e-01	1.56e-02	6.61e-06	2.47e-07	0.00e+00	0.00e+00	0.00e+00	0.00e+00
 8.53897e+22	9.85e-01	1.54e-02	6.57e-06	2.45e-07	0.00e+00	0.00e+00	0.00e+00	0.00e+00
 8.54551e+22	9.85e-01	1.51e-02	6.52e-06	2.41e-07	0.00e+00	0.00e+00	0.00e+00	0.00e+00
 8.55256e+22	9.85e-01	1.49e-02	6.47e-06	2.38e-07	0.00e+00	0.00e+00	0.00e+00	0.00e+00
 8.55899e+22	9.85e-01	1.47e-02	6.42e-06	2.35e-07	0.00e+00	0.00e+00	0.00e+00	0.00e+00
 8.56602e+22	9.86e-01	1.44e-02	6.37e-06	2.31e-07	0.00e+00	0.00e+00	0.00e+00	0.00e+00
 8.57362e+22	9.86e-01	1.42e-02	6.32e-06	2.28e-07	0.00e+00	0.00e+00	0.00e+00	0.00e+00
 8.58053e+22	9.86e-01	1.40e-02	6.27e-06	2.25e-07	0.00e+00	0.00e+00	0.00e+00	0.00e+00
 8.58811e+22	9.86e-01	1.37e-02	6.21e-06	2.21e-07	0.00e+00	0.00e+00	0.00e+00	0.00e+00
 8.59629e+22	9.87e-01	1.35e-02	6.15e-06	2.17e-07	0.00e+00	0.00e+00	0.00e+00	0.00e+00
 8.60373e+22	9.87e-01	1.33e-02	6.10e-06	2.14e-07	0.00e+00	0.00e+00	0.00e+00	0.00e+00
 8.61188e+22	9.87e-01	1.30e-02	6.04e-06	2.09e-07	0.00e+00	0.00e+00	0.00e+00	0.00e+00
 8.62069e+22	9.87e-01	1.28e-02	5.98e-06	2.06e-07	0.00e+00	0.00e+00	0.00e+00	0.00e+00
 8.62870e+22	9.87e-01	1.26e-02	5.93e-06	2.02e-07	0.00e+00	0.00e+00	0.00e+00	0.00e+00
 8.63748e+22	9.88e-01	1.23e-02	5.86e-06	1.97e-07	0.00e+00	0.00e+00	0.00e+00	0.00e+00
 8.64696e+22	9.88e-01	1.20e-02	5.80e-06	1.93e-07	0.00e+00	0.00e+00	0.00e+00	0.00e+00
 8.65558e+22	9.88e-01	1.18e-02	5.74e-06	1.90e-07	0.00e+00	0.00e+00	0.00e+00	0.00e+00
 8.66343e+22	9.88e-01	1.16e-02	5.69e-06	1.87e-07	0.00e+00	0.00e+00	0.00e+00	0.00e+00
 8.67203e+22	9.89e-01	1.14e-02	5.63e-06	1.82e-07	0.00e+00	0.00e+00	0.00e+00	0.00e+00
 8.68317e+22	9.89e-01	1.10e-02	5.55e-06	1.76e-07	0.00e+00	0.00e+00	0.00e+00	0.00e+00
 8.69565e+22	9.89e-01	1.07e-02	5.47e-06	1.71e-07	0.00e+00	0.00e+00	0.00e+00	0.00e+00
 8.70802e+22	9.90e-01	1.05e-02	5.39e-06	1.66e-07	0.00e+00	0.00e+00	0.00e+00	0.00e+00
 8.72048e+22	9.90e-01	1.02e-02	5.31e-06	1.61e-07	0.00e+00	0.00e+00	0.00e+00	0.00e+00
 8.73322e+22	9.90e-01	9.90e-03	5.23e-06	1.56e-07	0.00e+00	0.00e+00	0.00e+00	0.00e+00
 8.74618e+22	9.90e-01	9.63e-03	5.15e-06	1.52e-07	0.00e+00	0.00e+00	0.00e+00	0.00e+00
 8.75929e+22	9.91e-01	9.37e-03	5.07e-06	1.47e-07	0.00e+00	0.00e+00	0.00e+00	0.00e+00
 8.77255e+22	9.91e-01	9.11e-03	4.99e-06	1.42e-07	0.00e+00	0.00e+00	0.00e+00	0.00e+00
 8.78598e+22	9.91e-01	8.85e-03	4.91e-06	1.38e-07	0.00e+00	0.00e+00	0.00e+00	0.00e+00
 8.79957e+22	9.91e-01	8.60e-03	4.84e-06	1.33e-07	0.00e+00	0.00e+00	0.00e+00	0.00e+00
 8.81332e+22	9.92e-01	8.36e-03	4.76e-06	1.29e-07	0.00e+00	0.00e+00	0.00e+00	0.00e+00
 8.82723e+22	9.92e-01	8.12e-03	4.68e-06	0.00e+00	0.00e+00	0.00e+00	0.00e+00	0.00e+00
 8.84128e+22	9.92e-01	7.89e-03	4.60e-06	0.00e+00	0.00e+00	0.00e+00	0.00e+00	0.00e+00
 8.85548e+22	9.92e-01	7.66e-03	4.52e-06	0.00e+00	0.00e+00	0.00e+00	0.00e+00	0.00e+00
 8.86982e+22	9.93e-01	7.44e-03	4.45e-06	0.00e+00	0.00e+00	0.00e+00	0.00e+00	0.00e+00
 8.88429e+22	9.93e-01	7.22e-03	4.37e-06	0.00e+00	0.00e+00	0.00e+00	0.00e+00	0.00e+00
 8.89888e+22	9.93e-01	7.01e-03	4.29e-06	0.00e+00	0.00e+00	0.00e+00	0.00e+00	0.00e+00
 8.91360e+22	9.93e-01	6.81e-03	4.22e-06	0.00e+00	0.00e+00	0.00e+00	0.00e+00	0.00e+00
 8.92847e+22	9.93e-01	6.61e-03	4.14e-06	0.00e+00	0.00e+00	0.00e+00	0.00e+00	0.00e+00
 8.94348e+22	9.94e-01	6.41e-03	4.07e-06	0.00e+00	0.00e+00	0.00e+00	0.00e+00	0.00e+00
 8.95863e+22	9.94e-01	6.22e-03	3.99e-06	0.00e+00	0.00e+00	0.00e+00	0.00e+00	0.00e+00
 8.97389e+22	9.94e-01	6.04e-03	3.92e-06	0.00e+00	0.00e+00	0.00e+00	0.00e+00	0.00e+00
 8.98930e+22	9.94e-01	5.86e-03	3.85e-06	0.00e+00	0.00e+00	0.00e+00	0.00e+00	0.00e+00
 9.00483e+22	9.94e-01	5.69e-03	3.78e-06	0.00e+00	0.00e+00	0.00e+00	0.00e+00	0.00e+00
 9.02077e+22	9.94e-01	5.51e-03	3.70e-06	0.00e+00	0.00e+00	0.00e+00	0.00e+00	0.00e+00
 9.03709e+22	9.95e-01	5.34e-03	3.63e-06	0.00e+00	0.00e+00	0.00e+00	0.00e+00	0.00e+00
 9.05355e+22	9.95e-01	5.17e-03	3.55e-06	0.00e+00	0.00e+00	0.00e+00	0.00e+00	0.00e+00
 9.07019e+22	9.95e-01	5.01e-03	3.48e-06	0.00e+00	0.00e+00	0.00e+00	0.00e+00	0.00e+00
 9.08702e+22	9.95e-01	4.86e-03	3.41e-06	0.00e+00	0.00e+00	0.00e+00	0.00e+00	0.00e+00
 9.10404e+22	9.95e-01	4.70e-03	3.34e-06	0.00e+00	0.00e+00	0.00e+00	0.00e+00	0.00e+00
 9.12126e+22	9.95e-01	4.55e-03	3.26e-06	0.00e+00	0.00e+00	0.00e+00	0.00e+00	0.00e+00
 9.13871e+22	9.96e-01	4.41e-03	3.19e-06	0.00e+00	0.00e+00	0.00e+00	0.00e+00	0.00e+00
 9.15646e+22	9.96e-01	4.27e-03	3.12e-06	0.00e+00	0.00e+00	0.00e+00	0.00e+00	0.00e+00
 9.17451e+22	9.96e-01	4.13e-03	3.05e-06	0.00e+00	0.00e+00	0.00e+00	0.00e+00	0.00e+00
 9.19306e+22	9.96e-01	3.99e-03	2.98e-06	0.00e+00	0.00e+00	0.00e+00	0.00e+00	0.00e+00
 9.21208e+22	9.96e-01	3.85e-03	2.90e-06	0.00e+00	0.00e+00	0.00e+00	0.00e+00	0.00e+00
 9.23138e+22	9.96e-01	3.72e-03	2.83e-06	0.00e+00	0.00e+00	0.00e+00	0.00e+00	0.00e+00
 9.24907e+22	9.96e-01	3.64e-03	2.77e-06	0.00e+00	0.00e+00	0.00e+00	0.00e+00	0.00e+00
