#depth	Ar	Ar+	Ar+2	Ar+3	Ar+4	Ar+5	Ar+6	Ar+7	Ar+8	Ar+9	Ar+10	Ar+11	Ar+12	Ar+13	Ar+14	Ar+15	Ar+16	Ar+17	Ar+18
 4.62852e+21	0.00e+00	0.00e+00	0.00e+00	0.00e+00	0.00e+00	0.00e+00	3.73e-33	7.45e-29	5.72e-25	1.54e-21	2.27e-18	1.63e-15	7.29e-13	2.18e-10	6.73e-08	1.36e-05	2.43e-03	7.32e-02	9.24e-01
 1.02307e+22	0.00e+00	0.00e+00	0.00e+00	0.00e+00	0.00e+00	9.27e-34	1.44e-29	1.36e-25	4.91e-22	6.02e-19	4.01e-16	1.31e-13	2.67e-11	3.62e-09	5.25e-07	5.50e-05	6.82e-03	1.27e-01	8.66e-01
 1.15620e+22	0.00e+00	0.00e+00	0.00e+00	0.00e+00	0.00e+00	2.73e-32	3.12e-28	2.18e-24	5.98e-21	5.49e-18	2.72e-15	6.64e-13	1.01e-10	1.02e-08	1.11e-06	9.06e-05	9.88e-03	1.54e-01	8.36e-01
 1.20985e+22	0.00e+00	0.00e+00	0.00e+00	0.00e+00	0.00e+00	8.60e-32	8.43e-28	5.08e-24	2.10e-20	1.66e-17	7.11e-15	1.50e-12	1.97e-10	1.72e-08	1.62e-06	1.17e-04	1.19e-02	1.69e-01	8.19e-01
 1.23320e+22	0.00e+00	0.00e+00	0.00e+00	0.00e+00	0.00e+00	1.45e-31	1.35e-27	7.79e-24	3.08e-20	2.34e-17	9.55e-15	1.93e-12	2.42e-10	2.02e-08	1.82e-06	1.26e-04	1.26e-02	1.74e-01	8.13e-01
 1.24519e+22	0.00e+00	0.00e+00	0.00e+00	0.00e+00	0.00e+00	2.69e-31	2.38e-27	1.30e-23	4.87e-20	3.51e-17	1.36e-14	2.60e-12	3.09e-10	2.46e-08	2.10e-06	1.38e-04	1.34e-02	1.80e-01	8.07e-01
 1.25810e+22	0.00e+00	0.00e+00	0.00e+00	0.00e+00	0.00e+00	4.94e-31	4.13e-27	2.13e-23	7.63e-20	5.21e-17	1.92e-14	3.48e-12	3.94e-10	2.97e-08	2.41e-06	1.52e-04	1.44e-02	1.86e-01	8.00e-01
 1.27097e+22	0.00e+00	0.00e+00	0.00e+00	0.00e+00	0.00e+00	9.16e-31	7.25e-27	3.55e-23	1.20e-19	7.81e-17	2.72e-14	4.69e-12	5.04e-10	3.60e-08	2.77e-06	1.67e-04	1.53e-02	1.92e-01	7.93e-01
 1.28395e+22	0.00e+00	0.00e+00	0.00e+00	0.00e+00	0.00e+00	1.70e-30	1.27e-26	5.88e-23	1.90e-19	1.17e-16	3.86e-14	6.31e-12	6.44e-10	4.37e-08	3.20e-06	1.83e-04	1.64e-02	1.98e-01	7.85e-01
 1.29689e+22	0.00e+00	0.00e+00	0.00e+00	0.00e+00	0.00e+00	3.14e-30	2.22e-26	9.74e-23	2.99e-19	1.75e-16	5.49e-14	8.51e-12	8.24e-10	5.32e-08	3.68e-06	2.01e-04	1.75e-02	2.04e-01	7.78e-01
 1.30912e+22	0.00e+00	0.00e+00	0.00e+00	0.00e+00	0.00e+00	5.44e-30	3.67e-26	1.53e-22	4.50e-19	2.51e-16	7.51e-14	1.11e-11	1.03e-09	6.33e-08	4.19e-06	2.20e-04	1.86e-02	2.10e-01	7.71e-01
 1.32135e+22	0.00e+00	0.00e+00	0.00e+00	0.00e+00	0.00e+00	1.00e-29	6.39e-26	2.53e-22	7.07e-19	3.75e-16	1.06e-13	1.50e-11	1.32e-09	7.70e-08	4.83e-06	2.42e-04	1.99e-02	2.17e-01	7.63e-01
 1.33376e+22	0.00e+00	0.00e+00	0.00e+00	0.00e+00	1.88e-33	1.77e-29	1.07e-25	4.03e-22	1.08e-18	5.44e-16	1.47e-13	1.97e-11	1.65e-09	9.24e-08	5.52e-06	2.65e-04	2.11e-02	2.23e-01	7.56e-01
 1.34615e+22	0.00e+00	0.00e+00	0.00e+00	0.00e+00	3.66e-33	3.25e-29	1.86e-25	6.64e-22	1.69e-18	8.12e-16	2.09e-13	2.65e-11	2.12e-09	1.12e-07	6.38e-06	2.92e-04	2.26e-02	2.30e-01	7.48e-01
 1.35872e+22	0.00e+00	0.00e+00	0.00e+00	0.00e+00	6.92e-33	5.83e-29	3.17e-25	1.07e-21	2.60e-18	1.19e-15	2.91e-13	3.53e-11	2.69e-09	1.36e-07	7.33e-06	3.20e-04	2.41e-02	2.36e-01	7.40e-01
 1.37079e+22	0.00e+00	0.00e+00	0.00e+00	0.00e+00	1.28e-32	1.02e-28	5.28e-25	1.70e-21	3.95e-18	1.72e-15	4.02e-13	4.65e-11	3.38e-09	1.63e-07	8.39e-06	3.51e-04	2.56e-02	2.42e-01	7.32e-01
 1.38310e+22	0.00e+00	0.00e+00	0.00e+00	0.00e+00	2.47e-32	1.87e-28	9.15e-25	2.79e-21	6.18e-18	2.57e-15	5.69e-13	6.26e-11	4.32e-09	1.99e-07	9.71e-06	3.88e-04	2.73e-02	2.49e-01	7.23e-01
 1.39557e+22	0.00e+00	0.00e+00	0.00e+00	0.00e+00	4.65e-32	3.34e-28	1.55e-24	4.48e-21	9.47e-18	3.75e-15	7.92e-13	8.31e-11	5.48e-09	2.40e-07	1.12e-05	4.27e-04	2.91e-02	2.56e-01	7.14e-01
 1.40725e+22	0.00e+00	0.00e+00	0.00e+00	0.00e+00	4.97e-32	3.40e-28	1.50e-24	6.90e-21	1.40e-17	5.31e-15	1.07e-12	1.08e-10	6.81e-09	2.86e-07	1.27e-05	4.66e-04	3.08e-02	2.62e-01	7.06e-01
 1.41918e+22	0.00e+00	0.00e+00	0.00e+00	0.00e+00	9.57e-32	6.20e-28	2.59e-24	1.13e-20	2.18e-17	7.87e-15	1.51e-12	1.45e-10	8.71e-09	3.48e-07	1.47e-05	5.16e-04	3.28e-02	2.70e-01	6.97e-01
 1.43128e+22	0.00e+00	0.00e+00	0.00e+00	0.00e+00	1.74e-31	1.07e-27	4.24e-24	1.76e-20	3.26e-17	1.13e-14	2.07e-12	1.89e-10	1.09e-08	4.17e-07	1.68e-05	5.66e-04	3.48e-02	2.76e-01	6.88e-01
 1.44334e+22	0.00e+00	0.00e+00	0.00e+00	0.00e+00	3.32e-31	1.94e-27	7.27e-24	2.85e-20	5.06e-17	1.66e-14	2.91e-12	2.53e-10	1.39e-08	5.09e-07	1.95e-05	6.26e-04	3.71e-02	2.83e-01	6.79e-01
 1.45560e+22	0.00e+00	0.00e+00	0.00e+00	0.00e+00	6.13e-31	3.39e-27	1.21e-23	4.50e-20	7.64e-17	2.40e-14	4.01e-12	3.34e-10	1.76e-08	6.13e-07	2.24e-05	6.90e-04	3.95e-02	2.90e-01	6.70e-01
 1.46726e+22	0.00e+00	0.00e+00	0.00e+00	0.00e+00	1.10e-30	5.80e-27	1.97e-23	6.97e-20	1.14e-16	3.41e-14	5.46e-12	4.35e-10	2.19e-08	7.34e-07	2.56e-05	7.57e-04	4.18e-02	2.97e-01	6.60e-01
 1.47924e+22	0.00e+00	0.00e+00	0.00e+00	0.00e+00	2.09e-30	1.04e-26	3.35e-23	1.12e-19	1.75e-16	5.01e-14	7.65e-12	5.81e-10	2.80e-08	8.94e-07	2.97e-05	8.38e-04	4.45e-02	3.04e-01	6.50e-01
 1.49138e+22	0.00e+00	0.00e+00	0.00e+00	0.00e+00	3.82e-30	1.81e-26	5.50e-23	1.75e-19	2.62e-16	7.19e-14	1.05e-11	7.62e-10	3.52e-08	1.08e-06	3.41e-05	9.23e-04	4.73e-02	3.11e-01	6.41e-01
 1.50347e+22	0.00e+00	0.00e+00	0.00e+00	0.00e+00	7.20e-30	3.22e-26	9.29e-23	2.81e-19	4.01e-16	1.05e-13	1.46e-11	1.01e-09	4.48e-08	1.31e-06	3.95e-05	1.02e-03	5.03e-02	3.18e-01	6.30e-01
 1.51544e+22	0.00e+00	0.00e+00	0.00e+00	1.36e-33	1.29e-29	5.50e-26	1.51e-22	4.33e-19	5.95e-16	1.49e-13	1.99e-11	1.32e-09	5.60e-08	1.57e-06	4.53e-05	1.12e-03	5.33e-02	3.25e-01	6.20e-01
 1.52737e+22	0.00e+00	0.00e+00	0.00e+00	2.69e-33	2.42e-29	9.72e-26	2.52e-22	6.87e-19	9.04e-16	2.16e-13	2.75e-11	1.75e-09	7.10e-08	1.90e-06	5.24e-05	1.24e-03	5.66e-02	3.32e-01	6.10e-01
 1.53942e+22	0.00e+00	0.00e+00	0.00e+00	5.12e-33	4.37e-29	1.67e-25	4.11e-22	1.06e-18	1.34e-15	3.08e-13	3.75e-11	2.29e-09	8.91e-08	2.29e-06	6.02e-05	1.37e-03	6.00e-02	3.39e-01	5.99e-01
 1.55143e+22	0.00e+00	0.00e+00	0.00e+00	1.00e-32	8.11e-29	2.93e-25	6.84e-22	1.68e-18	2.03e-15	4.45e-13	5.18e-11	3.02e-09	1.13e-07	2.78e-06	6.95e-05	1.52e-03	6.37e-02	3.46e-01	5.88e-01
 1.56360e+22	0.00e+00	0.00e+00	0.00e+00	1.93e-32	1.48e-28	5.08e-25	1.12e-21	2.61e-18	3.04e-15	6.36e-13	7.10e-11	3.97e-09	1.42e-07	3.35e-06	8.01e-05	1.68e-03	6.75e-02	3.53e-01	5.78e-01
 1.57548e+22	0.00e+00	0.00e+00	0.00e+00	3.65e-32	2.66e-28	8.66e-25	1.81e-21	4.00e-18	4.48e-15	9.00e-13	9.62e-11	5.16e-09	1.78e-07	4.03e-06	9.19e-05	1.85e-03	7.15e-02	3.60e-01	5.67e-01
 1.58740e+22	0.00e+00	0.00e+00	0.00e+00	7.04e-32	4.87e-28	1.50e-24	2.97e-21	6.22e-18	6.68e-15	1.29e-12	1.32e-10	6.77e-09	2.24e-07	4.86e-06	1.06e-04	2.04e-03	7.58e-02	3.67e-01	5.55e-01
 1.59941e+22	0.00e+00	0.00e+00	0.00e+00	1.34e-31	8.77e-28	2.56e-24	4.80e-21	9.54e-18	9.85e-15	1.82e-12	1.78e-10	8.81e-09	2.80e-07	5.84e-06	1.22e-04	2.25e-03	8.02e-02	3.73e-01	5.44e-01
 1.61135e+22	0.00e+00	0.00e+00	0.00e+00	2.55e-31	1.59e-27	4.38e-24	7.78e-21	1.47e-17	1.46e-14	2.58e-12	2.42e-10	1.15e-08	3.51e-07	7.04e-06	1.40e-04	2.48e-03	8.48e-02	3.80e-01	5.33e-01
 1.62334e+22	0.00e+00	0.00e+00	0.00e+00	4.84e-31	2.85e-27	7.45e-24	1.25e-20	2.24e-17	2.14e-14	3.63e-12	3.28e-10	1.49e-08	4.39e-07	8.46e-06	1.61e-04	2.74e-03	8.97e-02	3.86e-01	5.21e-01
 1.63527e+22	0.00e+00	0.00e+00	0.00e+00	9.12e-31	5.10e-27	1.26e-23	2.01e-20	3.40e-17	3.13e-14	5.10e-12	4.42e-10	1.94e-08	5.48e-07	1.02e-05	1.84e-04	3.02e-03	9.48e-02	3.92e-01	5.10e-01
 1.64713e+22	0.00e+00	0.00e+00	0.00e+00	1.71e-30	9.07e-27	2.12e-23	3.20e-20	5.14e-17	4.56e-14	7.13e-12	5.94e-10	2.50e-08	6.83e-07	1.22e-05	2.11e-04	3.32e-03	1.00e-01	3.98e-01	4.98e-01
 1.65892e+22	0.00e+00	0.00e+00	0.00e+00	3.18e-30	1.60e-26	3.55e-23	5.06e-20	7.71e-17	6.60e-14	9.92e-12	7.95e-10	3.22e-08	8.48e-07	1.46e-05	2.42e-04	3.65e-03	1.06e-01	4.04e-01	4.86e-01
 1.67065e+22	0.00e+00	0.00e+00	7.80e-34	5.88e-30	2.81e-26	5.89e-23	7.96e-20	1.15e-16	9.50e-14	1.37e-11	1.06e-09	4.13e-08	1.05e-06	1.74e-05	2.76e-04	4.02e-03	1.11e-01	4.10e-01	4.75e-01
 1.68230e+22	0.00e+00	0.00e+00	1.50e-33	1.08e-29	4.89e-26	9.72e-23	1.24e-19	1.70e-16	1.36e-13	1.89e-11	1.40e-09	5.29e-08	1.30e-06	2.07e-05	3.15e-04	4.41e-03	1.17e-01	4.15e-01	4.63e-01
 1.69390e+22	0.00e+00	0.00e+00	2.88e-33	1.97e-29	8.47e-26	1.59e-22	1.93e-19	2.51e-16	1.93e-13	2.59e-11	1.86e-09	6.74e-08	1.60e-06	2.46e-05	3.59e-04	4.83e-03	1.23e-01	4.20e-01	4.51e-01
 1.70544e+22	0.00e+00	0.00e+00	5.50e-33	3.58e-29	1.46e-25	2.60e-22	2.98e-19	3.67e-16	2.74e-13	3.54e-11	2.44e-09	8.57e-08	1.97e-06	2.93e-05	4.08e-04	5.30e-03	1.30e-01	4.25e-01	4.40e-01
 1.71690e+22	0.00e+00	0.00e+00	1.04e-32	6.44e-29	2.49e-25	4.20e-22	4.55e-19	5.33e-16	3.85e-13	4.80e-11	3.20e-09	1.09e-07	2.42e-06	3.47e-05	4.64e-04	5.80e-03	1.36e-01	4.29e-01	4.28e-01
 1.72829e+22	0.00e+00	0.00e+00	1.95e-32	1.15e-28	4.22e-25	6.74e-22	6.92e-19	7.69e-16	5.38e-13	6.48e-11	4.17e-09	1.37e-07	2.96e-06	4.10e-05	5.26e-04	6.33e-03	1.43e-01	4.34e-01	4.16e-01
 1.73964e+22	0.00e+00	0.00e+00	3.63e-32	2.04e-28	7.11e-25	1.08e-21	1.04e-18	1.10e-15	7.47e-13	8.71e-11	5.42e-09	1.72e-07	3.61e-06	4.85e-05	5.95e-04	6.92e-03	1.50e-01	4.38e-01	4.05e-01
 1.75097e+22	0.00e+00	0.00e+00	6.72e-32	3.60e-28	1.19e-24	1.71e-21	1.57e-18	1.57e-15	1.03e-12	1.16e-10	7.02e-09	2.16e-07	4.39e-06	5.71e-05	6.73e-04	7.54e-03	1.57e-01	4.41e-01	3.93e-01
 1.76229e+22	0.00e+00	0.00e+00	1.24e-31	6.32e-28	1.98e-24	2.69e-21	2.34e-18	2.22e-15	1.42e-12	1.55e-10	9.05e-09	2.70e-07	5.34e-06	6.73e-05	7.60e-04	8.22e-03	1.64e-01	4.45e-01	3.82e-01
 1.77361e+22	0.00e+00	0.00e+00	2.26e-31	1.10e-27	3.28e-24	4.21e-21	3.46e-18	3.13e-15	1.94e-12	2.06e-10	1.16e-08	3.37e-07	6.48e-06	7.91e-05	8.58e-04	8.95e-03	1.72e-01	4.48e-01	3.71e-01
 1.78494e+22	0.00e+00	0.00e+00	4.11e-31	1.91e-27	5.39e-24	6.55e-21	5.11e-18	4.38e-15	2.64e-12	2.72e-10	1.49e-08	4.20e-07	7.85e-06	9.29e-05	9.67e-04	9.73e-03	1.80e-01	4.50e-01	3.59e-01
 1.79630e+22	0.00e+00	0.00e+00	7.41e-31	3.28e-27	8.80e-24	1.01e-20	7.47e-18	6.08e-15	3.58e-12	3.57e-10	1.90e-08	5.21e-07	9.49e-06	1.09e-04	1.09e-03	1.06e-02	1.88e-01	4.53e-01	3.48e-01
 1.80775e+22	0.00e+00	0.00e+00	1.33e-30	5.63e-27	1.43e-23	1.56e-20	1.09e-17	8.42e-15	4.83e-12	4.69e-10	2.43e-08	6.46e-07	1.15e-05	1.28e-04	1.22e-03	1.15e-02	1.96e-01	4.55e-01	3.37e-01
 1.81931e+22	0.00e+00	0.00e+00	2.39e-30	9.62e-27	2.33e-23	2.40e-20	1.58e-17	1.16e-14	6.50e-12	6.13e-10	3.08e-08	7.99e-07	1.38e-05	1.49e-04	1.38e-03	1.24e-02	2.04e-01	4.56e-01	3.26e-01
 1.83097e+22	0.00e+00	0.00e+00	4.27e-30	1.64e-26	3.76e-23	3.67e-20	2.29e-17	1.59e-14	8.71e-12	7.99e-10	3.92e-08	9.88e-07	1.67e-05	1.75e-04	1.55e-03	1.35e-02	2.13e-01	4.57e-01	3.15e-01
 1.84279e+22	0.00e+00	0.00e+00	7.60e-30	2.78e-26	6.05e-23	5.59e-20	3.30e-17	2.18e-14	1.16e-11	1.04e-09	4.96e-08	1.22e-06	2.01e-05	2.05e-04	1.74e-03	1.46e-02	2.21e-01	4.58e-01	3.04e-01
 1.85478e+22	0.00e+00	0.00e+00	1.35e-29	4.70e-26	9.71e-23	8.50e-20	4.75e-17	2.97e-14	1.55e-11	1.35e-09	6.28e-08	1.51e-06	2.42e-05	2.39e-04	1.95e-03	1.58e-02	2.30e-01	4.59e-01	2.93e-01
 1.86699e+22	0.00e+00	0.00e+00	2.39e-29	7.94e-26	1.56e-22	1.29e-19	6.81e-17	4.05e-14	2.06e-11	1.76e-09	7.95e-08	1.86e-06	2.92e-05	2.80e-04	2.19e-03	1.71e-02	2.39e-01	4.59e-01	2.82e-01
 1.87945e+22	0.00e+00	0.00e+00	4.23e-29	1.34e-25	2.49e-22	1.95e-19	9.75e-17	5.50e-14	2.74e-11	2.28e-09	1.01e-07	2.29e-06	3.52e-05	3.27e-04	2.45e-03	1.85e-02	2.49e-01	4.59e-01	2.71e-01
 1.89222e+22	0.00e+00	6.57e-34	7.50e-29	2.26e-25	3.99e-22	2.96e-19	1.40e-16	7.46e-14	3.65e-11	2.96e-09	1.27e-07	2.83e-06	4.24e-05	3.83e-04	2.75e-03	2.00e-02	2.58e-01	4.58e-01	2.61e-01
 1.90468e+22	0.00e+00	1.12e-33	1.26e-28	3.63e-25	6.12e-22	4.31e-19	1.93e-16	9.83e-14	4.72e-11	3.75e-09	1.58e-07	3.43e-06	5.03e-05	4.42e-04	3.06e-03	2.15e-02	2.67e-01	4.57e-01	2.51e-01
 1.91755e+22	0.00e+00	2.02e-33	2.24e-28	6.16e-25	9.84e-22	6.55e-19	2.77e-16	1.34e-13	6.29e-11	4.88e-09	2.01e-07	4.25e-06	6.09e-05	5.19e-04	3.44e-03	2.32e-02	2.77e-01	4.55e-01	2.40e-01
 1.93065e+22	0.00e+00	3.41e-33	3.73e-28	9.84e-25	1.50e-21	9.49e-19	3.81e-16	1.75e-13	8.11e-11	6.17e-09	2.48e-07	5.14e-06	7.21e-05	5.98e-04	3.81e-03	2.49e-02	2.86e-01	4.53e-01	2.31e-01
 1.94417e+22	0.00e+00	6.20e-33	6.69e-28	1.68e-24	2.42e-21	1.45e-18	5.49e-16	2.39e-13	1.08e-10	8.07e-09	3.17e-07	6.40e-06	8.76e-05	7.04e-04	4.29e-03	2.69e-02	2.97e-01	4.51e-01	2.21e-01
 1.95792e+22	0.00e+00	1.04e-32	1.11e-27	2.67e-24	3.67e-21	2.09e-18	7.52e-16	3.12e-13	1.40e-10	1.02e-08	3.92e-07	7.73e-06	1.04e-04	8.10e-04	4.75e-03	2.88e-02	3.06e-01	4.48e-01	2.12e-01
 1.97219e+22	0.00e+00	1.92e-32	2.00e-27	4.59e-24	5.99e-21	3.21e-18	1.09e-15	4.27e-13	1.88e-10	1.34e-08	5.04e-07	9.68e-06	1.27e-04	9.57e-04	5.36e-03	3.11e-02	3.17e-01	4.44e-01	2.01e-01
 1.98674e+22	0.00e+00	3.21e-32	3.31e-27	7.28e-24	9.06e-21	4.63e-18	1.49e-15	5.58e-13	2.42e-10	1.70e-08	6.23e-07	1.17e-05	1.50e-04	1.10e-03	5.93e-03	3.32e-02	3.26e-01	4.41e-01	1.93e-01
 2.00010e+22	0.00e+00	5.27e-32	5.36e-27	1.13e-23	1.35e-20	6.57e-18	2.02e-15	7.20e-13	3.08e-10	2.12e-08	7.65e-07	1.41e-05	1.76e-04	1.26e-03	6.53e-03	3.54e-02	3.35e-01	4.37e-01	1.85e-01
 2.01532e+22	0.00e+00	9.90e-32	9.88e-27	1.99e-23	2.24e-20	1.03e-17	2.96e-15	9.97e-13	4.19e-10	2.83e-08	9.94e-07	1.78e-05	2.17e-04	1.50e-03	7.39e-03	3.82e-02	3.46e-01	4.32e-01	1.74e-01
 2.03068e+22	0.00e+00	1.61e-31	1.58e-26	3.06e-23	3.30e-20	1.45e-17	3.99e-15	1.28e-12	5.31e-10	3.53e-08	1.22e-06	2.13e-05	2.55e-04	1.71e-03	8.12e-03	4.06e-02	3.55e-01	4.27e-01	1.67e-01
 2.04622e+22	0.00e+00	2.98e-31	2.88e-26	5.31e-23	5.42e-20	2.24e-17	5.82e-15	1.76e-12	7.20e-10	4.69e-08	1.58e-06	2.68e-05	3.13e-04	2.02e-03	9.15e-03	4.37e-02	3.66e-01	4.21e-01	1.57e-01
 2.06180e+22	0.00e+00	4.79e-31	4.56e-26	8.09e-23	7.92e-20	3.13e-17	7.77e-15	2.25e-12	9.09e-10	5.83e-08	1.92e-06	3.20e-05	3.65e-04	2.30e-03	1.00e-02	4.63e-02	3.74e-01	4.16e-01	1.50e-01
 2.07745e+22	0.00e+00	8.82e-31	8.24e-26	1.39e-22	1.29e-19	4.82e-17	1.13e-14	3.08e-12	1.23e-09	7.71e-08	2.49e-06	4.03e-05	4.47e-04	2.71e-03	1.13e-02	4.97e-02	3.85e-01	4.09e-01	1.42e-01
 2.09337e+22	0.00e+00	1.40e-30	1.29e-25	2.11e-22	1.88e-19	6.72e-17	1.50e-14	3.94e-12	1.55e-09	9.58e-08	3.03e-06	4.80e-05	5.21e-04	3.07e-03	1.23e-02	5.24e-02	3.93e-01	4.04e-01	1.35e-01
 2.10963e+22	0.00e+00	2.61e-30	2.36e-25	3.67e-22	3.09e-19	1.04e-16	2.19e-14	5.41e-12	2.10e-09	1.28e-07	3.94e-06	6.06e-05	6.40e-04	3.63e-03	1.39e-02	5.63e-02	4.03e-01	3.96e-01	1.27e-01
 2.12583e+22	0.00e+00	4.07e-30	3.62e-25	5.45e-22	4.43e-19	1.43e-16	2.88e-14	6.83e-12	2.63e-09	1.57e-07	4.77e-06	7.17e-05	7.41e-04	4.08e-03	1.51e-02	5.91e-02	4.10e-01	3.90e-01	1.21e-01
 2.14194e+22	0.00e+00	7.45e-30	6.51e-25	9.34e-22	7.18e-19	2.19e-16	4.15e-14	9.30e-12	3.53e-09	2.08e-07	6.16e-06	9.00e-05	9.05e-04	4.80e-03	1.69e-02	6.32e-02	4.20e-01	3.81e-01	1.13e-01
 2.15824e+22	0.00e+00	1.16e-29	1.00e-24	1.39e-21	1.03e-18	3.01e-16	5.47e-14	1.18e-11	4.43e-09	2.56e-07	7.46e-06	1.07e-04	1.05e-03	5.40e-03	1.83e-02	6.63e-02	4.26e-01	3.75e-01	1.07e-01
 2.17480e+22	0.00e+00	2.12e-29	1.79e-24	2.37e-21	1.66e-18	4.60e-16	7.88e-14	1.60e-11	5.96e-09	3.39e-07	9.63e-06	1.34e-04	1.28e-03	6.33e-03	2.05e-02	7.06e-02	4.35e-01	3.66e-01	1.00e-01
 2.19158e+22	0.00e+00	3.37e-29	2.80e-24	3.58e-21	2.42e-18	6.41e-16	1.05e-13	2.04e-11	7.51e-09	4.22e-07	1.18e-05	1.59e-04	1.49e-03	7.15e-03	2.23e-02	7.41e-02	4.41e-01	3.58e-01	9.50e-02
 2.20867e+22	0.00e+00	6.20e-29	5.05e-24	6.17e-21	3.94e-18	9.86e-16	1.52e-13	2.78e-11	1.02e-08	5.61e-07	1.53e-05	2.00e-04	1.81e-03	8.39e-03	2.48e-02	7.88e-02	4.49e-01	3.48e-01	8.83e-02
 2.22604e+22	0.00e+00	1.00e-28	8.04e-24	9.46e-21	5.80e-18	1.39e-15	2.03e-13	3.56e-11	1.29e-08	7.03e-07	1.87e-05	2.40e-04	2.12e-03	9.50e-03	2.71e-02	8.26e-02	4.55e-01	3.40e-01	8.32e-02
 2.24380e+22	0.00e+00	1.88e-28	1.47e-23	1.65e-20	9.59e-18	2.15e-15	2.97e-13	4.89e-11	1.76e-08	9.42e-07	2.45e-05	3.04e-04	2.60e-03	1.12e-02	3.02e-02	8.77e-02	4.62e-01	3.29e-01	7.69e-02
 2.26179e+22	3.32e-34	3.08e-28	2.38e-23	2.56e-20	1.42e-17	3.05e-15	4.01e-13	6.28e-11	2.25e-08	1.19e-06	3.03e-05	3.66e-04	3.05e-03	1.27e-02	3.29e-02	9.18e-02	4.67e-01	3.21e-01	7.21e-02
 2.27739e+22	5.45e-34	4.96e-28	3.77e-23	3.92e-20	2.08e-17	4.26e-15	5.34e-13	7.99e-11	2.85e-08	1.48e-06	3.71e-05	4.37e-04	3.56e-03	1.43e-02	3.57e-02	9.58e-02	4.71e-01	3.12e-01	6.77e-02
 2.29210e+22	8.59e-34	7.69e-28	5.76e-23	5.78e-20	2.96e-17	5.80e-15	6.94e-13	9.95e-11	3.53e-08	1.82e-06	4.48e-05	5.15e-04	4.10e-03	1.60e-02	3.85e-02	9.96e-02	4.74e-01	3.04e-01	6.38e-02
 2.30835e+22	1.56e-33	1.37e-27	1.00e-22	9.64e-20	4.68e-17	8.66e-15	9.77e-13	1.32e-10	4.68e-08	2.38e-06	5.72e-05	6.38e-04	4.92e-03	1.84e-02	4.23e-02	1.05e-01	4.77e-01	2.93e-01	5.89e-02
 2.32454e+22	2.46e-33	2.12e-27	1.54e-22	1.42e-19	6.63e-17	1.18e-14	1.27e-12	1.64e-10	5.80e-08	2.92e-06	6.89e-05	7.51e-04	5.66e-03	2.05e-02	4.55e-02	1.08e-01	4.80e-01	2.84e-01	5.53e-02
 2.33763e+22	3.65e-33	3.11e-27	2.22e-22	1.99e-19	8.97e-17	1.53e-14	1.59e-12	1.98e-10	6.98e-08	3.48e-06	8.10e-05	8.64e-04	6.38e-03	2.25e-02	4.83e-02	1.12e-01	4.81e-01	2.77e-01	5.24e-02
 2.35166e+22	6.17e-33	5.16e-27	3.62e-22	3.12e-19	1.34e-16	2.17e-14	2.13e-12	2.53e-10	8.91e-08	4.39e-06	1.00e-04	1.04e-03	7.47e-03	2.55e-02	5.24e-02	1.16e-01	4.82e-01	2.67e-01	4.86e-02
 2.36462e+22	8.59e-33	7.10e-27	4.93e-22	4.13e-19	1.72e-16	2.70e-14	2.57e-12	2.94e-10	1.04e-07	5.09e-06	1.15e-04	1.17e-03	8.25e-03	2.75e-02	5.51e-02	1.19e-01	4.82e-01	2.61e-01	4.63e-02
 2.37619e+22	1.35e-32	1.10e-26	7.49e-22	6.06e-19	2.42e-16	3.63e-14	3.28e-12	3.60e-10	1.28e-07	6.20e-06	1.37e-04	1.37e-03	9.44e-03	3.05e-02	5.89e-02	1.22e-01	4.82e-01	2.52e-01	4.33e-02
 2.38775e+22	1.86e-32	1.49e-26	1.01e-21	7.97e-19	3.09e-16	4.49e-14	3.94e-12	4.19e-10	1.48e-07	7.16e-06	1.57e-04	1.53e-03	1.04e-02	3.28e-02	6.17e-02	1.25e-01	4.82e-01	2.46e-01	4.13e-02
 2.39931e+22	2.88e-32	2.28e-26	1.52e-21	1.16e-18	4.30e-16	5.99e-14	5.01e-12	5.09e-10	1.81e-07	8.67e-06	1.87e-04	1.78e-03	1.18e-02	3.61e-02	6.57e-02	1.28e-01	4.80e-01	2.37e-01	3.86e-02
 2.41065e+22	3.99e-32	3.12e-26	2.06e-21	1.52e-18	5.50e-16	7.41e-14	5.99e-12	5.89e-10	2.10e-07	1.00e-05	2.13e-04	2.00e-03	1.30e-02	3.89e-02	6.87e-02	1.31e-01	4.79e-01	2.31e-01	3.67e-02
 2.42173e+22	6.21e-32	4.80e-26	3.12e-21	2.22e-18	7.67e-16	9.85e-14	7.58e-12	7.13e-10	2.56e-07	1.21e-05	2.54e-04	2.33e-03	1.48e-02	4.28e-02	7.31e-02	1.34e-01	4.76e-01	2.22e-01	3.41e-02
 2.43229e+22	8.26e-32	6.31e-26	4.06e-21	2.82e-18	9.51e-16	1.19e-13	8.86e-12	8.10e-10	2.92e-07	1.37e-05	2.85e-04	2.57e-03	1.60e-02	4.55e-02	7.59e-02	1.36e-01	4.74e-01	2.17e-01	3.26e-02
 2.44218e+22	1.22e-31	9.18e-26	5.83e-21	3.92e-18	1.27e-15	1.52e-13	1.09e-11	9.57e-10	3.47e-07	1.62e-05	3.32e-04	2.93e-03	1.79e-02	4.95e-02	7.99e-02	1.39e-01	4.71e-01	2.09e-01	3.06e-02
 2.45229e+22	1.67e-31	1.25e-25	7.84e-21	5.12e-18	1.61e-15	1.86e-13	1.29e-11	1.10e-09	3.99e-07	1.86e-05	3.76e-04	3.26e-03	1.96e-02	5.29e-02	8.33e-02	1.41e-01	4.68e-01	2.03e-01	2.90e-02
 2.46268e+22	2.57e-31	1.89e-25	1.17e-20	7.35e-18	2.21e-15	2.44e-13	1.61e-11	1.31e-09	4.82e-07	2.24e-05	4.44e-04	3.76e-03	2.21e-02	5.78e-02	8.79e-02	1.44e-01	4.63e-01	1.94e-01	2.69e-02
 2.47291e+22	3.47e-31	2.52e-25	1.55e-20	9.46e-18	2.76e-15	2.96e-13	1.88e-11	1.48e-09	5.50e-07	2.54e-05	5.00e-04	4.16e-03	2.40e-02	6.15e-02	9.12e-02	1.45e-01	4.60e-01	1.88e-01	2.55e-02
 2.48291e+22	5.32e-31	3.81e-25	2.30e-20	1.35e-17	3.77e-15	3.85e-13	2.33e-11	1.76e-09	6.60e-07	3.04e-05	5.89e-04	4.78e-03	2.70e-02	6.70e-02	9.59e-02	1.48e-01	4.54e-01	1.80e-01	2.36e-02
 2.49234e+22	6.93e-31	4.92e-25	2.94e-20	1.69e-17	4.59e-15	4.55e-13	2.68e-11	1.96e-09	7.42e-07	3.40e-05	6.52e-04	5.22e-03	2.90e-02	7.06e-02	9.89e-02	1.49e-01	4.49e-01	1.75e-01	2.25e-02
 2.50104e+22	1.01e-30	7.07e-25	4.18e-20	2.31e-17	6.04e-15	5.74e-13	3.23e-11	2.27e-09	8.70e-07	3.98e-05	7.53e-04	5.89e-03	3.21e-02	7.60e-02	1.03e-01	1.50e-01	4.43e-01	1.68e-01	2.10e-02
 2.50984e+22	1.32e-30	9.17e-25	5.37e-20	2.90e-17	7.36e-15	6.79e-13	3.70e-11	2.53e-09	9.78e-07	4.46e-05	8.35e-04	6.43e-03	3.45e-02	8.00e-02	1.06e-01	1.51e-01	4.38e-01	1.62e-01	1.99e-02
 2.51875e+22	1.99e-30	1.36e-24	7.84e-20	4.06e-17	9.85e-15	8.67e-13	4.50e-11	2.94e-09	1.16e-06	5.26e-05	9.71e-04	7.31e-03	3.83e-02	8.64e-02	1.11e-01	1.53e-01	4.30e-01	1.55e-01	1.84e-02
 2.52755e+22	2.61e-30	1.77e-24	1.01e-19	5.10e-17	1.20e-14	1.03e-12	5.16e-11	3.28e-09	1.30e-06	5.89e-05	1.08e-03	7.98e-03	4.11e-02	9.08e-02	1.14e-01	1.54e-01	4.25e-01	1.49e-01	1.74e-02
 2.53621e+22	3.91e-30	2.60e-24	1.47e-19	7.09e-17	1.60e-14	1.30e-12	6.22e-11	3.78e-09	1.53e-06	6.92e-05	1.25e-03	9.03e-03	4.55e-02	9.76e-02	1.19e-01	1.54e-01	4.16e-01	1.42e-01	1.60e-02
 2.54493e+22	5.21e-30	3.44e-24	1.91e-19	9.00e-17	1.97e-14	1.55e-12	7.15e-11	4.22e-09	1.72e-06	7.78e-05	1.39e-03	9.87e-03	4.89e-02	1.03e-01	1.22e-01	1.55e-01	4.09e-01	1.36e-01	1.51e-02
 2.55373e+22	7.90e-30	5.14e-24	2.82e-19	1.27e-16	2.64e-14	1.97e-12	8.66e-11	4.87e-09	2.03e-06	9.17e-05	1.61e-03	1.12e-02	5.42e-02	1.10e-01	1.26e-01	1.55e-01	3.99e-01	1.29e-01	1.38e-02
 2.56258e+22	1.07e-29	6.87e-24	3.73e-19	1.62e-16	3.27e-14	2.36e-12	9.97e-11	5.43e-09	2.29e-06	1.03e-04	1.80e-03	1.23e-02	5.83e-02	1.16e-01	1.30e-01	1.55e-01	3.91e-01	1.23e-01	1.29e-02
 2.57148e+22	1.63e-29	1.03e-23	5.50e-19	2.29e-16	4.39e-14	3.01e-12	1.21e-10	6.26e-09	2.71e-06	1.22e-04	2.08e-03	1.39e-02	6.44e-02	1.24e-01	1.34e-01	1.55e-01	3.79e-01	1.16e-01	1.18e-02
 2.58027e+22	2.23e-29	1.39e-23	7.35e-19	2.96e-16	5.47e-14	3.60e-12	1.39e-10	6.96e-09	3.06e-06	1.37e-04	2.33e-03	1.52e-02	6.92e-02	1.30e-01	1.37e-01	1.54e-01	3.70e-01	1.10e-01	1.10e-02
 2.58890e+22	3.39e-29	2.09e-23	1.08e-18	4.16e-16	7.31e-14	4.57e-12	1.67e-10	7.98e-09	3.59e-06	1.61e-04	2.69e-03	1.71e-02	7.61e-02	1.39e-01	1.41e-01	1.53e-01	3.58e-01	1.03e-01	9.92e-03
 2.59763e+22	4.74e-29	2.88e-23	1.47e-18	5.44e-16	9.19e-14	5.51e-12	1.93e-10	8.88e-09	4.07e-06	1.83e-04	3.01e-03	1.88e-02	8.19e-02	1.46e-01	1.44e-01	1.52e-01	3.48e-01	9.77e-02	9.15e-03
 2.60511e+22	6.53e-29	3.92e-23	1.98e-18	7.04e-16	1.14e-13	6.59e-12	2.21e-10	9.82e-09	4.58e-06	2.05e-04	3.34e-03	2.05e-02	8.78e-02	1.52e-01	1.47e-01	1.51e-01	3.37e-01	9.26e-02	8.46e-03
 2.61347e+22	9.97e-29	5.89e-23	2.92e-18	9.89e-16	1.52e-13	8.31e-12	2.64e-10	1.12e-08	5.34e-06	2.40e-04	3.84e-03	2.30e-02	9.59e-02	1.61e-01	1.50e-01	1.49e-01	3.24e-01	8.59e-02	7.60e-03
 2.62173e+22	1.37e-28	8.00e-23	3.92e-18	1.28e-15	1.89e-13	9.90e-12	3.01e-10	1.23e-08	5.99e-06	2.69e-04	4.26e-03	2.50e-02	1.02e-01	1.68e-01	1.52e-01	1.47e-01	3.13e-01	8.10e-02	7.00e-03
 2.62988e+22	2.09e-28	1.20e-22	5.78e-18	1.79e-15	2.51e-13	1.24e-11	3.58e-10	1.40e-08	6.95e-06	3.11e-04	4.86e-03	2.78e-02	1.11e-01	1.77e-01	1.55e-01	1.44e-01	2.99e-01	7.48e-02	6.25e-03
 2.63810e+22	2.88e-28	1.63e-22	7.73e-18	2.30e-15	3.11e-13	1.48e-11	4.09e-10	1.54e-08	7.77e-06	3.48e-04	5.36e-03	3.01e-02	1.18e-01	1.84e-01	1.56e-01	1.42e-01	2.88e-01	7.03e-02	5.73e-03
 2.64640e+22	4.38e-28	2.44e-22	1.14e-17	3.21e-15	4.11e-13	1.85e-11	4.85e-10	1.74e-08	8.98e-06	4.01e-04	6.09e-03	3.34e-02	1.28e-01	1.92e-01	1.58e-01	1.38e-01	2.74e-01	6.46e-02	5.10e-03
 2.65493e+22	6.19e-28	3.39e-22	1.56e-17	4.22e-15	5.17e-13	2.23e-11	5.58e-10	1.93e-08	1.01e-05	4.50e-04	6.75e-03	3.62e-02	1.36e-01	1.99e-01	1.59e-01	1.36e-01	2.62e-01	6.02e-02	4.62e-03
 2.66252e+22	8.66e-28	4.68e-22	2.11e-17	5.49e-15	6.45e-13	2.67e-11	6.39e-10	2.12e-08	1.13e-05	5.03e-04	7.43e-03	3.91e-02	1.44e-01	2.06e-01	1.60e-01	1.32e-01	2.51e-01	5.60e-02	4.19e-03
 2.67089e+22	1.32e-27	7.01e-22	3.10e-17	7.64e-15	8.51e-13	3.33e-11	7.56e-10	2.40e-08	1.29e-05	5.75e-04	8.37e-03	4.30e-02	1.54e-01	2.13e-01	1.61e-01	1.28e-01	2.37e-01	5.11e-02	3.70e-03
 2.67935e+22	1.85e-27	9.66e-22	4.20e-17	9.94e-15	1.06e-12	3.99e-11	8.67e-10	2.65e-08	1.44e-05	6.40e-04	9.19e-03	4.63e-02	1.62e-01	2.19e-01	1.61e-01	1.25e-01	2.26e-01	4.74e-02	3.34e-03
 2.68789e+22	2.82e-27	1.45e-21	6.17e-17	1.38e-14	1.40e-12	4.99e-11	1.03e-09	2.99e-08	1.64e-05	7.29e-04	1.03e-02	5.06e-02	1.73e-01	2.27e-01	1.61e-01	1.21e-01	2.12e-01	4.30e-02	2.92e-03
 2.69658e+22	4.01e-27	2.03e-21	8.48e-17	1.82e-14	1.76e-12	6.00e-11	1.18e-09	3.32e-08	1.83e-05	8.10e-04	1.13e-02	5.43e-02	1.82e-01	2.32e-01	1.60e-01	1.17e-01	2.00e-01	3.95e-02	2.62e-03
 2.70518e+22	6.02e-27	2.99e-21	1.22e-16	2.49e-14	2.30e-12	7.44e-11	1.39e-09	3.74e-08	2.07e-05	9.13e-04	1.25e-02	5.88e-02	1.92e-01	2.38e-01	1.59e-01	1.13e-01	1.88e-01	3.58e-02	2.29e-03
 2.71394e+22	8.62e-27	4.21e-21	1.69e-16	3.29e-14	2.90e-12	8.99e-11	1.61e-09	4.16e-08	2.30e-05	1.01e-03	1.37e-02	6.30e-02	2.01e-01	2.43e-01	1.58e-01	1.09e-01	1.77e-01	3.28e-02	2.04e-03
 2.72277e+22	1.29e-26	6.16e-21	2.43e-16	4.48e-14	3.76e-12	1.11e-10	1.90e-09	4.69e-08	2.58e-05	1.13e-03	1.50e-02	6.78e-02	2.11e-01	2.48e-01	1.56e-01	1.04e-01	1.65e-01	2.96e-02	1.78e-03
 2.73152e+22	1.81e-26	8.54e-21	3.30e-16	5.83e-14	4.70e-12	1.33e-10	2.18e-09	5.21e-08	2.85e-05	1.25e-03	1.63e-02	7.21e-02	2.20e-01	2.52e-01	1.54e-01	1.00e-01	1.56e-01	2.71e-02	1.59e-03
 2.74043e+22	2.70e-26	1.25e-20	4.72e-16	7.93e-14	6.09e-12	1.65e-10	2.57e-09	5.89e-08	3.19e-05	1.39e-03	1.79e-02	7.72e-02	2.30e-01	2.56e-01	1.52e-01	9.56e-02	1.45e-01	2.43e-02	1.38e-03
 2.74964e+22	3.85e-26	1.75e-20	6.47e-16	1.04e-13	7.66e-12	1.99e-10	2.98e-09	6.58e-08	3.52e-05	1.53e-03	1.93e-02	8.19e-02	2.39e-01	2.59e-01	1.49e-01	9.16e-02	1.35e-01	2.21e-02	1.22e-03
 2.75907e+22	5.74e-26	2.56e-20	9.25e-16	1.41e-13	9.93e-12	2.47e-10	3.53e-09	7.48e-08	3.94e-05	1.70e-03	2.11e-02	8.74e-02	2.48e-01	2.62e-01	1.46e-01	8.71e-02	1.25e-01	1.98e-02	1.05e-03
 2.76861e+22	8.13e-26	3.56e-20	1.26e-15	1.85e-13	1.25e-11	2.97e-10	4.09e-09	8.36e-08	4.33e-05	1.86e-03	2.27e-02	9.23e-02	2.56e-01	2.64e-01	1.44e-01	8.32e-02	1.17e-01	1.80e-02	9.29e-04
 2.77845e+22	1.21e-25	5.20e-20	1.80e-15	2.51e-13	1.62e-11	3.69e-10	4.85e-09	9.54e-08	4.84e-05	2.06e-03	2.47e-02	9.81e-02	2.66e-01	2.66e-01	1.40e-01	7.88e-02	1.08e-01	1.60e-02	8.01e-04
 2.78856e+22	1.72e-25	7.25e-20	2.45e-15	3.28e-13	2.03e-11	4.46e-10	5.65e-09	1.07e-07	5.33e-05	2.25e-03	2.66e-02	1.03e-01	2.74e-01	2.67e-01	1.37e-01	7.50e-02	1.01e-01	1.44e-02	7.01e-04
 2.79906e+22	2.59e-25	1.07e-19	3.52e-15	4.48e-13	2.65e-11	5.58e-10	6.75e-09	1.23e-07	5.96e-05	2.49e-03	2.88e-02	1.09e-01	2.83e-01	2.67e-01	1.33e-01	7.07e-02	9.22e-02	1.28e-02	6.00e-04
 2.80986e+22	3.69e-25	1.49e-19	4.81e-15	5.85e-13	3.34e-11	6.77e-10	7.88e-09	1.39e-07	6.57e-05	2.72e-03	3.09e-02	1.15e-01	2.90e-01	2.67e-01	1.29e-01	6.71e-02	8.54e-02	1.15e-02	5.23e-04
 2.82107e+22	5.56e-25	2.19e-19	6.89e-15	8.00e-13	4.36e-11	8.48e-10	9.47e-09	1.60e-07	7.36e-05	3.00e-03	3.35e-02	1.22e-01	2.98e-01	2.67e-01	1.25e-01	6.30e-02	7.80e-02	1.01e-02	4.44e-04
 2.83259e+22	7.87e-25	3.04e-19	9.36e-15	1.04e-12	5.48e-11	1.03e-09	1.11e-08	1.81e-07	8.11e-05	3.27e-03	3.58e-02	1.27e-01	3.05e-01	2.66e-01	1.21e-01	5.95e-02	7.20e-02	9.06e-03	3.86e-04
 2.84480e+22	1.21e-24	4.56e-19	1.36e-14	1.44e-12	7.27e-11	1.31e-09	1.35e-08	2.12e-07	9.15e-05	3.63e-03	3.88e-02	1.34e-01	3.13e-01	2.64e-01	1.17e-01	5.55e-02	6.52e-02	7.89e-03	3.23e-04
 2.85709e+22	1.69e-24	6.26e-19	1.83e-14	1.86e-12	9.06e-11	1.58e-09	1.57e-08	2.39e-07	1.01e-04	3.94e-03	4.13e-02	1.40e-01	3.19e-01	2.63e-01	1.13e-01	5.24e-02	6.02e-02	7.07e-03	2.81e-04
 2.86965e+22	2.59e-24	9.32e-19	2.65e-14	2.57e-12	1.20e-10	2.00e-09	1.91e-08	2.79e-07	1.13e-04	4.36e-03	4.46e-02	1.47e-01	3.26e-01	2.60e-01	1.08e-01	4.87e-02	5.43e-02	6.13e-03	2.35e-04
 2.88250e+22	3.61e-24	1.28e-18	3.54e-14	3.31e-12	1.49e-10	2.42e-09	2.23e-08	3.16e-07	1.25e-04	4.73e-03	4.74e-02	1.53e-01	3.32e-01	2.57e-01	1.04e-01	4.58e-02	4.99e-02	5.47e-03	2.03e-04
 2.89361e+22	4.91e-24	1.70e-18	4.62e-14	4.18e-12	1.83e-10	2.88e-09	2.58e-08	3.55e-07	1.36e-04	5.09e-03	5.00e-02	1.59e-01	3.36e-01	2.55e-01	1.01e-01	4.33e-02	4.62e-02	4.92e-03	1.78e-04
 2.90595e+22	7.26e-24	2.46e-18	6.48e-14	5.61e-12	2.37e-10	3.59e-09	3.10e-08	4.11e-07	1.52e-04	5.58e-03	5.36e-02	1.66e-01	3.42e-01	2.51e-01	9.60e-02	4.02e-02	4.18e-02	4.29e-03	1.49e-04
 2.91841e+22	9.77e-24	3.24e-18	8.38e-14	7.03e-12	2.88e-10	4.26e-09	3.57e-08	4.61e-07	1.66e-04	5.99e-03	5.64e-02	1.71e-01	3.45e-01	2.48e-01	9.26e-02	3.80e-02	3.86e-02	3.86e-03	1.31e-04
 2.93102e+22	1.44e-23	4.65e-18	1.17e-13	9.39e-12	3.72e-10	5.30e-09	4.28e-08	5.34e-07	1.85e-04	6.56e-03	6.02e-02	1.79e-01	3.50e-01	2.43e-01	8.81e-02	3.52e-02	3.49e-02	3.35e-03	1.10e-04
 2.94386e+22	1.93e-23	6.13e-18	1.51e-13	1.17e-11	4.52e-10	6.28e-09	4.93e-08	5.99e-07	2.02e-04	7.03e-03	6.33e-02	1.84e-01	3.53e-01	2.39e-01	8.47e-02	3.32e-02	3.22e-02	3.01e-03	9.57e-05
 2.95518e+22	2.58e-23	8.04e-18	1.93e-13	1.46e-11	5.48e-10	7.42e-09	5.67e-08	6.71e-07	2.20e-04	7.53e-03	6.65e-02	1.89e-01	3.56e-01	2.36e-01	8.14e-02	3.13e-02	2.97e-02	2.70e-03	8.36e-05
 2.96808e+22	3.69e-23	1.13e-17	2.63e-13	1.92e-11	6.96e-10	9.14e-09	6.75e-08	7.73e-07	2.45e-04	8.20e-03	7.06e-02	1.96e-01	3.59e-01	2.31e-01	7.74e-02	2.90e-02	2.68e-02	2.36e-03	7.05e-05
 2.98110e+22	4.92e-23	1.47e-17	3.36e-13	2.38e-11	8.42e-10	1.08e-08	7.76e-08	8.66e-07	2.67e-04	8.76e-03	7.39e-02	2.02e-01	3.61e-01	2.26e-01	7.42e-02	2.72e-02	2.47e-02	2.11e-03	6.14e-05
 2.99428e+22	7.12e-23	2.08e-17	4.61e-13	3.14e-11	1.08e-09	1.34e-08	9.29e-08	1.00e-06	2.98e-04	9.55e-03	7.85e-02	2.09e-01	3.63e-01	2.21e-01	7.02e-02	2.51e-02	2.22e-02	1.83e-03	5.13e-05
 3.00748e+22	9.29e-23	2.66e-17	5.79e-13	3.83e-11	1.29e-09	1.56e-08	1.06e-07	1.12e-06	3.23e-04	1.02e-02	8.19e-02	2.14e-01	3.64e-01	2.16e-01	6.73e-02	2.37e-02	2.05e-02	1.65e-03	4.50e-05
 3.02069e+22	1.33e-22	3.71e-17	7.85e-13	5.01e-11	1.63e-09	1.92e-08	1.26e-07	1.29e-06	3.60e-04	1.10e-02	8.67e-02	2.21e-01	3.65e-01	2.11e-01	6.36e-02	2.18e-02	1.84e-02	1.43e-03	3.77e-05
 3.03414e+22	1.74e-22	4.76e-17	9.87e-13	6.14e-11	1.95e-09	2.25e-08	1.44e-07	1.44e-06	3.91e-04	1.18e-02	9.04e-02	2.26e-01	3.66e-01	2.06e-01	6.08e-02	2.05e-02	1.69e-02	1.28e-03	3.29e-05
 3.04791e+22	2.49e-22	6.65e-17	1.34e-12	8.02e-11	2.48e-09	2.77e-08	1.72e-07	1.66e-06	4.36e-04	1.28e-02	9.56e-02	2.33e-01	3.66e-01	2.00e-01	5.72e-02	1.88e-02	1.52e-02	1.10e-03	2.74e-05
 3.06193e+22	3.27e-22	8.56e-17	1.68e-12	9.85e-11	2.98e-09	3.26e-08	1.97e-07	1.86e-06	4.74e-04	1.36e-02	9.97e-02	2.38e-01	3.66e-01	1.95e-01	5.46e-02	1.76e-02	1.39e-02	9.85e-04	2.38e-05
 3.07421e+22	4.26e-22	1.09e-16	2.11e-12	1.20e-10	3.55e-09	3.81e-08	2.25e-07	2.07e-06	5.15e-04	1.45e-02	1.04e-01	2.43e-01	3.66e-01	1.90e-01	5.21e-02	1.65e-02	1.28e-02	8.81e-04	2.07e-05
 3.08810e+22	6.00e-22	1.50e-16	2.81e-12	1.55e-10	4.47e-09	4.66e-08	2.67e-07	2.39e-06	5.72e-04	1.56e-02	1.09e-01	2.49e-01	3.65e-01	1.84e-01	4.89e-02	1.52e-02	1.14e-02	7.61e-04	1.73e-05
 3.10196e+22	7.65e-22	1.88e-16	3.46e-12	1.86e-10	5.27e-09	5.38e-08	3.02e-07	2.64e-06	6.18e-04	1.66e-02	1.13e-01	2.54e-01	3.64e-01	1.80e-01	4.67e-02	1.42e-02	1.06e-02	6.86e-04	1.52e-05
 3.11576e+22	1.07e-21	2.57e-16	4.59e-12	2.40e-10	6.59e-09	6.56e-08	3.57e-07	3.04e-06	6.85e-04	1.79e-02	1.19e-01	2.60e-01	3.63e-01	1.73e-01	4.38e-02	1.31e-02	9.44e-03	5.92e-04	1.27e-05
 3.12975e+22	1.37e-21	3.22e-16	5.63e-12	2.88e-10	7.77e-09	7.58e-08	4.04e-07	3.36e-06	7.40e-04	1.89e-02	1.23e-01	2.64e-01	3.61e-01	1.69e-01	4.17e-02	1.22e-02	8.69e-03	5.32e-04	1.11e-05
 3.14398e+22	1.90e-21	4.36e-16	7.41e-12	3.68e-10	9.68e-09	9.20e-08	4.77e-07	3.86e-06	8.20e-04	2.04e-02	1.29e-01	2.70e-01	3.59e-01	1.63e-01	3.91e-02	1.12e-02	7.77e-03	4.60e-04	9.29e-06
 3.15862e+22	2.45e-21	5.53e-16	9.20e-12	4.46e-10	1.15e-08	1.07e-07	5.43e-07	4.30e-06	8.90e-04	2.16e-02	1.34e-01	2.74e-01	3.57e-01	1.58e-01	3.71e-02	1.05e-02	7.11e-03	4.10e-04	8.06e-06
 3.17381e+22	3.44e-21	7.57e-16	1.22e-11	5.75e-10	1.45e-08	1.31e-07	6.45e-07	4.95e-06	9.90e-04	2.33e-02	1.41e-01	2.80e-01	3.53e-01	1.51e-01	3.45e-02	9.53e-03	6.31e-03	3.51e-04	6.66e-06
 3.18931e+22	4.47e-21	9.64e-16	1.52e-11	7.01e-10	1.73e-08	1.53e-07	7.37e-07	5.53e-06	1.08e-03	2.48e-02	1.46e-01	2.84e-01	3.50e-01	1.46e-01	3.26e-02	8.86e-03	5.75e-03	3.11e-04	5.75e-06
 3.20522e+22	6.28e-21	1.32e-15	2.02e-11	9.04e-10	2.17e-08	1.88e-07	8.75e-07	6.39e-06	1.20e-03	2.67e-02	1.53e-01	2.89e-01	3.46e-01	1.40e-01	3.03e-02	8.04e-03	5.09e-03	2.65e-04	4.73e-06
 3.22164e+22	8.27e-21	1.70e-15	2.55e-11	1.11e-09	2.62e-08	2.21e-07	1.01e-06	7.18e-06	1.31e-03	2.84e-02	1.59e-01	2.93e-01	3.43e-01	1.35e-01	2.85e-02	7.42e-03	4.60e-03	2.33e-04	4.04e-06
 3.23872e+22	1.18e-20	2.36e-15	3.43e-11	1.45e-09	3.32e-08	2.73e-07	1.21e-06	8.34e-06	1.46e-03	3.08e-02	1.66e-01	2.98e-01	3.38e-01	1.28e-01	2.63e-02	6.69e-03	4.03e-03	1.97e-04	3.28e-06
 3.25634e+22	1.57e-20	3.08e-15	4.36e-11	1.80e-09	4.04e-08	3.24e-07	1.40e-06	9.42e-06	1.60e-03	3.28e-02	1.73e-01	3.02e-01	3.33e-01	1.23e-01	2.46e-02	6.14e-03	3.62e-03	1.71e-04	2.78e-06
 3.27466e+22	2.29e-20	4.35e-15	5.95e-11	2.38e-09	5.19e-08	4.05e-07	1.69e-06	1.10e-05	1.80e-03	3.56e-02	1.81e-01	3.07e-01	3.27e-01	1.16e-01	2.25e-02	5.48e-03	3.14e-03	1.43e-04	2.22e-06
 3.29303e+22	3.03e-20	5.64e-15	7.53e-11	2.95e-09	6.28e-08	4.80e-07	1.95e-06	1.24e-05	1.97e-03	3.79e-02	1.88e-01	3.10e-01	3.22e-01	1.11e-01	2.10e-02	5.02e-03	2.82e-03	1.24e-04	1.88e-06
 3.31146e+22	4.37e-20	7.89e-15	1.02e-10	3.87e-09	8.03e-08	5.95e-07	2.35e-06	1.45e-05	2.21e-03	4.10e-02	1.96e-01	3.14e-01	3.15e-01	1.05e-01	1.91e-02	4.48e-03	2.45e-03	1.04e-04	1.50e-06
 3.33072e+22	5.93e-20	1.05e-14	1.31e-10	4.87e-09	9.87e-08	7.14e-07	2.74e-06	1.65e-05	2.44e-03	4.38e-02	2.03e-01	3.17e-01	3.09e-01	1.00e-01	1.77e-02	4.06e-03	2.17e-03	8.88e-05	1.25e-06
 3.35105e+22	8.86e-20	1.51e-14	1.83e-10	6.56e-09	1.29e-07	9.06e-07	3.36e-06	1.95e-05	2.76e-03	4.77e-02	2.13e-01	3.21e-01	3.01e-01	9.34e-02	1.60e-02	3.57e-03	1.84e-03	7.23e-05	9.72e-07
 3.37151e+22	1.21e-19	2.01e-14	2.37e-10	8.27e-09	1.59e-07	1.09e-06	3.93e-06	2.23e-05	3.04e-03	5.09e-02	2.21e-01	3.23e-01	2.94e-01	8.84e-02	1.47e-02	3.22e-03	1.62e-03	6.15e-05	7.99e-07
 3.39214e+22	1.80e-19	2.90e-14	3.28e-10	1.11e-08	2.08e-07	1.38e-06	4.80e-06	2.63e-05	3.44e-03	5.53e-02	2.31e-01	3.26e-01	2.85e-01	8.23e-02	1.32e-02	2.82e-03	1.38e-03	4.99e-05	6.20e-07
 3.41312e+22	2.49e-19	3.89e-14	4.27e-10	1.41e-08	2.57e-07	1.67e-06	5.65e-06	3.02e-05	3.80e-03	5.91e-02	2.39e-01	3.28e-01	2.77e-01	7.75e-02	1.21e-02	2.52e-03	1.20e-03	4.20e-05	5.04e-07
 3.43059e+22	3.29e-19	5.03e-14	5.37e-10	1.73e-08	3.10e-07	1.97e-06	6.50e-06	3.39e-05	4.15e-03	6.26e-02	2.46e-01	3.29e-01	2.71e-01	7.34e-02	1.11e-02	2.29e-03	1.07e-03	3.61e-05	4.19e-07
 3.44935e+22	4.72e-19	6.99e-14	7.20e-10	2.25e-08	3.94e-07	2.43e-06	7.80e-06	3.95e-05	4.64e-03	6.73e-02	2.55e-01	3.30e-01	2.62e-01	6.84e-02	1.00e-02	2.02e-03	9.12e-04	2.96e-05	3.29e-07
 3.46830e+22	6.30e-19	9.08e-14	9.08e-10	2.77e-08	4.76e-07	2.88e-06	9.02e-06	4.46e-05	5.06e-03	7.13e-02	2.62e-01	3.30e-01	2.55e-01	6.45e-02	9.21e-03	1.82e-03	8.03e-04	2.52e-05	2.71e-07
 3.48749e+22	9.16e-19	1.27e-13	1.23e-09	3.63e-08	6.09e-07	3.59e-06	1.09e-05	5.24e-05	5.68e-03	7.68e-02	2.72e-01	3.31e-01	2.45e-01	5.96e-02	8.21e-03	1.58e-03	6.77e-04	2.03e-05	2.09e-07
 3.50670e+22	1.22e-18	1.65e-13	1.54e-09	4.45e-08	7.34e-07	4.25e-06	1.26e-05	5.91e-05	6.20e-03	8.12e-02	2.79e-01	3.30e-01	2.38e-01	5.60e-02	7.52e-03	1.43e-03	5.94e-04	1.72e-05	1.72e-07
 3.52592e+22	1.77e-18	2.31e-13	2.07e-09	5.82e-08	9.40e-07	5.31e-06	1.52e-05	6.95e-05	6.97e-03	8.74e-02	2.88e-01	3.30e-01	2.28e-01	5.15e-02	6.66e-03	1.23e-03	4.97e-04	1.38e-05	1.31e-07
 3.54526e+22	2.36e-18	2.99e-13	2.59e-09	7.13e-08	1.13e-06	6.29e-06	1.76e-05	7.87e-05	7.61e-03	9.23e-02	2.95e-01	3.29e-01	2.20e-01	4.82e-02	6.06e-03	1.10e-03	4.33e-04	1.16e-05	0.00e+00
 3.56474e+22	3.43e-18	4.19e-13	3.48e-09	9.30e-08	1.45e-06	7.87e-06	2.14e-05	9.28e-05	8.56e-03	9.93e-02	3.04e-01	3.27e-01	2.10e-01	4.40e-02	5.32e-03	9.48e-04	3.59e-04	9.16e-06	0.00e+00
 3.58446e+22	4.61e-18	5.45e-13	4.37e-09	1.14e-07	1.76e-06	9.39e-06	2.49e-05	1.06e-04	9.39e-03	1.05e-01	3.12e-01	3.25e-01	2.02e-01	4.08e-02	4.80e-03	8.39e-04	3.09e-04	7.59e-06	0.00e+00
 3.60448e+22	6.76e-18	7.66e-13	5.85e-09	1.49e-07	2.27e-06	1.18e-05	3.05e-05	1.26e-04	1.06e-02	1.13e-01	3.21e-01	3.22e-01	1.91e-01	3.69e-02	4.16e-03	7.12e-04	2.52e-04	5.88e-06	0.00e+00
 3.62470e+22	9.09e-18	9.95e-13	7.32e-09	1.84e-07	2.77e-06	1.42e-05	3.57e-05	1.44e-04	1.17e-02	1.20e-01	3.28e-01	3.19e-01	1.83e-01	3.40e-02	3.72e-03	6.24e-04	2.15e-04	4.81e-06	0.00e+00
 3.64519e+22	1.33e-17	1.39e-12	9.74e-09	2.39e-07	3.57e-06	1.80e-05	4.39e-05	1.73e-04	1.33e-02	1.29e-01	3.37e-01	3.14e-01	1.72e-01	3.04e-02	3.19e-03	5.23e-04	1.73e-04	3.66e-06	0.00e+00
 3.66462e+22	1.72e-17	1.74e-12	1.18e-08	2.85e-07	4.23e-06	2.11e-05	5.04e-05	1.95e-04	1.44e-02	1.36e-01	3.42e-01	3.11e-01	1.65e-01	2.81e-02	2.87e-03	4.63e-04	1.49e-04	3.05e-06	0.00e+00
 3.68268e+22	2.38e-17	2.31e-12	1.49e-08	3.58e-07	5.28e-06	2.60e-05	6.05e-05	2.30e-04	1.62e-02	1.45e-01	3.50e-01	3.06e-01	1.55e-01	2.53e-02	2.48e-03	3.93e-04	1.21e-04	2.37e-06	0.00e+00
 3.70111e+22	3.08e-17	2.89e-12	1.79e-08	4.27e-07	6.29e-06	3.07e-05	7.00e-05	2.62e-04	1.77e-02	1.53e-01	3.55e-01	3.01e-01	1.47e-01	2.32e-02	2.21e-03	3.44e-04	1.03e-04	1.93e-06	0.00e+00
 3.71929e+22	4.19e-17	3.75e-12	2.23e-08	5.27e-07	7.78e-06	3.75e-05	8.38e-05	3.09e-04	1.98e-02	1.63e-01	3.61e-01	2.95e-01	1.38e-01	2.08e-02	1.90e-03	2.91e-04	8.39e-05	1.50e-06	0.00e+00
 3.73787e+22	5.42e-17	4.67e-12	2.67e-08	6.30e-07	9.32e-06	4.47e-05	9.77e-05	3.55e-04	2.17e-02	1.71e-01	3.66e-01	2.89e-01	1.30e-01	1.88e-02	1.67e-03	2.51e-04	7.00e-05	1.20e-06	0.00e+00
 3.75566e+22	7.08e-17	5.85e-12	3.20e-08	7.58e-07	1.13e-05	5.36e-05	1.15e-04	4.13e-04	2.41e-02	1.81e-01	3.71e-01	2.83e-01	1.22e-01	1.69e-02	1.45e-03	2.13e-04	5.75e-05	9.38e-07	0.00e+00
 3.77373e+22	9.11e-17	7.22e-12	3.79e-08	9.02e-07	1.35e-05	6.40e-05	1.35e-04	4.78e-04	2.66e-02	1.91e-01	3.75e-01	2.76e-01	1.14e-01	1.52e-02	1.25e-03	1.82e-04	4.73e-05	7.38e-07	0.00e+00
 3.79138e+22	1.16e-16	8.81e-12	4.44e-08	1.07e-06	1.61e-05	7.60e-05	1.57e-04	5.52e-04	2.93e-02	2.02e-01	3.79e-01	2.69e-01	1.06e-01	1.36e-02	1.09e-03	1.55e-04	3.90e-05	5.82e-07	0.00e+00
 3.80875e+22	1.46e-16	1.06e-11	5.15e-08	1.25e-06	1.91e-05	8.98e-05	1.82e-04	6.36e-04	3.22e-02	2.12e-01	3.81e-01	2.61e-01	9.92e-02	1.22e-02	9.43e-04	1.32e-04	3.21e-05	4.58e-07	0.00e+00
 3.82593e+22	1.81e-16	1.27e-11	5.93e-08	1.46e-06	2.25e-05	1.06e-04	2.11e-04	7.32e-04	3.54e-02	2.22e-01	3.84e-01	2.53e-01	9.23e-02	1.09e-02	8.17e-04	1.13e-04	2.64e-05	3.61e-07	0.00e+00
 3.84296e+22	2.24e-16	1.51e-11	6.77e-08	1.69e-06	2.64e-05	1.24e-04	2.43e-04	8.41e-04	3.87e-02	2.33e-01	3.85e-01	2.46e-01	8.58e-02	9.78e-03	7.07e-04	9.59e-05	2.18e-05	2.85e-07	0.00e+00
 3.85997e+22	2.75e-16	1.78e-11	7.69e-08	1.96e-06	3.09e-05	1.45e-04	2.80e-04	9.65e-04	4.24e-02	2.44e-01	3.86e-01	2.37e-01	7.96e-02	8.73e-03	6.11e-04	8.15e-05	1.79e-05	2.24e-07	0.00e+00
 3.87704e+22	3.36e-16	2.09e-11	8.69e-08	2.26e-06	3.61e-05	1.70e-04	3.21e-04	1.11e-03	4.64e-02	2.55e-01	3.86e-01	2.29e-01	7.36e-02	7.77e-03	5.27e-04	6.91e-05	1.47e-05	1.76e-07	0.00e+00
 3.89418e+22	4.09e-16	2.44e-11	9.80e-08	2.60e-06	4.21e-05	1.98e-04	3.68e-04	1.27e-03	5.07e-02	2.66e-01	3.86e-01	2.21e-01	6.80e-02	6.91e-03	4.54e-04	5.85e-05	1.20e-05	1.38e-07	0.00e+00
 3.91149e+22	4.97e-16	2.85e-11	1.10e-07	2.99e-06	4.90e-05	2.30e-04	4.21e-04	1.45e-03	5.53e-02	2.77e-01	3.84e-01	2.12e-01	6.26e-02	6.13e-03	3.90e-04	4.94e-05	9.80e-06	0.00e+00	0.00e+00
 3.92903e+22	6.03e-16	3.32e-11	1.24e-07	3.44e-06	5.70e-05	2.67e-04	4.81e-04	1.66e-03	6.03e-02	2.88e-01	3.82e-01	2.03e-01	5.76e-02	5.42e-03	3.34e-04	4.16e-05	7.98e-06	0.00e+00	0.00e+00
 3.94688e+22	7.32e-16	3.86e-11	1.39e-07	3.96e-06	6.63e-05	3.11e-04	5.49e-04	1.90e-03	6.56e-02	2.99e-01	3.80e-01	1.94e-01	5.27e-02	4.79e-03	2.85e-04	3.49e-05	6.47e-06	0.00e+00	0.00e+00
 3.96484e+22	8.85e-16	4.49e-11	1.56e-07	4.55e-06	7.68e-05	3.59e-04	6.24e-04	2.16e-03	7.13e-02	3.10e-01	3.77e-01	1.86e-01	4.83e-02	4.22e-03	2.44e-04	2.93e-05	5.26e-06	0.00e+00	0.00e+00
 3.98320e+22	1.08e-15	5.26e-11	1.76e-07	5.25e-06	8.94e-05	4.18e-04	7.11e-04	2.47e-03	7.75e-02	3.22e-01	3.72e-01	1.77e-01	4.40e-02	3.70e-03	2.07e-04	2.44e-05	4.24e-06	0.00e+00	0.00e+00
 4.00169e+22	1.31e-15	6.12e-11	1.98e-07	6.03e-06	1.03e-04	4.81e-04	8.03e-04	2.80e-03	8.38e-02	3.32e-01	3.68e-01	1.68e-01	4.02e-02	3.26e-03	1.77e-04	2.05e-05	3.44e-06	0.00e+00	0.00e+00
 4.02067e+22	1.61e-15	7.23e-11	2.25e-07	7.00e-06	1.21e-04	5.59e-04	9.14e-04	3.21e-03	9.10e-02	3.43e-01	3.62e-01	1.59e-01	3.64e-02	2.84e-03	1.49e-04	1.69e-05	2.75e-06	0.00e+00	0.00e+00
 4.03846e+22	1.91e-15	8.27e-11	2.51e-07	7.89e-06	1.36e-04	6.29e-04	1.01e-03	3.56e-03	9.70e-02	3.52e-01	3.58e-01	1.52e-01	3.36e-02	2.55e-03	1.30e-04	1.46e-05	2.30e-06	0.00e+00	0.00e+00
 4.05662e+22	2.37e-15	9.84e-11	2.87e-07	9.22e-06	1.59e-04	7.32e-04	1.15e-03	4.07e-03	1.05e-01	3.62e-01	3.51e-01	1.43e-01	3.02e-02	2.20e-03	1.09e-04	1.19e-05	1.82e-06	0.00e+00	0.00e+00
 4.07500e+22	2.82e-15	1.14e-10	3.22e-07	1.04e-05	1.80e-04	8.22e-04	1.27e-03	4.50e-03	1.12e-01	3.70e-01	3.45e-01	1.37e-01	2.78e-02	1.97e-03	9.53e-05	1.03e-05	1.53e-06	0.00e+00	0.00e+00
