#depth	N	N+	N+2	N+3	N+4	N+5	N+6	N+7
 4.62852e+21	2.56e-13	4.03e-09	2.62e-06	1.86e-04	2.29e-03	1.75e-01	5.20e-01	3.02e-01
 1.03283e+22	1.30e-12	1.89e-08	1.12e-05	6.93e-04	6.19e-03	2.85e-01	5.21e-01	1.87e-01
 1.18948e+22	2.39e-12	3.42e-08	1.97e-05	1.17e-03	9.23e-03	3.41e-01	5.03e-01	1.46e-01
 1.26376e+22	3.18e-12	4.51e-08	2.58e-05	1.49e-03	1.11e-02	3.69e-01	4.90e-01	1.28e-01
 1.29855e+22	3.55e-12	5.03e-08	2.87e-05	1.64e-03	1.20e-02	3.81e-01	4.84e-01	1.22e-01
 1.31809e+22	3.92e-12	5.56e-08	3.17e-05	1.79e-03	1.28e-02	3.91e-01	4.78e-01	1.16e-01
 1.33995e+22	4.47e-12	6.33e-08	3.59e-05	2.01e-03	1.40e-02	4.05e-01	4.71e-01	1.08e-01
 1.36175e+22	4.93e-12	6.97e-08	3.95e-05	2.19e-03	1.50e-02	4.16e-01	4.64e-01	1.03e-01
 1.38347e+22	5.58e-12	7.88e-08	4.46e-05	2.45e-03	1.63e-02	4.30e-01	4.56e-01	9.58e-02
 1.40527e+22	6.18e-12	8.70e-08	4.90e-05	2.66e-03	1.73e-02	4.40e-01	4.49e-01	9.09e-02
 1.42716e+22	6.97e-12	9.80e-08	5.51e-05	2.96e-03	1.88e-02	4.53e-01	4.40e-01	8.47e-02
 1.44929e+22	7.73e-12	1.08e-07	6.06e-05	3.21e-03	2.00e-02	4.64e-01	4.33e-01	8.02e-02
 1.47173e+22	8.72e-12	1.22e-07	6.83e-05	3.57e-03	2.17e-02	4.77e-01	4.23e-01	7.45e-02
 1.49448e+22	9.68e-12	1.35e-07	7.51e-05	3.87e-03	2.31e-02	4.87e-01	4.15e-01	7.03e-02
 1.51762e+22	1.09e-11	1.52e-07	8.48e-05	4.30e-03	2.51e-02	5.01e-01	4.05e-01	6.50e-02
 1.54113e+22	1.22e-11	1.69e-07	9.35e-05	4.67e-03	2.67e-02	5.11e-01	3.97e-01	6.12e-02
 1.56513e+22	1.38e-11	1.91e-07	1.06e-04	5.20e-03	2.89e-02	5.24e-01	3.85e-01	5.64e-02
 1.58959e+22	1.54e-11	2.12e-07	1.17e-04	5.65e-03	3.08e-02	5.34e-01	3.77e-01	5.29e-02
 1.61466e+22	1.75e-11	2.41e-07	1.33e-04	6.29e-03	3.34e-02	5.47e-01	3.65e-01	4.84e-02
 1.64019e+22	1.96e-11	2.69e-07	1.47e-04	6.84e-03	3.55e-02	5.57e-01	3.55e-01	4.52e-02
 1.66632e+22	2.23e-11	3.06e-07	1.67e-04	7.62e-03	3.86e-02	5.70e-01	3.43e-01	4.12e-02
 1.69268e+22	2.51e-11	3.42e-07	1.86e-04	8.28e-03	4.10e-02	5.79e-01	3.33e-01	3.84e-02
 1.71510e+22	2.78e-11	3.77e-07	2.04e-04	8.95e-03	4.34e-02	5.87e-01	3.24e-01	3.58e-02
 1.74003e+22	3.15e-11	4.27e-07	2.31e-04	9.88e-03	4.67e-02	5.98e-01	3.13e-01	3.27e-02
 1.76513e+22	3.52e-11	4.75e-07	2.55e-04	1.07e-02	4.93e-02	6.05e-01	3.04e-01	3.05e-02
 1.78644e+22	3.88e-11	5.21e-07	2.79e-04	1.14e-02	5.19e-02	6.12e-01	2.96e-01	2.85e-02
 1.80701e+22	4.27e-11	5.72e-07	3.05e-04	1.23e-02	5.46e-02	6.19e-01	2.87e-01	2.67e-02
 1.83062e+22	4.83e-11	6.44e-07	3.42e-04	1.34e-02	5.82e-02	6.27e-01	2.77e-01	2.45e-02
 1.85446e+22	5.31e-11	7.07e-07	3.75e-04	1.44e-02	6.14e-02	6.33e-01	2.68e-01	2.28e-02
 1.87524e+22	5.90e-11	7.79e-07	4.10e-04	1.54e-02	6.43e-02	6.38e-01	2.60e-01	2.13e-02
 1.89892e+22	6.70e-11	8.79e-07	4.59e-04	1.67e-02	6.82e-02	6.45e-01	2.50e-01	1.95e-02
 1.92361e+22	7.48e-11	9.76e-07	5.07e-04	1.80e-02	7.20e-02	6.50e-01	2.42e-01	1.80e-02
 1.94581e+22	8.31e-11	1.08e-06	5.57e-04	1.93e-02	7.55e-02	6.54e-01	2.34e-01	1.67e-02
 1.97087e+22	9.53e-11	1.23e-06	6.28e-04	2.11e-02	8.02e-02	6.59e-01	2.23e-01	1.52e-02
 1.99681e+22	1.07e-10	1.37e-06	6.96e-04	2.27e-02	8.45e-02	6.63e-01	2.15e-01	1.40e-02
 2.02390e+22	1.24e-10	1.58e-06	7.92e-04	2.49e-02	8.99e-02	6.67e-01	2.05e-01	1.26e-02
 2.05143e+22	1.41e-10	1.77e-06	8.81e-04	2.68e-02	9.46e-02	6.70e-01	1.96e-01	1.16e-02
 2.07578e+22	1.60e-10	1.98e-06	9.77e-04	2.88e-02	9.92e-02	6.72e-01	1.88e-01	1.06e-02
 2.10368e+22	1.86e-10	2.29e-06	1.12e-03	3.16e-02	1.06e-01	6.74e-01	1.78e-01	9.47e-03
 2.13172e+22	2.12e-10	2.57e-06	1.24e-03	3.40e-02	1.11e-01	6.75e-01	1.70e-01	8.68e-03
 2.15993e+22	2.49e-10	2.98e-06	1.41e-03	3.72e-02	1.17e-01	6.75e-01	1.61e-01	7.76e-03
 2.18911e+22	2.84e-10	3.37e-06	1.59e-03	4.02e-02	1.24e-01	6.75e-01	1.53e-01	7.00e-03
 2.21493e+22	3.26e-10	3.81e-06	1.77e-03	4.32e-02	1.29e-01	6.74e-01	1.46e-01	6.39e-03
 2.24386e+22	3.87e-10	4.44e-06	2.02e-03	4.72e-02	1.36e-01	6.71e-01	1.37e-01	5.68e-03
 2.27419e+22	4.48e-10	5.07e-06	2.28e-03	5.11e-02	1.43e-01	6.69e-01	1.30e-01	5.09e-03
 2.30079e+22	5.15e-10	5.74e-06	2.53e-03	5.47e-02	1.50e-01	6.65e-01	1.23e-01	4.62e-03
 2.32982e+22	6.14e-10	6.69e-06	2.89e-03	5.96e-02	1.57e-01	6.61e-01	1.15e-01	4.10e-03
 2.36084e+22	7.21e-10	7.71e-06	3.27e-03	6.45e-02	1.65e-01	6.55e-01	1.08e-01	3.65e-03
 2.38973e+22	8.43e-10	8.84e-06	3.68e-03	6.95e-02	1.72e-01	6.49e-01	1.02e-01	3.26e-03
 2.41579e+22	9.61e-10	9.92e-06	4.06e-03	7.40e-02	1.78e-01	6.44e-01	9.68e-02	2.96e-03
 2.43929e+22	1.09e-09	1.11e-05	4.46e-03	7.86e-02	1.84e-01	6.38e-01	9.19e-02	2.70e-03
 2.46623e+22	1.29e-09	1.28e-05	5.03e-03	8.46e-02	1.92e-01	6.30e-01	8.61e-02	2.40e-03
 2.49439e+22	1.49e-09	1.45e-05	5.59e-03	9.03e-02	1.99e-01	6.22e-01	8.10e-02	2.15e-03
 2.51987e+22	1.71e-09	1.64e-05	6.19e-03	9.61e-02	2.06e-01	6.14e-01	7.63e-02	1.94e-03
 2.54876e+22	2.05e-09	1.91e-05	7.02e-03	1.04e-01	2.14e-01	6.02e-01	7.07e-02	1.70e-03
 2.57870e+22	2.40e-09	2.19e-05	7.85e-03	1.11e-01	2.22e-01	5.92e-01	6.60e-02	1.51e-03
 2.60523e+22	2.78e-09	2.48e-05	8.69e-03	1.18e-01	2.29e-01	5.82e-01	6.18e-02	1.35e-03
 2.63491e+22	3.35e-09	2.90e-05	9.87e-03	1.27e-01	2.37e-01	5.68e-01	5.69e-02	1.17e-03
 2.66550e+22	3.93e-09	3.32e-05	1.10e-02	1.35e-01	2.44e-01	5.56e-01	5.28e-02	1.03e-03
 2.69285e+22	4.58e-09	3.78e-05	1.22e-02	1.44e-01	2.51e-01	5.43e-01	4.91e-02	9.14e-04
 2.72397e+22	5.59e-09	4.45e-05	1.39e-02	1.55e-01	2.59e-01	5.27e-01	4.47e-02	7.83e-04
 2.75594e+22	6.61e-09	5.12e-05	1.55e-02	1.65e-01	2.66e-01	5.12e-01	4.11e-02	6.83e-04
 2.78439e+22	7.77e-09	5.85e-05	1.72e-02	1.75e-01	2.72e-01	4.97e-01	3.79e-02	5.98e-04
 2.81675e+22	9.56e-09	6.94e-05	1.96e-02	1.88e-01	2.80e-01	4.78e-01	3.41e-02	5.05e-04
 2.85015e+22	1.14e-08	8.03e-05	2.20e-02	1.99e-01	2.86e-01	4.61e-01	3.10e-02	4.34e-04
 2.87990e+22	1.35e-08	9.22e-05	2.44e-02	2.11e-01	2.91e-01	4.45e-01	2.83e-02	3.76e-04
 2.91353e+22	1.63e-08	1.10e-04	2.78e-02	2.25e-01	2.97e-01	4.24e-01	2.52e-02	3.12e-04
 2.94800e+22	1.96e-08	1.27e-04	3.10e-02	2.39e-01	3.02e-01	4.05e-01	2.27e-02	2.65e-04
 2.97843e+22	2.33e-08	1.46e-04	3.44e-02	2.51e-01	3.06e-01	3.88e-01	2.05e-02	2.26e-04
 3.01287e+22	2.91e-08	1.74e-04	3.90e-02	2.67e-01	3.10e-01	3.66e-01	1.80e-02	1.85e-04
 3.04828e+22	3.52e-08	2.02e-04	4.35e-02	2.81e-01	3.12e-01	3.47e-01	1.60e-02	1.55e-04
 3.07970e+22	4.22e-08	2.33e-04	4.80e-02	2.95e-01	3.14e-01	3.29e-01	1.43e-02	1.31e-04
 3.11532e+22	5.30e-08	2.78e-04	5.44e-02	3.12e-01	3.15e-01	3.06e-01	1.23e-02	1.05e-04
 3.15197e+22	6.45e-08	3.24e-04	6.04e-02	3.26e-01	3.15e-01	2.87e-01	1.08e-02	8.62e-05
 3.18466e+22	7.79e-08	3.75e-04	6.66e-02	3.40e-01	3.14e-01	2.69e-01	9.52e-03	7.14e-05
 3.22185e+22	9.91e-08	4.50e-04	7.53e-02	3.58e-01	3.12e-01	2.47e-01	8.05e-03	5.58e-05
 3.25974e+22	1.21e-07	5.23e-04	8.31e-02	3.72e-01	3.09e-01	2.29e-01	6.97e-03	4.52e-05
 3.29857e+22	1.55e-07	6.31e-04	9.37e-02	3.89e-01	3.04e-01	2.07e-01	5.79e-03	3.46e-05
 3.33781e+22	1.90e-07	7.34e-04	1.03e-01	4.02e-01	2.99e-01	1.91e-01	4.96e-03	2.77e-05
 3.37166e+22	2.30e-07	8.45e-04	1.13e-01	4.13e-01	2.93e-01	1.76e-01	4.28e-03	2.24e-05
 3.40334e+22	2.74e-07	9.61e-04	1.22e-01	4.24e-01	2.88e-01	1.62e-01	3.72e-03	1.83e-05
 3.43815e+22	3.41e-07	1.13e-03	1.34e-01	4.35e-01	2.80e-01	1.47e-01	3.11e-03	1.42e-05
 3.47302e+22	4.09e-07	1.28e-03	1.45e-01	4.44e-01	2.73e-01	1.35e-01	2.67e-03	1.15e-05
 3.50308e+22	4.84e-07	1.45e-03	1.55e-01	4.52e-01	2.65e-01	1.24e-01	2.31e-03	9.38e-06
 3.53725e+22	6.00e-07	1.69e-03	1.69e-01	4.61e-01	2.56e-01	1.11e-01	1.91e-03	7.20e-06
 3.57255e+22	7.19e-07	1.92e-03	1.82e-01	4.67e-01	2.47e-01	1.01e-01	1.63e-03	5.74e-06
 3.60932e+22	9.02e-07	2.25e-03	1.98e-01	4.74e-01	2.36e-01	8.89e-02	1.32e-03	4.29e-06
 3.64665e+22	1.10e-06	2.58e-03	2.13e-01	4.78e-01	2.26e-01	7.97e-02	1.10e-03	3.33e-06
 3.67861e+22	1.30e-06	2.90e-03	2.26e-01	4.81e-01	2.17e-01	7.21e-02	9.31e-04	2.65e-06
 3.71405e+22	1.62e-06	3.38e-03	2.45e-01	4.83e-01	2.05e-01	6.32e-02	7.49e-04	1.97e-06
 3.74688e+22	1.86e-06	3.72e-03	2.57e-01	4.84e-01	1.97e-01	5.78e-02	6.49e-04	1.62e-06
 3.77630e+22	2.21e-06	4.19e-03	2.72e-01	4.84e-01	1.88e-01	5.18e-02	5.42e-04	1.27e-06
 3.80657e+22	2.57e-06	4.64e-03	2.86e-01	4.83e-01	1.80e-01	4.70e-02	4.64e-04	1.02e-06
 3.83358e+22	2.95e-06	5.11e-03	2.99e-01	4.81e-01	1.72e-01	4.27e-02	3.98e-04	8.29e-07
 3.86430e+22	3.53e-06	5.77e-03	3.16e-01	4.78e-01	1.62e-01	3.77e-02	3.26e-04	6.32e-07
 3.89528e+22	4.08e-06	6.37e-03	3.30e-01	4.75e-01	1.54e-01	3.41e-02	2.77e-04	5.06e-07
 3.92248e+22	4.68e-06	6.99e-03	3.44e-01	4.71e-01	1.46e-01	3.08e-02	2.36e-04	4.08e-07
 3.95371e+22	5.58e-06	7.90e-03	3.63e-01	4.66e-01	1.37e-01	2.70e-02	1.91e-04	3.07e-07
 3.98514e+22	6.40e-06	8.67e-03	3.77e-01	4.60e-01	1.29e-01	2.43e-02	1.62e-04	2.45e-07
 4.01683e+22	7.61e-06	9.76e-03	3.96e-01	4.53e-01	1.21e-01	2.11e-02	1.30e-04	1.83e-07
 4.04901e+22	8.75e-06	1.07e-02	4.11e-01	4.46e-01	1.13e-01	1.89e-02	1.09e-04	1.44e-07
 4.08182e+22	1.04e-05	1.21e-02	4.30e-01	4.36e-01	1.05e-01	1.63e-02	8.67e-05	0.00e+00
 4.11500e+22	1.20e-05	1.33e-02	4.46e-01	4.28e-01	9.80e-02	1.45e-02	7.19e-05	0.00e+00
 4.14865e+22	1.43e-05	1.50e-02	4.66e-01	4.17e-01	9.00e-02	1.24e-02	5.66e-05	0.00e+00
 4.17884e+22	1.59e-05	1.60e-02	4.77e-01	4.10e-01	8.53e-02	1.13e-02	4.90e-05	0.00e+00
 4.20455e+22	1.82e-05	1.75e-02	4.92e-01	4.01e-01	7.96e-02	1.00e-02	4.07e-05	0.00e+00
 4.23797e+22	2.15e-05	1.96e-02	5.11e-01	3.88e-01	7.27e-02	8.56e-03	3.19e-05	0.00e+00
 4.27291e+22	2.50e-05	2.16e-02	5.27e-01	3.77e-01	6.70e-02	7.45e-03	2.58e-05	0.00e+00
 4.30982e+22	3.02e-05	2.45e-02	5.47e-01	3.62e-01	6.03e-02	6.24e-03	1.96e-05	0.00e+00
 4.34710e+22	3.51e-05	2.70e-02	5.63e-01	3.49e-01	5.52e-02	5.39e-03	1.57e-05	0.00e+00
 4.38486e+22	4.25e-05	3.06e-02	5.82e-01	3.34e-01	4.93e-02	4.47e-03	1.18e-05	0.00e+00
 4.42336e+22	4.95e-05	3.38e-02	5.97e-01	3.20e-01	4.48e-02	3.83e-03	9.29e-06	0.00e+00
 4.45274e+22	5.52e-05	3.62e-02	6.08e-01	3.11e-01	4.17e-02	3.42e-03	7.82e-06	0.00e+00
 4.48085e+22	6.32e-05	3.95e-02	6.20e-01	2.99e-01	3.82e-02	2.97e-03	6.32e-06	0.00e+00
 4.50964e+22	7.07e-05	4.24e-02	6.30e-01	2.89e-01	3.55e-02	2.64e-03	5.28e-06	0.00e+00
 4.53934e+22	8.12e-05	4.64e-02	6.42e-01	2.77e-01	3.23e-02	2.28e-03	4.22e-06	0.00e+00
 4.56961e+22	9.12e-05	4.99e-02	6.52e-01	2.67e-01	2.98e-02	2.01e-03	3.48e-06	0.00e+00
 4.59647e+22	1.02e-04	5.36e-02	6.60e-01	2.57e-01	2.75e-02	1.77e-03	2.88e-06	0.00e+00
 4.62725e+22	1.18e-04	5.88e-02	6.71e-01	2.44e-01	2.47e-02	1.51e-03	2.25e-06	0.00e+00
 4.65813e+22	1.32e-04	6.29e-02	6.79e-01	2.34e-01	2.27e-02	1.33e-03	1.86e-06	0.00e+00
 4.68914e+22	1.52e-04	6.87e-02	6.88e-01	2.22e-01	2.05e-02	1.13e-03	1.46e-06	0.00e+00
 4.72111e+22	1.71e-04	7.39e-02	6.95e-01	2.12e-01	1.86e-02	9.82e-04	1.18e-06	0.00e+00
 4.74484e+22	1.85e-04	7.74e-02	6.99e-01	2.05e-01	1.75e-02	8.97e-04	1.03e-06	0.00e+00
 4.76129e+22	1.95e-04	8.00e-02	7.02e-01	2.01e-01	1.68e-02	8.40e-04	9.31e-07	0.00e+00
 4.77778e+22	2.10e-04	8.38e-02	7.05e-01	1.94e-01	1.58e-02	7.68e-04	8.14e-07	0.00e+00
 4.79921e+22	2.31e-04	8.88e-02	7.09e-01	1.86e-01	1.46e-02	6.85e-04	6.86e-07	0.00e+00
 4.82327e+22	2.54e-04	9.40e-02	7.13e-01	1.79e-01	1.35e-02	6.11e-04	5.77e-07	0.00e+00
 4.84675e+22	2.78e-04	9.93e-02	7.16e-01	1.72e-01	1.25e-02	5.46e-04	4.87e-07	0.00e+00
 4.87329e+22	3.13e-04	1.07e-01	7.19e-01	1.62e-01	1.13e-02	4.70e-04	3.89e-07	0.00e+00
 4.89863e+22	3.39e-04	1.12e-01	7.21e-01	1.56e-01	1.06e-02	4.24e-04	3.34e-07	0.00e+00
 4.92241e+22	3.75e-04	1.19e-01	7.23e-01	1.48e-01	9.66e-03	3.72e-04	2.75e-07	0.00e+00
 4.95333e+22	4.28e-04	1.29e-01	7.24e-01	1.38e-01	8.57e-03	3.13e-04	2.12e-07	0.00e+00
 4.98619e+22	4.80e-04	1.38e-01	7.24e-01	1.30e-01	7.71e-03	2.68e-04	1.69e-07	0.00e+00
 5.02157e+22	5.58e-04	1.50e-01	7.23e-01	1.20e-01	6.70e-03	2.19e-04	1.25e-07	0.00e+00
 5.05860e+22	6.32e-04	1.61e-01	7.21e-01	1.11e-01	5.93e-03	1.84e-04	0.00e+00	0.00e+00
 5.09777e+22	7.41e-04	1.77e-01	7.16e-01	1.01e-01	5.08e-03	1.47e-04	0.00e+00	0.00e+00
 5.13785e+22	8.45e-04	1.90e-01	7.11e-01	9.29e-02	4.45e-03	1.22e-04	0.00e+00	0.00e+00
 5.17914e+22	1.00e-03	2.10e-01	7.02e-01	8.29e-02	3.73e-03	9.45e-05	0.00e+00	0.00e+00
 5.22025e+22	1.13e-03	2.24e-01	6.95e-01	7.61e-02	3.28e-03	7.85e-05	0.00e+00	0.00e+00
 5.26114e+22	1.33e-03	2.46e-01	6.82e-01	6.76e-02	2.75e-03	6.10e-05	0.00e+00	0.00e+00
 5.30339e+22	1.53e-03	2.64e-01	6.71e-01	6.10e-02	2.37e-03	4.93e-05	0.00e+00	0.00e+00
 5.34741e+22	1.82e-03	2.90e-01	6.53e-01	5.31e-02	1.95e-03	3.72e-05	0.00e+00	0.00e+00
 5.39204e+22	2.09e-03	3.12e-01	6.37e-01	4.72e-02	1.66e-03	2.95e-05	0.00e+00	0.00e+00
 5.43745e+22	2.51e-03	3.44e-01	6.12e-01	4.01e-02	1.34e-03	2.15e-05	0.00e+00	0.00e+00
 5.47755e+22	2.78e-03	3.60e-01	5.99e-01	3.66e-02	1.19e-03	1.80e-05	0.00e+00	0.00e+00
 5.51076e+22	3.19e-03	3.86e-01	5.77e-01	3.20e-02	1.00e-03	1.41e-05	0.00e+00	0.00e+00
 5.54505e+22	3.57e-03	4.08e-01	5.59e-01	2.86e-02	8.73e-04	1.15e-05	0.00e+00	0.00e+00
 5.58074e+22	4.13e-03	4.39e-01	5.32e-01	2.45e-02	7.23e-04	8.67e-06	0.00e+00	0.00e+00
 5.61652e+22	4.66e-03	4.64e-01	5.10e-01	2.14e-02	6.19e-04	6.88e-06	0.00e+00	0.00e+00
 5.64751e+22	5.23e-03	4.89e-01	4.87e-01	1.87e-02	5.29e-04	5.44e-06	0.00e+00	0.00e+00
 5.68289e+22	6.08e-03	5.24e-01	4.54e-01	1.55e-02	4.28e-04	3.96e-06	0.00e+00	0.00e+00
 5.71875e+22	6.92e-03	5.53e-01	4.26e-01	1.32e-02	3.57e-04	3.00e-06	0.00e+00	0.00e+00
 5.74998e+22	7.82e-03	5.82e-01	3.99e-01	1.11e-02	2.97e-04	2.27e-06	0.00e+00	0.00e+00
 5.78529e+22	9.13e-03	6.20e-01	3.62e-01	8.82e-03	2.32e-04	1.56e-06	0.00e+00	0.00e+00
 5.82176e+22	1.05e-02	6.54e-01	3.29e-01	7.08e-03	1.84e-04	1.10e-06	0.00e+00	0.00e+00
 5.85400e+22	1.20e-02	6.85e-01	2.97e-01	5.66e-03	1.46e-04	7.69e-07	0.00e+00	0.00e+00
 5.89016e+22	1.42e-02	7.24e-01	2.57e-01	4.17e-03	1.07e-04	4.77e-07	0.00e+00	0.00e+00
 5.92819e+22	1.67e-02	7.60e-01	2.21e-01	3.06e-03	7.76e-05	2.95e-07	0.00e+00	0.00e+00
 5.96062e+22	1.92e-02	7.88e-01	1.90e-01	2.28e-03	5.76e-05	1.88e-07	0.00e+00	0.00e+00
 5.98806e+22	2.17e-02	8.11e-01	1.65e-01	1.74e-03	4.38e-05	1.25e-07	0.00e+00	0.00e+00
 6.01707e+22	2.52e-02	8.36e-01	1.37e-01	1.24e-03	3.08e-05	0.00e+00	0.00e+00	0.00e+00
 6.04721e+22	2.91e-02	8.57e-01	1.13e-01	8.73e-04	2.14e-05	0.00e+00	0.00e+00	0.00e+00
 6.06540e+22	3.13e-02	8.66e-01	1.02e-01	7.27e-04	1.77e-05	0.00e+00	0.00e+00	0.00e+00
 6.07239e+22	3.23e-02	8.70e-01	9.69e-02	6.70e-04	1.62e-05	0.00e+00	0.00e+00	0.00e+00
 6.07813e+22	3.34e-02	8.74e-01	9.24e-02	6.19e-04	1.49e-05	0.00e+00	0.00e+00	0.00e+00
 6.08516e+22	3.47e-02	8.78e-01	8.71e-02	5.60e-04	1.33e-05	0.00e+00	0.00e+00	0.00e+00
 6.09278e+22	3.62e-02	8.82e-01	8.17e-02	5.04e-04	1.19e-05	0.00e+00	0.00e+00	0.00e+00
 6.10015e+22	3.78e-02	8.85e-01	7.67e-02	4.54e-04	1.06e-05	0.00e+00	0.00e+00	0.00e+00
 6.10715e+22	3.93e-02	8.88e-01	7.21e-02	4.11e-04	9.50e-06	0.00e+00	0.00e+00	0.00e+00
 6.11389e+22	4.08e-02	8.91e-01	6.79e-02	3.73e-04	8.53e-06	0.00e+00	0.00e+00	0.00e+00
 6.12074e+22	4.26e-02	8.93e-01	6.36e-02	3.37e-04	7.59e-06	0.00e+00	0.00e+00	0.00e+00
 6.12756e+22	4.43e-02	8.96e-01	5.97e-02	3.05e-04	6.78e-06	0.00e+00	0.00e+00	0.00e+00
 6.13424e+22	4.62e-02	8.98e-01	5.59e-02	2.76e-04	6.03e-06	0.00e+00	0.00e+00	0.00e+00
 6.14082e+22	4.81e-02	8.99e-01	5.23e-02	2.50e-04	5.37e-06	0.00e+00	0.00e+00	0.00e+00
 6.14718e+22	5.02e-02	9.01e-01	4.89e-02	2.26e-04	4.78e-06	0.00e+00	0.00e+00	0.00e+00
 6.15327e+22	5.21e-02	9.02e-01	4.59e-02	2.06e-04	4.28e-06	0.00e+00	0.00e+00	0.00e+00
 6.15939e+22	5.43e-02	9.03e-01	4.29e-02	1.87e-04	3.80e-06	0.00e+00	0.00e+00	0.00e+00
 6.16558e+22	5.65e-02	9.03e-01	4.01e-02	1.70e-04	3.38e-06	0.00e+00	0.00e+00	0.00e+00
 6.17167e+22	5.90e-02	9.03e-01	3.74e-02	1.55e-04	3.00e-06	0.00e+00	0.00e+00	0.00e+00
 6.17772e+22	6.16e-02	9.03e-01	3.49e-02	1.41e-04	2.65e-06	0.00e+00	0.00e+00	0.00e+00
 6.18345e+22	6.42e-02	9.03e-01	3.26e-02	1.28e-04	2.36e-06	0.00e+00	0.00e+00	0.00e+00
 6.18904e+22	6.69e-02	9.03e-01	3.04e-02	1.18e-04	2.10e-06	0.00e+00	0.00e+00	0.00e+00
 6.19468e+22	6.98e-02	9.02e-01	2.84e-02	1.08e-04	1.87e-06	0.00e+00	0.00e+00	0.00e+00
 6.20033e+22	7.28e-02	9.01e-01	2.64e-02	9.84e-05	1.65e-06	0.00e+00	0.00e+00	0.00e+00
 6.20592e+22	7.60e-02	8.99e-01	2.46e-02	9.02e-05	1.47e-06	0.00e+00	0.00e+00	0.00e+00
 6.21145e+22	7.94e-02	8.98e-01	2.29e-02	8.27e-05	1.30e-06	0.00e+00	0.00e+00	0.00e+00
 6.21691e+22	8.30e-02	8.96e-01	2.13e-02	7.60e-05	1.15e-06	0.00e+00	0.00e+00	0.00e+00
 6.22234e+22	8.66e-02	8.93e-01	1.98e-02	7.01e-05	1.02e-06	0.00e+00	0.00e+00	0.00e+00
 6.22787e+22	9.06e-02	8.91e-01	1.84e-02	6.44e-05	9.02e-07	0.00e+00	0.00e+00	0.00e+00
 6.23346e+22	9.49e-02	8.88e-01	1.70e-02	5.92e-05	7.94e-07	0.00e+00	0.00e+00	0.00e+00
 6.23891e+22	9.97e-02	8.84e-01	1.57e-02	5.45e-05	6.97e-07	0.00e+00	0.00e+00	0.00e+00
 6.24397e+22	1.04e-01	8.81e-01	1.47e-02	5.07e-05	6.24e-07	0.00e+00	0.00e+00	0.00e+00
 6.24917e+22	1.09e-01	8.77e-01	1.36e-02	4.69e-05	5.49e-07	0.00e+00	0.00e+00	0.00e+00
 6.25465e+22	1.14e-01	8.73e-01	1.25e-02	4.34e-05	4.84e-07	0.00e+00	0.00e+00	0.00e+00
 6.25997e+22	1.20e-01	8.68e-01	1.16e-02	4.02e-05	4.25e-07	0.00e+00	0.00e+00	0.00e+00
 6.26515e+22	1.26e-01	8.64e-01	1.07e-02	3.74e-05	3.77e-07	0.00e+00	0.00e+00	0.00e+00
 6.27033e+22	1.32e-01	8.58e-01	9.90e-03	3.48e-05	3.32e-07	0.00e+00	0.00e+00	0.00e+00
 6.27570e+22	1.39e-01	8.52e-01	9.10e-03	3.23e-05	2.91e-07	0.00e+00	0.00e+00	0.00e+00
 6.28090e+22	1.45e-01	8.46e-01	8.41e-03	3.02e-05	2.58e-07	0.00e+00	0.00e+00	0.00e+00
 6.28614e+22	1.53e-01	8.39e-01	7.72e-03	2.81e-05	2.26e-07	0.00e+00	0.00e+00	0.00e+00
 6.29139e+22	1.60e-01	8.33e-01	7.12e-03	2.63e-05	2.00e-07	0.00e+00	0.00e+00	0.00e+00
 6.29670e+22	1.68e-01	8.25e-01	6.52e-03	2.45e-05	1.75e-07	0.00e+00	0.00e+00	0.00e+00
 6.30217e+22	1.77e-01	8.17e-01	5.96e-03	2.29e-05	1.54e-07	0.00e+00	0.00e+00	0.00e+00
 6.30743e+22	1.86e-01	8.08e-01	5.48e-03	2.15e-05	1.35e-07	0.00e+00	0.00e+00	0.00e+00
 6.31271e+22	1.95e-01	8.00e-01	5.02e-03	2.02e-05	0.00e+00	0.00e+00	0.00e+00	0.00e+00
 6.31833e+22	2.06e-01	7.90e-01	4.57e-03	1.88e-05	0.00e+00	0.00e+00	0.00e+00	0.00e+00
 6.32407e+22	2.17e-01	7.79e-01	4.15e-03	1.76e-05	0.00e+00	0.00e+00	0.00e+00	0.00e+00
 6.32958e+22	2.28e-01	7.68e-01	3.78e-03	1.66e-05	0.00e+00	0.00e+00	0.00e+00	0.00e+00
 6.33513e+22	2.39e-01	7.57e-01	3.44e-03	1.56e-05	0.00e+00	0.00e+00	0.00e+00	0.00e+00
 6.34097e+22	2.52e-01	7.45e-01	3.12e-03	1.46e-05	0.00e+00	0.00e+00	0.00e+00	0.00e+00
 6.34701e+22	2.65e-01	7.32e-01	2.81e-03	1.37e-05	0.00e+00	0.00e+00	0.00e+00	0.00e+00
 6.35319e+22	2.79e-01	7.18e-01	2.53e-03	1.28e-05	0.00e+00	0.00e+00	0.00e+00	0.00e+00
 6.35937e+22	2.94e-01	7.04e-01	2.28e-03	1.20e-05	0.00e+00	0.00e+00	0.00e+00	0.00e+00
 6.36494e+22	3.06e-01	6.92e-01	2.08e-03	1.14e-05	0.00e+00	0.00e+00	0.00e+00	0.00e+00
 6.36989e+22	3.18e-01	6.80e-01	1.91e-03	1.09e-05	0.00e+00	0.00e+00	0.00e+00	0.00e+00
 6.37484e+22	3.30e-01	6.68e-01	1.75e-03	1.04e-05	0.00e+00	0.00e+00	0.00e+00	0.00e+00
 6.38016e+22	3.43e-01	6.55e-01	1.60e-03	9.87e-06	0.00e+00	0.00e+00	0.00e+00	0.00e+00
 6.38575e+22	3.58e-01	6.41e-01	1.45e-03	9.36e-06	0.00e+00	0.00e+00	0.00e+00	0.00e+00
 6.39126e+22	3.71e-01	6.27e-01	1.32e-03	8.90e-06	0.00e+00	0.00e+00	0.00e+00	0.00e+00
 6.39674e+22	3.85e-01	6.14e-01	1.20e-03	8.47e-06	0.00e+00	0.00e+00	0.00e+00	0.00e+00
 6.40240e+22	3.99e-01	6.00e-01	1.09e-03	8.06e-06	0.00e+00	0.00e+00	0.00e+00	0.00e+00
 6.40828e+22	4.14e-01	5.85e-01	9.86e-04	7.64e-06	0.00e+00	0.00e+00	0.00e+00	0.00e+00
 6.41423e+22	4.30e-01	5.70e-01	8.91e-04	7.26e-06	0.00e+00	0.00e+00	0.00e+00	0.00e+00
 6.42018e+22	4.45e-01	5.55e-01	8.06e-04	6.90e-06	0.00e+00	0.00e+00	0.00e+00	0.00e+00
 6.42627e+22	4.60e-01	5.39e-01	7.27e-04	6.55e-06	0.00e+00	0.00e+00	0.00e+00	0.00e+00
 6.43255e+22	4.76e-01	5.24e-01	6.54e-04	6.21e-06	0.00e+00	0.00e+00	0.00e+00	0.00e+00
 6.43896e+22	4.92e-01	5.08e-01	5.87e-04	5.89e-06	0.00e+00	0.00e+00	0.00e+00	0.00e+00
 6.44546e+22	5.08e-01	4.92e-01	5.27e-04	5.58e-06	0.00e+00	0.00e+00	0.00e+00	0.00e+00
 6.45207e+22	5.24e-01	4.76e-01	4.73e-04	5.29e-06	0.00e+00	0.00e+00	0.00e+00	0.00e+00
 6.45883e+22	5.40e-01	4.60e-01	4.24e-04	5.01e-06	0.00e+00	0.00e+00	0.00e+00	0.00e+00
 6.46576e+22	5.56e-01	4.44e-01	3.79e-04	4.74e-06	0.00e+00	0.00e+00	0.00e+00	0.00e+00
 6.47285e+22	5.72e-01	4.28e-01	3.39e-04	4.48e-06	0.00e+00	0.00e+00	0.00e+00	0.00e+00
 6.48008e+22	5.88e-01	4.11e-01	3.03e-04	4.23e-06	0.00e+00	0.00e+00	0.00e+00	0.00e+00
 6.48746e+22	6.04e-01	3.96e-01	2.71e-04	4.00e-06	0.00e+00	0.00e+00	0.00e+00	0.00e+00
 6.49502e+22	6.20e-01	3.80e-01	2.42e-04	3.78e-06	0.00e+00	0.00e+00	0.00e+00	0.00e+00
 6.50279e+22	6.36e-01	3.64e-01	2.16e-04	3.56e-06	0.00e+00	0.00e+00	0.00e+00	0.00e+00
 6.51076e+22	6.51e-01	3.49e-01	1.93e-04	3.36e-06	0.00e+00	0.00e+00	0.00e+00	0.00e+00
 6.51894e+22	6.67e-01	3.33e-01	1.72e-04	3.16e-06	0.00e+00	0.00e+00	0.00e+00	0.00e+00
 6.52736e+22	6.82e-01	3.18e-01	1.54e-04	2.98e-06	0.00e+00	0.00e+00	0.00e+00	0.00e+00
 6.53604e+22	6.96e-01	3.03e-01	1.38e-04	2.80e-06	0.00e+00	0.00e+00	0.00e+00	0.00e+00
 6.54494e+22	7.11e-01	2.89e-01	1.24e-04	2.64e-06	0.00e+00	0.00e+00	0.00e+00	0.00e+00
 6.55396e+22	7.25e-01	2.75e-01	1.11e-04	2.48e-06	0.00e+00	0.00e+00	0.00e+00	0.00e+00
 6.56315e+22	7.37e-01	2.62e-01	1.01e-04	2.34e-06	0.00e+00	0.00e+00	0.00e+00	0.00e+00
 6.57251e+22	7.50e-01	2.50e-01	9.12e-05	2.21e-06	0.00e+00	0.00e+00	0.00e+00	0.00e+00
 6.58208e+22	7.63e-01	2.37e-01	8.28e-05	2.08e-06	0.00e+00	0.00e+00	0.00e+00	0.00e+00
 6.59205e+22	7.75e-01	2.25e-01	7.53e-05	1.96e-06	0.00e+00	0.00e+00	0.00e+00	0.00e+00
 6.60244e+22	7.87e-01	2.13e-01	6.86e-05	1.85e-06	0.00e+00	0.00e+00	0.00e+00	0.00e+00
 6.61284e+22	7.97e-01	2.03e-01	6.30e-05	1.75e-06	0.00e+00	0.00e+00	0.00e+00	0.00e+00
 6.62325e+22	8.08e-01	1.92e-01	5.81e-05	1.65e-06	0.00e+00	0.00e+00	0.00e+00	0.00e+00
 6.63422e+22	8.18e-01	1.82e-01	5.36e-05	1.56e-06	0.00e+00	0.00e+00	0.00e+00	0.00e+00
 6.64581e+22	8.28e-01	1.72e-01	4.95e-05	1.47e-06	0.00e+00	0.00e+00	0.00e+00	0.00e+00
 6.65765e+22	8.38e-01	1.62e-01	4.59e-05	1.39e-06	0.00e+00	0.00e+00	0.00e+00	0.00e+00
 6.66970e+22	8.47e-01	1.53e-01	4.27e-05	1.31e-06	0.00e+00	0.00e+00	0.00e+00	0.00e+00
 6.68220e+22	8.56e-01	1.44e-01	3.99e-05	1.23e-06	0.00e+00	0.00e+00	0.00e+00	0.00e+00
 6.69496e+22	8.65e-01	1.35e-01	3.73e-05	1.17e-06	0.00e+00	0.00e+00	0.00e+00	0.00e+00
 6.70751e+22	8.73e-01	1.27e-01	3.51e-05	1.10e-06	0.00e+00	0.00e+00	0.00e+00	0.00e+00
 6.71939e+22	8.80e-01	1.20e-01	3.33e-05	1.05e-06	0.00e+00	0.00e+00	0.00e+00	0.00e+00
 6.73065e+22	8.87e-01	1.13e-01	3.17e-05	1.00e-06	0.00e+00	0.00e+00	0.00e+00	0.00e+00
 6.74159e+22	8.93e-01	1.07e-01	3.03e-05	9.55e-07	0.00e+00	0.00e+00	0.00e+00	0.00e+00
 6.75221e+22	8.98e-01	1.02e-01	2.90e-05	9.14e-07	0.00e+00	0.00e+00	0.00e+00	0.00e+00
 6.76248e+22	9.03e-01	9.67e-02	2.79e-05	8.76e-07	0.00e+00	0.00e+00	0.00e+00	0.00e+00
 6.77230e+22	9.08e-01	9.19e-02	2.69e-05	8.42e-07	0.00e+00	0.00e+00	0.00e+00	0.00e+00
 6.78159e+22	9.12e-01	8.75e-02	2.61e-05	8.12e-07	0.00e+00	0.00e+00	0.00e+00	0.00e+00
 6.79047e+22	9.17e-01	8.34e-02	2.53e-05	7.84e-07	0.00e+00	0.00e+00	0.00e+00	0.00e+00
 6.79880e+22	9.20e-01	7.98e-02	2.46e-05	7.59e-07	0.00e+00	0.00e+00	0.00e+00	0.00e+00
 6.80687e+22	9.24e-01	7.63e-02	2.40e-05	7.35e-07	0.00e+00	0.00e+00	0.00e+00	0.00e+00
 6.81491e+22	9.27e-01	7.30e-02	2.34e-05	7.12e-07	0.00e+00	0.00e+00	0.00e+00	0.00e+00
 6.82268e+22	9.30e-01	7.00e-02	2.28e-05	6.92e-07	0.00e+00	0.00e+00	0.00e+00	0.00e+00
 6.83015e+22	9.33e-01	6.72e-02	2.23e-05	6.73e-07	0.00e+00	0.00e+00	0.00e+00	0.00e+00
 6.83734e+22	9.35e-01	6.45e-02	2.19e-05	6.56e-07	0.00e+00	0.00e+00	0.00e+00	0.00e+00
 6.84427e+22	9.38e-01	6.21e-02	2.14e-05	6.41e-07	0.00e+00	0.00e+00	0.00e+00	0.00e+00
 6.85098e+22	9.40e-01	5.99e-02	2.11e-05	6.27e-07	0.00e+00	0.00e+00	0.00e+00	0.00e+00
 6.85745e+22	9.42e-01	5.78e-02	2.07e-05	6.15e-07	0.00e+00	0.00e+00	0.00e+00	0.00e+00
 6.86370e+22	9.44e-01	5.59e-02	2.04e-05	6.04e-07	0.00e+00	0.00e+00	0.00e+00	0.00e+00
 6.86972e+22	9.46e-01	5.42e-02	2.01e-05	5.94e-07	0.00e+00	0.00e+00	0.00e+00	0.00e+00
 6.87553e+22	9.47e-01	5.26e-02	1.98e-05	5.86e-07	0.00e+00	0.00e+00	0.00e+00	0.00e+00
 6.88114e+22	9.49e-01	5.11e-02	1.95e-05	5.78e-07	0.00e+00	0.00e+00	0.00e+00	0.00e+00
 6.88656e+22	9.50e-01	4.97e-02	1.93e-05	5.72e-07	0.00e+00	0.00e+00	0.00e+00	0.00e+00
 6.89164e+22	9.51e-01	4.85e-02	1.91e-05	5.68e-07	0.00e+00	0.00e+00	0.00e+00	0.00e+00
 6.89626e+22	9.52e-01	4.75e-02	1.89e-05	5.65e-07	0.00e+00	0.00e+00	0.00e+00	0.00e+00
 6.90047e+22	9.53e-01	4.67e-02	1.87e-05	5.63e-07	0.00e+00	0.00e+00	0.00e+00	0.00e+00
 6.90429e+22	9.54e-01	4.59e-02	1.86e-05	5.62e-07	0.00e+00	0.00e+00	0.00e+00	0.00e+00
 6.90778e+22	9.55e-01	4.53e-02	1.85e-05	5.61e-07	0.00e+00	0.00e+00	0.00e+00	0.00e+00
 6.91095e+22	9.55e-01	4.47e-02	1.83e-05	5.61e-07	0.00e+00	0.00e+00	0.00e+00	0.00e+00
 6.91383e+22	9.56e-01	4.43e-02	1.82e-05	5.61e-07	0.00e+00	0.00e+00	0.00e+00	0.00e+00
 6.91699e+22	9.56e-01	4.37e-02	1.81e-05	5.62e-07	0.00e+00	0.00e+00	0.00e+00	0.00e+00
 6.92041e+22	9.57e-01	4.31e-02	1.80e-05	5.62e-07	0.00e+00	0.00e+00	0.00e+00	0.00e+00
 6.92351e+22	9.57e-01	4.27e-02	1.79e-05	5.62e-07	0.00e+00	0.00e+00	0.00e+00	0.00e+00
 6.92634e+22	9.58e-01	4.23e-02	1.78e-05	5.65e-07	0.00e+00	0.00e+00	0.00e+00	0.00e+00
 6.92891e+22	9.58e-01	4.20e-02	1.77e-05	5.66e-07	0.00e+00	0.00e+00	0.00e+00	0.00e+00
 6.93173e+22	9.58e-01	4.16e-02	1.76e-05	5.66e-07	0.00e+00	0.00e+00	0.00e+00	0.00e+00
 6.93539e+22	9.59e-01	4.10e-02	1.75e-05	5.68e-07	0.00e+00	0.00e+00	0.00e+00	0.00e+00
 6.93935e+22	9.59e-01	4.05e-02	1.74e-05	5.68e-07	0.00e+00	0.00e+00	0.00e+00	0.00e+00
 6.94294e+22	9.60e-01	4.01e-02	1.73e-05	5.71e-07	0.00e+00	0.00e+00	0.00e+00	0.00e+00
 6.94622e+22	9.60e-01	3.98e-02	1.72e-05	5.74e-07	0.00e+00	0.00e+00	0.00e+00	0.00e+00
 6.94920e+22	9.60e-01	3.95e-02	1.71e-05	5.74e-07	0.00e+00	0.00e+00	0.00e+00	0.00e+00
 6.95247e+22	9.61e-01	3.92e-02	1.70e-05	5.74e-07	0.00e+00	0.00e+00	0.00e+00	0.00e+00
 6.95671e+22	9.61e-01	3.87e-02	1.69e-05	5.75e-07	0.00e+00	0.00e+00	0.00e+00	0.00e+00
 6.96129e+22	9.62e-01	3.82e-02	1.67e-05	5.75e-07	0.00e+00	0.00e+00	0.00e+00	0.00e+00
 6.96547e+22	9.62e-01	3.79e-02	1.66e-05	5.78e-07	0.00e+00	0.00e+00	0.00e+00	0.00e+00
 6.96926e+22	9.62e-01	3.76e-02	1.65e-05	5.80e-07	0.00e+00	0.00e+00	0.00e+00	0.00e+00
 6.97272e+22	9.63e-01	3.74e-02	1.64e-05	5.82e-07	0.00e+00	0.00e+00	0.00e+00	0.00e+00
 6.97586e+22	9.63e-01	3.72e-02	1.63e-05	5.85e-07	0.00e+00	0.00e+00	0.00e+00	0.00e+00
 6.97930e+22	9.63e-01	3.69e-02	1.62e-05	5.88e-07	0.00e+00	0.00e+00	0.00e+00	0.00e+00
 6.98302e+22	9.63e-01	3.66e-02	1.62e-05	5.90e-07	0.00e+00	0.00e+00	0.00e+00	0.00e+00
 6.98640e+22	9.64e-01	3.64e-02	1.61e-05	5.92e-07	0.00e+00	0.00e+00	0.00e+00	0.00e+00
 6.99011e+22	9.64e-01	3.61e-02	1.60e-05	5.95e-07	0.00e+00	0.00e+00	0.00e+00	0.00e+00
 6.99412e+22	9.64e-01	3.59e-02	1.59e-05	5.99e-07	0.00e+00	0.00e+00	0.00e+00	0.00e+00
 6.99776e+22	9.64e-01	3.56e-02	1.59e-05	6.02e-07	0.00e+00	0.00e+00	0.00e+00	0.00e+00
 7.00107e+22	9.65e-01	3.55e-02	1.59e-05	6.06e-07	0.00e+00	0.00e+00	0.00e+00	0.00e+00
 7.00409e+22	9.65e-01	3.53e-02	1.58e-05	6.09e-07	0.00e+00	0.00e+00	0.00e+00	0.00e+00
 7.00683e+22	9.65e-01	3.52e-02	1.58e-05	6.16e-07	0.00e+00	0.00e+00	0.00e+00	0.00e+00
 7.00933e+22	9.65e-01	3.51e-02	1.58e-05	6.17e-07	0.00e+00	0.00e+00	0.00e+00	0.00e+00
 7.01207e+22	9.65e-01	3.49e-02	1.57e-05	6.20e-07	0.00e+00	0.00e+00	0.00e+00	0.00e+00
 7.01563e+22	9.65e-01	3.47e-02	1.57e-05	6.23e-07	0.00e+00	0.00e+00	0.00e+00	0.00e+00
 7.01947e+22	9.66e-01	3.44e-02	1.56e-05	6.24e-07	0.00e+00	0.00e+00	0.00e+00	0.00e+00
 7.02297e+22	9.66e-01	3.42e-02	1.56e-05	6.28e-07	0.00e+00	0.00e+00	0.00e+00	0.00e+00
 7.02615e+22	9.66e-01	3.41e-02	1.56e-05	6.34e-07	0.00e+00	0.00e+00	0.00e+00	0.00e+00
 7.02904e+22	9.66e-01	3.39e-02	1.56e-05	6.36e-07	0.00e+00	0.00e+00	0.00e+00	0.00e+00
 7.03221e+22	9.66e-01	3.37e-02	1.55e-05	6.38e-07	0.00e+00	0.00e+00	0.00e+00	0.00e+00
 7.03564e+22	9.66e-01	3.35e-02	1.55e-05	6.41e-07	0.00e+00	0.00e+00	0.00e+00	0.00e+00
 7.03875e+22	9.67e-01	3.34e-02	1.54e-05	6.44e-07	0.00e+00	0.00e+00	0.00e+00	0.00e+00
 7.04217e+22	9.67e-01	3.32e-02	1.54e-05	6.46e-07	0.00e+00	0.00e+00	0.00e+00	0.00e+00
 7.04586e+22	9.67e-01	3.29e-02	1.54e-05	6.49e-07	0.00e+00	0.00e+00	0.00e+00	0.00e+00
 7.04921e+22	9.67e-01	3.28e-02	1.53e-05	6.49e-07	0.00e+00	0.00e+00	0.00e+00	0.00e+00
 7.05289e+22	9.67e-01	3.25e-02	1.53e-05	6.51e-07	0.00e+00	0.00e+00	0.00e+00	0.00e+00
 7.05686e+22	9.68e-01	3.23e-02	1.52e-05	6.52e-07	0.00e+00	0.00e+00	0.00e+00	0.00e+00
 7.06047e+22	9.68e-01	3.21e-02	1.52e-05	6.55e-07	0.00e+00	0.00e+00	0.00e+00	0.00e+00
 7.06376e+22	9.68e-01	3.19e-02	1.51e-05	6.53e-07	0.00e+00	0.00e+00	0.00e+00	0.00e+00
 7.06736e+22	9.68e-01	3.17e-02	1.51e-05	6.53e-07	0.00e+00	0.00e+00	0.00e+00	0.00e+00
 7.07124e+22	9.69e-01	3.14e-02	1.50e-05	6.54e-07	0.00e+00	0.00e+00	0.00e+00	0.00e+00
 7.07478e+22	9.69e-01	3.13e-02	1.50e-05	6.57e-07	0.00e+00	0.00e+00	0.00e+00	0.00e+00
 7.07800e+22	9.69e-01	3.11e-02	1.49e-05	6.55e-07	0.00e+00	0.00e+00	0.00e+00	0.00e+00
 7.08153e+22	9.69e-01	3.09e-02	1.49e-05	6.55e-07	0.00e+00	0.00e+00	0.00e+00	0.00e+00
 7.08534e+22	9.69e-01	3.06e-02	1.48e-05	6.55e-07	0.00e+00	0.00e+00	0.00e+00	0.00e+00
 7.08881e+22	9.70e-01	3.04e-02	1.48e-05	6.54e-07	0.00e+00	0.00e+00	0.00e+00	0.00e+00
 7.09260e+22	9.70e-01	3.02e-02	1.47e-05	6.55e-07	0.00e+00	0.00e+00	0.00e+00	0.00e+00
 7.09670e+22	9.70e-01	3.00e-02	1.47e-05	6.55e-07	0.00e+00	0.00e+00	0.00e+00	0.00e+00
 7.10044e+22	9.70e-01	2.98e-02	1.46e-05	6.57e-07	0.00e+00	0.00e+00	0.00e+00	0.00e+00
 7.10383e+22	9.70e-01	2.96e-02	1.46e-05	6.54e-07	0.00e+00	0.00e+00	0.00e+00	0.00e+00
 7.10755e+22	9.71e-01	2.94e-02	1.45e-05	6.54e-07	0.00e+00	0.00e+00	0.00e+00	0.00e+00
 7.11157e+22	9.71e-01	2.91e-02	1.45e-05	6.54e-07	0.00e+00	0.00e+00	0.00e+00	0.00e+00
 7.11523e+22	9.71e-01	2.89e-02	1.44e-05	6.52e-07	0.00e+00	0.00e+00	0.00e+00	0.00e+00
 7.11923e+22	9.71e-01	2.87e-02	1.43e-05	6.51e-07	0.00e+00	0.00e+00	0.00e+00	0.00e+00
 7.12356e+22	9.72e-01	2.84e-02	1.43e-05	6.50e-07	0.00e+00	0.00e+00	0.00e+00	0.00e+00
 7.12749e+22	9.72e-01	2.82e-02	1.42e-05	6.48e-07	0.00e+00	0.00e+00	0.00e+00	0.00e+00
 7.13180e+22	9.72e-01	2.80e-02	1.42e-05	6.47e-07	0.00e+00	0.00e+00	0.00e+00	0.00e+00
 7.13646e+22	9.72e-01	2.77e-02	1.41e-05	6.46e-07	0.00e+00	0.00e+00	0.00e+00	0.00e+00
 7.14069e+22	9.73e-01	2.75e-02	1.41e-05	6.43e-07	0.00e+00	0.00e+00	0.00e+00	0.00e+00
 7.14534e+22	9.73e-01	2.72e-02	1.40e-05	6.41e-07	0.00e+00	0.00e+00	0.00e+00	0.00e+00
 7.15035e+22	9.73e-01	2.69e-02	1.39e-05	6.41e-07	0.00e+00	0.00e+00	0.00e+00	0.00e+00
 7.15491e+22	9.73e-01	2.67e-02	1.39e-05	6.36e-07	0.00e+00	0.00e+00	0.00e+00	0.00e+00
 7.15991e+22	9.74e-01	2.64e-02	1.38e-05	6.33e-07	0.00e+00	0.00e+00	0.00e+00	0.00e+00
 7.16530e+22	9.74e-01	2.61e-02	1.37e-05	6.30e-07	0.00e+00	0.00e+00	0.00e+00	0.00e+00
 7.17021e+22	9.74e-01	2.59e-02	1.36e-05	6.28e-07	0.00e+00	0.00e+00	0.00e+00	0.00e+00
 7.17468e+22	9.74e-01	2.57e-02	1.36e-05	6.26e-07	0.00e+00	0.00e+00	0.00e+00	0.00e+00
 7.17957e+22	9.75e-01	2.54e-02	1.35e-05	6.23e-07	0.00e+00	0.00e+00	0.00e+00	0.00e+00
 7.18486e+22	9.75e-01	2.51e-02	1.34e-05	6.19e-07	0.00e+00	0.00e+00	0.00e+00	0.00e+00
 7.18967e+22	9.75e-01	2.49e-02	1.34e-05	6.17e-07	0.00e+00	0.00e+00	0.00e+00	0.00e+00
 7.19494e+22	9.75e-01	2.45e-02	1.33e-05	6.12e-07	0.00e+00	0.00e+00	0.00e+00	0.00e+00
 7.20063e+22	9.76e-01	2.43e-02	1.32e-05	6.09e-07	0.00e+00	0.00e+00	0.00e+00	0.00e+00
 7.20581e+22	9.76e-01	2.40e-02	1.32e-05	6.04e-07	0.00e+00	0.00e+00	0.00e+00	0.00e+00
 7.21148e+22	9.76e-01	2.37e-02	1.31e-05	5.99e-07	0.00e+00	0.00e+00	0.00e+00	0.00e+00
 7.21761e+22	9.77e-01	2.34e-02	1.30e-05	5.93e-07	0.00e+00	0.00e+00	0.00e+00	0.00e+00
 7.22318e+22	9.77e-01	2.31e-02	1.29e-05	5.90e-07	0.00e+00	0.00e+00	0.00e+00	0.00e+00
 7.22825e+22	9.77e-01	2.29e-02	1.28e-05	5.86e-07	0.00e+00	0.00e+00	0.00e+00	0.00e+00
 7.23381e+22	9.77e-01	2.26e-02	1.28e-05	5.80e-07	0.00e+00	0.00e+00	0.00e+00	0.00e+00
 7.23981e+22	9.78e-01	2.23e-02	1.27e-05	5.77e-07	0.00e+00	0.00e+00	0.00e+00	0.00e+00
 7.24527e+22	9.78e-01	2.21e-02	1.26e-05	5.71e-07	0.00e+00	0.00e+00	0.00e+00	0.00e+00
 7.25126e+22	9.78e-01	2.17e-02	1.25e-05	5.64e-07	0.00e+00	0.00e+00	0.00e+00	0.00e+00
 7.25772e+22	9.79e-01	2.15e-02	1.24e-05	5.60e-07	0.00e+00	0.00e+00	0.00e+00	0.00e+00
 7.26359e+22	9.79e-01	2.12e-02	1.24e-05	5.54e-07	0.00e+00	0.00e+00	0.00e+00	0.00e+00
 7.27004e+22	9.79e-01	2.09e-02	1.23e-05	5.46e-07	0.00e+00	0.00e+00	0.00e+00	0.00e+00
 7.27699e+22	9.79e-01	2.06e-02	1.22e-05	5.41e-07	0.00e+00	0.00e+00	0.00e+00	0.00e+00
 7.28332e+22	9.80e-01	2.03e-02	1.21e-05	5.34e-07	0.00e+00	0.00e+00	0.00e+00	0.00e+00
 7.29025e+22	9.80e-01	1.99e-02	1.20e-05	5.26e-07	0.00e+00	0.00e+00	0.00e+00	0.00e+00
 7.29774e+22	9.80e-01	1.96e-02	1.19e-05	5.19e-07	0.00e+00	0.00e+00	0.00e+00	0.00e+00
 7.30455e+22	9.81e-01	1.94e-02	1.18e-05	5.13e-07	0.00e+00	0.00e+00	0.00e+00	0.00e+00
 7.31075e+22	9.81e-01	1.92e-02	1.17e-05	5.08e-07	0.00e+00	0.00e+00	0.00e+00	0.00e+00
 7.31754e+22	9.81e-01	1.88e-02	1.16e-05	4.99e-07	0.00e+00	0.00e+00	0.00e+00	0.00e+00
 7.32488e+22	9.81e-01	1.85e-02	1.15e-05	4.93e-07	0.00e+00	0.00e+00	0.00e+00	0.00e+00
 7.33155e+22	9.82e-01	1.83e-02	1.14e-05	4.87e-07	0.00e+00	0.00e+00	0.00e+00	0.00e+00
 7.33886e+22	9.82e-01	1.79e-02	1.13e-05	4.78e-07	0.00e+00	0.00e+00	0.00e+00	0.00e+00
 7.34676e+22	9.82e-01	1.76e-02	1.12e-05	4.71e-07	0.00e+00	0.00e+00	0.00e+00	0.00e+00
 7.35394e+22	9.83e-01	1.74e-02	1.11e-05	4.64e-07	0.00e+00	0.00e+00	0.00e+00	0.00e+00
 7.36182e+22	9.83e-01	1.70e-02	1.10e-05	4.54e-07	0.00e+00	0.00e+00	0.00e+00	0.00e+00
 7.37032e+22	9.83e-01	1.67e-02	1.09e-05	4.47e-07	0.00e+00	0.00e+00	0.00e+00	0.00e+00
 7.37805e+22	9.84e-01	1.65e-02	1.08e-05	4.40e-07	0.00e+00	0.00e+00	0.00e+00	0.00e+00
 7.38509e+22	9.84e-01	1.63e-02	1.07e-05	4.35e-07	0.00e+00	0.00e+00	0.00e+00	0.00e+00
 7.39280e+22	9.84e-01	1.59e-02	1.06e-05	4.25e-07	0.00e+00	0.00e+00	0.00e+00	0.00e+00
 7.40113e+22	9.84e-01	1.56e-02	1.05e-05	4.18e-07	0.00e+00	0.00e+00	0.00e+00	0.00e+00
 7.40871e+22	9.85e-01	1.54e-02	1.04e-05	4.12e-07	0.00e+00	0.00e+00	0.00e+00	0.00e+00
 7.41701e+22	9.85e-01	1.51e-02	1.03e-05	4.01e-07	0.00e+00	0.00e+00	0.00e+00	0.00e+00
 7.42597e+22	9.85e-01	1.48e-02	1.02e-05	3.94e-07	0.00e+00	0.00e+00	0.00e+00	0.00e+00
 7.43413e+22	9.85e-01	1.46e-02	1.01e-05	3.87e-07	0.00e+00	0.00e+00	0.00e+00	0.00e+00
 7.44307e+22	9.86e-01	1.42e-02	1.00e-05	3.77e-07	0.00e+00	0.00e+00	0.00e+00	0.00e+00
 7.45272e+22	9.86e-01	1.40e-02	9.89e-06	3.69e-07	0.00e+00	0.00e+00	0.00e+00	0.00e+00
 7.46150e+22	9.86e-01	1.37e-02	9.79e-06	3.63e-07	0.00e+00	0.00e+00	0.00e+00	0.00e+00
 7.46949e+22	9.86e-01	1.35e-02	9.70e-06	3.56e-07	0.00e+00	0.00e+00	0.00e+00	0.00e+00
 7.47825e+22	9.87e-01	1.32e-02	9.58e-06	3.47e-07	0.00e+00	0.00e+00	0.00e+00	0.00e+00
 7.48770e+22	9.87e-01	1.30e-02	9.47e-06	3.40e-07	0.00e+00	0.00e+00	0.00e+00	0.00e+00
 7.49630e+22	9.87e-01	1.28e-02	9.38e-06	3.34e-07	0.00e+00	0.00e+00	0.00e+00	0.00e+00
 7.50573e+22	9.88e-01	1.24e-02	9.26e-06	3.24e-07	0.00e+00	0.00e+00	0.00e+00	0.00e+00
 7.51798e+22	9.88e-01	1.20e-02	9.10e-06	3.11e-07	0.00e+00	0.00e+00	0.00e+00	0.00e+00
 7.53154e+22	9.88e-01	1.17e-02	8.95e-06	3.02e-07	0.00e+00	0.00e+00	0.00e+00	0.00e+00
 7.54500e+22	9.89e-01	1.14e-02	8.80e-06	2.91e-07	0.00e+00	0.00e+00	0.00e+00	0.00e+00
 7.55884e+22	9.89e-01	1.10e-02	8.65e-06	2.82e-07	0.00e+00	0.00e+00	0.00e+00	0.00e+00
 7.57292e+22	9.89e-01	1.07e-02	8.50e-06	2.72e-07	0.00e+00	0.00e+00	0.00e+00	0.00e+00
 7.58717e+22	9.90e-01	1.04e-02	8.35e-06	2.62e-07	0.00e+00	0.00e+00	0.00e+00	0.00e+00
 7.60156e+22	9.90e-01	1.01e-02	8.20e-06	2.53e-07	0.00e+00	0.00e+00	0.00e+00	0.00e+00
 7.61609e+22	9.90e-01	9.82e-03	8.05e-06	2.44e-07	0.00e+00	0.00e+00	0.00e+00	0.00e+00
 7.63077e+22	9.90e-01	9.54e-03	7.90e-06	2.36e-07	0.00e+00	0.00e+00	0.00e+00	0.00e+00
 7.64560e+22	9.91e-01	9.26e-03	7.75e-06	2.27e-07	0.00e+00	0.00e+00	0.00e+00	0.00e+00
 7.66056e+22	9.91e-01	8.99e-03	7.60e-06	2.19e-07	0.00e+00	0.00e+00	0.00e+00	0.00e+00
 7.67565e+22	9.91e-01	8.73e-03	7.46e-06	2.11e-07	0.00e+00	0.00e+00	0.00e+00	0.00e+00
 7.69087e+22	9.92e-01	8.48e-03	7.31e-06	2.03e-07	0.00e+00	0.00e+00	0.00e+00	0.00e+00
 7.70621e+22	9.92e-01	8.23e-03	7.17e-06	1.95e-07	0.00e+00	0.00e+00	0.00e+00	0.00e+00
 7.72168e+22	9.92e-01	7.99e-03	7.03e-06	1.88e-07	0.00e+00	0.00e+00	0.00e+00	0.00e+00
 7.73724e+22	9.92e-01	7.76e-03	6.89e-06	1.81e-07	0.00e+00	0.00e+00	0.00e+00	0.00e+00
 7.75290e+22	9.92e-01	7.53e-03	6.75e-06	1.74e-07	0.00e+00	0.00e+00	0.00e+00	0.00e+00
 7.76866e+22	9.93e-01	7.32e-03	6.62e-06	1.67e-07	0.00e+00	0.00e+00	0.00e+00	0.00e+00
 7.78454e+22	9.93e-01	7.10e-03	6.48e-06	1.61e-07	0.00e+00	0.00e+00	0.00e+00	0.00e+00
 7.80056e+22	9.93e-01	6.90e-03	6.34e-06	1.55e-07	0.00e+00	0.00e+00	0.00e+00	0.00e+00
 7.81666e+22	9.93e-01	6.70e-03	6.21e-06	1.49e-07	0.00e+00	0.00e+00	0.00e+00	0.00e+00
 7.83288e+22	9.93e-01	6.50e-03	6.08e-06	1.43e-07	0.00e+00	0.00e+00	0.00e+00	0.00e+00
 7.84921e+22	9.94e-01	6.31e-03	5.95e-06	1.37e-07	0.00e+00	0.00e+00	0.00e+00	0.00e+00
 7.86564e+22	9.94e-01	6.13e-03	5.82e-06	1.32e-07	0.00e+00	0.00e+00	0.00e+00	0.00e+00
 7.88242e+22	9.94e-01	5.94e-03	5.69e-06	1.26e-07	0.00e+00	0.00e+00	0.00e+00	0.00e+00
 7.89952e+22	9.94e-01	5.76e-03	5.56e-06	0.00e+00	0.00e+00	0.00e+00	0.00e+00	0.00e+00
 7.91678e+22	9.94e-01	5.59e-03	5.43e-06	0.00e+00	0.00e+00	0.00e+00	0.00e+00	0.00e+00
 7.93423e+22	9.95e-01	5.42e-03	5.30e-06	0.00e+00	0.00e+00	0.00e+00	0.00e+00	0.00e+00
 7.95184e+22	9.95e-01	5.25e-03	5.18e-06	0.00e+00	0.00e+00	0.00e+00	0.00e+00	0.00e+00
 7.96963e+22	9.95e-01	5.09e-03	5.05e-06	0.00e+00	0.00e+00	0.00e+00	0.00e+00	0.00e+00
 7.98758e+22	9.95e-01	4.94e-03	4.93e-06	0.00e+00	0.00e+00	0.00e+00	0.00e+00	0.00e+00
 8.00575e+22	9.95e-01	4.78e-03	4.80e-06	0.00e+00	0.00e+00	0.00e+00	0.00e+00	0.00e+00
 8.02419e+22	9.95e-01	4.63e-03	4.68e-06	0.00e+00	0.00e+00	0.00e+00	0.00e+00	0.00e+00
 8.04289e+22	9.96e-01	4.49e-03	4.56e-06	0.00e+00	0.00e+00	0.00e+00	0.00e+00	0.00e+00
 8.06206e+22	9.96e-01	4.34e-03	4.43e-06	0.00e+00	0.00e+00	0.00e+00	0.00e+00	0.00e+00
 8.08167e+22	9.96e-01	4.20e-03	4.31e-06	0.00e+00	0.00e+00	0.00e+00	0.00e+00	0.00e+00
 8.10155e+22	9.96e-01	4.06e-03	4.19e-06	0.00e+00	0.00e+00	0.00e+00	0.00e+00	0.00e+00
 8.12176e+22	9.96e-01	3.93e-03	4.06e-06	0.00e+00	0.00e+00	0.00e+00	0.00e+00	0.00e+00
 8.14228e+22	9.96e-01	3.79e-03	3.94e-06	0.00e+00	0.00e+00	0.00e+00	0.00e+00	0.00e+00
 8.16314e+22	9.96e-01	3.67e-03	3.82e-06	0.00e+00	0.00e+00	0.00e+00	0.00e+00	0.00e+00
 8.18436e+22	9.96e-01	3.54e-03	3.70e-06	0.00e+00	0.00e+00	0.00e+00	0.00e+00	0.00e+00
 8.20598e+22	9.97e-01	3.42e-03	3.58e-06	0.00e+00	0.00e+00	0.00e+00	0.00e+00	0.00e+00
 8.22810e+22	9.97e-01	3.29e-03	3.46e-06	0.00e+00	0.00e+00	0.00e+00	0.00e+00	0.00e+00
 8.25071e+22	9.97e-01	3.17e-03	3.35e-06	0.00e+00	0.00e+00	0.00e+00	0.00e+00	0.00e+00
 8.27376e+22	9.97e-01	3.06e-03	3.23e-06	0.00e+00	0.00e+00	0.00e+00	0.00e+00	0.00e+00
 8.29729e+22	9.97e-01	2.94e-03	3.11e-06	0.00e+00	0.00e+00	0.00e+00	0.00e+00	0.00e+00
 8.32132e+22	9.97e-01	2.83e-03	2.99e-06	0.00e+00	0.00e+00	0.00e+00	0.00e+00	0.00e+00
 8.34566e+22	9.97e-01	2.72e-03	2.88e-06	0.00e+00	0.00e+00	0.00e+00	0.00e+00	0.00e+00
 8.37023e+22	9.97e-01	2.62e-03	2.77e-06	0.00e+00	0.00e+00	0.00e+00	0.00e+00	0.00e+00
 8.39504e+22	9.97e-01	2.52e-03	2.66e-06	0.00e+00	0.00e+00	0.00e+00	0.00e+00	0.00e+00
 8.41996e+22	9.98e-01	2.42e-03	2.55e-06	0.00e+00	0.00e+00	0.00e+00	0.00e+00	0.00e+00
 8.44503e+22	9.98e-01	2.32e-03	2.45e-06	0.00e+00	0.00e+00	0.00e+00	0.00e+00	0.00e+00
 8.47035e+22	9.98e-01	2.23e-03	2.34e-06	0.00e+00	0.00e+00	0.00e+00	0.00e+00	0.00e+00
 8.49583e+22	9.98e-01	2.14e-03	2.24e-06	0.00e+00	0.00e+00	0.00e+00	0.00e+00	0.00e+00
 8.52147e+22	9.98e-01	2.05e-03	2.15e-06	0.00e+00	0.00e+00	0.00e+00	0.00e+00	0.00e+00
 8.54727e+22	9.98e-01	1.97e-03	2.05e-06	0.00e+00	0.00e+00	0.00e+00	0.00e+00	0.00e+00
 8.57324e+22	9.98e-01	1.89e-03	1.96e-06	0.00e+00	0.00e+00	0.00e+00	0.00e+00	0.00e+00
 8.59932e+22	9.98e-01	1.81e-03	1.87e-06	0.00e+00	0.00e+00	0.00e+00	0.00e+00	0.00e+00
 8.62546e+22	9.98e-01	1.73e-03	1.79e-06	0.00e+00	0.00e+00	0.00e+00	0.00e+00	0.00e+00
 8.65184e+22	9.98e-01	1.66e-03	1.70e-06	0.00e+00	0.00e+00	0.00e+00	0.00e+00	0.00e+00
 8.67847e+22	9.98e-01	1.58e-03	1.62e-06	0.00e+00	0.00e+00	0.00e+00	0.00e+00	0.00e+00
 8.70524e+22	9.98e-01	1.51e-03	1.54e-06	0.00e+00	0.00e+00	0.00e+00	0.00e+00	0.00e+00
 8.73214e+22	9.99e-01	1.44e-03	1.46e-06	0.00e+00	0.00e+00	0.00e+00	0.00e+00	0.00e+00
 8.75918e+22	9.99e-01	1.38e-03	1.39e-06	0.00e+00	0.00e+00	0.00e+00	0.00e+00	0.00e+00
 8.78634e+22	9.99e-01	1.31e-03	1.32e-06	0.00e+00	0.00e+00	0.00e+00	0.00e+00	0.00e+00
 8.81363e+22	9.99e-01	1.25e-03	1.25e-06	0.00e+00	0.00e+00	0.00e+00	0.00e+00	0.00e+00
 8.84104e+22	9.99e-01	1.19e-03	1.18e-06	0.00e+00	0.00e+00	0.00e+00	0.00e+00	0.00e+00
