#depth	H	H+	H2
 4.62852e+21	5.09e-06	1.00e+00	4.06e-29
 1.03283e+22	8.96e-06	1.00e+00	1.33e-28
 1.18948e+22	1.14e-05	1.00e+00	2.82e-28
 1.26376e+22	1.29e-05	1.00e+00	4.27e-28
 1.29855e+22	1.35e-05	1.00e+00	5.12e-28
 1.31809e+22	1.41e-05	1.00e+00	6.08e-28
 1.33995e+22	1.49e-05	1.00e+00	7.62e-28
 1.36175e+22	1.55e-05	1.00e+00	9.06e-28
 1.38347e+22	1.64e-05	1.00e+00	1.14e-27
 1.40527e+22	1.71e-05	1.00e+00	1.36e-27
 1.42716e+22	1.81e-05	1.00e+00	1.72e-27
 1.44929e+22	1.89e-05	1.00e+00	2.06e-27
 1.47173e+22	2.00e-05	1.00e+00	2.63e-27
 1.49448e+22	2.08e-05	1.00e+00	3.17e-27
 1.51762e+22	2.21e-05	1.00e+00	4.07e-27
 1.54113e+22	2.30e-05	1.00e+00	4.95e-27
 1.56513e+22	2.44e-05	1.00e+00	6.40e-27
 1.58959e+22	2.55e-05	1.00e+00	7.84e-27
 1.61466e+22	2.71e-05	1.00e+00	1.02e-26
 1.64019e+22	2.84e-05	1.00e+00	1.26e-26
 1.66632e+22	3.02e-05	1.00e+00	1.66e-26
 1.69268e+22	3.16e-05	1.00e+00	2.05e-26
 1.71510e+22	3.30e-05	1.00e+00	2.51e-26
 1.74003e+22	3.50e-05	1.00e+00	3.25e-26
 1.76513e+22	3.65e-05	1.00e+00	3.96e-26
 1.78644e+22	3.80e-05	1.00e+00	4.77e-26
 1.80701e+22	3.96e-05	1.00e+00	5.73e-26
 1.83062e+22	4.17e-05	1.00e+00	7.24e-26
 1.85446e+22	4.35e-05	1.00e+00	8.79e-26
 1.87524e+22	4.53e-05	1.00e+00	1.05e-25
 1.89892e+22	4.76e-05	1.00e+00	1.32e-25
 1.92361e+22	4.98e-05	1.00e+00	1.62e-25
 1.94581e+22	5.19e-05	1.00e+00	1.97e-25
 1.97087e+22	5.47e-05	1.00e+00	2.50e-25
 1.99681e+22	5.72e-05	1.00e+00	3.08e-25
 2.02390e+22	6.05e-05	1.00e+00	3.99e-25
 2.05143e+22	6.34e-05	1.00e+00	4.95e-25
 2.07578e+22	6.63e-05	1.00e+00	6.07e-25
 2.10368e+22	7.04e-05	1.00e+00	7.96e-25
 2.13172e+22	7.36e-05	1.00e+00	9.79e-25
 2.15993e+22	7.78e-05	1.00e+00	1.27e-24
 2.18911e+22	8.19e-05	1.00e+00	1.60e-24
 2.21493e+22	8.57e-05	1.00e+00	1.97e-24
 2.24386e+22	9.06e-05	1.00e+00	2.57e-24
 2.27419e+22	9.56e-05	1.00e+00	3.26e-24
 2.30079e+22	1.00e-04	1.00e+00	4.03e-24
 2.32982e+22	1.06e-04	1.00e+00	5.22e-24
 2.36084e+22	1.11e-04	1.00e+00	6.68e-24
 2.38973e+22	1.17e-04	1.00e+00	8.43e-24
 2.41579e+22	1.22e-04	1.00e+00	1.03e-23
 2.43929e+22	1.27e-04	1.00e+00	1.24e-23
 2.46623e+22	1.34e-04	1.00e+00	1.57e-23
 2.49439e+22	1.40e-04	1.00e+00	1.95e-23
 2.51987e+22	1.47e-04	1.00e+00	2.39e-23
 2.54876e+22	1.55e-04	1.00e+00	3.09e-23
 2.57870e+22	1.63e-04	1.00e+00	3.87e-23
 2.60523e+22	1.70e-04	1.00e+00	4.77e-23
 2.63491e+22	1.80e-04	1.00e+00	6.20e-23
 2.66550e+22	1.89e-04	1.00e+00	7.78e-23
 2.69285e+22	1.98e-04	1.00e+00	9.67e-23
 2.72397e+22	2.10e-04	1.00e+00	1.27e-22
 2.75594e+22	2.21e-04	1.00e+00	1.61e-22
 2.78439e+22	2.32e-04	1.00e+00	2.02e-22
 2.81675e+22	2.46e-04	1.00e+00	2.68e-22
 2.85015e+22	2.60e-04	1.00e+00	3.44e-22
 2.87990e+22	2.73e-04	1.00e+00	4.34e-22
 2.91353e+22	2.91e-04	1.00e+00	5.67e-22
 2.94800e+22	3.07e-04	1.00e+00	7.31e-22
 2.97843e+22	3.24e-04	1.00e+00	9.29e-22
 3.01287e+22	3.45e-04	1.00e+00	1.26e-21
 3.04828e+22	3.65e-04	1.00e+00	1.64e-21
 3.07970e+22	3.85e-04	1.00e+00	2.10e-21
 3.11532e+22	4.11e-04	1.00e+00	2.88e-21
 3.15197e+22	4.35e-04	1.00e+00	3.80e-21
 3.18466e+22	4.60e-04	1.00e+00	4.94e-21
 3.22185e+22	4.93e-04	1.00e+00	6.95e-21
 3.25974e+22	5.23e-04	9.99e-01	9.22e-21
 3.29857e+22	5.62e-04	9.99e-01	1.32e-20
 3.33781e+22	5.96e-04	9.99e-01	1.78e-20
 3.37166e+22	6.30e-04	9.99e-01	2.37e-20
 3.40334e+22	6.63e-04	9.99e-01	3.09e-20
 3.43815e+22	7.06e-04	9.99e-01	4.29e-20
 3.47302e+22	7.45e-04	9.99e-01	5.75e-20
 3.50308e+22	7.82e-04	9.99e-01	7.52e-20
 3.53725e+22	8.33e-04	9.99e-01	1.07e-19
 3.57255e+22	8.78e-04	9.99e-01	1.45e-19
 3.60932e+22	9.38e-04	9.99e-01	2.14e-19
 3.64665e+22	9.94e-04	9.99e-01	3.11e-19
 3.67861e+22	1.04e-03	9.99e-01	4.14e-19
 3.71405e+22	1.12e-03	9.99e-01	6.60e-19
 3.74688e+22	1.16e-03	9.99e-01	8.78e-19
 3.77630e+22	1.22e-03	9.99e-01	1.21e-18
 3.80657e+22	1.28e-03	9.99e-01	1.95e-18
 3.83358e+22	1.34e-03	9.99e-01	2.56e-18
 3.86430e+22	1.41e-03	9.99e-01	4.04e-18
 3.89528e+22	1.48e-03	9.99e-01	7.77e-18
 3.92248e+22	1.54e-03	9.98e-01	1.19e-17
 3.95371e+22	1.63e-03	9.98e-01	2.59e-17
 3.98514e+22	1.70e-03	9.98e-01	4.83e-17
 4.01683e+22	1.80e-03	9.98e-01	1.11e-16
 4.04901e+22	1.88e-03	9.98e-01	6.66e-16
 4.08182e+22	1.99e-03	9.98e-01	2.23e-15
 4.11500e+22	2.08e-03	9.98e-01	1.58e-14
 4.14865e+22	2.21e-03	9.98e-01	6.02e-14
 4.17884e+22	2.28e-03	9.98e-01	1.76e-13
 4.20455e+22	2.39e-03	9.98e-01	2.35e-13
 4.23797e+22	2.52e-03	9.97e-01	3.30e-13
 4.27291e+22	2.65e-03	9.97e-01	4.32e-13
 4.30982e+22	2.82e-03	9.97e-01	5.84e-13
 4.34710e+22	2.97e-03	9.97e-01	7.39e-13
 4.38486e+22	3.16e-03	9.97e-01	9.81e-13
 4.42336e+22	3.33e-03	9.97e-01	1.23e-12
 4.45274e+22	3.45e-03	9.97e-01	1.43e-12
 4.48085e+22	3.62e-03	9.96e-01	1.71e-12
 4.50964e+22	3.76e-03	9.96e-01	1.97e-12
 4.53934e+22	3.93e-03	9.96e-01	2.34e-12
 4.56961e+22	4.09e-03	9.96e-01	2.70e-12
 4.59647e+22	4.26e-03	9.96e-01	3.10e-12
 4.62725e+22	4.48e-03	9.96e-01	3.69e-12
 4.65813e+22	4.65e-03	9.95e-01	4.19e-12
 4.68914e+22	4.88e-03	9.95e-01	4.91e-12
 4.72111e+22	5.09e-03	9.95e-01	5.62e-12
 4.74484e+22	5.23e-03	9.95e-01	6.13e-12
 4.76129e+22	5.33e-03	9.95e-01	6.51e-12
 4.77778e+22	5.47e-03	9.95e-01	7.08e-12
 4.79921e+22	5.65e-03	9.94e-01	7.84e-12
 4.82327e+22	5.84e-03	9.94e-01	8.71e-12
 4.84675e+22	6.03e-03	9.94e-01	9.64e-12
 4.87329e+22	6.30e-03	9.94e-01	1.10e-11
 4.89863e+22	6.47e-03	9.94e-01	1.20e-11
 4.92241e+22	6.71e-03	9.93e-01	1.34e-11
 4.95333e+22	7.04e-03	9.93e-01	1.55e-11
 4.98619e+22	7.34e-03	9.93e-01	1.76e-11
 5.02157e+22	7.75e-03	9.92e-01	2.08e-11
 5.05860e+22	8.12e-03	9.92e-01	2.39e-11
 5.09777e+22	8.61e-03	9.91e-01	2.85e-11
 5.13785e+22	9.03e-03	9.91e-01	3.31e-11
 5.17914e+22	9.65e-03	9.90e-01	4.01e-11
 5.22025e+22	1.01e-02	9.90e-01	4.60e-11
 5.26114e+22	1.07e-02	9.89e-01	5.53e-11
 5.30339e+22	1.13e-02	9.89e-01	6.45e-11
 5.34741e+22	1.21e-02	9.88e-01	7.88e-11
 5.39204e+22	1.28e-02	9.87e-01	9.32e-11
 5.43745e+22	1.38e-02	9.86e-01	1.17e-10
 5.47755e+22	1.44e-02	9.86e-01	1.32e-10
 5.51076e+22	1.53e-02	9.85e-01	1.57e-10
 5.54505e+22	1.60e-02	9.84e-01	1.80e-10
 5.58074e+22	1.72e-02	9.83e-01	2.19e-10
 5.61652e+22	1.81e-02	9.82e-01	2.56e-10
 5.64751e+22	1.92e-02	9.81e-01	3.00e-10
 5.68289e+22	2.07e-02	9.79e-01	3.70e-10
 5.71875e+22	2.22e-02	9.78e-01	4.47e-10
 5.74998e+22	2.37e-02	9.76e-01	5.36e-10
 5.78529e+22	2.60e-02	9.74e-01	6.82e-10
 5.82176e+22	2.84e-02	9.72e-01	8.60e-10
 5.85400e+22	3.10e-02	9.69e-01	1.08e-09
 5.89016e+22	3.49e-02	9.65e-01	1.46e-09
 5.92819e+22	3.95e-02	9.61e-01	1.99e-09
 5.96062e+22	4.44e-02	9.56e-01	2.65e-09
 5.98806e+22	4.94e-02	9.51e-01	3.42e-09
 6.01707e+22	5.66e-02	9.43e-01	4.74e-09
 6.04721e+22	6.53e-02	9.35e-01	6.61e-09
 6.06540e+22	7.07e-02	9.29e-01	7.90e-09
 6.07239e+22	7.32e-02	9.27e-01	8.53e-09
 6.07813e+22	7.56e-02	9.24e-01	9.22e-09
 6.08516e+22	7.89e-02	9.21e-01	1.01e-08
 6.09278e+22	8.24e-02	9.18e-01	1.12e-08
 6.10015e+22	8.62e-02	9.14e-01	1.24e-08
 6.10715e+22	9.00e-02	9.10e-01	1.37e-08
 6.11389e+22	9.37e-02	9.06e-01	1.50e-08
 6.12074e+22	9.80e-02	9.02e-01	1.66e-08
 6.12756e+22	1.02e-01	8.98e-01	1.83e-08
 6.13424e+22	1.07e-01	8.93e-01	2.02e-08
 6.14082e+22	1.12e-01	8.88e-01	2.23e-08
 6.14718e+22	1.17e-01	8.83e-01	2.48e-08
 6.15327e+22	1.22e-01	8.78e-01	2.71e-08
 6.15939e+22	1.27e-01	8.73e-01	3.00e-08
 6.16558e+22	1.33e-01	8.67e-01	3.29e-08
 6.17167e+22	1.39e-01	8.61e-01	3.65e-08
 6.17772e+22	1.46e-01	8.54e-01	4.05e-08
 6.18345e+22	1.52e-01	8.48e-01	4.46e-08
 6.18904e+22	1.59e-01	8.41e-01	4.91e-08
 6.19468e+22	1.66e-01	8.34e-01	5.41e-08
 6.20033e+22	1.73e-01	8.27e-01	5.98e-08
 6.20592e+22	1.81e-01	8.19e-01	6.60e-08
 6.21145e+22	1.89e-01	8.11e-01	7.28e-08
 6.21691e+22	1.97e-01	8.03e-01	8.03e-08
 6.22234e+22	2.06e-01	7.94e-01	8.82e-08
 6.22787e+22	2.15e-01	7.85e-01	9.74e-08
 6.23346e+22	2.25e-01	7.75e-01	1.08e-07
 6.23891e+22	2.35e-01	7.65e-01	1.21e-07
 6.24397e+22	2.44e-01	7.56e-01	1.31e-07
 6.24917e+22	2.55e-01	7.45e-01	1.45e-07
 6.25465e+22	2.66e-01	7.34e-01	1.60e-07
 6.25997e+22	2.77e-01	7.23e-01	1.78e-07
 6.26515e+22	2.88e-01	7.12e-01	1.95e-07
 6.27033e+22	3.00e-01	7.00e-01	2.15e-07
 6.27570e+22	3.13e-01	6.87e-01	2.39e-07
 6.28090e+22	3.25e-01	6.75e-01	2.61e-07
 6.28614e+22	3.38e-01	6.62e-01	2.91e-07
 6.29139e+22	3.51e-01	6.49e-01	3.17e-07
 6.29670e+22	3.64e-01	6.36e-01	3.51e-07
 6.30217e+22	3.79e-01	6.21e-01	3.89e-07
 6.30743e+22	3.92e-01	6.08e-01	4.27e-07
 6.31271e+22	4.06e-01	5.94e-01	4.67e-07
 6.31833e+22	4.21e-01	5.79e-01	5.17e-07
 6.32407e+22	4.37e-01	5.63e-01	5.72e-07
 6.32958e+22	4.52e-01	5.48e-01	6.28e-07
 6.33513e+22	4.66e-01	5.34e-01	6.88e-07
 6.34097e+22	4.82e-01	5.18e-01	7.56e-07
 6.34701e+22	4.97e-01	5.03e-01	8.31e-07
 6.35319e+22	5.14e-01	4.86e-01	9.18e-07
 6.35937e+22	5.29e-01	4.71e-01	1.01e-06
 6.36494e+22	5.43e-01	4.57e-01	1.09e-06
 6.36989e+22	5.55e-01	4.45e-01	1.17e-06
 6.37484e+22	5.66e-01	4.34e-01	1.25e-06
 6.38016e+22	5.79e-01	4.21e-01	1.35e-06
 6.38575e+22	5.92e-01	4.08e-01	1.45e-06
 6.39126e+22	6.04e-01	3.96e-01	1.56e-06
 6.39674e+22	6.15e-01	3.85e-01	1.67e-06
 6.40240e+22	6.27e-01	3.73e-01	1.79e-06
 6.40828e+22	6.39e-01	3.61e-01	1.92e-06
 6.41423e+22	6.51e-01	3.49e-01	2.06e-06
 6.42018e+22	6.62e-01	3.38e-01	2.21e-06
 6.42627e+22	6.73e-01	3.27e-01	2.36e-06
 6.43255e+22	6.84e-01	3.16e-01	2.53e-06
 6.43896e+22	6.95e-01	3.05e-01	2.70e-06
 6.44546e+22	7.05e-01	2.95e-01	2.89e-06
 6.45207e+22	7.16e-01	2.84e-01	3.09e-06
 6.45883e+22	7.26e-01	2.74e-01	3.30e-06
 6.46576e+22	7.36e-01	2.64e-01	3.53e-06
 6.47285e+22	7.45e-01	2.55e-01	3.76e-06
 6.48008e+22	7.55e-01	2.45e-01	4.02e-06
 6.48746e+22	7.64e-01	2.36e-01	4.29e-06
 6.49502e+22	7.73e-01	2.27e-01	4.57e-06
 6.50279e+22	7.81e-01	2.19e-01	4.88e-06
 6.51076e+22	7.90e-01	2.10e-01	5.20e-06
 6.51894e+22	7.98e-01	2.02e-01	5.55e-06
 6.52736e+22	8.06e-01	1.94e-01	5.92e-06
 6.53604e+22	8.13e-01	1.87e-01	6.31e-06
 6.54494e+22	8.21e-01	1.79e-01	6.73e-06
 6.55396e+22	8.28e-01	1.72e-01	7.17e-06
 6.56315e+22	8.34e-01	1.66e-01	7.61e-06
 6.57251e+22	8.40e-01	1.60e-01	8.08e-06
 6.58208e+22	8.46e-01	1.54e-01	8.62e-06
 6.59205e+22	8.52e-01	1.48e-01	9.19e-06
 6.60244e+22	8.58e-01	1.42e-01	9.81e-06
 6.61284e+22	8.63e-01	1.37e-01	1.04e-05
 6.62325e+22	8.67e-01	1.33e-01	1.10e-05
 6.63422e+22	8.72e-01	1.28e-01	1.18e-05
 6.64581e+22	8.77e-01	1.23e-01	1.25e-05
 6.65765e+22	8.81e-01	1.19e-01	1.34e-05
 6.66970e+22	8.85e-01	1.15e-01	1.42e-05
 6.68220e+22	8.89e-01	1.11e-01	1.51e-05
 6.69496e+22	8.93e-01	1.07e-01	1.61e-05
 6.70751e+22	8.97e-01	1.03e-01	1.71e-05
 6.71939e+22	9.00e-01	1.00e-01	1.80e-05
 6.73065e+22	9.03e-01	9.73e-02	1.89e-05
 6.74159e+22	9.05e-01	9.47e-02	1.98e-05
 6.75221e+22	9.08e-01	9.21e-02	2.07e-05
 6.76248e+22	9.10e-01	8.97e-02	2.15e-05
 6.77230e+22	9.12e-01	8.75e-02	2.23e-05
 6.78159e+22	9.14e-01	8.55e-02	2.31e-05
 6.79047e+22	9.16e-01	8.35e-02	2.38e-05
 6.79880e+22	9.18e-01	8.17e-02	2.44e-05
 6.80687e+22	9.20e-01	8.00e-02	2.51e-05
 6.81491e+22	9.22e-01	7.82e-02	2.57e-05
 6.82268e+22	9.23e-01	7.66e-02	2.63e-05
 6.83015e+22	9.25e-01	7.50e-02	2.69e-05
 6.83734e+22	9.26e-01	7.36e-02	2.73e-05
 6.84427e+22	9.28e-01	7.21e-02	2.77e-05
 6.85098e+22	9.29e-01	7.08e-02	2.79e-05
 6.85745e+22	9.31e-01	6.94e-02	2.82e-05
 6.86370e+22	9.32e-01	6.82e-02	2.84e-05
 6.86972e+22	9.33e-01	6.69e-02	2.86e-05
 6.87553e+22	9.34e-01	6.57e-02	2.87e-05
 6.88114e+22	9.35e-01	6.46e-02	2.90e-05
 6.88656e+22	9.36e-01	6.35e-02	2.90e-05
 6.89164e+22	9.38e-01	6.24e-02	2.91e-05
 6.89626e+22	9.38e-01	6.15e-02	2.91e-05
 6.90047e+22	9.39e-01	6.07e-02	2.92e-05
 6.90429e+22	9.40e-01	6.00e-02	2.92e-05
 6.90778e+22	9.41e-01	5.93e-02	2.92e-05
 6.91095e+22	9.41e-01	5.87e-02	2.92e-05
 6.91383e+22	9.42e-01	5.82e-02	2.92e-05
 6.91699e+22	9.42e-01	5.75e-02	2.91e-05
 6.92041e+22	9.43e-01	5.67e-02	2.92e-05
 6.92351e+22	9.44e-01	5.61e-02	2.92e-05
 6.92634e+22	9.44e-01	5.56e-02	2.91e-05
 6.92891e+22	9.45e-01	5.52e-02	2.90e-05
 6.93173e+22	9.45e-01	5.45e-02	2.91e-05
 6.93539e+22	9.46e-01	5.36e-02	2.91e-05
 6.93935e+22	9.47e-01	5.27e-02	2.91e-05
 6.94294e+22	9.48e-01	5.20e-02	2.91e-05
 6.94622e+22	9.48e-01	5.15e-02	2.91e-05
 6.94920e+22	9.49e-01	5.11e-02	2.91e-05
 6.95247e+22	9.50e-01	5.04e-02	2.93e-05
 6.95671e+22	9.50e-01	4.96e-02	2.93e-05
 6.96129e+22	9.51e-01	4.87e-02	2.94e-05
 6.96547e+22	9.52e-01	4.80e-02	2.95e-05
 6.96926e+22	9.53e-01	4.74e-02	2.96e-05
 6.97272e+22	9.53e-01	4.69e-02	2.97e-05
 6.97586e+22	9.53e-01	4.65e-02	2.97e-05
 6.97930e+22	9.54e-01	4.59e-02	2.97e-05
 6.98302e+22	9.55e-01	4.53e-02	2.98e-05
 6.98640e+22	9.55e-01	4.48e-02	2.99e-05
 6.99011e+22	9.56e-01	4.42e-02	2.99e-05
 6.99412e+22	9.57e-01	4.34e-02	3.00e-05
 6.99776e+22	9.57e-01	4.29e-02	3.01e-05
 7.00107e+22	9.57e-01	4.24e-02	3.02e-05
 7.00409e+22	9.58e-01	4.20e-02	3.03e-05
 7.00683e+22	9.58e-01	4.16e-02	3.02e-05
 7.00933e+22	9.59e-01	4.14e-02	3.03e-05
 7.01207e+22	9.59e-01	4.09e-02	3.04e-05
 7.01563e+22	9.60e-01	4.03e-02	3.05e-05
 7.01947e+22	9.60e-01	3.97e-02	3.06e-05
 7.02297e+22	9.61e-01	3.91e-02	3.06e-05
 7.02615e+22	9.61e-01	3.87e-02	3.05e-05
 7.02904e+22	9.62e-01	3.84e-02	3.05e-05
 7.03221e+22	9.62e-01	3.79e-02	3.06e-05
 7.03564e+22	9.63e-01	3.74e-02	3.05e-05
 7.03875e+22	9.63e-01	3.71e-02	3.06e-05
 7.04217e+22	9.63e-01	3.66e-02	3.05e-05
 7.04586e+22	9.64e-01	3.61e-02	3.05e-05
 7.04921e+22	9.64e-01	3.57e-02	3.07e-05
 7.05289e+22	9.65e-01	3.53e-02	3.07e-05
 7.05686e+22	9.65e-01	3.48e-02	3.08e-05
 7.06047e+22	9.66e-01	3.44e-02	3.08e-05
 7.06376e+22	9.66e-01	3.41e-02	3.10e-05
 7.06736e+22	9.66e-01	3.37e-02	3.11e-05
 7.07124e+22	9.67e-01	3.32e-02	3.13e-05
 7.07478e+22	9.67e-01	3.29e-02	3.13e-05
 7.07800e+22	9.67e-01	3.27e-02	3.15e-05
 7.08153e+22	9.68e-01	3.23e-02	3.17e-05
 7.08534e+22	9.68e-01	3.18e-02	3.18e-05
 7.08881e+22	9.68e-01	3.16e-02	3.20e-05
 7.09260e+22	9.69e-01	3.12e-02	3.21e-05
 7.09670e+22	9.69e-01	3.07e-02	3.24e-05
 7.10044e+22	9.70e-01	3.03e-02	3.25e-05
 7.10383e+22	9.70e-01	3.01e-02	3.28e-05
 7.10755e+22	9.70e-01	2.98e-02	3.29e-05
 7.11157e+22	9.71e-01	2.94e-02	3.31e-05
 7.11523e+22	9.71e-01	2.91e-02	3.35e-05
 7.11923e+22	9.71e-01	2.87e-02	3.36e-05
 7.12356e+22	9.72e-01	2.83e-02	3.40e-05
 7.12749e+22	9.72e-01	2.80e-02	3.43e-05
 7.13180e+22	9.72e-01	2.77e-02	3.45e-05
 7.13646e+22	9.73e-01	2.72e-02	3.49e-05
 7.14069e+22	9.73e-01	2.70e-02	3.53e-05
 7.14534e+22	9.73e-01	2.66e-02	3.56e-05
 7.15035e+22	9.74e-01	2.61e-02	3.60e-05
 7.15491e+22	9.74e-01	2.58e-02	3.66e-05
 7.15991e+22	9.74e-01	2.55e-02	3.70e-05
 7.16530e+22	9.75e-01	2.51e-02	3.76e-05
 7.17021e+22	9.75e-01	2.47e-02	3.81e-05
 7.17468e+22	9.75e-01	2.45e-02	3.86e-05
 7.17957e+22	9.76e-01	2.41e-02	3.91e-05
 7.18486e+22	9.76e-01	2.38e-02	3.98e-05
 7.18967e+22	9.76e-01	2.35e-02	4.04e-05
 7.19494e+22	9.77e-01	2.31e-02	4.10e-05
 7.20063e+22	9.77e-01	2.27e-02	4.18e-05
 7.20581e+22	9.77e-01	2.25e-02	4.26e-05
 7.21148e+22	9.78e-01	2.21e-02	4.33e-05
 7.21761e+22	9.78e-01	2.17e-02	4.43e-05
 7.22318e+22	9.78e-01	2.14e-02	4.52e-05
 7.22825e+22	9.79e-01	2.12e-02	4.60e-05
 7.23381e+22	9.79e-01	2.09e-02	4.68e-05
 7.23981e+22	9.79e-01	2.05e-02	4.79e-05
 7.24527e+22	9.80e-01	2.03e-02	4.90e-05
 7.25126e+22	9.80e-01	2.00e-02	4.99e-05
 7.25772e+22	9.80e-01	1.96e-02	5.12e-05
 7.26359e+22	9.81e-01	1.94e-02	5.25e-05
 7.27004e+22	9.81e-01	1.91e-02	5.36e-05
 7.27699e+22	9.81e-01	1.87e-02	5.51e-05
 7.28332e+22	9.81e-01	1.85e-02	5.66e-05
 7.29025e+22	9.82e-01	1.81e-02	5.80e-05
 7.29774e+22	9.82e-01	1.78e-02	5.98e-05
 7.30455e+22	9.82e-01	1.75e-02	6.15e-05
 7.31075e+22	9.83e-01	1.73e-02	6.31e-05
 7.31754e+22	9.83e-01	1.70e-02	6.46e-05
 7.32488e+22	9.83e-01	1.67e-02	6.66e-05
 7.33155e+22	9.83e-01	1.65e-02	6.85e-05
 7.33886e+22	9.84e-01	1.62e-02	7.02e-05
 7.34676e+22	9.84e-01	1.59e-02	7.24e-05
 7.35394e+22	9.84e-01	1.57e-02	7.46e-05
 7.36182e+22	9.84e-01	1.54e-02	7.66e-05
 7.37032e+22	9.85e-01	1.51e-02	7.92e-05
 7.37805e+22	9.85e-01	1.48e-02	8.15e-05
 7.38509e+22	9.85e-01	1.46e-02	8.37e-05
 7.39280e+22	9.85e-01	1.44e-02	8.57e-05
 7.40113e+22	9.86e-01	1.41e-02	8.84e-05
 7.40871e+22	9.86e-01	1.39e-02	9.07e-05
 7.41701e+22	9.86e-01	1.36e-02	9.29e-05
 7.42597e+22	9.86e-01	1.34e-02	9.58e-05
 7.43413e+22	9.87e-01	1.31e-02	9.84e-05
 7.44307e+22	9.87e-01	1.29e-02	1.01e-04
 7.45272e+22	9.87e-01	1.26e-02	1.04e-04
 7.46150e+22	9.87e-01	1.24e-02	1.06e-04
 7.46949e+22	9.88e-01	1.22e-02	1.09e-04
 7.47825e+22	9.88e-01	1.20e-02	1.11e-04
 7.48770e+22	9.88e-01	1.17e-02	1.14e-04
 7.49630e+22	9.88e-01	1.15e-02	1.16e-04
 7.50573e+22	9.88e-01	1.13e-02	1.19e-04
 7.51798e+22	9.89e-01	1.10e-02	1.23e-04
 7.53154e+22	9.89e-01	1.07e-02	1.28e-04
 7.54500e+22	9.89e-01	1.04e-02	1.32e-04
 7.55884e+22	9.90e-01	1.01e-02	1.36e-04
 7.57292e+22	9.90e-01	9.84e-03	1.40e-04
 7.58717e+22	9.90e-01	9.57e-03	1.44e-04
 7.60156e+22	9.90e-01	9.30e-03	1.48e-04
 7.61609e+22	9.91e-01	9.03e-03	1.52e-04
 7.63077e+22	9.91e-01	8.77e-03	1.56e-04
 7.64560e+22	9.91e-01	8.52e-03	1.60e-04
 7.66056e+22	9.91e-01	8.27e-03	1.64e-04
 7.67565e+22	9.92e-01	8.03e-03	1.69e-04
 7.69087e+22	9.92e-01	7.80e-03	1.73e-04
 7.70621e+22	9.92e-01	7.57e-03	1.77e-04
 7.72168e+22	9.92e-01	7.34e-03	1.82e-04
 7.73724e+22	9.93e-01	7.13e-03	1.86e-04
 7.75290e+22	9.93e-01	6.91e-03	1.90e-04
 7.76866e+22	9.93e-01	6.71e-03	1.95e-04
 7.78454e+22	9.93e-01	6.50e-03	2.00e-04
 7.80056e+22	9.93e-01	6.31e-03	2.04e-04
 7.81666e+22	9.93e-01	6.12e-03	2.09e-04
 7.83288e+22	9.94e-01	5.93e-03	2.14e-04
 7.84921e+22	9.94e-01	5.75e-03	2.19e-04
 7.86564e+22	9.94e-01	5.57e-03	2.24e-04
 7.88242e+22	9.94e-01	5.40e-03	2.29e-04
 7.89952e+22	9.94e-01	5.22e-03	2.35e-04
 7.91678e+22	9.94e-01	5.06e-03	2.40e-04
 7.93423e+22	9.95e-01	4.89e-03	2.46e-04
 7.95184e+22	9.95e-01	4.74e-03	2.53e-04
 7.96963e+22	9.95e-01	4.58e-03	2.59e-04
 7.98758e+22	9.95e-01	4.43e-03	2.66e-04
 8.00575e+22	9.95e-01	4.28e-03	2.72e-04
 8.02419e+22	9.95e-01	4.14e-03	2.79e-04
 8.04289e+22	9.95e-01	4.00e-03	2.86e-04
 8.06206e+22	9.96e-01	3.86e-03	2.93e-04
 8.08167e+22	9.96e-01	3.73e-03	3.00e-04
 8.10155e+22	9.96e-01	3.59e-03	3.07e-04
 8.12176e+22	9.96e-01	3.46e-03	3.15e-04
 8.14228e+22	9.96e-01	3.34e-03	3.22e-04
 8.16314e+22	9.96e-01	3.21e-03	3.29e-04
 8.18436e+22	9.96e-01	3.09e-03	3.37e-04
 8.20598e+22	9.96e-01	2.98e-03	3.44e-04
 8.22810e+22	9.96e-01	2.86e-03	3.51e-04
 8.25071e+22	9.97e-01	2.75e-03	3.59e-04
 8.27376e+22	9.97e-01	2.64e-03	3.66e-04
 8.29729e+22	9.97e-01	2.53e-03	3.73e-04
 8.32132e+22	9.97e-01	2.43e-03	3.80e-04
 8.34566e+22	9.97e-01	2.32e-03	3.87e-04
 8.37023e+22	9.97e-01	2.23e-03	3.93e-04
 8.39504e+22	9.97e-01	2.13e-03	3.99e-04
 8.41996e+22	9.97e-01	2.04e-03	4.05e-04
 8.44503e+22	9.97e-01	1.95e-03	4.11e-04
 8.47035e+22	9.97e-01	1.87e-03	4.16e-04
 8.49583e+22	9.97e-01	1.79e-03	4.21e-04
 8.52147e+22	9.97e-01	1.71e-03	4.25e-04
 8.54727e+22	9.98e-01	1.64e-03	4.29e-04
 8.57324e+22	9.98e-01	1.57e-03	4.33e-04
 8.59932e+22	9.98e-01	1.50e-03	4.36e-04
 8.62546e+22	9.98e-01	1.43e-03	4.38e-04
 8.65184e+22	9.98e-01	1.37e-03	4.40e-04
 8.67847e+22	9.98e-01	1.30e-03	4.42e-04
 8.70524e+22	9.98e-01	1.24e-03	4.43e-04
 8.73214e+22	9.98e-01	1.19e-03	4.44e-04
 8.75918e+22	9.98e-01	1.13e-03	4.44e-04
 8.78634e+22	9.98e-01	1.08e-03	4.43e-04
 8.81363e+22	9.98e-01	1.03e-03	4.43e-04
 8.84104e+22	9.98e-01	9.80e-04	4.42e-04
 8.86856e+22	9.98e-01	9.34e-04	4.41e-04
 8.89618e+22	9.98e-01	8.89e-04	4.39e-04
 8.92388e+22	9.98e-01	8.46e-04	4.37e-04
 8.95164e+22	9.98e-01	8.04e-04	4.35e-04
 8.97945e+22	9.98e-01	7.65e-04	4.32e-04
 9.00729e+22	9.98e-01	7.26e-04	4.29e-04
 9.03546e+22	9.98e-01	6.87e-04	4.26e-04
 9.06267e+22	9.98e-01	6.55e-04	4.23e-04
 9.08935e+22	9.99e-01	6.23e-04	4.20e-04
 9.11696e+22	9.99e-01	5.91e-04	4.16e-04
 9.14466e+22	9.99e-01	5.61e-04	4.12e-04
 9.17204e+22	9.99e-01	5.33e-04	4.08e-04
 9.19902e+22	9.99e-01	5.06e-04	4.05e-04
 9.22559e+22	9.99e-01	4.81e-04	4.01e-04
 9.24789e+22	9.99e-01	4.64e-04	3.99e-04
