#depth	He	He+	He+2
 1.54284e+22	2.24e-14	1.72e-07	1.00e+00
 3.47072e+22	4.99e-14	2.57e-07	1.00e+00
 4.08993e+22	8.02e-14	3.25e-07	1.00e+00
 4.51140e+22	1.17e-13	3.92e-07	1.00e+00
 4.74556e+22	1.28e-13	4.11e-07	1.00e+00
 4.83147e+22	1.39e-13	4.28e-07	1.00e+00
 4.92135e+22	1.01e-13	4.49e-07	1.00e+00
 5.01137e+22	1.10e-13	4.68e-07	1.00e+00
 5.08918e+22	1.19e-13	4.86e-07	1.00e+00
 5.17795e+22	1.30e-13	5.09e-07	1.00e+00
 5.27146e+22	1.43e-13	5.32e-07	1.00e+00
 5.35256e+22	1.55e-13	5.53e-07	1.00e+00
 5.42327e+22	1.66e-13	5.72e-07	1.00e+00
 5.49905e+22	1.80e-13	5.95e-07	1.00e+00
 5.58094e+22	1.95e-13	6.18e-07	1.00e+00
 5.65542e+22	2.10e-13	6.41e-07	1.00e+00
 5.73693e+22	2.29e-13	6.68e-07	1.00e+00
 5.81989e+22	2.48e-13	6.95e-07	1.00e+00
 5.88928e+22	2.66e-13	7.18e-07	1.00e+00
 5.96405e+22	2.89e-13	7.46e-07	1.00e+00
 6.04468e+22	3.13e-13	7.76e-07	1.00e+00
 6.11821e+22	3.37e-13	8.03e-07	1.00e+00
 6.18465e+22	3.60e-13	8.29e-07	1.00e+00
 6.24709e+22	3.83e-13	8.54e-07	1.00e+00
 6.31879e+22	4.12e-13	8.85e-07	1.00e+00
 6.39557e+22	4.46e-13	9.18e-07	1.00e+00
 6.46389e+22	4.77e-13	9.48e-07	1.00e+00
 6.53763e+22	5.17e-13	9.84e-07	1.00e+00
 6.61282e+22	5.57e-13	1.02e-06	1.00e+00
 6.67631e+22	5.94e-13	1.05e-06	1.00e+00
 6.74528e+22	6.39e-13	1.09e-06	1.00e+00
 6.81965e+22	6.90e-13	1.13e-06	1.00e+00
 6.88717e+22	7.37e-13	1.16e-06	1.00e+00
 6.94956e+22	7.86e-13	1.20e-06	1.00e+00
 7.00990e+22	8.36e-13	1.23e-06	1.00e+00
 7.07908e+22	8.99e-13	1.28e-06	1.00e+00
 7.15263e+22	9.68e-13	1.32e-06	1.00e+00
 7.21823e+22	1.04e-12	1.36e-06	1.00e+00
 7.28987e+22	1.12e-12	1.41e-06	1.00e+00
 7.36349e+22	1.21e-12	1.46e-06	1.00e+00
 7.42499e+22	1.29e-12	1.50e-06	1.00e+00
 7.49024e+22	1.38e-12	1.56e-06	1.00e+00
 7.56059e+22	1.49e-12	1.61e-06	1.00e+00
 7.62513e+22	1.59e-12	1.66e-06	1.00e+00
 7.69660e+22	1.72e-12	1.72e-06	1.00e+00
 7.77185e+22	1.86e-12	1.78e-06	1.00e+00
 7.83448e+22	1.98e-12	1.83e-06	1.00e+00
 7.89836e+22	2.14e-12	1.90e-06	1.00e+00
 7.96659e+22	2.29e-12	1.96e-06	1.00e+00
 8.02995e+22	2.43e-12	2.02e-06	1.00e+00
 8.10182e+22	2.66e-12	2.10e-06	1.00e+00
 8.17181e+22	2.85e-12	2.17e-06	1.00e+00
 8.22918e+22	3.03e-12	2.23e-06	1.00e+00
 8.29359e+22	3.27e-12	2.31e-06	1.00e+00
 8.36103e+22	3.52e-12	2.39e-06	1.00e+00
 8.42182e+22	3.77e-12	2.46e-06	1.00e+00
 8.49028e+22	4.12e-12	2.56e-06	1.00e+00
 8.55994e+22	4.44e-12	2.65e-06	1.00e+00
 8.61877e+22	4.76e-12	2.73e-06	1.00e+00
 8.67405e+22	5.08e-12	2.81e-06	1.00e+00
 8.73713e+22	5.50e-12	2.92e-06	1.00e+00
 8.80323e+22	5.95e-12	3.02e-06	1.00e+00
 8.86147e+22	6.39e-12	3.12e-06	1.00e+00
 8.92539e+22	6.96e-12	3.24e-06	1.00e+00
 8.98958e+22	7.52e-12	3.35e-06	1.00e+00
 9.04283e+22	8.03e-12	3.45e-06	1.00e+00
 9.10076e+22	8.71e-12	3.58e-06	1.00e+00
 9.16193e+22	9.40e-12	3.70e-06	1.00e+00
 9.21733e+22	1.01e-11	3.82e-06	1.00e+00
 9.27939e+22	1.11e-11	3.99e-06	1.00e+00
 9.33973e+22	1.19e-11	4.11e-06	1.00e+00
 9.39782e+22	1.29e-11	4.27e-06	1.00e+00
 9.45767e+22	1.40e-11	4.42e-06	1.00e+00
 9.50959e+22	1.50e-11	4.57e-06	1.00e+00
 9.56690e+22	1.64e-11	4.75e-06	1.00e+00
 9.62598e+22	1.76e-11	4.91e-06	1.00e+00
 9.67788e+22	1.89e-11	5.08e-06	1.00e+00
 9.72770e+22	2.03e-11	5.24e-06	1.00e+00
 9.78428e+22	2.21e-11	5.45e-06	1.00e+00
 9.84227e+22	2.38e-11	5.65e-06	1.00e+00
 9.89247e+22	2.56e-11	5.83e-06	1.00e+00
 9.94813e+22	2.80e-11	6.08e-06	1.00e+00
 1.00051e+23	3.02e-11	6.29e-06	1.00e+00
 1.00559e+23	3.25e-11	6.51e-06	1.00e+00
 1.01062e+23	3.50e-11	6.74e-06	1.00e+00
 1.01638e+23	3.83e-11	7.02e-06	1.00e+00
 1.02229e+23	4.15e-11	7.30e-06	1.00e+00
 1.02741e+23	4.46e-11	7.55e-06	1.00e+00
 1.03310e+23	4.92e-11	7.90e-06	1.00e+00
 1.03860e+23	5.27e-11	8.16e-06	1.00e+00
 1.04387e+23	5.78e-11	8.53e-06	1.00e+00
 1.04915e+23	6.19e-11	8.81e-06	1.00e+00
 1.05353e+23	6.63e-11	9.10e-06	1.00e+00
 1.05760e+23	7.05e-11	9.37e-06	1.00e+00
 1.06135e+23	7.49e-11	9.65e-06	1.00e+00
 1.06479e+23	7.86e-11	9.88e-06	1.00e+00
 1.06865e+23	8.42e-11	1.02e-05	1.00e+00
 1.07246e+23	8.91e-11	1.05e-05	1.00e+00
 1.07563e+23	9.39e-11	1.08e-05	1.00e+00
 1.07915e+23	1.00e-10	1.11e-05	1.00e+00
 1.08278e+23	1.06e-10	1.14e-05	1.00e+00
 1.08592e+23	1.11e-10	1.17e-05	1.00e+00
 1.08887e+23	1.17e-10	1.20e-05	1.00e+00
 1.09220e+23	1.25e-10	1.24e-05	1.00e+00
 1.09562e+23	1.31e-10	1.27e-05	1.00e+00
 1.09869e+23	1.39e-10	1.31e-05	1.00e+00
 1.10168e+23	1.46e-10	1.34e-05	1.00e+00
 1.10447e+23	1.54e-10	1.37e-05	1.00e+00
 1.10713e+23	1.61e-10	1.41e-05	1.00e+00
 1.11017e+23	1.72e-10	1.45e-05	1.00e+00
 1.11325e+23	1.81e-10	1.49e-05	1.00e+00
 1.11588e+23	1.90e-10	1.53e-05	1.00e+00
 1.11880e+23	2.03e-10	1.58e-05	1.00e+00
 1.12180e+23	2.14e-10	1.63e-05	1.00e+00
 1.12446e+23	2.26e-10	1.67e-05	1.00e+00
 1.12745e+23	2.42e-10	1.74e-05	1.00e+00
 1.13048e+23	2.56e-10	1.79e-05	1.00e+00
 1.13306e+23	2.69e-10	1.84e-05	1.00e+00
 1.13592e+23	2.90e-10	1.91e-05	1.00e+00
 1.13873e+23	3.05e-10	1.96e-05	1.00e+00
 1.14145e+23	3.27e-10	2.04e-05	1.00e+00
 1.14413e+23	3.44e-10	2.09e-05	1.00e+00
 1.14674e+23	3.68e-10	2.18e-05	1.00e+00
 1.14939e+23	3.89e-10	2.24e-05	1.00e+00
 1.15210e+23	4.20e-10	2.34e-05	1.00e+00
 1.15479e+23	4.43e-10	2.41e-05	1.00e+00
 1.15747e+23	4.77e-10	2.52e-05	1.00e+00
 1.16020e+23	5.06e-10	2.60e-05	1.00e+00
 1.16259e+23	5.36e-10	2.69e-05	1.00e+00
 1.16530e+23	5.78e-10	2.81e-05	1.00e+00
 1.16801e+23	6.13e-10	2.91e-05	1.00e+00
 1.17073e+23	6.62e-10	3.05e-05	1.00e+00
 1.17349e+23	7.04e-10	3.16e-05	1.00e+00
 1.17631e+23	7.62e-10	3.32e-05	1.00e+00
 1.17914e+23	8.10e-10	3.44e-05	1.00e+00
 1.18198e+23	8.77e-10	3.62e-05	1.00e+00
 1.18475e+23	9.27e-10	3.75e-05	1.00e+00
 1.18743e+23	9.97e-10	3.92e-05	1.00e+00
 1.19017e+23	1.06e-09	4.07e-05	1.00e+00
 1.19297e+23	1.14e-09	4.27e-05	1.00e+00
 1.19582e+23	1.20e-09	4.43e-05	1.00e+00
 1.19873e+23	1.29e-09	4.65e-05	1.00e+00
 1.20168e+23	1.37e-09	4.82e-05	1.00e+00
 1.20470e+23	1.47e-09	5.06e-05	1.00e+00
 1.20779e+23	1.55e-09	5.25e-05	1.00e+00
 1.21098e+23	1.67e-09	5.52e-05	1.00e+00
 1.21417e+23	1.76e-09	5.72e-05	1.00e+00
 1.21736e+23	1.88e-09	6.00e-05	1.00e+00
 1.22062e+23	1.98e-09	6.22e-05	1.00e+00
 1.22397e+23	2.11e-09	6.51e-05	1.00e+00
 1.22725e+23	2.21e-09	6.74e-05	1.00e+00
 1.23043e+23	2.35e-09	7.04e-05	1.00e+00
 1.23366e+23	2.46e-09	7.27e-05	1.00e+00
 1.23696e+23	2.60e-09	7.59e-05	1.00e+00
 1.24034e+23	2.73e-09	7.85e-05	1.00e+00
 1.24384e+23	2.89e-09	8.20e-05	1.00e+00
 1.24727e+23	3.02e-09	8.47e-05	1.00e+00
 1.25062e+23	3.19e-09	8.84e-05	1.00e+00
 1.25400e+23	3.31e-09	9.10e-05	1.00e+00
 1.25742e+23	3.49e-09	9.49e-05	1.00e+00
 1.26091e+23	3.64e-09	9.78e-05	1.00e+00
 1.26449e+23	3.84e-09	1.02e-04	1.00e+00
 1.26814e+23	3.99e-09	1.05e-04	1.00e+00
 1.27187e+23	4.21e-09	1.10e-04	1.00e+00
 1.27567e+23	4.31e-09	1.13e-04	1.00e+00
 1.27957e+23	4.54e-09	1.18e-04	1.00e+00
 1.28337e+23	4.71e-09	1.21e-04	1.00e+00
 1.28706e+23	4.94e-09	1.26e-04	1.00e+00
 1.29081e+23	5.13e-09	1.30e-04	1.00e+00
 1.29464e+23	5.38e-09	1.35e-04	1.00e+00
 1.29859e+23	5.60e-09	1.39e-04	1.00e+00
 1.30269e+23	5.88e-09	1.45e-04	1.00e+00
 1.30693e+23	6.13e-09	1.50e-04	1.00e+00
 1.31135e+23	6.45e-09	1.56e-04	1.00e+00
 1.31589e+23	6.73e-09	1.61e-04	1.00e+00
 1.32059e+23	7.10e-09	1.68e-04	1.00e+00
 1.32545e+23	7.43e-09	1.74e-04	1.00e+00
 1.33051e+23	7.85e-09	1.82e-04	1.00e+00
 1.33570e+23	8.23e-09	1.89e-04	1.00e+00
 1.34035e+23	8.61e-09	1.96e-04	1.00e+00
 1.34568e+23	9.12e-09	2.05e-04	1.00e+00
 1.35105e+23	9.55e-09	2.12e-04	1.00e+00
 1.35648e+23	1.01e-08	2.23e-04	1.00e+00
 1.36201e+23	1.06e-08	2.31e-04	1.00e+00
 1.36770e+23	1.12e-08	2.43e-04	1.00e+00
 1.37348e+23	1.18e-08	2.53e-04	1.00e+00
 1.37937e+23	1.25e-08	2.67e-04	1.00e+00
 1.38493e+23	1.30e-08	2.76e-04	1.00e+00
 1.39008e+23	1.36e-08	2.89e-04	1.00e+00
 1.39528e+23	1.42e-08	2.99e-04	1.00e+00
 1.40052e+23	1.48e-08	3.15e-04	1.00e+00
 1.40582e+23	1.54e-08	3.27e-04	1.00e+00
 1.41117e+23	1.61e-08	3.44e-04	1.00e+00
 1.41660e+23	1.67e-08	3.57e-04	1.00e+00
 1.42213e+23	1.74e-08	3.77e-04	1.00e+00
 1.42774e+23	1.80e-08	3.93e-04	1.00e+00
 1.43345e+23	1.87e-08	4.16e-04	1.00e+00
 1.43929e+23	1.93e-08	4.35e-04	1.00e+00
 1.44529e+23	1.99e-08	4.62e-04	1.00e+00
 1.45137e+23	2.04e-08	4.85e-04	1.00e+00
 1.45740e+23	2.10e-08	5.15e-04	9.99e-01
 1.46315e+23	2.14e-08	5.37e-04	9.99e-01
 1.46872e+23	2.17e-08	5.69e-04	9.99e-01
 1.47440e+23	2.20e-08	5.96e-04	9.99e-01
 1.47995e+23	2.22e-08	6.31e-04	9.99e-01
 1.48562e+23	2.24e-08	6.62e-04	9.99e-01
 1.49114e+23	2.25e-08	6.99e-04	9.99e-01
 1.49678e+23	2.26e-08	7.35e-04	9.99e-01
 1.50237e+23	2.27e-08	7.75e-04	9.99e-01
 1.50799e+23	2.27e-08	8.16e-04	9.99e-01
 1.51354e+23	2.27e-08	8.60e-04	9.99e-01
 1.51908e+23	2.27e-08	9.05e-04	9.99e-01
 1.52464e+23	2.28e-08	9.52e-04	9.99e-01
 1.53022e+23	2.29e-08	1.00e-03	9.99e-01
 1.53584e+23	2.30e-08	1.06e-03	9.99e-01
 1.54151e+23	2.33e-08	1.11e-03	9.99e-01
 1.54725e+23	2.36e-08	1.17e-03	9.99e-01
 1.55302e+23	2.41e-08	1.23e-03	9.99e-01
 1.55888e+23	2.48e-08	1.30e-03	9.99e-01
 1.56482e+23	2.56e-08	1.37e-03	9.99e-01
 1.57088e+23	2.67e-08	1.44e-03	9.99e-01
 1.57651e+23	2.77e-08	1.51e-03	9.98e-01
 1.58232e+23	2.93e-08	1.59e-03	9.98e-01
 1.58823e+23	3.08e-08	1.66e-03	9.98e-01
 1.59427e+23	3.30e-08	1.76e-03	9.98e-01
 1.60034e+23	3.50e-08	1.84e-03	9.98e-01
 1.60644e+23	3.80e-08	1.95e-03	9.98e-01
 1.61257e+23	4.05e-08	2.03e-03	9.98e-01
 1.61876e+23	4.43e-08	2.15e-03	9.98e-01
 1.62500e+23	4.76e-08	2.25e-03	9.98e-01
 1.63131e+23	5.25e-08	2.38e-03	9.98e-01
 1.63770e+23	5.67e-08	2.48e-03	9.98e-01
 1.64419e+23	6.29e-08	2.63e-03	9.97e-01
 1.65080e+23	6.83e-08	2.75e-03	9.97e-01
 1.65755e+23	7.63e-08	2.91e-03	9.97e-01
 1.66445e+23	8.33e-08	3.05e-03	9.97e-01
 1.67153e+23	9.35e-08	3.24e-03	9.97e-01
 1.67879e+23	1.03e-07	3.40e-03	9.97e-01
 1.68489e+23	1.11e-07	3.54e-03	9.96e-01
 1.69147e+23	1.24e-07	3.74e-03	9.96e-01
 1.69816e+23	1.35e-07	3.90e-03	9.96e-01
 1.70394e+23	1.46e-07	4.07e-03	9.96e-01
 1.71042e+23	1.63e-07	4.29e-03	9.96e-01
 1.71688e+23	1.76e-07	4.46e-03	9.96e-01
 1.72331e+23	1.95e-07	4.70e-03	9.95e-01
 1.72983e+23	2.11e-07	4.89e-03	9.95e-01
 1.73648e+23	2.35e-07	5.15e-03	9.95e-01
 1.74324e+23	2.55e-07	5.36e-03	9.95e-01
 1.75015e+23	2.85e-07	5.67e-03	9.94e-01
 1.75717e+23	3.09e-07	5.90e-03	9.94e-01
 1.76433e+23	3.47e-07	6.25e-03	9.94e-01
 1.77164e+23	3.78e-07	6.52e-03	9.93e-01
 1.77914e+23	4.25e-07	6.91e-03	9.93e-01
 1.78684e+23	4.66e-07	7.23e-03	9.93e-01
 1.79479e+23	5.26e-07	7.68e-03	9.92e-01
 1.80284e+23	5.77e-07	8.04e-03	9.92e-01
 1.81100e+23	6.52e-07	8.55e-03	9.91e-01
 1.81926e+23	7.16e-07	8.95e-03	9.91e-01
 1.82765e+23	8.12e-07	9.53e-03	9.90e-01
 1.83583e+23	8.86e-07	9.95e-03	9.90e-01
 1.84375e+23	9.97e-07	1.05e-02	9.89e-01
 1.85196e+23	1.09e-06	1.10e-02	9.89e-01
 1.85897e+23	1.19e-06	1.15e-02	9.88e-01
 1.86651e+23	1.33e-06	1.22e-02	9.88e-01
 1.87406e+23	1.45e-06	1.27e-02	9.87e-01
 1.88163e+23	1.60e-06	1.34e-02	9.87e-01
 1.88950e+23	1.76e-06	1.40e-02	9.86e-01
 1.89652e+23	1.92e-06	1.46e-02	9.85e-01
 1.90442e+23	2.14e-06	1.54e-02	9.85e-01
 1.91272e+23	2.36e-06	1.62e-02	9.84e-01
 1.92028e+23	2.59e-06	1.69e-02	9.83e-01
 1.92881e+23	2.91e-06	1.79e-02	9.82e-01
 1.93760e+23	3.22e-06	1.89e-02	9.81e-01
 1.94541e+23	3.54e-06	1.98e-02	9.80e-01
 1.95424e+23	3.99e-06	2.10e-02	9.79e-01
 1.96340e+23	4.43e-06	2.21e-02	9.78e-01
 1.97162e+23	4.90e-06	2.32e-02	9.77e-01
 1.98093e+23	5.56e-06	2.47e-02	9.75e-01
 1.99055e+23	6.19e-06	2.60e-02	9.74e-01
 2.00055e+23	7.08e-06	2.78e-02	9.72e-01
 2.01066e+23	7.91e-06	2.94e-02	9.71e-01
 2.01956e+23	8.80e-06	3.10e-02	9.69e-01
 2.02976e+23	1.01e-05	3.31e-02	9.67e-01
 2.04008e+23	1.13e-05	3.50e-02	9.65e-01
 2.05057e+23	1.30e-05	3.75e-02	9.63e-01
 2.06121e+23	1.46e-05	3.96e-02	9.60e-01
 2.07207e+23	1.69e-05	4.27e-02	9.57e-01
 2.08299e+23	1.89e-05	4.51e-02	9.55e-01
 2.09401e+23	2.20e-05	4.85e-02	9.51e-01
 2.10517e+23	2.47e-05	5.13e-02	9.49e-01
 2.11652e+23	2.87e-05	5.51e-02	9.45e-01
 2.12811e+23	3.25e-05	5.86e-02	9.41e-01
 2.13807e+23	3.63e-05	6.19e-02	9.38e-01
 2.14911e+23	4.21e-05	6.64e-02	9.34e-01
 2.15974e+23	4.65e-05	6.97e-02	9.30e-01
 2.16985e+23	5.33e-05	7.44e-02	9.26e-01
 2.17994e+23	5.89e-05	7.81e-02	9.22e-01
 2.18999e+23	6.68e-05	8.29e-02	9.17e-01
 2.20043e+23	7.49e-05	8.76e-02	9.12e-01
 2.20980e+23	8.31e-05	9.20e-02	9.08e-01
 2.22042e+23	9.50e-05	9.80e-02	9.02e-01
 2.23121e+23	1.06e-04	1.03e-01	8.97e-01
 2.24079e+23	1.18e-04	1.09e-01	8.91e-01
 2.25181e+23	1.35e-04	1.16e-01	8.84e-01
 2.26199e+23	1.48e-04	1.21e-01	8.79e-01
 2.27109e+23	1.65e-04	1.27e-01	8.73e-01
 2.28044e+23	1.82e-04	1.33e-01	8.67e-01
 2.28878e+23	1.99e-04	1.39e-01	8.61e-01
 2.29827e+23	2.23e-04	1.46e-01	8.54e-01
 2.30783e+23	2.44e-04	1.52e-01	8.48e-01
 2.31747e+23	2.73e-04	1.60e-01	8.39e-01
 2.32727e+23	3.00e-04	1.67e-01	8.32e-01
 2.33589e+23	3.28e-04	1.74e-01	8.25e-01
 2.34571e+23	3.67e-04	1.83e-01	8.16e-01
 2.35569e+23	4.02e-04	1.91e-01	8.08e-01
 2.36586e+23	4.51e-04	2.01e-01	7.98e-01
 2.37618e+23	4.95e-04	2.10e-01	7.90e-01
 2.38529e+23	5.43e-04	2.18e-01	7.81e-01
 2.39577e+23	6.11e-04	2.30e-01	7.69e-01
 2.40633e+23	6.69e-04	2.39e-01	7.60e-01
 2.41699e+23	7.50e-04	2.51e-01	7.48e-01
 2.42790e+23	8.27e-04	2.62e-01	7.37e-01
 2.43915e+23	9.31e-04	2.76e-01	7.23e-01
 2.45060e+23	1.03e-03	2.87e-01	7.12e-01
 2.46074e+23	1.13e-03	2.99e-01	7.00e-01
 2.47234e+23	1.27e-03	3.14e-01	6.85e-01
 2.48426e+23	1.41e-03	3.27e-01	6.72e-01
 2.49334e+23	1.51e-03	3.36e-01	6.63e-01
 2.50190e+23	1.65e-03	3.48e-01	6.50e-01
 2.51064e+23	1.76e-03	3.57e-01	6.41e-01
 2.51959e+23	1.93e-03	3.70e-01	6.28e-01
 2.52869e+23	2.07e-03	3.81e-01	6.17e-01
 2.53799e+23	2.27e-03	3.94e-01	6.04e-01
 2.54740e+23	2.44e-03	4.05e-01	5.92e-01
 2.55696e+23	2.67e-03	4.19e-01	5.78e-01
 2.56666e+23	2.87e-03	4.31e-01	5.66e-01
 2.57655e+23	3.15e-03	4.46e-01	5.51e-01
 2.58661e+23	3.40e-03	4.58e-01	5.38e-01
 2.59689e+23	3.73e-03	4.74e-01	5.22e-01
 2.60737e+23	4.03e-03	4.87e-01	5.09e-01
 2.61810e+23	4.44e-03	5.04e-01	4.91e-01
 2.62908e+23	4.80e-03	5.18e-01	4.77e-01
 2.64036e+23	5.31e-03	5.36e-01	4.59e-01
 2.65177e+23	5.75e-03	5.51e-01	4.44e-01
 2.66335e+23	6.34e-03	5.69e-01	4.25e-01
 2.67517e+23	6.90e-03	5.84e-01	4.09e-01
 2.68729e+23	7.65e-03	6.04e-01	3.89e-01
 2.69943e+23	8.30e-03	6.19e-01	3.72e-01
 2.71159e+23	9.21e-03	6.39e-01	3.52e-01
 2.72393e+23	1.00e-02	6.55e-01	3.35e-01
 2.73651e+23	1.11e-02	6.75e-01	3.14e-01
 2.74924e+23	1.21e-02	6.91e-01	2.97e-01
 2.76217e+23	1.35e-02	7.11e-01	2.76e-01
 2.77525e+23	1.48e-02	7.28e-01	2.58e-01
 2.78852e+23	1.66e-02	7.47e-01	2.36e-01
 2.80186e+23	1.82e-02	7.63e-01	2.19e-01
 2.81527e+23	2.05e-02	7.82e-01	1.98e-01
 2.82892e+23	2.25e-02	7.97e-01	1.81e-01
 2.84286e+23	2.55e-02	8.14e-01	1.61e-01
 2.85710e+23	2.84e-02	8.28e-01	1.44e-01
 2.86982e+23	3.15e-02	8.39e-01	1.29e-01
 2.88089e+23	3.43e-02	8.48e-01	1.17e-01
 2.89021e+23	3.70e-02	8.55e-01	1.08e-01
 2.90082e+23	4.10e-02	8.63e-01	9.64e-02
 2.91201e+23	4.51e-02	8.68e-01	8.64e-02
 2.92229e+23	4.97e-02	8.73e-01	7.76e-02
 2.93400e+23	5.64e-02	8.76e-01	6.77e-02
 2.94533e+23	6.28e-02	8.77e-01	6.05e-02
 2.95403e+23	6.90e-02	8.76e-01	5.51e-02
 2.96192e+23	7.57e-02	8.74e-01	5.06e-02
 2.96964e+23	8.34e-02	8.70e-01	4.65e-02
 2.97689e+23	9.17e-02	8.65e-01	4.32e-02
 2.98332e+23	1.00e-01	8.59e-01	4.05e-02
 2.98897e+23	1.09e-01	8.52e-01	3.84e-02
 2.99404e+23	1.19e-01	8.45e-01	3.67e-02
 2.99872e+23	1.29e-01	8.36e-01	3.53e-02
 3.00301e+23	1.39e-01	8.27e-01	3.42e-02
 3.00691e+23	1.50e-01	8.17e-01	3.33e-02
 3.01051e+23	1.61e-01	8.06e-01	3.26e-02
 3.01380e+23	1.72e-01	7.96e-01	3.22e-02
 3.01604e+23	1.79e-01	7.89e-01	3.22e-02
 3.01717e+23	1.83e-01	7.84e-01	3.21e-02
 3.01819e+23	1.87e-01	7.80e-01	3.21e-02
 3.01948e+23	1.93e-01	7.75e-01	3.19e-02
 3.02097e+23	2.00e-01	7.68e-01	3.18e-02
 3.02244e+23	2.06e-01	7.62e-01	3.18e-02
 3.02394e+23	2.13e-01	7.55e-01	3.17e-02
 3.02551e+23	2.20e-01	7.48e-01	3.18e-02
 3.02710e+23	2.28e-01	7.40e-01	3.18e-02
 3.02877e+23	2.37e-01	7.31e-01	3.18e-02
 3.03048e+23	2.46e-01	7.22e-01	3.18e-02
 3.03180e+23	2.53e-01	7.15e-01	3.21e-02
 3.03267e+23	2.57e-01	7.10e-01	3.21e-02
 3.03349e+23	2.62e-01	7.05e-01	3.21e-02
 3.03446e+23	2.69e-01	6.99e-01	3.20e-02
 3.03554e+23	2.76e-01	6.92e-01	3.20e-02
 3.03661e+23	2.82e-01	6.86e-01	3.20e-02
 3.03765e+23	2.89e-01	6.79e-01	3.20e-02
 3.03871e+23	2.96e-01	6.72e-01	3.19e-02
 3.03980e+23	3.03e-01	6.65e-01	3.18e-02
 3.04090e+23	3.11e-01	6.57e-01	3.17e-02
 3.04205e+23	3.19e-01	6.49e-01	3.16e-02
 3.04322e+23	3.28e-01	6.41e-01	3.15e-02
 3.04443e+23	3.37e-01	6.32e-01	3.13e-02
 3.04564e+23	3.46e-01	6.23e-01	3.11e-02
 3.04689e+23	3.56e-01	6.14e-01	3.09e-02
 3.04819e+23	3.66e-01	6.04e-01	3.06e-02
 3.04952e+23	3.76e-01	5.93e-01	3.03e-02
 3.05088e+23	3.87e-01	5.83e-01	3.00e-02
 3.05227e+23	3.99e-01	5.72e-01	2.97e-02
 3.05371e+23	4.11e-01	5.60e-01	2.92e-02
 3.05520e+23	4.23e-01	5.48e-01	2.88e-02
 3.05674e+23	4.36e-01	5.36e-01	2.83e-02
 3.05834e+23	4.49e-01	5.23e-01	2.78e-02
 3.05996e+23	4.63e-01	5.10e-01	2.73e-02
 3.06163e+23	4.77e-01	4.96e-01	2.66e-02
 3.06335e+23	4.92e-01	4.82e-01	2.60e-02
 3.06513e+23	5.07e-01	4.68e-01	2.53e-02
 3.06699e+23	5.22e-01	4.53e-01	2.46e-02
 3.06888e+23	5.37e-01	4.39e-01	2.38e-02
 3.07080e+23	5.53e-01	4.24e-01	2.30e-02
 3.07276e+23	5.68e-01	4.10e-01	2.22e-02
 3.07479e+23	5.84e-01	3.95e-01	2.13e-02
 3.07688e+23	5.99e-01	3.80e-01	2.05e-02
 3.07899e+23	6.14e-01	3.66e-01	1.96e-02
 3.08113e+23	6.29e-01	3.52e-01	1.88e-02
 3.08331e+23	6.43e-01	3.39e-01	1.80e-02
 3.08505e+23	6.53e-01	3.30e-01	1.75e-02
