#depth	Ar	Ar+	Ar+2	Ar+3	Ar+4	Ar+5	Ar+6	Ar+7	Ar+8	Ar+9	Ar+10	Ar+11	Ar+12	Ar+13	Ar+14	Ar+15	Ar+16	Ar+17	Ar+18
 1.54284e+22	0.00e+00	0.00e+00	0.00e+00	0.00e+00	0.00e+00	0.00e+00	0.00e+00	0.00e+00	0.00e+00	4.73e-21	6.23e-18	3.90e-15	1.71e-12	3.76e-10	5.17e-08	7.49e-06	1.90e-03	7.30e-02	9.25e-01
 3.47072e+22	0.00e+00	0.00e+00	0.00e+00	0.00e+00	0.00e+00	0.00e+00	0.00e+00	0.00e+00	1.05e-22	1.85e-19	1.60e-16	6.64e-14	1.91e-11	2.78e-09	2.54e-07	2.45e-05	4.13e-03	1.06e-01	8.90e-01
 4.08993e+22	0.00e+00	0.00e+00	0.00e+00	0.00e+00	0.00e+00	0.00e+00	0.00e+00	2.76e-25	1.21e-21	1.64e-18	1.10e-15	3.54e-13	7.93e-11	9.01e-09	6.48e-07	4.93e-05	6.52e-03	1.31e-01	8.63e-01
 4.51140e+22	0.00e+00	0.00e+00	0.00e+00	0.00e+00	0.00e+00	0.00e+00	1.17e-27	2.37e-24	8.42e-21	9.28e-18	5.06e-15	1.34e-12	2.45e-10	2.29e-08	1.36e-06	8.53e-05	9.31e-03	1.54e-01	8.37e-01
 4.74556e+22	0.00e+00	0.00e+00	0.00e+00	0.00e+00	0.00e+00	7.41e-31	2.11e-27	4.09e-24	1.38e-20	1.44e-17	7.45e-15	1.87e-12	3.25e-10	2.89e-08	1.64e-06	9.80e-05	1.02e-02	1.60e-01	8.29e-01
 4.83147e+22	0.00e+00	0.00e+00	0.00e+00	0.00e+00	0.00e+00	1.25e-30	3.43e-27	6.38e-24	2.06e-20	2.06e-17	1.02e-14	2.46e-12	4.11e-10	3.51e-08	1.91e-06	1.10e-04	1.10e-02	1.66e-01	8.23e-01
 4.92135e+22	0.00e+00	0.00e+00	0.00e+00	0.00e+00	0.00e+00	2.44e-30	6.38e-27	1.13e-23	3.45e-20	3.26e-17	1.53e-14	3.50e-12	5.54e-10	4.48e-08	2.32e-06	1.27e-04	1.20e-02	1.73e-01	8.15e-01
 5.01137e+22	0.00e+00	0.00e+00	0.00e+00	0.00e+00	0.00e+00	4.18e-30	1.05e-26	1.79e-23	5.22e-20	4.73e-17	2.13e-14	4.65e-12	7.05e-10	5.47e-08	2.71e-06	1.42e-04	1.30e-02	1.79e-01	8.08e-01
 5.08918e+22	0.00e+00	0.00e+00	0.00e+00	0.00e+00	0.00e+00	6.98e-30	1.69e-26	2.77e-23	7.75e-20	6.72e-17	2.90e-14	6.08e-12	8.84e-10	6.60e-08	3.15e-06	1.59e-04	1.39e-02	1.84e-01	8.02e-01
 5.17795e+22	0.00e+00	0.00e+00	0.00e+00	0.00e+00	0.00e+00	1.30e-29	3.01e-26	4.73e-23	1.25e-19	1.03e-16	4.22e-14	8.43e-12	1.17e-09	8.28e-08	3.77e-06	1.81e-04	1.52e-02	1.91e-01	7.93e-01
 5.27146e+22	0.00e+00	0.00e+00	0.00e+00	0.00e+00	0.00e+00	2.35e-29	5.21e-26	7.82e-23	1.97e-19	1.55e-16	6.05e-14	1.15e-11	1.52e-09	1.03e-07	4.48e-06	2.06e-04	1.64e-02	1.98e-01	7.85e-01
 5.35256e+22	0.00e+00	0.00e+00	0.00e+00	0.00e+00	0.00e+00	3.98e-29	8.50e-26	1.23e-22	2.96e-19	2.22e-16	8.32e-14	1.52e-11	1.92e-09	1.25e-07	5.22e-06	2.30e-04	1.77e-02	2.05e-01	7.77e-01
 5.42327e+22	0.00e+00	0.00e+00	0.00e+00	0.00e+00	0.00e+00	2.91e-29	6.01e-26	8.39e-23	4.23e-19	3.06e-16	1.10e-13	1.94e-11	2.36e-09	1.48e-07	5.97e-06	2.54e-04	1.88e-02	2.10e-01	7.71e-01
 5.49905e+22	0.00e+00	0.00e+00	0.00e+00	0.00e+00	0.00e+00	1.06e-28	2.12e-25	2.84e-22	6.32e-19	4.37e-16	1.51e-13	2.54e-11	2.97e-09	1.79e-07	6.93e-06	2.84e-04	2.02e-02	2.17e-01	7.63e-01
 5.58094e+22	0.00e+00	0.00e+00	0.00e+00	0.00e+00	0.00e+00	8.26e-29	1.58e-25	2.04e-22	9.43e-19	6.25e-16	2.07e-13	3.34e-11	3.74e-09	2.16e-07	8.05e-06	3.17e-04	2.17e-02	2.23e-01	7.55e-01
 5.65542e+22	0.00e+00	0.00e+00	0.00e+00	0.00e+00	0.00e+00	1.33e-28	2.47e-25	3.08e-22	1.36e-18	8.68e-16	2.76e-13	4.29e-11	4.62e-09	2.57e-07	9.24e-06	3.51e-04	2.31e-02	2.29e-01	7.47e-01
 5.73693e+22	0.00e+00	0.00e+00	0.00e+00	0.00e+00	7.96e-32	2.36e-28	4.20e-25	5.02e-22	2.12e-18	1.28e-15	3.89e-13	5.78e-11	5.95e-09	3.16e-07	1.09e-05	3.95e-04	2.49e-02	2.37e-01	7.38e-01
 5.81989e+22	0.00e+00	0.00e+00	0.00e+00	0.00e+00	1.39e-31	3.97e-28	6.79e-25	7.81e-22	3.16e-18	1.84e-15	5.34e-13	7.60e-11	7.50e-09	3.83e-07	1.26e-05	4.41e-04	2.67e-02	2.44e-01	7.29e-01
 5.88928e+22	0.00e+00	0.00e+00	0.00e+00	0.00e+00	2.25e-31	6.22e-28	1.03e-24	1.15e-21	4.46e-18	2.50e-15	7.00e-13	9.61e-11	9.14e-09	4.51e-07	1.44e-05	4.85e-04	2.84e-02	2.50e-01	7.21e-01
 5.96405e+22	0.00e+00	0.00e+00	0.00e+00	0.00e+00	3.94e-31	1.05e-27	1.67e-24	1.79e-21	6.67e-18	3.57e-15	9.59e-13	1.26e-10	1.15e-08	5.44e-07	1.67e-05	5.40e-04	3.04e-02	2.57e-01	7.12e-01
 6.04468e+22	0.00e+00	0.00e+00	0.00e+00	0.00e+00	6.85e-31	1.76e-27	2.70e-24	2.79e-21	9.93e-18	5.10e-15	1.31e-12	1.65e-10	1.45e-08	6.57e-07	1.93e-05	6.02e-04	3.25e-02	2.64e-01	7.03e-01
 6.11821e+22	0.00e+00	0.00e+00	0.00e+00	0.00e+00	1.13e-30	2.81e-27	4.17e-24	4.16e-21	1.42e-17	7.03e-15	1.74e-12	2.11e-10	1.78e-08	7.78e-07	2.21e-05	6.63e-04	3.45e-02	2.70e-01	6.94e-01
 6.18465e+22	0.00e+00	0.00e+00	0.00e+00	0.00e+00	1.79e-30	4.30e-27	6.19e-24	5.98e-21	1.98e-17	9.42e-15	2.25e-12	2.64e-10	2.15e-08	9.08e-07	2.49e-05	7.25e-04	3.65e-02	2.76e-01	6.86e-01
 6.24709e+22	0.00e+00	0.00e+00	0.00e+00	0.00e+00	2.75e-30	6.44e-27	9.01e-24	8.45e-21	2.70e-17	1.24e-14	2.87e-12	3.26e-10	2.56e-08	1.05e-06	2.80e-05	7.87e-04	3.84e-02	2.82e-01	6.79e-01
 6.31879e+22	0.00e+00	0.00e+00	0.00e+00	0.00e+00	4.63e-30	1.05e-26	1.41e-23	1.28e-20	3.92e-17	1.73e-14	3.84e-12	4.19e-10	3.17e-08	1.25e-06	3.20e-05	8.69e-04	4.09e-02	2.89e-01	6.69e-01
 6.39557e+22	0.00e+00	0.00e+00	0.00e+00	0.00e+00	7.79e-30	1.70e-26	2.22e-23	1.93e-20	5.69e-17	2.42e-14	5.15e-12	5.41e-10	3.93e-08	1.49e-06	3.68e-05	9.61e-04	4.35e-02	2.96e-01	6.60e-01
 6.46389e+22	0.00e+00	0.00e+00	0.00e+00	0.00e+00	1.24e-29	2.63e-26	3.32e-23	2.81e-20	7.97e-17	3.26e-14	6.71e-12	6.79e-10	4.76e-08	1.74e-06	4.16e-05	1.05e-03	4.60e-02	3.02e-01	6.51e-01
 6.53763e+22	0.00e+00	0.00e+00	0.00e+00	0.00e+00	2.16e-29	4.40e-26	5.36e-23	4.37e-20	1.18e-16	4.64e-14	9.14e-12	8.87e-10	5.96e-08	2.10e-06	4.81e-05	1.17e-03	4.91e-02	3.10e-01	6.40e-01
 6.61282e+22	0.00e+00	0.00e+00	0.00e+00	0.00e+00	3.55e-29	7.00e-26	8.24e-23	6.48e-20	1.69e-16	6.38e-14	1.21e-11	1.13e-09	7.32e-08	2.48e-06	5.48e-05	1.28e-03	5.20e-02	3.16e-01	6.30e-01
 6.67631e+22	0.00e+00	0.00e+00	0.00e+00	0.00e+00	2.94e-29	5.63e-26	6.43e-23	9.17e-20	2.31e-16	8.43e-14	1.55e-11	1.40e-09	8.75e-08	2.87e-06	6.15e-05	1.39e-03	5.47e-02	3.22e-01	6.22e-01
 6.74528e+22	0.00e+00	0.00e+00	0.00e+00	0.00e+00	4.89e-29	9.05e-26	1.00e-22	1.38e-19	3.33e-16	1.17e-13	2.05e-11	1.79e-09	1.08e-07	3.40e-06	7.01e-05	1.53e-03	5.80e-02	3.29e-01	6.11e-01
 6.81965e+22	0.00e+00	0.00e+00	0.00e+00	0.00e+00	8.12e-29	1.45e-25	1.55e-22	2.06e-19	4.79e-16	1.61e-13	2.73e-11	2.29e-09	1.33e-07	4.03e-06	8.01e-05	1.68e-03	6.15e-02	3.36e-01	6.01e-01
 6.88717e+22	0.00e+00	0.00e+00	0.00e+00	3.01e-32	1.28e-28	2.21e-25	2.29e-22	2.95e-19	6.62e-16	2.15e-13	3.52e-11	2.85e-09	1.59e-07	4.68e-06	9.00e-05	1.83e-03	6.47e-02	3.42e-01	5.92e-01
 6.94956e+22	0.00e+00	0.00e+00	0.00e+00	4.77e-32	1.97e-28	3.31e-25	3.33e-22	4.15e-19	9.03e-16	2.83e-13	4.49e-11	3.51e-09	1.90e-07	5.40e-06	1.01e-04	1.99e-03	6.80e-02	3.48e-01	5.82e-01
 7.00990e+22	0.00e+00	0.00e+00	0.00e+00	7.40e-32	2.97e-28	4.87e-25	4.76e-22	5.77e-19	1.21e-15	3.69e-13	5.65e-11	4.28e-09	2.25e-07	6.19e-06	1.12e-04	2.14e-03	7.12e-02	3.53e-01	5.74e-01
 7.07908e+22	0.00e+00	0.00e+00	0.00e+00	1.26e-31	4.89e-28	7.76e-25	7.34e-22	8.59e-19	1.74e-15	5.07e-13	7.48e-11	5.45e-09	2.75e-07	7.30e-06	1.27e-04	2.35e-03	7.52e-02	3.59e-01	5.63e-01
 7.15263e+22	0.00e+00	0.00e+00	0.00e+00	2.13e-31	7.99e-28	1.23e-24	1.12e-21	1.27e-18	2.47e-15	6.94e-13	9.85e-11	6.92e-09	3.36e-07	8.60e-06	1.45e-04	2.57e-03	7.94e-02	3.66e-01	5.52e-01
 7.21823e+22	0.00e+00	0.00e+00	0.00e+00	3.45e-31	1.26e-27	1.87e-24	1.66e-21	1.81e-18	3.41e-15	9.26e-13	1.27e-10	8.62e-09	4.05e-07	1.00e-05	1.62e-04	2.79e-03	8.34e-02	3.72e-01	5.42e-01
 7.28987e+22	0.00e+00	0.00e+00	0.00e+00	6.04e-31	2.13e-27	3.06e-24	2.62e-21	2.76e-18	4.98e-15	1.30e-12	1.71e-10	1.11e-08	5.01e-07	1.19e-05	1.86e-04	3.07e-03	8.83e-02	3.78e-01	5.30e-01
 7.36349e+22	0.00e+00	0.00e+00	0.00e+00	1.02e-30	3.46e-27	4.82e-24	3.99e-21	4.05e-18	7.05e-15	1.77e-12	2.24e-10	1.41e-08	6.11e-07	1.40e-05	2.11e-04	3.36e-03	9.31e-02	3.84e-01	5.19e-01
 7.42499e+22	0.00e+00	0.00e+00	0.00e+00	1.58e-30	5.24e-27	7.09e-24	5.71e-21	5.63e-18	9.48e-15	2.30e-12	2.83e-10	1.72e-08	7.23e-07	1.60e-05	2.34e-04	3.62e-03	9.73e-02	3.89e-01	5.10e-01
 7.49024e+22	0.00e+00	0.00e+00	0.00e+00	2.63e-30	8.46e-27	1.11e-23	8.64e-21	8.24e-18	1.34e-14	3.13e-12	3.70e-10	2.16e-08	8.78e-07	1.88e-05	2.64e-04	3.95e-03	1.02e-01	3.95e-01	4.99e-01
 7.56059e+22	0.00e+00	0.00e+00	0.00e+00	4.36e-30	1.36e-26	1.72e-23	1.30e-20	1.20e-17	1.87e-14	4.22e-12	4.82e-10	2.72e-08	1.06e-06	2.19e-05	2.98e-04	4.30e-03	1.08e-01	4.00e-01	4.88e-01
 7.62513e+22	0.00e+00	0.00e+00	0.00e+00	6.91e-30	2.09e-26	2.58e-23	1.89e-20	1.68e-17	2.55e-14	5.57e-12	6.14e-10	3.35e-08	1.27e-06	2.53e-05	3.33e-04	4.64e-03	1.12e-01	4.05e-01	4.77e-01
 7.69660e+22	0.00e+00	0.00e+00	0.00e+00	1.21e-29	3.53e-26	4.20e-23	2.97e-20	2.55e-17	3.71e-14	7.77e-12	8.23e-10	4.31e-08	1.57e-06	3.00e-05	3.80e-04	5.09e-03	1.19e-01	4.11e-01	4.65e-01
 7.77185e+22	0.00e+00	0.00e+00	0.00e+00	2.09e-29	5.91e-26	6.77e-23	4.62e-20	3.82e-17	5.35e-14	1.08e-11	1.10e-09	5.53e-08	1.93e-06	3.56e-05	4.33e-04	5.58e-03	1.25e-01	4.16e-01	4.53e-01
 7.83448e+22	0.00e+00	0.00e+00	0.00e+00	3.22e-29	8.85e-26	9.88e-23	6.55e-20	5.26e-17	7.15e-14	1.39e-11	1.38e-09	6.72e-08	2.27e-06	4.06e-05	4.79e-04	5.99e-03	1.30e-01	4.20e-01	4.43e-01
 7.89836e+22	0.00e+00	0.00e+00	0.00e+00	5.37e-29	1.43e-25	1.54e-22	9.90e-20	7.67e-17	1.01e-13	1.89e-11	1.80e-09	8.47e-08	2.76e-06	4.76e-05	5.41e-04	6.51e-03	1.37e-01	4.24e-01	4.32e-01
 7.96659e+22	0.00e+00	0.00e+00	2.23e-32	8.68e-29	2.24e-25	2.34e-22	1.46e-19	1.09e-16	1.38e-13	2.52e-11	2.31e-09	1.05e-07	3.32e-06	5.52e-05	6.05e-04	7.04e-03	1.43e-01	4.29e-01	4.21e-01
 8.02995e+22	0.00e+00	0.00e+00	3.62e-32	1.37e-28	3.45e-25	3.50e-22	2.11e-19	1.53e-16	1.88e-13	3.31e-11	2.94e-09	1.29e-07	3.95e-06	6.35e-05	6.74e-04	7.59e-03	1.49e-01	4.32e-01	4.11e-01
 8.10182e+22	0.00e+00	0.00e+00	6.83e-32	2.50e-28	6.04e-25	5.90e-22	3.42e-19	2.37e-16	2.80e-13	4.72e-11	4.02e-09	1.70e-07	4.96e-06	7.63e-05	7.76e-04	8.36e-03	1.57e-01	4.37e-01	3.97e-01
 8.17181e+22	0.00e+00	0.00e+00	1.11e-31	3.97e-28	9.30e-25	8.80e-22	4.94e-19	3.32e-16	3.80e-13	6.20e-11	5.12e-09	2.09e-07	5.90e-06	8.79e-05	8.64e-04	9.00e-03	1.64e-01	4.40e-01	3.87e-01
 8.22918e+22	0.00e+00	0.00e+00	1.71e-31	5.96e-28	1.36e-24	1.25e-21	6.85e-19	4.48e-16	4.98e-13	7.90e-11	6.33e-09	2.51e-07	6.88e-06	9.96e-05	9.49e-04	9.61e-03	1.70e-01	4.42e-01	3.77e-01
 8.29359e+22	0.00e+00	0.00e+00	2.97e-31	1.01e-27	2.22e-24	1.97e-21	1.04e-18	6.55e-16	7.04e-13	1.08e-10	8.31e-09	3.17e-07	8.39e-06	1.17e-04	1.07e-03	1.04e-02	1.78e-01	4.45e-01	3.66e-01
 8.36103e+22	0.00e+00	0.00e+00	4.91e-31	1.62e-27	3.47e-24	2.98e-21	1.52e-18	9.25e-16	9.64e-13	1.43e-10	1.07e-08	3.93e-07	1.01e-05	1.35e-04	1.20e-03	1.13e-02	1.85e-01	4.48e-01	3.55e-01
 8.42182e+22	0.00e+00	0.00e+00	7.97e-31	2.56e-27	5.31e-24	4.43e-21	2.19e-18	1.29e-15	1.30e-12	1.87e-10	1.35e-08	4.83e-07	1.20e-05	1.56e-04	1.33e-03	1.21e-02	1.92e-01	4.50e-01	3.45e-01
 8.49028e+22	0.00e+00	0.00e+00	1.46e-30	4.54e-27	9.07e-24	7.28e-21	3.45e-18	1.94e-15	1.90e-12	2.62e-10	1.82e-08	6.25e-07	1.49e-05	1.85e-04	1.52e-03	1.32e-02	2.02e-01	4.52e-01	3.32e-01
 8.55994e+22	0.00e+00	0.00e+00	2.44e-30	7.37e-27	1.42e-23	1.11e-20	5.07e-18	2.75e-15	2.61e-12	3.48e-10	2.34e-08	7.77e-07	1.78e-05	2.15e-04	1.70e-03	1.42e-02	2.10e-01	4.53e-01	3.21e-01
 8.61877e+22	0.00e+00	0.00e+00	3.90e-30	1.15e-26	2.15e-23	1.62e-20	7.19e-18	3.78e-15	3.48e-12	4.52e-10	2.95e-08	9.47e-07	2.11e-05	2.46e-04	1.88e-03	1.52e-02	2.17e-01	4.54e-01	3.11e-01
 8.67405e+22	0.00e+00	0.00e+00	5.98e-30	1.72e-26	3.14e-23	2.30e-20	9.91e-18	5.05e-15	4.54e-12	5.73e-10	3.64e-08	1.14e-06	2.46e-05	2.78e-04	2.06e-03	1.62e-02	2.24e-01	4.55e-01	3.02e-01
 8.73713e+22	0.00e+00	0.00e+00	1.03e-29	2.88e-26	5.08e-23	3.58e-20	1.49e-17	7.29e-15	6.35e-12	7.76e-10	4.75e-08	1.43e-06	2.99e-05	3.25e-04	2.32e-03	1.75e-02	2.33e-01	4.55e-01	2.91e-01
 8.80323e+22	0.00e+00	0.00e+00	1.74e-29	4.72e-26	8.03e-23	5.46e-20	2.19e-17	1.03e-14	8.75e-12	1.03e-09	6.13e-08	1.78e-06	3.59e-05	3.78e-04	2.59e-03	1.89e-02	2.42e-01	4.55e-01	2.80e-01
 8.86147e+22	0.00e+00	0.00e+00	2.79e-29	7.36e-26	1.21e-22	7.99e-20	3.10e-17	1.41e-14	1.16e-11	1.34e-09	7.70e-08	2.17e-06	4.25e-05	4.32e-04	2.86e-03	2.02e-02	2.51e-01	4.55e-01	2.71e-01
 8.92539e+22	0.00e+00	0.00e+00	4.93e-29	1.26e-25	2.00e-22	1.26e-19	4.71e-17	2.06e-14	1.65e-11	1.83e-09	1.02e-07	2.76e-06	5.20e-05	5.09e-04	3.23e-03	2.18e-02	2.61e-01	4.54e-01	2.60e-01
 8.98958e+22	0.00e+00	0.00e+00	8.15e-29	2.02e-25	3.09e-22	1.89e-19	6.79e-17	2.85e-14	2.23e-11	2.40e-09	1.29e-07	3.41e-06	6.22e-05	5.87e-04	3.59e-03	2.34e-02	2.70e-01	4.53e-01	2.50e-01
 9.04283e+22	0.00e+00	0.00e+00	1.25e-28	3.02e-25	4.51e-22	2.67e-19	9.32e-17	3.79e-14	2.89e-11	3.04e-09	1.60e-07	4.08e-06	7.24e-05	6.63e-04	3.93e-03	2.48e-02	2.77e-01	4.52e-01	2.41e-01
 9.10076e+22	0.00e+00	0.00e+00	2.12e-28	4.96e-25	7.14e-22	4.08e-19	1.37e-16	5.35e-14	3.97e-11	4.05e-09	2.06e-07	5.09e-06	8.72e-05	7.70e-04	4.39e-03	2.67e-02	2.87e-01	4.50e-01	2.31e-01
 9.16193e+22	0.00e+00	0.00e+00	3.46e-28	7.85e-25	1.09e-21	6.02e-19	1.95e-16	7.33e-14	5.31e-11	5.28e-09	2.60e-07	6.24e-06	1.04e-04	8.85e-04	4.86e-03	2.85e-02	2.96e-01	4.48e-01	2.22e-01
 9.21733e+22	0.00e+00	0.00e+00	5.46e-28	1.21e-24	1.63e-21	8.68e-19	2.71e-16	9.87e-14	6.99e-11	6.77e-09	3.24e-07	7.55e-06	1.22e-04	1.01e-03	5.34e-03	3.02e-02	3.04e-01	4.45e-01	2.14e-01
 9.27939e+22	0.00e+00	0.00e+00	9.97e-28	2.12e-24	2.74e-21	1.40e-18	4.18e-16	1.45e-13	9.99e-11	9.36e-09	4.33e-07	9.69e-06	1.50e-04	1.19e-03	6.04e-03	3.27e-02	3.16e-01	4.41e-01	2.03e-01
 9.33973e+22	0.00e+00	0.00e+00	1.55e-27	3.21e-24	4.02e-21	1.99e-18	5.74e-16	1.92e-13	1.30e-10	1.19e-08	5.35e-07	1.16e-05	1.76e-04	1.35e-03	6.61e-03	3.47e-02	3.24e-01	4.38e-01	1.95e-01
 9.39782e+22	0.00e+00	0.00e+00	2.65e-27	5.31e-24	6.40e-21	3.04e-18	8.43e-16	2.71e-13	1.78e-10	1.58e-08	6.91e-07	1.45e-05	2.12e-04	1.57e-03	7.38e-03	3.71e-02	3.34e-01	4.34e-01	1.86e-01
 9.45767e+22	0.00e+00	9.59e-33	4.31e-27	8.39e-24	9.77e-21	4.47e-18	1.19e-15	3.69e-13	2.38e-10	2.06e-08	8.73e-07	1.78e-05	2.51e-04	1.80e-03	8.14e-03	3.95e-02	3.43e-01	4.30e-01	1.77e-01
 9.50959e+22	0.00e+00	1.53e-32	6.71e-27	1.27e-23	1.43e-20	6.33e-18	1.63e-15	4.87e-13	3.08e-10	2.61e-08	1.08e-06	2.13e-05	2.93e-04	2.03e-03	8.90e-03	4.17e-02	3.51e-01	4.26e-01	1.70e-01
 9.56690e+22	0.00e+00	2.74e-32	1.16e-26	2.13e-23	2.30e-20	9.76e-18	2.41e-15	6.88e-13	4.25e-10	3.50e-08	1.40e-06	2.68e-05	3.55e-04	2.37e-03	9.93e-03	4.46e-02	3.61e-01	4.21e-01	1.61e-01
 9.62598e+22	0.00e+00	4.46e-32	1.84e-26	3.27e-23	3.43e-20	1.41e-17	3.35e-15	9.21e-13	5.58e-10	4.48e-08	1.74e-06	3.23e-05	4.17e-04	2.69e-03	1.09e-02	4.72e-02	3.69e-01	4.16e-01	1.54e-01
 9.67788e+22	0.00e+00	7.20e-32	2.90e-26	5.01e-23	5.07e-20	2.00e-17	4.61e-15	1.22e-12	7.26e-10	5.69e-08	2.16e-06	3.90e-05	4.88e-04	3.04e-03	1.19e-02	4.98e-02	3.77e-01	4.10e-01	1.47e-01
 9.72770e+22	0.00e+00	1.14e-31	4.47e-26	7.51e-23	7.37e-20	2.82e-17	6.26e-15	1.60e-12	9.34e-10	7.17e-08	2.65e-06	4.65e-05	5.67e-04	3.43e-03	1.29e-02	5.25e-02	3.85e-01	4.05e-01	1.40e-01
 9.78428e+22	0.00e+00	2.00e-31	7.61e-26	1.24e-22	1.17e-19	4.27e-17	9.10e-15	2.22e-12	1.27e-09	9.50e-08	3.41e-06	5.78e-05	6.81e-04	3.96e-03	1.44e-02	5.58e-02	3.94e-01	3.98e-01	1.33e-01
 9.84227e+22	0.00e+00	3.30e-31	1.22e-25	1.93e-22	1.75e-19	6.19e-17	1.27e-14	2.97e-12	1.67e-09	1.22e-07	4.27e-06	7.01e-05	8.01e-04	4.51e-03	1.57e-02	5.89e-02	4.02e-01	3.92e-01	1.26e-01
 9.89247e+22	0.00e+00	5.25e-31	1.90e-25	2.91e-22	2.56e-19	8.72e-17	1.72e-14	3.89e-12	2.15e-09	1.54e-07	5.25e-06	8.39e-05	9.32e-04	5.08e-03	1.71e-02	6.19e-02	4.09e-01	3.86e-01	1.20e-01
 9.94813e+22	0.00e+00	9.35e-31	3.28e-25	4.85e-22	4.09e-19	1.33e-16	2.52e-14	5.43e-12	2.95e-09	2.05e-07	6.78e-06	1.05e-04	1.12e-03	5.88e-03	1.90e-02	6.58e-02	4.18e-01	3.78e-01	1.13e-01
 1.00051e+23	0.00e+00	1.52e-30	5.20e-25	7.45e-22	6.07e-19	1.91e-16	3.46e-14	7.17e-12	3.84e-09	2.61e-07	8.42e-06	1.26e-04	1.31e-03	6.66e-03	2.07e-02	6.91e-02	4.25e-01	3.71e-01	1.07e-01
 1.00559e+23	0.00e+00	2.44e-30	8.14e-25	1.13e-21	8.91e-19	2.70e-16	4.71e-14	9.40e-12	4.96e-09	3.30e-07	1.04e-05	1.51e-04	1.53e-03	7.50e-03	2.25e-02	7.25e-02	4.31e-01	3.64e-01	1.01e-01
 1.01062e+23	0.00e+00	3.92e-30	1.28e-24	1.72e-21	1.31e-18	3.82e-16	6.42e-14	1.23e-11	6.40e-09	4.18e-07	1.28e-05	1.81e-04	1.78e-03	8.44e-03	2.44e-02	7.60e-02	4.37e-01	3.56e-01	9.57e-02
 1.01638e+23	0.00e+00	7.00e-30	2.21e-24	2.88e-21	2.10e-18	5.85e-16	9.39e-14	1.72e-11	8.76e-09	5.58e-07	1.66e-05	2.26e-04	2.14e-03	9.75e-03	2.70e-02	8.03e-02	4.44e-01	3.47e-01	8.93e-02
 1.02229e+23	0.00e+00	1.19e-29	3.64e-24	4.58e-21	3.21e-18	8.58e-16	1.32e-13	2.31e-11	1.16e-08	7.22e-07	2.09e-05	2.76e-04	2.53e-03	1.11e-02	2.95e-02	8.44e-02	4.50e-01	3.38e-01	8.38e-02
 1.02741e+23	0.00e+00	1.88e-29	5.64e-24	6.88e-21	4.66e-18	1.20e-15	1.78e-13	3.00e-11	1.49e-08	9.07e-07	2.56e-05	3.28e-04	2.93e-03	1.24e-02	3.19e-02	8.80e-02	4.55e-01	3.30e-01	7.91e-02
 1.03310e+23	0.00e+00	3.47e-29	1.01e-23	1.18e-20	7.63e-18	1.87e-15	2.63e-13	4.20e-11	2.06e-08	1.22e-06	3.34e-05	4.13e-04	3.55e-03	1.44e-02	3.53e-02	9.30e-02	4.61e-01	3.19e-01	7.32e-02
 1.03860e+23	0.00e+00	5.37e-29	1.53e-23	1.74e-20	1.09e-17	2.58e-15	3.49e-13	5.37e-11	2.60e-08	1.52e-06	4.04e-05	4.86e-04	4.08e-03	1.61e-02	3.79e-02	9.65e-02	4.64e-01	3.12e-01	6.91e-02
 1.04387e+23	0.00e+00	9.58e-29	2.64e-23	2.89e-20	1.73e-17	3.90e-15	5.03e-13	7.35e-11	3.51e-08	2.01e-06	5.20e-05	6.03e-04	4.88e-03	1.84e-02	4.16e-02	1.01e-01	4.68e-01	3.01e-01	6.40e-02
 1.04915e+23	0.00e+00	1.48e-28	3.99e-23	4.25e-20	2.46e-17	5.35e-15	6.65e-13	9.37e-11	4.43e-08	2.48e-06	6.28e-05	7.09e-04	5.58e-03	2.04e-02	4.46e-02	1.05e-01	4.71e-01	2.93e-01	6.03e-02
 1.05353e+23	0.00e+00	2.24e-28	5.93e-23	6.12e-20	3.42e-17	7.20e-15	8.61e-13	1.17e-10	5.49e-08	3.03e-06	7.52e-05	8.28e-04	6.35e-03	2.26e-02	4.76e-02	1.08e-01	4.72e-01	2.85e-01	5.68e-02
 1.05760e+23	0.00e+00	3.31e-28	8.57e-23	8.61e-20	4.67e-17	9.50e-15	1.10e-12	1.44e-10	6.72e-08	3.66e-06	8.89e-05	9.55e-04	7.15e-03	2.47e-02	5.06e-02	1.12e-01	4.74e-01	2.77e-01	5.38e-02
 1.06135e+23	0.00e+00	4.76e-28	1.21e-22	1.19e-19	6.24e-17	1.23e-14	1.38e-12	1.75e-10	8.10e-08	4.35e-06	1.04e-04	1.09e-03	7.99e-03	2.69e-02	5.35e-02	1.15e-01	4.74e-01	2.70e-01	5.10e-02
 1.06479e+23	0.00e+00	6.46e-28	1.62e-22	1.55e-19	7.98e-17	1.53e-14	1.67e-12	2.06e-10	9.50e-08	5.05e-06	1.19e-04	1.22e-03	8.77e-03	2.88e-02	5.60e-02	1.17e-01	4.75e-01	2.64e-01	4.87e-02
 1.06865e+23	0.00e+00	9.81e-28	2.41e-22	2.24e-19	1.11e-16	2.06e-14	2.16e-12	2.57e-10	1.18e-07	6.16e-06	1.42e-04	1.42e-03	9.95e-03	3.17e-02	5.96e-02	1.21e-01	4.75e-01	2.56e-01	4.57e-02
 1.07246e+23	0.00e+00	1.38e-27	3.33e-22	3.03e-19	1.46e-16	2.63e-14	2.67e-12	3.07e-10	1.40e-07	7.25e-06	1.64e-04	1.61e-03	1.10e-02	3.43e-02	6.26e-02	1.23e-01	4.74e-01	2.49e-01	4.34e-02
 1.07563e+23	0.00e+00	1.90e-27	4.51e-22	4.00e-19	1.88e-16	3.28e-14	3.24e-12	3.62e-10	1.65e-07	8.43e-06	1.88e-04	1.81e-03	1.21e-02	3.68e-02	6.56e-02	1.26e-01	4.74e-01	2.43e-01	4.13e-02
 1.07915e+23	0.00e+00	2.81e-27	6.54e-22	5.64e-19	2.56e-16	4.32e-14	4.10e-12	4.42e-10	2.01e-07	1.01e-05	2.21e-04	2.08e-03	1.36e-02	4.02e-02	6.93e-02	1.29e-01	4.72e-01	2.35e-01	3.88e-02
 1.08278e+23	0.00e+00	3.89e-27	8.92e-22	7.50e-19	3.32e-16	5.43e-14	5.00e-12	5.23e-10	2.37e-07	1.18e-05	2.54e-04	2.33e-03	1.50e-02	4.32e-02	7.25e-02	1.31e-01	4.70e-01	2.28e-01	3.67e-02
 1.08592e+23	0.00e+00	5.33e-27	1.20e-21	9.87e-19	4.25e-16	6.76e-14	6.04e-12	6.13e-10	2.77e-07	1.37e-05	2.90e-04	2.61e-03	1.64e-02	4.62e-02	7.57e-02	1.34e-01	4.68e-01	2.22e-01	3.49e-02
 1.08887e+23	0.00e+00	7.18e-27	1.60e-21	1.28e-18	5.37e-16	8.31e-14	7.22e-12	7.12e-10	3.22e-07	1.58e-05	3.28e-04	2.90e-03	1.79e-02	4.93e-02	7.88e-02	1.36e-01	4.66e-01	2.16e-01	3.31e-02
 1.09220e+23	0.00e+00	1.04e-26	2.27e-21	1.77e-18	7.19e-16	1.07e-13	9.00e-12	8.57e-10	3.87e-07	1.87e-05	3.83e-04	3.30e-03	1.99e-02	5.33e-02	8.27e-02	1.38e-01	4.63e-01	2.08e-01	3.11e-02
 1.09562e+23	0.00e+00	1.41e-26	3.04e-21	2.32e-18	9.17e-16	1.33e-13	1.08e-11	1.00e-09	4.51e-07	2.16e-05	4.35e-04	3.68e-03	2.18e-02	5.69e-02	8.60e-02	1.40e-01	4.60e-01	2.02e-01	2.94e-02
 1.09869e+23	4.55e-33	1.96e-26	4.16e-21	3.08e-18	1.18e-15	1.67e-13	1.31e-11	1.17e-09	5.29e-07	2.51e-05	4.98e-04	4.13e-03	2.39e-02	6.09e-02	8.96e-02	1.42e-01	4.56e-01	1.95e-01	2.77e-02
 1.10168e+23	6.26e-33	2.66e-26	5.54e-21	4.01e-18	1.50e-15	2.05e-13	1.56e-11	1.36e-09	6.14e-07	2.89e-05	5.64e-04	4.58e-03	2.60e-02	6.48e-02	9.30e-02	1.44e-01	4.52e-01	1.89e-01	2.62e-02
 1.10447e+23	8.44e-33	3.53e-26	7.27e-21	5.14e-18	1.87e-15	2.49e-13	1.84e-11	1.55e-09	7.04e-07	3.29e-05	6.33e-04	5.05e-03	2.82e-02	6.87e-02	9.62e-02	1.46e-01	4.48e-01	1.83e-01	2.49e-02
 1.10713e+23	1.13e-32	4.67e-26	9.50e-21	6.56e-18	2.33e-15	3.01e-13	2.16e-11	1.78e-09	8.06e-07	3.73e-05	7.09e-04	5.56e-03	3.05e-02	7.26e-02	9.94e-02	1.47e-01	4.43e-01	1.77e-01	2.36e-02
 1.11017e+23	1.64e-32	6.65e-26	1.33e-20	8.92e-18	3.06e-15	3.82e-13	2.65e-11	2.10e-09	9.55e-07	4.38e-05	8.18e-04	6.26e-03	3.36e-02	7.79e-02	1.04e-01	1.48e-01	4.37e-01	1.70e-01	2.20e-02
 1.11325e+23	2.27e-32	9.06e-26	1.78e-20	1.17e-17	3.88e-15	4.69e-13	3.15e-11	2.42e-09	1.10e-06	5.03e-05	9.26e-04	6.95e-03	3.65e-02	8.27e-02	1.07e-01	1.50e-01	4.32e-01	1.64e-01	2.07e-02
 1.11588e+23	3.03e-32	1.19e-25	2.32e-20	1.48e-17	4.80e-15	5.64e-13	3.68e-11	2.74e-09	1.26e-06	5.69e-05	1.03e-03	7.62e-03	3.93e-02	8.71e-02	1.10e-01	1.51e-01	4.26e-01	1.58e-01	1.95e-02
 1.11880e+23	4.38e-32	1.70e-25	3.24e-20	2.01e-17	6.29e-15	7.13e-13	4.47e-11	3.22e-09	1.48e-06	6.65e-05	1.19e-03	8.55e-03	4.32e-02	9.31e-02	1.14e-01	1.52e-01	4.19e-01	1.51e-01	1.81e-02
 1.12180e+23	6.06e-32	2.32e-25	4.36e-20	2.62e-17	7.97e-15	8.74e-13	5.30e-11	3.69e-09	1.71e-06	7.63e-05	1.34e-03	9.47e-03	4.68e-02	9.85e-02	1.18e-01	1.52e-01	4.12e-01	1.45e-01	1.70e-02
 1.12446e+23	8.21e-32	3.09e-25	5.75e-20	3.37e-17	9.94e-15	1.06e-12	6.21e-11	4.19e-09	1.96e-06	8.66e-05	1.50e-03	1.04e-02	5.05e-02	1.04e-01	1.21e-01	1.53e-01	4.05e-01	1.39e-01	1.59e-02
 1.12745e+23	1.22e-31	4.52e-25	8.26e-20	4.67e-17	1.33e-14	1.35e-12	7.62e-11	4.94e-09	2.33e-06	1.02e-04	1.74e-03	1.17e-02	5.56e-02	1.11e-01	1.25e-01	1.53e-01	3.95e-01	1.32e-01	1.46e-02
 1.13048e+23	1.69e-31	6.15e-25	1.11e-19	6.08e-17	1.67e-14	1.65e-12	8.97e-11	5.63e-09	2.67e-06	1.17e-04	1.96e-03	1.29e-02	6.01e-02	1.17e-01	1.29e-01	1.53e-01	3.87e-01	1.26e-01	1.36e-02
 1.13306e+23	2.25e-31	8.09e-25	1.44e-19	7.69e-17	2.06e-14	1.97e-12	1.04e-10	6.33e-09	3.03e-06	1.31e-04	2.17e-03	1.41e-02	6.42e-02	1.22e-01	1.32e-01	1.53e-01	3.79e-01	1.20e-01	1.28e-02
 1.13592e+23	3.41e-31	1.21e-24	2.11e-19	1.08e-16	2.77e-14	2.54e-12	1.27e-10	7.42e-09	3.60e-06	1.55e-04	2.52e-03	1.60e-02	7.08e-02	1.31e-01	1.36e-01	1.52e-01	3.67e-01	1.13e-01	1.16e-02
 1.13873e+23	4.50e-31	1.57e-24	2.71e-19	1.36e-16	3.38e-14	3.01e-12	1.46e-10	8.29e-09	4.04e-06	1.73e-04	2.78e-03	1.73e-02	7.54e-02	1.36e-01	1.38e-01	1.52e-01	3.59e-01	1.08e-01	1.09e-02
 1.14145e+23	6.69e-31	2.30e-24	3.90e-19	1.88e-16	4.48e-14	3.81e-12	1.77e-10	9.60e-09	4.76e-06	2.02e-04	3.20e-03	1.94e-02	8.24e-02	1.44e-01	1.42e-01	1.50e-01	3.47e-01	1.01e-01	9.86e-03
 1.14413e+23	8.76e-31	2.97e-24	4.98e-19	2.34e-16	5.43e-14	4.49e-12	2.02e-10	1.07e-08	5.32e-06	2.25e-04	3.51e-03	2.09e-02	8.74e-02	1.50e-01	1.44e-01	1.49e-01	3.39e-01	9.66e-02	9.22e-03
 1.14674e+23	1.28e-30	4.27e-24	7.04e-19	3.18e-16	7.09e-14	5.61e-12	2.42e-10	1.22e-08	6.19e-06	2.61e-04	4.00e-03	2.32e-02	9.48e-02	1.58e-01	1.47e-01	1.48e-01	3.26e-01	9.03e-02	8.36e-03
 1.14939e+23	1.73e-30	5.70e-24	9.27e-19	4.06e-16	8.76e-14	6.71e-12	2.79e-10	1.37e-08	6.98e-06	2.93e-04	4.43e-03	2.52e-02	1.01e-01	1.64e-01	1.49e-01	1.46e-01	3.16e-01	8.54e-02	7.72e-03
 1.15210e+23	2.59e-30	8.39e-24	1.34e-18	5.63e-16	1.16e-13	8.49e-12	3.36e-10	1.57e-08	8.17e-06	3.41e-04	5.06e-03	2.81e-02	1.10e-01	1.73e-01	1.52e-01	1.43e-01	3.03e-01	7.91e-02	6.92e-03
 1.15479e+23	3.48e-30	1.11e-23	1.75e-18	7.14e-16	1.43e-13	1.01e-11	3.86e-10	1.75e-08	9.16e-06	3.80e-04	5.57e-03	3.04e-02	1.16e-01	1.79e-01	1.53e-01	1.41e-01	2.93e-01	7.46e-02	6.38e-03
 1.15747e+23	5.19e-30	1.63e-23	2.53e-18	9.85e-16	1.88e-13	1.27e-11	4.62e-10	2.00e-08	1.07e-05	4.40e-04	6.34e-03	3.36e-02	1.25e-01	1.87e-01	1.55e-01	1.38e-01	2.79e-01	6.88e-02	5.69e-03
 1.16020e+23	7.12e-30	2.20e-23	3.37e-18	1.27e-15	2.34e-13	1.52e-11	5.34e-10	2.23e-08	1.20e-05	4.93e-04	7.00e-03	3.64e-02	1.33e-01	1.94e-01	1.56e-01	1.36e-01	2.68e-01	6.43e-02	5.19e-03
 1.16259e+23	9.71e-30	2.97e-23	4.48e-18	1.63e-15	2.90e-13	1.82e-11	6.14e-10	2.48e-08	1.35e-05	5.51e-04	7.71e-03	3.93e-02	1.41e-01	2.00e-01	1.57e-01	1.33e-01	2.57e-01	6.01e-02	4.73e-03
 1.16530e+23	1.46e-29	4.38e-23	6.49e-18	2.26e-15	3.84e-13	2.29e-11	7.35e-10	2.83e-08	1.56e-05	6.35e-04	8.72e-03	4.33e-02	1.51e-01	2.08e-01	1.58e-01	1.29e-01	2.43e-01	5.49e-02	4.17e-03
 1.16801e+23	2.00e-29	5.91e-23	8.65e-18	2.90e-15	4.76e-13	2.74e-11	8.45e-10	3.14e-08	1.74e-05	7.07e-04	9.58e-03	4.66e-02	1.59e-01	2.14e-01	1.58e-01	1.26e-01	2.32e-01	5.10e-02	3.78e-03
 1.17073e+23	3.01e-29	8.75e-23	1.26e-17	4.03e-15	6.29e-13	3.45e-11	1.01e-09	3.59e-08	2.01e-05	8.12e-04	1.08e-02	5.11e-02	1.70e-01	2.21e-01	1.58e-01	1.21e-01	2.17e-01	4.63e-02	3.31e-03
 1.17349e+23	4.17e-29	1.20e-22	1.69e-17	5.22e-15	7.86e-13	4.14e-11	1.17e-09	3.99e-08	2.25e-05	9.04e-04	1.18e-02	5.49e-02	1.79e-01	2.27e-01	1.57e-01	1.18e-01	2.06e-01	4.27e-02	2.97e-03
 1.17631e+23	6.39e-29	1.80e-22	2.50e-17	7.34e-15	1.05e-12	5.26e-11	1.40e-09	4.58e-08	2.60e-05	1.04e-03	1.33e-02	6.02e-02	1.90e-01	2.33e-01	1.56e-01	1.13e-01	1.92e-01	3.83e-02	2.57e-03
 1.17914e+23	8.87e-29	2.46e-22	3.36e-17	9.51e-15	1.31e-12	6.32e-11	1.62e-09	5.09e-08	2.90e-05	1.15e-03	1.46e-02	6.43e-02	1.99e-01	2.38e-01	1.55e-01	1.09e-01	1.81e-01	3.52e-02	2.30e-03
 1.18198e+23	1.36e-28	3.72e-22	4.98e-17	1.34e-14	1.75e-12	8.03e-11	1.95e-09	5.83e-08	3.33e-05	1.31e-03	1.63e-02	7.01e-02	2.11e-01	2.44e-01	1.53e-01	1.04e-01	1.68e-01	3.14e-02	1.97e-03
 1.18475e+23	1.85e-28	4.97e-22	6.56e-17	1.70e-14	2.15e-12	9.51e-11	2.23e-09	6.44e-08	3.67e-05	1.44e-03	1.76e-02	7.43e-02	2.19e-01	2.47e-01	1.51e-01	1.00e-01	1.59e-01	2.88e-02	1.77e-03
 1.18743e+23	2.75e-28	7.26e-22	9.41e-17	2.33e-14	2.82e-12	1.19e-10	2.65e-09	7.32e-08	4.15e-05	1.62e-03	1.94e-02	8.00e-02	2.30e-01	2.51e-01	1.49e-01	9.53e-02	1.47e-01	2.58e-02	1.53e-03
 1.19017e+23	3.79e-28	9.85e-22	1.26e-16	3.00e-14	3.49e-12	1.42e-10	3.04e-09	8.12e-08	4.58e-05	1.78e-03	2.10e-02	8.47e-02	2.38e-01	2.54e-01	1.46e-01	9.14e-02	1.38e-01	2.36e-02	1.36e-03
 1.19297e+23	5.70e-28	1.45e-21	1.82e-16	4.14e-14	4.60e-12	1.78e-10	3.63e-09	9.28e-08	5.18e-05	2.00e-03	2.31e-02	9.09e-02	2.48e-01	2.57e-01	1.43e-01	8.65e-02	1.27e-01	2.09e-02	1.16e-03
 1.19582e+23	7.83e-28	1.97e-21	2.43e-16	5.31e-14	5.70e-12	2.13e-10	4.18e-09	1.03e-07	5.71e-05	2.19e-03	2.49e-02	9.59e-02	2.56e-01	2.59e-01	1.40e-01	8.27e-02	1.19e-01	1.90e-02	1.03e-03
 1.19873e+23	1.19e-27	2.93e-21	3.53e-16	7.36e-14	7.54e-12	2.69e-10	5.02e-09	1.18e-07	6.44e-05	2.45e-03	2.73e-02	1.03e-01	2.67e-01	2.60e-01	1.37e-01	7.78e-02	1.09e-01	1.68e-02	8.75e-04
 1.20168e+23	1.63e-27	3.95e-21	4.69e-16	9.44e-14	9.34e-12	3.21e-10	5.79e-09	1.32e-07	7.08e-05	2.67e-03	2.93e-02	1.08e-01	2.74e-01	2.61e-01	1.34e-01	7.42e-02	1.01e-01	1.52e-02	7.71e-04
 1.20470e+23	2.47e-27	5.88e-21	6.83e-16	1.31e-13	1.24e-11	4.06e-10	6.97e-09	1.52e-07	7.98e-05	2.98e-03	3.20e-02	1.15e-01	2.84e-01	2.62e-01	1.29e-01	6.95e-02	9.23e-02	1.33e-02	6.52e-04
 1.20779e+23	3.41e-27	7.98e-21	9.11e-16	1.69e-13	1.54e-11	4.88e-10	8.07e-09	1.70e-07	8.77e-05	3.25e-03	3.43e-02	1.20e-01	2.91e-01	2.61e-01	1.26e-01	6.60e-02	8.57e-02	1.20e-02	5.71e-04
 1.21098e+23	5.18e-27	1.19e-20	1.33e-15	2.34e-13	2.04e-11	6.19e-10	9.76e-09	1.96e-07	9.88e-05	3.62e-03	3.73e-02	1.27e-01	2.99e-01	2.61e-01	1.21e-01	6.15e-02	7.77e-02	1.05e-02	4.80e-04
 1.21417e+23	7.09e-27	1.60e-20	1.75e-15	2.99e-13	2.52e-11	7.40e-10	1.13e-08	2.19e-07	1.08e-04	3.92e-03	3.97e-02	1.33e-01	3.06e-01	2.60e-01	1.18e-01	5.83e-02	7.20e-02	9.45e-03	4.20e-04
 1.21736e+23	1.06e-26	2.35e-20	2.52e-15	4.10e-13	3.32e-11	9.33e-10	1.36e-08	2.53e-07	1.21e-04	4.34e-03	4.30e-02	1.40e-01	3.13e-01	2.58e-01	1.13e-01	5.43e-02	6.52e-02	8.24e-03	3.53e-04
 1.22062e+23	1.45e-26	3.15e-20	3.32e-15	5.23e-13	4.10e-11	1.12e-09	1.57e-08	2.84e-07	1.33e-04	4.69e-03	4.57e-02	1.46e-01	3.19e-01	2.56e-01	1.09e-01	5.13e-02	6.04e-02	7.40e-03	3.08e-04
 1.22397e+23	2.17e-26	4.61e-20	4.74e-15	7.15e-13	5.38e-11	1.41e-09	1.89e-08	3.28e-07	1.49e-04	5.18e-03	4.93e-02	1.53e-01	3.25e-01	2.53e-01	1.05e-01	4.77e-02	5.45e-02	6.44e-03	2.59e-04
 1.22725e+23	2.89e-26	6.05e-20	6.13e-15	8.95e-13	6.54e-11	1.66e-09	2.17e-08	3.65e-07	1.61e-04	5.56e-03	5.20e-02	1.59e-01	3.30e-01	2.51e-01	1.01e-01	4.51e-02	5.06e-02	5.82e-03	2.27e-04
 1.23043e+23	4.21e-26	8.61e-20	8.53e-15	1.20e-12	8.42e-11	2.06e-09	2.58e-08	4.19e-07	1.79e-04	6.08e-03	5.56e-02	1.66e-01	3.35e-01	2.47e-01	9.69e-02	4.20e-02	4.58e-02	5.09e-03	1.92e-04
 1.23366e+23	5.58e-26	1.12e-19	1.09e-14	1.49e-12	1.02e-10	2.43e-09	2.96e-08	4.65e-07	1.95e-04	6.52e-03	5.85e-02	1.71e-01	3.39e-01	2.44e-01	9.36e-02	3.97e-02	4.25e-02	4.59e-03	1.69e-04
 1.23696e+23	8.06e-26	1.59e-19	1.51e-14	1.98e-12	1.31e-10	3.01e-09	3.52e-08	5.34e-07	2.16e-04	7.12e-03	6.24e-02	1.78e-01	3.43e-01	2.40e-01	8.93e-02	3.69e-02	3.85e-02	4.01e-03	1.42e-04
 1.24034e+23	1.08e-25	2.10e-19	1.96e-14	2.49e-12	1.60e-10	3.57e-09	4.05e-08	5.98e-07	2.36e-04	7.64e-03	6.57e-02	1.84e-01	3.46e-01	2.37e-01	8.58e-02	3.47e-02	3.54e-02	3.59e-03	1.24e-04
 1.24384e+23	1.57e-25	2.98e-19	2.72e-14	3.33e-12	2.06e-10	4.44e-09	4.85e-08	6.89e-07	2.62e-04	8.34e-03	7.00e-02	1.91e-01	3.50e-01	2.32e-01	8.15e-02	3.21e-02	3.19e-02	3.12e-03	1.04e-04
 1.24727e+23	2.07e-25	3.85e-19	3.45e-14	4.11e-12	2.48e-10	5.21e-09	5.54e-08	7.65e-07	2.84e-04	8.90e-03	7.33e-02	1.96e-01	3.52e-01	2.28e-01	7.84e-02	3.03e-02	2.95e-02	2.81e-03	9.11e-05
 1.25062e+23	2.96e-25	5.38e-19	4.71e-14	5.41e-12	3.16e-10	6.42e-09	6.57e-08	8.77e-07	3.14e-04	9.66e-03	7.77e-02	2.03e-01	3.55e-01	2.23e-01	7.44e-02	2.80e-02	2.66e-02	2.44e-03	7.66e-05
 1.25400e+23	3.83e-25	6.87e-19	5.91e-14	6.61e-12	3.78e-10	7.48e-09	7.47e-08	9.71e-07	3.40e-04	1.03e-02	8.12e-02	2.08e-01	3.56e-01	2.19e-01	7.16e-02	2.64e-02	2.46e-02	2.21e-03	6.75e-05
 1.25742e+23	5.44e-25	9.53e-19	8.02e-14	8.65e-12	4.79e-10	9.19e-09	8.85e-08	1.11e-06	3.76e-04	1.11e-02	8.58e-02	2.15e-01	3.58e-01	2.14e-01	6.78e-02	2.44e-02	2.22e-02	1.92e-03	5.67e-05
 1.26091e+23	7.11e-25	1.22e-18	1.01e-13	1.06e-11	5.75e-10	1.08e-08	1.01e-07	1.24e-06	4.07e-04	1.19e-02	8.96e-02	2.20e-01	3.59e-01	2.09e-01	6.49e-02	2.29e-02	2.05e-02	1.73e-03	4.96e-05
 1.26449e+23	1.01e-24	1.70e-18	1.37e-13	1.39e-11	7.31e-10	1.32e-08	1.20e-07	1.42e-06	4.51e-04	1.28e-02	9.47e-02	2.26e-01	3.60e-01	2.04e-01	6.13e-02	2.11e-02	1.84e-02	1.49e-03	4.15e-05
 1.26814e+23	1.33e-24	2.19e-18	1.73e-13	1.72e-11	8.78e-10	1.55e-08	1.37e-07	1.58e-06	4.89e-04	1.37e-02	9.87e-02	2.32e-01	3.60e-01	1.99e-01	5.86e-02	1.98e-02	1.69e-02	1.34e-03	3.62e-05
 1.27187e+23	1.89e-24	3.05e-18	2.35e-13	2.25e-11	1.12e-09	1.92e-08	1.63e-07	1.82e-06	5.43e-04	1.48e-02	1.04e-01	2.38e-01	3.60e-01	1.93e-01	5.51e-02	1.82e-02	1.51e-02	1.15e-03	3.01e-05
 1.27567e+23	2.49e-24	3.94e-18	2.98e-13	2.78e-11	1.35e-09	2.26e-08	1.87e-07	2.03e-06	5.89e-04	1.58e-02	1.09e-01	2.43e-01	3.59e-01	1.88e-01	5.25e-02	1.70e-02	1.38e-02	1.03e-03	2.61e-05
 1.27957e+23	3.56e-24	5.50e-18	4.05e-13	3.66e-11	1.72e-09	2.79e-08	2.23e-07	2.35e-06	6.56e-04	1.71e-02	1.15e-01	2.50e-01	3.59e-01	1.82e-01	4.92e-02	1.55e-02	1.23e-02	8.82e-04	2.16e-05
 1.28337e+23	4.55e-24	6.89e-18	4.99e-13	4.41e-11	2.03e-09	3.23e-08	2.52e-07	2.59e-06	7.06e-04	1.81e-02	1.19e-01	2.54e-01	3.57e-01	1.77e-01	4.70e-02	1.46e-02	1.14e-02	7.95e-04	1.90e-05
 1.28706e+23	6.37e-24	9.44e-18	6.66e-13	5.70e-11	2.55e-09	3.94e-08	2.98e-07	2.97e-06	7.80e-04	1.95e-02	1.25e-01	2.60e-01	3.56e-01	1.71e-01	4.41e-02	1.34e-02	1.02e-02	6.86e-04	1.58e-05
 1.29081e+23	8.15e-24	1.19e-17	8.21e-13	6.88e-11	3.02e-09	4.56e-08	3.38e-07	3.28e-06	8.42e-04	2.06e-02	1.29e-01	2.64e-01	3.54e-01	1.66e-01	4.20e-02	1.25e-02	9.36e-03	6.16e-04	1.39e-05
 1.29464e+23	1.13e-23	1.61e-17	1.09e-12	8.85e-11	3.78e-09	5.55e-08	3.98e-07	3.75e-06	9.29e-04	2.22e-02	1.35e-01	2.70e-01	3.52e-01	1.60e-01	3.93e-02	1.15e-02	8.37e-03	5.32e-04	1.16e-05
 1.29859e+23	1.48e-23	2.07e-17	1.37e-12	1.09e-10	4.54e-09	6.51e-08	4.55e-07	4.18e-06	1.01e-03	2.35e-02	1.40e-01	2.74e-01	3.49e-01	1.55e-01	3.73e-02	1.07e-02	7.63e-03	4.71e-04	9.98e-06
 1.30269e+23	2.08e-23	2.82e-17	1.82e-12	1.40e-10	5.70e-09	7.95e-08	5.38e-07	4.79e-06	1.12e-03	2.53e-02	1.47e-01	2.79e-01	3.46e-01	1.49e-01	3.48e-02	9.74e-03	6.79e-03	4.05e-04	8.29e-06
 1.30693e+23	2.76e-23	3.66e-17	2.31e-12	1.74e-10	6.91e-09	9.42e-08	6.21e-07	5.38e-06	1.22e-03	2.70e-02	1.53e-01	2.84e-01	3.43e-01	1.44e-01	3.27e-02	9.00e-03	6.14e-03	3.56e-04	7.07e-06
 1.31135e+23	3.91e-23	5.06e-17	3.10e-12	2.27e-10	8.77e-09	1.16e-07	7.39e-07	6.21e-06	1.35e-03	2.91e-02	1.60e-01	2.89e-01	3.39e-01	1.38e-01	3.04e-02	8.15e-03	5.42e-03	3.03e-04	5.80e-06
 1.31589e+23	5.25e-23	6.64e-17	3.97e-12	2.83e-10	1.07e-08	1.38e-07	8.57e-07	7.00e-06	1.48e-03	3.10e-02	1.66e-01	2.93e-01	3.35e-01	1.32e-01	2.85e-02	7.49e-03	4.88e-03	2.64e-04	4.91e-06
 1.32059e+23	7.54e-23	9.26e-17	5.39e-12	3.73e-10	1.37e-08	1.71e-07	1.03e-06	8.12e-06	1.65e-03	3.35e-02	1.74e-01	2.98e-01	3.30e-01	1.26e-01	2.62e-02	6.74e-03	4.27e-03	2.23e-04	3.99e-06
 1.32545e+23	1.03e-22	1.23e-16	6.98e-12	4.71e-10	1.68e-08	2.05e-07	1.20e-06	9.20e-06	1.81e-03	3.58e-02	1.81e-01	3.02e-01	3.25e-01	1.20e-01	2.44e-02	6.16e-03	3.81e-03	1.93e-04	3.33e-06
 1.33051e+23	1.50e-22	1.74e-16	9.59e-12	6.27e-10	2.18e-08	2.57e-07	1.45e-06	1.07e-05	2.03e-03	3.88e-02	1.89e-01	3.06e-01	3.18e-01	1.14e-01	2.24e-02	5.50e-03	3.31e-03	1.60e-04	2.67e-06
 1.33570e+23	2.06e-22	2.34e-16	1.25e-11	7.97e-10	2.70e-08	3.10e-07	1.70e-06	1.22e-05	2.24e-03	4.14e-02	1.97e-01	3.09e-01	3.13e-01	1.09e-01	2.07e-02	4.99e-03	2.93e-03	1.38e-04	2.21e-06
 1.34035e+23	2.79e-22	3.08e-16	1.61e-11	1.00e-09	3.31e-08	3.71e-07	1.97e-06	1.38e-05	2.45e-03	4.41e-02	2.04e-01	3.12e-01	3.07e-01	1.04e-01	1.93e-02	4.55e-03	2.62e-03	1.19e-04	1.85e-06
 1.34568e+23	4.17e-22	4.46e-16	2.25e-11	1.35e-09	4.34e-08	4.70e-07	2.41e-06	1.63e-05	2.76e-03	4.79e-02	2.13e-01	3.16e-01	2.99e-01	9.70e-02	1.74e-02	4.00e-03	2.23e-03	9.71e-05	1.45e-06
 1.35105e+23	5.64e-22	5.88e-16	2.89e-11	1.70e-09	5.31e-08	5.62e-07	2.80e-06	1.84e-05	3.02e-03	5.10e-02	2.21e-01	3.18e-01	2.93e-01	9.22e-02	1.61e-02	3.64e-03	1.99e-03	8.36e-05	1.21e-06
 1.35648e+23	8.38e-22	8.46e-16	4.02e-11	2.28e-09	6.93e-08	7.10e-07	3.41e-06	2.16e-05	3.40e-03	5.52e-02	2.30e-01	3.21e-01	2.85e-01	8.61e-02	1.46e-02	3.20e-03	1.69e-03	6.82e-05	9.45e-07
 1.36201e+23	1.15e-21	1.13e-15	5.24e-11	2.90e-09	8.59e-08	8.57e-07	3.99e-06	2.46e-05	3.74e-03	5.89e-02	2.38e-01	3.22e-01	2.78e-01	8.14e-02	1.34e-02	2.88e-03	1.49e-03	5.79e-05	7.73e-07
 1.36770e+23	1.74e-21	1.65e-15	7.34e-11	3.93e-09	1.13e-07	1.09e-06	4.88e-06	2.91e-05	4.22e-03	6.38e-02	2.48e-01	3.24e-01	2.69e-01	7.55e-02	1.20e-02	2.51e-03	1.26e-03	4.67e-05	5.97e-07
 1.37348e+23	2.41e-21	2.22e-15	9.63e-11	5.03e-09	1.41e-07	1.32e-06	5.75e-06	3.32e-05	4.65e-03	6.80e-02	2.56e-01	3.25e-01	2.61e-01	7.09e-02	1.09e-02	2.25e-03	1.10e-03	3.92e-05	4.84e-07
 1.37937e+23	3.68e-21	3.27e-15	1.36e-10	6.88e-09	1.87e-07	1.69e-06	7.09e-06	3.95e-05	5.27e-03	7.37e-02	2.67e-01	3.26e-01	2.51e-01	6.53e-02	9.68e-03	1.94e-03	9.13e-04	3.12e-05	3.66e-07
 1.38493e+23	4.87e-21	4.22e-15	1.72e-10	8.47e-09	2.25e-07	2.00e-06	8.15e-06	4.42e-05	5.72e-03	7.78e-02	2.73e-01	3.26e-01	2.44e-01	6.17e-02	8.93e-03	1.75e-03	8.09e-04	2.68e-05	3.05e-07
 1.39008e+23	7.03e-21	5.91e-15	2.32e-10	1.11e-08	2.88e-07	2.48e-06	9.79e-06	5.14e-05	6.37e-03	8.34e-02	2.82e-01	3.25e-01	2.35e-01	5.71e-02	7.99e-03	1.53e-03	6.86e-04	2.17e-05	2.37e-07
 1.39528e+23	9.30e-21	7.62e-15	2.92e-10	1.37e-08	3.47e-07	2.93e-06	1.12e-05	5.76e-05	6.92e-03	8.78e-02	2.89e-01	3.24e-01	2.28e-01	5.39e-02	7.34e-03	1.39e-03	6.06e-04	1.86e-05	1.96e-07
 1.40052e+23	1.35e-20	1.07e-14	3.96e-10	1.80e-08	4.46e-07	3.65e-06	1.36e-05	6.72e-05	7.72e-03	9.41e-02	2.98e-01	3.23e-01	2.19e-01	4.96e-02	6.53e-03	1.20e-03	5.09e-04	1.49e-05	1.51e-07
 1.40582e+23	1.80e-20	1.39e-14	4.99e-10	2.22e-08	5.40e-07	4.32e-06	1.56e-05	7.56e-05	8.39e-03	9.92e-02	3.05e-01	3.22e-01	2.12e-01	4.65e-02	5.96e-03	1.08e-03	4.46e-04	1.26e-05	0.00e+00
 1.41117e+23	2.61e-20	1.95e-14	6.76e-10	2.93e-08	6.94e-07	5.41e-06	1.89e-05	8.84e-05	9.37e-03	1.06e-01	3.14e-01	3.19e-01	2.02e-01	4.25e-02	5.26e-03	9.30e-04	3.72e-04	1.01e-05	0.00e+00
 1.41660e+23	3.49e-20	2.54e-14	8.56e-10	3.62e-08	8.43e-07	6.43e-06	2.19e-05	9.99e-05	1.02e-02	1.12e-01	3.21e-01	3.17e-01	1.94e-01	3.96e-02	4.77e-03	8.28e-04	3.23e-04	8.41e-06	0.00e+00
 1.42213e+23	5.11e-20	3.58e-14	1.16e-09	4.79e-08	1.09e-06	8.10e-06	2.66e-05	1.18e-04	1.14e-02	1.20e-01	3.29e-01	3.14e-01	1.84e-01	3.59e-02	4.16e-03	7.06e-04	2.65e-04	6.59e-06	0.00e+00
 1.42774e+23	6.86e-20	4.67e-14	1.47e-09	5.95e-08	1.33e-06	9.67e-06	3.09e-05	1.33e-04	1.25e-02	1.26e-01	3.36e-01	3.11e-01	1.77e-01	3.33e-02	3.75e-03	6.24e-04	2.28e-04	5.46e-06	0.00e+00
 1.43345e+23	1.00e-19	6.59e-14	2.00e-09	7.87e-08	1.72e-06	1.22e-05	3.78e-05	1.57e-04	1.40e-02	1.35e-01	3.44e-01	3.06e-01	1.67e-01	2.99e-02	3.25e-03	5.28e-04	1.86e-04	4.22e-06	0.00e+00
 1.43929e+23	1.36e-19	8.68e-14	2.55e-09	9.83e-08	2.12e-06	1.47e-05	4.43e-05	1.80e-04	1.54e-02	1.43e-01	3.50e-01	3.02e-01	1.58e-01	2.74e-02	2.88e-03	4.60e-04	1.57e-04	3.42e-06	0.00e+00
 1.44529e+23	2.01e-19	1.23e-13	3.47e-09	1.31e-07	2.78e-06	1.88e-05	5.46e-05	2.15e-04	1.74e-02	1.53e-01	3.58e-01	2.96e-01	1.48e-01	2.44e-02	2.46e-03	3.83e-04	1.25e-04	2.59e-06	0.00e+00
 1.45137e+23	2.73e-19	1.62e-13	4.41e-09	1.64e-07	3.43e-06	2.28e-05	6.43e-05	2.47e-04	1.91e-02	1.62e-01	3.63e-01	2.91e-01	1.40e-01	2.22e-02	2.16e-03	3.30e-04	1.05e-04	2.07e-06	0.00e+00
 1.45740e+23	3.95e-19	2.25e-13	5.87e-09	2.14e-07	4.43e-06	2.89e-05	7.88e-05	2.94e-04	2.16e-02	1.73e-01	3.70e-01	2.84e-01	1.30e-01	1.96e-02	1.83e-03	2.73e-04	8.33e-05	1.56e-06	0.00e+00
 1.46315e+23	5.15e-19	2.85e-13	7.20e-09	2.60e-07	5.33e-06	3.42e-05	9.12e-05	3.34e-04	2.35e-02	1.81e-01	3.74e-01	2.78e-01	1.23e-01	1.79e-02	1.63e-03	2.38e-04	7.05e-05	1.27e-06	0.00e+00
 1.46872e+23	7.19e-19	3.83e-13	9.31e-09	3.32e-07	6.77e-06	4.27e-05	1.10e-04	3.94e-04	2.63e-02	1.93e-01	3.79e-01	2.70e-01	1.14e-01	1.58e-02	1.38e-03	1.98e-04	5.62e-05	9.58e-07	0.00e+00
 1.47440e+23	9.36e-19	4.83e-13	1.14e-08	4.03e-07	8.16e-06	5.08e-05	1.28e-04	4.49e-04	2.87e-02	2.02e-01	3.82e-01	2.64e-01	1.07e-01	1.43e-02	1.21e-03	1.70e-04	4.69e-05	7.65e-07	0.00e+00
 1.47995e+23	1.27e-18	6.32e-13	1.43e-08	5.04e-07	1.02e-05	6.26e-05	1.54e-04	5.27e-04	3.19e-02	2.14e-01	3.85e-01	2.55e-01	9.91e-02	1.26e-02	1.03e-03	1.42e-04	3.75e-05	5.81e-07	0.00e+00
 1.48562e+23	1.65e-18	7.94e-13	1.74e-08	6.12e-07	1.23e-05	7.49e-05	1.80e-04	6.05e-04	3.50e-02	2.24e-01	3.87e-01	2.48e-01	9.23e-02	1.13e-02	8.89e-04	1.20e-04	3.08e-05	4.56e-07	0.00e+00
 1.49114e+23	2.17e-18	1.01e-12	2.13e-08	7.50e-07	1.51e-05	9.09e-05	2.13e-04	7.04e-04	3.87e-02	2.36e-01	3.89e-01	2.39e-01	8.51e-02	9.95e-03	7.56e-04	1.00e-04	2.47e-05	3.48e-07	0.00e+00
 1.49678e+23	2.81e-18	1.26e-12	2.56e-08	9.07e-07	1.83e-05	1.09e-04	2.49e-04	8.12e-04	4.25e-02	2.47e-01	3.90e-01	2.31e-01	7.86e-02	8.81e-03	6.47e-04	8.43e-05	2.00e-05	2.69e-07	0.00e+00
 1.50237e+23	3.62e-18	1.57e-12	3.08e-08	1.10e-06	2.22e-05	1.31e-04	2.93e-04	9.41e-04	4.68e-02	2.59e-01	3.90e-01	2.22e-01	7.22e-02	7.75e-03	5.49e-04	7.02e-05	1.61e-05	2.06e-07	0.00e+00
 1.50799e+23	4.62e-18	1.93e-12	3.66e-08	1.31e-06	2.68e-05	1.57e-04	3.42e-04	1.09e-03	5.14e-02	2.71e-01	3.89e-01	2.13e-01	6.62e-02	6.81e-03	4.67e-04	5.85e-05	1.29e-05	1.57e-07	0.00e+00
 1.51354e+23	5.85e-18	2.36e-12	4.31e-08	1.57e-06	3.21e-05	1.87e-04	3.99e-04	1.25e-03	5.64e-02	2.83e-01	3.88e-01	2.04e-01	6.06e-02	5.98e-03	3.96e-04	4.87e-05	1.04e-05	1.20e-07	0.00e+00
 1.51908e+23	7.34e-18	2.87e-12	5.05e-08	1.86e-06	3.83e-05	2.22e-04	4.63e-04	1.44e-03	6.17e-02	2.95e-01	3.85e-01	1.95e-01	5.53e-02	5.24e-03	3.35e-04	4.05e-05	8.31e-06	0.00e+00	0.00e+00
 1.52464e+23	9.18e-18	3.46e-12	5.88e-08	2.20e-06	4.57e-05	2.63e-04	5.37e-04	1.65e-03	6.74e-02	3.07e-01	3.82e-01	1.86e-01	5.04e-02	4.58e-03	2.83e-04	3.35e-05	6.64e-06	0.00e+00	0.00e+00
 1.53022e+23	1.14e-17	4.15e-12	6.82e-08	2.59e-06	5.42e-05	3.10e-04	6.21e-04	1.90e-03	7.35e-02	3.18e-01	3.79e-01	1.77e-01	4.58e-02	3.99e-03	2.39e-04	2.77e-05	5.30e-06	0.00e+00	0.00e+00
 1.53584e+23	1.41e-17	4.97e-12	7.87e-08	3.04e-06	6.42e-05	3.65e-04	7.16e-04	2.17e-03	8.01e-02	3.30e-01	3.74e-01	1.68e-01	4.15e-02	3.47e-03	2.01e-04	2.29e-05	4.22e-06	0.00e+00	0.00e+00
 1.54151e+23	1.75e-17	5.93e-12	9.06e-08	3.56e-06	7.59e-05	4.30e-04	8.24e-04	2.49e-03	8.72e-02	3.41e-01	3.68e-01	1.58e-01	3.75e-02	3.01e-03	1.68e-04	1.88e-05	3.35e-06	0.00e+00	0.00e+00
