#depth	Fe	Fe+	Fe+2	Fe+3	Fe+4	Fe+5	Fe+6	Fe+7	Fe+8	Fe+9	Fe+10	Fe+11	Fe+12	Fe+13	Fe+14	Fe+15	Fe+16	Fe+17	Fe+18	Fe+19	Fe+20	Fe+21	Fe+22	Fe+23	Fe+24	Fe+25	Fe+26
 1.54284e+22	0.00e+00	0.00e+00	0.00e+00	0.00e+00	0.00e+00	0.00e+00	0.00e+00	0.00e+00	0.00e+00	0.00e+00	0.00e+00	0.00e+00	0.00e+00	1.85e-23	3.05e-21	5.34e-19	6.96e-16	2.64e-13	4.91e-11	4.20e-09	2.10e-07	5.81e-06	1.21e-04	2.28e-03	6.32e-02	3.26e-01	6.08e-01
 3.47072e+22	0.00e+00	0.00e+00	0.00e+00	0.00e+00	0.00e+00	0.00e+00	0.00e+00	0.00e+00	0.00e+00	0.00e+00	0.00e+00	0.00e+00	2.12e-24	2.91e-22	3.22e-20	1.15e-17	3.33e-14	8.28e-12	1.01e-09	5.76e-08	1.91e-06	3.53e-05	4.89e-04	6.18e-03	1.15e-01	3.93e-01	4.86e-01
 4.08993e+22	0.00e+00	0.00e+00	0.00e+00	0.00e+00	0.00e+00	0.00e+00	0.00e+00	0.00e+00	0.00e+00	0.00e+00	0.00e+00	1.26e-25	2.01e-23	2.18e-21	5.06e-19	1.43e-16	3.20e-13	6.17e-11	5.89e-09	2.62e-07	6.83e-06	9.91e-05	1.08e-03	1.07e-02	1.57e-01	4.22e-01	4.09e-01
 4.51140e+22	0.00e+00	0.00e+00	0.00e+00	0.00e+00	0.00e+00	0.00e+00	0.00e+00	0.00e+00	0.00e+00	0.00e+00	7.60e-27	1.02e-24	1.34e-22	2.32e-20	4.44e-18	1.04e-15	1.89e-12	2.97e-10	2.32e-08	8.52e-07	1.83e-05	2.19e-04	1.97e-03	1.62e-02	1.97e-01	4.36e-01	3.48e-01
 4.74556e+22	0.00e+00	0.00e+00	0.00e+00	0.00e+00	0.00e+00	0.00e+00	0.00e+00	0.00e+00	0.00e+00	8.71e-29	1.59e-26	2.03e-24	2.56e-22	4.21e-20	7.69e-18	1.71e-15	2.96e-12	4.41e-10	3.28e-08	1.14e-06	2.34e-05	2.67e-04	2.29e-03	1.80e-02	2.08e-01	4.38e-01	3.33e-01
 4.83147e+22	0.00e+00	0.00e+00	0.00e+00	0.00e+00	0.00e+00	0.00e+00	0.00e+00	0.00e+00	6.74e-31	1.65e-28	2.91e-26	3.57e-24	4.32e-22	6.84e-20	1.20e-17	2.58e-15	4.26e-12	6.09e-10	4.35e-08	1.46e-06	2.87e-05	3.14e-04	2.58e-03	1.95e-02	2.17e-01	4.39e-01	3.21e-01
 4.92135e+22	0.00e+00	0.00e+00	0.00e+00	0.00e+00	0.00e+00	0.00e+00	0.00e+00	0.00e+00	1.61e-30	3.77e-28	6.29e-26	7.35e-24	8.45e-22	1.27e-19	2.13e-17	4.34e-15	6.79e-12	9.19e-10	6.22e-08	1.98e-06	3.70e-05	3.85e-04	3.01e-03	2.16e-02	2.29e-01	4.40e-01	3.05e-01
 5.01137e+22	0.00e+00	0.00e+00	0.00e+00	0.00e+00	0.00e+00	0.00e+00	0.00e+00	0.00e+00	3.27e-30	7.32e-28	1.17e-25	1.32e-23	1.45e-21	2.10e-19	3.37e-17	6.60e-15	9.87e-12	1.28e-09	8.30e-08	2.53e-06	4.54e-05	4.54e-04	3.41e-03	2.35e-02	2.39e-01	4.40e-01	2.93e-01
 5.08918e+22	0.00e+00	0.00e+00	0.00e+00	0.00e+00	0.00e+00	0.00e+00	0.00e+00	0.00e+00	3.86e-30	8.32e-28	1.28e-25	1.38e-23	2.43e-21	3.37e-19	5.22e-17	9.82e-15	1.41e-11	1.75e-09	1.09e-07	3.19e-06	5.51e-05	5.29e-04	3.82e-03	2.54e-02	2.49e-01	4.40e-01	2.82e-01
 5.17795e+22	0.00e+00	0.00e+00	0.00e+00	0.00e+00	0.00e+00	0.00e+00	0.00e+00	1.41e-32	8.64e-30	1.78e-27	2.62e-25	2.70e-23	4.52e-21	6.00e-19	8.85e-17	1.59e-14	2.16e-11	2.56e-09	1.51e-07	4.23e-06	6.95e-05	6.37e-04	4.39e-03	2.78e-02	2.60e-01	4.39e-01	2.68e-01
 5.27146e+22	0.00e+00	0.00e+00	0.00e+00	0.00e+00	0.00e+00	0.00e+00	0.00e+00	3.19e-32	1.87e-29	3.68e-27	5.19e-25	5.11e-23	8.18e-21	1.04e-18	1.46e-16	2.51e-14	3.25e-11	3.66e-09	2.07e-07	5.53e-06	8.68e-05	7.60e-04	5.00e-03	3.03e-02	2.71e-01	4.38e-01	2.55e-01
 5.35256e+22	0.00e+00	0.00e+00	0.00e+00	0.00e+00	0.00e+00	0.00e+00	0.00e+00	6.59e-32	3.72e-29	7.03e-27	9.51e-25	9.00e-23	1.38e-20	1.69e-18	2.29e-16	3.77e-14	4.67e-11	5.05e-09	2.73e-07	7.00e-06	1.06e-04	8.88e-04	5.61e-03	3.27e-02	2.82e-01	4.36e-01	2.43e-01
 5.42327e+22	0.00e+00	0.00e+00	0.00e+00	0.00e+00	0.00e+00	0.00e+00	0.00e+00	1.24e-31	6.78e-29	1.24e-26	1.62e-24	1.48e-22	2.19e-20	2.58e-18	3.38e-16	5.38e-14	6.42e-11	6.67e-09	3.48e-07	8.61e-06	1.25e-04	1.02e-03	6.20e-03	3.49e-02	2.90e-01	4.34e-01	2.34e-01
 5.49905e+22	0.00e+00	0.00e+00	0.00e+00	0.00e+00	0.00e+00	0.00e+00	0.00e+00	2.53e-31	1.33e-28	2.33e-26	2.93e-24	2.57e-22	3.68e-20	4.16e-18	5.24e-16	8.03e-14	9.15e-11	9.12e-09	4.56e-07	1.08e-05	1.51e-04	1.18e-03	6.93e-03	3.75e-02	3.00e-01	4.31e-01	2.23e-01
 5.58094e+22	0.00e+00	0.00e+00	0.00e+00	0.00e+00	0.00e+00	0.00e+00	0.00e+00	5.18e-31	2.61e-28	4.40e-26	5.32e-24	4.49e-22	6.17e-20	6.71e-18	8.13e-16	1.20e-13	1.31e-10	1.25e-08	5.99e-07	1.36e-05	1.83e-04	1.37e-03	7.74e-03	4.03e-02	3.10e-01	4.27e-01	2.13e-01
 5.65542e+22	0.00e+00	0.00e+00	0.00e+00	0.00e+00	0.00e+00	0.00e+00	0.00e+00	9.98e-31	4.85e-28	7.89e-26	9.19e-24	7.49e-22	9.92e-20	1.04e-17	1.22e-15	1.73e-13	1.81e-10	1.66e-08	7.68e-07	1.69e-05	2.18e-04	1.58e-03	8.56e-03	4.29e-02	3.20e-01	4.24e-01	2.03e-01
 5.73693e+22	0.00e+00	0.00e+00	0.00e+00	0.00e+00	0.00e+00	0.00e+00	0.00e+00	1.50e-30	7.00e-28	1.09e-25	1.22e-23	1.37e-21	1.74e-19	1.75e-17	1.96e-15	2.67e-13	2.66e-10	2.33e-08	1.03e-06	2.16e-05	2.68e-04	1.85e-03	9.63e-03	4.63e-02	3.30e-01	4.19e-01	1.92e-01
 5.81989e+22	0.00e+00	0.00e+00	0.00e+00	0.00e+00	0.00e+00	0.00e+00	0.00e+00	3.07e-30	1.38e-27	2.06e-25	2.21e-23	2.40e-21	2.92e-19	2.82e-17	3.03e-15	3.96e-13	3.79e-10	3.18e-08	1.35e-06	2.72e-05	3.23e-04	2.15e-03	1.07e-02	4.95e-02	3.40e-01	4.15e-01	1.82e-01
 5.88928e+22	0.00e+00	0.00e+00	0.00e+00	0.00e+00	0.00e+00	0.00e+00	8.03e-33	5.68e-30	2.46e-27	3.56e-25	3.69e-23	3.87e-21	4.55e-19	4.25e-17	4.42e-15	5.58e-13	5.13e-10	4.15e-08	1.70e-06	3.30e-05	3.79e-04	2.43e-03	1.17e-02	5.24e-02	3.49e-01	4.10e-01	1.74e-01
 5.96405e+22	0.00e+00	0.00e+00	0.00e+00	0.00e+00	0.00e+00	0.00e+00	1.70e-32	1.15e-29	4.80e-27	6.68e-25	6.66e-23	6.72e-21	7.61e-19	6.83e-17	6.82e-15	8.28e-13	7.29e-10	5.65e-08	2.21e-06	4.13e-05	4.56e-04	2.81e-03	1.30e-02	5.60e-02	3.58e-01	4.05e-01	1.65e-01
 6.04468e+22	0.00e+00	0.00e+00	0.00e+00	0.00e+00	0.00e+00	0.00e+00	3.58e-32	2.34e-29	9.37e-27	1.25e-24	1.20e-22	1.16e-20	1.27e-18	1.09e-16	1.05e-14	1.22e-12	1.03e-09	7.67e-08	2.88e-06	5.17e-05	5.48e-04	3.24e-03	1.45e-02	5.96e-02	3.67e-01	3.99e-01	1.56e-01
 6.11821e+22	0.00e+00	0.00e+00	0.00e+00	0.00e+00	0.00e+00	0.00e+00	7.03e-32	4.44e-29	1.71e-26	2.21e-24	2.05e-22	1.91e-20	2.01e-18	1.67e-16	1.55e-14	1.74e-12	1.41e-09	1.01e-07	3.65e-06	6.32e-05	6.45e-04	3.68e-03	1.58e-02	6.31e-02	3.76e-01	3.93e-01	1.48e-01
 6.18465e+22	0.00e+00	0.00e+00	0.00e+00	0.00e+00	0.00e+00	0.00e+00	1.30e-31	7.94e-29	2.97e-26	3.71e-24	3.32e-22	3.00e-20	3.05e-18	2.46e-16	2.21e-14	2.40e-12	1.88e-09	1.30e-07	4.53e-06	7.58e-05	7.49e-04	4.14e-03	1.72e-02	6.64e-02	3.83e-01	3.87e-01	1.41e-01
 6.24709e+22	0.00e+00	0.00e+00	0.00e+00	0.00e+00	0.00e+00	0.00e+00	2.31e-31	1.37e-28	4.98e-26	6.03e-24	5.24e-22	4.60e-20	4.53e-18	3.54e-16	3.08e-14	3.25e-12	2.46e-09	1.64e-07	5.55e-06	8.99e-05	8.61e-04	4.61e-03	1.86e-02	6.95e-02	3.90e-01	3.82e-01	1.35e-01
 6.31879e+22	0.00e+00	0.00e+00	0.00e+00	0.00e+00	0.00e+00	0.00e+00	3.60e-31	2.06e-28	7.21e-26	8.42e-24	9.04e-22	7.64e-20	7.27e-18	5.48e-16	4.60e-14	4.68e-12	3.39e-09	2.17e-07	7.06e-06	1.10e-04	1.02e-03	5.24e-03	2.04e-02	7.34e-02	3.97e-01	3.75e-01	1.28e-01
 6.39557e+22	0.00e+00	0.00e+00	0.00e+00	0.00e+00	0.00e+00	0.00e+00	7.27e-31	4.01e-28	1.35e-25	1.52e-23	1.57e-21	1.28e-19	1.17e-17	8.51e-16	6.87e-14	6.73e-12	4.68e-09	2.88e-07	9.02e-06	1.35e-04	1.20e-03	5.96e-03	2.23e-02	7.76e-02	4.05e-01	3.68e-01	1.20e-01
 6.46389e+22	0.00e+00	0.00e+00	0.00e+00	0.00e+00	0.00e+00	0.00e+00	1.36e-30	7.26e-28	2.37e-25	2.58e-23	2.58e-21	2.03e-19	1.80e-17	1.26e-15	9.86e-14	9.34e-12	6.26e-09	3.71e-07	1.12e-05	1.63e-04	1.39e-03	6.69e-03	2.42e-02	8.13e-02	4.11e-01	3.61e-01	1.14e-01
 6.53763e+22	0.00e+00	0.00e+00	0.00e+00	0.00e+00	0.00e+00	0.00e+00	2.83e-30	1.45e-27	4.57e-25	4.78e-23	4.59e-21	3.48e-19	2.96e-17	2.00e-15	1.50e-13	1.37e-11	8.78e-09	4.99e-07	1.44e-05	2.01e-04	1.66e-03	7.64e-03	2.66e-02	8.59e-02	4.18e-01	3.52e-01	1.07e-01
 6.61282e+22	0.00e+00	0.00e+00	0.00e+00	0.00e+00	0.00e+00	0.00e+00	5.54e-30	2.74e-27	8.31e-25	8.39e-23	7.78e-21	5.68e-19	4.67e-17	3.04e-15	2.20e-13	1.93e-11	1.19e-08	6.53e-07	1.82e-05	2.44e-04	1.94e-03	8.62e-03	2.89e-02	9.02e-02	4.25e-01	3.45e-01	1.01e-01
 6.67631e+22	0.00e+00	0.00e+00	0.00e+00	0.00e+00	0.00e+00	5.25e-33	9.91e-30	4.76e-27	1.40e-24	1.37e-22	1.23e-20	8.71e-19	6.94e-17	4.37e-15	3.07e-13	2.61e-11	1.56e-08	8.24e-07	2.22e-05	2.89e-04	2.22e-03	9.56e-03	3.11e-02	9.39e-02	4.30e-01	3.38e-01	9.57e-02
 6.74528e+22	0.00e+00	0.00e+00	0.00e+00	0.00e+00	0.00e+00	1.07e-32	1.95e-29	9.02e-27	2.56e-24	2.41e-22	2.09e-20	1.43e-18	1.10e-16	6.68e-15	4.52e-13	3.71e-11	2.12e-08	1.08e-06	2.80e-05	3.50e-04	2.60e-03	1.08e-02	3.37e-02	9.84e-02	4.35e-01	3.29e-01	8.99e-02
 6.81965e+22	0.00e+00	0.00e+00	0.00e+00	0.00e+00	0.00e+00	2.18e-32	3.84e-29	1.72e-26	4.70e-24	4.27e-22	3.57e-20	2.35e-18	1.74e-16	1.02e-14	6.65e-13	5.26e-11	2.89e-08	1.41e-06	3.53e-05	4.25e-04	3.04e-03	1.21e-02	3.66e-02	1.03e-01	4.40e-01	3.21e-01	8.43e-02
 6.88717e+22	0.00e+00	0.00e+00	0.00e+00	0.00e+00	0.00e+00	3.41e-32	5.81e-29	2.52e-26	6.67e-24	7.08e-22	5.73e-20	3.65e-18	2.61e-16	1.48e-14	9.37e-13	7.17e-11	3.80e-08	1.79e-06	4.33e-05	5.04e-04	3.48e-03	1.35e-02	3.93e-02	1.07e-01	4.44e-01	3.13e-01	7.95e-02
 6.94956e+22	0.00e+00	0.00e+00	0.00e+00	0.00e+00	0.00e+00	6.27e-32	1.04e-28	4.35e-26	1.12e-23	1.15e-21	9.01e-20	5.56e-18	3.86e-16	2.12e-14	1.30e-12	9.64e-11	4.94e-08	2.26e-06	5.27e-05	5.94e-04	3.97e-03	1.49e-02	4.21e-02	1.11e-01	4.47e-01	3.05e-01	7.51e-02
 7.00990e+22	0.00e+00	0.00e+00	0.00e+00	0.00e+00	0.00e+00	1.12e-31	1.79e-28	7.31e-26	1.82e-23	1.82e-21	1.39e-19	8.30e-18	5.60e-16	2.99e-14	1.78e-12	1.28e-10	6.33e-08	2.80e-06	6.33e-05	6.92e-04	4.49e-03	1.63e-02	4.49e-02	1.15e-01	4.50e-01	2.98e-01	7.11e-02
 7.07908e+22	0.00e+00	0.00e+00	0.00e+00	0.00e+00	0.00e+00	2.24e-31	3.47e-28	1.37e-25	3.30e-23	3.18e-21	2.33e-19	1.35e-17	8.77e-16	4.51e-14	2.59e-12	1.80e-10	8.55e-08	3.63e-06	7.91e-05	8.33e-04	5.21e-03	1.82e-02	4.84e-02	1.20e-01	4.53e-01	2.89e-01	6.64e-02
 7.15263e+22	0.00e+00	0.00e+00	0.00e+00	0.00e+00	0.00e+00	4.47e-31	6.69e-28	2.55e-25	5.92e-23	5.51e-21	3.90e-19	2.17e-17	1.36e-15	6.77e-14	3.75e-12	2.51e-10	1.15e-07	4.70e-06	9.85e-05	1.00e-03	6.03e-03	2.04e-02	5.20e-02	1.24e-01	4.55e-01	2.80e-01	6.20e-02
 7.21823e+22	0.00e+00	0.00e+00	0.00e+00	0.00e+00	0.00e+00	8.44e-31	1.22e-27	4.51e-25	1.02e-22	9.14e-21	6.26e-19	3.37e-17	2.05e-15	9.84e-14	5.26e-12	3.40e-10	1.50e-07	5.95e-06	1.21e-04	1.18e-03	6.89e-03	2.25e-02	5.56e-02	1.28e-01	4.56e-01	2.71e-01	5.81e-02
 7.28987e+22	0.00e+00	0.00e+00	0.00e+00	0.00e+00	0.00e+00	1.76e-30	2.45e-27	8.72e-25	1.89e-22	1.64e-20	1.08e-18	5.61e-17	3.28e-15	1.52e-13	7.80e-12	4.86e-10	2.06e-07	7.80e-06	1.52e-04	1.43e-03	8.02e-03	2.52e-02	5.99e-02	1.33e-01	4.57e-01	2.61e-01	5.38e-02
 7.36349e+22	0.00e+00	0.00e+00	0.00e+00	0.00e+00	0.00e+00	3.49e-30	4.71e-27	1.62e-24	3.39e-22	2.83e-20	1.80e-18	9.01e-17	5.07e-15	2.26e-13	1.12e-11	6.74e-10	2.75e-07	1.00e-05	1.88e-04	1.71e-03	9.24e-03	2.80e-02	6.42e-02	1.38e-01	4.57e-01	2.52e-01	5.00e-02
 7.42499e+22	0.00e+00	0.00e+00	0.00e+00	0.00e+00	2.14e-33	6.24e-30	8.17e-27	2.72e-24	5.54e-22	4.49e-20	2.77e-18	1.34e-16	7.34e-15	3.17e-13	1.53e-11	8.89e-10	3.51e-07	1.24e-05	2.26e-04	1.99e-03	1.04e-02	3.05e-02	6.80e-02	1.42e-01	4.57e-01	2.44e-01	4.69e-02
 7.49024e+22	0.00e+00	0.00e+00	0.00e+00	0.00e+00	4.31e-33	1.22e-29	1.54e-26	4.96e-24	9.76e-22	7.64e-20	4.55e-18	2.13e-16	1.12e-14	4.69e-13	2.18e-11	1.22e-09	4.65e-07	1.59e-05	2.78e-04	2.36e-03	1.19e-02	3.37e-02	7.24e-02	1.46e-01	4.56e-01	2.34e-01	4.35e-02
 7.56059e+22	0.00e+00	0.00e+00	0.00e+00	0.00e+00	8.02e-33	2.19e-29	2.68e-26	8.34e-24	1.71e-21	1.29e-19	7.43e-18	3.36e-16	1.71e-14	6.89e-13	3.09e-11	1.68e-09	6.14e-07	2.02e-05	3.41e-04	2.79e-03	1.36e-02	3.72e-02	7.71e-02	1.50e-01	4.54e-01	2.25e-01	4.03e-02
 7.62513e+22	0.00e+00	0.00e+00	0.00e+00	0.00e+00	1.51e-32	4.00e-29	4.75e-26	1.44e-23	2.86e-21	2.09e-19	1.16e-17	5.10e-16	2.51e-14	9.80e-13	4.25e-11	2.23e-09	7.91e-07	2.51e-05	4.10e-04	3.25e-03	1.53e-02	4.06e-02	8.14e-02	1.53e-01	4.51e-01	2.17e-01	3.75e-02
 7.69660e+22	0.00e+00	0.00e+00	0.00e+00	0.00e+00	3.26e-32	8.31e-29	9.50e-26	2.77e-23	5.30e-21	3.73e-19	2.00e-17	8.42e-16	3.99e-14	1.50e-12	6.25e-11	3.15e-09	1.07e-06	3.27e-05	5.12e-04	3.90e-03	1.77e-02	4.50e-02	8.69e-02	1.58e-01	4.48e-01	2.07e-01	3.44e-02
 7.77185e+22	0.00e+00	0.00e+00	0.00e+00	0.00e+00	6.99e-32	1.72e-28	1.89e-25	5.30e-23	9.78e-21	6.62e-19	3.41e-17	1.38e-15	6.29e-14	2.27e-12	9.10e-11	4.41e-09	1.44e-06	4.23e-05	6.38e-04	4.68e-03	2.04e-02	4.98e-02	9.25e-02	1.61e-01	4.43e-01	1.96e-01	3.14e-02
 7.83448e+22	0.00e+00	0.00e+00	0.00e+00	0.00e+00	1.26e-31	3.01e-28	3.22e-25	8.78e-23	1.57e-20	1.03e-18	5.17e-17	2.03e-15	8.98e-14	3.14e-12	1.22e-10	5.75e-09	1.82e-06	5.17e-05	7.56e-04	5.37e-03	2.27e-02	5.38e-02	9.69e-02	1.64e-01	4.39e-01	1.89e-01	2.92e-02
 7.89836e+22	0.00e+00	0.00e+00	0.00e+00	0.00e+00	2.56e-31	5.89e-28	6.10e-25	1.60e-22	2.78e-20	1.76e-18	8.48e-17	3.21e-15	1.37e-13	4.61e-12	1.73e-10	7.85e-09	2.40e-06	6.56e-05	9.24e-04	6.32e-03	2.57e-02	5.89e-02	1.02e-01	1.67e-01	4.33e-01	1.79e-01	2.68e-02
 7.96659e+22	0.00e+00	0.00e+00	0.00e+00	0.00e+00	4.95e-31	1.11e-27	1.11e-24	2.82e-22	4.72e-20	2.89e-18	1.35e-16	4.93e-15	2.03e-13	6.60e-12	2.39e-10	1.05e-08	3.09e-06	8.19e-05	1.11e-03	7.36e-03	2.89e-02	6.39e-02	1.07e-01	1.70e-01	4.26e-01	1.71e-01	2.46e-02
 8.02995e+22	0.00e+00	0.00e+00	0.00e+00	0.00e+00	9.31e-31	2.02e-27	1.96e-24	4.84e-22	7.85e-20	4.65e-18	2.09e-16	7.42e-15	2.95e-13	9.30e-12	3.26e-10	1.38e-08	3.95e-06	1.01e-04	1.33e-03	8.50e-03	3.23e-02	6.91e-02	1.12e-01	1.72e-01	4.20e-01	1.62e-01	2.27e-02
 8.10182e+22	0.00e+00	0.00e+00	0.00e+00	0.00e+00	2.12e-30	4.42e-27	4.12e-24	9.77e-22	1.52e-19	8.63e-18	3.72e-16	1.26e-14	4.81e-13	1.45e-11	4.87e-10	1.97e-08	5.41e-06	1.33e-04	1.67e-03	1.02e-02	3.73e-02	7.62e-02	1.19e-01	1.74e-01	4.10e-01	1.52e-01	2.03e-02
 8.17181e+22	0.00e+00	0.00e+00	0.00e+00	0.00e+00	3.88e-30	7.83e-27	7.07e-24	1.68e-21	2.53e-19	1.39e-17	5.79e-16	1.90e-14	6.99e-13	2.04e-11	6.60e-10	2.59e-08	6.87e-06	1.63e-04	1.99e-03	1.18e-02	4.15e-02	8.21e-02	1.24e-01	1.75e-01	4.01e-01	1.44e-01	1.86e-02
 8.22918e+22	0.00e+00	0.00e+00	0.00e+00	0.00e+00	6.78e-30	1.33e-26	1.17e-23	2.70e-21	3.95e-19	2.11e-17	8.54e-16	2.72e-14	9.72e-13	2.75e-11	8.64e-10	3.29e-08	8.49e-06	1.96e-04	2.32e-03	1.33e-02	4.55e-02	8.74e-02	1.28e-01	1.76e-01	3.93e-01	1.37e-01	1.71e-02
 8.29359e+22	0.00e+00	0.00e+00	0.00e+00	2.34e-33	1.39e-29	2.64e-26	2.23e-23	4.98e-21	7.02e-19	3.60e-17	1.40e-15	4.30e-14	1.48e-12	4.02e-11	1.22e-09	4.45e-08	1.11e-05	2.47e-04	2.81e-03	1.56e-02	5.12e-02	9.46e-02	1.33e-01	1.77e-01	3.82e-01	1.28e-01	1.54e-02
 8.36103e+22	0.00e+00	0.00e+00	0.00e+00	4.65e-33	2.68e-29	4.92e-26	4.03e-23	8.69e-21	1.18e-18	5.87e-17	2.21e-15	6.52e-14	2.17e-12	5.68e-11	1.66e-09	5.86e-08	1.41e-05	3.04e-04	3.35e-03	1.79e-02	5.68e-02	1.01e-01	1.38e-01	1.77e-01	3.71e-01	1.20e-01	1.40e-02
 8.42182e+22	0.00e+00	0.00e+00	0.00e+00	8.96e-33	5.01e-29	8.93e-26	7.09e-23	1.48e-20	1.95e-18	9.37e-17	3.40e-15	9.72e-14	3.12e-12	7.90e-11	2.23e-09	7.60e-08	1.78e-05	3.71e-04	3.96e-03	2.04e-02	6.27e-02	1.08e-01	1.42e-01	1.77e-01	3.60e-01	1.13e-01	1.27e-02
 8.49028e+22	0.00e+00	0.00e+00	0.00e+00	2.04e-32	1.10e-28	1.89e-25	1.44e-22	2.89e-20	3.65e-18	1.68e-16	5.84e-15	1.60e-13	4.91e-12	1.19e-10	3.21e-09	1.05e-07	2.37e-05	4.74e-04	4.85e-03	2.40e-02	7.06e-02	1.17e-01	1.47e-01	1.76e-01	3.46e-01	1.03e-01	1.12e-02
 8.55994e+22	0.00e+00	0.00e+00	0.00e+00	4.09e-32	2.13e-28	3.54e-25	2.61e-22	5.06e-20	6.19e-18	2.74e-16	9.20e-15	2.43e-13	7.18e-12	1.68e-10	4.37e-09	1.37e-07	3.00e-05	5.82e-04	5.75e-03	2.75e-02	7.79e-02	1.24e-01	1.51e-01	1.74e-01	3.33e-01	9.60e-02	9.99e-03
 8.61877e+22	0.00e+00	0.00e+00	0.00e+00	7.71e-32	3.91e-28	6.30e-25	4.50e-22	8.46e-20	1.00e-17	4.29e-16	1.39e-14	3.55e-13	1.01e-11	2.29e-10	5.76e-09	1.75e-07	3.72e-05	7.00e-04	6.71e-03	3.10e-02	8.50e-02	1.31e-01	1.54e-01	1.72e-01	3.20e-01	8.94e-02	9.00e-03
 8.67405e+22	0.00e+00	0.00e+00	0.00e+00	1.38e-31	6.79e-28	1.06e-24	7.40e-22	1.35e-19	1.55e-17	6.45e-16	2.03e-14	5.01e-13	1.39e-11	3.04e-10	7.41e-09	2.19e-07	4.53e-05	8.27e-04	7.70e-03	3.45e-02	9.19e-02	1.37e-01	1.57e-01	1.70e-01	3.09e-01	8.36e-02	8.16e-03
 8.73713e+22	0.00e+00	0.00e+00	0.00e+00	2.88e-31	1.37e-27	2.08e-24	1.39e-21	2.45e-19	2.71e-17	1.08e-15	3.28e-14	7.77e-13	2.07e-11	4.35e-10	1.02e-08	2.89e-07	5.79e-05	1.02e-03	9.16e-03	3.95e-02	1.01e-01	1.46e-01	1.60e-01	1.67e-01	2.93e-01	7.64e-02	7.17e-03
 8.80323e+22	0.00e+00	0.00e+00	0.00e+00	5.74e-31	2.65e-27	3.88e-24	2.54e-21	4.32e-19	4.61e-17	1.77e-15	5.16e-14	1.18e-12	3.02e-11	6.11e-10	1.37e-08	3.75e-07	7.28e-05	1.24e-03	1.08e-02	4.48e-02	1.10e-01	1.53e-01	1.62e-01	1.63e-01	2.78e-01	6.98e-02	6.32e-03
 8.86147e+22	0.00e+00	0.00e+00	0.00e+00	1.08e-30	4.86e-27	6.90e-24	4.38e-21	7.20e-19	7.43e-17	2.76e-15	7.76e-14	1.71e-12	4.23e-11	8.26e-10	1.79e-08	4.72e-07	8.94e-05	1.48e-03	1.24e-02	5.00e-02	1.19e-01	1.60e-01	1.63e-01	1.59e-01	2.65e-01	6.42e-02	5.61e-03
 8.92539e+22	0.00e+00	0.00e+00	0.00e+00	2.32e-30	1.01e-26	1.38e-23	8.40e-21	1.33e-18	1.32e-16	4.70e-15	1.27e-13	2.67e-12	6.33e-11	1.18e-09	2.46e-08	6.22e-07	1.14e-04	1.82e-03	1.47e-02	5.69e-02	1.30e-01	1.67e-01	1.64e-01	1.54e-01	2.48e-01	5.77e-02	4.85e-03
 8.98958e+22	0.00e+00	0.00e+00	0.00e+00	4.56e-30	1.91e-26	2.53e-23	1.49e-20	2.28e-18	2.18e-16	7.49e-15	1.94e-13	3.95e-12	9.01e-11	1.62e-09	3.24e-08	7.88e-07	1.41e-04	2.18e-03	1.71e-02	6.35e-02	1.40e-01	1.74e-01	1.65e-01	1.49e-01	2.33e-01	5.23e-02	4.24e-03
 9.04283e+22	0.00e+00	0.00e+00	0.00e+00	8.09e-30	3.30e-26	4.26e-23	2.44e-20	3.62e-18	3.35e-16	1.12e-14	2.80e-13	5.52e-12	1.22e-10	2.12e-09	4.11e-08	9.66e-07	1.68e-04	2.54e-03	1.93e-02	6.96e-02	1.49e-01	1.79e-01	1.64e-01	1.44e-01	2.20e-01	4.79e-02	3.76e-03
 9.10076e+22	0.00e+00	0.00e+00	0.00e+00	1.63e-29	6.44e-26	8.03e-23	4.43e-20	6.34e-18	5.66e-16	1.81e-14	4.37e-13	8.26e-12	1.75e-10	2.93e-09	5.45e-08	1.23e-06	2.08e-04	3.04e-03	2.23e-02	7.76e-02	1.60e-01	1.85e-01	1.63e-01	1.38e-01	2.05e-01	4.29e-02	3.24e-03
 9.16193e+22	0.00e+00	0.00e+00	1.25e-33	3.13e-29	1.20e-25	1.45e-22	7.72e-20	1.07e-17	9.19e-16	2.83e-14	6.58e-13	1.20e-11	2.45e-10	3.94e-09	7.05e-08	1.53e-06	2.53e-04	3.59e-03	2.55e-02	8.56e-02	1.70e-01	1.89e-01	1.62e-01	1.32e-01	1.91e-01	3.85e-02	2.81e-03
 9.21733e+22	0.00e+00	0.00e+00	2.36e-33	5.74e-29	2.13e-25	2.50e-22	1.29e-19	1.73e-17	1.44e-15	4.29e-14	9.64e-13	1.69e-11	3.34e-10	5.19e-09	8.95e-08	1.88e-06	3.03e-04	4.17e-03	2.88e-02	9.34e-02	1.79e-01	1.93e-01	1.60e-01	1.26e-01	1.78e-01	3.47e-02	2.45e-03
 9.27939e+22	0.00e+00	0.00e+00	5.45e-33	1.27e-28	4.56e-25	5.14e-22	2.55e-19	3.27e-17	2.60e-15	7.40e-14	1.58e-12	2.66e-11	4.99e-10	7.40e-09	1.22e-07	2.44e-06	3.81e-04	5.06e-03	3.36e-02	1.04e-01	1.92e-01	1.98e-01	1.56e-01	1.18e-01	1.61e-01	3.01e-02	2.03e-03
 9.33973e+22	0.00e+00	0.00e+00	1.00e-32	2.28e-28	7.91e-25	8.67e-22	4.16e-19	5.18e-17	3.99e-15	1.10e-13	2.27e-12	3.69e-11	6.69e-10	9.58e-09	1.52e-07	2.95e-06	4.49e-04	5.82e-03	3.74e-02	1.13e-01	2.00e-01	2.00e-01	1.53e-01	1.12e-01	1.49e-01	2.70e-02	1.77e-03
 9.39782e+22	0.00e+00	0.00e+00	2.10e-32	4.61e-28	1.55e-24	1.64e-21	7.57e-19	9.07e-17	6.72e-15	1.77e-13	3.52e-12	5.47e-11	9.51e-10	1.31e-08	1.99e-07	3.70e-06	5.47e-04	6.86e-03	4.26e-02	1.23e-01	2.10e-01	2.02e-01	1.49e-01	1.05e-01	1.35e-01	2.36e-02	1.48e-03
 9.45767e+22	0.00e+00	0.00e+00	4.10e-32	8.70e-28	2.83e-24	2.91e-21	1.30e-18	1.51e-16	1.08e-14	2.73e-13	5.22e-12	7.81e-11	1.31e-09	1.73e-08	2.53e-07	4.53e-06	6.52e-04	7.93e-03	4.77e-02	1.33e-01	2.19e-01	2.03e-01	1.44e-01	9.84e-02	1.24e-01	2.07e-02	1.26e-03
 9.50959e+22	0.00e+00	0.00e+00	7.55e-32	1.55e-27	4.91e-24	4.91e-21	2.13e-18	2.38e-16	1.64e-14	4.04e-13	7.46e-12	1.08e-10	1.74e-09	2.22e-08	3.13e-07	5.41e-06	7.62e-04	9.03e-03	5.27e-02	1.43e-01	2.27e-01	2.03e-01	1.40e-01	9.24e-02	1.13e-01	1.84e-02	1.08e-03
 9.56690e+22	0.00e+00	0.00e+00	1.61e-31	3.18e-27	9.71e-24	9.37e-21	3.90e-18	4.20e-16	2.78e-14	6.54e-13	1.16e-11	1.60e-10	2.47e-09	3.01e-08	4.07e-07	6.73e-06	9.21e-04	1.06e-02	5.94e-02	1.54e-01	2.36e-01	2.03e-01	1.34e-01	8.50e-02	1.01e-01	1.58e-02	8.89e-04
 9.62598e+22	0.00e+00	0.00e+00	3.01e-31	5.79e-27	1.71e-23	1.60e-20	6.46e-18	6.73e-16	4.31e-14	9.77e-13	1.67e-11	2.22e-10	3.30e-09	3.88e-08	5.06e-07	8.07e-06	1.08e-03	1.20e-02	6.55e-02	1.64e-01	2.42e-01	2.01e-01	1.28e-01	7.90e-02	9.17e-02	1.38e-02	7.53e-04
 9.67788e+22	0.00e+00	0.00e+00	5.61e-31	1.05e-26	3.00e-23	2.73e-20	1.06e-17	1.07e-15	6.62e-14	1.45e-12	2.38e-11	3.06e-10	4.39e-09	4.97e-08	6.23e-07	9.59e-06	1.25e-03	1.36e-02	7.18e-02	1.74e-01	2.48e-01	1.99e-01	1.23e-01	7.32e-02	8.29e-02	1.21e-02	6.36e-04
 9.72770e+22	0.00e+00	0.00e+00	1.01e-30	1.83e-26	5.11e-23	4.51e-20	1.70e-17	1.67e-15	9.95e-14	2.11e-12	3.34e-11	4.15e-10	5.74e-09	6.28e-08	7.60e-07	1.13e-05	1.44e-03	1.52e-02	7.82e-02	1.84e-01	2.53e-01	1.97e-01	1.17e-01	6.78e-02	7.51e-02	1.06e-02	5.40e-04
 9.78428e+22	0.00e+00	0.00e+00	2.08e-30	3.63e-26	9.80e-23	8.34e-20	3.04e-17	2.85e-15	1.64e-13	3.32e-12	5.05e-11	6.00e-10	7.96e-09	8.34e-08	9.67e-07	1.38e-05	1.70e-03	1.74e-02	8.65e-02	1.95e-01	2.59e-01	1.93e-01	1.11e-01	6.15e-02	6.62e-02	8.97e-03	4.40e-04
 9.84227e+22	0.00e+00	0.00e+00	3.97e-30	6.71e-26	1.75e-22	1.45e-19	5.08e-17	4.61e-15	2.55e-13	4.98e-12	7.29e-11	8.34e-10	1.06e-08	1.07e-07	1.19e-06	1.64e-05	1.97e-03	1.96e-02	9.43e-02	2.06e-01	2.62e-01	1.89e-01	1.05e-01	5.61e-02	5.89e-02	7.70e-03	3.65e-04
 9.89247e+22	0.00e+00	0.00e+00	7.22e-30	1.18e-25	3.00e-22	2.40e-19	8.18e-17	7.19e-15	3.84e-13	7.24e-12	1.02e-10	1.13e-09	1.39e-08	1.35e-07	1.45e-06	1.91e-05	2.25e-03	2.18e-02	1.02e-01	2.15e-01	2.65e-01	1.84e-01	9.88e-02	5.14e-02	5.27e-02	6.67e-03	3.05e-04
 9.94813e+22	0.00e+00	0.00e+00	1.51e-29	2.38e-25	5.83e-22	4.50e-19	1.47e-16	1.24e-14	6.36e-13	1.15e-11	1.55e-10	1.64e-09	1.92e-08	1.79e-07	1.83e-06	2.32e-05	2.65e-03	2.48e-02	1.12e-01	2.26e-01	2.67e-01	1.78e-01	9.18e-02	4.59e-02	4.58e-02	5.55e-03	2.44e-04
 1.00051e+23	0.00e+00	0.00e+00	2.82e-29	4.30e-25	1.02e-21	7.63e-19	2.42e-16	1.97e-14	9.72e-13	1.69e-11	2.20e-10	2.23e-09	2.53e-08	2.26e-07	2.23e-06	2.72e-05	3.03e-03	2.76e-02	1.20e-01	2.35e-01	2.68e-01	1.73e-01	8.59e-02	4.15e-02	4.05e-02	4.74e-03	2.01e-04
 1.00559e+23	0.00e+00	5.20e-34	5.14e-29	7.61e-25	1.75e-21	1.27e-18	3.89e-16	3.07e-14	1.46e-12	2.46e-11	3.08e-10	3.02e-09	3.29e-08	2.83e-07	2.69e-06	3.16e-05	3.44e-03	3.05e-02	1.29e-01	2.44e-01	2.68e-01	1.67e-01	8.03e-02	3.76e-02	3.58e-02	4.05e-03	1.66e-04
 1.01062e+23	0.00e+00	9.86e-34	9.42e-29	1.35e-24	3.02e-21	2.12e-18	6.30e-16	4.80e-14	2.21e-12	3.57e-11	4.32e-10	4.08e-09	4.28e-08	3.55e-07	3.25e-06	3.68e-05	3.90e-03	3.36e-02	1.38e-01	2.52e-01	2.68e-01	1.61e-01	7.48e-02	3.39e-02	3.16e-02	3.45e-03	1.37e-04
 1.01638e+23	0.00e+00	2.14e-33	1.96e-28	2.71e-24	5.84e-21	3.96e-18	1.13e-15	8.26e-14	3.64e-12	5.63e-11	6.51e-10	5.87e-09	5.88e-08	4.66e-07	4.08e-06	4.41e-05	4.53e-03	3.77e-02	1.49e-01	2.61e-01	2.66e-01	1.53e-01	6.84e-02	2.98e-02	2.70e-02	2.83e-03	1.08e-04
 1.02229e+23	0.00e+00	4.35e-33	3.84e-28	5.12e-24	1.06e-20	6.98e-18	1.92e-15	1.35e-13	5.72e-12	8.50e-11	9.42e-10	8.15e-09	7.84e-08	5.96e-07	4.99e-06	5.18e-05	5.18e-03	4.18e-02	1.60e-01	2.69e-01	2.63e-01	1.46e-01	6.28e-02	2.64e-02	2.33e-02	2.35e-03	8.60e-05
 1.02741e+23	0.00e+00	8.06e-33	6.87e-28	8.89e-24	1.79e-20	1.14e-17	3.04e-15	2.08e-13	8.48e-12	1.22e-10	1.30e-09	1.09e-08	1.01e-07	7.37e-07	5.95e-06	5.96e-05	5.80e-03	4.55e-02	1.69e-01	2.75e-01	2.60e-01	1.39e-01	5.81e-02	2.37e-02	2.04e-02	1.99e-03	7.05e-05
 1.03310e+23	0.00e+00	1.83e-32	1.50e-27	1.85e-23	3.60e-20	2.20e-17	5.60e-15	3.66e-13	1.43e-11	1.95e-10	1.99e-09	1.58e-08	1.40e-07	9.74e-07	7.49e-06	7.14e-05	6.73e-03	5.09e-02	1.82e-01	2.83e-01	2.55e-01	1.31e-01	5.21e-02	2.04e-02	1.71e-02	1.59e-03	5.39e-05
 1.03860e+23	0.00e+00	3.29e-32	2.60e-27	3.13e-23	5.90e-20	3.51e-17	8.67e-15	5.50e-13	2.07e-11	2.74e-10	2.70e-09	2.07e-08	1.76e-07	1.19e-06	8.82e-06	8.12e-05	7.46e-03	5.50e-02	1.91e-01	2.88e-01	2.51e-01	1.25e-01	4.81e-02	1.83e-02	1.50e-02	1.36e-03	4.44e-05
 1.04387e+23	0.00e+00	7.16e-32	5.42e-27	6.27e-23	1.14e-19	6.51e-17	1.54e-14	9.38e-13	3.38e-11	4.27e-10	4.02e-09	2.95e-08	2.40e-07	1.54e-06	1.09e-05	9.58e-05	8.53e-03	6.08e-02	2.03e-01	2.94e-01	2.45e-01	1.16e-01	4.32e-02	1.57e-02	1.26e-02	1.09e-03	3.42e-05
 1.04915e+23	0.00e+00	1.28e-31	9.38e-27	1.05e-22	1.86e-19	1.03e-16	2.38e-14	1.40e-12	4.88e-11	5.96e-10	5.42e-09	3.84e-08	3.02e-07	1.87e-06	1.28e-05	1.09e-04	9.42e-03	6.54e-02	2.12e-01	2.97e-01	2.40e-01	1.10e-01	3.97e-02	1.40e-02	1.10e-02	9.23e-04	2.81e-05
 1.05353e+23	0.00e+00	2.24e-31	1.59e-26	1.74e-22	2.97e-19	1.61e-16	3.59e-14	2.06e-12	6.94e-11	8.20e-10	7.20e-09	4.94e-08	3.75e-07	2.25e-06	1.48e-05	1.22e-04	1.03e-02	6.99e-02	2.21e-01	3.00e-01	2.34e-01	1.05e-01	3.65e-02	1.25e-02	9.68e-03	7.85e-04	2.32e-05
 1.05760e+23	0.00e+00	3.77e-31	2.60e-26	2.76e-22	4.60e-19	2.43e-16	5.28e-14	2.93e-12	9.61e-11	1.10e-09	9.39e-09	6.24e-08	4.59e-07	2.67e-06	1.70e-05	1.36e-04	1.12e-02	7.44e-02	2.29e-01	3.02e-01	2.29e-01	9.93e-02	3.37e-02	1.13e-02	8.56e-03	6.74e-04	1.93e-05
 1.06135e+23	0.00e+00	6.15e-31	4.12e-26	4.27e-22	6.94e-19	3.58e-16	7.57e-14	4.10e-12	1.30e-10	1.45e-09	1.20e-08	7.76e-08	5.54e-07	3.13e-06	1.94e-05	1.50e-04	1.22e-02	7.87e-02	2.37e-01	3.04e-01	2.24e-01	9.44e-02	3.13e-02	1.02e-02	7.61e-03	5.84e-04	1.63e-05
 1.06479e+23	0.00e+00	9.24e-31	6.06e-26	6.14e-22	9.78e-19	4.94e-16	1.02e-13	5.42e-12	1.69e-10	1.83e-09	1.48e-08	9.32e-08	6.49e-07	3.57e-06	2.16e-05	1.63e-04	1.30e-02	8.24e-02	2.43e-01	3.05e-01	2.20e-01	9.05e-02	2.93e-02	9.38e-03	6.89e-03	5.16e-04	1.41e-05
 1.06865e+23	0.00e+00	1.62e-30	1.03e-25	1.01e-21	1.56e-18	7.68e-16	1.54e-13	7.94e-12	2.39e-10	2.51e-09	1.96e-08	1.20e-07	8.05e-07	4.28e-06	2.50e-05	1.82e-04	1.42e-02	8.77e-02	2.52e-01	3.06e-01	2.13e-01	8.52e-02	2.68e-02	8.33e-03	6.01e-03	4.36e-04	1.15e-05
 1.07246e+23	0.00e+00	2.57e-30	1.59e-25	1.52e-21	2.30e-18	1.11e-15	2.17e-13	1.09e-11	3.18e-10	3.26e-09	2.48e-08	1.47e-07	9.60e-07	4.97e-06	2.82e-05	2.00e-04	1.52e-02	9.22e-02	2.59e-01	3.06e-01	2.08e-01	8.09e-02	2.48e-02	7.54e-03	5.36e-03	3.79e-04	9.77e-06
 1.07563e+23	0.00e+00	3.93e-30	2.37e-25	2.23e-21	3.29e-18	1.55e-15	2.97e-13	1.45e-11	4.15e-10	4.14e-09	3.07e-08	1.77e-07	1.13e-06	5.69e-06	3.14e-05	2.17e-04	1.62e-02	9.65e-02	2.65e-01	3.07e-01	2.03e-01	7.71e-02	2.31e-02	6.87e-03	4.81e-03	3.33e-04	8.37e-06
 1.07915e+23	0.00e+00	6.64e-30	3.89e-25	3.55e-21	5.10e-18	2.34e-15	4.36e-13	2.07e-11	5.74e-10	5.56e-09	3.99e-08	2.23e-07	1.38e-06	6.72e-06	3.59e-05	2.41e-04	1.75e-02	1.02e-01	2.73e-01	3.06e-01	1.96e-01	7.25e-02	2.12e-02	6.12e-03	4.22e-03	2.83e-04	6.91e-06
 1.08278e+23	0.00e+00	1.03e-29	5.87e-25	5.24e-21	7.35e-18	3.29e-15	6.00e-13	2.79e-11	7.53e-10	7.11e-09	4.97e-08	2.71e-07	1.63e-06	7.73e-06	4.02e-05	2.62e-04	1.87e-02	1.06e-01	2.80e-01	3.06e-01	1.91e-01	6.88e-02	1.96e-02	5.55e-03	3.77e-03	2.47e-04	5.88e-06
 1.08592e+23	0.00e+00	1.57e-29	8.72e-25	7.61e-21	1.05e-17	4.58e-15	8.16e-13	3.71e-11	9.77e-10	8.99e-09	6.13e-08	3.26e-07	1.91e-06	8.83e-06	4.47e-05	2.84e-04	1.99e-02	1.11e-01	2.86e-01	3.05e-01	1.86e-01	6.54e-02	1.83e-02	5.05e-03	3.38e-03	2.16e-04	5.03e-06
 1.08887e+23	0.00e+00	2.34e-29	1.27e-24	1.09e-20	1.46e-17	6.27e-15	1.09e-12	4.86e-11	1.25e-09	1.12e-08	7.48e-08	3.88e-07	2.22e-06	1.00e-05	4.94e-05	3.07e-04	2.10e-02	1.15e-01	2.91e-01	3.04e-01	1.81e-01	6.23e-02	1.70e-02	4.61e-03	3.05e-03	1.90e-04	4.33e-06
 1.09220e+23	0.00e+00	3.84e-29	2.03e-24	1.68e-20	2.20e-17	9.24e-15	1.57e-12	6.80e-11	1.70e-09	1.48e-08	9.57e-08	4.82e-07	2.67e-06	1.17e-05	5.60e-05	3.37e-04	2.26e-02	1.21e-01	2.98e-01	3.02e-01	1.75e-01	5.85e-02	1.56e-02	4.11e-03	2.68e-03	1.62e-04	3.59e-06
 1.09562e+23	0.00e+00	5.80e-29	2.99e-24	2.43e-20	3.11e-17	1.28e-14	2.12e-12	8.98e-11	2.19e-09	1.87e-08	1.18e-07	5.78e-07	3.12e-06	1.33e-05	6.21e-05	3.65e-04	2.39e-02	1.26e-01	3.03e-01	3.01e-01	1.69e-01	5.54e-02	1.44e-02	3.74e-03	2.40e-03	1.42e-04	3.07e-06
 1.09869e+23	0.00e+00	9.02e-29	4.53e-24	3.59e-20	4.49e-17	1.80e-14	2.92e-12	1.21e-10	2.87e-09	2.38e-08	1.46e-07	6.99e-07	3.68e-06	1.53e-05	6.92e-05	3.95e-04	2.54e-02	1.31e-01	3.09e-01	2.99e-01	1.64e-01	5.23e-02	1.33e-02	3.37e-03	2.13e-03	1.23e-04	2.59e-06
 1.10168e+23	0.00e+00	1.35e-28	6.63e-24	5.14e-20	6.28e-17	2.47e-14	3.92e-12	1.59e-10	3.68e-09	2.98e-08	1.79e-07	8.34e-07	4.28e-06	1.73e-05	7.65e-05	4.26e-04	2.69e-02	1.36e-01	3.14e-01	2.97e-01	1.59e-01	4.96e-02	1.23e-02	3.06e-03	1.91e-03	1.08e-04	2.22e-06
 1.10447e+23	0.00e+00	1.99e-28	9.51e-24	7.22e-20	8.63e-17	3.33e-14	5.18e-12	2.05e-10	4.65e-09	3.69e-08	2.16e-07	9.84e-07	4.93e-06	1.95e-05	8.40e-05	4.57e-04	2.83e-02	1.40e-01	3.19e-01	2.95e-01	1.54e-01	4.70e-02	1.15e-02	2.79e-03	1.72e-03	9.50e-05	1.91e-06
 1.10713e+23	0.00e+00	2.89e-28	1.35e-23	1.01e-19	1.18e-16	4.46e-14	6.81e-12	2.64e-10	5.85e-09	4.54e-08	2.60e-07	1.16e-06	5.67e-06	2.19e-05	9.21e-05	4.90e-04	2.97e-02	1.45e-01	3.23e-01	2.92e-01	1.49e-01	4.47e-02	1.07e-02	2.55e-03	1.55e-03	8.38e-05	1.65e-06
 1.11017e+23	0.00e+00	4.65e-28	2.11e-23	1.53e-19	1.74e-16	6.44e-14	9.59e-12	3.63e-10	7.81e-09	5.90e-08	3.28e-07	1.42e-06	6.75e-06	2.53e-05	1.03e-04	5.34e-04	3.16e-02	1.51e-01	3.29e-01	2.89e-01	1.44e-01	4.18e-02	9.76e-03	2.27e-03	1.36e-03	7.16e-05	1.37e-06
 1.11325e+23	0.00e+00	7.05e-28	3.12e-23	2.21e-19	2.46e-16	8.88e-14	1.29e-11	4.79e-10	1.01e-08	7.41e-08	4.02e-07	1.70e-06	7.86e-06	2.87e-05	1.14e-04	5.75e-04	3.33e-02	1.56e-01	3.34e-01	2.86e-01	1.38e-01	3.94e-02	9.00e-03	2.05e-03	1.21e-03	6.22e-05	1.17e-06
 1.11588e+23	0.00e+00	1.02e-27	4.42e-23	3.06e-19	3.33e-16	1.18e-13	1.69e-11	6.14e-10	1.26e-08	9.09e-08	4.82e-07	1.99e-06	9.01e-06	3.22e-05	1.25e-04	6.14e-04	3.49e-02	1.61e-01	3.37e-01	2.83e-01	1.34e-01	3.73e-02	8.37e-03	1.87e-03	1.09e-03	5.49e-05	1.01e-06
 1.11880e+23	0.00e+00	1.64e-27	6.88e-23	4.63e-19	4.92e-16	1.70e-13	2.37e-11	8.40e-10	1.68e-08	1.18e-07	6.07e-07	2.44e-06	1.07e-05	3.71e-05	1.40e-04	6.68e-04	3.71e-02	1.67e-01	3.42e-01	2.80e-01	1.28e-01	3.48e-02	7.61e-03	1.66e-03	9.58e-04	4.67e-05	8.33e-07
 1.12180e+23	0.00e+00	2.48e-27	1.02e-22	6.69e-19	6.92e-16	2.35e-13	3.20e-11	1.11e-09	2.16e-08	1.48e-07	7.45e-07	2.92e-06	1.25e-05	4.21e-05	1.55e-04	7.19e-04	3.90e-02	1.72e-01	3.46e-01	2.76e-01	1.23e-01	3.27e-02	7.00e-03	1.50e-03	8.50e-04	4.05e-05	7.05e-07
 1.12446e+23	0.00e+00	3.67e-27	1.47e-22	9.41e-19	9.52e-16	3.17e-13	4.23e-11	1.44e-09	2.73e-08	1.83e-07	9.01e-07	3.45e-06	1.44e-05	4.74e-05	1.70e-04	7.70e-04	4.09e-02	1.77e-01	3.50e-01	2.73e-01	1.19e-01	3.08e-02	6.47e-03	1.35e-03	7.61e-04	3.54e-05	6.02e-07
 1.12745e+23	0.00e+00	6.10e-27	2.36e-22	1.47e-18	1.44e-15	4.68e-13	6.09e-11	2.01e-09	3.72e-08	2.42e-07	1.15e-06	4.28e-06	1.73e-05	5.53e-05	1.91e-04	8.41e-04	4.35e-02	1.84e-01	3.54e-01	2.68e-01	1.13e-01	2.85e-02	5.82e-03	1.19e-03	6.56e-04	2.96e-05	4.89e-07
 1.13048e+23	0.00e+00	9.20e-27	3.47e-22	2.11e-18	2.02e-15	6.41e-13	8.17e-11	2.65e-09	4.77e-08	3.03e-07	1.41e-06	5.11e-06	2.01e-05	6.26e-05	2.11e-04	9.03e-04	4.56e-02	1.90e-01	3.58e-01	2.64e-01	1.09e-01	2.67e-02	5.34e-03	1.07e-03	5.82e-04	2.56e-05	4.13e-07
 1.13306e+23	0.00e+00	1.33e-26	4.88e-22	2.90e-18	2.72e-15	8.48e-13	1.06e-10	3.37e-09	5.95e-08	3.70e-07	1.69e-06	5.97e-06	2.30e-05	6.99e-05	2.30e-04	9.62e-04	4.77e-02	1.94e-01	3.60e-01	2.60e-01	1.05e-01	2.52e-02	4.94e-03	9.69e-04	5.22e-04	2.25e-05	3.54e-07
 1.13592e+23	0.00e+00	2.27e-26	8.05e-22	4.63e-18	4.20e-15	1.27e-12	1.55e-10	4.80e-09	8.21e-08	4.96e-07	2.19e-06	7.50e-06	2.80e-05	8.20e-05	2.60e-04	1.05e-03	5.06e-02	2.02e-01	3.64e-01	2.54e-01	9.88e-02	2.31e-02	4.41e-03	8.40e-04	4.45e-04	1.86e-05	2.83e-07
 1.13873e+23	0.00e+00	3.21e-26	1.12e-21	6.28e-18	5.59e-15	1.66e-12	1.99e-10	6.05e-09	1.01e-07	6.01e-07	2.60e-06	8.72e-06	3.18e-05	9.12e-05	2.83e-04	1.12e-03	5.27e-02	2.06e-01	3.66e-01	2.51e-01	9.52e-02	2.18e-02	4.09e-03	7.65e-04	4.01e-04	1.64e-05	2.44e-07
 1.14145e+23	0.00e+00	5.33e-26	1.79e-21	9.75e-18	8.40e-15	2.44e-12	2.85e-10	8.45e-09	1.37e-07	7.92e-07	3.32e-06	1.08e-05	3.82e-05	1.06e-04	3.18e-04	1.22e-03	5.58e-02	2.13e-01	3.70e-01	2.45e-01	9.00e-02	2.01e-02	3.66e-03	6.67e-04	3.44e-04	1.36e-05	1.97e-07
 1.14413e+23	0.00e+00	7.49e-26	2.46e-21	1.31e-17	1.11e-14	3.15e-12	3.63e-10	1.06e-08	1.69e-07	9.54e-07	3.92e-06	1.25e-05	4.32e-05	1.18e-04	3.45e-04	1.29e-03	5.80e-02	2.18e-01	3.71e-01	2.41e-01	8.66e-02	1.89e-02	3.39e-03	6.07e-04	3.10e-04	1.20e-05	1.70e-07
 1.14674e+23	0.00e+00	1.21e-25	3.83e-21	1.99e-17	1.62e-14	4.52e-12	5.09e-10	1.45e-08	2.25e-07	1.24e-06	4.95e-06	1.54e-05	5.15e-05	1.36e-04	3.85e-04	1.40e-03	6.11e-02	2.24e-01	3.74e-01	2.36e-01	8.19e-02	1.74e-02	3.05e-03	5.32e-04	2.67e-04	1.00e-05	1.38e-07
 1.14939e+23	0.00e+00	1.77e-25	5.46e-21	2.76e-17	2.20e-14	6.02e-12	6.65e-10	1.86e-08	2.83e-07	1.53e-06	5.96e-06	1.81e-05	5.91e-05	1.52e-04	4.21e-04	1.50e-03	6.37e-02	2.30e-01	3.75e-01	2.31e-01	7.83e-02	1.63e-02	2.79e-03	4.78e-04	2.37e-04	8.69e-06	0.00e+00
 1.15210e+23	0.00e+00	2.93e-25	8.74e-21	4.27e-17	3.30e-14	8.80e-12	9.50e-10	2.60e-08	3.84e-07	2.02e-06	7.65e-06	2.25e-05	7.12e-05	1.77e-04	4.74e-04	1.63e-03	6.72e-02	2.36e-01	3.77e-01	2.25e-01	7.36e-02	1.49e-02	2.48e-03	4.14e-04	2.02e-04	7.16e-06	0.00e+00
 1.15479e+23	0.00e+00	4.22e-25	1.23e-20	5.85e-17	4.43e-14	1.16e-11	1.23e-09	3.31e-08	4.78e-07	2.46e-06	9.15e-06	2.63e-05	8.14e-05	1.98e-04	5.17e-04	1.73e-03	6.99e-02	2.42e-01	3.78e-01	2.20e-01	7.04e-02	1.39e-02	2.28e-03	3.72e-04	1.79e-04	6.21e-06	0.00e+00
 1.15747e+23	0.00e+00	6.91e-25	1.94e-20	8.96e-17	6.55e-14	1.67e-11	1.74e-09	4.59e-08	6.45e-07	3.24e-06	1.17e-05	3.26e-05	9.76e-05	2.30e-04	5.80e-04	1.88e-03	7.36e-02	2.48e-01	3.80e-01	2.14e-01	6.61e-02	1.27e-02	2.02e-03	3.22e-04	1.53e-04	5.12e-06	0.00e+00
 1.16020e+23	0.00e+00	1.02e-24	2.78e-20	1.25e-16	8.92e-14	2.23e-11	2.29e-09	5.94e-08	8.16e-07	4.01e-06	1.41e-05	3.86e-05	1.13e-04	2.59e-04	6.36e-04	2.01e-03	7.67e-02	2.54e-01	3.81e-01	2.09e-01	6.28e-02	1.18e-02	1.84e-03	2.87e-04	1.34e-04	4.39e-06	0.00e+00
 1.16259e+23	0.00e+00	1.49e-24	3.94e-20	1.73e-16	1.20e-13	2.96e-11	2.98e-09	7.62e-08	1.03e-06	4.95e-06	1.71e-05	4.55e-05	1.30e-04	2.90e-04	6.95e-04	2.15e-03	7.98e-02	2.59e-01	3.81e-01	2.04e-01	5.97e-02	1.10e-02	1.68e-03	2.56e-04	1.18e-04	3.77e-06	0.00e+00
 1.16530e+23	0.00e+00	2.42e-24	6.20e-20	2.63e-16	1.77e-13	4.25e-11	4.21e-09	1.06e-07	1.38e-06	6.50e-06	2.18e-05	5.64e-05	1.56e-04	3.37e-04	7.81e-04	2.33e-03	8.40e-02	2.66e-01	3.81e-01	1.98e-01	5.58e-02	9.96e-03	1.48e-03	2.21e-04	9.99e-05	3.08e-06	0.00e+00
 1.16801e+23	0.00e+00	3.53e-24	8.77e-20	3.62e-16	2.38e-13	5.62e-11	5.48e-09	1.36e-07	1.74e-06	8.03e-06	2.63e-05	6.66e-05	1.79e-04	3.79e-04	8.54e-04	2.49e-03	8.73e-02	2.71e-01	3.81e-01	1.93e-01	5.29e-02	9.23e-03	1.35e-03	1.96e-04	8.77e-05	2.63e-06	0.00e+00
 1.17073e+23	0.00e+00	5.72e-24	1.37e-19	5.47e-16	3.48e-13	8.03e-11	7.70e-09	1.87e-07	2.34e-06	1.05e-05	3.36e-05	8.25e-05	2.15e-04	4.40e-04	9.59e-04	2.71e-03	9.18e-02	2.77e-01	3.81e-01	1.86e-01	4.92e-02	8.34e-03	1.19e-03	1.68e-04	7.39e-05	2.14e-06	0.00e+00
 1.17349e+23	0.00e+00	8.37e-24	1.95e-19	7.56e-16	4.69e-13	1.06e-10	1.01e-08	2.42e-07	2.96e-06	1.31e-05	4.08e-05	9.79e-05	2.49e-04	4.96e-04	1.05e-03	2.89e-03	9.54e-02	2.82e-01	3.81e-01	1.81e-01	4.65e-02	7.69e-03	1.07e-03	1.49e-04	6.44e-05	1.82e-06	0.00e+00
 1.17631e+23	0.00e+00	1.37e-23	3.06e-19	1.15e-15	6.88e-13	1.53e-10	1.42e-08	3.36e-07	4.02e-06	1.73e-05	5.25e-05	1.22e-04	3.00e-04	5.79e-04	1.19e-03	3.16e-03	1.00e-01	2.89e-01	3.80e-01	1.74e-01	4.30e-02	6.91e-03	9.37e-04	1.26e-04	5.37e-05	1.46e-06	0.00e+00
 1.17914e+23	0.00e+00	1.98e-23	4.30e-19	1.57e-15	9.18e-13	2.00e-10	1.85e-08	4.32e-07	5.07e-06	2.14e-05	6.35e-05	1.45e-04	3.47e-04	6.52e-04	1.30e-03	3.37e-03	1.04e-01	2.94e-01	3.79e-01	1.69e-01	4.05e-02	6.36e-03	8.45e-04	1.12e-04	4.67e-05	1.24e-06	0.00e+00
 1.18198e+23	0.00e+00	3.20e-23	6.68e-19	2.35e-15	1.33e-12	2.85e-10	2.59e-08	5.99e-07	6.86e-06	2.83e-05	8.16e-05	1.80e-04	4.18e-04	7.60e-04	1.46e-03	3.67e-03	1.10e-01	3.01e-01	3.77e-01	1.62e-01	3.74e-02	5.69e-03	7.36e-04	9.45e-05	3.88e-05	9.91e-07	0.00e+00
 1.18475e+23	0.00e+00	4.47e-23	9.08e-19	3.11e-15	1.73e-12	3.64e-10	3.29e-08	7.53e-07	8.47e-06	3.45e-05	9.73e-05	2.10e-04	4.77e-04	8.47e-04	1.59e-03	3.90e-03	1.13e-01	3.05e-01	3.75e-01	1.58e-01	3.53e-02	5.26e-03	6.67e-04	8.40e-05	3.40e-05	8.46e-07	0.00e+00
 1.18743e+23	0.00e+00	6.87e-23	1.35e-18	4.47e-15	2.40e-12	4.99e-10	4.46e-08	1.01e-06	1.11e-05	4.44e-05	1.22e-04	2.57e-04	5.65e-04	9.75e-04	1.77e-03	4.23e-03	1.19e-01	3.11e-01	3.73e-01	1.51e-01	3.27e-02	4.73e-03	5.85e-04	7.19e-05	2.86e-05	6.87e-07	0.00e+00
 1.19017e+23	0.00e+00	9.65e-23	1.84e-18	5.94e-15	3.12e-12	6.39e-10	5.68e-08	1.28e-06	1.39e-05	5.44e-05	1.47e-04	3.02e-04	6.48e-04	1.09e-03	1.93e-03	4.50e-03	1.23e-01	3.15e-01	3.71e-01	1.46e-01	3.08e-02	4.34e-03	5.27e-04	6.35e-05	2.49e-05	5.81e-07	0.00e+00
 1.19297e+23	0.00e+00	1.48e-22	2.71e-18	8.49e-15	4.34e-12	8.74e-10	7.71e-08	1.73e-06	1.83e-05	7.03e-05	1.85e-04	3.70e-04	7.71e-04	1.26e-03	2.16e-03	4.88e-03	1.29e-01	3.21e-01	3.68e-01	1.40e-01	2.83e-02	3.89e-03	4.60e-04	5.40e-05	2.08e-05	4.68e-07	0.00e+00
 1.19582e+23	0.00e+00	2.05e-22	3.67e-18	1.12e-14	5.59e-12	1.11e-09	9.77e-08	2.17e-06	2.27e-05	8.58e-05	2.21e-04	4.34e-04	8.81e-04	1.41e-03	2.35e-03	5.20e-03	1.33e-01	3.25e-01	3.65e-01	1.35e-01	2.66e-02	3.56e-03	4.13e-04	4.75e-05	1.80e-05	3.95e-07	0.00e+00
 1.19873e+23	0.00e+00	3.13e-22	5.37e-18	1.59e-14	7.71e-12	1.51e-09	1.32e-07	2.93e-06	3.00e-05	1.11e-04	2.79e-04	5.32e-04	1.05e-03	1.62e-03	2.63e-03	5.64e-03	1.39e-01	3.31e-01	3.61e-01	1.29e-01	2.44e-02	3.17e-03	3.59e-04	4.02e-05	1.50e-05	3.16e-07	0.00e+00
 1.20168e+23	0.00e+00	4.30e-22	7.19e-18	2.07e-14	9.85e-12	1.91e-09	1.67e-07	3.68e-06	3.70e-05	1.35e-04	3.33e-04	6.22e-04	1.20e-03	1.81e-03	2.86e-03	6.00e-03	1.44e-01	3.35e-01	3.58e-01	1.24e-01	2.28e-02	2.90e-03	3.22e-04	3.54e-05	1.30e-05	2.66e-07	0.00e+00
 1.20470e+23	0.00e+00	6.47e-22	1.04e-17	2.91e-14	1.35e-11	2.58e-09	2.25e-07	4.94e-06	4.87e-05	1.75e-04	4.19e-04	7.62e-04	1.42e-03	2.09e-03	3.20e-03	6.51e-03	1.51e-01	3.39e-01	3.53e-01	1.18e-01	2.09e-02	2.58e-03	2.78e-04	2.98e-05	1.07e-05	2.12e-07	0.00e+00
 1.20779e+23	0.00e+00	8.88e-22	1.39e-17	3.79e-14	1.72e-11	3.26e-09	2.83e-07	6.20e-06	6.03e-05	2.13e-04	5.01e-04	8.91e-04	1.62e-03	2.33e-03	3.48e-03	6.94e-03	1.56e-01	3.43e-01	3.49e-01	1.14e-01	1.95e-02	2.35e-03	2.49e-04	2.61e-05	9.23e-06	1.77e-07	0.00e+00
 1.21098e+23	0.00e+00	1.33e-21	2.00e-17	5.29e-14	2.34e-11	4.38e-09	3.80e-07	8.32e-06	7.94e-05	2.75e-04	6.30e-04	1.09e-03	1.93e-03	2.68e-03	3.88e-03	7.53e-03	1.63e-01	3.48e-01	3.43e-01	1.08e-01	1.77e-02	2.07e-03	2.14e-04	2.19e-05	7.59e-06	1.41e-07	0.00e+00
 1.21417e+23	0.00e+00	1.79e-21	2.63e-17	6.78e-14	2.94e-11	5.46e-09	4.75e-07	1.04e-05	9.75e-05	3.33e-04	7.48e-04	1.27e-03	2.19e-03	2.98e-03	4.22e-03	8.00e-03	1.69e-01	3.51e-01	3.39e-01	1.03e-01	1.65e-02	1.89e-03	1.91e-04	1.92e-05	6.54e-06	0.00e+00	0.00e+00
 1.21736e+23	1.77e-34	2.62e-21	3.71e-17	9.28e-14	3.93e-11	7.23e-09	6.30e-07	1.38e-05	1.27e-04	4.25e-04	9.33e-04	1.54e-03	2.58e-03	3.41e-03	4.68e-03	8.66e-03	1.76e-01	3.55e-01	3.33e-01	9.78e-02	1.50e-02	1.67e-03	1.65e-04	1.61e-05	5.39e-06	0.00e+00	0.00e+00
 1.22062e+23	2.49e-34	3.51e-21	4.85e-17	1.19e-13	4.93e-11	8.99e-09	7.84e-07	1.71e-05	1.55e-04	5.14e-04	1.11e-03	1.79e-03	2.93e-03	3.78e-03	5.08e-03	9.20e-03	1.82e-01	3.57e-01	3.27e-01	9.36e-02	1.40e-02	1.51e-03	1.47e-04	1.41e-05	4.64e-06	0.00e+00	0.00e+00
 1.22397e+23	3.85e-34	5.09e-21	6.80e-17	1.61e-13	6.55e-11	1.19e-08	1.04e-06	2.26e-05	2.02e-04	6.54e-04	1.37e-03	2.16e-03	3.44e-03	4.32e-03	5.63e-03	9.93e-03	1.89e-01	3.60e-01	3.20e-01	8.83e-02	1.27e-02	1.33e-03	1.26e-04	1.18e-05	3.82e-06	0.00e+00	0.00e+00
 1.22725e+23	5.26e-34	6.64e-21	8.66e-17	2.01e-13	8.04e-11	1.45e-08	1.27e-06	2.76e-05	2.43e-04	7.78e-04	1.61e-03	2.48e-03	3.86e-03	4.75e-03	6.06e-03	1.05e-02	1.95e-01	3.62e-01	3.15e-01	8.45e-02	1.18e-02	1.22e-03	1.13e-04	1.04e-05	3.31e-06	0.00e+00	0.00e+00
 1.23043e+23	7.81e-34	9.31e-21	1.18e-16	2.66e-13	1.04e-10	1.86e-08	1.64e-06	3.58e-05	3.09e-04	9.74e-04	1.96e-03	2.95e-03	4.47e-03	5.36e-03	6.66e-03	1.13e-02	2.02e-01	3.64e-01	3.08e-01	7.98e-02	1.07e-02	1.08e-03	9.76e-05	8.80e-06	2.75e-06	0.00e+00	0.00e+00
 1.23366e+23	1.06e-33	1.21e-20	1.49e-16	3.31e-13	1.27e-10	2.26e-08	2.00e-06	4.35e-05	3.71e-04	1.15e-03	2.28e-03	3.37e-03	5.00e-03	5.88e-03	7.15e-03	1.19e-02	2.08e-01	3.66e-01	3.02e-01	7.63e-02	9.98e-03	9.80e-04	8.74e-05	7.75e-06	2.38e-06	0.00e+00	0.00e+00
 1.23696e+23	1.56e-33	1.68e-20	2.01e-16	4.35e-13	1.65e-10	2.90e-08	2.57e-06	5.61e-05	4.70e-04	1.44e-03	2.78e-03	4.00e-03	5.78e-03	6.61e-03	7.83e-03	1.27e-02	2.15e-01	3.67e-01	2.94e-01	7.18e-02	9.07e-03	8.66e-04	7.55e-05	6.54e-06	1.98e-06	0.00e+00	0.00e+00
 1.24034e+23	2.13e-33	2.19e-20	2.56e-16	5.43e-13	2.02e-10	3.54e-08	3.15e-06	6.89e-05	5.69e-04	1.71e-03	3.26e-03	4.59e-03	6.48e-03	7.26e-03	8.42e-03	1.35e-02	2.21e-01	3.68e-01	2.88e-01	6.83e-02	8.38e-03	7.82e-04	6.70e-05	5.70e-06	1.70e-06	0.00e+00	0.00e+00
