#depth	Cl	Cl+	Cl+2	Cl+3	Cl+4	Cl+5	Cl+6	Cl+7	Cl+8	Cl+9	Cl+10	Cl+11	Cl+12	Cl+13	Cl+14	Cl+15	Cl+16	Cl+17
 4.62852e+21	0.00e+00	0.00e+00	0.00e+00	0.00e+00	0.00e+00	0.00e+00	0.00e+00	0.00e+00	0.00e+00	0.00e+00	4.99e-23	2.63e-19	7.56e-16	1.38e-12	2.77e-09	1.03e-05	5.63e-03	9.94e-01
 1.05213e+22	0.00e+00	0.00e+00	0.00e+00	0.00e+00	0.00e+00	0.00e+00	0.00e+00	0.00e+00	0.00e+00	9.81e-26	6.00e-22	2.20e-18	4.62e-15	5.85e-12	8.20e-09	2.12e-05	8.07e-03	9.92e-01
 1.26197e+22	0.00e+00	0.00e+00	0.00e+00	0.00e+00	0.00e+00	0.00e+00	0.00e+00	0.00e+00	0.00e+00	6.53e-25	3.15e-21	9.09e-18	1.50e-14	1.51e-11	1.67e-08	3.40e-05	1.02e-02	9.90e-01
 1.41213e+22	0.00e+00	0.00e+00	0.00e+00	0.00e+00	0.00e+00	0.00e+00	0.00e+00	0.00e+00	3.45e-28	2.98e-24	1.19e-20	2.84e-17	3.88e-14	3.21e-11	2.94e-08	4.96e-05	1.23e-02	9.88e-01
 1.50849e+22	0.00e+00	0.00e+00	0.00e+00	0.00e+00	0.00e+00	0.00e+00	0.00e+00	0.00e+00	7.02e-28	5.60e-24	2.06e-20	4.54e-17	5.73e-14	4.39e-11	3.71e-08	5.79e-05	1.33e-02	9.87e-01
 1.57664e+22	0.00e+00	0.00e+00	0.00e+00	0.00e+00	0.00e+00	0.00e+00	0.00e+00	0.00e+00	1.90e-27	1.35e-23	4.43e-20	8.95e-17	1.01e-13	6.90e-11	5.21e-08	7.26e-05	1.49e-02	9.85e-01
 1.64609e+22	0.00e+00	0.00e+00	0.00e+00	0.00e+00	0.00e+00	0.00e+00	0.00e+00	0.00e+00	3.98e-27	2.61e-23	7.87e-20	1.46e-16	1.52e-13	9.56e-11	6.66e-08	8.54e-05	1.61e-02	9.84e-01
 1.70199e+22	0.00e+00	0.00e+00	0.00e+00	0.00e+00	0.00e+00	0.00e+00	0.00e+00	0.00e+00	7.64e-27	4.64e-23	1.30e-19	2.25e-16	2.17e-13	1.28e-10	8.26e-08	9.86e-05	1.73e-02	9.83e-01
 1.75037e+22	0.00e+00	0.00e+00	0.00e+00	0.00e+00	0.00e+00	0.00e+00	0.00e+00	0.00e+00	1.39e-26	7.89e-23	2.07e-19	3.34e-16	3.02e-13	1.66e-10	1.01e-07	1.12e-04	1.85e-02	9.81e-01
 1.80423e+22	0.00e+00	0.00e+00	0.00e+00	0.00e+00	0.00e+00	0.00e+00	0.00e+00	0.00e+00	3.08e-26	1.60e-22	3.84e-19	5.67e-16	4.69e-13	2.36e-10	1.31e-07	1.34e-04	2.02e-02	9.80e-01
 1.85738e+22	0.00e+00	0.00e+00	0.00e+00	0.00e+00	0.00e+00	0.00e+00	0.00e+00	0.00e+00	5.29e-26	2.58e-22	5.84e-19	8.11e-16	6.31e-13	2.99e-10	1.56e-07	1.51e-04	2.14e-02	9.78e-01
 1.90961e+22	0.00e+00	0.00e+00	0.00e+00	0.00e+00	0.00e+00	0.00e+00	0.00e+00	1.05e-29	1.10e-25	4.97e-22	1.03e-18	1.32e-15	9.47e-13	4.14e-10	1.99e-07	1.77e-04	2.32e-02	9.77e-01
 1.96302e+22	0.00e+00	0.00e+00	0.00e+00	0.00e+00	0.00e+00	0.00e+00	0.00e+00	2.11e-29	2.06e-25	8.63e-22	1.67e-18	1.99e-15	1.33e-12	5.44e-10	2.45e-07	2.03e-04	2.48e-02	9.75e-01
 2.01037e+22	0.00e+00	0.00e+00	0.00e+00	0.00e+00	0.00e+00	0.00e+00	0.00e+00	4.09e-29	3.73e-25	1.46e-21	2.65e-18	2.96e-15	1.85e-12	7.07e-10	2.98e-07	2.31e-04	2.64e-02	9.73e-01
 2.06435e+22	0.00e+00	0.00e+00	0.00e+00	0.00e+00	0.00e+00	0.00e+00	0.00e+00	9.88e-29	8.24e-25	2.95e-21	4.89e-18	4.99e-15	2.86e-12	1.00e-09	3.86e-07	2.75e-04	2.88e-02	9.71e-01
 2.11769e+22	0.00e+00	0.00e+00	0.00e+00	0.00e+00	0.00e+00	0.00e+00	0.00e+00	1.81e-28	1.42e-24	4.77e-21	7.43e-18	7.14e-15	3.85e-12	1.27e-09	4.62e-07	3.10e-04	3.05e-02	9.69e-01
 2.17022e+22	0.00e+00	0.00e+00	0.00e+00	0.00e+00	0.00e+00	0.00e+00	0.00e+00	4.10e-28	2.95e-24	9.14e-21	1.31e-17	1.16e-14	5.76e-12	1.75e-09	5.88e-07	3.63e-04	3.30e-02	9.67e-01
 2.22451e+22	0.00e+00	0.00e+00	0.00e+00	0.00e+00	0.00e+00	0.00e+00	0.00e+00	8.25e-28	5.52e-24	1.59e-20	2.15e-17	1.77e-14	8.18e-12	2.32e-09	7.25e-07	4.17e-04	3.54e-02	9.64e-01
 2.27256e+22	0.00e+00	0.00e+00	0.00e+00	0.00e+00	0.00e+00	0.00e+00	0.00e+00	1.60e-27	9.98e-24	2.69e-20	3.39e-17	2.61e-14	1.13e-11	3.00e-09	8.79e-07	4.75e-04	3.77e-02	9.62e-01
 2.32646e+22	0.00e+00	0.00e+00	0.00e+00	0.00e+00	0.00e+00	0.00e+00	0.00e+00	3.84e-27	2.19e-23	5.39e-20	6.22e-17	4.38e-14	1.74e-11	4.23e-09	1.14e-06	5.63e-04	4.09e-02	9.58e-01
 2.37520e+22	0.00e+00	0.00e+00	0.00e+00	0.00e+00	0.00e+00	0.00e+00	0.00e+00	6.36e-27	3.45e-23	8.06e-20	8.84e-17	5.91e-14	2.23e-11	5.16e-09	1.32e-06	6.21e-04	4.30e-02	9.56e-01
 2.41723e+22	0.00e+00	0.00e+00	0.00e+00	0.00e+00	0.00e+00	0.00e+00	0.00e+00	1.18e-26	6.00e-23	1.32e-19	1.35e-16	8.50e-14	3.01e-11	6.57e-09	1.58e-06	7.00e-04	4.55e-02	9.54e-01
 2.46276e+22	0.00e+00	0.00e+00	0.00e+00	0.00e+00	0.00e+00	0.00e+00	0.00e+00	2.18e-26	1.04e-22	2.14e-19	2.07e-16	1.22e-13	4.07e-11	8.36e-09	1.89e-06	7.89e-04	4.83e-02	9.51e-01
 2.50405e+22	0.00e+00	0.00e+00	0.00e+00	0.00e+00	0.00e+00	0.00e+00	0.00e+00	3.80e-26	1.71e-22	3.33e-19	3.04e-16	1.70e-13	5.35e-11	1.04e-08	2.23e-06	8.79e-04	5.09e-02	9.48e-01
 2.54890e+22	0.00e+00	0.00e+00	0.00e+00	0.00e+00	0.00e+00	0.00e+00	5.22e-30	7.65e-26	3.20e-22	5.80e-19	4.93e-16	2.56e-13	7.53e-11	1.37e-08	2.73e-06	1.01e-03	5.43e-02	9.45e-01
 2.59440e+22	0.00e+00	0.00e+00	0.00e+00	0.00e+00	0.00e+00	0.00e+00	9.73e-30	1.34e-25	5.31e-22	9.07e-19	7.29e-16	3.57e-13	9.92e-11	1.70e-08	3.22e-06	1.12e-03	5.73e-02	9.42e-01
 2.64073e+22	0.00e+00	0.00e+00	0.00e+00	0.00e+00	0.00e+00	0.00e+00	2.15e-29	2.75e-25	1.01e-21	1.60e-18	1.19e-15	5.44e-13	1.41e-10	2.25e-08	3.96e-06	1.29e-03	6.12e-02	9.37e-01
 2.68697e+22	0.00e+00	0.00e+00	0.00e+00	0.00e+00	0.00e+00	0.00e+00	4.01e-29	4.85e-25	1.68e-21	2.51e-18	1.77e-15	7.60e-13	1.86e-10	2.81e-08	4.68e-06	1.43e-03	6.45e-02	9.34e-01
 2.72695e+22	0.00e+00	0.00e+00	0.00e+00	0.00e+00	0.00e+00	0.00e+00	7.38e-29	8.41e-25	2.74e-21	3.87e-18	2.58e-15	1.05e-12	2.42e-10	3.47e-08	5.48e-06	1.59e-03	6.79e-02	9.31e-01
 2.77279e+22	0.00e+00	0.00e+00	0.00e+00	0.00e+00	0.00e+00	0.00e+00	1.62e-28	1.71e-24	5.17e-21	6.78e-18	4.20e-15	1.59e-12	3.42e-10	4.57e-08	6.73e-06	1.82e-03	7.25e-02	9.26e-01
 2.81516e+22	0.00e+00	0.00e+00	0.00e+00	0.00e+00	0.00e+00	0.00e+00	2.76e-28	2.77e-24	7.98e-21	9.99e-18	5.89e-15	2.12e-12	4.34e-10	5.53e-08	7.76e-06	2.00e-03	7.58e-02	9.22e-01
 2.84760e+22	0.00e+00	0.00e+00	0.00e+00	0.00e+00	0.00e+00	0.00e+00	4.54e-28	4.35e-24	1.19e-20	1.43e-17	8.03e-15	2.76e-12	5.40e-10	6.58e-08	8.84e-06	2.18e-03	7.90e-02	9.19e-01
 2.88434e+22	0.00e+00	0.00e+00	0.00e+00	0.00e+00	0.00e+00	0.00e+00	8.24e-28	7.45e-24	1.93e-20	2.18e-17	1.16e-14	3.78e-12	7.01e-10	8.10e-08	1.03e-05	2.42e-03	8.29e-02	9.15e-01
 2.92381e+22	0.00e+00	0.00e+00	0.00e+00	0.00e+00	0.00e+00	0.00e+00	1.46e-27	1.25e-23	3.07e-20	3.28e-17	1.66e-14	5.12e-12	9.00e-10	9.89e-08	1.20e-05	2.67e-03	8.69e-02	9.10e-01
 2.95945e+22	0.00e+00	0.00e+00	0.00e+00	0.00e+00	0.00e+00	0.00e+00	2.48e-27	2.02e-23	4.72e-20	4.80e-17	2.31e-14	6.78e-12	1.14e-09	1.19e-07	1.38e-05	2.92e-03	9.07e-02	9.06e-01
 2.99315e+22	0.00e+00	0.00e+00	0.00e+00	0.00e+00	0.00e+00	0.00e+00	4.16e-27	3.22e-23	7.16e-20	6.95e-17	3.18e-14	8.91e-12	1.43e-09	1.43e-07	1.57e-05	3.19e-03	9.46e-02	9.02e-01
 3.03171e+22	0.00e+00	0.00e+00	0.00e+00	0.00e+00	0.00e+00	1.70e-30	7.89e-27	5.74e-23	1.20e-19	1.10e-16	4.74e-14	1.25e-11	1.88e-09	1.78e-07	1.86e-05	3.56e-03	9.96e-02	8.97e-01
 3.07155e+22	0.00e+00	0.00e+00	0.00e+00	0.00e+00	0.00e+00	3.13e-30	1.38e-26	9.54e-23	1.89e-19	1.64e-16	6.72e-14	1.68e-11	2.41e-09	2.17e-07	2.15e-05	3.91e-03	1.04e-01	8.92e-01
 3.10621e+22	0.00e+00	0.00e+00	0.00e+00	0.00e+00	0.00e+00	5.46e-30	2.31e-26	1.52e-22	2.87e-19	2.37e-16	9.25e-14	2.21e-11	3.02e-09	2.59e-07	2.45e-05	4.27e-03	1.09e-01	8.87e-01
 3.14446e+22	0.00e+00	0.00e+00	0.00e+00	0.00e+00	0.00e+00	1.06e-29	4.27e-26	2.64e-22	4.71e-19	3.66e-16	1.35e-13	3.04e-11	3.94e-09	3.20e-07	2.87e-05	4.73e-03	1.14e-01	8.81e-01
 3.18166e+22	0.00e+00	0.00e+00	0.00e+00	0.00e+00	0.00e+00	1.85e-29	7.11e-26	4.19e-22	7.11e-19	5.28e-16	1.86e-13	3.99e-11	4.92e-09	3.83e-07	3.28e-05	5.16e-03	1.19e-01	8.76e-01
 3.21099e+22	0.00e+00	0.00e+00	0.00e+00	0.00e+00	0.00e+00	2.97e-29	1.10e-25	6.22e-22	1.01e-18	7.21e-16	2.44e-13	5.03e-11	5.96e-09	4.46e-07	3.67e-05	5.56e-03	1.23e-01	8.72e-01
 3.24260e+22	0.00e+00	0.00e+00	0.00e+00	0.00e+00	0.00e+00	5.13e-29	1.82e-25	9.79e-22	1.52e-18	1.03e-15	3.32e-13	6.54e-11	7.41e-09	5.30e-07	4.17e-05	6.04e-03	1.28e-01	8.66e-01
 3.27708e+22	0.00e+00	0.00e+00	0.00e+00	0.00e+00	0.00e+00	8.89e-29	3.02e-25	1.55e-21	2.29e-18	1.48e-15	4.55e-13	8.54e-11	9.24e-09	6.31e-07	4.75e-05	6.58e-03	1.33e-01	8.61e-01
 3.30827e+22	0.00e+00	0.00e+00	0.00e+00	0.00e+00	0.00e+00	1.44e-28	4.72e-25	2.32e-21	3.28e-18	2.04e-15	6.00e-13	1.08e-10	1.12e-08	7.37e-07	5.33e-05	7.09e-03	1.37e-01	8.55e-01
 3.34178e+22	0.00e+00	0.00e+00	0.00e+00	0.00e+00	0.00e+00	2.58e-28	8.06e-25	3.76e-21	5.06e-18	2.98e-15	8.35e-13	1.43e-10	1.41e-08	8.86e-07	6.11e-05	7.74e-03	1.43e-01	8.49e-01
 3.37680e+22	0.00e+00	0.00e+00	0.00e+00	0.00e+00	0.00e+00	4.46e-28	1.33e-24	5.92e-21	7.60e-18	4.27e-15	1.14e-12	1.87e-10	1.76e-08	1.05e-06	6.95e-05	8.42e-03	1.49e-01	8.43e-01
 3.40743e+22	0.00e+00	0.00e+00	0.00e+00	0.00e+00	0.00e+00	7.29e-28	2.09e-24	8.91e-21	1.10e-17	5.90e-15	1.51e-12	2.37e-10	2.14e-08	1.23e-06	7.80e-05	9.08e-03	1.54e-01	8.37e-01
 3.43635e+22	0.00e+00	0.00e+00	0.00e+00	0.00e+00	0.00e+00	1.17e-27	3.24e-24	1.32e-20	1.56e-17	8.06e-15	1.98e-12	2.98e-10	2.59e-08	1.43e-06	8.72e-05	9.76e-03	1.59e-01	8.31e-01
 3.46364e+22	0.00e+00	0.00e+00	0.00e+00	0.00e+00	0.00e+00	1.79e-27	4.80e-24	1.89e-20	2.14e-17	1.07e-14	2.53e-12	3.66e-10	3.07e-08	1.64e-06	9.64e-05	1.04e-02	1.64e-01	8.26e-01
 3.49340e+22	0.00e+00	0.00e+00	0.00e+00	0.00e+00	0.00e+00	3.04e-27	7.80e-24	2.92e-20	3.17e-17	1.51e-14	3.41e-12	4.72e-10	3.78e-08	1.93e-06	1.09e-04	1.13e-02	1.70e-01	8.19e-01
 3.52411e+22	0.00e+00	0.00e+00	0.00e+00	0.00e+00	1.11e-30	4.80e-27	1.19e-23	4.28e-20	4.45e-17	2.03e-14	4.43e-12	5.89e-10	4.55e-08	2.24e-06	1.21e-04	1.21e-02	1.75e-01	8.13e-01
 3.55130e+22	0.00e+00	0.00e+00	0.00e+00	0.00e+00	1.77e-30	7.40e-27	1.77e-23	6.14e-20	6.15e-17	2.70e-14	5.67e-12	7.26e-10	5.40e-08	2.57e-06	1.34e-04	1.29e-02	1.80e-01	8.07e-01
 3.58190e+22	0.00e+00	0.00e+00	0.00e+00	0.00e+00	3.13e-30	1.25e-26	2.88e-23	9.53e-20	9.11e-17	3.82e-14	7.65e-12	9.36e-10	6.65e-08	3.03e-06	1.52e-04	1.39e-02	1.86e-01	8.00e-01
 3.61384e+22	0.00e+00	0.00e+00	0.00e+00	0.00e+00	5.32e-30	2.05e-26	4.53e-23	1.44e-19	1.31e-16	5.28e-14	1.01e-11	1.19e-09	8.10e-08	3.54e-06	1.70e-04	1.50e-02	1.92e-01	7.92e-01
 3.64116e+22	0.00e+00	0.00e+00	0.00e+00	0.00e+00	8.49e-30	3.17e-26	6.76e-23	2.06e-19	1.82e-16	7.03e-14	1.30e-11	1.47e-09	9.64e-08	4.06e-06	1.88e-04	1.60e-02	1.98e-01	7.86e-01
 3.66645e+22	0.00e+00	0.00e+00	0.00e+00	0.00e+00	1.32e-29	4.79e-26	9.88e-23	2.91e-19	2.47e-16	9.21e-14	1.64e-11	1.79e-09	1.13e-07	4.62e-06	2.07e-04	1.70e-02	2.03e-01	7.80e-01
 3.69549e+22	0.00e+00	0.00e+00	0.00e+00	0.00e+00	2.28e-29	7.93e-26	1.57e-22	4.43e-19	3.59e-16	1.28e-13	2.19e-11	2.28e-09	1.39e-07	5.41e-06	2.32e-04	1.83e-02	2.10e-01	7.72e-01
 3.72618e+22	0.00e+00	0.00e+00	0.00e+00	0.00e+00	3.77e-29	1.27e-25	2.42e-22	6.54e-19	5.09e-16	1.74e-13	2.86e-11	2.86e-09	1.67e-07	6.26e-06	2.59e-04	1.96e-02	2.16e-01	7.64e-01
 3.75210e+22	0.00e+00	0.00e+00	0.00e+00	0.00e+00	5.80e-29	1.89e-25	3.50e-22	9.13e-19	6.86e-16	2.27e-13	3.59e-11	3.47e-09	1.96e-07	7.11e-06	2.84e-04	2.08e-02	2.22e-01	7.57e-01
 3.77507e+22	0.00e+00	0.00e+00	0.00e+00	0.00e+00	8.59e-29	2.72e-25	4.90e-22	1.24e-18	9.00e-16	2.88e-13	4.41e-11	4.13e-09	2.26e-07	7.96e-06	3.08e-04	2.20e-02	2.27e-01	7.51e-01
 3.80109e+22	0.00e+00	0.00e+00	0.00e+00	0.00e+00	1.37e-28	4.21e-25	7.32e-22	1.78e-18	1.24e-15	3.83e-13	5.65e-11	5.09e-09	2.68e-07	9.11e-06	3.41e-04	2.34e-02	2.33e-01	7.43e-01
 3.82931e+22	0.00e+00	0.00e+00	0.00e+00	0.00e+00	2.22e-28	6.58e-25	1.11e-21	2.59e-18	1.74e-15	5.15e-13	7.30e-11	6.33e-09	3.21e-07	1.05e-05	3.77e-04	2.50e-02	2.39e-01	7.35e-01
 3.85480e+22	0.00e+00	0.00e+00	0.00e+00	0.00e+00	1.66e-28	4.76e-25	7.75e-22	3.58e-18	2.33e-15	6.65e-13	9.11e-11	7.63e-09	3.74e-07	1.18e-05	4.13e-04	2.64e-02	2.45e-01	7.28e-01
 3.88236e+22	0.00e+00	0.00e+00	0.00e+00	0.00e+00	2.80e-28	7.75e-25	1.21e-21	5.37e-18	3.34e-15	9.15e-13	1.20e-10	9.64e-09	4.53e-07	1.38e-05	4.60e-04	2.83e-02	2.52e-01	7.19e-01
 3.91014e+22	0.00e+00	0.00e+00	0.00e+00	0.00e+00	4.35e-28	1.17e-24	1.77e-21	7.56e-18	4.53e-15	1.20e-12	1.52e-10	1.18e-08	5.33e-07	1.57e-05	5.06e-04	3.00e-02	2.58e-01	7.11e-01
 3.93384e+22	0.00e+00	0.00e+00	0.00e+00	0.00e+00	6.52e-28	1.70e-24	2.50e-21	1.03e-17	5.99e-15	1.53e-12	1.88e-10	1.41e-08	6.18e-07	1.76e-05	5.50e-04	3.17e-02	2.64e-01	7.04e-01
 3.96027e+22	0.00e+00	0.00e+00	0.00e+00	0.00e+00	1.06e-27	2.66e-24	3.79e-21	1.50e-17	8.36e-15	2.05e-12	2.42e-10	1.74e-08	7.36e-07	2.02e-05	6.09e-04	3.37e-02	2.70e-01	6.95e-01
 3.98847e+22	0.00e+00	0.00e+00	0.00e+00	4.42e-31	1.68e-27	4.10e-24	5.63e-21	2.15e-17	1.15e-14	2.73e-12	3.09e-10	2.14e-08	8.73e-07	2.31e-05	6.71e-04	3.59e-02	2.77e-01	6.86e-01
 4.01399e+22	0.00e+00	0.00e+00	0.00e+00	7.05e-31	2.60e-27	6.15e-24	8.18e-21	3.01e-17	1.56e-14	3.56e-12	3.89e-10	2.61e-08	1.02e-06	2.62e-05	7.35e-04	3.80e-02	2.83e-01	6.78e-01
 4.04221e+22	0.00e+00	0.00e+00	0.00e+00	1.22e-30	4.35e-27	9.94e-24	1.27e-20	4.49e-17	2.23e-14	4.86e-12	5.10e-10	3.27e-08	1.23e-06	3.03e-05	8.17e-04	4.06e-02	2.91e-01	6.68e-01
 4.07033e+22	0.00e+00	0.00e+00	0.00e+00	1.99e-30	6.86e-27	1.52e-23	1.88e-20	6.39e-17	3.05e-14	6.42e-12	6.49e-10	4.02e-08	1.46e-06	3.45e-05	8.99e-04	4.30e-02	2.97e-01	6.59e-01
 4.09315e+22	0.00e+00	0.00e+00	0.00e+00	3.00e-30	1.01e-26	2.17e-23	2.61e-20	8.60e-17	3.98e-14	8.12e-12	7.95e-10	4.77e-08	1.68e-06	3.86e-05	9.73e-04	4.52e-02	3.03e-01	6.51e-01
 4.11763e+22	0.00e+00	0.00e+00	0.00e+00	4.84e-30	1.58e-26	3.29e-23	3.83e-20	1.22e-16	5.42e-14	1.07e-11	1.01e-09	5.81e-08	1.98e-06	4.38e-05	1.07e-03	4.79e-02	3.09e-01	6.42e-01
 4.14438e+22	0.00e+00	0.00e+00	0.00e+00	7.74e-30	2.45e-26	4.94e-23	5.58e-20	1.71e-16	7.34e-14	1.39e-11	1.27e-09	7.07e-08	2.32e-06	4.96e-05	1.17e-03	5.06e-02	3.16e-01	6.32e-01
 4.16974e+22	0.00e+00	0.00e+00	0.00e+00	1.24e-29	3.80e-26	7.44e-23	8.12e-20	2.40e-16	9.95e-14	1.82e-11	1.60e-09	8.60e-08	2.72e-06	5.63e-05	1.28e-03	5.35e-02	3.22e-01	6.23e-01
 4.19424e+22	0.00e+00	0.00e+00	0.00e+00	1.93e-29	5.74e-26	1.09e-22	1.16e-19	3.31e-16	1.32e-13	2.34e-11	1.99e-09	1.03e-07	3.16e-06	6.32e-05	1.39e-03	5.63e-02	3.28e-01	6.14e-01
 4.21792e+22	0.00e+00	0.00e+00	0.00e+00	2.97e-29	8.60e-26	1.59e-22	1.63e-19	4.52e-16	1.75e-13	2.99e-11	2.46e-09	1.24e-07	3.66e-06	7.10e-05	1.51e-03	5.92e-02	3.34e-01	6.05e-01
 4.24095e+22	0.00e+00	0.00e+00	0.00e+00	4.50e-29	1.27e-25	2.28e-22	2.28e-19	6.11e-16	2.29e-13	3.79e-11	3.02e-09	1.47e-07	4.22e-06	7.92e-05	1.63e-03	6.22e-02	3.40e-01	5.96e-01
 4.26720e+22	0.00e+00	0.00e+00	0.00e+00	7.47e-29	2.04e-25	3.55e-22	3.42e-19	8.82e-16	3.18e-13	5.06e-11	3.87e-09	1.81e-07	5.01e-06	9.05e-05	1.80e-03	6.59e-02	3.47e-01	5.85e-01
 4.29474e+22	0.00e+00	0.00e+00	0.00e+00	1.23e-28	3.24e-25	5.45e-22	5.08e-19	1.26e-15	4.38e-13	6.71e-11	4.95e-09	2.23e-07	5.93e-06	1.03e-04	1.98e-03	6.97e-02	3.54e-01	5.75e-01
 4.31871e+22	0.00e+00	0.00e+00	0.00e+00	1.09e-28	2.80e-25	4.58e-22	7.15e-19	1.72e-15	5.78e-13	8.58e-11	6.12e-09	2.67e-07	6.87e-06	1.16e-04	2.14e-03	7.32e-02	3.59e-01	5.65e-01
 4.34461e+22	0.00e+00	0.00e+00	0.00e+00	1.81e-28	4.50e-25	7.12e-22	1.07e-18	2.48e-15	8.01e-13	1.14e-10	7.84e-09	3.29e-07	8.14e-06	1.32e-04	2.36e-03	7.75e-02	3.66e-01	5.54e-01
 4.37120e+22	0.00e+00	0.00e+00	0.00e+00	2.88e-28	6.94e-25	1.06e-21	1.55e-18	3.47e-15	1.08e-12	1.49e-10	9.85e-09	3.99e-07	9.54e-06	1.49e-04	2.57e-03	8.17e-02	3.72e-01	5.43e-01
 4.39392e+22	0.00e+00	0.00e+00	0.00e+00	4.34e-28	1.02e-24	1.52e-21	2.14e-18	4.66e-15	1.41e-12	1.88e-10	1.21e-08	4.73e-07	1.10e-05	1.66e-04	2.77e-03	8.55e-02	3.77e-01	5.34e-01
 4.41869e+22	0.00e+00	0.00e+00	0.00e+00	7.06e-28	1.60e-24	2.31e-21	3.16e-18	6.61e-15	1.92e-12	2.47e-10	1.53e-08	5.78e-07	1.29e-05	1.89e-04	3.04e-03	9.01e-02	3.84e-01	5.23e-01
 4.44514e+22	0.00e+00	0.00e+00	0.00e+00	1.15e-27	2.52e-24	3.51e-21	4.62e-18	9.35e-15	2.62e-12	3.26e-10	1.94e-08	7.08e-07	1.52e-05	2.14e-04	3.32e-03	9.51e-02	3.90e-01	5.12e-01
 4.46875e+22	0.00e+00	0.00e+00	2.39e-31	1.74e-27	3.71e-24	5.04e-21	6.43e-18	1.26e-14	3.43e-12	4.12e-10	2.38e-08	8.40e-07	1.75e-05	2.39e-04	3.58e-03	9.94e-02	3.95e-01	5.02e-01
 4.49442e+22	0.00e+00	0.00e+00	4.12e-31	2.90e-27	5.99e-24	7.85e-21	9.64e-18	1.82e-14	4.77e-12	5.52e-10	3.06e-08	1.04e-06	2.08e-05	2.73e-04	3.94e-03	1.05e-01	4.01e-01	4.90e-01
 4.52027e+22	0.00e+00	0.00e+00	6.63e-31	4.54e-27	9.10e-24	1.16e-20	1.37e-17	2.51e-14	6.36e-12	7.11e-10	3.81e-08	1.25e-06	2.42e-05	3.07e-04	4.28e-03	1.10e-01	4.06e-01	4.79e-01
 4.54210e+22	0.00e+00	0.00e+00	1.01e-30	6.77e-27	1.32e-23	1.63e-20	1.88e-17	3.35e-14	8.22e-12	8.92e-10	4.64e-08	1.48e-06	2.77e-05	3.40e-04	4.60e-03	1.15e-01	4.10e-01	4.70e-01
 4.56619e+22	0.00e+00	0.00e+00	1.72e-30	1.11e-26	2.10e-23	2.50e-20	2.77e-17	4.77e-14	1.13e-11	1.18e-09	5.92e-08	1.82e-06	3.28e-05	3.87e-04	5.03e-03	1.21e-01	4.16e-01	4.58e-01
 4.59135e+22	0.00e+00	0.00e+00	2.74e-30	1.72e-26	3.15e-23	3.65e-20	3.91e-17	6.53e-14	1.50e-11	1.51e-09	7.34e-08	2.18e-06	3.80e-05	4.34e-04	5.45e-03	1.27e-01	4.20e-01	4.47e-01
 4.61429e+22	0.00e+00	0.00e+00	4.33e-30	2.65e-26	4.71e-23	5.29e-20	5.49e-17	8.89e-14	1.97e-11	1.93e-09	9.07e-08	2.61e-06	4.40e-05	4.85e-04	5.89e-03	1.32e-01	4.25e-01	4.37e-01
 4.64049e+22	0.00e+00	0.00e+00	7.83e-30	4.63e-26	7.89e-23	8.50e-20	8.44e-17	1.32e-13	2.81e-11	2.65e-09	1.19e-07	3.28e-06	5.31e-05	5.60e-04	6.51e-03	1.40e-01	4.30e-01	4.23e-01
 4.66588e+22	0.00e+00	0.00e+00	1.22e-29	7.01e-26	1.16e-22	1.22e-19	1.17e-16	1.78e-13	3.67e-11	3.35e-09	1.46e-07	3.90e-06	6.11e-05	6.23e-04	7.01e-03	1.46e-01	4.34e-01	4.13e-01
 4.69022e+22	0.00e+00	0.00e+00	2.10e-29	1.17e-25	1.87e-22	1.89e-19	1.74e-16	2.55e-13	5.09e-11	4.47e-09	1.88e-07	4.82e-06	7.26e-05	7.10e-04	7.67e-03	1.54e-01	4.38e-01	4.00e-01
 4.71481e+22	0.00e+00	0.00e+00	3.37e-29	1.83e-25	2.82e-22	2.75e-19	2.45e-16	3.49e-13	6.75e-11	5.74e-09	2.33e-07	5.81e-06	8.45e-05	7.97e-04	8.30e-03	1.60e-01	4.41e-01	3.89e-01
 4.73575e+22	0.00e+00	0.00e+00	5.02e-29	2.65e-25	4.00e-22	3.80e-19	3.29e-16	4.56e-13	8.57e-11	7.09e-09	2.80e-07	6.77e-06	9.58e-05	8.76e-04	8.86e-03	1.66e-01	4.44e-01	3.80e-01
 4.75897e+22	0.00e+00	0.00e+00	8.52e-29	4.36e-25	6.33e-22	5.79e-19	4.81e-16	6.47e-13	1.17e-10	9.38e-09	3.57e-07	8.32e-06	1.13e-04	9.95e-04	9.67e-03	1.74e-01	4.47e-01	3.68e-01
 4.78323e+22	0.00e+00	0.00e+00	1.37e-28	6.79e-25	9.54e-22	8.42e-19	6.74e-16	8.82e-13	1.55e-10	1.20e-08	4.44e-07	1.00e-05	1.32e-04	1.11e-03	1.04e-02	1.82e-01	4.50e-01	3.57e-01
 4.80424e+22	0.00e+00	0.00e+00	2.08e-28	1.01e-24	1.37e-21	1.18e-18	9.12e-16	1.16e-12	1.99e-10	1.50e-08	5.38e-07	1.18e-05	1.50e-04	1.23e-03	1.12e-02	1.89e-01	4.52e-01	3.47e-01
 4.82697e+22	0.00e+00	0.00e+00	3.49e-28	1.63e-24	2.15e-21	1.77e-18	1.32e-15	1.63e-12	2.71e-10	1.97e-08	6.82e-07	1.44e-05	1.77e-04	1.39e-03	1.21e-02	1.97e-01	4.54e-01	3.35e-01
 4.85031e+22	0.00e+00	0.00e+00	5.49e-28	2.50e-24	3.18e-21	2.54e-18	1.82e-15	2.20e-12	3.55e-10	2.50e-08	8.39e-07	1.72e-05	2.04e-04	1.55e-03	1.31e-02	2.05e-01	4.55e-01	3.25e-01
 4.87087e+22	0.00e+00	0.00e+00	8.53e-28	3.76e-24	4.64e-21	3.59e-18	2.49e-15	2.93e-12	4.59e-10	3.15e-08	1.02e-06	2.04e-05	2.34e-04	1.72e-03	1.40e-02	2.12e-01	4.57e-01	3.15e-01
 4.89095e+22	0.00e+00	0.00e+00	1.30e-27	5.59e-24	6.68e-21	5.01e-18	3.36e-15	3.87e-12	5.90e-10	3.93e-08	1.24e-06	2.40e-05	2.68e-04	1.90e-03	1.50e-02	2.20e-01	4.57e-01	3.06e-01
 4.91400e+22	0.00e+00	1.60e-31	2.22e-27	9.21e-24	1.06e-20	7.63e-18	4.90e-15	5.48e-12	8.08e-10	5.20e-08	1.59e-06	2.95e-05	3.17e-04	2.15e-03	1.63e-02	2.30e-01	4.58e-01	2.94e-01
 4.93771e+22	0.00e+00	2.66e-31	3.57e-27	1.44e-23	1.59e-20	1.11e-17	6.83e-15	7.45e-12	1.07e-09	6.67e-08	1.97e-06	3.55e-05	3.68e-04	2.41e-03	1.75e-02	2.38e-01	4.58e-01	2.83e-01
 4.95782e+22	0.00e+00	4.21e-31	5.47e-27	2.14e-23	2.30e-20	1.54e-17	9.19e-15	9.80e-12	1.37e-09	8.33e-08	2.39e-06	4.18e-05	4.20e-04	2.66e-03	1.87e-02	2.46e-01	4.58e-01	2.74e-01
 4.97658e+22	0.00e+00	6.41e-31	8.12e-27	3.09e-23	3.22e-20	2.10e-17	1.21e-14	1.27e-11	1.73e-09	1.02e-07	2.86e-06	4.87e-05	4.75e-04	2.91e-03	1.99e-02	2.54e-01	4.58e-01	2.65e-01
 4.99804e+22	0.00e+00	1.10e-30	1.35e-26	4.94e-23	4.97e-20	3.11e-17	1.72e-14	1.75e-11	2.32e-09	1.33e-07	3.59e-06	5.92e-05	5.56e-04	3.27e-03	2.15e-02	2.64e-01	4.57e-01	2.54e-01
 5.02028e+22	0.00e+00	1.79e-30	2.12e-26	7.54e-23	7.31e-20	4.41e-17	2.35e-14	2.34e-11	3.02e-09	1.68e-07	4.41e-06	7.04e-05	6.41e-04	3.63e-03	2.30e-02	2.72e-01	4.55e-01	2.45e-01
 5.03999e+22	0.00e+00	2.83e-30	3.25e-26	1.12e-22	1.05e-19	6.14e-17	3.16e-14	3.08e-11	3.87e-09	2.10e-07	5.35e-06	8.31e-05	7.32e-04	4.01e-03	2.45e-02	2.81e-01	4.54e-01	2.36e-01
 5.06207e+22	0.00e+00	5.03e-30	5.55e-26	1.85e-22	1.66e-19	9.28e-17	4.56e-14	4.33e-11	5.28e-09	2.78e-07	6.82e-06	1.02e-04	8.64e-04	4.53e-03	2.65e-02	2.92e-01	4.51e-01	2.25e-01
 5.08390e+22	0.00e+00	7.92e-30	8.47e-26	2.74e-22	2.38e-19	1.29e-16	6.10e-14	5.68e-11	6.75e-09	3.46e-07	8.25e-06	1.20e-04	9.85e-04	4.98e-03	2.82e-02	3.00e-01	4.49e-01	2.16e-01
 5.10252e+22	0.00e+00	1.23e-29	1.28e-25	4.02e-22	3.38e-19	1.77e-16	8.09e-14	7.39e-11	8.57e-09	4.28e-07	9.93e-06	1.40e-04	1.12e-03	5.47e-03	2.99e-02	3.08e-01	4.47e-01	2.08e-01
 5.12382e+22	0.00e+00	2.13e-29	2.13e-25	6.46e-22	5.22e-19	2.62e-16	1.15e-13	1.02e-10	1.15e-08	5.57e-07	1.25e-05	1.71e-04	1.31e-03	6.13e-03	3.21e-02	3.19e-01	4.43e-01	1.98e-01
 5.14547e+22	0.00e+00	3.43e-29	3.32e-25	9.76e-22	7.60e-19	3.67e-16	1.54e-13	1.35e-10	1.49e-08	7.00e-07	1.53e-05	2.02e-04	1.50e-03	6.77e-03	3.42e-02	3.28e-01	4.40e-01	1.90e-01
 5.16410e+22	0.00e+00	5.28e-29	4.97e-25	1.42e-21	1.07e-18	5.00e-16	2.03e-13	1.75e-10	1.88e-08	8.62e-07	1.83e-05	2.36e-04	1.70e-03	7.40e-03	3.62e-02	3.36e-01	4.36e-01	1.83e-01
 5.18485e+22	0.00e+00	9.05e-29	8.20e-25	2.26e-21	1.64e-18	7.34e-16	2.85e-13	2.40e-10	2.51e-08	1.12e-06	2.29e-05	2.85e-04	1.97e-03	8.26e-03	3.88e-02	3.46e-01	4.31e-01	1.73e-01
 5.20639e+22	0.00e+00	1.47e-28	1.28e-24	3.42e-21	2.39e-18	1.03e-15	3.84e-13	3.18e-10	3.24e-08	1.41e-06	2.80e-05	3.38e-04	2.26e-03	9.12e-03	4.12e-02	3.55e-01	4.27e-01	1.65e-01
 5.22558e+22	0.00e+00	2.31e-28	1.96e-24	5.08e-21	3.42e-18	1.42e-15	5.10e-13	4.15e-10	4.13e-08	1.75e-06	3.38e-05	3.97e-04	2.57e-03	1.00e-02	4.36e-02	3.63e-01	4.22e-01	1.58e-01
 5.24420e+22	0.00e+00	3.62e-28	2.98e-24	7.46e-21	4.86e-18	1.95e-15	6.73e-13	5.38e-10	5.25e-08	2.16e-06	4.07e-05	4.65e-04	2.92e-03	1.09e-02	4.61e-02	3.72e-01	4.17e-01	1.51e-01
 5.26544e+22	0.00e+00	6.29e-28	4.98e-24	1.20e-20	7.50e-18	2.88e-15	9.49e-13	7.43e-10	7.05e-08	2.82e-06	5.12e-05	5.64e-04	3.40e-03	1.22e-02	4.93e-02	3.82e-01	4.10e-01	1.42e-01
 5.28731e+22	0.00e+00	1.05e-27	8.02e-24	1.87e-20	1.12e-17	4.10e-15	1.29e-12	9.96e-10	9.23e-08	3.59e-06	6.32e-05	6.75e-04	3.93e-03	1.35e-02	5.24e-02	3.91e-01	4.04e-01	1.35e-01
 5.30626e+22	0.00e+00	1.64e-27	1.21e-23	2.74e-20	1.58e-17	5.60e-15	1.70e-12	1.29e-09	1.17e-07	4.44e-06	7.59e-05	7.88e-04	4.44e-03	1.48e-02	5.52e-02	3.98e-01	3.98e-01	1.28e-01
 5.32715e+22	0.00e+00	2.83e-27	2.02e-23	4.38e-20	2.42e-17	8.21e-15	2.38e-12	1.77e-09	1.56e-07	5.75e-06	9.51e-05	9.53e-04	5.16e-03	1.64e-02	5.88e-02	4.08e-01	3.90e-01	1.21e-01
 5.34811e+22	0.00e+00	4.43e-27	3.06e-23	6.44e-20	3.44e-17	1.12e-14	3.13e-12	2.29e-09	1.98e-07	7.12e-06	1.14e-04	1.11e-03	5.83e-03	1.79e-02	6.19e-02	4.15e-01	3.84e-01	1.15e-01
 5.36615e+22	0.00e+00	6.97e-27	4.65e-23	9.48e-20	4.86e-17	1.53e-14	4.09e-12	2.96e-09	2.51e-07	8.80e-06	1.38e-04	1.30e-03	6.60e-03	1.95e-02	6.51e-02	4.22e-01	3.77e-01	1.09e-01
 5.38369e+22	0.00e+00	1.06e-26	6.85e-23	1.35e-19	6.72e-17	2.04e-14	5.26e-12	3.76e-09	3.12e-07	1.07e-05	1.63e-04	1.50e-03	7.39e-03	2.11e-02	6.81e-02	4.28e-01	3.70e-01	1.04e-01
 5.40017e+22	0.00e+00	1.56e-26	9.82e-23	1.89e-19	9.07e-17	2.66e-14	6.62e-12	4.69e-09	3.83e-07	1.29e-05	1.91e-04	1.71e-03	8.20e-03	2.27e-02	7.10e-02	4.34e-01	3.64e-01	9.88e-02
 5.41579e+22	0.00e+00	2.33e-26	1.42e-22	2.65e-19	1.23e-16	3.48e-14	8.35e-12	5.86e-09	4.71e-07	1.55e-05	2.25e-04	1.97e-03	9.14e-03	2.45e-02	7.40e-02	4.39e-01	3.57e-01	9.40e-02
 5.42986e+22	0.00e+00	3.29e-26	1.96e-22	3.56e-19	1.60e-16	4.39e-14	1.02e-11	7.10e-09	5.63e-07	1.82e-05	2.58e-04	2.21e-03	1.00e-02	2.61e-02	7.67e-02	4.44e-01	3.51e-01	9.00e-02
 5.44234e+22	0.00e+00	4.40e-26	2.57e-22	4.56e-19	2.00e-16	5.36e-14	1.21e-11	8.37e-09	6.55e-07	2.09e-05	2.90e-04	2.44e-03	1.08e-02	2.75e-02	7.90e-02	4.47e-01	3.46e-01	8.67e-02
 5.45649e+22	0.00e+00	6.52e-26	3.69e-22	6.37e-19	2.70e-16	6.98e-14	1.52e-11	1.04e-08	8.04e-07	2.51e-05	3.40e-04	2.79e-03	1.20e-02	2.95e-02	8.22e-02	4.52e-01	3.39e-01	8.23e-02
 5.47128e+22	0.00e+00	9.24e-26	5.10e-22	8.56e-19	3.52e-16	8.82e-14	1.86e-11	1.27e-08	9.62e-07	2.95e-05	3.92e-04	3.14e-03	1.32e-02	3.15e-02	8.51e-02	4.56e-01	3.32e-01	7.86e-02
 5.48409e+22	0.00e+00	1.27e-25	6.84e-22	1.12e-18	4.48e-16	1.09e-13	2.23e-11	1.51e-08	1.13e-06	3.42e-05	4.45e-04	3.49e-03	1.43e-02	3.33e-02	8.77e-02	4.59e-01	3.26e-01	7.53e-02
 5.49606e+22	0.00e+00	1.74e-25	9.17e-22	1.46e-18	5.69e-16	1.34e-13	2.67e-11	1.80e-08	1.33e-06	3.95e-05	5.05e-04	3.88e-03	1.55e-02	3.52e-02	9.03e-02	4.62e-01	3.20e-01	7.21e-02
 5.50793e+22	0.00e+00	2.35e-25	1.21e-21	1.89e-18	7.13e-16	1.64e-13	3.16e-11	2.12e-08	1.55e-06	4.54e-05	5.69e-04	4.29e-03	1.68e-02	3.71e-02	9.29e-02	4.65e-01	3.14e-01	6.91e-02
 5.51960e+22	0.00e+00	3.16e-25	1.59e-21	2.42e-18	8.91e-16	1.99e-13	3.73e-11	2.49e-08	1.81e-06	5.20e-05	6.40e-04	4.73e-03	1.81e-02	3.91e-02	9.54e-02	4.67e-01	3.09e-01	6.63e-02
 5.53104e+22	0.00e+00	4.27e-25	2.09e-21	3.11e-18	1.11e-15	2.42e-13	4.41e-11	2.93e-08	2.10e-06	5.97e-05	7.20e-04	5.22e-03	1.96e-02	4.11e-02	9.80e-02	4.69e-01	3.03e-01	6.35e-02
 5.54233e+22	5.61e-32	5.75e-25	2.75e-21	3.99e-18	1.39e-15	2.93e-13	5.19e-11	3.44e-08	2.44e-06	6.84e-05	8.10e-04	5.76e-03	2.11e-02	4.33e-02	1.01e-01	4.71e-01	2.97e-01	6.08e-02
 5.55522e+22	8.28e-32	8.31e-25	3.87e-21	5.45e-18	1.83e-15	3.73e-13	6.37e-11	4.21e-08	2.95e-06	8.10e-05	9.37e-04	6.50e-03	2.32e-02	4.60e-02	1.04e-01	4.73e-01	2.89e-01	5.76e-02
 5.56828e+22	1.17e-31	1.15e-24	5.23e-21	7.17e-18	2.34e-15	4.60e-13	7.60e-11	5.01e-08	3.47e-06	9.40e-05	1.07e-03	7.23e-03	2.51e-02	4.86e-02	1.07e-01	4.74e-01	2.83e-01	5.48e-02
 5.57933e+22	1.58e-31	1.54e-24	6.82e-21	9.11e-18	2.89e-15	5.52e-13	8.87e-11	5.84e-08	4.01e-06	1.07e-04	1.19e-03	7.94e-03	2.70e-02	5.10e-02	1.09e-01	4.75e-01	2.77e-01	5.24e-02
 5.58958e+22	2.12e-31	2.03e-24	8.78e-21	1.15e-17	3.53e-15	6.57e-13	1.03e-10	6.76e-08	4.61e-06	1.21e-04	1.33e-03	8.67e-03	2.89e-02	5.33e-02	1.11e-01	4.75e-01	2.71e-01	5.02e-02
 5.59949e+22	2.82e-31	2.66e-24	1.13e-20	1.44e-17	4.31e-15	7.81e-13	1.19e-10	7.81e-08	5.28e-06	1.37e-04	1.47e-03	9.47e-03	3.09e-02	5.57e-02	1.14e-01	4.76e-01	2.65e-01	4.81e-02
 5.61087e+22	4.04e-31	3.74e-24	1.54e-20	1.91e-17	5.53e-15	9.67e-13	1.42e-10	9.34e-08	6.25e-06	1.60e-04	1.68e-03	1.06e-02	3.36e-02	5.87e-02	1.17e-01	4.76e-01	2.58e-01	4.55e-02
 5.62245e+22	5.56e-31	5.07e-24	2.04e-20	2.45e-17	6.89e-15	1.17e-12	1.66e-10	1.09e-07	7.26e-06	1.83e-04	1.89e-03	1.16e-02	3.61e-02	6.16e-02	1.19e-01	4.75e-01	2.51e-01	4.33e-02
 5.63236e+22	7.39e-31	6.64e-24	2.61e-20	3.06e-17	8.38e-15	1.38e-12	1.90e-10	1.26e-07	8.29e-06	2.07e-04	2.10e-03	1.27e-02	3.85e-02	6.42e-02	1.21e-01	4.74e-01	2.45e-01	4.14e-02
 5.64330e+22	1.06e-30	9.38e-24	3.57e-20	4.06e-17	1.07e-14	1.70e-12	2.27e-10	1.50e-07	9.81e-06	2.41e-04	2.39e-03	1.41e-02	4.18e-02	6.76e-02	1.24e-01	4.73e-01	2.38e-01	3.90e-02
 5.65454e+22	1.46e-30	1.27e-23	4.72e-20	5.21e-17	1.33e-14	2.04e-12	2.64e-10	1.76e-07	1.14e-05	2.75e-04	2.68e-03	1.55e-02	4.49e-02	7.07e-02	1.26e-01	4.71e-01	2.31e-01	3.70e-02
 5.66447e+22	1.97e-30	1.69e-23	6.11e-20	6.58e-17	1.63e-14	2.43e-12	3.04e-10	2.03e-07	1.31e-05	3.12e-04	2.98e-03	1.69e-02	4.79e-02	7.37e-02	1.28e-01	4.69e-01	2.25e-01	3.52e-02
 5.67566e+22	2.91e-30	2.45e-23	8.59e-20	8.91e-17	2.13e-14	3.03e-12	3.64e-10	2.45e-07	1.56e-05	3.68e-04	3.43e-03	1.90e-02	5.22e-02	7.78e-02	1.31e-01	4.66e-01	2.17e-01	3.29e-02
 5.68696e+22	4.00e-30	3.31e-23	1.13e-19	1.14e-16	2.63e-14	3.62e-12	4.21e-10	2.85e-07	1.80e-05	4.19e-04	3.83e-03	2.08e-02	5.59e-02	8.11e-02	1.33e-01	4.63e-01	2.10e-01	3.12e-02
 5.69659e+22	5.33e-30	4.35e-23	1.45e-19	1.42e-16	3.18e-14	4.25e-12	4.80e-10	3.27e-07	2.06e-05	4.72e-04	4.24e-03	2.25e-02	5.94e-02	8.42e-02	1.35e-01	4.60e-01	2.04e-01	2.96e-02
 5.70730e+22	8.02e-30	6.44e-23	2.06e-19	1.94e-16	4.16e-14	5.30e-12	5.73e-10	3.95e-07	2.47e-05	5.58e-04	4.89e-03	2.53e-02	6.47e-02	8.87e-02	1.37e-01	4.55e-01	1.96e-01	2.75e-02
 5.71780e+22	1.06e-29	8.38e-23	2.62e-19	2.41e-16	5.01e-14	6.19e-12	6.50e-10	4.50e-07	2.80e-05	6.25e-04	5.39e-03	2.73e-02	6.85e-02	9.18e-02	1.39e-01	4.52e-01	1.90e-01	2.61e-02
 5.72806e+22	1.57e-29	1.22e-22	3.69e-19	3.25e-16	6.47e-14	7.64e-12	7.68e-10	5.39e-07	3.34e-05	7.34e-04	6.17e-03	3.05e-02	7.42e-02	9.62e-02	1.41e-01	4.46e-01	1.81e-01	2.42e-02
 5.73813e+22	2.05e-29	1.58e-22	4.65e-19	4.00e-16	7.72e-14	8.85e-12	8.65e-10	6.11e-07	3.76e-05	8.18e-04	6.76e-03	3.28e-02	7.82e-02	9.93e-02	1.42e-01	4.41e-01	1.76e-01	2.29e-02
 5.74796e+22	3.05e-29	2.30e-22	6.53e-19	5.38e-16	9.93e-14	1.09e-11	1.01e-09	7.29e-07	4.47e-05	9.57e-04	7.72e-03	3.65e-02	8.45e-02	1.04e-01	1.44e-01	4.34e-01	1.68e-01	2.12e-02
 5.75776e+22	4.01e-29	2.99e-22	8.29e-19	6.63e-16	1.19e-13	1.26e-11	1.14e-09	8.27e-07	5.04e-05	1.07e-03	8.47e-03	3.93e-02	8.91e-02	1.07e-01	1.45e-01	4.28e-01	1.62e-01	2.00e-02
 5.76751e+22	5.96e-29	4.36e-22	1.16e-18	8.92e-16	1.52e-13	1.54e-11	1.33e-09	9.84e-07	5.98e-05	1.25e-03	9.65e-03	4.36e-02	9.60e-02	1.12e-01	1.46e-01	4.20e-01	1.54e-01	1.84e-02
 5.77734e+22	7.96e-29	5.75e-22	1.49e-18	1.11e-15	1.84e-13	1.79e-11	1.50e-09	1.12e-06	6.78e-05	1.40e-03	1.06e-02	4.70e-02	1.01e-01	1.15e-01	1.46e-01	4.13e-01	1.48e-01	1.73e-02
 5.78727e+22	1.20e-28	8.50e-22	2.12e-18	1.50e-15	2.37e-13	2.19e-11	1.76e-09	1.34e-06	8.05e-05	1.64e-03	1.21e-02	5.21e-02	1.09e-01	1.19e-01	1.47e-01	4.03e-01	1.39e-01	1.58e-02
 5.79727e+22	1.62e-28	1.13e-21	2.74e-18	1.88e-15	2.86e-13	2.55e-11	1.98e-09	1.52e-06	9.15e-05	1.84e-03	1.33e-02	5.61e-02	1.15e-01	1.23e-01	1.47e-01	3.96e-01	1.33e-01	1.48e-02
 5.80738e+22	2.42e-28	1.67e-21	3.88e-18	2.55e-15	3.68e-13	3.12e-11	2.31e-09	1.81e-06	1.08e-04	2.14e-03	1.52e-02	6.20e-02	1.23e-01	1.27e-01	1.47e-01	3.85e-01	1.25e-01	1.34e-02
 5.81739e+22	3.28e-28	2.22e-21	5.03e-18	3.19e-15	4.44e-13	3.62e-11	2.59e-09	2.06e-06	1.23e-04	2.40e-03	1.67e-02	6.66e-02	1.29e-01	1.30e-01	1.47e-01	3.76e-01	1.19e-01	1.25e-02
 5.82727e+22	4.90e-28	3.27e-21	7.09e-18	4.29e-15	5.69e-13	4.40e-11	3.00e-09	2.44e-06	1.45e-04	2.79e-03	1.88e-02	7.32e-02	1.38e-01	1.34e-01	1.46e-01	3.64e-01	1.12e-01	1.13e-02
 5.83731e+22	6.74e-28	4.43e-21	9.31e-18	5.42e-15	6.91e-13	5.13e-11	3.37e-09	2.78e-06	1.64e-04	3.13e-03	2.07e-02	7.87e-02	1.44e-01	1.37e-01	1.46e-01	3.54e-01	1.06e-01	1.04e-02
 5.84755e+22	1.02e-27	6.60e-21	1.33e-17	7.37e-15	8.91e-13	6.26e-11	3.91e-09	3.29e-06	1.94e-04	3.64e-03	2.34e-02	8.63e-02	1.54e-01	1.41e-01	1.44e-01	3.40e-01	9.82e-02	9.36e-03
 5.85791e+22	1.42e-27	9.03e-21	1.76e-17	9.36e-15	1.09e-12	7.31e-11	4.39e-09	3.75e-06	2.20e-04	4.09e-03	2.58e-02	9.26e-02	1.61e-01	1.44e-01	1.43e-01	3.29e-01	9.24e-02	8.57e-03
 5.86842e+22	2.18e-27	1.36e-20	2.53e-17	1.28e-14	1.41e-12	8.93e-11	5.10e-09	4.44e-06	2.60e-04	4.74e-03	2.91e-02	1.01e-01	1.70e-01	1.47e-01	1.41e-01	3.14e-01	8.51e-02	7.61e-03
 5.87899e+22	3.03e-27	1.86e-20	3.34e-17	1.63e-14	1.71e-12	1.04e-10	5.72e-09	5.04e-06	2.94e-04	5.31e-03	3.19e-02	1.08e-01	1.77e-01	1.49e-01	1.39e-01	3.03e-01	7.97e-02	6.93e-03
 5.88810e+22	4.18e-27	2.53e-20	4.39e-17	2.05e-14	2.07e-12	1.21e-10	6.39e-09	5.70e-06	3.31e-04	5.91e-03	3.48e-02	1.15e-01	1.84e-01	1.51e-01	1.37e-01	2.91e-01	7.45e-02	6.30e-03
 5.89843e+22	6.38e-27	3.79e-20	6.29e-17	2.78e-14	2.66e-12	1.47e-10	7.37e-09	6.67e-06	3.86e-04	6.79e-03	3.89e-02	1.25e-01	1.93e-01	1.53e-01	1.33e-01	2.76e-01	6.81e-02	5.55e-03
 5.90873e+22	8.63e-27	5.05e-20	8.13e-17	3.47e-14	3.19e-12	1.69e-10	8.20e-09	7.46e-06	4.30e-04	7.48e-03	4.20e-02	1.32e-01	2.00e-01	1.54e-01	1.31e-01	2.65e-01	6.37e-02	5.06e-03
 5.91899e+22	1.30e-26	7.46e-20	1.15e-16	4.66e-14	4.07e-12	2.03e-10	9.41e-09	8.64e-06	4.96e-04	8.51e-03	4.66e-02	1.41e-01	2.08e-01	1.55e-01	1.27e-01	2.50e-01	5.80e-02	4.44e-03
 5.92937e+22	1.76e-26	9.96e-20	1.49e-16	5.80e-14	4.88e-12	2.34e-10	1.05e-08	9.64e-06	5.51e-04	9.35e-03	5.02e-02	1.49e-01	2.14e-01	1.55e-01	1.25e-01	2.39e-01	5.40e-02	4.03e-03
 5.93991e+22	2.63e-26	1.46e-19	2.09e-16	7.74e-14	6.19e-12	2.82e-10	1.20e-08	1.11e-05	6.30e-04	1.05e-02	5.52e-02	1.59e-01	2.21e-01	1.55e-01	1.21e-01	2.25e-01	4.90e-02	3.53e-03
 5.95073e+22	3.63e-26	1.98e-19	2.74e-16	9.76e-14	7.50e-12	3.27e-10	1.34e-08	1.24e-05	7.01e-04	1.16e-02	5.94e-02	1.67e-01	2.27e-01	1.55e-01	1.17e-01	2.14e-01	4.51e-02	3.16e-03
 5.96193e+22	5.50e-26	2.94e-19	3.89e-16	1.32e-13	9.59e-12	3.96e-10	1.55e-08	1.43e-05	8.01e-04	1.31e-02	6.52e-02	1.77e-01	2.34e-01	1.55e-01	1.13e-01	2.00e-01	4.06e-02	2.74e-03
 5.97334e+22	7.57e-26	3.99e-19	5.10e-16	1.66e-13	1.16e-11	4.60e-10	1.73e-08	1.59e-05	8.86e-04	1.43e-02	6.99e-02	1.85e-01	2.38e-01	1.54e-01	1.09e-01	1.89e-01	3.73e-02	2.44e-03
 5.98503e+22	1.14e-25	5.90e-19	7.23e-16	2.23e-13	1.48e-11	5.57e-10	2.00e-08	1.82e-05	1.01e-03	1.60e-02	7.63e-02	1.95e-01	2.44e-01	1.52e-01	1.04e-01	1.75e-01	3.33e-02	2.10e-03
 5.99706e+22	1.59e-25	8.06e-19	9.55e-16	2.83e-13	1.81e-11	6.51e-10	2.25e-08	2.02e-05	1.11e-03	1.75e-02	8.16e-02	2.04e-01	2.48e-01	1.50e-01	1.01e-01	1.65e-01	3.04e-02	1.86e-03
 6.00784e+22	2.19e-25	1.09e-18	1.25e-15	3.56e-13	2.19e-11	7.57e-10	2.52e-08	2.24e-05	1.22e-03	1.90e-02	8.70e-02	2.12e-01	2.52e-01	1.49e-01	9.69e-02	1.55e-01	2.77e-02	1.65e-03
 6.02016e+22	3.29e-25	1.61e-18	1.77e-15	4.79e-13	2.80e-11	9.19e-10	2.92e-08	2.55e-05	1.38e-03	2.11e-02	9.41e-02	2.21e-01	2.55e-01	1.46e-01	9.20e-02	1.43e-01	2.46e-02	1.41e-03
 6.03265e+22	4.51e-25	2.16e-18	2.30e-15	6.01e-13	3.39e-11	1.07e-09	3.28e-08	2.82e-05	1.51e-03	2.29e-02	9.98e-02	2.29e-01	2.58e-01	1.44e-01	8.83e-02	1.34e-01	2.23e-02	1.24e-03
 6.04533e+22	6.73e-25	3.16e-18	3.23e-15	8.03e-13	4.31e-11	1.29e-09	3.80e-08	3.19e-05	1.69e-03	2.52e-02	1.07e-01	2.38e-01	2.60e-01	1.40e-01	8.35e-02	1.23e-01	1.97e-02	1.06e-03
 6.05765e+22	8.90e-25	4.11e-18	4.09e-15	9.83e-13	5.11e-11	1.48e-09	4.22e-08	3.48e-05	1.83e-03	2.70e-02	1.13e-01	2.45e-01	2.61e-01	1.38e-01	8.02e-02	1.15e-01	1.81e-02	9.44e-04
 6.06950e+22	1.24e-24	5.80e-18	5.57e-15	1.28e-12	6.38e-11	1.77e-09	4.83e-08	3.89e-05	2.02e-03	2.94e-02	1.20e-01	2.53e-01	2.62e-01	1.34e-01	7.60e-02	1.06e-01	1.61e-02	8.10e-04
 6.08158e+22	1.64e-24	7.54e-18	7.04e-15	1.57e-12	7.56e-11	2.02e-09	5.37e-08	4.23e-05	2.18e-03	3.13e-02	1.26e-01	2.59e-01	2.63e-01	1.31e-01	7.28e-02	9.98e-02	1.47e-02	7.20e-04
 6.09396e+22	2.36e-24	1.07e-17	9.62e-15	2.05e-12	9.46e-11	2.42e-09	6.16e-08	4.73e-05	2.40e-03	3.41e-02	1.34e-01	2.66e-01	2.63e-01	1.27e-01	6.86e-02	9.14e-02	1.30e-02	6.14e-04
 6.10651e+22	3.09e-24	1.38e-17	1.21e-14	2.49e-12	1.12e-10	2.77e-09	6.85e-08	5.14e-05	2.58e-03	3.62e-02	1.40e-01	2.71e-01	2.62e-01	1.24e-01	6.56e-02	8.56e-02	1.18e-02	5.45e-04
 6.11928e+22	4.43e-24	1.95e-17	1.65e-14	3.25e-12	1.40e-10	3.32e-09	7.87e-08	5.73e-05	2.84e-03	3.92e-02	1.48e-01	2.78e-01	2.61e-01	1.20e-01	6.16e-02	7.81e-02	1.04e-02	4.63e-04
 6.13183e+22	5.67e-24	2.46e-17	2.03e-14	3.90e-12	1.63e-10	3.76e-09	8.69e-08	6.19e-05	3.03e-03	4.14e-02	1.53e-01	2.83e-01	2.60e-01	1.17e-01	5.89e-02	7.33e-02	9.52e-03	4.13e-04
 6.14409e+22	7.92e-24	3.40e-17	2.71e-14	4.99e-12	2.01e-10	4.45e-09	9.90e-08	6.84e-05	3.30e-03	4.45e-02	1.61e-01	2.88e-01	2.58e-01	1.13e-01	5.54e-02	6.71e-02	8.42e-03	3.53e-04
 6.15660e+22	1.02e-23	4.31e-17	3.36e-14	6.01e-12	2.35e-10	5.06e-09	1.10e-07	7.40e-05	3.53e-03	4.70e-02	1.67e-01	2.92e-01	2.57e-01	1.10e-01	5.28e-02	6.28e-02	7.67e-03	3.14e-04
 6.16943e+22	1.42e-23	5.93e-17	4.48e-14	7.70e-12	2.90e-10	5.99e-09	1.25e-07	8.18e-05	3.84e-03	5.04e-02	1.75e-01	2.97e-01	2.54e-01	1.05e-01	4.95e-02	5.72e-02	6.76e-03	2.67e-04
 6.18251e+22	1.83e-23	7.56e-17	5.57e-14	9.30e-12	3.41e-10	6.84e-09	1.39e-07	8.86e-05	4.10e-03	5.31e-02	1.81e-01	3.01e-01	2.52e-01	1.02e-01	4.70e-02	5.33e-02	6.13e-03	2.36e-04
 6.19591e+22	2.55e-23	1.04e-16	7.43e-14	1.19e-11	4.22e-10	8.12e-09	1.59e-07	9.81e-05	4.46e-03	5.69e-02	1.90e-01	3.05e-01	2.48e-01	9.78e-02	4.39e-02	4.84e-02	5.37e-03	2.00e-04
 6.20955e+22	3.29e-23	1.33e-16	9.25e-14	1.44e-11	4.96e-10	9.28e-09	1.77e-07	1.06e-04	4.77e-03	5.99e-02	1.96e-01	3.08e-01	2.45e-01	9.45e-02	4.16e-02	4.49e-02	4.85e-03	1.76e-04
 6.22349e+22	3.97e-26	1.84e-16	1.24e-13	1.86e-11	6.14e-10	1.11e-08	2.03e-07	1.18e-04	5.18e-03	6.41e-02	2.05e-01	3.11e-01	2.41e-01	9.01e-02	3.86e-02	4.06e-02	4.23e-03	1.48e-04
 6.23770e+22	5.23e-26	2.34e-16	1.54e-13	2.25e-11	7.25e-10	1.27e-08	2.26e-07	1.28e-04	5.54e-03	6.74e-02	2.12e-01	3.13e-01	2.37e-01	8.67e-02	3.65e-02	3.76e-02	3.81e-03	1.29e-04
 6.25018e+22	6.84e-26	2.98e-16	1.92e-13	2.72e-11	8.51e-10	1.44e-08	2.51e-07	1.38e-04	5.89e-03	7.08e-02	2.18e-01	3.15e-01	2.33e-01	8.35e-02	3.45e-02	3.48e-02	3.43e-03	1.13e-04
 6.26435e+22	9.68e-26	4.06e-16	2.53e-13	3.46e-11	1.05e-09	1.71e-08	2.87e-07	1.53e-04	6.39e-03	7.53e-02	2.27e-01	3.17e-01	2.28e-01	7.94e-02	3.20e-02	3.14e-02	2.99e-03	9.54e-05
 6.27850e+22	1.24e-25	5.05e-16	3.09e-13	4.12e-11	1.22e-09	1.94e-08	3.17e-07	1.64e-04	6.78e-03	7.87e-02	2.33e-01	3.18e-01	2.25e-01	7.64e-02	3.03e-02	2.92e-02	2.71e-03	8.43e-05
 6.29262e+22	1.75e-25	6.87e-16	4.07e-13	5.24e-11	1.49e-09	2.29e-08	3.63e-07	1.81e-04	7.33e-03	8.35e-02	2.41e-01	3.20e-01	2.19e-01	7.24e-02	2.80e-02	2.63e-02	2.35e-03	7.08e-05
 6.30696e+22	2.25e-25	8.56e-16	4.97e-13	6.24e-11	1.74e-09	2.60e-08	4.01e-07	1.96e-04	7.78e-03	8.73e-02	2.47e-01	3.20e-01	2.15e-01	6.96e-02	2.64e-02	2.44e-02	2.13e-03	6.24e-05
 6.32157e+22	3.15e-25	1.15e-15	6.51e-13	7.89e-11	2.13e-09	3.08e-08	4.58e-07	2.16e-04	8.39e-03	9.24e-02	2.55e-01	3.20e-01	2.09e-01	6.58e-02	2.45e-02	2.19e-02	1.85e-03	5.24e-05
 6.33666e+22	4.14e-25	1.47e-15	8.09e-13	9.55e-11	2.51e-09	3.52e-08	5.11e-07	2.34e-04	8.94e-03	9.67e-02	2.62e-01	3.20e-01	2.04e-01	6.28e-02	2.29e-02	2.01e-02	1.65e-03	4.54e-05
 6.35235e+22	5.83e-25	1.98e-15	1.06e-12	1.21e-10	3.08e-09	4.18e-08	5.87e-07	2.59e-04	9.67e-03	1.02e-01	2.70e-01	3.20e-01	1.98e-01	5.92e-02	2.11e-02	1.80e-02	1.43e-03	3.80e-05
 6.36859e+22	7.81e-25	2.55e-15	1.34e-12	1.48e-10	3.67e-09	4.84e-08	6.59e-07	2.83e-04	1.03e-02	1.07e-01	2.77e-01	3.19e-01	1.93e-01	5.62e-02	1.96e-02	1.64e-02	1.26e-03	3.25e-05
 6.38555e+22	1.12e-24	3.49e-15	1.78e-12	1.91e-10	4.55e-09	5.79e-08	7.62e-07	3.15e-04	1.12e-02	1.14e-01	2.85e-01	3.17e-01	1.86e-01	5.26e-02	1.79e-02	1.46e-02	1.08e-03	2.68e-05
 6.40301e+22	1.52e-24	4.55e-15	2.26e-12	2.35e-10	5.46e-09	6.74e-08	8.61e-07	3.45e-04	1.20e-02	1.19e-01	2.92e-01	3.15e-01	1.80e-01	4.97e-02	1.66e-02	1.32e-02	9.45e-04	2.28e-05
 6.42115e+22	2.20e-24	6.29e-15	3.04e-12	3.05e-10	6.83e-09	8.13e-08	1.00e-06	3.86e-04	1.30e-02	1.26e-01	3.01e-01	3.13e-01	1.73e-01	4.62e-02	1.51e-02	1.16e-02	8.01e-04	1.86e-05
 6.43994e+22	3.03e-24	8.30e-15	3.91e-12	3.81e-10	8.28e-09	9.55e-08	1.14e-06	4.24e-04	1.40e-02	1.33e-01	3.08e-01	3.10e-01	1.67e-01	4.33e-02	1.38e-02	1.04e-02	6.94e-04	1.56e-05
 6.45701e+22	3.03e-24	1.09e-14	4.99e-12	4.72e-10	9.97e-09	1.12e-07	1.29e-06	4.66e-04	1.50e-02	1.39e-01	3.14e-01	3.07e-01	1.61e-01	4.07e-02	1.27e-02	9.36e-03	6.04e-04	1.31e-05
 6.47661e+22	4.48e-24	1.52e-14	6.80e-12	6.20e-10	1.26e-08	1.36e-07	1.52e-06	5.24e-04	1.64e-02	1.47e-01	3.22e-01	3.03e-01	1.54e-01	3.75e-02	1.14e-02	8.16e-03	5.05e-04	1.05e-05
 6.49658e+22	6.20e-24	2.01e-14	8.77e-12	7.76e-10	1.53e-08	1.60e-07	1.73e-06	5.77e-04	1.76e-02	1.54e-01	3.29e-01	2.99e-01	1.47e-01	3.50e-02	1.04e-02	7.27e-03	4.34e-04	8.75e-06
 6.51705e+22	9.28e-24	2.85e-14	1.20e-11	1.02e-09	1.95e-08	1.95e-07	2.04e-06	6.51e-04	1.92e-02	1.63e-01	3.36e-01	2.93e-01	1.40e-01	3.20e-02	9.32e-03	6.28e-03	3.60e-04	6.94e-06
 6.53779e+22	1.29e-23	3.78e-14	1.56e-11	1.29e-09	2.37e-08	2.30e-07	2.33e-06	7.17e-04	2.05e-02	1.70e-01	3.42e-01	2.89e-01	1.33e-01	2.97e-02	8.47e-03	5.56e-03	3.08e-04	5.73e-06
 6.55889e+22	1.96e-23	5.40e-14	2.16e-11	1.71e-09	3.04e-08	2.83e-07	2.75e-06	8.11e-04	2.24e-02	1.80e-01	3.49e-01	2.82e-01	1.26e-01	2.70e-02	7.50e-03	4.77e-03	2.52e-04	4.49e-06
 6.58021e+22	2.72e-23	7.17e-14	2.79e-11	2.15e-09	3.71e-08	3.34e-07	3.14e-06	8.94e-04	2.40e-02	1.88e-01	3.54e-01	2.77e-01	1.20e-01	2.50e-02	6.79e-03	4.20e-03	2.14e-04	3.69e-06
 6.60181e+22	4.18e-23	1.04e-13	3.90e-11	2.88e-09	4.78e-08	4.13e-07	3.73e-06	1.01e-03	2.63e-02	1.99e-01	3.61e-01	2.69e-01	1.12e-01	2.25e-02	5.96e-03	3.57e-03	1.73e-04	2.84e-06
 6.62354e+22	5.82e-23	1.37e-13	5.04e-11	3.61e-09	5.81e-08	4.87e-07	4.26e-06	1.11e-03	2.81e-02	2.07e-01	3.65e-01	2.63e-01	1.06e-01	2.08e-02	5.39e-03	3.14e-03	1.47e-04	2.33e-06
 6.64171e+22	7.83e-23	1.77e-13	6.34e-11	4.42e-09	6.93e-08	5.64e-07	4.80e-06	1.21e-03	2.98e-02	2.15e-01	3.69e-01	2.57e-01	1.01e-01	1.93e-02	4.91e-03	2.79e-03	1.27e-04	1.94e-06
