#depth	O	O+	O+2	O+3	O+4	O+5	O+6	O+7	O+8	O[1]	O[2]	O[3]
 4.62852e+21	0.00e+00	0.00e+00	0.00e+00	2.78e-26	1.32e-20	2.92e-15	2.27e-09	9.99e-05	1.00e+00	0.00e+00	0.00e+00	0.00e+00
 1.05213e+22	0.00e+00	0.00e+00	1.37e-31	1.70e-25	5.65e-20	8.68e-15	4.68e-09	1.43e-04	1.00e+00	0.00e+00	0.00e+00	0.00e+00
 1.26197e+22	0.00e+00	0.00e+00	5.66e-31	5.56e-25	1.46e-19	1.77e-14	7.52e-09	1.82e-04	1.00e+00	0.00e+00	0.00e+00	0.00e+00
 1.41213e+22	0.00e+00	0.00e+00	1.77e-30	1.44e-24	3.12e-19	3.13e-14	1.10e-08	2.20e-04	1.00e+00	0.00e+00	0.00e+00	0.00e+00
 1.50849e+22	0.00e+00	0.00e+00	2.82e-30	2.12e-24	4.27e-19	3.97e-14	1.29e-08	2.38e-04	1.00e+00	0.00e+00	0.00e+00	0.00e+00
 1.57664e+22	0.00e+00	0.00e+00	5.57e-30	3.75e-24	6.72e-19	5.59e-14	1.62e-08	2.66e-04	1.00e+00	0.00e+00	0.00e+00	0.00e+00
 1.64609e+22	0.00e+00	0.00e+00	9.10e-30	5.64e-24	9.34e-19	7.16e-14	1.90e-08	2.89e-04	1.00e+00	0.00e+00	0.00e+00	0.00e+00
 1.70199e+22	0.00e+00	0.00e+00	1.40e-29	8.09e-24	1.25e-18	8.90e-14	2.20e-08	3.11e-04	1.00e+00	0.00e+00	0.00e+00	0.00e+00
 1.75037e+22	0.00e+00	0.00e+00	2.05e-29	1.11e-23	1.63e-18	1.09e-13	2.51e-08	3.32e-04	1.00e+00	0.00e+00	0.00e+00	0.00e+00
 1.80423e+22	0.00e+00	0.00e+00	3.47e-29	1.72e-23	2.32e-18	1.42e-13	3.00e-08	3.63e-04	1.00e+00	0.00e+00	0.00e+00	0.00e+00
 1.85738e+22	0.00e+00	0.00e+00	4.96e-29	2.32e-23	2.94e-18	1.70e-13	3.38e-08	3.85e-04	1.00e+00	0.00e+00	0.00e+00	0.00e+00
 1.90961e+22	0.00e+00	0.00e+00	8.09e-29	3.48e-23	4.08e-18	2.18e-13	3.98e-08	4.18e-04	1.00e+00	0.00e+00	0.00e+00	0.00e+00
 1.96302e+22	0.00e+00	0.00e+00	1.22e-28	4.92e-23	5.38e-18	2.68e-13	4.57e-08	4.48e-04	1.00e+00	0.00e+00	0.00e+00	0.00e+00
 2.01037e+22	0.00e+00	0.00e+00	1.81e-28	6.83e-23	7.01e-18	3.27e-13	5.22e-08	4.78e-04	1.00e+00	0.00e+00	0.00e+00	0.00e+00
 2.06435e+22	0.00e+00	0.00e+00	3.06e-28	1.06e-22	9.96e-18	4.27e-13	6.22e-08	5.22e-04	9.99e-01	0.00e+00	0.00e+00	0.00e+00
 2.11769e+22	0.00e+00	0.00e+00	4.37e-28	1.43e-22	1.27e-17	5.11e-13	7.02e-08	5.54e-04	9.99e-01	0.00e+00	0.00e+00	0.00e+00
 2.17022e+22	0.00e+00	0.00e+00	7.11e-28	2.14e-22	1.76e-17	6.55e-13	8.26e-08	6.01e-04	9.99e-01	0.00e+00	0.00e+00	0.00e+00
 2.22451e+22	0.00e+00	0.00e+00	1.08e-27	3.05e-22	2.33e-17	8.10e-13	9.52e-08	6.45e-04	9.99e-01	0.00e+00	0.00e+00	0.00e+00
 2.27256e+22	0.00e+00	0.00e+00	1.60e-27	4.22e-22	3.03e-17	9.88e-13	1.08e-07	6.88e-04	9.99e-01	0.00e+00	0.00e+00	0.00e+00
 2.32646e+22	0.00e+00	0.00e+00	2.69e-27	6.52e-22	4.30e-17	1.29e-12	1.29e-07	7.51e-04	9.99e-01	0.00e+00	0.00e+00	0.00e+00
 2.37520e+22	0.00e+00	0.00e+00	3.63e-27	8.38e-22	5.26e-17	1.50e-12	1.43e-07	7.89e-04	9.99e-01	0.00e+00	0.00e+00	0.00e+00
 2.41723e+22	0.00e+00	1.98e-33	5.23e-27	1.14e-21	6.72e-17	1.81e-12	1.62e-07	8.39e-04	9.99e-01	0.00e+00	0.00e+00	0.00e+00
 2.46276e+22	0.00e+00	3.02e-33	7.52e-27	1.54e-21	8.58e-17	2.17e-12	1.83e-07	8.92e-04	9.99e-01	0.00e+00	0.00e+00	0.00e+00
 2.50405e+22	0.00e+00	4.42e-33	1.05e-26	2.03e-21	1.07e-16	2.57e-12	2.04e-07	9.42e-04	9.99e-01	0.00e+00	0.00e+00	0.00e+00
 2.54890e+22	0.00e+00	7.15e-33	1.58e-26	2.86e-21	1.41e-16	3.17e-12	2.35e-07	1.01e-03	9.99e-01	0.00e+00	0.00e+00	0.00e+00
 2.59440e+22	0.00e+00	1.05e-32	2.20e-26	3.79e-21	1.77e-16	3.76e-12	2.62e-07	1.07e-03	9.99e-01	0.00e+00	0.00e+00	0.00e+00
 2.64073e+22	0.00e+00	1.72e-32	3.36e-26	5.39e-21	2.36e-16	4.67e-12	3.03e-07	1.15e-03	9.99e-01	0.00e+00	0.00e+00	0.00e+00
 2.68697e+22	0.00e+00	2.54e-32	4.70e-26	7.14e-21	2.95e-16	5.54e-12	3.39e-07	1.21e-03	9.99e-01	0.00e+00	0.00e+00	0.00e+00
 2.72695e+22	0.00e+00	3.70e-32	6.49e-26	9.36e-21	3.68e-16	6.55e-12	3.78e-07	1.28e-03	9.99e-01	0.00e+00	0.00e+00	0.00e+00
 2.77279e+22	0.00e+00	6.01e-32	9.86e-26	1.33e-20	4.87e-16	8.11e-12	4.35e-07	1.37e-03	9.99e-01	0.00e+00	0.00e+00	0.00e+00
 2.81516e+22	0.00e+00	8.42e-32	1.32e-25	1.69e-20	5.92e-16	9.40e-12	4.80e-07	1.44e-03	9.99e-01	0.00e+00	0.00e+00	0.00e+00
 2.84760e+22	0.00e+00	1.15e-31	1.72e-25	2.11e-20	7.09e-16	1.08e-11	5.25e-07	1.51e-03	9.98e-01	0.00e+00	0.00e+00	0.00e+00
 2.88434e+22	0.00e+00	1.65e-31	2.35e-25	2.75e-20	8.78e-16	1.27e-11	5.84e-07	1.59e-03	9.98e-01	0.00e+00	0.00e+00	0.00e+00
 2.92381e+22	0.00e+00	2.36e-31	3.19e-25	3.56e-20	1.08e-15	1.48e-11	6.48e-07	1.67e-03	9.98e-01	0.00e+00	0.00e+00	0.00e+00
 2.95945e+22	0.00e+00	3.28e-31	4.24e-25	4.51e-20	1.31e-15	1.72e-11	7.13e-07	1.75e-03	9.98e-01	0.00e+00	0.00e+00	0.00e+00
 2.99315e+22	0.00e+00	4.51e-31	5.58e-25	5.68e-20	1.58e-15	1.98e-11	7.83e-07	1.84e-03	9.98e-01	0.00e+00	0.00e+00	0.00e+00
 3.03171e+22	0.00e+00	6.70e-31	7.85e-25	7.55e-20	1.98e-15	2.36e-11	8.79e-07	1.94e-03	9.98e-01	0.00e+00	0.00e+00	0.00e+00
 3.07155e+22	0.00e+00	9.49e-31	1.06e-24	9.71e-20	2.43e-15	2.75e-11	9.73e-07	2.05e-03	9.98e-01	0.00e+00	0.00e+00	0.00e+00
 3.10621e+22	0.00e+00	1.30e-30	1.39e-24	1.22e-19	2.93e-15	3.17e-11	1.07e-06	2.14e-03	9.98e-01	0.00e+00	0.00e+00	0.00e+00
 3.14446e+22	0.00e+00	1.89e-30	1.92e-24	1.60e-19	3.65e-15	3.76e-11	1.19e-06	2.26e-03	9.98e-01	0.00e+00	0.00e+00	0.00e+00
 3.18166e+22	0.00e+00	2.60e-30	2.52e-24	2.02e-19	4.39e-15	4.32e-11	1.31e-06	2.37e-03	9.98e-01	0.00e+00	0.00e+00	0.00e+00
 3.21099e+22	0.00e+00	3.41e-30	3.19e-24	2.46e-19	5.15e-15	4.88e-11	1.42e-06	2.46e-03	9.98e-01	0.00e+00	0.00e+00	0.00e+00
 3.24260e+22	0.00e+00	4.63e-30	4.15e-24	3.07e-19	6.17e-15	5.60e-11	1.55e-06	2.58e-03	9.97e-01	0.00e+00	0.00e+00	0.00e+00
 3.27708e+22	0.00e+00	6.35e-30	5.44e-24	3.85e-19	7.41e-15	6.44e-11	1.70e-06	2.70e-03	9.97e-01	0.00e+00	0.00e+00	0.00e+00
 3.30827e+22	0.00e+00	8.36e-30	6.91e-24	4.70e-19	8.72e-15	7.29e-11	1.84e-06	2.81e-03	9.97e-01	0.00e+00	0.00e+00	0.00e+00
 3.34178e+22	0.00e+00	1.16e-29	9.17e-24	5.97e-19	1.06e-14	8.46e-11	2.03e-06	2.94e-03	9.97e-01	0.00e+00	0.00e+00	0.00e+00
 3.37680e+22	0.00e+00	1.59e-29	1.20e-23	7.49e-19	1.27e-14	9.72e-11	2.23e-06	3.08e-03	9.97e-01	0.00e+00	0.00e+00	0.00e+00
 3.40743e+22	0.00e+00	2.11e-29	1.53e-23	9.17e-19	1.50e-14	1.10e-10	2.42e-06	3.21e-03	9.97e-01	0.00e+00	0.00e+00	0.00e+00
 3.43635e+22	0.00e+00	2.76e-29	1.93e-23	1.12e-18	1.76e-14	1.24e-10	2.62e-06	3.34e-03	9.97e-01	0.00e+00	0.00e+00	0.00e+00
 3.46364e+22	0.00e+00	3.52e-29	2.38e-23	1.33e-18	2.02e-14	1.39e-10	2.81e-06	3.46e-03	9.97e-01	0.00e+00	0.00e+00	0.00e+00
 3.49340e+22	0.00e+00	4.74e-29	3.08e-23	1.65e-18	2.41e-14	1.59e-10	3.07e-06	3.61e-03	9.96e-01	0.00e+00	0.00e+00	0.00e+00
 3.52411e+22	0.00e+00	6.17e-29	3.86e-23	2.00e-18	2.81e-14	1.78e-10	3.32e-06	3.75e-03	9.96e-01	0.00e+00	0.00e+00	0.00e+00
 3.55130e+22	0.00e+00	7.89e-29	4.78e-23	2.39e-18	3.25e-14	1.99e-10	3.57e-06	3.89e-03	9.96e-01	0.00e+00	0.00e+00	0.00e+00
 3.58190e+22	0.00e+00	1.06e-28	6.18e-23	2.97e-18	3.88e-14	2.28e-10	3.90e-06	4.06e-03	9.96e-01	0.00e+00	0.00e+00	0.00e+00
 3.61384e+22	0.00e+00	1.41e-28	7.89e-23	3.64e-18	4.58e-14	2.59e-10	4.24e-06	4.23e-03	9.96e-01	0.00e+00	0.00e+00	0.00e+00
 3.64116e+22	0.00e+00	1.81e-28	9.78e-23	4.36e-18	5.30e-14	2.90e-10	4.56e-06	4.39e-03	9.96e-01	0.00e+00	0.00e+00	0.00e+00
 3.66645e+22	0.00e+00	2.29e-28	1.20e-22	5.17e-18	6.09e-14	3.22e-10	4.89e-06	4.54e-03	9.95e-01	0.00e+00	0.00e+00	0.00e+00
 3.69549e+22	0.00e+00	3.06e-28	1.53e-22	6.37e-18	7.21e-14	3.67e-10	5.33e-06	4.74e-03	9.95e-01	0.00e+00	0.00e+00	0.00e+00
 3.72618e+22	0.00e+00	4.00e-28	1.93e-22	7.74e-18	8.45e-14	4.14e-10	5.77e-06	4.92e-03	9.95e-01	0.00e+00	0.00e+00	0.00e+00
 3.75210e+22	0.00e+00	5.04e-28	2.36e-22	9.15e-18	9.67e-14	4.58e-10	6.17e-06	5.09e-03	9.95e-01	0.00e+00	0.00e+00	0.00e+00
 3.77507e+22	0.00e+00	6.20e-28	2.82e-22	1.06e-17	1.09e-13	5.04e-10	6.56e-06	5.25e-03	9.95e-01	0.00e+00	0.00e+00	0.00e+00
 3.80109e+22	0.00e+00	7.94e-28	3.49e-22	1.27e-17	1.27e-13	5.64e-10	7.07e-06	5.44e-03	9.95e-01	0.00e+00	0.00e+00	0.00e+00
 3.82931e+22	0.00e+00	1.03e-27	4.36e-22	1.54e-17	1.47e-13	6.33e-10	7.63e-06	5.65e-03	9.94e-01	0.00e+00	0.00e+00	0.00e+00
 3.85480e+22	0.00e+00	1.29e-27	5.29e-22	1.81e-17	1.68e-13	7.01e-10	8.15e-06	5.84e-03	9.94e-01	0.00e+00	0.00e+00	0.00e+00
 3.88236e+22	0.00e+00	1.70e-27	6.72e-22	2.21e-17	1.98e-13	7.95e-10	8.86e-06	6.08e-03	9.94e-01	0.00e+00	0.00e+00	0.00e+00
 3.91014e+22	1.88e-34	2.15e-27	8.24e-22	2.62e-17	2.27e-13	8.83e-10	9.50e-06	6.30e-03	9.94e-01	0.00e+00	0.00e+00	0.00e+00
 3.93384e+22	2.41e-34	2.67e-27	9.93e-22	3.07e-17	2.58e-13	9.74e-10	1.01e-05	6.50e-03	9.93e-01	0.00e+00	0.00e+00	0.00e+00
 3.96027e+22	3.22e-34	3.45e-27	1.24e-21	3.69e-17	3.01e-13	1.09e-09	1.09e-05	6.75e-03	9.93e-01	0.00e+00	0.00e+00	0.00e+00
 3.98847e+22	4.28e-34	4.42e-27	1.53e-21	4.42e-17	3.48e-13	1.22e-09	1.18e-05	7.00e-03	9.93e-01	0.00e+00	0.00e+00	0.00e+00
 4.01399e+22	5.59e-34	5.59e-27	1.87e-21	5.23e-17	3.99e-13	1.36e-09	1.26e-05	7.24e-03	9.93e-01	0.00e+00	0.00e+00	0.00e+00
 4.04221e+22	7.63e-34	7.34e-27	2.37e-21	6.39e-17	4.69e-13	1.54e-09	1.37e-05	7.54e-03	9.92e-01	0.00e+00	0.00e+00	0.00e+00
 4.07033e+22	1.01e-33	9.40e-27	2.93e-21	7.63e-17	5.42e-13	1.72e-09	1.47e-05	7.82e-03	9.92e-01	0.00e+00	0.00e+00	0.00e+00
 4.09315e+22	1.28e-33	1.15e-26	3.50e-21	8.86e-17	6.12e-13	1.88e-09	1.57e-05	8.06e-03	9.92e-01	0.00e+00	0.00e+00	0.00e+00
 4.11763e+22	1.68e-33	1.47e-26	4.30e-21	1.05e-16	7.04e-13	2.10e-09	1.68e-05	8.35e-03	9.92e-01	0.00e+00	0.00e+00	0.00e+00
 4.14438e+22	2.20e-33	1.86e-26	5.26e-21	1.25e-16	8.09e-13	2.34e-09	1.81e-05	8.64e-03	9.91e-01	0.00e+00	0.00e+00	0.00e+00
 4.16974e+22	2.89e-33	2.36e-26	6.46e-21	1.48e-16	9.30e-13	2.60e-09	1.94e-05	8.95e-03	9.91e-01	0.00e+00	0.00e+00	0.00e+00
 4.19424e+22	3.71e-33	2.94e-26	7.81e-21	1.74e-16	1.06e-12	2.87e-09	2.07e-05	9.25e-03	9.91e-01	0.00e+00	0.00e+00	0.00e+00
 4.21792e+22	4.77e-33	3.66e-26	9.43e-21	2.04e-16	1.20e-12	3.16e-09	2.21e-05	9.55e-03	9.90e-01	0.00e+00	0.00e+00	0.00e+00
 4.24095e+22	6.06e-33	4.50e-26	1.13e-20	2.37e-16	1.36e-12	3.48e-09	2.36e-05	9.85e-03	9.90e-01	0.00e+00	0.00e+00	0.00e+00
 4.26720e+22	8.11e-33	5.81e-26	1.41e-20	2.85e-16	1.58e-12	3.90e-09	2.54e-05	1.02e-02	9.90e-01	0.00e+00	0.00e+00	0.00e+00
 4.29474e+22	1.08e-32	7.48e-26	1.74e-20	3.42e-16	1.83e-12	4.36e-09	2.74e-05	1.06e-02	9.89e-01	0.00e+00	0.00e+00	0.00e+00
 4.31871e+22	1.39e-32	9.32e-26	2.11e-20	4.01e-16	2.08e-12	4.81e-09	2.93e-05	1.10e-02	9.89e-01	0.00e+00	0.00e+00	0.00e+00
 4.34461e+22	1.86e-32	1.20e-25	2.62e-20	4.82e-16	2.42e-12	5.39e-09	3.16e-05	1.14e-02	9.89e-01	0.00e+00	0.00e+00	0.00e+00
 4.37120e+22	2.45e-32	1.52e-25	3.21e-20	5.71e-16	2.78e-12	5.98e-09	3.39e-05	1.18e-02	9.88e-01	0.00e+00	0.00e+00	0.00e+00
 4.39392e+22	3.10e-32	1.88e-25	3.84e-20	6.64e-16	3.14e-12	6.56e-09	3.61e-05	1.22e-02	9.88e-01	0.00e+00	0.00e+00	0.00e+00
 4.41869e+22	4.12e-32	2.40e-25	4.75e-20	7.93e-16	3.62e-12	7.32e-09	3.89e-05	1.26e-02	9.87e-01	0.00e+00	0.00e+00	0.00e+00
 4.44514e+22	5.50e-32	3.09e-25	5.88e-20	9.49e-16	4.18e-12	8.15e-09	4.19e-05	1.31e-02	9.87e-01	0.00e+00	0.00e+00	0.00e+00
 4.46875e+22	7.00e-32	3.81e-25	7.05e-20	1.11e-15	4.73e-12	8.96e-09	4.46e-05	1.35e-02	9.86e-01	0.00e+00	0.00e+00	0.00e+00
 4.49442e+22	9.48e-32	4.96e-25	8.84e-20	1.34e-15	5.51e-12	1.01e-08	4.82e-05	1.41e-02	9.86e-01	0.00e+00	0.00e+00	0.00e+00
 4.52027e+22	1.24e-31	6.26e-25	1.08e-19	1.58e-15	6.30e-12	1.11e-08	5.17e-05	1.46e-02	9.85e-01	0.00e+00	0.00e+00	0.00e+00
 4.54210e+22	1.57e-31	7.70e-25	1.29e-19	1.83e-15	7.09e-12	1.21e-08	5.49e-05	1.50e-02	9.85e-01	0.00e+00	0.00e+00	0.00e+00
 4.56619e+22	2.11e-31	9.96e-25	1.60e-19	2.20e-15	8.22e-12	1.36e-08	5.93e-05	1.56e-02	9.84e-01	0.00e+00	0.00e+00	0.00e+00
 4.59135e+22	2.75e-31	1.25e-24	1.95e-19	2.59e-15	9.37e-12	1.50e-08	6.35e-05	1.61e-02	9.84e-01	0.00e+00	0.00e+00	0.00e+00
 4.61429e+22	3.57e-31	1.57e-24	2.36e-19	3.04e-15	1.07e-11	1.65e-08	6.78e-05	1.67e-02	9.83e-01	0.00e+00	0.00e+00	0.00e+00
 4.64049e+22	5.01e-31	2.11e-24	3.04e-19	3.74e-15	1.26e-11	1.86e-08	7.39e-05	1.74e-02	9.82e-01	0.00e+00	0.00e+00	0.00e+00
 4.66588e+22	6.43e-31	2.62e-24	3.65e-19	4.37e-15	1.42e-11	2.04e-08	7.89e-05	1.80e-02	9.82e-01	0.00e+00	0.00e+00	0.00e+00
 4.69022e+22	8.81e-31	3.44e-24	4.61e-19	5.29e-15	1.66e-11	2.29e-08	8.54e-05	1.88e-02	9.81e-01	0.00e+00	0.00e+00	0.00e+00
 4.71481e+22	1.16e-30	4.37e-24	5.65e-19	6.27e-15	1.90e-11	2.52e-08	9.15e-05	1.94e-02	9.80e-01	0.00e+00	0.00e+00	0.00e+00
 4.73575e+22	1.46e-30	5.33e-24	6.68e-19	7.21e-15	2.12e-11	2.74e-08	9.70e-05	2.00e-02	9.80e-01	0.00e+00	0.00e+00	0.00e+00
 4.75897e+22	1.99e-30	6.97e-24	8.39e-19	8.71e-15	2.46e-11	3.06e-08	1.05e-04	2.08e-02	9.79e-01	0.00e+00	0.00e+00	0.00e+00
 4.78323e+22	2.64e-30	8.88e-24	1.03e-18	1.03e-14	2.82e-11	3.37e-08	1.12e-04	2.16e-02	9.78e-01	0.00e+00	0.00e+00	0.00e+00
 4.80424e+22	3.38e-30	1.10e-23	1.23e-18	1.20e-14	3.17e-11	3.68e-08	1.20e-04	2.22e-02	9.78e-01	0.00e+00	0.00e+00	0.00e+00
 4.82697e+22	4.60e-30	1.44e-23	1.55e-18	1.45e-14	3.67e-11	4.09e-08	1.29e-04	2.31e-02	9.77e-01	0.00e+00	0.00e+00	0.00e+00
 4.85031e+22	6.03e-30	1.81e-23	1.89e-18	1.70e-14	4.18e-11	4.50e-08	1.38e-04	2.39e-02	9.76e-01	0.00e+00	0.00e+00	0.00e+00
 4.87087e+22	7.86e-30	2.28e-23	2.29e-18	2.00e-14	4.74e-11	4.92e-08	1.47e-04	2.47e-02	9.75e-01	0.00e+00	0.00e+00	0.00e+00
 4.89095e+22	1.01e-29	2.84e-23	2.76e-18	2.33e-14	5.35e-11	5.38e-08	1.57e-04	2.55e-02	9.74e-01	0.00e+00	0.00e+00	0.00e+00
 4.91400e+22	1.40e-29	3.76e-23	3.50e-18	2.84e-14	6.24e-11	6.01e-08	1.70e-04	2.66e-02	9.73e-01	0.00e+00	0.00e+00	0.00e+00
 4.93771e+22	1.88e-29	4.84e-23	4.33e-18	3.38e-14	7.16e-11	6.63e-08	1.82e-04	2.76e-02	9.72e-01	0.00e+00	0.00e+00	0.00e+00
 4.95782e+22	2.45e-29	6.08e-23	5.25e-18	3.97e-14	8.10e-11	7.24e-08	1.94e-04	2.85e-02	9.71e-01	0.00e+00	0.00e+00	0.00e+00
 4.97658e+22	3.13e-29	7.51e-23	6.27e-18	4.59e-14	9.09e-11	7.87e-08	2.06e-04	2.94e-02	9.70e-01	0.00e+00	0.00e+00	0.00e+00
 4.99804e+22	4.29e-29	9.85e-23	7.89e-18	5.55e-14	1.05e-10	8.74e-08	2.22e-04	3.05e-02	9.69e-01	0.00e+00	0.00e+00	0.00e+00
 5.02028e+22	5.70e-29	1.26e-22	9.72e-18	6.59e-14	1.20e-10	9.62e-08	2.38e-04	3.16e-02	9.68e-01	0.00e+00	0.00e+00	0.00e+00
 5.03999e+22	7.49e-29	1.59e-22	1.18e-17	7.75e-14	1.37e-10	1.05e-07	2.54e-04	3.27e-02	9.67e-01	0.00e+00	0.00e+00	0.00e+00
 5.06207e+22	1.05e-28	2.14e-22	1.52e-17	9.52e-14	1.60e-10	1.18e-07	2.76e-04	3.41e-02	9.66e-01	0.00e+00	0.00e+00	0.00e+00
 5.08390e+22	1.38e-28	2.70e-22	1.85e-17	1.12e-13	1.82e-10	1.29e-07	2.94e-04	3.52e-02	9.64e-01	0.00e+00	0.00e+00	0.00e+00
 5.10252e+22	1.80e-28	3.39e-22	2.24e-17	1.31e-13	2.06e-10	1.41e-07	3.13e-04	3.63e-02	9.63e-01	0.00e+00	0.00e+00	0.00e+00
 5.12382e+22	2.51e-28	4.52e-22	2.86e-17	1.60e-13	2.41e-10	1.58e-07	3.39e-04	3.78e-02	9.62e-01	0.00e+00	0.00e+00	0.00e+00
 5.14547e+22	3.36e-28	5.82e-22	3.54e-17	1.91e-13	2.76e-10	1.73e-07	3.63e-04	3.92e-02	9.60e-01	0.00e+00	0.00e+00	0.00e+00
 5.16410e+22	4.37e-28	7.29e-22	4.29e-17	2.24e-13	3.12e-10	1.89e-07	3.87e-04	4.04e-02	9.59e-01	0.00e+00	0.00e+00	0.00e+00
 5.18485e+22	6.09e-28	9.71e-22	5.46e-17	2.73e-13	3.65e-10	2.12e-07	4.18e-04	4.20e-02	9.58e-01	0.00e+00	0.00e+00	0.00e+00
 5.20639e+22	8.23e-28	1.26e-21	6.80e-17	3.27e-13	4.20e-10	2.34e-07	4.48e-04	4.35e-02	9.56e-01	0.00e+00	0.00e+00	0.00e+00
 5.22558e+22	1.09e-27	1.61e-21	8.37e-17	3.89e-13	4.80e-10	2.57e-07	4.79e-04	4.50e-02	9.55e-01	0.00e+00	0.00e+00	0.00e+00
 5.24420e+22	1.45e-27	2.05e-21	1.03e-16	4.61e-13	5.48e-10	2.82e-07	5.12e-04	4.65e-02	9.53e-01	0.00e+00	0.00e+00	0.00e+00
 5.26544e+22	2.06e-27	2.78e-21	1.33e-16	5.69e-13	6.46e-10	3.17e-07	5.55e-04	4.84e-02	9.51e-01	0.00e+00	0.00e+00	0.00e+00
 5.28731e+22	2.87e-27	3.70e-21	1.69e-16	6.95e-13	7.54e-10	3.53e-07	5.99e-04	5.03e-02	9.49e-01	0.00e+00	0.00e+00	0.00e+00
 5.30626e+22	3.81e-27	4.73e-21	2.08e-16	8.26e-13	8.62e-10	3.89e-07	6.40e-04	5.20e-02	9.47e-01	0.00e+00	0.00e+00	0.00e+00
 5.32715e+22	5.42e-27	6.41e-21	2.70e-16	1.02e-12	1.02e-09	4.37e-07	6.94e-04	5.41e-02	9.45e-01	0.00e+00	0.00e+00	0.00e+00
 5.34811e+22	7.25e-27	8.23e-21	3.34e-16	1.22e-12	1.17e-09	4.82e-07	7.42e-04	5.59e-02	9.43e-01	0.00e+00	0.00e+00	0.00e+00
 5.36615e+22	9.81e-27	1.07e-20	4.17e-16	1.46e-12	1.34e-09	5.32e-07	7.95e-04	5.78e-02	9.41e-01	0.00e+00	0.00e+00	0.00e+00
 5.38369e+22	1.29e-26	1.35e-20	5.09e-16	1.73e-12	1.53e-09	5.84e-07	8.46e-04	5.96e-02	9.40e-01	0.00e+00	0.00e+00	0.00e+00
 5.40017e+22	1.67e-26	1.69e-20	6.15e-16	2.02e-12	1.73e-09	6.36e-07	8.97e-04	6.14e-02	9.38e-01	0.00e+00	0.00e+00	0.00e+00
 5.41579e+22	2.20e-26	2.15e-20	7.52e-16	2.38e-12	1.96e-09	6.96e-07	9.53e-04	6.32e-02	9.36e-01	0.00e+00	0.00e+00	0.00e+00
 5.42986e+22	2.78e-26	2.63e-20	8.94e-16	2.75e-12	2.19e-09	7.52e-07	1.00e-03	6.48e-02	9.34e-01	0.00e+00	0.00e+00	0.00e+00
 5.44234e+22	3.38e-26	3.12e-20	1.03e-15	3.10e-12	2.41e-09	8.03e-07	1.05e-03	6.63e-02	9.33e-01	0.00e+00	0.00e+00	0.00e+00
 5.45649e+22	4.43e-26	3.94e-20	1.26e-15	3.65e-12	2.73e-09	8.78e-07	1.11e-03	6.82e-02	9.31e-01	0.00e+00	0.00e+00	0.00e+00
 5.47128e+22	5.64e-26	4.86e-20	1.50e-15	4.22e-12	3.06e-09	9.51e-07	1.18e-03	7.00e-02	9.29e-01	0.00e+00	0.00e+00	0.00e+00
 5.48409e+22	7.04e-26	5.88e-20	1.77e-15	4.83e-12	3.40e-09	1.02e-06	1.23e-03	7.17e-02	9.27e-01	0.00e+00	0.00e+00	0.00e+00
 5.49606e+22	8.80e-26	7.14e-20	2.08e-15	5.53e-12	3.77e-09	1.10e-06	1.30e-03	7.34e-02	9.25e-01	0.00e+00	0.00e+00	0.00e+00
 5.50793e+22	1.09e-25	8.56e-20	2.43e-15	6.29e-12	4.16e-09	1.18e-06	1.36e-03	7.50e-02	9.24e-01	0.00e+00	0.00e+00	0.00e+00
 5.51960e+22	1.34e-25	1.03e-19	2.84e-15	7.14e-12	4.60e-09	1.26e-06	1.42e-03	7.67e-02	9.22e-01	0.00e+00	0.00e+00	0.00e+00
 5.53104e+22	1.66e-25	1.24e-19	3.32e-15	8.14e-12	5.08e-09	1.36e-06	1.49e-03	7.84e-02	9.20e-01	0.00e+00	0.00e+00	0.00e+00
 5.54233e+22	2.05e-25	1.49e-19	3.89e-15	9.26e-12	5.62e-09	1.45e-06	1.56e-03	8.01e-02	9.18e-01	0.00e+00	0.00e+00	0.00e+00
 5.55522e+22	2.67e-25	1.87e-19	4.72e-15	1.09e-11	6.36e-09	1.59e-06	1.65e-03	8.23e-02	9.16e-01	0.00e+00	0.00e+00	0.00e+00
 5.56828e+22	3.40e-25	2.30e-19	5.64e-15	1.26e-11	7.12e-09	1.72e-06	1.73e-03	8.44e-02	9.14e-01	0.00e+00	0.00e+00	0.00e+00
 5.57933e+22	4.20e-25	2.77e-19	6.59e-15	1.43e-11	7.86e-09	1.84e-06	1.81e-03	8.62e-02	9.12e-01	0.00e+00	0.00e+00	0.00e+00
 5.58958e+22	5.15e-25	3.30e-19	7.65e-15	1.62e-11	8.65e-09	1.97e-06	1.89e-03	8.80e-02	9.10e-01	0.00e+00	0.00e+00	0.00e+00
 5.59949e+22	6.31e-25	3.94e-19	8.89e-15	1.83e-11	9.51e-09	2.10e-06	1.97e-03	8.98e-02	9.08e-01	0.00e+00	0.00e+00	0.00e+00
 5.61087e+22	8.13e-25	4.90e-19	1.07e-14	2.14e-11	1.07e-08	2.28e-06	2.08e-03	9.20e-02	9.06e-01	0.00e+00	0.00e+00	0.00e+00
 5.62245e+22	1.02e-24	5.98e-19	1.27e-14	2.46e-11	1.19e-08	2.46e-06	2.18e-03	9.41e-02	9.04e-01	0.00e+00	0.00e+00	0.00e+00
 5.63236e+22	1.26e-24	7.15e-19	1.48e-14	2.78e-11	1.31e-08	2.62e-06	2.28e-03	9.60e-02	9.02e-01	0.00e+00	0.00e+00	0.00e+00
 5.64330e+22	1.63e-24	8.97e-19	1.79e-14	3.27e-11	1.48e-08	2.86e-06	2.40e-03	9.85e-02	8.99e-01	0.00e+00	0.00e+00	0.00e+00
 5.65454e+22	2.06e-24	1.10e-18	2.13e-14	3.77e-11	1.65e-08	3.08e-06	2.52e-03	1.01e-01	8.97e-01	0.00e+00	0.00e+00	0.00e+00
 5.66447e+22	2.57e-24	1.33e-18	2.51e-14	4.31e-11	1.83e-08	3.31e-06	2.64e-03	1.03e-01	8.94e-01	0.00e+00	0.00e+00	0.00e+00
 5.67566e+22	3.45e-24	1.72e-18	3.11e-14	5.14e-11	2.10e-08	3.63e-06	2.80e-03	1.06e-01	8.91e-01	0.00e+00	0.00e+00	0.00e+00
 5.68696e+22	4.37e-24	2.11e-18	3.70e-14	5.94e-11	2.34e-08	3.91e-06	2.93e-03	1.08e-01	8.89e-01	0.00e+00	0.00e+00	0.00e+00
 5.69659e+22	5.41e-24	2.54e-18	4.33e-14	6.76e-11	2.59e-08	4.19e-06	3.06e-03	1.10e-01	8.87e-01	0.00e+00	0.00e+00	0.00e+00
 5.70730e+22	7.43e-24	3.34e-18	5.48e-14	8.19e-11	2.99e-08	4.63e-06	3.26e-03	1.14e-01	8.83e-01	0.00e+00	0.00e+00	0.00e+00
 5.71780e+22	9.16e-24	4.01e-18	6.39e-14	9.30e-11	3.30e-08	4.95e-06	3.40e-03	1.16e-01	8.81e-01	0.00e+00	0.00e+00	0.00e+00
 5.72806e+22	1.25e-23	5.25e-18	8.03e-14	1.12e-10	3.80e-08	5.46e-06	3.61e-03	1.19e-01	8.77e-01	0.00e+00	0.00e+00	0.00e+00
 5.73813e+22	1.53e-23	6.26e-18	9.33e-14	1.27e-10	4.18e-08	5.83e-06	3.76e-03	1.21e-01	8.75e-01	0.00e+00	0.00e+00	0.00e+00
 5.74796e+22	2.10e-23	8.22e-18	1.18e-13	1.53e-10	4.83e-08	6.43e-06	4.00e-03	1.25e-01	8.71e-01	0.00e+00	0.00e+00	0.00e+00
 5.75776e+22	2.60e-23	9.91e-18	1.38e-13	1.75e-10	5.33e-08	6.88e-06	4.17e-03	1.27e-01	8.69e-01	0.00e+00	0.00e+00	0.00e+00
 5.76751e+22	3.57e-23	1.31e-17	1.74e-13	2.12e-10	6.17e-08	7.59e-06	4.43e-03	1.31e-01	8.65e-01	0.00e+00	0.00e+00	0.00e+00
 5.77734e+22	4.50e-23	1.60e-17	2.06e-13	2.43e-10	6.85e-08	8.16e-06	4.63e-03	1.34e-01	8.62e-01	0.00e+00	0.00e+00	0.00e+00
 5.78727e+22	6.27e-23	2.13e-17	2.64e-13	2.98e-10	7.98e-08	9.05e-06	4.94e-03	1.37e-01	8.58e-01	0.00e+00	0.00e+00	0.00e+00
 5.79727e+22	7.99e-23	2.63e-17	3.15e-13	3.44e-10	8.91e-08	9.76e-06	5.17e-03	1.40e-01	8.54e-01	0.00e+00	0.00e+00	0.00e+00
 5.80738e+22	1.11e-22	3.50e-17	4.02e-13	4.20e-10	1.04e-07	1.08e-05	5.51e-03	1.44e-01	8.50e-01	0.00e+00	0.00e+00	0.00e+00
 5.81739e+22	1.42e-22	4.34e-17	4.82e-13	4.88e-10	1.16e-07	1.17e-05	5.78e-03	1.48e-01	8.47e-01	0.00e+00	0.00e+00	0.00e+00
 5.82727e+22	1.99e-22	5.79e-17	6.16e-13	5.97e-10	1.35e-07	1.30e-05	6.16e-03	1.52e-01	8.42e-01	0.00e+00	0.00e+00	0.00e+00
 5.83731e+22	2.59e-22	7.27e-17	7.48e-13	6.99e-10	1.53e-07	1.41e-05	6.48e-03	1.55e-01	8.38e-01	0.00e+00	0.00e+00	0.00e+00
 5.84755e+22	3.66e-22	9.84e-17	9.66e-13	8.62e-10	1.79e-07	1.57e-05	6.92e-03	1.60e-01	8.33e-01	0.00e+00	0.00e+00	0.00e+00
 5.85791e+22	4.81e-22	1.25e-16	1.18e-12	1.02e-09	2.03e-07	1.71e-05	7.30e-03	1.64e-01	8.29e-01	0.00e+00	0.00e+00	0.00e+00
 5.86842e+22	6.90e-22	1.70e-16	1.54e-12	1.26e-09	2.39e-07	1.91e-05	7.82e-03	1.69e-01	8.23e-01	0.00e+00	0.00e+00	0.00e+00
 5.87899e+22	9.08e-22	2.16e-16	1.88e-12	1.49e-09	2.71e-07	2.08e-05	8.24e-03	1.73e-01	8.19e-01	0.00e+00	0.00e+00	0.00e+00
 5.88810e+22	1.19e-21	2.73e-16	2.30e-12	1.75e-09	3.07e-07	2.26e-05	8.68e-03	1.77e-01	8.14e-01	0.00e+00	0.00e+00	0.00e+00
 5.89843e+22	1.70e-21	3.72e-16	2.99e-12	2.18e-09	3.61e-07	2.53e-05	9.29e-03	1.82e-01	8.08e-01	0.00e+00	0.00e+00	0.00e+00
 5.90873e+22	2.19e-21	4.63e-16	3.60e-12	2.53e-09	4.06e-07	2.74e-05	9.76e-03	1.86e-01	8.04e-01	0.00e+00	0.00e+00	0.00e+00
 5.91899e+22	3.09e-21	6.25e-16	4.64e-12	3.12e-09	4.76e-07	3.06e-05	1.04e-02	1.92e-01	7.98e-01	0.00e+00	0.00e+00	0.00e+00
 5.92937e+22	3.98e-21	7.78e-16	5.59e-12	3.64e-09	5.35e-07	3.31e-05	1.10e-02	1.96e-01	7.93e-01	0.00e+00	0.00e+00	0.00e+00
 5.93991e+22	5.56e-21	1.04e-15	7.15e-12	4.45e-09	6.25e-07	3.68e-05	1.17e-02	2.02e-01	7.87e-01	0.00e+00	0.00e+00	0.00e+00
 5.95073e+22	7.28e-21	1.31e-15	8.72e-12	5.25e-09	7.08e-07	4.02e-05	1.24e-02	2.06e-01	7.81e-01	0.00e+00	0.00e+00	0.00e+00
 5.96193e+22	1.03e-20	1.77e-15	1.13e-11	6.47e-09	8.33e-07	4.49e-05	1.32e-02	2.12e-01	7.74e-01	0.00e+00	0.00e+00	0.00e+00
 5.97334e+22	1.34e-20	2.23e-15	1.37e-11	7.60e-09	9.42e-07	4.89e-05	1.39e-02	2.17e-01	7.69e-01	0.00e+00	0.00e+00	0.00e+00
 5.98503e+22	1.89e-20	3.00e-15	1.76e-11	9.35e-09	1.11e-06	5.46e-05	1.49e-02	2.24e-01	7.62e-01	0.00e+00	0.00e+00	0.00e+00
 5.99706e+22	2.47e-20	3.79e-15	2.15e-11	1.10e-08	1.26e-06	5.97e-05	1.58e-02	2.29e-01	7.55e-01	0.00e+00	0.00e+00	0.00e+00
 6.00784e+22	3.21e-20	4.76e-15	2.61e-11	1.29e-08	1.42e-06	6.51e-05	1.66e-02	2.34e-01	7.49e-01	0.00e+00	0.00e+00	0.00e+00
 6.02016e+22	4.49e-20	6.36e-15	3.34e-11	1.59e-08	1.67e-06	7.27e-05	1.78e-02	2.41e-01	7.42e-01	0.00e+00	0.00e+00	0.00e+00
 6.03265e+22	5.81e-20	7.95e-15	4.03e-11	1.86e-08	1.89e-06	7.91e-05	1.88e-02	2.46e-01	7.35e-01	0.00e+00	0.00e+00	0.00e+00
 6.04533e+22	8.05e-20	1.06e-14	5.14e-11	2.27e-08	2.20e-06	8.82e-05	2.01e-02	2.53e-01	7.27e-01	0.00e+00	0.00e+00	0.00e+00
 6.05765e+22	1.01e-19	1.28e-14	6.08e-11	2.61e-08	2.46e-06	9.52e-05	2.10e-02	2.58e-01	7.21e-01	0.00e+00	0.00e+00	0.00e+00
 6.06950e+22	1.36e-19	1.66e-14	7.57e-11	3.13e-08	2.84e-06	1.05e-04	2.23e-02	2.64e-01	7.14e-01	0.00e+00	0.00e+00	0.00e+00
 6.08158e+22	1.70e-19	2.02e-14	8.93e-11	3.60e-08	3.16e-06	1.14e-04	2.34e-02	2.69e-01	7.07e-01	0.00e+00	0.00e+00	0.00e+00
 6.09396e+22	2.29e-19	2.62e-14	1.12e-10	4.33e-08	3.65e-06	1.26e-04	2.49e-02	2.76e-01	6.99e-01	0.00e+00	0.00e+00	0.00e+00
 6.10651e+22	2.85e-19	3.16e-14	1.31e-10	4.95e-08	4.06e-06	1.35e-04	2.61e-02	2.81e-01	6.93e-01	0.00e+00	0.00e+00	0.00e+00
 6.11928e+22	3.84e-19	4.09e-14	1.63e-10	5.96e-08	4.70e-06	1.50e-04	2.78e-02	2.88e-01	6.84e-01	0.00e+00	0.00e+00	0.00e+00
 6.13183e+22	4.68e-19	4.86e-14	1.90e-10	6.74e-08	5.18e-06	1.61e-04	2.89e-02	2.93e-01	6.78e-01	0.00e+00	0.00e+00	0.00e+00
 6.14409e+22	6.16e-19	6.18e-14	2.33e-10	7.99e-08	5.92e-06	1.77e-04	3.07e-02	2.99e-01	6.70e-01	0.00e+00	0.00e+00	0.00e+00
 6.15660e+22	7.54e-19	7.36e-14	2.70e-10	9.06e-08	6.54e-06	1.89e-04	3.20e-02	3.04e-01	6.64e-01	0.00e+00	0.00e+00	0.00e+00
 6.16943e+22	9.92e-19	9.34e-14	3.31e-10	1.08e-07	7.49e-06	2.08e-04	3.39e-02	3.11e-01	6.55e-01	0.00e+00	0.00e+00	0.00e+00
 6.18251e+22	1.22e-18	1.12e-13	3.86e-10	1.22e-07	8.29e-06	2.24e-04	3.54e-02	3.16e-01	6.48e-01	0.00e+00	0.00e+00	0.00e+00
 6.19591e+22	1.61e-18	1.42e-13	4.74e-10	1.45e-07	9.51e-06	2.47e-04	3.76e-02	3.23e-01	6.39e-01	0.00e+00	0.00e+00	0.00e+00
 6.20955e+22	1.97e-18	1.70e-13	5.53e-10	1.65e-07	1.05e-05	2.65e-04	3.93e-02	3.28e-01	6.32e-01	0.00e+00	0.00e+00	0.00e+00
 6.22349e+22	2.60e-18	2.16e-13	6.80e-10	1.96e-07	1.21e-05	2.92e-04	4.16e-02	3.35e-01	6.23e-01	0.00e+00	0.00e+00	0.00e+00
 6.23770e+22	3.20e-18	2.59e-13	7.93e-10	2.24e-07	1.34e-05	3.14e-04	4.35e-02	3.41e-01	6.15e-01	0.00e+00	0.00e+00	0.00e+00
 6.25018e+22	3.92e-18	3.09e-13	9.24e-10	2.54e-07	1.48e-05	3.38e-04	4.54e-02	3.46e-01	6.08e-01	0.00e+00	0.00e+00	0.00e+00
 6.26435e+22	5.11e-18	3.89e-13	1.13e-09	3.00e-07	1.69e-05	3.71e-04	4.80e-02	3.53e-01	5.98e-01	0.00e+00	0.00e+00	0.00e+00
 6.27850e+22	6.15e-18	4.56e-13	1.29e-09	3.37e-07	1.86e-05	3.96e-04	5.00e-02	3.58e-01	5.92e-01	0.00e+00	0.00e+00	0.00e+00
 6.29262e+22	7.98e-18	5.73e-13	1.57e-09	3.97e-07	2.12e-05	4.35e-04	5.28e-02	3.65e-01	5.82e-01	0.00e+00	0.00e+00	0.00e+00
 6.30696e+22	9.61e-18	6.74e-13	1.81e-09	4.46e-07	2.32e-05	4.64e-04	5.49e-02	3.70e-01	5.75e-01	0.00e+00	0.00e+00	0.00e+00
 6.32157e+22	1.24e-17	8.40e-13	2.18e-09	5.23e-07	2.64e-05	5.08e-04	5.80e-02	3.76e-01	5.65e-01	0.00e+00	0.00e+00	0.00e+00
 6.33666e+22	1.52e-17	1.00e-12	2.54e-09	5.95e-07	2.92e-05	5.47e-04	6.05e-02	3.82e-01	5.57e-01	0.00e+00	0.00e+00	0.00e+00
 6.35235e+22	1.96e-17	1.25e-12	3.07e-09	6.97e-07	3.32e-05	5.98e-04	6.38e-02	3.89e-01	5.47e-01	0.00e+00	0.00e+00	0.00e+00
 6.36859e+22	2.43e-17	1.51e-12	3.61e-09	7.99e-07	3.70e-05	6.46e-04	6.68e-02	3.94e-01	5.38e-01	2.43e-17	6.06e-28	6.44e-28
 6.38555e+22	3.17e-17	1.90e-12	4.41e-09	9.44e-07	4.23e-05	7.10e-04	7.06e-02	4.01e-01	5.28e-01	3.17e-17	5.91e-26	7.44e-26
 6.40301e+22	3.96e-17	2.31e-12	5.21e-09	1.09e-06	4.73e-05	7.69e-04	7.39e-02	4.07e-01	5.18e-01	3.96e-17	7.39e-26	9.31e-26
 6.42115e+22	5.21e-17	2.94e-12	6.40e-09	1.29e-06	5.43e-05	8.47e-04	7.83e-02	4.14e-01	5.07e-01	5.21e-17	9.73e-26	1.23e-25
 6.43994e+22	6.59e-17	3.60e-12	7.63e-09	1.50e-06	6.11e-05	9.21e-04	8.21e-02	4.20e-01	4.97e-01	6.59e-17	1.23e-25	1.55e-25
 6.45701e+22	8.26e-17	4.39e-12	9.04e-09	1.73e-06	6.84e-05	9.98e-04	8.61e-02	4.25e-01	4.87e-01	8.26e-17	1.54e-25	1.94e-25
 6.47661e+22	1.10e-16	5.63e-12	1.12e-08	2.06e-06	7.90e-05	1.10e-03	9.12e-02	4.32e-01	4.75e-01	1.10e-16	2.06e-25	2.59e-25
 6.49658e+22	1.39e-16	6.92e-12	1.34e-08	2.40e-06	8.89e-05	1.20e-03	9.57e-02	4.38e-01	4.65e-01	1.39e-16	2.60e-25	3.28e-25
 6.51705e+22	1.87e-16	8.94e-12	1.67e-08	2.88e-06	1.03e-04	1.33e-03	1.02e-01	4.45e-01	4.52e-01	1.87e-16	3.49e-25	4.40e-25
 6.53779e+22	2.37e-16	1.10e-11	1.99e-08	3.35e-06	1.16e-04	1.45e-03	1.07e-01	4.50e-01	4.42e-01	2.37e-16	4.44e-25	5.59e-25
 6.55889e+22	3.21e-16	1.43e-11	2.50e-08	4.05e-06	1.35e-04	1.61e-03	1.13e-01	4.57e-01	4.28e-01	3.21e-16	6.01e-25	7.57e-25
 6.58021e+22	4.08e-16	1.77e-11	2.99e-08	4.71e-06	1.53e-04	1.75e-03	1.19e-01	4.62e-01	4.18e-01	4.08e-16	7.65e-25	9.63e-25
 6.60181e+22	5.58e-16	2.32e-11	3.78e-08	5.73e-06	1.79e-04	1.96e-03	1.26e-01	4.68e-01	4.04e-01	5.58e-16	1.05e-24	1.32e-24
 6.62354e+22	7.08e-16	2.85e-11	4.52e-08	6.66e-06	2.01e-04	2.13e-03	1.32e-01	4.73e-01	3.93e-01	7.08e-16	1.33e-24	1.67e-24
 6.64171e+22	8.77e-16	3.44e-11	5.31e-08	7.63e-06	2.24e-04	2.30e-03	1.38e-01	4.76e-01	3.83e-01	8.77e-16	1.64e-24	2.07e-24
 6.66161e+22	1.17e-15	4.43e-11	6.60e-08	9.17e-06	2.60e-04	2.55e-03	1.46e-01	4.81e-01	3.70e-01	1.17e-15	2.20e-24	2.76e-24
 6.68125e+22	1.44e-15	5.30e-11	7.71e-08	1.04e-05	2.89e-04	2.74e-03	1.52e-01	4.85e-01	3.61e-01	1.44e-15	2.70e-24	3.40e-24
 6.70054e+22	1.90e-15	6.74e-11	9.49e-08	1.25e-05	3.33e-04	3.03e-03	1.60e-01	4.89e-01	3.48e-01	1.90e-15	3.56e-24	4.48e-24
 6.72016e+22	2.35e-15	8.12e-11	1.11e-07	1.43e-05	3.71e-04	3.26e-03	1.67e-01	4.92e-01	3.38e-01	2.35e-15	4.41e-24	5.55e-24
 6.74020e+22	3.12e-15	1.04e-10	1.38e-07	1.71e-05	4.30e-04	3.62e-03	1.76e-01	4.95e-01	3.25e-01	3.12e-15	5.86e-24	7.38e-24
 6.76046e+22	3.88e-15	1.26e-10	1.63e-07	1.97e-05	4.82e-04	3.92e-03	1.84e-01	4.97e-01	3.15e-01	3.88e-15	7.29e-24	9.17e-24
 6.78101e+22	5.17e-15	1.62e-10	2.02e-07	2.37e-05	5.61e-04	4.36e-03	1.94e-01	5.00e-01	3.01e-01	5.17e-15	9.73e-24	1.22e-23
 6.80185e+22	6.45e-15	1.96e-10	2.39e-07	2.73e-05	6.30e-04	4.72e-03	2.02e-01	5.02e-01	2.91e-01	6.45e-15	1.21e-23	1.53e-23
 6.82305e+22	8.61e-15	2.52e-10	2.98e-07	3.31e-05	7.36e-04	5.26e-03	2.14e-01	5.03e-01	2.77e-01	8.61e-15	1.62e-23	2.04e-23
 6.84472e+22	1.08e-14	3.08e-10	3.55e-07	3.84e-05	8.33e-04	5.74e-03	2.23e-01	5.04e-01	2.66e-01	1.08e-14	2.04e-23	2.56e-23
 6.86700e+22	1.46e-14	3.99e-10	4.46e-07	4.68e-05	9.80e-04	6.43e-03	2.36e-01	5.04e-01	2.52e-01	1.46e-14	2.74e-23	3.45e-23
 6.88970e+22	1.84e-14	4.89e-10	5.33e-07	5.47e-05	1.12e-03	7.04e-03	2.47e-01	5.04e-01	2.41e-01	1.84e-14	3.46e-23	4.35e-23
 6.91221e+22	2.43e-14	6.25e-10	6.63e-07	6.61e-05	1.31e-03	7.87e-03	2.61e-01	5.03e-01	2.27e-01	2.43e-14	4.58e-23	5.76e-23
 6.93359e+22	2.96e-14	7.43e-10	7.73e-07	7.56e-05	1.46e-03	8.51e-03	2.71e-01	5.01e-01	2.18e-01	2.96e-14	5.58e-23	7.01e-23
 6.95428e+22	3.80e-14	9.27e-10	9.43e-07	9.02e-05	1.70e-03	9.46e-03	2.85e-01	4.99e-01	2.05e-01	3.80e-14	7.19e-23	9.03e-23
 6.97535e+22	4.63e-14	1.10e-09	1.10e-06	1.04e-04	1.91e-03	1.03e-02	2.96e-01	4.96e-01	1.96e-01	4.63e-14	8.75e-23	1.10e-22
 6.99602e+22	5.82e-14	1.35e-09	1.32e-06	1.22e-04	2.19e-03	1.13e-02	3.09e-01	4.93e-01	1.84e-01	5.82e-14	1.10e-22	1.38e-22
 7.01711e+22	7.05e-14	1.60e-09	1.55e-06	1.40e-04	2.47e-03	1.24e-02	3.22e-01	4.89e-01	1.75e-01	7.05e-14	1.34e-22	1.68e-22
 7.03766e+22	8.64e-14	1.92e-09	1.83e-06	1.63e-04	2.82e-03	1.36e-02	3.35e-01	4.84e-01	1.64e-01	8.64e-14	1.64e-22	2.06e-22
 7.05862e+22	1.04e-13	2.26e-09	2.13e-06	1.88e-04	3.18e-03	1.48e-02	3.48e-01	4.79e-01	1.55e-01	1.04e-13	1.97e-22	2.48e-22
 7.07939e+22	1.25e-13	2.67e-09	2.48e-06	2.17e-04	3.60e-03	1.62e-02	3.61e-01	4.73e-01	1.46e-01	1.25e-13	2.37e-22	2.98e-22
 7.10026e+22	1.48e-13	3.12e-09	2.87e-06	2.48e-04	4.06e-03	1.76e-02	3.75e-01	4.66e-01	1.37e-01	1.48e-13	2.82e-22	3.54e-22
 7.12090e+22	1.75e-13	3.61e-09	3.31e-06	2.83e-04	4.56e-03	1.92e-02	3.88e-01	4.60e-01	1.29e-01	1.75e-13	3.32e-22	4.17e-22
 7.14149e+22	2.04e-13	4.16e-09	3.80e-06	3.23e-04	5.10e-03	2.08e-02	4.01e-01	4.52e-01	1.21e-01	2.04e-13	3.88e-22	4.87e-22
 7.16214e+22	2.37e-13	4.77e-09	4.33e-06	3.66e-04	5.71e-03	2.26e-02	4.14e-01	4.45e-01	1.13e-01	2.37e-13	4.51e-22	5.65e-22
 7.18286e+22	2.73e-13	5.43e-09	4.93e-06	4.14e-04	6.37e-03	2.45e-02	4.27e-01	4.36e-01	1.06e-01	2.73e-13	5.20e-22	6.51e-22
 7.20372e+22	3.12e-13	6.16e-09	5.59e-06	4.68e-04	7.09e-03	2.66e-02	4.40e-01	4.28e-01	9.86e-02	3.12e-13	5.95e-22	7.46e-22
 7.22477e+22	3.55e-13	6.96e-09	6.32e-06	5.28e-04	7.88e-03	2.87e-02	4.52e-01	4.19e-01	9.19e-02	3.55e-13	6.78e-22	8.49e-22
 7.24608e+22	4.01e-13	7.82e-09	7.12e-06	5.94e-04	8.75e-03	3.11e-02	4.65e-01	4.09e-01	8.55e-02	4.01e-13	7.68e-22	9.62e-22
 7.26750e+22	4.51e-13	8.75e-09	8.00e-06	6.66e-04	9.68e-03	3.35e-02	4.77e-01	4.00e-01	7.95e-02	4.51e-13	8.64e-22	1.08e-21
 7.28926e+22	5.06e-13	9.78e-09	8.99e-06	7.48e-04	1.07e-02	3.62e-02	4.89e-01	3.90e-01	7.37e-02	5.06e-13	9.69e-22	1.21e-21
 7.31128e+22	5.63e-13	1.09e-08	1.00e-05	8.37e-04	1.18e-02	3.90e-02	5.01e-01	3.79e-01	6.83e-02	5.63e-13	1.08e-21	1.35e-21
 7.33374e+22	6.26e-13	1.21e-08	1.13e-05	9.39e-04	1.31e-02	4.21e-02	5.12e-01	3.69e-01	6.30e-02	6.26e-13	1.20e-21	1.51e-21
 7.35463e+22	6.82e-13	1.32e-08	1.23e-05	1.03e-03	1.41e-02	4.47e-02	5.21e-01	3.60e-01	5.90e-02	6.82e-13	1.31e-21	1.64e-21
 7.37618e+22	7.54e-13	1.46e-08	1.38e-05	1.16e-03	1.56e-02	4.83e-02	5.33e-01	3.48e-01	5.41e-02	7.54e-13	1.45e-21	1.82e-21
 7.39808e+22	8.18e-13	1.58e-08	1.51e-05	1.27e-03	1.69e-02	5.12e-02	5.41e-01	3.39e-01	5.05e-02	8.18e-13	1.58e-21	1.97e-21
 7.42045e+22	8.97e-13	1.75e-08	1.69e-05	1.43e-03	1.86e-02	5.53e-02	5.52e-01	3.27e-01	4.61e-02	8.97e-13	1.73e-21	2.17e-21
 7.44292e+22	9.73e-13	1.90e-08	1.85e-05	1.56e-03	2.01e-02	5.84e-02	5.59e-01	3.18e-01	4.30e-02	9.73e-13	1.88e-21	2.35e-21
 7.46552e+22	1.06e-12	2.09e-08	2.06e-05	1.75e-03	2.20e-02	6.29e-02	5.69e-01	3.05e-01	3.91e-02	1.06e-12	2.06e-21	2.58e-21
 7.48825e+22	1.15e-12	2.27e-08	2.25e-05	1.91e-03	2.36e-02	6.63e-02	5.75e-01	2.96e-01	3.64e-02	1.15e-12	2.23e-21	2.78e-21
 7.51116e+22	1.25e-12	2.50e-08	2.51e-05	2.13e-03	2.59e-02	7.11e-02	5.83e-01	2.84e-01	3.31e-02	1.25e-12	2.43e-21	3.04e-21
 7.53426e+22	1.35e-12	2.70e-08	2.74e-05	2.33e-03	2.77e-02	7.50e-02	5.89e-01	2.75e-01	3.07e-02	1.35e-12	2.62e-21	3.27e-21
 7.55762e+22	1.47e-12	2.97e-08	3.06e-05	2.60e-03	3.02e-02	8.02e-02	5.96e-01	2.63e-01	2.78e-02	1.47e-12	2.86e-21	3.57e-21
 7.58127e+22	1.58e-12	3.22e-08	3.34e-05	2.84e-03	3.23e-02	8.44e-02	6.00e-01	2.54e-01	2.57e-02	1.58e-12	3.08e-21	3.85e-21
 7.60531e+22	1.72e-12	3.56e-08	3.74e-05	3.18e-03	3.52e-02	9.01e-02	6.06e-01	2.42e-01	2.32e-02	1.72e-12	3.37e-21	4.21e-21
 7.62974e+22	1.86e-12	3.87e-08	4.10e-05	3.47e-03	3.76e-02	9.47e-02	6.09e-01	2.33e-01	2.14e-02	1.86e-12	3.65e-21	4.55e-21
 7.65470e+22	2.04e-12	4.29e-08	4.60e-05	3.89e-03	4.09e-02	1.01e-01	6.13e-01	2.22e-01	1.92e-02	2.04e-12	4.00e-21	4.99e-21
 7.68019e+22	2.21e-12	4.70e-08	5.06e-05	4.27e-03	4.36e-02	1.06e-01	6.15e-01	2.13e-01	1.76e-02	2.21e-12	4.35e-21	5.42e-21
 7.70637e+22	2.43e-12	5.25e-08	5.72e-05	4.80e-03	4.74e-02	1.13e-01	6.18e-01	2.01e-01	1.57e-02	2.43e-12	4.80e-21	5.98e-21
 7.73317e+22	2.66e-12	5.79e-08	6.33e-05	5.28e-03	5.07e-02	1.19e-01	6.19e-01	1.92e-01	1.44e-02	2.66e-12	5.26e-21	6.56e-21
 7.75577e+22	2.87e-12	6.30e-08	6.93e-05	5.73e-03	5.36e-02	1.24e-01	6.19e-01	1.85e-01	1.32e-02	2.87e-12	5.69e-21	7.09e-21
 7.78012e+22	3.16e-12	7.02e-08	7.77e-05	6.38e-03	5.77e-02	1.31e-01	6.19e-01	1.75e-01	1.19e-02	3.16e-12	6.28e-21	7.82e-21
 7.80483e+22	3.45e-12	7.72e-08	8.55e-05	6.94e-03	6.10e-02	1.36e-01	6.18e-01	1.67e-01	1.09e-02	3.45e-12	6.87e-21	8.55e-21
 7.82629e+22	3.71e-12	8.40e-08	9.33e-05	7.52e-03	6.44e-02	1.41e-01	6.16e-01	1.60e-01	1.00e-02	3.71e-12	7.40e-21	9.22e-21
 7.84727e+22	4.02e-12	9.17e-08	1.02e-04	8.14e-03	6.78e-02	1.47e-01	6.14e-01	1.54e-01	9.23e-03	4.02e-12	8.04e-21	1.00e-20
 7.87133e+22	4.47e-12	1.03e-07	1.15e-04	9.01e-03	7.24e-02	1.54e-01	6.11e-01	1.45e-01	8.28e-03	4.47e-12	8.97e-21	1.12e-20
 7.89555e+22	4.87e-12	1.13e-07	1.26e-04	9.76e-03	7.62e-02	1.59e-01	6.08e-01	1.39e-01	7.60e-03	4.87e-12	9.79e-21	1.22e-20
 7.91998e+22	5.43e-12	1.28e-07	1.42e-04	1.08e-02	8.13e-02	1.67e-01	6.04e-01	1.30e-01	6.79e-03	5.43e-12	1.09e-20	1.36e-20
 7.94464e+22	6.00e-12	1.42e-07	1.56e-04	1.17e-02	8.54e-02	1.72e-01	6.00e-01	1.24e-01	6.23e-03	6.00e-12	1.21e-20	1.51e-20
 7.96962e+22	6.74e-12	1.61e-07	1.77e-04	1.30e-02	9.10e-02	1.80e-01	5.94e-01	1.17e-01	5.54e-03	6.74e-12	1.37e-20	1.70e-20
 7.99503e+22	7.53e-12	1.80e-07	1.96e-04	1.41e-02	9.57e-02	1.86e-01	5.88e-01	1.11e-01	5.06e-03	7.53e-12	1.53e-20	1.90e-20
 8.02100e+22	8.52e-12	2.06e-07	2.23e-04	1.56e-02	1.02e-01	1.94e-01	5.80e-01	1.04e-01	4.47e-03	8.52e-12	1.74e-20	2.16e-20
 8.04744e+22	9.61e-12	2.32e-07	2.48e-04	1.70e-02	1.07e-01	1.99e-01	5.74e-01	9.83e-02	4.07e-03	9.61e-12	1.97e-20	2.44e-20
 8.07447e+22	1.10e-11	2.69e-07	2.84e-04	1.89e-02	1.14e-01	2.08e-01	5.64e-01	9.13e-02	3.57e-03	1.10e-11	2.27e-20	2.81e-20
 8.10220e+22	1.25e-11	3.06e-07	3.18e-04	2.07e-02	1.20e-01	2.14e-01	5.56e-01	8.60e-02	3.22e-03	1.25e-11	2.59e-20	3.21e-20
 8.13081e+22	1.47e-11	3.60e-07	3.68e-04	2.31e-02	1.28e-01	2.22e-01	5.44e-01	7.94e-02	2.80e-03	1.47e-11	3.05e-20	3.78e-20
 8.15991e+22	1.69e-11	4.13e-07	4.15e-04	2.52e-02	1.34e-01	2.28e-01	5.35e-01	7.45e-02	2.51e-03	1.69e-11	3.52e-20	4.36e-20
 8.18962e+22	2.01e-11	4.93e-07	4.83e-04	2.83e-02	1.43e-01	2.36e-01	5.21e-01	6.83e-02	2.17e-03	2.01e-11	4.21e-20	5.22e-20
 8.21968e+22	2.34e-11	5.69e-07	5.45e-04	3.09e-02	1.50e-01	2.42e-01	5.10e-01	6.38e-02	1.93e-03	2.34e-11	4.93e-20	6.10e-20
 8.25017e+22	2.81e-11	6.84e-07	6.37e-04	3.46e-02	1.60e-01	2.50e-01	4.95e-01	5.82e-02	1.66e-03	2.81e-11	5.96e-20	7.37e-20
 8.28106e+22	3.31e-11	7.96e-07	7.22e-04	3.78e-02	1.68e-01	2.55e-01	4.83e-01	5.41e-02	1.47e-03	3.31e-11	7.04e-20	8.71e-20
 8.30809e+22	3.86e-11	9.21e-07	8.15e-04	4.11e-02	1.75e-01	2.60e-01	4.71e-01	5.03e-02	1.30e-03	3.86e-11	8.25e-20	1.02e-19
 8.33887e+22	4.73e-11	1.12e-06	9.53e-04	4.59e-02	1.85e-01	2.67e-01	4.54e-01	4.56e-02	1.11e-03	4.73e-11	1.02e-19	1.26e-19
 8.37011e+22	5.56e-11	1.30e-06	1.08e-03	5.00e-02	1.94e-01	2.72e-01	4.41e-01	4.21e-02	9.77e-04	5.56e-11	1.20e-19	1.49e-19
 8.39559e+22	6.45e-11	1.49e-06	1.20e-03	5.39e-02	2.01e-01	2.75e-01	4.29e-01	3.92e-02	8.73e-04	6.45e-11	1.40e-19	1.73e-19
 8.42235e+22	7.74e-11	1.76e-06	1.37e-03	5.88e-02	2.10e-01	2.79e-01	4.14e-01	3.60e-02	7.63e-04	7.74e-11	1.70e-19	2.09e-19
 8.45027e+22	9.08e-11	2.03e-06	1.54e-03	6.35e-02	2.18e-01	2.82e-01	4.01e-01	3.34e-02	6.76e-04	9.08e-11	2.00e-19	2.46e-19
 8.47576e+22	1.06e-10	2.34e-06	1.72e-03	6.83e-02	2.26e-01	2.85e-01	3.88e-01	3.09e-02	5.99e-04	1.06e-10	2.36e-19	2.91e-19
 8.50495e+22	1.31e-10	2.80e-06	1.98e-03	7.49e-02	2.36e-01	2.87e-01	3.72e-01	2.80e-02	5.14e-04	1.31e-10	2.92e-19	3.59e-19
 8.53485e+22	1.56e-10	3.27e-06	2.23e-03	8.11e-02	2.44e-01	2.89e-01	3.57e-01	2.56e-02	4.48e-04	1.56e-10	3.51e-19	4.31e-19
 8.56118e+22	1.84e-10	3.79e-06	2.49e-03	8.71e-02	2.52e-01	2.91e-01	3.44e-01	2.36e-02	3.94e-04	1.84e-10	4.18e-19	5.13e-19
 8.59093e+22	2.28e-10	4.55e-06	2.87e-03	9.52e-02	2.62e-01	2.92e-01	3.27e-01	2.12e-02	3.35e-04	2.28e-10	5.22e-19	6.41e-19
 8.62200e+22	2.77e-10	5.36e-06	3.25e-03	1.03e-01	2.71e-01	2.92e-01	3.12e-01	1.92e-02	2.88e-04	2.77e-10	6.37e-19	7.82e-19
 8.65006e+22	3.32e-10	6.25e-06	3.64e-03	1.11e-01	2.79e-01	2.92e-01	2.98e-01	1.75e-02	2.50e-04	3.32e-10	7.71e-19	9.45e-19
 8.68178e+22	4.19e-10	7.59e-06	4.20e-03	1.21e-01	2.89e-01	2.90e-01	2.80e-01	1.55e-02	2.09e-04	4.19e-10	9.84e-19	1.21e-18
 8.71448e+22	5.14e-10	8.99e-06	4.76e-03	1.30e-01	2.97e-01	2.89e-01	2.65e-01	1.39e-02	1.78e-04	5.14e-10	1.22e-18	1.49e-18
 8.74357e+22	6.24e-10	1.05e-05	5.35e-03	1.40e-01	3.04e-01	2.87e-01	2.51e-01	1.25e-02	1.53e-04	6.24e-10	1.49e-18	1.82e-18
 8.77653e+22	7.97e-10	1.28e-05	6.18e-03	1.52e-01	3.14e-01	2.83e-01	2.34e-01	1.10e-02	1.26e-04	7.97e-10	1.93e-18	2.36e-18
 8.81070e+22	9.90e-10	1.53e-05	7.01e-03	1.64e-01	3.21e-01	2.79e-01	2.19e-01	9.72e-03	1.06e-04	9.90e-10	2.42e-18	2.96e-18
 8.84139e+22	1.22e-09	1.80e-05	7.87e-03	1.75e-01	3.27e-01	2.75e-01	2.06e-01	8.66e-03	8.93e-05	1.22e-09	3.01e-18	3.67e-18
 8.87621e+22	1.59e-09	2.22e-05	9.13e-03	1.90e-01	3.35e-01	2.69e-01	1.89e-01	7.44e-03	7.18e-05	1.59e-09	3.97e-18	4.85e-18
 8.91216e+22	1.99e-09	2.64e-05	1.03e-02	2.03e-01	3.41e-01	2.63e-01	1.76e-01	6.52e-03	5.94e-05	1.99e-09	5.04e-18	6.14e-18
 8.94463e+22	2.48e-09	3.13e-05	1.16e-02	2.17e-01	3.46e-01	2.57e-01	1.63e-01	5.72e-03	4.93e-05	2.48e-09	6.37e-18	7.75e-18
 8.98189e+22	3.30e-09	3.90e-05	1.35e-02	2.35e-01	3.51e-01	2.48e-01	1.47e-01	4.80e-03	3.86e-05	3.30e-09	8.63e-18	1.05e-17
 9.01942e+22	4.15e-09	4.63e-05	1.52e-02	2.50e-01	3.55e-01	2.40e-01	1.35e-01	4.16e-03	3.15e-05	4.15e-09	1.10e-17	1.33e-17
 9.05726e+22	5.50e-09	5.72e-05	1.76e-02	2.69e-01	3.58e-01	2.30e-01	1.22e-01	3.49e-03	2.46e-05	5.50e-09	1.48e-17	1.80e-17
 9.09597e+22	7.02e-09	6.85e-05	1.99e-02	2.86e-01	3.60e-01	2.21e-01	1.11e-01	2.97e-03	1.97e-05	7.02e-09	1.92e-17	2.33e-17
 9.13003e+22	8.82e-09	8.10e-05	2.22e-02	3.02e-01	3.60e-01	2.12e-01	1.01e-01	2.55e-03	1.60e-05	8.82e-09	2.45e-17	2.97e-17
 9.16856e+22	1.18e-08	1.00e-04	2.56e-02	3.22e-01	3.60e-01	2.01e-01	8.93e-02	2.09e-03	1.22e-05	1.18e-08	3.36e-17	4.06e-17
 9.20800e+22	1.51e-08	1.20e-04	2.87e-02	3.40e-01	3.58e-01	1.91e-01	8.04e-02	1.77e-03	9.64e-06	1.51e-08	4.36e-17	5.26e-17
 9.24134e+22	1.86e-08	1.39e-04	3.16e-02	3.55e-01	3.56e-01	1.82e-01	7.32e-02	1.52e-03	7.87e-06	1.86e-08	5.47e-17	6.60e-17
