#depth	C	C+	C+2	C+3	C+4	C+5	C+6	C[1]	C[2]	C[3]	C+[1]	C+[2]	CO
 4.62852e+21	0.00e+00	0.00e+00	5.29e-25	3.93e-18	3.17e-11	1.05e-05	1.00e+00	0.00e+00	0.00e+00	0.00e+00	0.00e+00	0.00e+00	2.22e-151
 1.05202e+22	0.00e+00	3.68e-32	2.26e-24	1.17e-17	6.55e-11	1.51e-05	1.00e+00	0.00e+00	0.00e+00	0.00e+00	0.00e+00	0.00e+00	6.38e-153
 1.26165e+22	0.00e+00	1.21e-31	5.88e-24	2.40e-17	1.06e-10	1.92e-05	1.00e+00	0.00e+00	0.00e+00	0.00e+00	0.00e+00	0.00e+00	7.32e-153
 1.41160e+22	0.00e+00	3.01e-31	1.21e-23	4.27e-17	1.55e-10	2.32e-05	1.00e+00	0.00e+00	0.00e+00	0.00e+00	0.00e+00	0.00e+00	8.75e-153
 1.50796e+22	0.00e+00	4.50e-31	1.67e-23	5.44e-17	1.82e-10	2.51e-05	1.00e+00	0.00e+00	0.00e+00	0.00e+00	0.00e+00	0.00e+00	4.66e-139
 1.57630e+22	0.00e+00	7.97e-31	2.64e-23	7.69e-17	2.28e-10	2.82e-05	1.00e+00	0.00e+00	0.00e+00	0.00e+00	0.00e+00	0.00e+00	6.15e-139
 1.64608e+22	0.00e+00	1.21e-30	3.70e-23	9.90e-17	2.70e-10	3.06e-05	1.00e+00	0.00e+00	0.00e+00	0.00e+00	0.00e+00	0.00e+00	7.33e-139
 1.71772e+22	0.00e+00	2.21e-30	5.98e-23	1.42e-16	3.44e-10	3.45e-05	1.00e+00	0.00e+00	0.00e+00	0.00e+00	0.00e+00	0.00e+00	2.52e-138
 1.78913e+22	0.00e+00	3.35e-30	8.35e-23	1.83e-16	4.07e-10	3.75e-05	1.00e+00	0.00e+00	0.00e+00	0.00e+00	0.00e+00	0.00e+00	1.42e-133
 1.84460e+22	0.00e+00	4.78e-30	1.11e-22	2.27e-16	4.69e-10	4.02e-05	1.00e+00	0.00e+00	0.00e+00	0.00e+00	0.00e+00	0.00e+00	1.65e-133
 1.89277e+22	0.00e+00	6.70e-30	1.46e-22	2.79e-16	5.38e-10	4.30e-05	1.00e+00	0.00e+00	0.00e+00	0.00e+00	0.00e+00	0.00e+00	1.47e-127
 1.93989e+22	0.00e+00	9.36e-30	1.91e-22	3.42e-16	6.15e-10	4.59e-05	1.00e+00	0.00e+00	0.00e+00	0.00e+00	0.00e+00	0.00e+00	1.67e-127
 1.99399e+22	0.00e+00	1.46e-29	2.73e-22	4.48e-16	7.36e-10	5.02e-05	1.00e+00	0.00e+00	0.00e+00	0.00e+00	0.00e+00	0.00e+00	1.98e-127
 2.04742e+22	0.00e+00	1.98e-29	3.49e-22	5.39e-16	8.32e-10	5.33e-05	1.00e+00	0.00e+00	0.00e+00	0.00e+00	0.00e+00	0.00e+00	7.29e-126
 2.09998e+22	0.00e+00	3.00e-29	4.88e-22	6.95e-16	9.84e-10	5.79e-05	1.00e+00	0.00e+00	0.00e+00	0.00e+00	0.00e+00	0.00e+00	3.27e-125
 2.15372e+22	0.00e+00	4.26e-29	6.46e-22	8.59e-16	1.13e-09	6.21e-05	1.00e+00	0.00e+00	0.00e+00	0.00e+00	0.00e+00	0.00e+00	3.31e-124
 2.20143e+22	0.00e+00	5.97e-29	8.48e-22	1.06e-15	1.30e-09	6.63e-05	1.00e+00	0.00e+00	0.00e+00	0.00e+00	0.00e+00	0.00e+00	3.76e-124
 2.25592e+22	0.00e+00	9.35e-29	1.22e-21	1.39e-15	1.55e-09	7.25e-05	1.00e+00	0.00e+00	0.00e+00	0.00e+00	0.00e+00	0.00e+00	4.32e-124
 2.30974e+22	0.00e+00	1.27e-28	1.55e-21	1.67e-15	1.76e-09	7.70e-05	1.00e+00	0.00e+00	0.00e+00	0.00e+00	0.00e+00	0.00e+00	5.01e-124
 2.36271e+22	0.00e+00	1.98e-28	2.22e-21	2.19e-15	2.10e-09	8.40e-05	1.00e+00	0.00e+00	0.00e+00	0.00e+00	0.00e+00	0.00e+00	5.66e-124
 2.41529e+22	0.00e+00	2.66e-28	2.83e-21	2.63e-15	2.37e-09	8.92e-05	1.00e+00	0.00e+00	0.00e+00	0.00e+00	0.00e+00	0.00e+00	5.99e-124
 2.46738e+22	0.00e+00	4.01e-28	3.93e-21	3.39e-15	2.80e-09	9.67e-05	1.00e+00	0.00e+00	0.00e+00	0.00e+00	0.00e+00	0.00e+00	7.87e-124
 2.51615e+22	0.00e+00	5.36e-28	4.97e-21	4.04e-15	3.15e-09	1.02e-04	1.00e+00	0.00e+00	0.00e+00	0.00e+00	0.00e+00	0.00e+00	8.60e-124
 2.55406e+22	0.00e+00	6.97e-28	6.14e-21	4.75e-15	3.50e-09	1.08e-04	1.00e+00	0.00e+00	0.00e+00	0.00e+00	0.00e+00	0.00e+00	1.02e-123
 2.59679e+22	0.00e+00	9.73e-28	8.03e-21	5.82e-15	4.01e-09	1.15e-04	1.00e+00	0.00e+00	0.00e+00	0.00e+00	0.00e+00	0.00e+00	1.08e-123
 2.64090e+22	0.00e+00	1.29e-27	1.01e-20	6.92e-15	4.49e-09	1.22e-04	1.00e+00	0.00e+00	0.00e+00	0.00e+00	0.00e+00	0.00e+00	1.15e-123
 2.68679e+22	0.00e+00	1.86e-27	1.36e-20	8.69e-15	5.22e-09	1.31e-04	1.00e+00	0.00e+00	0.00e+00	0.00e+00	0.00e+00	0.00e+00	5.01e-119
 2.73236e+22	0.00e+00	2.45e-27	1.69e-20	1.03e-14	5.83e-09	1.38e-04	1.00e+00	0.00e+00	0.00e+00	0.00e+00	0.00e+00	0.00e+00	5.48e-119
 2.77752e+22	0.00e+00	3.51e-27	2.26e-20	1.28e-14	6.75e-09	1.48e-04	1.00e+00	0.00e+00	0.00e+00	0.00e+00	0.00e+00	0.00e+00	5.97e-119
 2.82263e+22	0.00e+00	4.62e-27	2.82e-20	1.52e-14	7.54e-09	1.57e-04	1.00e+00	0.00e+00	0.00e+00	0.00e+00	0.00e+00	0.00e+00	6.33e-119
 2.86770e+22	0.00e+00	6.55e-27	3.75e-20	1.89e-14	8.69e-09	1.68e-04	1.00e+00	0.00e+00	0.00e+00	0.00e+00	0.00e+00	0.00e+00	8.17e-119
 2.91393e+22	0.00e+00	8.78e-27	4.74e-20	2.25e-14	9.78e-09	1.78e-04	1.00e+00	0.00e+00	0.00e+00	0.00e+00	0.00e+00	0.00e+00	7.81e-97
 2.95103e+22	0.00e+00	1.12e-26	5.78e-20	2.62e-14	1.08e-08	1.86e-04	1.00e+00	0.00e+00	0.00e+00	0.00e+00	0.00e+00	0.00e+00	1.91e-96
 2.98351e+22	0.00e+00	1.41e-26	6.96e-20	3.02e-14	1.19e-08	1.95e-04	1.00e+00	0.00e+00	0.00e+00	0.00e+00	0.00e+00	0.00e+00	3.89e-96
 3.02059e+22	0.00e+00	1.85e-26	8.69e-20	3.59e-14	1.33e-08	2.06e-04	1.00e+00	0.00e+00	0.00e+00	0.00e+00	0.00e+00	0.00e+00	6.32e-96
 3.06032e+22	0.00e+00	2.42e-26	1.08e-19	4.22e-14	1.48e-08	2.17e-04	1.00e+00	0.00e+00	0.00e+00	0.00e+00	0.00e+00	0.00e+00	1.86e-95
 3.09558e+22	0.00e+00	3.07e-26	1.31e-19	4.90e-14	1.63e-08	2.27e-04	1.00e+00	0.00e+00	0.00e+00	0.00e+00	0.00e+00	0.00e+00	1.65e-95
 3.13352e+22	0.00e+00	4.09e-26	1.65e-19	5.85e-14	1.83e-08	2.40e-04	1.00e+00	0.00e+00	0.00e+00	0.00e+00	0.00e+00	0.00e+00	9.23e-95
 3.17303e+22	0.00e+00	5.31e-26	2.04e-19	6.87e-14	2.04e-08	2.53e-04	1.00e+00	0.00e+00	0.00e+00	0.00e+00	0.00e+00	0.00e+00	2.04e-94
 3.20725e+22	0.00e+00	6.72e-26	2.46e-19	7.94e-14	2.24e-08	2.65e-04	1.00e+00	0.00e+00	0.00e+00	0.00e+00	0.00e+00	0.00e+00	4.36e-94
 3.24440e+22	0.00e+00	8.86e-26	3.08e-19	9.44e-14	2.51e-08	2.80e-04	1.00e+00	0.00e+00	0.00e+00	0.00e+00	0.00e+00	0.00e+00	7.60e-94
 3.28065e+22	2.05e-34	1.12e-25	3.71e-19	1.09e-13	2.75e-08	2.93e-04	1.00e+00	0.00e+00	0.00e+00	0.00e+00	0.00e+00	0.00e+00	1.85e-93
 3.30924e+22	2.56e-34	1.35e-25	4.32e-19	1.22e-13	2.97e-08	3.04e-04	1.00e+00	0.00e+00	0.00e+00	0.00e+00	0.00e+00	0.00e+00	1.75e-93
 3.33992e+22	3.38e-34	1.70e-25	5.22e-19	1.41e-13	3.27e-08	3.18e-04	1.00e+00	0.00e+00	0.00e+00	0.00e+00	0.00e+00	0.00e+00	4.61e-93
 3.37271e+22	4.35e-34	2.10e-25	6.21e-19	1.61e-13	3.57e-08	3.31e-04	1.00e+00	0.00e+00	0.00e+00	0.00e+00	0.00e+00	0.00e+00	6.24e-93
 3.40827e+22	5.95e-34	2.74e-25	7.68e-19	1.90e-13	3.97e-08	3.49e-04	1.00e+00	0.00e+00	0.00e+00	0.00e+00	0.00e+00	0.00e+00	1.48e-92
 3.44380e+22	7.83e-34	3.44e-25	9.26e-19	2.19e-13	4.37e-08	3.65e-04	1.00e+00	0.00e+00	0.00e+00	0.00e+00	0.00e+00	0.00e+00	3.55e-92
 3.47280e+22	9.94e-34	4.21e-25	1.09e-18	2.48e-13	4.74e-08	3.80e-04	1.00e+00	0.00e+00	0.00e+00	0.00e+00	0.00e+00	0.00e+00	7.32e-92
 3.50403e+22	1.31e-33	5.30e-25	1.31e-18	2.87e-13	5.21e-08	3.97e-04	1.00e+00	0.00e+00	0.00e+00	0.00e+00	0.00e+00	0.00e+00	1.45e-91
 3.53786e+22	1.71e-33	6.65e-25	1.58e-18	3.29e-13	5.71e-08	4.16e-04	1.00e+00	0.00e+00	0.00e+00	0.00e+00	0.00e+00	0.00e+00	2.25e-91
 3.56854e+22	2.19e-33	8.18e-25	1.87e-18	3.75e-13	6.22e-08	4.33e-04	1.00e+00	0.00e+00	0.00e+00	0.00e+00	0.00e+00	0.00e+00	5.12e-91
 3.59563e+22	2.73e-33	9.83e-25	2.16e-18	4.19e-13	6.70e-08	4.49e-04	1.00e+00	0.00e+00	0.00e+00	0.00e+00	0.00e+00	0.00e+00	7.94e-91
 3.62065e+22	3.35e-33	1.17e-24	2.49e-18	4.67e-13	7.19e-08	4.64e-04	1.00e+00	0.00e+00	0.00e+00	0.00e+00	0.00e+00	0.00e+00	1.42e-90
 3.64927e+22	4.29e-33	1.44e-24	2.94e-18	5.31e-13	7.82e-08	4.83e-04	1.00e+00	0.00e+00	0.00e+00	0.00e+00	0.00e+00	0.00e+00	3.47e-90
 3.67999e+22	5.47e-33	1.76e-24	3.47e-18	6.03e-13	8.50e-08	5.03e-04	9.99e-01	0.00e+00	0.00e+00	0.00e+00	0.00e+00	0.00e+00	6.32e-90
 3.70780e+22	6.87e-33	2.13e-24	4.05e-18	6.78e-13	9.19e-08	5.23e-04	9.99e-01	0.00e+00	0.00e+00	0.00e+00	0.00e+00	0.00e+00	4.52e-90
 3.73423e+22	8.57e-33	2.57e-24	4.71e-18	7.61e-13	9.92e-08	5.42e-04	9.99e-01	0.00e+00	0.00e+00	0.00e+00	0.00e+00	0.00e+00	1.70e-89
 3.76042e+22	1.06e-32	3.07e-24	5.45e-18	8.51e-13	1.07e-07	5.62e-04	9.99e-01	0.00e+00	0.00e+00	0.00e+00	0.00e+00	0.00e+00	1.44e-89
 3.79036e+22	1.38e-32	3.82e-24	6.50e-18	9.76e-13	1.17e-07	5.86e-04	9.99e-01	0.00e+00	0.00e+00	0.00e+00	0.00e+00	0.00e+00	3.83e-89
 3.82165e+22	1.77e-32	4.71e-24	7.69e-18	1.11e-12	1.27e-07	6.11e-04	9.99e-01	0.00e+00	0.00e+00	0.00e+00	0.00e+00	0.00e+00	8.54e-89
 3.84871e+22	2.20e-32	5.66e-24	8.93e-18	1.24e-12	1.37e-07	6.34e-04	9.99e-01	0.00e+00	0.00e+00	0.00e+00	0.00e+00	0.00e+00	1.70e-88
 3.87263e+22	2.68e-32	6.67e-24	1.02e-17	1.37e-12	1.47e-07	6.55e-04	9.99e-01	0.00e+00	0.00e+00	0.00e+00	0.00e+00	0.00e+00	3.56e-88
 3.89843e+22	3.34e-32	8.04e-24	1.19e-17	1.55e-12	1.58e-07	6.79e-04	9.99e-01	0.00e+00	0.00e+00	0.00e+00	0.00e+00	0.00e+00	4.08e-88
 3.92622e+22	4.17e-32	9.67e-24	1.38e-17	1.73e-12	1.71e-07	7.04e-04	9.99e-01	0.00e+00	0.00e+00	0.00e+00	0.00e+00	0.00e+00	9.89e-88
 3.95146e+22	5.11e-32	1.15e-23	1.58e-17	1.92e-12	1.83e-07	7.28e-04	9.99e-01	0.00e+00	0.00e+00	0.00e+00	0.00e+00	0.00e+00	1.43e-87
 3.97913e+22	6.52e-32	1.41e-23	1.86e-17	2.18e-12	1.99e-07	7.59e-04	9.99e-01	0.00e+00	0.00e+00	0.00e+00	0.00e+00	0.00e+00	2.98e-87
 4.00789e+22	8.21e-32	1.71e-23	2.18e-17	2.46e-12	2.15e-07	7.88e-04	9.99e-01	0.00e+00	0.00e+00	0.00e+00	0.00e+00	0.00e+00	1.58e-87
 4.03205e+22	9.95e-32	2.00e-23	2.48e-17	2.71e-12	2.30e-07	8.14e-04	9.99e-01	0.00e+00	0.00e+00	0.00e+00	0.00e+00	0.00e+00	5.53e-87
 4.05742e+22	1.24e-31	2.42e-23	2.89e-17	3.05e-12	2.48e-07	8.44e-04	9.99e-01	0.00e+00	0.00e+00	0.00e+00	0.00e+00	0.00e+00	7.58e-87
 4.08466e+22	1.54e-31	2.90e-23	3.34e-17	3.40e-12	2.67e-07	8.75e-04	9.99e-01	0.00e+00	0.00e+00	0.00e+00	0.00e+00	0.00e+00	1.18e-86
 4.10964e+22	1.89e-31	3.43e-23	3.83e-17	3.78e-12	2.86e-07	9.05e-04	9.99e-01	0.00e+00	0.00e+00	0.00e+00	0.00e+00	0.00e+00	1.99e-86
 4.13741e+22	2.41e-31	4.21e-23	4.52e-17	4.29e-12	3.11e-07	9.43e-04	9.99e-01	0.00e+00	0.00e+00	0.00e+00	0.00e+00	0.00e+00	2.85e-86
 4.16637e+22	3.03e-31	5.10e-23	5.27e-17	4.82e-12	3.37e-07	9.80e-04	9.99e-01	0.00e+00	0.00e+00	0.00e+00	0.00e+00	0.00e+00	5.46e-86
 4.19040e+22	3.68e-31	5.99e-23	5.99e-17	5.32e-12	3.60e-07	1.01e-03	9.99e-01	0.00e+00	0.00e+00	0.00e+00	0.00e+00	0.00e+00	9.83e-86
 4.21193e+22	4.37e-31	6.92e-23	6.74e-17	5.82e-12	3.82e-07	1.04e-03	9.99e-01	0.00e+00	0.00e+00	0.00e+00	0.00e+00	0.00e+00	5.00e-86
 4.23668e+22	5.43e-31	8.30e-23	7.80e-17	6.52e-12	4.11e-07	1.08e-03	9.99e-01	0.00e+00	0.00e+00	0.00e+00	0.00e+00	0.00e+00	2.31e-85
 4.26347e+22	6.73e-31	9.93e-23	9.01e-17	7.26e-12	4.42e-07	1.12e-03	9.99e-01	0.00e+00	0.00e+00	0.00e+00	0.00e+00	0.00e+00	3.98e-85
 4.28825e+22	8.26e-31	1.18e-22	1.03e-16	8.06e-12	4.74e-07	1.16e-03	9.99e-01	0.00e+00	0.00e+00	0.00e+00	0.00e+00	0.00e+00	6.81e-85
 4.31578e+22	1.05e-30	1.45e-22	1.22e-16	9.15e-12	5.16e-07	1.21e-03	9.99e-01	0.00e+00	0.00e+00	0.00e+00	0.00e+00	0.00e+00	1.07e-84
 4.34316e+22	1.31e-30	1.73e-22	1.40e-16	1.02e-11	5.54e-07	1.25e-03	9.99e-01	0.00e+00	0.00e+00	0.00e+00	0.00e+00	0.00e+00	2.08e-84
 4.36546e+22	1.57e-30	2.01e-22	1.59e-16	1.12e-11	5.90e-07	1.29e-03	9.99e-01	0.00e+00	0.00e+00	0.00e+00	0.00e+00	0.00e+00	3.00e-84
 4.38953e+22	1.94e-30	2.40e-22	1.83e-16	1.25e-11	6.34e-07	1.34e-03	9.99e-01	0.00e+00	0.00e+00	0.00e+00	0.00e+00	0.00e+00	8.34e-84
 4.41578e+22	2.41e-30	2.87e-22	2.11e-16	1.39e-11	6.81e-07	1.39e-03	9.99e-01	0.00e+00	0.00e+00	0.00e+00	0.00e+00	0.00e+00	8.29e-84
 4.44019e+22	2.93e-30	3.38e-22	2.41e-16	1.53e-11	7.28e-07	1.43e-03	9.99e-01	0.00e+00	0.00e+00	0.00e+00	0.00e+00	0.00e+00	4.89e-83
 4.46724e+22	3.73e-30	4.13e-22	2.82e-16	1.73e-11	7.90e-07	1.49e-03	9.99e-01	0.00e+00	0.00e+00	0.00e+00	0.00e+00	0.00e+00	8.98e-83
 4.49422e+22	4.62e-30	4.93e-22	3.25e-16	1.92e-11	8.49e-07	1.55e-03	9.98e-01	0.00e+00	0.00e+00	0.00e+00	0.00e+00	0.00e+00	1.53e-82
 4.51624e+22	5.54e-30	5.73e-22	3.66e-16	2.10e-11	9.02e-07	1.60e-03	9.98e-01	0.00e+00	0.00e+00	0.00e+00	0.00e+00	0.00e+00	2.41e-82
 4.54001e+22	6.88e-30	6.86e-22	4.23e-16	2.34e-11	9.70e-07	1.66e-03	9.98e-01	0.00e+00	0.00e+00	0.00e+00	0.00e+00	0.00e+00	4.15e-82
 4.56567e+22	8.43e-30	8.12e-22	4.83e-16	2.58e-11	1.04e-06	1.71e-03	9.98e-01	0.00e+00	0.00e+00	0.00e+00	0.00e+00	0.00e+00	6.91e-82
 4.58998e+22	1.04e-29	9.65e-22	5.54e-16	2.86e-11	1.11e-06	1.78e-03	9.98e-01	0.00e+00	0.00e+00	0.00e+00	0.00e+00	0.00e+00	1.17e-81
 4.61366e+22	1.27e-29	1.14e-21	6.30e-16	3.15e-11	1.19e-06	1.84e-03	9.98e-01	0.00e+00	0.00e+00	0.00e+00	0.00e+00	0.00e+00	1.91e-81
 4.63638e+22	1.53e-29	1.33e-21	7.14e-16	3.45e-11	1.27e-06	1.90e-03	9.98e-01	0.00e+00	0.00e+00	0.00e+00	0.00e+00	0.00e+00	3.11e-81
 4.65842e+22	1.85e-29	1.55e-21	8.05e-16	3.78e-11	1.35e-06	1.96e-03	9.98e-01	0.00e+00	0.00e+00	0.00e+00	0.00e+00	0.00e+00	4.96e-81
 4.68351e+22	2.32e-29	1.87e-21	9.33e-16	4.21e-11	1.45e-06	2.04e-03	9.98e-01	0.00e+00	0.00e+00	0.00e+00	0.00e+00	0.00e+00	8.85e-81
 4.70967e+22	2.88e-29	2.23e-21	1.07e-15	4.66e-11	1.56e-06	2.12e-03	9.98e-01	0.00e+00	0.00e+00	0.00e+00	0.00e+00	0.00e+00	1.52e-80
 4.73263e+22	3.51e-29	2.62e-21	1.22e-15	5.11e-11	1.66e-06	2.19e-03	9.98e-01	0.00e+00	0.00e+00	0.00e+00	0.00e+00	0.00e+00	2.51e-80
 4.75787e+22	4.47e-29	3.20e-21	1.42e-15	5.72e-11	1.79e-06	2.28e-03	9.98e-01	0.00e+00	0.00e+00	0.00e+00	0.00e+00	0.00e+00	4.64e-80
 4.78393e+22	5.53e-29	3.80e-21	1.62e-15	6.30e-11	1.92e-06	2.37e-03	9.98e-01	0.00e+00	0.00e+00	0.00e+00	0.00e+00	0.00e+00	7.93e-80
 4.80619e+22	6.66e-29	4.42e-21	1.83e-15	6.86e-11	2.04e-06	2.45e-03	9.98e-01	0.00e+00	0.00e+00	0.00e+00	0.00e+00	0.00e+00	1.27e-79
 4.83030e+22	8.41e-29	5.35e-21	2.12e-15	7.63e-11	2.20e-06	2.55e-03	9.97e-01	0.00e+00	0.00e+00	0.00e+00	0.00e+00	0.00e+00	2.31e-79
 4.85494e+22	1.03e-28	6.31e-21	2.40e-15	8.33e-11	2.34e-06	2.64e-03	9.97e-01	0.00e+00	0.00e+00	0.00e+00	0.00e+00	0.00e+00	3.88e-79
 4.87644e+22	1.24e-28	7.34e-21	2.70e-15	9.07e-11	2.49e-06	2.73e-03	9.97e-01	0.00e+00	0.00e+00	0.00e+00	0.00e+00	0.00e+00	6.24e-79
 4.90056e+22	1.58e-28	8.89e-21	3.12e-15	1.01e-10	2.68e-06	2.85e-03	9.97e-01	0.00e+00	0.00e+00	0.00e+00	0.00e+00	0.00e+00	1.15e-78
 4.92552e+22	1.94e-28	1.05e-20	3.55e-15	1.10e-10	2.86e-06	2.96e-03	9.97e-01	0.00e+00	0.00e+00	0.00e+00	0.00e+00	0.00e+00	1.96e-78
 4.94679e+22	2.35e-28	1.22e-20	3.98e-15	1.19e-10	3.03e-06	3.06e-03	9.97e-01	0.00e+00	0.00e+00	0.00e+00	0.00e+00	0.00e+00	3.18e-78
 4.96659e+22	2.79e-28	1.41e-20	4.43e-15	1.29e-10	3.20e-06	3.15e-03	9.97e-01	0.00e+00	0.00e+00	0.00e+00	0.00e+00	0.00e+00	4.95e-78
 4.98925e+22	3.50e-28	1.69e-20	5.08e-15	1.41e-10	3.43e-06	3.29e-03	9.97e-01	0.00e+00	0.00e+00	0.00e+00	0.00e+00	0.00e+00	8.94e-78
 5.01257e+22	4.28e-28	1.98e-20	5.73e-15	1.53e-10	3.64e-06	3.41e-03	9.97e-01	0.00e+00	0.00e+00	0.00e+00	0.00e+00	0.00e+00	1.50e-77
 5.03314e+22	5.16e-28	2.30e-20	6.41e-15	1.66e-10	3.85e-06	3.52e-03	9.96e-01	0.00e+00	0.00e+00	0.00e+00	0.00e+00	0.00e+00	2.43e-77
 5.05627e+22	6.49e-28	2.76e-20	7.36e-15	1.82e-10	4.13e-06	3.67e-03	9.96e-01	0.00e+00	0.00e+00	0.00e+00	0.00e+00	0.00e+00	4.44e-77
 5.07957e+22	7.94e-28	3.24e-20	8.30e-15	1.97e-10	4.39e-06	3.81e-03	9.96e-01	0.00e+00	0.00e+00	0.00e+00	0.00e+00	0.00e+00	7.48e-77
 5.09930e+22	9.54e-28	3.75e-20	9.25e-15	2.12e-10	4.64e-06	3.94e-03	9.96e-01	0.00e+00	0.00e+00	0.00e+00	0.00e+00	0.00e+00	1.21e-76
 5.12114e+22	1.19e-27	4.48e-20	1.06e-14	2.32e-10	4.96e-06	4.10e-03	9.96e-01	0.00e+00	0.00e+00	0.00e+00	0.00e+00	0.00e+00	2.16e-76
 5.14370e+22	1.45e-27	5.24e-20	1.18e-14	2.50e-10	5.25e-06	4.26e-03	9.96e-01	0.00e+00	0.00e+00	0.00e+00	0.00e+00	0.00e+00	3.64e-76
 5.16357e+22	1.75e-27	6.06e-20	1.32e-14	2.69e-10	5.55e-06	4.40e-03	9.96e-01	0.00e+00	0.00e+00	0.00e+00	0.00e+00	0.00e+00	5.87e-76
 5.18577e+22	2.20e-27	7.27e-20	1.51e-14	2.94e-10	5.95e-06	4.59e-03	9.95e-01	0.00e+00	0.00e+00	0.00e+00	0.00e+00	0.00e+00	1.08e-75
 5.20793e+22	2.66e-27	8.45e-20	1.69e-14	3.16e-10	6.29e-06	4.76e-03	9.95e-01	0.00e+00	0.00e+00	0.00e+00	0.00e+00	0.00e+00	1.79e-75
 5.22675e+22	3.17e-27	9.70e-20	1.87e-14	3.39e-10	6.63e-06	4.91e-03	9.95e-01	0.00e+00	0.00e+00	0.00e+00	0.00e+00	0.00e+00	2.83e-75
 5.24792e+22	3.96e-27	1.16e-19	2.12e-14	3.68e-10	7.07e-06	5.12e-03	9.95e-01	0.00e+00	0.00e+00	0.00e+00	0.00e+00	0.00e+00	5.12e-75
 5.26993e+22	4.82e-27	1.35e-19	2.38e-14	3.96e-10	7.49e-06	5.31e-03	9.95e-01	0.00e+00	0.00e+00	0.00e+00	0.00e+00	0.00e+00	8.63e-75
 5.28932e+22	5.79e-27	1.56e-19	2.64e-14	4.24e-10	7.91e-06	5.49e-03	9.95e-01	0.00e+00	0.00e+00	0.00e+00	0.00e+00	0.00e+00	1.40e-74
 5.31083e+22	7.28e-27	1.86e-19	3.01e-14	4.62e-10	8.45e-06	5.73e-03	9.94e-01	0.00e+00	0.00e+00	0.00e+00	0.00e+00	0.00e+00	2.57e-74
 5.33282e+22	8.86e-27	2.17e-19	3.37e-14	4.96e-10	8.95e-06	5.94e-03	9.94e-01	0.00e+00	0.00e+00	0.00e+00	0.00e+00	0.00e+00	4.35e-74
 5.35212e+22	1.07e-26	2.51e-19	3.74e-14	5.30e-10	9.46e-06	6.15e-03	9.94e-01	0.00e+00	0.00e+00	0.00e+00	0.00e+00	0.00e+00	7.19e-74
 5.37394e+22	1.35e-26	3.03e-19	4.29e-14	5.78e-10	1.01e-05	6.43e-03	9.94e-01	0.00e+00	0.00e+00	0.00e+00	0.00e+00	0.00e+00	1.36e-73
 5.39586e+22	1.64e-26	3.52e-19	4.78e-14	6.19e-10	1.07e-05	6.67e-03	9.93e-01	0.00e+00	0.00e+00	0.00e+00	0.00e+00	0.00e+00	2.28e-73
 5.41501e+22	1.98e-26	4.07e-19	5.31e-14	6.62e-10	1.13e-05	6.90e-03	9.93e-01	0.00e+00	0.00e+00	0.00e+00	0.00e+00	0.00e+00	3.77e-73
 5.43699e+22	2.51e-26	4.89e-19	6.07e-14	7.21e-10	1.21e-05	7.21e-03	9.93e-01	0.00e+00	0.00e+00	0.00e+00	0.00e+00	0.00e+00	7.11e-73
 5.45982e+22	3.11e-26	5.79e-19	6.84e-14	7.76e-10	1.29e-05	7.51e-03	9.92e-01	0.00e+00	0.00e+00	0.00e+00	0.00e+00	0.00e+00	1.28e-72
 5.48000e+22	3.78e-26	6.73e-19	7.64e-14	8.32e-10	1.37e-05	7.79e-03	9.92e-01	0.00e+00	0.00e+00	0.00e+00	0.00e+00	0.00e+00	2.15e-72
 5.49894e+22	4.55e-26	7.77e-19	8.47e-14	8.87e-10	1.44e-05	8.06e-03	9.92e-01	0.00e+00	0.00e+00	0.00e+00	0.00e+00	0.00e+00	3.55e-72
 5.51720e+22	5.45e-26	8.96e-19	9.37e-14	9.45e-10	1.52e-05	8.34e-03	9.92e-01	0.00e+00	0.00e+00	0.00e+00	0.00e+00	0.00e+00	5.82e-72
 5.53812e+22	6.87e-26	1.07e-18	1.07e-13	1.02e-09	1.63e-05	8.71e-03	9.91e-01	0.00e+00	0.00e+00	0.00e+00	0.00e+00	0.00e+00	1.09e-71
 5.55933e+22	8.41e-26	1.25e-18	1.19e-13	1.10e-09	1.73e-05	9.05e-03	9.91e-01	0.00e+00	0.00e+00	0.00e+00	0.00e+00	0.00e+00	1.89e-71
 5.57602e+22	9.86e-26	1.42e-18	1.30e-13	1.15e-09	1.81e-05	9.32e-03	9.91e-01	0.00e+00	0.00e+00	0.00e+00	0.00e+00	0.00e+00	2.91e-71
 5.59282e+22	1.19e-25	1.64e-18	1.45e-13	1.23e-09	1.91e-05	9.66e-03	9.90e-01	0.00e+00	0.00e+00	0.00e+00	0.00e+00	0.00e+00	4.87e-71
 5.61049e+22	1.41e-25	1.87e-18	1.59e-13	1.31e-09	2.01e-05	9.96e-03	9.90e-01	0.00e+00	0.00e+00	0.00e+00	0.00e+00	0.00e+00	7.69e-71
 5.62553e+22	1.64e-25	2.10e-18	1.72e-13	1.37e-09	2.10e-05	1.02e-02	9.90e-01	0.00e+00	0.00e+00	0.00e+00	0.00e+00	0.00e+00	1.16e-70
 5.63897e+22	1.90e-25	2.35e-18	1.87e-13	1.44e-09	2.19e-05	1.05e-02	9.89e-01	0.00e+00	0.00e+00	0.00e+00	0.00e+00	0.00e+00	1.74e-70
 5.65193e+22	2.16e-25	2.60e-18	2.01e-13	1.50e-09	2.27e-05	1.08e-02	9.89e-01	0.00e+00	0.00e+00	0.00e+00	0.00e+00	0.00e+00	2.47e-70
 5.66664e+22	2.57e-25	2.97e-18	2.21e-13	1.59e-09	2.39e-05	1.11e-02	9.89e-01	0.00e+00	0.00e+00	0.00e+00	0.00e+00	0.00e+00	3.97e-70
 5.68121e+22	2.97e-25	3.32e-18	2.39e-13	1.66e-09	2.49e-05	1.14e-02	9.89e-01	0.00e+00	0.00e+00	0.00e+00	0.00e+00	0.00e+00	5.90e-70
 5.69331e+22	3.40e-25	3.69e-18	2.57e-13	1.74e-09	2.59e-05	1.17e-02	9.88e-01	0.00e+00	0.00e+00	0.00e+00	0.00e+00	0.00e+00	8.55e-70
 5.70676e+22	4.02e-25	4.20e-18	2.81e-13	1.83e-09	2.72e-05	1.21e-02	9.88e-01	0.00e+00	0.00e+00	0.00e+00	0.00e+00	0.00e+00	1.35e-69
 5.72054e+22	4.62e-25	4.67e-18	3.04e-13	1.92e-09	2.84e-05	1.24e-02	9.88e-01	0.00e+00	0.00e+00	0.00e+00	0.00e+00	0.00e+00	1.97e-69
 5.73477e+22	5.51e-25	5.35e-18	3.35e-13	2.03e-09	2.99e-05	1.28e-02	9.87e-01	0.00e+00	0.00e+00	0.00e+00	0.00e+00	0.00e+00	3.19e-69
 5.74856e+22	6.31e-25	5.95e-18	3.61e-13	2.13e-09	3.11e-05	1.31e-02	9.87e-01	0.00e+00	0.00e+00	0.00e+00	0.00e+00	0.00e+00	4.62e-69
 5.75985e+22	7.22e-25	6.60e-18	3.88e-13	2.22e-09	3.23e-05	1.35e-02	9.87e-01	0.00e+00	0.00e+00	0.00e+00	0.00e+00	0.00e+00	6.67e-69
 5.77095e+22	8.25e-25	7.31e-18	4.17e-13	2.31e-09	3.36e-05	1.38e-02	9.86e-01	0.00e+00	0.00e+00	0.00e+00	0.00e+00	0.00e+00	9.59e-69
 5.78371e+22	9.75e-25	8.32e-18	4.58e-13	2.44e-09	3.53e-05	1.42e-02	9.86e-01	0.00e+00	0.00e+00	0.00e+00	0.00e+00	0.00e+00	1.51e-68
 5.79678e+22	1.13e-24	9.34e-18	4.97e-13	2.56e-09	3.69e-05	1.46e-02	9.85e-01	0.00e+00	0.00e+00	0.00e+00	0.00e+00	0.00e+00	2.27e-68
 5.80806e+22	1.30e-24	1.04e-17	5.35e-13	2.68e-09	3.84e-05	1.50e-02	9.85e-01	0.00e+00	0.00e+00	0.00e+00	0.00e+00	0.00e+00	3.27e-68
 5.82055e+22	1.55e-24	1.19e-17	5.89e-13	2.83e-09	4.04e-05	1.54e-02	9.85e-01	0.00e+00	0.00e+00	0.00e+00	0.00e+00	0.00e+00	5.25e-68
 5.83335e+22	1.80e-24	1.34e-17	6.41e-13	2.97e-09	4.23e-05	1.58e-02	9.84e-01	0.00e+00	0.00e+00	0.00e+00	0.00e+00	0.00e+00	7.94e-68
 5.84398e+22	2.05e-24	1.48e-17	6.89e-13	3.10e-09	4.39e-05	1.62e-02	9.84e-01	0.00e+00	0.00e+00	0.00e+00	0.00e+00	0.00e+00	1.12e-67
 5.85522e+22	2.43e-24	1.69e-17	7.56e-13	3.27e-09	4.61e-05	1.67e-02	9.83e-01	0.00e+00	0.00e+00	0.00e+00	0.00e+00	0.00e+00	1.76e-67
 5.86674e+22	2.81e-24	1.89e-17	8.19e-13	3.43e-09	4.81e-05	1.71e-02	9.83e-01	0.00e+00	0.00e+00	0.00e+00	0.00e+00	0.00e+00	2.59e-67
 5.87698e+22	3.24e-24	2.11e-17	8.87e-13	3.60e-09	5.01e-05	1.75e-02	9.82e-01	0.00e+00	0.00e+00	0.00e+00	0.00e+00	0.00e+00	3.77e-67
 5.88864e+22	3.91e-24	2.44e-17	9.85e-13	3.83e-09	5.30e-05	1.81e-02	9.82e-01	0.00e+00	0.00e+00	0.00e+00	0.00e+00	0.00e+00	6.20e-67
 5.90040e+22	4.55e-24	2.75e-17	1.07e-12	4.03e-09	5.54e-05	1.85e-02	9.81e-01	0.00e+00	0.00e+00	0.00e+00	0.00e+00	0.00e+00	9.25e-67
 5.91228e+22	5.59e-24	3.23e-17	1.21e-12	4.31e-09	5.88e-05	1.92e-02	9.81e-01	0.00e+00	0.00e+00	0.00e+00	0.00e+00	0.00e+00	1.59e-66
 5.92394e+22	6.48e-24	3.62e-17	1.31e-12	4.54e-09	6.14e-05	1.97e-02	9.80e-01	0.00e+00	0.00e+00	0.00e+00	0.00e+00	0.00e+00	2.32e-66
 5.93530e+22	8.00e-24	4.28e-17	1.48e-12	4.88e-09	6.52e-05	2.03e-02	9.80e-01	0.00e+00	0.00e+00	0.00e+00	0.00e+00	0.00e+00	4.00e-66
 5.94663e+22	9.30e-24	4.82e-17	1.61e-12	5.15e-09	6.82e-05	2.08e-02	9.79e-01	0.00e+00	0.00e+00	0.00e+00	4.82e-17	5.43e-25	5.89e-66
 5.95793e+22	1.92e-25	5.74e-17	1.83e-12	5.56e-09	7.27e-05	2.16e-02	9.78e-01	0.00e+00	0.00e+00	0.00e+00	5.74e-17	1.93e-22	2.55e-66
 5.96923e+22	2.27e-25	6.53e-17	2.02e-12	5.90e-09	7.62e-05	2.21e-02	9.78e-01	0.00e+00	0.00e+00	0.00e+00	6.53e-17	2.20e-22	3.81e-66
 5.98055e+22	2.89e-25	7.86e-17	2.31e-12	6.41e-09	8.15e-05	2.29e-02	9.77e-01	0.00e+00	0.00e+00	0.00e+00	7.86e-17	2.65e-22	6.77e-66
 5.99171e+22	3.42e-25	8.95e-17	2.54e-12	6.81e-09	8.54e-05	2.35e-02	9.76e-01	0.00e+00	0.00e+00	0.00e+00	8.95e-17	3.01e-22	1.01e-65
 6.00266e+22	4.33e-25	1.08e-16	2.92e-12	7.42e-09	9.12e-05	2.43e-02	9.76e-01	0.00e+00	0.00e+00	0.00e+00	1.08e-16	3.62e-22	1.77e-65
 6.01351e+22	5.18e-25	1.24e-16	3.24e-12	7.93e-09	9.59e-05	2.50e-02	9.75e-01	0.00e+00	0.00e+00	0.00e+00	1.24e-16	4.16e-22	2.69e-65
 6.02423e+22	6.60e-25	1.49e-16	3.73e-12	8.67e-09	1.02e-04	2.58e-02	9.74e-01	0.00e+00	0.00e+00	0.00e+00	1.49e-16	5.03e-22	4.71e-65
 6.03511e+22	8.01e-25	1.74e-16	4.18e-12	9.34e-09	1.08e-04	2.66e-02	9.73e-01	0.00e+00	0.00e+00	0.00e+00	1.74e-16	5.85e-22	7.39e-65
 6.04621e+22	1.04e-24	2.13e-16	4.87e-12	1.03e-08	1.16e-04	2.75e-02	9.72e-01	0.00e+00	0.00e+00	0.00e+00	2.13e-16	7.17e-22	1.34e-64
 6.05751e+22	1.28e-24	2.51e-16	5.52e-12	1.12e-08	1.23e-04	2.84e-02	9.72e-01	0.00e+00	0.00e+00	0.00e+00	2.51e-16	8.46e-22	2.16e-64
 6.06906e+22	1.69e-24	3.13e-16	6.53e-12	1.25e-08	1.33e-04	2.95e-02	9.70e-01	0.00e+00	0.00e+00	0.00e+00	3.13e-16	1.06e-21	4.08e-64
 6.08064e+22	2.10e-24	3.72e-16	7.44e-12	1.36e-08	1.41e-04	3.03e-02	9.70e-01	0.00e+00	0.00e+00	0.00e+00	3.72e-16	1.25e-21	6.63e-64
 6.09063e+22	2.60e-24	4.41e-16	8.48e-12	1.48e-08	1.49e-04	3.12e-02	9.69e-01	0.00e+00	0.00e+00	0.00e+00	4.41e-16	1.48e-21	1.08e-63
 6.10198e+22	3.45e-24	5.53e-16	1.01e-11	1.66e-08	1.61e-04	3.25e-02	9.67e-01	0.00e+00	0.00e+00	0.00e+00	5.53e-16	1.86e-21	2.03e-63
 6.11332e+22	4.26e-24	6.54e-16	1.15e-11	1.81e-08	1.71e-04	3.34e-02	9.66e-01	0.00e+00	0.00e+00	0.00e+00	6.54e-16	2.20e-21	3.25e-63
 6.12463e+22	5.67e-24	8.23e-16	1.37e-11	2.04e-08	1.85e-04	3.47e-02	9.65e-01	0.00e+00	0.00e+00	0.00e+00	8.23e-16	2.77e-21	6.14e-63
 6.13590e+22	5.12e-24	9.70e-16	1.56e-11	2.22e-08	1.95e-04	3.57e-02	9.64e-01	0.00e+00	0.00e+00	0.00e+00	9.70e-16	3.27e-21	9.47e-63
 6.14713e+22	6.78e-24	1.22e-15	1.85e-11	2.50e-08	2.11e-04	3.70e-02	9.63e-01	0.00e+00	0.00e+00	0.00e+00	1.22e-15	4.09e-21	1.76e-62
 6.15857e+22	8.40e-24	1.44e-15	2.12e-11	2.73e-08	2.24e-04	3.81e-02	9.62e-01	0.00e+00	0.00e+00	0.00e+00	1.44e-15	4.86e-21	2.82e-62
 6.17031e+22	1.12e-23	1.82e-15	2.54e-11	3.09e-08	2.42e-04	3.96e-02	9.60e-01	0.00e+00	0.00e+00	0.00e+00	1.82e-15	6.13e-21	5.29e-62
 6.18229e+22	1.39e-23	2.17e-15	2.91e-11	3.39e-08	2.57e-04	4.08e-02	9.59e-01	0.00e+00	0.00e+00	0.00e+00	2.17e-15	7.31e-21	8.54e-62
 6.19460e+22	1.86e-23	2.74e-15	3.49e-11	3.84e-08	2.79e-04	4.24e-02	9.57e-01	0.00e+00	0.00e+00	0.00e+00	2.74e-15	9.24e-21	1.61e-61
 6.20727e+22	2.35e-23	3.30e-15	4.03e-11	4.24e-08	2.97e-04	4.37e-02	9.56e-01	0.00e+00	0.00e+00	0.00e+00	3.30e-15	1.11e-20	2.65e-61
 6.21848e+22	2.92e-23	3.94e-15	4.63e-11	4.66e-08	3.16e-04	4.50e-02	9.55e-01	0.00e+00	0.00e+00	0.00e+00	3.94e-15	1.33e-20	4.28e-61
 6.23114e+22	3.88e-23	4.96e-15	5.54e-11	5.27e-08	3.41e-04	4.68e-02	9.53e-01	0.00e+00	0.00e+00	0.00e+00	4.96e-15	1.67e-20	7.91e-61
 6.24395e+22	4.82e-23	5.91e-15	6.36e-11	5.79e-08	3.63e-04	4.82e-02	9.51e-01	0.00e+00	0.00e+00	0.00e+00	5.91e-15	1.99e-20	1.27e-60
 6.25696e+22	6.38e-23	7.41e-15	7.60e-11	6.55e-08	3.92e-04	5.00e-02	9.50e-01	0.00e+00	0.00e+00	0.00e+00	7.41e-15	2.50e-20	2.33e-60
 6.27035e+22	7.98e-23	8.88e-15	8.75e-11	7.23e-08	4.18e-04	5.16e-02	9.48e-01	0.00e+00	0.00e+00	0.00e+00	8.88e-15	2.99e-20	3.78e-60
 6.28241e+22	9.96e-23	1.06e-14	1.01e-10	7.97e-08	4.45e-04	5.31e-02	9.46e-01	0.00e+00	0.00e+00	0.00e+00	1.06e-14	3.58e-20	6.10e-60
 6.29627e+22	1.32e-22	1.34e-14	1.21e-10	9.03e-08	4.82e-04	5.52e-02	9.44e-01	0.00e+00	0.00e+00	0.00e+00	1.34e-14	4.50e-20	1.12e-59
 6.31019e+22	1.64e-22	1.59e-14	1.39e-10	9.94e-08	5.12e-04	5.69e-02	9.43e-01	0.00e+00	0.00e+00	0.00e+00	1.59e-14	5.36e-20	1.79e-59
 6.32419e+22	2.18e-22	2.00e-14	1.66e-10	1.13e-07	5.55e-04	5.91e-02	9.40e-01	0.00e+00	0.00e+00	0.00e+00	2.00e-14	6.73e-20	3.28e-59
 6.33839e+22	2.70e-22	2.37e-14	1.90e-10	1.24e-07	5.89e-04	6.08e-02	9.39e-01	0.00e+00	0.00e+00	0.00e+00	2.37e-14	7.98e-20	5.17e-59
 6.35067e+22	3.31e-22	2.79e-14	2.16e-10	1.36e-07	6.24e-04	6.25e-02	9.37e-01	0.00e+00	0.00e+00	0.00e+00	2.79e-14	9.41e-20	8.01e-59
 6.36447e+22	4.31e-22	3.46e-14	2.56e-10	1.53e-07	6.73e-04	6.48e-02	9.34e-01	0.00e+00	0.00e+00	0.00e+00	3.46e-14	1.16e-19	1.41e-58
 6.37820e+22	5.24e-22	4.04e-14	2.89e-10	1.66e-07	7.12e-04	6.66e-02	9.33e-01	0.00e+00	0.00e+00	0.00e+00	4.04e-14	1.36e-19	2.13e-58
 6.39183e+22	6.73e-22	4.94e-14	3.40e-10	1.86e-07	7.65e-04	6.89e-02	9.30e-01	0.00e+00	0.00e+00	0.00e+00	4.94e-14	1.67e-19	3.65e-58
 6.40576e+22	8.24e-22	5.81e-14	3.86e-10	2.04e-07	8.11e-04	7.08e-02	9.28e-01	0.00e+00	0.00e+00	0.00e+00	5.81e-14	1.96e-19	5.61e-58
 6.42007e+22	1.08e-21	7.19e-14	4.57e-10	2.30e-07	8.75e-04	7.35e-02	9.26e-01	0.00e+00	0.00e+00	0.00e+00	7.19e-14	2.42e-19	9.84e-58
 6.43449e+22	1.30e-21	8.39e-14	5.17e-10	2.50e-07	9.24e-04	7.54e-02	9.24e-01	0.00e+00	0.00e+00	0.00e+00	8.39e-14	2.83e-19	1.48e-57
 6.44903e+22	1.70e-21	1.04e-13	6.11e-10	2.82e-07	9.97e-04	7.82e-02	9.21e-01	0.00e+00	0.00e+00	0.00e+00	1.04e-13	3.49e-19	2.58e-57
 6.46323e+22	2.02e-21	1.19e-13	6.83e-10	3.05e-07	1.05e-03	8.01e-02	9.19e-01	0.00e+00	0.00e+00	0.00e+00	1.19e-13	4.02e-19	3.76e-57
 6.47700e+22	2.58e-21	1.45e-13	7.98e-10	3.41e-07	1.13e-03	8.28e-02	9.16e-01	0.00e+00	0.00e+00	0.00e+00	1.45e-13	4.89e-19	6.27e-57
 6.49103e+22	3.10e-21	1.67e-13	8.95e-10	3.70e-07	1.19e-03	8.49e-02	9.14e-01	0.00e+00	0.00e+00	0.00e+00	1.67e-13	5.64e-19	9.21e-57
 6.50541e+22	3.96e-21	2.04e-13	1.05e-09	4.13e-07	1.27e-03	8.78e-02	9.11e-01	0.00e+00	0.00e+00	0.00e+00	2.04e-13	6.87e-19	1.54e-56
 6.52005e+22	4.77e-21	2.36e-13	1.18e-09	4.50e-07	1.35e-03	9.01e-02	9.09e-01	0.00e+00	0.00e+00	0.00e+00	2.36e-13	7.97e-19	2.29e-56
 6.53504e+22	6.12e-21	2.88e-13	1.38e-09	5.03e-07	1.45e-03	9.32e-02	9.05e-01	0.00e+00	0.00e+00	0.00e+00	2.88e-13	9.72e-19	3.86e-56
 6.55029e+22	7.40e-21	3.35e-13	1.56e-09	5.49e-07	1.53e-03	9.57e-02	9.03e-01	0.00e+00	0.00e+00	0.00e+00	3.35e-13	1.13e-18	5.74e-56
 6.56589e+22	9.52e-21	4.09e-13	1.83e-09	6.15e-07	1.64e-03	9.90e-02	8.99e-01	0.00e+00	0.00e+00	0.00e+00	4.09e-13	1.38e-18	9.73e-56
 6.58181e+22	1.15e-20	4.77e-13	2.07e-09	6.72e-07	1.74e-03	1.02e-01	8.97e-01	0.00e+00	0.00e+00	0.00e+00	4.77e-13	1.61e-18	1.46e-55
 6.59815e+22	1.49e-20	5.82e-13	2.42e-09	7.53e-07	1.87e-03	1.05e-01	8.93e-01	0.00e+00	0.00e+00	0.00e+00	5.82e-13	1.96e-18	2.47e-55
 6.61495e+22	1.82e-20	6.84e-13	2.76e-09	8.27e-07	1.99e-03	1.08e-01	8.90e-01	0.00e+00	0.00e+00	0.00e+00	6.84e-13	2.31e-18	3.80e-55
 6.63235e+22	2.36e-20	8.40e-13	3.25e-09	9.30e-07	2.14e-03	1.12e-01	8.86e-01	0.00e+00	0.00e+00	0.00e+00	8.40e-13	2.83e-18	6.54e-55
 6.64926e+22	2.83e-20	9.68e-13	3.64e-09	1.01e-06	2.26e-03	1.15e-01	8.83e-01	0.00e+00	0.00e+00	0.00e+00	9.68e-13	3.27e-18	9.56e-55
 6.66553e+22	3.63e-20	1.18e-12	4.27e-09	1.13e-06	2.43e-03	1.19e-01	8.79e-01	0.00e+00	0.00e+00	0.00e+00	1.18e-12	3.98e-18	1.60e-54
 6.68211e+22	4.38e-20	1.36e-12	4.80e-09	1.23e-06	2.57e-03	1.22e-01	8.76e-01	0.00e+00	0.00e+00	0.00e+00	1.36e-12	4.61e-18	2.37e-54
 6.69909e+22	5.52e-20	1.64e-12	5.55e-09	1.37e-06	2.75e-03	1.26e-01	8.71e-01	0.00e+00	0.00e+00	0.00e+00	1.64e-12	5.53e-18	3.85e-54
 6.71704e+22	6.87e-20	1.94e-12	6.37e-09	1.51e-06	2.93e-03	1.29e-01	8.68e-01	0.00e+00	0.00e+00	0.00e+00	1.94e-12	6.55e-18	6.04e-54
 6.73352e+22	8.40e-20	2.27e-12	7.23e-09	1.66e-06	3.10e-03	1.33e-01	8.64e-01	0.00e+00	0.00e+00	0.00e+00	2.27e-12	7.67e-18	9.18e-54
 6.75222e+22	1.08e-19	2.76e-12	8.45e-09	1.86e-06	3.34e-03	1.38e-01	8.59e-01	0.00e+00	0.00e+00	0.00e+00	2.76e-12	9.32e-18	1.55e-53
 6.77203e+22	1.36e-19	3.31e-12	9.79e-09	2.07e-06	3.57e-03	1.42e-01	8.55e-01	0.00e+00	0.00e+00	0.00e+00	3.31e-12	1.12e-17	2.51e-53
 6.79038e+22	1.70e-19	3.93e-12	1.12e-08	2.28e-06	3.81e-03	1.46e-01	8.50e-01	0.00e+00	0.00e+00	0.00e+00	3.93e-12	1.33e-17	3.94e-53
 6.80827e+22	2.09e-19	4.61e-12	1.28e-08	2.51e-06	4.04e-03	1.50e-01	8.46e-01	0.00e+00	0.00e+00	0.00e+00	4.61e-12	1.56e-17	6.07e-53
 6.82848e+22	2.74e-19	5.69e-12	1.51e-08	2.83e-06	4.37e-03	1.56e-01	8.40e-01	0.00e+00	0.00e+00	0.00e+00	5.69e-12	1.93e-17	1.06e-52
 6.84879e+22	3.38e-19	6.70e-12	1.73e-08	3.12e-06	4.65e-03	1.60e-01	8.35e-01	0.00e+00	0.00e+00	0.00e+00	6.70e-12	2.27e-17	1.64e-52
 6.86922e+22	4.45e-19	8.28e-12	2.05e-08	3.53e-06	5.03e-03	1.66e-01	8.29e-01	0.00e+00	0.00e+00	0.00e+00	8.28e-12	2.80e-17	2.88e-52
 6.88988e+22	5.51e-19	9.77e-12	2.34e-08	3.89e-06	5.35e-03	1.70e-01	8.24e-01	0.00e+00	0.00e+00	0.00e+00	9.77e-12	3.31e-17	4.47e-52
 6.91083e+22	7.28e-19	1.21e-11	2.78e-08	4.41e-06	5.80e-03	1.77e-01	8.18e-01	0.00e+00	0.00e+00	0.00e+00	1.21e-11	4.11e-17	7.91e-52
 6.93206e+22	9.05e-19	1.44e-11	3.19e-08	4.87e-06	6.18e-03	1.82e-01	8.12e-01	0.00e+00	0.00e+00	0.00e+00	1.44e-11	4.86e-17	1.24e-51
 6.95363e+22	1.21e-18	1.80e-11	3.83e-08	5.56e-06	6.72e-03	1.88e-01	8.05e-01	0.00e+00	0.00e+00	0.00e+00	1.80e-11	6.10e-17	2.24e-51
 6.97541e+22	1.51e-18	2.13e-11	4.39e-08	6.15e-06	7.16e-03	1.94e-01	7.99e-01	0.00e+00	0.00e+00	0.00e+00	2.13e-11	7.23e-17	3.52e-51
 6.99747e+22	2.04e-18	2.70e-11	5.31e-08	7.06e-06	7.81e-03	2.01e-01	7.91e-01	0.00e+00	0.00e+00	0.00e+00	2.70e-11	9.16e-17	6.47e-51
 7.01962e+22	2.54e-18	3.20e-11	6.09e-08	7.80e-06	8.32e-03	2.07e-01	7.85e-01	0.00e+00	0.00e+00	0.00e+00	3.20e-11	1.09e-16	1.01e-50
 7.04190e+22	3.44e-18	4.06e-11	7.40e-08	8.98e-06	9.09e-03	2.15e-01	7.76e-01	0.00e+00	0.00e+00	0.00e+00	4.06e-11	1.38e-16	1.87e-50
 7.06443e+22	4.33e-18	4.86e-11	8.55e-08	9.97e-06	9.71e-03	2.21e-01	7.69e-01	0.00e+00	0.00e+00	0.00e+00	4.86e-11	1.65e-16	2.98e-50
 7.08728e+22	5.90e-18	6.20e-11	1.04e-07	1.15e-05	1.06e-02	2.30e-01	7.59e-01	0.00e+00	0.00e+00	0.00e+00	6.20e-11	2.11e-16	5.55e-50
 7.11051e+22	7.46e-18	7.45e-11	1.21e-07	1.28e-05	1.14e-02	2.37e-01	7.52e-01	0.00e+00	0.00e+00	0.00e+00	7.45e-11	2.53e-16	8.94e-50
 7.13005e+22	9.35e-18	8.90e-11	1.40e-07	1.42e-05	1.21e-02	2.43e-01	7.45e-01	0.00e+00	0.00e+00	0.00e+00	8.90e-11	3.03e-16	1.40e-49
 7.14846e+22	1.16e-17	1.05e-10	1.60e-07	1.57e-05	1.29e-02	2.50e-01	7.37e-01	0.00e+00	0.00e+00	0.00e+00	1.05e-10	3.58e-16	2.14e-49
 7.16958e+22	1.55e-17	1.33e-10	1.93e-07	1.80e-05	1.41e-02	2.59e-01	7.27e-01	0.00e+00	0.00e+00	0.00e+00	1.33e-10	4.52e-16	3.80e-49
 7.19071e+22	1.91e-17	1.57e-10	2.21e-07	1.99e-05	1.50e-02	2.65e-01	7.20e-01	0.00e+00	0.00e+00	0.00e+00	1.57e-10	5.34e-16	5.79e-49
 7.21187e+22	2.56e-17	1.97e-10	2.67e-07	2.29e-05	1.63e-02	2.75e-01	7.09e-01	0.00e+00	0.00e+00	0.00e+00	1.97e-10	6.73e-16	1.02e-48
 7.23340e+22	3.21e-17	2.37e-10	3.10e-07	2.55e-05	1.74e-02	2.82e-01	7.00e-01	0.00e+00	0.00e+00	0.00e+00	2.37e-10	8.07e-16	1.60e-48
 7.25542e+22	4.35e-17	3.01e-10	3.78e-07	2.94e-05	1.90e-02	2.92e-01	6.89e-01	0.00e+00	0.00e+00	0.00e+00	3.01e-10	1.03e-15	2.86e-48
 7.27786e+22	5.49e-17	3.62e-10	4.41e-07	3.29e-05	2.04e-02	3.00e-01	6.79e-01	5.49e-17	5.70e-22	1.36e-22	3.62e-10	1.24e-15	4.51e-48
 7.30082e+22	7.50e-17	4.64e-10	5.41e-07	3.82e-05	2.23e-02	3.11e-01	6.66e-01	7.50e-17	5.85e-20	8.89e-21	4.64e-10	1.59e-15	8.16e-48
 7.32437e+22	9.64e-17	5.67e-10	6.38e-07	4.31e-05	2.41e-02	3.20e-01	6.55e-01	9.63e-17	7.52e-20	1.14e-20	5.67e-10	1.94e-15	1.31e-47
 7.34870e+22	1.34e-16	7.37e-10	7.94e-07	5.06e-05	2.65e-02	3.33e-01	6.41e-01	1.34e-16	1.05e-19	1.59e-20	7.37e-10	2.52e-15	2.43e-47
 7.37322e+22	1.73e-16	9.02e-10	9.39e-07	5.73e-05	2.86e-02	3.42e-01	6.29e-01	1.73e-16	1.35e-19	2.05e-20	9.02e-10	3.09e-15	3.91e-47
 7.39746e+22	2.38e-16	1.16e-09	1.16e-06	6.71e-05	3.14e-02	3.54e-01	6.14e-01	2.38e-16	1.86e-19	2.83e-20	1.16e-09	3.99e-15	7.03e-47
 7.42193e+22	3.09e-16	1.43e-09	1.38e-06	7.62e-05	3.39e-02	3.64e-01	6.02e-01	3.09e-16	2.42e-19	3.68e-20	1.43e-09	4.90e-15	1.12e-46
 7.44577e+22	4.19e-16	1.81e-09	1.69e-06	8.84e-05	3.71e-02	3.76e-01	5.87e-01	4.19e-16	3.28e-19	4.99e-20	1.81e-09	6.23e-15	1.93e-46
 7.46937e+22	5.40e-16	2.20e-09	2.00e-06	1.00e-04	3.99e-02	3.86e-01	5.74e-01	5.40e-16	4.23e-19	6.43e-20	2.20e-09	7.58e-15	3.00e-46
 7.49024e+22	6.84e-16	2.64e-09	2.33e-06	1.12e-04	4.28e-02	3.95e-01	5.62e-01	6.84e-16	5.36e-19	8.15e-20	2.64e-09	9.10e-15	4.51e-46
 7.51270e+22	9.16e-16	3.29e-09	2.82e-06	1.29e-04	4.65e-02	4.06e-01	5.47e-01	9.15e-16	7.17e-19	1.09e-19	3.29e-09	1.14e-14	7.36e-46
 7.53483e+22	1.15e-15	3.91e-09	3.26e-06	1.44e-04	4.96e-02	4.15e-01	5.36e-01	1.15e-15	9.02e-19	1.37e-19	3.91e-09	1.35e-14	1.08e-45
 7.55723e+22	1.55e-15	4.86e-09	3.94e-06	1.66e-04	5.39e-02	4.26e-01	5.20e-01	1.55e-15	1.22e-18	1.86e-19	4.86e-09	1.68e-14	1.74e-45
 7.57960e+22	1.96e-15	5.73e-09	4.54e-06	1.85e-04	5.74e-02	4.34e-01	5.08e-01	1.95e-15	1.53e-18	2.34e-19	5.73e-09	1.98e-14	2.50e-45
 7.60202e+22	2.66e-15	7.08e-09	5.47e-06	2.13e-04	6.22e-02	4.45e-01	4.93e-01	2.65e-15	2.08e-18	3.18e-19	7.08e-09	2.45e-14	3.97e-45
 7.62447e+22	3.35e-15	8.29e-09	6.28e-06	2.37e-04	6.61e-02	4.53e-01	4.81e-01	3.35e-15	2.63e-18	4.01e-19	8.29e-09	2.88e-14	5.63e-45
 7.64696e+22	4.59e-15	1.02e-08	7.52e-06	2.71e-04	7.15e-02	4.63e-01	4.65e-01	4.59e-15	3.61e-18	5.51e-19	1.02e-08	3.54e-14	8.80e-45
 7.66955e+22	5.86e-15	1.19e-08	8.61e-06	3.01e-04	7.58e-02	4.71e-01	4.53e-01	5.86e-15	4.61e-18	7.03e-19	1.19e-08	4.13e-14	1.24e-44
 7.69228e+22	8.20e-15	1.45e-08	1.03e-05	3.44e-04	8.18e-02	4.80e-01	4.38e-01	8.19e-15	6.45e-18	9.85e-19	1.45e-08	5.05e-14	1.92e-44
 7.71518e+22	1.07e-14	1.68e-08	1.17e-05	3.80e-04	8.66e-02	4.87e-01	4.26e-01	1.07e-14	8.43e-18	1.29e-18	1.68e-08	5.87e-14	2.71e-44
 7.73830e+22	1.55e-14	2.04e-08	1.40e-05	4.34e-04	9.33e-02	4.96e-01	4.10e-01	1.55e-14	1.22e-17	1.87e-18	2.04e-08	7.14e-14	4.21e-44
 7.76173e+22	2.10e-14	2.37e-08	1.59e-05	4.81e-04	9.88e-02	5.03e-01	3.98e-01	2.10e-14	1.66e-17	2.53e-18	2.37e-08	8.30e-14	5.99e-44
 7.78556e+22	3.21e-14	2.87e-08	1.90e-05	5.49e-04	1.06e-01	5.11e-01	3.82e-01	3.20e-14	2.53e-17	3.87e-18	2.87e-08	1.01e-13	9.49e-44
 7.80977e+22	4.54e-14	3.32e-08	2.16e-05	6.08e-04	1.12e-01	5.17e-01	3.70e-01	4.54e-14	3.58e-17	5.49e-18	3.32e-08	1.17e-13	1.38e-43
 7.83448e+22	7.23e-14	4.02e-08	2.57e-05	6.95e-04	1.21e-01	5.24e-01	3.54e-01	7.22e-14	5.71e-17	8.75e-18	4.02e-08	1.42e-13	2.25e-43
 7.85973e+22	1.05e-13	4.66e-08	2.94e-05	7.69e-04	1.28e-01	5.29e-01	3.42e-01	1.05e-13	8.27e-17	1.27e-17	4.66e-08	1.65e-13	3.39e-43
 7.88569e+22	1.64e-13	5.64e-08	3.50e-05	8.81e-04	1.37e-01	5.36e-01	3.26e-01	1.63e-13	1.29e-16	1.99e-17	5.64e-08	2.00e-13	5.62e-43
 7.91183e+22	2.25e-13	6.52e-08	4.00e-05	9.74e-04	1.45e-01	5.40e-01	3.14e-01	2.24e-13	1.78e-16	2.73e-17	6.52e-08	2.32e-13	8.32e-43
 7.93405e+22	2.93e-13	7.45e-08	4.52e-05	1.07e-03	1.52e-01	5.44e-01	3.03e-01	2.93e-13	2.32e-16	3.57e-17	7.45e-08	2.66e-13	1.17e-42
 7.95876e+22	4.05e-13	8.84e-08	5.28e-05	1.21e-03	1.62e-01	5.48e-01	2.89e-01	4.05e-13	3.22e-16	4.94e-17	8.84e-08	3.16e-13	1.81e-42
 7.98240e+22	4.94e-13	9.93e-08	5.88e-05	1.31e-03	1.69e-01	5.50e-01	2.79e-01	4.94e-13	3.93e-16	6.04e-17	9.93e-08	3.56e-13	2.42e-42
 8.00465e+22	6.34e-13	1.15e-07	6.74e-05	1.46e-03	1.79e-01	5.53e-01	2.67e-01	6.33e-13	5.04e-16	7.76e-17	1.15e-07	4.14e-13	3.49e-42
 8.02722e+22	7.61e-13	1.29e-07	7.50e-05	1.58e-03	1.87e-01	5.54e-01	2.58e-01	7.60e-13	6.06e-16	9.33e-17	1.29e-07	4.66e-13	4.62e-42
 8.05019e+22	9.54e-13	1.50e-07	8.61e-05	1.76e-03	1.97e-01	5.56e-01	2.45e-01	9.53e-13	7.61e-16	1.17e-16	1.50e-07	5.42e-13	6.55e-42
 8.07331e+22	1.13e-12	1.68e-07	9.55e-05	1.91e-03	2.05e-01	5.56e-01	2.37e-01	1.12e-12	8.99e-16	1.39e-16	1.68e-07	6.08e-13	8.64e-42
 8.09661e+22	1.39e-12	1.94e-07	1.09e-04	2.12e-03	2.16e-01	5.57e-01	2.25e-01	1.38e-12	1.11e-15	1.71e-16	1.94e-07	7.06e-13	1.21e-41
 8.12021e+22	1.62e-12	2.17e-07	1.21e-04	2.30e-03	2.25e-01	5.57e-01	2.16e-01	1.62e-12	1.30e-15	2.00e-16	2.17e-07	7.93e-13	1.60e-41
 8.14420e+22	1.97e-12	2.51e-07	1.39e-04	2.55e-03	2.37e-01	5.56e-01	2.05e-01	1.97e-12	1.58e-15	2.44e-16	2.51e-07	9.19e-13	2.23e-41
 8.16856e+22	2.29e-12	2.81e-07	1.54e-04	2.76e-03	2.46e-01	5.55e-01	1.96e-01	2.29e-12	1.84e-15	2.84e-16	2.81e-07	1.03e-12	2.94e-41
 8.19340e+22	2.76e-12	3.25e-07	1.77e-04	3.07e-03	2.59e-01	5.53e-01	1.85e-01	2.76e-12	2.22e-15	3.44e-16	3.25e-07	1.20e-12	4.12e-41
 8.21869e+22	3.20e-12	3.65e-07	1.96e-04	3.33e-03	2.69e-01	5.51e-01	1.77e-01	3.20e-12	2.58e-15	3.99e-16	3.65e-07	1.35e-12	5.47e-41
 8.24456e+22	3.84e-12	4.21e-07	2.25e-04	3.70e-03	2.82e-01	5.47e-01	1.67e-01	3.84e-12	3.10e-15	4.80e-16	4.21e-07	1.57e-12	7.68e-41
 8.27096e+22	4.44e-12	4.74e-07	2.50e-04	4.01e-03	2.93e-01	5.44e-01	1.59e-01	4.44e-12	3.59e-15	5.57e-16	4.74e-07	1.77e-12	1.03e-40
 8.29804e+22	5.30e-12	5.48e-07	2.88e-04	4.48e-03	3.08e-01	5.39e-01	1.49e-01	5.30e-12	4.30e-15	6.67e-16	5.48e-07	2.06e-12	1.46e-40
 8.32525e+22	6.09e-12	6.15e-07	3.20e-04	4.85e-03	3.19e-01	5.35e-01	1.41e-01	6.09e-12	4.94e-15	7.69e-16	6.15e-07	2.32e-12	1.95e-40
 8.35261e+22	7.23e-12	7.10e-07	3.66e-04	5.39e-03	3.34e-01	5.28e-01	1.32e-01	7.22e-12	5.88e-15	9.16e-16	7.10e-07	2.70e-12	2.77e-40
 8.38038e+22	8.31e-12	7.97e-07	4.07e-04	5.83e-03	3.46e-01	5.23e-01	1.25e-01	8.30e-12	6.77e-15	1.06e-15	7.97e-07	3.05e-12	3.75e-40
 8.40456e+22	9.41e-12	8.87e-07	4.50e-04	6.30e-03	3.57e-01	5.18e-01	1.18e-01	9.40e-12	7.68e-15	1.20e-15	8.87e-07	3.41e-12	4.90e-40
 8.43191e+22	1.11e-11	1.02e-06	5.13e-04	6.97e-03	3.73e-01	5.10e-01	1.10e-01	1.10e-11	9.05e-15	1.41e-15	1.02e-06	3.94e-12	6.96e-40
 8.45945e+22	1.25e-11	1.14e-06	5.66e-04	7.51e-03	3.84e-01	5.03e-01	1.04e-01	1.25e-11	1.03e-14	1.61e-15	1.14e-06	4.42e-12	9.30e-40
 8.48230e+22	1.40e-11	1.25e-06	6.18e-04	8.03e-03	3.95e-01	4.97e-01	9.89e-02	1.40e-11	1.15e-14	1.80e-15	1.25e-06	4.88e-12	1.19e-39
 8.50704e+22	1.61e-11	1.41e-06	6.91e-04	8.74e-03	4.09e-01	4.89e-01	9.26e-02	1.61e-11	1.33e-14	2.08e-15	1.41e-06	5.54e-12	1.65e-39
 8.53194e+22	1.80e-11	1.55e-06	7.54e-04	9.33e-03	4.19e-01	4.83e-01	8.79e-02	1.80e-11	1.48e-14	2.33e-15	1.55e-06	6.14e-12	2.15e-39
 8.55705e+22	2.06e-11	1.74e-06	8.42e-04	1.02e-02	4.33e-01	4.74e-01	8.20e-02	2.05e-11	1.70e-14	2.68e-15	1.74e-06	6.96e-12	2.96e-39
 8.58235e+22	2.29e-11	1.92e-06	9.18e-04	1.08e-02	4.44e-01	4.67e-01	7.77e-02	2.29e-11	1.91e-14	3.00e-15	1.92e-06	7.71e-12	3.88e-39
 8.60789e+22	2.62e-11	2.16e-06	1.02e-03	1.18e-02	4.58e-01	4.57e-01	7.23e-02	2.62e-11	2.19e-14	3.44e-15	2.16e-06	8.74e-12	5.39e-39
 8.63403e+22	2.94e-11	2.39e-06	1.12e-03	1.26e-02	4.69e-01	4.49e-01	6.82e-02	2.94e-11	2.46e-14	3.88e-15	2.39e-06	9.73e-12	7.19e-39
 8.66094e+22	3.37e-11	2.69e-06	1.25e-03	1.37e-02	4.83e-01	4.39e-01	6.31e-02	3.37e-11	2.83e-14	4.47e-15	2.69e-06	1.11e-11	1.02e-38
