#depth	He	He+	He+2
 1.54284e+22	7.40e-08	2.89e-03	9.97e-01
 3.48776e+22	1.37e-07	3.95e-03	9.96e-01
 4.09089e+22	1.84e-07	4.57e-03	9.95e-01
 4.39504e+22	2.13e-07	4.93e-03	9.95e-01
 4.55286e+22	2.31e-07	5.13e-03	9.95e-01
 4.67873e+22	2.55e-07	5.39e-03	9.95e-01
 4.81126e+22	2.79e-07	5.62e-03	9.94e-01
 4.95247e+22	3.11e-07	5.94e-03	9.94e-01
 5.09757e+22	3.41e-07	6.22e-03	9.94e-01
 5.22796e+22	3.73e-07	6.50e-03	9.93e-01
 5.37769e+22	4.20e-07	6.89e-03	9.93e-01
 5.53060e+22	4.61e-07	7.22e-03	9.93e-01
 5.68765e+22	5.18e-07	7.65e-03	9.92e-01
 5.84836e+22	5.72e-07	8.03e-03	9.92e-01
 5.99114e+22	6.29e-07	8.42e-03	9.92e-01
 6.15405e+22	7.12e-07	8.95e-03	9.91e-01
 6.31957e+22	7.86e-07	9.40e-03	9.91e-01
 6.46241e+22	8.59e-07	9.82e-03	9.90e-01
 6.62200e+22	9.69e-07	1.04e-02	9.90e-01
 6.78528e+22	1.07e-06	1.09e-02	9.89e-01
 6.95334e+22	1.20e-06	1.16e-02	9.88e-01
 7.11299e+22	1.31e-06	1.21e-02	9.88e-01
 7.26171e+22	1.46e-06	1.28e-02	9.87e-01
 7.41262e+22	1.59e-06	1.33e-02	9.87e-01
 7.56638e+22	1.77e-06	1.40e-02	9.86e-01
 7.72600e+22	1.95e-06	1.47e-02	9.85e-01
 7.86890e+22	2.13e-06	1.54e-02	9.85e-01
 8.03031e+22	2.38e-06	1.63e-02	9.84e-01
 8.19840e+22	2.64e-06	1.71e-02	9.83e-01
 8.34926e+22	2.89e-06	1.79e-02	9.82e-01
 8.51946e+22	3.24e-06	1.89e-02	9.81e-01
 8.69563e+22	3.60e-06	2.00e-02	9.80e-01
 8.85284e+22	3.96e-06	2.09e-02	9.79e-01
 9.03048e+22	4.47e-06	2.22e-02	9.78e-01
 9.21520e+22	4.99e-06	2.34e-02	9.77e-01
 9.38119e+22	5.51e-06	2.46e-02	9.75e-01
 9.56900e+22	6.24e-06	2.62e-02	9.74e-01
 9.76428e+22	6.99e-06	2.77e-02	9.72e-01
 9.93918e+22	7.77e-06	2.91e-02	9.71e-01
 1.01365e+23	8.88e-06	3.11e-02	9.69e-01
 1.03384e+23	9.95e-06	3.29e-02	9.67e-01
 1.05187e+23	1.11e-05	3.47e-02	9.65e-01
 1.07256e+23	1.28e-05	3.72e-02	9.63e-01
 1.09348e+23	1.43e-05	3.93e-02	9.61e-01
 1.11468e+23	1.64e-05	4.21e-02	9.58e-01
 1.13635e+23	1.85e-05	4.46e-02	9.55e-01
 1.15568e+23	2.08e-05	4.72e-02	9.53e-01
 1.17784e+23	2.41e-05	5.07e-02	9.49e-01
 1.20037e+23	2.72e-05	5.37e-02	9.46e-01
 1.22338e+23	3.17e-05	5.79e-02	9.42e-01
 1.24663e+23	3.58e-05	6.14e-02	9.39e-01
 1.26685e+23	4.02e-05	6.50e-02	9.35e-01
 1.28577e+23	4.47e-05	6.83e-02	9.32e-01
 1.30633e+23	5.10e-05	7.28e-02	9.27e-01
 1.32705e+23	5.68e-05	7.67e-02	9.23e-01
 1.34507e+23	6.30e-05	8.06e-02	9.19e-01
 1.36561e+23	7.18e-05	8.58e-02	9.14e-01
 1.38661e+23	8.02e-05	9.04e-02	9.10e-01
 1.40821e+23	9.17e-05	9.64e-02	9.04e-01
 1.43003e+23	1.02e-04	1.02e-01	8.98e-01
 1.44927e+23	1.14e-04	1.07e-01	8.93e-01
 1.47139e+23	1.31e-04	1.14e-01	8.86e-01
 1.49184e+23	1.43e-04	1.19e-01	8.81e-01
 1.51011e+23	1.60e-04	1.25e-01	8.75e-01
 1.52890e+23	1.76e-04	1.31e-01	8.69e-01
 1.54568e+23	1.92e-04	1.36e-01	8.63e-01
 1.56482e+23	2.15e-04	1.44e-01	8.56e-01
 1.58426e+23	2.36e-04	1.50e-01	8.50e-01
 1.60144e+23	2.58e-04	1.56e-01	8.43e-01
 1.62108e+23	2.89e-04	1.65e-01	8.35e-01
 1.64094e+23	3.17e-04	1.72e-01	8.28e-01
 1.65837e+23	3.48e-04	1.79e-01	8.20e-01
 1.67832e+23	3.89e-04	1.88e-01	8.11e-01
 1.69862e+23	4.27e-04	1.97e-01	8.03e-01
 1.71663e+23	4.68e-04	2.05e-01	7.95e-01
 1.73732e+23	5.25e-04	2.15e-01	7.84e-01
 1.75834e+23	5.77e-04	2.24e-01	7.75e-01
 1.77979e+23	6.48e-04	2.36e-01	7.63e-01
 1.80151e+23	7.14e-04	2.46e-01	7.53e-01
 1.82358e+23	8.03e-04	2.59e-01	7.40e-01
 1.84607e+23	8.85e-04	2.70e-01	7.29e-01
 1.86910e+23	9.98e-04	2.84e-01	7.15e-01
 1.89257e+23	1.10e-03	2.96e-01	7.02e-01
 1.91662e+23	1.25e-03	3.12e-01	6.87e-01
 1.94099e+23	1.38e-03	3.25e-01	6.73e-01
 1.95944e+23	1.48e-03	3.35e-01	6.64e-01
 1.97706e+23	1.61e-03	3.47e-01	6.51e-01
 1.99509e+23	1.74e-03	3.58e-01	6.41e-01
 2.01365e+23	1.89e-03	3.71e-01	6.28e-01
 2.03263e+23	2.04e-03	3.82e-01	6.16e-01
 2.05218e+23	2.25e-03	3.97e-01	6.01e-01
 2.07165e+23	2.42e-03	4.09e-01	5.89e-01
 2.09101e+23	2.65e-03	4.24e-01	5.74e-01
 2.11087e+23	2.86e-03	4.37e-01	5.60e-01
 2.13137e+23	3.14e-03	4.53e-01	5.44e-01
 2.15220e+23	3.40e-03	4.67e-01	5.29e-01
 2.17345e+23	3.75e-03	4.85e-01	5.11e-01
 2.19504e+23	4.07e-03	5.00e-01	4.96e-01
 2.21705e+23	4.50e-03	5.20e-01	4.76e-01
 2.23927e+23	4.88e-03	5.36e-01	4.59e-01
 2.26178e+23	5.40e-03	5.56e-01	4.38e-01
 2.28445e+23	5.86e-03	5.73e-01	4.21e-01
 2.30732e+23	6.50e-03	5.94e-01	3.99e-01
 2.33020e+23	7.06e-03	6.12e-01	3.80e-01
 2.35310e+23	7.85e-03	6.34e-01	3.58e-01
 2.37599e+23	8.52e-03	6.53e-01	3.39e-01
 2.39887e+23	9.49e-03	6.75e-01	3.16e-01
 2.42167e+23	1.03e-02	6.93e-01	2.97e-01
 2.44438e+23	1.15e-02	7.15e-01	2.74e-01
 2.46695e+23	1.25e-02	7.33e-01	2.55e-01
 2.48936e+23	1.39e-02	7.54e-01	2.32e-01
 2.51175e+23	1.52e-02	7.71e-01	2.14e-01
 2.53411e+23	1.69e-02	7.90e-01	1.93e-01
 2.55654e+23	1.85e-02	8.06e-01	1.75e-01
 2.57908e+23	2.07e-02	8.23e-01	1.57e-01
 2.60175e+23	2.27e-02	8.37e-01	1.40e-01
 2.62142e+23	2.49e-02	8.49e-01	1.26e-01
 2.64381e+23	2.78e-02	8.61e-01	1.11e-01
 2.66663e+23	3.09e-02	8.71e-01	9.80e-02
 2.68401e+23	3.34e-02	8.78e-01	8.91e-02
 2.70060e+23	3.65e-02	8.83e-01	8.03e-02
 2.71848e+23	4.00e-02	8.88e-01	7.23e-02
 2.73503e+23	4.38e-02	8.91e-01	6.54e-02
 2.75077e+23	4.80e-02	8.93e-01	5.94e-02
 2.76566e+23	5.27e-02	8.93e-01	5.43e-02
 2.77956e+23	5.77e-02	8.92e-01	5.00e-02
 2.79256e+23	6.33e-02	8.90e-01	4.62e-02
 2.80461e+23	6.94e-02	8.87e-01	4.32e-02
 2.81573e+23	7.60e-02	8.83e-01	4.05e-02
 2.82587e+23	8.32e-02	8.78e-01	3.84e-02
 2.83482e+23	9.06e-02	8.73e-01	3.67e-02
 2.84280e+23	9.85e-02	8.66e-01	3.53e-02
 2.85004e+23	1.07e-01	8.59e-01	3.42e-02
 2.85658e+23	1.15e-01	8.51e-01	3.34e-02
 2.86267e+23	1.24e-01	8.43e-01	3.27e-02
 2.86844e+23	1.34e-01	8.34e-01	3.22e-02
 2.87375e+23	1.44e-01	8.24e-01	3.18e-02
 2.87867e+23	1.54e-01	8.15e-01	3.16e-02
 2.88311e+23	1.64e-01	8.05e-01	3.16e-02
 2.88694e+23	1.73e-01	7.96e-01	3.16e-02
 2.89028e+23	1.81e-01	7.87e-01	3.17e-02
 2.89305e+23	1.89e-01	7.79e-01	3.18e-02
 2.89539e+23	1.95e-01	7.73e-01	3.19e-02
 2.89793e+23	2.03e-01	7.65e-01	3.20e-02
 2.90084e+23	2.13e-01	7.55e-01	3.21e-02
 2.90379e+23	2.22e-01	7.45e-01	3.22e-02
 2.90652e+23	2.32e-01	7.36e-01	3.24e-02
 2.90862e+23	2.38e-01	7.29e-01	3.26e-02
 2.91007e+23	2.44e-01	7.24e-01	3.26e-02
 2.91152e+23	2.49e-01	7.18e-01	3.27e-02
 2.91324e+23	2.56e-01	7.11e-01	3.26e-02
 2.91513e+23	2.64e-01	7.03e-01	3.26e-02
 2.91695e+23	2.71e-01	6.96e-01	3.27e-02
 2.91874e+23	2.79e-01	6.88e-01	3.26e-02
 2.92058e+23	2.87e-01	6.80e-01	3.26e-02
 2.92252e+23	2.96e-01	6.72e-01	3.25e-02
 2.92454e+23	3.05e-01	6.62e-01	3.24e-02
 2.92653e+23	3.14e-01	6.53e-01	3.23e-02
 2.92853e+23	3.24e-01	6.44e-01	3.22e-02
 2.93066e+23	3.34e-01	6.34e-01	3.20e-02
 2.93289e+23	3.45e-01	6.23e-01	3.17e-02
 2.93510e+23	3.56e-01	6.12e-01	3.15e-02
 2.93734e+23	3.68e-01	6.01e-01	3.12e-02
 2.93970e+23	3.80e-01	5.89e-01	3.09e-02
 2.94216e+23	3.93e-01	5.76e-01	3.05e-02
 2.94466e+23	4.06e-01	5.64e-01	3.02e-02
 2.94721e+23	4.20e-01	5.51e-01	2.97e-02
 2.94987e+23	4.34e-01	5.37e-01	2.92e-02
 2.95263e+23	4.48e-01	5.23e-01	2.87e-02
 2.95547e+23	4.63e-01	5.08e-01	2.81e-02
 2.95842e+23	4.79e-01	4.93e-01	2.75e-02
 2.96146e+23	4.95e-01	4.78e-01	2.68e-02
 2.96460e+23	5.11e-01	4.63e-01	2.61e-02
 2.96789e+23	5.28e-01	4.47e-01	2.53e-02
 2.97129e+23	5.45e-01	4.31e-01	2.45e-02
 2.97475e+23	5.61e-01	4.15e-01	2.37e-02
 2.97829e+23	5.78e-01	4.00e-01	2.29e-02
 2.98195e+23	5.94e-01	3.84e-01	2.19e-02
 2.98584e+23	6.11e-01	3.68e-01	2.10e-02
 2.98991e+23	6.27e-01	3.53e-01	2.00e-02
 2.99401e+23	6.43e-01	3.38e-01	1.91e-02
 2.99830e+23	6.58e-01	3.24e-01	1.81e-02
 3.00294e+23	6.73e-01	3.10e-01	1.71e-02
 3.00778e+23	6.88e-01	2.96e-01	1.62e-02
 3.01281e+23	7.02e-01	2.83e-01	1.52e-02
 3.01818e+23	7.15e-01	2.70e-01	1.42e-02
 3.02392e+23	7.29e-01	2.58e-01	1.33e-02
 3.02998e+23	7.41e-01	2.47e-01	1.24e-02
 3.03619e+23	7.53e-01	2.36e-01	1.15e-02
 3.04221e+23	7.62e-01	2.27e-01	1.07e-02
 3.04799e+23	7.71e-01	2.19e-01	1.00e-02
 3.05367e+23	7.79e-01	2.11e-01	9.41e-03
 3.05927e+23	7.87e-01	2.04e-01	8.84e-03
 3.06475e+23	7.94e-01	1.98e-01	8.31e-03
 3.07002e+23	8.00e-01	1.92e-01	7.84e-03
 3.07504e+23	8.06e-01	1.87e-01	7.40e-03
 3.07974e+23	8.11e-01	1.82e-01	7.03e-03
 3.08383e+23	8.15e-01	1.78e-01	6.73e-03
