#depth	Ne	Ne+	Ne+2	Ne+3	Ne+4	Ne+5	Ne+6	Ne+7	Ne+8	Ne+9	Ne+10
 1.54284e+22	8.60e-15	9.83e-10	3.50e-06	7.29e-04	3.32e-02	2.28e-01	2.80e-01	1.90e-01	2.43e-01	2.41e-02	6.51e-04
 3.48776e+22	2.27e-14	2.82e-09	9.70e-06	1.68e-03	5.91e-02	3.11e-01	2.89e-01	1.67e-01	1.61e-01	1.18e-02	2.35e-04
 4.09089e+22	4.05e-14	4.92e-09	1.59e-05	2.48e-03	7.60e-02	3.49e-01	2.84e-01	1.51e-01	1.29e-01	8.13e-03	1.40e-04
 4.39504e+22	5.56e-14	6.59e-09	2.05e-05	3.00e-03	8.58e-02	3.68e-01	2.79e-01	1.42e-01	1.14e-01	6.69e-03	1.07e-04
 4.55286e+22	6.60e-14	7.70e-09	2.34e-05	3.31e-03	9.13e-02	3.78e-01	2.76e-01	1.38e-01	1.07e-01	6.02e-03	9.30e-05
 4.67873e+22	8.26e-14	9.40e-09	2.78e-05	3.76e-03	9.87e-02	3.90e-01	2.72e-01	1.32e-01	9.82e-02	5.26e-03	7.73e-05
 4.81126e+22	1.01e-13	1.12e-08	3.21e-05	4.18e-03	1.05e-01	4.00e-01	2.68e-01	1.26e-01	9.10e-02	4.67e-03	6.58e-05
 4.95247e+22	1.29e-13	1.39e-08	3.85e-05	4.78e-03	1.14e-01	4.12e-01	2.63e-01	1.20e-01	8.24e-02	4.01e-03	5.36e-05
 5.09757e+22	1.61e-13	1.68e-08	4.50e-05	5.35e-03	1.22e-01	4.22e-01	2.57e-01	1.14e-01	7.56e-02	3.51e-03	4.48e-05
 5.22796e+22	2.00e-13	2.02e-08	5.22e-05	5.95e-03	1.30e-01	4.31e-01	2.52e-01	1.09e-01	6.95e-02	3.09e-03	3.77e-05
 5.37769e+22	2.64e-13	2.57e-08	6.33e-05	6.83e-03	1.41e-01	4.42e-01	2.44e-01	1.02e-01	6.20e-02	2.60e-03	3.00e-05
 5.53060e+22	3.32e-13	3.11e-08	7.38e-05	7.62e-03	1.50e-01	4.50e-01	2.38e-01	9.61e-02	5.65e-02	2.26e-03	2.49e-05
 5.68765e+22	4.43e-13	3.95e-08	8.91e-05	8.70e-03	1.62e-01	4.58e-01	2.29e-01	8.94e-02	5.02e-02	1.90e-03	1.97e-05
 5.84836e+22	5.65e-13	4.84e-08	1.05e-04	9.72e-03	1.72e-01	4.65e-01	2.22e-01	8.39e-02	4.53e-02	1.63e-03	1.61e-05
 5.99114e+22	7.15e-13	5.88e-08	1.22e-04	1.08e-02	1.82e-01	4.71e-01	2.15e-01	7.88e-02	4.10e-02	1.41e-03	1.33e-05
 6.15405e+22	9.71e-13	7.55e-08	1.48e-04	1.23e-02	1.96e-01	4.77e-01	2.05e-01	7.25e-02	3.59e-02	1.16e-03	1.03e-05
 6.31957e+22	1.24e-12	9.22e-08	1.73e-04	1.37e-02	2.07e-01	4.81e-01	1.97e-01	6.76e-02	3.23e-02	9.90e-04	8.38e-06
 6.46241e+22	1.55e-12	1.10e-07	1.98e-04	1.51e-02	2.18e-01	4.84e-01	1.90e-01	6.34e-02	2.92e-02	8.58e-04	6.95e-06
 6.62200e+22	2.08e-12	1.40e-07	2.39e-04	1.70e-02	2.32e-01	4.86e-01	1.80e-01	5.80e-02	2.55e-02	7.06e-04	5.39e-06
 6.78528e+22	2.64e-12	1.70e-07	2.76e-04	1.88e-02	2.44e-01	4.87e-01	1.73e-01	5.39e-02	2.29e-02	6.03e-04	4.39e-06
 6.95334e+22	3.55e-12	2.16e-07	3.31e-04	2.12e-02	2.58e-01	4.88e-01	1.63e-01	4.90e-02	1.99e-02	4.94e-04	3.39e-06
 7.11299e+22	4.38e-12	2.55e-07	3.76e-04	2.30e-02	2.69e-01	4.87e-01	1.56e-01	4.58e-02	1.80e-02	4.28e-04	2.81e-06
 7.26171e+22	5.73e-12	3.16e-07	4.42e-04	2.56e-02	2.83e-01	4.85e-01	1.48e-01	4.19e-02	1.58e-02	3.56e-04	2.21e-06
 7.41262e+22	7.09e-12	3.75e-07	5.01e-04	2.77e-02	2.94e-01	4.83e-01	1.41e-01	3.90e-02	1.42e-02	3.06e-04	1.83e-06
 7.56638e+22	9.22e-12	4.62e-07	5.86e-04	3.07e-02	3.08e-01	4.80e-01	1.33e-01	3.56e-02	1.25e-02	2.55e-04	1.44e-06
 7.72600e+22	1.17e-11	5.57e-07	6.73e-04	3.35e-02	3.20e-01	4.76e-01	1.26e-01	3.28e-02	1.11e-02	2.15e-04	1.16e-06
 7.86890e+22	1.45e-11	6.61e-07	7.65e-04	3.63e-02	3.31e-01	4.71e-01	1.20e-01	3.03e-02	9.88e-03	1.84e-04	9.47e-07
 8.03031e+22	1.90e-11	8.17e-07	8.95e-04	4.01e-02	3.46e-01	4.65e-01	1.12e-01	2.74e-02	8.58e-03	1.51e-04	7.35e-07
 8.19840e+22	2.43e-11	9.93e-07	1.03e-03	4.38e-02	3.59e-01	4.59e-01	1.05e-01	2.50e-02	7.52e-03	1.26e-04	5.81e-07
 8.34926e+22	3.03e-11	1.18e-06	1.17e-03	4.74e-02	3.70e-01	4.52e-01	9.90e-02	2.30e-02	6.67e-03	1.06e-04	4.69e-07
 8.51946e+22	3.99e-11	1.47e-06	1.38e-03	5.23e-02	3.85e-01	4.43e-01	9.18e-02	2.06e-02	5.72e-03	8.60e-05	3.58e-07
 8.69563e+22	5.14e-11	1.79e-06	1.59e-03	5.71e-02	3.98e-01	4.35e-01	8.55e-02	1.87e-02	4.97e-03	7.08e-05	2.80e-07
 8.85284e+22	6.44e-11	2.13e-06	1.81e-03	6.16e-02	4.09e-01	4.26e-01	8.00e-02	1.70e-02	4.37e-03	5.93e-05	2.23e-07
 9.03048e+22	8.53e-11	2.66e-06	2.12e-03	6.78e-02	4.23e-01	4.15e-01	7.35e-02	1.51e-02	3.72e-03	4.74e-05	1.68e-07
 9.21520e+22	1.11e-10	3.25e-06	2.45e-03	7.39e-02	4.35e-01	4.04e-01	6.78e-02	1.36e-02	3.19e-03	3.84e-05	1.29e-07
 9.38119e+22	1.39e-10	3.89e-06	2.79e-03	7.97e-02	4.46e-01	3.93e-01	6.30e-02	1.23e-02	2.78e-03	3.18e-05	0.00e+00
 9.56900e+22	1.87e-10	4.88e-06	3.28e-03	8.76e-02	4.59e-01	3.80e-01	5.72e-02	1.08e-02	2.33e-03	2.50e-05	0.00e+00
 9.76428e+22	2.43e-10	5.98e-06	3.79e-03	9.52e-02	4.70e-01	3.67e-01	5.23e-02	9.61e-03	1.98e-03	2.00e-05	0.00e+00
 9.93918e+22	3.09e-10	7.20e-06	4.33e-03	1.03e-01	4.80e-01	3.55e-01	4.81e-02	8.61e-03	1.70e-03	1.63e-05	0.00e+00
 1.01365e+23	4.20e-10	9.11e-06	5.11e-03	1.13e-01	4.91e-01	3.39e-01	4.31e-02	7.47e-03	1.40e-03	1.25e-05	0.00e+00
 1.03384e+23	5.44e-10	1.11e-05	5.88e-03	1.22e-01	5.00e-01	3.26e-01	3.91e-02	6.61e-03	1.18e-03	9.92e-06	0.00e+00
 1.05187e+23	6.93e-10	1.34e-05	6.70e-03	1.31e-01	5.07e-01	3.13e-01	3.56e-02	5.88e-03	1.00e-03	7.99e-06	0.00e+00
 1.07256e+23	9.54e-10	1.71e-05	7.95e-03	1.44e-01	5.16e-01	2.95e-01	3.14e-02	5.03e-03	8.11e-04	5.98e-06	0.00e+00
 1.09348e+23	1.23e-09	2.07e-05	9.10e-03	1.54e-01	5.22e-01	2.81e-01	2.83e-02	4.43e-03	6.80e-04	4.72e-06	0.00e+00
 1.11468e+23	1.68e-09	2.63e-05	1.07e-02	1.68e-01	5.27e-01	2.65e-01	2.49e-02	3.78e-03	5.47e-04	3.53e-06	0.00e+00
 1.13635e+23	2.18e-09	3.21e-05	1.23e-02	1.80e-01	5.31e-01	2.50e-01	2.22e-02	3.29e-03	4.53e-04	2.74e-06	0.00e+00
 1.15568e+23	2.82e-09	3.89e-05	1.41e-02	1.93e-01	5.33e-01	2.36e-01	1.98e-02	2.87e-03	3.76e-04	2.14e-06	0.00e+00
 1.17784e+23	3.88e-09	4.96e-05	1.66e-02	2.09e-01	5.35e-01	2.19e-01	1.72e-02	2.42e-03	2.96e-04	1.56e-06	0.00e+00
 1.20037e+23	5.04e-09	6.03e-05	1.90e-02	2.24e-01	5.34e-01	2.06e-01	1.52e-02	2.09e-03	2.43e-04	1.19e-06	0.00e+00
 1.22338e+23	7.02e-09	7.73e-05	2.24e-02	2.42e-01	5.32e-01	1.89e-01	1.29e-02	1.73e-03	1.88e-04	8.50e-07	0.00e+00
 1.24663e+23	9.09e-09	9.39e-05	2.56e-02	2.57e-01	5.29e-01	1.75e-01	1.14e-02	1.49e-03	1.53e-04	6.47e-07	0.00e+00
 1.26685e+23	1.17e-08	1.13e-04	2.89e-02	2.72e-01	5.24e-01	1.63e-01	1.00e-02	1.28e-03	1.25e-04	4.96e-07	0.00e+00
 1.28577e+23	1.46e-08	1.33e-04	3.23e-02	2.86e-01	5.19e-01	1.53e-01	8.90e-03	1.12e-03	1.04e-04	3.89e-07	0.00e+00
 1.30633e+23	1.93e-08	1.64e-04	3.71e-02	3.03e-01	5.11e-01	1.40e-01	7.66e-03	9.44e-04	8.23e-05	2.86e-07	0.00e+00
 1.32705e+23	2.41e-08	1.94e-04	4.14e-02	3.17e-01	5.04e-01	1.30e-01	6.76e-03	8.19e-04	6.78e-05	2.22e-07	0.00e+00
 1.34507e+23	2.99e-08	2.27e-04	4.59e-02	3.31e-01	4.95e-01	1.21e-01	5.99e-03	7.13e-04	5.62e-05	1.73e-07	0.00e+00
 1.36561e+23	3.92e-08	2.77e-04	5.22e-02	3.48e-01	4.84e-01	1.10e-01	5.11e-03	5.96e-04	4.41e-05	1.26e-07	0.00e+00
 1.38661e+23	4.91e-08	3.27e-04	5.82e-02	3.63e-01	4.73e-01	1.01e-01	4.46e-03	5.11e-04	3.58e-05	0.00e+00	0.00e+00
 1.40821e+23	6.47e-08	4.00e-04	6.62e-02	3.80e-01	4.58e-01	9.08e-02	3.77e-03	4.22e-04	2.77e-05	0.00e+00	0.00e+00
 1.43003e+23	8.09e-08	4.71e-04	7.35e-02	3.94e-01	4.45e-01	8.29e-02	3.27e-03	3.60e-04	2.24e-05	0.00e+00	0.00e+00
 1.44927e+23	1.01e-07	5.52e-04	8.12e-02	4.07e-01	4.32e-01	7.57e-02	2.84e-03	3.07e-04	1.81e-05	0.00e+00	0.00e+00
 1.47139e+23	1.33e-07	6.75e-04	9.21e-02	4.24e-01	4.14e-01	6.71e-02	2.37e-03	2.50e-04	1.37e-05	0.00e+00	0.00e+00
 1.49184e+23	1.59e-07	7.70e-04	1.00e-01	4.34e-01	4.01e-01	6.17e-02	2.09e-03	2.17e-04	1.14e-05	0.00e+00	0.00e+00
 1.51011e+23	1.97e-07	9.00e-04	1.10e-01	4.46e-01	3.86e-01	5.57e-02	1.80e-03	1.83e-04	9.07e-06	0.00e+00	0.00e+00
 1.52890e+23	2.38e-07	1.03e-03	1.20e-01	4.55e-01	3.72e-01	5.08e-02	1.57e-03	1.57e-04	7.43e-06	0.00e+00	0.00e+00
 1.54568e+23	2.83e-07	1.17e-03	1.29e-01	4.63e-01	3.58e-01	4.65e-02	1.38e-03	1.36e-04	6.14e-06	0.00e+00	0.00e+00
 1.56482e+23	3.52e-07	1.36e-03	1.42e-01	4.73e-01	3.41e-01	4.15e-02	1.17e-03	1.13e-04	4.81e-06	0.00e+00	0.00e+00
 1.58426e+23	4.23e-07	1.55e-03	1.53e-01	4.80e-01	3.26e-01	3.75e-02	1.02e-03	9.63e-05	3.90e-06	0.00e+00	0.00e+00
 1.60144e+23	5.04e-07	1.76e-03	1.65e-01	4.86e-01	3.12e-01	3.40e-02	8.86e-04	8.24e-05	3.18e-06	0.00e+00	0.00e+00
 1.62108e+23	6.26e-07	2.05e-03	1.81e-01	4.93e-01	2.94e-01	3.00e-02	7.45e-04	6.75e-05	2.46e-06	0.00e+00	0.00e+00
 1.64094e+23	7.50e-07	2.33e-03	1.95e-01	4.97e-01	2.79e-01	2.69e-02	6.42e-04	5.70e-05	1.98e-06	0.00e+00	0.00e+00
 1.65837e+23	8.91e-07	2.62e-03	2.08e-01	5.00e-01	2.64e-01	2.41e-02	5.55e-04	4.83e-05	1.60e-06	0.00e+00	0.00e+00
 1.67832e+23	1.10e-06	3.04e-03	2.27e-01	5.02e-01	2.47e-01	2.10e-02	4.62e-04	3.92e-05	1.22e-06	0.00e+00	0.00e+00
 1.69862e+23	1.31e-06	3.43e-03	2.43e-01	5.03e-01	2.32e-01	1.87e-02	3.94e-04	3.27e-05	9.70e-07	0.00e+00	0.00e+00
 1.71663e+23	1.56e-06	3.86e-03	2.59e-01	5.02e-01	2.18e-01	1.66e-02	3.38e-04	2.73e-05	7.73e-07	0.00e+00	0.00e+00
 1.73732e+23	1.92e-06	4.46e-03	2.80e-01	5.00e-01	2.01e-01	1.43e-02	2.77e-04	2.18e-05	5.80e-07	0.00e+00	0.00e+00
 1.75834e+23	2.29e-06	5.03e-03	2.99e-01	4.97e-01	1.87e-01	1.25e-02	2.34e-04	1.79e-05	4.54e-07	0.00e+00	0.00e+00
 1.77979e+23	2.83e-06	5.80e-03	3.22e-01	4.91e-01	1.70e-01	1.06e-02	1.90e-04	1.40e-05	3.34e-07	0.00e+00	0.00e+00
 1.80151e+23	3.37e-06	6.53e-03	3.43e-01	4.85e-01	1.57e-01	9.18e-03	1.58e-04	1.14e-05	2.58e-07	0.00e+00	0.00e+00
 1.82358e+23	4.15e-06	7.52e-03	3.68e-01	4.75e-01	1.41e-01	7.69e-03	1.27e-04	8.79e-06	1.87e-07	0.00e+00	0.00e+00
 1.84607e+23	4.95e-06	8.45e-03	3.90e-01	4.66e-01	1.29e-01	6.59e-03	1.05e-04	7.03e-06	1.42e-07	0.00e+00	0.00e+00
 1.86910e+23	6.11e-06	9.71e-03	4.17e-01	4.53e-01	1.15e-01	5.43e-03	8.28e-05	5.32e-06	0.00e+00	0.00e+00	0.00e+00
 1.89257e+23	7.29e-06	1.09e-02	4.41e-01	4.40e-01	1.03e-01	4.58e-03	6.74e-05	4.17e-06	0.00e+00	0.00e+00	0.00e+00
 1.91662e+23	9.02e-06	1.25e-02	4.70e-01	4.23e-01	9.06e-02	3.71e-03	5.23e-05	3.09e-06	0.00e+00	0.00e+00	0.00e+00
 1.94099e+23	1.07e-05	1.40e-02	4.94e-01	4.08e-01	8.08e-02	3.10e-03	4.21e-05	2.39e-06	0.00e+00	0.00e+00	0.00e+00
 1.95944e+23	1.21e-05	1.52e-02	5.11e-01	3.97e-01	7.43e-02	2.71e-03	3.60e-05	1.98e-06	0.00e+00	0.00e+00	0.00e+00
 1.97706e+23	1.41e-05	1.67e-02	5.31e-01	3.83e-01	6.68e-02	2.30e-03	2.97e-05	1.57e-06	0.00e+00	0.00e+00	0.00e+00
 1.99509e+23	1.59e-05	1.81e-02	5.49e-01	3.70e-01	6.10e-02	2.00e-03	2.52e-05	1.29e-06	0.00e+00	0.00e+00	0.00e+00
 2.01365e+23	1.85e-05	1.98e-02	5.69e-01	3.55e-01	5.44e-02	1.69e-03	2.06e-05	1.02e-06	0.00e+00	0.00e+00	0.00e+00
 2.03263e+23	2.10e-05	2.15e-02	5.87e-01	3.41e-01	4.91e-02	1.45e-03	1.72e-05	8.19e-07	0.00e+00	0.00e+00	0.00e+00
 2.05218e+23	2.46e-05	2.37e-02	6.08e-01	3.24e-01	4.31e-02	1.19e-03	1.37e-05	6.25e-07	0.00e+00	0.00e+00	0.00e+00
 2.07165e+23	2.78e-05	2.56e-02	6.25e-01	3.10e-01	3.87e-02	1.02e-03	1.15e-05	5.03e-07	0.00e+00	0.00e+00	0.00e+00
 2.09101e+23	3.23e-05	2.81e-02	6.44e-01	2.93e-01	3.39e-02	8.40e-04	9.18e-06	3.84e-07	0.00e+00	0.00e+00	0.00e+00
 2.11087e+23	3.67e-05	3.04e-02	6.60e-01	2.78e-01	3.01e-02	7.08e-04	7.54e-06	3.03e-07	0.00e+00	0.00e+00	0.00e+00
 2.13137e+23	4.27e-05	3.34e-02	6.79e-01	2.61e-01	2.60e-02	5.74e-04	5.93e-06	2.27e-07	0.00e+00	0.00e+00	0.00e+00
 2.15220e+23	4.87e-05	3.61e-02	6.95e-01	2.46e-01	2.28e-02	4.78e-04	4.82e-06	1.77e-07	0.00e+00	0.00e+00	0.00e+00
 2.17345e+23	5.69e-05	3.97e-02	7.12e-01	2.28e-01	1.94e-02	3.82e-04	3.73e-06	1.29e-07	0.00e+00	0.00e+00	0.00e+00
 2.19504e+23	6.51e-05	4.30e-02	7.26e-01	2.14e-01	1.69e-02	3.15e-04	2.99e-06	0.00e+00	0.00e+00	0.00e+00	0.00e+00
 2.21705e+23	7.65e-05	4.73e-02	7.42e-01	1.96e-01	1.42e-02	2.47e-04	2.27e-06	0.00e+00	0.00e+00	0.00e+00	0.00e+00
 2.23927e+23	8.75e-05	5.12e-02	7.54e-01	1.82e-01	1.22e-02	2.02e-04	1.80e-06	0.00e+00	0.00e+00	0.00e+00	0.00e+00
 2.26178e+23	1.03e-04	5.62e-02	7.68e-01	1.66e-01	1.01e-02	1.57e-04	1.36e-06	0.00e+00	0.00e+00	0.00e+00	0.00e+00
 2.28445e+23	1.18e-04	6.08e-02	7.77e-01	1.53e-01	8.63e-03	1.27e-04	1.07e-06	0.00e+00	0.00e+00	0.00e+00	0.00e+00
 2.30732e+23	1.39e-04	6.67e-02	7.88e-01	1.38e-01	7.05e-03	9.75e-05	7.92e-07	0.00e+00	0.00e+00	0.00e+00	0.00e+00
 2.33020e+23	1.59e-04	7.21e-02	7.96e-01	1.26e-01	5.98e-03	7.86e-05	6.19e-07	0.00e+00	0.00e+00	0.00e+00	0.00e+00
 2.35310e+23	1.88e-04	7.90e-02	8.03e-01	1.12e-01	4.83e-03	5.97e-05	4.53e-07	0.00e+00	0.00e+00	0.00e+00	0.00e+00
 2.37599e+23	2.15e-04	8.53e-02	8.08e-01	1.02e-01	4.06e-03	4.78e-05	3.52e-07	0.00e+00	0.00e+00	0.00e+00	0.00e+00
 2.39887e+23	2.56e-04	9.35e-02	8.13e-01	9.02e-02	3.23e-03	3.58e-05	2.54e-07	0.00e+00	0.00e+00	0.00e+00	0.00e+00
 2.42167e+23	2.94e-04	1.01e-01	8.15e-01	8.12e-02	2.69e-03	2.85e-05	1.95e-07	0.00e+00	0.00e+00	0.00e+00	0.00e+00
 2.44438e+23	3.50e-04	1.11e-01	8.16e-01	7.08e-02	2.12e-03	2.11e-05	1.39e-07	0.00e+00	0.00e+00	0.00e+00	0.00e+00
 2.46695e+23	4.03e-04	1.19e-01	8.16e-01	6.32e-02	1.75e-03	1.67e-05	0.00e+00	0.00e+00	0.00e+00	0.00e+00	0.00e+00
 2.48936e+23	4.82e-04	1.30e-01	8.13e-01	5.45e-02	1.36e-03	1.22e-05	0.00e+00	0.00e+00	0.00e+00	0.00e+00	0.00e+00
 2.51175e+23	5.58e-04	1.40e-01	8.10e-01	4.80e-02	1.10e-03	9.51e-06	0.00e+00	0.00e+00	0.00e+00	0.00e+00	0.00e+00
 2.53411e+23	6.67e-04	1.53e-01	8.05e-01	4.08e-02	8.47e-04	6.88e-06	0.00e+00	0.00e+00	0.00e+00	0.00e+00	0.00e+00
 2.55654e+23	7.77e-04	1.65e-01	7.98e-01	3.53e-02	6.76e-04	5.23e-06	0.00e+00	0.00e+00	0.00e+00	0.00e+00	0.00e+00
 2.57908e+23	9.34e-04	1.80e-01	7.89e-01	2.94e-02	5.08e-04	3.69e-06	0.00e+00	0.00e+00	0.00e+00	0.00e+00	0.00e+00
 2.60175e+23	1.10e-03	1.94e-01	7.80e-01	2.49e-02	3.97e-04	2.73e-06	0.00e+00	0.00e+00	0.00e+00	0.00e+00	0.00e+00
 2.62142e+23	1.28e-03	2.08e-01	7.70e-01	2.11e-02	3.10e-04	2.02e-06	0.00e+00	0.00e+00	0.00e+00	0.00e+00	0.00e+00
 2.64381e+23	1.53e-03	2.25e-01	7.56e-01	1.70e-02	2.28e-04	1.37e-06	0.00e+00	0.00e+00	0.00e+00	0.00e+00	0.00e+00
 2.66663e+23	1.82e-03	2.42e-01	7.42e-01	1.38e-02	1.71e-04	9.49e-07	0.00e+00	0.00e+00	0.00e+00	0.00e+00	0.00e+00
 2.68401e+23	2.06e-03	2.55e-01	7.31e-01	1.17e-02	1.37e-04	7.13e-07	0.00e+00	0.00e+00	0.00e+00	0.00e+00	0.00e+00
 2.70060e+23	2.38e-03	2.70e-01	7.18e-01	9.62e-03	1.06e-04	5.07e-07	0.00e+00	0.00e+00	0.00e+00	0.00e+00	0.00e+00
 2.71848e+23	2.74e-03	2.85e-01	7.04e-01	7.80e-03	8.14e-05	3.54e-07	0.00e+00	0.00e+00	0.00e+00	0.00e+00	0.00e+00
 2.73503e+23	3.14e-03	3.00e-01	6.90e-01	6.31e-03	6.28e-05	2.46e-07	0.00e+00	0.00e+00	0.00e+00	0.00e+00	0.00e+00
 2.75077e+23	3.59e-03	3.15e-01	6.77e-01	5.05e-03	4.84e-05	1.68e-07	0.00e+00	0.00e+00	0.00e+00	0.00e+00	0.00e+00
 2.76566e+23	4.09e-03	3.28e-01	6.64e-01	4.03e-03	3.74e-05	0.00e+00	0.00e+00	0.00e+00	0.00e+00	0.00e+00	0.00e+00
 2.77956e+23	4.61e-03	3.41e-01	6.52e-01	3.20e-03	2.91e-05	0.00e+00	0.00e+00	0.00e+00	0.00e+00	0.00e+00	0.00e+00
 2.79256e+23	5.22e-03	3.53e-01	6.39e-01	2.52e-03	2.26e-05	0.00e+00	0.00e+00	0.00e+00	0.00e+00	0.00e+00	0.00e+00
 2.80461e+23	5.83e-03	3.63e-01	6.29e-01	1.99e-03	1.77e-05	0.00e+00	0.00e+00	0.00e+00	0.00e+00	0.00e+00	0.00e+00
 2.81573e+23	6.53e-03	3.74e-01	6.18e-01	1.56e-03	1.38e-05	0.00e+00	0.00e+00	0.00e+00	0.00e+00	0.00e+00	0.00e+00
 2.82587e+23	7.25e-03	3.82e-01	6.09e-01	1.23e-03	1.09e-05	0.00e+00	0.00e+00	0.00e+00	0.00e+00	0.00e+00	0.00e+00
 2.83482e+23	7.98e-03	3.89e-01	6.02e-01	9.84e-04	8.79e-06	0.00e+00	0.00e+00	0.00e+00	0.00e+00	0.00e+00	0.00e+00
 2.84280e+23	8.75e-03	3.95e-01	5.96e-01	7.95e-04	7.16e-06	0.00e+00	0.00e+00	0.00e+00	0.00e+00	0.00e+00	0.00e+00
 2.85004e+23	9.56e-03	4.00e-01	5.90e-01	6.47e-04	5.89e-06	0.00e+00	0.00e+00	0.00e+00	0.00e+00	0.00e+00	0.00e+00
 2.85658e+23	1.03e-02	4.03e-01	5.86e-01	5.38e-04	4.95e-06	0.00e+00	0.00e+00	0.00e+00	0.00e+00	0.00e+00	0.00e+00
 2.86267e+23	1.11e-02	4.06e-01	5.83e-01	4.49e-04	4.18e-06	0.00e+00	0.00e+00	0.00e+00	0.00e+00	0.00e+00	0.00e+00
 2.86844e+23	1.19e-02	4.08e-01	5.80e-01	3.78e-04	3.56e-06	0.00e+00	0.00e+00	0.00e+00	0.00e+00	0.00e+00	0.00e+00
 2.87375e+23	1.27e-02	4.09e-01	5.78e-01	3.22e-04	3.07e-06	0.00e+00	0.00e+00	0.00e+00	0.00e+00	0.00e+00	0.00e+00
 2.87867e+23	1.35e-02	4.09e-01	5.77e-01	2.79e-04	2.69e-06	0.00e+00	0.00e+00	0.00e+00	0.00e+00	0.00e+00	0.00e+00
 2.88311e+23	1.42e-02	4.09e-01	5.77e-01	2.46e-04	2.40e-06	0.00e+00	0.00e+00	0.00e+00	0.00e+00	0.00e+00	0.00e+00
 2.88694e+23	1.49e-02	4.08e-01	5.77e-01	2.21e-04	2.18e-06	0.00e+00	0.00e+00	0.00e+00	0.00e+00	0.00e+00	0.00e+00
 2.89028e+23	1.54e-02	4.07e-01	5.77e-01	2.02e-04	2.02e-06	0.00e+00	0.00e+00	0.00e+00	0.00e+00	0.00e+00	0.00e+00
 2.89305e+23	1.59e-02	4.06e-01	5.78e-01	1.89e-04	1.90e-06	0.00e+00	0.00e+00	0.00e+00	0.00e+00	0.00e+00	0.00e+00
 2.89539e+23	1.63e-02	4.05e-01	5.78e-01	1.78e-04	1.80e-06	0.00e+00	0.00e+00	0.00e+00	0.00e+00	0.00e+00	0.00e+00
 2.89793e+23	1.68e-02	4.05e-01	5.78e-01	1.68e-04	1.71e-06	0.00e+00	0.00e+00	0.00e+00	0.00e+00	0.00e+00	0.00e+00
 2.90084e+23	1.74e-02	4.04e-01	5.78e-01	1.57e-04	1.61e-06	0.00e+00	0.00e+00	0.00e+00	0.00e+00	0.00e+00	0.00e+00
 2.90379e+23	1.80e-02	4.04e-01	5.78e-01	1.47e-04	1.53e-06	0.00e+00	0.00e+00	0.00e+00	0.00e+00	0.00e+00	0.00e+00
 2.90652e+23	1.85e-02	4.03e-01	5.79e-01	1.39e-04	1.46e-06	0.00e+00	0.00e+00	0.00e+00	0.00e+00	0.00e+00	0.00e+00
 2.90862e+23	1.88e-02	4.01e-01	5.80e-01	1.34e-04	1.41e-06	0.00e+00	0.00e+00	0.00e+00	0.00e+00	0.00e+00	0.00e+00
 2.91007e+23	1.91e-02	4.01e-01	5.80e-01	1.31e-04	1.38e-06	0.00e+00	0.00e+00	0.00e+00	0.00e+00	0.00e+00	0.00e+00
 2.91152e+23	1.95e-02	4.01e-01	5.79e-01	1.27e-04	1.35e-06	0.00e+00	0.00e+00	0.00e+00	0.00e+00	0.00e+00	0.00e+00
 2.91324e+23	1.99e-02	4.01e-01	5.79e-01	1.23e-04	1.32e-06	0.00e+00	0.00e+00	0.00e+00	0.00e+00	0.00e+00	0.00e+00
 2.91513e+23	2.04e-02	4.02e-01	5.78e-01	1.19e-04	1.28e-06	0.00e+00	0.00e+00	0.00e+00	0.00e+00	0.00e+00	0.00e+00
 2.91695e+23	2.08e-02	4.02e-01	5.78e-01	1.16e-04	1.25e-06	0.00e+00	0.00e+00	0.00e+00	0.00e+00	0.00e+00	0.00e+00
 2.91874e+23	2.13e-02	4.02e-01	5.76e-01	1.12e-04	1.22e-06	0.00e+00	0.00e+00	0.00e+00	0.00e+00	0.00e+00	0.00e+00
 2.92058e+23	2.17e-02	4.02e-01	5.76e-01	1.09e-04	1.19e-06	0.00e+00	0.00e+00	0.00e+00	0.00e+00	0.00e+00	0.00e+00
 2.92252e+23	2.23e-02	4.03e-01	5.75e-01	1.06e-04	1.16e-06	0.00e+00	0.00e+00	0.00e+00	0.00e+00	0.00e+00	0.00e+00
 2.92454e+23	2.29e-02	4.04e-01	5.73e-01	1.02e-04	1.14e-06	0.00e+00	0.00e+00	0.00e+00	0.00e+00	0.00e+00	0.00e+00
 2.92653e+23	2.34e-02	4.04e-01	5.72e-01	9.95e-05	1.11e-06	0.00e+00	0.00e+00	0.00e+00	0.00e+00	0.00e+00	0.00e+00
 2.92853e+23	2.40e-02	4.05e-01	5.71e-01	9.67e-05	1.09e-06	0.00e+00	0.00e+00	0.00e+00	0.00e+00	0.00e+00	0.00e+00
 2.93066e+23	2.47e-02	4.06e-01	5.69e-01	9.38e-05	1.06e-06	0.00e+00	0.00e+00	0.00e+00	0.00e+00	0.00e+00	0.00e+00
 2.93289e+23	2.54e-02	4.08e-01	5.67e-01	9.10e-05	1.04e-06	0.00e+00	0.00e+00	0.00e+00	0.00e+00	0.00e+00	0.00e+00
 2.93510e+23	2.61e-02	4.09e-01	5.65e-01	8.84e-05	1.01e-06	0.00e+00	0.00e+00	0.00e+00	0.00e+00	0.00e+00	0.00e+00
 2.93734e+23	2.69e-02	4.10e-01	5.63e-01	8.58e-05	9.92e-07	0.00e+00	0.00e+00	0.00e+00	0.00e+00	0.00e+00	0.00e+00
 2.93970e+23	2.77e-02	4.12e-01	5.60e-01	8.33e-05	9.70e-07	0.00e+00	0.00e+00	0.00e+00	0.00e+00	0.00e+00	0.00e+00
 2.94216e+23	2.86e-02	4.14e-01	5.57e-01	8.08e-05	9.47e-07	0.00e+00	0.00e+00	0.00e+00	0.00e+00	0.00e+00	0.00e+00
 2.94466e+23	2.95e-02	4.16e-01	5.54e-01	7.84e-05	9.27e-07	0.00e+00	0.00e+00	0.00e+00	0.00e+00	0.00e+00	0.00e+00
 2.94721e+23	3.04e-02	4.18e-01	5.51e-01	7.60e-05	9.06e-07	0.00e+00	0.00e+00	0.00e+00	0.00e+00	0.00e+00	0.00e+00
 2.94987e+23	3.15e-02	4.21e-01	5.48e-01	7.37e-05	8.86e-07	0.00e+00	0.00e+00	0.00e+00	0.00e+00	0.00e+00	0.00e+00
 2.95263e+23	3.25e-02	4.23e-01	5.44e-01	7.15e-05	8.66e-07	0.00e+00	0.00e+00	0.00e+00	0.00e+00	0.00e+00	0.00e+00
 2.95547e+23	3.36e-02	4.26e-01	5.41e-01	6.93e-05	8.47e-07	0.00e+00	0.00e+00	0.00e+00	0.00e+00	0.00e+00	0.00e+00
 2.95842e+23	3.49e-02	4.29e-01	5.36e-01	6.71e-05	8.27e-07	0.00e+00	0.00e+00	0.00e+00	0.00e+00	0.00e+00	0.00e+00
 2.96146e+23	3.61e-02	4.32e-01	5.32e-01	6.49e-05	8.09e-07	0.00e+00	0.00e+00	0.00e+00	0.00e+00	0.00e+00	0.00e+00
 2.96460e+23	3.74e-02	4.35e-01	5.28e-01	6.28e-05	7.90e-07	0.00e+00	0.00e+00	0.00e+00	0.00e+00	0.00e+00	0.00e+00
 2.96789e+23	3.88e-02	4.38e-01	5.23e-01	6.08e-05	7.72e-07	0.00e+00	0.00e+00	0.00e+00	0.00e+00	0.00e+00	0.00e+00
 2.97129e+23	4.03e-02	4.41e-01	5.18e-01	5.88e-05	7.54e-07	0.00e+00	0.00e+00	0.00e+00	0.00e+00	0.00e+00	0.00e+00
 2.97475e+23	4.18e-02	4.45e-01	5.13e-01	5.69e-05	7.37e-07	0.00e+00	0.00e+00	0.00e+00	0.00e+00	0.00e+00	0.00e+00
 2.97829e+23	4.33e-02	4.48e-01	5.08e-01	5.50e-05	7.20e-07	0.00e+00	0.00e+00	0.00e+00	0.00e+00	0.00e+00	0.00e+00
 2.98195e+23	4.51e-02	4.53e-01	5.02e-01	5.31e-05	7.03e-07	0.00e+00	0.00e+00	0.00e+00	0.00e+00	0.00e+00	0.00e+00
 2.98584e+23	4.69e-02	4.57e-01	4.96e-01	5.13e-05	6.85e-07	0.00e+00	0.00e+00	0.00e+00	0.00e+00	0.00e+00	0.00e+00
 2.98991e+23	4.88e-02	4.61e-01	4.90e-01	4.95e-05	6.68e-07	0.00e+00	0.00e+00	0.00e+00	0.00e+00	0.00e+00	0.00e+00
 2.99401e+23	5.08e-02	4.65e-01	4.84e-01	4.78e-05	6.52e-07	0.00e+00	0.00e+00	0.00e+00	0.00e+00	0.00e+00	0.00e+00
 2.99830e+23	5.30e-02	4.70e-01	4.77e-01	4.60e-05	6.35e-07	0.00e+00	0.00e+00	0.00e+00	0.00e+00	0.00e+00	0.00e+00
 3.00294e+23	5.52e-02	4.74e-01	4.71e-01	4.42e-05	6.17e-07	0.00e+00	0.00e+00	0.00e+00	0.00e+00	0.00e+00	0.00e+00
 3.00778e+23	5.76e-02	4.79e-01	4.64e-01	4.25e-05	6.00e-07	0.00e+00	0.00e+00	0.00e+00	0.00e+00	0.00e+00	0.00e+00
 3.01281e+23	6.03e-02	4.84e-01	4.56e-01	4.08e-05	5.82e-07	0.00e+00	0.00e+00	0.00e+00	0.00e+00	0.00e+00	0.00e+00
 3.01818e+23	6.32e-02	4.89e-01	4.48e-01	3.90e-05	5.63e-07	0.00e+00	0.00e+00	0.00e+00	0.00e+00	0.00e+00	0.00e+00
 3.02392e+23	6.65e-02	4.95e-01	4.39e-01	3.72e-05	5.44e-07	0.00e+00	0.00e+00	0.00e+00	0.00e+00	0.00e+00	0.00e+00
 3.02998e+23	7.00e-02	5.00e-01	4.30e-01	3.55e-05	5.24e-07	0.00e+00	0.00e+00	0.00e+00	0.00e+00	0.00e+00	0.00e+00
 3.03619e+23	7.38e-02	5.06e-01	4.20e-01	3.38e-05	5.04e-07	0.00e+00	0.00e+00	0.00e+00	0.00e+00	0.00e+00	0.00e+00
 3.04221e+23	7.75e-02	5.11e-01	4.11e-01	3.22e-05	4.85e-07	0.00e+00	0.00e+00	0.00e+00	0.00e+00	0.00e+00	0.00e+00
 3.04799e+23	8.14e-02	5.16e-01	4.03e-01	3.08e-05	4.67e-07	0.00e+00	0.00e+00	0.00e+00	0.00e+00	0.00e+00	0.00e+00
 3.05367e+23	8.53e-02	5.21e-01	3.94e-01	2.94e-05	4.50e-07	0.00e+00	0.00e+00	0.00e+00	0.00e+00	0.00e+00	0.00e+00
 3.05927e+23	8.92e-02	5.25e-01	3.86e-01	2.82e-05	4.34e-07	0.00e+00	0.00e+00	0.00e+00	0.00e+00	0.00e+00	0.00e+00
 3.06475e+23	9.33e-02	5.29e-01	3.77e-01	2.68e-05	4.18e-07	0.00e+00	0.00e+00	0.00e+00	0.00e+00	0.00e+00	0.00e+00
 3.07002e+23	9.74e-02	5.33e-01	3.69e-01	2.54e-05	4.02e-07	0.00e+00	0.00e+00	0.00e+00	0.00e+00	0.00e+00	0.00e+00
 3.07504e+23	1.02e-01	5.37e-01	3.61e-01	2.41e-05	3.88e-07	0.00e+00	0.00e+00	0.00e+00	0.00e+00	0.00e+00	0.00e+00
 3.07974e+23	1.06e-01	5.40e-01	3.54e-01	2.29e-05	3.75e-07	0.00e+00	0.00e+00	0.00e+00	0.00e+00	0.00e+00	0.00e+00
 3.08383e+23	1.09e-01	5.43e-01	3.49e-01	2.20e-05	3.64e-07	0.00e+00	0.00e+00	0.00e+00	0.00e+00	0.00e+00	0.00e+00
