#depth	O	O+	O+2	O+3	O+4	O+5	O+6	O+7	O+8	O[1]	O[2]	O[3]
 1.54284e+22	8.03e-12	1.93e-07	2.11e-04	1.50e-02	9.91e-02	1.90e-01	5.84e-01	1.07e-01	4.71e-03	8.03e-12	1.72e-20	2.14e-20
 3.51989e+22	1.86e-11	4.57e-07	4.54e-04	2.70e-02	1.40e-01	2.33e-01	5.27e-01	7.07e-02	2.30e-03	1.86e-11	3.99e-20	4.94e-20
 4.17121e+22	2.94e-11	7.12e-07	6.61e-04	3.55e-02	1.62e-01	2.51e-01	4.92e-01	5.70e-02	1.60e-03	2.94e-11	6.39e-20	7.90e-20
 4.52995e+22	4.01e-11	9.56e-07	8.43e-04	4.22e-02	1.78e-01	2.62e-01	4.67e-01	4.92e-02	1.26e-03	4.01e-11	8.79e-20	1.09e-19
 4.73655e+22	4.64e-11	1.10e-06	9.44e-04	4.56e-02	1.85e-01	2.66e-01	4.55e-01	4.59e-02	1.12e-03	4.64e-11	1.02e-19	1.26e-19
 4.88599e+22	5.62e-11	1.31e-06	1.09e-03	5.03e-02	1.94e-01	2.71e-01	4.40e-01	4.19e-02	9.71e-04	5.62e-11	1.24e-19	1.54e-19
 5.04814e+22	6.70e-11	1.54e-06	1.24e-03	5.50e-02	2.03e-01	2.76e-01	4.25e-01	3.85e-02	8.47e-04	6.70e-11	1.49e-19	1.84e-19
 5.18952e+22	7.77e-11	1.76e-06	1.38e-03	5.91e-02	2.11e-01	2.79e-01	4.13e-01	3.59e-02	7.57e-04	7.77e-11	1.74e-19	2.14e-19
 5.33601e+22	9.40e-11	2.09e-06	1.58e-03	6.47e-02	2.20e-01	2.83e-01	3.98e-01	3.27e-02	6.56e-04	9.40e-11	2.12e-19	2.61e-19
 5.48708e+22	1.11e-10	2.43e-06	1.77e-03	6.98e-02	2.28e-01	2.86e-01	3.84e-01	3.02e-02	5.77e-04	1.11e-10	2.50e-19	3.08e-19
 5.62188e+22	1.30e-10	2.79e-06	1.98e-03	7.50e-02	2.36e-01	2.88e-01	3.71e-01	2.79e-02	5.12e-04	1.30e-10	2.96e-19	3.64e-19
 5.77491e+22	1.59e-10	3.33e-06	2.27e-03	8.20e-02	2.45e-01	2.90e-01	3.55e-01	2.53e-02	4.39e-04	1.59e-10	3.65e-19	4.49e-19
 5.93527e+22	1.91e-10	3.92e-06	2.57e-03	8.87e-02	2.54e-01	2.91e-01	3.40e-01	2.31e-02	3.81e-04	1.91e-10	4.42e-19	5.43e-19
 6.08047e+22	2.28e-10	4.55e-06	2.88e-03	9.54e-02	2.62e-01	2.92e-01	3.26e-01	2.11e-02	3.33e-04	2.28e-10	5.30e-19	6.51e-19
 6.24457e+22	2.85e-10	5.50e-06	3.32e-03	1.04e-01	2.72e-01	2.92e-01	3.09e-01	1.89e-02	2.81e-04	2.85e-10	6.68e-19	8.20e-19
 6.41433e+22	3.47e-10	6.49e-06	3.76e-03	1.13e-01	2.81e-01	2.91e-01	2.94e-01	1.70e-02	2.41e-04	3.47e-10	8.20e-19	1.01e-18
 6.56563e+22	4.18e-10	7.58e-06	4.22e-03	1.21e-01	2.89e-01	2.90e-01	2.80e-01	1.55e-02	2.08e-04	4.18e-10	9.95e-19	1.22e-18
 6.73649e+22	5.29e-10	9.21e-06	4.87e-03	1.32e-01	2.98e-01	2.88e-01	2.63e-01	1.36e-02	1.73e-04	5.29e-10	1.27e-18	1.56e-18
 6.91359e+22	6.52e-10	1.09e-05	5.52e-03	1.42e-01	3.06e-01	2.86e-01	2.48e-01	1.22e-02	1.47e-04	6.52e-10	1.58e-18	1.94e-18
 7.07213e+22	7.95e-10	1.28e-05	6.20e-03	1.52e-01	3.14e-01	2.83e-01	2.34e-01	1.09e-02	1.25e-04	7.95e-10	1.95e-18	2.38e-18
 7.25155e+22	1.02e-09	1.57e-05	7.17e-03	1.66e-01	3.22e-01	2.78e-01	2.17e-01	9.50e-03	1.02e-04	1.02e-09	2.54e-18	3.10e-18
 7.43676e+22	1.27e-09	1.87e-05	8.11e-03	1.78e-01	3.29e-01	2.74e-01	2.03e-01	8.40e-03	8.55e-05	1.27e-09	3.19e-18	3.89e-18
 7.62949e+22	1.67e-09	2.31e-05	9.44e-03	1.94e-01	3.37e-01	2.67e-01	1.86e-01	7.18e-03	6.83e-05	1.67e-09	4.25e-18	5.19e-18
 7.82576e+22	2.10e-09	2.76e-05	1.07e-02	2.07e-01	3.42e-01	2.61e-01	1.72e-01	6.28e-03	5.64e-05	2.10e-09	5.41e-18	6.59e-18
 7.99950e+22	2.62e-09	3.26e-05	1.20e-02	2.21e-01	3.47e-01	2.55e-01	1.59e-01	5.51e-03	4.68e-05	2.62e-09	6.83e-18	8.31e-18
 8.19820e+22	3.47e-09	4.05e-05	1.39e-02	2.39e-01	3.52e-01	2.46e-01	1.44e-01	4.63e-03	3.67e-05	3.47e-09	9.22e-18	1.12e-17
 8.40012e+22	4.38e-09	4.83e-05	1.57e-02	2.54e-01	3.56e-01	2.38e-01	1.32e-01	4.00e-03	2.98e-05	4.38e-09	1.18e-17	1.44e-17
 8.57903e+22	5.49e-09	5.71e-05	1.76e-02	2.70e-01	3.58e-01	2.30e-01	1.21e-01	3.47e-03	2.44e-05	5.49e-09	1.50e-17	1.83e-17
 8.78445e+22	7.36e-09	7.10e-05	2.04e-02	2.90e-01	3.60e-01	2.19e-01	1.08e-01	2.86e-03	1.87e-05	7.36e-09	2.06e-17	2.50e-17
 8.99237e+22	9.32e-09	8.44e-05	2.29e-02	3.06e-01	3.60e-01	2.10e-01	9.82e-02	2.44e-03	1.50e-05	9.32e-09	2.66e-17	3.22e-17
 9.20353e+22	1.25e-08	1.04e-04	2.64e-02	3.27e-01	3.60e-01	1.98e-01	8.68e-02	2.00e-03	1.14e-05	1.25e-08	3.66e-17	4.43e-17
 9.41908e+22	1.60e-08	1.25e-04	2.96e-02	3.45e-01	3.58e-01	1.88e-01	7.80e-02	1.68e-03	9.03e-06	1.60e-08	4.78e-17	5.79e-17
 9.61097e+22	2.03e-08	1.48e-04	3.31e-02	3.62e-01	3.55e-01	1.78e-01	7.00e-02	1.42e-03	7.16e-06	2.03e-08	6.21e-17	7.52e-17
 9.83107e+22	2.75e-08	1.84e-04	3.80e-02	3.84e-01	3.51e-01	1.66e-01	6.07e-02	1.13e-03	5.27e-06	2.75e-08	8.73e-17	1.06e-16
 1.00541e+23	3.51e-08	2.18e-04	4.23e-02	4.01e-01	3.46e-01	1.56e-01	5.40e-02	9.44e-04	4.11e-06	3.51e-08	1.14e-16	1.38e-16
 1.02811e+23	4.79e-08	2.72e-04	4.85e-02	4.22e-01	3.38e-01	1.43e-01	4.62e-02	7.42e-04	2.98e-06	4.79e-08	1.62e-16	1.96e-16
 1.05111e+23	6.13e-08	3.22e-04	5.39e-02	4.39e-01	3.32e-01	1.34e-01	4.07e-02	6.11e-04	2.29e-06	6.13e-08	2.14e-16	2.59e-16
 1.07118e+23	7.77e-08	3.79e-04	5.96e-02	4.55e-01	3.24e-01	1.24e-01	3.59e-02	5.04e-04	1.77e-06	7.77e-08	2.80e-16	3.38e-16
 1.09043e+23	9.70e-08	4.42e-04	6.53e-02	4.69e-01	3.17e-01	1.16e-01	3.18e-02	4.19e-04	1.39e-06	9.70e-08	3.60e-16	4.34e-16
 1.10877e+23	1.20e-07	5.11e-04	7.13e-02	4.82e-01	3.09e-01	1.08e-01	2.83e-02	3.51e-04	1.09e-06	1.20e-07	4.57e-16	5.52e-16
 1.12945e+23	1.57e-07	6.13e-04	7.94e-02	4.98e-01	2.99e-01	9.88e-02	2.42e-02	2.78e-04	8.04e-07	1.57e-07	6.20e-16	7.48e-16
 1.15008e+23	1.94e-07	7.07e-04	8.63e-02	5.10e-01	2.90e-01	9.16e-02	2.14e-02	2.31e-04	6.28e-07	1.94e-07	7.86e-16	9.49e-16
 1.17067e+23	2.52e-07	8.43e-04	9.56e-02	5.23e-01	2.79e-01	8.31e-02	1.83e-02	1.82e-04	4.60e-07	2.52e-07	1.06e-15	1.28e-15
 1.19164e+23	3.12e-07	9.73e-04	1.04e-01	5.34e-01	2.69e-01	7.65e-02	1.60e-02	1.49e-04	3.54e-07	3.12e-07	1.35e-15	1.62e-15
 1.21310e+23	4.07e-07	1.16e-03	1.15e-01	5.45e-01	2.57e-01	6.87e-02	1.35e-02	1.16e-04	2.54e-07	4.07e-07	1.82e-15	2.19e-15
 1.23475e+23	5.04e-07	1.34e-03	1.24e-01	5.53e-01	2.46e-01	6.28e-02	1.17e-02	9.45e-05	1.94e-07	5.04e-07	2.32e-15	2.79e-15
 1.25663e+23	6.58e-07	1.60e-03	1.37e-01	5.62e-01	2.34e-01	5.59e-02	9.80e-03	7.26e-05	1.37e-07	6.58e-07	3.13e-15	3.76e-15
 1.27878e+23	8.14e-07	1.84e-03	1.48e-01	5.68e-01	2.23e-01	5.07e-02	8.44e-03	5.84e-05	0.00e+00	8.14e-07	3.98e-15	4.78e-15
 1.29655e+23	9.68e-07	2.06e-03	1.57e-01	5.72e-01	2.14e-01	4.68e-02	7.46e-03	4.88e-05	0.00e+00	9.68e-07	4.84e-15	5.81e-15
 1.31490e+23	1.20e-06	2.36e-03	1.70e-01	5.76e-01	2.04e-01	4.22e-02	6.41e-03	3.90e-05	0.00e+00	1.20e-06	6.16e-15	7.39e-15
 1.33367e+23	1.43e-06	2.65e-03	1.80e-01	5.78e-01	1.95e-01	3.87e-02	5.62e-03	3.23e-05	0.00e+00	1.43e-06	7.51e-15	9.01e-15
 1.35042e+23	1.69e-06	2.96e-03	1.91e-01	5.79e-01	1.86e-01	3.54e-02	4.94e-03	2.67e-05	0.00e+00	1.69e-06	9.13e-15	1.09e-14
 1.36960e+23	2.10e-06	3.40e-03	2.06e-01	5.80e-01	1.76e-01	3.16e-02	4.19e-03	2.11e-05	0.00e+00	2.10e-06	1.17e-14	1.40e-14
 1.38901e+23	2.50e-06	3.80e-03	2.18e-01	5.79e-01	1.67e-01	2.88e-02	3.64e-03	1.72e-05	0.00e+00	2.50e-06	1.42e-14	1.70e-14
 1.40605e+23	2.96e-06	4.24e-03	2.31e-01	5.77e-01	1.58e-01	2.62e-02	3.18e-03	1.41e-05	0.00e+00	2.96e-06	1.73e-14	2.06e-14
 1.42556e+23	3.66e-06	4.87e-03	2.47e-01	5.74e-01	1.48e-01	2.32e-02	2.67e-03	1.10e-05	0.00e+00	3.66e-06	2.21e-14	2.64e-14
 1.44529e+23	4.36e-06	5.44e-03	2.61e-01	5.70e-01	1.40e-01	2.09e-02	2.31e-03	8.93e-06	0.00e+00	4.36e-06	2.70e-14	3.22e-14
 1.46263e+23	5.17e-06	6.06e-03	2.75e-01	5.66e-01	1.32e-01	1.89e-02	2.00e-03	7.27e-06	0.00e+00	5.17e-06	3.28e-14	3.91e-14
 1.48248e+23	6.38e-06	6.94e-03	2.93e-01	5.59e-01	1.23e-01	1.66e-02	1.67e-03	5.61e-06	0.00e+00	6.38e-06	4.19e-14	5.00e-14
 1.50267e+23	7.59e-06	7.75e-03	3.08e-01	5.52e-01	1.15e-01	1.49e-02	1.43e-03	4.49e-06	0.00e+00	7.59e-06	5.13e-14	6.11e-14
 1.52058e+23	8.99e-06	8.63e-03	3.24e-01	5.44e-01	1.08e-01	1.33e-02	1.23e-03	3.61e-06	0.00e+00	8.99e-06	6.25e-14	7.44e-14
 1.54116e+23	1.11e-05	9.88e-03	3.44e-01	5.34e-01	9.98e-02	1.16e-02	1.01e-03	2.74e-06	0.00e+00	1.11e-05	8.02e-14	9.54e-14
 1.56206e+23	1.32e-05	1.10e-02	3.61e-01	5.24e-01	9.28e-02	1.03e-02	8.57e-04	2.17e-06	0.00e+00	1.32e-05	9.82e-14	1.17e-13
 1.58340e+23	1.64e-05	1.26e-02	3.83e-01	5.10e-01	8.47e-02	8.82e-03	6.97e-04	1.62e-06	0.00e+00	1.64e-05	1.27e-13	1.51e-13
 1.60500e+23	1.95e-05	1.41e-02	4.02e-01	4.98e-01	7.83e-02	7.75e-03	5.85e-04	1.26e-06	0.00e+00	1.95e-05	1.56e-13	1.85e-13
 1.62696e+23	2.42e-05	1.61e-02	4.25e-01	4.81e-01	7.09e-02	6.60e-03	4.71e-04	9.27e-07	0.00e+00	2.42e-05	2.02e-13	2.40e-13
 1.64933e+23	2.88e-05	1.80e-02	4.44e-01	4.67e-01	6.49e-02	5.74e-03	3.91e-04	7.13e-07	0.00e+00	2.88e-05	2.49e-13	2.95e-13
 1.67224e+23	3.58e-05	2.06e-02	4.68e-01	4.48e-01	5.82e-02	4.82e-03	3.10e-04	5.14e-07	0.00e+00	3.58e-05	3.24e-13	3.84e-13
 1.69559e+23	4.27e-05	2.30e-02	4.89e-01	4.31e-01	5.28e-02	4.15e-03	2.54e-04	3.88e-07	0.00e+00	4.27e-05	4.01e-13	4.76e-13
 1.71951e+23	5.32e-05	2.63e-02	5.13e-01	4.10e-01	4.68e-02	3.43e-03	1.98e-04	2.74e-07	0.00e+00	5.32e-05	5.25e-13	6.23e-13
 1.74377e+23	6.33e-05	2.93e-02	5.34e-01	3.92e-01	4.20e-02	2.92e-03	1.60e-04	2.04e-07	0.00e+00	6.33e-05	6.51e-13	7.71e-13
 1.76212e+23	7.14e-05	3.15e-02	5.49e-01	3.78e-01	3.89e-02	2.60e-03	1.37e-04	1.65e-07	0.00e+00	7.14e-05	7.55e-13	8.94e-13
 1.77966e+23	8.34e-05	3.46e-02	5.66e-01	3.62e-01	3.53e-02	2.25e-03	1.14e-04	1.27e-07	0.00e+00	8.34e-05	9.15e-13	1.08e-12
 1.79760e+23	9.43e-05	3.73e-02	5.80e-01	3.48e-01	3.25e-02	1.98e-03	9.68e-05	0.00e+00	0.00e+00	9.43e-05	1.07e-12	1.26e-12
 1.81607e+23	1.10e-04	4.10e-02	5.97e-01	3.30e-01	2.93e-02	1.70e-03	7.94e-05	0.00e+00	0.00e+00	1.10e-04	1.30e-12	1.53e-12
 1.83496e+23	1.25e-04	4.42e-02	6.12e-01	3.15e-01	2.67e-02	1.48e-03	6.66e-05	0.00e+00	0.00e+00	1.25e-04	1.52e-12	1.80e-12
 1.85442e+23	1.47e-04	4.89e-02	6.29e-01	2.97e-01	2.37e-02	1.25e-03	5.34e-05	0.00e+00	0.00e+00	1.47e-04	1.88e-12	2.21e-12
 1.87380e+23	1.66e-04	5.25e-02	6.43e-01	2.82e-01	2.15e-02	1.09e-03	4.47e-05	0.00e+00	0.00e+00	1.66e-04	2.19e-12	2.58e-12
 1.89308e+23	1.95e-04	5.77e-02	6.58e-01	2.64e-01	1.90e-02	9.10e-04	3.58e-05	0.00e+00	0.00e+00	1.95e-04	2.68e-12	3.16e-12
 1.91270e+23	2.20e-04	6.19e-02	6.70e-01	2.49e-01	1.72e-02	7.85e-04	2.97e-05	0.00e+00	0.00e+00	2.20e-04	3.13e-12	3.69e-12
 1.93278e+23	2.58e-04	6.82e-02	6.84e-01	2.31e-01	1.50e-02	6.50e-04	2.34e-05	0.00e+00	0.00e+00	2.58e-04	3.85e-12	4.53e-12
 1.95322e+23	2.92e-04	7.32e-02	6.96e-01	2.17e-01	1.34e-02	5.54e-04	1.91e-05	0.00e+00	0.00e+00	2.92e-04	4.52e-12	5.32e-12
 1.97411e+23	3.43e-04	8.05e-02	7.08e-01	1.99e-01	1.16e-02	4.54e-04	1.49e-05	0.00e+00	0.00e+00	3.43e-04	5.58e-12	6.54e-12
 1.99552e+23	3.90e-04	8.67e-02	7.18e-01	1.85e-01	1.02e-02	3.80e-04	1.20e-05	0.00e+00	0.00e+00	3.90e-04	6.61e-12	7.74e-12
 2.01762e+23	4.61e-04	9.58e-02	7.27e-01	1.67e-01	8.76e-03	3.05e-04	9.13e-06	0.00e+00	0.00e+00	4.61e-04	8.25e-12	9.65e-12
 2.04005e+23	5.25e-04	1.03e-01	7.35e-01	1.53e-01	7.62e-03	2.52e-04	7.22e-06	0.00e+00	0.00e+00	5.25e-04	9.81e-12	1.15e-11
 2.06289e+23	6.27e-04	1.14e-01	7.42e-01	1.37e-01	6.41e-03	1.98e-04	5.38e-06	0.00e+00	0.00e+00	6.27e-04	1.23e-11	1.44e-11
 2.08561e+23	7.10e-04	1.23e-01	7.46e-01	1.25e-01	5.56e-03	1.63e-04	4.25e-06	0.00e+00	0.00e+00	7.10e-04	1.45e-11	1.69e-11
 2.10816e+23	8.45e-04	1.36e-01	7.48e-01	1.10e-01	4.65e-03	1.27e-04	3.15e-06	0.00e+00	0.00e+00	8.45e-04	1.82e-11	2.12e-11
 2.13080e+23	9.60e-04	1.46e-01	7.49e-01	9.91e-02	4.01e-03	1.04e-04	2.47e-06	0.00e+00	0.00e+00	9.60e-04	2.15e-11	2.50e-11
 2.15355e+23	1.15e-03	1.62e-01	7.47e-01	8.62e-02	3.32e-03	7.94e-05	1.80e-06	0.00e+00	0.00e+00	1.15e-03	2.72e-11	3.15e-11
 2.17630e+23	1.31e-03	1.75e-01	7.44e-01	7.68e-02	2.84e-03	6.40e-05	1.40e-06	0.00e+00	0.00e+00	1.31e-03	3.22e-11	3.73e-11
 2.19904e+23	1.57e-03	1.95e-01	7.36e-01	6.57e-02	2.33e-03	4.82e-05	1.01e-06	0.00e+00	0.00e+00	1.57e-03	4.09e-11	4.73e-11
 2.22169e+23	1.80e-03	2.11e-01	7.28e-01	5.76e-02	1.98e-03	3.83e-05	7.78e-07	0.00e+00	0.00e+00	1.80e-03	4.88e-11	5.63e-11
 2.24423e+23	2.18e-03	2.35e-01	7.13e-01	4.84e-02	1.61e-03	2.83e-05	5.55e-07	0.00e+00	0.00e+00	2.18e-03	6.23e-11	7.17e-11
 2.26669e+23	2.52e-03	2.54e-01	7.00e-01	4.18e-02	1.36e-03	2.21e-05	4.23e-07	0.00e+00	0.00e+00	2.52e-03	7.48e-11	8.60e-11
 2.28904e+23	3.07e-03	2.84e-01	6.78e-01	3.43e-02	1.10e-03	1.59e-05	2.97e-07	0.00e+00	0.00e+00	3.07e-03	9.62e-11	1.10e-10
 2.31131e+23	3.58e-03	3.09e-01	6.58e-01	2.90e-02	9.21e-04	1.21e-05	2.24e-07	0.00e+00	0.00e+00	3.58e-03	1.16e-10	1.33e-10
 2.33345e+23	4.38e-03	3.44e-01	6.28e-01	2.33e-02	7.40e-04	8.52e-06	1.56e-07	0.00e+00	0.00e+00	4.38e-03	1.50e-10	1.72e-10
 2.35566e+23	5.17e-03	3.75e-01	6.00e-01	1.91e-02	6.15e-04	6.28e-06	0.00e+00	0.00e+00	0.00e+00	5.17e-03	1.84e-10	2.10e-10
 2.37798e+23	6.40e-03	4.17e-01	5.61e-01	1.47e-02	4.88e-04	4.22e-06	0.00e+00	0.00e+00	0.00e+00	6.40e-03	2.40e-10	2.74e-10
 2.40043e+23	7.66e-03	4.55e-01	5.26e-01	1.16e-02	4.00e-04	2.97e-06	0.00e+00	0.00e+00	0.00e+00	7.66e-03	2.99e-10	3.40e-10
 2.41989e+23	9.15e-03	4.93e-01	4.88e-01	9.15e-03	3.29e-04	2.09e-06	0.00e+00	0.00e+00	0.00e+00	9.15e-03	3.70e-10	4.21e-10
 2.44203e+23	1.15e-02	5.43e-01	4.39e-01	6.63e-03	2.56e-04	1.30e-06	0.00e+00	0.00e+00	0.00e+00	1.15e-02	4.87e-10	5.54e-10
 2.46443e+23	1.41e-02	5.88e-01	3.93e-01	4.86e-03	2.04e-04	8.39e-07	0.00e+00	0.00e+00	0.00e+00	1.41e-02	6.20e-10	7.04e-10
 2.48149e+23	1.65e-02	6.23e-01	3.57e-01	3.77e-03	1.71e-04	5.88e-07	0.00e+00	0.00e+00	0.00e+00	1.65e-02	7.48e-10	8.48e-10
 2.49801e+23	1.99e-02	6.62e-01	3.15e-01	2.77e-03	1.38e-04	3.83e-07	0.00e+00	0.00e+00	0.00e+00	1.99e-02	9.33e-10	1.06e-09
 2.51580e+23	2.41e-02	7.01e-01	2.73e-01	1.99e-03	1.09e-04	2.42e-07	0.00e+00	0.00e+00	0.00e+00	2.41e-02	1.17e-09	1.32e-09
 2.53212e+23	2.91e-02	7.35e-01	2.34e-01	1.42e-03	8.70e-05	1.52e-07	0.00e+00	0.00e+00	0.00e+00	2.91e-02	1.46e-09	1.65e-09
 2.54758e+23	3.53e-02	7.66e-01	1.98e-01	9.96e-04	6.81e-05	0.00e+00	0.00e+00	0.00e+00	0.00e+00	3.53e-02	1.82e-09	2.06e-09
 2.56228e+23	4.29e-02	7.92e-01	1.64e-01	6.89e-04	5.27e-05	0.00e+00	0.00e+00	0.00e+00	0.00e+00	4.29e-02	2.27e-09	2.57e-09
 2.57602e+23	5.21e-02	8.13e-01	1.34e-01	4.75e-04	4.05e-05	0.00e+00	0.00e+00	0.00e+00	0.00e+00	5.21e-02	2.83e-09	3.19e-09
 2.58886e+23	6.35e-02	8.28e-01	1.08e-01	3.23e-04	3.04e-05	0.00e+00	0.00e+00	0.00e+00	0.00e+00	6.35e-02	3.53e-09	3.98e-09
 2.60075e+23	7.70e-02	8.37e-01	8.56e-02	2.20e-04	2.27e-05	0.00e+00	0.00e+00	0.00e+00	0.00e+00	7.70e-02	4.37e-09	4.92e-09
 2.61173e+23	9.37e-02	8.39e-01	6.69e-02	1.50e-04	1.66e-05	0.00e+00	0.00e+00	0.00e+00	0.00e+00	9.37e-02	5.39e-09	6.07e-09
 2.62173e+23	1.13e-01	8.35e-01	5.18e-02	1.04e-04	1.21e-05	0.00e+00	0.00e+00	0.00e+00	0.00e+00	1.13e-01	6.59e-09	7.41e-09
 2.63054e+23	1.35e-01	8.24e-01	4.03e-02	7.39e-05	8.81e-06	0.00e+00	0.00e+00	0.00e+00	0.00e+00	1.35e-01	7.92e-09	8.90e-09
 2.63841e+23	1.60e-01	8.08e-01	3.13e-02	5.37e-05	6.41e-06	0.00e+00	0.00e+00	0.00e+00	0.00e+00	1.60e-01	9.37e-09	1.05e-08
 2.64554e+23	1.88e-01	7.87e-01	2.43e-02	3.97e-05	4.65e-06	0.00e+00	0.00e+00	0.00e+00	0.00e+00	1.88e-01	1.09e-08	1.23e-08
 2.65200e+23	2.17e-01	7.64e-01	1.90e-02	3.03e-05	3.42e-06	0.00e+00	0.00e+00	0.00e+00	0.00e+00	2.17e-01	1.25e-08	1.41e-08
 2.65802e+23	2.50e-01	7.35e-01	1.48e-02	2.33e-05	2.48e-06	0.00e+00	0.00e+00	0.00e+00	0.00e+00	2.50e-01	1.42e-08	1.59e-08
 2.66372e+23	2.86e-01	7.03e-01	1.15e-02	1.81e-05	1.80e-06	0.00e+00	0.00e+00	0.00e+00	0.00e+00	2.86e-01	1.59e-08	1.78e-08
 2.66896e+23	3.23e-01	6.68e-01	9.00e-03	1.43e-05	1.31e-06	0.00e+00	0.00e+00	0.00e+00	0.00e+00	3.23e-01	1.76e-08	1.96e-08
 2.67381e+23	3.61e-01	6.32e-01	7.08e-03	1.15e-05	9.64e-07	0.00e+00	0.00e+00	0.00e+00	0.00e+00	3.61e-01	1.91e-08	2.13e-08
 2.67821e+23	3.97e-01	5.97e-01	5.65e-03	9.44e-06	7.23e-07	0.00e+00	0.00e+00	0.00e+00	0.00e+00	3.97e-01	2.03e-08	2.27e-08
 2.68200e+23	4.30e-01	5.66e-01	4.63e-03	7.98e-06	5.62e-07	0.00e+00	0.00e+00	0.00e+00	0.00e+00	4.30e-01	2.13e-08	2.38e-08
 2.68528e+23	4.58e-01	5.38e-01	3.88e-03	6.90e-06	4.50e-07	0.00e+00	0.00e+00	0.00e+00	0.00e+00	4.58e-01	2.21e-08	2.46e-08
 2.68804e+23	4.83e-01	5.14e-01	3.35e-03	6.13e-06	3.74e-07	0.00e+00	0.00e+00	0.00e+00	0.00e+00	4.83e-01	2.26e-08	2.52e-08
 2.69043e+23	5.04e-01	4.93e-01	2.94e-03	5.53e-06	3.17e-07	0.00e+00	0.00e+00	0.00e+00	0.00e+00	5.04e-01	2.31e-08	2.57e-08
 2.69296e+23	5.26e-01	4.72e-01	2.55e-03	4.97e-06	2.67e-07	0.00e+00	0.00e+00	0.00e+00	0.00e+00	5.26e-01	2.34e-08	2.61e-08
 2.69578e+23	5.50e-01	4.48e-01	2.18e-03	4.42e-06	2.20e-07	0.00e+00	0.00e+00	0.00e+00	0.00e+00	5.50e-01	2.38e-08	2.65e-08
 2.69866e+23	5.74e-01	4.25e-01	1.87e-03	3.94e-06	1.82e-07	0.00e+00	0.00e+00	0.00e+00	0.00e+00	5.74e-01	2.40e-08	2.67e-08
 2.70132e+23	5.94e-01	4.04e-01	1.62e-03	3.55e-06	1.53e-07	0.00e+00	0.00e+00	0.00e+00	0.00e+00	5.94e-01	2.42e-08	2.69e-08
 2.70335e+23	6.09e-01	3.90e-01	1.46e-03	3.31e-06	1.35e-07	0.00e+00	0.00e+00	0.00e+00	0.00e+00	6.09e-01	2.42e-08	2.69e-08
 2.70478e+23	6.19e-01	3.79e-01	1.36e-03	3.14e-06	1.24e-07	0.00e+00	0.00e+00	0.00e+00	0.00e+00	6.19e-01	2.42e-08	2.69e-08
 2.70621e+23	6.30e-01	3.69e-01	1.26e-03	2.98e-06	0.00e+00	0.00e+00	0.00e+00	0.00e+00	0.00e+00	6.30e-01	2.42e-08	2.69e-08
 2.70786e+23	6.41e-01	3.58e-01	1.16e-03	2.82e-06	0.00e+00	0.00e+00	0.00e+00	0.00e+00	0.00e+00	6.41e-01	2.43e-08	2.70e-08
 2.70973e+23	6.53e-01	3.46e-01	1.05e-03	2.64e-06	0.00e+00	0.00e+00	0.00e+00	0.00e+00	0.00e+00	6.53e-01	2.42e-08	2.69e-08
 2.71163e+23	6.66e-01	3.33e-01	9.53e-04	2.47e-06	0.00e+00	0.00e+00	0.00e+00	0.00e+00	0.00e+00	6.66e-01	2.42e-08	2.68e-08
 2.71342e+23	6.76e-01	3.23e-01	8.73e-04	2.33e-06	0.00e+00	0.00e+00	0.00e+00	0.00e+00	0.00e+00	6.76e-01	2.41e-08	2.67e-08
 2.71519e+23	6.87e-01	3.12e-01	7.99e-04	2.21e-06	0.00e+00	0.00e+00	0.00e+00	0.00e+00	0.00e+00	6.87e-01	2.40e-08	2.66e-08
 2.71708e+23	6.97e-01	3.02e-01	7.28e-04	2.08e-06	0.00e+00	0.00e+00	0.00e+00	0.00e+00	0.00e+00	6.97e-01	2.39e-08	2.65e-08
 2.71907e+23	7.08e-01	2.91e-01	6.61e-04	1.95e-06	0.00e+00	0.00e+00	0.00e+00	0.00e+00	0.00e+00	7.08e-01	2.38e-08	2.64e-08
 2.72108e+23	7.19e-01	2.81e-01	6.00e-04	1.84e-06	0.00e+00	0.00e+00	0.00e+00	0.00e+00	0.00e+00	7.19e-01	2.37e-08	2.62e-08
 2.72309e+23	7.29e-01	2.71e-01	5.46e-04	1.74e-06	0.00e+00	0.00e+00	0.00e+00	0.00e+00	0.00e+00	7.29e-01	2.35e-08	2.61e-08
 2.72516e+23	7.38e-01	2.61e-01	4.96e-04	1.64e-06	0.00e+00	0.00e+00	0.00e+00	0.00e+00	0.00e+00	7.38e-01	2.34e-08	2.59e-08
 2.72733e+23	7.48e-01	2.52e-01	4.50e-04	1.54e-06	0.00e+00	0.00e+00	0.00e+00	0.00e+00	0.00e+00	7.48e-01	2.32e-08	2.57e-08
 2.72955e+23	7.57e-01	2.42e-01	4.07e-04	1.45e-06	0.00e+00	0.00e+00	0.00e+00	0.00e+00	0.00e+00	7.57e-01	2.30e-08	2.55e-08
 2.73183e+23	7.66e-01	2.33e-01	3.69e-04	1.37e-06	0.00e+00	0.00e+00	0.00e+00	0.00e+00	0.00e+00	7.66e-01	2.28e-08	2.52e-08
 2.73415e+23	7.75e-01	2.24e-01	3.34e-04	1.29e-06	0.00e+00	0.00e+00	0.00e+00	0.00e+00	0.00e+00	7.75e-01	2.26e-08	2.50e-08
 2.73655e+23	7.84e-01	2.16e-01	3.02e-04	1.22e-06	0.00e+00	0.00e+00	0.00e+00	0.00e+00	0.00e+00	7.84e-01	2.24e-08	2.48e-08
 2.73904e+23	7.92e-01	2.08e-01	2.73e-04	1.15e-06	0.00e+00	0.00e+00	0.00e+00	0.00e+00	0.00e+00	7.92e-01	2.22e-08	2.46e-08
 2.74160e+23	8.00e-01	1.99e-01	2.46e-04	1.08e-06	0.00e+00	0.00e+00	0.00e+00	0.00e+00	0.00e+00	8.00e-01	2.20e-08	2.43e-08
 2.74424e+23	8.08e-01	1.92e-01	2.23e-04	1.02e-06	0.00e+00	0.00e+00	0.00e+00	0.00e+00	0.00e+00	8.08e-01	2.18e-08	2.41e-08
 2.74696e+23	8.16e-01	1.84e-01	2.01e-04	9.63e-07	0.00e+00	0.00e+00	0.00e+00	0.00e+00	0.00e+00	8.16e-01	2.16e-08	2.38e-08
 2.74978e+23	8.23e-01	1.77e-01	1.82e-04	9.08e-07	0.00e+00	0.00e+00	0.00e+00	0.00e+00	0.00e+00	8.23e-01	2.14e-08	2.36e-08
 2.75271e+23	8.30e-01	1.70e-01	1.65e-04	8.56e-07	0.00e+00	0.00e+00	0.00e+00	0.00e+00	0.00e+00	8.30e-01	2.12e-08	2.33e-08
 2.75575e+23	8.37e-01	1.63e-01	1.49e-04	8.07e-07	0.00e+00	0.00e+00	0.00e+00	0.00e+00	0.00e+00	8.37e-01	2.10e-08	2.31e-08
 2.75891e+23	8.44e-01	1.56e-01	1.35e-04	7.61e-07	0.00e+00	0.00e+00	0.00e+00	0.00e+00	0.00e+00	8.44e-01	2.07e-08	2.28e-08
 2.76218e+23	8.50e-01	1.50e-01	1.23e-04	7.18e-07	0.00e+00	0.00e+00	0.00e+00	0.00e+00	0.00e+00	8.50e-01	2.05e-08	2.26e-08
 2.76554e+23	8.56e-01	1.44e-01	1.12e-04	6.78e-07	0.00e+00	0.00e+00	0.00e+00	0.00e+00	0.00e+00	8.56e-01	2.04e-08	2.24e-08
 2.76898e+23	8.62e-01	1.38e-01	1.03e-04	6.42e-07	0.00e+00	0.00e+00	0.00e+00	0.00e+00	0.00e+00	8.62e-01	2.02e-08	2.22e-08
 2.77252e+23	8.67e-01	1.33e-01	9.46e-05	6.08e-07	0.00e+00	0.00e+00	0.00e+00	0.00e+00	0.00e+00	8.67e-01	2.00e-08	2.19e-08
 2.77618e+23	8.72e-01	1.28e-01	8.73e-05	5.75e-07	0.00e+00	0.00e+00	0.00e+00	0.00e+00	0.00e+00	8.72e-01	1.98e-08	2.16e-08
 2.78006e+23	8.77e-01	1.23e-01	8.07e-05	5.44e-07	0.00e+00	0.00e+00	0.00e+00	0.00e+00	0.00e+00	8.77e-01	1.96e-08	2.13e-08
 2.78414e+23	8.82e-01	1.18e-01	7.49e-05	5.15e-07	0.00e+00	0.00e+00	0.00e+00	0.00e+00	0.00e+00	8.82e-01	1.94e-08	2.10e-08
 2.78828e+23	8.86e-01	1.14e-01	7.00e-05	4.89e-07	0.00e+00	0.00e+00	0.00e+00	0.00e+00	0.00e+00	8.86e-01	1.93e-08	2.07e-08
 2.79253e+23	8.90e-01	1.10e-01	6.57e-05	4.65e-07	0.00e+00	0.00e+00	0.00e+00	0.00e+00	0.00e+00	8.90e-01	1.91e-08	2.05e-08
 2.79710e+23	8.94e-01	1.06e-01	6.18e-05	4.42e-07	0.00e+00	0.00e+00	0.00e+00	0.00e+00	0.00e+00	8.94e-01	1.90e-08	2.03e-08
 2.80196e+23	8.98e-01	1.02e-01	5.83e-05	4.19e-07	0.00e+00	0.00e+00	0.00e+00	0.00e+00	0.00e+00	8.98e-01	1.89e-08	2.00e-08
 2.80702e+23	9.01e-01	9.87e-02	5.52e-05	3.98e-07	0.00e+00	0.00e+00	0.00e+00	0.00e+00	0.00e+00	9.01e-01	1.88e-08	1.98e-08
 2.81239e+23	9.05e-01	9.52e-02	5.25e-05	3.78e-07	0.00e+00	0.00e+00	0.00e+00	0.00e+00	0.00e+00	9.05e-01	1.87e-08	1.96e-08
 2.81812e+23	9.08e-01	9.18e-02	5.00e-05	3.58e-07	0.00e+00	0.00e+00	0.00e+00	0.00e+00	0.00e+00	9.08e-01	1.86e-08	1.94e-08
 2.82419e+23	9.11e-01	8.85e-02	4.78e-05	3.39e-07	0.00e+00	0.00e+00	0.00e+00	0.00e+00	0.00e+00	9.11e-01	1.85e-08	1.92e-08
 2.83039e+23	9.15e-01	8.54e-02	4.59e-05	3.22e-07	0.00e+00	0.00e+00	0.00e+00	0.00e+00	0.00e+00	9.15e-01	1.85e-08	1.90e-08
 2.83636e+23	9.17e-01	8.27e-02	4.44e-05	3.07e-07	0.00e+00	0.00e+00	0.00e+00	0.00e+00	0.00e+00	9.17e-01	1.84e-08	1.89e-08
 2.84209e+23	9.20e-01	8.03e-02	4.31e-05	2.94e-07	0.00e+00	0.00e+00	0.00e+00	0.00e+00	0.00e+00	9.20e-01	1.84e-08	1.88e-08
 2.84772e+23	9.22e-01	7.80e-02	4.20e-05	2.81e-07	0.00e+00	0.00e+00	0.00e+00	0.00e+00	0.00e+00	9.22e-01	1.84e-08	1.87e-08
 2.85327e+23	9.24e-01	7.59e-02	4.10e-05	2.69e-07	0.00e+00	0.00e+00	0.00e+00	0.00e+00	0.00e+00	9.24e-01	1.84e-08	1.86e-08
 2.85871e+23	9.26e-01	7.38e-02	4.01e-05	2.59e-07	0.00e+00	0.00e+00	0.00e+00	0.00e+00	0.00e+00	9.26e-01	1.83e-08	1.85e-08
 2.86392e+23	9.28e-01	7.19e-02	3.93e-05	2.49e-07	0.00e+00	0.00e+00	0.00e+00	0.00e+00	0.00e+00	9.28e-01	1.83e-08	1.84e-08
 2.86889e+23	9.30e-01	7.01e-02	3.86e-05	2.40e-07	0.00e+00	0.00e+00	0.00e+00	0.00e+00	0.00e+00	9.30e-01	1.82e-08	1.82e-08
 2.87354e+23	9.32e-01	6.85e-02	3.80e-05	2.31e-07	0.00e+00	0.00e+00	0.00e+00	0.00e+00	0.00e+00	9.32e-01	1.82e-08	1.82e-08
 2.87804e+23	9.33e-01	6.69e-02	3.75e-05	2.24e-07	0.00e+00	0.00e+00	0.00e+00	0.00e+00	0.00e+00	9.33e-01	1.82e-08	1.81e-08
 2.88255e+23	9.35e-01	6.53e-02	3.70e-05	2.16e-07	0.00e+00	0.00e+00	0.00e+00	0.00e+00	0.00e+00	9.35e-01	1.82e-08	1.80e-08
 2.88691e+23	9.36e-01	6.38e-02	3.65e-05	2.09e-07	0.00e+00	0.00e+00	0.00e+00	0.00e+00	0.00e+00	9.36e-01	1.81e-08	1.79e-08
 2.89112e+23	9.38e-01	6.23e-02	3.61e-05	2.02e-07	0.00e+00	0.00e+00	0.00e+00	0.00e+00	0.00e+00	9.38e-01	1.81e-08	1.78e-08
 2.89516e+23	9.39e-01	6.10e-02	3.57e-05	1.96e-07	0.00e+00	0.00e+00	0.00e+00	0.00e+00	0.00e+00	9.39e-01	1.81e-08	1.78e-08
 2.89907e+23	9.40e-01	5.97e-02	3.54e-05	1.90e-07	0.00e+00	0.00e+00	0.00e+00	0.00e+00	0.00e+00	9.40e-01	1.81e-08	1.77e-08
 2.90285e+23	9.42e-01	5.84e-02	3.51e-05	1.85e-07	0.00e+00	0.00e+00	0.00e+00	0.00e+00	0.00e+00	9.42e-01	1.81e-08	1.76e-08
 2.90650e+23	9.43e-01	5.72e-02	3.48e-05	1.79e-07	0.00e+00	0.00e+00	0.00e+00	0.00e+00	0.00e+00	9.43e-01	1.80e-08	1.76e-08
 2.91001e+23	9.44e-01	5.60e-02	3.45e-05	1.74e-07	0.00e+00	0.00e+00	0.00e+00	0.00e+00	0.00e+00	9.44e-01	1.80e-08	1.75e-08
 2.91339e+23	9.45e-01	5.48e-02	3.42e-05	1.70e-07	0.00e+00	0.00e+00	0.00e+00	0.00e+00	0.00e+00	9.45e-01	1.80e-08	1.74e-08
 2.91666e+23	9.46e-01	5.37e-02	3.40e-05	1.65e-07	0.00e+00	0.00e+00	0.00e+00	0.00e+00	0.00e+00	9.46e-01	1.79e-08	1.74e-08
 2.91976e+23	9.47e-01	5.27e-02	3.38e-05	1.61e-07	0.00e+00	0.00e+00	0.00e+00	0.00e+00	0.00e+00	9.47e-01	1.79e-08	1.73e-08
 2.92280e+23	9.48e-01	5.17e-02	3.36e-05	1.57e-07	0.00e+00	0.00e+00	0.00e+00	0.00e+00	0.00e+00	9.48e-01	1.79e-08	1.72e-08
 2.92575e+23	9.49e-01	5.06e-02	3.34e-05	1.53e-07	0.00e+00	0.00e+00	0.00e+00	0.00e+00	0.00e+00	9.49e-01	1.79e-08	1.72e-08
 2.92844e+23	9.50e-01	4.98e-02	3.32e-05	1.50e-07	0.00e+00	0.00e+00	0.00e+00	0.00e+00	0.00e+00	9.50e-01	1.78e-08	1.71e-08
 2.93088e+23	9.51e-01	4.90e-02	3.31e-05	1.47e-07	0.00e+00	0.00e+00	0.00e+00	0.00e+00	0.00e+00	9.51e-01	1.78e-08	1.70e-08
 2.93310e+23	9.52e-01	4.83e-02	3.29e-05	1.44e-07	0.00e+00	0.00e+00	0.00e+00	0.00e+00	0.00e+00	9.52e-01	1.78e-08	1.70e-08
 2.93513e+23	9.52e-01	4.76e-02	3.28e-05	1.42e-07	0.00e+00	0.00e+00	0.00e+00	0.00e+00	0.00e+00	9.52e-01	1.77e-08	1.69e-08
 2.93697e+23	9.53e-01	4.70e-02	3.27e-05	1.39e-07	0.00e+00	0.00e+00	0.00e+00	0.00e+00	0.00e+00	9.53e-01	1.77e-08	1.69e-08
 2.93864e+23	9.53e-01	4.65e-02	3.26e-05	1.38e-07	0.00e+00	0.00e+00	0.00e+00	0.00e+00	0.00e+00	9.53e-01	1.77e-08	1.68e-08
 2.94017e+23	9.54e-01	4.60e-02	3.25e-05	1.36e-07	0.00e+00	0.00e+00	0.00e+00	0.00e+00	0.00e+00	9.54e-01	1.76e-08	1.68e-08
 2.94184e+23	9.55e-01	4.54e-02	3.24e-05	1.34e-07	0.00e+00	0.00e+00	0.00e+00	0.00e+00	0.00e+00	9.55e-01	1.75e-08	1.68e-08
 2.94364e+23	9.55e-01	4.47e-02	3.22e-05	1.31e-07	0.00e+00	0.00e+00	0.00e+00	0.00e+00	0.00e+00	9.55e-01	1.75e-08	1.67e-08
 2.94528e+23	9.56e-01	4.42e-02	3.21e-05	1.29e-07	0.00e+00	0.00e+00	0.00e+00	0.00e+00	0.00e+00	9.56e-01	1.74e-08	1.67e-08
 2.94708e+23	9.56e-01	4.36e-02	3.19e-05	1.27e-07	0.00e+00	0.00e+00	0.00e+00	0.00e+00	0.00e+00	9.56e-01	1.73e-08	1.66e-08
 2.94902e+23	9.57e-01	4.28e-02	3.18e-05	1.25e-07	0.00e+00	0.00e+00	0.00e+00	0.00e+00	0.00e+00	9.57e-01	1.72e-08	1.65e-08
 2.95079e+23	9.58e-01	4.22e-02	3.16e-05	0.00e+00	0.00e+00	0.00e+00	0.00e+00	0.00e+00	0.00e+00	9.58e-01	1.72e-08	1.65e-08
 2.95239e+23	9.58e-01	4.17e-02	3.15e-05	0.00e+00	0.00e+00	0.00e+00	0.00e+00	0.00e+00	0.00e+00	9.58e-01	1.71e-08	1.64e-08
 2.95386e+23	9.59e-01	4.13e-02	3.14e-05	0.00e+00	0.00e+00	0.00e+00	0.00e+00	0.00e+00	0.00e+00	9.59e-01	1.71e-08	1.64e-08
 2.95546e+23	9.59e-01	4.08e-02	3.12e-05	0.00e+00	0.00e+00	0.00e+00	0.00e+00	0.00e+00	0.00e+00	9.59e-01	1.70e-08	1.64e-08
 2.95719e+23	9.60e-01	4.02e-02	3.10e-05	0.00e+00	0.00e+00	0.00e+00	0.00e+00	0.00e+00	0.00e+00	9.60e-01	1.69e-08	1.63e-08
 2.95909e+23	9.60e-01	3.96e-02	3.08e-05	0.00e+00	0.00e+00	0.00e+00	0.00e+00	0.00e+00	0.00e+00	9.60e-01	1.69e-08	1.63e-08
 2.96114e+23	9.61e-01	3.90e-02	3.06e-05	0.00e+00	0.00e+00	0.00e+00	0.00e+00	0.00e+00	0.00e+00	9.61e-01	1.69e-08	1.63e-08
 2.96300e+23	9.62e-01	3.84e-02	3.04e-05	0.00e+00	0.00e+00	0.00e+00	0.00e+00	0.00e+00	0.00e+00	9.62e-01	1.68e-08	1.62e-08
 2.96469e+23	9.62e-01	3.81e-02	3.03e-05	0.00e+00	0.00e+00	0.00e+00	0.00e+00	0.00e+00	0.00e+00	9.62e-01	1.68e-08	1.62e-08
 2.96655e+23	9.62e-01	3.75e-02	3.00e-05	0.00e+00	0.00e+00	0.00e+00	0.00e+00	0.00e+00	0.00e+00	9.62e-01	1.67e-08	1.62e-08
 2.96897e+23	9.63e-01	3.68e-02	2.97e-05	0.00e+00	0.00e+00	0.00e+00	0.00e+00	0.00e+00	0.00e+00	9.63e-01	1.67e-08	1.62e-08
 2.97157e+23	9.64e-01	3.60e-02	2.94e-05	0.00e+00	0.00e+00	0.00e+00	0.00e+00	0.00e+00	0.00e+00	9.64e-01	1.67e-08	1.61e-08
 2.97395e+23	9.65e-01	3.53e-02	2.91e-05	0.00e+00	0.00e+00	0.00e+00	0.00e+00	0.00e+00	0.00e+00	9.65e-01	1.66e-08	1.61e-08
 2.97611e+23	9.65e-01	3.48e-02	2.89e-05	0.00e+00	0.00e+00	0.00e+00	0.00e+00	0.00e+00	0.00e+00	9.65e-01	1.66e-08	1.61e-08
 2.97807e+23	9.66e-01	3.44e-02	2.87e-05	0.00e+00	0.00e+00	0.00e+00	0.00e+00	0.00e+00	0.00e+00	9.66e-01	1.65e-08	1.60e-08
 2.97986e+23	9.66e-01	3.40e-02	2.85e-05	0.00e+00	0.00e+00	0.00e+00	0.00e+00	0.00e+00	0.00e+00	9.66e-01	1.65e-08	1.60e-08
 2.98182e+23	9.67e-01	3.35e-02	2.82e-05	0.00e+00	0.00e+00	0.00e+00	0.00e+00	0.00e+00	0.00e+00	9.67e-01	1.65e-08	1.60e-08
 2.98393e+23	9.67e-01	3.28e-02	2.79e-05	0.00e+00	0.00e+00	0.00e+00	0.00e+00	0.00e+00	0.00e+00	9.67e-01	1.64e-08	1.59e-08
 2.98586e+23	9.68e-01	3.24e-02	2.76e-05	0.00e+00	0.00e+00	0.00e+00	0.00e+00	0.00e+00	0.00e+00	9.68e-01	1.64e-08	1.59e-08
 2.98761e+23	9.68e-01	3.20e-02	2.74e-05	0.00e+00	0.00e+00	0.00e+00	0.00e+00	0.00e+00	0.00e+00	9.68e-01	1.63e-08	1.58e-08
 2.98920e+23	9.68e-01	3.16e-02	2.72e-05	0.00e+00	0.00e+00	0.00e+00	0.00e+00	0.00e+00	0.00e+00	9.68e-01	1.63e-08	1.58e-08
 2.99095e+23	9.69e-01	3.12e-02	2.69e-05	0.00e+00	0.00e+00	0.00e+00	0.00e+00	0.00e+00	0.00e+00	9.69e-01	1.63e-08	1.58e-08
 2.99284e+23	9.69e-01	3.06e-02	2.66e-05	0.00e+00	0.00e+00	0.00e+00	0.00e+00	0.00e+00	0.00e+00	9.69e-01	1.62e-08	1.57e-08
 2.99455e+23	9.70e-01	3.02e-02	2.64e-05	0.00e+00	0.00e+00	0.00e+00	0.00e+00	0.00e+00	0.00e+00	9.70e-01	1.62e-08	1.57e-08
 2.99643e+23	9.70e-01	2.98e-02	2.61e-05	0.00e+00	0.00e+00	0.00e+00	0.00e+00	0.00e+00	0.00e+00	9.70e-01	1.61e-08	1.56e-08
 2.99846e+23	9.71e-01	2.92e-02	2.59e-05	0.00e+00	0.00e+00	0.00e+00	0.00e+00	0.00e+00	0.00e+00	9.71e-01	1.61e-08	1.56e-08
 3.00031e+23	9.71e-01	2.89e-02	2.56e-05	0.00e+00	0.00e+00	0.00e+00	0.00e+00	0.00e+00	0.00e+00	9.71e-01	1.61e-08	1.56e-08
 3.00233e+23	9.72e-01	2.84e-02	2.54e-05	0.00e+00	0.00e+00	0.00e+00	0.00e+00	0.00e+00	0.00e+00	9.72e-01	1.60e-08	1.55e-08
 3.00452e+23	9.72e-01	2.78e-02	2.51e-05	0.00e+00	0.00e+00	0.00e+00	0.00e+00	0.00e+00	0.00e+00	9.72e-01	1.60e-08	1.54e-08
 3.00651e+23	9.73e-01	2.74e-02	2.49e-05	0.00e+00	0.00e+00	0.00e+00	0.00e+00	0.00e+00	0.00e+00	9.73e-01	1.60e-08	1.54e-08
 3.00832e+23	9.73e-01	2.71e-02	2.47e-05	0.00e+00	0.00e+00	0.00e+00	0.00e+00	0.00e+00	0.00e+00	9.73e-01	1.59e-08	1.54e-08
 3.01030e+23	9.73e-01	2.66e-02	2.44e-05	0.00e+00	0.00e+00	0.00e+00	0.00e+00	0.00e+00	0.00e+00	9.73e-01	1.59e-08	1.53e-08
 3.01244e+23	9.74e-01	2.61e-02	2.41e-05	0.00e+00	0.00e+00	0.00e+00	0.00e+00	0.00e+00	0.00e+00	9.74e-01	1.58e-08	1.52e-08
 3.01439e+23	9.74e-01	2.57e-02	2.39e-05	0.00e+00	0.00e+00	0.00e+00	0.00e+00	0.00e+00	0.00e+00	9.74e-01	1.58e-08	1.52e-08
 3.01652e+23	9.75e-01	2.53e-02	2.37e-05	0.00e+00	0.00e+00	0.00e+00	0.00e+00	0.00e+00	0.00e+00	9.75e-01	1.57e-08	1.51e-08
 3.01883e+23	9.75e-01	2.48e-02	2.34e-05	0.00e+00	0.00e+00	0.00e+00	0.00e+00	0.00e+00	0.00e+00	9.75e-01	1.56e-08	1.50e-08
 3.02093e+23	9.76e-01	2.44e-02	2.32e-05	0.00e+00	0.00e+00	0.00e+00	0.00e+00	0.00e+00	0.00e+00	9.76e-01	1.54e-08	1.48e-08
 3.02283e+23	9.76e-01	2.42e-02	2.30e-05	0.00e+00	0.00e+00	0.00e+00	0.00e+00	0.00e+00	0.00e+00	9.76e-01	1.53e-08	1.48e-08
 3.02493e+23	9.76e-01	2.38e-02	2.28e-05	0.00e+00	0.00e+00	0.00e+00	0.00e+00	0.00e+00	0.00e+00	9.76e-01	1.52e-08	1.47e-08
 3.02718e+23	9.77e-01	2.34e-02	2.26e-05	0.00e+00	0.00e+00	0.00e+00	0.00e+00	0.00e+00	0.00e+00	9.77e-01	1.50e-08	1.45e-08
 3.02924e+23	9.77e-01	2.31e-02	2.24e-05	0.00e+00	0.00e+00	0.00e+00	0.00e+00	0.00e+00	0.00e+00	9.77e-01	1.50e-08	1.44e-08
 3.03149e+23	9.77e-01	2.27e-02	2.21e-05	0.00e+00	0.00e+00	0.00e+00	0.00e+00	0.00e+00	0.00e+00	9.77e-01	1.48e-08	1.42e-08
 3.03392e+23	9.78e-01	2.22e-02	2.19e-05	0.00e+00	0.00e+00	0.00e+00	0.00e+00	0.00e+00	0.00e+00	9.78e-01	1.47e-08	1.41e-08
 3.03613e+23	9.78e-01	2.19e-02	2.17e-05	0.00e+00	0.00e+00	0.00e+00	0.00e+00	0.00e+00	0.00e+00	9.78e-01	1.45e-08	1.39e-08
 3.03814e+23	9.78e-01	2.17e-02	2.15e-05	0.00e+00	0.00e+00	0.00e+00	0.00e+00	0.00e+00	0.00e+00	9.78e-01	1.44e-08	1.38e-08
 3.04035e+23	9.79e-01	2.13e-02	2.13e-05	0.00e+00	0.00e+00	0.00e+00	0.00e+00	0.00e+00	0.00e+00	9.79e-01	1.43e-08	1.37e-08
 3.04273e+23	9.79e-01	2.09e-02	2.11e-05	0.00e+00	0.00e+00	0.00e+00	0.00e+00	0.00e+00	0.00e+00	9.79e-01	1.42e-08	1.35e-08
 3.04490e+23	9.79e-01	2.07e-02	2.09e-05	0.00e+00	0.00e+00	0.00e+00	0.00e+00	0.00e+00	0.00e+00	9.79e-01	1.41e-08	1.34e-08
 3.04727e+23	9.80e-01	2.02e-02	2.07e-05	0.00e+00	0.00e+00	0.00e+00	0.00e+00	0.00e+00	0.00e+00	9.80e-01	1.39e-08	1.33e-08
 3.04984e+23	9.80e-01	1.98e-02	2.05e-05	0.00e+00	0.00e+00	0.00e+00	0.00e+00	0.00e+00	0.00e+00	9.80e-01	1.38e-08	1.31e-08
 3.05217e+23	9.80e-01	1.95e-02	2.03e-05	0.00e+00	0.00e+00	0.00e+00	0.00e+00	0.00e+00	0.00e+00	9.80e-01	1.37e-08	1.29e-08
 3.05429e+23	9.81e-01	1.93e-02	2.01e-05	0.00e+00	0.00e+00	0.00e+00	0.00e+00	0.00e+00	0.00e+00	9.81e-01	1.36e-08	1.29e-08
 3.05662e+23	9.81e-01	1.90e-02	1.99e-05	0.00e+00	0.00e+00	0.00e+00	0.00e+00	0.00e+00	0.00e+00	9.81e-01	1.35e-08	1.27e-08
 3.05913e+23	9.81e-01	1.86e-02	1.97e-05	0.00e+00	0.00e+00	0.00e+00	0.00e+00	0.00e+00	0.00e+00	9.81e-01	1.33e-08	1.25e-08
 3.06141e+23	9.82e-01	1.84e-02	1.96e-05	0.00e+00	0.00e+00	0.00e+00	0.00e+00	0.00e+00	0.00e+00	9.82e-01	1.32e-08	1.24e-08
 3.06392e+23	9.82e-01	1.80e-02	1.93e-05	0.00e+00	0.00e+00	0.00e+00	0.00e+00	0.00e+00	0.00e+00	9.82e-01	1.30e-08	1.22e-08
 3.06662e+23	9.82e-01	1.76e-02	1.91e-05	0.00e+00	0.00e+00	0.00e+00	0.00e+00	0.00e+00	0.00e+00	9.82e-01	1.29e-08	1.20e-08
 3.06908e+23	9.83e-01	1.74e-02	1.90e-05	0.00e+00	0.00e+00	0.00e+00	0.00e+00	0.00e+00	0.00e+00	9.83e-01	1.28e-08	1.20e-08
 3.07178e+23	9.83e-01	1.70e-02	1.88e-05	0.00e+00	0.00e+00	0.00e+00	0.00e+00	0.00e+00	0.00e+00	9.83e-01	1.26e-08	1.18e-08
 3.07469e+23	9.83e-01	1.67e-02	1.86e-05	0.00e+00	0.00e+00	0.00e+00	0.00e+00	0.00e+00	0.00e+00	9.83e-01	1.25e-08	1.16e-08
 3.07733e+23	9.84e-01	1.64e-02	1.84e-05	0.00e+00	0.00e+00	0.00e+00	0.00e+00	0.00e+00	0.00e+00	9.84e-01	1.23e-08	1.14e-08
 3.07974e+23	9.84e-01	1.62e-02	1.82e-05	0.00e+00	0.00e+00	0.00e+00	0.00e+00	0.00e+00	0.00e+00	9.84e-01	1.22e-08	1.13e-08
 3.08239e+23	9.84e-01	1.58e-02	1.80e-05	0.00e+00	0.00e+00	0.00e+00	0.00e+00	0.00e+00	0.00e+00	9.84e-01	1.20e-08	1.11e-08
 3.08478e+23	9.84e-01	1.56e-02	1.79e-05	0.00e+00	0.00e+00	0.00e+00	0.00e+00	0.00e+00	0.00e+00	9.84e-01	1.19e-08	1.10e-08
