#depth	Ne	Ne+	Ne+2	Ne+3	Ne+4	Ne+5	Ne+6	Ne+7	Ne+8	Ne+9	Ne+10
 1.54284e+22	4.32e-15	3.61e-10	1.13e-06	2.63e-04	1.54e-02	1.42e-01	2.39e-01	1.95e-01	3.55e-01	5.19e-02	2.07e-03
 3.44524e+22	8.24e-15	9.37e-10	3.34e-06	7.02e-04	3.23e-02	2.25e-01	2.79e-01	1.91e-01	2.46e-01	2.48e-02	6.80e-04
 3.98458e+22	1.36e-14	1.66e-09	5.90e-06	1.13e-03	4.51e-02	2.70e-01	2.87e-01	1.80e-01	1.99e-01	1.68e-02	3.87e-04
 4.25425e+22	1.81e-14	2.25e-09	7.87e-06	1.42e-03	5.29e-02	2.94e-01	2.89e-01	1.73e-01	1.77e-01	1.37e-02	2.90e-04
 4.38517e+22	2.09e-14	2.59e-09	8.98e-06	1.58e-03	5.67e-02	3.04e-01	2.89e-01	1.69e-01	1.67e-01	1.25e-02	2.54e-04
 4.47954e+22	2.51e-14	3.12e-09	1.06e-05	1.81e-03	6.19e-02	3.18e-01	2.88e-01	1.64e-01	1.55e-01	1.10e-02	2.14e-04
 4.57543e+22	2.93e-14	3.62e-09	1.22e-05	2.01e-03	6.64e-02	3.28e-01	2.87e-01	1.60e-01	1.46e-01	9.98e-03	1.86e-04
 4.67331e+22	3.59e-14	4.40e-09	1.45e-05	2.30e-03	7.24e-02	3.42e-01	2.85e-01	1.54e-01	1.35e-01	8.76e-03	1.56e-04
 4.77252e+22	4.26e-14	5.15e-09	1.66e-05	2.55e-03	7.74e-02	3.52e-01	2.83e-01	1.50e-01	1.27e-01	7.90e-03	1.35e-04
 4.87347e+22	5.32e-14	6.34e-09	1.99e-05	2.93e-03	8.45e-02	3.66e-01	2.80e-01	1.44e-01	1.16e-01	6.85e-03	1.11e-04
 4.97462e+22	6.36e-14	7.44e-09	2.28e-05	3.24e-03	9.01e-02	3.76e-01	2.77e-01	1.39e-01	1.09e-01	6.17e-03	9.60e-05
 5.07604e+22	8.02e-14	9.17e-09	2.72e-05	3.70e-03	9.78e-02	3.89e-01	2.73e-01	1.32e-01	9.92e-02	5.35e-03	7.90e-05
 5.18003e+22	9.72e-14	1.09e-08	3.13e-05	4.10e-03	1.04e-01	3.98e-01	2.69e-01	1.27e-01	9.22e-02	4.77e-03	6.77e-05
 5.28735e+22	1.25e-13	1.36e-08	3.77e-05	4.70e-03	1.13e-01	4.11e-01	2.63e-01	1.21e-01	8.34e-02	4.08e-03	5.49e-05
 5.39646e+22	1.54e-13	1.62e-08	4.34e-05	5.21e-03	1.20e-01	4.20e-01	2.58e-01	1.15e-01	7.71e-02	3.62e-03	4.67e-05
 5.50792e+22	2.01e-13	2.04e-08	5.25e-05	5.98e-03	1.30e-01	4.31e-01	2.51e-01	1.08e-01	6.92e-02	3.07e-03	3.74e-05
 5.62222e+22	2.50e-13	2.45e-08	6.08e-05	6.64e-03	1.39e-01	4.40e-01	2.46e-01	1.03e-01	6.35e-02	2.69e-03	3.14e-05
 5.74024e+22	3.34e-13	3.12e-08	7.40e-05	7.63e-03	1.50e-01	4.50e-01	2.38e-01	9.61e-02	5.64e-02	2.26e-03	2.48e-05
 5.86001e+22	4.18e-13	3.77e-08	8.58e-05	8.47e-03	1.59e-01	4.57e-01	2.31e-01	9.08e-02	5.14e-02	1.97e-03	2.07e-05
 5.98204e+22	5.64e-13	4.83e-08	1.04e-04	9.71e-03	1.72e-01	4.65e-01	2.22e-01	8.40e-02	4.54e-02	1.63e-03	1.62e-05
 6.10549e+22	7.10e-13	5.84e-08	1.21e-04	1.08e-02	1.82e-01	4.71e-01	2.15e-01	7.90e-02	4.11e-02	1.41e-03	1.34e-05
 6.23080e+22	9.64e-13	7.51e-08	1.47e-04	1.23e-02	1.96e-01	4.77e-01	2.05e-01	7.26e-02	3.60e-02	1.16e-03	1.04e-05
 6.35810e+22	1.22e-12	9.11e-08	1.71e-04	1.36e-02	2.07e-01	4.81e-01	1.98e-01	6.79e-02	3.25e-02	1.00e-03	8.49e-06
 6.46962e+22	1.54e-12	1.10e-07	1.98e-04	1.51e-02	2.18e-01	4.84e-01	1.90e-01	6.34e-02	2.92e-02	8.59e-04	6.96e-06
 6.59624e+22	2.09e-12	1.41e-07	2.39e-04	1.71e-02	2.32e-01	4.86e-01	1.80e-01	5.79e-02	2.55e-02	7.04e-04	5.37e-06
 6.72444e+22	2.65e-12	1.71e-07	2.77e-04	1.88e-02	2.44e-01	4.87e-01	1.73e-01	5.38e-02	2.28e-02	6.02e-04	4.38e-06
 6.83016e+22	3.26e-12	2.01e-07	3.14e-04	2.04e-02	2.54e-01	4.88e-01	1.66e-01	5.04e-02	2.07e-02	5.24e-04	3.66e-06
 6.94304e+22	4.21e-12	2.47e-07	3.67e-04	2.26e-02	2.67e-01	4.87e-01	1.58e-01	4.64e-02	1.83e-02	4.40e-04	2.92e-06
 7.05852e+22	5.24e-12	2.95e-07	4.18e-04	2.47e-02	2.78e-01	4.86e-01	1.51e-01	4.32e-02	1.65e-02	3.79e-04	2.40e-06
 7.16133e+22	6.46e-12	3.48e-07	4.74e-04	2.68e-02	2.89e-01	4.84e-01	1.44e-01	4.03e-02	1.49e-02	3.27e-04	1.99e-06
 7.27893e+22	8.38e-12	4.28e-07	5.54e-04	2.96e-02	3.03e-01	4.81e-01	1.36e-01	3.68e-02	1.31e-02	2.72e-04	1.57e-06
 7.40096e+22	1.06e-11	5.17e-07	6.37e-04	3.23e-02	3.15e-01	4.77e-01	1.29e-01	3.39e-02	1.16e-02	2.30e-04	1.26e-06
 7.50976e+22	1.31e-11	6.11e-07	7.22e-04	3.50e-02	3.26e-01	4.73e-01	1.23e-01	3.14e-02	1.04e-02	1.98e-04	1.04e-06
 7.63219e+22	1.71e-11	7.53e-07	8.42e-04	3.86e-02	3.40e-01	4.68e-01	1.15e-01	2.85e-02	9.06e-03	1.63e-04	8.11e-07
 7.76054e+22	2.19e-11	9.14e-07	9.72e-04	4.22e-02	3.53e-01	4.62e-01	1.08e-01	2.60e-02	7.95e-03	1.36e-04	6.42e-07
 7.87665e+22	2.73e-11	1.09e-06	1.10e-03	4.57e-02	3.65e-01	4.55e-01	1.02e-01	2.39e-02	7.06e-03	1.15e-04	5.19e-07
 8.00766e+22	3.60e-11	1.35e-06	1.30e-03	5.04e-02	3.79e-01	4.47e-01	9.45e-02	2.15e-02	6.07e-03	9.32e-05	3.97e-07
 8.14293e+22	4.60e-11	1.64e-06	1.49e-03	5.49e-02	3.92e-01	4.39e-01	8.82e-02	1.95e-02	5.29e-03	7.71e-05	3.12e-07
 8.26342e+22	5.78e-11	1.96e-06	1.70e-03	5.94e-02	4.04e-01	4.30e-01	8.26e-02	1.78e-02	4.65e-03	6.45e-05	2.49e-07
 8.39975e+22	7.67e-11	2.45e-06	1.99e-03	6.54e-02	4.18e-01	4.19e-01	7.59e-02	1.58e-02	3.95e-03	5.16e-05	1.87e-07
 8.54129e+22	9.88e-11	2.98e-06	2.30e-03	7.12e-02	4.30e-01	4.09e-01	7.03e-02	1.42e-02	3.41e-03	4.21e-05	1.45e-07
 8.66843e+22	1.25e-10	3.57e-06	2.62e-03	7.69e-02	4.41e-01	3.98e-01	6.52e-02	1.29e-02	2.97e-03	3.48e-05	0.00e+00
 8.81254e+22	1.68e-10	4.50e-06	3.09e-03	8.47e-02	4.54e-01	3.85e-01	5.92e-02	1.13e-02	2.48e-03	2.72e-05	0.00e+00
 8.96157e+22	2.17e-10	5.48e-06	3.56e-03	9.19e-02	4.65e-01	3.73e-01	5.44e-02	1.01e-02	2.12e-03	2.20e-05	0.00e+00
 9.09629e+22	2.77e-10	6.62e-06	4.07e-03	9.92e-02	4.75e-01	3.61e-01	5.00e-02	9.05e-03	1.82e-03	1.79e-05	0.00e+00
 9.25073e+22	3.80e-10	8.43e-06	4.84e-03	1.09e-01	4.87e-01	3.44e-01	4.47e-02	7.83e-03	1.49e-03	1.36e-05	0.00e+00
 9.40652e+22	4.90e-10	1.03e-05	5.55e-03	1.18e-01	4.96e-01	3.31e-01	4.07e-02	6.96e-03	1.27e-03	1.09e-05	0.00e+00
 9.56406e+22	6.62e-10	1.29e-05	6.54e-03	1.29e-01	5.06e-01	3.15e-01	3.63e-02	6.01e-03	1.04e-03	8.33e-06	0.00e+00
 9.72514e+22	8.65e-10	1.59e-05	7.54e-03	1.40e-01	5.13e-01	3.01e-01	3.27e-02	5.28e-03	8.67e-04	6.54e-06	0.00e+00
 9.86669e+22	1.10e-09	1.91e-05	8.59e-03	1.50e-01	5.19e-01	2.87e-01	2.96e-02	4.68e-03	7.33e-04	5.22e-06	0.00e+00
 1.00266e+23	1.51e-09	2.42e-05	1.01e-02	1.63e-01	5.26e-01	2.70e-01	2.61e-02	3.99e-03	5.90e-04	3.90e-06	0.00e+00
 1.01905e+23	1.96e-09	2.95e-05	1.16e-02	1.75e-01	5.30e-01	2.56e-01	2.33e-02	3.49e-03	4.90e-04	3.04e-06	0.00e+00
 1.03597e+23	2.69e-09	3.76e-05	1.37e-02	1.91e-01	5.33e-01	2.39e-01	2.03e-02	2.95e-03	3.90e-04	2.24e-06	0.00e+00
 1.05316e+23	3.50e-09	4.59e-05	1.57e-02	2.04e-01	5.35e-01	2.25e-01	1.80e-02	2.56e-03	3.20e-04	1.72e-06	0.00e+00
 1.06838e+23	4.52e-09	5.56e-05	1.79e-02	2.18e-01	5.35e-01	2.11e-01	1.60e-02	2.22e-03	2.64e-04	1.34e-06	0.00e+00
 1.08586e+23	6.28e-09	7.11e-05	2.12e-02	2.36e-01	5.33e-01	1.94e-01	1.37e-02	1.85e-03	2.05e-04	9.55e-07	0.00e+00
 1.10358e+23	8.13e-09	8.63e-05	2.41e-02	2.51e-01	5.30e-01	1.81e-01	1.20e-02	1.59e-03	1.67e-04	7.29e-07	0.00e+00
 1.11901e+23	1.04e-08	1.04e-04	2.74e-02	2.65e-01	5.26e-01	1.69e-01	1.06e-02	1.37e-03	1.37e-04	5.59e-07	0.00e+00
 1.13377e+23	1.31e-08	1.23e-04	3.06e-02	2.79e-01	5.22e-01	1.58e-01	9.41e-03	1.20e-03	1.14e-04	4.37e-07	0.00e+00
 1.14783e+23	1.64e-08	1.45e-04	3.42e-02	2.93e-01	5.16e-01	1.47e-01	8.37e-03	1.05e-03	9.45e-05	3.43e-07	0.00e+00
 1.16371e+23	2.16e-08	1.79e-04	3.92e-02	3.10e-01	5.07e-01	1.35e-01	7.19e-03	8.78e-04	7.46e-05	2.51e-07	0.00e+00
 1.17954e+23	2.69e-08	2.10e-04	4.36e-02	3.24e-01	4.99e-01	1.25e-01	6.36e-03	7.63e-04	6.16e-05	1.95e-07	0.00e+00
 1.19532e+23	3.53e-08	2.57e-04	4.97e-02	3.42e-01	4.88e-01	1.14e-01	5.44e-03	6.39e-04	4.84e-05	1.43e-07	0.00e+00
 1.21141e+23	4.42e-08	3.03e-04	5.53e-02	3.56e-01	4.78e-01	1.05e-01	4.76e-03	5.50e-04	3.95e-05	0.00e+00	0.00e+00
 1.22791e+23	5.83e-08	3.71e-04	6.30e-02	3.74e-01	4.64e-01	9.46e-02	4.03e-03	4.54e-04	3.06e-05	0.00e+00	0.00e+00
 1.24459e+23	7.30e-08	4.37e-04	7.00e-02	3.88e-01	4.51e-01	8.66e-02	3.50e-03	3.88e-04	2.47e-05	0.00e+00	0.00e+00
 1.25928e+23	9.07e-08	5.12e-04	7.74e-02	4.01e-01	4.39e-01	7.92e-02	3.05e-03	3.32e-04	2.00e-05	0.00e+00	0.00e+00
 1.27617e+23	1.19e-07	6.24e-04	8.77e-02	4.17e-01	4.21e-01	7.04e-02	2.55e-03	2.71e-04	1.53e-05	0.00e+00	0.00e+00
 1.29253e+23	1.46e-07	7.21e-04	9.60e-02	4.29e-01	4.07e-01	6.43e-02	2.22e-03	2.32e-04	1.25e-05	0.00e+00	0.00e+00
 1.30558e+23	1.75e-07	8.22e-04	1.04e-01	4.39e-01	3.95e-01	5.91e-02	1.96e-03	2.02e-04	1.03e-05	0.00e+00	0.00e+00
 1.31992e+23	2.18e-07	9.63e-04	1.15e-01	4.51e-01	3.79e-01	5.32e-02	1.68e-03	1.69e-04	8.20e-06	0.00e+00	0.00e+00
 1.33452e+23	2.62e-07	1.10e-03	1.24e-01	4.60e-01	3.65e-01	4.86e-02	1.47e-03	1.46e-04	6.72e-06	0.00e+00	0.00e+00
 1.34744e+23	3.12e-07	1.25e-03	1.34e-01	4.68e-01	3.51e-01	4.43e-02	1.29e-03	1.26e-04	5.53e-06	0.00e+00	0.00e+00
 1.36224e+23	3.89e-07	1.46e-03	1.48e-01	4.77e-01	3.33e-01	3.94e-02	1.09e-03	1.04e-04	4.32e-06	0.00e+00	0.00e+00
 1.37722e+23	4.66e-07	1.66e-03	1.59e-01	4.84e-01	3.19e-01	3.57e-02	9.48e-04	8.87e-05	3.51e-06	0.00e+00	0.00e+00
 1.39039e+23	5.55e-07	1.88e-03	1.72e-01	4.89e-01	3.04e-01	3.23e-02	8.25e-04	7.58e-05	2.86e-06	0.00e+00	0.00e+00
 1.40545e+23	6.88e-07	2.18e-03	1.87e-01	4.95e-01	2.86e-01	2.84e-02	6.93e-04	6.21e-05	2.21e-06	0.00e+00	0.00e+00
 1.42076e+23	8.22e-07	2.47e-03	2.02e-01	4.99e-01	2.71e-01	2.54e-02	5.96e-04	5.23e-05	1.77e-06	0.00e+00	0.00e+00
 1.43434e+23	9.78e-07	2.79e-03	2.16e-01	5.01e-01	2.57e-01	2.28e-02	5.14e-04	4.42e-05	1.42e-06	0.00e+00	0.00e+00
 1.44992e+23	1.21e-06	3.24e-03	2.35e-01	5.03e-01	2.39e-01	1.98e-02	4.26e-04	3.56e-05	1.08e-06	0.00e+00	0.00e+00
 1.46566e+23	1.44e-06	3.66e-03	2.51e-01	5.03e-01	2.24e-01	1.75e-02	3.63e-04	2.97e-05	8.58e-07	0.00e+00	0.00e+00
 1.47951e+23	1.71e-06	4.11e-03	2.68e-01	5.02e-01	2.10e-01	1.56e-02	3.11e-04	2.48e-05	6.83e-07	0.00e+00	0.00e+00
 1.49105e+23	1.91e-06	4.44e-03	2.79e-01	5.00e-01	2.01e-01	1.43e-02	2.79e-04	2.19e-05	5.85e-07	0.00e+00	0.00e+00
 1.50166e+23	2.20e-06	4.88e-03	2.94e-01	4.98e-01	1.90e-01	1.29e-02	2.44e-04	1.87e-05	4.80e-07	0.00e+00	0.00e+00
 1.51546e+23	2.64e-06	5.53e-03	3.14e-01	4.93e-01	1.76e-01	1.12e-02	2.04e-04	1.52e-05	3.70e-07	0.00e+00	0.00e+00
 1.53060e+23	3.13e-06	6.19e-03	3.33e-01	4.88e-01	1.63e-01	9.80e-03	1.72e-04	1.25e-05	2.89e-07	0.00e+00	0.00e+00
 1.54747e+23	3.85e-06	7.12e-03	3.58e-01	4.79e-01	1.47e-01	8.23e-03	1.38e-04	9.67e-06	2.11e-07	0.00e+00	0.00e+00
 1.56462e+23	4.60e-06	8.02e-03	3.80e-01	4.70e-01	1.34e-01	7.06e-03	1.14e-04	7.74e-06	1.60e-07	0.00e+00	0.00e+00
 1.58214e+23	5.68e-06	9.22e-03	4.07e-01	4.58e-01	1.20e-01	5.84e-03	9.05e-05	5.88e-06	0.00e+00	0.00e+00	0.00e+00
 1.59997e+23	6.78e-06	1.04e-02	4.30e-01	4.46e-01	1.08e-01	4.95e-03	7.39e-05	4.63e-06	0.00e+00	0.00e+00	0.00e+00
 1.61581e+23	8.02e-06	1.16e-02	4.52e-01	4.34e-01	9.80e-02	4.20e-03	6.07e-05	3.67e-06	0.00e+00	0.00e+00	0.00e+00
 1.63400e+23	9.86e-06	1.32e-02	4.80e-01	4.17e-01	8.59e-02	3.41e-03	4.72e-05	2.72e-06	0.00e+00	0.00e+00	0.00e+00
 1.65000e+23	1.12e-05	1.44e-02	4.98e-01	4.06e-01	7.88e-02	2.97e-03	4.00e-05	2.24e-06	0.00e+00	0.00e+00	0.00e+00
 1.66313e+23	1.29e-05	1.57e-02	5.18e-01	3.93e-01	7.14e-02	2.55e-03	3.35e-05	1.81e-06	0.00e+00	0.00e+00	0.00e+00
 1.67685e+23	1.47e-05	1.71e-02	5.36e-01	3.80e-01	6.51e-02	2.21e-03	2.83e-05	1.48e-06	0.00e+00	0.00e+00	0.00e+00
 1.68933e+23	1.65e-05	1.84e-02	5.52e-01	3.68e-01	5.97e-02	1.94e-03	2.42e-05	1.22e-06	0.00e+00	0.00e+00	0.00e+00
 1.70355e+23	1.92e-05	2.02e-02	5.73e-01	3.52e-01	5.31e-02	1.62e-03	1.97e-05	9.55e-07	0.00e+00	0.00e+00	0.00e+00
 1.71793e+23	2.17e-05	2.18e-02	5.90e-01	3.39e-01	4.80e-02	1.40e-03	1.65e-05	7.75e-07	0.00e+00	0.00e+00	0.00e+00
 1.73251e+23	2.53e-05	2.40e-02	6.10e-01	3.22e-01	4.23e-02	1.16e-03	1.33e-05	5.95e-07	0.00e+00	0.00e+00	0.00e+00
 1.74722e+23	2.86e-05	2.59e-02	6.26e-01	3.09e-01	3.81e-02	9.91e-04	1.11e-05	4.80e-07	0.00e+00	0.00e+00	0.00e+00
 1.76210e+23	3.31e-05	2.83e-02	6.46e-01	2.92e-01	3.33e-02	8.18e-04	8.90e-06	3.67e-07	0.00e+00	0.00e+00	0.00e+00
 1.77739e+23	3.77e-05	3.06e-02	6.62e-01	2.77e-01	2.96e-02	6.88e-04	7.30e-06	2.89e-07	0.00e+00	0.00e+00	0.00e+00
 1.79320e+23	4.42e-05	3.37e-02	6.81e-01	2.59e-01	2.54e-02	5.54e-04	5.69e-06	2.13e-07	0.00e+00	0.00e+00	0.00e+00
 1.80901e+23	4.99e-05	3.63e-02	6.95e-01	2.45e-01	2.25e-02	4.66e-04	4.67e-06	1.68e-07	0.00e+00	0.00e+00	0.00e+00
 1.82481e+23	5.79e-05	3.96e-02	7.12e-01	2.29e-01	1.93e-02	3.76e-04	3.65e-06	1.25e-07	0.00e+00	0.00e+00	0.00e+00
 1.84119e+23	6.60e-05	4.28e-02	7.26e-01	2.14e-01	1.68e-02	3.10e-04	2.93e-06	0.00e+00	0.00e+00	0.00e+00	0.00e+00
 1.85832e+23	7.73e-05	4.70e-02	7.42e-01	1.97e-01	1.41e-02	2.44e-04	2.24e-06	0.00e+00	0.00e+00	0.00e+00	0.00e+00
 1.87577e+23	8.87e-05	5.09e-02	7.54e-01	1.83e-01	1.21e-02	1.98e-04	1.76e-06	0.00e+00	0.00e+00	0.00e+00	0.00e+00
 1.89366e+23	1.05e-04	5.60e-02	7.68e-01	1.66e-01	9.95e-03	1.52e-04	1.31e-06	0.00e+00	0.00e+00	0.00e+00	0.00e+00
 1.91146e+23	1.20e-04	6.05e-02	7.77e-01	1.53e-01	8.51e-03	1.23e-04	1.03e-06	0.00e+00	0.00e+00	0.00e+00	0.00e+00
 1.92914e+23	1.41e-04	6.63e-02	7.88e-01	1.38e-01	6.96e-03	9.48e-05	7.64e-07	0.00e+00	0.00e+00	0.00e+00	0.00e+00
 1.94697e+23	1.61e-04	7.15e-02	7.96e-01	1.27e-01	5.90e-03	7.63e-05	5.96e-07	0.00e+00	0.00e+00	0.00e+00	0.00e+00
 1.96500e+23	1.90e-04	7.84e-02	8.03e-01	1.13e-01	4.76e-03	5.78e-05	4.35e-07	0.00e+00	0.00e+00	0.00e+00	0.00e+00
 1.98310e+23	2.18e-04	8.45e-02	8.08e-01	1.03e-01	4.00e-03	4.62e-05	3.37e-07	0.00e+00	0.00e+00	0.00e+00	0.00e+00
 2.00130e+23	2.58e-04	9.27e-02	8.13e-01	9.09e-02	3.18e-03	3.46e-05	2.42e-07	0.00e+00	0.00e+00	0.00e+00	0.00e+00
 2.01955e+23	2.97e-04	1.00e-01	8.15e-01	8.19e-02	2.64e-03	2.73e-05	1.85e-07	0.00e+00	0.00e+00	0.00e+00	0.00e+00
 2.03785e+23	3.54e-04	1.10e-01	8.17e-01	7.14e-02	2.08e-03	2.02e-05	1.31e-07	0.00e+00	0.00e+00	0.00e+00	0.00e+00
 2.05616e+23	4.09e-04	1.18e-01	8.16e-01	6.37e-02	1.70e-03	1.58e-05	0.00e+00	0.00e+00	0.00e+00	0.00e+00	0.00e+00
 2.07448e+23	4.89e-04	1.29e-01	8.14e-01	5.49e-02	1.32e-03	1.16e-05	0.00e+00	0.00e+00	0.00e+00	0.00e+00	0.00e+00
 2.09282e+23	5.67e-04	1.40e-01	8.10e-01	4.84e-02	1.07e-03	8.94e-06	0.00e+00	0.00e+00	0.00e+00	0.00e+00	0.00e+00
 2.11119e+23	6.86e-04	1.53e-01	8.05e-01	4.09e-02	8.11e-04	6.37e-06	0.00e+00	0.00e+00	0.00e+00	0.00e+00	0.00e+00
 2.12954e+23	7.98e-04	1.65e-01	7.98e-01	3.55e-02	6.49e-04	4.86e-06	0.00e+00	0.00e+00	0.00e+00	0.00e+00	0.00e+00
 2.14787e+23	9.62e-04	1.80e-01	7.89e-01	2.96e-02	4.86e-04	3.42e-06	0.00e+00	0.00e+00	0.00e+00	0.00e+00	0.00e+00
 2.16644e+23	1.13e-03	1.94e-01	7.79e-01	2.51e-02	3.78e-04	2.51e-06	0.00e+00	0.00e+00	0.00e+00	0.00e+00	0.00e+00
 2.18533e+23	1.38e-03	2.13e-01	7.66e-01	2.03e-02	2.75e-04	1.70e-06	0.00e+00	0.00e+00	0.00e+00	0.00e+00	0.00e+00
 2.20447e+23	1.65e-03	2.30e-01	7.52e-01	1.66e-02	2.07e-04	1.19e-06	0.00e+00	0.00e+00	0.00e+00	0.00e+00	0.00e+00
 2.22065e+23	1.93e-03	2.46e-01	7.38e-01	1.38e-02	1.59e-04	8.51e-07	0.00e+00	0.00e+00	0.00e+00	0.00e+00	0.00e+00
 2.23452e+23	2.19e-03	2.59e-01	7.27e-01	1.17e-02	1.27e-04	6.41e-07	0.00e+00	0.00e+00	0.00e+00	0.00e+00	0.00e+00
 2.24866e+23	2.56e-03	2.76e-01	7.12e-01	9.50e-03	9.69e-05	4.46e-07	0.00e+00	0.00e+00	0.00e+00	0.00e+00	0.00e+00
 2.26357e+23	2.97e-03	2.92e-01	6.97e-01	7.70e-03	7.41e-05	3.10e-07	0.00e+00	0.00e+00	0.00e+00	0.00e+00	0.00e+00
 2.27716e+23	3.42e-03	3.08e-01	6.82e-01	6.21e-03	5.70e-05	2.15e-07	0.00e+00	0.00e+00	0.00e+00	0.00e+00	0.00e+00
 2.29035e+23	3.93e-03	3.24e-01	6.67e-01	4.95e-03	4.35e-05	1.45e-07	0.00e+00	0.00e+00	0.00e+00	0.00e+00	0.00e+00
 2.30300e+23	4.51e-03	3.39e-01	6.53e-01	3.91e-03	3.32e-05	0.00e+00	0.00e+00	0.00e+00	0.00e+00	0.00e+00	0.00e+00
 2.31479e+23	5.15e-03	3.53e-01	6.39e-01	3.07e-03	2.54e-05	0.00e+00	0.00e+00	0.00e+00	0.00e+00	0.00e+00	0.00e+00
 2.32561e+23	5.80e-03	3.65e-01	6.26e-01	2.41e-03	1.97e-05	0.00e+00	0.00e+00	0.00e+00	0.00e+00	0.00e+00	0.00e+00
 2.33561e+23	6.55e-03	3.77e-01	6.14e-01	1.89e-03	1.52e-05	0.00e+00	0.00e+00	0.00e+00	0.00e+00	0.00e+00	0.00e+00
 2.34484e+23	7.32e-03	3.88e-01	6.04e-01	1.48e-03	1.19e-05	0.00e+00	0.00e+00	0.00e+00	0.00e+00	0.00e+00	0.00e+00
 2.35317e+23	8.15e-03	3.97e-01	5.94e-01	1.16e-03	9.35e-06	0.00e+00	0.00e+00	0.00e+00	0.00e+00	0.00e+00	0.00e+00
 2.36060e+23	8.99e-03	4.04e-01	5.86e-01	9.22e-04	7.47e-06	0.00e+00	0.00e+00	0.00e+00	0.00e+00	0.00e+00	0.00e+00
 2.36723e+23	9.88e-03	4.11e-01	5.79e-01	7.39e-04	6.04e-06	0.00e+00	0.00e+00	0.00e+00	0.00e+00	0.00e+00	0.00e+00
 2.37317e+23	1.07e-02	4.14e-01	5.75e-01	6.05e-04	5.00e-06	0.00e+00	0.00e+00	0.00e+00	0.00e+00	0.00e+00	0.00e+00
 2.37868e+23	1.16e-02	4.18e-01	5.70e-01	4.97e-04	4.15e-06	0.00e+00	0.00e+00	0.00e+00	0.00e+00	0.00e+00	0.00e+00
 2.38388e+23	1.25e-02	4.21e-01	5.66e-01	4.12e-04	3.48e-06	0.00e+00	0.00e+00	0.00e+00	0.00e+00	0.00e+00	0.00e+00
 2.38859e+23	1.34e-02	4.22e-01	5.64e-01	3.47e-04	2.97e-06	0.00e+00	0.00e+00	0.00e+00	0.00e+00	0.00e+00	0.00e+00
 2.39290e+23	1.43e-02	4.23e-01	5.62e-01	2.96e-04	2.57e-06	0.00e+00	0.00e+00	0.00e+00	0.00e+00	0.00e+00	0.00e+00
 2.39688e+23	1.51e-02	4.23e-01	5.62e-01	2.57e-04	2.26e-06	0.00e+00	0.00e+00	0.00e+00	0.00e+00	0.00e+00	0.00e+00
 2.40039e+23	1.59e-02	4.22e-01	5.62e-01	2.28e-04	2.02e-06	0.00e+00	0.00e+00	0.00e+00	0.00e+00	0.00e+00	0.00e+00
 2.40291e+23	1.63e-02	4.21e-01	5.63e-01	2.10e-04	1.88e-06	0.00e+00	0.00e+00	0.00e+00	0.00e+00	0.00e+00	0.00e+00
 2.40456e+23	1.67e-02	4.20e-01	5.63e-01	1.99e-04	1.80e-06	0.00e+00	0.00e+00	0.00e+00	0.00e+00	0.00e+00	0.00e+00
 2.40625e+23	1.71e-02	4.20e-01	5.63e-01	1.89e-04	1.71e-06	0.00e+00	0.00e+00	0.00e+00	0.00e+00	0.00e+00	0.00e+00
 2.40833e+23	1.76e-02	4.19e-01	5.63e-01	1.76e-04	1.61e-06	0.00e+00	0.00e+00	0.00e+00	0.00e+00	0.00e+00	0.00e+00
 2.41061e+23	1.82e-02	4.19e-01	5.63e-01	1.65e-04	1.52e-06	0.00e+00	0.00e+00	0.00e+00	0.00e+00	0.00e+00	0.00e+00
 2.41288e+23	1.87e-02	4.17e-01	5.64e-01	1.54e-04	1.43e-06	0.00e+00	0.00e+00	0.00e+00	0.00e+00	0.00e+00	0.00e+00
 2.41510e+23	1.92e-02	4.16e-01	5.64e-01	1.45e-04	1.36e-06	0.00e+00	0.00e+00	0.00e+00	0.00e+00	0.00e+00	0.00e+00
 2.41725e+23	1.98e-02	4.15e-01	5.65e-01	1.37e-04	1.30e-06	0.00e+00	0.00e+00	0.00e+00	0.00e+00	0.00e+00	0.00e+00
 2.41895e+23	2.01e-02	4.14e-01	5.66e-01	1.32e-04	1.26e-06	0.00e+00	0.00e+00	0.00e+00	0.00e+00	0.00e+00	0.00e+00
 2.42011e+23	2.03e-02	4.13e-01	5.66e-01	1.29e-04	1.23e-06	0.00e+00	0.00e+00	0.00e+00	0.00e+00	0.00e+00	0.00e+00
 2.42125e+23	2.07e-02	4.13e-01	5.66e-01	1.25e-04	1.20e-06	0.00e+00	0.00e+00	0.00e+00	0.00e+00	0.00e+00	0.00e+00
 2.42258e+23	2.11e-02	4.13e-01	5.66e-01	1.21e-04	1.17e-06	0.00e+00	0.00e+00	0.00e+00	0.00e+00	0.00e+00	0.00e+00
 2.42405e+23	2.15e-02	4.13e-01	5.66e-01	1.17e-04	1.14e-06	0.00e+00	0.00e+00	0.00e+00	0.00e+00	0.00e+00	0.00e+00
 2.42552e+23	2.19e-02	4.12e-01	5.66e-01	1.14e-04	1.11e-06	0.00e+00	0.00e+00	0.00e+00	0.00e+00	0.00e+00	0.00e+00
 2.42695e+23	2.23e-02	4.12e-01	5.65e-01	1.11e-04	1.09e-06	0.00e+00	0.00e+00	0.00e+00	0.00e+00	0.00e+00	0.00e+00
 2.42839e+23	2.28e-02	4.12e-01	5.65e-01	1.07e-04	1.06e-06	0.00e+00	0.00e+00	0.00e+00	0.00e+00	0.00e+00	0.00e+00
 2.42989e+23	2.33e-02	4.12e-01	5.64e-01	1.04e-04	1.04e-06	0.00e+00	0.00e+00	0.00e+00	0.00e+00	0.00e+00	0.00e+00
 2.43145e+23	2.38e-02	4.13e-01	5.63e-01	1.01e-04	1.01e-06	0.00e+00	0.00e+00	0.00e+00	0.00e+00	0.00e+00	0.00e+00
 2.43303e+23	2.43e-02	4.13e-01	5.63e-01	9.82e-05	9.88e-07	0.00e+00	0.00e+00	0.00e+00	0.00e+00	0.00e+00	0.00e+00
 2.43462e+23	2.49e-02	4.13e-01	5.62e-01	9.53e-05	9.66e-07	0.00e+00	0.00e+00	0.00e+00	0.00e+00	0.00e+00	0.00e+00
 2.43627e+23	2.55e-02	4.14e-01	5.60e-01	9.26e-05	9.44e-07	0.00e+00	0.00e+00	0.00e+00	0.00e+00	0.00e+00	0.00e+00
 2.43798e+23	2.61e-02	4.15e-01	5.59e-01	8.99e-05	9.23e-07	0.00e+00	0.00e+00	0.00e+00	0.00e+00	0.00e+00	0.00e+00
 2.43973e+23	2.68e-02	4.16e-01	5.57e-01	8.72e-05	9.02e-07	0.00e+00	0.00e+00	0.00e+00	0.00e+00	0.00e+00	0.00e+00
 2.44151e+23	2.75e-02	4.17e-01	5.56e-01	8.47e-05	8.83e-07	0.00e+00	0.00e+00	0.00e+00	0.00e+00	0.00e+00	0.00e+00
 2.44333e+23	2.82e-02	4.18e-01	5.54e-01	8.22e-05	8.63e-07	0.00e+00	0.00e+00	0.00e+00	0.00e+00	0.00e+00	0.00e+00
 2.44524e+23	2.90e-02	4.20e-01	5.51e-01	7.98e-05	8.44e-07	0.00e+00	0.00e+00	0.00e+00	0.00e+00	0.00e+00	0.00e+00
 2.44720e+23	2.99e-02	4.21e-01	5.49e-01	7.74e-05	8.25e-07	0.00e+00	0.00e+00	0.00e+00	0.00e+00	0.00e+00	0.00e+00
 2.44920e+23	3.08e-02	4.23e-01	5.46e-01	7.51e-05	8.07e-07	0.00e+00	0.00e+00	0.00e+00	0.00e+00	0.00e+00	0.00e+00
 2.45127e+23	3.18e-02	4.25e-01	5.43e-01	7.28e-05	7.89e-07	0.00e+00	0.00e+00	0.00e+00	0.00e+00	0.00e+00	0.00e+00
 2.45341e+23	3.28e-02	4.27e-01	5.40e-01	7.06e-05	7.71e-07	0.00e+00	0.00e+00	0.00e+00	0.00e+00	0.00e+00	0.00e+00
 2.45562e+23	3.39e-02	4.29e-01	5.37e-01	6.84e-05	7.54e-07	0.00e+00	0.00e+00	0.00e+00	0.00e+00	0.00e+00	0.00e+00
 2.45789e+23	3.50e-02	4.32e-01	5.33e-01	6.63e-05	7.37e-07	0.00e+00	0.00e+00	0.00e+00	0.00e+00	0.00e+00	0.00e+00
 2.46025e+23	3.62e-02	4.34e-01	5.29e-01	6.42e-05	7.20e-07	0.00e+00	0.00e+00	0.00e+00	0.00e+00	0.00e+00	0.00e+00
 2.46271e+23	3.75e-02	4.37e-01	5.25e-01	6.21e-05	7.04e-07	0.00e+00	0.00e+00	0.00e+00	0.00e+00	0.00e+00	0.00e+00
 2.46526e+23	3.88e-02	4.40e-01	5.21e-01	6.01e-05	6.87e-07	0.00e+00	0.00e+00	0.00e+00	0.00e+00	0.00e+00	0.00e+00
 2.46789e+23	4.03e-02	4.43e-01	5.16e-01	5.81e-05	6.71e-07	0.00e+00	0.00e+00	0.00e+00	0.00e+00	0.00e+00	0.00e+00
 2.47059e+23	4.18e-02	4.47e-01	5.11e-01	5.61e-05	6.55e-07	0.00e+00	0.00e+00	0.00e+00	0.00e+00	0.00e+00	0.00e+00
 2.47335e+23	4.33e-02	4.50e-01	5.07e-01	5.43e-05	6.40e-07	0.00e+00	0.00e+00	0.00e+00	0.00e+00	0.00e+00	0.00e+00
 2.47618e+23	4.50e-02	4.54e-01	5.01e-01	5.24e-05	6.24e-07	0.00e+00	0.00e+00	0.00e+00	0.00e+00	0.00e+00	0.00e+00
 2.47914e+23	4.67e-02	4.58e-01	4.95e-01	5.06e-05	6.09e-07	0.00e+00	0.00e+00	0.00e+00	0.00e+00	0.00e+00	0.00e+00
 2.48222e+23	4.86e-02	4.62e-01	4.90e-01	4.88e-05	5.94e-07	0.00e+00	0.00e+00	0.00e+00	0.00e+00	0.00e+00	0.00e+00
 2.48534e+23	5.05e-02	4.66e-01	4.84e-01	4.71e-05	5.79e-07	0.00e+00	0.00e+00	0.00e+00	0.00e+00	0.00e+00	0.00e+00
 2.48855e+23	5.26e-02	4.70e-01	4.77e-01	4.55e-05	5.64e-07	0.00e+00	0.00e+00	0.00e+00	0.00e+00	0.00e+00	0.00e+00
 2.49192e+23	5.48e-02	4.74e-01	4.71e-01	4.38e-05	5.49e-07	0.00e+00	0.00e+00	0.00e+00	0.00e+00	0.00e+00	0.00e+00
 2.49549e+23	5.71e-02	4.79e-01	4.64e-01	4.21e-05	5.34e-07	0.00e+00	0.00e+00	0.00e+00	0.00e+00	0.00e+00	0.00e+00
 2.49918e+23	5.96e-02	4.83e-01	4.57e-01	4.05e-05	5.19e-07	0.00e+00	0.00e+00	0.00e+00	0.00e+00	0.00e+00	0.00e+00
 2.50300e+23	6.23e-02	4.88e-01	4.49e-01	3.88e-05	5.03e-07	0.00e+00	0.00e+00	0.00e+00	0.00e+00	0.00e+00	0.00e+00
 2.50707e+23	6.53e-02	4.93e-01	4.41e-01	3.72e-05	4.87e-07	0.00e+00	0.00e+00	0.00e+00	0.00e+00	0.00e+00	0.00e+00
 2.51136e+23	6.85e-02	4.98e-01	4.33e-01	3.56e-05	4.71e-07	0.00e+00	0.00e+00	0.00e+00	0.00e+00	0.00e+00	0.00e+00
 2.51585e+23	7.20e-02	5.04e-01	4.24e-01	3.39e-05	4.54e-07	0.00e+00	0.00e+00	0.00e+00	0.00e+00	0.00e+00	0.00e+00
 2.52047e+23	7.59e-02	5.09e-01	4.15e-01	3.23e-05	4.36e-07	0.00e+00	0.00e+00	0.00e+00	0.00e+00	0.00e+00	0.00e+00
 2.52499e+23	7.97e-02	5.14e-01	4.06e-01	3.09e-05	4.20e-07	0.00e+00	0.00e+00	0.00e+00	0.00e+00	0.00e+00	0.00e+00
 2.52931e+23	8.35e-02	5.19e-01	3.97e-01	2.95e-05	4.05e-07	0.00e+00	0.00e+00	0.00e+00	0.00e+00	0.00e+00	0.00e+00
 2.53353e+23	8.75e-02	5.24e-01	3.89e-01	2.83e-05	3.90e-07	0.00e+00	0.00e+00	0.00e+00	0.00e+00	0.00e+00	0.00e+00
 2.53767e+23	9.15e-02	5.28e-01	3.81e-01	2.71e-05	3.76e-07	0.00e+00	0.00e+00	0.00e+00	0.00e+00	0.00e+00	0.00e+00
 2.54170e+23	9.56e-02	5.32e-01	3.72e-01	2.57e-05	3.62e-07	0.00e+00	0.00e+00	0.00e+00	0.00e+00	0.00e+00	0.00e+00
 2.54556e+23	9.97e-02	5.36e-01	3.65e-01	2.44e-05	3.49e-07	0.00e+00	0.00e+00	0.00e+00	0.00e+00	0.00e+00	0.00e+00
 2.54924e+23	1.04e-01	5.39e-01	3.57e-01	2.32e-05	3.37e-07	0.00e+00	0.00e+00	0.00e+00	0.00e+00	0.00e+00	0.00e+00
 2.55270e+23	1.08e-01	5.42e-01	3.50e-01	2.21e-05	3.25e-07	0.00e+00	0.00e+00	0.00e+00	0.00e+00	0.00e+00	0.00e+00
 2.55606e+23	1.12e-01	5.45e-01	3.42e-01	2.10e-05	3.14e-07	0.00e+00	0.00e+00	0.00e+00	0.00e+00	0.00e+00	0.00e+00
 2.55943e+23	1.17e-01	5.48e-01	3.35e-01	2.01e-05	3.03e-07	0.00e+00	0.00e+00	0.00e+00	0.00e+00	0.00e+00	0.00e+00
 2.56269e+23	1.21e-01	5.51e-01	3.28e-01	1.91e-05	2.92e-07	0.00e+00	0.00e+00	0.00e+00	0.00e+00	0.00e+00	0.00e+00
 2.56583e+23	1.25e-01	5.53e-01	3.22e-01	1.83e-05	2.82e-07	0.00e+00	0.00e+00	0.00e+00	0.00e+00	0.00e+00	0.00e+00
 2.56886e+23	1.30e-01	5.55e-01	3.15e-01	1.75e-05	2.72e-07	0.00e+00	0.00e+00	0.00e+00	0.00e+00	0.00e+00	0.00e+00
 2.57179e+23	1.34e-01	5.58e-01	3.08e-01	1.67e-05	2.62e-07	0.00e+00	0.00e+00	0.00e+00	0.00e+00	0.00e+00	0.00e+00
 2.57463e+23	1.39e-01	5.59e-01	3.02e-01	1.60e-05	2.53e-07	0.00e+00	0.00e+00	0.00e+00	0.00e+00	0.00e+00	0.00e+00
 2.57736e+23	1.43e-01	5.61e-01	2.95e-01	1.54e-05	2.45e-07	0.00e+00	0.00e+00	0.00e+00	0.00e+00	0.00e+00	0.00e+00
 2.58000e+23	1.48e-01	5.63e-01	2.89e-01	1.47e-05	2.36e-07	0.00e+00	0.00e+00	0.00e+00	0.00e+00	0.00e+00	0.00e+00
 2.58254e+23	1.53e-01	5.64e-01	2.83e-01	1.42e-05	2.28e-07	0.00e+00	0.00e+00	0.00e+00	0.00e+00	0.00e+00	0.00e+00
 2.58500e+23	1.58e-01	5.65e-01	2.77e-01	1.36e-05	2.20e-07	0.00e+00	0.00e+00	0.00e+00	0.00e+00	0.00e+00	0.00e+00
 2.58732e+23	1.62e-01	5.66e-01	2.72e-01	1.31e-05	2.13e-07	0.00e+00	0.00e+00	0.00e+00	0.00e+00	0.00e+00	0.00e+00
 2.58961e+23	1.67e-01	5.67e-01	2.65e-01	1.26e-05	2.06e-07	0.00e+00	0.00e+00	0.00e+00	0.00e+00	0.00e+00	0.00e+00
 2.59183e+23	1.72e-01	5.68e-01	2.60e-01	1.21e-05	1.99e-07	0.00e+00	0.00e+00	0.00e+00	0.00e+00	0.00e+00	0.00e+00
 2.59385e+23	1.76e-01	5.69e-01	2.55e-01	1.17e-05	1.93e-07	0.00e+00	0.00e+00	0.00e+00	0.00e+00	0.00e+00	0.00e+00
 2.59568e+23	1.81e-01	5.69e-01	2.50e-01	1.13e-05	1.88e-07	0.00e+00	0.00e+00	0.00e+00	0.00e+00	0.00e+00	0.00e+00
 2.59736e+23	1.85e-01	5.70e-01	2.45e-01	1.10e-05	1.83e-07	0.00e+00	0.00e+00	0.00e+00	0.00e+00	0.00e+00	0.00e+00
 2.59888e+23	1.89e-01	5.70e-01	2.41e-01	1.07e-05	1.78e-07	0.00e+00	0.00e+00	0.00e+00	0.00e+00	0.00e+00	0.00e+00
 2.60026e+23	1.93e-01	5.70e-01	2.37e-01	1.04e-05	1.74e-07	0.00e+00	0.00e+00	0.00e+00	0.00e+00	0.00e+00	0.00e+00
 2.60152e+23	1.96e-01	5.70e-01	2.34e-01	1.02e-05	1.70e-07	0.00e+00	0.00e+00	0.00e+00	0.00e+00	0.00e+00	0.00e+00
 2.60267e+23	2.00e-01	5.70e-01	2.30e-01	9.94e-06	1.67e-07	0.00e+00	0.00e+00	0.00e+00	0.00e+00	0.00e+00	0.00e+00
 2.60371e+23	2.02e-01	5.70e-01	2.28e-01	9.77e-06	1.64e-07	0.00e+00	0.00e+00	0.00e+00	0.00e+00	0.00e+00	0.00e+00
 2.60486e+23	2.06e-01	5.70e-01	2.24e-01	9.52e-06	1.60e-07	0.00e+00	0.00e+00	0.00e+00	0.00e+00	0.00e+00	0.00e+00
 2.60634e+23	2.11e-01	5.70e-01	2.20e-01	9.24e-06	1.56e-07	0.00e+00	0.00e+00	0.00e+00	0.00e+00	0.00e+00	0.00e+00
 2.60795e+23	2.14e-01	5.70e-01	2.16e-01	8.99e-06	1.52e-07	0.00e+00	0.00e+00	0.00e+00	0.00e+00	0.00e+00	0.00e+00
 2.60941e+23	2.19e-01	5.69e-01	2.12e-01	8.73e-06	1.48e-07	0.00e+00	0.00e+00	0.00e+00	0.00e+00	0.00e+00	0.00e+00
 2.61074e+23	2.22e-01	5.69e-01	2.09e-01	8.52e-06	1.45e-07	0.00e+00	0.00e+00	0.00e+00	0.00e+00	0.00e+00	0.00e+00
 2.61195e+23	2.26e-01	5.69e-01	2.05e-01	8.32e-06	1.42e-07	0.00e+00	0.00e+00	0.00e+00	0.00e+00	0.00e+00	0.00e+00
 2.61305e+23	2.30e-01	5.68e-01	2.02e-01	8.13e-06	1.39e-07	0.00e+00	0.00e+00	0.00e+00	0.00e+00	0.00e+00	0.00e+00
 2.61405e+23	2.33e-01	5.68e-01	1.99e-01	7.96e-06	1.36e-07	0.00e+00	0.00e+00	0.00e+00	0.00e+00	0.00e+00	0.00e+00
 2.61496e+23	2.36e-01	5.67e-01	1.97e-01	7.82e-06	1.35e-07	0.00e+00	0.00e+00	0.00e+00	0.00e+00	0.00e+00	0.00e+00
 2.61596e+23	2.39e-01	5.67e-01	1.94e-01	7.67e-06	1.32e-07	0.00e+00	0.00e+00	0.00e+00	0.00e+00	0.00e+00	0.00e+00
 2.61726e+23	2.43e-01	5.66e-01	1.91e-01	7.47e-06	1.29e-07	0.00e+00	0.00e+00	0.00e+00	0.00e+00	0.00e+00	0.00e+00
 2.61895e+23	2.47e-01	5.65e-01	1.88e-01	7.23e-06	1.26e-07	0.00e+00	0.00e+00	0.00e+00	0.00e+00	0.00e+00	0.00e+00
 2.62077e+23	2.51e-01	5.64e-01	1.84e-01	7.02e-06	0.00e+00	0.00e+00	0.00e+00	0.00e+00	0.00e+00	0.00e+00	0.00e+00
 2.62243e+23	2.56e-01	5.63e-01	1.81e-01	6.81e-06	0.00e+00	0.00e+00	0.00e+00	0.00e+00	0.00e+00	0.00e+00	0.00e+00
 2.62393e+23	2.60e-01	5.62e-01	1.77e-01	6.62e-06	0.00e+00	0.00e+00	0.00e+00	0.00e+00	0.00e+00	0.00e+00	0.00e+00
 2.62559e+23	2.66e-01	5.61e-01	1.73e-01	6.39e-06	0.00e+00	0.00e+00	0.00e+00	0.00e+00	0.00e+00	0.00e+00	0.00e+00
 2.62737e+23	2.71e-01	5.60e-01	1.70e-01	6.18e-06	0.00e+00	0.00e+00	0.00e+00	0.00e+00	0.00e+00	0.00e+00	0.00e+00
 2.62900e+23	2.75e-01	5.58e-01	1.66e-01	6.01e-06	0.00e+00	0.00e+00	0.00e+00	0.00e+00	0.00e+00	0.00e+00	0.00e+00
 2.63047e+23	2.80e-01	5.57e-01	1.63e-01	5.84e-06	0.00e+00	0.00e+00	0.00e+00	0.00e+00	0.00e+00	0.00e+00	0.00e+00
 2.63182e+23	2.84e-01	5.56e-01	1.60e-01	5.69e-06	0.00e+00	0.00e+00	0.00e+00	0.00e+00	0.00e+00	0.00e+00	0.00e+00
 2.63304e+23	2.88e-01	5.54e-01	1.57e-01	5.55e-06	0.00e+00	0.00e+00	0.00e+00	0.00e+00	0.00e+00	0.00e+00	0.00e+00
 2.63416e+23	2.91e-01	5.53e-01	1.55e-01	5.44e-06	0.00e+00	0.00e+00	0.00e+00	0.00e+00	0.00e+00	0.00e+00	0.00e+00
 2.63538e+23	2.96e-01	5.52e-01	1.52e-01	5.28e-06	0.00e+00	0.00e+00	0.00e+00	0.00e+00	0.00e+00	0.00e+00	0.00e+00
 2.63670e+23	3.00e-01	5.50e-01	1.49e-01	5.15e-06	0.00e+00	0.00e+00	0.00e+00	0.00e+00	0.00e+00	0.00e+00	0.00e+00
 2.63789e+23	3.05e-01	5.48e-01	1.47e-01	5.01e-06	0.00e+00	0.00e+00	0.00e+00	0.00e+00	0.00e+00	0.00e+00	0.00e+00
 2.63899e+23	3.08e-01	5.47e-01	1.45e-01	4.92e-06	0.00e+00	0.00e+00	0.00e+00	0.00e+00	0.00e+00	0.00e+00	0.00e+00
 2.64018e+23	3.12e-01	5.46e-01	1.42e-01	4.79e-06	0.00e+00	0.00e+00	0.00e+00	0.00e+00	0.00e+00	0.00e+00	0.00e+00
 2.64147e+23	3.16e-01	5.44e-01	1.40e-01	4.68e-06	0.00e+00	0.00e+00	0.00e+00	0.00e+00	0.00e+00	0.00e+00	0.00e+00
 2.64289e+23	3.22e-01	5.42e-01	1.37e-01	4.53e-06	0.00e+00	0.00e+00	0.00e+00	0.00e+00	0.00e+00	0.00e+00	0.00e+00
 2.64441e+23	3.26e-01	5.40e-01	1.34e-01	4.40e-06	0.00e+00	0.00e+00	0.00e+00	0.00e+00	0.00e+00	0.00e+00	0.00e+00
 2.64580e+23	3.30e-01	5.38e-01	1.32e-01	4.29e-06	0.00e+00	0.00e+00	0.00e+00	0.00e+00	0.00e+00	0.00e+00	0.00e+00
 2.64707e+23	3.35e-01	5.36e-01	1.29e-01	4.18e-06	0.00e+00	0.00e+00	0.00e+00	0.00e+00	0.00e+00	0.00e+00	0.00e+00
 2.64822e+23	3.39e-01	5.34e-01	1.27e-01	4.08e-06	0.00e+00	0.00e+00	0.00e+00	0.00e+00	0.00e+00	0.00e+00	0.00e+00
 2.64948e+23	3.43e-01	5.32e-01	1.24e-01	3.97e-06	0.00e+00	0.00e+00	0.00e+00	0.00e+00	0.00e+00	0.00e+00	0.00e+00
 2.65084e+23	3.48e-01	5.30e-01	1.22e-01	3.86e-06	0.00e+00	0.00e+00	0.00e+00	0.00e+00	0.00e+00	0.00e+00	0.00e+00
 2.65208e+23	3.53e-01	5.28e-01	1.19e-01	3.76e-06	0.00e+00	0.00e+00	0.00e+00	0.00e+00	0.00e+00	0.00e+00	0.00e+00
 2.65321e+23	3.56e-01	5.26e-01	1.18e-01	3.69e-06	0.00e+00	0.00e+00	0.00e+00	0.00e+00	0.00e+00	0.00e+00	0.00e+00
 2.65444e+23	3.60e-01	5.24e-01	1.16e-01	3.59e-06	0.00e+00	0.00e+00	0.00e+00	0.00e+00	0.00e+00	0.00e+00	0.00e+00
 2.65578e+23	3.64e-01	5.22e-01	1.14e-01	3.50e-06	0.00e+00	0.00e+00	0.00e+00	0.00e+00	0.00e+00	0.00e+00	0.00e+00
 2.65724e+23	3.70e-01	5.19e-01	1.11e-01	3.39e-06	0.00e+00	0.00e+00	0.00e+00	0.00e+00	0.00e+00	0.00e+00	0.00e+00
 2.65882e+23	3.75e-01	5.17e-01	1.09e-01	3.29e-06	0.00e+00	0.00e+00	0.00e+00	0.00e+00	0.00e+00	0.00e+00	0.00e+00
 2.66025e+23	3.78e-01	5.15e-01	1.07e-01	3.21e-06	0.00e+00	0.00e+00	0.00e+00	0.00e+00	0.00e+00	0.00e+00	0.00e+00
 2.66182e+23	3.84e-01	5.12e-01	1.04e-01	3.11e-06	0.00e+00	0.00e+00	0.00e+00	0.00e+00	0.00e+00	0.00e+00	0.00e+00
 2.66352e+23	3.88e-01	5.09e-01	1.02e-01	3.02e-06	0.00e+00	0.00e+00	0.00e+00	0.00e+00	0.00e+00	0.00e+00	0.00e+00
 2.66507e+23	3.93e-01	5.07e-01	1.00e-01	2.93e-06	0.00e+00	0.00e+00	0.00e+00	0.00e+00	0.00e+00	0.00e+00	0.00e+00
 2.66647e+23	3.97e-01	5.05e-01	9.86e-02	2.86e-06	0.00e+00	0.00e+00	0.00e+00	0.00e+00	0.00e+00	0.00e+00	0.00e+00
 2.66802e+23	4.02e-01	5.02e-01	9.62e-02	2.77e-06	0.00e+00	0.00e+00	0.00e+00	0.00e+00	0.00e+00	0.00e+00	0.00e+00
 2.66968e+23	4.07e-01	4.99e-01	9.43e-02	2.69e-06	0.00e+00	0.00e+00	0.00e+00	0.00e+00	0.00e+00	0.00e+00	0.00e+00
 2.67119e+23	4.12e-01	4.96e-01	9.23e-02	2.62e-06	0.00e+00	0.00e+00	0.00e+00	0.00e+00	0.00e+00	0.00e+00	0.00e+00
 2.67257e+23	4.15e-01	4.94e-01	9.10e-02	2.56e-06	0.00e+00	0.00e+00	0.00e+00	0.00e+00	0.00e+00	0.00e+00	0.00e+00
 2.67408e+23	4.20e-01	4.91e-01	8.89e-02	2.48e-06	0.00e+00	0.00e+00	0.00e+00	0.00e+00	0.00e+00	0.00e+00	0.00e+00
 2.67571e+23	4.24e-01	4.89e-01	8.72e-02	2.41e-06	0.00e+00	0.00e+00	0.00e+00	0.00e+00	0.00e+00	0.00e+00	0.00e+00
 2.67719e+23	4.28e-01	4.86e-01	8.59e-02	2.36e-06	0.00e+00	0.00e+00	0.00e+00	0.00e+00	0.00e+00	0.00e+00	0.00e+00
 2.67882e+23	4.34e-01	4.83e-01	8.36e-02	2.28e-06	0.00e+00	0.00e+00	0.00e+00	0.00e+00	0.00e+00	0.00e+00	0.00e+00
 2.68058e+23	4.38e-01	4.80e-01	8.19e-02	2.21e-06	0.00e+00	0.00e+00	0.00e+00	0.00e+00	0.00e+00	0.00e+00	0.00e+00
 2.68217e+23	4.43e-01	4.77e-01	8.01e-02	2.15e-06	0.00e+00	0.00e+00	0.00e+00	0.00e+00	0.00e+00	0.00e+00	0.00e+00
 2.68362e+23	4.46e-01	4.75e-01	7.89e-02	2.10e-06	0.00e+00	0.00e+00	0.00e+00	0.00e+00	0.00e+00	0.00e+00	0.00e+00
 2.68522e+23	4.52e-01	4.71e-01	7.70e-02	2.03e-06	0.00e+00	0.00e+00	0.00e+00	0.00e+00	0.00e+00	0.00e+00	0.00e+00
 2.68694e+23	4.56e-01	4.68e-01	7.55e-02	1.97e-06	0.00e+00	0.00e+00	0.00e+00	0.00e+00	0.00e+00	0.00e+00	0.00e+00
 2.68850e+23	4.60e-01	4.66e-01	7.42e-02	1.93e-06	0.00e+00	0.00e+00	0.00e+00	0.00e+00	0.00e+00	0.00e+00	0.00e+00
 2.69021e+23	4.66e-01	4.62e-01	7.23e-02	1.86e-06	0.00e+00	0.00e+00	0.00e+00	0.00e+00	0.00e+00	0.00e+00	0.00e+00
 2.69207e+23	4.70e-01	4.59e-01	7.08e-02	1.81e-06	0.00e+00	0.00e+00	0.00e+00	0.00e+00	0.00e+00	0.00e+00	0.00e+00
 2.69375e+23	4.74e-01	4.57e-01	6.96e-02	1.76e-06	0.00e+00	0.00e+00	0.00e+00	0.00e+00	0.00e+00	0.00e+00	0.00e+00
 2.69559e+23	4.80e-01	4.53e-01	6.76e-02	1.70e-06	0.00e+00	0.00e+00	0.00e+00	0.00e+00	0.00e+00	0.00e+00	0.00e+00
 2.69759e+23	4.85e-01	4.49e-01	6.61e-02	1.64e-06	0.00e+00	0.00e+00	0.00e+00	0.00e+00	0.00e+00	0.00e+00	0.00e+00
 2.69940e+23	4.89e-01	4.47e-01	6.49e-02	1.60e-06	0.00e+00	0.00e+00	0.00e+00	0.00e+00	0.00e+00	0.00e+00	0.00e+00
 2.70139e+23	4.95e-01	4.42e-01	6.30e-02	1.54e-06	0.00e+00	0.00e+00	0.00e+00	0.00e+00	0.00e+00	0.00e+00	0.00e+00
 2.70353e+23	5.00e-01	4.39e-01	6.15e-02	1.49e-06	0.00e+00	0.00e+00	0.00e+00	0.00e+00	0.00e+00	0.00e+00	0.00e+00
 2.70548e+23	5.04e-01	4.36e-01	6.03e-02	1.45e-06	0.00e+00	0.00e+00	0.00e+00	0.00e+00	0.00e+00	0.00e+00	0.00e+00
 2.70762e+23	5.11e-01	4.31e-01	5.84e-02	1.39e-06	0.00e+00	0.00e+00	0.00e+00	0.00e+00	0.00e+00	0.00e+00	0.00e+00
 2.70993e+23	5.15e-01	4.28e-01	5.72e-02	1.34e-06	0.00e+00	0.00e+00	0.00e+00	0.00e+00	0.00e+00	0.00e+00	0.00e+00
 2.71203e+23	5.21e-01	4.24e-01	5.57e-02	1.30e-06	0.00e+00	0.00e+00	0.00e+00	0.00e+00	0.00e+00	0.00e+00	0.00e+00
 2.71394e+23	5.26e-01	4.20e-01	5.43e-02	1.26e-06	0.00e+00	0.00e+00	0.00e+00	0.00e+00	0.00e+00	0.00e+00	0.00e+00
 2.71568e+23	5.29e-01	4.17e-01	5.34e-02	1.23e-06	0.00e+00	0.00e+00	0.00e+00	0.00e+00	0.00e+00	0.00e+00	0.00e+00
 2.71759e+23	5.35e-01	4.13e-01	5.20e-02	1.18e-06	0.00e+00	0.00e+00	0.00e+00	0.00e+00	0.00e+00	0.00e+00	0.00e+00
 2.71965e+23	5.39e-01	4.10e-01	5.09e-02	1.15e-06	0.00e+00	0.00e+00	0.00e+00	0.00e+00	0.00e+00	0.00e+00	0.00e+00
 2.72152e+23	5.43e-01	4.07e-01	4.99e-02	1.12e-06	0.00e+00	0.00e+00	0.00e+00	0.00e+00	0.00e+00	0.00e+00	0.00e+00
 2.72357e+23	5.49e-01	4.03e-01	4.86e-02	1.08e-06	0.00e+00	0.00e+00	0.00e+00	0.00e+00	0.00e+00	0.00e+00	0.00e+00
 2.72579e+23	5.52e-01	4.00e-01	4.78e-02	1.05e-06	0.00e+00	0.00e+00	0.00e+00	0.00e+00	0.00e+00	0.00e+00	0.00e+00
 2.72780e+23	5.57e-01	3.97e-01	4.66e-02	1.02e-06	0.00e+00	0.00e+00	0.00e+00	0.00e+00	0.00e+00	0.00e+00	0.00e+00
 2.73001e+23	5.63e-01	3.92e-01	4.53e-02	9.78e-07	0.00e+00	0.00e+00	0.00e+00	0.00e+00	0.00e+00	0.00e+00	0.00e+00
 2.73240e+23	5.67e-01	3.89e-01	4.43e-02	9.47e-07	0.00e+00	0.00e+00	0.00e+00	0.00e+00	0.00e+00	0.00e+00	0.00e+00
 2.73501e+23	5.73e-01	3.84e-01	4.29e-02	9.06e-07	0.00e+00	0.00e+00	0.00e+00	0.00e+00	0.00e+00	0.00e+00	0.00e+00
 2.73783e+23	5.79e-01	3.80e-01	4.17e-02	8.72e-07	0.00e+00	0.00e+00	0.00e+00	0.00e+00	0.00e+00	0.00e+00	0.00e+00
 2.74040e+23	5.84e-01	3.76e-01	4.06e-02	8.41e-07	0.00e+00	0.00e+00	0.00e+00	0.00e+00	0.00e+00	0.00e+00	0.00e+00
 2.74274e+23	5.88e-01	3.72e-01	3.97e-02	8.14e-07	0.00e+00	0.00e+00	0.00e+00	0.00e+00	0.00e+00	0.00e+00	0.00e+00
 2.74530e+23	5.94e-01	3.67e-01	3.84e-02	7.81e-07	0.00e+00	0.00e+00	0.00e+00	0.00e+00	0.00e+00	0.00e+00	0.00e+00
 2.74806e+23	6.00e-01	3.63e-01	3.74e-02	7.51e-07	0.00e+00	0.00e+00	0.00e+00	0.00e+00	0.00e+00	0.00e+00	0.00e+00
 2.75058e+23	6.04e-01	3.59e-01	3.65e-02	7.28e-07	0.00e+00	0.00e+00	0.00e+00	0.00e+00	0.00e+00	0.00e+00	0.00e+00
 2.75334e+23	6.10e-01	3.54e-01	3.54e-02	6.97e-07	0.00e+00	0.00e+00	0.00e+00	0.00e+00	0.00e+00	0.00e+00	0.00e+00
 2.75631e+23	6.16e-01	3.50e-01	3.44e-02	6.70e-07	0.00e+00	0.00e+00	0.00e+00	0.00e+00	0.00e+00	0.00e+00	0.00e+00
 2.75902e+23	6.20e-01	3.46e-01	3.36e-02	6.47e-07	0.00e+00	0.00e+00	0.00e+00	0.00e+00	0.00e+00	0.00e+00	0.00e+00
 2.76199e+23	6.26e-01	3.41e-01	3.24e-02	6.18e-07	0.00e+00	0.00e+00	0.00e+00	0.00e+00	0.00e+00	0.00e+00	0.00e+00
 2.76519e+23	6.31e-01	3.37e-01	3.16e-02	5.95e-07	0.00e+00	0.00e+00	0.00e+00	0.00e+00	0.00e+00	0.00e+00	0.00e+00
 2.76811e+23	6.37e-01	3.33e-01	3.07e-02	5.72e-07	0.00e+00	0.00e+00	0.00e+00	0.00e+00	0.00e+00	0.00e+00	0.00e+00
 2.77076e+23	6.41e-01	3.29e-01	2.99e-02	5.53e-07	0.00e+00	0.00e+00	0.00e+00	0.00e+00	0.00e+00	0.00e+00	0.00e+00
 2.77367e+23	6.47e-01	3.24e-01	2.90e-02	5.30e-07	0.00e+00	0.00e+00	0.00e+00	0.00e+00	0.00e+00	0.00e+00	0.00e+00
 2.77681e+23	6.52e-01	3.20e-01	2.81e-02	5.09e-07	0.00e+00	0.00e+00	0.00e+00	0.00e+00	0.00e+00	0.00e+00	0.00e+00
 2.77966e+23	6.56e-01	3.16e-01	2.75e-02	4.92e-07	0.00e+00	0.00e+00	0.00e+00	0.00e+00	0.00e+00	0.00e+00	0.00e+00
 2.78279e+23	6.62e-01	3.11e-01	2.65e-02	4.70e-07	0.00e+00	0.00e+00	0.00e+00	0.00e+00	0.00e+00	0.00e+00	0.00e+00
 2.78617e+23	6.68e-01	3.07e-01	2.58e-02	4.51e-07	0.00e+00	0.00e+00	0.00e+00	0.00e+00	0.00e+00	0.00e+00	0.00e+00
 2.78924e+23	6.72e-01	3.03e-01	2.51e-02	4.35e-07	0.00e+00	0.00e+00	0.00e+00	0.00e+00	0.00e+00	0.00e+00	0.00e+00
 2.79261e+23	6.78e-01	2.98e-01	2.43e-02	4.16e-07	0.00e+00	0.00e+00	0.00e+00	0.00e+00	0.00e+00	0.00e+00	0.00e+00
 2.79625e+23	6.83e-01	2.94e-01	2.35e-02	3.98e-07	0.00e+00	0.00e+00	0.00e+00	0.00e+00	0.00e+00	0.00e+00	0.00e+00
 2.79956e+23	6.88e-01	2.89e-01	2.28e-02	3.82e-07	0.00e+00	0.00e+00	0.00e+00	0.00e+00	0.00e+00	0.00e+00	0.00e+00
 2.80257e+23	6.92e-01	2.85e-01	2.23e-02	3.69e-07	0.00e+00	0.00e+00	0.00e+00	0.00e+00	0.00e+00	0.00e+00	0.00e+00
 2.80587e+23	6.98e-01	2.81e-01	2.16e-02	3.53e-07	0.00e+00	0.00e+00	0.00e+00	0.00e+00	0.00e+00	0.00e+00	0.00e+00
 2.80944e+23	7.03e-01	2.77e-01	2.09e-02	3.39e-07	0.00e+00	0.00e+00	0.00e+00	0.00e+00	0.00e+00	0.00e+00	0.00e+00
 2.81268e+23	7.07e-01	2.72e-01	2.03e-02	3.27e-07	0.00e+00	0.00e+00	0.00e+00	0.00e+00	0.00e+00	0.00e+00	0.00e+00
 2.81623e+23	7.13e-01	2.68e-01	1.97e-02	3.12e-07	0.00e+00	0.00e+00	0.00e+00	0.00e+00	0.00e+00	0.00e+00	0.00e+00
 2.82007e+23	7.18e-01	2.63e-01	1.91e-02	2.99e-07	0.00e+00	0.00e+00	0.00e+00	0.00e+00	0.00e+00	0.00e+00	0.00e+00
 2.82356e+23	7.22e-01	2.59e-01	1.85e-02	2.88e-07	0.00e+00	0.00e+00	0.00e+00	0.00e+00	0.00e+00	0.00e+00	0.00e+00
 2.82738e+23	7.28e-01	2.54e-01	1.79e-02	2.74e-07	0.00e+00	0.00e+00	0.00e+00	0.00e+00	0.00e+00	0.00e+00	0.00e+00
 2.83151e+23	7.33e-01	2.50e-01	1.73e-02	2.62e-07	0.00e+00	0.00e+00	0.00e+00	0.00e+00	0.00e+00	0.00e+00	0.00e+00
 2.83527e+23	7.37e-01	2.46e-01	1.68e-02	2.51e-07	0.00e+00	0.00e+00	0.00e+00	0.00e+00	0.00e+00	0.00e+00	0.00e+00
 2.83869e+23	7.41e-01	2.42e-01	1.64e-02	2.42e-07	0.00e+00	0.00e+00	0.00e+00	0.00e+00	0.00e+00	0.00e+00	0.00e+00
 2.84244e+23	7.46e-01	2.38e-01	1.58e-02	2.31e-07	0.00e+00	0.00e+00	0.00e+00	0.00e+00	0.00e+00	0.00e+00	0.00e+00
 2.84648e+23	7.51e-01	2.34e-01	1.54e-02	2.22e-07	0.00e+00	0.00e+00	0.00e+00	0.00e+00	0.00e+00	0.00e+00	0.00e+00
 2.85016e+23	7.55e-01	2.30e-01	1.49e-02	2.13e-07	0.00e+00	0.00e+00	0.00e+00	0.00e+00	0.00e+00	0.00e+00	0.00e+00
 2.85420e+23	7.60e-01	2.25e-01	1.44e-02	2.03e-07	0.00e+00	0.00e+00	0.00e+00	0.00e+00	0.00e+00	0.00e+00	0.00e+00
 2.85855e+23	7.65e-01	2.21e-01	1.40e-02	1.94e-07	0.00e+00	0.00e+00	0.00e+00	0.00e+00	0.00e+00	0.00e+00	0.00e+00
 2.86332e+23	7.71e-01	2.15e-01	1.34e-02	1.83e-07	0.00e+00	0.00e+00	0.00e+00	0.00e+00	0.00e+00	0.00e+00	0.00e+00
 2.86893e+23	7.77e-01	2.10e-01	1.28e-02	1.72e-07	0.00e+00	0.00e+00	0.00e+00	0.00e+00	0.00e+00	0.00e+00	0.00e+00
 2.87480e+23	7.84e-01	2.04e-01	1.22e-02	1.62e-07	0.00e+00	0.00e+00	0.00e+00	0.00e+00	0.00e+00	0.00e+00	0.00e+00
 2.88077e+23	7.90e-01	1.98e-01	1.17e-02	1.52e-07	0.00e+00	0.00e+00	0.00e+00	0.00e+00	0.00e+00	0.00e+00	0.00e+00
 2.88685e+23	7.96e-01	1.93e-01	1.12e-02	1.42e-07	0.00e+00	0.00e+00	0.00e+00	0.00e+00	0.00e+00	0.00e+00	0.00e+00
 2.89300e+23	8.02e-01	1.87e-01	1.07e-02	1.34e-07	0.00e+00	0.00e+00	0.00e+00	0.00e+00	0.00e+00	0.00e+00	0.00e+00
 2.89921e+23	8.08e-01	1.81e-01	1.02e-02	1.25e-07	0.00e+00	0.00e+00	0.00e+00	0.00e+00	0.00e+00	0.00e+00	0.00e+00
