#depth	N	N+	N+2	N+3	N+4	N+5	N+6	N+7
 1.54284e+22	7.10e-14	1.82e-09	1.26e-06	7.47e-05	1.01e-03	1.02e-01	4.59e-01	4.38e-01
 3.40716e+22	9.86e-13	1.99e-08	1.06e-05	4.67e-04	3.86e-03	2.09e-01	5.15e-01	2.72e-01
 3.85661e+22	2.15e-12	4.17e-08	2.12e-05	8.76e-04	6.20e-03	2.64e-01	5.14e-01	2.15e-01
 4.04855e+22	3.04e-12	5.79e-08	2.91e-05	1.17e-03	7.74e-03	2.93e-01	5.08e-01	1.90e-01
 4.13753e+22	3.42e-12	6.54e-08	3.27e-05	1.31e-03	8.42e-03	3.04e-01	5.05e-01	1.81e-01
 4.19234e+22	3.96e-12	7.52e-08	3.75e-05	1.48e-03	9.27e-03	3.18e-01	5.01e-01	1.71e-01
 4.24682e+22	4.43e-12	8.41e-08	4.19e-05	1.65e-03	1.00e-02	3.29e-01	4.97e-01	1.62e-01
 4.30153e+22	5.06e-12	9.59e-08	4.77e-05	1.86e-03	1.10e-02	3.43e-01	4.92e-01	1.52e-01
 4.35733e+22	5.65e-12	1.07e-07	5.32e-05	2.06e-03	1.19e-02	3.55e-01	4.87e-01	1.45e-01
 4.41578e+22	6.47e-12	1.23e-07	6.08e-05	2.34e-03	1.32e-02	3.70e-01	4.80e-01	1.35e-01
 4.47429e+22	7.18e-12	1.36e-07	6.75e-05	2.58e-03	1.42e-02	3.81e-01	4.74e-01	1.28e-01
 4.53366e+22	8.16e-12	1.55e-07	7.70e-05	2.92e-03	1.56e-02	3.97e-01	4.66e-01	1.19e-01
 4.59309e+22	9.03e-12	1.72e-07	8.51e-05	3.20e-03	1.68e-02	4.08e-01	4.60e-01	1.12e-01
 4.65258e+22	1.02e-11	1.94e-07	9.66e-05	3.61e-03	1.84e-02	4.23e-01	4.51e-01	1.04e-01
 4.71273e+22	1.13e-11	2.15e-07	1.07e-04	3.95e-03	1.98e-02	4.34e-01	4.44e-01	9.85e-02
 4.77375e+22	1.27e-11	2.43e-07	1.21e-04	4.44e-03	2.16e-02	4.49e-01	4.34e-01	9.12e-02
 4.83552e+22	1.40e-11	2.68e-07	1.33e-04	4.85e-03	2.32e-02	4.60e-01	4.26e-01	8.58e-02
 4.89829e+22	1.58e-11	3.02e-07	1.51e-04	5.44e-03	2.53e-02	4.75e-01	4.15e-01	7.91e-02
 4.96216e+22	1.74e-11	3.34e-07	1.67e-04	5.94e-03	2.71e-02	4.86e-01	4.07e-01	7.41e-02
 5.02747e+22	1.97e-11	3.77e-07	1.89e-04	6.66e-03	2.96e-02	5.00e-01	3.95e-01	6.80e-02
 5.09422e+22	2.18e-11	4.18e-07	2.09e-04	7.28e-03	3.17e-02	5.11e-01	3.86e-01	6.35e-02
 5.16283e+22	2.46e-11	4.74e-07	2.38e-04	8.16e-03	3.47e-02	5.26e-01	3.73e-01	5.79e-02
 5.23297e+22	2.74e-11	5.27e-07	2.64e-04	8.93e-03	3.71e-02	5.36e-01	3.64e-01	5.38e-02
 5.29205e+22	3.00e-11	5.77e-07	2.90e-04	9.66e-03	3.94e-02	5.46e-01	3.55e-01	5.04e-02
 5.35583e+22	3.36e-11	6.47e-07	3.26e-04	1.07e-02	4.25e-02	5.57e-01	3.43e-01	4.62e-02
 5.41801e+22	3.66e-11	7.05e-07	3.55e-04	1.15e-02	4.49e-02	5.65e-01	3.35e-01	4.34e-02
 5.47811e+22	4.05e-11	7.82e-07	3.95e-04	1.26e-02	4.81e-02	5.75e-01	3.24e-01	3.98e-02
 5.53878e+22	4.44e-11	8.56e-07	4.31e-04	1.35e-02	5.07e-02	5.83e-01	3.15e-01	3.74e-02
 5.60020e+22	4.93e-11	9.53e-07	4.81e-04	1.47e-02	5.43e-02	5.92e-01	3.04e-01	3.43e-02
 5.66247e+22	5.42e-11	1.05e-06	5.25e-04	1.58e-02	5.71e-02	5.99e-01	2.96e-01	3.20e-02
 5.72586e+22	6.05e-11	1.17e-06	5.87e-04	1.73e-02	6.11e-02	6.07e-01	2.85e-01	2.92e-02
 5.79016e+22	6.69e-11	1.29e-06	6.43e-04	1.86e-02	6.43e-02	6.13e-01	2.76e-01	2.73e-02
 5.85565e+22	7.48e-11	1.44e-06	7.22e-04	2.03e-02	6.88e-02	6.21e-01	2.65e-01	2.48e-02
 5.92221e+22	8.32e-11	1.59e-06	7.93e-04	2.18e-02	7.23e-02	6.26e-01	2.56e-01	2.30e-02
 5.99017e+22	9.35e-11	1.79e-06	8.93e-04	2.39e-02	7.73e-02	6.32e-01	2.45e-01	2.08e-02
 6.05954e+22	1.05e-10	1.99e-06	9.84e-04	2.57e-02	8.12e-02	6.37e-01	2.36e-01	1.92e-02
 6.13074e+22	1.19e-10	2.26e-06	1.11e-03	2.82e-02	8.68e-02	6.42e-01	2.25e-01	1.73e-02
 6.20379e+22	1.33e-10	2.52e-06	1.23e-03	3.04e-02	9.14e-02	6.45e-01	2.16e-01	1.59e-02
 6.27923e+22	1.53e-10	2.88e-06	1.41e-03	3.34e-02	9.76e-02	6.49e-01	2.04e-01	1.42e-02
 6.35573e+22	1.73e-10	3.23e-06	1.56e-03	3.60e-02	1.03e-01	6.51e-01	1.96e-01	1.30e-02
 6.43363e+22	2.01e-10	3.72e-06	1.79e-03	3.95e-02	1.09e-01	6.53e-01	1.85e-01	1.15e-02
 6.51242e+22	2.28e-10	4.19e-06	1.99e-03	4.26e-02	1.15e-01	6.54e-01	1.76e-01	1.05e-02
 6.59239e+22	2.66e-10	4.85e-06	2.29e-03	4.68e-02	1.22e-01	6.54e-01	1.65e-01	9.25e-03
 6.67350e+22	3.05e-10	5.49e-06	2.55e-03	5.04e-02	1.28e-01	6.53e-01	1.57e-01	8.39e-03
 6.74474e+22	3.45e-10	6.16e-06	2.84e-03	5.42e-02	1.34e-01	6.51e-01	1.50e-01	7.60e-03
 6.82597e+22	4.08e-10	7.18e-06	3.26e-03	5.94e-02	1.42e-01	6.48e-01	1.40e-01	6.69e-03
 6.90871e+22	4.65e-10	8.10e-06	3.65e-03	6.39e-02	1.49e-01	6.45e-01	1.32e-01	6.01e-03
 6.97593e+22	5.24e-10	9.03e-06	4.01e-03	6.80e-02	1.55e-01	6.42e-01	1.26e-01	5.49e-03
 7.04587e+22	6.07e-10	1.03e-05	4.49e-03	7.31e-02	1.61e-01	6.37e-01	1.19e-01	4.93e-03
 7.11933e+22	6.90e-10	1.15e-05	4.97e-03	7.80e-02	1.68e-01	6.32e-01	1.13e-01	4.47e-03
 7.18666e+22	7.82e-10	1.29e-05	5.49e-03	8.30e-02	1.74e-01	6.27e-01	1.07e-01	4.05e-03
 7.26351e+22	9.21e-10	1.49e-05	6.21e-03	8.97e-02	1.82e-01	6.19e-01	9.99e-02	3.58e-03
 7.34234e+22	1.05e-09	1.68e-05	6.91e-03	9.58e-02	1.89e-01	6.12e-01	9.38e-02	3.20e-03
 7.41152e+22	1.20e-09	1.89e-05	7.63e-03	1.02e-01	1.95e-01	6.04e-01	8.86e-02	2.89e-03
 7.48922e+22	1.42e-09	2.19e-05	8.63e-03	1.10e-01	2.03e-01	5.94e-01	8.24e-02	2.54e-03
 7.57078e+22	1.65e-09	2.48e-05	9.64e-03	1.17e-01	2.10e-01	5.84e-01	7.68e-02	2.25e-03
 7.64472e+22	1.90e-09	2.81e-05	1.07e-02	1.24e-01	2.16e-01	5.75e-01	7.20e-02	2.01e-03
 7.72821e+22	2.28e-09	3.29e-05	1.21e-02	1.34e-01	2.24e-01	5.61e-01	6.62e-02	1.74e-03
 7.81428e+22	2.66e-09	3.75e-05	1.36e-02	1.43e-01	2.32e-01	5.49e-01	6.13e-02	1.53e-03
 7.89082e+22	3.09e-09	4.27e-05	1.51e-02	1.52e-01	2.38e-01	5.37e-01	5.70e-02	1.35e-03
 7.97742e+22	3.74e-09	5.01e-05	1.72e-02	1.64e-01	2.45e-01	5.21e-01	5.19e-02	1.16e-03
 8.06744e+22	4.42e-09	5.77e-05	1.92e-02	1.74e-01	2.52e-01	5.06e-01	4.76e-02	1.00e-03
 8.14846e+22	5.13e-09	6.59e-05	2.14e-02	1.85e-01	2.58e-01	4.91e-01	4.39e-02	8.77e-04
 8.24035e+22	6.30e-09	7.82e-05	2.44e-02	1.98e-01	2.65e-01	4.72e-01	3.94e-02	7.36e-04
 8.33502e+22	7.49e-09	9.02e-05	2.74e-02	2.11e-01	2.70e-01	4.55e-01	3.58e-02	6.32e-04
 8.42030e+22	8.89e-09	1.04e-04	3.05e-02	2.23e-01	2.75e-01	4.38e-01	3.26e-02	5.43e-04
 8.51816e+22	1.11e-08	1.24e-04	3.49e-02	2.39e-01	2.81e-01	4.16e-01	2.87e-02	4.46e-04
 8.61718e+22	1.32e-08	1.43e-04	3.90e-02	2.52e-01	2.85e-01	3.98e-01	2.58e-02	3.78e-04
 8.71773e+22	1.66e-08	1.72e-04	4.46e-02	2.69e-01	2.88e-01	3.75e-01	2.26e-02	3.07e-04
 8.81946e+22	2.00e-08	1.99e-04	4.97e-02	2.83e-01	2.90e-01	3.56e-01	2.01e-02	2.58e-04
 8.92274e+22	2.53e-08	2.40e-04	5.68e-02	3.01e-01	2.92e-01	3.32e-01	1.74e-02	2.06e-04
 9.02700e+22	3.05e-08	2.78e-04	6.30e-02	3.15e-01	2.93e-01	3.13e-01	1.54e-02	1.71e-04
 9.13253e+22	3.88e-08	3.35e-04	7.19e-02	3.33e-01	2.92e-01	2.89e-01	1.31e-02	1.34e-04
 9.23916e+22	4.70e-08	3.88e-04	7.95e-02	3.47e-01	2.90e-01	2.71e-01	1.15e-02	1.11e-04
 9.34720e+22	6.02e-08	4.68e-04	9.02e-02	3.65e-01	2.87e-01	2.48e-01	9.64e-03	8.56e-05
 9.45668e+22	7.34e-08	5.42e-04	9.95e-02	3.78e-01	2.84e-01	2.30e-01	8.36e-03	6.95e-05
 9.56803e+22	9.46e-08	6.56e-04	1.13e-01	3.95e-01	2.78e-01	2.07e-01	6.92e-03	5.28e-05
 9.67735e+22	1.14e-07	7.53e-04	1.23e-01	4.06e-01	2.73e-01	1.92e-01	5.99e-03	4.29e-05
 9.78402e+22	1.46e-07	8.99e-04	1.37e-01	4.20e-01	2.65e-01	1.72e-01	4.94e-03	3.26e-05
 9.88682e+22	1.73e-07	1.02e-03	1.48e-01	4.29e-01	2.59e-01	1.59e-01	4.31e-03	2.69e-05
 9.98459e+22	2.16e-07	1.19e-03	1.63e-01	4.39e-01	2.50e-01	1.43e-01	3.58e-03	2.07e-05
 1.00822e+23	2.56e-07	1.35e-03	1.75e-01	4.46e-01	2.43e-01	1.32e-01	3.11e-03	1.69e-05
 1.01797e+23	3.16e-07	1.56e-03	1.90e-01	4.53e-01	2.34e-01	1.19e-01	2.59e-03	1.31e-05
 1.02808e+23	3.81e-07	1.78e-03	2.05e-01	4.59e-01	2.25e-01	1.07e-01	2.18e-03	1.03e-05
 1.03714e+23	4.53e-07	2.01e-03	2.19e-01	4.63e-01	2.16e-01	9.76e-02	1.87e-03	8.30e-06
 1.04742e+23	5.68e-07	2.35e-03	2.38e-01	4.67e-01	2.05e-01	8.61e-02	1.51e-03	6.23e-06
 1.05786e+23	6.83e-07	2.66e-03	2.54e-01	4.69e-01	1.96e-01	7.73e-02	1.27e-03	4.88e-06
 1.06851e+23	8.53e-07	3.10e-03	2.74e-01	4.70e-01	1.84e-01	6.76e-02	1.02e-03	3.62e-06
 1.07888e+23	1.01e-06	3.47e-03	2.90e-01	4.69e-01	1.75e-01	6.08e-02	8.58e-04	2.85e-06
 1.08704e+23	1.18e-06	3.83e-03	3.05e-01	4.68e-01	1.67e-01	5.53e-02	7.37e-04	2.32e-06
 1.09582e+23	1.41e-06	4.32e-03	3.22e-01	4.66e-01	1.58e-01	4.92e-02	6.11e-04	1.80e-06
 1.10486e+23	1.64e-06	4.78e-03	3.38e-01	4.63e-01	1.50e-01	4.44e-02	5.18e-04	1.44e-06
 1.11296e+23	1.91e-06	5.27e-03	3.53e-01	4.59e-01	1.42e-01	4.01e-02	4.41e-04	1.15e-06
 1.12223e+23	2.30e-06	5.96e-03	3.73e-01	4.53e-01	1.33e-01	3.51e-02	3.58e-04	8.72e-07
 1.13159e+23	2.68e-06	6.58e-03	3.89e-01	4.48e-01	1.25e-01	3.14e-02	3.01e-04	6.88e-07
 1.13978e+23	3.10e-06	7.23e-03	4.05e-01	4.42e-01	1.18e-01	2.82e-02	2.54e-04	5.47e-07
 1.14914e+23	3.72e-06	8.13e-03	4.24e-01	4.33e-01	1.09e-01	2.46e-02	2.04e-04	4.09e-07
 1.15867e+23	4.32e-06	8.96e-03	4.41e-01	4.26e-01	1.02e-01	2.18e-02	1.70e-04	3.20e-07
 1.16711e+23	5.00e-06	9.84e-03	4.57e-01	4.18e-01	9.60e-02	1.94e-02	1.42e-04	2.51e-07
 1.17680e+23	6.00e-06	1.11e-02	4.77e-01	4.07e-01	8.82e-02	1.67e-02	1.13e-04	1.84e-07
 1.18663e+23	6.96e-06	1.21e-02	4.94e-01	3.98e-01	8.19e-02	1.48e-02	9.26e-05	1.42e-07
 1.19666e+23	8.35e-06	1.37e-02	5.14e-01	3.85e-01	7.47e-02	1.26e-02	7.25e-05	0.00e+00
 1.20679e+23	9.73e-06	1.50e-02	5.30e-01	3.74e-01	6.90e-02	1.10e-02	5.90e-05	0.00e+00
 1.21567e+23	1.12e-05	1.65e-02	5.46e-01	3.64e-01	6.39e-02	9.68e-03	4.84e-05	0.00e+00
 1.22584e+23	1.35e-05	1.85e-02	5.65e-01	3.50e-01	5.77e-02	8.19e-03	3.74e-05	0.00e+00
 1.23620e+23	1.57e-05	2.03e-02	5.81e-01	3.38e-01	5.30e-02	7.12e-03	3.02e-05	0.00e+00
 1.24681e+23	1.89e-05	2.29e-02	6.00e-01	3.24e-01	4.76e-02	5.96e-03	2.31e-05	0.00e+00
 1.25763e+23	2.21e-05	2.52e-02	6.15e-01	3.11e-01	4.33e-02	5.12e-03	1.83e-05	0.00e+00
 1.26722e+23	2.56e-05	2.76e-02	6.29e-01	2.99e-01	3.95e-02	4.43e-03	1.46e-05	0.00e+00
 1.27818e+23	3.09e-05	3.10e-02	6.47e-01	2.83e-01	3.51e-02	3.67e-03	1.10e-05	0.00e+00
 1.28944e+23	3.62e-05	3.42e-02	6.61e-01	2.70e-01	3.17e-02	3.12e-03	8.58e-06	0.00e+00
 1.29809e+23	4.05e-05	3.66e-02	6.70e-01	2.61e-01	2.94e-02	2.78e-03	7.19e-06	0.00e+00
 1.30631e+23	4.65e-05	3.98e-02	6.81e-01	2.50e-01	2.68e-02	2.40e-03	5.76e-06	0.00e+00
 1.31247e+23	4.86e-05	4.09e-02	6.85e-01	2.46e-01	2.60e-02	2.29e-03	5.35e-06	0.00e+00
 1.31500e+23	5.00e-05	4.16e-02	6.87e-01	2.44e-01	2.55e-02	2.22e-03	5.10e-06	0.00e+00
 1.31735e+23	5.22e-05	4.27e-02	6.90e-01	2.40e-01	2.47e-02	2.12e-03	4.76e-06	0.00e+00
 1.32041e+23	5.47e-05	4.39e-02	6.93e-01	2.37e-01	2.39e-02	2.01e-03	4.41e-06	0.00e+00
 1.32439e+23	5.85e-05	4.57e-02	6.98e-01	2.31e-01	2.28e-02	1.87e-03	3.95e-06	0.00e+00
 1.32956e+23	6.37e-05	4.82e-02	7.04e-01	2.24e-01	2.15e-02	1.71e-03	3.43e-06	0.00e+00
 1.33628e+23	7.15e-05	5.16e-02	7.12e-01	2.15e-01	1.98e-02	1.50e-03	2.84e-06	0.00e+00
 1.34501e+23	8.29e-05	5.65e-02	7.21e-01	2.04e-01	1.78e-02	1.28e-03	2.21e-06	0.00e+00
 1.35381e+23	9.26e-05	6.03e-02	7.27e-01	1.95e-01	1.64e-02	1.12e-03	1.83e-06	0.00e+00
 1.36270e+23	1.07e-04	6.58e-02	7.34e-01	1.84e-01	1.47e-02	9.52e-04	1.42e-06	0.00e+00
 1.37177e+23	1.20e-04	7.04e-02	7.40e-01	1.75e-01	1.34e-02	8.30e-04	1.15e-06	0.00e+00
 1.38109e+23	1.40e-04	7.69e-02	7.46e-01	1.65e-01	1.19e-02	6.97e-04	8.87e-07	0.00e+00
 1.39064e+23	1.58e-04	8.26e-02	7.50e-01	1.56e-01	1.08e-02	6.01e-04	7.09e-07	0.00e+00
 1.40049e+23	1.85e-04	9.07e-02	7.54e-01	1.45e-01	9.53e-03	4.97e-04	5.32e-07	0.00e+00
 1.41044e+23	2.08e-04	9.71e-02	7.57e-01	1.37e-01	8.61e-03	4.27e-04	4.24e-07	0.00e+00
 1.42051e+23	2.43e-04	1.06e-01	7.59e-01	1.27e-01	7.58e-03	3.52e-04	3.18e-07	0.00e+00
 1.43097e+23	2.77e-04	1.15e-01	7.60e-01	1.19e-01	6.76e-03	2.97e-04	2.46e-07	0.00e+00
 1.44193e+23	3.28e-04	1.26e-01	7.59e-01	1.08e-01	5.84e-03	2.39e-04	1.77e-07	0.00e+00
 1.45292e+23	3.74e-04	1.36e-01	7.58e-01	1.01e-01	5.20e-03	2.01e-04	1.37e-07	0.00e+00
 1.46394e+23	4.42e-04	1.49e-01	7.54e-01	9.16e-02	4.48e-03	1.60e-04	0.00e+00	0.00e+00
 1.47511e+23	5.03e-04	1.61e-01	7.50e-01	8.46e-02	3.96e-03	1.34e-04	0.00e+00	0.00e+00
 1.48649e+23	5.98e-04	1.77e-01	7.43e-01	7.60e-02	3.38e-03	1.05e-04	0.00e+00	0.00e+00
 1.49794e+23	6.81e-04	1.90e-01	7.37e-01	6.98e-02	2.98e-03	8.70e-05	0.00e+00	0.00e+00
 1.50947e+23	8.09e-04	2.09e-01	7.25e-01	6.22e-02	2.53e-03	6.77e-05	0.00e+00	0.00e+00
 1.52121e+23	9.29e-04	2.25e-01	7.15e-01	5.64e-02	2.20e-03	5.52e-05	0.00e+00	0.00e+00
 1.53105e+23	1.05e-03	2.40e-01	7.05e-01	5.16e-02	1.95e-03	4.58e-05	0.00e+00	0.00e+00
 1.54168e+23	1.23e-03	2.62e-01	6.90e-01	4.58e-02	1.67e-03	3.60e-05	0.00e+00	0.00e+00
 1.55323e+23	1.43e-03	2.83e-01	6.74e-01	4.07e-02	1.43e-03	2.85e-05	0.00e+00	0.00e+00
 1.56597e+23	1.74e-03	3.14e-01	6.49e-01	3.45e-02	1.17e-03	2.07e-05	0.00e+00	0.00e+00
 1.57854e+23	2.01e-03	3.37e-01	6.30e-01	3.05e-02	1.00e-03	1.64e-05	0.00e+00	0.00e+00
 1.59089e+23	2.43e-03	3.71e-01	6.00e-01	2.56e-02	8.16e-04	1.18e-05	0.00e+00	0.00e+00
 1.60354e+23	2.85e-03	4.01e-01	5.74e-01	2.19e-02	6.83e-04	8.94e-06	0.00e+00	0.00e+00
 1.61659e+23	3.51e-03	4.44e-01	5.35e-01	1.77e-02	5.37e-04	6.10e-06	0.00e+00	0.00e+00
 1.62969e+23	4.14e-03	4.78e-01	5.03e-01	1.47e-02	4.43e-04	4.47e-06	0.00e+00	0.00e+00
 1.64286e+23	5.13e-03	5.26e-01	4.57e-01	1.14e-02	3.38e-04	2.90e-06	0.00e+00	0.00e+00
 1.65631e+23	6.15e-03	5.67e-01	4.17e-01	9.10e-03	2.67e-04	1.99e-06	0.00e+00	0.00e+00
 1.67010e+23	7.70e-03	6.21e-01	3.65e-01	6.63e-03	1.94e-04	1.19e-06	0.00e+00	0.00e+00
 1.68222e+23	8.94e-03	6.55e-01	3.31e-01	5.33e-03	1.56e-04	8.41e-07	0.00e+00	0.00e+00
 1.69079e+23	1.02e-02	6.85e-01	3.00e-01	4.32e-03	1.27e-04	6.02e-07	0.00e+00	0.00e+00
 1.70056e+23	1.20e-02	7.23e-01	2.61e-01	3.26e-03	9.56e-05	3.85e-07	0.00e+00	0.00e+00
 1.71105e+23	1.42e-02	7.58e-01	2.25e-01	2.42e-03	7.12e-05	2.43e-07	0.00e+00	0.00e+00
 1.72086e+23	1.67e-02	7.91e-01	1.90e-01	1.77e-03	5.19e-05	1.49e-07	0.00e+00	0.00e+00
 1.73202e+23	2.05e-02	8.28e-01	1.50e-01	1.16e-03	3.36e-05	0.00e+00	0.00e+00	0.00e+00
 1.74272e+23	2.45e-02	8.55e-01	1.19e-01	7.78e-04	2.22e-05	0.00e+00	0.00e+00	0.00e+00
 1.75082e+23	2.86e-02	8.74e-01	9.65e-02	5.49e-04	1.53e-05	0.00e+00	0.00e+00	0.00e+00
 1.75816e+23	3.33e-02	8.89e-01	7.72e-02	3.87e-04	1.03e-05	0.00e+00	0.00e+00	0.00e+00
 1.76540e+23	3.92e-02	9.01e-01	6.01e-02	2.67e-04	6.68e-06	0.00e+00	0.00e+00	0.00e+00
 1.77219e+23	4.61e-02	9.08e-01	4.61e-02	1.84e-04	4.24e-06	0.00e+00	0.00e+00	0.00e+00
 1.77821e+23	5.42e-02	9.10e-01	3.54e-02	1.30e-04	2.69e-06	0.00e+00	0.00e+00	0.00e+00
 1.78350e+23	6.34e-02	9.09e-01	2.73e-02	9.49e-05	1.73e-06	0.00e+00	0.00e+00	0.00e+00
 1.78824e+23	7.41e-02	9.05e-01	2.10e-02	7.06e-05	1.12e-06	0.00e+00	0.00e+00	0.00e+00
 1.79255e+23	8.60e-02	8.98e-01	1.63e-02	5.41e-05	7.35e-07	0.00e+00	0.00e+00	0.00e+00
 1.79656e+23	1.00e-01	8.87e-01	1.26e-02	4.19e-05	4.82e-07	0.00e+00	0.00e+00	0.00e+00
 1.80032e+23	1.17e-01	8.73e-01	9.78e-03	3.31e-05	3.18e-07	0.00e+00	0.00e+00	0.00e+00
 1.80372e+23	1.36e-01	8.56e-01	7.63e-03	2.67e-05	2.14e-07	0.00e+00	0.00e+00	0.00e+00
 1.80678e+23	1.57e-01	8.37e-01	6.04e-03	2.21e-05	1.49e-07	0.00e+00	0.00e+00	0.00e+00
 1.80885e+23	1.72e-01	8.23e-01	5.19e-03	1.96e-05	0.00e+00	0.00e+00	0.00e+00	0.00e+00
 1.80993e+23	1.81e-01	8.14e-01	4.77e-03	1.84e-05	0.00e+00	0.00e+00	0.00e+00	0.00e+00
 1.81091e+23	1.90e-01	8.06e-01	4.40e-03	1.73e-05	0.00e+00	0.00e+00	0.00e+00	0.00e+00
 1.81214e+23	2.02e-01	7.94e-01	3.96e-03	1.61e-05	0.00e+00	0.00e+00	0.00e+00	0.00e+00
 1.81356e+23	2.16e-01	7.80e-01	3.51e-03	1.48e-05	0.00e+00	0.00e+00	0.00e+00	0.00e+00
 1.81496e+23	2.30e-01	7.67e-01	3.13e-03	1.36e-05	0.00e+00	0.00e+00	0.00e+00	0.00e+00
 1.81640e+23	2.47e-01	7.51e-01	2.76e-03	1.25e-05	0.00e+00	0.00e+00	0.00e+00	0.00e+00
 1.81793e+23	2.65e-01	7.33e-01	2.42e-03	1.15e-05	0.00e+00	0.00e+00	0.00e+00	0.00e+00
 1.81947e+23	2.84e-01	7.14e-01	2.12e-03	1.05e-05	0.00e+00	0.00e+00	0.00e+00	0.00e+00
 1.82103e+23	3.04e-01	6.94e-01	1.85e-03	9.69e-06	0.00e+00	0.00e+00	0.00e+00	0.00e+00
 1.82256e+23	3.24e-01	6.75e-01	1.62e-03	8.93e-06	0.00e+00	0.00e+00	0.00e+00	0.00e+00
 1.82377e+23	3.39e-01	6.59e-01	1.46e-03	8.42e-06	0.00e+00	0.00e+00	0.00e+00	0.00e+00
 1.82458e+23	3.50e-01	6.49e-01	1.37e-03	8.08e-06	0.00e+00	0.00e+00	0.00e+00	0.00e+00
 1.82537e+23	3.61e-01	6.38e-01	1.28e-03	7.77e-06	0.00e+00	0.00e+00	0.00e+00	0.00e+00
 1.82631e+23	3.74e-01	6.25e-01	1.17e-03	7.40e-06	0.00e+00	0.00e+00	0.00e+00	0.00e+00
 1.82736e+23	3.89e-01	6.10e-01	1.07e-03	7.03e-06	0.00e+00	0.00e+00	0.00e+00	0.00e+00
 1.82837e+23	4.02e-01	5.97e-01	9.82e-04	6.70e-06	0.00e+00	0.00e+00	0.00e+00	0.00e+00
 1.82935e+23	4.16e-01	5.83e-01	9.01e-04	6.40e-06	0.00e+00	0.00e+00	0.00e+00	0.00e+00
 1.83037e+23	4.30e-01	5.69e-01	8.25e-04	6.10e-06	0.00e+00	0.00e+00	0.00e+00	0.00e+00
 1.83140e+23	4.44e-01	5.55e-01	7.55e-04	5.81e-06	0.00e+00	0.00e+00	0.00e+00	0.00e+00
 1.83245e+23	4.58e-01	5.41e-01	6.90e-04	5.54e-06	0.00e+00	0.00e+00	0.00e+00	0.00e+00
 1.83354e+23	4.73e-01	5.27e-01	6.29e-04	5.28e-06	0.00e+00	0.00e+00	0.00e+00	0.00e+00
 1.83466e+23	4.88e-01	5.12e-01	5.72e-04	5.02e-06	0.00e+00	0.00e+00	0.00e+00	0.00e+00
 1.83581e+23	5.03e-01	4.97e-01	5.19e-04	4.78e-06	0.00e+00	0.00e+00	0.00e+00	0.00e+00
 1.83697e+23	5.17e-01	4.82e-01	4.72e-04	4.55e-06	0.00e+00	0.00e+00	0.00e+00	0.00e+00
 1.83817e+23	5.33e-01	4.67e-01	4.28e-04	4.33e-06	0.00e+00	0.00e+00	0.00e+00	0.00e+00
 1.83942e+23	5.48e-01	4.51e-01	3.86e-04	4.11e-06	0.00e+00	0.00e+00	0.00e+00	0.00e+00
 1.84068e+23	5.63e-01	4.36e-01	3.49e-04	3.90e-06	0.00e+00	0.00e+00	0.00e+00	0.00e+00
 1.84196e+23	5.78e-01	4.21e-01	3.15e-04	3.71e-06	0.00e+00	0.00e+00	0.00e+00	0.00e+00
 1.84330e+23	5.94e-01	4.06e-01	2.84e-04	3.52e-06	0.00e+00	0.00e+00	0.00e+00	0.00e+00
 1.84470e+23	6.09e-01	3.91e-01	2.55e-04	3.33e-06	0.00e+00	0.00e+00	0.00e+00	0.00e+00
 1.84612e+23	6.24e-01	3.76e-01	2.29e-04	3.16e-06	0.00e+00	0.00e+00	0.00e+00	0.00e+00
 1.84758e+23	6.39e-01	3.61e-01	2.06e-04	3.00e-06	0.00e+00	0.00e+00	0.00e+00	0.00e+00
 1.84908e+23	6.54e-01	3.46e-01	1.85e-04	2.84e-06	0.00e+00	0.00e+00	0.00e+00	0.00e+00
 1.85065e+23	6.69e-01	3.31e-01	1.65e-04	2.68e-06	0.00e+00	0.00e+00	0.00e+00	0.00e+00
 1.85228e+23	6.83e-01	3.17e-01	1.48e-04	2.53e-06	0.00e+00	0.00e+00	0.00e+00	0.00e+00
 1.85394e+23	6.97e-01	3.02e-01	1.33e-04	2.39e-06	0.00e+00	0.00e+00	0.00e+00	0.00e+00
 1.85566e+23	7.11e-01	2.88e-01	1.19e-04	2.26e-06	0.00e+00	0.00e+00	0.00e+00	0.00e+00
 1.85744e+23	7.25e-01	2.75e-01	1.07e-04	2.13e-06	0.00e+00	0.00e+00	0.00e+00	0.00e+00
 1.85928e+23	7.39e-01	2.61e-01	9.60e-05	2.01e-06	0.00e+00	0.00e+00	0.00e+00	0.00e+00
 1.86115e+23	7.51e-01	2.49e-01	8.66e-05	1.90e-06	0.00e+00	0.00e+00	0.00e+00	0.00e+00
 1.86306e+23	7.64e-01	2.36e-01	7.84e-05	1.80e-06	0.00e+00	0.00e+00	0.00e+00	0.00e+00
 1.86501e+23	7.76e-01	2.24e-01	7.11e-05	1.70e-06	0.00e+00	0.00e+00	0.00e+00	0.00e+00
 1.86703e+23	7.87e-01	2.13e-01	6.46e-05	1.60e-06	0.00e+00	0.00e+00	0.00e+00	0.00e+00
 1.86910e+23	7.98e-01	2.02e-01	5.90e-05	1.52e-06	0.00e+00	0.00e+00	0.00e+00	0.00e+00
 1.87121e+23	8.09e-01	1.91e-01	5.41e-05	1.44e-06	0.00e+00	0.00e+00	0.00e+00	0.00e+00
 1.87339e+23	8.19e-01	1.81e-01	4.97e-05	1.36e-06	0.00e+00	0.00e+00	0.00e+00	0.00e+00
 1.87565e+23	8.28e-01	1.72e-01	4.59e-05	1.29e-06	0.00e+00	0.00e+00	0.00e+00	0.00e+00
 1.87798e+23	8.38e-01	1.62e-01	4.25e-05	1.22e-06	0.00e+00	0.00e+00	0.00e+00	0.00e+00
 1.88039e+23	8.47e-01	1.53e-01	3.94e-05	1.15e-06	0.00e+00	0.00e+00	0.00e+00	0.00e+00
 1.88290e+23	8.56e-01	1.44e-01	3.67e-05	1.09e-06	0.00e+00	0.00e+00	0.00e+00	0.00e+00
 1.88551e+23	8.64e-01	1.36e-01	3.43e-05	1.03e-06	0.00e+00	0.00e+00	0.00e+00	0.00e+00
 1.88822e+23	8.72e-01	1.28e-01	3.21e-05	9.78e-07	0.00e+00	0.00e+00	0.00e+00	0.00e+00
 1.89102e+23	8.80e-01	1.20e-01	3.02e-05	9.24e-07	0.00e+00	0.00e+00	0.00e+00	0.00e+00
 1.89379e+23	8.87e-01	1.13e-01	2.85e-05	8.78e-07	0.00e+00	0.00e+00	0.00e+00	0.00e+00
 1.89643e+23	8.94e-01	1.06e-01	2.72e-05	8.37e-07	0.00e+00	0.00e+00	0.00e+00	0.00e+00
 1.89897e+23	8.99e-01	1.01e-01	2.60e-05	8.01e-07	0.00e+00	0.00e+00	0.00e+00	0.00e+00
 1.90142e+23	9.05e-01	9.53e-02	2.49e-05	7.68e-07	0.00e+00	0.00e+00	0.00e+00	0.00e+00
 1.90378e+23	9.09e-01	9.05e-02	2.40e-05	7.38e-07	0.00e+00	0.00e+00	0.00e+00	0.00e+00
 1.90603e+23	9.14e-01	8.60e-02	2.32e-05	7.11e-07	0.00e+00	0.00e+00	0.00e+00	0.00e+00
 1.90814e+23	9.18e-01	8.22e-02	2.26e-05	6.88e-07	0.00e+00	0.00e+00	0.00e+00	0.00e+00
 1.91017e+23	9.21e-01	7.85e-02	2.19e-05	6.66e-07	0.00e+00	0.00e+00	0.00e+00	0.00e+00
 1.91222e+23	9.25e-01	7.49e-02	2.13e-05	6.45e-07	0.00e+00	0.00e+00	0.00e+00	0.00e+00
 1.91420e+23	9.28e-01	7.17e-02	2.08e-05	6.25e-07	0.00e+00	0.00e+00	0.00e+00	0.00e+00
 1.91612e+23	9.31e-01	6.87e-02	2.03e-05	6.08e-07	0.00e+00	0.00e+00	0.00e+00	0.00e+00
 1.91797e+23	9.34e-01	6.59e-02	1.99e-05	5.92e-07	0.00e+00	0.00e+00	0.00e+00	0.00e+00
 1.91975e+23	9.37e-01	6.33e-02	1.95e-05	5.78e-07	0.00e+00	0.00e+00	0.00e+00	0.00e+00
 1.92148e+23	9.39e-01	6.09e-02	1.91e-05	5.65e-07	0.00e+00	0.00e+00	0.00e+00	0.00e+00
 1.92315e+23	9.41e-01	5.87e-02	1.88e-05	5.53e-07	0.00e+00	0.00e+00	0.00e+00	0.00e+00
 1.92477e+23	9.43e-01	5.67e-02	1.84e-05	5.42e-07	0.00e+00	0.00e+00	0.00e+00	0.00e+00
 1.92633e+23	9.45e-01	5.48e-02	1.82e-05	5.33e-07	0.00e+00	0.00e+00	0.00e+00	0.00e+00
 1.92781e+23	9.47e-01	5.31e-02	1.79e-05	5.25e-07	0.00e+00	0.00e+00	0.00e+00	0.00e+00
 1.92925e+23	9.48e-01	5.15e-02	1.77e-05	5.18e-07	0.00e+00	0.00e+00	0.00e+00	0.00e+00
 1.93066e+23	9.50e-01	5.01e-02	1.74e-05	5.12e-07	0.00e+00	0.00e+00	0.00e+00	0.00e+00
 1.93200e+23	9.51e-01	4.88e-02	1.72e-05	5.07e-07	0.00e+00	0.00e+00	0.00e+00	0.00e+00
 1.93327e+23	9.52e-01	4.76e-02	1.70e-05	5.03e-07	0.00e+00	0.00e+00	0.00e+00	0.00e+00
 1.93442e+23	9.53e-01	4.66e-02	1.69e-05	5.00e-07	0.00e+00	0.00e+00	0.00e+00	0.00e+00
 1.93546e+23	9.54e-01	4.58e-02	1.67e-05	4.99e-07	0.00e+00	0.00e+00	0.00e+00	0.00e+00
 1.93642e+23	9.55e-01	4.51e-02	1.66e-05	4.98e-07	0.00e+00	0.00e+00	0.00e+00	0.00e+00
 1.93729e+23	9.56e-01	4.45e-02	1.65e-05	4.98e-07	0.00e+00	0.00e+00	0.00e+00	0.00e+00
 1.93807e+23	9.56e-01	4.39e-02	1.64e-05	4.98e-07	0.00e+00	0.00e+00	0.00e+00	0.00e+00
 1.93879e+23	9.56e-01	4.35e-02	1.63e-05	4.98e-07	0.00e+00	0.00e+00	0.00e+00	0.00e+00
 1.93958e+23	9.57e-01	4.29e-02	1.62e-05	4.99e-07	0.00e+00	0.00e+00	0.00e+00	0.00e+00
 1.94043e+23	9.58e-01	4.24e-02	1.61e-05	4.99e-07	0.00e+00	0.00e+00	0.00e+00	0.00e+00
 1.94120e+23	9.58e-01	4.20e-02	1.60e-05	4.99e-07	0.00e+00	0.00e+00	0.00e+00	0.00e+00
 1.94191e+23	9.58e-01	4.16e-02	1.60e-05	5.02e-07	0.00e+00	0.00e+00	0.00e+00	0.00e+00
 1.94255e+23	9.59e-01	4.13e-02	1.59e-05	5.03e-07	0.00e+00	0.00e+00	0.00e+00	0.00e+00
 1.94325e+23	9.59e-01	4.09e-02	1.58e-05	5.03e-07	0.00e+00	0.00e+00	0.00e+00	0.00e+00
 1.94416e+23	9.60e-01	4.04e-02	1.57e-05	5.05e-07	0.00e+00	0.00e+00	0.00e+00	0.00e+00
 1.94515e+23	9.60e-01	3.99e-02	1.56e-05	5.06e-07	0.00e+00	0.00e+00	0.00e+00	0.00e+00
 1.94604e+23	9.60e-01	3.95e-02	1.55e-05	5.08e-07	0.00e+00	0.00e+00	0.00e+00	0.00e+00
 1.94686e+23	9.61e-01	3.92e-02	1.54e-05	5.09e-07	0.00e+00	0.00e+00	0.00e+00	0.00e+00
 1.94775e+23	9.61e-01	3.88e-02	1.53e-05	5.10e-07	0.00e+00	0.00e+00	0.00e+00	0.00e+00
 1.94872e+23	9.62e-01	3.85e-02	1.52e-05	5.11e-07	0.00e+00	0.00e+00	0.00e+00	0.00e+00
 1.94960e+23	9.62e-01	3.82e-02	1.52e-05	5.12e-07	0.00e+00	0.00e+00	0.00e+00	0.00e+00
 1.95056e+23	9.62e-01	3.78e-02	1.51e-05	5.14e-07	0.00e+00	0.00e+00	0.00e+00	0.00e+00
 1.95160e+23	9.63e-01	3.75e-02	1.50e-05	5.15e-07	0.00e+00	0.00e+00	0.00e+00	0.00e+00
 1.95254e+23	9.63e-01	3.72e-02	1.49e-05	5.17e-07	0.00e+00	0.00e+00	0.00e+00	0.00e+00
 1.95340e+23	9.63e-01	3.70e-02	1.48e-05	5.19e-07	0.00e+00	0.00e+00	0.00e+00	0.00e+00
 1.95418e+23	9.63e-01	3.68e-02	1.47e-05	5.23e-07	0.00e+00	0.00e+00	0.00e+00	0.00e+00
 1.95490e+23	9.63e-01	3.66e-02	1.47e-05	5.25e-07	0.00e+00	0.00e+00	0.00e+00	0.00e+00
 1.95568e+23	9.64e-01	3.64e-02	1.46e-05	5.26e-07	0.00e+00	0.00e+00	0.00e+00	0.00e+00
 1.95669e+23	9.64e-01	3.61e-02	1.45e-05	5.28e-07	0.00e+00	0.00e+00	0.00e+00	0.00e+00
 1.95779e+23	9.64e-01	3.57e-02	1.44e-05	5.29e-07	0.00e+00	0.00e+00	0.00e+00	0.00e+00
 1.95878e+23	9.65e-01	3.55e-02	1.44e-05	5.32e-07	0.00e+00	0.00e+00	0.00e+00	0.00e+00
 1.95969e+23	9.65e-01	3.53e-02	1.43e-05	5.35e-07	0.00e+00	0.00e+00	0.00e+00	0.00e+00
 1.96052e+23	9.65e-01	3.51e-02	1.43e-05	5.39e-07	0.00e+00	0.00e+00	0.00e+00	0.00e+00
 1.96127e+23	9.65e-01	3.50e-02	1.43e-05	5.42e-07	0.00e+00	0.00e+00	0.00e+00	0.00e+00
 1.96209e+23	9.65e-01	3.48e-02	1.42e-05	5.46e-07	0.00e+00	0.00e+00	0.00e+00	0.00e+00
 1.96298e+23	9.65e-01	3.46e-02	1.42e-05	5.50e-07	0.00e+00	0.00e+00	0.00e+00	0.00e+00
 1.96379e+23	9.66e-01	3.45e-02	1.42e-05	5.53e-07	0.00e+00	0.00e+00	0.00e+00	0.00e+00
 1.96452e+23	9.66e-01	3.44e-02	1.42e-05	5.57e-07	0.00e+00	0.00e+00	0.00e+00	0.00e+00
 1.96519e+23	9.66e-01	3.42e-02	1.41e-05	5.60e-07	0.00e+00	0.00e+00	0.00e+00	0.00e+00
 1.96593e+23	9.66e-01	3.41e-02	1.41e-05	5.61e-07	0.00e+00	0.00e+00	0.00e+00	0.00e+00
 1.96688e+23	9.66e-01	3.38e-02	1.41e-05	5.65e-07	0.00e+00	0.00e+00	0.00e+00	0.00e+00
 1.96791e+23	9.66e-01	3.35e-02	1.40e-05	5.66e-07	0.00e+00	0.00e+00	0.00e+00	0.00e+00
 1.96885e+23	9.67e-01	3.34e-02	1.40e-05	5.70e-07	0.00e+00	0.00e+00	0.00e+00	0.00e+00
 1.96970e+23	9.67e-01	3.32e-02	1.40e-05	5.73e-07	0.00e+00	0.00e+00	0.00e+00	0.00e+00
 1.97048e+23	9.67e-01	3.31e-02	1.39e-05	5.78e-07	0.00e+00	0.00e+00	0.00e+00	0.00e+00
 1.97118e+23	9.67e-01	3.30e-02	1.39e-05	5.80e-07	0.00e+00	0.00e+00	0.00e+00	0.00e+00
 1.97196e+23	9.67e-01	3.28e-02	1.39e-05	5.81e-07	0.00e+00	0.00e+00	0.00e+00	0.00e+00
 1.97296e+23	9.67e-01	3.26e-02	1.38e-05	5.84e-07	0.00e+00	0.00e+00	0.00e+00	0.00e+00
 1.97405e+23	9.68e-01	3.23e-02	1.38e-05	5.85e-07	0.00e+00	0.00e+00	0.00e+00	0.00e+00
 1.97504e+23	9.68e-01	3.21e-02	1.38e-05	5.86e-07	0.00e+00	0.00e+00	0.00e+00	0.00e+00
 1.97594e+23	9.68e-01	3.19e-02	1.37e-05	5.89e-07	0.00e+00	0.00e+00	0.00e+00	0.00e+00
 1.97676e+23	9.68e-01	3.18e-02	1.37e-05	5.88e-07	0.00e+00	0.00e+00	0.00e+00	0.00e+00
 1.97765e+23	9.68e-01	3.15e-02	1.36e-05	5.89e-07	0.00e+00	0.00e+00	0.00e+00	0.00e+00
 1.97862e+23	9.69e-01	3.13e-02	1.36e-05	5.90e-07	0.00e+00	0.00e+00	0.00e+00	0.00e+00
 1.97950e+23	9.69e-01	3.12e-02	1.36e-05	5.94e-07	0.00e+00	0.00e+00	0.00e+00	0.00e+00
 1.98030e+23	9.69e-01	3.10e-02	1.35e-05	5.92e-07	0.00e+00	0.00e+00	0.00e+00	0.00e+00
 1.98118e+23	9.69e-01	3.08e-02	1.35e-05	5.94e-07	0.00e+00	0.00e+00	0.00e+00	0.00e+00
 1.98213e+23	9.69e-01	3.06e-02	1.34e-05	5.93e-07	0.00e+00	0.00e+00	0.00e+00	0.00e+00
 1.98317e+23	9.70e-01	3.03e-02	1.34e-05	5.93e-07	0.00e+00	0.00e+00	0.00e+00	0.00e+00
 1.98429e+23	9.70e-01	3.01e-02	1.33e-05	5.93e-07	0.00e+00	0.00e+00	0.00e+00	0.00e+00
 1.98531e+23	9.70e-01	2.99e-02	1.33e-05	5.95e-07	0.00e+00	0.00e+00	0.00e+00	0.00e+00
 1.98624e+23	9.70e-01	2.97e-02	1.33e-05	5.93e-07	0.00e+00	0.00e+00	0.00e+00	0.00e+00
 1.98726e+23	9.70e-01	2.95e-02	1.32e-05	5.94e-07	0.00e+00	0.00e+00	0.00e+00	0.00e+00
 1.98836e+23	9.71e-01	2.93e-02	1.32e-05	5.94e-07	0.00e+00	0.00e+00	0.00e+00	0.00e+00
 1.98936e+23	9.71e-01	2.91e-02	1.31e-05	5.93e-07	0.00e+00	0.00e+00	0.00e+00	0.00e+00
 1.99046e+23	9.71e-01	2.88e-02	1.31e-05	5.93e-07	0.00e+00	0.00e+00	0.00e+00	0.00e+00
 1.99164e+23	9.71e-01	2.86e-02	1.30e-05	5.92e-07	0.00e+00	0.00e+00	0.00e+00	0.00e+00
 1.99272e+23	9.72e-01	2.84e-02	1.30e-05	5.94e-07	0.00e+00	0.00e+00	0.00e+00	0.00e+00
 1.99370e+23	9.72e-01	2.82e-02	1.29e-05	5.91e-07	0.00e+00	0.00e+00	0.00e+00	0.00e+00
 1.99477e+23	9.72e-01	2.79e-02	1.29e-05	5.90e-07	0.00e+00	0.00e+00	0.00e+00	0.00e+00
 1.99593e+23	9.72e-01	2.77e-02	1.28e-05	5.91e-07	0.00e+00	0.00e+00	0.00e+00	0.00e+00
 1.99699e+23	9.72e-01	2.75e-02	1.28e-05	5.88e-07	0.00e+00	0.00e+00	0.00e+00	0.00e+00
 1.99814e+23	9.73e-01	2.73e-02	1.27e-05	5.88e-07	0.00e+00	0.00e+00	0.00e+00	0.00e+00
 1.99939e+23	9.73e-01	2.70e-02	1.27e-05	5.86e-07	0.00e+00	0.00e+00	0.00e+00	0.00e+00
 2.00053e+23	9.73e-01	2.68e-02	1.26e-05	5.84e-07	0.00e+00	0.00e+00	0.00e+00	0.00e+00
 2.00177e+23	9.73e-01	2.65e-02	1.26e-05	5.83e-07	0.00e+00	0.00e+00	0.00e+00	0.00e+00
 2.00311e+23	9.74e-01	2.63e-02	1.25e-05	5.82e-07	0.00e+00	0.00e+00	0.00e+00	0.00e+00
 2.00434e+23	9.74e-01	2.60e-02	1.25e-05	5.79e-07	0.00e+00	0.00e+00	0.00e+00	0.00e+00
 2.00568e+23	9.74e-01	2.57e-02	1.24e-05	5.77e-07	0.00e+00	0.00e+00	0.00e+00	0.00e+00
 2.00712e+23	9.75e-01	2.54e-02	1.23e-05	5.74e-07	0.00e+00	0.00e+00	0.00e+00	0.00e+00
 2.00844e+23	9.75e-01	2.52e-02	1.23e-05	5.72e-07	0.00e+00	0.00e+00	0.00e+00	0.00e+00
 2.00964e+23	9.75e-01	2.51e-02	1.22e-05	5.73e-07	0.00e+00	0.00e+00	0.00e+00	0.00e+00
 2.01073e+23	9.75e-01	2.49e-02	1.22e-05	5.69e-07	0.00e+00	0.00e+00	0.00e+00	0.00e+00
 2.01192e+23	9.75e-01	2.46e-02	1.21e-05	5.66e-07	0.00e+00	0.00e+00	0.00e+00	0.00e+00
 2.01321e+23	9.76e-01	2.44e-02	1.21e-05	5.64e-07	0.00e+00	0.00e+00	0.00e+00	0.00e+00
 2.01438e+23	9.76e-01	2.42e-02	1.20e-05	5.61e-07	0.00e+00	0.00e+00	0.00e+00	0.00e+00
 2.01567e+23	9.76e-01	2.39e-02	1.19e-05	5.58e-07	0.00e+00	0.00e+00	0.00e+00	0.00e+00
 2.01706e+23	9.76e-01	2.37e-02	1.19e-05	5.55e-07	0.00e+00	0.00e+00	0.00e+00	0.00e+00
 2.01832e+23	9.77e-01	2.35e-02	1.18e-05	5.51e-07	0.00e+00	0.00e+00	0.00e+00	0.00e+00
 2.01970e+23	9.77e-01	2.32e-02	1.18e-05	5.47e-07	0.00e+00	0.00e+00	0.00e+00	0.00e+00
 2.02120e+23	9.77e-01	2.29e-02	1.17e-05	5.45e-07	0.00e+00	0.00e+00	0.00e+00	0.00e+00
 2.02256e+23	9.77e-01	2.27e-02	1.16e-05	5.40e-07	0.00e+00	0.00e+00	0.00e+00	0.00e+00
 2.02405e+23	9.78e-01	2.24e-02	1.16e-05	5.35e-07	0.00e+00	0.00e+00	0.00e+00	0.00e+00
 2.02566e+23	9.78e-01	2.21e-02	1.15e-05	5.32e-07	0.00e+00	0.00e+00	0.00e+00	0.00e+00
 2.02712e+23	9.78e-01	2.19e-02	1.14e-05	5.27e-07	0.00e+00	0.00e+00	0.00e+00	0.00e+00
 2.02873e+23	9.78e-01	2.16e-02	1.13e-05	5.22e-07	0.00e+00	0.00e+00	0.00e+00	0.00e+00
 2.03046e+23	9.79e-01	2.13e-02	1.13e-05	5.18e-07	0.00e+00	0.00e+00	0.00e+00	0.00e+00
 2.03203e+23	9.79e-01	2.11e-02	1.12e-05	5.13e-07	0.00e+00	0.00e+00	0.00e+00	0.00e+00
 2.03376e+23	9.79e-01	2.07e-02	1.11e-05	5.06e-07	0.00e+00	0.00e+00	0.00e+00	0.00e+00
 2.03562e+23	9.80e-01	2.04e-02	1.10e-05	5.02e-07	0.00e+00	0.00e+00	0.00e+00	0.00e+00
 2.03732e+23	9.80e-01	2.02e-02	1.10e-05	4.97e-07	0.00e+00	0.00e+00	0.00e+00	0.00e+00
 2.03918e+23	9.80e-01	1.99e-02	1.09e-05	4.89e-07	0.00e+00	0.00e+00	0.00e+00	0.00e+00
 2.04119e+23	9.80e-01	1.96e-02	1.08e-05	4.83e-07	0.00e+00	0.00e+00	0.00e+00	0.00e+00
 2.04301e+23	9.81e-01	1.93e-02	1.07e-05	4.78e-07	0.00e+00	0.00e+00	0.00e+00	0.00e+00
 2.04468e+23	9.81e-01	1.91e-02	1.06e-05	4.74e-07	0.00e+00	0.00e+00	0.00e+00	0.00e+00
 2.04650e+23	9.81e-01	1.88e-02	1.06e-05	4.67e-07	0.00e+00	0.00e+00	0.00e+00	0.00e+00
 2.04846e+23	9.81e-01	1.85e-02	1.05e-05	4.62e-07	0.00e+00	0.00e+00	0.00e+00	0.00e+00
 2.05025e+23	9.82e-01	1.83e-02	1.04e-05	4.56e-07	0.00e+00	0.00e+00	0.00e+00	0.00e+00
 2.05221e+23	9.82e-01	1.80e-02	1.03e-05	4.49e-07	0.00e+00	0.00e+00	0.00e+00	0.00e+00
 2.05433e+23	9.82e-01	1.77e-02	1.02e-05	4.43e-07	0.00e+00	0.00e+00	0.00e+00	0.00e+00
 2.05626e+23	9.83e-01	1.75e-02	1.01e-05	4.37e-07	0.00e+00	0.00e+00	0.00e+00	0.00e+00
 2.05837e+23	9.83e-01	1.71e-02	1.00e-05	4.29e-07	0.00e+00	0.00e+00	0.00e+00	0.00e+00
 2.06064e+23	9.83e-01	1.68e-02	9.96e-06	4.23e-07	0.00e+00	0.00e+00	0.00e+00	0.00e+00
 2.06272e+23	9.83e-01	1.66e-02	9.87e-06	4.17e-07	0.00e+00	0.00e+00	0.00e+00	0.00e+00
 2.06499e+23	9.84e-01	1.62e-02	9.76e-06	4.08e-07	0.00e+00	0.00e+00	0.00e+00	0.00e+00
 2.06744e+23	9.84e-01	1.60e-02	9.67e-06	4.00e-07	0.00e+00	0.00e+00	0.00e+00	0.00e+00
 2.06968e+23	9.84e-01	1.57e-02	9.58e-06	3.95e-07	0.00e+00	0.00e+00	0.00e+00	0.00e+00
 2.07171e+23	9.84e-01	1.55e-02	9.50e-06	3.89e-07	0.00e+00	0.00e+00	0.00e+00	0.00e+00
 2.07393e+23	9.85e-01	1.52e-02	9.40e-06	3.80e-07	0.00e+00	0.00e+00	0.00e+00	0.00e+00
 2.07634e+23	9.85e-01	1.49e-02	9.30e-06	3.73e-07	0.00e+00	0.00e+00	0.00e+00	0.00e+00
 2.07852e+23	9.85e-01	1.47e-02	9.22e-06	3.68e-07	0.00e+00	0.00e+00	0.00e+00	0.00e+00
 2.08092e+23	9.86e-01	1.44e-02	9.11e-06	3.59e-07	0.00e+00	0.00e+00	0.00e+00	0.00e+00
 2.08351e+23	9.86e-01	1.41e-02	9.01e-06	3.52e-07	0.00e+00	0.00e+00	0.00e+00	0.00e+00
 2.08586e+23	9.86e-01	1.39e-02	8.92e-06	3.46e-07	0.00e+00	0.00e+00	0.00e+00	0.00e+00
 2.08800e+23	9.86e-01	1.38e-02	8.84e-06	3.41e-07	0.00e+00	0.00e+00	0.00e+00	0.00e+00
 2.09035e+23	9.87e-01	1.34e-02	8.74e-06	3.32e-07	0.00e+00	0.00e+00	0.00e+00	0.00e+00
 2.09288e+23	9.87e-01	1.32e-02	8.65e-06	3.26e-07	0.00e+00	0.00e+00	0.00e+00	0.00e+00
 2.09566e+23	9.87e-01	1.29e-02	8.53e-06	3.16e-07	0.00e+00	0.00e+00	0.00e+00	0.00e+00
 2.09902e+23	9.87e-01	1.25e-02	8.40e-06	3.06e-07	0.00e+00	0.00e+00	0.00e+00	0.00e+00
 2.10260e+23	9.88e-01	1.22e-02	8.26e-06	2.97e-07	0.00e+00	0.00e+00	0.00e+00	0.00e+00
 2.10623e+23	9.88e-01	1.18e-02	8.13e-06	2.88e-07	0.00e+00	0.00e+00	0.00e+00	0.00e+00
 2.10992e+23	9.88e-01	1.15e-02	8.00e-06	2.79e-07	0.00e+00	0.00e+00	0.00e+00	0.00e+00
 2.11365e+23	9.89e-01	1.12e-02	7.86e-06	2.70e-07	0.00e+00	0.00e+00	0.00e+00	0.00e+00
 2.11742e+23	9.89e-01	1.09e-02	7.73e-06	2.61e-07	0.00e+00	0.00e+00	0.00e+00	0.00e+00
 2.12123e+23	9.89e-01	1.06e-02	7.60e-06	2.53e-07	0.00e+00	0.00e+00	0.00e+00	0.00e+00
 2.12509e+23	9.90e-01	1.03e-02	7.47e-06	2.45e-07	0.00e+00	0.00e+00	0.00e+00	0.00e+00
 2.12899e+23	9.90e-01	1.01e-02	7.34e-06	2.36e-07	0.00e+00	0.00e+00	0.00e+00	0.00e+00
 2.13293e+23	9.90e-01	9.77e-03	7.21e-06	2.28e-07	0.00e+00	0.00e+00	0.00e+00	0.00e+00
 2.13690e+23	9.90e-01	9.50e-03	7.08e-06	2.21e-07	0.00e+00	0.00e+00	0.00e+00	0.00e+00
 2.14091e+23	9.91e-01	9.24e-03	6.95e-06	2.13e-07	0.00e+00	0.00e+00	0.00e+00	0.00e+00
 2.14496e+23	9.91e-01	8.98e-03	6.82e-06	2.06e-07	0.00e+00	0.00e+00	0.00e+00	0.00e+00
 2.14904e+23	9.91e-01	8.73e-03	6.70e-06	1.98e-07	0.00e+00	0.00e+00	0.00e+00	0.00e+00
 2.15315e+23	9.92e-01	8.49e-03	6.57e-06	1.91e-07	0.00e+00	0.00e+00	0.00e+00	0.00e+00
 2.15728e+23	9.92e-01	8.25e-03	6.45e-06	1.85e-07	0.00e+00	0.00e+00	0.00e+00	0.00e+00
 2.16145e+23	9.92e-01	8.02e-03	6.33e-06	1.78e-07	0.00e+00	0.00e+00	0.00e+00	0.00e+00
 2.16564e+23	9.92e-01	7.80e-03	6.20e-06	1.72e-07	0.00e+00	0.00e+00	0.00e+00	0.00e+00
 2.16988e+23	9.92e-01	7.58e-03	6.08e-06	1.65e-07	0.00e+00	0.00e+00	0.00e+00	0.00e+00
 2.17414e+23	9.93e-01	7.36e-03	5.96e-06	1.59e-07	0.00e+00	0.00e+00	0.00e+00	0.00e+00
 2.17843e+23	9.93e-01	7.16e-03	5.85e-06	1.53e-07	0.00e+00	0.00e+00	0.00e+00	0.00e+00
 2.18276e+23	9.93e-01	6.95e-03	5.73e-06	1.48e-07	0.00e+00	0.00e+00	0.00e+00	0.00e+00
 2.18711e+23	9.93e-01	6.76e-03	5.61e-06	1.42e-07	0.00e+00	0.00e+00	0.00e+00	0.00e+00
 2.19154e+23	9.93e-01	6.56e-03	5.49e-06	1.36e-07	0.00e+00	0.00e+00	0.00e+00	0.00e+00
 2.19607e+23	9.94e-01	6.37e-03	5.38e-06	1.31e-07	0.00e+00	0.00e+00	0.00e+00	0.00e+00
 2.20066e+23	9.94e-01	6.18e-03	5.26e-06	0.00e+00	0.00e+00	0.00e+00	0.00e+00	0.00e+00
 2.20530e+23	9.94e-01	6.00e-03	5.14e-06	0.00e+00	0.00e+00	0.00e+00	0.00e+00	0.00e+00
 2.20999e+23	9.94e-01	5.82e-03	5.03e-06	0.00e+00	0.00e+00	0.00e+00	0.00e+00	0.00e+00
 2.21472e+23	9.94e-01	5.64e-03	4.91e-06	0.00e+00	0.00e+00	0.00e+00	0.00e+00	0.00e+00
 2.21951e+23	9.95e-01	5.47e-03	4.80e-06	0.00e+00	0.00e+00	0.00e+00	0.00e+00	0.00e+00
 2.22435e+23	9.95e-01	5.31e-03	4.69e-06	0.00e+00	0.00e+00	0.00e+00	0.00e+00	0.00e+00
 2.22927e+23	9.95e-01	5.14e-03	4.58e-06	0.00e+00	0.00e+00	0.00e+00	0.00e+00	0.00e+00
 2.23427e+23	9.95e-01	4.99e-03	4.46e-06	0.00e+00	0.00e+00	0.00e+00	0.00e+00	0.00e+00
 2.23939e+23	9.95e-01	4.82e-03	4.35e-06	0.00e+00	0.00e+00	0.00e+00	0.00e+00	0.00e+00
 2.24464e+23	9.95e-01	4.67e-03	4.24e-06	0.00e+00	0.00e+00	0.00e+00	0.00e+00	0.00e+00
 2.24998e+23	9.95e-01	4.51e-03	4.12e-06	0.00e+00	0.00e+00	0.00e+00	0.00e+00	0.00e+00
 2.25542e+23	9.96e-01	4.36e-03	4.01e-06	0.00e+00	0.00e+00	0.00e+00	0.00e+00	0.00e+00
 2.26095e+23	9.96e-01	4.22e-03	3.90e-06	0.00e+00	0.00e+00	0.00e+00	0.00e+00	0.00e+00
 2.26658e+23	9.96e-01	4.07e-03	3.78e-06	0.00e+00	0.00e+00	0.00e+00	0.00e+00	0.00e+00
 2.27231e+23	9.96e-01	3.93e-03	3.67e-06	0.00e+00	0.00e+00	0.00e+00	0.00e+00	0.00e+00
 2.27817e+23	9.96e-01	3.79e-03	3.56e-06	0.00e+00	0.00e+00	0.00e+00	0.00e+00	0.00e+00
 2.28416e+23	9.96e-01	3.66e-03	3.45e-06	0.00e+00	0.00e+00	0.00e+00	0.00e+00	0.00e+00
 2.29031e+23	9.96e-01	3.52e-03	3.33e-06	0.00e+00	0.00e+00	0.00e+00	0.00e+00	0.00e+00
 2.29660e+23	9.97e-01	3.39e-03	3.22e-06	0.00e+00	0.00e+00	0.00e+00	0.00e+00	0.00e+00
 2.30303e+23	9.97e-01	3.26e-03	3.11e-06	0.00e+00	0.00e+00	0.00e+00	0.00e+00	0.00e+00
 2.30961e+23	9.97e-01	3.13e-03	3.00e-06	0.00e+00	0.00e+00	0.00e+00	0.00e+00	0.00e+00
 2.31636e+23	9.97e-01	3.00e-03	2.89e-06	0.00e+00	0.00e+00	0.00e+00	0.00e+00	0.00e+00
 2.32326e+23	9.97e-01	2.88e-03	2.78e-06	0.00e+00	0.00e+00	0.00e+00	0.00e+00	0.00e+00
 2.33028e+23	9.97e-01	2.76e-03	2.67e-06	0.00e+00	0.00e+00	0.00e+00	0.00e+00	0.00e+00
 2.33736e+23	9.97e-01	2.65e-03	2.57e-06	0.00e+00	0.00e+00	0.00e+00	0.00e+00	0.00e+00
 2.34453e+23	9.97e-01	2.54e-03	2.46e-06	0.00e+00	0.00e+00	0.00e+00	0.00e+00	0.00e+00
 2.35177e+23	9.98e-01	2.43e-03	2.36e-06	0.00e+00	0.00e+00	0.00e+00	0.00e+00	0.00e+00
 2.35908e+23	9.98e-01	2.32e-03	2.26e-06	0.00e+00	0.00e+00	0.00e+00	0.00e+00	0.00e+00
 2.36647e+23	9.98e-01	2.22e-03	2.16e-06	0.00e+00	0.00e+00	0.00e+00	0.00e+00	0.00e+00
 2.37394e+23	9.98e-01	2.12e-03	2.07e-06	0.00e+00	0.00e+00	0.00e+00	0.00e+00	0.00e+00
 2.38148e+23	9.98e-01	2.03e-03	1.98e-06	0.00e+00	0.00e+00	0.00e+00	0.00e+00	0.00e+00
 2.38912e+23	9.98e-01	1.93e-03	1.88e-06	0.00e+00	0.00e+00	0.00e+00	0.00e+00	0.00e+00
 2.39681e+23	9.98e-01	1.84e-03	1.80e-06	0.00e+00	0.00e+00	0.00e+00	0.00e+00	0.00e+00
 2.40454e+23	9.98e-01	1.76e-03	1.71e-06	0.00e+00	0.00e+00	0.00e+00	0.00e+00	0.00e+00
 2.41240e+23	9.98e-01	1.67e-03	1.63e-06	0.00e+00	0.00e+00	0.00e+00	0.00e+00	0.00e+00
 2.42033e+23	9.98e-01	1.59e-03	1.55e-06	0.00e+00	0.00e+00	0.00e+00	0.00e+00	0.00e+00
 2.42835e+23	9.98e-01	1.51e-03	1.47e-06	0.00e+00	0.00e+00	0.00e+00	0.00e+00	0.00e+00
 2.43649e+23	9.99e-01	1.43e-03	1.39e-06	0.00e+00	0.00e+00	0.00e+00	0.00e+00	0.00e+00
 2.44471e+23	9.99e-01	1.36e-03	1.32e-06	0.00e+00	0.00e+00	0.00e+00	0.00e+00	0.00e+00
 2.45302e+23	9.99e-01	1.29e-03	1.25e-06	0.00e+00	0.00e+00	0.00e+00	0.00e+00	0.00e+00
 2.46140e+23	9.99e-01	1.22e-03	1.18e-06	0.00e+00	0.00e+00	0.00e+00	0.00e+00	0.00e+00
 2.46960e+23	9.99e-01	1.16e-03	1.11e-06	0.00e+00	0.00e+00	0.00e+00	0.00e+00	0.00e+00
 2.47730e+23	9.99e-01	1.10e-03	1.06e-06	0.00e+00	0.00e+00	0.00e+00	0.00e+00	0.00e+00
 2.48443e+23	9.99e-01	1.05e-03	1.00e-06	0.00e+00	0.00e+00	0.00e+00	0.00e+00	0.00e+00
 2.49114e+23	9.99e-01	1.01e-03	9.58e-07	0.00e+00	0.00e+00	0.00e+00	0.00e+00	0.00e+00
 2.49754e+23	9.99e-01	9.66e-04	9.15e-07	0.00e+00	0.00e+00	0.00e+00	0.00e+00	0.00e+00
 2.50367e+23	9.99e-01	9.27e-04	8.76e-07	0.00e+00	0.00e+00	0.00e+00	0.00e+00	0.00e+00
 2.50949e+23	9.99e-01	8.91e-04	8.39e-07	0.00e+00	0.00e+00	0.00e+00	0.00e+00	0.00e+00
 2.51501e+23	9.99e-01	8.59e-04	8.06e-07	0.00e+00	0.00e+00	0.00e+00	0.00e+00	0.00e+00
 2.52022e+23	9.99e-01	8.29e-04	7.76e-07	0.00e+00	0.00e+00	0.00e+00	0.00e+00	0.00e+00
 2.52517e+23	9.99e-01	8.01e-04	7.48e-07	0.00e+00	0.00e+00	0.00e+00	0.00e+00	0.00e+00
 2.52989e+23	9.99e-01	7.75e-04	7.22e-07	0.00e+00	0.00e+00	0.00e+00	0.00e+00	0.00e+00
 2.53438e+23	9.99e-01	7.52e-04	6.97e-07	0.00e+00	0.00e+00	0.00e+00	0.00e+00	0.00e+00
 2.53863e+23	9.99e-01	7.30e-04	6.75e-07	0.00e+00	0.00e+00	0.00e+00	0.00e+00	0.00e+00
 2.54263e+23	9.99e-01	7.10e-04	6.55e-07	0.00e+00	0.00e+00	0.00e+00	0.00e+00	0.00e+00
 2.54647e+23	9.99e-01	6.90e-04	6.35e-07	0.00e+00	0.00e+00	0.00e+00	0.00e+00	0.00e+00
 2.55018e+23	9.99e-01	6.72e-04	6.17e-07	0.00e+00	0.00e+00	0.00e+00	0.00e+00	0.00e+00
 2.55375e+23	9.99e-01	6.55e-04	6.00e-07	0.00e+00	0.00e+00	0.00e+00	0.00e+00	0.00e+00
 2.55715e+23	9.99e-01	6.39e-04	5.84e-07	0.00e+00	0.00e+00	0.00e+00	0.00e+00	0.00e+00
 2.56038e+23	9.99e-01	6.24e-04	5.69e-07	0.00e+00	0.00e+00	0.00e+00	0.00e+00	0.00e+00
 2.56347e+23	9.99e-01	6.10e-04	5.55e-07	0.00e+00	0.00e+00	0.00e+00	0.00e+00	0.00e+00
 2.56645e+23	9.99e-01	5.96e-04	5.42e-07	0.00e+00	0.00e+00	0.00e+00	0.00e+00	0.00e+00
 2.56935e+23	9.99e-01	5.83e-04	5.29e-07	0.00e+00	0.00e+00	0.00e+00	0.00e+00	0.00e+00
 2.57215e+23	9.99e-01	5.71e-04	5.17e-07	0.00e+00	0.00e+00	0.00e+00	0.00e+00	0.00e+00
 2.57485e+23	9.99e-01	5.60e-04	5.06e-07	0.00e+00	0.00e+00	0.00e+00	0.00e+00	0.00e+00
 2.57744e+23	9.99e-01	5.49e-04	4.95e-07	0.00e+00	0.00e+00	0.00e+00	0.00e+00	0.00e+00
 2.57994e+23	9.99e-01	5.38e-04	4.85e-07	0.00e+00	0.00e+00	0.00e+00	0.00e+00	0.00e+00
 2.58239e+23	9.99e-01	5.28e-04	4.75e-07	0.00e+00	0.00e+00	0.00e+00	0.00e+00	0.00e+00
 2.58480e+23	9.99e-01	5.18e-04	4.66e-07	0.00e+00	0.00e+00	0.00e+00	0.00e+00	0.00e+00
 2.58716e+23	9.99e-01	5.08e-04	4.57e-07	0.00e+00	0.00e+00	0.00e+00	0.00e+00	0.00e+00
 2.58948e+23	1.00e+00	4.99e-04	4.48e-07	0.00e+00	0.00e+00	0.00e+00	0.00e+00	0.00e+00
 2.59175e+23	1.00e+00	4.90e-04	4.39e-07	0.00e+00	0.00e+00	0.00e+00	0.00e+00	0.00e+00
 2.59400e+23	1.00e+00	4.81e-04	4.31e-07	0.00e+00	0.00e+00	0.00e+00	0.00e+00	0.00e+00
 2.59625e+23	1.00e+00	4.72e-04	4.23e-07	0.00e+00	0.00e+00	0.00e+00	0.00e+00	0.00e+00
