#depth	H	H+	H2
 2.37704e+21	4.39e-04	1.00e+00	5.75e-21
 6.65570e+21	4.95e-04	1.00e+00	7.25e-21
 1.02047e+22	5.49e-04	9.99e-01	1.32e-20
 1.34813e+22	6.07e-04	9.99e-01	2.41e-20
 1.58305e+22	6.36e-04	9.99e-01	3.19e-20
 1.74867e+22	6.72e-04	9.99e-01	4.50e-20
 1.92413e+22	7.07e-04	9.99e-01	6.19e-20
 2.08645e+22	7.42e-04	9.99e-01	8.24e-20
 2.27151e+22	7.89e-04	9.99e-01	1.27e-19
 2.45779e+22	8.30e-04	9.99e-01	1.78e-19
 2.64567e+22	8.83e-04	9.99e-01	2.70e-19
 2.83625e+22	9.30e-04	9.99e-01	4.04e-19
 3.00456e+22	9.78e-04	9.99e-01	5.55e-19
 3.19757e+22	1.04e-03	9.99e-01	8.84e-19
 3.39284e+22	1.10e-03	9.99e-01	1.36e-18
 3.56494e+22	1.15e-03	9.99e-01	2.01e-18
 3.76257e+22	1.23e-03	9.99e-01	3.65e-18
 3.96342e+22	1.30e-03	9.99e-01	6.70e-18
 4.16844e+22	1.39e-03	9.99e-01	1.40e-17
 4.37585e+22	1.46e-03	9.99e-01	3.89e-17
 4.58638e+22	1.56e-03	9.98e-01	7.61e-17
 4.80073e+22	1.65e-03	9.98e-01	1.48e-16
 5.02004e+22	1.77e-03	9.98e-01	2.55e-16
 5.17499e+22	1.80e-03	9.98e-01	3.35e-16
 5.22396e+22	1.82e-03	9.98e-01	3.64e-16
 5.26531e+22	1.85e-03	9.98e-01	4.01e-16
 5.31907e+22	1.87e-03	9.98e-01	4.42e-16
 5.38895e+22	1.91e-03	9.98e-01	5.00e-16
 5.47980e+22	1.97e-03	9.98e-01	6.06e-16
 5.59791e+22	2.05e-03	9.98e-01	7.75e-16
 5.75144e+22	2.14e-03	9.98e-01	1.02e-15
 5.91461e+22	2.24e-03	9.98e-01	1.31e-15
 6.09028e+22	2.36e-03	9.98e-01	1.76e-15
 6.26568e+22	2.47e-03	9.98e-01	2.20e-15
 6.44073e+22	2.60e-03	9.97e-01	2.86e-15
 6.62013e+22	2.71e-03	9.97e-01	3.65e-15
 6.80518e+22	2.86e-03	9.97e-01	4.70e-15
 6.99251e+22	3.00e-03	9.97e-01	5.83e-15
 7.18281e+22	3.17e-03	9.97e-01	7.43e-15
 7.37386e+22	3.31e-03	9.97e-01	8.96e-15
 7.56591e+22	3.50e-03	9.96e-01	1.13e-14
 7.76298e+22	3.67e-03	9.96e-01	1.37e-14
 7.96656e+22	3.89e-03	9.96e-01	1.73e-14
 8.17334e+22	4.08e-03	9.96e-01	2.09e-14
 8.38426e+22	4.34e-03	9.96e-01	2.65e-14
 8.59722e+22	4.56e-03	9.95e-01	3.20e-14
 8.81284e+22	4.85e-03	9.95e-01	4.10e-14
 9.03120e+22	5.10e-03	9.95e-01	5.01e-14
 9.25311e+22	5.45e-03	9.95e-01	6.49e-14
 9.47346e+22	5.72e-03	9.94e-01	7.90e-14
 9.69180e+22	6.12e-03	9.94e-01	1.02e-13
 9.91013e+22	6.44e-03	9.94e-01	1.25e-13
 1.01284e+23	6.92e-03	9.93e-01	1.64e-13
 1.03457e+23	7.30e-03	9.93e-01	2.01e-13
 1.05617e+23	7.86e-03	9.92e-01	2.65e-13
 1.07766e+23	8.33e-03	9.92e-01	3.29e-13
 1.09901e+23	9.03e-03	9.91e-01	4.39e-13
 1.12028e+23	9.62e-03	9.90e-01	5.53e-13
 1.14144e+23	1.05e-02	9.89e-01	7.48e-13
 1.16260e+23	1.13e-02	9.89e-01	9.62e-13
 1.18373e+23	1.25e-02	9.88e-01	1.33e-12
 1.20497e+23	1.36e-02	9.86e-01	1.77e-12
 1.22335e+23	1.49e-02	9.85e-01	2.33e-12
 1.24426e+23	1.67e-02	9.83e-01	3.37e-12
 1.26557e+23	1.88e-02	9.81e-01	4.76e-12
 1.28180e+23	2.07e-02	9.79e-01	6.24e-12
 1.29732e+23	2.32e-02	9.77e-01	8.59e-12
 1.31403e+23	2.63e-02	9.74e-01	1.21e-11
 1.32949e+23	2.99e-02	9.70e-01	1.71e-11
 1.34438e+23	3.45e-02	9.66e-01	2.46e-11
 1.35871e+23	4.00e-02	9.60e-01	3.56e-11
 1.37217e+23	4.68e-02	9.53e-01	5.24e-11
 1.38465e+23	5.51e-02	9.45e-01	7.71e-11
 1.39620e+23	6.54e-02	9.35e-01	1.15e-10
 1.40684e+23	7.76e-02	9.22e-01	1.69e-10
 1.41663e+23	9.26e-02	9.07e-01	2.51e-10
 1.42548e+23	1.10e-01	8.90e-01	3.66e-10
 1.43325e+23	1.30e-01	8.70e-01	5.24e-10
 1.44015e+23	1.52e-01	8.48e-01	7.28e-10
 1.44643e+23	1.76e-01	8.24e-01	9.84e-10
 1.45239e+23	2.04e-01	7.96e-01	1.33e-09
 1.45799e+23	2.35e-01	7.65e-01	1.76e-09
 1.46307e+23	2.67e-01	7.33e-01	2.29e-09
 1.46775e+23	3.01e-01	6.99e-01	2.88e-09
 1.47206e+23	3.35e-01	6.65e-01	3.54e-09
 1.47589e+23	3.67e-01	6.33e-01	4.20e-09
 1.47920e+23	3.96e-01	6.04e-01	4.86e-09
 1.48216e+23	4.23e-01	5.77e-01	5.50e-09
 1.48475e+23	4.46e-01	5.54e-01	6.01e-09
 1.48710e+23	4.67e-01	5.33e-01	6.55e-09
 1.48963e+23	4.90e-01	5.10e-01	7.15e-09
 1.49238e+23	5.14e-01	4.86e-01	7.78e-09
 1.49504e+23	5.37e-01	4.63e-01	8.33e-09
 1.49705e+23	5.53e-01	4.47e-01	8.75e-09
 1.49837e+23	5.63e-01	4.37e-01	9.00e-09
 1.49968e+23	5.73e-01	4.27e-01	9.28e-09
 1.50131e+23	5.86e-01	4.14e-01	9.65e-09
 1.50306e+23	5.99e-01	4.01e-01	9.99e-09
 1.50475e+23	6.11e-01	3.89e-01	1.03e-08
 1.50644e+23	6.23e-01	3.77e-01	1.06e-08
 1.50817e+23	6.34e-01	3.66e-01	1.09e-08
 1.50996e+23	6.46e-01	3.54e-01	1.12e-08
 1.51182e+23	6.58e-01	3.42e-01	1.16e-08
 1.51368e+23	6.69e-01	3.31e-01	1.18e-08
 1.51556e+23	6.79e-01	3.21e-01	1.21e-08
 1.51753e+23	6.90e-01	3.10e-01	1.24e-08
 1.51958e+23	7.01e-01	2.99e-01	1.27e-08
 1.52166e+23	7.11e-01	2.89e-01	1.30e-08
 1.52378e+23	7.21e-01	2.79e-01	1.32e-08
 1.52598e+23	7.31e-01	2.69e-01	1.35e-08
 1.52826e+23	7.41e-01	2.59e-01	1.37e-08
 1.53060e+23	7.50e-01	2.50e-01	1.40e-08
 1.53300e+23	7.59e-01	2.41e-01	1.42e-08
 1.53548e+23	7.68e-01	2.32e-01	1.44e-08
 1.53806e+23	7.77e-01	2.23e-01	1.46e-08
 1.54073e+23	7.86e-01	2.14e-01	1.48e-08
 1.54349e+23	7.94e-01	2.06e-01	1.50e-08
 1.54635e+23	8.02e-01	1.98e-01	1.52e-08
 1.54933e+23	8.09e-01	1.91e-01	1.54e-08
 1.55244e+23	8.17e-01	1.83e-01	1.56e-08
 1.55563e+23	8.24e-01	1.76e-01	1.58e-08
 1.55890e+23	8.30e-01	1.70e-01	1.60e-08
 1.56228e+23	8.37e-01	1.63e-01	1.62e-08
 1.56579e+23	8.43e-01	1.57e-01	1.64e-08
 1.56944e+23	8.48e-01	1.52e-01	1.66e-08
 1.57322e+23	8.54e-01	1.46e-01	1.69e-08
 1.57717e+23	8.59e-01	1.41e-01	1.71e-08
 1.58129e+23	8.64e-01	1.36e-01	1.74e-08
 1.58563e+23	8.69e-01	1.31e-01	1.78e-08
 1.59022e+23	8.73e-01	1.27e-01	1.81e-08
 1.59504e+23	8.77e-01	1.23e-01	1.85e-08
 1.60013e+23	8.81e-01	1.19e-01	1.90e-08
 1.60558e+23	8.85e-01	1.15e-01	1.95e-08
 1.61136e+23	8.89e-01	1.11e-01	2.02e-08
 1.61735e+23	8.93e-01	1.07e-01	2.09e-08
 1.62321e+23	8.96e-01	1.04e-01	2.17e-08
 1.62883e+23	8.99e-01	1.01e-01	2.25e-08
 1.63436e+23	9.02e-01	9.82e-02	2.33e-08
 1.63979e+23	9.04e-01	9.56e-02	2.43e-08
 1.64510e+23	9.07e-01	9.32e-02	2.52e-08
 1.65025e+23	9.09e-01	9.08e-02	2.61e-08
 1.65515e+23	9.11e-01	8.87e-02	2.69e-08
 1.65971e+23	9.13e-01	8.68e-02	2.78e-08
 1.66414e+23	9.15e-01	8.49e-02	2.87e-08
 1.66855e+23	9.17e-01	8.30e-02	2.97e-08
 1.67283e+23	9.19e-01	8.12e-02	3.08e-08
 1.67695e+23	9.20e-01	7.95e-02	3.20e-08
 1.68092e+23	9.22e-01	7.79e-02	3.32e-08
 1.68475e+23	9.24e-01	7.63e-02	3.45e-08
 1.68845e+23	9.25e-01	7.48e-02	3.58e-08
 1.69202e+23	9.27e-01	7.34e-02	3.72e-08
 1.69547e+23	9.28e-01	7.20e-02	3.87e-08
 1.69879e+23	9.29e-01	7.07e-02	4.03e-08
 1.70200e+23	9.31e-01	6.94e-02	4.20e-08
 1.70509e+23	9.32e-01	6.81e-02	4.39e-08
 1.70802e+23	9.33e-01	6.70e-02	4.57e-08
 1.71090e+23	9.34e-01	6.58e-02	4.78e-08
 1.71370e+23	9.35e-01	6.46e-02	5.01e-08
 1.71624e+23	9.36e-01	6.37e-02	5.22e-08
 1.71856e+23	9.37e-01	6.28e-02	5.43e-08
 1.72066e+23	9.38e-01	6.20e-02	5.63e-08
 1.72258e+23	9.39e-01	6.13e-02	5.82e-08
 1.72433e+23	9.39e-01	6.06e-02	6.00e-08
 1.72592e+23	9.40e-01	6.01e-02	6.16e-08
 1.72736e+23	9.40e-01	5.95e-02	6.37e-08
 1.72868e+23	9.41e-01	5.92e-02	6.50e-08
 1.73012e+23	9.41e-01	5.85e-02	6.65e-08
 1.73199e+23	9.42e-01	5.76e-02	6.90e-08
 1.73401e+23	9.43e-01	5.67e-02	7.12e-08
 1.73585e+23	9.44e-01	5.59e-02	7.33e-08
 1.73753e+23	9.45e-01	5.53e-02	7.50e-08
 1.73905e+23	9.45e-01	5.48e-02	7.67e-08
 1.74044e+23	9.46e-01	5.42e-02	7.86e-08
 1.74170e+23	9.46e-01	5.39e-02	7.94e-08
 1.74308e+23	9.47e-01	5.34e-02	8.06e-08
 1.74488e+23	9.47e-01	5.27e-02	8.24e-08
 1.74682e+23	9.48e-01	5.19e-02	8.41e-08
 1.74859e+23	9.49e-01	5.13e-02	8.54e-08
 1.75020e+23	9.49e-01	5.10e-02	8.65e-08
 1.75196e+23	9.50e-01	5.03e-02	8.74e-08
 1.75386e+23	9.50e-01	4.97e-02	8.87e-08
 1.75559e+23	9.51e-01	4.91e-02	8.95e-08
 1.75749e+23	9.51e-01	4.85e-02	9.04e-08
 1.75953e+23	9.52e-01	4.78e-02	9.14e-08
 1.76140e+23	9.53e-01	4.73e-02	9.20e-08
 1.76344e+23	9.53e-01	4.66e-02	9.27e-08
 1.76564e+23	9.54e-01	4.58e-02	9.33e-08
 1.76765e+23	9.55e-01	4.53e-02	9.37e-08
 1.76947e+23	9.55e-01	4.48e-02	9.39e-08
 1.77113e+23	9.56e-01	4.44e-02	9.39e-08
 1.77264e+23	9.56e-01	4.40e-02	9.39e-08
 1.77402e+23	9.56e-01	4.37e-02	9.39e-08
 1.77553e+23	9.57e-01	4.32e-02	9.36e-08
 1.77748e+23	9.57e-01	4.25e-02	9.36e-08
 1.77960e+23	9.58e-01	4.18e-02	9.38e-08
 1.78152e+23	9.59e-01	4.13e-02	9.35e-08
 1.78328e+23	9.59e-01	4.09e-02	9.34e-08
 1.78487e+23	9.59e-01	4.05e-02	9.30e-08
 1.78662e+23	9.60e-01	4.00e-02	9.23e-08
 1.78850e+23	9.61e-01	3.94e-02	9.22e-08
 1.79022e+23	9.61e-01	3.90e-02	9.20e-08
 1.79210e+23	9.61e-01	3.86e-02	9.15e-08
 1.79413e+23	9.62e-01	3.80e-02	9.13e-08
 1.79597e+23	9.62e-01	3.76e-02	9.10e-08
 1.79800e+23	9.63e-01	3.71e-02	9.05e-08
 1.80018e+23	9.64e-01	3.65e-02	9.02e-08
 1.80217e+23	9.64e-01	3.61e-02	8.98e-08
 1.80398e+23	9.64e-01	3.58e-02	8.97e-08
 1.80596e+23	9.65e-01	3.54e-02	8.92e-08
 1.80810e+23	9.65e-01	3.49e-02	8.91e-08
 1.81005e+23	9.65e-01	3.46e-02	8.90e-08
 1.81219e+23	9.66e-01	3.41e-02	8.84e-08
 1.81449e+23	9.66e-01	3.36e-02	8.83e-08
 1.81659e+23	9.67e-01	3.32e-02	8.78e-08
 1.81850e+23	9.67e-01	3.30e-02	8.78e-08
 1.82059e+23	9.67e-01	3.25e-02	8.72e-08
 1.82284e+23	9.68e-01	3.21e-02	8.72e-08
 1.82490e+23	9.68e-01	3.18e-02	8.70e-08
 1.82715e+23	9.69e-01	3.13e-02	8.64e-08
 1.82958e+23	9.69e-01	3.08e-02	8.64e-08
 1.83179e+23	9.70e-01	3.05e-02	8.59e-08
 1.83380e+23	9.70e-01	3.02e-02	8.59e-08
 1.83601e+23	9.70e-01	2.99e-02	8.54e-08
 1.83839e+23	9.71e-01	2.94e-02	8.54e-08
 1.84056e+23	9.71e-01	2.91e-02	8.52e-08
 1.84293e+23	9.71e-01	2.87e-02	8.47e-08
 1.84549e+23	9.72e-01	2.83e-02	8.47e-08
 1.84782e+23	9.72e-01	2.80e-02	8.46e-08
 1.85038e+23	9.72e-01	2.76e-02	8.41e-08
 1.85314e+23	9.73e-01	2.71e-02	8.41e-08
 1.85565e+23	9.73e-01	2.69e-02	8.39e-08
 1.85840e+23	9.74e-01	2.64e-02	8.36e-08
 1.86137e+23	9.74e-01	2.60e-02	8.38e-08
 1.86407e+23	9.74e-01	2.57e-02	8.36e-08
 1.86653e+23	9.75e-01	2.54e-02	8.34e-08
 1.86877e+23	9.75e-01	2.52e-02	8.34e-08
 1.87122e+23	9.75e-01	2.48e-02	8.31e-08
 1.87387e+23	9.76e-01	2.45e-02	8.33e-08
 1.87628e+23	9.76e-01	2.42e-02	8.33e-08
 1.87892e+23	9.76e-01	2.39e-02	8.30e-08
 1.88177e+23	9.77e-01	2.35e-02	8.32e-08
 1.88437e+23	9.77e-01	2.33e-02	8.32e-08
 1.88721e+23	9.77e-01	2.29e-02	8.30e-08
 1.89028e+23	9.77e-01	2.25e-02	8.31e-08
 1.89307e+23	9.78e-01	2.23e-02	8.32e-08
 1.89613e+23	9.78e-01	2.20e-02	8.30e-08
 1.89943e+23	9.78e-01	2.16e-02	8.31e-08
 1.90244e+23	9.79e-01	2.13e-02	8.31e-08
 1.90573e+23	9.79e-01	2.10e-02	8.29e-08
 1.90929e+23	9.79e-01	2.06e-02	8.30e-08
 1.91253e+23	9.80e-01	2.04e-02	8.30e-08
 1.91607e+23	9.80e-01	2.00e-02	8.29e-08
 1.91990e+23	9.80e-01	1.96e-02	8.30e-08
 1.92339e+23	9.81e-01	1.94e-02	8.30e-08
 1.92720e+23	9.81e-01	1.90e-02	8.29e-08
 1.93132e+23	9.81e-01	1.87e-02	8.31e-08
 1.93507e+23	9.82e-01	1.84e-02	8.29e-08
 1.93849e+23	9.82e-01	1.82e-02	8.30e-08
 1.94223e+23	9.82e-01	1.79e-02	8.28e-08
 1.94627e+23	9.82e-01	1.75e-02	8.29e-08
 1.94994e+23	9.83e-01	1.73e-02	8.29e-08
 1.95397e+23	9.83e-01	1.70e-02	8.28e-08
 1.95831e+23	9.83e-01	1.67e-02	8.29e-08
 1.96227e+23	9.84e-01	1.64e-02	8.30e-08
 1.96660e+23	9.84e-01	1.61e-02	8.30e-08
 1.97128e+23	9.84e-01	1.58e-02	8.31e-08
 1.97554e+23	9.84e-01	1.55e-02	8.29e-08
 1.97941e+23	9.85e-01	1.53e-02	8.30e-08
 1.98366e+23	9.85e-01	1.51e-02	8.30e-08
 1.98824e+23	9.85e-01	1.48e-02	8.31e-08
 1.99242e+23	9.85e-01	1.45e-02	8.30e-08
 1.99699e+23	9.86e-01	1.43e-02	8.31e-08
 2.00192e+23	9.86e-01	1.40e-02	8.32e-08
 2.00641e+23	9.86e-01	1.38e-02	8.32e-08
 2.01133e+23	9.87e-01	1.35e-02	8.32e-08
 2.01664e+23	9.87e-01	1.32e-02	8.33e-08
 2.02148e+23	9.87e-01	1.30e-02	8.33e-08
 2.02588e+23	9.87e-01	1.28e-02	8.33e-08
 2.03070e+23	9.87e-01	1.26e-02	8.35e-08
 2.03590e+23	9.88e-01	1.23e-02	8.35e-08
 2.04064e+23	9.88e-01	1.21e-02	8.34e-08
 2.04583e+23	9.88e-01	1.19e-02	8.37e-08
 2.05143e+23	9.88e-01	1.16e-02	8.37e-08
 2.05653e+23	9.89e-01	1.14e-02	8.36e-08
 2.06212e+23	9.89e-01	1.12e-02	8.39e-08
 2.06925e+23	9.89e-01	1.08e-02	8.39e-08
 2.07680e+23	9.89e-01	1.06e-02	8.40e-08
 2.08435e+23	9.90e-01	1.03e-02	8.42e-08
 2.09222e+23	9.90e-01	1.00e-02	8.42e-08
 2.10006e+23	9.90e-01	9.72e-03	8.43e-08
 2.10798e+23	9.91e-01	9.45e-03	8.44e-08
 2.11598e+23	9.91e-01	9.18e-03	8.45e-08
 2.12407e+23	9.91e-01	8.92e-03	8.46e-08
 2.13220e+23	9.91e-01	8.67e-03	8.48e-08
 2.14042e+23	9.92e-01	8.43e-03	8.49e-08
 2.14873e+23	9.92e-01	8.18e-03	8.50e-08
 2.15711e+23	9.92e-01	7.95e-03	8.51e-08
 2.16556e+23	9.92e-01	7.72e-03	8.52e-08
 2.17408e+23	9.93e-01	7.50e-03	8.54e-08
 2.18266e+23	9.93e-01	7.28e-03	8.55e-08
 2.19129e+23	9.93e-01	7.07e-03	8.56e-08
 2.19999e+23	9.93e-01	6.86e-03	8.58e-08
 2.20875e+23	9.93e-01	6.66e-03	8.60e-08
 2.21758e+23	9.94e-01	6.46e-03	8.61e-08
 2.22649e+23	9.94e-01	6.27e-03	8.63e-08
 2.23545e+23	9.94e-01	6.08e-03	8.65e-08
 2.24449e+23	9.94e-01	5.90e-03	8.67e-08
 2.25359e+23	9.94e-01	5.72e-03	8.69e-08
 2.26290e+23	9.94e-01	5.55e-03	8.71e-08
 2.27241e+23	9.95e-01	5.37e-03	8.74e-08
 2.28200e+23	9.95e-01	5.21e-03	8.77e-08
 2.29172e+23	9.95e-01	5.04e-03	8.80e-08
 2.30154e+23	9.95e-01	4.88e-03	8.83e-08
 2.31146e+23	9.95e-01	4.73e-03	8.87e-08
 2.32150e+23	9.95e-01	4.58e-03	8.90e-08
 2.33166e+23	9.96e-01	4.43e-03	8.95e-08
 2.34200e+23	9.96e-01	4.28e-03	8.99e-08
 2.35250e+23	9.96e-01	4.14e-03	9.04e-08
 2.36330e+23	9.96e-01	4.00e-03	9.09e-08
 2.37436e+23	9.96e-01	3.87e-03	9.15e-08
 2.38559e+23	9.96e-01	3.73e-03	9.22e-08
 2.39704e+23	9.96e-01	3.60e-03	9.29e-08
 2.40868e+23	9.97e-01	3.47e-03	9.36e-08
 2.42054e+23	9.97e-01	3.35e-03	9.44e-08
 2.43263e+23	9.97e-01	3.22e-03	9.53e-08
 2.44498e+23	9.97e-01	3.10e-03	9.63e-08
 2.45765e+23	9.97e-01	2.99e-03	9.74e-08
 2.47063e+23	9.97e-01	2.87e-03	9.85e-08
 2.48390e+23	9.97e-01	2.76e-03	9.98e-08
 2.49748e+23	9.97e-01	2.65e-03	1.01e-07
 2.51138e+23	9.97e-01	2.54e-03	1.03e-07
 2.52562e+23	9.98e-01	2.44e-03	1.05e-07
 2.54026e+23	9.98e-01	2.33e-03	1.07e-07
 2.55520e+23	9.98e-01	2.23e-03	1.09e-07
 2.57024e+23	9.98e-01	2.14e-03	1.11e-07
 2.58542e+23	9.98e-01	2.05e-03	1.14e-07
 2.60079e+23	9.98e-01	1.96e-03	1.16e-07
 2.61632e+23	9.98e-01	1.87e-03	1.20e-07
 2.63200e+23	9.98e-01	1.79e-03	1.23e-07
 2.64784e+23	9.98e-01	1.71e-03	1.27e-07
 2.66385e+23	9.98e-01	1.63e-03	1.31e-07
 2.68003e+23	9.98e-01	1.56e-03	1.36e-07
 2.69639e+23	9.99e-01	1.49e-03	1.41e-07
 2.71285e+23	9.99e-01	1.42e-03	1.47e-07
 2.72946e+23	9.99e-01	1.36e-03	1.54e-07
 2.74631e+23	9.99e-01	1.29e-03	1.62e-07
 2.76326e+23	9.99e-01	1.23e-03	1.70e-07
 2.78028e+23	9.99e-01	1.17e-03	1.80e-07
 2.79752e+23	9.99e-01	1.12e-03	1.92e-07
 2.81505e+23	9.99e-01	1.06e-03	2.05e-07
 2.83230e+23	9.99e-01	1.01e-03	2.21e-07
 2.84853e+23	9.99e-01	9.68e-04	2.39e-07
 2.86357e+23	9.99e-01	9.28e-04	2.58e-07
 2.87770e+23	9.99e-01	8.92e-04	2.79e-07
 2.89118e+23	9.99e-01	8.59e-04	3.02e-07
 2.90409e+23	9.99e-01	8.28e-04	3.27e-07
 2.91638e+23	9.99e-01	8.00e-04	3.56e-07
 2.92801e+23	9.99e-01	7.74e-04	3.87e-07
 2.93900e+23	9.99e-01	7.50e-04	4.22e-07
 2.94942e+23	9.99e-01	7.26e-04	4.61e-07
 2.95926e+23	9.99e-01	7.06e-04	5.03e-07
 2.96858e+23	9.99e-01	6.88e-04	5.49e-07
 2.97754e+23	9.99e-01	6.70e-04	6.01e-07
 2.98614e+23	9.99e-01	6.54e-04	6.58e-07
 2.99434e+23	9.99e-01	6.38e-04	7.22e-07
 3.00212e+23	9.99e-01	6.24e-04	7.92e-07
 3.00951e+23	9.99e-01	6.11e-04	8.69e-07
 3.01656e+23	9.99e-01	5.98e-04	9.54e-07
 3.02334e+23	9.99e-01	5.87e-04	1.05e-06
 3.02985e+23	9.99e-01	5.76e-04	1.15e-06
 3.03610e+23	9.99e-01	5.65e-04	1.27e-06
 3.04211e+23	9.99e-01	5.55e-04	1.40e-06
 3.04791e+23	9.99e-01	5.45e-04	1.54e-06
 3.05348e+23	9.99e-01	5.36e-04	1.69e-06
 3.05884e+23	9.99e-01	5.28e-04	1.86e-06
 3.06402e+23	9.99e-01	5.20e-04	2.05e-06
 3.06907e+23	9.99e-01	5.12e-04	2.26e-06
 3.07400e+23	9.99e-01	5.04e-04	2.49e-06
 3.07880e+23	9.99e-01	4.97e-04	2.74e-06
 3.08343e+23	1.00e+00	4.90e-04	3.02e-06
