#depth	Ar	Ar+	Ar+2	Ar+3	Ar+4	Ar+5	Ar+6	Ar+7	Ar+8	Ar+9	Ar+10	Ar+11	Ar+12	Ar+13	Ar+14	Ar+15	Ar+16	Ar+17	Ar+18
 1.54284e+22	0.00e+00	0.00e+00	0.00e+00	0.00e+00	6.44e-26	7.66e-23	5.41e-20	2.52e-17	3.70e-14	7.74e-12	8.20e-10	4.30e-08	1.56e-06	3.00e-05	3.79e-04	5.09e-03	1.19e-01	4.11e-01	4.65e-01
 3.60909e+22	0.00e+00	0.00e+00	0.00e+00	1.25e-27	2.73e-24	2.39e-21	1.24e-18	7.67e-16	8.11e-13	1.22e-10	9.30e-09	3.50e-07	9.11e-06	1.25e-04	1.13e-03	1.08e-02	1.81e-01	4.46e-01	3.61e-01
 4.50398e+22	0.00e+00	0.00e+00	1.24e-29	3.41e-26	5.94e-23	4.13e-20	1.70e-17	8.21e-15	7.08e-12	8.55e-10	5.18e-08	1.54e-06	3.18e-05	3.42e-04	2.40e-03	1.80e-02	2.36e-01	4.55e-01	2.87e-01
 5.17264e+22	0.00e+00	0.00e+00	2.21e-28	5.16e-25	7.41e-22	4.22e-19	1.41e-16	5.49e-14	4.07e-11	4.15e-09	2.10e-07	5.18e-06	8.85e-05	7.79e-04	4.42e-03	2.68e-02	2.88e-01	4.50e-01	2.30e-01
 5.54412e+22	0.00e+00	0.00e+00	4.76e-28	1.06e-24	1.44e-21	7.77e-19	2.46e-16	9.02e-14	6.43e-11	6.28e-09	3.04e-07	7.12e-06	1.16e-04	9.68e-04	5.19e-03	2.97e-02	3.02e-01	4.46e-01	2.16e-01
 5.66119e+22	0.00e+00	0.00e+00	7.24e-28	1.57e-24	2.08e-21	1.09e-18	3.32e-16	1.18e-13	8.27e-11	7.88e-09	3.71e-07	8.48e-06	1.34e-04	1.09e-03	5.66e-03	3.14e-02	3.10e-01	4.44e-01	2.09e-01
 5.75956e+22	0.00e+00	0.00e+00	1.31e-27	2.74e-24	3.47e-21	1.73e-18	5.07e-16	1.72e-13	1.17e-10	1.08e-08	4.93e-07	1.08e-05	1.66e-04	1.29e-03	6.39e-03	3.39e-02	3.21e-01	4.40e-01	1.98e-01
 5.85641e+22	0.00e+00	0.00e+00	1.89e-27	3.88e-24	4.80e-21	2.33e-18	6.65e-16	2.19e-13	1.47e-10	1.32e-08	5.89e-07	1.26e-05	1.88e-04	1.43e-03	6.89e-03	3.56e-02	3.28e-01	4.37e-01	1.91e-01
 5.95130e+22	0.00e+00	0.00e+00	3.19e-27	6.33e-24	7.53e-21	3.52e-18	9.64e-16	3.05e-13	1.99e-10	1.75e-08	7.56e-07	1.57e-05	2.26e-04	1.65e-03	7.66e-03	3.80e-02	3.37e-01	4.33e-01	1.82e-01
 6.05065e+22	0.00e+00	1.16e-32	5.16e-27	9.92e-24	1.14e-20	5.14e-18	1.35e-15	4.12e-13	2.64e-10	2.26e-08	9.50e-07	1.91e-05	2.68e-04	1.89e-03	8.44e-03	4.04e-02	3.46e-01	4.29e-01	1.74e-01
 6.13939e+22	0.00e+00	1.83e-32	7.92e-27	1.48e-23	1.65e-20	7.22e-18	1.84e-15	5.42e-13	3.40e-10	2.85e-08	1.17e-06	2.28e-05	3.11e-04	2.13e-03	9.20e-03	4.26e-02	3.54e-01	4.24e-01	1.67e-01
 6.23836e+22	0.00e+00	3.22e-32	1.35e-26	2.45e-23	2.63e-20	1.10e-17	2.69e-15	7.58e-13	4.66e-10	3.80e-08	1.51e-06	2.85e-05	3.75e-04	2.47e-03	1.02e-02	4.55e-02	3.64e-01	4.19e-01	1.59e-01
 6.33840e+22	0.00e+00	5.33e-32	2.18e-26	3.83e-23	3.97e-20	1.60e-17	3.77e-15	1.02e-12	6.15e-10	4.89e-08	1.89e-06	3.47e-05	4.42e-04	2.82e-03	1.12e-02	4.82e-02	3.72e-01	4.14e-01	1.51e-01
 6.42293e+22	0.00e+00	8.33e-32	3.33e-26	5.70e-23	5.72e-20	2.23e-17	5.08e-15	1.33e-12	7.87e-10	6.13e-08	2.31e-06	4.12e-05	5.12e-04	3.16e-03	1.22e-02	5.07e-02	3.80e-01	4.09e-01	1.45e-01
 6.51588e+22	0.00e+00	1.43e-31	5.54e-26	9.18e-23	8.86e-20	3.33e-17	7.26e-15	1.82e-12	1.06e-09	8.03e-08	2.93e-06	5.08e-05	6.10e-04	3.64e-03	1.35e-02	5.38e-02	3.89e-01	4.03e-01	1.37e-01
 6.61453e+22	0.00e+00	2.35e-31	8.88e-26	1.43e-22	1.33e-19	4.82e-17	1.01e-14	2.44e-12	1.39e-09	1.03e-07	3.67e-06	6.16e-05	7.18e-04	4.13e-03	1.48e-02	5.68e-02	3.97e-01	3.96e-01	1.30e-01
 6.70358e+22	0.00e+00	3.81e-31	1.40e-25	2.19e-22	1.97e-19	6.88e-17	1.39e-14	3.23e-12	1.81e-09	1.31e-07	4.55e-06	7.42e-05	8.40e-04	4.68e-03	1.62e-02	5.98e-02	4.04e-01	3.90e-01	1.24e-01
 6.78825e+22	0.00e+00	5.97e-31	2.15e-25	3.26e-22	2.84e-19	9.59e-17	1.87e-14	4.19e-12	2.31e-09	1.64e-07	5.56e-06	8.81e-05	9.72e-04	5.25e-03	1.75e-02	6.28e-02	4.11e-01	3.84e-01	1.18e-01
 6.88423e+22	0.00e+00	1.05e-30	3.67e-25	5.38e-22	4.51e-19	1.46e-16	2.73e-14	5.82e-12	3.15e-09	2.18e-07	7.16e-06	1.10e-04	1.17e-03	6.06e-03	1.94e-02	6.66e-02	4.20e-01	3.76e-01	1.11e-01
 6.98336e+22	0.00e+00	1.75e-30	5.94e-25	8.42e-22	6.80e-19	2.11e-16	3.79e-14	7.78e-12	4.14e-09	2.80e-07	8.96e-06	1.33e-04	1.37e-03	6.89e-03	2.12e-02	7.01e-02	4.27e-01	3.69e-01	1.05e-01
 7.06901e+22	0.00e+00	2.79e-30	9.24e-25	1.27e-21	9.92e-19	2.97e-16	5.13e-14	1.01e-11	5.32e-09	3.53e-07	1.10e-05	1.59e-04	1.60e-03	7.75e-03	2.30e-02	7.35e-02	4.33e-01	3.62e-01	9.96e-02
 7.16278e+22	0.00e+00	4.82e-30	1.55e-24	2.07e-21	1.55e-18	4.45e-16	7.36e-14	1.39e-11	7.17e-09	4.64e-07	1.40e-05	1.96e-04	1.90e-03	8.89e-03	2.53e-02	7.75e-02	4.40e-01	3.53e-01	9.34e-02
 7.26113e+22	0.00e+00	8.06e-30	2.53e-24	3.25e-21	2.35e-18	6.47e-16	1.03e-13	1.85e-11	9.43e-09	5.97e-07	1.76e-05	2.38e-04	2.24e-03	1.01e-02	2.76e-02	8.14e-02	4.46e-01	3.45e-01	8.78e-02
 7.34931e+22	0.00e+00	1.28e-29	3.91e-24	4.90e-21	3.41e-18	9.08e-16	1.39e-13	2.41e-11	1.21e-08	7.50e-07	2.16e-05	2.84e-04	2.59e-03	1.13e-02	2.99e-02	8.50e-02	4.51e-01	3.37e-01	8.30e-02
 7.44781e+22	0.00e+00	2.36e-29	6.99e-24	8.39e-21	5.59e-18	1.41e-15	2.05e-13	3.39e-11	1.67e-08	1.01e-06	2.82e-05	3.57e-04	3.15e-03	1.31e-02	3.31e-02	8.98e-02	4.57e-01	3.26e-01	7.69e-02
 7.54495e+22	0.00e+00	3.73e-29	1.08e-23	1.26e-20	8.10e-18	1.98e-15	2.77e-13	4.39e-11	2.14e-08	1.27e-06	3.45e-05	4.24e-04	3.63e-03	1.47e-02	3.57e-02	9.35e-02	4.61e-01	3.18e-01	7.25e-02
 7.62729e+22	0.00e+00	5.94e-29	1.68e-23	1.90e-20	1.18e-17	2.76e-15	3.71e-13	5.66e-11	2.73e-08	1.59e-06	4.22e-05	5.05e-04	4.21e-03	1.64e-02	3.86e-02	9.74e-02	4.65e-01	3.10e-01	6.82e-02
 7.70805e+22	0.00e+00	9.25e-29	2.56e-23	2.80e-20	1.68e-17	3.81e-15	4.92e-13	7.22e-11	3.45e-08	1.97e-06	5.12e-05	5.96e-04	4.83e-03	1.83e-02	4.14e-02	1.01e-01	4.68e-01	3.02e-01	6.43e-02
 7.79984e+22	0.00e+00	1.62e-28	4.35e-23	4.59e-20	2.64e-17	5.70e-15	7.02e-13	9.81e-11	4.63e-08	2.59e-06	6.53e-05	7.33e-04	5.74e-03	2.09e-02	4.53e-02	1.06e-01	4.71e-01	2.91e-01	5.95e-02
 7.88718e+22	0.00e+00	2.44e-28	6.42e-23	6.60e-20	3.67e-17	7.67e-15	9.11e-13	1.23e-10	5.75e-08	3.16e-06	7.80e-05	8.54e-04	6.51e-03	2.30e-02	4.83e-02	1.09e-01	4.73e-01	2.83e-01	5.62e-02
 7.95703e+22	0.00e+00	3.65e-28	9.41e-23	9.39e-20	5.05e-17	1.02e-14	1.17e-12	1.52e-10	7.07e-08	3.84e-06	9.28e-05	9.90e-04	7.37e-03	2.53e-02	5.14e-02	1.12e-01	4.74e-01	2.75e-01	5.30e-02
 8.02064e+22	0.00e+00	5.19e-28	1.31e-22	1.28e-19	6.69e-17	1.31e-14	1.45e-12	1.83e-10	8.47e-08	4.54e-06	1.08e-04	1.13e-03	8.21e-03	2.74e-02	5.42e-02	1.15e-01	4.75e-01	2.69e-01	5.03e-02
 8.07879e+22	0.00e+00	7.20e-28	1.79e-22	1.71e-19	8.69e-17	1.65e-14	1.78e-12	2.18e-10	1.00e-07	5.31e-06	1.24e-04	1.27e-03	9.06e-03	2.96e-02	5.69e-02	1.18e-01	4.75e-01	2.62e-01	4.79e-02
 8.14533e+22	0.00e+00	1.09e-27	2.66e-22	2.46e-19	1.21e-16	2.22e-14	2.30e-12	2.71e-10	1.24e-07	6.48e-06	1.48e-04	1.48e-03	1.03e-02	3.25e-02	6.05e-02	1.21e-01	4.75e-01	2.54e-01	4.50e-02
 8.21134e+22	0.00e+00	1.53e-27	3.67e-22	3.31e-19	1.58e-16	2.82e-14	2.83e-12	3.23e-10	1.48e-07	7.61e-06	1.71e-04	1.67e-03	1.14e-02	3.51e-02	6.36e-02	1.24e-01	4.74e-01	2.47e-01	4.27e-02
 8.26690e+22	0.00e+00	2.10e-27	4.96e-22	4.37e-19	2.03e-16	3.52e-14	3.44e-12	3.81e-10	1.73e-07	8.84e-06	1.96e-04	1.87e-03	1.25e-02	3.77e-02	6.65e-02	1.27e-01	4.73e-01	2.41e-01	4.06e-02
 8.32933e+22	0.00e+00	3.11e-27	7.21e-22	6.17e-19	2.78e-16	4.65e-14	4.37e-12	4.67e-10	2.12e-07	1.07e-05	2.31e-04	2.16e-03	1.40e-02	4.11e-02	7.03e-02	1.30e-01	4.72e-01	2.33e-01	3.81e-02
 8.39336e+22	0.00e+00	4.33e-27	9.87e-22	8.24e-19	3.61e-16	5.86e-14	5.35e-12	5.54e-10	2.51e-07	1.25e-05	2.66e-04	2.43e-03	1.55e-02	4.42e-02	7.36e-02	1.32e-01	4.70e-01	2.26e-01	3.61e-02
 8.44815e+22	0.00e+00	5.94e-27	1.33e-21	1.09e-18	4.63e-16	7.29e-14	6.45e-12	6.48e-10	2.93e-07	1.44e-05	3.03e-04	2.71e-03	1.70e-02	4.73e-02	7.68e-02	1.34e-01	4.68e-01	2.20e-01	3.42e-02
 8.49928e+22	0.00e+00	8.06e-27	1.78e-21	1.42e-18	5.89e-16	9.01e-14	7.74e-12	7.55e-10	3.41e-07	1.66e-05	3.44e-04	3.02e-03	1.85e-02	5.05e-02	8.00e-02	1.37e-01	4.65e-01	2.13e-01	3.25e-02
 8.55702e+22	0.00e+00	1.19e-26	2.58e-21	1.99e-18	7.98e-16	1.18e-13	9.73e-12	9.14e-10	4.13e-07	1.99e-05	4.05e-04	3.46e-03	2.07e-02	5.49e-02	8.41e-02	1.39e-01	4.61e-01	2.05e-01	3.04e-02
 8.61498e+22	3.69e-33	1.61e-26	3.43e-21	2.59e-18	1.01e-15	1.45e-13	1.16e-11	1.06e-09	4.79e-07	2.29e-05	4.58e-04	3.85e-03	2.26e-02	5.84e-02	8.74e-02	1.41e-01	4.58e-01	1.99e-01	2.88e-02
 8.67325e+22	5.51e-33	2.35e-26	4.94e-21	3.61e-18	1.36e-15	1.88e-13	1.46e-11	1.28e-09	5.78e-07	2.73e-05	5.36e-04	4.39e-03	2.52e-02	6.32e-02	9.16e-02	1.43e-01	4.54e-01	1.91e-01	2.68e-02
 8.72941e+22	7.49e-33	3.15e-26	6.52e-21	4.66e-18	1.71e-15	2.30e-13	1.73e-11	1.47e-09	6.67e-07	3.12e-05	6.04e-04	4.86e-03	2.73e-02	6.71e-02	9.49e-02	1.45e-01	4.49e-01	1.85e-01	2.54e-02
 8.77482e+22	1.00e-32	4.16e-26	8.49e-21	5.92e-18	2.12e-15	2.78e-13	2.02e-11	1.68e-09	7.62e-07	3.54e-05	6.76e-04	5.34e-03	2.95e-02	7.10e-02	9.81e-02	1.46e-01	4.45e-01	1.80e-01	2.41e-02
 8.82584e+22	1.44e-32	5.88e-26	1.18e-20	8.01e-18	2.78e-15	3.51e-13	2.47e-11	1.98e-09	9.00e-07	4.14e-05	7.79e-04	6.01e-03	3.25e-02	7.60e-02	1.02e-01	1.48e-01	4.40e-01	1.73e-01	2.25e-02
 8.87786e+22	1.94e-32	7.82e-26	1.55e-20	1.03e-17	3.47e-15	4.26e-13	2.91e-11	2.27e-09	1.03e-06	4.71e-05	8.73e-04	6.61e-03	3.51e-02	8.03e-02	1.05e-01	1.49e-01	4.35e-01	1.67e-01	2.13e-02
 8.93121e+22	2.92e-32	1.15e-25	2.25e-20	1.44e-17	4.67e-15	5.51e-13	3.60e-11	2.70e-09	1.24e-06	5.61e-05	1.02e-03	7.53e-03	3.90e-02	8.66e-02	1.10e-01	1.51e-01	4.27e-01	1.59e-01	1.97e-02
 8.98330e+22	3.88e-32	1.51e-25	2.91e-20	1.82e-17	5.76e-15	6.61e-13	4.20e-11	3.06e-09	1.41e-06	6.33e-05	1.14e-03	8.24e-03	4.19e-02	9.11e-02	1.13e-01	1.51e-01	4.21e-01	1.53e-01	1.86e-02
 9.03374e+22	5.79e-32	2.22e-25	4.19e-20	2.52e-17	7.70e-15	8.48e-13	5.16e-11	3.61e-09	1.68e-06	7.48e-05	1.32e-03	9.33e-03	4.63e-02	9.78e-02	1.17e-01	1.52e-01	4.13e-01	1.46e-01	1.71e-02
 9.08406e+22	7.73e-32	2.92e-25	5.44e-20	3.20e-17	9.51e-15	1.02e-12	6.01e-11	4.09e-09	1.91e-06	8.44e-05	1.47e-03	1.02e-02	4.97e-02	1.03e-01	1.21e-01	1.53e-01	4.06e-01	1.40e-01	1.61e-02
 9.13425e+22	1.13e-31	4.20e-25	7.70e-20	4.38e-17	1.25e-14	1.29e-12	7.32e-11	4.79e-09	2.25e-06	9.89e-05	1.69e-03	1.15e-02	5.46e-02	1.10e-01	1.25e-01	1.53e-01	3.97e-01	1.33e-01	1.49e-02
 9.18599e+22	1.57e-31	5.76e-25	1.04e-19	5.74e-17	1.59e-14	1.58e-12	8.66e-11	5.47e-09	2.59e-06	1.13e-04	1.91e-03	1.27e-02	5.91e-02	1.16e-01	1.28e-01	1.53e-01	3.89e-01	1.27e-01	1.38e-02
 9.23056e+22	2.09e-31	7.56e-25	1.35e-19	7.26e-17	1.96e-14	1.89e-12	1.00e-10	6.15e-09	2.93e-06	1.27e-04	2.12e-03	1.38e-02	6.32e-02	1.21e-01	1.31e-01	1.53e-01	3.81e-01	1.22e-01	1.30e-02
 9.27927e+22	3.14e-31	1.12e-24	1.96e-19	1.01e-16	2.61e-14	2.41e-12	1.22e-10	7.18e-09	3.48e-06	1.50e-04	2.45e-03	1.56e-02	6.95e-02	1.29e-01	1.35e-01	1.52e-01	3.70e-01	1.14e-01	1.18e-02
 9.32750e+22	4.17e-31	1.46e-24	2.53e-19	1.28e-16	3.20e-14	2.87e-12	1.41e-10	8.05e-09	3.92e-06	1.68e-04	2.71e-03	1.69e-02	7.41e-02	1.35e-01	1.38e-01	1.52e-01	3.61e-01	1.09e-01	1.11e-02
 9.37512e+22	6.20e-31	2.14e-24	3.63e-19	1.76e-16	4.24e-14	3.64e-12	1.71e-10	9.33e-09	4.61e-06	1.97e-04	3.11e-03	1.90e-02	8.10e-02	1.43e-01	1.41e-01	1.51e-01	3.49e-01	1.02e-01	1.00e-02
 9.42186e+22	8.16e-31	2.77e-24	4.67e-19	2.20e-16	5.16e-14	4.30e-12	1.96e-10	1.04e-08	5.17e-06	2.19e-04	3.43e-03	2.05e-02	8.60e-02	1.49e-01	1.44e-01	1.50e-01	3.41e-01	9.78e-02	9.38e-03
 9.46746e+22	1.21e-30	4.04e-24	6.68e-19	3.03e-16	6.80e-14	5.42e-12	2.35e-10	1.20e-08	6.04e-06	2.55e-04	3.92e-03	2.29e-02	9.37e-02	1.57e-01	1.47e-01	1.48e-01	3.28e-01	9.12e-02	8.48e-03
 9.51293e+22	1.60e-30	5.27e-24	8.61e-19	3.80e-16	8.28e-14	6.40e-12	2.69e-10	1.33e-08	6.76e-06	2.84e-04	4.31e-03	2.47e-02	9.93e-02	1.63e-01	1.49e-01	1.46e-01	3.19e-01	8.67e-02	7.89e-03
 9.55822e+22	2.37e-30	7.70e-24	1.24e-18	5.23e-16	1.09e-13	8.05e-12	3.22e-10	1.52e-08	7.88e-06	3.29e-04	4.91e-03	2.74e-02	1.08e-01	1.71e-01	1.51e-01	1.44e-01	3.06e-01	8.05e-02	7.09e-03
 9.60384e+22	3.17e-30	1.02e-23	1.61e-18	6.62e-16	1.34e-13	9.55e-12	3.70e-10	1.69e-08	8.84e-06	3.67e-04	5.41e-03	2.96e-02	1.14e-01	1.77e-01	1.53e-01	1.42e-01	2.96e-01	7.60e-02	6.55e-03
 9.64987e+22	4.76e-30	1.50e-23	2.34e-18	9.19e-16	1.77e-13	1.21e-11	4.44e-10	1.94e-08	1.03e-05	4.26e-04	6.17e-03	3.29e-02	1.23e-01	1.86e-01	1.55e-01	1.39e-01	2.82e-01	7.00e-02	5.83e-03
 9.69627e+22	6.42e-30	2.00e-23	3.07e-18	1.17e-15	2.18e-13	1.43e-11	5.09e-10	2.15e-08	1.15e-05	4.75e-04	6.78e-03	3.55e-02	1.31e-01	1.92e-01	1.56e-01	1.37e-01	2.71e-01	6.58e-02	5.35e-03
 9.74315e+22	9.61e-30	2.94e-23	4.44e-18	1.62e-15	2.88e-13	1.81e-11	6.10e-10	2.47e-08	1.34e-05	5.49e-04	7.69e-03	3.92e-02	1.40e-01	2.00e-01	1.57e-01	1.33e-01	2.57e-01	6.03e-02	4.74e-03
 9.78966e+22	1.31e-29	3.94e-23	5.87e-18	2.07e-15	3.56e-13	2.15e-11	7.00e-10	2.73e-08	1.50e-05	6.11e-04	8.44e-03	4.22e-02	1.48e-01	2.06e-01	1.58e-01	1.30e-01	2.46e-01	5.63e-02	4.32e-03
 9.83568e+22	1.95e-29	5.78e-23	8.46e-18	2.85e-15	4.68e-13	2.70e-11	8.35e-10	3.12e-08	1.73e-05	7.01e-04	9.51e-03	4.63e-02	1.59e-01	2.13e-01	1.58e-01	1.26e-01	2.32e-01	5.13e-02	3.81e-03
 9.88256e+22	2.69e-29	7.86e-23	1.13e-17	3.68e-15	5.83e-13	3.24e-11	9.62e-10	3.46e-08	1.94e-05	7.82e-04	1.04e-02	4.99e-02	1.67e-01	2.19e-01	1.58e-01	1.23e-01	2.21e-01	4.75e-02	3.44e-03
 9.93055e+22	4.09e-29	1.17e-22	1.66e-17	5.14e-15	7.76e-13	4.10e-11	1.16e-09	3.96e-08	2.24e-05	8.98e-04	1.18e-02	5.47e-02	1.78e-01	2.26e-01	1.57e-01	1.18e-01	2.07e-01	4.29e-02	2.99e-03
 9.97887e+22	5.67e-29	1.61e-22	2.24e-17	6.67e-15	9.69e-13	4.92e-11	1.33e-09	4.41e-08	2.50e-05	9.99e-04	1.29e-02	5.87e-02	1.87e-01	2.31e-01	1.57e-01	1.14e-01	1.96e-01	3.95e-02	2.68e-03
 1.00276e+23	8.70e-29	2.42e-22	3.31e-17	9.37e-15	1.29e-12	6.24e-11	1.60e-09	5.05e-08	2.88e-05	1.14e-03	1.45e-02	6.41e-02	1.99e-01	2.38e-01	1.55e-01	1.09e-01	1.82e-01	3.54e-02	2.31e-03
 1.00766e+23	1.21e-28	3.31e-22	4.46e-17	1.22e-14	1.62e-12	7.50e-11	1.85e-09	5.62e-08	3.20e-05	1.27e-03	1.58e-02	6.84e-02	2.08e-01	2.42e-01	1.54e-01	1.05e-01	1.72e-01	3.24e-02	2.06e-03
 1.01191e+23	1.67e-28	4.50e-22	5.97e-17	1.57e-14	2.01e-12	8.98e-11	2.13e-09	6.23e-08	3.55e-05	1.40e-03	1.72e-02	7.28e-02	2.16e-01	2.46e-01	1.52e-01	1.01e-01	1.62e-01	2.97e-02	1.84e-03
 1.01672e+23	2.54e-28	6.74e-22	8.77e-17	2.19e-14	2.67e-12	1.13e-10	2.55e-09	7.12e-08	4.05e-05	1.58e-03	1.91e-02	7.88e-02	2.27e-01	2.50e-01	1.49e-01	9.62e-02	1.49e-01	2.64e-02	1.58e-03
 1.02150e+23	3.44e-28	8.98e-22	1.15e-16	2.78e-14	3.27e-12	1.34e-10	2.92e-09	7.87e-08	4.45e-05	1.73e-03	2.05e-02	8.33e-02	2.35e-01	2.53e-01	1.47e-01	9.25e-02	1.41e-01	2.42e-02	1.41e-03
 1.02622e+23	5.16e-28	1.32e-21	1.66e-16	3.82e-14	4.30e-12	1.68e-10	3.47e-09	8.97e-08	5.03e-05	1.94e-03	2.26e-02	8.94e-02	2.46e-01	2.56e-01	1.44e-01	8.77e-02	1.30e-01	2.15e-02	1.21e-03
 1.03103e+23	7.02e-28	1.78e-21	2.20e-16	4.88e-14	5.30e-12	2.00e-10	3.99e-09	9.94e-08	5.52e-05	2.12e-03	2.43e-02	9.41e-02	2.54e-01	2.58e-01	1.41e-01	8.40e-02	1.21e-01	1.96e-02	1.07e-03
 1.03597e+23	1.06e-27	2.62e-21	3.18e-16	6.72e-14	6.97e-12	2.52e-10	4.77e-09	1.14e-07	6.23e-05	2.37e-03	2.66e-02	1.01e-01	2.64e-01	2.60e-01	1.38e-01	7.91e-02	1.11e-01	1.74e-02	9.16e-04
 1.04103e+23	1.45e-27	3.55e-21	4.24e-16	8.64e-14	8.65e-12	3.01e-10	5.50e-09	1.27e-07	6.85e-05	2.59e-03	2.86e-02	1.06e-01	2.71e-01	2.61e-01	1.35e-01	7.55e-02	1.04e-01	1.57e-02	8.07e-04
 1.04624e+23	2.21e-27	5.28e-21	6.17e-16	1.20e-13	1.15e-11	3.81e-10	6.62e-09	1.46e-07	7.72e-05	2.89e-03	3.13e-02	1.13e-01	2.81e-01	2.62e-01	1.30e-01	7.07e-02	9.47e-02	1.38e-02	6.82e-04
 1.05157e+23	3.05e-27	7.18e-21	8.25e-16	1.54e-13	1.43e-11	4.58e-10	7.67e-09	1.63e-07	8.49e-05	3.15e-03	3.35e-02	1.18e-01	2.88e-01	2.62e-01	1.27e-01	6.72e-02	8.79e-02	1.25e-02	5.98e-04
 1.05705e+23	4.63e-27	1.07e-20	1.20e-15	2.14e-13	1.89e-11	5.81e-10	9.27e-09	1.89e-07	9.57e-05	3.51e-03	3.65e-02	1.25e-01	2.97e-01	2.61e-01	1.23e-01	6.27e-02	7.98e-02	1.09e-02	5.03e-04
 1.06264e+23	6.43e-27	1.46e-20	1.61e-15	2.77e-13	2.36e-11	7.00e-10	1.08e-08	2.12e-07	1.05e-04	3.82e-03	3.90e-02	1.31e-01	3.04e-01	2.60e-01	1.19e-01	5.93e-02	7.38e-02	9.76e-03	4.38e-04
 1.06836e+23	9.77e-27	2.17e-20	2.34e-15	3.84e-13	3.13e-11	8.89e-10	1.31e-08	2.46e-07	1.18e-04	4.25e-03	4.23e-02	1.39e-01	3.12e-01	2.58e-01	1.14e-01	5.51e-02	6.66e-02	8.48e-03	3.66e-04
 1.07412e+23	1.34e-26	2.93e-20	3.10e-15	4.92e-13	3.89e-11	1.07e-09	1.51e-08	2.76e-07	1.30e-04	4.60e-03	4.50e-02	1.45e-01	3.17e-01	2.56e-01	1.10e-01	5.21e-02	6.15e-02	7.60e-03	3.19e-04
 1.07993e+23	2.03e-26	4.32e-20	4.47e-15	6.77e-13	5.13e-11	1.35e-09	1.83e-08	3.20e-07	1.46e-04	5.09e-03	4.86e-02	1.52e-01	3.24e-01	2.54e-01	1.06e-01	4.83e-02	5.55e-02	6.59e-03	2.66e-04
 1.08586e+23	2.78e-26	5.81e-20	5.90e-15	8.65e-13	6.35e-11	1.62e-09	2.12e-08	3.59e-07	1.59e-04	5.50e-03	5.16e-02	1.58e-01	3.29e-01	2.51e-01	1.02e-01	4.55e-02	5.11e-02	5.90e-03	2.32e-04
 1.09102e+23	3.75e-26	7.71e-20	7.69e-15	1.09e-12	7.78e-11	1.93e-09	2.45e-08	4.01e-07	1.74e-04	5.92e-03	5.45e-02	1.64e-01	3.34e-01	2.48e-01	9.83e-02	4.30e-02	4.73e-02	5.30e-03	2.02e-04
 1.09683e+23	5.51e-26	1.11e-19	1.08e-14	1.47e-12	1.01e-10	2.41e-09	2.94e-08	4.63e-07	1.94e-04	6.49e-03	5.84e-02	1.71e-01	3.39e-01	2.45e-01	9.37e-02	3.98e-02	4.26e-02	4.61e-03	1.70e-04
 1.10263e+23	7.32e-26	1.45e-19	1.39e-14	1.84e-12	1.23e-10	2.84e-09	3.36e-08	5.15e-07	2.10e-04	6.95e-03	6.14e-02	1.76e-01	3.42e-01	2.41e-01	9.04e-02	3.76e-02	3.95e-02	4.16e-03	1.49e-04
 1.10843e+23	1.06e-25	2.06e-19	1.92e-14	2.45e-12	1.58e-10	3.53e-09	4.01e-08	5.92e-07	2.34e-04	7.59e-03	6.54e-02	1.83e-01	3.46e-01	2.37e-01	8.61e-02	3.49e-02	3.56e-02	3.62e-03	1.25e-04
 1.11436e+23	1.42e-25	2.70e-19	2.48e-14	3.06e-12	1.92e-10	4.18e-09	4.61e-08	6.62e-07	2.55e-04	8.14e-03	6.88e-02	1.89e-01	3.49e-01	2.33e-01	8.27e-02	3.28e-02	3.29e-02	3.25e-03	1.09e-04
 1.11959e+23	1.88e-25	3.52e-19	3.17e-14	3.81e-12	2.32e-10	4.92e-09	5.28e-08	7.37e-07	2.76e-04	8.69e-03	7.21e-02	1.94e-01	3.51e-01	2.29e-01	7.95e-02	3.09e-02	3.03e-02	2.92e-03	9.55e-05
 1.12553e+23	2.71e-25	4.95e-19	4.36e-14	5.05e-12	2.98e-10	6.09e-09	6.30e-08	8.47e-07	3.06e-04	9.46e-03	7.66e-02	2.01e-01	3.54e-01	2.24e-01	7.54e-02	2.85e-02	2.73e-02	2.53e-03	8.00e-05
 1.13145e+23	3.51e-25	6.33e-19	5.48e-14	6.18e-12	3.56e-10	7.11e-09	7.15e-08	9.39e-07	3.31e-04	1.01e-02	8.00e-02	2.06e-01	3.56e-01	2.20e-01	7.25e-02	2.69e-02	2.53e-02	2.29e-03	7.04e-05
 1.13734e+23	4.99e-25	8.79e-19	7.43e-14	8.09e-12	4.51e-10	8.73e-09	8.48e-08	1.07e-06	3.66e-04	1.09e-02	8.46e-02	2.13e-01	3.58e-01	2.15e-01	6.87e-02	2.49e-02	2.28e-02	1.99e-03	5.92e-05
 1.14336e+23	6.51e-25	1.13e-18	9.36e-14	9.93e-12	5.41e-10	1.02e-08	9.66e-08	1.19e-06	3.96e-04	1.16e-02	8.83e-02	2.18e-01	3.59e-01	2.11e-01	6.59e-02	2.34e-02	2.10e-02	1.79e-03	5.19e-05
 1.14952e+23	9.26e-25	1.57e-18	1.27e-13	1.30e-11	6.87e-10	1.26e-08	1.15e-07	1.37e-06	4.39e-04	1.26e-02	9.34e-02	2.25e-01	3.60e-01	2.05e-01	6.22e-02	2.16e-02	1.89e-02	1.55e-03	4.34e-05
 1.15580e+23	1.21e-24	2.02e-18	1.60e-13	1.60e-11	8.26e-10	1.47e-08	1.31e-07	1.53e-06	4.76e-04	1.34e-02	9.74e-02	2.30e-01	3.60e-01	2.00e-01	5.95e-02	2.02e-02	1.74e-02	1.39e-03	3.79e-05
 1.16223e+23	1.73e-24	2.81e-18	2.18e-13	2.11e-11	1.05e-09	1.82e-08	1.56e-07	1.76e-06	5.29e-04	1.45e-02	1.03e-01	2.36e-01	3.60e-01	1.94e-01	5.59e-02	1.86e-02	1.55e-02	1.20e-03	3.15e-05
 1.16878e+23	2.28e-24	3.62e-18	2.76e-13	2.60e-11	1.27e-09	2.14e-08	1.79e-07	1.96e-06	5.74e-04	1.55e-02	1.07e-01	2.42e-01	3.60e-01	1.90e-01	5.33e-02	1.74e-02	1.42e-02	1.07e-03	2.73e-05
 1.17549e+23	3.26e-24	5.06e-18	3.75e-13	3.41e-11	1.62e-09	2.65e-08	2.14e-07	2.26e-06	6.38e-04	1.68e-02	1.13e-01	2.48e-01	3.59e-01	1.83e-01	5.00e-02	1.59e-02	1.27e-02	9.16e-04	2.26e-05
 1.18205e+23	4.16e-24	6.35e-18	4.62e-13	4.12e-11	1.91e-09	3.06e-08	2.41e-07	2.50e-06	6.88e-04	1.77e-02	1.17e-01	2.52e-01	3.58e-01	1.79e-01	4.78e-02	1.49e-02	1.17e-02	8.26e-04	1.99e-05
 1.18841e+23	5.83e-24	8.69e-18	6.17e-13	5.33e-11	2.40e-09	3.74e-08	2.85e-07	2.86e-06	7.60e-04	1.91e-02	1.23e-01	2.58e-01	3.56e-01	1.73e-01	4.48e-02	1.37e-02	1.05e-02	7.13e-04	1.66e-05
 1.19487e+23	7.46e-24	1.09e-17	7.61e-13	6.43e-11	2.84e-09	4.33e-08	3.23e-07	3.16e-06	8.19e-04	2.02e-02	1.28e-01	2.63e-01	3.55e-01	1.68e-01	4.28e-02	1.28e-02	9.65e-03	6.41e-04	1.46e-05
 1.20147e+23	1.04e-23	1.48e-17	1.01e-12	8.26e-11	3.56e-09	5.26e-08	3.80e-07	3.61e-06	9.04e-04	2.17e-02	1.34e-01	2.68e-01	3.52e-01	1.62e-01	4.01e-02	1.18e-02	8.63e-03	5.54e-04	1.22e-05
 1.20826e+23	1.36e-23	1.90e-17	1.27e-12	1.01e-10	4.27e-09	6.17e-08	4.35e-07	4.03e-06	9.81e-04	2.31e-02	1.39e-01	2.73e-01	3.50e-01	1.57e-01	3.80e-02	1.09e-02	7.87e-03	4.91e-04	1.05e-05
 1.21533e+23	1.89e-23	2.59e-17	1.68e-12	1.31e-10	5.35e-09	7.53e-08	5.14e-07	4.62e-06	1.09e-03	2.48e-02	1.45e-01	2.78e-01	3.47e-01	1.51e-01	3.54e-02	9.99e-03	7.01e-03	4.22e-04	8.72e-06
 1.22262e+23	2.52e-23	3.37e-17	2.14e-12	1.62e-10	6.49e-09	8.91e-08	5.93e-07	5.18e-06	1.18e-03	2.64e-02	1.51e-01	2.82e-01	3.44e-01	1.46e-01	3.34e-02	9.23e-03	6.34e-03	3.71e-04	7.44e-06
 1.23022e+23	3.57e-23	4.64e-17	2.87e-12	2.11e-10	8.23e-09	1.10e-07	7.05e-07	5.98e-06	1.31e-03	2.85e-02	1.58e-01	2.88e-01	3.40e-01	1.39e-01	3.10e-02	8.37e-03	5.61e-03	3.16e-04	6.12e-06
 1.23803e+23	4.78e-23	6.08e-17	3.67e-12	2.64e-10	1.00e-08	1.30e-07	8.17e-07	6.73e-06	1.44e-03	3.04e-02	1.64e-01	2.92e-01	3.36e-01	1.34e-01	2.91e-02	7.70e-03	5.05e-03	2.76e-04	5.18e-06
 1.24610e+23	6.85e-23	8.47e-17	4.97e-12	3.46e-10	1.28e-08	1.62e-07	9.78e-07	7.80e-06	1.60e-03	3.28e-02	1.72e-01	2.97e-01	3.31e-01	1.28e-01	2.68e-02	6.94e-03	4.43e-03	2.33e-04	4.21e-06
 1.25444e+23	9.30e-23	1.12e-16	6.42e-12	4.37e-10	1.57e-08	1.94e-07	1.14e-06	8.84e-06	1.76e-03	3.50e-02	1.79e-01	3.00e-01	3.26e-01	1.22e-01	2.50e-02	6.34e-03	3.96e-03	2.02e-04	3.53e-06
 1.26313e+23	1.36e-22	1.59e-16	8.81e-12	5.81e-10	2.03e-08	2.42e-07	1.38e-06	1.03e-05	1.97e-03	3.80e-02	1.87e-01	3.05e-01	3.20e-01	1.16e-01	2.29e-02	5.67e-03	3.44e-03	1.69e-04	2.83e-06
 1.27207e+23	1.86e-22	2.13e-16	1.15e-11	7.38e-10	2.52e-08	2.92e-07	1.61e-06	1.17e-05	2.17e-03	4.06e-02	1.94e-01	3.08e-01	3.15e-01	1.10e-01	2.12e-02	5.15e-03	3.05e-03	1.44e-04	2.35e-06
 1.28009e+23	2.52e-22	2.81e-16	1.48e-11	9.26e-10	3.09e-08	3.49e-07	1.87e-06	1.33e-05	2.38e-03	4.32e-02	2.01e-01	3.11e-01	3.09e-01	1.05e-01	1.98e-02	4.69e-03	2.72e-03	1.25e-04	1.97e-06
 1.28928e+23	3.76e-22	4.06e-16	2.06e-11	1.25e-09	4.04e-08	4.42e-07	2.29e-06	1.56e-05	2.68e-03	4.69e-02	2.11e-01	3.15e-01	3.01e-01	9.86e-02	1.79e-02	4.14e-03	2.33e-03	1.02e-04	1.54e-06
 1.29856e+23	5.08e-22	5.35e-16	2.65e-11	1.57e-09	4.95e-08	5.28e-07	2.66e-06	1.77e-05	2.93e-03	4.99e-02	2.18e-01	3.17e-01	2.95e-01	9.38e-02	1.66e-02	3.76e-03	2.07e-03	8.81e-05	1.29e-06
 1.30793e+23	7.55e-22	7.68e-16	3.68e-11	2.11e-09	6.46e-08	6.67e-07	3.23e-06	2.07e-05	3.30e-03	5.41e-02	2.28e-01	3.20e-01	2.87e-01	8.77e-02	1.50e-02	3.31e-03	1.77e-03	7.20e-05	1.01e-06
 1.31751e+23	1.04e-21	1.03e-15	4.80e-11	2.68e-09	8.01e-08	8.05e-07	3.79e-06	2.36e-05	3.63e-03	5.76e-02	2.35e-01	3.22e-01	2.80e-01	8.29e-02	1.38e-02	2.98e-03	1.55e-03	6.11e-05	8.26e-07
 1.32734e+23	1.56e-21	1.49e-15	6.72e-11	3.63e-09	1.05e-07	1.02e-06	4.63e-06	2.78e-05	4.09e-03	6.25e-02	2.45e-01	3.24e-01	2.71e-01	7.70e-02	1.23e-02	2.60e-03	1.31e-03	4.94e-05	6.39e-07
 1.33733e+23	2.17e-21	2.02e-15	8.82e-11	4.64e-09	1.31e-07	1.24e-06	5.45e-06	3.18e-05	4.51e-03	6.66e-02	2.53e-01	3.25e-01	2.64e-01	7.24e-02	1.13e-02	2.33e-03	1.15e-03	4.15e-05	5.18e-07
 1.34753e+23	3.30e-21	2.97e-15	1.25e-10	6.35e-09	1.74e-07	1.59e-06	6.72e-06	3.78e-05	5.10e-03	7.22e-02	2.64e-01	3.25e-01	2.54e-01	6.67e-02	9.99e-03	2.01e-03	9.57e-04	3.31e-05	3.93e-07
 1.35777e+23	4.57e-21	3.99e-15	1.63e-10	8.08e-09	2.16e-07	1.92e-06	7.89e-06	4.31e-05	5.61e-03	7.68e-02	2.72e-01	3.26e-01	2.46e-01	6.25e-02	9.09e-03	1.79e-03	8.32e-04	2.77e-05	3.18e-07
 1.36626e+23	6.10e-21	5.19e-15	2.07e-10	1.00e-08	2.62e-07	2.28e-06	9.11e-06	4.85e-05	6.11e-03	8.12e-02	2.79e-01	3.25e-01	2.39e-01	5.89e-02	8.35e-03	1.62e-03	7.32e-04	2.36e-05	2.62e-07
 1.37546e+23	8.89e-21	7.32e-15	2.81e-10	1.32e-08	3.37e-07	2.85e-06	1.10e-05	5.66e-05	6.83e-03	8.71e-02	2.88e-01	3.25e-01	2.29e-01	5.44e-02	7.44e-03	1.41e-03	6.17e-04	1.90e-05	2.02e-07
 1.38466e+23	1.18e-20	9.48e-15	3.55e-10	1.63e-08	4.08e-07	3.37e-06	1.27e-05	6.36e-05	7.42e-03	9.18e-02	2.95e-01	3.24e-01	2.22e-01	5.11e-02	6.81e-03	1.27e-03	5.42e-04	1.62e-05	1.66e-07
 1.39385e+23	1.71e-20	1.33e-14	4.81e-10	2.15e-08	5.23e-07	4.21e-06	1.53e-05	7.42e-05	8.28e-03	9.83e-02	3.04e-01	3.22e-01	2.13e-01	4.69e-02	6.04e-03	1.10e-03	4.55e-04	1.30e-05	1.27e-07
 1.40316e+23	2.29e-20	1.73e-14	6.08e-10	2.66e-08	6.35e-07	5.00e-06	1.77e-05	8.36e-05	9.01e-03	1.04e-01	3.11e-01	3.20e-01	2.05e-01	4.39e-02	5.50e-03	9.81e-04	3.97e-04	1.09e-05	0.00e+00
 1.41262e+23	3.34e-20	2.43e-14	8.25e-10	3.51e-08	8.19e-07	6.27e-06	2.14e-05	9.81e-05	1.01e-02	1.11e-01	3.20e-01	3.18e-01	1.95e-01	4.00e-02	4.84e-03	8.42e-04	3.29e-04	8.63e-06	0.00e+00
 1.42219e+23	4.47e-20	3.18e-14	1.05e-09	4.35e-08	9.97e-07	7.47e-06	2.48e-05	1.11e-04	1.10e-02	1.17e-01	3.26e-01	3.15e-01	1.88e-01	3.72e-02	4.37e-03	7.48e-04	2.85e-04	7.19e-06	0.00e+00
 1.43192e+23	6.54e-20	4.48e-14	1.42e-09	5.74e-08	1.29e-06	9.40e-06	3.02e-05	1.31e-04	1.23e-02	1.25e-01	3.35e-01	3.11e-01	1.78e-01	3.37e-02	3.81e-03	6.37e-04	2.34e-04	5.62e-06	0.00e+00
 1.44184e+23	8.85e-20	5.88e-14	1.81e-09	7.17e-08	1.58e-06	1.13e-05	3.53e-05	1.49e-04	1.35e-02	1.32e-01	3.41e-01	3.08e-01	1.70e-01	3.10e-02	3.41e-03	5.59e-04	1.99e-04	4.60e-06	0.00e+00
 1.45200e+23	1.30e-19	8.33e-14	2.46e-09	9.51e-08	2.06e-06	1.43e-05	4.33e-05	1.77e-04	1.52e-02	1.42e-01	3.49e-01	3.03e-01	1.60e-01	2.78e-02	2.93e-03	4.69e-04	1.61e-04	3.53e-06	0.00e+00
 1.46236e+23	1.77e-19	1.10e-13	3.14e-09	1.19e-07	2.54e-06	1.74e-05	5.09e-05	2.03e-04	1.67e-02	1.50e-01	3.55e-01	2.98e-01	1.51e-01	2.54e-02	2.59e-03	4.07e-04	1.35e-04	2.84e-06	0.00e+00
 1.47299e+23	2.62e-19	1.56e-13	4.27e-09	1.59e-07	3.33e-06	2.22e-05	6.29e-05	2.43e-04	1.89e-02	1.61e-01	3.63e-01	2.91e-01	1.41e-01	2.24e-02	2.20e-03	3.36e-04	1.07e-04	2.13e-06	0.00e+00
 1.48372e+23	3.55e-19	2.05e-13	5.41e-09	1.98e-07	4.11e-06	2.69e-05	7.43e-05	2.80e-04	2.08e-02	1.70e-01	3.68e-01	2.86e-01	1.33e-01	2.03e-02	1.93e-03	2.89e-04	8.92e-05	1.69e-06	0.00e+00
 1.49272e+23	4.65e-19	2.60e-13	6.67e-09	2.41e-07	4.97e-06	3.21e-05	8.62e-05	3.18e-04	2.27e-02	1.78e-01	3.72e-01	2.80e-01	1.26e-01	1.85e-02	1.70e-03	2.51e-04	7.52e-05	1.37e-06	0.00e+00
 1.50248e+23	6.52e-19	3.51e-13	8.63e-09	3.09e-07	6.31e-06	4.00e-05	1.04e-04	3.75e-04	2.54e-02	1.89e-01	3.77e-01	2.73e-01	1.17e-01	1.64e-02	1.45e-03	2.09e-04	6.01e-05	1.04e-06	0.00e+00
 1.51234e+23	8.49e-19	4.43e-13	1.06e-08	3.75e-07	7.62e-06	4.76e-05	1.21e-04	4.28e-04	2.78e-02	1.98e-01	3.81e-01	2.66e-01	1.10e-01	1.48e-02	1.27e-03	1.80e-04	5.02e-05	8.32e-07	0.00e+00
 1.52197e+23	1.16e-18	5.81e-13	1.33e-08	4.70e-07	9.51e-06	5.86e-05	1.45e-04	5.01e-04	3.09e-02	2.10e-01	3.84e-01	2.58e-01	1.02e-01	1.31e-02	1.08e-03	1.50e-04	4.02e-05	6.34e-07	0.00e+00
 1.53179e+23	1.50e-18	7.31e-13	1.62e-08	5.70e-07	1.15e-05	7.01e-05	1.70e-04	5.75e-04	3.38e-02	2.20e-01	3.87e-01	2.51e-01	9.47e-02	1.18e-02	9.38e-04	1.28e-04	3.31e-05	4.98e-07	0.00e+00
 1.54143e+23	1.99e-18	9.34e-13	1.99e-08	7.02e-07	1.42e-05	8.53e-05	2.01e-04	6.70e-04	3.75e-02	2.32e-01	3.89e-01	2.42e-01	8.74e-02	1.04e-02	7.98e-04	1.07e-04	2.66e-05	3.80e-07	0.00e+00
 1.55127e+23	2.57e-18	1.17e-12	2.41e-08	8.50e-07	1.72e-05	1.02e-04	2.36e-04	7.73e-04	4.12e-02	2.43e-01	3.90e-01	2.34e-01	8.08e-02	9.19e-03	6.83e-04	8.96e-05	2.15e-05	2.94e-07	0.00e+00
 1.56099e+23	3.33e-18	1.46e-12	2.90e-08	1.03e-06	2.09e-05	1.23e-04	2.78e-04	8.96e-04	4.54e-02	2.55e-01	3.90e-01	2.25e-01	7.43e-02	8.09e-03	5.80e-04	7.46e-05	1.73e-05	2.25e-07	0.00e+00
 1.57077e+23	4.26e-18	1.80e-12	3.45e-08	1.24e-06	2.51e-05	1.48e-04	3.25e-04	1.03e-03	4.98e-02	2.67e-01	3.90e-01	2.16e-01	6.82e-02	7.12e-03	4.93e-04	6.23e-05	1.39e-05	1.72e-07	0.00e+00
 1.58044e+23	5.40e-18	2.21e-12	4.08e-08	1.48e-06	3.02e-05	1.76e-04	3.79e-04	1.19e-03	5.46e-02	2.79e-01	3.88e-01	2.07e-01	6.25e-02	6.26e-03	4.19e-04	5.19e-05	1.12e-05	1.32e-07	0.00e+00
 1.59009e+23	6.80e-18	2.69e-12	4.79e-08	1.75e-06	3.61e-05	2.09e-04	4.40e-04	1.37e-03	5.98e-02	2.91e-01	3.86e-01	1.98e-01	5.71e-02	5.49e-03	3.55e-04	4.31e-05	8.96e-06	0.00e+00	0.00e+00
 1.59976e+23	8.51e-18	3.25e-12	5.59e-08	2.08e-06	4.30e-05	2.48e-04	5.11e-04	1.58e-03	6.54e-02	3.03e-01	3.84e-01	1.89e-01	5.21e-02	4.80e-03	3.00e-04	3.58e-05	7.17e-06	0.00e+00	0.00e+00
 1.60946e+23	1.06e-17	3.90e-12	6.49e-08	2.45e-06	5.11e-05	2.93e-04	5.91e-04	1.81e-03	7.14e-02	3.14e-01	3.80e-01	1.80e-01	4.73e-02	4.19e-03	2.53e-04	2.96e-05	5.73e-06	0.00e+00	0.00e+00
 1.61922e+23	1.32e-17	4.68e-12	7.50e-08	2.88e-06	6.06e-05	3.45e-04	6.82e-04	2.07e-03	7.78e-02	3.26e-01	3.76e-01	1.71e-01	4.29e-02	3.64e-03	2.13e-04	2.44e-05	4.56e-06	0.00e+00	0.00e+00
 1.62906e+23	1.63e-17	5.59e-12	8.64e-08	3.38e-06	7.17e-05	4.07e-04	7.86e-04	2.37e-03	8.47e-02	3.38e-01	3.70e-01	1.62e-01	3.88e-02	3.16e-03	1.79e-04	2.01e-05	3.62e-06	0.00e+00	0.00e+00
 1.63902e+23	2.01e-17	6.66e-12	9.93e-08	3.96e-06	8.46e-05	4.78e-04	9.03e-04	2.72e-03	9.21e-02	3.49e-01	3.64e-01	1.53e-01	3.50e-02	2.74e-03	1.50e-04	1.65e-05	2.87e-06	0.00e+00	0.00e+00
 1.64904e+23	2.48e-17	7.91e-12	1.14e-07	4.62e-06	9.96e-05	5.59e-04	1.03e-03	3.10e-03	9.98e-02	3.60e-01	3.58e-01	1.44e-01	3.15e-02	2.37e-03	1.25e-04	1.35e-05	2.27e-06	0.00e+00	0.00e+00
 1.65921e+23	3.06e-17	9.43e-12	1.31e-07	5.42e-06	1.17e-04	6.56e-04	1.19e-03	3.54e-03	1.08e-01	3.70e-01	3.50e-01	1.35e-01	2.82e-02	2.04e-03	1.04e-04	1.10e-05	1.79e-06	0.00e+00	0.00e+00
 1.66950e+23	3.77e-17	1.12e-11	1.50e-07	6.32e-06	1.38e-04	7.65e-04	1.35e-03	4.03e-03	1.17e-01	3.80e-01	3.43e-01	1.27e-01	2.53e-02	1.76e-03	8.69e-05	9.01e-06	1.41e-06	0.00e+00	0.00e+00
 1.68000e+23	4.69e-17	1.34e-11	1.72e-07	7.42e-06	1.62e-04	8.95e-04	1.54e-03	4.60e-03	1.27e-01	3.90e-01	3.34e-01	1.18e-01	2.25e-02	1.50e-03	7.17e-05	7.27e-06	1.10e-06	0.00e+00	0.00e+00
 1.69068e+23	5.81e-17	1.60e-11	1.98e-07	8.68e-06	1.91e-04	1.04e-03	1.75e-03	5.22e-03	1.36e-01	3.99e-01	3.25e-01	1.10e-01	2.00e-02	1.28e-03	5.94e-05	5.90e-06	8.59e-07	0.00e+00	0.00e+00
 1.70048e+23	6.98e-17	1.86e-11	2.23e-07	9.92e-06	2.18e-04	1.18e-03	1.95e-03	5.80e-03	1.45e-01	4.06e-01	3.17e-01	1.04e-01	1.81e-02	1.12e-03	5.06e-05	4.94e-06	6.98e-07	0.00e+00	0.00e+00
 1.71071e+23	8.78e-17	2.25e-11	2.59e-07	1.17e-05	2.57e-04	1.39e-03	2.22e-03	6.61e-03	1.56e-01	4.14e-01	3.06e-01	9.57e-02	1.59e-02	9.49e-04	4.13e-05	3.93e-06	5.36e-07	0.00e+00	0.00e+00
 1.72109e+23	1.06e-16	2.64e-11	2.95e-07	1.34e-05	2.95e-04	1.57e-03	2.46e-03	7.33e-03	1.66e-01	4.20e-01	2.98e-01	8.97e-02	1.44e-02	8.29e-04	3.51e-05	3.28e-06	4.34e-07	0.00e+00	0.00e+00
 1.73179e+23	1.37e-16	3.25e-11	3.48e-07	1.60e-05	3.50e-04	1.84e-03	2.80e-03	8.35e-03	1.78e-01	4.27e-01	2.86e-01	8.24e-02	1.25e-02	6.94e-04	2.83e-05	2.59e-06	3.30e-07	0.00e+00	0.00e+00
 1.74252e+23	1.66e-16	3.82e-11	3.96e-07	1.84e-05	3.99e-04	2.08e-03	3.09e-03	9.21e-03	1.88e-01	4.31e-01	2.77e-01	7.70e-02	1.13e-02	6.05e-04	2.40e-05	2.15e-06	2.67e-07	0.00e+00	0.00e+00
 1.75326e+23	2.14e-16	4.72e-11	4.70e-07	2.20e-05	4.72e-04	2.43e-03	3.49e-03	1.04e-02	2.01e-01	4.36e-01	2.65e-01	7.04e-02	9.82e-03	5.06e-04	1.94e-05	1.70e-06	2.03e-07	0.00e+00	0.00e+00
 1.76406e+23	2.63e-16	5.61e-11	5.40e-07	2.53e-05	5.38e-04	2.73e-03	3.83e-03	1.15e-02	2.11e-01	4.39e-01	2.56e-01	6.57e-02	8.82e-03	4.41e-04	1.65e-05	1.42e-06	1.64e-07	0.00e+00	0.00e+00
 1.77492e+23	3.42e-16	7.00e-11	6.46e-07	3.04e-05	6.36e-04	3.17e-03	4.31e-03	1.29e-02	2.25e-01	4.42e-01	2.44e-01	5.99e-02	7.66e-03	3.69e-04	1.33e-05	1.12e-06	1.25e-07	0.00e+00	0.00e+00
 1.78591e+23	4.23e-16	8.39e-11	7.49e-07	3.51e-05	7.26e-04	3.56e-03	4.72e-03	1.41e-02	2.36e-01	4.43e-01	2.35e-01	5.57e-02	6.86e-03	3.21e-04	1.13e-05	9.27e-07	0.00e+00	0.00e+00	0.00e+00
 1.79705e+23	5.59e-16	1.06e-10	9.07e-07	4.24e-05	8.59e-04	4.14e-03	5.28e-03	1.59e-02	2.50e-01	4.44e-01	2.23e-01	5.05e-02	5.93e-03	2.67e-04	9.06e-06	7.27e-07	0.00e+00	0.00e+00	0.00e+00
 1.80834e+23	7.01e-16	1.29e-10	1.06e-06	4.94e-05	9.82e-04	4.65e-03	5.77e-03	1.73e-02	2.61e-01	4.44e-01	2.14e-01	4.68e-02	5.29e-03	2.31e-04	7.63e-06	6.01e-07	0.00e+00	0.00e+00	0.00e+00
 1.81985e+23	9.42e-16	1.65e-10	1.31e-06	6.01e-05	1.17e-03	5.39e-03	6.45e-03	1.94e-02	2.75e-01	4.43e-01	2.02e-01	4.22e-02	4.55e-03	1.91e-04	6.10e-06	4.69e-07	0.00e+00	0.00e+00	0.00e+00
 1.83157e+23	1.20e-15	2.04e-10	1.55e-06	7.05e-05	1.34e-03	6.07e-03	7.05e-03	2.11e-02	2.87e-01	4.41e-01	1.93e-01	3.89e-02	4.03e-03	1.65e-04	5.11e-06	3.85e-07	0.00e+00	0.00e+00	0.00e+00
 1.84358e+23	1.65e-15	2.67e-10	1.94e-06	8.68e-05	1.60e-03	7.05e-03	7.87e-03	2.36e-02	3.02e-01	4.38e-01	1.81e-01	3.49e-02	3.44e-03	1.35e-04	4.05e-06	2.98e-07	0.00e+00	0.00e+00	0.00e+00
 1.85587e+23	2.14e-15	3.34e-10	2.35e-06	1.03e-04	1.85e-03	7.96e-03	8.60e-03	2.57e-02	3.14e-01	4.35e-01	1.72e-01	3.19e-02	3.03e-03	1.16e-04	3.36e-06	2.43e-07	0.00e+00	0.00e+00	0.00e+00
 1.86854e+23	3.01e-15	4.47e-10	2.99e-06	1.28e-04	2.22e-03	9.28e-03	9.60e-03	2.87e-02	3.29e-01	4.29e-01	1.61e-01	2.84e-02	2.56e-03	9.40e-05	2.63e-06	1.85e-07	0.00e+00	0.00e+00	0.00e+00
 1.88142e+23	3.97e-15	5.68e-10	3.66e-06	1.53e-04	2.57e-03	1.05e-02	1.05e-02	3.11e-02	3.41e-01	4.24e-01	1.52e-01	2.59e-02	2.24e-03	8.01e-05	2.18e-06	1.50e-07	0.00e+00	0.00e+00	0.00e+00
 1.89231e+23	5.10e-15	7.05e-10	4.39e-06	1.80e-04	2.93e-03	1.17e-02	1.13e-02	3.36e-02	3.51e-01	4.19e-01	1.44e-01	2.37e-02	1.98e-03	6.90e-05	1.83e-06	1.24e-07	0.00e+00	0.00e+00	0.00e+00
 1.90420e+23	7.06e-15	9.35e-10	5.57e-06	2.22e-04	3.48e-03	1.34e-02	1.25e-02	3.68e-02	3.65e-01	4.11e-01	1.35e-01	2.12e-02	1.69e-03	5.69e-05	1.46e-06	0.00e+00	0.00e+00	0.00e+00	0.00e+00
 1.91569e+23	8.94e-15	1.15e-09	6.61e-06	2.57e-04	3.93e-03	1.48e-02	1.33e-02	3.93e-02	3.74e-01	4.06e-01	1.28e-01	1.95e-02	1.51e-03	4.97e-05	1.24e-06	0.00e+00	0.00e+00	0.00e+00	0.00e+00
 1.92667e+23	1.21e-14	1.49e-09	8.26e-06	3.12e-04	4.58e-03	1.67e-02	1.45e-02	4.27e-02	3.85e-01	3.98e-01	1.20e-01	1.75e-02	1.30e-03	4.15e-05	1.00e-06	0.00e+00	0.00e+00	0.00e+00	0.00e+00
 1.93776e+23	1.54e-14	1.84e-09	9.86e-06	3.63e-04	5.18e-03	1.84e-02	1.55e-02	4.53e-02	3.94e-01	3.91e-01	1.13e-01	1.61e-02	1.16e-03	3.62e-05	8.54e-07	0.00e+00	0.00e+00	0.00e+00	0.00e+00
 1.94901e+23	2.11e-14	2.42e-09	1.24e-05	4.41e-04	6.06e-03	2.08e-02	1.69e-02	4.90e-02	4.04e-01	3.82e-01	1.06e-01	1.44e-02	9.93e-04	3.01e-05	6.89e-07	0.00e+00	0.00e+00	0.00e+00	0.00e+00
 1.96044e+23	2.72e-14	3.01e-09	1.49e-05	5.16e-04	6.86e-03	2.30e-02	1.81e-02	5.19e-02	4.12e-01	3.74e-01	9.97e-02	1.32e-02	8.80e-04	2.61e-05	5.82e-07	0.00e+00	0.00e+00	0.00e+00	0.00e+00
 1.97209e+23	3.76e-14	3.99e-09	1.90e-05	6.32e-04	8.05e-03	2.60e-02	1.96e-02	5.61e-02	4.22e-01	3.63e-01	9.23e-02	1.17e-02	7.49e-04	2.16e-05	4.66e-07	0.00e+00	0.00e+00	0.00e+00	0.00e+00
 1.98392e+23	4.88e-14	4.99e-09	2.30e-05	7.41e-04	9.13e-03	2.87e-02	2.09e-02	5.93e-02	4.28e-01	3.55e-01	8.69e-02	1.07e-02	6.62e-04	1.86e-05	3.92e-07	0.00e+00	0.00e+00	0.00e+00	0.00e+00
 1.99596e+23	6.84e-14	6.70e-09	2.94e-05	9.12e-04	1.07e-02	3.25e-02	2.27e-02	6.38e-02	4.37e-01	3.43e-01	7.98e-02	9.44e-03	5.58e-04	1.53e-05	3.10e-07	0.00e+00	0.00e+00	0.00e+00	0.00e+00
 2.00821e+23	8.93e-14	8.44e-09	3.58e-05	1.07e-03	1.22e-02	3.58e-02	2.42e-02	6.73e-02	4.42e-01	3.33e-01	7.48e-02	8.56e-03	4.90e-04	1.31e-05	2.60e-07	0.00e+00	0.00e+00	0.00e+00	0.00e+00
 2.02070e+23	1.27e-13	1.14e-08	4.63e-05	1.33e-03	1.44e-02	4.05e-02	2.63e-02	7.23e-02	4.49e-01	3.20e-01	6.83e-02	7.49e-03	4.10e-04	1.07e-05	2.04e-07	0.00e+00	0.00e+00	0.00e+00	0.00e+00
 2.03351e+23	1.68e-13	1.46e-08	5.69e-05	1.58e-03	1.64e-02	4.47e-02	2.80e-02	7.62e-02	4.53e-01	3.10e-01	6.35e-02	6.73e-03	3.56e-04	9.04e-06	1.68e-07	0.00e+00	0.00e+00	0.00e+00	0.00e+00
 2.04673e+23	2.42e-13	2.00e-08	7.44e-05	1.96e-03	1.94e-02	5.07e-02	3.03e-02	8.14e-02	4.57e-01	2.95e-01	5.75e-02	5.83e-03	2.95e-04	7.26e-06	1.30e-07	0.00e+00	0.00e+00	0.00e+00	0.00e+00
 2.06029e+23	3.25e-13	2.59e-08	9.24e-05	2.34e-03	2.23e-02	5.60e-02	3.23e-02	8.56e-02	4.59e-01	2.84e-01	5.29e-02	5.19e-03	2.53e-04	6.09e-06	0.00e+00	0.00e+00	0.00e+00	0.00e+00	0.00e+00
 2.07428e+23	4.75e-13	3.60e-08	1.22e-04	2.94e-03	2.64e-02	6.35e-02	3.49e-02	9.11e-02	4.61e-01	2.68e-01	4.74e-02	4.44e-03	2.07e-04	4.82e-06	0.00e+00	0.00e+00	0.00e+00	0.00e+00	0.00e+00
 2.08841e+23	6.38e-13	4.65e-08	1.52e-04	3.50e-03	3.02e-02	6.99e-02	3.70e-02	9.52e-02	4.60e-01	2.56e-01	4.34e-02	3.93e-03	1.77e-04	4.02e-06	0.00e+00	0.00e+00	0.00e+00	0.00e+00	0.00e+00
 2.10271e+23	9.38e-13	6.49e-08	2.01e-04	4.39e-03	3.58e-02	7.89e-02	3.98e-02	1.01e-01	4.58e-01	2.40e-01	3.85e-02	3.32e-03	1.43e-04	3.15e-06	0.00e+00	0.00e+00	0.00e+00	0.00e+00	0.00e+00
 2.11717e+23	1.26e-12	8.38e-08	2.49e-04	5.21e-03	4.07e-02	8.64e-02	4.20e-02	1.05e-01	4.55e-01	2.28e-01	3.50e-02	2.92e-03	1.21e-04	2.61e-06	0.00e+00	0.00e+00	0.00e+00	0.00e+00	0.00e+00
 2.13184e+23	1.86e-12	1.17e-07	3.29e-04	6.51e-03	4.80e-02	9.69e-02	4.48e-02	1.10e-01	4.49e-01	2.11e-01	3.08e-02	2.45e-03	9.67e-05	2.03e-06	0.00e+00	0.00e+00	0.00e+00	0.00e+00	0.00e+00
 2.14617e+23	2.45e-12	1.48e-07	4.01e-04	7.63e-03	5.39e-02	1.05e-01	4.69e-02	1.13e-01	4.43e-01	2.00e-01	2.80e-02	2.15e-03	8.22e-05	1.69e-06	0.00e+00	0.00e+00	0.00e+00	0.00e+00	0.00e+00
 2.16005e+23	3.48e-12	2.01e-07	5.16e-04	9.31e-03	6.24e-02	1.16e-01	4.95e-02	1.17e-01	4.34e-01	1.85e-01	2.46e-02	1.81e-03	6.64e-05	1.33e-06	0.00e+00	0.00e+00	0.00e+00	0.00e+00	0.00e+00
 2.17460e+23	4.70e-12	2.60e-07	6.40e-04	1.10e-02	7.05e-02	1.26e-01	5.16e-02	1.20e-01	4.24e-01	1.73e-01	2.19e-02	1.56e-03	5.50e-05	1.07e-06	0.00e+00	0.00e+00	0.00e+00	0.00e+00	0.00e+00
 2.18688e+23	6.03e-12	3.21e-07	7.64e-04	1.27e-02	7.79e-02	1.34e-01	5.33e-02	1.23e-01	4.15e-01	1.62e-01	1.99e-02	1.37e-03	4.69e-05	8.99e-07	0.00e+00	0.00e+00	0.00e+00	0.00e+00	0.00e+00
 2.19972e+23	8.19e-12	4.18e-07	9.49e-04	1.50e-02	8.78e-02	1.45e-01	5.53e-02	1.25e-01	4.03e-01	1.50e-01	1.75e-02	1.16e-03	3.84e-05	7.18e-07	0.00e+00	0.00e+00	0.00e+00	0.00e+00	0.00e+00
 2.21298e+23	1.07e-11	5.22e-07	1.14e-03	1.73e-02	9.71e-02	1.54e-01	5.70e-02	1.27e-01	3.91e-01	1.39e-01	1.57e-02	1.01e-03	3.21e-05	5.89e-07	0.00e+00	0.00e+00	0.00e+00	0.00e+00	0.00e+00
 2.22488e+23	1.37e-11	6.46e-07	1.36e-03	1.97e-02	1.07e-01	1.63e-01	5.84e-02	1.28e-01	3.79e-01	1.29e-01	1.40e-02	8.73e-04	2.70e-05	4.86e-07	0.00e+00	0.00e+00	0.00e+00	0.00e+00	0.00e+00
 2.23845e+23	1.86e-11	8.39e-07	1.68e-03	2.32e-02	1.19e-01	1.74e-01	6.00e-02	1.29e-01	3.62e-01	1.17e-01	1.22e-02	7.28e-04	2.17e-05	3.80e-07	0.00e+00	0.00e+00	0.00e+00	0.00e+00	0.00e+00
 2.25255e+23	2.45e-11	1.06e-06	2.04e-03	2.68e-02	1.31e-01	1.84e-01	6.11e-02	1.29e-01	3.47e-01	1.07e-01	1.06e-02	6.14e-04	1.77e-05	3.03e-07	0.00e+00	0.00e+00	0.00e+00	0.00e+00	0.00e+00
 2.26511e+23	3.13e-11	1.30e-06	2.41e-03	3.04e-02	1.43e-01	1.93e-01	6.20e-02	1.29e-01	3.32e-01	9.82e-02	9.38e-03	5.25e-04	1.46e-05	2.47e-07	0.00e+00	0.00e+00	0.00e+00	0.00e+00	0.00e+00
 2.27924e+23	4.25e-11	1.68e-06	2.96e-03	3.55e-02	1.58e-01	2.04e-01	6.29e-02	1.28e-01	3.12e-01	8.76e-02	7.98e-03	4.29e-04	1.15e-05	1.89e-07	0.00e+00	0.00e+00	0.00e+00	0.00e+00	0.00e+00
 2.29405e+23	5.60e-11	2.12e-06	3.57e-03	4.07e-02	1.73e-01	2.13e-01	6.33e-02	1.27e-01	2.94e-01	7.85e-02	6.84e-03	3.55e-04	9.18e-06	1.48e-07	0.00e+00	0.00e+00	0.00e+00	0.00e+00	0.00e+00
 2.30744e+23	7.17e-11	2.61e-06	4.21e-03	4.59e-02	1.86e-01	2.21e-01	6.35e-02	1.25e-01	2.77e-01	7.07e-02	5.92e-03	2.97e-04	7.44e-06	0.00e+00	0.00e+00	0.00e+00	0.00e+00	0.00e+00	0.00e+00
 2.32255e+23	9.75e-11	3.37e-06	5.16e-03	5.31e-02	2.04e-01	2.30e-01	6.34e-02	1.22e-01	2.56e-01	6.16e-02	4.90e-03	2.36e-04	5.68e-06	0.00e+00	0.00e+00	0.00e+00	0.00e+00	0.00e+00	0.00e+00
 2.33816e+23	1.27e-10	4.20e-06	6.15e-03	6.01e-02	2.20e-01	2.37e-01	6.29e-02	1.18e-01	2.37e-01	5.42e-02	4.12e-03	1.92e-04	4.45e-06	0.00e+00	0.00e+00	0.00e+00	0.00e+00	0.00e+00	0.00e+00
 2.35206e+23	1.63e-10	5.14e-06	7.21e-03	6.71e-02	2.34e-01	2.43e-01	6.23e-02	1.15e-01	2.19e-01	4.79e-02	3.50e-03	1.57e-04	3.53e-06	0.00e+00	0.00e+00	0.00e+00	0.00e+00	0.00e+00	0.00e+00
 2.36780e+23	2.20e-10	6.58e-06	8.74e-03	7.67e-02	2.52e-01	2.49e-01	6.11e-02	1.10e-01	1.98e-01	4.08e-02	2.83e-03	1.22e-04	2.63e-06	0.00e+00	0.00e+00	0.00e+00	0.00e+00	0.00e+00	0.00e+00
 2.38414e+23	2.86e-10	8.17e-06	1.03e-02	8.59e-02	2.68e-01	2.52e-01	5.97e-02	1.05e-01	1.80e-01	3.52e-02	2.33e-03	9.66e-05	2.00e-06	0.00e+00	0.00e+00	0.00e+00	0.00e+00	0.00e+00	0.00e+00
 2.39882e+23	3.65e-10	9.94e-06	1.20e-02	9.50e-02	2.83e-01	2.55e-01	5.82e-02	1.01e-01	1.64e-01	3.05e-02	1.93e-03	7.74e-05	1.55e-06	0.00e+00	0.00e+00	0.00e+00	0.00e+00	0.00e+00	0.00e+00
 2.41546e+23	4.93e-10	1.27e-05	1.45e-02	1.07e-01	3.00e-01	2.56e-01	5.61e-02	9.45e-02	1.45e-01	2.52e-02	1.51e-03	5.80e-05	1.11e-06	0.00e+00	0.00e+00	0.00e+00	0.00e+00	0.00e+00	0.00e+00
 2.43267e+23	6.36e-10	1.56e-05	1.69e-02	1.19e-01	3.14e-01	2.56e-01	5.40e-02	8.89e-02	1.29e-01	2.13e-02	1.22e-03	4.51e-05	8.33e-07	0.00e+00	0.00e+00	0.00e+00	0.00e+00	0.00e+00	0.00e+00
