#depth	Fe	Fe+	Fe+2	Fe+3	Fe+4	Fe+5	Fe+6	Fe+7	Fe+8	Fe+9	Fe+10	Fe+11	Fe+12	Fe+13	Fe+14	Fe+15	Fe+16	Fe+17	Fe+18	Fe+19	Fe+20	Fe+21	Fe+22	Fe+23	Fe+24	Fe+25	Fe+26
 1.54284e+22	0.00e+00	0.00e+00	0.00e+00	0.00e+00	0.00e+00	0.00e+00	1.53e-25	4.44e-23	7.88e-21	4.61e-19	1.93e-17	8.17e-16	3.89e-14	1.46e-12	6.15e-11	3.12e-09	1.07e-06	3.26e-05	5.12e-04	3.90e-03	1.77e-02	4.50e-02	8.68e-02	1.58e-01	4.48e-01	2.07e-01	3.44e-02
 3.60909e+22	0.00e+00	0.00e+00	0.00e+00	0.00e+00	0.00e+00	3.68e-26	3.07e-23	6.53e-21	9.07e-19	4.58e-17	1.75e-15	5.28e-14	1.78e-12	4.76e-11	1.41e-09	5.06e-08	1.24e-05	2.71e-04	3.05e-03	1.66e-02	5.37e-02	9.76e-02	1.35e-01	1.77e-01	3.77e-01	1.24e-01	1.48e-02
 4.50398e+22	0.00e+00	0.00e+00	0.00e+00	0.00e+00	1.73e-27	2.59e-24	1.72e-21	2.98e-19	3.26e-17	1.29e-15	3.84e-14	8.98e-13	2.36e-11	4.89e-10	1.13e-08	3.16e-07	6.26e-05	1.09e-03	9.68e-03	4.12e-02	1.04e-01	1.48e-01	1.61e-01	1.66e-01	2.88e-01	7.41e-02	6.87e-03
 5.17264e+22	0.00e+00	0.00e+00	0.00e+00	1.73e-29	6.81e-26	8.46e-23	4.66e-20	6.64e-18	5.91e-16	1.88e-14	4.53e-13	8.54e-12	1.80e-10	3.01e-09	5.57e-08	1.25e-06	2.12e-04	3.09e-03	2.26e-02	7.83e-02	1.61e-01	1.85e-01	1.63e-01	1.38e-01	2.03e-01	4.25e-02	3.20e-03
 5.54412e+22	0.00e+00	0.00e+00	1.96e-33	4.80e-29	1.80e-25	2.13e-22	1.11e-19	1.50e-17	1.26e-15	3.80e-14	8.62e-13	1.53e-11	3.05e-10	4.78e-09	8.34e-08	1.77e-06	2.87e-04	3.99e-03	2.77e-02	9.10e-02	1.76e-01	1.92e-01	1.60e-01	1.28e-01	1.81e-01	3.58e-02	2.55e-03
 5.66119e+22	0.00e+00	0.00e+00	3.49e-33	8.34e-29	3.04e-25	3.50e-22	1.78e-19	2.33e-17	1.90e-15	5.54e-14	1.22e-12	2.09e-11	4.03e-10	6.13e-09	1.04e-07	2.13e-06	3.37e-04	4.57e-03	3.09e-02	9.84e-02	1.85e-01	1.95e-01	1.58e-01	1.23e-01	1.70e-01	3.25e-02	2.25e-03
 5.75956e+22	0.00e+00	0.00e+00	7.95e-33	1.82e-28	6.41e-25	7.10e-22	3.45e-19	4.34e-17	3.39e-15	9.43e-14	1.98e-12	3.25e-11	5.97e-10	8.67e-09	1.40e-07	2.74e-06	4.21e-04	5.52e-03	3.59e-02	1.09e-01	1.97e-01	1.99e-01	1.54e-01	1.15e-01	1.54e-01	2.82e-02	1.87e-03
 5.85641e+22	0.00e+00	0.00e+00	1.32e-32	2.97e-28	1.02e-24	1.10e-21	5.21e-19	6.39e-17	4.86e-15	1.32e-13	2.68e-12	4.28e-11	7.64e-10	1.08e-08	1.69e-07	3.22e-06	4.84e-04	6.19e-03	3.93e-02	1.17e-01	2.04e-01	2.01e-01	1.51e-01	1.10e-01	1.44e-01	2.57e-02	1.66e-03
 5.95130e+22	0.00e+00	0.00e+00	2.72e-32	5.88e-28	1.95e-24	2.04e-21	9.31e-19	1.10e-16	8.04e-15	2.09e-13	4.10e-12	6.27e-11	1.07e-09	1.45e-08	2.18e-07	4.00e-06	5.86e-04	7.25e-03	4.45e-02	1.27e-01	2.14e-01	2.02e-01	1.47e-01	1.03e-01	1.31e-01	2.25e-02	1.39e-03
 6.05065e+22	0.00e+00	0.00e+00	5.26e-32	1.10e-27	3.54e-24	3.60e-21	1.59e-18	1.81e-16	1.28e-14	3.20e-13	6.04e-12	8.90e-11	1.47e-09	1.91e-08	2.76e-07	4.86e-06	6.95e-04	8.36e-03	4.97e-02	1.37e-01	2.23e-01	2.03e-01	1.42e-01	9.60e-02	1.19e-01	1.98e-02	1.18e-03
 6.13939e+22	0.00e+00	0.00e+00	9.48e-32	1.93e-27	6.03e-24	5.96e-21	2.55e-18	2.83e-16	1.93e-14	4.67e-13	8.51e-12	1.21e-10	1.93e-09	2.43e-08	3.39e-07	5.79e-06	8.07e-04	9.47e-03	5.47e-02	1.46e-01	2.30e-01	2.03e-01	1.38e-01	9.02e-02	1.09e-01	1.76e-02	1.02e-03
 6.23836e+22	0.00e+00	0.00e+00	1.98e-31	3.88e-27	1.17e-23	1.12e-20	4.61e-18	4.91e-16	3.22e-14	7.48e-13	1.31e-11	1.78e-10	2.72e-09	3.28e-08	4.38e-07	7.15e-06	9.71e-04	1.10e-02	6.14e-02	1.58e-01	2.38e-01	2.02e-01	1.32e-01	8.30e-02	9.79e-02	1.51e-02	8.42e-04
 6.33840e+22	0.00e+00	0.00e+00	3.80e-31	7.22e-27	2.11e-23	1.95e-20	7.78e-18	8.01e-16	5.06e-14	1.13e-12	1.90e-11	2.50e-10	3.67e-09	4.26e-08	5.47e-07	8.61e-06	1.14e-03	1.26e-02	6.78e-02	1.68e-01	2.45e-01	2.01e-01	1.26e-01	7.68e-02	8.83e-02	1.31e-02	7.07e-04
 6.42293e+22	0.00e+00	0.00e+00	6.77e-31	1.25e-26	3.56e-23	3.20e-20	1.24e-17	1.23e-15	7.54e-14	1.63e-12	2.65e-11	3.37e-10	4.78e-09	5.36e-08	6.65e-07	1.01e-05	1.31e-03	1.41e-02	7.38e-02	1.77e-01	2.50e-01	1.98e-01	1.21e-01	7.14e-02	8.03e-02	1.16e-02	6.04e-04
 6.51588e+22	0.00e+00	0.00e+00	1.36e-30	2.42e-26	6.65e-23	5.79e-20	2.15e-17	2.07e-15	1.22e-13	2.53e-12	3.95e-11	4.82e-10	6.55e-09	7.04e-08	8.38e-07	1.22e-05	1.54e-03	1.61e-02	8.15e-02	1.88e-01	2.56e-01	1.95e-01	1.15e-01	6.52e-02	7.14e-02	9.90e-03	4.97e-04
 6.61453e+22	0.00e+00	0.00e+00	2.57e-30	4.44e-26	1.18e-22	9.98e-20	3.59e-17	3.34e-15	1.89e-13	3.79e-12	5.69e-11	6.68e-10	8.75e-09	9.05e-08	1.04e-06	1.46e-05	1.79e-03	1.81e-02	8.90e-02	1.99e-01	2.60e-01	1.91e-01	1.09e-01	5.97e-02	6.38e-02	8.54e-03	4.14e-04
 6.70358e+22	0.00e+00	0.00e+00	4.79e-30	8.01e-26	2.07e-22	1.69e-19	5.90e-17	5.30e-15	2.90e-13	5.60e-12	8.10e-11	9.16e-10	1.15e-08	1.15e-07	1.27e-06	1.72e-05	2.06e-03	2.03e-02	9.66e-02	2.09e-01	2.63e-01	1.87e-01	1.03e-01	5.46e-02	5.69e-02	7.36e-03	3.45e-04
 6.78825e+22	0.00e+00	0.00e+00	8.50e-30	1.38e-25	3.47e-22	2.76e-19	9.31e-17	8.11e-15	4.29e-13	8.02e-12	1.12e-10	1.23e-09	1.49e-08	1.43e-07	1.53e-06	2.00e-05	2.34e-03	2.25e-02	1.04e-01	2.17e-01	2.66e-01	1.83e-01	9.73e-02	5.01e-02	5.12e-02	6.41e-03	2.91e-04
 6.88423e+22	0.00e+00	0.00e+00	1.76e-29	2.75e-25	6.67e-22	5.11e-19	1.66e-16	1.39e-14	7.05e-13	1.26e-11	1.69e-10	1.77e-09	2.06e-08	1.89e-07	1.93e-06	2.41e-05	2.74e-03	2.55e-02	1.14e-01	2.28e-01	2.68e-01	1.77e-01	9.03e-02	4.48e-02	4.45e-02	5.34e-03	2.33e-04
 6.98336e+22	0.00e+00	0.00e+00	3.36e-29	5.08e-25	1.19e-21	8.86e-19	2.78e-16	2.24e-14	1.10e-12	1.89e-11	2.43e-10	2.44e-09	2.73e-08	2.42e-07	2.36e-06	2.84e-05	3.15e-03	2.84e-02	1.23e-01	2.38e-01	2.68e-01	1.71e-01	8.43e-02	4.04e-02	3.91e-02	4.53e-03	1.90e-04
 7.06901e+22	0.00e+00	6.24e-34	6.10e-29	8.95e-25	2.04e-21	1.47e-18	4.46e-16	3.49e-14	1.64e-12	2.73e-11	3.39e-10	3.28e-09	3.54e-08	3.02e-07	2.84e-06	3.30e-05	3.56e-03	3.13e-02	1.32e-01	2.46e-01	2.68e-01	1.65e-01	7.88e-02	3.65e-02	3.46e-02	3.88e-03	1.57e-04
 7.16278e+22	0.00e+00	1.30e-33	1.22e-28	1.73e-24	3.81e-21	2.65e-18	7.75e-16	5.83e-14	2.64e-12	4.20e-11	5.00e-10	4.64e-09	4.79e-08	3.91e-07	3.53e-06	3.93e-05	4.12e-03	3.50e-02	1.42e-01	2.55e-01	2.67e-01	1.58e-01	7.25e-02	3.24e-02	2.99e-02	3.22e-03	1.26e-04
 7.26113e+22	0.00e+00	2.59e-33	2.35e-28	3.21e-24	6.85e-21	4.61e-18	1.30e-15	9.43e-14	4.11e-12	6.29e-11	7.18e-10	6.41e-09	6.35e-08	4.98e-07	4.30e-06	4.60e-05	4.70e-03	3.88e-02	1.52e-01	2.63e-01	2.65e-01	1.51e-01	6.69e-02	2.89e-02	2.60e-02	2.69e-03	1.01e-04
 7.34931e+22	0.00e+00	4.81e-33	4.22e-28	5.59e-24	1.16e-20	7.56e-18	2.06e-15	1.45e-13	6.10e-12	9.01e-11	9.93e-10	8.55e-09	8.17e-08	6.17e-07	5.14e-06	5.31e-05	5.28e-03	4.24e-02	1.61e-01	2.70e-01	2.63e-01	1.45e-01	6.20e-02	2.59e-02	2.28e-02	2.29e-03	8.32e-05
 7.44781e+22	0.00e+00	1.09e-32	9.17e-28	1.17e-23	2.32e-20	1.46e-17	3.81e-15	2.56e-13	1.03e-11	1.45e-10	1.52e-09	1.25e-08	1.14e-07	8.17e-07	6.48e-06	6.37e-05	6.13e-03	4.75e-02	1.74e-01	2.78e-01	2.59e-01	1.36e-01	5.58e-02	2.24e-02	1.92e-02	1.84e-03	6.39e-05
 7.54495e+22	0.00e+00	2.02e-32	1.64e-27	2.02e-23	3.90e-20	2.38e-17	6.02e-15	3.92e-13	1.52e-11	2.07e-10	2.09e-09	1.66e-08	1.45e-07	1.01e-06	7.70e-06	7.30e-05	6.85e-03	5.16e-02	1.83e-01	2.84e-01	2.55e-01	1.30e-01	5.15e-02	2.00e-02	1.68e-02	1.55e-03	5.23e-05
 7.62729e+22	0.00e+00	3.77e-32	2.96e-27	3.53e-23	6.61e-20	3.91e-17	9.58e-15	6.03e-13	2.26e-11	2.96e-10	2.89e-09	2.20e-08	1.86e-07	1.24e-06	9.14e-06	8.35e-05	7.64e-03	5.60e-02	1.93e-01	2.89e-01	2.50e-01	1.23e-01	4.72e-02	1.78e-02	1.46e-02	1.31e-03	4.25e-05
 7.70805e+22	0.00e+00	6.84e-32	5.18e-27	6.01e-23	1.09e-19	6.27e-17	1.49e-14	9.08e-13	3.28e-11	4.16e-10	3.92e-09	2.89e-08	2.35e-07	1.52e-06	1.08e-05	9.49e-05	8.46e-03	6.04e-02	2.02e-01	2.93e-01	2.45e-01	1.17e-01	4.35e-02	1.59e-02	1.27e-02	1.10e-03	3.48e-05
 7.79984e+22	0.00e+00	1.45e-31	1.05e-26	1.17e-22	2.05e-19	1.14e-16	2.60e-14	1.52e-12	5.26e-11	6.38e-10	5.76e-09	4.05e-08	3.16e-07	1.95e-06	1.32e-05	1.11e-04	9.60e-03	6.63e-02	2.14e-01	2.98e-01	2.39e-01	1.09e-01	3.90e-02	1.37e-02	1.07e-02	8.91e-04	2.69e-05
 7.88718e+22	0.00e+00	2.51e-31	1.77e-26	1.92e-22	3.26e-19	1.76e-16	3.90e-14	2.22e-12	7.45e-11	8.74e-10	7.63e-09	5.20e-08	3.92e-07	2.34e-06	1.53e-05	1.25e-04	1.05e-02	7.09e-02	2.23e-01	3.00e-01	2.33e-01	1.03e-01	3.59e-02	1.23e-02	9.43e-03	7.60e-04	2.23e-05
 7.95703e+22	0.00e+00	4.31e-31	2.94e-26	3.11e-22	5.14e-19	2.70e-16	5.82e-14	3.21e-12	1.04e-10	1.19e-09	1.00e-08	6.62e-08	4.83e-07	2.78e-06	1.76e-05	1.39e-04	1.15e-02	7.55e-02	2.31e-01	3.03e-01	2.28e-01	9.79e-02	3.31e-02	1.10e-02	8.29e-03	6.48e-04	1.84e-05
 8.02064e+22	0.00e+00	6.91e-31	4.60e-26	4.74e-22	7.65e-19	3.92e-16	8.25e-14	4.44e-12	1.40e-10	1.55e-09	1.28e-08	8.18e-08	5.80e-07	3.25e-06	2.00e-05	1.54e-04	1.24e-02	7.97e-02	2.39e-01	3.04e-01	2.23e-01	9.33e-02	3.07e-02	9.97e-03	7.40e-03	5.64e-04	1.56e-05
 8.07879e+22	0.00e+00	1.07e-30	6.96e-26	7.00e-22	1.11e-18	5.54e-16	1.14e-13	5.99e-12	1.85e-10	1.99e-09	1.59e-08	9.95e-08	6.87e-07	3.74e-06	2.24e-05	1.68e-04	1.33e-02	8.38e-02	2.46e-01	3.05e-01	2.18e-01	8.91e-02	2.86e-02	9.09e-03	6.65e-03	4.94e-04	1.34e-05
 8.14533e+22	0.00e+00	1.87e-30	1.18e-25	1.15e-21	1.76e-18	8.60e-16	1.72e-13	8.75e-12	2.61e-10	2.72e-09	2.11e-08	1.27e-07	8.50e-07	4.48e-06	2.59e-05	1.88e-04	1.45e-02	8.91e-02	2.54e-01	3.06e-01	2.12e-01	8.38e-02	2.62e-02	8.08e-03	5.80e-03	4.18e-04	1.10e-05
 8.21134e+22	0.00e+00	2.94e-30	1.80e-25	1.72e-21	2.58e-18	1.23e-15	2.39e-13	1.19e-11	3.46e-10	3.52e-09	2.65e-08	1.56e-07	1.01e-06	5.18e-06	2.92e-05	2.05e-04	1.55e-02	9.35e-02	2.61e-01	3.07e-01	2.06e-01	7.97e-02	2.43e-02	7.32e-03	5.18e-03	3.64e-04	9.30e-06
 8.26690e+22	0.00e+00	4.49e-30	2.69e-25	2.51e-21	3.68e-18	1.72e-15	3.27e-13	1.59e-11	4.51e-10	4.47e-09	3.28e-08	1.88e-07	1.19e-06	5.94e-06	3.25e-05	2.23e-04	1.65e-02	9.78e-02	2.67e-01	3.07e-01	2.01e-01	7.59e-02	2.26e-02	6.68e-03	4.66e-03	3.19e-04	7.97e-06
 8.32933e+22	0.00e+00	7.62e-30	4.42e-25	4.01e-21	5.72e-18	2.60e-15	4.81e-13	2.28e-11	6.25e-10	6.01e-09	4.27e-08	2.37e-07	1.45e-06	7.03e-06	3.72e-05	2.47e-04	1.79e-02	1.03e-01	2.75e-01	3.06e-01	1.95e-01	7.14e-02	2.07e-02	5.94e-03	4.07e-03	2.71e-04	6.56e-06
 8.39336e+22	0.00e+00	1.19e-29	6.71e-25	5.94e-21	8.28e-18	3.68e-15	6.66e-13	3.07e-11	8.22e-10	7.70e-09	5.34e-08	2.88e-07	1.72e-06	8.09e-06	4.17e-05	2.70e-04	1.91e-02	1.08e-01	2.82e-01	3.06e-01	1.89e-01	6.77e-02	1.92e-02	5.38e-03	3.63e-03	2.36e-04	5.57e-06
 8.44815e+22	0.00e+00	1.81e-29	1.00e-24	8.65e-21	1.18e-17	5.13e-15	9.07e-13	4.09e-11	1.07e-09	9.75e-09	6.59e-08	3.47e-07	2.02e-06	9.24e-06	4.64e-05	2.92e-04	2.03e-02	1.13e-01	2.88e-01	3.05e-01	1.84e-01	6.43e-02	1.78e-02	4.89e-03	3.26e-03	2.06e-04	4.76e-06
 8.49928e+22	0.00e+00	2.73e-29	1.47e-24	1.25e-20	1.66e-17	7.08e-15	1.22e-12	5.40e-11	1.38e-09	1.23e-08	8.08e-08	4.15e-07	2.35e-06	1.05e-05	5.14e-05	3.16e-04	2.15e-02	1.17e-01	2.93e-01	3.04e-01	1.79e-01	6.10e-02	1.65e-02	4.45e-03	2.93e-03	1.81e-04	4.08e-06
 8.55702e+22	0.00e+00	4.60e-29	2.40e-24	1.98e-20	2.56e-17	1.06e-14	1.79e-12	7.68e-11	1.90e-09	1.64e-08	1.05e-07	5.21e-07	2.86e-06	1.24e-05	5.85e-05	3.49e-04	2.31e-02	1.23e-01	3.00e-01	3.02e-01	1.72e-01	5.71e-02	1.51e-02	3.95e-03	2.55e-03	1.53e-04	3.35e-06
 8.61498e+22	0.00e+00	6.89e-29	3.52e-24	2.83e-20	3.59e-17	1.46e-14	2.40e-12	1.01e-10	2.43e-09	2.05e-08	1.28e-07	6.22e-07	3.32e-06	1.40e-05	6.48e-05	3.76e-04	2.45e-02	1.28e-01	3.06e-01	3.00e-01	1.67e-01	5.42e-02	1.40e-02	3.59e-03	2.29e-03	1.34e-04	2.88e-06
 8.67325e+22	0.00e+00	1.15e-28	5.69e-24	4.45e-20	5.48e-17	2.17e-14	3.48e-12	1.42e-10	3.33e-09	2.72e-08	1.65e-07	7.77e-07	4.02e-06	1.65e-05	7.35e-05	4.14e-04	2.63e-02	1.34e-01	3.12e-01	2.98e-01	1.61e-01	5.07e-02	1.27e-02	3.18e-03	2.00e-03	1.14e-04	2.36e-06
 8.72941e+22	0.00e+00	1.70e-28	8.24e-24	6.30e-20	7.60e-17	2.95e-14	4.64e-12	1.85e-10	4.23e-09	3.39e-08	2.00e-07	9.21e-07	4.66e-06	1.86e-05	8.10e-05	4.45e-04	2.77e-02	1.39e-01	3.17e-01	2.96e-01	1.56e-01	4.80e-02	1.18e-02	2.90e-03	1.79e-03	9.99e-05	2.03e-06
 8.77482e+22	0.00e+00	2.47e-28	1.17e-23	8.76e-20	1.03e-16	3.95e-14	6.07e-12	2.38e-10	5.31e-09	4.16e-08	2.40e-07	1.08e-06	5.34e-06	2.08e-05	8.86e-05	4.76e-04	2.91e-02	1.43e-01	3.22e-01	2.93e-01	1.51e-01	4.56e-02	1.10e-02	2.65e-03	1.62e-03	8.84e-05	1.76e-06
 8.82584e+22	0.00e+00	3.94e-28	1.81e-23	1.32e-19	1.52e-16	5.67e-14	8.51e-12	3.25e-10	7.06e-09	5.38e-08	3.02e-07	1.32e-06	6.35e-06	2.41e-05	9.93e-05	5.18e-04	3.09e-02	1.49e-01	3.27e-01	2.90e-01	1.46e-01	4.28e-02	1.01e-02	2.36e-03	1.43e-03	7.56e-05	1.46e-06
 8.87786e+22	0.00e+00	5.77e-28	2.59e-23	1.85e-19	2.08e-16	7.62e-14	1.12e-11	4.19e-10	8.91e-09	6.64e-08	3.65e-07	1.56e-06	7.31e-06	2.70e-05	1.09e-04	5.55e-04	3.25e-02	1.54e-01	3.31e-01	2.88e-01	1.41e-01	4.05e-02	9.36e-03	2.15e-03	1.28e-03	6.66e-05	1.26e-06
 8.93121e+22	0.00e+00	9.75e-28	4.24e-23	2.94e-19	3.21e-16	1.14e-13	1.63e-11	5.95e-10	1.22e-08	8.86e-08	4.71e-07	1.95e-06	8.86e-06	3.17e-05	1.24e-04	6.09e-04	3.47e-02	1.60e-01	3.37e-01	2.84e-01	1.35e-01	3.76e-02	8.44e-03	1.89e-03	1.11e-03	5.58e-05	1.02e-06
 8.98330e+22	0.00e+00	1.40e-27	5.96e-23	4.05e-19	4.33e-16	1.51e-13	2.13e-11	7.59e-10	1.53e-08	1.08e-07	5.63e-07	2.28e-06	1.01e-05	3.54e-05	1.35e-04	6.50e-04	3.64e-02	1.65e-01	3.41e-01	2.81e-01	1.30e-01	3.56e-02	7.85e-03	1.73e-03	1.00e-03	4.92e-05	8.86e-07
 9.03374e+22	3.45e-34	2.35e-27	9.64e-23	6.35e-19	6.60e-16	2.24e-13	3.07e-11	1.07e-09	2.08e-08	1.43e-07	7.24e-07	2.84e-06	1.22e-05	4.14e-05	1.52e-04	7.11e-04	3.87e-02	1.71e-01	3.46e-01	2.77e-01	1.24e-01	3.30e-02	7.08e-03	1.52e-03	8.65e-04	4.13e-05	7.21e-07
 9.08406e+22	5.11e-34	3.39e-27	1.36e-22	8.78e-19	8.93e-16	2.98e-13	4.00e-11	1.36e-09	2.61e-08	1.76e-07	8.67e-07	3.33e-06	1.40e-05	4.63e-05	1.66e-04	7.59e-04	4.05e-02	1.76e-01	3.49e-01	2.73e-01	1.20e-01	3.12e-02	6.57e-03	1.38e-03	7.78e-04	3.63e-05	6.21e-07
 9.13425e+22	8.60e-34	5.53e-27	2.15e-22	1.35e-18	1.33e-15	4.34e-13	5.68e-11	1.89e-09	3.50e-08	2.29e-07	1.10e-06	4.11e-06	1.67e-05	5.37e-05	1.87e-04	8.27e-04	4.30e-02	1.83e-01	3.53e-01	2.69e-01	1.14e-01	2.90e-02	5.94e-03	1.22e-03	6.75e-04	3.06e-05	5.09e-07
 9.18599e+22	1.35e-33	8.43e-27	3.19e-22	1.95e-18	1.88e-15	5.99e-13	7.67e-11	2.49e-09	4.52e-08	2.89e-07	1.35e-06	4.92e-06	1.95e-05	6.09e-05	2.06e-04	8.89e-04	4.52e-02	1.88e-01	3.57e-01	2.65e-01	1.10e-01	2.71e-02	5.44e-03	1.09e-03	5.97e-04	2.64e-05	4.28e-07
 9.23056e+22	1.99e-33	1.21e-26	4.50e-22	2.68e-18	2.53e-15	7.92e-13	9.96e-11	3.18e-09	5.63e-08	3.53e-07	1.61e-06	5.75e-06	2.23e-05	6.80e-05	2.25e-04	9.48e-04	4.72e-02	1.93e-01	3.60e-01	2.61e-01	1.06e-01	2.56e-02	5.04e-03	9.92e-04	5.36e-04	2.32e-05	3.68e-07
 9.27927e+22	3.46e-33	2.04e-26	7.30e-22	4.22e-18	3.86e-15	1.17e-12	1.44e-10	4.48e-09	7.70e-08	4.68e-07	2.08e-06	7.17e-06	2.69e-05	7.95e-05	2.54e-04	1.04e-03	5.00e-02	2.00e-01	3.63e-01	2.56e-01	9.99e-02	2.35e-02	4.51e-03	8.64e-04	4.60e-04	1.93e-05	2.96e-07
 9.32750e+22	5.08e-33	2.93e-26	1.02e-21	5.78e-18	5.17e-15	1.55e-12	1.86e-10	5.68e-09	9.57e-08	5.70e-07	2.48e-06	8.37e-06	3.07e-05	8.86e-05	2.77e-04	1.10e-03	5.22e-02	2.05e-01	3.66e-01	2.52e-01	9.61e-02	2.22e-02	4.17e-03	7.85e-04	4.13e-04	1.69e-05	2.54e-07
 9.37512e+22	2.84e-35	4.84e-26	1.64e-21	8.97e-18	7.77e-15	2.26e-12	2.66e-10	7.93e-09	1.30e-07	7.51e-07	3.17e-06	1.04e-05	3.69e-05	1.03e-04	3.11e-04	1.20e-03	5.52e-02	2.12e-01	3.69e-01	2.46e-01	9.10e-02	2.04e-02	3.74e-03	6.85e-04	3.54e-04	1.41e-05	2.05e-07
 9.42186e+22	0.00e+00	6.85e-26	2.26e-21	1.21e-17	1.03e-14	2.95e-12	3.40e-10	9.97e-09	1.60e-07	9.08e-07	3.75e-06	1.20e-05	4.18e-05	1.14e-04	3.38e-04	1.27e-03	5.74e-02	2.17e-01	3.71e-01	2.42e-01	8.75e-02	1.92e-02	3.46e-03	6.23e-04	3.18e-04	1.24e-05	1.77e-07
 9.46746e+22	0.00e+00	1.13e-25	3.59e-21	1.87e-17	1.53e-14	4.28e-12	4.83e-10	1.38e-08	2.15e-07	1.19e-06	4.78e-06	1.49e-05	5.01e-05	1.33e-04	3.79e-04	1.38e-03	6.06e-02	2.23e-01	3.73e-01	2.36e-01	8.26e-02	1.77e-02	3.09e-03	5.42e-04	2.73e-04	1.03e-05	1.43e-07
 9.51293e+22	0.00e+00	1.60e-25	4.97e-21	2.53e-17	2.03e-14	5.58e-12	6.19e-10	1.74e-08	2.66e-07	1.44e-06	5.68e-06	1.73e-05	5.70e-05	1.48e-04	4.11e-04	1.47e-03	6.30e-02	2.28e-01	3.75e-01	2.32e-01	7.93e-02	1.66e-02	2.86e-03	4.92e-04	2.45e-04	9.03e-06	0.00e+00
 9.55822e+22	0.00e+00	2.62e-25	7.88e-21	3.87e-17	3.02e-14	8.08e-12	8.77e-10	2.42e-08	3.58e-07	1.89e-06	7.23e-06	2.14e-05	6.83e-05	1.71e-04	4.62e-04	1.60e-03	6.64e-02	2.35e-01	3.77e-01	2.26e-01	7.47e-02	1.52e-02	2.55e-03	4.27e-04	2.09e-04	7.47e-06	0.00e+00
 9.60384e+22	2.61e-34	3.76e-25	1.10e-20	5.30e-17	4.04e-14	1.06e-11	1.13e-09	3.07e-08	4.46e-07	2.31e-06	8.64e-06	2.50e-05	7.80e-05	1.91e-04	5.03e-04	1.70e-03	6.90e-02	2.40e-01	3.78e-01	2.22e-01	7.14e-02	1.42e-02	2.34e-03	3.85e-04	1.86e-04	6.50e-06	0.00e+00
 9.64987e+22	4.51e-34	6.23e-25	1.76e-20	8.17e-17	6.02e-14	1.54e-11	1.61e-09	4.28e-08	6.05e-07	3.05e-06	1.11e-05	3.11e-05	9.39e-05	2.23e-04	5.66e-04	1.85e-03	7.28e-02	2.47e-01	3.80e-01	2.16e-01	6.70e-02	1.30e-02	2.08e-03	3.32e-04	1.58e-04	5.33e-06	0.00e+00
 9.69627e+22	6.71e-34	8.98e-25	2.47e-20	1.12e-16	8.07e-14	2.03e-11	2.09e-09	5.46e-08	7.55e-07	3.74e-06	1.33e-05	3.65e-05	1.08e-04	2.49e-04	6.17e-04	1.97e-03	7.57e-02	2.52e-01	3.80e-01	2.11e-01	6.38e-02	1.21e-02	1.90e-03	2.98e-04	1.40e-04	4.61e-06	0.00e+00
 9.74315e+22	1.14e-33	1.47e-24	3.90e-20	1.71e-16	1.19e-13	2.93e-11	2.95e-09	7.56e-08	1.02e-06	4.91e-06	1.70e-05	4.52e-05	1.29e-04	2.89e-04	6.93e-04	2.14e-03	7.97e-02	2.59e-01	3.81e-01	2.04e-01	5.98e-02	1.10e-02	1.68e-03	2.57e-04	1.19e-04	3.78e-06	0.00e+00
 9.78966e+22	1.71e-33	2.13e-24	5.49e-20	2.35e-16	1.60e-13	3.86e-11	3.83e-09	9.67e-08	1.28e-06	6.04e-06	2.04e-05	5.32e-05	1.48e-04	3.24e-04	7.57e-04	2.28e-03	8.28e-02	2.64e-01	3.81e-01	2.00e-01	5.68e-02	1.02e-02	1.53e-03	2.30e-04	1.05e-04	3.25e-06	0.00e+00
 9.83568e+22	2.88e-33	3.43e-24	8.55e-20	3.53e-16	2.33e-13	5.50e-11	5.37e-09	1.33e-07	1.71e-06	7.90e-06	2.59e-05	6.57e-05	1.77e-04	3.76e-04	8.48e-04	2.48e-03	8.70e-02	2.70e-01	3.81e-01	1.93e-01	5.31e-02	9.28e-03	1.36e-03	1.98e-04	8.86e-05	2.67e-06	0.00e+00
 9.88256e+22	4.37e-33	5.02e-24	1.21e-19	4.89e-16	3.14e-13	7.28e-11	7.01e-09	1.71e-07	2.16e-06	9.78e-06	3.14e-05	7.78e-05	2.05e-04	4.23e-04	9.29e-04	2.65e-03	9.05e-02	2.75e-01	3.81e-01	1.88e-01	5.02e-02	8.58e-03	1.23e-03	1.76e-04	7.75e-05	2.27e-06	0.00e+00
 9.93055e+22	7.47e-33	8.19e-24	1.91e-19	7.41e-16	4.61e-13	1.05e-10	9.90e-09	2.38e-07	2.92e-06	1.29e-05	4.03e-05	9.69e-05	2.47e-04	4.93e-04	1.05e-03	2.88e-03	9.52e-02	2.82e-01	3.81e-01	1.81e-01	4.66e-02	7.73e-03	1.08e-03	1.50e-04	6.49e-05	1.84e-06	0.00e+00
 9.97887e+22	1.13e-32	1.19e-23	2.70e-19	1.02e-15	6.18e-13	1.38e-10	1.29e-08	3.07e-07	3.69e-06	1.60e-05	4.89e-05	1.15e-04	2.85e-04	5.55e-04	1.15e-03	3.08e-03	9.90e-02	2.87e-01	3.80e-01	1.76e-01	4.40e-02	7.12e-03	9.73e-04	1.32e-04	5.65e-05	1.55e-06	0.00e+00
 1.00276e+23	1.92e-32	1.94e-23	4.22e-19	1.54e-15	9.02e-13	1.97e-10	1.82e-08	4.26e-07	5.00e-06	2.12e-05	6.28e-05	1.43e-04	3.44e-04	6.47e-04	1.29e-03	3.36e-03	1.04e-01	2.94e-01	3.79e-01	1.69e-01	4.07e-02	6.39e-03	8.50e-04	1.12e-04	4.71e-05	1.25e-06	0.00e+00
 1.00766e+23	2.88e-32	2.80e-23	5.92e-19	2.10e-15	1.20e-12	2.58e-10	2.36e-08	5.47e-07	6.30e-06	2.62e-05	7.61e-05	1.69e-04	3.97e-04	7.28e-04	1.41e-03	3.59e-03	1.08e-01	2.99e-01	3.77e-01	1.64e-01	3.83e-02	5.87e-03	7.65e-04	9.91e-05	4.09e-05	1.05e-06	0.00e+00
 1.01191e+23	4.26e-32	4.00e-23	8.19e-19	2.83e-15	1.58e-12	3.35e-10	3.03e-08	6.97e-07	7.89e-06	3.22e-05	9.17e-05	2.00e-04	4.56e-04	8.17e-04	1.55e-03	3.83e-03	1.12e-01	3.04e-01	3.76e-01	1.59e-01	3.60e-02	5.40e-03	6.89e-04	8.75e-05	3.56e-05	8.93e-07	0.00e+00
 1.01672e+23	7.05e-32	6.31e-23	1.24e-18	4.15e-15	2.25e-12	4.68e-10	4.19e-08	9.54e-07	1.06e-05	4.22e-05	1.17e-04	2.47e-04	5.47e-04	9.49e-04	1.74e-03	4.16e-03	1.18e-01	3.10e-01	3.74e-01	1.53e-01	3.32e-02	4.83e-03	6.01e-04	7.42e-05	2.96e-05	7.16e-07	0.00e+00
 1.02150e+23	1.01e-31	8.72e-23	1.67e-18	5.45e-15	2.89e-12	5.93e-10	5.28e-08	1.19e-06	1.30e-05	5.12e-05	1.39e-04	2.88e-04	6.22e-04	1.06e-03	1.88e-03	4.42e-03	1.22e-01	3.14e-01	3.72e-01	1.48e-01	3.13e-02	4.46e-03	5.44e-04	6.59e-05	2.60e-05	6.12e-07	0.00e+00
 1.02622e+23	1.62e-31	1.33e-22	2.47e-18	7.77e-15	4.00e-12	8.09e-10	7.15e-08	1.60e-06	1.71e-05	6.60e-05	1.75e-04	3.52e-04	7.39e-04	1.22e-03	2.10e-03	4.79e-03	1.27e-01	3.20e-01	3.69e-01	1.42e-01	2.89e-02	4.00e-03	4.76e-04	5.62e-05	2.17e-05	4.94e-07	0.00e+00
 1.03103e+23	2.31e-31	1.84e-22	3.31e-18	1.02e-14	5.13e-12	1.02e-09	9.01e-08	2.01e-06	2.11e-05	8.02e-05	2.08e-04	4.11e-04	8.42e-04	1.35e-03	2.29e-03	5.09e-03	1.32e-01	3.24e-01	3.66e-01	1.37e-01	2.72e-02	3.67e-03	4.29e-04	4.97e-05	1.89e-05	4.19e-07	0.00e+00
 1.03597e+23	3.68e-31	2.79e-22	4.84e-18	1.44e-14	7.05e-12	1.39e-09	1.22e-07	2.70e-06	2.77e-05	1.03e-04	2.61e-04	5.03e-04	9.99e-04	1.56e-03	2.55e-03	5.51e-03	1.38e-01	3.29e-01	3.62e-01	1.31e-01	2.50e-02	3.28e-03	3.73e-04	4.21e-05	1.58e-05	3.36e-07	0.00e+00
 1.04103e+23	5.28e-31	3.85e-22	6.49e-18	1.89e-14	9.03e-12	1.76e-09	1.54e-07	3.39e-06	3.43e-05	1.26e-04	3.12e-04	5.88e-04	1.14e-03	1.74e-03	2.78e-03	5.87e-03	1.42e-01	3.33e-01	3.59e-01	1.26e-01	2.34e-02	3.00e-03	3.35e-04	3.70e-05	1.36e-05	2.83e-07	0.00e+00
 1.04624e+23	8.39e-31	5.80e-22	9.43e-18	2.65e-14	1.24e-11	2.38e-09	2.07e-07	4.56e-06	4.52e-05	1.63e-04	3.94e-04	7.21e-04	1.36e-03	2.01e-03	3.10e-03	6.37e-03	1.49e-01	3.38e-01	3.54e-01	1.20e-01	2.14e-02	2.66e-03	2.90e-04	3.12e-05	1.13e-05	2.26e-07	0.00e+00
 1.05157e+23	1.20e-30	7.98e-22	1.26e-17	3.46e-14	1.58e-11	3.01e-09	2.61e-07	5.74e-06	5.61e-05	1.99e-04	4.71e-04	8.44e-04	1.55e-03	2.24e-03	3.38e-03	6.79e-03	1.54e-01	3.42e-01	3.50e-01	1.15e-01	1.99e-02	2.42e-03	2.58e-04	2.73e-05	9.71e-06	1.89e-07	0.00e+00
 1.05705e+23	1.89e-30	1.19e-21	1.82e-17	4.84e-14	2.15e-11	4.05e-09	3.52e-07	7.69e-06	7.37e-05	2.57e-04	5.93e-04	1.03e-03	1.84e-03	2.58e-03	3.77e-03	7.37e-03	1.61e-01	3.46e-01	3.45e-01	1.09e-01	1.82e-02	2.14e-03	2.23e-04	2.30e-05	8.00e-06	1.50e-07	0.00e+00
 1.06264e+23	2.70e-30	1.63e-21	2.42e-17	6.28e-14	2.74e-11	5.10e-09	4.43e-07	9.69e-06	9.14e-05	3.13e-04	7.09e-04	1.21e-03	2.11e-03	2.88e-03	4.11e-03	7.85e-03	1.67e-01	3.50e-01	3.40e-01	1.05e-01	1.69e-02	1.94e-03	1.98e-04	2.00e-05	6.85e-06	1.24e-07	0.00e+00
 1.06836e+23	4.22e-30	2.42e-21	3.46e-17	8.70e-14	3.70e-11	6.82e-09	5.94e-07	1.30e-05	1.20e-04	4.04e-04	8.91e-04	1.48e-03	2.49e-03	3.32e-03	4.58e-03	8.52e-03	1.74e-01	3.54e-01	3.34e-01	9.89e-02	1.53e-02	1.71e-03	1.70e-04	1.67e-05	5.62e-06	0.00e+00	0.00e+00
 1.07412e+23	5.93e-30	3.27e-21	4.55e-17	1.12e-13	4.66e-11	8.53e-09	7.43e-07	1.62e-05	1.48e-04	4.90e-04	1.06e-03	1.72e-03	2.84e-03	3.69e-03	4.98e-03	9.06e-03	1.80e-01	3.57e-01	3.29e-01	9.46e-02	1.42e-02	1.55e-03	1.51e-04	1.46e-05	4.82e-06	0.00e+00	0.00e+00
 1.07993e+23	9.12e-30	4.77e-21	6.40e-17	1.53e-13	6.22e-11	1.13e-08	9.86e-07	2.15e-05	1.93e-04	6.27e-04	1.32e-03	2.09e-03	3.34e-03	4.22e-03	5.53e-03	9.81e-03	1.88e-01	3.60e-01	3.22e-01	8.92e-02	1.29e-02	1.36e-03	1.29e-04	1.22e-05	3.95e-06	0.00e+00	0.00e+00
 1.08586e+23	1.27e-29	6.39e-21	8.36e-17	1.95e-13	7.80e-11	1.40e-08	1.23e-06	2.68e-05	2.37e-04	7.59e-04	1.57e-03	2.43e-03	3.79e-03	4.68e-03	5.99e-03	1.04e-02	1.94e-01	3.62e-01	3.16e-01	8.51e-02	1.19e-02	1.23e-03	1.15e-04	1.06e-05	3.38e-06	0.00e+00	0.00e+00
 1.09102e+23	1.74e-29	8.41e-21	1.07e-16	2.45e-13	9.64e-11	1.72e-08	1.51e-06	3.30e-05	2.87e-04	9.08e-04	1.84e-03	2.80e-03	4.27e-03	5.16e-03	6.46e-03	1.10e-02	2.00e-01	3.64e-01	3.10e-01	8.12e-02	1.11e-02	1.12e-03	1.02e-04	9.28e-06	2.91e-06	0.00e+00	0.00e+00
 1.09683e+23	2.60e-29	1.19e-20	1.47e-16	3.26e-13	1.26e-10	2.23e-08	1.97e-06	4.31e-05	3.68e-04	1.14e-03	2.27e-03	3.35e-03	4.98e-03	5.85e-03	7.12e-03	1.19e-02	2.07e-01	3.66e-01	3.02e-01	7.64e-02	1.00e-02	9.83e-04	8.78e-05	7.79e-06	2.40e-06	0.00e+00	0.00e+00
 1.10263e+23	3.51e-29	1.54e-20	1.86e-16	4.05e-13	1.54e-10	2.72e-08	2.41e-06	5.25e-05	4.42e-04	1.36e-03	2.64e-03	3.83e-03	5.56e-03	6.41e-03	7.65e-03	1.25e-02	2.13e-01	3.67e-01	2.97e-01	7.29e-02	9.30e-03	8.94e-04	7.85e-05	6.84e-06	2.08e-06	0.00e+00	0.00e+00
 1.10843e+23	5.14e-29	2.15e-20	2.51e-16	5.33e-13	1.99e-10	3.48e-08	3.10e-06	6.78e-05	5.61e-04	1.69e-03	3.22e-03	4.54e-03	6.43e-03	7.21e-03	8.38e-03	1.34e-02	2.21e-01	3.68e-01	2.88e-01	6.85e-02	8.42e-03	7.88e-04	6.75e-05	5.76e-06	1.71e-06	0.00e+00	0.00e+00
 1.11436e+23	6.96e-29	2.79e-20	3.19e-16	6.63e-13	2.44e-10	4.25e-08	3.80e-06	8.30e-05	6.76e-04	2.01e-03	3.76e-03	5.20e-03	7.19e-03	7.91e-03	8.99e-03	1.42e-02	2.26e-01	3.68e-01	2.82e-01	6.51e-02	7.78e-03	7.13e-04	6.00e-05	5.03e-06	1.47e-06	0.00e+00	0.00e+00
 1.11959e+23	9.30e-29	3.59e-20	4.00e-16	8.16e-13	2.96e-10	5.13e-08	4.61e-06	1.01e-04	8.10e-04	2.38e-03	4.36e-03	5.91e-03	8.01e-03	8.64e-03	9.63e-03	1.49e-02	2.32e-01	3.68e-01	2.75e-01	6.19e-02	7.20e-03	6.45e-04	5.34e-05	4.40e-06	1.27e-06	0.00e+00	0.00e+00
 1.12553e+23	1.35e-28	4.93e-20	5.33e-16	1.06e-12	3.78e-10	6.53e-08	5.90e-06	1.29e-04	1.02e-03	2.95e-03	5.28e-03	6.98e-03	9.20e-03	9.67e-03	1.05e-02	1.59e-02	2.39e-01	3.67e-01	2.66e-01	5.79e-02	6.49e-03	5.66e-04	4.57e-05	3.69e-06	1.04e-06	0.00e+00	0.00e+00
 1.13145e+23	1.78e-28	6.26e-20	6.63e-16	1.30e-12	4.55e-10	7.82e-08	7.09e-06	1.55e-04	1.21e-03	3.44e-03	6.06e-03	7.86e-03	1.02e-02	1.05e-02	1.12e-02	1.67e-02	2.45e-01	3.67e-01	2.60e-01	5.51e-02	6.02e-03	5.14e-04	4.09e-05	3.25e-06	9.07e-07	0.00e+00	0.00e+00
 1.13734e+23	2.53e-28	8.47e-20	8.72e-16	1.67e-12	5.76e-10	9.85e-08	9.00e-06	1.97e-04	1.51e-03	4.23e-03	7.27e-03	9.20e-03	1.16e-02	1.16e-02	1.21e-02	1.77e-02	2.51e-01	3.65e-01	2.51e-01	5.14e-02	5.42e-03	4.51e-04	3.51e-05	2.73e-06	7.48e-07	0.00e+00	0.00e+00
 1.14336e+23	3.35e-28	1.08e-19	1.09e-15	2.04e-12	6.95e-10	1.18e-07	1.08e-05	2.38e-04	1.79e-03	4.94e-03	8.35e-03	1.04e-02	1.28e-02	1.26e-02	1.29e-02	1.85e-02	2.56e-01	3.63e-01	2.44e-01	4.87e-02	5.00e-03	4.08e-04	3.12e-05	2.39e-06	6.46e-07	0.00e+00	0.00e+00
 1.14952e+23	4.78e-28	1.46e-19	1.43e-15	2.62e-12	8.81e-10	1.49e-07	1.38e-05	3.02e-04	2.24e-03	6.07e-03	1.00e-02	1.21e-02	1.45e-02	1.40e-02	1.39e-02	1.96e-02	2.63e-01	3.60e-01	2.34e-01	4.52e-02	4.48e-03	3.56e-04	2.66e-05	1.99e-06	5.29e-07	0.00e+00	0.00e+00
 1.15580e+23	6.35e-28	1.86e-19	1.78e-15	3.21e-12	1.07e-09	1.80e-07	1.66e-05	3.64e-04	2.65e-03	7.10e-03	1.15e-02	1.36e-02	1.60e-02	1.51e-02	1.48e-02	2.05e-02	2.67e-01	3.57e-01	2.27e-01	4.26e-02	4.11e-03	3.20e-04	2.36e-05	1.73e-06	4.54e-07	0.00e+00	0.00e+00
 1.16223e+23	9.11e-28	2.53e-19	2.35e-15	4.14e-12	1.35e-09	2.27e-07	2.12e-05	4.64e-04	3.32e-03	8.71e-03	1.38e-02	1.59e-02	1.82e-02	1.67e-02	1.59e-02	2.17e-02	2.73e-01	3.52e-01	2.17e-01	3.93e-02	3.66e-03	2.77e-04	1.99e-05	1.44e-06	3.69e-07	0.00e+00	0.00e+00
 1.16878e+23	1.91e-28	3.23e-19	2.94e-15	5.09e-12	1.64e-09	2.74e-07	2.56e-05	5.60e-04	3.94e-03	1.02e-02	1.58e-02	1.78e-02	2.00e-02	1.80e-02	1.68e-02	2.26e-02	2.77e-01	3.48e-01	2.09e-01	3.68e-02	3.34e-03	2.48e-04	1.75e-05	1.24e-06	3.14e-07	0.00e+00	0.00e+00
 1.17549e+23	2.77e-28	4.39e-19	3.88e-15	6.57e-12	2.08e-09	3.46e-07	3.27e-05	7.14e-04	4.91e-03	1.25e-02	1.88e-02	2.07e-02	2.26e-02	1.98e-02	1.81e-02	2.38e-02	2.82e-01	3.42e-01	1.98e-01	3.37e-02	2.95e-03	2.13e-04	1.47e-05	1.02e-06	2.53e-07	0.00e+00	0.00e+00
 1.18205e+23	3.63e-28	5.50e-19	4.78e-15	7.95e-12	2.49e-09	4.11e-07	3.88e-05	8.45e-04	5.72e-03	1.43e-02	2.12e-02	2.29e-02	2.45e-02	2.11e-02	1.89e-02	2.45e-02	2.84e-01	3.36e-01	1.91e-01	3.17e-02	2.71e-03	1.92e-04	1.31e-05	8.93e-07	2.19e-07	0.00e+00	0.00e+00
 1.18841e+23	5.11e-28	7.28e-19	6.15e-15	1.00e-11	3.10e-09	5.10e-07	4.86e-05	1.06e-03	7.02e-03	1.72e-02	2.49e-02	2.62e-02	2.73e-02	2.30e-02	2.01e-02	2.56e-02	2.87e-01	3.29e-01	1.80e-01	2.90e-02	2.39e-03	1.65e-04	1.10e-05	7.37e-07	1.77e-07	0.00e+00	0.00e+00
 1.19487e+23	6.72e-28	9.13e-19	7.57e-15	1.21e-11	3.71e-09	6.06e-07	5.77e-05	1.25e-03	8.15e-03	1.97e-02	2.80e-02	2.89e-02	2.95e-02	2.44e-02	2.10e-02	2.64e-02	2.88e-01	3.22e-01	1.73e-01	2.71e-02	2.19e-03	1.48e-04	9.72e-06	6.41e-07	1.52e-07	0.00e+00	0.00e+00
 1.20147e+23	9.46e-28	1.21e-18	9.77e-15	1.54e-11	4.62e-09	7.52e-07	7.19e-05	1.55e-03	9.92e-03	2.35e-02	3.26e-02	3.28e-02	3.26e-02	2.63e-02	2.21e-02	2.73e-02	2.89e-01	3.13e-01	1.62e-01	2.46e-02	1.92e-03	1.27e-04	8.17e-06	5.28e-07	1.23e-07	0.00e+00	0.00e+00
 1.20826e+23	1.26e-27	1.53e-18	1.21e-14	1.87e-11	5.55e-09	8.98e-07	8.61e-05	1.85e-03	1.16e-02	2.71e-02	3.69e-02	3.63e-02	3.53e-02	2.80e-02	2.30e-02	2.80e-02	2.89e-01	3.04e-01	1.54e-01	2.27e-02	1.73e-03	1.12e-04	7.07e-06	4.49e-07	0.00e+00	0.00e+00	0.00e+00
 1.21533e+23	1.79e-27	2.04e-18	1.57e-14	2.38e-11	6.97e-09	1.12e-06	1.08e-04	2.30e-03	1.41e-02	3.23e-02	4.28e-02	4.10e-02	3.88e-02	3.00e-02	2.41e-02	2.88e-02	2.88e-01	2.93e-01	1.43e-01	2.05e-02	1.51e-03	9.53e-05	5.88e-06	3.66e-07	0.00e+00	0.00e+00	0.00e+00
 1.22262e+23	2.42e-27	2.60e-18	1.96e-14	2.92e-11	8.44e-09	1.35e-06	1.30e-04	2.75e-03	1.66e-02	3.73e-02	4.83e-02	4.53e-02	4.19e-02	3.17e-02	2.50e-02	2.94e-02	2.85e-01	2.82e-01	1.34e-01	1.86e-02	1.33e-03	8.26e-05	5.00e-06	3.06e-07	0.00e+00	0.00e+00	0.00e+00
 1.23022e+23	3.49e-27	3.52e-18	2.58e-14	3.75e-11	1.07e-08	1.69e-06	1.63e-04	3.43e-03	2.01e-02	4.43e-02	5.58e-02	5.08e-02	4.57e-02	3.37e-02	2.59e-02	3.00e-02	2.81e-01	2.68e-01	1.23e-01	1.65e-02	1.14e-03	6.90e-05	4.08e-06	2.45e-07	0.00e+00	0.00e+00	0.00e+00
 1.23803e+23	4.75e-27	4.51e-18	3.23e-14	4.61e-11	1.30e-08	2.03e-06	1.96e-04	4.10e-03	2.36e-02	5.09e-02	6.27e-02	5.58e-02	4.90e-02	3.53e-02	2.66e-02	3.03e-02	2.76e-01	2.55e-01	1.14e-01	1.48e-02	9.99e-04	5.89e-05	3.43e-06	2.02e-07	0.00e+00	0.00e+00	0.00e+00
 1.24610e+23	6.91e-27	6.12e-18	4.27e-14	5.95e-11	1.64e-08	2.56e-06	2.46e-04	5.10e-03	2.86e-02	6.01e-02	7.20e-02	6.21e-02	5.30e-02	3.72e-02	2.73e-02	3.05e-02	2.68e-01	2.39e-01	1.03e-01	1.29e-02	8.40e-04	4.83e-05	2.74e-06	1.58e-07	0.00e+00	0.00e+00	0.00e+00
 1.25444e+23	9.49e-27	7.90e-18	5.38e-14	7.35e-11	2.00e-08	3.09e-06	2.97e-04	6.10e-03	3.34e-02	6.88e-02	8.04e-02	6.76e-02	5.63e-02	3.86e-02	2.77e-02	3.05e-02	2.60e-01	2.24e-01	9.39e-02	1.14e-02	7.20e-04	4.04e-05	2.25e-06	1.27e-07	0.00e+00	0.00e+00	0.00e+00
 1.26313e+23	1.40e-26	1.08e-17	7.14e-14	9.52e-11	2.55e-08	3.88e-06	3.72e-04	7.55e-03	4.02e-02	8.06e-02	9.13e-02	7.45e-02	6.01e-02	4.01e-02	2.80e-02	3.02e-02	2.48e-01	2.06e-01	8.30e-02	9.69e-03	5.91e-04	3.23e-05	1.75e-06	0.00e+00	0.00e+00	0.00e+00	0.00e+00
 1.27207e+23	1.92e-26	1.40e-17	9.00e-14	1.18e-10	3.10e-08	4.68e-06	4.47e-04	8.98e-03	4.66e-02	9.15e-02	1.01e-01	8.02e-02	6.31e-02	4.10e-02	2.81e-02	2.97e-02	2.36e-01	1.90e-01	7.41e-02	8.38e-03	4.96e-04	2.64e-05	1.41e-06	0.00e+00	0.00e+00	0.00e+00	0.00e+00
 1.28009e+23	2.62e-26	1.79e-17	1.13e-13	1.44e-10	3.74e-08	5.58e-06	5.31e-04	1.05e-02	5.34e-02	1.02e-01	1.10e-01	8.54e-02	6.55e-02	4.17e-02	2.79e-02	2.90e-02	2.25e-01	1.75e-01	6.62e-02	7.25e-03	4.18e-04	2.18e-05	1.14e-06	0.00e+00	0.00e+00	0.00e+00	0.00e+00
 1.28928e+23	3.82e-26	2.41e-17	1.47e-13	1.84e-10	4.68e-08	6.92e-06	6.58e-04	1.29e-02	6.32e-02	1.18e-01	1.23e-01	9.19e-02	6.83e-02	4.21e-02	2.74e-02	2.79e-02	2.08e-01	1.55e-01	5.62e-02	5.91e-03	3.27e-04	1.66e-05	8.42e-07	0.00e+00	0.00e+00	0.00e+00	0.00e+00
 1.29856e+23	5.15e-26	3.05e-17	1.82e-13	2.23e-10	5.60e-08	8.17e-06	7.72e-04	1.49e-02	7.14e-02	1.30e-01	1.32e-01	9.64e-02	6.98e-02	4.21e-02	2.68e-02	2.69e-02	1.94e-01	1.40e-01	4.94e-02	5.03e-03	2.71e-04	1.34e-05	6.69e-07	0.00e+00	0.00e+00	0.00e+00	0.00e+00
 1.30793e+23	7.40e-26	4.05e-17	2.35e-13	2.81e-10	6.91e-08	9.96e-06	9.39e-04	1.79e-02	8.28e-02	1.47e-01	1.44e-01	1.02e-01	7.12e-02	4.16e-02	2.58e-02	2.53e-02	1.76e-01	1.21e-01	4.11e-02	4.02e-03	2.08e-04	1.00e-05	4.87e-07	0.00e+00	0.00e+00	0.00e+00	0.00e+00
 1.31751e+23	9.91e-26	5.08e-17	2.87e-13	3.36e-10	8.16e-08	1.16e-05	1.09e-03	2.05e-02	9.26e-02	1.60e-01	1.53e-01	1.05e-01	7.16e-02	4.09e-02	2.47e-02	2.39e-02	1.60e-01	1.07e-01	3.51e-02	3.32e-03	1.67e-04	7.85e-06	3.73e-07	0.00e+00	0.00e+00	0.00e+00	0.00e+00
 1.32734e+23	1.42e-25	6.69e-17	3.67e-13	4.19e-10	9.97e-08	1.40e-05	1.31e-03	2.42e-02	1.06e-01	1.77e-01	1.64e-01	1.08e-01	7.14e-02	3.95e-02	2.32e-02	2.20e-02	1.42e-01	9.06e-02	2.84e-02	2.57e-03	1.25e-04	5.68e-06	2.63e-07	0.00e+00	0.00e+00	0.00e+00	0.00e+00
 1.33733e+23	1.88e-25	8.30e-17	4.43e-13	4.96e-10	1.16e-07	1.62e-05	1.51e-03	2.75e-02	1.17e-01	1.91e-01	1.71e-01	1.10e-01	7.06e-02	3.81e-02	2.19e-02	2.04e-02	1.27e-01	7.82e-02	2.37e-02	2.07e-03	9.73e-05	4.33e-06	1.96e-07	0.00e+00	0.00e+00	0.00e+00	0.00e+00
 1.34753e+23	2.64e-25	1.07e-16	5.55e-13	6.05e-10	1.40e-07	1.93e-05	1.79e-03	3.21e-02	1.31e-01	2.08e-01	1.80e-01	1.11e-01	6.88e-02	3.59e-02	2.00e-02	1.83e-02	1.09e-01	6.41e-02	1.85e-02	1.55e-03	6.99e-05	3.01e-06	1.33e-07	0.00e+00	0.00e+00	0.00e+00	0.00e+00
 1.35777e+23	3.45e-25	1.31e-16	6.60e-13	7.06e-10	1.61e-07	2.20e-05	2.03e-03	3.59e-02	1.42e-01	2.20e-01	1.85e-01	1.11e-01	6.69e-02	3.41e-02	1.86e-02	1.67e-02	9.60e-02	5.45e-02	1.52e-02	1.23e-03	5.37e-05	2.26e-06	0.00e+00	0.00e+00	0.00e+00	0.00e+00	0.00e+00
 1.36626e+23	4.32e-25	1.55e-16	7.63e-13	8.03e-10	1.81e-07	2.45e-05	2.26e-03	3.94e-02	1.53e-01	2.31e-01	1.89e-01	1.10e-01	6.49e-02	3.23e-02	1.72e-02	1.53e-02	8.53e-02	4.68e-02	1.27e-02	9.91e-04	4.22e-05	1.73e-06	0.00e+00	0.00e+00	0.00e+00	0.00e+00	0.00e+00
 1.37546e+23	5.70e-25	1.89e-16	9.06e-13	9.35e-10	2.08e-07	2.80e-05	2.58e-03	4.43e-02	1.66e-01	2.44e-01	1.93e-01	1.09e-01	6.19e-02	2.99e-02	1.55e-02	1.36e-02	7.26e-02	3.81e-02	9.90e-03	7.41e-04	3.04e-05	1.21e-06	0.00e+00	0.00e+00	0.00e+00	0.00e+00	0.00e+00
 1.38466e+23	7.07e-25	2.21e-16	1.04e-12	1.05e-09	2.32e-07	3.09e-05	2.85e-03	4.83e-02	1.76e-01	2.52e-01	1.95e-01	1.07e-01	5.94e-02	2.80e-02	1.43e-02	1.23e-02	6.39e-02	3.24e-02	8.17e-03	5.93e-04	2.36e-05	9.24e-07	0.00e+00	0.00e+00	0.00e+00	0.00e+00	0.00e+00
 1.39385e+23	9.17e-25	2.65e-16	1.21e-12	1.21e-09	2.63e-07	3.49e-05	3.22e-03	5.36e-02	1.89e-01	2.63e-01	1.96e-01	1.04e-01	5.58e-02	2.56e-02	1.27e-02	1.08e-02	5.36e-02	2.61e-02	6.29e-03	4.37e-04	1.68e-05	6.37e-07	0.00e+00	0.00e+00	0.00e+00	0.00e+00	0.00e+00
 1.40316e+23	1.13e-24	3.08e-16	1.38e-12	1.35e-09	2.92e-07	3.84e-05	3.53e-03	5.81e-02	1.99e-01	2.71e-01	1.96e-01	1.01e-01	5.29e-02	2.37e-02	1.15e-02	9.69e-03	4.66e-02	2.19e-02	5.10e-03	3.43e-04	1.28e-05	4.75e-07	0.00e+00	0.00e+00	0.00e+00	0.00e+00	0.00e+00
 1.41262e+23	1.45e-24	3.65e-16	1.59e-12	1.53e-09	3.29e-07	4.31e-05	3.96e-03	6.42e-02	2.12e-01	2.79e-01	1.95e-01	9.71e-02	4.90e-02	2.13e-02	1.01e-02	8.36e-03	3.84e-02	1.72e-02	3.84e-03	2.47e-04	8.88e-06	3.19e-07	0.00e+00	0.00e+00	0.00e+00	0.00e+00	0.00e+00
 1.42219e+23	1.78e-24	4.21e-16	1.79e-12	1.70e-09	3.64e-07	4.73e-05	4.34e-03	6.91e-02	2.21e-01	2.85e-01	1.94e-01	9.36e-02	4.60e-02	1.95e-02	9.05e-03	7.42e-03	3.29e-02	1.42e-02	3.07e-03	1.91e-04	6.66e-06	2.34e-07	0.00e+00	0.00e+00	0.00e+00	0.00e+00	0.00e+00
 1.43192e+23	2.27e-24	4.96e-16	2.06e-12	1.93e-09	4.09e-07	5.29e-05	4.85e-03	7.60e-02	2.34e-01	2.92e-01	1.91e-01	8.87e-02	4.21e-02	1.73e-02	7.80e-03	6.32e-03	2.68e-02	1.10e-02	2.27e-03	1.34e-04	4.52e-06	1.54e-07	0.00e+00	0.00e+00	0.00e+00	0.00e+00	0.00e+00
 1.44184e+23	2.77e-24	5.66e-16	2.30e-12	2.13e-09	4.50e-07	5.79e-05	5.30e-03	8.17e-02	2.44e-01	2.96e-01	1.88e-01	8.46e-02	3.90e-02	1.56e-02	6.89e-03	5.53e-03	2.25e-02	8.92e-03	1.77e-03	1.01e-04	3.29e-06	0.00e+00	0.00e+00	0.00e+00	0.00e+00	0.00e+00	0.00e+00
 1.45200e+23	3.54e-24	6.64e-16	2.62e-12	2.40e-09	5.07e-07	6.49e-05	5.93e-03	8.96e-02	2.56e-01	3.01e-01	1.83e-01	7.91e-02	3.51e-02	1.36e-02	5.84e-03	4.64e-03	1.80e-02	6.75e-03	1.28e-03	6.93e-05	2.17e-06	0.00e+00	0.00e+00	0.00e+00	0.00e+00	0.00e+00	0.00e+00
 1.46236e+23	4.31e-24	7.55e-16	2.92e-12	2.65e-09	5.59e-07	7.11e-05	6.49e-03	9.63e-02	2.65e-01	3.04e-01	1.79e-01	7.47e-02	3.21e-02	1.21e-02	5.09e-03	4.01e-03	1.49e-02	5.37e-03	9.77e-04	5.09e-05	1.54e-06	0.00e+00	0.00e+00	0.00e+00	0.00e+00	0.00e+00	0.00e+00
 1.47299e+23	5.50e-24	8.83e-16	3.33e-12	2.99e-09	6.33e-07	8.00e-05	7.27e-03	1.05e-01	2.77e-01	3.06e-01	1.73e-01	6.89e-02	2.85e-02	1.03e-02	4.23e-03	3.30e-03	1.16e-02	3.96e-03	6.85e-04	3.39e-05	9.81e-07	0.00e+00	0.00e+00	0.00e+00	0.00e+00	0.00e+00	0.00e+00
 1.48372e+23	6.68e-24	9.98e-16	3.69e-12	3.30e-09	7.00e-07	8.79e-05	7.94e-03	1.13e-01	2.86e-01	3.07e-01	1.67e-01	6.44e-02	2.58e-02	9.11e-03	3.64e-03	2.82e-03	9.51e-03	3.11e-03	5.16e-04	2.45e-05	6.86e-07	0.00e+00	0.00e+00	0.00e+00	0.00e+00	0.00e+00	0.00e+00
 1.49272e+23	7.92e-24	1.11e-15	4.04e-12	3.60e-09	7.66e-07	9.57e-05	8.60e-03	1.20e-01	2.94e-01	3.07e-01	1.62e-01	6.04e-02	2.35e-02	8.09e-03	3.17e-03	2.45e-03	7.92e-03	2.49e-03	3.98e-04	1.82e-05	4.94e-07	0.00e+00	0.00e+00	0.00e+00	0.00e+00	0.00e+00	0.00e+00
 1.50248e+23	9.80e-24	1.27e-15	4.52e-12	4.02e-09	8.62e-07	1.07e-04	9.52e-03	1.30e-01	3.03e-01	3.06e-01	1.55e-01	5.54e-02	2.08e-02	6.92e-03	2.65e-03	2.03e-03	6.24e-03	1.86e-03	2.84e-04	1.23e-05	3.23e-07	0.00e+00	0.00e+00	0.00e+00	0.00e+00	0.00e+00	0.00e+00
 1.51234e+23	1.17e-23	1.41e-15	4.96e-12	4.40e-09	9.49e-07	1.17e-04	1.03e-02	1.38e-01	3.10e-01	3.05e-01	1.49e-01	5.16e-02	1.88e-02	6.09e-03	2.28e-03	1.74e-03	5.13e-03	1.47e-03	2.16e-04	9.01e-06	2.29e-07	0.00e+00	0.00e+00	0.00e+00	0.00e+00	0.00e+00	0.00e+00
 1.52197e+23	1.42e-23	1.60e-15	5.52e-12	4.91e-09	1.07e-06	1.30e-04	1.14e-02	1.48e-01	3.18e-01	3.02e-01	1.42e-01	4.72e-02	1.66e-02	5.21e-03	1.90e-03	1.45e-03	4.06e-03	1.11e-03	1.55e-04	6.18e-06	1.51e-07	0.00e+00	0.00e+00	0.00e+00	0.00e+00	0.00e+00	0.00e+00
 1.53179e+23	1.70e-23	1.78e-15	6.08e-12	5.42e-09	1.19e-06	1.43e-04	1.23e-02	1.58e-01	3.24e-01	2.99e-01	1.36e-01	4.36e-02	1.48e-02	4.53e-03	1.62e-03	1.23e-03	3.30e-03	8.60e-04	1.16e-04	4.43e-06	0.00e+00	0.00e+00	0.00e+00	0.00e+00	0.00e+00	0.00e+00	0.00e+00
 1.54143e+23	2.06e-23	2.01e-15	6.75e-12	6.05e-09	1.34e-06	1.60e-04	1.35e-02	1.68e-01	3.31e-01	2.95e-01	1.29e-01	3.97e-02	1.30e-02	3.87e-03	1.35e-03	1.02e-03	2.61e-03	6.49e-04	8.37e-05	3.05e-06	0.00e+00	0.00e+00	0.00e+00	0.00e+00	0.00e+00	0.00e+00	0.00e+00
 1.55127e+23	2.47e-23	2.25e-15	7.47e-12	6.75e-09	1.51e-06	1.77e-04	1.47e-02	1.79e-01	3.36e-01	2.91e-01	1.23e-01	3.63e-02	1.15e-02	3.33e-03	1.14e-03	8.59e-04	2.09e-03	4.97e-04	6.14e-05	2.14e-06	0.00e+00	0.00e+00	0.00e+00	0.00e+00	0.00e+00	0.00e+00	0.00e+00
 1.56099e+23	2.99e-23	2.53e-15	8.31e-12	7.57e-09	1.70e-06	1.97e-04	1.61e-02	1.90e-01	3.42e-01	2.86e-01	1.16e-01	3.30e-02	1.01e-02	2.84e-03	9.53e-04	7.15e-04	1.66e-03	3.76e-04	4.45e-05	1.48e-06	0.00e+00	0.00e+00	0.00e+00	0.00e+00	0.00e+00	0.00e+00	0.00e+00
 1.57077e+23	3.60e-23	2.84e-15	9.25e-12	8.49e-09	1.93e-06	2.19e-04	1.75e-02	2.02e-01	3.46e-01	2.81e-01	1.10e-01	3.00e-02	8.90e-03	2.42e-03	7.97e-04	5.96e-04	1.32e-03	2.85e-04	3.24e-05	1.03e-06	0.00e+00	0.00e+00	0.00e+00	0.00e+00	0.00e+00	0.00e+00	0.00e+00
 1.58044e+23	4.33e-23	3.18e-15	1.03e-11	9.56e-09	2.19e-06	2.44e-04	1.91e-02	2.14e-01	3.49e-01	2.75e-01	1.03e-01	2.72e-02	7.80e-03	2.07e-03	6.66e-04	4.96e-04	1.05e-03	2.17e-04	2.36e-05	7.20e-07	0.00e+00	0.00e+00	0.00e+00	0.00e+00	0.00e+00	0.00e+00	0.00e+00
 1.59009e+23	5.23e-23	3.58e-15	1.15e-11	1.08e-08	2.49e-06	2.72e-04	2.07e-02	2.26e-01	3.52e-01	2.68e-01	9.71e-02	2.47e-02	6.84e-03	1.76e-03	5.56e-04	4.13e-04	8.32e-04	1.64e-04	1.72e-05	5.01e-07	0.00e+00	0.00e+00	0.00e+00	0.00e+00	0.00e+00	0.00e+00	0.00e+00
 1.59976e+23	6.32e-23	4.04e-15	1.29e-11	1.23e-08	2.83e-06	3.03e-04	2.25e-02	2.39e-01	3.55e-01	2.61e-01	9.11e-02	2.23e-02	5.98e-03	1.50e-03	4.64e-04	3.43e-04	6.59e-04	1.24e-04	1.24e-05	3.48e-07	0.00e+00	0.00e+00	0.00e+00	0.00e+00	0.00e+00	0.00e+00	0.00e+00
 1.60946e+23	7.67e-23	4.56e-15	1.46e-11	1.40e-08	3.23e-06	3.38e-04	2.44e-02	2.52e-01	3.56e-01	2.54e-01	8.53e-02	2.01e-02	5.22e-03	1.27e-03	3.86e-04	2.84e-04	5.21e-04	9.39e-05	9.02e-06	2.42e-07	0.00e+00	0.00e+00	0.00e+00	0.00e+00	0.00e+00	0.00e+00	0.00e+00
 1.61922e+23	9.33e-23	5.17e-15	1.65e-11	1.60e-08	3.70e-06	3.78e-04	2.64e-02	2.65e-01	3.57e-01	2.47e-01	7.97e-02	1.81e-02	4.54e-03	1.08e-03	3.21e-04	2.35e-04	4.11e-04	7.08e-05	6.53e-06	1.67e-07	0.00e+00	0.00e+00	0.00e+00	0.00e+00	0.00e+00	0.00e+00	0.00e+00
 1.62906e+23	1.14e-22	5.88e-15	1.87e-11	1.83e-08	4.25e-06	4.23e-04	2.86e-02	2.79e-01	3.57e-01	2.39e-01	7.42e-02	1.62e-02	3.95e-03	9.13e-04	2.67e-04	1.93e-04	3.24e-04	5.32e-05	4.71e-06	1.16e-07	0.00e+00	0.00e+00	0.00e+00	0.00e+00	0.00e+00	0.00e+00	0.00e+00
 1.63902e+23	1.40e-22	6.71e-15	2.14e-11	2.12e-08	4.89e-06	4.73e-04	3.10e-02	2.93e-01	3.57e-01	2.31e-01	6.90e-02	1.46e-02	3.42e-03	7.71e-04	2.21e-04	1.59e-04	2.54e-04	3.99e-05	3.38e-06	0.00e+00	0.00e+00	0.00e+00	0.00e+00	0.00e+00	0.00e+00	0.00e+00	0.00e+00
 1.64904e+23	1.73e-22	7.69e-15	2.45e-11	2.45e-08	5.63e-06	5.29e-04	3.35e-02	3.07e-01	3.56e-01	2.22e-01	6.40e-02	1.30e-02	2.97e-03	6.51e-04	1.83e-04	1.31e-04	2.00e-04	2.99e-05	2.44e-06	0.00e+00	0.00e+00	0.00e+00	0.00e+00	0.00e+00	0.00e+00	0.00e+00	0.00e+00
 1.65921e+23	2.16e-22	8.87e-15	2.83e-11	2.86e-08	6.51e-06	5.94e-04	3.63e-02	3.21e-01	3.54e-01	2.14e-01	5.92e-02	1.16e-02	2.56e-03	5.47e-04	1.51e-04	1.07e-04	1.56e-04	2.22e-05	1.74e-06	0.00e+00	0.00e+00	0.00e+00	0.00e+00	0.00e+00	0.00e+00	0.00e+00	0.00e+00
