#depth	N	N+	N+2	N+3	N+4	N+5	N+6	N+7
 4.62852e+21	1.76e-16	1.55e-11	3.97e-08	6.91e-06	2.46e-04	6.17e-02	4.18e-01	5.20e-01
 1.02792e+22	1.77e-15	1.17e-10	2.24e-07	2.85e-05	6.78e-04	1.10e-01	4.89e-01	4.01e-01
 1.18124e+22	5.23e-15	3.05e-10	5.20e-07	5.76e-05	1.13e-03	1.45e-01	5.15e-01	3.39e-01
 1.25791e+22	8.74e-15	4.82e-10	7.81e-07	8.16e-05	1.45e-03	1.66e-01	5.25e-01	3.08e-01
 1.29311e+22	1.05e-14	5.71e-10	9.08e-07	9.28e-05	1.59e-03	1.74e-01	5.28e-01	2.97e-01
 1.31531e+22	1.34e-14	7.07e-10	1.10e-06	1.10e-04	1.80e-03	1.85e-01	5.31e-01	2.82e-01
 1.33746e+22	1.60e-14	8.31e-10	1.27e-06	1.24e-04	1.97e-03	1.94e-01	5.32e-01	2.71e-01
 1.35871e+22	1.97e-14	1.00e-09	1.51e-06	1.45e-04	2.20e-03	2.06e-01	5.34e-01	2.58e-01
 1.38040e+22	2.34e-14	1.18e-09	1.75e-06	1.64e-04	2.42e-03	2.16e-01	5.35e-01	2.47e-01
 1.40022e+22	2.76e-14	1.37e-09	2.01e-06	1.86e-04	2.65e-03	2.25e-01	5.35e-01	2.37e-01
 1.42215e+22	3.38e-14	1.65e-09	2.39e-06	2.17e-04	2.97e-03	2.38e-01	5.35e-01	2.24e-01
 1.44385e+22	3.93e-14	1.90e-09	2.72e-06	2.43e-04	3.23e-03	2.48e-01	5.34e-01	2.14e-01
 1.46582e+22	4.77e-14	2.27e-09	3.21e-06	2.82e-04	3.61e-03	2.62e-01	5.32e-01	2.02e-01
 1.48781e+22	5.51e-14	2.60e-09	3.64e-06	3.15e-04	3.92e-03	2.72e-01	5.31e-01	1.93e-01
 1.50984e+22	6.61e-14	3.08e-09	4.26e-06	3.64e-04	4.37e-03	2.86e-01	5.27e-01	1.82e-01
 1.53199e+22	7.58e-14	3.50e-09	4.81e-06	4.06e-04	4.73e-03	2.97e-01	5.25e-01	1.73e-01
 1.55429e+22	9.01e-14	4.12e-09	5.61e-06	4.67e-04	5.26e-03	3.11e-01	5.20e-01	1.63e-01
 1.57676e+22	1.03e-13	4.67e-09	6.31e-06	5.19e-04	5.69e-03	3.22e-01	5.16e-01	1.55e-01
 1.59945e+22	1.22e-13	5.46e-09	7.33e-06	5.95e-04	6.30e-03	3.37e-01	5.11e-01	1.45e-01
 1.62244e+22	1.38e-13	6.17e-09	8.24e-06	6.61e-04	6.82e-03	3.49e-01	5.06e-01	1.38e-01
 1.64583e+22	1.62e-13	7.20e-09	9.55e-06	7.56e-04	7.55e-03	3.64e-01	4.99e-01	1.28e-01
 1.66960e+22	1.85e-13	8.14e-09	1.07e-05	8.39e-04	8.16e-03	3.76e-01	4.93e-01	1.21e-01
 1.69385e+22	2.17e-13	9.48e-09	1.24e-05	9.59e-04	9.03e-03	3.92e-01	4.85e-01	1.13e-01
 1.71875e+22	2.46e-13	1.07e-08	1.40e-05	1.07e-03	9.78e-03	4.05e-01	4.78e-01	1.06e-01
 1.74447e+22	2.89e-13	1.25e-08	1.62e-05	1.22e-03	1.08e-02	4.22e-01	4.68e-01	9.79e-02
 1.77028e+22	3.28e-13	1.41e-08	1.82e-05	1.35e-03	1.17e-02	4.34e-01	4.61e-01	9.20e-02
 1.79209e+22	3.67e-13	1.57e-08	2.02e-05	1.49e-03	1.26e-02	4.46e-01	4.53e-01	8.67e-02
 1.81634e+22	4.23e-13	1.81e-08	2.31e-05	1.68e-03	1.37e-02	4.61e-01	4.43e-01	8.02e-02
 1.83954e+22	4.68e-13	1.99e-08	2.53e-05	1.82e-03	1.46e-02	4.71e-01	4.36e-01	7.61e-02
 1.86138e+22	5.31e-13	2.25e-08	2.85e-05	2.02e-03	1.58e-02	4.85e-01	4.27e-01	7.08e-02
 1.88353e+22	5.87e-13	2.47e-08	3.13e-05	2.19e-03	1.68e-02	4.95e-01	4.19e-01	6.69e-02
 1.90609e+22	6.63e-13	2.79e-08	3.52e-05	2.43e-03	1.82e-02	5.08e-01	4.09e-01	6.21e-02
 1.92879e+22	7.35e-13	3.08e-08	3.86e-05	2.64e-03	1.93e-02	5.18e-01	4.01e-01	5.86e-02
 1.95167e+22	8.30e-13	3.47e-08	4.34e-05	2.92e-03	2.09e-02	5.31e-01	3.91e-01	5.42e-02
 1.97485e+22	9.21e-13	3.83e-08	4.76e-05	3.16e-03	2.21e-02	5.41e-01	3.83e-01	5.11e-02
 1.99841e+22	1.04e-12	4.32e-08	5.36e-05	3.51e-03	2.39e-02	5.54e-01	3.72e-01	4.71e-02
 2.02235e+22	1.16e-12	4.78e-08	5.90e-05	3.80e-03	2.53e-02	5.64e-01	3.63e-01	4.42e-02
 2.04676e+22	1.31e-12	5.40e-08	6.65e-05	4.21e-03	2.73e-02	5.76e-01	3.52e-01	4.06e-02
 2.07163e+22	1.46e-12	5.99e-08	7.34e-05	4.57e-03	2.90e-02	5.86e-01	3.43e-01	3.80e-02
 2.09708e+22	1.66e-12	6.79e-08	8.30e-05	5.07e-03	3.13e-02	5.98e-01	3.31e-01	3.47e-02
 2.12303e+22	1.87e-12	7.58e-08	9.19e-05	5.50e-03	3.32e-02	6.07e-01	3.22e-01	3.23e-02
 2.14963e+22	2.12e-12	8.61e-08	1.04e-04	6.11e-03	3.60e-02	6.19e-01	3.10e-01	2.93e-02
 2.17634e+22	2.38e-12	9.59e-08	1.15e-04	6.63e-03	3.81e-02	6.27e-01	3.01e-01	2.73e-02
 2.20320e+22	2.72e-12	1.09e-07	1.31e-04	7.35e-03	4.11e-02	6.38e-01	2.89e-01	2.47e-02
 2.23047e+22	3.06e-12	1.22e-07	1.45e-04	7.97e-03	4.35e-02	6.46e-01	2.80e-01	2.29e-02
 2.25419e+22	3.40e-12	1.35e-07	1.60e-04	8.61e-03	4.60e-02	6.53e-01	2.71e-01	2.13e-02
 2.28095e+22	3.89e-12	1.54e-07	1.82e-04	9.50e-03	4.94e-02	6.62e-01	2.59e-01	1.93e-02
 2.30799e+22	4.38e-12	1.72e-07	2.01e-04	1.03e-02	5.21e-02	6.69e-01	2.51e-01	1.79e-02
 2.33053e+22	4.83e-12	1.89e-07	2.20e-04	1.10e-02	5.47e-02	6.74e-01	2.43e-01	1.66e-02
 2.35498e+22	5.44e-12	2.12e-07	2.46e-04	1.20e-02	5.82e-02	6.81e-01	2.33e-01	1.52e-02
 2.37923e+22	6.02e-12	2.33e-07	2.69e-04	1.28e-02	6.09e-02	6.86e-01	2.26e-01	1.42e-02
 2.40322e+22	6.83e-12	2.63e-07	3.00e-04	1.39e-02	6.44e-02	6.91e-01	2.17e-01	1.30e-02
 2.42822e+22	7.60e-12	2.91e-07	3.31e-04	1.49e-02	6.77e-02	6.96e-01	2.09e-01	1.20e-02
 2.45069e+22	8.48e-12	3.22e-07	3.63e-04	1.60e-02	7.09e-02	6.99e-01	2.02e-01	1.11e-02
 2.47607e+22	9.64e-12	3.64e-07	4.08e-04	1.74e-02	7.52e-02	7.04e-01	1.93e-01	1.01e-02
 2.50205e+22	1.07e-11	4.03e-07	4.49e-04	1.86e-02	7.89e-02	7.07e-01	1.86e-01	9.31e-03
 2.52880e+22	1.24e-11	4.62e-07	5.08e-04	2.03e-02	8.35e-02	7.10e-01	1.77e-01	8.44e-03
 2.55666e+22	1.41e-11	5.19e-07	5.66e-04	2.19e-02	8.79e-02	7.12e-01	1.70e-01	7.70e-03
 2.58143e+22	1.59e-11	5.80e-07	6.25e-04	2.35e-02	9.19e-02	7.14e-01	1.63e-01	7.10e-03
 2.60910e+22	1.84e-11	6.65e-07	7.10e-04	2.57e-02	9.74e-02	7.15e-01	1.54e-01	6.36e-03
 2.63729e+22	2.09e-11	7.46e-07	7.88e-04	2.76e-02	1.02e-01	7.16e-01	1.48e-01	5.82e-03
 2.66619e+22	2.45e-11	8.64e-07	8.99e-04	3.02e-02	1.08e-01	7.16e-01	1.40e-01	5.20e-03
 2.69560e+22	2.80e-11	9.75e-07	1.00e-03	3.25e-02	1.13e-01	7.15e-01	1.33e-01	4.73e-03
 2.72173e+22	3.19e-11	1.10e-06	1.12e-03	3.49e-02	1.18e-01	7.14e-01	1.27e-01	4.31e-03
 2.75176e+22	3.79e-11	1.28e-06	1.28e-03	3.81e-02	1.25e-01	7.12e-01	1.20e-01	3.84e-03
 2.78266e+22	4.38e-11	1.46e-06	1.43e-03	4.12e-02	1.31e-01	7.10e-01	1.13e-01	3.45e-03
 2.81001e+22	5.05e-11	1.66e-06	1.60e-03	4.42e-02	1.37e-01	7.07e-01	1.08e-01	3.14e-03
 2.84088e+22	6.02e-11	1.94e-06	1.84e-03	4.84e-02	1.44e-01	7.02e-01	1.01e-01	2.76e-03
 2.87275e+22	7.01e-11	2.22e-06	2.07e-03	5.22e-02	1.51e-01	6.97e-01	9.50e-02	2.48e-03
 2.90592e+22	8.52e-11	2.64e-06	2.40e-03	5.74e-02	1.59e-01	6.91e-01	8.83e-02	2.16e-03
 2.93992e+22	9.99e-11	3.04e-06	2.71e-03	6.20e-02	1.67e-01	6.84e-01	8.28e-02	1.92e-03
 2.97028e+22	1.18e-10	3.50e-06	3.06e-03	6.69e-02	1.74e-01	6.77e-01	7.79e-02	1.72e-03
 2.99784e+22	1.35e-10	3.96e-06	3.39e-03	7.13e-02	1.80e-01	6.70e-01	7.37e-02	1.55e-03
 3.02229e+22	1.54e-10	4.43e-06	3.71e-03	7.55e-02	1.85e-01	6.64e-01	7.02e-02	1.42e-03
 3.04990e+22	1.81e-10	5.09e-06	4.18e-03	8.11e-02	1.92e-01	6.55e-01	6.58e-02	1.27e-03
 3.07912e+22	2.09e-10	5.77e-06	4.64e-03	8.65e-02	1.99e-01	6.47e-01	6.19e-02	1.14e-03
 3.10618e+22	2.43e-10	6.55e-06	5.15e-03	9.22e-02	2.06e-01	6.38e-01	5.83e-02	1.03e-03
 3.13715e+22	2.94e-10	7.72e-06	5.90e-03	1.00e-01	2.14e-01	6.25e-01	5.38e-02	8.90e-04
 3.16835e+22	3.42e-10	8.78e-06	6.56e-03	1.06e-01	2.21e-01	6.15e-01	5.04e-02	7.96e-04
 3.19989e+22	4.15e-10	1.03e-05	7.48e-03	1.15e-01	2.29e-01	6.01e-01	4.65e-02	6.93e-04
 3.23184e+22	4.87e-10	1.18e-05	8.35e-03	1.23e-01	2.36e-01	5.89e-01	4.33e-02	6.13e-04
 3.25966e+22	5.67e-10	1.34e-05	9.25e-03	1.30e-01	2.42e-01	5.77e-01	4.05e-02	5.47e-04
 3.29112e+22	6.88e-10	1.58e-05	1.05e-02	1.40e-01	2.50e-01	5.62e-01	3.70e-02	4.72e-04
 3.32346e+22	8.10e-10	1.81e-05	1.17e-02	1.49e-01	2.56e-01	5.48e-01	3.44e-02	4.18e-04
 3.35692e+22	1.00e-09	2.15e-05	1.34e-02	1.61e-01	2.64e-01	5.30e-01	3.12e-02	3.55e-04
 3.39061e+22	1.18e-09	2.47e-05	1.49e-02	1.71e-01	2.70e-01	5.15e-01	2.88e-02	3.11e-04
 3.42459e+22	1.45e-09	2.92e-05	1.70e-02	1.83e-01	2.77e-01	4.96e-01	2.60e-02	2.64e-04
 3.45973e+22	1.74e-09	3.39e-05	1.91e-02	1.95e-01	2.83e-01	4.79e-01	2.37e-02	2.27e-04
 3.49093e+22	2.07e-09	3.90e-05	2.12e-02	2.06e-01	2.88e-01	4.63e-01	2.17e-02	1.98e-04
 3.52606e+22	2.56e-09	4.64e-05	2.42e-02	2.21e-01	2.94e-01	4.42e-01	1.94e-02	1.66e-04
 3.56216e+22	3.09e-09	5.38e-05	2.70e-02	2.34e-01	2.98e-01	4.23e-01	1.75e-02	1.41e-04
 3.59406e+22	3.68e-09	6.19e-05	3.00e-02	2.46e-01	3.02e-01	4.06e-01	1.59e-02	1.21e-04
 3.63010e+22	4.59e-09	7.38e-05	3.41e-02	2.62e-01	3.05e-01	3.84e-01	1.41e-02	1.00e-04
 3.66725e+22	5.56e-09	8.59e-05	3.81e-02	2.76e-01	3.08e-01	3.65e-01	1.26e-02	8.42e-05
 3.70023e+22	6.67e-09	9.89e-05	4.21e-02	2.90e-01	3.09e-01	3.47e-01	1.13e-02	7.17e-05
 3.73748e+22	8.39e-09	1.18e-04	4.77e-02	3.07e-01	3.10e-01	3.25e-01	9.85e-03	5.83e-05
 3.77600e+22	1.02e-08	1.38e-04	5.31e-02	3.22e-01	3.10e-01	3.06e-01	8.69e-03	4.82e-05
 3.81041e+22	1.24e-08	1.59e-04	5.87e-02	3.36e-01	3.10e-01	2.88e-01	7.70e-03	4.03e-05
 3.84939e+22	1.58e-08	1.92e-04	6.66e-02	3.54e-01	3.07e-01	2.65e-01	6.57e-03	3.19e-05
 3.88937e+22	1.93e-08	2.23e-04	7.36e-02	3.69e-01	3.05e-01	2.47e-01	5.74e-03	2.61e-05
 3.93065e+22	2.49e-08	2.70e-04	8.35e-02	3.87e-01	3.00e-01	2.25e-01	4.80e-03	2.02e-05
 3.97258e+22	3.06e-08	3.14e-04	9.21e-02	4.01e-01	2.95e-01	2.07e-01	4.15e-03	1.63e-05
 4.01534e+22	3.98e-08	3.81e-04	1.04e-01	4.18e-01	2.88e-01	1.86e-01	3.42e-03	1.24e-05
 4.05867e+22	4.91e-08	4.43e-04	1.15e-01	4.31e-01	2.81e-01	1.70e-01	2.92e-03	9.85e-06
 4.09695e+22	6.04e-08	5.15e-04	1.26e-01	4.43e-01	2.73e-01	1.55e-01	2.48e-03	7.83e-06
 4.14091e+22	7.88e-08	6.23e-04	1.41e-01	4.57e-01	2.62e-01	1.37e-01	2.00e-03	5.80e-06
 4.18509e+22	9.69e-08	7.21e-04	1.54e-01	4.66e-01	2.53e-01	1.24e-01	1.69e-03	4.56e-06
 4.22078e+22	1.15e-07	8.14e-04	1.65e-01	4.74e-01	2.45e-01	1.14e-01	1.46e-03	3.71e-06
 4.25843e+22	1.43e-07	9.48e-04	1.80e-01	4.82e-01	2.35e-01	1.02e-01	1.21e-03	2.85e-06
 4.29672e+22	1.72e-07	1.07e-03	1.93e-01	4.87e-01	2.26e-01	9.21e-02	1.02e-03	2.28e-06
 4.33052e+22	2.04e-07	1.21e-03	2.06e-01	4.92e-01	2.17e-01	8.36e-02	8.75e-04	1.83e-06
 4.36912e+22	2.55e-07	1.41e-03	2.23e-01	4.96e-01	2.05e-01	7.37e-02	7.11e-04	1.38e-06
 4.40836e+22	3.05e-07	1.59e-03	2.38e-01	4.98e-01	1.95e-01	6.61e-02	5.97e-04	1.09e-06
 4.44843e+22	3.80e-07	1.84e-03	2.57e-01	4.99e-01	1.84e-01	5.78e-02	4.81e-04	8.09e-07
 4.48943e+22	4.61e-07	2.10e-03	2.74e-01	4.99e-01	1.73e-01	5.12e-02	3.96e-04	6.21e-07
 4.52532e+22	5.48e-07	2.35e-03	2.90e-01	4.98e-01	1.64e-01	4.57e-02	3.32e-04	4.88e-07
 4.55862e+22	6.42e-07	2.61e-03	3.05e-01	4.96e-01	1.55e-01	4.11e-02	2.81e-04	3.89e-07
 4.59005e+22	7.44e-07	2.88e-03	3.19e-01	4.93e-01	1.48e-01	3.72e-02	2.40e-04	3.14e-07
 4.62605e+22	9.00e-07	3.26e-03	3.38e-01	4.88e-01	1.38e-01	3.25e-02	1.95e-04	2.38e-07
 4.66262e+22	1.06e-06	3.62e-03	3.54e-01	4.84e-01	1.30e-01	2.90e-02	1.63e-04	1.87e-07
 4.69478e+22	1.23e-06	3.99e-03	3.70e-01	4.78e-01	1.22e-01	2.59e-02	1.37e-04	1.48e-07
 4.73141e+22	1.49e-06	4.51e-03	3.89e-01	4.71e-01	1.13e-01	2.25e-02	1.10e-04	0.00e+00
 4.76861e+22	1.74e-06	4.99e-03	4.06e-01	4.63e-01	1.06e-01	1.99e-02	9.09e-05	0.00e+00
 4.80141e+22	2.02e-06	5.48e-03	4.22e-01	4.56e-01	9.88e-02	1.77e-02	7.59e-05	0.00e+00
 4.83890e+22	2.44e-06	6.19e-03	4.43e-01	4.45e-01	9.05e-02	1.52e-02	6.00e-05	0.00e+00
 4.87680e+22	2.84e-06	6.81e-03	4.59e-01	4.36e-01	8.42e-02	1.34e-02	4.95e-05	0.00e+00
 4.91521e+22	3.42e-06	7.67e-03	4.80e-01	4.24e-01	7.66e-02	1.14e-02	3.88e-05	0.00e+00
 4.95417e+22	3.99e-06	8.45e-03	4.97e-01	4.14e-01	7.07e-02	9.97e-03	3.16e-05	0.00e+00
 4.99383e+22	4.82e-06	9.52e-03	5.18e-01	4.00e-01	6.39e-02	8.42e-03	2.45e-05	0.00e+00
 5.03393e+22	5.63e-06	1.05e-02	5.35e-01	3.88e-01	5.86e-02	7.31e-03	1.98e-05	0.00e+00
 5.07462e+22	6.80e-06	1.18e-02	5.56e-01	3.73e-01	5.25e-02	6.12e-03	1.51e-05	0.00e+00
 5.11584e+22	7.94e-06	1.29e-02	5.74e-01	3.60e-01	4.79e-02	5.27e-03	1.21e-05	0.00e+00
 5.15773e+22	9.61e-06	1.46e-02	5.94e-01	3.44e-01	4.25e-02	4.38e-03	9.13e-06	0.00e+00
 5.20036e+22	1.12e-05	1.60e-02	6.11e-01	3.31e-01	3.84e-02	3.74e-03	7.20e-06	0.00e+00
 5.24397e+22	1.36e-05	1.80e-02	6.32e-01	3.13e-01	3.38e-02	3.06e-03	5.36e-06	0.00e+00
 5.28843e+22	1.60e-05	1.98e-02	6.48e-01	2.99e-01	3.03e-02	2.59e-03	4.16e-06	0.00e+00
 5.31792e+22	1.72e-05	2.06e-02	6.56e-01	2.92e-01	2.86e-02	2.38e-03	3.67e-06	0.00e+00
 5.34017e+22	1.90e-05	2.19e-02	6.66e-01	2.83e-01	2.67e-02	2.14e-03	3.14e-06	0.00e+00
 5.36299e+22	2.05e-05	2.29e-02	6.74e-01	2.76e-01	2.52e-02	1.97e-03	2.76e-06	0.00e+00
 5.38656e+22	2.26e-05	2.43e-02	6.84e-01	2.67e-01	2.34e-02	1.77e-03	2.36e-06	0.00e+00
 5.41719e+22	2.59e-05	2.64e-02	6.96e-01	2.55e-01	2.12e-02	1.52e-03	1.89e-06	0.00e+00
 5.44515e+22	2.81e-05	2.77e-02	7.05e-01	2.47e-01	1.98e-02	1.38e-03	1.63e-06	0.00e+00
 5.46965e+22	3.12e-05	2.95e-02	7.14e-01	2.37e-01	1.82e-02	1.22e-03	1.37e-06	0.00e+00
 5.49443e+22	3.39e-05	3.09e-02	7.22e-01	2.29e-01	1.70e-02	1.11e-03	1.18e-06	0.00e+00
 5.51961e+22	3.77e-05	3.29e-02	7.31e-01	2.20e-01	1.57e-02	9.83e-04	9.92e-07	0.00e+00
 5.55234e+22	4.34e-05	3.58e-02	7.42e-01	2.07e-01	1.40e-02	8.34e-04	7.79e-07	0.00e+00
 5.58591e+22	4.86e-05	3.83e-02	7.51e-01	1.97e-01	1.26e-02	7.25e-04	6.35e-07	0.00e+00
 5.62060e+22	5.63e-05	4.18e-02	7.62e-01	1.84e-01	1.12e-02	6.08e-04	4.91e-07	0.00e+00
 5.65567e+22	6.34e-05	4.47e-02	7.71e-01	1.74e-01	1.00e-02	5.23e-04	3.94e-07	0.00e+00
 5.69125e+22	7.40e-05	4.91e-02	7.80e-01	1.61e-01	8.78e-03	4.34e-04	3.00e-07	0.00e+00
 5.72676e+22	8.35e-05	5.26e-02	7.88e-01	1.51e-01	7.84e-03	3.72e-04	2.40e-07	0.00e+00
 5.76219e+22	9.78e-05	5.78e-02	7.96e-01	1.39e-01	6.83e-03	3.06e-04	1.81e-07	0.00e+00
 5.79764e+22	1.11e-04	6.20e-02	8.02e-01	1.30e-01	6.08e-03	2.61e-04	1.44e-07	0.00e+00
 5.83312e+22	1.30e-04	6.84e-02	8.07e-01	1.19e-01	5.26e-03	2.13e-04	0.00e+00	0.00e+00
 5.86840e+22	1.48e-04	7.35e-02	8.12e-01	1.10e-01	4.67e-03	1.81e-04	0.00e+00	0.00e+00
 5.90341e+22	1.76e-04	8.15e-02	8.15e-01	9.95e-02	4.01e-03	1.46e-04	0.00e+00	0.00e+00
 5.93792e+22	2.02e-04	8.81e-02	8.16e-01	9.15e-02	3.55e-03	1.23e-04	0.00e+00	0.00e+00
 5.97178e+22	2.39e-04	9.75e-02	8.16e-01	8.26e-02	3.07e-03	9.90e-05	0.00e+00	0.00e+00
 6.00554e+22	2.75e-04	1.06e-01	8.16e-01	7.54e-02	2.71e-03	8.27e-05	0.00e+00	0.00e+00
 6.03916e+22	3.31e-04	1.18e-01	8.12e-01	6.73e-02	2.32e-03	6.58e-05	0.00e+00	0.00e+00
 6.07202e+22	3.82e-04	1.28e-01	8.09e-01	6.12e-02	2.06e-03	5.48e-05	0.00e+00	0.00e+00
 6.10390e+22	4.60e-04	1.42e-01	8.01e-01	5.43e-02	1.77e-03	4.34e-05	0.00e+00	0.00e+00
 6.13531e+22	5.33e-04	1.55e-01	7.94e-01	4.91e-02	1.57e-03	3.60e-05	0.00e+00	0.00e+00
 6.16612e+22	6.44e-04	1.72e-01	7.82e-01	4.34e-02	1.35e-03	2.83e-05	0.00e+00	0.00e+00
 6.19665e+22	7.52e-04	1.88e-01	7.71e-01	3.89e-02	1.20e-03	2.32e-05	0.00e+00	0.00e+00
 6.22262e+22	8.76e-04	2.05e-01	7.58e-01	3.50e-02	1.06e-03	1.90e-05	0.00e+00	0.00e+00
 6.24826e+22	1.02e-03	2.22e-01	7.44e-01	3.15e-02	9.45e-04	1.56e-05	0.00e+00	0.00e+00
 6.27769e+22	1.23e-03	2.47e-01	7.23e-01	2.73e-02	8.12e-04	1.20e-05	0.00e+00	0.00e+00
 6.30717e+22	1.46e-03	2.71e-01	7.03e-01	2.41e-02	7.11e-04	9.51e-06	0.00e+00	0.00e+00
 6.33191e+22	1.70e-03	2.93e-01	6.83e-01	2.13e-02	6.29e-04	7.65e-06	0.00e+00	0.00e+00
 6.35927e+22	2.06e-03	3.25e-01	6.54e-01	1.82e-02	5.35e-04	5.75e-06	0.00e+00	0.00e+00
 6.38710e+22	2.44e-03	3.55e-01	6.27e-01	1.57e-02	4.63e-04	4.44e-06	0.00e+00	0.00e+00
 6.41082e+22	2.86e-03	3.84e-01	5.99e-01	1.37e-02	4.02e-04	3.45e-06	0.00e+00	0.00e+00
 6.43692e+22	3.48e-03	4.24e-01	5.61e-01	1.13e-02	3.35e-04	2.49e-06	0.00e+00	0.00e+00
 6.46355e+22	4.17e-03	4.63e-01	5.24e-01	9.38e-03	2.79e-04	1.81e-06	0.00e+00	0.00e+00
 6.48589e+22	4.91e-03	4.99e-01	4.88e-01	7.84e-03	2.35e-04	1.34e-06	0.00e+00	0.00e+00
 6.50997e+22	5.98e-03	5.45e-01	4.42e-01	6.19e-03	1.87e-04	9.00e-07	0.00e+00	0.00e+00
 6.53453e+22	7.24e-03	5.92e-01	3.96e-01	4.82e-03	1.48e-04	6.00e-07	0.00e+00	0.00e+00
 6.55431e+22	8.53e-03	6.32e-01	3.56e-01	3.83e-03	1.18e-04	4.13e-07	0.00e+00	0.00e+00
 6.57148e+22	9.93e-03	6.69e-01	3.18e-01	3.04e-03	9.45e-05	2.86e-07	0.00e+00	0.00e+00
 6.59063e+22	1.19e-02	7.12e-01	2.73e-01	2.24e-03	7.03e-05	1.77e-07	0.00e+00	0.00e+00
 6.61033e+22	1.44e-02	7.55e-01	2.29e-01	1.60e-03	5.04e-05	0.00e+00	0.00e+00	0.00e+00
 6.62609e+22	1.70e-02	7.88e-01	1.93e-01	1.17e-03	3.69e-05	0.00e+00	0.00e+00	0.00e+00
 6.63915e+22	1.97e-02	8.15e-01	1.64e-01	8.78e-04	2.75e-05	0.00e+00	0.00e+00	0.00e+00
 6.65337e+22	2.35e-02	8.43e-01	1.33e-01	6.12e-04	1.89e-05	0.00e+00	0.00e+00	0.00e+00
 6.66820e+22	2.83e-02	8.67e-01	1.04e-01	4.14e-04	1.24e-05	0.00e+00	0.00e+00	0.00e+00
 6.68027e+22	3.36e-02	8.83e-01	8.28e-02	2.89e-04	8.29e-06	0.00e+00	0.00e+00	0.00e+00
 6.68979e+22	3.89e-02	8.93e-01	6.75e-02	2.15e-04	5.86e-06	0.00e+00	0.00e+00	0.00e+00
 6.69812e+22	4.45e-02	9.00e-01	5.53e-02	1.63e-04	4.19e-06	0.00e+00	0.00e+00	0.00e+00
 6.70625e+22	5.15e-02	9.04e-01	4.47e-02	1.24e-04	2.94e-06	0.00e+00	0.00e+00	0.00e+00
 6.71401e+22	5.96e-02	9.04e-01	3.59e-02	9.47e-05	2.04e-06	0.00e+00	0.00e+00	0.00e+00
 6.72100e+22	6.88e-02	9.02e-01	2.89e-02	7.41e-05	1.44e-06	0.00e+00	0.00e+00	0.00e+00
 6.72723e+22	7.87e-02	8.98e-01	2.35e-02	5.96e-05	1.03e-06	0.00e+00	0.00e+00	0.00e+00
 6.73301e+22	8.97e-02	8.91e-01	1.92e-02	4.87e-05	7.47e-07	0.00e+00	0.00e+00	0.00e+00
 6.73857e+22	1.02e-01	8.82e-01	1.56e-02	4.02e-05	5.41e-07	0.00e+00	0.00e+00	0.00e+00
 6.74393e+22	1.17e-01	8.71e-01	1.26e-02	3.37e-05	3.93e-07	0.00e+00	0.00e+00	0.00e+00
 6.74908e+22	1.33e-01	8.57e-01	1.02e-02	2.85e-05	2.87e-07	0.00e+00	0.00e+00	0.00e+00
 6.75401e+22	1.50e-01	8.41e-01	8.31e-03	2.44e-05	2.11e-07	0.00e+00	0.00e+00	0.00e+00
 6.75865e+22	1.69e-01	8.24e-01	6.79e-03	2.12e-05	1.58e-07	0.00e+00	0.00e+00	0.00e+00
 6.76286e+22	1.88e-01	8.06e-01	5.64e-03	1.88e-05	0.00e+00	0.00e+00	0.00e+00	0.00e+00
 6.76665e+22	2.07e-01	7.88e-01	4.75e-03	1.69e-05	0.00e+00	0.00e+00	0.00e+00	0.00e+00
 6.77018e+22	2.26e-01	7.70e-01	4.04e-03	1.54e-05	0.00e+00	0.00e+00	0.00e+00	0.00e+00
 6.77362e+22	2.45e-01	7.51e-01	3.44e-03	1.40e-05	0.00e+00	0.00e+00	0.00e+00	0.00e+00
 6.77705e+22	2.66e-01	7.31e-01	2.93e-03	1.29e-05	0.00e+00	0.00e+00	0.00e+00	0.00e+00
 6.78037e+22	2.86e-01	7.11e-01	2.50e-03	1.19e-05	0.00e+00	0.00e+00	0.00e+00	0.00e+00
 6.78351e+22	3.06e-01	6.92e-01	2.16e-03	1.10e-05	0.00e+00	0.00e+00	0.00e+00	0.00e+00
 6.78600e+22	3.22e-01	6.76e-01	1.93e-03	1.05e-05	0.00e+00	0.00e+00	0.00e+00	0.00e+00
 6.78778e+22	3.34e-01	6.65e-01	1.78e-03	1.01e-05	0.00e+00	0.00e+00	0.00e+00	0.00e+00
 6.78953e+22	3.46e-01	6.53e-01	1.63e-03	9.67e-06	0.00e+00	0.00e+00	0.00e+00	0.00e+00
 6.79155e+22	3.59e-01	6.40e-01	1.48e-03	9.26e-06	0.00e+00	0.00e+00	0.00e+00	0.00e+00
 6.79380e+22	3.75e-01	6.24e-01	1.33e-03	8.81e-06	0.00e+00	0.00e+00	0.00e+00	0.00e+00
 6.79606e+22	3.91e-01	6.08e-01	1.19e-03	8.39e-06	0.00e+00	0.00e+00	0.00e+00	0.00e+00
 6.79816e+22	4.05e-01	5.94e-01	1.08e-03	8.03e-06	0.00e+00	0.00e+00	0.00e+00	0.00e+00
 6.80025e+22	4.20e-01	5.79e-01	9.78e-04	7.69e-06	0.00e+00	0.00e+00	0.00e+00	0.00e+00
 6.80247e+22	4.36e-01	5.63e-01	8.78e-04	7.34e-06	0.00e+00	0.00e+00	0.00e+00	0.00e+00
 6.80477e+22	4.52e-01	5.47e-01	7.86e-04	6.99e-06	0.00e+00	0.00e+00	0.00e+00	0.00e+00
 6.80703e+22	4.68e-01	5.31e-01	7.07e-04	6.68e-06	0.00e+00	0.00e+00	0.00e+00	0.00e+00
 6.80928e+22	4.84e-01	5.16e-01	6.35e-04	6.38e-06	0.00e+00	0.00e+00	0.00e+00	0.00e+00
 6.81161e+22	5.00e-01	5.00e-01	5.69e-04	6.09e-06	0.00e+00	0.00e+00	0.00e+00	0.00e+00
 6.81402e+22	5.17e-01	4.83e-01	5.08e-04	5.80e-06	0.00e+00	0.00e+00	0.00e+00	0.00e+00
 6.81646e+22	5.33e-01	4.66e-01	4.54e-04	5.52e-06	0.00e+00	0.00e+00	0.00e+00	0.00e+00
 6.81888e+22	5.50e-01	4.50e-01	4.07e-04	5.26e-06	0.00e+00	0.00e+00	0.00e+00	0.00e+00
 6.82135e+22	5.66e-01	4.34e-01	3.64e-04	5.02e-06	0.00e+00	0.00e+00	0.00e+00	0.00e+00
 6.82392e+22	5.82e-01	4.17e-01	3.24e-04	4.77e-06	0.00e+00	0.00e+00	0.00e+00	0.00e+00
 6.82655e+22	5.99e-01	4.01e-01	2.89e-04	4.53e-06	0.00e+00	0.00e+00	0.00e+00	0.00e+00
 6.82918e+22	6.15e-01	3.85e-01	2.58e-04	4.31e-06	0.00e+00	0.00e+00	0.00e+00	0.00e+00
 6.83186e+22	6.30e-01	3.69e-01	2.31e-04	4.10e-06	0.00e+00	0.00e+00	0.00e+00	0.00e+00
 6.83466e+22	6.46e-01	3.53e-01	2.06e-04	3.90e-06	0.00e+00	0.00e+00	0.00e+00	0.00e+00
 6.83754e+22	6.62e-01	3.38e-01	1.84e-04	3.70e-06	0.00e+00	0.00e+00	0.00e+00	0.00e+00
 6.84045e+22	6.77e-01	3.23e-01	1.65e-04	3.51e-06	0.00e+00	0.00e+00	0.00e+00	0.00e+00
 6.84346e+22	6.92e-01	3.08e-01	1.48e-04	3.33e-06	0.00e+00	0.00e+00	0.00e+00	0.00e+00
 6.84659e+22	7.07e-01	2.93e-01	1.33e-04	3.16e-06	0.00e+00	0.00e+00	0.00e+00	0.00e+00
 6.84981e+22	7.21e-01	2.79e-01	1.20e-04	3.00e-06	0.00e+00	0.00e+00	0.00e+00	0.00e+00
 6.85303e+22	7.34e-01	2.66e-01	1.09e-04	2.85e-06	0.00e+00	0.00e+00	0.00e+00	0.00e+00
 6.85631e+22	7.47e-01	2.53e-01	9.89e-05	2.71e-06	0.00e+00	0.00e+00	0.00e+00	0.00e+00
 6.85974e+22	7.60e-01	2.40e-01	9.03e-05	2.58e-06	0.00e+00	0.00e+00	0.00e+00	0.00e+00
 6.86327e+22	7.72e-01	2.28e-01	8.28e-05	2.45e-06	0.00e+00	0.00e+00	0.00e+00	0.00e+00
 6.86691e+22	7.83e-01	2.17e-01	7.62e-05	2.34e-06	0.00e+00	0.00e+00	0.00e+00	0.00e+00
 6.87064e+22	7.94e-01	2.06e-01	7.06e-05	2.23e-06	0.00e+00	0.00e+00	0.00e+00	0.00e+00
 6.87452e+22	8.04e-01	1.96e-01	6.57e-05	2.13e-06	0.00e+00	0.00e+00	0.00e+00	0.00e+00
 6.87864e+22	8.14e-01	1.86e-01	6.13e-05	2.03e-06	0.00e+00	0.00e+00	0.00e+00	0.00e+00
 6.88301e+22	8.23e-01	1.76e-01	5.75e-05	1.94e-06	0.00e+00	0.00e+00	0.00e+00	0.00e+00
 6.88758e+22	8.33e-01	1.67e-01	5.41e-05	1.86e-06	0.00e+00	0.00e+00	0.00e+00	0.00e+00
 6.89244e+22	8.41e-01	1.59e-01	5.11e-05	1.78e-06	0.00e+00	0.00e+00	0.00e+00	0.00e+00
 6.89772e+22	8.50e-01	1.50e-01	4.84e-05	1.70e-06	0.00e+00	0.00e+00	0.00e+00	0.00e+00
 6.90347e+22	8.58e-01	1.42e-01	4.60e-05	1.62e-06	0.00e+00	0.00e+00	0.00e+00	0.00e+00
 6.90969e+22	8.66e-01	1.34e-01	4.38e-05	1.55e-06	0.00e+00	0.00e+00	0.00e+00	0.00e+00
 6.91630e+22	8.73e-01	1.27e-01	4.19e-05	1.49e-06	0.00e+00	0.00e+00	0.00e+00	0.00e+00
 6.92305e+22	8.80e-01	1.20e-01	4.02e-05	1.43e-06	0.00e+00	0.00e+00	0.00e+00	0.00e+00
 6.92979e+22	8.85e-01	1.15e-01	3.89e-05	1.38e-06	0.00e+00	0.00e+00	0.00e+00	0.00e+00
 6.93672e+22	8.91e-01	1.09e-01	3.76e-05	1.33e-06	0.00e+00	0.00e+00	0.00e+00	0.00e+00
 6.94374e+22	8.96e-01	1.04e-01	3.65e-05	1.28e-06	0.00e+00	0.00e+00	0.00e+00	0.00e+00
 6.95080e+22	9.01e-01	9.93e-02	3.54e-05	1.24e-06	0.00e+00	0.00e+00	0.00e+00	0.00e+00
 6.95790e+22	9.05e-01	9.50e-02	3.45e-05	1.20e-06	0.00e+00	0.00e+00	0.00e+00	0.00e+00
 6.96484e+22	9.09e-01	9.09e-02	3.36e-05	1.16e-06	0.00e+00	0.00e+00	0.00e+00	0.00e+00
 6.97178e+22	9.13e-01	8.71e-02	3.28e-05	1.13e-06	0.00e+00	0.00e+00	0.00e+00	0.00e+00
 6.97870e+22	9.16e-01	8.35e-02	3.21e-05	1.10e-06	0.00e+00	0.00e+00	0.00e+00	0.00e+00
 6.98553e+22	9.20e-01	8.01e-02	3.14e-05	1.07e-06	0.00e+00	0.00e+00	0.00e+00	0.00e+00
 6.99223e+22	9.23e-01	7.69e-02	3.08e-05	1.04e-06	0.00e+00	0.00e+00	0.00e+00	0.00e+00
 6.99877e+22	9.26e-01	7.40e-02	3.02e-05	1.02e-06	0.00e+00	0.00e+00	0.00e+00	0.00e+00
 7.00515e+22	9.29e-01	7.13e-02	2.97e-05	9.94e-07	0.00e+00	0.00e+00	0.00e+00	0.00e+00
 7.01136e+22	9.31e-01	6.87e-02	2.92e-05	9.73e-07	0.00e+00	0.00e+00	0.00e+00	0.00e+00
 7.01738e+22	9.34e-01	6.64e-02	2.87e-05	9.54e-07	0.00e+00	0.00e+00	0.00e+00	0.00e+00
 7.02321e+22	9.36e-01	6.42e-02	2.83e-05	9.38e-07	0.00e+00	0.00e+00	0.00e+00	0.00e+00
 7.02886e+22	9.38e-01	6.22e-02	2.79e-05	9.23e-07	0.00e+00	0.00e+00	0.00e+00	0.00e+00
 7.03434e+22	9.40e-01	6.03e-02	2.75e-05	9.09e-07	0.00e+00	0.00e+00	0.00e+00	0.00e+00
 7.03965e+22	9.41e-01	5.86e-02	2.71e-05	8.98e-07	0.00e+00	0.00e+00	0.00e+00	0.00e+00
 7.04471e+22	9.43e-01	5.71e-02	2.68e-05	8.89e-07	0.00e+00	0.00e+00	0.00e+00	0.00e+00
 7.04967e+22	9.44e-01	5.56e-02	2.65e-05	8.81e-07	0.00e+00	0.00e+00	0.00e+00	0.00e+00
 7.05450e+22	9.46e-01	5.43e-02	2.62e-05	8.75e-07	0.00e+00	0.00e+00	0.00e+00	0.00e+00
 7.05890e+22	9.47e-01	5.32e-02	2.60e-05	8.71e-07	0.00e+00	0.00e+00	0.00e+00	0.00e+00
 7.06290e+22	9.48e-01	5.23e-02	2.58e-05	8.69e-07	0.00e+00	0.00e+00	0.00e+00	0.00e+00
 7.06654e+22	9.48e-01	5.15e-02	2.56e-05	8.67e-07	0.00e+00	0.00e+00	0.00e+00	0.00e+00
 7.06986e+22	9.49e-01	5.08e-02	2.55e-05	8.67e-07	0.00e+00	0.00e+00	0.00e+00	0.00e+00
 7.07287e+22	9.50e-01	5.02e-02	2.53e-05	8.68e-07	0.00e+00	0.00e+00	0.00e+00	0.00e+00
 7.07562e+22	9.50e-01	4.97e-02	2.52e-05	8.69e-07	0.00e+00	0.00e+00	0.00e+00	0.00e+00
 7.07862e+22	9.51e-01	4.91e-02	2.50e-05	8.70e-07	0.00e+00	0.00e+00	0.00e+00	0.00e+00
 7.08187e+22	9.52e-01	4.84e-02	2.49e-05	8.71e-07	0.00e+00	0.00e+00	0.00e+00	0.00e+00
 7.08482e+22	9.52e-01	4.80e-02	2.47e-05	8.72e-07	0.00e+00	0.00e+00	0.00e+00	0.00e+00
 7.08751e+22	9.52e-01	4.76e-02	2.46e-05	8.77e-07	0.00e+00	0.00e+00	0.00e+00	0.00e+00
 7.08996e+22	9.53e-01	4.72e-02	2.45e-05	8.79e-07	0.00e+00	0.00e+00	0.00e+00	0.00e+00
 7.09264e+22	9.53e-01	4.68e-02	2.44e-05	8.80e-07	0.00e+00	0.00e+00	0.00e+00	0.00e+00
 7.09553e+22	9.54e-01	4.63e-02	2.43e-05	8.83e-07	0.00e+00	0.00e+00	0.00e+00	0.00e+00
 7.09816e+22	9.54e-01	4.60e-02	2.41e-05	8.86e-07	0.00e+00	0.00e+00	0.00e+00	0.00e+00
 7.10105e+22	9.54e-01	4.56e-02	2.40e-05	8.90e-07	0.00e+00	0.00e+00	0.00e+00	0.00e+00
 7.10416e+22	9.55e-01	4.52e-02	2.39e-05	8.93e-07	0.00e+00	0.00e+00	0.00e+00	0.00e+00
 7.10700e+22	9.55e-01	4.50e-02	2.38e-05	8.98e-07	0.00e+00	0.00e+00	0.00e+00	0.00e+00
 7.10958e+22	9.55e-01	4.47e-02	2.37e-05	8.96e-07	0.00e+00	0.00e+00	0.00e+00	0.00e+00
 7.11241e+22	9.56e-01	4.43e-02	2.35e-05	8.99e-07	0.00e+00	0.00e+00	0.00e+00	0.00e+00
 7.11546e+22	9.56e-01	4.40e-02	2.34e-05	9.02e-07	0.00e+00	0.00e+00	0.00e+00	0.00e+00
 7.11823e+22	9.56e-01	4.37e-02	2.33e-05	9.01e-07	0.00e+00	0.00e+00	0.00e+00	0.00e+00
 7.12128e+22	9.57e-01	4.34e-02	2.32e-05	9.04e-07	0.00e+00	0.00e+00	0.00e+00	0.00e+00
 7.12456e+22	9.57e-01	4.30e-02	2.31e-05	9.06e-07	0.00e+00	0.00e+00	0.00e+00	0.00e+00
 7.12755e+22	9.57e-01	4.28e-02	2.30e-05	9.14e-07	0.00e+00	0.00e+00	0.00e+00	0.00e+00
 7.13027e+22	9.57e-01	4.26e-02	2.28e-05	9.13e-07	0.00e+00	0.00e+00	0.00e+00	0.00e+00
 7.13325e+22	9.58e-01	4.23e-02	2.27e-05	9.16e-07	0.00e+00	0.00e+00	0.00e+00	0.00e+00
 7.13647e+22	9.58e-01	4.20e-02	2.26e-05	9.18e-07	0.00e+00	0.00e+00	0.00e+00	0.00e+00
 7.13940e+22	9.58e-01	4.18e-02	2.25e-05	9.27e-07	0.00e+00	0.00e+00	0.00e+00	0.00e+00
 7.14207e+22	9.58e-01	4.17e-02	2.24e-05	9.26e-07	0.00e+00	0.00e+00	0.00e+00	0.00e+00
 7.14499e+22	9.59e-01	4.14e-02	2.23e-05	9.32e-07	0.00e+00	0.00e+00	0.00e+00	0.00e+00
 7.14814e+22	9.59e-01	4.11e-02	2.22e-05	9.32e-07	0.00e+00	0.00e+00	0.00e+00	0.00e+00
 7.15159e+22	9.59e-01	4.08e-02	2.21e-05	9.38e-07	0.00e+00	0.00e+00	0.00e+00	0.00e+00
 7.15532e+22	9.59e-01	4.05e-02	2.21e-05	9.43e-07	0.00e+00	0.00e+00	0.00e+00	0.00e+00
 7.15872e+22	9.60e-01	4.03e-02	2.20e-05	9.47e-07	0.00e+00	0.00e+00	0.00e+00	0.00e+00
 7.16181e+22	9.60e-01	4.02e-02	2.20e-05	9.53e-07	0.00e+00	0.00e+00	0.00e+00	0.00e+00
 7.16462e+22	9.60e-01	4.01e-02	2.19e-05	9.63e-07	0.00e+00	0.00e+00	0.00e+00	0.00e+00
 7.16718e+22	9.60e-01	3.99e-02	2.19e-05	9.67e-07	0.00e+00	0.00e+00	0.00e+00	0.00e+00
 7.16998e+22	9.60e-01	3.97e-02	2.18e-05	9.70e-07	0.00e+00	0.00e+00	0.00e+00	0.00e+00
 7.17300e+22	9.61e-01	3.95e-02	2.18e-05	9.72e-07	0.00e+00	0.00e+00	0.00e+00	0.00e+00
 7.17632e+22	9.61e-01	3.92e-02	2.17e-05	9.79e-07	0.00e+00	0.00e+00	0.00e+00	0.00e+00
 7.17990e+22	9.61e-01	3.90e-02	2.17e-05	9.83e-07	0.00e+00	0.00e+00	0.00e+00	0.00e+00
 7.18316e+22	9.61e-01	3.88e-02	2.16e-05	9.91e-07	0.00e+00	0.00e+00	0.00e+00	0.00e+00
 7.18612e+22	9.61e-01	3.87e-02	2.16e-05	9.95e-07	0.00e+00	0.00e+00	0.00e+00	0.00e+00
 7.18937e+22	9.62e-01	3.84e-02	2.15e-05	9.97e-07	0.00e+00	0.00e+00	0.00e+00	0.00e+00
 7.19288e+22	9.62e-01	3.82e-02	2.14e-05	1.00e-06	0.00e+00	0.00e+00	0.00e+00	0.00e+00
 7.19607e+22	9.62e-01	3.80e-02	2.14e-05	1.01e-06	0.00e+00	0.00e+00	0.00e+00	0.00e+00
 7.19897e+22	9.62e-01	3.79e-02	2.13e-05	1.01e-06	0.00e+00	0.00e+00	0.00e+00	0.00e+00
 7.20215e+22	9.62e-01	3.76e-02	2.13e-05	1.01e-06	0.00e+00	0.00e+00	0.00e+00	0.00e+00
 7.20559e+22	9.63e-01	3.74e-02	2.12e-05	1.02e-06	0.00e+00	0.00e+00	0.00e+00	0.00e+00
 7.20871e+22	9.63e-01	3.72e-02	2.12e-05	1.02e-06	0.00e+00	0.00e+00	0.00e+00	0.00e+00
 7.21214e+22	9.63e-01	3.69e-02	2.11e-05	1.02e-06	0.00e+00	0.00e+00	0.00e+00	0.00e+00
 7.21584e+22	9.63e-01	3.67e-02	2.10e-05	1.02e-06	0.00e+00	0.00e+00	0.00e+00	0.00e+00
 7.21920e+22	9.63e-01	3.65e-02	2.10e-05	1.03e-06	0.00e+00	0.00e+00	0.00e+00	0.00e+00
 7.22227e+22	9.64e-01	3.64e-02	2.09e-05	1.02e-06	0.00e+00	0.00e+00	0.00e+00	0.00e+00
 7.22562e+22	9.64e-01	3.61e-02	2.08e-05	1.02e-06	0.00e+00	0.00e+00	0.00e+00	0.00e+00
 7.22924e+22	9.64e-01	3.59e-02	2.08e-05	1.03e-06	0.00e+00	0.00e+00	0.00e+00	0.00e+00
 7.23254e+22	9.64e-01	3.57e-02	2.07e-05	1.02e-06	0.00e+00	0.00e+00	0.00e+00	0.00e+00
 7.23615e+22	9.65e-01	3.54e-02	2.06e-05	1.02e-06	0.00e+00	0.00e+00	0.00e+00	0.00e+00
 7.24005e+22	9.65e-01	3.51e-02	2.05e-05	1.03e-06	0.00e+00	0.00e+00	0.00e+00	0.00e+00
 7.24360e+22	9.65e-01	3.49e-02	2.05e-05	1.02e-06	0.00e+00	0.00e+00	0.00e+00	0.00e+00
 7.24749e+22	9.65e-01	3.46e-02	2.04e-05	1.03e-06	0.00e+00	0.00e+00	0.00e+00	0.00e+00
 7.25169e+22	9.66e-01	3.43e-02	2.03e-05	1.02e-06	0.00e+00	0.00e+00	0.00e+00	0.00e+00
 7.25551e+22	9.66e-01	3.42e-02	2.03e-05	1.03e-06	0.00e+00	0.00e+00	0.00e+00	0.00e+00
 7.25899e+22	9.66e-01	3.40e-02	2.02e-05	1.03e-06	0.00e+00	0.00e+00	0.00e+00	0.00e+00
 7.26280e+22	9.66e-01	3.37e-02	2.01e-05	1.02e-06	0.00e+00	0.00e+00	0.00e+00	0.00e+00
 7.26691e+22	9.67e-01	3.34e-02	2.00e-05	1.03e-06	0.00e+00	0.00e+00	0.00e+00	0.00e+00
 7.27065e+22	9.67e-01	3.32e-02	1.99e-05	1.02e-06	0.00e+00	0.00e+00	0.00e+00	0.00e+00
 7.27476e+22	9.67e-01	3.29e-02	1.99e-05	1.02e-06	0.00e+00	0.00e+00	0.00e+00	0.00e+00
 7.27918e+22	9.67e-01	3.26e-02	1.98e-05	1.02e-06	0.00e+00	0.00e+00	0.00e+00	0.00e+00
 7.28321e+22	9.68e-01	3.24e-02	1.97e-05	1.02e-06	0.00e+00	0.00e+00	0.00e+00	0.00e+00
 7.28763e+22	9.68e-01	3.21e-02	1.96e-05	1.01e-06	0.00e+00	0.00e+00	0.00e+00	0.00e+00
 7.29240e+22	9.68e-01	3.18e-02	1.95e-05	1.01e-06	0.00e+00	0.00e+00	0.00e+00	0.00e+00
 7.29673e+22	9.68e-01	3.16e-02	1.94e-05	1.01e-06	0.00e+00	0.00e+00	0.00e+00	0.00e+00
 7.30068e+22	9.69e-01	3.14e-02	1.93e-05	1.01e-06	0.00e+00	0.00e+00	0.00e+00	0.00e+00
 7.30501e+22	9.69e-01	3.11e-02	1.92e-05	1.00e-06	0.00e+00	0.00e+00	0.00e+00	0.00e+00
 7.30968e+22	9.69e-01	3.08e-02	1.92e-05	1.00e-06	0.00e+00	0.00e+00	0.00e+00	0.00e+00
 7.31393e+22	9.69e-01	3.06e-02	1.91e-05	1.00e-06	0.00e+00	0.00e+00	0.00e+00	0.00e+00
 7.31858e+22	9.70e-01	3.03e-02	1.90e-05	9.95e-07	0.00e+00	0.00e+00	0.00e+00	0.00e+00
 7.32361e+22	9.70e-01	3.00e-02	1.89e-05	9.92e-07	0.00e+00	0.00e+00	0.00e+00	0.00e+00
 7.32818e+22	9.70e-01	2.98e-02	1.88e-05	9.88e-07	0.00e+00	0.00e+00	0.00e+00	0.00e+00
 7.33320e+22	9.71e-01	2.94e-02	1.87e-05	9.83e-07	0.00e+00	0.00e+00	0.00e+00	0.00e+00
 7.33861e+22	9.71e-01	2.91e-02	1.86e-05	9.79e-07	0.00e+00	0.00e+00	0.00e+00	0.00e+00
 7.34353e+22	9.71e-01	2.89e-02	1.85e-05	9.75e-07	0.00e+00	0.00e+00	0.00e+00	0.00e+00
 7.34893e+22	9.72e-01	2.85e-02	1.84e-05	9.68e-07	0.00e+00	0.00e+00	0.00e+00	0.00e+00
 7.35476e+22	9.72e-01	2.82e-02	1.83e-05	9.62e-07	0.00e+00	0.00e+00	0.00e+00	0.00e+00
 7.36006e+22	9.72e-01	2.80e-02	1.82e-05	9.58e-07	0.00e+00	0.00e+00	0.00e+00	0.00e+00
 7.36587e+22	9.72e-01	2.75e-02	1.80e-05	9.48e-07	0.00e+00	0.00e+00	0.00e+00	0.00e+00
 7.37214e+22	9.73e-01	2.72e-02	1.79e-05	9.42e-07	0.00e+00	0.00e+00	0.00e+00	0.00e+00
 7.37785e+22	9.73e-01	2.70e-02	1.78e-05	9.37e-07	0.00e+00	0.00e+00	0.00e+00	0.00e+00
 7.38410e+22	9.73e-01	2.65e-02	1.77e-05	9.26e-07	0.00e+00	0.00e+00	0.00e+00	0.00e+00
 7.39085e+22	9.74e-01	2.62e-02	1.75e-05	9.18e-07	0.00e+00	0.00e+00	0.00e+00	0.00e+00
 7.39700e+22	9.74e-01	2.60e-02	1.74e-05	9.13e-07	0.00e+00	0.00e+00	0.00e+00	0.00e+00
 7.40259e+22	9.74e-01	2.57e-02	1.73e-05	9.07e-07	0.00e+00	0.00e+00	0.00e+00	0.00e+00
 7.40872e+22	9.75e-01	2.53e-02	1.72e-05	8.95e-07	0.00e+00	0.00e+00	0.00e+00	0.00e+00
 7.41533e+22	9.75e-01	2.50e-02	1.71e-05	8.90e-07	0.00e+00	0.00e+00	0.00e+00	0.00e+00
 7.42135e+22	9.75e-01	2.48e-02	1.69e-05	8.81e-07	0.00e+00	0.00e+00	0.00e+00	0.00e+00
 7.42794e+22	9.76e-01	2.43e-02	1.68e-05	8.68e-07	0.00e+00	0.00e+00	0.00e+00	0.00e+00
 7.43507e+22	9.76e-01	2.40e-02	1.67e-05	8.62e-07	0.00e+00	0.00e+00	0.00e+00	0.00e+00
 7.44154e+22	9.76e-01	2.38e-02	1.65e-05	8.53e-07	0.00e+00	0.00e+00	0.00e+00	0.00e+00
 7.44865e+22	9.77e-01	2.33e-02	1.64e-05	8.38e-07	0.00e+00	0.00e+00	0.00e+00	0.00e+00
 7.45631e+22	9.77e-01	2.30e-02	1.62e-05	8.28e-07	0.00e+00	0.00e+00	0.00e+00	0.00e+00
 7.46329e+22	9.77e-01	2.28e-02	1.61e-05	8.21e-07	0.00e+00	0.00e+00	0.00e+00	0.00e+00
 7.46963e+22	9.77e-01	2.25e-02	1.60e-05	8.13e-07	0.00e+00	0.00e+00	0.00e+00	0.00e+00
 7.47659e+22	9.78e-01	2.21e-02	1.58e-05	7.98e-07	0.00e+00	0.00e+00	0.00e+00	0.00e+00
 7.48410e+22	9.78e-01	2.18e-02	1.57e-05	7.89e-07	0.00e+00	0.00e+00	0.00e+00	0.00e+00
 7.49093e+22	9.78e-01	2.16e-02	1.56e-05	7.82e-07	0.00e+00	0.00e+00	0.00e+00	0.00e+00
 7.49715e+22	9.79e-01	2.14e-02	1.55e-05	7.75e-07	0.00e+00	0.00e+00	0.00e+00	0.00e+00
 7.50397e+22	9.79e-01	2.09e-02	1.53e-05	7.60e-07	0.00e+00	0.00e+00	0.00e+00	0.00e+00
 7.51132e+22	9.79e-01	2.07e-02	1.52e-05	7.51e-07	0.00e+00	0.00e+00	0.00e+00	0.00e+00
 7.51802e+22	9.79e-01	2.05e-02	1.51e-05	7.44e-07	0.00e+00	0.00e+00	0.00e+00	0.00e+00
 7.52535e+22	9.80e-01	2.00e-02	1.49e-05	7.28e-07	0.00e+00	0.00e+00	0.00e+00	0.00e+00
 7.53327e+22	9.80e-01	1.98e-02	1.48e-05	7.18e-07	0.00e+00	0.00e+00	0.00e+00	0.00e+00
 7.54048e+22	9.80e-01	1.96e-02	1.47e-05	7.10e-07	0.00e+00	0.00e+00	0.00e+00	0.00e+00
 7.54838e+22	9.81e-01	1.91e-02	1.45e-05	6.94e-07	0.00e+00	0.00e+00	0.00e+00	0.00e+00
 7.55690e+22	9.81e-01	1.89e-02	1.44e-05	6.83e-07	0.00e+00	0.00e+00	0.00e+00	0.00e+00
 7.56466e+22	9.81e-01	1.86e-02	1.42e-05	6.75e-07	0.00e+00	0.00e+00	0.00e+00	0.00e+00
 7.57172e+22	9.82e-01	1.84e-02	1.41e-05	6.66e-07	0.00e+00	0.00e+00	0.00e+00	0.00e+00
 7.57946e+22	9.82e-01	1.80e-02	1.39e-05	6.50e-07	0.00e+00	0.00e+00	0.00e+00	0.00e+00
 7.58781e+22	9.82e-01	1.78e-02	1.38e-05	6.41e-07	0.00e+00	0.00e+00	0.00e+00	0.00e+00
 7.59541e+22	9.82e-01	1.76e-02	1.37e-05	6.32e-07	0.00e+00	0.00e+00	0.00e+00	0.00e+00
 7.60374e+22	9.83e-01	1.71e-02	1.35e-05	6.15e-07	0.00e+00	0.00e+00	0.00e+00	0.00e+00
 7.61273e+22	9.83e-01	1.69e-02	1.34e-05	6.05e-07	0.00e+00	0.00e+00	0.00e+00	0.00e+00
 7.62091e+22	9.83e-01	1.67e-02	1.32e-05	5.96e-07	0.00e+00	0.00e+00	0.00e+00	0.00e+00
 7.62988e+22	9.84e-01	1.62e-02	1.30e-05	5.78e-07	0.00e+00	0.00e+00	0.00e+00	0.00e+00
 7.63956e+22	9.84e-01	1.60e-02	1.29e-05	5.68e-07	0.00e+00	0.00e+00	0.00e+00	0.00e+00
 7.64837e+22	9.84e-01	1.58e-02	1.27e-05	5.59e-07	0.00e+00	0.00e+00	0.00e+00	0.00e+00
 7.65802e+22	9.85e-01	1.53e-02	1.26e-05	5.41e-07	0.00e+00	0.00e+00	0.00e+00	0.00e+00
 7.66978e+22	9.85e-01	1.49e-02	1.24e-05	5.23e-07	0.00e+00	0.00e+00	0.00e+00	0.00e+00
 7.68239e+22	9.85e-01	1.46e-02	1.21e-05	5.08e-07	0.00e+00	0.00e+00	0.00e+00	0.00e+00
 7.69511e+22	9.86e-01	1.42e-02	1.19e-05	4.93e-07	0.00e+00	0.00e+00	0.00e+00	0.00e+00
 7.70806e+22	9.86e-01	1.38e-02	1.17e-05	4.78e-07	0.00e+00	0.00e+00	0.00e+00	0.00e+00
 7.72119e+22	9.86e-01	1.35e-02	1.15e-05	4.63e-07	0.00e+00	0.00e+00	0.00e+00	0.00e+00
 7.73445e+22	9.87e-01	1.32e-02	1.13e-05	4.49e-07	0.00e+00	0.00e+00	0.00e+00	0.00e+00
 7.74783e+22	9.87e-01	1.28e-02	1.11e-05	4.34e-07	0.00e+00	0.00e+00	0.00e+00	0.00e+00
 7.76133e+22	9.87e-01	1.25e-02	1.09e-05	4.20e-07	0.00e+00	0.00e+00	0.00e+00	0.00e+00
 7.77495e+22	9.88e-01	1.22e-02	1.07e-05	4.07e-07	0.00e+00	0.00e+00	0.00e+00	0.00e+00
 7.78868e+22	9.88e-01	1.19e-02	1.05e-05	3.93e-07	0.00e+00	0.00e+00	0.00e+00	0.00e+00
 7.80252e+22	9.88e-01	1.16e-02	1.03e-05	3.80e-07	0.00e+00	0.00e+00	0.00e+00	0.00e+00
 7.81646e+22	9.89e-01	1.13e-02	1.01e-05	3.67e-07	0.00e+00	0.00e+00	0.00e+00	0.00e+00
 7.83050e+22	9.89e-01	1.10e-02	9.90e-06	3.55e-07	0.00e+00	0.00e+00	0.00e+00	0.00e+00
 7.84464e+22	9.89e-01	1.07e-02	9.71e-06	3.43e-07	0.00e+00	0.00e+00	0.00e+00	0.00e+00
 7.85886e+22	9.90e-01	1.04e-02	9.51e-06	3.31e-07	0.00e+00	0.00e+00	0.00e+00	0.00e+00
 7.87316e+22	9.90e-01	1.01e-02	9.32e-06	3.19e-07	0.00e+00	0.00e+00	0.00e+00	0.00e+00
 7.88754e+22	9.90e-01	9.86e-03	9.13e-06	3.08e-07	0.00e+00	0.00e+00	0.00e+00	0.00e+00
 7.90201e+22	9.90e-01	9.60e-03	8.94e-06	2.97e-07	0.00e+00	0.00e+00	0.00e+00	0.00e+00
 7.91659e+22	9.91e-01	9.34e-03	8.75e-06	2.86e-07	0.00e+00	0.00e+00	0.00e+00	0.00e+00
 7.93125e+22	9.91e-01	9.09e-03	8.57e-06	2.76e-07	0.00e+00	0.00e+00	0.00e+00	0.00e+00
 7.94599e+22	9.91e-01	8.85e-03	8.39e-06	2.66e-07	0.00e+00	0.00e+00	0.00e+00	0.00e+00
 7.96082e+22	9.91e-01	8.61e-03	8.21e-06	2.56e-07	0.00e+00	0.00e+00	0.00e+00	0.00e+00
 7.97575e+22	9.92e-01	8.38e-03	8.03e-06	2.46e-07	0.00e+00	0.00e+00	0.00e+00	0.00e+00
 7.99093e+22	9.92e-01	8.14e-03	7.84e-06	2.36e-07	0.00e+00	0.00e+00	0.00e+00	0.00e+00
 8.00639e+22	9.92e-01	7.91e-03	7.66e-06	2.27e-07	0.00e+00	0.00e+00	0.00e+00	0.00e+00
 8.02203e+22	9.92e-01	7.69e-03	7.48e-06	2.17e-07	0.00e+00	0.00e+00	0.00e+00	0.00e+00
 8.03784e+22	9.93e-01	7.47e-03	7.30e-06	2.08e-07	0.00e+00	0.00e+00	0.00e+00	0.00e+00
 8.05379e+22	9.93e-01	7.26e-03	7.13e-06	2.00e-07	0.00e+00	0.00e+00	0.00e+00	0.00e+00
 8.06989e+22	9.93e-01	7.05e-03	6.95e-06	1.91e-07	0.00e+00	0.00e+00	0.00e+00	0.00e+00
 8.08614e+22	9.93e-01	6.84e-03	6.78e-06	1.83e-07	0.00e+00	0.00e+00	0.00e+00	0.00e+00
 8.10256e+22	9.93e-01	6.64e-03	6.60e-06	1.75e-07	0.00e+00	0.00e+00	0.00e+00	0.00e+00
 8.11922e+22	9.94e-01	6.44e-03	6.43e-06	1.67e-07	0.00e+00	0.00e+00	0.00e+00	0.00e+00
 8.13612e+22	9.94e-01	6.24e-03	6.26e-06	1.59e-07	0.00e+00	0.00e+00	0.00e+00	0.00e+00
 8.15341e+22	9.94e-01	6.04e-03	6.08e-06	1.51e-07	0.00e+00	0.00e+00	0.00e+00	0.00e+00
 8.17110e+22	9.94e-01	5.85e-03	5.91e-06	1.44e-07	0.00e+00	0.00e+00	0.00e+00	0.00e+00
 8.18906e+22	9.94e-01	5.66e-03	5.74e-06	1.36e-07	0.00e+00	0.00e+00	0.00e+00	0.00e+00
 8.20733e+22	9.95e-01	5.47e-03	5.56e-06	1.29e-07	0.00e+00	0.00e+00	0.00e+00	0.00e+00
 8.22587e+22	9.95e-01	5.29e-03	5.39e-06	0.00e+00	0.00e+00	0.00e+00	0.00e+00	0.00e+00
 8.24473e+22	9.95e-01	5.11e-03	5.22e-06	0.00e+00	0.00e+00	0.00e+00	0.00e+00	0.00e+00
 8.26390e+22	9.95e-01	4.93e-03	5.05e-06	0.00e+00	0.00e+00	0.00e+00	0.00e+00	0.00e+00
 8.28343e+22	9.95e-01	4.75e-03	4.88e-06	0.00e+00	0.00e+00	0.00e+00	0.00e+00	0.00e+00
 8.30342e+22	9.95e-01	4.58e-03	4.71e-06	0.00e+00	0.00e+00	0.00e+00	0.00e+00	0.00e+00
 8.32386e+22	9.96e-01	4.41e-03	4.54e-06	0.00e+00	0.00e+00	0.00e+00	0.00e+00	0.00e+00
 8.34471e+22	9.96e-01	4.24e-03	4.37e-06	0.00e+00	0.00e+00	0.00e+00	0.00e+00	0.00e+00
 8.36601e+22	9.96e-01	4.07e-03	4.21e-06	0.00e+00	0.00e+00	0.00e+00	0.00e+00	0.00e+00
 8.38776e+22	9.96e-01	3.91e-03	4.04e-06	0.00e+00	0.00e+00	0.00e+00	0.00e+00	0.00e+00
 8.40999e+22	9.96e-01	3.74e-03	3.87e-06	0.00e+00	0.00e+00	0.00e+00	0.00e+00	0.00e+00
 8.43288e+22	9.96e-01	3.58e-03	3.71e-06	0.00e+00	0.00e+00	0.00e+00	0.00e+00	0.00e+00
 8.45633e+22	9.97e-01	3.42e-03	3.55e-06	0.00e+00	0.00e+00	0.00e+00	0.00e+00	0.00e+00
 8.47996e+22	9.97e-01	3.27e-03	3.39e-06	0.00e+00	0.00e+00	0.00e+00	0.00e+00	0.00e+00
 8.50367e+22	9.97e-01	3.13e-03	3.23e-06	0.00e+00	0.00e+00	0.00e+00	0.00e+00	0.00e+00
 8.52756e+22	9.97e-01	2.98e-03	3.08e-06	0.00e+00	0.00e+00	0.00e+00	0.00e+00	0.00e+00
 8.55169e+22	9.97e-01	2.84e-03	2.93e-06	0.00e+00	0.00e+00	0.00e+00	0.00e+00	0.00e+00
 8.57602e+22	9.97e-01	2.71e-03	2.79e-06	0.00e+00	0.00e+00	0.00e+00	0.00e+00	0.00e+00
 8.60052e+22	9.97e-01	2.58e-03	2.65e-06	0.00e+00	0.00e+00	0.00e+00	0.00e+00	0.00e+00
 8.62524e+22	9.98e-01	2.45e-03	2.52e-06	0.00e+00	0.00e+00	0.00e+00	0.00e+00	0.00e+00
 8.65018e+22	9.98e-01	2.33e-03	2.38e-06	0.00e+00	0.00e+00	0.00e+00	0.00e+00	0.00e+00
 8.67522e+22	9.98e-01	2.21e-03	2.26e-06	0.00e+00	0.00e+00	0.00e+00	0.00e+00	0.00e+00
 8.70036e+22	9.98e-01	2.10e-03	2.14e-06	0.00e+00	0.00e+00	0.00e+00	0.00e+00	0.00e+00
 8.72580e+22	9.98e-01	1.99e-03	2.02e-06	0.00e+00	0.00e+00	0.00e+00	0.00e+00	0.00e+00
 8.75147e+22	9.98e-01	1.88e-03	1.90e-06	0.00e+00	0.00e+00	0.00e+00	0.00e+00	0.00e+00
 8.77734e+22	9.98e-01	1.77e-03	1.79e-06	0.00e+00	0.00e+00	0.00e+00	0.00e+00	0.00e+00
 8.80351e+22	9.98e-01	1.67e-03	1.68e-06	0.00e+00	0.00e+00	0.00e+00	0.00e+00	0.00e+00
 8.82991e+22	9.98e-01	1.58e-03	1.58e-06	0.00e+00	0.00e+00	0.00e+00	0.00e+00	0.00e+00
 8.85654e+22	9.99e-01	1.48e-03	1.48e-06	0.00e+00	0.00e+00	0.00e+00	0.00e+00	0.00e+00
 8.88341e+22	9.99e-01	1.39e-03	1.39e-06	0.00e+00	0.00e+00	0.00e+00	0.00e+00	0.00e+00
 8.91054e+22	9.99e-01	1.30e-03	1.29e-06	0.00e+00	0.00e+00	0.00e+00	0.00e+00	0.00e+00
 8.93794e+22	9.99e-01	1.22e-03	1.21e-06	0.00e+00	0.00e+00	0.00e+00	0.00e+00	0.00e+00
 8.96561e+22	9.99e-01	1.14e-03	1.12e-06	0.00e+00	0.00e+00	0.00e+00	0.00e+00	0.00e+00
 8.99357e+22	9.99e-01	1.06e-03	1.04e-06	0.00e+00	0.00e+00	0.00e+00	0.00e+00	0.00e+00
 9.02183e+22	9.99e-01	9.89e-04	9.66e-07	0.00e+00	0.00e+00	0.00e+00	0.00e+00	0.00e+00
 9.05040e+22	9.99e-01	9.18e-04	8.93e-07	0.00e+00	0.00e+00	0.00e+00	0.00e+00	0.00e+00
 9.07932e+22	9.99e-01	8.51e-04	8.24e-07	0.00e+00	0.00e+00	0.00e+00	0.00e+00	0.00e+00
