#depth	O	O+	O+2	O+3	O+4	O+5	O+6	O+7	O+8	O[1]	O[2]	O[3]
 4.62852e+21	3.81e-17	3.43e-12	1.30e-08	3.52e-06	1.73e-04	2.59e-03	2.07e-01	5.12e-01	2.79e-01	3.81e-17	1.03e-26	1.08e-26
 1.02792e+22	3.80e-16	2.55e-11	7.46e-08	1.57e-05	5.83e-04	5.98e-03	3.10e-01	5.03e-01	1.81e-01	3.80e-16	2.18e-23	2.74e-23
 1.18124e+22	1.06e-15	6.29e-11	1.67e-07	3.18e-05	1.05e-03	8.98e-03	3.70e-01	4.81e-01	1.39e-01	1.06e-15	6.10e-23	7.69e-23
 1.25791e+22	1.70e-15	9.54e-11	2.45e-07	4.47e-05	1.39e-03	1.10e-02	4.02e-01	4.66e-01	1.20e-01	1.70e-15	9.77e-23	1.23e-22
 1.29311e+22	2.02e-15	1.11e-10	2.81e-07	5.06e-05	1.55e-03	1.18e-02	4.14e-01	4.59e-01	1.13e-01	2.02e-15	1.16e-22	1.46e-22
 1.31531e+22	2.49e-15	1.34e-10	3.35e-07	5.93e-05	1.77e-03	1.30e-02	4.29e-01	4.51e-01	1.05e-01	2.49e-15	1.43e-22	1.80e-22
 1.33746e+22	2.91e-15	1.54e-10	3.82e-07	6.69e-05	1.96e-03	1.40e-02	4.42e-01	4.43e-01	9.91e-02	2.91e-15	1.67e-22	2.11e-22
 1.35871e+22	3.49e-15	1.82e-10	4.45e-07	7.71e-05	2.22e-03	1.52e-02	4.56e-01	4.34e-01	9.22e-02	3.49e-15	2.00e-22	2.53e-22
 1.38040e+22	4.06e-15	2.08e-10	5.07e-07	8.70e-05	2.46e-03	1.64e-02	4.68e-01	4.26e-01	8.65e-02	4.06e-15	2.33e-22	2.94e-22
 1.40022e+22	4.68e-15	2.37e-10	5.74e-07	9.76e-05	2.71e-03	1.76e-02	4.80e-01	4.18e-01	8.13e-02	4.68e-15	2.69e-22	3.39e-22
 1.42215e+22	5.53e-15	2.77e-10	6.66e-07	1.12e-04	3.06e-03	1.92e-02	4.95e-01	4.08e-01	7.50e-02	5.53e-15	3.17e-22	4.00e-22
 1.44385e+22	6.30e-15	3.12e-10	7.47e-07	1.25e-04	3.35e-03	2.05e-02	5.06e-01	4.00e-01	7.05e-02	6.30e-15	3.62e-22	4.56e-22
 1.46582e+22	7.37e-15	3.61e-10	8.63e-07	1.43e-04	3.77e-03	2.23e-02	5.20e-01	3.89e-01	6.49e-02	7.37e-15	4.23e-22	5.33e-22
 1.48781e+22	8.32e-15	4.04e-10	9.62e-07	1.59e-04	4.12e-03	2.38e-02	5.31e-01	3.80e-01	6.09e-02	8.32e-15	4.78e-22	6.02e-22
 1.50984e+22	9.63e-15	4.63e-10	1.10e-06	1.81e-04	4.61e-03	2.58e-02	5.45e-01	3.69e-01	5.59e-02	9.63e-15	5.53e-22	6.97e-22
 1.53199e+22	1.08e-14	5.15e-10	1.23e-06	2.00e-04	5.02e-03	2.74e-02	5.55e-01	3.60e-01	5.24e-02	1.08e-14	6.19e-22	7.80e-22
 1.55429e+22	1.24e-14	5.87e-10	1.40e-06	2.28e-04	5.60e-03	2.97e-02	5.68e-01	3.49e-01	4.80e-02	1.24e-14	7.10e-22	8.95e-22
 1.57676e+22	1.38e-14	6.51e-10	1.55e-06	2.51e-04	6.08e-03	3.16e-02	5.77e-01	3.40e-01	4.49e-02	1.38e-14	7.91e-22	9.97e-22
 1.59945e+22	1.57e-14	7.38e-10	1.77e-06	2.85e-04	6.76e-03	3.41e-02	5.89e-01	3.28e-01	4.10e-02	1.57e-14	9.02e-22	1.14e-21
 1.62244e+22	1.74e-14	8.16e-10	1.96e-06	3.15e-04	7.34e-03	3.62e-02	5.99e-01	3.19e-01	3.82e-02	1.74e-14	1.00e-21	1.26e-21
 1.64583e+22	1.97e-14	9.22e-10	2.22e-06	3.57e-04	8.14e-03	3.91e-02	6.10e-01	3.07e-01	3.48e-02	1.97e-14	1.13e-21	1.43e-21
 1.66960e+22	2.19e-14	1.02e-09	2.46e-06	3.94e-04	8.83e-03	4.15e-02	6.19e-01	2.98e-01	3.23e-02	2.19e-14	1.26e-21	1.58e-21
 1.69385e+22	2.48e-14	1.16e-09	2.81e-06	4.47e-04	9.78e-03	4.48e-02	6.29e-01	2.86e-01	2.93e-02	2.48e-14	1.43e-21	1.80e-21
 1.71875e+22	2.75e-14	1.28e-09	3.12e-06	4.95e-04	1.06e-02	4.75e-02	6.37e-01	2.77e-01	2.71e-02	2.75e-14	1.58e-21	1.99e-21
 1.74447e+22	3.11e-14	1.45e-09	3.56e-06	5.64e-04	1.18e-02	5.14e-02	6.47e-01	2.65e-01	2.44e-02	3.11e-14	1.79e-21	2.25e-21
 1.77028e+22	3.45e-14	1.61e-09	3.95e-06	6.23e-04	1.27e-02	5.44e-02	6.54e-01	2.56e-01	2.25e-02	3.45e-14	1.99e-21	2.50e-21
 1.79209e+22	3.78e-14	1.76e-09	4.35e-06	6.84e-04	1.37e-02	5.73e-02	6.60e-01	2.47e-01	2.08e-02	3.78e-14	2.18e-21	2.74e-21
 1.81634e+22	4.23e-14	1.98e-09	4.92e-06	7.70e-04	1.50e-02	6.14e-02	6.68e-01	2.36e-01	1.89e-02	4.23e-14	2.44e-21	3.07e-21
 1.83954e+22	4.60e-14	2.16e-09	5.37e-06	8.36e-04	1.60e-02	6.42e-02	6.72e-01	2.29e-01	1.76e-02	4.60e-14	2.65e-21	3.34e-21
 1.86138e+22	5.09e-14	2.40e-09	5.99e-06	9.29e-04	1.73e-02	6.81e-02	6.78e-01	2.20e-01	1.61e-02	5.09e-14	2.94e-21	3.70e-21
 1.88353e+22	5.54e-14	2.61e-09	6.54e-06	1.01e-03	1.84e-02	7.12e-02	6.82e-01	2.13e-01	1.50e-02	5.54e-14	3.20e-21	4.02e-21
 1.90609e+22	6.11e-14	2.90e-09	7.31e-06	1.12e-03	1.99e-02	7.56e-02	6.86e-01	2.03e-01	1.36e-02	6.11e-14	3.53e-21	4.44e-21
 1.92879e+22	6.69e-14	3.17e-09	8.01e-06	1.22e-03	2.12e-02	7.89e-02	6.89e-01	1.97e-01	1.27e-02	6.69e-14	3.86e-21	4.86e-21
 1.95167e+22	7.39e-14	3.53e-09	8.96e-06	1.36e-03	2.29e-02	8.36e-02	6.93e-01	1.88e-01	1.15e-02	7.39e-14	4.27e-21	5.37e-21
 1.97485e+22	8.11e-14	3.88e-09	9.84e-06	1.48e-03	2.44e-02	8.72e-02	6.95e-01	1.81e-01	1.07e-02	8.11e-14	4.69e-21	5.89e-21
 1.99841e+22	8.99e-14	4.34e-09	1.11e-05	1.65e-03	2.63e-02	9.23e-02	6.98e-01	1.72e-01	9.64e-03	8.99e-14	5.20e-21	6.54e-21
 2.02235e+22	9.91e-14	4.79e-09	1.22e-05	1.80e-03	2.80e-02	9.64e-02	6.99e-01	1.66e-01	8.92e-03	9.91e-14	5.73e-21	7.21e-21
 2.04676e+22	1.10e-13	5.38e-09	1.37e-05	2.02e-03	3.02e-02	1.02e-01	7.00e-01	1.58e-01	8.02e-03	1.10e-13	6.39e-21	8.04e-21
 2.07163e+22	1.22e-13	5.97e-09	1.52e-05	2.21e-03	3.22e-02	1.06e-01	7.01e-01	1.51e-01	7.39e-03	1.22e-13	7.09e-21	8.92e-21
 2.09708e+22	1.37e-13	6.76e-09	1.73e-05	2.47e-03	3.48e-02	1.13e-01	7.01e-01	1.43e-01	6.61e-03	1.37e-13	7.95e-21	1.00e-20
 2.12303e+22	1.54e-13	7.57e-09	1.93e-05	2.72e-03	3.70e-02	1.17e-01	7.00e-01	1.37e-01	6.07e-03	1.54e-13	8.93e-21	1.12e-20
 2.14963e+22	1.73e-13	8.61e-09	2.20e-05	3.06e-03	4.01e-02	1.24e-01	6.98e-01	1.29e-01	5.39e-03	1.73e-13	1.00e-20	1.26e-20
 2.17634e+22	1.94e-13	9.67e-09	2.45e-05	3.35e-03	4.26e-02	1.29e-01	6.96e-01	1.23e-01	4.94e-03	1.94e-13	1.13e-20	1.41e-20
 2.20320e+22	2.20e-13	1.11e-08	2.81e-05	3.77e-03	4.60e-02	1.37e-01	6.93e-01	1.16e-01	4.38e-03	2.20e-13	1.28e-20	1.61e-20
 2.23047e+22	2.49e-13	1.25e-08	3.15e-05	4.15e-03	4.89e-02	1.42e-01	6.90e-01	1.10e-01	4.00e-03	2.49e-13	1.45e-20	1.82e-20
 2.25419e+22	2.76e-13	1.40e-08	3.50e-05	4.54e-03	5.18e-02	1.48e-01	6.87e-01	1.05e-01	3.65e-03	2.76e-13	1.61e-20	2.02e-20
 2.28095e+22	3.17e-13	1.62e-08	4.02e-05	5.10e-03	5.58e-02	1.55e-01	6.82e-01	9.86e-02	3.23e-03	3.17e-13	1.85e-20	2.32e-20
 2.30799e+22	3.59e-13	1.84e-08	4.51e-05	5.59e-03	5.91e-02	1.61e-01	6.77e-01	9.38e-02	2.95e-03	3.59e-13	2.09e-20	2.63e-20
 2.33053e+22	3.99e-13	2.04e-08	4.98e-05	6.06e-03	6.22e-02	1.66e-01	6.73e-01	8.96e-02	2.71e-03	3.99e-13	2.33e-20	2.92e-20
 2.35498e+22	4.53e-13	2.34e-08	5.66e-05	6.73e-03	6.63e-02	1.74e-01	6.67e-01	8.43e-02	2.42e-03	4.53e-13	2.64e-20	3.32e-20
 2.37923e+22	5.06e-13	2.62e-08	6.25e-05	7.29e-03	6.96e-02	1.79e-01	6.61e-01	8.05e-02	2.23e-03	5.06e-13	2.96e-20	3.71e-20
 2.40322e+22	5.81e-13	3.01e-08	7.09e-05	8.05e-03	7.40e-02	1.86e-01	6.54e-01	7.60e-02	2.01e-03	5.81e-13	3.40e-20	4.26e-20
 2.42822e+22	6.55e-13	3.40e-08	7.92e-05	8.78e-03	7.80e-02	1.92e-01	6.47e-01	7.20e-02	1.82e-03	6.55e-13	3.83e-20	4.81e-20
 2.45069e+22	7.40e-13	3.84e-08	8.81e-05	9.53e-03	8.19e-02	1.97e-01	6.41e-01	6.86e-02	1.67e-03	7.40e-13	4.34e-20	5.44e-20
 2.47607e+22	8.57e-13	4.47e-08	1.01e-04	1.06e-02	8.72e-02	2.05e-01	6.31e-01	6.41e-02	1.48e-03	8.57e-13	5.03e-20	6.31e-20
 2.50205e+22	9.69e-13	5.07e-08	1.13e-04	1.15e-02	9.17e-02	2.11e-01	6.23e-01	6.07e-02	1.34e-03	9.69e-13	5.69e-20	7.14e-20
 2.52880e+22	1.15e-12	5.99e-08	1.30e-04	1.28e-02	9.76e-02	2.19e-01	6.13e-01	5.66e-02	1.19e-03	1.15e-12	6.76e-20	8.48e-20
 2.55666e+22	1.33e-12	6.93e-08	1.47e-04	1.41e-02	1.03e-01	2.26e-01	6.03e-01	5.31e-02	1.07e-03	1.33e-12	7.83e-20	9.82e-20
 2.58143e+22	1.53e-12	7.95e-08	1.66e-04	1.54e-02	1.08e-01	2.31e-01	5.93e-01	5.02e-02	9.66e-04	1.53e-12	9.04e-20	1.13e-19
 2.60910e+22	1.83e-12	9.47e-08	1.92e-04	1.72e-02	1.15e-01	2.39e-01	5.81e-01	4.64e-02	8.46e-04	1.83e-12	1.08e-19	1.35e-19
 2.63729e+22	2.12e-12	1.09e-07	2.17e-04	1.88e-02	1.21e-01	2.46e-01	5.70e-01	4.35e-02	7.59e-04	2.12e-12	1.26e-19	1.57e-19
 2.66619e+22	2.58e-12	1.32e-07	2.53e-04	2.10e-02	1.29e-01	2.53e-01	5.55e-01	4.01e-02	6.61e-04	2.58e-12	1.53e-19	1.91e-19
 2.69560e+22	3.03e-12	1.54e-07	2.88e-04	2.30e-02	1.36e-01	2.60e-01	5.43e-01	3.74e-02	5.89e-04	3.03e-12	1.80e-19	2.25e-19
 2.72173e+22	3.56e-12	1.79e-07	3.26e-04	2.51e-02	1.43e-01	2.65e-01	5.31e-01	3.50e-02	5.26e-04	3.56e-12	2.11e-19	2.65e-19
 2.75176e+22	4.38e-12	2.18e-07	3.82e-04	2.81e-02	1.52e-01	2.72e-01	5.15e-01	3.20e-02	4.55e-04	4.38e-12	2.61e-19	3.27e-19
 2.78266e+22	5.24e-12	2.58e-07	4.38e-04	3.09e-02	1.60e-01	2.78e-01	5.01e-01	2.96e-02	4.00e-04	5.24e-12	3.12e-19	3.91e-19
 2.81001e+22	6.23e-12	3.02e-07	4.98e-04	3.37e-02	1.67e-01	2.84e-01	4.87e-01	2.75e-02	3.55e-04	6.23e-12	3.72e-19	4.66e-19
 2.84088e+22	7.76e-12	3.71e-07	5.85e-04	3.77e-02	1.77e-01	2.90e-01	4.69e-01	2.50e-02	3.04e-04	7.76e-12	4.65e-19	5.82e-19
 2.87275e+22	9.38e-12	4.41e-07	6.71e-04	4.14e-02	1.86e-01	2.95e-01	4.54e-01	2.29e-02	2.65e-04	9.38e-12	5.64e-19	7.05e-19
 2.90592e+22	1.20e-11	5.49e-07	7.97e-04	4.65e-02	1.97e-01	3.00e-01	4.34e-01	2.06e-02	2.24e-04	1.20e-11	7.21e-19	9.01e-19
 2.93992e+22	1.46e-11	6.59e-07	9.21e-04	5.12e-02	2.07e-01	3.04e-01	4.18e-01	1.88e-02	1.93e-04	1.46e-11	8.84e-19	1.11e-18
 2.97028e+22	1.79e-11	7.88e-07	1.06e-03	5.61e-02	2.16e-01	3.08e-01	4.02e-01	1.71e-02	1.68e-04	1.79e-11	1.09e-18	1.36e-18
 2.99784e+22	2.14e-11	9.20e-07	1.19e-03	6.07e-02	2.25e-01	3.10e-01	3.87e-01	1.58e-02	1.48e-04	2.14e-11	1.30e-18	1.62e-18
 3.02229e+22	2.50e-11	1.05e-06	1.32e-03	6.50e-02	2.32e-01	3.12e-01	3.75e-01	1.47e-02	1.32e-04	2.50e-11	1.52e-18	1.90e-18
 3.04990e+22	3.07e-11	1.26e-06	1.51e-03	7.09e-02	2.42e-01	3.14e-01	3.59e-01	1.34e-02	1.14e-04	3.07e-11	1.87e-18	2.34e-18
 3.07912e+22	3.68e-11	1.47e-06	1.71e-03	7.67e-02	2.50e-01	3.15e-01	3.44e-01	1.22e-02	9.99e-05	3.68e-11	2.25e-18	2.82e-18
 3.10618e+22	4.43e-11	1.73e-06	1.92e-03	8.27e-02	2.59e-01	3.15e-01	3.30e-01	1.12e-02	8.74e-05	4.43e-11	2.72e-18	3.40e-18
 3.13715e+22	5.64e-11	2.12e-06	2.24e-03	9.11e-02	2.70e-01	3.16e-01	3.11e-01	9.94e-03	7.30e-05	5.64e-11	3.48e-18	4.34e-18
 3.16835e+22	6.82e-11	2.49e-06	2.52e-03	9.82e-02	2.79e-01	3.15e-01	2.97e-01	9.05e-03	6.34e-05	6.82e-11	4.22e-18	5.26e-18
 3.19989e+22	8.66e-11	3.03e-06	2.92e-03	1.08e-01	2.89e-01	3.14e-01	2.79e-01	8.02e-03	5.31e-05	8.66e-11	5.38e-18	6.71e-18
 3.23184e+22	1.06e-10	3.58e-06	3.31e-03	1.16e-01	2.98e-01	3.12e-01	2.64e-01	7.22e-03	4.55e-05	1.06e-10	6.61e-18	8.24e-18
 3.25966e+22	1.28e-10	4.19e-06	3.70e-03	1.24e-01	3.06e-01	3.09e-01	2.51e-01	6.54e-03	3.93e-05	1.28e-10	8.02e-18	9.99e-18
 3.29112e+22	1.63e-10	5.10e-06	4.28e-03	1.35e-01	3.15e-01	3.06e-01	2.34e-01	5.74e-03	3.25e-05	1.63e-10	1.03e-17	1.28e-17
 3.32346e+22	2.00e-10	5.99e-06	4.80e-03	1.45e-01	3.23e-01	3.02e-01	2.20e-01	5.16e-03	2.78e-05	2.00e-10	1.26e-17	1.57e-17
 3.35692e+22	2.60e-10	7.39e-06	5.59e-03	1.58e-01	3.32e-01	2.96e-01	2.03e-01	4.46e-03	2.25e-05	2.60e-10	1.65e-17	2.05e-17
 3.39061e+22	3.20e-10	8.70e-06	6.28e-03	1.69e-01	3.39e-01	2.91e-01	1.90e-01	3.97e-03	1.91e-05	3.20e-10	2.04e-17	2.54e-17
 3.42459e+22	4.13e-10	1.06e-05	7.24e-03	1.84e-01	3.47e-01	2.84e-01	1.75e-01	3.42e-03	1.55e-05	4.13e-10	2.66e-17	3.30e-17
 3.45973e+22	5.19e-10	1.27e-05	8.20e-03	1.97e-01	3.53e-01	2.77e-01	1.62e-01	2.99e-03	1.28e-05	5.19e-10	3.35e-17	4.17e-17
 3.49093e+22	6.41e-10	1.50e-05	9.19e-03	2.09e-01	3.58e-01	2.71e-01	1.50e-01	2.63e-03	1.07e-05	6.41e-10	4.16e-17	5.17e-17
 3.52606e+22	8.37e-10	1.83e-05	1.06e-02	2.26e-01	3.63e-01	2.61e-01	1.36e-01	2.24e-03	8.51e-06	8.37e-10	5.48e-17	6.80e-17
 3.56216e+22	1.06e-09	2.19e-05	1.19e-02	2.41e-01	3.67e-01	2.53e-01	1.25e-01	1.93e-03	6.93e-06	1.06e-09	6.96e-17	8.64e-17
 3.59406e+22	1.31e-09	2.57e-05	1.33e-02	2.55e-01	3.70e-01	2.45e-01	1.15e-01	1.69e-03	5.73e-06	1.31e-09	8.69e-17	1.08e-16
 3.63010e+22	1.72e-09	3.14e-05	1.53e-02	2.73e-01	3.73e-01	2.34e-01	1.03e-01	1.41e-03	4.50e-06	1.72e-09	1.15e-16	1.43e-16
 3.66725e+22	2.18e-09	3.75e-05	1.72e-02	2.90e-01	3.74e-01	2.24e-01	9.35e-02	1.21e-03	3.61e-06	2.18e-09	1.47e-16	1.82e-16
 3.70023e+22	2.71e-09	4.40e-05	1.91e-02	3.05e-01	3.74e-01	2.15e-01	8.51e-02	1.04e-03	2.94e-06	2.71e-09	1.85e-16	2.29e-16
 3.73748e+22	3.58e-09	5.37e-05	2.18e-02	3.25e-01	3.74e-01	2.03e-01	7.54e-02	8.57e-04	2.27e-06	3.58e-09	2.47e-16	3.06e-16
 3.77600e+22	4.56e-09	6.40e-05	2.45e-02	3.43e-01	3.72e-01	1.93e-01	6.75e-02	7.20e-04	1.79e-06	4.56e-09	3.19e-16	3.94e-16
 3.81041e+22	5.73e-09	7.53e-05	2.72e-02	3.59e-01	3.69e-01	1.83e-01	6.07e-02	6.10e-04	1.43e-06	5.73e-09	4.05e-16	5.01e-16
 3.84939e+22	7.67e-09	9.26e-05	3.11e-02	3.80e-01	3.65e-01	1.70e-01	5.27e-02	4.91e-04	1.07e-06	7.67e-09	5.51e-16	6.82e-16
 3.88937e+22	9.75e-09	1.10e-04	3.46e-02	3.98e-01	3.60e-01	1.60e-01	4.68e-02	4.09e-04	8.35e-07	9.75e-09	7.11e-16	8.79e-16
 3.93065e+22	1.32e-08	1.36e-04	3.96e-02	4.20e-01	3.53e-01	1.47e-01	4.00e-02	3.22e-04	6.07e-07	1.32e-08	9.87e-16	1.22e-15
 3.97258e+22	1.69e-08	1.60e-04	4.40e-02	4.37e-01	3.47e-01	1.37e-01	3.52e-02	2.65e-04	4.68e-07	1.69e-08	1.28e-15	1.58e-15
 4.01534e+22	2.31e-08	1.99e-04	5.02e-02	4.58e-01	3.37e-01	1.24e-01	2.97e-02	2.05e-04	3.33e-07	2.31e-08	1.80e-15	2.22e-15
 4.05867e+22	2.95e-08	2.35e-04	5.56e-02	4.75e-01	3.28e-01	1.15e-01	2.58e-02	1.67e-04	2.53e-07	2.95e-08	2.35e-15	2.91e-15
 4.09695e+22	3.76e-08	2.77e-04	6.15e-02	4.91e-01	3.19e-01	1.06e-01	2.24e-02	1.35e-04	1.92e-07	3.76e-08	3.08e-15	3.80e-15
 4.14091e+22	5.13e-08	3.41e-04	6.97e-02	5.10e-01	3.07e-01	9.48e-02	1.86e-02	1.03e-04	1.34e-07	5.13e-08	4.35e-15	5.37e-15
 4.18509e+22	6.53e-08	4.01e-04	7.67e-02	5.24e-01	2.96e-01	8.68e-02	1.60e-02	8.27e-05	0.00e+00	6.53e-08	5.69e-15	7.02e-15
 4.22078e+22	7.98e-08	4.57e-04	8.29e-02	5.35e-01	2.87e-01	8.03e-02	1.41e-02	6.86e-05	0.00e+00	7.98e-08	7.12e-15	8.79e-15
 4.25843e+22	1.03e-07	5.40e-04	9.14e-02	5.48e-01	2.75e-01	7.26e-02	1.20e-02	5.42e-05	0.00e+00	1.03e-07	9.46e-15	1.17e-14
 4.29672e+22	1.27e-07	6.20e-04	9.90e-02	5.58e-01	2.65e-01	6.66e-02	1.04e-02	4.42e-05	0.00e+00	1.27e-07	1.19e-14	1.47e-14
 4.33052e+22	1.55e-07	7.06e-04	1.07e-01	5.67e-01	2.55e-01	6.11e-02	9.12e-03	3.64e-05	0.00e+00	1.55e-07	1.49e-14	1.84e-14
 4.36912e+22	2.00e-07	8.33e-04	1.17e-01	5.77e-01	2.43e-01	5.46e-02	7.65e-03	2.82e-05	0.00e+00	2.00e-07	1.99e-14	2.45e-14
 4.40836e+22	2.45e-07	9.52e-04	1.26e-01	5.84e-01	2.32e-01	4.96e-02	6.60e-03	2.28e-05	0.00e+00	2.45e-07	2.50e-14	3.08e-14
 4.44843e+22	3.16e-07	1.12e-03	1.38e-01	5.91e-01	2.20e-01	4.40e-02	5.49e-03	1.75e-05	0.00e+00	3.16e-07	3.32e-14	4.08e-14
 4.48943e+22	3.94e-07	1.29e-03	1.50e-01	5.97e-01	2.08e-01	3.96e-02	4.67e-03	1.39e-05	0.00e+00	3.94e-07	4.24e-14	5.21e-14
 4.52532e+22	4.81e-07	1.47e-03	1.60e-01	6.00e-01	1.98e-01	3.58e-02	4.02e-03	1.12e-05	0.00e+00	4.81e-07	5.28e-14	6.49e-14
 4.55862e+22	5.78e-07	1.65e-03	1.71e-01	6.02e-01	1.89e-01	3.26e-02	3.49e-03	9.17e-06	0.00e+00	5.78e-07	6.46e-14	7.94e-14
 4.59005e+22	6.85e-07	1.84e-03	1.81e-01	6.04e-01	1.81e-01	2.98e-02	3.06e-03	7.60e-06	0.00e+00	6.85e-07	7.80e-14	9.57e-14
 4.62605e+22	8.54e-07	2.12e-03	1.94e-01	6.04e-01	1.70e-01	2.64e-02	2.57e-03	5.93e-06	0.00e+00	8.54e-07	9.97e-14	1.22e-13
 4.66262e+22	1.03e-06	2.38e-03	2.07e-01	6.04e-01	1.61e-01	2.39e-02	2.21e-03	4.80e-06	0.00e+00	1.03e-06	1.22e-13	1.50e-13
 4.69478e+22	1.22e-06	2.66e-03	2.19e-01	6.02e-01	1.53e-01	2.16e-02	1.92e-03	3.91e-06	0.00e+00	1.22e-06	1.48e-13	1.81e-13
 4.73141e+22	1.52e-06	3.05e-03	2.34e-01	5.99e-01	1.43e-01	1.90e-02	1.60e-03	3.02e-06	0.00e+00	1.52e-06	1.89e-13	2.31e-13
 4.76861e+22	1.83e-06	3.42e-03	2.48e-01	5.96e-01	1.34e-01	1.70e-02	1.36e-03	2.42e-06	0.00e+00	1.83e-06	2.32e-13	2.83e-13
 4.80141e+22	2.17e-06	3.81e-03	2.62e-01	5.91e-01	1.26e-01	1.53e-02	1.17e-03	1.96e-06	0.00e+00	2.17e-06	2.80e-13	3.42e-13
 4.83890e+22	2.70e-06	4.37e-03	2.80e-01	5.84e-01	1.17e-01	1.33e-02	9.65e-04	1.49e-06	0.00e+00	2.70e-06	3.59e-13	4.38e-13
 4.87680e+22	3.21e-06	4.87e-03	2.96e-01	5.77e-01	1.10e-01	1.19e-02	8.23e-04	1.19e-06	0.00e+00	3.21e-06	4.36e-13	5.30e-13
 4.91521e+22	4.00e-06	5.58e-03	3.15e-01	5.67e-01	1.01e-01	1.03e-02	6.72e-04	8.97e-07	0.00e+00	4.00e-06	5.58e-13	6.78e-13
 4.95417e+22	4.78e-06	6.23e-03	3.32e-01	5.58e-01	9.36e-02	9.06e-03	5.66e-04	7.05e-07	0.00e+00	4.78e-06	6.81e-13	8.28e-13
 4.99383e+22	5.95e-06	7.14e-03	3.54e-01	5.45e-01	8.54e-02	7.75e-03	4.58e-04	5.25e-07	0.00e+00	5.95e-06	8.75e-13	1.06e-12
 5.03393e+22	7.09e-06	7.95e-03	3.73e-01	5.34e-01	7.88e-02	6.79e-03	3.82e-04	4.08e-07	0.00e+00	7.09e-06	1.07e-12	1.30e-12
 5.07462e+22	8.84e-06	9.11e-03	3.96e-01	5.18e-01	7.12e-02	5.74e-03	3.05e-04	2.99e-07	0.00e+00	8.84e-06	1.38e-12	1.67e-12
 5.11584e+22	1.05e-05	1.01e-02	4.16e-01	5.03e-01	6.51e-02	4.98e-03	2.52e-04	2.29e-07	0.00e+00	1.05e-05	1.68e-12	2.04e-12
 5.15773e+22	1.31e-05	1.16e-02	4.41e-01	4.85e-01	5.83e-02	4.17e-03	1.99e-04	1.66e-07	0.00e+00	1.31e-05	2.17e-12	2.62e-12
 5.20036e+22	1.56e-05	1.29e-02	4.63e-01	4.68e-01	5.28e-02	3.57e-03	1.63e-04	1.25e-07	0.00e+00	1.56e-05	2.67e-12	3.21e-12
 5.24397e+22	1.95e-05	1.48e-02	4.89e-01	4.46e-01	4.67e-02	2.94e-03	1.26e-04	0.00e+00	0.00e+00	1.95e-05	3.47e-12	4.17e-12
 5.28843e+22	2.32e-05	1.64e-02	5.12e-01	4.27e-01	4.18e-02	2.48e-03	1.01e-04	0.00e+00	0.00e+00	2.32e-05	4.27e-12	5.12e-12
 5.31792e+22	2.51e-05	1.71e-02	5.24e-01	4.17e-01	3.94e-02	2.28e-03	9.08e-05	0.00e+00	0.00e+00	2.51e-05	4.67e-12	5.61e-12
 5.34017e+22	2.80e-05	1.83e-02	5.38e-01	4.05e-01	3.68e-02	2.05e-03	7.93e-05	0.00e+00	0.00e+00	2.80e-05	5.34e-12	6.39e-12
 5.36299e+22	3.05e-05	1.93e-02	5.50e-01	3.94e-01	3.46e-02	1.88e-03	7.07e-05	0.00e+00	0.00e+00	3.05e-05	5.91e-12	7.08e-12
 5.38656e+22	3.40e-05	2.06e-02	5.64e-01	3.81e-01	3.22e-02	1.69e-03	6.15e-05	0.00e+00	0.00e+00	3.40e-05	6.76e-12	8.07e-12
 5.41719e+22	3.96e-05	2.26e-02	5.83e-01	3.64e-01	2.90e-02	1.45e-03	5.07e-05	0.00e+00	0.00e+00	3.96e-05	8.11e-12	9.67e-12
 5.44515e+22	4.31e-05	2.37e-02	5.96e-01	3.52e-01	2.70e-02	1.30e-03	4.44e-05	0.00e+00	0.00e+00	4.31e-05	9.01e-12	1.07e-11
 5.46965e+22	4.84e-05	2.54e-02	6.11e-01	3.38e-01	2.48e-02	1.15e-03	3.80e-05	0.00e+00	0.00e+00	4.84e-05	1.04e-11	1.23e-11
 5.49443e+22	5.29e-05	2.68e-02	6.24e-01	3.25e-01	2.30e-02	1.04e-03	3.33e-05	0.00e+00	0.00e+00	5.29e-05	1.16e-11	1.37e-11
 5.51961e+22	5.94e-05	2.87e-02	6.38e-01	3.11e-01	2.10e-02	9.15e-04	2.84e-05	0.00e+00	0.00e+00	5.94e-05	1.34e-11	1.58e-11
 5.55234e+22	6.93e-05	3.15e-02	6.57e-01	2.92e-01	1.86e-02	7.68e-04	2.28e-05	0.00e+00	0.00e+00	6.93e-05	1.62e-11	1.91e-11
 5.58591e+22	7.80e-05	3.38e-02	6.73e-01	2.75e-01	1.66e-02	6.60e-04	1.88e-05	0.00e+00	0.00e+00	7.80e-05	1.88e-11	2.21e-11
 5.62060e+22	9.15e-05	3.73e-02	6.92e-01	2.55e-01	1.45e-02	5.45e-04	1.49e-05	0.00e+00	0.00e+00	9.15e-05	2.30e-11	2.69e-11
 5.65567e+22	1.03e-04	4.00e-02	7.08e-01	2.38e-01	1.28e-02	4.62e-04	1.21e-05	0.00e+00	0.00e+00	1.03e-04	2.68e-11	3.13e-11
 5.69125e+22	1.22e-04	4.43e-02	7.26e-01	2.18e-01	1.10e-02	3.76e-04	9.37e-06	0.00e+00	0.00e+00	1.22e-04	3.31e-11	3.84e-11
 5.72676e+22	1.38e-04	4.76e-02	7.40e-01	2.02e-01	9.60e-03	3.15e-04	7.55e-06	0.00e+00	0.00e+00	1.38e-04	3.87e-11	4.47e-11
 5.76219e+22	1.64e-04	5.28e-02	7.56e-01	1.83e-01	8.15e-03	2.54e-04	5.78e-06	0.00e+00	0.00e+00	1.64e-04	4.79e-11	5.48e-11
 5.79764e+22	1.85e-04	5.68e-02	7.68e-01	1.67e-01	7.05e-03	2.11e-04	4.62e-06	0.00e+00	0.00e+00	1.85e-04	5.61e-11	6.39e-11
 5.83312e+22	2.21e-04	6.32e-02	7.81e-01	1.50e-01	5.91e-03	1.67e-04	3.48e-06	0.00e+00	0.00e+00	2.21e-04	7.00e-11	7.90e-11
 5.86840e+22	2.50e-04	6.83e-02	7.91e-01	1.36e-01	5.07e-03	1.38e-04	2.76e-06	0.00e+00	0.00e+00	2.50e-04	8.25e-11	9.23e-11
 5.90341e+22	3.01e-04	7.64e-02	8.00e-01	1.19e-01	4.18e-03	1.07e-04	2.04e-06	0.00e+00	0.00e+00	3.01e-04	1.04e-10	1.15e-10
 5.93792e+22	3.45e-04	8.30e-02	8.06e-01	1.07e-01	3.56e-03	8.75e-05	1.60e-06	0.00e+00	0.00e+00	3.45e-04	1.24e-10	1.36e-10
 5.97178e+22	4.13e-04	9.27e-02	8.11e-01	9.31e-02	2.93e-03	6.81e-05	1.18e-06	0.00e+00	0.00e+00	4.13e-04	1.57e-10	1.69e-10
 6.00554e+22	4.76e-04	1.01e-01	8.14e-01	8.23e-02	2.47e-03	5.49e-05	9.17e-07	0.00e+00	0.00e+00	4.76e-04	1.89e-10	2.00e-10
 6.03916e+22	5.78e-04	1.13e-01	8.13e-01	7.06e-02	2.01e-03	4.18e-05	6.67e-07	0.00e+00	0.00e+00	5.78e-04	2.43e-10	2.52e-10
 6.07202e+22	6.68e-04	1.24e-01	8.12e-01	6.18e-02	1.70e-03	3.35e-05	5.17e-07	0.00e+00	0.00e+00	6.68e-04	2.93e-10	2.99e-10
 6.10390e+22	8.12e-04	1.39e-01	8.06e-01	5.24e-02	1.38e-03	2.53e-05	3.76e-07	0.00e+00	0.00e+00	8.12e-04	3.79e-10	3.77e-10
 6.13531e+22	9.44e-04	1.52e-01	8.00e-01	4.55e-02	1.17e-03	2.01e-05	2.90e-07	0.00e+00	0.00e+00	9.44e-04	4.62e-10	4.50e-10
 6.16612e+22	1.15e-03	1.71e-01	7.89e-01	3.81e-02	9.53e-04	1.51e-05	2.11e-07	0.00e+00	0.00e+00	1.15e-03	6.00e-10	5.67e-10
 6.19665e+22	1.35e-03	1.87e-01	7.78e-01	3.26e-02	8.05e-04	1.18e-05	1.62e-07	0.00e+00	0.00e+00	1.35e-03	7.39e-10	6.81e-10
 6.22262e+22	1.58e-03	2.04e-01	7.66e-01	2.81e-02	6.87e-04	9.31e-06	1.26e-07	0.00e+00	0.00e+00	1.58e-03	9.11e-10	8.18e-10
 6.24826e+22	1.84e-03	2.22e-01	7.51e-01	2.41e-02	5.89e-04	7.34e-06	0.00e+00	0.00e+00	0.00e+00	1.84e-03	1.12e-09	9.79e-10
 6.27769e+22	2.25e-03	2.48e-01	7.30e-01	1.97e-02	4.88e-04	5.37e-06	0.00e+00	0.00e+00	0.00e+00	2.25e-03	1.46e-09	1.24e-09
 6.30717e+22	2.68e-03	2.72e-01	7.09e-01	1.64e-02	4.15e-04	4.08e-06	0.00e+00	0.00e+00	0.00e+00	2.68e-03	1.84e-09	1.51e-09
 6.33191e+22	3.15e-03	2.95e-01	6.88e-01	1.38e-02	3.60e-04	3.16e-06	0.00e+00	0.00e+00	0.00e+00	3.15e-03	2.26e-09	1.81e-09
 6.35927e+22	3.86e-03	3.26e-01	6.58e-01	1.11e-02	3.02e-04	2.28e-06	0.00e+00	0.00e+00	0.00e+00	3.86e-03	2.94e-09	2.28e-09
 6.38710e+22	4.62e-03	3.56e-01	6.30e-01	9.07e-03	2.60e-04	1.70e-06	0.00e+00	0.00e+00	0.00e+00	4.62e-03	3.69e-09	2.78e-09
 6.41082e+22	5.48e-03	3.85e-01	6.02e-01	7.48e-03	2.27e-04	1.28e-06	0.00e+00	0.00e+00	0.00e+00	5.48e-03	4.56e-09	3.36e-09
 6.43692e+22	6.77e-03	4.23e-01	5.64e-01	5.83e-03	1.92e-04	8.96e-07	0.00e+00	0.00e+00	0.00e+00	6.77e-03	5.93e-09	4.25e-09
 6.46355e+22	8.27e-03	4.61e-01	5.26e-01	4.58e-03	1.65e-04	6.37e-07	0.00e+00	0.00e+00	0.00e+00	8.27e-03	7.54e-09	5.28e-09
 6.48589e+22	9.92e-03	4.96e-01	4.90e-01	3.65e-03	1.43e-04	4.65e-07	0.00e+00	0.00e+00	0.00e+00	9.92e-03	9.35e-09	6.43e-09
 6.50997e+22	1.24e-02	5.40e-01	4.45e-01	2.74e-03	1.20e-04	3.11e-07	0.00e+00	0.00e+00	0.00e+00	1.24e-02	1.22e-08	8.20e-09
 6.53453e+22	1.55e-02	5.83e-01	3.99e-01	2.04e-03	1.01e-04	2.08e-07	0.00e+00	0.00e+00	0.00e+00	1.55e-02	1.57e-08	1.04e-08
 6.55431e+22	1.87e-02	6.21e-01	3.59e-01	1.56e-03	8.60e-05	1.45e-07	0.00e+00	0.00e+00	0.00e+00	1.87e-02	1.95e-08	1.28e-08
 6.57148e+22	2.24e-02	6.55e-01	3.22e-01	1.20e-03	7.35e-05	0.00e+00	0.00e+00	0.00e+00	0.00e+00	2.24e-02	2.40e-08	1.55e-08
 6.59063e+22	2.79e-02	6.94e-01	2.77e-01	8.59e-04	5.98e-05	0.00e+00	0.00e+00	0.00e+00	0.00e+00	2.79e-02	3.08e-08	1.97e-08
 6.61033e+22	3.51e-02	7.32e-01	2.33e-01	5.98e-04	4.77e-05	0.00e+00	0.00e+00	0.00e+00	0.00e+00	3.51e-02	3.98e-08	2.52e-08
 6.62609e+22	4.29e-02	7.60e-01	1.97e-01	4.31e-04	3.85e-05	0.00e+00	0.00e+00	0.00e+00	0.00e+00	4.29e-02	4.96e-08	3.12e-08
 6.63915e+22	5.11e-02	7.81e-01	1.68e-01	3.19e-04	3.16e-05	0.00e+00	0.00e+00	0.00e+00	0.00e+00	5.11e-02	6.01e-08	3.76e-08
 6.65337e+22	6.29e-02	8.01e-01	1.36e-01	2.21e-04	2.43e-05	0.00e+00	0.00e+00	0.00e+00	0.00e+00	6.29e-02	7.54e-08	4.69e-08
 6.66820e+22	7.84e-02	8.15e-01	1.07e-01	1.48e-04	1.81e-05	0.00e+00	0.00e+00	0.00e+00	0.00e+00	7.84e-02	9.53e-08	5.90e-08
 6.68027e+22	9.57e-02	8.20e-01	8.47e-02	1.03e-04	1.36e-05	0.00e+00	0.00e+00	0.00e+00	0.00e+00	9.57e-02	1.17e-07	7.21e-08
 6.68979e+22	1.13e-01	8.18e-01	6.89e-02	7.65e-05	1.06e-05	0.00e+00	0.00e+00	0.00e+00	0.00e+00	1.13e-01	1.38e-07	8.48e-08
 6.69812e+22	1.31e-01	8.13e-01	5.64e-02	5.80e-05	8.24e-06	0.00e+00	0.00e+00	0.00e+00	0.00e+00	1.31e-01	1.60e-07	9.82e-08
 6.70625e+22	1.52e-01	8.03e-01	4.55e-02	4.37e-05	6.30e-06	0.00e+00	0.00e+00	0.00e+00	0.00e+00	1.52e-01	1.85e-07	1.14e-07
 6.71401e+22	1.76e-01	7.87e-01	3.63e-02	3.30e-05	4.75e-06	0.00e+00	0.00e+00	0.00e+00	0.00e+00	1.76e-01	2.14e-07	1.31e-07
 6.72100e+22	2.03e-01	7.68e-01	2.90e-02	2.55e-05	3.59e-06	0.00e+00	0.00e+00	0.00e+00	0.00e+00	2.03e-01	2.43e-07	1.48e-07
 6.72723e+22	2.30e-01	7.47e-01	2.35e-02	2.01e-05	2.74e-06	0.00e+00	0.00e+00	0.00e+00	0.00e+00	2.30e-01	2.71e-07	1.65e-07
 6.73301e+22	2.58e-01	7.23e-01	1.90e-02	1.61e-05	2.10e-06	0.00e+00	0.00e+00	0.00e+00	0.00e+00	2.58e-01	2.99e-07	1.82e-07
 6.73857e+22	2.89e-01	6.96e-01	1.53e-02	1.30e-05	1.59e-06	0.00e+00	0.00e+00	0.00e+00	0.00e+00	2.89e-01	3.28e-07	1.99e-07
 6.74393e+22	3.21e-01	6.67e-01	1.23e-02	1.06e-05	1.21e-06	0.00e+00	0.00e+00	0.00e+00	0.00e+00	3.21e-01	3.55e-07	2.16e-07
 6.74908e+22	3.54e-01	6.36e-01	9.83e-03	8.66e-06	9.13e-07	0.00e+00	0.00e+00	0.00e+00	0.00e+00	3.54e-01	3.82e-07	2.31e-07
 6.75401e+22	3.88e-01	6.04e-01	7.88e-03	7.16e-06	6.91e-07	0.00e+00	0.00e+00	0.00e+00	0.00e+00	3.88e-01	4.05e-07	2.46e-07
 6.75865e+22	4.22e-01	5.72e-01	6.36e-03	6.01e-06	5.29e-07	0.00e+00	0.00e+00	0.00e+00	0.00e+00	4.22e-01	4.25e-07	2.57e-07
 6.76286e+22	4.52e-01	5.42e-01	5.22e-03	5.14e-06	4.14e-07	0.00e+00	0.00e+00	0.00e+00	0.00e+00	4.52e-01	4.41e-07	2.67e-07
 6.76665e+22	4.80e-01	5.16e-01	4.35e-03	4.48e-06	3.32e-07	0.00e+00	0.00e+00	0.00e+00	0.00e+00	4.80e-01	4.53e-07	2.74e-07
 6.77018e+22	5.06e-01	4.91e-01	3.67e-03	3.95e-06	2.69e-07	0.00e+00	0.00e+00	0.00e+00	0.00e+00	5.06e-01	4.62e-07	2.79e-07
 6.77362e+22	5.31e-01	4.66e-01	3.10e-03	3.50e-06	2.19e-07	0.00e+00	0.00e+00	0.00e+00	0.00e+00	5.31e-01	4.69e-07	2.83e-07
 6.77705e+22	5.54e-01	4.43e-01	2.63e-03	3.12e-06	1.79e-07	0.00e+00	0.00e+00	0.00e+00	0.00e+00	5.54e-01	4.74e-07	2.86e-07
 6.78037e+22	5.77e-01	4.21e-01	2.23e-03	2.80e-06	1.48e-07	0.00e+00	0.00e+00	0.00e+00	0.00e+00	5.77e-01	4.77e-07	2.88e-07
 6.78351e+22	5.97e-01	4.01e-01	1.92e-03	2.53e-06	0.00e+00	0.00e+00	0.00e+00	0.00e+00	0.00e+00	5.97e-01	4.79e-07	2.89e-07
 6.78600e+22	6.11e-01	3.87e-01	1.71e-03	2.36e-06	0.00e+00	0.00e+00	0.00e+00	0.00e+00	0.00e+00	6.11e-01	4.79e-07	2.89e-07
 6.78778e+22	6.22e-01	3.76e-01	1.57e-03	2.24e-06	0.00e+00	0.00e+00	0.00e+00	0.00e+00	0.00e+00	6.22e-01	4.79e-07	2.88e-07
 6.78953e+22	6.33e-01	3.66e-01	1.45e-03	2.12e-06	0.00e+00	0.00e+00	0.00e+00	0.00e+00	0.00e+00	6.33e-01	4.78e-07	2.88e-07
 6.79155e+22	6.44e-01	3.55e-01	1.31e-03	2.01e-06	0.00e+00	0.00e+00	0.00e+00	0.00e+00	0.00e+00	6.44e-01	4.77e-07	2.87e-07
 6.79380e+22	6.56e-01	3.43e-01	1.18e-03	1.88e-06	0.00e+00	0.00e+00	0.00e+00	0.00e+00	0.00e+00	6.56e-01	4.76e-07	2.86e-07
 6.79606e+22	6.69e-01	3.30e-01	1.06e-03	1.76e-06	0.00e+00	0.00e+00	0.00e+00	0.00e+00	0.00e+00	6.69e-01	4.74e-07	2.85e-07
 6.79816e+22	6.79e-01	3.20e-01	9.58e-04	1.66e-06	0.00e+00	0.00e+00	0.00e+00	0.00e+00	0.00e+00	6.79e-01	4.71e-07	2.83e-07
 6.80025e+22	6.90e-01	3.09e-01	8.69e-04	1.57e-06	0.00e+00	0.00e+00	0.00e+00	0.00e+00	0.00e+00	6.90e-01	4.69e-07	2.82e-07
 6.80247e+22	7.01e-01	2.98e-01	7.81e-04	1.48e-06	0.00e+00	0.00e+00	0.00e+00	0.00e+00	0.00e+00	7.01e-01	4.66e-07	2.80e-07
 6.80477e+22	7.12e-01	2.87e-01	7.01e-04	1.39e-06	0.00e+00	0.00e+00	0.00e+00	0.00e+00	0.00e+00	7.12e-01	4.62e-07	2.78e-07
 6.80703e+22	7.22e-01	2.77e-01	6.31e-04	1.32e-06	0.00e+00	0.00e+00	0.00e+00	0.00e+00	0.00e+00	7.22e-01	4.59e-07	2.75e-07
 6.80928e+22	7.32e-01	2.68e-01	5.69e-04	1.24e-06	0.00e+00	0.00e+00	0.00e+00	0.00e+00	0.00e+00	7.32e-01	4.55e-07	2.73e-07
 6.81161e+22	7.42e-01	2.58e-01	5.11e-04	1.17e-06	0.00e+00	0.00e+00	0.00e+00	0.00e+00	0.00e+00	7.42e-01	4.51e-07	2.70e-07
 6.81402e+22	7.52e-01	2.48e-01	4.58e-04	1.11e-06	0.00e+00	0.00e+00	0.00e+00	0.00e+00	0.00e+00	7.52e-01	4.46e-07	2.67e-07
 6.81646e+22	7.61e-01	2.38e-01	4.10e-04	1.04e-06	0.00e+00	0.00e+00	0.00e+00	0.00e+00	0.00e+00	7.61e-01	4.42e-07	2.64e-07
 6.81888e+22	7.70e-01	2.30e-01	3.68e-04	9.87e-07	0.00e+00	0.00e+00	0.00e+00	0.00e+00	0.00e+00	7.70e-01	4.37e-07	2.62e-07
 6.82135e+22	7.79e-01	2.21e-01	3.31e-04	9.33e-07	0.00e+00	0.00e+00	0.00e+00	0.00e+00	0.00e+00	7.79e-01	4.32e-07	2.59e-07
 6.82392e+22	7.87e-01	2.12e-01	2.96e-04	8.81e-07	0.00e+00	0.00e+00	0.00e+00	0.00e+00	0.00e+00	7.87e-01	4.27e-07	2.55e-07
 6.82655e+22	7.96e-01	2.04e-01	2.65e-04	8.30e-07	0.00e+00	0.00e+00	0.00e+00	0.00e+00	0.00e+00	7.96e-01	4.22e-07	2.52e-07
 6.82918e+22	8.04e-01	1.96e-01	2.38e-04	7.86e-07	0.00e+00	0.00e+00	0.00e+00	0.00e+00	0.00e+00	8.04e-01	4.17e-07	2.49e-07
 6.83186e+22	8.12e-01	1.88e-01	2.13e-04	7.43e-07	0.00e+00	0.00e+00	0.00e+00	0.00e+00	0.00e+00	8.12e-01	4.12e-07	2.46e-07
 6.83466e+22	8.19e-01	1.81e-01	1.91e-04	7.02e-07	0.00e+00	0.00e+00	0.00e+00	0.00e+00	0.00e+00	8.19e-01	4.06e-07	2.42e-07
 6.83754e+22	8.27e-01	1.73e-01	1.71e-04	6.63e-07	0.00e+00	0.00e+00	0.00e+00	0.00e+00	0.00e+00	8.27e-01	4.01e-07	2.39e-07
 6.84045e+22	8.34e-01	1.66e-01	1.54e-04	6.27e-07	0.00e+00	0.00e+00	0.00e+00	0.00e+00	0.00e+00	8.34e-01	3.96e-07	2.36e-07
 6.84346e+22	8.40e-01	1.59e-01	1.39e-04	5.93e-07	0.00e+00	0.00e+00	0.00e+00	0.00e+00	0.00e+00	8.40e-01	3.91e-07	2.32e-07
 6.84659e+22	8.47e-01	1.53e-01	1.25e-04	5.61e-07	0.00e+00	0.00e+00	0.00e+00	0.00e+00	0.00e+00	8.47e-01	3.85e-07	2.29e-07
 6.84981e+22	8.53e-01	1.47e-01	1.13e-04	5.32e-07	0.00e+00	0.00e+00	0.00e+00	0.00e+00	0.00e+00	8.53e-01	3.80e-07	2.26e-07
 6.85303e+22	8.59e-01	1.41e-01	1.03e-04	5.04e-07	0.00e+00	0.00e+00	0.00e+00	0.00e+00	0.00e+00	8.59e-01	3.75e-07	2.22e-07
 6.85631e+22	8.64e-01	1.35e-01	9.38e-05	4.79e-07	0.00e+00	0.00e+00	0.00e+00	0.00e+00	0.00e+00	8.64e-01	3.70e-07	2.18e-07
 6.85974e+22	8.70e-01	1.30e-01	8.58e-05	4.55e-07	0.00e+00	0.00e+00	0.00e+00	0.00e+00	0.00e+00	8.70e-01	3.65e-07	2.14e-07
 6.86327e+22	8.75e-01	1.25e-01	7.89e-05	4.32e-07	0.00e+00	0.00e+00	0.00e+00	0.00e+00	0.00e+00	8.75e-01	3.60e-07	2.10e-07
 6.86691e+22	8.79e-01	1.20e-01	7.29e-05	4.12e-07	0.00e+00	0.00e+00	0.00e+00	0.00e+00	0.00e+00	8.79e-01	3.55e-07	2.06e-07
 6.87064e+22	8.84e-01	1.16e-01	6.77e-05	3.93e-07	0.00e+00	0.00e+00	0.00e+00	0.00e+00	0.00e+00	8.84e-01	3.50e-07	2.03e-07
 6.87452e+22	8.88e-01	1.12e-01	6.31e-05	3.75e-07	0.00e+00	0.00e+00	0.00e+00	0.00e+00	0.00e+00	8.88e-01	3.46e-07	1.99e-07
 6.87864e+22	8.92e-01	1.08e-01	5.91e-05	3.58e-07	0.00e+00	0.00e+00	0.00e+00	0.00e+00	0.00e+00	8.92e-01	3.42e-07	1.96e-07
 6.88301e+22	8.96e-01	1.04e-01	5.55e-05	3.42e-07	0.00e+00	0.00e+00	0.00e+00	0.00e+00	0.00e+00	8.96e-01	3.39e-07	1.93e-07
 6.88758e+22	8.99e-01	1.01e-01	5.25e-05	3.27e-07	0.00e+00	0.00e+00	0.00e+00	0.00e+00	0.00e+00	8.99e-01	3.35e-07	1.90e-07
 6.89244e+22	9.03e-01	9.73e-02	4.98e-05	3.13e-07	0.00e+00	0.00e+00	0.00e+00	0.00e+00	0.00e+00	9.03e-01	3.32e-07	1.87e-07
 6.89772e+22	9.06e-01	9.40e-02	4.73e-05	2.99e-07	0.00e+00	0.00e+00	0.00e+00	0.00e+00	0.00e+00	9.06e-01	3.29e-07	1.85e-07
 6.90347e+22	9.09e-01	9.09e-02	4.52e-05	2.86e-07	0.00e+00	0.00e+00	0.00e+00	0.00e+00	0.00e+00	9.09e-01	3.26e-07	1.82e-07
 6.90969e+22	9.12e-01	8.79e-02	4.33e-05	2.74e-07	0.00e+00	0.00e+00	0.00e+00	0.00e+00	0.00e+00	9.12e-01	3.24e-07	1.80e-07
 6.91630e+22	9.15e-01	8.51e-02	4.17e-05	2.62e-07	0.00e+00	0.00e+00	0.00e+00	0.00e+00	0.00e+00	9.15e-01	3.22e-07	1.77e-07
 6.92305e+22	9.18e-01	8.24e-02	4.04e-05	2.51e-07	0.00e+00	0.00e+00	0.00e+00	0.00e+00	0.00e+00	9.18e-01	3.20e-07	1.75e-07
 6.92979e+22	9.20e-01	8.03e-02	3.93e-05	2.42e-07	0.00e+00	0.00e+00	0.00e+00	0.00e+00	0.00e+00	9.20e-01	3.19e-07	1.74e-07
 6.93672e+22	9.22e-01	7.80e-02	3.83e-05	2.33e-07	0.00e+00	0.00e+00	0.00e+00	0.00e+00	0.00e+00	9.22e-01	3.18e-07	1.72e-07
 6.94374e+22	9.24e-01	7.61e-02	3.74e-05	2.25e-07	0.00e+00	0.00e+00	0.00e+00	0.00e+00	0.00e+00	9.24e-01	3.17e-07	1.71e-07
 6.95080e+22	9.26e-01	7.41e-02	3.67e-05	2.17e-07	0.00e+00	0.00e+00	0.00e+00	0.00e+00	0.00e+00	9.26e-01	3.16e-07	1.70e-07
 6.95790e+22	9.28e-01	7.23e-02	3.60e-05	2.09e-07	0.00e+00	0.00e+00	0.00e+00	0.00e+00	0.00e+00	9.28e-01	3.15e-07	1.68e-07
 6.96484e+22	9.29e-01	7.06e-02	3.54e-05	2.02e-07	0.00e+00	0.00e+00	0.00e+00	0.00e+00	0.00e+00	9.29e-01	3.15e-07	1.67e-07
 6.97178e+22	9.31e-01	6.89e-02	3.48e-05	1.95e-07	0.00e+00	0.00e+00	0.00e+00	0.00e+00	0.00e+00	9.31e-01	3.14e-07	1.66e-07
 6.97870e+22	9.33e-01	6.73e-02	3.43e-05	1.89e-07	0.00e+00	0.00e+00	0.00e+00	0.00e+00	0.00e+00	9.33e-01	3.13e-07	1.65e-07
 6.98553e+22	9.34e-01	6.57e-02	3.38e-05	1.83e-07	0.00e+00	0.00e+00	0.00e+00	0.00e+00	0.00e+00	9.34e-01	3.13e-07	1.64e-07
 6.99223e+22	9.36e-01	6.43e-02	3.34e-05	1.77e-07	0.00e+00	0.00e+00	0.00e+00	0.00e+00	0.00e+00	9.36e-01	3.13e-07	1.64e-07
 6.99877e+22	9.37e-01	6.28e-02	3.30e-05	1.72e-07	0.00e+00	0.00e+00	0.00e+00	0.00e+00	0.00e+00	9.37e-01	3.12e-07	1.63e-07
 7.00515e+22	9.39e-01	6.14e-02	3.26e-05	1.67e-07	0.00e+00	0.00e+00	0.00e+00	0.00e+00	0.00e+00	9.39e-01	3.12e-07	1.62e-07
 7.01136e+22	9.40e-01	6.01e-02	3.23e-05	1.62e-07	0.00e+00	0.00e+00	0.00e+00	0.00e+00	0.00e+00	9.40e-01	3.12e-07	1.61e-07
 7.01738e+22	9.41e-01	5.88e-02	3.19e-05	1.57e-07	0.00e+00	0.00e+00	0.00e+00	0.00e+00	0.00e+00	9.41e-01	3.12e-07	1.61e-07
 7.02321e+22	9.42e-01	5.76e-02	3.16e-05	1.53e-07	0.00e+00	0.00e+00	0.00e+00	0.00e+00	0.00e+00	9.42e-01	3.11e-07	1.60e-07
 7.02886e+22	9.44e-01	5.64e-02	3.14e-05	1.48e-07	0.00e+00	0.00e+00	0.00e+00	0.00e+00	0.00e+00	9.44e-01	3.11e-07	1.59e-07
 7.03434e+22	9.45e-01	5.52e-02	3.11e-05	1.44e-07	0.00e+00	0.00e+00	0.00e+00	0.00e+00	0.00e+00	9.45e-01	3.11e-07	1.59e-07
 7.03965e+22	9.46e-01	5.41e-02	3.09e-05	1.41e-07	0.00e+00	0.00e+00	0.00e+00	0.00e+00	0.00e+00	9.46e-01	3.11e-07	1.58e-07
 7.04471e+22	9.47e-01	5.31e-02	3.06e-05	1.37e-07	0.00e+00	0.00e+00	0.00e+00	0.00e+00	0.00e+00	9.47e-01	3.10e-07	1.57e-07
 7.04967e+22	9.48e-01	5.20e-02	3.04e-05	1.34e-07	0.00e+00	0.00e+00	0.00e+00	0.00e+00	0.00e+00	9.48e-01	3.10e-07	1.57e-07
 7.05450e+22	9.49e-01	5.09e-02	3.02e-05	1.30e-07	0.00e+00	0.00e+00	0.00e+00	0.00e+00	0.00e+00	9.49e-01	3.10e-07	1.56e-07
 7.05890e+22	9.50e-01	5.01e-02	3.00e-05	1.27e-07	0.00e+00	0.00e+00	0.00e+00	0.00e+00	0.00e+00	9.50e-01	3.09e-07	1.55e-07
 7.06290e+22	9.51e-01	4.93e-02	2.99e-05	1.25e-07	0.00e+00	0.00e+00	0.00e+00	0.00e+00	0.00e+00	9.51e-01	3.09e-07	1.55e-07
 7.06654e+22	9.51e-01	4.85e-02	2.97e-05	0.00e+00	0.00e+00	0.00e+00	0.00e+00	0.00e+00	0.00e+00	9.51e-01	3.09e-07	1.54e-07
 7.06986e+22	9.52e-01	4.79e-02	2.96e-05	0.00e+00	0.00e+00	0.00e+00	0.00e+00	0.00e+00	0.00e+00	9.52e-01	3.08e-07	1.54e-07
 7.07287e+22	9.53e-01	4.73e-02	2.95e-05	0.00e+00	0.00e+00	0.00e+00	0.00e+00	0.00e+00	0.00e+00	9.53e-01	3.08e-07	1.53e-07
 7.07562e+22	9.53e-01	4.68e-02	2.94e-05	0.00e+00	0.00e+00	0.00e+00	0.00e+00	0.00e+00	0.00e+00	9.53e-01	3.07e-07	1.53e-07
 7.07862e+22	9.54e-01	4.61e-02	2.93e-05	0.00e+00	0.00e+00	0.00e+00	0.00e+00	0.00e+00	0.00e+00	9.54e-01	3.06e-07	1.52e-07
 7.08187e+22	9.55e-01	4.53e-02	2.91e-05	0.00e+00	0.00e+00	0.00e+00	0.00e+00	0.00e+00	0.00e+00	9.55e-01	3.05e-07	1.52e-07
 7.08482e+22	9.55e-01	4.47e-02	2.89e-05	0.00e+00	0.00e+00	0.00e+00	0.00e+00	0.00e+00	0.00e+00	9.55e-01	3.04e-07	1.52e-07
 7.08751e+22	9.56e-01	4.42e-02	2.88e-05	0.00e+00	0.00e+00	0.00e+00	0.00e+00	0.00e+00	0.00e+00	9.56e-01	3.02e-07	1.51e-07
 7.08996e+22	9.56e-01	4.38e-02	2.87e-05	0.00e+00	0.00e+00	0.00e+00	0.00e+00	0.00e+00	0.00e+00	9.56e-01	3.02e-07	1.51e-07
 7.09264e+22	9.57e-01	4.32e-02	2.86e-05	0.00e+00	0.00e+00	0.00e+00	0.00e+00	0.00e+00	0.00e+00	9.57e-01	3.01e-07	1.50e-07
 7.09553e+22	9.58e-01	4.24e-02	2.84e-05	0.00e+00	0.00e+00	0.00e+00	0.00e+00	0.00e+00	0.00e+00	9.58e-01	2.99e-07	1.50e-07
 7.09816e+22	9.58e-01	4.20e-02	2.83e-05	0.00e+00	0.00e+00	0.00e+00	0.00e+00	0.00e+00	0.00e+00	9.58e-01	2.99e-07	1.49e-07
 7.10105e+22	9.59e-01	4.14e-02	2.81e-05	0.00e+00	0.00e+00	0.00e+00	0.00e+00	0.00e+00	0.00e+00	9.59e-01	2.98e-07	1.49e-07
 7.10416e+22	9.59e-01	4.07e-02	2.79e-05	0.00e+00	0.00e+00	0.00e+00	0.00e+00	0.00e+00	0.00e+00	9.59e-01	2.97e-07	1.49e-07
 7.10700e+22	9.60e-01	4.04e-02	2.78e-05	0.00e+00	0.00e+00	0.00e+00	0.00e+00	0.00e+00	0.00e+00	9.60e-01	2.96e-07	1.48e-07
 7.10958e+22	9.60e-01	3.99e-02	2.76e-05	0.00e+00	0.00e+00	0.00e+00	0.00e+00	0.00e+00	0.00e+00	9.60e-01	2.96e-07	1.48e-07
 7.11241e+22	9.61e-01	3.94e-02	2.74e-05	0.00e+00	0.00e+00	0.00e+00	0.00e+00	0.00e+00	0.00e+00	9.61e-01	2.96e-07	1.48e-07
 7.11546e+22	9.61e-01	3.88e-02	2.72e-05	0.00e+00	0.00e+00	0.00e+00	0.00e+00	0.00e+00	0.00e+00	9.61e-01	2.95e-07	1.48e-07
 7.11823e+22	9.62e-01	3.84e-02	2.71e-05	0.00e+00	0.00e+00	0.00e+00	0.00e+00	0.00e+00	0.00e+00	9.62e-01	2.95e-07	1.48e-07
 7.12128e+22	9.62e-01	3.79e-02	2.69e-05	0.00e+00	0.00e+00	0.00e+00	0.00e+00	0.00e+00	0.00e+00	9.62e-01	2.94e-07	1.47e-07
 7.12456e+22	9.63e-01	3.73e-02	2.67e-05	0.00e+00	0.00e+00	0.00e+00	0.00e+00	0.00e+00	0.00e+00	9.63e-01	2.94e-07	1.47e-07
 7.12755e+22	9.63e-01	3.67e-02	2.65e-05	0.00e+00	0.00e+00	0.00e+00	0.00e+00	0.00e+00	0.00e+00	9.63e-01	2.93e-07	1.46e-07
 7.13027e+22	9.64e-01	3.64e-02	2.63e-05	0.00e+00	0.00e+00	0.00e+00	0.00e+00	0.00e+00	0.00e+00	9.64e-01	2.93e-07	1.46e-07
 7.13325e+22	9.64e-01	3.59e-02	2.61e-05	0.00e+00	0.00e+00	0.00e+00	0.00e+00	0.00e+00	0.00e+00	9.64e-01	2.93e-07	1.46e-07
 7.13647e+22	9.65e-01	3.54e-02	2.59e-05	0.00e+00	0.00e+00	0.00e+00	0.00e+00	0.00e+00	0.00e+00	9.65e-01	2.93e-07	1.46e-07
 7.13940e+22	9.65e-01	3.48e-02	2.57e-05	0.00e+00	0.00e+00	0.00e+00	0.00e+00	0.00e+00	0.00e+00	9.65e-01	2.92e-07	1.45e-07
 7.14207e+22	9.65e-01	3.46e-02	2.55e-05	0.00e+00	0.00e+00	0.00e+00	0.00e+00	0.00e+00	0.00e+00	9.65e-01	2.92e-07	1.45e-07
 7.14499e+22	9.66e-01	3.41e-02	2.53e-05	0.00e+00	0.00e+00	0.00e+00	0.00e+00	0.00e+00	0.00e+00	9.66e-01	2.91e-07	1.45e-07
 7.14814e+22	9.66e-01	3.36e-02	2.51e-05	0.00e+00	0.00e+00	0.00e+00	0.00e+00	0.00e+00	0.00e+00	9.66e-01	2.91e-07	1.45e-07
 7.15159e+22	9.67e-01	3.30e-02	2.48e-05	0.00e+00	0.00e+00	0.00e+00	0.00e+00	0.00e+00	0.00e+00	9.67e-01	2.91e-07	1.44e-07
 7.15532e+22	9.68e-01	3.23e-02	2.45e-05	0.00e+00	0.00e+00	0.00e+00	0.00e+00	0.00e+00	0.00e+00	9.68e-01	2.90e-07	1.44e-07
 7.15872e+22	9.68e-01	3.19e-02	2.42e-05	0.00e+00	0.00e+00	0.00e+00	0.00e+00	0.00e+00	0.00e+00	9.68e-01	2.90e-07	1.44e-07
 7.16181e+22	9.69e-01	3.15e-02	2.40e-05	0.00e+00	0.00e+00	0.00e+00	0.00e+00	0.00e+00	0.00e+00	9.69e-01	2.90e-07	1.43e-07
 7.16462e+22	9.69e-01	3.10e-02	2.38e-05	0.00e+00	0.00e+00	0.00e+00	0.00e+00	0.00e+00	0.00e+00	9.69e-01	2.89e-07	1.43e-07
 7.16718e+22	9.69e-01	3.08e-02	2.36e-05	0.00e+00	0.00e+00	0.00e+00	0.00e+00	0.00e+00	0.00e+00	9.69e-01	2.89e-07	1.43e-07
 7.16998e+22	9.70e-01	3.03e-02	2.34e-05	0.00e+00	0.00e+00	0.00e+00	0.00e+00	0.00e+00	0.00e+00	9.70e-01	2.89e-07	1.42e-07
 7.17300e+22	9.70e-01	2.99e-02	2.32e-05	0.00e+00	0.00e+00	0.00e+00	0.00e+00	0.00e+00	0.00e+00	9.70e-01	2.89e-07	1.42e-07
 7.17632e+22	9.71e-01	2.93e-02	2.29e-05	0.00e+00	0.00e+00	0.00e+00	0.00e+00	0.00e+00	0.00e+00	9.71e-01	2.88e-07	1.42e-07
 7.17990e+22	9.71e-01	2.87e-02	2.26e-05	0.00e+00	0.00e+00	0.00e+00	0.00e+00	0.00e+00	0.00e+00	9.71e-01	2.88e-07	1.41e-07
 7.18316e+22	9.72e-01	2.83e-02	2.24e-05	0.00e+00	0.00e+00	0.00e+00	0.00e+00	0.00e+00	0.00e+00	9.72e-01	2.87e-07	1.41e-07
 7.18612e+22	9.72e-01	2.80e-02	2.22e-05	0.00e+00	0.00e+00	0.00e+00	0.00e+00	0.00e+00	0.00e+00	9.72e-01	2.87e-07	1.40e-07
 7.18937e+22	9.72e-01	2.75e-02	2.20e-05	0.00e+00	0.00e+00	0.00e+00	0.00e+00	0.00e+00	0.00e+00	9.72e-01	2.87e-07	1.40e-07
 7.19288e+22	9.73e-01	2.70e-02	2.18e-05	0.00e+00	0.00e+00	0.00e+00	0.00e+00	0.00e+00	0.00e+00	9.73e-01	2.86e-07	1.39e-07
 7.19607e+22	9.73e-01	2.66e-02	2.16e-05	0.00e+00	0.00e+00	0.00e+00	0.00e+00	0.00e+00	0.00e+00	9.73e-01	2.86e-07	1.39e-07
 7.19897e+22	9.74e-01	2.64e-02	2.14e-05	0.00e+00	0.00e+00	0.00e+00	0.00e+00	0.00e+00	0.00e+00	9.74e-01	2.86e-07	1.39e-07
 7.20215e+22	9.74e-01	2.60e-02	2.12e-05	0.00e+00	0.00e+00	0.00e+00	0.00e+00	0.00e+00	0.00e+00	9.74e-01	2.86e-07	1.38e-07
 7.20559e+22	9.75e-01	2.55e-02	2.10e-05	0.00e+00	0.00e+00	0.00e+00	0.00e+00	0.00e+00	0.00e+00	9.75e-01	2.85e-07	1.38e-07
 7.20871e+22	9.75e-01	2.52e-02	2.08e-05	0.00e+00	0.00e+00	0.00e+00	0.00e+00	0.00e+00	0.00e+00	9.75e-01	2.84e-07	1.37e-07
 7.21214e+22	9.75e-01	2.48e-02	2.06e-05	0.00e+00	0.00e+00	0.00e+00	0.00e+00	0.00e+00	0.00e+00	9.75e-01	2.82e-07	1.36e-07
 7.21584e+22	9.76e-01	2.44e-02	2.04e-05	0.00e+00	0.00e+00	0.00e+00	0.00e+00	0.00e+00	0.00e+00	9.76e-01	2.80e-07	1.35e-07
 7.21920e+22	9.76e-01	2.40e-02	2.02e-05	0.00e+00	0.00e+00	0.00e+00	0.00e+00	0.00e+00	0.00e+00	9.76e-01	2.77e-07	1.34e-07
 7.22227e+22	9.76e-01	2.38e-02	2.01e-05	0.00e+00	0.00e+00	0.00e+00	0.00e+00	0.00e+00	0.00e+00	9.76e-01	2.77e-07	1.33e-07
 7.22562e+22	9.77e-01	2.34e-02	1.99e-05	0.00e+00	0.00e+00	0.00e+00	0.00e+00	0.00e+00	0.00e+00	9.77e-01	2.75e-07	1.32e-07
 7.22924e+22	9.77e-01	2.30e-02	1.97e-05	0.00e+00	0.00e+00	0.00e+00	0.00e+00	0.00e+00	0.00e+00	9.77e-01	2.72e-07	1.31e-07
 7.23254e+22	9.77e-01	2.28e-02	1.95e-05	0.00e+00	0.00e+00	0.00e+00	0.00e+00	0.00e+00	0.00e+00	9.77e-01	2.72e-07	1.30e-07
 7.23615e+22	9.78e-01	2.24e-02	1.93e-05	0.00e+00	0.00e+00	0.00e+00	0.00e+00	0.00e+00	0.00e+00	9.78e-01	2.70e-07	1.28e-07
 7.24005e+22	9.78e-01	2.20e-02	1.91e-05	0.00e+00	0.00e+00	0.00e+00	0.00e+00	0.00e+00	0.00e+00	9.78e-01	2.68e-07	1.27e-07
 7.24360e+22	9.78e-01	2.17e-02	1.90e-05	0.00e+00	0.00e+00	0.00e+00	0.00e+00	0.00e+00	0.00e+00	9.78e-01	2.67e-07	1.26e-07
