#depth	N	N+	N+2	N+3	N+4	N+5	N+6	N+7
 1.54284e+22	9.69e-11	1.69e-06	8.43e-04	2.29e-02	7.47e-02	6.29e-01	2.50e-01	2.18e-02
 3.50179e+22	2.11e-10	3.56e-06	1.72e-03	3.84e-02	1.07e-01	6.52e-01	1.88e-01	1.19e-02
 4.12596e+22	3.07e-10	5.15e-06	2.42e-03	4.86e-02	1.25e-01	6.53e-01	1.61e-01	8.81e-03
 4.46642e+22	3.97e-10	6.53e-06	3.00e-03	5.62e-02	1.37e-01	6.50e-01	1.46e-01	7.23e-03
 4.66010e+22	4.51e-10	7.31e-06	3.31e-03	6.00e-02	1.43e-01	6.48e-01	1.39e-01	6.60e-03
 4.80103e+22	5.25e-10	8.40e-06	3.76e-03	6.52e-02	1.51e-01	6.44e-01	1.30e-01	5.85e-03
 4.93822e+22	5.89e-10	9.33e-06	4.13e-03	6.92e-02	1.56e-01	6.41e-01	1.24e-01	5.35e-03
 5.07053e+22	6.82e-10	1.06e-05	4.63e-03	7.45e-02	1.63e-01	6.36e-01	1.17e-01	4.79e-03
 5.20862e+22	7.76e-10	1.19e-05	5.13e-03	7.95e-02	1.70e-01	6.30e-01	1.11e-01	4.33e-03
 5.33325e+22	8.78e-10	1.33e-05	5.64e-03	8.45e-02	1.76e-01	6.25e-01	1.05e-01	3.93e-03
 5.47433e+22	1.03e-09	1.53e-05	6.37e-03	9.11e-02	1.83e-01	6.17e-01	9.84e-02	3.48e-03
 5.62132e+22	1.18e-09	1.73e-05	7.09e-03	9.74e-02	1.90e-01	6.10e-01	9.24e-02	3.11e-03
 5.75292e+22	1.35e-09	1.95e-05	7.83e-03	1.03e-01	1.97e-01	6.02e-01	8.72e-02	2.81e-03
 5.90094e+22	1.60e-09	2.26e-05	8.87e-03	1.11e-01	2.04e-01	5.92e-01	8.10e-02	2.46e-03
 6.05549e+22	1.85e-09	2.57e-05	9.91e-03	1.19e-01	2.12e-01	5.82e-01	7.55e-02	2.18e-03
 6.19469e+22	2.13e-09	2.90e-05	1.10e-02	1.27e-01	2.18e-01	5.72e-01	7.07e-02	1.95e-03
 6.35179e+22	2.56e-09	3.39e-05	1.25e-02	1.36e-01	2.26e-01	5.58e-01	6.50e-02	1.69e-03
 6.51432e+22	2.99e-09	3.88e-05	1.40e-02	1.46e-01	2.33e-01	5.46e-01	6.01e-02	1.48e-03
 6.65930e+22	3.48e-09	4.41e-05	1.55e-02	1.54e-01	2.39e-01	5.33e-01	5.59e-02	1.31e-03
 6.82319e+22	4.21e-09	5.18e-05	1.76e-02	1.66e-01	2.47e-01	5.17e-01	5.09e-02	1.12e-03
 6.99371e+22	4.98e-09	5.97e-05	1.98e-02	1.77e-01	2.54e-01	5.02e-01	4.66e-02	9.68e-04
 7.14723e+22	5.85e-09	6.82e-05	2.20e-02	1.88e-01	2.59e-01	4.87e-01	4.29e-02	8.45e-04
 7.32119e+22	7.18e-09	8.09e-05	2.51e-02	2.02e-01	2.66e-01	4.68e-01	3.84e-02	7.08e-04
 7.50040e+22	8.55e-09	9.34e-05	2.81e-02	2.14e-01	2.72e-01	4.51e-01	3.49e-02	6.07e-04
 7.66164e+22	1.01e-08	1.07e-04	3.13e-02	2.26e-01	2.76e-01	4.34e-01	3.17e-02	5.22e-04
 7.84645e+22	1.26e-08	1.29e-04	3.59e-02	2.42e-01	2.82e-01	4.12e-01	2.80e-02	4.28e-04
 8.03315e+22	1.50e-08	1.48e-04	4.00e-02	2.55e-01	2.85e-01	3.93e-01	2.51e-02	3.62e-04
 8.22231e+22	1.89e-08	1.78e-04	4.57e-02	2.72e-01	2.89e-01	3.71e-01	2.20e-02	2.95e-04
 8.41451e+22	2.27e-08	2.06e-04	5.09e-02	2.87e-01	2.91e-01	3.52e-01	1.96e-02	2.47e-04
 8.58491e+22	2.72e-08	2.38e-04	5.65e-02	3.00e-01	2.92e-01	3.33e-01	1.75e-02	2.07e-04
 8.78071e+22	3.44e-08	2.86e-04	6.44e-02	3.18e-01	2.93e-01	3.09e-01	1.50e-02	1.64e-04
 8.97940e+22	4.15e-08	3.31e-04	7.14e-02	3.33e-01	2.92e-01	2.90e-01	1.32e-02	1.35e-04
 9.18185e+22	5.27e-08	3.99e-04	8.11e-02	3.50e-01	2.90e-01	2.67e-01	1.12e-02	1.06e-04
 9.38809e+22	6.44e-08	4.64e-04	8.98e-02	3.64e-01	2.87e-01	2.48e-01	9.68e-03	8.62e-05
 9.57144e+22	7.81e-08	5.38e-04	9.91e-02	3.78e-01	2.84e-01	2.30e-01	8.40e-03	7.00e-05
 9.78199e+22	1.00e-07	6.50e-04	1.12e-01	3.94e-01	2.78e-01	2.08e-01	6.95e-03	5.32e-05
 9.98877e+22	1.21e-07	7.46e-04	1.22e-01	4.06e-01	2.73e-01	1.92e-01	6.02e-03	4.33e-05
 1.01907e+23	1.54e-07	8.91e-04	1.37e-01	4.19e-01	2.65e-01	1.73e-01	4.97e-03	3.29e-05
 1.03855e+23	1.82e-07	1.01e-03	1.47e-01	4.28e-01	2.59e-01	1.60e-01	4.33e-03	2.71e-05
 1.05713e+23	2.27e-07	1.18e-03	1.62e-01	4.39e-01	2.51e-01	1.44e-01	3.61e-03	2.09e-05
 1.07575e+23	2.68e-07	1.33e-03	1.74e-01	4.46e-01	2.43e-01	1.32e-01	3.12e-03	1.70e-05
 1.09441e+23	3.33e-07	1.55e-03	1.90e-01	4.54e-01	2.34e-01	1.18e-01	2.58e-03	1.31e-05
 1.11355e+23	3.98e-07	1.76e-03	2.04e-01	4.59e-01	2.25e-01	1.08e-01	2.20e-03	1.04e-05
 1.13073e+23	4.73e-07	1.99e-03	2.18e-01	4.63e-01	2.17e-01	9.78e-02	1.87e-03	8.34e-06
 1.15047e+23	5.92e-07	2.33e-03	2.38e-01	4.67e-01	2.05e-01	8.60e-02	1.51e-03	6.21e-06
 1.17038e+23	7.07e-07	2.63e-03	2.53e-01	4.69e-01	1.96e-01	7.75e-02	1.27e-03	4.90e-06
 1.19049e+23	8.84e-07	3.07e-03	2.74e-01	4.70e-01	1.84e-01	6.75e-02	1.02e-03	3.60e-06
 1.20995e+23	1.04e-06	3.42e-03	2.90e-01	4.70e-01	1.75e-01	6.10e-02	8.63e-04	2.88e-06
 1.22556e+23	1.20e-06	3.79e-03	3.04e-01	4.69e-01	1.67e-01	5.53e-02	7.38e-04	2.32e-06
 1.24287e+23	1.44e-06	4.29e-03	3.23e-01	4.66e-01	1.58e-01	4.90e-02	6.07e-04	1.78e-06
 1.26041e+23	1.67e-06	4.74e-03	3.38e-01	4.63e-01	1.49e-01	4.41e-02	5.14e-04	1.42e-06
 1.27585e+23	1.93e-06	5.22e-03	3.54e-01	4.59e-01	1.42e-01	3.98e-02	4.37e-04	1.14e-06
 1.29355e+23	2.32e-06	5.89e-03	3.73e-01	4.53e-01	1.32e-01	3.49e-02	3.55e-04	8.61e-07
 1.31147e+23	2.69e-06	6.50e-03	3.89e-01	4.48e-01	1.25e-01	3.12e-02	2.98e-04	6.78e-07
 1.32726e+23	3.10e-06	7.14e-03	4.05e-01	4.42e-01	1.17e-01	2.80e-02	2.50e-04	5.37e-07
 1.34534e+23	3.71e-06	8.04e-03	4.25e-01	4.33e-01	1.09e-01	2.43e-02	2.01e-04	4.00e-07
 1.36363e+23	4.31e-06	8.86e-03	4.42e-01	4.26e-01	1.02e-01	2.16e-02	1.67e-04	3.12e-07
 1.37970e+23	4.98e-06	9.73e-03	4.58e-01	4.18e-01	9.53e-02	1.92e-02	1.39e-04	2.45e-07
 1.39460e+23	5.63e-06	1.05e-02	4.72e-01	4.10e-01	8.99e-02	1.74e-02	1.19e-04	1.98e-07
 1.41048e+23	6.57e-06	1.16e-02	4.89e-01	4.01e-01	8.34e-02	1.52e-02	9.74e-05	1.52e-07
 1.42798e+23	7.61e-06	1.28e-02	5.05e-01	3.91e-01	7.75e-02	1.34e-02	8.01e-05	0.00e+00
 1.44760e+23	9.26e-06	1.45e-02	5.27e-01	3.77e-01	7.00e-02	1.13e-02	6.16e-05	0.00e+00
 1.46689e+23	1.07e-05	1.58e-02	5.42e-01	3.67e-01	6.49e-02	9.96e-03	5.06e-05	0.00e+00
 1.48573e+23	1.28e-05	1.77e-02	5.61e-01	3.54e-01	5.88e-02	8.47e-03	3.95e-05	0.00e+00
 1.50521e+23	1.48e-05	1.94e-02	5.77e-01	3.42e-01	5.40e-02	7.37e-03	3.19e-05	0.00e+00
 1.52549e+23	1.79e-05	2.19e-02	5.97e-01	3.27e-01	4.84e-02	6.16e-03	2.42e-05	0.00e+00
 1.54607e+23	2.08e-05	2.40e-02	6.12e-01	3.15e-01	4.42e-02	5.32e-03	1.94e-05	0.00e+00
 1.56703e+23	2.50e-05	2.70e-02	6.30e-01	2.99e-01	3.93e-02	4.42e-03	1.46e-05	0.00e+00
 1.58855e+23	2.93e-05	2.97e-02	6.45e-01	2.86e-01	3.55e-02	3.77e-03	1.14e-05	0.00e+00
 1.60783e+23	3.42e-05	3.26e-02	6.58e-01	2.74e-01	3.21e-02	3.22e-03	9.01e-06	0.00e+00
 1.62994e+23	4.15e-05	3.67e-02	6.75e-01	2.57e-01	2.82e-02	2.63e-03	6.63e-06	0.00e+00
 1.64932e+23	4.66e-05	3.93e-02	6.85e-01	2.48e-01	2.60e-02	2.32e-03	5.48e-06	0.00e+00
 1.66515e+23	5.31e-05	4.25e-02	6.95e-01	2.37e-01	2.37e-02	2.01e-03	4.42e-06	0.00e+00
 1.68172e+23	5.96e-05	4.56e-02	7.04e-01	2.27e-01	2.18e-02	1.77e-03	3.64e-06	0.00e+00
 1.69925e+23	6.92e-05	4.98e-02	7.14e-01	2.15e-01	1.96e-02	1.50e-03	2.83e-06	0.00e+00
 1.71675e+23	7.77e-05	5.33e-02	7.22e-01	2.06e-01	1.79e-02	1.31e-03	2.32e-06	0.00e+00
 1.73419e+23	8.96e-05	5.81e-02	7.30e-01	1.94e-01	1.61e-02	1.11e-03	1.81e-06	0.00e+00
 1.75202e+23	1.01e-04	6.23e-02	7.37e-01	1.85e-01	1.46e-02	9.67e-04	1.46e-06	0.00e+00
 1.77033e+23	1.17e-04	6.81e-02	7.44e-01	1.74e-01	1.30e-02	8.11e-04	1.12e-06	0.00e+00
 1.78889e+23	1.33e-04	7.31e-02	7.50e-01	1.64e-01	1.18e-02	6.98e-04	8.96e-07	0.00e+00
 1.80777e+23	1.55e-04	8.01e-02	7.56e-01	1.53e-01	1.04e-02	5.79e-04	6.76e-07	0.00e+00
 1.82680e+23	1.75e-04	8.57e-02	7.60e-01	1.44e-01	9.38e-03	4.98e-04	5.39e-07	0.00e+00
 1.84603e+23	2.04e-04	9.38e-02	7.63e-01	1.34e-01	8.25e-03	4.11e-04	4.05e-07	0.00e+00
 1.86577e+23	2.32e-04	1.01e-01	7.66e-01	1.25e-01	7.37e-03	3.48e-04	3.16e-07	0.00e+00
 1.88617e+23	2.74e-04	1.11e-01	7.67e-01	1.15e-01	6.39e-03	2.81e-04	2.30e-07	0.00e+00
 1.90671e+23	3.12e-04	1.19e-01	7.68e-01	1.07e-01	5.69e-03	2.37e-04	1.78e-07	0.00e+00
 1.92744e+23	3.69e-04	1.31e-01	7.66e-01	9.68e-02	4.90e-03	1.90e-04	1.28e-07	0.00e+00
 1.94822e+23	4.19e-04	1.41e-01	7.65e-01	8.96e-02	4.36e-03	1.59e-04	0.00e+00	0.00e+00
 1.96906e+23	4.96e-04	1.55e-01	7.60e-01	8.07e-02	3.74e-03	1.26e-04	0.00e+00	0.00e+00
 1.99008e+23	5.67e-04	1.67e-01	7.55e-01	7.39e-02	3.30e-03	1.05e-04	0.00e+00	0.00e+00
 2.01131e+23	6.77e-04	1.85e-01	7.46e-01	6.58e-02	2.81e-03	8.18e-05	0.00e+00	0.00e+00
 2.03254e+23	7.76e-04	1.99e-01	7.38e-01	5.97e-02	2.47e-03	6.73e-05	0.00e+00	0.00e+00
 2.05376e+23	9.32e-04	2.20e-01	7.24e-01	5.24e-02	2.08e-03	5.17e-05	0.00e+00	0.00e+00
 2.07493e+23	1.07e-03	2.37e-01	7.13e-01	4.71e-02	1.82e-03	4.20e-05	0.00e+00	0.00e+00
 2.09603e+23	1.30e-03	2.63e-01	6.93e-01	4.07e-02	1.52e-03	3.17e-05	0.00e+00	0.00e+00
 2.11702e+23	1.50e-03	2.84e-01	6.77e-01	3.61e-02	1.32e-03	2.54e-05	0.00e+00	0.00e+00
 2.13787e+23	1.82e-03	3.15e-01	6.51e-01	3.07e-02	1.10e-03	1.88e-05	0.00e+00	0.00e+00
 2.15875e+23	2.13e-03	3.41e-01	6.29e-01	2.67e-02	9.42e-04	1.47e-05	0.00e+00	0.00e+00
 2.17967e+23	2.60e-03	3.78e-01	5.97e-01	2.22e-02	7.70e-04	1.05e-05	0.00e+00	0.00e+00
 2.20063e+23	3.07e-03	4.10e-01	5.68e-01	1.88e-02	6.49e-04	7.95e-06	0.00e+00	0.00e+00
 2.22163e+23	3.77e-03	4.53e-01	5.28e-01	1.51e-02	5.18e-04	5.48e-06	0.00e+00	0.00e+00
 2.24277e+23	4.50e-03	4.91e-01	4.92e-01	1.24e-02	4.25e-04	3.94e-06	0.00e+00	0.00e+00
 2.26117e+23	5.35e-03	5.30e-01	4.54e-01	1.01e-02	3.47e-04	2.80e-06	0.00e+00	0.00e+00
 2.28218e+23	6.60e-03	5.80e-01	4.05e-01	7.66e-03	2.64e-04	1.79e-06	0.00e+00	0.00e+00
 2.30351e+23	8.02e-03	6.26e-01	3.59e-01	5.83e-03	2.03e-04	1.16e-06	0.00e+00	0.00e+00
 2.31968e+23	9.30e-03	6.61e-01	3.25e-01	4.67e-03	1.64e-04	8.15e-07	0.00e+00	0.00e+00
 2.33514e+23	1.10e-02	7.01e-01	2.85e-01	3.57e-03	1.26e-04	5.32e-07	0.00e+00	0.00e+00
 2.35186e+23	1.30e-02	7.39e-01	2.45e-01	2.66e-03	9.39e-05	3.35e-07	0.00e+00	0.00e+00
 2.36732e+23	1.53e-02	7.74e-01	2.09e-01	1.96e-03	6.92e-05	2.08e-07	0.00e+00	0.00e+00
 2.38192e+23	1.80e-02	8.06e-01	1.75e-01	1.42e-03	4.99e-05	1.26e-07	0.00e+00	0.00e+00
 2.39574e+23	2.12e-02	8.34e-01	1.44e-01	1.02e-03	3.51e-05	0.00e+00	0.00e+00	0.00e+00
 2.40863e+23	2.49e-02	8.57e-01	1.17e-01	7.22e-04	2.44e-05	0.00e+00	0.00e+00	0.00e+00
 2.42068e+23	2.93e-02	8.77e-01	9.33e-02	5.06e-04	1.64e-05	0.00e+00	0.00e+00	0.00e+00
 2.43185e+23	3.44e-02	8.92e-01	7.38e-02	3.56e-04	1.09e-05	0.00e+00	0.00e+00	0.00e+00
 2.44209e+23	4.05e-02	9.02e-01	5.74e-02	2.51e-04	7.08e-06	0.00e+00	0.00e+00	0.00e+00
 2.45129e+23	4.74e-02	9.08e-01	4.48e-02	1.81e-04	4.64e-06	0.00e+00	0.00e+00	0.00e+00
 2.45946e+23	5.56e-02	9.09e-01	3.49e-02	1.33e-04	3.03e-06	0.00e+00	0.00e+00	0.00e+00
 2.46678e+23	6.45e-02	9.08e-01	2.74e-02	1.01e-04	2.02e-06	0.00e+00	0.00e+00	0.00e+00
 2.47347e+23	7.51e-02	9.03e-01	2.14e-02	7.74e-05	1.34e-06	0.00e+00	0.00e+00	0.00e+00
 2.47968e+23	8.75e-02	8.96e-01	1.68e-02	6.06e-05	8.98e-07	0.00e+00	0.00e+00	0.00e+00
 2.48532e+23	1.02e-01	8.85e-01	1.32e-02	4.85e-05	6.10e-07	0.00e+00	0.00e+00	0.00e+00
 2.49048e+23	1.17e-01	8.72e-01	1.05e-02	3.96e-05	4.21e-07	0.00e+00	0.00e+00	0.00e+00
 2.49530e+23	1.35e-01	8.56e-01	8.33e-03	3.28e-05	2.95e-07	0.00e+00	0.00e+00	0.00e+00
 2.49982e+23	1.55e-01	8.38e-01	6.67e-03	2.76e-05	2.09e-07	0.00e+00	0.00e+00	0.00e+00
 2.50386e+23	1.75e-01	8.19e-01	5.43e-03	2.37e-05	1.53e-07	0.00e+00	0.00e+00	0.00e+00
 2.50730e+23	1.95e-01	8.01e-01	4.54e-03	2.09e-05	0.00e+00	0.00e+00	0.00e+00	0.00e+00
 2.50995e+23	2.11e-01	7.85e-01	3.96e-03	1.90e-05	0.00e+00	0.00e+00	0.00e+00	0.00e+00
 2.51202e+23	2.24e-01	7.72e-01	3.54e-03	1.77e-05	0.00e+00	0.00e+00	0.00e+00	0.00e+00
 2.51422e+23	2.39e-01	7.57e-01	3.14e-03	1.64e-05	0.00e+00	0.00e+00	0.00e+00	0.00e+00
 2.51679e+23	2.58e-01	7.39e-01	2.72e-03	1.50e-05	0.00e+00	0.00e+00	0.00e+00	0.00e+00
 2.51957e+23	2.80e-01	7.18e-01	2.33e-03	1.36e-05	0.00e+00	0.00e+00	0.00e+00	0.00e+00
 2.52226e+23	3.01e-01	6.97e-01	2.01e-03	1.25e-05	0.00e+00	0.00e+00	0.00e+00	0.00e+00
 2.52471e+23	3.20e-01	6.78e-01	1.76e-03	1.16e-05	0.00e+00	0.00e+00	0.00e+00	0.00e+00
 2.52661e+23	3.35e-01	6.63e-01	1.60e-03	1.10e-05	0.00e+00	0.00e+00	0.00e+00	0.00e+00
 2.52794e+23	3.46e-01	6.53e-01	1.49e-03	1.06e-05	0.00e+00	0.00e+00	0.00e+00	0.00e+00
 2.52929e+23	3.57e-01	6.42e-01	1.38e-03	1.02e-05	0.00e+00	0.00e+00	0.00e+00	0.00e+00
 2.53091e+23	3.71e-01	6.28e-01	1.26e-03	9.67e-06	0.00e+00	0.00e+00	0.00e+00	0.00e+00
 2.53263e+23	3.85e-01	6.14e-01	1.15e-03	9.21e-06	0.00e+00	0.00e+00	0.00e+00	0.00e+00
 2.53429e+23	3.99e-01	6.00e-01	1.05e-03	8.80e-06	0.00e+00	0.00e+00	0.00e+00	0.00e+00
 2.53598e+23	4.13e-01	5.86e-01	9.62e-04	8.40e-06	0.00e+00	0.00e+00	0.00e+00	0.00e+00
 2.53770e+23	4.27e-01	5.72e-01	8.80e-04	8.02e-06	0.00e+00	0.00e+00	0.00e+00	0.00e+00
 2.53947e+23	4.42e-01	5.57e-01	8.00e-04	7.65e-06	0.00e+00	0.00e+00	0.00e+00	0.00e+00
 2.54132e+23	4.57e-01	5.42e-01	7.26e-04	7.29e-06	0.00e+00	0.00e+00	0.00e+00	0.00e+00
 2.54316e+23	4.72e-01	5.28e-01	6.59e-04	6.95e-06	0.00e+00	0.00e+00	0.00e+00	0.00e+00
 2.54504e+23	4.87e-01	5.13e-01	5.99e-04	6.63e-06	0.00e+00	0.00e+00	0.00e+00	0.00e+00
 2.54699e+23	5.02e-01	4.98e-01	5.42e-04	6.31e-06	0.00e+00	0.00e+00	0.00e+00	0.00e+00
 2.54902e+23	5.18e-01	4.82e-01	4.89e-04	6.01e-06	0.00e+00	0.00e+00	0.00e+00	0.00e+00
 2.55109e+23	5.33e-01	4.66e-01	4.41e-04	5.72e-06	0.00e+00	0.00e+00	0.00e+00	0.00e+00
 2.55320e+23	5.49e-01	4.51e-01	3.98e-04	5.44e-06	0.00e+00	0.00e+00	0.00e+00	0.00e+00
 2.55537e+23	5.64e-01	4.36e-01	3.58e-04	5.17e-06	0.00e+00	0.00e+00	0.00e+00	0.00e+00
 2.55763e+23	5.80e-01	4.20e-01	3.22e-04	4.91e-06	0.00e+00	0.00e+00	0.00e+00	0.00e+00
 2.55995e+23	5.95e-01	4.05e-01	2.90e-04	4.66e-06	0.00e+00	0.00e+00	0.00e+00	0.00e+00
 2.56235e+23	6.11e-01	3.89e-01	2.60e-04	4.42e-06	0.00e+00	0.00e+00	0.00e+00	0.00e+00
 2.56486e+23	6.26e-01	3.73e-01	2.33e-04	4.19e-06	0.00e+00	0.00e+00	0.00e+00	0.00e+00
 2.56741e+23	6.42e-01	3.58e-01	2.09e-04	3.97e-06	0.00e+00	0.00e+00	0.00e+00	0.00e+00
 2.56999e+23	6.56e-01	3.43e-01	1.88e-04	3.77e-06	0.00e+00	0.00e+00	0.00e+00	0.00e+00
 2.57269e+23	6.71e-01	3.29e-01	1.69e-04	3.57e-06	0.00e+00	0.00e+00	0.00e+00	0.00e+00
 2.57557e+23	6.86e-01	3.14e-01	1.51e-04	3.37e-06	0.00e+00	0.00e+00	0.00e+00	0.00e+00
 2.57853e+23	7.00e-01	2.99e-01	1.36e-04	3.19e-06	0.00e+00	0.00e+00	0.00e+00	0.00e+00
 2.58155e+23	7.14e-01	2.86e-01	1.23e-04	3.02e-06	0.00e+00	0.00e+00	0.00e+00	0.00e+00
 2.58467e+23	7.28e-01	2.72e-01	1.11e-04	2.85e-06	0.00e+00	0.00e+00	0.00e+00	0.00e+00
 2.58790e+23	7.40e-01	2.60e-01	1.01e-04	2.70e-06	0.00e+00	0.00e+00	0.00e+00	0.00e+00
 2.59121e+23	7.53e-01	2.47e-01	9.19e-05	2.56e-06	0.00e+00	0.00e+00	0.00e+00	0.00e+00
 2.59464e+23	7.65e-01	2.35e-01	8.40e-05	2.42e-06	0.00e+00	0.00e+00	0.00e+00	0.00e+00
 2.59822e+23	7.77e-01	2.23e-01	7.70e-05	2.30e-06	0.00e+00	0.00e+00	0.00e+00	0.00e+00
 2.60194e+23	7.88e-01	2.12e-01	7.08e-05	2.18e-06	0.00e+00	0.00e+00	0.00e+00	0.00e+00
 2.60577e+23	7.99e-01	2.01e-01	6.54e-05	2.07e-06	0.00e+00	0.00e+00	0.00e+00	0.00e+00
 2.60973e+23	8.09e-01	1.91e-01	6.07e-05	1.96e-06	0.00e+00	0.00e+00	0.00e+00	0.00e+00
 2.61393e+23	8.18e-01	1.82e-01	5.65e-05	1.86e-06	0.00e+00	0.00e+00	0.00e+00	0.00e+00
 2.61840e+23	8.28e-01	1.72e-01	5.27e-05	1.77e-06	0.00e+00	0.00e+00	0.00e+00	0.00e+00
 2.62306e+23	8.37e-01	1.63e-01	4.93e-05	1.68e-06	0.00e+00	0.00e+00	0.00e+00	0.00e+00
 2.62796e+23	8.46e-01	1.54e-01	4.63e-05	1.59e-06	0.00e+00	0.00e+00	0.00e+00	0.00e+00
 2.63318e+23	8.55e-01	1.45e-01	4.35e-05	1.51e-06	0.00e+00	0.00e+00	0.00e+00	0.00e+00
 2.63870e+23	8.63e-01	1.36e-01	4.10e-05	1.43e-06	0.00e+00	0.00e+00	0.00e+00	0.00e+00
 2.64436e+23	8.72e-01	1.28e-01	3.88e-05	1.36e-06	0.00e+00	0.00e+00	0.00e+00	0.00e+00
 2.64983e+23	8.79e-01	1.21e-01	3.70e-05	1.29e-06	0.00e+00	0.00e+00	0.00e+00	0.00e+00
 2.65507e+23	8.85e-01	1.15e-01	3.55e-05	1.24e-06	0.00e+00	0.00e+00	0.00e+00	0.00e+00
 2.66022e+23	8.91e-01	1.09e-01	3.41e-05	1.19e-06	0.00e+00	0.00e+00	0.00e+00	0.00e+00
 2.66528e+23	8.96e-01	1.04e-01	3.28e-05	1.14e-06	0.00e+00	0.00e+00	0.00e+00	0.00e+00
 2.67023e+23	9.01e-01	9.87e-02	3.17e-05	1.09e-06	0.00e+00	0.00e+00	0.00e+00	0.00e+00
 2.67498e+23	9.06e-01	9.40e-02	3.07e-05	1.06e-06	0.00e+00	0.00e+00	0.00e+00	0.00e+00
 2.67950e+23	9.10e-01	8.96e-02	2.98e-05	1.02e-06	0.00e+00	0.00e+00	0.00e+00	0.00e+00
 2.68374e+23	9.14e-01	8.58e-02	2.91e-05	9.88e-07	0.00e+00	0.00e+00	0.00e+00	0.00e+00
 2.68786e+23	9.18e-01	8.21e-02	2.84e-05	9.58e-07	0.00e+00	0.00e+00	0.00e+00	0.00e+00
 2.69197e+23	9.21e-01	7.86e-02	2.77e-05	9.29e-07	0.00e+00	0.00e+00	0.00e+00	0.00e+00
 2.69596e+23	9.25e-01	7.53e-02	2.71e-05	9.03e-07	0.00e+00	0.00e+00	0.00e+00	0.00e+00
 2.69980e+23	9.28e-01	7.23e-02	2.65e-05	8.79e-07	0.00e+00	0.00e+00	0.00e+00	0.00e+00
 2.70350e+23	9.30e-01	6.95e-02	2.60e-05	8.57e-07	0.00e+00	0.00e+00	0.00e+00	0.00e+00
 2.70707e+23	9.33e-01	6.69e-02	2.55e-05	8.38e-07	0.00e+00	0.00e+00	0.00e+00	0.00e+00
 2.71052e+23	9.35e-01	6.45e-02	2.51e-05	8.20e-07	0.00e+00	0.00e+00	0.00e+00	0.00e+00
 2.71386e+23	9.38e-01	6.23e-02	2.47e-05	8.04e-07	0.00e+00	0.00e+00	0.00e+00	0.00e+00
 2.71707e+23	9.40e-01	6.02e-02	2.43e-05	7.89e-07	0.00e+00	0.00e+00	0.00e+00	0.00e+00
 2.72017e+23	9.42e-01	5.83e-02	2.40e-05	7.77e-07	0.00e+00	0.00e+00	0.00e+00	0.00e+00
 2.72316e+23	9.43e-01	5.66e-02	2.36e-05	7.66e-07	0.00e+00	0.00e+00	0.00e+00	0.00e+00
 2.72600e+23	9.45e-01	5.50e-02	2.33e-05	7.57e-07	0.00e+00	0.00e+00	0.00e+00	0.00e+00
 2.72878e+23	9.46e-01	5.35e-02	2.31e-05	7.49e-07	0.00e+00	0.00e+00	0.00e+00	0.00e+00
 2.73148e+23	9.48e-01	5.22e-02	2.28e-05	7.42e-07	0.00e+00	0.00e+00	0.00e+00	0.00e+00
 2.73393e+23	9.49e-01	5.11e-02	2.26e-05	7.38e-07	0.00e+00	0.00e+00	0.00e+00	0.00e+00
 2.73617e+23	9.50e-01	5.01e-02	2.24e-05	7.35e-07	0.00e+00	0.00e+00	0.00e+00	0.00e+00
 2.73820e+23	9.51e-01	4.93e-02	2.22e-05	7.33e-07	0.00e+00	0.00e+00	0.00e+00	0.00e+00
 2.74005e+23	9.51e-01	4.86e-02	2.21e-05	7.33e-07	0.00e+00	0.00e+00	0.00e+00	0.00e+00
 2.74174e+23	9.52e-01	4.80e-02	2.19e-05	7.33e-07	0.00e+00	0.00e+00	0.00e+00	0.00e+00
 2.74327e+23	9.53e-01	4.74e-02	2.18e-05	7.33e-07	0.00e+00	0.00e+00	0.00e+00	0.00e+00
 2.74466e+23	9.53e-01	4.70e-02	2.17e-05	7.34e-07	0.00e+00	0.00e+00	0.00e+00	0.00e+00
 2.74619e+23	9.54e-01	4.64e-02	2.16e-05	7.35e-07	0.00e+00	0.00e+00	0.00e+00	0.00e+00
 2.74784e+23	9.54e-01	4.58e-02	2.15e-05	7.35e-07	0.00e+00	0.00e+00	0.00e+00	0.00e+00
 2.74934e+23	9.55e-01	4.54e-02	2.14e-05	7.36e-07	0.00e+00	0.00e+00	0.00e+00	0.00e+00
 2.75099e+23	9.55e-01	4.49e-02	2.12e-05	7.38e-07	0.00e+00	0.00e+00	0.00e+00	0.00e+00
 2.75277e+23	9.56e-01	4.44e-02	2.11e-05	7.39e-07	0.00e+00	0.00e+00	0.00e+00	0.00e+00
 2.75438e+23	9.56e-01	4.40e-02	2.10e-05	7.41e-07	0.00e+00	0.00e+00	0.00e+00	0.00e+00
 2.75585e+23	9.56e-01	4.37e-02	2.09e-05	7.47e-07	0.00e+00	0.00e+00	0.00e+00	0.00e+00
 2.75719e+23	9.57e-01	4.34e-02	2.08e-05	7.49e-07	0.00e+00	0.00e+00	0.00e+00	0.00e+00
 2.75866e+23	9.57e-01	4.30e-02	2.07e-05	7.52e-07	0.00e+00	0.00e+00	0.00e+00	0.00e+00
 2.76024e+23	9.57e-01	4.27e-02	2.06e-05	7.53e-07	0.00e+00	0.00e+00	0.00e+00	0.00e+00
 2.76198e+23	9.58e-01	4.23e-02	2.05e-05	7.54e-07	0.00e+00	0.00e+00	0.00e+00	0.00e+00
 2.76385e+23	9.58e-01	4.19e-02	2.03e-05	7.54e-07	0.00e+00	0.00e+00	0.00e+00	0.00e+00
 2.76556e+23	9.58e-01	4.16e-02	2.02e-05	7.59e-07	0.00e+00	0.00e+00	0.00e+00	0.00e+00
 2.76711e+23	9.59e-01	4.14e-02	2.02e-05	7.60e-07	0.00e+00	0.00e+00	0.00e+00	0.00e+00
 2.76881e+23	9.59e-01	4.10e-02	2.00e-05	7.60e-07	0.00e+00	0.00e+00	0.00e+00	0.00e+00
 2.77102e+23	9.59e-01	4.05e-02	1.99e-05	7.62e-07	0.00e+00	0.00e+00	0.00e+00	0.00e+00
 2.77340e+23	9.60e-01	4.01e-02	1.97e-05	7.63e-07	0.00e+00	0.00e+00	0.00e+00	0.00e+00
 2.77557e+23	9.60e-01	3.98e-02	1.96e-05	7.68e-07	0.00e+00	0.00e+00	0.00e+00	0.00e+00
 2.77755e+23	9.60e-01	3.95e-02	1.95e-05	7.71e-07	0.00e+00	0.00e+00	0.00e+00	0.00e+00
 2.77935e+23	9.61e-01	3.93e-02	1.94e-05	7.75e-07	0.00e+00	0.00e+00	0.00e+00	0.00e+00
 2.78098e+23	9.61e-01	3.91e-02	1.93e-05	7.79e-07	0.00e+00	0.00e+00	0.00e+00	0.00e+00
 2.78278e+23	9.61e-01	3.89e-02	1.92e-05	7.84e-07	0.00e+00	0.00e+00	0.00e+00	0.00e+00
 2.78471e+23	9.61e-01	3.86e-02	1.91e-05	7.88e-07	0.00e+00	0.00e+00	0.00e+00	0.00e+00
 2.78647e+23	9.62e-01	3.84e-02	1.91e-05	7.92e-07	0.00e+00	0.00e+00	0.00e+00	0.00e+00
 2.78808e+23	9.62e-01	3.83e-02	1.91e-05	8.00e-07	0.00e+00	0.00e+00	0.00e+00	0.00e+00
 2.78953e+23	9.62e-01	3.81e-02	1.90e-05	8.03e-07	0.00e+00	0.00e+00	0.00e+00	0.00e+00
 2.79113e+23	9.62e-01	3.79e-02	1.90e-05	8.07e-07	0.00e+00	0.00e+00	0.00e+00	0.00e+00
 2.79286e+23	9.62e-01	3.77e-02	1.89e-05	8.11e-07	0.00e+00	0.00e+00	0.00e+00	0.00e+00
 2.79443e+23	9.62e-01	3.75e-02	1.89e-05	8.15e-07	0.00e+00	0.00e+00	0.00e+00	0.00e+00
 2.79615e+23	9.63e-01	3.73e-02	1.88e-05	8.20e-07	0.00e+00	0.00e+00	0.00e+00	0.00e+00
 2.79801e+23	9.63e-01	3.71e-02	1.88e-05	8.24e-07	0.00e+00	0.00e+00	0.00e+00	0.00e+00
 2.79970e+23	9.63e-01	3.69e-02	1.88e-05	8.27e-07	0.00e+00	0.00e+00	0.00e+00	0.00e+00
 2.80155e+23	9.63e-01	3.67e-02	1.87e-05	8.33e-07	0.00e+00	0.00e+00	0.00e+00	0.00e+00
 2.80355e+23	9.64e-01	3.64e-02	1.87e-05	8.37e-07	0.00e+00	0.00e+00	0.00e+00	0.00e+00
 2.80537e+23	9.64e-01	3.62e-02	1.86e-05	8.40e-07	0.00e+00	0.00e+00	0.00e+00	0.00e+00
 2.80702e+23	9.64e-01	3.61e-02	1.86e-05	8.44e-07	0.00e+00	0.00e+00	0.00e+00	0.00e+00
 2.80884e+23	9.64e-01	3.59e-02	1.85e-05	8.50e-07	0.00e+00	0.00e+00	0.00e+00	0.00e+00
 2.81080e+23	9.64e-01	3.56e-02	1.85e-05	8.54e-07	0.00e+00	0.00e+00	0.00e+00	0.00e+00
 2.81258e+23	9.65e-01	3.55e-02	1.84e-05	8.57e-07	0.00e+00	0.00e+00	0.00e+00	0.00e+00
 2.81453e+23	9.65e-01	3.52e-02	1.84e-05	8.60e-07	0.00e+00	0.00e+00	0.00e+00	0.00e+00
 2.81664e+23	9.65e-01	3.50e-02	1.83e-05	8.61e-07	0.00e+00	0.00e+00	0.00e+00	0.00e+00
 2.81856e+23	9.65e-01	3.48e-02	1.83e-05	8.67e-07	0.00e+00	0.00e+00	0.00e+00	0.00e+00
 2.82031e+23	9.65e-01	3.46e-02	1.82e-05	8.64e-07	0.00e+00	0.00e+00	0.00e+00	0.00e+00
 2.82222e+23	9.66e-01	3.43e-02	1.81e-05	8.65e-07	0.00e+00	0.00e+00	0.00e+00	0.00e+00
 2.82429e+23	9.66e-01	3.41e-02	1.81e-05	8.68e-07	0.00e+00	0.00e+00	0.00e+00	0.00e+00
 2.82617e+23	9.66e-01	3.39e-02	1.80e-05	8.65e-07	0.00e+00	0.00e+00	0.00e+00	0.00e+00
 2.82823e+23	9.66e-01	3.36e-02	1.79e-05	8.67e-07	0.00e+00	0.00e+00	0.00e+00	0.00e+00
 2.83045e+23	9.67e-01	3.34e-02	1.79e-05	8.67e-07	0.00e+00	0.00e+00	0.00e+00	0.00e+00
 2.83248e+23	9.67e-01	3.32e-02	1.78e-05	8.72e-07	0.00e+00	0.00e+00	0.00e+00	0.00e+00
 2.83432e+23	9.67e-01	3.30e-02	1.78e-05	8.69e-07	0.00e+00	0.00e+00	0.00e+00	0.00e+00
 2.83634e+23	9.67e-01	3.27e-02	1.77e-05	8.69e-07	0.00e+00	0.00e+00	0.00e+00	0.00e+00
 2.83851e+23	9.67e-01	3.25e-02	1.76e-05	8.71e-07	0.00e+00	0.00e+00	0.00e+00	0.00e+00
 2.84050e+23	9.68e-01	3.23e-02	1.76e-05	8.68e-07	0.00e+00	0.00e+00	0.00e+00	0.00e+00
 2.84267e+23	9.68e-01	3.20e-02	1.75e-05	8.68e-07	0.00e+00	0.00e+00	0.00e+00	0.00e+00
 2.84502e+23	9.68e-01	3.17e-02	1.74e-05	8.68e-07	0.00e+00	0.00e+00	0.00e+00	0.00e+00
 2.84715e+23	9.68e-01	3.15e-02	1.74e-05	8.70e-07	0.00e+00	0.00e+00	0.00e+00	0.00e+00
 2.84909e+23	9.69e-01	3.13e-02	1.73e-05	8.67e-07	0.00e+00	0.00e+00	0.00e+00	0.00e+00
 2.85122e+23	9.69e-01	3.11e-02	1.72e-05	8.66e-07	0.00e+00	0.00e+00	0.00e+00	0.00e+00
 2.85352e+23	9.69e-01	3.08e-02	1.72e-05	8.66e-07	0.00e+00	0.00e+00	0.00e+00	0.00e+00
 2.85561e+23	9.69e-01	3.06e-02	1.71e-05	8.62e-07	0.00e+00	0.00e+00	0.00e+00	0.00e+00
 2.85790e+23	9.70e-01	3.03e-02	1.70e-05	8.61e-07	0.00e+00	0.00e+00	0.00e+00	0.00e+00
 2.86037e+23	9.70e-01	3.01e-02	1.70e-05	8.61e-07	0.00e+00	0.00e+00	0.00e+00	0.00e+00
 2.86262e+23	9.70e-01	2.98e-02	1.69e-05	8.57e-07	0.00e+00	0.00e+00	0.00e+00	0.00e+00
 2.86509e+23	9.70e-01	2.95e-02	1.68e-05	8.55e-07	0.00e+00	0.00e+00	0.00e+00	0.00e+00
 2.86775e+23	9.71e-01	2.92e-02	1.67e-05	8.51e-07	0.00e+00	0.00e+00	0.00e+00	0.00e+00
 2.87018e+23	9.71e-01	2.90e-02	1.67e-05	8.50e-07	0.00e+00	0.00e+00	0.00e+00	0.00e+00
 2.87238e+23	9.71e-01	2.88e-02	1.66e-05	8.51e-07	0.00e+00	0.00e+00	0.00e+00	0.00e+00
 2.87439e+23	9.71e-01	2.87e-02	1.65e-05	8.48e-07	0.00e+00	0.00e+00	0.00e+00	0.00e+00
 2.87659e+23	9.72e-01	2.84e-02	1.65e-05	8.44e-07	0.00e+00	0.00e+00	0.00e+00	0.00e+00
 2.87896e+23	9.72e-01	2.82e-02	1.64e-05	8.43e-07	0.00e+00	0.00e+00	0.00e+00	0.00e+00
 2.88112e+23	9.72e-01	2.80e-02	1.63e-05	8.39e-07	0.00e+00	0.00e+00	0.00e+00	0.00e+00
 2.88349e+23	9.72e-01	2.77e-02	1.63e-05	8.35e-07	0.00e+00	0.00e+00	0.00e+00	0.00e+00
 2.88604e+23	9.73e-01	2.74e-02	1.62e-05	8.33e-07	0.00e+00	0.00e+00	0.00e+00	0.00e+00
 2.88837e+23	9.73e-01	2.72e-02	1.61e-05	8.28e-07	0.00e+00	0.00e+00	0.00e+00	0.00e+00
 2.89092e+23	9.73e-01	2.69e-02	1.60e-05	8.23e-07	0.00e+00	0.00e+00	0.00e+00	0.00e+00
 2.89367e+23	9.73e-01	2.66e-02	1.59e-05	8.21e-07	0.00e+00	0.00e+00	0.00e+00	0.00e+00
 2.89617e+23	9.74e-01	2.64e-02	1.59e-05	8.15e-07	0.00e+00	0.00e+00	0.00e+00	0.00e+00
 2.89892e+23	9.74e-01	2.61e-02	1.58e-05	8.09e-07	0.00e+00	0.00e+00	0.00e+00	0.00e+00
 2.90188e+23	9.74e-01	2.58e-02	1.57e-05	8.06e-07	0.00e+00	0.00e+00	0.00e+00	0.00e+00
 2.90457e+23	9.74e-01	2.56e-02	1.56e-05	7.99e-07	0.00e+00	0.00e+00	0.00e+00	0.00e+00
 2.90753e+23	9.75e-01	2.52e-02	1.55e-05	7.92e-07	0.00e+00	0.00e+00	0.00e+00	0.00e+00
 2.91072e+23	9.75e-01	2.50e-02	1.54e-05	7.88e-07	0.00e+00	0.00e+00	0.00e+00	0.00e+00
 2.91362e+23	9.75e-01	2.47e-02	1.53e-05	7.81e-07	0.00e+00	0.00e+00	0.00e+00	0.00e+00
 2.91680e+23	9.76e-01	2.44e-02	1.52e-05	7.73e-07	0.00e+00	0.00e+00	0.00e+00	0.00e+00
 2.92023e+23	9.76e-01	2.41e-02	1.51e-05	7.69e-07	0.00e+00	0.00e+00	0.00e+00	0.00e+00
 2.92335e+23	9.76e-01	2.38e-02	1.50e-05	7.62e-07	0.00e+00	0.00e+00	0.00e+00	0.00e+00
 2.92677e+23	9.77e-01	2.34e-02	1.49e-05	7.52e-07	0.00e+00	0.00e+00	0.00e+00	0.00e+00
 2.93047e+23	9.77e-01	2.31e-02	1.48e-05	7.46e-07	0.00e+00	0.00e+00	0.00e+00	0.00e+00
 2.93383e+23	9.77e-01	2.29e-02	1.47e-05	7.38e-07	0.00e+00	0.00e+00	0.00e+00	0.00e+00
 2.93752e+23	9.77e-01	2.25e-02	1.46e-05	7.27e-07	0.00e+00	0.00e+00	0.00e+00	0.00e+00
 2.94149e+23	9.78e-01	2.22e-02	1.44e-05	7.19e-07	0.00e+00	0.00e+00	0.00e+00	0.00e+00
 2.94511e+23	9.78e-01	2.19e-02	1.43e-05	7.12e-07	0.00e+00	0.00e+00	0.00e+00	0.00e+00
 2.94841e+23	9.78e-01	2.17e-02	1.42e-05	7.06e-07	0.00e+00	0.00e+00	0.00e+00	0.00e+00
 2.95202e+23	9.79e-01	2.13e-02	1.41e-05	6.95e-07	0.00e+00	0.00e+00	0.00e+00	0.00e+00
 2.95591e+23	9.79e-01	2.10e-02	1.40e-05	6.89e-07	0.00e+00	0.00e+00	0.00e+00	0.00e+00
 2.95946e+23	9.79e-01	2.08e-02	1.39e-05	6.81e-07	0.00e+00	0.00e+00	0.00e+00	0.00e+00
 2.96335e+23	9.80e-01	2.04e-02	1.38e-05	6.69e-07	0.00e+00	0.00e+00	0.00e+00	0.00e+00
 2.96754e+23	9.80e-01	2.01e-02	1.37e-05	6.62e-07	0.00e+00	0.00e+00	0.00e+00	0.00e+00
 2.97136e+23	9.80e-01	1.99e-02	1.35e-05	6.53e-07	0.00e+00	0.00e+00	0.00e+00	0.00e+00
 2.97554e+23	9.81e-01	1.95e-02	1.34e-05	6.40e-07	0.00e+00	0.00e+00	0.00e+00	0.00e+00
 2.98006e+23	9.81e-01	1.92e-02	1.33e-05	6.31e-07	0.00e+00	0.00e+00	0.00e+00	0.00e+00
 2.98417e+23	9.81e-01	1.89e-02	1.32e-05	6.23e-07	0.00e+00	0.00e+00	0.00e+00	0.00e+00
 2.98791e+23	9.81e-01	1.87e-02	1.31e-05	6.16e-07	0.00e+00	0.00e+00	0.00e+00	0.00e+00
 2.99201e+23	9.82e-01	1.84e-02	1.29e-05	6.03e-07	0.00e+00	0.00e+00	0.00e+00	0.00e+00
 2.99643e+23	9.82e-01	1.81e-02	1.28e-05	5.94e-07	0.00e+00	0.00e+00	0.00e+00	0.00e+00
 3.00046e+23	9.82e-01	1.79e-02	1.27e-05	5.87e-07	0.00e+00	0.00e+00	0.00e+00	0.00e+00
 3.00412e+23	9.82e-01	1.77e-02	1.26e-05	5.80e-07	0.00e+00	0.00e+00	0.00e+00	0.00e+00
 3.00813e+23	9.83e-01	1.73e-02	1.25e-05	5.68e-07	0.00e+00	0.00e+00	0.00e+00	0.00e+00
 3.01247e+23	9.83e-01	1.71e-02	1.24e-05	5.60e-07	0.00e+00	0.00e+00	0.00e+00	0.00e+00
 3.01722e+23	9.83e-01	1.67e-02	1.22e-05	5.45e-07	0.00e+00	0.00e+00	0.00e+00	0.00e+00
 3.02235e+23	9.84e-01	1.64e-02	1.21e-05	5.35e-07	0.00e+00	0.00e+00	0.00e+00	0.00e+00
 3.02701e+23	9.84e-01	1.62e-02	1.20e-05	5.27e-07	0.00e+00	0.00e+00	0.00e+00	0.00e+00
 3.03126e+23	9.84e-01	1.60e-02	1.18e-05	5.19e-07	0.00e+00	0.00e+00	0.00e+00	0.00e+00
 3.03591e+23	9.84e-01	1.56e-02	1.17e-05	5.05e-07	0.00e+00	0.00e+00	0.00e+00	0.00e+00
 3.04093e+23	9.85e-01	1.54e-02	1.16e-05	4.96e-07	0.00e+00	0.00e+00	0.00e+00	0.00e+00
 3.04550e+23	9.85e-01	1.51e-02	1.15e-05	4.89e-07	0.00e+00	0.00e+00	0.00e+00	0.00e+00
 3.05051e+23	9.85e-01	1.48e-02	1.13e-05	4.75e-07	0.00e+00	0.00e+00	0.00e+00	0.00e+00
 3.05592e+23	9.85e-01	1.45e-02	1.12e-05	4.66e-07	0.00e+00	0.00e+00	0.00e+00	0.00e+00
 3.06184e+23	9.86e-01	1.41e-02	1.10e-05	4.50e-07	0.00e+00	0.00e+00	0.00e+00	0.00e+00
 3.06870e+23	9.86e-01	1.37e-02	1.08e-05	4.37e-07	0.00e+00	0.00e+00	0.00e+00	0.00e+00
 3.07578e+23	9.87e-01	1.34e-02	1.06e-05	4.24e-07	0.00e+00	0.00e+00	0.00e+00	0.00e+00
 3.08252e+23	9.87e-01	1.31e-02	1.05e-05	4.13e-07	0.00e+00	0.00e+00	0.00e+00	0.00e+00
