#depth	N	N+	N+2	N+3	N+4	N+5	N+6	N+7
 1.54284e+22	5.58e-11	9.31e-07	4.67e-04	1.44e-02	5.32e-02	5.90e-01	3.07e-01	3.51e-02
 3.49849e+22	1.14e-10	1.87e-06	9.30e-04	2.46e-02	7.89e-02	6.34e-01	2.41e-01	2.02e-02
 4.11771e+22	1.63e-10	2.65e-06	1.29e-03	3.14e-02	9.35e-02	6.47e-01	2.12e-01	1.53e-02
 4.44574e+22	2.02e-10	3.25e-06	1.57e-03	3.61e-02	1.03e-01	6.51e-01	1.95e-01	1.29e-02
 4.63043e+22	2.27e-10	3.62e-06	1.74e-03	3.87e-02	1.08e-01	6.53e-01	1.87e-01	1.18e-02
 4.77546e+22	2.62e-10	4.15e-06	1.97e-03	4.23e-02	1.14e-01	6.54e-01	1.77e-01	1.06e-02
 4.92767e+22	2.98e-10	4.67e-06	2.20e-03	4.56e-02	1.20e-01	6.54e-01	1.68e-01	9.58e-03
 5.08921e+22	3.51e-10	5.44e-06	2.53e-03	5.01e-02	1.28e-01	6.53e-01	1.58e-01	8.45e-03
 5.24785e+22	3.99e-10	6.12e-06	2.82e-03	5.39e-02	1.34e-01	6.52e-01	1.50e-01	7.66e-03
 5.40270e+22	4.66e-10	7.09e-06	3.23e-03	5.89e-02	1.42e-01	6.49e-01	1.41e-01	6.76e-03
 5.56144e+22	5.38e-10	8.05e-06	3.60e-03	6.33e-02	1.48e-01	6.46e-01	1.34e-01	6.11e-03
 5.69453e+22	6.01e-10	8.92e-06	3.96e-03	6.73e-02	1.54e-01	6.42e-01	1.27e-01	5.58e-03
 5.83686e+22	6.99e-10	1.02e-05	4.46e-03	7.27e-02	1.61e-01	6.37e-01	1.20e-01	4.97e-03
 5.98167e+22	7.95e-10	1.15e-05	4.93e-03	7.75e-02	1.67e-01	6.33e-01	1.13e-01	4.51e-03
 6.11040e+22	8.95e-10	1.28e-05	5.43e-03	8.24e-02	1.73e-01	6.27e-01	1.08e-01	4.09e-03
 6.25842e+22	1.05e-09	1.47e-05	6.14e-03	8.89e-02	1.81e-01	6.20e-01	1.01e-01	3.63e-03
 6.41160e+22	1.20e-09	1.66e-05	6.83e-03	9.50e-02	1.88e-01	6.13e-01	9.46e-02	3.25e-03
 6.54826e+22	1.37e-09	1.87e-05	7.55e-03	1.01e-01	1.94e-01	6.05e-01	8.93e-02	2.93e-03
 6.70268e+22	1.62e-09	2.16e-05	8.54e-03	1.09e-01	2.02e-01	5.95e-01	8.29e-02	2.57e-03
 6.86358e+22	1.88e-09	2.46e-05	9.54e-03	1.16e-01	2.09e-01	5.85e-01	7.74e-02	2.28e-03
 7.00814e+22	2.16e-09	2.78e-05	1.06e-02	1.24e-01	2.16e-01	5.76e-01	7.25e-02	2.04e-03
 7.17130e+22	2.58e-09	3.25e-05	1.20e-02	1.33e-01	2.24e-01	5.63e-01	6.67e-02	1.77e-03
 7.34010e+22	3.02e-09	3.72e-05	1.34e-02	1.42e-01	2.31e-01	5.50e-01	6.18e-02	1.55e-03
 7.49075e+22	3.50e-09	4.22e-05	1.49e-02	1.51e-01	2.37e-01	5.38e-01	5.75e-02	1.37e-03
 7.66111e+22	4.22e-09	4.95e-05	1.70e-02	1.62e-01	2.45e-01	5.22e-01	5.24e-02	1.17e-03
 7.83810e+22	4.98e-09	5.70e-05	1.90e-02	1.73e-01	2.51e-01	5.07e-01	4.81e-02	1.02e-03
 7.99714e+22	5.83e-09	6.52e-05	2.12e-02	1.83e-01	2.57e-01	4.93e-01	4.43e-02	8.91e-04
 8.17735e+22	7.13e-09	7.72e-05	2.42e-02	1.97e-01	2.64e-01	4.74e-01	3.98e-02	7.48e-04
 8.36345e+22	8.48e-09	8.92e-05	2.71e-02	2.09e-01	2.70e-01	4.57e-01	3.62e-02	6.42e-04
 8.53127e+22	1.00e-08	1.03e-04	3.02e-02	2.21e-01	2.75e-01	4.40e-01	3.29e-02	5.53e-04
 8.72350e+22	1.25e-08	1.23e-04	3.46e-02	2.37e-01	2.80e-01	4.19e-01	2.91e-02	4.55e-04
 8.91836e+22	1.48e-08	1.42e-04	3.86e-02	2.51e-01	2.84e-01	4.00e-01	2.61e-02	3.85e-04
 9.09057e+22	1.77e-08	1.63e-04	4.29e-02	2.64e-01	2.87e-01	3.82e-01	2.36e-02	3.28e-04
 9.28839e+22	2.22e-08	1.96e-04	4.90e-02	2.81e-01	2.90e-01	3.59e-01	2.05e-02	2.65e-04
 9.48911e+22	2.65e-08	2.27e-04	5.45e-02	2.95e-01	2.92e-01	3.40e-01	1.82e-02	2.21e-04
 9.69359e+22	3.35e-08	2.72e-04	6.21e-02	3.13e-01	2.92e-01	3.17e-01	1.57e-02	1.77e-04
 9.90193e+22	4.05e-08	3.16e-04	6.90e-02	3.27e-01	2.92e-01	2.97e-01	1.38e-02	1.46e-04
 1.00870e+23	4.88e-08	3.66e-04	7.64e-02	3.41e-01	2.91e-01	2.79e-01	1.21e-02	1.20e-04
 1.02994e+23	6.21e-08	4.41e-04	8.67e-02	3.59e-01	2.88e-01	2.55e-01	1.02e-02	9.35e-05
 1.05153e+23	7.55e-08	5.13e-04	9.58e-02	3.72e-01	2.85e-01	2.37e-01	8.87e-03	7.59e-05
 1.07360e+23	9.70e-08	6.21e-04	1.09e-01	3.89e-01	2.80e-01	2.14e-01	7.36e-03	5.77e-05
 1.09513e+23	1.16e-07	7.13e-04	1.19e-01	4.01e-01	2.75e-01	1.98e-01	6.39e-03	4.71e-05
 1.11598e+23	1.47e-07	8.50e-04	1.32e-01	4.15e-01	2.68e-01	1.79e-01	5.29e-03	3.60e-05
 1.13616e+23	1.74e-07	9.64e-04	1.43e-01	4.24e-01	2.62e-01	1.66e-01	4.62e-03	2.96e-05
 1.15548e+23	2.16e-07	1.13e-03	1.57e-01	4.34e-01	2.54e-01	1.50e-01	3.87e-03	2.30e-05
 1.17511e+23	2.57e-07	1.28e-03	1.69e-01	4.42e-01	2.46e-01	1.37e-01	3.33e-03	1.86e-05
 1.19243e+23	3.05e-07	1.45e-03	1.82e-01	4.49e-01	2.39e-01	1.26e-01	2.87e-03	1.51e-05
 1.21221e+23	3.78e-07	1.69e-03	1.99e-01	4.56e-01	2.29e-01	1.12e-01	2.37e-03	1.16e-05
 1.23236e+23	4.51e-07	1.92e-03	2.13e-01	4.61e-01	2.20e-01	1.02e-01	2.01e-03	9.21e-06
 1.25299e+23	5.63e-07	2.25e-03	2.32e-01	4.65e-01	2.09e-01	9.00e-02	1.63e-03	6.90e-06
 1.27380e+23	6.73e-07	2.55e-03	2.48e-01	4.68e-01	2.00e-01	8.10e-02	1.37e-03	5.43e-06
 1.29207e+23	7.99e-07	2.87e-03	2.63e-01	4.69e-01	1.91e-01	7.30e-02	1.16e-03	4.30e-06
 1.31308e+23	1.00e-06	3.36e-03	2.85e-01	4.69e-01	1.79e-01	6.34e-02	9.19e-04	3.13e-06
 1.33243e+23	1.16e-06	3.71e-03	2.99e-01	4.68e-01	1.71e-01	5.79e-02	7.94e-04	2.57e-06
 1.34964e+23	1.38e-06	4.19e-03	3.17e-01	4.66e-01	1.61e-01	5.14e-02	6.56e-04	1.98e-06
 1.36730e+23	1.60e-06	4.63e-03	3.32e-01	4.63e-01	1.54e-01	4.66e-02	5.60e-04	1.60e-06
 1.38553e+23	1.92e-06	5.24e-03	3.50e-01	4.59e-01	1.44e-01	4.11e-02	4.59e-04	1.22e-06
 1.40399e+23	2.24e-06	5.80e-03	3.67e-01	4.54e-01	1.36e-01	3.68e-02	3.86e-04	9.65e-07
 1.41999e+23	2.58e-06	6.38e-03	3.82e-01	4.49e-01	1.29e-01	3.32e-02	3.28e-04	7.75e-07
 1.43803e+23	3.07e-06	7.18e-03	4.01e-01	4.42e-01	1.20e-01	2.91e-02	2.67e-04	5.87e-07
 1.45650e+23	3.57e-06	7.93e-03	4.17e-01	4.36e-01	1.13e-01	2.60e-02	2.23e-04	4.61e-07
 1.47291e+23	4.12e-06	8.71e-03	4.33e-01	4.29e-01	1.06e-01	2.33e-02	1.88e-04	3.66e-07
 1.49160e+23	4.93e-06	9.81e-03	4.53e-01	4.19e-01	9.81e-02	2.02e-02	1.50e-04	2.72e-07
 1.51060e+23	5.73e-06	1.08e-02	4.69e-01	4.10e-01	9.16e-02	1.79e-02	1.25e-04	2.11e-07
 1.52737e+23	6.61e-06	1.19e-02	4.85e-01	4.02e-01	8.56e-02	1.59e-02	1.04e-04	1.65e-07
 1.54654e+23	7.91e-06	1.33e-02	5.05e-01	3.90e-01	7.84e-02	1.37e-02	8.22e-05	0.00e+00
 1.56609e+23	9.19e-06	1.47e-02	5.21e-01	3.80e-01	7.27e-02	1.20e-02	6.74e-05	0.00e+00
 1.58345e+23	1.06e-05	1.61e-02	5.36e-01	3.69e-01	6.74e-02	1.06e-02	5.55e-05	0.00e+00
 1.60335e+23	1.27e-05	1.81e-02	5.56e-01	3.56e-01	6.12e-02	8.98e-03	4.32e-05	0.00e+00
 1.62365e+23	1.48e-05	2.00e-02	5.71e-01	3.44e-01	5.63e-02	7.82e-03	3.49e-05	0.00e+00
 1.64446e+23	1.79e-05	2.25e-02	5.91e-01	3.30e-01	5.06e-02	6.55e-03	2.66e-05	0.00e+00
 1.66546e+23	2.09e-05	2.48e-02	6.06e-01	3.18e-01	4.63e-02	5.67e-03	2.14e-05	0.00e+00
 1.68672e+23	2.52e-05	2.79e-02	6.23e-01	3.03e-01	4.14e-02	4.74e-03	1.62e-05	0.00e+00
 1.70852e+23	2.96e-05	3.08e-02	6.38e-01	2.90e-01	3.75e-02	4.05e-03	1.28e-05	0.00e+00
 1.72783e+23	3.44e-05	3.39e-02	6.51e-01	2.77e-01	3.42e-02	3.48e-03	1.02e-05	0.00e+00
 1.74976e+23	4.17e-05	3.82e-02	6.67e-01	2.62e-01	3.02e-02	2.86e-03	7.53e-06	0.00e+00
 1.76902e+23	4.67e-05	4.09e-02	6.76e-01	2.53e-01	2.80e-02	2.55e-03	6.32e-06	0.00e+00
 1.78481e+23	5.34e-05	4.45e-02	6.86e-01	2.42e-01	2.56e-02	2.21e-03	5.10e-06	0.00e+00
 1.80124e+23	6.00e-05	4.78e-02	6.94e-01	2.33e-01	2.37e-02	1.96e-03	4.23e-06	0.00e+00
 1.81618e+23	6.71e-05	5.12e-02	7.01e-01	2.24e-01	2.19e-02	1.74e-03	3.53e-06	0.00e+00
 1.83328e+23	7.75e-05	5.60e-02	7.10e-01	2.12e-01	1.98e-02	1.48e-03	2.78e-06	0.00e+00
 1.85063e+23	8.74e-05	6.02e-02	7.17e-01	2.03e-01	1.82e-02	1.30e-03	2.28e-06	0.00e+00
 1.86592e+23	9.80e-05	6.46e-02	7.23e-01	1.95e-01	1.68e-02	1.15e-03	1.88e-06	0.00e+00
 1.88343e+23	1.13e-04	7.06e-02	7.30e-01	1.84e-01	1.51e-02	9.71e-04	1.46e-06	0.00e+00
 1.90131e+23	1.28e-04	7.60e-02	7.34e-01	1.75e-01	1.38e-02	8.46e-04	1.19e-06	0.00e+00
 1.91966e+23	1.48e-04	8.30e-02	7.39e-01	1.64e-01	1.23e-02	7.14e-04	9.20e-07	0.00e+00
 1.93852e+23	1.69e-04	8.97e-02	7.43e-01	1.55e-01	1.11e-02	6.12e-04	7.29e-07	0.00e+00
 1.95515e+23	1.90e-04	9.64e-02	7.45e-01	1.47e-01	1.01e-02	5.30e-04	5.88e-07	0.00e+00
 1.97387e+23	2.20e-04	1.05e-01	7.47e-01	1.37e-01	9.01e-03	4.43e-04	4.48e-07	0.00e+00
 1.99343e+23	2.52e-04	1.14e-01	7.48e-01	1.29e-01	8.09e-03	3.76e-04	3.50e-07	0.00e+00
 2.01126e+23	2.86e-04	1.23e-01	7.48e-01	1.21e-01	7.28e-03	3.21e-04	2.76e-07	0.00e+00
 2.03162e+23	3.36e-04	1.35e-01	7.46e-01	1.12e-01	6.36e-03	2.61e-04	2.03e-07	0.00e+00
 2.05244e+23	3.83e-04	1.46e-01	7.44e-01	1.04e-01	5.67e-03	2.20e-04	1.57e-07	0.00e+00
 2.07385e+23	4.52e-04	1.61e-01	7.39e-01	9.48e-02	4.90e-03	1.76e-04	0.00e+00	0.00e+00
 2.09557e+23	5.17e-04	1.74e-01	7.33e-01	8.77e-02	4.34e-03	1.47e-04	0.00e+00	0.00e+00
 2.11768e+23	6.11e-04	1.92e-01	7.25e-01	7.93e-02	3.72e-03	1.16e-04	0.00e+00	0.00e+00
 2.14020e+23	7.00e-04	2.07e-01	7.16e-01	7.27e-02	3.27e-03	9.58e-05	0.00e+00	0.00e+00
 2.16323e+23	8.29e-04	2.28e-01	7.03e-01	6.51e-02	2.77e-03	7.48e-05	0.00e+00	0.00e+00
 2.18676e+23	9.53e-04	2.46e-01	6.91e-01	5.91e-02	2.41e-03	6.06e-05	0.00e+00	0.00e+00
 2.21091e+23	1.12e-03	2.70e-01	6.74e-01	5.24e-02	2.03e-03	4.68e-05	0.00e+00	0.00e+00
 2.23591e+23	1.31e-03	2.93e-01	6.57e-01	4.67e-02	1.73e-03	3.68e-05	0.00e+00	0.00e+00
 2.25843e+23	1.50e-03	3.15e-01	6.40e-01	4.19e-02	1.49e-03	2.93e-05	0.00e+00	0.00e+00
 2.28412e+23	1.78e-03	3.46e-01	6.15e-01	3.61e-02	1.22e-03	2.18e-05	0.00e+00	0.00e+00
 2.31090e+23	2.05e-03	3.72e-01	5.93e-01	3.18e-02	1.03e-03	1.69e-05	0.00e+00	0.00e+00
 2.33908e+23	2.48e-03	4.09e-01	5.61e-01	2.66e-02	8.20e-04	1.19e-05	0.00e+00	0.00e+00
 2.36817e+23	2.85e-03	4.39e-01	5.35e-01	2.30e-02	6.80e-04	8.99e-06	0.00e+00	0.00e+00
 2.39844e+23	3.43e-03	4.79e-01	4.98e-01	1.88e-02	5.28e-04	6.15e-06	0.00e+00	0.00e+00
 2.43056e+23	4.03e-03	5.16e-01	4.64e-01	1.56e-02	4.21e-04	4.36e-06	0.00e+00	0.00e+00
 2.46375e+23	4.84e-03	5.59e-01	4.24e-01	1.23e-02	3.18e-04	2.86e-06	0.00e+00	0.00e+00
 2.49896e+23	5.70e-03	5.98e-01	3.86e-01	9.87e-03	2.44e-04	1.92e-06	0.00e+00	0.00e+00
 2.52800e+23	6.37e-03	6.24e-01	3.61e-01	8.42e-03	2.02e-04	1.45e-06	0.00e+00	0.00e+00
 2.55558e+23	7.35e-03	6.59e-01	3.27e-01	6.75e-03	1.57e-04	9.89e-07	0.00e+00	0.00e+00
 2.58432e+23	8.23e-03	6.85e-01	3.01e-01	5.62e-03	1.27e-04	7.20e-07	0.00e+00	0.00e+00
 2.61456e+23	9.52e-03	7.19e-01	2.67e-01	4.37e-03	9.52e-05	4.70e-07	0.00e+00	0.00e+00
 2.64642e+23	1.07e-02	7.45e-01	2.41e-01	3.52e-03	7.44e-05	3.25e-07	0.00e+00	0.00e+00
 2.67946e+23	1.24e-02	7.75e-01	2.09e-01	2.66e-03	5.43e-05	2.04e-07	0.00e+00	0.00e+00
 2.71431e+23	1.41e-02	8.00e-01	1.84e-01	2.07e-03	4.08e-05	1.34e-07	0.00e+00	0.00e+00
 2.74427e+23	1.55e-02	8.17e-01	1.66e-01	1.68e-03	3.25e-05	0.00e+00	0.00e+00	0.00e+00
 2.77405e+23	1.75e-02	8.37e-01	1.44e-01	1.30e-03	2.42e-05	0.00e+00	0.00e+00	0.00e+00
 2.80424e+23	1.93e-02	8.51e-01	1.28e-01	1.05e-03	1.90e-05	0.00e+00	0.00e+00	0.00e+00
 2.83345e+23	2.15e-02	8.66e-01	1.12e-01	8.19e-04	1.44e-05	0.00e+00	0.00e+00	0.00e+00
 2.86323e+23	2.38e-02	8.77e-01	9.87e-02	6.53e-04	1.11e-05	0.00e+00	0.00e+00	0.00e+00
 2.89300e+23	2.64e-02	8.87e-01	8.56e-02	5.10e-04	8.39e-06	0.00e+00	0.00e+00	0.00e+00
 2.92346e+23	2.92e-02	8.96e-01	7.44e-02	4.01e-04	6.36e-06	0.00e+00	0.00e+00	0.00e+00
 2.95391e+23	3.24e-02	9.03e-01	6.43e-02	3.14e-04	4.78e-06	0.00e+00	0.00e+00	0.00e+00
 2.98477e+23	3.59e-02	9.09e-01	5.53e-02	2.46e-04	3.58e-06	0.00e+00	0.00e+00	0.00e+00
 3.01563e+23	3.97e-02	9.13e-01	4.74e-02	1.92e-04	2.67e-06	0.00e+00	0.00e+00	0.00e+00
 3.04648e+23	4.41e-02	9.15e-01	4.04e-02	1.50e-04	1.98e-06	0.00e+00	0.00e+00	0.00e+00
 3.07380e+23	4.79e-02	9.16e-01	3.55e-02	1.25e-04	1.56e-06	0.00e+00	0.00e+00	0.00e+00
