#depth	Ne	Ne+	Ne+2	Ne+3	Ne+4	Ne+5	Ne+6	Ne+7	Ne+8	Ne+9	Ne+10
 4.62852e+21	1.26e-15	1.36e-10	6.96e-07	2.18e-04	1.42e-02	1.39e-01	2.46e-01	2.23e-01	3.47e-01	2.91e-02	6.25e-04
 1.02882e+22	4.94e-15	6.01e-10	2.98e-06	7.36e-04	3.43e-02	2.36e-01	2.90e-01	2.07e-01	2.19e-01	1.22e-02	1.75e-04
 1.18350e+22	1.14e-14	1.35e-09	6.15e-06	1.30e-03	5.05e-02	2.91e-01	2.97e-01	1.87e-01	1.65e-01	7.56e-03	8.90e-05
 1.26084e+22	1.79e-14	2.03e-09	8.78e-06	1.71e-03	6.05e-02	3.18e-01	2.97e-01	1.75e-01	1.42e-01	5.88e-03	6.29e-05
 1.29687e+22	2.15e-14	2.40e-09	1.01e-05	1.91e-03	6.49e-02	3.29e-01	2.96e-01	1.70e-01	1.33e-01	5.31e-03	5.46e-05
 1.32045e+22	2.73e-14	2.96e-09	1.21e-05	2.19e-03	7.08e-02	3.42e-01	2.94e-01	1.64e-01	1.22e-01	4.64e-03	4.55e-05
 1.34396e+22	3.29e-14	3.49e-09	1.39e-05	2.42e-03	7.57e-02	3.53e-01	2.92e-01	1.58e-01	1.15e-01	4.18e-03	3.94e-05
 1.36739e+22	4.15e-14	4.29e-09	1.65e-05	2.75e-03	8.20e-02	3.65e-01	2.89e-01	1.52e-01	1.05e-01	3.67e-03	3.30e-05
 1.39159e+22	5.11e-14	5.14e-09	1.92e-05	3.07e-03	8.79e-02	3.76e-01	2.86e-01	1.46e-01	9.76e-02	3.26e-03	2.81e-05
 1.41309e+22	6.20e-14	6.06e-09	2.20e-05	3.40e-03	9.35e-02	3.86e-01	2.83e-01	1.41e-01	9.09e-02	2.92e-03	2.43e-05
 1.43734e+22	8.00e-14	7.54e-09	2.63e-05	3.87e-03	1.01e-01	3.98e-01	2.78e-01	1.34e-01	8.26e-02	2.52e-03	1.99e-05
 1.46213e+22	9.87e-14	9.02e-09	3.04e-05	4.30e-03	1.08e-01	4.08e-01	2.74e-01	1.28e-01	7.62e-02	2.23e-03	1.69e-05
 1.48762e+22	1.28e-13	1.12e-08	3.62e-05	4.88e-03	1.16e-01	4.19e-01	2.68e-01	1.21e-01	6.90e-02	1.92e-03	1.39e-05
 1.51430e+22	1.62e-13	1.37e-08	4.25e-05	5.47e-03	1.25e-01	4.29e-01	2.62e-01	1.14e-01	6.28e-02	1.67e-03	1.15e-05
 1.53824e+22	2.00e-13	1.64e-08	4.90e-05	6.05e-03	1.32e-01	4.37e-01	2.57e-01	1.09e-01	5.76e-02	1.47e-03	9.70e-06
 1.56507e+22	2.67e-13	2.08e-08	5.92e-05	6.92e-03	1.43e-01	4.47e-01	2.49e-01	1.01e-01	5.12e-02	1.23e-03	7.71e-06
 1.59228e+22	3.32e-13	2.49e-08	6.84e-05	7.65e-03	1.51e-01	4.55e-01	2.43e-01	9.58e-02	4.68e-02	1.08e-03	6.47e-06
 1.61996e+22	4.43e-13	3.16e-08	8.23e-05	8.70e-03	1.62e-01	4.63e-01	2.34e-01	8.89e-02	4.14e-02	9.04e-04	5.12e-06
 1.64821e+22	5.61e-13	3.83e-08	9.58e-05	9.66e-03	1.72e-01	4.69e-01	2.27e-01	8.34e-02	3.74e-02	7.79e-04	4.22e-06
 1.67721e+22	7.53e-13	4.87e-08	1.16e-04	1.10e-02	1.85e-01	4.76e-01	2.18e-01	7.68e-02	3.28e-02	6.46e-04	3.30e-06
 1.70662e+22	9.58e-13	5.94e-08	1.35e-04	1.22e-02	1.95e-01	4.81e-01	2.10e-01	7.16e-02	2.94e-02	5.52e-04	2.69e-06
 1.73658e+22	1.29e-12	7.58e-08	1.63e-04	1.38e-02	2.09e-01	4.85e-01	2.01e-01	6.55e-02	2.56e-02	4.53e-04	2.08e-06
 1.76699e+22	1.66e-12	9.26e-08	1.89e-04	1.53e-02	2.20e-01	4.88e-01	1.92e-01	6.07e-02	2.28e-02	3.84e-04	1.68e-06
 1.79797e+22	2.25e-12	1.19e-07	2.29e-04	1.74e-02	2.35e-01	4.90e-01	1.82e-01	5.51e-02	1.97e-02	3.12e-04	1.29e-06
 1.82893e+22	2.86e-12	1.44e-07	2.65e-04	1.92e-02	2.46e-01	4.91e-01	1.74e-01	5.09e-02	1.76e-02	2.65e-04	1.04e-06
 1.85985e+22	3.89e-12	1.84e-07	3.20e-04	2.16e-02	2.62e-01	4.91e-01	1.64e-01	4.60e-02	1.51e-02	2.14e-04	7.91e-07
 1.89170e+22	5.02e-12	2.26e-07	3.73e-04	2.39e-02	2.74e-01	4.90e-01	1.56e-01	4.21e-02	1.33e-02	1.79e-04	6.27e-07
 1.91746e+22	6.20e-12	2.67e-07	4.24e-04	2.60e-02	2.85e-01	4.88e-01	1.49e-01	3.91e-02	1.19e-02	1.54e-04	5.16e-07
 1.94019e+22	7.46e-12	3.10e-07	4.74e-04	2.79e-02	2.95e-01	4.86e-01	1.43e-01	3.65e-02	1.08e-02	1.34e-04	4.34e-07
 1.96625e+22	9.49e-12	3.75e-07	5.47e-04	3.06e-02	3.07e-01	4.83e-01	1.36e-01	3.34e-02	9.52e-03	1.12e-04	3.47e-07
 1.99395e+22	1.19e-11	4.48e-07	6.24e-04	3.33e-02	3.19e-01	4.79e-01	1.29e-01	3.08e-02	8.46e-03	9.54e-05	2.81e-07
 2.01965e+22	1.47e-11	5.31e-07	7.09e-04	3.60e-02	3.30e-01	4.75e-01	1.22e-01	2.84e-02	7.53e-03	8.12e-05	2.29e-07
 2.04893e+22	1.94e-11	6.63e-07	8.36e-04	3.99e-02	3.45e-01	4.68e-01	1.14e-01	2.54e-02	6.45e-03	6.56e-05	1.75e-07
 2.07852e+22	2.43e-11	7.90e-07	9.53e-04	4.33e-02	3.57e-01	4.62e-01	1.08e-01	2.33e-02	5.70e-03	5.52e-05	1.40e-07
 2.10849e+22	3.19e-11	9.80e-07	1.12e-03	4.77e-02	3.71e-01	4.54e-01	1.00e-01	2.09e-02	4.88e-03	4.46e-05	0.00e+00
 2.13896e+22	4.02e-11	1.18e-06	1.28e-03	5.18e-02	3.83e-01	4.47e-01	9.39e-02	1.89e-02	4.26e-03	3.71e-05	0.00e+00
 2.16562e+22	5.00e-11	1.40e-06	1.45e-03	5.59e-02	3.94e-01	4.39e-01	8.83e-02	1.73e-02	3.76e-03	3.12e-05	0.00e+00
 2.19580e+22	6.59e-11	1.74e-06	1.70e-03	6.15e-02	4.08e-01	4.29e-01	8.15e-02	1.54e-02	3.19e-03	2.49e-05	0.00e+00
 2.22676e+22	8.22e-11	2.06e-06	1.93e-03	6.63e-02	4.19e-01	4.20e-01	7.62e-02	1.39e-02	2.79e-03	2.08e-05	0.00e+00
 2.25872e+22	1.09e-10	2.57e-06	2.27e-03	7.29e-02	4.32e-01	4.08e-01	6.98e-02	1.23e-02	2.34e-03	1.64e-05	0.00e+00
 2.29135e+22	1.39e-10	3.11e-06	2.60e-03	7.90e-02	4.43e-01	3.97e-01	6.46e-02	1.10e-02	2.01e-03	1.33e-05	0.00e+00
 2.32007e+22	1.74e-10	3.71e-06	2.96e-03	8.51e-02	4.54e-01	3.87e-01	6.00e-02	9.91e-03	1.74e-03	1.10e-05	0.00e+00
 2.35266e+22	2.30e-10	4.61e-06	3.46e-03	9.31e-02	4.65e-01	3.73e-01	5.45e-02	8.68e-03	1.46e-03	8.61e-06	0.00e+00
 2.38630e+22	2.95e-10	5.59e-06	3.97e-03	1.01e-01	4.75e-01	3.61e-01	5.00e-02	7.71e-03	1.24e-03	6.92e-06	0.00e+00
 2.41626e+22	3.71e-10	6.68e-06	4.52e-03	1.08e-01	4.84e-01	3.49e-01	4.61e-02	6.89e-03	1.06e-03	5.64e-06	0.00e+00
 2.45014e+22	4.95e-10	8.34e-06	5.30e-03	1.18e-01	4.94e-01	3.34e-01	4.14e-02	5.97e-03	8.77e-04	4.34e-06	0.00e+00
 2.48485e+22	6.36e-10	1.01e-05	6.08e-03	1.27e-01	5.02e-01	3.20e-01	3.76e-02	5.26e-03	7.38e-04	3.44e-06	0.00e+00
 2.51548e+22	8.00e-10	1.21e-05	6.90e-03	1.36e-01	5.09e-01	3.08e-01	3.44e-02	4.67e-03	6.29e-04	2.78e-06	0.00e+00
 2.55014e+22	1.07e-09	1.51e-05	8.07e-03	1.48e-01	5.16e-01	2.92e-01	3.07e-02	4.02e-03	5.13e-04	2.12e-06	0.00e+00
 2.58584e+22	1.38e-09	1.83e-05	9.26e-03	1.59e-01	5.22e-01	2.78e-01	2.76e-02	3.50e-03	4.26e-04	1.65e-06	0.00e+00
 2.61755e+22	1.73e-09	2.19e-05	1.05e-02	1.70e-01	5.25e-01	2.66e-01	2.50e-02	3.09e-03	3.60e-04	1.32e-06	0.00e+00
 2.65341e+22	2.32e-09	2.74e-05	1.23e-02	1.84e-01	5.29e-01	2.50e-01	2.20e-02	2.62e-03	2.89e-04	9.86e-07	0.00e+00
 2.69034e+22	2.99e-09	3.32e-05	1.40e-02	1.97e-01	5.31e-01	2.36e-01	1.96e-02	2.27e-03	2.38e-04	7.61e-07	0.00e+00
 2.72335e+22	3.80e-09	3.99e-05	1.59e-02	2.10e-01	5.32e-01	2.23e-01	1.76e-02	1.98e-03	1.98e-04	5.95e-07	0.00e+00
 2.76097e+22	5.15e-09	5.03e-05	1.87e-02	2.27e-01	5.31e-01	2.06e-01	1.52e-02	1.65e-03	1.55e-04	4.32e-07	0.00e+00
 2.79930e+22	6.61e-09	6.07e-05	2.13e-02	2.41e-01	5.30e-01	1.93e-01	1.35e-02	1.42e-03	1.27e-04	3.30e-07	0.00e+00
 2.83853e+22	9.02e-09	7.68e-05	2.51e-02	2.59e-01	5.25e-01	1.77e-01	1.15e-02	1.17e-03	9.80e-05	2.35e-07	0.00e+00
 2.87737e+22	1.15e-08	9.20e-05	2.84e-02	2.74e-01	5.21e-01	1.65e-01	1.01e-02	1.01e-03	8.00e-05	1.80e-07	0.00e+00
 2.90885e+22	1.42e-08	1.08e-04	3.16e-02	2.88e-01	5.16e-01	1.55e-01	9.05e-03	8.77e-04	6.66e-05	1.42e-07	0.00e+00
 2.94294e+22	1.83e-08	1.31e-04	3.60e-02	3.04e-01	5.08e-01	1.43e-01	7.85e-03	7.39e-04	5.31e-05	0.00e+00	0.00e+00
 2.97740e+22	2.27e-08	1.54e-04	4.01e-02	3.18e-01	5.01e-01	1.33e-01	6.96e-03	6.40e-04	4.38e-05	0.00e+00	0.00e+00
 3.00771e+22	2.79e-08	1.79e-04	4.45e-02	3.32e-01	4.93e-01	1.24e-01	6.17e-03	5.56e-04	3.63e-05	0.00e+00	0.00e+00
 3.04246e+22	3.60e-08	2.17e-04	5.06e-02	3.49e-01	4.82e-01	1.13e-01	5.30e-03	4.64e-04	2.85e-05	0.00e+00	0.00e+00
 3.07822e+22	4.50e-08	2.56e-04	5.64e-02	3.63e-01	4.71e-01	1.04e-01	4.63e-03	3.95e-04	2.31e-05	0.00e+00	0.00e+00
 3.11012e+22	5.55e-08	2.99e-04	6.25e-02	3.77e-01	4.60e-01	9.60e-02	4.06e-03	3.39e-04	1.88e-05	0.00e+00	0.00e+00
 3.14646e+22	7.19e-08	3.62e-04	7.09e-02	3.94e-01	4.45e-01	8.64e-02	3.43e-03	2.78e-04	1.45e-05	0.00e+00	0.00e+00
 3.18314e+22	8.92e-08	4.25e-04	7.86e-02	4.08e-01	4.31e-01	7.88e-02	2.97e-03	2.35e-04	1.16e-05	0.00e+00	0.00e+00
 3.21505e+22	1.09e-07	4.93e-04	8.66e-02	4.20e-01	4.18e-01	7.21e-02	2.59e-03	2.00e-04	9.41e-06	0.00e+00	0.00e+00
 3.24378e+22	1.29e-07	5.55e-04	9.35e-02	4.30e-01	4.06e-01	6.69e-02	2.31e-03	1.76e-04	7.92e-06	0.00e+00	0.00e+00
 3.27362e+22	1.58e-07	6.45e-04	1.03e-01	4.42e-01	3.92e-01	6.08e-02	2.00e-03	1.48e-04	6.34e-06	0.00e+00	0.00e+00
 3.30402e+22	1.87e-07	7.31e-04	1.11e-01	4.51e-01	3.79e-01	5.58e-02	1.76e-03	1.28e-04	5.23e-06	0.00e+00	0.00e+00
 3.33065e+22	2.20e-07	8.22e-04	1.20e-01	4.60e-01	3.66e-01	5.14e-02	1.56e-03	1.11e-04	4.36e-06	0.00e+00	0.00e+00
 3.36074e+22	2.70e-07	9.52e-04	1.32e-01	4.70e-01	3.50e-01	4.62e-02	1.33e-03	9.30e-05	3.45e-06	0.00e+00	0.00e+00
 3.39137e+22	3.19e-07	1.07e-03	1.42e-01	4.77e-01	3.36e-01	4.22e-02	1.17e-03	7.99e-05	2.83e-06	0.00e+00	0.00e+00
 3.41853e+22	3.73e-07	1.20e-03	1.52e-01	4.84e-01	3.23e-01	3.86e-02	1.03e-03	6.89e-05	2.34e-06	0.00e+00	0.00e+00
 3.44972e+22	4.58e-07	1.39e-03	1.66e-01	4.91e-01	3.06e-01	3.43e-02	8.67e-04	5.66e-05	1.81e-06	0.00e+00	0.00e+00
 3.48106e+22	5.36e-07	1.56e-03	1.78e-01	4.96e-01	2.92e-01	3.11e-02	7.57e-04	4.85e-05	1.49e-06	0.00e+00	0.00e+00
 3.51261e+22	6.55e-07	1.80e-03	1.94e-01	5.01e-01	2.75e-01	2.75e-02	6.36e-04	3.96e-05	1.15e-06	0.00e+00	0.00e+00
 3.54466e+22	7.69e-07	2.02e-03	2.08e-01	5.04e-01	2.61e-01	2.47e-02	5.50e-04	3.35e-05	9.26e-07	0.00e+00	0.00e+00
 3.57735e+22	9.39e-07	2.33e-03	2.26e-01	5.06e-01	2.44e-01	2.16e-02	4.57e-04	2.70e-05	7.05e-07	0.00e+00	0.00e+00
 3.61039e+22	1.10e-06	2.61e-03	2.41e-01	5.07e-01	2.30e-01	1.93e-02	3.92e-04	2.26e-05	5.63e-07	0.00e+00	0.00e+00
 3.64388e+22	1.35e-06	3.00e-03	2.62e-01	5.06e-01	2.12e-01	1.66e-02	3.22e-04	1.80e-05	4.23e-07	0.00e+00	0.00e+00
 3.67782e+22	1.58e-06	3.35e-03	2.79e-01	5.04e-01	1.99e-01	1.47e-02	2.74e-04	1.50e-05	3.34e-07	0.00e+00	0.00e+00
 3.69658e+22	1.64e-06	3.44e-03	2.83e-01	5.04e-01	1.96e-01	1.43e-02	2.63e-04	1.43e-05	3.15e-07	0.00e+00	0.00e+00
 3.70521e+22	1.72e-06	3.56e-03	2.88e-01	5.03e-01	1.92e-01	1.37e-02	2.50e-04	1.34e-05	2.92e-07	0.00e+00	0.00e+00
 3.71643e+22	1.84e-06	3.73e-03	2.96e-01	5.01e-01	1.86e-01	1.30e-02	2.33e-04	1.24e-05	2.64e-07	0.00e+00	0.00e+00
 3.73102e+22	1.99e-06	3.94e-03	3.05e-01	4.99e-01	1.79e-01	1.22e-02	2.14e-04	1.12e-05	2.34e-07	0.00e+00	0.00e+00
 3.74998e+22	2.22e-06	4.25e-03	3.18e-01	4.96e-01	1.71e-01	1.12e-02	1.91e-04	9.82e-06	1.98e-07	0.00e+00	0.00e+00
 3.77463e+22	2.56e-06	4.68e-03	3.35e-01	4.91e-01	1.59e-01	9.90e-03	1.63e-04	8.19e-06	1.58e-07	0.00e+00	0.00e+00
 3.80667e+22	3.07e-06	5.30e-03	3.58e-01	4.83e-01	1.45e-01	8.43e-03	1.33e-04	6.44e-06	0.00e+00	0.00e+00	0.00e+00
 3.84092e+22	3.59e-06	5.89e-03	3.78e-01	4.75e-01	1.34e-01	7.31e-03	1.11e-04	5.21e-06	0.00e+00	0.00e+00	0.00e+00
 3.87805e+22	4.38e-06	6.73e-03	4.04e-01	4.63e-01	1.19e-01	6.06e-03	8.77e-05	3.95e-06	0.00e+00	0.00e+00	0.00e+00
 3.91613e+22	5.15e-06	7.50e-03	4.27e-01	4.52e-01	1.08e-01	5.16e-03	7.18e-05	3.12e-06	0.00e+00	0.00e+00	0.00e+00
 3.94542e+22	5.79e-06	8.11e-03	4.43e-01	4.43e-01	1.01e-01	4.57e-03	6.18e-05	2.61e-06	0.00e+00	0.00e+00	0.00e+00
 3.97348e+22	6.70e-06	8.92e-03	4.64e-01	4.32e-01	9.17e-02	3.93e-03	5.12e-05	2.10e-06	0.00e+00	0.00e+00	0.00e+00
 4.00199e+22	7.50e-06	9.61e-03	4.80e-01	4.22e-01	8.49e-02	3.47e-03	4.41e-05	1.75e-06	0.00e+00	0.00e+00	0.00e+00
 4.03108e+22	8.61e-06	1.05e-02	5.00e-01	4.09e-01	7.69e-02	2.97e-03	3.65e-05	1.40e-06	0.00e+00	0.00e+00	0.00e+00
 4.06092e+22	9.73e-06	1.14e-02	5.18e-01	3.97e-01	7.04e-02	2.58e-03	3.08e-05	1.15e-06	0.00e+00	0.00e+00	0.00e+00
 4.08752e+22	1.09e-05	1.22e-02	5.35e-01	3.86e-01	6.46e-02	2.26e-03	2.62e-05	9.45e-07	0.00e+00	0.00e+00	0.00e+00
 4.11789e+22	1.26e-05	1.34e-02	5.56e-01	3.71e-01	5.78e-02	1.90e-03	2.13e-05	7.39e-07	0.00e+00	0.00e+00	0.00e+00
 4.14884e+22	1.41e-05	1.44e-02	5.73e-01	3.58e-01	5.26e-02	1.64e-03	1.79e-05	5.99e-07	0.00e+00	0.00e+00	0.00e+00
 4.18054e+22	1.64e-05	1.58e-02	5.94e-01	3.42e-01	4.64e-02	1.36e-03	1.43e-05	4.58e-07	0.00e+00	0.00e+00	0.00e+00
 4.21235e+22	1.84e-05	1.70e-02	6.11e-01	3.29e-01	4.19e-02	1.16e-03	1.19e-05	3.69e-07	0.00e+00	0.00e+00	0.00e+00
 4.23632e+22	1.99e-05	1.79e-02	6.22e-01	3.20e-01	3.90e-02	1.04e-03	1.05e-05	3.16e-07	0.00e+00	0.00e+00	0.00e+00
 4.25376e+22	2.12e-05	1.86e-02	6.31e-01	3.13e-01	3.69e-02	9.60e-04	9.52e-06	2.81e-07	0.00e+00	0.00e+00	0.00e+00
 4.27071e+22	2.28e-05	1.95e-02	6.41e-01	3.04e-01	3.45e-02	8.68e-04	8.47e-06	2.44e-07	0.00e+00	0.00e+00	0.00e+00
 4.29275e+22	2.50e-05	2.06e-02	6.54e-01	2.93e-01	3.16e-02	7.61e-04	7.28e-06	2.03e-07	0.00e+00	0.00e+00	0.00e+00
 4.32141e+22	2.85e-05	2.23e-02	6.71e-01	2.78e-01	2.78e-02	6.31e-04	5.85e-06	1.56e-07	0.00e+00	0.00e+00	0.00e+00
 4.34606e+22	3.03e-05	2.32e-02	6.80e-01	2.70e-01	2.61e-02	5.74e-04	5.25e-06	1.37e-07	0.00e+00	0.00e+00	0.00e+00
 4.36553e+22	3.31e-05	2.44e-02	6.91e-01	2.60e-01	2.39e-02	5.06e-04	4.53e-06	0.00e+00	0.00e+00	0.00e+00	0.00e+00
 4.39083e+22	3.66e-05	2.59e-02	7.04e-01	2.48e-01	2.14e-02	4.32e-04	3.78e-06	0.00e+00	0.00e+00	0.00e+00	0.00e+00
 4.42372e+22	4.21e-05	2.82e-02	7.21e-01	2.32e-01	1.85e-02	3.48e-04	2.95e-06	0.00e+00	0.00e+00	0.00e+00	0.00e+00
 4.45491e+22	4.63e-05	2.98e-02	7.32e-01	2.22e-01	1.67e-02	3.00e-04	2.49e-06	0.00e+00	0.00e+00	0.00e+00	0.00e+00
 4.48390e+22	5.19e-05	3.19e-02	7.45e-01	2.08e-01	1.46e-02	2.49e-04	2.01e-06	0.00e+00	0.00e+00	0.00e+00	0.00e+00
 4.52157e+22	6.04e-05	3.48e-02	7.61e-01	1.92e-01	1.22e-02	1.93e-04	1.51e-06	0.00e+00	0.00e+00	0.00e+00	0.00e+00
 4.55972e+22	6.83e-05	3.74e-02	7.73e-01	1.79e-01	1.06e-02	1.58e-04	1.20e-06	0.00e+00	0.00e+00	0.00e+00	0.00e+00
 4.59847e+22	7.93e-05	4.08e-02	7.87e-01	1.64e-01	8.77e-03	1.22e-04	8.94e-07	0.00e+00	0.00e+00	0.00e+00	0.00e+00
 4.63820e+22	9.02e-05	4.39e-02	7.97e-01	1.51e-01	7.48e-03	9.79e-05	6.96e-07	0.00e+00	0.00e+00	0.00e+00	0.00e+00
 4.67921e+22	1.05e-04	4.79e-02	8.09e-01	1.37e-01	6.10e-03	7.41e-05	5.08e-07	0.00e+00	0.00e+00	0.00e+00	0.00e+00
 4.72084e+22	1.20e-04	5.16e-02	8.17e-01	1.26e-01	5.14e-03	5.88e-05	3.90e-07	0.00e+00	0.00e+00	0.00e+00	0.00e+00
 4.76328e+22	1.42e-04	5.65e-02	8.27e-01	1.12e-01	4.11e-03	4.35e-05	2.77e-07	0.00e+00	0.00e+00	0.00e+00	0.00e+00
 4.80590e+22	1.61e-04	6.07e-02	8.33e-01	1.02e-01	3.45e-03	3.45e-05	2.13e-07	0.00e+00	0.00e+00	0.00e+00	0.00e+00
 4.84875e+22	1.90e-04	6.63e-02	8.40e-01	9.06e-02	2.73e-03	2.53e-05	1.50e-07	0.00e+00	0.00e+00	0.00e+00	0.00e+00
 4.89241e+22	2.18e-04	7.15e-02	8.44e-01	8.19e-02	2.26e-03	1.97e-05	0.00e+00	0.00e+00	0.00e+00	0.00e+00	0.00e+00
 4.93715e+22	2.59e-04	7.83e-02	8.48e-01	7.14e-02	1.74e-03	1.41e-05	0.00e+00	0.00e+00	0.00e+00	0.00e+00	0.00e+00
 4.97691e+22	2.89e-04	8.30e-02	8.49e-01	6.57e-02	1.50e-03	1.16e-05	0.00e+00	0.00e+00	0.00e+00	0.00e+00	0.00e+00
 5.01022e+22	3.29e-04	8.88e-02	8.51e-01	5.89e-02	1.23e-03	9.03e-06	0.00e+00	0.00e+00	0.00e+00	0.00e+00	0.00e+00
 5.04458e+22	3.71e-04	9.44e-02	8.51e-01	5.34e-02	1.03e-03	7.24e-06	0.00e+00	0.00e+00	0.00e+00	0.00e+00	0.00e+00
 5.07531e+22	4.12e-04	9.96e-02	8.50e-01	4.87e-02	8.76e-04	5.88e-06	0.00e+00	0.00e+00	0.00e+00	0.00e+00	0.00e+00
 5.11024e+22	4.73e-04	1.07e-01	8.49e-01	4.29e-02	7.00e-04	4.44e-06	0.00e+00	0.00e+00	0.00e+00	0.00e+00	0.00e+00
 5.14558e+22	5.34e-04	1.13e-01	8.47e-01	3.85e-02	5.80e-04	3.52e-06	0.00e+00	0.00e+00	0.00e+00	0.00e+00	0.00e+00
 5.17664e+22	6.02e-04	1.20e-01	8.44e-01	3.44e-02	4.79e-04	2.77e-06	0.00e+00	0.00e+00	0.00e+00	0.00e+00	0.00e+00
 5.21219e+22	6.97e-04	1.29e-01	8.40e-01	2.97e-02	3.73e-04	2.04e-06	0.00e+00	0.00e+00	0.00e+00	0.00e+00	0.00e+00
 5.24833e+22	7.96e-04	1.37e-01	8.35e-01	2.60e-02	3.00e-04	1.56e-06	0.00e+00	0.00e+00	0.00e+00	0.00e+00	0.00e+00
 5.27973e+22	8.99e-04	1.46e-01	8.30e-01	2.29e-02	2.43e-04	1.20e-06	0.00e+00	0.00e+00	0.00e+00	0.00e+00	0.00e+00
 5.31505e+22	1.05e-03	1.56e-01	8.23e-01	1.93e-02	1.84e-04	8.53e-07	0.00e+00	0.00e+00	0.00e+00	0.00e+00	0.00e+00
 5.35174e+22	1.21e-03	1.66e-01	8.16e-01	1.64e-02	1.42e-04	6.19e-07	0.00e+00	0.00e+00	0.00e+00	0.00e+00	0.00e+00
 5.38437e+22	1.39e-03	1.77e-01	8.08e-01	1.39e-02	1.10e-04	4.51e-07	0.00e+00	0.00e+00	0.00e+00	0.00e+00	0.00e+00
 5.42095e+22	1.64e-03	1.90e-01	7.97e-01	1.12e-02	7.96e-05	2.99e-07	0.00e+00	0.00e+00	0.00e+00	0.00e+00	0.00e+00
 5.45835e+22	1.91e-03	2.02e-01	7.87e-01	9.07e-03	5.86e-05	2.02e-07	0.00e+00	0.00e+00	0.00e+00	0.00e+00	0.00e+00
 5.48740e+22	2.13e-03	2.11e-01	7.79e-01	7.65e-03	4.61e-05	1.47e-07	0.00e+00	0.00e+00	0.00e+00	0.00e+00	0.00e+00
 5.51574e+22	2.45e-03	2.23e-01	7.68e-01	6.20e-03	3.45e-05	0.00e+00	0.00e+00	0.00e+00	0.00e+00	0.00e+00	0.00e+00
 5.54520e+22	2.77e-03	2.34e-01	7.58e-01	5.03e-03	2.61e-05	0.00e+00	0.00e+00	0.00e+00	0.00e+00	0.00e+00	0.00e+00
 5.56310e+22	2.92e-03	2.38e-01	7.54e-01	4.50e-03	2.27e-05	0.00e+00	0.00e+00	0.00e+00	0.00e+00	0.00e+00	0.00e+00
 5.57009e+22	3.00e-03	2.40e-01	7.52e-01	4.28e-03	2.13e-05	0.00e+00	0.00e+00	0.00e+00	0.00e+00	0.00e+00	0.00e+00
 5.57573e+22	3.08e-03	2.42e-01	7.50e-01	4.08e-03	2.00e-05	0.00e+00	0.00e+00	0.00e+00	0.00e+00	0.00e+00	0.00e+00
 5.58283e+22	3.19e-03	2.46e-01	7.47e-01	3.83e-03	1.85e-05	0.00e+00	0.00e+00	0.00e+00	0.00e+00	0.00e+00	0.00e+00
 5.59066e+22	3.30e-03	2.48e-01	7.45e-01	3.59e-03	1.70e-05	0.00e+00	0.00e+00	0.00e+00	0.00e+00	0.00e+00	0.00e+00
 5.59813e+22	3.42e-03	2.51e-01	7.42e-01	3.36e-03	1.57e-05	0.00e+00	0.00e+00	0.00e+00	0.00e+00	0.00e+00	0.00e+00
 5.60515e+22	3.52e-03	2.54e-01	7.40e-01	3.16e-03	1.46e-05	0.00e+00	0.00e+00	0.00e+00	0.00e+00	0.00e+00	0.00e+00
 5.61214e+22	3.65e-03	2.57e-01	7.37e-01	2.96e-03	1.35e-05	0.00e+00	0.00e+00	0.00e+00	0.00e+00	0.00e+00	0.00e+00
 5.61902e+22	3.75e-03	2.59e-01	7.34e-01	2.79e-03	1.26e-05	0.00e+00	0.00e+00	0.00e+00	0.00e+00	0.00e+00	0.00e+00
 5.62578e+22	3.88e-03	2.62e-01	7.32e-01	2.61e-03	1.17e-05	0.00e+00	0.00e+00	0.00e+00	0.00e+00	0.00e+00	0.00e+00
 5.63249e+22	4.00e-03	2.64e-01	7.29e-01	2.45e-03	1.08e-05	0.00e+00	0.00e+00	0.00e+00	0.00e+00	0.00e+00	0.00e+00
 5.63893e+22	4.13e-03	2.67e-01	7.26e-01	2.30e-03	1.01e-05	0.00e+00	0.00e+00	0.00e+00	0.00e+00	0.00e+00	0.00e+00
 5.64516e+22	4.25e-03	2.69e-01	7.24e-01	2.17e-03	9.41e-06	0.00e+00	0.00e+00	0.00e+00	0.00e+00	0.00e+00	0.00e+00
 5.65132e+22	4.39e-03	2.72e-01	7.22e-01	2.04e-03	8.77e-06	0.00e+00	0.00e+00	0.00e+00	0.00e+00	0.00e+00	0.00e+00
 5.65747e+22	4.50e-03	2.74e-01	7.20e-01	1.92e-03	8.20e-06	0.00e+00	0.00e+00	0.00e+00	0.00e+00	0.00e+00	0.00e+00
 5.66374e+22	4.64e-03	2.76e-01	7.18e-01	1.80e-03	7.63e-06	0.00e+00	0.00e+00	0.00e+00	0.00e+00	0.00e+00	0.00e+00
 5.67000e+22	4.77e-03	2.78e-01	7.16e-01	1.69e-03	7.12e-06	0.00e+00	0.00e+00	0.00e+00	0.00e+00	0.00e+00	0.00e+00
 5.67601e+22	4.93e-03	2.81e-01	7.13e-01	1.58e-03	6.63e-06	0.00e+00	0.00e+00	0.00e+00	0.00e+00	0.00e+00	0.00e+00
 5.68170e+22	5.04e-03	2.82e-01	7.11e-01	1.49e-03	6.23e-06	0.00e+00	0.00e+00	0.00e+00	0.00e+00	0.00e+00	0.00e+00
 5.68747e+22	5.20e-03	2.84e-01	7.09e-01	1.40e-03	5.83e-06	0.00e+00	0.00e+00	0.00e+00	0.00e+00	0.00e+00	0.00e+00
 5.69343e+22	5.37e-03	2.87e-01	7.07e-01	1.31e-03	5.44e-06	0.00e+00	0.00e+00	0.00e+00	0.00e+00	0.00e+00	0.00e+00
 5.69897e+22	5.51e-03	2.88e-01	7.05e-01	1.23e-03	5.11e-06	0.00e+00	0.00e+00	0.00e+00	0.00e+00	0.00e+00	0.00e+00
 5.70427e+22	5.63e-03	2.90e-01	7.03e-01	1.17e-03	4.82e-06	0.00e+00	0.00e+00	0.00e+00	0.00e+00	0.00e+00	0.00e+00
 5.70993e+22	5.83e-03	2.92e-01	7.01e-01	1.09e-03	4.50e-06	0.00e+00	0.00e+00	0.00e+00	0.00e+00	0.00e+00	0.00e+00
 5.71555e+22	5.95e-03	2.93e-01	7.00e-01	1.03e-03	4.24e-06	0.00e+00	0.00e+00	0.00e+00	0.00e+00	0.00e+00	0.00e+00
 5.72109e+22	6.13e-03	2.95e-01	6.98e-01	9.68e-04	3.98e-06	0.00e+00	0.00e+00	0.00e+00	0.00e+00	0.00e+00	0.00e+00
 5.72675e+22	6.34e-03	2.98e-01	6.95e-01	9.06e-04	3.72e-06	0.00e+00	0.00e+00	0.00e+00	0.00e+00	0.00e+00	0.00e+00
 5.73184e+22	6.45e-03	2.98e-01	6.95e-01	8.60e-04	3.54e-06	0.00e+00	0.00e+00	0.00e+00	0.00e+00	0.00e+00	0.00e+00
 5.73710e+22	6.65e-03	3.00e-01	6.92e-01	8.08e-04	3.32e-06	0.00e+00	0.00e+00	0.00e+00	0.00e+00	0.00e+00	0.00e+00
 5.74270e+22	6.83e-03	3.02e-01	6.91e-01	7.60e-04	3.13e-06	0.00e+00	0.00e+00	0.00e+00	0.00e+00	0.00e+00	0.00e+00
 5.74800e+22	7.05e-03	3.04e-01	6.89e-01	7.15e-04	2.95e-06	0.00e+00	0.00e+00	0.00e+00	0.00e+00	0.00e+00	0.00e+00
 5.75300e+22	7.18e-03	3.04e-01	6.88e-01	6.79e-04	2.80e-06	0.00e+00	0.00e+00	0.00e+00	0.00e+00	0.00e+00	0.00e+00
 5.75822e+22	7.43e-03	3.06e-01	6.86e-01	6.38e-04	2.64e-06	0.00e+00	0.00e+00	0.00e+00	0.00e+00	0.00e+00	0.00e+00
 5.76354e+22	7.58e-03	3.07e-01	6.85e-01	6.04e-04	2.51e-06	0.00e+00	0.00e+00	0.00e+00	0.00e+00	0.00e+00	0.00e+00
 5.76880e+22	7.79e-03	3.08e-01	6.83e-01	5.69e-04	2.37e-06	0.00e+00	0.00e+00	0.00e+00	0.00e+00	0.00e+00	0.00e+00
 5.77429e+22	8.00e-03	3.09e-01	6.82e-01	5.37e-04	2.24e-06	0.00e+00	0.00e+00	0.00e+00	0.00e+00	0.00e+00	0.00e+00
 5.77962e+22	8.22e-03	3.11e-01	6.81e-01	5.07e-04	2.12e-06	0.00e+00	0.00e+00	0.00e+00	0.00e+00	0.00e+00	0.00e+00
 5.78478e+22	8.43e-03	3.12e-01	6.79e-01	4.80e-04	2.02e-06	0.00e+00	0.00e+00	0.00e+00	0.00e+00	0.00e+00	0.00e+00
 5.78995e+22	8.68e-03	3.13e-01	6.78e-01	4.54e-04	1.92e-06	0.00e+00	0.00e+00	0.00e+00	0.00e+00	0.00e+00	0.00e+00
 5.79514e+22	8.88e-03	3.14e-01	6.77e-01	4.30e-04	1.83e-06	0.00e+00	0.00e+00	0.00e+00	0.00e+00	0.00e+00	0.00e+00
 5.80046e+22	9.16e-03	3.15e-01	6.75e-01	4.07e-04	1.73e-06	0.00e+00	0.00e+00	0.00e+00	0.00e+00	0.00e+00	0.00e+00
 5.80583e+22	9.37e-03	3.16e-01	6.74e-01	3.86e-04	1.65e-06	0.00e+00	0.00e+00	0.00e+00	0.00e+00	0.00e+00	0.00e+00
 5.81129e+22	9.65e-03	3.17e-01	6.73e-01	3.65e-04	1.57e-06	0.00e+00	0.00e+00	0.00e+00	0.00e+00	0.00e+00	0.00e+00
 5.81691e+22	9.94e-03	3.19e-01	6.71e-01	3.45e-04	1.50e-06	0.00e+00	0.00e+00	0.00e+00	0.00e+00	0.00e+00	0.00e+00
 5.82230e+22	1.02e-02	3.19e-01	6.70e-01	3.28e-04	1.43e-06	0.00e+00	0.00e+00	0.00e+00	0.00e+00	0.00e+00	0.00e+00
 5.82774e+22	1.05e-02	3.21e-01	6.69e-01	3.12e-04	1.37e-06	0.00e+00	0.00e+00	0.00e+00	0.00e+00	0.00e+00	0.00e+00
 5.83346e+22	1.08e-02	3.22e-01	6.67e-01	2.96e-04	1.31e-06	0.00e+00	0.00e+00	0.00e+00	0.00e+00	0.00e+00	0.00e+00
 5.83935e+22	1.11e-02	3.23e-01	6.66e-01	2.81e-04	1.25e-06	0.00e+00	0.00e+00	0.00e+00	0.00e+00	0.00e+00	0.00e+00
 5.84539e+22	1.15e-02	3.24e-01	6.64e-01	2.66e-04	1.19e-06	0.00e+00	0.00e+00	0.00e+00	0.00e+00	0.00e+00	0.00e+00
 5.85138e+22	1.18e-02	3.25e-01	6.63e-01	2.53e-04	1.15e-06	0.00e+00	0.00e+00	0.00e+00	0.00e+00	0.00e+00	0.00e+00
 5.85755e+22	1.22e-02	3.27e-01	6.61e-01	2.40e-04	1.10e-06	0.00e+00	0.00e+00	0.00e+00	0.00e+00	0.00e+00	0.00e+00
 5.86340e+22	1.26e-02	3.28e-01	6.59e-01	2.29e-04	1.06e-06	0.00e+00	0.00e+00	0.00e+00	0.00e+00	0.00e+00	0.00e+00
 5.86831e+22	1.29e-02	3.29e-01	6.58e-01	2.21e-04	1.02e-06	0.00e+00	0.00e+00	0.00e+00	0.00e+00	0.00e+00	0.00e+00
 5.87314e+22	1.33e-02	3.31e-01	6.56e-01	2.12e-04	9.92e-07	0.00e+00	0.00e+00	0.00e+00	0.00e+00	0.00e+00	0.00e+00
 5.87838e+22	1.36e-02	3.32e-01	6.54e-01	2.04e-04	9.60e-07	0.00e+00	0.00e+00	0.00e+00	0.00e+00	0.00e+00	0.00e+00
 5.88385e+22	1.40e-02	3.34e-01	6.52e-01	1.96e-04	9.30e-07	0.00e+00	0.00e+00	0.00e+00	0.00e+00	0.00e+00	0.00e+00
 5.88944e+22	1.45e-02	3.36e-01	6.50e-01	1.88e-04	9.00e-07	0.00e+00	0.00e+00	0.00e+00	0.00e+00	0.00e+00	0.00e+00
 5.89500e+22	1.49e-02	3.38e-01	6.47e-01	1.81e-04	8.72e-07	0.00e+00	0.00e+00	0.00e+00	0.00e+00	0.00e+00	0.00e+00
 5.90058e+22	1.54e-02	3.40e-01	6.45e-01	1.74e-04	8.46e-07	0.00e+00	0.00e+00	0.00e+00	0.00e+00	0.00e+00	0.00e+00
 5.90632e+22	1.59e-02	3.42e-01	6.42e-01	1.67e-04	8.20e-07	0.00e+00	0.00e+00	0.00e+00	0.00e+00	0.00e+00	0.00e+00
 5.91222e+22	1.65e-02	3.44e-01	6.39e-01	1.60e-04	7.95e-07	0.00e+00	0.00e+00	0.00e+00	0.00e+00	0.00e+00	0.00e+00
 5.91823e+22	1.71e-02	3.46e-01	6.36e-01	1.54e-04	7.71e-07	0.00e+00	0.00e+00	0.00e+00	0.00e+00	0.00e+00	0.00e+00
 5.92431e+22	1.77e-02	3.49e-01	6.33e-01	1.48e-04	7.49e-07	0.00e+00	0.00e+00	0.00e+00	0.00e+00	0.00e+00	0.00e+00
 5.93051e+22	1.83e-02	3.52e-01	6.30e-01	1.42e-04	7.27e-07	0.00e+00	0.00e+00	0.00e+00	0.00e+00	0.00e+00	0.00e+00
 5.93686e+22	1.90e-02	3.55e-01	6.26e-01	1.36e-04	7.05e-07	0.00e+00	0.00e+00	0.00e+00	0.00e+00	0.00e+00	0.00e+00
 5.94333e+22	1.97e-02	3.58e-01	6.23e-01	1.31e-04	6.84e-07	0.00e+00	0.00e+00	0.00e+00	0.00e+00	0.00e+00	0.00e+00
 5.94994e+22	2.05e-02	3.61e-01	6.19e-01	1.26e-04	6.64e-07	0.00e+00	0.00e+00	0.00e+00	0.00e+00	0.00e+00	0.00e+00
 5.95666e+22	2.13e-02	3.64e-01	6.14e-01	1.21e-04	6.45e-07	0.00e+00	0.00e+00	0.00e+00	0.00e+00	0.00e+00	0.00e+00
 5.96354e+22	2.22e-02	3.68e-01	6.10e-01	1.16e-04	6.26e-07	0.00e+00	0.00e+00	0.00e+00	0.00e+00	0.00e+00	0.00e+00
 5.97057e+22	2.31e-02	3.71e-01	6.05e-01	1.11e-04	6.08e-07	0.00e+00	0.00e+00	0.00e+00	0.00e+00	0.00e+00	0.00e+00
 5.97775e+22	2.41e-02	3.75e-01	6.01e-01	1.06e-04	5.90e-07	0.00e+00	0.00e+00	0.00e+00	0.00e+00	0.00e+00	0.00e+00
 5.98510e+22	2.51e-02	3.79e-01	5.96e-01	1.02e-04	5.73e-07	0.00e+00	0.00e+00	0.00e+00	0.00e+00	0.00e+00	0.00e+00
 5.99262e+22	2.62e-02	3.83e-01	5.90e-01	9.77e-05	5.56e-07	0.00e+00	0.00e+00	0.00e+00	0.00e+00	0.00e+00	0.00e+00
 6.00033e+22	2.73e-02	3.88e-01	5.85e-01	9.35e-05	5.40e-07	0.00e+00	0.00e+00	0.00e+00	0.00e+00	0.00e+00	0.00e+00
 6.00825e+22	2.86e-02	3.92e-01	5.79e-01	8.95e-05	5.24e-07	0.00e+00	0.00e+00	0.00e+00	0.00e+00	0.00e+00	0.00e+00
 6.01638e+22	2.98e-02	3.97e-01	5.74e-01	8.56e-05	5.09e-07	0.00e+00	0.00e+00	0.00e+00	0.00e+00	0.00e+00	0.00e+00
 6.02474e+22	3.12e-02	4.01e-01	5.67e-01	8.18e-05	4.93e-07	0.00e+00	0.00e+00	0.00e+00	0.00e+00	0.00e+00	0.00e+00
 6.03336e+22	3.27e-02	4.06e-01	5.61e-01	7.81e-05	4.78e-07	0.00e+00	0.00e+00	0.00e+00	0.00e+00	0.00e+00	0.00e+00
 6.04220e+22	3.42e-02	4.11e-01	5.54e-01	7.46e-05	4.64e-07	0.00e+00	0.00e+00	0.00e+00	0.00e+00	0.00e+00	0.00e+00
 6.05119e+22	3.58e-02	4.16e-01	5.48e-01	7.12e-05	4.50e-07	0.00e+00	0.00e+00	0.00e+00	0.00e+00	0.00e+00	0.00e+00
 6.06033e+22	3.75e-02	4.21e-01	5.41e-01	6.80e-05	4.36e-07	0.00e+00	0.00e+00	0.00e+00	0.00e+00	0.00e+00	0.00e+00
 6.06963e+22	3.92e-02	4.27e-01	5.34e-01	6.49e-05	4.23e-07	0.00e+00	0.00e+00	0.00e+00	0.00e+00	0.00e+00	0.00e+00
 6.07914e+22	4.12e-02	4.32e-01	5.26e-01	6.18e-05	4.10e-07	0.00e+00	0.00e+00	0.00e+00	0.00e+00	0.00e+00	0.00e+00
 6.08906e+22	4.33e-02	4.38e-01	5.19e-01	5.88e-05	3.97e-07	0.00e+00	0.00e+00	0.00e+00	0.00e+00	0.00e+00	0.00e+00
 6.09936e+22	4.55e-02	4.44e-01	5.11e-01	5.60e-05	3.84e-07	0.00e+00	0.00e+00	0.00e+00	0.00e+00	0.00e+00	0.00e+00
 6.10971e+22	4.76e-02	4.49e-01	5.03e-01	5.34e-05	3.72e-07	0.00e+00	0.00e+00	0.00e+00	0.00e+00	0.00e+00	0.00e+00
 6.12007e+22	5.00e-02	4.55e-01	4.95e-01	5.08e-05	3.60e-07	0.00e+00	0.00e+00	0.00e+00	0.00e+00	0.00e+00	0.00e+00
 6.13094e+22	5.27e-02	4.61e-01	4.86e-01	4.82e-05	3.47e-07	0.00e+00	0.00e+00	0.00e+00	0.00e+00	0.00e+00	0.00e+00
 6.14243e+22	5.55e-02	4.67e-01	4.77e-01	4.57e-05	3.35e-07	0.00e+00	0.00e+00	0.00e+00	0.00e+00	0.00e+00	0.00e+00
 6.15420e+22	5.86e-02	4.74e-01	4.68e-01	4.33e-05	3.23e-07	0.00e+00	0.00e+00	0.00e+00	0.00e+00	0.00e+00	0.00e+00
 6.16619e+22	6.19e-02	4.80e-01	4.58e-01	4.10e-05	3.10e-07	0.00e+00	0.00e+00	0.00e+00	0.00e+00	0.00e+00	0.00e+00
 6.17859e+22	6.55e-02	4.86e-01	4.48e-01	3.87e-05	2.98e-07	0.00e+00	0.00e+00	0.00e+00	0.00e+00	0.00e+00	0.00e+00
 6.19144e+22	6.94e-02	4.93e-01	4.38e-01	3.65e-05	2.85e-07	0.00e+00	0.00e+00	0.00e+00	0.00e+00	0.00e+00	0.00e+00
 6.20419e+22	7.35e-02	4.99e-01	4.27e-01	3.45e-05	2.73e-07	0.00e+00	0.00e+00	0.00e+00	0.00e+00	0.00e+00	0.00e+00
 6.21618e+22	7.75e-02	5.05e-01	4.17e-01	3.27e-05	2.62e-07	0.00e+00	0.00e+00	0.00e+00	0.00e+00	0.00e+00	0.00e+00
 6.22748e+22	8.16e-02	5.10e-01	4.08e-01	3.11e-05	2.52e-07	0.00e+00	0.00e+00	0.00e+00	0.00e+00	0.00e+00	0.00e+00
 6.23845e+22	8.57e-02	5.15e-01	3.99e-01	2.96e-05	2.42e-07	0.00e+00	0.00e+00	0.00e+00	0.00e+00	0.00e+00	0.00e+00
 6.24910e+22	8.99e-02	5.20e-01	3.90e-01	2.82e-05	2.33e-07	0.00e+00	0.00e+00	0.00e+00	0.00e+00	0.00e+00	0.00e+00
 6.25942e+22	9.42e-02	5.25e-01	3.81e-01	2.68e-05	2.24e-07	0.00e+00	0.00e+00	0.00e+00	0.00e+00	0.00e+00	0.00e+00
 6.26931e+22	9.85e-02	5.29e-01	3.73e-01	2.53e-05	2.15e-07	0.00e+00	0.00e+00	0.00e+00	0.00e+00	0.00e+00	0.00e+00
 6.27868e+22	1.03e-01	5.33e-01	3.64e-01	2.39e-05	2.07e-07	0.00e+00	0.00e+00	0.00e+00	0.00e+00	0.00e+00	0.00e+00
 6.28760e+22	1.07e-01	5.36e-01	3.56e-01	2.27e-05	1.99e-07	0.00e+00	0.00e+00	0.00e+00	0.00e+00	0.00e+00	0.00e+00
 6.29596e+22	1.11e-01	5.40e-01	3.49e-01	2.16e-05	1.92e-07	0.00e+00	0.00e+00	0.00e+00	0.00e+00	0.00e+00	0.00e+00
 6.30406e+22	1.16e-01	5.43e-01	3.41e-01	2.05e-05	1.85e-07	0.00e+00	0.00e+00	0.00e+00	0.00e+00	0.00e+00	0.00e+00
 6.31213e+22	1.20e-01	5.46e-01	3.34e-01	1.95e-05	1.78e-07	0.00e+00	0.00e+00	0.00e+00	0.00e+00	0.00e+00	0.00e+00
 6.31993e+22	1.25e-01	5.48e-01	3.27e-01	1.85e-05	1.71e-07	0.00e+00	0.00e+00	0.00e+00	0.00e+00	0.00e+00	0.00e+00
 6.32744e+22	1.30e-01	5.51e-01	3.20e-01	1.77e-05	1.65e-07	0.00e+00	0.00e+00	0.00e+00	0.00e+00	0.00e+00	0.00e+00
 6.33465e+22	1.34e-01	5.53e-01	3.13e-01	1.69e-05	1.59e-07	0.00e+00	0.00e+00	0.00e+00	0.00e+00	0.00e+00	0.00e+00
 6.34162e+22	1.39e-01	5.55e-01	3.06e-01	1.61e-05	1.53e-07	0.00e+00	0.00e+00	0.00e+00	0.00e+00	0.00e+00	0.00e+00
 6.34835e+22	1.43e-01	5.57e-01	2.99e-01	1.54e-05	1.48e-07	0.00e+00	0.00e+00	0.00e+00	0.00e+00	0.00e+00	0.00e+00
 6.35486e+22	1.48e-01	5.59e-01	2.93e-01	1.47e-05	1.43e-07	0.00e+00	0.00e+00	0.00e+00	0.00e+00	0.00e+00	0.00e+00
 6.36113e+22	1.53e-01	5.60e-01	2.87e-01	1.41e-05	1.38e-07	0.00e+00	0.00e+00	0.00e+00	0.00e+00	0.00e+00	0.00e+00
 6.36717e+22	1.58e-01	5.62e-01	2.80e-01	1.35e-05	1.33e-07	0.00e+00	0.00e+00	0.00e+00	0.00e+00	0.00e+00	0.00e+00
 6.37301e+22	1.63e-01	5.63e-01	2.74e-01	1.30e-05	1.28e-07	0.00e+00	0.00e+00	0.00e+00	0.00e+00	0.00e+00	0.00e+00
 6.37864e+22	1.68e-01	5.64e-01	2.68e-01	1.24e-05	1.24e-07	0.00e+00	0.00e+00	0.00e+00	0.00e+00	0.00e+00	0.00e+00
 6.38408e+22	1.73e-01	5.65e-01	2.62e-01	1.19e-05	0.00e+00	0.00e+00	0.00e+00	0.00e+00	0.00e+00	0.00e+00	0.00e+00
 6.38919e+22	1.77e-01	5.66e-01	2.57e-01	1.15e-05	0.00e+00	0.00e+00	0.00e+00	0.00e+00	0.00e+00	0.00e+00	0.00e+00
 6.39383e+22	1.82e-01	5.67e-01	2.51e-01	1.11e-05	0.00e+00	0.00e+00	0.00e+00	0.00e+00	0.00e+00	0.00e+00	0.00e+00
 6.39806e+22	1.86e-01	5.67e-01	2.47e-01	1.07e-05	0.00e+00	0.00e+00	0.00e+00	0.00e+00	0.00e+00	0.00e+00	0.00e+00
 6.40190e+22	1.91e-01	5.67e-01	2.42e-01	1.04e-05	0.00e+00	0.00e+00	0.00e+00	0.00e+00	0.00e+00	0.00e+00	0.00e+00
 6.40540e+22	1.94e-01	5.68e-01	2.38e-01	1.01e-05	0.00e+00	0.00e+00	0.00e+00	0.00e+00	0.00e+00	0.00e+00	0.00e+00
 6.40859e+22	1.98e-01	5.68e-01	2.34e-01	9.84e-06	0.00e+00	0.00e+00	0.00e+00	0.00e+00	0.00e+00	0.00e+00	0.00e+00
 6.41148e+22	2.02e-01	5.68e-01	2.30e-01	9.60e-06	0.00e+00	0.00e+00	0.00e+00	0.00e+00	0.00e+00	0.00e+00	0.00e+00
 6.41466e+22	2.06e-01	5.68e-01	2.26e-01	9.32e-06	0.00e+00	0.00e+00	0.00e+00	0.00e+00	0.00e+00	0.00e+00	0.00e+00
 6.41809e+22	2.10e-01	5.68e-01	2.22e-01	9.06e-06	0.00e+00	0.00e+00	0.00e+00	0.00e+00	0.00e+00	0.00e+00	0.00e+00
 6.42121e+22	2.13e-01	5.68e-01	2.19e-01	8.84e-06	0.00e+00	0.00e+00	0.00e+00	0.00e+00	0.00e+00	0.00e+00	0.00e+00
 6.42463e+22	2.18e-01	5.68e-01	2.15e-01	8.56e-06	0.00e+00	0.00e+00	0.00e+00	0.00e+00	0.00e+00	0.00e+00	0.00e+00
 6.42832e+22	2.22e-01	5.67e-01	2.11e-01	8.30e-06	0.00e+00	0.00e+00	0.00e+00	0.00e+00	0.00e+00	0.00e+00	0.00e+00
 6.43168e+22	2.26e-01	5.67e-01	2.07e-01	8.07e-06	0.00e+00	0.00e+00	0.00e+00	0.00e+00	0.00e+00	0.00e+00	0.00e+00
 6.43473e+22	2.30e-01	5.66e-01	2.03e-01	7.86e-06	0.00e+00	0.00e+00	0.00e+00	0.00e+00	0.00e+00	0.00e+00	0.00e+00
 6.43751e+22	2.34e-01	5.66e-01	2.00e-01	7.67e-06	0.00e+00	0.00e+00	0.00e+00	0.00e+00	0.00e+00	0.00e+00	0.00e+00
 6.44004e+22	2.38e-01	5.65e-01	1.97e-01	7.48e-06	0.00e+00	0.00e+00	0.00e+00	0.00e+00	0.00e+00	0.00e+00	0.00e+00
 6.44235e+22	2.40e-01	5.65e-01	1.95e-01	7.34e-06	0.00e+00	0.00e+00	0.00e+00	0.00e+00	0.00e+00	0.00e+00	0.00e+00
 6.44487e+22	2.44e-01	5.65e-01	1.92e-01	7.18e-06	0.00e+00	0.00e+00	0.00e+00	0.00e+00	0.00e+00	0.00e+00	0.00e+00
 6.44815e+22	2.48e-01	5.64e-01	1.88e-01	6.96e-06	0.00e+00	0.00e+00	0.00e+00	0.00e+00	0.00e+00	0.00e+00	0.00e+00
 6.45169e+22	2.52e-01	5.63e-01	1.85e-01	6.78e-06	0.00e+00	0.00e+00	0.00e+00	0.00e+00	0.00e+00	0.00e+00	0.00e+00
 6.45492e+22	2.56e-01	5.62e-01	1.82e-01	6.59e-06	0.00e+00	0.00e+00	0.00e+00	0.00e+00	0.00e+00	0.00e+00	0.00e+00
 6.45785e+22	2.59e-01	5.62e-01	1.80e-01	6.45e-06	0.00e+00	0.00e+00	0.00e+00	0.00e+00	0.00e+00	0.00e+00	0.00e+00
 6.46106e+22	2.64e-01	5.61e-01	1.76e-01	6.25e-06	0.00e+00	0.00e+00	0.00e+00	0.00e+00	0.00e+00	0.00e+00	0.00e+00
 6.46453e+22	2.67e-01	5.60e-01	1.73e-01	6.09e-06	0.00e+00	0.00e+00	0.00e+00	0.00e+00	0.00e+00	0.00e+00	0.00e+00
 6.46769e+22	2.71e-01	5.59e-01	1.70e-01	5.92e-06	0.00e+00	0.00e+00	0.00e+00	0.00e+00	0.00e+00	0.00e+00	0.00e+00
 6.47115e+22	2.76e-01	5.57e-01	1.66e-01	5.73e-06	0.00e+00	0.00e+00	0.00e+00	0.00e+00	0.00e+00	0.00e+00	0.00e+00
 6.47489e+22	2.81e-01	5.56e-01	1.63e-01	5.56e-06	0.00e+00	0.00e+00	0.00e+00	0.00e+00	0.00e+00	0.00e+00	0.00e+00
 6.47829e+22	2.85e-01	5.55e-01	1.60e-01	5.40e-06	0.00e+00	0.00e+00	0.00e+00	0.00e+00	0.00e+00	0.00e+00	0.00e+00
 6.48201e+22	2.90e-01	5.53e-01	1.57e-01	5.21e-06	0.00e+00	0.00e+00	0.00e+00	0.00e+00	0.00e+00	0.00e+00	0.00e+00
 6.48603e+22	2.96e-01	5.51e-01	1.53e-01	5.04e-06	0.00e+00	0.00e+00	0.00e+00	0.00e+00	0.00e+00	0.00e+00	0.00e+00
 6.48969e+22	3.00e-01	5.50e-01	1.50e-01	4.88e-06	0.00e+00	0.00e+00	0.00e+00	0.00e+00	0.00e+00	0.00e+00	0.00e+00
 6.49302e+22	3.05e-01	5.48e-01	1.47e-01	4.74e-06	0.00e+00	0.00e+00	0.00e+00	0.00e+00	0.00e+00	0.00e+00	0.00e+00
 6.49605e+22	3.09e-01	5.46e-01	1.44e-01	4.61e-06	0.00e+00	0.00e+00	0.00e+00	0.00e+00	0.00e+00	0.00e+00	0.00e+00
 6.49881e+22	3.14e-01	5.44e-01	1.41e-01	4.48e-06	0.00e+00	0.00e+00	0.00e+00	0.00e+00	0.00e+00	0.00e+00	0.00e+00
 6.50132e+22	3.17e-01	5.43e-01	1.39e-01	4.39e-06	0.00e+00	0.00e+00	0.00e+00	0.00e+00	0.00e+00	0.00e+00	0.00e+00
 6.50407e+22	3.22e-01	5.41e-01	1.37e-01	4.26e-06	0.00e+00	0.00e+00	0.00e+00	0.00e+00	0.00e+00	0.00e+00	0.00e+00
 6.50764e+22	3.28e-01	5.39e-01	1.33e-01	4.11e-06	0.00e+00	0.00e+00	0.00e+00	0.00e+00	0.00e+00	0.00e+00	0.00e+00
 6.51150e+22	3.32e-01	5.37e-01	1.31e-01	3.99e-06	0.00e+00	0.00e+00	0.00e+00	0.00e+00	0.00e+00	0.00e+00	0.00e+00
 6.51502e+22	3.37e-01	5.35e-01	1.28e-01	3.86e-06	0.00e+00	0.00e+00	0.00e+00	0.00e+00	0.00e+00	0.00e+00	0.00e+00
 6.51821e+22	3.42e-01	5.33e-01	1.25e-01	3.76e-06	0.00e+00	0.00e+00	0.00e+00	0.00e+00	0.00e+00	0.00e+00	0.00e+00
 6.52171e+22	3.48e-01	5.30e-01	1.22e-01	3.62e-06	0.00e+00	0.00e+00	0.00e+00	0.00e+00	0.00e+00	0.00e+00	0.00e+00
 6.52549e+22	3.53e-01	5.28e-01	1.19e-01	3.50e-06	0.00e+00	0.00e+00	0.00e+00	0.00e+00	0.00e+00	0.00e+00	0.00e+00
 6.52894e+22	3.58e-01	5.25e-01	1.17e-01	3.40e-06	0.00e+00	0.00e+00	0.00e+00	0.00e+00	0.00e+00	0.00e+00	0.00e+00
 6.53207e+22	3.62e-01	5.23e-01	1.15e-01	3.31e-06	0.00e+00	0.00e+00	0.00e+00	0.00e+00	0.00e+00	0.00e+00	0.00e+00
 6.53550e+22	3.68e-01	5.20e-01	1.12e-01	3.19e-06	0.00e+00	0.00e+00	0.00e+00	0.00e+00	0.00e+00	0.00e+00	0.00e+00
 6.53920e+22	3.73e-01	5.18e-01	1.09e-01	3.09e-06	0.00e+00	0.00e+00	0.00e+00	0.00e+00	0.00e+00	0.00e+00	0.00e+00
 6.54257e+22	3.78e-01	5.15e-01	1.07e-01	3.00e-06	0.00e+00	0.00e+00	0.00e+00	0.00e+00	0.00e+00	0.00e+00	0.00e+00
 6.54564e+22	3.83e-01	5.13e-01	1.05e-01	2.91e-06	0.00e+00	0.00e+00	0.00e+00	0.00e+00	0.00e+00	0.00e+00	0.00e+00
 6.54843e+22	3.86e-01	5.11e-01	1.03e-01	2.85e-06	0.00e+00	0.00e+00	0.00e+00	0.00e+00	0.00e+00	0.00e+00	0.00e+00
 6.55149e+22	3.90e-01	5.08e-01	1.01e-01	2.76e-06	0.00e+00	0.00e+00	0.00e+00	0.00e+00	0.00e+00	0.00e+00	0.00e+00
 6.55479e+22	3.94e-01	5.06e-01	9.93e-02	2.69e-06	0.00e+00	0.00e+00	0.00e+00	0.00e+00	0.00e+00	0.00e+00	0.00e+00
 6.55841e+22	3.99e-01	5.03e-01	9.71e-02	2.60e-06	0.00e+00	0.00e+00	0.00e+00	0.00e+00	0.00e+00	0.00e+00	0.00e+00
 6.56231e+22	4.04e-01	5.01e-01	9.52e-02	2.53e-06	0.00e+00	0.00e+00	0.00e+00	0.00e+00	0.00e+00	0.00e+00	0.00e+00
 6.56587e+22	4.09e-01	4.98e-01	9.31e-02	2.45e-06	0.00e+00	0.00e+00	0.00e+00	0.00e+00	0.00e+00	0.00e+00	0.00e+00
 6.56910e+22	4.12e-01	4.96e-01	9.17e-02	2.39e-06	0.00e+00	0.00e+00	0.00e+00	0.00e+00	0.00e+00	0.00e+00	0.00e+00
 6.57265e+22	4.18e-01	4.93e-01	8.94e-02	2.31e-06	0.00e+00	0.00e+00	0.00e+00	0.00e+00	0.00e+00	0.00e+00	0.00e+00
 6.57647e+22	4.22e-01	4.90e-01	8.76e-02	2.24e-06	0.00e+00	0.00e+00	0.00e+00	0.00e+00	0.00e+00	0.00e+00	0.00e+00
 6.57996e+22	4.26e-01	4.88e-01	8.62e-02	2.18e-06	0.00e+00	0.00e+00	0.00e+00	0.00e+00	0.00e+00	0.00e+00	0.00e+00
 6.58377e+22	4.32e-01	4.84e-01	8.38e-02	2.10e-06	0.00e+00	0.00e+00	0.00e+00	0.00e+00	0.00e+00	0.00e+00	0.00e+00
 6.58789e+22	4.36e-01	4.82e-01	8.21e-02	2.04e-06	0.00e+00	0.00e+00	0.00e+00	0.00e+00	0.00e+00	0.00e+00	0.00e+00
 6.59164e+22	4.41e-01	4.78e-01	8.02e-02	1.97e-06	0.00e+00	0.00e+00	0.00e+00	0.00e+00	0.00e+00	0.00e+00	0.00e+00
 6.59505e+22	4.45e-01	4.76e-01	7.89e-02	1.92e-06	0.00e+00	0.00e+00	0.00e+00	0.00e+00	0.00e+00	0.00e+00	0.00e+00
 6.59879e+22	4.50e-01	4.73e-01	7.69e-02	1.86e-06	0.00e+00	0.00e+00	0.00e+00	0.00e+00	0.00e+00	0.00e+00	0.00e+00
 6.60282e+22	4.55e-01	4.70e-01	7.53e-02	1.80e-06	0.00e+00	0.00e+00	0.00e+00	0.00e+00	0.00e+00	0.00e+00	0.00e+00
 6.60650e+22	4.59e-01	4.67e-01	7.40e-02	1.75e-06	0.00e+00	0.00e+00	0.00e+00	0.00e+00	0.00e+00	0.00e+00	0.00e+00
 6.61052e+22	4.65e-01	4.63e-01	7.19e-02	1.68e-06	0.00e+00	0.00e+00	0.00e+00	0.00e+00	0.00e+00	0.00e+00	0.00e+00
 6.61486e+22	4.69e-01	4.60e-01	7.04e-02	1.63e-06	0.00e+00	0.00e+00	0.00e+00	0.00e+00	0.00e+00	0.00e+00	0.00e+00
 6.61882e+22	4.73e-01	4.58e-01	6.91e-02	1.59e-06	0.00e+00	0.00e+00	0.00e+00	0.00e+00	0.00e+00	0.00e+00	0.00e+00
 6.62315e+22	4.79e-01	4.54e-01	6.71e-02	1.52e-06	0.00e+00	0.00e+00	0.00e+00	0.00e+00	0.00e+00	0.00e+00	0.00e+00
 6.62783e+22	4.84e-01	4.50e-01	6.56e-02	1.47e-06	0.00e+00	0.00e+00	0.00e+00	0.00e+00	0.00e+00	0.00e+00	0.00e+00
 6.63208e+22	4.89e-01	4.47e-01	6.39e-02	1.42e-06	0.00e+00	0.00e+00	0.00e+00	0.00e+00	0.00e+00	0.00e+00	0.00e+00
 6.63596e+22	4.93e-01	4.44e-01	6.28e-02	1.38e-06	0.00e+00	0.00e+00	0.00e+00	0.00e+00	0.00e+00	0.00e+00	0.00e+00
 6.64020e+22	4.99e-01	4.40e-01	6.11e-02	1.33e-06	0.00e+00	0.00e+00	0.00e+00	0.00e+00	0.00e+00	0.00e+00	0.00e+00
 6.64478e+22	5.04e-01	4.37e-01	5.96e-02	1.28e-06	0.00e+00	0.00e+00	0.00e+00	0.00e+00	0.00e+00	0.00e+00	0.00e+00
 6.64895e+22	5.08e-01	4.34e-01	5.85e-02	1.25e-06	0.00e+00	0.00e+00	0.00e+00	0.00e+00	0.00e+00	0.00e+00	0.00e+00
 6.65352e+22	5.13e-01	4.30e-01	5.68e-02	1.20e-06	0.00e+00	0.00e+00	0.00e+00	0.00e+00	0.00e+00	0.00e+00	0.00e+00
 6.65845e+22	5.18e-01	4.26e-01	5.55e-02	1.16e-06	0.00e+00	0.00e+00	0.00e+00	0.00e+00	0.00e+00	0.00e+00	0.00e+00
 6.66294e+22	5.22e-01	4.23e-01	5.43e-02	1.12e-06	0.00e+00	0.00e+00	0.00e+00	0.00e+00	0.00e+00	0.00e+00	0.00e+00
 6.66786e+22	5.29e-01	4.19e-01	5.27e-02	1.07e-06	0.00e+00	0.00e+00	0.00e+00	0.00e+00	0.00e+00	0.00e+00	0.00e+00
 6.67317e+22	5.33e-01	4.15e-01	5.15e-02	1.04e-06	0.00e+00	0.00e+00	0.00e+00	0.00e+00	0.00e+00	0.00e+00	0.00e+00
 6.67800e+22	5.38e-01	4.11e-01	5.02e-02	1.00e-06	0.00e+00	0.00e+00	0.00e+00	0.00e+00	0.00e+00	0.00e+00	0.00e+00
 6.68240e+22	5.43e-01	4.08e-01	4.91e-02	9.70e-07	0.00e+00	0.00e+00	0.00e+00	0.00e+00	0.00e+00	0.00e+00	0.00e+00
 6.68721e+22	5.49e-01	4.04e-01	4.76e-02	9.30e-07	0.00e+00	0.00e+00	0.00e+00	0.00e+00	0.00e+00	0.00e+00	0.00e+00
 6.69242e+22	5.54e-01	4.00e-01	4.64e-02	8.97e-07	0.00e+00	0.00e+00	0.00e+00	0.00e+00	0.00e+00	0.00e+00	0.00e+00
 6.69715e+22	5.57e-01	3.97e-01	4.55e-02	8.70e-07	0.00e+00	0.00e+00	0.00e+00	0.00e+00	0.00e+00	0.00e+00	0.00e+00
 6.70234e+22	5.63e-01	3.93e-01	4.42e-02	8.34e-07	0.00e+00	0.00e+00	0.00e+00	0.00e+00	0.00e+00	0.00e+00	0.00e+00
 6.70794e+22	5.68e-01	3.89e-01	4.30e-02	8.02e-07	0.00e+00	0.00e+00	0.00e+00	0.00e+00	0.00e+00	0.00e+00	0.00e+00
 6.71303e+22	5.72e-01	3.86e-01	4.21e-02	7.77e-07	0.00e+00	0.00e+00	0.00e+00	0.00e+00	0.00e+00	0.00e+00	0.00e+00
 6.71862e+22	5.78e-01	3.81e-01	4.08e-02	7.43e-07	0.00e+00	0.00e+00	0.00e+00	0.00e+00	0.00e+00	0.00e+00	0.00e+00
 6.72464e+22	5.84e-01	3.77e-01	3.96e-02	7.13e-07	0.00e+00	0.00e+00	0.00e+00	0.00e+00	0.00e+00	0.00e+00	0.00e+00
 6.73013e+22	5.88e-01	3.73e-01	3.87e-02	6.89e-07	0.00e+00	0.00e+00	0.00e+00	0.00e+00	0.00e+00	0.00e+00	0.00e+00
 6.73614e+22	5.94e-01	3.68e-01	3.75e-02	6.57e-07	0.00e+00	0.00e+00	0.00e+00	0.00e+00	0.00e+00	0.00e+00	0.00e+00
 6.74263e+22	5.99e-01	3.64e-01	3.65e-02	6.32e-07	0.00e+00	0.00e+00	0.00e+00	0.00e+00	0.00e+00	0.00e+00	0.00e+00
 6.74854e+22	6.04e-01	3.60e-01	3.55e-02	6.07e-07	0.00e+00	0.00e+00	0.00e+00	0.00e+00	0.00e+00	0.00e+00	0.00e+00
 6.75391e+22	6.08e-01	3.57e-01	3.46e-02	5.87e-07	0.00e+00	0.00e+00	0.00e+00	0.00e+00	0.00e+00	0.00e+00	0.00e+00
 6.75980e+22	6.14e-01	3.52e-01	3.35e-02	5.61e-07	0.00e+00	0.00e+00	0.00e+00	0.00e+00	0.00e+00	0.00e+00	0.00e+00
 6.76616e+22	6.19e-01	3.48e-01	3.26e-02	5.39e-07	0.00e+00	0.00e+00	0.00e+00	0.00e+00	0.00e+00	0.00e+00	0.00e+00
