#depth	He	He+	He+2
 4.62852e+21	1.68e-09	5.50e-04	9.99e-01
 1.03758e+22	3.37e-09	8.21e-04	9.99e-01
 1.20539e+22	5.22e-09	1.00e-03	9.99e-01
 1.29215e+22	6.61e-09	1.12e-03	9.99e-01
 1.33679e+22	7.36e-09	1.17e-03	9.99e-01
 1.36268e+22	8.10e-09	1.22e-03	9.99e-01
 1.39045e+22	9.11e-09	1.29e-03	9.99e-01
 1.41905e+22	1.00e-08	1.35e-03	9.99e-01
 1.44873e+22	1.13e-08	1.42e-03	9.99e-01
 1.47937e+22	1.27e-08	1.50e-03	9.99e-01
 1.50656e+22	1.40e-08	1.57e-03	9.98e-01
 1.53722e+22	1.59e-08	1.66e-03	9.98e-01
 1.56976e+22	1.79e-08	1.75e-03	9.98e-01
 1.59958e+22	1.99e-08	1.84e-03	9.98e-01
 1.62754e+22	2.20e-08	1.93e-03	9.98e-01
 1.65409e+22	2.41e-08	2.01e-03	9.98e-01
 1.68442e+22	2.72e-08	2.13e-03	9.98e-01
 1.71590e+22	3.02e-08	2.24e-03	9.98e-01
 1.74404e+22	3.34e-08	2.34e-03	9.98e-01
 1.77578e+22	3.78e-08	2.48e-03	9.98e-01
 1.80866e+22	4.22e-08	2.62e-03	9.97e-01
 1.83826e+22	4.68e-08	2.75e-03	9.97e-01
 1.87199e+22	5.33e-08	2.92e-03	9.97e-01
 1.90678e+22	5.97e-08	3.08e-03	9.97e-01
 1.93779e+22	6.64e-08	3.24e-03	9.97e-01
 1.97298e+22	7.58e-08	3.46e-03	9.97e-01
 2.00910e+22	8.51e-08	3.65e-03	9.96e-01
 2.04118e+22	9.49e-08	3.85e-03	9.96e-01
 2.07762e+22	1.09e-07	4.11e-03	9.96e-01
 2.11512e+22	1.22e-07	4.35e-03	9.96e-01
 2.14856e+22	1.37e-07	4.59e-03	9.95e-01
 2.18659e+22	1.57e-07	4.91e-03	9.95e-01
 2.22581e+22	1.78e-07	5.21e-03	9.95e-01
 2.25875e+22	1.98e-07	5.48e-03	9.95e-01
 2.29375e+22	2.25e-07	5.83e-03	9.94e-01
 2.33042e+22	2.52e-07	6.17e-03	9.94e-01
 2.36928e+22	2.90e-07	6.61e-03	9.93e-01
 2.40910e+22	3.29e-07	7.03e-03	9.93e-01
 2.44403e+22	3.68e-07	7.42e-03	9.93e-01
 2.47663e+22	4.09e-07	7.82e-03	9.92e-01
 2.50762e+22	4.51e-07	8.20e-03	9.92e-01
 2.54316e+22	5.13e-07	8.73e-03	9.91e-01
 2.58005e+22	5.75e-07	9.23e-03	9.91e-01
 2.61353e+22	6.41e-07	9.74e-03	9.90e-01
 2.64625e+22	7.15e-07	1.03e-02	9.90e-01
 2.67831e+22	7.94e-07	1.08e-02	9.89e-01
 2.71515e+22	9.12e-07	1.16e-02	9.88e-01
 2.75222e+22	1.01e-06	1.22e-02	9.88e-01
 2.78957e+22	1.16e-06	1.30e-02	9.87e-01
 2.82788e+22	1.31e-06	1.38e-02	9.86e-01
 2.86166e+22	1.46e-06	1.46e-02	9.85e-01
 2.89984e+22	1.67e-06	1.56e-02	9.84e-01
 2.93941e+22	1.89e-06	1.66e-02	9.83e-01
 2.97479e+22	2.12e-06	1.75e-02	9.82e-01
 3.01478e+22	2.45e-06	1.88e-02	9.81e-01
 3.05629e+22	2.79e-06	2.01e-02	9.80e-01
 3.09342e+22	3.14e-06	2.13e-02	9.79e-01
 3.13537e+22	3.67e-06	2.29e-02	9.77e-01
 3.17869e+22	4.18e-06	2.45e-02	9.76e-01
 3.21488e+22	4.66e-06	2.58e-02	9.74e-01
 3.25301e+22	5.36e-06	2.76e-02	9.72e-01
 3.29519e+22	6.15e-06	2.96e-02	9.70e-01
 3.33637e+22	7.05e-06	3.16e-02	9.68e-01
 3.37355e+22	7.86e-06	3.33e-02	9.67e-01
 3.41178e+22	9.01e-06	3.56e-02	9.64e-01
 3.45073e+22	1.01e-05	3.78e-02	9.62e-01
 3.48449e+22	1.13e-05	3.98e-02	9.60e-01
 3.52226e+22	1.29e-05	4.25e-02	9.58e-01
 3.56132e+22	1.45e-05	4.50e-02	9.55e-01
 3.59568e+22	1.62e-05	4.74e-02	9.53e-01
 3.63400e+22	1.85e-05	5.06e-02	9.49e-01
 3.67341e+22	2.09e-05	5.37e-02	9.46e-01
 3.70823e+22	2.32e-05	5.65e-02	9.43e-01
 3.74748e+22	2.66e-05	6.04e-02	9.40e-01
 3.78806e+22	3.00e-05	6.40e-02	9.36e-01
 3.82426e+22	3.36e-05	6.76e-02	9.32e-01
 3.86520e+22	3.86e-05	7.22e-02	9.28e-01
 3.90761e+22	4.37e-05	7.66e-02	9.23e-01
 3.94568e+22	4.90e-05	8.10e-02	9.19e-01
 3.98893e+22	5.70e-05	8.70e-02	9.13e-01
 4.03251e+22	6.38e-05	9.18e-02	9.08e-01
 4.07653e+22	7.43e-05	9.87e-02	9.01e-01
 4.12097e+22	8.32e-05	1.04e-01	8.96e-01
 4.15890e+22	9.29e-05	1.10e-01	8.90e-01
 4.19528e+22	1.04e-04	1.15e-01	8.85e-01
 4.23671e+22	1.19e-04	1.23e-01	8.77e-01
 4.27822e+22	1.32e-04	1.29e-01	8.71e-01
 4.31981e+22	1.50e-04	1.37e-01	8.63e-01
 4.36215e+22	1.68e-04	1.44e-01	8.56e-01
 4.39963e+22	1.86e-04	1.51e-01	8.48e-01
 4.44251e+22	2.13e-04	1.61e-01	8.39e-01
 4.48577e+22	2.38e-04	1.69e-01	8.30e-01
 4.52353e+22	2.64e-04	1.77e-01	8.22e-01
 4.56667e+22	2.99e-04	1.88e-01	8.12e-01
 4.61139e+22	3.36e-04	1.98e-01	8.02e-01
 4.65066e+22	3.73e-04	2.07e-01	7.93e-01
 4.69420e+22	4.22e-04	2.18e-01	7.81e-01
 4.73979e+22	4.76e-04	2.30e-01	7.69e-01
 4.76602e+22	4.90e-04	2.33e-01	7.66e-01
 4.77809e+22	5.07e-04	2.37e-01	7.63e-01
 4.79378e+22	5.32e-04	2.42e-01	7.58e-01
 4.81418e+22	5.63e-04	2.48e-01	7.52e-01
 4.84069e+22	6.07e-04	2.56e-01	7.44e-01
 4.87515e+22	6.74e-04	2.67e-01	7.32e-01
 4.91996e+22	7.64e-04	2.82e-01	7.17e-01
 4.96738e+22	8.54e-04	2.95e-01	7.04e-01
 5.01820e+22	9.84e-04	3.13e-01	6.86e-01
 5.06659e+22	1.09e-03	3.26e-01	6.73e-01
 5.11182e+22	1.23e-03	3.42e-01	6.57e-01
 5.15842e+22	1.36e-03	3.56e-01	6.43e-01
 5.20677e+22	1.55e-03	3.75e-01	6.24e-01
 5.24876e+22	1.66e-03	3.85e-01	6.14e-01
 5.28246e+22	1.82e-03	3.98e-01	6.00e-01
 5.31746e+22	1.96e-03	4.09e-01	5.89e-01
 5.35415e+22	2.15e-03	4.23e-01	5.74e-01
 5.39138e+22	2.32e-03	4.35e-01	5.62e-01
 5.42433e+22	2.50e-03	4.47e-01	5.50e-01
 5.46220e+22	2.74e-03	4.62e-01	5.36e-01
 5.50086e+22	2.97e-03	4.75e-01	5.22e-01
 5.53506e+22	3.20e-03	4.87e-01	5.10e-01
 5.56833e+22	3.44e-03	4.99e-01	4.98e-01
 5.60585e+22	3.75e-03	5.13e-01	4.83e-01
 5.64550e+22	4.07e-03	5.27e-01	4.69e-01
 5.68215e+22	4.40e-03	5.40e-01	4.56e-01
 5.72406e+22	4.85e-03	5.57e-01	4.38e-01
 5.76638e+22	5.25e-03	5.70e-01	4.24e-01
 5.80922e+22	5.77e-03	5.86e-01	4.08e-01
 5.85298e+22	6.27e-03	6.01e-01	3.93e-01
 5.89186e+22	6.78e-03	6.14e-01	3.79e-01
 5.93635e+22	7.48e-03	6.31e-01	3.62e-01
 5.98141e+22	8.09e-03	6.44e-01	3.48e-01
 6.02722e+22	8.94e-03	6.61e-01	3.30e-01
 6.07338e+22	9.65e-03	6.74e-01	3.16e-01
 6.12001e+22	1.07e-02	6.91e-01	2.99e-01
 6.16758e+22	1.15e-02	7.03e-01	2.85e-01
 6.21639e+22	1.28e-02	7.20e-01	2.67e-01
 6.26568e+22	1.38e-02	7.32e-01	2.54e-01
 6.31560e+22	1.54e-02	7.49e-01	2.36e-01
 6.36671e+22	1.67e-02	7.61e-01	2.22e-01
 6.41937e+22	1.86e-02	7.76e-01	2.05e-01
 6.47378e+22	2.02e-02	7.88e-01	1.92e-01
 6.51717e+22	2.17e-02	7.97e-01	1.81e-01
 6.55435e+22	2.32e-02	8.06e-01	1.71e-01
 6.59672e+22	2.52e-02	8.15e-01	1.60e-01
 6.63991e+22	2.71e-02	8.24e-01	1.49e-01
 6.67823e+22	2.91e-02	8.31e-01	1.40e-01
 6.72210e+22	3.16e-02	8.39e-01	1.29e-01
 6.76715e+22	3.42e-02	8.47e-01	1.19e-01
 6.80667e+22	3.67e-02	8.52e-01	1.11e-01
 6.85094e+22	4.00e-02	8.59e-01	1.01e-01
 6.89740e+22	4.35e-02	8.64e-01	9.22e-02
 6.93792e+22	4.68e-02	8.68e-01	8.49e-02
 6.98183e+22	5.14e-02	8.72e-01	7.64e-02
 7.02735e+22	5.58e-02	8.75e-01	6.91e-02
 7.06716e+22	6.03e-02	8.77e-01	6.29e-02
 7.11110e+22	6.65e-02	8.78e-01	5.60e-02
 7.15625e+22	7.26e-02	8.77e-01	5.02e-02
 7.19489e+22	7.87e-02	8.76e-01	4.53e-02
 7.22997e+22	8.48e-02	8.74e-01	4.13e-02
 7.26847e+22	9.34e-02	8.70e-01	3.68e-02
 7.30748e+22	1.02e-01	8.65e-01	3.32e-02
 7.34013e+22	1.10e-01	8.60e-01	3.03e-02
 7.36044e+22	1.14e-01	8.57e-01	2.92e-02
 7.36844e+22	1.16e-01	8.56e-01	2.87e-02
 7.37527e+22	1.18e-01	8.54e-01	2.81e-02
 7.38316e+22	1.21e-01	8.52e-01	2.74e-02
 7.39144e+22	1.23e-01	8.50e-01	2.68e-02
 7.39957e+22	1.26e-01	8.48e-01	2.62e-02
 7.40740e+22	1.29e-01	8.45e-01	2.56e-02
 7.41500e+22	1.32e-01	8.43e-01	2.51e-02
 7.42262e+22	1.35e-01	8.41e-01	2.45e-02
 7.43014e+22	1.37e-01	8.39e-01	2.40e-02
 7.43749e+22	1.40e-01	8.36e-01	2.35e-02
 7.44464e+22	1.43e-01	8.34e-01	2.31e-02
 7.45174e+22	1.46e-01	8.31e-01	2.26e-02
 7.45879e+22	1.49e-01	8.28e-01	2.22e-02
 7.46557e+22	1.53e-01	8.26e-01	2.18e-02
 7.47208e+22	1.56e-01	8.23e-01	2.14e-02
 7.47847e+22	1.59e-01	8.20e-01	2.10e-02
 7.48490e+22	1.62e-01	8.17e-01	2.07e-02
 7.49139e+22	1.66e-01	8.14e-01	2.03e-02
 7.49781e+22	1.69e-01	8.11e-01	2.00e-02
 7.50398e+22	1.73e-01	8.08e-01	1.96e-02
 7.50984e+22	1.76e-01	8.05e-01	1.94e-02
 7.51579e+22	1.79e-01	8.01e-01	1.91e-02
 7.52200e+22	1.83e-01	7.98e-01	1.88e-02
 7.52778e+22	1.87e-01	7.94e-01	1.85e-02
 7.53311e+22	1.90e-01	7.91e-01	1.83e-02
 7.53874e+22	1.95e-01	7.87e-01	1.81e-02
 7.54455e+22	1.99e-01	7.83e-01	1.78e-02
 7.54985e+22	2.03e-01	7.80e-01	1.76e-02
 7.55498e+22	2.06e-01	7.76e-01	1.74e-02
 7.56025e+22	2.10e-01	7.73e-01	1.72e-02
 7.56592e+22	2.15e-01	7.68e-01	1.70e-02
 7.57153e+22	2.19e-01	7.64e-01	1.69e-02
 7.57677e+22	2.23e-01	7.60e-01	1.67e-02
 7.58195e+22	2.28e-01	7.55e-01	1.65e-02
 7.58697e+22	2.32e-01	7.51e-01	1.64e-02
 7.59199e+22	2.37e-01	7.47e-01	1.63e-02
 7.59713e+22	2.42e-01	7.42e-01	1.61e-02
 7.60231e+22	2.47e-01	7.37e-01	1.60e-02
 7.60750e+22	2.52e-01	7.32e-01	1.59e-02
 7.61264e+22	2.57e-01	7.27e-01	1.58e-02
 7.61773e+22	2.62e-01	7.22e-01	1.57e-02
 7.62290e+22	2.68e-01	7.17e-01	1.56e-02
 7.62817e+22	2.73e-01	7.11e-01	1.56e-02
 7.63346e+22	2.79e-01	7.05e-01	1.55e-02
 7.63879e+22	2.85e-01	6.99e-01	1.55e-02
 7.64420e+22	2.91e-01	6.93e-01	1.54e-02
 7.64971e+22	2.98e-01	6.87e-01	1.54e-02
 7.65536e+22	3.05e-01	6.80e-01	1.53e-02
 7.66112e+22	3.12e-01	6.73e-01	1.53e-02
 7.66599e+22	3.17e-01	6.68e-01	1.54e-02
 7.66960e+22	3.21e-01	6.64e-01	1.54e-02
 7.67307e+22	3.26e-01	6.59e-01	1.53e-02
 7.67689e+22	3.31e-01	6.54e-01	1.53e-02
 7.68096e+22	3.36e-01	6.48e-01	1.53e-02
 7.68499e+22	3.42e-01	6.43e-01	1.53e-02
 7.68889e+22	3.47e-01	6.38e-01	1.53e-02
 7.69286e+22	3.53e-01	6.32e-01	1.52e-02
 7.69697e+22	3.59e-01	6.26e-01	1.52e-02
 7.70105e+22	3.65e-01	6.20e-01	1.52e-02
 7.70512e+22	3.71e-01	6.14e-01	1.51e-02
 7.70931e+22	3.77e-01	6.08e-01	1.51e-02
 7.71358e+22	3.84e-01	6.01e-01	1.51e-02
 7.71792e+22	3.91e-01	5.94e-01	1.50e-02
 7.72225e+22	3.97e-01	5.88e-01	1.50e-02
 7.72667e+22	4.05e-01	5.81e-01	1.49e-02
 7.73125e+22	4.12e-01	5.73e-01	1.48e-02
 7.73580e+22	4.20e-01	5.65e-01	1.47e-02
 7.74038e+22	4.28e-01	5.58e-01	1.45e-02
 7.74512e+22	4.36e-01	5.49e-01	1.44e-02
 7.74999e+22	4.45e-01	5.41e-01	1.43e-02
 7.75490e+22	4.54e-01	5.32e-01	1.41e-02
 7.75987e+22	4.63e-01	5.23e-01	1.39e-02
 7.76499e+22	4.73e-01	5.14e-01	1.37e-02
 7.77022e+22	4.83e-01	5.04e-01	1.35e-02
 7.77553e+22	4.93e-01	4.94e-01	1.33e-02
 7.78086e+22	5.03e-01	4.84e-01	1.31e-02
 7.78628e+22	5.14e-01	4.73e-01	1.28e-02
 7.79188e+22	5.24e-01	4.63e-01	1.26e-02
 7.79760e+22	5.36e-01	4.52e-01	1.23e-02
 7.80333e+22	5.47e-01	4.41e-01	1.20e-02
 7.80907e+22	5.59e-01	4.30e-01	1.17e-02
 7.81489e+22	5.70e-01	4.18e-01	1.14e-02
 7.82083e+22	5.82e-01	4.07e-01	1.10e-02
 7.82680e+22	5.94e-01	3.96e-01	1.07e-02
 7.83270e+22	6.05e-01	3.85e-01	1.04e-02
 7.83857e+22	6.17e-01	3.73e-01	1.01e-02
 7.84458e+22	6.28e-01	3.62e-01	9.73e-03
 7.85069e+22	6.40e-01	3.51e-01	9.41e-03
 7.85663e+22	6.51e-01	3.40e-01	9.07e-03
 7.86252e+22	6.62e-01	3.29e-01	8.73e-03
 7.86853e+22	6.73e-01	3.18e-01	8.40e-03
 7.87455e+22	6.84e-01	3.08e-01	8.07e-03
 7.88048e+22	6.95e-01	2.98e-01	7.75e-03
 7.88636e+22	7.05e-01	2.87e-01	7.42e-03
 7.89221e+22	7.15e-01	2.78e-01	7.11e-03
 7.89805e+22	7.25e-01	2.68e-01	6.80e-03
 7.90378e+22	7.35e-01	2.59e-01	6.50e-03
 7.90921e+22	7.43e-01	2.50e-01	6.23e-03
 7.91430e+22	7.52e-01	2.42e-01	5.97e-03
 7.91911e+22	7.59e-01	2.35e-01	5.73e-03
 7.92367e+22	7.66e-01	2.28e-01	5.50e-03
 7.92802e+22	7.73e-01	2.22e-01	5.29e-03
 7.93218e+22	7.79e-01	2.16e-01	5.08e-03
 7.93615e+22	7.85e-01	2.10e-01	4.90e-03
 7.93995e+22	7.91e-01	2.05e-01	4.71e-03
 7.94348e+22	7.96e-01	2.00e-01	4.55e-03
 7.94681e+22	8.01e-01	1.95e-01	4.39e-03
 7.95015e+22	8.05e-01	1.90e-01	4.24e-03
 7.95339e+22	8.10e-01	1.86e-01	4.09e-03
 7.95641e+22	8.14e-01	1.82e-01	3.96e-03
 7.95916e+22	8.18e-01	1.78e-01	3.84e-03
 7.96166e+22	8.21e-01	1.75e-01	3.73e-03
 7.96393e+22	8.24e-01	1.72e-01	3.63e-03
 7.96600e+22	8.27e-01	1.69e-01	3.54e-03
 7.96788e+22	8.30e-01	1.67e-01	3.46e-03
 7.96960e+22	8.32e-01	1.65e-01	3.40e-03
 7.97148e+22	8.34e-01	1.62e-01	3.32e-03
 7.97350e+22	8.37e-01	1.60e-01	3.24e-03
 7.97535e+22	8.39e-01	1.58e-01	3.17e-03
 7.97703e+22	8.41e-01	1.56e-01	3.10e-03
 7.97856e+22	8.43e-01	1.54e-01	3.04e-03
 7.98023e+22	8.46e-01	1.51e-01	2.97e-03
 7.98204e+22	8.48e-01	1.49e-01	2.91e-03
 7.98368e+22	8.49e-01	1.48e-01	2.86e-03
 7.98548e+22	8.52e-01	1.45e-01	2.78e-03
 7.98743e+22	8.54e-01	1.43e-01	2.71e-03
 7.98920e+22	8.56e-01	1.41e-01	2.67e-03
 7.99114e+22	8.58e-01	1.39e-01	2.61e-03
 7.99324e+22	8.60e-01	1.37e-01	2.54e-03
 7.99514e+22	8.62e-01	1.36e-01	2.50e-03
 7.99723e+22	8.64e-01	1.33e-01	2.43e-03
 7.99949e+22	8.67e-01	1.31e-01	2.36e-03
 8.00154e+22	8.69e-01	1.29e-01	2.31e-03
 8.00340e+22	8.70e-01	1.27e-01	2.27e-03
 8.00545e+22	8.72e-01	1.25e-01	2.21e-03
 8.00766e+22	8.74e-01	1.23e-01	2.15e-03
 8.00967e+22	8.76e-01	1.22e-01	2.11e-03
 8.01150e+22	8.78e-01	1.20e-01	2.06e-03
 8.01316e+22	8.79e-01	1.19e-01	2.03e-03
 8.01499e+22	8.81e-01	1.17e-01	1.98e-03
 8.01696e+22	8.83e-01	1.15e-01	1.93e-03
 8.01875e+22	8.84e-01	1.14e-01	1.89e-03
 8.02038e+22	8.86e-01	1.12e-01	1.85e-03
 8.02187e+22	8.87e-01	1.11e-01	1.83e-03
 8.02349e+22	8.88e-01	1.10e-01	1.78e-03
 8.02525e+22	8.90e-01	1.08e-01	1.75e-03
 8.02684e+22	8.91e-01	1.07e-01	1.72e-03
 8.02860e+22	8.93e-01	1.06e-01	1.67e-03
 8.03049e+22	8.94e-01	1.04e-01	1.64e-03
 8.03221e+22	8.95e-01	1.03e-01	1.60e-03
 8.03409e+22	8.97e-01	1.01e-01	1.56e-03
 8.03612e+22	8.98e-01	1.00e-01	1.53e-03
 8.03798e+22	9.00e-01	9.86e-02	1.49e-03
 8.03966e+22	9.01e-01	9.74e-02	1.46e-03
 8.04119e+22	9.02e-01	9.65e-02	1.44e-03
 8.04287e+22	9.03e-01	9.52e-02	1.41e-03
 8.04469e+22	9.05e-01	9.39e-02	1.37e-03
 8.04634e+22	9.06e-01	9.30e-02	1.35e-03
 8.04815e+22	9.07e-01	9.16e-02	1.32e-03
 8.05010e+22	9.08e-01	9.06e-02	1.29e-03
 8.05224e+22	9.10e-01	8.91e-02	1.26e-03
 8.05455e+22	9.11e-01	8.80e-02	1.23e-03
 8.05708e+22	9.12e-01	8.64e-02	1.20e-03
 8.05981e+22	9.14e-01	8.50e-02	1.16e-03
 8.06230e+22	9.15e-01	8.37e-02	1.14e-03
 8.06456e+22	9.16e-01	8.24e-02	1.11e-03
 8.06662e+22	9.17e-01	8.16e-02	1.09e-03
 8.06888e+22	9.19e-01	8.02e-02	1.06e-03
 8.07132e+22	9.20e-01	7.91e-02	1.03e-03
 8.07353e+22	9.21e-01	7.80e-02	1.01e-03
 8.07596e+22	9.22e-01	7.68e-02	9.81e-04
 8.07858e+22	9.23e-01	7.56e-02	9.56e-04
 8.08097e+22	9.25e-01	7.44e-02	9.31e-04
 8.08314e+22	9.25e-01	7.37e-02	9.14e-04
 8.08552e+22	9.27e-01	7.25e-02	8.89e-04
 8.08809e+22	9.28e-01	7.14e-02	8.67e-04
 8.09043e+22	9.29e-01	7.05e-02	8.48e-04
 8.09299e+22	9.30e-01	6.93e-02	8.23e-04
 8.09576e+22	9.31e-01	6.83e-02	8.03e-04
 8.09827e+22	9.32e-01	6.73e-02	7.82e-04
 8.10056e+22	9.33e-01	6.66e-02	7.68e-04
 8.10307e+22	9.34e-01	6.55e-02	7.46e-04
 8.10578e+22	9.35e-01	6.46e-02	7.27e-04
 8.10825e+22	9.36e-01	6.38e-02	7.12e-04
 8.11095e+22	9.37e-01	6.27e-02	6.91e-04
 8.11387e+22	9.38e-01	6.18e-02	6.73e-04
 8.11652e+22	9.38e-01	6.11e-02	6.60e-04
 8.11943e+22	9.39e-01	5.99e-02	6.38e-04
 8.12257e+22	9.40e-01	5.90e-02	6.21e-04
 8.12543e+22	9.41e-01	5.83e-02	6.07e-04
 8.12856e+22	9.42e-01	5.72e-02	5.86e-04
 8.13194e+22	9.43e-01	5.63e-02	5.70e-04
 8.13502e+22	9.44e-01	5.55e-02	5.56e-04
 8.13839e+22	9.45e-01	5.44e-02	5.37e-04
 8.14203e+22	9.46e-01	5.36e-02	5.21e-04
 8.14534e+22	9.47e-01	5.28e-02	5.08e-04
 8.14897e+22	9.48e-01	5.17e-02	4.89e-04
 8.15288e+22	9.49e-01	5.09e-02	4.75e-04
 8.15645e+22	9.49e-01	5.00e-02	4.61e-04
 8.15969e+22	9.50e-01	4.92e-02	4.47e-04
 8.16265e+22	9.51e-01	4.86e-02	4.37e-04
 8.16588e+22	9.52e-01	4.78e-02	4.24e-04
 8.16937e+22	9.52e-01	4.71e-02	4.12e-04
 8.17320e+22	9.53e-01	4.62e-02	3.98e-04
 8.17733e+22	9.54e-01	4.55e-02	3.86e-04
 8.18109e+22	9.55e-01	4.48e-02	3.76e-04
 8.18521e+22	9.56e-01	4.39e-02	3.62e-04
 8.18966e+22	9.56e-01	4.32e-02	3.51e-04
 8.19371e+22	9.57e-01	4.24e-02	3.39e-04
 8.19739e+22	9.58e-01	4.18e-02	3.30e-04
 8.20143e+22	9.59e-01	4.10e-02	3.18e-04
 8.20578e+22	9.59e-01	4.03e-02	3.08e-04
 8.20975e+22	9.60e-01	3.97e-02	2.99e-04
 8.21409e+22	9.61e-01	3.89e-02	2.88e-04
 8.21878e+22	9.61e-01	3.82e-02	2.78e-04
 8.22305e+22	9.62e-01	3.77e-02	2.70e-04
 8.22773e+22	9.63e-01	3.69e-02	2.60e-04
 8.23278e+22	9.63e-01	3.63e-02	2.52e-04
 8.23737e+22	9.64e-01	3.56e-02	2.43e-04
 8.24156e+22	9.65e-01	3.51e-02	2.36e-04
 8.24614e+22	9.65e-01	3.43e-02	2.27e-04
 8.25108e+22	9.66e-01	3.37e-02	2.19e-04
 8.25559e+22	9.67e-01	3.32e-02	2.12e-04
 8.26052e+22	9.67e-01	3.25e-02	2.04e-04
 8.26584e+22	9.68e-01	3.19e-02	1.97e-04
 8.27069e+22	9.68e-01	3.14e-02	1.90e-04
 8.27600e+22	9.69e-01	3.07e-02	1.83e-04
 8.28173e+22	9.70e-01	3.02e-02	1.76e-04
 8.28695e+22	9.70e-01	2.96e-02	1.70e-04
 8.29267e+22	9.71e-01	2.90e-02	1.63e-04
 8.29884e+22	9.71e-01	2.84e-02	1.57e-04
 8.30445e+22	9.72e-01	2.79e-02	1.51e-04
 8.30957e+22	9.72e-01	2.74e-02	1.46e-04
 8.31517e+22	9.73e-01	2.68e-02	1.40e-04
 8.32121e+22	9.74e-01	2.63e-02	1.35e-04
 8.32671e+22	9.74e-01	2.58e-02	1.30e-04
 8.33274e+22	9.75e-01	2.52e-02	1.24e-04
 8.34058e+22	9.75e-01	2.46e-02	1.18e-04
 8.34952e+22	9.76e-01	2.39e-02	1.12e-04
 8.35827e+22	9.77e-01	2.32e-02	1.06e-04
 8.36689e+22	9.77e-01	2.25e-02	9.97e-05
 8.37560e+22	9.78e-01	2.19e-02	9.43e-05
 8.38440e+22	9.79e-01	2.13e-02	8.91e-05
 8.39344e+22	9.79e-01	2.07e-02	8.40e-05
 8.40257e+22	9.80e-01	2.01e-02	7.92e-05
 8.41168e+22	9.80e-01	1.95e-02	7.47e-05
 8.42085e+22	9.81e-01	1.89e-02	7.04e-05
 8.43015e+22	9.82e-01	1.83e-02	6.63e-05
 8.43956e+22	9.82e-01	1.78e-02	6.25e-05
 8.44903e+22	9.83e-01	1.73e-02	5.89e-05
 8.45860e+22	9.83e-01	1.67e-02	5.54e-05
 8.46825e+22	9.84e-01	1.62e-02	5.22e-05
 8.47798e+22	9.84e-01	1.57e-02	4.91e-05
 8.48778e+22	9.85e-01	1.53e-02	4.62e-05
 8.49766e+22	9.85e-01	1.48e-02	4.34e-05
 8.50764e+22	9.86e-01	1.43e-02	4.08e-05
 8.51772e+22	9.86e-01	1.39e-02	3.84e-05
 8.52790e+22	9.87e-01	1.35e-02	3.60e-05
 8.53815e+22	9.87e-01	1.30e-02	3.38e-05
 8.54851e+22	9.87e-01	1.26e-02	3.18e-05
 8.55896e+22	9.88e-01	1.22e-02	2.98e-05
 8.56964e+22	9.88e-01	1.18e-02	2.80e-05
 8.58061e+22	9.89e-01	1.14e-02	2.62e-05
 8.59175e+22	9.89e-01	1.11e-02	2.45e-05
 8.60301e+22	9.89e-01	1.07e-02	2.29e-05
 8.61441e+22	9.90e-01	1.03e-02	2.15e-05
 8.62597e+22	9.90e-01	9.99e-03	2.00e-05
 8.63771e+22	9.90e-01	9.65e-03	1.87e-05
 8.64962e+22	9.91e-01	9.32e-03	1.75e-05
 8.66177e+22	9.91e-01	8.99e-03	1.63e-05
 8.67419e+22	9.91e-01	8.67e-03	1.52e-05
 8.68695e+22	9.92e-01	8.36e-03	1.41e-05
 8.70012e+22	9.92e-01	8.05e-03	1.31e-05
 8.71359e+22	9.92e-01	7.75e-03	1.21e-05
 8.72732e+22	9.93e-01	7.45e-03	1.12e-05
 8.74135e+22	9.93e-01	7.16e-03	1.04e-05
 8.75571e+22	9.93e-01	6.88e-03	9.59e-06
 8.77043e+22	9.93e-01	6.60e-03	8.84e-06
 8.78552e+22	9.94e-01	6.33e-03	8.14e-06
 8.80108e+22	9.94e-01	6.06e-03	7.47e-06
 8.81714e+22	9.94e-01	5.80e-03	6.85e-06
 8.83364e+22	9.94e-01	5.55e-03	6.27e-06
 8.85060e+22	9.95e-01	5.30e-03	5.72e-06
 8.86807e+22	9.95e-01	5.05e-03	5.21e-06
 8.88606e+22	9.95e-01	4.82e-03	4.74e-06
 8.90471e+22	9.95e-01	4.58e-03	4.29e-06
 8.92407e+22	9.96e-01	4.35e-03	3.88e-06
 8.94376e+22	9.96e-01	4.13e-03	3.50e-06
 8.96355e+22	9.96e-01	3.92e-03	3.16e-06
 8.98351e+22	9.96e-01	3.73e-03	2.85e-06
 9.00368e+22	9.96e-01	3.54e-03	2.57e-06
 9.02402e+22	9.97e-01	3.35e-03	2.32e-06
 9.04455e+22	9.97e-01	3.18e-03	2.09e-06
 9.06526e+22	9.97e-01	3.02e-03	1.88e-06
 9.08613e+22	9.97e-01	2.86e-03	1.69e-06
 9.10718e+22	9.97e-01	2.71e-03	1.52e-06
 9.12831e+22	9.97e-01	2.57e-03	1.37e-06
 9.14959e+22	9.98e-01	2.43e-03	1.23e-06
 9.17126e+22	9.98e-01	2.30e-03	1.10e-06
 9.19316e+22	9.98e-01	2.18e-03	9.84e-07
 9.21525e+22	9.98e-01	2.06e-03	8.80e-07
 9.23753e+22	9.98e-01	1.94e-03	7.87e-07
 9.25288e+22	9.98e-01	1.89e-03	7.44e-07
