#depth	Ne	Ne+	Ne+2	Ne+3	Ne+4	Ne+5	Ne+6	Ne+7	Ne+8	Ne+9	Ne+10
 1.54284e+22	0.00e+00	0.00e+00	2.13e-27	1.54e-22	2.52e-18	1.01e-14	1.61e-11	1.59e-08	5.22e-05	1.43e-02	9.86e-01
 3.58159e+22	0.00e+00	7.26e-32	2.77e-26	1.46e-21	1.75e-17	5.13e-14	5.96e-11	4.26e-08	1.01e-04	1.98e-02	9.80e-01
 4.44098e+22	0.00e+00	5.74e-31	1.75e-25	7.37e-21	7.03e-17	1.64e-13	1.52e-10	8.65e-08	1.61e-04	2.50e-02	9.75e-01
 5.09522e+22	0.00e+00	3.02e-30	7.67e-25	2.69e-20	2.15e-16	4.18e-13	3.22e-10	1.53e-07	2.36e-04	3.02e-02	9.70e-01
 5.45868e+22	0.00e+00	4.63e-30	1.12e-24	3.76e-20	2.86e-16	5.32e-13	3.91e-10	1.77e-07	2.60e-04	3.16e-02	9.68e-01
 5.57622e+22	0.00e+00	5.98e-30	1.41e-24	4.60e-20	3.40e-16	6.15e-13	4.40e-10	1.93e-07	2.75e-04	3.26e-02	9.67e-01
 5.67937e+22	0.00e+00	8.26e-30	1.88e-24	5.92e-20	4.23e-16	7.38e-13	5.10e-10	2.16e-07	2.97e-04	3.38e-02	9.66e-01
 5.78832e+22	0.00e+00	1.11e-29	2.44e-24	7.45e-20	5.15e-16	8.70e-13	5.82e-10	2.38e-07	3.17e-04	3.49e-02	9.65e-01
 5.88940e+22	0.00e+00	1.50e-29	3.19e-24	9.41e-20	6.29e-16	1.03e-12	6.66e-10	2.64e-07	3.39e-04	3.61e-02	9.64e-01
 6.00538e+22	0.00e+00	2.12e-29	4.36e-24	1.24e-19	7.96e-16	1.25e-12	7.81e-10	2.98e-07	3.68e-04	3.75e-02	9.62e-01
 6.12089e+22	0.00e+00	2.93e-29	5.79e-24	1.59e-19	9.87e-16	1.50e-12	9.02e-10	3.31e-07	3.95e-04	3.89e-02	9.61e-01
 6.21453e+22	0.00e+00	3.85e-29	7.38e-24	1.96e-19	1.19e-15	1.75e-12	1.02e-09	3.64e-07	4.20e-04	4.01e-02	9.60e-01
 6.31499e+22	0.00e+00	5.26e-29	9.75e-24	2.51e-19	1.46e-15	2.09e-12	1.17e-09	4.04e-07	4.51e-04	4.15e-02	9.58e-01
 6.42382e+22	0.00e+00	7.22e-29	1.29e-23	3.21e-19	1.81e-15	2.49e-12	1.35e-09	4.50e-07	4.84e-04	4.30e-02	9.57e-01
 6.52435e+22	0.00e+00	9.63e-29	1.67e-23	4.02e-19	2.19e-15	2.93e-12	1.54e-09	4.96e-07	5.17e-04	4.44e-02	9.55e-01
 6.63584e+22	0.00e+00	1.37e-28	2.29e-23	5.30e-19	2.78e-15	3.58e-12	1.81e-09	5.60e-07	5.60e-04	4.61e-02	9.53e-01
 6.74662e+22	0.00e+00	1.89e-28	3.03e-23	6.78e-19	3.44e-15	4.27e-12	2.09e-09	6.22e-07	6.01e-04	4.77e-02	9.52e-01
 6.83706e+22	0.00e+00	2.47e-28	3.86e-23	8.36e-19	4.12e-15	4.96e-12	2.35e-09	6.81e-07	6.38e-04	4.92e-02	9.50e-01
 6.93523e+22	0.00e+00	3.43e-28	5.16e-23	1.08e-18	5.13e-15	5.97e-12	2.73e-09	7.61e-07	6.87e-04	5.10e-02	9.48e-01
 7.03971e+22	0.00e+00	4.63e-28	6.74e-23	1.36e-18	6.27e-15	7.06e-12	3.12e-09	8.41e-07	7.35e-04	5.26e-02	9.47e-01
 7.13750e+22	0.00e+00	6.29e-28	8.85e-23	1.73e-18	7.70e-15	8.37e-12	3.58e-09	9.31e-07	7.86e-04	5.44e-02	9.45e-01
 7.23480e+22	4.10e-34	8.54e-28	1.16e-22	2.20e-18	9.44e-15	9.93e-12	4.10e-09	1.03e-06	8.41e-04	5.62e-02	9.43e-01
 7.32847e+22	5.71e-34	1.15e-27	1.51e-22	2.76e-18	1.15e-14	1.17e-11	4.68e-09	1.14e-06	8.98e-04	5.80e-02	9.41e-01
 7.41809e+22	7.82e-34	1.52e-27	1.94e-22	3.44e-18	1.39e-14	1.37e-11	5.30e-09	1.25e-06	9.56e-04	5.98e-02	9.39e-01
 7.52037e+22	1.16e-33	2.17e-27	2.65e-22	4.52e-18	1.76e-14	1.67e-11	6.20e-09	1.40e-06	1.03e-03	6.21e-02	9.37e-01
 7.62585e+22	1.68e-33	3.02e-27	3.56e-22	5.85e-18	2.19e-14	2.01e-11	7.18e-09	1.56e-06	1.11e-03	6.43e-02	9.35e-01
 7.71684e+22	2.34e-33	4.07e-27	4.63e-22	7.37e-18	2.67e-14	2.37e-11	8.19e-09	1.72e-06	1.18e-03	6.63e-02	9.32e-01
 7.81648e+22	3.54e-33	5.90e-27	6.43e-22	9.82e-18	3.42e-14	2.91e-11	9.64e-09	1.95e-06	1.28e-03	6.89e-02	9.30e-01
 7.91565e+22	4.95e-33	7.96e-27	8.39e-22	1.24e-17	4.17e-14	3.43e-11	1.10e-08	2.15e-06	1.37e-03	7.11e-02	9.28e-01
 8.00021e+22	6.92e-33	1.07e-26	1.09e-21	1.56e-17	5.09e-14	4.05e-11	1.25e-08	2.36e-06	1.46e-03	7.33e-02	9.25e-01
 8.09615e+22	1.02e-32	1.51e-26	1.48e-21	2.04e-17	6.39e-14	4.90e-11	1.46e-08	2.64e-06	1.57e-03	7.60e-02	9.22e-01
 8.19682e+22	1.50e-32	2.15e-26	2.02e-21	2.67e-17	8.06e-14	5.95e-11	1.70e-08	2.96e-06	1.69e-03	7.87e-02	9.20e-01
 8.28370e+22	2.08e-32	2.87e-26	2.62e-21	3.35e-17	9.78e-14	6.99e-11	1.93e-08	3.25e-06	1.80e-03	8.11e-02	9.17e-01
 8.37669e+22	3.12e-32	4.13e-26	3.61e-21	4.43e-17	1.24e-13	8.54e-11	2.26e-08	3.65e-06	1.94e-03	8.41e-02	9.14e-01
 8.47431e+22	4.55e-32	5.80e-26	4.87e-21	5.75e-17	1.56e-13	1.03e-10	2.62e-08	4.07e-06	2.09e-03	8.70e-02	9.11e-01
 8.55938e+22	6.34e-32	7.80e-26	6.33e-21	7.24e-17	1.90e-13	1.21e-10	2.98e-08	4.47e-06	2.22e-03	8.96e-02	9.08e-01
 8.65140e+22	9.59e-32	1.13e-25	8.78e-21	9.63e-17	2.42e-13	1.49e-10	3.50e-08	5.03e-06	2.40e-03	9.29e-02	9.05e-01
 8.74547e+22	1.39e-31	1.57e-25	1.18e-20	1.24e-16	3.02e-13	1.78e-10	4.04e-08	5.59e-06	2.57e-03	9.60e-02	9.01e-01
 8.82703e+22	1.93e-31	2.12e-25	1.53e-20	1.56e-16	3.67e-13	2.10e-10	4.60e-08	6.14e-06	2.73e-03	9.88e-02	8.98e-01
 8.91790e+22	2.94e-31	3.08e-25	2.13e-20	2.09e-16	4.71e-13	2.58e-10	5.41e-08	6.91e-06	2.95e-03	1.03e-01	8.95e-01
 9.01219e+22	4.31e-31	4.33e-25	2.89e-20	2.72e-16	5.90e-13	3.12e-10	6.27e-08	7.70e-06	3.17e-03	1.06e-01	8.91e-01
 9.09319e+22	6.02e-31	5.84e-25	3.76e-20	3.42e-16	7.19e-13	3.67e-10	7.13e-08	8.45e-06	3.37e-03	1.09e-01	8.88e-01
 9.18078e+22	9.20e-31	8.54e-25	5.26e-20	4.59e-16	9.24e-13	4.53e-10	8.40e-08	9.52e-06	3.64e-03	1.13e-01	8.83e-01
 9.27100e+22	1.30e-30	1.17e-24	6.93e-20	5.84e-16	1.14e-12	5.38e-10	9.62e-08	1.05e-05	3.88e-03	1.16e-01	8.80e-01
 9.35165e+22	1.88e-30	1.62e-24	9.25e-20	7.52e-16	1.41e-12	6.44e-10	1.11e-07	1.16e-05	4.14e-03	1.20e-01	8.76e-01
 9.43028e+22	2.63e-30	2.19e-24	1.21e-19	9.49e-16	1.72e-12	7.60e-10	1.26e-07	1.28e-05	4.40e-03	1.24e-01	8.72e-01
 9.51928e+22	4.05e-30	3.22e-24	1.70e-19	1.28e-15	2.22e-12	9.39e-10	1.49e-07	1.44e-05	4.76e-03	1.28e-01	8.67e-01
 9.61091e+22	5.99e-30	4.56e-24	2.31e-19	1.67e-15	2.80e-12	1.14e-09	1.73e-07	1.61e-05	5.10e-03	1.32e-01	8.63e-01
 9.69096e+22	8.56e-30	6.28e-24	3.07e-19	2.14e-15	3.46e-12	1.35e-09	1.98e-07	1.78e-05	5.44e-03	1.36e-01	8.58e-01
 9.78004e+22	1.33e-29	9.32e-24	4.35e-19	2.90e-15	4.49e-12	1.68e-09	2.35e-07	2.01e-05	5.89e-03	1.41e-01	8.53e-01
 9.87112e+22	1.96e-29	1.32e-23	5.92e-19	3.79e-15	5.65e-12	2.04e-09	2.72e-07	2.23e-05	6.31e-03	1.46e-01	8.48e-01
 9.95094e+22	2.80e-29	1.81e-23	7.83e-19	4.84e-15	6.96e-12	2.42e-09	3.12e-07	2.46e-05	6.72e-03	1.50e-01	8.43e-01
 1.00408e+23	4.50e-29	2.77e-23	1.14e-18	6.72e-15	9.22e-12	3.06e-09	3.74e-07	2.81e-05	7.30e-03	1.56e-01	8.37e-01
 1.01297e+23	6.42e-29	3.81e-23	1.51e-18	8.58e-15	1.14e-11	3.64e-09	4.28e-07	3.10e-05	7.77e-03	1.60e-01	8.32e-01
 1.02053e+23	9.29e-29	5.31e-23	2.02e-18	1.11e-14	1.41e-11	4.36e-09	4.92e-07	3.42e-05	8.28e-03	1.65e-01	8.27e-01
 1.02794e+23	1.32e-28	7.26e-23	2.66e-18	1.41e-14	1.74e-11	5.17e-09	5.62e-07	3.77e-05	8.80e-03	1.69e-01	8.22e-01
 1.03637e+23	2.05e-28	1.08e-22	3.78e-18	1.91e-14	2.26e-11	6.42e-09	6.66e-07	4.25e-05	9.50e-03	1.75e-01	8.15e-01
 1.04438e+23	2.85e-28	1.45e-22	4.89e-18	2.39e-14	2.74e-11	7.53e-09	7.53e-07	4.64e-05	1.00e-02	1.79e-01	8.10e-01
 1.05079e+23	3.94e-28	1.94e-22	6.33e-18	2.99e-14	3.31e-11	8.82e-09	8.52e-07	5.07e-05	1.06e-02	1.84e-01	8.05e-01
 1.05663e+23	5.25e-28	2.50e-22	7.94e-18	3.64e-14	3.92e-11	1.01e-08	9.48e-07	5.47e-05	1.11e-02	1.88e-01	8.01e-01
 1.06197e+23	6.72e-28	3.12e-22	9.65e-18	4.32e-14	4.54e-11	1.14e-08	1.04e-06	5.85e-05	1.16e-02	1.91e-01	7.97e-01
 1.06808e+23	9.43e-28	4.22e-22	1.26e-17	5.45e-14	5.53e-11	1.35e-08	1.18e-06	6.41e-05	1.23e-02	1.96e-01	7.92e-01
 1.07413e+23	1.25e-27	5.44e-22	1.58e-17	6.62e-14	6.54e-11	1.55e-08	1.31e-06	6.91e-05	1.29e-02	2.00e-01	7.87e-01
 1.07916e+23	1.63e-27	6.90e-22	1.94e-17	7.94e-14	7.63e-11	1.76e-08	1.45e-06	7.41e-05	1.35e-02	2.04e-01	7.82e-01
 1.08474e+23	2.26e-27	9.22e-22	2.51e-17	9.92e-14	9.24e-11	2.06e-08	1.64e-06	8.08e-05	1.42e-02	2.09e-01	7.77e-01
 1.09048e+23	2.95e-27	1.17e-21	3.10e-17	1.19e-13	1.08e-10	2.34e-08	1.81e-06	8.67e-05	1.49e-02	2.13e-01	7.72e-01
 1.09544e+23	3.83e-27	1.48e-21	3.81e-17	1.43e-13	1.26e-10	2.66e-08	2.00e-06	9.30e-05	1.55e-02	2.17e-01	7.68e-01
 1.10012e+23	4.92e-27	1.85e-21	4.64e-17	1.69e-13	1.46e-10	3.00e-08	2.19e-06	9.93e-05	1.62e-02	2.21e-01	7.63e-01
 1.10539e+23	6.71e-27	2.45e-21	5.93e-17	2.10e-13	1.75e-10	3.49e-08	2.46e-06	1.08e-04	1.70e-02	2.25e-01	7.58e-01
 1.11080e+23	8.69e-27	3.08e-21	7.27e-17	2.50e-13	2.04e-10	3.95e-08	2.71e-06	1.15e-04	1.78e-02	2.29e-01	7.53e-01
 1.11639e+23	1.24e-26	4.23e-21	9.62e-17	3.19e-13	2.50e-10	4.69e-08	3.09e-06	1.26e-04	1.88e-02	2.35e-01	7.46e-01
 1.12185e+23	1.60e-26	5.32e-21	1.18e-16	3.80e-13	2.91e-10	5.31e-08	3.40e-06	1.35e-04	1.96e-02	2.39e-01	7.41e-01
 1.12627e+23	2.07e-26	6.70e-21	1.44e-16	4.53e-13	3.38e-10	6.00e-08	3.73e-06	1.44e-04	2.04e-02	2.43e-01	7.36e-01
 1.13041e+23	2.62e-26	8.28e-21	1.73e-16	5.32e-13	3.88e-10	6.72e-08	4.07e-06	1.54e-04	2.12e-02	2.47e-01	7.32e-01
 1.13507e+23	3.52e-26	1.08e-20	2.19e-16	6.51e-13	4.61e-10	7.75e-08	4.54e-06	1.66e-04	2.22e-02	2.52e-01	7.26e-01
 1.13988e+23	4.61e-26	1.37e-20	2.71e-16	7.83e-13	5.39e-10	8.82e-08	5.01e-06	1.78e-04	2.32e-02	2.56e-01	7.21e-01
 1.14407e+23	5.81e-26	1.69e-20	3.25e-16	9.18e-13	6.17e-10	9.85e-08	5.46e-06	1.89e-04	2.40e-02	2.60e-01	7.16e-01
 1.14873e+23	8.10e-26	2.28e-20	4.22e-16	1.15e-12	7.48e-10	1.15e-07	6.16e-06	2.05e-04	2.53e-02	2.65e-01	7.09e-01
 1.15340e+23	1.04e-25	2.86e-20	5.15e-16	1.37e-12	8.67e-10	1.30e-07	6.76e-06	2.19e-04	2.63e-02	2.70e-01	7.04e-01
 1.15809e+23	1.46e-25	3.85e-20	6.69e-16	1.71e-12	1.05e-09	1.53e-07	7.63e-06	2.38e-04	2.77e-02	2.75e-01	6.97e-01
 1.16285e+23	1.91e-25	4.91e-20	8.29e-16	2.06e-12	1.23e-09	1.74e-07	8.42e-06	2.55e-04	2.89e-02	2.80e-01	6.91e-01
 1.16694e+23	2.44e-25	6.11e-20	1.01e-15	2.44e-12	1.42e-09	1.96e-07	9.21e-06	2.72e-04	3.00e-02	2.84e-01	6.86e-01
 1.17146e+23	3.49e-25	8.42e-20	1.33e-15	3.11e-12	1.74e-09	2.32e-07	1.05e-05	2.97e-04	3.17e-02	2.90e-01	6.78e-01
 1.17591e+23	4.44e-25	1.04e-19	1.61e-15	3.66e-12	2.00e-09	2.60e-07	1.14e-05	3.16e-04	3.29e-02	2.94e-01	6.73e-01
 1.18026e+23	6.27e-25	1.42e-19	2.11e-15	4.62e-12	2.45e-09	3.06e-07	1.30e-05	3.44e-04	3.46e-02	3.00e-01	6.65e-01
 1.18453e+23	7.97e-25	1.76e-19	2.55e-15	5.44e-12	2.81e-09	3.43e-07	1.41e-05	3.65e-04	3.59e-02	3.04e-01	6.60e-01
 1.18871e+23	1.12e-24	2.39e-19	3.32e-15	6.85e-12	3.42e-09	4.03e-07	1.60e-05	3.98e-04	3.78e-02	3.10e-01	6.52e-01
 1.19291e+23	1.43e-24	2.98e-19	4.04e-15	8.10e-12	3.95e-09	4.54e-07	1.75e-05	4.23e-04	3.92e-02	3.14e-01	6.46e-01
 1.19712e+23	2.04e-24	4.09e-19	5.33e-15	1.03e-11	4.84e-09	5.37e-07	1.99e-05	4.62e-04	4.14e-02	3.21e-01	6.38e-01
 1.20135e+23	2.64e-24	5.15e-19	6.51e-15	1.22e-11	5.61e-09	6.06e-07	2.18e-05	4.93e-04	4.30e-02	3.25e-01	6.31e-01
 1.20558e+23	3.80e-24	7.14e-19	8.67e-15	1.57e-11	6.92e-09	7.21e-07	2.49e-05	5.40e-04	4.54e-02	3.32e-01	6.23e-01
 1.20983e+23	4.94e-24	9.03e-19	1.07e-14	1.87e-11	8.05e-09	8.17e-07	2.74e-05	5.76e-04	4.72e-02	3.36e-01	6.16e-01
 1.21411e+23	7.06e-24	1.24e-18	1.41e-14	2.38e-11	9.89e-09	9.69e-07	3.12e-05	6.30e-04	4.98e-02	3.43e-01	6.07e-01
 1.21835e+23	9.24e-24	1.58e-18	1.74e-14	2.86e-11	1.16e-08	1.10e-06	3.44e-05	6.74e-04	5.18e-02	3.47e-01	6.00e-01
 1.22255e+23	1.32e-23	2.18e-18	2.30e-14	3.64e-11	1.42e-08	1.31e-06	3.92e-05	7.37e-04	5.46e-02	3.54e-01	5.91e-01
 1.22682e+23	1.75e-23	2.81e-18	2.88e-14	4.40e-11	1.67e-08	1.50e-06	4.35e-05	7.91e-04	5.69e-02	3.59e-01	5.83e-01
 1.23118e+23	2.54e-23	3.91e-18	3.85e-14	5.65e-11	2.07e-08	1.79e-06	4.98e-05	8.69e-04	6.01e-02	3.66e-01	5.73e-01
 1.23558e+23	3.39e-23	5.07e-18	4.83e-14	6.88e-11	2.45e-08	2.05e-06	5.55e-05	9.35e-04	6.28e-02	3.71e-01	5.65e-01
 1.24005e+23	4.95e-23	7.12e-18	6.50e-14	8.89e-11	3.05e-08	2.46e-06	6.38e-05	1.03e-03	6.64e-02	3.78e-01	5.55e-01
 1.24454e+23	6.60e-23	9.22e-18	8.16e-14	1.08e-10	3.61e-08	2.83e-06	7.11e-05	1.11e-03	6.93e-02	3.83e-01	5.47e-01
 1.24840e+23	8.75e-23	1.19e-17	1.02e-13	1.31e-10	4.25e-08	3.25e-06	7.89e-05	1.19e-03	7.23e-02	3.88e-01	5.39e-01
 1.25278e+23	1.25e-22	1.64e-17	1.35e-13	1.67e-10	5.23e-08	3.87e-06	9.03e-05	1.30e-03	7.62e-02	3.94e-01	5.28e-01
 1.25717e+23	1.65e-22	2.10e-17	1.68e-13	2.01e-10	6.15e-08	4.43e-06	1.00e-04	1.40e-03	7.94e-02	3.99e-01	5.20e-01
 1.26157e+23	2.36e-22	2.89e-17	2.22e-13	2.57e-10	7.59e-08	5.28e-06	1.15e-04	1.54e-03	8.38e-02	4.05e-01	5.09e-01
 1.26600e+23	3.06e-22	3.65e-17	2.73e-13	3.07e-10	8.84e-08	6.00e-06	1.27e-04	1.64e-03	8.71e-02	4.10e-01	5.01e-01
 1.27048e+23	4.31e-22	4.97e-17	3.58e-13	3.87e-10	1.08e-07	7.10e-06	1.45e-04	1.80e-03	9.17e-02	4.16e-01	4.90e-01
 1.27508e+23	5.68e-22	6.38e-17	4.46e-13	4.68e-10	1.27e-07	8.15e-06	1.61e-04	1.93e-03	9.56e-02	4.21e-01	4.82e-01
 1.27986e+23	8.07e-22	8.75e-17	5.89e-13	5.95e-10	1.57e-07	9.72e-06	1.84e-04	2.12e-03	1.01e-01	4.27e-01	4.70e-01
 1.28473e+23	1.06e-21	1.12e-16	7.30e-13	7.17e-10	1.84e-07	1.11e-05	2.05e-04	2.28e-03	1.05e-01	4.31e-01	4.61e-01
 1.28972e+23	1.50e-21	1.53e-16	9.62e-13	9.10e-10	2.27e-07	1.32e-05	2.35e-04	2.50e-03	1.11e-01	4.37e-01	4.50e-01
 1.29480e+23	1.96e-21	1.95e-16	1.19e-12	1.10e-09	2.66e-07	1.52e-05	2.61e-04	2.69e-03	1.15e-01	4.41e-01	4.41e-01
 1.30000e+23	2.76e-21	2.65e-16	1.57e-12	1.39e-09	3.27e-07	1.81e-05	2.99e-04	2.94e-03	1.21e-01	4.46e-01	4.29e-01
 1.30524e+23	3.57e-21	3.35e-16	1.93e-12	1.66e-09	3.82e-07	2.06e-05	3.31e-04	3.16e-03	1.26e-01	4.50e-01	4.20e-01
 1.31051e+23	4.95e-21	4.50e-16	2.50e-12	2.09e-09	4.66e-07	2.43e-05	3.78e-04	3.45e-03	1.32e-01	4.55e-01	4.09e-01
 1.31593e+23	6.42e-21	5.69e-16	3.08e-12	2.50e-09	5.45e-07	2.78e-05	4.19e-04	3.70e-03	1.38e-01	4.59e-01	4.00e-01
 1.32062e+23	8.12e-21	7.05e-16	3.72e-12	2.94e-09	6.28e-07	3.14e-05	4.61e-04	3.95e-03	1.43e-01	4.62e-01	3.91e-01
 1.32581e+23	1.09e-20	9.24e-16	4.73e-12	3.63e-09	7.54e-07	3.66e-05	5.20e-04	4.28e-03	1.49e-01	4.65e-01	3.81e-01
 1.33107e+23	1.38e-20	1.14e-15	5.71e-12	4.27e-09	8.69e-07	4.12e-05	5.71e-04	4.57e-03	1.54e-01	4.68e-01	3.72e-01
 1.33642e+23	1.86e-20	1.49e-15	7.25e-12	5.26e-09	1.04e-06	4.81e-05	6.45e-04	4.95e-03	1.61e-01	4.72e-01	3.62e-01
 1.34185e+23	2.33e-20	1.83e-15	8.70e-12	6.16e-09	1.20e-06	5.41e-05	7.07e-04	5.27e-03	1.67e-01	4.74e-01	3.53e-01
 1.34662e+23	2.90e-20	2.24e-15	1.04e-11	7.19e-09	1.37e-06	6.06e-05	7.73e-04	5.60e-03	1.72e-01	4.76e-01	3.45e-01
 1.35203e+23	3.86e-20	2.90e-15	1.31e-11	8.80e-09	1.63e-06	7.04e-05	8.69e-04	6.06e-03	1.80e-01	4.79e-01	3.35e-01
 1.35742e+23	4.73e-20	3.48e-15	1.54e-11	1.01e-08	1.85e-06	7.81e-05	9.44e-04	6.41e-03	1.85e-01	4.80e-01	3.28e-01
 1.36278e+23	6.19e-20	4.46e-15	1.92e-11	1.23e-08	2.18e-06	9.01e-05	1.06e-03	6.91e-03	1.92e-01	4.82e-01	3.18e-01
 1.36825e+23	7.59e-20	5.37e-15	2.27e-11	1.42e-08	2.48e-06	1.00e-04	1.15e-03	7.30e-03	1.98e-01	4.83e-01	3.10e-01
 1.37385e+23	9.95e-20	6.86e-15	2.82e-11	1.72e-08	2.93e-06	1.15e-04	1.28e-03	7.87e-03	2.06e-01	4.85e-01	3.00e-01
 1.37955e+23	1.22e-19	8.28e-15	3.34e-11	1.99e-08	3.33e-06	1.28e-04	1.39e-03	8.33e-03	2.12e-01	4.85e-01	2.93e-01
 1.38540e+23	1.60e-19	1.06e-14	4.16e-11	2.41e-08	3.94e-06	1.48e-04	1.56e-03	8.98e-03	2.20e-01	4.86e-01	2.83e-01
 1.39135e+23	1.97e-19	1.28e-14	4.93e-11	2.79e-08	4.47e-06	1.65e-04	1.70e-03	9.50e-03	2.27e-01	4.87e-01	2.75e-01
 1.39744e+23	2.58e-19	1.64e-14	6.14e-11	3.39e-08	5.29e-06	1.90e-04	1.90e-03	1.02e-02	2.35e-01	4.87e-01	2.66e-01
 1.40340e+23	3.10e-19	1.94e-14	7.14e-11	3.86e-08	5.93e-06	2.09e-04	2.04e-03	1.08e-02	2.41e-01	4.87e-01	2.59e-01
 1.40917e+23	3.99e-19	2.44e-14	8.78e-11	4.62e-08	6.94e-06	2.39e-04	2.27e-03	1.15e-02	2.50e-01	4.86e-01	2.50e-01
 1.41504e+23	4.81e-19	2.89e-14	1.02e-10	5.27e-08	7.78e-06	2.63e-04	2.44e-03	1.21e-02	2.56e-01	4.86e-01	2.44e-01
 1.42101e+23	6.14e-19	3.61e-14	1.25e-10	6.28e-08	9.07e-06	2.99e-04	2.70e-03	1.30e-02	2.64e-01	4.85e-01	2.35e-01
 1.42717e+23	7.50e-19	4.33e-14	1.47e-10	7.24e-08	1.03e-05	3.32e-04	2.93e-03	1.37e-02	2.71e-01	4.84e-01	2.28e-01
 1.43357e+23	9.61e-19	5.44e-14	1.80e-10	8.64e-08	1.20e-05	3.78e-04	3.24e-03	1.46e-02	2.80e-01	4.82e-01	2.20e-01
 1.44017e+23	1.19e-18	6.58e-14	2.14e-10	1.00e-07	1.36e-05	4.22e-04	3.53e-03	1.54e-02	2.87e-01	4.81e-01	2.12e-01
 1.44704e+23	1.53e-18	8.33e-14	2.64e-10	1.21e-07	1.60e-05	4.82e-04	3.91e-03	1.65e-02	2.97e-01	4.78e-01	2.04e-01
 1.45410e+23	1.90e-18	1.01e-13	3.14e-10	1.41e-07	1.82e-05	5.38e-04	4.26e-03	1.75e-02	3.05e-01	4.76e-01	1.97e-01
 1.46138e+23	2.48e-18	1.29e-13	3.90e-10	1.70e-07	2.15e-05	6.17e-04	4.73e-03	1.87e-02	3.14e-01	4.73e-01	1.88e-01
 1.46890e+23	3.10e-18	1.58e-13	4.69e-10	1.99e-07	2.46e-05	6.91e-04	5.17e-03	1.98e-02	3.23e-01	4.70e-01	1.81e-01
 1.47672e+23	4.08e-18	2.04e-13	5.87e-10	2.42e-07	2.92e-05	7.96e-04	5.76e-03	2.13e-02	3.33e-01	4.66e-01	1.73e-01
 1.48480e+23	5.16e-18	2.52e-13	7.11e-10	2.86e-07	3.37e-05	8.97e-04	6.31e-03	2.26e-02	3.42e-01	4.62e-01	1.66e-01
 1.49210e+23	6.47e-18	3.10e-13	8.55e-10	3.36e-07	3.87e-05	1.01e-03	6.89e-03	2.39e-02	3.50e-01	4.59e-01	1.59e-01
 1.50048e+23	8.60e-18	4.02e-13	1.08e-09	4.11e-07	4.60e-05	1.16e-03	7.69e-03	2.57e-02	3.61e-01	4.53e-01	1.51e-01
 1.50903e+23	1.09e-17	4.99e-13	1.31e-09	4.85e-07	5.32e-05	1.31e-03	8.42e-03	2.72e-02	3.70e-01	4.49e-01	1.44e-01
 1.51666e+23	1.37e-17	6.13e-13	1.57e-09	5.69e-07	6.10e-05	1.46e-03	9.17e-03	2.87e-02	3.79e-01	4.44e-01	1.38e-01
 1.52543e+23	1.83e-17	8.03e-13	2.01e-09	7.04e-07	7.32e-05	1.71e-03	1.03e-02	3.10e-02	3.90e-01	4.37e-01	1.30e-01
 1.53427e+23	2.30e-17	9.87e-13	2.41e-09	8.25e-07	8.39e-05	1.91e-03	1.12e-02	3.26e-02	3.98e-01	4.32e-01	1.24e-01
 1.54319e+23	3.08e-17	1.29e-12	3.07e-09	1.02e-06	1.01e-04	2.22e-03	1.26e-02	3.51e-02	4.10e-01	4.24e-01	1.16e-01
 1.55222e+23	3.87e-17	1.59e-12	3.70e-09	1.20e-06	1.16e-04	2.49e-03	1.37e-02	3.71e-02	4.18e-01	4.17e-01	1.11e-01
 1.56139e+23	5.18e-17	2.08e-12	4.72e-09	1.48e-06	1.39e-04	2.90e-03	1.54e-02	3.99e-02	4.30e-01	4.09e-01	1.03e-01
 1.57016e+23	6.33e-17	2.50e-12	5.57e-09	1.71e-06	1.57e-04	3.22e-03	1.67e-02	4.19e-02	4.37e-01	4.02e-01	9.85e-02
 1.57841e+23	8.16e-17	3.17e-12	6.89e-09	2.06e-06	1.85e-04	3.68e-03	1.85e-02	4.47e-02	4.47e-01	3.94e-01	9.23e-02
 1.58671e+23	9.95e-17	3.80e-12	8.12e-09	2.38e-06	2.09e-04	4.08e-03	2.00e-02	4.68e-02	4.54e-01	3.87e-01	8.78e-02
 1.59509e+23	1.28e-16	4.79e-12	1.00e-08	2.86e-06	2.46e-04	4.67e-03	2.21e-02	4.99e-02	4.64e-01	3.77e-01	8.19e-02
 1.60355e+23	1.55e-16	5.74e-12	1.18e-08	3.30e-06	2.79e-04	5.18e-03	2.39e-02	5.24e-02	4.71e-01	3.70e-01	7.75e-02
 1.61212e+23	1.98e-16	7.22e-12	1.46e-08	3.97e-06	3.29e-04	5.94e-03	2.66e-02	5.59e-02	4.80e-01	3.60e-01	7.19e-02
 1.62081e+23	2.40e-16	8.64e-12	1.72e-08	4.59e-06	3.73e-04	6.60e-03	2.88e-02	5.86e-02	4.86e-01	3.51e-01	6.77e-02
 1.62964e+23	3.04e-16	1.08e-11	2.12e-08	5.52e-06	4.39e-04	7.59e-03	3.20e-02	6.26e-02	4.95e-01	3.40e-01	6.24e-02
 1.63859e+23	3.66e-16	1.29e-11	2.49e-08	6.38e-06	4.98e-04	8.44e-03	3.47e-02	6.57e-02	5.01e-01	3.31e-01	5.85e-02
 1.64771e+23	4.61e-16	1.61e-11	3.06e-08	7.66e-06	5.87e-04	9.70e-03	3.85e-02	7.01e-02	5.08e-01	3.19e-01	5.35e-02
 1.65703e+23	5.51e-16	1.92e-11	3.61e-08	8.86e-06	6.69e-04	1.08e-02	4.19e-02	7.37e-02	5.14e-01	3.09e-01	4.97e-02
 1.66663e+23	6.87e-16	2.37e-11	4.43e-08	1.07e-05	7.90e-04	1.25e-02	4.67e-02	7.87e-02	5.20e-01	2.96e-01	4.50e-02
 1.67636e+23	8.11e-16	2.80e-11	5.19e-08	1.23e-05	8.99e-04	1.40e-02	5.08e-02	8.28e-02	5.25e-01	2.85e-01	4.15e-02
 1.68594e+23	9.80e-16	3.39e-11	6.25e-08	1.46e-05	1.05e-03	1.60e-02	5.62e-02	8.80e-02	5.29e-01	2.72e-01	3.75e-02
 1.69509e+23	1.12e-15	3.88e-11	7.14e-08	1.64e-05	1.17e-03	1.76e-02	6.04e-02	9.19e-02	5.32e-01	2.63e-01	3.48e-02
 1.70401e+23	1.31e-15	4.57e-11	8.40e-08	1.91e-05	1.35e-03	1.99e-02	6.63e-02	9.72e-02	5.34e-01	2.50e-01	3.13e-02
 1.71308e+23	1.47e-15	5.18e-11	9.55e-08	2.16e-05	1.51e-03	2.19e-02	7.13e-02	1.02e-01	5.35e-01	2.40e-01	2.88e-02
 1.72192e+23	1.66e-15	5.95e-11	1.10e-07	2.47e-05	1.72e-03	2.45e-02	7.76e-02	1.07e-01	5.36e-01	2.28e-01	2.60e-02
 1.73095e+23	1.84e-15	6.67e-11	1.25e-07	2.77e-05	1.92e-03	2.70e-02	8.34e-02	1.11e-01	5.35e-01	2.17e-01	2.37e-02
 1.73976e+23	2.02e-15	7.47e-11	1.41e-07	3.13e-05	2.16e-03	2.99e-02	9.00e-02	1.17e-01	5.34e-01	2.06e-01	2.14e-02
 1.74873e+23	2.20e-15	8.29e-11	1.58e-07	3.51e-05	2.40e-03	3.29e-02	9.66e-02	1.22e-01	5.32e-01	1.96e-01	1.93e-02
 1.75765e+23	2.37e-15	9.15e-11	1.77e-07	3.92e-05	2.68e-03	3.62e-02	1.04e-01	1.27e-01	5.29e-01	1.85e-01	1.74e-02
 1.76660e+23	2.52e-15	1.00e-10	1.97e-07	4.37e-05	2.98e-03	3.96e-02	1.11e-01	1.32e-01	5.25e-01	1.75e-01	1.57e-02
 1.77546e+23	2.65e-15	1.09e-10	2.19e-07	4.85e-05	3.30e-03	4.33e-02	1.18e-01	1.37e-01	5.20e-01	1.65e-01	1.41e-02
 1.78431e+23	2.78e-15	1.18e-10	2.42e-07	5.37e-05	3.65e-03	4.72e-02	1.25e-01	1.42e-01	5.14e-01	1.55e-01	1.27e-02
 1.79317e+23	2.89e-15	1.27e-10	2.66e-07	5.94e-05	4.03e-03	5.13e-02	1.33e-01	1.47e-01	5.08e-01	1.46e-01	1.13e-02
 1.80207e+23	2.98e-15	1.36e-10	2.93e-07	6.57e-05	4.44e-03	5.58e-02	1.41e-01	1.51e-01	5.00e-01	1.37e-01	1.02e-02
 1.81105e+23	3.07e-15	1.45e-10	3.22e-07	7.26e-05	4.89e-03	6.05e-02	1.48e-01	1.56e-01	4.93e-01	1.29e-01	9.06e-03
 1.82011e+23	3.14e-15	1.55e-10	3.54e-07	8.03e-05	5.39e-03	6.55e-02	1.56e-01	1.61e-01	4.84e-01	1.20e-01	8.07e-03
 1.82928e+23	3.21e-15	1.66e-10	3.90e-07	8.89e-05	5.95e-03	7.08e-02	1.64e-01	1.65e-01	4.74e-01	1.12e-01	7.17e-03
 1.83850e+23	3.28e-15	1.78e-10	4.29e-07	9.85e-05	6.55e-03	7.65e-02	1.72e-01	1.70e-01	4.64e-01	1.04e-01	6.36e-03
 1.84788e+23	3.35e-15	1.91e-10	4.75e-07	1.10e-04	7.23e-03	8.26e-02	1.81e-01	1.74e-01	4.53e-01	9.70e-02	5.62e-03
 1.85737e+23	3.42e-15	2.04e-10	5.26e-07	1.22e-04	7.97e-03	8.90e-02	1.89e-01	1.77e-01	4.42e-01	9.00e-02	4.96e-03
 1.86706e+23	3.49e-15	2.20e-10	5.85e-07	1.36e-04	8.82e-03	9.61e-02	1.97e-01	1.81e-01	4.29e-01	8.30e-02	4.35e-03
 1.87606e+23	3.58e-15	2.35e-10	6.42e-07	1.50e-04	9.58e-03	1.02e-01	2.04e-01	1.84e-01	4.19e-01	7.77e-02	3.91e-03
 1.88534e+23	3.68e-15	2.56e-10	7.23e-07	1.69e-04	1.07e-02	1.10e-01	2.12e-01	1.87e-01	4.05e-01	7.12e-02	3.39e-03
 1.89480e+23	3.80e-15	2.76e-10	7.99e-07	1.87e-04	1.16e-02	1.17e-01	2.18e-01	1.89e-01	3.94e-01	6.63e-02	3.03e-03
 1.90449e+23	3.93e-15	3.03e-10	9.10e-07	2.13e-04	1.30e-02	1.27e-01	2.27e-01	1.92e-01	3.79e-01	6.03e-02	2.61e-03
 1.91421e+23	4.13e-15	3.31e-10	1.01e-06	2.37e-04	1.41e-02	1.34e-01	2.33e-01	1.93e-01	3.67e-01	5.60e-02	2.33e-03
 1.92395e+23	4.35e-15	3.69e-10	1.16e-06	2.71e-04	1.57e-02	1.44e-01	2.40e-01	1.95e-01	3.52e-01	5.08e-02	2.00e-03
 1.93377e+23	4.59e-15	4.05e-10	1.30e-06	3.01e-04	1.71e-02	1.52e-01	2.46e-01	1.96e-01	3.39e-01	4.70e-02	1.77e-03
 1.94367e+23	4.92e-15	4.58e-10	1.51e-06	3.46e-04	1.91e-02	1.64e-01	2.53e-01	1.97e-01	3.24e-01	4.24e-02	1.52e-03
 1.95367e+23	5.28e-15	5.08e-10	1.71e-06	3.87e-04	2.08e-02	1.73e-01	2.58e-01	1.97e-01	3.11e-01	3.91e-02	1.34e-03
 1.96378e+23	5.76e-15	5.83e-10	2.00e-06	4.47e-04	2.32e-02	1.85e-01	2.64e-01	1.96e-01	2.95e-01	3.51e-02	1.14e-03
 1.97403e+23	6.27e-15	6.55e-10	2.27e-06	5.01e-04	2.53e-02	1.95e-01	2.68e-01	1.95e-01	2.83e-01	3.22e-02	1.00e-03
 1.98444e+23	7.02e-15	7.64e-10	2.69e-06	5.81e-04	2.82e-02	2.08e-01	2.73e-01	1.94e-01	2.67e-01	2.87e-02	8.46e-04
 1.99504e+23	7.79e-15	8.70e-10	3.08e-06	6.54e-04	3.07e-02	2.18e-01	2.77e-01	1.92e-01	2.54e-01	2.62e-02	7.38e-04
 2.00588e+23	8.94e-15	1.03e-09	3.69e-06	7.64e-04	3.43e-02	2.33e-01	2.81e-01	1.90e-01	2.38e-01	2.32e-02	6.17e-04
 2.01696e+23	1.01e-14	1.20e-09	4.27e-06	8.64e-04	3.75e-02	2.44e-01	2.84e-01	1.87e-01	2.25e-01	2.10e-02	5.34e-04
 2.02835e+23	1.20e-14	1.45e-09	5.18e-06	1.01e-03	4.19e-02	2.60e-01	2.86e-01	1.83e-01	2.09e-01	1.84e-02	4.40e-04
 2.03999e+23	1.40e-14	1.71e-09	6.06e-06	1.15e-03	4.58e-02	2.73e-01	2.88e-01	1.79e-01	1.97e-01	1.65e-02	3.77e-04
 2.04980e+23	1.60e-14	1.98e-09	6.96e-06	1.29e-03	4.94e-02	2.84e-01	2.88e-01	1.76e-01	1.86e-01	1.49e-02	3.29e-04
 2.06036e+23	1.93e-14	2.39e-09	8.33e-06	1.49e-03	5.45e-02	2.98e-01	2.89e-01	1.71e-01	1.72e-01	1.31e-02	2.74e-04
 2.07068e+23	2.23e-14	2.76e-09	9.50e-06	1.65e-03	5.84e-02	3.09e-01	2.89e-01	1.67e-01	1.63e-01	1.20e-02	2.40e-04
 2.08066e+23	2.68e-14	3.33e-09	1.13e-05	1.89e-03	6.39e-02	3.22e-01	2.88e-01	1.62e-01	1.51e-01	1.05e-02	2.01e-04
 2.09074e+23	3.14e-14	3.86e-09	1.29e-05	2.10e-03	6.83e-02	3.33e-01	2.87e-01	1.58e-01	1.43e-01	9.56e-03	1.76e-04
 2.10094e+23	3.85e-14	4.70e-09	1.53e-05	2.40e-03	7.45e-02	3.46e-01	2.84e-01	1.52e-01	1.32e-01	8.39e-03	1.46e-04
 2.11129e+23	4.57e-14	5.50e-09	1.75e-05	2.66e-03	7.95e-02	3.57e-01	2.82e-01	1.48e-01	1.23e-01	7.56e-03	1.27e-04
 2.12182e+23	5.70e-14	6.75e-09	2.09e-05	3.04e-03	8.66e-02	3.70e-01	2.79e-01	1.42e-01	1.13e-01	6.59e-03	1.05e-04
 2.13251e+23	6.84e-14	7.94e-09	2.40e-05	3.37e-03	9.23e-02	3.80e-01	2.76e-01	1.37e-01	1.06e-01	5.91e-03	9.07e-05
 2.14339e+23	8.69e-14	9.84e-09	2.88e-05	3.86e-03	1.00e-01	3.93e-01	2.71e-01	1.30e-01	9.63e-02	5.10e-03	7.42e-05
 2.15445e+23	1.05e-13	1.16e-08	3.31e-05	4.28e-03	1.07e-01	4.02e-01	2.67e-01	1.25e-01	8.95e-02	4.55e-03	6.36e-05
 2.16573e+23	1.36e-13	1.46e-08	3.98e-05	4.90e-03	1.16e-01	4.14e-01	2.61e-01	1.18e-01	8.09e-02	3.89e-03	5.15e-05
 2.17726e+23	1.67e-13	1.73e-08	4.60e-05	5.43e-03	1.23e-01	4.23e-01	2.56e-01	1.13e-01	7.47e-02	3.45e-03	4.37e-05
 2.18910e+23	2.19e-13	2.19e-08	5.56e-05	6.23e-03	1.34e-01	4.35e-01	2.49e-01	1.06e-01	6.69e-02	2.92e-03	3.49e-05
 2.20126e+23	2.74e-13	2.64e-08	6.46e-05	6.93e-03	1.42e-01	4.43e-01	2.43e-01	1.01e-01	6.12e-02	2.55e-03	2.92e-05
 2.21381e+23	3.66e-13	3.37e-08	7.85e-05	7.96e-03	1.54e-01	4.53e-01	2.35e-01	9.39e-02	5.44e-02	2.13e-03	2.31e-05
 2.22653e+23	4.60e-13	4.08e-08	9.13e-05	8.84e-03	1.63e-01	4.60e-01	2.28e-01	8.86e-02	4.95e-02	1.85e-03	1.91e-05
 2.23949e+23	6.22e-13	5.23e-08	1.11e-04	1.01e-02	1.76e-01	4.67e-01	2.19e-01	8.19e-02	4.36e-02	1.54e-03	1.49e-05
 2.25260e+23	7.84e-13	6.33e-08	1.29e-04	1.12e-02	1.86e-01	4.73e-01	2.12e-01	7.69e-02	3.95e-02	1.33e-03	1.23e-05
 2.26591e+23	1.07e-12	8.16e-08	1.57e-04	1.29e-02	2.00e-01	4.78e-01	2.02e-01	7.06e-02	3.45e-02	1.09e-03	9.52e-06
 2.27941e+23	1.35e-12	9.90e-08	1.82e-04	1.42e-02	2.11e-01	4.82e-01	1.94e-01	6.59e-02	3.10e-02	9.37e-04	7.80e-06
 2.29126e+23	1.71e-12	1.20e-07	2.11e-04	1.57e-02	2.22e-01	4.85e-01	1.87e-01	6.15e-02	2.79e-02	8.04e-04	6.38e-06
 2.30477e+23	2.34e-12	1.54e-07	2.56e-04	1.79e-02	2.37e-01	4.87e-01	1.77e-01	5.60e-02	2.42e-02	6.55e-04	4.89e-06
 2.31839e+23	2.96e-12	1.86e-07	2.95e-04	1.96e-02	2.49e-01	4.88e-01	1.69e-01	5.20e-02	2.17e-02	5.60e-04	3.98e-06
 2.32959e+23	3.64e-12	2.20e-07	3.35e-04	2.13e-02	2.59e-01	4.88e-01	1.62e-01	4.87e-02	1.97e-02	4.87e-04	3.32e-06
 2.34159e+23	4.72e-12	2.71e-07	3.92e-04	2.37e-02	2.73e-01	4.87e-01	1.54e-01	4.48e-02	1.74e-02	4.08e-04	2.64e-06
 2.35386e+23	5.87e-12	3.23e-07	4.47e-04	2.58e-02	2.84e-01	4.85e-01	1.47e-01	4.16e-02	1.56e-02	3.50e-04	2.17e-06
 2.36477e+23	7.25e-12	3.82e-07	5.07e-04	2.80e-02	2.95e-01	4.83e-01	1.41e-01	3.87e-02	1.41e-02	3.02e-04	1.80e-06
 2.37726e+23	9.42e-12	4.70e-07	5.93e-04	3.09e-02	3.09e-01	4.79e-01	1.33e-01	3.54e-02	1.23e-02	2.51e-04	1.41e-06
 2.39023e+23	1.20e-11	5.68e-07	6.82e-04	3.38e-02	3.21e-01	4.75e-01	1.25e-01	3.25e-02	1.09e-02	2.12e-04	1.14e-06
 2.40181e+23	1.48e-11	6.72e-07	7.74e-04	3.66e-02	3.32e-01	4.71e-01	1.19e-01	3.01e-02	9.78e-03	1.81e-04	9.30e-07
 2.41484e+23	1.93e-11	8.30e-07	9.04e-04	4.03e-02	3.47e-01	4.65e-01	1.11e-01	2.73e-02	8.50e-03	1.49e-04	7.23e-07
 2.42846e+23	2.47e-11	1.01e-06	1.04e-03	4.41e-02	3.60e-01	4.58e-01	1.05e-01	2.49e-02	7.45e-03	1.24e-04	5.72e-07
 2.44074e+23	3.09e-11	1.20e-06	1.19e-03	4.77e-02	3.71e-01	4.52e-01	9.86e-02	2.28e-02	6.61e-03	1.05e-04	4.62e-07
 2.45461e+23	4.08e-11	1.49e-06	1.39e-03	5.26e-02	3.86e-01	4.43e-01	9.13e-02	2.05e-02	5.67e-03	8.48e-05	3.52e-07
 2.46894e+23	5.24e-11	1.82e-06	1.60e-03	5.74e-02	3.98e-01	4.34e-01	8.50e-02	1.85e-02	4.92e-03	6.98e-05	2.75e-07
 2.48171e+23	6.57e-11	2.17e-06	1.82e-03	6.20e-02	4.10e-01	4.25e-01	7.96e-02	1.69e-02	4.33e-03	5.85e-05	2.19e-07
 2.49615e+23	8.71e-11	2.70e-06	2.14e-03	6.82e-02	4.24e-01	4.14e-01	7.31e-02	1.50e-02	3.68e-03	4.67e-05	1.65e-07
 2.51116e+23	1.12e-10	3.29e-06	2.47e-03	7.42e-02	4.36e-01	4.03e-01	6.75e-02	1.35e-02	3.16e-03	3.80e-05	1.27e-07
 2.52467e+23	1.42e-10	3.95e-06	2.81e-03	8.02e-02	4.47e-01	3.93e-01	6.26e-02	1.22e-02	2.75e-03	3.13e-05	0.00e+00
 2.53998e+23	1.92e-10	4.98e-06	3.32e-03	8.83e-02	4.60e-01	3.79e-01	5.67e-02	1.07e-02	2.29e-03	2.44e-05	0.00e+00
 2.55577e+23	2.47e-10	6.06e-06	3.82e-03	9.57e-02	4.71e-01	3.66e-01	5.20e-02	9.54e-03	1.96e-03	1.97e-05	0.00e+00
 2.57000e+23	3.16e-10	7.32e-06	4.37e-03	1.03e-01	4.80e-01	3.54e-01	4.77e-02	8.53e-03	1.68e-03	1.60e-05	0.00e+00
 2.58631e+23	4.32e-10	9.31e-06	5.18e-03	1.14e-01	4.92e-01	3.38e-01	4.26e-02	7.38e-03	1.37e-03	1.22e-05	0.00e+00
 2.60283e+23	5.60e-10	1.14e-05	5.97e-03	1.23e-01	5.01e-01	3.24e-01	3.87e-02	6.53e-03	1.16e-03	9.70e-06	0.00e+00
 2.61743e+23	7.13e-10	1.37e-05	6.80e-03	1.32e-01	5.08e-01	3.11e-01	3.53e-02	5.81e-03	9.88e-04	7.80e-06	0.00e+00
 2.63422e+23	9.80e-10	1.74e-05	8.06e-03	1.45e-01	5.16e-01	2.94e-01	3.11e-02	4.97e-03	7.97e-04	5.84e-06	0.00e+00
 2.65122e+23	1.27e-09	2.12e-05	9.23e-03	1.55e-01	5.22e-01	2.80e-01	2.80e-02	4.37e-03	6.68e-04	4.61e-06	0.00e+00
 2.66847e+23	1.73e-09	2.69e-05	1.09e-02	1.69e-01	5.28e-01	2.63e-01	2.46e-02	3.72e-03	5.37e-04	3.44e-06	0.00e+00
 2.68609e+23	2.25e-09	3.28e-05	1.25e-02	1.82e-01	5.31e-01	2.49e-01	2.20e-02	3.25e-03	4.44e-04	2.67e-06	0.00e+00
 2.70178e+23	2.91e-09	3.98e-05	1.43e-02	1.94e-01	5.34e-01	2.35e-01	1.96e-02	2.83e-03	3.69e-04	2.08e-06	0.00e+00
 2.71978e+23	4.01e-09	5.07e-05	1.68e-02	2.11e-01	5.35e-01	2.18e-01	1.69e-02	2.38e-03	2.90e-04	1.51e-06	0.00e+00
 2.73807e+23	5.20e-09	6.17e-05	1.92e-02	2.25e-01	5.34e-01	2.04e-01	1.50e-02	2.06e-03	2.38e-04	1.16e-06	0.00e+00
 2.75674e+23	7.24e-09	7.91e-05	2.27e-02	2.44e-01	5.32e-01	1.87e-01	1.28e-02	1.70e-03	1.84e-04	8.25e-07	0.00e+00
 2.77498e+23	9.20e-09	9.46e-05	2.57e-02	2.58e-01	5.29e-01	1.75e-01	1.13e-02	1.48e-03	1.52e-04	6.41e-07	0.00e+00
 2.79266e+23	1.25e-08	1.19e-04	2.99e-02	2.76e-01	5.23e-01	1.60e-01	9.65e-03	1.23e-03	1.18e-04	4.60e-07	0.00e+00
 2.80976e+23	1.55e-08	1.40e-04	3.33e-02	2.89e-01	5.17e-01	1.50e-01	8.62e-03	1.08e-03	9.89e-05	3.64e-07	0.00e+00
 2.82612e+23	2.05e-08	1.72e-04	3.81e-02	3.07e-01	5.09e-01	1.37e-01	7.41e-03	9.09e-04	7.82e-05	2.67e-07	0.00e+00
 2.84270e+23	2.56e-08	2.02e-04	4.25e-02	3.21e-01	5.02e-01	1.28e-01	6.55e-03	7.90e-04	6.46e-05	2.08e-07	0.00e+00
 2.85957e+23	3.37e-08	2.48e-04	4.85e-02	3.38e-01	4.90e-01	1.16e-01	5.60e-03	6.60e-04	5.06e-05	1.51e-07	0.00e+00
 2.87664e+23	4.22e-08	2.92e-04	5.40e-02	3.53e-01	4.80e-01	1.07e-01	4.90e-03	5.68e-04	4.13e-05	0.00e+00	0.00e+00
 2.89394e+23	5.57e-08	3.58e-04	6.16e-02	3.70e-01	4.67e-01	9.64e-02	4.15e-03	4.70e-04	3.20e-05	0.00e+00	0.00e+00
 2.91142e+23	6.97e-08	4.22e-04	6.84e-02	3.85e-01	4.54e-01	8.83e-02	3.61e-03	4.02e-04	2.59e-05	0.00e+00	0.00e+00
 2.92679e+23	8.66e-08	4.94e-04	7.56e-02	3.98e-01	4.42e-01	8.09e-02	3.15e-03	3.44e-04	2.11e-05	0.00e+00	0.00e+00
 2.94442e+23	1.14e-07	6.02e-04	8.56e-02	4.14e-01	4.24e-01	7.20e-02	2.64e-03	2.82e-04	1.61e-05	0.00e+00	0.00e+00
 2.96233e+23	1.43e-07	7.08e-04	9.48e-02	4.27e-01	4.09e-01	6.51e-02	2.26e-03	2.38e-04	1.28e-05	0.00e+00	0.00e+00
 2.97669e+23	1.71e-07	8.07e-04	1.03e-01	4.38e-01	3.97e-01	5.99e-02	2.00e-03	2.06e-04	1.06e-05	0.00e+00	0.00e+00
 2.99143e+23	2.12e-07	9.41e-04	1.13e-01	4.49e-01	3.81e-01	5.41e-02	1.72e-03	1.74e-04	8.50e-06	0.00e+00	0.00e+00
 3.00663e+23	2.55e-07	1.07e-03	1.23e-01	4.58e-01	3.67e-01	4.94e-02	1.51e-03	1.50e-04	6.98e-06	0.00e+00	0.00e+00
 3.02018e+23	3.04e-07	1.22e-03	1.32e-01	4.66e-01	3.54e-01	4.52e-02	1.33e-03	1.30e-04	5.77e-06	0.00e+00	0.00e+00
 3.03554e+23	3.78e-07	1.42e-03	1.45e-01	4.75e-01	3.37e-01	4.03e-02	1.13e-03	1.08e-04	4.53e-06	0.00e+00	0.00e+00
 3.05106e+23	4.53e-07	1.61e-03	1.57e-01	4.82e-01	3.22e-01	3.65e-02	9.80e-04	9.21e-05	3.68e-06	0.00e+00	0.00e+00
 3.06455e+23	5.39e-07	1.82e-03	1.68e-01	4.88e-01	3.08e-01	3.31e-02	8.56e-04	7.91e-05	3.02e-06	0.00e+00	0.00e+00
 3.07844e+23	6.45e-07	2.06e-03	1.81e-01	4.93e-01	2.93e-01	2.99e-02	7.42e-04	6.72e-05	2.44e-06	0.00e+00	0.00e+00
