#depth	Si	Si+	Si+2	Si+3	Si+4	Si+5	Si+6	Si+7	Si+8	Si+9	Si+10	Si+11	Si+12	Si+13	Si+14
 1.54284e+22	0.00e+00	0.00e+00	0.00e+00	0.00e+00	2.33e-25	2.16e-21	6.04e-18	5.56e-15	2.22e-12	4.38e-10	5.60e-08	7.08e-06	2.12e-03	8.09e-02	9.17e-01
 3.58159e+22	0.00e+00	0.00e+00	0.00e+00	1.54e-28	6.21e-24	4.13e-20	8.32e-17	5.48e-14	1.57e-11	2.21e-09	2.03e-07	1.85e-05	3.97e-03	1.09e-01	8.87e-01
 4.44098e+22	0.00e+00	0.00e+00	9.03e-32	2.04e-27	6.53e-23	3.43e-19	5.43e-16	2.82e-13	6.32e-11	7.01e-09	5.10e-07	3.66e-05	6.21e-03	1.34e-01	8.60e-01
 5.09522e+22	0.00e+00	0.00e+00	8.47e-31	1.60e-26	4.28e-22	1.86e-18	2.44e-15	1.04e-12	1.93e-10	1.77e-08	1.06e-06	6.30e-05	8.84e-03	1.58e-01	8.33e-01
 5.45868e+22	0.00e+00	0.00e+00	1.51e-30	2.73e-26	6.95e-22	2.87e-18	3.59e-15	1.46e-12	2.57e-10	2.24e-08	1.28e-06	7.24e-05	9.67e-03	1.64e-01	8.26e-01
 5.57622e+22	0.00e+00	0.00e+00	2.13e-30	3.75e-26	9.29e-22	3.73e-18	4.52e-15	1.79e-12	3.06e-10	2.58e-08	1.44e-06	7.87e-05	1.02e-02	1.68e-01	8.21e-01
 5.67937e+22	0.00e+00	0.00e+00	3.30e-30	5.62e-26	1.34e-21	5.20e-18	6.07e-15	2.31e-12	3.80e-10	3.09e-08	1.66e-06	8.75e-05	1.09e-02	1.73e-01	8.16e-01
 5.78832e+22	0.00e+00	0.00e+00	4.88e-30	8.08e-26	1.87e-21	7.00e-18	7.91e-15	2.91e-12	4.63e-10	3.64e-08	1.89e-06	9.62e-05	1.16e-02	1.78e-01	8.10e-01
 5.88940e+22	0.00e+00	0.00e+00	7.26e-30	1.16e-25	2.61e-21	9.44e-18	1.03e-14	3.67e-12	5.64e-10	4.29e-08	2.15e-06	1.06e-04	1.24e-02	1.83e-01	8.04e-01
 6.00538e+22	0.00e+00	0.00e+00	1.16e-29	1.80e-25	3.87e-21	1.35e-17	1.41e-14	4.84e-12	7.14e-10	5.21e-08	2.51e-06	1.19e-04	1.33e-02	1.89e-01	7.97e-01
 6.12089e+22	0.00e+00	0.00e+00	1.77e-29	2.65e-25	5.52e-21	1.85e-17	1.88e-14	6.20e-12	8.82e-10	6.21e-08	2.88e-06	1.31e-04	1.42e-02	1.95e-01	7.91e-01
 6.21453e+22	0.00e+00	0.00e+00	2.54e-29	3.69e-25	7.48e-21	2.44e-17	2.39e-14	7.66e-12	1.06e-09	7.21e-08	3.24e-06	1.43e-04	1.50e-02	1.99e-01	7.85e-01
 6.31499e+22	0.00e+00	0.00e+00	3.86e-29	5.42e-25	1.06e-20	3.34e-17	3.17e-14	9.77e-12	1.30e-09	8.57e-08	3.72e-06	1.58e-04	1.60e-02	2.05e-01	7.79e-01
 6.42382e+22	0.00e+00	0.00e+00	5.86e-29	7.96e-25	1.51e-20	4.58e-17	4.19e-14	1.25e-11	1.60e-09	1.02e-07	4.26e-06	1.75e-04	1.71e-02	2.11e-01	7.72e-01
 6.52435e+22	0.00e+00	1.31e-33	8.57e-29	1.13e-24	2.08e-20	6.10e-17	5.41e-14	1.56e-11	1.94e-09	1.19e-07	4.82e-06	1.92e-04	1.81e-02	2.16e-01	7.66e-01
 6.63584e+22	0.00e+00	2.17e-33	1.37e-28	1.74e-24	3.08e-20	8.70e-17	7.41e-14	2.05e-11	2.45e-09	1.45e-07	5.62e-06	2.15e-04	1.94e-02	2.23e-01	7.57e-01
 6.74662e+22	0.00e+00	2.43e-33	1.49e-28	1.83e-24	4.35e-20	1.19e-16	9.77e-14	2.61e-11	3.01e-09	1.72e-07	6.43e-06	2.37e-04	2.07e-02	2.29e-01	7.50e-01
 6.83706e+22	0.00e+00	3.55e-33	2.12e-28	2.53e-24	5.86e-20	1.55e-16	1.24e-13	3.21e-11	3.60e-09	1.99e-07	7.22e-06	2.58e-04	2.18e-02	2.34e-01	7.44e-01
 6.93523e+22	0.00e+00	5.63e-33	3.26e-28	3.76e-24	8.39e-20	2.14e-16	1.65e-13	4.13e-11	4.46e-09	2.37e-07	8.30e-06	2.85e-04	2.33e-02	2.40e-01	7.36e-01
 7.03971e+22	0.00e+00	8.56e-33	4.82e-28	5.38e-24	1.16e-19	2.88e-16	2.15e-13	5.19e-11	5.42e-09	2.79e-07	9.42e-06	3.13e-04	2.47e-02	2.46e-01	7.29e-01
 7.13750e+22	0.00e+00	1.31e-32	7.16e-28	7.74e-24	1.62e-19	3.88e-16	2.80e-13	6.54e-11	6.61e-09	3.29e-07	1.07e-05	3.44e-04	2.62e-02	2.52e-01	7.21e-01
 7.23480e+22	0.00e+00	2.00e-32	1.06e-27	1.11e-23	2.26e-19	5.23e-16	3.64e-13	8.25e-11	8.05e-09	3.87e-07	1.22e-05	3.78e-04	2.78e-02	2.59e-01	7.13e-01
 7.32847e+22	0.00e+00	3.01e-32	1.55e-27	1.57e-23	3.10e-19	6.95e-16	4.69e-13	1.03e-10	9.73e-09	4.53e-07	1.38e-05	4.13e-04	2.94e-02	2.64e-01	7.06e-01
 7.41809e+22	0.00e+00	4.46e-32	2.23e-27	2.20e-23	4.21e-19	9.14e-16	5.99e-13	1.27e-10	1.17e-08	5.27e-07	1.55e-05	4.50e-04	3.10e-02	2.70e-01	6.98e-01
 7.52037e+22	0.00e+00	7.23e-32	3.50e-27	3.32e-23	6.13e-19	1.28e-15	8.09e-13	1.65e-10	1.46e-08	6.35e-07	1.79e-05	5.01e-04	3.31e-02	2.77e-01	6.89e-01
 7.62585e+22	0.00e+00	1.14e-31	5.33e-27	4.87e-23	8.70e-19	1.76e-15	1.07e-12	2.11e-10	1.80e-08	7.55e-07	2.06e-05	5.52e-04	3.52e-02	2.84e-01	6.80e-01
 7.71684e+22	0.00e+00	1.71e-31	7.77e-27	6.88e-23	1.19e-18	2.34e-15	1.38e-12	2.64e-10	2.18e-08	8.83e-07	2.32e-05	6.04e-04	3.72e-02	2.90e-01	6.72e-01
 7.81648e+22	0.00e+00	2.82e-31	1.24e-26	1.05e-22	1.76e-18	3.31e-15	1.88e-12	3.46e-10	2.75e-08	1.07e-06	2.70e-05	6.73e-04	3.98e-02	2.98e-01	6.62e-01
 7.91565e+22	0.00e+00	4.23e-31	1.80e-26	1.48e-22	2.41e-18	4.40e-15	2.42e-12	4.31e-10	3.32e-08	1.25e-06	3.05e-05	7.35e-04	4.20e-02	3.04e-01	6.53e-01
 8.00021e+22	0.00e+00	6.31e-31	2.61e-26	2.08e-22	3.28e-18	5.80e-15	3.09e-12	5.34e-10	3.99e-08	1.46e-06	3.44e-05	8.01e-04	4.43e-02	3.10e-01	6.45e-01
 8.09615e+22	0.00e+00	1.00e-30	4.01e-26	3.08e-22	4.70e-18	8.02e-15	4.12e-12	6.87e-10	4.95e-08	1.74e-06	3.95e-05	8.85e-04	4.71e-02	3.17e-01	6.35e-01
 8.19682e+22	0.00e+00	1.59e-30	6.16e-26	4.56e-22	6.72e-18	1.11e-14	5.48e-12	8.81e-10	6.13e-08	2.08e-06	4.53e-05	9.78e-04	5.01e-02	3.24e-01	6.24e-01
 8.28370e+22	0.00e+00	2.35e-30	8.84e-26	6.33e-22	9.08e-18	1.45e-14	6.97e-12	1.09e-09	7.34e-08	2.42e-06	5.08e-05	1.06e-03	5.27e-02	3.30e-01	6.16e-01
 8.37669e+22	0.00e+00	3.80e-30	1.38e-25	9.49e-22	1.32e-17	2.02e-14	9.37e-12	1.41e-09	9.16e-08	2.90e-06	5.86e-05	1.18e-03	5.60e-02	3.38e-01	6.05e-01
 8.47431e+22	0.00e+00	5.92e-30	2.08e-25	1.38e-21	1.85e-17	2.75e-14	1.23e-11	1.79e-09	1.13e-07	3.44e-06	6.69e-05	1.29e-03	5.93e-02	3.45e-01	5.95e-01
 8.55938e+22	0.00e+00	8.75e-30	2.98e-25	1.91e-21	2.50e-17	3.61e-14	1.57e-11	2.21e-09	1.35e-07	4.00e-06	7.51e-05	1.40e-03	6.24e-02	3.51e-01	5.86e-01
 8.65140e+22	0.00e+00	1.42e-29	4.66e-25	2.88e-21	3.63e-17	5.05e-14	2.11e-11	2.86e-09	1.69e-07	4.81e-06	8.66e-05	1.56e-03	6.63e-02	3.58e-01	5.74e-01
 8.74547e+22	0.00e+00	2.18e-29	6.92e-25	4.11e-21	5.04e-17	6.78e-14	2.74e-11	3.60e-09	2.05e-07	5.66e-06	9.82e-05	1.70e-03	7.00e-02	3.64e-01	5.64e-01
 8.82703e+22	0.00e+00	3.20e-29	9.88e-25	5.69e-21	6.79e-17	8.86e-14	3.48e-11	4.43e-09	2.45e-07	6.56e-06	1.10e-04	1.85e-03	7.34e-02	3.70e-01	5.55e-01
 8.91790e+22	0.00e+00	4.25e-29	1.26e-24	8.54e-21	9.85e-17	1.24e-13	4.68e-11	5.75e-09	3.07e-07	7.89e-06	1.27e-04	2.04e-03	7.79e-02	3.77e-01	5.43e-01
 9.01219e+22	0.00e+00	6.58e-29	1.89e-24	1.23e-20	1.38e-16	1.67e-13	6.12e-11	7.26e-09	3.75e-07	9.32e-06	1.44e-04	2.23e-03	8.22e-02	3.83e-01	5.32e-01
 9.09319e+22	0.00e+00	9.66e-29	2.69e-24	1.69e-20	1.85e-16	2.18e-13	7.74e-11	8.92e-09	4.47e-07	1.08e-05	1.61e-04	2.42e-03	8.62e-02	3.89e-01	5.22e-01
 9.18078e+22	0.00e+00	1.57e-28	4.21e-24	2.53e-20	2.67e-16	3.04e-13	1.04e-10	1.15e-08	5.59e-07	1.30e-05	1.86e-04	2.67e-03	9.13e-02	3.95e-01	5.10e-01
 9.27100e+22	0.00e+00	2.34e-28	6.10e-24	3.54e-20	3.63e-16	4.01e-13	1.33e-10	1.43e-08	6.72e-07	1.51e-05	2.08e-04	2.90e-03	9.58e-02	4.01e-01	5.00e-01
 9.35165e+22	0.00e+00	3.53e-28	8.90e-24	4.98e-20	4.97e-16	5.32e-13	1.71e-10	1.78e-08	8.11e-07	1.76e-05	2.35e-04	3.15e-03	1.01e-01	4.06e-01	4.90e-01
 9.43028e+22	0.00e+00	5.17e-28	1.27e-23	6.85e-20	6.66e-16	6.93e-13	2.16e-10	2.19e-08	9.67e-07	2.04e-05	2.62e-04	3.41e-03	1.05e-01	4.11e-01	4.80e-01
 9.51928e+22	0.00e+00	8.40e-28	1.98e-23	1.03e-19	9.65e-16	9.67e-13	2.90e-10	2.83e-08	1.21e-06	2.45e-05	3.02e-04	3.76e-03	1.11e-01	4.17e-01	4.67e-01
 9.61091e+22	0.00e+00	1.30e-27	2.96e-23	1.47e-19	1.35e-15	1.30e-12	3.79e-10	3.57e-08	1.47e-06	2.89e-05	3.42e-04	4.10e-03	1.17e-01	4.23e-01	4.56e-01
 9.69096e+22	0.00e+00	1.93e-27	4.26e-23	2.05e-19	1.82e-15	1.71e-12	4.83e-10	4.42e-08	1.77e-06	3.36e-05	3.84e-04	4.44e-03	1.22e-01	4.27e-01	4.46e-01
 9.78004e+22	0.00e+00	3.15e-27	6.70e-23	3.07e-19	2.65e-15	2.40e-12	6.51e-10	5.74e-08	2.22e-06	4.04e-05	4.42e-04	4.90e-03	1.29e-01	4.33e-01	4.33e-01
 9.87112e+22	0.00e+00	4.85e-27	9.94e-23	4.38e-19	3.67e-15	3.22e-12	8.46e-10	7.21e-08	2.70e-06	4.75e-05	4.99e-04	5.33e-03	1.36e-01	4.37e-01	4.21e-01
 9.95094e+22	0.00e+00	7.17e-27	1.43e-22	6.06e-19	4.95e-15	4.22e-12	1.07e-09	8.89e-08	3.23e-06	5.51e-05	5.58e-04	5.76e-03	1.42e-01	4.41e-01	4.11e-01
 1.00408e+23	3.87e-34	1.20e-26	2.29e-22	9.29e-19	7.34e-15	6.01e-12	1.47e-09	1.17e-07	4.09e-06	6.70e-05	6.47e-04	6.37e-03	1.50e-01	4.46e-01	3.97e-01
 1.01297e+23	5.95e-34	1.78e-26	3.28e-22	1.28e-18	9.87e-15	7.86e-12	1.87e-09	1.44e-07	4.89e-06	7.75e-05	7.23e-04	6.87e-03	1.56e-01	4.49e-01	3.87e-01
 1.02053e+23	9.24e-34	2.64e-26	4.72e-22	1.77e-18	1.33e-14	1.03e-11	2.37e-09	1.78e-07	5.86e-06	9.00e-05	8.09e-04	7.42e-03	1.63e-01	4.52e-01	3.76e-01
 1.02794e+23	1.40e-33	3.86e-26	6.68e-22	2.42e-18	1.78e-14	1.33e-11	2.99e-09	2.17e-07	6.96e-06	1.04e-04	9.00e-04	7.98e-03	1.69e-01	4.55e-01	3.66e-01
 1.03637e+23	2.38e-33	6.21e-26	1.03e-21	3.58e-18	2.55e-14	1.85e-11	3.99e-09	2.80e-07	8.65e-06	1.24e-04	1.03e-03	8.74e-03	1.78e-01	4.58e-01	3.54e-01
 1.04438e+23	3.51e-33	8.81e-26	1.43e-21	4.77e-18	3.32e-14	2.35e-11	4.94e-09	3.37e-07	1.02e-05	1.41e-04	1.14e-03	9.34e-03	1.84e-01	4.60e-01	3.45e-01
 1.05079e+23	5.14e-33	1.24e-25	1.95e-21	6.30e-18	4.30e-14	2.96e-11	6.07e-09	4.04e-07	1.19e-05	1.61e-04	1.25e-03	9.97e-03	1.91e-01	4.62e-01	3.36e-01
 1.05663e+23	7.19e-33	1.68e-25	2.56e-21	8.04e-18	5.39e-14	3.63e-11	7.28e-09	4.74e-07	1.36e-05	1.80e-04	1.36e-03	1.05e-02	1.96e-01	4.63e-01	3.28e-01
 1.06197e+23	9.62e-33	2.18e-25	3.26e-21	9.97e-18	6.58e-14	4.35e-11	8.54e-09	5.45e-07	1.54e-05	1.99e-04	1.46e-03	1.11e-02	2.02e-01	4.64e-01	3.21e-01
 1.06808e+23	1.43e-32	3.11e-25	4.51e-21	1.33e-17	8.59e-14	5.54e-11	1.06e-08	6.57e-07	1.81e-05	2.27e-04	1.62e-03	1.18e-02	2.09e-01	4.66e-01	3.12e-01
 1.07413e+23	1.98e-32	4.18e-25	5.90e-21	1.69e-17	1.07e-13	6.76e-11	1.27e-08	7.68e-07	2.07e-05	2.54e-04	1.75e-03	1.25e-02	2.15e-01	4.66e-01	3.04e-01
 1.07916e+23	2.69e-32	5.49e-25	7.56e-21	2.10e-17	1.32e-13	8.14e-11	1.49e-08	8.87e-07	2.34e-05	2.81e-04	1.89e-03	1.31e-02	2.20e-01	4.67e-01	2.97e-01
 1.08474e+23	3.90e-32	7.66e-25	1.02e-20	2.75e-17	1.69e-13	1.02e-10	1.83e-08	1.06e-06	2.72e-05	3.18e-04	2.08e-03	1.40e-02	2.27e-01	4.67e-01	2.89e-01
 1.09048e+23	5.32e-32	1.01e-24	1.32e-20	3.44e-17	2.08e-13	1.23e-10	2.16e-08	1.23e-06	3.09e-05	3.53e-04	2.24e-03	1.47e-02	2.33e-01	4.68e-01	2.82e-01
 1.09544e+23	7.18e-32	1.32e-24	1.68e-20	4.27e-17	2.54e-13	1.48e-10	2.54e-08	1.41e-06	3.50e-05	3.90e-04	2.42e-03	1.54e-02	2.39e-01	4.68e-01	2.75e-01
 1.10012e+23	9.54e-32	1.71e-24	2.12e-20	5.24e-17	3.08e-13	1.76e-10	2.96e-08	1.62e-06	3.93e-05	4.29e-04	2.59e-03	1.62e-02	2.44e-01	4.67e-01	2.69e-01
 1.10539e+23	1.36e-31	2.34e-24	2.83e-20	6.74e-17	3.89e-13	2.18e-10	3.59e-08	1.91e-06	4.54e-05	4.83e-04	2.83e-03	1.71e-02	2.51e-01	4.67e-01	2.61e-01
 1.11080e+23	1.82e-31	3.04e-24	3.59e-20	8.32e-17	4.74e-13	2.60e-10	4.21e-08	2.20e-06	5.11e-05	5.33e-04	3.04e-03	1.79e-02	2.57e-01	4.66e-01	2.55e-01
 1.11639e+23	2.71e-31	4.34e-24	4.94e-20	1.10e-16	6.16e-13	3.30e-10	5.21e-08	2.65e-06	6.01e-05	6.09e-04	3.35e-03	1.91e-02	2.65e-01	4.66e-01	2.46e-01
 1.12185e+23	3.62e-31	5.62e-24	6.24e-20	1.35e-16	7.47e-13	3.93e-10	6.09e-08	3.04e-06	6.77e-05	6.70e-04	3.60e-03	2.00e-02	2.71e-01	4.65e-01	2.40e-01
 1.12627e+23	4.80e-31	7.22e-24	7.83e-20	1.65e-16	8.99e-13	4.66e-10	7.08e-08	3.47e-06	7.59e-05	7.37e-04	3.85e-03	2.09e-02	2.77e-01	4.64e-01	2.34e-01
 1.13041e+23	6.24e-31	9.13e-24	9.66e-20	1.98e-16	1.07e-12	5.45e-10	8.16e-08	3.93e-06	8.45e-05	8.04e-04	4.11e-03	2.18e-02	2.82e-01	4.62e-01	2.28e-01
 1.13507e+23	8.66e-31	1.22e-23	1.26e-19	2.49e-16	1.33e-12	6.64e-10	9.73e-08	4.58e-06	9.66e-05	8.97e-04	4.45e-03	2.29e-02	2.89e-01	4.61e-01	2.21e-01
 1.13988e+23	1.16e-30	1.59e-23	1.59e-19	3.06e-16	1.61e-12	7.93e-10	1.14e-07	5.27e-06	1.09e-04	9.90e-04	4.79e-03	2.40e-02	2.96e-01	4.59e-01	2.15e-01
 1.14407e+23	1.51e-30	2.00e-23	1.96e-19	3.66e-16	1.91e-12	9.25e-10	1.31e-07	5.95e-06	1.21e-04	1.08e-03	5.09e-03	2.49e-02	3.01e-01	4.58e-01	2.10e-01
 1.14873e+23	2.16e-30	2.75e-23	2.60e-19	4.68e-16	2.41e-12	1.15e-09	1.59e-07	7.04e-06	1.40e-04	1.22e-03	5.56e-03	2.64e-02	3.09e-01	4.55e-01	2.03e-01
 1.15340e+23	2.84e-30	3.51e-23	3.24e-19	5.65e-16	2.88e-12	1.35e-09	1.84e-07	8.02e-06	1.57e-04	1.33e-03	5.94e-03	2.75e-02	3.14e-01	4.53e-01	1.97e-01
 1.15809e+23	4.07e-30	4.83e-23	4.30e-19	7.21e-16	3.63e-12	1.67e-09	2.23e-07	9.50e-06	1.82e-04	1.50e-03	6.48e-03	2.90e-02	3.22e-01	4.50e-01	1.90e-01
 1.16285e+23	5.45e-30	6.26e-23	5.41e-19	8.80e-16	4.39e-12	1.99e-09	2.61e-07	1.09e-05	2.05e-04	1.66e-03	6.96e-03	3.03e-02	3.28e-01	4.48e-01	1.85e-01
 1.16694e+23	7.11e-30	7.91e-23	6.67e-19	1.05e-15	5.21e-12	2.33e-09	3.01e-07	1.24e-05	2.28e-04	1.81e-03	7.42e-03	3.15e-02	3.34e-01	4.45e-01	1.80e-01
 1.17146e+23	1.04e-29	1.10e-22	8.94e-19	1.35e-15	6.62e-12	2.91e-09	3.68e-07	1.48e-05	2.67e-04	2.05e-03	8.13e-03	3.33e-02	3.42e-01	4.41e-01	1.72e-01
 1.17591e+23	1.34e-29	1.39e-22	1.09e-18	1.61e-15	7.82e-12	3.39e-09	4.23e-07	1.67e-05	2.96e-04	2.24e-03	8.64e-03	3.46e-02	3.48e-01	4.39e-01	1.68e-01
 1.18026e+23	1.93e-29	1.91e-22	1.45e-18	2.03e-15	9.84e-12	4.20e-09	5.14e-07	1.98e-05	3.44e-04	2.52e-03	9.43e-03	3.65e-02	3.56e-01	4.35e-01	1.61e-01
 1.18453e+23	2.49e-29	2.39e-22	1.77e-18	2.41e-15	1.16e-11	4.88e-09	5.89e-07	2.23e-05	3.82e-04	2.75e-03	1.00e-02	3.79e-02	3.61e-01	4.31e-01	1.56e-01
 1.18871e+23	3.55e-29	3.26e-22	2.32e-18	3.03e-15	1.45e-11	6.01e-09	7.13e-07	2.64e-05	4.42e-04	3.09e-03	1.09e-02	3.99e-02	3.69e-01	4.27e-01	1.50e-01
 1.19291e+23	4.61e-29	4.10e-22	2.84e-18	3.59e-15	1.71e-11	7.02e-09	8.20e-07	2.99e-05	4.92e-04	3.38e-03	1.16e-02	4.14e-02	3.74e-01	4.23e-01	1.46e-01
 1.19712e+23	6.66e-29	5.65e-22	3.75e-18	4.53e-15	2.15e-11	8.70e-09	9.99e-07	3.56e-05	5.72e-04	3.82e-03	1.27e-02	4.36e-02	3.82e-01	4.18e-01	1.39e-01
 1.20135e+23	8.70e-29	7.15e-22	4.61e-18	5.38e-15	2.55e-11	1.02e-08	1.15e-06	4.04e-05	6.38e-04	4.17e-03	1.35e-02	4.53e-02	3.87e-01	4.14e-01	1.35e-01
 1.20558e+23	1.27e-28	9.91e-22	6.11e-18	6.79e-15	3.21e-11	1.27e-08	1.41e-06	4.83e-05	7.45e-04	4.73e-03	1.48e-02	4.77e-02	3.95e-01	4.08e-01	1.28e-01
 1.20983e+23	1.66e-28	1.26e-21	7.52e-18	8.07e-15	3.82e-11	1.49e-08	1.64e-06	5.50e-05	8.34e-04	5.18e-03	1.58e-02	4.95e-02	4.01e-01	4.04e-01	1.24e-01
 1.21411e+23	3.81e-30	1.73e-21	9.91e-18	1.01e-14	4.80e-11	1.85e-08	2.00e-06	6.55e-05	9.71e-04	5.86e-03	1.72e-02	5.21e-02	4.08e-01	3.98e-01	1.18e-01
 1.21835e+23	5.04e-30	2.21e-21	1.22e-17	1.20e-14	5.70e-11	2.18e-08	2.32e-06	7.48e-05	1.09e-03	6.42e-03	1.84e-02	5.41e-02	4.13e-01	3.93e-01	1.14e-01
 1.22255e+23	7.27e-30	3.03e-21	1.60e-17	1.50e-14	7.14e-11	2.71e-08	2.83e-06	8.92e-05	1.27e-03	7.25e-03	2.01e-02	5.68e-02	4.20e-01	3.86e-01	1.08e-01
 1.22682e+23	9.74e-30	3.90e-21	1.99e-17	1.79e-14	8.54e-11	3.21e-08	3.32e-06	1.02e-04	1.43e-03	7.99e-03	2.15e-02	5.91e-02	4.26e-01	3.81e-01	1.04e-01
 1.23118e+23	1.42e-29	5.41e-21	2.63e-17	2.24e-14	1.08e-10	4.01e-08	4.08e-06	1.23e-04	1.67e-03	9.06e-03	2.35e-02	6.21e-02	4.32e-01	3.73e-01	9.82e-02
 1.23558e+23	1.92e-29	6.99e-21	3.27e-17	2.67e-14	1.29e-10	4.78e-08	4.80e-06	1.42e-04	1.89e-03	9.99e-03	2.51e-02	6.45e-02	4.37e-01	3.67e-01	9.40e-02
 1.24005e+23	2.82e-29	9.73e-21	4.33e-17	3.35e-14	1.64e-10	6.00e-08	5.93e-06	1.71e-04	2.22e-03	1.14e-02	2.75e-02	6.78e-02	4.44e-01	3.59e-01	8.86e-02
 1.24454e+23	3.80e-29	1.25e-20	5.36e-17	3.98e-14	1.96e-10	7.15e-08	6.98e-06	1.97e-04	2.50e-03	1.25e-02	2.95e-02	7.04e-02	4.48e-01	3.52e-01	8.45e-02
 1.24840e+23	5.06e-29	1.60e-20	6.60e-17	4.69e-14	2.34e-10	8.47e-08	8.17e-06	2.26e-04	2.82e-03	1.37e-02	3.15e-02	7.30e-02	4.53e-01	3.45e-01	8.07e-02
 1.25278e+23	7.28e-29	2.19e-20	8.58e-17	5.78e-14	2.92e-10	1.05e-07	9.99e-06	2.70e-04	3.28e-03	1.55e-02	3.42e-02	7.64e-02	4.58e-01	3.37e-01	7.59e-02
 1.25717e+23	9.65e-29	2.79e-20	1.05e-16	6.77e-14	3.46e-10	1.24e-07	1.17e-05	3.09e-04	3.68e-03	1.70e-02	3.65e-02	7.90e-02	4.61e-01	3.30e-01	7.24e-02
 1.26157e+23	1.39e-28	3.80e-20	1.36e-16	8.29e-14	4.31e-10	1.54e-07	1.43e-05	3.69e-04	4.28e-03	1.91e-02	3.96e-02	8.25e-02	4.65e-01	3.21e-01	6.79e-02
 1.26600e+23	1.81e-28	4.77e-20	1.65e-16	9.65e-14	5.07e-10	1.80e-07	1.65e-05	4.20e-04	4.77e-03	2.08e-02	4.20e-02	8.52e-02	4.68e-01	3.14e-01	6.47e-02
 1.27048e+23	2.57e-28	6.42e-20	2.11e-16	1.17e-13	6.27e-10	2.22e-07	2.01e-05	4.98e-04	5.50e-03	2.33e-02	4.54e-02	8.86e-02	4.71e-01	3.05e-01	6.06e-02
 1.27508e+23	3.41e-28	8.16e-20	2.58e-16	1.37e-13	7.44e-10	2.62e-07	2.35e-05	5.71e-04	6.17e-03	2.55e-02	4.84e-02	9.15e-02	4.73e-01	2.97e-01	5.74e-02
 1.27986e+23	4.89e-28	1.11e-19	3.32e-16	1.66e-13	9.23e-10	3.24e-07	2.86e-05	6.80e-04	7.14e-03	2.86e-02	5.23e-02	9.52e-02	4.75e-01	2.87e-01	5.34e-02
 1.28473e+23	6.47e-28	1.40e-19	4.04e-16	1.94e-13	1.09e-09	3.82e-07	3.34e-05	7.78e-04	7.99e-03	3.12e-02	5.55e-02	9.80e-02	4.76e-01	2.80e-01	5.05e-02
 1.28972e+23	9.24e-28	1.89e-19	5.18e-16	2.35e-13	1.35e-09	4.72e-07	4.06e-05	9.23e-04	9.21e-03	3.49e-02	5.98e-02	1.02e-01	4.77e-01	2.69e-01	4.69e-02
 1.29480e+23	1.22e-27	2.39e-19	6.30e-16	2.74e-13	1.60e-09	5.56e-07	4.73e-05	1.06e-03	1.03e-02	3.80e-02	6.34e-02	1.05e-01	4.77e-01	2.61e-01	4.41e-02
 1.30000e+23	1.74e-27	3.22e-19	8.06e-16	3.31e-13	1.97e-09	6.83e-07	5.74e-05	1.25e-03	1.18e-02	4.23e-02	6.81e-02	1.08e-01	4.76e-01	2.51e-01	4.08e-02
 1.30524e+23	2.27e-27	4.04e-19	9.73e-16	3.83e-13	2.32e-09	8.00e-07	6.65e-05	1.42e-03	1.31e-02	4.58e-02	7.18e-02	1.11e-01	4.75e-01	2.43e-01	3.84e-02
 1.31051e+23	3.19e-27	5.38e-19	1.23e-15	4.60e-13	2.83e-09	9.75e-07	7.99e-05	1.67e-03	1.50e-02	5.07e-02	7.68e-02	1.14e-01	4.73e-01	2.33e-01	3.54e-02
 1.31593e+23	4.18e-27	6.76e-19	1.49e-15	5.32e-13	3.33e-09	1.14e-06	9.25e-05	1.89e-03	1.66e-02	5.48e-02	8.08e-02	1.17e-01	4.71e-01	2.25e-01	3.32e-02
 1.32062e+23	5.35e-27	8.31e-19	1.77e-15	6.07e-13	3.85e-09	1.31e-06	1.06e-04	2.13e-03	1.82e-02	5.88e-02	8.46e-02	1.19e-01	4.68e-01	2.17e-01	3.12e-02
 1.32581e+23	7.33e-27	1.08e-18	2.20e-15	7.19e-13	4.62e-09	1.57e-06	1.25e-04	2.46e-03	2.05e-02	6.43e-02	8.96e-02	1.22e-01	4.64e-01	2.08e-01	2.88e-02
 1.33107e+23	9.38e-27	1.33e-18	2.61e-15	8.20e-13	5.33e-09	1.81e-06	1.42e-04	2.75e-03	2.25e-02	6.88e-02	9.36e-02	1.24e-01	4.61e-01	2.01e-01	2.70e-02
 1.33642e+23	1.28e-26	1.73e-18	3.24e-15	9.68e-13	6.39e-09	2.16e-06	1.68e-04	3.18e-03	2.52e-02	7.50e-02	9.87e-02	1.27e-01	4.55e-01	1.91e-01	2.48e-02
 1.34185e+23	1.64e-26	2.11e-18	3.84e-15	1.10e-12	7.35e-09	2.48e-06	1.90e-04	3.54e-03	2.75e-02	8.00e-02	1.03e-01	1.28e-01	4.50e-01	1.84e-01	2.32e-02
 1.34662e+23	2.07e-26	2.57e-18	4.52e-15	1.25e-12	8.40e-09	2.82e-06	2.15e-04	3.94e-03	2.99e-02	8.51e-02	1.07e-01	1.30e-01	4.45e-01	1.77e-01	2.18e-02
 1.35203e+23	2.81e-26	3.31e-18	5.57e-15	1.47e-12	9.97e-09	3.34e-06	2.51e-04	4.51e-03	3.33e-02	9.21e-02	1.12e-01	1.32e-01	4.38e-01	1.68e-01	1.99e-02
 1.35742e+23	3.50e-26	3.98e-18	6.50e-15	1.66e-12	1.13e-08	3.77e-06	2.81e-04	4.96e-03	3.59e-02	9.72e-02	1.16e-01	1.33e-01	4.33e-01	1.61e-01	1.87e-02
 1.36278e+23	4.70e-26	5.07e-18	7.94e-15	1.93e-12	1.33e-08	4.41e-06	3.25e-04	5.64e-03	3.97e-02	1.04e-01	1.21e-01	1.35e-01	4.24e-01	1.53e-01	1.71e-02
 1.36825e+23	5.88e-26	6.11e-18	9.30e-15	2.19e-12	1.51e-08	4.98e-06	3.63e-04	6.20e-03	4.27e-02	1.10e-01	1.24e-01	1.36e-01	4.18e-01	1.47e-01	1.60e-02
 1.37385e+23	7.91e-26	7.81e-18	1.14e-14	2.55e-12	1.77e-08	5.82e-06	4.20e-04	7.03e-03	4.70e-02	1.18e-01	1.29e-01	1.37e-01	4.08e-01	1.38e-01	1.46e-02
 1.37955e+23	9.95e-26	9.44e-18	1.34e-14	2.89e-12	2.00e-08	6.57e-06	4.69e-04	7.73e-03	5.06e-02	1.24e-01	1.33e-01	1.38e-01	4.01e-01	1.32e-01	1.35e-02
 1.38540e+23	1.34e-25	1.21e-17	1.64e-14	3.39e-12	2.35e-08	7.67e-06	5.41e-04	8.74e-03	5.56e-02	1.33e-01	1.37e-01	1.38e-01	3.90e-01	1.24e-01	1.23e-02
 1.39135e+23	1.69e-25	1.46e-17	1.93e-14	3.85e-12	2.66e-08	8.64e-06	6.03e-04	9.59e-03	5.97e-02	1.39e-01	1.41e-01	1.39e-01	3.82e-01	1.18e-01	1.14e-02
 1.39744e+23	4.54e-26	1.88e-17	2.38e-14	4.53e-12	3.12e-08	1.01e-05	6.95e-04	1.08e-02	6.54e-02	1.48e-01	1.45e-01	1.39e-01	3.70e-01	1.10e-01	1.02e-02
 1.40340e+23	5.63e-26	2.24e-17	2.76e-14	5.11e-12	3.50e-08	1.12e-05	7.65e-04	1.17e-02	6.95e-02	1.54e-01	1.48e-01	1.38e-01	3.62e-01	1.05e-01	9.54e-03
 1.40917e+23	7.52e-26	2.83e-17	3.35e-14	5.93e-12	4.04e-08	1.29e-05	8.71e-04	1.31e-02	7.55e-02	1.63e-01	1.52e-01	1.38e-01	3.50e-01	9.84e-02	8.60e-03
 1.41504e+23	9.35e-26	3.37e-17	3.90e-14	6.69e-12	4.53e-08	1.43e-05	9.58e-04	1.42e-02	8.00e-02	1.70e-01	1.55e-01	1.37e-01	3.42e-01	9.36e-02	7.98e-03
 1.42101e+23	1.24e-25	4.25e-17	4.74e-14	7.79e-12	5.23e-08	1.64e-05	1.08e-03	1.58e-02	8.65e-02	1.78e-01	1.58e-01	1.36e-01	3.30e-01	8.72e-02	7.19e-03
 1.42717e+23	1.58e-25	5.14e-17	5.56e-14	8.84e-12	5.88e-08	1.84e-05	1.20e-03	1.72e-02	9.19e-02	1.85e-01	1.60e-01	1.35e-01	3.20e-01	8.23e-02	6.60e-03
 1.43357e+23	2.11e-25	6.51e-17	6.80e-14	1.04e-11	6.81e-08	2.11e-05	1.36e-03	1.90e-02	9.91e-02	1.94e-01	1.63e-01	1.34e-01	3.07e-01	7.64e-02	5.92e-03
 1.44017e+23	2.71e-25	7.95e-17	8.07e-14	1.19e-11	7.69e-08	2.37e-05	1.51e-03	2.08e-02	1.05e-01	2.02e-01	1.65e-01	1.32e-01	2.96e-01	7.15e-02	5.38e-03
 1.44704e+23	3.68e-25	1.02e-16	9.97e-14	1.41e-11	8.95e-08	2.72e-05	1.71e-03	2.31e-02	1.13e-01	2.11e-01	1.67e-01	1.30e-01	2.83e-01	6.59e-02	4.78e-03
 1.45410e+23	4.77e-25	1.25e-16	1.19e-13	1.62e-11	1.01e-07	3.06e-05	1.89e-03	2.51e-02	1.20e-01	2.18e-01	1.69e-01	1.28e-01	2.72e-01	6.13e-02	4.32e-03
 1.46138e+23	6.55e-25	1.62e-16	1.48e-13	1.93e-11	1.19e-07	3.53e-05	2.15e-03	2.79e-02	1.29e-01	2.27e-01	1.70e-01	1.26e-01	2.58e-01	5.61e-02	3.80e-03
 1.46890e+23	8.59e-25	2.01e-16	1.78e-13	2.24e-11	1.35e-07	3.98e-05	2.39e-03	3.04e-02	1.37e-01	2.35e-01	1.71e-01	1.23e-01	2.46e-01	5.18e-02	3.41e-03
 1.47672e+23	1.20e-24	2.62e-16	2.24e-13	2.69e-11	1.58e-07	4.61e-05	2.72e-03	3.37e-02	1.47e-01	2.44e-01	1.71e-01	1.20e-01	2.32e-01	4.69e-02	2.97e-03
 1.48480e+23	1.59e-24	3.29e-16	2.73e-13	3.15e-11	1.81e-07	5.21e-05	3.02e-03	3.67e-02	1.56e-01	2.51e-01	1.71e-01	1.17e-01	2.20e-01	4.30e-02	2.63e-03
 1.49210e+23	2.09e-24	4.09e-16	3.30e-13	3.66e-11	2.06e-07	5.86e-05	3.35e-03	3.99e-02	1.64e-01	2.58e-01	1.71e-01	1.14e-01	2.08e-01	3.94e-02	2.33e-03
 1.50048e+23	2.95e-24	5.39e-16	4.18e-13	4.44e-11	2.43e-07	6.79e-05	3.80e-03	4.41e-02	1.75e-01	2.66e-01	1.70e-01	1.10e-01	1.94e-01	3.53e-02	2.00e-03
 1.50903e+23	3.93e-24	6.78e-16	5.10e-13	5.20e-11	2.77e-07	7.65e-05	4.22e-03	4.79e-02	1.85e-01	2.72e-01	1.69e-01	1.06e-01	1.83e-01	3.20e-02	1.76e-03
 1.51666e+23	5.17e-24	8.44e-16	6.17e-13	6.08e-11	3.16e-07	8.59e-05	4.65e-03	5.18e-02	1.94e-01	2.77e-01	1.67e-01	1.02e-01	1.72e-01	2.92e-02	1.55e-03
 1.52543e+23	7.44e-24	1.13e-15	7.90e-13	7.38e-11	3.71e-07	9.94e-05	5.28e-03	5.72e-02	2.06e-01	2.84e-01	1.65e-01	9.76e-02	1.58e-01	2.56e-02	1.30e-03
 1.53427e+23	9.80e-24	1.40e-15	9.56e-13	8.61e-11	4.21e-07	1.11e-04	5.81e-03	6.16e-02	2.15e-01	2.88e-01	1.63e-01	9.39e-02	1.48e-01	2.32e-02	1.14e-03
 1.54319e+23	1.41e-23	1.88e-15	1.22e-12	1.04e-10	4.92e-07	1.28e-04	6.57e-03	6.78e-02	2.28e-01	2.94e-01	1.59e-01	8.89e-02	1.35e-01	2.02e-02	9.49e-04
 1.55222e+23	1.87e-23	2.35e-15	1.48e-12	1.22e-10	5.57e-07	1.43e-04	7.21e-03	7.29e-02	2.37e-01	2.97e-01	1.56e-01	8.51e-02	1.26e-01	1.82e-02	8.22e-04
 1.56139e+23	2.70e-23	3.15e-15	1.90e-12	1.48e-10	6.50e-07	1.64e-04	8.13e-03	8.00e-02	2.50e-01	3.00e-01	1.52e-01	8.00e-02	1.14e-01	1.57e-02	6.78e-04
 1.57016e+23	3.48e-23	3.85e-15	2.25e-12	1.69e-10	7.24e-07	1.81e-04	8.81e-03	8.51e-02	2.58e-01	3.02e-01	1.48e-01	7.66e-02	1.06e-01	1.42e-02	5.92e-04
 1.57841e+23	4.83e-23	5.00e-15	2.81e-12	2.01e-10	8.26e-07	2.04e-04	9.76e-03	9.21e-02	2.69e-01	3.04e-01	1.44e-01	7.21e-02	9.65e-02	1.23e-02	4.94e-04
 1.58671e+23	6.22e-23	6.11e-15	3.33e-12	2.30e-10	9.18e-07	2.23e-04	1.06e-02	9.77e-02	2.77e-01	3.05e-01	1.40e-01	6.87e-02	8.96e-02	1.11e-02	4.30e-04
 1.59509e+23	8.69e-23	7.98e-15	4.15e-12	2.72e-10	1.04e-06	2.51e-04	1.17e-02	1.06e-01	2.88e-01	3.05e-01	1.35e-01	6.43e-02	8.09e-02	9.56e-03	3.55e-04
 1.60355e+23	1.13e-22	9.81e-15	4.94e-12	3.11e-10	1.16e-06	2.75e-04	1.26e-02	1.12e-01	2.96e-01	3.04e-01	1.31e-01	6.10e-02	7.46e-02	8.52e-03	3.05e-04
 1.61212e+23	1.58e-22	1.29e-14	6.18e-12	3.69e-10	1.31e-06	3.08e-04	1.39e-02	1.21e-01	3.06e-01	3.03e-01	1.25e-01	5.67e-02	6.68e-02	7.27e-03	2.49e-04
 1.62081e+23	2.07e-22	1.59e-14	7.38e-12	4.23e-10	1.45e-06	3.37e-04	1.50e-02	1.28e-01	3.14e-01	3.01e-01	1.21e-01	5.35e-02	6.12e-02	6.43e-03	2.12e-04
 1.62964e+23	2.94e-22	2.11e-14	9.28e-12	5.02e-10	1.64e-06	3.77e-04	1.65e-02	1.38e-01	3.23e-01	2.98e-01	1.15e-01	4.94e-02	5.43e-02	5.42e-03	1.70e-04
 1.63859e+23	3.87e-22	2.63e-14	1.11e-11	5.78e-10	1.82e-06	4.12e-04	1.78e-02	1.46e-01	3.30e-01	2.95e-01	1.10e-01	4.63e-02	4.93e-02	4.75e-03	1.44e-04
 1.64771e+23	5.55e-22	3.52e-14	1.41e-11	6.90e-10	2.06e-06	4.62e-04	1.96e-02	1.57e-01	3.39e-01	2.90e-01	1.04e-01	4.24e-02	4.33e-02	3.96e-03	1.14e-04
 1.65703e+23	7.46e-22	4.46e-14	1.71e-11	7.98e-10	2.29e-06	5.06e-04	2.12e-02	1.66e-01	3.46e-01	2.86e-01	9.85e-02	3.94e-02	3.89e-02	3.41e-03	9.40e-05
 1.66663e+23	1.09e-21	6.08e-14	2.19e-11	9.63e-10	2.61e-06	5.68e-04	2.34e-02	1.79e-01	3.54e-01	2.79e-01	9.19e-02	3.58e-02	3.37e-02	2.79e-03	7.29e-05
 1.67636e+23	1.49e-21	7.79e-14	2.67e-11	1.12e-09	2.90e-06	6.22e-04	2.53e-02	1.89e-01	3.59e-01	2.73e-01	8.67e-02	3.30e-02	3.00e-02	2.38e-03	5.94e-05
 1.68594e+23	2.17e-21	1.06e-13	3.41e-11	1.35e-09	3.29e-06	6.95e-04	2.78e-02	2.03e-01	3.66e-01	2.65e-01	8.03e-02	2.98e-02	2.59e-02	1.94e-03	4.59e-05
 1.69509e+23	2.86e-21	1.33e-13	4.09e-11	1.55e-09	3.63e-06	7.55e-04	2.97e-02	2.13e-01	3.69e-01	2.59e-01	7.58e-02	2.76e-02	2.32e-02	1.67e-03	3.80e-05
 1.70401e+23	4.12e-21	1.79e-13	5.20e-11	1.86e-09	4.11e-06	8.39e-04	3.24e-02	2.27e-01	3.74e-01	2.49e-01	7.00e-02	2.49e-02	2.00e-02	1.36e-03	2.94e-05
 1.71308e+23	5.53e-21	2.28e-13	6.30e-11	2.16e-09	4.55e-06	9.15e-04	3.48e-02	2.39e-01	3.76e-01	2.42e-01	6.55e-02	2.29e-02	1.77e-02	1.16e-03	2.39e-05
 1.72192e+23	7.85e-21	3.04e-13	7.94e-11	2.58e-09	5.15e-06	1.01e-03	3.77e-02	2.54e-01	3.78e-01	2.32e-01	6.02e-02	2.07e-02	1.53e-02	9.49e-04	1.86e-05
 1.73095e+23	1.07e-20	3.94e-13	9.77e-11	3.03e-09	5.76e-06	1.11e-03	4.05e-02	2.67e-01	3.79e-01	2.23e-01	5.58e-02	1.89e-02	1.34e-02	7.93e-04	1.49e-05
 1.73976e+23	1.50e-20	5.22e-13	1.22e-10	3.62e-09	6.52e-06	1.23e-03	4.38e-02	2.81e-01	3.80e-01	2.14e-01	5.12e-02	1.70e-02	1.15e-02	6.52e-04	1.16e-05
 1.74873e+23	2.09e-20	6.86e-13	1.52e-10	4.31e-09	7.37e-06	1.35e-03	4.72e-02	2.96e-01	3.79e-01	2.04e-01	4.70e-02	1.54e-02	1.00e-02	5.38e-04	9.16e-06
 1.75765e+23	2.92e-20	9.09e-13	1.91e-10	5.16e-09	8.38e-06	1.50e-03	5.09e-02	3.11e-01	3.77e-01	1.94e-01	4.29e-02	1.38e-02	8.61e-03	4.41e-04	7.15e-06
 1.76660e+23	4.07e-20	1.20e-12	2.40e-10	6.19e-09	9.53e-06	1.65e-03	5.47e-02	3.26e-01	3.75e-01	1.84e-01	3.91e-02	1.24e-02	7.41e-03	3.61e-04	5.58e-06
 1.77546e+23	5.67e-20	1.59e-12	3.00e-10	7.44e-09	1.09e-05	1.83e-03	5.89e-02	3.41e-01	3.71e-01	1.74e-01	3.55e-02	1.12e-02	6.36e-03	2.96e-04	4.36e-06
 1.78431e+23	7.89e-20	2.10e-12	3.77e-10	8.97e-09	1.24e-05	2.02e-03	6.33e-02	3.56e-01	3.67e-01	1.64e-01	3.22e-02	9.98e-03	5.45e-03	2.41e-04	3.39e-06
 1.79317e+23	1.10e-19	2.77e-12	4.73e-10	1.08e-08	1.43e-05	2.24e-03	6.79e-02	3.71e-01	3.61e-01	1.54e-01	2.91e-02	8.92e-03	4.65e-03	1.96e-04	2.63e-06
 1.80207e+23	1.53e-19	3.67e-12	5.96e-10	1.31e-08	1.64e-05	2.48e-03	7.29e-02	3.86e-01	3.55e-01	1.45e-01	2.62e-02	7.95e-03	3.97e-03	1.59e-04	2.04e-06
 1.81105e+23	2.14e-19	4.86e-12	7.51e-10	1.60e-08	1.89e-05	2.75e-03	7.82e-02	4.01e-01	3.48e-01	1.35e-01	2.35e-02	7.06e-03	3.37e-03	1.29e-04	1.57e-06
 1.82011e+23	2.98e-19	6.43e-12	9.49e-10	1.94e-08	2.18e-05	3.06e-03	8.39e-02	4.16e-01	3.41e-01	1.26e-01	2.11e-02	6.25e-03	2.85e-03	1.04e-04	1.21e-06
 1.82928e+23	4.17e-19	8.53e-12	1.20e-09	2.37e-08	2.53e-05	3.40e-03	8.99e-02	4.31e-01	3.32e-01	1.17e-01	1.88e-02	5.52e-03	2.41e-03	8.36e-05	9.23e-07
 1.83850e+23	5.82e-19	1.13e-11	1.52e-09	2.90e-08	2.93e-05	3.77e-03	9.61e-02	4.45e-01	3.23e-01	1.08e-01	1.68e-02	4.87e-03	2.03e-03	6.71e-05	7.06e-07
 1.84788e+23	8.18e-19	1.50e-11	1.93e-09	3.56e-08	3.41e-05	4.20e-03	1.03e-01	4.59e-01	3.13e-01	1.00e-01	1.48e-02	4.27e-03	1.70e-03	5.34e-05	5.35e-07
 1.85737e+23	1.14e-18	1.97e-11	2.43e-09	4.36e-08	3.95e-05	4.66e-03	1.10e-01	4.72e-01	3.03e-01	9.22e-02	1.32e-02	3.75e-03	1.42e-03	4.26e-05	4.07e-07
 1.86706e+23	1.62e-18	2.63e-11	3.11e-09	5.40e-08	4.63e-05	5.20e-03	1.18e-01	4.85e-01	2.92e-01	8.44e-02	1.16e-02	3.26e-03	1.18e-03	3.36e-05	3.04e-07
 1.87606e+23	2.14e-18	3.31e-11	3.78e-09	6.39e-08	5.24e-05	5.67e-03	1.24e-01	4.95e-01	2.83e-01	7.86e-02	1.04e-02	2.91e-03	1.01e-03	2.77e-05	2.41e-07
 1.88534e+23	3.06e-18	4.43e-11	4.86e-09	7.97e-08	6.16e-05	6.34e-03	1.32e-01	5.07e-01	2.71e-01	7.15e-02	9.08e-03	2.51e-03	8.32e-04	2.15e-05	1.78e-07
 1.89480e+23	4.06e-18	5.57e-11	5.92e-09	9.48e-08	7.01e-05	6.92e-03	1.39e-01	5.15e-01	2.61e-01	6.62e-02	8.13e-03	2.23e-03	7.11e-04	1.76e-05	1.40e-07
 1.90449e+23	5.86e-18	7.50e-11	7.65e-09	1.19e-07	8.28e-05	7.75e-03	1.49e-01	5.26e-01	2.48e-01	5.97e-02	7.02e-03	1.90e-03	5.77e-04	1.35e-05	0.00e+00
 1.91421e+23	7.82e-18	9.34e-11	9.26e-09	1.41e-07	9.38e-05	8.43e-03	1.56e-01	5.32e-01	2.39e-01	5.53e-02	6.30e-03	1.69e-03	4.93e-04	1.11e-05	0.00e+00
 1.92395e+23	1.48e-16	1.24e-10	1.19e-08	1.76e-07	1.10e-04	9.40e-03	1.66e-01	5.41e-01	2.27e-01	4.98e-02	5.44e-03	1.44e-03	4.01e-04	8.55e-06	0.00e+00
 1.93377e+23	2.88e-16	1.54e-10	1.44e-08	2.08e-07	1.25e-04	1.02e-02	1.74e-01	5.46e-01	2.17e-01	4.60e-02	4.87e-03	1.28e-03	3.42e-04	6.99e-06	0.00e+00
 1.94367e+23	5.01e-16	2.03e-10	1.84e-08	2.59e-07	1.47e-04	1.13e-02	1.84e-01	5.52e-01	2.05e-01	4.13e-02	4.20e-03	1.09e-03	2.77e-04	5.37e-06	0.00e+00
 1.95367e+23	6.58e-16	2.51e-10	2.22e-08	3.07e-07	1.66e-04	1.23e-02	1.93e-01	5.56e-01	1.96e-01	3.81e-02	3.74e-03	9.58e-04	2.35e-04	4.38e-06	0.00e+00
 1.96378e+23	8.89e-16	3.30e-10	2.82e-08	3.81e-07	1.94e-04	1.37e-02	2.03e-01	5.60e-01	1.85e-01	3.41e-02	3.22e-03	8.13e-04	1.90e-04	3.35e-06	0.00e+00
 1.97403e+23	1.10e-15	4.07e-10	3.41e-08	4.51e-07	2.20e-04	1.48e-02	2.12e-01	5.62e-01	1.76e-01	3.13e-02	2.86e-03	7.15e-04	1.61e-04	2.72e-06	0.00e+00
 1.98444e+23	1.46e-15	5.32e-10	4.34e-08	5.62e-07	2.58e-04	1.64e-02	2.24e-01	5.64e-01	1.65e-01	2.80e-02	2.46e-03	6.04e-04	1.30e-04	2.07e-06	0.00e+00
 1.99504e+23	1.81e-15	6.57e-10	5.25e-08	6.66e-07	2.92e-04	1.78e-02	2.33e-01	5.64e-01	1.56e-01	2.56e-02	2.18e-03	5.28e-04	1.09e-04	1.67e-06	0.00e+00
 2.00588e+23	2.41e-15	8.60e-10	6.70e-08	8.32e-07	3.43e-04	1.97e-02	2.45e-01	5.64e-01	1.46e-01	2.27e-02	1.85e-03	4.43e-04	8.72e-05	1.26e-06	0.00e+00
 2.01696e+23	2.99e-15	1.06e-09	8.13e-08	9.91e-07	3.89e-04	2.13e-02	2.55e-01	5.63e-01	1.38e-01	2.07e-02	1.63e-03	3.86e-04	7.29e-05	1.01e-06	0.00e+00
 2.02835e+23	3.98e-15	1.40e-09	1.04e-07	1.24e-06	4.58e-04	2.37e-02	2.68e-01	5.60e-01	1.28e-01	1.83e-02	1.38e-03	3.21e-04	5.77e-05	7.51e-07	0.00e+00
 2.03999e+23	4.94e-15	1.73e-09	1.27e-07	1.49e-06	5.21e-04	2.57e-02	2.78e-01	5.57e-01	1.20e-01	1.66e-02	1.21e-03	2.77e-04	4.80e-05	5.96e-07	0.00e+00
 2.04980e+23	6.00e-15	2.09e-09	1.51e-07	1.74e-06	5.83e-04	2.75e-02	2.87e-01	5.54e-01	1.14e-01	1.52e-02	1.08e-03	2.44e-04	4.07e-05	4.85e-07	0.00e+00
 2.06036e+23	7.71e-15	2.65e-09	1.88e-07	2.13e-06	6.75e-04	3.01e-02	2.99e-01	5.49e-01	1.06e-01	1.36e-02	9.28e-04	2.06e-04	3.29e-05	3.72e-07	0.00e+00
 2.07068e+23	9.16e-15	3.15e-09	2.21e-07	2.46e-06	7.49e-04	3.22e-02	3.08e-01	5.45e-01	1.00e-01	1.25e-02	8.33e-04	1.83e-04	2.82e-05	3.07e-07	0.00e+00
 2.08066e+23	1.15e-14	3.93e-09	2.71e-07	2.98e-06	8.58e-04	3.50e-02	3.19e-01	5.39e-01	9.33e-02	1.12e-02	7.20e-04	1.56e-04	2.30e-05	2.38e-07	0.00e+00
 2.09074e+23	1.37e-14	4.65e-09	3.18e-07	3.44e-06	9.50e-04	3.72e-02	3.28e-01	5.34e-01	8.84e-02	1.03e-02	6.47e-04	1.38e-04	1.98e-05	1.97e-07	0.00e+00
 2.10094e+23	1.72e-14	5.79e-09	3.90e-07	4.15e-06	1.09e-03	4.04e-02	3.39e-01	5.27e-01	8.21e-02	9.26e-03	5.59e-04	1.17e-04	1.61e-05	1.53e-07	0.00e+00
 2.11129e+23	2.05e-14	6.87e-09	4.58e-07	4.80e-06	1.20e-03	4.30e-02	3.48e-01	5.21e-01	7.75e-02	8.52e-03	5.00e-04	1.03e-04	1.38e-05	1.25e-07	0.00e+00
 2.12182e+23	2.57e-14	8.56e-09	5.63e-07	5.82e-06	1.38e-03	4.67e-02	3.60e-01	5.13e-01	7.17e-02	7.60e-03	4.30e-04	8.76e-05	1.12e-05	0.00e+00	0.00e+00
 2.13251e+23	3.07e-14	1.02e-08	6.61e-07	6.72e-06	1.53e-03	4.97e-02	3.68e-01	5.05e-01	6.76e-02	6.98e-03	3.84e-04	7.72e-05	9.52e-06	0.00e+00	0.00e+00
 2.14339e+23	3.86e-14	1.27e-08	8.16e-07	8.18e-06	1.76e-03	5.39e-02	3.80e-01	4.96e-01	6.22e-02	6.20e-03	3.29e-04	6.50e-05	7.67e-06	0.00e+00	0.00e+00
 2.15445e+23	4.64e-14	1.51e-08	9.60e-07	9.47e-06	1.95e-03	5.74e-02	3.89e-01	4.88e-01	5.85e-02	5.68e-03	2.93e-04	5.70e-05	6.51e-06	0.00e+00	0.00e+00
 2.16573e+23	5.85e-14	1.89e-08	1.19e-06	1.16e-05	2.24e-03	6.23e-02	4.00e-01	4.76e-01	5.36e-02	5.03e-03	2.50e-04	4.78e-05	5.21e-06	0.00e+00	0.00e+00
 2.17726e+23	7.07e-14	2.26e-08	1.41e-06	1.34e-05	2.49e-03	6.63e-02	4.09e-01	4.67e-01	5.02e-02	4.58e-03	2.21e-04	4.17e-05	4.40e-06	0.00e+00	0.00e+00
 2.18910e+23	8.97e-14	2.84e-08	1.75e-06	1.65e-05	2.87e-03	7.20e-02	4.20e-01	4.55e-01	4.57e-02	4.04e-03	1.87e-04	3.47e-05	3.49e-06	0.00e+00	0.00e+00
 2.20126e+23	1.09e-13	3.42e-08	2.08e-06	1.93e-05	3.21e-03	7.68e-02	4.29e-01	4.45e-01	4.25e-02	3.65e-03	1.64e-04	3.00e-05	2.91e-06	0.00e+00	0.00e+00
 2.21381e+23	1.40e-13	4.33e-08	2.61e-06	2.38e-05	3.71e-03	8.35e-02	4.40e-01	4.31e-01	3.85e-02	3.20e-03	1.38e-04	2.47e-05	2.28e-06	0.00e+00	0.00e+00
 2.22653e+23	1.72e-13	5.22e-08	3.12e-06	2.80e-05	4.15e-03	8.90e-02	4.48e-01	4.20e-01	3.56e-02	2.89e-03	1.21e-04	2.13e-05	1.90e-06	0.00e+00	0.00e+00
 2.23949e+23	2.21e-13	6.62e-08	3.92e-06	3.46e-05	4.80e-03	9.66e-02	4.59e-01	4.05e-01	3.21e-02	2.52e-03	1.01e-04	1.75e-05	1.48e-06	0.00e+00	0.00e+00
 2.25260e+23	2.69e-13	8.00e-08	4.68e-06	4.06e-05	5.36e-03	1.03e-01	4.66e-01	3.93e-01	2.97e-02	2.27e-03	8.79e-05	1.50e-05	1.22e-06	0.00e+00	0.00e+00
 2.26591e+23	3.48e-13	1.02e-07	5.89e-06	5.03e-05	6.21e-03	1.11e-01	4.76e-01	3.78e-01	2.66e-02	1.97e-03	7.31e-05	1.23e-05	9.49e-07	0.00e+00	0.00e+00
 2.27941e+23	4.31e-13	1.23e-07	7.05e-06	5.91e-05	6.93e-03	1.18e-01	4.82e-01	3.66e-01	2.44e-02	1.77e-03	6.35e-05	1.05e-05	7.82e-07	0.00e+00	0.00e+00
 2.29126e+23	5.28e-13	1.48e-07	8.40e-06	6.93e-05	7.73e-03	1.26e-01	4.89e-01	3.54e-01	2.24e-02	1.59e-03	5.51e-05	8.99e-06	6.44e-07	0.00e+00	0.00e+00
 2.30477e+23	6.85e-13	1.87e-07	1.05e-05	8.56e-05	8.92e-03	1.36e-01	4.96e-01	3.38e-01	2.00e-02	1.38e-03	4.56e-05	7.32e-06	4.98e-07	0.00e+00	0.00e+00
 2.31839e+23	8.46e-13	2.25e-07	1.26e-05	1.00e-04	9.93e-03	1.44e-01	5.01e-01	3.26e-01	1.83e-02	1.24e-03	3.96e-05	6.26e-06	4.09e-07	0.00e+00	0.00e+00
 2.32959e+23	1.01e-12	2.64e-07	1.46e-05	1.15e-04	1.09e-02	1.51e-01	5.05e-01	3.15e-01	1.69e-02	1.12e-03	3.48e-05	5.45e-06	3.44e-07	0.00e+00	0.00e+00
 2.34159e+23	1.27e-12	3.23e-07	1.77e-05	1.37e-04	1.22e-02	1.60e-01	5.09e-01	3.02e-01	1.53e-02	9.94e-04	2.97e-05	4.58e-06	2.77e-07	0.00e+00	0.00e+00
 2.35386e+23	1.55e-12	3.82e-07	2.08e-05	1.59e-04	1.35e-02	1.69e-01	5.12e-01	2.91e-01	1.41e-02	8.96e-04	2.59e-05	3.95e-06	2.30e-07	0.00e+00	0.00e+00
 2.36477e+23	1.86e-12	4.49e-07	2.42e-05	1.83e-04	1.48e-02	1.77e-01	5.14e-01	2.80e-01	1.30e-02	8.10e-04	2.27e-05	3.42e-06	1.92e-07	0.00e+00	0.00e+00
 2.37726e+23	2.35e-12	5.50e-07	2.94e-05	2.17e-04	1.66e-02	1.88e-01	5.16e-01	2.67e-01	1.17e-02	7.14e-04	1.92e-05	2.86e-06	1.53e-07	0.00e+00	0.00e+00
 2.39023e+23	2.89e-12	6.56e-07	3.48e-05	2.54e-04	1.84e-02	1.98e-01	5.18e-01	2.55e-01	1.06e-02	6.36e-04	1.65e-05	2.42e-06	1.25e-07	0.00e+00	0.00e+00
 2.40181e+23	3.52e-12	7.75e-07	4.07e-05	2.93e-04	2.02e-02	2.07e-01	5.18e-01	2.44e-01	9.67e-03	5.72e-04	1.44e-05	2.09e-06	0.00e+00	0.00e+00	0.00e+00
 2.41484e+23	4.48e-12	9.53e-07	4.95e-05	3.49e-04	2.27e-02	2.19e-01	5.18e-01	2.31e-01	8.64e-03	5.01e-04	1.21e-05	1.73e-06	0.00e+00	0.00e+00	0.00e+00
 2.42846e+23	5.53e-12	1.14e-06	5.90e-05	4.11e-04	2.52e-02	2.30e-01	5.17e-01	2.19e-01	7.77e-03	4.43e-04	1.03e-05	1.46e-06	0.00e+00	0.00e+00	0.00e+00
 2.44074e+23	6.79e-12	1.36e-06	6.93e-05	4.75e-04	2.77e-02	2.40e-01	5.15e-01	2.09e-01	7.05e-03	3.96e-04	8.84e-06	1.24e-06	0.00e+00	0.00e+00	0.00e+00
 2.45461e+23	8.71e-12	1.68e-06	8.49e-05	5.70e-04	3.11e-02	2.53e-01	5.12e-01	1.96e-01	6.23e-03	3.43e-04	7.33e-06	1.02e-06	0.00e+00	0.00e+00	0.00e+00
 2.46894e+23	1.08e-11	2.03e-06	1.01e-04	6.72e-04	3.45e-02	2.66e-01	5.09e-01	1.85e-01	5.55e-03	3.01e-04	6.17e-06	8.47e-07	0.00e+00	0.00e+00	0.00e+00
 2.48171e+23	1.33e-11	2.41e-06	1.19e-04	7.78e-04	3.79e-02	2.77e-01	5.05e-01	1.75e-01	5.00e-03	2.67e-04	5.27e-06	7.17e-07	0.00e+00	0.00e+00	0.00e+00
 2.49615e+23	1.70e-11	3.00e-06	1.47e-04	9.35e-04	4.26e-02	2.91e-01	4.98e-01	1.62e-01	4.37e-03	2.29e-04	4.32e-06	5.80e-07	0.00e+00	0.00e+00	0.00e+00
 2.51116e+23	2.13e-11	3.64e-06	1.76e-04	1.10e-03	4.72e-02	3.04e-01	4.92e-01	1.52e-01	3.86e-03	1.99e-04	3.60e-06	4.79e-07	0.00e+00	0.00e+00	0.00e+00
 2.52467e+23	2.61e-11	4.35e-06	2.08e-04	1.28e-03	5.18e-02	3.16e-01	4.85e-01	1.42e-01	3.44e-03	1.75e-04	3.04e-06	4.00e-07	0.00e+00	0.00e+00	0.00e+00
 2.53998e+23	3.39e-11	5.47e-06	2.58e-04	1.56e-03	5.84e-02	3.31e-01	4.75e-01	1.31e-01	2.96e-03	1.48e-04	2.44e-06	3.18e-07	0.00e+00	0.00e+00	0.00e+00
 2.55577e+23	4.20e-11	6.64e-06	3.09e-04	1.83e-03	6.45e-02	3.44e-01	4.66e-01	1.21e-01	2.59e-03	1.28e-04	2.02e-06	2.60e-07	0.00e+00	0.00e+00	0.00e+00
 2.57000e+23	5.17e-11	7.99e-06	3.68e-04	2.15e-03	7.08e-02	3.56e-01	4.56e-01	1.12e-01	2.28e-03	1.11e-04	1.67e-06	2.14e-07	0.00e+00	0.00e+00	0.00e+00
 2.58631e+23	6.75e-11	1.01e-05	4.59e-04	2.62e-03	7.98e-02	3.71e-01	4.42e-01	1.02e-01	1.93e-03	9.23e-05	1.32e-06	1.67e-07	0.00e+00	0.00e+00	0.00e+00
 2.60283e+23	8.29e-11	1.23e-05	5.49e-04	3.09e-03	8.79e-02	3.83e-01	4.30e-01	9.35e-02	1.67e-03	7.89e-05	1.07e-06	1.35e-07	0.00e+00	0.00e+00	0.00e+00
 2.61743e+23	1.02e-10	1.48e-05	6.53e-04	3.60e-03	9.61e-02	3.94e-01	4.18e-01	8.60e-02	1.46e-03	6.79e-05	8.85e-07	0.00e+00	0.00e+00	0.00e+00	0.00e+00
 2.63422e+23	1.33e-10	1.88e-05	8.15e-04	4.40e-03	1.08e-01	4.08e-01	4.01e-01	7.68e-02	1.21e-03	5.57e-05	6.84e-07	0.00e+00	0.00e+00	0.00e+00	0.00e+00
 2.65122e+23	1.63e-10	2.28e-05	9.72e-04	5.16e-03	1.18e-01	4.18e-01	3.86e-01	6.99e-02	1.04e-03	4.72e-05	5.53e-07	0.00e+00	0.00e+00	0.00e+00	0.00e+00
 2.66847e+23	2.13e-10	2.90e-05	1.21e-03	6.27e-03	1.32e-01	4.30e-01	3.68e-01	6.20e-02	8.64e-04	3.85e-05	4.25e-07	0.00e+00	0.00e+00	0.00e+00	0.00e+00
 2.68609e+23	2.64e-10	3.54e-05	1.45e-03	7.38e-03	1.44e-01	4.39e-01	3.52e-01	5.58e-02	7.34e-04	3.23e-05	3.39e-07	0.00e+00	0.00e+00	0.00e+00	0.00e+00
 2.70178e+23	3.24e-10	4.29e-05	1.73e-03	8.64e-03	1.57e-01	4.46e-01	3.36e-01	5.01e-02	6.23e-04	2.71e-05	2.71e-07	0.00e+00	0.00e+00	0.00e+00	0.00e+00
 2.71978e+23	4.25e-10	5.50e-05	2.16e-03	1.05e-02	1.74e-01	4.54e-01	3.15e-01	4.36e-02	5.06e-04	2.16e-05	2.03e-07	0.00e+00	0.00e+00	0.00e+00	0.00e+00
 2.73807e+23	5.27e-10	6.71e-05	2.58e-03	1.23e-02	1.89e-01	4.59e-01	2.98e-01	3.88e-02	4.25e-04	1.79e-05	1.60e-07	0.00e+00	0.00e+00	0.00e+00	0.00e+00
 2.75674e+23	6.94e-10	8.65e-05	3.24e-03	1.50e-02	2.09e-01	4.63e-01	2.76e-01	3.32e-02	3.38e-04	1.40e-05	1.17e-07	0.00e+00	0.00e+00	0.00e+00	0.00e+00
 2.77498e+23	8.48e-10	1.04e-04	3.81e-03	1.73e-02	2.25e-01	4.64e-01	2.60e-01	2.95e-02	2.85e-04	1.17e-05	0.00e+00	0.00e+00	0.00e+00	0.00e+00	0.00e+00
 2.79266e+23	1.09e-09	1.32e-04	4.68e-03	2.08e-02	2.46e-01	4.64e-01	2.39e-01	2.52e-02	2.28e-04	9.16e-06	0.00e+00	0.00e+00	0.00e+00	0.00e+00	0.00e+00
 2.80976e+23	1.32e-09	1.56e-04	5.43e-03	2.36e-02	2.61e-01	4.63e-01	2.25e-01	2.25e-02	1.94e-04	7.71e-06	0.00e+00	0.00e+00	0.00e+00	0.00e+00	0.00e+00
 2.82612e+23	1.67e-09	1.94e-04	6.53e-03	2.77e-02	2.81e-01	4.59e-01	2.07e-01	1.93e-02	1.57e-04	6.14e-06	0.00e+00	0.00e+00	0.00e+00	0.00e+00	0.00e+00
 2.84270e+23	2.02e-09	2.31e-04	7.57e-03	3.14e-02	2.97e-01	4.54e-01	1.93e-01	1.70e-02	1.32e-04	5.09e-06	0.00e+00	0.00e+00	0.00e+00	0.00e+00	0.00e+00
 2.85957e+23	2.57e-09	2.87e-04	9.11e-03	3.67e-02	3.18e-01	4.46e-01	1.75e-01	1.44e-02	1.06e-04	4.01e-06	0.00e+00	0.00e+00	0.00e+00	0.00e+00	0.00e+00
 2.87664e+23	3.13e-09	3.43e-04	1.06e-02	4.15e-02	3.35e-01	4.39e-01	1.61e-01	1.26e-02	8.79e-05	3.28e-06	0.00e+00	0.00e+00	0.00e+00	0.00e+00	0.00e+00
 2.89394e+23	4.00e-09	4.28e-04	1.27e-02	4.83e-02	3.56e-01	4.27e-01	1.45e-01	1.05e-02	6.95e-05	2.54e-06	0.00e+00	0.00e+00	0.00e+00	0.00e+00	0.00e+00
 2.91142e+23	4.89e-09	5.12e-04	1.47e-02	5.45e-02	3.73e-01	4.16e-01	1.32e-01	9.08e-03	5.71e-05	2.06e-06	0.00e+00	0.00e+00	0.00e+00	0.00e+00	0.00e+00
 2.92679e+23	5.94e-09	6.09e-04	1.69e-02	6.12e-02	3.88e-01	4.04e-01	1.21e-01	7.82e-03	4.71e-05	1.67e-06	0.00e+00	0.00e+00	0.00e+00	0.00e+00	0.00e+00
 2.94442e+23	7.62e-09	7.60e-04	2.02e-02	7.05e-02	4.08e-01	3.88e-01	1.07e-01	6.43e-03	3.66e-05	1.27e-06	0.00e+00	0.00e+00	0.00e+00	0.00e+00	0.00e+00
 2.96233e+23	9.33e-09	9.10e-04	2.32e-02	7.91e-02	4.23e-01	3.73e-01	9.57e-02	5.44e-03	2.96e-05	1.01e-06	0.00e+00	0.00e+00	0.00e+00	0.00e+00	0.00e+00
