#depth	C	C+	C+2	C+3	C+4	C+5	C+6	C[1]	C[2]	C[3]	C+[1]	C+[2]	CO
 1.54284e+22	5.33e-30	2.67e-22	1.19e-16	6.33e-12	3.21e-07	9.04e-04	9.99e-01	0.00e+00	0.00e+00	0.00e+00	0.00e+00	0.00e+00	2.71e-89
 3.58159e+22	3.82e-29	1.40e-21	4.59e-16	1.80e-11	6.41e-07	1.26e-03	9.99e-01	0.00e+00	0.00e+00	0.00e+00	0.00e+00	0.00e+00	4.92e-91
 4.44098e+22	1.57e-28	4.55e-21	1.20e-15	3.80e-11	1.05e-06	1.59e-03	9.98e-01	0.00e+00	0.00e+00	0.00e+00	0.00e+00	0.00e+00	2.42e-79
 5.09522e+22	4.82e-28	1.16e-20	2.56e-15	6.85e-11	1.56e-06	1.93e-03	9.98e-01	0.00e+00	0.00e+00	0.00e+00	0.00e+00	0.00e+00	3.98e-78
 5.45868e+22	6.44e-28	1.48e-20	3.11e-15	7.96e-11	1.73e-06	2.03e-03	9.98e-01	0.00e+00	0.00e+00	0.00e+00	0.00e+00	0.00e+00	8.17e-78
 5.57622e+22	7.66e-28	1.71e-20	3.49e-15	8.71e-11	1.84e-06	2.09e-03	9.98e-01	0.00e+00	0.00e+00	0.00e+00	0.00e+00	0.00e+00	1.26e-77
 5.67937e+22	9.55e-28	2.06e-20	4.06e-15	9.80e-11	1.99e-06	2.17e-03	9.98e-01	0.00e+00	0.00e+00	0.00e+00	0.00e+00	0.00e+00	2.18e-77
 5.78832e+22	1.16e-27	2.42e-20	4.62e-15	1.08e-10	2.13e-06	2.24e-03	9.98e-01	0.00e+00	0.00e+00	0.00e+00	0.00e+00	0.00e+00	3.55e-77
 5.88940e+22	1.42e-27	2.85e-20	5.27e-15	1.20e-10	2.28e-06	2.32e-03	9.98e-01	0.00e+00	0.00e+00	0.00e+00	0.00e+00	0.00e+00	5.84e-77
 6.00538e+22	1.79e-27	3.47e-20	6.17e-15	1.35e-10	2.48e-06	2.41e-03	9.98e-01	0.00e+00	0.00e+00	0.00e+00	0.00e+00	0.00e+00	1.05e-76
 6.12089e+22	2.21e-27	4.12e-20	7.08e-15	1.50e-10	2.66e-06	2.50e-03	9.97e-01	0.00e+00	0.00e+00	0.00e+00	0.00e+00	0.00e+00	1.78e-76
 6.21453e+22	2.65e-27	4.78e-20	7.97e-15	1.64e-10	2.84e-06	2.58e-03	9.97e-01	0.00e+00	0.00e+00	0.00e+00	0.00e+00	0.00e+00	2.79e-76
 6.31499e+22	3.26e-27	5.68e-20	9.15e-15	1.83e-10	3.05e-06	2.68e-03	9.97e-01	0.00e+00	0.00e+00	0.00e+00	0.00e+00	0.00e+00	4.70e-76
 6.42382e+22	4.01e-27	6.74e-20	1.05e-14	2.02e-10	3.27e-06	2.78e-03	9.97e-01	0.00e+00	0.00e+00	0.00e+00	0.00e+00	0.00e+00	7.92e-76
 6.52435e+22	4.84e-27	7.88e-20	1.19e-14	2.23e-10	3.50e-06	2.87e-03	9.97e-01	0.00e+00	0.00e+00	0.00e+00	0.00e+00	0.00e+00	1.27e-75
 6.63584e+22	6.12e-27	9.54e-20	1.38e-14	2.50e-10	3.79e-06	2.99e-03	9.97e-01	0.00e+00	0.00e+00	0.00e+00	0.00e+00	0.00e+00	2.29e-75
 6.74662e+22	7.49e-27	1.13e-19	1.58e-14	2.76e-10	4.06e-06	3.10e-03	9.97e-01	0.00e+00	0.00e+00	0.00e+00	0.00e+00	0.00e+00	3.82e-75
 6.83706e+22	8.93e-27	1.30e-19	1.77e-14	3.01e-10	4.31e-06	3.20e-03	9.97e-01	0.00e+00	0.00e+00	0.00e+00	0.00e+00	0.00e+00	5.94e-75
 6.93523e+22	1.10e-26	1.55e-19	2.02e-14	3.33e-10	4.63e-06	3.32e-03	9.97e-01	0.00e+00	0.00e+00	0.00e+00	0.00e+00	0.00e+00	1.01e-74
 7.03971e+22	1.34e-26	1.81e-19	2.29e-14	3.66e-10	4.95e-06	3.44e-03	9.97e-01	0.00e+00	0.00e+00	0.00e+00	0.00e+00	0.00e+00	1.65e-74
 7.13750e+22	1.63e-26	2.12e-19	2.59e-14	4.01e-10	5.28e-06	3.56e-03	9.96e-01	0.00e+00	0.00e+00	0.00e+00	0.00e+00	0.00e+00	2.71e-74
 7.23480e+22	1.97e-26	2.48e-19	2.93e-14	4.40e-10	5.64e-06	3.69e-03	9.96e-01	0.00e+00	0.00e+00	0.00e+00	0.00e+00	0.00e+00	4.43e-74
 7.32847e+22	2.38e-26	2.89e-19	3.30e-14	4.79e-10	5.99e-06	3.81e-03	9.96e-01	0.00e+00	0.00e+00	0.00e+00	0.00e+00	0.00e+00	7.11e-74
 7.41809e+22	2.84e-26	3.33e-19	3.69e-14	5.21e-10	6.36e-06	3.94e-03	9.96e-01	0.00e+00	0.00e+00	0.00e+00	0.00e+00	0.00e+00	1.12e-73
 7.52037e+22	3.54e-26	3.98e-19	4.23e-14	5.76e-10	6.84e-06	4.10e-03	9.96e-01	0.00e+00	0.00e+00	0.00e+00	0.00e+00	0.00e+00	1.97e-73
 7.62585e+22	4.34e-26	4.69e-19	4.80e-14	6.32e-10	7.32e-06	4.25e-03	9.96e-01	0.00e+00	0.00e+00	0.00e+00	0.00e+00	0.00e+00	3.32e-73
 7.71684e+22	5.22e-26	5.44e-19	5.39e-14	6.86e-10	7.77e-06	4.40e-03	9.96e-01	0.00e+00	0.00e+00	0.00e+00	0.00e+00	0.00e+00	5.32e-73
 7.81648e+22	6.54e-26	6.53e-19	6.19e-14	7.58e-10	8.36e-06	4.58e-03	9.95e-01	0.00e+00	0.00e+00	0.00e+00	0.00e+00	0.00e+00	9.53e-73
 7.91565e+22	7.85e-26	7.56e-19	6.92e-14	8.22e-10	8.88e-06	4.74e-03	9.95e-01	0.00e+00	0.00e+00	0.00e+00	0.00e+00	0.00e+00	1.52e-72
 8.00021e+22	9.39e-26	8.71e-19	7.71e-14	8.87e-10	9.39e-06	4.90e-03	9.95e-01	0.00e+00	0.00e+00	0.00e+00	0.00e+00	0.00e+00	2.42e-72
 8.09615e+22	1.16e-25	1.03e-18	8.77e-14	9.73e-10	1.01e-05	5.09e-03	9.95e-01	0.00e+00	0.00e+00	0.00e+00	0.00e+00	0.00e+00	4.17e-72
 8.19682e+22	1.42e-25	1.21e-18	9.91e-14	1.06e-09	1.07e-05	5.30e-03	9.95e-01	0.00e+00	0.00e+00	0.00e+00	0.00e+00	0.00e+00	7.14e-72
 8.28370e+22	1.69e-25	1.39e-18	1.10e-13	1.14e-09	1.13e-05	5.47e-03	9.95e-01	0.00e+00	0.00e+00	0.00e+00	0.00e+00	0.00e+00	1.12e-71
 8.37669e+22	2.10e-25	1.65e-18	1.25e-13	1.25e-09	1.21e-05	5.69e-03	9.94e-01	0.00e+00	0.00e+00	0.00e+00	0.00e+00	0.00e+00	1.97e-71
 8.47431e+22	2.56e-25	1.93e-18	1.40e-13	1.35e-09	1.29e-05	5.91e-03	9.94e-01	0.00e+00	0.00e+00	0.00e+00	0.00e+00	0.00e+00	3.31e-71
 8.55938e+22	3.05e-25	2.22e-18	1.56e-13	1.45e-09	1.36e-05	6.11e-03	9.94e-01	0.00e+00	0.00e+00	0.00e+00	0.00e+00	0.00e+00	5.23e-71
 8.65140e+22	3.78e-25	2.62e-18	1.77e-13	1.58e-09	1.46e-05	6.36e-03	9.94e-01	0.00e+00	0.00e+00	0.00e+00	0.00e+00	0.00e+00	9.23e-71
 8.74547e+22	4.57e-25	3.04e-18	1.97e-13	1.70e-09	1.54e-05	6.60e-03	9.93e-01	0.00e+00	0.00e+00	0.00e+00	0.00e+00	0.00e+00	1.53e-70
 8.82703e+22	5.43e-25	3.49e-18	2.18e-13	1.82e-09	1.63e-05	6.82e-03	9.93e-01	0.00e+00	0.00e+00	0.00e+00	0.00e+00	0.00e+00	2.40e-70
 8.91790e+22	6.73e-25	4.13e-18	2.47e-13	1.98e-09	1.74e-05	7.10e-03	9.93e-01	0.00e+00	0.00e+00	0.00e+00	0.00e+00	0.00e+00	4.26e-70
 9.01219e+22	8.17e-25	4.80e-18	2.76e-13	2.13e-09	1.85e-05	7.37e-03	9.93e-01	0.00e+00	0.00e+00	0.00e+00	0.00e+00	0.00e+00	7.15e-70
 9.09319e+22	9.68e-25	5.48e-18	3.05e-13	2.28e-09	1.95e-05	7.62e-03	9.92e-01	0.00e+00	0.00e+00	0.00e+00	0.00e+00	0.00e+00	1.13e-69
 9.18078e+22	1.20e-24	6.47e-18	3.44e-13	2.47e-09	2.07e-05	7.94e-03	9.92e-01	0.00e+00	0.00e+00	0.00e+00	0.00e+00	0.00e+00	2.00e-69
 9.27100e+22	1.43e-24	7.45e-18	3.82e-13	2.64e-09	2.19e-05	8.21e-03	9.92e-01	0.00e+00	0.00e+00	0.00e+00	0.00e+00	0.00e+00	3.23e-69
 9.35165e+22	1.72e-24	8.57e-18	4.22e-13	2.82e-09	2.32e-05	8.51e-03	9.91e-01	0.00e+00	0.00e+00	0.00e+00	0.00e+00	0.00e+00	5.28e-69
 9.43028e+22	2.04e-24	9.79e-18	4.66e-13	3.01e-09	2.44e-05	8.79e-03	9.91e-01	0.00e+00	0.00e+00	0.00e+00	0.00e+00	0.00e+00	8.36e-69
 9.51928e+22	2.53e-24	1.16e-17	5.26e-13	3.26e-09	2.60e-05	9.17e-03	9.91e-01	0.00e+00	0.00e+00	0.00e+00	0.00e+00	0.00e+00	1.50e-68
 9.61091e+22	3.08e-24	1.34e-17	5.86e-13	3.49e-09	2.76e-05	9.52e-03	9.90e-01	0.00e+00	0.00e+00	0.00e+00	0.00e+00	0.00e+00	2.54e-68
 9.69096e+22	3.67e-24	1.54e-17	6.48e-13	3.72e-09	2.91e-05	9.85e-03	9.90e-01	0.00e+00	0.00e+00	0.00e+00	0.00e+00	0.00e+00	4.12e-68
 9.78004e+22	4.58e-24	1.83e-17	7.33e-13	4.03e-09	3.11e-05	1.03e-02	9.90e-01	0.00e+00	0.00e+00	0.00e+00	0.00e+00	0.00e+00	7.50e-68
 9.87112e+22	5.55e-24	2.12e-17	8.15e-13	4.31e-09	3.29e-05	1.07e-02	9.89e-01	0.00e+00	0.00e+00	0.00e+00	0.00e+00	0.00e+00	1.27e-67
 9.95094e+22	6.62e-24	2.43e-17	9.00e-13	4.59e-09	3.47e-05	1.10e-02	9.89e-01	0.00e+00	0.00e+00	0.00e+00	0.00e+00	0.00e+00	2.06e-67
 1.00408e+23	8.36e-24	2.91e-17	1.02e-12	4.97e-09	3.72e-05	1.16e-02	9.88e-01	0.00e+00	0.00e+00	0.00e+00	0.00e+00	0.00e+00	3.91e-67
 1.01297e+23	9.98e-24	3.33e-17	1.13e-12	5.30e-09	3.93e-05	1.20e-02	9.88e-01	0.00e+00	0.00e+00	0.00e+00	0.00e+00	0.00e+00	6.34e-67
 1.02053e+23	1.19e-23	3.83e-17	1.25e-12	5.62e-09	4.14e-05	1.24e-02	9.88e-01	0.00e+00	0.00e+00	0.00e+00	0.00e+00	0.00e+00	1.04e-66
 1.02794e+23	1.42e-23	4.37e-17	1.37e-12	5.96e-09	4.36e-05	1.28e-02	9.87e-01	0.00e+00	0.00e+00	0.00e+00	0.00e+00	0.00e+00	1.68e-66
 1.03637e+23	1.76e-23	5.17e-17	1.54e-12	6.41e-09	4.65e-05	1.34e-02	9.87e-01	0.00e+00	0.00e+00	0.00e+00	5.17e-17	5.52e-26	3.08e-66
 1.04438e+23	2.07e-23	5.85e-17	1.69e-12	6.78e-09	4.88e-05	1.38e-02	9.86e-01	0.00e+00	0.00e+00	0.00e+00	5.85e-17	6.78e-24	4.80e-66
 1.05079e+23	2.43e-23	6.60e-17	1.84e-12	7.12e-09	5.11e-05	1.42e-02	9.86e-01	0.00e+00	0.00e+00	0.00e+00	6.60e-17	7.65e-24	7.47e-66
 1.05663e+23	2.79e-23	7.34e-17	1.98e-12	7.45e-09	5.32e-05	1.46e-02	9.85e-01	0.00e+00	0.00e+00	0.00e+00	7.34e-17	8.51e-24	1.10e-65
 1.06197e+23	3.16e-23	8.07e-17	2.12e-12	7.76e-09	5.52e-05	1.49e-02	9.85e-01	0.00e+00	0.00e+00	0.00e+00	8.07e-17	9.35e-24	1.55e-65
 1.06808e+23	3.73e-23	9.16e-17	2.32e-12	8.20e-09	5.80e-05	1.54e-02	9.85e-01	0.00e+00	0.00e+00	0.00e+00	9.16e-17	1.06e-23	2.46e-65
 1.07413e+23	4.29e-23	1.02e-16	2.50e-12	8.56e-09	6.04e-05	1.58e-02	9.84e-01	0.00e+00	0.00e+00	0.00e+00	1.02e-16	1.18e-23	3.63e-65
 1.07916e+23	4.88e-23	1.12e-16	2.68e-12	8.92e-09	6.28e-05	1.62e-02	9.84e-01	0.00e+00	0.00e+00	0.00e+00	1.12e-16	1.30e-23	5.21e-65
 1.08474e+23	5.72e-23	1.27e-16	2.92e-12	9.38e-09	6.58e-05	1.67e-02	9.83e-01	0.00e+00	0.00e+00	0.00e+00	1.27e-16	1.47e-23	8.14e-65
 1.09048e+23	6.54e-23	1.41e-16	3.15e-12	9.80e-09	6.84e-05	1.72e-02	9.83e-01	0.00e+00	0.00e+00	0.00e+00	1.41e-16	1.63e-23	1.18e-64
 1.09544e+23	7.45e-23	1.56e-16	3.38e-12	1.02e-08	7.11e-05	1.76e-02	9.82e-01	0.00e+00	0.00e+00	0.00e+00	1.56e-16	1.80e-23	1.69e-64
 1.10012e+23	8.43e-23	1.71e-16	3.61e-12	1.06e-08	7.37e-05	1.80e-02	9.82e-01	0.00e+00	0.00e+00	0.00e+00	1.71e-16	1.98e-23	2.39e-64
 1.10539e+23	9.85e-23	1.93e-16	3.93e-12	1.11e-08	7.71e-05	1.85e-02	9.81e-01	0.00e+00	0.00e+00	0.00e+00	1.93e-16	2.23e-23	3.69e-64
 1.11080e+23	1.12e-22	2.13e-16	4.22e-12	1.16e-08	8.02e-05	1.90e-02	9.81e-01	0.00e+00	0.00e+00	0.00e+00	2.13e-16	2.47e-23	5.28e-64
 1.11639e+23	1.34e-22	2.44e-16	4.65e-12	1.23e-08	8.44e-05	1.96e-02	9.80e-01	0.00e+00	0.00e+00	0.00e+00	2.44e-16	2.83e-23	8.67e-64
 1.12185e+23	1.53e-22	2.70e-16	4.99e-12	1.28e-08	8.78e-05	2.01e-02	9.80e-01	0.00e+00	0.00e+00	0.00e+00	2.70e-16	3.12e-23	1.24e-63
 1.12627e+23	1.74e-22	2.98e-16	5.35e-12	1.33e-08	9.11e-05	2.06e-02	9.79e-01	0.00e+00	0.00e+00	0.00e+00	2.98e-16	3.45e-23	1.78e-63
 1.13041e+23	1.96e-22	3.27e-16	5.71e-12	1.38e-08	9.43e-05	2.10e-02	9.79e-01	0.00e+00	0.00e+00	0.00e+00	3.27e-16	3.79e-23	2.49e-63
 1.13507e+23	2.28e-22	3.68e-16	6.21e-12	1.45e-08	9.86e-05	2.16e-02	9.78e-01	0.00e+00	0.00e+00	0.00e+00	3.68e-16	4.26e-23	3.78e-63
 1.13988e+23	2.63e-22	4.09e-16	6.70e-12	1.52e-08	1.03e-04	2.22e-02	9.78e-01	0.00e+00	0.00e+00	0.00e+00	4.09e-16	4.74e-23	5.56e-63
 1.14407e+23	2.97e-22	4.50e-16	7.17e-12	1.58e-08	1.06e-04	2.26e-02	9.77e-01	0.00e+00	0.00e+00	0.00e+00	4.50e-16	5.21e-23	7.74e-63
 1.14873e+23	3.53e-22	5.15e-16	7.89e-12	1.66e-08	1.12e-04	2.33e-02	9.77e-01	0.00e+00	0.00e+00	0.00e+00	5.15e-16	5.96e-23	1.25e-62
 1.15340e+23	4.04e-22	5.71e-16	8.50e-12	1.74e-08	1.16e-04	2.39e-02	9.76e-01	0.00e+00	0.00e+00	0.00e+00	5.71e-16	6.62e-23	1.80e-62
 1.15809e+23	4.83e-22	6.56e-16	9.39e-12	1.84e-08	1.22e-04	2.46e-02	9.75e-01	0.00e+00	0.00e+00	0.00e+00	6.56e-16	7.60e-23	2.92e-62
 1.16285e+23	5.60e-22	7.36e-16	1.02e-11	1.93e-08	1.28e-04	2.52e-02	9.75e-01	0.00e+00	0.00e+00	0.00e+00	7.36e-16	8.52e-23	4.35e-62
 1.16694e+23	6.41e-22	8.18e-16	1.10e-11	2.02e-08	1.33e-04	2.58e-02	9.74e-01	0.00e+00	0.00e+00	0.00e+00	8.18e-16	9.47e-23	6.24e-62
 1.17146e+23	7.82e-22	9.55e-16	1.23e-11	2.15e-08	1.40e-04	2.67e-02	9.73e-01	0.00e+00	0.00e+00	0.00e+00	9.55e-16	1.11e-22	1.06e-61
 1.17591e+23	8.95e-22	1.06e-15	1.33e-11	2.25e-08	1.46e-04	2.73e-02	9.73e-01	0.00e+00	0.00e+00	0.00e+00	1.06e-15	1.23e-22	1.52e-61
 1.18026e+23	1.09e-21	1.24e-15	1.49e-11	2.40e-08	1.54e-04	2.81e-02	9.72e-01	0.00e+00	0.00e+00	0.00e+00	1.24e-15	1.44e-22	2.55e-61
 1.18453e+23	1.25e-21	1.39e-15	1.61e-11	2.52e-08	1.61e-04	2.88e-02	9.71e-01	0.00e+00	0.00e+00	0.00e+00	1.39e-15	1.60e-22	3.67e-61
 1.18871e+23	1.53e-21	1.62e-15	1.81e-11	2.69e-08	1.70e-04	2.97e-02	9.70e-01	0.00e+00	0.00e+00	0.00e+00	1.62e-15	1.88e-22	6.18e-61
 1.19291e+23	1.78e-21	1.83e-15	1.97e-11	2.84e-08	1.77e-04	3.03e-02	9.69e-01	0.00e+00	0.00e+00	0.00e+00	1.83e-15	2.11e-22	9.04e-61
 1.19712e+23	2.20e-21	2.17e-15	2.24e-11	3.06e-08	1.88e-04	3.13e-02	9.68e-01	0.00e+00	0.00e+00	0.00e+00	2.17e-15	2.51e-22	1.57e-60
 1.20135e+23	2.58e-21	2.46e-15	2.46e-11	3.24e-08	1.96e-04	3.21e-02	9.68e-01	0.00e+00	0.00e+00	0.00e+00	2.46e-15	2.85e-22	2.35e-60
 1.20558e+23	3.25e-21	2.96e-15	2.82e-11	3.52e-08	2.09e-04	3.32e-02	9.67e-01	0.00e+00	0.00e+00	0.00e+00	2.96e-15	3.43e-22	4.18e-60
 1.20983e+23	3.84e-21	3.38e-15	3.11e-11	3.74e-08	2.19e-04	3.40e-02	9.66e-01	0.00e+00	0.00e+00	0.00e+00	3.38e-15	3.92e-22	6.36e-60
 1.21411e+23	1.86e-24	4.08e-15	3.59e-11	4.08e-08	2.34e-04	3.52e-02	9.65e-01	0.00e+00	0.00e+00	0.00e+00	4.08e-15	4.73e-22	1.69e-60
 1.21835e+23	2.24e-24	4.72e-15	4.00e-11	4.37e-08	2.45e-04	3.61e-02	9.64e-01	0.00e+00	0.00e+00	0.00e+00	4.72e-15	5.47e-22	2.60e-60
 1.22255e+23	2.86e-24	5.73e-15	4.63e-11	4.79e-08	2.62e-04	3.73e-02	9.62e-01	0.00e+00	0.00e+00	0.00e+00	5.73e-15	6.65e-22	4.61e-60
 1.22682e+23	3.48e-24	6.71e-15	5.22e-11	5.16e-08	2.76e-04	3.83e-02	9.61e-01	0.00e+00	0.00e+00	0.00e+00	6.71e-15	7.78e-22	7.31e-60
 1.23118e+23	4.52e-24	8.29e-15	6.13e-11	5.72e-08	2.96e-04	3.97e-02	9.60e-01	0.00e+00	0.00e+00	0.00e+00	8.29e-15	9.62e-22	1.34e-59
 1.23558e+23	5.58e-24	9.81e-15	6.97e-11	6.21e-08	3.13e-04	4.08e-02	9.59e-01	0.00e+00	0.00e+00	0.00e+00	9.81e-15	1.14e-21	2.17e-59
 1.24005e+23	7.36e-24	1.23e-14	8.27e-11	6.93e-08	3.37e-04	4.23e-02	9.57e-01	0.00e+00	0.00e+00	0.00e+00	1.23e-14	1.42e-21	4.10e-59
 1.24454e+23	9.13e-24	1.46e-14	9.45e-11	7.55e-08	3.57e-04	4.35e-02	9.56e-01	0.00e+00	0.00e+00	0.00e+00	1.46e-14	1.70e-21	6.68e-59
 1.24840e+23	1.13e-23	1.74e-14	1.08e-10	8.23e-08	3.77e-04	4.47e-02	9.55e-01	0.00e+00	0.00e+00	0.00e+00	1.74e-14	2.01e-21	1.08e-58
 1.25278e+23	1.49e-23	2.17e-14	1.28e-10	9.20e-08	4.05e-04	4.63e-02	9.53e-01	0.00e+00	0.00e+00	0.00e+00	2.17e-14	2.52e-21	2.00e-58
 1.25717e+23	1.84e-23	2.58e-14	1.47e-10	1.00e-07	4.29e-04	4.76e-02	9.52e-01	0.00e+00	0.00e+00	0.00e+00	2.58e-14	3.00e-21	3.22e-58
 1.26157e+23	2.44e-23	3.25e-14	1.75e-10	1.13e-07	4.62e-04	4.94e-02	9.50e-01	0.00e+00	0.00e+00	0.00e+00	3.25e-14	3.78e-21	6.05e-58
 1.26600e+23	3.00e-23	3.84e-14	1.99e-10	1.23e-07	4.87e-04	5.07e-02	9.49e-01	0.00e+00	0.00e+00	0.00e+00	3.84e-14	4.46e-21	9.54e-58
 1.27048e+23	3.95e-23	4.81e-14	2.37e-10	1.38e-07	5.24e-04	5.25e-02	9.47e-01	0.00e+00	0.00e+00	0.00e+00	4.81e-14	5.59e-21	1.75e-57
 1.27508e+23	4.95e-23	5.78e-14	2.74e-10	1.52e-07	5.56e-04	5.40e-02	9.45e-01	0.00e+00	0.00e+00	0.00e+00	5.78e-14	6.71e-21	2.87e-57
 1.27986e+23	6.62e-23	7.32e-14	3.29e-10	1.71e-07	6.00e-04	5.60e-02	9.43e-01	0.00e+00	0.00e+00	0.00e+00	7.32e-14	8.50e-21	5.41e-57
 1.28473e+23	8.28e-23	8.78e-14	3.79e-10	1.88e-07	6.36e-04	5.76e-02	9.42e-01	0.00e+00	0.00e+00	0.00e+00	8.78e-14	1.02e-20	8.82e-57
 1.28972e+23	1.11e-22	1.11e-13	4.56e-10	2.13e-07	6.87e-04	5.98e-02	9.40e-01	0.00e+00	0.00e+00	0.00e+00	1.11e-13	1.29e-20	1.66e-56
 1.29480e+23	1.39e-22	1.34e-13	5.27e-10	2.35e-07	7.30e-04	6.16e-02	9.38e-01	0.00e+00	0.00e+00	0.00e+00	1.34e-13	1.55e-20	2.71e-56
 1.30000e+23	1.86e-22	1.70e-13	6.35e-10	2.66e-07	7.89e-04	6.39e-02	9.35e-01	0.00e+00	0.00e+00	0.00e+00	1.70e-13	1.97e-20	5.10e-56
 1.30524e+23	2.32e-22	2.03e-13	7.30e-10	2.92e-07	8.37e-04	6.57e-02	9.33e-01	0.00e+00	0.00e+00	0.00e+00	2.03e-13	2.36e-20	8.22e-56
 1.31051e+23	3.07e-22	2.55e-13	8.74e-10	3.30e-07	9.03e-04	6.81e-02	9.31e-01	0.00e+00	0.00e+00	0.00e+00	2.55e-13	2.97e-20	1.51e-55
 1.31593e+23	3.84e-22	3.06e-13	1.01e-09	3.64e-07	9.59e-04	7.01e-02	9.29e-01	0.00e+00	0.00e+00	0.00e+00	3.06e-13	3.56e-20	2.45e-55
 1.32062e+23	4.72e-22	3.62e-13	1.15e-09	3.98e-07	1.01e-03	7.20e-02	9.27e-01	0.00e+00	0.00e+00	0.00e+00	3.62e-13	4.21e-20	3.81e-55
 1.32581e+23	6.14e-22	4.48e-13	1.36e-09	4.46e-07	1.09e-03	7.45e-02	9.24e-01	0.00e+00	0.00e+00	0.00e+00	4.48e-13	5.21e-20	6.68e-55
 1.33107e+23	7.54e-22	5.29e-13	1.55e-09	4.87e-07	1.15e-03	7.65e-02	9.22e-01	0.00e+00	0.00e+00	0.00e+00	5.29e-13	6.16e-20	1.04e-54
 1.33642e+23	9.83e-22	6.55e-13	1.83e-09	5.47e-07	1.24e-03	7.91e-02	9.20e-01	0.00e+00	0.00e+00	0.00e+00	6.55e-13	7.63e-20	1.82e-54
 1.34185e+23	1.20e-21	7.70e-13	2.09e-09	5.97e-07	1.31e-03	8.12e-02	9.17e-01	0.00e+00	0.00e+00	0.00e+00	7.70e-13	8.97e-20	2.80e-54
 1.34662e+23	1.47e-21	9.04e-13	2.37e-09	6.51e-07	1.38e-03	8.33e-02	9.15e-01	0.00e+00	0.00e+00	0.00e+00	9.04e-13	1.05e-19	4.27e-54
 1.35203e+23	1.90e-21	1.12e-12	2.79e-09	7.29e-07	1.48e-03	8.62e-02	9.12e-01	0.00e+00	0.00e+00	0.00e+00	1.12e-12	1.30e-19	7.41e-54
 1.35742e+23	2.28e-21	1.29e-12	3.13e-09	7.90e-07	1.56e-03	8.82e-02	9.10e-01	0.00e+00	0.00e+00	0.00e+00	1.29e-12	1.50e-19	1.09e-53
 1.36278e+23	2.93e-21	1.58e-12	3.67e-09	8.81e-07	1.67e-03	9.11e-02	9.07e-01	0.00e+00	0.00e+00	0.00e+00	1.58e-12	1.84e-19	1.84e-53
 1.36825e+23	3.53e-21	1.83e-12	4.13e-09	9.55e-07	1.75e-03	9.33e-02	9.05e-01	0.00e+00	0.00e+00	0.00e+00	1.83e-12	2.13e-19	2.73e-53
 1.37385e+23	4.54e-21	2.23e-12	4.84e-09	1.07e-06	1.88e-03	9.64e-02	9.02e-01	0.00e+00	0.00e+00	0.00e+00	2.23e-12	2.61e-19	4.63e-53
 1.37955e+23	5.48e-21	2.60e-12	5.45e-09	1.16e-06	1.98e-03	9.88e-02	8.99e-01	0.00e+00	0.00e+00	0.00e+00	2.60e-12	3.03e-19	6.89e-53
 1.38540e+23	7.08e-21	3.18e-12	6.41e-09	1.30e-06	2.13e-03	1.02e-01	8.96e-01	0.00e+00	0.00e+00	0.00e+00	3.18e-12	3.72e-19	1.17e-52
 1.39135e+23	8.57e-21	3.70e-12	7.23e-09	1.41e-06	2.24e-03	1.05e-01	8.93e-01	0.00e+00	0.00e+00	0.00e+00	3.70e-12	4.33e-19	1.75e-52
 1.39744e+23	2.16e-21	4.54e-12	8.50e-09	1.58e-06	2.41e-03	1.08e-01	8.89e-01	0.00e+00	0.00e+00	0.00e+00	4.54e-12	5.31e-19	2.98e-52
 1.40340e+23	2.56e-21	5.18e-12	9.44e-09	1.70e-06	2.52e-03	1.11e-01	8.87e-01	0.00e+00	0.00e+00	0.00e+00	5.18e-12	6.06e-19	4.25e-52
 1.40917e+23	3.29e-21	6.30e-12	1.10e-08	1.89e-06	2.70e-03	1.14e-01	8.83e-01	0.00e+00	0.00e+00	0.00e+00	6.30e-12	7.37e-19	7.06e-52
 1.41504e+23	3.91e-21	7.19e-12	1.23e-08	2.04e-06	2.83e-03	1.17e-01	8.80e-01	0.00e+00	0.00e+00	0.00e+00	7.19e-12	8.42e-19	1.01e-51
 1.42101e+23	4.97e-21	8.67e-12	1.42e-08	2.27e-06	3.02e-03	1.20e-01	8.77e-01	0.00e+00	0.00e+00	0.00e+00	8.67e-12	1.01e-18	1.64e-51
 1.42717e+23	6.04e-21	1.01e-11	1.60e-08	2.46e-06	3.19e-03	1.23e-01	8.73e-01	0.00e+00	0.00e+00	0.00e+00	1.01e-11	1.18e-18	2.44e-51
 1.43357e+23	7.68e-21	1.21e-11	1.86e-08	2.73e-06	3.41e-03	1.27e-01	8.69e-01	0.00e+00	0.00e+00	0.00e+00	1.21e-11	1.42e-18	3.98e-51
 1.44017e+23	9.44e-21	1.42e-11	2.10e-08	2.99e-06	3.60e-03	1.30e-01	8.66e-01	0.00e+00	0.00e+00	0.00e+00	1.42e-11	1.66e-18	6.03e-51
 1.44704e+23	1.21e-20	1.71e-11	2.45e-08	3.33e-06	3.86e-03	1.35e-01	8.62e-01	0.00e+00	0.00e+00	0.00e+00	1.71e-11	2.01e-18	1.00e-50
 1.45410e+23	1.50e-20	2.01e-11	2.79e-08	3.65e-06	4.09e-03	1.38e-01	8.58e-01	0.00e+00	0.00e+00	0.00e+00	2.01e-11	2.37e-18	1.53e-50
 1.46138e+23	1.94e-20	2.45e-11	3.26e-08	4.08e-06	4.39e-03	1.43e-01	8.53e-01	0.00e+00	0.00e+00	0.00e+00	2.45e-11	2.88e-18	2.59e-50
 1.46890e+23	2.41e-20	2.89e-11	3.73e-08	4.49e-06	4.66e-03	1.47e-01	8.49e-01	0.00e+00	0.00e+00	0.00e+00	2.89e-11	3.41e-18	4.03e-50
 1.47672e+23	3.16e-20	3.55e-11	4.39e-08	5.04e-06	5.02e-03	1.52e-01	8.43e-01	0.00e+00	0.00e+00	0.00e+00	3.55e-11	4.18e-18	6.94e-50
 1.48480e+23	3.98e-20	4.23e-11	5.05e-08	5.57e-06	5.34e-03	1.56e-01	8.39e-01	0.00e+00	0.00e+00	0.00e+00	4.23e-11	4.98e-18	1.10e-49
 1.49210e+23	4.96e-20	5.00e-11	5.77e-08	6.13e-06	5.68e-03	1.60e-01	8.34e-01	0.00e+00	0.00e+00	0.00e+00	5.00e-11	5.89e-18	1.73e-49
 1.50048e+23	6.56e-20	6.17e-11	6.84e-08	6.92e-06	6.13e-03	1.66e-01	8.28e-01	0.00e+00	0.00e+00	0.00e+00	6.17e-11	7.29e-18	3.04e-49
 1.50903e+23	8.29e-20	7.37e-11	7.88e-08	7.66e-06	6.54e-03	1.71e-01	8.22e-01	0.00e+00	0.00e+00	0.00e+00	7.37e-11	8.71e-18	4.86e-49
 1.51666e+23	1.03e-19	8.69e-11	9.00e-08	8.43e-06	6.95e-03	1.76e-01	8.17e-01	0.00e+00	0.00e+00	0.00e+00	8.69e-11	1.03e-17	7.58e-49
 1.52543e+23	1.40e-19	1.10e-10	1.08e-07	9.63e-06	7.56e-03	1.82e-01	8.10e-01	0.00e+00	0.00e+00	0.00e+00	1.10e-10	1.30e-17	1.40e-48
 1.53427e+23	1.75e-19	1.30e-10	1.24e-07	1.06e-05	8.03e-03	1.87e-01	8.05e-01	0.00e+00	0.00e+00	0.00e+00	1.30e-10	1.54e-17	2.18e-48
 1.54319e+23	2.38e-19	1.64e-10	1.50e-07	1.21e-05	8.74e-03	1.94e-01	7.97e-01	0.00e+00	0.00e+00	0.00e+00	1.64e-10	1.95e-17	4.05e-48
 1.55222e+23	3.01e-19	1.96e-10	1.73e-07	1.34e-05	9.32e-03	2.00e-01	7.91e-01	0.00e+00	0.00e+00	0.00e+00	1.96e-10	2.33e-17	6.46e-48
 1.56139e+23	4.12e-19	2.49e-10	2.09e-07	1.54e-05	1.01e-02	2.07e-01	7.82e-01	0.00e+00	0.00e+00	0.00e+00	2.49e-10	2.97e-17	1.21e-47
 1.57016e+23	5.10e-19	2.92e-10	2.38e-07	1.69e-05	1.08e-02	2.13e-01	7.77e-01	0.00e+00	0.00e+00	0.00e+00	2.92e-10	3.49e-17	1.84e-47
 1.57841e+23	6.78e-19	3.64e-10	2.84e-07	1.91e-05	1.16e-02	2.20e-01	7.68e-01	0.00e+00	0.00e+00	0.00e+00	3.64e-10	4.35e-17	3.24e-47
 1.58671e+23	8.39e-19	4.29e-10	3.24e-07	2.10e-05	1.23e-02	2.25e-01	7.62e-01	0.00e+00	0.00e+00	0.00e+00	4.29e-10	5.13e-17	4.97e-47
 1.59509e+23	1.13e-18	5.38e-10	3.88e-07	2.39e-05	1.34e-02	2.33e-01	7.53e-01	0.00e+00	0.00e+00	0.00e+00	5.38e-10	6.45e-17	8.85e-47
 1.60355e+23	1.41e-18	6.39e-10	4.46e-07	2.64e-05	1.42e-02	2.39e-01	7.46e-01	0.00e+00	0.00e+00	0.00e+00	6.39e-10	7.67e-17	1.38e-46
 1.61212e+23	1.90e-18	8.07e-10	5.38e-07	3.02e-05	1.54e-02	2.48e-01	7.37e-01	0.00e+00	0.00e+00	0.00e+00	8.07e-10	9.72e-17	2.49e-46
 1.62081e+23	2.40e-18	9.65e-10	6.22e-07	3.34e-05	1.64e-02	2.54e-01	7.29e-01	0.00e+00	0.00e+00	0.00e+00	9.65e-10	1.16e-16	3.93e-46
 1.62964e+23	3.29e-18	1.24e-09	7.58e-07	3.85e-05	1.79e-02	2.64e-01	7.18e-01	0.00e+00	0.00e+00	0.00e+00	1.24e-09	1.49e-16	7.24e-46
 1.63859e+23	4.18e-18	1.49e-09	8.80e-07	4.28e-05	1.92e-02	2.71e-01	7.10e-01	0.00e+00	0.00e+00	0.00e+00	1.49e-09	1.80e-16	1.16e-45
 1.64771e+23	5.77e-18	1.91e-09	1.08e-06	4.95e-05	2.09e-02	2.81e-01	6.98e-01	0.00e+00	0.00e+00	0.00e+00	1.91e-09	2.32e-16	2.15e-45
 1.65703e+23	7.48e-18	2.35e-09	1.27e-06	5.56e-05	2.25e-02	2.89e-01	6.89e-01	0.00e+00	0.00e+00	0.00e+00	2.35e-09	2.85e-16	3.55e-45
 1.66663e+23	1.05e-17	3.06e-09	1.58e-06	6.49e-05	2.47e-02	3.00e-01	6.76e-01	0.00e+00	0.00e+00	0.00e+00	3.06e-09	3.74e-16	6.79e-45
 1.67636e+23	1.37e-17	3.78e-09	1.87e-06	7.33e-05	2.66e-02	3.08e-01	6.65e-01	0.00e+00	0.00e+00	0.00e+00	3.78e-09	4.63e-16	1.13e-44
 1.68594e+23	1.91e-17	4.91e-09	2.31e-06	8.53e-05	2.92e-02	3.19e-01	6.51e-01	0.00e+00	0.00e+00	0.00e+00	4.91e-09	6.03e-16	2.11e-44
 1.69509e+23	2.42e-17	5.93e-09	2.69e-06	9.52e-05	3.12e-02	3.28e-01	6.41e-01	0.00e+00	0.00e+00	0.00e+00	5.93e-09	7.29e-16	3.30e-44
 1.70401e+23	3.32e-17	7.60e-09	3.30e-06	1.10e-04	3.40e-02	3.38e-01	6.27e-01	0.00e+00	0.00e+00	0.00e+00	7.60e-09	9.39e-16	5.91e-44
 1.71308e+23	4.25e-17	9.26e-09	3.88e-06	1.24e-04	3.65e-02	3.47e-01	6.16e-01	0.00e+00	0.00e+00	0.00e+00	9.26e-09	1.15e-15	9.36e-44
 1.72192e+23	5.70e-17	1.17e-08	4.70e-06	1.42e-04	3.97e-02	3.58e-01	6.03e-01	5.70e-17	9.24e-23	2.21e-23	1.17e-08	1.45e-15	1.60e-43
 1.73095e+23	7.37e-17	1.43e-08	5.56e-06	1.61e-04	4.27e-02	3.67e-01	5.90e-01	7.37e-17	2.44e-21	3.83e-22	1.43e-08	1.79e-15	2.56e-43
 1.73976e+23	9.69e-17	1.79e-08	6.67e-06	1.83e-04	4.61e-02	3.77e-01	5.77e-01	9.69e-17	3.21e-21	5.05e-22	1.79e-08	2.24e-15	4.19e-43
 1.74873e+23	1.26e-16	2.20e-08	7.92e-06	2.08e-04	4.97e-02	3.87e-01	5.63e-01	1.26e-16	4.17e-21	6.55e-22	2.20e-08	2.76e-15	6.67e-43
 1.75765e+23	1.63e-16	2.71e-08	9.45e-06	2.37e-04	5.36e-02	3.97e-01	5.50e-01	1.63e-16	5.43e-21	8.54e-22	2.71e-08	3.42e-15	1.06e-42
 1.76660e+23	2.11e-16	3.32e-08	1.12e-05	2.68e-04	5.77e-02	4.06e-01	5.36e-01	2.11e-16	7.02e-21	1.11e-21	3.32e-08	4.22e-15	1.66e-42
 1.77546e+23	2.71e-16	4.05e-08	1.33e-05	3.04e-04	6.21e-02	4.16e-01	5.22e-01	2.71e-16	9.03e-21	1.42e-21	4.05e-08	5.17e-15	2.56e-42
 1.78431e+23	3.47e-16	4.92e-08	1.57e-05	3.44e-04	6.67e-02	4.25e-01	5.08e-01	3.47e-16	1.16e-20	1.82e-21	4.92e-08	6.32e-15	3.91e-42
 1.79317e+23	4.42e-16	5.96e-08	1.85e-05	3.89e-04	7.16e-02	4.34e-01	4.94e-01	4.42e-16	1.48e-20	2.33e-21	5.96e-08	7.71e-15	5.91e-42
 1.80207e+23	5.62e-16	7.20e-08	2.17e-05	4.39e-04	7.68e-02	4.43e-01	4.80e-01	5.62e-16	1.88e-20	2.97e-21	7.20e-08	9.37e-15	8.83e-42
 1.81105e+23	7.14e-16	8.68e-08	2.55e-05	4.95e-04	8.23e-02	4.51e-01	4.66e-01	7.14e-16	2.39e-20	3.78e-21	8.68e-08	1.14e-14	1.31e-41
 1.82011e+23	9.04e-16	1.04e-07	3.00e-05	5.59e-04	8.81e-02	4.60e-01	4.52e-01	9.04e-16	3.03e-20	4.80e-21	1.04e-07	1.37e-14	1.92e-41
 1.82928e+23	1.14e-15	1.25e-07	3.51e-05	6.30e-04	9.43e-02	4.68e-01	4.37e-01	1.14e-15	3.85e-20	6.09e-21	1.25e-07	1.66e-14	2.81e-41
 1.83850e+23	1.44e-15	1.49e-07	4.11e-05	7.09e-04	1.01e-01	4.75e-01	4.23e-01	1.44e-15	4.85e-20	7.69e-21	1.49e-07	1.99e-14	4.05e-41
 1.84788e+23	1.82e-15	1.78e-07	4.81e-05	8.00e-04	1.08e-01	4.83e-01	4.09e-01	1.82e-15	6.15e-20	9.75e-21	1.78e-07	2.40e-14	5.86e-41
 1.85737e+23	2.29e-15	2.11e-07	5.61e-05	9.00e-04	1.15e-01	4.90e-01	3.94e-01	2.29e-15	7.74e-20	1.23e-20	2.11e-07	2.87e-14	8.34e-41
 1.86706e+23	2.90e-15	2.52e-07	6.58e-05	1.02e-03	1.23e-01	4.97e-01	3.79e-01	2.90e-15	9.82e-20	1.56e-20	2.52e-07	3.45e-14	1.20e-40
 1.87606e+23	3.51e-15	2.90e-07	7.45e-05	1.12e-03	1.30e-01	5.02e-01	3.68e-01	3.51e-15	1.19e-19	1.89e-20	2.90e-07	3.98e-14	1.59e-40
 1.88534e+23	4.47e-15	3.45e-07	8.75e-05	1.27e-03	1.39e-01	5.08e-01	3.52e-01	4.47e-15	1.52e-19	2.42e-20	3.45e-07	4.79e-14	2.28e-40
 1.89480e+23	5.42e-15	3.96e-07	9.92e-05	1.39e-03	1.46e-01	5.12e-01	3.41e-01	5.42e-15	1.85e-19	2.95e-20	3.96e-07	5.53e-14	3.03e-40
 1.90449e+23	6.93e-15	4.72e-07	1.17e-04	1.58e-03	1.56e-01	5.17e-01	3.25e-01	6.93e-15	2.37e-19	3.78e-20	4.72e-07	6.65e-14	4.31e-40
 1.91421e+23	8.48e-15	5.38e-07	1.31e-04	1.73e-03	1.64e-01	5.20e-01	3.14e-01	8.48e-15	2.90e-19	4.64e-20	5.38e-07	7.63e-14	5.68e-40
 1.92395e+23	2.46e-13	6.35e-07	1.54e-04	1.96e-03	1.74e-01	5.24e-01	2.99e-01	2.46e-13	8.43e-18	1.35e-18	6.35e-07	9.09e-14	8.45e-40
 1.93377e+23	7.72e-13	7.21e-07	1.73e-04	2.14e-03	1.83e-01	5.27e-01	2.88e-01	7.72e-13	2.65e-17	4.26e-18	7.21e-07	1.04e-13	1.21e-39
 1.94367e+23	3.34e-12	8.46e-07	2.01e-04	2.41e-03	1.94e-01	5.29e-01	2.74e-01	3.34e-12	1.15e-16	1.85e-17	8.46e-07	1.23e-13	2.27e-39
 1.95367e+23	7.47e-12	9.57e-07	2.25e-04	2.63e-03	2.03e-01	5.30e-01	2.63e-01	7.47e-12	2.58e-16	4.15e-17	9.57e-07	1.40e-13	3.93e-39
 1.96378e+23	1.23e-11	1.12e-06	2.61e-04	2.96e-03	2.16e-01	5.31e-01	2.50e-01	1.23e-11	4.28e-16	6.90e-17	1.12e-06	1.65e-13	6.43e-39
 1.97403e+23	1.68e-11	1.26e-06	2.93e-04	3.23e-03	2.25e-01	5.32e-01	2.39e-01	1.68e-11	5.85e-16	9.44e-17	1.26e-06	1.88e-13	9.17e-39
 1.98444e+23	2.32e-11	1.47e-06	3.39e-04	3.62e-03	2.38e-01	5.31e-01	2.26e-01	2.32e-11	8.08e-16	1.31e-16	1.47e-06	2.22e-13	1.37e-38
 1.99504e+23	2.94e-11	1.65e-06	3.79e-04	3.96e-03	2.49e-01	5.31e-01	2.16e-01	2.94e-11	1.03e-15	1.66e-16	1.65e-06	2.52e-13	1.89e-38
 2.00588e+23	3.81e-11	1.92e-06	4.39e-04	4.44e-03	2.63e-01	5.29e-01	2.03e-01	3.81e-11	1.34e-15	2.17e-16	1.92e-06	2.96e-13	2.74e-38
 2.01696e+23	4.67e-11	2.17e-06	4.92e-04	4.85e-03	2.74e-01	5.27e-01	1.94e-01	4.67e-11	1.65e-15	2.68e-16	2.17e-06	3.38e-13	3.72e-38
 2.02835e+23	5.89e-11	2.52e-06	5.69e-04	5.44e-03	2.89e-01	5.23e-01	1.81e-01	5.89e-11	2.09e-15	3.40e-16	2.52e-06	3.98e-13	5.33e-38
 2.03999e+23	7.08e-11	2.85e-06	6.39e-04	5.95e-03	3.01e-01	5.20e-01	1.72e-01	7.08e-11	2.52e-15	4.11e-16	2.85e-06	4.54e-13	7.22e-38
 2.04980e+23	8.22e-11	3.16e-06	7.06e-04	6.44e-03	3.12e-01	5.17e-01	1.64e-01	8.22e-11	2.93e-15	4.80e-16	3.16e-06	5.09e-13	9.31e-38
 2.06036e+23	9.85e-11	3.61e-06	8.03e-04	7.12e-03	3.27e-01	5.12e-01	1.54e-01	9.85e-11	3.53e-15	5.79e-16	3.61e-06	5.89e-13	1.28e-37
 2.07068e+23	1.12e-10	3.97e-06	8.79e-04	7.64e-03	3.37e-01	5.08e-01	1.47e-01	1.12e-10	4.04e-15	6.64e-16	3.97e-06	6.54e-13	1.62e-37
 2.08066e+23	1.31e-10	4.47e-06	9.89e-04	8.39e-03	3.51e-01	5.02e-01	1.38e-01	1.31e-10	4.75e-15	7.81e-16	4.47e-06	7.46e-13	2.14e-37
 2.09074e+23	1.49e-10	4.92e-06	1.08e-03	8.98e-03	3.61e-01	4.97e-01	1.31e-01	1.49e-10	5.41e-15	8.91e-16	4.92e-06	8.30e-13	2.74e-37
 2.10094e+23	1.73e-10	5.53e-06	1.21e-03	9.84e-03	3.76e-01	4.90e-01	1.23e-01	1.73e-10	6.31e-15	1.04e-15	5.53e-06	9.47e-13	3.66e-37
 2.11129e+23	1.95e-10	6.09e-06	1.33e-03	1.05e-02	3.86e-01	4.85e-01	1.17e-01	1.95e-10	7.16e-15	1.19e-15	6.09e-06	1.05e-12	4.69e-37
 2.12182e+23	2.26e-10	6.85e-06	1.49e-03	1.15e-02	4.01e-01	4.77e-01	1.09e-01	2.26e-10	8.33e-15	1.38e-15	6.85e-06	1.20e-12	6.31e-37
 2.13251e+23	2.55e-10	7.55e-06	1.63e-03	1.23e-02	4.12e-01	4.71e-01	1.04e-01	2.55e-10	9.45e-15	1.57e-15	7.55e-06	1.34e-12	8.17e-37
 2.14339e+23	2.93e-10	8.49e-06	1.83e-03	1.35e-02	4.27e-01	4.62e-01	9.62e-02	2.93e-10	1.09e-14	1.82e-15	8.49e-06	1.54e-12	1.10e-36
 2.15445e+23	3.31e-10	9.36e-06	2.00e-03	1.45e-02	4.38e-01	4.55e-01	9.09e-02	3.31e-10	1.24e-14	2.07e-15	9.36e-06	1.72e-12	1.45e-36
 2.16573e+23	3.80e-10	1.05e-05	2.25e-03	1.58e-02	4.53e-01	4.45e-01	8.42e-02	3.80e-10	1.44e-14	2.41e-15	1.05e-05	1.97e-12	1.98e-36
 2.17726e+23	4.30e-10	1.16e-05	2.46e-03	1.70e-02	4.65e-01	4.37e-01	7.92e-02	4.30e-10	1.63e-14	2.74e-15	1.16e-05	2.21e-12	2.63e-36
 2.18910e+23	4.94e-10	1.31e-05	2.77e-03	1.86e-02	4.80e-01	4.26e-01	7.29e-02	4.94e-10	1.89e-14	3.18e-15	1.31e-05	2.54e-12	3.67e-36
 2.20126e+23	5.58e-10	1.46e-05	3.04e-03	1.99e-02	4.92e-01	4.17e-01	6.82e-02	5.58e-10	2.15e-14	3.63e-15	1.46e-05	2.87e-12	4.93e-36
 2.21381e+23	6.46e-10	1.65e-05	3.43e-03	2.19e-02	5.08e-01	4.05e-01	6.24e-02	6.45e-10	2.51e-14	4.25e-15	1.65e-05	3.33e-12	7.10e-36
 2.22653e+23	7.30e-10	1.84e-05	3.77e-03	2.34e-02	5.20e-01	3.95e-01	5.81e-02	7.29e-10	2.86e-14	4.86e-15	1.84e-05	3.76e-12	9.67e-36
 2.23949e+23	8.44e-10	2.09e-05	4.25e-03	2.57e-02	5.35e-01	3.82e-01	5.29e-02	8.44e-10	3.34e-14	5.70e-15	2.09e-05	4.38e-12	1.42e-35
 2.25260e+23	5.64e-10	2.32e-05	4.66e-03	2.75e-02	5.46e-01	3.72e-01	4.92e-02	5.64e-10	2.25e-14	3.85e-15	2.32e-05	4.97e-12	1.44e-35
 2.26591e+23	6.85e-10	2.64e-05	5.25e-03	3.01e-02	5.61e-01	3.59e-01	4.45e-02	6.85e-10	2.76e-14	4.75e-15	2.64e-05	5.80e-12	2.21e-35
 2.27941e+23	8.09e-10	2.94e-05	5.77e-03	3.22e-02	5.72e-01	3.49e-01	4.12e-02	8.09e-10	3.29e-14	5.67e-15	2.94e-05	6.59e-12	3.17e-35
 2.29126e+23	9.41e-10	3.26e-05	6.32e-03	3.44e-02	5.83e-01	3.38e-01	3.81e-02	9.41e-10	3.87e-14	6.68e-15	3.26e-05	7.46e-12	4.47e-35
 2.30477e+23	1.12e-09	3.70e-05	7.09e-03	3.75e-02	5.96e-01	3.25e-01	3.44e-02	1.12e-09	4.67e-14	8.11e-15	3.70e-05	8.71e-12	6.87e-35
 2.31839e+23	1.30e-09	4.11e-05	7.76e-03	4.00e-02	6.06e-01	3.14e-01	3.17e-02	1.30e-09	5.48e-14	9.54e-15	4.11e-05	9.90e-12	9.82e-35
 2.32959e+23	1.47e-09	4.49e-05	8.39e-03	4.23e-02	6.15e-01	3.05e-01	2.95e-02	1.47e-09	6.25e-14	1.09e-14	4.49e-05	1.10e-11	1.33e-34
 2.34159e+23	1.72e-09	5.03e-05	9.25e-03	4.54e-02	6.25e-01	2.94e-01	2.69e-02	1.72e-09	7.37e-14	1.29e-14	5.03e-05	1.27e-11	1.97e-34
 2.35386e+23	1.95e-09	5.53e-05	1.00e-02	4.81e-02	6.33e-01	2.84e-01	2.49e-02	1.95e-09	8.45e-14	1.49e-14	5.53e-05	1.43e-11	2.73e-34
 2.36477e+23	2.20e-09	6.06e-05	1.08e-02	5.09e-02	6.40e-01	2.75e-01	2.31e-02	2.20e-09	9.64e-14	1.70e-14	6.06e-05	1.60e-11	3.75e-34
 2.37726e+23	2.57e-09	6.80e-05	1.19e-02	5.44e-02	6.49e-01	2.64e-01	2.09e-02	2.57e-09	1.14e-13	2.02e-14	6.80e-05	1.85e-11	5.63e-34
 2.39023e+23	2.92e-09	7.52e-05	1.30e-02	5.79e-02	6.56e-01	2.54e-01	1.92e-02	2.92e-09	1.31e-13	2.33e-14	7.52e-05	2.09e-11	8.00e-34
 2.40181e+23	3.30e-09	8.27e-05	1.41e-02	6.11e-02	6.63e-01	2.45e-01	1.77e-02	3.30e-09	1.50e-13	2.68e-14	8.27e-05	2.36e-11	1.12e-33
 2.41484e+23	3.85e-09	9.33e-05	1.55e-02	6.53e-02	6.70e-01	2.33e-01	1.59e-02	3.85e-09	1.78e-13	3.19e-14	9.33e-05	2.74e-11	1.72e-33
 2.42846e+23	4.38e-09	1.04e-04	1.69e-02	6.95e-02	6.76e-01	2.23e-01	1.45e-02	4.38e-09	2.05e-13	3.69e-14	1.04e-04	3.13e-11	2.49e-33
 2.44074e+23	4.97e-09	1.15e-04	1.84e-02	7.34e-02	6.81e-01	2.14e-01	1.32e-02	4.97e-09	2.36e-13	4.26e-14	1.15e-04	3.56e-11	3.56e-33
 2.45461e+23	5.83e-09	1.30e-04	2.03e-02	7.85e-02	6.86e-01	2.03e-01	1.18e-02	5.83e-09	2.82e-13	5.11e-14	1.30e-04	4.19e-11	5.62e-33
 2.46894e+23	6.64e-09	1.45e-04	2.22e-02	8.34e-02	6.90e-01	1.93e-01	1.06e-02	6.64e-09	3.26e-13	5.94e-14	1.45e-04	4.81e-11	8.29e-33
 2.48171e+23	7.56e-09	1.61e-04	2.40e-02	8.80e-02	6.94e-01	1.85e-01	9.67e-03	7.56e-09	3.76e-13	6.88e-14	1.61e-04	5.50e-11	1.21e-32
 2.49615e+23	8.89e-09	1.84e-04	2.66e-02	9.40e-02	6.97e-01	1.74e-01	8.56e-03	8.89e-09	4.52e-13	8.31e-14	1.84e-04	6.52e-11	1.94e-32
 2.51116e+23	1.02e-08	2.06e-04	2.91e-02	9.97e-02	6.99e-01	1.65e-01	7.66e-03	1.02e-08	5.29e-13	9.76e-14	2.06e-04	7.57e-11	2.94e-32
 2.52467e+23	1.16e-08	2.30e-04	3.16e-02	1.05e-01	7.00e-01	1.56e-01	6.89e-03	1.16e-08	6.13e-13	1.14e-13	2.30e-04	8.72e-11	4.36e-32
 2.53998e+23	1.38e-08	2.64e-04	3.51e-02	1.13e-01	7.00e-01	1.46e-01	6.01e-03	1.38e-08	7.44e-13	1.39e-13	2.64e-04	1.05e-10	7.24e-32
 2.55577e+23	1.59e-08	2.97e-04	3.83e-02	1.19e-01	7.00e-01	1.37e-01	5.34e-03	1.59e-08	8.74e-13	1.64e-13	2.97e-04	1.22e-10	1.11e-31
 2.57000e+23	1.82e-08	3.33e-04	4.17e-02	1.26e-01	6.98e-01	1.29e-01	4.75e-03	1.82e-08	1.02e-12	1.92e-13	3.33e-04	1.42e-10	1.69e-31
 2.58631e+23	2.18e-08	3.86e-04	4.64e-02	1.34e-01	6.95e-01	1.19e-01	4.08e-03	2.18e-08	1.26e-12	2.38e-13	3.86e-04	1.73e-10	2.90e-31
 2.60283e+23	2.50e-08	4.35e-04	5.06e-02	1.42e-01	6.92e-01	1.12e-01	3.59e-03	2.50e-08	1.47e-12	2.80e-13	4.35e-04	2.02e-10	4.49e-31
 2.61743e+23	2.89e-08	4.90e-04	5.51e-02	1.49e-01	6.88e-01	1.05e-01	3.17e-03	2.89e-08	1.74e-12	3.32e-13	4.90e-04	2.37e-10	6.92e-31
 2.63422e+23	3.46e-08	5.71e-04	6.14e-02	1.59e-01	6.81e-01	9.57e-02	2.69e-03	3.46e-08	2.16e-12	4.13e-13	5.71e-04	2.91e-10	1.21e-30
 2.65122e+23	3.98e-08	6.43e-04	6.68e-02	1.67e-01	6.74e-01	8.89e-02	2.35e-03	3.98e-08	2.54e-12	4.89e-13	6.43e-04	3.42e-10	1.88e-30
 2.66847e+23	4.81e-08	7.52e-04	7.43e-02	1.77e-01	6.65e-01	8.10e-02	1.98e-03	4.81e-08	3.17e-12	6.14e-13	7.52e-04	4.21e-10	3.32e-30
 2.68609e+23	5.60e-08	8.55e-04	8.11e-02	1.86e-01	6.55e-01	7.47e-02	1.71e-03	5.60e-08	3.79e-12	7.38e-13	8.55e-04	5.00e-10	5.30e-30
 2.70178e+23	6.49e-08	9.69e-04	8.81e-02	1.95e-01	6.45e-01	6.88e-02	1.48e-03	6.49e-08	4.52e-12	8.82e-13	9.69e-04	5.91e-10	8.38e-30
 2.71978e+23	7.91e-08	1.14e-03	9.81e-02	2.06e-01	6.31e-01	6.18e-02	1.22e-03	7.91e-08	5.70e-12	1.12e-12	1.14e-03	7.35e-10	1.51e-29
 2.73807e+23	9.26e-08	1.30e-03	1.07e-01	2.16e-01	6.19e-01	5.65e-02	1.05e-03	9.26e-08	6.87e-12	1.35e-12	1.30e-03	8.77e-10	2.43e-29
 2.75674e+23	1.13e-07	1.53e-03	1.19e-01	2.27e-01	6.01e-01	5.02e-02	8.51e-04	1.13e-07	8.76e-12	1.74e-12	1.53e-03	1.10e-09	4.46e-29
 2.77498e+23	1.32e-07	1.73e-03	1.28e-01	2.36e-01	5.87e-01	4.59e-02	7.30e-04	1.32e-07	1.05e-11	2.08e-12	1.73e-03	1.30e-09	6.96e-29
 2.79266e+23	1.60e-07	2.03e-03	1.42e-01	2.47e-01	5.68e-01	4.07e-02	5.96e-04	1.60e-07	1.32e-11	2.63e-12	2.03e-03	1.61e-09	1.23e-28
 2.80976e+23	1.84e-07	2.27e-03	1.52e-01	2.54e-01	5.54e-01	3.74e-02	5.16e-04	1.84e-07	1.56e-11	3.13e-12	2.27e-03	1.87e-09	1.85e-28
 2.82612e+23	2.20e-07	2.61e-03	1.66e-01	2.64e-01	5.34e-01	3.33e-02	4.25e-04	2.20e-07	1.94e-11	3.90e-12	2.61e-03	2.28e-09	3.13e-28
 2.84270e+23	2.54e-07	2.93e-03	1.77e-01	2.71e-01	5.18e-01	3.03e-02	3.64e-04	2.54e-07	2.31e-11	4.66e-12	2.93e-03	2.67e-09	4.74e-28
 2.85957e+23	3.05e-07	3.38e-03	1.93e-01	2.79e-01	4.97e-01	2.67e-02	2.97e-04	3.05e-07	2.89e-11	5.85e-12	3.38e-03	3.26e-09	8.05e-28
 2.87664e+23	3.54e-07	3.80e-03	2.07e-01	2.86e-01	4.79e-01	2.41e-02	2.51e-04	3.54e-07	3.46e-11	7.03e-12	3.80e-03	3.83e-09	1.23e-27
 2.89394e+23	4.28e-07	4.39e-03	2.25e-01	2.93e-01	4.57e-01	2.11e-02	2.02e-04	4.28e-07	4.36e-11	8.89e-12	4.39e-03	4.69e-09	2.11e-27
 2.91142e+23	4.98e-07	4.93e-03	2.40e-01	2.98e-01	4.38e-01	1.88e-02	1.69e-04	4.98e-07	5.25e-11	1.07e-11	4.93e-03	5.52e-09	3.24e-27
 2.92679e+23	5.78e-07	5.51e-03	2.56e-01	3.03e-01	4.19e-01	1.68e-02	1.41e-04	5.78e-07	6.30e-11	1.29e-11	5.51e-03	6.47e-09	4.93e-27
 2.94442e+23	6.99e-07	6.35e-03	2.76e-01	3.08e-01	3.95e-01	1.45e-02	1.12e-04	6.99e-07	7.97e-11	1.64e-11	6.35e-03	7.92e-09	8.41e-27
 2.96233e+23	8.17e-07	7.13e-03	2.94e-01	3.11e-01	3.75e-01	1.28e-02	9.21e-05	8.17e-07	9.66e-11	1.99e-11	7.13e-03	9.34e-09	1.30e-26
 2.97669e+23	9.30e-07	7.84e-03	3.09e-01	3.13e-01	3.59e-01	1.15e-02	7.83e-05	9.30e-07	1.13e-10	2.34e-11	7.84e-03	1.07e-08	1.86e-26
 2.99143e+23	1.08e-06	8.75e-03	3.27e-01	3.14e-01	3.39e-01	1.01e-02	6.43e-05	1.08e-06	1.37e-10	2.84e-11	8.75e-03	1.25e-08	2.85e-26
 3.00663e+23	1.24e-06	9.62e-03	3.44e-01	3.15e-01	3.22e-01	9.05e-03	5.40e-05	1.24e-06	1.62e-10	3.36e-11	9.62e-03	1.44e-08	4.11e-26
 3.02018e+23	1.40e-06	1.05e-02	3.60e-01	3.15e-01	3.07e-01	8.10e-03	4.56e-05	1.40e-06	1.90e-10	3.95e-11	1.05e-02	1.64e-08	5.83e-26
 3.03554e+23	1.65e-06	1.18e-02	3.80e-01	3.14e-01	2.87e-01	7.02e-03	3.66e-05	1.65e-06	2.32e-10	4.84e-11	1.18e-02	1.93e-08	9.08e-26
 3.05106e+23	1.88e-06	1.29e-02	3.97e-01	3.13e-01	2.71e-01	6.21e-03	3.05e-05	1.88e-06	2.74e-10	5.72e-11	1.29e-02	2.21e-08	1.31e-25
 3.06455e+23	2.13e-06	1.41e-02	4.14e-01	3.11e-01	2.56e-01	5.51e-03	2.54e-05	2.13e-06	3.21e-10	6.71e-11	1.41e-02	2.52e-08	1.85e-25
 3.07844e+23	2.43e-06	1.54e-02	4.31e-01	3.08e-01	2.41e-01	4.84e-03	2.10e-05	2.43e-06	3.79e-10	7.95e-11	1.54e-02	2.88e-08	2.68e-25
