#depth	C	C+	C+2	C+3	C+4	C+5	C+6	C[1]	C[2]	C[3]	C+[1]	C+[2]	CO
 4.62852e+21	0.00e+00	1.56e-29	1.71e-22	2.07e-16	3.56e-10	3.35e-05	1.00e+00	0.00e+00	0.00e+00	0.00e+00	0.00e+00	0.00e+00	3.16e-123
 1.05226e+22	0.00e+00	9.17e-29	7.03e-22	6.22e-16	7.37e-10	4.80e-05	1.00e+00	0.00e+00	0.00e+00	0.00e+00	0.00e+00	0.00e+00	1.06e-123
 1.26271e+22	0.00e+00	3.03e-28	1.83e-21	1.28e-15	1.19e-09	6.09e-05	1.00e+00	0.00e+00	0.00e+00	0.00e+00	0.00e+00	0.00e+00	1.06e-123
 1.41374e+22	0.00e+00	7.85e-28	3.95e-21	2.29e-15	1.75e-09	7.35e-05	1.00e+00	0.00e+00	0.00e+00	0.00e+00	0.00e+00	0.00e+00	9.47e-121
 1.50141e+22	0.00e+00	1.05e-27	4.97e-21	2.73e-15	1.96e-09	7.78e-05	1.00e+00	0.00e+00	0.00e+00	0.00e+00	0.00e+00	0.00e+00	1.42e-118
 1.54866e+22	0.00e+00	1.52e-27	6.72e-21	3.43e-15	2.28e-09	8.38e-05	1.00e+00	0.00e+00	0.00e+00	0.00e+00	0.00e+00	0.00e+00	1.63e-118
 1.59977e+22	0.00e+00	2.14e-27	8.85e-21	4.22e-15	2.62e-09	8.97e-05	1.00e+00	0.00e+00	0.00e+00	0.00e+00	0.00e+00	0.00e+00	1.85e-118
 1.64854e+22	0.00e+00	3.02e-27	1.17e-20	5.22e-15	3.01e-09	9.60e-05	1.00e+00	0.00e+00	0.00e+00	0.00e+00	0.00e+00	0.00e+00	2.15e-118
 1.70460e+22	0.00e+00	4.79e-27	1.69e-20	6.92e-15	3.63e-09	1.05e-04	1.00e+00	0.00e+00	0.00e+00	0.00e+00	0.00e+00	0.00e+00	2.55e-118
 1.75930e+22	0.00e+00	6.50e-27	2.17e-20	8.34e-15	4.10e-09	1.12e-04	1.00e+00	0.00e+00	0.00e+00	0.00e+00	0.00e+00	0.00e+00	3.00e-118
 1.81223e+22	0.00e+00	1.01e-26	3.09e-20	1.09e-14	4.91e-09	1.22e-04	1.00e+00	0.00e+00	0.00e+00	0.00e+00	0.00e+00	0.00e+00	2.32e-116
 1.86496e+22	0.00e+00	1.37e-26	3.95e-20	1.32e-14	5.55e-09	1.29e-04	1.00e+00	0.00e+00	0.00e+00	0.00e+00	0.00e+00	0.00e+00	2.55e-116
 1.91743e+22	0.00e+00	2.09e-26	5.56e-20	1.71e-14	6.59e-09	1.41e-04	1.00e+00	0.00e+00	0.00e+00	0.00e+00	0.00e+00	0.00e+00	3.10e-116
 1.97056e+22	0.00e+00	2.91e-26	7.27e-20	2.10e-14	7.53e-09	1.50e-04	1.00e+00	0.00e+00	0.00e+00	0.00e+00	0.00e+00	0.00e+00	3.55e-116
 2.02453e+22	0.00e+00	4.53e-26	1.04e-19	2.75e-14	9.01e-09	1.64e-04	1.00e+00	0.00e+00	0.00e+00	0.00e+00	0.00e+00	0.00e+00	4.64e-114
 2.07348e+22	0.00e+00	5.84e-26	1.28e-19	3.22e-14	9.99e-09	1.72e-04	1.00e+00	0.00e+00	0.00e+00	0.00e+00	0.00e+00	0.00e+00	1.12e-112
 2.11591e+22	0.00e+00	8.11e-26	1.66e-19	3.95e-14	1.14e-08	1.84e-04	1.00e+00	0.00e+00	0.00e+00	0.00e+00	0.00e+00	0.00e+00	2.07e-95
 2.16093e+22	0.00e+00	1.09e-25	2.11e-19	4.72e-14	1.29e-08	1.95e-04	1.00e+00	0.00e+00	0.00e+00	0.00e+00	0.00e+00	0.00e+00	7.35e-94
 2.20204e+22	0.00e+00	1.44e-25	2.65e-19	5.63e-14	1.44e-08	2.06e-04	1.00e+00	0.00e+00	0.00e+00	0.00e+00	0.00e+00	0.00e+00	2.44e-93
 2.24822e+22	0.00e+00	2.07e-25	3.55e-19	7.05e-14	1.67e-08	2.21e-04	1.00e+00	0.00e+00	0.00e+00	0.00e+00	0.00e+00	0.00e+00	1.18e-92
 2.29456e+22	0.00e+00	2.75e-25	4.48e-19	8.41e-14	1.88e-08	2.34e-04	1.00e+00	0.00e+00	0.00e+00	0.00e+00	0.00e+00	0.00e+00	2.91e-92
 2.33464e+22	2.08e-33	3.64e-25	5.61e-19	1.00e-13	2.11e-08	2.47e-04	1.00e+00	0.00e+00	0.00e+00	0.00e+00	0.00e+00	0.00e+00	1.83e-92
 2.38027e+22	3.18e-33	5.19e-25	7.49e-19	1.25e-13	2.44e-08	2.64e-04	1.00e+00	0.00e+00	0.00e+00	0.00e+00	0.00e+00	0.00e+00	3.02e-92
 2.42662e+22	4.49e-33	6.94e-25	9.46e-19	1.49e-13	2.74e-08	2.80e-04	1.00e+00	0.00e+00	0.00e+00	0.00e+00	0.00e+00	0.00e+00	5.82e-91
 2.46689e+22	6.24e-33	9.15e-25	1.19e-18	1.78e-13	3.07e-08	2.96e-04	1.00e+00	0.00e+00	0.00e+00	0.00e+00	0.00e+00	0.00e+00	5.65e-91
 2.50349e+22	8.37e-33	1.17e-24	1.45e-18	2.07e-13	3.39e-08	3.10e-04	1.00e+00	0.00e+00	0.00e+00	0.00e+00	0.00e+00	0.00e+00	2.82e-90
 2.53675e+22	1.10e-32	1.48e-24	1.75e-18	2.40e-13	3.73e-08	3.25e-04	1.00e+00	0.00e+00	0.00e+00	0.00e+00	0.00e+00	0.00e+00	6.72e-90
 2.57443e+22	1.53e-32	1.95e-24	2.19e-18	2.85e-13	4.18e-08	3.43e-04	1.00e+00	0.00e+00	0.00e+00	0.00e+00	0.00e+00	0.00e+00	4.49e-90
 2.61377e+22	2.08e-32	2.52e-24	2.70e-18	3.35e-13	4.65e-08	3.60e-04	1.00e+00	0.00e+00	0.00e+00	0.00e+00	0.00e+00	0.00e+00	1.87e-89
 2.64841e+22	2.75e-32	3.19e-24	3.27e-18	3.88e-13	5.12e-08	3.78e-04	1.00e+00	0.00e+00	0.00e+00	0.00e+00	0.00e+00	0.00e+00	1.97e-89
 2.68656e+22	3.85e-32	4.23e-24	4.12e-18	4.64e-13	5.76e-08	3.99e-04	1.00e+00	0.00e+00	0.00e+00	0.00e+00	0.00e+00	0.00e+00	2.56e-89
 2.72672e+22	5.29e-32	5.52e-24	5.11e-18	5.47e-13	6.42e-08	4.21e-04	1.00e+00	0.00e+00	0.00e+00	0.00e+00	0.00e+00	0.00e+00	2.67e-88
 2.76159e+22	7.00e-32	6.99e-24	6.19e-18	6.35e-13	7.07e-08	4.40e-04	1.00e+00	0.00e+00	0.00e+00	0.00e+00	0.00e+00	0.00e+00	1.99e-88
 2.79898e+22	9.68e-32	9.18e-24	7.73e-18	7.56e-13	7.93e-08	4.65e-04	1.00e+00	0.00e+00	0.00e+00	0.00e+00	0.00e+00	0.00e+00	1.20e-87
 2.83547e+22	1.27e-31	1.15e-23	9.31e-18	8.72e-13	8.71e-08	4.86e-04	1.00e+00	0.00e+00	0.00e+00	0.00e+00	0.00e+00	0.00e+00	9.36e-88
 2.86442e+22	1.61e-31	1.40e-23	1.09e-17	9.86e-13	9.44e-08	5.05e-04	9.99e-01	0.00e+00	0.00e+00	0.00e+00	0.00e+00	0.00e+00	4.37e-87
 2.89570e+22	2.10e-31	1.76e-23	1.31e-17	1.14e-12	1.04e-07	5.28e-04	9.99e-01	0.00e+00	0.00e+00	0.00e+00	0.00e+00	0.00e+00	9.79e-87
 2.92984e+22	2.75e-31	2.21e-23	1.58e-17	1.31e-12	1.14e-07	5.52e-04	9.99e-01	0.00e+00	0.00e+00	0.00e+00	0.00e+00	0.00e+00	7.88e-87
 2.96188e+22	3.57e-31	2.75e-23	1.89e-17	1.51e-12	1.25e-07	5.77e-04	9.99e-01	0.00e+00	0.00e+00	0.00e+00	0.00e+00	0.00e+00	1.61e-86
 2.99189e+22	4.53e-31	3.36e-23	2.22e-17	1.71e-12	1.36e-07	6.00e-04	9.99e-01	0.00e+00	0.00e+00	0.00e+00	0.00e+00	0.00e+00	4.38e-86
 3.02504e+22	6.04e-31	4.28e-23	2.70e-17	1.99e-12	1.50e-07	6.29e-04	9.99e-01	0.00e+00	0.00e+00	0.00e+00	0.00e+00	0.00e+00	5.90e-86
 3.05994e+22	8.00e-31	5.42e-23	3.27e-17	2.31e-12	1.65e-07	6.59e-04	9.99e-01	0.00e+00	0.00e+00	0.00e+00	0.00e+00	0.00e+00	1.47e-85
 3.09038e+22	1.02e-30	6.62e-23	3.85e-17	2.62e-12	1.79e-07	6.86e-04	9.99e-01	0.00e+00	0.00e+00	0.00e+00	0.00e+00	0.00e+00	1.44e-85
 3.12323e+22	1.35e-30	8.41e-23	4.68e-17	3.05e-12	1.98e-07	7.18e-04	9.99e-01	0.00e+00	0.00e+00	0.00e+00	0.00e+00	0.00e+00	5.14e-85
 3.15581e+22	1.72e-30	1.03e-22	5.53e-17	3.47e-12	2.16e-07	7.48e-04	9.99e-01	0.00e+00	0.00e+00	0.00e+00	0.00e+00	0.00e+00	7.10e-85
 3.18213e+22	2.12e-30	1.23e-22	6.37e-17	3.87e-12	2.32e-07	7.75e-04	9.99e-01	0.00e+00	0.00e+00	0.00e+00	0.00e+00	0.00e+00	7.98e-85
 3.21044e+22	2.70e-30	1.51e-22	7.54e-17	4.41e-12	2.53e-07	8.06e-04	9.99e-01	0.00e+00	0.00e+00	0.00e+00	0.00e+00	0.00e+00	3.35e-84
 3.24118e+22	3.45e-30	1.85e-22	8.90e-17	5.02e-12	2.75e-07	8.40e-04	9.99e-01	0.00e+00	0.00e+00	0.00e+00	0.00e+00	0.00e+00	7.33e-84
 3.26935e+22	4.30e-30	2.23e-22	1.03e-16	5.64e-12	2.97e-07	8.71e-04	9.99e-01	0.00e+00	0.00e+00	0.00e+00	0.00e+00	0.00e+00	1.19e-83
 3.29589e+22	5.34e-30	2.67e-22	1.20e-16	6.32e-12	3.20e-07	9.03e-04	9.99e-01	0.00e+00	0.00e+00	0.00e+00	0.00e+00	0.00e+00	1.86e-83
 3.32603e+22	6.95e-30	3.34e-22	1.44e-16	7.29e-12	3.52e-07	9.44e-04	9.99e-01	0.00e+00	0.00e+00	0.00e+00	0.00e+00	0.00e+00	3.70e-83
 3.35696e+22	8.76e-30	4.05e-22	1.68e-16	8.23e-12	3.81e-07	9.81e-04	9.99e-01	0.00e+00	0.00e+00	0.00e+00	0.00e+00	0.00e+00	8.58e-83
 3.38417e+22	1.09e-29	4.88e-22	1.95e-16	9.24e-12	4.12e-07	1.02e-03	9.99e-01	0.00e+00	0.00e+00	0.00e+00	0.00e+00	0.00e+00	1.47e-82
 3.40911e+22	1.33e-29	5.75e-22	2.23e-16	1.03e-11	4.41e-07	1.05e-03	9.99e-01	0.00e+00	0.00e+00	0.00e+00	0.00e+00	0.00e+00	1.86e-82
 3.43224e+22	1.60e-29	6.71e-22	2.53e-16	1.13e-11	4.70e-07	1.08e-03	9.99e-01	0.00e+00	0.00e+00	0.00e+00	0.00e+00	0.00e+00	1.34e-82
 3.45870e+22	1.99e-29	8.08e-22	2.95e-16	1.27e-11	5.09e-07	1.12e-03	9.99e-01	0.00e+00	0.00e+00	0.00e+00	0.00e+00	0.00e+00	6.56e-82
 3.48712e+22	2.49e-29	9.73e-22	3.43e-16	1.43e-11	5.50e-07	1.17e-03	9.99e-01	0.00e+00	0.00e+00	0.00e+00	0.00e+00	0.00e+00	1.12e-81
 3.51269e+22	3.05e-29	1.15e-21	3.94e-16	1.59e-11	5.90e-07	1.21e-03	9.99e-01	0.00e+00	0.00e+00	0.00e+00	0.00e+00	0.00e+00	1.56e-81
 3.54054e+22	3.88e-29	1.41e-21	4.64e-16	1.81e-11	6.43e-07	1.26e-03	9.99e-01	0.00e+00	0.00e+00	0.00e+00	0.00e+00	0.00e+00	1.34e-81
 3.56978e+22	4.87e-29	1.71e-21	5.42e-16	2.04e-11	6.96e-07	1.31e-03	9.99e-01	0.00e+00	0.00e+00	0.00e+00	0.00e+00	0.00e+00	1.32e-80
 3.59460e+22	5.92e-29	2.01e-21	6.18e-16	2.26e-11	7.45e-07	1.35e-03	9.99e-01	0.00e+00	0.00e+00	0.00e+00	0.00e+00	0.00e+00	2.14e-80
 3.62064e+22	7.39e-29	2.43e-21	7.20e-16	2.55e-11	8.07e-07	1.40e-03	9.99e-01	0.00e+00	0.00e+00	0.00e+00	0.00e+00	0.00e+00	3.73e-80
 3.64847e+22	9.17e-29	2.91e-21	8.33e-16	2.85e-11	8.70e-07	1.45e-03	9.99e-01	0.00e+00	0.00e+00	0.00e+00	0.00e+00	0.00e+00	6.36e-80
 3.67377e+22	1.12e-28	3.44e-21	9.54e-16	3.17e-11	9.33e-07	1.50e-03	9.98e-01	0.00e+00	0.00e+00	0.00e+00	0.00e+00	0.00e+00	1.05e-79
 3.70180e+22	1.42e-28	4.20e-21	1.12e-15	3.60e-11	1.02e-06	1.56e-03	9.98e-01	0.00e+00	0.00e+00	0.00e+00	0.00e+00	0.00e+00	1.89e-79
 3.72974e+22	1.76e-28	5.01e-21	1.29e-15	4.01e-11	1.09e-06	1.62e-03	9.98e-01	0.00e+00	0.00e+00	0.00e+00	0.00e+00	0.00e+00	3.20e-79
 3.75249e+22	2.10e-28	5.82e-21	1.46e-15	4.41e-11	1.16e-06	1.67e-03	9.98e-01	0.00e+00	0.00e+00	0.00e+00	0.00e+00	0.00e+00	5.00e-79
 3.77699e+22	2.59e-28	6.94e-21	1.69e-15	4.93e-11	1.25e-06	1.73e-03	9.98e-01	0.00e+00	0.00e+00	0.00e+00	0.00e+00	0.00e+00	8.41e-79
 3.80370e+22	3.21e-28	8.28e-21	1.95e-15	5.51e-11	1.35e-06	1.80e-03	9.98e-01	0.00e+00	0.00e+00	0.00e+00	0.00e+00	0.00e+00	1.43e-78
 3.82836e+22	3.88e-28	9.70e-21	2.21e-15	6.08e-11	1.44e-06	1.85e-03	9.98e-01	0.00e+00	0.00e+00	0.00e+00	0.00e+00	0.00e+00	2.29e-78
 3.85550e+22	4.88e-28	1.18e-20	2.59e-15	6.87e-11	1.57e-06	1.93e-03	9.98e-01	0.00e+00	0.00e+00	0.00e+00	0.00e+00	0.00e+00	4.07e-78
 3.88338e+22	6.05e-28	1.41e-20	2.98e-15	7.67e-11	1.69e-06	2.00e-03	9.98e-01	0.00e+00	0.00e+00	0.00e+00	0.00e+00	0.00e+00	6.93e-78
 3.90670e+22	7.27e-28	1.64e-20	3.37e-15	8.43e-11	1.80e-06	2.06e-03	9.98e-01	0.00e+00	0.00e+00	0.00e+00	0.00e+00	0.00e+00	1.10e-77
 3.93151e+22	8.99e-28	1.96e-20	3.89e-15	9.43e-11	1.94e-06	2.14e-03	9.98e-01	0.00e+00	0.00e+00	0.00e+00	0.00e+00	0.00e+00	1.86e-77
 3.95817e+22	1.11e-27	2.32e-20	4.47e-15	1.05e-10	2.09e-06	2.22e-03	9.98e-01	0.00e+00	0.00e+00	0.00e+00	0.00e+00	0.00e+00	3.12e-77
 3.98266e+22	1.34e-27	2.73e-20	5.09e-15	1.16e-10	2.23e-06	2.29e-03	9.98e-01	0.00e+00	0.00e+00	0.00e+00	0.00e+00	0.00e+00	5.07e-77
 4.00989e+22	1.70e-27	3.31e-20	5.95e-15	1.31e-10	2.42e-06	2.39e-03	9.98e-01	0.00e+00	0.00e+00	0.00e+00	0.00e+00	0.00e+00	9.10e-77
 4.03840e+22	2.13e-27	4.00e-20	6.91e-15	1.46e-10	2.62e-06	2.49e-03	9.98e-01	0.00e+00	0.00e+00	0.00e+00	0.00e+00	0.00e+00	1.61e-76
 4.06192e+22	2.54e-27	4.63e-20	7.78e-15	1.61e-10	2.79e-06	2.56e-03	9.97e-01	0.00e+00	0.00e+00	0.00e+00	0.00e+00	0.00e+00	2.50e-76
 4.08582e+22	3.14e-27	5.51e-20	8.93e-15	1.78e-10	3.00e-06	2.66e-03	9.97e-01	0.00e+00	0.00e+00	0.00e+00	0.00e+00	0.00e+00	4.23e-76
 4.11157e+22	3.83e-27	6.49e-20	1.02e-14	1.97e-10	3.21e-06	2.75e-03	9.97e-01	0.00e+00	0.00e+00	0.00e+00	0.00e+00	0.00e+00	7.00e-76
 4.13560e+22	4.65e-27	7.61e-20	1.16e-14	2.17e-10	3.44e-06	2.85e-03	9.97e-01	0.00e+00	0.00e+00	0.00e+00	0.00e+00	0.00e+00	1.13e-75
 4.16274e+22	5.88e-27	9.24e-20	1.35e-14	2.45e-10	3.73e-06	2.97e-03	9.97e-01	0.00e+00	0.00e+00	0.00e+00	0.00e+00	0.00e+00	2.05e-75
 4.18955e+22	7.23e-27	1.10e-19	1.54e-14	2.70e-10	4.00e-06	3.08e-03	9.97e-01	0.00e+00	0.00e+00	0.00e+00	0.00e+00	0.00e+00	3.46e-75
 4.21100e+22	8.61e-27	1.26e-19	1.73e-14	2.94e-10	4.24e-06	3.17e-03	9.97e-01	0.00e+00	0.00e+00	0.00e+00	0.00e+00	0.00e+00	5.36e-75
 4.23397e+22	1.05e-26	1.49e-19	1.97e-14	3.25e-10	4.55e-06	3.29e-03	9.97e-01	0.00e+00	0.00e+00	0.00e+00	0.00e+00	0.00e+00	8.91e-75
 4.25906e+22	1.29e-26	1.76e-19	2.24e-14	3.58e-10	4.87e-06	3.41e-03	9.97e-01	0.00e+00	0.00e+00	0.00e+00	0.00e+00	0.00e+00	1.50e-74
 4.28244e+22	1.56e-26	2.05e-19	2.52e-14	3.92e-10	5.19e-06	3.53e-03	9.96e-01	0.00e+00	0.00e+00	0.00e+00	0.00e+00	0.00e+00	2.40e-74
 4.30833e+22	1.98e-26	2.49e-19	2.94e-14	4.38e-10	5.62e-06	3.68e-03	9.96e-01	0.00e+00	0.00e+00	0.00e+00	0.00e+00	0.00e+00	4.45e-74
 4.33354e+22	2.39e-26	2.90e-19	3.31e-14	4.79e-10	5.99e-06	3.81e-03	9.96e-01	0.00e+00	0.00e+00	0.00e+00	0.00e+00	0.00e+00	7.11e-74
 4.35457e+22	2.87e-26	3.36e-19	3.71e-14	5.20e-10	6.36e-06	3.94e-03	9.96e-01	0.00e+00	0.00e+00	0.00e+00	0.00e+00	0.00e+00	1.13e-73
 4.37540e+22	3.41e-26	3.87e-19	4.14e-14	5.64e-10	6.74e-06	4.06e-03	9.96e-01	0.00e+00	0.00e+00	0.00e+00	0.00e+00	0.00e+00	1.76e-73
 4.39929e+22	4.24e-26	4.61e-19	4.75e-14	6.24e-10	7.24e-06	4.23e-03	9.96e-01	0.00e+00	0.00e+00	0.00e+00	0.00e+00	0.00e+00	3.09e-73
 4.42422e+22	5.18e-26	5.42e-19	5.37e-14	6.82e-10	7.74e-06	4.38e-03	9.96e-01	0.00e+00	0.00e+00	0.00e+00	0.00e+00	0.00e+00	5.18e-73
 4.44631e+22	6.25e-26	6.30e-19	6.03e-14	7.41e-10	8.22e-06	4.54e-03	9.95e-01	0.00e+00	0.00e+00	0.00e+00	0.00e+00	0.00e+00	8.40e-73
 4.47083e+22	7.86e-26	7.56e-19	6.93e-14	8.19e-10	8.85e-06	4.73e-03	9.95e-01	0.00e+00	0.00e+00	0.00e+00	0.00e+00	0.00e+00	1.51e-72
 4.49524e+22	9.58e-26	8.85e-19	7.81e-14	8.92e-10	9.43e-06	4.91e-03	9.95e-01	0.00e+00	0.00e+00	0.00e+00	0.00e+00	0.00e+00	2.52e-72
 4.51524e+22	1.14e-25	1.02e-18	8.68e-14	9.61e-10	9.97e-06	5.07e-03	9.95e-01	0.00e+00	0.00e+00	0.00e+00	0.00e+00	0.00e+00	3.93e-72
 4.53699e+22	1.40e-25	1.20e-18	9.82e-14	1.05e-09	1.06e-05	5.27e-03	9.95e-01	0.00e+00	0.00e+00	0.00e+00	0.00e+00	0.00e+00	6.75e-72
 4.55998e+22	1.69e-25	1.39e-18	1.10e-13	1.14e-09	1.13e-05	5.46e-03	9.95e-01	0.00e+00	0.00e+00	0.00e+00	0.00e+00	0.00e+00	1.10e-71
 4.58108e+22	2.05e-25	1.62e-18	1.23e-13	1.23e-09	1.20e-05	5.66e-03	9.94e-01	0.00e+00	0.00e+00	0.00e+00	0.00e+00	0.00e+00	1.83e-71
 4.60142e+22	2.44e-25	1.86e-18	1.37e-13	1.32e-09	1.27e-05	5.85e-03	9.94e-01	0.00e+00	0.00e+00	0.00e+00	0.00e+00	0.00e+00	2.90e-71
 4.62425e+22	3.06e-25	2.22e-18	1.56e-13	1.45e-09	1.36e-05	6.10e-03	9.94e-01	0.00e+00	0.00e+00	0.00e+00	0.00e+00	0.00e+00	5.22e-71
 4.64709e+22	3.70e-25	2.58e-18	1.75e-13	1.56e-09	1.44e-05	6.33e-03	9.94e-01	0.00e+00	0.00e+00	0.00e+00	0.00e+00	0.00e+00	8.64e-71
 4.66615e+22	4.37e-25	2.94e-18	1.93e-13	1.67e-09	1.52e-05	6.53e-03	9.93e-01	0.00e+00	0.00e+00	0.00e+00	0.00e+00	0.00e+00	1.34e-70
 4.68717e+22	5.38e-25	3.47e-18	2.18e-13	1.81e-09	1.62e-05	6.80e-03	9.93e-01	0.00e+00	0.00e+00	0.00e+00	0.00e+00	0.00e+00	2.33e-70
 4.70924e+22	6.51e-25	4.02e-18	2.43e-13	1.95e-09	1.72e-05	7.05e-03	9.93e-01	0.00e+00	0.00e+00	0.00e+00	0.00e+00	0.00e+00	3.86e-70
 4.72918e+22	7.79e-25	4.63e-18	2.69e-13	2.09e-09	1.82e-05	7.29e-03	9.93e-01	0.00e+00	0.00e+00	0.00e+00	0.00e+00	0.00e+00	6.23e-70
 4.74829e+22	9.27e-25	5.30e-18	2.98e-13	2.23e-09	1.92e-05	7.54e-03	9.92e-01	0.00e+00	0.00e+00	0.00e+00	0.00e+00	0.00e+00	9.91e-70
 4.76980e+22	1.15e-24	6.28e-18	3.37e-13	2.43e-09	2.05e-05	7.86e-03	9.92e-01	0.00e+00	0.00e+00	0.00e+00	0.00e+00	0.00e+00	1.77e-69
 4.79177e+22	1.39e-24	7.27e-18	3.75e-13	2.60e-09	2.17e-05	8.15e-03	9.92e-01	0.00e+00	0.00e+00	0.00e+00	0.00e+00	0.00e+00	2.95e-69
 4.81057e+22	1.65e-24	8.30e-18	4.13e-13	2.77e-09	2.28e-05	8.43e-03	9.92e-01	0.00e+00	0.00e+00	0.00e+00	0.00e+00	0.00e+00	4.65e-69
 4.83124e+22	2.04e-24	9.79e-18	4.66e-13	3.00e-09	2.43e-05	8.78e-03	9.91e-01	0.00e+00	0.00e+00	0.00e+00	0.00e+00	0.00e+00	8.27e-69
 4.85254e+22	2.46e-24	1.13e-17	5.18e-13	3.21e-09	2.57e-05	9.10e-03	9.91e-01	0.00e+00	0.00e+00	0.00e+00	0.00e+00	0.00e+00	1.37e-68
 4.87143e+22	2.94e-24	1.30e-17	5.72e-13	3.42e-09	2.71e-05	9.42e-03	9.91e-01	0.00e+00	0.00e+00	0.00e+00	0.00e+00	0.00e+00	2.23e-68
 4.89275e+22	3.66e-24	1.54e-17	6.48e-13	3.71e-09	2.90e-05	9.83e-03	9.90e-01	0.00e+00	0.00e+00	0.00e+00	0.00e+00	0.00e+00	4.04e-68
 4.91434e+22	4.43e-24	1.78e-17	7.20e-13	3.97e-09	3.07e-05	1.02e-02	9.90e-01	0.00e+00	0.00e+00	0.00e+00	0.00e+00	0.00e+00	6.77e-68
 4.93296e+22	5.28e-24	2.04e-17	7.94e-13	4.22e-09	3.24e-05	1.06e-02	9.89e-01	0.00e+00	0.00e+00	0.00e+00	0.00e+00	0.00e+00	1.10e-67
 4.95387e+22	6.58e-24	2.42e-17	8.98e-13	4.57e-09	3.46e-05	1.10e-02	9.89e-01	0.00e+00	0.00e+00	0.00e+00	0.00e+00	0.00e+00	2.00e-67
 4.97565e+22	8.04e-24	2.82e-17	1.00e-12	4.89e-09	3.67e-05	1.15e-02	9.89e-01	0.00e+00	0.00e+00	0.00e+00	0.00e+00	0.00e+00	3.48e-67
 4.99518e+22	9.66e-24	3.25e-17	1.11e-12	5.22e-09	3.88e-05	1.19e-02	9.88e-01	0.00e+00	0.00e+00	0.00e+00	0.00e+00	0.00e+00	5.73e-67
 5.01383e+22	1.16e-23	3.74e-17	1.23e-12	5.55e-09	4.10e-05	1.23e-02	9.88e-01	0.00e+00	0.00e+00	0.00e+00	0.00e+00	0.00e+00	9.53e-67
 5.03155e+22	1.37e-23	4.26e-17	1.35e-12	5.88e-09	4.31e-05	1.27e-02	9.87e-01	0.00e+00	0.00e+00	0.00e+00	0.00e+00	0.00e+00	1.51e-66
 5.05140e+22	1.72e-23	5.06e-17	1.52e-12	6.34e-09	4.60e-05	1.33e-02	9.87e-01	0.00e+00	0.00e+00	0.00e+00	5.06e-17	5.56e-26	2.83e-66
 5.07137e+22	2.06e-23	5.82e-17	1.68e-12	6.73e-09	4.86e-05	1.37e-02	9.86e-01	0.00e+00	0.00e+00	0.00e+00	5.82e-17	6.98e-24	4.68e-66
 5.08755e+22	2.40e-23	6.54e-17	1.83e-12	7.08e-09	5.08e-05	1.42e-02	9.86e-01	0.00e+00	0.00e+00	0.00e+00	6.54e-17	7.85e-24	7.16e-66
 5.10151e+22	2.77e-23	7.29e-17	1.97e-12	7.41e-09	5.30e-05	1.46e-02	9.85e-01	0.00e+00	0.00e+00	0.00e+00	7.29e-17	8.75e-24	1.07e-65
 5.11438e+22	3.16e-23	8.07e-17	2.12e-12	7.74e-09	5.51e-05	1.49e-02	9.85e-01	0.00e+00	0.00e+00	0.00e+00	8.07e-17	9.69e-24	1.54e-65
 5.12892e+22	3.73e-23	9.15e-17	2.32e-12	8.16e-09	5.78e-05	1.54e-02	9.85e-01	0.00e+00	0.00e+00	0.00e+00	9.15e-17	1.10e-23	2.43e-65
 5.14342e+22	4.28e-23	1.02e-16	2.50e-12	8.53e-09	6.03e-05	1.58e-02	9.84e-01	0.00e+00	0.00e+00	0.00e+00	1.02e-16	1.22e-23	3.58e-65
 5.15558e+22	4.87e-23	1.12e-16	2.68e-12	8.89e-09	6.26e-05	1.62e-02	9.84e-01	0.00e+00	0.00e+00	0.00e+00	1.12e-16	1.35e-23	5.11e-65
 5.16908e+22	5.70e-23	1.27e-16	2.92e-12	9.36e-09	6.56e-05	1.67e-02	9.83e-01	0.00e+00	0.00e+00	0.00e+00	1.27e-16	1.52e-23	7.93e-65
 5.18302e+22	6.57e-23	1.41e-16	3.16e-12	9.79e-09	6.84e-05	1.72e-02	9.83e-01	0.00e+00	0.00e+00	0.00e+00	1.41e-16	1.70e-23	1.18e-64
 5.19479e+22	7.45e-23	1.55e-16	3.38e-12	1.02e-08	7.09e-05	1.76e-02	9.82e-01	0.00e+00	0.00e+00	0.00e+00	1.55e-16	1.87e-23	1.67e-64
 5.20569e+22	8.46e-23	1.71e-16	3.62e-12	1.06e-08	7.36e-05	1.80e-02	9.82e-01	0.00e+00	0.00e+00	0.00e+00	1.71e-16	2.06e-23	2.38e-64
 5.21820e+22	9.92e-23	1.93e-16	3.94e-12	1.11e-08	7.71e-05	1.85e-02	9.81e-01	0.00e+00	0.00e+00	0.00e+00	1.93e-16	2.32e-23	3.71e-64
 5.23090e+22	1.13e-22	2.14e-16	4.23e-12	1.16e-08	8.01e-05	1.90e-02	9.81e-01	0.00e+00	0.00e+00	0.00e+00	2.14e-16	2.57e-23	5.34e-64
 5.24215e+22	1.29e-22	2.36e-16	4.55e-12	1.21e-08	8.32e-05	1.95e-02	9.80e-01	0.00e+00	0.00e+00	0.00e+00	2.36e-16	2.84e-23	7.67e-64
 5.25506e+22	1.53e-22	2.69e-16	4.99e-12	1.28e-08	8.75e-05	2.01e-02	9.80e-01	0.00e+00	0.00e+00	0.00e+00	2.69e-16	3.24e-23	1.23e-63
 5.26736e+22	1.73e-22	2.96e-16	5.34e-12	1.33e-08	9.08e-05	2.05e-02	9.79e-01	0.00e+00	0.00e+00	0.00e+00	2.96e-16	3.57e-23	1.73e-63
 5.27726e+22	1.97e-22	3.27e-16	5.72e-12	1.38e-08	9.41e-05	2.10e-02	9.79e-01	0.00e+00	0.00e+00	0.00e+00	3.27e-16	3.93e-23	2.47e-63
 5.28700e+22	2.22e-22	3.60e-16	6.12e-12	1.43e-08	9.76e-05	2.15e-02	9.78e-01	0.00e+00	0.00e+00	0.00e+00	3.60e-16	4.33e-23	3.47e-63
 5.29810e+22	2.60e-22	4.06e-16	6.67e-12	1.51e-08	1.02e-04	2.21e-02	9.78e-01	0.00e+00	0.00e+00	0.00e+00	4.06e-16	4.88e-23	5.33e-63
 5.30949e+22	3.00e-22	4.53e-16	7.21e-12	1.58e-08	1.06e-04	2.26e-02	9.77e-01	0.00e+00	0.00e+00	0.00e+00	4.53e-16	5.45e-23	7.89e-63
 5.31938e+22	3.39e-22	4.98e-16	7.72e-12	1.64e-08	1.10e-04	2.31e-02	9.77e-01	0.00e+00	0.00e+00	0.00e+00	4.98e-16	6.00e-23	1.10e-62
 5.33033e+22	4.07e-22	5.74e-16	8.53e-12	1.73e-08	1.16e-04	2.39e-02	9.76e-01	0.00e+00	0.00e+00	0.00e+00	5.74e-16	6.91e-23	1.81e-62
 5.34122e+22	4.61e-22	6.32e-16	9.15e-12	1.81e-08	1.20e-04	2.44e-02	9.75e-01	0.00e+00	0.00e+00	0.00e+00	6.32e-16	7.61e-23	2.53e-62
 5.35205e+22	5.58e-22	7.32e-16	1.02e-11	1.92e-08	1.27e-04	2.52e-02	9.75e-01	0.00e+00	0.00e+00	0.00e+00	7.32e-16	8.82e-23	4.24e-62
 5.36253e+22	6.33e-22	8.08e-16	1.09e-11	2.00e-08	1.32e-04	2.57e-02	9.74e-01	0.00e+00	0.00e+00	0.00e+00	8.08e-16	9.74e-23	5.95e-62
 5.37257e+22	7.54e-22	9.26e-16	1.20e-11	2.12e-08	1.39e-04	2.65e-02	9.73e-01	0.00e+00	0.00e+00	0.00e+00	9.26e-16	1.12e-22	9.49e-62
 5.38294e+22	8.76e-22	1.04e-15	1.31e-11	2.22e-08	1.45e-04	2.71e-02	9.73e-01	0.00e+00	0.00e+00	0.00e+00	1.04e-15	1.26e-22	1.41e-61
 5.39375e+22	1.07e-21	1.22e-15	1.47e-11	2.38e-08	1.53e-04	2.80e-02	9.72e-01	0.00e+00	0.00e+00	0.00e+00	1.22e-15	1.47e-22	2.41e-61
 5.40416e+22	1.24e-21	1.36e-15	1.59e-11	2.50e-08	1.59e-04	2.86e-02	9.71e-01	0.00e+00	0.00e+00	0.00e+00	1.36e-15	1.65e-22	3.48e-61
 5.41407e+22	1.52e-21	1.60e-15	1.79e-11	2.67e-08	1.69e-04	2.96e-02	9.70e-01	0.00e+00	0.00e+00	0.00e+00	1.60e-15	1.93e-22	5.90e-61
 5.42395e+22	1.74e-21	1.79e-15	1.94e-11	2.81e-08	1.76e-04	3.02e-02	9.70e-01	0.00e+00	0.00e+00	0.00e+00	1.79e-15	2.16e-22	8.45e-61
 5.43379e+22	2.17e-21	2.13e-15	2.21e-11	3.03e-08	1.86e-04	3.12e-02	9.69e-01	0.00e+00	0.00e+00	0.00e+00	2.13e-15	2.57e-22	1.48e-60
 5.44358e+22	2.52e-21	2.40e-15	2.42e-11	3.20e-08	1.94e-04	3.19e-02	9.68e-01	0.00e+00	0.00e+00	0.00e+00	2.40e-15	2.90e-22	2.17e-60
 5.45331e+22	3.16e-21	2.87e-15	2.76e-11	3.46e-08	2.07e-04	3.30e-02	9.67e-01	0.00e+00	0.00e+00	0.00e+00	2.87e-15	3.47e-22	3.83e-60
 5.46318e+22	3.74e-21	3.29e-15	3.05e-11	3.68e-08	2.17e-04	3.38e-02	9.66e-01	0.00e+00	0.00e+00	0.00e+00	3.29e-15	3.97e-22	5.82e-60
 5.47325e+22	4.71e-21	3.96e-15	3.51e-11	4.01e-08	2.31e-04	3.49e-02	9.65e-01	0.00e+00	0.00e+00	0.00e+00	3.96e-15	4.78e-22	1.03e-59
 5.48325e+22	5.63e-21	4.57e-15	3.91e-11	4.29e-08	2.42e-04	3.58e-02	9.64e-01	0.00e+00	0.00e+00	0.00e+00	4.57e-15	5.52e-22	1.60e-59
 5.49314e+22	7.16e-21	5.55e-15	4.52e-11	4.70e-08	2.59e-04	3.70e-02	9.63e-01	0.00e+00	0.00e+00	0.00e+00	5.55e-15	6.71e-22	2.88e-59
 5.50317e+22	8.68e-21	6.48e-15	5.09e-11	5.07e-08	2.73e-04	3.80e-02	9.62e-01	0.00e+00	0.00e+00	0.00e+00	6.48e-15	7.84e-22	4.58e-59
 5.51338e+22	1.12e-20	7.99e-15	5.96e-11	5.60e-08	2.92e-04	3.94e-02	9.60e-01	0.00e+00	0.00e+00	0.00e+00	7.99e-15	9.67e-22	8.51e-59
 5.52371e+22	1.38e-20	9.44e-15	6.77e-11	6.08e-08	3.09e-04	4.05e-02	9.59e-01	0.00e+00	0.00e+00	0.00e+00	9.44e-15	1.14e-21	1.39e-58
 5.53420e+22	1.81e-20	1.18e-14	8.03e-11	6.78e-08	3.32e-04	4.20e-02	9.58e-01	0.00e+00	0.00e+00	0.00e+00	1.18e-14	1.43e-21	2.65e-58
 5.54475e+22	2.24e-20	1.40e-14	9.17e-11	7.38e-08	3.51e-04	4.32e-02	9.56e-01	0.00e+00	0.00e+00	0.00e+00	1.40e-14	1.70e-21	4.36e-58
 5.55384e+22	2.76e-20	1.67e-14	1.05e-10	8.04e-08	3.71e-04	4.44e-02	9.55e-01	0.00e+00	0.00e+00	0.00e+00	1.67e-14	2.02e-21	7.12e-58
 5.56413e+22	3.65e-20	2.09e-14	1.25e-10	9.01e-08	4.00e-04	4.60e-02	9.54e-01	0.00e+00	0.00e+00	0.00e+00	2.09e-14	2.54e-21	1.36e-57
 5.57440e+22	4.47e-20	2.47e-14	1.42e-10	9.80e-08	4.22e-04	4.72e-02	9.52e-01	0.00e+00	0.00e+00	0.00e+00	2.47e-14	3.00e-21	2.17e-57
 5.58466e+22	5.89e-20	3.11e-14	1.69e-10	1.10e-07	4.54e-04	4.90e-02	9.51e-01	0.00e+00	0.00e+00	0.00e+00	3.11e-14	3.77e-21	4.11e-57
 5.59502e+22	7.22e-20	3.67e-14	1.92e-10	1.20e-07	4.79e-04	5.03e-02	9.49e-01	0.00e+00	0.00e+00	0.00e+00	3.67e-14	4.45e-21	6.54e-57
 5.60551e+22	9.56e-20	4.63e-14	2.30e-10	1.35e-07	5.16e-04	5.21e-02	9.47e-01	0.00e+00	0.00e+00	0.00e+00	4.63e-14	5.62e-21	1.24e-56
 5.61619e+22	1.18e-19	5.49e-14	2.63e-10	1.47e-07	5.46e-04	5.35e-02	9.46e-01	0.00e+00	0.00e+00	0.00e+00	5.49e-14	6.67e-21	1.99e-56
 5.62711e+22	1.55e-19	6.89e-14	3.14e-10	1.66e-07	5.87e-04	5.55e-02	9.44e-01	0.00e+00	0.00e+00	0.00e+00	6.89e-14	8.37e-21	3.72e-56
 5.63841e+22	1.94e-19	8.30e-14	3.63e-10	1.82e-07	6.24e-04	5.71e-02	9.42e-01	0.00e+00	0.00e+00	0.00e+00	8.30e-14	1.01e-20	6.19e-56
 5.65016e+22	2.58e-19	1.05e-13	4.37e-10	2.06e-07	6.74e-04	5.92e-02	9.40e-01	0.00e+00	0.00e+00	0.00e+00	1.05e-13	1.28e-20	1.18e-55
 5.66219e+22	3.24e-19	1.27e-13	5.06e-10	2.28e-07	7.17e-04	6.10e-02	9.38e-01	0.00e+00	0.00e+00	0.00e+00	1.27e-13	1.55e-20	1.97e-55
 5.67290e+22	4.03e-19	1.53e-13	5.84e-10	2.51e-07	7.61e-04	6.28e-02	9.36e-01	0.00e+00	0.00e+00	0.00e+00	1.53e-13	1.86e-20	3.24e-55
 5.68513e+22	5.34e-19	1.93e-13	7.02e-10	2.84e-07	8.21e-04	6.51e-02	9.34e-01	0.00e+00	0.00e+00	0.00e+00	1.93e-13	2.35e-20	6.10e-55
 5.69754e+22	6.63e-19	2.31e-13	8.08e-10	3.12e-07	8.72e-04	6.70e-02	9.32e-01	0.00e+00	0.00e+00	0.00e+00	2.31e-13	2.81e-20	9.94e-55
 5.71017e+22	8.76e-19	2.91e-13	9.69e-10	3.53e-07	9.41e-04	6.95e-02	9.30e-01	0.00e+00	0.00e+00	0.00e+00	2.91e-13	3.54e-20	1.85e-54
 5.72244e+22	1.06e-18	3.42e-13	1.10e-09	3.85e-07	9.93e-04	7.13e-02	9.28e-01	0.00e+00	0.00e+00	0.00e+00	3.42e-13	4.17e-20	2.86e-54
 5.73423e+22	1.37e-18	4.22e-13	1.30e-09	4.31e-07	1.07e-03	7.37e-02	9.25e-01	0.00e+00	0.00e+00	0.00e+00	4.22e-13	5.15e-20	5.05e-54
 5.74625e+22	1.64e-18	4.95e-13	1.47e-09	4.69e-07	1.12e-03	7.56e-02	9.23e-01	0.00e+00	0.00e+00	0.00e+00	4.95e-13	6.04e-20	7.67e-54
 5.75855e+22	2.12e-18	6.14e-13	1.74e-09	5.27e-07	1.21e-03	7.83e-02	9.21e-01	0.00e+00	0.00e+00	0.00e+00	6.14e-13	7.50e-20	1.36e-53
 5.77104e+22	2.55e-18	7.17e-13	1.97e-09	5.73e-07	1.27e-03	8.02e-02	9.18e-01	0.00e+00	0.00e+00	0.00e+00	7.17e-13	8.76e-20	2.07e-53
 5.78374e+22	3.29e-18	8.89e-13	2.34e-09	6.43e-07	1.37e-03	8.30e-02	9.16e-01	0.00e+00	0.00e+00	0.00e+00	8.89e-13	1.09e-19	3.67e-53
 5.79623e+22	3.90e-18	1.03e-12	2.62e-09	6.95e-07	1.44e-03	8.50e-02	9.14e-01	0.00e+00	0.00e+00	0.00e+00	1.03e-12	1.25e-19	5.37e-53
 5.80844e+22	4.94e-18	1.25e-12	3.06e-09	7.75e-07	1.54e-03	8.77e-02	9.11e-01	0.00e+00	0.00e+00	0.00e+00	1.25e-12	1.53e-19	9.14e-53
 5.82089e+22	5.87e-18	1.45e-12	3.44e-09	8.39e-07	1.62e-03	8.98e-02	9.09e-01	0.00e+00	0.00e+00	0.00e+00	1.45e-12	1.77e-19	1.35e-52
 5.83367e+22	7.44e-18	1.77e-12	4.03e-09	9.37e-07	1.73e-03	9.28e-02	9.05e-01	0.00e+00	0.00e+00	0.00e+00	1.77e-12	2.17e-19	2.30e-52
 5.84668e+22	8.87e-18	2.06e-12	4.54e-09	1.02e-06	1.82e-03	9.51e-02	9.03e-01	0.00e+00	0.00e+00	0.00e+00	2.06e-12	2.52e-19	3.42e-52
 5.86002e+22	5.20e-20	2.52e-12	5.32e-09	1.14e-06	1.96e-03	9.82e-02	9.00e-01	0.00e+00	0.00e+00	0.00e+00	2.52e-12	3.09e-19	6.51e-53
 5.87359e+22	6.27e-20	2.93e-12	6.00e-09	1.23e-06	2.06e-03	1.01e-01	8.97e-01	0.00e+00	0.00e+00	0.00e+00	2.93e-12	3.59e-19	9.69e-53
 5.88746e+22	2.09e-20	3.59e-12	7.05e-09	1.38e-06	2.21e-03	1.04e-01	8.94e-01	0.00e+00	0.00e+00	0.00e+00	3.59e-12	4.40e-19	1.61e-52
 5.90160e+22	2.54e-20	4.17e-12	7.95e-09	1.50e-06	2.33e-03	1.07e-01	8.91e-01	0.00e+00	0.00e+00	0.00e+00	4.17e-12	5.13e-19	2.40e-52
 5.91608e+22	3.28e-20	5.12e-12	9.35e-09	1.68e-06	2.50e-03	1.10e-01	8.87e-01	0.00e+00	0.00e+00	0.00e+00	5.12e-12	6.30e-19	4.10e-52
 5.93023e+22	3.88e-20	5.84e-12	1.04e-08	1.81e-06	2.63e-03	1.13e-01	8.85e-01	0.00e+00	0.00e+00	0.00e+00	5.84e-12	7.19e-19	5.84e-52
 5.94395e+22	4.96e-20	7.10e-12	1.21e-08	2.02e-06	2.81e-03	1.16e-01	8.81e-01	0.00e+00	0.00e+00	0.00e+00	7.10e-12	8.74e-19	9.72e-52
 5.95789e+22	5.87e-20	8.10e-12	1.35e-08	2.18e-06	2.95e-03	1.19e-01	8.78e-01	0.00e+00	0.00e+00	0.00e+00	8.10e-12	9.99e-19	1.39e-51
 5.97212e+22	7.44e-20	9.77e-12	1.57e-08	2.42e-06	3.15e-03	1.23e-01	8.74e-01	0.00e+00	0.00e+00	0.00e+00	9.77e-12	1.21e-18	2.27e-51
 5.98678e+22	9.00e-20	1.13e-11	1.76e-08	2.63e-06	3.32e-03	1.26e-01	8.71e-01	0.00e+00	0.00e+00	0.00e+00	1.13e-11	1.40e-18	3.37e-51
 6.00203e+22	1.14e-19	1.37e-11	2.05e-08	2.92e-06	3.55e-03	1.30e-01	8.67e-01	0.00e+00	0.00e+00	0.00e+00	1.37e-11	1.69e-18	5.52e-51
 6.01778e+22	1.40e-19	1.60e-11	2.32e-08	3.19e-06	3.76e-03	1.33e-01	8.63e-01	0.00e+00	0.00e+00	0.00e+00	1.60e-11	1.98e-18	8.37e-51
 6.03417e+22	1.79e-19	1.94e-11	2.71e-08	3.56e-06	4.03e-03	1.37e-01	8.59e-01	0.00e+00	0.00e+00	0.00e+00	1.94e-11	2.40e-18	1.40e-50
 6.05102e+22	2.20e-19	2.28e-11	3.08e-08	3.90e-06	4.27e-03	1.41e-01	8.55e-01	0.00e+00	0.00e+00	0.00e+00	2.28e-11	2.83e-18	2.15e-50
 6.06846e+22	2.84e-19	2.78e-11	3.61e-08	4.37e-06	4.59e-03	1.46e-01	8.50e-01	0.00e+00	0.00e+00	0.00e+00	2.78e-11	3.45e-18	3.65e-50
 6.08648e+22	3.53e-19	3.29e-11	4.13e-08	4.81e-06	4.87e-03	1.50e-01	8.45e-01	0.00e+00	0.00e+00	0.00e+00	3.29e-11	4.09e-18	5.71e-50
 6.10526e+22	4.61e-19	4.05e-11	4.88e-08	5.42e-06	5.25e-03	1.55e-01	8.40e-01	0.00e+00	0.00e+00	0.00e+00	4.05e-11	5.04e-18	9.94e-50
 6.12452e+22	5.77e-19	4.82e-11	5.61e-08	5.99e-06	5.60e-03	1.59e-01	8.35e-01	0.00e+00	0.00e+00	0.00e+00	4.82e-11	6.01e-18	1.58e-49
 6.14180e+22	7.12e-19	5.67e-11	6.39e-08	6.58e-06	5.94e-03	1.64e-01	8.30e-01	0.00e+00	0.00e+00	0.00e+00	5.67e-11	7.08e-18	2.45e-49
 6.16166e+22	9.54e-19	7.12e-11	7.67e-08	7.49e-06	6.45e-03	1.70e-01	8.24e-01	0.00e+00	0.00e+00	0.00e+00	7.12e-11	8.90e-18	4.45e-49
 6.18164e+22	1.18e-18	8.36e-11	8.73e-08	8.22e-06	6.84e-03	1.74e-01	8.19e-01	0.00e+00	0.00e+00	0.00e+00	8.36e-11	1.05e-17	6.87e-49
 6.20178e+22	1.57e-18	1.04e-10	1.04e-07	9.33e-06	7.41e-03	1.81e-01	8.12e-01	0.00e+00	0.00e+00	0.00e+00	1.04e-10	1.31e-17	1.24e-48
 6.22234e+22	1.97e-18	1.25e-10	1.20e-07	1.03e-05	7.90e-03	1.86e-01	8.06e-01	0.00e+00	0.00e+00	0.00e+00	1.25e-10	1.57e-17	1.98e-48
 6.24346e+22	2.65e-18	1.57e-10	1.44e-07	1.18e-05	8.58e-03	1.93e-01	7.99e-01	0.00e+00	0.00e+00	0.00e+00	1.57e-10	1.97e-17	3.63e-48
 6.26491e+22	3.37e-18	1.89e-10	1.68e-07	1.31e-05	9.17e-03	1.99e-01	7.92e-01	0.00e+00	0.00e+00	0.00e+00	1.89e-10	2.38e-17	5.91e-48
 6.28678e+22	4.61e-18	2.41e-10	2.04e-07	1.51e-05	1.00e-02	2.06e-01	7.84e-01	0.00e+00	0.00e+00	0.00e+00	2.41e-10	3.04e-17	1.12e-47
 6.30746e+22	5.66e-18	2.82e-10	2.32e-07	1.65e-05	1.06e-02	2.11e-01	7.78e-01	0.00e+00	0.00e+00	0.00e+00	2.82e-10	3.57e-17	1.70e-47
 6.32658e+22	7.48e-18	3.51e-10	2.76e-07	1.87e-05	1.15e-02	2.19e-01	7.70e-01	0.00e+00	0.00e+00	0.00e+00	3.51e-10	4.45e-17	2.98e-47
 6.34585e+22	9.20e-18	4.12e-10	3.14e-07	2.05e-05	1.21e-02	2.24e-01	7.64e-01	0.00e+00	0.00e+00	0.00e+00	4.12e-10	5.23e-17	4.53e-47
 6.36534e+22	1.23e-17	5.17e-10	3.76e-07	2.33e-05	1.32e-02	2.32e-01	7.55e-01	0.00e+00	0.00e+00	0.00e+00	5.17e-10	6.58e-17	8.09e-47
 6.38500e+22	1.53e-17	6.13e-10	4.32e-07	2.57e-05	1.40e-02	2.38e-01	7.48e-01	0.00e+00	0.00e+00	0.00e+00	6.13e-10	7.81e-17	1.25e-46
 6.40489e+22	2.06e-17	7.74e-10	5.20e-07	2.94e-05	1.52e-02	2.46e-01	7.39e-01	0.00e+00	0.00e+00	0.00e+00	7.74e-10	9.89e-17	2.26e-46
 6.42506e+22	2.59e-17	9.24e-10	6.00e-07	3.25e-05	1.62e-02	2.53e-01	7.31e-01	0.00e+00	0.00e+00	0.00e+00	9.24e-10	1.18e-16	3.55e-46
 6.44558e+22	3.54e-17	1.18e-09	7.31e-07	3.74e-05	1.76e-02	2.62e-01	7.21e-01	0.00e+00	0.00e+00	0.00e+00	1.18e-09	1.52e-16	6.54e-46
 6.46638e+22	4.48e-17	1.42e-09	8.47e-07	4.16e-05	1.88e-02	2.69e-01	7.12e-01	0.00e+00	0.00e+00	0.00e+00	1.42e-09	1.82e-16	1.04e-45
 6.48754e+22	6.17e-17	1.82e-09	1.04e-06	4.80e-05	2.05e-02	2.79e-01	7.01e-01	6.17e-17	8.27e-23	1.98e-23	1.82e-09	2.35e-16	1.94e-45
 6.50916e+22	7.98e-17	2.23e-09	1.22e-06	5.39e-05	2.21e-02	2.87e-01	6.91e-01	7.98e-17	2.80e-21	4.36e-22	2.23e-09	2.88e-16	3.18e-45
 6.53138e+22	1.12e-16	2.91e-09	1.51e-06	6.28e-05	2.42e-02	2.97e-01	6.78e-01	1.12e-16	3.93e-21	6.14e-22	2.91e-09	3.77e-16	6.06e-45
 6.55403e+22	1.47e-16	3.59e-09	1.80e-06	7.10e-05	2.61e-02	3.06e-01	6.68e-01	1.47e-16	5.17e-21	8.08e-22	3.59e-09	4.68e-16	1.01e-44
 6.57653e+22	2.06e-16	4.67e-09	2.22e-06	8.26e-05	2.86e-02	3.17e-01	6.54e-01	2.06e-16	7.26e-21	1.14e-21	4.67e-09	6.10e-16	1.90e-44
 6.59790e+22	2.63e-16	5.63e-09	2.58e-06	9.21e-05	3.06e-02	3.25e-01	6.44e-01	2.63e-16	9.26e-21	1.45e-21	5.63e-09	7.37e-16	2.97e-44
 6.61853e+22	3.63e-16	7.21e-09	3.16e-06	1.07e-04	3.34e-02	3.36e-01	6.31e-01	3.63e-16	1.28e-20	2.01e-21	7.21e-09	9.48e-16	5.31e-44
 6.63956e+22	4.70e-16	8.77e-09	3.71e-06	1.20e-04	3.57e-02	3.45e-01	6.20e-01	4.70e-16	1.66e-20	2.60e-21	8.77e-09	1.16e-15	8.39e-44
 6.66020e+22	6.44e-16	1.11e-08	4.51e-06	1.38e-04	3.89e-02	3.55e-01	6.06e-01	6.43e-16	2.28e-20	3.57e-21	1.11e-08	1.47e-15	1.45e-43
 6.68127e+22	8.46e-16	1.36e-08	5.33e-06	1.55e-04	4.18e-02	3.64e-01	5.94e-01	8.45e-16	2.99e-20	4.70e-21	1.36e-08	1.80e-15	2.31e-43
 6.70180e+22	1.14e-15	1.70e-08	6.40e-06	1.77e-04	4.53e-02	3.75e-01	5.80e-01	1.14e-15	4.06e-20	6.37e-21	1.70e-08	2.26e-15	3.82e-43
 6.72275e+22	1.53e-15	2.09e-08	7.60e-06	2.01e-04	4.87e-02	3.84e-01	5.67e-01	1.53e-15	5.42e-20	8.52e-21	2.09e-08	2.79e-15	6.08e-43
 6.74350e+22	2.07e-15	2.58e-08	9.06e-06	2.29e-04	5.26e-02	3.94e-01	5.53e-01	2.07e-15	7.35e-20	1.16e-20	2.58e-08	3.46e-15	9.75e-43
 6.76436e+22	2.79e-15	3.16e-08	1.08e-05	2.60e-04	5.66e-02	4.04e-01	5.39e-01	2.79e-15	9.95e-20	1.57e-20	3.16e-08	4.26e-15	1.53e-42
 6.78497e+22	3.80e-15	3.86e-08	1.27e-05	2.94e-04	6.09e-02	4.13e-01	5.26e-01	3.80e-15	1.36e-19	2.14e-20	3.86e-08	5.22e-15	2.37e-42
 6.80555e+22	5.22e-15	4.70e-08	1.50e-05	3.33e-04	6.55e-02	4.22e-01	5.12e-01	5.22e-15	1.86e-19	2.94e-20	4.70e-08	6.38e-15	3.64e-42
 6.82616e+22	7.27e-15	5.70e-08	1.77e-05	3.76e-04	7.03e-02	4.31e-01	4.98e-01	7.27e-15	2.60e-19	4.10e-20	5.70e-08	7.78e-15	5.53e-42
 6.84686e+22	1.03e-14	6.88e-08	2.09e-05	4.25e-04	7.54e-02	4.40e-01	4.84e-01	1.03e-14	3.70e-19	5.85e-20	6.88e-08	9.45e-15	8.32e-42
 6.86769e+22	1.52e-14	8.30e-08	2.46e-05	4.80e-04	8.08e-02	4.49e-01	4.70e-01	1.52e-14	5.44e-19	8.60e-20	8.30e-08	1.14e-14	1.24e-41
 6.88870e+22	2.33e-14	9.98e-08	2.88e-05	5.42e-04	8.66e-02	4.57e-01	4.55e-01	2.33e-14	8.38e-19	1.33e-19	9.98e-08	1.38e-14	1.85e-41
 6.90996e+22	3.85e-14	1.20e-07	3.38e-05	6.11e-04	9.27e-02	4.66e-01	4.41e-01	3.85e-14	1.39e-18	2.20e-19	1.20e-07	1.67e-14	2.76e-41
 6.93134e+22	7.12e-14	1.43e-07	3.95e-05	6.88e-04	9.90e-02	4.73e-01	4.27e-01	7.12e-14	2.57e-18	4.08e-19	1.43e-07	2.00e-14	4.13e-41
 6.95306e+22	1.60e-13	1.71e-07	4.64e-05	7.76e-04	1.06e-01	4.81e-01	4.12e-01	1.60e-13	5.79e-18	9.19e-19	1.71e-07	2.41e-14	6.48e-41
 6.97503e+22	4.51e-13	2.03e-07	5.40e-05	8.72e-04	1.13e-01	4.88e-01	3.98e-01	4.51e-13	1.64e-17	2.60e-18	2.03e-07	2.88e-14	1.13e-40
 6.99743e+22	1.36e-12	2.42e-07	6.33e-05	9.85e-04	1.21e-01	4.95e-01	3.83e-01	1.36e-12	4.95e-17	7.88e-18	2.42e-07	3.46e-14	2.36e-40
 7.01827e+22	2.68e-12	2.78e-07	7.18e-05	1.08e-03	1.27e-01	5.00e-01	3.71e-01	2.68e-12	9.77e-17	1.56e-17	2.78e-07	3.99e-14	4.25e-40
 7.03974e+22	4.28e-12	3.32e-07	8.44e-05	1.23e-03	1.36e-01	5.06e-01	3.56e-01	4.28e-12	1.56e-16	2.49e-17	3.32e-07	4.80e-14	7.19e-40
 7.06155e+22	5.80e-12	3.81e-07	9.56e-05	1.35e-03	1.44e-01	5.11e-01	3.44e-01	5.80e-12	2.13e-16	3.39e-17	3.81e-07	5.54e-14	1.05e-39
 7.08385e+22	1.44e-11	4.54e-07	1.12e-04	1.53e-03	1.53e-01	5.16e-01	3.29e-01	1.44e-11	5.29e-16	8.46e-17	4.54e-07	6.66e-14	2.57e-39
 7.10627e+22	1.69e-11	5.17e-07	1.27e-04	1.68e-03	1.61e-01	5.19e-01	3.18e-01	1.69e-11	6.21e-16	9.94e-17	5.17e-07	7.64e-14	3.36e-39
 7.12884e+22	2.06e-11	6.11e-07	1.48e-04	1.90e-03	1.72e-01	5.23e-01	3.03e-01	2.06e-11	7.60e-16	1.22e-16	6.11e-07	9.11e-14	4.66e-39
 7.15153e+22	2.39e-11	6.94e-07	1.67e-04	2.08e-03	1.80e-01	5.26e-01	2.92e-01	2.39e-11	8.84e-16	1.42e-16	6.94e-07	1.04e-13	6.01e-39
 7.17440e+22	2.87e-11	8.15e-07	1.94e-04	2.34e-03	1.91e-01	5.28e-01	2.78e-01	2.87e-11	1.07e-15	1.72e-16	8.15e-07	1.23e-13	8.22e-39
 7.19745e+22	3.31e-11	9.21e-07	2.17e-04	2.56e-03	2.00e-01	5.30e-01	2.67e-01	3.31e-11	1.23e-15	1.98e-16	9.21e-07	1.41e-13	1.05e-38
 7.22076e+22	3.95e-11	1.08e-06	2.52e-04	2.87e-03	2.12e-01	5.31e-01	2.53e-01	3.95e-11	1.48e-15	2.38e-16	1.08e-06	1.66e-13	1.43e-38
 7.24436e+22	4.53e-11	1.21e-06	2.82e-04	3.14e-03	2.22e-01	5.32e-01	2.43e-01	4.53e-11	1.70e-15	2.74e-16	1.21e-06	1.89e-13	1.82e-38
 7.26834e+22	5.37e-11	1.42e-06	3.27e-04	3.52e-03	2.35e-01	5.32e-01	2.30e-01	5.37e-11	2.02e-15	3.27e-16	1.42e-06	2.23e-13	2.46e-38
 7.29271e+22	6.14e-11	1.59e-06	3.66e-04	3.84e-03	2.45e-01	5.31e-01	2.20e-01	6.14e-11	2.32e-15	3.76e-16	1.59e-06	2.53e-13	3.14e-38
 7.31761e+22	7.25e-11	1.85e-06	4.23e-04	4.30e-03	2.59e-01	5.29e-01	2.07e-01	7.25e-11	2.75e-15	4.47e-16	1.85e-06	2.98e-13	4.24e-38
 7.34302e+22	8.28e-11	2.09e-06	4.74e-04	4.70e-03	2.70e-01	5.28e-01	1.97e-01	8.28e-11	3.16e-15	5.13e-16	2.09e-06	3.39e-13	5.46e-38
 7.36910e+22	9.76e-11	2.43e-06	5.49e-04	5.28e-03	2.85e-01	5.24e-01	1.85e-01	9.76e-11	3.74e-15	6.09e-16	2.43e-06	4.00e-13	7.43e-38
 7.39584e+22	1.11e-10	2.74e-06	6.16e-04	5.77e-03	2.97e-01	5.21e-01	1.75e-01	1.11e-10	4.29e-15	7.00e-16	2.74e-06	4.57e-13	9.66e-38
 7.41836e+22	1.25e-10	3.04e-06	6.80e-04	6.24e-03	3.08e-01	5.18e-01	1.67e-01	1.25e-10	4.83e-15	7.89e-16	3.04e-06	5.12e-13	1.21e-37
 7.44261e+22	1.44e-10	3.47e-06	7.73e-04	6.90e-03	3.22e-01	5.13e-01	1.57e-01	1.44e-10	5.59e-15	9.16e-16	3.47e-06	5.92e-13	1.60e-37
 7.46721e+22	1.61e-10	3.85e-06	8.54e-04	7.46e-03	3.34e-01	5.09e-01	1.49e-01	1.61e-10	6.28e-15	1.03e-15	3.85e-06	6.65e-13	2.02e-37
 7.48850e+22	1.79e-10	4.25e-06	9.38e-04	8.02e-03	3.44e-01	5.05e-01	1.42e-01	1.79e-10	7.01e-15	1.15e-15	4.25e-06	7.41e-13	2.51e-37
 7.51240e+22	2.04e-10	4.80e-06	1.06e-03	8.82e-03	3.59e-01	4.98e-01	1.33e-01	2.04e-10	8.02e-15	1.32e-15	4.80e-06	8.50e-13	3.30e-37
 7.53622e+22	2.26e-10	5.28e-06	1.16e-03	9.44e-03	3.69e-01	4.93e-01	1.27e-01	2.26e-10	8.94e-15	1.48e-15	5.28e-06	9.45e-13	4.15e-37
 7.55992e+22	2.56e-10	5.93e-06	1.30e-03	1.03e-02	3.83e-01	4.86e-01	1.19e-01	2.56e-10	1.02e-14	1.68e-15	5.93e-06	1.08e-12	5.43e-37
 7.58395e+22	2.84e-10	6.53e-06	1.42e-03	1.11e-02	3.94e-01	4.81e-01	1.13e-01	2.84e-10	1.13e-14	1.88e-15	6.53e-06	1.20e-12	6.88e-37
 7.60843e+22	3.21e-10	7.34e-06	1.59e-03	1.21e-02	4.09e-01	4.72e-01	1.05e-01	3.21e-10	1.29e-14	2.15e-15	7.34e-06	1.38e-12	9.13e-37
 7.63331e+22	3.57e-10	8.09e-06	1.74e-03	1.30e-02	4.20e-01	4.66e-01	9.96e-02	3.57e-10	1.45e-14	2.41e-15	8.09e-06	1.54e-12	1.17e-36
 7.65874e+22	4.04e-10	9.10e-06	1.95e-03	1.42e-02	4.35e-01	4.57e-01	9.24e-02	4.04e-10	1.65e-14	2.75e-15	9.10e-06	1.76e-12	1.57e-36
 7.68455e+22	4.50e-10	1.00e-05	2.14e-03	1.52e-02	4.46e-01	4.49e-01	8.72e-02	4.50e-10	1.85e-14	3.09e-15	1.00e-05	1.97e-12	2.04e-36
 7.71085e+22	5.09e-10	1.13e-05	2.40e-03	1.66e-02	4.61e-01	4.39e-01	8.06e-02	5.09e-10	2.10e-14	3.53e-15	1.13e-05	2.26e-12	2.77e-36
 7.73775e+22	5.67e-10	1.25e-05	2.63e-03	1.78e-02	4.73e-01	4.31e-01	7.57e-02	5.67e-10	2.36e-14	3.97e-15	1.25e-05	2.54e-12	3.64e-36
 7.76542e+22	6.47e-10	1.42e-05	2.96e-03	1.95e-02	4.88e-01	4.20e-01	6.97e-02	6.47e-10	2.72e-14	4.59e-15	1.42e-05	2.94e-12	5.13e-36
 7.79394e+22	7.22e-10	1.57e-05	3.26e-03	2.10e-02	5.01e-01	4.10e-01	6.50e-02	7.22e-10	3.05e-14	5.17e-15	1.57e-05	3.32e-12	6.83e-36
 7.82355e+22	8.28e-10	1.79e-05	3.68e-03	2.30e-02	5.16e-01	3.98e-01	5.93e-02	8.28e-10	3.54e-14	6.01e-15	1.79e-05	3.88e-12	9.86e-36
 7.85333e+22	9.29e-10	1.98e-05	4.04e-03	2.46e-02	5.28e-01	3.88e-01	5.52e-02	9.29e-10	4.00e-14	6.82e-15	1.98e-05	4.39e-12	1.34e-35
 7.88332e+22	1.06e-09	2.25e-05	4.55e-03	2.70e-02	5.43e-01	3.75e-01	5.02e-02	1.06e-09	4.62e-14	7.89e-15	2.25e-05	5.12e-12	1.95e-35
 7.91364e+22	1.20e-09	2.51e-05	4.99e-03	2.88e-02	5.54e-01	3.65e-01	4.67e-02	1.20e-09	5.26e-14	9.02e-15	2.51e-05	5.82e-12	2.70e-35
 7.94439e+22	1.36e-09	2.85e-05	5.62e-03	3.16e-02	5.69e-01	3.51e-01	4.21e-02	1.36e-09	6.06e-14	1.04e-14	2.85e-05	6.79e-12	3.97e-35
 7.97562e+22	1.54e-09	3.18e-05	6.17e-03	3.37e-02	5.80e-01	3.41e-01	3.90e-02	1.54e-09	6.93e-14	1.20e-14	3.18e-05	7.75e-12	5.59e-35
 8.00746e+22	1.77e-09	3.62e-05	6.96e-03	3.69e-02	5.94e-01	3.27e-01	3.50e-02	1.77e-09	8.04e-14	1.39e-14	3.62e-05	9.09e-12	8.40e-35
 8.03900e+22	1.99e-09	4.02e-05	7.61e-03	3.93e-02	6.04e-01	3.17e-01	3.24e-02	1.99e-09	9.14e-14	1.59e-14	4.02e-05	1.03e-11	1.18e-34
 8.06463e+22	2.18e-09	4.39e-05	8.22e-03	4.16e-02	6.12e-01	3.08e-01	3.01e-02	2.18e-09	1.01e-13	1.77e-14	4.39e-05	1.15e-11	1.56e-34
 8.09245e+22	2.47e-09	4.92e-05	9.08e-03	4.47e-02	6.22e-01	2.96e-01	2.75e-02	2.47e-09	1.16e-13	2.04e-14	4.92e-05	1.33e-11	2.27e-34
 8.12065e+22	2.74e-09	5.41e-05	9.84e-03	4.74e-02	6.31e-01	2.87e-01	2.54e-02	2.74e-09	1.30e-13	2.28e-14	5.41e-05	1.49e-11	3.09e-34
 8.14552e+22	3.02e-09	5.92e-05	1.06e-02	5.01e-02	6.38e-01	2.78e-01	2.36e-02	3.02e-09	1.45e-13	2.56e-14	5.92e-05	1.67e-11	4.18e-34
 8.17404e+22	3.43e-09	6.65e-05	1.17e-02	5.36e-02	6.47e-01	2.66e-01	2.14e-02	3.43e-09	1.67e-13	2.96e-14	6.65e-05	1.93e-11	6.17e-34
 8.20364e+22	3.81e-09	7.34e-05	1.28e-02	5.70e-02	6.54e-01	2.56e-01	1.96e-02	3.81e-09	1.88e-13	3.34e-14	7.34e-05	2.19e-11	8.61e-34
 8.23006e+22	4.24e-09	8.08e-05	1.38e-02	6.01e-02	6.61e-01	2.47e-01	1.81e-02	4.24e-09	2.11e-13	3.77e-14	8.08e-05	2.47e-11	1.19e-33
 8.25985e+22	4.85e-09	9.12e-05	1.52e-02	6.43e-02	6.68e-01	2.36e-01	1.63e-02	4.85e-09	2.46e-13	4.40e-14	9.12e-05	2.88e-11	1.80e-33
 8.29096e+22	5.41e-09	1.01e-04	1.66e-02	6.84e-02	6.74e-01	2.26e-01	1.48e-02	5.41e-09	2.78e-13	5.00e-14	1.01e-04	3.29e-11	2.58e-33
 8.31902e+22	6.05e-09	1.12e-04	1.80e-02	7.22e-02	6.79e-01	2.17e-01	1.36e-02	6.05e-09	3.15e-13	5.69e-14	1.12e-04	3.74e-11	3.65e-33
 8.35073e+22	6.98e-09	1.27e-04	1.99e-02	7.73e-02	6.85e-01	2.06e-01	1.21e-02	6.98e-09	3.71e-13	6.72e-14	1.27e-04	4.41e-11	5.69e-33
 8.38345e+22	7.82e-09	1.41e-04	2.17e-02	8.21e-02	6.89e-01	1.96e-01	1.09e-02	7.82e-09	4.22e-13	7.69e-14	1.41e-04	5.06e-11	8.30e-33
 8.41257e+22	8.80e-09	1.57e-04	2.36e-02	8.66e-02	6.93e-01	1.87e-01	9.94e-03	8.79e-09	4.82e-13	8.81e-14	1.57e-04	5.79e-11	1.20e-32
