#depth	Cl	Cl+	Cl+2	Cl+3	Cl+4	Cl+5	Cl+6	Cl+7	Cl+8	Cl+9	Cl+10	Cl+11	Cl+12	Cl+13	Cl+14	Cl+15	Cl+16	Cl+17
 4.62852e+21	0.00e+00	0.00e+00	0.00e+00	0.00e+00	0.00e+00	0.00e+00	0.00e+00	0.00e+00	0.00e+00	0.00e+00	1.31e-21	4.32e-18	7.77e-15	8.88e-12	1.12e-08	2.61e-05	8.96e-03	9.91e-01
 1.05226e+22	0.00e+00	0.00e+00	0.00e+00	0.00e+00	0.00e+00	0.00e+00	0.00e+00	0.00e+00	0.00e+00	4.08e-24	1.56e-20	3.58e-17	4.70e-14	3.75e-11	3.30e-08	5.35e-05	1.28e-02	9.87e-01
 1.26271e+22	0.00e+00	0.00e+00	0.00e+00	0.00e+00	0.00e+00	0.00e+00	0.00e+00	0.00e+00	4.17e-27	2.72e-23	8.20e-20	1.48e-16	1.53e-13	9.64e-11	6.70e-08	8.58e-05	1.62e-02	9.84e-01
 1.41374e+22	0.00e+00	0.00e+00	0.00e+00	0.00e+00	0.00e+00	0.00e+00	0.00e+00	0.00e+00	2.24e-26	1.20e-22	3.00e-19	4.59e-16	3.93e-13	2.05e-10	1.18e-07	1.25e-04	1.95e-02	9.80e-01
 1.50141e+22	0.00e+00	0.00e+00	0.00e+00	0.00e+00	0.00e+00	0.00e+00	0.00e+00	0.00e+00	3.74e-26	1.90e-22	4.46e-19	6.44e-16	5.21e-13	2.57e-10	1.39e-07	1.40e-04	2.06e-02	9.79e-01
 1.54866e+22	0.00e+00	0.00e+00	0.00e+00	0.00e+00	0.00e+00	0.00e+00	0.00e+00	0.00e+00	7.31e-26	3.44e-22	7.50e-19	1.01e-15	7.55e-13	3.45e-10	1.74e-07	1.62e-04	2.22e-02	9.78e-01
 1.59977e+22	0.00e+00	0.00e+00	0.00e+00	0.00e+00	0.00e+00	0.00e+00	0.00e+00	1.31e-29	1.35e-25	5.92e-22	1.20e-18	1.51e-15	1.06e-12	4.51e-10	2.13e-07	1.85e-04	2.37e-02	9.76e-01
 1.64854e+22	0.00e+00	0.00e+00	0.00e+00	0.00e+00	0.00e+00	0.00e+00	0.00e+00	2.60e-29	2.48e-25	1.02e-21	1.93e-18	2.26e-15	1.48e-12	5.90e-10	2.60e-07	2.12e-04	2.53e-02	9.74e-01
 1.70460e+22	0.00e+00	0.00e+00	0.00e+00	0.00e+00	0.00e+00	0.00e+00	0.00e+00	6.53e-29	5.67e-25	2.12e-21	3.66e-18	3.90e-15	2.33e-12	8.49e-10	3.42e-07	2.54e-04	2.77e-02	9.72e-01
 1.75930e+22	0.00e+00	0.00e+00	0.00e+00	0.00e+00	0.00e+00	0.00e+00	0.00e+00	1.20e-28	9.79e-25	3.44e-21	5.59e-18	5.59e-15	3.14e-12	1.08e-09	4.09e-07	2.86e-04	2.93e-02	9.70e-01
 1.81223e+22	0.00e+00	0.00e+00	0.00e+00	0.00e+00	0.00e+00	0.00e+00	0.00e+00	2.89e-28	2.15e-24	6.91e-21	1.03e-17	9.41e-15	4.85e-12	1.53e-09	5.30e-07	3.39e-04	3.19e-02	9.68e-01
 1.86496e+22	0.00e+00	0.00e+00	0.00e+00	0.00e+00	0.00e+00	0.00e+00	0.00e+00	5.27e-28	3.70e-24	1.12e-20	1.56e-17	1.35e-14	6.53e-12	1.94e-09	6.33e-07	3.82e-04	3.38e-02	9.66e-01
 1.91743e+22	0.00e+00	0.00e+00	0.00e+00	0.00e+00	0.00e+00	0.00e+00	0.00e+00	1.21e-27	7.81e-24	2.16e-20	2.81e-17	2.22e-14	9.88e-12	2.70e-09	8.12e-07	4.50e-04	3.67e-02	9.63e-01
 1.97056e+22	0.00e+00	0.00e+00	0.00e+00	0.00e+00	0.00e+00	0.00e+00	0.00e+00	2.34e-27	1.41e-23	3.64e-20	4.42e-17	3.27e-14	1.36e-11	3.49e-09	9.84e-07	5.12e-04	3.91e-02	9.60e-01
 2.02453e+22	0.00e+00	0.00e+00	0.00e+00	0.00e+00	0.00e+00	0.00e+00	0.00e+00	5.63e-27	3.09e-23	7.31e-20	8.12e-17	5.50e-14	2.10e-11	4.92e-09	1.27e-06	6.07e-04	4.25e-02	9.57e-01
 2.07348e+22	0.00e+00	0.00e+00	0.00e+00	0.00e+00	0.00e+00	0.00e+00	0.00e+00	9.36e-27	4.88e-23	1.10e-19	1.16e-16	7.43e-14	2.70e-11	6.01e-09	1.48e-06	6.70e-04	4.46e-02	9.55e-01
 2.11591e+22	0.00e+00	0.00e+00	0.00e+00	0.00e+00	0.00e+00	0.00e+00	0.00e+00	1.79e-26	8.72e-23	1.83e-19	1.81e-16	1.09e-13	3.70e-11	7.74e-09	1.79e-06	7.59e-04	4.74e-02	9.52e-01
 2.16093e+22	0.00e+00	0.00e+00	0.00e+00	0.00e+00	0.00e+00	0.00e+00	0.00e+00	3.20e-26	1.47e-22	2.91e-19	2.70e-16	1.53e-13	4.92e-11	9.72e-09	2.12e-06	8.50e-04	5.01e-02	9.49e-01
 2.20204e+22	0.00e+00	0.00e+00	0.00e+00	0.00e+00	0.00e+00	0.00e+00	3.70e-30	5.61e-26	2.43e-22	4.53e-19	3.98e-16	2.13e-13	6.47e-11	1.21e-08	2.49e-06	9.47e-04	5.28e-02	9.46e-01
 2.24822e+22	0.00e+00	0.00e+00	0.00e+00	0.00e+00	0.00e+00	0.00e+00	8.20e-30	1.15e-25	4.62e-22	8.01e-19	6.54e-16	3.26e-13	9.19e-11	1.60e-08	3.08e-06	1.09e-03	5.64e-02	9.42e-01
 2.29456e+22	0.00e+00	0.00e+00	0.00e+00	0.00e+00	0.00e+00	0.00e+00	1.53e-29	2.03e-25	7.68e-22	1.26e-18	9.69e-16	4.55e-13	1.21e-10	2.00e-08	3.63e-06	1.21e-03	5.95e-02	9.39e-01
 2.33464e+22	0.00e+00	0.00e+00	0.00e+00	0.00e+00	0.00e+00	0.00e+00	2.83e-29	3.54e-25	1.26e-21	1.95e-18	1.42e-15	6.31e-13	1.59e-10	2.48e-08	4.27e-06	1.35e-03	6.27e-02	9.36e-01
 2.38027e+22	0.00e+00	0.00e+00	0.00e+00	0.00e+00	0.00e+00	0.00e+00	6.17e-29	7.14e-25	2.37e-21	3.40e-18	2.30e-15	9.53e-13	2.24e-10	3.26e-08	5.23e-06	1.54e-03	6.69e-02	9.32e-01
 2.42662e+22	0.00e+00	0.00e+00	0.00e+00	0.00e+00	0.00e+00	0.00e+00	1.16e-28	1.27e-24	3.97e-21	5.37e-18	3.43e-15	1.34e-12	2.96e-10	4.08e-08	6.18e-06	1.73e-03	7.05e-02	9.28e-01
 2.46689e+22	0.00e+00	0.00e+00	0.00e+00	0.00e+00	0.00e+00	0.00e+00	2.13e-28	2.19e-24	6.46e-21	8.29e-18	5.00e-15	1.84e-12	3.87e-10	5.04e-08	7.25e-06	1.92e-03	7.42e-02	9.24e-01
 2.50349e+22	0.00e+00	0.00e+00	0.00e+00	0.00e+00	0.00e+00	0.00e+00	3.66e-28	3.58e-24	1.00e-20	1.22e-17	7.02e-15	2.46e-12	4.91e-10	6.10e-08	8.35e-06	2.10e-03	7.76e-02	9.20e-01
 2.53675e+22	0.00e+00	0.00e+00	0.00e+00	0.00e+00	0.00e+00	0.00e+00	6.08e-28	5.65e-24	1.51e-20	1.76e-17	9.62e-15	3.22e-12	6.13e-10	7.28e-08	9.53e-06	2.29e-03	8.09e-02	9.17e-01
 2.57443e+22	0.00e+00	0.00e+00	0.00e+00	0.00e+00	0.00e+00	0.00e+00	1.11e-27	9.78e-24	2.47e-20	2.71e-17	1.40e-14	4.43e-12	8.00e-10	9.00e-08	1.12e-05	2.55e-03	8.50e-02	9.12e-01
 2.61377e+22	0.00e+00	0.00e+00	0.00e+00	0.00e+00	0.00e+00	0.00e+00	1.96e-27	1.63e-23	3.90e-20	4.06e-17	1.99e-14	5.99e-12	1.03e-09	1.10e-07	1.29e-05	2.81e-03	8.90e-02	9.08e-01
 2.64841e+22	0.00e+00	0.00e+00	0.00e+00	0.00e+00	0.00e+00	0.00e+00	3.31e-27	2.62e-23	5.95e-20	5.90e-17	2.76e-14	7.89e-12	1.29e-09	1.32e-07	1.48e-05	3.07e-03	9.29e-02	9.04e-01
 2.68656e+22	0.00e+00	0.00e+00	0.00e+00	0.00e+00	0.00e+00	0.00e+00	6.14e-27	4.57e-23	9.80e-20	9.16e-17	4.05e-14	1.09e-11	1.69e-09	1.63e-07	1.74e-05	3.41e-03	9.76e-02	8.99e-01
 2.72672e+22	0.00e+00	0.00e+00	0.00e+00	0.00e+00	0.00e+00	2.44e-30	1.10e-26	7.75e-23	1.57e-19	1.39e-16	5.83e-14	1.49e-11	2.18e-09	2.00e-07	2.03e-05	3.76e-03	1.02e-01	8.94e-01
 2.76159e+22	0.00e+00	0.00e+00	0.00e+00	0.00e+00	0.00e+00	4.27e-30	1.84e-26	1.24e-22	2.39e-19	2.01e-16	8.03e-14	1.96e-11	2.73e-09	2.40e-07	2.31e-05	4.11e-03	1.07e-01	8.89e-01
 2.79898e+22	0.00e+00	0.00e+00	0.00e+00	0.00e+00	0.00e+00	8.24e-30	3.38e-26	2.14e-22	3.89e-19	3.10e-16	1.17e-13	2.69e-11	3.55e-09	2.95e-07	2.70e-05	4.55e-03	1.12e-01	8.84e-01
 2.83547e+22	0.00e+00	0.00e+00	0.00e+00	0.00e+00	0.00e+00	1.42e-29	5.59e-26	3.37e-22	5.86e-19	4.45e-16	1.60e-13	3.52e-11	4.44e-09	3.52e-07	3.08e-05	4.96e-03	1.16e-01	8.79e-01
 2.86442e+22	0.00e+00	0.00e+00	0.00e+00	0.00e+00	0.00e+00	2.27e-29	8.58e-26	4.96e-22	8.28e-19	6.04e-16	2.09e-13	4.41e-11	5.35e-09	4.09e-07	3.44e-05	5.33e-03	1.20e-01	8.74e-01
 2.89570e+22	0.00e+00	0.00e+00	0.00e+00	0.00e+00	0.00e+00	3.90e-29	1.41e-25	7.79e-22	1.24e-18	8.61e-16	2.84e-13	5.72e-11	6.63e-09	4.85e-07	3.91e-05	5.79e-03	1.25e-01	8.69e-01
 2.92984e+22	0.00e+00	0.00e+00	0.00e+00	0.00e+00	0.00e+00	6.64e-29	2.31e-25	1.21e-21	1.84e-18	1.22e-15	3.85e-13	7.41e-11	8.22e-09	5.75e-07	4.44e-05	6.29e-03	1.30e-01	8.64e-01
 2.96188e+22	0.00e+00	0.00e+00	0.00e+00	0.00e+00	0.00e+00	1.12e-28	3.74e-25	1.88e-21	2.72e-18	1.73e-15	5.20e-13	9.57e-11	1.02e-08	6.81e-07	5.03e-05	6.82e-03	1.35e-01	8.58e-01
 2.99189e+22	0.00e+00	0.00e+00	0.00e+00	0.00e+00	0.00e+00	1.81e-28	5.82e-25	2.80e-21	3.89e-18	2.37e-15	6.84e-13	1.21e-10	1.23e-08	7.93e-07	5.63e-05	7.34e-03	1.40e-01	8.53e-01
 3.02504e+22	0.00e+00	0.00e+00	0.00e+00	0.00e+00	0.00e+00	3.22e-28	9.87e-25	4.51e-21	5.96e-18	3.45e-15	9.48e-13	1.59e-10	1.55e-08	9.50e-07	6.44e-05	8.01e-03	1.45e-01	8.47e-01
 3.05994e+22	0.00e+00	0.00e+00	0.00e+00	0.00e+00	0.00e+00	5.65e-28	1.66e-24	7.21e-21	9.06e-18	4.99e-15	1.31e-12	2.09e-10	1.94e-08	1.14e-06	7.35e-05	8.73e-03	1.51e-01	8.40e-01
 3.09038e+22	0.00e+00	0.00e+00	0.00e+00	0.00e+00	0.00e+00	9.09e-28	2.57e-24	1.07e-20	1.29e-17	6.83e-15	1.72e-12	2.64e-10	2.34e-08	1.32e-06	8.22e-05	9.39e-03	1.56e-01	8.34e-01
 3.12323e+22	0.00e+00	0.00e+00	0.00e+00	0.00e+00	0.00e+00	1.60e-27	4.33e-24	1.72e-20	1.97e-17	9.89e-15	2.37e-12	3.46e-10	2.93e-08	1.58e-06	9.38e-05	1.02e-02	1.62e-01	8.27e-01
 3.15581e+22	0.00e+00	0.00e+00	0.00e+00	0.00e+00	0.00e+00	2.61e-27	6.78e-24	2.58e-20	2.83e-17	1.36e-14	3.13e-12	4.39e-10	3.57e-08	1.85e-06	1.05e-04	1.10e-02	1.68e-01	8.21e-01
 3.18213e+22	0.00e+00	0.00e+00	0.00e+00	0.00e+00	9.08e-31	3.97e-27	9.98e-24	3.66e-20	3.87e-17	1.80e-14	3.98e-12	5.38e-10	4.22e-08	2.11e-06	1.16e-04	1.17e-02	1.73e-01	8.15e-01
 3.21044e+22	0.00e+00	0.00e+00	0.00e+00	0.00e+00	1.53e-30	6.45e-27	1.56e-23	5.48e-20	5.55e-17	2.47e-14	5.24e-12	6.79e-10	5.11e-08	2.46e-06	1.30e-04	1.26e-02	1.78e-01	8.09e-01
 3.24118e+22	0.00e+00	0.00e+00	0.00e+00	0.00e+00	2.58e-30	1.05e-26	2.44e-23	8.22e-20	7.98e-17	3.40e-14	6.92e-12	8.60e-10	6.21e-08	2.86e-06	1.45e-04	1.36e-02	1.84e-01	8.02e-01
 3.26935e+22	0.00e+00	0.00e+00	0.00e+00	0.00e+00	4.16e-30	1.63e-26	3.67e-23	1.19e-19	1.11e-16	4.55e-14	8.90e-12	1.06e-09	7.40e-08	3.29e-06	1.61e-04	1.45e-02	1.90e-01	7.96e-01
 3.29589e+22	0.00e+00	0.00e+00	0.00e+00	0.00e+00	6.61e-30	2.51e-26	5.46e-23	1.70e-19	1.53e-16	6.04e-14	1.14e-11	1.31e-09	8.79e-08	3.77e-06	1.78e-04	1.55e-02	1.95e-01	7.89e-01
 3.32603e+22	0.00e+00	0.00e+00	0.00e+00	0.00e+00	1.17e-29	4.27e-26	8.90e-23	2.64e-19	2.27e-16	8.54e-14	1.54e-11	1.69e-09	1.08e-07	4.45e-06	2.01e-04	1.67e-02	2.02e-01	7.81e-01
 3.35696e+22	0.00e+00	0.00e+00	0.00e+00	0.00e+00	1.92e-29	6.76e-26	1.36e-22	3.88e-19	3.19e-16	1.15e-13	2.00e-11	2.11e-09	1.30e-07	5.14e-06	2.24e-04	1.79e-02	2.08e-01	7.74e-01
 3.38417e+22	0.00e+00	0.00e+00	0.00e+00	0.00e+00	3.08e-29	1.05e-25	2.03e-22	5.59e-19	4.42e-16	1.54e-13	2.56e-11	2.61e-09	1.55e-07	5.90e-06	2.48e-04	1.91e-02	2.14e-01	7.67e-01
 3.40911e+22	0.00e+00	0.00e+00	0.00e+00	0.00e+00	4.70e-29	1.55e-25	2.92e-22	7.76e-19	5.93e-16	2.00e-13	3.21e-11	3.16e-09	1.81e-07	6.68e-06	2.71e-04	2.02e-02	2.19e-01	7.60e-01
 3.43224e+22	0.00e+00	0.00e+00	0.00e+00	0.00e+00	6.96e-29	2.24e-25	4.09e-22	1.05e-18	7.78e-16	2.53e-13	3.95e-11	3.76e-09	2.09e-07	7.48e-06	2.95e-04	2.13e-02	2.24e-01	7.54e-01
 3.45870e+22	0.00e+00	0.00e+00	0.00e+00	0.00e+00	1.12e-28	3.48e-25	6.15e-22	1.52e-18	1.08e-15	3.38e-13	5.07e-11	4.65e-09	2.49e-07	8.59e-06	3.26e-04	2.27e-02	2.30e-01	7.47e-01
 3.48712e+22	0.00e+00	0.00e+00	0.00e+00	0.00e+00	1.80e-28	5.41e-25	9.23e-22	2.20e-18	1.50e-15	4.52e-13	6.52e-11	5.75e-09	2.97e-07	9.86e-06	3.61e-04	2.43e-02	2.36e-01	7.39e-01
 3.51269e+22	0.00e+00	0.00e+00	0.00e+00	0.00e+00	1.36e-28	3.97e-25	6.56e-22	3.08e-18	2.03e-15	5.91e-13	8.22e-11	7.00e-09	3.48e-07	1.12e-05	3.96e-04	2.57e-02	2.42e-01	7.32e-01
 3.54054e+22	0.00e+00	0.00e+00	0.00e+00	0.00e+00	4.66e-28	1.31e-24	2.09e-21	4.59e-18	2.90e-15	8.08e-13	1.08e-10	8.80e-09	4.20e-07	1.30e-05	4.41e-04	2.76e-02	2.49e-01	7.23e-01
 3.56978e+22	0.00e+00	0.00e+00	0.00e+00	0.00e+00	3.72e-28	1.01e-24	1.55e-21	6.70e-18	4.07e-15	1.09e-12	1.40e-10	1.10e-08	5.03e-07	1.50e-05	4.89e-04	2.94e-02	2.56e-01	7.14e-01
 3.59460e+22	0.00e+00	0.00e+00	0.00e+00	0.00e+00	5.65e-28	1.49e-24	2.21e-21	9.25e-18	5.43e-15	1.40e-12	1.74e-10	1.32e-08	5.87e-07	1.69e-05	5.34e-04	3.11e-02	2.62e-01	7.07e-01
 3.62064e+22	0.00e+00	0.00e+00	0.00e+00	0.00e+00	9.12e-28	2.33e-24	3.34e-21	1.34e-17	7.56e-15	1.88e-12	2.24e-10	1.63e-08	6.98e-07	1.94e-05	5.90e-04	3.31e-02	2.68e-01	6.98e-01
 3.64847e+22	0.00e+00	0.00e+00	0.00e+00	0.00e+00	1.45e-27	3.57e-24	4.95e-21	1.91e-17	1.04e-14	2.49e-12	2.86e-10	2.01e-08	8.27e-07	2.21e-05	6.50e-04	3.52e-02	2.75e-01	6.89e-01
 3.67377e+22	0.00e+00	0.00e+00	0.00e+00	5.96e-31	2.22e-27	5.31e-24	7.15e-21	2.67e-17	1.40e-14	3.23e-12	3.58e-10	2.43e-08	9.67e-07	2.50e-05	7.11e-04	3.72e-02	2.81e-01	6.81e-01
 3.70180e+22	0.00e+00	0.00e+00	0.00e+00	1.03e-30	3.71e-27	8.56e-24	1.11e-20	3.97e-17	1.99e-14	4.41e-12	4.69e-10	3.05e-08	1.16e-06	2.89e-05	7.90e-04	3.97e-02	2.88e-01	6.71e-01
 3.72974e+22	0.00e+00	0.00e+00	0.00e+00	1.67e-30	5.82e-27	1.30e-23	1.63e-20	5.62e-17	2.72e-14	5.81e-12	5.95e-10	3.73e-08	1.37e-06	3.29e-05	8.69e-04	4.21e-02	2.95e-01	6.62e-01
 3.75249e+22	0.00e+00	0.00e+00	0.00e+00	2.52e-30	8.56e-27	1.86e-23	2.27e-20	7.58e-17	3.55e-14	7.35e-12	7.29e-10	4.43e-08	1.58e-06	3.68e-05	9.41e-04	4.43e-02	3.01e-01	6.54e-01
 3.77699e+22	0.00e+00	0.00e+00	0.00e+00	4.06e-30	1.34e-26	2.82e-23	3.33e-20	1.07e-16	4.83e-14	9.64e-12	9.22e-10	5.40e-08	1.86e-06	4.18e-05	1.03e-03	4.69e-02	3.07e-01	6.45e-01
 3.80370e+22	0.00e+00	0.00e+00	0.00e+00	6.61e-30	2.11e-26	4.31e-23	4.91e-20	1.52e-16	6.62e-14	1.27e-11	1.17e-09	6.62e-08	2.20e-06	4.76e-05	1.13e-03	4.97e-02	3.14e-01	6.35e-01
 3.82836e+22	0.00e+00	0.00e+00	0.00e+00	1.02e-29	3.16e-26	6.27e-23	6.94e-20	2.08e-16	8.76e-14	1.63e-11	1.45e-09	7.92e-08	2.55e-06	5.34e-05	1.23e-03	5.23e-02	3.20e-01	6.27e-01
 3.85550e+22	0.00e+00	0.00e+00	0.00e+00	1.73e-29	5.18e-26	9.93e-23	1.06e-19	3.05e-16	1.23e-13	2.20e-11	1.88e-09	9.86e-08	3.04e-06	6.14e-05	1.36e-03	5.56e-02	3.27e-01	6.16e-01
 3.88338e+22	0.00e+00	0.00e+00	0.00e+00	2.81e-29	8.16e-26	1.51e-22	1.56e-19	4.34e-16	1.69e-13	2.90e-11	2.39e-09	1.21e-07	3.59e-06	6.99e-05	1.49e-03	5.89e-02	3.34e-01	6.06e-01
 3.90670e+22	0.00e+00	0.00e+00	0.00e+00	4.28e-29	1.21e-25	2.18e-22	2.19e-19	5.88e-16	2.21e-13	3.68e-11	2.94e-09	1.44e-07	4.15e-06	7.82e-05	1.62e-03	6.18e-02	3.39e-01	5.97e-01
 3.93151e+22	0.00e+00	0.00e+00	0.00e+00	6.94e-29	1.90e-25	3.32e-22	3.22e-19	8.36e-16	3.03e-13	4.85e-11	3.74e-09	1.76e-07	4.89e-06	8.88e-05	1.77e-03	6.53e-02	3.46e-01	5.87e-01
 3.95817e+22	0.00e+00	0.00e+00	0.00e+00	1.11e-28	2.95e-25	5.00e-22	4.69e-19	1.17e-15	4.11e-13	6.35e-11	4.71e-09	2.14e-07	5.74e-06	1.01e-04	1.94e-03	6.90e-02	3.52e-01	5.77e-01
 3.98266e+22	0.00e+00	0.00e+00	0.00e+00	1.00e-28	2.59e-25	4.25e-22	6.68e-19	1.62e-15	5.47e-13	8.17e-11	5.86e-09	2.57e-07	6.67e-06	1.13e-04	2.11e-03	7.25e-02	3.58e-01	5.67e-01
 4.00989e+22	0.00e+00	0.00e+00	0.00e+00	1.71e-28	4.26e-25	6.76e-22	1.02e-18	2.38e-15	7.71e-13	1.11e-10	7.62e-09	3.21e-07	7.98e-06	1.30e-04	2.33e-03	7.70e-02	3.65e-01	5.55e-01
 4.03840e+22	0.00e+00	0.00e+00	0.00e+00	2.88e-28	6.92e-25	1.06e-21	1.54e-18	3.46e-15	1.08e-12	1.49e-10	9.84e-09	3.99e-07	9.53e-06	1.49e-04	2.57e-03	8.16e-02	3.72e-01	5.43e-01
 4.06192e+22	0.00e+00	0.00e+00	0.00e+00	4.30e-28	1.01e-24	1.51e-21	2.13e-18	4.63e-15	1.40e-12	1.87e-10	1.20e-08	4.71e-07	1.09e-05	1.66e-04	2.77e-03	8.54e-02	3.77e-01	5.34e-01
 4.08582e+22	0.00e+00	0.00e+00	0.00e+00	6.93e-28	1.57e-24	2.27e-21	3.11e-18	6.52e-15	1.90e-12	2.45e-10	1.52e-08	5.74e-07	1.28e-05	1.88e-04	3.03e-03	9.00e-02	3.83e-01	5.23e-01
 4.11157e+22	0.00e+00	0.00e+00	0.00e+00	1.09e-27	2.41e-24	3.38e-21	4.46e-18	9.05e-15	2.55e-12	3.17e-10	1.90e-08	6.94e-07	1.50e-05	2.12e-04	3.29e-03	9.46e-02	3.89e-01	5.13e-01
 4.13560e+22	0.00e+00	0.00e+00	2.33e-31	1.69e-27	3.63e-24	4.93e-21	6.30e-18	1.24e-14	3.38e-12	4.07e-10	2.35e-08	8.32e-07	1.74e-05	2.37e-04	3.57e-03	9.92e-02	3.94e-01	5.03e-01
 4.16274e+22	0.00e+00	0.00e+00	4.10e-31	2.89e-27	5.98e-24	7.84e-21	9.64e-18	1.82e-14	4.77e-12	5.51e-10	3.06e-08	1.04e-06	2.08e-05	2.73e-04	3.94e-03	1.05e-01	4.01e-01	4.90e-01
 4.18955e+22	0.00e+00	0.00e+00	6.78e-31	4.64e-27	9.28e-24	1.18e-20	1.39e-17	2.55e-14	6.45e-12	7.20e-10	3.86e-08	1.26e-06	2.44e-05	3.08e-04	4.29e-03	1.10e-01	4.06e-01	4.79e-01
 4.21100e+22	0.00e+00	0.00e+00	1.03e-30	6.89e-27	1.34e-23	1.66e-20	1.90e-17	3.39e-14	8.31e-12	9.01e-10	4.68e-08	1.49e-06	2.79e-05	3.42e-04	4.61e-03	1.15e-01	4.11e-01	4.69e-01
 4.23397e+22	0.00e+00	0.00e+00	1.67e-30	1.09e-26	2.05e-23	2.45e-20	2.73e-17	4.70e-14	1.11e-11	1.17e-09	5.85e-08	1.80e-06	3.25e-05	3.85e-04	5.01e-03	1.21e-01	4.16e-01	4.58e-01
 4.25906e+22	0.00e+00	0.00e+00	2.74e-30	1.73e-26	3.16e-23	3.65e-20	3.91e-17	6.53e-14	1.50e-11	1.52e-09	7.35e-08	2.18e-06	3.81e-05	4.34e-04	5.45e-03	1.27e-01	4.20e-01	4.47e-01
 4.28244e+22	0.00e+00	0.00e+00	4.29e-30	2.63e-26	4.68e-23	5.26e-20	5.46e-17	8.84e-14	1.96e-11	1.92e-09	9.04e-08	2.60e-06	4.39e-05	4.84e-04	5.88e-03	1.32e-01	4.25e-01	4.37e-01
 4.30833e+22	0.00e+00	0.00e+00	7.70e-30	4.56e-26	7.80e-23	8.41e-20	8.36e-17	1.31e-13	2.79e-11	2.63e-09	1.18e-07	3.27e-06	5.29e-05	5.58e-04	6.49e-03	1.40e-01	4.30e-01	4.23e-01
 4.33354e+22	0.00e+00	0.00e+00	1.20e-29	6.95e-26	1.15e-22	1.21e-19	1.16e-16	1.76e-13	3.65e-11	3.33e-09	1.45e-07	3.89e-06	6.09e-05	6.21e-04	6.99e-03	1.46e-01	4.33e-01	4.13e-01
 4.35457e+22	0.00e+00	0.00e+00	1.87e-29	1.05e-25	1.69e-22	1.72e-19	1.60e-16	2.36e-13	4.75e-11	4.20e-09	1.78e-07	4.62e-06	7.01e-05	6.91e-04	7.53e-03	1.52e-01	4.37e-01	4.03e-01
 4.37540e+22	0.00e+00	0.00e+00	2.84e-29	1.55e-25	2.44e-22	2.40e-19	2.17e-16	3.12e-13	6.10e-11	5.25e-09	2.16e-07	5.43e-06	8.00e-05	7.64e-04	8.07e-03	1.58e-01	4.40e-01	3.93e-01
 4.39929e+22	0.00e+00	0.00e+00	4.79e-29	2.54e-25	3.85e-22	3.66e-19	3.18e-16	4.42e-13	8.34e-11	6.93e-09	2.75e-07	6.66e-06	9.44e-05	8.67e-04	8.80e-03	1.66e-01	4.44e-01	3.81e-01
 4.42422e+22	0.00e+00	0.00e+00	7.78e-29	4.00e-25	5.86e-22	5.39e-19	4.50e-16	6.09e-13	1.11e-10	8.94e-09	3.43e-07	8.04e-06	1.10e-04	9.74e-04	9.53e-03	1.73e-01	4.47e-01	3.70e-01
 4.44631e+22	0.00e+00	0.00e+00	1.22e-28	6.12e-25	8.67e-22	7.72e-19	6.23e-16	8.21e-13	1.46e-10	1.14e-08	4.22e-07	9.59e-06	1.27e-04	1.09e-03	1.03e-02	1.80e-01	4.49e-01	3.59e-01
 4.47083e+22	0.00e+00	0.00e+00	2.12e-28	1.02e-24	1.39e-21	1.19e-18	9.24e-16	1.18e-12	2.02e-10	1.52e-08	5.42e-07	1.19e-05	1.51e-04	1.24e-03	1.12e-02	1.89e-01	4.52e-01	3.47e-01
 4.49524e+22	0.00e+00	0.00e+00	3.41e-28	1.60e-24	2.10e-21	1.74e-18	1.30e-15	1.61e-12	2.67e-10	1.95e-08	6.74e-07	1.43e-05	1.76e-04	1.39e-03	1.21e-02	1.97e-01	4.54e-01	3.36e-01
 4.51524e+22	0.00e+00	0.00e+00	5.15e-28	2.35e-24	3.01e-21	2.41e-18	1.74e-15	2.11e-12	3.41e-10	2.42e-08	8.14e-07	1.68e-05	2.00e-04	1.53e-03	1.29e-02	2.04e-01	4.55e-01	3.26e-01
 4.53699e+22	0.00e+00	0.00e+00	8.46e-28	3.74e-24	4.61e-21	3.57e-18	2.47e-15	2.92e-12	4.58e-10	3.14e-08	1.02e-06	2.03e-05	2.34e-04	1.72e-03	1.40e-02	2.12e-01	4.57e-01	3.15e-01
 4.55998e+22	0.00e+00	0.00e+00	1.33e-27	5.72e-24	6.83e-21	5.11e-18	3.42e-15	3.93e-12	5.98e-10	3.98e-08	1.26e-06	2.42e-05	2.70e-04	1.91e-03	1.50e-02	2.20e-01	4.57e-01	3.05e-01
 4.58108e+22	0.00e+00	1.53e-31	2.12e-27	8.82e-24	1.02e-20	7.33e-18	4.72e-15	5.30e-12	7.85e-10	5.08e-08	1.55e-06	2.90e-05	3.13e-04	2.13e-03	1.62e-02	2.29e-01	4.58e-01	2.95e-01
 4.60142e+22	0.00e+00	2.39e-31	3.23e-27	1.31e-23	1.46e-20	1.02e-17	6.36e-15	6.98e-12	1.01e-09	6.33e-08	1.88e-06	3.41e-05	3.56e-04	2.35e-03	1.73e-02	2.37e-01	4.58e-01	2.85e-01
 4.62425e+22	0.00e+00	4.24e-31	5.51e-27	2.15e-23	2.32e-20	1.55e-17	9.26e-15	9.87e-12	1.38e-09	8.37e-08	2.40e-06	4.20e-05	4.21e-04	2.66e-03	1.87e-02	2.47e-01	4.58e-01	2.74e-01
 4.64709e+22	0.00e+00	6.92e-31	8.72e-27	3.30e-23	3.42e-20	2.21e-17	1.27e-14	1.32e-11	1.80e-09	1.06e-07	2.95e-06	5.01e-05	4.86e-04	2.96e-03	2.01e-02	2.55e-01	4.57e-01	2.64e-01
 4.66615e+22	0.00e+00	1.06e-30	1.30e-26	4.80e-23	4.83e-20	3.03e-17	1.68e-14	1.72e-11	2.28e-09	1.31e-07	3.54e-06	5.85e-05	5.51e-04	3.25e-03	2.14e-02	2.63e-01	4.57e-01	2.55e-01
 4.68717e+22	0.00e+00	1.81e-30	2.14e-26	7.62e-23	7.39e-20	4.46e-17	2.37e-14	2.36e-11	3.04e-09	1.70e-07	4.43e-06	7.08e-05	6.43e-04	3.64e-03	2.30e-02	2.73e-01	4.55e-01	2.45e-01
 4.70924e+22	0.00e+00	2.94e-30	3.36e-26	1.16e-22	1.09e-19	6.32e-17	3.24e-14	3.15e-11	3.95e-09	2.14e-07	5.44e-06	8.43e-05	7.41e-04	4.04e-03	2.46e-02	2.82e-01	4.54e-01	2.35e-01
 4.72918e+22	0.00e+00	4.66e-30	5.17e-26	1.73e-22	1.57e-19	8.81e-17	4.36e-14	4.15e-11	5.08e-09	2.68e-07	6.61e-06	9.93e-05	8.46e-04	4.46e-03	2.62e-02	2.90e-01	4.52e-01	2.26e-01
 4.74829e+22	0.00e+00	7.27e-30	7.82e-26	2.55e-22	2.23e-19	1.21e-16	5.79e-14	5.41e-11	6.46e-09	3.32e-07	7.97e-06	1.16e-04	9.61e-04	4.90e-03	2.78e-02	2.99e-01	4.50e-01	2.18e-01
 4.76980e+22	0.00e+00	1.26e-29	1.31e-25	4.12e-22	3.46e-19	1.81e-16	8.24e-14	7.52e-11	8.71e-09	4.34e-07	1.00e-05	1.42e-04	1.13e-03	5.50e-03	3.00e-02	3.09e-01	4.46e-01	2.08e-01
 4.79177e+22	0.00e+00	2.05e-29	2.06e-25	6.26e-22	5.08e-19	2.55e-16	1.12e-13	1.00e-10	1.13e-08	5.48e-07	1.23e-05	1.69e-04	1.29e-03	6.08e-03	3.20e-02	3.18e-01	4.43e-01	1.99e-01
 4.81057e+22	0.00e+00	3.16e-29	3.08e-25	9.10e-22	7.14e-19	3.47e-16	1.47e-13	1.29e-10	1.43e-08	6.74e-07	1.47e-05	1.97e-04	1.46e-03	6.66e-03	3.39e-02	3.26e-01	4.40e-01	1.91e-01
 4.83124e+22	0.00e+00	5.42e-29	5.09e-25	1.45e-21	1.10e-18	5.11e-16	2.07e-13	1.78e-10	1.91e-08	8.74e-07	1.85e-05	2.38e-04	1.71e-03	7.44e-03	3.63e-02	3.36e-01	4.36e-01	1.82e-01
 4.85254e+22	0.00e+00	8.71e-29	7.92e-25	2.19e-21	1.59e-18	7.14e-16	2.78e-13	2.34e-10	2.46e-08	1.10e-06	2.25e-05	2.82e-04	1.95e-03	8.20e-03	3.86e-02	3.45e-01	4.32e-01	1.74e-01
 4.87143e+22	0.00e+00	1.37e-28	1.21e-24	3.24e-21	2.27e-18	9.83e-16	3.69e-13	3.05e-10	3.13e-08	1.36e-06	2.72e-05	3.31e-04	2.22e-03	9.00e-03	4.09e-02	3.54e-01	4.27e-01	1.66e-01
 4.89275e+22	0.00e+00	2.39e-28	2.02e-24	5.22e-21	3.51e-18	1.46e-15	5.22e-13	4.23e-10	4.21e-08	1.78e-06	3.43e-05	4.02e-04	2.60e-03	1.01e-02	4.38e-02	3.64e-01	4.21e-01	1.58e-01
 4.91434e+22	0.00e+00	3.85e-28	3.15e-24	7.88e-21	5.11e-18	2.04e-15	7.01e-13	5.58e-10	5.43e-08	2.23e-06	4.18e-05	4.75e-04	2.97e-03	1.11e-02	4.65e-02	3.73e-01	4.16e-01	1.50e-01
 4.93296e+22	0.00e+00	6.01e-28	4.77e-24	1.16e-20	7.23e-18	2.78e-15	9.21e-13	7.23e-10	6.88e-08	2.76e-06	5.02e-05	5.55e-04	3.36e-03	1.21e-02	4.90e-02	3.81e-01	4.11e-01	1.43e-01
 4.95387e+22	0.00e+00	1.04e-27	7.97e-24	1.86e-20	1.11e-17	4.10e-15	1.29e-12	9.96e-10	9.22e-08	3.59e-06	6.31e-05	6.73e-04	3.92e-03	1.35e-02	5.24e-02	3.91e-01	4.04e-01	1.35e-01
 4.97565e+22	0.00e+00	1.72e-27	1.27e-23	2.86e-20	1.64e-17	5.81e-15	1.76e-12	1.33e-09	1.20e-07	4.55e-06	7.75e-05	8.02e-04	4.50e-03	1.49e-02	5.55e-02	3.99e-01	3.97e-01	1.28e-01
 4.99518e+22	0.00e+00	2.71e-27	1.94e-23	4.23e-20	2.35e-17	8.00e-15	2.33e-12	1.73e-09	1.53e-07	5.65e-06	9.35e-05	9.39e-04	5.10e-03	1.63e-02	5.85e-02	4.07e-01	3.91e-01	1.21e-01
 5.01383e+22	0.00e+00	4.29e-27	2.96e-23	6.26e-20	3.34e-17	1.09e-14	3.05e-12	2.24e-09	1.95e-07	7.00e-06	1.13e-04	1.10e-03	5.78e-03	1.78e-02	6.16e-02	4.14e-01	3.84e-01	1.15e-01
 5.03155e+22	0.00e+00	6.50e-27	4.36e-23	8.95e-20	4.62e-17	1.46e-14	3.93e-12	2.85e-09	2.42e-07	8.53e-06	1.34e-04	1.27e-03	6.48e-03	1.93e-02	6.46e-02	4.21e-01	3.78e-01	1.10e-01
 5.05140e+22	0.00e+00	1.13e-26	7.30e-23	1.44e-19	7.09e-17	2.14e-14	5.47e-12	3.90e-09	3.24e-07	1.11e-05	1.68e-04	1.54e-03	7.53e-03	2.14e-02	6.86e-02	4.29e-01	3.69e-01	1.03e-01
 5.07137e+22	0.00e+00	1.77e-26	1.11e-22	2.11e-19	9.99e-17	2.90e-14	7.12e-12	5.03e-09	4.09e-07	1.37e-05	2.01e-04	1.79e-03	8.50e-03	2.33e-02	7.19e-02	4.36e-01	3.61e-01	9.72e-02
 5.08755e+22	0.00e+00	2.58e-26	1.56e-22	2.90e-19	1.33e-16	3.74e-14	8.87e-12	6.21e-09	4.97e-07	1.63e-05	2.34e-04	2.04e-03	9.40e-03	2.49e-02	7.48e-02	4.41e-01	3.55e-01	9.28e-02
 5.10151e+22	0.00e+00	3.65e-26	2.16e-22	3.89e-19	1.74e-16	4.72e-14	1.09e-11	7.54e-09	5.95e-07	1.91e-05	2.70e-04	2.29e-03	1.03e-02	2.66e-02	7.76e-02	4.45e-01	3.49e-01	8.88e-02
 5.11438e+22	0.00e+00	5.03e-26	2.91e-22	5.11e-19	2.22e-16	5.86e-14	1.31e-11	9.02e-09	7.03e-07	2.22e-05	3.07e-04	2.56e-03	1.12e-02	2.82e-02	8.01e-02	4.49e-01	3.43e-01	8.51e-02
 5.12892e+22	0.00e+00	7.48e-26	4.19e-22	7.16e-19	3.00e-16	7.65e-14	1.65e-11	1.13e-08	8.62e-07	2.67e-05	3.60e-04	2.92e-03	1.25e-02	3.03e-02	8.33e-02	4.54e-01	3.36e-01	8.08e-02
 5.14342e+22	0.00e+00	1.04e-25	5.70e-22	9.49e-19	3.86e-16	9.55e-14	1.99e-11	1.35e-08	1.02e-06	3.12e-05	4.11e-04	3.27e-03	1.36e-02	3.22e-02	8.61e-02	4.57e-01	3.30e-01	7.73e-02
 5.15558e+22	0.00e+00	1.42e-25	7.57e-22	1.23e-18	4.87e-16	1.17e-13	2.37e-11	1.60e-08	1.20e-06	3.60e-05	4.65e-04	3.62e-03	1.47e-02	3.40e-02	8.86e-02	4.60e-01	3.24e-01	7.42e-02
 5.16908e+22	0.00e+00	2.06e-25	1.07e-21	1.69e-18	6.47e-16	1.50e-13	2.94e-11	1.97e-08	1.45e-06	4.28e-05	5.40e-04	4.10e-03	1.62e-02	3.63e-02	9.18e-02	4.64e-01	3.17e-01	7.04e-02
 5.18302e+22	0.00e+00	2.89e-25	1.46e-21	2.24e-18	8.32e-16	1.87e-13	3.55e-11	2.37e-08	1.72e-06	4.99e-05	6.17e-04	4.59e-03	1.77e-02	3.85e-02	9.46e-02	4.66e-01	3.10e-01	6.72e-02
 5.19479e+22	0.00e+00	3.88e-25	1.92e-21	2.88e-18	1.04e-15	2.27e-13	4.18e-11	2.78e-08	2.00e-06	5.72e-05	6.94e-04	5.06e-03	1.91e-02	4.05e-02	9.72e-02	4.68e-01	3.05e-01	6.44e-02
 5.20569e+22	5.06e-32	5.22e-25	2.52e-21	3.69e-18	1.29e-15	2.75e-13	4.92e-11	3.27e-08	2.33e-06	6.55e-05	7.80e-04	5.58e-03	2.06e-02	4.26e-02	9.97e-02	4.70e-01	2.99e-01	6.17e-02
 5.21820e+22	7.46e-32	7.54e-25	3.53e-21	5.01e-18	1.70e-15	3.49e-13	6.01e-11	3.98e-08	2.80e-06	7.74e-05	9.02e-04	6.30e-03	2.26e-02	4.53e-02	1.03e-01	4.72e-01	2.91e-01	5.84e-02
 5.23090e+22	1.03e-31	1.02e-24	4.67e-21	6.46e-18	2.13e-15	4.24e-13	7.10e-11	4.69e-08	3.26e-06	8.89e-05	1.02e-03	6.95e-03	2.44e-02	4.76e-02	1.05e-01	4.74e-01	2.85e-01	5.58e-02
 5.24215e+22	1.41e-31	1.37e-24	6.14e-21	8.29e-18	2.66e-15	5.14e-13	8.35e-11	5.50e-08	3.79e-06	1.02e-04	1.14e-03	7.65e-03	2.63e-02	5.00e-02	1.08e-01	4.75e-01	2.79e-01	5.33e-02
 5.25506e+22	2.11e-31	2.02e-24	8.74e-21	1.14e-17	3.53e-15	6.57e-13	1.03e-10	6.75e-08	4.60e-06	1.21e-04	1.32e-03	8.66e-03	2.89e-02	5.33e-02	1.11e-01	4.75e-01	2.71e-01	5.02e-02
 5.26736e+22	2.83e-31	2.67e-24	1.13e-20	1.44e-17	4.34e-15	7.85e-13	1.19e-10	7.84e-08	5.29e-06	1.38e-04	1.48e-03	9.48e-03	3.09e-02	5.57e-02	1.14e-01	4.76e-01	2.65e-01	4.81e-02
 5.27726e+22	3.82e-31	3.55e-24	1.47e-20	1.82e-17	5.32e-15	9.35e-13	1.38e-10	9.09e-08	6.09e-06	1.56e-04	1.65e-03	1.04e-02	3.32e-02	5.83e-02	1.16e-01	4.76e-01	2.59e-01	4.59e-02
 5.28700e+22	5.08e-31	4.66e-24	1.88e-20	2.28e-17	6.48e-15	1.11e-12	1.59e-10	1.05e-07	6.96e-06	1.76e-04	1.83e-03	1.13e-02	3.54e-02	6.08e-02	1.18e-01	4.75e-01	2.53e-01	4.39e-02
 5.29810e+22	7.27e-31	6.55e-24	2.57e-20	3.03e-17	8.30e-15	1.37e-12	1.89e-10	1.25e-07	8.23e-06	2.05e-04	2.08e-03	1.26e-02	3.84e-02	6.41e-02	1.21e-01	4.74e-01	2.46e-01	4.15e-02
 5.30949e+22	1.01e-30	8.91e-24	3.41e-20	3.90e-17	1.04e-14	1.65e-12	2.21e-10	1.47e-07	9.57e-06	2.36e-04	2.34e-03	1.39e-02	4.13e-02	6.71e-02	1.24e-01	4.73e-01	2.39e-01	3.94e-02
 5.31938e+22	1.33e-30	1.16e-23	4.34e-20	4.85e-17	1.25e-14	1.94e-12	2.53e-10	1.68e-07	1.09e-05	2.65e-04	2.59e-03	1.51e-02	4.39e-02	6.98e-02	1.26e-01	4.72e-01	2.33e-01	3.76e-02
 5.33033e+22	1.98e-30	1.70e-23	6.14e-20	6.61e-17	1.64e-14	2.43e-12	3.04e-10	2.03e-07	1.31e-05	3.13e-04	2.99e-03	1.69e-02	4.80e-02	7.38e-02	1.29e-01	4.69e-01	2.25e-01	3.52e-02
 5.34122e+22	2.60e-30	2.20e-23	7.79e-20	8.19e-17	1.98e-14	2.85e-12	3.47e-10	2.33e-07	1.49e-05	3.51e-04	3.30e-03	1.83e-02	5.09e-02	7.66e-02	1.30e-01	4.67e-01	2.19e-01	3.36e-02
 5.35205e+22	3.90e-30	3.24e-23	1.11e-19	1.12e-16	2.58e-14	3.57e-12	4.16e-10	2.81e-07	1.79e-05	4.15e-04	3.80e-03	2.06e-02	5.56e-02	8.09e-02	1.33e-01	4.64e-01	2.11e-01	3.13e-02
 5.36253e+22	5.11e-30	4.19e-23	1.40e-19	1.38e-16	3.10e-14	4.15e-12	4.71e-10	3.20e-07	2.02e-05	4.64e-04	4.18e-03	2.23e-02	5.89e-02	8.38e-02	1.35e-01	4.61e-01	2.05e-01	2.98e-02
 5.37257e+22	7.36e-30	5.94e-23	1.92e-19	1.82e-16	3.94e-14	5.08e-12	5.54e-10	3.80e-07	2.38e-05	5.39e-04	4.75e-03	2.47e-02	6.36e-02	8.77e-02	1.37e-01	4.56e-01	1.97e-01	2.79e-02
 5.38294e+22	1.00e-29	7.95e-23	2.50e-19	2.31e-16	4.83e-14	6.01e-12	6.34e-10	4.39e-07	2.73e-05	6.12e-04	5.29e-03	2.69e-02	6.77e-02	9.12e-02	1.39e-01	4.52e-01	1.91e-01	2.64e-02
 5.39375e+22	1.51e-29	1.18e-22	3.56e-19	3.16e-16	6.31e-14	7.48e-12	7.55e-10	5.30e-07	3.28e-05	7.22e-04	6.09e-03	3.02e-02	7.36e-02	9.58e-02	1.41e-01	4.46e-01	1.82e-01	2.44e-02
 5.40416e+22	1.99e-29	1.53e-22	4.54e-19	3.91e-16	7.57e-14	8.70e-12	8.53e-10	6.03e-07	3.71e-05	8.09e-04	6.69e-03	3.26e-02	7.78e-02	9.90e-02	1.42e-01	4.42e-01	1.76e-01	2.31e-02
 5.41407e+22	2.95e-29	2.23e-22	6.36e-19	5.25e-16	9.74e-14	1.07e-11	1.00e-09	7.19e-07	4.41e-05	9.46e-04	7.64e-03	3.62e-02	8.40e-02	1.03e-01	1.44e-01	4.34e-01	1.68e-01	2.13e-02
 5.42395e+22	3.86e-29	2.89e-22	8.03e-19	6.46e-16	1.16e-13	1.24e-11	1.13e-09	8.15e-07	4.97e-05	1.05e-03	8.37e-03	3.89e-02	8.85e-02	1.07e-01	1.45e-01	4.29e-01	1.63e-01	2.02e-02
 5.43379e+22	5.79e-29	4.26e-22	1.14e-18	8.75e-16	1.50e-13	1.52e-11	1.32e-09	9.73e-07	5.92e-05	1.24e-03	9.58e-03	4.33e-02	9.55e-02	1.11e-01	1.46e-01	4.21e-01	1.54e-01	1.85e-02
 5.44358e+22	7.68e-29	5.57e-22	1.45e-18	1.08e-15	1.80e-13	1.76e-11	1.48e-09	1.10e-06	6.68e-05	1.38e-03	1.05e-02	4.66e-02	1.01e-01	1.14e-01	1.46e-01	4.14e-01	1.48e-01	1.74e-02
 5.45331e+22	1.15e-28	8.17e-22	2.05e-18	1.46e-15	2.31e-13	2.15e-11	1.73e-09	1.31e-06	7.92e-05	1.61e-03	1.20e-02	5.16e-02	1.08e-01	1.19e-01	1.47e-01	4.04e-01	1.40e-01	1.60e-02
 5.46318e+22	1.55e-28	1.09e-21	2.65e-18	1.83e-15	2.79e-13	2.50e-11	1.95e-09	1.50e-06	8.99e-05	1.81e-03	1.32e-02	5.56e-02	1.14e-01	1.22e-01	1.47e-01	3.97e-01	1.34e-01	1.49e-02
 5.47325e+22	2.31e-28	1.60e-21	3.73e-18	2.46e-15	3.58e-13	3.05e-11	2.27e-09	1.78e-06	1.06e-04	2.11e-03	1.50e-02	6.13e-02	1.22e-01	1.27e-01	1.47e-01	3.86e-01	1.26e-01	1.36e-02
 5.48325e+22	3.14e-28	2.14e-21	4.85e-18	3.09e-15	4.33e-13	3.55e-11	2.55e-09	2.02e-06	1.21e-04	2.36e-03	1.64e-02	6.60e-02	1.28e-01	1.30e-01	1.47e-01	3.77e-01	1.20e-01	1.26e-02
 5.49314e+22	4.69e-28	3.14e-21	6.84e-18	4.16e-15	5.55e-13	4.31e-11	2.95e-09	2.39e-06	1.42e-04	2.75e-03	1.86e-02	7.25e-02	1.37e-01	1.34e-01	1.47e-01	3.65e-01	1.13e-01	1.14e-02
 5.50317e+22	6.44e-28	4.25e-21	8.97e-18	5.26e-15	6.74e-13	5.03e-11	3.32e-09	2.73e-06	1.62e-04	3.08e-03	2.05e-02	7.79e-02	1.44e-01	1.37e-01	1.46e-01	3.55e-01	1.07e-01	1.05e-02
 5.51338e+22	9.77e-28	6.33e-21	1.28e-17	7.14e-15	8.68e-13	6.13e-11	3.85e-09	3.23e-06	1.91e-04	3.58e-03	2.32e-02	8.55e-02	1.53e-01	1.41e-01	1.44e-01	3.41e-01	9.90e-02	9.46e-03
 5.52371e+22	1.35e-27	8.66e-21	1.69e-17	9.07e-15	1.06e-12	7.16e-11	4.33e-09	3.69e-06	2.17e-04	4.02e-03	2.55e-02	9.18e-02	1.60e-01	1.43e-01	1.43e-01	3.31e-01	9.32e-02	8.67e-03
 5.53420e+22	2.08e-27	1.30e-20	2.44e-17	1.24e-14	1.37e-12	8.75e-11	5.03e-09	4.36e-06	2.56e-04	4.67e-03	2.88e-02	1.00e-01	1.69e-01	1.46e-01	1.41e-01	3.16e-01	8.58e-02	7.70e-03
 5.54475e+22	2.89e-27	1.78e-20	3.22e-17	1.57e-14	1.67e-12	1.02e-10	5.64e-09	4.96e-06	2.89e-04	5.23e-03	3.15e-02	1.07e-01	1.76e-01	1.49e-01	1.39e-01	3.04e-01	8.04e-02	7.01e-03
 5.55384e+22	3.98e-27	2.42e-20	4.23e-17	1.99e-14	2.02e-12	1.18e-10	6.30e-09	5.60e-06	3.26e-04	5.82e-03	3.44e-02	1.14e-01	1.83e-01	1.50e-01	1.37e-01	2.93e-01	7.52e-02	6.39e-03
 5.56413e+22	6.05e-27	3.62e-20	6.04e-17	2.69e-14	2.59e-12	1.43e-10	7.26e-09	6.55e-06	3.80e-04	6.69e-03	3.84e-02	1.24e-01	1.92e-01	1.52e-01	1.34e-01	2.78e-01	6.88e-02	5.63e-03
 5.57440e+22	8.20e-27	4.84e-20	7.82e-17	3.36e-14	3.11e-12	1.65e-10	8.07e-09	7.34e-06	4.24e-04	7.38e-03	4.16e-02	1.31e-01	1.99e-01	1.54e-01	1.31e-01	2.67e-01	6.43e-02	5.13e-03
 5.58466e+22	1.24e-26	7.16e-20	1.11e-16	4.51e-14	3.97e-12	1.99e-10	9.27e-09	8.51e-06	4.89e-04	8.40e-03	4.61e-02	1.40e-01	2.07e-01	1.55e-01	1.28e-01	2.52e-01	5.85e-02	4.51e-03
 5.59502e+22	1.67e-26	9.54e-20	1.43e-16	5.62e-14	4.75e-12	2.30e-10	1.03e-08	9.50e-06	5.43e-04	9.23e-03	4.96e-02	1.48e-01	2.13e-01	1.55e-01	1.25e-01	2.41e-01	5.45e-02	4.09e-03
 5.60551e+22	2.52e-26	1.41e-19	2.03e-16	7.54e-14	6.06e-12	2.77e-10	1.18e-08	1.09e-05	6.23e-04	1.04e-02	5.47e-02	1.58e-01	2.21e-01	1.55e-01	1.21e-01	2.26e-01	4.94e-02	3.57e-03
 5.61619e+22	3.41e-26	1.89e-19	2.62e-16	9.41e-14	7.27e-12	3.19e-10	1.32e-08	1.22e-05	6.90e-04	1.14e-02	5.88e-02	1.65e-01	2.26e-01	1.55e-01	1.18e-01	2.16e-01	4.57e-02	3.22e-03
 5.62711e+22	5.09e-26	2.76e-19	3.69e-16	1.26e-13	9.23e-12	3.85e-10	1.51e-08	1.40e-05	7.85e-04	1.28e-02	6.43e-02	1.75e-01	2.33e-01	1.55e-01	1.13e-01	2.02e-01	4.13e-02	2.80e-03
 5.63841e+22	7.06e-26	3.77e-19	4.86e-16	1.59e-13	1.12e-11	4.48e-10	1.70e-08	1.56e-05	8.71e-04	1.41e-02	6.91e-02	1.84e-01	2.38e-01	1.54e-01	1.10e-01	1.91e-01	3.78e-02	2.49e-03
 5.65016e+22	1.07e-25	5.60e-19	6.91e-16	2.15e-13	1.44e-11	5.44e-10	1.96e-08	1.79e-05	9.90e-04	1.58e-02	7.55e-02	1.94e-01	2.43e-01	1.52e-01	1.05e-01	1.77e-01	3.38e-02	2.14e-03
 5.66219e+22	1.48e-25	7.66e-19	9.13e-16	2.72e-13	1.75e-11	6.35e-10	2.21e-08	1.99e-05	1.09e-03	1.72e-02	8.07e-02	2.02e-01	2.47e-01	1.51e-01	1.01e-01	1.66e-01	3.08e-02	1.90e-03
 5.67290e+22	2.04e-25	1.04e-18	1.20e-15	3.43e-13	2.12e-11	7.38e-10	2.48e-08	2.20e-05	1.20e-03	1.88e-02	8.61e-02	2.10e-01	2.51e-01	1.49e-01	9.75e-02	1.56e-01	2.81e-02	1.68e-03
 5.68513e+22	3.05e-25	1.52e-18	1.69e-15	4.60e-13	2.71e-11	8.95e-10	2.87e-08	2.51e-05	1.36e-03	2.08e-02	9.31e-02	2.20e-01	2.55e-01	1.46e-01	9.27e-02	1.44e-01	2.50e-02	1.44e-03
 5.69754e+22	4.17e-25	2.05e-18	2.20e-15	5.77e-13	3.28e-11	1.04e-09	3.22e-08	2.77e-05	1.48e-03	2.25e-02	9.88e-02	2.28e-01	2.57e-01	1.44e-01	8.89e-02	1.35e-01	2.27e-02	1.27e-03
 5.71017e+22	6.21e-25	3.00e-18	3.08e-15	7.71e-13	4.17e-11	1.26e-09	3.73e-08	3.14e-05	1.66e-03	2.49e-02	1.06e-01	2.37e-01	2.60e-01	1.41e-01	8.42e-02	1.24e-01	2.01e-02	1.08e-03
 5.72244e+22	8.21e-25	3.90e-18	3.91e-15	9.45e-13	4.95e-11	1.44e-09	4.14e-08	3.42e-05	1.80e-03	2.66e-02	1.12e-01	2.43e-01	2.61e-01	1.38e-01	8.09e-02	1.17e-01	1.84e-02	9.65e-04
 5.73423e+22	1.18e-24	5.51e-18	5.32e-15	1.23e-12	6.17e-11	1.72e-09	4.73e-08	3.82e-05	1.99e-03	2.90e-02	1.19e-01	2.51e-01	2.62e-01	1.35e-01	7.66e-02	1.08e-01	1.64e-02	8.29e-04
 5.74625e+22	1.46e-24	7.15e-18	6.71e-15	1.50e-12	7.31e-11	1.97e-09	5.26e-08	4.16e-05	2.14e-03	3.09e-02	1.25e-01	2.57e-01	2.63e-01	1.32e-01	7.34e-02	1.01e-01	1.49e-02	7.37e-04
 5.75855e+22	2.08e-24	1.01e-17	9.17e-15	1.96e-12	9.14e-11	2.36e-09	6.03e-08	4.65e-05	2.36e-03	3.36e-02	1.32e-01	2.65e-01	2.63e-01	1.28e-01	6.92e-02	9.26e-02	1.32e-02	6.29e-04
 5.77104e+22	2.71e-24	1.31e-17	1.15e-14	2.39e-12	1.08e-10	2.70e-09	6.71e-08	5.06e-05	2.54e-03	3.58e-02	1.38e-01	2.70e-01	2.63e-01	1.25e-01	6.62e-02	8.68e-02	1.20e-02	5.59e-04
 5.78374e+22	3.86e-24	1.85e-17	1.57e-14	3.12e-12	1.35e-10	3.23e-09	7.70e-08	5.64e-05	2.79e-03	3.88e-02	1.46e-01	2.77e-01	2.62e-01	1.21e-01	6.22e-02	7.92e-02	1.06e-02	4.74e-04
 5.79623e+22	4.91e-24	2.34e-17	1.94e-14	3.75e-12	1.58e-10	3.66e-09	8.50e-08	6.09e-05	2.99e-03	4.09e-02	1.52e-01	2.82e-01	2.61e-01	1.18e-01	5.95e-02	7.44e-02	9.71e-03	4.24e-04
 5.80844e+22	6.80e-24	3.22e-17	2.58e-14	4.79e-12	1.94e-10	4.32e-09	9.68e-08	6.73e-05	3.25e-03	4.40e-02	1.60e-01	2.87e-01	2.59e-01	1.14e-01	5.59e-02	6.81e-02	8.59e-03	3.62e-04
 5.82089e+22	8.67e-24	4.08e-17	3.20e-14	5.77e-12	2.27e-10	4.92e-09	1.07e-07	7.28e-05	3.48e-03	4.64e-02	1.66e-01	2.92e-01	2.57e-01	1.10e-01	5.34e-02	6.37e-02	7.83e-03	3.22e-04
 5.83367e+22	1.20e-23	5.62e-17	4.27e-14	7.39e-12	2.80e-10	5.83e-09	1.22e-07	8.05e-05	3.79e-03	4.98e-02	1.74e-01	2.97e-01	2.54e-01	1.06e-01	5.00e-02	5.81e-02	6.90e-03	2.74e-04
 5.84668e+22	1.53e-23	7.16e-17	5.30e-14	8.93e-12	3.29e-10	6.65e-09	1.36e-07	8.71e-05	4.04e-03	5.25e-02	1.80e-01	3.00e-01	2.52e-01	1.03e-01	4.75e-02	5.41e-02	6.26e-03	2.42e-04
 5.86002e+22	1.96e-26	9.88e-17	7.08e-14	1.15e-11	4.07e-10	7.89e-09	1.55e-07	9.64e-05	4.40e-03	5.63e-02	1.88e-01	3.04e-01	2.49e-01	9.85e-02	4.44e-02	4.92e-02	5.49e-03	2.05e-04
 5.87359e+22	2.56e-26	1.26e-16	8.82e-14	1.39e-11	4.79e-10	9.02e-09	1.73e-07	1.04e-04	4.70e-03	5.93e-02	1.95e-01	3.07e-01	2.46e-01	9.52e-02	4.21e-02	4.57e-02	4.96e-03	1.81e-04
 5.88746e+22	9.48e-27	1.74e-16	1.18e-13	1.78e-11	5.93e-10	1.07e-08	1.98e-07	1.16e-04	5.11e-03	6.34e-02	2.04e-01	3.11e-01	2.41e-01	9.08e-02	3.91e-02	4.13e-02	4.33e-03	1.52e-04
 5.90160e+22	1.25e-26	2.22e-16	1.47e-13	2.16e-11	6.99e-10	1.23e-08	2.21e-07	1.25e-04	5.46e-03	6.67e-02	2.10e-01	3.13e-01	2.38e-01	8.75e-02	3.69e-02	3.82e-02	3.90e-03	1.33e-04
 5.91608e+22	1.79e-26	3.07e-16	1.97e-13	2.78e-11	8.68e-10	1.47e-08	2.54e-07	1.39e-04	5.94e-03	7.12e-02	2.19e-01	3.16e-01	2.33e-01	8.31e-02	3.42e-02	3.44e-02	3.38e-03	1.11e-04
 5.93023e+22	2.29e-26	3.81e-16	2.39e-13	3.30e-11	1.01e-09	1.66e-08	2.80e-07	1.50e-04	6.30e-03	7.44e-02	2.25e-01	3.17e-01	2.29e-01	8.02e-02	3.25e-02	3.21e-02	3.07e-03	9.88e-05
 5.94395e+22	3.22e-26	5.17e-16	3.15e-13	4.19e-11	1.23e-09	1.96e-08	3.19e-07	1.65e-04	6.80e-03	7.90e-02	2.33e-01	3.19e-01	2.24e-01	7.62e-02	3.01e-02	2.90e-02	2.68e-03	8.32e-05
 5.95789e+22	4.12e-26	6.42e-16	3.84e-13	4.98e-11	1.43e-09	2.22e-08	3.53e-07	1.78e-04	7.22e-03	8.25e-02	2.39e-01	3.19e-01	2.20e-01	7.33e-02	2.85e-02	2.69e-02	2.43e-03	7.35e-05
 5.97212e+22	5.76e-26	8.63e-16	5.01e-13	6.28e-11	1.75e-09	2.61e-08	4.02e-07	1.96e-04	7.79e-03	8.74e-02	2.47e-01	3.20e-01	2.15e-01	6.95e-02	2.64e-02	2.43e-02	2.12e-03	6.20e-05
 5.98678e+22	7.55e-26	1.10e-15	6.22e-13	7.59e-11	2.05e-09	2.99e-08	4.48e-07	2.12e-04	8.29e-03	9.15e-02	2.54e-01	3.20e-01	2.10e-01	6.64e-02	2.48e-02	2.23e-02	1.89e-03	5.39e-05
 6.00203e+22	1.06e-25	1.47e-15	8.14e-13	9.60e-11	2.52e-09	3.54e-08	5.13e-07	2.35e-04	8.96e-03	9.68e-02	2.62e-01	3.20e-01	2.04e-01	6.27e-02	2.29e-02	2.01e-02	1.64e-03	4.53e-05
 6.01778e+22	1.41e-25	1.90e-15	1.02e-12	1.17e-10	2.99e-09	4.08e-08	5.75e-07	2.56e-04	9.56e-03	1.02e-01	2.69e-01	3.20e-01	1.99e-01	5.97e-02	2.13e-02	1.83e-02	1.46e-03	3.89e-05
 6.03417e+22	2.01e-25	2.58e-15	1.35e-12	1.50e-10	3.70e-09	4.87e-08	6.63e-07	2.84e-04	1.04e-02	1.08e-01	2.77e-01	3.19e-01	1.93e-01	5.60e-02	1.96e-02	1.63e-02	1.25e-03	3.23e-05
 6.05102e+22	2.70e-25	3.34e-15	1.71e-12	1.84e-10	4.42e-09	5.65e-08	7.47e-07	3.10e-04	1.11e-02	1.13e-01	2.84e-01	3.17e-01	1.87e-01	5.31e-02	1.82e-02	1.48e-02	1.10e-03	2.76e-05
 6.06846e+22	3.90e-25	4.59e-15	2.28e-12	2.37e-10	5.50e-09	6.78e-08	8.66e-07	3.46e-04	1.20e-02	1.19e-01	2.93e-01	3.15e-01	1.80e-01	4.95e-02	1.65e-02	1.31e-02	9.40e-04	2.26e-05
 6.08648e+22	5.32e-25	6.01e-15	2.92e-12	2.94e-10	6.63e-09	7.92e-08	9.82e-07	3.80e-04	1.29e-02	1.25e-01	3.00e-01	3.13e-01	1.74e-01	4.66e-02	1.53e-02	1.18e-02	8.20e-04	1.91e-05
 6.10526e+22	7.81e-25	8.38e-15	3.95e-12	3.84e-10	8.34e-09	9.60e-08	1.15e-06	4.26e-04	1.40e-02	1.33e-01	3.08e-01	3.10e-01	1.67e-01	4.32e-02	1.38e-02	1.04e-02	6.91e-04	1.55e-05
 6.12452e+22	1.08e-24	1.11e-14	5.08e-12	4.80e-10	1.01e-08	1.13e-07	1.31e-06	4.69e-04	1.51e-02	1.39e-01	3.15e-01	3.07e-01	1.61e-01	4.05e-02	1.26e-02	9.29e-03	5.97e-04	1.29e-05
 6.14180e+22	1.46e-24	1.44e-14	6.46e-12	5.93e-10	1.22e-08	1.32e-07	1.48e-06	5.14e-04	1.61e-02	1.46e-01	3.21e-01	3.03e-01	1.55e-01	3.80e-02	1.16e-02	8.34e-03	5.20e-04	1.09e-05
 6.16166e+22	2.20e-24	2.05e-14	8.92e-12	7.87e-10	1.55e-08	1.61e-07	1.74e-06	5.80e-04	1.76e-02	1.54e-01	3.29e-01	2.98e-01	1.47e-01	3.48e-02	1.04e-02	7.21e-03	4.30e-04	8.63e-06
 6.18164e+22	2.98e-24	2.66e-14	1.13e-11	9.72e-10	1.86e-08	1.88e-07	1.97e-06	6.36e-04	1.88e-02	1.61e-01	3.35e-01	2.94e-01	1.41e-01	3.26e-02	9.52e-03	6.46e-03	3.73e-04	7.26e-06
 6.20178e+22	4.47e-24	3.77e-14	1.55e-11	1.28e-09	2.37e-08	2.30e-07	2.32e-06	7.16e-04	2.05e-02	1.70e-01	3.42e-01	2.89e-01	1.34e-01	2.98e-02	8.48e-03	5.57e-03	3.08e-04	5.74e-06
 6.22234e+22	6.18e-24	4.98e-14	2.00e-11	1.60e-09	2.88e-08	2.70e-07	2.65e-06	7.89e-04	2.20e-02	1.78e-01	3.48e-01	2.84e-01	1.28e-01	2.76e-02	7.71e-03	4.94e-03	2.64e-04	4.75e-06
 6.24346e+22	9.36e-24	7.11e-14	2.77e-11	2.13e-09	3.68e-08	3.33e-07	3.13e-06	8.91e-04	2.40e-02	1.88e-01	3.54e-01	2.77e-01	1.20e-01	2.51e-02	6.81e-03	4.22e-03	2.15e-04	3.71e-06
 6.26491e+22	1.31e-23	9.47e-14	3.59e-11	2.68e-09	4.50e-08	3.93e-07	3.58e-06	9.83e-04	2.57e-02	1.96e-01	3.59e-01	2.71e-01	1.14e-01	2.31e-02	6.16e-03	3.71e-03	1.83e-04	3.03e-06
 6.28678e+22	2.02e-23	1.37e-13	5.04e-11	3.61e-09	5.81e-08	4.87e-07	4.26e-06	1.11e-03	2.81e-02	2.07e-01	3.65e-01	2.63e-01	1.06e-01	2.08e-02	5.39e-03	3.13e-03	1.47e-04	2.32e-06
 6.30746e+22	2.69e-23	1.75e-13	6.29e-11	4.39e-09	6.89e-08	5.62e-07	4.78e-06	1.21e-03	2.98e-02	2.14e-01	3.69e-01	2.57e-01	1.02e-01	1.93e-02	4.92e-03	2.80e-03	1.27e-04	1.95e-06
 6.32658e+22	3.93e-23	2.43e-13	8.46e-11	5.69e-09	8.63e-08	6.78e-07	5.57e-06	1.35e-03	3.21e-02	2.24e-01	3.73e-01	2.50e-01	9.52e-02	1.75e-02	4.36e-03	2.40e-03	1.04e-04	1.53e-06
 6.34585e+22	5.24e-23	3.10e-13	1.06e-10	6.92e-09	1.02e-07	7.82e-07	6.25e-06	1.47e-03	3.40e-02	2.32e-01	3.76e-01	2.44e-01	9.06e-02	1.63e-02	3.98e-03	2.14e-03	9.00e-05	1.28e-06
 6.36534e+22	7.72e-23	4.32e-13	1.43e-10	9.00e-09	1.29e-07	9.48e-07	7.30e-06	1.64e-03	3.67e-02	2.42e-01	3.79e-01	2.36e-01	8.45e-02	1.46e-02	3.50e-03	1.82e-03	7.32e-05	9.97e-07
 6.38500e+22	1.04e-22	5.57e-13	1.80e-10	1.10e-08	1.53e-07	1.10e-06	8.23e-06	1.79e-03	3.89e-02	2.50e-01	3.81e-01	2.29e-01	8.00e-02	1.35e-02	3.17e-03	1.61e-03	6.25e-05	8.22e-07
 6.40489e+22	1.54e-22	7.78e-13	2.43e-10	1.44e-08	1.93e-07	1.34e-06	9.66e-06	2.00e-03	4.20e-02	2.61e-01	3.84e-01	2.20e-01	7.42e-02	1.21e-02	2.77e-03	1.36e-03	5.04e-05	6.32e-07
 6.42506e+22	2.08e-22	1.01e-12	3.08e-10	1.77e-08	2.32e-07	1.55e-06	1.09e-05	2.18e-03	4.45e-02	2.70e-01	3.85e-01	2.13e-01	6.99e-02	1.11e-02	2.50e-03	1.19e-03	4.26e-05	5.16e-07
 6.44558e+22	3.12e-22	1.42e-12	4.20e-10	2.32e-08	2.95e-07	1.90e-06	1.29e-05	2.45e-03	4.81e-02	2.82e-01	3.86e-01	2.04e-01	6.43e-02	9.81e-03	2.16e-03	9.91e-04	3.38e-05	3.90e-07
