#depth	Si	Si+	Si+2	Si+3	Si+4	Si+5	Si+6	Si+7	Si+8	Si+9	Si+10	Si+11	Si+12	Si+13	Si+14
 4.62852e+21	0.00e+00	0.00e+00	0.00e+00	0.00e+00	0.00e+00	0.00e+00	0.00e+00	5.59e-25	6.29e-21	3.34e-17	1.13e-13	3.87e-10	3.10e-06	3.22e-03	9.97e-01
 1.05226e+22	0.00e+00	0.00e+00	0.00e+00	0.00e+00	0.00e+00	0.00e+00	3.74e-28	6.75e-24	5.29e-20	2.03e-16	4.80e-13	1.14e-09	6.38e-06	4.62e-03	9.95e-01
 1.26271e+22	0.00e+00	0.00e+00	0.00e+00	0.00e+00	0.00e+00	0.00e+00	2.50e-27	3.55e-23	2.19e-19	6.63e-16	1.24e-12	2.32e-09	1.02e-05	5.84e-03	9.94e-01
 1.41374e+22	0.00e+00	0.00e+00	0.00e+00	0.00e+00	0.00e+00	3.20e-31	1.14e-26	1.34e-22	6.81e-19	1.70e-15	2.63e-12	4.09e-09	1.49e-05	7.05e-03	9.93e-01
 1.50141e+22	0.00e+00	0.00e+00	0.00e+00	0.00e+00	0.00e+00	5.25e-31	1.76e-26	1.96e-22	9.57e-19	2.26e-15	3.30e-12	4.84e-09	1.67e-05	7.46e-03	9.93e-01
 1.54866e+22	0.00e+00	0.00e+00	0.00e+00	0.00e+00	0.00e+00	1.03e-30	3.20e-26	3.29e-22	1.49e-18	3.28e-15	4.44e-12	6.05e-09	1.94e-05	8.04e-03	9.92e-01
 1.59977e+22	0.00e+00	0.00e+00	0.00e+00	0.00e+00	0.00e+00	1.89e-30	5.50e-26	5.29e-22	2.24e-18	4.59e-15	5.82e-12	7.41e-09	2.22e-05	8.59e-03	9.91e-01
 1.64854e+22	0.00e+00	0.00e+00	0.00e+00	0.00e+00	0.00e+00	3.48e-30	9.47e-26	8.50e-22	3.36e-18	6.43e-15	7.62e-12	9.07e-09	2.54e-05	9.19e-03	9.91e-01
 1.70460e+22	0.00e+00	0.00e+00	0.00e+00	0.00e+00	0.00e+00	7.95e-30	1.97e-25	1.61e-21	5.82e-18	1.02e-14	1.10e-11	1.19e-08	3.05e-05	1.01e-02	9.90e-01
 1.75930e+22	0.00e+00	0.00e+00	0.00e+00	0.00e+00	0.00e+00	1.37e-29	3.20e-25	2.46e-21	8.36e-18	1.37e-14	1.40e-11	1.43e-08	3.44e-05	1.07e-02	9.89e-01
 1.81223e+22	0.00e+00	0.00e+00	0.00e+00	0.00e+00	0.00e+00	3.01e-29	6.44e-25	4.54e-21	1.41e-17	2.12e-14	1.98e-11	1.85e-08	4.09e-05	1.16e-02	9.88e-01
 1.86496e+22	0.00e+00	0.00e+00	0.00e+00	0.00e+00	0.00e+00	5.17e-29	1.04e-24	6.90e-21	2.02e-17	2.86e-14	2.51e-11	2.22e-08	4.61e-05	1.24e-02	9.88e-01
 1.91743e+22	0.00e+00	0.00e+00	0.00e+00	0.00e+00	0.00e+00	1.10e-28	2.04e-24	1.24e-20	3.33e-17	4.33e-14	3.51e-11	2.85e-08	5.45e-05	1.34e-02	9.87e-01
 1.97056e+22	0.00e+00	0.00e+00	0.00e+00	0.00e+00	0.00e+00	1.99e-28	3.44e-24	1.96e-20	4.92e-17	6.00e-14	4.55e-11	3.46e-08	6.20e-05	1.43e-02	9.86e-01
 2.02453e+22	0.00e+00	0.00e+00	0.00e+00	0.00e+00	0.00e+00	4.35e-28	6.90e-24	3.60e-20	8.29e-17	9.24e-14	6.43e-11	4.49e-08	7.37e-05	1.56e-02	9.84e-01
 2.07348e+22	0.00e+00	0.00e+00	0.00e+00	0.00e+00	0.00e+00	6.87e-28	1.03e-23	5.13e-20	1.12e-16	1.19e-13	7.87e-11	5.22e-08	8.15e-05	1.64e-02	9.84e-01
 2.11591e+22	0.00e+00	0.00e+00	0.00e+00	0.00e+00	2.62e-32	1.23e-27	1.73e-23	8.04e-20	1.64e-16	1.63e-13	1.01e-10	6.31e-08	9.25e-05	1.75e-02	9.82e-01
 2.16093e+22	0.00e+00	0.00e+00	0.00e+00	0.00e+00	4.68e-32	2.06e-27	2.75e-23	1.20e-19	2.32e-16	2.18e-13	1.28e-10	7.50e-08	1.04e-04	1.85e-02	9.81e-01
 2.20204e+22	0.00e+00	0.00e+00	0.00e+00	0.00e+00	8.13e-32	3.39e-27	4.26e-23	1.78e-19	3.24e-16	2.87e-13	1.59e-10	8.85e-08	1.16e-04	1.95e-02	9.80e-01
 2.24822e+22	0.00e+00	0.00e+00	0.00e+00	0.00e+00	1.66e-31	6.45e-27	7.55e-23	2.92e-19	4.96e-16	4.09e-13	2.11e-10	1.09e-07	1.33e-04	2.09e-02	9.79e-01
 2.29456e+22	0.00e+00	0.00e+00	0.00e+00	0.00e+00	2.93e-31	1.07e-26	1.18e-22	4.34e-19	6.94e-16	5.41e-13	2.64e-10	1.29e-07	1.49e-04	2.21e-02	9.78e-01
 2.33464e+22	0.00e+00	0.00e+00	0.00e+00	0.00e+00	5.08e-31	1.76e-26	1.84e-22	6.37e-19	9.64e-16	7.10e-13	3.29e-10	1.52e-07	1.66e-04	2.34e-02	9.76e-01
 2.38027e+22	0.00e+00	0.00e+00	0.00e+00	0.00e+00	1.02e-30	3.30e-26	3.21e-22	1.04e-18	1.46e-15	1.00e-12	4.33e-10	1.87e-07	1.91e-04	2.50e-02	9.75e-01
 2.42662e+22	0.00e+00	0.00e+00	0.00e+00	0.00e+00	1.81e-30	5.52e-26	5.08e-22	1.55e-18	2.06e-15	1.33e-12	5.44e-10	2.22e-07	2.14e-04	2.64e-02	9.73e-01
 2.46689e+22	0.00e+00	0.00e+00	0.00e+00	0.00e+00	3.13e-30	9.01e-26	7.84e-22	2.26e-18	2.84e-15	1.74e-12	6.75e-10	2.61e-07	2.38e-04	2.79e-02	9.72e-01
 2.50349e+22	0.00e+00	0.00e+00	0.00e+00	0.00e+00	5.10e-30	1.40e-25	1.16e-21	3.18e-18	3.80e-15	2.22e-12	8.19e-10	3.01e-07	2.62e-04	2.92e-02	9.71e-01
 2.53675e+22	0.00e+00	0.00e+00	0.00e+00	0.00e+00	8.03e-30	2.10e-25	1.67e-21	4.36e-18	4.98e-15	2.78e-12	9.80e-10	3.45e-07	2.86e-04	3.05e-02	9.69e-01
 2.57443e+22	0.00e+00	0.00e+00	0.00e+00	0.00e+00	1.38e-29	3.43e-25	2.57e-21	6.36e-18	6.88e-15	3.63e-12	1.21e-09	4.05e-07	3.18e-04	3.22e-02	9.68e-01
 2.61377e+22	0.00e+00	0.00e+00	0.00e+00	0.00e+00	2.30e-29	5.43e-25	3.86e-21	9.08e-18	9.32e-15	4.67e-12	1.49e-09	4.71e-07	3.52e-04	3.38e-02	9.66e-01
 2.64841e+22	0.00e+00	0.00e+00	0.00e+00	0.00e+00	3.69e-29	8.28e-25	5.62e-21	1.26e-17	1.23e-14	5.89e-12	1.79e-09	5.41e-07	3.86e-04	3.54e-02	9.64e-01
 2.68656e+22	0.00e+00	0.00e+00	0.00e+00	0.00e+00	6.41e-29	1.36e-24	8.73e-21	1.85e-17	1.71e-14	7.74e-12	2.22e-09	6.37e-07	4.30e-04	3.73e-02	9.62e-01
 2.72672e+22	0.00e+00	0.00e+00	0.00e+00	0.00e+00	1.09e-28	2.19e-24	1.33e-20	2.67e-17	2.34e-14	1.00e-11	2.74e-09	7.44e-07	4.77e-04	3.92e-02	9.60e-01
 2.76159e+22	0.00e+00	0.00e+00	0.00e+00	0.00e+00	1.73e-28	3.32e-24	1.93e-20	3.69e-17	3.09e-14	1.26e-11	3.29e-09	8.53e-07	5.22e-04	4.10e-02	9.58e-01
 2.79898e+22	0.00e+00	0.00e+00	0.00e+00	0.00e+00	2.97e-28	5.41e-24	2.97e-20	5.39e-17	4.26e-14	1.65e-11	4.07e-09	1.00e-06	5.81e-04	4.32e-02	9.56e-01
 2.83547e+22	0.00e+00	0.00e+00	0.00e+00	0.00e+00	4.69e-28	8.15e-24	4.27e-20	7.40e-17	5.59e-14	2.07e-11	4.88e-09	1.15e-06	6.35e-04	4.51e-02	9.54e-01
 2.86442e+22	0.00e+00	0.00e+00	0.00e+00	6.88e-33	6.89e-28	1.15e-23	5.81e-20	9.68e-17	7.02e-14	2.50e-11	5.67e-09	1.28e-06	6.84e-04	4.68e-02	9.52e-01
 2.89570e+22	0.00e+00	0.00e+00	0.00e+00	1.12e-32	1.08e-27	1.72e-23	8.30e-20	1.32e-16	9.15e-14	3.11e-11	6.76e-09	1.46e-06	7.46e-04	4.89e-02	9.50e-01
 2.92984e+22	0.00e+00	0.00e+00	0.00e+00	1.83e-32	1.67e-27	2.56e-23	1.18e-19	1.80e-16	1.19e-13	3.87e-11	8.05e-09	1.67e-06	8.14e-04	5.10e-02	9.48e-01
 2.96188e+22	0.00e+00	0.00e+00	0.00e+00	2.95e-32	2.59e-27	3.79e-23	1.67e-19	2.43e-16	1.54e-13	4.80e-11	9.56e-09	1.89e-06	8.86e-04	5.31e-02	9.46e-01
 2.99189e+22	0.00e+00	0.00e+00	0.00e+00	4.57e-32	3.86e-27	5.41e-23	2.30e-19	3.21e-16	1.95e-13	5.83e-11	1.12e-08	2.13e-06	9.57e-04	5.51e-02	9.44e-01
 3.02504e+22	0.00e+00	0.00e+00	0.00e+00	7.71e-32	6.20e-27	8.29e-23	3.35e-19	4.47e-16	2.59e-13	7.37e-11	1.35e-08	2.45e-06	1.05e-03	5.77e-02	9.41e-01
 3.05994e+22	0.00e+00	0.00e+00	0.00e+00	1.29e-31	9.89e-27	1.26e-22	4.87e-19	6.18e-16	3.42e-13	9.27e-11	1.62e-08	2.81e-06	1.15e-03	6.03e-02	9.39e-01
 3.09038e+22	0.00e+00	0.00e+00	0.00e+00	1.99e-31	1.47e-26	1.80e-22	6.68e-19	8.15e-16	4.32e-13	1.13e-10	1.89e-08	3.15e-06	1.24e-03	6.26e-02	9.36e-01
 3.12323e+22	0.00e+00	0.00e+00	0.00e+00	3.34e-31	2.35e-26	2.74e-22	9.69e-19	1.13e-15	5.70e-13	1.42e-10	2.27e-08	3.62e-06	1.36e-03	6.53e-02	9.33e-01
 3.15581e+22	0.00e+00	0.00e+00	0.00e+00	5.22e-31	3.53e-26	3.96e-22	1.34e-18	1.50e-15	7.26e-13	1.73e-10	2.67e-08	4.08e-06	1.47e-03	6.79e-02	9.31e-01
 3.18213e+22	0.00e+00	0.00e+00	0.00e+00	7.67e-31	5.00e-26	5.42e-22	1.77e-18	1.91e-15	8.94e-13	2.06e-10	3.06e-08	4.52e-06	1.57e-03	7.01e-02	9.28e-01
 3.21044e+22	0.00e+00	0.00e+00	0.00e+00	1.19e-30	7.47e-26	7.77e-22	2.44e-18	2.52e-15	1.13e-12	2.51e-10	3.59e-08	5.08e-06	1.70e-03	7.28e-02	9.25e-01
 3.24118e+22	0.00e+00	0.00e+00	0.00e+00	1.86e-30	1.12e-25	1.12e-21	3.38e-18	3.35e-15	1.44e-12	3.06e-10	4.21e-08	5.72e-06	1.84e-03	7.56e-02	9.23e-01
 3.26935e+22	0.00e+00	0.00e+00	0.00e+00	2.79e-30	1.62e-25	1.56e-21	4.53e-18	4.32e-15	1.79e-12	3.67e-10	4.86e-08	6.37e-06	1.97e-03	7.82e-02	9.20e-01
 3.29589e+22	0.00e+00	0.00e+00	0.00e+00	4.14e-30	2.32e-25	2.15e-21	6.03e-18	5.55e-15	2.22e-12	4.38e-10	5.60e-08	7.08e-06	2.12e-03	8.09e-02	9.17e-01
 3.32603e+22	0.00e+00	0.00e+00	0.00e+00	6.72e-30	3.60e-25	3.19e-21	8.56e-18	7.54e-15	2.88e-12	5.43e-10	6.65e-08	8.05e-06	2.30e-03	8.42e-02	9.14e-01
 3.35696e+22	0.00e+00	0.00e+00	0.00e+00	1.02e-29	5.28e-25	4.50e-21	1.16e-17	9.85e-15	3.62e-12	6.56e-10	7.73e-08	9.00e-06	2.48e-03	8.72e-02	9.10e-01
 3.38417e+22	0.00e+00	0.00e+00	0.00e+00	1.53e-29	7.61e-25	6.26e-21	1.56e-17	1.27e-14	4.50e-12	7.86e-10	8.92e-08	1.00e-05	2.66e-03	9.02e-02	9.07e-01
 3.40911e+22	0.00e+00	0.00e+00	0.00e+00	2.20e-29	1.06e-24	8.42e-21	2.02e-17	1.60e-14	5.47e-12	9.24e-10	1.02e-07	1.10e-05	2.83e-03	9.29e-02	9.04e-01
 3.43224e+22	0.00e+00	0.00e+00	0.00e+00	3.07e-29	1.43e-24	1.10e-20	2.58e-17	1.97e-14	6.54e-12	1.07e-09	1.14e-07	1.20e-05	3.00e-03	9.55e-02	9.01e-01
 3.45870e+22	0.00e+00	0.00e+00	0.00e+00	4.60e-29	2.07e-24	1.54e-20	3.46e-17	2.55e-14	8.14e-12	1.28e-09	1.32e-07	1.34e-05	3.22e-03	9.87e-02	8.98e-01
 3.48712e+22	0.00e+00	0.00e+00	0.00e+00	6.90e-29	2.99e-24	2.14e-20	4.64e-17	3.29e-14	1.01e-11	1.54e-09	1.53e-07	1.49e-05	3.46e-03	1.02e-01	8.94e-01
 3.51269e+22	0.00e+00	0.00e+00	3.45e-33	1.00e-28	4.21e-24	2.91e-20	6.09e-17	4.17e-14	1.24e-11	1.82e-09	1.74e-07	1.65e-05	3.69e-03	1.05e-01	8.91e-01
 3.54054e+22	0.00e+00	0.00e+00	5.54e-33	1.55e-28	6.26e-24	4.16e-20	8.36e-17	5.51e-14	1.57e-11	2.21e-09	2.04e-07	1.85e-05	3.98e-03	1.09e-01	8.87e-01
 3.56978e+22	0.00e+00	0.00e+00	8.73e-33	2.36e-28	9.17e-24	5.86e-20	1.13e-16	7.18e-14	1.97e-11	2.67e-09	2.37e-07	2.07e-05	4.28e-03	1.13e-01	8.83e-01
 3.59460e+22	0.00e+00	0.00e+00	1.29e-32	3.37e-28	1.27e-23	7.85e-20	1.47e-16	9.00e-14	2.39e-11	3.13e-09	2.69e-07	2.27e-05	4.55e-03	1.16e-01	8.79e-01
 3.62064e+22	0.00e+00	0.00e+00	2.00e-32	5.07e-28	1.84e-23	1.10e-19	1.98e-16	1.17e-13	2.98e-11	3.76e-09	3.11e-07	2.53e-05	4.88e-03	1.20e-01	8.75e-01
 3.64847e+22	0.00e+00	0.00e+00	3.07e-32	7.52e-28	2.63e-23	1.51e-19	2.63e-16	1.50e-13	3.68e-11	4.48e-09	3.57e-07	2.81e-05	5.23e-03	1.24e-01	8.71e-01
 3.67377e+22	0.00e+00	0.00e+00	4.57e-32	1.09e-27	3.68e-23	2.05e-19	3.44e-16	1.89e-13	4.49e-11	5.29e-09	4.07e-07	3.10e-05	5.57e-03	1.28e-01	8.67e-01
 3.70180e+22	0.00e+00	0.00e+00	7.33e-32	1.68e-27	5.47e-23	2.92e-19	4.72e-16	2.49e-13	5.69e-11	6.42e-09	4.76e-07	3.47e-05	6.00e-03	1.32e-01	8.62e-01
 3.72974e+22	0.00e+00	0.00e+00	1.12e-31	2.48e-27	7.79e-23	4.02e-19	6.26e-16	3.19e-13	7.02e-11	7.64e-09	5.47e-07	3.85e-05	6.42e-03	1.36e-01	8.57e-01
 3.75249e+22	0.00e+00	0.00e+00	1.60e-31	3.45e-27	1.05e-22	5.27e-19	7.96e-16	3.93e-13	8.39e-11	8.87e-09	6.15e-07	4.20e-05	6.79e-03	1.40e-01	8.53e-01
 3.77699e+22	0.00e+00	0.00e+00	2.42e-31	5.05e-27	1.49e-22	7.20e-19	1.05e-15	5.01e-13	1.03e-10	1.05e-08	7.04e-07	4.64e-05	7.25e-03	1.44e-01	8.49e-01
 3.80370e+22	0.00e+00	0.00e+00	3.70e-31	7.47e-27	2.13e-22	9.93e-19	1.40e-15	6.42e-13	1.28e-10	1.25e-08	8.10e-07	5.15e-05	7.76e-03	1.49e-01	8.44e-01
 3.82836e+22	0.00e+00	0.00e+00	5.40e-31	1.06e-26	2.93e-22	1.32e-18	1.80e-15	8.01e-13	1.54e-10	1.46e-08	9.16e-07	5.64e-05	8.23e-03	1.53e-01	8.39e-01
 3.85550e+22	0.00e+00	0.00e+00	8.53e-31	1.62e-26	4.30e-22	1.87e-18	2.45e-15	1.05e-12	1.93e-10	1.77e-08	1.06e-06	6.30e-05	8.85e-03	1.58e-01	8.33e-01
 3.88338e+22	0.00e+00	0.00e+00	1.31e-30	2.39e-26	6.16e-22	2.58e-18	3.26e-15	1.34e-12	2.39e-10	2.11e-08	1.23e-06	6.99e-05	9.46e-03	1.63e-01	8.28e-01
 3.90670e+22	0.00e+00	0.00e+00	1.89e-30	3.36e-26	8.40e-22	3.41e-18	4.17e-15	1.67e-12	2.88e-10	2.46e-08	1.38e-06	7.64e-05	1.00e-02	1.67e-01	8.23e-01
 3.93151e+22	0.00e+00	0.00e+00	2.88e-30	4.96e-26	1.20e-21	4.69e-18	5.54e-15	2.14e-12	3.55e-10	2.93e-08	1.59e-06	8.46e-05	1.07e-02	1.72e-01	8.17e-01
 3.95817e+22	0.00e+00	0.00e+00	4.36e-30	7.26e-26	1.69e-21	6.41e-18	7.31e-15	2.72e-12	4.37e-10	3.47e-08	1.82e-06	9.35e-05	1.14e-02	1.77e-01	8.12e-01
 3.98266e+22	0.00e+00	0.00e+00	6.43e-30	1.04e-25	2.35e-21	8.60e-18	9.50e-15	3.42e-12	5.31e-10	4.08e-08	2.07e-06	1.03e-04	1.21e-02	1.82e-01	8.06e-01
 4.00989e+22	0.00e+00	0.00e+00	1.03e-29	1.60e-25	3.48e-21	1.22e-17	1.30e-14	4.49e-12	6.70e-10	4.95e-08	2.41e-06	1.15e-04	1.30e-02	1.88e-01	7.99e-01
 4.03840e+22	0.00e+00	0.00e+00	1.62e-29	2.44e-25	5.12e-21	1.73e-17	1.77e-14	5.88e-12	8.43e-10	5.98e-08	2.80e-06	1.29e-04	1.40e-02	1.94e-01	7.92e-01
 4.06192e+22	0.00e+00	0.00e+00	2.31e-29	3.38e-25	6.89e-21	2.26e-17	2.24e-14	7.23e-12	1.01e-09	6.92e-08	3.14e-06	1.40e-04	1.48e-02	1.98e-01	7.87e-01
 4.08582e+22	0.00e+00	0.00e+00	3.52e-29	4.97e-25	9.81e-21	3.11e-17	2.97e-14	9.25e-12	1.24e-09	8.24e-08	3.60e-06	1.55e-04	1.58e-02	2.04e-01	7.80e-01
 4.11157e+22	0.00e+00	0.00e+00	5.26e-29	7.21e-25	1.38e-20	4.21e-17	3.90e-14	1.17e-11	1.52e-09	9.73e-08	4.11e-06	1.70e-04	1.68e-02	2.09e-01	7.74e-01
 4.13560e+22	0.00e+00	1.18e-33	7.75e-29	1.03e-24	1.91e-20	5.65e-17	5.05e-14	1.47e-11	1.84e-09	1.14e-07	4.66e-06	1.87e-04	1.78e-02	2.15e-01	7.67e-01
 4.16274e+22	0.00e+00	1.95e-33	1.24e-28	1.59e-24	2.84e-20	8.08e-17	6.94e-14	1.94e-11	2.33e-09	1.39e-07	5.44e-06	2.10e-04	1.91e-02	2.21e-01	7.59e-01
 4.18955e+22	0.00e+00	3.07e-33	1.89e-28	2.34e-24	4.04e-20	1.11e-16	9.20e-14	2.48e-11	2.88e-09	1.65e-07	6.24e-06	2.32e-04	2.04e-02	2.28e-01	7.52e-01
 4.21100e+22	0.00e+00	3.23e-33	1.94e-28	2.33e-24	5.43e-20	1.45e-16	1.17e-13	3.05e-11	3.44e-09	1.91e-07	7.01e-06	2.52e-04	2.15e-02	2.33e-01	7.46e-01
 4.23397e+22	0.00e+00	4.98e-33	2.91e-28	3.38e-24	7.63e-20	1.97e-16	1.53e-13	3.86e-11	4.21e-09	2.26e-07	7.99e-06	2.78e-04	2.29e-02	2.39e-01	7.38e-01
 4.25906e+22	0.00e+00	7.79e-33	4.41e-28	4.95e-24	1.08e-19	2.69e-16	2.02e-13	4.93e-11	5.18e-09	2.69e-07	9.15e-06	3.06e-04	2.44e-02	2.45e-01	7.30e-01
 4.28244e+22	0.00e+00	1.17e-32	6.43e-28	7.01e-24	1.48e-19	3.58e-16	2.60e-13	6.14e-11	6.26e-09	3.14e-07	1.03e-05	3.35e-04	2.58e-02	2.51e-01	7.23e-01
 4.30833e+22	0.00e+00	1.99e-32	1.06e-27	1.10e-23	2.24e-19	5.19e-16	3.62e-13	8.21e-11	8.02e-09	3.86e-07	1.22e-05	3.77e-04	2.77e-02	2.58e-01	7.13e-01
 4.33354e+22	0.00e+00	2.99e-32	1.54e-27	1.56e-23	3.08e-19	6.90e-16	4.67e-13	1.02e-10	9.69e-09	4.51e-07	1.37e-05	4.12e-04	2.93e-02	2.64e-01	7.06e-01
 4.35457e+22	0.00e+00	4.48e-32	2.24e-27	2.20e-23	4.21e-19	9.15e-16	5.99e-13	1.27e-10	1.17e-08	5.27e-07	1.55e-05	4.50e-04	3.10e-02	2.70e-01	6.98e-01
 4.37540e+22	0.00e+00	6.55e-32	3.19e-27	3.05e-23	5.67e-19	1.19e-15	7.59e-13	1.57e-10	1.39e-08	6.10e-07	1.74e-05	4.90e-04	3.27e-02	2.76e-01	6.91e-01
 4.39929e+22	0.00e+00	1.06e-31	4.99e-27	4.58e-23	8.23e-19	1.67e-15	1.02e-12	2.03e-10	1.74e-08	7.34e-07	2.01e-05	5.44e-04	3.49e-02	2.83e-01	6.81e-01
 4.42422e+22	0.00e+00	1.65e-31	7.54e-27	6.69e-23	1.16e-18	2.28e-15	1.35e-12	2.59e-10	2.14e-08	8.71e-07	2.30e-05	5.99e-04	3.70e-02	2.90e-01	6.73e-01
 4.44631e+22	0.00e+00	2.51e-31	1.11e-26	9.52e-23	1.61e-18	3.05e-15	1.75e-12	3.24e-10	2.60e-08	1.02e-06	2.60e-05	6.56e-04	3.92e-02	2.96e-01	6.64e-01
 4.47083e+22	0.00e+00	4.16e-31	1.78e-26	1.46e-22	2.38e-18	4.34e-15	2.39e-12	4.26e-10	3.29e-08	1.24e-06	3.03e-05	7.32e-04	4.19e-02	3.04e-01	6.53e-01
 4.49524e+22	0.00e+00	6.47e-31	2.67e-26	2.13e-22	3.34e-18	5.90e-15	3.14e-12	5.41e-10	4.03e-08	1.47e-06	3.46e-05	8.05e-04	4.44e-02	3.11e-01	6.44e-01
 4.51524e+22	0.00e+00	9.48e-31	3.81e-26	2.94e-22	4.50e-18	7.70e-15	3.98e-12	6.65e-10	4.82e-08	1.70e-06	3.88e-05	8.74e-04	4.67e-02	3.16e-01	6.36e-01
 4.53699e+22	0.00e+00	1.51e-30	5.85e-26	4.34e-22	6.42e-18	1.06e-14	5.29e-12	8.54e-10	5.97e-08	2.03e-06	4.45e-05	9.65e-04	4.97e-02	3.24e-01	6.26e-01
 4.55998e+22	0.00e+00	2.30e-30	8.64e-26	6.20e-22	8.90e-18	1.42e-14	6.86e-12	1.07e-09	7.25e-08	2.39e-06	5.04e-05	1.06e-03	5.25e-02	3.30e-01	6.16e-01
 4.58108e+22	0.00e+00	3.55e-30	1.29e-25	8.93e-22	1.24e-17	1.93e-14	8.97e-12	1.36e-09	8.87e-08	2.83e-06	5.74e-05	1.16e-03	5.55e-02	3.37e-01	6.07e-01
 4.60142e+22	0.00e+00	5.25e-30	1.86e-25	1.24e-21	1.68e-17	2.53e-14	1.14e-11	1.67e-09	1.06e-07	3.28e-06	6.45e-05	1.26e-03	5.84e-02	3.43e-01	5.98e-01
 4.62425e+22	0.00e+00	8.66e-30	2.95e-25	1.90e-21	2.48e-17	3.58e-14	1.56e-11	2.19e-09	1.34e-07	3.98e-06	7.48e-05	1.40e-03	6.23e-02	3.50e-01	5.86e-01
 4.64709e+22	0.00e+00	1.33e-29	4.39e-25	2.72e-21	3.45e-17	4.82e-14	2.03e-11	2.76e-09	1.63e-07	4.69e-06	8.49e-05	1.53e-03	6.57e-02	3.57e-01	5.76e-01
 4.66615e+22	0.00e+00	1.94e-29	6.22e-25	3.73e-21	4.61e-17	6.26e-14	2.55e-11	3.38e-09	1.94e-07	5.41e-06	9.48e-05	1.66e-03	6.89e-02	3.62e-01	5.67e-01
 4.68717e+22	0.00e+00	3.09e-29	9.57e-25	5.52e-21	6.60e-17	8.64e-14	3.40e-11	4.35e-09	2.41e-07	6.47e-06	1.09e-04	1.83e-03	7.31e-02	3.69e-01	5.56e-01
 4.70924e+22	0.00e+00	3.88e-29	1.16e-24	7.90e-21	9.16e-17	1.16e-13	4.42e-11	5.47e-09	2.94e-07	7.61e-06	1.23e-04	2.00e-03	7.70e-02	3.76e-01	5.45e-01
 4.72918e+22	0.00e+00	5.81e-29	1.69e-24	1.11e-20	1.25e-16	1.54e-13	5.67e-11	6.79e-09	3.54e-07	8.88e-06	1.39e-04	2.18e-03	8.10e-02	3.82e-01	5.35e-01
 4.74829e+22	0.00e+00	8.60e-29	2.42e-24	1.54e-20	1.69e-16	2.01e-13	7.21e-11	8.38e-09	4.24e-07	1.03e-05	1.56e-04	2.36e-03	8.49e-02	3.87e-01	5.25e-01
 4.76980e+22	0.00e+00	1.40e-28	3.80e-24	2.31e-20	2.45e-16	2.82e-13	9.72e-11	1.09e-08	5.30e-07	1.24e-05	1.80e-04	2.61e-03	9.01e-02	3.94e-01	5.13e-01
 4.79177e+22	0.00e+00	2.15e-28	5.64e-24	3.30e-20	3.40e-16	3.78e-13	1.26e-10	1.37e-08	6.46e-07	1.46e-05	2.03e-04	2.85e-03	9.48e-02	4.00e-01	5.02e-01
 4.81057e+22	0.00e+00	3.15e-28	8.02e-24	4.53e-20	4.56e-16	4.92e-13	1.59e-10	1.68e-08	7.69e-07	1.69e-05	2.27e-04	3.08e-03	9.92e-02	4.05e-01	4.93e-01
 4.83124e+22	0.00e+00	5.08e-28	1.25e-23	6.75e-20	6.57e-16	6.84e-13	2.14e-10	2.17e-08	9.58e-07	2.02e-05	2.61e-04	3.39e-03	1.05e-01	4.11e-01	4.80e-01
 4.85254e+22	0.00e+00	7.73e-28	1.83e-23	9.57e-20	9.05e-16	9.13e-13	2.76e-10	2.71e-08	1.16e-06	2.37e-05	2.95e-04	3.69e-03	1.10e-01	4.16e-01	4.69e-01
 4.87143e+22	0.00e+00	1.16e-27	2.66e-23	1.33e-19	1.23e-15	1.20e-12	3.52e-10	3.36e-08	1.40e-06	2.76e-05	3.31e-04	4.01e-03	1.15e-01	4.21e-01	4.59e-01
 4.89275e+22	0.00e+00	1.89e-27	4.17e-23	2.01e-19	1.79e-15	1.69e-12	4.76e-10	4.36e-08	1.75e-06	3.33e-05	3.81e-04	4.42e-03	1.22e-01	4.27e-01	4.46e-01
 4.91434e+22	0.00e+00	2.88e-27	6.16e-23	2.85e-19	2.47e-15	2.25e-12	6.16e-10	5.46e-08	2.12e-06	3.90e-05	4.30e-04	4.81e-03	1.28e-01	4.32e-01	4.35e-01
 4.93296e+22	0.00e+00	4.28e-27	8.86e-23	3.95e-19	3.33e-15	2.95e-12	7.83e-10	6.74e-08	2.54e-06	4.53e-05	4.81e-04	5.20e-03	1.34e-01	4.36e-01	4.25e-01
 4.95387e+22	0.00e+00	6.97e-27	1.39e-22	5.91e-19	4.84e-15	4.13e-12	1.05e-09	8.74e-08	3.18e-06	5.45e-05	5.53e-04	5.72e-03	1.41e-01	4.41e-01	4.12e-01
 4.97565e+22	3.46e-34	1.09e-26	2.09e-22	8.53e-19	6.78e-15	5.60e-12	1.38e-09	1.11e-07	3.90e-06	6.44e-05	6.28e-04	6.24e-03	1.48e-01	4.45e-01	4.00e-01
 4.99518e+22	5.39e-34	1.63e-26	3.03e-22	1.19e-18	9.22e-15	7.39e-12	1.77e-09	1.37e-07	4.69e-06	7.49e-05	7.04e-04	6.75e-03	1.55e-01	4.49e-01	3.89e-01
 5.01383e+22	8.46e-34	2.44e-26	4.39e-22	1.66e-18	1.25e-14	9.74e-12	2.26e-09	1.70e-07	5.64e-06	8.73e-05	7.90e-04	7.31e-03	1.61e-01	4.52e-01	3.79e-01
 5.03155e+22	1.27e-33	3.53e-26	6.16e-22	2.25e-18	1.66e-14	1.25e-11	2.83e-09	2.07e-07	6.68e-06	1.00e-04	8.77e-04	7.84e-03	1.68e-01	4.55e-01	3.69e-01
 5.05140e+22	2.20e-33	5.77e-26	9.66e-22	3.37e-18	2.41e-14	1.75e-11	3.81e-09	2.69e-07	8.36e-06	1.21e-04	1.01e-03	8.62e-03	1.76e-01	4.58e-01	3.56e-01
 5.07137e+22	3.41e-33	8.57e-26	1.39e-21	4.65e-18	3.25e-14	2.30e-11	4.85e-09	3.32e-07	1.00e-05	1.40e-04	1.13e-03	9.29e-03	1.84e-01	4.60e-01	3.46e-01
 5.08755e+22	4.93e-33	1.19e-25	1.88e-21	6.10e-18	4.17e-14	2.88e-11	5.92e-09	3.95e-07	1.17e-05	1.58e-04	1.24e-03	9.89e-03	1.90e-01	4.62e-01	3.37e-01
 5.10151e+22	6.94e-33	1.62e-25	2.49e-21	7.83e-18	5.26e-14	3.55e-11	7.14e-09	4.65e-07	1.34e-05	1.78e-04	1.35e-03	1.05e-02	1.96e-01	4.63e-01	3.29e-01
 5.11438e+22	9.50e-33	2.16e-25	3.23e-21	9.86e-18	6.51e-14	4.31e-11	8.47e-09	5.41e-07	1.53e-05	1.98e-04	1.46e-03	1.11e-02	2.01e-01	4.64e-01	3.22e-01
 5.12892e+22	1.40e-32	3.06e-25	4.44e-21	1.31e-17	8.47e-14	5.47e-11	1.05e-08	6.51e-07	1.79e-05	2.25e-04	1.61e-03	1.18e-02	2.08e-01	4.66e-01	3.12e-01
 5.14342e+22	1.95e-32	4.10e-25	5.80e-21	1.66e-17	1.06e-13	6.68e-11	1.25e-08	7.60e-07	2.05e-05	2.52e-04	1.74e-03	1.25e-02	2.14e-01	4.66e-01	3.05e-01
 5.15558e+22	2.63e-32	5.38e-25	7.43e-21	2.07e-17	1.29e-13	8.02e-11	1.47e-08	8.77e-07	2.32e-05	2.78e-04	1.88e-03	1.31e-02	2.20e-01	4.67e-01	2.98e-01
 5.16908e+22	3.80e-32	7.49e-25	1.00e-20	2.70e-17	1.66e-13	1.01e-10	1.80e-08	1.05e-06	2.69e-05	3.15e-04	2.06e-03	1.39e-02	2.27e-01	4.67e-01	2.90e-01
 5.18302e+22	5.28e-32	1.01e-24	1.31e-20	3.43e-17	2.07e-13	1.23e-10	2.15e-08	1.22e-06	3.08e-05	3.52e-04	2.24e-03	1.47e-02	2.33e-01	4.68e-01	2.82e-01
 5.19479e+22	7.06e-32	1.30e-24	1.66e-20	4.22e-17	2.51e-13	1.46e-10	2.52e-08	1.40e-06	3.47e-05	3.88e-04	2.40e-03	1.54e-02	2.39e-01	4.68e-01	2.76e-01
 5.20569e+22	9.44e-32	1.69e-24	2.10e-20	5.19e-17	3.05e-13	1.74e-10	2.94e-08	1.61e-06	3.91e-05	4.28e-04	2.58e-03	1.61e-02	2.44e-01	4.67e-01	2.69e-01
 5.21820e+22	1.35e-31	2.33e-24	2.82e-20	6.72e-17	3.88e-13	2.17e-10	3.58e-08	1.91e-06	4.53e-05	4.82e-04	2.82e-03	1.71e-02	2.51e-01	4.67e-01	2.61e-01
 5.23090e+22	1.82e-31	3.04e-24	3.58e-20	8.30e-17	4.73e-13	2.60e-10	4.20e-08	2.19e-06	5.11e-05	5.33e-04	3.04e-03	1.79e-02	2.57e-01	4.66e-01	2.55e-01
 5.24215e+22	2.44e-31	3.95e-24	4.54e-20	1.02e-16	5.74e-13	3.10e-10	4.92e-08	2.52e-06	5.76e-05	5.87e-04	3.26e-03	1.88e-02	2.63e-01	4.66e-01	2.48e-01
 5.25506e+22	3.55e-31	5.52e-24	6.15e-20	1.33e-16	7.37e-13	3.89e-10	6.02e-08	3.01e-06	6.71e-05	6.66e-04	3.58e-03	1.99e-02	2.71e-01	4.65e-01	2.40e-01
 5.26736e+22	4.67e-31	7.05e-24	7.67e-20	1.62e-16	8.84e-13	4.58e-10	6.98e-08	3.42e-06	7.50e-05	7.29e-04	3.83e-03	2.08e-02	2.76e-01	4.64e-01	2.34e-01
 5.27726e+22	6.17e-31	9.03e-24	9.57e-20	1.96e-16	1.06e-12	5.41e-10	8.10e-08	3.90e-06	8.40e-05	8.00e-04	4.10e-03	2.17e-02	2.82e-01	4.63e-01	2.29e-01
 5.28700e+22	8.04e-31	1.14e-23	1.18e-19	2.36e-16	1.26e-12	6.34e-10	9.34e-08	4.42e-06	9.36e-05	8.74e-04	4.37e-03	2.26e-02	2.88e-01	4.61e-01	2.23e-01
 5.29810e+22	1.12e-30	1.54e-23	1.54e-19	2.98e-16	1.57e-12	7.74e-10	1.12e-07	5.17e-06	1.07e-04	9.77e-04	4.74e-03	2.38e-02	2.95e-01	4.59e-01	2.16e-01
 5.30949e+22	1.51e-30	2.01e-23	1.96e-19	3.67e-16	1.91e-12	9.26e-10	1.31e-07	5.96e-06	1.21e-04	1.08e-03	5.10e-03	2.50e-02	3.01e-01	4.58e-01	2.10e-01
 5.31938e+22	1.96e-30	2.52e-23	2.41e-19	4.38e-16	2.26e-12	1.08e-09	1.51e-07	6.73e-06	1.35e-04	1.18e-03	5.42e-03	2.60e-02	3.06e-01	4.56e-01	2.05e-01
 5.33033e+22	2.84e-30	3.50e-23	3.23e-19	5.63e-16	2.87e-12	1.35e-09	1.84e-07	8.01e-06	1.57e-04	1.33e-03	5.94e-03	2.75e-02	3.14e-01	4.53e-01	1.98e-01
 5.34122e+22	3.65e-30	4.39e-23	3.95e-19	6.71e-16	3.39e-12	1.57e-09	2.11e-07	9.02e-06	1.74e-04	1.45e-03	6.31e-03	2.85e-02	3.20e-01	4.51e-01	1.93e-01
 5.35205e+22	5.32e-30	6.11e-23	5.29e-19	8.62e-16	4.31e-12	1.95e-09	2.57e-07	1.08e-05	2.02e-04	1.64e-03	6.91e-03	3.02e-02	3.28e-01	4.48e-01	1.85e-01
 5.36253e+22	6.82e-30	7.61e-23	6.44e-19	1.02e-15	5.06e-12	2.27e-09	2.94e-07	1.21e-05	2.24e-04	1.78e-03	7.34e-03	3.13e-02	3.33e-01	4.46e-01	1.80e-01
 5.37257e+22	9.55e-30	1.02e-22	8.38e-19	1.28e-15	6.28e-12	2.77e-09	3.52e-07	1.42e-05	2.57e-04	1.99e-03	7.96e-03	3.29e-02	3.40e-01	4.42e-01	1.74e-01
 5.38294e+22	1.27e-29	1.31e-22	1.04e-18	1.54e-15	7.52e-12	3.27e-09	4.09e-07	1.62e-05	2.89e-04	2.19e-03	8.52e-03	3.43e-02	3.46e-01	4.39e-01	1.69e-01
 5.39375e+22	1.85e-29	1.83e-22	1.40e-18	1.98e-15	9.56e-12	4.08e-09	5.01e-07	1.94e-05	3.37e-04	2.48e-03	9.32e-03	3.63e-02	3.55e-01	4.35e-01	1.62e-01
 5.40416e+22	2.39e-29	2.30e-22	1.71e-18	2.34e-15	1.13e-11	4.75e-09	5.75e-07	2.19e-05	3.74e-04	2.71e-03	9.92e-03	3.76e-02	3.60e-01	4.32e-01	1.57e-01
 5.41407e+22	3.42e-29	3.15e-22	2.25e-18	2.95e-15	1.41e-11	5.87e-09	6.98e-07	2.59e-05	4.34e-04	3.05e-03	1.08e-02	3.96e-02	3.68e-01	4.28e-01	1.51e-01
 5.42395e+22	4.39e-29	3.92e-22	2.73e-18	3.48e-15	1.66e-11	6.81e-09	7.97e-07	2.91e-05	4.81e-04	3.31e-03	1.15e-02	4.11e-02	3.73e-01	4.24e-01	1.46e-01
 5.43379e+22	6.36e-29	5.42e-22	3.62e-18	4.39e-15	2.09e-11	8.46e-09	9.73e-07	3.47e-05	5.60e-04	3.75e-03	1.25e-02	4.33e-02	3.81e-01	4.19e-01	1.40e-01
 5.44358e+22	8.23e-29	6.80e-22	4.41e-18	5.19e-15	2.46e-11	9.85e-09	1.12e-06	3.93e-05	6.23e-04	4.09e-03	1.33e-02	4.49e-02	3.86e-01	4.15e-01	1.36e-01
 5.45331e+22	1.19e-28	9.36e-22	5.81e-18	6.52e-15	3.08e-11	1.22e-08	1.36e-06	4.67e-05	7.25e-04	4.62e-03	1.46e-02	4.73e-02	3.94e-01	4.10e-01	1.30e-01
 5.46318e+22	1.56e-28	1.19e-21	7.15e-18	7.74e-15	3.66e-11	1.43e-08	1.58e-06	5.32e-05	8.11e-04	5.06e-03	1.55e-02	4.91e-02	3.99e-01	4.05e-01	1.25e-01
 5.47325e+22	2.25e-28	1.63e-21	9.42e-18	9.72e-15	4.59e-11	1.78e-08	1.93e-06	6.34e-05	9.43e-04	5.72e-03	1.69e-02	5.16e-02	4.06e-01	3.99e-01	1.19e-01
 5.48325e+22	2.97e-28	2.08e-21	1.16e-17	1.15e-14	5.46e-11	2.10e-08	2.24e-06	7.24e-05	1.06e-03	6.27e-03	1.81e-02	5.36e-02	4.12e-01	3.94e-01	1.15e-01
 5.49314e+22	4.27e-28	2.86e-21	1.52e-17	1.44e-14	6.84e-11	2.60e-08	2.73e-06	8.62e-05	1.23e-03	7.09e-03	1.97e-02	5.63e-02	4.19e-01	3.87e-01	1.09e-01
 5.50317e+22	5.69e-28	3.67e-21	1.89e-17	1.72e-14	8.17e-11	3.08e-08	3.19e-06	9.90e-05	1.39e-03	7.80e-03	2.11e-02	5.85e-02	4.24e-01	3.82e-01	1.05e-01
 5.51338e+22	8.28e-28	5.08e-21	2.49e-17	2.15e-14	1.03e-10	3.84e-08	3.92e-06	1.19e-04	1.62e-03	8.84e-03	2.31e-02	6.15e-02	4.31e-01	3.74e-01	9.93e-02
 5.52371e+22	1.11e-27	6.56e-21	3.09e-17	2.56e-14	1.24e-10	4.58e-08	4.61e-06	1.37e-04	1.83e-03	9.74e-03	2.47e-02	6.39e-02	4.36e-01	3.68e-01	9.51e-02
 5.53420e+22	1.63e-27	9.14e-21	4.10e-17	3.21e-14	1.56e-10	5.74e-08	5.69e-06	1.65e-04	2.15e-03	1.11e-02	2.70e-02	6.72e-02	4.43e-01	3.60e-01	8.96e-02
 5.54475e+22	2.19e-27	1.18e-20	5.08e-17	3.81e-14	1.87e-10	6.83e-08	6.69e-06	1.90e-04	2.43e-03	1.22e-02	2.89e-02	6.97e-02	4.47e-01	3.54e-01	8.56e-02
 5.55384e+22	2.91e-27	1.50e-20	6.25e-17	4.49e-14	2.23e-10	8.09e-08	7.83e-06	2.18e-04	2.73e-03	1.34e-02	3.09e-02	7.23e-02	4.52e-01	3.47e-01	8.17e-02
 5.56413e+22	4.21e-27	2.07e-20	8.17e-17	5.55e-14	2.80e-10	1.01e-07	9.62e-06	2.61e-04	3.19e-03	1.52e-02	3.37e-02	7.57e-02	4.57e-01	3.38e-01	7.68e-02
 5.57440e+22	5.51e-27	2.61e-20	9.94e-17	6.49e-14	3.30e-10	1.18e-07	1.12e-05	2.98e-04	3.56e-03	1.66e-02	3.58e-02	7.83e-02	4.60e-01	3.32e-01	7.34e-02
 5.58466e+22	7.88e-27	3.55e-20	1.29e-16	7.94e-14	4.11e-10	1.47e-07	1.36e-05	3.55e-04	4.14e-03	1.86e-02	3.89e-02	8.18e-02	4.64e-01	3.23e-01	6.89e-02
 5.59502e+22	1.03e-26	4.46e-20	1.56e-16	9.23e-14	4.83e-10	1.72e-07	1.58e-05	4.04e-04	4.61e-03	2.03e-02	4.13e-02	8.44e-02	4.67e-01	3.16e-01	6.56e-02
 5.60551e+22	1.46e-26	6.05e-20	2.00e-16	1.12e-13	6.00e-10	2.13e-07	1.93e-05	4.81e-04	5.34e-03	2.28e-02	4.47e-02	8.79e-02	4.71e-01	3.07e-01	6.14e-02
 5.61619e+22	1.91e-26	7.60e-20	2.43e-16	1.31e-13	7.06e-10	2.49e-07	2.24e-05	5.48e-04	5.96e-03	2.48e-02	4.74e-02	9.06e-02	4.73e-01	3.00e-01	5.84e-02
 5.62711e+22	2.69e-26	1.02e-19	3.10e-16	1.58e-13	8.72e-10	3.06e-07	2.71e-05	6.49e-04	6.86e-03	2.77e-02	5.12e-02	9.42e-02	4.75e-01	2.90e-01	5.45e-02
 5.63841e+22	3.56e-26	1.30e-19	3.79e-16	1.85e-13	1.03e-09	3.62e-07	3.17e-05	7.44e-04	7.70e-03	3.03e-02	5.44e-02	9.71e-02	4.76e-01	2.82e-01	5.15e-02
 5.65016e+22	5.08e-26	1.76e-19	4.87e-16	2.24e-13	1.28e-09	4.48e-07	3.87e-05	8.85e-04	8.89e-03	3.39e-02	5.87e-02	1.01e-01	4.77e-01	2.72e-01	4.78e-02
 5.66219e+22	6.71e-26	2.23e-19	5.95e-16	2.62e-13	1.52e-09	5.29e-07	4.52e-05	1.01e-03	9.95e-03	3.70e-02	6.23e-02	1.04e-01	4.77e-01	2.64e-01	4.50e-02
 5.67290e+22	8.79e-26	2.81e-19	7.20e-16	3.04e-13	1.79e-09	6.21e-07	5.25e-05	1.16e-03	1.11e-02	4.02e-02	6.59e-02	1.06e-01	4.77e-01	2.56e-01	4.23e-02
 5.68513e+22	1.24e-25	3.77e-19	9.18e-16	3.66e-13	2.20e-09	7.61e-07	6.35e-05	1.36e-03	1.27e-02	4.47e-02	7.06e-02	1.10e-01	4.76e-01	2.46e-01	3.91e-02
 5.69754e+22	1.61e-25	4.73e-19	1.11e-15	4.23e-13	2.59e-09	8.90e-07	7.35e-05	1.55e-03	1.41e-02	4.84e-02	7.45e-02	1.13e-01	4.74e-01	2.38e-01	3.68e-02
 5.71017e+22	2.25e-25	6.30e-19	1.41e-15	5.08e-13	3.16e-09	1.09e-06	8.84e-05	1.82e-03	1.61e-02	5.35e-02	7.95e-02	1.16e-01	4.72e-01	2.27e-01	3.39e-02
 5.72244e+22	2.85e-25	7.70e-19	1.66e-15	5.79e-13	3.65e-09	1.25e-06	1.01e-04	2.04e-03	1.76e-02	5.73e-02	8.32e-02	1.18e-01	4.69e-01	2.20e-01	3.19e-02
 5.73423e+22	3.86e-25	9.98e-19	2.06e-15	6.82e-13	4.37e-09	1.49e-06	1.19e-04	2.35e-03	1.98e-02	6.26e-02	8.81e-02	1.21e-01	4.66e-01	2.11e-01	2.95e-02
 5.74625e+22	4.87e-25	1.22e-18	2.43e-15	7.76e-13	5.02e-09	1.71e-06	1.35e-04	2.62e-03	2.16e-02	6.69e-02	9.18e-02	1.23e-01	4.62e-01	2.04e-01	2.78e-02
 5.75855e+22	6.61e-25	1.58e-18	3.01e-15	9.14e-13	6.01e-09	2.04e-06	1.59e-04	3.03e-03	2.43e-02	7.29e-02	9.70e-02	1.26e-01	4.57e-01	1.94e-01	2.55e-02
 5.77104e+22	8.30e-25	1.92e-18	3.55e-15	1.04e-12	6.89e-09	2.32e-06	1.79e-04	3.37e-03	2.64e-02	7.76e-02	1.01e-01	1.28e-01	4.53e-01	1.87e-01	2.40e-02
 5.78374e+22	1.13e-24	2.49e-18	4.40e-15	1.22e-12	8.22e-09	2.76e-06	2.11e-04	3.88e-03	2.95e-02	8.43e-02	1.06e-01	1.30e-01	4.46e-01	1.78e-01	2.20e-02
 5.79623e+22	1.39e-24	2.99e-18	5.13e-15	1.38e-12	9.31e-09	3.12e-06	2.36e-04	4.27e-03	3.19e-02	8.91e-02	1.10e-01	1.31e-01	4.41e-01	1.72e-01	2.07e-02
 5.80844e+22	1.84e-24	3.81e-18	6.25e-15	1.61e-12	1.09e-08	3.65e-06	2.73e-04	4.85e-03	3.53e-02	9.60e-02	1.15e-01	1.33e-01	4.34e-01	1.63e-01	1.90e-02
 5.82089e+22	2.28e-24	4.58e-18	7.30e-15	1.81e-12	1.24e-08	4.12e-06	3.05e-04	5.34e-03	3.80e-02	1.01e-01	1.18e-01	1.34e-01	4.28e-01	1.57e-01	1.78e-02
 5.83367e+22	3.03e-24	5.84e-18	8.93e-15	2.12e-12	1.46e-08	4.83e-06	3.53e-04	6.06e-03	4.19e-02	1.09e-01	1.23e-01	1.36e-01	4.19e-01	1.48e-01	1.63e-02
 5.84668e+22	3.77e-24	7.04e-18	1.05e-14	2.39e-12	1.65e-08	5.45e-06	3.95e-04	6.66e-03	4.51e-02	1.15e-01	1.27e-01	1.37e-01	4.13e-01	1.42e-01	1.52e-02
 5.86002e+22	7.98e-25	9.00e-18	1.28e-14	2.80e-12	1.94e-08	6.37e-06	4.56e-04	7.55e-03	4.97e-02	1.23e-01	1.32e-01	1.38e-01	4.03e-01	1.34e-01	1.38e-02
 5.87359e+22	1.00e-24	1.09e-17	1.50e-14	3.17e-12	2.20e-08	7.18e-06	5.09e-04	8.29e-03	5.34e-02	1.29e-01	1.35e-01	1.38e-01	3.95e-01	1.28e-01	1.28e-02
 5.88746e+22	3.96e-25	1.39e-17	1.85e-14	3.72e-12	2.58e-08	8.37e-06	5.87e-04	9.37e-03	5.86e-02	1.38e-01	1.40e-01	1.38e-01	3.84e-01	1.20e-01	1.16e-02
 5.90160e+22	4.99e-25	1.69e-17	2.18e-14	4.23e-12	2.92e-08	9.43e-06	6.54e-04	1.03e-02	6.29e-02	1.44e-01	1.43e-01	1.39e-01	3.75e-01	1.14e-01	1.07e-02
 5.91608e+22	6.77e-25	2.17e-17	2.68e-14	4.98e-12	3.42e-08	1.10e-05	7.53e-04	1.16e-02	6.88e-02	1.53e-01	1.48e-01	1.38e-01	3.63e-01	1.06e-01	9.64e-03
 5.93023e+22	8.36e-25	2.59e-17	3.12e-14	5.62e-12	3.83e-08	1.22e-05	8.28e-04	1.26e-02	7.31e-02	1.60e-01	1.51e-01	1.38e-01	3.55e-01	1.01e-01	8.97e-03
 5.94395e+22	1.11e-24	3.27e-17	3.79e-14	6.52e-12	4.43e-08	1.41e-05	9.42e-04	1.40e-02	7.93e-02	1.69e-01	1.54e-01	1.38e-01	3.43e-01	9.43e-02	8.08e-03
 5.95789e+22	1.38e-24	3.90e-17	4.41e-14	7.37e-12	4.96e-08	1.56e-05	1.04e-03	1.52e-02	8.40e-02	1.75e-01	1.57e-01	1.37e-01	3.34e-01	8.96e-02	7.49e-03
 5.97212e+22	1.83e-24	4.93e-17	5.37e-14	8.59e-12	5.72e-08	1.79e-05	1.17e-03	1.69e-02	9.07e-02	1.84e-01	1.60e-01	1.36e-01	3.22e-01	8.34e-02	6.73e-03
 5.98678e+22	2.30e-24	5.96e-17	6.31e-14	9.77e-12	6.44e-08	2.00e-05	1.30e-03	1.83e-02	9.63e-02	1.91e-01	1.62e-01	1.35e-01	3.12e-01	7.86e-02	6.17e-03
 6.00203e+22	3.08e-24	7.56e-17	7.73e-14	1.15e-11	7.46e-08	2.30e-05	1.47e-03	2.03e-02	1.04e-01	2.00e-01	1.64e-01	1.33e-01	2.99e-01	7.28e-02	5.52e-03
 6.01778e+22	3.94e-24	9.25e-17	9.18e-14	1.32e-11	8.44e-08	2.58e-05	1.63e-03	2.21e-02	1.10e-01	2.07e-01	1.66e-01	1.31e-01	2.88e-01	6.80e-02	5.01e-03
 6.03417e+22	5.34e-24	1.19e-16	1.14e-13	1.56e-11	9.83e-08	2.97e-05	1.84e-03	2.46e-02	1.19e-01	2.16e-01	1.68e-01	1.29e-01	2.75e-01	6.25e-02	4.44e-03
 6.05102e+22	6.89e-24	1.46e-16	1.36e-13	1.80e-11	1.12e-07	3.34e-05	2.05e-03	2.68e-02	1.26e-01	2.24e-01	1.69e-01	1.27e-01	2.63e-01	5.81e-02	4.00e-03
 6.06846e+22	9.44e-24	1.90e-16	1.70e-13	2.15e-11	1.30e-07	3.86e-05	2.32e-03	2.97e-02	1.35e-01	2.33e-01	1.71e-01	1.24e-01	2.49e-01	5.29e-02	3.51e-03
 6.08648e+22	1.23e-23	2.36e-16	2.05e-13	2.50e-11	1.49e-07	4.35e-05	2.58e-03	3.24e-02	1.43e-01	2.40e-01	1.71e-01	1.21e-01	2.37e-01	4.88e-02	3.13e-03
 6.10526e+22	1.72e-23	3.10e-16	2.59e-13	3.02e-11	1.75e-07	5.04e-05	2.94e-03	3.59e-02	1.53e-01	2.49e-01	1.71e-01	1.18e-01	2.23e-01	4.40e-02	2.72e-03
 6.12452e+22	2.27e-23	3.88e-16	3.15e-13	3.53e-11	2.00e-07	5.70e-05	3.27e-03	3.91e-02	1.62e-01	2.56e-01	1.71e-01	1.14e-01	2.11e-01	4.03e-02	2.40e-03
 6.14180e+22	2.96e-23	4.82e-16	3.81e-13	4.12e-11	2.28e-07	6.40e-05	3.61e-03	4.24e-02	1.71e-01	2.62e-01	1.70e-01	1.11e-01	2.00e-01	3.70e-02	2.14e-03
 6.16166e+22	4.20e-23	6.42e-16	4.86e-13	5.00e-11	2.68e-07	7.43e-05	4.12e-03	4.70e-02	1.83e-01	2.70e-01	1.69e-01	1.07e-01	1.85e-01	3.28e-02	1.81e-03
 6.18164e+22	5.47e-23	7.97e-16	5.87e-13	5.83e-11	3.05e-07	8.33e-05	4.53e-03	5.07e-02	1.91e-01	2.76e-01	1.68e-01	1.03e-01	1.75e-01	2.99e-02	1.60e-03
 6.20178e+22	7.72e-23	1.06e-15	7.47e-13	7.06e-11	3.57e-07	9.61e-05	5.13e-03	5.59e-02	2.03e-01	2.82e-01	1.65e-01	9.87e-02	1.61e-01	2.64e-02	1.36e-03
 6.22234e+22	1.02e-22	1.32e-15	9.08e-13	8.26e-11	4.06e-07	1.08e-04	5.66e-03	6.04e-02	2.13e-01	2.87e-01	1.63e-01	9.49e-02	1.51e-01	2.39e-02	1.18e-03
 6.24346e+22	1.46e-22	1.77e-15	1.16e-12	1.01e-10	4.77e-07	1.24e-04	6.40e-03	6.65e-02	2.25e-01	2.92e-01	1.60e-01	9.00e-02	1.38e-01	2.08e-02	9.87e-04
 6.26491e+22	1.94e-22	2.23e-15	1.42e-12	1.18e-10	5.42e-07	1.39e-04	7.06e-03	7.17e-02	2.35e-01	2.96e-01	1.57e-01	8.60e-02	1.28e-01	1.86e-02	8.51e-04
 6.28678e+22	2.80e-22	3.01e-15	1.83e-12	1.44e-10	6.35e-07	1.61e-04	7.98e-03	7.88e-02	2.48e-01	3.00e-01	1.52e-01	8.08e-02	1.16e-01	1.61e-02	6.99e-04
 6.30746e+22	3.58e-22	3.67e-15	2.17e-12	1.64e-10	7.06e-07	1.77e-04	8.64e-03	8.38e-02	2.56e-01	3.02e-01	1.49e-01	7.74e-02	1.08e-01	1.45e-02	6.13e-04
 6.32658e+22	4.94e-22	4.76e-15	2.69e-12	1.94e-10	8.05e-07	1.99e-04	9.57e-03	9.07e-02	2.67e-01	3.04e-01	1.45e-01	7.29e-02	9.83e-02	1.27e-02	5.12e-04
 6.34585e+22	6.32e-22	5.81e-15	3.19e-12	2.22e-10	8.95e-07	2.18e-04	1.03e-02	9.62e-02	2.75e-01	3.04e-01	1.41e-01	6.96e-02	9.14e-02	1.14e-02	4.46e-04
 6.36534e+22	8.78e-22	7.57e-15	3.98e-12	2.63e-10	1.02e-06	2.45e-04	1.14e-02	1.04e-01	2.86e-01	3.05e-01	1.36e-01	6.52e-02	8.26e-02	9.84e-03	3.68e-04
 6.38500e+22	1.13e-21	9.30e-15	4.73e-12	3.01e-10	1.13e-06	2.68e-04	1.24e-02	1.10e-01	2.94e-01	3.04e-01	1.32e-01	6.19e-02	7.62e-02	8.78e-03	3.18e-04
 6.40489e+22	1.58e-21	1.22e-14	5.91e-12	3.56e-10	1.28e-06	3.01e-04	1.36e-02	1.19e-01	3.04e-01	3.03e-01	1.26e-01	5.76e-02	6.84e-02	7.52e-03	2.60e-04
 6.42506e+22	2.05e-21	1.50e-14	7.04e-12	4.08e-10	1.41e-06	3.29e-04	1.47e-02	1.26e-01	3.12e-01	3.02e-01	1.22e-01	5.44e-02	6.27e-02	6.65e-03	2.22e-04
 6.44558e+22	2.91e-21	1.99e-14	8.85e-12	4.85e-10	1.60e-06	3.68e-04	1.62e-02	1.36e-01	3.21e-01	2.99e-01	1.16e-01	5.02e-02	5.56e-02	5.62e-03	1.78e-04
 6.46638e+22	3.81e-21	2.48e-14	1.06e-11	5.57e-10	1.77e-06	4.03e-04	1.75e-02	1.43e-01	3.28e-01	2.96e-01	1.11e-01	4.71e-02	5.07e-02	4.93e-03	1.51e-04
 6.48754e+22	5.45e-21	3.31e-14	1.34e-11	6.65e-10	2.01e-06	4.51e-04	1.92e-02	1.54e-01	3.37e-01	2.91e-01	1.05e-01	4.32e-02	4.46e-02	4.12e-03	1.20e-04
 6.50916e+22	7.29e-21	4.18e-14	1.62e-11	7.67e-10	2.23e-06	4.93e-04	2.08e-02	1.64e-01	3.44e-01	2.87e-01	9.99e-02	4.02e-02	4.01e-02	3.55e-03	9.90e-05
 6.53138e+22	1.07e-20	5.69e-14	2.08e-11	9.25e-10	2.54e-06	5.54e-04	2.29e-02	1.76e-01	3.52e-01	2.81e-01	9.33e-02	3.65e-02	3.48e-02	2.92e-03	7.70e-05
 6.55403e+22	1.45e-20	7.29e-14	2.54e-11	1.08e-09	2.82e-06	6.07e-04	2.48e-02	1.87e-01	3.58e-01	2.75e-01	8.81e-02	3.37e-02	3.10e-02	2.48e-03	6.27e-05
 6.57653e+22	2.13e-20	9.93e-14	3.25e-11	1.30e-09	3.21e-06	6.79e-04	2.72e-02	2.00e-01	3.64e-01	2.67e-01	8.17e-02	3.05e-02	2.67e-02	2.03e-03	4.85e-05
 6.59790e+22	2.81e-20	1.24e-13	3.88e-11	1.49e-09	3.53e-06	7.37e-04	2.91e-02	2.10e-01	3.68e-01	2.60e-01	7.72e-02	2.83e-02	2.40e-02	1.75e-03	4.02e-05
 6.61853e+22	4.08e-20	1.67e-13	4.92e-11	1.78e-09	3.99e-06	8.19e-04	3.18e-02	2.24e-01	3.73e-01	2.52e-01	7.13e-02	2.56e-02	2.07e-02	1.43e-03	3.12e-05
 6.63956e+22	5.50e-20	2.12e-13	5.95e-11	2.06e-09	4.42e-06	8.92e-04	3.40e-02	2.36e-01	3.75e-01	2.44e-01	6.68e-02	2.35e-02	1.84e-02	1.22e-03	2.54e-05
 6.66020e+22	7.94e-20	2.84e-13	7.52e-11	2.47e-09	5.00e-06	9.89e-04	3.70e-02	2.50e-01	3.78e-01	2.35e-01	6.15e-02	2.12e-02	1.58e-02	9.96e-04	1.98e-05
 6.68127e+22	1.10e-19	3.66e-13	9.22e-11	2.90e-09	5.58e-06	1.08e-03	3.97e-02	2.63e-01	3.79e-01	2.26e-01	5.70e-02	1.94e-02	1.39e-02	8.35e-04	1.59e-05
 6.70180e+22	1.58e-19	4.87e-13	1.16e-10	3.46e-09	6.32e-06	1.20e-03	4.30e-02	2.78e-01	3.80e-01	2.16e-01	5.23e-02	1.75e-02	1.20e-02	6.85e-04	1.24e-05
 6.72275e+22	2.24e-19	6.38e-13	1.44e-10	4.11e-09	7.13e-06	1.32e-03	4.63e-02	2.92e-01	3.79e-01	2.07e-01	4.81e-02	1.58e-02	1.04e-02	5.67e-04	9.77e-06
 6.74350e+22	3.23e-19	8.46e-13	1.81e-10	4.93e-09	8.11e-06	1.46e-03	4.99e-02	3.07e-01	3.78e-01	1.96e-01	4.39e-02	1.42e-02	8.95e-03	4.64e-04	7.62e-06
 6.76436e+22	4.67e-19	1.12e-12	2.26e-10	5.91e-09	9.22e-06	1.61e-03	5.37e-02	3.22e-01	3.75e-01	1.87e-01	4.01e-02	1.28e-02	7.70e-03	3.81e-04	5.96e-06
 6.78497e+22	6.82e-19	1.48e-12	2.83e-10	7.09e-09	1.05e-05	1.78e-03	5.78e-02	3.37e-01	3.72e-01	1.77e-01	3.64e-02	1.15e-02	6.62e-03	3.12e-04	4.65e-06
 6.80555e+22	1.00e-18	1.95e-12	3.55e-10	8.54e-09	1.20e-05	1.97e-03	6.21e-02	3.52e-01	3.68e-01	1.67e-01	3.30e-02	1.03e-02	5.67e-03	2.55e-04	3.62e-06
 6.82616e+22	1.50e-18	2.58e-12	4.46e-10	1.03e-08	1.38e-05	2.18e-03	6.67e-02	3.67e-01	3.63e-01	1.57e-01	2.99e-02	9.19e-03	4.85e-03	2.07e-04	2.81e-06
 6.84686e+22	2.29e-18	3.41e-12	5.61e-10	1.25e-08	1.58e-05	2.42e-03	7.16e-02	3.82e-01	3.57e-01	1.47e-01	2.69e-02	8.19e-03	4.14e-03	1.68e-04	2.18e-06
 6.86769e+22	3.57e-18	4.52e-12	7.08e-10	1.52e-08	1.82e-05	2.68e-03	7.68e-02	3.98e-01	3.50e-01	1.38e-01	2.42e-02	7.28e-03	3.52e-03	1.36e-04	1.68e-06
 6.88870e+22	5.75e-18	5.98e-12	8.93e-10	1.85e-08	2.10e-05	2.98e-03	8.24e-02	4.12e-01	3.43e-01	1.28e-01	2.17e-02	6.46e-03	2.98e-03	1.10e-04	1.29e-06
 6.90996e+22	9.69e-18	7.94e-12	1.13e-09	2.25e-08	2.43e-05	3.31e-03	8.83e-02	4.27e-01	3.34e-01	1.19e-01	1.94e-02	5.70e-03	2.52e-03	8.85e-05	9.90e-07
 6.93134e+22	1.71e-17	1.05e-11	1.43e-09	2.75e-08	2.81e-05	3.67e-03	9.44e-02	4.41e-01	3.25e-01	1.11e-01	1.73e-02	5.04e-03	2.12e-03	7.12e-05	7.58e-07
 6.95306e+22	3.20e-17	1.39e-11	1.81e-09	3.38e-08	3.27e-05	4.09e-03	1.01e-01	4.55e-01	3.16e-01	1.02e-01	1.53e-02	4.42e-03	1.78e-03	5.67e-05	5.75e-07
 6.97503e+22	5.78e-17	1.84e-11	2.29e-09	4.13e-08	3.80e-05	4.54e-03	1.08e-01	4.69e-01	3.06e-01	9.42e-02	1.36e-02	3.88e-03	1.49e-03	4.53e-05	4.38e-07
 6.99743e+22	9.29e-17	2.45e-11	2.92e-09	5.11e-08	4.44e-05	5.06e-03	1.15e-01	4.82e-01	2.95e-01	8.64e-02	1.20e-02	3.38e-03	1.24e-03	3.57e-05	3.28e-07
 7.01827e+22	1.25e-16	3.08e-11	3.55e-09	6.05e-08	5.03e-05	5.52e-03	1.22e-01	4.92e-01	2.86e-01	8.05e-02	1.08e-02	3.02e-03	1.07e-03	2.95e-05	2.60e-07
 7.03974e+22	1.69e-16	4.13e-11	4.57e-09	7.55e-08	5.92e-05	6.17e-03	1.30e-01	5.04e-01	2.74e-01	7.32e-02	9.39e-03	2.60e-03	8.74e-04	2.29e-05	1.92e-07
 7.06155e+22	2.12e-16	5.18e-11	5.56e-09	8.97e-08	6.73e-05	6.73e-03	1.37e-01	5.13e-01	2.64e-01	6.79e-02	8.43e-03	2.31e-03	7.48e-04	1.88e-05	1.51e-07
 7.08385e+22	2.97e-16	6.97e-11	7.18e-09	1.13e-07	7.94e-05	7.54e-03	1.47e-01	5.23e-01	2.51e-01	6.13e-02	7.29e-03	1.98e-03	6.08e-04	1.45e-05	0.00e+00
 7.10627e+22	3.75e-16	8.68e-11	8.69e-09	1.33e-07	8.99e-05	8.20e-03	1.54e-01	5.30e-01	2.42e-01	5.68e-02	6.54e-03	1.76e-03	5.20e-04	1.19e-05	0.00e+00
 7.12884e+22	5.07e-16	1.16e-10	1.12e-08	1.66e-07	1.06e-04	9.14e-03	1.64e-01	5.39e-01	2.30e-01	5.12e-02	5.65e-03	1.50e-03	4.22e-04	9.13e-06	0.00e+00
 7.15153e+22	6.36e-16	1.43e-10	1.35e-08	1.97e-07	1.20e-04	9.93e-03	1.71e-01	5.44e-01	2.20e-01	4.73e-02	5.05e-03	1.33e-03	3.60e-04	7.48e-06	0.00e+00
 7.17440e+22	8.53e-16	1.90e-10	1.73e-08	2.45e-07	1.41e-04	1.10e-02	1.82e-01	5.51e-01	2.08e-01	4.25e-02	4.36e-03	1.13e-03	2.92e-04	5.74e-06	0.00e+00
 7.19745e+22	1.06e-15	2.34e-10	2.08e-08	2.90e-07	1.59e-04	1.20e-02	1.90e-01	5.55e-01	1.99e-01	3.92e-02	3.89e-03	1.00e-03	2.49e-04	4.69e-06	0.00e+00
 7.22076e+22	1.42e-15	3.08e-10	2.65e-08	3.60e-07	1.86e-04	1.33e-02	2.01e-01	5.59e-01	1.88e-01	3.51e-02	3.35e-03	8.49e-04	2.01e-04	3.59e-06	0.00e+00
 7.24436e+22	1.76e-15	3.79e-10	3.20e-08	4.26e-07	2.11e-04	1.44e-02	2.09e-01	5.61e-01	1.79e-01	3.23e-02	2.98e-03	7.47e-04	1.71e-04	2.92e-06	0.00e+00
 7.26834e+22	2.33e-15	4.96e-10	4.08e-08	5.31e-07	2.47e-04	1.60e-02	2.21e-01	5.63e-01	1.68e-01	2.88e-02	2.56e-03	6.31e-04	1.37e-04	2.22e-06	0.00e+00
 7.29271e+22	2.90e-15	6.12e-10	4.92e-08	6.29e-07	2.80e-04	1.73e-02	2.30e-01	5.64e-01	1.59e-01	2.64e-02	2.27e-03	5.53e-04	1.16e-04	1.80e-06	0.00e+00
 7.31761e+22	3.84e-15	8.01e-10	6.28e-08	7.85e-07	3.28e-04	1.92e-02	2.42e-01	5.64e-01	1.49e-01	2.35e-02	1.93e-03	4.65e-04	9.25e-05	1.36e-06	0.00e+00
 7.34302e+22	4.78e-15	9.89e-10	7.61e-08	9.33e-07	3.72e-04	2.07e-02	2.51e-01	5.63e-01	1.41e-01	2.14e-02	1.71e-03	4.05e-04	7.76e-05	1.09e-06	0.00e+00
 7.36910e+22	6.32e-15	1.30e-09	9.75e-08	1.17e-06	4.38e-04	2.30e-02	2.64e-01	5.61e-01	1.30e-01	1.89e-02	1.45e-03	3.37e-04	6.15e-05	8.13e-07	0.00e+00
