#depth	Fe	Fe+	Fe+2	Fe+3	Fe+4	Fe+5	Fe+6	Fe+7	Fe+8	Fe+9	Fe+10	Fe+11	Fe+12	Fe+13	Fe+14	Fe+15	Fe+16	Fe+17	Fe+18	Fe+19	Fe+20	Fe+21	Fe+22	Fe+23	Fe+24	Fe+25	Fe+26
 4.62852e+21	0.00e+00	0.00e+00	0.00e+00	0.00e+00	0.00e+00	0.00e+00	0.00e+00	0.00e+00	0.00e+00	0.00e+00	1.03e-24	1.20e-22	1.37e-20	1.07e-18	6.76e-17	4.50e-15	7.04e-12	9.49e-10	6.40e-08	2.03e-06	3.77e-05	3.91e-04	3.05e-03	2.18e-02	2.30e-01	4.40e-01	3.04e-01
 1.05591e+22	0.00e+00	0.00e+00	0.00e+00	0.00e+00	0.00e+00	0.00e+00	0.00e+00	0.00e+00	0.00e+00	7.08e-26	8.30e-24	6.81e-22	9.08e-20	9.58e-18	1.13e-15	1.61e-13	1.70e-10	1.57e-08	7.31e-07	1.62e-05	2.11e-04	1.53e-03	8.39e-03	4.24e-02	3.18e-01	4.25e-01	2.05e-01
 1.27523e+22	0.00e+00	0.00e+00	0.00e+00	0.00e+00	0.00e+00	0.00e+00	0.00e+00	0.00e+00	1.68e-26	2.17e-24	2.01e-22	1.88e-20	1.98e-18	1.65e-16	1.53e-14	1.72e-12	1.40e-09	1.00e-07	3.62e-06	6.27e-05	6.42e-04	3.67e-03	1.58e-02	6.30e-02	3.75e-01	3.93e-01	1.48e-01
 1.43562e+22	0.00e+00	0.00e+00	0.00e+00	0.00e+00	0.00e+00	0.00e+00	0.00e+00	1.28e-27	4.09e-25	4.37e-23	3.35e-21	2.59e-19	2.26e-17	1.55e-15	1.19e-13	1.11e-11	7.29e-09	4.25e-07	1.26e-05	1.79e-04	1.51e-03	7.11e-03	2.53e-02	8.34e-02	4.15e-01	3.57e-01	1.11e-01
 1.52473e+22	0.00e+00	0.00e+00	0.00e+00	0.00e+00	0.00e+00	0.00e+00	4.64e-30	2.32e-27	7.10e-25	7.24e-23	6.77e-21	4.99e-19	4.14e-17	2.72e-15	1.99e-13	1.77e-11	1.10e-08	6.08e-07	1.71e-05	2.32e-04	1.86e-03	8.35e-03	2.83e-02	8.90e-02	4.23e-01	3.47e-01	1.03e-01
 1.55408e+22	0.00e+00	0.00e+00	0.00e+00	0.00e+00	0.00e+00	4.31e-33	8.22e-30	3.99e-27	1.18e-24	1.17e-22	1.06e-20	7.60e-19	6.11e-17	3.89e-15	2.76e-13	2.37e-11	1.43e-08	7.65e-07	2.08e-05	2.74e-04	2.13e-03	9.25e-03	3.04e-02	9.27e-02	4.28e-01	3.40e-01	9.74e-02
 1.58058e+22	0.00e+00	0.00e+00	0.00e+00	0.00e+00	0.00e+00	9.42e-33	1.73e-29	8.06e-27	2.30e-24	2.19e-22	1.91e-20	1.31e-18	1.01e-16	6.20e-15	4.22e-13	3.49e-11	2.01e-08	1.03e-06	2.69e-05	3.39e-04	2.53e-03	1.05e-02	3.33e-02	9.76e-02	4.34e-01	3.31e-01	9.09e-02
 1.60772e+22	0.00e+00	0.00e+00	0.00e+00	0.00e+00	0.00e+00	1.82e-32	3.24e-29	1.46e-26	4.03e-24	3.70e-22	3.12e-20	2.07e-18	1.55e-16	9.16e-15	6.03e-13	4.81e-11	2.67e-08	1.32e-06	3.33e-05	4.05e-04	2.92e-03	1.18e-02	3.59e-02	1.02e-01	4.39e-01	3.23e-01	8.57e-02
 1.63192e+22	0.00e+00	0.00e+00	0.00e+00	0.00e+00	0.00e+00	3.34e-32	5.75e-29	2.52e-26	6.74e-24	6.00e-22	4.91e-20	3.16e-18	2.29e-16	1.31e-14	8.38e-13	6.48e-11	3.48e-08	1.66e-06	4.05e-05	4.77e-04	3.33e-03	1.30e-02	3.84e-02	1.06e-01	4.42e-01	3.15e-01	8.11e-02
 1.65579e+22	0.00e+00	0.00e+00	0.00e+00	0.00e+00	0.00e+00	5.16e-32	8.61e-29	3.65e-26	9.48e-24	9.85e-22	7.80e-20	4.86e-18	3.41e-16	1.89e-14	1.17e-12	8.77e-11	4.54e-08	2.10e-06	4.95e-05	5.64e-04	3.81e-03	1.44e-02	4.12e-02	1.10e-01	4.46e-01	3.08e-01	7.65e-02
 1.67910e+22	0.00e+00	0.00e+00	0.00e+00	0.00e+00	0.00e+00	9.26e-32	1.50e-28	6.18e-26	1.56e-23	1.57e-21	1.21e-19	7.30e-18	4.97e-16	2.68e-14	1.61e-12	1.17e-10	5.84e-08	2.61e-06	5.97e-05	6.59e-04	4.32e-03	1.58e-02	4.39e-02	1.14e-01	4.49e-01	3.00e-01	7.24e-02
 1.70548e+22	0.00e+00	0.00e+00	0.00e+00	0.00e+00	0.00e+00	1.89e-31	2.96e-28	1.18e-25	2.86e-23	2.78e-21	2.06e-19	1.20e-17	7.87e-16	4.09e-14	2.36e-12	1.65e-10	7.95e-08	3.41e-06	7.50e-05	7.97e-04	5.03e-03	1.78e-02	4.75e-02	1.18e-01	4.52e-01	2.91e-01	6.75e-02
 1.73311e+22	0.00e+00	0.00e+00	0.00e+00	0.00e+00	0.00e+00	3.77e-31	5.69e-28	2.19e-25	5.13e-23	4.82e-21	3.44e-19	1.93e-17	1.22e-15	6.13e-14	3.42e-12	2.31e-10	1.07e-07	4.41e-06	9.34e-05	9.57e-04	5.82e-03	1.98e-02	5.11e-02	1.23e-01	4.54e-01	2.82e-01	6.30e-02
 1.75729e+22	0.00e+00	0.00e+00	0.00e+00	0.00e+00	0.00e+00	7.08e-31	1.03e-27	3.85e-25	8.75e-23	7.95e-21	5.49e-19	2.99e-17	1.83e-15	8.87e-14	4.79e-12	3.12e-10	1.40e-07	5.57e-06	1.14e-04	1.13e-03	6.64e-03	2.19e-02	5.46e-02	1.27e-01	4.56e-01	2.73e-01	5.91e-02
 1.78365e+22	0.00e+00	0.00e+00	0.00e+00	0.00e+00	0.00e+00	1.45e-30	2.05e-27	7.35e-25	1.61e-22	1.41e-20	9.39e-19	4.92e-17	2.90e-15	1.36e-13	7.05e-12	4.43e-10	1.90e-07	7.28e-06	1.43e-04	1.36e-03	7.71e-03	2.45e-02	5.88e-02	1.32e-01	4.57e-01	2.64e-01	5.49e-02
 1.81184e+22	0.00e+00	0.00e+00	0.00e+00	0.00e+00	0.00e+00	2.96e-30	4.03e-27	1.39e-24	2.95e-22	2.48e-20	1.59e-18	8.04e-17	4.57e-15	2.05e-13	1.03e-11	6.23e-10	2.57e-07	9.46e-06	1.79e-04	1.64e-03	8.93e-03	2.73e-02	6.32e-02	1.37e-01	4.57e-01	2.54e-01	5.09e-02
 1.83601e+22	0.00e+00	0.00e+00	0.00e+00	0.00e+00	1.84e-33	5.42e-30	7.14e-27	2.40e-24	4.91e-22	4.01e-20	2.49e-18	1.22e-16	6.71e-15	2.92e-13	1.42e-11	8.31e-10	3.31e-07	1.18e-05	2.16e-04	1.92e-03	1.01e-02	2.99e-02	6.70e-02	1.41e-01	4.57e-01	2.46e-01	4.76e-02
 1.85775e+22	0.00e+00	0.00e+00	0.00e+00	0.00e+00	3.35e-33	9.55e-30	1.22e-26	3.99e-24	7.95e-22	6.30e-20	3.80e-18	1.80e-16	9.63e-15	4.07e-13	1.92e-11	1.09e-09	4.20e-07	1.45e-05	2.58e-04	2.22e-03	1.13e-02	3.25e-02	7.08e-02	1.44e-01	4.56e-01	2.38e-01	4.47e-02
 1.88271e+22	0.00e+00	0.00e+00	0.00e+00	0.00e+00	6.24e-33	1.72e-29	2.13e-26	6.73e-24	1.40e-21	1.07e-19	6.23e-18	2.86e-16	1.47e-14	6.01e-13	2.73e-11	1.50e-09	5.56e-07	1.85e-05	3.16e-04	2.63e-03	1.30e-02	3.59e-02	7.54e-02	1.48e-01	4.54e-01	2.29e-01	4.14e-02
 1.90978e+22	0.00e+00	0.00e+00	0.00e+00	0.00e+00	1.27e-32	3.38e-29	4.05e-26	1.23e-23	2.48e-21	1.83e-19	1.03e-17	4.54e-16	2.26e-14	8.89e-13	3.89e-11	2.06e-09	7.37e-07	2.36e-05	3.89e-04	3.12e-03	1.48e-02	3.96e-02	8.02e-02	1.52e-01	4.52e-01	2.19e-01	3.83e-02
 1.93467e+22	0.00e+00	0.00e+00	0.00e+00	0.00e+00	2.49e-32	6.43e-29	7.44e-26	2.20e-23	4.26e-21	3.04e-19	1.65e-17	7.05e-16	3.39e-14	1.29e-12	5.45e-11	2.79e-09	9.62e-07	2.98e-05	4.74e-04	3.66e-03	1.68e-02	4.34e-02	8.50e-02	1.56e-01	4.49e-01	2.10e-01	3.55e-02
 1.95842e+22	0.00e+00	0.00e+00	0.00e+00	0.00e+00	4.77e-32	1.19e-28	1.34e-25	3.82e-23	7.19e-21	4.97e-19	2.61e-17	1.08e-15	5.01e-14	1.84e-12	7.54e-11	3.73e-09	1.24e-06	3.72e-05	5.72e-04	4.27e-03	1.90e-02	4.73e-02	8.96e-02	1.59e-01	4.45e-01	2.02e-01	3.29e-02
 1.98135e+22	0.00e+00	0.00e+00	0.00e+00	0.00e+00	8.83e-32	2.14e-28	2.33e-25	6.47e-23	1.18e-20	7.90e-19	4.02e-17	1.61e-15	7.25e-14	2.58e-12	1.02e-10	4.90e-09	1.58e-06	4.59e-05	6.83e-04	4.94e-03	2.13e-02	5.13e-02	9.42e-02	1.62e-01	4.41e-01	1.93e-01	3.05e-02
 2.00694e+22	0.00e+00	0.00e+00	0.00e+00	0.00e+00	1.82e-31	4.26e-28	4.49e-25	1.20e-22	2.11e-20	1.36e-18	6.69e-17	2.58e-15	1.12e-13	3.84e-12	1.47e-10	6.77e-09	2.10e-06	5.86e-05	8.39e-04	5.84e-03	2.42e-02	5.64e-02	9.96e-02	1.66e-01	4.36e-01	1.84e-01	2.80e-02
 2.03381e+22	0.00e+00	0.00e+00	0.00e+00	0.00e+00	3.69e-31	8.35e-28	8.48e-25	2.19e-22	3.73e-20	2.32e-18	1.10e-16	4.07e-15	1.70e-13	5.63e-12	2.07e-10	9.22e-09	2.76e-06	7.42e-05	1.03e-03	6.88e-03	2.75e-02	6.16e-02	1.05e-01	1.69e-01	4.29e-01	1.74e-01	2.56e-02
 2.05737e+22	0.00e+00	0.00e+00	0.00e+00	0.00e+00	7.00e-31	1.54e-27	1.51e-24	3.79e-22	6.24e-20	3.75e-18	1.71e-16	6.16e-15	2.49e-13	7.96e-12	2.83e-10	1.22e-08	3.54e-06	9.19e-05	1.23e-03	7.97e-03	3.08e-02	6.67e-02	1.10e-01	1.71e-01	4.23e-01	1.66e-01	2.35e-02
 2.08302e+22	0.00e+00	0.00e+00	0.00e+00	0.00e+00	1.53e-30	3.24e-27	3.07e-24	7.40e-22	1.17e-19	6.76e-18	2.97e-16	1.02e-14	3.97e-13	1.22e-11	4.15e-10	1.71e-08	4.78e-06	1.19e-04	1.53e-03	9.51e-03	3.52e-02	7.33e-02	1.16e-01	1.73e-01	4.14e-01	1.56e-01	2.12e-02
 2.10937e+22	0.00e+00	0.00e+00	0.00e+00	0.00e+00	2.85e-30	5.84e-27	5.36e-24	1.29e-21	1.98e-19	1.10e-17	4.68e-16	1.56e-14	5.84e-13	1.73e-11	5.70e-10	2.27e-08	6.12e-06	1.48e-04	1.83e-03	1.10e-02	3.94e-02	7.92e-02	1.21e-01	1.75e-01	4.05e-01	1.48e-01	1.94e-02
 2.13210e+22	0.00e+00	0.00e+00	0.00e+00	0.00e+00	5.26e-30	1.05e-26	9.30e-24	2.17e-21	3.22e-19	1.74e-17	7.15e-16	2.31e-14	8.36e-13	2.40e-11	7.65e-10	2.95e-08	7.71e-06	1.80e-04	2.16e-03	1.26e-02	4.36e-02	8.49e-02	1.26e-01	1.76e-01	3.97e-01	1.40e-01	1.78e-02
 2.15383e+22	0.00e+00	0.00e+00	0.00e+00	1.58e-33	9.55e-30	1.85e-26	1.59e-23	3.62e-21	5.20e-19	2.72e-17	1.08e-15	3.38e-14	1.19e-12	3.30e-11	1.02e-09	3.80e-08	9.65e-06	2.19e-04	2.54e-03	1.43e-02	4.81e-02	9.08e-02	1.30e-01	1.77e-01	3.88e-01	1.32e-01	1.63e-02
 2.17879e+22	0.00e+00	0.00e+00	0.00e+00	3.49e-33	2.04e-29	3.79e-26	3.15e-23	6.89e-21	9.53e-19	4.79e-17	1.83e-15	5.48e-14	1.85e-12	4.92e-11	1.46e-09	5.23e-08	1.28e-05	2.79e-04	3.12e-03	1.69e-02	5.44e-02	9.85e-02	1.36e-01	1.77e-01	3.76e-01	1.23e-01	1.46e-02
 2.20433e+22	0.00e+00	0.00e+00	0.00e+00	6.76e-33	3.83e-29	6.91e-26	5.57e-23	1.18e-20	1.58e-18	7.67e-17	2.83e-15	8.19e-14	2.67e-12	6.86e-11	1.97e-09	6.80e-08	1.61e-05	3.41e-04	3.68e-03	1.93e-02	6.01e-02	1.05e-01	1.40e-01	1.77e-01	3.65e-01	1.16e-01	1.32e-02
 2.23061e+22	0.00e+00	0.00e+00	0.00e+00	1.52e-32	8.31e-29	1.44e-25	1.12e-22	2.27e-20	2.92e-18	1.36e-16	4.82e-15	1.34e-13	4.18e-12	1.03e-10	2.82e-09	9.37e-08	2.14e-05	4.35e-04	4.51e-03	2.27e-02	6.77e-02	1.14e-01	1.45e-01	1.76e-01	3.51e-01	1.07e-01	1.17e-02
 2.25750e+22	0.00e+00	0.00e+00	0.00e+00	3.23e-32	1.70e-28	2.86e-25	2.13e-22	4.18e-20	5.17e-18	2.32e-16	7.89e-15	2.10e-13	6.31e-12	1.49e-10	3.94e-09	1.26e-07	2.77e-05	5.43e-04	5.43e-03	2.62e-02	7.54e-02	1.22e-01	1.50e-01	1.75e-01	3.37e-01	9.85e-02	1.04e-02
 2.27943e+22	0.00e+00	0.00e+00	0.00e+00	6.03e-32	3.09e-28	5.04e-25	3.65e-22	6.94e-20	8.31e-18	3.61e-16	1.19e-14	3.06e-13	8.87e-12	2.03e-10	5.17e-09	1.59e-07	3.43e-05	6.52e-04	6.32e-03	2.96e-02	8.22e-02	1.28e-01	1.53e-01	1.73e-01	3.25e-01	9.19e-02	9.38e-03
 2.29919e+22	0.00e+00	0.00e+00	0.00e+00	1.04e-31	5.22e-28	8.28e-25	5.84e-22	1.08e-19	1.26e-17	5.31e-16	1.70e-14	4.25e-13	1.20e-11	2.66e-10	6.59e-09	1.97e-07	4.13e-05	7.64e-04	7.21e-03	3.28e-02	8.85e-02	1.34e-01	1.56e-01	1.71e-01	3.14e-01	8.63e-02	8.55e-03
 2.32188e+22	0.00e+00	0.00e+00	0.00e+00	2.16e-31	1.04e-27	1.60e-24	1.09e-21	1.94e-19	2.18e-17	8.85e-16	2.72e-14	6.55e-13	1.77e-11	3.79e-10	9.00e-09	2.59e-07	5.26e-05	9.41e-04	8.56e-03	3.75e-02	9.74e-02	1.42e-01	1.59e-01	1.68e-01	2.99e-01	7.92e-02	7.55e-03
 2.34581e+22	0.00e+00	0.00e+00	0.00e+00	4.15e-31	1.94e-27	2.89e-24	1.92e-21	3.32e-19	3.61e-17	1.41e-15	4.18e-14	9.72e-13	2.54e-11	5.22e-10	1.20e-08	3.32e-07	6.55e-05	1.14e-03	1.00e-02	4.23e-02	1.06e-01	1.50e-01	1.61e-01	1.65e-01	2.85e-01	7.28e-02	6.71e-03
 2.36763e+22	0.00e+00	0.00e+00	0.00e+00	7.88e-31	3.59e-27	5.18e-24	3.34e-21	5.58e-19	5.85e-17	2.21e-15	6.33e-14	1.42e-12	3.57e-11	7.10e-10	1.57e-08	4.20e-07	8.07e-05	1.36e-03	1.16e-02	4.73e-02	1.15e-01	1.56e-01	1.63e-01	1.61e-01	2.72e-01	6.70e-02	5.96e-03
 2.39227e+22	0.00e+00	0.00e+00	0.00e+00	1.73e-30	7.58e-27	1.05e-23	6.52e-21	1.05e-18	1.05e-16	3.82e-15	1.05e-13	2.25e-12	5.41e-11	1.03e-09	2.18e-08	5.59e-07	1.04e-04	1.68e-03	1.38e-02	5.41e-02	1.26e-01	1.64e-01	1.64e-01	1.56e-01	2.54e-01	6.02e-02	5.14e-03
 2.41665e+22	0.00e+00	0.00e+00	0.00e+00	3.40e-30	1.45e-26	1.95e-23	1.16e-20	1.81e-18	1.75e-16	6.12e-15	1.61e-13	3.33e-12	7.73e-11	1.41e-09	2.88e-08	7.11e-07	1.28e-04	2.02e-03	1.60e-02	6.06e-02	1.36e-01	1.71e-01	1.65e-01	1.51e-01	2.39e-01	5.46e-02	4.49e-03
 2.43640e+22	0.00e+00	0.00e+00	0.00e+00	6.05e-30	2.50e-26	3.28e-23	1.90e-20	2.87e-18	2.70e-16	9.13e-15	2.33e-13	4.66e-12	1.05e-10	1.85e-09	3.65e-08	8.72e-07	1.54e-04	2.35e-03	1.81e-02	6.65e-02	1.44e-01	1.76e-01	1.65e-01	1.47e-01	2.27e-01	5.01e-02	4.00e-03
 2.45778e+22	0.00e+00	0.00e+00	0.00e+00	1.21e-29	4.85e-26	6.13e-23	3.44e-20	5.00e-18	4.53e-16	1.47e-14	3.62e-13	6.95e-12	1.50e-10	2.55e-09	4.82e-08	1.11e-06	1.90e-04	2.82e-03	2.10e-02	7.41e-02	1.55e-01	1.82e-01	1.64e-01	1.41e-01	2.11e-01	4.50e-02	3.46e-03
 2.48046e+22	0.00e+00	0.00e+00	8.95e-34	2.28e-29	8.85e-26	1.09e-22	5.89e-20	8.28e-18	7.26e-16	2.28e-14	5.39e-13	1.00e-11	2.08e-10	3.41e-09	6.22e-08	1.38e-06	2.30e-04	3.31e-03	2.39e-02	8.16e-02	1.65e-01	1.87e-01	1.63e-01	1.35e-01	1.97e-01	4.06e-02	3.01e-03
 2.50139e+22	0.00e+00	0.00e+00	1.77e-33	4.38e-29	1.65e-25	1.96e-22	1.03e-19	1.39e-17	1.18e-15	3.56e-14	8.12e-13	1.45e-11	2.90e-10	4.58e-09	8.03e-08	1.71e-06	2.79e-04	3.90e-03	2.72e-02	8.98e-02	1.75e-01	1.92e-01	1.61e-01	1.29e-01	1.83e-01	3.64e-02	2.61e-03
 2.52160e+22	0.00e+00	0.00e+00	3.28e-33	7.85e-29	2.87e-25	3.32e-22	1.69e-19	2.22e-17	1.82e-15	5.32e-14	1.17e-12	2.02e-11	3.91e-10	5.97e-09	1.01e-07	2.09e-06	3.31e-04	4.50e-03	3.06e-02	9.76e-02	1.84e-01	1.95e-01	1.58e-01	1.23e-01	1.71e-01	3.28e-02	2.28e-03
 2.54427e+22	0.00e+00	0.00e+00	7.17e-33	1.65e-28	5.84e-25	6.50e-22	3.18e-19	4.02e-17	3.16e-15	8.84e-14	1.87e-12	3.08e-11	5.70e-10	8.33e-09	1.35e-07	2.67e-06	4.11e-04	5.39e-03	3.52e-02	1.08e-01	1.95e-01	1.99e-01	1.55e-01	1.16e-01	1.56e-01	2.87e-02	1.91e-03
 2.56708e+22	0.00e+00	0.00e+00	1.41e-32	3.16e-28	1.08e-24	1.16e-21	5.49e-19	6.71e-17	5.08e-15	1.37e-13	2.78e-12	4.42e-11	7.87e-10	1.11e-08	1.72e-07	3.27e-06	4.92e-04	6.28e-03	3.97e-02	1.18e-01	2.05e-01	2.01e-01	1.51e-01	1.09e-01	1.43e-01	2.54e-02	1.63e-03
 2.58613e+22	0.00e+00	0.00e+00	2.51e-32	5.45e-28	1.81e-24	1.91e-21	8.76e-19	1.04e-16	7.62e-15	1.99e-13	3.92e-12	6.02e-11	1.04e-09	1.41e-08	2.12e-07	3.91e-06	5.74e-04	7.13e-03	4.39e-02	1.26e-01	2.13e-01	2.02e-01	1.48e-01	1.03e-01	1.32e-01	2.28e-02	1.42e-03
 2.60698e+22	0.00e+00	0.00e+00	5.13e-32	1.08e-27	3.46e-24	3.53e-21	1.56e-18	1.78e-16	1.26e-14	3.15e-13	5.95e-12	8.79e-11	1.45e-09	1.89e-08	2.74e-07	4.83e-06	6.91e-04	8.32e-03	4.95e-02	1.37e-01	2.22e-01	2.03e-01	1.43e-01	9.62e-02	1.20e-01	1.98e-02	1.19e-03
 2.62894e+22	0.00e+00	0.00e+00	9.99e-32	2.03e-27	6.32e-24	6.24e-21	2.66e-18	2.94e-16	2.00e-14	4.83e-13	8.78e-12	1.25e-10	1.98e-09	2.48e-08	3.45e-07	5.87e-06	8.18e-04	9.57e-03	5.51e-02	1.47e-01	2.30e-01	2.03e-01	1.38e-01	8.96e-02	1.09e-01	1.74e-02	1.01e-03
 2.64871e+22	0.00e+00	0.00e+00	1.86e-31	3.67e-27	1.11e-23	1.06e-20	4.39e-18	4.70e-16	3.08e-14	7.19e-13	1.26e-11	1.73e-10	2.64e-09	3.20e-08	4.29e-07	7.03e-06	9.56e-04	1.09e-02	6.08e-02	1.57e-01	2.37e-01	2.02e-01	1.32e-01	8.36e-02	9.88e-02	1.53e-02	8.55e-04
 2.66739e+22	0.00e+00	0.00e+00	3.37e-31	6.44e-27	1.90e-23	1.76e-20	7.07e-18	7.32e-16	4.65e-14	1.05e-12	1.78e-11	2.35e-10	3.48e-09	4.06e-08	5.25e-07	8.32e-06	1.11e-03	1.23e-02	6.66e-02	1.66e-01	2.44e-01	2.01e-01	1.27e-01	7.79e-02	9.00e-02	1.35e-02	7.30e-04
 2.68829e+22	0.00e+00	0.00e+00	6.94e-31	1.28e-26	3.64e-23	3.27e-20	1.26e-17	1.26e-15	7.67e-14	1.66e-12	2.69e-11	3.42e-10	4.84e-09	5.41e-08	6.71e-07	1.02e-05	1.32e-03	1.41e-02	7.41e-02	1.78e-01	2.50e-01	1.98e-01	1.21e-01	7.12e-02	8.00e-02	1.15e-02	6.00e-04
 2.70988e+22	0.00e+00	0.00e+00	1.33e-30	2.37e-26	6.52e-23	5.68e-20	2.12e-17	2.04e-15	1.20e-13	2.50e-12	3.90e-11	4.76e-10	6.49e-09	6.98e-08	8.32e-07	1.22e-05	1.53e-03	1.60e-02	8.12e-02	1.88e-01	2.55e-01	1.95e-01	1.15e-01	6.54e-02	7.17e-02	9.95e-03	5.00e-04
 2.72894e+22	0.00e+00	0.00e+00	2.42e-30	4.19e-26	1.12e-22	9.48e-20	3.42e-17	3.19e-15	1.81e-13	3.65e-12	5.50e-11	6.48e-10	8.51e-09	8.83e-08	1.01e-06	1.43e-05	1.76e-03	1.79e-02	8.82e-02	1.98e-01	2.60e-01	1.92e-01	1.09e-01	6.02e-02	6.45e-02	8.66e-03	4.21e-04
 2.74749e+22	0.00e+00	0.00e+00	4.43e-30	7.44e-26	1.93e-22	1.58e-19	5.54e-17	5.00e-15	2.75e-13	5.33e-12	7.75e-11	8.80e-10	1.11e-08	1.12e-07	1.24e-06	1.68e-05	2.02e-03	2.00e-02	9.56e-02	2.07e-01	2.63e-01	1.88e-01	1.04e-01	5.52e-02	5.78e-02	7.51e-03	3.53e-04
 2.76880e+22	0.00e+00	0.00e+00	9.34e-30	1.51e-25	3.78e-22	2.99e-19	1.00e-16	8.70e-15	4.58e-13	8.51e-12	1.18e-10	1.29e-09	1.56e-08	1.49e-07	1.57e-06	2.05e-05	2.39e-03	2.28e-02	1.05e-01	2.19e-01	2.66e-01	1.82e-01	9.64e-02	4.94e-02	5.02e-02	6.26e-03	2.82e-04
 2.79043e+22	0.00e+00	0.00e+00	1.75e-29	2.75e-25	6.67e-22	5.11e-19	1.66e-16	1.39e-14	7.05e-13	1.26e-11	1.69e-10	1.76e-09	2.05e-08	1.89e-07	1.92e-06	2.41e-05	2.74e-03	2.55e-02	1.14e-01	2.28e-01	2.68e-01	1.77e-01	9.04e-02	4.48e-02	4.45e-02	5.35e-03	2.33e-04
 2.80931e+22	0.00e+00	0.00e+00	3.24e-29	4.92e-25	1.16e-21	8.60e-19	2.70e-16	2.19e-14	1.07e-12	1.85e-11	2.38e-10	2.40e-09	2.69e-08	2.38e-07	2.33e-06	2.82e-05	3.12e-03	2.82e-02	1.22e-01	2.37e-01	2.68e-01	1.71e-01	8.46e-02	4.06e-02	3.94e-02	4.57e-03	1.92e-04
 2.82756e+22	0.00e+00	5.90e-34	5.80e-29	8.53e-25	1.95e-21	1.41e-18	4.28e-16	3.36e-14	1.59e-12	2.65e-11	3.29e-10	3.20e-09	3.46e-08	2.96e-07	2.80e-06	3.26e-05	3.53e-03	3.11e-02	1.31e-01	2.45e-01	2.68e-01	1.66e-01	7.92e-02	3.69e-02	3.50e-02	3.93e-03	1.60e-04
 2.84815e+22	0.00e+00	1.25e-33	1.18e-28	1.68e-24	3.70e-21	2.58e-18	7.55e-16	5.69e-14	2.58e-12	4.12e-11	4.91e-10	4.57e-09	4.73e-08	3.87e-07	3.49e-06	3.90e-05	4.09e-03	3.48e-02	1.41e-01	2.55e-01	2.67e-01	1.58e-01	7.28e-02	3.26e-02	3.01e-02	3.25e-03	1.27e-04
 2.86949e+22	0.00e+00	2.46e-33	2.23e-28	3.06e-24	6.55e-21	4.42e-18	1.25e-15	9.09e-14	3.97e-12	6.09e-11	6.98e-10	6.25e-09	6.22e-08	4.89e-07	4.24e-06	4.55e-05	4.65e-03	3.85e-02	1.51e-01	2.63e-01	2.66e-01	1.52e-01	6.73e-02	2.91e-02	2.63e-02	2.73e-03	1.03e-04
 2.88860e+22	0.00e+00	4.70e-33	4.13e-28	5.48e-24	1.14e-20	7.42e-18	2.03e-15	1.43e-13	6.01e-12	8.88e-11	9.80e-10	8.45e-09	8.08e-08	6.11e-07	5.10e-06	5.27e-05	5.25e-03	4.22e-02	1.61e-01	2.70e-01	2.63e-01	1.45e-01	6.22e-02	2.60e-02	2.29e-02	2.30e-03	8.39e-05
 2.91024e+22	0.00e+00	1.05e-32	8.84e-28	1.13e-23	2.25e-20	1.41e-17	3.70e-15	2.49e-13	1.00e-11	1.42e-10	1.49e-09	1.23e-08	1.12e-07	8.07e-07	6.41e-06	6.32e-05	6.09e-03	4.72e-02	1.73e-01	2.78e-01	2.59e-01	1.37e-01	5.61e-02	2.25e-02	1.93e-02	1.86e-03	6.47e-05
 2.93172e+22	0.00e+00	2.05e-32	1.66e-27	2.05e-23	3.95e-20	2.40e-17	6.09e-15	3.96e-13	1.53e-11	2.08e-10	2.11e-09	1.67e-08	1.46e-07	1.01e-06	7.72e-06	7.31e-05	6.86e-03	5.17e-02	1.84e-01	2.84e-01	2.55e-01	1.30e-01	5.14e-02	1.99e-02	1.67e-02	1.55e-03	5.20e-05
 2.94931e+22	0.00e+00	3.65e-32	2.86e-27	3.43e-23	6.43e-20	3.80e-17	9.34e-15	5.89e-13	2.21e-11	2.90e-10	2.84e-09	2.17e-08	1.84e-07	1.23e-06	9.05e-06	8.29e-05	7.59e-03	5.57e-02	1.93e-01	2.89e-01	2.50e-01	1.23e-01	4.75e-02	1.79e-02	1.47e-02	1.32e-03	4.30e-05
 2.96850e+22	0.00e+00	7.58e-32	5.72e-27	6.60e-23	1.19e-19	6.81e-17	1.61e-14	9.76e-13	3.51e-11	4.42e-10	4.14e-09	3.03e-08	2.45e-07	1.57e-06	1.11e-05	9.70e-05	8.61e-03	6.12e-02	2.04e-01	2.94e-01	2.44e-01	1.16e-01	4.28e-02	1.56e-02	1.24e-02	1.07e-03	3.36e-05
 2.98828e+22	0.00e+00	1.44e-31	1.05e-26	1.17e-22	2.04e-19	1.13e-16	2.59e-14	1.51e-12	5.25e-11	6.36e-10	5.74e-09	4.04e-08	3.15e-07	1.94e-06	1.32e-05	1.11e-04	9.59e-03	6.63e-02	2.14e-01	2.98e-01	2.39e-01	1.09e-01	3.90e-02	1.37e-02	1.07e-02	8.93e-04	2.70e-05
 3.00454e+22	0.00e+00	2.42e-31	1.71e-26	1.86e-22	3.17e-19	1.71e-16	3.80e-14	2.16e-12	7.27e-11	8.56e-10	7.48e-09	5.11e-08	3.86e-07	2.30e-06	1.51e-05	1.24e-04	1.05e-02	7.05e-02	2.22e-01	3.00e-01	2.34e-01	1.04e-01	3.61e-02	1.24e-02	9.51e-03	7.68e-04	2.26e-05
 3.02135e+22	0.00e+00	4.62e-31	3.15e-26	3.31e-22	5.46e-19	2.85e-16	6.13e-14	3.37e-12	1.09e-10	1.24e-09	1.04e-08	6.84e-08	4.97e-07	2.85e-06	1.80e-05	1.42e-04	1.16e-02	7.61e-02	2.33e-01	3.03e-01	2.27e-01	9.72e-02	3.27e-02	1.08e-02	8.15e-03	6.35e-04	1.80e-05
 3.03743e+22	0.00e+00	7.49e-31	4.97e-26	5.09e-22	8.20e-19	4.18e-16	8.76e-14	4.69e-12	1.48e-10	1.63e-09	1.33e-08	8.48e-08	5.98e-07	3.34e-06	2.04e-05	1.56e-04	1.25e-02	8.05e-02	2.40e-01	3.04e-01	2.22e-01	9.25e-02	3.03e-02	9.80e-03	7.25e-03	5.50e-04	1.52e-05
 3.05038e+22	0.00e+00	1.20e-30	7.78e-26	7.78e-22	1.22e-18	6.09e-16	1.24e-13	6.49e-12	1.99e-10	2.13e-09	1.69e-08	1.05e-07	7.18e-07	3.89e-06	2.31e-05	1.72e-04	1.35e-02	8.49e-02	2.47e-01	3.06e-01	2.17e-01	8.79e-02	2.81e-02	8.87e-03	6.46e-03	4.77e-04	1.28e-05
 3.06305e+22	0.00e+00	1.88e-30	1.18e-25	1.16e-21	1.77e-18	8.65e-16	1.73e-13	8.80e-12	2.62e-10	2.74e-09	2.12e-08	1.28e-07	8.53e-07	4.49e-06	2.60e-05	1.88e-04	1.45e-02	8.91e-02	2.54e-01	3.06e-01	2.11e-01	8.38e-02	2.61e-02	8.06e-03	5.79e-03	4.17e-04	1.09e-05
 3.07546e+22	0.00e+00	2.86e-30	1.76e-25	1.68e-21	2.52e-18	1.20e-15	2.35e-13	1.17e-11	3.41e-10	3.47e-09	2.62e-08	1.54e-07	1.00e-06	5.14e-06	2.90e-05	2.04e-04	1.55e-02	9.33e-02	2.61e-01	3.07e-01	2.07e-01	7.99e-02	2.44e-02	7.37e-03	5.21e-03	3.67e-04	9.39e-06
 3.08947e+22	0.00e+00	5.06e-30	3.01e-25	2.79e-21	4.06e-18	1.89e-15	3.57e-13	1.72e-11	4.85e-10	4.77e-09	3.48e-08	1.98e-07	1.24e-06	6.17e-06	3.35e-05	2.28e-04	1.68e-02	9.90e-02	2.69e-01	3.07e-01	2.00e-01	7.49e-02	2.22e-02	6.50e-03	4.52e-03	3.08e-04	7.63e-06
 3.10331e+22	0.00e+00	7.79e-30	4.52e-25	4.09e-21	5.83e-18	2.65e-15	4.90e-13	2.31e-11	6.34e-10	6.08e-09	4.32e-08	2.40e-07	1.47e-06	7.08e-06	3.74e-05	2.48e-04	1.80e-02	1.04e-01	2.76e-01	3.06e-01	1.94e-01	7.12e-02	2.06e-02	5.91e-03	4.05e-03	2.69e-04	6.51e-06
 3.11470e+22	0.00e+00	1.17e-29	6.64e-25	5.88e-21	8.20e-18	3.65e-15	6.60e-13	3.05e-11	8.16e-10	7.65e-09	5.30e-08	2.87e-07	1.71e-06	8.05e-06	4.15e-05	2.69e-04	1.91e-02	1.08e-01	2.81e-01	3.06e-01	1.89e-01	6.78e-02	1.92e-02	5.39e-03	3.65e-03	2.37e-04	5.60e-06
 3.12561e+22	0.00e+00	1.75e-29	9.65e-25	8.38e-21	1.14e-17	4.99e-15	8.83e-13	3.99e-11	1.04e-09	9.55e-09	6.47e-08	3.42e-07	1.99e-06	9.13e-06	4.59e-05	2.90e-04	2.02e-02	1.12e-01	2.87e-01	3.05e-01	1.85e-01	6.46e-02	1.79e-02	4.93e-03	3.29e-03	2.09e-04	4.83e-06
 3.13813e+22	0.00e+00	2.84e-29	1.53e-24	1.29e-20	1.72e-17	7.31e-15	1.26e-12	5.55e-11	1.41e-09	1.25e-08	8.25e-08	4.23e-07	2.39e-06	1.06e-05	5.20e-05	3.19e-04	2.16e-02	1.18e-01	2.94e-01	3.03e-01	1.78e-01	6.07e-02	1.64e-02	4.41e-03	2.90e-03	1.79e-04	4.02e-06
 3.15104e+22	0.00e+00	4.42e-29	2.31e-24	1.91e-20	2.48e-17	1.03e-14	1.74e-12	7.47e-11	1.85e-09	1.60e-08	1.03e-07	5.13e-07	2.82e-06	1.22e-05	5.80e-05	3.46e-04	2.30e-02	1.23e-01	3.00e-01	3.02e-01	1.73e-01	5.74e-02	1.52e-02	3.98e-03	2.58e-03	1.55e-04	3.40e-06
 3.16233e+22	0.00e+00	6.58e-29	3.37e-24	2.72e-20	3.45e-17	1.41e-14	2.33e-12	9.78e-11	2.36e-09	2.00e-08	1.25e-07	6.10e-07	3.27e-06	1.38e-05	6.41e-05	3.73e-04	2.44e-02	1.27e-01	3.05e-01	3.00e-01	1.68e-01	5.45e-02	1.41e-02	3.63e-03	2.32e-03	1.36e-04	2.93e-06
 3.17486e+22	0.00e+00	1.12e-28	5.53e-24	4.34e-20	5.35e-17	2.13e-14	3.41e-12	1.39e-10	3.27e-09	2.68e-08	1.62e-07	7.67e-07	3.98e-06	1.63e-05	7.30e-05	4.11e-04	2.62e-02	1.33e-01	3.12e-01	2.98e-01	1.61e-01	5.09e-02	1.28e-02	3.20e-03	2.01e-03	1.15e-04	2.39e-06
 3.18746e+22	0.00e+00	1.73e-28	8.34e-24	6.38e-20	7.69e-17	2.99e-14	4.68e-12	1.87e-10	4.27e-09	3.41e-08	2.01e-07	9.26e-07	4.68e-06	1.87e-05	8.12e-05	4.46e-04	2.77e-02	1.39e-01	3.17e-01	2.95e-01	1.56e-01	4.79e-02	1.18e-02	2.89e-03	1.79e-03	9.95e-05	2.02e-06
 3.19769e+22	0.00e+00	2.50e-28	1.18e-23	8.83e-20	1.04e-16	3.97e-14	6.11e-12	2.39e-10	5.34e-09	4.18e-08	2.41e-07	1.09e-06	5.36e-06	2.09e-05	8.88e-05	4.77e-04	2.91e-02	1.43e-01	3.22e-01	2.93e-01	1.51e-01	4.56e-02	1.10e-02	2.64e-03	1.62e-03	8.81e-05	1.75e-06
 3.20852e+22	0.00e+00	3.95e-28	1.81e-23	1.32e-19	1.52e-16	5.68e-14	8.52e-12	3.25e-10	7.07e-09	5.39e-08	3.03e-07	1.32e-06	6.35e-06	2.41e-05	9.93e-05	5.18e-04	3.09e-02	1.49e-01	3.27e-01	2.90e-01	1.46e-01	4.28e-02	1.01e-02	2.36e-03	1.43e-03	7.56e-05	1.46e-06
 3.21966e+22	0.00e+00	5.77e-28	2.59e-23	1.85e-19	2.08e-16	7.61e-14	1.12e-11	4.19e-10	8.91e-09	6.64e-08	3.65e-07	1.56e-06	7.31e-06	2.70e-05	1.09e-04	5.55e-04	3.25e-02	1.54e-01	3.31e-01	2.88e-01	1.41e-01	4.05e-02	9.36e-03	2.15e-03	1.28e-03	6.66e-05	1.26e-06
 3.23120e+22	0.00e+00	9.70e-28	4.21e-23	2.92e-19	3.20e-16	1.14e-13	1.63e-11	5.93e-10	1.22e-08	8.84e-08	4.70e-07	1.95e-06	8.84e-06	3.17e-05	1.23e-04	6.09e-04	3.47e-02	1.60e-01	3.37e-01	2.84e-01	1.35e-01	3.76e-02	8.45e-03	1.89e-03	1.11e-03	5.59e-05	1.03e-06
 3.24250e+22	0.00e+00	1.43e-27	6.05e-23	4.10e-19	4.39e-16	1.53e-13	2.15e-11	7.67e-10	1.54e-08	1.09e-07	5.68e-07	2.30e-06	1.02e-05	3.56e-05	1.35e-04	6.52e-04	3.64e-02	1.65e-01	3.41e-01	2.81e-01	1.30e-01	3.55e-02	7.83e-03	1.72e-03	9.96e-04	4.90e-05	8.81e-07
 3.25350e+22	0.00e+00	2.35e-27	9.64e-23	6.36e-19	6.60e-16	2.25e-13	3.07e-11	1.07e-09	2.09e-08	1.43e-07	7.24e-07	2.85e-06	1.22e-05	4.14e-05	1.52e-04	7.12e-04	3.87e-02	1.71e-01	3.46e-01	2.77e-01	1.24e-01	3.30e-02	7.08e-03	1.52e-03	8.65e-04	4.13e-05	7.21e-07
 3.26460e+22	0.00e+00	3.47e-27	1.39e-22	8.96e-19	9.11e-16	3.04e-13	4.07e-11	1.39e-09	2.64e-08	1.78e-07	8.77e-07	3.37e-06	1.41e-05	4.66e-05	1.67e-04	7.62e-04	4.06e-02	1.77e-01	3.49e-01	2.73e-01	1.20e-01	3.11e-02	6.54e-03	1.37e-03	7.73e-04	3.61e-05	6.15e-07
 3.27584e+22	0.00e+00	5.83e-27	2.26e-22	1.41e-18	1.39e-15	4.52e-13	5.90e-11	1.95e-09	3.62e-08	2.36e-07	1.13e-06	4.20e-06	1.70e-05	5.45e-05	1.89e-04	8.34e-04	4.32e-02	1.83e-01	3.54e-01	2.68e-01	1.14e-01	2.87e-02	5.88e-03	1.20e-03	6.65e-04	3.01e-05	4.98e-07
 3.28710e+22	0.00e+00	8.74e-27	3.30e-22	2.01e-18	1.94e-15	6.16e-13	7.88e-11	2.56e-09	4.62e-08	2.95e-07	1.38e-06	5.00e-06	1.98e-05	6.16e-05	2.08e-04	8.95e-04	4.54e-02	1.89e-01	3.57e-01	2.64e-01	1.09e-01	2.70e-02	5.40e-03	1.08e-03	5.91e-04	2.61e-05	4.22e-07
 3.29667e+22	0.00e+00	1.27e-26	4.68e-22	2.79e-18	2.63e-15	8.19e-13	1.03e-10	3.27e-09	5.79e-08	3.61e-07	1.65e-06	5.86e-06	2.26e-05	6.89e-05	2.27e-04	9.55e-04	4.74e-02	1.94e-01	3.60e-01	2.60e-01	1.05e-01	2.54e-02	4.99e-03	9.80e-04	5.29e-04	2.29e-05	3.61e-07
 3.30736e+22	0.00e+00	2.16e-26	7.70e-22	4.44e-18	4.04e-15	1.23e-12	1.50e-10	4.65e-09	7.97e-08	4.83e-07	2.14e-06	7.35e-06	2.75e-05	8.09e-05	2.57e-04	1.05e-03	5.04e-02	2.01e-01	3.64e-01	2.55e-01	9.93e-02	2.33e-02	4.46e-03	8.51e-04	4.52e-04	1.89e-05	2.89e-07
 3.31783e+22	0.00e+00	3.08e-26	1.07e-21	6.05e-18	5.40e-15	1.61e-12	1.93e-10	5.89e-09	9.88e-08	5.87e-07	2.54e-06	8.56e-06	3.13e-05	9.00e-05	2.80e-04	1.11e-03	5.25e-02	2.06e-01	3.66e-01	2.51e-01	9.56e-02	2.20e-02	4.13e-03	7.74e-04	4.06e-04	1.66e-05	2.49e-07
 3.32802e+22	0.00e+00	5.11e-26	1.72e-21	9.40e-18	8.12e-15	2.36e-12	2.76e-10	8.22e-09	1.34e-07	7.74e-07	3.25e-06	1.06e-05	3.76e-05	1.05e-04	3.15e-04	1.21e-03	5.55e-02	2.13e-01	3.69e-01	2.46e-01	9.04e-02	2.02e-02	3.69e-03	6.75e-04	3.48e-04	1.38e-05	2.01e-07
 3.33801e+22	0.00e+00	7.17e-26	2.36e-21	1.26e-17	1.07e-14	3.05e-12	3.52e-10	1.03e-08	1.64e-07	9.32e-07	3.84e-06	1.23e-05	4.25e-05	1.16e-04	3.41e-04	1.28e-03	5.77e-02	2.17e-01	3.71e-01	2.42e-01	8.70e-02	1.91e-02	3.42e-03	6.15e-04	3.14e-04	1.22e-05	1.73e-07
 3.34776e+22	0.00e+00	1.18e-25	3.75e-21	1.94e-17	1.59e-14	4.44e-12	5.00e-10	1.43e-08	2.22e-07	1.22e-06	4.89e-06	1.52e-05	5.10e-05	1.35e-04	3.83e-04	1.40e-03	6.09e-02	2.24e-01	3.74e-01	2.36e-01	8.22e-02	1.75e-02	3.06e-03	5.35e-04	2.69e-04	1.01e-05	1.40e-07
 3.35748e+22	0.00e+00	1.67e-25	5.18e-21	2.63e-17	2.11e-14	5.77e-12	6.39e-10	1.80e-08	2.73e-07	1.48e-06	5.80e-06	1.76e-05	5.79e-05	1.50e-04	4.16e-04	1.48e-03	6.33e-02	2.29e-01	3.75e-01	2.32e-01	7.89e-02	1.65e-02	2.83e-03	4.86e-04	2.41e-04	8.87e-06	0.00e+00
 3.36717e+22	0.00e+00	2.73e-25	8.20e-21	4.02e-17	3.13e-14	8.35e-12	9.05e-10	2.49e-08	3.68e-07	1.94e-06	7.39e-06	2.18e-05	6.94e-05	1.74e-04	4.66e-04	1.61e-03	6.67e-02	2.36e-01	3.77e-01	2.26e-01	7.43e-02	1.51e-02	2.52e-03	4.22e-04	2.06e-04	7.35e-06	0.00e+00
 3.37695e+22	0.00e+00	3.93e-25	1.15e-20	5.50e-17	4.18e-14	1.10e-11	1.17e-09	3.16e-08	4.58e-07	2.37e-06	8.83e-06	2.55e-05	7.92e-05	1.94e-04	5.08e-04	1.71e-03	6.94e-02	2.41e-01	3.78e-01	2.21e-01	7.10e-02	1.41e-02	2.32e-03	3.80e-04	1.84e-04	6.39e-06	0.00e+00
 3.38684e+22	0.00e+00	6.50e-25	1.83e-20	8.49e-17	6.24e-14	1.60e-11	1.67e-09	4.41e-08	6.21e-07	3.13e-06	1.13e-05	3.17e-05	9.54e-05	2.26e-04	5.72e-04	1.86e-03	7.31e-02	2.47e-01	3.80e-01	2.15e-01	6.66e-02	1.29e-02	2.06e-03	3.28e-04	1.56e-04	5.24e-06	0.00e+00
 3.39681e+22	0.00e+00	9.36e-25	2.57e-20	1.16e-16	8.34e-14	2.10e-11	2.15e-09	5.61e-08	7.75e-07	3.83e-06	1.36e-05	3.72e-05	1.09e-04	2.52e-04	6.23e-04	1.98e-03	7.60e-02	2.52e-01	3.80e-01	2.10e-01	6.35e-02	1.20e-02	1.88e-03	2.95e-04	1.38e-04	4.54e-06	0.00e+00
 3.40688e+22	0.00e+00	1.53e-24	4.05e-20	1.77e-16	1.23e-13	3.02e-11	3.05e-09	7.78e-08	1.05e-06	5.03e-06	1.73e-05	4.61e-05	1.31e-04	2.93e-04	7.00e-04	2.16e-03	8.00e-02	2.59e-01	3.81e-01	2.04e-01	5.94e-02	1.09e-02	1.67e-03	2.54e-04	1.17e-04	3.72e-06	0.00e+00
 3.41687e+22	0.00e+00	2.21e-24	5.70e-20	2.43e-16	1.65e-13	3.98e-11	3.95e-09	9.93e-08	1.31e-06	6.18e-06	2.08e-05	5.42e-05	1.50e-04	3.28e-04	7.64e-04	2.30e-03	8.32e-02	2.64e-01	3.81e-01	1.99e-01	5.65e-02	1.01e-02	1.52e-03	2.27e-04	1.03e-04	3.20e-06	0.00e+00
 3.42676e+22	0.00e+00	3.57e-24	8.88e-20	3.66e-16	2.40e-13	5.67e-11	5.53e-09	1.37e-07	1.75e-06	8.08e-06	2.65e-05	6.69e-05	1.80e-04	3.80e-04	8.56e-04	2.50e-03	8.74e-02	2.71e-01	3.81e-01	1.93e-01	5.28e-02	9.20e-03	1.34e-03	1.95e-04	8.73e-05	2.62e-06	0.00e+00
 3.43683e+22	0.00e+00	5.22e-24	1.26e-19	5.06e-16	3.24e-13	7.50e-11	7.22e-09	1.76e-07	2.21e-06	1.00e-05	3.21e-05	7.92e-05	2.08e-04	4.28e-04	9.38e-04	2.67e-03	9.09e-02	2.76e-01	3.81e-01	1.88e-01	4.99e-02	8.51e-03	1.22e-03	1.73e-04	7.64e-05	2.23e-06	0.00e+00
 3.44714e+22	0.00e+00	8.53e-24	1.98e-19	7.68e-16	4.76e-13	1.08e-10	1.02e-08	2.45e-07	3.00e-06	1.32e-05	4.12e-05	9.87e-05	2.50e-04	4.99e-04	1.06e-03	2.90e-03	9.56e-02	2.83e-01	3.81e-01	1.81e-01	4.63e-02	7.66e-03	1.07e-03	1.48e-04	6.40e-05	1.80e-06	0.00e+00
 3.45751e+22	0.00e+00	1.24e-23	2.80e-19	1.05e-15	6.37e-13	1.42e-10	1.33e-08	3.15e-07	3.78e-06	1.64e-05	4.99e-05	1.17e-04	2.89e-04	5.62e-04	1.16e-03	3.10e-03	9.94e-02	2.88e-01	3.80e-01	1.76e-01	4.37e-02	7.06e-03	9.63e-04	1.31e-04	5.57e-05	1.53e-06	0.00e+00
 3.46796e+22	0.00e+00	2.01e-23	4.37e-19	1.59e-15	9.29e-13	2.03e-10	1.87e-08	4.37e-07	5.12e-06	2.16e-05	6.41e-05	1.46e-04	3.49e-04	6.55e-04	1.30e-03	3.38e-03	1.04e-01	2.94e-01	3.79e-01	1.69e-01	4.04e-02	6.33e-03	8.41e-04	1.11e-04	4.64e-05	1.23e-06	0.00e+00
 3.47848e+22	0.00e+00	2.90e-23	6.11e-19	2.17e-15	1.23e-12	2.65e-10	2.42e-08	5.61e-07	6.45e-06	2.68e-05	7.75e-05	1.72e-04	4.02e-04	7.37e-04	1.43e-03	3.61e-03	1.08e-01	2.99e-01	3.77e-01	1.64e-01	3.81e-02	5.82e-03	7.57e-04	9.78e-05	4.03e-05	1.04e-06	0.00e+00
 3.48761e+22	0.00e+00	4.15e-23	8.47e-19	2.92e-15	1.63e-12	3.44e-10	3.11e-08	7.15e-07	8.08e-06	3.30e-05	9.35e-05	2.03e-04	4.63e-04	8.27e-04	1.56e-03	3.85e-03	1.13e-01	3.04e-01	3.76e-01	1.59e-01	3.58e-02	5.35e-03	6.82e-04	8.63e-05	3.51e-05	8.77e-07	0.00e+00
 3.49800e+22	0.00e+00	6.55e-23	1.29e-18	4.29e-15	2.32e-12	4.81e-10	4.31e-08	9.80e-07	1.08e-05	4.32e-05	1.19e-04	2.52e-04	5.55e-04	9.61e-04	1.75e-03	4.19e-03	1.18e-01	3.10e-01	3.73e-01	1.52e-01	3.30e-02	4.78e-03	5.94e-04	7.31e-05	2.91e-05	7.03e-07	0.00e+00
 3.50827e+22	0.00e+00	9.04e-23	1.73e-18	5.63e-15	2.97e-12	6.10e-10	5.42e-08	1.22e-06	1.33e-05	5.23e-05	1.42e-04	2.93e-04	6.31e-04	1.07e-03	1.90e-03	4.45e-03	1.22e-01	3.15e-01	3.71e-01	1.47e-01	3.11e-02	4.42e-03	5.38e-04	6.50e-05	2.56e-05	6.00e-07	0.00e+00
 3.51839e+22	2.98e-34	1.37e-22	2.53e-18	7.97e-15	4.09e-12	8.27e-10	7.30e-08	1.64e-06	1.74e-05	6.71e-05	1.77e-04	3.57e-04	7.47e-04	1.23e-03	2.12e-03	4.81e-03	1.28e-01	3.20e-01	3.68e-01	1.41e-01	2.88e-02	3.97e-03	4.72e-04	5.56e-05	2.15e-05	4.87e-07	0.00e+00
 3.52882e+22	4.39e-34	1.92e-22	3.44e-18	1.05e-14	5.29e-12	1.06e-09	9.29e-08	2.07e-06	2.17e-05	8.22e-05	2.13e-04	4.19e-04	8.56e-04	1.37e-03	2.31e-03	5.13e-03	1.32e-01	3.24e-01	3.66e-01	1.36e-01	2.70e-02	3.63e-03	4.23e-04	4.89e-05	1.86e-05	4.10e-07	0.00e+00
 3.53965e+22	7.13e-34	2.91e-22	5.04e-18	1.50e-14	7.30e-12	1.44e-09	1.26e-07	2.78e-06	2.86e-05	1.06e-04	2.68e-04	5.14e-04	1.02e-03	1.58e-03	2.58e-03	5.56e-03	1.38e-01	3.30e-01	3.62e-01	1.30e-01	2.48e-02	3.24e-03	3.68e-04	4.14e-05	1.54e-05	3.29e-07	0.00e+00
 3.55069e+22	1.04e-33	4.04e-22	6.80e-18	1.97e-14	9.40e-12	1.83e-09	1.59e-07	3.52e-06	3.55e-05	1.30e-04	3.22e-04	6.03e-04	1.17e-03	1.77e-03	2.82e-03	5.93e-03	1.43e-01	3.34e-01	3.58e-01	1.25e-01	2.31e-02	2.95e-03	3.29e-04	3.63e-05	1.33e-05	2.75e-07	0.00e+00
 3.56198e+22	1.69e-33	6.11e-22	9.90e-18	2.77e-14	1.29e-11	2.47e-09	2.15e-07	4.73e-06	4.69e-05	1.68e-04	4.05e-04	7.40e-04	1.39e-03	2.04e-03	3.15e-03	6.44e-03	1.50e-01	3.39e-01	3.54e-01	1.19e-01	2.11e-02	2.62e-03	2.84e-04	3.06e-05	1.10e-05	2.19e-07	0.00e+00
 3.57350e+22	2.45e-33	8.42e-22	1.32e-17	3.62e-14	1.65e-11	3.13e-09	2.72e-07	5.97e-06	5.81e-05	2.06e-04	4.86e-04	8.67e-04	1.59e-03	2.28e-03	3.43e-03	6.86e-03	1.55e-01	3.42e-01	3.50e-01	1.14e-01	1.97e-02	2.38e-03	2.53e-04	2.67e-05	9.47e-06	1.83e-07	0.00e+00
 3.58534e+22	3.91e-33	1.26e-21	1.91e-17	5.06e-14	2.24e-11	4.21e-09	3.66e-07	8.01e-06	7.66e-05	2.66e-04	6.12e-04	1.06e-03	1.89e-03	2.63e-03	3.83e-03	7.45e-03	1.62e-01	3.47e-01	3.44e-01	1.08e-01	1.79e-02	2.11e-03	2.18e-04	2.24e-05	7.78e-06	1.45e-07	0.00e+00
 3.59736e+22	5.63e-33	1.72e-21	2.54e-17	6.56e-14	2.85e-11	5.31e-09	4.61e-07	1.01e-05	9.48e-05	3.24e-04	7.31e-04	1.24e-03	2.15e-03	2.94e-03	4.17e-03	7.94e-03	1.68e-01	3.50e-01	3.39e-01	1.04e-01	1.67e-02	1.91e-03	1.94e-04	1.95e-05	6.68e-06	1.21e-07	0.00e+00
 3.60965e+22	8.90e-33	2.55e-21	3.63e-17	9.09e-14	3.85e-11	7.10e-09	6.18e-07	1.35e-05	1.25e-04	4.18e-04	9.19e-04	1.52e-03	2.55e-03	3.38e-03	4.65e-03	8.61e-03	1.75e-01	3.54e-01	3.33e-01	9.82e-02	1.51e-02	1.68e-03	1.66e-04	1.63e-05	5.47e-06	0.00e+00	0.00e+00
 3.62200e+22	1.26e-32	3.44e-21	4.76e-17	1.16e-13	4.84e-11	8.85e-09	7.71e-07	1.68e-05	1.53e-04	5.06e-04	1.09e-03	1.77e-03	2.90e-03	3.75e-03	5.05e-03	9.15e-03	1.81e-01	3.57e-01	3.28e-01	9.39e-02	1.40e-02	1.52e-03	1.48e-04	1.42e-05	4.70e-06	0.00e+00	0.00e+00
 3.63446e+22	1.95e-32	5.01e-21	6.69e-17	1.59e-13	6.46e-11	1.17e-08	1.02e-06	2.24e-05	2.00e-04	6.48e-04	1.36e-03	2.15e-03	3.42e-03	4.30e-03	5.61e-03	9.91e-03	1.89e-01	3.60e-01	3.21e-01	8.84e-02	1.27e-02	1.34e-03	1.27e-04	1.19e-05	3.84e-06	0.00e+00	0.00e+00
 3.64653e+22	2.64e-32	6.48e-21	8.46e-17	1.97e-13	7.89e-11	1.42e-08	1.24e-06	2.71e-05	2.39e-04	7.65e-04	1.58e-03	2.44e-03	3.82e-03	4.70e-03	6.01e-03	1.04e-02	1.94e-01	3.62e-01	3.16e-01	8.49e-02	1.19e-02	1.23e-03	1.14e-04	1.05e-05	3.36e-06	0.00e+00	0.00e+00
 3.65808e+22	3.89e-32	9.02e-21	1.14e-16	2.59e-13	1.02e-10	1.82e-08	1.60e-06	3.49e-05	3.02e-04	9.53e-04	1.93e-03	2.90e-03	4.41e-03	5.30e-03	6.60e-03	1.12e-02	2.01e-01	3.64e-01	3.09e-01	8.02e-02	1.08e-02	1.09e-03	9.90e-05	8.95e-06	2.80e-06	0.00e+00	0.00e+00
 3.66994e+22	5.28e-32	1.17e-20	1.45e-16	3.22e-13	1.25e-10	2.21e-08	1.95e-06	4.25e-05	3.63e-04	1.13e-03	2.24e-03	3.32e-03	4.94e-03	5.81e-03	7.09e-03	1.18e-02	2.07e-01	3.66e-01	3.03e-01	7.67e-02	1.01e-02	9.91e-04	8.86e-05	7.87e-06	2.42e-06	0.00e+00	0.00e+00
 3.68218e+22	7.82e-32	1.64e-20	1.96e-16	4.25e-13	1.61e-10	2.84e-08	2.52e-06	5.52e-05	4.63e-04	1.42e-03	2.75e-03	3.96e-03	5.72e-03	6.56e-03	7.79e-03	1.27e-02	2.15e-01	3.67e-01	2.95e-01	7.21e-02	9.12e-03	8.72e-04	7.62e-05	6.61e-06	2.00e-06	0.00e+00	0.00e+00
 3.69458e+22	1.05e-31	2.12e-20	2.48e-16	5.27e-13	1.97e-10	3.45e-08	3.07e-06	6.70e-05	5.55e-04	1.67e-03	3.19e-03	4.50e-03	6.38e-03	7.17e-03	8.34e-03	1.34e-02	2.20e-01	3.68e-01	2.89e-01	6.87e-02	8.47e-03	7.93e-04	6.81e-05	5.81e-06	1.73e-06	0.00e+00	0.00e+00
 3.70718e+22	1.55e-31	2.94e-20	3.34e-16	6.91e-13	2.53e-10	4.41e-08	3.95e-06	8.63e-05	7.01e-04	2.08e-03	3.87e-03	5.33e-03	7.35e-03	8.05e-03	9.12e-03	1.43e-02	2.28e-01	3.68e-01	2.81e-01	6.45e-02	7.66e-03	6.99e-04	5.86e-05	4.89e-06	1.43e-06	0.00e+00	0.00e+00
 3.71968e+22	2.06e-31	3.74e-20	4.16e-16	8.46e-13	3.06e-10	5.30e-08	4.76e-06	1.04e-04	8.35e-04	2.45e-03	4.47e-03	6.04e-03	8.16e-03	8.76e-03	9.74e-03	1.50e-02	2.33e-01	3.68e-01	2.74e-01	6.14e-02	7.11e-03	6.34e-04	5.23e-05	4.30e-06	1.24e-06	0.00e+00	0.00e+00
 3.73204e+22	2.96e-31	5.10e-20	5.50e-16	1.09e-12	3.88e-10	6.70e-08	6.06e-06	1.33e-04	1.05e-03	3.02e-03	5.39e-03	7.10e-03	9.34e-03	9.78e-03	1.06e-02	1.60e-02	2.40e-01	3.67e-01	2.66e-01	5.75e-02	6.42e-03	5.58e-04	4.50e-05	3.62e-06	1.02e-06	0.00e+00	0.00e+00
 3.74453e+22	3.91e-31	6.47e-20	6.83e-16	1.33e-12	4.67e-10	8.02e-08	7.28e-06	1.59e-04	1.24e-03	3.52e-03	6.18e-03	8.00e-03	1.03e-02	1.06e-02	1.13e-02	1.68e-02	2.45e-01	3.66e-01	2.59e-01	5.47e-02	5.95e-03	5.07e-04	4.03e-05	3.19e-06	8.89e-07	0.00e+00	0.00e+00
 3.75718e+22	5.58e-31	8.76e-20	8.99e-16	1.71e-12	5.91e-10	1.01e-07	9.24e-06	2.03e-04	1.55e-03	4.33e-03	7.41e-03	9.36e-03	1.17e-02	1.18e-02	1.22e-02	1.78e-02	2.52e-01	3.65e-01	2.50e-01	5.10e-02	5.36e-03	4.45e-04	3.45e-05	2.68e-06	7.33e-07	0.00e+00	0.00e+00
 3.77007e+22	7.39e-31	1.11e-19	1.12e-15	2.09e-12	7.13e-10	1.21e-07	1.11e-05	2.44e-04	1.83e-03	5.06e-03	8.51e-03	1.05e-02	1.30e-02	1.27e-02	1.30e-02	1.86e-02	2.57e-01	3.63e-01	2.43e-01	4.83e-02	4.95e-03	4.02e-04	3.07e-05	2.34e-06	6.32e-07	0.00e+00	0.00e+00
 3.78328e+22	1.06e-30	1.51e-19	1.47e-15	2.70e-12	9.04e-10	1.53e-07	1.42e-05	3.10e-04	2.29e-03	6.21e-03	1.02e-02	1.23e-02	1.47e-02	1.41e-02	1.40e-02	1.98e-02	2.64e-01	3.60e-01	2.33e-01	4.48e-02	4.43e-03	3.51e-04	2.62e-05	1.95e-06	5.18e-07	0.00e+00	0.00e+00
 3.79673e+22	4.14e-31	1.92e-19	1.84e-15	3.30e-12	1.09e-09	1.84e-07	1.71e-05	3.74e-04	2.72e-03	7.26e-03	1.17e-02	1.38e-02	1.62e-02	1.53e-02	1.49e-02	2.06e-02	2.68e-01	3.57e-01	2.26e-01	4.22e-02	4.07e-03	3.16e-04	2.32e-05	1.70e-06	4.44e-07	0.00e+00	0.00e+00
 3.81050e+22	5.90e-31	2.61e-19	2.42e-15	4.26e-12	1.39e-09	2.33e-07	2.17e-05	4.76e-04	3.40e-03	8.90e-03	1.40e-02	1.61e-02	1.84e-02	1.69e-02	1.60e-02	2.18e-02	2.74e-01	3.52e-01	2.16e-01	3.89e-02	3.62e-03	2.73e-04	1.96e-05	1.41e-06	3.61e-07	0.00e+00	0.00e+00
 3.82452e+22	7.82e-31	3.33e-19	3.02e-15	5.22e-12	1.68e-09	2.80e-07	2.63e-05	5.74e-04	4.03e-03	1.04e-02	1.61e-02	1.81e-02	2.02e-02	1.82e-02	1.69e-02	2.27e-02	2.78e-01	3.47e-01	2.08e-01	3.65e-02	3.30e-03	2.44e-04	1.72e-05	1.22e-06	3.07e-07	0.00e+00	0.00e+00
 3.83887e+22	1.12e-30	4.53e-19	4.00e-15	6.75e-12	2.14e-09	3.55e-07	3.35e-05	7.32e-04	5.03e-03	1.27e-02	1.92e-02	2.10e-02	2.28e-02	2.00e-02	1.82e-02	2.39e-02	2.82e-01	3.41e-01	1.97e-01	3.34e-02	2.92e-03	2.10e-04	1.45e-05	1.00e-06	2.48e-07	0.00e+00	0.00e+00
 3.85290e+22	1.45e-30	5.67e-19	4.91e-15	8.16e-12	2.55e-09	4.21e-07	3.98e-05	8.65e-04	5.85e-03	1.46e-02	2.16e-02	2.32e-02	2.47e-02	2.13e-02	1.90e-02	2.46e-02	2.84e-01	3.36e-01	1.90e-01	3.14e-02	2.68e-03	1.89e-04	1.28e-05	8.76e-07	2.14e-07	0.00e+00	0.00e+00
 3.86650e+22	2.01e-30	7.50e-19	6.32e-15	1.03e-11	3.18e-09	5.23e-07	4.98e-05	1.08e-03	7.17e-03	1.76e-02	2.54e-02	2.66e-02	2.76e-02	2.32e-02	2.02e-02	2.57e-02	2.87e-01	3.28e-01	1.79e-01	2.87e-02	2.36e-03	1.63e-04	1.08e-05	7.22e-07	1.73e-07	0.00e+00	0.00e+00
 3.88032e+22	2.61e-30	9.40e-19	7.78e-15	1.25e-11	3.80e-09	6.20e-07	5.90e-05	1.28e-03	8.33e-03	2.01e-02	2.85e-02	2.93e-02	2.98e-02	2.46e-02	2.11e-02	2.65e-02	2.88e-01	3.21e-01	1.72e-01	2.68e-02	2.16e-03	1.46e-04	9.55e-06	6.28e-07	1.49e-07	0.00e+00	0.00e+00
 3.89442e+22	3.61e-30	1.24e-18	1.00e-14	1.57e-11	4.73e-09	7.69e-07	7.36e-05	1.59e-03	1.01e-02	2.40e-02	3.32e-02	3.33e-02	3.30e-02	2.65e-02	2.22e-02	2.74e-02	2.89e-01	3.12e-01	1.61e-01	2.44e-02	1.90e-03	1.25e-04	8.02e-06	5.17e-07	1.20e-07	0.00e+00	0.00e+00
 3.90896e+22	4.73e-30	1.57e-18	1.24e-14	1.91e-11	5.68e-09	9.18e-07	8.81e-05	1.89e-03	1.19e-02	2.76e-02	3.75e-02	3.68e-02	3.57e-02	2.82e-02	2.31e-02	2.81e-02	2.89e-01	3.03e-01	1.53e-01	2.25e-02	1.71e-03	1.10e-04	6.94e-06	4.40e-07	0.00e+00	0.00e+00	0.00e+00
 3.92407e+22	6.62e-30	2.10e-18	1.62e-14	2.44e-11	7.14e-09	1.15e-06	1.10e-04	2.35e-03	1.44e-02	3.29e-02	4.34e-02	4.15e-02	3.92e-02	3.02e-02	2.42e-02	2.89e-02	2.87e-01	2.91e-01	1.42e-01	2.02e-02	1.49e-03	9.37e-05	5.77e-06	3.58e-07	0.00e+00	0.00e+00	0.00e+00
 3.93967e+22	8.77e-30	2.68e-18	2.01e-14	2.99e-11	8.63e-09	1.38e-06	1.32e-04	2.81e-03	1.69e-02	3.79e-02	4.90e-02	4.58e-02	4.22e-02	3.19e-02	2.51e-02	2.95e-02	2.85e-01	2.81e-01	1.33e-01	1.84e-02	1.32e-03	8.12e-05	4.91e-06	3.00e-07	0.00e+00	0.00e+00	0.00e+00
 3.95592e+22	1.24e-29	3.62e-18	2.65e-14	3.84e-11	1.09e-08	1.73e-06	1.66e-04	3.50e-03	2.05e-02	4.50e-02	5.66e-02	5.14e-02	4.61e-02	3.39e-02	2.60e-02	3.00e-02	2.80e-01	2.67e-01	1.22e-01	1.63e-02	1.13e-03	6.77e-05	4.00e-06	2.39e-07	0.00e+00	0.00e+00	0.00e+00
 3.97261e+22	1.66e-29	4.64e-18	3.32e-14	4.72e-11	1.32e-08	2.08e-06	2.00e-04	4.19e-03	2.41e-02	5.17e-02	6.36e-02	5.64e-02	4.94e-02	3.55e-02	2.67e-02	3.03e-02	2.75e-01	2.54e-01	1.13e-01	1.46e-02	9.83e-04	5.79e-05	3.36e-06	1.97e-07	0.00e+00	0.00e+00	0.00e+00
 3.98988e+22	2.37e-29	6.30e-18	4.38e-14	6.10e-11	1.68e-08	2.61e-06	2.51e-04	5.20e-03	2.91e-02	6.10e-02	7.29e-02	6.27e-02	5.34e-02	3.73e-02	2.74e-02	3.05e-02	2.67e-01	2.37e-01	1.02e-01	1.27e-02	8.26e-04	4.73e-05	2.68e-06	1.54e-07	0.00e+00	0.00e+00	0.00e+00
 4.00772e+22	3.19e-29	8.12e-18	5.52e-14	7.53e-11	2.05e-08	3.15e-06	3.03e-04	6.22e-03	3.40e-02	6.98e-02	8.13e-02	6.82e-02	5.66e-02	3.87e-02	2.78e-02	3.04e-02	2.59e-01	2.23e-01	9.29e-02	1.12e-02	7.08e-04	3.96e-05	2.20e-06	1.24e-07	0.00e+00	0.00e+00	0.00e+00
 4.02630e+22	4.60e-29	1.11e-17	7.32e-14	9.75e-11	2.60e-08	3.96e-06	3.80e-04	7.70e-03	4.08e-02	8.17e-02	9.24e-02	7.51e-02	6.04e-02	4.02e-02	2.80e-02	3.01e-02	2.47e-01	2.04e-01	8.20e-02	9.54e-03	5.80e-04	3.16e-05	1.71e-06	0.00e+00	0.00e+00	0.00e+00	0.00e+00
 4.04538e+22	6.21e-29	1.43e-17	9.22e-14	1.20e-10	3.16e-08	4.77e-06	4.56e-04	9.14e-03	4.73e-02	9.27e-02	1.02e-01	8.08e-02	6.34e-02	4.11e-02	2.80e-02	2.96e-02	2.35e-01	1.88e-01	7.32e-02	8.24e-03	4.86e-04	2.59e-05	1.37e-06	0.00e+00	0.00e+00	0.00e+00	0.00e+00
