#depth	Ne	Ne+	Ne+2	Ne+3	Ne+4	Ne+5	Ne+6	Ne+7	Ne+8	Ne+9	Ne+10
 4.62852e+21	0.00e+00	0.00e+00	0.00e+00	0.00e+00	6.44e-26	4.67e-21	1.28e-16	2.31e-12	1.44e-07	7.56e-04	9.99e-01
 1.05243e+22	0.00e+00	0.00e+00	0.00e+00	2.57e-30	5.35e-25	2.71e-20	5.42e-16	6.81e-12	2.96e-07	1.08e-03	9.99e-01
 1.26347e+22	0.00e+00	0.00e+00	0.00e+00	1.34e-29	2.21e-24	8.84e-20	1.40e-15	1.39e-11	4.75e-07	1.37e-03	9.99e-01
 1.41522e+22	0.00e+00	0.00e+00	0.00e+00	5.01e-29	6.83e-24	2.27e-19	2.97e-15	2.44e-11	6.94e-07	1.66e-03	9.98e-01
 1.50317e+22	0.00e+00	0.00e+00	0.00e+00	7.48e-29	9.63e-24	3.02e-19	3.73e-15	2.90e-11	7.78e-07	1.76e-03	9.98e-01
 1.55034e+22	0.00e+00	0.00e+00	0.00e+00	1.24e-28	1.49e-23	4.33e-19	4.99e-15	3.61e-11	9.00e-07	1.89e-03	9.98e-01
 1.60178e+22	0.00e+00	0.00e+00	0.00e+00	1.99e-28	2.23e-23	6.08e-19	6.55e-15	4.43e-11	1.03e-06	2.02e-03	9.98e-01
 1.65879e+22	0.00e+00	0.00e+00	0.00e+00	3.74e-28	3.83e-23	9.62e-19	9.46e-15	5.84e-11	1.24e-06	2.22e-03	9.98e-01
 1.71384e+22	0.00e+00	0.00e+00	0.00e+00	5.66e-28	5.45e-23	1.29e-18	1.20e-14	6.98e-11	1.40e-06	2.35e-03	9.98e-01
 1.76632e+22	0.00e+00	0.00e+00	0.00e+00	9.92e-28	8.83e-23	1.93e-18	1.66e-14	8.90e-11	1.64e-06	2.55e-03	9.97e-01
 1.81540e+22	0.00e+00	0.00e+00	0.00e+00	1.48e-27	1.25e-22	2.58e-18	2.08e-14	1.06e-10	1.84e-06	2.70e-03	9.97e-01
 1.85359e+22	0.00e+00	0.00e+00	0.00e+00	2.13e-27	1.70e-22	3.34e-18	2.56e-14	1.24e-10	2.05e-06	2.85e-03	9.97e-01
 1.89678e+22	0.00e+00	0.00e+00	1.02e-32	3.35e-27	2.51e-22	4.62e-18	3.33e-14	1.51e-10	2.33e-06	3.04e-03	9.97e-01
 1.94133e+22	0.00e+00	0.00e+00	1.60e-32	4.94e-27	3.50e-22	6.10e-18	4.16e-14	1.78e-10	2.61e-06	3.22e-03	9.97e-01
 1.98154e+22	0.00e+00	0.00e+00	2.47e-32	7.25e-27	4.86e-22	8.02e-18	5.18e-14	2.10e-10	2.91e-06	3.40e-03	9.97e-01
 2.02772e+22	0.00e+00	0.00e+00	4.32e-32	1.18e-26	7.41e-22	1.14e-17	6.87e-14	2.60e-10	3.36e-06	3.65e-03	9.96e-01
 2.07354e+22	0.00e+00	0.00e+00	6.71e-32	1.74e-26	1.03e-21	1.50e-17	8.57e-14	3.07e-10	3.75e-06	3.85e-03	9.96e-01
 2.11890e+22	0.00e+00	0.00e+00	1.16e-31	2.80e-26	1.55e-21	2.11e-17	1.13e-13	3.77e-10	4.30e-06	4.13e-03	9.96e-01
 2.16496e+22	0.00e+00	0.00e+00	1.82e-31	4.16e-26	2.18e-21	2.80e-17	1.42e-13	4.47e-10	4.82e-06	4.37e-03	9.96e-01
 2.20578e+22	0.00e+00	0.00e+00	2.81e-31	6.10e-26	3.02e-21	3.69e-17	1.76e-13	5.28e-10	5.39e-06	4.62e-03	9.95e-01
 2.24315e+22	0.00e+00	0.00e+00	4.15e-31	8.60e-26	4.06e-21	4.71e-17	2.15e-13	6.13e-10	5.95e-06	4.85e-03	9.95e-01
 2.27628e+22	0.00e+00	0.00e+00	5.93e-31	1.18e-25	5.31e-21	5.89e-17	2.57e-13	7.01e-10	6.51e-06	5.08e-03	9.95e-01
 2.31341e+22	0.00e+00	0.00e+00	9.02e-31	1.70e-25	7.27e-21	7.67e-17	3.18e-13	8.23e-10	7.24e-06	5.35e-03	9.95e-01
 2.35324e+22	0.00e+00	0.00e+00	1.38e-30	2.46e-25	9.99e-21	1.00e-16	3.93e-13	9.66e-10	8.05e-06	5.65e-03	9.94e-01
 2.38836e+22	0.00e+00	0.00e+00	1.97e-30	3.37e-25	1.31e-20	1.25e-16	4.71e-13	1.11e-09	8.82e-06	5.91e-03	9.94e-01
 2.42579e+22	0.00e+00	0.00e+00	3.01e-30	4.88e-25	1.80e-20	1.64e-16	5.84e-13	1.30e-09	9.83e-06	6.24e-03	9.94e-01
 2.46542e+22	0.00e+00	0.00e+00	4.54e-30	6.99e-25	2.45e-20	2.12e-16	7.18e-13	1.52e-09	1.09e-05	6.57e-03	9.93e-01
 2.50098e+22	0.00e+00	0.00e+00	6.60e-30	9.71e-25	3.25e-20	2.68e-16	8.67e-13	1.75e-09	1.20e-05	6.88e-03	9.93e-01
 2.53488e+22	0.00e+00	0.00e+00	9.51e-30	1.34e-24	4.28e-20	3.37e-16	1.04e-12	2.01e-09	1.32e-05	7.21e-03	9.93e-01
 2.56608e+22	0.00e+00	0.00e+00	1.31e-29	1.77e-24	5.43e-20	4.11e-16	1.22e-12	2.27e-09	1.43e-05	7.51e-03	9.92e-01
 2.59915e+22	0.00e+00	0.00e+00	1.88e-29	2.44e-24	7.16e-20	5.18e-16	1.47e-12	2.62e-09	1.57e-05	7.86e-03	9.92e-01
 2.63400e+22	0.00e+00	0.00e+00	2.69e-29	3.32e-24	9.35e-20	6.47e-16	1.76e-12	2.99e-09	1.71e-05	8.22e-03	9.92e-01
 2.66486e+22	0.00e+00	0.00e+00	3.71e-29	4.41e-24	1.19e-19	7.92e-16	2.07e-12	3.38e-09	1.86e-05	8.57e-03	9.91e-01
 2.69869e+22	0.00e+00	0.00e+00	5.40e-29	6.13e-24	1.59e-19	1.01e-15	2.51e-12	3.91e-09	2.05e-05	8.99e-03	9.91e-01
 2.73349e+22	0.00e+00	0.00e+00	7.69e-29	8.36e-24	2.07e-19	1.26e-15	3.01e-12	4.48e-09	2.24e-05	9.40e-03	9.91e-01
 2.76324e+22	0.00e+00	0.00e+00	1.05e-28	1.10e-23	2.62e-19	1.53e-15	3.52e-12	5.04e-09	2.42e-05	9.78e-03	9.90e-01
 2.79564e+22	0.00e+00	0.00e+00	1.51e-28	1.51e-23	3.44e-19	1.92e-15	4.23e-12	5.79e-09	2.66e-05	1.02e-02	9.90e-01
 2.83017e+22	0.00e+00	0.00e+00	2.15e-28	2.06e-23	4.49e-19	2.40e-15	5.05e-12	6.63e-09	2.91e-05	1.07e-02	9.89e-01
 2.86079e+22	0.00e+00	0.00e+00	2.96e-28	2.72e-23	5.71e-19	2.93e-15	5.94e-12	7.48e-09	3.16e-05	1.11e-02	9.89e-01
 2.88769e+22	0.00e+00	0.00e+00	3.90e-28	3.47e-23	7.04e-19	3.49e-15	6.84e-12	8.32e-09	3.39e-05	1.15e-02	9.88e-01
 2.91643e+22	0.00e+00	0.00e+00	5.34e-28	4.57e-23	8.92e-19	4.26e-15	8.02e-12	9.39e-09	3.67e-05	1.20e-02	9.88e-01
 2.94726e+22	0.00e+00	0.00e+00	7.31e-28	6.02e-23	1.13e-18	5.18e-15	9.40e-12	1.06e-08	3.98e-05	1.25e-02	9.87e-01
 2.97514e+22	0.00e+00	1.70e-33	9.76e-28	7.76e-23	1.40e-18	6.22e-15	1.09e-11	1.18e-08	4.28e-05	1.30e-02	9.87e-01
 3.00572e+22	0.00e+00	2.49e-33	1.37e-27	1.05e-22	1.81e-18	7.70e-15	1.29e-11	1.35e-08	4.67e-05	1.35e-02	9.86e-01
 3.03765e+22	0.00e+00	3.59e-33	1.90e-27	1.39e-22	2.32e-18	9.46e-15	1.53e-11	1.53e-08	5.07e-05	1.41e-02	9.86e-01
 3.06480e+22	0.00e+00	4.93e-33	2.52e-27	1.78e-22	2.87e-18	1.13e-14	1.76e-11	1.70e-08	5.45e-05	1.46e-02	9.85e-01
 3.09353e+22	0.00e+00	7.05e-33	3.46e-27	2.36e-22	3.65e-18	1.38e-14	2.07e-11	1.92e-08	5.91e-05	1.52e-02	9.85e-01
 3.12416e+22	0.00e+00	1.00e-32	4.73e-27	3.10e-22	4.62e-18	1.68e-14	2.42e-11	2.16e-08	6.40e-05	1.58e-02	9.84e-01
 3.15183e+22	0.00e+00	1.38e-32	6.31e-27	3.99e-22	5.73e-18	2.02e-14	2.80e-11	2.41e-08	6.89e-05	1.64e-02	9.84e-01
 3.17678e+22	0.00e+00	1.85e-32	8.18e-27	5.01e-22	6.97e-18	2.37e-14	3.20e-11	2.67e-08	7.36e-05	1.70e-02	9.83e-01
 3.20000e+22	0.00e+00	2.41e-32	1.04e-26	6.17e-22	8.34e-18	2.76e-14	3.61e-11	2.92e-08	7.82e-05	1.75e-02	9.82e-01
 3.22658e+22	0.00e+00	3.33e-32	1.38e-26	7.94e-22	1.04e-17	3.31e-14	4.18e-11	3.27e-08	8.42e-05	1.82e-02	9.82e-01
 3.25513e+22	0.00e+00	4.63e-32	1.85e-26	1.03e-21	1.29e-17	3.98e-14	4.85e-11	3.65e-08	9.08e-05	1.88e-02	9.81e-01
 3.28086e+22	0.00e+00	6.26e-32	2.42e-26	1.30e-21	1.58e-17	4.71e-14	5.56e-11	4.05e-08	9.72e-05	1.95e-02	9.80e-01
 3.30525e+22	0.00e+00	8.38e-32	3.14e-26	1.63e-21	1.92e-17	5.55e-14	6.34e-11	4.47e-08	1.04e-04	2.01e-02	9.80e-01
 3.32932e+22	0.00e+00	1.11e-31	4.04e-26	2.03e-21	2.33e-17	6.51e-14	7.21e-11	4.93e-08	1.11e-04	2.08e-02	9.79e-01
 3.35664e+22	0.00e+00	1.55e-31	5.43e-26	2.64e-21	2.91e-17	7.84e-14	8.38e-11	5.52e-08	1.20e-04	2.16e-02	9.78e-01
 3.38536e+22	0.00e+00	2.16e-31	7.31e-26	3.42e-21	3.64e-17	9.46e-14	9.74e-11	6.18e-08	1.29e-04	2.24e-02	9.77e-01
 3.41022e+22	0.00e+00	2.88e-31	9.45e-26	4.29e-21	4.42e-17	1.11e-13	1.11e-10	6.83e-08	1.38e-04	2.32e-02	9.77e-01
 3.43688e+22	0.00e+00	4.03e-31	1.27e-25	5.57e-21	5.53e-17	1.34e-13	1.29e-10	7.66e-08	1.49e-04	2.40e-02	9.76e-01
 3.46528e+22	0.00e+00	5.62e-31	1.71e-25	7.22e-21	6.92e-17	1.62e-13	1.50e-10	8.58e-08	1.60e-04	2.50e-02	9.75e-01
 3.48951e+22	0.00e+00	7.38e-31	2.18e-25	8.94e-21	8.31e-17	1.89e-13	1.70e-10	9.42e-08	1.71e-04	2.57e-02	9.74e-01
 3.51458e+22	0.00e+00	1.01e-30	2.88e-25	1.14e-20	1.02e-16	2.25e-13	1.96e-10	1.05e-07	1.83e-04	2.67e-02	9.73e-01
 3.54147e+22	0.00e+00	1.37e-30	3.79e-25	1.45e-20	1.26e-16	2.68e-13	2.25e-10	1.16e-07	1.97e-04	2.76e-02	9.72e-01
 3.56606e+22	0.00e+00	1.83e-30	4.90e-25	1.82e-20	1.53e-16	3.15e-13	2.56e-10	1.28e-07	2.10e-04	2.85e-02	9.71e-01
 3.59334e+22	0.00e+00	2.57e-30	6.63e-25	2.37e-20	1.92e-16	3.81e-13	3.00e-10	1.44e-07	2.27e-04	2.96e-02	9.70e-01
 3.62202e+22	0.00e+00	3.58e-30	8.91e-25	3.07e-20	2.40e-16	4.60e-13	3.48e-10	1.62e-07	2.45e-04	3.07e-02	9.69e-01
 3.64610e+22	0.00e+00	4.75e-30	1.15e-24	3.83e-20	2.91e-16	5.39e-13	3.95e-10	1.78e-07	2.61e-04	3.17e-02	9.68e-01
 3.66765e+22	0.00e+00	6.11e-30	1.43e-24	4.66e-20	3.44e-16	6.21e-13	4.43e-10	1.94e-07	2.76e-04	3.26e-02	9.67e-01
 3.69229e+22	0.00e+00	8.29e-30	1.88e-24	5.92e-20	4.23e-16	7.38e-13	5.09e-10	2.16e-07	2.97e-04	3.38e-02	9.66e-01
 3.71911e+22	0.00e+00	1.14e-29	2.50e-24	7.59e-20	5.23e-16	8.82e-13	5.88e-10	2.40e-07	3.19e-04	3.50e-02	9.65e-01
 3.74386e+22	0.00e+00	1.53e-29	3.25e-24	9.57e-20	6.38e-16	1.04e-12	6.72e-10	2.66e-07	3.41e-04	3.62e-02	9.63e-01
 3.77113e+22	0.00e+00	2.18e-29	4.44e-24	1.26e-19	8.08e-16	1.27e-12	7.88e-10	3.00e-07	3.69e-04	3.76e-02	9.62e-01
 3.79830e+22	0.00e+00	2.98e-29	5.87e-24	1.61e-19	9.97e-16	1.51e-12	9.08e-10	3.33e-07	3.96e-04	3.90e-02	9.61e-01
 3.82052e+22	0.00e+00	3.91e-29	7.48e-24	1.99e-19	1.20e-15	1.76e-12	1.03e-09	3.65e-07	4.21e-04	4.01e-02	9.59e-01
 3.84456e+22	0.00e+00	5.35e-29	9.87e-24	2.53e-19	1.48e-15	2.10e-12	1.18e-09	4.06e-07	4.52e-04	4.16e-02	9.58e-01
 3.87065e+22	0.00e+00	7.36e-29	1.31e-23	3.25e-19	1.83e-15	2.51e-12	1.36e-09	4.53e-07	4.86e-04	4.30e-02	9.56e-01
 3.89470e+22	0.00e+00	9.80e-29	1.69e-23	4.06e-19	2.21e-15	2.95e-12	1.55e-09	4.99e-07	5.19e-04	4.44e-02	9.55e-01
 3.92128e+22	0.00e+00	1.40e-28	2.33e-23	5.37e-19	2.82e-15	3.61e-12	1.82e-09	5.63e-07	5.62e-04	4.62e-02	9.53e-01
 3.94763e+22	0.00e+00	1.91e-28	3.06e-23	6.84e-19	3.46e-15	4.29e-12	2.10e-09	6.24e-07	6.02e-04	4.78e-02	9.52e-01
 3.96928e+22	0.00e+00	2.52e-28	3.92e-23	8.48e-19	4.17e-15	5.01e-12	2.37e-09	6.85e-07	6.41e-04	4.93e-02	9.50e-01
 3.99300e+22	0.00e+00	3.47e-28	5.20e-23	1.09e-18	5.16e-15	6.00e-12	2.74e-09	7.63e-07	6.89e-04	5.10e-02	9.48e-01
 4.01854e+22	0.00e+00	4.84e-28	6.98e-23	1.41e-18	6.44e-15	7.21e-12	3.17e-09	8.52e-07	7.41e-04	5.29e-02	9.46e-01
 4.04166e+22	2.98e-34	6.41e-28	8.97e-23	1.75e-18	7.78e-15	8.45e-12	3.60e-09	9.37e-07	7.89e-04	5.45e-02	9.45e-01
 4.06694e+22	4.50e-34	9.28e-28	1.25e-22	2.33e-18	9.95e-15	1.04e-11	4.25e-09	1.06e-06	8.56e-04	5.67e-02	9.42e-01
 4.09205e+22	6.33e-34	1.26e-27	1.63e-22	2.96e-18	1.22e-14	1.23e-11	4.87e-09	1.17e-06	9.16e-04	5.86e-02	9.40e-01
 4.11301e+22	8.72e-34	1.68e-27	2.11e-22	3.70e-18	1.48e-14	1.44e-11	5.52e-09	1.29e-06	9.75e-04	6.04e-02	9.39e-01
 4.13631e+22	1.26e-33	2.34e-27	2.83e-22	4.78e-18	1.84e-14	1.74e-11	6.40e-09	1.44e-06	1.05e-03	6.26e-02	9.36e-01
 4.16105e+22	1.85e-33	3.29e-27	3.83e-22	6.24e-18	2.31e-14	2.10e-11	7.44e-09	1.61e-06	1.13e-03	6.48e-02	9.34e-01
 4.18289e+22	2.54e-33	4.37e-27	4.92e-22	7.76e-18	2.79e-14	2.46e-11	8.44e-09	1.76e-06	1.20e-03	6.68e-02	9.32e-01
 4.20649e+22	3.82e-33	6.30e-27	6.81e-22	1.03e-17	3.56e-14	3.01e-11	9.92e-09	1.99e-06	1.30e-03	6.94e-02	9.29e-01
 4.23012e+22	5.44e-33	8.65e-27	9.01e-22	1.32e-17	4.40e-14	3.59e-11	1.14e-08	2.20e-06	1.39e-03	7.17e-02	9.27e-01
 4.25000e+22	7.32e-33	1.13e-26	1.14e-21	1.62e-17	5.25e-14	4.16e-11	1.28e-08	2.40e-06	1.47e-03	7.37e-02	9.25e-01
 4.27205e+22	1.09e-32	1.61e-26	1.57e-21	2.14e-17	6.66e-14	5.07e-11	1.50e-08	2.70e-06	1.59e-03	7.65e-02	9.22e-01
 4.29488e+22	1.56e-32	2.22e-26	2.08e-21	2.73e-17	8.23e-14	6.05e-11	1.72e-08	2.99e-06	1.70e-03	7.90e-02	9.19e-01
 4.31526e+22	2.18e-32	2.99e-26	2.71e-21	3.44e-17	1.00e-13	7.14e-11	1.96e-08	3.29e-06	1.81e-03	8.14e-02	9.17e-01
 4.33826e+22	3.39e-32	4.45e-26	3.84e-21	4.68e-17	1.30e-13	8.88e-11	2.33e-08	3.73e-06	1.97e-03	8.47e-02	9.13e-01
 4.36073e+22	4.71e-32	5.97e-26	4.98e-21	5.87e-17	1.58e-13	1.04e-10	2.65e-08	4.10e-06	2.10e-03	8.72e-02	9.11e-01
 4.38250e+22	7.08e-32	8.60e-26	6.89e-21	7.79e-17	2.02e-13	1.28e-10	3.11e-08	4.61e-06	2.27e-03	9.05e-02	9.07e-01
 4.40477e+22	1.02e-31	1.20e-25	9.22e-21	1.01e-16	2.51e-13	1.53e-10	3.59e-08	5.12e-06	2.43e-03	9.34e-02	9.04e-01
 4.42398e+22	1.40e-31	1.58e-25	1.18e-20	1.24e-16	3.02e-13	1.79e-10	4.05e-08	5.59e-06	2.57e-03	9.60e-02	9.01e-01
 4.44525e+22	2.13e-31	2.30e-25	1.64e-20	1.66e-16	3.87e-13	2.20e-10	4.76e-08	6.30e-06	2.78e-03	9.96e-02	8.98e-01
 4.46720e+22	3.08e-31	3.20e-25	2.20e-20	2.15e-16	4.82e-13	2.64e-10	5.49e-08	6.99e-06	2.97e-03	1.03e-01	8.94e-01
 4.48610e+22	4.27e-31	4.29e-25	2.85e-20	2.69e-16	5.85e-13	3.10e-10	6.24e-08	7.67e-06	3.16e-03	1.06e-01	8.91e-01
 4.50674e+22	6.40e-31	6.17e-25	3.93e-20	3.56e-16	7.44e-13	3.78e-10	7.30e-08	8.59e-06	3.40e-03	1.10e-01	8.87e-01
 4.52825e+22	9.24e-31	8.57e-25	5.26e-20	4.59e-16	9.25e-13	4.53e-10	8.41e-08	9.53e-06	3.64e-03	1.13e-01	8.83e-01
 4.54754e+22	1.32e-30	1.18e-24	6.98e-20	5.88e-16	1.14e-12	5.40e-10	9.65e-08	1.05e-05	3.88e-03	1.17e-01	8.80e-01
 4.56615e+22	1.86e-30	1.60e-24	9.14e-20	7.44e-16	1.40e-12	6.39e-10	1.10e-07	1.16e-05	4.13e-03	1.20e-01	8.76e-01
 4.58725e+22	2.85e-30	2.35e-24	1.28e-19	9.99e-16	1.80e-12	7.88e-10	1.30e-07	1.31e-05	4.47e-03	1.24e-01	8.71e-01
 4.60891e+22	4.18e-30	3.31e-24	1.74e-19	1.30e-15	2.26e-12	9.51e-10	1.50e-07	1.45e-05	4.78e-03	1.28e-01	8.67e-01
 4.62783e+22	6.02e-30	4.58e-24	2.31e-19	1.67e-15	2.80e-12	1.14e-09	1.73e-07	1.61e-05	5.10e-03	1.32e-01	8.63e-01
 4.64595e+22	8.47e-30	6.22e-24	3.03e-19	2.12e-15	3.43e-12	1.35e-09	1.97e-07	1.77e-05	5.43e-03	1.36e-01	8.59e-01
 4.66648e+22	1.30e-29	9.12e-24	4.25e-19	2.84e-15	4.41e-12	1.66e-09	2.32e-07	1.99e-05	5.86e-03	1.41e-01	8.53e-01
 4.68781e+22	1.91e-29	1.29e-23	5.77e-19	3.71e-15	5.54e-12	2.00e-09	2.69e-07	2.21e-05	6.27e-03	1.45e-01	8.48e-01
 4.70694e+22	2.73e-29	1.77e-23	7.66e-19	4.75e-15	6.85e-12	2.39e-09	3.09e-07	2.45e-05	6.68e-03	1.50e-01	8.44e-01
 4.72858e+22	4.43e-29	2.74e-23	1.12e-18	6.63e-15	9.11e-12	3.03e-09	3.71e-07	2.79e-05	7.27e-03	1.55e-01	8.37e-01
 4.75057e+22	6.60e-29	3.91e-23	1.54e-18	8.72e-15	1.15e-11	3.68e-09	4.32e-07	3.11e-05	7.80e-03	1.60e-01	8.32e-01
 4.76890e+22	9.32e-29	5.32e-23	2.02e-18	1.11e-14	1.41e-11	4.36e-09	4.92e-07	3.42e-05	8.28e-03	1.65e-01	8.27e-01
 4.78863e+22	1.45e-28	7.90e-23	2.86e-18	1.50e-14	1.83e-11	5.40e-09	5.82e-07	3.86e-05	8.94e-03	1.70e-01	8.21e-01
 4.80876e+22	2.12e-28	1.11e-22	3.87e-18	1.95e-14	2.29e-11	6.51e-09	6.72e-07	4.28e-05	9.54e-03	1.75e-01	8.15e-01
 4.82508e+22	2.89e-28	1.47e-22	4.94e-18	2.41e-14	2.75e-11	7.57e-09	7.56e-07	4.65e-05	1.01e-02	1.80e-01	8.10e-01
 4.84196e+22	4.26e-28	2.07e-22	6.71e-18	3.15e-14	3.46e-11	9.14e-09	8.76e-07	5.17e-05	1.07e-02	1.85e-01	8.04e-01
 4.85812e+22	5.70e-28	2.69e-22	8.45e-18	3.85e-14	4.11e-11	1.05e-08	9.77e-07	5.59e-05	1.13e-02	1.89e-01	8.00e-01
 4.87116e+22	7.61e-28	3.48e-22	1.06e-17	4.69e-14	4.87e-11	1.21e-08	1.09e-06	6.04e-05	1.19e-02	1.93e-01	7.95e-01
 4.88393e+22	9.98e-28	4.44e-22	1.31e-17	5.65e-14	5.71e-11	1.38e-08	1.21e-06	6.49e-05	1.24e-02	1.97e-01	7.91e-01
 4.89641e+22	1.29e-27	5.58e-22	1.61e-17	6.74e-14	6.63e-11	1.57e-08	1.33e-06	6.95e-05	1.30e-02	2.01e-01	7.86e-01
 4.91050e+22	1.81e-27	7.57e-22	2.10e-17	8.51e-14	8.10e-11	1.85e-08	1.51e-06	7.61e-05	1.37e-02	2.05e-01	7.81e-01
 4.92456e+22	2.38e-27	9.68e-22	2.61e-17	1.03e-13	9.52e-11	2.11e-08	1.67e-06	8.19e-05	1.43e-02	2.10e-01	7.76e-01
 4.93667e+22	3.12e-27	1.23e-21	3.23e-17	1.24e-13	1.12e-10	2.41e-08	1.85e-06	8.80e-05	1.50e-02	2.14e-01	7.71e-01
 4.94822e+22	4.03e-27	1.55e-21	3.96e-17	1.47e-13	1.30e-10	2.72e-08	2.03e-06	9.41e-05	1.56e-02	2.17e-01	7.67e-01
 4.95928e+22	5.18e-27	1.94e-21	4.82e-17	1.75e-13	1.50e-10	3.07e-08	2.23e-06	1.01e-04	1.63e-02	2.21e-01	7.62e-01
 4.97194e+22	7.22e-27	2.61e-21	6.26e-17	2.20e-13	1.82e-10	3.61e-08	2.52e-06	1.10e-04	1.72e-02	2.26e-01	7.56e-01
 4.98457e+22	9.29e-27	3.27e-21	7.64e-17	2.61e-13	2.11e-10	4.07e-08	2.77e-06	1.17e-04	1.79e-02	2.30e-01	7.52e-01
 4.99715e+22	1.28e-26	4.36e-21	9.85e-17	3.26e-13	2.55e-10	4.76e-08	3.12e-06	1.27e-04	1.89e-02	2.35e-01	7.46e-01
 5.00928e+22	1.65e-26	5.46e-21	1.20e-16	3.87e-13	2.95e-10	5.37e-08	3.43e-06	1.36e-04	1.97e-02	2.39e-01	7.41e-01
 5.01912e+22	2.09e-26	6.76e-21	1.45e-16	4.55e-13	3.39e-10	6.02e-08	3.74e-06	1.45e-04	2.04e-02	2.43e-01	7.36e-01
 5.03018e+22	2.81e-26	8.83e-21	1.83e-16	5.58e-13	4.04e-10	6.95e-08	4.17e-06	1.56e-04	2.14e-02	2.48e-01	7.31e-01
 5.04146e+22	3.59e-26	1.10e-20	2.22e-16	6.59e-13	4.65e-10	7.81e-08	4.57e-06	1.66e-04	2.23e-02	2.52e-01	7.26e-01
 5.05304e+22	5.06e-26	1.49e-20	2.91e-16	8.32e-13	5.68e-10	9.20e-08	5.18e-06	1.82e-04	2.35e-02	2.57e-01	7.19e-01
 5.06432e+22	6.42e-26	1.85e-20	3.51e-16	9.80e-13	6.53e-10	1.03e-07	5.65e-06	1.93e-04	2.44e-02	2.61e-01	7.14e-01
 5.07522e+22	8.90e-26	2.47e-20	4.53e-16	1.22e-12	7.89e-10	1.21e-07	6.36e-06	2.10e-04	2.57e-02	2.67e-01	7.07e-01
 5.08626e+22	1.15e-25	3.10e-20	5.53e-16	1.45e-12	9.14e-10	1.36e-07	6.98e-06	2.24e-04	2.67e-02	2.71e-01	7.02e-01
 5.09747e+22	1.62e-25	4.22e-20	7.25e-16	1.84e-12	1.12e-09	1.60e-07	7.91e-06	2.44e-04	2.81e-02	2.77e-01	6.95e-01
 5.10874e+22	2.12e-25	5.37e-20	8.96e-16	2.21e-12	1.30e-09	1.82e-07	8.73e-06	2.62e-04	2.93e-02	2.81e-01	6.89e-01
 5.11833e+22	2.72e-25	6.73e-20	1.09e-15	2.62e-12	1.51e-09	2.05e-07	9.56e-06	2.79e-04	3.05e-02	2.86e-01	6.84e-01
 5.12907e+22	3.89e-25	9.28e-20	1.45e-15	3.34e-12	1.85e-09	2.44e-07	1.09e-05	3.05e-04	3.22e-02	2.92e-01	6.76e-01
 5.13963e+22	4.96e-25	1.15e-19	1.75e-15	3.94e-12	2.14e-09	2.74e-07	1.19e-05	3.24e-04	3.34e-02	2.96e-01	6.70e-01
 5.14994e+22	7.04e-25	1.58e-19	2.30e-15	4.99e-12	2.61e-09	3.23e-07	1.35e-05	3.54e-04	3.52e-02	3.02e-01	6.63e-01
 5.16005e+22	8.84e-25	1.93e-19	2.76e-15	5.83e-12	2.98e-09	3.60e-07	1.47e-05	3.75e-04	3.65e-02	3.06e-01	6.57e-01
 5.16988e+22	1.26e-24	2.66e-19	3.64e-15	7.41e-12	3.66e-09	4.26e-07	1.67e-05	4.09e-04	3.85e-02	3.12e-01	6.49e-01
 5.17962e+22	1.59e-24	3.27e-19	4.37e-15	8.67e-12	4.18e-09	4.76e-07	1.81e-05	4.34e-04	3.98e-02	3.16e-01	6.44e-01
 5.18924e+22	2.26e-24	4.49e-19	5.76e-15	1.10e-11	5.13e-09	5.63e-07	2.06e-05	4.74e-04	4.20e-02	3.22e-01	6.35e-01
 5.19894e+22	2.91e-24	5.61e-19	7.01e-15	1.30e-11	5.92e-09	6.34e-07	2.26e-05	5.05e-04	4.36e-02	3.27e-01	6.29e-01
 5.20874e+22	4.17e-24	7.75e-19	9.29e-15	1.66e-11	7.28e-09	7.52e-07	2.57e-05	5.52e-04	4.60e-02	3.33e-01	6.20e-01
 5.21868e+22	5.42e-24	9.81e-19	1.14e-14	1.99e-11	8.48e-09	8.53e-07	2.83e-05	5.89e-04	4.78e-02	3.38e-01	6.14e-01
 5.22882e+22	7.77e-24	1.35e-18	1.52e-14	2.54e-11	1.04e-08	1.01e-06	3.23e-05	6.45e-04	5.04e-02	3.44e-01	6.05e-01
 5.23886e+22	1.02e-23	1.73e-18	1.88e-14	3.05e-11	1.22e-08	1.15e-06	3.56e-05	6.90e-04	5.25e-02	3.49e-01	5.98e-01
 5.24878e+22	1.46e-23	2.38e-18	2.48e-14	3.88e-11	1.50e-08	1.37e-06	4.06e-05	7.55e-04	5.54e-02	3.55e-01	5.88e-01
 5.25888e+22	1.94e-23	3.07e-18	3.10e-14	4.70e-11	1.77e-08	1.57e-06	4.51e-05	8.11e-04	5.78e-02	3.61e-01	5.81e-01
 5.26921e+22	2.81e-23	4.29e-18	4.16e-14	6.05e-11	2.19e-08	1.87e-06	5.17e-05	8.91e-04	6.10e-02	3.67e-01	5.71e-01
 5.27962e+22	3.75e-23	5.55e-18	5.22e-14	7.35e-11	2.59e-08	2.15e-06	5.75e-05	9.58e-04	6.37e-02	3.73e-01	5.63e-01
 5.29012e+22	5.48e-23	7.79e-18	7.02e-14	9.50e-11	3.23e-08	2.58e-06	6.62e-05	1.05e-03	6.74e-02	3.79e-01	5.52e-01
 5.30070e+22	7.30e-23	1.01e-17	8.81e-14	1.16e-10	3.82e-08	2.97e-06	7.37e-05	1.13e-03	7.03e-02	3.84e-01	5.44e-01
 5.30985e+22	9.69e-23	1.30e-17	1.10e-13	1.40e-10	4.50e-08	3.41e-06	8.19e-05	1.22e-03	7.33e-02	3.90e-01	5.36e-01
 5.32025e+22	1.40e-22	1.81e-17	1.47e-13	1.80e-10	5.59e-08	4.08e-06	9.42e-05	1.34e-03	7.75e-02	3.96e-01	5.25e-01
 5.33054e+22	1.82e-22	2.29e-17	1.81e-13	2.14e-10	6.50e-08	4.64e-06	1.04e-04	1.43e-03	8.06e-02	4.01e-01	5.17e-01
 5.34070e+22	2.55e-22	3.11e-17	2.36e-13	2.71e-10	7.94e-08	5.48e-06	1.18e-04	1.57e-03	8.48e-02	4.07e-01	5.07e-01
 5.35116e+22	3.37e-22	3.98e-17	2.94e-13	3.27e-10	9.34e-08	6.28e-06	1.31e-04	1.68e-03	8.83e-02	4.12e-01	4.98e-01
 5.36201e+22	4.78e-22	5.46e-17	3.88e-13	4.15e-10	1.15e-07	7.47e-06	1.50e-04	1.85e-03	9.31e-02	4.18e-01	4.87e-01
 5.37306e+22	6.29e-22	6.99e-17	4.82e-13	5.01e-10	1.35e-07	8.57e-06	1.67e-04	1.98e-03	9.70e-02	4.22e-01	4.78e-01
 5.38436e+22	8.94e-22	9.60e-17	6.37e-13	6.38e-10	1.66e-07	1.02e-05	1.92e-04	2.18e-03	1.02e-01	4.28e-01	4.67e-01
 5.39590e+22	1.17e-21	1.22e-16	7.90e-13	7.68e-10	1.96e-07	1.17e-05	2.13e-04	2.34e-03	1.07e-01	4.33e-01	4.58e-01
 5.40774e+22	1.66e-21	1.68e-16	1.04e-12	9.76e-10	2.41e-07	1.39e-05	2.44e-04	2.57e-03	1.12e-01	4.38e-01	4.47e-01
 5.41978e+22	2.17e-21	2.13e-16	1.29e-12	1.17e-09	2.82e-07	1.60e-05	2.72e-04	2.76e-03	1.17e-01	4.43e-01	4.37e-01
 5.43207e+22	3.05e-21	2.90e-16	1.69e-12	1.49e-09	3.47e-07	1.90e-05	3.11e-04	3.02e-03	1.23e-01	4.48e-01	4.26e-01
 5.44444e+22	3.94e-21	3.66e-16	2.08e-12	1.78e-09	4.05e-07	2.16e-05	3.44e-04	3.24e-03	1.28e-01	4.52e-01	4.17e-01
 5.45691e+22	5.48e-21	4.94e-16	2.71e-12	2.24e-09	4.95e-07	2.56e-05	3.93e-04	3.55e-03	1.34e-01	4.56e-01	4.05e-01
 5.46964e+22	7.05e-21	6.20e-16	3.31e-12	2.66e-09	5.76e-07	2.91e-05	4.35e-04	3.80e-03	1.40e-01	4.60e-01	3.96e-01
 5.48077e+22	8.96e-21	7.70e-16	4.02e-12	3.15e-09	6.66e-07	3.29e-05	4.79e-04	4.05e-03	1.45e-01	4.63e-01	3.88e-01
 5.49331e+22	1.22e-20	1.02e-15	5.16e-12	3.91e-09	8.05e-07	3.87e-05	5.43e-04	4.41e-03	1.51e-01	4.67e-01	3.77e-01
 5.50577e+22	1.52e-20	1.25e-15	6.16e-12	4.56e-09	9.20e-07	4.33e-05	5.94e-04	4.69e-03	1.56e-01	4.69e-01	3.69e-01
 5.51815e+22	2.03e-20	1.62e-15	7.78e-12	5.59e-09	1.10e-06	5.03e-05	6.68e-04	5.07e-03	1.63e-01	4.72e-01	3.58e-01
 5.53085e+22	2.55e-20	1.99e-15	9.35e-12	6.56e-09	1.26e-06	5.66e-05	7.33e-04	5.40e-03	1.69e-01	4.75e-01	3.50e-01
 5.54212e+22	3.18e-20	2.43e-15	1.12e-11	7.65e-09	1.45e-06	6.35e-05	8.01e-04	5.74e-03	1.74e-01	4.77e-01	3.42e-01
 5.55491e+22	4.23e-20	3.15e-15	1.41e-11	9.36e-09	1.72e-06	7.37e-05	9.01e-04	6.21e-03	1.82e-01	4.79e-01	3.32e-01
 5.56764e+22	5.17e-20	3.78e-15	1.65e-11	1.08e-08	1.95e-06	8.18e-05	9.78e-04	6.56e-03	1.87e-01	4.81e-01	3.24e-01
 5.58028e+22	6.77e-20	4.84e-15	2.06e-11	1.31e-08	2.31e-06	9.43e-05	1.09e-03	7.07e-03	1.95e-01	4.83e-01	3.14e-01
 5.59318e+22	8.30e-20	5.82e-15	2.43e-11	1.51e-08	2.61e-06	1.05e-04	1.19e-03	7.48e-03	2.00e-01	4.84e-01	3.07e-01
 5.60639e+22	1.09e-19	7.44e-15	3.03e-11	1.83e-08	3.09e-06	1.21e-04	1.33e-03	8.06e-03	2.08e-01	4.85e-01	2.97e-01
 5.61985e+22	1.34e-19	8.97e-15	3.58e-11	2.11e-08	3.51e-06	1.34e-04	1.44e-03	8.53e-03	2.14e-01	4.86e-01	2.90e-01
 5.63365e+22	1.75e-19	1.15e-14	4.46e-11	2.56e-08	4.15e-06	1.55e-04	1.61e-03	9.19e-03	2.23e-01	4.86e-01	2.80e-01
 5.64769e+22	2.15e-19	1.38e-14	5.28e-11	2.97e-08	4.71e-06	1.73e-04	1.76e-03	9.72e-03	2.29e-01	4.87e-01	2.72e-01
 5.66207e+22	2.82e-19	1.77e-14	6.58e-11	3.60e-08	5.58e-06	1.99e-04	1.96e-03	1.05e-02	2.38e-01	4.87e-01	2.63e-01
 5.67611e+22	3.39e-19	2.10e-14	7.64e-11	4.10e-08	6.25e-06	2.19e-04	2.11e-03	1.10e-02	2.44e-01	4.87e-01	2.56e-01
 5.68974e+22	4.36e-19	2.64e-14	9.40e-11	4.91e-08	7.32e-06	2.50e-04	2.35e-03	1.18e-02	2.52e-01	4.86e-01	2.47e-01
 5.70358e+22	5.24e-19	3.12e-14	1.09e-10	5.59e-08	8.19e-06	2.75e-04	2.53e-03	1.24e-02	2.59e-01	4.86e-01	2.41e-01
 5.71769e+22	6.70e-19	3.91e-14	1.34e-10	6.67e-08	9.55e-06	3.13e-04	2.80e-03	1.33e-02	2.67e-01	4.84e-01	2.32e-01
 5.73223e+22	8.18e-19	4.69e-14	1.57e-10	7.69e-08	1.08e-05	3.47e-04	3.03e-03	1.40e-02	2.74e-01	4.83e-01	2.25e-01
 5.74734e+22	1.05e-18	5.89e-14	1.93e-10	9.18e-08	1.26e-05	3.95e-04	3.35e-03	1.49e-02	2.83e-01	4.82e-01	2.17e-01
 5.76295e+22	1.29e-18	7.13e-14	2.29e-10	1.07e-07	1.44e-05	4.41e-04	3.65e-03	1.58e-02	2.91e-01	4.80e-01	2.10e-01
 5.77919e+22	1.68e-18	9.03e-14	2.83e-10	1.28e-07	1.68e-05	5.03e-04	4.05e-03	1.69e-02	3.00e-01	4.77e-01	2.01e-01
 5.79586e+22	2.08e-18	1.10e-13	3.37e-10	1.50e-07	1.92e-05	5.63e-04	4.41e-03	1.79e-02	3.08e-01	4.75e-01	1.94e-01
 5.81311e+22	2.72e-18	1.40e-13	4.20e-10	1.81e-07	2.27e-05	6.45e-04	4.90e-03	1.92e-02	3.18e-01	4.72e-01	1.86e-01
 5.83091e+22	3.40e-18	1.72e-13	5.04e-10	2.12e-07	2.60e-05	7.24e-04	5.35e-03	2.03e-02	3.26e-01	4.69e-01	1.79e-01
 5.84944e+22	4.49e-18	2.22e-13	6.33e-10	2.58e-07	3.09e-05	8.34e-04	5.97e-03	2.18e-02	3.36e-01	4.65e-01	1.70e-01
 5.86852e+22	5.67e-18	2.75e-13	7.66e-10	3.05e-07	3.56e-05	9.39e-04	6.54e-03	2.31e-02	3.45e-01	4.61e-01	1.63e-01
 5.88571e+22	7.10e-18	3.37e-13	9.19e-10	3.57e-07	4.08e-05	1.05e-03	7.12e-03	2.44e-02	3.54e-01	4.57e-01	1.57e-01
 5.90546e+22	9.52e-18	4.41e-13	1.17e-09	4.41e-07	4.89e-05	1.22e-03	8.00e-03	2.63e-02	3.65e-01	4.51e-01	1.48e-01
 5.92533e+22	1.19e-17	5.40e-13	1.40e-09	5.15e-07	5.59e-05	1.36e-03	8.69e-03	2.78e-02	3.73e-01	4.47e-01	1.42e-01
 5.94535e+22	1.59e-17	7.02e-13	1.77e-09	6.32e-07	6.68e-05	1.58e-03	9.72e-03	2.98e-02	3.84e-01	4.40e-01	1.34e-01
 5.96580e+22	2.00e-17	8.68e-13	2.15e-09	7.46e-07	7.69e-05	1.78e-03	1.06e-02	3.16e-02	3.93e-01	4.35e-01	1.28e-01
 5.98680e+22	2.68e-17	1.13e-12	2.72e-09	9.18e-07	9.20e-05	2.06e-03	1.19e-02	3.39e-02	4.04e-01	4.28e-01	1.20e-01
 6.00824e+22	3.40e-17	1.41e-12	3.32e-09	1.09e-06	1.07e-04	2.33e-03	1.31e-02	3.59e-02	4.13e-01	4.21e-01	1.14e-01
 6.02733e+22	4.29e-17	1.75e-12	4.02e-09	1.29e-06	1.23e-04	2.62e-03	1.43e-02	3.80e-02	4.22e-01	4.14e-01	1.08e-01
 6.04925e+22	5.77e-17	2.30e-12	5.14e-09	1.60e-06	1.48e-04	3.06e-03	1.61e-02	4.09e-02	4.34e-01	4.05e-01	1.01e-01
 6.06985e+22	7.01e-17	2.75e-12	6.04e-09	1.84e-06	1.67e-04	3.38e-03	1.73e-02	4.29e-02	4.41e-01	3.99e-01	9.62e-02
 6.08876e+22	8.98e-17	3.46e-12	7.45e-09	2.21e-06	1.96e-04	3.87e-03	1.92e-02	4.57e-02	4.51e-01	3.90e-01	9.01e-02
 6.10791e+22	1.09e-16	4.14e-12	8.76e-09	2.54e-06	2.22e-04	4.28e-03	2.07e-02	4.79e-02	4.58e-01	3.84e-01	8.57e-02
 6.12740e+22	1.40e-16	5.21e-12	1.08e-08	3.05e-06	2.61e-04	4.90e-03	2.29e-02	5.10e-02	4.67e-01	3.74e-01	7.99e-02
 6.14716e+22	1.70e-16	6.24e-12	1.27e-08	3.52e-06	2.95e-04	5.43e-03	2.48e-02	5.36e-02	4.74e-01	3.66e-01	7.55e-02
 6.16729e+22	2.16e-16	7.85e-12	1.57e-08	4.24e-06	3.48e-04	6.24e-03	2.76e-02	5.71e-02	4.83e-01	3.56e-01	6.99e-02
 6.18765e+22	2.62e-16	9.38e-12	1.85e-08	4.90e-06	3.94e-04	6.93e-03	2.98e-02	6.00e-02	4.89e-01	3.48e-01	6.59e-02
 6.20833e+22	3.32e-16	1.17e-11	2.28e-08	5.89e-06	4.64e-04	7.95e-03	3.31e-02	6.39e-02	4.98e-01	3.36e-01	6.07e-02
 6.22942e+22	3.99e-16	1.40e-11	2.68e-08	6.81e-06	5.28e-04	8.87e-03	3.60e-02	6.72e-02	5.04e-01	3.27e-01	5.67e-02
 6.25104e+22	5.02e-16	1.75e-11	3.30e-08	8.19e-06	6.23e-04	1.02e-02	4.00e-02	7.17e-02	5.11e-01	3.15e-01	5.18e-02
 6.27306e+22	6.00e-16	2.08e-11	3.89e-08	9.47e-06	7.10e-04	1.14e-02	4.36e-02	7.55e-02	5.16e-01	3.05e-01	4.80e-02
 6.29560e+22	7.44e-16	2.57e-11	4.77e-08	1.14e-05	8.39e-04	1.32e-02	4.85e-02	8.06e-02	5.22e-01	2.91e-01	4.34e-02
 6.31837e+22	8.76e-16	3.02e-11	5.57e-08	1.31e-05	9.53e-04	1.47e-02	5.28e-02	8.47e-02	5.26e-01	2.80e-01	4.00e-02
 6.33763e+22	1.01e-15	3.48e-11	6.39e-08	1.49e-05	1.07e-03	1.62e-02	5.69e-02	8.87e-02	5.30e-01	2.71e-01	3.70e-02
 6.35862e+22	1.19e-15	4.13e-11	7.58e-08	1.74e-05	1.24e-03	1.84e-02	6.26e-02	9.39e-02	5.33e-01	2.58e-01	3.35e-02
 6.37967e+22	1.34e-15	4.70e-11	8.62e-08	1.96e-05	1.38e-03	2.03e-02	6.73e-02	9.80e-02	5.34e-01	2.48e-01	3.08e-02
 6.40026e+22	1.54e-15	5.44e-11	1.00e-07	2.26e-05	1.58e-03	2.27e-02	7.34e-02	1.03e-01	5.35e-01	2.36e-01	2.78e-02
 6.42125e+22	1.71e-15	6.12e-11	1.13e-07	2.54e-05	1.76e-03	2.50e-02	7.89e-02	1.08e-01	5.36e-01	2.25e-01	2.55e-02
 6.44183e+22	1.90e-15	6.92e-11	1.29e-07	2.88e-05	1.99e-03	2.78e-02	8.54e-02	1.13e-01	5.35e-01	2.14e-01	2.30e-02
 6.46284e+22	2.08e-15	7.71e-11	1.46e-07	3.23e-05	2.22e-03	3.07e-02	9.17e-02	1.18e-01	5.33e-01	2.03e-01	2.08e-02
 6.48352e+22	2.25e-15	8.56e-11	1.64e-07	3.63e-05	2.48e-03	3.38e-02	9.86e-02	1.23e-01	5.31e-01	1.92e-01	1.88e-02
 6.50439e+22	2.41e-15	9.40e-11	1.83e-07	4.04e-05	2.76e-03	3.71e-02	1.06e-01	1.28e-01	5.27e-01	1.82e-01	1.69e-02
 6.52499e+22	2.56e-15	1.03e-10	2.03e-07	4.50e-05	3.06e-03	4.06e-02	1.13e-01	1.33e-01	5.23e-01	1.72e-01	1.52e-02
 6.54554e+22	2.70e-15	1.11e-10	2.25e-07	4.99e-05	3.39e-03	4.43e-02	1.20e-01	1.38e-01	5.18e-01	1.62e-01	1.37e-02
 6.56613e+22	2.81e-15	1.20e-10	2.48e-07	5.53e-05	3.75e-03	4.83e-02	1.27e-01	1.43e-01	5.12e-01	1.53e-01	1.23e-02
 6.58677e+22	2.92e-15	1.29e-10	2.73e-07	6.11e-05	4.14e-03	5.25e-02	1.35e-01	1.48e-01	5.06e-01	1.44e-01	1.10e-02
 6.60751e+22	3.01e-15	1.39e-10	3.01e-07	6.75e-05	4.56e-03	5.70e-02	1.43e-01	1.53e-01	4.98e-01	1.35e-01	9.84e-03
 6.62843e+22	3.10e-15	1.48e-10	3.31e-07	7.47e-05	5.03e-03	6.18e-02	1.51e-01	1.57e-01	4.90e-01	1.26e-01	8.78e-03
 6.64955e+22	3.17e-15	1.59e-10	3.64e-07	8.26e-05	5.54e-03	6.69e-02	1.59e-01	1.62e-01	4.81e-01	1.18e-01	7.81e-03
 6.67080e+22	3.24e-15	1.70e-10	4.00e-07	9.14e-05	6.10e-03	7.23e-02	1.66e-01	1.66e-01	4.72e-01	1.10e-01	6.94e-03
 6.69237e+22	3.30e-15	1.82e-10	4.42e-07	1.02e-04	6.73e-03	7.82e-02	1.75e-01	1.71e-01	4.61e-01	1.02e-01	6.14e-03
 6.71416e+22	3.38e-15	1.94e-10	4.88e-07	1.13e-04	7.42e-03	8.43e-02	1.83e-01	1.75e-01	4.50e-01	9.51e-02	5.44e-03
 6.73639e+22	3.45e-15	2.09e-10	5.42e-07	1.26e-04	8.21e-03	9.10e-02	1.91e-01	1.79e-01	4.38e-01	8.79e-02	4.78e-03
 6.75900e+22	3.53e-15	2.26e-10	6.03e-07	1.41e-04	9.06e-03	9.80e-02	1.99e-01	1.82e-01	4.26e-01	8.13e-02	4.20e-03
 6.77970e+22	3.62e-15	2.41e-10	6.62e-07	1.55e-04	9.85e-03	1.04e-01	2.06e-01	1.85e-01	4.16e-01	7.60e-02	3.77e-03
 6.80134e+22	3.72e-15	2.62e-10	7.46e-07	1.75e-04	1.10e-02	1.12e-01	2.14e-01	1.88e-01	4.02e-01	6.95e-02	3.27e-03
 6.82331e+22	3.85e-15	2.83e-10	8.26e-07	1.93e-04	1.19e-02	1.19e-01	2.21e-01	1.90e-01	3.90e-01	6.47e-02	2.92e-03
 6.84593e+22	4.03e-15	3.14e-10	9.45e-07	2.21e-04	1.33e-02	1.29e-01	2.29e-01	1.92e-01	3.75e-01	5.89e-02	2.51e-03
 6.86859e+22	4.20e-15	3.41e-10	1.05e-06	2.45e-04	1.45e-02	1.37e-01	2.35e-01	1.94e-01	3.63e-01	5.46e-02	2.24e-03
 6.89133e+22	4.43e-15	3.81e-10	1.21e-06	2.81e-04	1.62e-02	1.47e-01	2.42e-01	1.95e-01	3.47e-01	4.95e-02	1.92e-03
 6.91415e+22	4.69e-15	4.19e-10	1.36e-06	3.12e-04	1.76e-02	1.55e-01	2.48e-01	1.96e-01	3.35e-01	4.58e-02	1.70e-03
 6.93708e+22	5.04e-15	4.74e-10	1.57e-06	3.59e-04	1.96e-02	1.67e-01	2.55e-01	1.97e-01	3.19e-01	4.13e-02	1.45e-03
 6.96024e+22	5.41e-15	5.28e-10	1.78e-06	4.01e-04	2.14e-02	1.76e-01	2.60e-01	1.97e-01	3.07e-01	3.81e-02	1.29e-03
 6.98372e+22	5.93e-15	6.06e-10	2.08e-06	4.64e-04	2.39e-02	1.88e-01	2.65e-01	1.96e-01	2.91e-01	3.41e-02	1.09e-03
 7.00750e+22	6.47e-15	6.82e-10	2.37e-06	5.20e-04	2.60e-02	1.98e-01	2.70e-01	1.95e-01	2.79e-01	3.13e-02	9.60e-04
 7.03168e+22	7.26e-15	7.97e-10	2.81e-06	6.04e-04	2.90e-02	2.11e-01	2.75e-01	1.93e-01	2.62e-01	2.79e-02	8.09e-04
 7.05631e+22	8.08e-15	9.10e-10	3.23e-06	6.80e-04	3.16e-02	2.22e-01	2.78e-01	1.92e-01	2.50e-01	2.54e-02	7.06e-04
 7.08151e+22	9.31e-15	1.08e-09	3.87e-06	7.95e-04	3.53e-02	2.37e-01	2.82e-01	1.89e-01	2.34e-01	2.24e-02	5.89e-04
 7.10727e+22	1.06e-14	1.26e-09	4.49e-06	9.00e-04	3.86e-02	2.48e-01	2.84e-01	1.86e-01	2.21e-01	2.03e-02	5.09e-04
 7.13378e+22	1.26e-14	1.53e-09	5.45e-06	1.06e-03	4.32e-02	2.64e-01	2.87e-01	1.82e-01	2.05e-01	1.77e-02	4.19e-04
 7.16080e+22	1.47e-14	1.80e-09	6.37e-06	1.20e-03	4.71e-02	2.77e-01	2.88e-01	1.78e-01	1.93e-01	1.59e-02	3.59e-04
 7.18364e+22	1.69e-14	2.09e-09	7.33e-06	1.35e-03	5.09e-02	2.88e-01	2.89e-01	1.75e-01	1.82e-01	1.44e-02	3.12e-04
 7.20848e+22	2.05e-14	2.55e-09	8.81e-06	1.56e-03	5.62e-02	3.03e-01	2.89e-01	1.70e-01	1.68e-01	1.26e-02	2.59e-04
 7.23254e+22	2.37e-14	2.94e-09	1.00e-05	1.73e-03	6.02e-02	3.13e-01	2.88e-01	1.66e-01	1.59e-01	1.15e-02	2.27e-04
 7.25561e+22	2.87e-14	3.55e-09	1.19e-05	1.98e-03	6.57e-02	3.27e-01	2.87e-01	1.61e-01	1.48e-01	1.01e-02	1.90e-04
 7.27892e+22	3.36e-14	4.12e-09	1.36e-05	2.19e-03	7.02e-02	3.37e-01	2.86e-01	1.56e-01	1.39e-01	9.17e-03	1.66e-04
 7.30253e+22	4.14e-14	5.02e-09	1.62e-05	2.51e-03	7.65e-02	3.51e-01	2.84e-01	1.51e-01	1.28e-01	8.04e-03	1.38e-04
 7.32648e+22	4.91e-14	5.87e-09	1.85e-05	2.78e-03	8.17e-02	3.61e-01	2.81e-01	1.46e-01	1.20e-01	7.24e-03	1.20e-04
 7.35088e+22	6.15e-14	7.22e-09	2.22e-05	3.18e-03	8.89e-02	3.74e-01	2.78e-01	1.40e-01	1.10e-01	6.30e-03	9.88e-05
 7.37564e+22	7.39e-14	8.50e-09	2.54e-05	3.52e-03	9.48e-02	3.84e-01	2.75e-01	1.35e-01	1.03e-01	5.65e-03	8.52e-05
 7.40087e+22	9.42e-14	1.06e-08	3.05e-05	4.03e-03	1.03e-01	3.97e-01	2.70e-01	1.28e-01	9.34e-02	4.87e-03	6.96e-05
 7.42652e+22	1.14e-13	1.25e-08	3.51e-05	4.46e-03	1.10e-01	4.06e-01	2.66e-01	1.23e-01	8.67e-02	4.34e-03	5.96e-05
 7.45272e+22	1.48e-13	1.57e-08	4.23e-05	5.11e-03	1.19e-01	4.18e-01	2.59e-01	1.16e-01	7.83e-02	3.70e-03	4.81e-05
 7.47949e+22	1.82e-13	1.87e-08	4.88e-05	5.67e-03	1.27e-01	4.27e-01	2.54e-01	1.11e-01	7.22e-02	3.27e-03	4.08e-05
 7.50699e+22	2.40e-13	2.37e-08	5.91e-05	6.51e-03	1.37e-01	4.38e-01	2.47e-01	1.04e-01	6.46e-02	2.76e-03	3.25e-05
 7.53522e+22	3.00e-13	2.86e-08	6.87e-05	7.24e-03	1.46e-01	4.46e-01	2.41e-01	9.87e-02	5.90e-02	2.41e-03	2.72e-05
 7.56441e+22	4.03e-13	3.65e-08	8.36e-05	8.31e-03	1.58e-01	4.56e-01	2.32e-01	9.17e-02	5.23e-02	2.01e-03	2.14e-05
 7.59390e+22	5.06e-13	4.42e-08	9.71e-05	9.23e-03	1.67e-01	4.62e-01	2.25e-01	8.65e-02	4.76e-02	1.75e-03	1.77e-05
 7.62379e+22	6.85e-13	5.67e-08	1.18e-04	1.06e-02	1.80e-01	4.70e-01	2.16e-01	7.99e-02	4.18e-02	1.45e-03	1.38e-05
 7.65404e+22	8.64e-13	6.86e-08	1.37e-04	1.17e-02	1.91e-01	4.75e-01	2.09e-01	7.49e-02	3.79e-02	1.25e-03	1.14e-05
 7.68475e+22	1.18e-12	8.84e-08	1.67e-04	1.34e-02	2.05e-01	4.80e-01	1.99e-01	6.87e-02	3.31e-02	1.03e-03	8.78e-06
 7.71593e+22	1.50e-12	1.07e-07	1.94e-04	1.48e-02	2.16e-01	4.83e-01	1.91e-01	6.41e-02	2.97e-02	8.80e-04	7.18e-06
 7.74346e+22	1.90e-12	1.31e-07	2.25e-04	1.64e-02	2.27e-01	4.85e-01	1.83e-01	5.96e-02	2.66e-02	7.51e-04	5.84e-06
 7.77498e+22	2.59e-12	1.67e-07	2.72e-04	1.86e-02	2.42e-01	4.87e-01	1.74e-01	5.43e-02	2.31e-02	6.13e-04	4.48e-06
 7.80706e+22	3.33e-12	2.05e-07	3.17e-04	2.06e-02	2.55e-01	4.88e-01	1.65e-01	5.02e-02	2.05e-02	5.17e-04	3.60e-06
 7.83305e+22	4.11e-12	2.42e-07	3.60e-04	2.24e-02	2.66e-01	4.87e-01	1.59e-01	4.69e-02	1.86e-02	4.49e-04	2.99e-06
 7.85999e+22	5.26e-12	2.95e-07	4.18e-04	2.47e-02	2.78e-01	4.86e-01	1.51e-01	4.32e-02	1.65e-02	3.79e-04	2.40e-06
 7.88831e+22	6.56e-12	3.52e-07	4.77e-04	2.69e-02	2.90e-01	4.84e-01	1.44e-01	4.01e-02	1.48e-02	3.25e-04	1.97e-06
 7.91431e+22	8.15e-12	4.19e-07	5.43e-04	2.92e-02	3.01e-01	4.81e-01	1.37e-01	3.72e-02	1.33e-02	2.79e-04	1.62e-06
 7.94400e+22	1.07e-11	5.19e-07	6.38e-04	3.24e-02	3.15e-01	4.77e-01	1.29e-01	3.39e-02	1.16e-02	2.30e-04	1.26e-06
 7.97444e+22	1.36e-11	6.28e-07	7.35e-04	3.54e-02	3.28e-01	4.73e-01	1.22e-01	3.11e-02	1.02e-02	1.93e-04	1.01e-06
 8.00117e+22	1.69e-11	7.45e-07	8.33e-04	3.83e-02	3.39e-01	4.68e-01	1.15e-01	2.87e-02	9.15e-03	1.65e-04	8.25e-07
 8.03121e+22	2.20e-11	9.19e-07	9.74e-04	4.22e-02	3.53e-01	4.62e-01	1.08e-01	2.60e-02	7.94e-03	1.35e-04	6.40e-07
 8.06262e+22	2.82e-11	1.12e-06	1.12e-03	4.62e-02	3.66e-01	4.55e-01	1.01e-01	2.37e-02	6.95e-03	1.13e-04	5.06e-07
 8.09100e+22	3.52e-11	1.33e-06	1.28e-03	4.99e-02	3.78e-01	4.48e-01	9.52e-02	2.17e-02	6.15e-03	9.51e-05	4.07e-07
 8.12308e+22	4.66e-11	1.66e-06	1.50e-03	5.51e-02	3.92e-01	4.38e-01	8.80e-02	1.94e-02	5.27e-03	7.66e-05	3.09e-07
 8.15616e+22	6.00e-11	2.02e-06	1.73e-03	6.01e-02	4.05e-01	4.29e-01	8.18e-02	1.76e-02	4.57e-03	6.30e-05	2.41e-07
 8.18561e+22	7.52e-11	2.41e-06	1.97e-03	6.49e-02	4.16e-01	4.20e-01	7.65e-02	1.60e-02	4.01e-03	5.26e-05	1.92e-07
 8.21895e+22	1.00e-10	3.00e-06	2.31e-03	7.14e-02	4.30e-01	4.08e-01	7.01e-02	1.42e-02	3.40e-03	4.19e-05	1.44e-07
 8.25360e+22	1.29e-10	3.66e-06	2.66e-03	7.76e-02	4.42e-01	3.97e-01	6.47e-02	1.27e-02	2.92e-03	3.40e-05	0.00e+00
 8.28481e+22	1.64e-10	4.40e-06	3.04e-03	8.38e-02	4.53e-01	3.86e-01	5.99e-02	1.15e-02	2.53e-03	2.80e-05	0.00e+00
 8.32023e+22	2.22e-10	5.57e-06	3.59e-03	9.23e-02	4.66e-01	3.72e-01	5.41e-02	1.00e-02	2.10e-03	2.17e-05	0.00e+00
 8.35658e+22	2.85e-10	6.77e-06	4.13e-03	1.00e-01	4.76e-01	3.59e-01	4.95e-02	8.95e-03	1.79e-03	1.75e-05	0.00e+00
 8.38920e+22	3.65e-10	8.17e-06	4.72e-03	1.08e-01	4.86e-01	3.47e-01	4.54e-02	8.00e-03	1.53e-03	1.42e-05	0.00e+00
 8.42668e+22	5.01e-10	1.04e-05	5.61e-03	1.19e-01	4.97e-01	3.30e-01	4.04e-02	6.89e-03	1.25e-03	1.07e-05	0.00e+00
 8.46446e+22	6.46e-10	1.27e-05	6.43e-03	1.28e-01	5.05e-01	3.17e-01	3.67e-02	6.11e-03	1.06e-03	8.56e-06	0.00e+00
 8.50263e+22	8.79e-10	1.60e-05	7.59e-03	1.40e-01	5.14e-01	3.00e-01	3.25e-02	5.25e-03	8.60e-04	6.47e-06	0.00e+00
 8.54141e+22	1.13e-09	1.95e-05	8.69e-03	1.50e-01	5.20e-01	2.86e-01	2.94e-02	4.62e-03	7.22e-04	5.12e-06	0.00e+00
 8.58099e+22	1.58e-09	2.50e-05	1.03e-02	1.65e-01	5.26e-01	2.68e-01	2.56e-02	3.91e-03	5.74e-04	3.76e-06	0.00e+00
 8.62082e+22	2.02e-09	3.03e-05	1.18e-02	1.76e-01	5.30e-01	2.55e-01	2.30e-02	3.44e-03	4.81e-04	2.96e-06	0.00e+00
 8.66097e+22	2.80e-09	3.87e-05	1.40e-02	1.92e-01	5.33e-01	2.37e-01	2.00e-02	2.89e-03	3.80e-04	2.16e-06	0.00e+00
 8.70165e+22	3.62e-09	4.70e-05	1.59e-02	2.05e-01	5.35e-01	2.23e-01	1.78e-02	2.52e-03	3.14e-04	1.68e-06	0.00e+00
 8.74303e+22	4.98e-09	5.97e-05	1.88e-02	2.22e-01	5.34e-01	2.07e-01	1.53e-02	2.11e-03	2.47e-04	1.22e-06	0.00e+00
 8.78523e+22	6.50e-09	7.29e-05	2.15e-02	2.37e-01	5.33e-01	1.93e-01	1.35e-02	1.82e-03	2.01e-04	9.27e-07	0.00e+00
 8.82850e+22	9.08e-09	9.36e-05	2.54e-02	2.57e-01	5.29e-01	1.76e-01	1.14e-02	1.50e-03	1.54e-04	6.53e-07	0.00e+00
 8.87082e+22	1.16e-08	1.12e-04	2.87e-02	2.71e-01	5.24e-01	1.64e-01	1.01e-02	1.29e-03	1.26e-04	5.03e-07	0.00e+00
 8.90507e+22	1.44e-08	1.32e-04	3.20e-02	2.84e-01	5.19e-01	1.54e-01	9.00e-03	1.13e-03	1.06e-04	3.97e-07	0.00e+00
 8.94274e+22	1.92e-08	1.63e-04	3.68e-02	3.02e-01	5.11e-01	1.41e-01	7.70e-03	9.50e-04	8.30e-05	2.89e-07	0.00e+00
 8.98055e+22	2.38e-08	1.92e-04	4.09e-02	3.16e-01	5.04e-01	1.31e-01	6.84e-03	8.29e-04	6.90e-05	2.26e-07	0.00e+00
 9.01855e+22	3.14e-08	2.35e-04	4.68e-02	3.34e-01	4.94e-01	1.19e-01	5.85e-03	6.93e-04	5.42e-05	1.65e-07	0.00e+00
 9.05699e+22	3.92e-08	2.77e-04	5.20e-02	3.48e-01	4.84e-01	1.10e-01	5.14e-03	5.98e-04	4.44e-05	1.27e-07	0.00e+00
 9.09598e+22	5.18e-08	3.39e-04	5.93e-02	3.65e-01	4.71e-01	9.94e-02	4.36e-03	4.96e-04	3.44e-05	0.00e+00	0.00e+00
 9.13535e+22	6.44e-08	3.98e-04	6.57e-02	3.79e-01	4.59e-01	9.13e-02	3.81e-03	4.26e-04	2.81e-05	0.00e+00	0.00e+00
 9.17522e+22	8.58e-08	4.90e-04	7.50e-02	3.97e-01	4.43e-01	8.14e-02	3.18e-03	3.48e-04	2.13e-05	0.00e+00	0.00e+00
 9.21500e+22	1.06e-07	5.71e-04	8.27e-02	4.10e-01	4.29e-01	7.44e-02	2.77e-03	2.98e-04	1.74e-05	0.00e+00	0.00e+00
 9.24464e+22	1.25e-07	6.44e-04	8.91e-02	4.20e-01	4.19e-01	6.92e-02	2.48e-03	2.63e-04	1.47e-05	0.00e+00	0.00e+00
