#depth	Si	Si+	Si+2	Si+3	Si+4	Si+5	Si+6	Si+7	Si+8	Si+9	Si+10	Si+11	Si+12	Si+13	Si+14
 1.54284e+22	3.71e-28	4.09e-17	4.58e-14	7.60e-12	5.12e-08	1.61e-05	1.06e-03	1.55e-02	8.54e-02	1.77e-01	1.57e-01	1.37e-01	3.32e-01	8.82e-02	7.31e-03
 3.45111e+22	1.31e-27	2.91e-16	2.46e-13	2.89e-11	1.68e-07	4.87e-05	2.85e-03	3.51e-02	1.51e-01	2.47e-01	1.71e-01	1.18e-01	2.26e-01	4.51e-02	2.81e-03
 3.99926e+22	3.72e-27	6.99e-16	5.24e-13	5.32e-11	2.82e-07	7.78e-05	4.28e-03	4.85e-02	1.86e-01	2.73e-01	1.69e-01	1.05e-01	1.81e-01	3.16e-02	1.73e-03
 4.28530e+22	6.62e-27	1.13e-15	7.94e-13	7.42e-11	3.72e-07	9.97e-05	5.30e-03	5.73e-02	2.06e-01	2.84e-01	1.65e-01	9.75e-02	1.58e-01	2.56e-02	1.30e-03
 4.43321e+22	8.47e-27	1.39e-15	9.49e-13	8.56e-11	4.19e-07	1.11e-04	5.79e-03	6.15e-02	2.15e-01	2.88e-01	1.63e-01	9.40e-02	1.48e-01	2.33e-02	1.14e-03
 4.53576e+22	1.16e-26	1.81e-15	1.19e-12	1.02e-10	4.84e-07	1.26e-04	6.48e-03	6.71e-02	2.26e-01	2.93e-01	1.59e-01	8.95e-02	1.37e-01	2.06e-02	9.70e-04
 4.64511e+22	1.53e-26	2.29e-15	1.45e-12	1.20e-10	5.50e-07	1.41e-04	7.14e-03	7.23e-02	2.36e-01	2.96e-01	1.56e-01	8.55e-02	1.27e-01	1.84e-02	8.35e-04
 4.76330e+22	2.17e-26	3.07e-15	1.87e-12	1.46e-10	6.44e-07	1.63e-04	8.06e-03	7.94e-02	2.49e-01	3.00e-01	1.52e-01	8.04e-02	1.15e-01	1.59e-02	6.89e-04
 4.87583e+22	2.78e-26	3.80e-15	2.23e-12	1.68e-10	7.20e-07	1.80e-04	8.77e-03	8.48e-02	2.58e-01	3.02e-01	1.49e-01	7.68e-02	1.07e-01	1.42e-02	5.97e-04
 4.96630e+22	3.51e-26	4.64e-15	2.64e-12	1.92e-10	7.98e-07	1.97e-04	9.49e-03	9.01e-02	2.66e-01	3.03e-01	1.45e-01	7.33e-02	9.91e-02	1.28e-02	5.20e-04
 5.06922e+22	4.77e-26	6.03e-15	3.29e-12	2.27e-10	9.09e-07	2.22e-04	1.05e-02	9.73e-02	2.77e-01	3.05e-01	1.40e-01	6.89e-02	9.00e-02	1.11e-02	4.33e-04
 5.17356e+22	6.05e-26	7.40e-15	3.91e-12	2.60e-10	1.01e-06	2.43e-04	1.14e-02	1.03e-01	2.85e-01	3.05e-01	1.36e-01	6.55e-02	8.33e-02	9.97e-03	3.74e-04
 5.27972e+22	8.24e-26	9.68e-15	4.88e-12	3.08e-10	1.15e-06	2.73e-04	1.25e-02	1.12e-01	2.95e-01	3.04e-01	1.31e-01	6.12e-02	7.49e-02	8.57e-03	3.08e-04
 5.38704e+22	1.05e-25	1.19e-14	5.81e-12	3.53e-10	1.27e-06	2.99e-04	1.35e-02	1.18e-01	3.03e-01	3.03e-01	1.27e-01	5.79e-02	6.89e-02	7.61e-03	2.64e-04
 5.49584e+22	1.43e-25	1.57e-14	7.29e-12	4.19e-10	1.44e-06	3.35e-04	1.49e-02	1.27e-01	3.13e-01	3.01e-01	1.21e-01	5.37e-02	6.14e-02	6.46e-03	2.13e-04
 5.60597e+22	1.83e-25	1.95e-14	8.72e-12	4.80e-10	1.59e-06	3.66e-04	1.61e-02	1.35e-01	3.21e-01	2.99e-01	1.16e-01	5.05e-02	5.61e-02	5.69e-03	1.81e-04
 5.71783e+22	2.50e-25	2.59e-14	1.10e-11	5.72e-10	1.81e-06	4.10e-04	1.77e-02	1.45e-01	3.30e-01	2.95e-01	1.10e-01	4.65e-02	4.96e-02	4.78e-03	1.45e-04
 5.83193e+22	3.22e-25	3.26e-14	1.32e-11	6.59e-10	2.00e-06	4.49e-04	1.92e-02	1.54e-01	3.37e-01	2.92e-01	1.05e-01	4.34e-02	4.48e-02	4.15e-03	1.21e-04
 5.94893e+22	4.45e-25	4.40e-14	1.69e-11	7.91e-10	2.27e-06	5.03e-04	2.11e-02	1.66e-01	3.46e-01	2.86e-01	9.88e-02	3.96e-02	3.92e-02	3.44e-03	9.49e-05
 6.06836e+22	5.78e-25	5.61e-14	2.05e-11	9.18e-10	2.52e-06	5.51e-04	2.28e-02	1.76e-01	3.52e-01	2.81e-01	9.36e-02	3.67e-02	3.50e-02	2.94e-03	7.78e-05
 6.19050e+22	8.04e-25	7.70e-14	2.65e-11	1.11e-09	2.88e-06	6.19e-04	2.52e-02	1.89e-01	3.59e-01	2.73e-01	8.69e-02	3.31e-02	3.01e-02	2.39e-03	5.99e-05
 6.31363e+22	1.05e-24	9.90e-14	3.24e-11	1.30e-09	3.21e-06	6.79e-04	2.72e-02	2.00e-01	3.64e-01	2.67e-01	8.17e-02	3.05e-02	2.67e-02	2.03e-03	4.86e-05
 6.41713e+22	1.32e-24	1.25e-13	3.89e-11	1.49e-09	3.53e-06	7.38e-04	2.92e-02	2.10e-01	3.68e-01	2.60e-01	7.70e-02	2.82e-02	2.39e-02	1.74e-03	4.00e-05
 6.52877e+22	1.77e-24	1.67e-13	4.92e-11	1.78e-09	3.99e-06	8.20e-04	3.18e-02	2.24e-01	3.73e-01	2.52e-01	7.13e-02	2.55e-02	2.07e-02	1.43e-03	3.11e-05
 6.64170e+22	2.26e-24	2.13e-13	5.97e-11	2.07e-09	4.42e-06	8.93e-04	3.41e-02	2.36e-01	3.75e-01	2.44e-01	6.67e-02	2.35e-02	1.83e-02	1.21e-03	2.53e-05
 6.75207e+22	2.97e-24	2.83e-13	7.51e-11	2.47e-09	5.00e-06	9.89e-04	3.70e-02	2.50e-01	3.78e-01	2.35e-01	6.15e-02	2.12e-02	1.58e-02	9.95e-04	1.98e-05
 6.86472e+22	3.81e-24	3.66e-13	9.22e-11	2.90e-09	5.59e-06	1.08e-03	3.98e-02	2.63e-01	3.79e-01	2.26e-01	5.70e-02	1.94e-02	1.39e-02	8.34e-04	1.58e-05
 6.97516e+22	4.91e-24	4.87e-13	1.16e-10	3.46e-09	6.32e-06	1.20e-03	4.30e-02	2.78e-01	3.80e-01	2.16e-01	5.23e-02	1.75e-02	1.20e-02	6.84e-04	1.24e-05
 7.08781e+22	6.30e-24	6.38e-13	1.44e-10	4.11e-09	7.14e-06	1.32e-03	4.63e-02	2.92e-01	3.79e-01	2.07e-01	4.81e-02	1.58e-02	1.04e-02	5.66e-04	9.75e-06
 7.19942e+22	8.11e-24	8.46e-13	1.80e-10	4.93e-09	8.11e-06	1.46e-03	4.99e-02	3.07e-01	3.78e-01	1.96e-01	4.39e-02	1.42e-02	8.94e-03	4.64e-04	7.61e-06
 7.31159e+22	1.04e-23	1.12e-12	2.26e-10	5.91e-09	9.22e-06	1.61e-03	5.37e-02	3.22e-01	3.75e-01	1.86e-01	4.00e-02	1.28e-02	7.70e-03	3.80e-04	5.95e-06
 7.42251e+22	1.34e-23	1.48e-12	2.83e-10	7.10e-09	1.05e-05	1.78e-03	5.78e-02	3.37e-01	3.72e-01	1.76e-01	3.64e-02	1.15e-02	6.61e-03	3.11e-04	4.64e-06
 7.53325e+22	1.71e-23	1.95e-12	3.55e-10	8.54e-09	1.20e-05	1.97e-03	6.21e-02	3.52e-01	3.68e-01	1.67e-01	3.30e-02	1.03e-02	5.67e-03	2.54e-04	3.62e-06
 7.64422e+22	2.19e-23	2.58e-12	4.46e-10	1.03e-08	1.38e-05	2.18e-03	6.67e-02	3.67e-01	3.63e-01	1.57e-01	2.99e-02	9.18e-03	4.85e-03	2.07e-04	2.81e-06
 7.75566e+22	2.81e-23	3.41e-12	5.61e-10	1.25e-08	1.58e-05	2.42e-03	7.16e-02	3.83e-01	3.57e-01	1.47e-01	2.69e-02	8.19e-03	4.13e-03	1.68e-04	2.18e-06
 7.86782e+22	3.61e-23	4.52e-12	7.07e-10	1.52e-08	1.82e-05	2.68e-03	7.68e-02	3.98e-01	3.50e-01	1.38e-01	2.42e-02	7.28e-03	3.51e-03	1.36e-04	1.68e-06
 7.98104e+22	4.66e-23	5.98e-12	8.93e-10	1.85e-08	2.10e-05	2.98e-03	8.24e-02	4.13e-01	3.43e-01	1.28e-01	2.17e-02	6.45e-03	2.98e-03	1.10e-04	1.29e-06
 8.09564e+22	6.03e-23	7.93e-12	1.13e-09	2.25e-08	2.43e-05	3.31e-03	8.83e-02	4.27e-01	3.34e-01	1.19e-01	1.94e-02	5.70e-03	2.51e-03	8.84e-05	9.89e-07
 8.21085e+22	7.81e-23	1.05e-11	1.43e-09	2.75e-08	2.82e-05	3.67e-03	9.44e-02	4.41e-01	3.25e-01	1.11e-01	1.73e-02	5.03e-03	2.12e-03	7.11e-05	7.58e-07
 8.32796e+22	1.02e-22	1.39e-11	1.81e-09	3.38e-08	3.28e-05	4.09e-03	1.01e-01	4.55e-01	3.16e-01	1.02e-01	1.53e-02	4.42e-03	1.78e-03	5.66e-05	5.74e-07
 8.44649e+22	1.34e-22	1.84e-11	2.29e-09	4.13e-08	3.80e-05	4.54e-03	1.08e-01	4.69e-01	3.06e-01	9.42e-02	1.36e-02	3.88e-03	1.49e-03	4.53e-05	4.37e-07
 8.56736e+22	1.92e-22	2.44e-11	2.92e-09	5.10e-08	4.44e-05	5.06e-03	1.15e-01	4.82e-01	2.95e-01	8.64e-02	1.20e-02	3.38e-03	1.24e-03	3.57e-05	3.28e-07
 8.67983e+22	5.73e-22	3.07e-11	3.55e-09	6.06e-08	5.04e-05	5.52e-03	1.22e-01	4.92e-01	2.86e-01	8.04e-02	1.08e-02	3.02e-03	1.06e-03	2.95e-05	2.60e-07
 8.79553e+22	8.22e-22	4.12e-11	4.56e-09	7.54e-08	5.92e-05	6.17e-03	1.30e-01	5.04e-01	2.74e-01	7.32e-02	9.40e-03	2.60e-03	8.75e-04	2.29e-05	1.92e-07
 8.91327e+22	1.09e-21	5.18e-11	5.56e-09	8.97e-08	6.73e-05	6.73e-03	1.37e-01	5.13e-01	2.64e-01	6.79e-02	8.42e-03	2.31e-03	7.48e-04	1.88e-05	1.51e-07
 9.03413e+22	1.59e-21	6.97e-11	7.18e-09	1.13e-07	7.95e-05	7.54e-03	1.47e-01	5.23e-01	2.51e-01	6.13e-02	7.28e-03	1.98e-03	6.07e-04	1.44e-05	0.00e+00
 9.15559e+22	2.13e-21	8.69e-11	8.70e-09	1.33e-07	9.00e-05	8.20e-03	1.54e-01	5.30e-01	2.42e-01	5.67e-02	6.53e-03	1.76e-03	5.19e-04	1.19e-05	0.00e+00
 9.27781e+22	3.14e-21	1.16e-10	1.12e-08	1.66e-07	1.06e-04	9.15e-03	1.64e-01	5.39e-01	2.30e-01	5.11e-02	5.65e-03	1.50e-03	4.22e-04	9.12e-06	0.00e+00
 9.40082e+22	4.30e-21	1.44e-10	1.35e-08	1.97e-07	1.20e-04	9.94e-03	1.71e-01	5.44e-01	2.20e-01	4.72e-02	5.05e-03	1.33e-03	3.60e-04	7.46e-06	0.00e+00
 9.52484e+22	6.47e-21	1.90e-10	1.73e-08	2.46e-07	1.41e-04	1.11e-02	1.82e-01	5.51e-01	2.08e-01	4.25e-02	4.35e-03	1.13e-03	2.92e-04	5.73e-06	0.00e+00
 9.64993e+22	9.08e-21	2.35e-10	2.09e-08	2.91e-07	1.59e-04	1.20e-02	1.90e-01	5.55e-01	1.99e-01	3.91e-02	3.88e-03	9.98e-04	2.48e-04	4.67e-06	0.00e+00
 9.77644e+22	1.41e-20	3.08e-10	2.66e-08	3.61e-07	1.87e-04	1.33e-02	2.01e-01	5.59e-01	1.87e-01	3.51e-02	3.34e-03	8.47e-04	2.01e-04	3.58e-06	0.00e+00
 9.90457e+22	2.05e-20	3.80e-10	3.21e-08	4.28e-07	2.11e-04	1.44e-02	2.09e-01	5.61e-01	1.79e-01	3.22e-02	2.97e-03	7.45e-04	1.70e-04	2.90e-06	0.00e+00
 1.00348e+23	3.34e-20	4.98e-10	4.09e-08	5.32e-07	2.48e-04	1.60e-02	2.21e-01	5.63e-01	1.67e-01	2.88e-02	2.55e-03	6.29e-04	1.37e-04	2.21e-06	0.00e+00
 1.01673e+23	5.19e-20	6.15e-10	4.94e-08	6.31e-07	2.81e-04	1.73e-02	2.30e-01	5.64e-01	1.59e-01	2.63e-02	2.26e-03	5.51e-04	1.15e-04	1.78e-06	0.00e+00
 1.03026e+23	9.14e-20	8.04e-10	6.31e-08	7.88e-07	3.29e-04	1.92e-02	2.42e-01	5.64e-01	1.48e-01	2.34e-02	1.93e-03	4.63e-04	9.21e-05	1.35e-06	0.00e+00
 1.04408e+23	1.56e-19	9.94e-10	7.65e-08	9.38e-07	3.74e-04	2.08e-02	2.52e-01	5.63e-01	1.40e-01	2.13e-02	1.70e-03	4.03e-04	7.71e-05	1.08e-06	0.00e+00
 1.05828e+23	3.05e-19	1.30e-09	9.80e-08	1.18e-06	4.40e-04	2.31e-02	2.65e-01	5.61e-01	1.30e-01	1.89e-02	1.44e-03	3.36e-04	6.11e-05	8.07e-07	0.00e+00
 1.07284e+23	5.69e-19	1.62e-09	1.19e-07	1.41e-06	5.01e-04	2.50e-02	2.75e-01	5.58e-01	1.22e-01	1.71e-02	1.26e-03	2.90e-04	5.08e-05	6.40e-07	0.00e+00
 1.08506e+23	9.79e-19	1.95e-09	1.42e-07	1.64e-06	5.60e-04	2.68e-02	2.84e-01	5.56e-01	1.16e-01	1.57e-02	1.13e-03	2.56e-04	4.32e-05	5.23e-07	0.00e+00
 1.09818e+23	1.75e-18	2.47e-09	1.77e-07	2.01e-06	6.47e-04	2.94e-02	2.96e-01	5.51e-01	1.08e-01	1.40e-02	9.70e-04	2.16e-04	3.50e-05	4.01e-07	0.00e+00
 1.11153e+23	2.76e-18	2.98e-09	2.10e-07	2.35e-06	7.25e-04	3.15e-02	3.05e-01	5.47e-01	1.02e-01	1.28e-02	8.61e-04	1.90e-04	2.96e-05	3.26e-07	0.00e+00
 1.12312e+23	4.03e-18	3.56e-09	2.48e-07	2.74e-06	8.07e-04	3.37e-02	3.14e-01	5.42e-01	9.64e-02	1.18e-02	7.69e-04	1.67e-04	2.52e-05	2.67e-07	0.00e+00
 1.13610e+23	6.11e-18	4.46e-09	3.06e-07	3.33e-06	9.28e-04	3.67e-02	3.26e-01	5.36e-01	8.95e-02	1.05e-02	6.63e-04	1.42e-04	2.05e-05	2.06e-07	0.00e+00
 1.14906e+23	8.55e-18	5.29e-09	3.58e-07	3.84e-06	1.03e-03	3.90e-02	3.34e-01	5.30e-01	8.47e-02	9.70e-03	5.94e-04	1.25e-04	1.75e-05	1.70e-07	0.00e+00
 1.16199e+23	1.24e-17	6.58e-09	4.40e-07	4.64e-06	1.18e-03	4.24e-02	3.46e-01	5.23e-01	7.85e-02	8.68e-03	5.13e-04	1.07e-04	1.43e-05	1.31e-07	0.00e+00
 1.17510e+23	1.68e-17	7.81e-09	5.16e-07	5.36e-06	1.30e-03	4.51e-02	3.55e-01	5.16e-01	7.41e-02	7.98e-03	4.58e-04	9.40e-05	1.22e-05	0.00e+00	0.00e+00
 1.18845e+23	2.39e-17	9.73e-09	6.35e-07	6.50e-06	1.49e-03	4.89e-02	3.66e-01	5.07e-01	6.85e-02	7.12e-03	3.95e-04	7.95e-05	9.88e-06	0.00e+00	0.00e+00
 1.20203e+23	3.20e-17	1.16e-08	7.47e-07	7.52e-06	1.66e-03	5.21e-02	3.75e-01	5.00e-01	6.45e-02	6.53e-03	3.52e-04	6.99e-05	8.41e-06	0.00e+00	0.00e+00
 1.21591e+23	4.51e-17	1.45e-08	9.23e-07	9.16e-06	1.90e-03	5.66e-02	3.87e-01	4.89e-01	5.93e-02	5.79e-03	3.01e-04	5.88e-05	6.76e-06	0.00e+00	0.00e+00
 1.23000e+23	5.98e-17	1.72e-08	1.09e-06	1.06e-05	2.11e-03	6.02e-02	3.95e-01	4.81e-01	5.57e-02	5.30e-03	2.67e-04	5.15e-05	5.73e-06	0.00e+00	0.00e+00
 1.24438e+23	8.37e-17	2.16e-08	1.35e-06	1.30e-05	2.43e-03	6.53e-02	4.07e-01	4.69e-01	5.09e-02	4.68e-03	2.27e-04	4.30e-05	4.57e-06	0.00e+00	0.00e+00
 1.25908e+23	1.11e-16	2.58e-08	1.60e-06	1.51e-05	2.71e-03	6.96e-02	4.16e-01	4.60e-01	4.76e-02	4.26e-03	2.01e-04	3.75e-05	3.85e-06	0.00e+00	0.00e+00
 1.27420e+23	1.55e-16	3.25e-08	1.99e-06	1.86e-05	3.12e-03	7.56e-02	4.27e-01	4.47e-01	4.33e-02	3.75e-03	1.70e-04	3.11e-05	3.04e-06	0.00e+00	0.00e+00
 1.28971e+23	2.05e-16	3.92e-08	2.38e-06	2.18e-05	3.49e-03	8.06e-02	4.36e-01	4.37e-01	4.01e-02	3.39e-03	1.48e-04	2.68e-05	2.53e-06	0.00e+00	0.00e+00
 1.30573e+23	2.90e-16	4.97e-08	2.98e-06	2.69e-05	4.04e-03	8.76e-02	4.47e-01	4.22e-01	3.63e-02	2.96e-03	1.25e-04	2.21e-05	1.98e-06	0.00e+00	0.00e+00
 1.32194e+23	3.84e-16	6.00e-08	3.56e-06	3.16e-05	4.51e-03	9.33e-02	4.55e-01	4.11e-01	3.36e-02	2.67e-03	1.09e-04	1.90e-05	1.65e-06	0.00e+00	0.00e+00
 1.33838e+23	5.40e-16	7.61e-08	4.48e-06	3.91e-05	5.23e-03	1.01e-01	4.65e-01	3.96e-01	3.02e-02	2.33e-03	9.08e-05	1.56e-05	1.28e-06	0.00e+00	0.00e+00
 1.35500e+23	1.28e-16	9.20e-08	5.35e-06	4.59e-05	5.83e-03	1.08e-01	4.72e-01	3.84e-01	2.79e-02	2.10e-03	7.91e-05	1.34e-05	1.06e-06	0.00e+00	0.00e+00
 1.37186e+23	1.48e-16	1.17e-07	6.73e-06	5.68e-05	6.75e-03	1.17e-01	4.81e-01	3.69e-01	2.49e-02	1.82e-03	6.57e-05	1.09e-05	8.20e-07	0.00e+00	0.00e+00
 1.38831e+23	2.10e-16	1.39e-07	7.93e-06	6.58e-05	7.46e-03	1.23e-01	4.87e-01	3.58e-01	2.31e-02	1.65e-03	5.77e-05	9.46e-06	6.86e-07	0.00e+00	0.00e+00
 1.40424e+23	3.35e-16	1.73e-07	9.81e-06	8.02e-05	8.54e-03	1.33e-01	4.94e-01	3.43e-01	2.07e-02	1.44e-03	4.84e-05	7.80e-06	5.39e-07	0.00e+00	0.00e+00
 1.42075e+23	5.01e-16	2.09e-07	1.17e-05	9.37e-05	9.48e-03	1.40e-01	4.99e-01	3.31e-01	1.90e-02	1.30e-03	4.21e-05	6.69e-06	4.45e-07	0.00e+00	0.00e+00
 1.43485e+23	6.92e-16	2.45e-07	1.36e-05	1.08e-04	1.04e-02	1.47e-01	5.03e-01	3.20e-01	1.76e-02	1.18e-03	3.71e-05	5.83e-06	3.74e-07	0.00e+00	0.00e+00
 1.45000e+23	9.98e-16	3.01e-07	1.66e-05	1.29e-04	1.18e-02	1.57e-01	5.08e-01	3.06e-01	1.59e-02	1.04e-03	3.14e-05	4.86e-06	2.98e-07	0.00e+00	0.00e+00
 1.46520e+23	1.34e-15	3.53e-07	1.93e-05	1.48e-04	1.29e-02	1.65e-01	5.11e-01	2.96e-01	1.46e-02	9.40e-04	2.76e-05	4.22e-06	2.50e-07	0.00e+00	0.00e+00
 1.48047e+23	1.88e-15	4.31e-07	2.33e-05	1.76e-04	1.45e-02	1.75e-01	5.14e-01	2.83e-01	1.32e-02	8.32e-04	2.35e-05	3.55e-06	2.01e-07	0.00e+00	0.00e+00
 1.49633e+23	2.60e-15	5.13e-07	2.75e-05	2.06e-04	1.60e-02	1.84e-01	5.16e-01	2.71e-01	1.20e-02	7.43e-04	2.02e-05	3.02e-06	1.64e-07	0.00e+00	0.00e+00
 1.51047e+23	3.37e-15	6.03e-07	3.21e-05	2.36e-04	1.76e-02	1.93e-01	5.17e-01	2.60e-01	1.11e-02	6.72e-04	1.77e-05	2.62e-06	1.38e-07	0.00e+00	0.00e+00
 1.52634e+23	4.74e-15	7.38e-07	3.89e-05	2.81e-04	1.97e-02	2.04e-01	5.18e-01	2.47e-01	9.95e-03	5.91e-04	1.50e-05	2.19e-06	0.00e+00	0.00e+00	0.00e+00
 1.54309e+23	6.51e-15	8.87e-07	4.63e-05	3.29e-04	2.18e-02	2.15e-01	5.18e-01	2.36e-01	8.98e-03	5.25e-04	1.28e-05	1.85e-06	0.00e+00	0.00e+00	0.00e+00
 1.55836e+23	8.55e-15	1.05e-06	5.44e-05	3.81e-04	2.40e-02	2.25e-01	5.18e-01	2.25e-01	8.17e-03	4.69e-04	1.11e-05	1.58e-06	0.00e+00	0.00e+00	0.00e+00
 1.57558e+23	1.21e-14	1.30e-06	6.66e-05	4.57e-04	2.70e-02	2.37e-01	5.16e-01	2.12e-01	7.24e-03	4.08e-04	9.20e-06	1.29e-06	0.00e+00	0.00e+00	0.00e+00
 1.59334e+23	1.65e-14	1.57e-06	7.94e-05	5.37e-04	3.00e-02	2.49e-01	5.13e-01	2.00e-01	6.48e-03	3.59e-04	7.79e-06	1.09e-06	0.00e+00	0.00e+00	0.00e+00
 1.60910e+23	2.18e-14	1.86e-06	9.34e-05	6.22e-04	3.29e-02	2.60e-01	5.10e-01	1.90e-01	5.85e-03	3.20e-04	6.68e-06	9.21e-07	0.00e+00	0.00e+00	0.00e+00
 1.62692e+23	3.07e-14	2.31e-06	1.15e-04	7.48e-04	3.70e-02	2.74e-01	5.06e-01	1.77e-01	5.14e-03	2.76e-04	5.50e-06	7.50e-07	0.00e+00	0.00e+00	0.00e+00
 1.64541e+23	4.21e-14	2.79e-06	1.37e-04	8.80e-04	4.10e-02	2.86e-01	5.01e-01	1.66e-01	4.57e-03	2.41e-04	4.61e-06	6.22e-07	0.00e+00	0.00e+00	0.00e+00
 1.66201e+23	5.57e-14	3.33e-06	1.62e-04	1.02e-03	4.50e-02	2.98e-01	4.95e-01	1.57e-01	4.09e-03	2.12e-04	3.91e-06	5.23e-07	0.00e+00	0.00e+00	0.00e+00
 1.68080e+23	8.07e-14	4.17e-06	2.00e-04	1.24e-03	5.07e-02	3.13e-01	4.87e-01	1.45e-01	3.54e-03	1.81e-04	3.16e-06	4.18e-07	0.00e+00	0.00e+00	0.00e+00
 1.70023e+23	1.12e-13	5.05e-06	2.39e-04	1.46e-03	5.60e-02	3.26e-01	4.79e-01	1.35e-01	3.12e-03	1.57e-04	2.63e-06	3.45e-07	0.00e+00	0.00e+00	0.00e+00
 1.72046e+23	1.65e-13	6.40e-06	2.99e-04	1.78e-03	6.33e-02	3.41e-01	4.68e-01	1.23e-01	2.66e-03	1.32e-04	2.09e-06	2.70e-07	0.00e+00	0.00e+00	0.00e+00
 1.74095e+23	2.32e-13	7.76e-06	3.58e-04	2.09e-03	6.98e-02	3.54e-01	4.58e-01	1.14e-01	2.33e-03	1.13e-04	1.72e-06	2.21e-07	0.00e+00	0.00e+00	0.00e+00
 1.75897e+23	3.17e-13	9.35e-06	4.26e-04	2.45e-03	7.67e-02	3.66e-01	4.47e-01	1.05e-01	2.04e-03	9.82e-05	1.43e-06	1.82e-07	0.00e+00	0.00e+00	0.00e+00
 1.77960e+23	4.67e-13	1.18e-05	5.31e-04	2.99e-03	8.62e-02	3.81e-01	4.32e-01	9.51e-02	1.72e-03	8.14e-05	1.12e-06	1.41e-07	0.00e+00	0.00e+00	0.00e+00
 1.80052e+23	6.31e-13	1.43e-05	6.33e-04	3.52e-03	9.48e-02	3.93e-01	4.20e-01	8.71e-02	1.49e-03	6.96e-05	9.12e-07	0.00e+00	0.00e+00	0.00e+00	0.00e+00
 1.82181e+23	9.05e-13	1.82e-05	7.90e-04	4.27e-03	1.06e-01	4.06e-01	4.03e-01	7.81e-02	1.25e-03	5.73e-05	7.09e-07	0.00e+00	0.00e+00	0.00e+00	0.00e+00
 1.84342e+23	1.21e-12	2.21e-05	9.46e-04	5.03e-03	1.16e-01	4.17e-01	3.89e-01	7.10e-02	1.07e-03	4.85e-05	5.73e-07	0.00e+00	0.00e+00	0.00e+00	0.00e+00
 1.86257e+23	1.60e-12	2.68e-05	1.13e-03	5.88e-03	1.27e-01	4.26e-01	3.74e-01	6.45e-02	9.20e-04	4.12e-05	4.64e-07	0.00e+00	0.00e+00	0.00e+00	0.00e+00
 1.88456e+23	2.31e-12	3.42e-05	1.41e-03	7.18e-03	1.42e-01	4.37e-01	3.55e-01	5.68e-02	7.54e-04	3.32e-05	3.52e-07	0.00e+00	0.00e+00	0.00e+00	0.00e+00
 1.90686e+23	3.12e-12	4.15e-05	1.68e-03	8.40e-03	1.55e-01	4.45e-01	3.39e-01	5.11e-02	6.42e-04	2.79e-05	2.82e-07	0.00e+00	0.00e+00	0.00e+00	0.00e+00
 1.92955e+23	4.64e-12	5.31e-05	2.10e-03	1.02e-02	1.72e-01	4.53e-01	3.18e-01	4.44e-02	5.20e-04	2.22e-05	2.11e-07	0.00e+00	0.00e+00	0.00e+00	0.00e+00
 1.95253e+23	6.49e-12	6.47e-05	2.50e-03	1.20e-02	1.87e-01	4.58e-01	3.01e-01	3.96e-02	4.38e-04	1.85e-05	1.67e-07	0.00e+00	0.00e+00	0.00e+00	0.00e+00
 1.97591e+23	1.01e-11	8.32e-05	3.13e-03	1.46e-02	2.06e-01	4.63e-01	2.79e-01	3.39e-02	3.50e-04	1.45e-05	1.23e-07	0.00e+00	0.00e+00	0.00e+00	0.00e+00
 1.99960e+23	1.48e-11	1.02e-04	3.73e-03	1.70e-02	2.23e-01	4.64e-01	2.62e-01	2.99e-02	2.91e-04	1.19e-05	0.00e+00	0.00e+00	0.00e+00	0.00e+00	0.00e+00
 2.02027e+23	2.17e-11	1.23e-04	4.42e-03	1.97e-02	2.40e-01	4.65e-01	2.45e-01	2.64e-02	2.43e-04	9.82e-06	0.00e+00	0.00e+00	0.00e+00	0.00e+00	0.00e+00
 2.04009e+23	3.21e-11	1.48e-04	5.17e-03	2.26e-02	2.56e-01	4.63e-01	2.29e-01	2.33e-02	2.05e-04	8.16e-06	0.00e+00	0.00e+00	0.00e+00	0.00e+00	0.00e+00
 2.05897e+23	4.79e-11	1.76e-04	5.99e-03	2.57e-02	2.72e-01	4.61e-01	2.15e-01	2.07e-02	1.73e-04	6.81e-06	0.00e+00	0.00e+00	0.00e+00	0.00e+00	0.00e+00
 2.08026e+23	8.29e-11	2.19e-04	7.23e-03	3.02e-02	2.92e-01	4.56e-01	1.97e-01	1.77e-02	1.39e-04	5.39e-06	0.00e+00	0.00e+00	0.00e+00	0.00e+00	0.00e+00
 2.10151e+23	1.37e-10	2.60e-04	8.37e-03	3.42e-02	3.09e-01	4.50e-01	1.83e-01	1.55e-02	1.17e-04	4.46e-06	0.00e+00	0.00e+00	0.00e+00	0.00e+00	0.00e+00
 2.12272e+23	2.66e-10	3.23e-04	1.00e-02	3.99e-02	3.29e-01	4.41e-01	1.66e-01	1.32e-02	9.34e-05	3.50e-06	0.00e+00	0.00e+00	0.00e+00	0.00e+00	0.00e+00
 2.14432e+23	5.32e-10	3.86e-04	1.16e-02	4.51e-02	3.46e-01	4.33e-01	1.52e-01	1.14e-02	7.73e-05	2.86e-06	0.00e+00	0.00e+00	0.00e+00	0.00e+00	0.00e+00
 2.16642e+23	1.00e-09	4.82e-04	1.40e-02	5.25e-02	3.67e-01	4.20e-01	1.37e-01	9.53e-03	6.09e-05	2.20e-06	0.00e+00	0.00e+00	0.00e+00	0.00e+00	0.00e+00
 2.18870e+23	1.72e-09	5.76e-04	1.61e-02	5.91e-02	3.84e-01	4.08e-01	1.24e-01	8.18e-03	4.99e-05	1.78e-06	0.00e+00	0.00e+00	0.00e+00	0.00e+00	0.00e+00
 2.21122e+23	2.83e-09	7.20e-04	1.93e-02	6.83e-02	4.03e-01	3.92e-01	1.10e-01	6.73e-03	3.88e-05	1.35e-06	0.00e+00	0.00e+00	0.00e+00	0.00e+00	0.00e+00
 2.23402e+23	4.14e-09	8.62e-04	2.23e-02	7.66e-02	4.19e-01	3.77e-01	9.87e-02	5.70e-03	3.14e-05	1.07e-06	0.00e+00	0.00e+00	0.00e+00	0.00e+00	0.00e+00
 2.25230e+23	5.46e-09	9.98e-04	2.50e-02	8.39e-02	4.31e-01	3.64e-01	9.02e-02	4.96e-03	2.63e-05	8.87e-07	0.00e+00	0.00e+00	0.00e+00	0.00e+00	0.00e+00
 2.27117e+23	7.47e-09	1.19e-03	2.88e-02	9.35e-02	4.44e-01	3.48e-01	8.05e-02	4.18e-03	2.12e-05	7.00e-07	0.00e+00	0.00e+00	0.00e+00	0.00e+00	0.00e+00
 2.29049e+23	9.61e-09	1.39e-03	3.23e-02	1.02e-01	4.54e-01	3.34e-01	7.28e-02	3.59e-03	1.76e-05	5.71e-07	0.00e+00	0.00e+00	0.00e+00	0.00e+00	0.00e+00
 2.30770e+23	1.21e-08	1.60e-03	3.61e-02	1.11e-01	4.63e-01	3.19e-01	6.58e-02	3.09e-03	1.46e-05	4.66e-07	0.00e+00	0.00e+00	0.00e+00	0.00e+00	0.00e+00
 2.32741e+23	1.60e-08	1.92e-03	4.14e-02	1.23e-01	4.73e-01	3.01e-01	5.76e-02	2.55e-03	1.15e-05	3.60e-07	0.00e+00	0.00e+00	0.00e+00	0.00e+00	0.00e+00
 2.34735e+23	1.99e-08	2.24e-03	4.63e-02	1.34e-01	4.79e-01	2.85e-01	5.14e-02	2.16e-03	9.43e-06	2.89e-07	0.00e+00	0.00e+00	0.00e+00	0.00e+00	0.00e+00
 2.36485e+23	2.45e-08	2.58e-03	5.14e-02	1.44e-01	4.84e-01	2.70e-01	4.58e-02	1.84e-03	7.74e-06	2.33e-07	0.00e+00	0.00e+00	0.00e+00	0.00e+00	0.00e+00
 2.38486e+23	3.15e-08	3.09e-03	5.86e-02	1.58e-01	4.89e-01	2.50e-01	3.96e-02	1.49e-03	6.03e-06	1.77e-07	0.00e+00	0.00e+00	0.00e+00	0.00e+00	0.00e+00
 2.40515e+23	3.86e-08	3.58e-03	6.52e-02	1.70e-01	4.91e-01	2.35e-01	3.48e-02	1.25e-03	4.87e-06	1.40e-07	0.00e+00	0.00e+00	0.00e+00	0.00e+00	0.00e+00
 2.42299e+23	4.68e-08	4.12e-03	7.20e-02	1.82e-01	4.91e-01	2.19e-01	3.06e-02	1.05e-03	3.95e-06	0.00e+00	0.00e+00	0.00e+00	0.00e+00	0.00e+00	0.00e+00
 2.44338e+23	5.93e-08	4.91e-03	8.14e-02	1.97e-01	4.89e-01	2.01e-01	2.60e-02	8.35e-04	3.03e-06	0.00e+00	0.00e+00	0.00e+00	0.00e+00	0.00e+00	0.00e+00
 2.46411e+23	7.19e-08	5.68e-03	8.99e-02	2.10e-01	4.86e-01	1.85e-01	2.25e-02	6.87e-04	2.41e-06	0.00e+00	0.00e+00	0.00e+00	0.00e+00	0.00e+00	0.00e+00
 2.48249e+23	8.65e-08	6.52e-03	9.87e-02	2.23e-01	4.81e-01	1.71e-01	1.95e-02	5.66e-04	1.93e-06	0.00e+00	0.00e+00	0.00e+00	0.00e+00	0.00e+00	0.00e+00
 2.50357e+23	1.09e-07	7.75e-03	1.11e-01	2.39e-01	4.73e-01	1.53e-01	1.62e-02	4.42e-04	1.45e-06	0.00e+00	0.00e+00	0.00e+00	0.00e+00	0.00e+00	0.00e+00
 2.52502e+23	1.31e-07	8.93e-03	1.22e-01	2.52e-01	4.64e-01	1.40e-01	1.38e-02	3.57e-04	1.13e-06	0.00e+00	0.00e+00	0.00e+00	0.00e+00	0.00e+00	0.00e+00
 2.54692e+23	1.64e-07	1.06e-02	1.36e-01	2.68e-01	4.51e-01	1.23e-01	1.12e-02	2.73e-04	8.33e-07	0.00e+00	0.00e+00	0.00e+00	0.00e+00	0.00e+00	0.00e+00
 2.56908e+23	1.98e-07	1.22e-02	1.48e-01	2.80e-01	4.39e-01	1.11e-01	9.41e-03	2.17e-04	6.41e-07	0.00e+00	0.00e+00	0.00e+00	0.00e+00	0.00e+00	0.00e+00
 2.59159e+23	2.48e-07	1.45e-02	1.64e-01	2.95e-01	4.21e-01	9.67e-02	7.53e-03	1.63e-04	4.64e-07	0.00e+00	0.00e+00	0.00e+00	0.00e+00	0.00e+00	0.00e+00
 2.61450e+23	2.98e-07	1.66e-02	1.79e-01	3.07e-01	4.06e-01	8.58e-02	6.22e-03	1.28e-04	3.52e-07	0.00e+00	0.00e+00	0.00e+00	0.00e+00	0.00e+00	0.00e+00
 2.63795e+23	3.73e-07	1.97e-02	1.97e-01	3.20e-01	3.85e-01	7.34e-02	4.87e-03	9.39e-05	2.48e-07	0.00e+00	0.00e+00	0.00e+00	0.00e+00	0.00e+00	0.00e+00
 2.66174e+23	4.50e-07	2.26e-02	2.13e-01	3.30e-01	3.67e-01	6.41e-02	3.94e-03	7.20e-05	1.84e-07	0.00e+00	0.00e+00	0.00e+00	0.00e+00	0.00e+00	0.00e+00
 2.68277e+23	5.36e-07	2.57e-02	2.28e-01	3.38e-01	3.49e-01	5.61e-02	3.21e-03	5.57e-05	1.38e-07	0.00e+00	0.00e+00	0.00e+00	0.00e+00	0.00e+00	0.00e+00
 2.70689e+23	6.70e-07	3.04e-02	2.49e-01	3.47e-01	3.25e-01	4.68e-02	2.44e-03	3.97e-05	0.00e+00	0.00e+00	0.00e+00	0.00e+00	0.00e+00	0.00e+00	0.00e+00
 2.72799e+23	7.55e-07	3.31e-02	2.60e-01	3.51e-01	3.12e-01	4.23e-02	2.10e-03	3.29e-05	0.00e+00	0.00e+00	0.00e+00	0.00e+00	0.00e+00	0.00e+00	0.00e+00
 2.74516e+23	8.83e-07	3.71e-02	2.75e-01	3.55e-01	2.94e-01	3.69e-02	1.71e-03	2.57e-05	0.00e+00	0.00e+00	0.00e+00	0.00e+00	0.00e+00	0.00e+00	0.00e+00
 2.76283e+23	1.00e-06	4.05e-02	2.87e-01	3.57e-01	2.80e-01	3.30e-02	1.45e-03	2.09e-05	0.00e+00	0.00e+00	0.00e+00	0.00e+00	0.00e+00	0.00e+00	0.00e+00
 2.78117e+23	1.17e-06	4.54e-02	3.03e-01	3.60e-01	2.63e-01	2.85e-02	1.17e-03	1.61e-05	0.00e+00	0.00e+00	0.00e+00	0.00e+00	0.00e+00	0.00e+00	0.00e+00
 2.79987e+23	1.33e-06	4.98e-02	3.15e-01	3.61e-01	2.48e-01	2.51e-02	9.70e-04	1.29e-05	0.00e+00	0.00e+00	0.00e+00	0.00e+00	0.00e+00	0.00e+00	0.00e+00
 2.81904e+23	1.56e-06	5.57e-02	3.31e-01	3.61e-01	2.31e-01	2.14e-02	7.71e-04	9.77e-06	0.00e+00	0.00e+00	0.00e+00	0.00e+00	0.00e+00	0.00e+00	0.00e+00
 2.83848e+23	1.78e-06	6.11e-02	3.44e-01	3.59e-01	2.16e-01	1.87e-02	6.34e-04	7.72e-06	0.00e+00	0.00e+00	0.00e+00	0.00e+00	0.00e+00	0.00e+00	0.00e+00
 2.85559e+23	2.02e-06	6.68e-02	3.56e-01	3.58e-01	2.03e-01	1.64e-02	5.23e-04	6.14e-06	0.00e+00	0.00e+00	0.00e+00	0.00e+00	0.00e+00	0.00e+00	0.00e+00
 2.87516e+23	2.37e-06	7.44e-02	3.71e-01	3.54e-01	1.87e-01	1.38e-02	4.09e-04	4.59e-06	0.00e+00	0.00e+00	0.00e+00	0.00e+00	0.00e+00	0.00e+00	0.00e+00
 2.89511e+23	2.70e-06	8.15e-02	3.82e-01	3.50e-01	1.74e-01	1.19e-02	3.33e-04	3.59e-06	0.00e+00	0.00e+00	0.00e+00	0.00e+00	0.00e+00	0.00e+00	0.00e+00
 2.91554e+23	3.16e-06	9.08e-02	3.97e-01	3.44e-01	1.58e-01	9.87e-03	2.56e-04	2.63e-06	0.00e+00	0.00e+00	0.00e+00	0.00e+00	0.00e+00	0.00e+00	0.00e+00
 2.93618e+23	3.63e-06	9.96e-02	4.08e-01	3.38e-01	1.46e-01	8.42e-03	2.05e-04	2.03e-06	0.00e+00	0.00e+00	0.00e+00	0.00e+00	0.00e+00	0.00e+00	0.00e+00
 2.95430e+23	4.11e-06	1.08e-01	4.18e-01	3.32e-01	1.35e-01	7.23e-03	1.66e-04	1.58e-06	0.00e+00	0.00e+00	0.00e+00	0.00e+00	0.00e+00	0.00e+00	0.00e+00
 2.97506e+23	4.82e-06	1.20e-01	4.30e-01	3.23e-01	1.21e-01	5.90e-03	1.25e-04	1.14e-06	0.00e+00	0.00e+00	0.00e+00	0.00e+00	0.00e+00	0.00e+00	0.00e+00
 2.99613e+23	5.51e-06	1.32e-01	4.38e-01	3.14e-01	1.11e-01	4.98e-03	9.93e-05	8.71e-07	0.00e+00	0.00e+00	0.00e+00	0.00e+00	0.00e+00	0.00e+00	0.00e+00
 3.01762e+23	6.49e-06	1.47e-01	4.48e-01	3.03e-01	9.84e-02	4.00e-03	7.36e-05	6.16e-07	0.00e+00	0.00e+00	0.00e+00	0.00e+00	0.00e+00	0.00e+00	0.00e+00
 3.03893e+23	7.40e-06	1.60e-01	4.54e-01	2.93e-01	8.95e-02	3.36e-03	5.83e-05	4.69e-07	0.00e+00	0.00e+00	0.00e+00	0.00e+00	0.00e+00	0.00e+00	0.00e+00
 3.05709e+23	8.31e-06	1.72e-01	4.60e-01	2.84e-01	8.17e-02	2.85e-03	4.67e-05	3.63e-07	0.00e+00	0.00e+00	0.00e+00	0.00e+00	0.00e+00	0.00e+00	0.00e+00
 3.07588e+23	9.50e-06	1.88e-01	4.64e-01	2.72e-01	7.35e-02	2.35e-03	3.62e-05	2.71e-07	0.00e+00	0.00e+00	0.00e+00	0.00e+00	0.00e+00	0.00e+00	0.00e+00
