#depth	O	O+	O+2	O+3	O+4	O+5	O+6	O+7	O+8	O[1]	O[2]	O[3]
 1.54284e+22	7.95e-18	5.71e-13	1.57e-09	3.97e-07	2.12e-05	4.35e-04	5.29e-02	3.65e-01	5.82e-01	0.00e+00	0.00e+00	0.00e+00
 3.45111e+22	6.20e-17	3.42e-12	7.33e-09	1.45e-06	5.95e-05	9.04e-04	8.12e-02	4.18e-01	4.99e-01	6.20e-17	1.73e-27	1.84e-27
 3.99926e+22	1.54e-16	7.55e-12	1.45e-08	2.56e-06	9.37e-05	1.25e-03	9.77e-02	4.40e-01	4.60e-01	1.54e-16	2.92e-25	3.68e-25
 4.28530e+22	2.54e-16	1.17e-11	2.11e-08	3.51e-06	1.21e-04	1.49e-03	1.08e-01	4.52e-01	4.38e-01	2.54e-16	4.82e-25	6.07e-25
 4.43321e+22	3.16e-16	1.41e-11	2.48e-08	4.02e-06	1.34e-04	1.60e-03	1.13e-01	4.56e-01	4.29e-01	3.16e-16	5.99e-25	7.54e-25
 4.53576e+22	4.15e-16	1.79e-11	3.04e-08	4.78e-06	1.54e-04	1.77e-03	1.19e-01	4.62e-01	4.17e-01	4.15e-16	7.88e-25	9.92e-25
 4.64511e+22	5.31e-16	2.22e-11	3.66e-08	5.57e-06	1.74e-04	1.93e-03	1.25e-01	4.67e-01	4.06e-01	5.31e-16	1.01e-24	1.27e-24
 4.76330e+22	7.22e-16	2.90e-11	4.61e-08	6.77e-06	2.04e-04	2.15e-03	1.33e-01	4.73e-01	3.92e-01	7.22e-16	1.37e-24	1.72e-24
 4.87583e+22	9.02e-16	3.53e-11	5.44e-08	7.79e-06	2.28e-04	2.32e-03	1.39e-01	4.77e-01	3.82e-01	9.02e-16	1.71e-24	2.15e-24
 4.96630e+22	1.11e-15	4.24e-11	6.38e-08	8.90e-06	2.54e-04	2.50e-03	1.45e-01	4.81e-01	3.72e-01	1.11e-15	2.11e-24	2.66e-24
 5.06922e+22	1.47e-15	5.38e-11	7.84e-08	1.06e-05	2.92e-04	2.76e-03	1.52e-01	4.85e-01	3.59e-01	1.47e-15	2.78e-24	3.50e-24
 5.17356e+22	1.82e-15	6.49e-11	9.21e-08	1.21e-05	3.26e-04	2.98e-03	1.59e-01	4.88e-01	3.50e-01	1.82e-15	3.44e-24	4.33e-24
 5.27972e+22	2.41e-15	8.29e-11	1.14e-07	1.45e-05	3.77e-04	3.30e-03	1.68e-01	4.92e-01	3.37e-01	2.41e-15	4.56e-24	5.74e-24
 5.38704e+22	2.99e-15	1.00e-10	1.34e-07	1.67e-05	4.22e-04	3.57e-03	1.75e-01	4.95e-01	3.27e-01	2.99e-15	5.67e-24	7.13e-24
 5.49584e+22	3.98e-15	1.29e-10	1.67e-07	2.01e-05	4.90e-04	3.96e-03	1.85e-01	4.98e-01	3.13e-01	3.98e-15	7.54e-24	9.49e-24
 5.60597e+22	4.96e-15	1.56e-10	1.97e-07	2.31e-05	5.50e-04	4.29e-03	1.93e-01	5.00e-01	3.03e-01	4.96e-15	9.39e-24	1.18e-23
 5.71783e+22	6.61e-15	2.00e-10	2.45e-07	2.79e-05	6.40e-04	4.78e-03	2.03e-01	5.02e-01	2.89e-01	6.61e-15	1.25e-23	1.57e-23
 5.83193e+22	8.31e-15	2.44e-10	2.91e-07	3.24e-05	7.23e-04	5.20e-03	2.12e-01	5.03e-01	2.78e-01	8.31e-15	1.57e-23	1.98e-23
 5.94893e+22	1.11e-14	3.16e-10	3.64e-07	3.93e-05	8.48e-04	5.81e-03	2.25e-01	5.04e-01	2.64e-01	1.11e-14	2.11e-23	2.65e-23
 6.06836e+22	1.41e-14	3.87e-10	4.36e-07	4.59e-05	9.64e-04	6.36e-03	2.35e-01	5.04e-01	2.53e-01	1.41e-14	2.66e-23	3.35e-23
 6.19050e+22	1.89e-14	5.01e-10	5.47e-07	5.59e-05	1.14e-03	7.13e-03	2.49e-01	5.04e-01	2.39e-01	1.89e-14	3.58e-23	4.50e-23
 6.31363e+22	2.37e-14	6.12e-10	6.53e-07	6.53e-05	1.29e-03	7.81e-03	2.60e-01	5.03e-01	2.28e-01	2.37e-14	4.49e-23	5.65e-23
 6.41713e+22	2.91e-14	7.32e-10	7.65e-07	7.50e-05	1.45e-03	8.47e-03	2.70e-01	5.01e-01	2.18e-01	2.91e-14	5.51e-23	6.92e-23
 6.52877e+22	3.73e-14	9.12e-10	9.32e-07	8.93e-05	1.68e-03	9.40e-03	2.84e-01	4.99e-01	2.06e-01	3.73e-14	7.07e-23	8.88e-23
 6.64170e+22	4.55e-14	1.09e-09	1.09e-06	1.03e-04	1.89e-03	1.02e-02	2.95e-01	4.96e-01	1.96e-01	4.55e-14	8.62e-23	1.08e-22
 6.75207e+22	5.70e-14	1.33e-09	1.31e-06	1.21e-04	2.17e-03	1.13e-02	3.09e-01	4.93e-01	1.85e-01	5.70e-14	1.08e-22	1.36e-22
 6.86472e+22	6.92e-14	1.57e-09	1.53e-06	1.39e-04	2.45e-03	1.23e-02	3.21e-01	4.89e-01	1.75e-01	6.92e-14	1.31e-22	1.65e-22
 6.97516e+22	8.49e-14	1.89e-09	1.81e-06	1.62e-04	2.79e-03	1.35e-02	3.34e-01	4.84e-01	1.65e-01	8.49e-14	1.61e-22	2.02e-22
 7.08781e+22	1.02e-13	2.23e-09	2.11e-06	1.86e-04	3.16e-03	1.47e-02	3.47e-01	4.79e-01	1.56e-01	1.02e-13	1.94e-22	2.43e-22
 7.19942e+22	1.23e-13	2.63e-09	2.46e-06	2.15e-04	3.57e-03	1.61e-02	3.61e-01	4.73e-01	1.46e-01	1.23e-13	2.33e-22	2.93e-22
 7.31159e+22	1.46e-13	3.07e-09	2.85e-06	2.46e-04	4.02e-03	1.75e-02	3.74e-01	4.67e-01	1.38e-01	1.46e-13	2.77e-22	3.48e-22
 7.42251e+22	1.72e-13	3.56e-09	3.28e-06	2.81e-04	4.52e-03	1.91e-02	3.87e-01	4.60e-01	1.29e-01	1.72e-13	3.27e-22	4.10e-22
 7.53325e+22	2.01e-13	4.11e-09	3.76e-06	3.20e-04	5.06e-03	2.07e-02	4.00e-01	4.53e-01	1.21e-01	2.01e-13	3.82e-22	4.79e-22
 7.64422e+22	2.33e-13	4.71e-09	4.29e-06	3.63e-04	5.66e-03	2.25e-02	4.13e-01	4.45e-01	1.13e-01	2.33e-13	4.43e-22	5.55e-22
 7.75566e+22	2.69e-13	5.36e-09	4.89e-06	4.11e-04	6.32e-03	2.44e-02	4.26e-01	4.37e-01	1.06e-01	2.69e-13	5.10e-22	6.40e-22
 7.86782e+22	3.08e-13	6.09e-09	5.54e-06	4.64e-04	7.04e-03	2.64e-02	4.39e-01	4.28e-01	9.91e-02	3.08e-13	5.85e-22	7.33e-22
 7.98104e+22	3.50e-13	6.87e-09	6.26e-06	5.23e-04	7.82e-03	2.86e-02	4.51e-01	4.19e-01	9.24e-02	3.50e-13	6.66e-22	8.34e-22
 8.09564e+22	3.96e-13	7.73e-09	7.06e-06	5.89e-04	8.69e-03	3.09e-02	4.64e-01	4.10e-01	8.60e-02	3.96e-13	7.54e-22	9.44e-22
 8.21085e+22	4.46e-13	8.65e-09	7.93e-06	6.61e-04	9.61e-03	3.33e-02	4.76e-01	4.01e-01	8.00e-02	4.46e-13	8.48e-22	1.06e-21
 8.32796e+22	5.00e-13	9.67e-09	8.91e-06	7.42e-04	1.06e-02	3.60e-02	4.88e-01	3.90e-01	7.41e-02	5.00e-13	9.51e-22	1.19e-21
 8.44649e+22	5.56e-13	1.07e-08	9.96e-06	8.30e-04	1.17e-02	3.88e-02	5.00e-01	3.80e-01	6.87e-02	5.56e-13	1.06e-21	1.33e-21
 8.56736e+22	6.19e-13	1.19e-08	1.12e-05	9.31e-04	1.30e-02	4.18e-02	5.11e-01	3.69e-01	6.34e-02	6.19e-13	1.18e-21	1.48e-21
 8.67983e+22	6.74e-13	1.30e-08	1.22e-05	1.02e-03	1.40e-02	4.44e-02	5.21e-01	3.61e-01	5.94e-02	6.74e-13	1.28e-21	1.61e-21
 8.79553e+22	7.45e-13	1.44e-08	1.37e-05	1.15e-03	1.55e-02	4.80e-02	5.32e-01	3.49e-01	5.45e-02	7.45e-13	1.42e-21	1.78e-21
 8.91327e+22	8.08e-13	1.57e-08	1.50e-05	1.26e-03	1.68e-02	5.09e-02	5.40e-01	3.40e-01	5.09e-02	8.08e-13	1.54e-21	1.93e-21
 9.03413e+22	8.87e-13	1.73e-08	1.68e-05	1.41e-03	1.85e-02	5.50e-02	5.51e-01	3.27e-01	4.64e-02	8.87e-13	1.69e-21	2.12e-21
 9.15559e+22	9.62e-13	1.88e-08	1.83e-05	1.55e-03	1.99e-02	5.81e-02	5.59e-01	3.18e-01	4.33e-02	9.62e-13	1.84e-21	2.30e-21
 9.27781e+22	1.05e-12	2.07e-08	2.05e-05	1.73e-03	2.19e-02	6.25e-02	5.68e-01	3.06e-01	3.94e-02	1.05e-12	2.02e-21	2.52e-21
 9.40082e+22	1.14e-12	2.24e-08	2.24e-05	1.89e-03	2.35e-02	6.60e-02	5.75e-01	2.97e-01	3.66e-02	1.14e-12	2.18e-21	2.72e-21
 9.52484e+22	1.24e-12	2.47e-08	2.49e-05	2.12e-03	2.57e-02	7.08e-02	5.83e-01	2.85e-01	3.33e-02	1.24e-12	2.38e-21	2.97e-21
 9.64993e+22	1.33e-12	2.68e-08	2.72e-05	2.31e-03	2.76e-02	7.47e-02	5.89e-01	2.76e-01	3.09e-02	1.33e-12	2.56e-21	3.20e-21
 9.77644e+22	1.45e-12	2.95e-08	3.04e-05	2.58e-03	3.01e-02	7.99e-02	5.95e-01	2.64e-01	2.80e-02	1.45e-12	2.79e-21	3.49e-21
 9.90457e+22	1.57e-12	3.19e-08	3.32e-05	2.82e-03	3.21e-02	8.41e-02	6.00e-01	2.55e-01	2.59e-02	1.57e-12	3.01e-21	3.76e-21
 1.00348e+23	1.71e-12	3.52e-08	3.71e-05	3.16e-03	3.50e-02	8.98e-02	6.06e-01	2.43e-01	2.34e-02	1.71e-12	3.29e-21	4.10e-21
 1.01673e+23	1.84e-12	3.83e-08	4.07e-05	3.45e-03	3.74e-02	9.44e-02	6.09e-01	2.34e-01	2.15e-02	1.84e-12	3.55e-21	4.43e-21
 1.03026e+23	2.02e-12	4.25e-08	4.57e-05	3.87e-03	4.07e-02	1.01e-01	6.13e-01	2.22e-01	1.93e-02	2.02e-12	3.90e-21	4.86e-21
 1.04408e+23	2.19e-12	4.65e-08	5.03e-05	4.24e-03	4.35e-02	1.06e-01	6.15e-01	2.13e-01	1.77e-02	2.19e-12	4.23e-21	5.28e-21
 1.05828e+23	2.41e-12	5.20e-08	5.68e-05	4.77e-03	4.72e-02	1.13e-01	6.18e-01	2.02e-01	1.58e-02	2.41e-12	4.67e-21	5.82e-21
 1.07284e+23	2.64e-12	5.73e-08	6.30e-05	5.25e-03	5.05e-02	1.18e-01	6.19e-01	1.93e-01	1.44e-02	2.64e-12	5.11e-21	6.37e-21
 1.08506e+23	2.85e-12	6.24e-08	6.88e-05	5.70e-03	5.34e-02	1.23e-01	6.19e-01	1.85e-01	1.33e-02	2.85e-12	5.53e-21	6.89e-21
 1.09818e+23	3.13e-12	6.95e-08	7.71e-05	6.33e-03	5.74e-02	1.30e-01	6.19e-01	1.75e-01	1.19e-02	3.13e-12	6.08e-21	7.58e-21
 1.11153e+23	3.40e-12	7.62e-08	8.47e-05	6.89e-03	6.08e-02	1.36e-01	6.18e-01	1.68e-01	1.10e-02	3.40e-12	6.62e-21	8.25e-21
 1.12312e+23	3.67e-12	8.30e-08	9.26e-05	7.46e-03	6.40e-02	1.41e-01	6.16e-01	1.61e-01	1.01e-02	3.67e-12	7.16e-21	8.91e-21
 1.13610e+23	4.04e-12	9.25e-08	1.04e-04	8.26e-03	6.85e-02	1.48e-01	6.14e-01	1.52e-01	9.06e-03	4.04e-12	7.89e-21	9.82e-21
 1.14906e+23	4.42e-12	1.02e-07	1.14e-04	8.94e-03	7.20e-02	1.53e-01	6.12e-01	1.46e-01	8.36e-03	4.42e-12	8.66e-21	1.08e-20
 1.16199e+23	4.88e-12	1.14e-07	1.27e-04	9.87e-03	7.68e-02	1.60e-01	6.08e-01	1.38e-01	7.49e-03	4.88e-12	9.59e-21	1.19e-20
 1.17510e+23	5.38e-12	1.26e-07	1.40e-04	1.07e-02	8.07e-02	1.66e-01	6.04e-01	1.31e-01	6.88e-03	5.38e-12	1.06e-20	1.32e-20
 1.18845e+23	6.01e-12	1.42e-07	1.58e-04	1.18e-02	8.60e-02	1.73e-01	5.99e-01	1.24e-01	6.15e-03	6.01e-12	1.18e-20	1.47e-20
 1.20203e+23	6.69e-12	1.59e-07	1.75e-04	1.28e-02	9.05e-02	1.79e-01	5.94e-01	1.18e-01	5.63e-03	6.69e-12	1.32e-20	1.64e-20
 1.21591e+23	7.52e-12	1.81e-07	1.98e-04	1.42e-02	9.63e-02	1.87e-01	5.87e-01	1.10e-01	4.99e-03	7.52e-12	1.49e-20	1.85e-20
 1.23000e+23	8.46e-12	2.03e-07	2.20e-04	1.55e-02	1.01e-01	1.92e-01	5.81e-01	1.05e-01	4.55e-03	8.46e-12	1.68e-20	2.09e-20
 1.24438e+23	9.61e-12	2.34e-07	2.51e-04	1.72e-02	1.08e-01	2.01e-01	5.73e-01	9.74e-02	4.00e-03	9.61e-12	1.92e-20	2.38e-20
 1.25908e+23	1.09e-11	2.65e-07	2.81e-04	1.87e-02	1.13e-01	2.07e-01	5.65e-01	9.21e-02	3.63e-03	1.09e-11	2.18e-20	2.70e-20
 1.27420e+23	1.26e-11	3.09e-07	3.23e-04	2.09e-02	1.21e-01	2.15e-01	5.55e-01	8.53e-02	3.17e-03	1.26e-11	2.53e-20	3.14e-20
 1.28971e+23	1.44e-11	3.53e-07	3.63e-04	2.28e-02	1.27e-01	2.21e-01	5.46e-01	8.01e-02	2.85e-03	1.44e-11	2.90e-20	3.60e-20
 1.30573e+23	1.71e-11	4.19e-07	4.21e-04	2.55e-02	1.35e-01	2.29e-01	5.33e-01	7.37e-02	2.47e-03	1.71e-11	3.45e-20	4.27e-20
 1.32194e+23	1.98e-11	4.83e-07	4.75e-04	2.79e-02	1.42e-01	2.35e-01	5.23e-01	6.90e-02	2.21e-03	1.98e-11	4.01e-20	4.97e-20
 1.33838e+23	2.36e-11	5.77e-07	5.54e-04	3.13e-02	1.51e-01	2.43e-01	5.09e-01	6.31e-02	1.90e-03	2.36e-11	4.81e-20	5.95e-20
 1.35500e+23	2.76e-11	6.69e-07	6.27e-04	3.42e-02	1.59e-01	2.49e-01	4.97e-01	5.88e-02	1.69e-03	2.76e-11	5.65e-20	6.99e-20
 1.37186e+23	3.34e-11	8.07e-07	7.34e-04	3.82e-02	1.69e-01	2.56e-01	4.81e-01	5.35e-02	1.44e-03	3.34e-11	6.88e-20	8.51e-20
 1.38831e+23	3.90e-11	9.31e-07	8.24e-04	4.15e-02	1.76e-01	2.61e-01	4.70e-01	5.00e-02	1.29e-03	3.90e-11	8.07e-20	9.97e-20
 1.40424e+23	4.71e-11	1.11e-06	9.55e-04	4.60e-02	1.86e-01	2.67e-01	4.54e-01	4.55e-02	1.11e-03	4.71e-11	9.78e-20	1.21e-19
 1.42075e+23	5.59e-11	1.30e-06	1.08e-03	5.01e-02	1.94e-01	2.71e-01	4.41e-01	4.21e-02	9.79e-04	5.59e-11	1.17e-19	1.44e-19
 1.43485e+23	6.47e-11	1.49e-06	1.20e-03	5.39e-02	2.01e-01	2.75e-01	4.29e-01	3.93e-02	8.76e-04	6.47e-11	1.36e-19	1.67e-19
 1.45000e+23	7.80e-11	1.77e-06	1.38e-03	5.92e-02	2.11e-01	2.79e-01	4.13e-01	3.58e-02	7.55e-04	7.80e-11	1.65e-19	2.03e-19
 1.46520e+23	9.08e-11	2.03e-06	1.54e-03	6.37e-02	2.18e-01	2.82e-01	4.00e-01	3.33e-02	6.72e-04	9.08e-11	1.93e-19	2.37e-19
 1.48047e+23	1.10e-10	2.41e-06	1.76e-03	6.96e-02	2.28e-01	2.85e-01	3.85e-01	3.03e-02	5.82e-04	1.10e-10	2.35e-19	2.90e-19
 1.49633e+23	1.31e-10	2.81e-06	1.99e-03	7.53e-02	2.36e-01	2.88e-01	3.71e-01	2.78e-02	5.08e-04	1.31e-10	2.80e-19	3.45e-19
 1.51047e+23	1.54e-10	3.24e-06	2.22e-03	8.08e-02	2.44e-01	2.89e-01	3.58e-01	2.57e-02	4.50e-04	1.54e-10	3.32e-19	4.09e-19
 1.52634e+23	1.89e-10	3.87e-06	2.54e-03	8.82e-02	2.54e-01	2.91e-01	3.41e-01	2.32e-02	3.85e-04	1.89e-10	4.11e-19	5.06e-19
 1.54309e+23	2.29e-10	4.56e-06	2.88e-03	9.55e-02	2.62e-01	2.92e-01	3.26e-01	2.11e-02	3.33e-04	2.29e-10	5.01e-19	6.15e-19
 1.55836e+23	2.74e-10	5.31e-06	3.23e-03	1.03e-01	2.70e-01	2.92e-01	3.12e-01	1.93e-02	2.90e-04	2.74e-10	6.03e-19	7.40e-19
 1.57558e+23	3.44e-10	6.44e-06	3.73e-03	1.12e-01	2.81e-01	2.91e-01	2.95e-01	1.71e-02	2.43e-04	3.44e-10	7.65e-19	9.38e-19
 1.59334e+23	4.20e-10	7.61e-06	4.23e-03	1.21e-01	2.89e-01	2.90e-01	2.80e-01	1.54e-02	2.08e-04	4.20e-10	9.42e-19	1.15e-18
 1.60910e+23	5.08e-10	8.90e-06	4.75e-03	1.30e-01	2.97e-01	2.89e-01	2.66e-01	1.39e-02	1.79e-04	5.08e-10	1.15e-18	1.41e-18
 1.62692e+23	6.45e-10	1.08e-05	5.48e-03	1.42e-01	3.06e-01	2.86e-01	2.48e-01	1.23e-02	1.48e-04	6.45e-10	1.47e-18	1.80e-18
 1.64541e+23	7.99e-10	1.29e-05	6.21e-03	1.52e-01	3.14e-01	2.83e-01	2.34e-01	1.09e-02	1.25e-04	7.99e-10	1.84e-18	2.25e-18
 1.66201e+23	9.77e-10	1.51e-05	6.98e-03	1.63e-01	3.21e-01	2.79e-01	2.20e-01	9.76e-03	1.06e-04	9.77e-10	2.27e-18	2.78e-18
 1.68080e+23	1.27e-09	1.86e-05	8.08e-03	1.77e-01	3.29e-01	2.74e-01	2.03e-01	8.44e-03	8.60e-05	1.27e-09	2.98e-18	3.64e-18
 1.70023e+23	1.58e-09	2.21e-05	9.14e-03	1.90e-01	3.35e-01	2.69e-01	1.89e-01	7.43e-03	7.16e-05	1.58e-09	3.76e-18	4.59e-18
 1.72046e+23	2.09e-09	2.74e-05	1.06e-02	2.07e-01	3.42e-01	2.61e-01	1.72e-01	6.31e-03	5.67e-05	2.09e-09	5.04e-18	6.14e-18
 1.74095e+23	2.62e-09	3.27e-05	1.20e-02	2.21e-01	3.47e-01	2.55e-01	1.59e-01	5.50e-03	4.67e-05	2.62e-09	6.42e-18	7.81e-18
 1.75897e+23	3.28e-09	3.87e-05	1.35e-02	2.35e-01	3.51e-01	2.48e-01	1.47e-01	4.80e-03	3.86e-05	3.28e-09	8.11e-18	9.86e-18
 1.77960e+23	4.36e-09	4.81e-05	1.57e-02	2.54e-01	3.56e-01	2.38e-01	1.33e-01	4.02e-03	3.00e-05	4.36e-09	1.10e-17	1.33e-17
 1.80052e+23	5.50e-09	5.72e-05	1.77e-02	2.70e-01	3.58e-01	2.30e-01	1.21e-01	3.46e-03	2.44e-05	5.50e-09	1.40e-17	1.70e-17
 1.82181e+23	7.35e-09	7.09e-05	2.04e-02	2.90e-01	3.60e-01	2.19e-01	1.08e-01	2.87e-03	1.88e-05	7.35e-09	1.91e-17	2.32e-17
 1.84342e+23	9.34e-09	8.46e-05	2.29e-02	3.07e-01	3.60e-01	2.10e-01	9.81e-02	2.44e-03	1.50e-05	9.34e-09	2.47e-17	2.99e-17
 1.86257e+23	1.18e-08	1.00e-04	2.57e-02	3.23e-01	3.60e-01	2.00e-01	8.89e-02	2.08e-03	1.21e-05	1.18e-08	3.17e-17	3.83e-17
 1.88456e+23	1.60e-08	1.25e-04	2.96e-02	3.45e-01	3.58e-01	1.88e-01	7.80e-02	1.69e-03	9.04e-06	1.60e-08	4.38e-17	5.29e-17
 1.90686e+23	2.03e-08	1.48e-04	3.30e-02	3.62e-01	3.55e-01	1.78e-01	7.00e-02	1.42e-03	7.16e-06	2.03e-08	5.66e-17	6.83e-17
 1.92955e+23	2.76e-08	1.84e-04	3.80e-02	3.84e-01	3.51e-01	1.66e-01	6.07e-02	1.13e-03	5.27e-06	2.76e-08	7.88e-17	9.51e-17
 1.95253e+23	3.51e-08	2.18e-04	4.23e-02	4.01e-01	3.46e-01	1.56e-01	5.40e-02	9.44e-04	4.11e-06	3.51e-08	1.02e-16	1.23e-16
 1.97591e+23	4.80e-08	2.72e-04	4.85e-02	4.23e-01	3.38e-01	1.43e-01	4.62e-02	7.42e-04	2.97e-06	4.80e-08	1.44e-16	1.73e-16
 1.99960e+23	6.14e-08	3.22e-04	5.39e-02	4.39e-01	3.32e-01	1.34e-01	4.07e-02	6.10e-04	2.29e-06	6.14e-08	1.88e-16	2.26e-16
 2.02027e+23	7.78e-08	3.80e-04	5.96e-02	4.55e-01	3.24e-01	1.24e-01	3.59e-02	5.04e-04	1.77e-06	7.78e-08	2.43e-16	2.92e-16
 2.04009e+23	9.71e-08	4.42e-04	6.53e-02	4.69e-01	3.17e-01	1.16e-01	3.18e-02	4.19e-04	1.39e-06	9.71e-08	3.10e-16	3.73e-16
 2.05897e+23	1.20e-07	5.11e-04	7.13e-02	4.82e-01	3.09e-01	1.08e-01	2.83e-02	3.51e-04	1.09e-06	1.20e-07	3.91e-16	4.70e-16
 2.08026e+23	1.57e-07	6.13e-04	7.94e-02	4.98e-01	2.99e-01	9.88e-02	2.42e-02	2.78e-04	8.05e-07	1.57e-07	5.26e-16	6.31e-16
 2.10151e+23	1.94e-07	7.07e-04	8.63e-02	5.10e-01	2.90e-01	9.16e-02	2.14e-02	2.31e-04	6.28e-07	1.94e-07	6.63e-16	7.95e-16
 2.12272e+23	2.52e-07	8.44e-04	9.56e-02	5.23e-01	2.79e-01	8.31e-02	1.83e-02	1.82e-04	4.60e-07	2.52e-07	8.88e-16	1.06e-15
 2.14432e+23	3.12e-07	9.74e-04	1.04e-01	5.34e-01	2.69e-01	7.65e-02	1.60e-02	1.49e-04	3.54e-07	3.12e-07	1.13e-15	1.35e-15
 2.16642e+23	4.08e-07	1.16e-03	1.15e-01	5.45e-01	2.57e-01	6.87e-02	1.35e-02	1.16e-04	2.54e-07	4.08e-07	1.52e-15	1.82e-15
 2.18870e+23	5.05e-07	1.34e-03	1.24e-01	5.53e-01	2.46e-01	6.28e-02	1.17e-02	9.44e-05	1.94e-07	5.05e-07	1.93e-15	2.31e-15
 2.21122e+23	6.59e-07	1.60e-03	1.37e-01	5.62e-01	2.34e-01	5.59e-02	9.80e-03	7.26e-05	1.37e-07	6.59e-07	2.61e-15	3.11e-15
 2.23402e+23	8.16e-07	1.84e-03	1.48e-01	5.68e-01	2.23e-01	5.07e-02	8.44e-03	5.84e-05	0.00e+00	8.16e-07	3.32e-15	3.95e-15
 2.25230e+23	9.71e-07	2.06e-03	1.57e-01	5.72e-01	2.14e-01	4.68e-02	7.46e-03	4.88e-05	0.00e+00	9.71e-07	4.04e-15	4.81e-15
 2.27117e+23	1.20e-06	2.37e-03	1.70e-01	5.76e-01	2.04e-01	4.22e-02	6.41e-03	3.91e-05	0.00e+00	1.20e-06	5.15e-15	6.13e-15
 2.29049e+23	1.43e-06	2.66e-03	1.80e-01	5.78e-01	1.95e-01	3.87e-02	5.62e-03	3.23e-05	0.00e+00	1.43e-06	6.29e-15	7.49e-15
 2.30770e+23	1.70e-06	2.97e-03	1.91e-01	5.79e-01	1.86e-01	3.54e-02	4.94e-03	2.68e-05	0.00e+00	1.70e-06	7.66e-15	9.11e-15
 2.32741e+23	2.11e-06	3.41e-03	2.05e-01	5.80e-01	1.76e-01	3.17e-02	4.19e-03	2.11e-05	0.00e+00	2.11e-06	9.82e-15	1.17e-14
 2.34735e+23	2.51e-06	3.82e-03	2.18e-01	5.79e-01	1.67e-01	2.88e-02	3.65e-03	1.72e-05	0.00e+00	2.51e-06	1.20e-14	1.43e-14
 2.36485e+23	2.97e-06	4.26e-03	2.30e-01	5.77e-01	1.59e-01	2.62e-02	3.18e-03	1.42e-05	0.00e+00	2.97e-06	1.46e-14	1.73e-14
 2.38486e+23	3.68e-06	4.88e-03	2.46e-01	5.74e-01	1.49e-01	2.32e-02	2.68e-03	1.11e-05	0.00e+00	3.68e-06	1.87e-14	2.22e-14
 2.40515e+23	4.38e-06	5.47e-03	2.60e-01	5.70e-01	1.40e-01	2.10e-02	2.31e-03	8.96e-06	0.00e+00	4.38e-06	2.30e-14	2.72e-14
 2.42299e+23	5.19e-06	6.10e-03	2.74e-01	5.66e-01	1.33e-01	1.89e-02	2.01e-03	7.29e-06	0.00e+00	5.19e-06	2.80e-14	3.32e-14
 2.44338e+23	6.42e-06	6.98e-03	2.92e-01	5.59e-01	1.23e-01	1.67e-02	1.67e-03	5.63e-06	0.00e+00	6.42e-06	3.59e-14	4.25e-14
 2.46411e+23	7.63e-06	7.80e-03	3.08e-01	5.52e-01	1.16e-01	1.49e-02	1.43e-03	4.52e-06	0.00e+00	7.63e-06	4.41e-14	5.22e-14
 2.48249e+23	9.05e-06	8.69e-03	3.24e-01	5.45e-01	1.09e-01	1.34e-02	1.23e-03	3.63e-06	0.00e+00	9.05e-06	5.39e-14	6.37e-14
 2.50357e+23	1.12e-05	9.95e-03	3.43e-01	5.34e-01	1.00e-01	1.16e-02	1.02e-03	2.76e-06	0.00e+00	1.12e-05	6.94e-14	8.21e-14
 2.52502e+23	1.33e-05	1.11e-02	3.61e-01	5.24e-01	9.31e-02	1.03e-02	8.62e-04	2.18e-06	0.00e+00	1.33e-05	8.53e-14	1.01e-13
 2.54692e+23	1.65e-05	1.27e-02	3.82e-01	5.10e-01	8.50e-02	8.86e-03	7.01e-04	1.63e-06	0.00e+00	1.65e-05	1.11e-13	1.31e-13
 2.56908e+23	1.97e-05	1.42e-02	4.01e-01	4.98e-01	7.86e-02	7.79e-03	5.89e-04	1.27e-06	0.00e+00	1.97e-05	1.36e-13	1.61e-13
 2.59159e+23	2.44e-05	1.63e-02	4.23e-01	4.82e-01	7.12e-02	6.64e-03	4.75e-04	9.38e-07	0.00e+00	2.44e-05	1.77e-13	2.10e-13
 2.61450e+23	2.91e-05	1.82e-02	4.43e-01	4.68e-01	6.53e-02	5.78e-03	3.95e-04	7.23e-07	0.00e+00	2.91e-05	2.19e-13	2.59e-13
 2.63795e+23	3.63e-05	2.09e-02	4.67e-01	4.49e-01	5.85e-02	4.86e-03	3.13e-04	5.21e-07	0.00e+00	3.63e-05	2.87e-13	3.39e-13
 2.66174e+23	4.34e-05	2.33e-02	4.87e-01	4.32e-01	5.32e-02	4.19e-03	2.57e-04	3.95e-07	0.00e+00	4.34e-05	3.57e-13	4.22e-13
 2.68277e+23	5.15e-05	2.60e-02	5.06e-01	4.16e-01	4.84e-02	3.62e-03	2.12e-04	3.02e-07	0.00e+00	5.15e-05	4.41e-13	5.21e-13
 2.70689e+23	6.43e-05	2.98e-02	5.30e-01	3.94e-01	4.27e-02	2.98e-03	1.65e-04	2.12e-07	0.00e+00	6.43e-05	5.80e-13	6.85e-13
 2.72799e+23	7.19e-05	3.20e-02	5.44e-01	3.82e-01	3.97e-02	2.68e-03	1.43e-04	1.74e-07	0.00e+00	7.19e-05	6.67e-13	7.89e-13
 2.74516e+23	8.40e-05	3.52e-02	5.61e-01	3.65e-01	3.62e-02	2.32e-03	1.19e-04	1.34e-07	0.00e+00	8.40e-05	8.10e-13	9.57e-13
 2.76283e+23	9.49e-05	3.79e-02	5.74e-01	3.52e-01	3.34e-02	2.06e-03	1.02e-04	0.00e+00	0.00e+00	9.49e-05	9.44e-13	1.11e-12
 2.78117e+23	1.11e-04	4.18e-02	5.91e-01	3.35e-01	3.02e-02	1.77e-03	8.38e-05	0.00e+00	0.00e+00	1.11e-04	1.15e-12	1.36e-12
 2.79987e+23	1.26e-04	4.52e-02	6.05e-01	3.20e-01	2.76e-02	1.56e-03	7.09e-05	0.00e+00	0.00e+00	1.26e-04	1.35e-12	1.60e-12
 2.81904e+23	1.48e-04	4.99e-02	6.21e-01	3.03e-01	2.47e-02	1.32e-03	5.77e-05	0.00e+00	0.00e+00	1.48e-04	1.66e-12	1.96e-12
 2.83848e+23	1.69e-04	5.41e-02	6.34e-01	2.88e-01	2.24e-02	1.15e-03	4.82e-05	0.00e+00	0.00e+00	1.69e-04	1.96e-12	2.31e-12
 2.85559e+23	1.92e-04	5.85e-02	6.46e-01	2.74e-01	2.04e-02	1.00e-03	4.05e-05	0.00e+00	0.00e+00	1.92e-04	2.30e-12	2.72e-12
 2.87516e+23	2.26e-04	6.46e-02	6.60e-01	2.56e-01	1.81e-02	8.43e-04	3.25e-05	0.00e+00	0.00e+00	2.26e-04	2.83e-12	3.34e-12
 2.89511e+23	2.58e-04	7.00e-02	6.72e-01	2.41e-01	1.63e-02	7.25e-04	2.69e-05	0.00e+00	0.00e+00	2.58e-04	3.35e-12	3.95e-12
 2.91554e+23	3.05e-04	7.75e-02	6.84e-01	2.23e-01	1.43e-02	6.00e-04	2.12e-05	0.00e+00	0.00e+00	3.05e-04	4.15e-12	4.89e-12
 2.93618e+23	3.50e-04	8.44e-02	6.94e-01	2.08e-01	1.27e-02	5.10e-04	1.73e-05	0.00e+00	0.00e+00	3.50e-04	4.95e-12	5.84e-12
 2.95430e+23	3.99e-04	9.15e-02	7.01e-01	1.95e-01	1.13e-02	4.36e-04	1.42e-05	0.00e+00	0.00e+00	3.99e-04	5.86e-12	6.91e-12
 2.97506e+23	4.74e-04	1.02e-01	7.10e-01	1.78e-01	9.79e-03	3.54e-04	1.10e-05	0.00e+00	0.00e+00	4.74e-04	7.31e-12	8.62e-12
 2.99613e+23	5.47e-04	1.11e-01	7.15e-01	1.64e-01	8.61e-03	2.97e-04	8.88e-06	0.00e+00	0.00e+00	5.47e-04	8.76e-12	1.03e-11
 3.01762e+23	6.57e-04	1.24e-01	7.20e-01	1.48e-01	7.33e-03	2.37e-04	6.74e-06	0.00e+00	0.00e+00	6.57e-04	1.11e-11	1.30e-11
 3.03893e+23	7.61e-04	1.36e-01	7.21e-01	1.35e-01	6.41e-03	1.97e-04	5.39e-06	0.00e+00	0.00e+00	7.61e-04	1.33e-11	1.57e-11
 3.05709e+23	8.75e-04	1.49e-01	7.21e-01	1.24e-01	5.65e-03	1.66e-04	4.37e-06	0.00e+00	0.00e+00	8.75e-04	1.58e-11	1.86e-11
 3.07588e+23	1.03e-03	1.65e-01	7.18e-01	1.12e-01	4.88e-03	1.35e-04	3.43e-06	0.00e+00	0.00e+00	1.03e-03	1.93e-11	2.28e-11
