#depth	Si	Si+	Si+2	Si+3	Si+4	Si+5	Si+6	Si+7	Si+8	Si+9	Si+10	Si+11	Si+12	Si+13	Si+14
 4.62852e+21	0.00e+00	2.71e-24	1.58e-20	2.07e-17	2.36e-13	2.16e-10	5.53e-08	4.23e-06	1.44e-04	1.81e-03	9.72e-03	4.47e-02	4.83e-01	3.76e-01	8.54e-02
 1.03114e+22	0.00e+00	2.44e-22	7.42e-19	5.87e-16	7.69e-12	6.07e-09	1.20e-06	6.23e-05	1.39e-03	1.09e-02	3.47e-02	9.03e-02	5.70e-01	2.58e-01	3.46e-02
 1.18153e+22	0.00e+00	1.40e-21	3.31e-18	1.98e-15	2.77e-11	2.08e-08	3.74e-06	1.69e-04	3.15e-03	2.07e-02	5.38e-02	1.13e-01	5.76e-01	2.10e-01	2.27e-02
 1.24897e+22	0.00e+00	3.19e-21	6.69e-18	3.50e-15	5.01e-11	3.68e-08	6.33e-06	2.67e-04	4.58e-03	2.76e-02	6.53e-02	1.24e-01	5.72e-01	1.88e-01	1.83e-02
 1.27714e+22	0.00e+00	3.92e-21	7.97e-18	4.04e-15	5.80e-11	4.24e-08	7.20e-06	2.98e-04	5.02e-03	2.96e-02	6.84e-02	1.27e-01	5.70e-01	1.83e-01	1.73e-02
 1.29024e+22	6.79e-35	5.09e-21	9.98e-18	4.86e-15	6.99e-11	5.07e-08	8.49e-06	3.45e-04	5.63e-03	3.23e-02	7.25e-02	1.30e-01	5.67e-01	1.76e-01	1.61e-02
 1.30432e+22	8.99e-35	6.42e-21	1.22e-17	5.72e-15	8.24e-11	5.94e-08	9.82e-06	3.91e-04	6.24e-03	3.49e-02	7.63e-02	1.33e-01	5.64e-01	1.70e-01	1.51e-02
 1.31968e+22	1.29e-34	8.65e-21	1.57e-17	7.05e-15	1.02e-10	7.26e-08	1.18e-05	4.60e-04	7.11e-03	3.85e-02	8.14e-02	1.37e-01	5.60e-01	1.62e-01	1.39e-02
 1.33532e+22	1.72e-34	1.10e-20	1.94e-17	8.35e-15	1.20e-10	8.54e-08	1.37e-05	5.23e-04	7.89e-03	4.17e-02	8.56e-02	1.40e-01	5.55e-01	1.56e-01	1.30e-02
 1.35133e+22	2.49e-34	1.50e-20	2.53e-17	1.04e-14	1.49e-10	1.05e-07	1.66e-05	6.17e-04	9.01e-03	4.60e-02	9.13e-02	1.44e-01	5.49e-01	1.48e-01	1.18e-02
 1.36727e+22	3.28e-34	1.89e-20	3.08e-17	1.22e-14	1.75e-10	1.22e-07	1.91e-05	6.96e-04	9.91e-03	4.95e-02	9.55e-02	1.47e-01	5.44e-01	1.42e-01	1.11e-02
 1.38312e+22	4.70e-34	2.55e-20	3.99e-17	1.51e-14	2.16e-10	1.49e-07	2.29e-05	8.16e-04	1.12e-02	5.43e-02	1.01e-01	1.50e-01	5.37e-01	1.35e-01	1.01e-02
 1.39919e+22	6.20e-34	3.22e-20	4.89e-17	1.78e-14	2.53e-10	1.73e-07	2.63e-05	9.20e-04	1.24e-02	5.83e-02	1.06e-01	1.53e-01	5.31e-01	1.30e-01	9.40e-03
 1.41552e+22	8.91e-34	4.36e-20	6.35e-17	2.21e-14	3.11e-10	2.11e-07	3.15e-05	1.08e-03	1.40e-02	6.39e-02	1.12e-01	1.56e-01	5.22e-01	1.22e-01	8.54e-03
 1.43208e+22	1.18e-33	5.52e-20	7.80e-17	2.61e-14	3.66e-10	2.46e-07	3.62e-05	1.21e-03	1.54e-02	6.85e-02	1.17e-01	1.58e-01	5.15e-01	1.17e-01	7.92e-03
 1.44619e+22	1.53e-33	6.87e-20	9.42e-17	3.06e-14	4.24e-10	2.82e-07	4.11e-05	1.35e-03	1.68e-02	7.29e-02	1.21e-01	1.60e-01	5.08e-01	1.12e-01	7.39e-03
 1.46181e+22	2.15e-33	9.13e-20	1.20e-16	3.74e-14	5.13e-10	3.38e-07	4.85e-05	1.57e-03	1.88e-02	7.92e-02	1.27e-01	1.63e-01	4.97e-01	1.06e-01	6.72e-03
 1.47725e+22	2.74e-33	1.12e-19	1.44e-16	4.35e-14	5.90e-10	3.86e-07	5.46e-05	1.73e-03	2.03e-02	8.38e-02	1.32e-01	1.64e-01	4.90e-01	1.02e-01	6.28e-03
 1.49248e+22	3.77e-33	1.47e-19	1.83e-16	5.27e-14	7.06e-10	4.57e-07	6.38e-05	1.98e-03	2.25e-02	9.03e-02	1.38e-01	1.66e-01	4.79e-01	9.60e-02	5.72e-03
 1.50800e+22	4.85e-33	1.83e-19	2.21e-16	6.17e-14	8.15e-10	5.23e-07	7.20e-05	2.20e-03	2.44e-02	9.56e-02	1.42e-01	1.68e-01	4.71e-01	9.17e-02	5.32e-03
 1.52390e+22	6.74e-33	2.42e-19	2.81e-16	7.52e-14	9.78e-10	6.22e-07	8.43e-05	2.52e-03	2.71e-02	1.03e-01	1.48e-01	1.69e-01	4.59e-01	8.61e-02	4.81e-03
 1.53993e+22	8.69e-33	3.00e-19	3.40e-16	8.81e-14	1.13e-09	7.10e-07	9.51e-05	2.79e-03	2.93e-02	1.09e-01	1.53e-01	1.70e-01	4.50e-01	8.20e-02	4.46e-03
 1.55367e+22	1.10e-32	3.69e-19	4.06e-16	1.02e-13	1.29e-09	8.05e-07	1.06e-04	3.07e-03	3.16e-02	1.15e-01	1.57e-01	1.71e-01	4.41e-01	7.82e-02	4.14e-03
 1.56907e+22	1.51e-32	4.80e-19	5.11e-16	1.23e-13	1.53e-09	9.44e-07	1.23e-04	3.48e-03	3.47e-02	1.22e-01	1.62e-01	1.72e-01	4.28e-01	7.34e-02	3.75e-03
 1.58443e+22	1.91e-32	5.90e-19	6.11e-16	1.43e-13	1.75e-09	1.07e-06	1.38e-04	3.83e-03	3.73e-02	1.29e-01	1.66e-01	1.72e-01	4.19e-01	6.98e-02	3.47e-03
 1.59972e+22	2.57e-32	7.58e-19	7.61e-16	1.72e-13	2.05e-09	1.24e-06	1.57e-04	4.29e-03	4.07e-02	1.36e-01	1.71e-01	1.72e-01	4.07e-01	6.56e-02	3.16e-03
 1.61552e+22	3.31e-32	9.41e-19	9.21e-16	2.01e-13	2.36e-09	1.41e-06	1.77e-04	4.74e-03	4.37e-02	1.43e-01	1.75e-01	1.72e-01	3.96e-01	6.21e-02	2.91e-03
 1.62966e+22	4.21e-32	1.16e-18	1.10e-15	2.34e-13	2.69e-09	1.60e-06	1.97e-04	5.19e-03	4.69e-02	1.50e-01	1.79e-01	1.72e-01	3.86e-01	5.88e-02	2.68e-03
 1.64571e+22	5.70e-32	1.50e-18	1.38e-15	2.82e-13	3.18e-09	1.86e-06	2.26e-04	5.83e-03	5.10e-02	1.58e-01	1.84e-01	1.71e-01	3.72e-01	5.49e-02	2.42e-03
 1.66215e+22	7.38e-32	1.87e-18	1.68e-15	3.32e-13	3.65e-09	2.11e-06	2.54e-04	6.42e-03	5.48e-02	1.66e-01	1.88e-01	1.70e-01	3.61e-01	5.17e-02	2.21e-03
 1.67675e+22	9.47e-32	2.31e-18	2.02e-15	3.87e-13	4.17e-09	2.39e-06	2.83e-04	7.04e-03	5.86e-02	1.73e-01	1.91e-01	1.69e-01	3.50e-01	4.87e-02	2.03e-03
 1.69340e+22	1.29e-31	3.01e-18	2.55e-15	4.70e-13	4.94e-09	2.79e-06	3.24e-04	7.89e-03	6.37e-02	1.83e-01	1.95e-01	1.68e-01	3.36e-01	4.51e-02	1.81e-03
 1.71049e+22	1.67e-31	3.73e-18	3.09e-15	5.52e-13	5.67e-09	3.16e-06	3.62e-04	8.64e-03	6.80e-02	1.90e-01	1.98e-01	1.66e-01	3.24e-01	4.24e-02	1.65e-03
 1.72817e+22	2.29e-31	4.90e-18	3.93e-15	6.75e-13	6.74e-09	3.69e-06	4.15e-04	9.67e-03	7.37e-02	2.00e-01	2.01e-01	1.64e-01	3.10e-01	3.91e-02	1.47e-03
 1.74534e+22	2.96e-31	6.08e-18	4.75e-15	7.91e-13	7.71e-09	4.17e-06	4.62e-04	1.06e-02	7.86e-02	2.08e-01	2.04e-01	1.62e-01	2.99e-01	3.65e-02	1.34e-03
 1.75924e+22	3.64e-31	7.25e-18	5.56e-15	9.04e-13	8.64e-09	4.62e-06	5.04e-04	1.14e-02	8.26e-02	2.14e-01	2.06e-01	1.60e-01	2.89e-01	3.46e-02	1.24e-03
 1.77468e+22	4.78e-31	9.14e-18	6.82e-15	1.07e-12	9.98e-09	5.26e-06	5.65e-04	1.25e-02	8.82e-02	2.23e-01	2.08e-01	1.58e-01	2.77e-01	3.21e-02	1.11e-03
 1.79120e+22	6.17e-31	1.13e-17	8.26e-15	1.26e-12	1.14e-08	5.94e-06	6.28e-04	1.36e-02	9.36e-02	2.30e-01	2.10e-01	1.55e-01	2.66e-01	2.99e-02	1.01e-03
 1.80671e+22	7.87e-31	1.39e-17	9.92e-15	1.47e-12	1.30e-08	6.67e-06	6.94e-04	1.47e-02	9.90e-02	2.38e-01	2.11e-01	1.53e-01	2.55e-01	2.80e-02	9.16e-04
 1.82448e+22	1.08e-30	1.83e-17	1.26e-14	1.80e-12	1.54e-08	7.75e-06	7.91e-04	1.64e-02	1.06e-01	2.48e-01	2.12e-01	1.49e-01	2.41e-01	2.55e-02	8.04e-04
 1.84252e+22	1.40e-30	2.26e-17	1.52e-14	2.11e-12	1.76e-08	8.73e-06	8.74e-04	1.78e-02	1.12e-01	2.55e-01	2.13e-01	1.46e-01	2.31e-01	2.37e-02	7.27e-04
 1.86093e+22	1.92e-30	2.96e-17	1.94e-14	2.58e-12	2.08e-08	1.01e-05	9.93e-04	1.97e-02	1.20e-01	2.64e-01	2.13e-01	1.42e-01	2.17e-01	2.15e-02	6.36e-04
 1.88014e+22	2.52e-30	3.72e-17	2.38e-14	3.06e-12	2.41e-08	1.15e-05	1.11e-03	2.14e-02	1.27e-01	2.72e-01	2.13e-01	1.38e-01	2.06e-01	1.97e-02	5.66e-04
 1.89771e+22	3.29e-30	4.67e-17	2.91e-14	3.62e-12	2.77e-08	1.30e-05	1.23e-03	2.33e-02	1.35e-01	2.80e-01	2.13e-01	1.35e-01	1.95e-01	1.81e-02	5.04e-04
 1.91783e+22	4.62e-30	6.21e-17	3.74e-14	4.47e-12	3.29e-08	1.52e-05	1.40e-03	2.59e-02	1.44e-01	2.89e-01	2.12e-01	1.30e-01	1.82e-01	1.62e-02	4.34e-04
 1.93820e+22	6.11e-30	7.85e-17	4.62e-14	5.33e-12	3.81e-08	1.72e-05	1.56e-03	2.81e-02	1.52e-01	2.96e-01	2.11e-01	1.26e-01	1.71e-01	1.48e-02	3.83e-04
 1.95603e+22	7.96e-30	9.85e-17	5.65e-14	6.30e-12	4.37e-08	1.94e-05	1.72e-03	3.04e-02	1.60e-01	3.02e-01	2.09e-01	1.22e-01	1.61e-01	1.35e-02	3.38e-04
 1.97635e+22	1.10e-29	1.30e-16	7.23e-14	7.75e-12	5.17e-08	2.25e-05	1.95e-03	3.36e-02	1.70e-01	3.10e-01	2.07e-01	1.16e-01	1.49e-01	1.20e-02	2.89e-04
 1.99724e+22	1.47e-29	1.66e-16	8.96e-14	9.25e-12	5.97e-08	2.55e-05	2.17e-03	3.65e-02	1.79e-01	3.16e-01	2.04e-01	1.12e-01	1.39e-01	1.08e-02	2.51e-04
 2.01574e+22	1.93e-29	2.09e-16	1.10e-13	1.09e-11	6.83e-08	2.87e-05	2.40e-03	3.94e-02	1.87e-01	3.22e-01	2.02e-01	1.08e-01	1.30e-01	9.74e-03	2.19e-04
 2.03665e+22	2.69e-29	2.78e-16	1.41e-13	1.35e-11	8.08e-08	3.32e-05	2.71e-03	4.33e-02	1.98e-01	3.28e-01	1.98e-01	1.02e-01	1.19e-01	8.58e-03	1.85e-04
 2.05823e+22	3.60e-29	3.58e-16	1.76e-13	1.61e-11	9.32e-08	3.76e-05	3.01e-03	4.71e-02	2.08e-01	3.33e-01	1.94e-01	9.74e-02	1.10e-01	7.63e-03	1.59e-04
 2.07735e+22	4.70e-29	4.51e-16	2.15e-13	1.90e-11	1.06e-07	4.22e-05	3.32e-03	5.07e-02	2.17e-01	3.37e-01	1.90e-01	9.31e-02	1.02e-01	6.84e-03	1.38e-04
 2.09889e+22	6.66e-29	6.10e-16	2.79e-13	2.35e-11	1.26e-07	4.89e-05	3.76e-03	5.58e-02	2.29e-01	3.41e-01	1.85e-01	8.74e-02	9.22e-02	5.90e-03	1.13e-04
 2.12083e+22	8.80e-29	7.80e-16	3.45e-13	2.80e-11	1.44e-07	5.50e-05	4.15e-03	6.03e-02	2.38e-01	3.44e-01	1.80e-01	8.29e-02	8.47e-02	5.22e-03	9.66e-05
 2.14329e+22	1.26e-28	1.07e-15	4.53e-13	3.48e-11	1.71e-07	6.38e-05	4.71e-03	6.64e-02	2.51e-01	3.47e-01	1.74e-01	7.72e-02	7.56e-02	4.43e-03	7.81e-05
 2.16588e+22	1.65e-28	1.37e-15	5.59e-13	4.14e-11	1.95e-07	7.16e-05	5.18e-03	7.15e-02	2.61e-01	3.48e-01	1.69e-01	7.29e-02	6.91e-02	3.90e-03	6.62e-05
 2.18455e+22	2.11e-28	1.71e-15	6.75e-13	4.81e-11	2.19e-07	7.92e-05	5.64e-03	7.63e-02	2.69e-01	3.49e-01	1.64e-01	6.91e-02	6.36e-02	3.47e-03	5.68e-05
 2.20472e+22	2.88e-28	2.27e-15	8.59e-13	5.84e-11	2.54e-07	9.01e-05	6.29e-03	8.30e-02	2.80e-01	3.49e-01	1.57e-01	6.44e-02	5.70e-02	2.97e-03	4.65e-05
 2.22491e+22	3.67e-28	2.84e-15	1.04e-12	6.80e-11	2.85e-07	9.96e-05	6.83e-03	8.84e-02	2.89e-01	3.48e-01	1.52e-01	6.08e-02	5.22e-02	2.63e-03	3.97e-05
 2.24514e+22	5.02e-28	3.80e-15	1.33e-12	8.27e-11	3.30e-07	1.13e-04	7.61e-03	9.60e-02	3.00e-01	3.47e-01	1.45e-01	5.63e-02	4.64e-02	2.23e-03	3.21e-05
 2.26548e+22	6.36e-28	4.76e-15	1.60e-12	9.64e-11	3.70e-07	1.25e-04	8.25e-03	1.02e-01	3.08e-01	3.45e-01	1.40e-01	5.29e-02	4.24e-02	1.96e-03	2.73e-05
 2.28596e+22	8.70e-28	6.42e-15	2.06e-12	1.18e-10	4.29e-07	1.42e-04	9.18e-03	1.11e-01	3.19e-01	3.41e-01	1.32e-01	4.87e-02	3.74e-02	1.65e-03	2.18e-05
 2.30669e+22	1.11e-27	8.10e-15	2.50e-12	1.38e-10	4.83e-07	1.57e-04	9.97e-03	1.18e-01	3.26e-01	3.38e-01	1.27e-01	4.56e-02	3.39e-02	1.44e-03	1.84e-05
 2.32774e+22	1.51e-27	1.11e-14	3.24e-12	1.70e-10	5.63e-07	1.79e-04	1.11e-02	1.28e-01	3.37e-01	3.33e-01	1.19e-01	4.16e-02	2.96e-02	1.19e-03	1.45e-05
 2.34921e+22	1.94e-27	1.42e-14	3.99e-12	2.01e-10	6.38e-07	1.98e-04	1.21e-02	1.36e-01	3.44e-01	3.28e-01	1.13e-01	3.86e-02	2.66e-02	1.03e-03	1.20e-05
 2.37120e+22	2.68e-27	1.97e-14	5.25e-12	2.51e-10	7.51e-07	2.27e-04	1.35e-02	1.48e-01	3.54e-01	3.20e-01	1.05e-01	3.50e-02	2.29e-02	8.41e-04	9.30e-06
 2.39365e+22	3.46e-27	2.58e-14	6.55e-12	3.00e-10	8.58e-07	2.54e-04	1.48e-02	1.58e-01	3.61e-01	3.14e-01	9.92e-02	3.22e-02	2.03e-02	7.13e-04	7.56e-06
 2.41666e+22	4.78e-27	3.66e-14	8.77e-12	3.80e-10	1.02e-06	2.93e-04	1.66e-02	1.72e-01	3.69e-01	3.04e-01	9.13e-02	2.88e-02	1.73e-02	5.73e-04	5.74e-06
 2.44002e+22	6.21e-27	4.84e-14	1.11e-11	4.60e-10	1.18e-06	3.29e-04	1.81e-02	1.83e-01	3.75e-01	2.96e-01	8.52e-02	2.63e-02	1.52e-02	4.80e-04	4.60e-06
 2.46297e+22	8.53e-27	6.85e-14	1.48e-11	5.83e-10	1.40e-06	3.79e-04	2.02e-02	1.98e-01	3.82e-01	2.85e-01	7.80e-02	2.34e-02	1.29e-02	3.85e-04	3.49e-06
 2.48504e+22	1.08e-26	8.87e-14	1.83e-11	6.96e-10	1.60e-06	4.21e-04	2.19e-02	2.10e-01	3.86e-01	2.76e-01	7.28e-02	2.14e-02	1.14e-02	3.26e-04	2.83e-06
 2.50395e+22	1.36e-26	1.15e-13	2.27e-11	8.34e-10	1.83e-06	4.69e-04	2.38e-02	2.22e-01	3.89e-01	2.67e-01	6.77e-02	1.96e-02	1.00e-02	2.75e-04	2.29e-06
 2.52524e+22	1.80e-26	1.60e-13	2.99e-11	1.05e-09	2.17e-06	5.36e-04	2.63e-02	2.37e-01	3.92e-01	2.56e-01	6.17e-02	1.75e-02	8.50e-03	2.22e-04	1.75e-06
 2.54655e+22	2.26e-26	2.08e-13	3.73e-11	1.26e-09	2.49e-06	5.97e-04	2.85e-02	2.50e-01	3.94e-01	2.46e-01	5.71e-02	1.59e-02	7.46e-03	1.86e-04	1.41e-06
 2.56808e+22	3.02e-26	2.91e-13	4.94e-11	1.60e-09	2.98e-06	6.85e-04	3.15e-02	2.67e-01	3.95e-01	2.33e-01	5.16e-02	1.40e-02	6.28e-03	1.49e-04	1.07e-06
 2.58940e+22	3.78e-26	3.75e-13	6.11e-11	1.92e-09	3.42e-06	7.60e-04	3.40e-02	2.80e-01	3.95e-01	2.24e-01	4.77e-02	1.28e-02	5.51e-03	1.25e-04	8.62e-07
 2.61065e+22	5.01e-26	5.22e-13	8.09e-11	2.43e-09	4.09e-06	8.70e-04	3.75e-02	2.98e-01	3.94e-01	2.11e-01	4.28e-02	1.12e-02	4.62e-03	9.94e-05	6.50e-07
 2.63190e+22	6.27e-26	6.71e-13	1.00e-10	2.92e-09	4.69e-06	9.65e-04	4.03e-02	3.11e-01	3.92e-01	2.02e-01	3.94e-02	1.02e-02	4.03e-03	8.34e-05	5.24e-07
 2.65315e+22	8.30e-26	9.30e-13	1.32e-10	3.71e-09	5.61e-06	1.10e-03	4.43e-02	3.29e-01	3.89e-01	1.89e-01	3.52e-02	8.91e-03	3.37e-03	6.61e-05	3.93e-07
 2.67444e+22	1.04e-25	1.19e-12	1.63e-10	4.45e-09	6.44e-06	1.22e-03	4.75e-02	3.42e-01	3.86e-01	1.80e-01	3.22e-02	8.04e-03	2.93e-03	5.52e-05	3.16e-07
 2.69578e+22	1.39e-25	1.64e-12	2.15e-10	5.64e-09	7.71e-06	1.40e-03	5.20e-02	3.60e-01	3.80e-01	1.68e-01	2.86e-02	7.02e-03	2.44e-03	4.36e-05	2.36e-07
 2.71722e+22	1.75e-25	2.10e-12	2.65e-10	6.77e-09	8.85e-06	1.55e-03	5.57e-02	3.74e-01	3.76e-01	1.59e-01	2.61e-02	6.31e-03	2.12e-03	3.63e-05	1.89e-07
 2.73879e+22	2.34e-25	2.88e-12	3.48e-10	8.59e-09	1.06e-05	1.76e-03	6.08e-02	3.91e-01	3.68e-01	1.47e-01	2.31e-02	5.48e-03	1.75e-03	2.85e-05	1.41e-07
 2.76054e+22	2.98e-25	3.68e-12	4.29e-10	1.03e-08	1.22e-05	1.95e-03	6.49e-02	4.04e-01	3.62e-01	1.39e-01	2.10e-02	4.90e-03	1.51e-03	2.36e-05	0.00e+00
 2.78251e+22	4.05e-25	5.04e-12	5.63e-10	1.31e-08	1.46e-05	2.22e-03	7.06e-02	4.22e-01	3.53e-01	1.28e-01	1.84e-02	4.23e-03	1.24e-03	1.84e-05	0.00e+00
 2.80474e+22	5.20e-25	6.41e-12	6.95e-10	1.58e-08	1.67e-05	2.45e-03	7.53e-02	4.34e-01	3.46e-01	1.20e-01	1.66e-02	3.77e-03	1.07e-03	1.52e-05	0.00e+00
 2.82731e+22	7.18e-25	8.77e-12	9.13e-10	2.01e-08	2.01e-05	2.78e-03	8.18e-02	4.51e-01	3.36e-01	1.10e-01	1.45e-02	3.23e-03	8.73e-04	1.17e-05	0.00e+00
 2.85029e+22	9.35e-25	1.12e-11	1.13e-09	2.42e-08	2.31e-05	3.07e-03	8.70e-02	4.63e-01	3.27e-01	1.03e-01	1.31e-02	2.86e-03	7.44e-04	9.59e-06	0.00e+00
 2.87378e+22	1.32e-24	1.53e-11	1.49e-09	3.10e-08	2.78e-05	3.50e-03	9.43e-02	4.79e-01	3.16e-01	9.38e-02	1.13e-02	2.43e-03	6.02e-04	7.33e-06	0.00e+00
 2.89781e+22	1.74e-24	1.96e-11	1.85e-09	3.75e-08	3.21e-05	3.87e-03	1.00e-01	4.90e-01	3.06e-01	8.71e-02	1.01e-02	2.13e-03	5.09e-04	5.93e-06	0.00e+00
 2.92252e+22	2.51e-24	2.70e-11	2.46e-09	4.83e-08	3.87e-05	4.41e-03	1.09e-01	5.04e-01	2.93e-01	7.86e-02	8.64e-03	1.79e-03	4.07e-04	4.47e-06	0.00e+00
 2.94590e+22	3.21e-24	3.32e-11	2.95e-09	5.68e-08	4.37e-05	4.79e-03	1.14e-01	5.13e-01	2.85e-01	7.35e-02	7.82e-03	1.60e-03	3.51e-04	3.72e-06	0.00e+00
 2.96756e+22	4.42e-24	4.36e-11	3.75e-09	7.04e-08	5.13e-05	5.35e-03	1.22e-01	5.24e-01	2.74e-01	6.72e-02	6.83e-03	1.38e-03	2.89e-04	2.91e-06	0.00e+00
 2.98919e+22	5.65e-24	5.33e-11	4.50e-09	8.27e-08	5.78e-05	5.80e-03	1.28e-01	5.31e-01	2.65e-01	6.27e-02	6.17e-03	1.23e-03	2.49e-04	2.42e-06	0.00e+00
 3.01077e+22	7.75e-24	6.94e-11	5.69e-09	1.02e-07	6.77e-05	6.46e-03	1.36e-01	5.40e-01	2.53e-01	5.70e-02	5.38e-03	1.05e-03	2.04e-04	1.89e-06	0.00e+00
 3.03242e+22	9.87e-24	8.43e-11	6.78e-09	1.20e-07	7.60e-05	6.98e-03	1.42e-01	5.46e-01	2.45e-01	5.32e-02	4.86e-03	9.35e-04	1.76e-04	1.57e-06	0.00e+00
 3.05417e+22	1.35e-23	1.09e-10	8.55e-09	1.47e-07	8.87e-05	7.75e-03	1.51e-01	5.54e-01	2.34e-01	4.83e-02	4.23e-03	8.00e-04	1.44e-04	1.22e-06	0.00e+00
 3.07617e+22	1.73e-23	1.32e-10	1.02e-08	1.72e-07	9.96e-05	8.37e-03	1.57e-01	5.59e-01	2.26e-01	4.49e-02	3.81e-03	7.10e-04	1.24e-04	1.01e-06	0.00e+00
 3.09848e+22	2.38e-23	1.71e-10	1.28e-08	2.13e-07	1.16e-04	9.28e-03	1.66e-01	5.65e-01	2.14e-01	4.07e-02	3.30e-03	6.05e-04	1.01e-04	7.86e-07	0.00e+00
 3.12106e+22	3.06e-23	2.08e-10	1.53e-08	2.49e-07	1.31e-04	1.00e-02	1.74e-01	5.69e-01	2.06e-01	3.77e-02	2.96e-03	5.35e-04	8.67e-05	6.48e-07	0.00e+00
 3.14400e+22	4.22e-23	2.68e-10	1.93e-08	3.07e-07	1.53e-04	1.11e-02	1.83e-01	5.73e-01	1.95e-01	3.40e-02	2.56e-03	4.54e-04	7.04e-05	4.99e-07	0.00e+00
 3.16727e+22	5.44e-23	3.26e-10	2.31e-08	3.61e-07	1.72e-04	1.20e-02	1.91e-01	5.76e-01	1.87e-01	3.14e-02	2.29e-03	3.99e-04	6.00e-05	4.09e-07	0.00e+00
 3.19099e+22	7.54e-23	4.22e-10	2.93e-08	4.47e-07	2.01e-04	1.33e-02	2.01e-01	5.78e-01	1.76e-01	2.82e-02	1.96e-03	3.37e-04	4.83e-05	3.13e-07	0.00e+00
 3.21512e+22	9.77e-23	5.15e-10	3.51e-08	5.27e-07	2.26e-04	1.44e-02	2.10e-01	5.79e-01	1.68e-01	2.59e-02	1.75e-03	2.95e-04	4.09e-05	2.55e-07	0.00e+00
 3.23981e+22	1.36e-22	6.67e-10	4.46e-08	6.55e-07	2.65e-04	1.59e-02	2.21e-01	5.80e-01	1.58e-01	2.31e-02	1.49e-03	2.47e-04	3.27e-05	1.93e-07	0.00e+00
 3.26503e+22	1.78e-22	8.17e-10	5.37e-08	7.74e-07	2.99e-04	1.72e-02	2.29e-01	5.80e-01	1.50e-01	2.12e-02	1.32e-03	2.15e-04	2.76e-05	1.56e-07	0.00e+00
 3.29094e+22	2.49e-22	1.07e-09	6.88e-08	9.72e-07	3.53e-04	1.91e-02	2.42e-01	5.79e-01	1.40e-01	1.87e-02	1.12e-03	1.78e-04	2.17e-05	0.00e+00	0.00e+00
 3.31706e+22	3.25e-22	1.30e-09	8.29e-08	1.15e-06	3.98e-04	2.06e-02	2.51e-01	5.77e-01	1.33e-01	1.71e-02	9.86e-04	1.55e-04	1.82e-05	0.00e+00	0.00e+00
 3.34347e+22	4.54e-22	1.69e-09	1.06e-07	1.44e-06	4.68e-04	2.29e-02	2.63e-01	5.74e-01	1.24e-01	1.51e-02	8.33e-04	1.28e-04	1.44e-05	0.00e+00	0.00e+00
 3.37023e+22	5.93e-22	2.08e-09	1.28e-07	1.71e-06	5.29e-04	2.47e-02	2.73e-01	5.71e-01	1.17e-01	1.38e-02	7.33e-04	1.11e-04	1.20e-05	0.00e+00	0.00e+00
 3.39337e+22	7.62e-22	2.52e-09	1.53e-07	2.01e-06	5.96e-04	2.66e-02	2.82e-01	5.67e-01	1.10e-01	1.25e-02	6.46e-04	9.59e-05	1.01e-05	0.00e+00	0.00e+00
 3.41937e+22	1.05e-21	3.23e-09	1.94e-07	2.50e-06	6.96e-04	2.93e-02	2.94e-01	5.61e-01	1.03e-01	1.11e-02	5.47e-04	7.96e-05	7.97e-06	0.00e+00	0.00e+00
 3.44384e+22	1.30e-21	3.81e-09	2.26e-07	2.87e-06	7.68e-04	3.12e-02	3.02e-01	5.57e-01	9.76e-02	1.02e-02	4.92e-04	7.05e-05	6.86e-06	0.00e+00	0.00e+00
 3.46633e+22	1.70e-21	4.69e-09	2.75e-07	3.43e-06	8.72e-04	3.37e-02	3.13e-01	5.51e-01	9.16e-02	9.23e-03	4.28e-04	6.03e-05	5.65e-06	0.00e+00	0.00e+00
 3.48954e+22	2.14e-21	5.58e-09	3.23e-07	3.97e-06	9.68e-04	3.60e-02	3.21e-01	5.46e-01	8.68e-02	8.47e-03	3.82e-04	5.30e-05	4.81e-06	0.00e+00	0.00e+00
 3.51369e+22	2.83e-21	6.95e-09	3.98e-07	4.82e-06	1.11e-03	3.91e-02	3.33e-01	5.38e-01	8.07e-02	7.55e-03	3.28e-04	4.46e-05	3.89e-06	0.00e+00	0.00e+00
 3.53789e+22	3.55e-21	8.25e-09	4.67e-07	5.57e-06	1.23e-03	4.16e-02	3.41e-01	5.32e-01	7.64e-02	6.93e-03	2.92e-04	3.92e-05	3.31e-06	0.00e+00	0.00e+00
 3.56215e+22	4.69e-21	1.03e-08	5.75e-07	6.74e-06	1.41e-03	4.52e-02	3.52e-01	5.24e-01	7.09e-02	6.17e-03	2.51e-04	3.30e-05	2.68e-06	0.00e+00	0.00e+00
 3.58684e+22	5.91e-21	1.22e-08	6.77e-07	7.82e-06	1.56e-03	4.81e-02	3.61e-01	5.16e-01	6.69e-02	5.63e-03	2.23e-04	2.88e-05	2.27e-06	0.00e+00	0.00e+00
 3.61209e+22	7.85e-21	1.53e-08	8.37e-07	9.51e-06	1.79e-03	5.22e-02	3.73e-01	5.06e-01	6.18e-02	4.99e-03	1.90e-04	2.41e-05	1.82e-06	0.00e+00	0.00e+00
 3.63783e+22	9.95e-21	1.83e-08	9.91e-07	1.11e-05	2.00e-03	5.57e-02	3.81e-01	4.98e-01	5.81e-02	4.54e-03	1.68e-04	2.09e-05	1.53e-06	0.00e+00	0.00e+00
 3.66419e+22	1.33e-20	2.29e-08	1.23e-06	1.36e-05	2.30e-03	6.05e-02	3.93e-01	4.87e-01	5.34e-02	4.00e-03	1.42e-04	1.74e-05	1.21e-06	0.00e+00	0.00e+00
 3.69116e+22	1.70e-20	2.76e-08	1.47e-06	1.59e-05	2.56e-03	6.45e-02	4.02e-01	4.78e-01	4.99e-02	3.62e-03	1.25e-04	1.50e-05	1.01e-06	0.00e+00	0.00e+00
 3.71891e+22	2.31e-20	3.50e-08	1.84e-06	1.96e-05	2.97e-03	7.02e-02	4.13e-01	4.65e-01	4.55e-02	3.16e-03	1.05e-04	1.23e-05	7.96e-07	0.00e+00	0.00e+00
 3.74680e+22	2.94e-20	4.21e-08	2.19e-06	2.29e-05	3.31e-03	7.48e-02	4.22e-01	4.55e-01	4.25e-02	2.85e-03	9.17e-05	1.06e-05	6.63e-07	0.00e+00	0.00e+00
 3.77489e+22	3.98e-20	5.31e-08	2.74e-06	2.81e-05	3.81e-03	8.11e-02	4.32e-01	4.41e-01	3.87e-02	2.49e-03	7.69e-05	8.72e-06	5.20e-07	0.00e+00	0.00e+00
 3.80337e+22	5.10e-20	6.42e-08	3.27e-06	3.30e-05	4.26e-03	8.64e-02	4.41e-01	4.31e-01	3.59e-02	2.24e-03	6.70e-05	7.47e-06	4.31e-07	0.00e+00	0.00e+00
 3.83237e+22	6.93e-20	8.14e-08	4.11e-06	4.07e-05	4.91e-03	9.37e-02	4.51e-01	4.16e-01	3.25e-02	1.95e-03	5.59e-05	6.10e-06	3.36e-07	0.00e+00	0.00e+00
 3.86174e+22	8.92e-20	9.85e-08	4.92e-06	4.79e-05	5.49e-03	9.97e-02	4.58e-01	4.05e-01	3.01e-02	1.74e-03	4.86e-05	5.20e-06	2.76e-07	0.00e+00	0.00e+00
 3.89159e+22	1.22e-19	1.25e-07	6.19e-06	5.92e-05	6.33e-03	1.08e-01	4.67e-01	3.89e-01	2.71e-02	1.51e-03	4.04e-05	4.23e-06	2.14e-07	0.00e+00	0.00e+00
 3.92203e+22	1.58e-19	1.53e-07	7.47e-06	7.02e-05	7.11e-03	1.15e-01	4.75e-01	3.77e-01	2.49e-02	1.34e-03	3.47e-05	3.57e-06	1.74e-07	0.00e+00	0.00e+00
 3.94862e+22	2.01e-19	1.84e-07	8.90e-06	8.23e-05	7.92e-03	1.22e-01	4.81e-01	3.65e-01	2.30e-02	1.20e-03	3.01e-05	3.04e-06	1.43e-07	0.00e+00	0.00e+00
 3.97859e+22	2.74e-19	2.33e-07	1.12e-05	1.01e-04	9.09e-03	1.31e-01	4.88e-01	3.50e-01	2.07e-02	1.03e-03	2.50e-05	2.47e-06	0.00e+00	0.00e+00	0.00e+00
 4.00961e+22	3.56e-19	2.84e-07	1.35e-05	1.20e-04	1.02e-02	1.40e-01	4.93e-01	3.37e-01	1.88e-02	9.14e-04	2.13e-05	2.07e-06	0.00e+00	0.00e+00	0.00e+00
 4.04201e+22	4.95e-19	3.66e-07	1.71e-05	1.49e-04	1.18e-02	1.51e-01	4.99e-01	3.21e-01	1.67e-02	7.81e-04	1.75e-05	1.66e-06	0.00e+00	0.00e+00	0.00e+00
 4.07191e+22	6.19e-19	4.33e-07	2.01e-05	1.73e-04	1.30e-02	1.59e-01	5.03e-01	3.09e-01	1.54e-02	7.00e-04	1.52e-05	1.42e-06	0.00e+00	0.00e+00	0.00e+00
 4.09493e+22	7.61e-19	5.06e-07	2.33e-05	1.97e-04	1.41e-02	1.66e-01	5.05e-01	3.00e-01	1.43e-02	6.36e-04	1.35e-05	1.24e-06	0.00e+00	0.00e+00	0.00e+00
 4.12124e+22	9.87e-19	6.17e-07	2.81e-05	2.34e-04	1.58e-02	1.76e-01	5.08e-01	2.87e-01	1.30e-02	5.59e-04	1.14e-05	1.04e-06	0.00e+00	0.00e+00	0.00e+00
 4.14889e+22	1.24e-18	7.34e-07	3.31e-05	2.71e-04	1.75e-02	1.84e-01	5.10e-01	2.75e-01	1.19e-02	4.99e-04	9.91e-06	8.84e-07	0.00e+00	0.00e+00	0.00e+00
 4.17830e+22	1.66e-18	9.16e-07	4.08e-05	3.27e-04	1.97e-02	1.96e-01	5.12e-01	2.61e-01	1.07e-02	4.32e-04	8.26e-06	7.23e-07	0.00e+00	0.00e+00	0.00e+00
 4.20826e+22	2.12e-18	1.10e-06	4.88e-05	3.86e-04	2.19e-02	2.06e-01	5.12e-01	2.49e-01	9.63e-03	3.80e-04	7.03e-06	6.05e-07	0.00e+00	0.00e+00	0.00e+00
 4.23424e+22	2.67e-18	1.31e-06	5.73e-05	4.45e-04	2.40e-02	2.16e-01	5.12e-01	2.39e-01	8.82e-03	3.39e-04	6.10e-06	5.17e-07	0.00e+00	0.00e+00	0.00e+00
 4.26333e+22	3.54e-18	1.62e-06	7.01e-05	5.34e-04	2.70e-02	2.28e-01	5.11e-01	2.26e-01	7.86e-03	2.94e-04	5.09e-06	4.23e-07	0.00e+00	0.00e+00	0.00e+00
 4.29359e+22	4.53e-18	1.95e-06	8.35e-05	6.25e-04	2.99e-02	2.39e-01	5.09e-01	2.14e-01	7.09e-03	2.58e-04	4.33e-06	3.54e-07	0.00e+00	0.00e+00	0.00e+00
 4.32092e+22	5.72e-18	2.33e-06	9.88e-05	7.28e-04	3.29e-02	2.49e-01	5.07e-01	2.04e-01	6.41e-03	2.28e-04	3.70e-06	2.98e-07	0.00e+00	0.00e+00	0.00e+00
 4.35199e+22	7.74e-18	2.92e-06	1.22e-04	8.80e-04	3.70e-02	2.63e-01	5.03e-01	1.91e-01	5.65e-03	1.95e-04	3.04e-06	2.40e-07	0.00e+00	0.00e+00	0.00e+00
 4.38379e+22	9.97e-18	3.54e-06	1.46e-04	1.04e-03	4.10e-02	2.75e-01	4.98e-01	1.80e-01	5.04e-03	1.70e-04	2.55e-06	1.99e-07	0.00e+00	0.00e+00	0.00e+00
 4.41194e+22	1.27e-17	4.24e-06	1.73e-04	1.21e-03	4.50e-02	2.86e-01	4.93e-01	1.69e-01	4.53e-03	1.49e-04	2.17e-06	1.66e-07	0.00e+00	0.00e+00	0.00e+00
 4.44394e+22	1.72e-17	5.32e-06	2.14e-04	1.46e-03	5.06e-02	3.00e-01	4.86e-01	1.57e-01	3.95e-03	1.26e-04	1.76e-06	1.33e-07	0.00e+00	0.00e+00	0.00e+00
 4.47709e+22	2.25e-17	6.49e-06	2.58e-04	1.72e-03	5.60e-02	3.13e-01	4.79e-01	1.47e-01	3.49e-03	1.09e-04	1.46e-06	0.00e+00	0.00e+00	0.00e+00	0.00e+00
 4.50678e+22	2.88e-17	7.81e-06	3.06e-04	2.02e-03	6.16e-02	3.25e-01	4.71e-01	1.37e-01	3.09e-03	9.44e-05	1.23e-06	0.00e+00	0.00e+00	0.00e+00	0.00e+00
 4.54044e+22	3.97e-17	9.90e-06	3.81e-04	2.45e-03	6.92e-02	3.39e-01	4.60e-01	1.26e-01	2.66e-03	7.91e-05	9.81e-07	0.00e+00	0.00e+00	0.00e+00	0.00e+00
 4.57488e+22	5.09e-17	1.21e-05	4.59e-04	2.90e-03	7.64e-02	3.52e-01	4.50e-01	1.17e-01	2.32e-03	6.75e-05	8.06e-07	0.00e+00	0.00e+00	0.00e+00	0.00e+00
 4.60522e+22	6.55e-17	1.46e-05	5.45e-04	3.39e-03	8.37e-02	3.63e-01	4.39e-01	1.08e-01	2.05e-03	5.82e-05	6.70e-07	0.00e+00	0.00e+00	0.00e+00	0.00e+00
 4.63957e+22	9.04e-17	1.84e-05	6.78e-04	4.11e-03	9.37e-02	3.76e-01	4.25e-01	9.81e-02	1.74e-03	4.82e-05	5.29e-07	0.00e+00	0.00e+00	0.00e+00	0.00e+00
 4.67485e+22	1.18e-16	2.25e-05	8.15e-04	4.87e-03	1.03e-01	3.88e-01	4.12e-01	8.98e-02	1.50e-03	4.07e-05	4.29e-07	0.00e+00	0.00e+00	0.00e+00	0.00e+00
 4.70611e+22	1.54e-16	2.72e-05	9.69e-04	5.67e-03	1.13e-01	3.98e-01	3.99e-01	8.25e-02	1.30e-03	3.48e-05	3.53e-07	0.00e+00	0.00e+00	0.00e+00	0.00e+00
 4.74150e+22	2.15e-16	3.46e-05	1.20e-03	6.88e-03	1.25e-01	4.09e-01	3.82e-01	7.39e-02	1.09e-03	2.85e-05	2.75e-07	0.00e+00	0.00e+00	0.00e+00	0.00e+00
 4.77795e+22	2.85e-16	4.25e-05	1.45e-03	8.13e-03	1.38e-01	4.19e-01	3.67e-01	6.68e-02	9.31e-04	2.38e-05	2.20e-07	0.00e+00	0.00e+00	0.00e+00	0.00e+00
 4.81042e+22	3.74e-16	5.16e-05	1.73e-03	9.49e-03	1.50e-01	4.26e-01	3.51e-01	6.06e-02	7.99e-04	2.01e-05	1.78e-07	0.00e+00	0.00e+00	0.00e+00	0.00e+00
 4.84729e+22	5.31e-16	6.60e-05	2.16e-03	1.16e-02	1.66e-01	4.35e-01	3.32e-01	5.32e-02	6.54e-04	1.61e-05	1.35e-07	0.00e+00	0.00e+00	0.00e+00	0.00e+00
 4.88493e+22	7.10e-16	8.09e-05	2.58e-03	1.36e-02	1.81e-01	4.40e-01	3.15e-01	4.76e-02	5.51e-04	1.33e-05	0.00e+00	0.00e+00	0.00e+00	0.00e+00	0.00e+00
 4.92357e+22	1.03e-15	1.04e-04	3.24e-03	1.65e-02	2.00e-01	4.45e-01	2.93e-01	4.12e-02	4.43e-04	1.05e-05	0.00e+00	0.00e+00	0.00e+00	0.00e+00	0.00e+00
 4.96266e+22	1.40e-15	1.28e-04	3.87e-03	1.94e-02	2.17e-01	4.48e-01	2.75e-01	3.64e-02	3.69e-04	8.56e-06	0.00e+00	0.00e+00	0.00e+00	0.00e+00	0.00e+00
 5.00234e+22	2.07e-15	1.66e-04	4.85e-03	2.36e-02	2.38e-01	4.48e-01	2.53e-01	3.10e-02	2.92e-04	6.63e-06	0.00e+00	0.00e+00	0.00e+00	0.00e+00	0.00e+00
 5.04169e+22	2.82e-15	2.03e-04	5.76e-03	2.73e-02	2.56e-01	4.47e-01	2.36e-01	2.72e-02	2.42e-04	5.41e-06	0.00e+00	0.00e+00	0.00e+00	0.00e+00	0.00e+00
 5.07358e+22	3.70e-15	2.42e-04	6.68e-03	3.11e-02	2.72e-01	4.45e-01	2.21e-01	2.41e-02	2.04e-04	4.50e-06	0.00e+00	0.00e+00	0.00e+00	0.00e+00	0.00e+00
 5.10803e+22	5.24e-15	3.00e-04	8.04e-03	3.64e-02	2.91e-01	4.40e-01	2.03e-01	2.08e-02	1.65e-04	3.58e-06	0.00e+00	0.00e+00	0.00e+00	0.00e+00	0.00e+00
 5.14292e+22	7.08e-15	3.58e-04	9.33e-03	4.14e-02	3.08e-01	4.34e-01	1.89e-01	1.82e-02	1.38e-04	2.94e-06	0.00e+00	0.00e+00	0.00e+00	0.00e+00	0.00e+00
 5.17370e+22	9.41e-15	4.26e-04	1.08e-02	4.67e-02	3.24e-01	4.27e-01	1.75e-01	1.60e-02	1.15e-04	2.42e-06	0.00e+00	0.00e+00	0.00e+00	0.00e+00	0.00e+00
 5.20903e+22	1.38e-14	5.29e-04	1.29e-02	5.43e-02	3.44e-01	4.17e-01	1.58e-01	1.35e-02	9.12e-05	1.89e-06	0.00e+00	0.00e+00	0.00e+00	0.00e+00	0.00e+00
 5.24528e+22	1.99e-14	6.37e-04	1.50e-02	6.15e-02	3.61e-01	4.06e-01	1.44e-01	1.16e-02	7.42e-05	1.52e-06	0.00e+00	0.00e+00	0.00e+00	0.00e+00	0.00e+00
 5.27754e+22	2.73e-14	7.58e-04	1.72e-02	6.91e-02	3.77e-01	3.95e-01	1.31e-01	9.99e-03	6.08e-05	1.23e-06	0.00e+00	0.00e+00	0.00e+00	0.00e+00	0.00e+00
 5.31430e+22	4.13e-14	9.44e-04	2.06e-02	7.97e-02	3.96e-01	3.78e-01	1.16e-01	8.23e-03	4.71e-05	9.35e-07	0.00e+00	0.00e+00	0.00e+00	0.00e+00	0.00e+00
 5.35136e+22	6.02e-14	1.13e-03	2.37e-02	8.93e-02	4.11e-01	3.64e-01	1.04e-01	6.97e-03	3.79e-05	7.41e-07	0.00e+00	0.00e+00	0.00e+00	0.00e+00	0.00e+00
 5.38366e+22	8.45e-14	1.34e-03	2.70e-02	9.93e-02	4.24e-01	3.49e-01	9.36e-02	5.91e-03	3.06e-05	5.90e-07	0.00e+00	0.00e+00	0.00e+00	0.00e+00	0.00e+00
 5.41273e+22	1.26e-13	1.53e-03	3.00e-02	1.08e-01	4.33e-01	3.37e-01	8.57e-02	5.17e-03	2.57e-05	4.91e-07	0.00e+00	0.00e+00	0.00e+00	0.00e+00	0.00e+00
 5.44275e+22	1.74e-13	1.81e-03	3.42e-02	1.19e-01	4.44e-01	3.20e-01	7.61e-02	4.33e-03	2.05e-05	3.86e-07	0.00e+00	0.00e+00	0.00e+00	0.00e+00	0.00e+00
 5.47338e+22	2.58e-13	2.09e-03	3.81e-02	1.30e-01	4.52e-01	3.06e-01	6.86e-02	3.71e-03	1.69e-05	3.14e-07	0.00e+00	0.00e+00	0.00e+00	0.00e+00	0.00e+00
 5.50026e+22	3.58e-13	2.39e-03	4.21e-02	1.40e-01	4.59e-01	2.92e-01	6.20e-02	3.20e-03	1.40e-05	2.57e-07	0.00e+00	0.00e+00	0.00e+00	0.00e+00	0.00e+00
 5.53069e+22	5.78e-13	2.83e-03	4.77e-02	1.54e-01	4.65e-01	2.74e-01	5.42e-02	2.64e-03	1.10e-05	1.99e-07	0.00e+00	0.00e+00	0.00e+00	0.00e+00	0.00e+00
 5.56164e+22	1.14e-12	3.25e-03	5.27e-02	1.65e-01	4.69e-01	2.59e-01	4.84e-02	2.24e-03	8.97e-06	1.60e-07	0.00e+00	0.00e+00	0.00e+00	0.00e+00	0.00e+00
 5.58909e+22	1.75e-12	3.70e-03	5.80e-02	1.77e-01	4.72e-01	2.44e-01	4.32e-02	1.90e-03	7.35e-06	1.29e-07	0.00e+00	0.00e+00	0.00e+00	0.00e+00	0.00e+00
 5.62061e+22	3.58e-12	4.37e-03	6.54e-02	1.93e-01	4.73e-01	2.26e-01	3.71e-02	1.54e-03	5.65e-06	0.00e+00	0.00e+00	0.00e+00	0.00e+00	0.00e+00	0.00e+00
 5.65238e+22	6.20e-12	4.98e-03	7.17e-02	2.05e-01	4.73e-01	2.11e-01	3.27e-02	1.29e-03	4.57e-06	0.00e+00	0.00e+00	0.00e+00	0.00e+00	0.00e+00	0.00e+00
 5.68450e+22	1.56e-11	5.87e-03	8.03e-02	2.22e-01	4.70e-01	1.93e-01	2.78e-02	1.03e-03	3.47e-06	0.00e+00	0.00e+00	0.00e+00	0.00e+00	0.00e+00	0.00e+00
 5.71702e+22	3.63e-11	6.70e-03	8.79e-02	2.35e-01	4.66e-01	1.79e-01	2.42e-02	8.48e-04	2.76e-06	0.00e+00	0.00e+00	0.00e+00	0.00e+00	0.00e+00	0.00e+00
 5.75007e+22	1.42e-10	7.86e-03	9.79e-02	2.52e-01	4.60e-01	1.62e-01	2.02e-02	6.65e-04	2.07e-06	0.00e+00	0.00e+00	0.00e+00	0.00e+00	0.00e+00	0.00e+00
 5.78357e+22	4.75e-10	8.95e-03	1.07e-01	2.66e-01	4.52e-01	1.48e-01	1.74e-02	5.42e-04	1.62e-06	0.00e+00	0.00e+00	0.00e+00	0.00e+00	0.00e+00	0.00e+00
 5.81768e+22	2.89e-09	1.05e-02	1.18e-01	2.83e-01	4.41e-01	1.32e-01	1.43e-02	4.17e-04	1.19e-06	0.00e+00	0.00e+00	0.00e+00	0.00e+00	0.00e+00	0.00e+00
 5.85225e+22	1.11e-08	1.19e-02	1.28e-01	2.96e-01	4.31e-01	1.20e-01	1.21e-02	3.34e-04	9.20e-07	0.00e+00	0.00e+00	0.00e+00	0.00e+00	0.00e+00	0.00e+00
 5.88743e+22	4.13e-08	1.39e-02	1.41e-01	3.13e-01	4.16e-01	1.05e-01	9.79e-03	2.52e-04	6.64e-07	0.00e+00	0.00e+00	0.00e+00	0.00e+00	0.00e+00	0.00e+00
 5.92323e+22	7.31e-08	1.58e-02	1.53e-01	3.26e-01	4.03e-01	9.44e-02	8.18e-03	1.99e-04	5.04e-07	0.00e+00	0.00e+00	0.00e+00	0.00e+00	0.00e+00	0.00e+00
 5.95984e+22	1.25e-07	1.85e-02	1.68e-01	3.41e-01	3.85e-01	8.16e-02	6.48e-03	1.47e-04	3.55e-07	0.00e+00	0.00e+00	0.00e+00	0.00e+00	0.00e+00	0.00e+00
 5.99698e+22	1.79e-07	2.10e-02	1.80e-01	3.53e-01	3.69e-01	7.22e-02	5.32e-03	1.14e-04	2.65e-07	0.00e+00	0.00e+00	0.00e+00	0.00e+00	0.00e+00	0.00e+00
 6.03483e+22	2.89e-07	2.46e-02	1.96e-01	3.66e-01	3.48e-01	6.14e-02	4.12e-03	8.18e-05	1.82e-07	0.00e+00	0.00e+00	0.00e+00	0.00e+00	0.00e+00	0.00e+00
 6.07338e+22	4.35e-07	2.78e-02	2.10e-01	3.75e-01	3.30e-01	5.36e-02	3.34e-03	6.23e-05	1.34e-07	0.00e+00	0.00e+00	0.00e+00	0.00e+00	0.00e+00	0.00e+00
 6.10277e+22	5.92e-07	3.03e-02	2.20e-01	3.81e-01	3.18e-01	4.85e-02	2.86e-03	5.10e-05	0.00e+00	0.00e+00	0.00e+00	0.00e+00	0.00e+00	0.00e+00	0.00e+00
 6.13093e+22	8.43e-07	3.37e-02	2.32e-01	3.88e-01	3.02e-01	4.26e-02	2.35e-03	3.97e-05	0.00e+00	0.00e+00	0.00e+00	0.00e+00	0.00e+00	0.00e+00	0.00e+00
 6.15975e+22	1.09e-06	3.68e-02	2.42e-01	3.92e-01	2.88e-01	3.82e-02	1.99e-03	3.22e-05	0.00e+00	0.00e+00	0.00e+00	0.00e+00	0.00e+00	0.00e+00	0.00e+00
 6.18944e+22	1.50e-06	4.08e-02	2.55e-01	3.97e-01	2.72e-01	3.33e-02	1.61e-03	2.47e-05	0.00e+00	0.00e+00	0.00e+00	0.00e+00	0.00e+00	0.00e+00	0.00e+00
 6.21970e+22	2.05e-06	4.46e-02	2.66e-01	4.00e-01	2.58e-01	2.96e-02	1.35e-03	1.97e-05	0.00e+00	0.00e+00	0.00e+00	0.00e+00	0.00e+00	0.00e+00	0.00e+00
 6.24652e+22	2.77e-06	4.86e-02	2.76e-01	4.02e-01	2.45e-01	2.63e-02	1.13e-03	1.57e-05	0.00e+00	0.00e+00	0.00e+00	0.00e+00	0.00e+00	0.00e+00	0.00e+00
 6.27720e+22	4.28e-06	5.41e-02	2.90e-01	4.04e-01	2.28e-01	2.25e-02	8.94e-04	1.17e-05	0.00e+00	0.00e+00	0.00e+00	0.00e+00	0.00e+00	0.00e+00	0.00e+00
 6.30800e+22	5.47e-06	5.86e-02	3.00e-01	4.05e-01	2.16e-01	1.99e-02	7.46e-04	9.37e-06	0.00e+00	0.00e+00	0.00e+00	0.00e+00	0.00e+00	0.00e+00	0.00e+00
 6.33896e+22	7.54e-06	6.48e-02	3.13e-01	4.04e-01	2.01e-01	1.70e-02	5.90e-04	7.00e-06	0.00e+00	0.00e+00	0.00e+00	0.00e+00	0.00e+00	0.00e+00	0.00e+00
 6.37084e+22	1.04e-05	7.05e-02	3.23e-01	4.03e-01	1.88e-01	1.48e-02	4.83e-04	5.45e-06	0.00e+00	0.00e+00	0.00e+00	0.00e+00	0.00e+00	0.00e+00	0.00e+00
 6.39450e+22	1.35e-05	7.46e-02	3.30e-01	4.01e-01	1.80e-01	1.35e-02	4.23e-04	4.62e-06	0.00e+00	0.00e+00	0.00e+00	0.00e+00	0.00e+00	0.00e+00	0.00e+00
 6.41094e+22	1.60e-05	7.75e-02	3.35e-01	4.00e-01	1.75e-01	1.27e-02	3.84e-04	4.11e-06	0.00e+00	0.00e+00	0.00e+00	0.00e+00	0.00e+00	0.00e+00	0.00e+00
 6.42742e+22	1.86e-05	8.16e-02	3.41e-01	3.98e-01	1.67e-01	1.16e-02	3.37e-04	3.50e-06	0.00e+00	0.00e+00	0.00e+00	0.00e+00	0.00e+00	0.00e+00	0.00e+00
 6.44884e+22	2.26e-05	8.69e-02	3.49e-01	3.96e-01	1.58e-01	1.03e-02	2.86e-04	2.86e-06	0.00e+00	0.00e+00	0.00e+00	0.00e+00	0.00e+00	0.00e+00	0.00e+00
 6.47669e+22	3.14e-05	9.46e-02	3.59e-01	3.91e-01	1.46e-01	8.83e-03	2.28e-04	2.16e-06	0.00e+00	0.00e+00	0.00e+00	0.00e+00	0.00e+00	0.00e+00	0.00e+00
 6.50238e+22	3.77e-05	1.00e-01	3.65e-01	3.88e-01	1.39e-01	8.00e-03	1.97e-04	1.81e-06	0.00e+00	0.00e+00	0.00e+00	0.00e+00	0.00e+00	0.00e+00	0.00e+00
 6.52525e+22	4.66e-05	1.07e-01	3.73e-01	3.83e-01	1.31e-01	7.04e-03	1.64e-04	1.45e-06	0.00e+00	0.00e+00	0.00e+00	0.00e+00	0.00e+00	0.00e+00	0.00e+00
 6.55497e+22	6.15e-05	1.16e-01	3.82e-01	3.76e-01	1.20e-01	5.95e-03	1.29e-04	1.08e-06	0.00e+00	0.00e+00	0.00e+00	0.00e+00	0.00e+00	0.00e+00	0.00e+00
 6.58509e+22	7.51e-05	1.24e-01	3.89e-01	3.70e-01	1.12e-01	5.20e-03	1.06e-04	8.53e-07	0.00e+00	0.00e+00	0.00e+00	0.00e+00	0.00e+00	0.00e+00	0.00e+00
 6.61571e+22	9.44e-05	1.35e-01	3.97e-01	3.62e-01	1.02e-01	4.36e-03	8.30e-05	6.32e-07	0.00e+00	0.00e+00	0.00e+00	0.00e+00	0.00e+00	0.00e+00	0.00e+00
 6.65009e+22	1.22e-04	1.47e-01	4.04e-01	3.53e-01	9.27e-02	3.63e-03	6.40e-05	4.62e-07	0.00e+00	0.00e+00	0.00e+00	0.00e+00	0.00e+00	0.00e+00	0.00e+00
 6.68235e+22	1.46e-04	1.57e-01	4.10e-01	3.44e-01	8.54e-02	3.11e-03	5.14e-05	3.54e-07	0.00e+00	0.00e+00	0.00e+00	0.00e+00	0.00e+00	0.00e+00	0.00e+00
 6.71728e+22	1.77e-04	1.71e-01	4.16e-01	3.33e-01	7.65e-02	2.53e-03	3.85e-05	2.50e-07	0.00e+00	0.00e+00	0.00e+00	0.00e+00	0.00e+00	0.00e+00	0.00e+00
 6.75480e+22	2.13e-04	1.85e-01	4.21e-01	3.22e-01	6.91e-02	2.09e-03	2.95e-05	1.82e-07	0.00e+00	0.00e+00	0.00e+00	0.00e+00	0.00e+00	0.00e+00	0.00e+00
 6.79569e+22	2.66e-04	2.05e-01	4.26e-01	3.07e-01	6.02e-02	1.62e-03	2.08e-05	0.00e+00	0.00e+00	0.00e+00	0.00e+00	0.00e+00	0.00e+00	0.00e+00	0.00e+00
 6.83642e+22	3.12e-04	2.21e-01	4.28e-01	2.95e-01	5.41e-02	1.34e-03	1.59e-05	0.00e+00	0.00e+00	0.00e+00	0.00e+00	0.00e+00	0.00e+00	0.00e+00	0.00e+00
 6.87693e+22	3.73e-04	2.41e-01	4.30e-01	2.80e-01	4.70e-02	1.04e-03	1.13e-05	0.00e+00	0.00e+00	0.00e+00	0.00e+00	0.00e+00	0.00e+00	0.00e+00	0.00e+00
 6.91863e+22	4.34e-04	2.61e-01	4.29e-01	2.67e-01	4.17e-02	8.42e-04	8.43e-06	0.00e+00	0.00e+00	0.00e+00	0.00e+00	0.00e+00	0.00e+00	0.00e+00	0.00e+00
 6.96186e+22	5.16e-04	2.86e-01	4.27e-01	2.50e-01	3.56e-02	6.35e-04	5.75e-06	0.00e+00	0.00e+00	0.00e+00	0.00e+00	0.00e+00	0.00e+00	0.00e+00	0.00e+00
 7.00535e+22	5.89e-04	3.06e-01	4.24e-01	2.37e-01	3.14e-02	5.11e-04	4.29e-06	0.00e+00	0.00e+00	0.00e+00	0.00e+00	0.00e+00	0.00e+00	0.00e+00	0.00e+00
 7.04916e+22	6.88e-04	3.35e-01	4.18e-01	2.20e-01	2.64e-02	3.81e-04	2.89e-06	0.00e+00	0.00e+00	0.00e+00	0.00e+00	0.00e+00	0.00e+00	0.00e+00	0.00e+00
 7.09384e+22	7.78e-04	3.59e-01	4.10e-01	2.07e-01	2.30e-02	3.00e-04	2.11e-06	0.00e+00	0.00e+00	0.00e+00	0.00e+00	0.00e+00	0.00e+00	0.00e+00	0.00e+00
 7.13962e+22	9.01e-04	3.91e-01	4.00e-01	1.89e-01	1.90e-02	2.18e-04	1.38e-06	0.00e+00	0.00e+00	0.00e+00	0.00e+00	0.00e+00	0.00e+00	0.00e+00	0.00e+00
 7.18024e+22	9.82e-04	4.11e-01	3.91e-01	1.80e-01	1.70e-02	1.81e-04	1.08e-06	0.00e+00	0.00e+00	0.00e+00	0.00e+00	0.00e+00	0.00e+00	0.00e+00	0.00e+00
 7.21414e+22	1.08e-03	4.36e-01	3.81e-01	1.67e-01	1.46e-02	1.42e-04	7.83e-07	0.00e+00	0.00e+00	0.00e+00	0.00e+00	0.00e+00	0.00e+00	0.00e+00	0.00e+00
 7.24906e+22	1.18e-03	4.59e-01	3.69e-01	1.57e-01	1.28e-02	1.14e-04	5.93e-07	0.00e+00	0.00e+00	0.00e+00	0.00e+00	0.00e+00	0.00e+00	0.00e+00	0.00e+00
 7.28051e+22	1.27e-03	4.81e-01	3.58e-01	1.48e-01	1.12e-02	9.27e-05	4.51e-07	0.00e+00	0.00e+00	0.00e+00	0.00e+00	0.00e+00	0.00e+00	0.00e+00	0.00e+00
 7.31660e+22	1.40e-03	5.11e-01	3.43e-01	1.35e-01	9.40e-03	6.99e-05	3.13e-07	0.00e+00	0.00e+00	0.00e+00	0.00e+00	0.00e+00	0.00e+00	0.00e+00	0.00e+00
 7.35285e+22	1.50e-03	5.36e-01	3.29e-01	1.26e-01	8.09e-03	5.54e-05	2.32e-07	0.00e+00	0.00e+00	0.00e+00	0.00e+00	0.00e+00	0.00e+00	0.00e+00	0.00e+00
 7.38423e+22	1.61e-03	5.60e-01	3.14e-01	1.17e-01	6.95e-03	4.39e-05	1.71e-07	0.00e+00	0.00e+00	0.00e+00	0.00e+00	0.00e+00	0.00e+00	0.00e+00	0.00e+00
 7.41995e+22	1.75e-03	5.91e-01	2.96e-01	1.06e-01	5.68e-03	3.23e-05	0.00e+00	0.00e+00	0.00e+00	0.00e+00	0.00e+00	0.00e+00	0.00e+00	0.00e+00	0.00e+00
 7.45649e+22	1.88e-03	6.18e-01	2.78e-01	9.69e-02	4.74e-03	2.47e-05	0.00e+00	0.00e+00	0.00e+00	0.00e+00	0.00e+00	0.00e+00	0.00e+00	0.00e+00	0.00e+00
 7.48859e+22	2.00e-03	6.45e-01	2.61e-01	8.87e-02	3.95e-03	1.90e-05	0.00e+00	0.00e+00	0.00e+00	0.00e+00	0.00e+00	0.00e+00	0.00e+00	0.00e+00	0.00e+00
 7.52478e+22	2.15e-03	6.76e-01	2.40e-01	7.89e-02	3.11e-03	1.35e-05	0.00e+00	0.00e+00	0.00e+00	0.00e+00	0.00e+00	0.00e+00	0.00e+00	0.00e+00	0.00e+00
 7.56265e+22	2.30e-03	7.07e-01	2.18e-01	7.03e-02	2.46e-03	9.75e-06	0.00e+00	0.00e+00	0.00e+00	0.00e+00	0.00e+00	0.00e+00	0.00e+00	0.00e+00	0.00e+00
 7.59525e+22	2.42e-03	7.31e-01	2.01e-01	6.34e-02	1.99e-03	7.33e-06	0.00e+00	0.00e+00	0.00e+00	0.00e+00	0.00e+00	0.00e+00	0.00e+00	0.00e+00	0.00e+00
 7.63018e+22	2.58e-03	7.63e-01	1.78e-01	5.51e-02	1.49e-03	5.06e-06	0.00e+00	0.00e+00	0.00e+00	0.00e+00	0.00e+00	0.00e+00	0.00e+00	0.00e+00	0.00e+00
 7.66377e+22	2.69e-03	7.88e-01	1.59e-01	4.88e-02	1.16e-03	3.72e-06	0.00e+00	0.00e+00	0.00e+00	0.00e+00	0.00e+00	0.00e+00	0.00e+00	0.00e+00	0.00e+00
 7.68957e+22	2.78e-03	8.07e-01	1.45e-01	4.39e-02	9.43e-04	2.89e-06	0.00e+00	0.00e+00	0.00e+00	0.00e+00	0.00e+00	0.00e+00	0.00e+00	0.00e+00	0.00e+00
 7.71702e+22	2.89e-03	8.30e-01	1.28e-01	3.83e-02	7.20e-04	2.12e-06	0.00e+00	0.00e+00	0.00e+00	0.00e+00	0.00e+00	0.00e+00	0.00e+00	0.00e+00	0.00e+00
 7.73753e+22	2.92e-03	8.41e-01	1.20e-01	3.55e-02	6.21e-04	1.79e-06	0.00e+00	0.00e+00	0.00e+00	0.00e+00	0.00e+00	0.00e+00	0.00e+00	0.00e+00	0.00e+00
 7.74512e+22	2.93e-03	8.45e-01	1.17e-01	3.44e-02	5.83e-04	1.67e-06	0.00e+00	0.00e+00	0.00e+00	0.00e+00	0.00e+00	0.00e+00	0.00e+00	0.00e+00	0.00e+00
 7.75076e+22	2.94e-03	8.49e-01	1.14e-01	3.34e-02	5.51e-04	1.57e-06	0.00e+00	0.00e+00	0.00e+00	0.00e+00	0.00e+00	0.00e+00	0.00e+00	0.00e+00	0.00e+00
 7.75773e+22	2.97e-03	8.55e-01	1.10e-01	3.21e-02	5.11e-04	1.45e-06	0.00e+00	0.00e+00	0.00e+00	0.00e+00	0.00e+00	0.00e+00	0.00e+00	0.00e+00	0.00e+00
 7.76558e+22	2.99e-03	8.61e-01	1.05e-01	3.07e-02	4.70e-04	1.33e-06	0.00e+00	0.00e+00	0.00e+00	0.00e+00	0.00e+00	0.00e+00	0.00e+00	0.00e+00	0.00e+00
 7.77305e+22	3.01e-03	8.66e-01	1.01e-01	2.94e-02	4.35e-04	1.23e-06	0.00e+00	0.00e+00	0.00e+00	0.00e+00	0.00e+00	0.00e+00	0.00e+00	0.00e+00	0.00e+00
 7.78013e+22	3.03e-03	8.71e-01	9.75e-02	2.82e-02	4.03e-04	1.13e-06	0.00e+00	0.00e+00	0.00e+00	0.00e+00	0.00e+00	0.00e+00	0.00e+00	0.00e+00	0.00e+00
 7.78698e+22	3.04e-03	8.75e-01	9.43e-02	2.71e-02	3.75e-04	1.05e-06	0.00e+00	0.00e+00	0.00e+00	0.00e+00	0.00e+00	0.00e+00	0.00e+00	0.00e+00	0.00e+00
 7.79389e+22	3.06e-03	8.80e-01	9.03e-02	2.60e-02	3.46e-04	9.69e-07	0.00e+00	0.00e+00	0.00e+00	0.00e+00	0.00e+00	0.00e+00	0.00e+00	0.00e+00	0.00e+00
 7.80073e+22	3.06e-03	8.84e-01	8.75e-02	2.49e-02	3.22e-04	9.02e-07	0.00e+00	0.00e+00	0.00e+00	0.00e+00	0.00e+00	0.00e+00	0.00e+00	0.00e+00	0.00e+00
 7.80749e+22	3.08e-03	8.89e-01	8.37e-02	2.39e-02	2.98e-04	8.34e-07	0.00e+00	0.00e+00	0.00e+00	0.00e+00	0.00e+00	0.00e+00	0.00e+00	0.00e+00	0.00e+00
 7.81422e+22	3.09e-03	8.94e-01	8.03e-02	2.28e-02	2.75e-04	7.72e-07	0.00e+00	0.00e+00	0.00e+00	0.00e+00	0.00e+00	0.00e+00	0.00e+00	0.00e+00	0.00e+00
 7.82051e+22	3.10e-03	8.97e-01	7.73e-02	2.19e-02	2.56e-04	7.20e-07	0.00e+00	0.00e+00	0.00e+00	0.00e+00	0.00e+00	0.00e+00	0.00e+00	0.00e+00	0.00e+00
 7.82668e+22	3.10e-03	9.01e-01	7.45e-02	2.10e-02	2.39e-04	6.72e-07	0.00e+00	0.00e+00	0.00e+00	0.00e+00	0.00e+00	0.00e+00	0.00e+00	0.00e+00	0.00e+00
 7.83307e+22	3.11e-03	9.05e-01	7.11e-02	2.01e-02	2.20e-04	6.23e-07	0.00e+00	0.00e+00	0.00e+00	0.00e+00	0.00e+00	0.00e+00	0.00e+00	0.00e+00	0.00e+00
 7.83927e+22	3.11e-03	9.09e-01	6.86e-02	1.92e-02	2.05e-04	5.83e-07	0.00e+00	0.00e+00	0.00e+00	0.00e+00	0.00e+00	0.00e+00	0.00e+00	0.00e+00	0.00e+00
 7.84527e+22	3.12e-03	9.13e-01	6.56e-02	1.84e-02	1.90e-04	5.43e-07	0.00e+00	0.00e+00	0.00e+00	0.00e+00	0.00e+00	0.00e+00	0.00e+00	0.00e+00	0.00e+00
 7.85130e+22	3.11e-03	9.16e-01	6.31e-02	1.76e-02	1.77e-04	5.08e-07	0.00e+00	0.00e+00	0.00e+00	0.00e+00	0.00e+00	0.00e+00	0.00e+00	0.00e+00	0.00e+00
 7.85731e+22	3.12e-03	9.20e-01	6.00e-02	1.68e-02	1.64e-04	4.73e-07	0.00e+00	0.00e+00	0.00e+00	0.00e+00	0.00e+00	0.00e+00	0.00e+00	0.00e+00	0.00e+00
 7.86307e+22	3.11e-03	9.23e-01	5.80e-02	1.61e-02	1.53e-04	4.45e-07	0.00e+00	0.00e+00	0.00e+00	0.00e+00	0.00e+00	0.00e+00	0.00e+00	0.00e+00	0.00e+00
 7.86879e+22	3.11e-03	9.26e-01	5.54e-02	1.54e-02	1.42e-04	4.16e-07	0.00e+00	0.00e+00	0.00e+00	0.00e+00	0.00e+00	0.00e+00	0.00e+00	0.00e+00	0.00e+00
