#depth	H	H+	H2
 4.62852e+21	1.08e-07	1.00e+00	5.33e-34
 1.03114e+22	2.04e-07	1.00e+00	4.89e-33
 1.18153e+22	2.62e-07	1.00e+00	1.15e-32
 1.24897e+22	2.95e-07	1.00e+00	8.07e-33
 1.27714e+22	3.04e-07	1.00e+00	8.93e-33
 1.29024e+22	3.16e-07	1.00e+00	1.02e-32
 1.30432e+22	3.27e-07	1.00e+00	1.14e-32
 1.31968e+22	3.41e-07	1.00e+00	1.32e-32
 1.33532e+22	3.53e-07	1.00e+00	1.49e-32
 1.35133e+22	3.70e-07	1.00e+00	1.74e-32
 1.36727e+22	3.82e-07	1.00e+00	1.95e-32
 1.38312e+22	3.99e-07	1.00e+00	2.27e-32
 1.39919e+22	4.12e-07	1.00e+00	2.55e-32
 1.41552e+22	4.31e-07	1.00e+00	2.97e-32
 1.43208e+22	4.45e-07	1.00e+00	3.33e-32
 1.44619e+22	4.59e-07	1.00e+00	3.72e-32
 1.46181e+22	4.79e-07	1.00e+00	4.28e-32
 1.47725e+22	4.93e-07	1.00e+00	4.73e-32
 1.49248e+22	5.13e-07	1.00e+00	4.84e-32
 1.50800e+22	5.28e-07	1.00e+00	5.38e-32
 1.52390e+22	5.50e-07	1.00e+00	6.20e-32
 1.53993e+22	5.67e-07	1.00e+00	6.90e-32
 1.55367e+22	5.84e-07	1.00e+00	7.65e-32
 1.56907e+22	6.07e-07	1.00e+00	8.75e-32
 1.58443e+22	6.25e-07	1.00e+00	9.68e-32
 1.59972e+22	6.47e-07	1.00e+00	1.10e-31
 1.61552e+22	6.67e-07	1.00e+00	1.23e-31
 1.62966e+22	6.87e-07	1.00e+00	1.36e-31
 1.64571e+22	7.12e-07	1.00e+00	1.55e-31
 1.66215e+22	7.35e-07	1.00e+00	1.74e-31
 1.67675e+22	7.57e-07	1.00e+00	1.94e-31
 1.69340e+22	7.86e-07	1.00e+00	2.23e-31
 1.71049e+22	8.09e-07	1.00e+00	2.49e-31
 1.72817e+22	8.40e-07	1.00e+00	2.86e-31
 1.74534e+22	8.66e-07	1.00e+00	3.20e-31
 1.75924e+22	8.86e-07	1.00e+00	3.51e-31
 1.77468e+22	9.16e-07	1.00e+00	3.98e-31
 1.79120e+22	9.43e-07	1.00e+00	4.46e-31
 1.80671e+22	9.70e-07	1.00e+00	4.97e-31
 1.82448e+22	1.01e-06	1.00e+00	5.75e-31
 1.84252e+22	1.04e-06	1.00e+00	6.45e-31
 1.86093e+22	1.08e-06	1.00e+00	7.45e-31
 1.88014e+22	1.11e-06	1.00e+00	8.44e-31
 1.89771e+22	1.15e-06	1.00e+00	9.55e-31
 1.91783e+22	1.19e-06	1.00e+00	1.12e-30
 1.93820e+22	1.23e-06	1.00e+00	1.27e-30
 1.95603e+22	1.27e-06	1.00e+00	1.44e-30
 1.97635e+22	1.33e-06	1.00e+00	1.68e-30
 1.99724e+22	1.37e-06	1.00e+00	1.92e-30
 2.01574e+22	1.42e-06	1.00e+00	2.18e-30
 2.03665e+22	1.48e-06	1.00e+00	2.55e-30
 2.05823e+22	1.54e-06	1.00e+00	2.93e-30
 2.07735e+22	1.60e-06	1.00e+00	3.32e-30
 2.09889e+22	1.68e-06	1.00e+00	3.92e-30
 2.12083e+22	1.75e-06	1.00e+00	4.48e-30
 2.14329e+22	1.85e-06	1.00e+00	5.31e-30
 2.16588e+22	1.92e-06	1.00e+00	6.05e-30
 2.18455e+22	2.00e-06	1.00e+00	6.78e-30
 2.20472e+22	2.10e-06	1.00e+00	7.87e-30
 2.22491e+22	2.18e-06	1.00e+00	8.83e-30
 2.24514e+22	2.30e-06	1.00e+00	1.02e-29
 2.26548e+22	2.40e-06	1.00e+00	1.14e-29
 2.28596e+22	2.54e-06	1.00e+00	1.32e-29
 2.30669e+22	2.65e-06	1.00e+00	1.47e-29
 2.32774e+22	2.81e-06	1.00e+00	1.70e-29
 2.34921e+22	2.94e-06	1.00e+00	1.91e-29
 2.37120e+22	3.13e-06	1.00e+00	2.19e-29
 2.39365e+22	3.30e-06	1.00e+00	2.45e-29
 2.41666e+22	3.53e-06	1.00e+00	2.80e-29
 2.44002e+22	3.72e-06	1.00e+00	3.13e-29
 2.46297e+22	3.98e-06	1.00e+00	3.60e-29
 2.48504e+22	4.19e-06	1.00e+00	3.98e-29
 2.50395e+22	4.40e-06	1.00e+00	4.37e-29
 2.52524e+22	4.69e-06	1.00e+00	4.86e-29
 2.54655e+22	4.94e-06	1.00e+00	5.32e-29
 2.56808e+22	5.27e-06	1.00e+00	5.98e-29
 2.58940e+22	5.53e-06	1.00e+00	6.57e-29
 2.61065e+22	5.90e-06	1.00e+00	7.34e-29
 2.63190e+22	6.19e-06	1.00e+00	8.10e-29
 2.65315e+22	6.60e-06	1.00e+00	9.10e-29
 2.67444e+22	6.92e-06	1.00e+00	1.01e-28
 2.69578e+22	7.38e-06	1.00e+00	1.15e-28
 2.71722e+22	7.74e-06	1.00e+00	1.29e-28
 2.73879e+22	8.24e-06	1.00e+00	1.48e-28
 2.76054e+22	8.64e-06	1.00e+00	1.68e-28
 2.78251e+22	9.20e-06	1.00e+00	1.98e-28
 2.80474e+22	9.65e-06	1.00e+00	2.27e-28
 2.82731e+22	1.03e-05	1.00e+00	2.73e-28
 2.85029e+22	1.08e-05	1.00e+00	3.20e-28
 2.87378e+22	1.15e-05	1.00e+00	3.94e-28
 2.89781e+22	1.21e-05	1.00e+00	4.69e-28
 2.92252e+22	1.29e-05	1.00e+00	5.94e-28
 2.94590e+22	1.35e-05	1.00e+00	6.97e-28
 2.96756e+22	1.43e-05	1.00e+00	8.63e-28
 2.98919e+22	1.49e-05	1.00e+00	1.02e-27
 3.01077e+22	1.57e-05	1.00e+00	1.27e-27
 3.03242e+22	1.64e-05	1.00e+00	1.50e-27
 3.05417e+22	1.73e-05	1.00e+00	1.88e-27
 3.07617e+22	1.81e-05	1.00e+00	2.24e-27
 3.09848e+22	1.91e-05	1.00e+00	2.84e-27
 3.12106e+22	1.99e-05	1.00e+00	3.40e-27
 3.14400e+22	2.11e-05	1.00e+00	4.33e-27
 3.16727e+22	2.20e-05	1.00e+00	5.22e-27
 3.19099e+22	2.33e-05	1.00e+00	6.70e-27
 3.21512e+22	2.44e-05	1.00e+00	8.14e-27
 3.23981e+22	2.59e-05	1.00e+00	1.05e-26
 3.26503e+22	2.70e-05	1.00e+00	1.29e-26
 3.29094e+22	2.88e-05	1.00e+00	1.69e-26
 3.31706e+22	3.01e-05	1.00e+00	2.08e-26
 3.34347e+22	3.20e-05	1.00e+00	2.72e-26
 3.37023e+22	3.35e-05	1.00e+00	3.36e-26
 3.39337e+22	3.51e-05	1.00e+00	4.11e-26
 3.41937e+22	3.72e-05	1.00e+00	5.35e-26
 3.44384e+22	3.87e-05	1.00e+00	6.36e-26
 3.46633e+22	4.06e-05	1.00e+00	7.93e-26
 3.48954e+22	4.23e-05	1.00e+00	9.52e-26
 3.51369e+22	4.46e-05	1.00e+00	1.21e-25
 3.53789e+22	4.64e-05	1.00e+00	1.45e-25
 3.56215e+22	4.89e-05	1.00e+00	1.84e-25
 3.58684e+22	5.10e-05	1.00e+00	2.22e-25
 3.61209e+22	5.38e-05	1.00e+00	2.84e-25
 3.63783e+22	5.62e-05	1.00e+00	3.45e-25
 3.66419e+22	5.94e-05	1.00e+00	4.45e-25
 3.69116e+22	6.21e-05	1.00e+00	5.46e-25
 3.71891e+22	6.59e-05	1.00e+00	7.12e-25
 3.74680e+22	6.89e-05	1.00e+00	8.73e-25
 3.77489e+22	7.30e-05	1.00e+00	1.14e-24
 3.80337e+22	7.64e-05	1.00e+00	1.40e-24
 3.83237e+22	8.11e-05	1.00e+00	1.84e-24
 3.86174e+22	8.49e-05	1.00e+00	2.28e-24
 3.89159e+22	9.02e-05	1.00e+00	3.00e-24
 3.92203e+22	9.48e-05	1.00e+00	3.77e-24
 3.94862e+22	9.92e-05	1.00e+00	4.66e-24
 3.97859e+22	1.05e-04	1.00e+00	6.12e-24
 4.00961e+22	1.11e-04	1.00e+00	7.72e-24
 4.04201e+22	1.18e-04	1.00e+00	1.03e-23
 4.07191e+22	1.23e-04	1.00e+00	1.26e-23
 4.09493e+22	1.28e-04	1.00e+00	1.51e-23
 4.12124e+22	1.35e-04	1.00e+00	1.91e-23
 4.14889e+22	1.41e-04	1.00e+00	2.34e-23
 4.17830e+22	1.49e-04	1.00e+00	3.04e-23
 4.20826e+22	1.56e-04	1.00e+00	3.81e-23
 4.23424e+22	1.63e-04	1.00e+00	4.66e-23
 4.26333e+22	1.72e-04	1.00e+00	6.01e-23
 4.29359e+22	1.81e-04	1.00e+00	7.53e-23
 4.32092e+22	1.90e-04	1.00e+00	9.34e-23
 4.35199e+22	2.01e-04	1.00e+00	1.23e-22
 4.38379e+22	2.11e-04	1.00e+00	1.55e-22
 4.41194e+22	2.22e-04	1.00e+00	1.94e-22
 4.44394e+22	2.35e-04	1.00e+00	2.56e-22
 4.47709e+22	2.48e-04	1.00e+00	3.27e-22
 4.50678e+22	2.61e-04	1.00e+00	4.13e-22
 4.54044e+22	2.78e-04	1.00e+00	5.55e-22
 4.57488e+22	2.93e-04	1.00e+00	6.91e-22
 4.60522e+22	3.08e-04	1.00e+00	8.77e-22
 4.63957e+22	3.29e-04	1.00e+00	1.19e-21
 4.67485e+22	3.48e-04	1.00e+00	1.54e-21
 4.70611e+22	3.66e-04	1.00e+00	1.97e-21
 4.74150e+22	3.91e-04	1.00e+00	2.70e-21
 4.77795e+22	4.14e-04	1.00e+00	3.55e-21
 4.81042e+22	4.37e-04	1.00e+00	4.60e-21
 4.84729e+22	4.68e-04	1.00e+00	6.45e-21
 4.88493e+22	4.96e-04	1.00e+00	8.54e-21
 4.92357e+22	5.33e-04	9.99e-01	1.22e-20
 4.96266e+22	5.65e-04	9.99e-01	1.65e-20
 5.00234e+22	6.08e-04	9.99e-01	2.41e-20
 5.04169e+22	6.44e-04	9.99e-01	3.26e-20
 5.07358e+22	6.78e-04	9.99e-01	4.26e-20
 5.10803e+22	7.21e-04	9.99e-01	5.98e-20
 5.14292e+22	7.60e-04	9.99e-01	8.05e-20
 5.17370e+22	7.99e-04	9.99e-01	1.07e-19
 5.20903e+22	8.51e-04	9.99e-01	1.56e-19
 5.24528e+22	9.00e-04	9.99e-01	2.25e-19
 5.27754e+22	9.48e-04	9.99e-01	3.08e-19
 5.31430e+22	1.01e-03	9.99e-01	4.64e-19
 5.35136e+22	1.07e-03	9.99e-01	6.79e-19
 5.38366e+22	1.13e-03	9.99e-01	9.56e-19
 5.41273e+22	1.17e-03	9.99e-01	1.42e-18
 5.44275e+22	1.24e-03	9.99e-01	1.98e-18
 5.47338e+22	1.30e-03	9.99e-01	2.93e-18
 5.50026e+22	1.35e-03	9.99e-01	4.08e-18
 5.53069e+22	1.43e-03	9.99e-01	6.62e-18
 5.56164e+22	1.49e-03	9.99e-01	1.31e-17
 5.58909e+22	1.56e-03	9.98e-01	2.01e-17
 5.62061e+22	1.64e-03	9.98e-01	4.13e-17
 5.65238e+22	1.72e-03	9.98e-01	7.19e-17
 5.68450e+22	1.82e-03	9.98e-01	1.83e-16
 5.71702e+22	1.90e-03	9.98e-01	4.29e-16
 5.75007e+22	2.01e-03	9.98e-01	1.70e-15
 5.78357e+22	2.11e-03	9.98e-01	5.64e-15
 5.81768e+22	2.23e-03	9.98e-01	3.28e-14
 5.85225e+22	2.34e-03	9.98e-01	1.08e-13
 5.88743e+22	2.48e-03	9.98e-01	2.81e-13
 5.92323e+22	2.61e-03	9.97e-01	4.05e-13
 5.95984e+22	2.77e-03	9.97e-01	5.66e-13
 5.99698e+22	2.91e-03	9.97e-01	7.15e-13
 6.03483e+22	3.10e-03	9.97e-01	9.49e-13
 6.07338e+22	3.27e-03	9.97e-01	1.18e-12
 6.10277e+22	3.39e-03	9.97e-01	1.38e-12
 6.13093e+22	3.55e-03	9.96e-01	1.65e-12
 6.15975e+22	3.68e-03	9.96e-01	1.89e-12
 6.18944e+22	3.86e-03	9.96e-01	2.24e-12
 6.21970e+22	4.02e-03	9.96e-01	2.58e-12
 6.24652e+22	4.18e-03	9.96e-01	2.96e-12
 6.27720e+22	4.39e-03	9.96e-01	3.52e-12
 6.30800e+22	4.56e-03	9.95e-01	3.99e-12
 6.33896e+22	4.79e-03	9.95e-01	4.67e-12
 6.37084e+22	4.99e-03	9.95e-01	5.35e-12
 6.39450e+22	5.12e-03	9.95e-01	5.84e-12
 6.41094e+22	5.22e-03	9.95e-01	6.20e-12
 6.42742e+22	5.36e-03	9.95e-01	6.73e-12
 6.44884e+22	5.53e-03	9.94e-01	7.44e-12
 6.47669e+22	5.79e-03	9.94e-01	8.57e-12
 6.50238e+22	5.95e-03	9.94e-01	9.37e-12
 6.52525e+22	6.16e-03	9.94e-01	1.04e-11
 6.55497e+22	6.45e-03	9.94e-01	1.20e-11
 6.58509e+22	6.69e-03	9.93e-01	1.34e-11
 6.61571e+22	7.00e-03	9.93e-01	1.54e-11
 6.65009e+22	7.36e-03	9.93e-01	1.79e-11
 6.68235e+22	7.65e-03	9.92e-01	2.02e-11
 6.71728e+22	8.06e-03	9.92e-01	2.37e-11
 6.75480e+22	8.45e-03	9.92e-01	2.73e-11
 6.79569e+22	9.01e-03	9.91e-01	3.30e-11
 6.83642e+22	9.43e-03	9.91e-01	3.80e-11
 6.87693e+22	1.00e-02	9.90e-01	4.55e-11
 6.91863e+22	1.05e-02	9.89e-01	5.30e-11
 6.96186e+22	1.13e-02	9.89e-01	6.45e-11
 7.00535e+22	1.19e-02	9.88e-01	7.50e-11
 7.04916e+22	1.28e-02	9.87e-01	9.22e-11
 7.09384e+22	1.35e-02	9.87e-01	1.09e-10
 7.13962e+22	1.46e-02	9.85e-01	1.37e-10
 7.18024e+22	1.52e-02	9.85e-01	1.56e-10
 7.21414e+22	1.62e-02	9.84e-01	1.86e-10
 7.24906e+22	1.70e-02	9.83e-01	2.17e-10
 7.28051e+22	1.80e-02	9.82e-01	2.52e-10
 7.31660e+22	1.94e-02	9.81e-01	3.09e-10
 7.35285e+22	2.06e-02	9.79e-01	3.68e-10
 7.38423e+22	2.20e-02	9.78e-01	4.38e-10
 7.41995e+22	2.39e-02	9.76e-01	5.52e-10
 7.45649e+22	2.59e-02	9.74e-01	6.83e-10
 7.48859e+22	2.81e-02	9.72e-01	8.44e-10
 7.52478e+22	3.13e-02	9.69e-01	1.11e-09
 7.56265e+22	3.49e-02	9.65e-01	1.47e-09
 7.59525e+22	3.87e-02	9.61e-01	1.89e-09
 7.63018e+22	4.44e-02	9.56e-01	2.67e-09
 7.66377e+22	5.04e-02	9.50e-01	3.62e-09
 7.68957e+22	5.63e-02	9.44e-01	4.69e-09
 7.71702e+22	6.47e-02	9.35e-01	6.52e-09
 7.73753e+22	7.08e-02	9.29e-01	7.95e-09
 7.74512e+22	7.34e-02	9.27e-01	8.64e-09
 7.75076e+22	7.57e-02	9.24e-01	9.26e-09
 7.75773e+22	7.89e-02	9.21e-01	1.02e-08
 7.76558e+22	8.26e-02	9.17e-01	1.13e-08
 7.77305e+22	8.62e-02	9.14e-01	1.25e-08
 7.78013e+22	9.01e-02	9.10e-01	1.38e-08
 7.78698e+22	9.38e-02	9.06e-01	1.51e-08
 7.79389e+22	9.82e-02	9.02e-01	1.68e-08
 7.80073e+22	1.02e-01	8.98e-01	1.83e-08
 7.80749e+22	1.07e-01	8.93e-01	2.03e-08
 7.81422e+22	1.12e-01	8.88e-01	2.26e-08
 7.82051e+22	1.17e-01	8.83e-01	2.48e-08
 7.82668e+22	1.22e-01	8.78e-01	2.72e-08
 7.83307e+22	1.28e-01	8.72e-01	3.03e-08
 7.83927e+22	1.33e-01	8.67e-01	3.32e-08
 7.84527e+22	1.40e-01	8.60e-01	3.67e-08
 7.85130e+22	1.46e-01	8.54e-01	4.04e-08
 7.85731e+22	1.53e-01	8.47e-01	4.51e-08
 7.86307e+22	1.59e-01	8.41e-01	4.92e-08
 7.86879e+22	1.66e-01	8.34e-01	5.44e-08
 7.87470e+22	1.74e-01	8.26e-01	6.07e-08
 7.88022e+22	1.82e-01	8.18e-01	6.68e-08
 7.88550e+22	1.89e-01	8.11e-01	7.27e-08
 7.89120e+22	1.98e-01	8.02e-01	8.10e-08
 7.89699e+22	2.07e-01	7.93e-01	9.03e-08
 7.90225e+22	2.16e-01	7.84e-01	9.93e-08
 7.90735e+22	2.25e-01	7.75e-01	1.09e-07
 7.91262e+22	2.35e-01	7.65e-01	1.20e-07
 7.91800e+22	2.45e-01	7.55e-01	1.33e-07
 7.92336e+22	2.55e-01	7.45e-01	1.45e-07
 7.92895e+22	2.66e-01	7.34e-01	1.62e-07
 7.93449e+22	2.78e-01	7.22e-01	1.78e-07
 7.93976e+22	2.89e-01	7.11e-01	1.98e-07
 7.94494e+22	3.01e-01	6.99e-01	2.16e-07
 7.95030e+22	3.13e-01	6.87e-01	2.40e-07
 7.95574e+22	3.26e-01	6.74e-01	2.64e-07
 7.96101e+22	3.39e-01	6.61e-01	2.93e-07
 7.96618e+22	3.52e-01	6.48e-01	3.20e-07
 7.97148e+22	3.66e-01	6.34e-01	3.55e-07
 7.97688e+22	3.79e-01	6.21e-01	3.88e-07
 7.98236e+22	3.93e-01	6.07e-01	4.30e-07
 7.98800e+22	4.08e-01	5.92e-01	4.76e-07
 7.99344e+22	4.23e-01	5.77e-01	5.22e-07
 7.99889e+22	4.37e-01	5.63e-01	5.73e-07
 8.00459e+22	4.52e-01	5.48e-01	6.30e-07
 8.01046e+22	4.67e-01	5.33e-01	6.93e-07
 8.01648e+22	4.84e-01	5.16e-01	7.65e-07
 8.02249e+22	4.99e-01	5.01e-01	8.41e-07
 8.02848e+22	5.14e-01	4.86e-01	9.22e-07
 8.03470e+22	5.30e-01	4.70e-01	1.01e-06
 8.04050e+22	5.44e-01	4.56e-01	1.10e-06
 8.04550e+22	5.56e-01	4.44e-01	1.18e-06
 8.05047e+22	5.67e-01	4.33e-01	1.26e-06
 8.05583e+22	5.80e-01	4.20e-01	1.35e-06
 8.06149e+22	5.93e-01	4.07e-01	1.47e-06
 8.06708e+22	6.04e-01	3.96e-01	1.56e-06
 8.07271e+22	6.16e-01	3.84e-01	1.68e-06
 8.07851e+22	6.29e-01	3.71e-01	1.81e-06
 8.08431e+22	6.40e-01	3.60e-01	1.94e-06
 8.09019e+22	6.51e-01	3.49e-01	2.08e-06
 8.09628e+22	6.63e-01	3.37e-01	2.22e-06
 8.10253e+22	6.74e-01	3.26e-01	2.38e-06
 8.10889e+22	6.85e-01	3.15e-01	2.55e-06
 8.11528e+22	6.96e-01	3.04e-01	2.72e-06
 8.12183e+22	7.06e-01	2.94e-01	2.91e-06
 8.12862e+22	7.17e-01	2.83e-01	3.12e-06
 8.13543e+22	7.27e-01	2.73e-01	3.33e-06
 8.14231e+22	7.36e-01	2.64e-01	3.55e-06
 8.14944e+22	7.46e-01	2.54e-01	3.80e-06
 8.15680e+22	7.56e-01	2.44e-01	4.06e-06
 8.16425e+22	7.65e-01	2.35e-01	4.32e-06
 8.17184e+22	7.73e-01	2.27e-01	4.61e-06
 8.17967e+22	7.82e-01	2.18e-01	4.92e-06
 8.18772e+22	7.91e-01	2.09e-01	5.25e-06
 8.19594e+22	7.99e-01	2.01e-01	5.60e-06
 8.20440e+22	8.06e-01	1.94e-01	5.97e-06
 8.21317e+22	8.14e-01	1.86e-01	6.37e-06
 8.22215e+22	8.21e-01	1.79e-01	6.79e-06
 8.23123e+22	8.28e-01	1.72e-01	7.22e-06
 8.24040e+22	8.34e-01	1.66e-01	7.66e-06
 8.24980e+22	8.41e-01	1.59e-01	8.15e-06
 8.25951e+22	8.47e-01	1.53e-01	8.70e-06
 8.26958e+22	8.53e-01	1.47e-01	9.28e-06
 8.28000e+22	8.58e-01	1.42e-01	9.90e-06
 8.29044e+22	8.63e-01	1.37e-01	1.05e-05
 8.30092e+22	8.68e-01	1.32e-01	1.11e-05
 8.31197e+22	8.72e-01	1.28e-01	1.19e-05
 8.32363e+22	8.77e-01	1.23e-01	1.26e-05
 8.33554e+22	8.81e-01	1.19e-01	1.35e-05
 8.34767e+22	8.86e-01	1.14e-01	1.43e-05
 8.36024e+22	8.90e-01	1.10e-01	1.53e-05
 8.37308e+22	8.94e-01	1.06e-01	1.63e-05
 8.38551e+22	8.97e-01	1.03e-01	1.72e-05
 8.39734e+22	9.00e-01	9.99e-02	1.81e-05
 8.40875e+22	9.03e-01	9.70e-02	1.91e-05
 8.41978e+22	9.06e-01	9.44e-02	1.99e-05
 8.43042e+22	9.08e-01	9.19e-02	2.08e-05
 8.44069e+22	9.10e-01	8.95e-02	2.17e-05
 8.45048e+22	9.13e-01	8.73e-02	2.25e-05
 8.45978e+22	9.15e-01	8.52e-02	2.32e-05
 8.46844e+22	9.17e-01	8.34e-02	2.39e-05
 8.47680e+22	9.18e-01	8.16e-02	2.46e-05
 8.48513e+22	9.20e-01	7.97e-02	2.52e-05
 8.49318e+22	9.22e-01	7.80e-02	2.59e-05
 8.50093e+22	9.24e-01	7.64e-02	2.65e-05
 8.50839e+22	9.25e-01	7.49e-02	2.70e-05
 8.51559e+22	9.27e-01	7.34e-02	2.75e-05
 8.52255e+22	9.28e-01	7.20e-02	2.78e-05
 8.52926e+22	9.29e-01	7.06e-02	2.80e-05
 8.53575e+22	9.31e-01	6.93e-02	2.83e-05
 8.54200e+22	9.32e-01	6.80e-02	2.85e-05
 8.54803e+22	9.33e-01	6.68e-02	2.86e-05
 8.55385e+22	9.34e-01	6.56e-02	2.88e-05
 8.55948e+22	9.36e-01	6.44e-02	2.90e-05
 8.56483e+22	9.37e-01	6.34e-02	2.91e-05
 8.56973e+22	9.38e-01	6.24e-02	2.92e-05
 8.57420e+22	9.38e-01	6.15e-02	2.92e-05
 8.57826e+22	9.39e-01	6.08e-02	2.92e-05
 8.58196e+22	9.40e-01	6.01e-02	2.92e-05
 8.58532e+22	9.41e-01	5.94e-02	2.92e-05
 8.58838e+22	9.41e-01	5.89e-02	2.92e-05
 8.59117e+22	9.42e-01	5.83e-02	2.91e-05
 8.59370e+22	9.42e-01	5.80e-02	2.91e-05
 8.59648e+22	9.43e-01	5.73e-02	2.92e-05
 8.60009e+22	9.44e-01	5.64e-02	2.92e-05
 8.60399e+22	9.44e-01	5.55e-02	2.92e-05
 8.60754e+22	9.45e-01	5.47e-02	2.93e-05
 8.61077e+22	9.46e-01	5.42e-02	2.93e-05
 8.61371e+22	9.46e-01	5.36e-02	2.93e-05
 8.61638e+22	9.47e-01	5.31e-02	2.93e-05
 8.61931e+22	9.47e-01	5.25e-02	2.92e-05
 8.62247e+22	9.48e-01	5.20e-02	2.92e-05
 8.62594e+22	9.49e-01	5.13e-02	2.92e-05
 8.62968e+22	9.49e-01	5.05e-02	2.93e-05
 8.63309e+22	9.50e-01	4.99e-02	2.93e-05
 8.63619e+22	9.50e-01	4.96e-02	2.93e-05
 8.63958e+22	9.51e-01	4.88e-02	2.95e-05
 8.64325e+22	9.52e-01	4.82e-02	2.96e-05
 8.64658e+22	9.52e-01	4.77e-02	2.96e-05
 8.65024e+22	9.53e-01	4.71e-02	2.97e-05
 8.65418e+22	9.54e-01	4.64e-02	2.98e-05
 8.65778e+22	9.54e-01	4.58e-02	2.99e-05
 8.66104e+22	9.55e-01	4.53e-02	2.98e-05
 8.66402e+22	9.55e-01	4.50e-02	2.99e-05
 8.66728e+22	9.55e-01	4.44e-02	3.00e-05
 8.67079e+22	9.56e-01	4.38e-02	3.01e-05
 8.67400e+22	9.57e-01	4.33e-02	3.02e-05
 8.67691e+22	9.57e-01	4.29e-02	3.01e-05
 8.67956e+22	9.57e-01	4.26e-02	3.02e-05
 8.68246e+22	9.58e-01	4.21e-02	3.04e-05
 8.68624e+22	9.58e-01	4.14e-02	3.03e-05
 8.69032e+22	9.59e-01	4.07e-02	3.05e-05
 8.69403e+22	9.60e-01	4.02e-02	3.06e-05
 8.69740e+22	9.60e-01	3.97e-02	3.07e-05
 8.70048e+22	9.61e-01	3.94e-02	3.07e-05
 8.70327e+22	9.61e-01	3.90e-02	3.06e-05
 8.70582e+22	9.61e-01	3.88e-02	3.07e-05
 8.70860e+22	9.62e-01	3.83e-02	3.06e-05
 8.71161e+22	9.62e-01	3.79e-02	3.06e-05
 8.71491e+22	9.63e-01	3.74e-02	3.06e-05
 8.71847e+22	9.63e-01	3.69e-02	3.06e-05
 8.72171e+22	9.63e-01	3.65e-02	3.05e-05
 8.72466e+22	9.64e-01	3.62e-02	3.05e-05
 8.72789e+22	9.64e-01	3.57e-02	3.07e-05
 8.73209e+22	9.65e-01	3.52e-02	3.07e-05
 8.73663e+22	9.65e-01	3.46e-02	3.09e-05
 8.74075e+22	9.66e-01	3.41e-02	3.10e-05
 8.74451e+22	9.66e-01	3.37e-02	3.11e-05
 8.74793e+22	9.66e-01	3.36e-02	3.12e-05
 8.75167e+22	9.67e-01	3.31e-02	3.14e-05
 8.75571e+22	9.67e-01	3.27e-02	3.16e-05
 8.75939e+22	9.68e-01	3.23e-02	3.17e-05
 8.76274e+22	9.68e-01	3.20e-02	3.18e-05
 8.76579e+22	9.68e-01	3.18e-02	3.20e-05
 8.76912e+22	9.68e-01	3.14e-02	3.21e-05
 8.77273e+22	9.69e-01	3.10e-02	3.23e-05
 8.77668e+22	9.69e-01	3.07e-02	3.25e-05
 8.78094e+22	9.70e-01	3.02e-02	3.27e-05
 8.78482e+22	9.70e-01	2.99e-02	3.30e-05
 8.78907e+22	9.70e-01	2.95e-02	3.31e-05
 8.79366e+22	9.71e-01	2.90e-02	3.34e-05
 8.79784e+22	9.71e-01	2.86e-02	3.37e-05
 8.80164e+22	9.71e-01	2.84e-02	3.40e-05
 8.80580e+22	9.72e-01	2.81e-02	3.43e-05
 8.81030e+22	9.72e-01	2.77e-02	3.45e-05
 8.81439e+22	9.73e-01	2.74e-02	3.50e-05
 8.81887e+22	9.73e-01	2.70e-02	3.52e-05
 8.82371e+22	9.73e-01	2.66e-02	3.56e-05
 8.82812e+22	9.74e-01	2.63e-02	3.61e-05
 8.83294e+22	9.74e-01	2.59e-02	3.64e-05
 8.83815e+22	9.74e-01	2.54e-02	3.69e-05
 8.84289e+22	9.75e-01	2.52e-02	3.75e-05
 8.84809e+22	9.75e-01	2.48e-02	3.80e-05
 8.85370e+22	9.76e-01	2.44e-02	3.86e-05
 8.85880e+22	9.76e-01	2.41e-02	3.93e-05
 8.86345e+22	9.76e-01	2.38e-02	3.98e-05
 8.86854e+22	9.76e-01	2.35e-02	4.03e-05
 8.87403e+22	9.77e-01	2.31e-02	4.10e-05
 8.87903e+22	9.77e-01	2.28e-02	4.18e-05
 8.88451e+22	9.77e-01	2.25e-02	4.24e-05
 8.89043e+22	9.78e-01	2.21e-02	4.33e-05
 8.89581e+22	9.78e-01	2.18e-02	4.42e-05
 8.90171e+22	9.78e-01	2.15e-02	4.50e-05
 8.90808e+22	9.79e-01	2.11e-02	4.61e-05
 8.91388e+22	9.79e-01	2.08e-02	4.71e-05
 8.91915e+22	9.79e-01	2.06e-02	4.80e-05
 8.92493e+22	9.80e-01	2.03e-02	4.89e-05
 8.93117e+22	9.80e-01	1.99e-02	5.01e-05
 8.93684e+22	9.80e-01	1.97e-02	5.13e-05
 8.94306e+22	9.81e-01	1.94e-02	5.23e-05
 8.94978e+22	9.81e-01	1.90e-02	5.38e-05
 8.95589e+22	9.81e-01	1.88e-02	5.51e-05
 8.96259e+22	9.81e-01	1.85e-02	5.64e-05
 8.96982e+22	9.82e-01	1.81e-02	5.81e-05
 8.97640e+22	9.82e-01	1.79e-02	5.97e-05
 8.98361e+22	9.82e-01	1.76e-02	6.12e-05
 8.99139e+22	9.83e-01	1.72e-02	6.32e-05
 8.99847e+22	9.83e-01	1.70e-02	6.51e-05
 9.00492e+22	9.83e-01	1.67e-02	6.68e-05
 9.01198e+22	9.83e-01	1.65e-02	6.84e-05
 9.01961e+22	9.84e-01	1.61e-02	7.06e-05
 9.02655e+22	9.84e-01	1.59e-02	7.26e-05
 9.03415e+22	9.84e-01	1.57e-02	7.44e-05
 9.04236e+22	9.84e-01	1.54e-02	7.69e-05
 9.04983e+22	9.85e-01	1.51e-02	7.92e-05
 9.05663e+22	9.85e-01	1.49e-02	8.12e-05
 9.06407e+22	9.85e-01	1.47e-02	8.31e-05
 9.07212e+22	9.85e-01	1.44e-02	8.57e-05
 9.07943e+22	9.86e-01	1.42e-02	8.79e-05
 9.08745e+22	9.86e-01	1.39e-02	9.00e-05
 9.09611e+22	9.86e-01	1.36e-02	9.28e-05
 9.10399e+22	9.86e-01	1.34e-02	9.53e-05
 9.11262e+22	9.87e-01	1.32e-02	9.76e-05
 9.12194e+22	9.87e-01	1.29e-02	1.01e-04
 9.13042e+22	9.87e-01	1.27e-02	1.03e-04
 9.13971e+22	9.87e-01	1.25e-02	1.06e-04
 9.14974e+22	9.88e-01	1.22e-02	1.09e-04
 9.15887e+22	9.88e-01	1.20e-02	1.11e-04
 9.16718e+22	9.88e-01	1.18e-02	1.14e-04
 9.17629e+22	9.88e-01	1.16e-02	1.16e-04
 9.18611e+22	9.88e-01	1.13e-02	1.19e-04
 9.19688e+22	9.89e-01	1.11e-02	1.23e-04
 9.20971e+22	9.89e-01	1.08e-02	1.27e-04
 9.22328e+22	9.89e-01	1.05e-02	1.31e-04
 9.23710e+22	9.90e-01	1.02e-02	1.35e-04
 9.25056e+22	9.90e-01	9.92e-03	1.39e-04
