#depth	O	O+	O+2	O+3	O+4	O+5	O+6	O+7	O+8	O[1]	O[2]	O[3]
 4.62852e+21	1.04e-30	3.98e-24	5.24e-19	5.90e-15	1.81e-11	2.44e-08	8.93e-05	1.92e-02	9.81e-01	0.00e+00	0.00e+00	0.00e+00
 1.05387e+22	2.84e-29	6.91e-23	5.88e-18	4.35e-14	8.72e-11	7.63e-08	2.02e-04	2.91e-02	9.71e-01	0.00e+00	0.00e+00	0.00e+00
 1.25444e+22	2.19e-28	4.02e-22	2.60e-17	1.48e-13	2.27e-10	1.51e-07	3.29e-04	3.72e-02	9.62e-01	0.00e+00	0.00e+00	0.00e+00
 1.36303e+22	6.40e-28	1.01e-21	5.69e-17	2.83e-13	3.75e-10	2.15e-07	4.23e-04	4.23e-02	9.57e-01	0.00e+00	0.00e+00	0.00e+00
 1.40828e+22	8.51e-28	1.30e-21	7.00e-17	3.35e-13	4.28e-10	2.37e-07	4.53e-04	4.37e-02	9.56e-01	0.00e+00	0.00e+00	0.00e+00
 1.42610e+22	1.13e-27	1.65e-21	8.61e-17	3.98e-13	4.88e-10	2.60e-07	4.83e-04	4.52e-02	9.54e-01	0.00e+00	0.00e+00	0.00e+00
 1.44629e+22	1.57e-27	2.20e-21	1.10e-16	4.86e-13	5.71e-10	2.90e-07	5.22e-04	4.70e-02	9.52e-01	0.00e+00	0.00e+00	0.00e+00
 1.46739e+22	2.11e-27	2.83e-21	1.36e-16	5.80e-13	6.55e-10	3.20e-07	5.59e-04	4.86e-02	9.51e-01	0.00e+00	0.00e+00	0.00e+00
 1.48968e+22	3.11e-27	3.96e-21	1.80e-16	7.33e-13	7.86e-10	3.64e-07	6.12e-04	5.08e-02	9.49e-01	0.00e+00	0.00e+00	0.00e+00
 1.51187e+22	4.20e-27	5.14e-21	2.25e-16	8.79e-13	9.06e-10	4.03e-07	6.56e-04	5.26e-02	9.47e-01	0.00e+00	0.00e+00	0.00e+00
 1.53057e+22	5.70e-27	6.69e-21	2.81e-16	1.06e-12	1.04e-09	4.46e-07	7.03e-04	5.44e-02	9.45e-01	0.00e+00	0.00e+00	0.00e+00
 1.54814e+22	7.52e-27	8.50e-21	3.44e-16	1.25e-12	1.19e-09	4.88e-07	7.49e-04	5.62e-02	9.43e-01	0.00e+00	0.00e+00	0.00e+00
 1.56761e+22	1.06e-26	1.15e-20	4.44e-16	1.54e-12	1.40e-09	5.49e-07	8.11e-04	5.84e-02	9.41e-01	0.00e+00	0.00e+00	0.00e+00
 1.58762e+22	1.46e-26	1.51e-20	5.60e-16	1.87e-12	1.63e-09	6.09e-07	8.71e-04	6.05e-02	9.39e-01	0.00e+00	0.00e+00	0.00e+00
 1.60378e+22	1.87e-26	1.87e-20	6.71e-16	2.17e-12	1.83e-09	6.61e-07	9.20e-04	6.21e-02	9.37e-01	0.00e+00	0.00e+00	0.00e+00
 1.62021e+22	2.55e-26	2.44e-20	8.42e-16	2.62e-12	2.11e-09	7.32e-07	9.87e-04	6.43e-02	9.35e-01	0.00e+00	0.00e+00	0.00e+00
 1.63606e+22	3.22e-26	2.99e-20	1.00e-15	3.02e-12	2.36e-09	7.92e-07	1.04e-03	6.59e-02	9.33e-01	0.00e+00	0.00e+00	0.00e+00
 1.64899e+22	4.08e-26	3.67e-20	1.19e-15	3.48e-12	2.64e-09	8.56e-07	1.10e-03	6.76e-02	9.31e-01	0.00e+00	0.00e+00	0.00e+00
 1.66170e+22	5.10e-26	4.45e-20	1.40e-15	3.99e-12	2.93e-09	9.21e-07	1.15e-03	6.93e-02	9.30e-01	0.00e+00	0.00e+00	0.00e+00
 1.67408e+22	6.29e-26	5.34e-20	1.64e-15	4.53e-12	3.23e-09	9.88e-07	1.21e-03	7.09e-02	9.28e-01	0.00e+00	0.00e+00	0.00e+00
 1.68801e+22	8.30e-26	6.79e-20	2.01e-15	5.36e-12	3.68e-09	1.08e-06	1.28e-03	7.30e-02	9.26e-01	0.00e+00	0.00e+00	0.00e+00
 1.70196e+22	1.04e-25	8.27e-20	2.37e-15	6.16e-12	4.10e-09	1.17e-06	1.35e-03	7.47e-02	9.24e-01	0.00e+00	0.00e+00	0.00e+00
 1.71396e+22	1.31e-25	1.01e-19	2.80e-15	7.06e-12	4.56e-09	1.26e-06	1.41e-03	7.65e-02	9.22e-01	0.00e+00	0.00e+00	0.00e+00
 1.72535e+22	1.61e-25	1.21e-19	3.27e-15	8.03e-12	5.03e-09	1.35e-06	1.48e-03	7.82e-02	9.20e-01	0.00e+00	0.00e+00	0.00e+00
 1.73624e+22	1.99e-25	1.44e-19	3.81e-15	9.11e-12	5.55e-09	1.44e-06	1.55e-03	7.99e-02	9.19e-01	0.00e+00	0.00e+00	0.00e+00
 1.74876e+22	2.60e-25	1.83e-19	4.65e-15	1.07e-11	6.30e-09	1.58e-06	1.64e-03	8.22e-02	9.16e-01	0.00e+00	0.00e+00	0.00e+00
 1.76137e+22	3.21e-25	2.19e-19	5.43e-15	1.22e-11	6.95e-09	1.69e-06	1.72e-03	8.40e-02	9.14e-01	0.00e+00	0.00e+00	0.00e+00
 1.77409e+22	4.31e-25	2.83e-19	6.74e-15	1.46e-11	7.97e-09	1.86e-06	1.82e-03	8.65e-02	9.12e-01	0.00e+00	0.00e+00	0.00e+00
 1.78666e+22	5.34e-25	3.40e-19	7.89e-15	1.66e-11	8.82e-09	1.99e-06	1.91e-03	8.84e-02	9.10e-01	0.00e+00	0.00e+00	0.00e+00
 1.79701e+22	6.65e-25	4.12e-19	9.28e-15	1.90e-11	9.77e-09	2.14e-06	2.00e-03	9.03e-02	9.08e-01	0.00e+00	0.00e+00	0.00e+00
 1.80672e+22	8.14e-25	4.90e-19	1.08e-14	2.15e-11	1.07e-08	2.28e-06	2.08e-03	9.21e-02	9.06e-01	0.00e+00	0.00e+00	0.00e+00
 1.81763e+22	1.05e-24	6.11e-19	1.30e-14	2.50e-11	1.21e-08	2.48e-06	2.20e-03	9.44e-02	9.03e-01	0.00e+00	0.00e+00	0.00e+00
 1.82886e+22	1.32e-24	7.47e-19	1.54e-14	2.88e-11	1.35e-08	2.67e-06	2.30e-03	9.66e-02	9.01e-01	0.00e+00	0.00e+00	0.00e+00
 1.83865e+22	1.61e-24	8.87e-19	1.78e-14	3.25e-11	1.48e-08	2.85e-06	2.40e-03	9.85e-02	8.99e-01	0.00e+00	0.00e+00	0.00e+00
 1.84954e+22	2.15e-24	1.14e-18	2.21e-14	3.88e-11	1.69e-08	3.13e-06	2.55e-03	1.01e-01	8.96e-01	0.00e+00	0.00e+00	0.00e+00
 1.86045e+22	2.68e-24	1.38e-18	2.59e-14	4.43e-11	1.87e-08	3.36e-06	2.66e-03	1.03e-01	8.94e-01	0.00e+00	0.00e+00	0.00e+00
 1.87138e+22	3.58e-24	1.78e-18	3.21e-14	5.28e-11	2.14e-08	3.68e-06	2.82e-03	1.06e-01	8.91e-01	0.00e+00	0.00e+00	0.00e+00
 1.88249e+22	4.55e-24	2.18e-18	3.83e-14	6.10e-11	2.39e-08	3.97e-06	2.96e-03	1.09e-01	8.88e-01	0.00e+00	0.00e+00	0.00e+00
 1.89203e+22	5.64e-24	2.63e-18	4.49e-14	6.96e-11	2.64e-08	4.26e-06	3.09e-03	1.11e-01	8.86e-01	0.00e+00	0.00e+00	0.00e+00
 1.90263e+22	7.77e-24	3.47e-18	5.68e-14	8.44e-11	3.06e-08	4.71e-06	3.29e-03	1.14e-01	8.83e-01	0.00e+00	0.00e+00	0.00e+00
 1.91303e+22	9.59e-24	4.17e-18	6.64e-14	9.60e-11	3.38e-08	5.04e-06	3.43e-03	1.16e-01	8.80e-01	0.00e+00	0.00e+00	0.00e+00
 1.92317e+22	1.31e-23	5.46e-18	8.34e-14	1.16e-10	3.89e-08	5.55e-06	3.65e-03	1.20e-01	8.77e-01	0.00e+00	0.00e+00	0.00e+00
 1.93312e+22	1.61e-23	6.52e-18	9.70e-14	1.31e-10	4.28e-08	5.93e-06	3.80e-03	1.22e-01	8.74e-01	0.00e+00	0.00e+00	0.00e+00
 1.94284e+22	2.20e-23	8.58e-18	1.22e-13	1.59e-10	4.95e-08	6.54e-06	4.04e-03	1.25e-01	8.71e-01	0.00e+00	0.00e+00	0.00e+00
 1.95252e+22	2.73e-23	1.03e-17	1.44e-13	1.81e-10	5.47e-08	7.00e-06	4.21e-03	1.28e-01	8.68e-01	0.00e+00	0.00e+00	0.00e+00
 1.96214e+22	3.76e-23	1.36e-17	1.82e-13	2.19e-10	6.33e-08	7.73e-06	4.48e-03	1.31e-01	8.64e-01	0.00e+00	0.00e+00	0.00e+00
 1.97185e+22	4.73e-23	1.67e-17	2.15e-13	2.52e-10	7.03e-08	8.31e-06	4.68e-03	1.34e-01	8.61e-01	0.00e+00	0.00e+00	0.00e+00
 1.98166e+22	6.61e-23	2.23e-17	2.75e-13	3.08e-10	8.19e-08	9.21e-06	4.99e-03	1.38e-01	8.57e-01	0.00e+00	0.00e+00	0.00e+00
 1.99155e+22	8.41e-23	2.75e-17	3.29e-13	3.56e-10	9.15e-08	9.94e-06	5.23e-03	1.41e-01	8.54e-01	0.00e+00	0.00e+00	0.00e+00
 2.00155e+22	1.17e-22	3.66e-17	4.20e-13	4.36e-10	1.07e-07	1.10e-05	5.57e-03	1.45e-01	8.49e-01	0.00e+00	0.00e+00	0.00e+00
 2.01146e+22	1.51e-22	4.56e-17	5.06e-13	5.07e-10	1.20e-07	1.19e-05	5.85e-03	1.48e-01	8.46e-01	0.00e+00	0.00e+00	0.00e+00
 2.02124e+22	2.10e-22	6.08e-17	6.45e-13	6.19e-10	1.39e-07	1.32e-05	6.23e-03	1.53e-01	8.41e-01	0.00e+00	0.00e+00	0.00e+00
 2.03123e+22	2.75e-22	7.67e-17	7.85e-13	7.28e-10	1.57e-07	1.44e-05	6.56e-03	1.56e-01	8.37e-01	0.00e+00	0.00e+00	0.00e+00
 2.04148e+22	3.91e-22	1.04e-16	1.02e-12	9.00e-10	1.85e-07	1.60e-05	7.02e-03	1.61e-01	8.32e-01	0.00e+00	0.00e+00	0.00e+00
 2.05179e+22	5.14e-22	1.32e-16	1.24e-12	1.06e-09	2.09e-07	1.74e-05	7.40e-03	1.65e-01	8.28e-01	0.00e+00	0.00e+00	0.00e+00
 2.06217e+22	7.37e-22	1.80e-16	1.62e-12	1.32e-09	2.47e-07	1.95e-05	7.92e-03	1.70e-01	8.22e-01	0.00e+00	0.00e+00	0.00e+00
 2.07262e+22	9.70e-22	2.29e-16	1.99e-12	1.56e-09	2.80e-07	2.13e-05	8.35e-03	1.74e-01	8.18e-01	0.00e+00	0.00e+00	0.00e+00
 2.08165e+22	1.27e-21	2.89e-16	2.42e-12	1.83e-09	3.17e-07	2.32e-05	8.80e-03	1.78e-01	8.13e-01	0.00e+00	0.00e+00	0.00e+00
 2.09192e+22	1.80e-21	3.91e-16	3.13e-12	2.26e-09	3.72e-07	2.58e-05	9.41e-03	1.83e-01	8.07e-01	0.00e+00	0.00e+00	0.00e+00
 2.10217e+22	2.35e-21	4.92e-16	3.80e-12	2.65e-09	4.20e-07	2.81e-05	9.91e-03	1.87e-01	8.03e-01	0.00e+00	0.00e+00	0.00e+00
 2.11241e+22	3.32e-21	6.66e-16	4.91e-12	3.27e-09	4.94e-07	3.13e-05	1.06e-02	1.93e-01	7.96e-01	0.00e+00	0.00e+00	0.00e+00
 2.12275e+22	4.28e-21	8.28e-16	5.92e-12	3.81e-09	5.55e-07	3.39e-05	1.11e-02	1.97e-01	7.92e-01	0.00e+00	0.00e+00	0.00e+00
 2.13320e+22	5.98e-21	1.11e-15	7.57e-12	4.67e-09	6.48e-07	3.78e-05	1.19e-02	2.03e-01	7.85e-01	0.00e+00	0.00e+00	0.00e+00
 2.14395e+22	7.83e-21	1.40e-15	9.24e-12	5.50e-09	7.35e-07	4.12e-05	1.25e-02	2.08e-01	7.80e-01	0.00e+00	0.00e+00	0.00e+00
 2.15508e+22	1.11e-20	1.89e-15	1.19e-11	6.79e-09	8.64e-07	4.60e-05	1.34e-02	2.14e-01	7.73e-01	0.00e+00	0.00e+00	0.00e+00
 2.16643e+22	1.44e-20	2.38e-15	1.45e-11	7.97e-09	9.78e-07	5.01e-05	1.42e-02	2.19e-01	7.67e-01	0.00e+00	0.00e+00	0.00e+00
 2.17805e+22	2.03e-20	3.20e-15	1.86e-11	9.81e-09	1.15e-06	5.60e-05	1.52e-02	2.25e-01	7.60e-01	0.00e+00	0.00e+00	0.00e+00
 2.18988e+22	2.64e-20	4.02e-15	2.27e-11	1.15e-08	1.30e-06	6.11e-05	1.60e-02	2.30e-01	7.54e-01	0.00e+00	0.00e+00	0.00e+00
 2.20200e+22	3.72e-20	5.40e-15	2.91e-11	1.42e-08	1.53e-06	6.83e-05	1.71e-02	2.37e-01	7.46e-01	0.00e+00	0.00e+00	0.00e+00
 2.21418e+22	4.79e-20	6.73e-15	3.51e-11	1.66e-08	1.72e-06	7.43e-05	1.81e-02	2.42e-01	7.40e-01	0.00e+00	0.00e+00	0.00e+00
 2.22646e+22	6.64e-20	8.93e-15	4.47e-11	2.02e-08	2.01e-06	8.29e-05	1.93e-02	2.49e-01	7.32e-01	0.00e+00	0.00e+00	0.00e+00
 2.23905e+22	8.57e-20	1.11e-14	5.40e-11	2.37e-08	2.28e-06	9.03e-05	2.03e-02	2.54e-01	7.25e-01	0.00e+00	0.00e+00	0.00e+00
 2.24999e+22	1.08e-19	1.37e-14	6.43e-11	2.74e-08	2.55e-06	9.77e-05	2.14e-02	2.59e-01	7.19e-01	0.00e+00	0.00e+00	0.00e+00
 2.26218e+22	1.48e-19	1.78e-14	8.07e-11	3.31e-08	2.96e-06	1.08e-04	2.28e-02	2.66e-01	7.11e-01	0.00e+00	0.00e+00	0.00e+00
 2.27438e+22	1.84e-19	2.16e-14	9.51e-11	3.79e-08	3.29e-06	1.17e-04	2.38e-02	2.71e-01	7.05e-01	0.00e+00	0.00e+00	0.00e+00
 2.28661e+22	2.46e-19	2.79e-14	1.18e-10	4.54e-08	3.79e-06	1.29e-04	2.53e-02	2.78e-01	6.97e-01	0.00e+00	0.00e+00	0.00e+00
 2.29914e+22	3.09e-19	3.39e-14	1.40e-10	5.23e-08	4.24e-06	1.39e-04	2.66e-02	2.83e-01	6.90e-01	0.00e+00	0.00e+00	0.00e+00
 2.31024e+22	3.86e-19	4.11e-14	1.65e-10	5.99e-08	4.72e-06	1.50e-04	2.78e-02	2.88e-01	6.84e-01	0.00e+00	0.00e+00	0.00e+00
 2.32285e+22	5.15e-19	5.29e-14	2.04e-10	7.17e-08	5.44e-06	1.66e-04	2.96e-02	2.95e-01	6.75e-01	0.00e+00	0.00e+00	0.00e+00
 2.33539e+22	6.30e-19	6.29e-14	2.37e-10	8.13e-08	6.00e-06	1.78e-04	3.08e-02	3.00e-01	6.69e-01	0.00e+00	0.00e+00	0.00e+00
 2.34784e+22	8.29e-19	7.99e-14	2.91e-10	9.64e-08	6.87e-06	1.96e-04	3.27e-02	3.07e-01	6.61e-01	0.00e+00	0.00e+00	0.00e+00
 2.36054e+22	1.02e-18	9.53e-14	3.38e-10	1.09e-07	7.59e-06	2.10e-04	3.41e-02	3.12e-01	6.54e-01	0.00e+00	0.00e+00	0.00e+00
 2.37354e+22	1.34e-18	1.21e-13	4.15e-10	1.30e-07	8.70e-06	2.32e-04	3.62e-02	3.19e-01	6.45e-01	0.00e+00	0.00e+00	0.00e+00
 2.38680e+22	1.64e-18	1.45e-13	4.84e-10	1.48e-07	9.64e-06	2.49e-04	3.78e-02	3.24e-01	6.38e-01	0.00e+00	0.00e+00	0.00e+00
 2.40037e+22	2.16e-18	1.84e-13	5.95e-10	1.75e-07	1.11e-05	2.74e-04	4.01e-02	3.31e-01	6.29e-01	0.00e+00	0.00e+00	0.00e+00
 2.41419e+22	2.66e-18	2.20e-13	6.94e-10	2.00e-07	1.23e-05	2.95e-04	4.19e-02	3.36e-01	6.22e-01	0.00e+00	0.00e+00	0.00e+00
 2.42834e+22	3.51e-18	2.80e-13	8.53e-10	2.37e-07	1.41e-05	3.25e-04	4.44e-02	3.43e-01	6.12e-01	0.00e+00	0.00e+00	0.00e+00
 2.44216e+22	4.21e-18	3.28e-13	9.77e-10	2.66e-07	1.54e-05	3.47e-04	4.61e-02	3.48e-01	6.05e-01	0.00e+00	0.00e+00	0.00e+00
 2.45557e+22	5.46e-18	4.12e-13	1.19e-09	3.14e-07	1.75e-05	3.81e-04	4.88e-02	3.55e-01	5.96e-01	0.00e+00	0.00e+00	0.00e+00
 2.46918e+22	6.55e-18	4.82e-13	1.36e-09	3.51e-07	1.92e-05	4.06e-04	5.07e-02	3.60e-01	5.89e-01	0.00e+00	0.00e+00	0.00e+00
 2.48305e+22	8.42e-18	6.00e-13	1.64e-09	4.12e-07	2.18e-05	4.44e-04	5.35e-02	3.66e-01	5.80e-01	0.00e+00	0.00e+00	0.00e+00
 2.49734e+22	1.03e-17	7.15e-13	1.91e-09	4.67e-07	2.41e-05	4.77e-04	5.58e-02	3.72e-01	5.72e-01	0.00e+00	0.00e+00	0.00e+00
 2.51219e+22	1.32e-17	8.90e-13	2.30e-09	5.47e-07	2.74e-05	5.21e-04	5.88e-02	3.78e-01	5.62e-01	0.00e+00	0.00e+00	0.00e+00
 2.52751e+22	1.64e-17	1.07e-12	2.70e-09	6.25e-07	3.04e-05	5.62e-04	6.15e-02	3.84e-01	5.54e-01	0.00e+00	0.00e+00	0.00e+00
 2.54346e+22	2.12e-17	1.34e-12	3.27e-09	7.36e-07	3.47e-05	6.17e-04	6.50e-02	3.91e-01	5.44e-01	0.00e+00	0.00e+00	0.00e+00
 2.55982e+22	2.63e-17	1.62e-12	3.85e-09	8.43e-07	3.86e-05	6.66e-04	6.80e-02	3.96e-01	5.35e-01	2.63e-17	6.78e-28	7.21e-28
 2.57672e+22	3.43e-17	2.04e-12	4.70e-09	9.96e-07	4.42e-05	7.32e-04	7.19e-02	4.03e-01	5.24e-01	3.43e-17	6.57e-26	8.28e-26
 2.59416e+22	4.30e-17	2.48e-12	5.56e-09	1.15e-06	4.94e-05	7.93e-04	7.53e-02	4.09e-01	5.15e-01	4.30e-17	8.23e-26	1.04e-25
 2.61230e+22	5.67e-17	3.16e-12	6.84e-09	1.37e-06	5.68e-05	8.75e-04	7.97e-02	4.16e-01	5.03e-01	5.67e-17	1.08e-25	1.37e-25
 2.63103e+22	7.17e-17	3.88e-12	8.16e-09	1.58e-06	6.39e-05	9.50e-04	8.37e-02	4.22e-01	4.93e-01	7.17e-17	1.37e-25	1.73e-25
 2.64798e+22	8.99e-17	4.73e-12	9.67e-09	1.83e-06	7.16e-05	1.03e-03	8.76e-02	4.28e-01	4.84e-01	8.99e-17	1.72e-25	2.17e-25
 2.66744e+22	1.20e-16	6.07e-12	1.20e-08	2.19e-06	8.26e-05	1.14e-03	9.29e-02	4.35e-01	4.71e-01	1.20e-16	2.29e-25	2.89e-25
 2.68728e+22	1.52e-16	7.46e-12	1.43e-08	2.54e-06	9.31e-05	1.24e-03	9.75e-02	4.40e-01	4.61e-01	1.52e-16	2.91e-25	3.66e-25
 2.70762e+22	2.04e-16	9.64e-12	1.78e-08	3.05e-06	1.08e-04	1.37e-03	1.03e-01	4.47e-01	4.48e-01	2.04e-16	3.91e-25	4.92e-25
 2.72822e+22	2.59e-16	1.19e-11	2.14e-08	3.55e-06	1.22e-04	1.50e-03	1.09e-01	4.52e-01	4.38e-01	2.59e-16	4.97e-25	6.26e-25
 2.74918e+22	3.51e-16	1.55e-11	2.68e-08	4.30e-06	1.42e-04	1.67e-03	1.15e-01	4.59e-01	4.24e-01	3.51e-16	6.74e-25	8.48e-25
 2.77035e+22	4.47e-16	1.91e-11	3.21e-08	5.00e-06	1.60e-04	1.81e-03	1.21e-01	4.64e-01	4.13e-01	4.47e-16	8.58e-25	1.08e-24
 2.79181e+22	6.11e-16	2.51e-11	4.07e-08	6.10e-06	1.87e-04	2.03e-03	1.29e-01	4.70e-01	3.99e-01	6.11e-16	1.17e-24	1.48e-24
 2.81339e+22	7.76e-16	3.09e-11	4.86e-08	7.08e-06	2.11e-04	2.20e-03	1.35e-01	4.74e-01	3.89e-01	7.76e-16	1.49e-24	1.88e-24
 2.83131e+22	9.63e-16	3.73e-11	5.72e-08	8.12e-06	2.36e-04	2.38e-03	1.40e-01	4.78e-01	3.79e-01	9.63e-16	1.85e-24	2.33e-24
 2.85081e+22	1.28e-15	4.78e-11	7.07e-08	9.72e-06	2.73e-04	2.63e-03	1.48e-01	4.83e-01	3.66e-01	1.28e-15	2.46e-24	3.09e-24
 2.87025e+22	1.58e-15	5.74e-11	8.28e-08	1.11e-05	3.03e-04	2.83e-03	1.55e-01	4.86e-01	3.56e-01	1.58e-15	3.03e-24	3.82e-24
 2.88960e+22	2.09e-15	7.32e-11	1.02e-07	1.33e-05	3.50e-04	3.14e-03	1.63e-01	4.90e-01	3.43e-01	2.09e-15	4.01e-24	5.05e-24
 2.90918e+22	2.58e-15	8.83e-11	1.20e-07	1.52e-05	3.91e-04	3.39e-03	1.70e-01	4.93e-01	3.33e-01	2.58e-15	4.97e-24	6.26e-24
 2.92907e+22	3.44e-15	1.13e-10	1.49e-07	1.83e-05	4.54e-04	3.76e-03	1.80e-01	4.96e-01	3.20e-01	3.44e-15	6.62e-24	8.32e-24
 2.94919e+22	4.27e-15	1.37e-10	1.76e-07	2.10e-05	5.08e-04	4.06e-03	1.87e-01	4.98e-01	3.10e-01	4.27e-15	8.23e-24	1.04e-23
 2.96961e+22	5.69e-15	1.76e-10	2.18e-07	2.53e-05	5.91e-04	4.51e-03	1.98e-01	5.01e-01	2.96e-01	5.69e-15	1.10e-23	1.38e-23
 2.99043e+22	7.13e-15	2.14e-10	2.59e-07	2.93e-05	6.67e-04	4.91e-03	2.06e-01	5.02e-01	2.86e-01	7.13e-15	1.38e-23	1.73e-23
 3.01175e+22	9.56e-15	2.76e-10	3.24e-07	3.55e-05	7.81e-04	5.48e-03	2.18e-01	5.04e-01	2.72e-01	9.56e-15	1.84e-23	2.32e-23
 3.03347e+22	1.20e-14	3.38e-10	3.87e-07	4.14e-05	8.85e-04	5.99e-03	2.28e-01	5.04e-01	2.61e-01	1.20e-14	2.32e-23	2.92e-23
 3.05569e+22	1.62e-14	4.38e-10	4.86e-07	5.04e-05	1.04e-03	6.71e-03	2.41e-01	5.04e-01	2.47e-01	1.62e-14	3.13e-23	3.93e-23
 3.07817e+22	2.03e-14	5.35e-10	5.80e-07	5.88e-05	1.18e-03	7.34e-03	2.52e-01	5.04e-01	2.36e-01	2.03e-14	3.93e-23	4.94e-23
 3.09718e+22	2.50e-14	6.41e-10	6.80e-07	6.76e-05	1.33e-03	7.97e-03	2.62e-01	5.03e-01	2.26e-01	2.50e-14	4.84e-23	6.07e-23
 3.11798e+22	3.24e-14	8.05e-10	8.34e-07	8.09e-05	1.55e-03	8.86e-03	2.76e-01	5.01e-01	2.13e-01	3.24e-14	6.27e-23	7.88e-23
 3.13884e+22	3.95e-14	9.58e-10	9.74e-07	9.28e-05	1.74e-03	9.62e-03	2.87e-01	4.98e-01	2.03e-01	3.95e-14	7.65e-23	9.61e-23
 3.15922e+22	5.00e-14	1.18e-09	1.18e-06	1.10e-04	2.00e-03	1.06e-02	3.01e-01	4.95e-01	1.92e-01	5.00e-14	9.69e-23	1.22e-22
 3.18000e+22	6.07e-14	1.40e-09	1.37e-06	1.26e-04	2.26e-03	1.16e-02	3.12e-01	4.92e-01	1.82e-01	6.07e-14	1.18e-22	1.48e-22
 3.20051e+22	7.53e-14	1.70e-09	1.64e-06	1.48e-04	2.59e-03	1.28e-02	3.26e-01	4.87e-01	1.71e-01	7.53e-14	1.46e-22	1.83e-22
 3.22142e+22	9.09e-14	2.01e-09	1.91e-06	1.70e-04	2.92e-03	1.39e-02	3.39e-01	4.82e-01	1.62e-01	9.09e-14	1.77e-22	2.22e-22
 3.24184e+22	1.10e-13	2.38e-09	2.24e-06	1.97e-04	3.31e-03	1.52e-02	3.52e-01	4.77e-01	1.52e-01	1.10e-13	2.14e-22	2.68e-22
 3.26250e+22	1.31e-13	2.79e-09	2.60e-06	2.26e-04	3.73e-03	1.66e-02	3.65e-01	4.71e-01	1.43e-01	1.31e-13	2.55e-22	3.20e-22
 3.28289e+22	1.55e-13	3.25e-09	3.00e-06	2.58e-04	4.20e-03	1.81e-02	3.79e-01	4.64e-01	1.34e-01	1.55e-13	3.03e-22	3.80e-22
 3.30323e+22	1.82e-13	3.76e-09	3.45e-06	2.95e-04	4.71e-03	1.97e-02	3.92e-01	4.57e-01	1.26e-01	1.82e-13	3.56e-22	4.46e-22
 3.32360e+22	2.13e-13	4.32e-09	3.95e-06	3.35e-04	5.28e-03	2.14e-02	4.05e-01	4.50e-01	1.18e-01	2.13e-13	4.15e-22	5.20e-22
 3.34404e+22	2.46e-13	4.94e-09	4.51e-06	3.80e-04	5.90e-03	2.32e-02	4.18e-01	4.42e-01	1.11e-01	2.46e-13	4.80e-22	6.02e-22
 3.36454e+22	2.83e-13	5.63e-09	5.12e-06	4.30e-04	6.58e-03	2.51e-02	4.31e-01	4.34e-01	1.03e-01	2.83e-13	5.53e-22	6.93e-22
 3.38522e+22	3.23e-13	6.37e-09	5.80e-06	4.85e-04	7.32e-03	2.72e-02	4.43e-01	4.25e-01	9.66e-02	3.23e-13	6.32e-22	7.92e-22
 3.40608e+22	3.67e-13	7.19e-09	6.55e-06	5.47e-04	8.14e-03	2.94e-02	4.56e-01	4.16e-01	9.00e-02	3.67e-13	7.19e-22	9.00e-22
 3.42707e+22	4.14e-13	8.06e-09	7.37e-06	6.14e-04	9.01e-03	3.18e-02	4.68e-01	4.07e-01	8.37e-02	4.14e-13	8.12e-22	1.02e-21
 3.44838e+22	4.65e-13	9.03e-09	8.29e-06	6.91e-04	9.99e-03	3.43e-02	4.81e-01	3.97e-01	7.77e-02	4.65e-13	9.13e-22	1.14e-21
 3.46989e+22	5.20e-13	1.01e-08	9.28e-06	7.73e-04	1.10e-02	3.70e-02	4.92e-01	3.87e-01	7.22e-02	5.20e-13	1.02e-21	1.28e-21
 3.49185e+22	5.80e-13	1.12e-08	1.04e-05	8.68e-04	1.22e-02	3.99e-02	5.04e-01	3.76e-01	6.67e-02	5.80e-13	1.14e-21	1.43e-21
 3.51417e+22	6.43e-13	1.24e-08	1.16e-05	9.70e-04	1.34e-02	4.30e-02	5.15e-01	3.66e-01	6.16e-02	6.43e-13	1.27e-21	1.58e-21
 3.53459e+22	6.99e-13	1.35e-08	1.27e-05	1.06e-03	1.45e-02	4.56e-02	5.25e-01	3.57e-01	5.77e-02	6.99e-13	1.38e-21	1.72e-21
 3.55594e+22	7.71e-13	1.49e-08	1.42e-05	1.19e-03	1.61e-02	4.93e-02	5.36e-01	3.45e-01	5.29e-02	7.71e-13	1.52e-21	1.90e-21
 3.57760e+22	8.37e-13	1.62e-08	1.56e-05	1.31e-03	1.73e-02	5.23e-02	5.44e-01	3.36e-01	4.93e-02	8.37e-13	1.65e-21	2.07e-21
 3.59988e+22	9.24e-13	1.80e-08	1.75e-05	1.47e-03	1.91e-02	5.63e-02	5.55e-01	3.24e-01	4.50e-02	9.24e-13	1.83e-21	2.29e-21
 3.62225e+22	9.95e-13	1.95e-08	1.91e-05	1.61e-03	2.06e-02	5.96e-02	5.62e-01	3.14e-01	4.19e-02	9.95e-13	1.97e-21	2.47e-21
 3.64475e+22	1.09e-12	2.15e-08	2.13e-05	1.80e-03	2.26e-02	6.42e-02	5.71e-01	3.02e-01	3.81e-02	1.09e-12	2.16e-21	2.70e-21
 3.66731e+22	1.17e-12	2.32e-08	2.33e-05	1.97e-03	2.43e-02	6.77e-02	5.78e-01	2.93e-01	3.54e-02	1.17e-12	2.33e-21	2.91e-21
 3.68996e+22	1.28e-12	2.56e-08	2.59e-05	2.20e-03	2.65e-02	7.25e-02	5.86e-01	2.81e-01	3.22e-02	1.28e-12	2.55e-21	3.18e-21
 3.71284e+22	1.38e-12	2.77e-08	2.83e-05	2.40e-03	2.84e-02	7.64e-02	5.91e-01	2.72e-01	2.99e-02	1.38e-12	2.75e-21	3.43e-21
 3.73602e+22	1.50e-12	3.05e-08	3.16e-05	2.69e-03	3.10e-02	8.17e-02	5.98e-01	2.60e-01	2.70e-02	1.50e-12	3.00e-21	3.74e-21
 3.75949e+22	1.62e-12	3.31e-08	3.45e-05	2.93e-03	3.31e-02	8.60e-02	6.02e-01	2.51e-01	2.50e-02	1.62e-12	3.23e-21	4.03e-21
 3.78334e+22	1.76e-12	3.65e-08	3.86e-05	3.28e-03	3.60e-02	9.18e-02	6.07e-01	2.39e-01	2.26e-02	1.76e-12	3.53e-21	4.41e-21
 3.80762e+22	1.90e-12	3.98e-08	4.23e-05	3.59e-03	3.85e-02	9.65e-02	6.11e-01	2.30e-01	2.08e-02	1.90e-12	3.82e-21	4.77e-21
 3.83246e+22	2.09e-12	4.41e-08	4.76e-05	4.02e-03	4.18e-02	1.03e-01	6.14e-01	2.18e-01	1.86e-02	2.09e-12	4.20e-21	5.23e-21
 3.85784e+22	2.27e-12	4.83e-08	5.24e-05	4.41e-03	4.47e-02	1.08e-01	6.16e-01	2.10e-01	1.71e-02	2.27e-12	4.57e-21	5.70e-21
 3.88394e+22	2.50e-12	5.41e-08	5.93e-05	4.97e-03	4.86e-02	1.15e-01	6.18e-01	1.98e-01	1.52e-02	2.50e-12	5.05e-21	6.29e-21
 3.91058e+22	2.74e-12	5.97e-08	6.57e-05	5.46e-03	5.19e-02	1.21e-01	6.19e-01	1.89e-01	1.39e-02	2.74e-12	5.55e-21	6.91e-21
 3.93306e+22	2.95e-12	6.51e-08	7.19e-05	5.94e-03	5.49e-02	1.26e-01	6.19e-01	1.81e-01	1.28e-02	2.95e-12	6.00e-21	7.47e-21
 3.95743e+22	3.26e-12	7.27e-08	8.09e-05	6.61e-03	5.91e-02	1.33e-01	6.18e-01	1.72e-01	1.14e-02	3.26e-12	6.64e-21	8.26e-21
 3.98111e+22	3.52e-12	7.92e-08	8.81e-05	7.14e-03	6.22e-02	1.38e-01	6.17e-01	1.65e-01	1.06e-02	3.52e-12	7.19e-21	8.95e-21
 4.00391e+22	3.85e-12	8.78e-08	9.83e-05	7.88e-03	6.64e-02	1.45e-01	6.15e-01	1.56e-01	9.52e-03	3.85e-12	7.87e-21	9.80e-21
 4.02692e+22	4.21e-12	9.64e-08	1.08e-04	8.52e-03	6.98e-02	1.50e-01	6.13e-01	1.50e-01	8.79e-03	4.21e-12	8.63e-21	1.07e-20
 4.05023e+22	4.64e-12	1.08e-07	1.21e-04	9.41e-03	7.45e-02	1.57e-01	6.10e-01	1.41e-01	7.89e-03	4.64e-12	9.55e-21	1.19e-20
 4.07387e+22	5.10e-12	1.19e-07	1.32e-04	1.02e-02	7.83e-02	1.62e-01	6.07e-01	1.35e-01	7.26e-03	5.10e-12	1.05e-20	1.31e-20
 4.09793e+22	5.68e-12	1.34e-07	1.49e-04	1.13e-02	8.34e-02	1.70e-01	6.02e-01	1.27e-01	6.48e-03	5.68e-12	1.17e-20	1.46e-20
 4.12234e+22	6.30e-12	1.49e-07	1.65e-04	1.22e-02	8.77e-02	1.75e-01	5.97e-01	1.21e-01	5.94e-03	6.30e-12	1.31e-20	1.62e-20
 4.14721e+22	7.07e-12	1.69e-07	1.86e-04	1.35e-02	9.34e-02	1.83e-01	5.91e-01	1.14e-01	5.28e-03	7.07e-12	1.47e-20	1.83e-20
 4.17250e+22	7.90e-12	1.90e-07	2.07e-04	1.47e-02	9.82e-02	1.89e-01	5.85e-01	1.08e-01	4.82e-03	7.90e-12	1.65e-20	2.05e-20
 4.19832e+22	9.00e-12	2.18e-07	2.35e-04	1.63e-02	1.05e-01	1.97e-01	5.77e-01	1.01e-01	4.25e-03	9.00e-12	1.88e-20	2.34e-20
 4.22477e+22	1.02e-11	2.46e-07	2.63e-04	1.78e-02	1.10e-01	2.03e-01	5.70e-01	9.54e-02	3.86e-03	1.02e-11	2.14e-20	2.65e-20
 4.25202e+22	1.17e-11	2.87e-07	3.02e-04	1.98e-02	1.17e-01	2.11e-01	5.60e-01	8.84e-02	3.37e-03	1.17e-11	2.48e-20	3.07e-20
 4.27994e+22	1.34e-11	3.27e-07	3.39e-04	2.17e-02	1.23e-01	2.17e-01	5.51e-01	8.32e-02	3.03e-03	1.34e-11	2.84e-20	3.52e-20
 4.30872e+22	1.58e-11	3.87e-07	3.93e-04	2.43e-02	1.31e-01	2.26e-01	5.39e-01	7.66e-02	2.63e-03	1.58e-11	3.36e-20	4.17e-20
 4.33782e+22	1.82e-11	4.45e-07	4.43e-04	2.65e-02	1.38e-01	2.32e-01	5.29e-01	7.18e-02	2.36e-03	1.82e-11	3.90e-20	4.83e-20
 4.36732e+22	2.17e-11	5.31e-07	5.16e-04	2.97e-02	1.47e-01	2.40e-01	5.15e-01	6.58e-02	2.03e-03	2.17e-11	4.67e-20	5.78e-20
 4.39714e+22	2.53e-11	6.14e-07	5.83e-04	3.24e-02	1.54e-01	2.45e-01	5.04e-01	6.14e-02	1.81e-03	2.53e-11	5.47e-20	6.77e-20
 4.42734e+22	3.05e-11	7.39e-07	6.81e-04	3.63e-02	1.64e-01	2.53e-01	4.89e-01	5.59e-02	1.55e-03	3.05e-11	6.64e-20	8.21e-20
 4.45805e+22	3.60e-11	8.62e-07	7.73e-04	3.96e-02	1.72e-01	2.58e-01	4.76e-01	5.19e-02	1.37e-03	3.60e-11	7.87e-20	9.72e-20
 4.48513e+22	4.21e-11	1.00e-06	8.74e-04	4.32e-02	1.80e-01	2.63e-01	4.63e-01	4.81e-02	1.21e-03	4.21e-11	9.25e-20	1.14e-19
 4.51606e+22	5.18e-11	1.22e-06	1.02e-03	4.82e-02	1.90e-01	2.69e-01	4.47e-01	4.36e-02	1.03e-03	5.18e-11	1.15e-19	1.42e-19
 4.54755e+22	6.13e-11	1.42e-06	1.16e-03	5.27e-02	1.99e-01	2.74e-01	4.32e-01	4.01e-02	9.03e-04	6.13e-11	1.37e-19	1.69e-19
 4.57309e+22	7.14e-11	1.63e-06	1.30e-03	5.67e-02	2.06e-01	2.77e-01	4.20e-01	3.73e-02	8.06e-04	7.14e-11	1.60e-19	1.97e-19
 4.59964e+22	8.57e-11	1.93e-06	1.48e-03	6.19e-02	2.15e-01	2.81e-01	4.05e-01	3.43e-02	7.04e-04	8.57e-11	1.93e-19	2.38e-19
 4.62752e+22	1.01e-10	2.23e-06	1.66e-03	6.68e-02	2.23e-01	2.84e-01	3.92e-01	3.17e-02	6.22e-04	1.01e-10	2.29e-19	2.82e-19
 4.65308e+22	1.19e-10	2.58e-06	1.86e-03	7.20e-02	2.31e-01	2.86e-01	3.79e-01	2.93e-02	5.50e-04	1.19e-10	2.71e-19	3.33e-19
 4.68227e+22	1.46e-10	3.09e-06	2.14e-03	7.89e-02	2.41e-01	2.89e-01	3.62e-01	2.64e-02	4.70e-04	1.46e-10	3.36e-19	4.14e-19
 4.71221e+22	1.75e-10	3.62e-06	2.42e-03	8.54e-02	2.50e-01	2.90e-01	3.47e-01	2.41e-02	4.08e-04	1.75e-10	4.05e-19	4.98e-19
 4.73847e+22	2.08e-10	4.20e-06	2.70e-03	9.17e-02	2.58e-01	2.91e-01	3.34e-01	2.22e-02	3.59e-04	2.08e-10	4.84e-19	5.95e-19
 4.76799e+22	2.58e-10	5.04e-06	3.10e-03	1.00e-01	2.68e-01	2.92e-01	3.17e-01	1.99e-02	3.05e-04	2.58e-10	6.07e-19	7.45e-19
 4.79891e+22	3.13e-10	5.95e-06	3.52e-03	1.08e-01	2.76e-01	2.92e-01	3.02e-01	1.80e-02	2.61e-04	3.13e-10	7.43e-19	9.11e-19
 4.82689e+22	3.76e-10	6.95e-06	3.95e-03	1.16e-01	2.84e-01	2.91e-01	2.88e-01	1.63e-02	2.27e-04	3.76e-10	9.01e-19	1.10e-18
 4.85852e+22	4.77e-10	8.44e-06	4.56e-03	1.27e-01	2.94e-01	2.89e-01	2.71e-01	1.45e-02	1.89e-04	4.77e-10	1.15e-18	1.41e-18
 4.89111e+22	5.86e-10	1.00e-05	5.17e-03	1.37e-01	3.02e-01	2.87e-01	2.55e-01	1.29e-02	1.60e-04	5.86e-10	1.43e-18	1.75e-18
 4.92010e+22	7.12e-10	1.17e-05	5.80e-03	1.46e-01	3.10e-01	2.85e-01	2.42e-01	1.16e-02	1.37e-04	7.12e-10	1.76e-18	2.15e-18
 4.95293e+22	9.12e-10	1.43e-05	6.70e-03	1.59e-01	3.18e-01	2.81e-01	2.25e-01	1.02e-02	1.13e-04	9.12e-10	2.28e-18	2.79e-18
 4.98703e+22	1.14e-09	1.71e-05	7.60e-03	1.71e-01	3.26e-01	2.76e-01	2.10e-01	8.97e-03	9.40e-05	1.14e-09	2.88e-18	3.51e-18
 5.01772e+22	1.40e-09	2.01e-05	8.54e-03	1.83e-01	3.32e-01	2.72e-01	1.97e-01	7.97e-03	7.93e-05	1.40e-09	3.59e-18	4.38e-18
 5.05255e+22	1.83e-09	2.48e-05	9.90e-03	1.99e-01	3.39e-01	2.65e-01	1.80e-01	6.82e-03	6.34e-05	1.83e-09	4.77e-18	5.81e-18
 5.08836e+22	2.30e-09	2.96e-05	1.12e-02	2.13e-01	3.44e-01	2.59e-01	1.67e-01	5.96e-03	5.24e-05	2.30e-09	6.06e-18	7.38e-18
 5.12057e+22	2.87e-09	3.50e-05	1.26e-02	2.27e-01	3.49e-01	2.52e-01	1.55e-01	5.22e-03	4.33e-05	2.87e-09	7.68e-18	9.34e-18
 5.15757e+22	3.82e-09	4.35e-05	1.46e-02	2.45e-01	3.54e-01	2.43e-01	1.39e-01	4.38e-03	3.38e-05	3.82e-09	1.04e-17	1.27e-17
 5.19498e+22	4.82e-09	5.19e-05	1.65e-02	2.61e-01	3.57e-01	2.35e-01	1.28e-01	3.77e-03	2.75e-05	4.82e-09	1.34e-17	1.62e-17
 5.23292e+22	6.45e-09	6.44e-05	1.91e-02	2.80e-01	3.59e-01	2.24e-01	1.14e-01	3.13e-03	2.12e-05	6.45e-09	1.83e-17	2.22e-17
 5.27132e+22	8.18e-09	7.67e-05	2.14e-02	2.97e-01	3.60e-01	2.15e-01	1.04e-01	2.68e-03	1.71e-05	8.18e-09	2.36e-17	2.87e-17
 5.31030e+22	1.10e-08	9.55e-05	2.48e-02	3.18e-01	3.60e-01	2.03e-01	9.17e-02	2.19e-03	1.29e-05	1.10e-08	3.28e-17	3.97e-17
 5.34966e+22	1.40e-08	1.14e-04	2.78e-02	3.35e-01	3.59e-01	1.94e-01	8.28e-02	1.85e-03	1.03e-05	1.40e-08	4.25e-17	5.15e-17
 5.38949e+22	1.90e-08	1.41e-04	3.20e-02	3.57e-01	3.56e-01	1.81e-01	7.23e-02	1.49e-03	7.66e-06	1.90e-08	5.96e-17	7.21e-17
 5.42973e+22	2.42e-08	1.68e-04	3.57e-02	3.74e-01	3.53e-01	1.71e-01	6.47e-02	1.25e-03	6.04e-06	2.42e-08	7.77e-17	9.40e-17
 5.47051e+22	3.30e-08	2.09e-04	4.10e-02	3.96e-01	3.47e-01	1.59e-01	5.59e-02	9.96e-04	4.42e-06	3.30e-08	1.10e-16	1.33e-16
 5.51182e+22	4.21e-08	2.48e-04	4.56e-02	4.13e-01	3.42e-01	1.49e-01	4.96e-02	8.27e-04	3.44e-06	4.21e-08	1.44e-16	1.74e-16
 5.55382e+22	5.76e-08	3.08e-04	5.22e-02	4.34e-01	3.34e-01	1.36e-01	4.23e-02	6.47e-04	2.48e-06	5.76e-08	2.06e-16	2.49e-16
 5.59512e+22	7.25e-08	3.62e-04	5.76e-02	4.50e-01	3.27e-01	1.27e-01	3.75e-02	5.38e-04	1.93e-06	7.25e-08	2.67e-16	3.23e-16
 5.62970e+22	9.03e-08	4.21e-04	6.31e-02	4.64e-01	3.20e-01	1.19e-01	3.33e-02	4.50e-04	1.52e-06	9.03e-08	3.43e-16	4.14e-16
 5.66304e+22	1.12e-07	4.87e-04	6.88e-02	4.77e-01	3.12e-01	1.11e-01	2.96e-02	3.76e-04	1.20e-06	1.12e-07	4.37e-16	5.27e-16
 5.70053e+22	1.46e-07	5.85e-04	7.66e-02	4.93e-01	3.02e-01	1.02e-01	2.55e-02	2.99e-04	8.86e-07	1.46e-07	5.93e-16	7.15e-16
 5.73792e+22	1.80e-07	6.75e-04	8.33e-02	5.05e-01	2.94e-01	9.45e-02	2.25e-02	2.49e-04	6.95e-07	1.80e-07	7.53e-16	9.08e-16
 5.77519e+22	2.34e-07	8.05e-04	9.22e-02	5.19e-01	2.83e-01	8.59e-02	1.93e-02	1.97e-04	5.11e-07	2.34e-07	1.01e-15	1.22e-15
 5.81315e+22	2.90e-07	9.30e-04	1.00e-01	5.29e-01	2.73e-01	7.92e-02	1.69e-02	1.62e-04	3.95e-07	2.90e-07	1.29e-15	1.56e-15
 5.85200e+22	3.80e-07	1.11e-03	1.11e-01	5.41e-01	2.61e-01	7.13e-02	1.43e-02	1.27e-04	2.85e-07	3.80e-07	1.75e-15	2.11e-15
 5.89125e+22	4.71e-07	1.28e-03	1.20e-01	5.50e-01	2.51e-01	6.53e-02	1.24e-02	1.03e-04	2.17e-07	4.71e-07	2.24e-15	2.69e-15
 5.92579e+22	5.81e-07	1.48e-03	1.29e-01	5.57e-01	2.41e-01	5.97e-02	1.08e-02	8.43e-05	1.67e-07	5.81e-07	2.83e-15	3.41e-15
 5.96548e+22	7.59e-07	1.76e-03	1.42e-01	5.65e-01	2.28e-01	5.32e-02	9.07e-03	6.48e-05	0.00e+00	7.59e-07	3.83e-15	4.61e-15
 6.00389e+22	9.21e-07	2.00e-03	1.52e-01	5.70e-01	2.19e-01	4.87e-02	7.94e-03	5.33e-05	0.00e+00	9.21e-07	4.77e-15	5.73e-15
 6.03447e+22	1.10e-06	2.25e-03	1.62e-01	5.74e-01	2.10e-01	4.49e-02	7.01e-03	4.45e-05	0.00e+00	1.10e-06	5.83e-15	6.99e-15
 6.06803e+22	1.36e-06	2.59e-03	1.74e-01	5.77e-01	2.00e-01	4.05e-02	6.01e-03	3.56e-05	0.00e+00	1.36e-06	7.45e-15	8.92e-15
 6.10219e+22	1.63e-06	2.91e-03	1.85e-01	5.79e-01	1.91e-01	3.71e-02	5.27e-03	2.94e-05	0.00e+00	1.63e-06	9.14e-15	1.09e-14
 6.13233e+22	1.93e-06	3.25e-03	1.96e-01	5.80e-01	1.83e-01	3.40e-02	4.64e-03	2.44e-05	0.00e+00	1.93e-06	1.11e-14	1.33e-14
 6.16673e+22	2.40e-06	3.74e-03	2.10e-01	5.80e-01	1.72e-01	3.04e-02	3.94e-03	1.93e-05	0.00e+00	2.40e-06	1.43e-14	1.70e-14
 6.20157e+22	2.87e-06	4.20e-03	2.22e-01	5.79e-01	1.64e-01	2.76e-02	3.43e-03	1.58e-05	0.00e+00	2.87e-06	1.75e-14	2.08e-14
 6.23212e+22	3.40e-06	4.69e-03	2.35e-01	5.77e-01	1.56e-01	2.52e-02	3.00e-03	1.30e-05	0.00e+00	3.40e-06	2.13e-14	2.53e-14
 6.26698e+22	4.23e-06	5.40e-03	2.51e-01	5.73e-01	1.46e-01	2.23e-02	2.52e-03	1.01e-05	0.00e+00	4.23e-06	2.74e-14	3.25e-14
 6.30214e+22	5.01e-06	6.02e-03	2.64e-01	5.69e-01	1.38e-01	2.02e-02	2.19e-03	8.28e-06	0.00e+00	5.01e-06	3.32e-14	3.95e-14
 6.33768e+22	6.20e-06	6.91e-03	2.82e-01	5.63e-01	1.29e-01	1.78e-02	1.84e-03	6.41e-06	0.00e+00	6.20e-06	4.26e-14	5.06e-14
 6.37379e+22	7.40e-06	7.73e-03	2.97e-01	5.57e-01	1.21e-01	1.60e-02	1.58e-03	5.16e-06	0.00e+00	7.40e-06	5.23e-14	6.21e-14
 6.40561e+22	8.75e-06	8.61e-03	3.11e-01	5.50e-01	1.14e-01	1.44e-02	1.36e-03	4.18e-06	0.00e+00	8.75e-06	6.36e-14	7.56e-14
 6.44196e+22	1.08e-05	9.85e-03	3.30e-01	5.41e-01	1.06e-01	1.26e-02	1.13e-03	3.20e-06	0.00e+00	1.08e-05	8.16e-14	9.68e-14
 6.47910e+22	1.29e-05	1.10e-02	3.47e-01	5.32e-01	9.86e-02	1.12e-02	9.63e-04	2.54e-06	0.00e+00	1.29e-05	1.00e-13	1.19e-13
 6.51726e+22	1.59e-05	1.26e-02	3.67e-01	5.19e-01	9.06e-02	9.69e-03	7.91e-04	1.92e-06	0.00e+00	1.59e-05	1.29e-13	1.53e-13
 6.55619e+22	1.91e-05	1.42e-02	3.85e-01	5.08e-01	8.38e-02	8.51e-03	6.62e-04	1.49e-06	0.00e+00	1.91e-05	1.60e-13	1.90e-13
 6.59015e+22	2.26e-05	1.57e-02	4.02e-01	4.96e-01	7.79e-02	7.54e-03	5.62e-04	1.18e-06	0.00e+00	2.26e-05	1.95e-13	2.32e-13
 6.62836e+22	2.79e-05	1.79e-02	4.23e-01	4.81e-01	7.09e-02	6.45e-03	4.57e-04	8.80e-07	0.00e+00	2.79e-05	2.51e-13	2.98e-13
 6.66802e+22	3.34e-05	2.00e-02	4.42e-01	4.67e-01	6.52e-02	5.63e-03	3.80e-04	6.78e-07	0.00e+00	3.34e-05	3.11e-13	3.69e-13
 6.70957e+22	4.19e-05	2.31e-02	4.66e-01	4.48e-01	5.83e-02	4.70e-03	2.99e-04	4.84e-07	0.00e+00	4.19e-05	4.09e-13	4.86e-13
 6.75117e+22	4.96e-05	2.56e-02	4.84e-01	4.32e-01	5.34e-02	4.09e-03	2.49e-04	3.72e-07	0.00e+00	4.96e-05	5.03e-13	5.97e-13
 6.79285e+22	6.17e-05	2.94e-02	5.07e-01	4.12e-01	4.76e-02	3.41e-03	1.96e-04	2.66e-07	0.00e+00	6.17e-05	6.57e-13	7.79e-13
 6.82954e+22	7.04e-05	3.19e-02	5.22e-01	3.99e-01	4.41e-02	3.03e-03	1.68e-04	2.14e-07	0.00e+00	7.04e-05	7.71e-13	9.14e-13
 6.85571e+22	7.90e-05	3.42e-02	5.34e-01	3.88e-01	4.14e-02	2.74e-03	1.47e-04	1.78e-07	0.00e+00	7.90e-05	8.89e-13	1.05e-12
 6.88568e+22	9.20e-05	3.76e-02	5.49e-01	3.73e-01	3.79e-02	2.39e-03	1.23e-04	1.39e-07	0.00e+00	9.20e-05	1.07e-12	1.27e-12
 6.91686e+22	1.05e-04	4.07e-02	5.63e-01	3.59e-01	3.51e-02	2.12e-03	1.06e-04	0.00e+00	0.00e+00	1.05e-04	1.26e-12	1.49e-12
 6.94960e+22	1.24e-04	4.51e-02	5.79e-01	3.42e-01	3.17e-02	1.82e-03	8.65e-05	0.00e+00	0.00e+00	1.24e-04	1.55e-12	1.83e-12
 6.98238e+22	1.41e-04	4.87e-02	5.92e-01	3.29e-01	2.92e-02	1.61e-03	7.37e-05	0.00e+00	0.00e+00	1.41e-04	1.81e-12	2.15e-12
 7.01519e+22	1.66e-04	5.39e-02	6.07e-01	3.11e-01	2.63e-02	1.37e-03	6.00e-05	0.00e+00	0.00e+00	1.66e-04	2.23e-12	2.64e-12
 7.04831e+22	1.88e-04	5.81e-02	6.18e-01	2.98e-01	2.41e-02	1.20e-03	5.08e-05	0.00e+00	0.00e+00	1.88e-04	2.61e-12	3.09e-12
 7.08183e+22	2.20e-04	6.40e-02	6.32e-01	2.81e-01	2.16e-02	1.02e-03	4.13e-05	0.00e+00	0.00e+00	2.20e-04	3.19e-12	3.77e-12
 7.11637e+22	2.52e-04	6.94e-02	6.43e-01	2.67e-01	1.96e-02	8.82e-04	3.44e-05	0.00e+00	0.00e+00	2.52e-04	3.78e-12	4.47e-12
 7.14741e+22	2.87e-04	7.50e-02	6.53e-01	2.53e-01	1.78e-02	7.64e-04	2.87e-05	0.00e+00	0.00e+00	2.87e-04	4.46e-12	5.28e-12
 7.18291e+22	3.39e-04	8.29e-02	6.65e-01	2.35e-01	1.57e-02	6.34e-04	2.27e-05	0.00e+00	0.00e+00	3.39e-04	5.52e-12	6.53e-12
 7.21891e+22	3.85e-04	8.94e-02	6.74e-01	2.22e-01	1.41e-02	5.46e-04	1.88e-05	0.00e+00	0.00e+00	3.85e-04	6.51e-12	7.70e-12
 7.25555e+22	4.53e-04	9.85e-02	6.83e-01	2.05e-01	1.24e-02	4.50e-04	1.48e-05	0.00e+00	0.00e+00	4.53e-04	8.04e-12	9.50e-12
 7.29350e+22	5.20e-04	1.07e-01	6.90e-01	1.91e-01	1.10e-02	3.79e-04	1.20e-05	0.00e+00	0.00e+00	5.20e-04	9.63e-12	1.14e-11
 7.33314e+22	6.19e-04	1.18e-01	6.97e-01	1.75e-01	9.49e-03	3.05e-04	9.14e-06	0.00e+00	0.00e+00	6.19e-04	1.21e-11	1.43e-11
 7.37306e+22	7.09e-04	1.28e-01	7.01e-01	1.62e-01	8.37e-03	2.55e-04	7.33e-06	0.00e+00	0.00e+00	7.09e-04	1.44e-11	1.70e-11
 7.41333e+22	8.44e-04	1.41e-01	7.05e-01	1.46e-01	7.13e-03	2.02e-04	5.52e-06	0.00e+00	0.00e+00	8.44e-04	1.82e-11	2.14e-11
 7.45401e+22	9.61e-04	1.52e-01	7.06e-01	1.34e-01	6.27e-03	1.68e-04	4.41e-06	0.00e+00	0.00e+00	9.61e-04	2.16e-11	2.55e-11
 7.49521e+22	1.13e-03	1.67e-01	7.06e-01	1.20e-01	5.33e-03	1.33e-04	3.32e-06	0.00e+00	0.00e+00	1.13e-03	2.70e-11	3.18e-11
 7.53779e+22	1.30e-03	1.81e-01	7.04e-01	1.09e-01	4.61e-03	1.08e-04	2.58e-06	0.00e+00	0.00e+00	1.30e-03	3.23e-11	3.81e-11
 7.58217e+22	1.56e-03	2.00e-01	6.99e-01	9.58e-02	3.81e-03	8.21e-05	1.87e-06	0.00e+00	0.00e+00	1.56e-03	4.11e-11	4.84e-11
 7.62646e+22	1.77e-03	2.14e-01	6.94e-01	8.65e-02	3.29e-03	6.65e-05	1.45e-06	0.00e+00	0.00e+00	1.77e-03	4.87e-11	5.75e-11
 7.67064e+22	2.10e-03	2.35e-01	6.85e-01	7.54e-02	2.72e-03	5.05e-05	1.05e-06	0.00e+00	0.00e+00	2.10e-03	6.13e-11	7.23e-11
 7.71619e+22	2.40e-03	2.52e-01	6.76e-01	6.70e-02	2.32e-03	4.01e-05	8.01e-07	0.00e+00	0.00e+00	2.40e-03	7.34e-11	8.66e-11
 7.76353e+22	2.87e-03	2.78e-01	6.60e-01	5.70e-02	1.87e-03	2.94e-05	5.59e-07	0.00e+00	0.00e+00	2.87e-03	9.37e-11	1.11e-10
 7.81157e+22	3.28e-03	2.98e-01	6.47e-01	5.01e-02	1.58e-03	2.30e-05	4.21e-07	0.00e+00	0.00e+00	3.28e-03	1.12e-10	1.32e-10
 7.86049e+22	3.93e-03	3.27e-01	6.26e-01	4.18e-02	1.26e-03	1.64e-05	2.88e-07	0.00e+00	0.00e+00	3.93e-03	1.44e-10	1.70e-10
 7.91094e+22	4.49e-03	3.50e-01	6.08e-01	3.60e-02	1.05e-03	1.25e-05	2.12e-07	0.00e+00	0.00e+00	4.49e-03	1.73e-10	2.05e-10
 7.96336e+22	5.43e-03	3.85e-01	5.80e-01	2.91e-02	8.13e-04	8.59e-06	1.40e-07	0.00e+00	0.00e+00	5.43e-03	2.25e-10	2.66e-10
 8.01731e+22	6.24e-03	4.12e-01	5.57e-01	2.44e-02	6.64e-04	6.33e-06	0.00e+00	0.00e+00	0.00e+00	6.24e-03	2.74e-10	3.24e-10
 8.07325e+22	7.59e-03	4.52e-01	5.21e-01	1.90e-02	5.04e-04	4.14e-06	0.00e+00	0.00e+00	0.00e+00	7.59e-03	3.60e-10	4.25e-10
 8.13144e+22	8.84e-03	4.85e-01	4.90e-01	1.53e-02	4.00e-04	2.89e-06	0.00e+00	0.00e+00	0.00e+00	8.84e-03	4.46e-10	5.28e-10
 8.19250e+22	1.09e-02	5.32e-01	4.45e-01	1.13e-02	2.93e-04	1.76e-06	0.00e+00	0.00e+00	0.00e+00	1.09e-02	5.97e-10	7.06e-10
 8.25499e+22	1.28e-02	5.69e-01	4.09e-01	8.71e-03	2.27e-04	1.16e-06	0.00e+00	0.00e+00	0.00e+00	1.28e-02	7.48e-10	8.86e-10
 8.30364e+22	1.44e-02	5.96e-01	3.82e-01	7.10e-03	1.87e-04	8.46e-07	0.00e+00	0.00e+00	0.00e+00	1.44e-02	8.83e-10	1.05e-09
 8.35114e+22	1.69e-02	6.34e-01	3.44e-01	5.35e-03	1.45e-04	5.46e-07	0.00e+00	0.00e+00	0.00e+00	1.69e-02	1.11e-09	1.31e-09
 8.39961e+22	1.92e-02	6.63e-01	3.13e-01	4.18e-03	1.17e-04	3.77e-07	0.00e+00	0.00e+00	0.00e+00	1.92e-02	1.32e-09	1.57e-09
 8.44935e+22	2.28e-02	7.01e-01	2.73e-01	2.99e-03	8.74e-05	2.28e-07	0.00e+00	0.00e+00	0.00e+00	2.28e-02	1.68e-09	1.99e-09
 8.50068e+22	2.64e-02	7.31e-01	2.40e-01	2.20e-03	6.78e-05	1.46e-07	0.00e+00	0.00e+00	0.00e+00	2.64e-02	2.05e-09	2.43e-09
 8.55410e+22	3.21e-02	7.68e-01	1.99e-01	1.45e-03	4.83e-05	0.00e+00	0.00e+00	0.00e+00	0.00e+00	3.21e-02	2.67e-09	3.16e-09
 8.60325e+22	3.69e-02	7.90e-01	1.72e-01	1.06e-03	3.79e-05	0.00e+00	0.00e+00	0.00e+00	0.00e+00	3.69e-02	3.19e-09	3.77e-09
 8.63999e+22	4.19e-02	8.08e-01	1.49e-01	7.83e-04	3.01e-05	0.00e+00	0.00e+00	0.00e+00	0.00e+00	4.19e-02	3.78e-09	4.45e-09
 8.68086e+22	4.95e-02	8.27e-01	1.23e-01	5.28e-04	2.22e-05	0.00e+00	0.00e+00	0.00e+00	0.00e+00	4.95e-02	4.69e-09	5.51e-09
 8.72433e+22	5.86e-02	8.42e-01	9.94e-02	3.52e-04	1.63e-05	0.00e+00	0.00e+00	0.00e+00	0.00e+00	5.86e-02	5.82e-09	6.82e-09
 8.76417e+22	6.96e-02	8.51e-01	7.93e-02	2.33e-04	1.18e-05	0.00e+00	0.00e+00	0.00e+00	0.00e+00	6.96e-02	7.22e-09	8.45e-09
 8.80222e+22	8.31e-02	8.55e-01	6.21e-02	1.51e-04	8.43e-06	0.00e+00	0.00e+00	0.00e+00	0.00e+00	8.31e-02	8.99e-09	1.05e-08
 8.83800e+22	9.97e-02	8.52e-01	4.78e-02	9.81e-05	5.94e-06	0.00e+00	0.00e+00	0.00e+00	0.00e+00	9.97e-02	1.12e-08	1.31e-08
 8.87099e+22	1.20e-01	8.44e-01	3.63e-02	6.39e-05	4.14e-06	0.00e+00	0.00e+00	0.00e+00	0.00e+00	1.20e-01	1.39e-08	1.63e-08
 8.90112e+22	1.44e-01	8.29e-01	2.73e-02	4.22e-05	2.85e-06	0.00e+00	0.00e+00	0.00e+00	0.00e+00	1.44e-01	1.71e-08	2.02e-08
 8.92855e+22	1.72e-01	8.08e-01	2.04e-02	2.83e-05	1.95e-06	0.00e+00	0.00e+00	0.00e+00	0.00e+00	1.72e-01	2.08e-08	2.47e-08
 8.95352e+22	2.05e-01	7.80e-01	1.51e-02	1.94e-05	1.33e-06	0.00e+00	0.00e+00	0.00e+00	0.00e+00	2.05e-01	2.50e-08	2.96e-08
 8.97626e+22	2.41e-01	7.47e-01	1.12e-02	1.37e-05	9.02e-07	0.00e+00	0.00e+00	0.00e+00	0.00e+00	2.41e-01	2.95e-08	3.49e-08
 8.99695e+22	2.82e-01	7.10e-01	8.32e-03	9.85e-06	6.14e-07	0.00e+00	0.00e+00	0.00e+00	0.00e+00	2.82e-01	3.42e-08	4.03e-08
 9.01003e+22	3.09e-01	6.84e-01	6.94e-03	8.16e-06	4.88e-07	0.00e+00	0.00e+00	0.00e+00	0.00e+00	3.09e-01	3.69e-08	4.35e-08
 9.01503e+22	3.20e-01	6.73e-01	6.45e-03	7.57e-06	4.43e-07	0.00e+00	0.00e+00	0.00e+00	0.00e+00	3.20e-01	3.80e-08	4.48e-08
 9.01904e+22	3.30e-01	6.64e-01	6.04e-03	7.08e-06	4.07e-07	0.00e+00	0.00e+00	0.00e+00	0.00e+00	3.30e-01	3.90e-08	4.60e-08
 9.02413e+22	3.43e-01	6.52e-01	5.55e-03	6.51e-06	3.65e-07	0.00e+00	0.00e+00	0.00e+00	0.00e+00	3.43e-01	4.03e-08	4.75e-08
 9.03029e+22	3.59e-01	6.36e-01	5.01e-03	5.88e-06	3.18e-07	0.00e+00	0.00e+00	0.00e+00	0.00e+00	3.59e-01	4.19e-08	4.93e-08
 9.03657e+22	3.75e-01	6.20e-01	4.52e-03	5.33e-06	2.79e-07	0.00e+00	0.00e+00	0.00e+00	0.00e+00	3.75e-01	4.34e-08	5.11e-08
 9.04256e+22	3.92e-01	6.04e-01	4.07e-03	4.83e-06	2.44e-07	0.00e+00	0.00e+00	0.00e+00	0.00e+00	3.92e-01	4.48e-08	5.28e-08
 9.04844e+22	4.08e-01	5.89e-01	3.69e-03	4.41e-06	2.15e-07	0.00e+00	0.00e+00	0.00e+00	0.00e+00	4.08e-01	4.62e-08	5.43e-08
 9.05464e+22	4.25e-01	5.71e-01	3.31e-03	3.99e-06	1.86e-07	0.00e+00	0.00e+00	0.00e+00	0.00e+00	4.25e-01	4.76e-08	5.60e-08
 9.06125e+22	4.45e-01	5.52e-01	2.94e-03	3.59e-06	1.60e-07	0.00e+00	0.00e+00	0.00e+00	0.00e+00	4.45e-01	4.90e-08	5.76e-08
 9.06771e+22	4.64e-01	5.33e-01	2.62e-03	3.24e-06	1.38e-07	0.00e+00	0.00e+00	0.00e+00	0.00e+00	4.64e-01	5.03e-08	5.91e-08
 9.07406e+22	4.83e-01	5.14e-01	2.33e-03	2.93e-06	0.00e+00	0.00e+00	0.00e+00	0.00e+00	0.00e+00	4.83e-01	5.15e-08	6.05e-08
 9.08055e+22	5.02e-01	4.96e-01	2.08e-03	2.65e-06	0.00e+00	0.00e+00	0.00e+00	0.00e+00	0.00e+00	5.02e-01	5.27e-08	6.18e-08
 9.08756e+22	5.24e-01	4.75e-01	1.82e-03	2.37e-06	0.00e+00	0.00e+00	0.00e+00	0.00e+00	0.00e+00	5.24e-01	5.37e-08	6.31e-08
 9.09500e+22	5.46e-01	4.52e-01	1.58e-03	2.11e-06	0.00e+00	0.00e+00	0.00e+00	0.00e+00	0.00e+00	5.46e-01	5.47e-08	6.42e-08
 9.10229e+22	5.68e-01	4.31e-01	1.38e-03	1.89e-06	0.00e+00	0.00e+00	0.00e+00	0.00e+00	0.00e+00	5.68e-01	5.55e-08	6.50e-08
 9.10940e+22	5.88e-01	4.10e-01	1.21e-03	1.70e-06	0.00e+00	0.00e+00	0.00e+00	0.00e+00	0.00e+00	5.88e-01	5.61e-08	6.57e-08
 9.11514e+22	6.03e-01	3.95e-01	1.10e-03	1.57e-06	0.00e+00	0.00e+00	0.00e+00	0.00e+00	0.00e+00	6.03e-01	5.64e-08	6.61e-08
 9.11916e+22	6.14e-01	3.85e-01	1.02e-03	1.49e-06	0.00e+00	0.00e+00	0.00e+00	0.00e+00	0.00e+00	6.14e-01	5.66e-08	6.62e-08
 9.12300e+22	6.25e-01	3.74e-01	9.51e-04	1.41e-06	0.00e+00	0.00e+00	0.00e+00	0.00e+00	0.00e+00	6.25e-01	5.68e-08	6.64e-08
 9.12735e+22	6.37e-01	3.63e-01	8.76e-04	1.32e-06	0.00e+00	0.00e+00	0.00e+00	0.00e+00	0.00e+00	6.37e-01	5.69e-08	6.66e-08
 9.13208e+22	6.49e-01	3.50e-01	8.03e-04	1.23e-06	0.00e+00	0.00e+00	0.00e+00	0.00e+00	0.00e+00	6.49e-01	5.70e-08	6.67e-08
 9.13680e+22	6.61e-01	3.39e-01	7.38e-04	1.16e-06	0.00e+00	0.00e+00	0.00e+00	0.00e+00	0.00e+00	6.61e-01	5.71e-08	6.67e-08
 9.14142e+22	6.72e-01	3.28e-01	6.79e-04	1.09e-06	0.00e+00	0.00e+00	0.00e+00	0.00e+00	0.00e+00	6.72e-01	5.71e-08	6.67e-08
 9.14609e+22	6.83e-01	3.17e-01	6.24e-04	1.02e-06	0.00e+00	0.00e+00	0.00e+00	0.00e+00	0.00e+00	6.83e-01	5.71e-08	6.66e-08
 9.15089e+22	6.93e-01	3.06e-01	5.73e-04	9.61e-07	0.00e+00	0.00e+00	0.00e+00	0.00e+00	0.00e+00	6.93e-01	5.70e-08	6.65e-08
 9.15580e+22	7.04e-01	2.95e-01	5.25e-04	9.01e-07	0.00e+00	0.00e+00	0.00e+00	0.00e+00	0.00e+00	7.04e-01	5.68e-08	6.63e-08
 9.16073e+22	7.14e-01	2.85e-01	4.82e-04	8.48e-07	0.00e+00	0.00e+00	0.00e+00	0.00e+00	0.00e+00	7.14e-01	5.67e-08	6.61e-08
