#depth	O	O+	O+2	O+3	O+4	O+5	O+6	O+7	O+8	O[1]	O[2]	O[3]
 4.62852e+21	7.01e-11	4.50e-06	4.99e-03	2.00e-01	4.17e-01	2.85e-01	9.29e-02	3.52e-04	2.57e-07	7.01e-11	2.50e-20	2.91e-20
 1.04362e+22	3.51e-10	1.48e-05	1.11e-02	3.00e-01	4.31e-01	2.11e-01	4.69e-02	1.20e-04	0.00e+00	3.51e-10	1.55e-19	1.81e-19
 1.22050e+22	7.69e-10	2.60e-05	1.60e-02	3.55e-01	4.22e-01	1.75e-01	3.21e-02	6.72e-05	0.00e+00	7.69e-10	3.82e-19	4.45e-19
 1.32172e+22	1.34e-09	3.84e-05	2.05e-02	3.95e-01	4.10e-01	1.51e-01	2.42e-02	4.38e-05	0.00e+00	1.34e-09	7.26e-19	8.44e-19
 1.38202e+22	1.68e-09	4.51e-05	2.27e-02	4.11e-01	4.04e-01	1.41e-01	2.13e-02	3.63e-05	0.00e+00	1.68e-09	9.51e-19	1.11e-18
 1.41687e+22	2.09e-09	5.24e-05	2.49e-02	4.27e-01	3.97e-01	1.32e-01	1.89e-02	3.05e-05	0.00e+00	2.09e-09	1.22e-18	1.42e-18
 1.45554e+22	2.76e-09	6.35e-05	2.80e-02	4.47e-01	3.88e-01	1.21e-01	1.62e-02	2.42e-05	0.00e+00	2.76e-09	1.70e-18	1.97e-18
 1.49854e+22	3.61e-09	7.64e-05	3.13e-02	4.66e-01	3.78e-01	1.11e-01	1.39e-02	1.93e-05	0.00e+00	3.61e-09	2.33e-18	2.71e-18
 1.53625e+22	4.45e-09	8.80e-05	3.41e-02	4.80e-01	3.69e-01	1.04e-01	1.23e-02	1.61e-05	0.00e+00	4.45e-09	2.97e-18	3.46e-18
 1.57438e+22	5.82e-09	1.06e-04	3.81e-02	4.99e-01	3.58e-01	9.44e-02	1.05e-02	1.28e-05	0.00e+00	5.82e-09	4.09e-18	4.76e-18
 1.61272e+22	7.18e-09	1.22e-04	4.14e-02	5.13e-01	3.49e-01	8.75e-02	9.20e-03	1.06e-05	0.00e+00	7.18e-09	5.24e-18	6.10e-18
 1.65134e+22	9.31e-09	1.45e-04	4.59e-02	5.30e-01	3.37e-01	7.95e-02	7.82e-03	8.38e-06	0.00e+00	9.31e-09	7.16e-18	8.34e-18
 1.69073e+22	1.16e-08	1.68e-04	5.00e-02	5.44e-01	3.26e-01	7.30e-02	6.78e-03	6.83e-06	0.00e+00	1.16e-08	9.32e-18	1.09e-17
 1.72497e+22	1.42e-08	1.92e-04	5.41e-02	5.56e-01	3.16e-01	6.74e-02	5.95e-03	5.65e-06	0.00e+00	1.42e-08	1.19e-17	1.39e-17
 1.76333e+22	1.83e-08	2.27e-04	5.95e-02	5.71e-01	3.04e-01	6.09e-02	5.04e-03	4.46e-06	0.00e+00	1.83e-08	1.61e-17	1.88e-17
 1.80277e+22	2.29e-08	2.62e-04	6.46e-02	5.83e-01	2.93e-01	5.56e-02	4.34e-03	3.61e-06	0.00e+00	2.29e-08	2.10e-17	2.45e-17
 1.83764e+22	2.80e-08	2.99e-04	6.95e-02	5.93e-01	2.82e-01	5.10e-02	3.79e-03	2.97e-06	0.00e+00	2.80e-08	2.68e-17	3.13e-17
 1.87702e+22	3.60e-08	3.53e-04	7.62e-02	6.05e-01	2.69e-01	4.57e-02	3.18e-03	2.31e-06	0.00e+00	3.60e-08	3.65e-17	4.26e-17
 1.91774e+22	4.50e-08	4.07e-04	8.25e-02	6.15e-01	2.58e-01	4.13e-02	2.72e-03	1.85e-06	0.00e+00	4.50e-08	4.78e-17	5.58e-17
 1.95407e+22	5.53e-08	4.65e-04	8.86e-02	6.24e-01	2.47e-01	3.76e-02	2.34e-03	1.50e-06	0.00e+00	5.53e-08	6.15e-17	7.18e-17
 1.99519e+22	7.16e-08	5.49e-04	9.69e-02	6.33e-01	2.34e-01	3.33e-02	1.94e-03	1.16e-06	0.00e+00	7.16e-08	8.44e-17	9.86e-17
 2.03782e+22	8.98e-08	6.34e-04	1.05e-01	6.41e-01	2.22e-01	2.98e-02	1.64e-03	9.12e-07	0.00e+00	8.98e-08	1.11e-16	1.30e-16
 2.07599e+22	1.11e-07	7.25e-04	1.12e-01	6.47e-01	2.12e-01	2.69e-02	1.40e-03	7.29e-07	0.00e+00	1.11e-07	1.44e-16	1.69e-16
 2.11919e+22	1.45e-07	8.59e-04	1.23e-01	6.53e-01	1.99e-01	2.35e-02	1.14e-03	5.48e-07	0.00e+00	1.45e-07	2.01e-16	2.35e-16
 2.16333e+22	1.81e-07	9.87e-04	1.32e-01	6.57e-01	1.88e-01	2.09e-02	9.63e-04	4.32e-07	0.00e+00	1.81e-07	2.63e-16	3.08e-16
 2.20869e+22	2.38e-07	1.17e-03	1.44e-01	6.61e-01	1.75e-01	1.81e-02	7.75e-04	3.19e-07	0.00e+00	2.38e-07	3.71e-16	4.34e-16
 2.25448e+22	2.96e-07	1.34e-03	1.54e-01	6.63e-01	1.65e-01	1.60e-02	6.52e-04	2.51e-07	0.00e+00	2.96e-07	4.85e-16	5.67e-16
 2.29274e+22	3.61e-07	1.52e-03	1.64e-01	6.63e-01	1.56e-01	1.44e-02	5.55e-04	2.00e-07	0.00e+00	3.61e-07	6.20e-16	7.26e-16
 2.32865e+22	4.38e-07	1.71e-03	1.74e-01	6.63e-01	1.48e-01	1.29e-02	4.73e-04	1.61e-07	0.00e+00	4.38e-07	7.88e-16	9.22e-16
 2.36958e+22	5.51e-07	1.98e-03	1.87e-01	6.62e-01	1.38e-01	1.13e-02	3.91e-04	1.24e-07	0.00e+00	5.51e-07	1.05e-15	1.23e-15
 2.41186e+22	6.79e-07	2.25e-03	1.99e-01	6.59e-01	1.29e-01	9.94e-03	3.28e-04	0.00e+00	0.00e+00	6.79e-07	1.36e-15	1.60e-15
 2.44892e+22	8.23e-07	2.53e-03	2.10e-01	6.56e-01	1.22e-01	8.84e-03	2.78e-04	0.00e+00	0.00e+00	8.23e-07	1.73e-15	2.03e-15
 2.49010e+22	1.05e-06	2.94e-03	2.25e-01	6.51e-01	1.13e-01	7.62e-03	2.26e-04	0.00e+00	0.00e+00	1.05e-06	2.34e-15	2.74e-15
 2.53188e+22	1.27e-06	3.30e-03	2.38e-01	6.46e-01	1.06e-01	6.76e-03	1.91e-04	0.00e+00	0.00e+00	1.27e-06	2.98e-15	3.48e-15
 2.57442e+22	1.59e-06	3.79e-03	2.54e-01	6.39e-01	9.78e-02	5.83e-03	1.56e-04	0.00e+00	0.00e+00	1.59e-06	3.99e-15	4.67e-15
 2.61833e+22	1.96e-06	4.30e-03	2.68e-01	6.31e-01	9.08e-02	5.08e-03	1.29e-04	0.00e+00	0.00e+00	1.96e-06	5.17e-15	6.05e-15
 2.65693e+22	2.38e-06	4.84e-03	2.83e-01	6.23e-01	8.47e-02	4.46e-03	1.08e-04	0.00e+00	0.00e+00	2.38e-06	6.59e-15	7.70e-15
 2.70004e+22	3.02e-06	5.59e-03	3.01e-01	6.12e-01	7.74e-02	3.78e-03	8.66e-05	0.00e+00	0.00e+00	3.02e-06	8.94e-15	1.04e-14
 2.74402e+22	3.69e-06	6.31e-03	3.17e-01	6.01e-01	7.16e-02	3.28e-03	7.17e-05	0.00e+00	0.00e+00	3.69e-06	1.15e-14	1.34e-14
 2.78298e+22	4.45e-06	7.08e-03	3.33e-01	5.91e-01	6.63e-02	2.87e-03	5.98e-05	0.00e+00	0.00e+00	4.45e-06	1.46e-14	1.71e-14
 2.82748e+22	5.65e-06	8.17e-03	3.54e-01	5.76e-01	6.01e-02	2.40e-03	4.74e-05	0.00e+00	0.00e+00	5.65e-06	1.99e-14	2.32e-14
 2.87295e+22	6.84e-06	9.16e-03	3.71e-01	5.63e-01	5.54e-02	2.08e-03	3.91e-05	0.00e+00	0.00e+00	6.84e-06	2.54e-14	2.97e-14
 2.91969e+22	8.84e-06	1.07e-02	3.94e-01	5.44e-01	4.94e-02	1.70e-03	3.02e-05	0.00e+00	0.00e+00	8.84e-06	3.53e-14	4.12e-14
 2.96624e+22	1.07e-05	1.19e-02	4.12e-01	5.29e-01	4.54e-02	1.46e-03	2.49e-05	0.00e+00	0.00e+00	1.07e-05	4.49e-14	5.24e-14
 3.01257e+22	1.36e-05	1.38e-02	4.35e-01	5.10e-01	4.04e-02	1.20e-03	1.93e-05	0.00e+00	0.00e+00	1.36e-05	6.13e-14	7.15e-14
 3.04530e+22	1.44e-05	1.43e-02	4.41e-01	5.04e-01	3.92e-02	1.14e-03	1.80e-05	0.00e+00	0.00e+00	1.44e-05	6.62e-14	7.72e-14
 3.05756e+22	1.53e-05	1.48e-02	4.47e-01	4.99e-01	3.81e-02	1.08e-03	1.69e-05	0.00e+00	0.00e+00	1.53e-05	7.12e-14	8.30e-14
 3.07069e+22	1.64e-05	1.54e-02	4.54e-01	4.93e-01	3.68e-02	1.02e-03	1.57e-05	0.00e+00	0.00e+00	1.64e-05	7.77e-14	9.06e-14
 3.08777e+22	1.77e-05	1.62e-02	4.61e-01	4.86e-01	3.54e-02	9.54e-04	1.44e-05	0.00e+00	0.00e+00	1.77e-05	8.62e-14	1.01e-13
 3.10997e+22	1.99e-05	1.73e-02	4.73e-01	4.76e-01	3.33e-02	8.63e-04	1.27e-05	0.00e+00	0.00e+00	1.99e-05	1.00e-13	1.17e-13
 3.13884e+22	2.30e-05	1.89e-02	4.87e-01	4.62e-01	3.09e-02	7.58e-04	1.08e-05	0.00e+00	0.00e+00	2.30e-05	1.21e-13	1.41e-13
 3.17636e+22	2.78e-05	2.11e-02	5.06e-01	4.44e-01	2.79e-02	6.39e-04	8.70e-06	0.00e+00	0.00e+00	2.78e-05	1.55e-13	1.80e-13
 3.21826e+22	3.34e-05	2.35e-02	5.25e-01	4.26e-01	2.52e-02	5.39e-04	7.04e-06	0.00e+00	0.00e+00	3.34e-05	1.96e-13	2.28e-13
 3.26587e+22	4.26e-05	2.72e-02	5.49e-01	4.02e-01	2.19e-02	4.28e-04	5.29e-06	0.00e+00	0.00e+00	4.26e-05	2.69e-13	3.13e-13
 3.31278e+22	5.07e-05	3.01e-02	5.66e-01	3.84e-01	1.97e-02	3.60e-04	4.28e-06	0.00e+00	0.00e+00	5.07e-05	3.38e-13	3.92e-13
 3.34835e+22	5.80e-05	3.26e-02	5.80e-01	3.69e-01	1.81e-02	3.14e-04	3.62e-06	0.00e+00	0.00e+00	5.80e-05	4.04e-13	4.68e-13
 3.38416e+22	6.87e-05	3.61e-02	5.96e-01	3.51e-01	1.63e-02	2.64e-04	2.93e-06	0.00e+00	0.00e+00	6.87e-05	5.07e-13	5.85e-13
 3.42043e+22	7.88e-05	3.91e-02	6.09e-01	3.37e-01	1.48e-02	2.28e-04	2.46e-06	0.00e+00	0.00e+00	7.88e-05	6.08e-13	7.00e-13
 3.45727e+22	9.33e-05	4.32e-02	6.24e-01	3.19e-01	1.33e-02	1.91e-04	1.98e-06	0.00e+00	0.00e+00	9.33e-05	7.63e-13	8.76e-13
 3.49475e+22	1.08e-04	4.69e-02	6.37e-01	3.04e-01	1.20e-02	1.63e-04	1.63e-06	0.00e+00	0.00e+00	1.08e-04	9.25e-13	1.06e-12
 3.52750e+22	1.23e-04	5.08e-02	6.49e-01	2.89e-01	1.09e-02	1.40e-04	1.36e-06	0.00e+00	0.00e+00	1.23e-04	1.11e-12	1.26e-12
 3.56453e+22	1.46e-04	5.60e-02	6.62e-01	2.72e-01	9.62e-03	1.15e-04	1.08e-06	0.00e+00	0.00e+00	1.46e-04	1.40e-12	1.58e-12
 3.60233e+22	1.67e-04	6.07e-02	6.73e-01	2.57e-01	8.66e-03	9.79e-05	8.89e-07	0.00e+00	0.00e+00	1.67e-04	1.68e-12	1.89e-12
 3.64113e+22	1.99e-04	6.70e-02	6.85e-01	2.40e-01	7.59e-03	7.98e-05	6.97e-07	0.00e+00	0.00e+00	1.99e-04	2.13e-12	2.38e-12
 3.68070e+22	2.30e-04	7.28e-02	6.95e-01	2.25e-01	6.74e-03	6.66e-05	5.63e-07	0.00e+00	0.00e+00	2.30e-04	2.60e-12	2.88e-12
 3.71369e+22	2.59e-04	7.81e-02	7.03e-01	2.13e-01	6.08e-03	5.70e-05	4.68e-07	0.00e+00	0.00e+00	2.59e-04	3.09e-12	3.39e-12
 3.74898e+22	3.02e-04	8.52e-02	7.11e-01	1.98e-01	5.35e-03	4.69e-05	3.72e-07	0.00e+00	0.00e+00	3.02e-04	3.83e-12	4.16e-12
 3.78763e+22	3.48e-04	9.25e-02	7.18e-01	1.84e-01	4.70e-03	3.87e-05	2.97e-07	0.00e+00	0.00e+00	3.48e-04	4.69e-12	5.05e-12
 3.83066e+22	4.20e-04	1.03e-01	7.25e-01	1.67e-01	3.97e-03	3.01e-05	2.21e-07	0.00e+00	0.00e+00	4.20e-04	6.14e-12	6.50e-12
 3.87322e+22	4.82e-04	1.11e-01	7.30e-01	1.55e-01	3.48e-03	2.47e-05	1.75e-07	0.00e+00	0.00e+00	4.82e-04	7.49e-12	7.82e-12
 3.91517e+22	5.71e-04	1.22e-01	7.34e-01	1.40e-01	2.95e-03	1.94e-05	1.32e-07	0.00e+00	0.00e+00	5.71e-04	9.62e-12	9.87e-12
 3.95845e+22	6.61e-04	1.33e-01	7.36e-01	1.28e-01	2.53e-03	1.56e-05	0.00e+00	0.00e+00	0.00e+00	6.61e-04	1.19e-11	1.20e-11
 3.99740e+22	7.60e-04	1.43e-01	7.36e-01	1.17e-01	2.18e-03	1.26e-05	0.00e+00	0.00e+00	0.00e+00	7.60e-04	1.47e-11	1.46e-11
 4.04199e+22	9.09e-04	1.58e-01	7.35e-01	1.04e-01	1.80e-03	9.53e-06	0.00e+00	0.00e+00	0.00e+00	9.09e-04	1.93e-11	1.86e-11
 4.08709e+22	1.04e-03	1.71e-01	7.32e-01	9.42e-02	1.53e-03	7.59e-06	0.00e+00	0.00e+00	0.00e+00	1.04e-03	2.38e-11	2.26e-11
 4.13286e+22	1.25e-03	1.89e-01	7.26e-01	8.26e-02	1.25e-03	5.66e-06	0.00e+00	0.00e+00	0.00e+00	1.25e-03	3.14e-11	2.89e-11
 4.17927e+22	1.43e-03	2.03e-01	7.21e-01	7.41e-02	1.05e-03	4.46e-06	0.00e+00	0.00e+00	0.00e+00	1.43e-03	3.88e-11	3.49e-11
 4.22652e+22	1.72e-03	2.24e-01	7.10e-01	6.38e-02	8.35e-04	3.24e-06	0.00e+00	0.00e+00	0.00e+00	1.72e-03	5.17e-11	4.51e-11
 4.27409e+22	1.96e-03	2.40e-01	7.01e-01	5.67e-02	6.97e-04	2.53e-06	0.00e+00	0.00e+00	0.00e+00	1.96e-03	6.37e-11	5.44e-11
 4.32206e+22	2.36e-03	2.65e-01	6.84e-01	4.81e-02	5.44e-04	1.80e-06	0.00e+00	0.00e+00	0.00e+00	2.36e-03	8.49e-11	7.02e-11
 4.37088e+22	2.69e-03	2.83e-01	6.71e-01	4.22e-02	4.48e-04	1.38e-06	0.00e+00	0.00e+00	0.00e+00	2.69e-03	1.05e-10	8.49e-11
 4.42079e+22	3.23e-03	3.12e-01	6.50e-01	3.51e-02	3.43e-04	9.64e-07	0.00e+00	0.00e+00	0.00e+00	3.23e-03	1.40e-10	1.10e-10
 4.47225e+22	3.71e-03	3.34e-01	6.32e-01	3.01e-02	2.75e-04	7.17e-07	0.00e+00	0.00e+00	0.00e+00	3.71e-03	1.75e-10	1.34e-10
 4.52571e+22	4.49e-03	3.68e-01	6.03e-01	2.43e-02	2.03e-04	4.80e-07	0.00e+00	0.00e+00	0.00e+00	4.49e-03	2.36e-10	1.76e-10
 4.57263e+22	4.93e-03	3.85e-01	5.88e-01	2.15e-02	1.71e-04	3.82e-07	0.00e+00	0.00e+00	0.00e+00	4.93e-03	2.75e-10	2.02e-10
 4.61104e+22	5.64e-03	4.11e-01	5.65e-01	1.83e-02	1.36e-04	2.84e-07	0.00e+00	0.00e+00	0.00e+00	5.64e-03	3.38e-10	2.44e-10
 4.65120e+22	6.27e-03	4.32e-01	5.45e-01	1.58e-02	1.12e-04	2.19e-07	0.00e+00	0.00e+00	0.00e+00	6.27e-03	4.00e-10	2.85e-10
 4.69366e+22	7.21e-03	4.62e-01	5.18e-01	1.31e-02	8.72e-05	1.57e-07	0.00e+00	0.00e+00	0.00e+00	7.21e-03	4.98e-10	3.47e-10
 4.73699e+22	8.10e-03	4.87e-01	4.94e-01	1.10e-02	6.96e-05	0.00e+00	0.00e+00	0.00e+00	0.00e+00	8.10e-03	5.94e-10	4.08e-10
 4.77524e+22	9.04e-03	5.12e-01	4.70e-01	9.34e-03	5.60e-05	0.00e+00	0.00e+00	0.00e+00	0.00e+00	9.04e-03	7.05e-10	4.77e-10
 4.81874e+22	1.04e-02	5.44e-01	4.38e-01	7.47e-03	4.23e-05	0.00e+00	0.00e+00	0.00e+00	0.00e+00	1.04e-02	8.75e-10	5.82e-10
 4.86352e+22	1.17e-02	5.71e-01	4.11e-01	6.11e-03	3.29e-05	0.00e+00	0.00e+00	0.00e+00	0.00e+00	1.17e-02	1.05e-09	6.86e-10
 4.90334e+22	1.31e-02	5.98e-01	3.83e-01	5.00e-03	2.58e-05	0.00e+00	0.00e+00	0.00e+00	0.00e+00	1.31e-02	1.24e-09	8.06e-10
 4.94852e+22	1.52e-02	6.32e-01	3.48e-01	3.82e-03	1.88e-05	0.00e+00	0.00e+00	0.00e+00	0.00e+00	1.52e-02	1.55e-09	9.89e-10
 4.99529e+22	1.73e-02	6.62e-01	3.18e-01	2.96e-03	1.40e-05	0.00e+00	0.00e+00	0.00e+00	0.00e+00	1.73e-02	1.88e-09	1.18e-09
 5.03494e+22	1.93e-02	6.86e-01	2.92e-01	2.37e-03	1.09e-05	0.00e+00	0.00e+00	0.00e+00	0.00e+00	1.93e-02	2.20e-09	1.37e-09
 5.07728e+22	2.22e-02	7.17e-01	2.59e-01	1.75e-03	7.88e-06	0.00e+00	0.00e+00	0.00e+00	0.00e+00	2.22e-02	2.71e-09	1.67e-09
 5.12180e+22	2.52e-02	7.43e-01	2.31e-01	1.32e-03	5.84e-06	0.00e+00	0.00e+00	0.00e+00	0.00e+00	2.52e-02	3.25e-09	1.98e-09
 5.16142e+22	2.84e-02	7.65e-01	2.05e-01	9.92e-04	4.40e-06	0.00e+00	0.00e+00	0.00e+00	0.00e+00	2.84e-02	3.86e-09	2.34e-09
 5.20519e+22	3.32e-02	7.91e-01	1.75e-01	6.82e-04	3.06e-06	0.00e+00	0.00e+00	0.00e+00	0.00e+00	3.32e-02	4.82e-09	2.89e-09
 5.25001e+22	3.82e-02	8.12e-01	1.49e-01	4.78e-04	2.20e-06	0.00e+00	0.00e+00	0.00e+00	0.00e+00	3.82e-02	5.85e-09	3.48e-09
 5.28816e+22	4.35e-02	8.28e-01	1.28e-01	3.40e-04	1.63e-06	0.00e+00	0.00e+00	0.00e+00	0.00e+00	4.35e-02	7.00e-09	4.14e-09
 5.32293e+22	4.94e-02	8.41e-01	1.10e-01	2.43e-04	1.23e-06	0.00e+00	0.00e+00	0.00e+00	0.00e+00	4.94e-02	8.30e-09	4.89e-09
 5.35625e+22	5.63e-02	8.51e-01	9.28e-02	1.71e-04	9.14e-07	0.00e+00	0.00e+00	0.00e+00	0.00e+00	5.63e-02	9.89e-09	5.81e-09
 5.38944e+22	6.47e-02	8.58e-01	7.71e-02	1.16e-04	6.73e-07	0.00e+00	0.00e+00	0.00e+00	0.00e+00	6.47e-02	1.19e-08	6.95e-09
 5.42228e+22	7.51e-02	8.62e-01	6.28e-02	7.69e-05	4.88e-07	0.00e+00	0.00e+00	0.00e+00	0.00e+00	7.51e-02	1.44e-08	8.41e-09
 5.44359e+22	8.14e-02	8.62e-01	5.64e-02	6.21e-05	4.18e-07	0.00e+00	0.00e+00	0.00e+00	0.00e+00	8.14e-02	1.58e-08	9.25e-09
 5.45157e+22	8.43e-02	8.62e-01	5.36e-02	5.63e-05	3.89e-07	0.00e+00	0.00e+00	0.00e+00	0.00e+00	8.43e-02	1.65e-08	9.66e-09
 5.45797e+22	8.71e-02	8.62e-01	5.11e-02	5.13e-05	3.63e-07	0.00e+00	0.00e+00	0.00e+00	0.00e+00	8.71e-02	1.72e-08	1.01e-08
 5.46570e+22	9.08e-02	8.61e-01	4.81e-02	4.56e-05	3.31e-07	0.00e+00	0.00e+00	0.00e+00	0.00e+00	9.08e-02	1.81e-08	1.06e-08
 5.47414e+22	9.50e-02	8.60e-01	4.50e-02	4.02e-05	3.01e-07	0.00e+00	0.00e+00	0.00e+00	0.00e+00	9.50e-02	1.91e-08	1.12e-08
 5.48217e+22	9.91e-02	8.59e-01	4.23e-02	3.56e-05	2.75e-07	0.00e+00	0.00e+00	0.00e+00	0.00e+00	9.91e-02	2.02e-08	1.18e-08
 5.48976e+22	1.03e-01	8.57e-01	3.97e-02	3.17e-05	2.52e-07	0.00e+00	0.00e+00	0.00e+00	0.00e+00	1.03e-01	2.12e-08	1.25e-08
 5.49733e+22	1.08e-01	8.55e-01	3.72e-02	2.80e-05	2.30e-07	0.00e+00	0.00e+00	0.00e+00	0.00e+00	1.08e-01	2.24e-08	1.31e-08
 5.50477e+22	1.12e-01	8.53e-01	3.49e-02	2.49e-05	2.11e-07	0.00e+00	0.00e+00	0.00e+00	0.00e+00	1.12e-01	2.35e-08	1.38e-08
 5.51221e+22	1.17e-01	8.50e-01	3.26e-02	2.19e-05	1.92e-07	0.00e+00	0.00e+00	0.00e+00	0.00e+00	1.17e-01	2.48e-08	1.46e-08
 5.51957e+22	1.23e-01	8.47e-01	3.05e-02	1.93e-05	1.75e-07	0.00e+00	0.00e+00	0.00e+00	0.00e+00	1.23e-01	2.61e-08	1.54e-08
 5.52661e+22	1.28e-01	8.43e-01	2.85e-02	1.71e-05	1.59e-07	0.00e+00	0.00e+00	0.00e+00	0.00e+00	1.28e-01	2.75e-08	1.62e-08
 5.53349e+22	1.34e-01	8.40e-01	2.67e-02	1.51e-05	1.45e-07	0.00e+00	0.00e+00	0.00e+00	0.00e+00	1.34e-01	2.89e-08	1.70e-08
 5.54030e+22	1.40e-01	8.35e-01	2.48e-02	1.33e-05	1.32e-07	0.00e+00	0.00e+00	0.00e+00	0.00e+00	1.40e-01	3.04e-08	1.79e-08
 5.54700e+22	1.46e-01	8.31e-01	2.32e-02	1.17e-05	0.00e+00	0.00e+00	0.00e+00	0.00e+00	0.00e+00	1.46e-01	3.19e-08	1.89e-08
 5.55354e+22	1.53e-01	8.26e-01	2.16e-02	1.03e-05	0.00e+00	0.00e+00	0.00e+00	0.00e+00	0.00e+00	1.53e-01	3.36e-08	1.98e-08
 5.55984e+22	1.59e-01	8.21e-01	2.02e-02	9.17e-06	0.00e+00	0.00e+00	0.00e+00	0.00e+00	0.00e+00	1.59e-01	3.51e-08	2.08e-08
 5.56626e+22	1.66e-01	8.15e-01	1.87e-02	8.03e-06	0.00e+00	0.00e+00	0.00e+00	0.00e+00	0.00e+00	1.66e-01	3.70e-08	2.19e-08
 5.57274e+22	1.74e-01	8.09e-01	1.73e-02	7.05e-06	0.00e+00	0.00e+00	0.00e+00	0.00e+00	0.00e+00	1.74e-01	3.89e-08	2.31e-08
 5.57882e+22	1.81e-01	8.02e-01	1.61e-02	6.21e-06	0.00e+00	0.00e+00	0.00e+00	0.00e+00	0.00e+00	1.81e-01	4.08e-08	2.42e-08
 5.58475e+22	1.89e-01	7.96e-01	1.49e-02	5.48e-06	0.00e+00	0.00e+00	0.00e+00	0.00e+00	0.00e+00	1.89e-01	4.27e-08	2.54e-08
 5.59072e+22	1.98e-01	7.88e-01	1.38e-02	4.81e-06	0.00e+00	0.00e+00	0.00e+00	0.00e+00	0.00e+00	1.98e-01	4.48e-08	2.66e-08
 5.59660e+22	2.07e-01	7.80e-01	1.28e-02	4.22e-06	0.00e+00	0.00e+00	0.00e+00	0.00e+00	0.00e+00	2.07e-01	4.70e-08	2.80e-08
 5.60218e+22	2.16e-01	7.72e-01	1.19e-02	3.72e-06	0.00e+00	0.00e+00	0.00e+00	0.00e+00	0.00e+00	2.16e-01	4.91e-08	2.92e-08
 5.60765e+22	2.25e-01	7.64e-01	1.10e-02	3.29e-06	0.00e+00	0.00e+00	0.00e+00	0.00e+00	0.00e+00	2.25e-01	5.13e-08	3.06e-08
 5.61319e+22	2.35e-01	7.55e-01	1.01e-02	2.89e-06	0.00e+00	0.00e+00	0.00e+00	0.00e+00	0.00e+00	2.35e-01	5.36e-08	3.20e-08
 5.61872e+22	2.46e-01	7.45e-01	9.35e-03	2.54e-06	0.00e+00	0.00e+00	0.00e+00	0.00e+00	0.00e+00	2.46e-01	5.59e-08	3.34e-08
 5.62417e+22	2.56e-01	7.35e-01	8.62e-03	2.24e-06	0.00e+00	0.00e+00	0.00e+00	0.00e+00	0.00e+00	2.56e-01	5.84e-08	3.49e-08
 5.62956e+22	2.68e-01	7.25e-01	7.93e-03	1.97e-06	0.00e+00	0.00e+00	0.00e+00	0.00e+00	0.00e+00	2.68e-01	6.08e-08	3.64e-08
 5.63490e+22	2.79e-01	7.14e-01	7.31e-03	1.73e-06	0.00e+00	0.00e+00	0.00e+00	0.00e+00	0.00e+00	2.79e-01	6.33e-08	3.79e-08
 5.64032e+22	2.91e-01	7.02e-01	6.70e-03	1.52e-06	0.00e+00	0.00e+00	0.00e+00	0.00e+00	0.00e+00	2.91e-01	6.59e-08	3.95e-08
 5.64582e+22	3.04e-01	6.90e-01	6.13e-03	1.33e-06	0.00e+00	0.00e+00	0.00e+00	0.00e+00	0.00e+00	3.04e-01	6.86e-08	4.12e-08
 5.65117e+22	3.18e-01	6.77e-01	5.59e-03	1.17e-06	0.00e+00	0.00e+00	0.00e+00	0.00e+00	0.00e+00	3.18e-01	7.13e-08	4.28e-08
 5.65625e+22	3.31e-01	6.64e-01	5.13e-03	1.03e-06	0.00e+00	0.00e+00	0.00e+00	0.00e+00	0.00e+00	3.31e-01	7.38e-08	4.44e-08
 5.66121e+22	3.44e-01	6.52e-01	4.71e-03	9.10e-07	0.00e+00	0.00e+00	0.00e+00	0.00e+00	0.00e+00	3.44e-01	7.64e-08	4.59e-08
 5.66637e+22	3.58e-01	6.38e-01	4.29e-03	8.00e-07	0.00e+00	0.00e+00	0.00e+00	0.00e+00	0.00e+00	3.58e-01	7.90e-08	4.75e-08
 5.67159e+22	3.73e-01	6.23e-01	3.90e-03	7.01e-07	0.00e+00	0.00e+00	0.00e+00	0.00e+00	0.00e+00	3.73e-01	8.17e-08	4.91e-08
 5.67664e+22	3.88e-01	6.08e-01	3.56e-03	6.19e-07	0.00e+00	0.00e+00	0.00e+00	0.00e+00	0.00e+00	3.88e-01	8.41e-08	5.06e-08
 5.68160e+22	4.03e-01	5.93e-01	3.24e-03	5.47e-07	0.00e+00	0.00e+00	0.00e+00	0.00e+00	0.00e+00	4.03e-01	8.66e-08	5.21e-08
 5.68667e+22	4.19e-01	5.78e-01	2.94e-03	4.82e-07	0.00e+00	0.00e+00	0.00e+00	0.00e+00	0.00e+00	4.19e-01	8.90e-08	5.35e-08
 5.69182e+22	4.36e-01	5.62e-01	2.66e-03	4.24e-07	0.00e+00	0.00e+00	0.00e+00	0.00e+00	0.00e+00	4.36e-01	9.13e-08	5.49e-08
 5.69697e+22	4.52e-01	5.45e-01	2.41e-03	3.74e-07	0.00e+00	0.00e+00	0.00e+00	0.00e+00	0.00e+00	4.52e-01	9.36e-08	5.63e-08
 5.70213e+22	4.69e-01	5.28e-01	2.17e-03	3.30e-07	0.00e+00	0.00e+00	0.00e+00	0.00e+00	0.00e+00	4.69e-01	9.56e-08	5.75e-08
 5.70731e+22	4.87e-01	5.11e-01	1.96e-03	2.91e-07	0.00e+00	0.00e+00	0.00e+00	0.00e+00	0.00e+00	4.87e-01	9.76e-08	5.87e-08
 5.71255e+22	5.04e-01	4.94e-01	1.76e-03	2.56e-07	0.00e+00	0.00e+00	0.00e+00	0.00e+00	0.00e+00	5.04e-01	9.94e-08	5.97e-08
 5.71789e+22	5.22e-01	4.76e-01	1.58e-03	2.26e-07	0.00e+00	0.00e+00	0.00e+00	0.00e+00	0.00e+00	5.22e-01	1.01e-07	6.07e-08
 5.72331e+22	5.41e-01	4.58e-01	1.41e-03	1.99e-07	0.00e+00	0.00e+00	0.00e+00	0.00e+00	0.00e+00	5.41e-01	1.03e-07	6.15e-08
 5.72883e+22	5.59e-01	4.40e-01	1.25e-03	1.75e-07	0.00e+00	0.00e+00	0.00e+00	0.00e+00	0.00e+00	5.59e-01	1.04e-07	6.22e-08
 5.73446e+22	5.78e-01	4.21e-01	1.11e-03	1.54e-07	0.00e+00	0.00e+00	0.00e+00	0.00e+00	0.00e+00	5.78e-01	1.05e-07	6.28e-08
 5.74021e+22	5.97e-01	4.02e-01	9.86e-04	1.36e-07	0.00e+00	0.00e+00	0.00e+00	0.00e+00	0.00e+00	5.97e-01	1.06e-07	6.32e-08
 5.74505e+22	6.12e-01	3.88e-01	8.95e-04	0.00e+00	0.00e+00	0.00e+00	0.00e+00	0.00e+00	0.00e+00	6.12e-01	1.06e-07	6.34e-08
 5.74864e+22	6.23e-01	3.76e-01	8.31e-04	0.00e+00	0.00e+00	0.00e+00	0.00e+00	0.00e+00	0.00e+00	6.23e-01	1.06e-07	6.34e-08
 5.75204e+22	6.33e-01	3.66e-01	7.73e-04	0.00e+00	0.00e+00	0.00e+00	0.00e+00	0.00e+00	0.00e+00	6.33e-01	1.07e-07	6.36e-08
 5.75584e+22	6.45e-01	3.54e-01	7.12e-04	0.00e+00	0.00e+00	0.00e+00	0.00e+00	0.00e+00	0.00e+00	6.45e-01	1.07e-07	6.35e-08
 5.75996e+22	6.57e-01	3.42e-01	6.52e-04	0.00e+00	0.00e+00	0.00e+00	0.00e+00	0.00e+00	0.00e+00	6.57e-01	1.07e-07	6.34e-08
 5.76400e+22	6.69e-01	3.30e-01	5.99e-04	0.00e+00	0.00e+00	0.00e+00	0.00e+00	0.00e+00	0.00e+00	6.69e-01	1.06e-07	6.33e-08
 5.76786e+22	6.80e-01	3.20e-01	5.53e-04	0.00e+00	0.00e+00	0.00e+00	0.00e+00	0.00e+00	0.00e+00	6.80e-01	1.06e-07	6.31e-08
 5.77182e+22	6.91e-01	3.09e-01	5.08e-04	0.00e+00	0.00e+00	0.00e+00	0.00e+00	0.00e+00	0.00e+00	6.91e-01	1.06e-07	6.29e-08
 5.77595e+22	7.02e-01	2.98e-01	4.66e-04	0.00e+00	0.00e+00	0.00e+00	0.00e+00	0.00e+00	0.00e+00	7.02e-01	1.06e-07	6.25e-08
 5.78006e+22	7.13e-01	2.87e-01	4.27e-04	0.00e+00	0.00e+00	0.00e+00	0.00e+00	0.00e+00	0.00e+00	7.13e-01	1.05e-07	6.21e-08
 5.78410e+22	7.22e-01	2.77e-01	3.93e-04	0.00e+00	0.00e+00	0.00e+00	0.00e+00	0.00e+00	0.00e+00	7.22e-01	1.05e-07	6.18e-08
 5.78828e+22	7.32e-01	2.67e-01	3.61e-04	0.00e+00	0.00e+00	0.00e+00	0.00e+00	0.00e+00	0.00e+00	7.32e-01	1.04e-07	6.14e-08
 5.79262e+22	7.43e-01	2.57e-01	3.30e-04	0.00e+00	0.00e+00	0.00e+00	0.00e+00	0.00e+00	0.00e+00	7.43e-01	1.04e-07	6.08e-08
 5.79694e+22	7.52e-01	2.47e-01	3.02e-04	0.00e+00	0.00e+00	0.00e+00	0.00e+00	0.00e+00	0.00e+00	7.52e-01	1.03e-07	6.03e-08
 5.80120e+22	7.61e-01	2.39e-01	2.77e-04	0.00e+00	0.00e+00	0.00e+00	0.00e+00	0.00e+00	0.00e+00	7.61e-01	1.02e-07	5.98e-08
 5.80562e+22	7.70e-01	2.29e-01	2.53e-04	0.00e+00	0.00e+00	0.00e+00	0.00e+00	0.00e+00	0.00e+00	7.70e-01	1.01e-07	5.92e-08
 5.81025e+22	7.79e-01	2.20e-01	2.31e-04	0.00e+00	0.00e+00	0.00e+00	0.00e+00	0.00e+00	0.00e+00	7.79e-01	1.01e-07	5.86e-08
 5.81490e+22	7.88e-01	2.12e-01	2.10e-04	0.00e+00	0.00e+00	0.00e+00	0.00e+00	0.00e+00	0.00e+00	7.88e-01	9.96e-08	5.80e-08
 5.81955e+22	7.96e-01	2.04e-01	1.92e-04	0.00e+00	0.00e+00	0.00e+00	0.00e+00	0.00e+00	0.00e+00	7.96e-01	9.87e-08	5.73e-08
 5.82427e+22	8.04e-01	1.96e-01	1.75e-04	0.00e+00	0.00e+00	0.00e+00	0.00e+00	0.00e+00	0.00e+00	8.04e-01	9.78e-08	5.67e-08
 5.82910e+22	8.12e-01	1.88e-01	1.59e-04	0.00e+00	0.00e+00	0.00e+00	0.00e+00	0.00e+00	0.00e+00	8.12e-01	9.69e-08	5.60e-08
 5.83406e+22	8.20e-01	1.80e-01	1.45e-04	0.00e+00	0.00e+00	0.00e+00	0.00e+00	0.00e+00	0.00e+00	8.20e-01	9.59e-08	5.53e-08
 5.83910e+22	8.27e-01	1.73e-01	1.31e-04	0.00e+00	0.00e+00	0.00e+00	0.00e+00	0.00e+00	0.00e+00	8.27e-01	9.49e-08	5.46e-08
 5.84422e+22	8.34e-01	1.65e-01	1.19e-04	0.00e+00	0.00e+00	0.00e+00	0.00e+00	0.00e+00	0.00e+00	8.34e-01	9.39e-08	5.38e-08
 5.84938e+22	8.41e-01	1.59e-01	1.08e-04	0.00e+00	0.00e+00	0.00e+00	0.00e+00	0.00e+00	0.00e+00	8.41e-01	9.29e-08	5.31e-08
 5.85460e+22	8.48e-01	1.52e-01	9.80e-05	0.00e+00	0.00e+00	0.00e+00	0.00e+00	0.00e+00	0.00e+00	8.48e-01	9.19e-08	5.23e-08
 5.85994e+22	8.54e-01	1.46e-01	8.88e-05	0.00e+00	0.00e+00	0.00e+00	0.00e+00	0.00e+00	0.00e+00	8.54e-01	9.09e-08	5.16e-08
 5.86541e+22	8.61e-01	1.39e-01	8.03e-05	0.00e+00	0.00e+00	0.00e+00	0.00e+00	0.00e+00	0.00e+00	8.61e-01	8.99e-08	5.08e-08
 5.87098e+22	8.66e-01	1.33e-01	7.26e-05	0.00e+00	0.00e+00	0.00e+00	0.00e+00	0.00e+00	0.00e+00	8.66e-01	8.90e-08	5.02e-08
 5.87665e+22	8.72e-01	1.28e-01	6.55e-05	0.00e+00	0.00e+00	0.00e+00	0.00e+00	0.00e+00	0.00e+00	8.72e-01	8.80e-08	4.95e-08
 5.88245e+22	8.78e-01	1.22e-01	5.91e-05	0.00e+00	0.00e+00	0.00e+00	0.00e+00	0.00e+00	0.00e+00	8.78e-01	8.71e-08	4.88e-08
 5.88831e+22	8.83e-01	1.17e-01	5.32e-05	0.00e+00	0.00e+00	0.00e+00	0.00e+00	0.00e+00	0.00e+00	8.83e-01	8.61e-08	4.80e-08
 5.89416e+22	8.88e-01	1.11e-01	4.81e-05	0.00e+00	0.00e+00	0.00e+00	0.00e+00	0.00e+00	0.00e+00	8.88e-01	8.52e-08	4.74e-08
 5.90002e+22	8.93e-01	1.07e-01	4.34e-05	0.00e+00	0.00e+00	0.00e+00	0.00e+00	0.00e+00	0.00e+00	8.93e-01	8.43e-08	4.67e-08
 5.90591e+22	8.98e-01	1.02e-01	3.93e-05	0.00e+00	0.00e+00	0.00e+00	0.00e+00	0.00e+00	0.00e+00	8.98e-01	8.35e-08	4.61e-08
 5.91178e+22	9.02e-01	9.76e-02	3.56e-05	0.00e+00	0.00e+00	0.00e+00	0.00e+00	0.00e+00	0.00e+00	9.02e-01	8.26e-08	4.55e-08
 5.91770e+22	9.06e-01	9.35e-02	3.22e-05	0.00e+00	0.00e+00	0.00e+00	0.00e+00	0.00e+00	0.00e+00	9.06e-01	8.19e-08	4.49e-08
 5.92366e+22	9.10e-01	8.95e-02	2.92e-05	0.00e+00	0.00e+00	0.00e+00	0.00e+00	0.00e+00	0.00e+00	9.10e-01	8.11e-08	4.43e-08
 5.92961e+22	9.14e-01	8.56e-02	2.65e-05	0.00e+00	0.00e+00	0.00e+00	0.00e+00	0.00e+00	0.00e+00	9.14e-01	8.04e-08	4.38e-08
 5.93557e+22	9.18e-01	8.19e-02	2.41e-05	0.00e+00	0.00e+00	0.00e+00	0.00e+00	0.00e+00	0.00e+00	9.18e-01	7.97e-08	4.32e-08
 5.94149e+22	9.22e-01	7.85e-02	2.19e-05	0.00e+00	0.00e+00	0.00e+00	0.00e+00	0.00e+00	0.00e+00	9.22e-01	7.90e-08	4.27e-08
 5.94739e+22	9.25e-01	7.51e-02	2.00e-05	0.00e+00	0.00e+00	0.00e+00	0.00e+00	0.00e+00	0.00e+00	9.25e-01	7.84e-08	4.22e-08
 5.95329e+22	9.28e-01	7.19e-02	1.82e-05	0.00e+00	0.00e+00	0.00e+00	0.00e+00	0.00e+00	0.00e+00	9.28e-01	7.76e-08	4.17e-08
 5.95917e+22	9.31e-01	6.89e-02	1.67e-05	0.00e+00	0.00e+00	0.00e+00	0.00e+00	0.00e+00	0.00e+00	9.31e-01	7.70e-08	4.12e-08
 5.96503e+22	9.34e-01	6.59e-02	1.53e-05	0.00e+00	0.00e+00	0.00e+00	0.00e+00	0.00e+00	0.00e+00	9.34e-01	7.63e-08	4.07e-08
 5.97083e+22	9.37e-01	6.32e-02	1.40e-05	0.00e+00	0.00e+00	0.00e+00	0.00e+00	0.00e+00	0.00e+00	9.37e-01	7.57e-08	4.03e-08
 5.97654e+22	9.39e-01	6.06e-02	1.29e-05	0.00e+00	0.00e+00	0.00e+00	0.00e+00	0.00e+00	0.00e+00	9.39e-01	7.51e-08	3.99e-08
 5.98204e+22	9.42e-01	5.82e-02	1.20e-05	0.00e+00	0.00e+00	0.00e+00	0.00e+00	0.00e+00	0.00e+00	9.42e-01	7.45e-08	3.95e-08
 5.98723e+22	9.44e-01	5.60e-02	1.11e-05	0.00e+00	0.00e+00	0.00e+00	0.00e+00	0.00e+00	0.00e+00	9.44e-01	7.40e-08	3.91e-08
 5.99211e+22	9.46e-01	5.40e-02	1.04e-05	0.00e+00	0.00e+00	0.00e+00	0.00e+00	0.00e+00	0.00e+00	9.46e-01	7.36e-08	3.88e-08
 5.99674e+22	9.48e-01	5.22e-02	9.82e-06	0.00e+00	0.00e+00	0.00e+00	0.00e+00	0.00e+00	0.00e+00	9.48e-01	7.32e-08	3.85e-08
 6.00114e+22	9.49e-01	5.06e-02	9.27e-06	0.00e+00	0.00e+00	0.00e+00	0.00e+00	0.00e+00	0.00e+00	9.49e-01	7.28e-08	3.82e-08
 6.00534e+22	9.51e-01	4.90e-02	8.79e-06	0.00e+00	0.00e+00	0.00e+00	0.00e+00	0.00e+00	0.00e+00	9.51e-01	7.24e-08	3.79e-08
 6.00935e+22	9.52e-01	4.75e-02	8.35e-06	0.00e+00	0.00e+00	0.00e+00	0.00e+00	0.00e+00	0.00e+00	9.52e-01	7.20e-08	3.76e-08
 6.01311e+22	9.54e-01	4.62e-02	7.96e-06	0.00e+00	0.00e+00	0.00e+00	0.00e+00	0.00e+00	0.00e+00	9.54e-01	7.17e-08	3.74e-08
 6.01662e+22	9.55e-01	4.50e-02	7.63e-06	0.00e+00	0.00e+00	0.00e+00	0.00e+00	0.00e+00	0.00e+00	9.55e-01	7.14e-08	3.72e-08
 6.02007e+22	9.56e-01	4.38e-02	7.31e-06	0.00e+00	0.00e+00	0.00e+00	0.00e+00	0.00e+00	0.00e+00	9.56e-01	7.11e-08	3.69e-08
 6.02348e+22	9.57e-01	4.26e-02	7.01e-06	0.00e+00	0.00e+00	0.00e+00	0.00e+00	0.00e+00	0.00e+00	9.57e-01	7.08e-08	3.67e-08
 6.02675e+22	9.58e-01	4.15e-02	6.73e-06	0.00e+00	0.00e+00	0.00e+00	0.00e+00	0.00e+00	0.00e+00	9.58e-01	7.05e-08	3.65e-08
 6.02979e+22	9.60e-01	4.05e-02	6.49e-06	0.00e+00	0.00e+00	0.00e+00	0.00e+00	0.00e+00	0.00e+00	9.60e-01	7.02e-08	3.63e-08
 6.03256e+22	9.60e-01	3.96e-02	6.28e-06	0.00e+00	0.00e+00	0.00e+00	0.00e+00	0.00e+00	0.00e+00	9.60e-01	6.99e-08	3.61e-08
 6.03508e+22	9.61e-01	3.88e-02	6.10e-06	0.00e+00	0.00e+00	0.00e+00	0.00e+00	0.00e+00	0.00e+00	9.61e-01	6.97e-08	3.59e-08
 6.03737e+22	9.62e-01	3.81e-02	5.93e-06	0.00e+00	0.00e+00	0.00e+00	0.00e+00	0.00e+00	0.00e+00	9.62e-01	6.94e-08	3.58e-08
 6.03946e+22	9.63e-01	3.74e-02	5.79e-06	0.00e+00	0.00e+00	0.00e+00	0.00e+00	0.00e+00	0.00e+00	9.63e-01	6.92e-08	3.56e-08
 6.04135e+22	9.63e-01	3.68e-02	5.66e-06	0.00e+00	0.00e+00	0.00e+00	0.00e+00	0.00e+00	0.00e+00	9.63e-01	6.90e-08	3.55e-08
 6.04308e+22	9.64e-01	3.63e-02	5.55e-06	0.00e+00	0.00e+00	0.00e+00	0.00e+00	0.00e+00	0.00e+00	9.64e-01	6.88e-08	3.53e-08
 6.04497e+22	9.64e-01	3.57e-02	5.41e-06	0.00e+00	0.00e+00	0.00e+00	0.00e+00	0.00e+00	0.00e+00	9.64e-01	6.84e-08	3.52e-08
 6.04702e+22	9.65e-01	3.52e-02	5.30e-06	0.00e+00	0.00e+00	0.00e+00	0.00e+00	0.00e+00	0.00e+00	9.65e-01	6.82e-08	3.51e-08
 6.04926e+22	9.66e-01	3.44e-02	5.14e-06	0.00e+00	0.00e+00	0.00e+00	0.00e+00	0.00e+00	0.00e+00	9.66e-01	6.76e-08	3.49e-08
 6.05168e+22	9.66e-01	3.37e-02	4.99e-06	0.00e+00	0.00e+00	0.00e+00	0.00e+00	0.00e+00	0.00e+00	9.66e-01	6.72e-08	3.47e-08
 6.05388e+22	9.67e-01	3.30e-02	4.85e-06	0.00e+00	0.00e+00	0.00e+00	0.00e+00	0.00e+00	0.00e+00	9.67e-01	6.68e-08	3.45e-08
 6.05588e+22	9.68e-01	3.24e-02	4.73e-06	0.00e+00	0.00e+00	0.00e+00	0.00e+00	0.00e+00	0.00e+00	9.68e-01	6.65e-08	3.44e-08
 6.05770e+22	9.68e-01	3.19e-02	4.63e-06	0.00e+00	0.00e+00	0.00e+00	0.00e+00	0.00e+00	0.00e+00	9.68e-01	6.62e-08	3.43e-08
 6.05936e+22	9.69e-01	3.15e-02	4.54e-06	0.00e+00	0.00e+00	0.00e+00	0.00e+00	0.00e+00	0.00e+00	9.69e-01	6.59e-08	3.41e-08
 6.06087e+22	9.69e-01	3.11e-02	4.46e-06	0.00e+00	0.00e+00	0.00e+00	0.00e+00	0.00e+00	0.00e+00	9.69e-01	6.57e-08	3.40e-08
 6.06252e+22	9.69e-01	3.06e-02	4.36e-06	0.00e+00	0.00e+00	0.00e+00	0.00e+00	0.00e+00	0.00e+00	9.69e-01	6.55e-08	3.39e-08
 6.06431e+22	9.70e-01	3.02e-02	4.28e-06	0.00e+00	0.00e+00	0.00e+00	0.00e+00	0.00e+00	0.00e+00	9.70e-01	6.53e-08	3.38e-08
 6.06626e+22	9.70e-01	2.97e-02	4.16e-06	0.00e+00	0.00e+00	0.00e+00	0.00e+00	0.00e+00	0.00e+00	9.70e-01	6.50e-08	3.37e-08
 6.06837e+22	9.71e-01	2.92e-02	4.06e-06	0.00e+00	0.00e+00	0.00e+00	0.00e+00	0.00e+00	0.00e+00	9.71e-01	6.48e-08	3.36e-08
 6.07030e+22	9.71e-01	2.88e-02	3.98e-06	0.00e+00	0.00e+00	0.00e+00	0.00e+00	0.00e+00	0.00e+00	9.71e-01	6.46e-08	3.35e-08
 6.07240e+22	9.72e-01	2.82e-02	3.86e-06	0.00e+00	0.00e+00	0.00e+00	0.00e+00	0.00e+00	0.00e+00	9.72e-01	6.44e-08	3.34e-08
 6.07467e+22	9.72e-01	2.77e-02	3.76e-06	0.00e+00	0.00e+00	0.00e+00	0.00e+00	0.00e+00	0.00e+00	9.72e-01	6.41e-08	3.33e-08
 6.07674e+22	9.73e-01	2.73e-02	3.67e-06	0.00e+00	0.00e+00	0.00e+00	0.00e+00	0.00e+00	0.00e+00	9.73e-01	6.39e-08	3.32e-08
 6.07862e+22	9.73e-01	2.69e-02	3.59e-06	0.00e+00	0.00e+00	0.00e+00	0.00e+00	0.00e+00	0.00e+00	9.73e-01	6.37e-08	3.31e-08
 6.08069e+22	9.74e-01	2.64e-02	3.50e-06	0.00e+00	0.00e+00	0.00e+00	0.00e+00	0.00e+00	0.00e+00	9.74e-01	6.35e-08	3.30e-08
 6.08291e+22	9.74e-01	2.59e-02	3.40e-06	0.00e+00	0.00e+00	0.00e+00	0.00e+00	0.00e+00	0.00e+00	9.74e-01	6.33e-08	3.29e-08
 6.08494e+22	9.74e-01	2.55e-02	3.32e-06	0.00e+00	0.00e+00	0.00e+00	0.00e+00	0.00e+00	0.00e+00	9.74e-01	6.31e-08	3.28e-08
 6.08679e+22	9.75e-01	2.52e-02	3.25e-06	0.00e+00	0.00e+00	0.00e+00	0.00e+00	0.00e+00	0.00e+00	9.75e-01	6.30e-08	3.27e-08
 6.08881e+22	9.75e-01	2.47e-02	3.16e-06	0.00e+00	0.00e+00	0.00e+00	0.00e+00	0.00e+00	0.00e+00	9.75e-01	6.27e-08	3.25e-08
 6.09099e+22	9.76e-01	2.43e-02	3.08e-06	0.00e+00	0.00e+00	0.00e+00	0.00e+00	0.00e+00	0.00e+00	9.76e-01	6.25e-08	3.24e-08
 6.09297e+22	9.76e-01	2.39e-02	3.00e-06	0.00e+00	0.00e+00	0.00e+00	0.00e+00	0.00e+00	0.00e+00	9.76e-01	6.23e-08	3.23e-08
 6.09478e+22	9.76e-01	2.36e-02	2.93e-06	0.00e+00	0.00e+00	0.00e+00	0.00e+00	0.00e+00	0.00e+00	9.76e-01	6.21e-08	3.22e-08
 6.09676e+22	9.77e-01	2.31e-02	2.86e-06	0.00e+00	0.00e+00	0.00e+00	0.00e+00	0.00e+00	0.00e+00	9.77e-01	6.18e-08	3.20e-08
 6.09890e+22	9.77e-01	2.27e-02	2.77e-06	0.00e+00	0.00e+00	0.00e+00	0.00e+00	0.00e+00	0.00e+00	9.77e-01	6.16e-08	3.19e-08
 6.10084e+22	9.78e-01	2.24e-02	2.71e-06	0.00e+00	0.00e+00	0.00e+00	0.00e+00	0.00e+00	0.00e+00	9.78e-01	6.14e-08	3.17e-08
 6.10261e+22	9.78e-01	2.20e-02	2.65e-06	0.00e+00	0.00e+00	0.00e+00	0.00e+00	0.00e+00	0.00e+00	9.78e-01	6.12e-08	3.16e-08
 6.10422e+22	9.78e-01	2.17e-02	2.60e-06	0.00e+00	0.00e+00	0.00e+00	0.00e+00	0.00e+00	0.00e+00	9.78e-01	6.09e-08	3.14e-08
 6.10569e+22	9.79e-01	2.15e-02	2.56e-06	0.00e+00	0.00e+00	0.00e+00	0.00e+00	0.00e+00	0.00e+00	9.79e-01	6.08e-08	3.14e-08
 6.10729e+22	9.79e-01	2.12e-02	2.50e-06	0.00e+00	0.00e+00	0.00e+00	0.00e+00	0.00e+00	0.00e+00	9.79e-01	6.06e-08	3.12e-08
 6.10903e+22	9.79e-01	2.08e-02	2.45e-06	0.00e+00	0.00e+00	0.00e+00	0.00e+00	0.00e+00	0.00e+00	9.79e-01	6.04e-08	3.11e-08
 6.11060e+22	9.79e-01	2.07e-02	2.41e-06	0.00e+00	0.00e+00	0.00e+00	0.00e+00	0.00e+00	0.00e+00	9.79e-01	6.03e-08	3.10e-08
 6.11233e+22	9.80e-01	2.03e-02	2.36e-06	0.00e+00	0.00e+00	0.00e+00	0.00e+00	0.00e+00	0.00e+00	9.80e-01	6.01e-08	3.09e-08
 6.11420e+22	9.80e-01	2.00e-02	2.30e-06	0.00e+00	0.00e+00	0.00e+00	0.00e+00	0.00e+00	0.00e+00	9.80e-01	5.99e-08	3.07e-08
 6.11590e+22	9.80e-01	1.98e-02	2.27e-06	0.00e+00	0.00e+00	0.00e+00	0.00e+00	0.00e+00	0.00e+00	9.80e-01	5.98e-08	3.07e-08
 6.11776e+22	9.81e-01	1.94e-02	2.21e-06	0.00e+00	0.00e+00	0.00e+00	0.00e+00	0.00e+00	0.00e+00	9.81e-01	5.95e-08	3.05e-08
 6.11977e+22	9.81e-01	1.91e-02	2.16e-06	0.00e+00	0.00e+00	0.00e+00	0.00e+00	0.00e+00	0.00e+00	9.81e-01	5.93e-08	3.03e-08
 6.12160e+22	9.81e-01	1.88e-02	2.12e-06	0.00e+00	0.00e+00	0.00e+00	0.00e+00	0.00e+00	0.00e+00	9.81e-01	5.91e-08	3.02e-08
 6.12360e+22	9.81e-01	1.85e-02	2.07e-06	0.00e+00	0.00e+00	0.00e+00	0.00e+00	0.00e+00	0.00e+00	9.81e-01	5.86e-08	2.99e-08
 6.12576e+22	9.82e-01	1.83e-02	2.03e-06	0.00e+00	0.00e+00	0.00e+00	0.00e+00	0.00e+00	0.00e+00	9.82e-01	5.81e-08	2.97e-08
 6.12813e+22	9.82e-01	1.79e-02	1.98e-06	0.00e+00	0.00e+00	0.00e+00	0.00e+00	0.00e+00	0.00e+00	9.82e-01	5.73e-08	2.93e-08
 6.13069e+22	9.82e-01	1.76e-02	1.93e-06	0.00e+00	0.00e+00	0.00e+00	0.00e+00	0.00e+00	0.00e+00	9.82e-01	5.67e-08	2.90e-08
 6.13302e+22	9.83e-01	1.73e-02	1.88e-06	0.00e+00	0.00e+00	0.00e+00	0.00e+00	0.00e+00	0.00e+00	9.83e-01	5.61e-08	2.88e-08
 6.13514e+22	9.83e-01	1.70e-02	1.84e-06	0.00e+00	0.00e+00	0.00e+00	0.00e+00	0.00e+00	0.00e+00	9.83e-01	5.53e-08	2.83e-08
 6.13707e+22	9.83e-01	1.68e-02	1.81e-06	0.00e+00	0.00e+00	0.00e+00	0.00e+00	0.00e+00	0.00e+00	9.83e-01	5.51e-08	2.82e-08
 6.13918e+22	9.83e-01	1.66e-02	1.77e-06	0.00e+00	0.00e+00	0.00e+00	0.00e+00	0.00e+00	0.00e+00	9.83e-01	5.45e-08	2.78e-08
 6.14146e+22	9.84e-01	1.63e-02	1.74e-06	0.00e+00	0.00e+00	0.00e+00	0.00e+00	0.00e+00	0.00e+00	9.84e-01	5.40e-08	2.75e-08
 6.14396e+22	9.84e-01	1.60e-02	1.69e-06	0.00e+00	0.00e+00	0.00e+00	0.00e+00	0.00e+00	0.00e+00	9.84e-01	5.34e-08	2.71e-08
 6.14666e+22	9.84e-01	1.57e-02	1.65e-06	0.00e+00	0.00e+00	0.00e+00	0.00e+00	0.00e+00	0.00e+00	9.84e-01	5.28e-08	2.67e-08
 6.14912e+22	9.85e-01	1.54e-02	1.62e-06	0.00e+00	0.00e+00	0.00e+00	0.00e+00	0.00e+00	0.00e+00	9.85e-01	5.23e-08	2.64e-08
 6.15135e+22	9.85e-01	1.52e-02	1.58e-06	0.00e+00	0.00e+00	0.00e+00	0.00e+00	0.00e+00	0.00e+00	9.85e-01	5.15e-08	2.60e-08
 6.15339e+22	9.85e-01	1.50e-02	1.56e-06	0.00e+00	0.00e+00	0.00e+00	0.00e+00	0.00e+00	0.00e+00	9.85e-01	5.13e-08	2.58e-08
 6.15561e+22	9.85e-01	1.48e-02	1.53e-06	0.00e+00	0.00e+00	0.00e+00	0.00e+00	0.00e+00	0.00e+00	9.85e-01	5.08e-08	2.55e-08
 6.15802e+22	9.85e-01	1.45e-02	1.50e-06	0.00e+00	0.00e+00	0.00e+00	0.00e+00	0.00e+00	0.00e+00	9.85e-01	5.03e-08	2.52e-08
 6.16021e+22	9.86e-01	1.43e-02	1.47e-06	0.00e+00	0.00e+00	0.00e+00	0.00e+00	0.00e+00	0.00e+00	9.86e-01	4.99e-08	2.49e-08
 6.16261e+22	9.86e-01	1.41e-02	1.44e-06	0.00e+00	0.00e+00	0.00e+00	0.00e+00	0.00e+00	0.00e+00	9.86e-01	4.93e-08	2.46e-08
 6.16520e+22	9.86e-01	1.38e-02	1.41e-06	0.00e+00	0.00e+00	0.00e+00	0.00e+00	0.00e+00	0.00e+00	9.86e-01	4.87e-08	2.42e-08
 6.16755e+22	9.86e-01	1.36e-02	1.38e-06	0.00e+00	0.00e+00	0.00e+00	0.00e+00	0.00e+00	0.00e+00	9.86e-01	4.79e-08	2.38e-08
 6.16970e+22	9.87e-01	1.35e-02	1.36e-06	0.00e+00	0.00e+00	0.00e+00	0.00e+00	0.00e+00	0.00e+00	9.87e-01	4.77e-08	2.36e-08
 6.17205e+22	9.87e-01	1.33e-02	1.34e-06	0.00e+00	0.00e+00	0.00e+00	0.00e+00	0.00e+00	0.00e+00	9.87e-01	4.71e-08	2.33e-08
 6.17510e+22	9.87e-01	1.30e-02	1.30e-06	0.00e+00	0.00e+00	0.00e+00	0.00e+00	0.00e+00	0.00e+00	9.87e-01	4.64e-08	2.29e-08
 6.17840e+22	9.87e-01	1.27e-02	1.27e-06	0.00e+00	0.00e+00	0.00e+00	0.00e+00	0.00e+00	0.00e+00	9.87e-01	4.58e-08	2.25e-08
 6.18140e+22	9.88e-01	1.24e-02	1.24e-06	0.00e+00	0.00e+00	0.00e+00	0.00e+00	0.00e+00	0.00e+00	9.88e-01	4.51e-08	2.21e-08
 6.18414e+22	9.88e-01	1.22e-02	1.22e-06	0.00e+00	0.00e+00	0.00e+00	0.00e+00	0.00e+00	0.00e+00	9.88e-01	4.43e-08	2.16e-08
 6.18662e+22	9.88e-01	1.21e-02	1.20e-06	0.00e+00	0.00e+00	0.00e+00	0.00e+00	0.00e+00	0.00e+00	9.88e-01	4.40e-08	2.15e-08
 6.18935e+22	9.88e-01	1.19e-02	1.18e-06	0.00e+00	0.00e+00	0.00e+00	0.00e+00	0.00e+00	0.00e+00	9.88e-01	4.33e-08	2.11e-08
 6.19229e+22	9.88e-01	1.16e-02	1.15e-06	0.00e+00	0.00e+00	0.00e+00	0.00e+00	0.00e+00	0.00e+00	9.88e-01	4.27e-08	2.07e-08
 6.19496e+22	9.89e-01	1.15e-02	1.13e-06	0.00e+00	0.00e+00	0.00e+00	0.00e+00	0.00e+00	0.00e+00	9.89e-01	4.23e-08	2.04e-08
 6.19789e+22	9.89e-01	1.13e-02	1.11e-06	0.00e+00	0.00e+00	0.00e+00	0.00e+00	0.00e+00	0.00e+00	9.89e-01	4.15e-08	2.00e-08
 6.20106e+22	9.89e-01	1.10e-02	1.09e-06	0.00e+00	0.00e+00	0.00e+00	0.00e+00	0.00e+00	0.00e+00	9.89e-01	4.09e-08	1.96e-08
 6.20394e+22	9.89e-01	1.09e-02	1.07e-06	0.00e+00	0.00e+00	0.00e+00	0.00e+00	0.00e+00	0.00e+00	9.89e-01	4.05e-08	1.94e-08
 6.20710e+22	9.89e-01	1.06e-02	1.04e-06	0.00e+00	0.00e+00	0.00e+00	0.00e+00	0.00e+00	0.00e+00	9.89e-01	3.98e-08	1.89e-08
 6.21050e+22	9.90e-01	1.04e-02	1.02e-06	0.00e+00	0.00e+00	0.00e+00	0.00e+00	0.00e+00	0.00e+00	9.90e-01	3.92e-08	1.86e-08
 6.21360e+22	9.90e-01	1.03e-02	1.00e-06	0.00e+00	0.00e+00	0.00e+00	0.00e+00	0.00e+00	0.00e+00	9.90e-01	3.88e-08	1.84e-08
 6.21700e+22	9.90e-01	1.00e-02	9.82e-07	0.00e+00	0.00e+00	0.00e+00	0.00e+00	0.00e+00	0.00e+00	9.90e-01	3.81e-08	1.80e-08
 6.22067e+22	9.90e-01	9.83e-03	9.61e-07	0.00e+00	0.00e+00	0.00e+00	0.00e+00	0.00e+00	0.00e+00	9.90e-01	3.75e-08	1.77e-08
 6.22401e+22	9.90e-01	9.67e-03	9.44e-07	0.00e+00	0.00e+00	0.00e+00	0.00e+00	0.00e+00	0.00e+00	9.90e-01	3.71e-08	1.74e-08
 6.22767e+22	9.91e-01	9.45e-03	9.22e-07	0.00e+00	0.00e+00	0.00e+00	0.00e+00	0.00e+00	0.00e+00	9.91e-01	3.64e-08	1.70e-08
 6.23162e+22	9.91e-01	9.24e-03	9.02e-07	0.00e+00	0.00e+00	0.00e+00	0.00e+00	0.00e+00	0.00e+00	9.91e-01	3.58e-08	1.66e-08
 6.23521e+22	9.91e-01	9.06e-03	8.86e-07	0.00e+00	0.00e+00	0.00e+00	0.00e+00	0.00e+00	0.00e+00	9.91e-01	3.53e-08	1.63e-08
 6.23848e+22	9.91e-01	8.89e-03	8.70e-07	0.00e+00	0.00e+00	0.00e+00	0.00e+00	0.00e+00	0.00e+00	9.91e-01	3.46e-08	1.59e-08
 6.24146e+22	9.91e-01	8.79e-03	8.58e-07	0.00e+00	0.00e+00	0.00e+00	0.00e+00	0.00e+00	0.00e+00	9.91e-01	3.44e-08	1.57e-08
 6.24472e+22	9.91e-01	8.63e-03	8.43e-07	0.00e+00	0.00e+00	0.00e+00	0.00e+00	0.00e+00	0.00e+00	9.91e-01	3.39e-08	1.54e-08
 6.24824e+22	9.92e-01	8.46e-03	8.28e-07	0.00e+00	0.00e+00	0.00e+00	0.00e+00	0.00e+00	0.00e+00	9.92e-01	3.33e-08	1.51e-08
 6.25210e+22	9.92e-01	8.29e-03	8.11e-07	0.00e+00	0.00e+00	0.00e+00	0.00e+00	0.00e+00	0.00e+00	9.92e-01	3.27e-08	1.48e-08
 6.25626e+22	9.92e-01	8.09e-03	7.94e-07	0.00e+00	0.00e+00	0.00e+00	0.00e+00	0.00e+00	0.00e+00	9.92e-01	3.21e-08	1.44e-08
 6.26005e+22	9.92e-01	7.95e-03	7.81e-07	0.00e+00	0.00e+00	0.00e+00	0.00e+00	0.00e+00	0.00e+00	9.92e-01	3.17e-08	1.42e-08
 6.26420e+22	9.92e-01	7.77e-03	7.64e-07	0.00e+00	0.00e+00	0.00e+00	0.00e+00	0.00e+00	0.00e+00	9.92e-01	3.10e-08	1.38e-08
 6.26869e+22	9.92e-01	7.59e-03	7.49e-07	0.00e+00	0.00e+00	0.00e+00	0.00e+00	0.00e+00	0.00e+00	9.92e-01	3.05e-08	1.35e-08
 6.27277e+22	9.93e-01	7.42e-03	7.35e-07	0.00e+00	0.00e+00	0.00e+00	0.00e+00	0.00e+00	0.00e+00	9.93e-01	2.99e-08	1.32e-08
 6.27648e+22	9.93e-01	7.30e-03	7.24e-07	0.00e+00	0.00e+00	0.00e+00	0.00e+00	0.00e+00	0.00e+00	9.93e-01	2.95e-08	1.30e-08
 6.28055e+22	9.93e-01	7.14e-03	7.10e-07	0.00e+00	0.00e+00	0.00e+00	0.00e+00	0.00e+00	0.00e+00	9.93e-01	2.89e-08	1.26e-08
 6.28494e+22	9.93e-01	6.96e-03	6.96e-07	0.00e+00	0.00e+00	0.00e+00	0.00e+00	0.00e+00	0.00e+00	9.93e-01	2.83e-08	1.23e-08
 6.28894e+22	9.93e-01	6.85e-03	6.85e-07	0.00e+00	0.00e+00	0.00e+00	0.00e+00	0.00e+00	0.00e+00	9.93e-01	2.79e-08	1.21e-08
 6.29332e+22	9.93e-01	6.69e-03	6.72e-07	0.00e+00	0.00e+00	0.00e+00	0.00e+00	0.00e+00	0.00e+00	9.93e-01	2.74e-08	1.18e-08
 6.29805e+22	9.93e-01	6.51e-03	6.59e-07	0.00e+00	0.00e+00	0.00e+00	0.00e+00	0.00e+00	0.00e+00	9.93e-01	2.68e-08	1.14e-08
 6.30235e+22	9.94e-01	6.40e-03	6.48e-07	0.00e+00	0.00e+00	0.00e+00	0.00e+00	0.00e+00	0.00e+00	9.94e-01	2.64e-08	1.12e-08
 6.30706e+22	9.94e-01	6.25e-03	6.36e-07	0.00e+00	0.00e+00	0.00e+00	0.00e+00	0.00e+00	0.00e+00	9.94e-01	2.59e-08	1.10e-08
 6.31216e+22	9.94e-01	6.07e-03	6.22e-07	0.00e+00	0.00e+00	0.00e+00	0.00e+00	0.00e+00	0.00e+00	9.94e-01	2.53e-08	1.06e-08
 6.31679e+22	9.94e-01	5.95e-03	6.12e-07	0.00e+00	0.00e+00	0.00e+00	0.00e+00	0.00e+00	0.00e+00	9.94e-01	2.49e-08	1.04e-08
 6.32186e+22	9.94e-01	5.80e-03	6.00e-07	0.00e+00	0.00e+00	0.00e+00	0.00e+00	0.00e+00	0.00e+00	9.94e-01	2.44e-08	1.01e-08
 6.32734e+22	9.94e-01	5.65e-03	5.88e-07	0.00e+00	0.00e+00	0.00e+00	0.00e+00	0.00e+00	0.00e+00	9.94e-01	2.39e-08	9.84e-09
 6.33233e+22	9.94e-01	5.51e-03	5.78e-07	0.00e+00	0.00e+00	0.00e+00	0.00e+00	0.00e+00	0.00e+00	9.94e-01	2.34e-08	9.57e-09
 6.33687e+22	9.95e-01	5.40e-03	5.69e-07	0.00e+00	0.00e+00	0.00e+00	0.00e+00	0.00e+00	0.00e+00	9.95e-01	2.30e-08	9.33e-09
 6.34184e+22	9.95e-01	5.27e-03	5.59e-07	0.00e+00	0.00e+00	0.00e+00	0.00e+00	0.00e+00	0.00e+00	9.95e-01	2.26e-08	9.09e-09
