#depth	Cl	Cl+	Cl+2	Cl+3	Cl+4	Cl+5	Cl+6	Cl+7	Cl+8	Cl+9	Cl+10	Cl+11	Cl+12	Cl+13	Cl+14	Cl+15	Cl+16	Cl+17
 1.54284e+22	1.85e-29	2.20e-16	1.46e-13	2.14e-11	6.95e-10	1.22e-08	2.20e-07	1.26e-04	5.47e-03	6.67e-02	2.10e-01	3.13e-01	2.38e-01	8.74e-02	3.69e-02	3.82e-02	3.89e-03	1.33e-04
 3.44915e+22	6.18e-29	2.92e-15	1.52e-12	1.66e-10	4.05e-09	5.26e-08	7.04e-07	2.96e-04	1.07e-02	1.10e-01	2.81e-01	3.18e-01	1.90e-01	5.46e-02	1.89e-02	1.56e-02	1.18e-03	2.99e-05
 3.99437e+22	2.13e-28	8.86e-15	4.15e-12	4.03e-10	8.70e-09	9.95e-08	1.18e-06	4.35e-04	1.43e-02	1.34e-01	3.09e-01	3.09e-01	1.66e-01	4.26e-02	1.35e-02	1.01e-02	6.69e-04	1.49e-05
 4.27106e+22	3.99e-28	1.55e-14	6.92e-12	6.31e-10	1.28e-08	1.38e-07	1.53e-06	5.28e-04	1.65e-02	1.48e-01	3.23e-01	3.02e-01	1.53e-01	3.73e-02	1.13e-02	8.07e-03	4.98e-04	1.03e-05
 4.40871e+22	5.27e-28	1.98e-14	8.66e-12	7.69e-10	1.53e-08	1.59e-07	1.72e-06	5.76e-04	1.75e-02	1.54e-01	3.28e-01	2.99e-01	1.47e-01	3.50e-02	1.05e-02	7.29e-03	4.36e-04	8.80e-06
 4.50692e+22	7.54e-28	2.73e-14	1.16e-11	9.93e-10	1.90e-08	1.91e-07	2.00e-06	6.43e-04	1.90e-02	1.62e-01	3.35e-01	2.94e-01	1.40e-01	3.23e-02	9.43e-03	6.38e-03	3.67e-04	7.11e-06
 4.61103e+22	1.03e-27	3.60e-14	1.49e-11	1.24e-09	2.31e-08	2.25e-07	2.28e-06	7.07e-04	2.03e-02	1.69e-01	3.41e-01	2.89e-01	1.34e-01	3.01e-02	8.59e-03	5.66e-03	3.15e-04	5.89e-06
 4.72281e+22	1.51e-27	5.06e-14	2.03e-11	1.63e-09	2.92e-08	2.74e-07	2.68e-06	7.95e-04	2.21e-02	1.79e-01	3.48e-01	2.83e-01	1.27e-01	2.74e-02	7.65e-03	4.89e-03	2.60e-04	4.67e-06
 4.83797e+22	2.13e-27	6.89e-14	2.69e-11	2.09e-09	3.62e-08	3.28e-07	3.09e-06	8.83e-04	2.38e-02	1.87e-01	3.54e-01	2.77e-01	1.20e-01	2.52e-02	6.88e-03	4.27e-03	2.19e-04	3.77e-06
 4.93890e+22	2.89e-27	9.06e-14	3.45e-11	2.60e-09	4.37e-08	3.84e-07	3.51e-06	9.69e-04	2.55e-02	1.95e-01	3.58e-01	2.72e-01	1.15e-01	2.34e-02	6.24e-03	3.78e-03	1.87e-04	3.11e-06
 5.05146e+22	4.30e-27	1.29e-13	4.77e-11	3.45e-09	5.60e-08	4.72e-07	4.15e-06	1.09e-03	2.77e-02	2.05e-01	3.64e-01	2.64e-01	1.07e-01	2.11e-02	5.49e-03	3.21e-03	1.52e-04	2.41e-06
 5.16677e+22	5.91e-27	1.72e-13	6.19e-11	4.34e-09	6.83e-08	5.58e-07	4.75e-06	1.21e-03	2.97e-02	2.14e-01	3.68e-01	2.58e-01	1.02e-01	1.94e-02	4.95e-03	2.81e-03	1.28e-04	1.97e-06
 5.26431e+22	7.81e-27	2.21e-13	7.78e-11	5.30e-09	8.13e-08	6.45e-07	5.35e-06	1.31e-03	3.15e-02	2.22e-01	3.72e-01	2.52e-01	9.69e-02	1.80e-02	4.51e-03	2.50e-03	1.10e-04	1.64e-06
 5.36979e+22	1.13e-26	3.10e-13	1.06e-10	6.93e-09	1.03e-07	7.84e-07	6.26e-06	1.47e-03	3.40e-02	2.32e-01	3.76e-01	2.44e-01	9.05e-02	1.62e-02	3.97e-03	2.13e-03	8.96e-05	1.27e-06
 5.47488e+22	1.48e-26	3.98e-13	1.32e-10	8.45e-09	1.22e-07	9.06e-07	7.04e-06	1.60e-03	3.61e-02	2.40e-01	3.78e-01	2.38e-01	8.59e-02	1.50e-02	3.61e-03	1.89e-03	7.69e-05	1.06e-06
 5.57946e+22	2.12e-26	5.53e-13	1.78e-10	1.10e-08	1.53e-07	1.10e-06	8.23e-06	1.78e-03	3.89e-02	2.50e-01	3.81e-01	2.29e-01	8.00e-02	1.35e-02	3.17e-03	1.61e-03	6.25e-05	8.22e-07
 5.68582e+22	2.81e-26	7.15e-13	2.25e-10	1.35e-08	1.83e-07	1.28e-06	9.30e-06	1.95e-03	4.12e-02	2.59e-01	3.83e-01	2.22e-01	7.55e-02	1.24e-02	2.86e-03	1.41e-03	5.30e-05	6.74e-07
 5.79448e+22	4.04e-26	1.00e-12	3.07e-10	1.76e-08	2.32e-07	1.56e-06	1.09e-05	2.18e-03	4.45e-02	2.70e-01	3.85e-01	2.13e-01	6.98e-02	1.11e-02	2.50e-03	1.19e-03	4.25e-05	5.14e-07
 5.90446e+22	5.34e-26	1.30e-12	3.89e-10	2.17e-08	2.79e-07	1.82e-06	1.24e-05	2.39e-03	4.72e-02	2.79e-01	3.86e-01	2.06e-01	6.56e-02	1.01e-02	2.24e-03	1.03e-03	3.57e-05	4.17e-07
 6.01617e+22	7.66e-26	1.84e-12	5.31e-10	2.86e-08	3.54e-07	2.23e-06	1.47e-05	2.68e-03	5.10e-02	2.91e-01	3.87e-01	1.97e-01	6.02e-02	8.93e-03	1.94e-03	8.61e-04	2.83e-05	3.14e-07
 6.13004e+22	1.02e-25	2.42e-12	6.80e-10	3.55e-08	4.30e-07	2.62e-06	1.68e-05	2.95e-03	5.43e-02	3.00e-01	3.87e-01	1.89e-01	5.61e-02	8.07e-03	1.72e-03	7.41e-04	2.34e-05	2.50e-07
 6.24670e+22	1.47e-25	3.43e-12	9.36e-10	4.71e-08	5.51e-07	3.24e-06	2.00e-05	3.33e-03	5.88e-02	3.13e-01	3.86e-01	1.79e-01	5.10e-02	7.05e-03	1.47e-03	6.07e-04	1.82e-05	1.84e-07
 6.36575e+22	1.97e-25	4.55e-12	1.21e-09	5.90e-08	6.74e-07	3.85e-06	2.30e-05	3.67e-03	6.27e-02	3.23e-01	3.85e-01	1.71e-01	4.71e-02	6.31e-03	1.29e-03	5.16e-04	1.48e-05	1.44e-07
 6.48790e+22	2.83e-25	6.51e-12	1.68e-09	7.89e-08	8.74e-07	4.81e-06	2.77e-05	4.18e-03	6.81e-02	3.36e-01	3.82e-01	1.60e-01	4.24e-02	5.44e-03	1.09e-03	4.16e-04	1.13e-05	0.00e+00
 6.61118e+22	3.75e-25	8.60e-12	2.16e-09	9.89e-08	1.07e-06	5.73e-06	3.21e-05	4.62e-03	7.26e-02	3.47e-01	3.79e-01	1.52e-01	3.88e-02	4.82e-03	9.48e-04	3.50e-04	9.06e-06	0.00e+00
 6.71449e+22	4.80e-25	1.10e-11	2.71e-09	1.21e-07	1.29e-06	6.71e-06	3.67e-05	5.07e-03	7.69e-02	3.56e-01	3.76e-01	1.44e-01	3.58e-02	4.32e-03	8.35e-04	2.98e-04	7.42e-06	0.00e+00
 6.82649e+22	6.46e-25	1.50e-11	3.60e-09	1.57e-07	1.62e-06	8.22e-06	4.36e-05	5.70e-03	8.28e-02	3.68e-01	3.72e-01	1.35e-01	3.22e-02	3.73e-03	7.08e-04	2.42e-04	5.72e-06	0.00e+00
 6.93971e+22	8.23e-25	1.91e-11	4.50e-09	1.92e-07	1.96e-06	9.66e-06	5.00e-05	6.27e-03	8.78e-02	3.77e-01	3.67e-01	1.28e-01	2.95e-02	3.31e-03	6.19e-04	2.05e-04	4.63e-06	0.00e+00
 7.05021e+22	1.07e-24	2.54e-11	5.85e-09	2.43e-07	2.44e-06	1.17e-05	5.90e-05	7.02e-03	9.41e-02	3.88e-01	3.61e-01	1.19e-01	2.65e-02	2.87e-03	5.26e-04	1.67e-04	3.58e-06	0.00e+00
 7.16298e+22	1.35e-24	3.23e-11	7.32e-09	2.99e-07	2.95e-06	1.39e-05	6.83e-05	7.75e-03	9.99e-02	3.98e-01	3.56e-01	1.12e-01	2.40e-02	2.52e-03	4.55e-04	1.39e-04	2.85e-06	0.00e+00
 7.27359e+22	1.68e-24	4.17e-11	9.30e-09	3.74e-07	3.63e-06	1.67e-05	8.02e-05	8.64e-03	1.07e-01	4.08e-01	3.48e-01	1.04e-01	2.15e-02	2.17e-03	3.87e-04	1.13e-04	2.21e-06	0.00e+00
 7.38653e+22	2.08e-24	5.28e-11	1.16e-08	4.60e-07	4.41e-06	1.98e-05	9.33e-05	9.58e-03	1.13e-01	4.17e-01	3.41e-01	9.67e-02	1.94e-02	1.89e-03	3.32e-04	9.33e-05	1.74e-06	0.00e+00
 7.49824e+22	2.55e-24	6.66e-11	1.45e-08	5.67e-07	5.38e-06	2.36e-05	1.09e-04	1.06e-02	1.21e-01	4.27e-01	3.33e-01	8.96e-02	1.73e-02	1.63e-03	2.82e-04	7.61e-05	1.35e-06	0.00e+00
 7.61056e+22	3.09e-24	8.30e-11	1.79e-08	6.93e-07	6.52e-06	2.81e-05	1.27e-04	1.18e-02	1.28e-01	4.35e-01	3.24e-01	8.29e-02	1.55e-02	1.41e-03	2.40e-04	6.22e-05	1.05e-06	0.00e+00
 7.72158e+22	3.70e-24	1.02e-10	2.20e-08	8.43e-07	7.87e-06	3.33e-05	1.48e-04	1.31e-02	1.36e-01	4.43e-01	3.16e-01	7.67e-02	1.38e-02	1.22e-03	2.04e-04	5.08e-05	8.18e-07	0.00e+00
 7.83243e+22	4.40e-24	1.25e-10	2.68e-08	1.02e-06	9.48e-06	3.94e-05	1.72e-04	1.45e-02	1.44e-01	4.50e-01	3.06e-01	7.07e-02	1.23e-02	1.05e-03	1.73e-04	4.14e-05	6.36e-07	0.00e+00
 7.94346e+22	5.19e-24	1.52e-10	3.24e-08	1.23e-06	1.14e-05	4.65e-05	2.00e-04	1.60e-02	1.53e-01	4.57e-01	2.97e-01	6.51e-02	1.10e-02	9.02e-04	1.47e-04	3.37e-05	4.94e-07	0.00e+00
 8.05491e+22	6.09e-24	1.82e-10	3.91e-08	1.48e-06	1.36e-05	5.47e-05	2.32e-04	1.77e-02	1.61e-01	4.63e-01	2.87e-01	5.98e-02	9.75e-03	7.75e-04	1.24e-04	2.74e-05	3.83e-07	0.00e+00
 8.16701e+22	7.12e-24	2.18e-10	4.70e-08	1.78e-06	1.63e-05	6.44e-05	2.70e-04	1.95e-02	1.71e-01	4.69e-01	2.77e-01	5.48e-02	8.64e-03	6.64e-04	1.05e-04	2.23e-05	2.96e-07	0.00e+00
 8.28013e+22	8.30e-24	2.59e-10	5.61e-08	2.12e-06	1.94e-05	7.58e-05	3.13e-04	2.16e-02	1.80e-01	4.73e-01	2.66e-01	5.02e-02	7.65e-03	5.68e-04	8.85e-05	1.80e-05	2.28e-07	0.00e+00
 8.39457e+22	9.67e-24	3.05e-10	6.69e-08	2.53e-06	2.31e-05	8.90e-05	3.64e-04	2.38e-02	1.90e-01	4.77e-01	2.56e-01	4.58e-02	6.75e-03	4.85e-04	7.44e-05	1.46e-05	1.76e-07	0.00e+00
 8.50963e+22	1.12e-23	3.58e-10	7.94e-08	3.01e-06	2.75e-05	1.04e-04	4.22e-04	2.62e-02	2.00e-01	4.80e-01	2.45e-01	4.17e-02	5.96e-03	4.14e-04	6.26e-05	1.18e-05	1.35e-07	0.00e+00
 8.62656e+22	1.31e-23	4.18e-10	9.43e-08	3.58e-06	3.27e-05	1.22e-04	4.90e-04	2.90e-02	2.10e-01	4.82e-01	2.34e-01	3.79e-02	5.23e-03	3.52e-04	5.23e-05	9.44e-06	0.00e+00	0.00e+00
 8.74483e+22	1.53e-23	4.86e-10	1.11e-07	4.24e-06	3.87e-05	1.43e-04	5.68e-04	3.19e-02	2.21e-01	4.84e-01	2.24e-01	3.44e-02	4.60e-03	2.99e-04	4.39e-05	7.61e-06	0.00e+00	0.00e+00
 8.86541e+22	1.81e-23	5.64e-10	1.32e-07	5.04e-06	4.60e-05	1.68e-04	6.61e-04	3.52e-02	2.32e-01	4.84e-01	2.13e-01	3.10e-02	4.02e-03	2.53e-04	3.65e-05	6.06e-06	0.00e+00	0.00e+00
 8.98823e+22	1.84e-22	6.52e-10	1.56e-07	5.96e-06	5.44e-05	1.96e-04	7.66e-04	3.87e-02	2.43e-01	4.83e-01	2.02e-01	2.80e-02	3.52e-03	2.14e-04	3.04e-05	4.85e-06	0.00e+00	0.00e+00
 9.10090e+22	2.76e-22	7.34e-10	1.79e-07	6.86e-06	6.26e-05	2.23e-04	8.66e-04	4.19e-02	2.53e-01	4.82e-01	1.93e-01	2.57e-02	3.14e-03	1.86e-04	2.60e-05	4.02e-06	0.00e+00	0.00e+00
 9.21844e+22	3.69e-22	8.47e-10	2.12e-07	8.16e-06	7.45e-05	2.62e-04	1.01e-03	4.62e-02	2.65e-01	4.80e-01	1.82e-01	2.29e-02	2.72e-03	1.55e-04	2.14e-05	3.16e-06	0.00e+00	0.00e+00
 9.33784e+22	4.77e-22	9.55e-10	2.44e-07	9.39e-06	8.57e-05	2.98e-04	1.14e-03	5.00e-02	2.74e-01	4.77e-01	1.73e-01	2.10e-02	2.42e-03	1.34e-04	1.83e-05	2.61e-06	0.00e+00	0.00e+00
 9.46090e+22	6.84e-22	1.11e-09	2.92e-07	1.12e-05	1.02e-04	3.51e-04	1.34e-03	5.52e-02	2.87e-01	4.73e-01	1.62e-01	1.86e-02	2.08e-03	1.11e-04	1.49e-05	2.03e-06	0.00e+00	0.00e+00
 9.58420e+22	9.21e-22	1.24e-09	3.35e-07	1.29e-05	1.17e-04	3.98e-04	1.51e-03	5.95e-02	2.97e-01	4.68e-01	1.54e-01	1.70e-02	1.85e-03	9.64e-05	1.27e-05	1.68e-06	0.00e+00	0.00e+00
 9.70782e+22	1.37e-21	1.43e-09	3.98e-07	1.53e-05	1.39e-04	4.66e-04	1.75e-03	6.55e-02	3.09e-01	4.62e-01	1.44e-01	1.50e-02	1.59e-03	7.98e-05	1.03e-05	1.31e-06	0.00e+00	0.00e+00
 9.83202e+22	1.99e-21	1.61e-09	4.58e-07	1.76e-05	1.59e-04	5.26e-04	1.97e-03	7.04e-02	3.19e-01	4.57e-01	1.36e-01	1.37e-02	1.41e-03	6.92e-05	8.83e-06	1.08e-06	0.00e+00	0.00e+00
 9.95697e+22	3.19e-21	1.85e-09	5.46e-07	2.09e-05	1.89e-04	6.14e-04	2.28e-03	7.71e-02	3.31e-01	4.49e-01	1.27e-01	1.21e-02	1.21e-03	5.73e-05	7.19e-06	8.43e-07	0.00e+00	0.00e+00
 1.00833e+23	5.06e-21	2.09e-09	6.29e-07	2.40e-05	2.15e-04	6.92e-04	2.55e-03	8.27e-02	3.40e-01	4.42e-01	1.20e-01	1.10e-02	1.08e-03	4.94e-05	6.12e-06	6.94e-07	0.00e+00	0.00e+00
 1.02115e+23	8.84e-21	2.42e-09	7.52e-07	2.85e-05	2.55e-04	8.05e-04	2.96e-03	9.04e-02	3.52e-01	4.33e-01	1.11e-01	9.63e-03	9.19e-04	4.08e-05	4.96e-06	5.39e-07	0.00e+00	0.00e+00
 1.03415e+23	1.48e-20	2.73e-09	8.70e-07	3.28e-05	2.91e-04	9.07e-04	3.31e-03	9.68e-02	3.60e-01	4.25e-01	1.04e-01	8.70e-03	8.12e-04	3.51e-05	4.20e-06	4.42e-07	0.00e+00	0.00e+00
 1.04739e+23	2.61e-20	3.18e-09	1.05e-06	3.92e-05	3.45e-04	1.06e-03	3.82e-03	1.06e-01	3.72e-01	4.14e-01	9.57e-02	7.61e-03	6.90e-04	2.88e-05	3.39e-06	3.41e-07	0.00e+00	0.00e+00
 1.06088e+23	4.15e-20	3.63e-09	1.22e-06	4.53e-05	3.95e-04	1.19e-03	4.27e-03	1.13e-01	3.80e-01	4.05e-01	8.94e-02	6.84e-03	6.07e-04	2.46e-05	2.85e-06	2.77e-07	0.00e+00	0.00e+00
 1.07471e+23	6.75e-20	4.28e-09	1.48e-06	5.44e-05	4.69e-04	1.39e-03	4.94e-03	1.23e-01	3.90e-01	3.92e-01	8.17e-02	5.94e-03	5.12e-04	2.00e-05	2.28e-06	2.12e-07	0.00e+00	0.00e+00
 1.08886e+23	1.00e-19	4.93e-09	1.75e-06	6.33e-05	5.39e-04	1.56e-03	5.53e-03	1.31e-01	3.98e-01	3.82e-01	7.59e-02	5.30e-03	4.47e-04	1.70e-05	1.91e-06	1.71e-07	0.00e+00	0.00e+00
 1.10345e+23	1.55e-19	5.89e-09	2.15e-06	7.67e-05	6.43e-04	1.83e-03	6.39e-03	1.43e-01	4.07e-01	3.67e-01	6.87e-02	4.56e-03	3.74e-04	1.37e-05	1.51e-06	1.29e-07	0.00e+00	0.00e+00
 1.11829e+23	2.23e-19	6.90e-09	2.56e-06	8.98e-05	7.41e-04	2.06e-03	7.13e-03	1.52e-01	4.14e-01	3.56e-01	6.36e-02	4.06e-03	3.25e-04	1.16e-05	1.25e-06	0.00e+00	0.00e+00	0.00e+00
 1.13082e+23	3.02e-19	7.88e-09	2.97e-06	1.03e-04	8.40e-04	2.30e-03	7.89e-03	1.61e-01	4.19e-01	3.46e-01	5.91e-02	3.64e-03	2.86e-04	9.88e-06	1.06e-06	0.00e+00	0.00e+00	0.00e+00
 1.14450e+23	4.40e-19	9.41e-09	3.62e-06	1.23e-04	9.86e-04	2.64e-03	8.96e-03	1.73e-01	4.26e-01	3.32e-01	5.36e-02	3.16e-03	2.42e-04	8.08e-06	8.48e-07	0.00e+00	0.00e+00	0.00e+00
 1.15773e+23	5.82e-19	1.08e-08	4.18e-06	1.41e-04	1.11e-03	2.91e-03	9.77e-03	1.81e-01	4.29e-01	3.22e-01	5.00e-02	2.85e-03	2.15e-04	7.01e-06	7.27e-07	0.00e+00	0.00e+00	0.00e+00
 1.17037e+23	8.12e-19	1.27e-08	5.01e-06	1.66e-04	1.28e-03	3.29e-03	1.10e-02	1.93e-01	4.34e-01	3.09e-01	4.56e-02	2.49e-03	1.83e-04	5.80e-06	5.92e-07	0.00e+00	0.00e+00	0.00e+00
 1.18315e+23	1.08e-18	1.47e-08	5.82e-06	1.89e-04	1.43e-03	3.62e-03	1.19e-02	2.02e-01	4.37e-01	2.99e-01	4.25e-02	2.25e-03	1.63e-04	5.03e-06	5.06e-07	0.00e+00	0.00e+00	0.00e+00
 1.19611e+23	1.52e-18	1.75e-08	7.03e-06	2.24e-04	1.66e-03	4.10e-03	1.33e-02	2.14e-01	4.40e-01	2.86e-01	3.85e-02	1.96e-03	1.39e-04	4.15e-06	4.11e-07	0.00e+00	0.00e+00	0.00e+00
 1.20927e+23	2.04e-18	2.04e-08	8.21e-06	2.57e-04	1.87e-03	4.51e-03	1.45e-02	2.24e-01	4.41e-01	2.76e-01	3.57e-02	1.77e-03	1.22e-04	3.57e-06	3.50e-07	0.00e+00	0.00e+00	0.00e+00
 1.22269e+23	2.92e-18	2.46e-08	9.99e-06	3.05e-04	2.17e-03	5.11e-03	1.61e-02	2.37e-01	4.43e-01	2.63e-01	3.22e-02	1.53e-03	1.04e-04	2.93e-06	2.82e-07	0.00e+00	0.00e+00	0.00e+00
 1.23632e+23	3.96e-18	2.89e-08	1.17e-05	3.52e-04	2.44e-03	5.62e-03	1.75e-02	2.47e-01	4.43e-01	2.52e-01	2.97e-02	1.37e-03	9.10e-05	2.51e-06	2.38e-07	0.00e+00	0.00e+00	0.00e+00
 1.25020e+23	5.76e-18	3.54e-08	1.44e-05	4.21e-04	2.83e-03	6.37e-03	1.95e-02	2.61e-01	4.43e-01	2.39e-01	2.66e-02	1.18e-03	7.65e-05	2.04e-06	1.90e-07	0.00e+00	0.00e+00	0.00e+00
 1.26436e+23	7.97e-18	4.22e-08	1.70e-05	4.87e-04	3.20e-03	7.02e-03	2.12e-02	2.72e-01	4.42e-01	2.29e-01	2.44e-02	1.05e-03	6.69e-05	1.74e-06	1.60e-07	0.00e+00	0.00e+00	0.00e+00
 1.27888e+23	1.19e-17	5.23e-08	2.11e-05	5.87e-04	3.74e-03	7.96e-03	2.36e-02	2.86e-01	4.40e-01	2.15e-01	2.17e-02	8.97e-04	5.57e-05	1.40e-06	1.26e-07	0.00e+00	0.00e+00	0.00e+00
 1.29370e+23	1.69e-17	6.30e-08	2.51e-05	6.83e-04	4.23e-03	8.79e-03	2.56e-02	2.98e-01	4.37e-01	2.05e-01	1.98e-02	7.94e-04	4.83e-05	1.18e-06	0.00e+00	0.00e+00	0.00e+00	0.00e+00
 1.30893e+23	2.60e-17	7.94e-08	3.14e-05	8.30e-04	4.96e-03	9.99e-03	2.85e-02	3.13e-01	4.33e-01	1.92e-01	1.75e-02	6.71e-04	3.98e-05	9.41e-07	0.00e+00	0.00e+00	0.00e+00	0.00e+00
 1.32451e+23	3.78e-17	9.69e-08	3.78e-05	9.72e-04	5.63e-03	1.10e-02	3.09e-02	3.24e-01	4.29e-01	1.81e-01	1.58e-02	5.89e-04	3.42e-05	7.86e-07	0.00e+00	0.00e+00	0.00e+00	0.00e+00
 1.34056e+23	6.17e-17	1.25e-07	4.78e-05	1.19e-03	6.63e-03	1.26e-02	3.43e-02	3.40e-01	4.23e-01	1.68e-01	1.38e-02	4.94e-04	2.79e-05	6.20e-07	0.00e+00	0.00e+00	0.00e+00	0.00e+00
 1.35680e+23	9.39e-17	1.54e-07	5.78e-05	1.40e-03	7.54e-03	1.39e-02	3.71e-02	3.51e-01	4.17e-01	1.59e-01	1.24e-02	4.32e-04	2.39e-05	5.15e-07	0.00e+00	0.00e+00	0.00e+00	0.00e+00
 1.37327e+23	1.45e-16	1.99e-07	7.34e-05	1.72e-03	8.87e-03	1.58e-02	4.11e-02	3.66e-01	4.09e-01	1.46e-01	1.08e-02	3.60e-04	1.94e-05	4.02e-07	0.00e+00	0.00e+00	0.00e+00	0.00e+00
 1.38994e+23	8.05e-18	2.47e-07	8.90e-05	2.02e-03	1.01e-02	1.74e-02	4.42e-02	3.78e-01	4.02e-01	1.37e-01	9.65e-03	3.13e-04	1.65e-05	3.33e-07	0.00e+00	0.00e+00	0.00e+00	0.00e+00
 1.40686e+23	1.17e-17	3.24e-07	1.14e-04	2.49e-03	1.19e-02	1.97e-02	4.88e-02	3.92e-01	3.91e-01	1.26e-01	8.30e-03	2.59e-04	1.32e-05	2.58e-07	0.00e+00	0.00e+00	0.00e+00	0.00e+00
 1.42339e+23	1.75e-17	3.98e-07	1.36e-04	2.90e-03	1.33e-02	2.16e-02	5.22e-02	4.01e-01	3.83e-01	1.18e-01	7.45e-03	2.26e-04	1.13e-05	2.15e-07	0.00e+00	0.00e+00	0.00e+00	0.00e+00
 1.43941e+23	2.80e-17	5.16e-07	1.71e-04	3.51e-03	1.55e-02	2.41e-02	5.67e-02	4.13e-01	3.72e-01	1.08e-01	6.47e-03	1.90e-04	9.23e-06	1.70e-07	0.00e+00	0.00e+00	0.00e+00	0.00e+00
 1.45620e+23	4.30e-17	6.47e-07	2.08e-04	4.14e-03	1.76e-02	2.65e-02	6.09e-02	4.23e-01	3.62e-01	1.00e-01	5.71e-03	1.63e-04	7.73e-06	1.38e-07	0.00e+00	0.00e+00	0.00e+00	0.00e+00
 1.47036e+23	6.02e-17	7.81e-07	2.45e-04	4.75e-03	1.95e-02	2.87e-02	6.44e-02	4.30e-01	3.53e-01	9.38e-02	5.14e-03	1.43e-04	6.66e-06	0.00e+00	0.00e+00	0.00e+00	0.00e+00	0.00e+00
 1.48517e+23	9.08e-17	9.89e-07	3.00e-04	5.62e-03	2.22e-02	3.15e-02	6.90e-02	4.39e-01	3.42e-01	8.63e-02	4.50e-03	1.22e-04	5.52e-06	0.00e+00	0.00e+00	0.00e+00	0.00e+00	0.00e+00
 1.50045e+23	1.32e-16	1.21e-06	3.58e-04	6.50e-03	2.48e-02	3.42e-02	7.31e-02	4.45e-01	3.31e-01	8.01e-02	4.00e-03	1.05e-04	4.68e-06	0.00e+00	0.00e+00	0.00e+00	0.00e+00	0.00e+00
 1.51418e+23	1.85e-16	1.47e-06	4.23e-04	7.47e-03	2.75e-02	3.69e-02	7.70e-02	4.51e-01	3.21e-01	7.45e-02	3.57e-03	9.19e-05	4.00e-06	0.00e+00	0.00e+00	0.00e+00	0.00e+00	0.00e+00
 1.52984e+23	2.84e-16	1.89e-06	5.21e-04	8.87e-03	3.12e-02	4.04e-02	8.21e-02	4.57e-01	3.09e-01	6.79e-02	3.09e-03	7.73e-05	3.27e-06	0.00e+00	0.00e+00	0.00e+00	0.00e+00	0.00e+00
 1.54611e+23	4.24e-16	2.35e-06	6.26e-04	1.03e-02	3.49e-02	4.39e-02	8.69e-02	4.62e-01	2.97e-01	6.22e-02	2.70e-03	6.59e-05	2.72e-06	0.00e+00	0.00e+00	0.00e+00	0.00e+00	0.00e+00
 1.56061e+23	5.95e-16	2.87e-06	7.42e-04	1.19e-02	3.87e-02	4.72e-02	9.12e-02	4.65e-01	2.85e-01	5.74e-02	2.39e-03	5.70e-05	2.30e-06	0.00e+00	0.00e+00	0.00e+00	0.00e+00	0.00e+00
 1.57691e+23	9.28e-16	3.70e-06	9.15e-04	1.41e-02	4.38e-02	5.15e-02	9.66e-02	4.68e-01	2.72e-01	5.17e-02	2.05e-03	4.74e-05	1.86e-06	0.00e+00	0.00e+00	0.00e+00	0.00e+00	0.00e+00
 1.59400e+23	1.42e-15	4.64e-06	1.11e-03	1.64e-02	4.90e-02	5.57e-02	1.02e-01	4.69e-01	2.58e-01	4.68e-02	1.77e-03	3.99e-05	1.52e-06	0.00e+00	0.00e+00	0.00e+00	0.00e+00	0.00e+00
 1.60945e+23	2.03e-15	5.72e-06	1.31e-03	1.89e-02	5.42e-02	5.97e-02	1.06e-01	4.69e-01	2.46e-01	4.27e-02	1.54e-03	3.40e-05	1.27e-06	0.00e+00	0.00e+00	0.00e+00	0.00e+00	0.00e+00
 1.62687e+23	3.28e-15	7.45e-06	1.63e-03	2.25e-02	6.13e-02	6.49e-02	1.12e-01	4.67e-01	2.31e-01	3.79e-02	1.30e-03	2.78e-05	1.00e-06	0.00e+00	0.00e+00	0.00e+00	0.00e+00	0.00e+00
 1.64488e+23	5.15e-15	9.37e-06	1.97e-03	2.62e-02	6.82e-02	6.97e-02	1.17e-01	4.64e-01	2.18e-01	3.39e-02	1.11e-03	2.31e-05	8.12e-07	0.00e+00	0.00e+00	0.00e+00	0.00e+00	0.00e+00
 1.66094e+23	7.66e-15	1.16e-05	2.34e-03	3.00e-02	7.51e-02	7.43e-02	1.21e-01	4.60e-01	2.06e-01	3.05e-02	9.52e-04	1.95e-05	6.65e-07	0.00e+00	0.00e+00	0.00e+00	0.00e+00	0.00e+00
 1.67909e+23	1.28e-14	1.51e-05	2.90e-03	3.56e-02	8.43e-02	8.01e-02	1.26e-01	4.53e-01	1.90e-01	2.66e-02	7.87e-04	1.56e-05	5.17e-07	0.00e+00	0.00e+00	0.00e+00	0.00e+00	0.00e+00
 1.69796e+23	2.19e-14	1.91e-05	3.50e-03	4.13e-02	9.32e-02	8.54e-02	1.30e-01	4.45e-01	1.77e-01	2.34e-02	6.58e-04	1.28e-05	4.09e-07	0.00e+00	0.00e+00	0.00e+00	0.00e+00	0.00e+00
 1.71490e+23	3.42e-14	2.37e-05	4.15e-03	4.71e-02	1.02e-01	9.03e-02	1.34e-01	4.37e-01	1.64e-01	2.08e-02	5.59e-04	1.06e-05	3.30e-07	0.00e+00	0.00e+00	0.00e+00	0.00e+00	0.00e+00
 1.73407e+23	6.57e-14	3.11e-05	5.15e-03	5.57e-02	1.14e-01	9.64e-02	1.38e-01	4.24e-01	1.49e-01	1.77e-02	4.50e-04	8.28e-06	2.49e-07	0.00e+00	0.00e+00	0.00e+00	0.00e+00	0.00e+00
 1.75391e+23	1.33e-13	3.91e-05	6.17e-03	6.39e-02	1.24e-01	1.02e-01	1.41e-01	4.11e-01	1.37e-01	1.54e-02	3.71e-04	6.67e-06	1.94e-07	0.00e+00	0.00e+00	0.00e+00	0.00e+00	0.00e+00
 1.77185e+23	2.47e-13	4.86e-05	7.31e-03	7.28e-02	1.35e-01	1.06e-01	1.43e-01	3.97e-01	1.25e-01	1.33e-02	3.08e-04	5.40e-06	1.53e-07	0.00e+00	0.00e+00	0.00e+00	0.00e+00	0.00e+00
 1.79239e+23	7.29e-13	6.42e-05	9.06e-03	8.55e-02	1.49e-01	1.12e-01	1.45e-01	3.77e-01	1.10e-01	1.10e-02	2.40e-04	4.08e-06	0.00e+00	0.00e+00	0.00e+00	0.00e+00	0.00e+00	0.00e+00
 1.81312e+23	2.81e-12	7.99e-05	1.07e-02	9.68e-02	1.60e-01	1.16e-01	1.46e-01	3.60e-01	9.94e-02	9.41e-03	1.94e-04	3.23e-06	0.00e+00	0.00e+00	0.00e+00	0.00e+00	0.00e+00	0.00e+00
 1.83412e+23	1.11e-11	1.04e-04	1.31e-02	1.12e-01	1.75e-01	1.21e-01	1.46e-01	3.38e-01	8.67e-02	7.68e-03	1.50e-04	2.42e-06	0.00e+00	0.00e+00	0.00e+00	0.00e+00	0.00e+00	0.00e+00
 1.85545e+23	9.32e-11	1.30e-04	1.54e-02	1.26e-01	1.86e-01	1.24e-01	1.46e-01	3.18e-01	7.69e-02	6.45e-03	1.20e-04	1.89e-06	0.00e+00	0.00e+00	0.00e+00	0.00e+00	0.00e+00	0.00e+00
 1.87434e+23	2.99e-10	1.59e-04	1.80e-02	1.41e-01	1.98e-01	1.27e-01	1.44e-01	2.99e-01	6.81e-02	5.41e-03	9.57e-05	1.47e-06	0.00e+00	0.00e+00	0.00e+00	0.00e+00	0.00e+00	0.00e+00
 1.89604e+23	6.47e-10	2.07e-04	2.18e-02	1.61e-01	2.11e-01	1.30e-01	1.41e-01	2.73e-01	5.77e-02	4.27e-03	7.12e-05	1.06e-06	0.00e+00	0.00e+00	0.00e+00	0.00e+00	0.00e+00	0.00e+00
 1.91805e+23	1.03e-09	2.53e-04	2.53e-02	1.78e-01	2.21e-01	1.31e-01	1.38e-01	2.53e-01	5.01e-02	3.51e-03	5.57e-05	8.12e-07	0.00e+00	0.00e+00	0.00e+00	0.00e+00	0.00e+00	0.00e+00
 1.94047e+23	1.73e-09	3.25e-04	3.02e-02	2.00e-01	2.33e-01	1.31e-01	1.33e-01	2.28e-01	4.18e-02	2.73e-03	4.09e-05	5.78e-07	0.00e+00	0.00e+00	0.00e+00	0.00e+00	0.00e+00	0.00e+00
 1.96332e+23	2.64e-09	3.98e-04	3.49e-02	2.19e-01	2.41e-01	1.31e-01	1.28e-01	2.07e-01	3.56e-02	2.19e-03	3.13e-05	4.31e-07	0.00e+00	0.00e+00	0.00e+00	0.00e+00	0.00e+00	0.00e+00
 1.98364e+23	3.90e-09	4.83e-04	3.98e-02	2.38e-01	2.49e-01	1.30e-01	1.23e-01	1.88e-01	3.03e-02	1.77e-03	2.40e-05	3.23e-07	0.00e+00	0.00e+00	0.00e+00	0.00e+00	0.00e+00	0.00e+00
 2.00697e+23	6.27e-09	6.15e-04	4.70e-02	2.63e-01	2.56e-01	1.28e-01	1.16e-01	1.64e-01	2.44e-02	1.32e-03	1.69e-05	2.20e-07	0.00e+00	0.00e+00	0.00e+00	0.00e+00	0.00e+00	0.00e+00
 2.03063e+23	8.98e-09	7.41e-04	5.33e-02	2.83e-01	2.60e-01	1.25e-01	1.10e-01	1.47e-01	2.04e-02	1.04e-03	1.27e-05	1.62e-07	0.00e+00	0.00e+00	0.00e+00	0.00e+00	0.00e+00	0.00e+00
 2.05127e+23	1.26e-08	8.85e-04	6.00e-02	3.02e-01	2.63e-01	1.22e-01	1.04e-01	1.31e-01	1.70e-02	8.24e-04	9.61e-06	0.00e+00	0.00e+00	0.00e+00	0.00e+00	0.00e+00	0.00e+00	0.00e+00
 2.07101e+23	1.71e-08	1.04e-03	6.66e-02	3.19e-01	2.64e-01	1.18e-01	9.80e-02	1.17e-01	1.44e-02	6.61e-04	7.40e-06	0.00e+00	0.00e+00	0.00e+00	0.00e+00	0.00e+00	0.00e+00	0.00e+00
 2.08978e+23	2.27e-08	1.21e-03	7.35e-02	3.36e-01	2.65e-01	1.15e-01	9.23e-02	1.05e-01	1.21e-02	5.31e-04	5.72e-06	0.00e+00	0.00e+00	0.00e+00	0.00e+00	0.00e+00	0.00e+00	0.00e+00
 2.11097e+23	3.22e-08	1.46e-03	8.29e-02	3.56e-01	2.64e-01	1.10e-01	8.52e-02	9.06e-02	9.74e-03	4.00e-04	4.10e-06	0.00e+00	0.00e+00	0.00e+00	0.00e+00	0.00e+00	0.00e+00	0.00e+00
 2.13215e+23	4.22e-08	1.69e-03	9.08e-02	3.72e-01	2.62e-01	1.06e-01	7.96e-02	8.03e-02	8.14e-03	3.18e-04	3.13e-06	0.00e+00	0.00e+00	0.00e+00	0.00e+00	0.00e+00	0.00e+00	0.00e+00
 2.15332e+23	5.85e-08	2.02e-03	1.01e-01	3.90e-01	2.58e-01	1.00e-01	7.28e-02	6.88e-02	6.48e-03	2.38e-04	2.23e-06	0.00e+00	0.00e+00	0.00e+00	0.00e+00	0.00e+00	0.00e+00	0.00e+00
 2.17489e+23	7.59e-08	2.34e-03	1.11e-01	4.04e-01	2.54e-01	9.54e-02	6.74e-02	6.03e-02	5.34e-03	1.87e-04	1.68e-06	0.00e+00	0.00e+00	0.00e+00	0.00e+00	0.00e+00	0.00e+00	0.00e+00
 2.19698e+23	1.04e-07	2.79e-03	1.23e-01	4.21e-01	2.48e-01	8.95e-02	6.10e-02	5.09e-02	4.17e-03	1.37e-04	1.18e-06	0.00e+00	0.00e+00	0.00e+00	0.00e+00	0.00e+00	0.00e+00	0.00e+00
 2.21925e+23	1.34e-07	3.21e-03	1.34e-01	4.33e-01	2.42e-01	8.46e-02	5.60e-02	4.42e-02	3.40e-03	1.06e-04	8.76e-07	0.00e+00	0.00e+00	0.00e+00	0.00e+00	0.00e+00	0.00e+00	0.00e+00
 2.24174e+23	1.82e-07	3.81e-03	1.47e-01	4.46e-01	2.34e-01	7.87e-02	5.01e-02	3.70e-02	2.63e-03	7.71e-05	6.06e-07	0.00e+00	0.00e+00	0.00e+00	0.00e+00	0.00e+00	0.00e+00	0.00e+00
 2.26453e+23	2.31e-07	4.37e-03	1.59e-01	4.56e-01	2.27e-01	7.39e-02	4.57e-02	3.18e-02	2.12e-03	5.92e-05	4.47e-07	0.00e+00	0.00e+00	0.00e+00	0.00e+00	0.00e+00	0.00e+00	0.00e+00
 2.28280e+23	2.80e-07	4.88e-03	1.69e-01	4.63e-01	2.20e-01	7.00e-02	4.23e-02	2.81e-02	1.77e-03	4.75e-05	3.47e-07	0.00e+00	0.00e+00	0.00e+00	0.00e+00	0.00e+00	0.00e+00	0.00e+00
 2.30167e+23	3.53e-07	5.57e-03	1.82e-01	4.71e-01	2.12e-01	6.55e-02	3.83e-02	2.41e-02	1.43e-03	3.63e-05	2.56e-07	0.00e+00	0.00e+00	0.00e+00	0.00e+00	0.00e+00	0.00e+00	0.00e+00
 2.32099e+23	4.26e-07	6.22e-03	1.93e-01	4.76e-01	2.05e-01	6.17e-02	3.52e-02	2.10e-02	1.18e-03	2.88e-05	1.97e-07	0.00e+00	0.00e+00	0.00e+00	0.00e+00	0.00e+00	0.00e+00	0.00e+00
 2.33820e+23	5.11e-07	6.91e-03	2.04e-01	4.80e-01	1.99e-01	5.81e-02	3.24e-02	1.85e-02	9.82e-04	2.30e-05	1.52e-07	0.00e+00	0.00e+00	0.00e+00	0.00e+00	0.00e+00	0.00e+00	0.00e+00
 2.35789e+23	6.36e-07	7.87e-03	2.19e-01	4.84e-01	1.90e-01	5.39e-02	2.91e-02	1.56e-02	7.77e-04	1.73e-05	0.00e+00	0.00e+00	0.00e+00	0.00e+00	0.00e+00	0.00e+00	0.00e+00	0.00e+00
 2.37782e+23	7.62e-07	8.76e-03	2.31e-01	4.87e-01	1.82e-01	5.04e-02	2.65e-02	1.36e-02	6.37e-04	1.37e-05	0.00e+00	0.00e+00	0.00e+00	0.00e+00	0.00e+00	0.00e+00	0.00e+00	0.00e+00
 2.39530e+23	9.05e-07	9.69e-03	2.43e-01	4.88e-01	1.75e-01	4.73e-02	2.42e-02	1.18e-02	5.26e-04	1.08e-05	0.00e+00	0.00e+00	0.00e+00	0.00e+00	0.00e+00	0.00e+00	0.00e+00	0.00e+00
 2.41529e+23	1.11e-06	1.10e-02	2.59e-01	4.89e-01	1.66e-01	4.35e-02	2.16e-02	9.94e-03	4.13e-04	8.10e-06	0.00e+00	0.00e+00	0.00e+00	0.00e+00	0.00e+00	0.00e+00	0.00e+00	0.00e+00
 2.43558e+23	1.32e-06	1.22e-02	2.72e-01	4.88e-01	1.58e-01	4.05e-02	1.96e-02	8.57e-03	3.36e-04	6.34e-06	0.00e+00	0.00e+00	0.00e+00	0.00e+00	0.00e+00	0.00e+00	0.00e+00	0.00e+00
 2.45343e+23	1.56e-06	1.34e-02	2.86e-01	4.87e-01	1.51e-01	3.78e-02	1.78e-02	7.42e-03	2.76e-04	4.99e-06	0.00e+00	0.00e+00	0.00e+00	0.00e+00	0.00e+00	0.00e+00	0.00e+00	0.00e+00
 2.47379e+23	1.90e-06	1.52e-02	3.03e-01	4.83e-01	1.42e-01	3.45e-02	1.58e-02	6.19e-03	2.15e-04	3.71e-06	0.00e+00	0.00e+00	0.00e+00	0.00e+00	0.00e+00	0.00e+00	0.00e+00	0.00e+00
 2.49450e+23	2.24e-06	1.68e-02	3.17e-01	4.80e-01	1.35e-01	3.20e-02	1.42e-02	5.31e-03	1.74e-04	2.89e-06	0.00e+00	0.00e+00	0.00e+00	0.00e+00	0.00e+00	0.00e+00	0.00e+00	0.00e+00
 2.51286e+23	2.61e-06	1.85e-02	3.31e-01	4.76e-01	1.28e-01	2.96e-02	1.28e-02	4.57e-03	1.41e-04	2.26e-06	0.00e+00	0.00e+00	0.00e+00	0.00e+00	0.00e+00	0.00e+00	0.00e+00	0.00e+00
 2.53391e+23	3.16e-06	2.08e-02	3.49e-01	4.69e-01	1.19e-01	2.69e-02	1.13e-02	3.77e-03	1.09e-04	1.66e-06	0.00e+00	0.00e+00	0.00e+00	0.00e+00	0.00e+00	0.00e+00	0.00e+00	0.00e+00
 2.55531e+23	3.70e-06	2.29e-02	3.64e-01	4.62e-01	1.12e-01	2.47e-02	1.01e-02	3.21e-03	8.71e-05	1.28e-06	0.00e+00	0.00e+00	0.00e+00	0.00e+00	0.00e+00	0.00e+00	0.00e+00	0.00e+00
 2.57718e+23	4.48e-06	2.58e-02	3.83e-01	4.53e-01	1.04e-01	2.23e-02	8.76e-03	2.63e-03	6.62e-05	9.28e-07	0.00e+00	0.00e+00	0.00e+00	0.00e+00	0.00e+00	0.00e+00	0.00e+00	0.00e+00
 2.59930e+23	5.23e-06	2.84e-02	3.99e-01	4.45e-01	9.75e-02	2.04e-02	7.79e-03	2.22e-03	5.26e-05	7.09e-07	0.00e+00	0.00e+00	0.00e+00	0.00e+00	0.00e+00	0.00e+00	0.00e+00	0.00e+00
 2.62175e+23	6.29e-06	3.18e-02	4.18e-01	4.34e-01	8.99e-02	1.82e-02	6.74e-03	1.80e-03	3.97e-05	5.11e-07	0.00e+00	0.00e+00	0.00e+00	0.00e+00	0.00e+00	0.00e+00	0.00e+00	0.00e+00
 2.64460e+23	7.33e-06	3.51e-02	4.34e-01	4.24e-01	8.37e-02	1.66e-02	5.95e-03	1.51e-03	3.13e-05	3.87e-07	0.00e+00	0.00e+00	0.00e+00	0.00e+00	0.00e+00	0.00e+00	0.00e+00	0.00e+00
 2.66797e+23	8.81e-06	3.93e-02	4.53e-01	4.10e-01	7.66e-02	1.47e-02	5.09e-03	1.22e-03	2.33e-05	2.75e-07	0.00e+00	0.00e+00	0.00e+00	0.00e+00	0.00e+00	0.00e+00	0.00e+00	0.00e+00
 2.69174e+23	1.03e-05	4.33e-02	4.69e-01	3.98e-01	7.08e-02	1.33e-02	4.46e-03	1.01e-03	1.82e-05	2.06e-07	0.00e+00	0.00e+00	0.00e+00	0.00e+00	0.00e+00	0.00e+00	0.00e+00	0.00e+00
 2.71274e+23	1.18e-05	4.73e-02	4.84e-01	3.86e-01	6.57e-02	1.21e-02	3.93e-03	8.49e-04	1.43e-05	1.57e-07	0.00e+00	0.00e+00	0.00e+00	0.00e+00	0.00e+00	0.00e+00	0.00e+00	0.00e+00
 2.73673e+23	1.41e-05	5.29e-02	5.03e-01	3.70e-01	5.95e-02	1.06e-02	3.32e-03	6.75e-04	1.05e-05	0.00e+00	0.00e+00	0.00e+00	0.00e+00	0.00e+00	0.00e+00	0.00e+00	0.00e+00	0.00e+00
 2.75773e+23	1.55e-05	5.62e-02	5.13e-01	3.61e-01	5.63e-02	9.85e-03	3.02e-03	5.95e-04	8.88e-06	0.00e+00	0.00e+00	0.00e+00	0.00e+00	0.00e+00	0.00e+00	0.00e+00	0.00e+00	0.00e+00
 2.77484e+23	1.76e-05	6.07e-02	5.25e-01	3.49e-01	5.23e-02	8.96e-03	2.68e-03	5.06e-04	7.13e-06	0.00e+00	0.00e+00	0.00e+00	0.00e+00	0.00e+00	0.00e+00	0.00e+00	0.00e+00	0.00e+00
 2.79246e+23	1.95e-05	6.49e-02	5.36e-01	3.39e-01	4.90e-02	8.26e-03	2.41e-03	4.40e-04	5.91e-06	0.00e+00	0.00e+00	0.00e+00	0.00e+00	0.00e+00	0.00e+00	0.00e+00	0.00e+00	0.00e+00
 2.81075e+23	2.20e-05	7.00e-02	5.48e-01	3.27e-01	4.54e-02	7.49e-03	2.13e-03	3.72e-04	4.72e-06	0.00e+00	0.00e+00	0.00e+00	0.00e+00	0.00e+00	0.00e+00	0.00e+00	0.00e+00	0.00e+00
 2.82951e+23	2.44e-05	7.47e-02	5.58e-01	3.16e-01	4.24e-02	6.87e-03	1.90e-03	3.22e-04	3.89e-06	0.00e+00	0.00e+00	0.00e+00	0.00e+00	0.00e+00	0.00e+00	0.00e+00	0.00e+00	0.00e+00
 2.84634e+23	2.70e-05	7.96e-02	5.68e-01	3.05e-01	3.96e-02	6.30e-03	1.71e-03	2.80e-04	3.21e-06	0.00e+00	0.00e+00	0.00e+00	0.00e+00	0.00e+00	0.00e+00	0.00e+00	0.00e+00	0.00e+00
 2.86568e+23	3.07e-05	8.62e-02	5.79e-01	2.91e-01	3.63e-02	5.63e-03	1.48e-03	2.33e-04	2.51e-06	0.00e+00	0.00e+00	0.00e+00	0.00e+00	0.00e+00	0.00e+00	0.00e+00	0.00e+00	0.00e+00
 2.88495e+23	3.37e-05	9.16e-02	5.88e-01	2.80e-01	3.38e-02	5.16e-03	1.32e-03	2.02e-04	2.07e-06	0.00e+00	0.00e+00	0.00e+00	0.00e+00	0.00e+00	0.00e+00	0.00e+00	0.00e+00	0.00e+00
 2.90416e+23	3.79e-05	9.86e-02	5.98e-01	2.66e-01	3.10e-02	4.62e-03	1.15e-03	1.70e-04	1.64e-06	0.00e+00	0.00e+00	0.00e+00	0.00e+00	0.00e+00	0.00e+00	0.00e+00	0.00e+00	0.00e+00
 2.92387e+23	4.20e-05	1.05e-01	6.06e-01	2.55e-01	2.87e-02	4.19e-03	1.02e-03	1.46e-04	1.33e-06	0.00e+00	0.00e+00	0.00e+00	0.00e+00	0.00e+00	0.00e+00	0.00e+00	0.00e+00	0.00e+00
 2.94149e+23	4.63e-05	1.12e-01	6.13e-01	2.43e-01	2.66e-02	3.81e-03	9.02e-04	1.26e-04	1.09e-06	0.00e+00	0.00e+00	0.00e+00	0.00e+00	0.00e+00	0.00e+00	0.00e+00	0.00e+00	0.00e+00
 2.96161e+23	5.23e-05	1.21e-01	6.22e-01	2.29e-01	2.41e-02	3.37e-03	7.72e-04	1.04e-04	8.46e-07	0.00e+00	0.00e+00	0.00e+00	0.00e+00	0.00e+00	0.00e+00	0.00e+00	0.00e+00	0.00e+00
 2.98191e+23	5.75e-05	1.28e-01	6.28e-01	2.17e-01	2.23e-02	3.05e-03	6.81e-04	9.00e-05	6.91e-07	0.00e+00	0.00e+00	0.00e+00	0.00e+00	0.00e+00	0.00e+00	0.00e+00	0.00e+00	0.00e+00
 3.00243e+23	6.46e-05	1.38e-01	6.35e-01	2.04e-01	2.02e-02	2.69e-03	5.81e-04	7.48e-05	5.36e-07	0.00e+00	0.00e+00	0.00e+00	0.00e+00	0.00e+00	0.00e+00	0.00e+00	0.00e+00	0.00e+00
 3.02339e+23	7.17e-05	1.47e-01	6.40e-01	1.91e-01	1.84e-02	2.40e-03	5.05e-04	6.36e-05	4.29e-07	0.00e+00	0.00e+00	0.00e+00	0.00e+00	0.00e+00	0.00e+00	0.00e+00	0.00e+00	0.00e+00
 3.04173e+23	7.88e-05	1.56e-01	6.44e-01	1.80e-01	1.69e-02	2.16e-03	4.43e-04	5.48e-05	3.49e-07	0.00e+00	0.00e+00	0.00e+00	0.00e+00	0.00e+00	0.00e+00	0.00e+00	0.00e+00	0.00e+00
 3.06237e+23	8.83e-05	1.68e-01	6.48e-01	1.67e-01	1.52e-02	1.89e-03	3.74e-04	4.55e-05	2.69e-07	0.00e+00	0.00e+00	0.00e+00	0.00e+00	0.00e+00	0.00e+00	0.00e+00	0.00e+00	0.00e+00
 3.07986e+23	9.51e-05	1.75e-01	6.51e-01	1.58e-01	1.43e-02	1.74e-03	3.38e-04	4.08e-05	2.31e-07	0.00e+00	0.00e+00	0.00e+00	0.00e+00	0.00e+00	0.00e+00	0.00e+00	0.00e+00	0.00e+00
