#depth	Si	Si+	Si+2	Si+3	Si+4	Si+5	Si+6	Si+7	Si+8	Si+9	Si+10	Si+11	Si+12	Si+13	Si+14
 1.54284e+22	1.65e-28	1.69e-17	2.17e-14	4.23e-12	2.93e-08	9.45e-06	6.55e-04	1.03e-02	6.29e-02	1.44e-01	1.43e-01	1.39e-01	3.75e-01	1.14e-01	1.07e-02
 3.44915e+22	6.17e-28	1.31e-16	1.24e-13	1.67e-11	1.04e-07	3.14e-05	1.94e-03	2.56e-02	1.22e-01	2.20e-01	1.69e-01	1.28e-01	2.69e-01	6.03e-02	4.22e-03
 3.99437e+22	1.81e-27	3.25e-16	2.70e-13	3.12e-11	1.80e-07	5.18e-05	3.01e-03	3.66e-02	1.55e-01	2.51e-01	1.71e-01	1.17e-01	2.20e-01	4.32e-02	2.65e-03
 4.27106e+22	3.13e-27	5.13e-16	4.01e-13	4.29e-11	2.36e-07	6.61e-05	3.72e-03	4.34e-02	1.74e-01	2.64e-01	1.70e-01	1.10e-01	1.97e-01	3.60e-02	2.06e-03
 4.40871e+22	3.99e-27	6.29e-16	4.78e-13	4.95e-11	2.66e-07	7.37e-05	4.08e-03	4.67e-02	1.82e-01	2.70e-01	1.69e-01	1.07e-01	1.86e-01	3.31e-02	1.84e-03
 4.50692e+22	5.45e-27	8.15e-16	5.98e-13	5.91e-11	3.09e-07	8.43e-05	4.58e-03	5.12e-02	1.92e-01	2.76e-01	1.68e-01	1.03e-01	1.74e-01	2.96e-02	1.58e-03
 4.61103e+22	7.14e-27	1.02e-15	7.26e-13	6.91e-11	3.51e-07	9.46e-05	5.06e-03	5.53e-02	2.02e-01	2.82e-01	1.66e-01	9.93e-02	1.63e-01	2.68e-02	1.38e-03
 4.72281e+22	9.93e-27	1.35e-15	9.23e-13	8.37e-11	4.11e-07	1.09e-04	5.71e-03	6.08e-02	2.14e-01	2.88e-01	1.63e-01	9.46e-02	1.50e-01	2.36e-02	1.17e-03
 4.83797e+22	1.34e-26	1.73e-15	1.14e-12	9.90e-11	4.71e-07	1.23e-04	6.35e-03	6.60e-02	2.24e-01	2.92e-01	1.60e-01	9.04e-02	1.39e-01	2.11e-02	1.00e-03
 4.93890e+22	1.74e-26	2.16e-15	1.38e-12	1.15e-10	5.32e-07	1.37e-04	6.97e-03	7.10e-02	2.34e-01	2.96e-01	1.57e-01	8.65e-02	1.29e-01	1.89e-02	8.69e-04
 5.05146e+22	2.45e-26	2.87e-15	1.76e-12	1.39e-10	6.20e-07	1.58e-04	7.84e-03	7.78e-02	2.46e-01	2.99e-01	1.53e-01	8.16e-02	1.17e-01	1.64e-02	7.19e-04
 5.16677e+22	3.22e-26	3.62e-15	2.14e-12	1.63e-10	7.02e-07	1.76e-04	8.60e-03	8.35e-02	2.56e-01	3.02e-01	1.49e-01	7.76e-02	1.08e-01	1.46e-02	6.17e-04
 5.26431e+22	4.09e-26	4.44e-15	2.55e-12	1.87e-10	7.82e-07	1.93e-04	9.33e-03	8.88e-02	2.64e-01	3.03e-01	1.46e-01	7.41e-02	1.01e-01	1.31e-02	5.37e-04
 5.36979e+22	5.61e-26	5.81e-15	3.19e-12	2.22e-10	8.92e-07	2.18e-04	1.04e-02	9.63e-02	2.75e-01	3.04e-01	1.41e-01	6.95e-02	9.12e-02	1.14e-02	4.44e-04
 5.47488e+22	7.09e-26	7.11e-15	3.78e-12	2.53e-10	9.89e-07	2.39e-04	1.12e-02	1.02e-01	2.83e-01	3.05e-01	1.37e-01	6.62e-02	8.46e-02	1.02e-02	3.86e-04
 5.57946e+22	9.62e-26	9.26e-15	4.70e-12	2.99e-10	1.12e-06	2.68e-04	1.23e-02	1.10e-01	2.94e-01	3.04e-01	1.32e-01	6.19e-02	7.63e-02	8.79e-03	3.18e-04
 5.68582e+22	1.22e-25	1.14e-14	5.60e-12	3.43e-10	1.24e-06	2.93e-04	1.33e-02	1.17e-01	3.01e-01	3.04e-01	1.28e-01	5.86e-02	7.02e-02	7.80e-03	2.73e-04
 5.79448e+22	1.67e-25	1.50e-14	7.02e-12	4.07e-10	1.41e-06	3.29e-04	1.47e-02	1.26e-01	3.12e-01	3.02e-01	1.22e-01	5.43e-02	6.26e-02	6.64e-03	2.21e-04
 5.90446e+22	2.14e-25	1.86e-14	8.39e-12	4.67e-10	1.56e-06	3.59e-04	1.59e-02	1.33e-01	3.19e-01	3.00e-01	1.17e-01	5.12e-02	5.73e-02	5.85e-03	1.88e-04
 6.01617e+22	2.92e-25	2.47e-14	1.06e-11	5.56e-10	1.77e-06	4.02e-04	1.75e-02	1.43e-01	3.28e-01	2.96e-01	1.11e-01	4.71e-02	5.07e-02	4.92e-03	1.50e-04
 6.13004e+22	3.77e-25	3.11e-14	1.27e-11	6.40e-10	1.96e-06	4.40e-04	1.89e-02	1.52e-01	3.36e-01	2.93e-01	1.06e-01	4.40e-02	4.58e-02	4.28e-03	1.26e-04
 6.24670e+22	5.20e-25	4.19e-14	1.62e-11	7.68e-10	2.23e-06	4.94e-04	2.08e-02	1.64e-01	3.44e-01	2.87e-01	9.99e-02	4.02e-02	4.01e-02	3.55e-03	9.88e-05
 6.36575e+22	6.77e-25	5.33e-14	1.97e-11	8.90e-10	2.47e-06	5.41e-04	2.25e-02	1.73e-01	3.51e-01	2.82e-01	9.47e-02	3.73e-02	3.58e-02	3.04e-03	8.12e-05
 6.48790e+22	9.42e-25	7.31e-14	2.54e-11	1.08e-09	2.82e-06	6.08e-04	2.48e-02	1.87e-01	3.58e-01	2.75e-01	8.80e-02	3.37e-02	3.09e-02	2.48e-03	6.25e-05
 6.61118e+22	1.23e-24	9.40e-14	3.11e-11	1.26e-09	3.14e-06	6.67e-04	2.68e-02	1.98e-01	3.63e-01	2.68e-01	8.28e-02	3.10e-02	2.74e-02	2.10e-03	5.07e-05
 6.71449e+22	1.55e-24	1.18e-13	3.73e-11	1.44e-09	3.45e-06	7.24e-04	2.87e-02	2.08e-01	3.67e-01	2.62e-01	7.81e-02	2.87e-02	2.45e-02	1.80e-03	4.18e-05
 6.82649e+22	2.08e-24	1.59e-13	4.72e-11	1.73e-09	3.91e-06	8.05e-04	3.13e-02	2.22e-01	3.72e-01	2.53e-01	7.23e-02	2.60e-02	2.12e-02	1.48e-03	3.25e-05
 6.93971e+22	2.66e-24	2.02e-13	5.72e-11	2.00e-09	4.33e-06	8.77e-04	3.36e-02	2.33e-01	3.75e-01	2.46e-01	6.77e-02	2.39e-02	1.88e-02	1.26e-03	2.65e-05
 7.05021e+22	3.50e-24	2.69e-13	7.20e-11	2.39e-09	4.89e-06	9.71e-04	3.65e-02	2.47e-01	3.78e-01	2.36e-01	6.24e-02	2.16e-02	1.63e-02	1.03e-03	2.07e-05
 7.16298e+22	4.50e-24	3.47e-13	8.83e-11	2.80e-09	5.46e-06	1.06e-03	3.92e-02	2.60e-01	3.79e-01	2.28e-01	5.79e-02	1.97e-02	1.43e-02	8.66e-04	1.66e-05
 7.27359e+22	5.81e-24	4.61e-13	1.11e-10	3.35e-09	6.18e-06	1.17e-03	4.24e-02	2.75e-01	3.80e-01	2.18e-01	5.32e-02	1.78e-02	1.23e-02	7.10e-04	1.30e-05
 7.38653e+22	7.47e-24	6.05e-13	1.38e-10	3.97e-09	6.97e-06	1.29e-03	4.56e-02	2.89e-01	3.79e-01	2.08e-01	4.89e-02	1.61e-02	1.07e-02	5.88e-04	1.02e-05
 7.49824e+22	9.63e-24	8.02e-13	1.73e-10	4.76e-09	7.91e-06	1.43e-03	4.92e-02	3.04e-01	3.78e-01	1.98e-01	4.47e-02	1.45e-02	9.20e-03	4.82e-04	7.98e-06
 7.61056e+22	1.24e-23	1.06e-12	2.16e-10	5.70e-09	8.99e-06	1.58e-03	5.30e-02	3.19e-01	3.76e-01	1.88e-01	4.08e-02	1.31e-02	7.93e-03	3.95e-04	6.24e-06
 7.72158e+22	1.59e-23	1.40e-12	2.71e-10	6.85e-09	1.02e-05	1.75e-03	5.70e-02	3.34e-01	3.73e-01	1.78e-01	3.71e-02	1.17e-02	6.81e-03	3.24e-04	4.87e-06
 7.83243e+22	2.04e-23	1.85e-12	3.40e-10	8.24e-09	1.17e-05	1.93e-03	6.12e-02	3.49e-01	3.69e-01	1.69e-01	3.37e-02	1.05e-02	5.85e-03	2.65e-04	3.80e-06
 7.94346e+22	2.61e-23	2.44e-12	4.27e-10	9.94e-09	1.34e-05	2.14e-03	6.58e-02	3.64e-01	3.64e-01	1.59e-01	3.05e-02	9.39e-03	5.00e-03	2.16e-04	2.95e-06
 8.05491e+22	3.36e-23	3.23e-12	5.37e-10	1.20e-08	1.54e-05	2.37e-03	7.06e-02	3.80e-01	3.58e-01	1.49e-01	2.75e-02	8.38e-03	4.27e-03	1.75e-04	2.29e-06
 8.16701e+22	4.32e-23	4.27e-12	6.76e-10	1.46e-08	1.77e-05	2.63e-03	7.58e-02	3.95e-01	3.52e-01	1.39e-01	2.47e-02	7.45e-03	3.63e-03	1.42e-04	1.77e-06
 8.28013e+22	5.57e-23	5.66e-12	8.53e-10	1.78e-08	2.04e-05	2.92e-03	8.13e-02	4.10e-01	3.44e-01	1.30e-01	2.22e-02	6.61e-03	3.08e-03	1.15e-04	1.36e-06
 8.39457e+22	7.22e-23	7.51e-12	1.08e-09	2.17e-08	2.36e-05	3.24e-03	8.71e-02	4.24e-01	3.36e-01	1.21e-01	1.98e-02	5.84e-03	2.60e-03	9.23e-05	1.04e-06
 8.50963e+22	9.36e-23	9.91e-12	1.36e-09	2.64e-08	2.73e-05	3.60e-03	9.32e-02	4.39e-01	3.27e-01	1.12e-01	1.77e-02	5.16e-03	2.20e-03	7.43e-05	7.99e-07
 8.62656e+22	1.23e-22	1.32e-11	1.73e-09	3.24e-08	3.18e-05	4.00e-03	9.98e-02	4.53e-01	3.18e-01	1.04e-01	1.57e-02	4.53e-03	1.84e-03	5.92e-05	6.06e-07
 8.74483e+22	1.61e-22	1.74e-11	2.18e-09	3.97e-08	3.69e-05	4.44e-03	1.07e-01	4.66e-01	3.08e-01	9.58e-02	1.39e-02	3.98e-03	1.54e-03	4.73e-05	4.62e-07
 8.86541e+22	2.13e-22	2.31e-11	2.78e-09	4.90e-08	4.31e-05	4.95e-03	1.14e-01	4.79e-01	2.97e-01	8.79e-02	1.23e-02	3.47e-03	1.28e-03	3.74e-05	3.47e-07
 8.98823e+22	9.12e-22	3.05e-11	3.53e-09	6.02e-08	5.02e-05	5.50e-03	1.22e-01	4.91e-01	2.86e-01	8.06e-02	1.08e-02	3.03e-03	1.07e-03	2.96e-05	2.62e-07
 9.10090e+22	1.49e-21	3.85e-11	4.30e-09	7.16e-08	5.70e-05	6.01e-03	1.28e-01	5.01e-01	2.77e-01	7.49e-02	9.71e-03	2.70e-03	9.16e-04	2.43e-05	2.06e-07
 9.21844e+22	2.24e-21	5.14e-11	5.52e-09	8.92e-08	6.70e-05	6.71e-03	1.37e-01	5.12e-01	2.64e-01	6.80e-02	8.45e-03	2.32e-03	7.51e-04	1.89e-05	1.52e-07
 9.33784e+22	3.16e-21	6.47e-11	6.73e-09	1.06e-07	7.62e-05	7.33e-03	1.44e-01	5.21e-01	2.55e-01	6.29e-02	7.56e-03	2.06e-03	6.40e-04	1.55e-05	0.00e+00
 9.46090e+22	5.07e-21	8.66e-11	8.68e-09	1.33e-07	8.99e-05	8.19e-03	1.54e-01	5.30e-01	2.42e-01	5.68e-02	6.54e-03	1.76e-03	5.20e-04	1.19e-05	0.00e+00
 9.58420e+22	7.41e-21	1.08e-10	1.05e-08	1.58e-07	1.02e-04	8.92e-03	1.61e-01	5.37e-01	2.33e-01	5.24e-02	5.84e-03	1.56e-03	4.43e-04	9.70e-06	0.00e+00
 9.70782e+22	1.23e-20	1.44e-10	1.35e-08	1.97e-07	1.20e-04	9.94e-03	1.71e-01	5.44e-01	2.20e-01	4.72e-02	5.04e-03	1.33e-03	3.59e-04	7.44e-06	0.00e+00
 9.83202e+22	1.91e-20	1.78e-10	1.63e-08	2.34e-07	1.36e-04	1.08e-02	1.79e-01	5.49e-01	2.11e-01	4.35e-02	4.50e-03	1.17e-03	3.06e-04	6.08e-06	0.00e+00
 9.95697e+22	3.38e-20	2.35e-10	2.09e-08	2.91e-07	1.59e-04	1.20e-02	1.90e-01	5.55e-01	1.99e-01	3.91e-02	3.88e-03	9.98e-04	2.48e-04	4.67e-06	0.00e+00
 1.00833e+23	5.70e-20	2.90e-10	2.52e-08	3.44e-07	1.80e-04	1.30e-02	1.98e-01	5.58e-01	1.90e-01	3.59e-02	3.46e-03	8.79e-04	2.10e-04	3.80e-06	0.00e+00
 1.02115e+23	1.08e-19	3.80e-10	3.21e-08	4.28e-07	2.11e-04	1.44e-02	2.09e-01	5.61e-01	1.79e-01	3.22e-02	2.97e-03	7.45e-04	1.70e-04	2.90e-06	0.00e+00
 1.03415e+23	1.92e-19	4.69e-10	3.87e-08	5.07e-07	2.39e-04	1.56e-02	2.18e-01	5.63e-01	1.70e-01	2.95e-02	2.64e-03	6.54e-04	1.44e-04	2.35e-06	0.00e+00
 1.04739e+23	3.62e-19	6.14e-10	4.93e-08	6.31e-07	2.80e-04	1.73e-02	2.30e-01	5.64e-01	1.59e-01	2.63e-02	2.26e-03	5.51e-04	1.15e-04	1.79e-06	0.00e+00
 1.06088e+23	6.02e-19	7.58e-10	5.97e-08	7.50e-07	3.18e-04	1.88e-02	2.39e-01	5.64e-01	1.51e-01	2.40e-02	2.00e-03	4.81e-04	9.69e-05	1.44e-06	0.00e+00
 1.07471e+23	1.03e-18	9.92e-10	7.64e-08	9.37e-07	3.73e-04	2.08e-02	2.52e-01	5.63e-01	1.40e-01	2.13e-02	1.70e-03	4.03e-04	7.72e-05	1.08e-06	0.00e+00
 1.08886e+23	1.58e-18	1.23e-09	9.28e-08	1.12e-06	4.24e-04	2.25e-02	2.62e-01	5.62e-01	1.32e-01	1.94e-02	1.50e-03	3.50e-04	6.44e-05	8.61e-07	0.00e+00
 1.10345e+23	2.54e-18	1.62e-09	1.19e-07	1.41e-06	5.01e-04	2.50e-02	2.75e-01	5.58e-01	1.22e-01	1.71e-02	1.26e-03	2.90e-04	5.07e-05	6.39e-07	0.00e+00
 1.11829e+23	3.69e-18	2.00e-09	1.45e-07	1.68e-06	5.69e-04	2.71e-02	2.85e-01	5.55e-01	1.15e-01	1.55e-02	1.11e-03	2.51e-04	4.23e-05	5.09e-07	0.00e+00
 1.13082e+23	5.07e-18	2.42e-09	1.73e-07	1.98e-06	6.39e-04	2.91e-02	2.95e-01	5.51e-01	1.09e-01	1.42e-02	9.83e-04	2.19e-04	3.56e-05	4.11e-07	0.00e+00
 1.14450e+23	7.46e-18	3.09e-09	2.17e-07	2.43e-06	7.41e-04	3.20e-02	3.07e-01	5.46e-01	1.01e-01	1.26e-02	8.41e-04	1.85e-04	2.86e-05	3.12e-07	0.00e+00
 1.15773e+23	9.80e-18	3.67e-09	2.55e-07	2.81e-06	8.22e-04	3.41e-02	3.16e-01	5.41e-01	9.55e-02	1.16e-02	7.54e-04	1.63e-04	2.45e-05	2.58e-07	0.00e+00
 1.17037e+23	1.36e-17	4.57e-09	3.13e-07	3.40e-06	9.42e-04	3.70e-02	3.27e-01	5.35e-01	8.87e-02	1.04e-02	6.52e-04	1.39e-04	2.00e-05	2.00e-07	0.00e+00
 1.18315e+23	1.78e-17	5.42e-09	3.66e-07	3.92e-06	1.04e-03	3.94e-02	3.36e-01	5.29e-01	8.40e-02	9.59e-03	5.85e-04	1.23e-04	1.72e-05	1.65e-07	0.00e+00
 1.19611e+23	2.45e-17	6.74e-09	4.50e-07	4.74e-06	1.19e-03	4.28e-02	3.47e-01	5.22e-01	7.79e-02	8.58e-03	5.05e-04	1.05e-04	1.40e-05	1.28e-07	0.00e+00
 1.20927e+23	3.19e-17	8.00e-09	5.28e-07	5.48e-06	1.32e-03	4.55e-02	3.56e-01	5.15e-01	7.35e-02	7.88e-03	4.51e-04	9.23e-05	1.19e-05	0.00e+00	0.00e+00
 1.22269e+23	4.38e-17	9.97e-09	6.50e-07	6.64e-06	1.52e-03	4.94e-02	3.68e-01	5.06e-01	6.79e-02	7.03e-03	3.88e-04	7.80e-05	9.65e-06	0.00e+00	0.00e+00
 1.23632e+23	5.67e-17	1.19e-08	7.65e-07	7.69e-06	1.68e-03	5.26e-02	3.76e-01	4.99e-01	6.39e-02	6.44e-03	3.45e-04	6.86e-05	8.20e-06	0.00e+00	0.00e+00
 1.25020e+23	7.77e-17	1.48e-08	9.44e-07	9.36e-06	1.93e-03	5.71e-02	3.88e-01	4.88e-01	5.88e-02	5.72e-03	2.96e-04	5.77e-05	6.60e-06	0.00e+00	0.00e+00
 1.26436e+23	1.01e-16	1.77e-08	1.11e-06	1.09e-05	2.15e-03	6.07e-02	3.97e-01	4.80e-01	5.51e-02	5.22e-03	2.62e-04	5.05e-05	5.59e-06	0.00e+00	0.00e+00
 1.27888e+23	1.38e-16	2.22e-08	1.38e-06	1.33e-05	2.47e-03	6.60e-02	4.08e-01	4.68e-01	5.04e-02	4.62e-03	2.23e-04	4.22e-05	4.45e-06	0.00e+00	0.00e+00
 1.29370e+23	1.80e-16	2.66e-08	1.64e-06	1.55e-05	2.75e-03	7.02e-02	4.17e-01	4.59e-01	4.70e-02	4.20e-03	1.97e-04	3.67e-05	3.74e-06	0.00e+00	0.00e+00
 1.30893e+23	2.48e-16	3.35e-08	2.05e-06	1.91e-05	3.18e-03	7.64e-02	4.28e-01	4.46e-01	4.28e-02	3.69e-03	1.66e-04	3.04e-05	2.96e-06	0.00e+00	0.00e+00
 1.32451e+23	3.24e-16	4.03e-08	2.44e-06	2.24e-05	3.55e-03	8.14e-02	4.37e-01	4.35e-01	3.97e-02	3.33e-03	1.45e-04	2.62e-05	2.46e-06	0.00e+00	0.00e+00
 1.34056e+23	4.52e-16	5.12e-08	3.06e-06	2.76e-05	4.11e-03	8.85e-02	4.48e-01	4.21e-01	3.59e-02	2.92e-03	1.22e-04	2.16e-05	1.93e-06	0.00e+00	0.00e+00
 1.35680e+23	5.92e-16	6.17e-08	3.66e-06	3.24e-05	4.59e-03	9.42e-02	4.56e-01	4.10e-01	3.32e-02	2.63e-03	1.07e-04	1.86e-05	1.60e-06	0.00e+00	0.00e+00
 1.37327e+23	8.05e-16	7.83e-08	4.60e-06	4.01e-05	5.32e-03	1.02e-01	4.66e-01	3.94e-01	2.98e-02	2.29e-03	8.88e-05	1.52e-05	1.24e-06	0.00e+00	0.00e+00
 1.38994e+23	2.41e-16	9.46e-08	5.49e-06	4.70e-05	5.93e-03	1.09e-01	4.73e-01	3.83e-01	2.75e-02	2.06e-03	7.74e-05	1.31e-05	1.03e-06	0.00e+00	0.00e+00
 1.40686e+23	3.21e-16	1.20e-07	6.91e-06	5.82e-05	6.87e-03	1.18e-01	4.82e-01	3.67e-01	2.46e-02	1.79e-03	6.43e-05	1.07e-05	7.95e-07	0.00e+00	0.00e+00
 1.42339e+23	4.47e-16	1.43e-07	8.16e-06	6.77e-05	7.61e-03	1.25e-01	4.88e-01	3.56e-01	2.27e-02	1.62e-03	5.63e-05	9.21e-06	6.63e-07	0.00e+00	0.00e+00
 1.43941e+23	6.52e-16	1.79e-07	1.01e-05	8.21e-05	8.67e-03	1.34e-01	4.95e-01	3.41e-01	2.05e-02	1.42e-03	4.74e-05	7.62e-06	5.24e-07	0.00e+00	0.00e+00
 1.45620e+23	9.20e-16	2.16e-07	1.21e-05	9.69e-05	9.70e-03	1.42e-01	5.00e-01	3.28e-01	1.87e-02	1.27e-03	4.08e-05	6.47e-06	4.27e-07	0.00e+00	0.00e+00
 1.47036e+23	1.20e-15	2.53e-07	1.40e-05	1.11e-04	1.06e-02	1.49e-01	5.04e-01	3.18e-01	1.73e-02	1.15e-03	3.60e-05	5.65e-06	3.60e-07	0.00e+00	0.00e+00
 1.48517e+23	1.65e-15	3.08e-07	1.69e-05	1.32e-04	1.19e-02	1.58e-01	5.08e-01	3.05e-01	1.57e-02	1.02e-03	3.08e-05	4.76e-06	2.91e-07	0.00e+00	0.00e+00
 1.50045e+23	2.20e-15	3.65e-07	1.99e-05	1.53e-04	1.32e-02	1.67e-01	5.11e-01	2.94e-01	1.44e-02	9.22e-04	2.69e-05	4.11e-06	2.41e-07	0.00e+00	0.00e+00
 1.51418e+23	2.85e-15	4.28e-07	2.32e-05	1.75e-04	1.44e-02	1.75e-01	5.14e-01	2.83e-01	1.33e-02	8.34e-04	2.36e-05	3.56e-06	2.02e-07	0.00e+00	0.00e+00
 1.52984e+23	3.94e-15	5.24e-07	2.81e-05	2.09e-04	1.62e-02	1.85e-01	5.16e-01	2.70e-01	1.20e-02	7.36e-04	2.00e-05	2.98e-06	1.62e-07	0.00e+00	0.00e+00
 1.54611e+23	5.29e-15	6.26e-07	3.33e-05	2.44e-04	1.80e-02	1.95e-01	5.17e-01	2.58e-01	1.08e-02	6.55e-04	1.72e-05	2.53e-06	1.32e-07	0.00e+00	0.00e+00
 1.56061e+23	6.80e-15	7.38e-07	3.89e-05	2.81e-04	1.97e-02	2.04e-01	5.18e-01	2.47e-01	9.93e-03	5.90e-04	1.50e-05	2.18e-06	0.00e+00	0.00e+00	0.00e+00
 1.57691e+23	9.46e-15	9.06e-07	4.72e-05	3.35e-04	2.21e-02	2.16e-01	5.18e-01	2.34e-01	8.89e-03	5.18e-04	1.26e-05	1.81e-06	0.00e+00	0.00e+00	0.00e+00
 1.59400e+23	1.27e-14	1.09e-06	5.63e-05	3.94e-04	2.45e-02	2.27e-01	5.17e-01	2.22e-01	7.99e-03	4.58e-04	1.07e-05	1.52e-06	0.00e+00	0.00e+00	0.00e+00
 1.60945e+23	1.65e-14	1.29e-06	6.61e-05	4.55e-04	2.69e-02	2.37e-01	5.16e-01	2.12e-01	7.25e-03	4.09e-04	9.24e-06	1.30e-06	0.00e+00	0.00e+00	0.00e+00
 1.62687e+23	2.33e-14	1.60e-06	8.09e-05	5.46e-04	3.03e-02	2.50e-01	5.13e-01	1.99e-01	6.41e-03	3.55e-04	7.66e-06	1.07e-06	0.00e+00	0.00e+00	0.00e+00
 1.64488e+23	3.17e-14	1.93e-06	9.66e-05	6.41e-04	3.36e-02	2.62e-01	5.10e-01	1.88e-01	5.73e-03	3.12e-04	6.47e-06	8.91e-07	0.00e+00	0.00e+00	0.00e+00
 1.66094e+23	4.16e-14	2.29e-06	1.14e-04	7.44e-04	3.69e-02	2.73e-01	5.06e-01	1.78e-01	5.16e-03	2.77e-04	5.53e-06	7.53e-07	0.00e+00	0.00e+00	0.00e+00
 1.67909e+23	5.89e-14	2.85e-06	1.40e-04	8.95e-04	4.14e-02	2.88e-01	5.00e-01	1.65e-01	4.51e-03	2.38e-04	4.53e-06	6.10e-07	0.00e+00	0.00e+00	0.00e+00
 1.69796e+23	8.14e-14	3.45e-06	1.67e-04	1.06e-03	4.60e-02	3.01e-01	4.94e-01	1.54e-01	3.98e-03	2.07e-04	3.77e-06	5.03e-07	0.00e+00	0.00e+00	0.00e+00
 1.71490e+23	1.08e-13	4.13e-06	1.98e-04	1.23e-03	5.04e-02	3.12e-01	4.87e-01	1.45e-01	3.56e-03	1.82e-04	3.19e-06	4.22e-07	0.00e+00	0.00e+00	0.00e+00
 1.73407e+23	1.58e-13	5.18e-06	2.45e-04	1.49e-03	5.68e-02	3.27e-01	4.78e-01	1.33e-01	3.07e-03	1.54e-04	2.57e-06	3.36e-07	0.00e+00	0.00e+00	0.00e+00
 1.75391e+23	2.23e-13	6.28e-06	2.94e-04	1.75e-03	6.27e-02	3.40e-01	4.68e-01	1.24e-01	2.69e-03	1.33e-04	2.12e-06	2.75e-07	0.00e+00	0.00e+00	0.00e+00
 1.77185e+23	3.01e-13	7.57e-06	3.50e-04	2.05e-03	6.89e-02	3.52e-01	4.59e-01	1.15e-01	2.37e-03	1.16e-04	1.77e-06	2.27e-07	0.00e+00	0.00e+00	0.00e+00
 1.79239e+23	4.51e-13	9.61e-06	4.37e-04	2.51e-03	7.77e-02	3.68e-01	4.45e-01	1.04e-01	2.00e-03	9.61e-05	1.39e-06	1.76e-07	0.00e+00	0.00e+00	0.00e+00
 1.81312e+23	6.15e-13	1.16e-05	5.21e-04	2.95e-03	8.55e-02	3.80e-01	4.33e-01	9.58e-02	1.74e-03	8.25e-05	1.14e-06	1.43e-07	0.00e+00	0.00e+00	0.00e+00
 1.83412e+23	8.80e-13	1.47e-05	6.50e-04	3.58e-03	9.59e-02	3.94e-01	4.18e-01	8.62e-02	1.46e-03	6.82e-05	8.90e-07	0.00e+00	0.00e+00	0.00e+00	0.00e+00
 1.85545e+23	1.17e-12	1.79e-05	7.78e-04	4.22e-03	1.05e-01	4.05e-01	4.04e-01	7.87e-02	1.26e-03	5.81e-05	7.22e-07	0.00e+00	0.00e+00	0.00e+00	0.00e+00
 1.87434e+23	1.54e-12	2.16e-05	9.25e-04	4.93e-03	1.15e-01	4.16e-01	3.91e-01	7.18e-02	1.09e-03	4.95e-05	5.88e-07	0.00e+00	0.00e+00	0.00e+00	0.00e+00
 1.89604e+23	2.21e-12	2.75e-05	1.16e-03	6.02e-03	1.29e-01	4.28e-01	3.72e-01	6.36e-02	8.99e-04	4.02e-05	4.49e-07	0.00e+00	0.00e+00	0.00e+00	0.00e+00
 1.91805e+23	2.94e-12	3.33e-05	1.38e-03	7.06e-03	1.41e-01	4.37e-01	3.56e-01	5.74e-02	7.66e-04	3.38e-05	3.60e-07	0.00e+00	0.00e+00	0.00e+00	0.00e+00
 1.94047e+23	4.35e-12	4.26e-05	1.72e-03	8.58e-03	1.56e-01	4.46e-01	3.36e-01	5.04e-02	6.28e-04	2.73e-05	2.74e-07	0.00e+00	0.00e+00	0.00e+00	0.00e+00
 1.96332e+23	6.08e-12	5.21e-05	2.06e-03	1.01e-02	1.70e-01	4.53e-01	3.19e-01	4.49e-02	5.29e-04	2.27e-05	2.16e-07	0.00e+00	0.00e+00	0.00e+00	0.00e+00
 1.98364e+23	8.54e-12	6.33e-05	2.45e-03	1.18e-02	1.85e-01	4.58e-01	3.03e-01	4.01e-02	4.46e-04	1.89e-05	1.71e-07	0.00e+00	0.00e+00	0.00e+00	0.00e+00
 2.00697e+23	1.36e-11	8.14e-05	3.07e-03	1.43e-02	2.05e-01	4.62e-01	2.81e-01	3.44e-02	3.57e-04	1.48e-05	1.26e-07	0.00e+00	0.00e+00	0.00e+00	0.00e+00
 2.03063e+23	2.02e-11	9.94e-05	3.66e-03	1.67e-02	2.21e-01	4.64e-01	2.63e-01	3.03e-02	2.97e-04	1.22e-05	0.00e+00	0.00e+00	0.00e+00	0.00e+00	0.00e+00
 2.05127e+23	3.02e-11	1.20e-04	4.33e-03	1.94e-02	2.38e-01	4.65e-01	2.47e-01	2.67e-02	2.48e-04	1.00e-05	0.00e+00	0.00e+00	0.00e+00	0.00e+00	0.00e+00
 2.07101e+23	4.63e-11	1.44e-04	5.06e-03	2.22e-02	2.54e-01	4.64e-01	2.32e-01	2.37e-02	2.10e-04	8.37e-06	0.00e+00	0.00e+00	0.00e+00	0.00e+00	0.00e+00
 2.08978e+23	7.21e-11	1.71e-04	5.87e-03	2.53e-02	2.69e-01	4.61e-01	2.17e-01	2.11e-02	1.77e-04	6.99e-06	0.00e+00	0.00e+00	0.00e+00	0.00e+00	0.00e+00
 2.11097e+23	1.30e-10	2.13e-04	7.08e-03	2.96e-02	2.90e-01	4.56e-01	1.99e-01	1.80e-02	1.43e-04	5.54e-06	0.00e+00	0.00e+00	0.00e+00	0.00e+00	0.00e+00
 2.13215e+23	2.24e-10	2.53e-04	8.19e-03	3.36e-02	3.06e-01	4.51e-01	1.85e-01	1.58e-02	1.20e-04	4.59e-06	0.00e+00	0.00e+00	0.00e+00	0.00e+00	0.00e+00
 2.15332e+23	4.38e-10	3.14e-04	9.82e-03	3.91e-02	3.27e-01	4.43e-01	1.68e-01	1.34e-02	9.61e-05	3.61e-06	0.00e+00	0.00e+00	0.00e+00	0.00e+00	0.00e+00
 2.17489e+23	8.06e-10	3.76e-04	1.14e-02	4.43e-02	3.44e-01	4.34e-01	1.54e-01	1.17e-02	7.96e-05	2.95e-06	0.00e+00	0.00e+00	0.00e+00	0.00e+00	0.00e+00
 2.19698e+23	1.40e-09	4.69e-04	1.37e-02	5.15e-02	3.65e-01	4.21e-01	1.38e-01	9.74e-03	6.27e-05	2.27e-06	0.00e+00	0.00e+00	0.00e+00	0.00e+00	0.00e+00
 2.21925e+23	2.16e-09	5.61e-04	1.58e-02	5.81e-02	3.81e-01	4.10e-01	1.26e-01	8.37e-03	5.14e-05	1.84e-06	0.00e+00	0.00e+00	0.00e+00	0.00e+00	0.00e+00
 2.24174e+23	3.36e-09	7.00e-04	1.89e-02	6.71e-02	4.01e-01	3.94e-01	1.11e-01	6.89e-03	4.00e-05	1.40e-06	0.00e+00	0.00e+00	0.00e+00	0.00e+00	0.00e+00
 2.26453e+23	4.70e-09	8.39e-04	2.18e-02	7.53e-02	4.16e-01	3.79e-01	1.00e-01	5.85e-03	3.24e-05	1.11e-06	0.00e+00	0.00e+00	0.00e+00	0.00e+00	0.00e+00
 2.28280e+23	6.04e-09	9.72e-04	2.45e-02	8.25e-02	4.28e-01	3.67e-01	9.17e-02	5.09e-03	2.72e-05	9.19e-07	0.00e+00	0.00e+00	0.00e+00	0.00e+00	0.00e+00
 2.30167e+23	8.07e-09	1.16e-03	2.82e-02	9.20e-02	4.42e-01	3.51e-01	8.19e-02	4.29e-03	2.19e-05	7.26e-07	0.00e+00	0.00e+00	0.00e+00	0.00e+00	0.00e+00
 2.32099e+23	1.02e-08	1.35e-03	3.16e-02	1.01e-01	4.52e-01	3.36e-01	7.41e-02	3.69e-03	1.82e-05	5.92e-07	0.00e+00	0.00e+00	0.00e+00	0.00e+00	0.00e+00
 2.33820e+23	1.27e-08	1.56e-03	3.53e-02	1.09e-01	4.61e-01	3.22e-01	6.70e-02	3.18e-03	1.51e-05	4.84e-07	0.00e+00	0.00e+00	0.00e+00	0.00e+00	0.00e+00
 2.35789e+23	1.65e-08	1.87e-03	4.06e-02	1.21e-01	4.71e-01	3.04e-01	5.88e-02	2.63e-03	1.20e-05	3.74e-07	0.00e+00	0.00e+00	0.00e+00	0.00e+00	0.00e+00
 2.37782e+23	2.04e-08	2.18e-03	4.54e-02	1.32e-01	4.78e-01	2.88e-01	5.25e-02	2.23e-03	9.78e-06	3.01e-07	0.00e+00	0.00e+00	0.00e+00	0.00e+00	0.00e+00
 2.39530e+23	2.49e-08	2.51e-03	5.04e-02	1.42e-01	4.84e-01	2.73e-01	4.68e-02	1.89e-03	8.03e-06	2.42e-07	0.00e+00	0.00e+00	0.00e+00	0.00e+00	0.00e+00
 2.41529e+23	3.17e-08	3.01e-03	5.75e-02	1.56e-01	4.88e-01	2.53e-01	4.05e-02	1.54e-03	6.27e-06	1.84e-07	0.00e+00	0.00e+00	0.00e+00	0.00e+00	0.00e+00
 2.43558e+23	3.87e-08	3.49e-03	6.39e-02	1.68e-01	4.90e-01	2.37e-01	3.56e-02	1.29e-03	5.06e-06	1.46e-07	0.00e+00	0.00e+00	0.00e+00	0.00e+00	0.00e+00
 2.45343e+23	4.67e-08	4.02e-03	7.07e-02	1.80e-01	4.91e-01	2.22e-01	3.14e-02	1.08e-03	4.11e-06	0.00e+00	0.00e+00	0.00e+00	0.00e+00	0.00e+00	0.00e+00
 2.47379e+23	5.88e-08	4.78e-03	8.00e-02	1.95e-01	4.90e-01	2.03e-01	2.66e-02	8.64e-04	3.16e-06	0.00e+00	0.00e+00	0.00e+00	0.00e+00	0.00e+00	0.00e+00
 2.49450e+23	7.11e-08	5.53e-03	8.83e-02	2.08e-01	4.87e-01	1.88e-01	2.31e-02	7.12e-04	2.52e-06	0.00e+00	0.00e+00	0.00e+00	0.00e+00	0.00e+00	0.00e+00
 2.51286e+23	8.53e-08	6.36e-03	9.70e-02	2.20e-01	4.82e-01	1.74e-01	2.00e-02	5.88e-04	2.01e-06	0.00e+00	0.00e+00	0.00e+00	0.00e+00	0.00e+00	0.00e+00
 2.53391e+23	1.07e-07	7.55e-03	1.09e-01	2.36e-01	4.74e-01	1.56e-01	1.67e-02	4.60e-04	1.51e-06	0.00e+00	0.00e+00	0.00e+00	0.00e+00	0.00e+00	0.00e+00
 2.55531e+23	1.29e-07	8.70e-03	1.20e-01	2.49e-01	4.66e-01	1.42e-01	1.42e-02	3.72e-04	1.18e-06	0.00e+00	0.00e+00	0.00e+00	0.00e+00	0.00e+00	0.00e+00
 2.57718e+23	1.61e-07	1.03e-02	1.34e-01	2.65e-01	4.53e-01	1.26e-01	1.16e-02	2.85e-04	8.73e-07	0.00e+00	0.00e+00	0.00e+00	0.00e+00	0.00e+00	0.00e+00
 2.59930e+23	1.94e-07	1.19e-02	1.46e-01	2.78e-01	4.41e-01	1.13e-01	9.72e-03	2.27e-04	6.73e-07	0.00e+00	0.00e+00	0.00e+00	0.00e+00	0.00e+00	0.00e+00
 2.62175e+23	2.42e-07	1.41e-02	1.62e-01	2.93e-01	4.24e-01	9.88e-02	7.79e-03	1.71e-04	4.87e-07	0.00e+00	0.00e+00	0.00e+00	0.00e+00	0.00e+00	0.00e+00
 2.64460e+23	2.91e-07	1.62e-02	1.76e-01	3.05e-01	4.09e-01	8.77e-02	6.44e-03	1.34e-04	3.69e-07	0.00e+00	0.00e+00	0.00e+00	0.00e+00	0.00e+00	0.00e+00
 2.66797e+23	3.64e-07	1.92e-02	1.94e-01	3.18e-01	3.88e-01	7.52e-02	5.06e-03	9.85e-05	2.62e-07	0.00e+00	0.00e+00	0.00e+00	0.00e+00	0.00e+00	0.00e+00
 2.69174e+23	4.38e-07	2.21e-02	2.10e-01	3.28e-01	3.70e-01	6.57e-02	4.10e-03	7.56e-05	1.94e-07	0.00e+00	0.00e+00	0.00e+00	0.00e+00	0.00e+00	0.00e+00
 2.71274e+23	5.21e-07	2.51e-02	2.25e-01	3.36e-01	3.52e-01	5.76e-02	3.34e-03	5.86e-05	1.46e-07	0.00e+00	0.00e+00	0.00e+00	0.00e+00	0.00e+00	0.00e+00
 2.73673e+23	6.51e-07	2.96e-02	2.46e-01	3.45e-01	3.28e-01	4.82e-02	2.55e-03	4.19e-05	0.00e+00	0.00e+00	0.00e+00	0.00e+00	0.00e+00	0.00e+00	0.00e+00
 2.75773e+23	7.33e-07	3.23e-02	2.57e-01	3.50e-01	3.15e-01	4.36e-02	2.19e-03	3.48e-05	0.00e+00	0.00e+00	0.00e+00	0.00e+00	0.00e+00	0.00e+00	0.00e+00
 2.77484e+23	8.55e-07	3.62e-02	2.72e-01	3.54e-01	2.98e-01	3.81e-02	1.79e-03	2.72e-05	0.00e+00	0.00e+00	0.00e+00	0.00e+00	0.00e+00	0.00e+00	0.00e+00
 2.79246e+23	9.75e-07	3.97e-02	2.84e-01	3.57e-01	2.84e-01	3.40e-02	1.51e-03	2.20e-05	0.00e+00	0.00e+00	0.00e+00	0.00e+00	0.00e+00	0.00e+00	0.00e+00
 2.81075e+23	1.14e-06	4.44e-02	2.99e-01	3.59e-01	2.66e-01	2.94e-02	1.22e-03	1.70e-05	0.00e+00	0.00e+00	0.00e+00	0.00e+00	0.00e+00	0.00e+00	0.00e+00
 2.82951e+23	1.29e-06	4.87e-02	3.12e-01	3.60e-01	2.52e-01	2.60e-02	1.02e-03	1.36e-05	0.00e+00	0.00e+00	0.00e+00	0.00e+00	0.00e+00	0.00e+00	0.00e+00
 2.84634e+23	1.47e-06	5.34e-02	3.25e-01	3.61e-01	2.38e-01	2.29e-02	8.46e-04	1.09e-05	0.00e+00	0.00e+00	0.00e+00	0.00e+00	0.00e+00	0.00e+00	0.00e+00
 2.86568e+23	1.73e-06	5.99e-02	3.41e-01	3.59e-01	2.20e-01	1.93e-02	6.64e-04	8.18e-06	0.00e+00	0.00e+00	0.00e+00	0.00e+00	0.00e+00	0.00e+00	0.00e+00
 2.88495e+23	1.96e-06	6.53e-02	3.53e-01	3.58e-01	2.07e-01	1.70e-02	5.52e-04	6.54e-06	0.00e+00	0.00e+00	0.00e+00	0.00e+00	0.00e+00	0.00e+00	0.00e+00
 2.90416e+23	2.29e-06	7.26e-02	3.67e-01	3.55e-01	1.91e-01	1.44e-02	4.34e-04	4.93e-06	0.00e+00	0.00e+00	0.00e+00	0.00e+00	0.00e+00	0.00e+00	0.00e+00
 2.92387e+23	2.61e-06	7.97e-02	3.79e-01	3.51e-01	1.77e-01	1.24e-02	3.52e-04	3.85e-06	0.00e+00	0.00e+00	0.00e+00	0.00e+00	0.00e+00	0.00e+00	0.00e+00
 2.94149e+23	2.96e-06	8.69e-02	3.91e-01	3.47e-01	1.65e-01	1.07e-02	2.88e-04	3.03e-06	0.00e+00	0.00e+00	0.00e+00	0.00e+00	0.00e+00	0.00e+00	0.00e+00
 2.96161e+23	3.48e-06	9.69e-02	4.04e-01	3.40e-01	1.50e-01	8.87e-03	2.21e-04	2.21e-06	0.00e+00	0.00e+00	0.00e+00	0.00e+00	0.00e+00	0.00e+00	0.00e+00
 2.98191e+23	3.95e-06	1.05e-01	4.15e-01	3.34e-01	1.38e-01	7.62e-03	1.78e-04	1.73e-06	0.00e+00	0.00e+00	0.00e+00	0.00e+00	0.00e+00	0.00e+00	0.00e+00
 3.00243e+23	4.61e-06	1.17e-01	4.27e-01	3.25e-01	1.25e-01	6.26e-03	1.36e-04	1.26e-06	0.00e+00	0.00e+00	0.00e+00	0.00e+00	0.00e+00	0.00e+00	0.00e+00
 3.02339e+23	5.29e-06	1.28e-01	4.36e-01	3.17e-01	1.14e-01	5.27e-03	1.07e-04	9.55e-07	0.00e+00	0.00e+00	0.00e+00	0.00e+00	0.00e+00	0.00e+00	0.00e+00
 3.04173e+23	5.99e-06	1.39e-01	4.43e-01	3.08e-01	1.05e-01	4.48e-03	8.61e-05	7.38e-07	0.00e+00	0.00e+00	0.00e+00	0.00e+00	0.00e+00	0.00e+00	0.00e+00
 3.06237e+23	6.98e-06	1.54e-01	4.52e-01	2.97e-01	9.33e-02	3.63e-03	6.47e-05	5.31e-07	0.00e+00	0.00e+00	0.00e+00	0.00e+00	0.00e+00	0.00e+00	0.00e+00
 3.07986e+23	7.66e-06	1.64e-01	4.56e-01	2.89e-01	8.75e-02	3.23e-03	5.52e-05	4.41e-07	0.00e+00	0.00e+00	0.00e+00	0.00e+00	0.00e+00	0.00e+00	0.00e+00
