#depth	N	N+	N+2	N+3	N+4	N+5	N+6	N+7
 4.62852e+21	1.66e-23	3.68e-18	4.54e-14	1.05e-10	8.92e-08	2.01e-04	2.91e-02	9.71e-01
 1.02309e+22	8.24e-22	9.38e-17	6.00e-13	6.93e-10	2.77e-07	4.98e-04	4.81e-02	9.51e-01
 1.16863e+22	1.45e-20	1.05e-15	4.23e-12	2.97e-09	6.92e-07	9.10e-04	6.48e-02	9.34e-01
 1.24086e+22	8.12e-20	4.52e-15	1.39e-11	7.19e-09	1.22e-06	1.29e-03	7.65e-02	9.22e-01
 1.27095e+22	1.26e-19	6.56e-15	1.87e-11	9.01e-09	1.41e-06	1.40e-03	7.97e-02	9.19e-01
 1.28065e+22	1.64e-19	8.21e-15	2.25e-11	1.03e-08	1.54e-06	1.48e-03	8.18e-02	9.17e-01
 1.28894e+22	2.29e-19	1.09e-14	2.84e-11	1.23e-08	1.72e-06	1.58e-03	8.44e-02	9.14e-01
 1.29753e+22	3.08e-19	1.40e-14	3.48e-11	1.43e-08	1.90e-06	1.68e-03	8.67e-02	9.12e-01
 1.30590e+22	4.22e-19	1.83e-14	4.32e-11	1.68e-08	2.11e-06	1.79e-03	8.94e-02	9.09e-01
 1.31445e+22	5.66e-19	2.35e-14	5.29e-11	1.95e-08	2.33e-06	1.90e-03	9.19e-02	9.06e-01
 1.32323e+22	7.81e-19	3.09e-14	6.61e-11	2.31e-08	2.59e-06	2.03e-03	9.47e-02	9.03e-01
 1.33192e+22	1.03e-18	3.91e-14	7.99e-11	2.66e-08	2.85e-06	2.14e-03	9.72e-02	9.01e-01
 1.34083e+22	1.42e-18	5.16e-14	1.00e-10	3.15e-08	3.18e-06	2.29e-03	1.00e-01	8.97e-01
 1.35000e+22	1.89e-18	6.55e-14	1.22e-10	3.64e-08	3.50e-06	2.43e-03	1.03e-01	8.94e-01
 1.35933e+22	2.59e-18	8.59e-14	1.52e-10	4.30e-08	3.90e-06	2.60e-03	1.06e-01	8.91e-01
 1.36881e+22	3.42e-18	1.09e-13	1.84e-10	4.96e-08	4.29e-06	2.75e-03	1.09e-01	8.88e-01
 1.37858e+22	4.70e-18	1.43e-13	2.29e-10	5.85e-08	4.79e-06	2.94e-03	1.13e-01	8.84e-01
 1.38862e+22	6.19e-18	1.80e-13	2.78e-10	6.76e-08	5.27e-06	3.12e-03	1.16e-01	8.81e-01
 1.39905e+22	8.53e-18	2.37e-13	3.47e-10	8.00e-08	5.90e-06	3.34e-03	1.19e-01	8.77e-01
 1.40977e+22	1.12e-17	3.00e-13	4.21e-10	9.24e-08	6.50e-06	3.55e-03	1.23e-01	8.74e-01
 1.42090e+22	1.54e-17	3.93e-13	5.25e-10	1.09e-07	7.28e-06	3.81e-03	1.27e-01	8.69e-01
 1.43233e+22	2.02e-17	4.95e-13	6.34e-10	1.26e-07	8.02e-06	4.04e-03	1.30e-01	8.66e-01
 1.44444e+22	2.80e-17	6.56e-13	7.99e-10	1.50e-07	9.03e-06	4.35e-03	1.35e-01	8.61e-01
 1.45665e+22	3.62e-17	8.17e-13	9.56e-10	1.72e-07	9.92e-06	4.61e-03	1.38e-01	8.57e-01
 1.46912e+22	5.01e-17	1.08e-12	1.20e-09	2.05e-07	1.12e-05	4.96e-03	1.43e-01	8.52e-01
 1.48188e+22	6.46e-17	1.34e-12	1.44e-09	2.35e-07	1.23e-05	5.26e-03	1.47e-01	8.48e-01
 1.49292e+22	8.15e-17	1.64e-12	1.69e-09	2.66e-07	1.34e-05	5.55e-03	1.51e-01	8.44e-01
 1.50518e+22	1.09e-16	2.11e-12	2.08e-09	3.12e-07	1.49e-05	5.95e-03	1.55e-01	8.39e-01
 1.51760e+22	1.34e-16	2.56e-12	2.44e-09	3.53e-07	1.63e-05	6.27e-03	1.59e-01	8.35e-01
 1.53023e+22	1.80e-16	3.28e-12	3.00e-09	4.14e-07	1.81e-05	6.72e-03	1.64e-01	8.29e-01
 1.54305e+22	2.24e-16	3.98e-12	3.52e-09	4.67e-07	1.98e-05	7.08e-03	1.68e-01	8.25e-01
 1.55615e+22	2.99e-16	5.10e-12	4.32e-09	5.48e-07	2.21e-05	7.59e-03	1.73e-01	8.19e-01
 1.56899e+22	3.66e-16	6.07e-12	4.99e-09	6.12e-07	2.39e-05	7.97e-03	1.77e-01	8.15e-01
 1.58152e+22	4.81e-16	7.68e-12	6.06e-09	7.11e-07	2.65e-05	8.51e-03	1.82e-01	8.09e-01
 1.59420e+22	5.82e-16	9.05e-12	6.95e-09	7.91e-07	2.86e-05	8.92e-03	1.86e-01	8.05e-01
 1.60710e+22	7.47e-16	1.12e-11	8.31e-09	9.10e-07	3.15e-05	9.49e-03	1.91e-01	7.99e-01
 1.62050e+22	9.29e-16	1.36e-11	9.72e-09	1.03e-06	3.43e-05	1.00e-02	1.96e-01	7.94e-01
 1.63264e+22	1.14e-15	1.62e-11	1.13e-08	1.15e-06	3.72e-05	1.05e-02	2.00e-01	7.90e-01
 1.64653e+22	1.50e-15	2.05e-11	1.37e-08	1.34e-06	4.14e-05	1.13e-02	2.06e-01	7.83e-01
 1.66056e+22	1.82e-15	2.42e-11	1.57e-08	1.50e-06	4.48e-05	1.18e-02	2.10e-01	7.78e-01
 1.67277e+22	2.21e-15	2.87e-11	1.81e-08	1.67e-06	4.85e-05	1.24e-02	2.15e-01	7.73e-01
 1.68662e+22	2.84e-15	3.57e-11	2.17e-08	1.93e-06	5.36e-05	1.32e-02	2.20e-01	7.66e-01
 1.70041e+22	3.37e-15	4.14e-11	2.46e-08	2.13e-06	5.75e-05	1.38e-02	2.25e-01	7.61e-01
 1.71412e+22	4.32e-15	5.13e-11	2.94e-08	2.45e-06	6.36e-05	1.47e-02	2.31e-01	7.55e-01
 1.72802e+22	5.13e-15	5.96e-11	3.33e-08	2.70e-06	6.83e-05	1.54e-02	2.35e-01	7.50e-01
 1.74216e+22	6.50e-15	7.32e-11	3.96e-08	3.09e-06	7.52e-05	1.63e-02	2.41e-01	7.43e-01
 1.75671e+22	7.78e-15	8.56e-11	4.51e-08	3.43e-06	8.10e-05	1.71e-02	2.46e-01	7.37e-01
 1.77181e+22	9.94e-15	1.06e-10	5.39e-08	3.95e-06	8.96e-05	1.82e-02	2.52e-01	7.30e-01
 1.78721e+22	1.19e-14	1.24e-10	6.17e-08	4.39e-06	9.68e-05	1.91e-02	2.57e-01	7.24e-01
 1.80300e+22	1.52e-14	1.54e-10	7.36e-08	5.06e-06	1.07e-04	2.03e-02	2.64e-01	7.16e-01
 1.81931e+22	1.84e-14	1.82e-10	8.47e-08	5.65e-06	1.16e-04	2.14e-02	2.69e-01	7.09e-01
 1.83627e+22	2.37e-14	2.26e-10	1.02e-07	6.54e-06	1.29e-04	2.28e-02	2.76e-01	7.01e-01
 1.85377e+22	2.89e-14	2.69e-10	1.18e-07	7.35e-06	1.40e-04	2.40e-02	2.82e-01	6.94e-01
 1.87195e+22	3.77e-14	3.39e-10	1.43e-07	8.58e-06	1.57e-04	2.57e-02	2.90e-01	6.84e-01
 1.89032e+22	4.60e-14	4.04e-10	1.66e-07	9.63e-06	1.70e-04	2.71e-02	2.96e-01	6.77e-01
 1.90896e+22	5.97e-14	5.07e-10	2.01e-07	1.12e-05	1.90e-04	2.90e-02	3.04e-01	6.67e-01
 1.92825e+22	7.37e-14	6.10e-10	2.34e-07	1.27e-05	2.08e-04	3.06e-02	3.10e-01	6.59e-01
 1.94840e+22	9.79e-14	7.82e-10	2.89e-07	1.50e-05	2.34e-04	3.30e-02	3.19e-01	6.48e-01
 1.96872e+22	1.22e-13	9.48e-10	3.39e-07	1.71e-05	2.57e-04	3.49e-02	3.26e-01	6.39e-01
 1.98925e+22	1.62e-13	1.21e-09	4.17e-07	2.01e-05	2.89e-04	3.75e-02	3.35e-01	6.28e-01
 2.01012e+22	2.03e-13	1.48e-09	4.94e-07	2.30e-05	3.19e-04	3.98e-02	3.42e-01	6.18e-01
 2.02750e+22	2.49e-13	1.77e-09	5.72e-07	2.59e-05	3.47e-04	4.19e-02	3.48e-01	6.10e-01
 2.04616e+22	3.23e-13	2.22e-09	6.93e-07	3.02e-05	3.87e-04	4.47e-02	3.57e-01	5.98e-01
 2.06501e+22	3.97e-13	2.66e-09	8.07e-07	3.41e-05	4.23e-04	4.72e-02	3.63e-01	5.89e-01
 2.08412e+22	5.24e-13	3.39e-09	9.88e-07	4.01e-05	4.75e-04	5.06e-02	3.72e-01	5.77e-01
 2.10323e+22	6.43e-13	4.06e-09	1.15e-06	4.53e-05	5.19e-04	5.33e-02	3.79e-01	5.67e-01
 2.12236e+22	8.59e-13	5.20e-09	1.41e-06	5.35e-05	5.85e-04	5.73e-02	3.88e-01	5.54e-01
 2.14160e+22	1.06e-12	6.25e-09	1.65e-06	6.07e-05	6.40e-04	6.04e-02	3.95e-01	5.44e-01
 2.16099e+22	1.41e-12	8.02e-09	2.04e-06	7.19e-05	7.24e-04	6.49e-02	4.04e-01	5.31e-01
 2.18061e+22	1.77e-12	9.75e-09	2.40e-06	8.22e-05	7.98e-04	6.87e-02	4.11e-01	5.19e-01
 2.20053e+22	2.37e-12	1.26e-08	2.99e-06	9.84e-05	9.09e-04	7.41e-02	4.20e-01	5.05e-01
 2.22065e+22	2.98e-12	1.54e-08	3.55e-06	1.13e-04	1.01e-03	7.86e-02	4.28e-01	4.93e-01
 2.24103e+22	4.02e-12	2.00e-08	4.43e-06	1.36e-04	1.15e-03	8.50e-02	4.37e-01	4.77e-01
 2.26174e+22	5.09e-12	2.46e-08	5.29e-06	1.58e-04	1.28e-03	9.04e-02	4.44e-01	4.64e-01
 2.27912e+22	6.27e-12	2.96e-08	6.19e-06	1.80e-04	1.41e-03	9.55e-02	4.51e-01	4.52e-01
 2.29740e+22	8.07e-12	3.71e-08	7.52e-06	2.12e-04	1.60e-03	1.02e-01	4.59e-01	4.37e-01
 2.31585e+22	9.92e-12	4.45e-08	8.82e-06	2.43e-04	1.77e-03	1.08e-01	4.65e-01	4.25e-01
 2.33365e+22	1.25e-11	5.46e-08	1.05e-05	2.84e-04	1.98e-03	1.15e-01	4.72e-01	4.11e-01
 2.35189e+22	1.53e-11	6.57e-08	1.24e-05	3.27e-04	2.20e-03	1.22e-01	4.78e-01	3.98e-01
 2.36974e+22	1.88e-11	7.91e-08	1.47e-05	3.79e-04	2.46e-03	1.30e-01	4.83e-01	3.84e-01
 2.38737e+22	2.27e-11	9.40e-08	1.71e-05	4.34e-04	2.73e-03	1.37e-01	4.88e-01	3.71e-01
 2.40467e+22	2.72e-11	1.11e-07	2.00e-05	4.99e-04	3.03e-03	1.45e-01	4.93e-01	3.58e-01
 2.42186e+22	3.23e-11	1.31e-07	2.31e-05	5.70e-04	3.36e-03	1.54e-01	4.97e-01	3.45e-01
 2.43885e+22	3.81e-11	1.53e-07	2.67e-05	6.50e-04	3.71e-03	1.62e-01	5.01e-01	3.32e-01
 2.45577e+22	4.45e-11	1.77e-07	3.07e-05	7.40e-04	4.10e-03	1.71e-01	5.04e-01	3.20e-01
 2.47273e+22	5.16e-11	2.05e-07	3.52e-05	8.40e-04	4.53e-03	1.80e-01	5.07e-01	3.08e-01
 2.48982e+22	5.96e-11	2.36e-07	4.03e-05	9.53e-04	5.00e-03	1.89e-01	5.10e-01	2.95e-01
 2.50703e+22	6.83e-11	2.71e-07	4.59e-05	1.08e-03	5.51e-03	1.99e-01	5.11e-01	2.83e-01
 2.52449e+22	7.81e-11	3.10e-07	5.23e-05	1.22e-03	6.07e-03	2.09e-01	5.13e-01	2.71e-01
 2.54227e+22	8.89e-11	3.53e-07	5.95e-05	1.38e-03	6.70e-03	2.19e-01	5.13e-01	2.60e-01
 2.56014e+22	1.01e-10	4.00e-07	6.74e-05	1.56e-03	7.36e-03	2.30e-01	5.13e-01	2.48e-01
 2.57842e+22	1.13e-10	4.55e-07	7.66e-05	1.76e-03	8.12e-03	2.41e-01	5.13e-01	2.36e-01
 2.59681e+22	1.27e-10	5.12e-07	8.63e-05	1.98e-03	8.90e-03	2.52e-01	5.12e-01	2.26e-01
 2.61570e+22	1.43e-10	5.80e-07	9.79e-05	2.23e-03	9.83e-03	2.64e-01	5.10e-01	2.14e-01
 2.63340e+22	1.57e-10	6.39e-07	1.08e-04	2.46e-03	1.06e-02	2.73e-01	5.08e-01	2.05e-01
 2.65148e+22	1.76e-10	7.22e-07	1.22e-04	2.78e-03	1.17e-02	2.86e-01	5.05e-01	1.94e-01
 2.66974e+22	1.94e-10	7.94e-07	1.35e-04	3.04e-03	1.26e-02	2.96e-01	5.03e-01	1.86e-01
 2.68825e+22	2.17e-10	8.93e-07	1.52e-04	3.43e-03	1.39e-02	3.09e-01	4.98e-01	1.75e-01
 2.70718e+22	2.38e-10	9.83e-07	1.68e-04	3.76e-03	1.50e-02	3.19e-01	4.95e-01	1.67e-01
 2.72667e+22	2.66e-10	1.11e-06	1.90e-04	4.23e-03	1.65e-02	3.33e-01	4.89e-01	1.57e-01
 2.74654e+22	2.92e-10	1.22e-06	2.10e-04	4.64e-03	1.77e-02	3.43e-01	4.85e-01	1.50e-01
 2.76689e+22	3.28e-10	1.37e-06	2.37e-04	5.23e-03	1.96e-02	3.57e-01	4.78e-01	1.40e-01
 2.78736e+22	3.61e-10	1.51e-06	2.61e-04	5.71e-03	2.10e-02	3.68e-01	4.72e-01	1.33e-01
 2.80797e+22	4.05e-10	1.69e-06	2.95e-04	6.41e-03	2.31e-02	3.82e-01	4.64e-01	1.24e-01
 2.82882e+22	4.45e-10	1.86e-06	3.25e-04	6.99e-03	2.47e-02	3.93e-01	4.58e-01	1.17e-01
 2.84998e+22	5.01e-10	2.09e-06	3.67e-04	7.83e-03	2.71e-02	4.07e-01	4.49e-01	1.09e-01
 2.87148e+22	5.52e-10	2.30e-06	4.05e-04	8.54e-03	2.91e-02	4.17e-01	4.42e-01	1.03e-01
 2.89343e+22	6.22e-10	2.59e-06	4.58e-04	9.56e-03	3.18e-02	4.31e-01	4.32e-01	9.53e-02
 2.91578e+22	6.88e-10	2.86e-06	5.06e-04	1.04e-02	3.41e-02	4.42e-01	4.24e-01	8.96e-02
 2.93865e+22	7.78e-10	3.23e-06	5.74e-04	1.17e-02	3.74e-02	4.56e-01	4.12e-01	8.25e-02
 2.96201e+22	8.64e-10	3.58e-06	6.36e-04	1.27e-02	4.01e-02	4.66e-01	4.03e-01	7.72e-02
 2.98169e+22	9.47e-10	3.91e-06	6.96e-04	1.38e-02	4.26e-02	4.75e-01	3.95e-01	7.27e-02
 3.00295e+22	1.06e-09	4.36e-06	7.81e-04	1.52e-02	4.61e-02	4.87e-01	3.84e-01	6.71e-02
 3.02430e+22	1.17e-09	4.78e-06	8.55e-04	1.64e-02	4.89e-02	4.96e-01	3.75e-01	6.31e-02
 3.04576e+22	1.31e-09	5.35e-06	9.59e-04	1.80e-02	5.28e-02	5.06e-01	3.64e-01	5.81e-02
 3.06707e+22	1.44e-09	5.85e-06	1.05e-03	1.94e-02	5.57e-02	5.14e-01	3.55e-01	5.47e-02
 3.08819e+22	1.61e-09	6.54e-06	1.17e-03	2.12e-02	5.99e-02	5.24e-01	3.44e-01	5.03e-02
 3.10956e+22	1.77e-09	7.16e-06	1.28e-03	2.28e-02	6.32e-02	5.31e-01	3.35e-01	4.72e-02
 3.13124e+22	2.00e-09	8.04e-06	1.44e-03	2.50e-02	6.78e-02	5.39e-01	3.23e-01	4.33e-02
 3.15332e+22	2.21e-09	8.83e-06	1.58e-03	2.69e-02	7.16e-02	5.46e-01	3.14e-01	4.03e-02
 3.17592e+22	2.51e-09	9.97e-06	1.77e-03	2.94e-02	7.68e-02	5.54e-01	3.01e-01	3.68e-02
 3.19879e+22	2.79e-09	1.10e-05	1.95e-03	3.16e-02	8.10e-02	5.59e-01	2.92e-01	3.42e-02
 3.22203e+22	3.18e-09	1.24e-05	2.20e-03	3.47e-02	8.68e-02	5.66e-01	2.79e-01	3.10e-02
 3.24565e+22	3.56e-09	1.38e-05	2.43e-03	3.73e-02	9.15e-02	5.71e-01	2.70e-01	2.87e-02
 3.26978e+22	4.06e-09	1.57e-05	2.75e-03	4.09e-02	9.80e-02	5.76e-01	2.57e-01	2.58e-02
 3.29419e+22	4.59e-09	1.75e-05	3.04e-03	4.40e-02	1.03e-01	5.79e-01	2.47e-01	2.38e-02
 3.31898e+22	5.26e-09	1.99e-05	3.45e-03	4.82e-02	1.10e-01	5.83e-01	2.34e-01	2.13e-02
 3.34426e+22	5.98e-09	2.23e-05	3.83e-03	5.18e-02	1.16e-01	5.85e-01	2.24e-01	1.95e-02
 3.37020e+22	6.93e-09	2.56e-05	4.37e-03	5.69e-02	1.24e-01	5.86e-01	2.11e-01	1.73e-02
 3.39635e+22	7.91e-09	2.88e-05	4.84e-03	6.11e-02	1.30e-01	5.86e-01	2.02e-01	1.58e-02
 3.42279e+22	9.23e-09	3.31e-05	5.54e-03	6.70e-02	1.39e-01	5.86e-01	1.89e-01	1.39e-02
 3.44793e+22	1.04e-08	3.67e-05	6.08e-03	7.14e-02	1.45e-01	5.84e-01	1.81e-01	1.28e-02
 3.47139e+22	1.20e-08	4.17e-05	6.81e-03	7.71e-02	1.52e-01	5.82e-01	1.71e-01	1.15e-02
 3.49647e+22	1.37e-08	4.69e-05	7.57e-03	8.26e-02	1.59e-01	5.79e-01	1.61e-01	1.03e-02
 3.51983e+22	1.48e-08	5.26e-05	8.38e-03	8.83e-02	1.66e-01	5.75e-01	1.53e-01	9.33e-03
 3.54178e+22	1.66e-08	5.83e-05	9.18e-03	9.37e-02	1.72e-01	5.71e-01	1.45e-01	8.50e-03
 3.56255e+22	1.86e-08	6.46e-05	1.00e-02	9.92e-02	1.79e-01	5.66e-01	1.38e-01	7.74e-03
 3.58642e+22	2.17e-08	7.38e-05	1.13e-02	1.07e-01	1.87e-01	5.60e-01	1.29e-01	6.85e-03
 3.61071e+22	2.45e-08	8.20e-05	1.24e-02	1.13e-01	1.93e-01	5.53e-01	1.22e-01	6.19e-03
 3.63556e+22	2.88e-08	9.41e-05	1.39e-02	1.22e-01	2.01e-01	5.45e-01	1.13e-01	5.45e-03
 3.66102e+22	3.30e-08	1.06e-04	1.53e-02	1.29e-01	2.09e-01	5.36e-01	1.06e-01	4.86e-03
 3.68347e+22	3.74e-08	1.18e-04	1.68e-02	1.37e-01	2.15e-01	5.28e-01	9.94e-02	4.36e-03
 3.70886e+22	4.41e-08	1.35e-04	1.89e-02	1.46e-01	2.23e-01	5.16e-01	9.17e-02	3.80e-03
 3.73541e+22	5.10e-08	1.53e-04	2.09e-02	1.55e-01	2.30e-01	5.05e-01	8.51e-02	3.35e-03
 3.75953e+22	5.86e-08	1.72e-04	2.30e-02	1.64e-01	2.37e-01	4.94e-01	7.91e-02	2.97e-03
 3.78696e+22	7.01e-08	2.00e-04	2.60e-02	1.76e-01	2.45e-01	4.79e-01	7.19e-02	2.54e-03
 3.81507e+22	8.17e-08	2.27e-04	2.87e-02	1.86e-01	2.52e-01	4.65e-01	6.60e-02	2.21e-03
 3.83998e+22	9.45e-08	2.56e-04	3.16e-02	1.96e-01	2.57e-01	4.52e-01	6.08e-02	1.93e-03
 3.86826e+22	1.14e-07	2.98e-04	3.56e-02	2.09e-01	2.64e-01	4.34e-01	5.46e-02	1.63e-03
 3.89745e+22	1.34e-07	3.40e-04	3.95e-02	2.21e-01	2.70e-01	4.18e-01	4.96e-02	1.40e-03
 3.92358e+22	1.56e-07	3.86e-04	4.34e-02	2.32e-01	2.75e-01	4.03e-01	4.51e-02	1.20e-03
 3.95332e+22	1.90e-07	4.52e-04	4.90e-02	2.46e-01	2.80e-01	3.83e-01	3.99e-02	9.95e-04
 3.98339e+22	2.24e-07	5.15e-04	5.40e-02	2.59e-01	2.84e-01	3.66e-01	3.59e-02	8.43e-04
 4.00972e+22	2.61e-07	5.84e-04	5.92e-02	2.70e-01	2.87e-01	3.50e-01	3.24e-02	7.20e-04
 4.03978e+22	3.19e-07	6.84e-04	6.63e-02	2.85e-01	2.90e-01	3.29e-01	2.83e-02	5.87e-04
 4.07054e+22	3.80e-07	7.82e-04	7.30e-02	2.97e-01	2.92e-01	3.12e-01	2.52e-02	4.91e-04
 4.09792e+22	4.47e-07	8.88e-04	7.98e-02	3.09e-01	2.92e-01	2.95e-01	2.24e-02	4.13e-04
 4.12922e+22	5.50e-07	1.04e-03	8.92e-02	3.24e-01	2.93e-01	2.74e-01	1.93e-02	3.29e-04
 4.16122e+22	6.58e-07	1.20e-03	9.77e-02	3.36e-01	2.92e-01	2.56e-01	1.69e-02	2.70e-04
 4.18952e+22	7.77e-07	1.36e-03	1.06e-01	3.47e-01	2.90e-01	2.40e-01	1.48e-02	2.24e-04
 4.21719e+22	9.13e-07	1.54e-03	1.16e-01	3.57e-01	2.88e-01	2.25e-01	1.30e-02	1.85e-04
 4.24864e+22	1.12e-06	1.80e-03	1.28e-01	3.70e-01	2.84e-01	2.06e-01	1.10e-02	1.45e-04
 4.28043e+22	1.33e-06	2.05e-03	1.38e-01	3.79e-01	2.80e-01	1.91e-01	9.55e-03	1.18e-04
 4.30807e+22	1.56e-06	2.31e-03	1.49e-01	3.88e-01	2.75e-01	1.77e-01	8.33e-03	9.68e-05
 4.33937e+22	1.90e-06	2.69e-03	1.64e-01	3.98e-01	2.68e-01	1.61e-01	6.97e-03	7.51e-05
 4.37024e+22	2.21e-06	3.02e-03	1.75e-01	4.05e-01	2.63e-01	1.48e-01	6.04e-03	6.13e-05
 4.39652e+22	2.56e-06	3.38e-03	1.87e-01	4.10e-01	2.56e-01	1.37e-01	5.25e-03	5.01e-05
 4.42668e+22	3.10e-06	3.91e-03	2.03e-01	4.17e-01	2.48e-01	1.23e-01	4.36e-03	3.86e-05
 4.45722e+22	3.58e-06	4.37e-03	2.16e-01	4.21e-01	2.41e-01	1.13e-01	3.76e-03	3.14e-05
 4.48186e+22	4.04e-06	4.79e-03	2.28e-01	4.24e-01	2.35e-01	1.06e-01	3.32e-03	2.63e-05
 4.50750e+22	4.71e-06	5.38e-03	2.42e-01	4.27e-01	2.26e-01	9.60e-02	2.82e-03	2.09e-05
 4.53322e+22	5.32e-06	5.90e-03	2.54e-01	4.29e-01	2.20e-01	8.88e-02	2.47e-03	1.74e-05
 4.55906e+22	6.17e-06	6.60e-03	2.70e-01	4.30e-01	2.11e-01	8.06e-02	2.10e-03	1.39e-05
 4.58543e+22	7.00e-06	7.26e-03	2.83e-01	4.30e-01	2.04e-01	7.40e-02	1.82e-03	1.14e-05
 4.60855e+22	7.88e-06	7.93e-03	2.96e-01	4.30e-01	1.97e-01	6.82e-02	1.59e-03	9.41e-06
 4.63466e+22	9.17e-06	8.88e-03	3.13e-01	4.28e-01	1.88e-01	6.13e-02	1.33e-03	7.37e-06
 4.66114e+22	1.03e-05	9.69e-03	3.26e-01	4.27e-01	1.80e-01	5.62e-02	1.15e-03	6.05e-06
 4.68812e+22	1.20e-05	1.08e-02	3.44e-01	4.23e-01	1.71e-01	5.02e-02	9.56e-04	4.68e-06
 4.71541e+22	1.36e-05	1.18e-02	3.58e-01	4.20e-01	1.63e-01	4.58e-02	8.21e-04	3.80e-06
 4.74312e+22	1.59e-05	1.33e-02	3.76e-01	4.15e-01	1.54e-01	4.06e-02	6.76e-04	2.91e-06
 4.77121e+22	1.79e-05	1.45e-02	3.91e-01	4.11e-01	1.47e-01	3.68e-02	5.77e-04	2.34e-06
 4.79979e+22	2.10e-05	1.62e-02	4.10e-01	4.04e-01	1.37e-01	3.24e-02	4.69e-04	1.77e-06
 4.82876e+22	2.37e-05	1.77e-02	4.25e-01	3.98e-01	1.30e-01	2.92e-02	3.97e-04	1.41e-06
 4.85822e+22	2.79e-05	1.98e-02	4.44e-01	3.89e-01	1.21e-01	2.55e-02	3.20e-04	1.05e-06
 4.88795e+22	3.17e-05	2.16e-02	4.59e-01	3.82e-01	1.14e-01	2.28e-02	2.69e-04	8.29e-07
 4.91803e+22	3.73e-05	2.43e-02	4.79e-01	3.72e-01	1.05e-01	1.98e-02	2.14e-04	6.10e-07
 4.94869e+22	4.25e-05	2.65e-02	4.94e-01	3.63e-01	9.87e-02	1.76e-02	1.79e-04	4.77e-07
 4.98010e+22	5.00e-05	2.97e-02	5.13e-01	3.52e-01	9.07e-02	1.52e-02	1.41e-04	3.47e-07
 5.01260e+22	5.75e-05	3.26e-02	5.29e-01	3.41e-01	8.41e-02	1.33e-02	1.15e-04	2.63e-07
 5.03827e+22	6.36e-05	3.49e-02	5.40e-01	3.33e-01	7.95e-02	1.21e-02	9.88e-05	2.14e-07
 5.06340e+22	7.24e-05	3.81e-02	5.54e-01	3.23e-01	7.38e-02	1.07e-02	8.14e-05	1.65e-07
 5.08905e+22	8.02e-05	4.08e-02	5.65e-01	3.15e-01	6.95e-02	9.65e-03	6.95e-05	1.34e-07
 5.11537e+22	9.13e-05	4.45e-02	5.79e-01	3.04e-01	6.43e-02	8.47e-03	5.68e-05	0.00e+00
 5.14225e+22	1.02e-04	4.77e-02	5.89e-01	2.95e-01	6.02e-02	7.59e-03	4.80e-05	0.00e+00
 5.16983e+22	1.17e-04	5.23e-02	6.03e-01	2.83e-01	5.52e-02	6.58e-03	3.85e-05	0.00e+00
 5.19736e+22	1.30e-04	5.59e-02	6.13e-01	2.74e-01	5.16e-02	5.90e-03	3.25e-05	0.00e+00
 5.22484e+22	1.48e-04	6.10e-02	6.24e-01	2.62e-01	4.73e-02	5.12e-03	2.62e-05	0.00e+00
 5.25303e+22	1.65e-04	6.53e-02	6.33e-01	2.53e-01	4.39e-02	4.55e-03	2.18e-05	0.00e+00
 5.28217e+22	1.90e-04	7.16e-02	6.44e-01	2.40e-01	3.99e-02	3.90e-03	1.72e-05	0.00e+00
 5.31150e+22	2.11e-04	7.64e-02	6.52e-01	2.31e-01	3.70e-02	3.46e-03	1.44e-05	0.00e+00
 5.34110e+22	2.41e-04	8.33e-02	6.61e-01	2.19e-01	3.35e-02	2.96e-03	1.13e-05	0.00e+00
 5.37159e+22	2.70e-04	8.92e-02	6.68e-01	2.09e-01	3.08e-02	2.59e-03	9.27e-06	0.00e+00
 5.39548e+22	2.92e-04	9.35e-02	6.73e-01	2.02e-01	2.90e-02	2.36e-03	8.04e-06	0.00e+00
 5.41336e+22	3.10e-04	9.70e-02	6.76e-01	1.97e-01	2.76e-02	2.19e-03	7.18e-06	0.00e+00
 5.43114e+22	3.36e-04	1.02e-01	6.80e-01	1.90e-01	2.60e-02	1.99e-03	6.21e-06	0.00e+00
 5.45426e+22	3.71e-04	1.09e-01	6.84e-01	1.81e-01	2.40e-02	1.76e-03	5.15e-06	0.00e+00
 5.48431e+22	4.29e-04	1.19e-01	6.89e-01	1.69e-01	2.14e-02	1.48e-03	3.95e-06	0.00e+00
 5.50822e+22	4.47e-04	1.21e-01	6.91e-01	1.66e-01	2.06e-02	1.39e-03	3.63e-06	0.00e+00
 5.52417e+22	4.78e-04	1.26e-01	6.92e-01	1.60e-01	1.95e-02	1.28e-03	3.19e-06	0.00e+00
 5.54489e+22	5.25e-04	1.34e-01	6.94e-01	1.53e-01	1.81e-02	1.13e-03	2.66e-06	0.00e+00
 5.57183e+22	5.90e-04	1.43e-01	6.95e-01	1.43e-01	1.64e-02	9.74e-04	2.12e-06	0.00e+00
 5.59905e+22	6.44e-04	1.51e-01	6.96e-01	1.37e-01	1.51e-02	8.65e-04	1.78e-06	0.00e+00
 5.62161e+22	6.97e-04	1.58e-01	6.96e-01	1.30e-01	1.41e-02	7.77e-04	1.51e-06	0.00e+00
 5.64593e+22	7.74e-04	1.68e-01	6.95e-01	1.23e-01	1.29e-02	6.74e-04	1.22e-06	0.00e+00
 5.67756e+22	8.91e-04	1.82e-01	6.92e-01	1.13e-01	1.14e-02	5.55e-04	9.18e-07	0.00e+00
 5.70832e+22	9.69e-04	1.91e-01	6.90e-01	1.07e-01	1.05e-02	4.90e-04	7.63e-07	0.00e+00
 5.73797e+22	1.10e-03	2.06e-01	6.85e-01	9.81e-02	9.30e-03	4.08e-04	5.83e-07	0.00e+00
 5.77651e+22	1.30e-03	2.27e-01	6.76e-01	8.75e-02	7.94e-03	3.20e-04	4.07e-07	0.00e+00
 5.81470e+22	1.46e-03	2.41e-01	6.70e-01	8.03e-02	7.07e-03	2.67e-04	3.13e-07	0.00e+00
 5.85244e+22	1.72e-03	2.64e-01	6.56e-01	7.11e-02	6.03e-03	2.08e-04	2.18e-07	0.00e+00
 5.89079e+22	1.96e-03	2.83e-01	6.45e-01	6.43e-02	5.29e-03	1.70e-04	1.62e-07	0.00e+00
 5.92992e+22	2.33e-03	3.11e-01	6.26e-01	5.56e-02	4.43e-03	1.29e-04	0.00e+00	0.00e+00
 5.96905e+22	2.66e-03	3.34e-01	6.10e-01	4.96e-02	3.85e-03	1.03e-04	0.00e+00	0.00e+00
 6.00817e+22	3.19e-03	3.67e-01	5.84e-01	4.19e-02	3.16e-03	7.56e-05	0.00e+00	0.00e+00
 6.04273e+22	3.51e-03	3.85e-01	5.71e-01	3.82e-02	2.84e-03	6.38e-05	0.00e+00	0.00e+00
 6.07138e+22	4.05e-03	4.14e-01	5.46e-01	3.31e-02	2.41e-03	4.93e-05	0.00e+00	0.00e+00
 6.10015e+22	4.52e-03	4.37e-01	5.27e-01	2.95e-02	2.12e-03	4.02e-05	0.00e+00	0.00e+00
 6.12906e+22	5.21e-03	4.70e-01	4.98e-01	2.51e-02	1.78e-03	3.04e-05	0.00e+00	0.00e+00
 6.15852e+22	5.92e-03	4.98e-01	4.73e-01	2.17e-02	1.52e-03	2.37e-05	0.00e+00	0.00e+00
 6.18384e+22	6.63e-03	5.25e-01	4.48e-01	1.88e-02	1.31e-03	1.87e-05	0.00e+00	0.00e+00
 6.21191e+22	7.71e-03	5.62e-01	4.14e-01	1.55e-02	1.06e-03	1.35e-05	0.00e+00	0.00e+00
 6.24095e+22	8.83e-03	5.96e-01	3.82e-01	1.28e-02	8.72e-04	9.87e-06	0.00e+00	0.00e+00
 6.26679e+22	1.00e-02	6.28e-01	3.50e-01	1.06e-02	7.15e-04	7.24e-06	0.00e+00	0.00e+00
 6.29589e+22	1.19e-02	6.70e-01	3.10e-01	8.16e-03	5.44e-04	4.76e-06	0.00e+00	0.00e+00
 6.32655e+22	1.39e-02	7.08e-01	2.71e-01	6.24e-03	4.10e-04	3.11e-06	0.00e+00	0.00e+00
 6.35425e+22	1.62e-02	7.44e-01	2.35e-01	4.75e-03	3.07e-04	2.01e-06	0.00e+00	0.00e+00
 6.38099e+22	1.89e-02	7.77e-01	2.01e-01	3.56e-03	2.24e-04	1.27e-06	0.00e+00	0.00e+00
 6.40712e+22	2.20e-02	8.07e-01	1.68e-01	2.63e-03	1.60e-04	7.89e-07	0.00e+00	0.00e+00
 6.43194e+22	2.55e-02	8.33e-01	1.40e-01	1.95e-03	1.13e-04	4.85e-07	0.00e+00	0.00e+00
 6.44784e+22	2.75e-02	8.45e-01	1.26e-01	1.65e-03	9.39e-05	3.75e-07	0.00e+00	0.00e+00
 6.45408e+22	2.86e-02	8.50e-01	1.20e-01	1.53e-03	8.56e-05	3.31e-07	0.00e+00	0.00e+00
 6.45880e+22	2.95e-02	8.54e-01	1.15e-01	1.44e-03	7.93e-05	2.99e-07	0.00e+00	0.00e+00
 6.46440e+22	3.06e-02	8.59e-01	1.09e-01	1.33e-03	7.25e-05	2.65e-07	0.00e+00	0.00e+00
 6.47136e+22	3.20e-02	8.64e-01	1.02e-01	1.21e-03	6.42e-05	2.26e-07	0.00e+00	0.00e+00
 6.47855e+22	3.36e-02	8.70e-01	9.56e-02	1.10e-03	5.69e-05	1.93e-07	0.00e+00	0.00e+00
 6.48499e+22	3.50e-02	8.74e-01	9.00e-02	1.01e-03	5.11e-05	1.68e-07	0.00e+00	0.00e+00
 6.49103e+22	3.65e-02	8.78e-01	8.47e-02	9.29e-04	4.59e-05	1.46e-07	0.00e+00	0.00e+00
 6.49705e+22	3.81e-02	8.81e-01	7.97e-02	8.55e-04	4.12e-05	1.27e-07	0.00e+00	0.00e+00
 6.50308e+22	3.97e-02	8.85e-01	7.48e-02	7.87e-04	3.69e-05	0.00e+00	0.00e+00	0.00e+00
 6.50923e+22	4.15e-02	8.88e-01	7.00e-02	7.22e-04	3.28e-05	0.00e+00	0.00e+00	0.00e+00
 6.51525e+22	4.33e-02	8.90e-01	6.56e-02	6.65e-04	2.93e-05	0.00e+00	0.00e+00	0.00e+00
 6.52107e+22	4.52e-02	8.93e-01	6.15e-02	6.13e-04	2.62e-05	0.00e+00	0.00e+00	0.00e+00
 6.52678e+22	4.72e-02	8.95e-01	5.75e-02	5.66e-04	2.33e-05	0.00e+00	0.00e+00	0.00e+00
 6.53225e+22	4.92e-02	8.96e-01	5.40e-02	5.25e-04	2.09e-05	0.00e+00	0.00e+00	0.00e+00
 6.53774e+22	5.12e-02	8.98e-01	5.07e-02	4.87e-04	1.88e-05	0.00e+00	0.00e+00	0.00e+00
 6.54359e+22	5.37e-02	8.99e-01	4.71e-02	4.49e-04	1.66e-05	0.00e+00	0.00e+00	0.00e+00
 6.54931e+22	5.60e-02	9.00e-01	4.40e-02	4.16e-04	1.48e-05	0.00e+00	0.00e+00	0.00e+00
 6.55477e+22	5.86e-02	9.00e-01	4.10e-02	3.86e-04	1.31e-05	0.00e+00	0.00e+00	0.00e+00
 6.56012e+22	6.10e-02	9.00e-01	3.85e-02	3.60e-04	1.18e-05	0.00e+00	0.00e+00	0.00e+00
 6.56556e+22	6.39e-02	9.00e-01	3.58e-02	3.34e-04	1.04e-05	0.00e+00	0.00e+00	0.00e+00
 6.57109e+22	6.70e-02	8.99e-01	3.32e-02	3.10e-04	9.24e-06	0.00e+00	0.00e+00	0.00e+00
 6.57624e+22	6.99e-02	8.99e-01	3.11e-02	2.90e-04	8.25e-06	0.00e+00	0.00e+00	0.00e+00
 6.58129e+22	7.27e-02	8.98e-01	2.91e-02	2.72e-04	7.42e-06	0.00e+00	0.00e+00	0.00e+00
 6.58686e+22	7.64e-02	8.96e-01	2.69e-02	2.53e-04	6.53e-06	0.00e+00	0.00e+00	0.00e+00
 6.59258e+22	8.04e-02	8.95e-01	2.48e-02	2.34e-04	5.72e-06	0.00e+00	0.00e+00	0.00e+00
 6.59765e+22	8.40e-02	8.93e-01	2.31e-02	2.20e-04	5.11e-06	0.00e+00	0.00e+00	0.00e+00
 6.60249e+22	8.73e-02	8.91e-01	2.17e-02	2.08e-04	4.60e-06	0.00e+00	0.00e+00	0.00e+00
 6.60795e+22	9.19e-02	8.88e-01	2.00e-02	1.94e-04	4.04e-06	0.00e+00	0.00e+00	0.00e+00
 6.61362e+22	9.68e-02	8.85e-01	1.84e-02	1.81e-04	3.54e-06	0.00e+00	0.00e+00	0.00e+00
 6.61869e+22	1.01e-01	8.81e-01	1.71e-02	1.70e-04	3.16e-06	0.00e+00	0.00e+00	0.00e+00
 6.62358e+22	1.05e-01	8.78e-01	1.60e-02	1.61e-04	2.84e-06	0.00e+00	0.00e+00	0.00e+00
 6.62922e+22	1.11e-01	8.74e-01	1.46e-02	1.51e-04	2.48e-06	0.00e+00	0.00e+00	0.00e+00
 6.63524e+22	1.17e-01	8.69e-01	1.34e-02	1.41e-04	2.16e-06	0.00e+00	0.00e+00	0.00e+00
 6.64074e+22	1.23e-01	8.64e-01	1.23e-02	1.32e-04	1.91e-06	0.00e+00	0.00e+00	0.00e+00
 6.64588e+22	1.30e-01	8.59e-01	1.14e-02	1.25e-04	1.68e-06	0.00e+00	0.00e+00	0.00e+00
 6.65078e+22	1.35e-01	8.54e-01	1.06e-02	1.19e-04	1.52e-06	0.00e+00	0.00e+00	0.00e+00
 6.65621e+22	1.42e-01	8.48e-01	9.71e-03	1.12e-04	1.33e-06	0.00e+00	0.00e+00	0.00e+00
 6.66222e+22	1.50e-01	8.41e-01	8.85e-03	1.05e-04	1.16e-06	0.00e+00	0.00e+00	0.00e+00
 6.66798e+22	1.58e-01	8.34e-01	8.10e-03	9.89e-05	1.02e-06	0.00e+00	0.00e+00	0.00e+00
 6.67354e+22	1.66e-01	8.27e-01	7.43e-03	9.35e-05	9.00e-07	0.00e+00	0.00e+00	0.00e+00
 6.67912e+22	1.74e-01	8.19e-01	6.81e-03	8.85e-05	7.95e-07	0.00e+00	0.00e+00	0.00e+00
 6.68484e+22	1.83e-01	8.11e-01	6.23e-03	8.37e-05	7.00e-07	0.00e+00	0.00e+00	0.00e+00
 6.69081e+22	1.92e-01	8.02e-01	5.67e-03	7.91e-05	6.13e-07	0.00e+00	0.00e+00	0.00e+00
 6.69694e+22	2.02e-01	7.93e-01	5.16e-03	7.48e-05	5.38e-07	0.00e+00	0.00e+00	0.00e+00
 6.70321e+22	2.13e-01	7.82e-01	4.68e-03	7.06e-05	4.69e-07	0.00e+00	0.00e+00	0.00e+00
 6.70944e+22	2.24e-01	7.72e-01	4.25e-03	6.68e-05	4.13e-07	0.00e+00	0.00e+00	0.00e+00
 6.71586e+22	2.35e-01	7.61e-01	3.85e-03	6.32e-05	3.60e-07	0.00e+00	0.00e+00	0.00e+00
 6.72262e+22	2.48e-01	7.48e-01	3.47e-03	5.96e-05	3.13e-07	0.00e+00	0.00e+00	0.00e+00
 6.72931e+22	2.61e-01	7.36e-01	3.13e-03	5.64e-05	2.74e-07	0.00e+00	0.00e+00	0.00e+00
 6.73611e+22	2.74e-01	7.23e-01	2.83e-03	5.33e-05	2.39e-07	0.00e+00	0.00e+00	0.00e+00
 6.74268e+22	2.86e-01	7.11e-01	2.57e-03	5.07e-05	2.11e-07	0.00e+00	0.00e+00	0.00e+00
 6.74876e+22	2.98e-01	6.99e-01	2.35e-03	4.84e-05	1.88e-07	0.00e+00	0.00e+00	0.00e+00
 6.75482e+22	3.10e-01	6.88e-01	2.15e-03	4.62e-05	1.69e-07	0.00e+00	0.00e+00	0.00e+00
 6.76129e+22	3.23e-01	6.75e-01	1.96e-03	4.40e-05	1.49e-07	0.00e+00	0.00e+00	0.00e+00
 6.76808e+22	3.37e-01	6.61e-01	1.78e-03	4.18e-05	1.32e-07	0.00e+00	0.00e+00	0.00e+00
 6.77477e+22	3.51e-01	6.48e-01	1.62e-03	3.98e-05	1.18e-07	0.00e+00	0.00e+00	0.00e+00
 6.78150e+22	3.64e-01	6.35e-01	1.48e-03	3.80e-05	1.05e-07	0.00e+00	0.00e+00	0.00e+00
 6.78861e+22	3.79e-01	6.20e-01	1.34e-03	3.61e-05	0.00e+00	0.00e+00	0.00e+00	0.00e+00
 6.79592e+22	3.93e-01	6.06e-01	1.22e-03	3.43e-05	0.00e+00	0.00e+00	0.00e+00	0.00e+00
 6.80338e+22	4.08e-01	5.91e-01	1.11e-03	3.26e-05	0.00e+00	0.00e+00	0.00e+00	0.00e+00
 6.81109e+22	4.23e-01	5.76e-01	1.01e-03	3.10e-05	0.00e+00	0.00e+00	0.00e+00	0.00e+00
 6.81891e+22	4.38e-01	5.61e-01	9.15e-04	2.94e-05	0.00e+00	0.00e+00	0.00e+00	0.00e+00
 6.82697e+22	4.53e-01	5.46e-01	8.33e-04	2.80e-05	0.00e+00	0.00e+00	0.00e+00	0.00e+00
 6.83544e+22	4.68e-01	5.31e-01	7.57e-04	2.65e-05	0.00e+00	0.00e+00	0.00e+00	0.00e+00
 6.84428e+22	4.84e-01	5.15e-01	6.88e-04	2.51e-05	0.00e+00	0.00e+00	0.00e+00	0.00e+00
 6.85337e+22	5.00e-01	5.00e-01	6.27e-04	2.38e-05	0.00e+00	0.00e+00	0.00e+00	0.00e+00
 6.86278e+22	5.15e-01	4.84e-01	5.71e-04	2.25e-05	0.00e+00	0.00e+00	0.00e+00	0.00e+00
 6.87275e+22	5.31e-01	4.69e-01	5.20e-04	2.13e-05	0.00e+00	0.00e+00	0.00e+00	0.00e+00
 6.88326e+22	5.47e-01	4.53e-01	4.75e-04	2.01e-05	0.00e+00	0.00e+00	0.00e+00	0.00e+00
 6.89423e+22	5.62e-01	4.38e-01	4.34e-04	1.90e-05	0.00e+00	0.00e+00	0.00e+00	0.00e+00
 6.90584e+22	5.77e-01	4.22e-01	3.97e-04	1.79e-05	0.00e+00	0.00e+00	0.00e+00	0.00e+00
 6.91829e+22	5.93e-01	4.07e-01	3.63e-04	1.68e-05	0.00e+00	0.00e+00	0.00e+00	0.00e+00
 6.93154e+22	6.08e-01	3.91e-01	3.33e-04	1.58e-05	0.00e+00	0.00e+00	0.00e+00	0.00e+00
 6.94543e+22	6.23e-01	3.77e-01	3.06e-04	1.49e-05	0.00e+00	0.00e+00	0.00e+00	0.00e+00
 6.95998e+22	6.37e-01	3.62e-01	2.82e-04	1.40e-05	0.00e+00	0.00e+00	0.00e+00	0.00e+00
 6.97540e+22	6.51e-01	3.48e-01	2.61e-04	1.31e-05	0.00e+00	0.00e+00	0.00e+00	0.00e+00
 6.99168e+22	6.65e-01	3.35e-01	2.42e-04	1.23e-05	0.00e+00	0.00e+00	0.00e+00	0.00e+00
 7.00882e+22	6.79e-01	3.21e-01	2.24e-04	1.16e-05	0.00e+00	0.00e+00	0.00e+00	0.00e+00
 7.02683e+22	6.92e-01	3.08e-01	2.08e-04	1.09e-05	0.00e+00	0.00e+00	0.00e+00	0.00e+00
 7.04532e+22	7.05e-01	2.95e-01	1.94e-04	1.02e-05	0.00e+00	0.00e+00	0.00e+00	0.00e+00
 7.06401e+22	7.17e-01	2.83e-01	1.81e-04	9.57e-06	0.00e+00	0.00e+00	0.00e+00	0.00e+00
 7.08241e+22	7.29e-01	2.71e-01	1.70e-04	9.03e-06	0.00e+00	0.00e+00	0.00e+00	0.00e+00
 7.10048e+22	7.40e-01	2.60e-01	1.60e-04	8.52e-06	0.00e+00	0.00e+00	0.00e+00	0.00e+00
 7.11857e+22	7.50e-01	2.49e-01	1.51e-04	8.05e-06	0.00e+00	0.00e+00	0.00e+00	0.00e+00
 7.13643e+22	7.61e-01	2.39e-01	1.43e-04	7.61e-06	0.00e+00	0.00e+00	0.00e+00	0.00e+00
 7.15395e+22	7.70e-01	2.29e-01	1.35e-04	7.22e-06	0.00e+00	0.00e+00	0.00e+00	0.00e+00
 7.17144e+22	7.80e-01	2.20e-01	1.28e-04	6.83e-06	0.00e+00	0.00e+00	0.00e+00	0.00e+00
 7.18860e+22	7.90e-01	2.10e-01	1.22e-04	6.49e-06	0.00e+00	0.00e+00	0.00e+00	0.00e+00
 7.20503e+22	7.98e-01	2.01e-01	1.17e-04	6.17e-06	0.00e+00	0.00e+00	0.00e+00	0.00e+00
 7.22105e+22	8.07e-01	1.93e-01	1.12e-04	5.88e-06	0.00e+00	0.00e+00	0.00e+00	0.00e+00
 7.23678e+22	8.15e-01	1.85e-01	1.07e-04	5.60e-06	0.00e+00	0.00e+00	0.00e+00	0.00e+00
 7.25220e+22	8.23e-01	1.77e-01	1.03e-04	5.34e-06	0.00e+00	0.00e+00	0.00e+00	0.00e+00
 7.26720e+22	8.31e-01	1.69e-01	9.89e-05	5.10e-06	0.00e+00	0.00e+00	0.00e+00	0.00e+00
 7.28174e+22	8.38e-01	1.62e-01	9.53e-05	4.88e-06	0.00e+00	0.00e+00	0.00e+00	0.00e+00
 7.29595e+22	8.45e-01	1.55e-01	9.20e-05	4.67e-06	0.00e+00	0.00e+00	0.00e+00	0.00e+00
 7.31006e+22	8.52e-01	1.48e-01	8.88e-05	4.47e-06	0.00e+00	0.00e+00	0.00e+00	0.00e+00
 7.32406e+22	8.59e-01	1.41e-01	8.59e-05	4.28e-06	0.00e+00	0.00e+00	0.00e+00	0.00e+00
 7.33778e+22	8.66e-01	1.34e-01	8.31e-05	4.10e-06	0.00e+00	0.00e+00	0.00e+00	0.00e+00
 7.35095e+22	8.72e-01	1.28e-01	8.07e-05	3.93e-06	0.00e+00	0.00e+00	0.00e+00	0.00e+00
 7.36359e+22	8.77e-01	1.23e-01	7.84e-05	3.78e-06	0.00e+00	0.00e+00	0.00e+00	0.00e+00
 7.37585e+22	8.83e-01	1.17e-01	7.63e-05	3.64e-06	0.00e+00	0.00e+00	0.00e+00	0.00e+00
 7.38744e+22	8.88e-01	1.12e-01	7.44e-05	3.51e-06	0.00e+00	0.00e+00	0.00e+00	0.00e+00
 7.39831e+22	8.92e-01	1.08e-01	7.27e-05	3.40e-06	0.00e+00	0.00e+00	0.00e+00	0.00e+00
 7.40866e+22	8.97e-01	1.03e-01	7.11e-05	3.30e-06	0.00e+00	0.00e+00	0.00e+00	0.00e+00
 7.41673e+22	8.99e-01	1.01e-01	7.01e-05	3.24e-06	0.00e+00	0.00e+00	0.00e+00	0.00e+00
 7.42158e+22	9.01e-01	9.92e-02	6.96e-05	3.21e-06	0.00e+00	0.00e+00	0.00e+00	0.00e+00
 7.42488e+22	9.02e-01	9.83e-02	6.92e-05	3.19e-06	0.00e+00	0.00e+00	0.00e+00	0.00e+00
 7.42806e+22	9.03e-01	9.68e-02	6.88e-05	3.17e-06	0.00e+00	0.00e+00	0.00e+00	0.00e+00
 7.43166e+22	9.05e-01	9.53e-02	6.82e-05	3.13e-06	0.00e+00	0.00e+00	0.00e+00	0.00e+00
 7.43535e+22	9.06e-01	9.39e-02	6.77e-05	3.10e-06	0.00e+00	0.00e+00	0.00e+00	0.00e+00
 7.43890e+22	9.07e-01	9.25e-02	6.72e-05	3.06e-06	0.00e+00	0.00e+00	0.00e+00	0.00e+00
 7.44235e+22	9.09e-01	9.12e-02	6.67e-05	3.03e-06	0.00e+00	0.00e+00	0.00e+00	0.00e+00
 7.44580e+22	9.10e-01	8.98e-02	6.63e-05	3.00e-06	0.00e+00	0.00e+00	0.00e+00	0.00e+00
 7.44935e+22	9.11e-01	8.85e-02	6.58e-05	2.97e-06	0.00e+00	0.00e+00	0.00e+00	0.00e+00
 7.45295e+22	9.13e-01	8.71e-02	6.53e-05	2.94e-06	0.00e+00	0.00e+00	0.00e+00	0.00e+00
 7.45650e+22	9.14e-01	8.58e-02	6.49e-05	2.91e-06	0.00e+00	0.00e+00	0.00e+00	0.00e+00
 7.45998e+22	9.15e-01	8.45e-02	6.44e-05	2.88e-06	0.00e+00	0.00e+00	0.00e+00	0.00e+00
 7.46351e+22	9.17e-01	8.32e-02	6.39e-05	2.85e-06	0.00e+00	0.00e+00	0.00e+00	0.00e+00
 7.46728e+22	9.18e-01	8.19e-02	6.35e-05	2.82e-06	0.00e+00	0.00e+00	0.00e+00	0.00e+00
 7.47123e+22	9.20e-01	8.04e-02	6.30e-05	2.79e-06	0.00e+00	0.00e+00	0.00e+00	0.00e+00
 7.47509e+22	9.21e-01	7.92e-02	6.25e-05	2.76e-06	0.00e+00	0.00e+00	0.00e+00	0.00e+00
 7.47889e+22	9.22e-01	7.80e-02	6.20e-05	2.73e-06	0.00e+00	0.00e+00	0.00e+00	0.00e+00
 7.48282e+22	9.23e-01	7.66e-02	6.16e-05	2.71e-06	0.00e+00	0.00e+00	0.00e+00	0.00e+00
 7.48672e+22	9.24e-01	7.54e-02	6.11e-05	2.68e-06	0.00e+00	0.00e+00	0.00e+00	0.00e+00
 7.49064e+22	9.26e-01	7.41e-02	6.07e-05	2.65e-06	0.00e+00	0.00e+00	0.00e+00	0.00e+00
 7.49460e+22	9.27e-01	7.30e-02	6.02e-05	2.63e-06	0.00e+00	0.00e+00	0.00e+00	0.00e+00
 7.49863e+22	9.28e-01	7.17e-02	5.98e-05	2.61e-06	0.00e+00	0.00e+00	0.00e+00	0.00e+00
 7.50273e+22	9.29e-01	7.06e-02	5.93e-05	2.58e-06	0.00e+00	0.00e+00	0.00e+00	0.00e+00
 7.50689e+22	9.31e-01	6.93e-02	5.89e-05	2.56e-06	0.00e+00	0.00e+00	0.00e+00	0.00e+00
 7.51115e+22	9.32e-01	6.82e-02	5.84e-05	2.53e-06	0.00e+00	0.00e+00	0.00e+00	0.00e+00
 7.51520e+22	9.33e-01	6.71e-02	5.80e-05	2.52e-06	0.00e+00	0.00e+00	0.00e+00	0.00e+00
 7.51915e+22	9.34e-01	6.60e-02	5.76e-05	2.51e-06	0.00e+00	0.00e+00	0.00e+00	0.00e+00
 7.52302e+22	9.35e-01	6.52e-02	5.72e-05	2.48e-06	0.00e+00	0.00e+00	0.00e+00	0.00e+00
 7.52710e+22	9.36e-01	6.41e-02	5.68e-05	2.47e-06	0.00e+00	0.00e+00	0.00e+00	0.00e+00
 7.53137e+22	9.37e-01	6.32e-02	5.64e-05	2.45e-06	0.00e+00	0.00e+00	0.00e+00	0.00e+00
 7.53526e+22	9.38e-01	6.23e-02	5.60e-05	2.44e-06	0.00e+00	0.00e+00	0.00e+00	0.00e+00
 7.53880e+22	9.38e-01	6.17e-02	5.57e-05	2.43e-06	0.00e+00	0.00e+00	0.00e+00	0.00e+00
 7.54268e+22	9.39e-01	6.08e-02	5.53e-05	2.42e-06	0.00e+00	0.00e+00	0.00e+00	0.00e+00
 7.54686e+22	9.40e-01	5.99e-02	5.49e-05	2.41e-06	0.00e+00	0.00e+00	0.00e+00	0.00e+00
 7.55067e+22	9.41e-01	5.93e-02	5.46e-05	2.40e-06	0.00e+00	0.00e+00	0.00e+00	0.00e+00
 7.55485e+22	9.42e-01	5.84e-02	5.42e-05	2.38e-06	0.00e+00	0.00e+00	0.00e+00	0.00e+00
 7.55935e+22	9.42e-01	5.76e-02	5.38e-05	2.37e-06	0.00e+00	0.00e+00	0.00e+00	0.00e+00
 7.56345e+22	9.43e-01	5.69e-02	5.34e-05	2.37e-06	0.00e+00	0.00e+00	0.00e+00	0.00e+00
 7.56719e+22	9.44e-01	5.63e-02	5.31e-05	2.36e-06	0.00e+00	0.00e+00	0.00e+00	0.00e+00
 7.57128e+22	9.44e-01	5.56e-02	5.27e-05	2.35e-06	0.00e+00	0.00e+00	0.00e+00	0.00e+00
 7.57569e+22	9.45e-01	5.49e-02	5.24e-05	2.35e-06	0.00e+00	0.00e+00	0.00e+00	0.00e+00
 7.57971e+22	9.46e-01	5.43e-02	5.21e-05	2.35e-06	0.00e+00	0.00e+00	0.00e+00	0.00e+00
 7.58336e+22	9.46e-01	5.39e-02	5.18e-05	2.34e-06	0.00e+00	0.00e+00	0.00e+00	0.00e+00
 7.58737e+22	9.47e-01	5.32e-02	5.14e-05	2.34e-06	0.00e+00	0.00e+00	0.00e+00	0.00e+00
 7.59170e+22	9.47e-01	5.26e-02	5.11e-05	2.33e-06	0.00e+00	0.00e+00	0.00e+00	0.00e+00
 7.59563e+22	9.48e-01	5.22e-02	5.08e-05	2.34e-06	0.00e+00	0.00e+00	0.00e+00	0.00e+00
 7.59921e+22	9.48e-01	5.18e-02	5.05e-05	2.34e-06	0.00e+00	0.00e+00	0.00e+00	0.00e+00
 7.60314e+22	9.49e-01	5.13e-02	5.02e-05	2.33e-06	0.00e+00	0.00e+00	0.00e+00	0.00e+00
 7.60824e+22	9.49e-01	5.05e-02	4.97e-05	2.31e-06	0.00e+00	0.00e+00	0.00e+00	0.00e+00
 7.61375e+22	9.50e-01	4.99e-02	4.93e-05	2.30e-06	0.00e+00	0.00e+00	0.00e+00	0.00e+00
 7.61876e+22	9.51e-01	4.94e-02	4.89e-05	2.30e-06	0.00e+00	0.00e+00	0.00e+00	0.00e+00
 7.62332e+22	9.51e-01	4.90e-02	4.86e-05	2.31e-06	0.00e+00	0.00e+00	0.00e+00	0.00e+00
 7.62747e+22	9.51e-01	4.87e-02	4.83e-05	2.30e-06	0.00e+00	0.00e+00	0.00e+00	0.00e+00
 7.63202e+22	9.52e-01	4.81e-02	4.79e-05	2.29e-06	0.00e+00	0.00e+00	0.00e+00	0.00e+00
 7.63693e+22	9.52e-01	4.77e-02	4.76e-05	2.29e-06	0.00e+00	0.00e+00	0.00e+00	0.00e+00
 7.64140e+22	9.53e-01	4.73e-02	4.73e-05	2.28e-06	0.00e+00	0.00e+00	0.00e+00	0.00e+00
 7.64630e+22	9.53e-01	4.68e-02	4.69e-05	2.28e-06	0.00e+00	0.00e+00	0.00e+00	0.00e+00
 7.65158e+22	9.54e-01	4.64e-02	4.65e-05	2.28e-06	0.00e+00	0.00e+00	0.00e+00	0.00e+00
 7.65639e+22	9.54e-01	4.61e-02	4.62e-05	2.28e-06	0.00e+00	0.00e+00	0.00e+00	0.00e+00
 7.66077e+22	9.54e-01	4.58e-02	4.59e-05	2.27e-06	0.00e+00	0.00e+00	0.00e+00	0.00e+00
 7.66557e+22	9.55e-01	4.53e-02	4.55e-05	2.27e-06	0.00e+00	0.00e+00	0.00e+00	0.00e+00
 7.67075e+22	9.55e-01	4.50e-02	4.53e-05	2.27e-06	0.00e+00	0.00e+00	0.00e+00	0.00e+00
 7.67546e+22	9.55e-01	4.48e-02	4.51e-05	2.29e-06	0.00e+00	0.00e+00	0.00e+00	0.00e+00
 7.67975e+22	9.55e-01	4.45e-02	4.49e-05	2.28e-06	0.00e+00	0.00e+00	0.00e+00	0.00e+00
 7.68445e+22	9.56e-01	4.41e-02	4.47e-05	2.28e-06	0.00e+00	0.00e+00	0.00e+00	0.00e+00
 7.68952e+22	9.56e-01	4.38e-02	4.45e-05	2.28e-06	0.00e+00	0.00e+00	0.00e+00	0.00e+00
 7.69413e+22	9.56e-01	4.36e-02	4.44e-05	2.30e-06	0.00e+00	0.00e+00	0.00e+00	0.00e+00
 7.69834e+22	9.57e-01	4.34e-02	4.41e-05	2.29e-06	0.00e+00	0.00e+00	0.00e+00	0.00e+00
 7.70294e+22	9.57e-01	4.30e-02	4.39e-05	2.30e-06	0.00e+00	0.00e+00	0.00e+00	0.00e+00
 7.70791e+22	9.57e-01	4.28e-02	4.37e-05	2.30e-06	0.00e+00	0.00e+00	0.00e+00	0.00e+00
 7.71243e+22	9.57e-01	4.26e-02	4.36e-05	2.31e-06	0.00e+00	0.00e+00	0.00e+00	0.00e+00
 7.71655e+22	9.58e-01	4.24e-02	4.34e-05	2.31e-06	0.00e+00	0.00e+00	0.00e+00	0.00e+00
 7.72106e+22	9.58e-01	4.21e-02	4.32e-05	2.31e-06	0.00e+00	0.00e+00	0.00e+00	0.00e+00
 7.72593e+22	9.58e-01	4.19e-02	4.30e-05	2.32e-06	0.00e+00	0.00e+00	0.00e+00	0.00e+00
 7.73036e+22	9.58e-01	4.18e-02	4.29e-05	2.33e-06	0.00e+00	0.00e+00	0.00e+00	0.00e+00
 7.73439e+22	9.58e-01	4.16e-02	4.27e-05	2.33e-06	0.00e+00	0.00e+00	0.00e+00	0.00e+00
 7.73881e+22	9.59e-01	4.13e-02	4.25e-05	2.33e-06	0.00e+00	0.00e+00	0.00e+00	0.00e+00
 7.74358e+22	9.59e-01	4.11e-02	4.23e-05	2.34e-06	0.00e+00	0.00e+00	0.00e+00	0.00e+00
 7.74792e+22	9.59e-01	4.10e-02	4.22e-05	2.35e-06	0.00e+00	0.00e+00	0.00e+00	0.00e+00
 7.75187e+22	9.59e-01	4.09e-02	4.20e-05	2.35e-06	0.00e+00	0.00e+00	0.00e+00	0.00e+00
 7.75619e+22	9.59e-01	4.06e-02	4.18e-05	2.35e-06	0.00e+00	0.00e+00	0.00e+00	0.00e+00
 7.76087e+22	9.60e-01	4.04e-02	4.16e-05	2.35e-06	0.00e+00	0.00e+00	0.00e+00	0.00e+00
 7.76599e+22	9.60e-01	4.00e-02	4.14e-05	2.34e-06	0.00e+00	0.00e+00	0.00e+00	0.00e+00
 7.77151e+22	9.60e-01	3.98e-02	4.11e-05	2.34e-06	0.00e+00	0.00e+00	0.00e+00	0.00e+00
 7.77654e+22	9.60e-01	3.96e-02	4.09e-05	2.35e-06	0.00e+00	0.00e+00	0.00e+00	0.00e+00
 7.78112e+22	9.61e-01	3.94e-02	4.07e-05	2.34e-06	0.00e+00	0.00e+00	0.00e+00	0.00e+00
 7.78614e+22	9.61e-01	3.91e-02	4.05e-05	2.33e-06	0.00e+00	0.00e+00	0.00e+00	0.00e+00
 7.79155e+22	9.61e-01	3.89e-02	4.03e-05	2.33e-06	0.00e+00	0.00e+00	0.00e+00	0.00e+00
 7.79648e+22	9.61e-01	3.87e-02	4.01e-05	2.32e-06	0.00e+00	0.00e+00	0.00e+00	0.00e+00
 7.80188e+22	9.62e-01	3.84e-02	3.98e-05	2.32e-06	0.00e+00	0.00e+00	0.00e+00	0.00e+00
 7.80771e+22	9.62e-01	3.81e-02	3.96e-05	2.32e-06	0.00e+00	0.00e+00	0.00e+00	0.00e+00
 7.81301e+22	9.62e-01	3.79e-02	3.94e-05	2.31e-06	0.00e+00	0.00e+00	0.00e+00	0.00e+00
 7.81883e+22	9.62e-01	3.76e-02	3.91e-05	2.31e-06	0.00e+00	0.00e+00	0.00e+00	0.00e+00
 7.82510e+22	9.63e-01	3.73e-02	3.89e-05	2.31e-06	0.00e+00	0.00e+00	0.00e+00	0.00e+00
 7.83081e+22	9.63e-01	3.71e-02	3.86e-05	2.30e-06	0.00e+00	0.00e+00	0.00e+00	0.00e+00
 7.83707e+22	9.63e-01	3.67e-02	3.84e-05	2.30e-06	0.00e+00	0.00e+00	0.00e+00	0.00e+00
 7.84383e+22	9.63e-01	3.65e-02	3.81e-05	2.29e-06	0.00e+00	0.00e+00	0.00e+00	0.00e+00
 7.84997e+22	9.64e-01	3.62e-02	3.79e-05	2.28e-06	0.00e+00	0.00e+00	0.00e+00	0.00e+00
 7.85557e+22	9.64e-01	3.61e-02	3.77e-05	2.28e-06	0.00e+00	0.00e+00	0.00e+00	0.00e+00
 7.86170e+22	9.64e-01	3.56e-02	3.74e-05	2.27e-06	0.00e+00	0.00e+00	0.00e+00	0.00e+00
 7.86832e+22	9.65e-01	3.54e-02	3.71e-05	2.26e-06	0.00e+00	0.00e+00	0.00e+00	0.00e+00
 7.87434e+22	9.65e-01	3.52e-02	3.69e-05	2.25e-06	0.00e+00	0.00e+00	0.00e+00	0.00e+00
 7.88094e+22	9.65e-01	3.48e-02	3.66e-05	2.24e-06	0.00e+00	0.00e+00	0.00e+00	0.00e+00
 7.88806e+22	9.65e-01	3.45e-02	3.63e-05	2.23e-06	0.00e+00	0.00e+00	0.00e+00	0.00e+00
 7.89455e+22	9.66e-01	3.43e-02	3.61e-05	2.22e-06	0.00e+00	0.00e+00	0.00e+00	0.00e+00
 7.90045e+22	9.66e-01	3.41e-02	3.59e-05	2.21e-06	0.00e+00	0.00e+00	0.00e+00	0.00e+00
 7.90691e+22	9.66e-01	3.36e-02	3.56e-05	2.20e-06	0.00e+00	0.00e+00	0.00e+00	0.00e+00
 7.91389e+22	9.67e-01	3.34e-02	3.53e-05	2.19e-06	0.00e+00	0.00e+00	0.00e+00	0.00e+00
 7.92024e+22	9.67e-01	3.32e-02	3.51e-05	2.18e-06	0.00e+00	0.00e+00	0.00e+00	0.00e+00
 7.92720e+22	9.67e-01	3.27e-02	3.48e-05	2.16e-06	0.00e+00	0.00e+00	0.00e+00	0.00e+00
 7.93472e+22	9.67e-01	3.25e-02	3.45e-05	2.15e-06	0.00e+00	0.00e+00	0.00e+00	0.00e+00
 7.94155e+22	9.68e-01	3.22e-02	3.42e-05	2.13e-06	0.00e+00	0.00e+00	0.00e+00	0.00e+00
 7.94905e+22	9.68e-01	3.17e-02	3.39e-05	2.11e-06	0.00e+00	0.00e+00	0.00e+00	0.00e+00
 7.95714e+22	9.69e-01	3.15e-02	3.36e-05	2.09e-06	0.00e+00	0.00e+00	0.00e+00	0.00e+00
 7.96450e+22	9.69e-01	3.12e-02	3.33e-05	2.08e-06	0.00e+00	0.00e+00	0.00e+00	0.00e+00
 7.97256e+22	9.69e-01	3.07e-02	3.30e-05	2.05e-06	0.00e+00	0.00e+00	0.00e+00	0.00e+00
 7.98127e+22	9.70e-01	3.04e-02	3.27e-05	2.03e-06	0.00e+00	0.00e+00	0.00e+00	0.00e+00
 7.98919e+22	9.70e-01	3.01e-02	3.24e-05	2.02e-06	0.00e+00	0.00e+00	0.00e+00	0.00e+00
 7.99641e+22	9.70e-01	2.99e-02	3.21e-05	2.00e-06	0.00e+00	0.00e+00	0.00e+00	0.00e+00
 8.00431e+22	9.71e-01	2.94e-02	3.18e-05	1.97e-06	0.00e+00	0.00e+00	0.00e+00	0.00e+00
 8.01284e+22	9.71e-01	2.91e-02	3.15e-05	1.95e-06	0.00e+00	0.00e+00	0.00e+00	0.00e+00
 8.02060e+22	9.71e-01	2.88e-02	3.12e-05	1.93e-06	0.00e+00	0.00e+00	0.00e+00	0.00e+00
 8.02911e+22	9.72e-01	2.83e-02	3.08e-05	1.90e-06	0.00e+00	0.00e+00	0.00e+00	0.00e+00
 8.03829e+22	9.72e-01	2.80e-02	3.05e-05	1.88e-06	0.00e+00	0.00e+00	0.00e+00	0.00e+00
 8.04665e+22	9.72e-01	2.77e-02	3.02e-05	1.86e-06	0.00e+00	0.00e+00	0.00e+00	0.00e+00
