#depth	Ar	Ar+	Ar+2	Ar+3	Ar+4	Ar+5	Ar+6	Ar+7	Ar+8	Ar+9	Ar+10	Ar+11	Ar+12	Ar+13	Ar+14	Ar+15	Ar+16	Ar+17	Ar+18
 4.62852e+21	1.73e-33	1.50e-27	1.10e-22	1.04e-19	5.02e-17	9.22e-15	1.03e-12	1.38e-10	4.90e-08	2.48e-06	5.95e-05	6.60e-04	5.07e-03	1.88e-02	4.30e-02	1.05e-01	4.78e-01	2.91e-01	5.81e-02
 1.02309e+22	1.58e-30	1.09e-24	6.32e-20	3.35e-17	8.36e-15	7.55e-13	4.03e-11	2.71e-09	1.05e-06	4.79e-05	8.91e-04	6.80e-03	3.61e-02	8.27e-02	1.08e-01	1.52e-01	4.35e-01	1.59e-01	1.92e-02
 1.16863e+22	8.59e-29	5.10e-23	2.55e-18	8.78e-16	1.38e-13	7.67e-12	2.48e-10	1.07e-08	5.06e-06	2.27e-04	3.66e-03	2.21e-02	9.30e-02	1.58e-01	1.49e-01	1.49e-01	3.29e-01	8.82e-02	7.89e-03
 1.24086e+22	7.60e-28	4.13e-22	1.88e-17	4.96e-15	5.93e-13	2.49e-11	6.07e-10	2.04e-08	1.08e-05	4.82e-04	7.16e-03	3.80e-02	1.41e-01	2.03e-01	1.60e-01	1.34e-01	2.55e-01	5.76e-02	4.35e-03
 1.27095e+22	1.31e-27	6.96e-22	3.08e-17	7.60e-15	8.48e-13	3.33e-11	7.56e-10	2.40e-08	1.29e-05	5.74e-04	8.36e-03	4.30e-02	1.54e-01	2.13e-01	1.61e-01	1.29e-01	2.37e-01	5.12e-02	3.70e-03
 1.28065e+22	1.82e-27	9.53e-22	4.15e-17	9.83e-15	1.05e-12	3.96e-11	8.62e-10	2.64e-08	1.43e-05	6.37e-04	9.15e-03	4.61e-02	1.62e-01	2.19e-01	1.61e-01	1.25e-01	2.26e-01	4.75e-02	3.35e-03
 1.28894e+22	2.75e-27	1.42e-21	6.04e-17	1.36e-14	1.38e-12	4.93e-11	1.02e-09	2.98e-08	1.63e-05	7.24e-04	1.02e-02	5.03e-02	1.72e-01	2.26e-01	1.61e-01	1.21e-01	2.13e-01	4.32e-02	2.95e-03
 1.29753e+22	3.95e-27	2.00e-21	8.37e-17	1.80e-14	1.75e-12	5.96e-11	1.18e-09	3.30e-08	1.82e-05	8.06e-04	1.12e-02	5.42e-02	1.81e-01	2.32e-01	1.60e-01	1.17e-01	2.01e-01	3.97e-02	2.63e-03
 1.30590e+22	5.82e-27	2.89e-21	1.19e-16	2.43e-14	2.25e-12	7.31e-11	1.37e-09	3.70e-08	2.04e-05	9.04e-04	1.24e-02	5.85e-02	1.91e-01	2.38e-01	1.59e-01	1.13e-01	1.89e-01	3.61e-02	2.32e-03
 1.31445e+22	8.37e-27	4.09e-21	1.65e-16	3.21e-14	2.84e-12	8.85e-11	1.59e-09	4.12e-08	2.28e-05	1.00e-03	1.36e-02	6.26e-02	2.00e-01	2.43e-01	1.58e-01	1.09e-01	1.78e-01	3.30e-02	2.06e-03
 1.32323e+22	1.25e-26	5.98e-21	2.36e-16	4.37e-14	3.68e-12	1.09e-10	1.87e-09	4.65e-08	2.56e-05	1.12e-03	1.49e-02	6.74e-02	2.10e-01	2.48e-01	1.56e-01	1.04e-01	1.66e-01	2.98e-02	1.80e-03
 1.33192e+22	1.75e-26	8.27e-21	3.20e-16	5.68e-14	4.60e-12	1.31e-10	2.15e-09	5.16e-08	2.82e-05	1.23e-03	1.62e-02	7.16e-02	2.19e-01	2.52e-01	1.54e-01	1.00e-01	1.56e-01	2.73e-02	1.60e-03
 1.34083e+22	2.63e-26	1.22e-20	4.60e-16	7.76e-14	5.98e-12	1.62e-10	2.54e-09	5.84e-08	3.16e-05	1.38e-03	1.78e-02	7.68e-02	2.29e-01	2.56e-01	1.52e-01	9.59e-02	1.45e-01	2.45e-02	1.39e-03
 1.35000e+22	3.74e-26	1.70e-20	6.30e-16	1.02e-13	7.51e-12	1.96e-10	2.94e-09	6.52e-08	3.49e-05	1.51e-03	1.92e-02	8.15e-02	2.38e-01	2.59e-01	1.50e-01	9.19e-02	1.36e-01	2.23e-02	1.23e-03
 1.35933e+22	5.57e-26	2.48e-20	9.00e-16	1.38e-13	9.74e-12	2.42e-10	3.48e-09	7.40e-08	3.90e-05	1.68e-03	2.10e-02	8.69e-02	2.48e-01	2.62e-01	1.47e-01	8.74e-02	1.26e-01	2.00e-02	1.07e-03
 1.36881e+22	7.89e-26	3.45e-20	1.23e-15	1.80e-13	1.22e-11	2.92e-10	4.03e-09	8.28e-08	4.30e-05	1.84e-03	2.26e-02	9.18e-02	2.56e-01	2.64e-01	1.44e-01	8.35e-02	1.18e-01	1.81e-02	9.40e-04
 1.37858e+22	1.18e-25	5.05e-20	1.75e-15	2.45e-13	1.58e-11	3.63e-10	4.79e-09	9.44e-08	4.80e-05	2.04e-03	2.46e-02	9.76e-02	2.65e-01	2.65e-01	1.40e-01	7.91e-02	1.09e-01	1.62e-02	8.10e-04
 1.38862e+22	1.67e-25	7.03e-20	2.39e-15	3.20e-13	1.99e-11	4.39e-10	5.57e-09	1.06e-07	5.29e-05	2.23e-03	2.64e-02	1.03e-01	2.73e-01	2.67e-01	1.37e-01	7.54e-02	1.01e-01	1.46e-02	7.10e-04
 1.39905e+22	2.51e-25	1.04e-19	3.43e-15	4.37e-13	2.60e-11	5.48e-10	6.66e-09	1.22e-07	5.91e-05	2.47e-03	2.87e-02	1.09e-01	2.82e-01	2.67e-01	1.33e-01	7.10e-02	9.28e-02	1.29e-02	6.07e-04
 1.40977e+22	3.57e-25	1.44e-19	4.67e-15	5.71e-13	3.27e-11	6.65e-10	7.77e-09	1.37e-07	6.51e-05	2.69e-03	3.07e-02	1.14e-01	2.89e-01	2.67e-01	1.30e-01	6.74e-02	8.60e-02	1.16e-02	5.29e-04
 1.42090e+22	5.39e-25	2.13e-19	6.71e-15	7.81e-13	4.27e-11	8.34e-10	9.33e-09	1.58e-07	7.30e-05	2.98e-03	3.33e-02	1.21e-01	2.98e-01	2.67e-01	1.25e-01	6.33e-02	7.85e-02	1.02e-02	4.50e-04
 1.43233e+22	7.63e-25	2.95e-19	9.10e-15	1.02e-12	5.37e-11	1.01e-09	1.09e-08	1.79e-07	8.04e-05	3.25e-03	3.56e-02	1.27e-01	3.05e-01	2.66e-01	1.22e-01	5.99e-02	7.26e-02	9.15e-03	3.91e-04
 1.44444e+22	1.17e-24	4.43e-19	1.33e-14	1.41e-12	7.12e-11	1.28e-09	1.33e-08	2.09e-07	9.06e-05	3.60e-03	3.86e-02	1.34e-01	3.13e-01	2.64e-01	1.17e-01	5.58e-02	6.57e-02	7.97e-03	3.28e-04
 1.45665e+22	1.64e-24	6.07e-19	1.78e-14	1.82e-12	8.87e-11	1.55e-09	1.55e-08	2.36e-07	9.96e-05	3.91e-03	4.10e-02	1.40e-01	3.19e-01	2.63e-01	1.13e-01	5.27e-02	6.07e-02	7.14e-03	2.85e-04
 1.46912e+22	2.50e-24	9.05e-19	2.57e-14	2.51e-12	1.17e-10	1.97e-09	1.88e-08	2.76e-07	1.12e-04	4.33e-03	4.43e-02	1.47e-01	3.26e-01	2.60e-01	1.08e-01	4.89e-02	5.47e-02	6.20e-03	2.38e-04
 1.48188e+22	3.50e-24	1.24e-18	3.44e-14	3.23e-12	1.46e-10	2.38e-09	2.20e-08	3.13e-07	1.24e-04	4.69e-03	4.71e-02	1.53e-01	3.31e-01	2.57e-01	1.04e-01	4.61e-02	5.03e-02	5.53e-03	2.06e-04
 1.49292e+22	4.76e-24	1.65e-18	4.49e-14	4.08e-12	1.79e-10	2.83e-09	2.54e-08	3.51e-07	1.35e-04	5.05e-03	4.97e-02	1.58e-01	3.36e-01	2.55e-01	1.01e-01	4.36e-02	4.66e-02	4.97e-03	1.80e-04
 1.50518e+22	7.01e-24	2.38e-18	6.29e-14	5.47e-12	2.31e-10	3.52e-09	3.05e-08	4.06e-07	1.51e-04	5.54e-03	5.33e-02	1.65e-01	3.41e-01	2.51e-01	9.64e-02	4.05e-02	4.22e-02	4.34e-03	1.52e-04
 1.51760e+22	9.48e-24	3.15e-18	8.17e-14	6.87e-12	2.83e-10	4.18e-09	3.52e-08	4.55e-07	1.64e-04	5.95e-03	5.61e-02	1.71e-01	3.45e-01	2.48e-01	9.29e-02	3.82e-02	3.89e-02	3.90e-03	1.33e-04
 1.53023e+22	1.39e-23	4.53e-18	1.14e-13	9.19e-12	3.65e-10	5.22e-09	4.22e-08	5.28e-07	1.84e-04	6.51e-03	5.99e-02	1.78e-01	3.49e-01	2.43e-01	8.85e-02	3.54e-02	3.51e-02	3.39e-03	1.11e-04
 1.54305e+22	1.88e-23	5.98e-18	1.47e-13	1.15e-11	4.44e-10	6.19e-09	4.87e-08	5.93e-07	2.01e-04	6.99e-03	6.30e-02	1.84e-01	3.53e-01	2.40e-01	8.50e-02	3.34e-02	3.24e-02	3.04e-03	9.69e-05
 1.55615e+22	2.76e-23	8.58e-18	2.05e-13	1.54e-11	5.74e-10	7.72e-09	5.86e-08	6.89e-07	2.25e-04	7.65e-03	6.72e-02	1.91e-01	3.56e-01	2.35e-01	8.07e-02	3.08e-02	2.91e-02	2.63e-03	8.09e-05
 1.56899e+22	3.63e-23	1.11e-17	2.59e-13	1.89e-11	6.88e-10	9.04e-09	6.69e-08	7.67e-07	2.44e-04	8.16e-03	7.03e-02	1.96e-01	3.58e-01	2.31e-01	7.76e-02	2.91e-02	2.69e-02	2.37e-03	7.11e-05
 1.58152e+22	5.21e-23	1.55e-17	3.53e-13	2.48e-11	8.74e-10	1.11e-08	7.97e-08	8.84e-07	2.71e-04	8.87e-03	7.46e-02	2.03e-01	3.61e-01	2.26e-01	7.36e-02	2.69e-02	2.43e-02	2.06e-03	5.97e-05
 1.59420e+22	6.77e-23	1.98e-17	4.42e-13	3.02e-11	1.04e-09	1.30e-08	9.07e-08	9.83e-07	2.94e-04	9.44e-03	7.79e-02	2.08e-01	3.63e-01	2.21e-01	7.07e-02	2.54e-02	2.25e-02	1.86e-03	5.26e-05
 1.60710e+22	9.52e-23	2.72e-17	5.91e-13	3.90e-11	1.31e-09	1.58e-08	1.07e-07	1.13e-06	3.26e-04	1.02e-02	8.23e-02	2.14e-01	3.64e-01	2.16e-01	6.71e-02	2.35e-02	2.03e-02	1.63e-03	4.45e-05
 1.62050e+22	1.28e-22	3.58e-17	7.60e-13	4.87e-11	1.59e-09	1.88e-08	1.24e-07	1.27e-06	3.56e-04	1.09e-02	8.62e-02	2.20e-01	3.65e-01	2.11e-01	6.40e-02	2.20e-02	1.86e-02	1.45e-03	3.84e-05
 1.63264e+22	1.69e-22	4.64e-17	9.64e-13	6.01e-11	1.92e-09	2.21e-08	1.42e-07	1.42e-06	3.88e-04	1.17e-02	9.00e-02	2.25e-01	3.66e-01	2.07e-01	6.11e-02	2.06e-02	1.71e-02	1.29e-03	3.34e-05
 1.64653e+22	2.44e-22	6.51e-17	1.31e-12	7.89e-11	2.44e-09	2.74e-08	1.70e-07	1.65e-06	4.33e-04	1.27e-02	9.52e-02	2.32e-01	3.66e-01	2.00e-01	5.75e-02	1.89e-02	1.53e-02	1.11e-03	2.77e-05
 1.66056e+22	3.19e-22	8.37e-17	1.65e-12	9.67e-11	2.93e-09	3.21e-08	1.95e-07	1.84e-06	4.71e-04	1.35e-02	9.93e-02	2.37e-01	3.66e-01	1.95e-01	5.48e-02	1.77e-02	1.40e-02	9.95e-04	2.41e-05
 1.67277e+22	4.16e-22	1.07e-16	2.07e-12	1.18e-10	3.50e-09	3.75e-08	2.22e-07	2.05e-06	5.11e-04	1.44e-02	1.03e-01	2.42e-01	3.66e-01	1.91e-01	5.23e-02	1.66e-02	1.29e-02	8.90e-04	2.10e-05
 1.68662e+22	5.87e-22	1.47e-16	2.76e-12	1.53e-10	4.40e-09	4.59e-08	2.64e-07	2.36e-06	5.68e-04	1.56e-02	1.09e-01	2.49e-01	3.65e-01	1.84e-01	4.91e-02	1.52e-02	1.15e-02	7.69e-04	1.75e-05
 1.70041e+22	7.48e-22	1.84e-16	3.39e-12	1.83e-10	5.19e-09	5.31e-08	2.99e-07	2.62e-06	6.13e-04	1.65e-02	1.13e-01	2.53e-01	3.64e-01	1.80e-01	4.69e-02	1.43e-02	1.06e-02	6.93e-04	1.54e-05
 1.71412e+22	1.05e-21	2.52e-16	4.50e-12	2.36e-10	6.49e-09	6.47e-08	3.53e-07	3.01e-06	6.80e-04	1.78e-02	1.19e-01	2.59e-01	3.63e-01	1.74e-01	4.40e-02	1.31e-02	9.51e-03	5.98e-04	1.28e-05
 1.72802e+22	1.34e-21	3.16e-16	5.53e-12	2.83e-10	7.65e-09	7.48e-08	4.00e-07	3.33e-06	7.35e-04	1.88e-02	1.23e-01	2.64e-01	3.61e-01	1.69e-01	4.19e-02	1.23e-02	8.76e-03	5.37e-04	1.13e-05
 1.74216e+22	1.85e-21	4.27e-16	7.27e-12	3.62e-10	9.53e-09	9.08e-08	4.71e-07	3.82e-06	8.14e-04	2.03e-02	1.29e-01	2.69e-01	3.59e-01	1.63e-01	3.93e-02	1.13e-02	7.83e-03	4.64e-04	9.40e-06
 1.75671e+22	2.39e-21	5.41e-16	9.02e-12	4.39e-10	1.13e-08	1.06e-07	5.37e-07	4.26e-06	8.83e-04	2.15e-02	1.34e-01	2.74e-01	3.57e-01	1.58e-01	3.73e-02	1.05e-02	7.17e-03	4.14e-04	8.16e-06
 1.77181e+22	3.36e-21	7.41e-16	1.20e-11	5.65e-10	1.42e-08	1.29e-07	6.37e-07	4.91e-06	9.82e-04	2.32e-02	1.40e-01	2.79e-01	3.54e-01	1.52e-01	3.47e-02	9.59e-03	6.36e-03	3.54e-04	6.75e-06
 1.78721e+22	4.36e-21	9.43e-16	1.49e-11	6.88e-10	1.70e-08	1.51e-07	7.28e-07	5.48e-06	1.07e-03	2.46e-02	1.45e-01	2.84e-01	3.51e-01	1.47e-01	3.28e-02	8.92e-03	5.80e-03	3.14e-04	5.83e-06
 1.80300e+22	6.13e-21	1.29e-15	1.98e-11	8.88e-10	2.14e-08	1.85e-07	8.65e-07	6.32e-06	1.19e-03	2.66e-02	1.52e-01	2.89e-01	3.47e-01	1.40e-01	3.05e-02	8.10e-03	5.13e-03	2.68e-04	4.80e-06
 1.81931e+22	8.07e-21	1.66e-15	2.50e-11	1.09e-09	2.57e-08	2.18e-07	9.95e-07	7.10e-06	1.30e-03	2.83e-02	1.58e-01	2.93e-01	3.43e-01	1.35e-01	2.86e-02	7.48e-03	4.64e-03	2.36e-04	4.10e-06
 1.83627e+22	1.15e-20	2.31e-15	3.36e-11	1.42e-09	3.27e-08	2.69e-07	1.19e-06	8.25e-06	1.45e-03	3.06e-02	1.66e-01	2.98e-01	3.38e-01	1.29e-01	2.64e-02	6.74e-03	4.07e-03	1.99e-04	3.33e-06
 1.85377e+22	1.53e-20	3.01e-15	4.27e-11	1.77e-09	3.97e-08	3.20e-07	1.38e-06	9.32e-06	1.59e-03	3.26e-02	1.72e-01	3.02e-01	3.33e-01	1.24e-01	2.47e-02	6.18e-03	3.66e-03	1.73e-04	2.82e-06
 1.87195e+22	2.23e-20	4.24e-15	5.82e-11	2.34e-09	5.10e-08	3.99e-07	1.67e-06	1.09e-05	1.79e-03	3.54e-02	1.80e-01	3.07e-01	3.27e-01	1.17e-01	2.26e-02	5.52e-03	3.17e-03	1.45e-04	2.26e-06
 1.89032e+22	2.97e-20	5.53e-15	7.39e-11	2.90e-09	6.19e-08	4.73e-07	1.93e-06	1.23e-05	1.96e-03	3.77e-02	1.87e-01	3.10e-01	3.22e-01	1.12e-01	2.11e-02	5.06e-03	2.84e-03	1.26e-04	1.90e-06
 1.90896e+22	4.30e-20	7.77e-15	1.01e-10	3.82e-09	7.94e-08	5.90e-07	2.33e-06	1.44e-05	2.20e-03	4.09e-02	1.96e-01	3.14e-01	3.15e-01	1.05e-01	1.92e-02	4.50e-03	2.46e-03	1.04e-04	1.52e-06
 1.92825e+22	5.84e-20	1.03e-14	1.30e-10	4.81e-09	9.76e-08	7.07e-07	2.72e-06	1.64e-05	2.42e-03	4.37e-02	2.03e-01	3.17e-01	3.09e-01	1.00e-01	1.78e-02	4.09e-03	2.18e-03	8.96e-05	1.26e-06
 1.94840e+22	8.70e-20	1.49e-14	1.80e-10	6.47e-09	1.27e-07	8.96e-07	3.32e-06	1.94e-05	2.75e-03	4.75e-02	2.13e-01	3.21e-01	3.01e-01	9.37e-02	1.60e-02	3.59e-03	1.86e-03	7.30e-05	9.83e-07
 1.96872e+22	1.19e-19	1.98e-14	2.33e-10	8.15e-09	1.57e-07	1.08e-06	3.89e-06	2.21e-05	3.03e-03	5.07e-02	2.20e-01	3.23e-01	2.94e-01	8.87e-02	1.48e-02	3.24e-03	1.64e-03	6.21e-05	8.08e-07
 1.98925e+22	1.77e-19	2.85e-14	3.23e-10	1.09e-08	2.05e-07	1.36e-06	4.76e-06	2.61e-05	3.42e-03	5.51e-02	2.30e-01	3.26e-01	2.85e-01	8.26e-02	1.33e-02	2.84e-03	1.39e-03	5.04e-05	6.27e-07
 2.01012e+22	2.44e-19	3.82e-14	4.21e-10	1.39e-08	2.54e-07	1.65e-06	5.59e-06	2.99e-05	3.78e-03	5.89e-02	2.38e-01	3.28e-01	2.78e-01	7.78e-02	1.21e-02	2.54e-03	1.21e-03	4.25e-05	5.10e-07
 2.02750e+22	3.23e-19	4.94e-14	5.29e-10	1.70e-08	3.06e-07	1.94e-06	6.44e-06	3.37e-05	4.12e-03	6.23e-02	2.45e-01	3.29e-01	2.71e-01	7.37e-02	1.12e-02	2.31e-03	1.08e-03	3.65e-05	4.24e-07
 2.04616e+22	4.63e-19	6.87e-14	7.09e-10	2.22e-08	3.89e-07	2.40e-06	7.73e-06	3.92e-05	4.61e-03	6.70e-02	2.54e-01	3.30e-01	2.62e-01	6.86e-02	1.01e-02	2.03e-03	9.19e-04	2.99e-05	3.34e-07
 2.06501e+22	6.17e-19	8.92e-14	8.94e-10	2.73e-08	4.70e-07	2.85e-06	8.93e-06	4.43e-05	5.03e-03	7.10e-02	2.62e-01	3.30e-01	2.55e-01	6.48e-02	9.26e-03	1.83e-03	8.10e-04	2.55e-05	2.75e-07
 2.08412e+22	8.98e-19	1.25e-13	1.21e-09	3.58e-08	6.01e-07	3.55e-06	1.08e-05	5.19e-05	5.65e-03	7.65e-02	2.71e-01	3.31e-01	2.46e-01	5.98e-02	8.26e-03	1.60e-03	6.83e-04	2.06e-05	2.12e-07
 2.10323e+22	1.19e-18	1.62e-13	1.51e-09	4.39e-08	7.25e-07	4.20e-06	1.25e-05	5.86e-05	6.16e-03	8.08e-02	2.78e-01	3.30e-01	2.38e-01	5.63e-02	7.57e-03	1.44e-03	6.00e-04	1.74e-05	1.74e-07
 2.12236e+22	1.74e-18	2.27e-13	2.04e-09	5.73e-08	9.28e-07	5.25e-06	1.51e-05	6.89e-05	6.92e-03	8.70e-02	2.88e-01	3.30e-01	2.29e-01	5.17e-02	6.70e-03	1.24e-03	5.02e-04	1.39e-05	1.33e-07
 2.14160e+22	2.31e-18	2.94e-13	2.55e-09	7.03e-08	1.12e-06	6.21e-06	1.74e-05	7.80e-05	7.56e-03	9.20e-02	2.95e-01	3.29e-01	2.21e-01	4.84e-02	6.10e-03	1.11e-03	4.38e-04	1.17e-05	0.00e+00
 2.16099e+22	3.36e-18	4.12e-13	3.42e-09	9.17e-08	1.43e-06	7.78e-06	2.12e-05	9.20e-05	8.51e-03	9.89e-02	3.04e-01	3.27e-01	2.11e-01	4.42e-02	5.36e-03	9.56e-04	3.63e-04	9.28e-06	0.00e+00
 2.18061e+22	4.51e-18	5.35e-13	4.30e-09	1.13e-07	1.74e-06	9.28e-06	2.47e-05	1.05e-04	9.33e-03	1.05e-01	3.11e-01	3.25e-01	2.03e-01	4.10e-02	4.83e-03	8.46e-04	3.12e-04	7.69e-06	0.00e+00
 2.20053e+22	6.62e-18	7.52e-13	5.76e-09	1.47e-07	2.24e-06	1.17e-05	3.02e-05	1.25e-04	1.05e-02	1.13e-01	3.20e-01	3.22e-01	1.92e-01	3.71e-02	4.20e-03	7.18e-04	2.55e-04	5.97e-06	0.00e+00
 2.22065e+22	8.91e-18	9.78e-13	7.21e-09	1.81e-07	2.73e-06	1.40e-05	3.53e-05	1.43e-04	1.16e-02	1.19e-01	3.27e-01	3.19e-01	1.84e-01	3.42e-02	3.75e-03	6.30e-04	2.17e-04	4.88e-06	0.00e+00
 2.24103e+22	1.31e-17	1.37e-12	9.59e-09	2.36e-07	3.52e-06	1.78e-05	4.34e-05	1.71e-04	1.32e-02	1.29e-01	3.36e-01	3.14e-01	1.73e-01	3.06e-02	3.21e-03	5.28e-04	1.75e-04	3.72e-06	0.00e+00
 2.26174e+22	1.76e-17	1.78e-12	1.20e-08	2.90e-07	4.30e-06	2.14e-05	5.11e-05	1.98e-04	1.46e-02	1.36e-01	3.43e-01	3.10e-01	1.64e-01	2.79e-02	2.84e-03	4.57e-04	1.46e-04	2.98e-06	0.00e+00
 2.27912e+22	2.29e-17	2.23e-12	1.45e-08	3.48e-07	5.14e-06	2.53e-05	5.92e-05	2.26e-04	1.59e-02	1.44e-01	3.49e-01	3.06e-01	1.56e-01	2.56e-02	2.53e-03	4.01e-04	1.25e-04	2.44e-06	0.00e+00
 2.29740e+22	3.15e-17	2.94e-12	1.82e-08	4.33e-07	6.39e-06	3.11e-05	7.10e-05	2.66e-04	1.78e-02	1.53e-01	3.56e-01	3.01e-01	1.47e-01	2.30e-02	2.18e-03	3.40e-04	1.02e-04	1.89e-06	0.00e+00
 2.31585e+22	4.08e-17	3.67e-12	2.19e-08	5.18e-07	7.64e-06	3.69e-05	8.25e-05	3.04e-04	1.96e-02	1.62e-01	3.61e-01	2.95e-01	1.39e-01	2.10e-02	1.93e-03	2.95e-04	8.54e-05	1.53e-06	0.00e+00
 2.33365e+22	5.42e-17	4.67e-12	2.66e-08	6.30e-07	9.32e-06	4.47e-05	9.77e-05	3.56e-04	2.17e-02	1.71e-01	3.66e-01	2.89e-01	1.30e-01	1.88e-02	1.67e-03	2.50e-04	6.99e-05	1.19e-06	0.00e+00
 2.35189e+22	7.02e-17	5.81e-12	3.18e-08	7.53e-07	1.12e-05	5.33e-05	1.14e-04	4.11e-04	2.40e-02	1.81e-01	3.71e-01	2.83e-01	1.22e-01	1.70e-02	1.45e-03	2.15e-04	5.79e-05	9.46e-07	0.00e+00
 2.36974e+22	9.07e-17	7.19e-12	3.78e-08	8.99e-07	1.35e-05	6.38e-05	1.34e-04	4.77e-04	2.65e-02	1.91e-01	3.75e-01	2.76e-01	1.14e-01	1.52e-02	1.26e-03	1.82e-04	4.74e-05	7.41e-07	0.00e+00
 2.38737e+22	1.15e-16	8.76e-12	4.42e-08	1.06e-06	1.60e-05	7.56e-05	1.56e-04	5.50e-04	2.92e-02	2.01e-01	3.79e-01	2.69e-01	1.07e-01	1.37e-02	1.09e-03	1.56e-04	3.92e-05	5.86e-07	0.00e+00
 2.40467e+22	1.45e-16	1.06e-11	5.14e-08	1.25e-06	1.90e-05	8.95e-05	1.81e-04	6.35e-04	3.22e-02	2.12e-01	3.81e-01	2.61e-01	9.93e-02	1.22e-02	9.46e-04	1.33e-04	3.22e-05	4.60e-07	0.00e+00
 2.42186e+22	1.81e-16	1.27e-11	5.91e-08	1.46e-06	2.24e-05	1.05e-04	2.10e-04	7.30e-04	3.53e-02	2.22e-01	3.84e-01	2.54e-01	9.24e-02	1.10e-02	8.19e-04	1.13e-04	2.65e-05	3.63e-07	0.00e+00
 2.43885e+22	2.23e-16	1.50e-11	6.75e-08	1.69e-06	2.63e-05	1.24e-04	2.42e-04	8.39e-04	3.87e-02	2.33e-01	3.85e-01	2.46e-01	8.59e-02	9.79e-03	7.09e-04	9.62e-05	2.18e-05	2.86e-07	0.00e+00
 2.45577e+22	2.74e-16	1.77e-11	7.67e-08	1.95e-06	3.08e-05	1.45e-04	2.79e-04	9.62e-04	4.24e-02	2.44e-01	3.86e-01	2.38e-01	7.97e-02	8.74e-03	6.13e-04	8.18e-05	1.79e-05	2.25e-07	0.00e+00
 2.47273e+22	3.35e-16	2.08e-11	8.68e-08	2.26e-06	3.60e-05	1.69e-04	3.20e-04	1.10e-03	4.63e-02	2.55e-01	3.86e-01	2.29e-01	7.37e-02	7.79e-03	5.28e-04	6.93e-05	1.47e-05	1.77e-07	0.00e+00
 2.48982e+22	4.08e-16	2.43e-11	9.78e-08	2.60e-06	4.20e-05	1.97e-04	3.67e-04	1.26e-03	5.06e-02	2.66e-01	3.86e-01	2.21e-01	6.81e-02	6.92e-03	4.55e-04	5.87e-05	1.20e-05	1.38e-07	0.00e+00
 2.50703e+22	4.95e-16	2.84e-11	1.10e-07	2.99e-06	4.88e-05	2.29e-04	4.20e-04	1.45e-03	5.52e-02	2.77e-01	3.84e-01	2.12e-01	6.28e-02	6.15e-03	3.91e-04	4.96e-05	9.84e-06	0.00e+00	0.00e+00
 2.52449e+22	6.01e-16	3.31e-11	1.24e-07	3.43e-06	5.68e-05	2.67e-04	4.80e-04	1.65e-03	6.02e-02	2.88e-01	3.82e-01	2.03e-01	5.76e-02	5.44e-03	3.35e-04	4.17e-05	8.01e-06	0.00e+00	0.00e+00
 2.54227e+22	7.29e-16	3.85e-11	1.39e-07	3.95e-06	6.61e-05	3.10e-04	5.48e-04	1.89e-03	6.55e-02	2.99e-01	3.80e-01	1.95e-01	5.28e-02	4.80e-03	2.86e-04	3.50e-05	6.50e-06	0.00e+00	0.00e+00
 2.56014e+22	8.82e-16	4.48e-11	1.56e-07	4.54e-06	7.66e-05	3.58e-04	6.22e-04	2.16e-03	7.12e-02	3.10e-01	3.77e-01	1.86e-01	4.84e-02	4.23e-03	2.45e-04	2.94e-05	5.28e-06	0.00e+00	0.00e+00
 2.57842e+22	1.08e-15	5.24e-11	1.76e-07	5.24e-06	8.91e-05	4.16e-04	7.09e-04	2.47e-03	7.74e-02	3.21e-01	3.73e-01	1.77e-01	4.41e-02	3.71e-03	2.08e-04	2.45e-05	4.26e-06	0.00e+00	0.00e+00
 2.59681e+22	1.30e-15	6.10e-11	1.98e-07	6.01e-06	1.03e-04	4.80e-04	8.01e-04	2.80e-03	8.37e-02	3.32e-01	3.68e-01	1.68e-01	4.02e-02	3.27e-03	1.78e-04	2.06e-05	3.46e-06	0.00e+00	0.00e+00
 2.61570e+22	1.61e-15	7.21e-11	2.25e-07	6.98e-06	1.20e-04	5.58e-04	9.12e-04	3.20e-03	9.09e-02	3.43e-01	3.63e-01	1.59e-01	3.64e-02	2.85e-03	1.50e-04	1.70e-05	2.76e-06	0.00e+00	0.00e+00
 2.63340e+22	1.90e-15	8.25e-11	2.50e-07	7.87e-06	1.36e-04	6.28e-04	1.01e-03	3.55e-03	9.69e-02	3.51e-01	3.58e-01	1.52e-01	3.36e-02	2.55e-03	1.31e-04	1.46e-05	2.31e-06	0.00e+00	0.00e+00
 2.65148e+22	2.36e-15	9.80e-11	2.86e-07	9.19e-06	1.59e-04	7.30e-04	1.15e-03	4.06e-03	1.05e-01	3.62e-01	3.51e-01	1.43e-01	3.02e-02	2.21e-03	1.09e-04	1.20e-05	1.83e-06	0.00e+00	0.00e+00
 2.66974e+22	2.81e-15	1.13e-10	3.21e-07	1.04e-05	1.79e-04	8.19e-04	1.26e-03	4.48e-03	1.11e-01	3.70e-01	3.45e-01	1.37e-01	2.79e-02	1.98e-03	9.57e-05	1.03e-05	1.53e-06	0.00e+00	0.00e+00
 2.68825e+22	3.52e-15	1.36e-10	3.72e-07	1.22e-05	2.10e-04	9.51e-04	1.43e-03	5.11e-03	1.20e-01	3.79e-01	3.38e-01	1.28e-01	2.50e-02	1.71e-03	7.99e-05	8.43e-06	1.21e-06	0.00e+00	0.00e+00
 2.70718e+22	4.26e-15	1.59e-10	4.22e-07	1.39e-05	2.38e-04	1.07e-03	1.57e-03	5.64e-03	1.27e-01	3.86e-01	3.31e-01	1.22e-01	2.30e-02	1.52e-03	6.95e-05	7.21e-06	1.01e-06	0.00e+00	0.00e+00
 2.72667e+22	5.44e-15	1.95e-10	4.96e-07	1.65e-05	2.80e-04	1.24e-03	1.78e-03	6.42e-03	1.37e-01	3.95e-01	3.22e-01	1.14e-01	2.05e-02	1.31e-03	5.77e-05	5.85e-06	7.92e-07	0.00e+00	0.00e+00
 2.74654e+22	6.65e-15	2.30e-10	5.70e-07	1.90e-05	3.18e-04	1.40e-03	1.96e-03	7.09e-03	1.45e-01	4.01e-01	3.15e-01	1.08e-01	1.87e-02	1.16e-03	4.99e-05	4.98e-06	6.55e-07	0.00e+00	0.00e+00
 2.76689e+22	8.65e-15	2.86e-10	6.81e-07	2.28e-05	3.76e-04	1.63e-03	2.22e-03	8.06e-03	1.56e-01	4.09e-01	3.05e-01	1.00e-01	1.65e-02	9.88e-04	4.11e-05	4.01e-06	5.09e-07	0.00e+00	0.00e+00
 2.78736e+22	1.07e-14	3.42e-10	7.88e-07	2.63e-05	4.27e-04	1.83e-03	2.43e-03	8.86e-03	1.65e-01	4.14e-01	2.97e-01	9.45e-02	1.51e-02	8.76e-04	3.55e-05	3.41e-06	4.22e-07	0.00e+00	0.00e+00
 2.80797e+22	1.40e-14	4.29e-10	9.52e-07	3.16e-05	5.05e-04	2.12e-03	2.74e-03	1.00e-02	1.76e-01	4.20e-01	2.87e-01	8.75e-02	1.33e-02	7.45e-04	2.93e-05	2.74e-06	3.28e-07	0.00e+00	0.00e+00
 2.82882e+22	1.75e-14	5.18e-10	1.11e-06	3.67e-05	5.75e-04	2.38e-03	3.00e-03	1.10e-02	1.85e-01	4.24e-01	2.79e-01	8.23e-02	1.21e-02	6.59e-04	2.52e-05	2.33e-06	2.71e-07	0.00e+00	0.00e+00
 2.84998e+22	2.33e-14	6.61e-10	1.36e-06	4.45e-05	6.81e-04	2.76e-03	3.37e-03	1.24e-02	1.97e-01	4.28e-01	2.68e-01	7.59e-02	1.07e-02	5.60e-04	2.07e-05	1.87e-06	2.10e-07	0.00e+00	0.00e+00
 2.87148e+22	2.94e-14	8.06e-10	1.61e-06	5.20e-05	7.79e-04	3.10e-03	3.69e-03	1.35e-02	2.07e-01	4.31e-01	2.60e-01	7.11e-02	9.64e-03	4.92e-04	1.78e-05	1.58e-06	1.72e-07	0.00e+00	0.00e+00
 2.89343e+22	3.99e-14	1.05e-09	2.01e-06	6.37e-05	9.26e-04	3.61e-03	4.14e-03	1.52e-02	2.20e-01	4.34e-01	2.49e-01	6.52e-02	8.44e-03	4.15e-04	1.45e-05	1.26e-06	1.32e-07	0.00e+00	0.00e+00
 2.91578e+22	5.10e-14	1.29e-09	2.41e-06	7.50e-05	1.06e-03	4.06e-03	4.53e-03	1.67e-02	2.30e-01	4.35e-01	2.40e-01	6.09e-02	7.59e-03	3.64e-04	1.24e-05	1.05e-06	0.00e+00	0.00e+00	0.00e+00
 2.93865e+22	7.05e-14	1.71e-09	3.04e-06	9.27e-05	1.27e-03	4.73e-03	5.08e-03	1.87e-02	2.43e-01	4.36e-01	2.28e-01	5.55e-02	6.60e-03	3.05e-04	1.00e-05	8.35e-07	0.00e+00	0.00e+00	0.00e+00
 2.96201e+22	9.18e-14	2.14e-09	3.69e-06	1.10e-04	1.47e-03	5.33e-03	5.57e-03	2.04e-02	2.54e-01	4.36e-01	2.19e-01	5.15e-02	5.90e-03	2.65e-04	8.50e-06	6.94e-07	0.00e+00	0.00e+00	0.00e+00
 2.98169e+22	1.16e-13	2.63e-09	4.39e-06	1.28e-04	1.66e-03	5.93e-03	6.03e-03	2.21e-02	2.64e-01	4.36e-01	2.11e-01	4.81e-02	5.34e-03	2.34e-04	7.33e-06	5.89e-07	0.00e+00	0.00e+00	0.00e+00
 3.00295e+22	1.58e-13	3.42e-09	5.50e-06	1.57e-04	1.96e-03	6.80e-03	6.68e-03	2.44e-02	2.76e-01	4.34e-01	2.01e-01	4.39e-02	4.67e-03	1.98e-04	6.02e-06	4.74e-07	0.00e+00	0.00e+00	0.00e+00
 3.02430e+22	2.00e-13	4.21e-09	6.57e-06	1.83e-04	2.22e-03	7.54e-03	7.21e-03	2.63e-02	2.86e-01	4.32e-01	1.93e-01	4.10e-02	4.23e-03	1.75e-04	5.20e-06	4.03e-07	0.00e+00	0.00e+00	0.00e+00
 3.04576e+22	2.73e-13	5.52e-09	8.28e-06	2.24e-04	2.62e-03	8.63e-03	7.97e-03	2.89e-02	2.98e-01	4.29e-01	1.83e-01	3.74e-02	3.69e-03	1.48e-04	4.27e-06	3.24e-07	0.00e+00	0.00e+00	0.00e+00
 3.06707e+22	3.46e-13	6.78e-09	9.88e-06	2.60e-04	2.96e-03	9.53e-03	8.58e-03	3.10e-02	3.07e-01	4.26e-01	1.76e-01	3.49e-02	3.34e-03	1.31e-04	3.69e-06	2.76e-07	0.00e+00	0.00e+00	0.00e+00
 3.08819e+22	4.72e-13	8.87e-09	1.24e-05	3.17e-04	3.47e-03	1.09e-02	9.43e-03	3.39e-02	3.19e-01	4.22e-01	1.67e-01	3.18e-02	2.92e-03	1.11e-04	3.04e-06	2.23e-07	0.00e+00	0.00e+00	0.00e+00
 3.10956e+22	6.01e-13	1.10e-08	1.49e-05	3.70e-04	3.93e-03	1.20e-02	1.01e-02	3.62e-02	3.28e-01	4.18e-01	1.59e-01	2.95e-02	2.63e-03	9.82e-05	2.62e-06	1.89e-07	0.00e+00	0.00e+00	0.00e+00
 3.13124e+22	8.24e-13	1.44e-08	1.89e-05	4.52e-04	4.61e-03	1.36e-02	1.11e-02	3.95e-02	3.40e-01	4.12e-01	1.50e-01	2.68e-02	2.29e-03	8.31e-05	2.15e-06	1.52e-07	0.00e+00	0.00e+00	0.00e+00
 3.15332e+22	1.06e-12	1.80e-08	2.29e-05	5.32e-04	5.24e-03	1.51e-02	1.20e-02	4.22e-02	3.49e-01	4.06e-01	1.43e-01	2.47e-02	2.05e-03	7.26e-05	1.84e-06	1.28e-07	0.00e+00	0.00e+00	0.00e+00
 3.17592e+22	1.48e-12	2.41e-08	2.93e-05	6.55e-04	6.18e-03	1.72e-02	1.32e-02	4.59e-02	3.60e-01	3.99e-01	1.34e-01	2.23e-02	1.77e-03	6.10e-05	1.50e-06	0.00e+00	0.00e+00	0.00e+00	0.00e+00
 3.19879e+22	1.92e-12	3.02e-08	3.56e-05	7.72e-04	7.04e-03	1.91e-02	1.42e-02	4.90e-02	3.68e-01	3.92e-01	1.27e-01	2.05e-02	1.57e-03	5.30e-05	1.27e-06	0.00e+00	0.00e+00	0.00e+00	0.00e+00
 3.22203e+22	2.69e-12	4.06e-08	4.59e-05	9.53e-04	8.31e-03	2.17e-02	1.56e-02	5.32e-02	3.79e-01	3.83e-01	1.19e-01	1.83e-02	1.35e-03	4.42e-05	1.03e-06	0.00e+00	0.00e+00	0.00e+00	0.00e+00
 3.24565e+22	3.52e-12	5.13e-08	5.62e-05	1.13e-03	9.47e-03	2.41e-02	1.67e-02	5.67e-02	3.86e-01	3.75e-01	1.12e-01	1.68e-02	1.20e-03	3.83e-05	8.67e-07	0.00e+00	0.00e+00	0.00e+00	0.00e+00
 3.26978e+22	5.00e-12	6.98e-08	7.32e-05	1.40e-03	1.12e-02	2.75e-02	1.84e-02	6.15e-02	3.96e-01	3.65e-01	1.04e-01	1.49e-02	1.01e-03	3.16e-05	6.91e-07	0.00e+00	0.00e+00	0.00e+00	0.00e+00
 3.29419e+22	6.56e-12	8.85e-08	8.97e-05	1.66e-03	1.28e-02	3.04e-02	1.97e-02	6.52e-02	4.02e-01	3.56e-01	9.75e-02	1.35e-02	8.95e-04	2.72e-05	5.82e-07	0.00e+00	0.00e+00	0.00e+00	0.00e+00
 3.31898e+22	9.40e-12	1.21e-07	1.17e-04	2.07e-03	1.52e-02	3.47e-02	2.16e-02	7.05e-02	4.10e-01	3.43e-01	8.95e-02	1.19e-02	7.53e-04	2.22e-05	4.59e-07	0.00e+00	0.00e+00	0.00e+00	0.00e+00
 3.34426e+22	1.24e-11	1.55e-07	1.45e-04	2.46e-03	1.73e-02	3.84e-02	2.32e-02	7.45e-02	4.15e-01	3.33e-01	8.36e-02	1.08e-02	6.58e-04	1.90e-05	3.83e-07	0.00e+00	0.00e+00	0.00e+00	0.00e+00
 3.37020e+22	1.80e-11	2.14e-07	1.91e-04	3.09e-03	2.06e-02	4.38e-02	2.54e-02	8.03e-02	4.21e-01	3.19e-01	7.61e-02	9.37e-03	5.47e-04	1.54e-05	2.99e-07	0.00e+00	0.00e+00	0.00e+00	0.00e+00
 3.39635e+22	2.39e-11	2.74e-07	2.36e-04	3.67e-03	2.35e-02	4.83e-02	2.72e-02	8.46e-02	4.25e-01	3.08e-01	7.07e-02	8.42e-03	4.75e-04	1.31e-05	2.47e-07	0.00e+00	0.00e+00	0.00e+00	0.00e+00
 3.42279e+22	3.47e-11	3.79e-07	3.12e-04	4.59e-03	2.79e-02	5.48e-02	2.96e-02	9.07e-02	4.28e-01	2.93e-01	6.38e-02	7.26e-03	3.92e-04	1.05e-05	1.91e-07	0.00e+00	0.00e+00	0.00e+00	0.00e+00
 3.44793e+22	4.48e-11	4.73e-07	3.77e-04	5.35e-03	3.13e-02	5.98e-02	3.14e-02	9.47e-02	4.29e-01	2.82e-01	5.93e-02	6.54e-03	3.42e-04	8.95e-06	1.60e-07	0.00e+00	0.00e+00	0.00e+00	0.00e+00
 3.47139e+22	6.09e-11	6.18e-07	4.73e-04	6.42e-03	3.60e-02	6.61e-02	3.36e-02	9.96e-02	4.29e-01	2.69e-01	5.41e-02	5.76e-03	2.90e-04	7.41e-06	1.29e-07	0.00e+00	0.00e+00	0.00e+00	0.00e+00
 3.49647e+22	8.11e-11	7.93e-07	5.85e-04	7.61e-03	4.09e-02	7.26e-02	3.57e-02	1.04e-01	4.27e-01	2.56e-01	4.95e-02	5.08e-03	2.48e-04	6.18e-06	0.00e+00	0.00e+00	0.00e+00	0.00e+00	0.00e+00
 3.51983e+22	1.06e-10	1.00e-06	7.15e-04	8.92e-03	4.60e-02	7.91e-02	3.78e-02	1.08e-01	4.25e-01	2.44e-01	4.54e-02	4.50e-03	2.12e-04	5.19e-06	0.00e+00	0.00e+00	0.00e+00	0.00e+00	0.00e+00
 3.54178e+22	1.37e-10	1.25e-06	8.58e-04	1.03e-02	5.13e-02	8.54e-02	3.97e-02	1.12e-01	4.22e-01	2.32e-01	4.17e-02	4.02e-03	1.84e-04	4.41e-06	0.00e+00	0.00e+00	0.00e+00	0.00e+00	0.00e+00
 3.56255e+22	1.74e-10	1.54e-06	1.02e-03	1.19e-02	5.68e-02	9.19e-02	4.15e-02	1.16e-01	4.18e-01	2.21e-01	3.84e-02	3.58e-03	1.59e-04	3.75e-06	0.00e+00	0.00e+00	0.00e+00	0.00e+00	0.00e+00
 3.58642e+22	2.36e-10	2.00e-06	1.28e-03	1.41e-02	6.46e-02	1.00e-01	4.39e-02	1.20e-01	4.11e-01	2.07e-01	3.43e-02	3.09e-03	1.32e-04	3.04e-06	0.00e+00	0.00e+00	0.00e+00	0.00e+00	0.00e+00
 3.61071e+22	3.02e-10	2.48e-06	1.53e-03	1.63e-02	7.15e-02	1.08e-01	4.58e-02	1.23e-01	4.04e-01	1.95e-01	3.12e-02	2.72e-03	1.13e-04	2.55e-06	0.00e+00	0.00e+00	0.00e+00	0.00e+00	0.00e+00
 3.63556e+22	4.09e-10	3.22e-06	1.91e-03	1.93e-02	8.09e-02	1.17e-01	4.82e-02	1.27e-01	3.94e-01	1.81e-01	2.77e-02	2.32e-03	9.27e-05	2.05e-06	0.00e+00	0.00e+00	0.00e+00	0.00e+00	0.00e+00
 3.66102e+22	5.32e-10	4.03e-06	2.30e-03	2.23e-02	8.97e-02	1.26e-01	5.01e-02	1.30e-01	3.85e-01	1.69e-01	2.48e-02	2.01e-03	7.78e-05	1.68e-06	0.00e+00	0.00e+00	0.00e+00	0.00e+00	0.00e+00
 3.68347e+22	6.78e-10	4.96e-06	2.74e-03	2.55e-02	9.86e-02	1.34e-01	5.19e-02	1.32e-01	3.74e-01	1.58e-01	2.23e-02	1.75e-03	6.57e-05	1.39e-06	0.00e+00	0.00e+00	0.00e+00	0.00e+00	0.00e+00
 3.70886e+22	9.12e-10	6.40e-06	3.39e-03	2.99e-02	1.10e-01	1.44e-01	5.39e-02	1.34e-01	3.60e-01	1.44e-01	1.95e-02	1.47e-03	5.31e-05	1.10e-06	0.00e+00	0.00e+00	0.00e+00	0.00e+00	0.00e+00
 3.73541e+22	1.19e-09	8.01e-06	4.08e-03	3.45e-02	1.21e-01	1.52e-01	5.56e-02	1.35e-01	3.46e-01	1.32e-01	1.71e-02	1.25e-03	4.36e-05	8.86e-07	0.00e+00	0.00e+00	0.00e+00	0.00e+00	0.00e+00
 3.75953e+22	1.52e-09	9.89e-06	4.86e-03	3.92e-02	1.33e-01	1.61e-01	5.70e-02	1.36e-01	3.32e-01	1.21e-01	1.51e-02	1.06e-03	3.60e-05	7.17e-07	0.00e+00	0.00e+00	0.00e+00	0.00e+00	0.00e+00
 3.78696e+22	2.06e-09	1.28e-05	6.01e-03	4.60e-02	1.47e-01	1.71e-01	5.85e-02	1.36e-01	3.13e-01	1.08e-01	1.28e-02	8.64e-04	2.81e-05	5.47e-07	0.00e+00	0.00e+00	0.00e+00	0.00e+00	0.00e+00
 3.81507e+22	2.68e-09	1.60e-05	7.20e-03	5.24e-02	1.60e-01	1.80e-01	5.96e-02	1.36e-01	2.96e-01	9.69e-02	1.10e-02	7.18e-04	2.26e-05	4.30e-07	0.00e+00	0.00e+00	0.00e+00	0.00e+00	0.00e+00
 3.83998e+22	3.40e-09	1.96e-05	8.49e-03	5.91e-02	1.73e-01	1.87e-01	6.03e-02	1.35e-01	2.80e-01	8.73e-02	9.54e-03	6.00e-04	1.83e-05	3.41e-07	0.00e+00	0.00e+00	0.00e+00	0.00e+00	0.00e+00
 3.86826e+22	4.58e-09	2.51e-05	1.04e-02	6.82e-02	1.89e-01	1.96e-01	6.10e-02	1.32e-01	2.59e-01	7.61e-02	7.90e-03	4.76e-04	1.39e-05	2.54e-07	0.00e+00	0.00e+00	0.00e+00	0.00e+00	0.00e+00
 3.89745e+22	5.90e-09	3.10e-05	1.23e-02	7.69e-02	2.03e-01	2.02e-01	6.12e-02	1.29e-01	2.40e-01	6.70e-02	6.66e-03	3.86e-04	1.09e-05	1.95e-07	0.00e+00	0.00e+00	0.00e+00	0.00e+00	0.00e+00
 3.92358e+22	7.47e-09	3.78e-05	1.44e-02	8.57e-02	2.17e-01	2.08e-01	6.11e-02	1.26e-01	2.23e-01	5.91e-02	5.63e-03	3.15e-04	8.62e-06	1.51e-07	0.00e+00	0.00e+00	0.00e+00	0.00e+00	0.00e+00
 3.95332e+22	1.00e-08	4.81e-05	1.74e-02	9.77e-02	2.33e-01	2.14e-01	6.06e-02	1.22e-01	2.01e-01	5.01e-02	4.53e-03	2.42e-04	6.36e-06	0.00e+00	0.00e+00	0.00e+00	0.00e+00	0.00e+00	0.00e+00
 3.98339e+22	1.27e-08	5.86e-05	2.04e-02	1.08e-01	2.46e-01	2.18e-01	5.98e-02	1.17e-01	1.83e-01	4.32e-02	3.74e-03	1.93e-04	4.88e-06	0.00e+00	0.00e+00	0.00e+00	0.00e+00	0.00e+00	0.00e+00
 4.00972e+22	1.59e-08	7.04e-05	2.35e-02	1.19e-01	2.58e-01	2.20e-01	5.88e-02	1.12e-01	1.67e-01	3.75e-02	3.11e-03	1.55e-04	3.79e-06	0.00e+00	0.00e+00	0.00e+00	0.00e+00	0.00e+00	0.00e+00
 4.03978e+22	2.09e-08	8.79e-05	2.79e-02	1.33e-01	2.72e-01	2.22e-01	5.73e-02	1.06e-01	1.48e-01	3.11e-02	2.44e-03	1.16e-04	2.74e-06	0.00e+00	0.00e+00	0.00e+00	0.00e+00	0.00e+00	0.00e+00
 4.07054e+22	2.62e-08	1.06e-04	3.22e-02	1.45e-01	2.83e-01	2.22e-01	5.57e-02	1.00e-01	1.32e-01	2.63e-02	1.98e-03	9.05e-05	2.06e-06	0.00e+00	0.00e+00	0.00e+00	0.00e+00	0.00e+00	0.00e+00
 4.09792e+22	3.25e-08	1.26e-04	3.68e-02	1.58e-01	2.93e-01	2.21e-01	5.40e-02	9.48e-02	1.18e-01	2.23e-02	1.60e-03	7.09e-05	1.56e-06	0.00e+00	0.00e+00	0.00e+00	0.00e+00	0.00e+00	0.00e+00
 4.12922e+22	4.24e-08	1.56e-04	4.32e-02	1.73e-01	3.04e-01	2.19e-01	5.16e-02	8.76e-02	1.02e-01	1.80e-02	1.22e-03	5.17e-05	1.09e-06	0.00e+00	0.00e+00	0.00e+00	0.00e+00	0.00e+00	0.00e+00
 4.16122e+22	5.29e-08	1.86e-04	4.93e-02	1.87e-01	3.11e-01	2.16e-01	4.94e-02	8.14e-02	8.95e-02	1.49e-02	9.66e-04	3.92e-05	7.99e-07	0.00e+00	0.00e+00	0.00e+00	0.00e+00	0.00e+00	0.00e+00
 4.18952e+22	6.50e-08	2.19e-04	5.56e-02	2.00e-01	3.17e-01	2.12e-01	4.72e-02	7.56e-02	7.87e-02	1.24e-02	7.68e-04	3.00e-05	5.92e-07	0.00e+00	0.00e+00	0.00e+00	0.00e+00	0.00e+00	0.00e+00
 4.21719e+22	7.92e-08	2.56e-04	6.23e-02	2.13e-01	3.22e-01	2.08e-01	4.50e-02	7.01e-02	6.91e-02	1.03e-02	6.11e-04	2.31e-05	4.40e-07	0.00e+00	0.00e+00	0.00e+00	0.00e+00	0.00e+00	0.00e+00
 4.24864e+22	1.01e-07	3.09e-04	7.15e-02	2.29e-01	3.26e-01	2.01e-01	4.22e-02	6.34e-02	5.84e-02	8.13e-03	4.57e-04	1.65e-05	3.02e-07	0.00e+00	0.00e+00	0.00e+00	0.00e+00	0.00e+00	0.00e+00
 4.28043e+22	1.23e-07	3.61e-04	7.98e-02	2.42e-01	3.28e-01	1.95e-01	3.98e-02	5.80e-02	5.05e-02	6.63e-03	3.56e-04	1.24e-05	2.19e-07	0.00e+00	0.00e+00	0.00e+00	0.00e+00	0.00e+00	0.00e+00
 4.30807e+22	1.48e-07	4.16e-04	8.83e-02	2.54e-01	3.28e-01	1.89e-01	3.75e-02	5.32e-02	4.38e-02	5.46e-03	2.81e-04	9.41e-06	1.61e-07	0.00e+00	0.00e+00	0.00e+00	0.00e+00	0.00e+00	0.00e+00
 4.33937e+22	1.85e-07	4.96e-04	9.98e-02	2.68e-01	3.28e-01	1.81e-01	3.48e-02	4.74e-02	3.66e-02	4.25e-03	2.07e-04	6.64e-06	0.00e+00	0.00e+00	0.00e+00	0.00e+00	0.00e+00	0.00e+00	0.00e+00
 4.37024e+22	2.20e-07	5.66e-04	1.09e-01	2.80e-01	3.26e-01	1.74e-01	3.26e-02	4.32e-02	3.16e-02	3.48e-03	1.62e-04	5.02e-06	0.00e+00	0.00e+00	0.00e+00	0.00e+00	0.00e+00	0.00e+00	0.00e+00
 4.39652e+22	2.60e-07	6.43e-04	1.19e-01	2.90e-01	3.23e-01	1.67e-01	3.06e-02	3.93e-02	2.73e-02	2.85e-03	1.28e-04	3.82e-06	0.00e+00	0.00e+00	0.00e+00	0.00e+00	0.00e+00	0.00e+00	0.00e+00
 4.42668e+22	3.21e-07	7.53e-04	1.33e-01	3.02e-01	3.18e-01	1.58e-01	2.81e-02	3.48e-02	2.26e-02	2.20e-03	9.37e-05	2.69e-06	0.00e+00	0.00e+00	0.00e+00	0.00e+00	0.00e+00	0.00e+00	0.00e+00
 4.45722e+22	3.76e-07	8.49e-04	1.44e-01	3.12e-01	3.14e-01	1.51e-01	2.62e-02	3.15e-02	1.95e-02	1.80e-03	7.33e-05	2.03e-06	0.00e+00	0.00e+00	0.00e+00	0.00e+00	0.00e+00	0.00e+00	0.00e+00
 4.48186e+22	4.30e-07	9.38e-04	1.54e-01	3.19e-01	3.09e-01	1.45e-01	2.47e-02	2.89e-02	1.71e-02	1.51e-03	5.95e-05	1.61e-06	0.00e+00	0.00e+00	0.00e+00	0.00e+00	0.00e+00	0.00e+00	0.00e+00
 4.50750e+22	5.08e-07	1.06e-03	1.67e-01	3.27e-01	3.03e-01	1.37e-01	2.28e-02	2.59e-02	1.45e-02	1.21e-03	4.56e-05	1.19e-06	0.00e+00	0.00e+00	0.00e+00	0.00e+00	0.00e+00	0.00e+00	0.00e+00
 4.53322e+22	5.79e-07	1.17e-03	1.78e-01	3.34e-01	2.98e-01	1.31e-01	2.14e-02	2.36e-02	1.27e-02	1.01e-03	3.68e-05	9.30e-07	0.00e+00	0.00e+00	0.00e+00	0.00e+00	0.00e+00	0.00e+00	0.00e+00
 4.55906e+22	6.77e-07	1.31e-03	1.92e-01	3.41e-01	2.90e-01	1.24e-01	1.97e-02	2.11e-02	1.07e-02	8.07e-04	2.82e-05	6.90e-07	0.00e+00	0.00e+00	0.00e+00	0.00e+00	0.00e+00	0.00e+00	0.00e+00
 4.58543e+22	7.74e-07	1.45e-03	2.04e-01	3.46e-01	2.83e-01	1.18e-01	1.84e-02	1.91e-02	9.29e-03	6.64e-04	2.24e-05	5.30e-07	0.00e+00	0.00e+00	0.00e+00	0.00e+00	0.00e+00	0.00e+00	0.00e+00
 4.60855e+22	8.76e-07	1.58e-03	2.16e-01	3.51e-01	2.77e-01	1.12e-01	1.72e-02	1.74e-02	8.10e-03	5.53e-04	1.80e-05	4.15e-07	0.00e+00	0.00e+00	0.00e+00	0.00e+00	0.00e+00	0.00e+00	0.00e+00
 4.63466e+22	1.02e-06	1.77e-03	2.31e-01	3.56e-01	2.68e-01	1.05e-01	1.57e-02	1.54e-02	6.78e-03	4.36e-04	1.36e-05	3.03e-07	0.00e+00	0.00e+00	0.00e+00	0.00e+00	0.00e+00	0.00e+00	0.00e+00
 4.66114e+22	1.16e-06	1.94e-03	2.44e-01	3.59e-01	2.61e-01	9.96e-02	1.46e-02	1.39e-02	5.87e-03	3.60e-04	1.09e-05	2.35e-07	0.00e+00	0.00e+00	0.00e+00	0.00e+00	0.00e+00	0.00e+00	0.00e+00
 4.68812e+22	1.35e-06	2.16e-03	2.61e-01	3.62e-01	2.51e-01	9.28e-02	1.33e-02	1.22e-02	4.88e-03	2.82e-04	8.13e-06	1.69e-07	0.00e+00	0.00e+00	0.00e+00	0.00e+00	0.00e+00	0.00e+00	0.00e+00
 4.71541e+22	1.53e-06	2.36e-03	2.75e-01	3.65e-01	2.43e-01	8.76e-02	1.23e-02	1.09e-02	4.19e-03	2.30e-04	6.42e-06	1.30e-07	0.00e+00	0.00e+00	0.00e+00	0.00e+00	0.00e+00	0.00e+00	0.00e+00
 4.74312e+22	1.78e-06	2.63e-03	2.93e-01	3.66e-01	2.33e-01	8.12e-02	1.11e-02	9.54e-03	3.46e-03	1.79e-04	4.76e-06	0.00e+00	0.00e+00	0.00e+00	0.00e+00	0.00e+00	0.00e+00	0.00e+00	0.00e+00
 4.77121e+22	2.01e-06	2.86e-03	3.07e-01	3.67e-01	2.24e-01	7.63e-02	1.02e-02	8.52e-03	2.96e-03	1.45e-04	3.73e-06	0.00e+00	0.00e+00	0.00e+00	0.00e+00	0.00e+00	0.00e+00	0.00e+00	0.00e+00
 4.79979e+22	2.34e-06	3.18e-03	3.27e-01	3.67e-01	2.14e-01	7.04e-02	9.22e-03	7.37e-03	2.42e-03	1.11e-04	2.74e-06	0.00e+00	0.00e+00	0.00e+00	0.00e+00	0.00e+00	0.00e+00	0.00e+00	0.00e+00
 4.82876e+22	2.64e-06	3.46e-03	3.42e-01	3.66e-01	2.05e-01	6.58e-02	8.44e-03	6.54e-03	2.05e-03	8.97e-05	2.13e-06	0.00e+00	0.00e+00	0.00e+00	0.00e+00	0.00e+00	0.00e+00	0.00e+00	0.00e+00
 4.85822e+22	3.08e-06	3.85e-03	3.63e-01	3.64e-01	1.94e-01	6.03e-02	7.55e-03	5.61e-03	1.66e-03	6.80e-05	1.54e-06	0.00e+00	0.00e+00	0.00e+00	0.00e+00	0.00e+00	0.00e+00	0.00e+00	0.00e+00
 4.88795e+22	3.48e-06	4.18e-03	3.79e-01	3.62e-01	1.86e-01	5.61e-02	6.89e-03	4.96e-03	1.40e-03	5.45e-05	1.19e-06	0.00e+00	0.00e+00	0.00e+00	0.00e+00	0.00e+00	0.00e+00	0.00e+00	0.00e+00
 4.91803e+22	4.05e-06	4.64e-03	4.01e-01	3.57e-01	1.75e-01	5.11e-02	6.12e-03	4.22e-03	1.13e-03	4.10e-05	8.58e-07	0.00e+00	0.00e+00	0.00e+00	0.00e+00	0.00e+00	0.00e+00	0.00e+00	0.00e+00
 4.94869e+22	4.58e-06	5.03e-03	4.18e-01	3.54e-01	1.66e-01	4.74e-02	5.56e-03	3.70e-03	9.47e-04	3.26e-05	6.57e-07	0.00e+00	0.00e+00	0.00e+00	0.00e+00	0.00e+00	0.00e+00	0.00e+00	0.00e+00
 4.98010e+22	5.31e-06	5.56e-03	4.39e-01	3.47e-01	1.56e-01	4.30e-02	4.92e-03	3.14e-03	7.59e-04	2.44e-05	4.70e-07	0.00e+00	0.00e+00	0.00e+00	0.00e+00	0.00e+00	0.00e+00	0.00e+00	0.00e+00
 5.01260e+22	6.05e-06	6.06e-03	4.58e-01	3.42e-01	1.47e-01	3.94e-02	4.41e-03	2.71e-03	6.24e-04	1.89e-05	3.50e-07	0.00e+00	0.00e+00	0.00e+00	0.00e+00	0.00e+00	0.00e+00	0.00e+00	0.00e+00
 5.03827e+22	6.66e-06	6.44e-03	4.72e-01	3.37e-01	1.41e-01	3.69e-02	4.06e-03	2.43e-03	5.40e-04	1.56e-05	2.82e-07	0.00e+00	0.00e+00	0.00e+00	0.00e+00	0.00e+00	0.00e+00	0.00e+00	0.00e+00
 5.06340e+22	7.48e-06	6.95e-03	4.89e-01	3.31e-01	1.33e-01	3.40e-02	3.67e-03	2.12e-03	4.50e-04	1.24e-05	2.15e-07	0.00e+00	0.00e+00	0.00e+00	0.00e+00	0.00e+00	0.00e+00	0.00e+00	0.00e+00
 5.08905e+22	8.21e-06	7.38e-03	5.03e-01	3.25e-01	1.27e-01	3.18e-02	3.38e-03	1.90e-03	3.89e-04	1.02e-05	1.72e-07	0.00e+00	0.00e+00	0.00e+00	0.00e+00	0.00e+00	0.00e+00	0.00e+00	0.00e+00
 5.11537e+22	9.21e-06	7.95e-03	5.20e-01	3.18e-01	1.20e-01	2.92e-02	3.04e-03	1.65e-03	3.23e-04	8.01e-06	1.31e-07	0.00e+00	0.00e+00	0.00e+00	0.00e+00	0.00e+00	0.00e+00	0.00e+00	0.00e+00
 5.14225e+22	1.02e-05	8.46e-03	5.35e-01	3.12e-01	1.14e-01	2.71e-02	2.78e-03	1.46e-03	2.76e-04	6.54e-06	0.00e+00	0.00e+00	0.00e+00	0.00e+00	0.00e+00	0.00e+00	0.00e+00	0.00e+00	0.00e+00
 5.16983e+22	1.15e-05	9.15e-03	5.53e-01	3.03e-01	1.06e-01	2.47e-02	2.47e-03	1.25e-03	2.26e-04	5.04e-06	0.00e+00	0.00e+00	0.00e+00	0.00e+00	0.00e+00	0.00e+00	0.00e+00	0.00e+00	0.00e+00
 5.19736e+22	1.26e-05	9.70e-03	5.67e-01	2.96e-01	1.01e-01	2.29e-02	2.26e-03	1.11e-03	1.93e-04	4.12e-06	0.00e+00	0.00e+00	0.00e+00	0.00e+00	0.00e+00	0.00e+00	0.00e+00	0.00e+00	0.00e+00
 5.22484e+22	1.42e-05	1.04e-02	5.84e-01	2.87e-01	9.45e-02	2.09e-02	2.02e-03	9.55e-04	1.59e-04	3.20e-06	0.00e+00	0.00e+00	0.00e+00	0.00e+00	0.00e+00	0.00e+00	0.00e+00	0.00e+00	0.00e+00
 5.25303e+22	1.56e-05	1.11e-02	5.98e-01	2.80e-01	8.93e-02	1.93e-02	1.83e-03	8.41e-04	1.35e-04	2.59e-06	0.00e+00	0.00e+00	0.00e+00	0.00e+00	0.00e+00	0.00e+00	0.00e+00	0.00e+00	0.00e+00
 5.28217e+22	1.76e-05	1.19e-02	6.16e-01	2.70e-01	8.30e-02	1.74e-02	1.62e-03	7.15e-04	1.09e-04	1.98e-06	0.00e+00	0.00e+00	0.00e+00	0.00e+00	0.00e+00	0.00e+00	0.00e+00	0.00e+00	0.00e+00
 5.31150e+22	1.94e-05	1.26e-02	6.28e-01	2.62e-01	7.84e-02	1.61e-02	1.47e-03	6.30e-04	9.28e-05	1.60e-06	0.00e+00	0.00e+00	0.00e+00	0.00e+00	0.00e+00	0.00e+00	0.00e+00	0.00e+00	0.00e+00
 5.34110e+22	2.18e-05	1.36e-02	6.45e-01	2.52e-01	7.28e-02	1.45e-02	1.30e-03	5.36e-04	7.53e-05	1.23e-06	0.00e+00	0.00e+00	0.00e+00	0.00e+00	0.00e+00	0.00e+00	0.00e+00	0.00e+00	0.00e+00
 5.37159e+22	2.41e-05	1.44e-02	6.58e-01	2.44e-01	6.83e-02	1.33e-02	1.17e-03	4.68e-04	6.33e-05	9.82e-07	0.00e+00	0.00e+00	0.00e+00	0.00e+00	0.00e+00	0.00e+00	0.00e+00	0.00e+00	0.00e+00
 5.39548e+22	2.58e-05	1.50e-02	6.67e-01	2.38e-01	6.53e-02	1.25e-02	1.08e-03	4.25e-04	5.59e-05	8.38e-07	0.00e+00	0.00e+00	0.00e+00	0.00e+00	0.00e+00	0.00e+00	0.00e+00	0.00e+00	0.00e+00
 5.41336e+22	2.73e-05	1.55e-02	6.74e-01	2.34e-01	6.30e-02	1.19e-02	1.02e-03	3.94e-04	5.06e-05	7.38e-07	0.00e+00	0.00e+00	0.00e+00	0.00e+00	0.00e+00	0.00e+00	0.00e+00	0.00e+00	0.00e+00
 5.43114e+22	2.92e-05	1.61e-02	6.84e-01	2.28e-01	6.02e-02	1.12e-02	9.47e-04	3.58e-04	4.47e-05	6.30e-07	0.00e+00	0.00e+00	0.00e+00	0.00e+00	0.00e+00	0.00e+00	0.00e+00	0.00e+00	0.00e+00
 5.45426e+22	3.18e-05	1.70e-02	6.95e-01	2.20e-01	5.68e-02	1.03e-02	8.62e-04	3.17e-04	3.83e-05	5.16e-07	0.00e+00	0.00e+00	0.00e+00	0.00e+00	0.00e+00	0.00e+00	0.00e+00	0.00e+00	0.00e+00
 5.48431e+22	3.59e-05	1.82e-02	7.10e-01	2.09e-01	5.22e-02	9.19e-03	7.52e-04	2.66e-04	3.06e-05	3.88e-07	0.00e+00	0.00e+00	0.00e+00	0.00e+00	0.00e+00	0.00e+00	0.00e+00	0.00e+00	0.00e+00
 5.50822e+22	3.75e-05	1.87e-02	7.15e-01	2.06e-01	5.08e-02	8.84e-03	7.16e-04	2.51e-04	2.84e-05	3.53e-07	0.00e+00	0.00e+00	0.00e+00	0.00e+00	0.00e+00	0.00e+00	0.00e+00	0.00e+00	0.00e+00
 5.52417e+22	3.97e-05	1.93e-02	7.22e-01	2.01e-01	4.87e-02	8.36e-03	6.71e-04	2.31e-04	2.55e-05	3.08e-07	0.00e+00	0.00e+00	0.00e+00	0.00e+00	0.00e+00	0.00e+00	0.00e+00	0.00e+00	0.00e+00
 5.54489e+22	4.30e-05	2.02e-02	7.31e-01	1.94e-01	4.61e-02	7.75e-03	6.13e-04	2.06e-04	2.20e-05	2.55e-07	0.00e+00	0.00e+00	0.00e+00	0.00e+00	0.00e+00	0.00e+00	0.00e+00	0.00e+00	0.00e+00
 5.57183e+22	4.74e-05	2.14e-02	7.43e-01	1.85e-01	4.29e-02	7.04e-03	5.47e-04	1.79e-04	1.83e-05	2.02e-07	0.00e+00	0.00e+00	0.00e+00	0.00e+00	0.00e+00	0.00e+00	0.00e+00	0.00e+00	0.00e+00
 5.59905e+22	5.13e-05	2.23e-02	7.51e-01	1.79e-01	4.06e-02	6.52e-03	4.99e-04	1.60e-04	1.58e-05	1.68e-07	0.00e+00	0.00e+00	0.00e+00	0.00e+00	0.00e+00	0.00e+00	0.00e+00	0.00e+00	0.00e+00
 5.62161e+22	5.51e-05	2.32e-02	7.58e-01	1.73e-01	3.86e-02	6.09e-03	4.60e-04	1.45e-04	1.39e-05	1.42e-07	0.00e+00	0.00e+00	0.00e+00	0.00e+00	0.00e+00	0.00e+00	0.00e+00	0.00e+00	0.00e+00
 5.64593e+22	6.01e-05	2.44e-02	7.68e-01	1.65e-01	3.61e-02	5.58e-03	4.14e-04	1.28e-04	1.18e-05	0.00e+00	0.00e+00	0.00e+00	0.00e+00	0.00e+00	0.00e+00	0.00e+00	0.00e+00	0.00e+00	0.00e+00
 5.67756e+22	6.77e-05	2.60e-02	7.80e-01	1.55e-01	3.31e-02	4.95e-03	3.60e-04	1.08e-04	9.39e-06	0.00e+00	0.00e+00	0.00e+00	0.00e+00	0.00e+00	0.00e+00	0.00e+00	0.00e+00	0.00e+00	0.00e+00
 5.70832e+22	7.31e-05	2.72e-02	7.87e-01	1.50e-01	3.12e-02	4.58e-03	3.28e-04	9.64e-05	8.12e-06	0.00e+00	0.00e+00	0.00e+00	0.00e+00	0.00e+00	0.00e+00	0.00e+00	0.00e+00	0.00e+00	0.00e+00
