#depth	H	H+	H2
 4.62852e+21	1.68e-07	1.00e+00	3.03e-33
 1.02733e+22	3.23e-07	1.00e+00	2.41e-32
 1.17118e+22	4.04e-07	1.00e+00	2.46e-32
 1.23453e+22	4.49e-07	1.00e+00	3.48e-32
 1.26092e+22	4.61e-07	1.00e+00	3.79e-32
 1.27306e+22	4.76e-07	1.00e+00	4.21e-32
 1.28884e+22	4.95e-07	1.00e+00	4.84e-32
 1.30467e+22	5.11e-07	1.00e+00	5.38e-32
 1.32056e+22	5.32e-07	1.00e+00	6.17e-32
 1.33694e+22	5.49e-07	1.00e+00	6.89e-32
 1.35397e+22	5.73e-07	1.00e+00	7.98e-32
 1.37149e+22	5.92e-07	1.00e+00	8.96e-32
 1.38963e+22	6.19e-07	1.00e+00	1.05e-31
 1.40821e+22	6.40e-07	1.00e+00	1.18e-31
 1.42738e+22	6.70e-07	1.00e+00	1.39e-31
 1.44682e+22	6.93e-07	1.00e+00	1.57e-31
 1.46662e+22	7.27e-07	1.00e+00	1.85e-31
 1.48660e+22	7.53e-07	1.00e+00	2.10e-31
 1.50681e+22	7.90e-07	1.00e+00	2.33e-31
 1.52732e+22	8.19e-07	1.00e+00	2.65e-31
 1.54820e+22	8.62e-07	1.00e+00	3.16e-31
 1.56926e+22	8.96e-07	1.00e+00	3.60e-31
 1.58703e+22	9.28e-07	1.00e+00	4.06e-31
 1.60663e+22	9.76e-07	1.00e+00	4.78e-31
 1.62596e+22	1.01e-06	1.00e+00	5.38e-31
 1.64494e+22	1.06e-06	1.00e+00	6.25e-31
 1.66426e+22	1.10e-06	1.00e+00	7.04e-31
 1.68401e+22	1.16e-06	1.00e+00	8.24e-31
 1.70396e+22	1.21e-06	1.00e+00	9.29e-31
 1.72417e+22	1.28e-06	1.00e+00	1.09e-30
 1.74465e+22	1.33e-06	1.00e+00	1.23e-30
 1.76547e+22	1.41e-06	1.00e+00	1.44e-30
 1.78675e+22	1.48e-06	1.00e+00	1.63e-30
 1.80860e+22	1.58e-06	1.00e+00	1.91e-30
 1.83089e+22	1.66e-06	1.00e+00	2.17e-30
 1.85306e+22	1.77e-06	1.00e+00	2.53e-30
 1.87411e+22	1.86e-06	1.00e+00	2.82e-30
 1.89443e+22	1.98e-06	1.00e+00	3.23e-30
 1.91513e+22	2.08e-06	1.00e+00	3.60e-30
 1.93547e+22	2.21e-06	1.00e+00	4.08e-30
 1.95622e+22	2.34e-06	1.00e+00	4.54e-30
 1.97644e+22	2.48e-06	1.00e+00	5.04e-30
 1.99709e+22	2.63e-06	1.00e+00	5.57e-30
 2.01752e+22	2.79e-06	1.00e+00	6.16e-30
 2.03807e+22	2.95e-06	1.00e+00	6.80e-30
 2.05837e+22	3.13e-06	1.00e+00	7.49e-30
 2.07864e+22	3.31e-06	1.00e+00	8.24e-30
 2.09895e+22	3.51e-06	1.00e+00	9.07e-30
 2.11933e+22	3.72e-06	1.00e+00	9.99e-30
 2.13984e+22	3.94e-06	1.00e+00	1.10e-29
 2.16054e+22	4.18e-06	1.00e+00	1.22e-29
 2.18148e+22	4.42e-06	1.00e+00	1.36e-29
 2.20253e+22	4.68e-06	1.00e+00	1.53e-29
 2.22392e+22	4.97e-06	1.00e+00	1.73e-29
 2.24555e+22	5.26e-06	1.00e+00	2.01e-29
 2.26761e+22	5.59e-06	1.00e+00	2.31e-29
 2.28813e+22	5.86e-06	1.00e+00	2.61e-29
 2.30926e+22	6.23e-06	1.00e+00	3.07e-29
 2.33073e+22	6.54e-06	1.00e+00	3.53e-29
 2.35269e+22	6.97e-06	1.00e+00	4.25e-29
 2.37476e+22	7.30e-06	1.00e+00	4.94e-29
 2.39699e+22	7.77e-06	1.00e+00	6.04e-29
 2.41934e+22	8.14e-06	1.00e+00	7.09e-29
 2.44186e+22	8.66e-06	1.00e+00	8.80e-29
 2.46456e+22	9.07e-06	1.00e+00	1.04e-28
 2.48751e+22	9.64e-06	1.00e+00	1.31e-28
 2.51075e+22	1.01e-05	1.00e+00	1.57e-28
 2.53436e+22	1.07e-05	1.00e+00	1.99e-28
 2.55837e+22	1.13e-05	1.00e+00	2.41e-28
 2.58287e+22	1.20e-05	1.00e+00	3.10e-28
 2.60789e+22	1.26e-05	1.00e+00	3.79e-28
 2.63357e+22	1.34e-05	1.00e+00	4.94e-28
 2.65989e+22	1.41e-05	1.00e+00	6.10e-28
 2.68704e+22	1.51e-05	1.00e+00	8.08e-28
 2.71260e+22	1.57e-05	1.00e+00	9.69e-28
 2.73608e+22	1.66e-05	1.00e+00	1.23e-27
 2.75936e+22	1.73e-05	1.00e+00	1.47e-27
 2.78236e+22	1.83e-05	1.00e+00	1.86e-27
 2.80551e+22	1.91e-05	1.00e+00	2.23e-27
 2.82886e+22	2.01e-05	1.00e+00	2.82e-27
 2.85261e+22	2.10e-05	1.00e+00	3.39e-27
 2.87691e+22	2.22e-05	1.00e+00	4.32e-27
 2.90150e+22	2.32e-05	1.00e+00	5.22e-27
 2.92647e+22	2.45e-05	1.00e+00	6.68e-27
 2.95202e+22	2.56e-05	1.00e+00	8.13e-27
 2.97834e+22	2.72e-05	1.00e+00	1.05e-26
 3.00516e+22	2.84e-05	1.00e+00	1.29e-26
 3.03266e+22	3.02e-05	1.00e+00	1.69e-26
 3.06076e+22	3.16e-05	1.00e+00	2.09e-26
 3.08965e+22	3.37e-05	1.00e+00	2.76e-26
 3.11889e+22	3.53e-05	1.00e+00	3.42e-26
 3.14858e+22	3.76e-05	1.00e+00	4.55e-26
 3.17863e+22	3.95e-05	1.00e+00	5.66e-26
 3.20914e+22	4.21e-05	1.00e+00	7.56e-26
 3.23893e+22	4.41e-05	1.00e+00	9.31e-26
 3.26779e+22	4.68e-05	1.00e+00	1.22e-25
 3.29801e+22	4.92e-05	1.00e+00	1.53e-25
 3.32353e+22	5.13e-05	1.00e+00	1.86e-25
 3.35024e+22	5.41e-05	1.00e+00	2.37e-25
 3.37777e+22	5.67e-05	1.00e+00	2.91e-25
 3.40237e+22	5.92e-05	1.00e+00	3.55e-25
 3.43035e+22	6.25e-05	1.00e+00	4.56e-25
 3.45951e+22	6.56e-05	1.00e+00	5.70e-25
 3.48578e+22	6.87e-05	1.00e+00	7.03e-25
 3.51548e+22	7.27e-05	1.00e+00	9.15e-25
 3.54632e+22	7.65e-05	1.00e+00	1.16e-24
 3.57396e+22	8.03e-05	1.00e+00	1.44e-24
 3.60521e+22	8.52e-05	1.00e+00	1.90e-24
 3.63748e+22	8.99e-05	1.00e+00	2.42e-24
 3.66628e+22	9.44e-05	1.00e+00	3.04e-24
 3.69891e+22	1.00e-04	1.00e+00	4.05e-24
 3.73273e+22	1.06e-04	1.00e+00	5.22e-24
 3.76309e+22	1.12e-04	1.00e+00	6.63e-24
 3.79754e+22	1.19e-04	1.00e+00	9.00e-24
 3.83304e+22	1.26e-04	1.00e+00	1.17e-23
 3.86505e+22	1.33e-04	1.00e+00	1.51e-23
 3.90181e+22	1.43e-04	1.00e+00	2.09e-23
 3.93895e+22	1.52e-04	1.00e+00	2.73e-23
 3.97661e+22	1.63e-04	1.00e+00	3.81e-23
 4.01471e+22	1.73e-04	1.00e+00	5.00e-23
 4.05337e+22	1.86e-04	1.00e+00	7.09e-23
 4.09239e+22	1.98e-04	1.00e+00	9.33e-23
 4.13187e+22	2.13e-04	1.00e+00	1.29e-22
 4.17177e+22	2.27e-04	1.00e+00	1.71e-22
 4.21220e+22	2.45e-04	1.00e+00	2.47e-22
 4.25316e+22	2.61e-04	1.00e+00	3.30e-22
 4.29480e+22	2.82e-04	1.00e+00	4.85e-22
 4.33564e+22	2.99e-04	1.00e+00	6.40e-22
 4.37542e+22	3.23e-04	1.00e+00	9.28e-22
 4.41379e+22	3.41e-04	1.00e+00	1.20e-21
 4.45030e+22	3.66e-04	1.00e+00	1.70e-21
 4.48675e+22	3.86e-04	1.00e+00	2.21e-21
 4.52311e+22	4.12e-04	1.00e+00	3.10e-21
 4.56080e+22	4.38e-04	1.00e+00	4.22e-21
 4.59461e+22	4.62e-04	1.00e+00	5.60e-21
 4.63297e+22	4.97e-04	1.00e+00	8.23e-21
 4.67193e+22	5.27e-04	9.99e-01	1.15e-20
 4.70647e+22	5.58e-04	9.99e-01	1.56e-20
 4.73995e+22	5.88e-04	9.99e-01	2.15e-20
 4.77086e+22	6.18e-04	9.99e-01	2.81e-20
 4.80024e+22	6.48e-04	9.99e-01	3.72e-20
 4.83404e+22	6.89e-04	9.99e-01	5.26e-20
 4.86831e+22	7.25e-04	9.99e-01	7.16e-20
 4.89824e+22	7.61e-04	9.99e-01	9.46e-20
 4.93217e+22	8.09e-04	9.99e-01	1.37e-19
 4.96676e+22	8.52e-04	9.99e-01	1.87e-19
 4.99736e+22	8.94e-04	9.99e-01	2.57e-19
 5.03230e+22	9.52e-04	9.99e-01	3.92e-19
 5.06774e+22	1.00e-03	9.99e-01	5.54e-19
 5.09901e+22	1.05e-03	9.99e-01	7.99e-19
 5.13484e+22	1.12e-03	9.99e-01	1.35e-18
 5.16665e+22	1.17e-03	9.99e-01	2.05e-18
 5.19324e+22	1.22e-03	9.99e-01	3.43e-18
 5.22781e+22	1.30e-03	9.99e-01	6.14e-18
 5.26420e+22	1.37e-03	9.99e-01	1.07e-17
 5.30296e+22	1.47e-03	9.99e-01	4.16e-17
 5.34129e+22	1.55e-03	9.98e-01	7.80e-17
 5.37907e+22	1.65e-03	9.98e-01	1.94e-16
 5.41838e+22	1.75e-03	9.98e-01	3.14e-16
 5.45967e+22	1.88e-03	9.98e-01	5.46e-16
 5.50167e+22	1.99e-03	9.98e-01	8.20e-16
 5.53896e+22	2.11e-03	9.98e-01	1.13e-15
 5.57090e+22	2.20e-03	9.98e-01	1.48e-15
 5.60148e+22	2.32e-03	9.98e-01	1.94e-15
 5.63279e+22	2.42e-03	9.98e-01	2.39e-15
 5.66080e+22	2.52e-03	9.97e-01	2.90e-15
 5.69299e+22	2.66e-03	9.97e-01	3.64e-15
 5.72581e+22	2.78e-03	9.97e-01	4.40e-15
 5.75485e+22	2.91e-03	9.97e-01	5.26e-15
 5.78801e+22	3.08e-03	9.97e-01	6.55e-15
 5.82142e+22	3.22e-03	9.97e-01	7.75e-15
 5.85518e+22	3.40e-03	9.97e-01	9.56e-15
 5.88996e+22	3.57e-03	9.96e-01	1.15e-14
 5.92127e+22	3.74e-03	9.96e-01	1.37e-14
 5.95714e+22	3.97e-03	9.96e-01	1.72e-14
 5.99353e+22	4.17e-03	9.96e-01	2.06e-14
 6.03060e+22	4.42e-03	9.96e-01	2.59e-14
 6.06905e+22	4.66e-03	9.95e-01	3.17e-14
 6.10931e+22	4.98e-03	9.95e-01	4.07e-14
 6.14967e+22	5.25e-03	9.95e-01	4.98e-14
 6.19018e+22	5.61e-03	9.94e-01	6.41e-14
 6.23119e+22	5.91e-03	9.94e-01	7.83e-14
 6.27286e+22	6.31e-03	9.94e-01	1.01e-13
 6.31589e+22	6.67e-03	9.93e-01	1.26e-13
 6.36067e+22	7.19e-03	9.93e-01	1.68e-13
 6.40532e+22	7.58e-03	9.92e-01	2.08e-13
 6.44980e+22	8.15e-03	9.92e-01	2.75e-13
 6.49561e+22	8.63e-03	9.91e-01	3.46e-13
 6.54316e+22	9.33e-03	9.91e-01	4.68e-13
 6.59182e+22	9.90e-03	9.90e-01	5.93e-13
 6.64192e+22	1.08e-02	9.89e-01	8.20e-13
 6.69338e+22	1.15e-02	9.89e-01	1.05e-12
 6.74658e+22	1.25e-02	9.87e-01	1.49e-12
 6.80157e+22	1.35e-02	9.87e-01	1.96e-12
 6.85889e+22	1.49e-02	9.85e-01	2.85e-12
 6.91871e+22	1.61e-02	9.84e-01	3.91e-12
 6.98058e+22	1.81e-02	9.82e-01	5.91e-12
 7.03423e+22	1.91e-02	9.81e-01	7.41e-12
 7.07836e+22	2.09e-02	9.79e-01	1.01e-11
 7.12505e+22	2.26e-02	9.77e-01	1.34e-11
 7.17506e+22	2.52e-02	9.75e-01	1.95e-11
 7.22594e+22	2.77e-02	9.72e-01	2.68e-11
 7.27795e+22	3.16e-02	9.68e-01	4.10e-11
 7.33198e+22	3.58e-02	9.64e-01	6.06e-11
 7.37494e+22	3.99e-02	9.60e-01	8.37e-11
 7.41113e+22	4.44e-02	9.56e-01	1.14e-10
 7.45223e+22	5.13e-02	9.49e-01	1.73e-10
 7.49574e+22	6.00e-02	9.40e-01	2.64e-10
 7.53434e+22	7.02e-02	9.30e-01	3.99e-10
 7.56983e+22	8.28e-02	9.17e-01	6.04e-10
 7.60300e+22	9.83e-02	9.02e-01	9.13e-10
 7.63373e+22	1.17e-01	8.83e-01	1.38e-09
 7.66183e+22	1.40e-01	8.60e-01	2.08e-09
 7.68720e+22	1.67e-01	8.33e-01	3.05e-09
 7.71028e+22	1.98e-01	8.02e-01	4.42e-09
 7.73137e+22	2.33e-01	7.67e-01	6.26e-09
 7.74462e+22	2.57e-01	7.43e-01	7.60e-09
 7.74958e+22	2.67e-01	7.33e-01	8.19e-09
 7.75358e+22	2.75e-01	7.25e-01	8.78e-09
 7.75879e+22	2.87e-01	7.13e-01	9.57e-09
 7.76500e+22	3.01e-01	6.99e-01	1.06e-08
 7.77125e+22	3.17e-01	6.83e-01	1.18e-08
 7.77702e+22	3.30e-01	6.70e-01	1.29e-08
 7.78291e+22	3.46e-01	6.54e-01	1.43e-08
 7.78900e+22	3.62e-01	6.38e-01	1.56e-08
 7.79523e+22	3.79e-01	6.21e-01	1.72e-08
 7.80169e+22	3.98e-01	6.02e-01	1.90e-08
 7.80795e+22	4.15e-01	5.85e-01	2.08e-08
 7.81427e+22	4.34e-01	5.66e-01	2.28e-08
 7.82101e+22	4.54e-01	5.46e-01	2.50e-08
 7.82804e+22	4.75e-01	5.25e-01	2.73e-08
 7.83537e+22	4.97e-01	5.03e-01	3.00e-08
 7.84295e+22	5.20e-01	4.80e-01	3.29e-08
 7.85049e+22	5.42e-01	4.58e-01	3.57e-08
 7.85639e+22	5.58e-01	4.42e-01	3.76e-08
 7.86034e+22	5.69e-01	4.31e-01	3.91e-08
 7.86412e+22	5.79e-01	4.21e-01	4.06e-08
 7.86853e+22	5.92e-01	4.08e-01	4.23e-08
 7.87335e+22	6.05e-01	3.95e-01	4.43e-08
 7.87803e+22	6.17e-01	3.83e-01	4.59e-08
 7.88265e+22	6.28e-01	3.72e-01	4.77e-08
 7.88743e+22	6.40e-01	3.60e-01	4.95e-08
 7.89225e+22	6.52e-01	3.48e-01	5.13e-08
 7.89713e+22	6.64e-01	3.36e-01	5.32e-08
 7.90202e+22	6.74e-01	3.26e-01	5.48e-08
 7.90706e+22	6.85e-01	3.15e-01	5.67e-08
 7.91233e+22	6.96e-01	3.04e-01	5.86e-08
 7.91759e+22	7.07e-01	2.93e-01	6.04e-08
 7.92291e+22	7.17e-01	2.83e-01	6.21e-08
 7.92843e+22	7.27e-01	2.73e-01	6.39e-08
 7.93414e+22	7.37e-01	2.63e-01	6.58e-08
 7.93994e+22	7.46e-01	2.54e-01	6.76e-08
 7.94584e+22	7.55e-01	2.45e-01	6.94e-08
 7.95196e+22	7.65e-01	2.35e-01	7.13e-08
 7.95827e+22	7.74e-01	2.26e-01	7.31e-08
 7.96471e+22	7.82e-01	2.18e-01	7.50e-08
 7.97129e+22	7.90e-01	2.10e-01	7.69e-08
 7.97808e+22	7.99e-01	2.01e-01	7.88e-08
 7.98510e+22	8.07e-01	1.93e-01	8.08e-08
 7.99232e+22	8.14e-01	1.86e-01	8.28e-08
 7.99971e+22	8.22e-01	1.78e-01	8.48e-08
 8.00730e+22	8.29e-01	1.71e-01	8.69e-08
 8.01513e+22	8.36e-01	1.64e-01	8.89e-08
 8.02308e+22	8.42e-01	1.58e-01	9.10e-08
 8.03111e+22	8.48e-01	1.52e-01	9.32e-08
 8.03938e+22	8.55e-01	1.45e-01	9.55e-08
 8.04791e+22	8.60e-01	1.40e-01	9.79e-08
 8.05636e+22	8.66e-01	1.34e-01	1.00e-07
 8.06478e+22	8.71e-01	1.29e-01	1.03e-07
 8.07357e+22	8.76e-01	1.24e-01	1.05e-07
 8.08252e+22	8.81e-01	1.19e-01	1.08e-07
 8.09150e+22	8.85e-01	1.15e-01	1.11e-07
 8.10070e+22	8.89e-01	1.11e-01	1.14e-07
 8.11018e+22	8.93e-01	1.07e-01	1.17e-07
 8.11981e+22	8.97e-01	1.03e-01	1.21e-07
 8.12956e+22	9.01e-01	9.88e-02	1.25e-07
 8.13958e+22	9.05e-01	9.51e-02	1.29e-07
 8.14987e+22	9.08e-01	9.16e-02	1.34e-07
 8.16001e+22	9.12e-01	8.83e-02	1.39e-07
 8.16964e+22	9.15e-01	8.54e-02	1.43e-07
 8.17852e+22	9.17e-01	8.29e-02	1.47e-07
 8.18674e+22	9.19e-01	8.07e-02	1.51e-07
 8.19436e+22	9.21e-01	7.87e-02	1.55e-07
 8.20171e+22	9.23e-01	7.69e-02	1.60e-07
 8.20909e+22	9.25e-01	7.51e-02	1.65e-07
 8.21634e+22	9.27e-01	7.31e-02	1.70e-07
 8.22313e+22	9.28e-01	7.15e-02	1.75e-07
 8.22944e+22	9.30e-01	7.01e-02	1.80e-07
 8.23580e+22	9.31e-01	6.85e-02	1.85e-07
 8.24193e+22	9.33e-01	6.71e-02	1.90e-07
 8.24772e+22	9.34e-01	6.58e-02	1.95e-07
 8.25346e+22	9.35e-01	6.45e-02	2.02e-07
 8.25897e+22	9.37e-01	6.33e-02	2.07e-07
 8.26415e+22	9.38e-01	6.21e-02	2.13e-07
 8.26922e+22	9.39e-01	6.10e-02	2.20e-07
 8.27417e+22	9.40e-01	5.99e-02	2.26e-07
 8.27882e+22	9.41e-01	5.89e-02	2.33e-07
 8.28305e+22	9.42e-01	5.80e-02	2.39e-07
 8.28689e+22	9.43e-01	5.72e-02	2.44e-07
 8.29040e+22	9.44e-01	5.64e-02	2.49e-07
 8.29358e+22	9.44e-01	5.58e-02	2.54e-07
 8.29649e+22	9.45e-01	5.52e-02	2.58e-07
 8.29913e+22	9.45e-01	5.47e-02	2.62e-07
 8.30202e+22	9.46e-01	5.40e-02	2.67e-07
 8.30514e+22	9.47e-01	5.33e-02	2.71e-07
 8.30798e+22	9.47e-01	5.27e-02	2.75e-07
 8.31057e+22	9.48e-01	5.22e-02	2.80e-07
 8.31292e+22	9.48e-01	5.18e-02	2.82e-07
 8.31550e+22	9.49e-01	5.12e-02	2.85e-07
 8.31885e+22	9.50e-01	5.04e-02	2.90e-07
 8.32247e+22	9.50e-01	4.96e-02	2.94e-07
 8.32576e+22	9.51e-01	4.89e-02	2.97e-07
 8.32876e+22	9.52e-01	4.84e-02	2.99e-07
 8.33204e+22	9.52e-01	4.78e-02	3.02e-07
 8.33559e+22	9.53e-01	4.71e-02	3.04e-07
 8.33882e+22	9.53e-01	4.66e-02	3.06e-07
 8.34175e+22	9.54e-01	4.61e-02	3.07e-07
 8.34442e+22	9.54e-01	4.58e-02	3.09e-07
 8.34735e+22	9.55e-01	4.52e-02	3.09e-07
 8.35116e+22	9.56e-01	4.44e-02	3.10e-07
 8.35527e+22	9.56e-01	4.37e-02	3.11e-07
 8.35900e+22	9.57e-01	4.31e-02	3.12e-07
 8.36241e+22	9.57e-01	4.27e-02	3.12e-07
 8.36550e+22	9.58e-01	4.22e-02	3.12e-07
 8.36832e+22	9.58e-01	4.18e-02	3.11e-07
 8.37141e+22	9.59e-01	4.13e-02	3.11e-07
 8.37474e+22	9.59e-01	4.07e-02	3.10e-07
 8.37777e+22	9.60e-01	4.03e-02	3.09e-07
 8.38053e+22	9.60e-01	3.99e-02	3.08e-07
 8.38305e+22	9.60e-01	3.96e-02	3.08e-07
 8.38580e+22	9.61e-01	3.91e-02	3.06e-07
 8.38938e+22	9.61e-01	3.85e-02	3.05e-07
 8.39324e+22	9.62e-01	3.78e-02	3.03e-07
 8.39676e+22	9.63e-01	3.74e-02	3.02e-07
 8.39995e+22	9.63e-01	3.70e-02	3.01e-07
 8.40286e+22	9.63e-01	3.66e-02	2.99e-07
 8.40551e+22	9.64e-01	3.63e-02	2.98e-07
 8.40842e+22	9.64e-01	3.58e-02	2.96e-07
 8.41155e+22	9.65e-01	3.54e-02	2.94e-07
 8.41440e+22	9.65e-01	3.50e-02	2.93e-07
 8.41753e+22	9.65e-01	3.46e-02	2.91e-07
 8.42090e+22	9.66e-01	3.41e-02	2.89e-07
 8.42397e+22	9.66e-01	3.38e-02	2.88e-07
 8.42676e+22	9.67e-01	3.34e-02	2.86e-07
 8.42931e+22	9.67e-01	3.33e-02	2.86e-07
 8.43209e+22	9.67e-01	3.29e-02	2.84e-07
 8.43571e+22	9.68e-01	3.25e-02	2.83e-07
 8.43962e+22	9.68e-01	3.20e-02	2.83e-07
 8.44318e+22	9.68e-01	3.16e-02	2.81e-07
 8.44642e+22	9.69e-01	3.14e-02	2.81e-07
 8.44997e+22	9.69e-01	3.10e-02	2.79e-07
 8.45380e+22	9.69e-01	3.06e-02	2.78e-07
 8.45728e+22	9.70e-01	3.02e-02	2.77e-07
 8.46110e+22	9.70e-01	2.98e-02	2.75e-07
 8.46522e+22	9.71e-01	2.94e-02	2.74e-07
 8.46898e+22	9.71e-01	2.91e-02	2.73e-07
 8.47309e+22	9.71e-01	2.87e-02	2.72e-07
 8.47753e+22	9.72e-01	2.82e-02	2.71e-07
 8.48156e+22	9.72e-01	2.79e-02	2.70e-07
 8.48524e+22	9.72e-01	2.76e-02	2.68e-07
 8.48859e+22	9.73e-01	2.74e-02	2.68e-07
 8.49225e+22	9.73e-01	2.71e-02	2.66e-07
 8.49621e+22	9.73e-01	2.67e-02	2.65e-07
 8.49981e+22	9.73e-01	2.65e-02	2.65e-07
 8.50375e+22	9.74e-01	2.61e-02	2.63e-07
 8.50801e+22	9.74e-01	2.58e-02	2.63e-07
 8.51189e+22	9.75e-01	2.54e-02	2.61e-07
 8.51542e+22	9.75e-01	2.53e-02	2.61e-07
 8.51928e+22	9.75e-01	2.50e-02	2.59e-07
 8.52346e+22	9.75e-01	2.46e-02	2.59e-07
 8.52725e+22	9.76e-01	2.44e-02	2.59e-07
 8.53142e+22	9.76e-01	2.41e-02	2.58e-07
 8.53591e+22	9.76e-01	2.37e-02	2.58e-07
 8.54000e+22	9.77e-01	2.35e-02	2.58e-07
 8.54448e+22	9.77e-01	2.32e-02	2.57e-07
 8.54931e+22	9.77e-01	2.28e-02	2.57e-07
 8.55371e+22	9.77e-01	2.26e-02	2.57e-07
 8.55854e+22	9.78e-01	2.22e-02	2.56e-07
 8.56374e+22	9.78e-01	2.19e-02	2.56e-07
 8.56848e+22	9.78e-01	2.16e-02	2.56e-07
 8.57367e+22	9.79e-01	2.13e-02	2.54e-07
 8.57928e+22	9.79e-01	2.10e-02	2.55e-07
 8.58438e+22	9.79e-01	2.07e-02	2.54e-07
 8.58902e+22	9.80e-01	2.05e-02	2.54e-07
 8.59410e+22	9.80e-01	2.02e-02	2.53e-07
 8.59959e+22	9.80e-01	1.98e-02	2.53e-07
 8.60459e+22	9.80e-01	1.96e-02	2.53e-07
 8.61007e+22	9.81e-01	1.93e-02	2.52e-07
 8.61598e+22	9.81e-01	1.90e-02	2.52e-07
 8.62136e+22	9.81e-01	1.88e-02	2.52e-07
 8.62725e+22	9.82e-01	1.85e-02	2.51e-07
 8.63361e+22	9.82e-01	1.82e-02	2.51e-07
 8.63940e+22	9.82e-01	1.79e-02	2.51e-07
 8.64467e+22	9.82e-01	1.77e-02	2.50e-07
 8.65045e+22	9.83e-01	1.75e-02	2.49e-07
 8.65668e+22	9.83e-01	1.72e-02	2.50e-07
 8.66235e+22	9.83e-01	1.70e-02	2.49e-07
 8.66857e+22	9.83e-01	1.67e-02	2.49e-07
 8.67528e+22	9.84e-01	1.64e-02	2.49e-07
 8.68139e+22	9.84e-01	1.62e-02	2.49e-07
 8.68808e+22	9.84e-01	1.59e-02	2.48e-07
 8.69530e+22	9.84e-01	1.56e-02	2.49e-07
 8.70188e+22	9.85e-01	1.54e-02	2.48e-07
 8.70786e+22	9.85e-01	1.52e-02	2.48e-07
 8.71442e+22	9.85e-01	1.50e-02	2.47e-07
 8.72149e+22	9.85e-01	1.47e-02	2.47e-07
 8.72793e+22	9.86e-01	1.45e-02	2.47e-07
 8.73499e+22	9.86e-01	1.43e-02	2.47e-07
 8.74261e+22	9.86e-01	1.40e-02	2.47e-07
 8.74954e+22	9.86e-01	1.38e-02	2.47e-07
 8.75714e+22	9.86e-01	1.36e-02	2.47e-07
 8.76534e+22	9.87e-01	1.33e-02	2.47e-07
 8.77281e+22	9.87e-01	1.31e-02	2.47e-07
 8.78099e+22	9.87e-01	1.29e-02	2.47e-07
 8.78982e+22	9.87e-01	1.26e-02	2.47e-07
 8.79785e+22	9.88e-01	1.24e-02	2.47e-07
 8.80666e+22	9.88e-01	1.22e-02	2.47e-07
 8.81616e+22	9.88e-01	1.19e-02	2.47e-07
 8.82481e+22	9.88e-01	1.17e-02	2.47e-07
 8.83268e+22	9.88e-01	1.15e-02	2.47e-07
 8.84131e+22	9.89e-01	1.13e-02	2.47e-07
 8.85252e+22	9.89e-01	1.10e-02	2.47e-07
 8.86505e+22	9.89e-01	1.07e-02	2.48e-07
 8.87739e+22	9.90e-01	1.04e-02	2.48e-07
 8.88986e+22	9.90e-01	1.02e-02	2.48e-07
 8.90263e+22	9.90e-01	9.89e-03	2.48e-07
 8.91561e+22	9.90e-01	9.63e-03	2.48e-07
 8.92873e+22	9.91e-01	9.37e-03	2.48e-07
 8.94201e+22	9.91e-01	9.12e-03	2.48e-07
 8.95546e+22	9.91e-01	8.88e-03	2.48e-07
 8.96907e+22	9.91e-01	8.64e-03	2.48e-07
 8.98284e+22	9.92e-01	8.40e-03	2.48e-07
 8.99677e+22	9.92e-01	8.17e-03	2.48e-07
 9.01084e+22	9.92e-01	7.94e-03	2.49e-07
 9.02506e+22	9.92e-01	7.71e-03	2.49e-07
 9.03942e+22	9.93e-01	7.50e-03	2.49e-07
 9.05390e+22	9.93e-01	7.28e-03	2.49e-07
 9.06850e+22	9.93e-01	7.07e-03	2.49e-07
 9.08324e+22	9.93e-01	6.87e-03	2.50e-07
 9.09813e+22	9.93e-01	6.67e-03	2.50e-07
 9.11316e+22	9.94e-01	6.48e-03	2.50e-07
 9.12832e+22	9.94e-01	6.29e-03	2.51e-07
 9.14361e+22	9.94e-01	6.10e-03	2.51e-07
 9.15902e+22	9.94e-01	5.92e-03	2.51e-07
 9.17459e+22	9.94e-01	5.74e-03	2.52e-07
 9.19057e+22	9.94e-01	5.56e-03	2.52e-07
 9.20690e+22	9.95e-01	5.39e-03	2.53e-07
 9.22338e+22	9.95e-01	5.22e-03	2.54e-07
 9.24004e+22	9.95e-01	5.06e-03	2.54e-07
 9.25272e+22	9.95e-01	4.97e-03	2.55e-07
