#depth	Ar	Ar+	Ar+2	Ar+3	Ar+4	Ar+5	Ar+6	Ar+7	Ar+8	Ar+9	Ar+10	Ar+11	Ar+12	Ar+13	Ar+14	Ar+15	Ar+16	Ar+17	Ar+18
 4.62852e+21	1.67e-27	4.05e-21	4.80e-16	9.64e-14	9.50e-12	3.26e-10	5.85e-09	1.33e-07	7.14e-05	2.69e-03	2.95e-02	1.08e-01	2.75e-01	2.61e-01	1.33e-01	7.39e-02	1.01e-01	1.51e-02	7.63e-04
 1.02733e+22	5.27e-25	9.25e-19	7.80e-14	8.45e-12	4.69e-10	9.03e-09	8.73e-08	1.10e-06	3.72e-04	1.11e-02	8.54e-02	2.14e-01	3.58e-01	2.14e-01	6.81e-02	2.46e-02	2.24e-02	1.95e-03	5.77e-05
 1.17118e+22	3.64e-24	5.61e-18	4.12e-13	3.72e-11	1.74e-09	2.83e-08	2.26e-07	2.37e-06	6.60e-04	1.72e-02	1.15e-01	2.50e-01	3.58e-01	1.81e-01	4.90e-02	1.54e-02	1.22e-02	8.75e-04	2.14e-05
 1.23453e+22	8.93e-24	1.29e-17	8.87e-13	7.38e-11	3.21e-09	4.82e-08	3.53e-07	3.40e-06	8.64e-04	2.10e-02	1.31e-01	2.66e-01	3.54e-01	1.65e-01	4.13e-02	1.22e-02	9.08e-03	5.92e-04	1.32e-05
 1.26092e+22	1.12e-23	1.59e-17	1.07e-12	8.74e-11	3.74e-09	5.50e-08	3.95e-07	3.72e-06	9.25e-04	2.21e-02	1.35e-01	2.69e-01	3.52e-01	1.61e-01	3.95e-02	1.15e-02	8.41e-03	5.36e-04	1.17e-05
 1.27306e+22	1.47e-23	2.05e-17	1.36e-12	1.08e-10	4.51e-09	6.48e-08	4.53e-07	4.16e-06	1.01e-03	2.35e-02	1.40e-01	2.74e-01	3.49e-01	1.56e-01	3.73e-02	1.07e-02	7.65e-03	4.74e-04	1.00e-05
 1.28884e+22	2.10e-23	2.85e-17	1.83e-12	1.41e-10	5.74e-09	8.00e-08	5.41e-07	4.81e-06	1.12e-03	2.54e-02	1.47e-01	2.80e-01	3.46e-01	1.49e-01	3.47e-02	9.71e-03	6.76e-03	4.03e-04	8.24e-06
 1.30467e+22	2.76e-23	3.66e-17	2.31e-12	1.74e-10	6.91e-09	9.41e-08	6.21e-07	5.38e-06	1.22e-03	2.70e-02	1.53e-01	2.84e-01	3.43e-01	1.44e-01	3.27e-02	9.00e-03	6.14e-03	3.56e-04	7.07e-06
 1.32056e+22	3.90e-23	5.05e-17	3.10e-12	2.26e-10	8.75e-09	1.16e-07	7.38e-07	6.20e-06	1.35e-03	2.91e-02	1.60e-01	2.89e-01	3.39e-01	1.38e-01	3.04e-02	8.16e-03	5.43e-03	3.03e-04	5.81e-06
 1.33694e+22	5.16e-23	6.53e-17	3.92e-12	2.80e-10	1.06e-08	1.37e-07	8.49e-07	6.95e-06	1.47e-03	3.09e-02	1.66e-01	2.93e-01	3.35e-01	1.33e-01	2.86e-02	7.53e-03	4.91e-03	2.67e-04	4.96e-06
 1.35397e+22	7.46e-23	9.17e-17	5.34e-12	3.70e-10	1.36e-08	1.70e-07	1.02e-06	8.08e-06	1.64e-03	3.34e-02	1.74e-01	2.98e-01	3.30e-01	1.26e-01	2.63e-02	6.77e-03	4.29e-03	2.24e-04	4.01e-06
 1.37149e+22	9.98e-23	1.20e-16	6.81e-12	4.61e-10	1.65e-08	2.02e-07	1.18e-06	9.10e-06	1.80e-03	3.56e-02	1.80e-01	3.01e-01	3.25e-01	1.21e-01	2.46e-02	6.21e-03	3.86e-03	1.95e-04	3.39e-06
 1.38963e+22	1.46e-22	1.70e-16	9.39e-12	6.15e-10	2.14e-08	2.53e-07	1.43e-06	1.06e-05	2.02e-03	3.86e-02	1.89e-01	3.06e-01	3.19e-01	1.14e-01	2.25e-02	5.54e-03	3.34e-03	1.62e-04	2.71e-06
 1.40821e+22	1.98e-22	2.25e-16	1.21e-11	7.71e-10	2.62e-08	3.02e-07	1.66e-06	1.20e-05	2.21e-03	4.11e-02	1.96e-01	3.09e-01	3.14e-01	1.09e-01	2.09e-02	5.06e-03	2.99e-03	1.41e-04	2.27e-06
 1.42738e+22	2.93e-22	3.22e-16	1.68e-11	1.04e-09	3.42e-08	3.82e-07	2.02e-06	1.41e-05	2.49e-03	4.46e-02	2.05e-01	3.13e-01	3.06e-01	1.03e-01	1.90e-02	4.48e-03	2.57e-03	1.16e-04	1.80e-06
 1.44682e+22	3.97e-22	4.27e-16	2.16e-11	1.31e-09	4.20e-08	4.57e-07	2.35e-06	1.60e-05	2.72e-03	4.75e-02	2.12e-01	3.15e-01	3.00e-01	9.78e-02	1.76e-02	4.07e-03	2.28e-03	9.97e-05	1.50e-06
 1.46662e+22	5.96e-22	6.18e-16	3.03e-11	1.77e-09	5.51e-08	5.80e-07	2.87e-06	1.88e-05	3.07e-03	5.15e-02	2.22e-01	3.19e-01	2.92e-01	9.13e-02	1.59e-02	3.58e-03	1.94e-03	8.12e-05	1.17e-06
 1.48660e+22	8.07e-22	8.17e-16	3.89e-11	2.22e-09	6.76e-08	6.94e-07	3.34e-06	2.13e-05	3.37e-03	5.48e-02	2.29e-01	3.20e-01	2.86e-01	8.67e-02	1.47e-02	3.24e-03	1.72e-03	6.97e-05	9.69e-07
 1.50681e+22	1.21e-21	1.18e-15	5.45e-11	3.01e-09	8.87e-08	8.81e-07	4.09e-06	2.51e-05	3.80e-03	5.94e-02	2.39e-01	3.23e-01	2.77e-01	8.07e-02	1.32e-02	2.83e-03	1.46e-03	5.64e-05	7.50e-07
 1.52732e+22	1.65e-21	1.57e-15	7.04e-11	3.79e-09	1.09e-07	1.06e-06	4.76e-06	2.85e-05	4.16e-03	6.32e-02	2.47e-01	3.24e-01	2.70e-01	7.62e-02	1.21e-02	2.56e-03	1.29e-03	4.81e-05	6.18e-07
 1.54820e+22	2.50e-21	2.30e-15	9.93e-11	5.17e-09	1.44e-07	1.35e-06	5.86e-06	3.37e-05	4.70e-03	6.85e-02	2.57e-01	3.25e-01	2.60e-01	7.04e-02	1.08e-02	2.22e-03	1.08e-03	3.84e-05	4.71e-07
 1.56926e+22	3.43e-21	3.07e-15	1.29e-10	6.54e-09	1.78e-07	1.63e-06	6.85e-06	3.84e-05	5.16e-03	7.28e-02	2.65e-01	3.25e-01	2.53e-01	6.62e-02	9.88e-03	1.99e-03	9.42e-04	3.24e-05	3.84e-07
 1.58703e+22	4.59e-21	4.00e-15	1.64e-10	8.11e-09	2.17e-07	1.93e-06	7.91e-06	4.31e-05	5.62e-03	7.69e-02	2.72e-01	3.26e-01	2.46e-01	6.25e-02	9.08e-03	1.79e-03	8.31e-04	2.77e-05	3.17e-07
 1.60663e+22	6.75e-21	5.69e-15	2.24e-10	1.08e-08	2.80e-07	2.42e-06	9.59e-06	5.05e-05	6.30e-03	8.27e-02	2.81e-01	3.25e-01	2.36e-01	5.77e-02	8.09e-03	1.56e-03	6.99e-04	2.23e-05	2.44e-07
 1.62596e+22	8.92e-21	7.33e-15	2.82e-10	1.33e-08	3.38e-07	2.86e-06	1.10e-05	5.66e-05	6.83e-03	8.71e-02	2.88e-01	3.25e-01	2.29e-01	5.43e-02	7.44e-03	1.41e-03	6.17e-04	1.90e-05	2.02e-07
 1.64494e+22	1.28e-20	1.02e-14	3.80e-10	1.74e-08	4.31e-07	3.55e-06	1.32e-05	6.59e-05	7.61e-03	9.33e-02	2.97e-01	3.23e-01	2.20e-01	5.01e-02	6.63e-03	1.23e-03	5.21e-04	1.54e-05	1.56e-07
 1.66426e+22	1.71e-20	1.33e-14	4.80e-10	2.15e-08	5.23e-07	4.20e-06	1.53e-05	7.41e-05	8.28e-03	9.83e-02	3.04e-01	3.22e-01	2.13e-01	4.70e-02	6.05e-03	1.10e-03	4.56e-04	1.30e-05	1.28e-07
 1.68401e+22	2.50e-20	1.87e-14	6.52e-10	2.83e-08	6.73e-07	5.27e-06	1.85e-05	8.68e-05	9.25e-03	1.05e-01	3.13e-01	3.20e-01	2.03e-01	4.30e-02	5.34e-03	9.47e-04	3.80e-04	1.03e-05	0.00e+00
 1.70396e+22	3.34e-20	2.43e-14	8.25e-10	3.51e-08	8.18e-07	6.26e-06	2.14e-05	9.80e-05	1.01e-02	1.11e-01	3.20e-01	3.18e-01	1.96e-01	4.01e-02	4.84e-03	8.44e-04	3.30e-04	8.65e-06	0.00e+00
 1.72417e+22	4.88e-20	3.44e-14	1.12e-09	4.64e-08	1.06e-06	7.88e-06	2.60e-05	1.15e-04	1.13e-02	1.19e-01	3.28e-01	3.14e-01	1.86e-01	3.64e-02	4.23e-03	7.20e-04	2.72e-04	6.79e-06	0.00e+00
 1.74465e+22	6.54e-20	4.48e-14	1.42e-09	5.75e-08	1.29e-06	9.40e-06	3.02e-05	1.31e-04	1.23e-02	1.25e-01	3.35e-01	3.11e-01	1.78e-01	3.37e-02	3.81e-03	6.37e-04	2.34e-04	5.63e-06	0.00e+00
 1.76547e+22	9.59e-20	6.32e-14	1.93e-09	7.60e-08	1.67e-06	1.19e-05	3.68e-05	1.54e-04	1.38e-02	1.34e-01	3.43e-01	3.07e-01	1.68e-01	3.03e-02	3.30e-03	5.39e-04	1.91e-04	4.36e-06	0.00e+00
 1.78675e+22	1.30e-19	8.31e-14	2.45e-09	9.49e-08	2.05e-06	1.43e-05	4.32e-05	1.76e-04	1.52e-02	1.42e-01	3.49e-01	3.03e-01	1.60e-01	2.78e-02	2.94e-03	4.70e-04	1.61e-04	3.54e-06	0.00e+00
 1.80860e+22	1.92e-19	1.18e-13	3.34e-09	1.26e-07	2.68e-06	1.82e-05	5.32e-05	2.10e-04	1.71e-02	1.52e-01	3.57e-01	2.97e-01	1.49e-01	2.48e-02	2.51e-03	3.92e-04	1.29e-04	2.68e-06	0.00e+00
 1.83089e+22	2.61e-19	1.55e-13	4.25e-09	1.58e-07	3.32e-06	2.21e-05	6.27e-05	2.42e-04	1.89e-02	1.60e-01	3.63e-01	2.91e-01	1.41e-01	2.25e-02	2.20e-03	3.37e-04	1.08e-04	2.14e-06	0.00e+00
 1.85306e+22	3.79e-19	2.16e-13	5.68e-09	2.07e-07	4.30e-06	2.81e-05	7.69e-05	2.88e-04	2.13e-02	1.72e-01	3.69e-01	2.84e-01	1.31e-01	1.99e-02	1.87e-03	2.80e-04	8.56e-05	1.61e-06	0.00e+00
 1.87411e+22	4.92e-19	2.74e-13	6.96e-09	2.51e-07	5.17e-06	3.32e-05	8.89e-05	3.26e-04	2.31e-02	1.80e-01	3.73e-01	2.79e-01	1.24e-01	1.82e-02	1.66e-03	2.44e-04	7.26e-05	1.31e-06	0.00e+00
 1.89443e+22	6.89e-19	3.68e-13	9.00e-09	3.22e-07	6.56e-06	4.14e-05	1.08e-04	3.85e-04	2.59e-02	1.91e-01	3.78e-01	2.71e-01	1.15e-01	1.61e-02	1.41e-03	2.03e-04	5.80e-05	9.94e-07	0.00e+00
 1.91513e+22	8.96e-19	4.65e-13	1.10e-08	3.90e-07	7.91e-06	4.93e-05	1.25e-04	4.39e-04	2.83e-02	2.00e-01	3.82e-01	2.65e-01	1.08e-01	1.45e-02	1.24e-03	1.75e-04	4.84e-05	7.95e-07	0.00e+00
 1.93547e+22	1.22e-18	6.09e-13	1.39e-08	4.89e-07	9.89e-06	6.08e-05	1.50e-04	5.16e-04	3.15e-02	2.12e-01	3.85e-01	2.57e-01	1.00e-01	1.28e-02	1.05e-03	1.45e-04	3.87e-05	6.04e-07	0.00e+00
 1.95622e+22	1.58e-18	7.66e-13	1.68e-08	5.93e-07	1.20e-05	7.28e-05	1.75e-04	5.92e-04	3.45e-02	2.22e-01	3.87e-01	2.49e-01	9.33e-02	1.15e-02	9.10e-04	1.24e-04	3.18e-05	4.74e-07	0.00e+00
 1.97644e+22	2.09e-18	9.76e-13	2.07e-08	7.29e-07	1.47e-05	8.84e-05	2.08e-04	6.89e-04	3.82e-02	2.34e-01	3.89e-01	2.41e-01	8.61e-02	1.01e-02	7.74e-04	1.03e-04	2.55e-05	3.62e-07	0.00e+00
 1.99709e+22	2.70e-18	1.22e-12	2.49e-08	8.81e-07	1.78e-05	1.06e-04	2.43e-04	7.95e-04	4.19e-02	2.46e-01	3.90e-01	2.32e-01	7.95e-02	8.98e-03	6.63e-04	8.66e-05	2.07e-05	2.80e-07	0.00e+00
 2.01752e+22	3.49e-18	1.52e-12	3.00e-08	1.07e-06	2.16e-05	1.28e-04	2.86e-04	9.21e-04	4.62e-02	2.57e-01	3.90e-01	2.23e-01	7.31e-02	7.90e-03	5.63e-04	7.21e-05	1.66e-05	2.14e-07	0.00e+00
 2.03807e+22	4.46e-18	1.88e-12	3.57e-08	1.28e-06	2.60e-05	1.53e-04	3.35e-04	1.06e-03	5.07e-02	2.69e-01	3.89e-01	2.14e-01	6.71e-02	6.95e-03	4.78e-04	6.02e-05	1.33e-05	1.64e-07	0.00e+00
 2.05837e+22	5.65e-18	2.29e-12	4.21e-08	1.53e-06	3.13e-05	1.82e-04	3.90e-04	1.22e-03	5.56e-02	2.81e-01	3.88e-01	2.05e-01	6.14e-02	6.10e-03	4.06e-04	5.01e-05	1.07e-05	1.25e-07	0.00e+00
 2.07864e+22	7.10e-18	2.79e-12	4.94e-08	1.81e-06	3.73e-05	2.16e-04	4.53e-04	1.41e-03	6.09e-02	2.93e-01	3.86e-01	1.96e-01	5.61e-02	5.35e-03	3.44e-04	4.16e-05	8.59e-06	0.00e+00	0.00e+00
 2.09895e+22	8.88e-18	3.36e-12	5.75e-08	2.14e-06	4.45e-05	2.56e-04	5.25e-04	1.62e-03	6.65e-02	3.05e-01	3.83e-01	1.87e-01	5.11e-02	4.67e-03	2.90e-04	3.45e-05	6.87e-06	0.00e+00	0.00e+00
 2.11933e+22	1.11e-17	4.04e-12	6.67e-08	2.52e-06	5.28e-05	3.02e-04	6.07e-04	1.86e-03	7.26e-02	3.17e-01	3.79e-01	1.78e-01	4.65e-02	4.08e-03	2.45e-04	2.85e-05	5.48e-06	0.00e+00	0.00e+00
 2.13984e+22	1.37e-17	4.84e-12	7.70e-08	2.97e-06	6.26e-05	3.57e-04	7.01e-04	2.13e-03	7.91e-02	3.28e-01	3.75e-01	1.69e-01	4.21e-02	3.55e-03	2.06e-04	2.35e-05	4.37e-06	0.00e+00	0.00e+00
 2.16054e+22	1.70e-17	5.78e-12	8.87e-08	3.48e-06	7.40e-05	4.19e-04	8.07e-04	2.44e-03	8.61e-02	3.40e-01	3.69e-01	1.60e-01	3.81e-02	3.08e-03	1.73e-04	1.94e-05	3.47e-06	0.00e+00	0.00e+00
 2.18148e+22	2.10e-17	6.89e-12	1.02e-07	4.08e-06	8.74e-05	4.93e-04	9.28e-04	2.79e-03	9.36e-02	3.51e-01	3.63e-01	1.51e-01	3.43e-02	2.66e-03	1.45e-04	1.59e-05	2.74e-06	0.00e+00	0.00e+00
 2.20253e+22	2.58e-17	8.18e-12	1.17e-07	4.77e-06	1.03e-04	5.76e-04	1.06e-03	3.18e-03	1.01e-01	3.62e-01	3.57e-01	1.42e-01	3.09e-02	2.30e-03	1.21e-04	1.30e-05	2.17e-06	0.00e+00	0.00e+00
 2.22392e+22	3.19e-17	9.75e-12	1.34e-07	5.58e-06	1.21e-04	6.76e-04	1.22e-03	3.63e-03	1.10e-01	3.72e-01	3.49e-01	1.33e-01	2.76e-02	1.98e-03	1.01e-04	1.06e-05	1.71e-06	0.00e+00	0.00e+00
 2.24555e+22	3.93e-17	1.16e-11	1.54e-07	6.52e-06	1.42e-04	7.88e-04	1.39e-03	4.13e-03	1.19e-01	3.82e-01	3.41e-01	1.25e-01	2.47e-02	1.70e-03	8.38e-05	8.65e-06	1.34e-06	0.00e+00	0.00e+00
 2.26761e+22	4.89e-17	1.39e-11	1.77e-07	7.65e-06	1.68e-04	9.23e-04	1.58e-03	4.71e-03	1.28e-01	3.92e-01	3.32e-01	1.16e-01	2.20e-02	1.45e-03	6.91e-05	6.98e-06	1.05e-06	0.00e+00	0.00e+00
 2.28813e+22	5.85e-17	1.61e-11	1.99e-07	8.72e-06	1.91e-04	1.05e-03	1.76e-03	5.23e-03	1.37e-01	3.99e-01	3.25e-01	1.10e-01	2.00e-02	1.28e-03	5.92e-05	5.87e-06	8.54e-07	0.00e+00	0.00e+00
 2.30926e+22	7.35e-17	1.94e-11	2.31e-07	1.03e-05	2.26e-04	1.23e-03	2.01e-03	5.98e-03	1.48e-01	4.08e-01	3.14e-01	1.02e-01	1.76e-02	1.08e-03	4.83e-05	4.68e-06	6.56e-07	0.00e+00	0.00e+00
 2.33073e+22	8.86e-17	2.27e-11	2.61e-07	1.18e-05	2.59e-04	1.39e-03	2.23e-03	6.63e-03	1.57e-01	4.15e-01	3.06e-01	9.56e-02	1.59e-02	9.46e-04	4.11e-05	3.91e-06	5.33e-07	0.00e+00	0.00e+00
 2.35269e+22	1.12e-16	2.76e-11	3.05e-07	1.40e-05	3.07e-04	1.63e-03	2.54e-03	7.58e-03	1.69e-01	4.22e-01	2.95e-01	8.78e-02	1.39e-02	7.93e-04	3.32e-05	3.09e-06	4.05e-07	0.00e+00	0.00e+00
 2.37476e+22	1.37e-16	3.25e-11	3.48e-07	1.61e-05	3.50e-04	1.84e-03	2.80e-03	8.35e-03	1.78e-01	4.27e-01	2.86e-01	8.24e-02	1.25e-02	6.94e-04	2.83e-05	2.59e-06	3.30e-07	0.00e+00	0.00e+00
 2.39699e+22	1.75e-16	4.00e-11	4.10e-07	1.91e-05	4.14e-04	2.15e-03	3.17e-03	9.48e-03	1.91e-01	4.32e-01	2.74e-01	7.55e-02	1.09e-02	5.81e-04	2.29e-05	2.04e-06	2.51e-07	0.00e+00	0.00e+00
 2.41934e+22	2.14e-16	4.73e-11	4.70e-07	2.20e-05	4.72e-04	2.42e-03	3.49e-03	1.04e-02	2.01e-01	4.36e-01	2.65e-01	7.05e-02	9.84e-03	5.08e-04	1.95e-05	1.70e-06	2.04e-07	0.00e+00	0.00e+00
 2.44186e+22	2.77e-16	5.87e-11	5.59e-07	2.63e-05	5.58e-04	2.82e-03	3.93e-03	1.18e-02	2.14e-01	4.40e-01	2.54e-01	6.44e-02	8.56e-03	4.25e-04	1.57e-05	1.34e-06	1.55e-07	0.00e+00	0.00e+00
 2.46456e+22	3.42e-16	7.00e-11	6.46e-07	3.04e-05	6.35e-04	3.17e-03	4.30e-03	1.29e-02	2.25e-01	4.42e-01	2.45e-01	6.00e-02	7.68e-03	3.70e-04	1.34e-05	1.12e-06	1.25e-07	0.00e+00	0.00e+00
 2.48751e+22	4.48e-16	8.80e-11	7.78e-07	3.65e-05	7.51e-04	3.68e-03	4.83e-03	1.45e-02	2.39e-01	4.43e-01	2.33e-01	5.45e-02	6.65e-03	3.08e-04	1.08e-05	8.80e-07	0.00e+00	0.00e+00	0.00e+00
 2.51075e+22	5.58e-16	1.06e-10	9.07e-07	4.24e-05	8.58e-04	4.13e-03	5.28e-03	1.58e-02	2.50e-01	4.44e-01	2.24e-01	5.06e-02	5.95e-03	2.68e-04	9.09e-06	7.30e-07	0.00e+00	0.00e+00	0.00e+00
 2.53436e+22	7.44e-16	1.35e-10	1.11e-06	5.14e-05	1.02e-03	4.79e-03	5.91e-03	1.77e-02	2.64e-01	4.44e-01	2.12e-01	4.58e-02	5.13e-03	2.22e-04	7.29e-06	5.71e-07	0.00e+00	0.00e+00	0.00e+00
 2.55837e+22	9.40e-16	1.65e-10	1.31e-06	6.00e-05	1.16e-03	5.38e-03	6.45e-03	1.93e-02	2.75e-01	4.43e-01	2.03e-01	4.23e-02	4.56e-03	1.92e-04	6.13e-06	4.71e-07	0.00e+00	0.00e+00	0.00e+00
 2.58287e+22	1.28e-15	2.14e-10	1.62e-06	7.34e-05	1.39e-03	6.25e-03	7.20e-03	2.16e-02	2.90e-01	4.41e-01	1.91e-01	3.80e-02	3.90e-03	1.58e-04	4.88e-06	3.66e-07	0.00e+00	0.00e+00	0.00e+00
 2.60789e+22	1.64e-15	2.66e-10	1.94e-06	8.66e-05	1.59e-03	7.04e-03	7.86e-03	2.35e-02	3.02e-01	4.38e-01	1.82e-01	3.49e-02	3.45e-03	1.36e-04	4.07e-06	3.00e-07	0.00e+00	0.00e+00	0.00e+00
 2.63357e+22	2.28e-15	3.52e-10	2.45e-06	1.07e-04	1.91e-03	8.19e-03	8.78e-03	2.63e-02	3.17e-01	4.34e-01	1.70e-01	3.12e-02	2.93e-03	1.11e-04	3.21e-06	2.30e-07	0.00e+00	0.00e+00	0.00e+00
 2.65989e+22	2.99e-15	4.45e-10	2.98e-06	1.28e-04	2.21e-03	9.25e-03	9.58e-03	2.86e-02	3.29e-01	4.29e-01	1.61e-01	2.85e-02	2.57e-03	9.46e-05	2.65e-06	1.87e-07	0.00e+00	0.00e+00	0.00e+00
 2.68704e+22	4.26e-15	6.04e-10	3.85e-06	1.60e-04	2.67e-03	1.08e-02	1.07e-02	3.19e-02	3.44e-01	4.22e-01	1.50e-01	2.52e-02	2.16e-03	7.64e-05	2.06e-06	1.41e-07	0.00e+00	0.00e+00	0.00e+00
 2.71260e+22	5.41e-15	7.42e-10	4.58e-06	1.87e-04	3.03e-03	1.20e-02	1.15e-02	3.41e-02	3.54e-01	4.18e-01	1.42e-01	2.32e-02	1.92e-03	6.66e-05	1.75e-06	1.18e-07	0.00e+00	0.00e+00	0.00e+00
 2.73608e+22	7.37e-15	9.71e-10	5.74e-06	2.28e-04	3.56e-03	1.36e-02	1.26e-02	3.73e-02	3.66e-01	4.10e-01	1.33e-01	2.09e-02	1.65e-03	5.55e-05	1.41e-06	0.00e+00	0.00e+00	0.00e+00	0.00e+00
 2.75936e+22	9.33e-15	1.19e-09	6.82e-06	2.64e-04	4.01e-03	1.50e-02	1.35e-02	3.97e-02	3.75e-01	4.05e-01	1.27e-01	1.92e-02	1.48e-03	4.85e-05	1.21e-06	0.00e+00	0.00e+00	0.00e+00	0.00e+00
 2.78236e+22	1.27e-14	1.55e-09	8.54e-06	3.21e-04	4.69e-03	1.70e-02	1.47e-02	4.32e-02	3.87e-01	3.96e-01	1.18e-01	1.72e-02	1.27e-03	4.04e-05	9.73e-07	0.00e+00	0.00e+00	0.00e+00	0.00e+00
 2.80551e+22	1.61e-14	1.91e-09	1.02e-05	3.73e-04	5.30e-03	1.88e-02	1.57e-02	4.58e-02	3.95e-01	3.90e-01	1.12e-01	1.59e-02	1.13e-03	3.52e-05	8.29e-07	0.00e+00	0.00e+00	0.00e+00	0.00e+00
 2.82886e+22	2.21e-14	2.51e-09	1.28e-05	4.54e-04	6.19e-03	2.12e-02	1.71e-02	4.95e-02	4.06e-01	3.80e-01	1.04e-01	1.42e-02	9.71e-04	2.93e-05	6.68e-07	0.00e+00	0.00e+00	0.00e+00	0.00e+00
 2.85261e+22	2.84e-14	3.12e-09	1.54e-05	5.31e-04	7.01e-03	2.34e-02	1.83e-02	5.25e-02	4.13e-01	3.73e-01	9.87e-02	1.30e-02	8.62e-04	2.55e-05	5.66e-07	0.00e+00	0.00e+00	0.00e+00	0.00e+00
 2.87691e+22	3.94e-14	4.15e-09	1.96e-05	6.50e-04	8.23e-03	2.65e-02	1.99e-02	5.67e-02	4.23e-01	3.62e-01	9.13e-02	1.15e-02	7.32e-04	2.10e-05	4.51e-07	0.00e+00	0.00e+00	0.00e+00	0.00e+00
 2.90150e+22	5.10e-14	5.19e-09	2.37e-05	7.62e-04	9.33e-03	2.92e-02	2.12e-02	5.99e-02	4.30e-01	3.53e-01	8.59e-02	1.05e-02	6.46e-04	1.81e-05	3.80e-07	0.00e+00	0.00e+00	0.00e+00	0.00e+00
 2.92647e+22	7.14e-14	6.96e-09	3.04e-05	9.37e-04	1.10e-02	3.30e-02	2.30e-02	6.44e-02	4.38e-01	3.41e-01	7.90e-02	9.29e-03	5.47e-04	1.49e-05	3.02e-07	0.00e+00	0.00e+00	0.00e+00	0.00e+00
 2.95202e+22	9.36e-14	8.80e-09	3.71e-05	1.11e-03	1.25e-02	3.64e-02	2.45e-02	6.80e-02	4.43e-01	3.32e-01	7.39e-02	8.41e-03	4.79e-04	1.27e-05	2.52e-07	0.00e+00	0.00e+00	0.00e+00	0.00e+00
 2.97834e+22	1.33e-13	1.20e-08	4.81e-05	1.37e-03	1.47e-02	4.13e-02	2.66e-02	7.30e-02	4.50e-01	3.18e-01	6.74e-02	7.34e-03	4.00e-04	1.03e-05	1.97e-07	0.00e+00	0.00e+00	0.00e+00	0.00e+00
 3.00516e+22	1.76e-13	1.53e-08	5.91e-05	1.62e-03	1.68e-02	4.55e-02	2.83e-02	7.68e-02	4.54e-01	3.08e-01	6.26e-02	6.60e-03	3.47e-04	8.78e-06	1.63e-07	0.00e+00	0.00e+00	0.00e+00	0.00e+00
 3.03266e+22	2.55e-13	2.10e-08	7.74e-05	2.03e-03	1.99e-02	5.16e-02	3.07e-02	8.22e-02	4.58e-01	2.93e-01	5.66e-02	5.71e-03	2.87e-04	7.04e-06	1.26e-07	0.00e+00	0.00e+00	0.00e+00	0.00e+00
 3.06076e+22	3.41e-13	2.70e-08	9.59e-05	2.41e-03	2.28e-02	5.70e-02	3.26e-02	8.63e-02	4.60e-01	2.82e-01	5.22e-02	5.08e-03	2.47e-04	5.91e-06	0.00e+00	0.00e+00	0.00e+00	0.00e+00	0.00e+00
 3.08965e+22	4.99e-13	3.75e-08	1.27e-04	3.02e-03	2.70e-02	6.45e-02	3.52e-02	9.18e-02	4.61e-01	2.66e-01	4.67e-02	4.35e-03	2.01e-04	4.68e-06	0.00e+00	0.00e+00	0.00e+00	0.00e+00	0.00e+00
 3.11889e+22	6.70e-13	4.85e-08	1.57e-04	3.60e-03	3.08e-02	7.10e-02	3.73e-02	9.59e-02	4.60e-01	2.54e-01	4.28e-02	3.85e-03	1.72e-04	3.90e-06	0.00e+00	0.00e+00	0.00e+00	0.00e+00	0.00e+00
 3.14858e+22	9.85e-13	6.76e-08	2.08e-04	4.51e-03	3.65e-02	8.00e-02	4.01e-02	1.01e-01	4.58e-01	2.38e-01	3.79e-02	3.26e-03	1.39e-04	3.06e-06	0.00e+00	0.00e+00	0.00e+00	0.00e+00	0.00e+00
 3.17863e+22	1.32e-12	8.74e-08	2.58e-04	5.36e-03	4.16e-02	8.76e-02	4.23e-02	1.05e-01	4.54e-01	2.26e-01	3.45e-02	2.86e-03	1.18e-04	2.53e-06	0.00e+00	0.00e+00	0.00e+00	0.00e+00	0.00e+00
 3.20914e+22	1.95e-12	1.22e-07	3.41e-04	6.70e-03	4.90e-02	9.83e-02	4.52e-02	1.10e-01	4.48e-01	2.09e-01	3.03e-02	2.39e-03	9.39e-05	1.96e-06	0.00e+00	0.00e+00	0.00e+00	0.00e+00	0.00e+00
 3.23893e+22	2.57e-12	1.55e-07	4.16e-04	7.84e-03	5.51e-02	1.06e-01	4.72e-02	1.14e-01	4.42e-01	1.98e-01	2.75e-02	2.10e-03	7.98e-05	1.63e-06	0.00e+00	0.00e+00	0.00e+00	0.00e+00	0.00e+00
 3.26779e+22	3.66e-12	2.09e-07	5.35e-04	9.58e-03	6.37e-02	1.17e-01	4.98e-02	1.18e-01	4.32e-01	1.83e-01	2.42e-02	1.77e-03	6.44e-05	1.28e-06	0.00e+00	0.00e+00	0.00e+00	0.00e+00	0.00e+00
 3.29801e+22	4.94e-12	2.71e-07	6.63e-04	1.13e-02	7.20e-02	1.27e-01	5.20e-02	1.21e-01	4.23e-01	1.70e-01	2.15e-02	1.52e-03	5.33e-05	1.04e-06	0.00e+00	0.00e+00	0.00e+00	0.00e+00	0.00e+00
 3.32353e+22	6.34e-12	3.36e-07	7.92e-04	1.30e-02	7.94e-02	1.36e-01	5.37e-02	1.23e-01	4.13e-01	1.60e-01	1.95e-02	1.34e-03	4.54e-05	8.67e-07	0.00e+00	0.00e+00	0.00e+00	0.00e+00	0.00e+00
 3.35024e+22	8.63e-12	4.36e-07	9.84e-04	1.54e-02	8.95e-02	1.46e-01	5.57e-02	1.25e-01	4.01e-01	1.48e-01	1.72e-02	1.13e-03	3.71e-05	6.91e-07	0.00e+00	0.00e+00	0.00e+00	0.00e+00	0.00e+00
 3.37777e+22	1.12e-11	5.47e-07	1.19e-03	1.78e-02	9.90e-02	1.56e-01	5.73e-02	1.27e-01	3.89e-01	1.37e-01	1.53e-02	9.77e-04	3.10e-05	5.65e-07	0.00e+00	0.00e+00	0.00e+00	0.00e+00	0.00e+00
 3.40237e+22	1.44e-11	6.74e-07	1.41e-03	2.03e-02	1.09e-01	1.65e-01	5.86e-02	1.28e-01	3.76e-01	1.27e-01	1.37e-02	8.48e-04	2.61e-05	4.67e-07	0.00e+00	0.00e+00	0.00e+00	0.00e+00	0.00e+00
 3.43035e+22	1.95e-11	8.74e-07	1.74e-03	2.38e-02	1.21e-01	1.76e-01	6.02e-02	1.29e-01	3.60e-01	1.16e-01	1.19e-02	7.07e-04	2.09e-05	3.66e-07	0.00e+00	0.00e+00	0.00e+00	0.00e+00	0.00e+00
 3.45951e+22	2.57e-11	1.10e-06	2.10e-03	2.74e-02	1.34e-01	1.86e-01	6.13e-02	1.29e-01	3.44e-01	1.05e-01	1.04e-02	5.97e-04	1.71e-05	2.92e-07	0.00e+00	0.00e+00	0.00e+00	0.00e+00	0.00e+00
 3.48578e+22	3.30e-11	1.36e-06	2.49e-03	3.12e-02	1.45e-01	1.95e-01	6.22e-02	1.29e-01	3.29e-01	9.64e-02	9.14e-03	5.08e-04	1.41e-05	2.36e-07	0.00e+00	0.00e+00	0.00e+00	0.00e+00	0.00e+00
 3.51548e+22	4.49e-11	1.76e-06	3.08e-03	3.65e-02	1.61e-01	2.06e-01	6.30e-02	1.28e-01	3.09e-01	8.57e-02	7.74e-03	4.13e-04	1.10e-05	1.80e-07	0.00e+00	0.00e+00	0.00e+00	0.00e+00	0.00e+00
 3.54632e+22	5.90e-11	2.22e-06	3.70e-03	4.17e-02	1.76e-01	2.15e-01	6.34e-02	1.26e-01	2.90e-01	7.68e-02	6.63e-03	3.42e-04	8.79e-06	1.41e-07	0.00e+00	0.00e+00	0.00e+00	0.00e+00	0.00e+00
 3.57396e+22	7.57e-11	2.73e-06	4.37e-03	4.71e-02	1.89e-01	2.23e-01	6.35e-02	1.24e-01	2.73e-01	6.90e-02	5.73e-03	2.86e-04	7.11e-06	0.00e+00	0.00e+00	0.00e+00	0.00e+00	0.00e+00	0.00e+00
 3.60521e+22	1.03e-10	3.52e-06	5.35e-03	5.44e-02	2.07e-01	2.32e-01	6.33e-02	1.21e-01	2.52e-01	6.01e-02	4.74e-03	2.27e-04	5.41e-06	0.00e+00	0.00e+00	0.00e+00	0.00e+00	0.00e+00	0.00e+00
 3.63748e+22	1.34e-10	4.39e-06	6.37e-03	6.16e-02	2.23e-01	2.39e-01	6.28e-02	1.18e-01	2.33e-01	5.28e-02	3.98e-03	1.84e-04	4.23e-06	0.00e+00	0.00e+00	0.00e+00	0.00e+00	0.00e+00	0.00e+00
 3.66628e+22	1.72e-10	5.38e-06	7.46e-03	6.88e-02	2.37e-01	2.44e-01	6.21e-02	1.14e-01	2.16e-01	4.66e-02	3.37e-03	1.50e-04	3.35e-06	0.00e+00	0.00e+00	0.00e+00	0.00e+00	0.00e+00	0.00e+00
 3.69891e+22	2.32e-10	6.89e-06	9.05e-03	7.85e-02	2.56e-01	2.50e-01	6.09e-02	1.09e-01	1.95e-01	3.96e-02	2.72e-03	1.16e-04	2.49e-06	0.00e+00	0.00e+00	0.00e+00	0.00e+00	0.00e+00	0.00e+00
 3.73273e+22	3.02e-10	8.54e-06	1.07e-02	8.79e-02	2.72e-01	2.53e-01	5.94e-02	1.04e-01	1.77e-01	3.41e-02	2.23e-03	9.20e-05	1.89e-06	0.00e+00	0.00e+00	0.00e+00	0.00e+00	0.00e+00	0.00e+00
 3.76309e+22	3.85e-10	1.04e-05	1.24e-02	9.71e-02	2.86e-01	2.55e-01	5.79e-02	9.97e-02	1.61e-01	2.95e-02	1.85e-03	7.36e-05	1.46e-06	0.00e+00	0.00e+00	0.00e+00	0.00e+00	0.00e+00	0.00e+00
 3.79754e+22	5.22e-10	1.33e-05	1.50e-02	1.10e-01	3.03e-01	2.56e-01	5.56e-02	9.33e-02	1.41e-01	2.43e-02	1.45e-03	5.50e-05	1.05e-06	0.00e+00	0.00e+00	0.00e+00	0.00e+00	0.00e+00	0.00e+00
 3.83304e+22	6.71e-10	1.63e-05	1.74e-02	1.21e-01	3.17e-01	2.56e-01	5.35e-02	8.78e-02	1.26e-01	2.06e-02	1.17e-03	4.27e-05	7.83e-07	0.00e+00	0.00e+00	0.00e+00	0.00e+00	0.00e+00	0.00e+00
 3.86505e+22	8.54e-10	1.97e-05	2.01e-02	1.32e-01	3.29e-01	2.54e-01	5.13e-02	8.23e-02	1.12e-01	1.74e-02	9.42e-04	3.33e-05	5.89e-07	0.00e+00	0.00e+00	0.00e+00	0.00e+00	0.00e+00	0.00e+00
 3.90181e+22	1.16e-09	2.51e-05	2.41e-02	1.48e-01	3.44e-01	2.50e-01	4.84e-02	7.53e-02	9.63e-02	1.39e-02	7.12e-04	2.40e-05	4.06e-07	0.00e+00	0.00e+00	0.00e+00	0.00e+00	0.00e+00	0.00e+00
 3.93895e+22	1.48e-09	3.05e-05	2.78e-02	1.61e-01	3.54e-01	2.45e-01	4.58e-02	6.97e-02	8.43e-02	1.15e-02	5.62e-04	1.83e-05	2.97e-07	0.00e+00	0.00e+00	0.00e+00	0.00e+00	0.00e+00	0.00e+00
 3.97661e+22	1.99e-09	3.85e-05	3.29e-02	1.77e-01	3.65e-01	2.39e-01	4.27e-02	6.30e-02	7.14e-02	9.09e-03	4.19e-04	1.30e-05	2.02e-07	0.00e+00	0.00e+00	0.00e+00	0.00e+00	0.00e+00	0.00e+00
 4.01471e+22	2.52e-09	4.63e-05	3.76e-02	1.91e-01	3.72e-01	2.32e-01	4.00e-02	5.77e-02	6.19e-02	7.44e-03	3.27e-04	9.78e-06	1.46e-07	0.00e+00	0.00e+00	0.00e+00	0.00e+00	0.00e+00	0.00e+00
 4.05337e+22	3.38e-09	5.83e-05	4.42e-02	2.09e-01	3.79e-01	2.23e-01	3.68e-02	5.14e-02	5.14e-02	5.76e-03	2.38e-04	6.80e-06	0.00e+00	0.00e+00	0.00e+00	0.00e+00	0.00e+00	0.00e+00	0.00e+00
 4.09239e+22	4.26e-09	6.96e-05	5.01e-02	2.23e-01	3.82e-01	2.14e-01	3.42e-02	4.66e-02	4.42e-02	4.67e-03	1.84e-04	5.07e-06	0.00e+00	0.00e+00	0.00e+00	0.00e+00	0.00e+00	0.00e+00	0.00e+00
 4.13187e+22	5.70e-09	8.70e-05	5.84e-02	2.42e-01	3.85e-01	2.03e-01	3.11e-02	4.10e-02	3.62e-02	3.55e-03	1.32e-04	3.46e-06	0.00e+00	0.00e+00	0.00e+00	0.00e+00	0.00e+00	0.00e+00	0.00e+00
 4.17177e+22	7.13e-09	1.03e-04	6.57e-02	2.56e-01	3.85e-01	1.94e-01	2.87e-02	3.68e-02	3.08e-02	2.85e-03	1.01e-04	2.55e-06	0.00e+00	0.00e+00	0.00e+00	0.00e+00	0.00e+00	0.00e+00	0.00e+00
 4.21220e+22	9.49e-09	1.28e-04	7.61e-02	2.74e-01	3.83e-01	1.82e-01	2.58e-02	3.20e-02	2.49e-02	2.13e-03	7.14e-05	1.72e-06	0.00e+00	0.00e+00	0.00e+00	0.00e+00	0.00e+00	0.00e+00	0.00e+00
 4.25316e+22	1.18e-08	1.52e-04	8.51e-02	2.88e-01	3.80e-01	1.72e-01	2.36e-02	2.85e-02	2.10e-02	1.69e-03	5.40e-05	1.25e-06	0.00e+00	0.00e+00	0.00e+00	0.00e+00	0.00e+00	0.00e+00	0.00e+00
 4.29480e+22	1.57e-08	1.87e-04	9.77e-02	3.06e-01	3.74e-01	1.59e-01	2.10e-02	2.44e-02	1.67e-02	1.25e-03	3.75e-05	8.26e-07	0.00e+00	0.00e+00	0.00e+00	0.00e+00	0.00e+00	0.00e+00	0.00e+00
 4.33564e+22	1.93e-08	2.18e-04	1.08e-01	3.18e-01	3.68e-01	1.50e-01	1.91e-02	2.17e-02	1.41e-02	9.93e-04	2.86e-05	6.07e-07	0.00e+00	0.00e+00	0.00e+00	0.00e+00	0.00e+00	0.00e+00	0.00e+00
 4.37542e+22	2.50e-08	2.64e-04	1.22e-01	3.34e-01	3.58e-01	1.38e-01	1.70e-02	1.86e-02	1.13e-02	7.37e-04	2.00e-05	4.06e-07	0.00e+00	0.00e+00	0.00e+00	0.00e+00	0.00e+00	0.00e+00	0.00e+00
 4.41379e+22	2.99e-08	3.01e-04	1.32e-01	3.43e-01	3.51e-01	1.30e-01	1.56e-02	1.66e-02	9.64e-03	5.98e-04	1.56e-05	3.07e-07	0.00e+00	0.00e+00	0.00e+00	0.00e+00	0.00e+00	0.00e+00	0.00e+00
 4.45030e+22	3.77e-08	3.56e-04	1.47e-01	3.56e-01	3.40e-01	1.20e-01	1.39e-02	1.44e-02	7.81e-03	4.52e-04	1.12e-05	2.11e-07	0.00e+00	0.00e+00	0.00e+00	0.00e+00	0.00e+00	0.00e+00	0.00e+00
 4.48675e+22	4.48e-08	4.04e-04	1.59e-01	3.64e-01	3.31e-01	1.13e-01	1.27e-02	1.28e-02	6.64e-03	3.65e-04	8.73e-06	1.59e-07	0.00e+00	0.00e+00	0.00e+00	0.00e+00	0.00e+00	0.00e+00	0.00e+00
 4.52311e+22	5.55e-08	4.71e-04	1.75e-01	3.74e-01	3.19e-01	1.04e-01	1.13e-02	1.11e-02	5.41e-03	2.78e-04	6.35e-06	0.00e+00	0.00e+00	0.00e+00	0.00e+00	0.00e+00	0.00e+00	0.00e+00	0.00e+00
 4.56080e+22	6.70e-08	5.40e-04	1.89e-01	3.81e-01	3.08e-01	9.60e-02	1.02e-02	9.68e-03	4.49e-03	2.18e-04	4.77e-06	0.00e+00	0.00e+00	0.00e+00	0.00e+00	0.00e+00	0.00e+00	0.00e+00	0.00e+00
 4.59461e+22	7.96e-08	6.10e-04	2.03e-01	3.88e-01	2.97e-01	8.93e-02	9.24e-03	8.54e-03	3.78e-03	1.74e-04	3.66e-06	0.00e+00	0.00e+00	0.00e+00	0.00e+00	0.00e+00	0.00e+00	0.00e+00	0.00e+00
 4.63297e+22	9.90e-08	7.11e-04	2.22e-01	3.94e-01	2.83e-01	8.10e-02	8.13e-03	7.26e-03	3.02e-03	1.29e-04	2.59e-06	0.00e+00	0.00e+00	0.00e+00	0.00e+00	0.00e+00	0.00e+00	0.00e+00	0.00e+00
 4.67193e+22	1.18e-07	8.06e-04	2.39e-01	3.99e-01	2.71e-01	7.46e-02	7.29e-03	6.33e-03	2.50e-03	1.01e-04	1.95e-06	0.00e+00	0.00e+00	0.00e+00	0.00e+00	0.00e+00	0.00e+00	0.00e+00	0.00e+00
 4.70647e+22	1.40e-07	9.07e-04	2.55e-01	4.02e-01	2.59e-01	6.89e-02	6.56e-03	5.54e-03	2.09e-03	7.96e-05	1.48e-06	0.00e+00	0.00e+00	0.00e+00	0.00e+00	0.00e+00	0.00e+00	0.00e+00	0.00e+00
 4.73995e+22	1.64e-07	1.01e-03	2.71e-01	4.04e-01	2.48e-01	6.37e-02	5.93e-03	4.87e-03	1.76e-03	6.34e-05	1.14e-06	0.00e+00	0.00e+00	0.00e+00	0.00e+00	0.00e+00	0.00e+00	0.00e+00	0.00e+00
 4.77086e+22	1.90e-07	1.12e-03	2.86e-01	4.05e-01	2.38e-01	5.92e-02	5.39e-03	4.32e-03	1.50e-03	5.14e-05	8.93e-07	0.00e+00	0.00e+00	0.00e+00	0.00e+00	0.00e+00	0.00e+00	0.00e+00	0.00e+00
 4.80024e+22	2.17e-07	1.23e-03	3.00e-01	4.05e-01	2.28e-01	5.51e-02	4.92e-03	3.85e-03	1.28e-03	4.20e-05	7.08e-07	0.00e+00	0.00e+00	0.00e+00	0.00e+00	0.00e+00	0.00e+00	0.00e+00	0.00e+00
 4.83404e+22	2.58e-07	1.38e-03	3.19e-01	4.05e-01	2.15e-01	5.02e-02	4.37e-03	3.32e-03	1.05e-03	3.24e-05	5.26e-07	0.00e+00	0.00e+00	0.00e+00	0.00e+00	0.00e+00	0.00e+00	0.00e+00	0.00e+00
 4.86831e+22	2.98e-07	1.52e-03	3.35e-01	4.04e-01	2.05e-01	4.64e-02	3.95e-03	2.93e-03	8.87e-04	2.60e-05	4.09e-07	0.00e+00	0.00e+00	0.00e+00	0.00e+00	0.00e+00	0.00e+00	0.00e+00	0.00e+00
 4.89824e+22	3.41e-07	1.66e-03	3.51e-01	4.02e-01	1.95e-01	4.29e-02	3.59e-03	2.59e-03	7.55e-04	2.10e-05	3.21e-07	0.00e+00	0.00e+00	0.00e+00	0.00e+00	0.00e+00	0.00e+00	0.00e+00	0.00e+00
 4.93217e+22	4.03e-07	1.86e-03	3.71e-01	3.99e-01	1.83e-01	3.90e-02	3.18e-03	2.23e-03	6.17e-04	1.62e-05	2.38e-07	0.00e+00	0.00e+00	0.00e+00	0.00e+00	0.00e+00	0.00e+00	0.00e+00	0.00e+00
 4.96676e+22	4.63e-07	2.04e-03	3.88e-01	3.95e-01	1.74e-01	3.59e-02	2.86e-03	1.96e-03	5.20e-04	1.29e-05	1.85e-07	0.00e+00	0.00e+00	0.00e+00	0.00e+00	0.00e+00	0.00e+00	0.00e+00	0.00e+00
 4.99736e+22	5.28e-07	2.22e-03	4.04e-01	3.91e-01	1.65e-01	3.31e-02	2.59e-03	1.73e-03	4.41e-04	1.05e-05	1.45e-07	0.00e+00	0.00e+00	0.00e+00	0.00e+00	0.00e+00	0.00e+00	0.00e+00	0.00e+00
 5.03230e+22	6.23e-07	2.47e-03	4.25e-01	3.85e-01	1.53e-01	2.98e-02	2.28e-03	1.47e-03	3.57e-04	7.96e-06	0.00e+00	0.00e+00	0.00e+00	0.00e+00	0.00e+00	0.00e+00	0.00e+00	0.00e+00	0.00e+00
 5.06774e+22	7.13e-07	2.70e-03	4.42e-01	3.80e-01	1.45e-01	2.73e-02	2.04e-03	1.29e-03	3.00e-04	6.34e-06	0.00e+00	0.00e+00	0.00e+00	0.00e+00	0.00e+00	0.00e+00	0.00e+00	0.00e+00	0.00e+00
 5.09901e+22	8.12e-07	2.93e-03	4.58e-01	3.74e-01	1.36e-01	2.51e-02	1.84e-03	1.13e-03	2.53e-04	5.09e-06	0.00e+00	0.00e+00	0.00e+00	0.00e+00	0.00e+00	0.00e+00	0.00e+00	0.00e+00	0.00e+00
 5.13484e+22	9.54e-07	3.25e-03	4.79e-01	3.66e-01	1.26e-01	2.25e-02	1.61e-03	9.63e-04	2.04e-04	3.85e-06	0.00e+00	0.00e+00	0.00e+00	0.00e+00	0.00e+00	0.00e+00	0.00e+00	0.00e+00	0.00e+00
 5.16665e+22	1.06e-06	3.47e-03	4.92e-01	3.61e-01	1.20e-01	2.10e-02	1.48e-03	8.68e-04	1.78e-04	3.23e-06	0.00e+00	0.00e+00	0.00e+00	0.00e+00	0.00e+00	0.00e+00	0.00e+00	0.00e+00	0.00e+00
 5.19324e+22	1.19e-06	3.73e-03	5.07e-01	3.54e-01	1.13e-01	1.94e-02	1.34e-03	7.69e-04	1.52e-04	2.63e-06	0.00e+00	0.00e+00	0.00e+00	0.00e+00	0.00e+00	0.00e+00	0.00e+00	0.00e+00	0.00e+00
 5.22781e+22	1.38e-06	4.10e-03	5.27e-01	3.45e-01	1.05e-01	1.74e-02	1.18e-03	6.57e-04	1.24e-04	2.01e-06	0.00e+00	0.00e+00	0.00e+00	0.00e+00	0.00e+00	0.00e+00	0.00e+00	0.00e+00	0.00e+00
 5.26420e+22	1.57e-06	4.44e-03	5.43e-01	3.37e-01	9.81e-02	1.59e-02	1.05e-03	5.73e-04	1.03e-04	1.59e-06	0.00e+00	0.00e+00	0.00e+00	0.00e+00	0.00e+00	0.00e+00	0.00e+00	0.00e+00	0.00e+00
 5.30296e+22	1.86e-06	4.94e-03	5.66e-01	3.25e-01	8.92e-02	1.40e-02	9.02e-04	4.76e-04	8.10e-05	1.16e-06	0.00e+00	0.00e+00	0.00e+00	0.00e+00	0.00e+00	0.00e+00	0.00e+00	0.00e+00	0.00e+00
 5.34129e+22	2.11e-06	5.33e-03	5.82e-01	3.16e-01	8.31e-02	1.27e-02	8.04e-04	4.15e-04	6.75e-05	9.18e-07	0.00e+00	0.00e+00	0.00e+00	0.00e+00	0.00e+00	0.00e+00	0.00e+00	0.00e+00	0.00e+00
 5.37907e+22	2.47e-06	5.86e-03	6.01e-01	3.04e-01	7.59e-02	1.13e-02	6.97e-04	3.50e-04	5.38e-05	6.85e-07	0.00e+00	0.00e+00	0.00e+00	0.00e+00	0.00e+00	0.00e+00	0.00e+00	0.00e+00	0.00e+00
 5.41838e+22	2.81e-06	6.34e-03	6.18e-01	2.95e-01	7.03e-02	1.02e-02	6.17e-04	3.02e-04	4.44e-05	5.34e-07	0.00e+00	0.00e+00	0.00e+00	0.00e+00	0.00e+00	0.00e+00	0.00e+00	0.00e+00	0.00e+00
 5.45967e+22	3.31e-06	7.00e-03	6.38e-01	2.82e-01	6.36e-02	8.95e-03	5.28e-04	2.52e-04	3.48e-05	3.89e-07	0.00e+00	0.00e+00	0.00e+00	0.00e+00	0.00e+00	0.00e+00	0.00e+00	0.00e+00	0.00e+00
 5.50167e+22	3.79e-06	7.58e-03	6.54e-01	2.72e-01	5.84e-02	8.03e-03	4.63e-04	2.16e-04	2.83e-05	2.99e-07	0.00e+00	0.00e+00	0.00e+00	0.00e+00	0.00e+00	0.00e+00	0.00e+00	0.00e+00	0.00e+00
 5.53896e+22	4.33e-06	8.19e-03	6.69e-01	2.61e-01	5.37e-02	7.21e-03	4.08e-04	1.86e-04	2.32e-05	2.31e-07	0.00e+00	0.00e+00	0.00e+00	0.00e+00	0.00e+00	0.00e+00	0.00e+00	0.00e+00	0.00e+00
 5.57090e+22	4.77e-06	8.67e-03	6.81e-01	2.53e-01	5.04e-02	6.66e-03	3.70e-04	1.67e-04	2.00e-05	1.90e-07	0.00e+00	0.00e+00	0.00e+00	0.00e+00	0.00e+00	0.00e+00	0.00e+00	0.00e+00	0.00e+00
 5.60148e+22	5.36e-06	9.28e-03	6.94e-01	2.43e-01	4.67e-02	6.04e-03	3.30e-04	1.46e-04	1.67e-05	1.51e-07	0.00e+00	0.00e+00	0.00e+00	0.00e+00	0.00e+00	0.00e+00	0.00e+00	0.00e+00	0.00e+00
 5.63279e+22	5.92e-06	9.83e-03	7.05e-01	2.35e-01	4.38e-02	5.56e-03	2.99e-04	1.31e-04	1.43e-05	0.00e+00	0.00e+00	0.00e+00	0.00e+00	0.00e+00	0.00e+00	0.00e+00	0.00e+00	0.00e+00	0.00e+00
 5.66080e+22	6.50e-06	1.04e-02	7.15e-01	2.28e-01	4.11e-02	5.13e-03	2.72e-04	1.17e-04	1.24e-05	0.00e+00	0.00e+00	0.00e+00	0.00e+00	0.00e+00	0.00e+00	0.00e+00	0.00e+00	0.00e+00	0.00e+00
 5.69299e+22	7.31e-06	1.11e-02	7.28e-01	2.18e-01	3.79e-02	4.64e-03	2.42e-04	1.03e-04	1.03e-05	0.00e+00	0.00e+00	0.00e+00	0.00e+00	0.00e+00	0.00e+00	0.00e+00	0.00e+00	0.00e+00	0.00e+00
 5.72581e+22	8.09e-06	1.18e-02	7.38e-01	2.10e-01	3.53e-02	4.26e-03	2.18e-04	9.15e-05	8.74e-06	0.00e+00	0.00e+00	0.00e+00	0.00e+00	0.00e+00	0.00e+00	0.00e+00	0.00e+00	0.00e+00	0.00e+00
 5.75485e+22	8.92e-06	1.24e-02	7.48e-01	2.02e-01	3.30e-02	3.91e-03	1.97e-04	8.19e-05	7.47e-06	0.00e+00	0.00e+00	0.00e+00	0.00e+00	0.00e+00	0.00e+00	0.00e+00	0.00e+00	0.00e+00	0.00e+00
 5.78801e+22	1.01e-05	1.33e-02	7.61e-01	1.92e-01	3.02e-02	3.50e-03	1.73e-04	7.12e-05	6.13e-06	0.00e+00	0.00e+00	0.00e+00	0.00e+00	0.00e+00	0.00e+00	0.00e+00	0.00e+00	0.00e+00	0.00e+00
 5.82142e+22	1.11e-05	1.41e-02	7.70e-01	1.85e-01	2.82e-02	3.22e-03	1.57e-04	6.38e-05	5.24e-06	0.00e+00	0.00e+00	0.00e+00	0.00e+00	0.00e+00	0.00e+00	0.00e+00	0.00e+00	0.00e+00	0.00e+00
 5.85518e+22	1.25e-05	1.50e-02	7.81e-01	1.75e-01	2.58e-02	2.89e-03	1.38e-04	5.57e-05	4.31e-06	0.00e+00	0.00e+00	0.00e+00	0.00e+00	0.00e+00	0.00e+00	0.00e+00	0.00e+00	0.00e+00	0.00e+00
 5.88996e+22	1.39e-05	1.59e-02	7.90e-01	1.67e-01	2.39e-02	2.63e-03	1.24e-04	4.96e-05	3.63e-06	0.00e+00	0.00e+00	0.00e+00	0.00e+00	0.00e+00	0.00e+00	0.00e+00	0.00e+00	0.00e+00	0.00e+00
 5.92127e+22	1.54e-05	1.68e-02	7.99e-01	1.60e-01	2.22e-02	2.41e-03	1.11e-04	4.43e-05	3.08e-06	0.00e+00	0.00e+00	0.00e+00	0.00e+00	0.00e+00	0.00e+00	0.00e+00	0.00e+00	0.00e+00	0.00e+00
 5.95714e+22	1.75e-05	1.81e-02	8.09e-01	1.50e-01	2.02e-02	2.14e-03	9.69e-05	3.83e-05	2.49e-06	0.00e+00	0.00e+00	0.00e+00	0.00e+00	0.00e+00	0.00e+00	0.00e+00	0.00e+00	0.00e+00	0.00e+00
 5.99353e+22	1.94e-05	1.91e-02	8.17e-01	1.43e-01	1.87e-02	1.95e-03	8.69e-05	3.43e-05	2.10e-06	0.00e+00	0.00e+00	0.00e+00	0.00e+00	0.00e+00	0.00e+00	0.00e+00	0.00e+00	0.00e+00	0.00e+00
 6.03060e+22	2.19e-05	2.04e-02	8.26e-01	1.35e-01	1.70e-02	1.74e-03	7.58e-05	2.98e-05	1.70e-06	0.00e+00	0.00e+00	0.00e+00	0.00e+00	0.00e+00	0.00e+00	0.00e+00	0.00e+00	0.00e+00	0.00e+00
 6.06905e+22	2.45e-05	2.17e-02	8.34e-01	1.27e-01	1.56e-02	1.57e-03	6.72e-05	2.64e-05	1.41e-06	0.00e+00	0.00e+00	0.00e+00	0.00e+00	0.00e+00	0.00e+00	0.00e+00	0.00e+00	0.00e+00	0.00e+00
 6.10931e+22	2.82e-05	2.33e-02	8.43e-01	1.18e-01	1.40e-02	1.38e-03	5.77e-05	2.26e-05	1.11e-06	0.00e+00	0.00e+00	0.00e+00	0.00e+00	0.00e+00	0.00e+00	0.00e+00	0.00e+00	0.00e+00	0.00e+00
 6.14967e+22	3.15e-05	2.48e-02	8.49e-01	1.12e-01	1.28e-02	1.24e-03	5.12e-05	2.01e-05	9.19e-07	0.00e+00	0.00e+00	0.00e+00	0.00e+00	0.00e+00	0.00e+00	0.00e+00	0.00e+00	0.00e+00	0.00e+00
 6.19018e+22	3.61e-05	2.66e-02	8.57e-01	1.03e-01	1.15e-02	1.09e-03	4.39e-05	1.73e-05	7.24e-07	0.00e+00	0.00e+00	0.00e+00	0.00e+00	0.00e+00	0.00e+00	0.00e+00	0.00e+00	0.00e+00	0.00e+00
 6.23119e+22	4.03e-05	2.82e-02	8.63e-01	9.73e-02	1.06e-02	9.86e-04	3.90e-05	1.54e-05	6.00e-07	0.00e+00	0.00e+00	0.00e+00	0.00e+00	0.00e+00	0.00e+00	0.00e+00	0.00e+00	0.00e+00	0.00e+00
 6.27286e+22	4.61e-05	3.02e-02	8.70e-01	8.98e-02	9.48e-03	8.67e-04	3.35e-05	1.33e-05	4.73e-07	0.00e+00	0.00e+00	0.00e+00	0.00e+00	0.00e+00	0.00e+00	0.00e+00	0.00e+00	0.00e+00	0.00e+00
 6.31589e+22	5.18e-05	3.21e-02	8.74e-01	8.39e-02	8.63e-03	7.76e-04	2.95e-05	1.18e-05	3.86e-07	0.00e+00	0.00e+00	0.00e+00	0.00e+00	0.00e+00	0.00e+00	0.00e+00	0.00e+00	0.00e+00	0.00e+00
 6.36067e+22	6.04e-05	3.47e-02	8.80e-01	7.64e-02	7.64e-03	6.72e-04	2.49e-05	1.00e-05	2.96e-07	0.00e+00	0.00e+00	0.00e+00	0.00e+00	0.00e+00	0.00e+00	0.00e+00	0.00e+00	0.00e+00	0.00e+00
 6.40532e+22	6.75e-05	3.68e-02	8.84e-01	7.15e-02	6.97e-03	6.04e-04	2.20e-05	8.95e-06	2.43e-07	0.00e+00	0.00e+00	0.00e+00	0.00e+00	0.00e+00	0.00e+00	0.00e+00	0.00e+00	0.00e+00	0.00e+00
 6.44980e+22	7.82e-05	3.96e-02	8.89e-01	6.49e-02	6.19e-03	5.26e-04	1.87e-05	7.68e-06	1.87e-07	0.00e+00	0.00e+00	0.00e+00	0.00e+00	0.00e+00	0.00e+00	0.00e+00	0.00e+00	0.00e+00	0.00e+00
 6.49561e+22	8.81e-05	4.21e-02	8.92e-01	6.02e-02	5.61e-03	4.69e-04	1.64e-05	6.80e-06	1.51e-07	0.00e+00	0.00e+00	0.00e+00	0.00e+00	0.00e+00	0.00e+00	0.00e+00	0.00e+00	0.00e+00	0.00e+00
 6.54316e+22	1.03e-04	4.55e-02	8.95e-01	5.40e-02	4.93e-03	4.04e-04	1.38e-05	5.78e-06	0.00e+00	0.00e+00	0.00e+00	0.00e+00	0.00e+00	0.00e+00	0.00e+00	0.00e+00	0.00e+00	0.00e+00	0.00e+00
 6.59182e+22	1.17e-04	4.84e-02	8.97e-01	4.97e-02	4.45e-03	3.59e-04	1.20e-05	5.10e-06	0.00e+00	0.00e+00	0.00e+00	0.00e+00	0.00e+00	0.00e+00	0.00e+00	0.00e+00	0.00e+00	0.00e+00	0.00e+00
 6.64192e+22	1.38e-04	5.26e-02	8.99e-01	4.40e-02	3.88e-03	3.06e-04	1.00e-05	4.31e-06	0.00e+00	0.00e+00	0.00e+00	0.00e+00	0.00e+00	0.00e+00	0.00e+00	0.00e+00	0.00e+00	0.00e+00	0.00e+00
 6.69338e+22	1.57e-04	5.60e-02	9.00e-01	4.02e-02	3.48e-03	2.71e-04	8.72e-06	3.78e-06	0.00e+00	0.00e+00	0.00e+00	0.00e+00	0.00e+00	0.00e+00	0.00e+00	0.00e+00	0.00e+00	0.00e+00	0.00e+00
 6.74658e+22	1.88e-04	6.11e-02	9.00e-01	3.50e-02	3.00e-03	2.29e-04	7.19e-06	3.16e-06	0.00e+00	0.00e+00	0.00e+00	0.00e+00	0.00e+00	0.00e+00	0.00e+00	0.00e+00	0.00e+00	0.00e+00	0.00e+00
 6.80157e+22	2.18e-04	6.55e-02	9.00e-01	3.14e-02	2.66e-03	2.00e-04	6.17e-06	2.74e-06	0.00e+00	0.00e+00	0.00e+00	0.00e+00	0.00e+00	0.00e+00	0.00e+00	0.00e+00	0.00e+00	0.00e+00	0.00e+00
 6.85889e+22	2.65e-04	7.18e-02	8.99e-01	2.68e-02	2.27e-03	1.67e-04	5.04e-06	2.26e-06	0.00e+00	0.00e+00	0.00e+00	0.00e+00	0.00e+00	0.00e+00	0.00e+00	0.00e+00	0.00e+00	0.00e+00	0.00e+00
 6.91871e+22	3.12e-04	7.76e-02	8.97e-01	2.34e-02	1.98e-03	1.43e-04	4.26e-06	1.93e-06	0.00e+00	0.00e+00	0.00e+00	0.00e+00	0.00e+00	0.00e+00	0.00e+00	0.00e+00	0.00e+00	0.00e+00	0.00e+00
 6.98058e+22	3.86e-04	8.55e-02	8.93e-01	1.94e-02	1.66e-03	1.17e-04	3.44e-06	1.56e-06	0.00e+00	0.00e+00	0.00e+00	0.00e+00	0.00e+00	0.00e+00	0.00e+00	0.00e+00	0.00e+00	0.00e+00	0.00e+00
 7.03423e+22	4.38e-04	9.05e-02	8.90e-01	1.76e-02	1.50e-03	1.06e-04	3.06e-06	1.40e-06	0.00e+00	0.00e+00	0.00e+00	0.00e+00	0.00e+00	0.00e+00	0.00e+00	0.00e+00	0.00e+00	0.00e+00	0.00e+00
 7.07836e+22	5.12e-04	9.70e-02	8.86e-01	1.52e-02	1.32e-03	9.12e-05	2.62e-06	1.20e-06	0.00e+00	0.00e+00	0.00e+00	0.00e+00	0.00e+00	0.00e+00	0.00e+00	0.00e+00	0.00e+00	0.00e+00	0.00e+00
 7.12505e+22	5.94e-04	1.04e-01	8.81e-01	1.32e-02	1.17e-03	7.98e-05	2.28e-06	1.04e-06	0.00e+00	0.00e+00	0.00e+00	0.00e+00	0.00e+00	0.00e+00	0.00e+00	0.00e+00	0.00e+00	0.00e+00	0.00e+00
 7.17506e+22	7.18e-04	1.12e-01	8.75e-01	1.10e-02	9.95e-04	6.69e-05	1.91e-06	8.59e-07	0.00e+00	0.00e+00	0.00e+00	0.00e+00	0.00e+00	0.00e+00	0.00e+00	0.00e+00	0.00e+00	0.00e+00	0.00e+00
 7.22594e+22	8.45e-04	1.20e-01	8.68e-01	9.35e-03	8.69e-04	5.77e-05	1.65e-06	7.34e-07	0.00e+00	0.00e+00	0.00e+00	0.00e+00	0.00e+00	0.00e+00	0.00e+00	0.00e+00	0.00e+00	0.00e+00	0.00e+00
 7.27795e+22	1.04e-03	1.31e-01	8.59e-01	7.50e-03	7.24e-04	4.73e-05	1.36e-06	5.93e-07	0.00e+00	0.00e+00	0.00e+00	0.00e+00	0.00e+00	0.00e+00	0.00e+00	0.00e+00	0.00e+00	0.00e+00	0.00e+00
 7.33198e+22	1.27e-03	1.42e-01	8.50e-01	6.11e-03	6.13e-04	3.95e-05	1.15e-06	4.88e-07	0.00e+00	0.00e+00	0.00e+00	0.00e+00	0.00e+00	0.00e+00	0.00e+00	0.00e+00	0.00e+00	0.00e+00	0.00e+00
 7.37494e+22	1.49e-03	1.51e-01	8.41e-01	5.14e-03	5.34e-04	3.40e-05	9.98e-07	4.16e-07	0.00e+00	0.00e+00	0.00e+00	0.00e+00	0.00e+00	0.00e+00	0.00e+00	0.00e+00	0.00e+00	0.00e+00	0.00e+00
 7.41113e+22	1.73e-03	1.60e-01	8.33e-01	4.34e-03	4.66e-04	2.93e-05	8.74e-07	3.55e-07	0.00e+00	0.00e+00	0.00e+00	0.00e+00	0.00e+00	0.00e+00	0.00e+00	0.00e+00	0.00e+00	0.00e+00	0.00e+00
 7.45223e+22	2.11e-03	1.72e-01	8.22e-01	3.45e-03	3.87e-04	2.40e-05	7.31e-07	2.87e-07	0.00e+00	0.00e+00	0.00e+00	0.00e+00	0.00e+00	0.00e+00	0.00e+00	0.00e+00	0.00e+00	0.00e+00	0.00e+00
 7.49574e+22	2.57e-03	1.85e-01	8.10e-01	2.72e-03	3.20e-04	1.96e-05	6.12e-07	2.31e-07	0.00e+00	0.00e+00	0.00e+00	0.00e+00	0.00e+00	0.00e+00	0.00e+00	0.00e+00	0.00e+00	0.00e+00	0.00e+00
 7.53434e+22	3.12e-03	1.97e-01	7.97e-01	2.15e-03	2.65e-04	1.60e-05	5.14e-07	1.87e-07	0.00e+00	0.00e+00	0.00e+00	0.00e+00	0.00e+00	0.00e+00	0.00e+00	0.00e+00	0.00e+00	0.00e+00	0.00e+00
 7.56983e+22	3.79e-03	2.10e-01	7.85e-01	1.69e-03	2.17e-04	1.30e-05	4.30e-07	1.50e-07	0.00e+00	0.00e+00	0.00e+00	0.00e+00	0.00e+00	0.00e+00	0.00e+00	0.00e+00	0.00e+00	0.00e+00	0.00e+00
 7.60300e+22	4.62e-03	2.22e-01	7.72e-01	1.32e-03	1.77e-04	1.05e-05	3.58e-07	0.00e+00	0.00e+00	0.00e+00	0.00e+00	0.00e+00	0.00e+00	0.00e+00	0.00e+00	0.00e+00	0.00e+00	0.00e+00	0.00e+00
 7.63373e+22	5.64e-03	2.35e-01	7.58e-01	1.02e-03	1.43e-04	8.48e-06	2.96e-07	0.00e+00	0.00e+00	0.00e+00	0.00e+00	0.00e+00	0.00e+00	0.00e+00	0.00e+00	0.00e+00	0.00e+00	0.00e+00	0.00e+00
 7.66183e+22	6.89e-03	2.47e-01	7.45e-01	7.97e-04	1.16e-04	6.82e-06	2.45e-07	0.00e+00	0.00e+00	0.00e+00	0.00e+00	0.00e+00	0.00e+00	0.00e+00	0.00e+00	0.00e+00	0.00e+00	0.00e+00	0.00e+00
 7.68720e+22	8.39e-03	2.59e-01	7.31e-01	6.25e-04	9.37e-05	5.52e-06	2.03e-07	0.00e+00	0.00e+00	0.00e+00	0.00e+00	0.00e+00	0.00e+00	0.00e+00	0.00e+00	0.00e+00	0.00e+00	0.00e+00	0.00e+00
 7.71028e+22	1.02e-02	2.71e-01	7.18e-01	4.94e-04	7.62e-05	4.48e-06	1.69e-07	0.00e+00	0.00e+00	0.00e+00	0.00e+00	0.00e+00	0.00e+00	0.00e+00	0.00e+00	0.00e+00	0.00e+00	0.00e+00	0.00e+00
 7.73137e+22	1.25e-02	2.83e-01	7.04e-01	3.94e-04	6.24e-05	3.67e-06	1.41e-07	0.00e+00	0.00e+00	0.00e+00	0.00e+00	0.00e+00	0.00e+00	0.00e+00	0.00e+00	0.00e+00	0.00e+00	0.00e+00	0.00e+00
