#depth	Ne	Ne+	Ne+2	Ne+3	Ne+4	Ne+5	Ne+6	Ne+7	Ne+8	Ne+9	Ne+10
 1.54284e+22	2.57e-15	1.03e-10	2.04e-07	4.52e-05	3.07e-03	4.07e-02	1.13e-01	1.33e-01	5.23e-01	1.72e-01	1.52e-02
 3.45842e+22	3.34e-15	1.92e-10	4.83e-07	1.12e-04	7.36e-03	8.39e-02	1.82e-01	1.74e-01	4.51e-01	9.56e-02	5.49e-03
 4.01674e+22	3.72e-15	2.63e-10	7.49e-07	1.75e-04	1.10e-02	1.13e-01	2.14e-01	1.88e-01	4.01e-01	6.94e-02	3.26e-03
 4.29511e+22	4.01e-15	3.14e-10	9.49e-07	2.22e-04	1.34e-02	1.29e-01	2.29e-01	1.93e-01	3.74e-01	5.87e-02	2.50e-03
 4.42456e+22	4.17e-15	3.39e-10	1.05e-06	2.44e-04	1.45e-02	1.36e-01	2.35e-01	1.94e-01	3.64e-01	5.48e-02	2.25e-03
 4.50890e+22	4.40e-15	3.75e-10	1.19e-06	2.76e-04	1.60e-02	1.46e-01	2.41e-01	1.95e-01	3.50e-01	5.02e-02	1.96e-03
 4.59836e+22	4.63e-15	4.12e-10	1.33e-06	3.07e-04	1.74e-02	1.54e-01	2.47e-01	1.96e-01	3.37e-01	4.64e-02	1.73e-03
 4.69447e+22	4.95e-15	4.65e-10	1.55e-06	3.54e-04	1.94e-02	1.65e-01	2.54e-01	1.97e-01	3.21e-01	4.17e-02	1.48e-03
 4.79073e+22	5.34e-15	5.18e-10	1.75e-06	3.95e-04	2.11e-02	1.74e-01	2.59e-01	1.97e-01	3.09e-01	3.85e-02	1.31e-03
 4.88717e+22	5.83e-15	5.94e-10	2.05e-06	4.57e-04	2.36e-02	1.87e-01	2.65e-01	1.96e-01	2.93e-01	3.45e-02	1.11e-03
 4.98499e+22	6.36e-15	6.69e-10	2.33e-06	5.12e-04	2.57e-02	1.96e-01	2.69e-01	1.95e-01	2.80e-01	3.17e-02	9.77e-04
 5.08461e+22	7.13e-15	7.81e-10	2.76e-06	5.94e-04	2.87e-02	2.10e-01	2.74e-01	1.94e-01	2.64e-01	2.83e-02	8.24e-04
 5.18612e+22	7.93e-15	8.91e-10	3.17e-06	6.69e-04	3.13e-02	2.21e-01	2.78e-01	1.92e-01	2.52e-01	2.57e-02	7.19e-04
 5.29008e+22	9.12e-15	1.06e-09	3.79e-06	7.82e-04	3.49e-02	2.35e-01	2.81e-01	1.89e-01	2.35e-01	2.27e-02	6.00e-04
 5.39637e+22	1.04e-14	1.23e-09	4.40e-06	8.85e-04	3.81e-02	2.47e-01	2.84e-01	1.86e-01	2.23e-01	2.06e-02	5.19e-04
 5.50568e+22	1.23e-14	1.49e-09	5.34e-06	1.04e-03	4.27e-02	2.62e-01	2.86e-01	1.82e-01	2.07e-01	1.80e-02	4.28e-04
 5.61726e+22	1.44e-14	1.76e-09	6.24e-06	1.18e-03	4.66e-02	2.75e-01	2.88e-01	1.79e-01	1.94e-01	1.61e-02	3.66e-04
 5.71123e+22	1.65e-14	2.04e-09	7.18e-06	1.32e-03	5.03e-02	2.86e-01	2.89e-01	1.75e-01	1.84e-01	1.46e-02	3.19e-04
 5.81283e+22	1.99e-14	2.47e-09	8.61e-06	1.53e-03	5.55e-02	3.01e-01	2.89e-01	1.70e-01	1.70e-01	1.28e-02	2.65e-04
 5.91177e+22	2.30e-14	2.86e-09	9.81e-06	1.70e-03	5.94e-02	3.11e-01	2.88e-01	1.66e-01	1.61e-01	1.17e-02	2.32e-04
 6.00725e+22	2.78e-14	3.45e-09	1.17e-05	1.94e-03	6.50e-02	3.25e-01	2.87e-01	1.61e-01	1.49e-01	1.03e-02	1.94e-04
 6.10369e+22	3.26e-14	4.00e-09	1.33e-05	2.15e-03	6.94e-02	3.35e-01	2.86e-01	1.57e-01	1.40e-01	9.33e-03	1.70e-04
 6.20140e+22	4.00e-14	4.87e-09	1.58e-05	2.46e-03	7.57e-02	3.49e-01	2.84e-01	1.51e-01	1.30e-01	8.18e-03	1.41e-04
 6.30050e+22	4.75e-14	5.70e-09	1.81e-05	2.73e-03	8.08e-02	3.59e-01	2.82e-01	1.47e-01	1.21e-01	7.37e-03	1.23e-04
 6.40144e+22	5.94e-14	7.01e-09	2.17e-05	3.12e-03	8.80e-02	3.72e-01	2.78e-01	1.41e-01	1.11e-01	6.41e-03	1.01e-04
 6.50388e+22	7.14e-14	8.25e-09	2.48e-05	3.46e-03	9.38e-02	3.82e-01	2.75e-01	1.36e-01	1.04e-01	5.75e-03	8.73e-05
 6.60827e+22	9.08e-14	1.02e-08	2.98e-05	3.96e-03	1.02e-01	3.95e-01	2.70e-01	1.29e-01	9.46e-02	4.96e-03	7.14e-05
 6.71437e+22	1.10e-13	1.21e-08	3.43e-05	4.39e-03	1.09e-01	4.05e-01	2.66e-01	1.24e-01	8.78e-02	4.42e-03	6.11e-05
 6.82271e+22	1.43e-13	1.52e-08	4.13e-05	5.03e-03	1.18e-01	4.17e-01	2.60e-01	1.17e-01	7.93e-02	3.78e-03	4.94e-05
 6.93340e+22	1.75e-13	1.81e-08	4.77e-05	5.58e-03	1.25e-01	4.26e-01	2.55e-01	1.12e-01	7.32e-02	3.34e-03	4.19e-05
 7.04715e+22	2.31e-13	2.29e-08	5.77e-05	6.40e-03	1.36e-01	4.37e-01	2.48e-01	1.05e-01	6.55e-02	2.82e-03	3.35e-05
 7.16392e+22	2.89e-13	2.76e-08	6.71e-05	7.12e-03	1.44e-01	4.45e-01	2.42e-01	9.95e-02	5.99e-02	2.47e-03	2.79e-05
 7.28460e+22	3.87e-13	3.53e-08	8.16e-05	8.17e-03	1.56e-01	4.54e-01	2.33e-01	9.26e-02	5.31e-02	2.06e-03	2.20e-05
 7.40675e+22	4.85e-13	4.27e-08	9.47e-05	9.07e-03	1.66e-01	4.61e-01	2.27e-01	8.73e-02	4.83e-02	1.79e-03	1.83e-05
 7.53081e+22	6.58e-13	5.49e-08	1.15e-04	1.04e-02	1.79e-01	4.69e-01	2.17e-01	8.06e-02	4.25e-02	1.48e-03	1.42e-05
 7.65606e+22	8.29e-13	6.63e-08	1.34e-04	1.15e-02	1.89e-01	4.74e-01	2.10e-01	7.57e-02	3.85e-02	1.28e-03	1.18e-05
 7.78287e+22	1.13e-12	8.54e-08	1.63e-04	1.32e-02	2.03e-01	4.79e-01	2.00e-01	6.95e-02	3.36e-02	1.05e-03	9.08e-06
 7.91199e+22	1.43e-12	1.04e-07	1.89e-04	1.46e-02	2.14e-01	4.83e-01	1.93e-01	6.48e-02	3.02e-02	9.02e-04	7.42e-06
 8.02593e+22	1.82e-12	1.26e-07	2.20e-04	1.61e-02	2.25e-01	4.85e-01	1.85e-01	6.04e-02	2.71e-02	7.71e-04	6.05e-06
 8.15589e+22	2.47e-12	1.61e-07	2.65e-04	1.83e-02	2.40e-01	4.87e-01	1.75e-01	5.50e-02	2.36e-02	6.31e-04	4.66e-06
 8.28846e+22	3.18e-12	1.97e-07	3.09e-04	2.02e-02	2.53e-01	4.88e-01	1.67e-01	5.09e-02	2.10e-02	5.33e-04	3.74e-06
 8.39606e+22	3.92e-12	2.33e-07	3.51e-04	2.20e-02	2.63e-01	4.87e-01	1.60e-01	4.76e-02	1.90e-02	4.62e-04	3.11e-06
 8.50756e+22	5.00e-12	2.84e-07	4.07e-04	2.42e-02	2.76e-01	4.86e-01	1.52e-01	4.39e-02	1.69e-02	3.91e-04	2.50e-06
 8.62493e+22	6.24e-12	3.39e-07	4.65e-04	2.64e-02	2.87e-01	4.84e-01	1.45e-01	4.07e-02	1.51e-02	3.35e-04	2.05e-06
 8.73271e+22	7.75e-12	4.02e-07	5.28e-04	2.87e-02	2.98e-01	4.82e-01	1.38e-01	3.78e-02	1.36e-02	2.88e-04	1.69e-06
 8.85558e+22	1.01e-11	4.98e-07	6.20e-04	3.18e-02	3.13e-01	4.78e-01	1.30e-01	3.44e-02	1.19e-02	2.38e-04	1.32e-06
 8.98176e+22	1.29e-11	6.03e-07	7.14e-04	3.48e-02	3.25e-01	4.74e-01	1.23e-01	3.16e-02	1.05e-02	2.00e-04	1.06e-06
 9.09258e+22	1.60e-11	7.14e-07	8.10e-04	3.76e-02	3.37e-01	4.69e-01	1.17e-01	2.92e-02	9.39e-03	1.71e-04	8.64e-07
 9.21699e+22	2.08e-11	8.81e-07	9.45e-04	4.15e-02	3.51e-01	4.63e-01	1.09e-01	2.65e-02	8.16e-03	1.41e-04	6.72e-07
 9.34745e+22	2.67e-11	1.07e-06	1.09e-03	4.53e-02	3.64e-01	4.56e-01	1.02e-01	2.41e-02	7.15e-03	1.17e-04	5.31e-07
 9.46552e+22	3.33e-11	1.27e-06	1.24e-03	4.91e-02	3.75e-01	4.49e-01	9.65e-02	2.21e-02	6.33e-03	9.88e-05	4.28e-07
 9.59878e+22	4.40e-11	1.58e-06	1.45e-03	5.41e-02	3.90e-01	4.40e-01	8.93e-02	1.98e-02	5.42e-03	7.98e-05	3.26e-07
 9.73637e+22	5.67e-11	1.93e-06	1.68e-03	5.90e-02	4.02e-01	4.31e-01	8.31e-02	1.79e-02	4.71e-03	6.56e-05	2.54e-07
 9.85885e+22	7.10e-11	2.30e-06	1.91e-03	6.37e-02	4.14e-01	4.22e-01	7.77e-02	1.63e-02	4.13e-03	5.49e-05	2.02e-07
 9.99735e+22	9.43e-11	2.87e-06	2.24e-03	7.01e-02	4.28e-01	4.11e-01	7.13e-02	1.45e-02	3.51e-03	4.37e-05	1.52e-07
 1.01415e+23	1.22e-10	3.50e-06	2.58e-03	7.63e-02	4.40e-01	4.00e-01	6.58e-02	1.30e-02	3.01e-03	3.55e-05	0.00e+00
 1.02713e+23	1.54e-10	4.21e-06	2.95e-03	8.24e-02	4.50e-01	3.89e-01	6.09e-02	1.18e-02	2.61e-03	2.93e-05	0.00e+00
 1.04185e+23	2.08e-10	5.31e-06	3.48e-03	9.07e-02	4.64e-01	3.75e-01	5.51e-02	1.03e-02	2.18e-03	2.28e-05	0.00e+00
 1.05700e+23	2.69e-10	6.46e-06	4.00e-03	9.83e-02	4.74e-01	3.62e-01	5.05e-02	9.18e-03	1.86e-03	1.84e-05	0.00e+00
 1.07062e+23	3.43e-10	7.80e-06	4.58e-03	1.06e-01	4.84e-01	3.50e-01	4.63e-02	8.21e-03	1.59e-03	1.49e-05	0.00e+00
 1.08624e+23	4.70e-10	9.94e-06	5.44e-03	1.17e-01	4.95e-01	3.33e-01	4.13e-02	7.08e-03	1.30e-03	1.13e-05	0.00e+00
 1.10201e+23	6.07e-10	1.21e-05	6.24e-03	1.26e-01	5.03e-01	3.20e-01	3.75e-02	6.28e-03	1.10e-03	9.01e-06	0.00e+00
 1.11798e+23	8.26e-10	1.53e-05	7.36e-03	1.38e-01	5.12e-01	3.03e-01	3.33e-02	5.40e-03	8.93e-04	6.82e-06	0.00e+00
 1.13421e+23	1.07e-09	1.86e-05	8.45e-03	1.48e-01	5.19e-01	2.89e-01	3.00e-02	4.75e-03	7.49e-04	5.38e-06	0.00e+00
 1.14860e+23	1.37e-09	2.26e-05	9.65e-03	1.59e-01	5.24e-01	2.76e-01	2.71e-02	4.19e-03	6.30e-04	4.26e-06	0.00e+00
 1.16515e+23	1.89e-09	2.88e-05	1.14e-02	1.74e-01	5.29e-01	2.58e-01	2.37e-02	3.55e-03	5.02e-04	3.14e-06	0.00e+00
 1.18193e+23	2.44e-09	3.49e-05	1.30e-02	1.86e-01	5.32e-01	2.44e-01	2.12e-02	3.10e-03	4.18e-04	2.46e-06	0.00e+00
 1.19903e+23	3.38e-09	4.47e-05	1.54e-02	2.02e-01	5.34e-01	2.27e-01	1.83e-02	2.61e-03	3.29e-04	1.79e-06	0.00e+00
 1.21632e+23	4.37e-09	5.42e-05	1.76e-02	2.16e-01	5.35e-01	2.13e-01	1.62e-02	2.26e-03	2.71e-04	1.38e-06	0.00e+00
 1.23386e+23	6.07e-09	6.93e-05	2.08e-02	2.34e-01	5.33e-01	1.96e-01	1.39e-02	1.88e-03	2.11e-04	9.89e-07	0.00e+00
 1.25165e+23	7.86e-09	8.41e-05	2.37e-02	2.49e-01	5.31e-01	1.83e-01	1.22e-02	1.62e-03	1.72e-04	7.55e-07	0.00e+00
 1.26712e+23	1.01e-08	1.01e-04	2.69e-02	2.63e-01	5.27e-01	1.71e-01	1.08e-02	1.40e-03	1.41e-04	5.82e-07	0.00e+00
 1.28460e+23	1.38e-08	1.28e-04	3.14e-02	2.82e-01	5.20e-01	1.55e-01	9.16e-03	1.16e-03	1.09e-04	4.13e-07	0.00e+00
 1.30125e+23	1.71e-08	1.50e-04	3.49e-02	2.96e-01	5.15e-01	1.45e-01	8.17e-03	1.02e-03	9.10e-05	3.26e-07	0.00e+00
 1.31682e+23	2.26e-08	1.85e-04	4.01e-02	3.13e-01	5.06e-01	1.33e-01	7.01e-03	8.53e-04	7.17e-05	2.38e-07	0.00e+00
 1.33243e+23	2.79e-08	2.16e-04	4.44e-02	3.27e-01	4.98e-01	1.24e-01	6.22e-03	7.45e-04	5.97e-05	1.87e-07	0.00e+00
 1.34808e+23	3.63e-08	2.62e-04	5.04e-02	3.43e-01	4.87e-01	1.13e-01	5.35e-03	6.27e-04	4.72e-05	1.38e-07	0.00e+00
 1.36427e+23	4.60e-08	3.12e-04	5.63e-02	3.58e-01	4.76e-01	1.04e-01	4.65e-03	5.35e-04	3.81e-05	0.00e+00	0.00e+00
 1.37877e+23	5.69e-08	3.64e-04	6.23e-02	3.72e-01	4.65e-01	9.56e-02	4.09e-03	4.63e-04	3.13e-05	0.00e+00	0.00e+00
 1.39521e+23	7.46e-08	4.44e-04	7.07e-02	3.89e-01	4.50e-01	8.58e-02	3.45e-03	3.82e-04	2.42e-05	0.00e+00	0.00e+00
 1.41196e+23	9.36e-08	5.23e-04	7.85e-02	4.03e-01	4.37e-01	7.81e-02	2.99e-03	3.25e-04	1.95e-05	0.00e+00	0.00e+00
 1.42685e+23	1.16e-07	6.10e-04	8.65e-02	4.16e-01	4.23e-01	7.13e-02	2.60e-03	2.77e-04	1.58e-05	0.00e+00	0.00e+00
 1.44129e+23	1.41e-07	7.06e-04	9.47e-02	4.27e-01	4.10e-01	6.52e-02	2.27e-03	2.38e-04	1.29e-05	0.00e+00	0.00e+00
 1.45462e+23	1.70e-07	8.06e-04	1.03e-01	4.38e-01	3.97e-01	5.99e-02	2.00e-03	2.06e-04	1.06e-05	0.00e+00	0.00e+00
 1.46919e+23	2.12e-07	9.45e-04	1.13e-01	4.49e-01	3.81e-01	5.39e-02	1.71e-03	1.73e-04	8.44e-06	0.00e+00	0.00e+00
 1.48399e+23	2.56e-07	1.08e-03	1.23e-01	4.59e-01	3.66e-01	4.91e-02	1.49e-03	1.48e-04	6.88e-06	0.00e+00	0.00e+00
 1.49691e+23	3.04e-07	1.22e-03	1.33e-01	4.67e-01	3.53e-01	4.49e-02	1.31e-03	1.28e-04	5.69e-06	0.00e+00	0.00e+00
 1.51155e+23	3.78e-07	1.43e-03	1.46e-01	4.76e-01	3.36e-01	4.01e-02	1.12e-03	1.07e-04	4.47e-06	0.00e+00	0.00e+00
 1.52648e+23	4.53e-07	1.63e-03	1.58e-01	4.83e-01	3.21e-01	3.62e-02	9.69e-04	9.10e-05	3.62e-06	0.00e+00	0.00e+00
 1.53972e+23	5.40e-07	1.84e-03	1.70e-01	4.88e-01	3.07e-01	3.28e-02	8.44e-04	7.78e-05	2.95e-06	0.00e+00	0.00e+00
 1.55487e+23	6.69e-07	2.14e-03	1.85e-01	4.94e-01	2.89e-01	2.89e-02	7.09e-04	6.37e-05	2.28e-06	0.00e+00	0.00e+00
 1.57024e+23	8.00e-07	2.43e-03	1.99e-01	4.98e-01	2.74e-01	2.59e-02	6.10e-04	5.37e-05	1.83e-06	0.00e+00	0.00e+00
 1.58385e+23	9.52e-07	2.74e-03	2.14e-01	5.01e-01	2.59e-01	2.32e-02	5.26e-04	4.54e-05	1.47e-06	0.00e+00	0.00e+00
 1.59949e+23	1.18e-06	3.18e-03	2.32e-01	5.03e-01	2.41e-01	2.02e-02	4.36e-04	3.66e-05	1.12e-06	0.00e+00	0.00e+00
 1.61486e+23	1.39e-06	3.57e-03	2.48e-01	5.03e-01	2.27e-01	1.80e-02	3.75e-04	3.08e-05	9.00e-07	0.00e+00	0.00e+00
 1.62987e+23	1.70e-06	4.09e-03	2.67e-01	5.02e-01	2.11e-01	1.56e-02	3.12e-04	2.49e-05	6.88e-07	0.00e+00	0.00e+00
 1.64550e+23	2.03e-06	4.61e-03	2.85e-01	4.99e-01	1.97e-01	1.37e-02	2.64e-04	2.06e-05	5.40e-07	0.00e+00	0.00e+00
 1.65980e+23	2.40e-06	5.17e-03	3.03e-01	4.96e-01	1.83e-01	1.21e-02	2.25e-04	1.70e-05	4.26e-07	0.00e+00	0.00e+00
 1.67623e+23	2.95e-06	5.96e-03	3.27e-01	4.90e-01	1.67e-01	1.03e-02	1.82e-04	1.34e-05	3.15e-07	0.00e+00	0.00e+00
 1.69295e+23	3.51e-06	6.70e-03	3.47e-01	4.83e-01	1.54e-01	8.90e-03	1.52e-04	1.08e-05	2.43e-07	0.00e+00	0.00e+00
 1.71003e+23	4.34e-06	7.71e-03	3.73e-01	4.74e-01	1.39e-01	7.44e-03	1.22e-04	8.35e-06	1.76e-07	0.00e+00	0.00e+00
 1.72740e+23	5.17e-06	8.66e-03	3.95e-01	4.64e-01	1.26e-01	6.37e-03	1.01e-04	6.66e-06	1.33e-07	0.00e+00	0.00e+00
 1.74514e+23	6.38e-06	9.94e-03	4.22e-01	4.51e-01	1.12e-01	5.24e-03	7.94e-05	5.04e-06	0.00e+00	0.00e+00	0.00e+00
 1.76323e+23	7.60e-06	1.12e-02	4.45e-01	4.38e-01	1.01e-01	4.43e-03	6.46e-05	3.95e-06	0.00e+00	0.00e+00	0.00e+00
 1.77933e+23	8.99e-06	1.24e-02	4.68e-01	4.25e-01	9.12e-02	3.75e-03	5.28e-05	3.11e-06	0.00e+00	0.00e+00	0.00e+00
 1.79785e+23	1.11e-05	1.42e-02	4.96e-01	4.07e-01	7.96e-02	3.02e-03	4.09e-05	2.29e-06	0.00e+00	0.00e+00	0.00e+00
 1.81409e+23	1.26e-05	1.55e-02	5.14e-01	3.95e-01	7.28e-02	2.63e-03	3.46e-05	1.88e-06	0.00e+00	0.00e+00	0.00e+00
 1.82738e+23	1.45e-05	1.69e-02	5.34e-01	3.81e-01	6.58e-02	2.25e-03	2.88e-05	1.51e-06	0.00e+00	0.00e+00	0.00e+00
 1.84126e+23	1.65e-05	1.83e-02	5.51e-01	3.69e-01	5.99e-02	1.95e-03	2.43e-05	1.23e-06	0.00e+00	0.00e+00	0.00e+00
 1.85394e+23	1.85e-05	1.97e-02	5.68e-01	3.56e-01	5.46e-02	1.69e-03	2.07e-05	1.02e-06	0.00e+00	0.00e+00	0.00e+00
 1.86848e+23	2.15e-05	2.16e-02	5.88e-01	3.40e-01	4.85e-02	1.42e-03	1.68e-05	7.91e-07	0.00e+00	0.00e+00	0.00e+00
 1.88327e+23	2.44e-05	2.34e-02	6.05e-01	3.26e-01	4.37e-02	1.21e-03	1.40e-05	6.36e-07	0.00e+00	0.00e+00	0.00e+00
 1.89840e+23	2.84e-05	2.57e-02	6.26e-01	3.09e-01	3.83e-02	1.00e-03	1.12e-05	4.85e-07	0.00e+00	0.00e+00	0.00e+00
 1.91364e+23	3.23e-05	2.79e-02	6.42e-01	2.95e-01	3.41e-02	8.46e-04	9.26e-06	3.85e-07	0.00e+00	0.00e+00	0.00e+00
 1.92903e+23	3.75e-05	3.05e-02	6.61e-01	2.78e-01	2.97e-02	6.91e-04	7.34e-06	2.90e-07	0.00e+00	0.00e+00	0.00e+00
 1.94468e+23	4.27e-05	3.30e-02	6.77e-01	2.63e-01	2.63e-02	5.80e-04	6.01e-06	2.28e-07	0.00e+00	0.00e+00	0.00e+00
 1.96068e+23	4.97e-05	3.62e-02	6.95e-01	2.46e-01	2.25e-02	4.68e-04	4.70e-06	1.69e-07	0.00e+00	0.00e+00	0.00e+00
 1.97697e+23	5.66e-05	3.91e-02	7.10e-01	2.31e-01	1.98e-02	3.89e-04	3.80e-06	1.31e-07	0.00e+00	0.00e+00	0.00e+00
 1.99367e+23	6.63e-05	4.29e-02	7.26e-01	2.14e-01	1.67e-02	3.07e-04	2.91e-06	0.00e+00	0.00e+00	0.00e+00	0.00e+00
 2.01057e+23	7.55e-05	4.64e-02	7.39e-01	2.00e-01	1.45e-02	2.53e-04	2.33e-06	0.00e+00	0.00e+00	0.00e+00	0.00e+00
 2.02772e+23	8.83e-05	5.08e-02	7.54e-01	1.83e-01	1.21e-02	1.99e-04	1.77e-06	0.00e+00	0.00e+00	0.00e+00	0.00e+00
 2.04526e+23	1.01e-04	5.50e-02	7.65e-01	1.69e-01	1.04e-02	1.61e-04	1.39e-06	0.00e+00	0.00e+00	0.00e+00	0.00e+00
 2.06332e+23	1.20e-04	6.04e-02	7.78e-01	1.53e-01	8.50e-03	1.23e-04	1.03e-06	0.00e+00	0.00e+00	0.00e+00	0.00e+00
 2.08132e+23	1.37e-04	6.52e-02	7.86e-01	1.41e-01	7.24e-03	9.98e-05	8.09e-07	0.00e+00	0.00e+00	0.00e+00	0.00e+00
 2.09924e+23	1.61e-04	7.15e-02	7.96e-01	1.27e-01	5.89e-03	7.62e-05	5.96e-07	0.00e+00	0.00e+00	0.00e+00	0.00e+00
 2.11728e+23	1.84e-04	7.71e-02	8.02e-01	1.16e-01	4.97e-03	6.11e-05	4.63e-07	0.00e+00	0.00e+00	0.00e+00	0.00e+00
 2.13548e+23	2.18e-04	8.45e-02	8.08e-01	1.03e-01	3.99e-03	4.61e-05	3.36e-07	0.00e+00	0.00e+00	0.00e+00	0.00e+00
 2.15375e+23	2.50e-04	9.11e-02	8.12e-01	9.32e-02	3.34e-03	3.67e-05	2.59e-07	0.00e+00	0.00e+00	0.00e+00	0.00e+00
 2.17212e+23	2.98e-04	9.99e-02	8.15e-01	8.18e-02	2.63e-03	2.72e-05	1.84e-07	0.00e+00	0.00e+00	0.00e+00	0.00e+00
 2.19045e+23	3.42e-04	1.08e-01	8.16e-01	7.35e-02	2.18e-03	2.15e-05	1.41e-07	0.00e+00	0.00e+00	0.00e+00	0.00e+00
 2.20872e+23	4.09e-04	1.18e-01	8.16e-01	6.38e-02	1.70e-03	1.58e-05	0.00e+00	0.00e+00	0.00e+00	0.00e+00	0.00e+00
 2.22702e+23	4.71e-04	1.27e-01	8.14e-01	5.67e-02	1.40e-03	1.24e-05	0.00e+00	0.00e+00	0.00e+00	0.00e+00	0.00e+00
 2.24536e+23	5.67e-04	1.39e-01	8.11e-01	4.85e-02	1.07e-03	8.95e-06	0.00e+00	0.00e+00	0.00e+00	0.00e+00	0.00e+00
 2.26373e+23	6.57e-04	1.50e-01	8.06e-01	4.25e-02	8.66e-04	6.90e-06	0.00e+00	0.00e+00	0.00e+00	0.00e+00	0.00e+00
 2.28212e+23	7.93e-04	1.64e-01	7.99e-01	3.57e-02	6.53e-04	4.89e-06	0.00e+00	0.00e+00	0.00e+00	0.00e+00	0.00e+00
 2.30062e+23	9.27e-04	1.77e-01	7.91e-01	3.08e-02	5.17e-04	3.68e-06	0.00e+00	0.00e+00	0.00e+00	0.00e+00	0.00e+00
 2.31927e+23	1.12e-03	1.93e-01	7.80e-01	2.53e-02	3.83e-04	2.55e-06	0.00e+00	0.00e+00	0.00e+00	0.00e+00	0.00e+00
 2.33818e+23	1.33e-03	2.09e-01	7.68e-01	2.12e-02	2.94e-04	1.84e-06	0.00e+00	0.00e+00	0.00e+00	0.00e+00	0.00e+00
 2.35484e+23	1.56e-03	2.25e-01	7.56e-01	1.77e-02	2.26e-04	1.33e-06	0.00e+00	0.00e+00	0.00e+00	0.00e+00	0.00e+00
 2.37128e+23	1.84e-03	2.41e-01	7.43e-01	1.46e-02	1.72e-04	9.45e-07	0.00e+00	0.00e+00	0.00e+00	0.00e+00	0.00e+00
 2.38567e+23	2.09e-03	2.54e-01	7.31e-01	1.24e-02	1.38e-04	7.13e-07	0.00e+00	0.00e+00	0.00e+00	0.00e+00	0.00e+00
 2.40003e+23	2.45e-03	2.71e-01	7.16e-01	1.01e-02	1.05e-04	4.97e-07	0.00e+00	0.00e+00	0.00e+00	0.00e+00	0.00e+00
 2.41499e+23	2.83e-03	2.87e-01	7.02e-01	8.26e-03	8.09e-05	3.50e-07	0.00e+00	0.00e+00	0.00e+00	0.00e+00	0.00e+00
 2.42845e+23	3.25e-03	3.02e-01	6.88e-01	6.73e-03	6.27e-05	2.46e-07	0.00e+00	0.00e+00	0.00e+00	0.00e+00	0.00e+00
 2.44365e+23	3.87e-03	3.22e-01	6.69e-01	5.13e-03	4.53e-05	1.54e-07	0.00e+00	0.00e+00	0.00e+00	0.00e+00	0.00e+00
 2.45896e+23	4.51e-03	3.39e-01	6.53e-01	3.92e-03	3.32e-05	0.00e+00	0.00e+00	0.00e+00	0.00e+00	0.00e+00	0.00e+00
 2.47094e+23	5.11e-03	3.52e-01	6.39e-01	3.09e-03	2.56e-05	0.00e+00	0.00e+00	0.00e+00	0.00e+00	0.00e+00	0.00e+00
 2.48112e+23	5.74e-03	3.64e-01	6.27e-01	2.47e-03	2.01e-05	0.00e+00	0.00e+00	0.00e+00	0.00e+00	0.00e+00	0.00e+00
 2.49040e+23	6.40e-03	3.75e-01	6.16e-01	1.98e-03	1.59e-05	0.00e+00	0.00e+00	0.00e+00	0.00e+00	0.00e+00	0.00e+00
 2.49864e+23	7.06e-03	3.84e-01	6.07e-01	1.60e-03	1.28e-05	0.00e+00	0.00e+00	0.00e+00	0.00e+00	0.00e+00	0.00e+00
 2.50599e+23	7.73e-03	3.92e-01	5.99e-01	1.30e-03	1.05e-05	0.00e+00	0.00e+00	0.00e+00	0.00e+00	0.00e+00	0.00e+00
 2.51276e+23	8.45e-03	4.00e-01	5.91e-01	1.06e-03	8.56e-06	0.00e+00	0.00e+00	0.00e+00	0.00e+00	0.00e+00	0.00e+00
 2.51907e+23	9.21e-03	4.06e-01	5.84e-01	8.70e-04	7.05e-06	0.00e+00	0.00e+00	0.00e+00	0.00e+00	0.00e+00	0.00e+00
 2.52493e+23	9.92e-03	4.10e-01	5.79e-01	7.20e-04	5.89e-06	0.00e+00	0.00e+00	0.00e+00	0.00e+00	0.00e+00	0.00e+00
 2.53050e+23	1.08e-02	4.15e-01	5.74e-01	5.94e-04	4.90e-06	0.00e+00	0.00e+00	0.00e+00	0.00e+00	0.00e+00	0.00e+00
 2.53598e+23	1.17e-02	4.19e-01	5.69e-01	4.89e-04	4.08e-06	0.00e+00	0.00e+00	0.00e+00	0.00e+00	0.00e+00	0.00e+00
 2.54121e+23	1.26e-02	4.21e-01	5.66e-01	4.04e-04	3.42e-06	0.00e+00	0.00e+00	0.00e+00	0.00e+00	0.00e+00	0.00e+00
 2.54595e+23	1.35e-02	4.23e-01	5.63e-01	3.40e-04	2.91e-06	0.00e+00	0.00e+00	0.00e+00	0.00e+00	0.00e+00	0.00e+00
 2.55027e+23	1.44e-02	4.23e-01	5.62e-01	2.91e-04	2.53e-06	0.00e+00	0.00e+00	0.00e+00	0.00e+00	0.00e+00	0.00e+00
 2.55420e+23	1.52e-02	4.23e-01	5.61e-01	2.53e-04	2.22e-06	0.00e+00	0.00e+00	0.00e+00	0.00e+00	0.00e+00	0.00e+00
 2.55766e+23	1.59e-02	4.22e-01	5.61e-01	2.25e-04	2.00e-06	0.00e+00	0.00e+00	0.00e+00	0.00e+00	0.00e+00	0.00e+00
 2.56017e+23	1.64e-02	4.21e-01	5.62e-01	2.08e-04	1.86e-06	0.00e+00	0.00e+00	0.00e+00	0.00e+00	0.00e+00	0.00e+00
 2.56185e+23	1.67e-02	4.20e-01	5.63e-01	1.97e-04	1.78e-06	0.00e+00	0.00e+00	0.00e+00	0.00e+00	0.00e+00	0.00e+00
 2.56357e+23	1.72e-02	4.20e-01	5.63e-01	1.87e-04	1.69e-06	0.00e+00	0.00e+00	0.00e+00	0.00e+00	0.00e+00	0.00e+00
 2.56566e+23	1.77e-02	4.19e-01	5.63e-01	1.75e-04	1.60e-06	0.00e+00	0.00e+00	0.00e+00	0.00e+00	0.00e+00	0.00e+00
 2.56796e+23	1.83e-02	4.19e-01	5.63e-01	1.63e-04	1.50e-06	0.00e+00	0.00e+00	0.00e+00	0.00e+00	0.00e+00	0.00e+00
 2.57026e+23	1.88e-02	4.18e-01	5.63e-01	1.53e-04	1.42e-06	0.00e+00	0.00e+00	0.00e+00	0.00e+00	0.00e+00	0.00e+00
 2.57251e+23	1.93e-02	4.16e-01	5.64e-01	1.44e-04	1.35e-06	0.00e+00	0.00e+00	0.00e+00	0.00e+00	0.00e+00	0.00e+00
 2.57466e+23	1.98e-02	4.15e-01	5.65e-01	1.36e-04	1.29e-06	0.00e+00	0.00e+00	0.00e+00	0.00e+00	0.00e+00	0.00e+00
 2.57636e+23	2.02e-02	4.14e-01	5.66e-01	1.31e-04	1.25e-06	0.00e+00	0.00e+00	0.00e+00	0.00e+00	0.00e+00	0.00e+00
 2.57753e+23	2.04e-02	4.13e-01	5.66e-01	1.28e-04	1.22e-06	0.00e+00	0.00e+00	0.00e+00	0.00e+00	0.00e+00	0.00e+00
 2.57869e+23	2.08e-02	4.13e-01	5.66e-01	1.24e-04	1.19e-06	0.00e+00	0.00e+00	0.00e+00	0.00e+00	0.00e+00	0.00e+00
 2.58005e+23	2.11e-02	4.13e-01	5.66e-01	1.20e-04	1.16e-06	0.00e+00	0.00e+00	0.00e+00	0.00e+00	0.00e+00	0.00e+00
 2.58155e+23	2.16e-02	4.13e-01	5.66e-01	1.17e-04	1.13e-06	0.00e+00	0.00e+00	0.00e+00	0.00e+00	0.00e+00	0.00e+00
 2.58306e+23	2.20e-02	4.12e-01	5.65e-01	1.13e-04	1.10e-06	0.00e+00	0.00e+00	0.00e+00	0.00e+00	0.00e+00	0.00e+00
 2.58450e+23	2.24e-02	4.12e-01	5.65e-01	1.10e-04	1.08e-06	0.00e+00	0.00e+00	0.00e+00	0.00e+00	0.00e+00	0.00e+00
 2.58595e+23	2.29e-02	4.13e-01	5.64e-01	1.06e-04	1.05e-06	0.00e+00	0.00e+00	0.00e+00	0.00e+00	0.00e+00	0.00e+00
 2.58744e+23	2.34e-02	4.13e-01	5.64e-01	1.03e-04	1.03e-06	0.00e+00	0.00e+00	0.00e+00	0.00e+00	0.00e+00	0.00e+00
 2.58900e+23	2.39e-02	4.13e-01	5.63e-01	1.00e-04	1.00e-06	0.00e+00	0.00e+00	0.00e+00	0.00e+00	0.00e+00	0.00e+00
 2.59063e+23	2.45e-02	4.13e-01	5.62e-01	9.73e-05	9.79e-07	0.00e+00	0.00e+00	0.00e+00	0.00e+00	0.00e+00	0.00e+00
 2.59225e+23	2.50e-02	4.14e-01	5.61e-01	9.45e-05	9.57e-07	0.00e+00	0.00e+00	0.00e+00	0.00e+00	0.00e+00	0.00e+00
 2.59389e+23	2.56e-02	4.15e-01	5.60e-01	9.18e-05	9.36e-07	0.00e+00	0.00e+00	0.00e+00	0.00e+00	0.00e+00	0.00e+00
 2.59561e+23	2.63e-02	4.15e-01	5.58e-01	8.91e-05	9.15e-07	0.00e+00	0.00e+00	0.00e+00	0.00e+00	0.00e+00	0.00e+00
 2.59739e+23	2.70e-02	4.16e-01	5.56e-01	8.65e-05	8.95e-07	0.00e+00	0.00e+00	0.00e+00	0.00e+00	0.00e+00	0.00e+00
 2.59921e+23	2.77e-02	4.18e-01	5.55e-01	8.40e-05	8.75e-07	0.00e+00	0.00e+00	0.00e+00	0.00e+00	0.00e+00	0.00e+00
 2.60106e+23	2.85e-02	4.19e-01	5.53e-01	8.15e-05	8.56e-07	0.00e+00	0.00e+00	0.00e+00	0.00e+00	0.00e+00	0.00e+00
 2.60298e+23	2.93e-02	4.20e-01	5.50e-01	7.91e-05	8.37e-07	0.00e+00	0.00e+00	0.00e+00	0.00e+00	0.00e+00	0.00e+00
 2.60496e+23	3.01e-02	4.22e-01	5.48e-01	7.67e-05	8.18e-07	0.00e+00	0.00e+00	0.00e+00	0.00e+00	0.00e+00	0.00e+00
 2.60700e+23	3.11e-02	4.24e-01	5.45e-01	7.44e-05	8.00e-07	0.00e+00	0.00e+00	0.00e+00	0.00e+00	0.00e+00	0.00e+00
 2.60909e+23	3.20e-02	4.26e-01	5.42e-01	7.22e-05	7.82e-07	0.00e+00	0.00e+00	0.00e+00	0.00e+00	0.00e+00	0.00e+00
 2.61125e+23	3.31e-02	4.28e-01	5.39e-01	7.00e-05	7.65e-07	0.00e+00	0.00e+00	0.00e+00	0.00e+00	0.00e+00	0.00e+00
 2.61350e+23	3.42e-02	4.30e-01	5.36e-01	6.78e-05	7.48e-07	0.00e+00	0.00e+00	0.00e+00	0.00e+00	0.00e+00	0.00e+00
 2.61582e+23	3.53e-02	4.33e-01	5.32e-01	6.56e-05	7.31e-07	0.00e+00	0.00e+00	0.00e+00	0.00e+00	0.00e+00	0.00e+00
 2.61821e+23	3.65e-02	4.35e-01	5.28e-01	6.36e-05	7.14e-07	0.00e+00	0.00e+00	0.00e+00	0.00e+00	0.00e+00	0.00e+00
 2.62068e+23	3.78e-02	4.38e-01	5.24e-01	6.15e-05	6.98e-07	0.00e+00	0.00e+00	0.00e+00	0.00e+00	0.00e+00	0.00e+00
 2.62326e+23	3.92e-02	4.41e-01	5.19e-01	5.95e-05	6.81e-07	0.00e+00	0.00e+00	0.00e+00	0.00e+00	0.00e+00	0.00e+00
 2.62593e+23	4.07e-02	4.45e-01	5.15e-01	5.75e-05	6.65e-07	0.00e+00	0.00e+00	0.00e+00	0.00e+00	0.00e+00	0.00e+00
 2.62867e+23	4.22e-02	4.48e-01	5.10e-01	5.56e-05	6.49e-07	0.00e+00	0.00e+00	0.00e+00	0.00e+00	0.00e+00	0.00e+00
 2.63146e+23	4.37e-02	4.51e-01	5.05e-01	5.37e-05	6.34e-07	0.00e+00	0.00e+00	0.00e+00	0.00e+00	0.00e+00	0.00e+00
 2.63431e+23	4.54e-02	4.55e-01	5.00e-01	5.19e-05	6.19e-07	0.00e+00	0.00e+00	0.00e+00	0.00e+00	0.00e+00	0.00e+00
 2.63730e+23	4.72e-02	4.59e-01	4.94e-01	5.01e-05	6.04e-07	0.00e+00	0.00e+00	0.00e+00	0.00e+00	0.00e+00	0.00e+00
 2.64041e+23	4.91e-02	4.63e-01	4.88e-01	4.83e-05	5.89e-07	0.00e+00	0.00e+00	0.00e+00	0.00e+00	0.00e+00	0.00e+00
 2.64359e+23	5.11e-02	4.67e-01	4.82e-01	4.67e-05	5.74e-07	0.00e+00	0.00e+00	0.00e+00	0.00e+00	0.00e+00	0.00e+00
 2.64685e+23	5.32e-02	4.71e-01	4.76e-01	4.50e-05	5.59e-07	0.00e+00	0.00e+00	0.00e+00	0.00e+00	0.00e+00	0.00e+00
 2.65026e+23	5.54e-02	4.76e-01	4.69e-01	4.33e-05	5.44e-07	0.00e+00	0.00e+00	0.00e+00	0.00e+00	0.00e+00	0.00e+00
 2.65386e+23	5.77e-02	4.80e-01	4.62e-01	4.17e-05	5.29e-07	0.00e+00	0.00e+00	0.00e+00	0.00e+00	0.00e+00	0.00e+00
 2.65760e+23	6.03e-02	4.85e-01	4.55e-01	4.00e-05	5.14e-07	0.00e+00	0.00e+00	0.00e+00	0.00e+00	0.00e+00	0.00e+00
 2.66149e+23	6.30e-02	4.89e-01	4.47e-01	3.84e-05	4.98e-07	0.00e+00	0.00e+00	0.00e+00	0.00e+00	0.00e+00	0.00e+00
 2.66561e+23	6.60e-02	4.95e-01	4.39e-01	3.68e-05	4.82e-07	0.00e+00	0.00e+00	0.00e+00	0.00e+00	0.00e+00	0.00e+00
 2.66996e+23	6.93e-02	5.00e-01	4.31e-01	3.51e-05	4.65e-07	0.00e+00	0.00e+00	0.00e+00	0.00e+00	0.00e+00	0.00e+00
 2.67452e+23	7.29e-02	5.05e-01	4.22e-01	3.35e-05	4.48e-07	0.00e+00	0.00e+00	0.00e+00	0.00e+00	0.00e+00	0.00e+00
 2.67917e+23	7.68e-02	5.11e-01	4.13e-01	3.19e-05	4.31e-07	0.00e+00	0.00e+00	0.00e+00	0.00e+00	0.00e+00	0.00e+00
 2.68367e+23	8.06e-02	5.15e-01	4.04e-01	3.05e-05	4.16e-07	0.00e+00	0.00e+00	0.00e+00	0.00e+00	0.00e+00	0.00e+00
 2.68796e+23	8.45e-02	5.20e-01	3.95e-01	2.92e-05	4.00e-07	0.00e+00	0.00e+00	0.00e+00	0.00e+00	0.00e+00	0.00e+00
 2.69217e+23	8.84e-02	5.25e-01	3.87e-01	2.80e-05	3.86e-07	0.00e+00	0.00e+00	0.00e+00	0.00e+00	0.00e+00	0.00e+00
 2.69629e+23	9.25e-02	5.29e-01	3.79e-01	2.68e-05	3.72e-07	0.00e+00	0.00e+00	0.00e+00	0.00e+00	0.00e+00	0.00e+00
 2.70031e+23	9.66e-02	5.33e-01	3.71e-01	2.54e-05	3.58e-07	0.00e+00	0.00e+00	0.00e+00	0.00e+00	0.00e+00	0.00e+00
 2.70415e+23	1.01e-01	5.37e-01	3.63e-01	2.41e-05	3.45e-07	0.00e+00	0.00e+00	0.00e+00	0.00e+00	0.00e+00	0.00e+00
 2.70770e+23	1.05e-01	5.40e-01	3.55e-01	2.29e-05	3.33e-07	0.00e+00	0.00e+00	0.00e+00	0.00e+00	0.00e+00	0.00e+00
 2.71116e+23	1.09e-01	5.43e-01	3.48e-01	2.18e-05	3.22e-07	0.00e+00	0.00e+00	0.00e+00	0.00e+00	0.00e+00	0.00e+00
 2.71462e+23	1.13e-01	5.46e-01	3.41e-01	2.08e-05	3.10e-07	0.00e+00	0.00e+00	0.00e+00	0.00e+00	0.00e+00	0.00e+00
 2.71798e+23	1.18e-01	5.49e-01	3.34e-01	1.98e-05	2.99e-07	0.00e+00	0.00e+00	0.00e+00	0.00e+00	0.00e+00	0.00e+00
 2.72122e+23	1.22e-01	5.51e-01	3.27e-01	1.89e-05	2.89e-07	0.00e+00	0.00e+00	0.00e+00	0.00e+00	0.00e+00	0.00e+00
 2.72434e+23	1.26e-01	5.54e-01	3.20e-01	1.81e-05	2.79e-07	0.00e+00	0.00e+00	0.00e+00	0.00e+00	0.00e+00	0.00e+00
 2.72736e+23	1.31e-01	5.56e-01	3.13e-01	1.73e-05	2.69e-07	0.00e+00	0.00e+00	0.00e+00	0.00e+00	0.00e+00	0.00e+00
 2.73028e+23	1.35e-01	5.58e-01	3.07e-01	1.66e-05	2.59e-07	0.00e+00	0.00e+00	0.00e+00	0.00e+00	0.00e+00	0.00e+00
 2.73310e+23	1.40e-01	5.60e-01	3.00e-01	1.59e-05	2.51e-07	0.00e+00	0.00e+00	0.00e+00	0.00e+00	0.00e+00	0.00e+00
 2.73582e+23	1.44e-01	5.62e-01	2.94e-01	1.52e-05	2.42e-07	0.00e+00	0.00e+00	0.00e+00	0.00e+00	0.00e+00	0.00e+00
 2.73845e+23	1.49e-01	5.63e-01	2.88e-01	1.46e-05	2.34e-07	0.00e+00	0.00e+00	0.00e+00	0.00e+00	0.00e+00	0.00e+00
 2.74098e+23	1.54e-01	5.64e-01	2.82e-01	1.40e-05	2.26e-07	0.00e+00	0.00e+00	0.00e+00	0.00e+00	0.00e+00	0.00e+00
 2.74343e+23	1.59e-01	5.66e-01	2.76e-01	1.35e-05	2.18e-07	0.00e+00	0.00e+00	0.00e+00	0.00e+00	0.00e+00	0.00e+00
 2.74575e+23	1.63e-01	5.67e-01	2.70e-01	1.30e-05	2.11e-07	0.00e+00	0.00e+00	0.00e+00	0.00e+00	0.00e+00	0.00e+00
 2.74802e+23	1.68e-01	5.68e-01	2.64e-01	1.25e-05	2.04e-07	0.00e+00	0.00e+00	0.00e+00	0.00e+00	0.00e+00	0.00e+00
 2.75024e+23	1.73e-01	5.68e-01	2.59e-01	1.20e-05	1.97e-07	0.00e+00	0.00e+00	0.00e+00	0.00e+00	0.00e+00	0.00e+00
 2.75225e+23	1.78e-01	5.69e-01	2.53e-01	1.16e-05	1.91e-07	0.00e+00	0.00e+00	0.00e+00	0.00e+00	0.00e+00	0.00e+00
 2.75408e+23	1.82e-01	5.69e-01	2.49e-01	1.12e-05	1.86e-07	0.00e+00	0.00e+00	0.00e+00	0.00e+00	0.00e+00	0.00e+00
 2.75575e+23	1.86e-01	5.70e-01	2.44e-01	1.09e-05	1.81e-07	0.00e+00	0.00e+00	0.00e+00	0.00e+00	0.00e+00	0.00e+00
 2.75727e+23	1.90e-01	5.70e-01	2.40e-01	1.06e-05	1.76e-07	0.00e+00	0.00e+00	0.00e+00	0.00e+00	0.00e+00	0.00e+00
 2.75865e+23	1.94e-01	5.70e-01	2.36e-01	1.03e-05	1.72e-07	0.00e+00	0.00e+00	0.00e+00	0.00e+00	0.00e+00	0.00e+00
 2.75991e+23	1.97e-01	5.70e-01	2.32e-01	1.01e-05	1.69e-07	0.00e+00	0.00e+00	0.00e+00	0.00e+00	0.00e+00	0.00e+00
 2.76105e+23	2.01e-01	5.70e-01	2.29e-01	9.86e-06	1.65e-07	0.00e+00	0.00e+00	0.00e+00	0.00e+00	0.00e+00	0.00e+00
 2.76209e+23	2.03e-01	5.70e-01	2.26e-01	9.69e-06	1.62e-07	0.00e+00	0.00e+00	0.00e+00	0.00e+00	0.00e+00	0.00e+00
 2.76323e+23	2.07e-01	5.70e-01	2.23e-01	9.44e-06	1.59e-07	0.00e+00	0.00e+00	0.00e+00	0.00e+00	0.00e+00	0.00e+00
 2.76471e+23	2.12e-01	5.70e-01	2.18e-01	9.16e-06	1.54e-07	0.00e+00	0.00e+00	0.00e+00	0.00e+00	0.00e+00	0.00e+00
 2.76631e+23	2.15e-01	5.70e-01	2.15e-01	8.92e-06	1.51e-07	0.00e+00	0.00e+00	0.00e+00	0.00e+00	0.00e+00	0.00e+00
 2.76777e+23	2.20e-01	5.69e-01	2.11e-01	8.66e-06	1.47e-07	0.00e+00	0.00e+00	0.00e+00	0.00e+00	0.00e+00	0.00e+00
 2.76909e+23	2.23e-01	5.69e-01	2.08e-01	8.45e-06	1.44e-07	0.00e+00	0.00e+00	0.00e+00	0.00e+00	0.00e+00	0.00e+00
 2.77030e+23	2.27e-01	5.68e-01	2.04e-01	8.25e-06	1.41e-07	0.00e+00	0.00e+00	0.00e+00	0.00e+00	0.00e+00	0.00e+00
 2.77140e+23	2.31e-01	5.68e-01	2.01e-01	8.07e-06	1.38e-07	0.00e+00	0.00e+00	0.00e+00	0.00e+00	0.00e+00	0.00e+00
 2.77239e+23	2.35e-01	5.67e-01	1.98e-01	7.89e-06	1.35e-07	0.00e+00	0.00e+00	0.00e+00	0.00e+00	0.00e+00	0.00e+00
 2.77330e+23	2.37e-01	5.67e-01	1.96e-01	7.78e-06	1.34e-07	0.00e+00	0.00e+00	0.00e+00	0.00e+00	0.00e+00	0.00e+00
 2.77430e+23	2.40e-01	5.67e-01	1.94e-01	7.62e-06	1.31e-07	0.00e+00	0.00e+00	0.00e+00	0.00e+00	0.00e+00	0.00e+00
 2.77559e+23	2.43e-01	5.66e-01	1.91e-01	7.42e-06	1.28e-07	0.00e+00	0.00e+00	0.00e+00	0.00e+00	0.00e+00	0.00e+00
 2.77699e+23	2.47e-01	5.65e-01	1.88e-01	7.24e-06	1.26e-07	0.00e+00	0.00e+00	0.00e+00	0.00e+00	0.00e+00	0.00e+00
 2.77826e+23	2.50e-01	5.65e-01	1.85e-01	7.09e-06	0.00e+00	0.00e+00	0.00e+00	0.00e+00	0.00e+00	0.00e+00	0.00e+00
 2.77966e+23	2.55e-01	5.64e-01	1.82e-01	6.88e-06	0.00e+00	0.00e+00	0.00e+00	0.00e+00	0.00e+00	0.00e+00	0.00e+00
 2.78116e+23	2.59e-01	5.63e-01	1.79e-01	6.70e-06	0.00e+00	0.00e+00	0.00e+00	0.00e+00	0.00e+00	0.00e+00	0.00e+00
 2.78253e+23	2.63e-01	5.62e-01	1.75e-01	6.52e-06	0.00e+00	0.00e+00	0.00e+00	0.00e+00	0.00e+00	0.00e+00	0.00e+00
 2.78378e+23	2.66e-01	5.61e-01	1.73e-01	6.39e-06	0.00e+00	0.00e+00	0.00e+00	0.00e+00	0.00e+00	0.00e+00	0.00e+00
 2.78514e+23	2.70e-01	5.60e-01	1.70e-01	6.21e-06	0.00e+00	0.00e+00	0.00e+00	0.00e+00	0.00e+00	0.00e+00	0.00e+00
 2.78662e+23	2.75e-01	5.59e-01	1.67e-01	6.04e-06	0.00e+00	0.00e+00	0.00e+00	0.00e+00	0.00e+00	0.00e+00	0.00e+00
 2.78796e+23	2.79e-01	5.57e-01	1.64e-01	5.88e-06	0.00e+00	0.00e+00	0.00e+00	0.00e+00	0.00e+00	0.00e+00	0.00e+00
 2.78918e+23	2.82e-01	5.56e-01	1.62e-01	5.76e-06	0.00e+00	0.00e+00	0.00e+00	0.00e+00	0.00e+00	0.00e+00	0.00e+00
 2.79051e+23	2.87e-01	5.55e-01	1.58e-01	5.59e-06	0.00e+00	0.00e+00	0.00e+00	0.00e+00	0.00e+00	0.00e+00	0.00e+00
 2.79196e+23	2.92e-01	5.53e-01	1.55e-01	5.43e-06	0.00e+00	0.00e+00	0.00e+00	0.00e+00	0.00e+00	0.00e+00	0.00e+00
 2.79327e+23	2.95e-01	5.52e-01	1.53e-01	5.32e-06	0.00e+00	0.00e+00	0.00e+00	0.00e+00	0.00e+00	0.00e+00	0.00e+00
 2.79471e+23	3.00e-01	5.50e-01	1.50e-01	5.15e-06	0.00e+00	0.00e+00	0.00e+00	0.00e+00	0.00e+00	0.00e+00	0.00e+00
 2.79627e+23	3.05e-01	5.48e-01	1.46e-01	4.99e-06	0.00e+00	0.00e+00	0.00e+00	0.00e+00	0.00e+00	0.00e+00	0.00e+00
 2.79768e+23	3.09e-01	5.47e-01	1.44e-01	4.86e-06	0.00e+00	0.00e+00	0.00e+00	0.00e+00	0.00e+00	0.00e+00	0.00e+00
 2.79897e+23	3.14e-01	5.45e-01	1.41e-01	4.74e-06	0.00e+00	0.00e+00	0.00e+00	0.00e+00	0.00e+00	0.00e+00	0.00e+00
 2.80014e+23	3.18e-01	5.44e-01	1.39e-01	4.63e-06	0.00e+00	0.00e+00	0.00e+00	0.00e+00	0.00e+00	0.00e+00	0.00e+00
 2.80142e+23	3.22e-01	5.42e-01	1.36e-01	4.50e-06	0.00e+00	0.00e+00	0.00e+00	0.00e+00	0.00e+00	0.00e+00	0.00e+00
 2.80281e+23	3.27e-01	5.40e-01	1.33e-01	4.37e-06	0.00e+00	0.00e+00	0.00e+00	0.00e+00	0.00e+00	0.00e+00	0.00e+00
 2.80407e+23	3.32e-01	5.37e-01	1.31e-01	4.26e-06	0.00e+00	0.00e+00	0.00e+00	0.00e+00	0.00e+00	0.00e+00	0.00e+00
 2.80522e+23	3.35e-01	5.36e-01	1.29e-01	4.18e-06	0.00e+00	0.00e+00	0.00e+00	0.00e+00	0.00e+00	0.00e+00	0.00e+00
 2.80647e+23	3.39e-01	5.34e-01	1.27e-01	4.07e-06	0.00e+00	0.00e+00	0.00e+00	0.00e+00	0.00e+00	0.00e+00	0.00e+00
 2.80783e+23	3.44e-01	5.32e-01	1.24e-01	3.96e-06	0.00e+00	0.00e+00	0.00e+00	0.00e+00	0.00e+00	0.00e+00	0.00e+00
 2.80907e+23	3.48e-01	5.30e-01	1.22e-01	3.86e-06	0.00e+00	0.00e+00	0.00e+00	0.00e+00	0.00e+00	0.00e+00	0.00e+00
 2.81019e+23	3.52e-01	5.28e-01	1.20e-01	3.77e-06	0.00e+00	0.00e+00	0.00e+00	0.00e+00	0.00e+00	0.00e+00	0.00e+00
 2.81121e+23	3.55e-01	5.27e-01	1.18e-01	3.70e-06	0.00e+00	0.00e+00	0.00e+00	0.00e+00	0.00e+00	0.00e+00	0.00e+00
 2.81233e+23	3.59e-01	5.25e-01	1.16e-01	3.61e-06	0.00e+00	0.00e+00	0.00e+00	0.00e+00	0.00e+00	0.00e+00	0.00e+00
 2.81379e+23	3.65e-01	5.22e-01	1.13e-01	3.49e-06	0.00e+00	0.00e+00	0.00e+00	0.00e+00	0.00e+00	0.00e+00	0.00e+00
 2.81536e+23	3.69e-01	5.20e-01	1.11e-01	3.40e-06	0.00e+00	0.00e+00	0.00e+00	0.00e+00	0.00e+00	0.00e+00	0.00e+00
 2.81680e+23	3.74e-01	5.17e-01	1.09e-01	3.30e-06	0.00e+00	0.00e+00	0.00e+00	0.00e+00	0.00e+00	0.00e+00	0.00e+00
 2.81810e+23	3.77e-01	5.15e-01	1.07e-01	3.23e-06	0.00e+00	0.00e+00	0.00e+00	0.00e+00	0.00e+00	0.00e+00	0.00e+00
 2.81953e+23	3.83e-01	5.13e-01	1.05e-01	3.13e-06	0.00e+00	0.00e+00	0.00e+00	0.00e+00	0.00e+00	0.00e+00	0.00e+00
 2.82138e+23	3.88e-01	5.10e-01	1.02e-01	3.03e-06	0.00e+00	0.00e+00	0.00e+00	0.00e+00	0.00e+00	0.00e+00	0.00e+00
 2.82339e+23	3.93e-01	5.07e-01	1.00e-01	2.93e-06	0.00e+00	0.00e+00	0.00e+00	0.00e+00	0.00e+00	0.00e+00	0.00e+00
 2.82521e+23	3.98e-01	5.04e-01	9.79e-02	2.83e-06	0.00e+00	0.00e+00	0.00e+00	0.00e+00	0.00e+00	0.00e+00	0.00e+00
 2.82687e+23	4.03e-01	5.01e-01	9.57e-02	2.75e-06	0.00e+00	0.00e+00	0.00e+00	0.00e+00	0.00e+00	0.00e+00	0.00e+00
 2.82838e+23	4.07e-01	4.99e-01	9.41e-02	2.68e-06	0.00e+00	0.00e+00	0.00e+00	0.00e+00	0.00e+00	0.00e+00	0.00e+00
 2.83003e+23	4.13e-01	4.95e-01	9.15e-02	2.58e-06	0.00e+00	0.00e+00	0.00e+00	0.00e+00	0.00e+00	0.00e+00	0.00e+00
 2.83182e+23	4.18e-01	4.93e-01	8.98e-02	2.51e-06	0.00e+00	0.00e+00	0.00e+00	0.00e+00	0.00e+00	0.00e+00	0.00e+00
 2.83344e+23	4.22e-01	4.90e-01	8.79e-02	2.44e-06	0.00e+00	0.00e+00	0.00e+00	0.00e+00	0.00e+00	0.00e+00	0.00e+00
 2.83492e+23	4.27e-01	4.87e-01	8.60e-02	2.37e-06	0.00e+00	0.00e+00	0.00e+00	0.00e+00	0.00e+00	0.00e+00	0.00e+00
 2.83627e+23	4.31e-01	4.85e-01	8.48e-02	2.32e-06	0.00e+00	0.00e+00	0.00e+00	0.00e+00	0.00e+00	0.00e+00	0.00e+00
 2.83774e+23	4.36e-01	4.81e-01	8.26e-02	2.24e-06	0.00e+00	0.00e+00	0.00e+00	0.00e+00	0.00e+00	0.00e+00	0.00e+00
 2.83934e+23	4.39e-01	4.79e-01	8.14e-02	2.19e-06	0.00e+00	0.00e+00	0.00e+00	0.00e+00	0.00e+00	0.00e+00	0.00e+00
 2.84108e+23	4.45e-01	4.76e-01	7.94e-02	2.12e-06	0.00e+00	0.00e+00	0.00e+00	0.00e+00	0.00e+00	0.00e+00	0.00e+00
 2.84296e+23	4.50e-01	4.73e-01	7.77e-02	2.06e-06	0.00e+00	0.00e+00	0.00e+00	0.00e+00	0.00e+00	0.00e+00	0.00e+00
 2.84468e+23	4.54e-01	4.70e-01	7.63e-02	2.00e-06	0.00e+00	0.00e+00	0.00e+00	0.00e+00	0.00e+00	0.00e+00	0.00e+00
 2.84656e+23	4.60e-01	4.66e-01	7.41e-02	1.93e-06	0.00e+00	0.00e+00	0.00e+00	0.00e+00	0.00e+00	0.00e+00	0.00e+00
 2.84858e+23	4.65e-01	4.63e-01	7.25e-02	1.86e-06	0.00e+00	0.00e+00	0.00e+00	0.00e+00	0.00e+00	0.00e+00	0.00e+00
 2.85043e+23	4.70e-01	4.59e-01	7.07e-02	1.80e-06	0.00e+00	0.00e+00	0.00e+00	0.00e+00	0.00e+00	0.00e+00	0.00e+00
 2.85211e+23	4.74e-01	4.57e-01	6.95e-02	1.76e-06	0.00e+00	0.00e+00	0.00e+00	0.00e+00	0.00e+00	0.00e+00	0.00e+00
 2.85395e+23	4.80e-01	4.53e-01	6.77e-02	1.70e-06	0.00e+00	0.00e+00	0.00e+00	0.00e+00	0.00e+00	0.00e+00	0.00e+00
 2.85593e+23	4.85e-01	4.49e-01	6.62e-02	1.64e-06	0.00e+00	0.00e+00	0.00e+00	0.00e+00	0.00e+00	0.00e+00	0.00e+00
 2.85774e+23	4.89e-01	4.47e-01	6.49e-02	1.60e-06	0.00e+00	0.00e+00	0.00e+00	0.00e+00	0.00e+00	0.00e+00	0.00e+00
 2.85972e+23	4.95e-01	4.42e-01	6.30e-02	1.54e-06	0.00e+00	0.00e+00	0.00e+00	0.00e+00	0.00e+00	0.00e+00	0.00e+00
 2.86186e+23	5.00e-01	4.39e-01	6.16e-02	1.49e-06	0.00e+00	0.00e+00	0.00e+00	0.00e+00	0.00e+00	0.00e+00	0.00e+00
 2.86381e+23	5.04e-01	4.36e-01	6.03e-02	1.45e-06	0.00e+00	0.00e+00	0.00e+00	0.00e+00	0.00e+00	0.00e+00	0.00e+00
 2.86594e+23	5.10e-01	4.31e-01	5.85e-02	1.39e-06	0.00e+00	0.00e+00	0.00e+00	0.00e+00	0.00e+00	0.00e+00	0.00e+00
 2.86824e+23	5.15e-01	4.28e-01	5.72e-02	1.34e-06	0.00e+00	0.00e+00	0.00e+00	0.00e+00	0.00e+00	0.00e+00	0.00e+00
 2.87034e+23	5.20e-01	4.24e-01	5.58e-02	1.30e-06	0.00e+00	0.00e+00	0.00e+00	0.00e+00	0.00e+00	0.00e+00	0.00e+00
 2.87224e+23	5.25e-01	4.20e-01	5.44e-02	1.26e-06	0.00e+00	0.00e+00	0.00e+00	0.00e+00	0.00e+00	0.00e+00	0.00e+00
 2.87398e+23	5.29e-01	4.18e-01	5.35e-02	1.23e-06	0.00e+00	0.00e+00	0.00e+00	0.00e+00	0.00e+00	0.00e+00	0.00e+00
 2.87588e+23	5.34e-01	4.14e-01	5.21e-02	1.19e-06	0.00e+00	0.00e+00	0.00e+00	0.00e+00	0.00e+00	0.00e+00	0.00e+00
 2.87793e+23	5.39e-01	4.10e-01	5.10e-02	1.15e-06	0.00e+00	0.00e+00	0.00e+00	0.00e+00	0.00e+00	0.00e+00	0.00e+00
 2.87980e+23	5.42e-01	4.08e-01	5.01e-02	1.12e-06	0.00e+00	0.00e+00	0.00e+00	0.00e+00	0.00e+00	0.00e+00	0.00e+00
 2.88185e+23	5.48e-01	4.03e-01	4.87e-02	1.08e-06	0.00e+00	0.00e+00	0.00e+00	0.00e+00	0.00e+00	0.00e+00	0.00e+00
 2.88406e+23	5.51e-01	4.01e-01	4.79e-02	1.05e-06	0.00e+00	0.00e+00	0.00e+00	0.00e+00	0.00e+00	0.00e+00	0.00e+00
 2.88607e+23	5.56e-01	3.97e-01	4.67e-02	1.02e-06	0.00e+00	0.00e+00	0.00e+00	0.00e+00	0.00e+00	0.00e+00	0.00e+00
 2.88827e+23	5.62e-01	3.93e-01	4.54e-02	9.81e-07	0.00e+00	0.00e+00	0.00e+00	0.00e+00	0.00e+00	0.00e+00	0.00e+00
 2.89065e+23	5.67e-01	3.89e-01	4.42e-02	9.47e-07	0.00e+00	0.00e+00	0.00e+00	0.00e+00	0.00e+00	0.00e+00	0.00e+00
 2.89281e+23	5.71e-01	3.86e-01	4.34e-02	9.21e-07	0.00e+00	0.00e+00	0.00e+00	0.00e+00	0.00e+00	0.00e+00	0.00e+00
 2.89518e+23	5.77e-01	3.81e-01	4.22e-02	8.86e-07	0.00e+00	0.00e+00	0.00e+00	0.00e+00	0.00e+00	0.00e+00	0.00e+00
 2.89774e+23	5.82e-01	3.77e-01	4.10e-02	8.53e-07	0.00e+00	0.00e+00	0.00e+00	0.00e+00	0.00e+00	0.00e+00	0.00e+00
 2.90007e+23	5.86e-01	3.74e-01	4.02e-02	8.28e-07	0.00e+00	0.00e+00	0.00e+00	0.00e+00	0.00e+00	0.00e+00	0.00e+00
 2.90263e+23	5.92e-01	3.69e-01	3.89e-02	7.94e-07	0.00e+00	0.00e+00	0.00e+00	0.00e+00	0.00e+00	0.00e+00	0.00e+00
 2.90538e+23	5.97e-01	3.65e-01	3.79e-02	7.65e-07	0.00e+00	0.00e+00	0.00e+00	0.00e+00	0.00e+00	0.00e+00	0.00e+00
 2.90789e+23	6.02e-01	3.61e-01	3.70e-02	7.40e-07	0.00e+00	0.00e+00	0.00e+00	0.00e+00	0.00e+00	0.00e+00	0.00e+00
 2.91064e+23	6.08e-01	3.57e-01	3.58e-02	7.09e-07	0.00e+00	0.00e+00	0.00e+00	0.00e+00	0.00e+00	0.00e+00	0.00e+00
 2.91361e+23	6.13e-01	3.52e-01	3.48e-02	6.81e-07	0.00e+00	0.00e+00	0.00e+00	0.00e+00	0.00e+00	0.00e+00	0.00e+00
 2.91631e+23	6.17e-01	3.49e-01	3.40e-02	6.59e-07	0.00e+00	0.00e+00	0.00e+00	0.00e+00	0.00e+00	0.00e+00	0.00e+00
 2.91927e+23	6.24e-01	3.43e-01	3.29e-02	6.30e-07	0.00e+00	0.00e+00	0.00e+00	0.00e+00	0.00e+00	0.00e+00	0.00e+00
 2.92246e+23	6.29e-01	3.39e-01	3.20e-02	6.05e-07	0.00e+00	0.00e+00	0.00e+00	0.00e+00	0.00e+00	0.00e+00	0.00e+00
 2.92537e+23	6.34e-01	3.35e-01	3.11e-02	5.83e-07	0.00e+00	0.00e+00	0.00e+00	0.00e+00	0.00e+00	0.00e+00	0.00e+00
 2.92801e+23	6.38e-01	3.31e-01	3.03e-02	5.64e-07	0.00e+00	0.00e+00	0.00e+00	0.00e+00	0.00e+00	0.00e+00	0.00e+00
 2.93091e+23	6.44e-01	3.26e-01	2.94e-02	5.39e-07	0.00e+00	0.00e+00	0.00e+00	0.00e+00	0.00e+00	0.00e+00	0.00e+00
 2.93404e+23	6.49e-01	3.22e-01	2.85e-02	5.19e-07	0.00e+00	0.00e+00	0.00e+00	0.00e+00	0.00e+00	0.00e+00	0.00e+00
 2.93689e+23	6.54e-01	3.18e-01	2.79e-02	5.01e-07	0.00e+00	0.00e+00	0.00e+00	0.00e+00	0.00e+00	0.00e+00	0.00e+00
 2.94001e+23	6.60e-01	3.13e-01	2.69e-02	4.79e-07	0.00e+00	0.00e+00	0.00e+00	0.00e+00	0.00e+00	0.00e+00	0.00e+00
 2.94338e+23	6.65e-01	3.09e-01	2.61e-02	4.60e-07	0.00e+00	0.00e+00	0.00e+00	0.00e+00	0.00e+00	0.00e+00	0.00e+00
 2.94645e+23	6.69e-01	3.05e-01	2.55e-02	4.44e-07	0.00e+00	0.00e+00	0.00e+00	0.00e+00	0.00e+00	0.00e+00	0.00e+00
 2.94980e+23	6.75e-01	3.00e-01	2.46e-02	4.23e-07	0.00e+00	0.00e+00	0.00e+00	0.00e+00	0.00e+00	0.00e+00	0.00e+00
 2.95343e+23	6.81e-01	2.95e-01	2.38e-02	4.05e-07	0.00e+00	0.00e+00	0.00e+00	0.00e+00	0.00e+00	0.00e+00	0.00e+00
 2.95673e+23	6.85e-01	2.91e-01	2.32e-02	3.90e-07	0.00e+00	0.00e+00	0.00e+00	0.00e+00	0.00e+00	0.00e+00	0.00e+00
 2.96035e+23	6.91e-01	2.86e-01	2.24e-02	3.72e-07	0.00e+00	0.00e+00	0.00e+00	0.00e+00	0.00e+00	0.00e+00	0.00e+00
 2.96425e+23	6.97e-01	2.82e-01	2.17e-02	3.55e-07	0.00e+00	0.00e+00	0.00e+00	0.00e+00	0.00e+00	0.00e+00	0.00e+00
 2.96781e+23	7.02e-01	2.77e-01	2.10e-02	3.41e-07	0.00e+00	0.00e+00	0.00e+00	0.00e+00	0.00e+00	0.00e+00	0.00e+00
 2.97104e+23	7.06e-01	2.73e-01	2.04e-02	3.28e-07	0.00e+00	0.00e+00	0.00e+00	0.00e+00	0.00e+00	0.00e+00	0.00e+00
 2.97458e+23	7.12e-01	2.68e-01	1.98e-02	3.14e-07	0.00e+00	0.00e+00	0.00e+00	0.00e+00	0.00e+00	0.00e+00	0.00e+00
 2.97841e+23	7.17e-01	2.64e-01	1.92e-02	3.01e-07	0.00e+00	0.00e+00	0.00e+00	0.00e+00	0.00e+00	0.00e+00	0.00e+00
 2.98189e+23	7.21e-01	2.60e-01	1.86e-02	2.89e-07	0.00e+00	0.00e+00	0.00e+00	0.00e+00	0.00e+00	0.00e+00	0.00e+00
 2.98570e+23	7.27e-01	2.55e-01	1.80e-02	2.75e-07	0.00e+00	0.00e+00	0.00e+00	0.00e+00	0.00e+00	0.00e+00	0.00e+00
 2.98982e+23	7.32e-01	2.51e-01	1.74e-02	2.64e-07	0.00e+00	0.00e+00	0.00e+00	0.00e+00	0.00e+00	0.00e+00	0.00e+00
