#depth	O	O+	O+2	O+3	O+4	O+5	O+6	O+7	O+8	O[1]	O[2]	O[3]
 1.54284e+22	1.61e-13	3.35e-09	3.09e-06	2.65e-04	4.29e-03	1.84e-02	3.81e-01	4.63e-01	1.33e-01	1.61e-13	3.20e-22	4.01e-22
 3.45842e+22	5.24e-13	1.01e-08	9.37e-06	7.81e-04	1.11e-02	3.73e-02	4.93e-01	3.86e-01	7.17e-02	5.24e-13	1.02e-21	1.28e-21
 4.01674e+22	7.87e-13	1.52e-08	1.45e-05	1.22e-03	1.63e-02	4.99e-02	5.38e-01	3.43e-01	5.20e-02	7.87e-13	1.55e-21	1.94e-21
 4.29511e+22	9.40e-13	1.84e-08	1.79e-05	1.51e-03	1.95e-02	5.72e-02	5.56e-01	3.21e-01	4.42e-02	9.40e-13	1.85e-21	2.32e-21
 4.42456e+22	1.01e-12	1.97e-08	1.94e-05	1.63e-03	2.08e-02	6.02e-02	5.63e-01	3.13e-01	4.14e-02	1.01e-12	1.99e-21	2.48e-21
 4.50890e+22	1.10e-12	2.16e-08	2.14e-05	1.81e-03	2.27e-02	6.42e-02	5.71e-01	3.02e-01	3.80e-02	1.10e-12	2.16e-21	2.70e-21
 4.59836e+22	1.18e-12	2.33e-08	2.34e-05	1.98e-03	2.44e-02	6.79e-02	5.78e-01	2.92e-01	3.53e-02	1.18e-12	2.33e-21	2.91e-21
 4.69447e+22	1.28e-12	2.57e-08	2.61e-05	2.22e-03	2.67e-02	7.29e-02	5.86e-01	2.80e-01	3.20e-02	1.28e-12	2.53e-21	3.16e-21
 4.79073e+22	1.38e-12	2.78e-08	2.85e-05	2.42e-03	2.85e-02	7.67e-02	5.91e-01	2.71e-01	2.97e-02	1.38e-12	2.74e-21	3.42e-21
 4.88717e+22	1.50e-12	3.06e-08	3.18e-05	2.70e-03	3.11e-02	8.20e-02	5.98e-01	2.59e-01	2.69e-02	1.50e-12	2.99e-21	3.73e-21
 4.98499e+22	1.62e-12	3.32e-08	3.47e-05	2.95e-03	3.33e-02	8.63e-02	6.02e-01	2.50e-01	2.49e-02	1.62e-12	3.22e-21	4.02e-21
 5.08461e+22	1.77e-12	3.67e-08	3.88e-05	3.30e-03	3.62e-02	9.21e-02	6.07e-01	2.39e-01	2.24e-02	1.77e-12	3.52e-21	4.39e-21
 5.18612e+22	1.91e-12	4.00e-08	4.26e-05	3.61e-03	3.87e-02	9.68e-02	6.11e-01	2.29e-01	2.07e-02	1.91e-12	3.81e-21	4.75e-21
 5.29008e+22	2.10e-12	4.44e-08	4.79e-05	4.05e-03	4.20e-02	1.03e-01	6.14e-01	2.18e-01	1.85e-02	2.10e-12	4.18e-21	5.21e-21
 5.39637e+22	2.28e-12	4.87e-08	5.28e-05	4.44e-03	4.49e-02	1.08e-01	6.16e-01	2.09e-01	1.70e-02	2.28e-12	4.55e-21	5.67e-21
 5.50568e+22	2.51e-12	5.44e-08	5.97e-05	5.00e-03	4.88e-02	1.16e-01	6.18e-01	1.97e-01	1.51e-02	2.51e-12	5.03e-21	6.27e-21
 5.61726e+22	2.75e-12	6.02e-08	6.62e-05	5.50e-03	5.21e-02	1.21e-01	6.19e-01	1.88e-01	1.38e-02	2.75e-12	5.52e-21	6.88e-21
 5.71123e+22	2.97e-12	6.56e-08	7.25e-05	5.98e-03	5.52e-02	1.26e-01	6.19e-01	1.81e-01	1.27e-02	2.97e-12	5.97e-21	7.44e-21
 5.81283e+22	3.28e-12	7.32e-08	8.15e-05	6.66e-03	5.94e-02	1.33e-01	6.18e-01	1.71e-01	1.14e-02	3.28e-12	6.60e-21	8.22e-21
 5.91177e+22	3.55e-12	7.98e-08	8.89e-05	7.19e-03	6.25e-02	1.38e-01	6.17e-01	1.64e-01	1.05e-02	3.55e-12	7.15e-21	8.90e-21
 6.00725e+22	3.87e-12	8.85e-08	9.91e-05	7.94e-03	6.67e-02	1.45e-01	6.15e-01	1.55e-01	9.45e-03	3.87e-12	7.83e-21	9.74e-21
 6.10369e+22	4.24e-12	9.72e-08	1.09e-04	8.59e-03	7.02e-02	1.50e-01	6.13e-01	1.49e-01	8.72e-03	4.24e-12	8.58e-21	1.07e-20
 6.20140e+22	4.68e-12	1.09e-07	1.22e-04	9.49e-03	7.48e-02	1.58e-01	6.09e-01	1.41e-01	7.83e-03	4.68e-12	9.50e-21	1.18e-20
 6.30050e+22	5.14e-12	1.20e-07	1.34e-04	1.03e-02	7.87e-02	1.63e-01	6.06e-01	1.35e-01	7.20e-03	5.14e-12	1.05e-20	1.30e-20
 6.40144e+22	5.73e-12	1.35e-07	1.51e-04	1.14e-02	8.39e-02	1.70e-01	6.01e-01	1.27e-01	6.43e-03	5.73e-12	1.17e-20	1.45e-20
 6.50388e+22	6.36e-12	1.51e-07	1.66e-04	1.23e-02	8.82e-02	1.76e-01	5.97e-01	1.21e-01	5.89e-03	6.36e-12	1.30e-20	1.61e-20
 6.60827e+22	7.14e-12	1.71e-07	1.88e-04	1.37e-02	9.39e-02	1.84e-01	5.90e-01	1.13e-01	5.23e-03	7.14e-12	1.46e-20	1.82e-20
 6.71437e+22	8.00e-12	1.92e-07	2.09e-04	1.48e-02	9.88e-02	1.89e-01	5.84e-01	1.07e-01	4.77e-03	8.00e-12	1.64e-20	2.04e-20
 6.82271e+22	9.08e-12	2.20e-07	2.38e-04	1.65e-02	1.05e-01	1.97e-01	5.76e-01	1.00e-01	4.21e-03	9.08e-12	1.87e-20	2.32e-20
 6.93340e+22	1.03e-11	2.49e-07	2.66e-04	1.80e-02	1.11e-01	2.03e-01	5.69e-01	9.49e-02	3.82e-03	1.03e-11	2.13e-20	2.64e-20
 7.04715e+22	1.18e-11	2.90e-07	3.05e-04	2.00e-02	1.18e-01	2.12e-01	5.59e-01	8.79e-02	3.34e-03	1.18e-11	2.46e-20	3.05e-20
 7.16392e+22	1.35e-11	3.31e-07	3.42e-04	2.19e-02	1.24e-01	2.18e-01	5.50e-01	8.27e-02	3.00e-03	1.35e-11	2.82e-20	3.49e-20
 7.28460e+22	1.59e-11	3.91e-07	3.97e-04	2.44e-02	1.32e-01	2.26e-01	5.38e-01	7.62e-02	2.61e-03	1.59e-11	3.34e-20	4.13e-20
 7.40675e+22	1.85e-11	4.51e-07	4.48e-04	2.67e-02	1.39e-01	2.32e-01	5.28e-01	7.14e-02	2.34e-03	1.85e-11	3.87e-20	4.80e-20
 7.53081e+22	2.19e-11	5.37e-07	5.22e-04	2.99e-02	1.48e-01	2.40e-01	5.14e-01	6.53e-02	2.01e-03	2.19e-11	4.63e-20	5.73e-20
 7.65606e+22	2.56e-11	6.22e-07	5.89e-04	3.27e-02	1.55e-01	2.46e-01	5.03e-01	6.10e-02	1.79e-03	2.56e-11	5.42e-20	6.71e-20
 7.78287e+22	3.09e-11	7.48e-07	6.89e-04	3.66e-02	1.65e-01	2.53e-01	4.88e-01	5.56e-02	1.53e-03	3.09e-11	6.58e-20	8.14e-20
 7.91199e+22	3.65e-11	8.73e-07	7.82e-04	4.00e-02	1.73e-01	2.59e-01	4.75e-01	5.16e-02	1.36e-03	3.65e-11	7.81e-20	9.65e-20
 8.02593e+22	4.26e-11	1.01e-06	8.84e-04	4.36e-02	1.81e-01	2.64e-01	4.62e-01	4.78e-02	1.20e-03	4.26e-11	9.17e-20	1.13e-19
 8.15589e+22	5.25e-11	1.23e-06	1.04e-03	4.86e-02	1.91e-01	2.70e-01	4.45e-01	4.33e-02	1.02e-03	5.25e-11	1.14e-19	1.40e-19
 8.28846e+22	6.23e-11	1.44e-06	1.18e-03	5.31e-02	2.00e-01	2.75e-01	4.31e-01	3.98e-02	8.92e-04	6.23e-11	1.36e-19	1.67e-19
 8.39606e+22	7.25e-11	1.66e-06	1.32e-03	5.72e-02	2.07e-01	2.78e-01	4.19e-01	3.70e-02	7.96e-04	7.25e-11	1.58e-19	1.95e-19
 8.50756e+22	8.70e-11	1.95e-06	1.50e-03	6.24e-02	2.16e-01	2.81e-01	4.04e-01	3.40e-02	6.95e-04	8.70e-11	1.92e-19	2.36e-19
 8.62493e+22	1.03e-10	2.26e-06	1.68e-03	6.74e-02	2.24e-01	2.84e-01	3.91e-01	3.14e-02	6.14e-04	1.03e-10	2.27e-19	2.79e-19
 8.73271e+22	1.21e-10	2.61e-06	1.88e-03	7.25e-02	2.32e-01	2.87e-01	3.77e-01	2.90e-02	5.42e-04	1.21e-10	2.68e-19	3.30e-19
 8.85558e+22	1.49e-10	3.14e-06	2.16e-03	7.95e-02	2.42e-01	2.89e-01	3.61e-01	2.62e-02	4.64e-04	1.49e-10	3.33e-19	4.10e-19
 8.98176e+22	1.78e-10	3.68e-06	2.45e-03	8.61e-02	2.51e-01	2.91e-01	3.46e-01	2.39e-02	4.02e-04	1.78e-10	4.02e-19	4.94e-19
 9.09258e+22	2.11e-10	4.26e-06	2.74e-03	9.24e-02	2.59e-01	2.91e-01	3.32e-01	2.19e-02	3.53e-04	2.11e-10	4.80e-19	5.90e-19
 9.21699e+22	2.62e-10	5.12e-06	3.14e-03	1.01e-01	2.69e-01	2.92e-01	3.16e-01	1.97e-02	3.00e-04	2.62e-10	6.01e-19	7.38e-19
 9.34745e+22	3.19e-10	6.05e-06	3.56e-03	1.09e-01	2.77e-01	2.92e-01	3.00e-01	1.78e-02	2.57e-04	3.19e-10	7.36e-19	9.03e-19
 9.46552e+22	3.83e-10	7.06e-06	4.00e-03	1.17e-01	2.85e-01	2.91e-01	2.86e-01	1.62e-02	2.23e-04	3.83e-10	8.92e-19	1.09e-18
 9.59878e+22	4.85e-10	8.57e-06	4.61e-03	1.28e-01	2.95e-01	2.89e-01	2.69e-01	1.43e-02	1.86e-04	4.85e-10	1.14e-18	1.40e-18
 9.73637e+22	5.97e-10	1.02e-05	5.24e-03	1.38e-01	3.03e-01	2.87e-01	2.54e-01	1.28e-02	1.57e-04	5.97e-10	1.42e-18	1.74e-18
 9.85885e+22	7.26e-10	1.19e-05	5.87e-03	1.48e-01	3.10e-01	2.84e-01	2.40e-01	1.15e-02	1.35e-04	7.26e-10	1.74e-18	2.13e-18
 9.99735e+22	9.30e-10	1.45e-05	6.78e-03	1.60e-01	3.19e-01	2.80e-01	2.23e-01	1.00e-02	1.11e-04	9.30e-10	2.26e-18	2.76e-18
 1.01415e+23	1.16e-09	1.73e-05	7.70e-03	1.73e-01	3.26e-01	2.76e-01	2.09e-01	8.86e-03	9.23e-05	1.16e-09	2.85e-18	3.47e-18
 1.02713e+23	1.43e-09	2.04e-05	8.65e-03	1.84e-01	3.32e-01	2.71e-01	1.95e-01	7.87e-03	7.78e-05	1.43e-09	3.54e-18	4.33e-18
 1.04185e+23	1.87e-09	2.52e-05	1.00e-02	2.00e-01	3.40e-01	2.64e-01	1.79e-01	6.73e-03	6.22e-05	1.87e-09	4.71e-18	5.74e-18
 1.05700e+23	2.35e-09	3.00e-05	1.13e-02	2.14e-01	3.45e-01	2.58e-01	1.66e-01	5.88e-03	5.13e-05	2.35e-09	5.99e-18	7.29e-18
 1.07062e+23	2.93e-09	3.56e-05	1.28e-02	2.28e-01	3.49e-01	2.51e-01	1.53e-01	5.14e-03	4.25e-05	2.93e-09	7.57e-18	9.22e-18
 1.08624e+23	3.90e-09	4.42e-05	1.48e-02	2.47e-01	3.54e-01	2.42e-01	1.38e-01	4.31e-03	3.31e-05	3.90e-09	1.03e-17	1.25e-17
 1.10201e+23	4.92e-09	5.26e-05	1.67e-02	2.62e-01	3.57e-01	2.34e-01	1.27e-01	3.72e-03	2.69e-05	4.92e-09	1.32e-17	1.60e-17
 1.11798e+23	6.56e-09	6.52e-05	1.93e-02	2.82e-01	3.59e-01	2.23e-01	1.13e-01	3.09e-03	2.08e-05	6.56e-09	1.79e-17	2.18e-17
 1.13421e+23	8.32e-09	7.77e-05	2.17e-02	2.98e-01	3.60e-01	2.14e-01	1.03e-01	2.64e-03	1.67e-05	8.32e-09	2.32e-17	2.81e-17
 1.14860e+23	1.05e-08	9.21e-05	2.43e-02	3.15e-01	3.60e-01	2.05e-01	9.35e-02	2.26e-03	1.35e-05	1.05e-08	2.99e-17	3.62e-17
 1.16515e+23	1.42e-08	1.15e-04	2.80e-02	3.36e-01	3.59e-01	1.93e-01	8.22e-02	1.83e-03	1.01e-05	1.42e-08	4.15e-17	5.02e-17
 1.18193e+23	1.80e-08	1.36e-04	3.13e-02	3.53e-01	3.57e-01	1.83e-01	7.39e-02	1.55e-03	8.04e-06	1.80e-08	5.39e-17	6.52e-17
 1.19903e+23	2.45e-08	1.69e-04	3.60e-02	3.75e-01	3.53e-01	1.71e-01	6.42e-02	1.24e-03	5.94e-06	2.45e-08	7.57e-17	9.15e-17
 1.21632e+23	3.12e-08	2.01e-04	4.01e-02	3.92e-01	3.48e-01	1.61e-01	5.72e-02	1.03e-03	4.65e-06	3.12e-08	9.90e-17	1.20e-16
 1.23386e+23	4.26e-08	2.50e-04	4.60e-02	4.14e-01	3.41e-01	1.48e-01	4.91e-02	8.15e-04	3.38e-06	4.26e-08	1.40e-16	1.70e-16
 1.25165e+23	5.45e-08	2.97e-04	5.12e-02	4.31e-01	3.35e-01	1.38e-01	4.33e-02	6.72e-04	2.61e-06	5.45e-08	1.85e-16	2.23e-16
 1.26712e+23	6.89e-08	3.49e-04	5.66e-02	4.47e-01	3.28e-01	1.29e-01	3.83e-02	5.57e-04	2.03e-06	6.89e-08	2.41e-16	2.91e-16
 1.28460e+23	9.32e-08	4.30e-04	6.42e-02	4.66e-01	3.18e-01	1.18e-01	3.26e-02	4.35e-04	1.45e-06	9.32e-08	3.40e-16	4.10e-16
 1.30125e+23	1.14e-07	4.95e-04	6.98e-02	4.79e-01	3.11e-01	1.10e-01	2.91e-02	3.66e-04	1.16e-06	1.14e-07	4.28e-16	5.17e-16
 1.31682e+23	1.49e-07	5.93e-04	7.77e-02	4.95e-01	3.01e-01	1.01e-01	2.50e-02	2.91e-04	8.54e-07	1.49e-07	5.79e-16	6.99e-16
 1.33243e+23	1.83e-07	6.81e-04	8.42e-02	5.06e-01	2.93e-01	9.37e-02	2.22e-02	2.44e-04	6.75e-07	1.83e-07	7.29e-16	8.80e-16
 1.34808e+23	2.36e-07	8.07e-04	9.29e-02	5.20e-01	2.82e-01	8.54e-02	1.91e-02	1.94e-04	5.01e-07	2.36e-07	9.72e-16	1.17e-15
 1.36427e+23	2.95e-07	9.38e-04	1.01e-01	5.31e-01	2.72e-01	7.84e-02	1.66e-02	1.58e-04	3.81e-07	2.95e-07	1.25e-15	1.51e-15
 1.37877e+23	3.62e-07	1.08e-03	1.09e-01	5.40e-01	2.63e-01	7.23e-02	1.46e-02	1.31e-04	2.97e-07	3.62e-07	1.58e-15	1.90e-15
 1.39521e+23	4.70e-07	1.28e-03	1.21e-01	5.50e-01	2.50e-01	6.49e-02	1.23e-02	1.02e-04	2.14e-07	4.70e-07	2.12e-15	2.55e-15
 1.41196e+23	5.84e-07	1.48e-03	1.31e-01	5.58e-01	2.40e-01	5.92e-02	1.07e-02	8.24e-05	1.62e-07	5.84e-07	2.71e-15	3.25e-15
 1.42685e+23	7.17e-07	1.69e-03	1.41e-01	5.64e-01	2.30e-01	5.40e-02	9.29e-03	6.71e-05	0.00e+00	7.17e-07	3.41e-15	4.10e-15
 1.44129e+23	8.70e-07	1.92e-03	1.51e-01	5.69e-01	2.20e-01	4.94e-02	8.11e-03	5.51e-05	0.00e+00	8.70e-07	4.25e-15	5.10e-15
 1.45462e+23	1.04e-06	2.16e-03	1.61e-01	5.73e-01	2.11e-01	4.55e-02	7.16e-03	4.58e-05	0.00e+00	1.04e-06	5.19e-15	6.23e-15
 1.46919e+23	1.29e-06	2.48e-03	1.73e-01	5.77e-01	2.01e-01	4.10e-02	6.13e-03	3.66e-05	0.00e+00	1.29e-06	6.63e-15	7.95e-15
 1.48399e+23	1.54e-06	2.80e-03	1.84e-01	5.79e-01	1.92e-01	3.74e-02	5.35e-03	3.00e-05	0.00e+00	1.54e-06	8.14e-15	9.75e-15
 1.49691e+23	1.83e-06	3.12e-03	1.95e-01	5.80e-01	1.83e-01	3.43e-02	4.71e-03	2.50e-05	0.00e+00	1.83e-06	9.86e-15	1.18e-14
 1.51155e+23	2.26e-06	3.57e-03	2.09e-01	5.80e-01	1.73e-01	3.07e-02	4.01e-03	1.98e-05	0.00e+00	2.26e-06	1.26e-14	1.50e-14
 1.52648e+23	2.69e-06	4.00e-03	2.22e-01	5.79e-01	1.64e-01	2.79e-02	3.49e-03	1.61e-05	0.00e+00	2.69e-06	1.53e-14	1.83e-14
 1.53972e+23	3.19e-06	4.46e-03	2.34e-01	5.77e-01	1.56e-01	2.54e-02	3.04e-03	1.33e-05	0.00e+00	3.19e-06	1.86e-14	2.22e-14
 1.55487e+23	3.94e-06	5.11e-03	2.51e-01	5.73e-01	1.46e-01	2.25e-02	2.56e-03	1.03e-05	0.00e+00	3.94e-06	2.38e-14	2.84e-14
 1.57024e+23	4.68e-06	5.70e-03	2.65e-01	5.69e-01	1.38e-01	2.03e-02	2.21e-03	8.36e-06	0.00e+00	4.68e-06	2.90e-14	3.46e-14
 1.58385e+23	5.55e-06	6.36e-03	2.79e-01	5.64e-01	1.30e-01	1.83e-02	1.91e-03	6.78e-06	0.00e+00	5.55e-06	3.54e-14	4.21e-14
 1.59949e+23	6.88e-06	7.30e-03	2.97e-01	5.57e-01	1.21e-01	1.60e-02	1.59e-03	5.21e-06	0.00e+00	6.88e-06	4.54e-14	5.41e-14
 1.61486e+23	8.10e-06	8.10e-03	3.12e-01	5.50e-01	1.14e-01	1.44e-02	1.37e-03	4.22e-06	0.00e+00	8.10e-06	5.49e-14	6.54e-14
 1.62987e+23	9.92e-06	9.21e-03	3.31e-01	5.41e-01	1.05e-01	1.27e-02	1.14e-03	3.26e-06	0.00e+00	9.92e-06	6.96e-14	8.28e-14
 1.64550e+23	1.18e-05	1.03e-02	3.48e-01	5.32e-01	9.82e-02	1.12e-02	9.71e-04	2.58e-06	0.00e+00	1.18e-05	8.54e-14	1.02e-13
 1.65980e+23	1.40e-05	1.14e-02	3.64e-01	5.22e-01	9.17e-02	1.00e-02	8.28e-04	2.06e-06	0.00e+00	1.40e-05	1.04e-13	1.24e-13
 1.67623e+23	1.73e-05	1.31e-02	3.86e-01	5.08e-01	8.38e-02	8.61e-03	6.74e-04	1.54e-06	0.00e+00	1.73e-05	1.34e-13	1.60e-13
 1.69295e+23	2.06e-05	1.46e-02	4.04e-01	4.96e-01	7.74e-02	7.57e-03	5.66e-04	1.20e-06	0.00e+00	2.06e-05	1.65e-13	1.96e-13
 1.71003e+23	2.56e-05	1.67e-02	4.27e-01	4.79e-01	7.01e-02	6.43e-03	4.55e-04	8.82e-07	0.00e+00	2.56e-05	2.15e-13	2.54e-13
 1.72740e+23	3.05e-05	1.87e-02	4.46e-01	4.65e-01	6.42e-02	5.60e-03	3.78e-04	6.77e-07	0.00e+00	3.05e-05	2.65e-13	3.14e-13
 1.74514e+23	3.80e-05	2.14e-02	4.70e-01	4.46e-01	5.75e-02	4.70e-03	2.99e-04	4.88e-07	0.00e+00	3.80e-05	3.46e-13	4.09e-13
 1.76323e+23	4.53e-05	2.39e-02	4.90e-01	4.29e-01	5.22e-02	4.04e-03	2.45e-04	3.69e-07	0.00e+00	4.53e-05	4.29e-13	5.07e-13
 1.77933e+23	5.39e-05	2.66e-02	5.10e-01	4.13e-01	4.75e-02	3.48e-03	2.02e-04	2.80e-07	0.00e+00	5.39e-05	5.30e-13	6.26e-13
 1.79785e+23	6.70e-05	3.05e-02	5.34e-01	3.91e-01	4.19e-02	2.87e-03	1.57e-04	1.97e-07	0.00e+00	6.70e-05	6.94e-13	8.19e-13
 1.81409e+23	7.60e-05	3.28e-02	5.49e-01	3.77e-01	3.86e-02	2.54e-03	1.34e-04	1.57e-07	0.00e+00	7.60e-05	8.10e-13	9.54e-13
 1.82738e+23	8.81e-05	3.60e-02	5.65e-01	3.61e-01	3.52e-02	2.21e-03	1.12e-04	0.00e+00	0.00e+00	8.81e-05	9.76e-13	1.15e-12
 1.84126e+23	1.00e-04	3.89e-02	5.80e-01	3.47e-01	3.24e-02	1.95e-03	9.45e-05	0.00e+00	0.00e+00	1.00e-04	1.15e-12	1.35e-12
 1.85394e+23	1.13e-04	4.19e-02	5.93e-01	3.33e-01	2.98e-02	1.72e-03	8.07e-05	0.00e+00	0.00e+00	1.13e-04	1.34e-12	1.57e-12
 1.86848e+23	1.33e-04	4.61e-02	6.10e-01	3.16e-01	2.68e-02	1.47e-03	6.58e-05	0.00e+00	0.00e+00	1.33e-04	1.64e-12	1.92e-12
 1.88327e+23	1.51e-04	4.97e-02	6.23e-01	3.01e-01	2.44e-02	1.28e-03	5.51e-05	0.00e+00	0.00e+00	1.51e-04	1.93e-12	2.25e-12
 1.89840e+23	1.77e-04	5.49e-02	6.39e-01	2.83e-01	2.17e-02	1.08e-03	4.42e-05	0.00e+00	0.00e+00	1.77e-04	2.37e-12	2.76e-12
 1.91364e+23	2.01e-04	5.91e-02	6.52e-01	2.68e-01	1.96e-02	9.29e-04	3.67e-05	0.00e+00	0.00e+00	2.01e-04	2.80e-12	3.25e-12
 1.92903e+23	2.36e-04	6.51e-02	6.67e-01	2.50e-01	1.73e-02	7.74e-04	2.92e-05	0.00e+00	0.00e+00	2.36e-04	3.44e-12	3.99e-12
 1.94468e+23	2.68e-04	7.01e-02	6.78e-01	2.35e-01	1.55e-02	6.63e-04	2.40e-05	0.00e+00	0.00e+00	2.68e-04	4.07e-12	4.69e-12
 1.96068e+23	3.15e-04	7.72e-02	6.91e-01	2.17e-01	1.35e-02	5.46e-04	1.88e-05	0.00e+00	0.00e+00	3.15e-04	5.03e-12	5.79e-12
 1.97697e+23	3.58e-04	8.31e-02	7.01e-01	2.03e-01	1.20e-02	4.62e-04	1.52e-05	0.00e+00	0.00e+00	3.58e-04	5.96e-12	6.83e-12
 1.99367e+23	4.24e-04	9.18e-02	7.12e-01	1.85e-01	1.03e-02	3.73e-04	1.17e-05	0.00e+00	0.00e+00	4.24e-04	7.46e-12	8.51e-12
 2.01057e+23	4.80e-04	9.86e-02	7.20e-01	1.72e-01	9.10e-03	3.13e-04	9.41e-06	0.00e+00	0.00e+00	4.80e-04	8.84e-12	1.00e-11
 2.02772e+23	5.67e-04	1.09e-01	7.28e-01	1.55e-01	7.77e-03	2.51e-04	7.16e-06	0.00e+00	0.00e+00	5.67e-04	1.11e-11	1.25e-11
 2.04526e+23	6.46e-04	1.17e-01	7.33e-01	1.42e-01	6.75e-03	2.06e-04	5.64e-06	0.00e+00	0.00e+00	6.46e-04	1.32e-11	1.48e-11
 2.06332e+23	7.71e-04	1.30e-01	7.38e-01	1.26e-01	5.66e-03	1.61e-04	4.18e-06	0.00e+00	0.00e+00	7.71e-04	1.67e-11	1.87e-11
 2.08132e+23	8.73e-04	1.39e-01	7.40e-01	1.15e-01	4.90e-03	1.32e-04	3.29e-06	0.00e+00	0.00e+00	8.73e-04	1.98e-11	2.20e-11
 2.09924e+23	1.04e-03	1.54e-01	7.40e-01	1.01e-01	4.09e-03	1.02e-04	2.42e-06	0.00e+00	0.00e+00	1.04e-03	2.51e-11	2.76e-11
 2.11728e+23	1.18e-03	1.65e-01	7.39e-01	9.06e-02	3.51e-03	8.29e-05	1.88e-06	0.00e+00	0.00e+00	1.18e-03	2.99e-11	3.27e-11
 2.13548e+23	1.41e-03	1.83e-01	7.34e-01	7.85e-02	2.89e-03	6.30e-05	1.37e-06	0.00e+00	0.00e+00	1.41e-03	3.80e-11	4.12e-11
 2.15375e+23	1.61e-03	1.97e-01	7.29e-01	6.97e-02	2.47e-03	5.04e-05	1.05e-06	0.00e+00	0.00e+00	1.61e-03	4.55e-11	4.89e-11
 2.17212e+23	1.94e-03	2.19e-01	7.18e-01	5.92e-02	2.01e-03	3.74e-05	7.49e-07	0.00e+00	0.00e+00	1.94e-03	5.84e-11	6.23e-11
 2.19045e+23	2.22e-03	2.36e-01	7.08e-01	5.18e-02	1.70e-03	2.96e-05	5.74e-07	0.00e+00	0.00e+00	2.22e-03	7.00e-11	7.42e-11
 2.20872e+23	2.68e-03	2.62e-01	6.90e-01	4.32e-02	1.38e-03	2.15e-05	4.04e-07	0.00e+00	0.00e+00	2.68e-03	9.03e-11	9.48e-11
 2.22702e+23	3.09e-03	2.84e-01	6.75e-01	3.71e-02	1.16e-03	1.67e-05	3.06e-07	0.00e+00	0.00e+00	3.09e-03	1.09e-10	1.14e-10
 2.24536e+23	3.77e-03	3.16e-01	6.49e-01	3.02e-02	9.24e-04	1.18e-05	2.11e-07	0.00e+00	0.00e+00	3.77e-03	1.42e-10	1.47e-10
 2.26373e+23	4.39e-03	3.43e-01	6.27e-01	2.53e-02	7.71e-04	8.90e-06	1.57e-07	0.00e+00	0.00e+00	4.39e-03	1.73e-10	1.78e-10
 2.28212e+23	5.40e-03	3.81e-01	5.93e-01	1.99e-02	6.09e-04	6.07e-06	0.00e+00	0.00e+00	0.00e+00	5.40e-03	2.27e-10	2.31e-10
 2.30062e+23	6.37e-03	4.14e-01	5.63e-01	1.62e-02	5.01e-04	4.40e-06	0.00e+00	0.00e+00	0.00e+00	6.37e-03	2.80e-10	2.84e-10
 2.31927e+23	7.89e-03	4.60e-01	5.20e-01	1.22e-02	3.91e-04	2.87e-06	0.00e+00	0.00e+00	0.00e+00	7.89e-03	3.69e-10	3.72e-10
 2.33818e+23	9.49e-03	5.00e-01	4.80e-01	9.44e-03	3.14e-04	1.96e-06	0.00e+00	0.00e+00	0.00e+00	9.49e-03	4.65e-10	4.67e-10
 2.35484e+23	1.14e-02	5.42e-01	4.39e-01	7.20e-03	2.53e-04	1.31e-06	0.00e+00	0.00e+00	0.00e+00	1.14e-02	5.86e-10	5.85e-10
 2.37128e+23	1.38e-02	5.84e-01	3.96e-01	5.39e-03	2.02e-04	8.66e-07	0.00e+00	0.00e+00	0.00e+00	1.38e-02	7.39e-10	7.35e-10
 2.38567e+23	1.61e-02	6.18e-01	3.61e-01	4.21e-03	1.68e-04	6.09e-07	0.00e+00	0.00e+00	0.00e+00	1.61e-02	8.89e-10	8.83e-10
 2.40003e+23	1.94e-02	6.60e-01	3.18e-01	3.05e-03	1.33e-04	3.87e-07	0.00e+00	0.00e+00	0.00e+00	1.94e-02	1.12e-09	1.11e-09
 2.41499e+23	2.33e-02	6.97e-01	2.77e-01	2.21e-03	1.06e-04	2.47e-07	0.00e+00	0.00e+00	0.00e+00	2.33e-02	1.40e-09	1.38e-09
 2.42845e+23	2.79e-02	7.31e-01	2.40e-01	1.59e-03	8.41e-05	1.57e-07	0.00e+00	0.00e+00	0.00e+00	2.79e-02	1.73e-09	1.71e-09
 2.44365e+23	3.50e-02	7.69e-01	1.95e-01	1.03e-03	6.17e-05	0.00e+00	0.00e+00	0.00e+00	0.00e+00	3.50e-02	2.28e-09	2.24e-09
 2.45896e+23	4.39e-02	7.99e-01	1.56e-01	6.60e-04	4.53e-05	0.00e+00	0.00e+00	0.00e+00	0.00e+00	4.39e-02	2.96e-09	2.91e-09
 2.47094e+23	5.34e-02	8.19e-01	1.27e-01	4.48e-04	3.44e-05	0.00e+00	0.00e+00	0.00e+00	0.00e+00	5.34e-02	3.70e-09	3.62e-09
 2.48112e+23	6.41e-02	8.33e-01	1.03e-01	3.10e-04	2.62e-05	0.00e+00	0.00e+00	0.00e+00	0.00e+00	6.41e-02	4.55e-09	4.45e-09
 2.49040e+23	7.66e-02	8.40e-01	8.29e-02	2.16e-04	1.99e-05	0.00e+00	0.00e+00	0.00e+00	0.00e+00	7.66e-02	5.55e-09	5.42e-09
 2.49864e+23	9.07e-02	8.42e-01	6.69e-02	1.53e-04	1.51e-05	0.00e+00	0.00e+00	0.00e+00	0.00e+00	9.07e-02	6.68e-09	6.52e-09
 2.50599e+23	1.07e-01	8.40e-01	5.39e-02	1.11e-04	1.15e-05	0.00e+00	0.00e+00	0.00e+00	0.00e+00	1.07e-01	7.95e-09	7.74e-09
 2.51276e+23	1.25e-01	8.32e-01	4.31e-02	8.10e-05	8.69e-06	0.00e+00	0.00e+00	0.00e+00	0.00e+00	1.25e-01	9.40e-09	9.15e-09
 2.51907e+23	1.46e-01	8.20e-01	3.43e-02	5.97e-05	6.51e-06	0.00e+00	0.00e+00	0.00e+00	0.00e+00	1.46e-01	1.10e-08	1.07e-08
 2.52493e+23	1.69e-01	8.04e-01	2.73e-02	4.49e-05	4.88e-06	0.00e+00	0.00e+00	0.00e+00	0.00e+00	1.69e-01	1.28e-08	1.24e-08
 2.53050e+23	1.96e-01	7.83e-01	2.14e-02	3.37e-05	3.60e-06	0.00e+00	0.00e+00	0.00e+00	0.00e+00	1.96e-01	1.48e-08	1.44e-08
 2.53598e+23	2.27e-01	7.56e-01	1.66e-02	2.53e-05	2.59e-06	0.00e+00	0.00e+00	0.00e+00	0.00e+00	2.27e-01	1.70e-08	1.65e-08
 2.54121e+23	2.63e-01	7.24e-01	1.27e-02	1.92e-05	1.85e-06	0.00e+00	0.00e+00	0.00e+00	0.00e+00	2.63e-01	1.94e-08	1.88e-08
 2.54595e+23	3.00e-01	6.90e-01	9.86e-03	1.49e-05	1.33e-06	0.00e+00	0.00e+00	0.00e+00	0.00e+00	3.00e-01	2.17e-08	2.10e-08
 2.55027e+23	3.37e-01	6.55e-01	7.70e-03	1.18e-05	9.69e-07	0.00e+00	0.00e+00	0.00e+00	0.00e+00	3.37e-01	2.38e-08	2.30e-08
 2.55420e+23	3.75e-01	6.19e-01	6.09e-03	9.52e-06	7.17e-07	0.00e+00	0.00e+00	0.00e+00	0.00e+00	3.75e-01	2.57e-08	2.48e-08
 2.55766e+23	4.10e-01	5.85e-01	4.91e-03	7.90e-06	5.46e-07	0.00e+00	0.00e+00	0.00e+00	0.00e+00	4.10e-01	2.72e-08	2.62e-08
 2.56017e+23	4.35e-01	5.60e-01	4.21e-03	6.93e-06	4.50e-07	0.00e+00	0.00e+00	0.00e+00	0.00e+00	4.35e-01	2.82e-08	2.72e-08
 2.56185e+23	4.53e-01	5.43e-01	3.79e-03	6.34e-06	3.93e-07	0.00e+00	0.00e+00	0.00e+00	0.00e+00	4.53e-01	2.88e-08	2.78e-08
 2.56357e+23	4.71e-01	5.25e-01	3.39e-03	5.79e-06	3.41e-07	0.00e+00	0.00e+00	0.00e+00	0.00e+00	4.71e-01	2.94e-08	2.83e-08
 2.56566e+23	4.93e-01	5.04e-01	2.95e-03	5.18e-06	2.87e-07	0.00e+00	0.00e+00	0.00e+00	0.00e+00	4.93e-01	3.01e-08	2.90e-08
 2.56796e+23	5.18e-01	4.79e-01	2.53e-03	4.59e-06	2.37e-07	0.00e+00	0.00e+00	0.00e+00	0.00e+00	5.18e-01	3.07e-08	2.95e-08
 2.57026e+23	5.42e-01	4.56e-01	2.18e-03	4.09e-06	1.97e-07	0.00e+00	0.00e+00	0.00e+00	0.00e+00	5.42e-01	3.12e-08	3.00e-08
 2.57251e+23	5.64e-01	4.34e-01	1.88e-03	3.66e-06	1.64e-07	0.00e+00	0.00e+00	0.00e+00	0.00e+00	5.64e-01	3.15e-08	3.03e-08
 2.57466e+23	5.85e-01	4.13e-01	1.64e-03	3.30e-06	1.38e-07	0.00e+00	0.00e+00	0.00e+00	0.00e+00	5.85e-01	3.18e-08	3.06e-08
 2.57636e+23	6.01e-01	3.98e-01	1.48e-03	3.06e-06	0.00e+00	0.00e+00	0.00e+00	0.00e+00	0.00e+00	6.01e-01	3.19e-08	3.06e-08
 2.57753e+23	6.11e-01	3.88e-01	1.37e-03	2.91e-06	0.00e+00	0.00e+00	0.00e+00	0.00e+00	0.00e+00	6.11e-01	3.20e-08	3.07e-08
 2.57869e+23	6.21e-01	3.77e-01	1.27e-03	2.76e-06	0.00e+00	0.00e+00	0.00e+00	0.00e+00	0.00e+00	6.21e-01	3.20e-08	3.07e-08
 2.58005e+23	6.33e-01	3.66e-01	1.17e-03	2.60e-06	0.00e+00	0.00e+00	0.00e+00	0.00e+00	0.00e+00	6.33e-01	3.21e-08	3.08e-08
 2.58155e+23	6.45e-01	3.54e-01	1.07e-03	2.43e-06	0.00e+00	0.00e+00	0.00e+00	0.00e+00	0.00e+00	6.45e-01	3.20e-08	3.07e-08
 2.58306e+23	6.57e-01	3.42e-01	9.71e-04	2.29e-06	0.00e+00	0.00e+00	0.00e+00	0.00e+00	0.00e+00	6.57e-01	3.20e-08	3.07e-08
 2.58450e+23	6.69e-01	3.31e-01	8.90e-04	2.15e-06	0.00e+00	0.00e+00	0.00e+00	0.00e+00	0.00e+00	6.69e-01	3.19e-08	3.06e-08
 2.58595e+23	6.80e-01	3.20e-01	8.14e-04	2.03e-06	0.00e+00	0.00e+00	0.00e+00	0.00e+00	0.00e+00	6.80e-01	3.18e-08	3.05e-08
 2.58744e+23	6.90e-01	3.09e-01	7.46e-04	1.92e-06	0.00e+00	0.00e+00	0.00e+00	0.00e+00	0.00e+00	6.90e-01	3.18e-08	3.04e-08
 2.58900e+23	7.01e-01	2.99e-01	6.80e-04	1.80e-06	0.00e+00	0.00e+00	0.00e+00	0.00e+00	0.00e+00	7.01e-01	3.16e-08	3.03e-08
 2.59063e+23	7.12e-01	2.88e-01	6.18e-04	1.70e-06	0.00e+00	0.00e+00	0.00e+00	0.00e+00	0.00e+00	7.12e-01	3.15e-08	3.01e-08
 2.59225e+23	7.22e-01	2.78e-01	5.63e-04	1.60e-06	0.00e+00	0.00e+00	0.00e+00	0.00e+00	0.00e+00	7.22e-01	3.13e-08	2.99e-08
 2.59389e+23	7.31e-01	2.68e-01	5.13e-04	1.51e-06	0.00e+00	0.00e+00	0.00e+00	0.00e+00	0.00e+00	7.31e-01	3.11e-08	2.98e-08
 2.59561e+23	7.41e-01	2.58e-01	4.66e-04	1.42e-06	0.00e+00	0.00e+00	0.00e+00	0.00e+00	0.00e+00	7.41e-01	3.09e-08	2.95e-08
 2.59739e+23	7.51e-01	2.49e-01	4.23e-04	1.34e-06	0.00e+00	0.00e+00	0.00e+00	0.00e+00	0.00e+00	7.51e-01	3.07e-08	2.93e-08
 2.59921e+23	7.60e-01	2.39e-01	3.84e-04	1.26e-06	0.00e+00	0.00e+00	0.00e+00	0.00e+00	0.00e+00	7.60e-01	3.05e-08	2.91e-08
 2.60106e+23	7.69e-01	2.31e-01	3.48e-04	1.19e-06	0.00e+00	0.00e+00	0.00e+00	0.00e+00	0.00e+00	7.69e-01	3.02e-08	2.89e-08
 2.60298e+23	7.78e-01	2.22e-01	3.15e-04	1.12e-06	0.00e+00	0.00e+00	0.00e+00	0.00e+00	0.00e+00	7.78e-01	3.00e-08	2.86e-08
 2.60496e+23	7.86e-01	2.13e-01	2.85e-04	1.05e-06	0.00e+00	0.00e+00	0.00e+00	0.00e+00	0.00e+00	7.86e-01	2.97e-08	2.83e-08
 2.60700e+23	7.95e-01	2.05e-01	2.58e-04	9.94e-07	0.00e+00	0.00e+00	0.00e+00	0.00e+00	0.00e+00	7.95e-01	2.95e-08	2.81e-08
 2.60909e+23	8.03e-01	1.97e-01	2.34e-04	9.37e-07	0.00e+00	0.00e+00	0.00e+00	0.00e+00	0.00e+00	8.03e-01	2.92e-08	2.78e-08
 2.61125e+23	8.10e-01	1.89e-01	2.11e-04	8.83e-07	0.00e+00	0.00e+00	0.00e+00	0.00e+00	0.00e+00	8.10e-01	2.89e-08	2.75e-08
 2.61350e+23	8.18e-01	1.82e-01	1.91e-04	8.32e-07	0.00e+00	0.00e+00	0.00e+00	0.00e+00	0.00e+00	8.18e-01	2.87e-08	2.73e-08
 2.61582e+23	8.25e-01	1.74e-01	1.73e-04	7.84e-07	0.00e+00	0.00e+00	0.00e+00	0.00e+00	0.00e+00	8.25e-01	2.84e-08	2.70e-08
 2.61821e+23	8.32e-01	1.67e-01	1.56e-04	7.38e-07	0.00e+00	0.00e+00	0.00e+00	0.00e+00	0.00e+00	8.32e-01	2.81e-08	2.67e-08
 2.62068e+23	8.39e-01	1.61e-01	1.42e-04	6.96e-07	0.00e+00	0.00e+00	0.00e+00	0.00e+00	0.00e+00	8.39e-01	2.79e-08	2.65e-08
 2.62326e+23	8.46e-01	1.54e-01	1.28e-04	6.56e-07	0.00e+00	0.00e+00	0.00e+00	0.00e+00	0.00e+00	8.46e-01	2.76e-08	2.62e-08
 2.62593e+23	8.52e-01	1.48e-01	1.16e-04	6.18e-07	0.00e+00	0.00e+00	0.00e+00	0.00e+00	0.00e+00	8.52e-01	2.73e-08	2.59e-08
 2.62867e+23	8.58e-01	1.42e-01	1.06e-04	5.83e-07	0.00e+00	0.00e+00	0.00e+00	0.00e+00	0.00e+00	8.58e-01	2.71e-08	2.57e-08
 2.63146e+23	8.63e-01	1.36e-01	9.72e-05	5.52e-07	0.00e+00	0.00e+00	0.00e+00	0.00e+00	0.00e+00	8.63e-01	2.68e-08	2.54e-08
 2.63431e+23	8.69e-01	1.31e-01	8.92e-05	5.21e-07	0.00e+00	0.00e+00	0.00e+00	0.00e+00	0.00e+00	8.69e-01	2.66e-08	2.50e-08
 2.63730e+23	8.74e-01	1.26e-01	8.21e-05	4.93e-07	0.00e+00	0.00e+00	0.00e+00	0.00e+00	0.00e+00	8.74e-01	2.63e-08	2.47e-08
 2.64041e+23	8.79e-01	1.21e-01	7.57e-05	4.66e-07	0.00e+00	0.00e+00	0.00e+00	0.00e+00	0.00e+00	8.79e-01	2.61e-08	2.43e-08
 2.64359e+23	8.84e-01	1.16e-01	7.03e-05	4.42e-07	0.00e+00	0.00e+00	0.00e+00	0.00e+00	0.00e+00	8.84e-01	2.59e-08	2.40e-08
 2.64685e+23	8.88e-01	1.12e-01	6.55e-05	4.19e-07	0.00e+00	0.00e+00	0.00e+00	0.00e+00	0.00e+00	8.88e-01	2.57e-08	2.37e-08
 2.65026e+23	8.92e-01	1.08e-01	6.13e-05	3.97e-07	0.00e+00	0.00e+00	0.00e+00	0.00e+00	0.00e+00	8.92e-01	2.55e-08	2.34e-08
 2.65386e+23	8.96e-01	1.04e-01	5.75e-05	3.77e-07	0.00e+00	0.00e+00	0.00e+00	0.00e+00	0.00e+00	8.96e-01	2.53e-08	2.32e-08
 2.65760e+23	9.00e-01	1.00e-01	5.41e-05	3.58e-07	0.00e+00	0.00e+00	0.00e+00	0.00e+00	0.00e+00	9.00e-01	2.52e-08	2.29e-08
 2.66149e+23	9.03e-01	9.68e-02	5.12e-05	3.40e-07	0.00e+00	0.00e+00	0.00e+00	0.00e+00	0.00e+00	9.03e-01	2.50e-08	2.27e-08
 2.66561e+23	9.07e-01	9.33e-02	4.85e-05	3.22e-07	0.00e+00	0.00e+00	0.00e+00	0.00e+00	0.00e+00	9.07e-01	2.49e-08	2.25e-08
 2.66996e+23	9.10e-01	8.99e-02	4.61e-05	3.05e-07	0.00e+00	0.00e+00	0.00e+00	0.00e+00	0.00e+00	9.10e-01	2.48e-08	2.22e-08
 2.67452e+23	9.13e-01	8.67e-02	4.40e-05	2.89e-07	0.00e+00	0.00e+00	0.00e+00	0.00e+00	0.00e+00	9.13e-01	2.47e-08	2.20e-08
 2.67917e+23	9.16e-01	8.36e-02	4.22e-05	2.74e-07	0.00e+00	0.00e+00	0.00e+00	0.00e+00	0.00e+00	9.16e-01	2.46e-08	2.18e-08
 2.68367e+23	9.19e-01	8.09e-02	4.07e-05	2.62e-07	0.00e+00	0.00e+00	0.00e+00	0.00e+00	0.00e+00	9.19e-01	2.46e-08	2.17e-08
 2.68796e+23	9.21e-01	7.85e-02	3.94e-05	2.50e-07	0.00e+00	0.00e+00	0.00e+00	0.00e+00	0.00e+00	9.21e-01	2.45e-08	2.15e-08
 2.69217e+23	9.24e-01	7.63e-02	3.83e-05	2.40e-07	0.00e+00	0.00e+00	0.00e+00	0.00e+00	0.00e+00	9.24e-01	2.45e-08	2.14e-08
 2.69629e+23	9.26e-01	7.42e-02	3.74e-05	2.30e-07	0.00e+00	0.00e+00	0.00e+00	0.00e+00	0.00e+00	9.26e-01	2.45e-08	2.13e-08
 2.70031e+23	9.28e-01	7.22e-02	3.65e-05	2.21e-07	0.00e+00	0.00e+00	0.00e+00	0.00e+00	0.00e+00	9.28e-01	2.44e-08	2.11e-08
 2.70415e+23	9.30e-01	7.03e-02	3.58e-05	2.13e-07	0.00e+00	0.00e+00	0.00e+00	0.00e+00	0.00e+00	9.30e-01	2.44e-08	2.10e-08
 2.70770e+23	9.31e-01	6.87e-02	3.52e-05	2.05e-07	0.00e+00	0.00e+00	0.00e+00	0.00e+00	0.00e+00	9.31e-01	2.43e-08	2.09e-08
 2.71116e+23	9.33e-01	6.71e-02	3.46e-05	1.98e-07	0.00e+00	0.00e+00	0.00e+00	0.00e+00	0.00e+00	9.33e-01	2.43e-08	2.08e-08
 2.71462e+23	9.35e-01	6.54e-02	3.41e-05	1.92e-07	0.00e+00	0.00e+00	0.00e+00	0.00e+00	0.00e+00	9.35e-01	2.43e-08	2.07e-08
 2.71798e+23	9.36e-01	6.39e-02	3.36e-05	1.85e-07	0.00e+00	0.00e+00	0.00e+00	0.00e+00	0.00e+00	9.36e-01	2.43e-08	2.06e-08
 2.72122e+23	9.38e-01	6.25e-02	3.32e-05	1.79e-07	0.00e+00	0.00e+00	0.00e+00	0.00e+00	0.00e+00	9.38e-01	2.42e-08	2.05e-08
 2.72434e+23	9.39e-01	6.11e-02	3.28e-05	1.74e-07	0.00e+00	0.00e+00	0.00e+00	0.00e+00	0.00e+00	9.39e-01	2.42e-08	2.04e-08
 2.72736e+23	9.40e-01	5.98e-02	3.24e-05	1.68e-07	0.00e+00	0.00e+00	0.00e+00	0.00e+00	0.00e+00	9.40e-01	2.42e-08	2.04e-08
 2.73028e+23	9.41e-01	5.85e-02	3.21e-05	1.63e-07	0.00e+00	0.00e+00	0.00e+00	0.00e+00	0.00e+00	9.41e-01	2.41e-08	2.03e-08
 2.73310e+23	9.43e-01	5.72e-02	3.18e-05	1.59e-07	0.00e+00	0.00e+00	0.00e+00	0.00e+00	0.00e+00	9.43e-01	2.41e-08	2.02e-08
 2.73582e+23	9.44e-01	5.61e-02	3.15e-05	1.54e-07	0.00e+00	0.00e+00	0.00e+00	0.00e+00	0.00e+00	9.44e-01	2.41e-08	2.01e-08
 2.73845e+23	9.45e-01	5.49e-02	3.13e-05	1.50e-07	0.00e+00	0.00e+00	0.00e+00	0.00e+00	0.00e+00	9.45e-01	2.41e-08	2.01e-08
 2.74098e+23	9.46e-01	5.38e-02	3.10e-05	1.46e-07	0.00e+00	0.00e+00	0.00e+00	0.00e+00	0.00e+00	9.46e-01	2.40e-08	2.00e-08
 2.74343e+23	9.47e-01	5.27e-02	3.08e-05	1.42e-07	0.00e+00	0.00e+00	0.00e+00	0.00e+00	0.00e+00	9.47e-01	2.40e-08	1.99e-08
 2.74575e+23	9.48e-01	5.17e-02	3.06e-05	1.39e-07	0.00e+00	0.00e+00	0.00e+00	0.00e+00	0.00e+00	9.48e-01	2.40e-08	1.98e-08
 2.74802e+23	9.49e-01	5.07e-02	3.04e-05	1.35e-07	0.00e+00	0.00e+00	0.00e+00	0.00e+00	0.00e+00	9.49e-01	2.39e-08	1.98e-08
 2.75024e+23	9.50e-01	4.97e-02	3.02e-05	1.32e-07	0.00e+00	0.00e+00	0.00e+00	0.00e+00	0.00e+00	9.50e-01	2.39e-08	1.97e-08
 2.75225e+23	9.51e-01	4.89e-02	3.00e-05	1.29e-07	0.00e+00	0.00e+00	0.00e+00	0.00e+00	0.00e+00	9.51e-01	2.38e-08	1.96e-08
 2.75408e+23	9.52e-01	4.81e-02	2.99e-05	1.27e-07	0.00e+00	0.00e+00	0.00e+00	0.00e+00	0.00e+00	9.52e-01	2.38e-08	1.95e-08
 2.75575e+23	9.53e-01	4.74e-02	2.98e-05	1.24e-07	0.00e+00	0.00e+00	0.00e+00	0.00e+00	0.00e+00	9.53e-01	2.38e-08	1.95e-08
 2.75727e+23	9.53e-01	4.68e-02	2.96e-05	0.00e+00	0.00e+00	0.00e+00	0.00e+00	0.00e+00	0.00e+00	9.53e-01	2.37e-08	1.94e-08
 2.75865e+23	9.54e-01	4.62e-02	2.95e-05	0.00e+00	0.00e+00	0.00e+00	0.00e+00	0.00e+00	0.00e+00	9.54e-01	2.37e-08	1.94e-08
 2.75991e+23	9.54e-01	4.57e-02	2.94e-05	0.00e+00	0.00e+00	0.00e+00	0.00e+00	0.00e+00	0.00e+00	9.54e-01	2.36e-08	1.93e-08
 2.76105e+23	9.55e-01	4.52e-02	2.94e-05	0.00e+00	0.00e+00	0.00e+00	0.00e+00	0.00e+00	0.00e+00	9.55e-01	2.35e-08	1.92e-08
 2.76209e+23	9.55e-01	4.49e-02	2.93e-05	0.00e+00	0.00e+00	0.00e+00	0.00e+00	0.00e+00	0.00e+00	9.55e-01	2.35e-08	1.92e-08
 2.76323e+23	9.56e-01	4.43e-02	2.91e-05	0.00e+00	0.00e+00	0.00e+00	0.00e+00	0.00e+00	0.00e+00	9.56e-01	2.34e-08	1.92e-08
 2.76471e+23	9.56e-01	4.35e-02	2.90e-05	0.00e+00	0.00e+00	0.00e+00	0.00e+00	0.00e+00	0.00e+00	9.56e-01	2.33e-08	1.91e-08
 2.76631e+23	9.57e-01	4.28e-02	2.88e-05	0.00e+00	0.00e+00	0.00e+00	0.00e+00	0.00e+00	0.00e+00	9.57e-01	2.32e-08	1.90e-08
 2.76777e+23	9.58e-01	4.21e-02	2.86e-05	0.00e+00	0.00e+00	0.00e+00	0.00e+00	0.00e+00	0.00e+00	9.58e-01	2.31e-08	1.90e-08
 2.76909e+23	9.58e-01	4.16e-02	2.85e-05	0.00e+00	0.00e+00	0.00e+00	0.00e+00	0.00e+00	0.00e+00	9.58e-01	2.30e-08	1.89e-08
 2.77030e+23	9.59e-01	4.11e-02	2.84e-05	0.00e+00	0.00e+00	0.00e+00	0.00e+00	0.00e+00	0.00e+00	9.59e-01	2.29e-08	1.89e-08
 2.77140e+23	9.59e-01	4.06e-02	2.82e-05	0.00e+00	0.00e+00	0.00e+00	0.00e+00	0.00e+00	0.00e+00	9.59e-01	2.28e-08	1.88e-08
 2.77239e+23	9.60e-01	4.02e-02	2.81e-05	0.00e+00	0.00e+00	0.00e+00	0.00e+00	0.00e+00	0.00e+00	9.60e-01	2.27e-08	1.88e-08
 2.77330e+23	9.60e-01	4.00e-02	2.80e-05	0.00e+00	0.00e+00	0.00e+00	0.00e+00	0.00e+00	0.00e+00	9.60e-01	2.27e-08	1.88e-08
 2.77430e+23	9.60e-01	3.96e-02	2.79e-05	0.00e+00	0.00e+00	0.00e+00	0.00e+00	0.00e+00	0.00e+00	9.60e-01	2.27e-08	1.87e-08
 2.77559e+23	9.61e-01	3.91e-02	2.77e-05	0.00e+00	0.00e+00	0.00e+00	0.00e+00	0.00e+00	0.00e+00	9.61e-01	2.27e-08	1.87e-08
 2.77699e+23	9.62e-01	3.85e-02	2.75e-05	0.00e+00	0.00e+00	0.00e+00	0.00e+00	0.00e+00	0.00e+00	9.62e-01	2.26e-08	1.87e-08
 2.77826e+23	9.62e-01	3.80e-02	2.74e-05	0.00e+00	0.00e+00	0.00e+00	0.00e+00	0.00e+00	0.00e+00	9.62e-01	2.26e-08	1.87e-08
 2.77966e+23	9.63e-01	3.75e-02	2.71e-05	0.00e+00	0.00e+00	0.00e+00	0.00e+00	0.00e+00	0.00e+00	9.63e-01	2.25e-08	1.86e-08
 2.78116e+23	9.63e-01	3.69e-02	2.69e-05	0.00e+00	0.00e+00	0.00e+00	0.00e+00	0.00e+00	0.00e+00	9.63e-01	2.24e-08	1.86e-08
 2.78253e+23	9.64e-01	3.63e-02	2.68e-05	0.00e+00	0.00e+00	0.00e+00	0.00e+00	0.00e+00	0.00e+00	9.64e-01	2.24e-08	1.85e-08
 2.78378e+23	9.64e-01	3.61e-02	2.66e-05	0.00e+00	0.00e+00	0.00e+00	0.00e+00	0.00e+00	0.00e+00	9.64e-01	2.24e-08	1.85e-08
 2.78514e+23	9.64e-01	3.56e-02	2.64e-05	0.00e+00	0.00e+00	0.00e+00	0.00e+00	0.00e+00	0.00e+00	9.64e-01	2.23e-08	1.85e-08
 2.78662e+23	9.65e-01	3.50e-02	2.62e-05	0.00e+00	0.00e+00	0.00e+00	0.00e+00	0.00e+00	0.00e+00	9.65e-01	2.23e-08	1.84e-08
 2.78796e+23	9.66e-01	3.45e-02	2.60e-05	0.00e+00	0.00e+00	0.00e+00	0.00e+00	0.00e+00	0.00e+00	9.66e-01	2.22e-08	1.84e-08
 2.78918e+23	9.66e-01	3.42e-02	2.58e-05	0.00e+00	0.00e+00	0.00e+00	0.00e+00	0.00e+00	0.00e+00	9.66e-01	2.22e-08	1.84e-08
 2.79051e+23	9.66e-01	3.37e-02	2.56e-05	0.00e+00	0.00e+00	0.00e+00	0.00e+00	0.00e+00	0.00e+00	9.66e-01	2.21e-08	1.83e-08
 2.79196e+23	9.67e-01	3.31e-02	2.54e-05	0.00e+00	0.00e+00	0.00e+00	0.00e+00	0.00e+00	0.00e+00	9.67e-01	2.21e-08	1.83e-08
 2.79327e+23	9.67e-01	3.28e-02	2.52e-05	0.00e+00	0.00e+00	0.00e+00	0.00e+00	0.00e+00	0.00e+00	9.67e-01	2.21e-08	1.83e-08
 2.79471e+23	9.68e-01	3.23e-02	2.49e-05	0.00e+00	0.00e+00	0.00e+00	0.00e+00	0.00e+00	0.00e+00	9.68e-01	2.20e-08	1.82e-08
 2.79627e+23	9.68e-01	3.17e-02	2.46e-05	0.00e+00	0.00e+00	0.00e+00	0.00e+00	0.00e+00	0.00e+00	9.68e-01	2.20e-08	1.82e-08
 2.79768e+23	9.69e-01	3.12e-02	2.44e-05	0.00e+00	0.00e+00	0.00e+00	0.00e+00	0.00e+00	0.00e+00	9.69e-01	2.19e-08	1.81e-08
 2.79897e+23	9.69e-01	3.09e-02	2.42e-05	0.00e+00	0.00e+00	0.00e+00	0.00e+00	0.00e+00	0.00e+00	9.69e-01	2.18e-08	1.81e-08
 2.80014e+23	9.69e-01	3.05e-02	2.40e-05	0.00e+00	0.00e+00	0.00e+00	0.00e+00	0.00e+00	0.00e+00	9.69e-01	2.18e-08	1.80e-08
 2.80142e+23	9.70e-01	3.01e-02	2.38e-05	0.00e+00	0.00e+00	0.00e+00	0.00e+00	0.00e+00	0.00e+00	9.70e-01	2.18e-08	1.80e-08
 2.80281e+23	9.70e-01	2.96e-02	2.35e-05	0.00e+00	0.00e+00	0.00e+00	0.00e+00	0.00e+00	0.00e+00	9.70e-01	2.17e-08	1.79e-08
 2.80407e+23	9.71e-01	2.92e-02	2.33e-05	0.00e+00	0.00e+00	0.00e+00	0.00e+00	0.00e+00	0.00e+00	9.71e-01	2.16e-08	1.79e-08
 2.80522e+23	9.71e-01	2.90e-02	2.32e-05	0.00e+00	0.00e+00	0.00e+00	0.00e+00	0.00e+00	0.00e+00	9.71e-01	2.17e-08	1.79e-08
 2.80647e+23	9.71e-01	2.86e-02	2.30e-05	0.00e+00	0.00e+00	0.00e+00	0.00e+00	0.00e+00	0.00e+00	9.71e-01	2.16e-08	1.78e-08
 2.80783e+23	9.72e-01	2.81e-02	2.27e-05	0.00e+00	0.00e+00	0.00e+00	0.00e+00	0.00e+00	0.00e+00	9.72e-01	2.16e-08	1.78e-08
 2.80907e+23	9.72e-01	2.78e-02	2.26e-05	0.00e+00	0.00e+00	0.00e+00	0.00e+00	0.00e+00	0.00e+00	9.72e-01	2.15e-08	1.77e-08
 2.81019e+23	9.73e-01	2.74e-02	2.24e-05	0.00e+00	0.00e+00	0.00e+00	0.00e+00	0.00e+00	0.00e+00	9.73e-01	2.15e-08	1.77e-08
 2.81121e+23	9.73e-01	2.73e-02	2.23e-05	0.00e+00	0.00e+00	0.00e+00	0.00e+00	0.00e+00	0.00e+00	9.73e-01	2.15e-08	1.76e-08
 2.81233e+23	9.73e-01	2.69e-02	2.21e-05	0.00e+00	0.00e+00	0.00e+00	0.00e+00	0.00e+00	0.00e+00	9.73e-01	2.14e-08	1.76e-08
 2.81379e+23	9.74e-01	2.64e-02	2.18e-05	0.00e+00	0.00e+00	0.00e+00	0.00e+00	0.00e+00	0.00e+00	9.74e-01	2.14e-08	1.75e-08
 2.81536e+23	9.74e-01	2.59e-02	2.16e-05	0.00e+00	0.00e+00	0.00e+00	0.00e+00	0.00e+00	0.00e+00	9.74e-01	2.13e-08	1.74e-08
 2.81680e+23	9.75e-01	2.55e-02	2.14e-05	0.00e+00	0.00e+00	0.00e+00	0.00e+00	0.00e+00	0.00e+00	9.75e-01	2.12e-08	1.74e-08
 2.81810e+23	9.75e-01	2.53e-02	2.13e-05	0.00e+00	0.00e+00	0.00e+00	0.00e+00	0.00e+00	0.00e+00	9.75e-01	2.12e-08	1.73e-08
 2.81953e+23	9.75e-01	2.49e-02	2.11e-05	0.00e+00	0.00e+00	0.00e+00	0.00e+00	0.00e+00	0.00e+00	9.75e-01	2.10e-08	1.72e-08
 2.82138e+23	9.76e-01	2.44e-02	2.08e-05	0.00e+00	0.00e+00	0.00e+00	0.00e+00	0.00e+00	0.00e+00	9.76e-01	2.08e-08	1.71e-08
 2.82339e+23	9.76e-01	2.38e-02	2.06e-05	0.00e+00	0.00e+00	0.00e+00	0.00e+00	0.00e+00	0.00e+00	9.76e-01	2.06e-08	1.69e-08
 2.82521e+23	9.77e-01	2.34e-02	2.03e-05	0.00e+00	0.00e+00	0.00e+00	0.00e+00	0.00e+00	0.00e+00	9.77e-01	2.04e-08	1.68e-08
 2.82687e+23	9.77e-01	2.31e-02	2.01e-05	0.00e+00	0.00e+00	0.00e+00	0.00e+00	0.00e+00	0.00e+00	9.77e-01	2.02e-08	1.66e-08
 2.82838e+23	9.77e-01	2.29e-02	2.00e-05	0.00e+00	0.00e+00	0.00e+00	0.00e+00	0.00e+00	0.00e+00	9.77e-01	2.01e-08	1.64e-08
 2.83003e+23	9.78e-01	2.24e-02	1.98e-05	0.00e+00	0.00e+00	0.00e+00	0.00e+00	0.00e+00	0.00e+00	9.78e-01	1.99e-08	1.63e-08
 2.83182e+23	9.78e-01	2.21e-02	1.96e-05	0.00e+00	0.00e+00	0.00e+00	0.00e+00	0.00e+00	0.00e+00	9.78e-01	1.98e-08	1.61e-08
 2.83344e+23	9.78e-01	2.17e-02	1.94e-05	0.00e+00	0.00e+00	0.00e+00	0.00e+00	0.00e+00	0.00e+00	9.78e-01	1.96e-08	1.59e-08
 2.83492e+23	9.79e-01	2.14e-02	1.92e-05	0.00e+00	0.00e+00	0.00e+00	0.00e+00	0.00e+00	0.00e+00	9.79e-01	1.94e-08	1.58e-08
 2.83627e+23	9.79e-01	2.13e-02	1.91e-05	0.00e+00	0.00e+00	0.00e+00	0.00e+00	0.00e+00	0.00e+00	9.79e-01	1.94e-08	1.57e-08
 2.83774e+23	9.79e-01	2.09e-02	1.89e-05	0.00e+00	0.00e+00	0.00e+00	0.00e+00	0.00e+00	0.00e+00	9.79e-01	1.91e-08	1.55e-08
 2.83934e+23	9.79e-01	2.06e-02	1.88e-05	0.00e+00	0.00e+00	0.00e+00	0.00e+00	0.00e+00	0.00e+00	9.79e-01	1.91e-08	1.54e-08
 2.84108e+23	9.80e-01	2.02e-02	1.86e-05	0.00e+00	0.00e+00	0.00e+00	0.00e+00	0.00e+00	0.00e+00	9.80e-01	1.89e-08	1.52e-08
 2.84296e+23	9.80e-01	1.98e-02	1.84e-05	0.00e+00	0.00e+00	0.00e+00	0.00e+00	0.00e+00	0.00e+00	9.80e-01	1.87e-08	1.50e-08
 2.84468e+23	9.80e-01	1.96e-02	1.82e-05	0.00e+00	0.00e+00	0.00e+00	0.00e+00	0.00e+00	0.00e+00	9.80e-01	1.86e-08	1.49e-08
 2.84656e+23	9.81e-01	1.92e-02	1.80e-05	0.00e+00	0.00e+00	0.00e+00	0.00e+00	0.00e+00	0.00e+00	9.81e-01	1.84e-08	1.47e-08
 2.84858e+23	9.81e-01	1.88e-02	1.78e-05	0.00e+00	0.00e+00	0.00e+00	0.00e+00	0.00e+00	0.00e+00	9.81e-01	1.82e-08	1.45e-08
 2.85043e+23	9.82e-01	1.85e-02	1.76e-05	0.00e+00	0.00e+00	0.00e+00	0.00e+00	0.00e+00	0.00e+00	9.82e-01	1.80e-08	1.43e-08
 2.85211e+23	9.82e-01	1.83e-02	1.75e-05	0.00e+00	0.00e+00	0.00e+00	0.00e+00	0.00e+00	0.00e+00	9.82e-01	1.79e-08	1.42e-08
 2.85395e+23	9.82e-01	1.80e-02	1.73e-05	0.00e+00	0.00e+00	0.00e+00	0.00e+00	0.00e+00	0.00e+00	9.82e-01	1.77e-08	1.40e-08
 2.85593e+23	9.82e-01	1.76e-02	1.71e-05	0.00e+00	0.00e+00	0.00e+00	0.00e+00	0.00e+00	0.00e+00	9.82e-01	1.74e-08	1.38e-08
 2.85774e+23	9.83e-01	1.74e-02	1.70e-05	0.00e+00	0.00e+00	0.00e+00	0.00e+00	0.00e+00	0.00e+00	9.83e-01	1.74e-08	1.37e-08
 2.85972e+23	9.83e-01	1.70e-02	1.68e-05	0.00e+00	0.00e+00	0.00e+00	0.00e+00	0.00e+00	0.00e+00	9.83e-01	1.71e-08	1.35e-08
 2.86186e+23	9.83e-01	1.66e-02	1.66e-05	0.00e+00	0.00e+00	0.00e+00	0.00e+00	0.00e+00	0.00e+00	9.83e-01	1.69e-08	1.32e-08
 2.86381e+23	9.84e-01	1.64e-02	1.65e-05	0.00e+00	0.00e+00	0.00e+00	0.00e+00	0.00e+00	0.00e+00	9.84e-01	1.68e-08	1.31e-08
 2.86594e+23	9.84e-01	1.61e-02	1.63e-05	0.00e+00	0.00e+00	0.00e+00	0.00e+00	0.00e+00	0.00e+00	9.84e-01	1.65e-08	1.29e-08
 2.86824e+23	9.84e-01	1.57e-02	1.61e-05	0.00e+00	0.00e+00	0.00e+00	0.00e+00	0.00e+00	0.00e+00	9.84e-01	1.63e-08	1.27e-08
 2.87034e+23	9.85e-01	1.54e-02	1.59e-05	0.00e+00	0.00e+00	0.00e+00	0.00e+00	0.00e+00	0.00e+00	9.85e-01	1.61e-08	1.25e-08
 2.87224e+23	9.85e-01	1.52e-02	1.58e-05	0.00e+00	0.00e+00	0.00e+00	0.00e+00	0.00e+00	0.00e+00	9.85e-01	1.59e-08	1.23e-08
 2.87398e+23	9.85e-01	1.50e-02	1.57e-05	0.00e+00	0.00e+00	0.00e+00	0.00e+00	0.00e+00	0.00e+00	9.85e-01	1.58e-08	1.22e-08
 2.87588e+23	9.85e-01	1.47e-02	1.55e-05	0.00e+00	0.00e+00	0.00e+00	0.00e+00	0.00e+00	0.00e+00	9.85e-01	1.56e-08	1.20e-08
 2.87793e+23	9.86e-01	1.44e-02	1.53e-05	0.00e+00	0.00e+00	0.00e+00	0.00e+00	0.00e+00	0.00e+00	9.86e-01	1.54e-08	1.18e-08
 2.87980e+23	9.86e-01	1.43e-02	1.52e-05	0.00e+00	0.00e+00	0.00e+00	0.00e+00	0.00e+00	0.00e+00	9.86e-01	1.53e-08	1.17e-08
 2.88185e+23	9.86e-01	1.40e-02	1.51e-05	0.00e+00	0.00e+00	0.00e+00	0.00e+00	0.00e+00	0.00e+00	9.86e-01	1.51e-08	1.15e-08
 2.88406e+23	9.86e-01	1.37e-02	1.49e-05	0.00e+00	0.00e+00	0.00e+00	0.00e+00	0.00e+00	0.00e+00	9.86e-01	1.49e-08	1.13e-08
 2.88607e+23	9.86e-01	1.35e-02	1.48e-05	0.00e+00	0.00e+00	0.00e+00	0.00e+00	0.00e+00	0.00e+00	9.86e-01	1.48e-08	1.12e-08
 2.88827e+23	9.87e-01	1.32e-02	1.46e-05	0.00e+00	0.00e+00	0.00e+00	0.00e+00	0.00e+00	0.00e+00	9.87e-01	1.46e-08	1.11e-08
 2.89065e+23	9.87e-01	1.29e-02	1.44e-05	0.00e+00	0.00e+00	0.00e+00	0.00e+00	0.00e+00	0.00e+00	9.87e-01	1.44e-08	1.08e-08
 2.89281e+23	9.87e-01	1.27e-02	1.43e-05	0.00e+00	0.00e+00	0.00e+00	0.00e+00	0.00e+00	0.00e+00	9.87e-01	1.43e-08	1.07e-08
 2.89518e+23	9.88e-01	1.25e-02	1.41e-05	0.00e+00	0.00e+00	0.00e+00	0.00e+00	0.00e+00	0.00e+00	9.88e-01	1.41e-08	1.05e-08
 2.89774e+23	9.88e-01	1.21e-02	1.40e-05	0.00e+00	0.00e+00	0.00e+00	0.00e+00	0.00e+00	0.00e+00	9.88e-01	1.39e-08	1.03e-08
 2.90007e+23	9.88e-01	1.20e-02	1.38e-05	0.00e+00	0.00e+00	0.00e+00	0.00e+00	0.00e+00	0.00e+00	9.88e-01	1.38e-08	1.02e-08
 2.90263e+23	9.88e-01	1.17e-02	1.37e-05	0.00e+00	0.00e+00	0.00e+00	0.00e+00	0.00e+00	0.00e+00	9.88e-01	1.36e-08	9.98e-09
 2.90538e+23	9.89e-01	1.14e-02	1.35e-05	0.00e+00	0.00e+00	0.00e+00	0.00e+00	0.00e+00	0.00e+00	9.89e-01	1.34e-08	9.75e-09
