#depth	H	H+	H2
 4.62852e+21	4.45e-07	1.00e+00	6.60e-32
 1.02459e+22	6.89e-07	1.00e+00	1.47e-31
 1.17293e+22	8.45e-07	1.00e+00	2.74e-31
 1.24710e+22	9.38e-07	1.00e+00	3.93e-31
 1.28024e+22	9.74e-07	1.00e+00	4.43e-31
 1.29962e+22	1.02e-06	1.00e+00	5.18e-31
 1.31904e+22	1.06e-06	1.00e+00	5.85e-31
 1.33852e+22	1.11e-06	1.00e+00	6.82e-31
 1.35847e+22	1.16e-06	1.00e+00	7.74e-31
 1.37632e+22	1.21e-06	1.00e+00	8.77e-31
 1.39679e+22	1.28e-06	1.00e+00	1.03e-30
 1.41750e+22	1.34e-06	1.00e+00	1.16e-30
 1.43852e+22	1.42e-06	1.00e+00	1.36e-30
 1.45994e+22	1.49e-06	1.00e+00	1.55e-30
 1.48186e+22	1.59e-06	1.00e+00	1.82e-30
 1.50419e+22	1.67e-06	1.00e+00	2.07e-30
 1.52631e+22	1.78e-06	1.00e+00	2.40e-30
 1.54733e+22	1.87e-06	1.00e+00	2.68e-30
 1.56767e+22	1.99e-06	1.00e+00	3.07e-30
 1.58838e+22	2.09e-06	1.00e+00	3.43e-30
 1.60869e+22	2.23e-06	1.00e+00	3.88e-30
 1.62943e+22	2.35e-06	1.00e+00	4.32e-30
 1.64962e+22	2.50e-06	1.00e+00	4.78e-30
 1.67023e+22	2.64e-06	1.00e+00	5.30e-30
 1.69065e+22	2.80e-06	1.00e+00	5.85e-30
 1.71117e+22	2.97e-06	1.00e+00	6.46e-30
 1.73145e+22	3.15e-06	1.00e+00	7.11e-30
 1.75170e+22	3.33e-06	1.00e+00	7.82e-30
 1.77199e+22	3.53e-06	1.00e+00	8.61e-30
 1.79237e+22	3.74e-06	1.00e+00	9.49e-30
 1.81287e+22	3.96e-06	1.00e+00	1.05e-29
 1.83356e+22	4.20e-06	1.00e+00	1.16e-29
 1.85451e+22	4.45e-06	1.00e+00	1.30e-29
 1.87556e+22	4.71e-06	1.00e+00	1.45e-29
 1.89695e+22	5.00e-06	1.00e+00	1.64e-29
 1.91860e+22	5.29e-06	1.00e+00	1.91e-29
 1.94068e+22	5.62e-06	1.00e+00	2.20e-29
 1.96121e+22	5.89e-06	1.00e+00	2.49e-29
 1.98240e+22	6.27e-06	1.00e+00	2.94e-29
 2.00393e+22	6.58e-06	1.00e+00	3.38e-29
 2.02591e+22	7.01e-06	1.00e+00	4.07e-29
 2.04800e+22	7.35e-06	1.00e+00	4.74e-29
 2.07021e+22	7.82e-06	1.00e+00	5.80e-29
 2.09255e+22	8.19e-06	1.00e+00	6.82e-29
 2.11507e+22	8.71e-06	1.00e+00	8.47e-29
 2.13778e+22	9.13e-06	1.00e+00	1.01e-28
 2.16074e+22	9.70e-06	1.00e+00	1.26e-28
 2.18399e+22	1.02e-05	1.00e+00	1.51e-28
 2.20762e+22	1.08e-05	1.00e+00	1.93e-28
 2.23164e+22	1.13e-05	1.00e+00	2.33e-28
 2.25617e+22	1.21e-05	1.00e+00	3.00e-28
 2.28123e+22	1.27e-05	1.00e+00	3.68e-28
 2.30696e+22	1.35e-05	1.00e+00	4.80e-28
 2.33331e+22	1.42e-05	1.00e+00	5.94e-28
 2.35553e+22	1.49e-05	1.00e+00	7.17e-28
 2.37948e+22	1.57e-05	1.00e+00	9.18e-28
 2.40378e+22	1.65e-05	1.00e+00	1.11e-27
 2.42478e+22	1.72e-05	1.00e+00	1.34e-27
 2.44832e+22	1.82e-05	1.00e+00	1.71e-27
 2.47178e+22	1.89e-05	1.00e+00	2.04e-27
 2.49513e+22	2.00e-05	1.00e+00	2.59e-27
 2.51882e+22	2.08e-05	1.00e+00	3.11e-27
 2.54293e+22	2.20e-05	1.00e+00	3.96e-27
 2.56746e+22	2.30e-05	1.00e+00	4.78e-27
 2.59253e+22	2.43e-05	1.00e+00	6.15e-27
 2.61799e+22	2.54e-05	1.00e+00	7.46e-27
 2.64394e+22	2.69e-05	1.00e+00	9.65e-27
 2.67052e+22	2.82e-05	1.00e+00	1.18e-26
 2.69791e+22	2.99e-05	1.00e+00	1.54e-26
 2.72598e+22	3.14e-05	1.00e+00	1.92e-26
 2.75495e+22	3.34e-05	1.00e+00	2.53e-26
 2.78418e+22	3.50e-05	1.00e+00	3.14e-26
 2.81376e+22	3.73e-05	1.00e+00	4.17e-26
 2.84376e+22	3.92e-05	1.00e+00	5.20e-26
 2.87429e+22	4.18e-05	1.00e+00	6.95e-26
 2.90411e+22	4.37e-05	1.00e+00	8.55e-26
 2.93301e+22	4.64e-05	1.00e+00	1.12e-25
 2.96284e+22	4.87e-05	1.00e+00	1.40e-25
 2.98823e+22	5.09e-05	1.00e+00	1.71e-25
 3.01559e+22	5.37e-05	1.00e+00	2.19e-25
 3.04330e+22	5.62e-05	1.00e+00	2.68e-25
 3.07147e+22	5.94e-05	1.00e+00	3.47e-25
 3.09998e+22	6.22e-05	1.00e+00	4.28e-25
 3.12896e+22	6.59e-05	1.00e+00	5.56e-25
 3.15858e+22	6.91e-05	1.00e+00	6.93e-25
 3.18905e+22	7.33e-05	1.00e+00	9.08e-25
 3.22034e+22	7.73e-05	1.00e+00	1.15e-24
 3.24795e+22	8.10e-05	1.00e+00	1.43e-24
 3.27911e+22	8.59e-05	1.00e+00	1.88e-24
 3.31140e+22	9.06e-05	1.00e+00	2.40e-24
 3.34030e+22	9.52e-05	1.00e+00	3.02e-24
 3.37304e+22	1.01e-04	1.00e+00	4.05e-24
 3.40669e+22	1.07e-04	1.00e+00	5.18e-24
 3.44155e+22	1.14e-04	1.00e+00	7.06e-24
 3.47708e+22	1.21e-04	1.00e+00	9.15e-24
 3.51349e+22	1.30e-04	1.00e+00	1.26e-23
 3.55021e+22	1.37e-04	1.00e+00	1.64e-23
 3.58248e+22	1.45e-04	1.00e+00	2.13e-23
 3.61958e+22	1.56e-04	1.00e+00	2.97e-23
 3.65707e+22	1.65e-04	1.00e+00	3.87e-23
 3.69507e+22	1.78e-04	1.00e+00	5.42e-23
 3.73366e+22	1.89e-04	1.00e+00	7.17e-23
 3.77304e+22	2.03e-04	1.00e+00	1.02e-22
 3.81271e+22	2.16e-04	1.00e+00	1.31e-22
 3.85276e+22	2.33e-04	1.00e+00	1.89e-22
 3.89329e+22	2.48e-04	1.00e+00	2.51e-22
 3.93445e+22	2.69e-04	1.00e+00	3.66e-22
 3.97617e+22	2.86e-04	1.00e+00	4.92e-22
 4.01247e+22	3.04e-04	1.00e+00	6.59e-22
 4.04715e+22	3.21e-04	1.00e+00	8.64e-22
 4.08015e+22	3.40e-04	1.00e+00	1.13e-21
 4.11732e+22	3.64e-04	1.00e+00	1.59e-21
 4.15440e+22	3.85e-04	1.00e+00	2.09e-21
 4.19137e+22	4.13e-04	1.00e+00	2.97e-21
 4.22905e+22	4.37e-04	1.00e+00	3.99e-21
 4.26765e+22	4.70e-04	1.00e+00	5.80e-21
 4.30664e+22	4.98e-04	1.00e+00	7.96e-21
 4.34094e+22	5.27e-04	9.99e-01	1.08e-20
 4.38035e+22	5.67e-04	9.99e-01	1.63e-20
 4.41852e+22	5.98e-04	9.99e-01	2.25e-20
 4.44890e+22	6.28e-04	9.99e-01	2.99e-20
 4.48227e+22	6.67e-04	9.99e-01	4.22e-20
 4.51622e+22	7.02e-04	9.99e-01	5.68e-20
 4.54617e+22	7.37e-04	9.99e-01	7.62e-20
 4.58036e+22	7.83e-04	9.99e-01	1.11e-19
 4.61496e+22	8.25e-04	9.99e-01	1.54e-19
 4.64530e+22	8.66e-04	9.99e-01	2.07e-19
 4.67993e+22	9.23e-04	9.99e-01	3.24e-19
 4.71486e+22	9.69e-04	9.99e-01	4.38e-19
 4.75018e+22	1.03e-03	9.99e-01	6.88e-19
 4.78604e+22	1.09e-03	9.99e-01	1.05e-18
 4.81765e+22	1.14e-03	9.99e-01	1.54e-18
 4.85374e+22	1.22e-03	9.99e-01	2.77e-18
 4.89061e+22	1.29e-03	9.99e-01	4.61e-18
 4.91742e+22	1.33e-03	9.99e-01	8.32e-18
 4.94120e+22	1.39e-03	9.99e-01	2.05e-17
 4.97212e+22	1.46e-03	9.99e-01	3.93e-17
 5.00669e+22	1.54e-03	9.98e-01	7.11e-17
 5.04599e+22	1.66e-03	9.98e-01	2.13e-16
 5.08510e+22	1.75e-03	9.98e-01	3.19e-16
 5.12395e+22	1.86e-03	9.98e-01	5.24e-16
 5.16466e+22	1.98e-03	9.98e-01	7.80e-16
 5.20212e+22	2.09e-03	9.98e-01	1.07e-15
 5.23418e+22	2.19e-03	9.98e-01	1.41e-15
 5.26489e+22	2.30e-03	9.98e-01	1.85e-15
 5.29623e+22	2.41e-03	9.98e-01	2.27e-15
 5.32414e+22	2.51e-03	9.97e-01	2.77e-15
 5.35621e+22	2.64e-03	9.97e-01	3.47e-15
 5.38893e+22	2.77e-03	9.97e-01	4.20e-15
 5.41791e+22	2.89e-03	9.97e-01	5.06e-15
 5.45101e+22	3.06e-03	9.97e-01	6.37e-15
 5.48434e+22	3.20e-03	9.97e-01	7.54e-15
 5.51798e+22	3.38e-03	9.97e-01	9.31e-15
 5.55265e+22	3.55e-03	9.96e-01	1.12e-14
 5.58386e+22	3.72e-03	9.96e-01	1.34e-14
 5.61960e+22	3.95e-03	9.96e-01	1.68e-14
 5.65582e+22	4.14e-03	9.96e-01	2.01e-14
 5.69264e+22	4.40e-03	9.96e-01	2.54e-14
 5.73041e+22	4.62e-03	9.95e-01	3.07e-14
 5.76942e+22	4.93e-03	9.95e-01	3.92e-14
 5.80920e+22	5.19e-03	9.95e-01	4.78e-14
 5.84999e+22	5.55e-03	9.94e-01	6.16e-14
 5.89130e+22	5.85e-03	9.94e-01	7.55e-14
 5.93331e+22	6.25e-03	9.94e-01	9.78e-14
 5.97638e+22	6.61e-03	9.93e-01	1.22e-13
 6.02083e+22	7.09e-03	9.93e-01	1.60e-13
 6.06604e+22	7.52e-03	9.92e-01	2.02e-13
 6.11224e+22	8.11e-03	9.92e-01	2.71e-13
 6.15885e+22	8.59e-03	9.91e-01	3.39e-13
 6.20599e+22	9.27e-03	9.91e-01	4.57e-13
 6.25446e+22	9.85e-03	9.90e-01	5.81e-13
 6.30466e+22	1.07e-02	9.89e-01	8.05e-13
 6.35606e+22	1.14e-02	9.89e-01	1.03e-12
 6.40902e+22	1.25e-02	9.88e-01	1.45e-12
 6.46378e+22	1.34e-02	9.87e-01	1.91e-12
 6.52089e+22	1.48e-02	9.85e-01	2.79e-12
 6.58046e+22	1.60e-02	9.84e-01	3.81e-12
 6.64217e+22	1.79e-02	9.82e-01	5.76e-12
 6.69567e+22	1.90e-02	9.81e-01	7.21e-12
 6.73958e+22	2.07e-02	9.79e-01	9.77e-12
 6.78605e+22	2.24e-02	9.78e-01	1.30e-11
 6.83583e+22	2.50e-02	9.75e-01	1.88e-11
 6.88646e+22	2.74e-02	9.73e-01	2.58e-11
 6.93819e+22	3.12e-02	9.69e-01	3.93e-11
 6.99192e+22	3.53e-02	9.65e-01	5.79e-11
 7.03467e+22	3.92e-02	9.61e-01	7.94e-11
 7.07112e+22	4.37e-02	9.56e-01	1.09e-10
 7.11292e+22	5.05e-02	9.49e-01	1.66e-10
 7.15685e+22	5.90e-02	9.41e-01	2.53e-10
 7.19548e+22	6.90e-02	9.31e-01	3.81e-10
 7.23111e+22	8.14e-02	9.19e-01	5.78e-10
 7.26441e+22	9.64e-02	9.04e-01	8.72e-10
 7.29537e+22	1.15e-01	8.85e-01	1.32e-09
 7.32383e+22	1.38e-01	8.62e-01	1.99e-09
 7.34949e+22	1.64e-01	8.36e-01	2.93e-09
 7.37274e+22	1.95e-01	8.05e-01	4.26e-09
 7.39393e+22	2.29e-01	7.71e-01	6.03e-09
 7.40724e+22	2.53e-01	7.47e-01	7.34e-09
 7.41220e+22	2.62e-01	7.38e-01	7.91e-09
 7.41620e+22	2.71e-01	7.29e-01	8.47e-09
 7.42140e+22	2.82e-01	7.18e-01	9.24e-09
 7.42759e+22	2.97e-01	7.03e-01	1.03e-08
 7.43382e+22	3.11e-01	6.89e-01	1.14e-08
 7.43957e+22	3.25e-01	6.75e-01	1.24e-08
 7.44545e+22	3.40e-01	6.60e-01	1.37e-08
 7.45160e+22	3.57e-01	6.43e-01	1.52e-08
 7.45763e+22	3.73e-01	6.27e-01	1.66e-08
 7.46372e+22	3.90e-01	6.10e-01	1.83e-08
 7.47005e+22	4.08e-01	5.92e-01	2.00e-08
 7.47658e+22	4.27e-01	5.73e-01	2.20e-08
 7.48333e+22	4.47e-01	5.53e-01	2.42e-08
 7.49016e+22	4.68e-01	5.32e-01	2.65e-08
 7.49711e+22	4.89e-01	5.11e-01	2.90e-08
 7.50445e+22	5.11e-01	4.89e-01	3.17e-08
 7.51196e+22	5.33e-01	4.67e-01	3.45e-08
 7.51789e+22	5.50e-01	4.50e-01	3.66e-08
 7.52177e+22	5.61e-01	4.39e-01	3.80e-08
 7.52544e+22	5.71e-01	4.29e-01	3.93e-08
 7.52983e+22	5.83e-01	4.17e-01	4.11e-08
 7.53471e+22	5.97e-01	4.03e-01	4.31e-08
 7.53939e+22	6.08e-01	3.92e-01	4.46e-08
 7.54396e+22	6.20e-01	3.80e-01	4.65e-08
 7.54866e+22	6.32e-01	3.68e-01	4.82e-08
 7.55342e+22	6.44e-01	3.56e-01	5.00e-08
 7.55824e+22	6.56e-01	3.44e-01	5.20e-08
 7.56306e+22	6.66e-01	3.34e-01	5.35e-08
 7.56803e+22	6.78e-01	3.22e-01	5.54e-08
 7.57321e+22	6.89e-01	3.11e-01	5.73e-08
 7.57838e+22	6.99e-01	3.01e-01	5.91e-08
 7.58361e+22	7.10e-01	2.90e-01	6.08e-08
 7.58903e+22	7.20e-01	2.80e-01	6.26e-08
 7.59464e+22	7.30e-01	2.70e-01	6.45e-08
 7.60033e+22	7.40e-01	2.60e-01	6.63e-08
 7.60611e+22	7.49e-01	2.51e-01	6.81e-08
 7.61211e+22	7.58e-01	2.42e-01	6.99e-08
 7.61829e+22	7.68e-01	2.32e-01	7.18e-08
 7.62461e+22	7.76e-01	2.24e-01	7.37e-08
 7.63106e+22	7.85e-01	2.15e-01	7.55e-08
 7.63770e+22	7.93e-01	2.07e-01	7.74e-08
 7.64458e+22	8.01e-01	1.99e-01	7.94e-08
 7.65165e+22	8.09e-01	1.91e-01	8.13e-08
 7.65889e+22	8.17e-01	1.83e-01	8.33e-08
 7.66632e+22	8.24e-01	1.76e-01	8.53e-08
 7.67400e+22	8.31e-01	1.69e-01	8.74e-08
 7.68190e+22	8.38e-01	1.62e-01	8.94e-08
 7.68987e+22	8.44e-01	1.56e-01	9.16e-08
 7.69796e+22	8.50e-01	1.50e-01	9.38e-08
 7.70634e+22	8.57e-01	1.43e-01	9.62e-08
 7.71476e+22	8.62e-01	1.38e-01	9.85e-08
 7.72314e+22	8.67e-01	1.33e-01	1.01e-07
 7.73174e+22	8.73e-01	1.27e-01	1.04e-07
 7.74060e+22	8.77e-01	1.23e-01	1.06e-07
 7.74953e+22	8.82e-01	1.18e-01	1.09e-07
 7.75853e+22	8.86e-01	1.14e-01	1.12e-07
 7.76782e+22	8.91e-01	1.09e-01	1.15e-07
 7.77735e+22	8.95e-01	1.05e-01	1.18e-07
 7.78701e+22	8.99e-01	1.01e-01	1.22e-07
 7.79680e+22	9.02e-01	9.77e-02	1.26e-07
 7.80689e+22	9.06e-01	9.40e-02	1.31e-07
 7.81720e+22	9.09e-01	9.05e-02	1.35e-07
 7.82723e+22	9.13e-01	8.74e-02	1.40e-07
 7.83662e+22	9.15e-01	8.46e-02	1.44e-07
 7.84527e+22	9.18e-01	8.22e-02	1.48e-07
 7.85336e+22	9.20e-01	8.00e-02	1.53e-07
 7.86085e+22	9.22e-01	7.81e-02	1.57e-07
 7.86812e+22	9.24e-01	7.63e-02	1.61e-07
 7.87541e+22	9.25e-01	7.46e-02	1.66e-07
 7.88258e+22	9.27e-01	7.26e-02	1.71e-07
 7.88928e+22	9.29e-01	7.10e-02	1.76e-07
 7.89551e+22	9.30e-01	6.96e-02	1.81e-07
 7.90179e+22	9.32e-01	6.81e-02	1.86e-07
 7.90784e+22	9.33e-01	6.67e-02	1.92e-07
 7.91356e+22	9.35e-01	6.54e-02	1.97e-07
 7.91924e+22	9.36e-01	6.41e-02	2.03e-07
 7.92468e+22	9.37e-01	6.29e-02	2.09e-07
 7.92980e+22	9.38e-01	6.18e-02	2.15e-07
 7.93481e+22	9.39e-01	6.07e-02	2.21e-07
 7.93970e+22	9.40e-01	5.96e-02	2.28e-07
 7.94430e+22	9.41e-01	5.86e-02	2.34e-07
 7.94848e+22	9.42e-01	5.77e-02	2.40e-07
 7.95229e+22	9.43e-01	5.69e-02	2.46e-07
 7.95575e+22	9.44e-01	5.62e-02	2.51e-07
 7.95890e+22	9.44e-01	5.55e-02	2.56e-07
 7.96177e+22	9.45e-01	5.49e-02	2.60e-07
 7.96438e+22	9.46e-01	5.44e-02	2.64e-07
 7.96724e+22	9.46e-01	5.37e-02	2.68e-07
 7.97033e+22	9.47e-01	5.30e-02	2.73e-07
 7.97314e+22	9.48e-01	5.25e-02	2.76e-07
 7.97570e+22	9.48e-01	5.20e-02	2.81e-07
 7.97803e+22	9.48e-01	5.16e-02	2.84e-07
 7.98058e+22	9.49e-01	5.10e-02	2.86e-07
 7.98389e+22	9.50e-01	5.02e-02	2.90e-07
 7.98747e+22	9.51e-01	4.94e-02	2.94e-07
 7.99073e+22	9.51e-01	4.87e-02	2.97e-07
 7.99370e+22	9.52e-01	4.82e-02	3.00e-07
 7.99694e+22	9.52e-01	4.76e-02	3.02e-07
 8.00045e+22	9.53e-01	4.70e-02	3.04e-07
 8.00364e+22	9.54e-01	4.64e-02	3.06e-07
 8.00654e+22	9.54e-01	4.60e-02	3.07e-07
 8.00919e+22	9.54e-01	4.57e-02	3.09e-07
 8.01208e+22	9.55e-01	4.51e-02	3.09e-07
 8.01585e+22	9.56e-01	4.43e-02	3.10e-07
 8.01991e+22	9.56e-01	4.36e-02	3.11e-07
 8.02361e+22	9.57e-01	4.30e-02	3.12e-07
 8.02697e+22	9.57e-01	4.26e-02	3.12e-07
 8.03004e+22	9.58e-01	4.21e-02	3.11e-07
 8.03282e+22	9.58e-01	4.17e-02	3.11e-07
 8.03588e+22	9.59e-01	4.12e-02	3.10e-07
 8.03917e+22	9.59e-01	4.06e-02	3.09e-07
 8.04217e+22	9.60e-01	4.02e-02	3.09e-07
 8.04490e+22	9.60e-01	3.98e-02	3.08e-07
 8.04739e+22	9.60e-01	3.95e-02	3.07e-07
 8.05011e+22	9.61e-01	3.91e-02	3.06e-07
 8.05365e+22	9.62e-01	3.85e-02	3.04e-07
 8.05747e+22	9.62e-01	3.78e-02	3.03e-07
 8.06095e+22	9.63e-01	3.73e-02	3.02e-07
 8.06411e+22	9.63e-01	3.69e-02	3.01e-07
 8.06699e+22	9.63e-01	3.66e-02	2.99e-07
 8.06961e+22	9.64e-01	3.62e-02	2.97e-07
 8.07248e+22	9.64e-01	3.58e-02	2.95e-07
 8.07558e+22	9.65e-01	3.54e-02	2.94e-07
 8.07840e+22	9.65e-01	3.50e-02	2.92e-07
 8.08149e+22	9.65e-01	3.46e-02	2.91e-07
 8.08483e+22	9.66e-01	3.41e-02	2.89e-07
 8.08786e+22	9.66e-01	3.38e-02	2.88e-07
 8.09063e+22	9.67e-01	3.35e-02	2.86e-07
 8.09314e+22	9.67e-01	3.33e-02	2.86e-07
 8.09590e+22	9.67e-01	3.29e-02	2.84e-07
 8.09948e+22	9.67e-01	3.25e-02	2.83e-07
 8.10334e+22	9.68e-01	3.21e-02	2.82e-07
 8.10686e+22	9.68e-01	3.16e-02	2.81e-07
 8.11007e+22	9.69e-01	3.14e-02	2.81e-07
 8.11357e+22	9.69e-01	3.10e-02	2.79e-07
 8.11736e+22	9.69e-01	3.06e-02	2.78e-07
 8.12081e+22	9.70e-01	3.03e-02	2.77e-07
 8.12459e+22	9.70e-01	2.99e-02	2.75e-07
 8.12866e+22	9.71e-01	2.95e-02	2.74e-07
 8.13238e+22	9.71e-01	2.91e-02	2.73e-07
 8.13575e+22	9.71e-01	2.89e-02	2.72e-07
 8.13945e+22	9.72e-01	2.85e-02	2.70e-07
 8.14345e+22	9.72e-01	2.81e-02	2.70e-07
 8.14708e+22	9.72e-01	2.78e-02	2.68e-07
 8.15039e+22	9.72e-01	2.76e-02	2.68e-07
 8.15402e+22	9.73e-01	2.73e-02	2.66e-07
 8.15793e+22	9.73e-01	2.69e-02	2.66e-07
 8.16149e+22	9.73e-01	2.67e-02	2.65e-07
 8.16540e+22	9.74e-01	2.63e-02	2.63e-07
 8.16961e+22	9.74e-01	2.59e-02	2.63e-07
 8.17344e+22	9.74e-01	2.56e-02	2.62e-07
 8.17693e+22	9.75e-01	2.54e-02	2.61e-07
 8.18075e+22	9.75e-01	2.51e-02	2.60e-07
 8.18488e+22	9.75e-01	2.48e-02	2.59e-07
 8.18864e+22	9.75e-01	2.46e-02	2.59e-07
 8.19275e+22	9.76e-01	2.42e-02	2.58e-07
 8.19720e+22	9.76e-01	2.39e-02	2.58e-07
 8.20124e+22	9.76e-01	2.37e-02	2.58e-07
 8.20567e+22	9.77e-01	2.33e-02	2.57e-07
 8.21045e+22	9.77e-01	2.30e-02	2.57e-07
 8.21481e+22	9.77e-01	2.27e-02	2.57e-07
 8.21958e+22	9.78e-01	2.24e-02	2.56e-07
 8.22473e+22	9.78e-01	2.20e-02	2.56e-07
 8.22941e+22	9.78e-01	2.18e-02	2.56e-07
 8.23455e+22	9.79e-01	2.15e-02	2.55e-07
 8.24009e+22	9.79e-01	2.11e-02	2.55e-07
 8.24514e+22	9.79e-01	2.08e-02	2.54e-07
 8.24973e+22	9.79e-01	2.06e-02	2.54e-07
 8.25476e+22	9.80e-01	2.04e-02	2.53e-07
 8.26019e+22	9.80e-01	2.00e-02	2.53e-07
 8.26513e+22	9.80e-01	1.98e-02	2.53e-07
 8.27054e+22	9.80e-01	1.95e-02	2.52e-07
 8.27639e+22	9.81e-01	1.92e-02	2.52e-07
 8.28171e+22	9.81e-01	1.89e-02	2.52e-07
 8.28754e+22	9.81e-01	1.87e-02	2.51e-07
 8.29383e+22	9.82e-01	1.83e-02	2.51e-07
 8.29956e+22	9.82e-01	1.81e-02	2.51e-07
 8.30477e+22	9.82e-01	1.79e-02	2.50e-07
 8.31048e+22	9.82e-01	1.76e-02	2.49e-07
 8.31665e+22	9.83e-01	1.73e-02	2.49e-07
 8.32226e+22	9.83e-01	1.71e-02	2.49e-07
 8.32841e+22	9.83e-01	1.69e-02	2.49e-07
 8.33505e+22	9.83e-01	1.65e-02	2.49e-07
 8.34109e+22	9.84e-01	1.63e-02	2.49e-07
 8.34770e+22	9.84e-01	1.61e-02	2.48e-07
 8.35485e+22	9.84e-01	1.58e-02	2.49e-07
 8.36135e+22	9.84e-01	1.55e-02	2.48e-07
 8.36727e+22	9.85e-01	1.54e-02	2.48e-07
 8.37375e+22	9.85e-01	1.51e-02	2.47e-07
 8.38075e+22	9.85e-01	1.48e-02	2.47e-07
 8.38712e+22	9.85e-01	1.46e-02	2.47e-07
 8.39410e+22	9.86e-01	1.44e-02	2.47e-07
 8.40164e+22	9.86e-01	1.41e-02	2.47e-07
 8.40850e+22	9.86e-01	1.39e-02	2.47e-07
 8.41601e+22	9.86e-01	1.37e-02	2.46e-07
 8.42412e+22	9.87e-01	1.34e-02	2.47e-07
 8.43150e+22	9.87e-01	1.32e-02	2.47e-07
 8.43959e+22	9.87e-01	1.30e-02	2.46e-07
 8.44833e+22	9.87e-01	1.27e-02	2.47e-07
 8.45627e+22	9.87e-01	1.25e-02	2.47e-07
 8.46498e+22	9.88e-01	1.23e-02	2.47e-07
 8.47438e+22	9.88e-01	1.20e-02	2.47e-07
 8.48294e+22	9.88e-01	1.18e-02	2.47e-07
 8.49073e+22	9.88e-01	1.17e-02	2.47e-07
 8.49926e+22	9.89e-01	1.14e-02	2.46e-07
 8.51030e+22	9.89e-01	1.11e-02	2.47e-07
 8.52270e+22	9.89e-01	1.08e-02	2.48e-07
 8.53501e+22	9.89e-01	1.06e-02	2.48e-07
 8.54739e+22	9.90e-01	1.03e-02	2.48e-07
 8.56006e+22	9.90e-01	1.00e-02	2.48e-07
 8.57295e+22	9.90e-01	9.75e-03	2.48e-07
 8.58600e+22	9.91e-01	9.49e-03	2.48e-07
 8.59919e+22	9.91e-01	9.24e-03	2.48e-07
 8.61255e+22	9.91e-01	8.99e-03	2.48e-07
 8.62608e+22	9.91e-01	8.75e-03	2.48e-07
 8.63976e+22	9.91e-01	8.51e-03	2.48e-07
 8.65360e+22	9.92e-01	8.27e-03	2.48e-07
 8.66758e+22	9.92e-01	8.04e-03	2.48e-07
 8.68172e+22	9.92e-01	7.82e-03	2.48e-07
 8.69601e+22	9.92e-01	7.60e-03	2.49e-07
 8.71042e+22	9.93e-01	7.38e-03	2.49e-07
 8.72496e+22	9.93e-01	7.17e-03	2.49e-07
 8.73961e+22	9.93e-01	6.96e-03	2.49e-07
 8.75442e+22	9.93e-01	6.76e-03	2.50e-07
 8.76938e+22	9.93e-01	6.57e-03	2.50e-07
 8.78446e+22	9.94e-01	6.37e-03	2.50e-07
 8.79967e+22	9.94e-01	6.18e-03	2.51e-07
 8.81502e+22	9.94e-01	6.00e-03	2.51e-07
 8.83049e+22	9.94e-01	5.82e-03	2.51e-07
 8.84628e+22	9.94e-01	5.65e-03	2.52e-07
 8.86243e+22	9.95e-01	5.47e-03	2.53e-07
 8.87882e+22	9.95e-01	5.30e-03	2.53e-07
 8.89539e+22	9.95e-01	5.14e-03	2.54e-07
 8.91214e+22	9.95e-01	4.97e-03	2.55e-07
 8.92907e+22	9.95e-01	4.81e-03	2.55e-07
 8.94620e+22	9.95e-01	4.66e-03	2.56e-07
 8.96354e+22	9.95e-01	4.51e-03	2.57e-07
 8.98117e+22	9.96e-01	4.36e-03	2.58e-07
 8.99909e+22	9.96e-01	4.22e-03	2.60e-07
 9.01745e+22	9.96e-01	4.07e-03	2.61e-07
 9.03629e+22	9.96e-01	3.93e-03	2.62e-07
 9.05546e+22	9.96e-01	3.80e-03	2.64e-07
 9.07495e+22	9.96e-01	3.66e-03	2.66e-07
 9.09478e+22	9.96e-01	3.53e-03	2.68e-07
 9.11497e+22	9.97e-01	3.40e-03	2.70e-07
 9.13553e+22	9.97e-01	3.28e-03	2.72e-07
 9.15649e+22	9.97e-01	3.16e-03	2.74e-07
 9.17798e+22	9.97e-01	3.04e-03	2.77e-07
 9.20001e+22	9.97e-01	2.92e-03	2.80e-07
 9.22248e+22	9.97e-01	2.80e-03	2.83e-07
 9.24543e+22	9.97e-01	2.69e-03	2.87e-07
