#depth	He	He+	He+2
 1.54284e+22	5.79e-08	2.61e-03	9.97e-01
 3.41220e+22	1.61e-07	4.37e-03	9.96e-01
 3.89383e+22	2.57e-07	5.49e-03	9.95e-01
 4.12648e+22	3.22e-07	6.13e-03	9.94e-01
 4.23153e+22	3.49e-07	6.37e-03	9.94e-01
 4.29477e+22	3.87e-07	6.70e-03	9.93e-01
 4.36406e+22	4.26e-07	7.03e-03	9.93e-01
 4.44124e+22	4.80e-07	7.45e-03	9.93e-01
 4.51949e+22	5.31e-07	7.83e-03	9.92e-01
 4.58815e+22	5.83e-07	8.20e-03	9.92e-01
 4.66643e+22	6.61e-07	8.72e-03	9.91e-01
 4.74572e+22	7.28e-07	9.14e-03	9.91e-01
 4.82633e+22	8.25e-07	9.72e-03	9.90e-01
 4.90565e+22	9.03e-07	1.02e-02	9.90e-01
 4.98327e+22	1.02e-06	1.08e-02	9.89e-01
 5.06342e+22	1.12e-06	1.13e-02	9.89e-01
 5.13137e+22	1.22e-06	1.18e-02	9.88e-01
 5.20421e+22	1.36e-06	1.24e-02	9.88e-01
 5.27818e+22	1.49e-06	1.30e-02	9.87e-01
 5.34345e+22	1.62e-06	1.36e-02	9.86e-01
 5.41812e+22	1.81e-06	1.43e-02	9.86e-01
 5.49586e+22	2.00e-06	1.50e-02	9.85e-01
 5.56552e+22	2.18e-06	1.57e-02	9.84e-01
 5.64401e+22	2.44e-06	1.65e-02	9.83e-01
 5.72575e+22	2.70e-06	1.74e-02	9.83e-01
 5.79921e+22	2.97e-06	1.82e-02	9.82e-01
 5.88220e+22	3.33e-06	1.93e-02	9.81e-01
 5.96798e+22	3.71e-06	2.03e-02	9.80e-01
 6.04450e+22	4.08e-06	2.13e-02	9.79e-01
 6.13110e+22	4.60e-06	2.26e-02	9.77e-01
 6.22107e+22	5.13e-06	2.39e-02	9.76e-01
 6.30202e+22	5.68e-06	2.51e-02	9.75e-01
 6.39384e+22	6.47e-06	2.67e-02	9.73e-01
 6.48830e+22	7.23e-06	2.82e-02	9.72e-01
 6.57325e+22	8.05e-06	2.97e-02	9.70e-01
 6.67076e+22	9.24e-06	3.18e-02	9.68e-01
 6.76911e+22	1.03e-05	3.36e-02	9.66e-01
 6.86856e+22	1.19e-05	3.60e-02	9.64e-01
 6.96961e+22	1.33e-05	3.81e-02	9.62e-01
 7.07271e+22	1.54e-05	4.09e-02	9.59e-01
 7.17678e+22	1.73e-05	4.32e-02	9.57e-01
 7.28212e+22	2.01e-05	4.65e-02	9.54e-01
 7.38852e+22	2.25e-05	4.92e-02	9.51e-01
 7.49630e+22	2.62e-05	5.29e-02	9.47e-01
 7.60554e+22	2.95e-05	5.61e-02	9.44e-01
 7.71667e+22	3.45e-05	6.04e-02	9.40e-01
 7.82597e+22	3.86e-05	6.38e-02	9.36e-01
 7.91750e+22	4.31e-05	6.73e-02	9.33e-01
 8.00600e+22	4.79e-05	7.08e-02	9.29e-01
 8.10593e+22	5.48e-05	7.55e-02	9.24e-01
 8.20530e+22	6.08e-05	7.94e-02	9.21e-01
 8.30393e+22	6.97e-05	8.47e-02	9.15e-01
 8.40414e+22	7.74e-05	8.91e-02	9.11e-01
 8.50640e+22	8.86e-05	9.50e-02	9.05e-01
 8.61011e+22	9.90e-05	1.00e-01	9.00e-01
 8.70185e+22	1.10e-04	1.05e-01	8.95e-01
 8.80725e+22	1.26e-04	1.12e-01	8.88e-01
 8.90925e+22	1.40e-04	1.18e-01	8.82e-01
 8.99047e+22	1.53e-04	1.23e-01	8.77e-01
 9.07970e+22	1.71e-04	1.29e-01	8.70e-01
 9.17053e+22	1.88e-04	1.35e-01	8.65e-01
 9.25089e+22	2.06e-04	1.41e-01	8.59e-01
 9.34280e+22	2.30e-04	1.48e-01	8.51e-01
 9.43584e+22	2.53e-04	1.55e-01	8.45e-01
 9.51749e+22	2.77e-04	1.61e-01	8.38e-01
 9.61078e+22	3.10e-04	1.70e-01	8.30e-01
 9.70565e+22	3.40e-04	1.77e-01	8.22e-01
 9.78969e+22	3.72e-04	1.85e-01	8.15e-01
 9.88606e+22	4.17e-04	1.94e-01	8.05e-01
 9.98393e+22	4.58e-04	2.03e-01	7.97e-01
 1.00837e+23	5.14e-04	2.13e-01	7.86e-01
 1.01846e+23	5.66e-04	2.23e-01	7.77e-01
 1.02729e+23	6.20e-04	2.32e-01	7.68e-01
 1.03741e+23	6.96e-04	2.44e-01	7.56e-01
 1.04772e+23	7.65e-04	2.54e-01	7.46e-01
 1.05829e+23	8.60e-04	2.67e-01	7.33e-01
 1.06907e+23	9.51e-04	2.78e-01	7.21e-01
 1.07862e+23	1.04e-03	2.89e-01	7.10e-01
 1.08953e+23	1.17e-03	3.03e-01	6.95e-01
 1.10075e+23	1.30e-03	3.16e-01	6.83e-01
 1.10936e+23	1.39e-03	3.25e-01	6.74e-01
 1.11754e+23	1.51e-03	3.37e-01	6.62e-01
 1.12590e+23	1.63e-03	3.46e-01	6.52e-01
 1.13056e+23	1.65e-03	3.48e-01	6.50e-01
 1.13182e+23	1.66e-03	3.49e-01	6.49e-01
 1.13256e+23	1.68e-03	3.51e-01	6.48e-01
 1.13353e+23	1.69e-03	3.52e-01	6.47e-01
 1.13479e+23	1.71e-03	3.53e-01	6.45e-01
 1.13642e+23	1.74e-03	3.55e-01	6.43e-01
 1.13855e+23	1.78e-03	3.59e-01	6.40e-01
 1.14131e+23	1.83e-03	3.63e-01	6.36e-01
 1.14490e+23	1.90e-03	3.68e-01	6.30e-01
 1.14957e+23	1.99e-03	3.75e-01	6.23e-01
 1.15564e+23	2.12e-03	3.84e-01	6.13e-01
 1.16352e+23	2.31e-03	3.97e-01	6.00e-01
 1.17185e+23	2.47e-03	4.08e-01	5.90e-01
 1.18075e+23	2.69e-03	4.21e-01	5.76e-01
 1.19003e+23	2.91e-03	4.33e-01	5.64e-01
 1.19978e+23	3.20e-03	4.49e-01	5.48e-01
 1.20956e+23	3.45e-03	4.61e-01	5.35e-01
 1.21937e+23	3.79e-03	4.77e-01	5.19e-01
 1.22942e+23	4.09e-03	4.91e-01	5.05e-01
 1.23979e+23	4.51e-03	5.08e-01	4.88e-01
 1.25040e+23	4.89e-03	5.22e-01	4.73e-01
 1.26133e+23	5.41e-03	5.40e-01	4.54e-01
 1.27228e+23	5.85e-03	5.55e-01	4.39e-01
 1.28325e+23	6.45e-03	5.73e-01	4.20e-01
 1.29445e+23	7.00e-03	5.88e-01	4.05e-01
 1.30597e+23	7.73e-03	6.07e-01	3.85e-01
 1.31767e+23	8.43e-03	6.24e-01	3.68e-01
 1.32964e+23	9.36e-03	6.44e-01	3.47e-01
 1.34165e+23	1.02e-02	6.60e-01	3.29e-01
 1.35146e+23	1.09e-02	6.74e-01	3.15e-01
 1.36196e+23	1.20e-02	6.92e-01	2.96e-01
 1.37334e+23	1.31e-02	7.08e-01	2.79e-01
 1.38586e+23	1.47e-02	7.28e-01	2.57e-01
 1.39836e+23	1.60e-02	7.44e-01	2.40e-01
 1.41082e+23	1.79e-02	7.63e-01	2.19e-01
 1.42356e+23	1.97e-02	7.79e-01	2.01e-01
 1.43666e+23	2.23e-02	7.97e-01	1.80e-01
 1.44985e+23	2.46e-02	8.12e-01	1.63e-01
 1.46316e+23	2.79e-02	8.28e-01	1.44e-01
 1.47673e+23	3.11e-02	8.40e-01	1.28e-01
 1.48703e+23	3.37e-02	8.49e-01	1.17e-01
 1.49550e+23	3.63e-02	8.56e-01	1.08e-01
 1.50524e+23	4.00e-02	8.63e-01	9.72e-02
 1.51556e+23	4.40e-02	8.69e-01	8.73e-02
 1.52511e+23	4.84e-02	8.73e-01	7.85e-02
 1.53601e+23	5.49e-02	8.76e-01	6.87e-02
 1.54700e+23	6.14e-02	8.78e-01	6.10e-02
 1.55575e+23	6.77e-02	8.77e-01	5.54e-02
 1.56336e+23	7.44e-02	8.75e-01	5.08e-02
 1.57053e+23	8.17e-02	8.71e-01	4.68e-02
 1.57729e+23	8.99e-02	8.67e-01	4.35e-02
 1.58346e+23	9.85e-02	8.61e-01	4.07e-02
 1.58893e+23	1.08e-01	8.54e-01	3.85e-02
 1.59378e+23	1.17e-01	8.46e-01	3.68e-02
 1.59820e+23	1.27e-01	8.38e-01	3.54e-02
 1.60226e+23	1.37e-01	8.29e-01	3.43e-02
 1.60599e+23	1.48e-01	8.19e-01	3.34e-02
 1.60942e+23	1.59e-01	8.09e-01	3.27e-02
 1.61256e+23	1.70e-01	7.98e-01	3.22e-02
 1.61469e+23	1.77e-01	7.91e-01	3.22e-02
 1.61573e+23	1.81e-01	7.87e-01	3.22e-02
 1.61667e+23	1.85e-01	7.83e-01	3.21e-02
 1.61786e+23	1.91e-01	7.77e-01	3.19e-02
 1.61924e+23	1.97e-01	7.71e-01	3.18e-02
 1.62060e+23	2.03e-01	7.65e-01	3.18e-02
 1.62199e+23	2.10e-01	7.58e-01	3.17e-02
 1.62343e+23	2.17e-01	7.51e-01	3.18e-02
 1.62493e+23	2.25e-01	7.43e-01	3.18e-02
 1.62652e+23	2.34e-01	7.34e-01	3.18e-02
 1.62812e+23	2.43e-01	7.25e-01	3.18e-02
 1.62965e+23	2.52e-01	7.16e-01	3.20e-02
 1.63084e+23	2.58e-01	7.10e-01	3.21e-02
 1.63165e+23	2.63e-01	7.05e-01	3.21e-02
 1.63243e+23	2.68e-01	7.00e-01	3.21e-02
 1.63336e+23	2.75e-01	6.93e-01	3.21e-02
 1.63440e+23	2.82e-01	6.86e-01	3.21e-02
 1.63542e+23	2.89e-01	6.79e-01	3.21e-02
 1.63641e+23	2.96e-01	6.72e-01	3.20e-02
 1.63742e+23	3.03e-01	6.65e-01	3.20e-02
 1.63848e+23	3.11e-01	6.57e-01	3.19e-02
 1.63956e+23	3.19e-01	6.49e-01	3.18e-02
 1.64065e+23	3.27e-01	6.41e-01	3.16e-02
 1.64177e+23	3.36e-01	6.32e-01	3.15e-02
 1.64292e+23	3.46e-01	6.23e-01	3.13e-02
 1.64410e+23	3.55e-01	6.14e-01	3.11e-02
 1.64532e+23	3.65e-01	6.04e-01	3.09e-02
 1.64656e+23	3.76e-01	5.94e-01	3.06e-02
 1.64785e+23	3.87e-01	5.83e-01	3.02e-02
 1.64916e+23	3.98e-01	5.72e-01	2.99e-02
 1.65051e+23	4.10e-01	5.60e-01	2.95e-02
 1.65192e+23	4.23e-01	5.48e-01	2.90e-02
 1.65337e+23	4.36e-01	5.36e-01	2.86e-02
 1.65485e+23	4.49e-01	5.23e-01	2.80e-02
 1.65638e+23	4.63e-01	5.10e-01	2.75e-02
 1.65797e+23	4.77e-01	4.96e-01	2.69e-02
 1.65961e+23	4.92e-01	4.82e-01	2.62e-02
 1.66131e+23	5.07e-01	4.68e-01	2.55e-02
 1.66306e+23	5.22e-01	4.53e-01	2.48e-02
 1.66486e+23	5.37e-01	4.39e-01	2.40e-02
 1.66671e+23	5.53e-01	4.24e-01	2.32e-02
 1.66858e+23	5.68e-01	4.09e-01	2.24e-02
 1.67051e+23	5.84e-01	3.95e-01	2.15e-02
 1.67251e+23	5.99e-01	3.80e-01	2.06e-02
 1.67456e+23	6.15e-01	3.66e-01	1.97e-02
 1.67663e+23	6.30e-01	3.52e-01	1.89e-02
 1.67876e+23	6.44e-01	3.38e-01	1.80e-02
 1.68099e+23	6.59e-01	3.24e-01	1.71e-02
 1.68329e+23	6.73e-01	3.11e-01	1.62e-02
 1.68565e+23	6.87e-01	2.98e-01	1.53e-02
 1.68812e+23	7.00e-01	2.85e-01	1.44e-02
 1.69069e+23	7.13e-01	2.73e-01	1.36e-02
 1.69335e+23	7.26e-01	2.61e-01	1.27e-02
 1.69611e+23	7.38e-01	2.50e-01	1.19e-02
 1.69886e+23	7.49e-01	2.40e-01	1.11e-02
 1.70151e+23	7.59e-01	2.30e-01	1.04e-02
 1.70408e+23	7.69e-01	2.22e-01	9.75e-03
 1.70656e+23	7.77e-01	2.14e-01	9.17e-03
 1.70894e+23	7.84e-01	2.07e-01	8.64e-03
 1.71121e+23	7.91e-01	2.01e-01	8.16e-03
 1.71332e+23	7.97e-01	1.95e-01	7.74e-03
 1.71537e+23	8.03e-01	1.90e-01	7.34e-03
 1.71743e+23	8.08e-01	1.85e-01	6.97e-03
 1.71942e+23	8.13e-01	1.80e-01	6.63e-03
 1.72135e+23	8.18e-01	1.76e-01	6.31e-03
 1.72320e+23	8.23e-01	1.71e-01	6.02e-03
 1.72500e+23	8.27e-01	1.68e-01	5.75e-03
 1.72673e+23	8.31e-01	1.64e-01	5.49e-03
 1.72842e+23	8.34e-01	1.60e-01	5.25e-03
 1.73004e+23	8.38e-01	1.57e-01	5.03e-03
 1.73161e+23	8.41e-01	1.54e-01	4.82e-03
 1.73312e+23	8.45e-01	1.51e-01	4.63e-03
 1.73456e+23	8.48e-01	1.48e-01	4.45e-03
 1.73597e+23	8.51e-01	1.45e-01	4.27e-03
 1.73734e+23	8.54e-01	1.42e-01	4.11e-03
 1.73859e+23	8.56e-01	1.40e-01	3.97e-03
 1.73973e+23	8.58e-01	1.38e-01	3.84e-03
 1.74077e+23	8.61e-01	1.36e-01	3.72e-03
 1.74172e+23	8.63e-01	1.34e-01	3.61e-03
 1.74257e+23	8.64e-01	1.32e-01	3.51e-03
 1.74336e+23	8.66e-01	1.31e-01	3.43e-03
 1.74407e+23	8.68e-01	1.29e-01	3.35e-03
 1.74485e+23	8.69e-01	1.27e-01	3.26e-03
 1.74569e+23	8.71e-01	1.26e-01	3.18e-03
 1.74646e+23	8.72e-01	1.25e-01	3.11e-03
 1.74715e+23	8.74e-01	1.23e-01	3.04e-03
 1.74779e+23	8.75e-01	1.22e-01	2.99e-03
 1.74848e+23	8.76e-01	1.21e-01	2.91e-03
 1.74939e+23	8.78e-01	1.19e-01	2.83e-03
 1.75036e+23	8.80e-01	1.17e-01	2.75e-03
 1.75125e+23	8.81e-01	1.16e-01	2.68e-03
 1.75206e+23	8.83e-01	1.15e-01	2.62e-03
 1.75294e+23	8.84e-01	1.13e-01	2.54e-03
 1.75390e+23	8.86e-01	1.12e-01	2.48e-03
 1.75477e+23	8.87e-01	1.10e-01	2.41e-03
 1.75556e+23	8.88e-01	1.09e-01	2.37e-03
 1.75643e+23	8.90e-01	1.08e-01	2.30e-03
 1.75736e+23	8.91e-01	1.06e-01	2.24e-03
 1.75822e+23	8.93e-01	1.05e-01	2.19e-03
 1.75915e+23	8.94e-01	1.04e-01	2.13e-03
 1.76016e+23	8.96e-01	1.02e-01	2.07e-03
 1.76108e+23	8.97e-01	1.01e-01	2.02e-03
 1.76191e+23	8.98e-01	1.00e-01	1.98e-03
 1.76267e+23	8.99e-01	9.89e-02	1.93e-03
 1.76336e+23	9.00e-01	9.81e-02	1.90e-03
 1.76412e+23	9.01e-01	9.67e-02	1.84e-03
 1.76510e+23	9.03e-01	9.52e-02	1.79e-03
 1.76617e+23	9.04e-01	9.40e-02	1.74e-03
 1.76713e+23	9.06e-01	9.27e-02	1.69e-03
 1.76801e+23	9.07e-01	9.16e-02	1.65e-03
 1.76881e+23	9.08e-01	9.05e-02	1.61e-03
 1.76954e+23	9.09e-01	8.95e-02	1.57e-03
 1.77034e+23	9.10e-01	8.82e-02	1.53e-03
 1.77120e+23	9.11e-01	8.71e-02	1.49e-03
 1.77199e+23	9.12e-01	8.62e-02	1.46e-03
 1.77285e+23	9.14e-01	8.50e-02	1.42e-03
 1.77378e+23	9.15e-01	8.39e-02	1.38e-03
 1.77462e+23	9.16e-01	8.30e-02	1.35e-03
 1.77539e+23	9.17e-01	8.20e-02	1.32e-03
 1.77609e+23	9.17e-01	8.13e-02	1.29e-03
 1.77686e+23	9.19e-01	8.01e-02	1.26e-03
 1.77785e+23	9.20e-01	7.90e-02	1.22e-03
 1.77893e+23	9.21e-01	7.80e-02	1.19e-03
 1.77991e+23	9.22e-01	7.70e-02	1.16e-03
 1.78080e+23	9.23e-01	7.60e-02	1.13e-03
 1.78161e+23	9.24e-01	7.53e-02	1.11e-03
 1.78250e+23	9.25e-01	7.42e-02	1.07e-03
 1.78346e+23	9.26e-01	7.34e-02	1.05e-03
 1.78433e+23	9.27e-01	7.25e-02	1.02e-03
 1.78513e+23	9.27e-01	7.18e-02	1.01e-03
 1.78600e+23	9.28e-01	7.09e-02	9.79e-04
 1.78694e+23	9.29e-01	7.01e-02	9.58e-04
 1.78797e+23	9.30e-01	6.90e-02	9.29e-04
 1.78908e+23	9.31e-01	6.82e-02	9.06e-04
 1.79009e+23	9.32e-01	6.72e-02	8.81e-04
 1.79101e+23	9.33e-01	6.66e-02	8.64e-04
 1.79202e+23	9.34e-01	6.55e-02	8.37e-04
 1.79311e+23	9.34e-01	6.47e-02	8.16e-04
 1.79410e+23	9.35e-01	6.40e-02	7.97e-04
 1.79518e+23	9.36e-01	6.29e-02	7.71e-04
 1.79636e+23	9.37e-01	6.21e-02	7.51e-04
 1.79742e+23	9.38e-01	6.12e-02	7.30e-04
 1.79839e+23	9.39e-01	6.06e-02	7.15e-04
 1.79946e+23	9.40e-01	5.96e-02	6.92e-04
 1.80061e+23	9.40e-01	5.89e-02	6.75e-04
 1.80165e+23	9.41e-01	5.82e-02	6.59e-04
 1.80280e+23	9.42e-01	5.72e-02	6.37e-04
 1.80403e+23	9.43e-01	5.65e-02	6.20e-04
 1.80516e+23	9.44e-01	5.58e-02	6.05e-04
 1.80639e+23	9.45e-01	5.48e-02	5.83e-04
 1.80772e+23	9.45e-01	5.40e-02	5.67e-04
 1.80893e+23	9.46e-01	5.32e-02	5.50e-04
 1.81003e+23	9.47e-01	5.26e-02	5.37e-04
 1.81124e+23	9.48e-01	5.16e-02	5.19e-04
 1.81255e+23	9.49e-01	5.09e-02	5.05e-04
 1.81373e+23	9.49e-01	5.03e-02	4.92e-04
 1.81503e+23	9.50e-01	4.94e-02	4.74e-04
 1.81644e+23	9.51e-01	4.87e-02	4.62e-04
 1.81771e+23	9.52e-01	4.80e-02	4.48e-04
 1.81911e+23	9.52e-01	4.71e-02	4.32e-04
 1.82062e+23	9.53e-01	4.64e-02	4.19e-04
 1.82200e+23	9.54e-01	4.57e-02	4.07e-04
 1.82351e+23	9.55e-01	4.48e-02	3.91e-04
 1.82513e+23	9.55e-01	4.41e-02	3.79e-04
 1.82661e+23	9.56e-01	4.34e-02	3.66e-04
 1.82796e+23	9.57e-01	4.28e-02	3.56e-04
 1.82944e+23	9.58e-01	4.19e-02	3.42e-04
 1.83103e+23	9.58e-01	4.13e-02	3.31e-04
 1.83248e+23	9.59e-01	4.07e-02	3.22e-04
 1.83407e+23	9.60e-01	3.99e-02	3.09e-04
 1.83578e+23	9.61e-01	3.92e-02	2.99e-04
 1.83735e+23	9.61e-01	3.86e-02	2.90e-04
 1.83906e+23	9.62e-01	3.78e-02	2.78e-04
 1.84090e+23	9.63e-01	3.71e-02	2.68e-04
 1.84258e+23	9.63e-01	3.65e-02	2.59e-04
 1.84442e+23	9.64e-01	3.57e-02	2.48e-04
 1.84641e+23	9.65e-01	3.51e-02	2.39e-04
 1.84822e+23	9.65e-01	3.44e-02	2.30e-04
 1.84987e+23	9.66e-01	3.38e-02	2.23e-04
 1.85167e+23	9.67e-01	3.31e-02	2.13e-04
 1.85362e+23	9.67e-01	3.25e-02	2.06e-04
 1.85539e+23	9.68e-01	3.20e-02	1.99e-04
 1.85733e+23	9.69e-01	3.12e-02	1.90e-04
 1.85943e+23	9.69e-01	3.06e-02	1.83e-04
 1.86134e+23	9.70e-01	3.01e-02	1.76e-04
 1.86343e+23	9.70e-01	2.94e-02	1.68e-04
 1.86569e+23	9.71e-01	2.87e-02	1.61e-04
 1.86774e+23	9.72e-01	2.82e-02	1.55e-04
 1.86999e+23	9.72e-01	2.75e-02	1.48e-04
 1.87242e+23	9.73e-01	2.69e-02	1.42e-04
 1.87463e+23	9.73e-01	2.64e-02	1.36e-04
 1.87665e+23	9.74e-01	2.59e-02	1.31e-04
 1.87885e+23	9.75e-01	2.53e-02	1.25e-04
 1.88123e+23	9.75e-01	2.47e-02	1.20e-04
 1.88340e+23	9.76e-01	2.43e-02	1.15e-04
 1.88577e+23	9.76e-01	2.37e-02	1.09e-04
 1.88833e+23	9.77e-01	2.31e-02	1.05e-04
 1.89067e+23	9.77e-01	2.26e-02	1.00e-04
 1.89279e+23	9.78e-01	2.22e-02	9.64e-05
 1.89511e+23	9.78e-01	2.17e-02	9.19e-05
 1.89762e+23	9.79e-01	2.12e-02	8.79e-05
 1.90037e+23	9.79e-01	2.06e-02	8.30e-05
 1.90377e+23	9.80e-01	2.00e-02	7.79e-05
 1.90742e+23	9.81e-01	1.93e-02	7.29e-05
 1.91105e+23	9.81e-01	1.87e-02	6.82e-05
 1.91471e+23	9.82e-01	1.81e-02	6.38e-05
 1.91843e+23	9.82e-01	1.74e-02	5.96e-05
 1.92218e+23	9.83e-01	1.69e-02	5.57e-05
 1.92597e+23	9.84e-01	1.63e-02	5.20e-05
 1.92980e+23	9.84e-01	1.57e-02	4.85e-05
 1.93368e+23	9.85e-01	1.52e-02	4.52e-05
 1.93760e+23	9.85e-01	1.47e-02	4.22e-05
 1.94155e+23	9.86e-01	1.42e-02	3.93e-05
 1.94554e+23	9.86e-01	1.37e-02	3.66e-05
 1.94956e+23	9.87e-01	1.32e-02	3.41e-05
 1.95362e+23	9.87e-01	1.27e-02	3.17e-05
 1.95770e+23	9.88e-01	1.23e-02	2.95e-05
 1.96181e+23	9.88e-01	1.18e-02	2.75e-05
 1.96595e+23	9.89e-01	1.14e-02	2.56e-05
 1.97013e+23	9.89e-01	1.10e-02	2.38e-05
 1.97434e+23	9.89e-01	1.06e-02	2.21e-05
 1.97857e+23	9.90e-01	1.02e-02	2.05e-05
 1.98284e+23	9.90e-01	9.84e-03	1.91e-05
 1.98714e+23	9.90e-01	9.48e-03	1.77e-05
 1.99147e+23	9.91e-01	9.14e-03	1.64e-05
 1.99588e+23	9.91e-01	8.80e-03	1.52e-05
 2.00038e+23	9.92e-01	8.46e-03	1.41e-05
 2.00494e+23	9.92e-01	8.14e-03	1.30e-05
 2.00956e+23	9.92e-01	7.83e-03	1.21e-05
 2.01422e+23	9.92e-01	7.53e-03	1.12e-05
 2.01893e+23	9.93e-01	7.23e-03	1.03e-05
 2.02369e+23	9.93e-01	6.95e-03	9.52e-06
 2.02850e+23	9.93e-01	6.68e-03	8.78e-06
 2.03339e+23	9.94e-01	6.41e-03	8.10e-06
 2.03837e+23	9.94e-01	6.15e-03	7.46e-06
 2.04345e+23	9.94e-01	5.90e-03	6.86e-06
 2.04867e+23	9.94e-01	5.65e-03	6.30e-06
 2.05399e+23	9.95e-01	5.41e-03	5.77e-06
 2.05939e+23	9.95e-01	5.18e-03	5.29e-06
 2.06489e+23	9.95e-01	4.95e-03	4.84e-06
 2.07049e+23	9.95e-01	4.74e-03	4.42e-06
 2.07620e+23	9.95e-01	4.52e-03	4.04e-06
 2.08202e+23	9.96e-01	4.32e-03	3.68e-06
 2.08798e+23	9.96e-01	4.12e-03	3.35e-06
 2.09410e+23	9.96e-01	3.93e-03	3.04e-06
 2.10035e+23	9.96e-01	3.74e-03	2.76e-06
 2.10675e+23	9.96e-01	3.56e-03	2.49e-06
 2.11329e+23	9.97e-01	3.38e-03	2.25e-06
 2.12000e+23	9.97e-01	3.21e-03	2.03e-06
 2.12686e+23	9.97e-01	3.04e-03	1.83e-06
 2.13384e+23	9.97e-01	2.89e-03	1.65e-06
 2.14089e+23	9.97e-01	2.74e-03	1.48e-06
 2.14801e+23	9.97e-01	2.60e-03	1.33e-06
 2.15521e+23	9.98e-01	2.46e-03	1.19e-06
 2.16249e+23	9.98e-01	2.33e-03	1.07e-06
 2.16983e+23	9.98e-01	2.21e-03	9.59e-07
 2.17726e+23	9.98e-01	2.09e-03	8.59e-07
 2.18476e+23	9.98e-01	1.98e-03	7.69e-07
 2.19235e+23	9.98e-01	1.87e-03	6.88e-07
 2.20000e+23	9.98e-01	1.77e-03	6.16e-07
 2.20769e+23	9.98e-01	1.67e-03	5.51e-07
 2.21550e+23	9.98e-01	1.58e-03	4.92e-07
 2.22339e+23	9.99e-01	1.49e-03	4.39e-07
 2.23137e+23	9.99e-01	1.41e-03	3.91e-07
 2.23946e+23	9.99e-01	1.33e-03	3.48e-07
 2.24763e+23	9.99e-01	1.25e-03	3.09e-07
 2.25589e+23	9.99e-01	1.18e-03	2.75e-07
 2.26422e+23	9.99e-01	1.11e-03	2.44e-07
 2.27237e+23	9.99e-01	1.05e-03	2.17e-07
 2.28002e+23	9.99e-01	9.98e-04	1.96e-07
 2.28711e+23	9.99e-01	9.50e-04	1.77e-07
 2.29378e+23	9.99e-01	9.07e-04	1.62e-07
 2.30013e+23	9.99e-01	8.68e-04	1.48e-07
 2.30622e+23	9.99e-01	8.32e-04	1.36e-07
 2.31201e+23	9.99e-01	7.99e-04	1.25e-07
 2.31749e+23	9.99e-01	7.69e-04	1.16e-07
 2.32267e+23	9.99e-01	7.42e-04	1.08e-07
 2.32759e+23	9.99e-01	7.17e-04	1.01e-07
 2.33227e+23	9.99e-01	6.94e-04	9.45e-08
 2.33674e+23	9.99e-01	6.74e-04	8.90e-08
 2.34096e+23	9.99e-01	6.54e-04	8.41e-08
 2.34493e+23	9.99e-01	6.37e-04	7.95e-08
 2.34875e+23	9.99e-01	6.20e-04	7.54e-08
 2.35244e+23	9.99e-01	6.04e-04	7.16e-08
 2.35598e+23	9.99e-01	5.89e-04	6.82e-08
 2.35936e+23	9.99e-01	5.76e-04	6.50e-08
 2.36257e+23	9.99e-01	5.63e-04	6.22e-08
 2.36565e+23	9.99e-01	5.51e-04	5.96e-08
 2.36861e+23	9.99e-01	5.39e-04	5.70e-08
 2.37148e+23	9.99e-01	5.28e-04	5.48e-08
 2.37427e+23	9.99e-01	5.18e-04	5.27e-08
 2.37695e+23	9.99e-01	5.09e-04	5.07e-08
 2.37952e+23	1.00e+00	4.99e-04	4.89e-08
 2.38201e+23	1.00e+00	4.91e-04	4.72e-08
 2.38444e+23	1.00e+00	4.82e-04	4.56e-08
 2.38684e+23	1.00e+00	4.74e-04	4.41e-08
 2.38918e+23	1.00e+00	4.66e-04	4.27e-08
 2.39149e+23	1.00e+00	4.59e-04	4.13e-08
 2.39375e+23	1.00e+00	4.51e-04	4.00e-08
 2.39598e+23	1.00e+00	4.44e-04	3.87e-08
 2.39821e+23	1.00e+00	4.37e-04	3.75e-08
 2.40044e+23	1.00e+00	4.30e-04	3.63e-08
 2.40267e+23	1.00e+00	4.23e-04	3.52e-08
 2.40490e+23	1.00e+00	4.17e-04	3.40e-08
 2.40718e+23	1.00e+00	4.10e-04	3.29e-08
 2.40950e+23	1.00e+00	4.03e-04	3.19e-08
 2.41187e+23	1.00e+00	3.96e-04	3.07e-08
 2.41430e+23	1.00e+00	3.89e-04	2.96e-08
 2.41681e+23	1.00e+00	3.82e-04	2.86e-08
 2.41942e+23	1.00e+00	3.74e-04	2.75e-08
 2.42213e+23	1.00e+00	3.67e-04	2.64e-08
 2.42498e+23	1.00e+00	3.59e-04	2.53e-08
 2.42798e+23	1.00e+00	3.51e-04	2.42e-08
 2.43112e+23	1.00e+00	3.43e-04	2.31e-08
 2.43444e+23	1.00e+00	3.35e-04	2.20e-08
 2.43793e+23	1.00e+00	3.26e-04	2.08e-08
 2.44163e+23	1.00e+00	3.17e-04	1.97e-08
 2.44559e+23	1.00e+00	3.08e-04	1.86e-08
 2.44978e+23	1.00e+00	2.98e-04	1.74e-08
 2.45425e+23	1.00e+00	2.88e-04	1.63e-08
 2.45900e+23	1.00e+00	2.78e-04	1.51e-08
 2.46405e+23	1.00e+00	2.67e-04	1.40e-08
 2.46944e+23	1.00e+00	2.56e-04	1.29e-08
 2.47520e+23	1.00e+00	2.45e-04	1.18e-08
 2.48139e+23	1.00e+00	2.33e-04	1.07e-08
 2.48804e+23	1.00e+00	2.21e-04	9.62e-09
 2.49518e+23	1.00e+00	2.09e-04	8.61e-09
 2.50285e+23	1.00e+00	1.97e-04	7.62e-09
 2.51114e+23	1.00e+00	1.84e-04	6.67e-09
 2.52016e+23	1.00e+00	1.71e-04	5.76e-09
 2.52999e+23	1.00e+00	1.58e-04	4.90e-09
 2.54068e+23	1.00e+00	1.45e-04	4.11e-09
 2.55229e+23	1.00e+00	1.31e-04	3.39e-09
 2.56486e+23	1.00e+00	1.18e-04	2.74e-09
 2.57839e+23	1.00e+00	1.05e-04	2.18e-09
 2.59273e+23	1.00e+00	9.29e-05	1.70e-09
 2.60757e+23	1.00e+00	8.18e-05	1.32e-09
 2.62215e+23	1.00e+00	7.23e-05	1.03e-09
 2.63518e+23	1.00e+00	6.50e-05	8.35e-10
 2.64595e+23	1.00e+00	5.95e-05	7.02e-10
 2.65490e+23	1.00e+00	5.52e-05	6.05e-10
 2.66262e+23	1.00e+00	5.18e-05	5.32e-10
 2.66945e+23	1.00e+00	4.89e-05	4.74e-10
 2.67519e+23	1.00e+00	4.66e-05	4.32e-10
 2.67953e+23	1.00e+00	4.51e-05	4.04e-10
 2.68273e+23	1.00e+00	4.39e-05	3.83e-10
 2.68528e+23	1.00e+00	4.30e-05	3.67e-10
 2.68751e+23	1.00e+00	4.22e-05	3.54e-10
 2.68952e+23	1.00e+00	4.15e-05	3.42e-10
 2.69135e+23	1.00e+00	4.08e-05	3.32e-10
 2.69303e+23	1.00e+00	4.03e-05	3.23e-10
 2.69461e+23	1.00e+00	3.98e-05	3.16e-10
 2.69611e+23	1.00e+00	3.94e-05	3.09e-10
 2.69754e+23	1.00e+00	3.90e-05	3.03e-10
 2.69893e+23	1.00e+00	3.87e-05	2.98e-10
 2.70029e+23	1.00e+00	3.84e-05	2.94e-10
 2.70163e+23	1.00e+00	3.81e-05	2.90e-10
 2.70296e+23	1.00e+00	3.79e-05	2.87e-10
 2.70429e+23	1.00e+00	3.77e-05	2.84e-10
 2.70563e+23	1.00e+00	3.76e-05	2.82e-10
 2.70699e+23	1.00e+00	3.75e-05	2.81e-10
 2.70838e+23	1.00e+00	3.75e-05	2.80e-10
 2.70980e+23	1.00e+00	3.74e-05	2.80e-10
 2.71128e+23	1.00e+00	3.74e-05	2.80e-10
 2.71283e+23	1.00e+00	3.75e-05	2.81e-10
 2.71445e+23	1.00e+00	3.75e-05	2.82e-10
 2.71618e+23	1.00e+00	3.76e-05	2.83e-10
 2.71804e+23	1.00e+00	3.76e-05	2.83e-10
 2.72002e+23	1.00e+00	3.76e-05	2.83e-10
 2.72216e+23	1.00e+00	3.75e-05	2.81e-10
 2.72459e+23	1.00e+00	3.72e-05	2.78e-10
 2.72750e+23	1.00e+00	3.67e-05	2.71e-10
 2.73121e+23	1.00e+00	3.59e-05	2.59e-10
 2.73602e+23	1.00e+00	3.47e-05	2.42e-10
 2.74228e+23	1.00e+00	3.29e-05	2.18e-10
 2.74960e+23	1.00e+00	3.10e-05	1.94e-10
 2.75672e+23	1.00e+00	2.94e-05	1.74e-10
 2.76274e+23	1.00e+00	2.81e-05	1.59e-10
 2.76791e+23	1.00e+00	2.70e-05	1.47e-10
 2.77264e+23	1.00e+00	2.60e-05	1.36e-10
 2.77696e+23	1.00e+00	2.51e-05	1.27e-10
 2.78102e+23	1.00e+00	2.43e-05	1.19e-10
 2.78488e+23	1.00e+00	2.36e-05	1.12e-10
 2.78861e+23	1.00e+00	2.29e-05	1.06e-10
 2.79161e+23	1.00e+00	2.25e-05	1.02e-10
 2.79346e+23	1.00e+00	2.22e-05	9.95e-11
 2.79492e+23	1.00e+00	2.19e-05	9.73e-11
 2.79635e+23	1.00e+00	2.17e-05	9.52e-11
 2.79795e+23	1.00e+00	2.14e-05	9.25e-11
 2.79957e+23	1.00e+00	2.11e-05	9.04e-11
 2.80102e+23	1.00e+00	2.09e-05	8.82e-11
 2.80244e+23	1.00e+00	2.07e-05	8.63e-11
 2.80367e+23	1.00e+00	2.05e-05	8.48e-11
 2.80497e+23	1.00e+00	2.02e-05	8.29e-11
 2.80639e+23	1.00e+00	2.00e-05	8.11e-11
 2.80782e+23	1.00e+00	1.98e-05	7.92e-11
 2.80926e+23	1.00e+00	1.96e-05	7.74e-11
 2.81068e+23	1.00e+00	1.93e-05	7.57e-11
 2.81206e+23	1.00e+00	1.91e-05	7.41e-11
 2.81349e+23	1.00e+00	1.89e-05	7.22e-11
 2.81499e+23	1.00e+00	1.87e-05	7.06e-11
 2.81647e+23	1.00e+00	1.85e-05	6.89e-11
 2.81790e+23	1.00e+00	1.83e-05	6.74e-11
 2.81937e+23	1.00e+00	1.80e-05	6.57e-11
 2.82091e+23	1.00e+00	1.78e-05	6.42e-11
 2.82243e+23	1.00e+00	1.76e-05	6.26e-11
 2.82392e+23	1.00e+00	1.74e-05	6.12e-11
 2.82546e+23	1.00e+00	1.71e-05	5.96e-11
 2.82712e+23	1.00e+00	1.69e-05	5.80e-11
 2.82870e+23	1.00e+00	1.67e-05	5.66e-11
 2.83027e+23	1.00e+00	1.65e-05	5.52e-11
 2.83191e+23	1.00e+00	1.63e-05	5.37e-11
 2.83352e+23	1.00e+00	1.61e-05	5.24e-11
 2.83520e+23	1.00e+00	1.58e-05	5.09e-11
 2.83699e+23	1.00e+00	1.56e-05	4.95e-11
 2.83873e+23	1.00e+00	1.54e-05	4.81e-11
 2.84045e+23	1.00e+00	1.52e-05	4.68e-11
 2.84221e+23	1.00e+00	1.50e-05	4.55e-11
 2.84398e+23	1.00e+00	1.48e-05	4.42e-11
 2.84582e+23	1.00e+00	1.45e-05	4.28e-11
 2.84774e+23	1.00e+00	1.43e-05	4.16e-11
 2.84963e+23	1.00e+00	1.41e-05	4.03e-11
 2.85154e+23	1.00e+00	1.39e-05	3.91e-11
 2.85347e+23	1.00e+00	1.36e-05	3.79e-11
 2.85542e+23	1.00e+00	1.34e-05	3.67e-11
 2.85744e+23	1.00e+00	1.32e-05	3.55e-11
 2.85952e+23	1.00e+00	1.30e-05	3.43e-11
 2.86160e+23	1.00e+00	1.28e-05	3.32e-11
 2.86369e+23	1.00e+00	1.25e-05	3.21e-11
 2.86581e+23	1.00e+00	1.23e-05	3.10e-11
 2.86797e+23	1.00e+00	1.21e-05	2.99e-11
 2.87017e+23	1.00e+00	1.19e-05	2.89e-11
 2.87239e+23	1.00e+00	1.17e-05	2.78e-11
 2.87459e+23	1.00e+00	1.15e-05	2.69e-11
 2.87684e+23	1.00e+00	1.13e-05	2.59e-11
 2.87920e+23	1.00e+00	1.10e-05	2.49e-11
 2.88159e+23	1.00e+00	1.08e-05	2.40e-11
 2.88396e+23	1.00e+00	1.06e-05	2.30e-11
 2.88635e+23	1.00e+00	1.04e-05	2.22e-11
 2.88878e+23	1.00e+00	1.02e-05	2.13e-11
 2.89125e+23	1.00e+00	9.99e-06	2.05e-11
 2.89375e+23	1.00e+00	9.79e-06	1.96e-11
 2.89626e+23	1.00e+00	9.59e-06	1.89e-11
 2.89881e+23	1.00e+00	9.38e-06	1.81e-11
 2.90141e+23	1.00e+00	9.19e-06	1.73e-11
 2.90400e+23	1.00e+00	8.99e-06	1.66e-11
 2.90663e+23	1.00e+00	8.80e-06	1.59e-11
 2.90931e+23	1.00e+00	8.60e-06	1.52e-11
 2.91201e+23	1.00e+00	8.41e-06	1.46e-11
 2.91472e+23	1.00e+00	8.22e-06	1.39e-11
 2.91747e+23	1.00e+00	8.03e-06	1.33e-11
 2.92024e+23	1.00e+00	7.85e-06	1.27e-11
 2.92305e+23	1.00e+00	7.67e-06	1.21e-11
 2.92588e+23	1.00e+00	7.48e-06	1.16e-11
 2.92873e+23	1.00e+00	7.31e-06	1.10e-11
 2.93162e+23	1.00e+00	7.13e-06	1.05e-11
 2.93452e+23	1.00e+00	6.96e-06	1.00e-11
 2.93745e+23	1.00e+00	6.79e-06	9.56e-12
 2.94040e+23	1.00e+00	6.62e-06	9.10e-12
 2.94338e+23	1.00e+00	6.46e-06	8.66e-12
 2.94639e+23	1.00e+00	6.29e-06	8.24e-12
 2.94943e+23	1.00e+00	6.13e-06	7.83e-12
 2.95248e+23	1.00e+00	5.98e-06	7.44e-12
 2.95556e+23	1.00e+00	5.82e-06	7.06e-12
 2.95866e+23	1.00e+00	5.67e-06	6.71e-12
 2.96179e+23	1.00e+00	5.52e-06	6.36e-12
 2.96494e+23	1.00e+00	5.37e-06	6.04e-12
 2.96811e+23	1.00e+00	5.23e-06	5.72e-12
 2.97131e+23	1.00e+00	5.08e-06	5.42e-12
 2.97454e+23	1.00e+00	4.94e-06	5.13e-12
 2.97779e+23	1.00e+00	4.81e-06	4.86e-12
 2.98106e+23	1.00e+00	4.67e-06	4.59e-12
 2.98435e+23	1.00e+00	4.54e-06	4.34e-12
 2.98767e+23	1.00e+00	4.41e-06	4.10e-12
 2.99101e+23	1.00e+00	4.28e-06	3.87e-12
 2.99439e+23	1.00e+00	4.15e-06	3.66e-12
 2.99778e+23	1.00e+00	4.03e-06	3.45e-12
 3.00120e+23	1.00e+00	3.91e-06	3.25e-12
 3.00465e+23	1.00e+00	3.79e-06	3.06e-12
 3.00813e+23	1.00e+00	3.68e-06	2.88e-12
 3.01164e+23	1.00e+00	3.56e-06	2.71e-12
 3.01518e+23	1.00e+00	3.45e-06	2.54e-12
 3.01874e+23	1.00e+00	3.34e-06	2.39e-12
 3.02233e+23	1.00e+00	3.23e-06	2.24e-12
 3.02596e+23	1.00e+00	3.12e-06	2.10e-12
 3.02963e+23	1.00e+00	3.02e-06	1.96e-12
 3.03333e+23	1.00e+00	2.92e-06	1.84e-12
 3.03707e+23	1.00e+00	2.82e-06	1.72e-12
 3.04086e+23	1.00e+00	2.72e-06	1.60e-12
 3.04470e+23	1.00e+00	2.62e-06	1.49e-12
 3.04858e+23	1.00e+00	2.52e-06	1.39e-12
 3.05252e+23	1.00e+00	2.43e-06	1.29e-12
 3.05653e+23	1.00e+00	2.33e-06	1.19e-12
 3.06061e+23	1.00e+00	2.24e-06	1.10e-12
 3.06479e+23	1.00e+00	2.14e-06	1.01e-12
 3.06907e+23	1.00e+00	2.05e-06	9.25e-13
 3.07348e+23	1.00e+00	1.95e-06	8.42e-13
 3.07807e+23	1.00e+00	1.85e-06	7.59e-13
 3.08230e+23	1.00e+00	1.76e-06	6.87e-13
 3.08493e+23	1.00e+00	1.70e-06	6.40e-13
