#depth	N	N+	N+2	N+3	N+4	N+5	N+6	N+7
 1.54284e+22	5.28e-25	5.45e-19	1.55e-14	5.21e-11	5.80e-08	2.04e-04	3.02e-02	9.70e-01
 3.54532e+22	8.05e-24	5.29e-18	9.73e-14	2.10e-10	1.47e-07	4.13e-04	4.36e-02	9.56e-01
 4.23479e+22	4.05e-23	2.05e-17	2.93e-13	4.86e-10	2.57e-07	6.14e-04	5.32e-02	9.46e-01
 4.57952e+22	1.02e-22	4.48e-17	5.54e-13	7.90e-10	3.54e-07	7.64e-04	5.93e-02	9.40e-01
 4.72316e+22	1.32e-22	5.55e-17	6.59e-13	9.02e-10	3.87e-07	8.10e-04	6.10e-02	9.38e-01
 4.77549e+22	1.61e-22	6.60e-17	7.60e-13	1.00e-09	4.16e-07	8.50e-04	6.25e-02	9.37e-01
 4.82227e+22	1.98e-22	7.84e-17	8.75e-13	1.12e-09	4.47e-07	8.90e-04	6.39e-02	9.35e-01
 4.87558e+22	2.60e-22	9.88e-17	1.06e-12	1.29e-09	4.92e-07	9.47e-04	6.59e-02	9.33e-01
 4.92873e+22	3.22e-22	1.19e-16	1.23e-12	1.45e-09	5.30e-07	9.95e-04	6.74e-02	9.32e-01
 4.98167e+22	4.33e-22	1.52e-16	1.51e-12	1.69e-09	5.88e-07	1.06e-03	6.96e-02	9.29e-01
 5.03396e+22	5.31e-22	1.81e-16	1.74e-12	1.89e-09	6.33e-07	1.11e-03	7.12e-02	9.28e-01
 5.08540e+22	7.09e-22	2.32e-16	2.13e-12	2.20e-09	7.01e-07	1.19e-03	7.34e-02	9.25e-01
 5.13781e+22	8.94e-22	2.82e-16	2.50e-12	2.49e-09	7.61e-07	1.25e-03	7.53e-02	9.23e-01
 5.18368e+22	1.12e-21	3.42e-16	2.93e-12	2.81e-09	8.24e-07	1.32e-03	7.71e-02	9.22e-01
 5.23548e+22	1.51e-21	4.42e-16	3.61e-12	3.30e-09	9.17e-07	1.41e-03	7.96e-02	9.19e-01
 5.28752e+22	1.92e-21	5.40e-16	4.26e-12	3.74e-09	9.97e-07	1.48e-03	8.16e-02	9.17e-01
 5.33987e+22	2.61e-21	7.04e-16	5.30e-12	4.41e-09	1.11e-06	1.59e-03	8.43e-02	9.14e-01
 5.39312e+22	3.35e-21	8.70e-16	6.31e-12	5.04e-09	1.22e-06	1.68e-03	8.65e-02	9.12e-01
 5.44752e+22	4.65e-21	1.15e-15	7.94e-12	6.00e-09	1.37e-06	1.80e-03	8.95e-02	9.09e-01
 5.50209e+22	5.98e-21	1.43e-15	9.48e-12	6.87e-09	1.50e-06	1.91e-03	9.19e-02	9.06e-01
 5.55685e+22	8.34e-21	1.90e-15	1.20e-11	8.22e-09	1.69e-06	2.05e-03	9.51e-02	9.03e-01
 5.61026e+22	1.06e-20	2.32e-15	1.42e-11	9.33e-09	1.84e-06	2.16e-03	9.75e-02	9.00e-01
 5.66191e+22	1.45e-20	3.05e-15	1.77e-11	1.11e-08	2.06e-06	2.32e-03	1.01e-01	8.97e-01
 5.71398e+22	1.83e-20	3.70e-15	2.08e-11	1.25e-08	2.24e-06	2.44e-03	1.03e-01	8.94e-01
 5.76659e+22	2.49e-20	4.83e-15	2.59e-11	1.48e-08	2.50e-06	2.62e-03	1.07e-01	8.91e-01
 5.82055e+22	3.18e-20	5.96e-15	3.09e-11	1.69e-08	2.74e-06	2.77e-03	1.09e-01	8.88e-01
 5.87627e+22	4.36e-20	7.80e-15	3.86e-11	2.01e-08	3.07e-06	2.97e-03	1.13e-01	8.84e-01
 5.93333e+22	5.62e-20	9.69e-15	4.61e-11	2.30e-08	3.37e-06	3.14e-03	1.16e-01	8.81e-01
 5.99204e+22	7.75e-20	1.28e-14	5.80e-11	2.74e-08	3.79e-06	3.38e-03	1.20e-01	8.77e-01
 6.05195e+22	9.96e-20	1.58e-14	6.93e-11	3.14e-08	4.16e-06	3.58e-03	1.23e-01	8.73e-01
 6.11351e+22	1.37e-19	2.09e-14	8.71e-11	3.74e-08	4.69e-06	3.86e-03	1.27e-01	8.69e-01
 6.17613e+22	1.76e-19	2.58e-14	1.04e-10	4.29e-08	5.15e-06	4.09e-03	1.31e-01	8.65e-01
 6.24010e+22	2.42e-19	3.40e-14	1.31e-10	5.11e-08	5.81e-06	4.40e-03	1.35e-01	8.60e-01
 6.30450e+22	3.08e-19	4.18e-14	1.55e-10	5.84e-08	6.36e-06	4.66e-03	1.39e-01	8.56e-01
 6.36943e+22	4.22e-19	5.46e-14	1.94e-10	6.94e-08	7.16e-06	5.02e-03	1.44e-01	8.51e-01
 6.43563e+22	5.33e-19	6.68e-14	2.29e-10	7.90e-08	7.83e-06	5.31e-03	1.47e-01	8.47e-01
 6.49340e+22	6.68e-19	8.10e-14	2.69e-10	8.95e-08	8.53e-06	5.60e-03	1.51e-01	8.43e-01
 6.55843e+22	8.95e-19	1.04e-13	3.32e-10	1.05e-07	9.55e-06	6.00e-03	1.56e-01	8.38e-01
 6.62334e+22	1.10e-18	1.25e-13	3.86e-10	1.18e-07	1.04e-05	6.32e-03	1.59e-01	8.34e-01
 6.68809e+22	1.45e-18	1.58e-13	4.71e-10	1.38e-07	1.15e-05	6.75e-03	1.64e-01	8.29e-01
 6.75439e+22	1.80e-18	1.91e-13	5.49e-10	1.56e-07	1.25e-05	7.12e-03	1.68e-01	8.25e-01
 6.81291e+22	2.22e-18	2.28e-13	6.38e-10	1.75e-07	1.36e-05	7.49e-03	1.72e-01	8.21e-01
 6.87918e+22	2.92e-18	2.89e-13	7.77e-10	2.04e-07	1.51e-05	8.01e-03	1.77e-01	8.15e-01
 6.94533e+22	3.54e-18	3.40e-13	8.92e-10	2.27e-07	1.63e-05	8.39e-03	1.81e-01	8.11e-01
 7.01129e+22	4.60e-18	4.26e-13	1.08e-09	2.64e-07	1.81e-05	8.95e-03	1.86e-01	8.05e-01
 7.07855e+22	5.58e-18	5.03e-13	1.24e-09	2.94e-07	1.96e-05	9.39e-03	1.90e-01	8.01e-01
 7.14749e+22	7.25e-18	6.31e-13	1.50e-09	3.41e-07	2.17e-05	1.00e-02	1.95e-01	7.95e-01
 7.21775e+22	8.82e-18	7.47e-13	1.72e-09	3.81e-07	2.35e-05	1.05e-02	2.00e-01	7.90e-01
 7.28971e+22	1.15e-17	9.37e-13	2.08e-09	4.43e-07	2.61e-05	1.12e-02	2.05e-01	7.83e-01
 7.36301e+22	1.40e-17	1.11e-12	2.40e-09	4.96e-07	2.82e-05	1.18e-02	2.10e-01	7.78e-01
 7.43807e+22	1.82e-17	1.39e-12	2.91e-09	5.76e-07	3.14e-05	1.26e-02	2.16e-01	7.71e-01
 7.51144e+22	2.16e-17	1.62e-12	3.30e-09	6.36e-07	3.37e-05	1.32e-02	2.20e-01	7.67e-01
 7.58262e+22	2.78e-17	2.01e-12	3.95e-09	7.34e-07	3.73e-05	1.41e-02	2.26e-01	7.60e-01
 7.65492e+22	3.30e-17	2.33e-12	4.48e-09	8.11e-07	4.00e-05	1.47e-02	2.30e-01	7.55e-01
 7.72867e+22	4.20e-17	2.87e-12	5.34e-09	9.31e-07	4.41e-05	1.56e-02	2.36e-01	7.48e-01
 7.80473e+22	5.10e-17	3.39e-12	6.14e-09	1.04e-06	4.78e-05	1.64e-02	2.41e-01	7.43e-01
 7.88379e+22	6.47e-17	4.17e-12	7.31e-09	1.19e-06	5.27e-05	1.74e-02	2.47e-01	7.35e-01
 7.96543e+22	7.93e-17	4.97e-12	8.47e-09	1.34e-06	5.73e-05	1.84e-02	2.53e-01	7.29e-01
 8.05046e+22	1.02e-16	6.15e-12	1.01e-08	1.55e-06	6.35e-05	1.96e-02	2.59e-01	7.21e-01
 8.13782e+22	1.25e-16	7.37e-12	1.18e-08	1.75e-06	6.92e-05	2.06e-02	2.65e-01	7.14e-01
 8.22820e+22	1.62e-16	9.18e-12	1.42e-08	2.02e-06	7.68e-05	2.20e-02	2.72e-01	7.06e-01
 8.32157e+22	2.01e-16	1.11e-11	1.66e-08	2.29e-06	8.40e-05	2.33e-02	2.78e-01	6.99e-01
 8.41883e+22	2.62e-16	1.39e-11	2.01e-08	2.67e-06	9.38e-05	2.49e-02	2.86e-01	6.89e-01
 8.51883e+22	3.28e-16	1.69e-11	2.37e-08	3.04e-06	1.03e-04	2.64e-02	2.92e-01	6.81e-01
 8.60858e+22	4.04e-16	2.02e-11	2.76e-08	3.43e-06	1.12e-04	2.78e-02	2.98e-01	6.74e-01
 8.71145e+22	5.38e-16	2.59e-11	3.40e-08	4.06e-06	1.26e-04	2.99e-02	3.07e-01	6.63e-01
 8.81522e+22	6.63e-16	3.10e-11	3.96e-08	4.58e-06	1.38e-04	3.15e-02	3.13e-01	6.55e-01
 8.92017e+22	8.78e-16	3.96e-11	4.86e-08	5.39e-06	1.55e-04	3.39e-02	3.22e-01	6.44e-01
 9.02733e+22	1.10e-15	4.81e-11	5.73e-08	6.15e-06	1.70e-04	3.58e-02	3.29e-01	6.35e-01
 9.13739e+22	1.47e-15	6.18e-11	7.07e-08	7.27e-06	1.92e-04	3.85e-02	3.38e-01	6.24e-01
 9.24923e+22	1.86e-15	7.57e-11	8.38e-08	8.33e-06	2.11e-04	4.09e-02	3.45e-01	6.14e-01
 9.36338e+22	2.52e-15	9.85e-11	1.05e-07	9.95e-06	2.40e-04	4.41e-02	3.55e-01	6.01e-01
 9.47808e+22	3.18e-15	1.20e-10	1.24e-07	1.14e-05	2.64e-04	4.68e-02	3.62e-01	5.91e-01
 9.57302e+22	3.93e-15	1.44e-10	1.45e-07	1.29e-05	2.89e-04	4.93e-02	3.69e-01	5.82e-01
 9.67601e+22	5.18e-15	1.84e-10	1.77e-07	1.52e-05	3.24e-04	5.28e-02	3.77e-01	5.70e-01
 9.77898e+22	6.38e-15	2.20e-10	2.06e-07	1.71e-05	3.54e-04	5.56e-02	3.84e-01	5.60e-01
 9.88194e+22	8.41e-15	2.79e-10	2.53e-07	2.02e-05	3.98e-04	5.96e-02	3.93e-01	5.47e-01
 9.98616e+22	1.04e-14	3.36e-10	2.96e-07	2.29e-05	4.35e-04	6.28e-02	3.99e-01	5.37e-01
 1.00920e+23	1.39e-14	4.31e-10	3.66e-07	2.71e-05	4.91e-04	6.75e-02	4.08e-01	5.24e-01
 1.01992e+23	1.72e-14	5.21e-10	4.30e-07	3.09e-05	5.39e-04	7.12e-02	4.15e-01	5.13e-01
 1.03082e+23	2.30e-14	6.70e-10	5.33e-07	3.68e-05	6.10e-04	7.66e-02	4.24e-01	4.99e-01
 1.04192e+23	2.90e-14	8.20e-10	6.33e-07	4.23e-05	6.75e-04	8.11e-02	4.31e-01	4.87e-01
 1.05331e+23	3.92e-14	1.06e-09	7.92e-07	5.08e-05	7.69e-04	8.74e-02	4.41e-01	4.71e-01
 1.06492e+23	4.98e-14	1.31e-09	9.48e-07	5.89e-05	8.55e-04	9.28e-02	4.48e-01	4.59e-01
 1.07684e+23	6.78e-14	1.72e-09	1.20e-06	7.14e-05	9.81e-04	1.00e-01	4.57e-01	4.42e-01
 1.08886e+23	8.62e-14	2.12e-09	1.43e-06	8.29e-05	1.09e-03	1.07e-01	4.64e-01	4.29e-01
 1.09894e+23	1.07e-13	2.56e-09	1.69e-06	9.50e-05	1.21e-03	1.13e-01	4.69e-01	4.17e-01
 1.10986e+23	1.40e-13	3.25e-09	2.08e-06	1.13e-04	1.37e-03	1.21e-01	4.77e-01	4.01e-01
 1.12090e+23	1.73e-13	3.93e-09	2.46e-06	1.30e-04	1.51e-03	1.28e-01	4.82e-01	3.89e-01
 1.13167e+23	2.23e-13	4.90e-09	2.98e-06	1.53e-04	1.70e-03	1.36e-01	4.88e-01	3.74e-01
 1.14267e+23	2.76e-13	5.92e-09	3.53e-06	1.77e-04	1.89e-03	1.44e-01	4.93e-01	3.61e-01
 1.15346e+23	3.47e-13	7.28e-09	4.24e-06	2.07e-04	2.12e-03	1.53e-01	4.98e-01	3.46e-01
 1.16447e+23	4.29e-13	8.80e-09	5.03e-06	2.40e-04	2.36e-03	1.62e-01	5.02e-01	3.33e-01
 1.17536e+23	5.31e-13	1.07e-08	5.97e-06	2.78e-04	2.64e-03	1.72e-01	5.06e-01	3.19e-01
 1.18630e+23	6.50e-13	1.28e-08	7.05e-06	3.22e-04	2.93e-03	1.82e-01	5.09e-01	3.06e-01
 1.19713e+23	7.91e-13	1.53e-08	8.28e-06	3.71e-04	3.26e-03	1.92e-01	5.12e-01	2.93e-01
 1.20794e+23	9.55e-13	1.81e-08	9.69e-06	4.27e-04	3.62e-03	2.02e-01	5.14e-01	2.80e-01
 1.21877e+23	1.15e-12	2.14e-08	1.13e-05	4.91e-04	4.01e-03	2.13e-01	5.15e-01	2.67e-01
 1.22964e+23	1.37e-12	2.52e-08	1.32e-05	5.62e-04	4.44e-03	2.24e-01	5.16e-01	2.55e-01
 1.24057e+23	1.62e-12	2.95e-08	1.53e-05	6.43e-04	4.91e-03	2.36e-01	5.16e-01	2.43e-01
 1.25160e+23	1.92e-12	3.44e-08	1.77e-05	7.34e-04	5.43e-03	2.48e-01	5.15e-01	2.31e-01
 1.26276e+23	2.26e-12	4.00e-08	2.04e-05	8.38e-04	6.00e-03	2.60e-01	5.14e-01	2.19e-01
 1.27398e+23	2.63e-12	4.63e-08	2.34e-05	9.53e-04	6.61e-03	2.72e-01	5.12e-01	2.08e-01
 1.28538e+23	3.07e-12	5.35e-08	2.69e-05	1.08e-03	7.30e-03	2.85e-01	5.10e-01	1.97e-01
 1.29692e+23	3.56e-12	6.15e-08	3.08e-05	1.23e-03	8.03e-03	2.98e-01	5.07e-01	1.86e-01
 1.30868e+23	4.13e-12	7.08e-08	3.54e-05	1.40e-03	8.86e-03	3.11e-01	5.03e-01	1.76e-01
 1.32066e+23	4.75e-12	8.11e-08	4.03e-05	1.58e-03	9.73e-03	3.25e-01	4.99e-01	1.65e-01
 1.33164e+23	5.33e-12	9.06e-08	4.50e-05	1.75e-03	1.05e-02	3.36e-01	4.94e-01	1.57e-01
 1.34311e+23	6.14e-12	1.04e-07	5.15e-05	1.99e-03	1.16e-02	3.51e-01	4.88e-01	1.47e-01
 1.35475e+23	6.87e-12	1.16e-07	5.74e-05	2.20e-03	1.26e-02	3.62e-01	4.83e-01	1.40e-01
 1.36675e+23	7.90e-12	1.33e-07	6.57e-05	2.50e-03	1.39e-02	3.78e-01	4.76e-01	1.30e-01
 1.37878e+23	8.78e-12	1.47e-07	7.28e-05	2.75e-03	1.49e-02	3.89e-01	4.70e-01	1.23e-01
 1.39083e+23	9.99e-12	1.67e-07	8.29e-05	3.11e-03	1.64e-02	4.04e-01	4.62e-01	1.14e-01
 1.40294e+23	1.11e-11	1.85e-07	9.17e-05	3.41e-03	1.76e-02	4.16e-01	4.55e-01	1.08e-01
 1.41513e+23	1.25e-11	2.09e-07	1.04e-04	3.84e-03	1.93e-02	4.31e-01	4.46e-01	1.00e-01
 1.42745e+23	1.39e-11	2.31e-07	1.15e-04	4.20e-03	2.07e-02	4.42e-01	4.38e-01	9.46e-02
 1.43994e+23	1.57e-11	2.61e-07	1.30e-04	4.72e-03	2.27e-02	4.57e-01	4.28e-01	8.74e-02
 1.45262e+23	1.73e-11	2.88e-07	1.44e-04	5.16e-03	2.43e-02	4.68e-01	4.20e-01	8.21e-02
 1.46553e+23	1.95e-11	3.26e-07	1.63e-04	5.78e-03	2.66e-02	4.82e-01	4.09e-01	7.57e-02
 1.47868e+23	2.16e-11	3.60e-07	1.80e-04	6.32e-03	2.84e-02	4.94e-01	4.01e-01	7.08e-02
 1.49216e+23	2.44e-11	4.07e-07	2.04e-04	7.08e-03	3.11e-02	5.08e-01	3.89e-01	6.49e-02
 1.50596e+23	2.71e-11	4.52e-07	2.26e-04	7.75e-03	3.33e-02	5.19e-01	3.79e-01	6.04e-02
 1.52019e+23	3.07e-11	5.13e-07	2.58e-04	8.69e-03	3.64e-02	5.33e-01	3.66e-01	5.50e-02
 1.53465e+23	3.42e-11	5.70e-07	2.86e-04	9.51e-03	3.89e-02	5.44e-01	3.56e-01	5.10e-02
 1.54680e+23	3.75e-11	6.25e-07	3.14e-04	1.03e-02	4.13e-02	5.53e-01	3.47e-01	4.77e-02
 1.55998e+23	4.21e-11	7.03e-07	3.53e-04	1.14e-02	4.46e-02	5.64e-01	3.36e-01	4.37e-02
 1.57278e+23	4.60e-11	7.66e-07	3.85e-04	1.22e-02	4.70e-02	5.72e-01	3.27e-01	4.10e-02
 1.58509e+23	5.09e-11	8.50e-07	4.28e-04	1.34e-02	5.04e-02	5.82e-01	3.16e-01	3.76e-02
 1.59754e+23	5.60e-11	9.32e-07	4.68e-04	1.43e-02	5.31e-02	5.89e-01	3.08e-01	3.52e-02
 1.61017e+23	6.23e-11	1.04e-06	5.22e-04	1.57e-02	5.68e-02	5.98e-01	2.97e-01	3.23e-02
 1.62300e+23	6.88e-11	1.14e-06	5.71e-04	1.68e-02	5.98e-02	6.04e-01	2.88e-01	3.01e-02
 1.63608e+23	7.67e-11	1.27e-06	6.39e-04	1.84e-02	6.40e-02	6.13e-01	2.77e-01	2.74e-02
 1.64934e+23	8.50e-11	1.41e-06	7.01e-04	1.98e-02	6.73e-02	6.18e-01	2.68e-01	2.56e-02
 1.66283e+23	9.53e-11	1.58e-06	7.87e-04	2.16e-02	7.19e-02	6.25e-01	2.57e-01	2.32e-02
 1.67660e+23	1.06e-10	1.75e-06	8.66e-04	2.33e-02	7.56e-02	6.30e-01	2.48e-01	2.15e-02
 1.69071e+23	1.20e-10	1.97e-06	9.77e-04	2.55e-02	8.08e-02	6.36e-01	2.37e-01	1.94e-02
 1.70514e+23	1.34e-10	2.19e-06	1.08e-03	2.74e-02	8.50e-02	6.40e-01	2.28e-01	1.79e-02
 1.71997e+23	1.53e-10	2.50e-06	1.22e-03	3.01e-02	9.08e-02	6.45e-01	2.17e-01	1.60e-02
 1.73519e+23	1.73e-10	2.79e-06	1.36e-03	3.24e-02	9.56e-02	6.48e-01	2.08e-01	1.47e-02
 1.75091e+23	1.99e-10	3.21e-06	1.55e-03	3.57e-02	1.02e-01	6.51e-01	1.96e-01	1.31e-02
 1.76677e+23	2.27e-10	3.61e-06	1.73e-03	3.85e-02	1.07e-01	6.53e-01	1.88e-01	1.19e-02
 1.78284e+23	2.62e-10	4.15e-06	1.98e-03	4.23e-02	1.14e-01	6.54e-01	1.77e-01	1.06e-02
 1.79907e+23	2.98e-10	4.68e-06	2.21e-03	4.55e-02	1.20e-01	6.54e-01	1.69e-01	9.61e-03
 1.81552e+23	3.51e-10	5.44e-06	2.53e-03	5.00e-02	1.28e-01	6.53e-01	1.58e-01	8.49e-03
 1.83176e+23	3.97e-10	6.10e-06	2.81e-03	5.36e-02	1.33e-01	6.52e-01	1.51e-01	7.72e-03
 1.84770e+23	4.65e-10	7.06e-06	3.21e-03	5.85e-02	1.41e-01	6.49e-01	1.41e-01	6.82e-03
 1.86421e+23	5.33e-10	7.99e-06	3.59e-03	6.30e-02	1.48e-01	6.46e-01	1.34e-01	6.15e-03
 1.87797e+23	5.97e-10	8.87e-06	3.94e-03	6.69e-02	1.53e-01	6.43e-01	1.28e-01	5.62e-03
 1.89239e+23	6.91e-10	1.01e-05	4.42e-03	7.21e-02	1.60e-01	6.38e-01	1.20e-01	5.03e-03
 1.90729e+23	7.82e-10	1.13e-05	4.89e-03	7.69e-02	1.66e-01	6.33e-01	1.14e-01	4.56e-03
 1.92069e+23	8.84e-10	1.26e-05	5.38e-03	8.17e-02	1.72e-01	6.28e-01	1.08e-01	4.15e-03
 1.93599e+23	1.03e-09	1.45e-05	6.07e-03	8.81e-02	1.80e-01	6.21e-01	1.01e-01	3.68e-03
 1.95186e+23	1.18e-09	1.64e-05	6.76e-03	9.41e-02	1.87e-01	6.14e-01	9.54e-02	3.29e-03
 1.96598e+23	1.35e-09	1.84e-05	7.46e-03	1.00e-01	1.93e-01	6.06e-01	9.01e-02	2.98e-03
 1.98187e+23	1.59e-09	2.13e-05	8.43e-03	1.08e-01	2.01e-01	5.97e-01	8.38e-02	2.62e-03
 1.99852e+23	1.84e-09	2.42e-05	9.42e-03	1.15e-01	2.08e-01	5.87e-01	7.82e-02	2.32e-03
 2.01358e+23	2.12e-09	2.74e-05	1.04e-02	1.22e-01	2.14e-01	5.77e-01	7.33e-02	2.07e-03
 2.03056e+23	2.54e-09	3.20e-05	1.19e-02	1.32e-01	2.22e-01	5.64e-01	6.75e-02	1.80e-03
 2.04811e+23	2.96e-09	3.66e-05	1.33e-02	1.41e-01	2.30e-01	5.52e-01	6.25e-02	1.58e-03
 2.06375e+23	3.43e-09	4.15e-05	1.47e-02	1.49e-01	2.36e-01	5.40e-01	5.82e-02	1.40e-03
 2.08144e+23	4.13e-09	4.87e-05	1.67e-02	1.61e-01	2.44e-01	5.25e-01	5.31e-02	1.20e-03
 2.09983e+23	4.86e-09	5.60e-05	1.88e-02	1.71e-01	2.50e-01	5.10e-01	4.87e-02	1.04e-03
 2.11633e+23	5.70e-09	6.40e-05	2.09e-02	1.82e-01	2.56e-01	4.95e-01	4.49e-02	9.11e-04
 2.13501e+23	6.97e-09	7.58e-05	2.38e-02	1.95e-01	2.63e-01	4.77e-01	4.04e-02	7.66e-04
 2.15435e+23	8.28e-09	8.75e-05	2.67e-02	2.07e-01	2.69e-01	4.60e-01	3.67e-02	6.58e-04
 2.17182e+23	9.80e-09	1.01e-04	2.97e-02	2.19e-01	2.74e-01	4.43e-01	3.34e-02	5.67e-04
 2.19182e+23	1.22e-08	1.20e-04	3.41e-02	2.35e-01	2.79e-01	4.21e-01	2.96e-02	4.67e-04
 2.21210e+23	1.45e-08	1.39e-04	3.81e-02	2.48e-01	2.83e-01	4.03e-01	2.66e-02	3.95e-04
 2.23001e+23	1.73e-08	1.60e-04	4.23e-02	2.62e-01	2.86e-01	3.85e-01	2.40e-02	3.37e-04
 2.25058e+23	2.16e-08	1.92e-04	4.83e-02	2.79e-01	2.90e-01	3.62e-01	2.09e-02	2.72e-04
 2.27145e+23	2.59e-08	2.22e-04	5.38e-02	2.93e-01	2.92e-01	3.43e-01	1.86e-02	2.28e-04
 2.29271e+23	3.26e-08	2.67e-04	6.12e-02	3.10e-01	2.92e-01	3.20e-01	1.60e-02	1.82e-04
 2.31437e+23	3.95e-08	3.10e-04	6.81e-02	3.25e-01	2.92e-01	3.00e-01	1.41e-02	1.50e-04
 2.33361e+23	4.75e-08	3.59e-04	7.54e-02	3.39e-01	2.91e-01	2.82e-01	1.24e-02	1.24e-04
 2.35568e+23	6.04e-08	4.33e-04	8.55e-02	3.56e-01	2.89e-01	2.58e-01	1.05e-02	9.66e-05
 2.37813e+23	7.35e-08	5.03e-04	9.46e-02	3.70e-01	2.86e-01	2.40e-01	9.08e-03	7.85e-05
 2.40106e+23	9.43e-08	6.08e-04	1.07e-01	3.87e-01	2.81e-01	2.17e-01	7.53e-03	5.98e-05
 2.42423e+23	1.15e-07	7.06e-04	1.18e-01	4.00e-01	2.75e-01	2.00e-01	6.47e-03	4.80e-05
 2.44432e+23	1.39e-07	8.14e-04	1.29e-01	4.11e-01	2.70e-01	1.84e-01	5.57e-03	3.87e-05
 2.46355e+23	1.66e-07	9.30e-04	1.40e-01	4.21e-01	2.64e-01	1.70e-01	4.83e-03	3.16e-05
 2.48184e+23	1.97e-07	1.06e-03	1.51e-01	4.30e-01	2.57e-01	1.57e-01	4.18e-03	2.58e-05
 2.50239e+23	2.45e-07	1.24e-03	1.66e-01	4.40e-01	2.49e-01	1.41e-01	3.48e-03	1.99e-05
 2.52298e+23	2.91e-07	1.40e-03	1.79e-01	4.47e-01	2.41e-01	1.29e-01	2.99e-03	1.61e-05
 2.54361e+23	3.61e-07	1.64e-03	1.95e-01	4.54e-01	2.31e-01	1.15e-01	2.47e-03	1.23e-05
 2.56459e+23	4.31e-07	1.86e-03	2.10e-01	4.59e-01	2.22e-01	1.05e-01	2.10e-03	9.79e-06
 2.58323e+23	5.13e-07	2.11e-03	2.24e-01	4.63e-01	2.14e-01	9.51e-02	1.79e-03	7.83e-06
 2.60465e+23	6.39e-07	2.46e-03	2.43e-01	4.67e-01	2.02e-01	8.37e-02	1.45e-03	5.85e-06
 2.62636e+23	7.65e-07	2.79e-03	2.60e-01	4.68e-01	1.93e-01	7.51e-02	1.21e-03	4.58e-06
 2.64551e+23	9.09e-07	3.14e-03	2.76e-01	4.69e-01	1.84e-01	6.75e-02	1.02e-03	3.61e-06
 2.66314e+23	1.06e-06	3.49e-03	2.90e-01	4.68e-01	1.76e-01	6.14e-02	8.74e-04	2.93e-06
 2.67925e+23	1.22e-06	3.85e-03	3.04e-01	4.67e-01	1.68e-01	5.60e-02	7.52e-04	2.39e-06
 2.69775e+23	1.46e-06	4.36e-03	3.23e-01	4.64e-01	1.58e-01	4.95e-02	6.19e-04	1.83e-06
 2.71644e+23	1.69e-06	4.81e-03	3.38e-01	4.62e-01	1.51e-01	4.49e-02	5.28e-04	1.48e-06
 2.73539e+23	2.03e-06	5.44e-03	3.57e-01	4.57e-01	1.41e-01	3.95e-02	4.32e-04	1.12e-06
 2.75453e+23	2.36e-06	6.03e-03	3.73e-01	4.52e-01	1.33e-01	3.54e-02	3.63e-04	8.89e-07
 2.77115e+23	2.72e-06	6.63e-03	3.88e-01	4.47e-01	1.26e-01	3.19e-02	3.09e-04	7.13e-07
 2.78997e+23	3.25e-06	7.45e-03	4.07e-01	4.40e-01	1.18e-01	2.80e-02	2.51e-04	5.40e-07
 2.80927e+23	3.77e-06	8.23e-03	4.24e-01	4.33e-01	1.10e-01	2.49e-02	2.10e-04	4.24e-07
 2.82644e+23	4.35e-06	9.04e-03	4.39e-01	4.25e-01	1.04e-01	2.23e-02	1.76e-04	3.36e-07
 2.84599e+23	5.21e-06	1.02e-02	4.59e-01	4.16e-01	9.57e-02	1.93e-02	1.41e-04	2.49e-07
 2.86585e+23	6.05e-06	1.12e-02	4.76e-01	4.07e-01	8.93e-02	1.71e-02	1.17e-04	1.93e-07
 2.88336e+23	6.98e-06	1.23e-02	4.91e-01	3.98e-01	8.34e-02	1.52e-02	9.70e-05	1.51e-07
 2.90339e+23	8.35e-06	1.38e-02	5.11e-01	3.86e-01	7.63e-02	1.30e-02	7.66e-05	0.00e+00
 2.92381e+23	9.71e-06	1.52e-02	5.27e-01	3.75e-01	7.07e-02	1.14e-02	6.27e-05	0.00e+00
 2.94197e+23	1.12e-05	1.67e-02	5.43e-01	3.65e-01	6.55e-02	1.01e-02	5.16e-05	0.00e+00
 2.96279e+23	1.35e-05	1.88e-02	5.62e-01	3.51e-01	5.94e-02	8.55e-03	4.01e-05	0.00e+00
 2.98402e+23	1.57e-05	2.07e-02	5.78e-01	3.40e-01	5.46e-02	7.43e-03	3.23e-05	0.00e+00
 3.00579e+23	1.89e-05	2.33e-02	5.96e-01	3.25e-01	4.90e-02	6.24e-03	2.47e-05	0.00e+00
 3.02790e+23	2.22e-05	2.58e-02	6.12e-01	3.12e-01	4.47e-02	5.37e-03	1.96e-05	0.00e+00
 3.04725e+23	2.57e-05	2.82e-02	6.25e-01	3.01e-01	4.09e-02	4.66e-03	1.58e-05	0.00e+00
 3.06919e+23	3.09e-05	3.17e-02	6.42e-01	2.86e-01	3.65e-02	3.88e-03	1.20e-05	0.00e+00
 3.08363e+23	3.21e-05	3.25e-02	6.45e-01	2.83e-01	3.57e-02	3.74e-03	1.13e-05	0.00e+00
