#depth	Si	Si+	Si+2	Si+3	Si+4	Si+5	Si+6	Si+7	Si+8	Si+9	Si+10	Si+11	Si+12	Si+13	Si+14
 1.54284e+22	2.71e-33	7.10e-26	1.19e-21	3.42e-18	2.45e-14	1.78e-11	3.86e-09	2.72e-07	8.44e-06	1.21e-04	1.01e-03	8.65e-03	1.77e-01	4.58e-01	3.55e-01
 3.54532e+22	2.44e-31	3.95e-24	4.54e-20	1.02e-16	5.73e-13	3.09e-10	4.91e-08	2.52e-06	5.75e-05	5.87e-04	3.26e-03	1.88e-02	2.63e-01	4.66e-01	2.49e-01
 4.23479e+22	2.92e-30	3.59e-23	3.30e-19	5.75e-16	2.93e-12	1.37e-09	1.87e-07	8.12e-06	1.58e-04	1.34e-03	5.98e-03	2.76e-02	3.15e-01	4.53e-01	1.97e-01
 4.57952e+22	1.10e-29	1.16e-22	9.33e-19	1.40e-15	6.85e-12	3.00e-09	3.79e-07	1.51e-05	2.72e-04	2.09e-03	8.22e-03	3.36e-02	3.43e-01	4.41e-01	1.72e-01
 4.72316e+22	1.55e-29	1.57e-22	1.22e-18	1.77e-15	8.57e-12	3.69e-09	4.57e-07	1.78e-05	3.14e-04	2.34e-03	8.94e-03	3.53e-02	3.51e-01	4.37e-01	1.65e-01
 4.77549e+22	2.06e-29	2.02e-22	1.52e-18	2.12e-15	1.02e-11	4.35e-09	5.31e-07	2.04e-05	3.52e-04	2.57e-03	9.56e-03	3.68e-02	3.57e-01	4.34e-01	1.60e-01
 4.82227e+22	2.71e-29	2.57e-22	1.88e-18	2.54e-15	1.22e-11	5.12e-09	6.15e-07	2.32e-05	3.94e-04	2.82e-03	1.02e-02	3.83e-02	3.63e-01	4.31e-01	1.55e-01
 4.87558e+22	3.88e-29	3.52e-22	2.48e-18	3.21e-15	1.53e-11	6.33e-09	7.47e-07	2.75e-05	4.57e-04	3.18e-03	1.11e-02	4.03e-02	3.70e-01	4.26e-01	1.49e-01
 4.92873e+22	5.16e-29	4.51e-22	3.09e-18	3.85e-15	1.83e-11	7.48e-09	8.69e-07	3.14e-05	5.14e-04	3.50e-03	1.19e-02	4.20e-02	3.76e-01	4.22e-01	1.44e-01
 4.98167e+22	7.53e-29	6.29e-22	4.11e-18	4.89e-15	2.32e-11	9.34e-09	1.07e-06	3.76e-05	6.00e-04	3.97e-03	1.31e-02	4.43e-02	3.84e-01	4.17e-01	1.37e-01
 5.03396e+22	9.83e-29	7.94e-22	5.04e-18	5.80e-15	2.74e-11	1.09e-08	1.23e-06	4.27e-05	6.70e-04	4.34e-03	1.39e-02	4.60e-02	3.90e-01	4.13e-01	1.33e-01
 5.08540e+22	1.42e-28	1.09e-21	6.65e-18	7.29e-15	3.44e-11	1.35e-08	1.50e-06	5.08e-05	7.79e-04	4.90e-03	1.52e-02	4.84e-02	3.97e-01	4.07e-01	1.27e-01
 5.13781e+22	1.89e-28	1.41e-21	8.28e-18	8.74e-15	4.13e-11	1.61e-08	1.75e-06	5.84e-05	8.79e-04	5.40e-03	1.63e-02	5.04e-02	4.03e-01	4.02e-01	1.22e-01
 5.18368e+22	2.51e-28	1.80e-21	1.02e-17	1.04e-14	4.92e-11	1.90e-08	2.04e-06	6.68e-05	9.87e-04	5.93e-03	1.74e-02	5.24e-02	4.09e-01	3.97e-01	1.18e-01
 5.23548e+22	3.62e-28	2.48e-21	1.35e-17	1.30e-14	6.18e-11	2.36e-08	2.50e-06	7.97e-05	1.15e-03	6.71e-03	1.90e-02	5.51e-02	4.16e-01	3.90e-01	1.12e-01
 5.28752e+22	4.83e-28	3.18e-21	1.67e-17	1.55e-14	7.38e-11	2.79e-08	2.92e-06	9.14e-05	1.29e-03	7.38e-03	2.03e-02	5.72e-02	4.21e-01	3.85e-01	1.07e-01
 5.33987e+22	6.99e-28	4.39e-21	2.20e-17	1.94e-14	9.28e-11	3.48e-08	3.57e-06	1.09e-04	1.51e-03	8.35e-03	2.22e-02	6.01e-02	4.28e-01	3.78e-01	1.02e-01
 5.39312e+22	9.41e-28	5.67e-21	2.74e-17	2.32e-14	1.11e-10	4.14e-08	4.20e-06	1.26e-04	1.71e-03	9.21e-03	2.37e-02	6.25e-02	4.33e-01	3.72e-01	9.75e-02
 5.44752e+22	1.38e-27	7.92e-21	3.63e-17	2.91e-14	1.41e-10	5.20e-08	5.19e-06	1.52e-04	2.00e-03	1.05e-02	2.60e-02	6.57e-02	4.40e-01	3.64e-01	9.20e-02
 5.50209e+22	1.86e-27	1.02e-20	4.51e-17	3.46e-14	1.69e-10	6.20e-08	6.11e-06	1.75e-04	2.27e-03	1.15e-02	2.78e-02	6.83e-02	4.45e-01	3.57e-01	8.79e-02
 5.55685e+22	2.72e-27	1.42e-20	5.96e-17	4.32e-14	2.14e-10	7.78e-08	7.55e-06	2.11e-04	2.66e-03	1.31e-02	3.04e-02	7.17e-02	4.51e-01	3.49e-01	8.26e-02
 5.61026e+22	3.57e-27	1.80e-20	7.26e-17	5.06e-14	2.53e-10	9.14e-08	8.77e-06	2.41e-04	2.97e-03	1.43e-02	3.24e-02	7.42e-02	4.54e-01	3.42e-01	7.90e-02
 5.66191e+22	5.11e-27	2.45e-20	9.40e-17	6.20e-14	3.15e-10	1.13e-07	1.07e-05	2.87e-04	3.45e-03	1.62e-02	3.52e-02	7.76e-02	4.59e-01	3.34e-01	7.43e-02
 5.71398e+22	6.64e-27	3.07e-20	1.14e-16	7.22e-14	3.70e-10	1.32e-07	1.24e-05	3.26e-04	3.85e-03	1.76e-02	3.74e-02	8.01e-02	4.62e-01	3.27e-01	7.10e-02
 5.76659e+22	9.40e-27	4.13e-20	1.46e-16	8.78e-14	4.58e-10	1.63e-07	1.50e-05	3.87e-04	4.45e-03	1.97e-02	4.05e-02	8.35e-02	4.66e-01	3.18e-01	6.67e-02
 5.82055e+22	1.24e-26	5.24e-20	1.78e-16	1.03e-13	5.42e-10	1.92e-07	1.75e-05	4.43e-04	4.98e-03	2.16e-02	4.31e-02	8.62e-02	4.69e-01	3.11e-01	6.34e-02
 5.87627e+22	1.76e-26	7.07e-20	2.29e-16	1.25e-13	6.71e-10	2.37e-07	2.13e-05	5.26e-04	5.76e-03	2.42e-02	4.66e-02	8.98e-02	4.72e-01	3.02e-01	5.93e-02
 5.93333e+22	2.32e-26	9.00e-20	2.79e-16	1.46e-13	7.96e-10	2.80e-07	2.50e-05	6.03e-04	6.46e-03	2.64e-02	4.95e-02	9.26e-02	4.74e-01	2.94e-01	5.62e-02
 5.99204e+22	3.31e-26	1.22e-19	3.59e-16	1.77e-13	9.88e-10	3.46e-07	3.04e-05	7.17e-04	7.47e-03	2.96e-02	5.35e-02	9.63e-02	4.76e-01	2.84e-01	5.23e-02
 6.05195e+22	4.37e-26	1.55e-19	4.38e-16	2.07e-13	1.17e-09	4.09e-07	3.55e-05	8.22e-04	8.36e-03	3.23e-02	5.68e-02	9.92e-02	4.77e-01	2.76e-01	4.93e-02
 6.11351e+22	6.21e-26	2.09e-19	5.62e-16	2.51e-13	1.45e-09	5.05e-07	4.32e-05	9.76e-04	9.64e-03	3.61e-02	6.13e-02	1.03e-01	4.77e-01	2.66e-01	4.57e-02
 6.17613e+22	8.17e-26	2.64e-19	6.84e-16	2.92e-13	1.71e-09	5.94e-07	5.04e-05	1.11e-03	1.08e-02	3.93e-02	6.49e-02	1.06e-01	4.77e-01	2.58e-01	4.31e-02
 6.24010e+22	1.16e-25	3.56e-19	8.75e-16	3.53e-13	2.11e-09	7.31e-07	6.11e-05	1.32e-03	1.24e-02	4.37e-02	6.97e-02	1.09e-01	4.76e-01	2.48e-01	3.98e-02
 6.30450e+22	1.51e-25	4.46e-19	1.06e-15	4.08e-13	2.48e-09	8.55e-07	7.08e-05	1.50e-03	1.37e-02	4.74e-02	7.35e-02	1.12e-01	4.75e-01	2.40e-01	3.74e-02
 6.36943e+22	2.11e-25	5.95e-19	1.34e-15	4.90e-13	3.04e-09	1.04e-06	8.53e-05	1.77e-03	1.57e-02	5.25e-02	7.86e-02	1.15e-01	4.72e-01	2.29e-01	3.44e-02
 6.43563e+22	2.74e-25	7.44e-19	1.61e-15	5.66e-13	3.56e-09	1.22e-06	9.83e-05	2.00e-03	1.73e-02	5.66e-02	8.25e-02	1.18e-01	4.70e-01	2.21e-01	3.23e-02
 6.49340e+22	3.50e-25	9.18e-19	1.92e-15	6.47e-13	4.12e-09	1.41e-06	1.12e-04	2.25e-03	1.91e-02	6.08e-02	8.64e-02	1.20e-01	4.67e-01	2.14e-01	3.03e-02
 6.55843e+22	4.80e-25	1.20e-18	2.40e-15	7.68e-13	4.97e-09	1.69e-06	1.34e-04	2.61e-03	2.15e-02	6.66e-02	9.16e-02	1.23e-01	4.62e-01	2.04e-01	2.79e-02
 6.62334e+22	6.06e-25	1.47e-18	2.84e-15	8.74e-13	5.71e-09	1.94e-06	1.51e-04	2.91e-03	2.35e-02	7.11e-02	9.55e-02	1.25e-01	4.59e-01	1.97e-01	2.62e-02
 6.68809e+22	8.19e-25	1.90e-18	3.51e-15	1.03e-12	6.82e-09	2.30e-06	1.78e-04	3.35e-03	2.63e-02	7.73e-02	1.01e-01	1.28e-01	4.53e-01	1.88e-01	2.41e-02
 6.75439e+22	1.04e-24	2.33e-18	4.16e-15	1.17e-12	7.85e-09	2.64e-06	2.02e-04	3.73e-03	2.87e-02	8.24e-02	1.05e-01	1.29e-01	4.48e-01	1.80e-01	2.25e-02
 6.81291e+22	1.30e-24	2.83e-18	4.90e-15	1.33e-12	8.97e-09	3.01e-06	2.28e-04	4.14e-03	3.11e-02	8.76e-02	1.09e-01	1.31e-01	4.43e-01	1.73e-01	2.11e-02
 6.87918e+22	1.75e-24	3.64e-18	6.03e-15	1.56e-12	1.06e-08	3.55e-06	2.66e-04	4.74e-03	3.46e-02	9.47e-02	1.14e-01	1.33e-01	4.35e-01	1.64e-01	1.93e-02
 6.94533e+22	2.17e-24	4.38e-18	7.05e-15	1.76e-12	1.20e-08	4.01e-06	2.97e-04	5.22e-03	3.73e-02	1.00e-01	1.17e-01	1.34e-01	4.29e-01	1.58e-01	1.81e-02
 7.01129e+22	2.88e-24	5.59e-18	8.61e-15	2.06e-12	1.41e-08	4.69e-06	3.44e-04	5.92e-03	4.12e-02	1.07e-01	1.22e-01	1.35e-01	4.21e-01	1.50e-01	1.65e-02
 7.07855e+22	3.59e-24	6.74e-18	1.01e-14	2.33e-12	1.60e-08	5.29e-06	3.84e-04	6.51e-03	4.44e-02	1.13e-01	1.26e-01	1.36e-01	4.14e-01	1.43e-01	1.54e-02
 7.14749e+22	4.77e-24	8.61e-18	1.24e-14	2.72e-12	1.88e-08	6.19e-06	4.44e-04	7.38e-03	4.88e-02	1.21e-01	1.31e-01	1.37e-01	4.05e-01	1.35e-01	1.40e-02
 7.21775e+22	5.96e-24	1.04e-17	1.45e-14	3.09e-12	2.13e-08	6.98e-06	4.96e-04	8.11e-03	5.25e-02	1.27e-01	1.35e-01	1.38e-01	3.97e-01	1.29e-01	1.30e-02
 7.28971e+22	7.95e-24	1.33e-17	1.78e-14	3.62e-12	2.50e-08	8.15e-06	5.72e-04	9.17e-03	5.77e-02	1.36e-01	1.39e-01	1.38e-01	3.86e-01	1.21e-01	1.18e-02
 7.36301e+22	1.19e-24	1.62e-17	2.10e-14	4.11e-12	2.84e-08	9.19e-06	6.38e-04	1.01e-02	6.19e-02	1.43e-01	1.43e-01	1.39e-01	3.77e-01	1.15e-01	1.09e-02
 7.43807e+22	1.61e-24	2.08e-17	2.59e-14	4.84e-12	3.33e-08	1.07e-05	7.35e-04	1.14e-02	6.78e-02	1.52e-01	1.47e-01	1.39e-01	3.65e-01	1.07e-01	9.82e-03
 7.51144e+22	1.99e-24	2.48e-17	3.01e-14	5.46e-12	3.73e-08	1.19e-05	8.09e-04	1.23e-02	7.20e-02	1.58e-01	1.50e-01	1.38e-01	3.57e-01	1.02e-01	9.14e-03
 7.58262e+22	2.65e-24	3.13e-17	3.65e-14	6.34e-12	4.31e-08	1.37e-05	9.21e-04	1.37e-02	7.81e-02	1.67e-01	1.54e-01	1.38e-01	3.45e-01	9.55e-02	8.23e-03
 7.65492e+22	3.28e-24	3.74e-17	4.26e-14	7.17e-12	4.83e-08	1.52e-05	1.01e-03	1.49e-02	8.28e-02	1.73e-01	1.56e-01	1.37e-01	3.36e-01	9.08e-02	7.63e-03
 7.72867e+22	4.34e-24	4.72e-17	5.18e-14	8.35e-12	5.57e-08	1.75e-05	1.15e-03	1.65e-02	8.94e-02	1.82e-01	1.59e-01	1.36e-01	3.24e-01	8.45e-02	6.87e-03
 7.80473e+22	5.47e-24	5.71e-17	6.09e-14	9.49e-12	6.27e-08	1.95e-05	1.27e-03	1.80e-02	9.50e-02	1.89e-01	1.62e-01	1.35e-01	3.14e-01	7.96e-02	6.29e-03
 7.88379e+22	7.29e-24	7.25e-17	7.45e-14	1.12e-11	7.26e-08	2.24e-05	1.43e-03	1.99e-02	1.02e-01	1.98e-01	1.64e-01	1.33e-01	3.01e-01	7.38e-02	5.63e-03
 7.96543e+22	9.32e-24	8.87e-17	8.85e-14	1.28e-11	8.22e-08	2.52e-05	1.59e-03	2.17e-02	1.09e-01	2.06e-01	1.66e-01	1.32e-01	2.90e-01	6.90e-02	5.12e-03
 8.05046e+22	9.55e-24	1.14e-16	1.10e-13	1.52e-11	9.57e-08	2.90e-05	1.80e-03	2.41e-02	1.17e-01	2.15e-01	1.68e-01	1.29e-01	2.77e-01	6.35e-02	4.54e-03
 8.13782e+22	1.23e-23	1.40e-16	1.31e-13	1.75e-11	1.09e-07	3.26e-05	2.00e-03	2.63e-02	1.24e-01	2.22e-01	1.69e-01	1.27e-01	2.66e-01	5.90e-02	4.09e-03
 8.22820e+22	1.69e-23	1.81e-16	1.64e-13	2.09e-11	1.27e-07	3.76e-05	2.27e-03	2.92e-02	1.33e-01	2.31e-01	1.70e-01	1.24e-01	2.52e-01	5.38e-02	3.59e-03
 8.32157e+22	2.20e-23	2.26e-16	1.97e-13	2.43e-11	1.45e-07	4.24e-05	2.53e-03	3.18e-02	1.41e-01	2.39e-01	1.71e-01	1.22e-01	2.40e-01	4.96e-02	3.21e-03
 8.41883e+22	3.06e-23	2.96e-16	2.49e-13	2.93e-11	1.70e-07	4.92e-05	2.88e-03	3.53e-02	1.52e-01	2.48e-01	1.71e-01	1.18e-01	2.25e-01	4.48e-02	2.78e-03
 8.51883e+22	4.03e-23	3.71e-16	3.03e-13	3.43e-11	1.95e-07	5.56e-05	3.20e-03	3.85e-02	1.61e-01	2.55e-01	1.71e-01	1.15e-01	2.13e-01	4.10e-02	2.46e-03
 8.60858e+22	5.24e-23	4.61e-16	3.66e-13	3.99e-11	2.22e-07	6.25e-05	3.54e-03	4.17e-02	1.69e-01	2.61e-01	1.71e-01	1.12e-01	2.02e-01	3.77e-02	2.19e-03
 8.71145e+22	7.43e-23	6.13e-16	4.67e-13	4.84e-11	2.61e-07	7.25e-05	4.03e-03	4.62e-02	1.81e-01	2.69e-01	1.69e-01	1.08e-01	1.88e-01	3.34e-02	1.86e-03
 8.81522e+22	9.67e-23	7.61e-16	5.64e-13	5.65e-11	2.97e-07	8.13e-05	4.44e-03	4.99e-02	1.89e-01	2.75e-01	1.68e-01	1.04e-01	1.77e-01	3.05e-02	1.65e-03
 8.92017e+22	1.36e-22	1.01e-15	7.17e-13	6.84e-11	3.48e-07	9.38e-05	5.03e-03	5.50e-02	2.01e-01	2.81e-01	1.66e-01	9.95e-02	1.63e-01	2.70e-02	1.40e-03
 9.02733e+22	1.80e-22	1.26e-15	8.73e-13	8.00e-11	3.96e-07	1.05e-04	5.55e-03	5.95e-02	2.11e-01	2.86e-01	1.64e-01	9.57e-02	1.53e-01	2.44e-02	1.22e-03
 9.13739e+22	2.57e-22	1.69e-15	1.12e-12	9.74e-11	4.65e-07	1.22e-04	6.28e-03	6.55e-02	2.23e-01	2.92e-01	1.60e-01	9.08e-02	1.40e-01	2.13e-02	1.02e-03
 9.24923e+22	3.42e-22	2.13e-15	1.36e-12	1.14e-10	5.28e-07	1.36e-04	6.92e-03	7.06e-02	2.33e-01	2.95e-01	1.57e-01	8.68e-02	1.30e-01	1.91e-02	8.77e-04
 9.36338e+22	4.94e-22	2.87e-15	1.76e-12	1.39e-10	6.19e-07	1.57e-04	7.83e-03	7.77e-02	2.46e-01	2.99e-01	1.53e-01	8.16e-02	1.17e-01	1.64e-02	7.21e-04
 9.47808e+22	6.55e-22	3.61e-15	2.14e-12	1.63e-10	7.00e-07	1.76e-04	8.59e-03	8.34e-02	2.55e-01	3.02e-01	1.49e-01	7.76e-02	1.09e-01	1.46e-02	6.19e-04
 9.57302e+22	8.44e-22	4.44e-15	2.55e-12	1.86e-10	7.79e-07	1.93e-04	9.32e-03	8.88e-02	2.64e-01	3.03e-01	1.46e-01	7.41e-02	1.01e-01	1.32e-02	5.38e-04
 9.67601e+22	1.17e-21	5.80e-15	3.18e-12	2.21e-10	8.90e-07	2.18e-04	1.03e-02	9.62e-02	2.75e-01	3.04e-01	1.41e-01	6.96e-02	9.14e-02	1.14e-02	4.46e-04
 9.77898e+22	1.51e-21	7.11e-15	3.78e-12	2.53e-10	9.88e-07	2.39e-04	1.12e-02	1.02e-01	2.83e-01	3.05e-01	1.37e-01	6.62e-02	8.46e-02	1.02e-02	3.86e-04
 9.88194e+22	2.10e-21	9.28e-15	4.71e-12	3.00e-10	1.12e-06	2.68e-04	1.23e-02	1.10e-01	2.94e-01	3.04e-01	1.32e-01	6.19e-02	7.62e-02	8.78e-03	3.18e-04
 9.98616e+22	2.72e-21	1.14e-14	5.61e-12	3.43e-10	1.24e-06	2.93e-04	1.33e-02	1.17e-01	3.02e-01	3.04e-01	1.28e-01	5.86e-02	7.02e-02	7.80e-03	2.73e-04
 1.00920e+23	3.83e-21	1.51e-14	7.03e-12	4.07e-10	1.41e-06	3.29e-04	1.47e-02	1.26e-01	3.12e-01	3.02e-01	1.22e-01	5.43e-02	6.26e-02	6.64e-03	2.21e-04
 1.01992e+23	5.00e-21	1.87e-14	8.41e-12	4.67e-10	1.56e-06	3.59e-04	1.59e-02	1.33e-01	3.19e-01	3.00e-01	1.17e-01	5.12e-02	5.72e-02	5.85e-03	1.88e-04
 1.03082e+23	7.10e-21	2.48e-14	1.06e-11	5.56e-10	1.77e-06	4.02e-04	1.75e-02	1.43e-01	3.28e-01	2.96e-01	1.11e-01	4.71e-02	5.07e-02	4.93e-03	1.51e-04
 1.04192e+23	9.45e-21	3.11e-14	1.28e-11	6.40e-10	1.96e-06	4.40e-04	1.89e-02	1.52e-01	3.36e-01	2.93e-01	1.06e-01	4.40e-02	4.58e-02	4.28e-03	1.26e-04
 1.05331e+23	1.37e-20	4.20e-14	1.62e-11	7.68e-10	2.23e-06	4.94e-04	2.08e-02	1.64e-01	3.44e-01	2.87e-01	9.99e-02	4.02e-02	4.00e-02	3.55e-03	9.88e-05
 1.06492e+23	1.86e-20	5.34e-14	1.97e-11	8.91e-10	2.47e-06	5.41e-04	2.25e-02	1.73e-01	3.51e-01	2.82e-01	9.47e-02	3.73e-02	3.58e-02	3.04e-03	8.12e-05
 1.07684e+23	2.77e-20	7.33e-14	2.54e-11	1.08e-09	2.82e-06	6.08e-04	2.48e-02	1.87e-01	3.58e-01	2.75e-01	8.80e-02	3.37e-02	3.09e-02	2.48e-03	6.25e-05
 1.08886e+23	3.80e-20	9.41e-14	3.11e-11	1.26e-09	3.14e-06	6.67e-04	2.68e-02	1.98e-01	3.63e-01	2.68e-01	8.28e-02	3.10e-02	2.74e-02	2.10e-03	5.07e-05
 1.09894e+23	5.09e-20	1.18e-13	3.74e-11	1.44e-09	3.45e-06	7.24e-04	2.87e-02	2.08e-01	3.67e-01	2.62e-01	7.81e-02	2.87e-02	2.45e-02	1.80e-03	4.18e-05
 1.10986e+23	7.44e-20	1.59e-13	4.73e-11	1.73e-09	3.91e-06	8.05e-04	3.13e-02	2.22e-01	3.72e-01	2.53e-01	7.23e-02	2.60e-02	2.12e-02	1.48e-03	3.25e-05
 1.12090e+23	1.02e-19	2.02e-13	5.73e-11	2.00e-09	4.33e-06	8.77e-04	3.36e-02	2.33e-01	3.75e-01	2.46e-01	6.77e-02	2.39e-02	1.88e-02	1.26e-03	2.65e-05
 1.13167e+23	1.48e-19	2.69e-13	7.21e-11	2.39e-09	4.89e-06	9.71e-04	3.65e-02	2.47e-01	3.78e-01	2.36e-01	6.24e-02	2.16e-02	1.63e-02	1.03e-03	2.07e-05
 1.14267e+23	2.09e-19	3.48e-13	8.84e-11	2.80e-09	5.46e-06	1.06e-03	3.92e-02	2.60e-01	3.79e-01	2.28e-01	5.79e-02	1.97e-02	1.43e-02	8.66e-04	1.66e-05
 1.15346e+23	3.08e-19	4.62e-13	1.11e-10	3.35e-09	6.18e-06	1.17e-03	4.24e-02	2.75e-01	3.80e-01	2.18e-01	5.32e-02	1.78e-02	1.23e-02	7.11e-04	1.30e-05
 1.16447e+23	4.50e-19	6.05e-13	1.38e-10	3.98e-09	6.97e-06	1.29e-03	4.56e-02	2.89e-01	3.79e-01	2.08e-01	4.89e-02	1.61e-02	1.07e-02	5.88e-04	1.02e-05
 1.17536e+23	6.78e-19	8.02e-13	1.73e-10	4.76e-09	7.91e-06	1.43e-03	4.92e-02	3.04e-01	3.78e-01	1.98e-01	4.47e-02	1.45e-02	9.21e-03	4.82e-04	7.99e-06
 1.18630e+23	1.03e-18	1.06e-12	2.16e-10	5.70e-09	8.99e-06	1.58e-03	5.29e-02	3.19e-01	3.76e-01	1.88e-01	4.08e-02	1.31e-02	7.93e-03	3.96e-04	6.25e-06
 1.19713e+23	1.62e-18	1.40e-12	2.71e-10	6.85e-09	1.02e-05	1.75e-03	5.70e-02	3.34e-01	3.73e-01	1.78e-01	3.71e-02	1.17e-02	6.82e-03	3.24e-04	4.88e-06
 1.20794e+23	2.62e-18	1.85e-12	3.40e-10	8.24e-09	1.17e-05	1.93e-03	6.12e-02	3.49e-01	3.69e-01	1.69e-01	3.37e-02	1.05e-02	5.85e-03	2.65e-04	3.80e-06
 1.21877e+23	4.44e-18	2.44e-12	4.27e-10	9.94e-09	1.34e-05	2.14e-03	6.58e-02	3.64e-01	3.64e-01	1.59e-01	3.05e-02	9.39e-03	5.00e-03	2.16e-04	2.95e-06
 1.22964e+23	7.77e-18	3.23e-12	5.37e-10	1.20e-08	1.54e-05	2.37e-03	7.06e-02	3.80e-01	3.58e-01	1.49e-01	2.75e-02	8.38e-03	4.27e-03	1.75e-04	2.29e-06
 1.24057e+23	1.32e-17	4.28e-12	6.76e-10	1.46e-08	1.77e-05	2.63e-03	7.58e-02	3.95e-01	3.52e-01	1.39e-01	2.47e-02	7.45e-03	3.63e-03	1.42e-04	1.77e-06
 1.25160e+23	2.01e-17	5.66e-12	8.53e-10	1.78e-08	2.04e-05	2.92e-03	8.13e-02	4.10e-01	3.44e-01	1.30e-01	2.22e-02	6.61e-03	3.08e-03	1.15e-04	1.36e-06
 1.26276e+23	2.84e-17	7.51e-12	1.08e-09	2.17e-08	2.36e-05	3.24e-03	8.71e-02	4.24e-01	3.36e-01	1.21e-01	1.98e-02	5.85e-03	2.60e-03	9.24e-05	1.04e-06
 1.27398e+23	3.89e-17	9.92e-12	1.36e-09	2.64e-08	2.73e-05	3.60e-03	9.32e-02	4.39e-01	3.27e-01	1.12e-01	1.77e-02	5.16e-03	2.20e-03	7.43e-05	8.00e-07
 1.28538e+23	5.33e-17	1.32e-11	1.73e-09	3.24e-08	3.18e-05	4.00e-03	9.98e-02	4.53e-01	3.18e-01	1.04e-01	1.57e-02	4.53e-03	1.84e-03	5.93e-05	6.07e-07
 1.29692e+23	7.20e-17	1.74e-11	2.18e-09	3.97e-08	3.69e-05	4.44e-03	1.07e-01	4.66e-01	3.08e-01	9.58e-02	1.39e-02	3.98e-03	1.55e-03	4.74e-05	4.62e-07
 1.30868e+23	9.81e-17	2.32e-11	2.79e-09	4.90e-08	4.31e-05	4.95e-03	1.14e-01	4.79e-01	2.97e-01	8.79e-02	1.23e-02	3.47e-03	1.28e-03	3.74e-05	3.47e-07
 1.32066e+23	1.32e-16	3.05e-11	3.53e-09	6.02e-08	5.01e-05	5.50e-03	1.22e-01	4.91e-01	2.86e-01	8.06e-02	1.08e-02	3.03e-03	1.07e-03	2.97e-05	2.62e-07
 1.33164e+23	1.69e-16	3.85e-11	4.30e-09	7.16e-08	5.70e-05	6.01e-03	1.28e-01	5.01e-01	2.77e-01	7.49e-02	9.71e-03	2.70e-03	9.17e-04	2.44e-05	2.06e-07
 1.34311e+23	2.32e-16	5.15e-11	5.52e-09	8.92e-08	6.70e-05	6.71e-03	1.37e-01	5.12e-01	2.64e-01	6.80e-02	8.45e-03	2.32e-03	7.52e-04	1.89e-05	1.52e-07
 1.35475e+23	2.96e-16	6.47e-11	6.74e-09	1.06e-07	7.62e-05	7.33e-03	1.44e-01	5.21e-01	2.55e-01	6.29e-02	7.56e-03	2.06e-03	6.41e-04	1.55e-05	0.00e+00
 1.36675e+23	4.03e-16	8.67e-11	8.69e-09	1.33e-07	8.99e-05	8.19e-03	1.54e-01	5.30e-01	2.42e-01	5.68e-02	6.54e-03	1.76e-03	5.20e-04	1.19e-05	0.00e+00
 1.37878e+23	5.09e-16	1.08e-10	1.06e-08	1.58e-07	1.02e-04	8.92e-03	1.61e-01	5.37e-01	2.33e-01	5.24e-02	5.84e-03	1.56e-03	4.43e-04	9.70e-06	0.00e+00
 1.39083e+23	6.86e-16	1.44e-10	1.35e-08	1.97e-07	1.20e-04	9.94e-03	1.71e-01	5.44e-01	2.20e-01	4.72e-02	5.04e-03	1.33e-03	3.59e-04	7.45e-06	0.00e+00
 1.40294e+23	8.59e-16	1.78e-10	1.64e-08	2.34e-07	1.36e-04	1.08e-02	1.79e-01	5.49e-01	2.11e-01	4.35e-02	4.50e-03	1.17e-03	3.06e-04	6.09e-06	0.00e+00
 1.41513e+23	1.14e-15	2.35e-10	2.09e-08	2.91e-07	1.59e-04	1.20e-02	1.90e-01	5.55e-01	1.99e-01	3.91e-02	3.88e-03	9.98e-04	2.48e-04	4.67e-06	0.00e+00
 1.42745e+23	1.43e-15	2.90e-10	2.52e-08	3.44e-07	1.80e-04	1.30e-02	1.98e-01	5.58e-01	1.90e-01	3.59e-02	3.46e-03	8.79e-04	2.10e-04	3.80e-06	0.00e+00
 1.43994e+23	1.89e-15	3.81e-10	3.21e-08	4.28e-07	2.11e-04	1.44e-02	2.09e-01	5.61e-01	1.79e-01	3.22e-02	2.97e-03	7.45e-04	1.70e-04	2.90e-06	0.00e+00
 1.45262e+23	2.35e-15	4.70e-10	3.88e-08	5.07e-07	2.39e-04	1.56e-02	2.18e-01	5.63e-01	1.70e-01	2.95e-02	2.64e-03	6.54e-04	1.44e-04	2.35e-06	0.00e+00
 1.46553e+23	3.11e-15	6.14e-10	4.94e-08	6.31e-07	2.80e-04	1.73e-02	2.30e-01	5.64e-01	1.59e-01	2.63e-02	2.26e-03	5.51e-04	1.15e-04	1.79e-06	0.00e+00
 1.47868e+23	3.87e-15	7.59e-10	5.98e-08	7.50e-07	3.18e-04	1.88e-02	2.39e-01	5.64e-01	1.51e-01	2.40e-02	2.00e-03	4.81e-04	9.69e-05	1.44e-06	0.00e+00
 1.49216e+23	5.11e-15	9.94e-10	7.64e-08	9.37e-07	3.73e-04	2.08e-02	2.52e-01	5.63e-01	1.40e-01	2.13e-02	1.70e-03	4.03e-04	7.72e-05	1.08e-06	0.00e+00
 1.50596e+23	6.38e-15	1.23e-09	9.29e-08	1.12e-06	4.24e-04	2.25e-02	2.62e-01	5.62e-01	1.32e-01	1.94e-02	1.50e-03	3.50e-04	6.44e-05	8.62e-07	0.00e+00
 1.52019e+23	8.45e-15	1.62e-09	1.20e-07	1.41e-06	5.01e-04	2.50e-02	2.75e-01	5.58e-01	1.22e-01	1.71e-02	1.26e-03	2.90e-04	5.07e-05	6.40e-07	0.00e+00
 1.53465e+23	1.05e-14	2.01e-09	1.46e-07	1.68e-06	5.70e-04	2.71e-02	2.85e-01	5.55e-01	1.15e-01	1.55e-02	1.11e-03	2.51e-04	4.21e-05	5.07e-07	0.00e+00
 1.54680e+23	1.28e-14	2.42e-09	1.73e-07	1.97e-06	6.38e-04	2.91e-02	2.95e-01	5.51e-01	1.09e-01	1.42e-02	9.85e-04	2.20e-04	3.57e-05	4.12e-07	0.00e+00
 1.55998e+23	1.64e-14	3.08e-09	2.17e-07	2.42e-06	7.39e-04	3.19e-02	3.07e-01	5.46e-01	1.01e-01	1.26e-02	8.44e-04	1.85e-04	2.87e-05	3.14e-07	0.00e+00
 1.57278e+23	1.95e-14	3.66e-09	2.54e-07	2.80e-06	8.20e-04	3.40e-02	3.15e-01	5.42e-01	9.56e-02	1.16e-02	7.57e-04	1.64e-04	2.46e-05	2.59e-07	0.00e+00
 1.58509e+23	2.44e-14	4.56e-09	3.12e-07	3.38e-06	9.39e-04	3.70e-02	3.27e-01	5.35e-01	8.89e-02	1.04e-02	6.54e-04	1.40e-04	2.01e-05	2.01e-07	0.00e+00
 1.59754e+23	2.91e-14	5.40e-09	3.65e-07	3.90e-06	1.04e-03	3.93e-02	3.36e-01	5.30e-01	8.41e-02	9.61e-03	5.87e-04	1.24e-04	1.72e-05	1.66e-07	0.00e+00
 1.61017e+23	3.63e-14	6.72e-09	4.48e-07	4.72e-06	1.19e-03	4.27e-02	3.47e-01	5.22e-01	7.80e-02	8.60e-03	5.07e-04	1.05e-04	1.40e-05	1.29e-07	0.00e+00
 1.62300e+23	4.34e-14	7.97e-09	5.26e-07	5.45e-06	1.32e-03	4.54e-02	3.56e-01	5.15e-01	7.37e-02	7.90e-03	4.53e-04	9.27e-05	1.20e-05	0.00e+00	0.00e+00
 1.63608e+23	5.43e-14	9.94e-09	6.48e-07	6.62e-06	1.51e-03	4.93e-02	3.67e-01	5.06e-01	6.80e-02	7.04e-03	3.89e-04	7.83e-05	9.69e-06	0.00e+00	0.00e+00
 1.64934e+23	6.50e-14	1.18e-08	7.62e-07	7.66e-06	1.68e-03	5.25e-02	3.76e-01	4.99e-01	6.40e-02	6.46e-03	3.47e-04	6.89e-05	8.25e-06	0.00e+00	0.00e+00
 1.66283e+23	8.13e-14	1.47e-08	9.40e-07	9.31e-06	1.92e-03	5.69e-02	3.88e-01	4.89e-01	5.89e-02	5.74e-03	2.97e-04	5.80e-05	6.64e-06	0.00e+00	0.00e+00
 1.67660e+23	9.77e-14	1.76e-08	1.11e-06	1.08e-05	2.14e-03	6.06e-02	3.96e-01	4.80e-01	5.52e-02	5.24e-03	2.64e-04	5.07e-05	5.62e-06	0.00e+00	0.00e+00
 1.69071e+23	1.23e-13	2.20e-08	1.38e-06	1.32e-05	2.46e-03	6.58e-02	4.08e-01	4.68e-01	5.05e-02	4.63e-03	2.24e-04	4.24e-05	4.48e-06	0.00e+00	0.00e+00
 1.70514e+23	1.48e-13	2.64e-08	1.63e-06	1.54e-05	2.74e-03	7.01e-02	4.17e-01	4.59e-01	4.71e-02	4.21e-03	1.97e-04	3.68e-05	3.76e-06	0.00e+00	0.00e+00
 1.71997e+23	1.87e-13	3.33e-08	2.03e-06	1.89e-05	3.16e-03	7.62e-02	4.28e-01	4.46e-01	4.29e-02	3.70e-03	1.67e-04	3.06e-05	2.98e-06	0.00e+00	0.00e+00
 1.73519e+23	2.28e-13	4.02e-08	2.43e-06	2.23e-05	3.54e-03	8.13e-02	4.37e-01	4.35e-01	3.97e-02	3.34e-03	1.46e-04	2.63e-05	2.47e-06	0.00e+00	0.00e+00
 1.75091e+23	2.90e-13	5.10e-08	3.05e-06	2.75e-05	4.10e-03	8.83e-02	4.48e-01	4.21e-01	3.59e-02	2.92e-03	1.22e-04	2.17e-05	1.94e-06	0.00e+00	0.00e+00
 1.76677e+23	3.54e-13	6.16e-08	3.64e-06	3.22e-05	4.58e-03	9.40e-02	4.56e-01	4.10e-01	3.33e-02	2.64e-03	1.07e-04	1.87e-05	1.61e-06	0.00e+00	0.00e+00
 1.78284e+23	4.50e-13	7.81e-08	4.59e-06	3.99e-05	5.30e-03	1.02e-01	4.66e-01	3.95e-01	2.99e-02	2.30e-03	8.91e-05	1.53e-05	1.25e-06	0.00e+00	0.00e+00
 1.79907e+23	5.48e-13	9.43e-08	5.48e-06	4.69e-05	5.92e-03	1.09e-01	4.73e-01	3.83e-01	2.75e-02	2.07e-03	7.76e-05	1.31e-05	1.03e-06	0.00e+00	0.00e+00
 1.81552e+23	7.00e-13	1.20e-07	6.87e-06	5.78e-05	6.83e-03	1.17e-01	4.82e-01	3.67e-01	2.47e-02	1.80e-03	6.47e-05	1.07e-05	8.03e-07	0.00e+00	0.00e+00
 1.83176e+23	8.44e-13	1.43e-07	8.16e-06	6.75e-05	7.60e-03	1.24e-01	4.88e-01	3.56e-01	2.28e-02	1.62e-03	5.64e-05	9.22e-06	6.65e-07	0.00e+00	0.00e+00
 1.84770e+23	1.07e-12	1.80e-07	1.01e-05	8.23e-05	8.69e-03	1.34e-01	4.95e-01	3.41e-01	2.04e-02	1.42e-03	4.73e-05	7.60e-06	5.22e-07	0.00e+00	0.00e+00
 1.86421e+23	1.30e-12	2.17e-07	1.21e-05	9.71e-05	9.71e-03	1.42e-01	5.00e-01	3.28e-01	1.87e-02	1.26e-03	4.07e-05	6.46e-06	4.26e-07	0.00e+00	0.00e+00
 1.87797e+23	1.53e-12	2.54e-07	1.41e-05	1.11e-04	1.07e-02	1.49e-01	5.04e-01	3.18e-01	1.73e-02	1.15e-03	3.59e-05	5.64e-06	3.59e-07	0.00e+00	0.00e+00
 1.89239e+23	1.88e-12	3.09e-07	1.70e-05	1.32e-04	1.19e-02	1.58e-01	5.08e-01	3.05e-01	1.57e-02	1.02e-03	3.08e-05	4.76e-06	2.90e-07	0.00e+00	0.00e+00
 1.90729e+23	2.23e-12	3.66e-07	1.99e-05	1.53e-04	1.32e-02	1.67e-01	5.11e-01	2.93e-01	1.44e-02	9.20e-04	2.68e-05	4.10e-06	2.41e-07	0.00e+00	0.00e+00
 1.92069e+23	2.64e-12	4.30e-07	2.33e-05	1.76e-04	1.45e-02	1.75e-01	5.14e-01	2.83e-01	1.32e-02	8.33e-04	2.35e-05	3.55e-06	2.01e-07	0.00e+00	0.00e+00
 1.93599e+23	3.27e-12	5.27e-07	2.82e-05	2.09e-04	1.62e-02	1.85e-01	5.16e-01	2.69e-01	1.19e-02	7.34e-04	1.99e-05	2.97e-06	1.61e-07	0.00e+00	0.00e+00
 1.95186e+23	3.92e-12	6.29e-07	3.34e-05	2.45e-04	1.80e-02	1.95e-01	5.18e-01	2.58e-01	1.08e-02	6.54e-04	1.71e-05	2.52e-06	1.31e-07	0.00e+00	0.00e+00
 1.96598e+23	4.66e-12	7.41e-07	3.90e-05	2.82e-04	1.97e-02	2.04e-01	5.18e-01	2.47e-01	9.91e-03	5.89e-04	1.49e-05	2.18e-06	0.00e+00	0.00e+00	0.00e+00
 1.98187e+23	5.79e-12	9.11e-07	4.74e-05	3.36e-04	2.21e-02	2.16e-01	5.18e-01	2.34e-01	8.87e-03	5.17e-04	1.26e-05	1.81e-06	0.00e+00	0.00e+00	0.00e+00
 1.99852e+23	6.98e-12	1.09e-06	5.65e-05	3.95e-04	2.46e-02	2.27e-01	5.17e-01	2.22e-01	7.97e-03	4.57e-04	1.07e-05	1.52e-06	0.00e+00	0.00e+00	0.00e+00
 2.01358e+23	8.36e-12	1.30e-06	6.64e-05	4.56e-04	2.70e-02	2.37e-01	5.16e-01	2.12e-01	7.24e-03	4.08e-04	9.21e-06	1.30e-06	0.00e+00	0.00e+00	0.00e+00
 2.03056e+23	1.05e-11	1.61e-06	8.13e-05	5.47e-04	3.03e-02	2.50e-01	5.13e-01	1.99e-01	6.40e-03	3.54e-04	7.64e-06	1.06e-06	0.00e+00	0.00e+00	0.00e+00
 2.04811e+23	1.28e-11	1.94e-06	9.70e-05	6.43e-04	3.36e-02	2.62e-01	5.10e-01	1.87e-01	5.72e-03	3.11e-04	6.45e-06	8.88e-07	0.00e+00	0.00e+00	0.00e+00
 2.06375e+23	1.53e-11	2.31e-06	1.14e-04	7.46e-04	3.69e-02	2.74e-01	5.06e-01	1.77e-01	5.15e-03	2.76e-04	5.51e-06	7.51e-07	0.00e+00	0.00e+00	0.00e+00
 2.08144e+23	1.93e-11	2.87e-06	1.40e-04	8.98e-04	4.15e-02	2.88e-01	5.00e-01	1.65e-01	4.51e-03	2.37e-04	4.52e-06	6.09e-07	0.00e+00	0.00e+00	0.00e+00
 2.09983e+23	2.34e-11	3.47e-06	1.68e-04	1.06e-03	4.60e-02	3.01e-01	4.94e-01	1.54e-01	3.98e-03	2.06e-04	3.76e-06	5.02e-07	0.00e+00	0.00e+00	0.00e+00
 2.11633e+23	2.84e-11	4.15e-06	1.99e-04	1.23e-03	5.05e-02	3.12e-01	4.87e-01	1.45e-01	3.55e-03	1.82e-04	3.19e-06	4.21e-07	0.00e+00	0.00e+00	0.00e+00
 2.13501e+23	3.61e-11	5.21e-06	2.46e-04	1.49e-03	5.68e-02	3.27e-01	4.77e-01	1.33e-01	3.06e-03	1.54e-04	2.56e-06	3.35e-07	0.00e+00	0.00e+00	0.00e+00
 2.15435e+23	4.42e-11	6.32e-06	2.95e-04	1.76e-03	6.28e-02	3.40e-01	4.68e-01	1.24e-01	2.69e-03	1.33e-04	2.12e-06	2.74e-07	0.00e+00	0.00e+00	0.00e+00
 2.17182e+23	5.37e-11	7.61e-06	3.51e-04	2.06e-03	6.90e-02	3.52e-01	4.59e-01	1.15e-01	2.36e-03	1.15e-04	1.76e-06	2.26e-07	0.00e+00	0.00e+00	0.00e+00
 2.19182e+23	6.90e-11	9.65e-06	4.38e-04	2.51e-03	7.77e-02	3.68e-01	4.45e-01	1.04e-01	2.00e-03	9.61e-05	1.39e-06	1.76e-07	0.00e+00	0.00e+00	0.00e+00
 2.21210e+23	8.40e-11	1.17e-05	5.24e-04	2.96e-03	8.57e-02	3.80e-01	4.33e-01	9.56e-02	1.73e-03	8.22e-05	1.13e-06	1.43e-07	0.00e+00	0.00e+00	0.00e+00
 2.23001e+23	1.03e-10	1.41e-05	6.24e-04	3.45e-03	9.37e-02	3.91e-01	4.21e-01	8.81e-02	1.52e-03	7.09e-05	9.35e-07	0.00e+00	0.00e+00	0.00e+00	0.00e+00
 2.25058e+23	1.32e-10	1.79e-05	7.78e-04	4.21e-03	1.05e-01	4.05e-01	4.05e-01	7.88e-02	1.27e-03	5.82e-05	7.25e-07	0.00e+00	0.00e+00	0.00e+00	0.00e+00
 2.27145e+23	1.61e-10	2.17e-05	9.28e-04	4.95e-03	1.15e-01	4.16e-01	3.90e-01	7.17e-02	1.09e-03	4.94e-05	5.86e-07	0.00e+00	0.00e+00	0.00e+00	0.00e+00
 2.29271e+23	2.09e-10	2.76e-05	1.16e-03	6.01e-03	1.29e-01	4.28e-01	3.72e-01	6.36e-02	9.01e-04	4.03e-05	4.51e-07	0.00e+00	0.00e+00	0.00e+00	0.00e+00
 2.31437e+23	2.58e-10	3.37e-05	1.39e-03	7.07e-03	1.41e-01	4.37e-01	3.56e-01	5.73e-02	7.66e-04	3.38e-05	3.60e-07	0.00e+00	0.00e+00	0.00e+00	0.00e+00
 2.33361e+23	3.15e-10	4.09e-05	1.65e-03	8.28e-03	1.53e-01	4.44e-01	3.40e-01	5.16e-02	6.52e-04	2.84e-05	2.88e-07	0.00e+00	0.00e+00	0.00e+00	0.00e+00
 2.35568e+23	4.11e-10	5.23e-05	2.07e-03	1.01e-02	1.70e-01	4.52e-01	3.19e-01	4.50e-02	5.30e-04	2.27e-05	2.17e-07	0.00e+00	0.00e+00	0.00e+00	0.00e+00
 2.37813e+23	5.09e-10	6.39e-05	2.47e-03	1.18e-02	1.85e-01	4.58e-01	3.02e-01	4.00e-02	4.46e-04	1.88e-05	1.71e-07	0.00e+00	0.00e+00	0.00e+00	0.00e+00
 2.40106e+23	6.67e-10	8.23e-05	3.10e-03	1.44e-02	2.05e-01	4.62e-01	2.80e-01	3.43e-02	3.56e-04	1.48e-05	1.26e-07	0.00e+00	0.00e+00	0.00e+00	0.00e+00
 2.42423e+23	8.28e-10	1.01e-04	3.69e-03	1.68e-02	2.21e-01	4.64e-01	2.63e-01	3.03e-02	2.96e-04	1.21e-05	0.00e+00	0.00e+00	0.00e+00	0.00e+00	0.00e+00
 2.44432e+23	1.02e-09	1.22e-04	4.37e-03	1.95e-02	2.38e-01	4.65e-01	2.47e-01	2.67e-02	2.48e-04	1.00e-05	0.00e+00	0.00e+00	0.00e+00	0.00e+00	0.00e+00
 2.46355e+23	1.24e-09	1.46e-04	5.11e-03	2.22e-02	2.54e-01	4.63e-01	2.31e-01	2.37e-02	2.10e-04	8.36e-06	0.00e+00	0.00e+00	0.00e+00	0.00e+00	0.00e+00
 2.48184e+23	1.49e-09	1.73e-04	5.92e-03	2.53e-02	2.70e-01	4.61e-01	2.17e-01	2.10e-02	1.77e-04	6.97e-06	0.00e+00	0.00e+00	0.00e+00	0.00e+00	0.00e+00
 2.50239e+23	1.89e-09	2.16e-04	7.14e-03	2.97e-02	2.90e-01	4.56e-01	1.99e-01	1.80e-02	1.43e-04	5.54e-06	0.00e+00	0.00e+00	0.00e+00	0.00e+00	0.00e+00
 2.52298e+23	2.29e-09	2.56e-04	8.27e-03	3.37e-02	3.06e-01	4.51e-01	1.85e-01	1.58e-02	1.20e-04	4.58e-06	0.00e+00	0.00e+00	0.00e+00	0.00e+00	0.00e+00
 2.54361e+23	2.91e-09	3.18e-04	9.92e-03	3.92e-02	3.27e-01	4.42e-01	1.68e-01	1.34e-02	9.61e-05	3.61e-06	0.00e+00	0.00e+00	0.00e+00	0.00e+00	0.00e+00
 2.56459e+23	3.54e-09	3.80e-04	1.15e-02	4.43e-02	3.44e-01	4.34e-01	1.54e-01	1.17e-02	7.97e-05	2.95e-06	0.00e+00	0.00e+00	0.00e+00	0.00e+00	0.00e+00
 2.58323e+23	4.29e-09	4.52e-04	1.33e-02	4.99e-02	3.60e-01	4.24e-01	1.42e-01	1.01e-02	6.62e-05	2.41e-06	0.00e+00	0.00e+00	0.00e+00	0.00e+00	0.00e+00
 2.60465e+23	5.49e-09	5.64e-04	1.59e-02	5.78e-02	3.80e-01	4.10e-01	1.27e-01	8.44e-03	5.21e-05	1.86e-06	0.00e+00	0.00e+00	0.00e+00	0.00e+00	0.00e+00
 2.62636e+23	6.69e-09	6.74e-04	1.83e-02	6.50e-02	3.97e-01	3.97e-01	1.15e-01	7.21e-03	4.24e-05	1.49e-06	0.00e+00	0.00e+00	0.00e+00	0.00e+00	0.00e+00
 2.64551e+23	8.17e-09	8.02e-04	2.11e-02	7.25e-02	4.11e-01	3.84e-01	1.04e-01	6.18e-03	3.49e-05	1.20e-06	0.00e+00	0.00e+00	0.00e+00	0.00e+00	0.00e+00
 2.66314e+23	9.67e-09	9.31e-04	2.37e-02	7.96e-02	4.24e-01	3.72e-01	9.51e-02	5.39e-03	2.93e-05	9.94e-07	0.00e+00	0.00e+00	0.00e+00	0.00e+00	0.00e+00
 2.67925e+23	1.14e-08	1.07e-03	2.65e-02	8.69e-02	4.35e-01	3.59e-01	8.70e-02	4.70e-03	2.47e-05	8.25e-07	0.00e+00	0.00e+00	0.00e+00	0.00e+00	0.00e+00
 2.69775e+23	1.41e-08	1.29e-03	3.06e-02	9.70e-02	4.48e-01	3.42e-01	7.73e-02	3.93e-03	1.97e-05	6.46e-07	0.00e+00	0.00e+00	0.00e+00	0.00e+00	0.00e+00
 2.71644e+23	1.66e-08	1.49e-03	3.42e-02	1.05e-01	4.57e-01	3.28e-01	7.01e-02	3.40e-03	1.65e-05	5.31e-07	0.00e+00	0.00e+00	0.00e+00	0.00e+00	0.00e+00
 2.73539e+23	2.06e-08	1.79e-03	3.93e-02	1.17e-01	4.68e-01	3.10e-01	6.17e-02	2.82e-03	1.31e-05	4.13e-07	0.00e+00	0.00e+00	0.00e+00	0.00e+00	0.00e+00
 2.75453e+23	2.45e-08	2.08e-03	4.40e-02	1.27e-01	4.75e-01	2.94e-01	5.52e-02	2.40e-03	1.07e-05	3.32e-07	0.00e+00	0.00e+00	0.00e+00	0.00e+00	0.00e+00
 2.77115e+23	2.89e-08	2.39e-03	4.88e-02	1.37e-01	4.81e-01	2.80e-01	4.95e-02	2.06e-03	8.91e-06	2.70e-07	0.00e+00	0.00e+00	0.00e+00	0.00e+00	0.00e+00
 2.78997e+23	3.55e-08	2.84e-03	5.55e-02	1.50e-01	4.86e-01	2.61e-01	4.31e-02	1.69e-03	7.03e-06	2.08e-07	0.00e+00	0.00e+00	0.00e+00	0.00e+00	0.00e+00
 2.80927e+23	4.22e-08	3.29e-03	6.17e-02	1.61e-01	4.89e-01	2.45e-01	3.81e-02	1.42e-03	5.70e-06	1.66e-07	0.00e+00	0.00e+00	0.00e+00	0.00e+00	0.00e+00
 2.82644e+23	5.00e-08	3.79e-03	6.82e-02	1.73e-01	4.90e-01	2.30e-01	3.37e-02	1.20e-03	4.67e-06	1.33e-07	0.00e+00	0.00e+00	0.00e+00	0.00e+00	0.00e+00
 2.84599e+23	6.17e-08	4.51e-03	7.72e-02	1.88e-01	4.90e-01	2.11e-01	2.87e-02	9.59e-04	3.60e-06	0.00e+00	0.00e+00	0.00e+00	0.00e+00	0.00e+00	0.00e+00
 2.86585e+23	7.34e-08	5.20e-03	8.53e-02	2.00e-01	4.87e-01	1.96e-01	2.50e-02	7.94e-04	2.88e-06	0.00e+00	0.00e+00	0.00e+00	0.00e+00	0.00e+00	0.00e+00
 2.88336e+23	8.69e-08	5.96e-03	9.38e-02	2.12e-01	4.84e-01	1.82e-01	2.18e-02	6.60e-04	2.33e-06	0.00e+00	0.00e+00	0.00e+00	0.00e+00	0.00e+00	0.00e+00
 2.90339e+23	1.07e-07	7.06e-03	1.05e-01	2.28e-01	4.77e-01	1.64e-01	1.82e-02	5.19e-04	1.76e-06	0.00e+00	0.00e+00	0.00e+00	0.00e+00	0.00e+00	0.00e+00
 2.92381e+23	1.27e-07	8.13e-03	1.16e-01	2.41e-01	4.69e-01	1.50e-01	1.56e-02	4.23e-04	1.39e-06	0.00e+00	0.00e+00	0.00e+00	0.00e+00	0.00e+00	0.00e+00
 2.94197e+23	1.51e-07	9.29e-03	1.26e-01	2.53e-01	4.61e-01	1.37e-01	1.34e-02	3.45e-04	1.10e-06	0.00e+00	0.00e+00	0.00e+00	0.00e+00	0.00e+00	0.00e+00
 2.96279e+23	1.86e-07	1.10e-02	1.41e-01	2.69e-01	4.47e-01	1.21e-01	1.09e-02	2.65e-04	8.14e-07	0.00e+00	0.00e+00	0.00e+00	0.00e+00	0.00e+00	0.00e+00
 2.98402e+23	2.21e-07	1.26e-02	1.53e-01	2.81e-01	4.35e-01	1.09e-01	9.16e-03	2.11e-04	6.29e-07	0.00e+00	0.00e+00	0.00e+00	0.00e+00	0.00e+00	0.00e+00
 3.00579e+23	2.74e-07	1.49e-02	1.70e-01	2.96e-01	4.17e-01	9.48e-02	7.33e-03	1.59e-04	4.55e-07	0.00e+00	0.00e+00	0.00e+00	0.00e+00	0.00e+00	0.00e+00
 3.02790e+23	3.27e-07	1.71e-02	1.84e-01	3.07e-01	4.02e-01	8.39e-02	6.03e-03	1.24e-04	3.44e-07	0.00e+00	0.00e+00	0.00e+00	0.00e+00	0.00e+00	0.00e+00
 3.04725e+23	3.86e-07	1.94e-02	1.98e-01	3.17e-01	3.86e-01	7.45e-02	5.01e-03	9.79e-05	2.64e-07	0.00e+00	0.00e+00	0.00e+00	0.00e+00	0.00e+00	0.00e+00
 3.06919e+23	4.74e-07	2.27e-02	2.17e-01	3.28e-01	3.64e-01	6.37e-02	3.93e-03	7.21e-05	1.88e-07	0.00e+00	0.00e+00	0.00e+00	0.00e+00	0.00e+00	0.00e+00
 3.08363e+23	4.94e-07	2.34e-02	2.21e-01	3.30e-01	3.60e-01	6.17e-02	3.74e-03	6.79e-05	1.76e-07	0.00e+00	0.00e+00	0.00e+00	0.00e+00	0.00e+00	0.00e+00
