#depth	C	C+	C+2	C+3	C+4	C+5	C+6	C[1]	C[2]	C[3]	C+[1]	C+[2]	CO
 4.62852e+21	0.00e+00	5.19e-28	2.85e-21	1.73e-15	1.45e-09	6.71e-05	1.00e+00	0.00e+00	0.00e+00	0.00e+00	0.00e+00	0.00e+00	1.12e-131
 1.05266e+22	0.00e+00	3.04e-27	1.17e-20	5.24e-15	3.02e-09	9.61e-05	1.00e+00	0.00e+00	0.00e+00	0.00e+00	0.00e+00	0.00e+00	4.02e-125
 1.26443e+22	0.00e+00	1.01e-26	3.09e-20	1.09e-14	4.91e-09	1.22e-04	1.00e+00	0.00e+00	0.00e+00	0.00e+00	0.00e+00	0.00e+00	2.54e-116
 1.41711e+22	0.00e+00	2.63e-26	6.70e-20	1.97e-14	7.23e-09	1.47e-04	1.00e+00	0.00e+00	0.00e+00	0.00e+00	0.00e+00	0.00e+00	3.73e-116
 1.50541e+22	0.00e+00	3.52e-26	8.46e-20	2.35e-14	8.13e-09	1.56e-04	1.00e+00	0.00e+00	0.00e+00	0.00e+00	0.00e+00	0.00e+00	4.20e-116
 1.54557e+22	0.00e+00	4.62e-26	1.06e-19	2.79e-14	9.09e-09	1.64e-04	1.00e+00	0.00e+00	0.00e+00	0.00e+00	0.00e+00	0.00e+00	6.13e-114
 1.59093e+22	0.00e+00	6.56e-26	1.40e-19	3.46e-14	1.05e-08	1.76e-04	1.00e+00	0.00e+00	0.00e+00	0.00e+00	0.00e+00	0.00e+00	6.92e-114
 1.63703e+22	0.00e+00	8.74e-26	1.77e-19	4.13e-14	1.18e-08	1.86e-04	1.00e+00	0.00e+00	0.00e+00	0.00e+00	0.00e+00	0.00e+00	1.35e-93
 1.67751e+22	0.00e+00	1.16e-25	2.22e-19	4.92e-14	1.32e-08	1.97e-04	1.00e+00	0.00e+00	0.00e+00	0.00e+00	0.00e+00	0.00e+00	3.00e-93
 1.71737e+22	0.00e+00	1.53e-25	2.79e-19	5.85e-14	1.48e-08	2.08e-04	1.00e+00	0.00e+00	0.00e+00	0.00e+00	0.00e+00	0.00e+00	2.91e-93
 1.76302e+22	0.00e+00	2.19e-25	3.72e-19	7.31e-14	1.71e-08	2.23e-04	1.00e+00	0.00e+00	0.00e+00	0.00e+00	0.00e+00	0.00e+00	2.17e-93
 1.80924e+22	0.00e+00	2.92e-25	4.70e-19	8.73e-14	1.93e-08	2.36e-04	1.00e+00	0.00e+00	0.00e+00	0.00e+00	0.00e+00	0.00e+00	7.23e-92
 1.84952e+22	2.24e-33	3.87e-25	5.90e-19	1.04e-13	2.16e-08	2.50e-04	1.00e+00	0.00e+00	0.00e+00	0.00e+00	0.00e+00	0.00e+00	3.37e-92
 1.89520e+22	3.43e-33	5.53e-25	7.88e-19	1.30e-13	2.50e-08	2.68e-04	1.00e+00	0.00e+00	0.00e+00	0.00e+00	0.00e+00	0.00e+00	2.92e-92
 1.94141e+22	4.82e-33	7.37e-25	9.94e-19	1.55e-13	2.81e-08	2.83e-04	1.00e+00	0.00e+00	0.00e+00	0.00e+00	0.00e+00	0.00e+00	7.01e-91
 1.97835e+22	6.46e-33	9.42e-25	1.21e-18	1.81e-13	3.10e-08	2.97e-04	1.00e+00	0.00e+00	0.00e+00	0.00e+00	0.00e+00	0.00e+00	6.58e-91
 2.01084e+22	8.46e-33	1.18e-24	1.46e-18	2.08e-13	3.41e-08	3.11e-04	1.00e+00	0.00e+00	0.00e+00	0.00e+00	0.00e+00	0.00e+00	2.61e-90
 2.04753e+22	1.17e-32	1.55e-24	1.82e-18	2.47e-13	3.81e-08	3.28e-04	1.00e+00	0.00e+00	0.00e+00	0.00e+00	0.00e+00	0.00e+00	7.28e-90
 2.08694e+22	1.59e-32	2.01e-24	2.25e-18	2.91e-13	4.24e-08	3.45e-04	1.00e+00	0.00e+00	0.00e+00	0.00e+00	0.00e+00	0.00e+00	1.36e-89
 2.12231e+22	2.12e-32	2.56e-24	2.73e-18	3.38e-13	4.68e-08	3.62e-04	1.00e+00	0.00e+00	0.00e+00	0.00e+00	0.00e+00	0.00e+00	9.98e-90
 2.15552e+22	2.79e-32	3.22e-24	3.30e-18	3.91e-13	5.15e-08	3.78e-04	1.00e+00	0.00e+00	0.00e+00	0.00e+00	0.00e+00	0.00e+00	1.90e-89
 2.19354e+22	3.88e-32	4.26e-24	4.14e-18	4.66e-13	5.77e-08	4.00e-04	1.00e+00	0.00e+00	0.00e+00	0.00e+00	0.00e+00	0.00e+00	1.24e-88
 2.23382e+22	5.35e-32	5.57e-24	5.15e-18	5.51e-13	6.44e-08	4.21e-04	1.00e+00	0.00e+00	0.00e+00	0.00e+00	0.00e+00	0.00e+00	1.18e-88
 2.26896e+22	7.10e-32	7.07e-24	6.25e-18	6.39e-13	7.11e-08	4.41e-04	1.00e+00	0.00e+00	0.00e+00	0.00e+00	0.00e+00	0.00e+00	5.05e-88
 2.30655e+22	9.85e-32	9.31e-24	7.82e-18	7.63e-13	7.98e-08	4.66e-04	1.00e+00	0.00e+00	0.00e+00	0.00e+00	0.00e+00	0.00e+00	1.26e-87
 2.34312e+22	1.30e-31	1.17e-23	9.43e-18	8.80e-13	8.77e-08	4.88e-04	1.00e+00	0.00e+00	0.00e+00	0.00e+00	0.00e+00	0.00e+00	2.54e-87
 2.37188e+22	1.63e-31	1.42e-23	1.10e-17	9.95e-13	9.50e-08	5.07e-04	9.99e-01	0.00e+00	0.00e+00	0.00e+00	0.00e+00	0.00e+00	1.49e-87
 2.40280e+22	2.14e-31	1.79e-23	1.33e-17	1.15e-12	1.04e-07	5.30e-04	9.99e-01	0.00e+00	0.00e+00	0.00e+00	0.00e+00	0.00e+00	7.77e-87
 2.43669e+22	2.78e-31	2.22e-23	1.59e-17	1.32e-12	1.14e-07	5.53e-04	9.99e-01	0.00e+00	0.00e+00	0.00e+00	0.00e+00	0.00e+00	1.66e-86
 2.46881e+22	3.60e-31	2.77e-23	1.90e-17	1.51e-12	1.25e-07	5.78e-04	9.99e-01	0.00e+00	0.00e+00	0.00e+00	0.00e+00	0.00e+00	2.65e-86
 2.49929e+22	4.62e-31	3.41e-23	2.25e-17	1.73e-12	1.36e-07	6.02e-04	9.99e-01	0.00e+00	0.00e+00	0.00e+00	0.00e+00	0.00e+00	2.69e-86
 2.52872e+22	5.87e-31	4.17e-23	2.65e-17	1.96e-12	1.48e-07	6.26e-04	9.99e-01	0.00e+00	0.00e+00	0.00e+00	0.00e+00	0.00e+00	9.74e-86
 2.56248e+22	7.83e-31	5.32e-23	3.23e-17	2.29e-12	1.64e-07	6.57e-04	9.99e-01	0.00e+00	0.00e+00	0.00e+00	0.00e+00	0.00e+00	2.12e-85
 2.59798e+22	1.04e-30	6.73e-23	3.90e-17	2.65e-12	1.81e-07	6.88e-04	9.99e-01	0.00e+00	0.00e+00	0.00e+00	0.00e+00	0.00e+00	1.96e-85
 2.62846e+22	1.32e-30	8.26e-23	4.61e-17	3.02e-12	1.97e-07	7.17e-04	9.99e-01	0.00e+00	0.00e+00	0.00e+00	0.00e+00	0.00e+00	9.30e-85
 2.65484e+22	1.64e-30	9.88e-23	5.33e-17	3.38e-12	2.12e-07	7.42e-04	9.99e-01	0.00e+00	0.00e+00	0.00e+00	0.00e+00	0.00e+00	6.06e-85
 2.68315e+22	2.07e-30	1.21e-22	6.29e-17	3.84e-12	2.31e-07	7.72e-04	9.99e-01	0.00e+00	0.00e+00	0.00e+00	0.00e+00	0.00e+00	2.88e-84
 2.71391e+22	2.64e-30	1.48e-22	7.40e-17	4.36e-12	2.51e-07	8.04e-04	9.99e-01	0.00e+00	0.00e+00	0.00e+00	0.00e+00	0.00e+00	3.81e-84
 2.74217e+22	3.30e-30	1.78e-22	8.63e-17	4.91e-12	2.71e-07	8.34e-04	9.99e-01	0.00e+00	0.00e+00	0.00e+00	0.00e+00	0.00e+00	8.99e-84
 2.77323e+22	4.31e-30	2.24e-22	1.04e-16	5.68e-12	2.98e-07	8.72e-04	9.99e-01	0.00e+00	0.00e+00	0.00e+00	0.00e+00	0.00e+00	7.28e-84
 2.80470e+22	5.50e-30	2.74e-22	1.22e-16	6.44e-12	3.24e-07	9.08e-04	9.99e-01	0.00e+00	0.00e+00	0.00e+00	0.00e+00	0.00e+00	1.80e-83
 2.83081e+22	6.78e-30	3.27e-22	1.41e-16	7.19e-12	3.49e-07	9.40e-04	9.99e-01	0.00e+00	0.00e+00	0.00e+00	0.00e+00	0.00e+00	1.74e-83
 2.85888e+22	8.64e-30	4.01e-22	1.67e-16	8.19e-12	3.80e-07	9.79e-04	9.99e-01	0.00e+00	0.00e+00	0.00e+00	0.00e+00	0.00e+00	7.71e-83
 2.88921e+22	1.09e-29	4.88e-22	1.96e-16	9.28e-12	4.13e-07	1.02e-03	9.99e-01	0.00e+00	0.00e+00	0.00e+00	0.00e+00	0.00e+00	9.36e-83
 2.91537e+22	1.33e-29	5.76e-22	2.24e-16	1.03e-11	4.42e-07	1.05e-03	9.99e-01	0.00e+00	0.00e+00	0.00e+00	0.00e+00	0.00e+00	1.12e-82
 2.93855e+22	1.62e-29	6.77e-22	2.55e-16	1.14e-11	4.73e-07	1.09e-03	9.99e-01	0.00e+00	0.00e+00	0.00e+00	0.00e+00	0.00e+00	3.35e-82
 2.96497e+22	2.02e-29	8.17e-22	2.97e-16	1.29e-11	5.12e-07	1.13e-03	9.99e-01	0.00e+00	0.00e+00	0.00e+00	0.00e+00	0.00e+00	6.84e-82
 2.99326e+22	2.52e-29	9.82e-22	3.45e-16	1.44e-11	5.53e-07	1.17e-03	9.99e-01	0.00e+00	0.00e+00	0.00e+00	0.00e+00	0.00e+00	1.17e-81
 3.01881e+22	3.09e-29	1.17e-21	3.97e-16	1.61e-11	5.94e-07	1.21e-03	9.99e-01	0.00e+00	0.00e+00	0.00e+00	0.00e+00	0.00e+00	1.96e-81
 3.04314e+22	3.77e-29	1.38e-21	4.54e-16	1.78e-11	6.37e-07	1.25e-03	9.99e-01	0.00e+00	0.00e+00	0.00e+00	0.00e+00	0.00e+00	1.92e-81
 3.07102e+22	4.77e-29	1.68e-21	5.34e-16	2.03e-11	6.92e-07	1.30e-03	9.99e-01	0.00e+00	0.00e+00	0.00e+00	0.00e+00	0.00e+00	5.72e-81
 3.09970e+22	5.95e-29	2.02e-21	6.20e-16	2.27e-11	7.48e-07	1.35e-03	9.99e-01	0.00e+00	0.00e+00	0.00e+00	0.00e+00	0.00e+00	2.18e-80
 3.12393e+22	7.22e-29	2.38e-21	7.07e-16	2.51e-11	8.00e-07	1.40e-03	9.99e-01	0.00e+00	0.00e+00	0.00e+00	0.00e+00	0.00e+00	3.51e-80
 3.14990e+22	9.02e-29	2.86e-21	8.23e-16	2.83e-11	8.66e-07	1.45e-03	9.99e-01	0.00e+00	0.00e+00	0.00e+00	0.00e+00	0.00e+00	6.12e-80
 3.17779e+22	1.12e-28	3.44e-21	9.55e-16	3.18e-11	9.35e-07	1.50e-03	9.98e-01	0.00e+00	0.00e+00	0.00e+00	0.00e+00	0.00e+00	1.06e-79
 3.20308e+22	1.37e-28	4.06e-21	1.09e-15	3.53e-11	1.00e-06	1.56e-03	9.98e-01	0.00e+00	0.00e+00	0.00e+00	0.00e+00	0.00e+00	1.72e-79
 3.22650e+22	1.65e-28	4.75e-21	1.24e-15	3.89e-11	1.07e-06	1.61e-03	9.98e-01	0.00e+00	0.00e+00	0.00e+00	0.00e+00	0.00e+00	2.75e-79
 3.25259e+22	2.06e-28	5.71e-21	1.44e-15	4.38e-11	1.16e-06	1.67e-03	9.98e-01	0.00e+00	0.00e+00	0.00e+00	0.00e+00	0.00e+00	4.74e-79
 3.28014e+22	2.55e-28	6.82e-21	1.66e-15	4.89e-11	1.25e-06	1.73e-03	9.98e-01	0.00e+00	0.00e+00	0.00e+00	0.00e+00	0.00e+00	8.07e-79
 3.30442e+22	3.09e-28	8.01e-21	1.89e-15	5.40e-11	1.33e-06	1.78e-03	9.98e-01	0.00e+00	0.00e+00	0.00e+00	0.00e+00	0.00e+00	1.30e-78
 3.33078e+22	3.87e-28	9.68e-21	2.21e-15	6.09e-11	1.45e-06	1.85e-03	9.98e-01	0.00e+00	0.00e+00	0.00e+00	0.00e+00	0.00e+00	2.29e-78
 3.35874e+22	4.83e-28	1.16e-20	2.56e-15	6.82e-11	1.56e-06	1.93e-03	9.98e-01	0.00e+00	0.00e+00	0.00e+00	0.00e+00	0.00e+00	3.97e-78
 3.38281e+22	5.79e-28	1.35e-20	2.89e-15	7.51e-11	1.66e-06	1.99e-03	9.98e-01	0.00e+00	0.00e+00	0.00e+00	0.00e+00	0.00e+00	6.22e-78
 3.40816e+22	7.25e-28	1.63e-20	3.37e-15	8.44e-11	1.80e-06	2.06e-03	9.98e-01	0.00e+00	0.00e+00	0.00e+00	0.00e+00	0.00e+00	1.09e-77
 3.43434e+22	8.83e-28	1.92e-20	3.84e-15	9.34e-11	1.93e-06	2.14e-03	9.98e-01	0.00e+00	0.00e+00	0.00e+00	0.00e+00	0.00e+00	1.78e-77
 3.45769e+22	1.06e-27	2.24e-20	4.35e-15	1.03e-10	2.06e-06	2.20e-03	9.98e-01	0.00e+00	0.00e+00	0.00e+00	0.00e+00	0.00e+00	2.83e-77
 3.48415e+22	1.33e-27	2.71e-20	5.06e-15	1.16e-10	2.23e-06	2.29e-03	9.98e-01	0.00e+00	0.00e+00	0.00e+00	0.00e+00	0.00e+00	4.98e-77
 3.51204e+22	1.67e-27	3.26e-20	5.86e-15	1.29e-10	2.41e-06	2.38e-03	9.98e-01	0.00e+00	0.00e+00	0.00e+00	0.00e+00	0.00e+00	8.74e-77
 3.53635e+22	2.01e-27	3.81e-20	6.64e-15	1.43e-10	2.57e-06	2.46e-03	9.98e-01	0.00e+00	0.00e+00	0.00e+00	0.00e+00	0.00e+00	1.39e-76
 3.55913e+22	2.42e-27	4.44e-20	7.51e-15	1.57e-10	2.74e-06	2.54e-03	9.97e-01	0.00e+00	0.00e+00	0.00e+00	0.00e+00	0.00e+00	2.21e-76
 3.58531e+22	3.02e-27	5.34e-20	8.72e-15	1.76e-10	2.97e-06	2.64e-03	9.97e-01	0.00e+00	0.00e+00	0.00e+00	0.00e+00	0.00e+00	3.87e-76
 3.61256e+22	3.75e-27	6.37e-20	1.00e-14	1.95e-10	3.19e-06	2.74e-03	9.97e-01	0.00e+00	0.00e+00	0.00e+00	0.00e+00	0.00e+00	6.63e-76
 3.63608e+22	4.53e-27	7.45e-20	1.13e-14	2.15e-10	3.41e-06	2.84e-03	9.97e-01	0.00e+00	0.00e+00	0.00e+00	0.00e+00	0.00e+00	1.07e-75
 3.66154e+22	5.71e-27	9.01e-20	1.32e-14	2.41e-10	3.69e-06	2.95e-03	9.97e-01	0.00e+00	0.00e+00	0.00e+00	0.00e+00	0.00e+00	1.90e-75
 3.68726e+22	6.90e-27	1.05e-19	1.49e-14	2.65e-10	3.94e-06	3.05e-03	9.97e-01	0.00e+00	0.00e+00	0.00e+00	0.00e+00	0.00e+00	3.08e-75
 3.70944e+22	8.26e-27	1.22e-19	1.68e-14	2.89e-10	4.19e-06	3.15e-03	9.97e-01	0.00e+00	0.00e+00	0.00e+00	0.00e+00	0.00e+00	4.85e-75
 3.73438e+22	1.04e-26	1.47e-19	1.94e-14	3.22e-10	4.52e-06	3.28e-03	9.97e-01	0.00e+00	0.00e+00	0.00e+00	0.00e+00	0.00e+00	8.58e-75
 3.76002e+22	1.26e-26	1.72e-19	2.20e-14	3.54e-10	4.83e-06	3.40e-03	9.97e-01	0.00e+00	0.00e+00	0.00e+00	0.00e+00	0.00e+00	1.40e-74
 3.78292e+22	1.52e-26	2.01e-19	2.49e-14	3.88e-10	5.16e-06	3.51e-03	9.96e-01	0.00e+00	0.00e+00	0.00e+00	0.00e+00	0.00e+00	2.28e-74
 3.80563e+22	1.84e-26	2.35e-19	2.81e-14	4.25e-10	5.50e-06	3.64e-03	9.96e-01	0.00e+00	0.00e+00	0.00e+00	0.00e+00	0.00e+00	3.69e-74
 3.83174e+22	2.34e-26	2.85e-19	3.27e-14	4.76e-10	5.96e-06	3.80e-03	9.96e-01	0.00e+00	0.00e+00	0.00e+00	0.00e+00	0.00e+00	6.78e-74
 3.85749e+22	2.85e-26	3.34e-19	3.70e-14	5.20e-10	6.36e-06	3.93e-03	9.96e-01	0.00e+00	0.00e+00	0.00e+00	0.00e+00	0.00e+00	1.12e-73
 3.87856e+22	3.41e-26	3.86e-19	4.13e-14	5.64e-10	6.74e-06	4.06e-03	9.96e-01	0.00e+00	0.00e+00	0.00e+00	0.00e+00	0.00e+00	1.77e-73
 3.90174e+22	4.20e-26	4.57e-19	4.71e-14	6.22e-10	7.23e-06	4.22e-03	9.96e-01	0.00e+00	0.00e+00	0.00e+00	0.00e+00	0.00e+00	3.02e-73
 3.92647e+22	5.17e-26	5.40e-19	5.35e-14	6.81e-10	7.73e-06	4.39e-03	9.96e-01	0.00e+00	0.00e+00	0.00e+00	0.00e+00	0.00e+00	5.16e-73
 3.94854e+22	6.19e-26	6.24e-19	5.99e-14	7.39e-10	8.20e-06	4.53e-03	9.95e-01	0.00e+00	0.00e+00	0.00e+00	0.00e+00	0.00e+00	8.19e-73
 3.97256e+22	7.78e-26	7.50e-19	6.89e-14	8.18e-10	8.84e-06	4.73e-03	9.95e-01	0.00e+00	0.00e+00	0.00e+00	0.00e+00	0.00e+00	1.48e-72
 3.99643e+22	9.43e-26	8.74e-19	7.73e-14	8.86e-10	9.39e-06	4.90e-03	9.95e-01	0.00e+00	0.00e+00	0.00e+00	0.00e+00	0.00e+00	2.44e-72
 4.01623e+22	1.12e-25	1.00e-18	8.57e-14	9.55e-10	9.92e-06	5.05e-03	9.95e-01	0.00e+00	0.00e+00	0.00e+00	0.00e+00	0.00e+00	3.76e-72
 4.03807e+22	1.37e-25	1.18e-18	9.70e-14	1.04e-09	1.06e-05	5.25e-03	9.95e-01	0.00e+00	0.00e+00	0.00e+00	0.00e+00	0.00e+00	6.46e-72
 4.06114e+22	1.66e-25	1.37e-18	1.09e-13	1.13e-09	1.13e-05	5.44e-03	9.95e-01	0.00e+00	0.00e+00	0.00e+00	0.00e+00	0.00e+00	1.06e-71
 4.08221e+22	2.01e-25	1.59e-18	1.22e-13	1.22e-09	1.19e-05	5.64e-03	9.94e-01	0.00e+00	0.00e+00	0.00e+00	0.00e+00	0.00e+00	1.75e-71
 4.10257e+22	2.41e-25	1.84e-18	1.36e-13	1.32e-09	1.26e-05	5.84e-03	9.94e-01	0.00e+00	0.00e+00	0.00e+00	0.00e+00	0.00e+00	2.79e-71
 4.12241e+22	2.88e-25	2.12e-18	1.51e-13	1.41e-09	1.34e-05	6.04e-03	9.94e-01	0.00e+00	0.00e+00	0.00e+00	0.00e+00	0.00e+00	4.46e-71
 4.14189e+22	3.42e-25	2.42e-18	1.67e-13	1.52e-09	1.41e-05	6.24e-03	9.94e-01	0.00e+00	0.00e+00	0.00e+00	0.00e+00	0.00e+00	7.02e-71
 4.16411e+22	4.26e-25	2.88e-18	1.90e-13	1.66e-09	1.51e-05	6.50e-03	9.93e-01	0.00e+00	0.00e+00	0.00e+00	0.00e+00	0.00e+00	1.26e-70
 4.18664e+22	5.15e-25	3.34e-18	2.12e-13	1.78e-09	1.60e-05	6.74e-03	9.93e-01	0.00e+00	0.00e+00	0.00e+00	0.00e+00	0.00e+00	2.08e-70
 4.20604e+22	6.15e-25	3.84e-18	2.35e-13	1.91e-09	1.69e-05	6.97e-03	9.93e-01	0.00e+00	0.00e+00	0.00e+00	0.00e+00	0.00e+00	3.33e-70
 4.22770e+22	7.69e-25	4.58e-18	2.67e-13	2.08e-09	1.81e-05	7.28e-03	9.93e-01	0.00e+00	0.00e+00	0.00e+00	0.00e+00	0.00e+00	6.04e-70
 4.24914e+22	9.13e-25	5.23e-18	2.94e-13	2.22e-09	1.91e-05	7.52e-03	9.92e-01	0.00e+00	0.00e+00	0.00e+00	0.00e+00	0.00e+00	9.53e-70
 4.27027e+22	1.14e-24	6.19e-18	3.33e-13	2.41e-09	2.04e-05	7.84e-03	9.92e-01	0.00e+00	0.00e+00	0.00e+00	0.00e+00	0.00e+00	1.72e-69
 4.29177e+22	1.36e-24	7.13e-18	3.70e-13	2.59e-09	2.15e-05	8.12e-03	9.92e-01	0.00e+00	0.00e+00	0.00e+00	0.00e+00	0.00e+00	2.76e-69
 4.31065e+22	1.62e-24	8.19e-18	4.09e-13	2.76e-09	2.27e-05	8.40e-03	9.92e-01	0.00e+00	0.00e+00	0.00e+00	0.00e+00	0.00e+00	4.47e-69
 4.32919e+22	1.92e-24	9.34e-18	4.50e-13	2.94e-09	2.39e-05	8.68e-03	9.91e-01	0.00e+00	0.00e+00	0.00e+00	0.00e+00	0.00e+00	7.04e-69
 4.35043e+22	2.39e-24	1.11e-17	5.09e-13	3.18e-09	2.55e-05	9.05e-03	9.91e-01	0.00e+00	0.00e+00	0.00e+00	0.00e+00	0.00e+00	1.27e-68
 4.37215e+22	2.89e-24	1.28e-17	5.67e-13	3.41e-09	2.71e-05	9.40e-03	9.91e-01	0.00e+00	0.00e+00	0.00e+00	0.00e+00	0.00e+00	2.13e-68
 4.39109e+22	3.46e-24	1.47e-17	6.26e-13	3.64e-09	2.85e-05	9.73e-03	9.90e-01	0.00e+00	0.00e+00	0.00e+00	0.00e+00	0.00e+00	3.47e-68
 4.40943e+22	4.14e-24	1.69e-17	6.92e-13	3.87e-09	3.01e-05	1.01e-02	9.90e-01	0.00e+00	0.00e+00	0.00e+00	0.00e+00	0.00e+00	5.64e-68
 4.43043e+22	5.16e-24	2.00e-17	7.83e-13	4.19e-09	3.22e-05	1.05e-02	9.89e-01	0.00e+00	0.00e+00	0.00e+00	0.00e+00	0.00e+00	1.03e-67
 4.45193e+22	6.22e-24	2.32e-17	8.69e-13	4.48e-09	3.40e-05	1.09e-02	9.89e-01	0.00e+00	0.00e+00	0.00e+00	0.00e+00	0.00e+00	1.72e-67
 4.47408e+22	7.91e-24	2.79e-17	9.93e-13	4.87e-09	3.66e-05	1.14e-02	9.89e-01	0.00e+00	0.00e+00	0.00e+00	0.00e+00	0.00e+00	3.33e-67
 4.49641e+22	9.63e-24	3.24e-17	1.11e-12	5.21e-09	3.88e-05	1.19e-02	9.88e-01	0.00e+00	0.00e+00	0.00e+00	0.00e+00	0.00e+00	5.72e-67
 4.51477e+22	1.14e-23	3.69e-17	1.21e-12	5.52e-09	4.08e-05	1.23e-02	9.88e-01	0.00e+00	0.00e+00	0.00e+00	0.00e+00	0.00e+00	9.13e-67
 4.53444e+22	1.42e-23	4.36e-17	1.37e-12	5.94e-09	4.35e-05	1.28e-02	9.87e-01	0.00e+00	0.00e+00	0.00e+00	0.00e+00	0.00e+00	1.66e-66
 4.55451e+22	1.70e-23	5.02e-17	1.51e-12	6.32e-09	4.59e-05	1.33e-02	9.87e-01	0.00e+00	0.00e+00	0.00e+00	5.02e-17	5.53e-26	2.77e-66
 4.57081e+22	1.98e-23	5.64e-17	1.65e-12	6.65e-09	4.81e-05	1.37e-02	9.86e-01	0.00e+00	0.00e+00	0.00e+00	5.64e-17	6.79e-24	4.22e-66
 4.58772e+22	2.40e-23	6.53e-17	1.83e-12	7.08e-09	5.09e-05	1.42e-02	9.86e-01	0.00e+00	0.00e+00	0.00e+00	6.53e-17	7.86e-24	7.16e-66
 4.60389e+22	2.77e-23	7.28e-17	1.97e-12	7.42e-09	5.30e-05	1.46e-02	9.85e-01	0.00e+00	0.00e+00	0.00e+00	7.28e-17	8.77e-24	1.06e-65
 4.61690e+22	3.19e-23	8.11e-17	2.13e-12	7.76e-09	5.53e-05	1.50e-02	9.85e-01	0.00e+00	0.00e+00	0.00e+00	8.11e-17	9.76e-24	1.57e-65
 4.62966e+22	3.64e-23	8.98e-17	2.29e-12	8.10e-09	5.75e-05	1.53e-02	9.85e-01	0.00e+00	0.00e+00	0.00e+00	8.98e-17	1.08e-23	2.28e-65
 4.64214e+22	4.11e-23	9.86e-17	2.45e-12	8.44e-09	5.96e-05	1.57e-02	9.84e-01	0.00e+00	0.00e+00	0.00e+00	9.86e-17	1.19e-23	3.20e-65
 4.65621e+22	4.85e-23	1.12e-16	2.68e-12	8.90e-09	6.26e-05	1.62e-02	9.84e-01	0.00e+00	0.00e+00	0.00e+00	1.12e-16	1.35e-23	5.05e-65
 4.67038e+22	5.59e-23	1.25e-16	2.89e-12	9.31e-09	6.52e-05	1.67e-02	9.83e-01	0.00e+00	0.00e+00	0.00e+00	1.25e-16	1.50e-23	7.52e-65
 4.68233e+22	6.37e-23	1.38e-16	3.10e-12	9.70e-09	6.78e-05	1.71e-02	9.83e-01	0.00e+00	0.00e+00	0.00e+00	1.38e-16	1.66e-23	1.08e-64
 4.69355e+22	7.23e-23	1.52e-16	3.32e-12	1.01e-08	7.03e-05	1.75e-02	9.82e-01	0.00e+00	0.00e+00	0.00e+00	1.52e-16	1.83e-23	1.54e-64
 4.70435e+22	8.09e-23	1.65e-16	3.53e-12	1.05e-08	7.27e-05	1.79e-02	9.82e-01	0.00e+00	0.00e+00	0.00e+00	1.65e-16	1.99e-23	2.11e-64
 4.71665e+22	9.43e-23	1.86e-16	3.84e-12	1.10e-08	7.61e-05	1.84e-02	9.82e-01	0.00e+00	0.00e+00	0.00e+00	1.86e-16	2.24e-23	3.23e-64
 4.72932e+22	1.08e-22	2.07e-16	4.14e-12	1.15e-08	7.92e-05	1.89e-02	9.81e-01	0.00e+00	0.00e+00	0.00e+00	2.07e-16	2.50e-23	4.76e-64
 4.74034e+22	1.23e-22	2.28e-16	4.43e-12	1.19e-08	8.22e-05	1.93e-02	9.81e-01	0.00e+00	0.00e+00	0.00e+00	2.28e-16	2.75e-23	6.77e-64
 4.75256e+22	1.45e-22	2.58e-16	4.84e-12	1.26e-08	8.62e-05	1.99e-02	9.80e-01	0.00e+00	0.00e+00	0.00e+00	2.58e-16	3.11e-23	1.06e-63
 4.76446e+22	1.63e-22	2.84e-16	5.17e-12	1.31e-08	8.93e-05	2.03e-02	9.80e-01	0.00e+00	0.00e+00	0.00e+00	2.84e-16	3.42e-23	1.48e-63
 4.77440e+22	1.86e-22	3.13e-16	5.54e-12	1.36e-08	9.27e-05	2.08e-02	9.79e-01	0.00e+00	0.00e+00	0.00e+00	3.13e-16	3.77e-23	2.11e-63
 4.78419e+22	2.09e-22	3.43e-16	5.92e-12	1.41e-08	9.60e-05	2.13e-02	9.79e-01	0.00e+00	0.00e+00	0.00e+00	3.43e-16	4.14e-23	2.93e-63
 4.79533e+22	2.45e-22	3.88e-16	6.45e-12	1.48e-08	1.00e-04	2.19e-02	9.78e-01	0.00e+00	0.00e+00	0.00e+00	3.88e-16	4.68e-23	4.56e-63
 4.80663e+22	2.82e-22	4.32e-16	6.96e-12	1.55e-08	1.05e-04	2.24e-02	9.77e-01	0.00e+00	0.00e+00	0.00e+00	4.32e-16	5.21e-23	6.68e-63
 4.81637e+22	3.20e-22	4.76e-16	7.46e-12	1.61e-08	1.08e-04	2.29e-02	9.77e-01	0.00e+00	0.00e+00	0.00e+00	4.76e-16	5.74e-23	9.40e-63
 4.82728e+22	3.79e-22	5.42e-16	8.20e-12	1.70e-08	1.14e-04	2.36e-02	9.76e-01	0.00e+00	0.00e+00	0.00e+00	5.42e-16	6.55e-23	1.50e-62
 4.83838e+22	4.37e-22	6.05e-16	8.87e-12	1.78e-08	1.19e-04	2.42e-02	9.76e-01	0.00e+00	0.00e+00	0.00e+00	6.05e-16	7.31e-23	2.20e-62
 4.84974e+22	5.26e-22	6.99e-16	9.83e-12	1.88e-08	1.25e-04	2.49e-02	9.75e-01	0.00e+00	0.00e+00	0.00e+00	6.99e-16	8.45e-23	3.63e-62
 4.86113e+22	6.11e-22	7.86e-16	1.07e-11	1.98e-08	1.31e-04	2.56e-02	9.74e-01	0.00e+00	0.00e+00	0.00e+00	7.86e-16	9.50e-23	5.42e-62
 4.87078e+22	7.02e-22	8.75e-16	1.16e-11	2.07e-08	1.36e-04	2.62e-02	9.74e-01	0.00e+00	0.00e+00	0.00e+00	8.75e-16	1.06e-22	7.83e-62
 4.88150e+22	8.60e-22	1.03e-15	1.29e-11	2.21e-08	1.44e-04	2.70e-02	9.73e-01	0.00e+00	0.00e+00	0.00e+00	1.03e-15	1.24e-22	1.35e-61
 4.89201e+22	9.86e-22	1.14e-15	1.40e-11	2.31e-08	1.50e-04	2.76e-02	9.72e-01	0.00e+00	0.00e+00	0.00e+00	1.14e-15	1.38e-22	1.93e-61
 4.90225e+22	1.21e-21	1.34e-15	1.57e-11	2.47e-08	1.58e-04	2.85e-02	9.71e-01	0.00e+00	0.00e+00	0.00e+00	1.34e-15	1.62e-22	3.27e-61
 4.91230e+22	1.38e-21	1.49e-15	1.70e-11	2.59e-08	1.65e-04	2.92e-02	9.71e-01	0.00e+00	0.00e+00	0.00e+00	1.49e-15	1.80e-22	4.64e-61
 4.92210e+22	1.70e-21	1.76e-15	1.92e-11	2.78e-08	1.74e-04	3.01e-02	9.70e-01	0.00e+00	0.00e+00	0.00e+00	1.76e-15	2.13e-22	7.99e-61
 4.93184e+22	1.97e-21	1.97e-15	2.09e-11	2.93e-08	1.82e-04	3.08e-02	9.69e-01	0.00e+00	0.00e+00	0.00e+00	1.97e-15	2.38e-22	1.16e-60
 4.94152e+22	2.44e-21	2.34e-15	2.37e-11	3.16e-08	1.93e-04	3.18e-02	9.68e-01	0.00e+00	0.00e+00	0.00e+00	2.34e-15	2.83e-22	2.00e-60
 4.95129e+22	2.86e-21	2.65e-15	2.60e-11	3.35e-08	2.01e-04	3.25e-02	9.67e-01	0.00e+00	0.00e+00	0.00e+00	2.65e-15	3.22e-22	2.99e-60
 4.96121e+22	3.61e-21	3.20e-15	2.99e-11	3.64e-08	2.15e-04	3.36e-02	9.66e-01	0.00e+00	0.00e+00	0.00e+00	3.20e-15	3.88e-22	5.36e-60
 4.97122e+22	4.28e-21	3.66e-15	3.31e-11	3.88e-08	2.25e-04	3.45e-02	9.65e-01	0.00e+00	0.00e+00	0.00e+00	3.66e-15	4.44e-22	8.17e-60
 4.98135e+22	5.44e-21	4.44e-15	3.82e-11	4.24e-08	2.40e-04	3.57e-02	9.64e-01	0.00e+00	0.00e+00	0.00e+00	4.44e-15	5.38e-22	1.47e-59
 4.99140e+22	6.52e-21	5.14e-15	4.27e-11	4.54e-08	2.52e-04	3.66e-02	9.63e-01	0.00e+00	0.00e+00	0.00e+00	5.14e-15	6.24e-22	2.30e-59
 5.00134e+22	8.33e-21	6.27e-15	4.96e-11	4.99e-08	2.70e-04	3.78e-02	9.62e-01	0.00e+00	0.00e+00	0.00e+00	6.27e-15	7.61e-22	4.16e-59
 5.01146e+22	1.02e-20	7.37e-15	5.60e-11	5.39e-08	2.85e-04	3.89e-02	9.61e-01	0.00e+00	0.00e+00	0.00e+00	7.37e-15	8.94e-22	6.71e-59
 5.02183e+22	1.33e-20	9.14e-15	6.60e-11	5.99e-08	3.06e-04	4.03e-02	9.59e-01	0.00e+00	0.00e+00	0.00e+00	9.14e-15	1.11e-21	1.27e-58
 5.03226e+22	1.63e-20	1.08e-14	7.51e-11	6.50e-08	3.23e-04	4.14e-02	9.58e-01	0.00e+00	0.00e+00	0.00e+00	1.08e-14	1.32e-21	2.07e-58
 5.04276e+22	2.15e-20	1.36e-14	8.94e-11	7.27e-08	3.48e-04	4.30e-02	9.57e-01	0.00e+00	0.00e+00	0.00e+00	1.36e-14	1.65e-21	3.97e-58
 5.05334e+22	2.66e-20	1.62e-14	1.02e-10	7.93e-08	3.68e-04	4.42e-02	9.55e-01	0.00e+00	0.00e+00	0.00e+00	1.62e-14	1.97e-21	6.55e-58
 5.06252e+22	3.30e-20	1.93e-14	1.17e-10	8.65e-08	3.90e-04	4.54e-02	9.54e-01	0.00e+00	0.00e+00	0.00e+00	1.93e-14	2.34e-21	1.08e-57
 5.07296e+22	4.38e-20	2.43e-14	1.40e-10	9.73e-08	4.20e-04	4.71e-02	9.52e-01	0.00e+00	0.00e+00	0.00e+00	2.43e-14	2.96e-21	2.08e-57
 5.08329e+22	5.34e-20	2.87e-14	1.59e-10	1.06e-07	4.43e-04	4.84e-02	9.51e-01	0.00e+00	0.00e+00	0.00e+00	2.87e-14	3.49e-21	3.29e-57
 5.09347e+22	7.03e-20	3.59e-14	1.89e-10	1.19e-07	4.76e-04	5.01e-02	9.49e-01	0.00e+00	0.00e+00	0.00e+00	3.59e-14	4.37e-21	6.17e-57
 5.10386e+22	8.63e-20	4.26e-14	2.16e-10	1.29e-07	5.03e-04	5.15e-02	9.48e-01	0.00e+00	0.00e+00	0.00e+00	4.26e-14	5.19e-21	9.90e-57
 5.11452e+22	1.14e-19	5.36e-14	2.58e-10	1.45e-07	5.42e-04	5.33e-02	9.46e-01	0.00e+00	0.00e+00	0.00e+00	5.36e-14	6.53e-21	1.86e-56
 5.12545e+22	1.41e-19	6.40e-14	2.97e-10	1.60e-07	5.74e-04	5.48e-02	9.45e-01	0.00e+00	0.00e+00	0.00e+00	6.40e-14	7.80e-21	3.04e-56
 5.13670e+22	1.88e-19	8.11e-14	3.57e-10	1.80e-07	6.19e-04	5.69e-02	9.42e-01	0.00e+00	0.00e+00	0.00e+00	8.11e-14	9.89e-21	5.81e-56
 5.14822e+22	2.34e-19	9.72e-14	4.11e-10	1.98e-07	6.57e-04	5.85e-02	9.41e-01	0.00e+00	0.00e+00	0.00e+00	9.72e-14	1.19e-20	9.53e-56
 5.16006e+22	3.11e-19	1.23e-13	4.94e-10	2.24e-07	7.10e-04	6.07e-02	9.39e-01	0.00e+00	0.00e+00	0.00e+00	1.23e-13	1.50e-20	1.82e-55
 5.17211e+22	3.88e-19	1.48e-13	5.71e-10	2.47e-07	7.54e-04	6.25e-02	9.37e-01	0.00e+00	0.00e+00	0.00e+00	1.48e-13	1.81e-20	2.99e-55
 5.18445e+22	5.16e-19	1.88e-13	6.88e-10	2.80e-07	8.15e-04	6.49e-02	9.34e-01	0.00e+00	0.00e+00	0.00e+00	1.88e-13	2.30e-20	5.69e-55
 5.19686e+22	1.14e-21	2.25e-13	7.91e-10	3.08e-07	8.65e-04	6.68e-02	9.32e-01	0.00e+00	0.00e+00	0.00e+00	2.25e-13	2.75e-20	1.14e-55
 5.20937e+22	1.52e-21	2.84e-13	9.50e-10	3.48e-07	9.33e-04	6.92e-02	9.30e-01	0.00e+00	0.00e+00	0.00e+00	2.84e-13	3.47e-20	2.01e-55
 5.22151e+22	1.84e-21	3.31e-13	1.07e-09	3.79e-07	9.83e-04	7.10e-02	9.28e-01	0.00e+00	0.00e+00	0.00e+00	3.31e-13	4.05e-20	3.04e-55
 5.23317e+22	2.38e-21	4.09e-13	1.27e-09	4.24e-07	1.05e-03	7.34e-02	9.26e-01	0.00e+00	0.00e+00	0.00e+00	4.09e-13	5.00e-20	5.28e-55
 5.24510e+22	2.90e-21	4.80e-13	1.44e-09	4.62e-07	1.11e-03	7.53e-02	9.24e-01	0.00e+00	0.00e+00	0.00e+00	4.80e-13	5.87e-20	8.07e-55
 5.25740e+22	3.78e-21	5.96e-13	1.70e-09	5.19e-07	1.20e-03	7.79e-02	9.21e-01	0.00e+00	0.00e+00	0.00e+00	5.96e-13	7.30e-20	1.43e-54
 5.26985e+22	4.59e-21	6.95e-13	1.92e-09	5.64e-07	1.26e-03	7.99e-02	9.19e-01	0.00e+00	0.00e+00	0.00e+00	6.95e-13	8.52e-20	2.15e-54
 5.28250e+22	5.92e-21	8.56e-13	2.27e-09	6.31e-07	1.35e-03	8.26e-02	9.16e-01	0.00e+00	0.00e+00	0.00e+00	8.56e-13	1.05e-19	3.72e-54
 5.29504e+22	7.18e-21	9.98e-13	2.56e-09	6.86e-07	1.43e-03	8.46e-02	9.14e-01	0.00e+00	0.00e+00	0.00e+00	9.98e-13	1.22e-19	5.59e-54
 5.30746e+22	9.25e-21	1.22e-12	3.01e-09	7.66e-07	1.53e-03	8.74e-02	9.11e-01	0.00e+00	0.00e+00	0.00e+00	1.22e-12	1.50e-19	9.56e-54
 5.32001e+22	1.11e-20	1.42e-12	3.37e-09	8.30e-07	1.61e-03	8.95e-02	9.09e-01	0.00e+00	0.00e+00	0.00e+00	1.42e-12	1.74e-19	1.41e-53
 5.33271e+22	1.42e-20	1.73e-12	3.96e-09	9.26e-07	1.72e-03	9.25e-02	9.06e-01	0.00e+00	0.00e+00	0.00e+00	1.73e-12	2.13e-19	2.38e-53
 5.34566e+22	1.71e-20	2.01e-12	4.45e-09	1.00e-06	1.81e-03	9.47e-02	9.03e-01	0.00e+00	0.00e+00	0.00e+00	2.01e-12	2.47e-19	3.53e-53
 5.35893e+22	2.21e-20	2.46e-12	5.22e-09	1.12e-06	1.94e-03	9.79e-02	9.00e-01	0.00e+00	0.00e+00	0.00e+00	2.46e-12	3.02e-19	5.99e-53
 5.37243e+22	2.66e-20	2.86e-12	5.88e-09	1.22e-06	2.05e-03	1.00e-01	8.98e-01	0.00e+00	0.00e+00	0.00e+00	2.86e-12	3.52e-19	8.92e-53
 5.38625e+22	8.54e-21	3.50e-12	6.91e-09	1.36e-06	2.19e-03	1.04e-01	8.94e-01	0.00e+00	0.00e+00	0.00e+00	3.50e-12	4.31e-19	1.50e-52
 5.40033e+22	1.03e-20	4.07e-12	7.79e-09	1.48e-06	2.31e-03	1.06e-01	8.91e-01	0.00e+00	0.00e+00	0.00e+00	4.07e-12	5.02e-19	2.24e-52
 5.41475e+22	1.34e-20	4.99e-12	9.17e-09	1.66e-06	2.49e-03	1.10e-01	8.88e-01	0.00e+00	0.00e+00	0.00e+00	4.99e-12	6.16e-19	3.83e-52
 5.42883e+22	1.58e-20	5.70e-12	1.02e-08	1.79e-06	2.61e-03	1.12e-01	8.85e-01	0.00e+00	0.00e+00	0.00e+00	5.70e-12	7.04e-19	5.45e-52
 5.44249e+22	2.02e-20	6.92e-12	1.19e-08	1.99e-06	2.79e-03	1.16e-01	8.81e-01	0.00e+00	0.00e+00	0.00e+00	6.92e-12	8.56e-19	9.07e-52
 5.45637e+22	2.40e-20	7.91e-12	1.32e-08	2.15e-06	2.92e-03	1.18e-01	8.79e-01	0.00e+00	0.00e+00	0.00e+00	7.91e-12	9.78e-19	1.29e-51
 5.47053e+22	3.04e-20	9.53e-12	1.53e-08	2.39e-06	3.12e-03	1.22e-01	8.75e-01	0.00e+00	0.00e+00	0.00e+00	9.53e-12	1.18e-18	2.12e-51
 5.48512e+22	3.68e-20	1.11e-11	1.73e-08	2.59e-06	3.29e-03	1.25e-01	8.72e-01	0.00e+00	0.00e+00	0.00e+00	1.11e-11	1.37e-18	3.14e-51
 5.50029e+22	4.66e-20	1.33e-11	2.00e-08	2.88e-06	3.52e-03	1.29e-01	8.67e-01	0.00e+00	0.00e+00	0.00e+00	1.33e-11	1.65e-18	5.14e-51
 5.51595e+22	5.71e-20	1.56e-11	2.27e-08	3.15e-06	3.72e-03	1.32e-01	8.64e-01	0.00e+00	0.00e+00	0.00e+00	1.56e-11	1.94e-18	7.79e-51
 5.53226e+22	7.31e-20	1.89e-11	2.65e-08	3.51e-06	3.99e-03	1.37e-01	8.59e-01	0.00e+00	0.00e+00	0.00e+00	1.89e-11	2.35e-18	1.30e-50
 5.54901e+22	9.00e-20	2.22e-11	3.02e-08	3.85e-06	4.23e-03	1.40e-01	8.55e-01	0.00e+00	0.00e+00	0.00e+00	2.22e-11	2.76e-18	1.99e-50
 5.56634e+22	1.16e-19	2.71e-11	3.53e-08	4.31e-06	4.54e-03	1.45e-01	8.50e-01	0.00e+00	0.00e+00	0.00e+00	2.71e-11	3.37e-18	3.38e-50
 5.58424e+22	1.44e-19	3.20e-11	4.04e-08	4.75e-06	4.83e-03	1.49e-01	8.46e-01	0.00e+00	0.00e+00	0.00e+00	3.20e-11	4.00e-18	5.29e-50
 5.60289e+22	1.88e-19	3.94e-11	4.77e-08	5.34e-06	5.21e-03	1.54e-01	8.40e-01	0.00e+00	0.00e+00	0.00e+00	3.94e-11	4.92e-18	9.18e-50
 5.62204e+22	2.36e-19	4.69e-11	5.49e-08	5.90e-06	5.54e-03	1.59e-01	8.36e-01	0.00e+00	0.00e+00	0.00e+00	4.69e-11	5.86e-18	1.46e-49
 5.63927e+22	2.91e-19	5.51e-11	6.25e-08	6.48e-06	5.88e-03	1.63e-01	8.31e-01	0.00e+00	0.00e+00	0.00e+00	5.51e-11	6.90e-18	2.26e-49
 5.65905e+22	3.91e-19	6.92e-11	7.49e-08	7.37e-06	6.38e-03	1.69e-01	8.24e-01	0.00e+00	0.00e+00	0.00e+00	6.92e-11	8.67e-18	4.10e-49
 5.67896e+22	4.82e-19	8.13e-11	8.53e-08	8.09e-06	6.77e-03	1.74e-01	8.20e-01	0.00e+00	0.00e+00	0.00e+00	8.13e-11	1.02e-17	6.33e-49
 5.69902e+22	6.42e-19	1.01e-10	1.02e-07	9.19e-06	7.34e-03	1.80e-01	8.13e-01	0.00e+00	0.00e+00	0.00e+00	1.01e-10	1.28e-17	1.14e-48
 5.71951e+22	8.08e-19	1.21e-10	1.17e-07	1.02e-05	7.82e-03	1.85e-01	8.07e-01	0.00e+00	0.00e+00	0.00e+00	1.21e-10	1.52e-17	1.82e-48
 5.74055e+22	1.08e-18	1.52e-10	1.41e-07	1.16e-05	8.49e-03	1.92e-01	8.00e-01	0.00e+00	0.00e+00	0.00e+00	1.52e-10	1.92e-17	3.33e-48
 5.76192e+22	1.38e-18	1.83e-10	1.64e-07	1.29e-05	9.08e-03	1.98e-01	7.93e-01	0.00e+00	0.00e+00	0.00e+00	1.83e-10	2.31e-17	5.41e-48
 5.78372e+22	1.89e-18	2.33e-10	1.99e-07	1.48e-05	9.91e-03	2.05e-01	7.85e-01	0.00e+00	0.00e+00	0.00e+00	2.33e-10	2.96e-17	1.02e-47
 5.80563e+22	2.39e-18	2.81e-10	2.30e-07	1.65e-05	1.06e-02	2.11e-01	7.78e-01	0.00e+00	0.00e+00	0.00e+00	2.81e-10	3.56e-17	1.66e-47
 5.82380e+22	2.98e-18	3.32e-10	2.64e-07	1.81e-05	1.12e-02	2.17e-01	7.72e-01	0.00e+00	0.00e+00	0.00e+00	3.32e-10	4.22e-17	2.57e-47
 5.84358e+22	3.98e-18	4.17e-10	3.17e-07	2.06e-05	1.22e-02	2.24e-01	7.63e-01	0.00e+00	0.00e+00	0.00e+00	4.17e-10	5.31e-17	4.61e-47
 5.86328e+22	4.93e-18	4.92e-10	3.62e-07	2.27e-05	1.29e-02	2.30e-01	7.57e-01	0.00e+00	0.00e+00	0.00e+00	4.92e-10	6.28e-17	7.09e-47
 5.88288e+22	6.59e-18	6.18e-10	4.34e-07	2.59e-05	1.40e-02	2.38e-01	7.48e-01	0.00e+00	0.00e+00	0.00e+00	6.18e-10	7.91e-17	1.27e-46
 5.90273e+22	8.24e-18	7.35e-10	5.00e-07	2.86e-05	1.49e-02	2.44e-01	7.41e-01	0.00e+00	0.00e+00	0.00e+00	7.35e-10	9.42e-17	1.98e-46
 5.92292e+22	1.12e-17	9.34e-10	6.05e-07	3.27e-05	1.62e-02	2.53e-01	7.31e-01	0.00e+00	0.00e+00	0.00e+00	9.34e-10	1.20e-16	3.60e-46
 5.94335e+22	1.41e-17	1.12e-09	7.00e-07	3.63e-05	1.73e-02	2.60e-01	7.23e-01	0.00e+00	0.00e+00	0.00e+00	1.12e-09	1.44e-16	5.69e-46
 5.96411e+22	1.92e-17	1.43e-09	8.52e-07	4.18e-05	1.89e-02	2.69e-01	7.12e-01	0.00e+00	0.00e+00	0.00e+00	1.43e-09	1.84e-16	1.05e-45
 5.98526e+22	2.46e-17	1.74e-09	9.97e-07	4.67e-05	2.02e-02	2.77e-01	7.03e-01	0.00e+00	0.00e+00	0.00e+00	1.74e-09	2.25e-16	1.70e-45
 6.00694e+22	3.41e-17	2.25e-09	1.23e-06	5.42e-05	2.21e-02	2.87e-01	6.91e-01	0.00e+00	0.00e+00	0.00e+00	2.25e-09	2.92e-16	3.21e-45
 6.02904e+22	4.44e-17	2.76e-09	1.45e-06	6.10e-05	2.38e-02	2.95e-01	6.81e-01	0.00e+00	0.00e+00	0.00e+00	2.76e-09	3.59e-16	5.31e-45
 6.05172e+22	6.26e-17	3.63e-09	1.81e-06	7.14e-05	2.62e-02	3.06e-01	6.67e-01	6.26e-17	9.25e-23	2.21e-23	3.63e-09	4.74e-16	1.02e-44
 6.07459e+22	8.18e-17	4.48e-09	2.15e-06	8.07e-05	2.82e-02	3.15e-01	6.56e-01	8.18e-17	2.89e-21	4.51e-22	4.48e-09	5.86e-16	1.70e-44
 6.09380e+22	1.05e-16	5.44e-09	2.51e-06	9.04e-05	3.02e-02	3.24e-01	6.46e-01	1.05e-16	3.70e-21	5.78e-22	5.44e-09	7.14e-16	2.70e-44
 6.11463e+22	1.43e-16	6.96e-09	3.07e-06	1.04e-04	3.30e-02	3.34e-01	6.33e-01	1.43e-16	5.06e-21	7.92e-22	6.96e-09	9.17e-16	4.83e-44
 6.13562e+22	1.84e-16	8.46e-09	3.60e-06	1.17e-04	3.53e-02	3.43e-01	6.22e-01	1.84e-16	6.51e-21	1.02e-21	8.46e-09	1.12e-15	7.63e-44
 6.15616e+22	2.48e-16	1.07e-08	4.37e-06	1.35e-04	3.84e-02	3.54e-01	6.08e-01	2.48e-16	8.79e-21	1.38e-21	1.07e-08	1.42e-15	1.31e-43
 6.17711e+22	3.21e-16	1.31e-08	5.16e-06	1.52e-04	4.13e-02	3.63e-01	5.96e-01	3.21e-16	1.14e-20	1.79e-21	1.31e-08	1.74e-15	2.09e-43
 6.19764e+22	4.28e-16	1.64e-08	6.21e-06	1.74e-04	4.47e-02	3.73e-01	5.82e-01	4.28e-16	1.52e-20	2.39e-21	1.64e-08	2.19e-15	3.47e-43
 6.21861e+22	5.59e-16	2.01e-08	7.38e-06	1.97e-04	4.81e-02	3.83e-01	5.69e-01	5.59e-16	1.99e-20	3.13e-21	2.01e-08	2.70e-15	5.53e-43
 6.23932e+22	7.37e-16	2.49e-08	8.80e-06	2.24e-04	5.20e-02	3.92e-01	5.55e-01	7.37e-16	2.63e-20	4.13e-21	2.49e-08	3.35e-15	8.88e-43
 6.26015e+22	9.65e-16	3.05e-08	1.04e-05	2.54e-04	5.60e-02	4.02e-01	5.42e-01	9.65e-16	3.45e-20	5.42e-21	3.05e-08	4.13e-15	1.39e-42
 6.28073e+22	1.26e-15	3.73e-08	1.24e-05	2.88e-04	6.02e-02	4.12e-01	5.28e-01	1.26e-15	4.51e-20	7.11e-21	3.73e-08	5.07e-15	2.16e-42
 6.30128e+22	1.65e-15	4.54e-08	1.46e-05	3.26e-04	6.47e-02	4.21e-01	5.14e-01	1.65e-15	5.90e-20	9.30e-21	4.54e-08	6.20e-15	3.31e-42
 6.32185e+22	2.15e-15	5.51e-08	1.73e-05	3.69e-04	6.95e-02	4.30e-01	5.00e-01	2.15e-15	7.72e-20	1.22e-20	5.51e-08	7.57e-15	5.03e-42
 6.34250e+22	2.81e-15	6.67e-08	2.03e-05	4.17e-04	7.45e-02	4.39e-01	4.86e-01	2.81e-15	1.01e-19	1.60e-20	6.67e-08	9.20e-15	7.55e-42
 6.36327e+22	3.69e-15	8.04e-08	2.39e-05	4.71e-04	7.99e-02	4.48e-01	4.72e-01	3.69e-15	1.33e-19	2.10e-20	8.04e-08	1.12e-14	1.12e-41
 6.38422e+22	4.86e-15	9.67e-08	2.81e-05	5.31e-04	8.56e-02	4.56e-01	4.58e-01	4.86e-15	1.75e-19	2.77e-20	9.67e-08	1.35e-14	1.66e-41
 6.40541e+22	6.44e-15	1.16e-07	3.29e-05	5.99e-04	9.17e-02	4.64e-01	4.43e-01	6.44e-15	2.33e-19	3.69e-20	1.16e-07	1.63e-14	2.43e-41
 6.42670e+22	8.57e-15	1.39e-07	3.85e-05	6.74e-04	9.80e-02	4.72e-01	4.29e-01	8.57e-15	3.11e-19	4.92e-20	1.39e-07	1.96e-14	3.52e-41
 6.44834e+22	1.16e-14	1.66e-07	4.51e-05	7.61e-04	1.05e-01	4.80e-01	4.15e-01	1.16e-14	4.22e-19	6.69e-20	1.66e-07	2.35e-14	5.11e-41
 6.47022e+22	1.59e-14	1.97e-07	5.26e-05	8.55e-04	1.12e-01	4.87e-01	4.00e-01	1.59e-14	5.77e-19	9.16e-20	1.97e-07	2.81e-14	7.31e-41
 6.49253e+22	2.24e-14	2.35e-07	6.17e-05	9.66e-04	1.20e-01	4.94e-01	3.86e-01	2.24e-14	8.16e-19	1.30e-19	2.35e-07	3.38e-14	1.05e-40
 6.51524e+22	3.22e-14	2.78e-07	7.18e-05	1.09e-03	1.27e-01	5.00e-01	3.71e-01	3.22e-14	1.18e-18	1.87e-19	2.78e-07	4.03e-14	1.49e-40
 6.53606e+22	4.55e-14	3.20e-07	8.15e-05	1.20e-03	1.34e-01	5.05e-01	3.59e-01	4.55e-14	1.67e-18	2.66e-19	3.20e-07	4.66e-14	2.00e-40
 6.55782e+22	7.40e-14	3.81e-07	9.57e-05	1.35e-03	1.44e-01	5.11e-01	3.44e-01	7.39e-14	2.72e-18	4.34e-19	3.81e-07	5.60e-14	2.87e-40
 6.57987e+22	8.10e-13	4.36e-07	1.08e-04	1.49e-03	1.51e-01	5.15e-01	3.32e-01	8.10e-13	2.98e-17	4.77e-18	4.36e-07	6.45e-14	4.87e-40
 6.60252e+22	1.38e-11	5.19e-07	1.27e-04	1.69e-03	1.61e-01	5.19e-01	3.17e-01	1.38e-11	5.11e-16	8.17e-17	5.19e-07	7.74e-14	2.86e-39
 6.62521e+22	1.65e-11	5.91e-07	1.43e-04	1.85e-03	1.70e-01	5.22e-01	3.06e-01	1.65e-11	6.10e-16	9.77e-17	5.91e-07	8.87e-14	3.76e-39
 6.64796e+22	2.04e-11	6.97e-07	1.67e-04	2.09e-03	1.81e-01	5.26e-01	2.91e-01	2.04e-11	7.59e-16	1.22e-16	6.97e-07	1.06e-13	5.28e-39
 6.67081e+22	2.40e-11	7.89e-07	1.88e-04	2.28e-03	1.89e-01	5.28e-01	2.80e-01	2.40e-11	8.93e-16	1.43e-16	7.89e-07	1.21e-13	6.87e-39
 6.69379e+22	2.92e-11	9.24e-07	2.18e-04	2.57e-03	2.01e-01	5.30e-01	2.67e-01	2.92e-11	1.09e-15	1.75e-16	9.24e-07	1.43e-13	9.48e-39
 6.71702e+22	3.39e-11	1.04e-06	2.45e-04	2.81e-03	2.10e-01	5.31e-01	2.56e-01	3.39e-11	1.27e-15	2.05e-16	1.04e-06	1.62e-13	1.22e-38
 6.74058e+22	4.08e-11	1.22e-06	2.83e-04	3.15e-03	2.22e-01	5.32e-01	2.42e-01	4.08e-11	1.54e-15	2.48e-16	1.22e-06	1.91e-13	1.67e-38
 6.76447e+22	4.71e-11	1.37e-06	3.17e-04	3.44e-03	2.32e-01	5.32e-01	2.32e-01	4.71e-11	1.78e-15	2.88e-16	1.37e-06	2.18e-13	2.15e-38
 6.78879e+22	5.63e-11	1.60e-06	3.67e-04	3.85e-03	2.46e-01	5.31e-01	2.19e-01	5.63e-11	2.14e-15	3.46e-16	1.60e-06	2.56e-13	2.92e-38
 6.81356e+22	6.48e-11	1.80e-06	4.11e-04	4.21e-03	2.56e-01	5.30e-01	2.09e-01	6.48e-11	2.47e-15	4.00e-16	1.80e-06	2.92e-13	3.76e-38
 6.83894e+22	7.70e-11	2.09e-06	4.76e-04	4.72e-03	2.71e-01	5.28e-01	1.97e-01	7.70e-11	2.94e-15	4.79e-16	2.09e-06	3.44e-13	5.14e-38
 6.86491e+22	8.84e-11	2.36e-06	5.33e-04	5.16e-03	2.82e-01	5.25e-01	1.87e-01	8.84e-11	3.40e-15	5.53e-16	2.36e-06	3.92e-13	6.67e-38
 6.89166e+22	1.05e-10	2.75e-06	6.18e-04	5.80e-03	2.98e-01	5.21e-01	1.75e-01	1.05e-10	4.05e-15	6.60e-16	2.75e-06	4.63e-13	9.17e-38
 6.91884e+22	1.20e-10	3.10e-06	6.93e-04	6.33e-03	3.10e-01	5.17e-01	1.65e-01	1.20e-10	4.65e-15	7.61e-16	3.10e-06	5.27e-13	1.20e-37
 6.94176e+22	1.35e-10	3.44e-06	7.66e-04	6.85e-03	3.21e-01	5.14e-01	1.57e-01	1.35e-10	5.26e-15	8.62e-16	3.44e-06	5.92e-13	1.51e-37
 6.96671e+22	1.57e-10	3.93e-06	8.72e-04	7.58e-03	3.36e-01	5.08e-01	1.47e-01	1.57e-10	6.13e-15	1.01e-15	3.93e-06	6.87e-13	2.03e-37
 6.99087e+22	1.74e-10	4.32e-06	9.54e-04	8.13e-03	3.46e-01	5.04e-01	1.41e-01	1.74e-10	6.84e-15	1.12e-15	4.32e-06	7.63e-13	2.53e-37
 7.01400e+22	1.97e-10	4.86e-06	1.07e-03	8.92e-03	3.60e-01	4.98e-01	1.32e-01	1.97e-10	7.81e-15	1.29e-15	4.86e-06	8.71e-13	3.29e-37
 7.03737e+22	2.20e-10	5.35e-06	1.17e-03	9.55e-03	3.71e-01	4.93e-01	1.26e-01	2.20e-10	8.73e-15	1.44e-15	5.35e-06	9.69e-13	4.15e-37
 7.06108e+22	2.49e-10	6.02e-06	1.31e-03	1.05e-02	3.85e-01	4.85e-01	1.18e-01	2.49e-10	9.97e-15	1.65e-15	6.02e-06	1.11e-12	5.46e-37
 7.08515e+22	2.77e-10	6.62e-06	1.44e-03	1.12e-02	3.96e-01	4.80e-01	1.12e-01	2.77e-10	1.11e-14	1.85e-15	6.62e-06	1.23e-12	6.94e-37
 7.10969e+22	3.15e-10	7.45e-06	1.61e-03	1.23e-02	4.11e-01	4.71e-01	1.04e-01	3.14e-10	1.27e-14	2.11e-15	7.45e-06	1.41e-12	9.21e-37
 7.13457e+22	3.50e-10	8.20e-06	1.76e-03	1.31e-02	4.22e-01	4.65e-01	9.87e-02	3.50e-10	1.42e-14	2.37e-15	8.20e-06	1.57e-12	1.18e-36
 7.15989e+22	3.97e-10	9.22e-06	1.98e-03	1.43e-02	4.37e-01	4.55e-01	9.16e-02	3.97e-10	1.62e-14	2.71e-15	9.22e-06	1.80e-12	1.59e-36
 7.18571e+22	4.43e-10	1.02e-05	2.17e-03	1.53e-02	4.48e-01	4.48e-01	8.64e-02	4.43e-10	1.82e-14	3.05e-15	1.02e-05	2.02e-12	2.07e-36
 7.21217e+22	5.02e-10	1.15e-05	2.43e-03	1.68e-02	4.63e-01	4.38e-01	7.98e-02	5.02e-10	2.09e-14	3.50e-15	1.15e-05	2.32e-12	2.83e-36
 7.23921e+22	5.61e-10	1.27e-05	2.67e-03	1.80e-02	4.75e-01	4.29e-01	7.49e-02	5.61e-10	2.34e-14	3.95e-15	1.27e-05	2.61e-12	3.73e-36
 7.26698e+22	6.40e-10	1.44e-05	3.00e-03	1.97e-02	4.90e-01	4.18e-01	6.88e-02	6.40e-10	2.70e-14	4.56e-15	1.44e-05	3.02e-12	5.23e-36
 7.29546e+22	7.16e-10	1.59e-05	3.30e-03	2.12e-02	5.02e-01	4.09e-01	6.43e-02	7.16e-10	3.04e-14	5.15e-15	1.59e-05	3.41e-12	7.01e-36
 7.32484e+22	8.22e-10	1.81e-05	3.72e-03	2.32e-02	5.18e-01	3.96e-01	5.87e-02	8.22e-10	3.53e-14	5.99e-15	1.81e-05	3.97e-12	1.01e-35
 7.35450e+22	9.25e-10	2.01e-05	4.09e-03	2.49e-02	5.30e-01	3.87e-01	5.47e-02	9.25e-10	4.00e-14	6.82e-15	2.01e-05	4.50e-12	1.38e-35
 7.38452e+22	1.06e-09	2.28e-05	4.61e-03	2.73e-02	5.45e-01	3.74e-01	4.96e-02	1.06e-09	4.62e-14	7.90e-15	2.28e-05	5.25e-12	2.01e-35
 7.41486e+22	1.19e-09	2.54e-05	5.06e-03	2.91e-02	5.56e-01	3.64e-01	4.61e-02	1.19e-09	5.26e-14	9.03e-15	2.54e-05	5.97e-12	2.79e-35
 7.44559e+22	1.36e-09	2.89e-05	5.69e-03	3.19e-02	5.71e-01	3.50e-01	4.17e-02	1.36e-09	6.08e-14	1.05e-14	2.89e-05	6.96e-12	4.10e-35
 7.47552e+22	1.52e-09	3.18e-05	6.20e-03	3.39e-02	5.81e-01	3.40e-01	3.88e-02	1.52e-09	6.84e-14	1.18e-14	3.18e-05	7.84e-12	5.57e-35
 7.50440e+22	1.73e-09	3.59e-05	6.90e-03	3.67e-02	5.93e-01	3.28e-01	3.53e-02	1.73e-09	7.90e-14	1.37e-14	3.59e-05	9.09e-12	8.16e-35
 7.53483e+22	1.94e-09	4.00e-05	7.58e-03	3.93e-02	6.03e-01	3.17e-01	3.25e-02	1.94e-09	8.96e-14	1.56e-14	4.00e-05	1.04e-11	1.15e-34
 7.56059e+22	2.14e-09	4.36e-05	8.18e-03	4.15e-02	6.12e-01	3.08e-01	3.03e-02	2.14e-09	9.95e-14	1.74e-14	4.36e-05	1.15e-11	1.52e-34
 7.58735e+22	2.41e-09	4.87e-05	8.99e-03	4.44e-02	6.22e-01	2.97e-01	2.77e-02	2.41e-09	1.14e-13	1.99e-14	4.87e-05	1.32e-11	2.18e-34
 7.61503e+22	2.67e-09	5.35e-05	9.75e-03	4.71e-02	6.30e-01	2.88e-01	2.56e-02	2.67e-09	1.27e-13	2.24e-14	5.35e-05	1.49e-11	2.97e-34
 7.63999e+22	2.95e-09	5.86e-05	1.05e-02	4.98e-02	6.37e-01	2.79e-01	2.38e-02	2.95e-09	1.42e-13	2.51e-14	5.86e-05	1.66e-11	4.02e-34
 7.66851e+22	3.36e-09	6.59e-05	1.16e-02	5.33e-02	6.46e-01	2.67e-01	2.16e-02	3.36e-09	1.64e-13	2.90e-14	6.59e-05	1.92e-11	5.93e-34
 7.69804e+22	3.73e-09	7.27e-05	1.26e-02	5.67e-02	6.54e-01	2.57e-01	1.98e-02	3.73e-09	1.84e-13	3.27e-14	7.27e-05	2.18e-11	8.28e-34
 7.72432e+22	4.15e-09	8.00e-05	1.37e-02	5.98e-02	6.60e-01	2.48e-01	1.82e-02	4.15e-09	2.07e-13	3.70e-14	8.00e-05	2.46e-11	1.14e-33
 7.75390e+22	4.74e-09	9.02e-05	1.51e-02	6.40e-02	6.68e-01	2.37e-01	1.65e-02	4.74e-09	2.41e-13	4.31e-14	9.02e-05	2.86e-11	1.73e-33
 7.78487e+22	5.32e-09	1.00e-04	1.65e-02	6.79e-02	6.74e-01	2.27e-01	1.50e-02	5.32e-09	2.74e-13	4.93e-14	1.00e-04	3.27e-11	2.48e-33
 7.81291e+22	5.94e-09	1.11e-04	1.78e-02	7.18e-02	6.79e-01	2.18e-01	1.37e-02	5.94e-09	3.10e-13	5.60e-14	1.11e-04	3.72e-11	3.51e-33
 7.84461e+22	6.85e-09	1.26e-04	1.97e-02	7.69e-02	6.85e-01	2.06e-01	1.22e-02	6.85e-09	3.64e-13	6.60e-14	1.26e-04	4.38e-11	5.47e-33
 7.87728e+22	7.72e-09	1.40e-04	2.15e-02	8.16e-02	6.89e-01	1.97e-01	1.10e-02	7.71e-09	4.17e-13	7.59e-14	1.40e-04	5.04e-11	8.01e-33
 7.90634e+22	8.65e-09	1.55e-04	2.34e-02	8.61e-02	6.92e-01	1.88e-01	1.00e-02	8.65e-09	4.75e-13	8.67e-14	1.55e-04	5.75e-11	1.15e-32
 7.93926e+22	1.00e-08	1.77e-04	2.59e-02	9.21e-02	6.96e-01	1.77e-01	8.89e-03	1.00e-08	5.62e-13	1.03e-13	1.77e-04	6.82e-11	1.83e-32
 7.97339e+22	1.14e-08	1.98e-04	2.83e-02	9.77e-02	6.98e-01	1.68e-01	7.96e-03	1.14e-08	6.49e-13	1.20e-13	1.98e-04	7.91e-11	2.75e-32
 8.00403e+22	1.28e-08	2.21e-04	3.07e-02	1.03e-01	7.00e-01	1.59e-01	7.17e-03	1.28e-08	7.45e-13	1.38e-13	2.21e-04	9.12e-11	4.04e-32
 8.03881e+22	1.50e-08	2.54e-04	3.41e-02	1.10e-01	7.00e-01	1.49e-01	6.26e-03	1.50e-08	8.93e-13	1.66e-13	2.54e-04	1.09e-10	6.66e-32
 8.07469e+22	1.71e-08	2.86e-04	3.72e-02	1.17e-01	7.00e-01	1.40e-01	5.57e-03	1.71e-08	1.04e-12	1.94e-13	2.86e-04	1.28e-10	1.01e-31
 8.10709e+22	1.95e-08	3.21e-04	4.05e-02	1.23e-01	6.99e-01	1.32e-01	4.96e-03	1.95e-08	1.21e-12	2.27e-13	3.21e-04	1.49e-10	1.54e-31
 8.14428e+22	2.30e-08	3.72e-04	4.52e-02	1.32e-01	6.96e-01	1.22e-01	4.26e-03	2.30e-08	1.47e-12	2.77e-13	3.72e-04	1.81e-10	2.63e-31
 8.18173e+22	2.61e-08	4.18e-04	4.92e-02	1.39e-01	6.93e-01	1.14e-01	3.76e-03	2.61e-08	1.71e-12	3.24e-13	4.18e-04	2.12e-10	4.02e-31
 8.21950e+22	3.11e-08	4.85e-04	5.47e-02	1.48e-01	6.88e-01	1.05e-01	3.22e-03	3.11e-08	2.09e-12	3.99e-13	4.85e-04	2.59e-10	6.89e-31
