#depth	O	O+	O+2	O+3	O+4	O+5	O+6	O+7	O+8	O[1]	O[2]	O[3]
 4.62852e+21	0.00e+00	0.00e+00	1.66e-29	9.30e-24	1.39e-18	9.69e-14	2.33e-08	3.20e-04	1.00e+00	0.00e+00	0.00e+00	0.00e+00
 1.05266e+22	0.00e+00	0.00e+00	1.40e-28	5.50e-23	5.89e-18	2.87e-13	4.78e-08	4.58e-04	1.00e+00	0.00e+00	0.00e+00	0.00e+00
 1.26443e+22	0.00e+00	0.00e+00	5.78e-28	1.80e-22	1.53e-17	5.89e-13	7.70e-08	5.80e-04	9.99e-01	0.00e+00	0.00e+00	0.00e+00
 1.41711e+22	0.00e+00	0.00e+00	1.79e-27	4.63e-22	3.26e-17	1.04e-12	1.13e-07	7.01e-04	9.99e-01	0.00e+00	0.00e+00	0.00e+00
 1.50541e+22	0.00e+00	0.00e+00	2.51e-27	6.15e-22	4.10e-17	1.24e-12	1.26e-07	7.42e-04	9.99e-01	0.00e+00	0.00e+00	0.00e+00
 1.54557e+22	0.00e+00	0.00e+00	3.46e-27	8.05e-22	5.09e-17	1.46e-12	1.41e-07	7.83e-04	9.99e-01	0.00e+00	0.00e+00	0.00e+00
 1.59093e+22	0.00e+00	1.98e-33	5.23e-27	1.14e-21	6.72e-17	1.80e-12	1.62e-07	8.39e-04	9.99e-01	0.00e+00	0.00e+00	0.00e+00
 1.63703e+22	0.00e+00	2.92e-33	7.31e-27	1.50e-21	8.42e-17	2.14e-12	1.81e-07	8.88e-04	9.99e-01	0.00e+00	0.00e+00	0.00e+00
 1.67751e+22	0.00e+00	4.30e-33	1.02e-26	1.99e-21	1.05e-16	2.54e-12	2.02e-07	9.39e-04	9.99e-01	0.00e+00	0.00e+00	0.00e+00
 1.71737e+22	0.00e+00	6.29e-33	1.42e-26	2.61e-21	1.31e-16	3.00e-12	2.26e-07	9.91e-04	9.99e-01	0.00e+00	0.00e+00	0.00e+00
 1.76302e+22	0.00e+00	1.02e-32	2.15e-26	3.71e-21	1.74e-16	3.72e-12	2.60e-07	1.06e-03	9.99e-01	0.00e+00	0.00e+00	0.00e+00
 1.80924e+22	0.00e+00	1.52e-32	3.02e-26	4.92e-21	2.19e-16	4.42e-12	2.92e-07	1.13e-03	9.99e-01	0.00e+00	0.00e+00	0.00e+00
 1.84952e+22	0.00e+00	2.22e-32	4.19e-26	6.48e-21	2.73e-16	5.23e-12	3.26e-07	1.19e-03	9.99e-01	0.00e+00	0.00e+00	0.00e+00
 1.89520e+22	0.00e+00	3.61e-32	6.35e-26	9.19e-21	3.62e-16	6.47e-12	3.75e-07	1.28e-03	9.99e-01	0.00e+00	0.00e+00	0.00e+00
 1.94141e+22	0.00e+00	5.33e-32	8.89e-26	1.22e-20	4.54e-16	7.69e-12	4.20e-07	1.35e-03	9.99e-01	0.00e+00	0.00e+00	0.00e+00
 1.97835e+22	0.00e+00	7.47e-32	1.19e-25	1.55e-20	5.52e-16	8.91e-12	4.63e-07	1.42e-03	9.99e-01	0.00e+00	0.00e+00	0.00e+00
 2.01084e+22	0.00e+00	1.01e-31	1.55e-25	1.93e-20	6.60e-16	1.02e-11	5.07e-07	1.48e-03	9.99e-01	0.00e+00	0.00e+00	0.00e+00
 2.04753e+22	0.00e+00	1.46e-31	2.12e-25	2.52e-20	8.17e-16	1.20e-11	5.64e-07	1.56e-03	9.98e-01	0.00e+00	0.00e+00	0.00e+00
 2.08694e+22	0.00e+00	2.09e-31	2.88e-25	3.26e-20	1.01e-15	1.41e-11	6.25e-07	1.64e-03	9.98e-01	0.00e+00	0.00e+00	0.00e+00
 2.12231e+22	0.00e+00	2.90e-31	3.82e-25	4.13e-20	1.22e-15	1.63e-11	6.88e-07	1.72e-03	9.98e-01	0.00e+00	0.00e+00	0.00e+00
 2.15552e+22	0.00e+00	3.97e-31	5.01e-25	5.18e-20	1.46e-15	1.87e-11	7.55e-07	1.80e-03	9.98e-01	0.00e+00	0.00e+00	0.00e+00
 2.19354e+22	0.00e+00	5.78e-31	6.91e-25	6.79e-20	1.82e-15	2.21e-11	8.42e-07	1.90e-03	9.98e-01	0.00e+00	0.00e+00	0.00e+00
 2.23382e+22	0.00e+00	8.33e-31	9.47e-25	8.84e-20	2.25e-15	2.60e-11	9.37e-07	2.01e-03	9.98e-01	0.00e+00	0.00e+00	0.00e+00
 2.26896e+22	0.00e+00	1.15e-30	1.25e-24	1.12e-19	2.72e-15	3.00e-11	1.03e-06	2.10e-03	9.98e-01	0.00e+00	0.00e+00	0.00e+00
 2.30655e+22	0.00e+00	1.67e-30	1.72e-24	1.47e-19	3.39e-15	3.55e-11	1.15e-06	2.22e-03	9.98e-01	0.00e+00	0.00e+00	0.00e+00
 2.34312e+22	0.00e+00	2.29e-30	2.26e-24	1.84e-19	4.08e-15	4.09e-11	1.26e-06	2.33e-03	9.98e-01	0.00e+00	0.00e+00	0.00e+00
 2.37188e+22	0.00e+00	2.98e-30	2.84e-24	2.23e-19	4.76e-15	4.59e-11	1.36e-06	2.42e-03	9.98e-01	0.00e+00	0.00e+00	0.00e+00
 2.40280e+22	0.00e+00	4.03e-30	3.68e-24	2.78e-19	5.69e-15	5.26e-11	1.49e-06	2.52e-03	9.97e-01	0.00e+00	0.00e+00	0.00e+00
 2.43669e+22	0.00e+00	5.44e-30	4.77e-24	3.45e-19	6.78e-15	6.02e-11	1.63e-06	2.64e-03	9.97e-01	0.00e+00	0.00e+00	0.00e+00
 2.46881e+22	0.00e+00	7.31e-30	6.16e-24	4.28e-19	8.07e-15	6.87e-11	1.77e-06	2.75e-03	9.97e-01	0.00e+00	0.00e+00	0.00e+00
 2.49929e+22	0.00e+00	9.72e-30	7.87e-24	5.25e-19	9.53e-15	7.80e-11	1.93e-06	2.87e-03	9.97e-01	0.00e+00	0.00e+00	0.00e+00
 2.52872e+22	0.00e+00	1.28e-29	9.96e-24	6.40e-19	1.12e-14	8.82e-11	2.09e-06	2.98e-03	9.97e-01	0.00e+00	0.00e+00	0.00e+00
 2.56248e+22	0.00e+00	1.77e-29	1.32e-23	8.12e-19	1.36e-14	1.02e-10	2.30e-06	3.13e-03	9.97e-01	0.00e+00	0.00e+00	0.00e+00
 2.59798e+22	0.00e+00	2.44e-29	1.74e-23	1.02e-18	1.64e-14	1.18e-10	2.53e-06	3.28e-03	9.97e-01	0.00e+00	0.00e+00	0.00e+00
 2.62846e+22	0.00e+00	3.23e-29	2.22e-23	1.25e-18	1.93e-14	1.34e-10	2.74e-06	3.41e-03	9.97e-01	0.00e+00	0.00e+00	0.00e+00
 2.65484e+22	0.00e+00	4.12e-29	2.73e-23	1.49e-18	2.22e-14	1.49e-10	2.95e-06	3.54e-03	9.96e-01	0.00e+00	0.00e+00	0.00e+00
 2.68315e+22	0.00e+00	5.39e-29	3.45e-23	1.82e-18	2.61e-14	1.68e-10	3.19e-06	3.68e-03	9.96e-01	0.00e+00	0.00e+00	0.00e+00
 2.71391e+22	0.00e+00	7.10e-29	4.37e-23	2.22e-18	3.06e-14	1.90e-10	3.46e-06	3.83e-03	9.96e-01	0.00e+00	0.00e+00	0.00e+00
 2.74217e+22	0.00e+00	9.17e-29	5.45e-23	2.67e-18	3.56e-14	2.14e-10	3.73e-06	3.97e-03	9.96e-01	0.00e+00	0.00e+00	0.00e+00
 2.77323e+22	0.00e+00	1.24e-28	7.09e-23	3.33e-18	4.26e-14	2.45e-10	4.09e-06	4.16e-03	9.96e-01	0.00e+00	0.00e+00	0.00e+00
 2.80470e+22	0.00e+00	1.64e-28	9.02e-23	4.07e-18	5.02e-14	2.78e-10	4.44e-06	4.33e-03	9.96e-01	0.00e+00	0.00e+00	0.00e+00
 2.83081e+22	0.00e+00	2.09e-28	1.11e-22	4.84e-18	5.77e-14	3.09e-10	4.76e-06	4.48e-03	9.96e-01	0.00e+00	0.00e+00	0.00e+00
 2.85888e+22	0.00e+00	2.75e-28	1.40e-22	5.91e-18	6.79e-14	3.50e-10	5.17e-06	4.66e-03	9.95e-01	0.00e+00	0.00e+00	0.00e+00
 2.88921e+22	0.00e+00	3.60e-28	1.77e-22	7.19e-18	7.95e-14	3.95e-10	5.59e-06	4.85e-03	9.95e-01	0.00e+00	0.00e+00	0.00e+00
 2.91537e+22	0.00e+00	4.52e-28	2.15e-22	8.48e-18	9.09e-14	4.38e-10	5.98e-06	5.02e-03	9.95e-01	0.00e+00	0.00e+00	0.00e+00
 2.93855e+22	0.00e+00	5.62e-28	2.60e-22	9.93e-18	1.03e-13	4.83e-10	6.38e-06	5.18e-03	9.95e-01	0.00e+00	0.00e+00	0.00e+00
 2.96497e+22	0.00e+00	7.24e-28	3.24e-22	1.19e-17	1.20e-13	5.42e-10	6.88e-06	5.37e-03	9.95e-01	0.00e+00	0.00e+00	0.00e+00
 2.99326e+22	0.00e+00	9.31e-28	4.02e-22	1.43e-17	1.39e-13	6.07e-10	7.41e-06	5.57e-03	9.94e-01	0.00e+00	0.00e+00	0.00e+00
 3.01881e+22	0.00e+00	1.18e-27	4.92e-22	1.70e-17	1.60e-13	6.74e-10	7.95e-06	5.77e-03	9.94e-01	0.00e+00	0.00e+00	0.00e+00
 3.04314e+22	0.00e+00	1.48e-27	5.98e-22	2.00e-17	1.83e-13	7.47e-10	8.50e-06	5.96e-03	9.94e-01	0.00e+00	0.00e+00	0.00e+00
 3.07102e+22	0.00e+00	1.93e-27	7.53e-22	2.43e-17	2.14e-13	8.44e-10	9.21e-06	6.20e-03	9.94e-01	0.00e+00	0.00e+00	0.00e+00
 3.09970e+22	2.22e-34	2.49e-27	9.38e-22	2.92e-17	2.48e-13	9.45e-10	9.93e-06	6.44e-03	9.94e-01	0.00e+00	0.00e+00	0.00e+00
 3.12393e+22	2.86e-34	3.11e-27	1.13e-21	3.43e-17	2.83e-13	1.04e-09	1.06e-05	6.65e-03	9.93e-01	0.00e+00	0.00e+00	0.00e+00
 3.14990e+22	3.82e-34	4.00e-27	1.41e-21	4.12e-17	3.29e-13	1.17e-09	1.14e-05	6.90e-03	9.93e-01	0.00e+00	0.00e+00	0.00e+00
 3.17779e+22	5.10e-34	5.16e-27	1.75e-21	4.95e-17	3.81e-13	1.31e-09	1.23e-05	7.16e-03	9.93e-01	0.00e+00	0.00e+00	0.00e+00
 3.20308e+22	6.59e-34	6.46e-27	2.13e-21	5.83e-17	4.36e-13	1.45e-09	1.32e-05	7.40e-03	9.93e-01	0.00e+00	0.00e+00	0.00e+00
 3.22650e+22	8.44e-34	8.02e-27	2.56e-21	6.81e-17	4.94e-13	1.60e-09	1.41e-05	7.64e-03	9.92e-01	0.00e+00	0.00e+00	0.00e+00
 3.25259e+22	1.12e-33	1.03e-26	3.18e-21	8.17e-17	5.73e-13	1.79e-09	1.52e-05	7.93e-03	9.92e-01	0.00e+00	0.00e+00	0.00e+00
 3.28014e+22	1.48e-33	1.32e-26	3.93e-21	9.75e-17	6.62e-13	2.00e-09	1.63e-05	8.22e-03	9.92e-01	0.00e+00	0.00e+00	0.00e+00
 3.30442e+22	1.91e-33	1.64e-26	4.75e-21	1.14e-16	7.53e-13	2.21e-09	1.74e-05	8.49e-03	9.91e-01	0.00e+00	0.00e+00	0.00e+00
 3.33078e+22	2.57e-33	2.12e-26	5.93e-21	1.38e-16	8.78e-13	2.49e-09	1.88e-05	8.82e-03	9.91e-01	0.00e+00	0.00e+00	0.00e+00
 3.35874e+22	3.44e-33	2.75e-26	7.39e-21	1.66e-16	1.02e-12	2.79e-09	2.03e-05	9.16e-03	9.91e-01	0.00e+00	0.00e+00	0.00e+00
 3.38281e+22	4.36e-33	3.38e-26	8.84e-21	1.93e-16	1.15e-12	3.06e-09	2.16e-05	9.45e-03	9.91e-01	0.00e+00	0.00e+00	0.00e+00
 3.40816e+22	5.86e-33	4.38e-26	1.10e-20	2.33e-16	1.34e-12	3.44e-09	2.34e-05	9.82e-03	9.90e-01	0.00e+00	0.00e+00	0.00e+00
 3.43434e+22	7.61e-33	5.50e-26	1.34e-20	2.74e-16	1.53e-12	3.80e-09	2.50e-05	1.02e-02	9.90e-01	0.00e+00	0.00e+00	0.00e+00
 3.45769e+22	9.70e-33	6.80e-26	1.61e-20	3.20e-16	1.74e-12	4.19e-09	2.67e-05	1.05e-02	9.89e-01	0.00e+00	0.00e+00	0.00e+00
 3.48415e+22	1.31e-32	8.82e-26	2.02e-20	3.86e-16	2.02e-12	4.71e-09	2.88e-05	1.09e-02	9.89e-01	0.00e+00	0.00e+00	0.00e+00
 3.51204e+22	1.77e-32	1.15e-25	2.52e-20	4.66e-16	2.35e-12	5.27e-09	3.12e-05	1.13e-02	9.89e-01	0.00e+00	0.00e+00	0.00e+00
 3.53635e+22	2.26e-32	1.42e-25	3.03e-20	5.44e-16	2.67e-12	5.81e-09	3.32e-05	1.17e-02	9.88e-01	0.00e+00	0.00e+00	0.00e+00
 3.55913e+22	2.88e-32	1.76e-25	3.65e-20	6.36e-16	3.03e-12	6.39e-09	3.54e-05	1.21e-02	9.88e-01	0.00e+00	0.00e+00	0.00e+00
 3.58531e+22	3.88e-32	2.28e-25	4.55e-20	7.66e-16	3.52e-12	7.17e-09	3.83e-05	1.25e-02	9.87e-01	0.00e+00	0.00e+00	0.00e+00
 3.61256e+22	5.17e-32	2.93e-25	5.64e-20	9.17e-16	4.07e-12	8.00e-09	4.13e-05	1.30e-02	9.87e-01	0.00e+00	0.00e+00	0.00e+00
 3.63608e+22	6.68e-32	3.66e-25	6.83e-20	1.08e-15	4.63e-12	8.81e-09	4.41e-05	1.35e-02	9.87e-01	0.00e+00	0.00e+00	0.00e+00
 3.66154e+22	9.10e-32	4.79e-25	8.60e-20	1.30e-15	5.41e-12	9.91e-09	4.78e-05	1.40e-02	9.86e-01	0.00e+00	0.00e+00	0.00e+00
 3.68726e+22	1.18e-31	5.99e-25	1.04e-19	1.53e-15	6.15e-12	1.09e-08	5.11e-05	1.45e-02	9.85e-01	0.00e+00	0.00e+00	0.00e+00
 3.70944e+22	1.50e-31	7.40e-25	1.25e-19	1.78e-15	6.95e-12	1.20e-08	5.44e-05	1.49e-02	9.85e-01	0.00e+00	0.00e+00	0.00e+00
 3.73438e+22	2.04e-31	9.66e-25	1.56e-19	2.15e-15	8.09e-12	1.34e-08	5.88e-05	1.55e-02	9.84e-01	0.00e+00	0.00e+00	0.00e+00
 3.76002e+22	2.65e-31	1.21e-24	1.90e-19	2.53e-15	9.22e-12	1.48e-08	6.29e-05	1.61e-02	9.84e-01	0.00e+00	0.00e+00	0.00e+00
 3.78292e+22	3.46e-31	1.53e-24	2.31e-19	2.98e-15	1.05e-11	1.63e-08	6.73e-05	1.66e-02	9.83e-01	0.00e+00	0.00e+00	0.00e+00
 3.80563e+22	4.48e-31	1.91e-24	2.80e-19	3.50e-15	1.19e-11	1.79e-08	7.20e-05	1.72e-02	9.83e-01	0.00e+00	0.00e+00	0.00e+00
 3.83174e+22	6.22e-31	2.54e-24	3.57e-19	4.29e-15	1.40e-11	2.02e-08	7.83e-05	1.79e-02	9.82e-01	0.00e+00	0.00e+00	0.00e+00
 3.85749e+22	8.18e-31	3.22e-24	4.37e-19	5.07e-15	1.60e-11	2.23e-08	8.39e-05	1.86e-02	9.81e-01	0.00e+00	0.00e+00	0.00e+00
 3.87856e+22	1.05e-30	4.01e-24	5.26e-19	5.91e-15	1.81e-11	2.44e-08	8.93e-05	1.92e-02	9.81e-01	0.00e+00	0.00e+00	0.00e+00
 3.90174e+22	1.41e-30	5.16e-24	6.51e-19	7.06e-15	2.09e-11	2.71e-08	9.61e-05	1.99e-02	9.80e-01	0.00e+00	0.00e+00	0.00e+00
 3.92647e+22	1.89e-30	6.65e-24	8.08e-19	8.44e-15	2.40e-11	3.00e-08	1.03e-04	2.07e-02	9.79e-01	0.00e+00	0.00e+00	0.00e+00
 3.94854e+22	2.43e-30	8.28e-24	9.74e-19	9.86e-15	2.72e-11	3.29e-08	1.10e-04	2.14e-02	9.79e-01	0.00e+00	0.00e+00	0.00e+00
 3.97256e+22	3.37e-30	1.10e-23	1.24e-18	1.20e-14	3.18e-11	3.68e-08	1.20e-04	2.23e-02	9.78e-01	0.00e+00	0.00e+00	0.00e+00
 3.99643e+22	4.45e-30	1.40e-23	1.51e-18	1.42e-14	3.62e-11	4.05e-08	1.28e-04	2.30e-02	9.77e-01	0.00e+00	0.00e+00	0.00e+00
 4.01623e+22	5.65e-30	1.72e-23	1.81e-18	1.64e-14	4.06e-11	4.40e-08	1.36e-04	2.38e-02	9.76e-01	0.00e+00	0.00e+00	0.00e+00
 4.03807e+22	7.63e-30	2.22e-23	2.25e-18	1.97e-14	4.68e-11	4.88e-08	1.46e-04	2.47e-02	9.75e-01	0.00e+00	0.00e+00	0.00e+00
 4.06114e+22	1.01e-29	2.82e-23	2.75e-18	2.33e-14	5.34e-11	5.37e-08	1.57e-04	2.55e-02	9.74e-01	0.00e+00	0.00e+00	0.00e+00
 4.08221e+22	1.33e-29	3.59e-23	3.37e-18	2.75e-14	6.09e-11	5.90e-08	1.68e-04	2.64e-02	9.73e-01	0.00e+00	0.00e+00	0.00e+00
 4.10257e+22	1.73e-29	4.51e-23	4.09e-18	3.23e-14	6.90e-11	6.45e-08	1.79e-04	2.73e-02	9.73e-01	0.00e+00	0.00e+00	0.00e+00
 4.12241e+22	2.26e-29	5.67e-23	4.96e-18	3.78e-14	7.81e-11	7.05e-08	1.91e-04	2.82e-02	9.72e-01	0.00e+00	0.00e+00	0.00e+00
 4.14189e+22	2.91e-29	7.06e-23	5.97e-18	4.41e-14	8.81e-11	7.69e-08	2.03e-04	2.91e-02	9.71e-01	0.00e+00	0.00e+00	0.00e+00
 4.16411e+22	4.04e-29	9.36e-23	7.58e-18	5.37e-14	1.03e-10	8.58e-08	2.19e-04	3.03e-02	9.69e-01	0.00e+00	0.00e+00	0.00e+00
 4.18664e+22	5.38e-29	1.20e-22	9.33e-18	6.37e-14	1.17e-10	9.44e-08	2.35e-04	3.14e-02	9.68e-01	0.00e+00	0.00e+00	0.00e+00
 4.20604e+22	7.04e-29	1.51e-22	1.14e-17	7.49e-14	1.33e-10	1.03e-07	2.51e-04	3.25e-02	9.67e-01	0.00e+00	0.00e+00	0.00e+00
 4.22770e+22	9.90e-29	2.03e-22	1.45e-17	9.19e-14	1.56e-10	1.16e-07	2.72e-04	3.38e-02	9.66e-01	0.00e+00	0.00e+00	0.00e+00
 4.24914e+22	1.28e-28	2.54e-22	1.76e-17	1.07e-13	1.76e-10	1.26e-07	2.89e-04	3.49e-02	9.65e-01	0.00e+00	0.00e+00	0.00e+00
 4.27027e+22	1.80e-28	3.39e-22	2.25e-17	1.31e-13	2.06e-10	1.41e-07	3.13e-04	3.63e-02	9.63e-01	0.00e+00	0.00e+00	0.00e+00
 4.29177e+22	2.36e-28	4.29e-22	2.74e-17	1.55e-13	2.35e-10	1.55e-07	3.35e-04	3.76e-02	9.62e-01	0.00e+00	0.00e+00	0.00e+00
 4.31065e+22	3.12e-28	5.45e-22	3.36e-17	1.83e-13	2.67e-10	1.69e-07	3.57e-04	3.88e-02	9.61e-01	0.00e+00	0.00e+00	0.00e+00
 4.32919e+22	4.05e-28	6.82e-22	4.06e-17	2.14e-13	3.02e-10	1.85e-07	3.80e-04	4.01e-02	9.60e-01	0.00e+00	0.00e+00	0.00e+00
 4.35043e+22	5.69e-28	9.15e-22	5.21e-17	2.63e-13	3.54e-10	2.07e-07	4.12e-04	4.17e-02	9.58e-01	0.00e+00	0.00e+00	0.00e+00
 4.37215e+22	7.70e-28	1.19e-21	6.49e-17	3.15e-13	4.08e-10	2.29e-07	4.42e-04	4.32e-02	9.56e-01	0.00e+00	0.00e+00	0.00e+00
 4.39109e+22	1.02e-27	1.52e-21	7.98e-17	3.74e-13	4.66e-10	2.51e-07	4.72e-04	4.47e-02	9.55e-01	0.00e+00	0.00e+00	0.00e+00
 4.40943e+22	1.36e-27	1.94e-21	9.82e-17	4.44e-13	5.32e-10	2.76e-07	5.04e-04	4.62e-02	9.53e-01	0.00e+00	0.00e+00	0.00e+00
 4.43043e+22	1.93e-27	2.63e-21	1.27e-16	5.49e-13	6.27e-10	3.11e-07	5.47e-04	4.81e-02	9.51e-01	0.00e+00	0.00e+00	0.00e+00
 4.45193e+22	2.61e-27	3.40e-21	1.58e-16	6.57e-13	7.22e-10	3.43e-07	5.87e-04	4.98e-02	9.50e-01	0.00e+00	0.00e+00	0.00e+00
 4.47408e+22	3.83e-27	4.75e-21	2.10e-16	8.30e-13	8.66e-10	3.90e-07	6.41e-04	5.20e-02	9.47e-01	0.00e+00	0.00e+00	0.00e+00
 4.49641e+22	5.27e-27	6.25e-21	2.65e-16	1.01e-12	1.01e-09	4.34e-07	6.90e-04	5.39e-02	9.45e-01	0.00e+00	0.00e+00	0.00e+00
 4.51477e+22	6.94e-27	7.93e-21	3.24e-16	1.19e-12	1.14e-09	4.75e-07	7.35e-04	5.56e-02	9.44e-01	0.00e+00	0.00e+00	0.00e+00
 4.53444e+22	9.88e-27	1.08e-20	4.20e-16	1.47e-12	1.35e-09	5.34e-07	7.97e-04	5.79e-02	9.41e-01	0.00e+00	0.00e+00	0.00e+00
 4.55451e+22	1.34e-26	1.40e-20	5.24e-16	1.77e-12	1.56e-09	5.91e-07	8.53e-04	5.99e-02	9.39e-01	0.00e+00	0.00e+00	0.00e+00
 4.57081e+22	1.72e-26	1.74e-20	6.30e-16	2.06e-12	1.75e-09	6.42e-07	9.02e-04	6.15e-02	9.38e-01	0.00e+00	0.00e+00	0.00e+00
 4.58772e+22	2.35e-26	2.28e-20	7.93e-16	2.49e-12	2.03e-09	7.13e-07	9.68e-04	6.37e-02	9.35e-01	0.00e+00	0.00e+00	0.00e+00
 4.60389e+22	2.98e-26	2.79e-20	9.43e-16	2.87e-12	2.27e-09	7.70e-07	1.02e-03	6.54e-02	9.34e-01	0.00e+00	0.00e+00	0.00e+00
 4.61690e+22	3.77e-26	3.42e-20	1.12e-15	3.31e-12	2.53e-09	8.32e-07	1.08e-03	6.70e-02	9.32e-01	0.00e+00	0.00e+00	0.00e+00
 4.62966e+22	4.69e-26	4.14e-20	1.32e-15	3.79e-12	2.81e-09	8.95e-07	1.13e-03	6.86e-02	9.30e-01	0.00e+00	0.00e+00	0.00e+00
 4.64214e+22	5.74e-26	4.93e-20	1.53e-15	4.28e-12	3.09e-09	9.57e-07	1.18e-03	7.01e-02	9.29e-01	0.00e+00	0.00e+00	0.00e+00
 4.65621e+22	7.54e-26	6.25e-20	1.87e-15	5.05e-12	3.52e-09	1.05e-06	1.25e-03	7.22e-02	9.27e-01	0.00e+00	0.00e+00	0.00e+00
 4.67038e+22	9.58e-26	7.69e-20	2.22e-15	5.84e-12	3.93e-09	1.13e-06	1.32e-03	7.41e-02	9.25e-01	0.00e+00	0.00e+00	0.00e+00
 4.68233e+22	1.19e-25	9.28e-20	2.61e-15	6.67e-12	4.36e-09	1.22e-06	1.38e-03	7.58e-02	9.23e-01	0.00e+00	0.00e+00	0.00e+00
 4.69355e+22	1.48e-25	1.12e-19	3.06e-15	7.59e-12	4.82e-09	1.31e-06	1.45e-03	7.75e-02	9.21e-01	0.00e+00	0.00e+00	0.00e+00
 4.70435e+22	1.78e-25	1.31e-19	3.51e-15	8.51e-12	5.26e-09	1.39e-06	1.51e-03	7.90e-02	9.20e-01	0.00e+00	0.00e+00	0.00e+00
 4.71665e+22	2.30e-25	1.64e-19	4.23e-15	9.93e-12	5.93e-09	1.51e-06	1.60e-03	8.11e-02	9.17e-01	0.00e+00	0.00e+00	0.00e+00
 4.72932e+22	2.90e-25	2.01e-19	5.03e-15	1.15e-11	6.62e-09	1.63e-06	1.68e-03	8.31e-02	9.15e-01	0.00e+00	0.00e+00	0.00e+00
 4.74034e+22	3.59e-25	2.41e-19	5.88e-15	1.30e-11	7.31e-09	1.75e-06	1.75e-03	8.49e-02	9.13e-01	0.00e+00	0.00e+00	0.00e+00
 4.75256e+22	4.69e-25	3.04e-19	7.16e-15	1.53e-11	8.29e-09	1.91e-06	1.86e-03	8.72e-02	9.11e-01	0.00e+00	0.00e+00	0.00e+00
 4.76446e+22	5.75e-25	3.63e-19	8.31e-15	1.73e-11	9.12e-09	2.04e-06	1.94e-03	8.90e-02	9.09e-01	0.00e+00	0.00e+00	0.00e+00
 4.77440e+22	7.12e-25	4.37e-19	9.74e-15	1.98e-11	1.01e-08	2.19e-06	2.03e-03	9.09e-02	9.07e-01	0.00e+00	0.00e+00	0.00e+00
 4.78419e+22	8.66e-25	5.18e-19	1.13e-14	2.23e-11	1.10e-08	2.33e-06	2.11e-03	9.27e-02	9.05e-01	0.00e+00	0.00e+00	0.00e+00
 4.79533e+22	1.13e-24	6.52e-19	1.37e-14	2.61e-11	1.25e-08	2.54e-06	2.23e-03	9.51e-02	9.03e-01	0.00e+00	0.00e+00	0.00e+00
 4.80663e+22	1.42e-24	7.96e-19	1.62e-14	3.01e-11	1.39e-08	2.73e-06	2.34e-03	9.72e-02	9.00e-01	0.00e+00	0.00e+00	0.00e+00
 4.81637e+22	1.74e-24	9.51e-19	1.89e-14	3.41e-11	1.53e-08	2.92e-06	2.44e-03	9.92e-02	8.98e-01	0.00e+00	0.00e+00	0.00e+00
 4.82728e+22	2.31e-24	1.21e-18	2.32e-14	4.03e-11	1.74e-08	3.19e-06	2.58e-03	1.02e-01	8.96e-01	0.00e+00	0.00e+00	0.00e+00
 4.83838e+22	2.91e-24	1.48e-18	2.75e-14	4.64e-11	1.94e-08	3.44e-06	2.70e-03	1.04e-01	8.93e-01	0.00e+00	0.00e+00	0.00e+00
 4.84974e+22	3.92e-24	1.92e-18	3.42e-14	5.57e-11	2.23e-08	3.79e-06	2.87e-03	1.07e-01	8.90e-01	0.00e+00	0.00e+00	0.00e+00
 4.86113e+22	4.98e-24	2.36e-18	4.09e-14	6.44e-11	2.49e-08	4.09e-06	3.01e-03	1.09e-01	8.87e-01	0.00e+00	0.00e+00	0.00e+00
 4.87078e+22	6.19e-24	2.85e-18	4.80e-14	7.35e-11	2.76e-08	4.38e-06	3.15e-03	1.12e-01	8.85e-01	0.00e+00	0.00e+00	0.00e+00
 4.88150e+22	8.56e-24	3.78e-18	6.09e-14	8.94e-11	3.20e-08	4.85e-06	3.35e-03	1.15e-01	8.82e-01	0.00e+00	0.00e+00	0.00e+00
 4.89201e+22	1.06e-23	4.54e-18	7.12e-14	1.02e-10	3.53e-08	5.19e-06	3.50e-03	1.17e-01	8.79e-01	0.00e+00	0.00e+00	0.00e+00
 4.90225e+22	1.45e-23	5.96e-18	8.97e-14	1.23e-10	4.07e-08	5.72e-06	3.72e-03	1.21e-01	8.76e-01	0.00e+00	0.00e+00	0.00e+00
 4.91230e+22	1.77e-23	7.11e-18	1.04e-13	1.39e-10	4.48e-08	6.11e-06	3.87e-03	1.23e-01	8.73e-01	0.00e+00	0.00e+00	0.00e+00
 4.92210e+22	2.44e-23	9.39e-18	1.32e-13	1.69e-10	5.18e-08	6.75e-06	4.12e-03	1.26e-01	8.69e-01	0.00e+00	0.00e+00	0.00e+00
 4.93184e+22	3.03e-23	1.13e-17	1.55e-13	1.92e-10	5.72e-08	7.22e-06	4.30e-03	1.29e-01	8.67e-01	0.00e+00	0.00e+00	0.00e+00
 4.94152e+22	4.17e-23	1.49e-17	1.96e-13	2.33e-10	6.63e-08	7.98e-06	4.57e-03	1.33e-01	8.63e-01	0.00e+00	0.00e+00	0.00e+00
 4.95129e+22	5.27e-23	1.83e-17	2.32e-13	2.68e-10	7.38e-08	8.58e-06	4.78e-03	1.35e-01	8.60e-01	0.00e+00	0.00e+00	0.00e+00
 4.96121e+22	7.37e-23	2.45e-17	2.97e-13	3.28e-10	8.60e-08	9.52e-06	5.09e-03	1.39e-01	8.56e-01	0.00e+00	0.00e+00	0.00e+00
 4.97122e+22	9.38e-23	3.02e-17	3.55e-13	3.80e-10	9.61e-08	1.03e-05	5.34e-03	1.42e-01	8.52e-01	0.00e+00	0.00e+00	0.00e+00
 4.98135e+22	1.31e-22	4.04e-17	4.55e-13	4.65e-10	1.12e-07	1.14e-05	5.69e-03	1.47e-01	8.48e-01	0.00e+00	0.00e+00	0.00e+00
 4.99140e+22	1.69e-22	5.03e-17	5.48e-13	5.42e-10	1.26e-07	1.23e-05	5.97e-03	1.50e-01	8.44e-01	0.00e+00	0.00e+00	0.00e+00
 5.00134e+22	2.36e-22	6.73e-17	7.01e-13	6.63e-10	1.47e-07	1.37e-05	6.37e-03	1.54e-01	8.39e-01	0.00e+00	0.00e+00	0.00e+00
 5.01146e+22	3.09e-22	8.49e-17	8.55e-13	7.80e-10	1.66e-07	1.49e-05	6.71e-03	1.58e-01	8.36e-01	0.00e+00	0.00e+00	0.00e+00
 5.02183e+22	4.41e-22	1.16e-16	1.11e-12	9.66e-10	1.95e-07	1.66e-05	7.18e-03	1.63e-01	8.30e-01	0.00e+00	0.00e+00	0.00e+00
 5.03226e+22	5.79e-22	1.46e-16	1.36e-12	1.14e-09	2.21e-07	1.81e-05	7.56e-03	1.66e-01	8.26e-01	0.00e+00	0.00e+00	0.00e+00
 5.04276e+22	8.31e-22	2.00e-16	1.77e-12	1.42e-09	2.61e-07	2.02e-05	8.10e-03	1.72e-01	8.20e-01	0.00e+00	0.00e+00	0.00e+00
 5.05334e+22	1.09e-21	2.54e-16	2.17e-12	1.67e-09	2.96e-07	2.21e-05	8.55e-03	1.76e-01	8.16e-01	0.00e+00	0.00e+00	0.00e+00
 5.06252e+22	1.44e-21	3.22e-16	2.65e-12	1.97e-09	3.35e-07	2.40e-05	9.01e-03	1.80e-01	8.11e-01	0.00e+00	0.00e+00	0.00e+00
 5.07296e+22	2.06e-21	4.40e-16	3.45e-12	2.45e-09	3.95e-07	2.69e-05	9.65e-03	1.85e-01	8.05e-01	0.00e+00	0.00e+00	0.00e+00
 5.08329e+22	2.64e-21	5.46e-16	4.14e-12	2.84e-09	4.43e-07	2.91e-05	1.01e-02	1.89e-01	8.01e-01	0.00e+00	0.00e+00	0.00e+00
 5.09347e+22	3.71e-21	7.33e-16	5.32e-12	3.49e-09	5.19e-07	3.24e-05	1.08e-02	1.95e-01	7.94e-01	0.00e+00	0.00e+00	0.00e+00
 5.10386e+22	4.79e-21	9.14e-16	6.42e-12	4.08e-09	5.84e-07	3.52e-05	1.14e-02	1.99e-01	7.90e-01	0.00e+00	0.00e+00	0.00e+00
 5.11452e+22	6.73e-21	1.23e-15	8.25e-12	5.01e-09	6.84e-07	3.92e-05	1.22e-02	2.05e-01	7.83e-01	0.00e+00	0.00e+00	0.00e+00
 5.12545e+22	8.76e-21	1.54e-15	1.00e-11	5.88e-09	7.73e-07	4.26e-05	1.28e-02	2.09e-01	7.78e-01	0.00e+00	0.00e+00	0.00e+00
 5.13670e+22	1.24e-20	2.08e-15	1.29e-11	7.25e-09	9.08e-07	4.77e-05	1.37e-02	2.16e-01	7.71e-01	0.00e+00	0.00e+00	0.00e+00
 5.14822e+22	1.61e-20	2.61e-15	1.57e-11	8.51e-09	1.03e-06	5.19e-05	1.45e-02	2.21e-01	7.65e-01	0.00e+00	0.00e+00	0.00e+00
 5.16006e+22	2.27e-20	3.52e-15	2.02e-11	1.05e-08	1.21e-06	5.80e-05	1.55e-02	2.27e-01	7.57e-01	0.00e+00	0.00e+00	0.00e+00
 5.17211e+22	2.95e-20	4.42e-15	2.45e-11	1.23e-08	1.37e-06	6.33e-05	1.64e-02	2.32e-01	7.51e-01	0.00e+00	0.00e+00	0.00e+00
 5.18445e+22	4.15e-20	5.94e-15	3.15e-11	1.51e-08	1.61e-06	7.08e-05	1.75e-02	2.39e-01	7.43e-01	0.00e+00	0.00e+00	0.00e+00
 5.19686e+22	5.35e-20	7.40e-15	3.80e-11	1.77e-08	1.81e-06	7.70e-05	1.85e-02	2.44e-01	7.37e-01	0.00e+00	0.00e+00	0.00e+00
 5.20937e+22	7.43e-20	9.84e-15	4.85e-11	2.17e-08	2.12e-06	8.60e-05	1.97e-02	2.51e-01	7.29e-01	0.00e+00	0.00e+00	0.00e+00
 5.22151e+22	9.27e-20	1.19e-14	5.71e-11	2.48e-08	2.36e-06	9.26e-05	2.07e-02	2.56e-01	7.24e-01	0.00e+00	0.00e+00	0.00e+00
 5.23317e+22	1.24e-19	1.54e-14	7.10e-11	2.97e-08	2.72e-06	1.02e-04	2.19e-02	2.62e-01	7.16e-01	0.00e+00	0.00e+00	0.00e+00
 5.24510e+22	1.56e-19	1.87e-14	8.38e-11	3.41e-08	3.03e-06	1.10e-04	2.30e-02	2.67e-01	7.10e-01	0.00e+00	0.00e+00	0.00e+00
 5.25740e+22	2.10e-19	2.43e-14	1.05e-10	4.11e-08	3.51e-06	1.22e-04	2.45e-02	2.74e-01	7.01e-01	0.00e+00	0.00e+00	0.00e+00
 5.26985e+22	2.61e-19	2.93e-14	1.23e-10	4.70e-08	3.90e-06	1.32e-04	2.56e-02	2.79e-01	6.95e-01	0.00e+00	0.00e+00	0.00e+00
 5.28250e+22	3.48e-19	3.76e-14	1.52e-10	5.62e-08	4.48e-06	1.45e-04	2.72e-02	2.86e-01	6.87e-01	0.00e+00	0.00e+00	0.00e+00
 5.29504e+22	4.31e-19	4.53e-14	1.79e-10	6.41e-08	4.98e-06	1.56e-04	2.85e-02	2.91e-01	6.81e-01	0.00e+00	0.00e+00	0.00e+00
 5.30746e+22	5.71e-19	5.78e-14	2.20e-10	7.63e-08	5.71e-06	1.72e-04	3.02e-02	2.97e-01	6.72e-01	0.00e+00	0.00e+00	0.00e+00
 5.32001e+22	6.99e-19	6.89e-14	2.56e-10	8.65e-08	6.31e-06	1.85e-04	3.15e-02	3.02e-01	6.66e-01	0.00e+00	0.00e+00	0.00e+00
 5.33271e+22	9.20e-19	8.74e-14	3.14e-10	1.03e-07	7.22e-06	2.03e-04	3.34e-02	3.09e-01	6.57e-01	0.00e+00	0.00e+00	0.00e+00
 5.34566e+22	1.13e-18	1.04e-13	3.65e-10	1.17e-07	7.99e-06	2.18e-04	3.49e-02	3.14e-01	6.51e-01	0.00e+00	0.00e+00	0.00e+00
 5.35893e+22	1.49e-18	1.33e-13	4.48e-10	1.38e-07	9.16e-06	2.40e-04	3.70e-02	3.21e-01	6.42e-01	0.00e+00	0.00e+00	0.00e+00
 5.37243e+22	1.83e-18	1.59e-13	5.23e-10	1.58e-07	1.01e-05	2.58e-04	3.86e-02	3.26e-01	6.35e-01	0.00e+00	0.00e+00	0.00e+00
 5.38625e+22	2.41e-18	2.02e-13	6.42e-10	1.87e-07	1.16e-05	2.85e-04	4.10e-02	3.33e-01	6.25e-01	0.00e+00	0.00e+00	0.00e+00
 5.40033e+22	2.96e-18	2.42e-13	7.50e-10	2.13e-07	1.29e-05	3.06e-04	4.28e-02	3.39e-01	6.18e-01	0.00e+00	0.00e+00	0.00e+00
 5.41475e+22	3.90e-18	3.07e-13	9.21e-10	2.53e-07	1.48e-05	3.38e-04	4.54e-02	3.46e-01	6.08e-01	0.00e+00	0.00e+00	0.00e+00
 5.42883e+22	4.68e-18	3.60e-13	1.06e-09	2.84e-07	1.62e-05	3.60e-04	4.72e-02	3.51e-01	6.02e-01	0.00e+00	0.00e+00	0.00e+00
 5.44249e+22	6.07e-18	4.52e-13	1.28e-09	3.35e-07	1.85e-05	3.95e-04	4.99e-02	3.58e-01	5.92e-01	0.00e+00	0.00e+00	0.00e+00
 5.45637e+22	7.29e-18	5.30e-13	1.47e-09	3.75e-07	2.03e-05	4.21e-04	5.18e-02	3.63e-01	5.85e-01	0.00e+00	0.00e+00	0.00e+00
 5.47053e+22	9.38e-18	6.59e-13	1.78e-09	4.40e-07	2.30e-05	4.61e-04	5.47e-02	3.69e-01	5.76e-01	0.00e+00	0.00e+00	0.00e+00
 5.48512e+22	1.15e-17	7.86e-13	2.07e-09	4.99e-07	2.54e-05	4.95e-04	5.71e-02	3.75e-01	5.68e-01	0.00e+00	0.00e+00	0.00e+00
 5.50029e+22	1.48e-17	9.79e-13	2.49e-09	5.85e-07	2.89e-05	5.42e-04	6.02e-02	3.81e-01	5.58e-01	0.00e+00	0.00e+00	0.00e+00
 5.51595e+22	1.83e-17	1.18e-12	2.92e-09	6.69e-07	3.21e-05	5.84e-04	6.29e-02	3.87e-01	5.50e-01	0.00e+00	0.00e+00	0.00e+00
 5.53226e+22	2.37e-17	1.48e-12	3.55e-09	7.88e-07	3.66e-05	6.41e-04	6.65e-02	3.94e-01	5.39e-01	2.37e-17	5.93e-28	6.31e-28
 5.54901e+22	2.95e-17	1.79e-12	4.18e-09	9.04e-07	4.09e-05	6.93e-04	6.96e-02	3.99e-01	5.30e-01	2.95e-17	5.53e-26	6.97e-26
 5.56634e+22	3.86e-17	2.26e-12	5.12e-09	1.07e-06	4.67e-05	7.62e-04	7.36e-02	4.06e-01	5.19e-01	3.86e-17	7.24e-26	9.12e-26
 5.58424e+22	4.84e-17	2.75e-12	6.06e-09	1.23e-06	5.24e-05	8.26e-04	7.71e-02	4.12e-01	5.10e-01	4.84e-17	9.08e-26	1.14e-25
 5.60289e+22	6.40e-17	3.51e-12	7.48e-09	1.47e-06	6.03e-05	9.12e-04	8.17e-02	4.19e-01	4.98e-01	6.40e-17	1.20e-25	1.51e-25
 5.62204e+22	8.09e-17	4.31e-12	8.92e-09	1.71e-06	6.78e-05	9.91e-04	8.57e-02	4.25e-01	4.88e-01	8.09e-17	1.52e-25	1.91e-25
 5.63927e+22	1.01e-16	5.23e-12	1.05e-08	1.96e-06	7.57e-05	1.07e-03	8.97e-02	4.30e-01	4.79e-01	1.01e-16	1.90e-25	2.39e-25
 5.65905e+22	1.36e-16	6.80e-12	1.32e-08	2.37e-06	8.81e-05	1.19e-03	9.53e-02	4.38e-01	4.66e-01	1.36e-16	2.57e-25	3.23e-25
 5.67896e+22	1.70e-16	8.23e-12	1.55e-08	2.72e-06	9.83e-05	1.29e-03	9.96e-02	4.43e-01	4.56e-01	1.70e-16	3.20e-25	4.02e-25
 5.69902e+22	2.28e-16	1.06e-11	1.94e-08	3.27e-06	1.14e-04	1.43e-03	1.06e-01	4.49e-01	4.43e-01	2.28e-16	4.29e-25	5.40e-25
 5.71951e+22	2.89e-16	1.31e-11	2.31e-08	3.79e-06	1.28e-04	1.55e-03	1.11e-01	4.54e-01	4.33e-01	2.89e-16	5.43e-25	6.84e-25
 5.74055e+22	3.90e-16	1.70e-11	2.90e-08	4.58e-06	1.49e-04	1.73e-03	1.18e-01	4.61e-01	4.20e-01	3.90e-16	7.34e-25	9.24e-25
 5.76192e+22	4.97e-16	2.10e-11	3.47e-08	5.34e-06	1.69e-04	1.88e-03	1.23e-01	4.66e-01	4.09e-01	4.97e-16	9.36e-25	1.18e-24
 5.78372e+22	6.81e-16	2.76e-11	4.40e-08	6.51e-06	1.98e-04	2.10e-03	1.31e-01	4.72e-01	3.95e-01	6.81e-16	1.28e-24	1.62e-24
 5.80563e+22	8.65e-16	3.40e-11	5.26e-08	7.57e-06	2.23e-04	2.29e-03	1.37e-01	4.76e-01	3.84e-01	8.65e-16	1.63e-24	2.05e-24
 5.82380e+22	1.07e-15	4.11e-11	6.19e-08	8.68e-06	2.49e-04	2.47e-03	1.43e-01	4.80e-01	3.74e-01	1.07e-15	2.03e-24	2.55e-24
 5.84358e+22	1.43e-15	5.26e-11	7.67e-08	1.04e-05	2.88e-04	2.73e-03	1.52e-01	4.85e-01	3.61e-01	1.43e-15	2.69e-24	3.39e-24
 5.86328e+22	1.76e-15	6.32e-11	8.98e-08	1.19e-05	3.20e-04	2.95e-03	1.58e-01	4.88e-01	3.51e-01	1.76e-15	3.33e-24	4.18e-24
 5.88288e+22	2.33e-15	8.07e-11	1.11e-07	1.42e-05	3.70e-04	3.26e-03	1.67e-01	4.92e-01	3.38e-01	2.33e-15	4.40e-24	5.54e-24
 5.90273e+22	2.89e-15	9.73e-11	1.30e-07	1.63e-05	4.14e-04	3.52e-03	1.74e-01	4.94e-01	3.28e-01	2.89e-15	5.46e-24	6.87e-24
 5.92292e+22	3.85e-15	1.25e-10	1.62e-07	1.96e-05	4.81e-04	3.91e-03	1.83e-01	4.97e-01	3.15e-01	3.85e-15	7.27e-24	9.15e-24
 5.94335e+22	4.79e-15	1.51e-10	1.91e-07	2.26e-05	5.38e-04	4.23e-03	1.91e-01	4.99e-01	3.05e-01	4.79e-15	9.05e-24	1.14e-23
 5.96411e+22	6.38e-15	1.94e-10	2.38e-07	2.72e-05	6.27e-04	4.71e-03	2.02e-01	5.02e-01	2.91e-01	6.38e-15	1.21e-23	1.52e-23
 5.98526e+22	8.00e-15	2.37e-10	2.82e-07	3.15e-05	7.08e-04	5.12e-03	2.11e-01	5.03e-01	2.80e-01	8.00e-15	1.51e-23	1.90e-23
 6.00694e+22	1.07e-14	3.06e-10	3.53e-07	3.83e-05	8.30e-04	5.72e-03	2.23e-01	5.04e-01	2.66e-01	1.07e-14	2.03e-23	2.55e-23
 6.02904e+22	1.35e-14	3.74e-10	4.22e-07	4.46e-05	9.42e-04	6.25e-03	2.33e-01	5.04e-01	2.55e-01	1.35e-14	2.56e-23	3.22e-23
 6.05172e+22	1.82e-14	4.85e-10	5.31e-07	5.44e-05	1.11e-03	7.02e-03	2.47e-01	5.04e-01	2.41e-01	1.82e-14	3.45e-23	4.34e-23
 6.07459e+22	2.28e-14	5.92e-10	6.33e-07	6.35e-05	1.26e-03	7.68e-03	2.58e-01	5.03e-01	2.30e-01	2.28e-14	4.33e-23	5.44e-23
 6.09380e+22	2.80e-14	7.08e-10	7.42e-07	7.29e-05	1.42e-03	8.34e-03	2.68e-01	5.02e-01	2.20e-01	2.80e-14	5.32e-23	6.68e-23
 6.11463e+22	3.61e-14	8.85e-10	9.05e-07	8.70e-05	1.65e-03	9.25e-03	2.82e-01	4.99e-01	2.08e-01	3.61e-14	6.85e-23	8.61e-23
 6.13562e+22	4.39e-14	1.05e-09	1.06e-06	9.99e-05	1.85e-03	1.01e-02	2.93e-01	4.97e-01	1.98e-01	4.39e-14	8.35e-23	1.05e-22
 6.15616e+22	5.53e-14	1.29e-09	1.27e-06	1.18e-04	2.13e-03	1.11e-02	3.06e-01	4.93e-01	1.87e-01	5.53e-14	1.05e-22	1.32e-22
 6.17711e+22	6.70e-14	1.53e-09	1.49e-06	1.35e-04	2.40e-03	1.21e-02	3.18e-01	4.90e-01	1.77e-01	6.70e-14	1.28e-22	1.60e-22
 6.19764e+22	8.24e-14	1.84e-09	1.76e-06	1.58e-04	2.74e-03	1.33e-02	3.32e-01	4.85e-01	1.67e-01	8.24e-14	1.57e-22	1.97e-22
 6.21861e+22	9.94e-14	2.17e-09	2.05e-06	1.82e-04	3.09e-03	1.45e-02	3.45e-01	4.80e-01	1.57e-01	9.94e-14	1.90e-22	2.38e-22
 6.23932e+22	1.20e-13	2.57e-09	2.40e-06	2.10e-04	3.50e-03	1.58e-02	3.58e-01	4.74e-01	1.48e-01	1.20e-13	2.28e-22	2.87e-22
 6.26015e+22	1.42e-13	3.00e-09	2.78e-06	2.40e-04	3.94e-03	1.73e-02	3.71e-01	4.68e-01	1.39e-01	1.42e-13	2.72e-22	3.41e-22
 6.28073e+22	1.68e-13	3.48e-09	3.20e-06	2.75e-04	4.43e-03	1.88e-02	3.85e-01	4.61e-01	1.31e-01	1.68e-13	3.21e-22	4.03e-22
 6.30128e+22	1.96e-13	4.02e-09	3.67e-06	3.13e-04	4.97e-03	2.04e-02	3.98e-01	4.54e-01	1.23e-01	1.96e-13	3.76e-22	4.71e-22
 6.32185e+22	2.28e-13	4.61e-09	4.20e-06	3.55e-04	5.56e-03	2.22e-02	4.11e-01	4.46e-01	1.15e-01	2.28e-13	4.37e-22	5.48e-22
 6.34250e+22	2.63e-13	5.26e-09	4.78e-06	4.02e-04	6.20e-03	2.40e-02	4.24e-01	4.38e-01	1.07e-01	2.63e-13	5.04e-22	6.32e-22
 6.36327e+22	3.02e-13	5.97e-09	5.43e-06	4.55e-04	6.91e-03	2.61e-02	4.36e-01	4.30e-01	1.00e-01	3.02e-13	5.79e-22	7.25e-22
 6.38422e+22	3.44e-13	6.75e-09	6.14e-06	5.13e-04	7.69e-03	2.82e-02	4.49e-01	4.21e-01	9.35e-02	3.44e-13	6.60e-22	8.27e-22
 6.40541e+22	3.89e-13	7.60e-09	6.92e-06	5.77e-04	8.54e-03	3.05e-02	4.62e-01	4.12e-01	8.70e-02	3.89e-13	7.48e-22	9.38e-22
 6.42670e+22	4.38e-13	8.51e-09	7.78e-06	6.48e-04	9.45e-03	3.29e-02	4.74e-01	4.02e-01	8.10e-02	4.38e-13	8.43e-22	1.06e-21
 6.44834e+22	4.92e-13	9.52e-09	8.74e-06	7.28e-04	1.05e-02	3.55e-02	4.86e-01	3.92e-01	7.51e-02	4.92e-13	9.47e-22	1.19e-21
 6.47022e+22	5.48e-13	1.06e-08	9.78e-06	8.15e-04	1.15e-02	3.83e-02	4.98e-01	3.82e-01	6.96e-02	5.48e-13	1.06e-21	1.32e-21
 6.49253e+22	6.10e-13	1.18e-08	1.10e-05	9.14e-04	1.28e-02	4.13e-02	5.10e-01	3.71e-01	6.43e-02	6.10e-13	1.18e-21	1.47e-21
 6.51524e+22	6.75e-13	1.30e-08	1.22e-05	1.02e-03	1.40e-02	4.45e-02	5.21e-01	3.60e-01	5.94e-02	6.75e-13	1.31e-21	1.63e-21
 6.53606e+22	7.34e-13	1.42e-08	1.34e-05	1.12e-03	1.52e-02	4.72e-02	5.30e-01	3.51e-01	5.55e-02	7.34e-13	1.42e-21	1.78e-21
 6.55782e+22	8.08e-13	1.57e-08	1.50e-05	1.26e-03	1.68e-02	5.09e-02	5.41e-01	3.40e-01	5.08e-02	8.08e-13	1.57e-21	1.96e-21
 6.57987e+22	8.76e-13	1.70e-08	1.64e-05	1.38e-03	1.81e-02	5.40e-02	5.49e-01	3.30e-01	4.74e-02	8.76e-13	1.70e-21	2.13e-21
 6.60252e+22	9.66e-13	1.89e-08	1.84e-05	1.55e-03	2.00e-02	5.82e-02	5.59e-01	3.18e-01	4.32e-02	9.66e-13	1.88e-21	2.35e-21
 6.62521e+22	1.04e-12	2.04e-08	2.01e-05	1.69e-03	2.15e-02	6.16e-02	5.66e-01	3.09e-01	4.02e-02	1.04e-12	2.02e-21	2.53e-21
 6.64796e+22	1.14e-12	2.25e-08	2.24e-05	1.90e-03	2.36e-02	6.62e-02	5.75e-01	2.97e-01	3.65e-02	1.14e-12	2.22e-21	2.77e-21
 6.67081e+22	1.22e-12	2.43e-08	2.44e-05	2.07e-03	2.52e-02	6.98e-02	5.81e-01	2.88e-01	3.40e-02	1.22e-12	2.39e-21	2.99e-21
 6.69379e+22	1.34e-12	2.68e-08	2.72e-05	2.32e-03	2.76e-02	7.48e-02	5.89e-01	2.76e-01	3.08e-02	1.34e-12	2.61e-21	3.26e-21
 6.71702e+22	1.44e-12	2.90e-08	2.97e-05	2.53e-03	2.95e-02	7.87e-02	5.94e-01	2.67e-01	2.86e-02	1.44e-12	2.81e-21	3.51e-21
 6.74058e+22	1.57e-12	3.20e-08	3.32e-05	2.82e-03	3.22e-02	8.42e-02	6.00e-01	2.55e-01	2.59e-02	1.57e-12	3.07e-21	3.83e-21
 6.76447e+22	1.69e-12	3.47e-08	3.63e-05	3.09e-03	3.44e-02	8.85e-02	6.04e-01	2.46e-01	2.39e-02	1.69e-12	3.31e-21	4.14e-21
 6.78879e+22	1.84e-12	3.84e-08	4.07e-05	3.45e-03	3.74e-02	9.45e-02	6.09e-01	2.34e-01	2.15e-02	1.84e-12	3.63e-21	4.53e-21
 6.81356e+22	1.99e-12	4.18e-08	4.46e-05	3.78e-03	4.00e-02	9.93e-02	6.12e-01	2.25e-01	1.98e-02	1.99e-12	3.93e-21	4.90e-21
 6.83894e+22	2.18e-12	4.65e-08	5.02e-05	4.24e-03	4.34e-02	1.06e-01	6.15e-01	2.13e-01	1.77e-02	2.18e-12	4.32e-21	5.39e-21
 6.86491e+22	2.38e-12	5.10e-08	5.54e-05	4.65e-03	4.64e-02	1.11e-01	6.17e-01	2.04e-01	1.62e-02	2.38e-12	4.71e-21	5.87e-21
 6.89166e+22	2.62e-12	5.72e-08	6.28e-05	5.24e-03	5.05e-02	1.18e-01	6.19e-01	1.93e-01	1.44e-02	2.62e-12	5.21e-21	6.50e-21
 6.91884e+22	2.88e-12	6.32e-08	6.96e-05	5.76e-03	5.39e-02	1.24e-01	6.19e-01	1.84e-01	1.31e-02	2.88e-12	5.73e-21	7.13e-21
 6.94176e+22	3.12e-12	6.91e-08	7.64e-05	6.27e-03	5.70e-02	1.30e-01	6.19e-01	1.76e-01	1.21e-02	3.12e-12	6.22e-21	7.75e-21
 6.96671e+22	3.45e-12	7.74e-08	8.61e-05	6.99e-03	6.13e-02	1.37e-01	6.18e-01	1.67e-01	1.08e-02	3.45e-12	6.90e-21	8.59e-21
 6.99087e+22	3.73e-12	8.44e-08	9.39e-05	7.55e-03	6.46e-02	1.42e-01	6.16e-01	1.60e-01	9.98e-03	3.73e-12	7.49e-21	9.32e-21
 7.01400e+22	4.09e-12	9.38e-08	1.05e-04	8.34e-03	6.89e-02	1.49e-01	6.14e-01	1.51e-01	8.97e-03	4.09e-12	8.22e-21	1.02e-20
 7.03737e+22	4.48e-12	1.03e-07	1.15e-04	9.02e-03	7.24e-02	1.54e-01	6.11e-01	1.45e-01	8.28e-03	4.48e-12	9.02e-21	1.12e-20
 7.06108e+22	4.96e-12	1.16e-07	1.29e-04	9.96e-03	7.72e-02	1.61e-01	6.07e-01	1.37e-01	7.42e-03	4.96e-12	1.00e-20	1.25e-20
 7.08515e+22	5.46e-12	1.28e-07	1.42e-04	1.08e-02	8.12e-02	1.66e-01	6.04e-01	1.31e-01	6.82e-03	5.46e-12	1.11e-20	1.38e-20
 7.10969e+22	6.09e-12	1.44e-07	1.60e-04	1.19e-02	8.65e-02	1.74e-01	5.98e-01	1.23e-01	6.08e-03	6.09e-12	1.24e-20	1.54e-20
 7.13457e+22	6.77e-12	1.61e-07	1.77e-04	1.30e-02	9.09e-02	1.80e-01	5.94e-01	1.17e-01	5.57e-03	6.77e-12	1.38e-20	1.71e-20
 7.15989e+22	7.63e-12	1.83e-07	2.00e-04	1.44e-02	9.68e-02	1.87e-01	5.87e-01	1.10e-01	4.94e-03	7.63e-12	1.56e-20	1.94e-20
 7.18571e+22	8.57e-12	2.06e-07	2.23e-04	1.56e-02	1.02e-01	1.93e-01	5.81e-01	1.04e-01	4.50e-03	8.57e-12	1.76e-20	2.18e-20
 7.21217e+22	9.76e-12	2.37e-07	2.54e-04	1.74e-02	1.08e-01	2.01e-01	5.72e-01	9.69e-02	3.96e-03	9.76e-12	2.01e-20	2.50e-20
 7.23921e+22	1.10e-11	2.69e-07	2.84e-04	1.89e-02	1.14e-01	2.07e-01	5.64e-01	9.15e-02	3.59e-03	1.10e-11	2.28e-20	2.83e-20
 7.26698e+22	1.28e-11	3.14e-07	3.27e-04	2.11e-02	1.21e-01	2.15e-01	5.54e-01	8.47e-02	3.13e-03	1.28e-11	2.67e-20	3.31e-20
 7.29546e+22	1.47e-11	3.59e-07	3.67e-04	2.30e-02	1.28e-01	2.22e-01	5.45e-01	7.96e-02	2.81e-03	1.47e-11	3.06e-20	3.80e-20
 7.32484e+22	1.74e-11	4.27e-07	4.27e-04	2.58e-02	1.36e-01	2.30e-01	5.32e-01	7.32e-02	2.44e-03	1.74e-11	3.65e-20	4.52e-20
 7.35450e+22	2.02e-11	4.92e-07	4.82e-04	2.82e-02	1.43e-01	2.36e-01	5.22e-01	6.85e-02	2.18e-03	2.02e-11	4.25e-20	5.26e-20
 7.38452e+22	2.41e-11	5.88e-07	5.61e-04	3.16e-02	1.52e-01	2.44e-01	5.07e-01	6.26e-02	1.87e-03	2.41e-11	5.10e-20	6.31e-20
 7.41486e+22	2.83e-11	6.82e-07	6.35e-04	3.45e-02	1.60e-01	2.49e-01	4.96e-01	5.84e-02	1.67e-03	2.83e-11	6.01e-20	7.44e-20
 7.44559e+22	3.41e-11	8.22e-07	7.43e-04	3.86e-02	1.69e-01	2.57e-01	4.80e-01	5.31e-02	1.42e-03	3.41e-11	7.30e-20	9.03e-20
 7.47552e+22	3.97e-11	9.46e-07	8.33e-04	4.18e-02	1.77e-01	2.61e-01	4.68e-01	4.96e-02	1.27e-03	3.97e-11	8.54e-20	1.05e-19
 7.50440e+22	4.80e-11	1.13e-06	9.64e-04	4.63e-02	1.86e-01	2.67e-01	4.53e-01	4.53e-02	1.10e-03	4.80e-11	1.04e-19	1.28e-19
 7.53483e+22	5.70e-11	1.33e-06	1.10e-03	5.06e-02	1.95e-01	2.72e-01	4.39e-01	4.17e-02	9.63e-04	5.70e-11	1.24e-19	1.53e-19
 7.56059e+22	6.57e-11	1.51e-06	1.22e-03	5.43e-02	2.02e-01	2.75e-01	4.27e-01	3.90e-02	8.63e-04	6.57e-11	1.44e-19	1.78e-19
 7.58735e+22	7.89e-11	1.79e-06	1.39e-03	5.94e-02	2.11e-01	2.79e-01	4.12e-01	3.57e-02	7.52e-04	7.89e-11	1.74e-19	2.15e-19
 7.61503e+22	9.25e-11	2.06e-06	1.56e-03	6.41e-02	2.19e-01	2.82e-01	3.99e-01	3.30e-02	6.65e-04	9.25e-11	2.05e-19	2.53e-19
 7.63999e+22	1.08e-10	2.37e-06	1.74e-03	6.89e-02	2.27e-01	2.85e-01	3.87e-01	3.06e-02	5.91e-04	1.08e-10	2.41e-19	2.97e-19
 7.66851e+22	1.32e-10	2.83e-06	1.99e-03	7.54e-02	2.36e-01	2.88e-01	3.70e-01	2.78e-02	5.08e-04	1.32e-10	2.97e-19	3.66e-19
 7.69804e+22	1.58e-10	3.31e-06	2.25e-03	8.16e-02	2.45e-01	2.90e-01	3.56e-01	2.54e-02	4.42e-04	1.58e-10	3.57e-19	4.39e-19
 7.72432e+22	1.87e-10	3.83e-06	2.52e-03	8.76e-02	2.53e-01	2.91e-01	3.43e-01	2.34e-02	3.90e-04	1.87e-10	4.25e-19	5.23e-19
 7.75390e+22	2.31e-10	4.60e-06	2.89e-03	9.57e-02	2.63e-01	2.92e-01	3.26e-01	2.10e-02	3.32e-04	2.31e-10	5.31e-19	6.53e-19
 7.78487e+22	2.80e-10	5.42e-06	3.27e-03	1.03e-01	2.71e-01	2.92e-01	3.11e-01	1.91e-02	2.86e-04	2.80e-10	6.49e-19	7.97e-19
 7.81291e+22	3.36e-10	6.32e-06	3.67e-03	1.11e-01	2.79e-01	2.92e-01	2.97e-01	1.74e-02	2.48e-04	3.36e-10	7.86e-19	9.64e-19
 7.84461e+22	4.25e-10	7.68e-06	4.24e-03	1.21e-01	2.89e-01	2.90e-01	2.79e-01	1.54e-02	2.07e-04	4.25e-10	1.00e-18	1.23e-18
 7.87728e+22	5.21e-10	9.09e-06	4.81e-03	1.31e-01	2.98e-01	2.89e-01	2.64e-01	1.38e-02	1.76e-04	5.21e-10	1.24e-18	1.52e-18
 7.90634e+22	6.32e-10	1.06e-05	5.40e-03	1.40e-01	3.05e-01	2.86e-01	2.50e-01	1.24e-02	1.51e-04	6.32e-10	1.52e-18	1.86e-18
 7.93926e+22	8.09e-10	1.30e-05	6.23e-03	1.53e-01	3.14e-01	2.83e-01	2.33e-01	1.09e-02	1.24e-04	8.09e-10	1.97e-18	2.41e-18
 7.97339e+22	1.01e-09	1.55e-05	7.07e-03	1.64e-01	3.21e-01	2.79e-01	2.18e-01	9.63e-03	1.04e-04	1.01e-09	2.47e-18	3.02e-18
 8.00403e+22	1.24e-09	1.82e-05	7.95e-03	1.76e-01	3.28e-01	2.75e-01	2.05e-01	8.58e-03	8.81e-05	1.24e-09	3.07e-18	3.75e-18
 8.03881e+22	1.61e-09	2.24e-05	9.21e-03	1.91e-01	3.36e-01	2.68e-01	1.88e-01	7.37e-03	7.08e-05	1.61e-09	4.06e-18	4.95e-18
 8.07469e+22	2.02e-09	2.67e-05	1.04e-02	2.05e-01	3.41e-01	2.62e-01	1.75e-01	6.45e-03	5.86e-05	2.02e-09	5.15e-18	6.28e-18
 8.10709e+22	2.52e-09	3.17e-05	1.17e-02	2.18e-01	3.46e-01	2.56e-01	1.62e-01	5.66e-03	4.86e-05	2.52e-09	6.51e-18	7.92e-18
 8.14428e+22	3.35e-09	3.94e-05	1.37e-02	2.36e-01	3.52e-01	2.47e-01	1.46e-01	4.75e-03	3.80e-05	3.35e-09	8.82e-18	1.07e-17
 8.18173e+22	4.21e-09	4.69e-05	1.54e-02	2.51e-01	3.55e-01	2.40e-01	1.35e-01	4.12e-03	3.11e-05	4.21e-09	1.12e-17	1.36e-17
 8.21950e+22	5.59e-09	5.78e-05	1.77e-02	2.70e-01	3.58e-01	2.29e-01	1.21e-01	3.45e-03	2.42e-05	5.59e-09	1.52e-17	1.84e-17
 8.25813e+22	7.13e-09	6.94e-05	2.00e-02	2.87e-01	3.60e-01	2.20e-01	1.10e-01	2.94e-03	1.94e-05	7.13e-09	1.97e-17	2.39e-17
 8.29214e+22	8.96e-09	8.20e-05	2.24e-02	3.03e-01	3.60e-01	2.12e-01	1.00e-01	2.52e-03	1.57e-05	8.96e-09	2.51e-17	3.04e-17
 8.33061e+22	1.20e-08	1.02e-04	2.58e-02	3.24e-01	3.60e-01	2.00e-01	8.86e-02	2.07e-03	1.20e-05	1.20e-08	3.44e-17	4.16e-17
 8.36999e+22	1.53e-08	1.21e-04	2.89e-02	3.41e-01	3.58e-01	1.90e-01	7.97e-02	1.75e-03	9.48e-06	1.53e-08	4.46e-17	5.39e-17
 8.41053e+22	2.07e-08	1.50e-04	3.32e-02	3.62e-01	3.55e-01	1.78e-01	6.97e-02	1.41e-03	7.08e-06	2.07e-08	6.17e-17	7.44e-17
 8.45172e+22	2.66e-08	1.79e-04	3.72e-02	3.80e-01	3.51e-01	1.68e-01	6.20e-02	1.17e-03	5.52e-06	2.66e-08	8.08e-17	9.74e-17
 8.48823e+22	3.39e-08	2.13e-04	4.14e-02	3.97e-01	3.47e-01	1.58e-01	5.52e-02	9.78e-04	4.32e-06	3.39e-08	1.05e-16	1.27e-16
 8.53020e+22	4.61e-08	2.64e-04	4.74e-02	4.19e-01	3.40e-01	1.45e-01	4.74e-02	7.72e-04	3.14e-06	4.61e-08	1.47e-16	1.77e-16
 8.57283e+22	5.92e-08	3.15e-04	5.28e-02	4.36e-01	3.33e-01	1.35e-01	4.17e-02	6.34e-04	2.41e-06	5.92e-08	1.93e-16	2.32e-16
 8.60982e+22	7.50e-08	3.71e-04	5.83e-02	4.52e-01	3.26e-01	1.26e-01	3.68e-02	5.24e-04	1.87e-06	7.50e-08	2.50e-16	3.00e-16
 8.64502e+22	9.32e-08	4.30e-04	6.38e-02	4.66e-01	3.19e-01	1.18e-01	3.28e-02	4.39e-04	1.47e-06	9.32e-08	3.17e-16	3.81e-16
 8.67856e+22	1.15e-07	4.98e-04	6.96e-02	4.79e-01	3.11e-01	1.10e-01	2.92e-02	3.67e-04	1.16e-06	1.15e-07	4.01e-16	4.81e-16
 8.71635e+22	1.51e-07	5.97e-04	7.75e-02	4.95e-01	3.01e-01	1.01e-01	2.51e-02	2.92e-04	8.59e-07	1.51e-07	5.38e-16	6.45e-16
 8.75413e+22	1.86e-07	6.89e-04	8.42e-02	5.06e-01	2.93e-01	9.36e-02	2.22e-02	2.43e-04	6.73e-07	1.86e-07	6.79e-16	8.14e-16
 8.79190e+22	2.42e-07	8.23e-04	9.32e-02	5.20e-01	2.82e-01	8.50e-02	1.89e-02	1.92e-04	4.94e-07	2.42e-07	9.10e-16	1.09e-15
 8.83031e+22	3.00e-07	9.51e-04	1.01e-01	5.31e-01	2.72e-01	7.84e-02	1.66e-02	1.58e-04	3.81e-07	3.00e-07	1.16e-15	1.38e-15
 8.86957e+22	3.92e-07	1.14e-03	1.12e-01	5.42e-01	2.60e-01	7.05e-02	1.40e-02	1.23e-04	2.75e-07	3.92e-07	1.56e-15	1.87e-15
 8.90912e+22	4.85e-07	1.31e-03	1.21e-01	5.51e-01	2.50e-01	6.46e-02	1.22e-02	1.01e-04	2.11e-07	4.85e-07	1.98e-15	2.36e-15
 8.94906e+22	6.39e-07	1.57e-03	1.34e-01	5.60e-01	2.37e-01	5.75e-02	1.02e-02	7.72e-05	1.49e-07	6.39e-07	2.70e-15	3.22e-15
 8.98904e+22	7.85e-07	1.80e-03	1.44e-01	5.66e-01	2.27e-01	5.25e-02	8.88e-03	6.29e-05	0.00e+00	7.85e-07	3.41e-15	4.07e-15
 9.02117e+22	9.38e-07	2.03e-03	1.53e-01	5.70e-01	2.18e-01	4.84e-02	7.86e-03	5.26e-05	0.00e+00	9.38e-07	4.18e-15	4.97e-15
 9.05504e+22	1.17e-06	2.34e-03	1.65e-01	5.75e-01	2.08e-01	4.38e-02	6.75e-03	4.21e-05	0.00e+00	1.17e-06	5.35e-15	6.37e-15
 9.08941e+22	1.40e-06	2.63e-03	1.75e-01	5.77e-01	1.99e-01	4.01e-02	5.93e-03	3.49e-05	0.00e+00	1.40e-06	6.57e-15	7.82e-15
