#depth	O	O+	O+2	O+3	O+4	O+5	O+6	O+7	O+8	O[1]	O[2]	O[3]
 1.54284e+22	0.00e+00	2.01e-27	7.80e-22	2.50e-17	2.19e-13	8.58e-10	9.33e-06	6.24e-03	9.94e-01	0.00e+00	0.00e+00	0.00e+00
 3.58262e+22	2.28e-33	1.92e-26	5.44e-21	1.28e-16	8.28e-13	2.38e-09	1.83e-05	8.69e-03	9.91e-01	0.00e+00	0.00e+00	0.00e+00
 4.44102e+22	1.45e-32	9.66e-26	2.18e-20	4.13e-16	2.14e-12	4.90e-09	2.96e-05	1.10e-02	9.89e-01	0.00e+00	0.00e+00	0.00e+00
 5.09166e+22	6.54e-32	3.59e-25	6.73e-20	1.06e-15	4.59e-12	8.75e-09	4.39e-05	1.34e-02	9.87e-01	0.00e+00	0.00e+00	0.00e+00
 5.45312e+22	9.68e-32	5.05e-25	9.02e-20	1.36e-15	5.59e-12	1.02e-08	4.86e-05	1.41e-02	9.86e-01	0.00e+00	0.00e+00	0.00e+00
 5.57227e+22	1.26e-31	6.33e-25	1.09e-19	1.60e-15	6.36e-12	1.12e-08	5.19e-05	1.46e-02	9.85e-01	0.00e+00	0.00e+00	0.00e+00
 5.66367e+22	1.62e-31	7.90e-25	1.32e-19	1.87e-15	7.21e-12	1.23e-08	5.54e-05	1.51e-02	9.85e-01	0.00e+00	0.00e+00	0.00e+00
 5.75260e+22	2.02e-31	9.57e-25	1.56e-19	2.14e-15	8.06e-12	1.34e-08	5.87e-05	1.55e-02	9.84e-01	0.00e+00	0.00e+00	0.00e+00
 5.85466e+22	2.69e-31	1.23e-24	1.93e-19	2.56e-15	9.29e-12	1.49e-08	6.32e-05	1.61e-02	9.84e-01	0.00e+00	0.00e+00	0.00e+00
 5.96416e+22	3.59e-31	1.58e-24	2.39e-19	3.06e-15	1.07e-11	1.65e-08	6.81e-05	1.67e-02	9.83e-01	0.00e+00	0.00e+00	0.00e+00
 6.06288e+22	4.69e-31	1.99e-24	2.91e-19	3.61e-15	1.22e-11	1.83e-08	7.29e-05	1.73e-02	9.83e-01	0.00e+00	0.00e+00	0.00e+00
 6.15333e+22	6.05e-31	2.48e-24	3.51e-19	4.22e-15	1.38e-11	2.00e-08	7.77e-05	1.79e-02	9.82e-01	0.00e+00	0.00e+00	0.00e+00
 6.23997e+22	7.64e-31	3.04e-24	4.17e-19	4.87e-15	1.55e-11	2.18e-08	8.25e-05	1.84e-02	9.81e-01	0.00e+00	0.00e+00	0.00e+00
 6.33907e+22	1.04e-30	3.96e-24	5.21e-19	5.87e-15	1.80e-11	2.43e-08	8.91e-05	1.92e-02	9.81e-01	0.00e+00	0.00e+00	0.00e+00
 6.44128e+22	1.36e-30	5.01e-24	6.37e-19	6.94e-15	2.06e-11	2.68e-08	9.54e-05	1.98e-02	9.80e-01	0.00e+00	0.00e+00	0.00e+00
 6.53158e+22	1.77e-30	6.29e-24	7.73e-19	8.13e-15	2.33e-11	2.94e-08	1.02e-04	2.05e-02	9.79e-01	0.00e+00	0.00e+00	0.00e+00
 6.63300e+22	2.45e-30	8.34e-24	9.82e-19	9.92e-15	2.73e-11	3.30e-08	1.11e-04	2.14e-02	9.79e-01	0.00e+00	0.00e+00	0.00e+00
 6.73669e+22	3.24e-30	1.06e-23	1.20e-18	1.17e-14	3.12e-11	3.63e-08	1.18e-04	2.21e-02	9.78e-01	0.00e+00	0.00e+00	0.00e+00
 6.82486e+22	4.16e-30	1.32e-23	1.45e-18	1.37e-14	3.52e-11	3.97e-08	1.26e-04	2.29e-02	9.77e-01	0.00e+00	0.00e+00	0.00e+00
 6.92104e+22	5.72e-30	1.73e-23	1.82e-18	1.66e-14	4.09e-11	4.43e-08	1.36e-04	2.38e-02	9.76e-01	0.00e+00	0.00e+00	0.00e+00
 7.01901e+22	7.53e-30	2.20e-23	2.23e-18	1.96e-14	4.66e-11	4.86e-08	1.46e-04	2.46e-02	9.75e-01	0.00e+00	0.00e+00	0.00e+00
 7.10425e+22	9.79e-30	2.75e-23	2.70e-18	2.29e-14	5.27e-11	5.32e-08	1.56e-04	2.55e-02	9.74e-01	0.00e+00	0.00e+00	0.00e+00
 7.20003e+22	1.36e-29	3.65e-23	3.43e-18	2.79e-14	6.15e-11	5.94e-08	1.69e-04	2.65e-02	9.73e-01	0.00e+00	0.00e+00	0.00e+00
 7.29830e+22	1.79e-29	4.64e-23	4.20e-18	3.30e-14	7.02e-11	6.53e-08	1.80e-04	2.74e-02	9.72e-01	0.00e+00	0.00e+00	0.00e+00
 7.38332e+22	2.35e-29	5.87e-23	5.12e-18	3.88e-14	7.97e-11	7.15e-08	1.93e-04	2.84e-02	9.71e-01	0.00e+00	0.00e+00	0.00e+00
 7.46329e+22	2.99e-29	7.22e-23	6.10e-18	4.49e-14	8.94e-11	7.77e-08	2.04e-04	2.92e-02	9.71e-01	0.00e+00	0.00e+00	0.00e+00
 7.55319e+22	4.12e-29	9.51e-23	7.70e-18	5.44e-14	1.04e-10	8.65e-08	2.21e-04	3.04e-02	9.69e-01	0.00e+00	0.00e+00	0.00e+00
 7.64573e+22	5.48e-29	1.22e-22	9.48e-18	6.45e-14	1.19e-10	9.50e-08	2.36e-04	3.15e-02	9.68e-01	0.00e+00	0.00e+00	0.00e+00
 7.72715e+22	7.12e-29	1.52e-22	1.15e-17	7.55e-14	1.34e-10	1.04e-07	2.52e-04	3.25e-02	9.67e-01	0.00e+00	0.00e+00	0.00e+00
 7.81847e+22	9.93e-29	2.03e-22	1.46e-17	9.23e-14	1.57e-10	1.16e-07	2.72e-04	3.39e-02	9.66e-01	0.00e+00	0.00e+00	0.00e+00
 7.90968e+22	1.32e-28	2.59e-22	1.79e-17	1.09e-13	1.79e-10	1.27e-07	2.91e-04	3.50e-02	9.65e-01	0.00e+00	0.00e+00	0.00e+00
 7.98704e+22	1.69e-28	3.21e-22	2.15e-17	1.27e-13	2.01e-10	1.38e-07	3.09e-04	3.61e-02	9.64e-01	0.00e+00	0.00e+00	0.00e+00
 8.07392e+22	2.35e-28	4.26e-22	2.73e-17	1.55e-13	2.34e-10	1.54e-07	3.34e-04	3.76e-02	9.62e-01	0.00e+00	0.00e+00	0.00e+00
 8.16258e+22	3.12e-28	5.45e-22	3.36e-17	1.83e-13	2.67e-10	1.70e-07	3.57e-04	3.88e-02	9.61e-01	0.00e+00	0.00e+00	0.00e+00
 8.24026e+22	4.07e-28	6.85e-22	4.08e-17	2.15e-13	3.03e-10	1.85e-07	3.81e-04	4.01e-02	9.60e-01	0.00e+00	0.00e+00	0.00e+00
 8.32795e+22	5.68e-28	9.13e-22	5.21e-17	2.63e-13	3.54e-10	2.07e-07	4.12e-04	4.17e-02	9.58e-01	0.00e+00	0.00e+00	0.00e+00
 8.41855e+22	7.67e-28	1.18e-21	6.48e-17	3.15e-13	4.08e-10	2.29e-07	4.42e-04	4.32e-02	9.56e-01	0.00e+00	0.00e+00	0.00e+00
 8.49867e+22	1.02e-27	1.51e-21	7.98e-17	3.74e-13	4.65e-10	2.51e-07	4.72e-04	4.47e-02	9.55e-01	0.00e+00	0.00e+00	0.00e+00
 8.57630e+22	1.36e-27	1.94e-21	9.83e-17	4.44e-13	5.32e-10	2.76e-07	5.04e-04	4.62e-02	9.53e-01	0.00e+00	0.00e+00	0.00e+00
 8.66497e+22	1.93e-27	2.62e-21	1.27e-16	5.49e-13	6.28e-10	3.11e-07	5.48e-04	4.81e-02	9.51e-01	0.00e+00	0.00e+00	0.00e+00
 8.75562e+22	2.60e-27	3.40e-21	1.58e-16	6.58e-13	7.23e-10	3.43e-07	5.87e-04	4.98e-02	9.50e-01	0.00e+00	0.00e+00	0.00e+00
 8.84884e+22	3.79e-27	4.70e-21	2.09e-16	8.26e-13	8.63e-10	3.89e-07	6.40e-04	5.20e-02	9.47e-01	0.00e+00	0.00e+00	0.00e+00
 8.94383e+22	5.31e-27	6.29e-21	2.67e-16	1.01e-12	1.01e-09	4.35e-07	6.92e-04	5.40e-02	9.45e-01	0.00e+00	0.00e+00	0.00e+00
 9.02098e+22	6.94e-27	7.93e-21	3.25e-16	1.19e-12	1.15e-09	4.76e-07	7.35e-04	5.57e-02	9.44e-01	0.00e+00	0.00e+00	0.00e+00
 9.10116e+22	9.77e-27	1.07e-20	4.17e-16	1.46e-12	1.35e-09	5.33e-07	7.95e-04	5.78e-02	9.41e-01	0.00e+00	0.00e+00	0.00e+00
 9.18435e+22	1.32e-26	1.38e-20	5.20e-16	1.76e-12	1.55e-09	5.89e-07	8.51e-04	5.98e-02	9.39e-01	0.00e+00	0.00e+00	0.00e+00
 9.25341e+22	1.70e-26	1.72e-20	6.26e-16	2.05e-12	1.75e-09	6.40e-07	9.01e-04	6.15e-02	9.38e-01	0.00e+00	0.00e+00	0.00e+00
 9.32512e+22	2.33e-26	2.26e-20	7.88e-16	2.48e-12	2.02e-09	7.11e-07	9.67e-04	6.37e-02	9.35e-01	0.00e+00	0.00e+00	0.00e+00
 9.39357e+22	2.95e-26	2.77e-20	9.39e-16	2.86e-12	2.26e-09	7.69e-07	1.02e-03	6.53e-02	9.34e-01	0.00e+00	0.00e+00	0.00e+00
 9.44829e+22	3.73e-26	3.40e-20	1.11e-15	3.30e-12	2.53e-09	8.30e-07	1.07e-03	6.70e-02	9.32e-01	0.00e+00	0.00e+00	0.00e+00
 9.50177e+22	4.65e-26	4.11e-20	1.31e-15	3.77e-12	2.80e-09	8.93e-07	1.13e-03	6.86e-02	9.30e-01	0.00e+00	0.00e+00	0.00e+00
 9.55432e+22	5.68e-26	4.88e-20	1.52e-15	4.26e-12	3.08e-09	9.55e-07	1.18e-03	7.01e-02	9.29e-01	0.00e+00	0.00e+00	0.00e+00
 9.61381e+22	7.46e-26	6.19e-20	1.85e-15	5.03e-12	3.50e-09	1.05e-06	1.25e-03	7.22e-02	9.27e-01	0.00e+00	0.00e+00	0.00e+00
 9.67361e+22	9.49e-26	7.62e-20	2.21e-15	5.81e-12	3.92e-09	1.13e-06	1.32e-03	7.40e-02	9.25e-01	0.00e+00	0.00e+00	0.00e+00
 9.72399e+22	1.18e-25	9.19e-20	2.60e-15	6.63e-12	4.34e-09	1.21e-06	1.38e-03	7.57e-02	9.23e-01	0.00e+00	0.00e+00	0.00e+00
 9.77121e+22	1.46e-25	1.11e-19	3.04e-15	7.56e-12	4.80e-09	1.30e-06	1.45e-03	7.74e-02	9.21e-01	0.00e+00	0.00e+00	0.00e+00
 9.81680e+22	1.76e-25	1.30e-19	3.49e-15	8.46e-12	5.24e-09	1.39e-06	1.51e-03	7.89e-02	9.20e-01	0.00e+00	0.00e+00	0.00e+00
 9.86874e+22	2.27e-25	1.62e-19	4.20e-15	9.88e-12	5.91e-09	1.51e-06	1.59e-03	8.10e-02	9.17e-01	0.00e+00	0.00e+00	0.00e+00
 9.92227e+22	2.87e-25	1.99e-19	5.00e-15	1.14e-11	6.59e-09	1.63e-06	1.67e-03	8.30e-02	9.15e-01	0.00e+00	0.00e+00	0.00e+00
 9.96883e+22	3.55e-25	2.39e-19	5.84e-15	1.30e-11	7.28e-09	1.74e-06	1.75e-03	8.48e-02	9.13e-01	0.00e+00	0.00e+00	0.00e+00
 1.00203e+23	4.63e-25	3.01e-19	7.11e-15	1.52e-11	8.25e-09	1.90e-06	1.85e-03	8.71e-02	9.11e-01	0.00e+00	0.00e+00	0.00e+00
 1.00705e+23	5.68e-25	3.59e-19	8.26e-15	1.73e-11	9.08e-09	2.03e-06	1.93e-03	8.89e-02	9.09e-01	0.00e+00	0.00e+00	0.00e+00
 1.01125e+23	7.04e-25	4.32e-19	9.67e-15	1.96e-11	1.00e-08	2.18e-06	2.02e-03	9.08e-02	9.07e-01	0.00e+00	0.00e+00	0.00e+00
 1.01538e+23	8.56e-25	5.12e-19	1.12e-14	2.21e-11	1.10e-08	2.32e-06	2.11e-03	9.26e-02	9.05e-01	0.00e+00	0.00e+00	0.00e+00
 1.02009e+23	1.11e-24	6.44e-19	1.36e-14	2.60e-11	1.24e-08	2.53e-06	2.23e-03	9.50e-02	9.03e-01	0.00e+00	0.00e+00	0.00e+00
 1.02486e+23	1.40e-24	7.88e-19	1.61e-14	2.99e-11	1.38e-08	2.73e-06	2.33e-03	9.71e-02	9.01e-01	0.00e+00	0.00e+00	0.00e+00
 1.02898e+23	1.73e-24	9.42e-19	1.87e-14	3.39e-11	1.52e-08	2.91e-06	2.43e-03	9.91e-02	8.98e-01	0.00e+00	0.00e+00	0.00e+00
 1.03358e+23	2.27e-24	1.20e-18	2.30e-14	4.01e-11	1.73e-08	3.18e-06	2.57e-03	1.02e-01	8.96e-01	0.00e+00	0.00e+00	0.00e+00
 1.03827e+23	2.87e-24	1.46e-18	2.73e-14	4.61e-11	1.93e-08	3.43e-06	2.70e-03	1.04e-01	8.93e-01	0.00e+00	0.00e+00	0.00e+00
 1.04247e+23	3.62e-24	1.79e-18	3.23e-14	5.31e-11	2.15e-08	3.69e-06	2.83e-03	1.06e-01	8.91e-01	0.00e+00	0.00e+00	0.00e+00
 1.04728e+23	4.96e-24	2.35e-18	4.08e-14	6.43e-11	2.49e-08	4.08e-06	3.01e-03	1.09e-01	8.88e-01	0.00e+00	0.00e+00	0.00e+00
 1.05191e+23	6.11e-24	2.82e-18	4.76e-14	7.30e-11	2.74e-08	4.36e-06	3.14e-03	1.12e-01	8.85e-01	0.00e+00	0.00e+00	0.00e+00
 1.05627e+23	8.28e-24	3.67e-18	5.95e-14	8.77e-11	3.15e-08	4.80e-06	3.33e-03	1.15e-01	8.82e-01	0.00e+00	0.00e+00	0.00e+00
 1.06067e+23	1.03e-23	4.45e-18	7.01e-14	1.00e-10	3.49e-08	5.15e-06	3.48e-03	1.17e-01	8.79e-01	0.00e+00	0.00e+00	0.00e+00
 1.06511e+23	1.41e-23	5.84e-18	8.83e-14	1.21e-10	4.04e-08	5.69e-06	3.70e-03	1.20e-01	8.76e-01	0.00e+00	0.00e+00	0.00e+00
 1.06944e+23	1.76e-23	7.05e-18	1.04e-13	1.38e-10	4.46e-08	6.09e-06	3.87e-03	1.23e-01	8.73e-01	0.00e+00	0.00e+00	0.00e+00
 1.07365e+23	2.41e-23	9.28e-18	1.31e-13	1.67e-10	5.16e-08	6.72e-06	4.11e-03	1.26e-01	8.70e-01	0.00e+00	0.00e+00	0.00e+00
 1.07783e+23	3.00e-23	1.12e-17	1.54e-13	1.91e-10	5.71e-08	7.21e-06	4.29e-03	1.29e-01	8.67e-01	0.00e+00	0.00e+00	0.00e+00
 1.08200e+23	4.16e-23	1.49e-17	1.95e-13	2.33e-10	6.62e-08	7.97e-06	4.57e-03	1.33e-01	8.63e-01	0.00e+00	0.00e+00	0.00e+00
 1.08618e+23	5.24e-23	1.82e-17	2.32e-13	2.68e-10	7.37e-08	8.58e-06	4.78e-03	1.35e-01	8.60e-01	0.00e+00	0.00e+00	0.00e+00
 1.09038e+23	7.35e-23	2.44e-17	2.97e-13	3.28e-10	8.59e-08	9.52e-06	5.09e-03	1.39e-01	8.56e-01	0.00e+00	0.00e+00	0.00e+00
 1.09462e+23	9.35e-23	3.01e-17	3.55e-13	3.80e-10	9.60e-08	1.03e-05	5.34e-03	1.42e-01	8.52e-01	0.00e+00	0.00e+00	0.00e+00
 1.09891e+23	1.31e-22	4.02e-17	4.54e-13	4.65e-10	1.12e-07	1.14e-05	5.69e-03	1.47e-01	8.48e-01	0.00e+00	0.00e+00	0.00e+00
 1.10316e+23	1.68e-22	5.01e-17	5.48e-13	5.42e-10	1.26e-07	1.23e-05	5.97e-03	1.50e-01	8.44e-01	0.00e+00	0.00e+00	0.00e+00
 1.10738e+23	2.36e-22	6.71e-17	7.01e-13	6.63e-10	1.47e-07	1.37e-05	6.37e-03	1.54e-01	8.39e-01	0.00e+00	0.00e+00	0.00e+00
 1.11167e+23	3.08e-22	8.48e-17	8.55e-13	7.80e-10	1.66e-07	1.49e-05	6.71e-03	1.58e-01	8.36e-01	0.00e+00	0.00e+00	0.00e+00
 1.11607e+23	4.40e-22	1.15e-16	1.11e-12	9.66e-10	1.95e-07	1.66e-05	7.18e-03	1.63e-01	8.30e-01	0.00e+00	0.00e+00	0.00e+00
 1.12049e+23	5.79e-22	1.46e-16	1.36e-12	1.14e-09	2.21e-07	1.81e-05	7.56e-03	1.66e-01	8.26e-01	0.00e+00	0.00e+00	0.00e+00
 1.12494e+23	8.31e-22	2.00e-16	1.77e-12	1.42e-09	2.61e-07	2.03e-05	8.11e-03	1.72e-01	8.20e-01	0.00e+00	0.00e+00	0.00e+00
 1.12943e+23	1.10e-21	2.55e-16	2.17e-12	1.68e-09	2.96e-07	2.21e-05	8.55e-03	1.76e-01	8.16e-01	0.00e+00	0.00e+00	0.00e+00
 1.13331e+23	1.43e-21	3.21e-16	2.65e-12	1.97e-09	3.35e-07	2.40e-05	9.01e-03	1.80e-01	8.11e-01	0.00e+00	0.00e+00	0.00e+00
 1.13770e+23	2.05e-21	4.38e-16	3.44e-12	2.44e-09	3.95e-07	2.69e-05	9.64e-03	1.85e-01	8.05e-01	0.00e+00	0.00e+00	0.00e+00
 1.14206e+23	2.63e-21	5.44e-16	4.14e-12	2.84e-09	4.43e-07	2.91e-05	1.01e-02	1.89e-01	8.01e-01	0.00e+00	0.00e+00	0.00e+00
 1.14638e+23	3.70e-21	7.31e-16	5.32e-12	3.49e-09	5.19e-07	3.24e-05	1.08e-02	1.95e-01	7.94e-01	0.00e+00	0.00e+00	0.00e+00
 1.15080e+23	4.78e-21	9.12e-16	6.42e-12	4.08e-09	5.84e-07	3.52e-05	1.14e-02	1.99e-01	7.90e-01	0.00e+00	0.00e+00	0.00e+00
 1.15532e+23	6.73e-21	1.23e-15	8.25e-12	5.01e-09	6.84e-07	3.92e-05	1.22e-02	2.05e-01	7.83e-01	0.00e+00	0.00e+00	0.00e+00
 1.15995e+23	8.74e-21	1.54e-15	1.00e-11	5.88e-09	7.73e-07	4.26e-05	1.28e-02	2.09e-01	7.78e-01	0.00e+00	0.00e+00	0.00e+00
 1.16472e+23	1.23e-20	2.07e-15	1.29e-11	7.24e-09	9.08e-07	4.76e-05	1.37e-02	2.16e-01	7.71e-01	0.00e+00	0.00e+00	0.00e+00
 1.16960e+23	1.61e-20	2.61e-15	1.57e-11	8.51e-09	1.03e-06	5.19e-05	1.45e-02	2.21e-01	7.65e-01	0.00e+00	0.00e+00	0.00e+00
 1.17463e+23	2.26e-20	3.51e-15	2.02e-11	1.05e-08	1.21e-06	5.80e-05	1.55e-02	2.27e-01	7.57e-01	0.00e+00	0.00e+00	0.00e+00
 1.17975e+23	2.95e-20	4.42e-15	2.45e-11	1.23e-08	1.37e-06	6.33e-05	1.64e-02	2.32e-01	7.51e-01	0.00e+00	0.00e+00	0.00e+00
 1.18499e+23	4.14e-20	5.93e-15	3.15e-11	1.52e-08	1.61e-06	7.08e-05	1.75e-02	2.39e-01	7.43e-01	0.00e+00	0.00e+00	0.00e+00
 1.19027e+23	5.35e-20	7.40e-15	3.81e-11	1.77e-08	1.82e-06	7.71e-05	1.85e-02	2.44e-01	7.37e-01	0.00e+00	0.00e+00	0.00e+00
 1.19559e+23	7.43e-20	9.84e-15	4.86e-11	2.17e-08	2.13e-06	8.60e-05	1.97e-02	2.51e-01	7.29e-01	0.00e+00	0.00e+00	0.00e+00
 1.20075e+23	9.28e-20	1.19e-14	5.73e-11	2.49e-08	2.37e-06	9.27e-05	2.07e-02	2.56e-01	7.23e-01	0.00e+00	0.00e+00	0.00e+00
 1.20571e+23	1.25e-19	1.54e-14	7.12e-11	2.98e-08	2.73e-06	1.02e-04	2.20e-02	2.62e-01	7.16e-01	0.00e+00	0.00e+00	0.00e+00
 1.21079e+23	1.56e-19	1.87e-14	8.41e-11	3.42e-08	3.04e-06	1.10e-04	2.30e-02	2.67e-01	7.10e-01	0.00e+00	0.00e+00	0.00e+00
 1.21602e+23	2.11e-19	2.43e-14	1.05e-10	4.12e-08	3.52e-06	1.22e-04	2.45e-02	2.74e-01	7.01e-01	0.00e+00	0.00e+00	0.00e+00
 1.22131e+23	2.62e-19	2.94e-14	1.24e-10	4.72e-08	3.91e-06	1.32e-04	2.57e-02	2.79e-01	6.95e-01	0.00e+00	0.00e+00	0.00e+00
 1.22669e+23	3.50e-19	3.78e-14	1.53e-10	5.64e-08	4.50e-06	1.45e-04	2.73e-02	2.86e-01	6.87e-01	0.00e+00	0.00e+00	0.00e+00
 1.23203e+23	4.33e-19	4.55e-14	1.80e-10	6.44e-08	4.99e-06	1.57e-04	2.85e-02	2.91e-01	6.81e-01	0.00e+00	0.00e+00	0.00e+00
 1.23732e+23	5.74e-19	5.81e-14	2.21e-10	7.67e-08	5.73e-06	1.73e-04	3.02e-02	2.98e-01	6.72e-01	0.00e+00	0.00e+00	0.00e+00
 1.24266e+23	7.02e-19	6.92e-14	2.57e-10	8.69e-08	6.33e-06	1.85e-04	3.16e-02	3.03e-01	6.66e-01	0.00e+00	0.00e+00	0.00e+00
 1.24807e+23	9.25e-19	8.79e-14	3.15e-10	1.03e-07	7.25e-06	2.04e-04	3.34e-02	3.09e-01	6.57e-01	0.00e+00	0.00e+00	0.00e+00
 1.25358e+23	1.14e-18	1.05e-13	3.68e-10	1.17e-07	8.02e-06	2.19e-04	3.49e-02	3.14e-01	6.50e-01	0.00e+00	0.00e+00	0.00e+00
 1.25923e+23	1.50e-18	1.33e-13	4.51e-10	1.39e-07	9.20e-06	2.41e-04	3.70e-02	3.21e-01	6.41e-01	0.00e+00	0.00e+00	0.00e+00
 1.26499e+23	1.84e-18	1.60e-13	5.27e-10	1.58e-07	1.02e-05	2.59e-04	3.87e-02	3.27e-01	6.34e-01	0.00e+00	0.00e+00	0.00e+00
 1.27087e+23	2.42e-18	2.03e-13	6.47e-10	1.88e-07	1.17e-05	2.86e-04	4.10e-02	3.34e-01	6.25e-01	0.00e+00	0.00e+00	0.00e+00
 1.27687e+23	2.98e-18	2.43e-13	7.56e-10	2.15e-07	1.30e-05	3.07e-04	4.29e-02	3.39e-01	6.18e-01	0.00e+00	0.00e+00	0.00e+00
 1.28302e+23	3.93e-18	3.09e-13	9.29e-10	2.55e-07	1.49e-05	3.39e-04	4.55e-02	3.46e-01	6.08e-01	0.00e+00	0.00e+00	0.00e+00
 1.28902e+23	4.72e-18	3.63e-13	1.06e-09	2.86e-07	1.63e-05	3.61e-04	4.73e-02	3.51e-01	6.01e-01	0.00e+00	0.00e+00	0.00e+00
 1.29485e+23	6.13e-18	4.55e-13	1.29e-09	3.37e-07	1.86e-05	3.97e-04	5.00e-02	3.58e-01	5.92e-01	0.00e+00	0.00e+00	0.00e+00
 1.30077e+23	7.37e-18	5.34e-13	1.48e-09	3.78e-07	2.04e-05	4.23e-04	5.20e-02	3.63e-01	5.85e-01	0.00e+00	0.00e+00	0.00e+00
 1.30681e+23	9.47e-18	6.65e-13	1.79e-09	4.43e-07	2.31e-05	4.63e-04	5.48e-02	3.70e-01	5.75e-01	0.00e+00	0.00e+00	0.00e+00
 1.31303e+23	1.16e-17	7.94e-13	2.09e-09	5.03e-07	2.56e-05	4.98e-04	5.72e-02	3.75e-01	5.67e-01	0.00e+00	0.00e+00	0.00e+00
 1.31951e+23	1.49e-17	9.88e-13	2.52e-09	5.90e-07	2.91e-05	5.44e-04	6.03e-02	3.82e-01	5.58e-01	0.00e+00	0.00e+00	0.00e+00
 1.32619e+23	1.85e-17	1.19e-12	2.95e-09	6.75e-07	3.23e-05	5.87e-04	6.31e-02	3.87e-01	5.49e-01	0.00e+00	0.00e+00	0.00e+00
 1.33316e+23	2.40e-17	1.49e-12	3.59e-09	7.95e-07	3.69e-05	6.44e-04	6.67e-02	3.94e-01	5.39e-01	2.40e-17	5.73e-28	6.09e-28
 1.34031e+23	2.99e-17	1.81e-12	4.23e-09	9.13e-07	4.12e-05	6.97e-04	6.98e-02	4.00e-01	5.30e-01	2.99e-17	5.34e-26	6.72e-26
 1.34772e+23	3.91e-17	2.29e-12	5.18e-09	1.08e-06	4.71e-05	7.66e-04	7.38e-02	4.07e-01	5.19e-01	3.91e-17	6.98e-26	8.79e-26
 1.35537e+23	4.91e-17	2.79e-12	6.14e-09	1.25e-06	5.28e-05	8.31e-04	7.74e-02	4.13e-01	5.09e-01	4.91e-17	8.77e-26	1.10e-25
 1.36335e+23	6.50e-17	3.56e-12	7.57e-09	1.49e-06	6.08e-05	9.18e-04	8.20e-02	4.20e-01	4.97e-01	6.50e-17	1.16e-25	1.46e-25
 1.37153e+23	8.22e-17	4.37e-12	9.04e-09	1.72e-06	6.84e-05	9.97e-04	8.60e-02	4.25e-01	4.87e-01	8.22e-17	1.47e-25	1.85e-25
 1.37887e+23	1.03e-16	5.30e-12	1.07e-08	1.98e-06	7.64e-05	1.08e-03	9.00e-02	4.31e-01	4.78e-01	1.03e-16	1.83e-25	2.31e-25
 1.38729e+23	1.38e-16	6.88e-12	1.33e-08	2.39e-06	8.88e-05	1.20e-03	9.57e-02	4.38e-01	4.65e-01	1.38e-16	2.47e-25	3.11e-25
 1.39578e+23	1.73e-16	8.34e-12	1.57e-08	2.75e-06	9.91e-05	1.30e-03	1.00e-01	4.43e-01	4.56e-01	1.73e-16	3.08e-25	3.88e-25
 1.40436e+23	2.31e-16	1.08e-11	1.96e-08	3.30e-06	1.15e-04	1.44e-03	1.06e-01	4.50e-01	4.43e-01	2.31e-16	4.13e-25	5.20e-25
 1.41312e+23	2.93e-16	1.32e-11	2.34e-08	3.84e-06	1.29e-04	1.56e-03	1.11e-01	4.55e-01	4.32e-01	2.93e-16	5.24e-25	6.59e-25
 1.42211e+23	3.97e-16	1.72e-11	2.94e-08	4.64e-06	1.51e-04	1.74e-03	1.18e-01	4.61e-01	4.19e-01	3.97e-16	7.08e-25	8.91e-25
 1.43125e+23	5.06e-16	2.13e-11	3.53e-08	5.41e-06	1.70e-04	1.89e-03	1.24e-01	4.66e-01	4.08e-01	5.06e-16	9.03e-25	1.14e-24
 1.44058e+23	6.93e-16	2.80e-11	4.47e-08	6.60e-06	2.00e-04	2.12e-03	1.32e-01	4.72e-01	3.94e-01	6.93e-16	1.24e-24	1.56e-24
 1.44939e+23	8.53e-16	3.36e-11	5.22e-08	7.52e-06	2.22e-04	2.28e-03	1.37e-01	4.76e-01	3.84e-01	8.53e-16	1.52e-24	1.92e-24
 1.45754e+23	1.12e-15	4.27e-11	6.42e-08	8.95e-06	2.55e-04	2.51e-03	1.45e-01	4.81e-01	3.72e-01	1.12e-15	2.01e-24	2.52e-24
 1.46576e+23	1.38e-15	5.11e-11	7.49e-08	1.02e-05	2.83e-04	2.70e-03	1.51e-01	4.84e-01	3.62e-01	1.38e-15	2.47e-24	3.10e-24
 1.47407e+23	1.83e-15	6.53e-11	9.26e-08	1.22e-05	3.27e-04	2.99e-03	1.59e-01	4.88e-01	3.49e-01	1.83e-15	3.27e-24	4.11e-24
 1.48246e+23	2.27e-15	7.87e-11	1.09e-07	1.40e-05	3.65e-04	3.23e-03	1.66e-01	4.91e-01	3.39e-01	2.27e-15	4.04e-24	5.09e-24
 1.49093e+23	3.00e-15	1.01e-10	1.34e-07	1.67e-05	4.23e-04	3.58e-03	1.75e-01	4.95e-01	3.26e-01	3.00e-15	5.36e-24	6.74e-24
 1.49952e+23	3.73e-15	1.22e-10	1.59e-07	1.92e-05	4.73e-04	3.87e-03	1.82e-01	4.97e-01	3.16e-01	3.73e-15	6.66e-24	8.38e-24
 1.50829e+23	4.98e-15	1.56e-10	1.97e-07	2.32e-05	5.51e-04	4.30e-03	1.93e-01	5.00e-01	3.03e-01	4.98e-15	8.89e-24	1.12e-23
 1.51717e+23	6.21e-15	1.90e-10	2.33e-07	2.67e-05	6.18e-04	4.66e-03	2.01e-01	5.01e-01	2.92e-01	6.21e-15	1.11e-23	1.39e-23
 1.52620e+23	8.29e-15	2.44e-10	2.91e-07	3.23e-05	7.22e-04	5.20e-03	2.12e-01	5.03e-01	2.79e-01	8.29e-15	1.48e-23	1.86e-23
 1.53543e+23	1.04e-14	2.98e-10	3.46e-07	3.76e-05	8.18e-04	5.67e-03	2.22e-01	5.04e-01	2.68e-01	1.04e-14	1.86e-23	2.34e-23
 1.54490e+23	1.40e-14	3.86e-10	4.34e-07	4.57e-05	9.62e-04	6.34e-03	2.35e-01	5.04e-01	2.54e-01	1.40e-14	2.50e-23	3.14e-23
 1.55457e+23	1.77e-14	4.73e-10	5.20e-07	5.35e-05	1.09e-03	6.95e-03	2.46e-01	5.04e-01	2.42e-01	1.77e-14	3.16e-23	3.97e-23
 1.56418e+23	2.34e-14	6.05e-10	6.46e-07	6.46e-05	1.28e-03	7.76e-03	2.59e-01	5.03e-01	2.29e-01	2.34e-14	4.18e-23	5.25e-23
 1.57336e+23	2.86e-14	7.22e-10	7.55e-07	7.41e-05	1.44e-03	8.41e-03	2.69e-01	5.02e-01	2.19e-01	2.86e-14	5.11e-23	6.42e-23
 1.58229e+23	3.69e-14	9.03e-10	9.23e-07	8.85e-05	1.67e-03	9.35e-03	2.83e-01	4.99e-01	2.07e-01	3.69e-14	6.60e-23	8.29e-23
 1.59134e+23	4.50e-14	1.07e-09	1.08e-06	1.02e-04	1.88e-03	1.02e-02	2.94e-01	4.97e-01	1.97e-01	4.50e-14	8.04e-23	1.01e-22
 1.60015e+23	5.66e-14	1.32e-09	1.30e-06	1.20e-04	2.16e-03	1.12e-02	3.08e-01	4.93e-01	1.86e-01	5.66e-14	1.01e-22	1.27e-22
 1.60916e+23	6.86e-14	1.56e-09	1.52e-06	1.38e-04	2.44e-03	1.22e-02	3.20e-01	4.89e-01	1.76e-01	6.86e-14	1.23e-22	1.54e-22
 1.61794e+23	8.41e-14	1.87e-09	1.79e-06	1.61e-04	2.78e-03	1.34e-02	3.34e-01	4.84e-01	1.66e-01	8.41e-14	1.51e-22	1.89e-22
 1.62690e+23	1.01e-13	2.21e-09	2.09e-06	1.85e-04	3.14e-03	1.46e-02	3.46e-01	4.79e-01	1.56e-01	1.01e-13	1.82e-22	2.28e-22
 1.63578e+23	1.22e-13	2.61e-09	2.44e-06	2.13e-04	3.55e-03	1.60e-02	3.60e-01	4.73e-01	1.47e-01	1.22e-13	2.19e-22	2.74e-22
 1.64470e+23	1.45e-13	3.05e-09	2.83e-06	2.44e-04	4.00e-03	1.74e-02	3.73e-01	4.67e-01	1.38e-01	1.45e-13	2.60e-22	3.26e-22
 1.65352e+23	1.71e-13	3.54e-09	3.26e-06	2.79e-04	4.49e-03	1.90e-02	3.86e-01	4.60e-01	1.30e-01	1.71e-13	3.06e-22	3.84e-22
 1.66233e+23	2.00e-13	4.08e-09	3.73e-06	3.18e-04	5.04e-03	2.06e-02	3.99e-01	4.53e-01	1.22e-01	2.00e-13	3.58e-22	4.49e-22
 1.67116e+23	2.32e-13	4.68e-09	4.27e-06	3.61e-04	5.63e-03	2.24e-02	4.12e-01	4.46e-01	1.14e-01	2.32e-13	4.16e-22	5.22e-22
 1.68002e+23	2.67e-13	5.33e-09	4.85e-06	4.08e-04	6.29e-03	2.43e-02	4.25e-01	4.37e-01	1.06e-01	2.67e-13	4.80e-22	6.01e-22
 1.68894e+23	3.06e-13	6.05e-09	5.51e-06	4.61e-04	7.00e-03	2.63e-02	4.38e-01	4.29e-01	9.94e-02	3.06e-13	5.49e-22	6.89e-22
 1.69793e+23	3.48e-13	6.84e-09	6.23e-06	5.20e-04	7.78e-03	2.85e-02	4.51e-01	4.20e-01	9.27e-02	3.48e-13	6.26e-22	7.84e-22
 1.70704e+23	3.94e-13	7.69e-09	7.02e-06	5.85e-04	8.64e-03	3.08e-02	4.63e-01	4.11e-01	8.63e-02	3.94e-13	7.09e-22	8.88e-22
 1.71620e+23	4.43e-13	8.61e-09	7.89e-06	6.57e-04	9.56e-03	3.32e-02	4.75e-01	4.01e-01	8.03e-02	4.43e-13	7.98e-22	9.99e-22
 1.72550e+23	4.97e-13	9.62e-09	8.86e-06	7.38e-04	1.06e-02	3.59e-02	4.88e-01	3.91e-01	7.44e-02	4.97e-13	8.96e-22	1.12e-21
 1.73492e+23	5.54e-13	1.07e-08	9.91e-06	8.26e-04	1.17e-02	3.86e-02	4.99e-01	3.81e-01	6.90e-02	5.54e-13	9.98e-22	1.25e-21
 1.74451e+23	6.16e-13	1.19e-08	1.11e-05	9.26e-04	1.29e-02	4.17e-02	5.11e-01	3.70e-01	6.37e-02	6.16e-13	1.11e-21	1.39e-21
 1.75345e+23	6.71e-13	1.30e-08	1.22e-05	1.02e-03	1.40e-02	4.43e-02	5.20e-01	3.61e-01	5.96e-02	6.71e-13	1.21e-21	1.52e-21
 1.76263e+23	7.42e-13	1.44e-08	1.36e-05	1.14e-03	1.54e-02	4.78e-02	5.31e-01	3.50e-01	5.47e-02	7.42e-13	1.34e-21	1.68e-21
 1.77197e+23	8.05e-13	1.56e-08	1.49e-05	1.25e-03	1.67e-02	5.07e-02	5.40e-01	3.40e-01	5.11e-02	8.05e-13	1.46e-21	1.82e-21
 1.78156e+23	8.83e-13	1.72e-08	1.67e-05	1.41e-03	1.84e-02	5.48e-02	5.51e-01	3.28e-01	4.66e-02	8.83e-13	1.60e-21	2.00e-21
 1.79119e+23	9.59e-13	1.87e-08	1.82e-05	1.54e-03	1.98e-02	5.79e-02	5.58e-01	3.19e-01	4.35e-02	9.59e-13	1.74e-21	2.17e-21
 1.80090e+23	1.05e-12	2.06e-08	2.04e-05	1.72e-03	2.18e-02	6.23e-02	5.68e-01	3.07e-01	3.96e-02	1.05e-12	1.90e-21	2.38e-21
 1.81066e+23	1.13e-12	2.24e-08	2.22e-05	1.88e-03	2.34e-02	6.58e-02	5.74e-01	2.98e-01	3.68e-02	1.13e-12	2.05e-21	2.57e-21
 1.82050e+23	1.23e-12	2.46e-08	2.48e-05	2.11e-03	2.56e-02	7.06e-02	5.83e-01	2.86e-01	3.35e-02	1.23e-12	2.24e-21	2.80e-21
 1.83042e+23	1.33e-12	2.66e-08	2.71e-05	2.30e-03	2.74e-02	7.44e-02	5.88e-01	2.77e-01	3.11e-02	1.33e-12	2.42e-21	3.02e-21
 1.84045e+23	1.45e-12	2.93e-08	3.02e-05	2.57e-03	2.99e-02	7.96e-02	5.95e-01	2.65e-01	2.81e-02	1.45e-12	2.64e-21	3.29e-21
 1.85061e+23	1.56e-12	3.18e-08	3.30e-05	2.81e-03	3.20e-02	8.38e-02	6.00e-01	2.56e-01	2.60e-02	1.56e-12	2.84e-21	3.55e-21
 1.86094e+23	1.70e-12	3.51e-08	3.69e-05	3.14e-03	3.48e-02	8.95e-02	6.05e-01	2.44e-01	2.35e-02	1.70e-12	3.11e-21	3.88e-21
 1.87143e+23	1.84e-12	3.82e-08	4.04e-05	3.43e-03	3.72e-02	9.41e-02	6.09e-01	2.35e-01	2.17e-02	1.84e-12	3.36e-21	4.19e-21
 1.88216e+23	2.01e-12	4.23e-08	4.54e-05	3.85e-03	4.05e-02	1.00e-01	6.13e-01	2.23e-01	1.95e-02	2.01e-12	3.68e-21	4.59e-21
 1.89310e+23	2.18e-12	4.63e-08	5.00e-05	4.22e-03	4.32e-02	1.05e-01	6.15e-01	2.14e-01	1.79e-02	2.18e-12	4.00e-21	4.98e-21
 1.90435e+23	2.40e-12	5.17e-08	5.64e-05	4.74e-03	4.70e-02	1.12e-01	6.18e-01	2.02e-01	1.59e-02	2.40e-12	4.41e-21	5.49e-21
 1.91587e+23	2.62e-12	5.70e-08	6.25e-05	5.21e-03	5.02e-02	1.18e-01	6.19e-01	1.93e-01	1.45e-02	2.62e-12	4.83e-21	6.02e-21
 1.92777e+23	2.91e-12	6.42e-08	7.11e-05	5.88e-03	5.46e-02	1.26e-01	6.19e-01	1.82e-01	1.28e-02	2.91e-12	5.36e-21	6.68e-21
 1.93897e+23	3.16e-12	7.03e-08	7.79e-05	6.38e-03	5.77e-02	1.31e-01	6.19e-01	1.75e-01	1.19e-02	3.16e-12	5.84e-21	7.28e-21
 1.94927e+23	3.48e-12	7.84e-08	8.73e-05	7.08e-03	6.19e-02	1.37e-01	6.17e-01	1.65e-01	1.07e-02	3.48e-12	6.45e-21	8.03e-21
 1.95948e+23	3.79e-12	8.57e-08	9.54e-05	7.66e-03	6.51e-02	1.43e-01	6.16e-01	1.59e-01	9.85e-03	3.79e-12	7.03e-21	8.74e-21
 1.96956e+23	4.14e-12	9.51e-08	1.06e-04	8.45e-03	6.95e-02	1.50e-01	6.13e-01	1.50e-01	8.84e-03	4.14e-12	7.69e-21	9.57e-21
 1.97971e+23	4.53e-12	1.05e-07	1.17e-04	9.14e-03	7.31e-02	1.55e-01	6.11e-01	1.44e-01	8.16e-03	4.53e-12	8.44e-21	1.05e-20
 1.98995e+23	5.02e-12	1.17e-07	1.31e-04	1.01e-02	7.79e-02	1.62e-01	6.07e-01	1.36e-01	7.32e-03	5.02e-12	9.37e-21	1.17e-20
 2.00037e+23	5.54e-12	1.30e-07	1.44e-04	1.09e-02	8.19e-02	1.67e-01	6.03e-01	1.30e-01	6.72e-03	5.54e-12	1.04e-20	1.29e-20
 2.01103e+23	6.18e-12	1.47e-07	1.63e-04	1.21e-02	8.72e-02	1.75e-01	5.98e-01	1.22e-01	5.99e-03	6.18e-12	1.16e-20	1.44e-20
 2.02183e+23	6.87e-12	1.64e-07	1.80e-04	1.31e-02	9.17e-02	1.81e-01	5.93e-01	1.16e-01	5.48e-03	6.87e-12	1.29e-20	1.60e-20
 2.03284e+23	7.75e-12	1.87e-07	2.04e-04	1.46e-02	9.77e-02	1.88e-01	5.86e-01	1.09e-01	4.86e-03	7.75e-12	1.46e-20	1.82e-20
 2.04407e+23	8.72e-12	2.10e-07	2.27e-04	1.59e-02	1.03e-01	1.94e-01	5.79e-01	1.03e-01	4.42e-03	8.72e-12	1.65e-20	2.05e-20
 2.05560e+23	9.95e-12	2.42e-07	2.59e-04	1.76e-02	1.09e-01	2.02e-01	5.71e-01	9.59e-02	3.89e-03	9.95e-12	1.89e-20	2.34e-20
 2.06737e+23	1.13e-11	2.75e-07	2.90e-04	1.92e-02	1.15e-01	2.08e-01	5.63e-01	9.05e-02	3.52e-03	1.13e-11	2.15e-20	2.67e-20
 2.07947e+23	1.31e-11	3.21e-07	3.34e-04	2.14e-02	1.23e-01	2.17e-01	5.52e-01	8.37e-02	3.07e-03	1.31e-11	2.51e-20	3.11e-20
 2.09183e+23	1.50e-11	3.68e-07	3.75e-04	2.34e-02	1.29e-01	2.23e-01	5.43e-01	7.87e-02	2.76e-03	1.50e-11	2.88e-20	3.57e-20
 2.10453e+23	1.78e-11	4.36e-07	4.36e-04	2.62e-02	1.37e-01	2.31e-01	5.30e-01	7.23e-02	2.39e-03	1.78e-11	3.43e-20	4.25e-20
 2.11739e+23	2.06e-11	5.03e-07	4.92e-04	2.86e-02	1.44e-01	2.37e-01	5.20e-01	6.76e-02	2.13e-03	2.06e-11	3.98e-20	4.92e-20
 2.13046e+23	2.47e-11	6.02e-07	5.74e-04	3.21e-02	1.53e-01	2.45e-01	5.05e-01	6.18e-02	1.83e-03	2.47e-11	4.80e-20	5.94e-20
 2.14371e+23	2.89e-11	7.00e-07	6.50e-04	3.51e-02	1.61e-01	2.50e-01	4.94e-01	5.76e-02	1.63e-03	2.89e-11	5.65e-20	6.99e-20
 2.15720e+23	3.51e-11	8.46e-07	7.62e-04	3.93e-02	1.71e-01	2.58e-01	4.78e-01	5.23e-02	1.39e-03	3.51e-11	6.91e-20	8.54e-20
 2.17036e+23	4.11e-11	9.77e-07	8.57e-04	4.26e-02	1.79e-01	2.62e-01	4.66e-01	4.88e-02	1.24e-03	4.11e-11	8.11e-20	1.00e-19
 2.18307e+23	4.97e-11	1.17e-06	9.94e-04	4.73e-02	1.88e-01	2.68e-01	4.50e-01	4.44e-02	1.06e-03	4.97e-11	9.86e-20	1.22e-19
 2.19625e+23	5.91e-11	1.37e-06	1.13e-03	5.15e-02	1.97e-01	2.73e-01	4.36e-01	4.11e-02	9.39e-04	5.91e-11	1.18e-19	1.46e-19
 2.20751e+23	6.85e-11	1.57e-06	1.26e-03	5.54e-02	2.04e-01	2.76e-01	4.24e-01	3.83e-02	8.39e-04	6.85e-11	1.37e-19	1.69e-19
 2.21958e+23	8.28e-11	1.87e-06	1.44e-03	6.09e-02	2.14e-01	2.80e-01	4.08e-01	3.48e-02	7.22e-04	8.28e-11	1.67e-19	2.06e-19
 2.23168e+23	9.66e-11	2.15e-06	1.61e-03	6.55e-02	2.21e-01	2.83e-01	3.96e-01	3.23e-02	6.42e-04	9.66e-11	1.96e-19	2.41e-19
 2.24382e+23	1.17e-10	2.55e-06	1.84e-03	7.16e-02	2.31e-01	2.86e-01	3.80e-01	2.94e-02	5.55e-04	1.17e-10	2.40e-19	2.95e-19
 2.25646e+23	1.39e-10	2.98e-06	2.08e-03	7.74e-02	2.39e-01	2.89e-01	3.65e-01	2.70e-02	4.84e-04	1.39e-10	2.86e-19	3.52e-19
 2.26773e+23	1.65e-10	3.43e-06	2.32e-03	8.31e-02	2.47e-01	2.90e-01	3.52e-01	2.49e-02	4.28e-04	1.65e-10	3.40e-19	4.18e-19
 2.28040e+23	2.03e-10	4.11e-06	2.66e-03	9.08e-02	2.57e-01	2.91e-01	3.36e-01	2.24e-02	3.66e-04	2.03e-10	4.22e-19	5.19e-19
 2.29373e+23	2.45e-10	4.84e-06	3.01e-03	9.82e-02	2.66e-01	2.92e-01	3.21e-01	2.04e-02	3.16e-04	2.45e-10	5.15e-19	6.32e-19
 2.30585e+23	2.94e-10	5.64e-06	3.38e-03	1.06e-01	2.74e-01	2.92e-01	3.07e-01	1.86e-02	2.75e-04	2.94e-10	6.21e-19	7.62e-19
 2.31952e+23	3.70e-10	6.84e-06	3.90e-03	1.15e-01	2.84e-01	2.91e-01	2.89e-01	1.65e-02	2.30e-04	3.70e-10	7.89e-19	9.68e-19
 2.33362e+23	4.53e-10	8.10e-06	4.42e-03	1.25e-01	2.92e-01	2.90e-01	2.74e-01	1.48e-02	1.96e-04	4.53e-10	9.74e-19	1.19e-18
 2.34616e+23	5.48e-10	9.47e-06	4.96e-03	1.34e-01	3.00e-01	2.88e-01	2.60e-01	1.34e-02	1.69e-04	5.48e-10	1.19e-18	1.45e-18
 2.36033e+23	6.98e-10	1.15e-05	5.73e-03	1.45e-01	3.09e-01	2.85e-01	2.43e-01	1.18e-02	1.40e-04	6.98e-10	1.53e-18	1.87e-18
 2.37504e+23	8.65e-10	1.37e-05	6.50e-03	1.57e-01	3.17e-01	2.82e-01	2.28e-01	1.05e-02	1.17e-04	8.65e-10	1.91e-18	2.34e-18
 2.38824e+23	1.06e-09	1.61e-05	7.30e-03	1.67e-01	3.23e-01	2.78e-01	2.15e-01	9.34e-03	9.96e-05	1.06e-09	2.37e-18	2.89e-18
 2.40320e+23	1.38e-09	1.98e-05	8.46e-03	1.82e-01	3.31e-01	2.72e-01	1.98e-01	8.05e-03	8.04e-05	1.38e-09	3.12e-18	3.80e-18
 2.41865e+23	1.72e-09	2.36e-05	9.57e-03	1.95e-01	3.37e-01	2.67e-01	1.84e-01	7.08e-03	6.68e-05	1.72e-09	3.94e-18	4.80e-18
 2.43476e+23	2.28e-09	2.93e-05	1.11e-02	2.12e-01	3.44e-01	2.59e-01	1.68e-01	6.00e-03	5.28e-05	2.28e-09	5.30e-18	6.45e-18
 2.45103e+23	2.86e-09	3.50e-05	1.26e-02	2.27e-01	3.49e-01	2.52e-01	1.55e-01	5.22e-03	4.34e-05	2.86e-09	6.74e-18	8.20e-18
 2.46530e+23	3.57e-09	4.14e-05	1.41e-02	2.41e-01	3.53e-01	2.45e-01	1.43e-01	4.56e-03	3.58e-05	3.57e-09	8.52e-18	1.04e-17
 2.48166e+23	4.78e-09	5.16e-05	1.64e-02	2.60e-01	3.57e-01	2.35e-01	1.28e-01	3.79e-03	2.77e-05	4.78e-09	1.16e-17	1.41e-17
 2.49820e+23	6.01e-09	6.11e-05	1.84e-02	2.76e-01	3.59e-01	2.27e-01	1.17e-01	3.27e-03	2.25e-05	6.01e-09	1.48e-17	1.79e-17
 2.51498e+23	8.03e-09	7.57e-05	2.13e-02	2.96e-01	3.60e-01	2.16e-01	1.05e-01	2.71e-03	1.73e-05	8.03e-09	2.01e-17	2.44e-17
 2.53206e+23	1.02e-08	9.02e-05	2.39e-02	3.13e-01	3.60e-01	2.06e-01	9.47e-02	2.31e-03	1.39e-05	1.02e-08	2.60e-17	3.15e-17
 2.54953e+23	1.39e-08	1.13e-04	2.77e-02	3.34e-01	3.59e-01	1.94e-01	8.30e-02	1.86e-03	1.04e-05	1.39e-08	3.61e-17	4.36e-17
 2.56713e+23	1.76e-08	1.34e-04	3.09e-02	3.51e-01	3.57e-01	1.84e-01	7.48e-02	1.58e-03	8.25e-06	1.76e-08	4.65e-17	5.62e-17
 2.58489e+23	2.39e-08	1.66e-04	3.56e-02	3.73e-01	3.53e-01	1.72e-01	6.50e-02	1.26e-03	6.09e-06	2.39e-08	6.47e-17	7.81e-17
 2.60287e+23	3.04e-08	1.97e-04	3.96e-02	3.90e-01	3.49e-01	1.62e-01	5.80e-02	1.06e-03	4.78e-06	3.04e-08	8.39e-17	1.01e-16
 2.62115e+23	4.15e-08	2.46e-04	4.55e-02	4.12e-01	3.42e-01	1.49e-01	4.98e-02	8.33e-04	3.48e-06	4.15e-08	1.17e-16	1.42e-16
 2.63968e+23	5.30e-08	2.91e-04	5.06e-02	4.29e-01	3.36e-01	1.39e-01	4.40e-02	6.88e-04	2.69e-06	5.30e-08	1.53e-16	1.85e-16
 2.65578e+23	6.70e-08	3.43e-04	5.59e-02	4.45e-01	3.29e-01	1.30e-01	3.89e-02	5.70e-04	2.09e-06	6.70e-08	1.98e-16	2.38e-16
 2.67395e+23	9.07e-08	4.22e-04	6.34e-02	4.65e-01	3.19e-01	1.19e-01	3.31e-02	4.45e-04	1.50e-06	9.07e-08	2.75e-16	3.31e-16
 2.69128e+23	1.11e-07	4.86e-04	6.89e-02	4.77e-01	3.12e-01	1.11e-01	2.96e-02	3.75e-04	1.20e-06	1.11e-07	3.44e-16	4.14e-16
 2.70753e+23	1.45e-07	5.83e-04	7.68e-02	4.93e-01	3.02e-01	1.02e-01	2.54e-02	2.99e-04	8.83e-07	1.45e-07	4.62e-16	5.55e-16
 2.72378e+23	1.78e-07	6.69e-04	8.32e-02	5.05e-01	2.94e-01	9.47e-02	2.26e-02	2.50e-04	6.98e-07	1.78e-07	5.78e-16	6.93e-16
 2.74004e+23	2.29e-07	7.93e-04	9.18e-02	5.18e-01	2.83e-01	8.63e-02	1.94e-02	2.00e-04	5.19e-07	2.29e-07	7.65e-16	9.16e-16
 2.75690e+23	2.87e-07	9.22e-04	1.00e-01	5.29e-01	2.73e-01	7.93e-02	1.69e-02	1.63e-04	3.96e-07	2.87e-07	9.81e-16	1.17e-15
 2.77202e+23	3.52e-07	1.06e-03	1.08e-01	5.39e-01	2.64e-01	7.32e-02	1.49e-02	1.35e-04	3.08e-07	3.52e-07	1.23e-15	1.48e-15
 2.78915e+23	4.58e-07	1.26e-03	1.19e-01	5.49e-01	2.52e-01	6.57e-02	1.26e-02	1.05e-04	2.22e-07	4.58e-07	1.66e-15	1.98e-15
 2.80657e+23	5.69e-07	1.45e-03	1.29e-01	5.57e-01	2.41e-01	6.00e-02	1.09e-02	8.49e-05	1.68e-07	5.69e-07	2.11e-15	2.52e-15
 2.82205e+23	6.99e-07	1.67e-03	1.39e-01	5.63e-01	2.31e-01	5.48e-02	9.49e-03	6.93e-05	1.29e-07	6.99e-07	2.67e-15	3.18e-15
 2.83704e+23	8.49e-07	1.89e-03	1.49e-01	5.69e-01	2.22e-01	5.02e-02	8.30e-03	5.69e-05	0.00e+00	8.49e-07	3.32e-15	3.96e-15
 2.85089e+23	1.01e-06	2.13e-03	1.59e-01	5.72e-01	2.13e-01	4.62e-02	7.33e-03	4.75e-05	0.00e+00	1.01e-06	4.05e-15	4.83e-15
 2.86603e+23	1.26e-06	2.45e-03	1.71e-01	5.76e-01	2.02e-01	4.17e-02	6.28e-03	3.79e-05	0.00e+00	1.26e-06	5.20e-15	6.19e-15
 2.88136e+23	1.51e-06	2.76e-03	1.82e-01	5.78e-01	1.93e-01	3.81e-02	5.50e-03	3.12e-05	0.00e+00	1.51e-06	6.39e-15	7.60e-15
 2.89473e+23	1.79e-06	3.09e-03	1.93e-01	5.79e-01	1.85e-01	3.49e-02	4.84e-03	2.59e-05	0.00e+00	1.79e-06	7.78e-15	9.24e-15
 2.90991e+23	2.21e-06	3.54e-03	2.07e-01	5.80e-01	1.75e-01	3.13e-02	4.12e-03	2.05e-05	0.00e+00	2.21e-06	9.95e-15	1.18e-14
 2.92538e+23	2.65e-06	3.98e-03	2.19e-01	5.79e-01	1.66e-01	2.85e-02	3.59e-03	1.68e-05	0.00e+00	2.65e-06	1.22e-14	1.45e-14
 2.93904e+23	3.14e-06	4.44e-03	2.31e-01	5.77e-01	1.58e-01	2.59e-02	3.13e-03	1.38e-05	0.00e+00	3.14e-06	1.49e-14	1.77e-14
 2.95460e+23	3.89e-06	5.10e-03	2.47e-01	5.74e-01	1.48e-01	2.30e-02	2.64e-03	1.08e-05	0.00e+00	3.89e-06	1.91e-14	2.26e-14
 2.97041e+23	4.64e-06	5.72e-03	2.61e-01	5.70e-01	1.40e-01	2.08e-02	2.29e-03	8.79e-06	0.00e+00	4.64e-06	2.34e-14	2.78e-14
 2.98433e+23	5.50e-06	6.38e-03	2.75e-01	5.66e-01	1.32e-01	1.88e-02	1.98e-03	7.17e-06	0.00e+00	5.50e-06	2.86e-14	3.39e-14
 3.00022e+23	6.82e-06	7.33e-03	2.93e-01	5.59e-01	1.23e-01	1.65e-02	1.66e-03	5.54e-06	0.00e+00	6.82e-06	3.68e-14	4.36e-14
 3.01635e+23	8.16e-06	8.23e-03	3.08e-01	5.52e-01	1.16e-01	1.48e-02	1.42e-03	4.45e-06	0.00e+00	8.16e-06	4.54e-14	5.37e-14
 3.03052e+23	9.69e-06	9.21e-03	3.23e-01	5.44e-01	1.09e-01	1.33e-02	1.23e-03	3.60e-06	0.00e+00	9.69e-06	5.56e-14	6.58e-14
 3.04665e+23	1.20e-05	1.06e-02	3.43e-01	5.34e-01	1.00e-01	1.16e-02	1.02e-03	2.75e-06	0.00e+00	1.20e-05	7.17e-14	8.49e-14
 3.06309e+23	1.44e-05	1.19e-02	3.59e-01	5.24e-01	9.35e-02	1.03e-02	8.64e-04	2.19e-06	0.00e+00	1.44e-05	8.90e-14	1.05e-13
 3.07756e+23	1.72e-05	1.34e-02	3.76e-01	5.14e-01	8.72e-02	9.21e-03	7.38e-04	1.75e-06	0.00e+00	1.72e-05	1.09e-13	1.30e-13
 3.08520e+23	1.76e-05	1.36e-02	3.77e-01	5.13e-01	8.67e-02	9.14e-03	7.29e-04	1.72e-06	0.00e+00	1.76e-05	1.12e-13	1.32e-13
