#depth	Ne	Ne+	Ne+2	Ne+3	Ne+4	Ne+5	Ne+6	Ne+7	Ne+8	Ne+9	Ne+10
 1.54284e+22	0.00e+00	0.00e+00	3.86e-26	1.95e-21	2.24e-17	6.30e-14	7.02e-11	4.83e-08	1.09e-04	2.07e-02	9.79e-01
 3.58262e+22	0.00e+00	1.90e-30	5.07e-25	1.87e-20	1.57e-16	3.22e-13	2.61e-10	1.30e-07	2.12e-04	2.86e-02	9.71e-01
 4.44102e+22	0.00e+00	1.53e-29	3.25e-24	9.56e-20	6.38e-16	1.04e-12	6.72e-10	2.66e-07	3.41e-04	3.62e-02	9.63e-01
 5.09166e+22	0.00e+00	8.43e-29	1.49e-23	3.63e-19	2.01e-15	2.72e-12	1.45e-09	4.75e-07	5.02e-04	4.37e-02	9.56e-01
 5.45312e+22	0.00e+00	1.32e-28	2.21e-23	5.14e-19	2.71e-15	3.50e-12	1.78e-09	5.52e-07	5.55e-04	4.59e-02	9.54e-01
 5.57227e+22	0.00e+00	1.77e-28	2.87e-23	6.47e-19	3.30e-15	4.13e-12	2.03e-09	6.10e-07	5.93e-04	4.74e-02	9.52e-01
 5.66367e+22	0.00e+00	2.37e-28	3.72e-23	8.10e-19	4.01e-15	4.85e-12	2.31e-09	6.72e-07	6.32e-04	4.89e-02	9.50e-01
 5.75260e+22	0.00e+00	3.05e-28	4.65e-23	9.86e-19	4.75e-15	5.59e-12	2.59e-09	7.31e-07	6.69e-04	5.03e-02	9.49e-01
 5.85466e+22	0.00e+00	4.23e-28	6.23e-23	1.27e-18	5.91e-15	6.71e-12	3.00e-09	8.16e-07	7.20e-04	5.21e-02	9.47e-01
 5.96416e+22	0.00e+00	5.90e-28	8.37e-23	1.65e-18	7.38e-15	8.08e-12	3.48e-09	9.12e-07	7.75e-04	5.40e-02	9.45e-01
 6.06288e+22	3.82e-34	8.01e-28	1.10e-22	2.09e-18	9.05e-15	9.59e-12	3.99e-09	1.01e-06	8.30e-04	5.58e-02	9.43e-01
 6.15333e+22	5.30e-34	1.07e-27	1.42e-22	2.63e-18	1.10e-14	1.13e-11	4.54e-09	1.11e-06	8.85e-04	5.76e-02	9.41e-01
 6.23997e+22	7.14e-34	1.40e-27	1.80e-22	3.23e-18	1.32e-14	1.31e-11	5.12e-09	1.22e-06	9.39e-04	5.93e-02	9.40e-01
 6.33907e+22	1.06e-33	1.99e-27	2.46e-22	4.24e-18	1.66e-14	1.59e-11	5.98e-09	1.37e-06	1.01e-03	6.15e-02	9.37e-01
 6.44128e+22	1.50e-33	2.73e-27	3.26e-22	5.42e-18	2.05e-14	1.90e-11	6.87e-09	1.51e-06	1.09e-03	6.36e-02	9.35e-01
 6.53158e+22	2.11e-33	3.70e-27	4.26e-22	6.85e-18	2.51e-14	2.25e-11	7.85e-09	1.67e-06	1.16e-03	6.57e-02	9.33e-01
 6.63300e+22	3.21e-33	5.39e-27	5.95e-22	9.17e-18	3.22e-14	2.77e-11	9.28e-09	1.89e-06	1.26e-03	6.83e-02	9.30e-01
 6.73669e+22	4.59e-33	7.44e-27	7.91e-22	1.18e-17	3.99e-14	3.31e-11	1.07e-08	2.10e-06	1.35e-03	7.06e-02	9.28e-01
 6.82486e+22	6.35e-33	9.94e-27	1.02e-21	1.47e-17	4.84e-14	3.89e-11	1.21e-08	2.31e-06	1.44e-03	7.28e-02	9.26e-01
 6.92104e+22	9.55e-33	1.43e-26	1.41e-21	1.95e-17	6.17e-14	4.76e-11	1.43e-08	2.60e-06	1.55e-03	7.56e-02	9.23e-01
 7.01901e+22	1.36e-32	1.97e-26	1.88e-21	2.50e-17	7.62e-14	5.68e-11	1.64e-08	2.88e-06	1.66e-03	7.81e-02	9.20e-01
 7.10425e+22	1.92e-32	2.67e-26	2.45e-21	3.16e-17	9.32e-14	6.72e-11	1.87e-08	3.17e-06	1.77e-03	8.05e-02	9.18e-01
 7.20003e+22	2.93e-32	3.90e-26	3.43e-21	4.24e-17	1.20e-13	8.28e-11	2.21e-08	3.58e-06	1.92e-03	8.36e-02	9.14e-01
 7.29830e+22	4.18e-32	5.37e-26	4.55e-21	5.43e-17	1.48e-13	9.88e-11	2.54e-08	3.97e-06	2.05e-03	8.64e-02	9.12e-01
 7.38332e+22	5.95e-32	7.37e-26	6.02e-21	6.93e-17	1.83e-13	1.18e-10	2.91e-08	4.39e-06	2.19e-03	8.91e-02	9.09e-01
 7.46329e+22	8.11e-32	9.71e-26	7.70e-21	8.58e-17	2.20e-13	1.37e-10	3.29e-08	4.80e-06	2.33e-03	9.16e-02	9.06e-01
 7.55319e+22	1.23e-31	1.41e-25	1.07e-20	1.14e-16	2.81e-13	1.68e-10	3.86e-08	5.40e-06	2.51e-03	9.50e-02	9.02e-01
 7.64573e+22	1.77e-31	1.96e-25	1.43e-20	1.47e-16	3.49e-13	2.01e-10	4.45e-08	5.99e-06	2.69e-03	9.81e-02	8.99e-01
 7.72715e+22	2.48e-31	2.65e-25	1.87e-20	1.86e-16	4.26e-13	2.38e-10	5.07e-08	6.59e-06	2.86e-03	1.01e-01	8.96e-01
 7.81847e+22	3.81e-31	3.88e-25	2.62e-20	2.50e-16	5.49e-13	2.94e-10	5.99e-08	7.44e-06	3.10e-03	1.05e-01	8.92e-01
 7.90968e+22	5.48e-31	5.37e-25	3.49e-20	3.21e-16	6.80e-13	3.51e-10	6.88e-08	8.24e-06	3.31e-03	1.08e-01	8.89e-01
 7.98704e+22	7.53e-31	7.14e-25	4.49e-20	4.00e-16	8.22e-13	4.11e-10	7.79e-08	9.02e-06	3.51e-03	1.11e-01	8.85e-01
 8.07392e+22	1.15e-30	1.04e-24	6.27e-20	5.36e-16	1.06e-12	5.06e-10	9.17e-08	1.01e-05	3.79e-03	1.15e-01	8.81e-01
 8.16258e+22	1.66e-30	1.44e-24	8.37e-20	6.89e-16	1.31e-12	6.05e-10	1.05e-07	1.12e-05	4.05e-03	1.19e-01	8.77e-01
 8.24026e+22	2.32e-30	1.96e-24	1.10e-19	8.71e-16	1.60e-12	7.15e-10	1.20e-07	1.24e-05	4.31e-03	1.22e-01	8.73e-01
 8.32795e+22	3.56e-30	2.86e-24	1.53e-19	1.17e-15	2.06e-12	8.81e-10	1.42e-07	1.39e-05	4.65e-03	1.27e-01	8.69e-01
 8.41855e+22	5.21e-30	4.03e-24	2.07e-19	1.52e-15	2.58e-12	1.06e-09	1.64e-07	1.55e-05	4.98e-03	1.31e-01	8.64e-01
 8.49867e+22	7.48e-30	5.57e-24	2.76e-19	1.95e-15	3.19e-12	1.27e-09	1.88e-07	1.71e-05	5.31e-03	1.35e-01	8.60e-01
 8.57630e+22	1.07e-29	7.70e-24	3.67e-19	2.50e-15	3.95e-12	1.51e-09	2.16e-07	1.89e-05	5.66e-03	1.39e-01	8.56e-01
 8.66497e+22	1.68e-29	1.15e-23	5.23e-19	3.41e-15	5.15e-12	1.89e-09	2.57e-07	2.14e-05	6.13e-03	1.44e-01	8.50e-01
 8.75562e+22	2.45e-29	1.61e-23	7.05e-19	4.42e-15	6.44e-12	2.27e-09	2.97e-07	2.38e-05	6.56e-03	1.48e-01	8.45e-01
 8.84884e+22	3.93e-29	2.46e-23	1.02e-18	6.12e-15	8.51e-12	2.86e-09	3.55e-07	2.71e-05	7.13e-03	1.54e-01	8.39e-01
 8.94383e+22	5.99e-29	3.58e-23	1.43e-18	8.19e-15	1.09e-11	3.52e-09	4.17e-07	3.04e-05	7.67e-03	1.59e-01	8.33e-01
 9.02098e+22	8.38e-29	4.84e-23	1.86e-18	1.03e-14	1.33e-11	4.14e-09	4.74e-07	3.33e-05	8.13e-03	1.63e-01	8.28e-01
 9.10116e+22	1.28e-28	7.08e-23	2.61e-18	1.38e-14	1.71e-11	5.10e-09	5.57e-07	3.74e-05	8.76e-03	1.69e-01	8.22e-01
 9.18435e+22	1.87e-28	9.91e-23	3.51e-18	1.79e-14	2.13e-11	6.13e-09	6.42e-07	4.14e-05	9.34e-03	1.74e-01	8.17e-01
 9.25341e+22	2.55e-28	1.31e-22	4.49e-18	2.22e-14	2.56e-11	7.14e-09	7.22e-07	4.51e-05	9.86e-03	1.78e-01	8.12e-01
 9.32512e+22	3.76e-28	1.85e-22	6.10e-18	2.90e-14	3.22e-11	8.62e-09	8.37e-07	5.01e-05	1.05e-02	1.83e-01	8.06e-01
 9.39357e+22	5.04e-28	2.41e-22	7.69e-18	3.55e-14	3.83e-11	9.95e-09	9.34e-07	5.42e-05	1.11e-02	1.87e-01	8.02e-01
 9.44829e+22	6.71e-28	3.12e-22	9.65e-18	4.32e-14	4.53e-11	1.14e-08	1.04e-06	5.85e-05	1.16e-02	1.91e-01	7.97e-01
 9.50177e+22	8.78e-28	3.96e-22	1.19e-17	5.19e-14	5.31e-11	1.30e-08	1.15e-06	6.28e-05	1.22e-02	1.95e-01	7.93e-01
 9.55432e+22	1.12e-27	4.93e-22	1.45e-17	6.15e-14	6.13e-11	1.47e-08	1.26e-06	6.71e-05	1.27e-02	1.99e-01	7.89e-01
 9.61381e+22	1.57e-27	6.65e-22	1.88e-17	7.73e-14	7.46e-11	1.73e-08	1.43e-06	7.34e-05	1.34e-02	2.03e-01	7.83e-01
 9.67361e+22	2.09e-27	8.63e-22	2.37e-17	9.44e-14	8.85e-11	1.99e-08	1.60e-06	7.93e-05	1.41e-02	2.08e-01	7.78e-01
 9.72399e+22	2.72e-27	1.09e-21	2.91e-17	1.13e-13	1.03e-10	2.26e-08	1.76e-06	8.50e-05	1.47e-02	2.12e-01	7.74e-01
 9.77121e+22	3.52e-27	1.38e-21	3.57e-17	1.35e-13	1.20e-10	2.56e-08	1.94e-06	9.09e-05	1.53e-02	2.15e-01	7.69e-01
 9.81680e+22	4.41e-27	1.68e-21	4.27e-17	1.57e-13	1.37e-10	2.85e-08	2.11e-06	9.65e-05	1.59e-02	2.19e-01	7.65e-01
 9.86874e+22	5.99e-27	2.21e-21	5.43e-17	1.94e-13	1.64e-10	3.31e-08	2.36e-06	1.05e-04	1.67e-02	2.24e-01	7.60e-01
 9.92227e+22	7.93e-27	2.84e-21	6.78e-17	2.35e-13	1.93e-10	3.78e-08	2.62e-06	1.13e-04	1.75e-02	2.28e-01	7.54e-01
 9.96883e+22	1.02e-26	3.56e-21	8.26e-17	2.80e-13	2.24e-10	4.27e-08	2.88e-06	1.20e-04	1.82e-02	2.32e-01	7.50e-01
 1.00203e+23	1.40e-26	4.73e-21	1.06e-16	3.47e-13	2.69e-10	4.98e-08	3.23e-06	1.31e-04	1.92e-02	2.37e-01	7.44e-01
 1.00705e+23	1.78e-26	5.87e-21	1.28e-16	4.10e-13	3.10e-10	5.59e-08	3.54e-06	1.39e-04	1.99e-02	2.41e-01	7.39e-01
 1.01125e+23	2.29e-26	7.35e-21	1.56e-16	4.86e-13	3.59e-10	6.31e-08	3.88e-06	1.48e-04	2.07e-02	2.45e-01	7.34e-01
 1.01538e+23	2.89e-26	9.04e-21	1.88e-16	5.70e-13	4.11e-10	7.05e-08	4.22e-06	1.58e-04	2.15e-02	2.48e-01	7.30e-01
 1.02009e+23	3.93e-26	1.19e-20	2.39e-16	7.03e-13	4.92e-10	8.18e-08	4.73e-06	1.71e-04	2.26e-02	2.53e-01	7.24e-01
 1.02486e+23	5.15e-26	1.52e-20	2.96e-16	8.45e-13	5.75e-10	9.30e-08	5.22e-06	1.83e-04	2.36e-02	2.58e-01	7.18e-01
 1.02898e+23	6.54e-26	1.88e-20	3.57e-16	9.95e-13	6.61e-10	1.04e-07	5.70e-06	1.94e-04	2.45e-02	2.62e-01	7.14e-01
 1.03358e+23	9.00e-26	2.50e-20	4.59e-16	1.24e-12	7.96e-10	1.21e-07	6.40e-06	2.11e-04	2.57e-02	2.67e-01	7.07e-01
 1.03827e+23	1.18e-25	3.18e-20	5.67e-16	1.48e-12	9.30e-10	1.38e-07	7.06e-06	2.26e-04	2.68e-02	2.72e-01	7.01e-01
 1.04247e+23	1.53e-25	4.03e-20	6.98e-16	1.78e-12	1.08e-09	1.57e-07	7.78e-06	2.41e-04	2.79e-02	2.76e-01	6.96e-01
 1.04728e+23	2.19e-25	5.56e-20	9.25e-16	2.27e-12	1.33e-09	1.86e-07	8.86e-06	2.64e-04	2.95e-02	2.82e-01	6.88e-01
 1.05191e+23	2.79e-25	6.89e-20	1.12e-15	2.67e-12	1.53e-09	2.08e-07	9.67e-06	2.81e-04	3.06e-02	2.86e-01	6.83e-01
 1.05627e+23	3.92e-25	9.34e-20	1.46e-15	3.37e-12	1.87e-09	2.45e-07	1.09e-05	3.06e-04	3.23e-02	2.92e-01	6.76e-01
 1.06067e+23	5.04e-25	1.17e-19	1.78e-15	3.99e-12	2.16e-09	2.76e-07	1.20e-05	3.26e-04	3.35e-02	2.96e-01	6.70e-01
 1.06511e+23	7.16e-25	1.60e-19	2.34e-15	5.06e-12	2.64e-09	3.26e-07	1.36e-05	3.56e-04	3.53e-02	3.02e-01	6.62e-01
 1.06944e+23	9.13e-25	1.99e-19	2.83e-15	5.97e-12	3.04e-09	3.66e-07	1.49e-05	3.78e-04	3.67e-02	3.07e-01	6.56e-01
 1.07365e+23	1.29e-24	2.72e-19	3.73e-15	7.56e-12	3.72e-09	4.32e-07	1.69e-05	4.13e-04	3.86e-02	3.13e-01	6.48e-01
 1.07783e+23	1.65e-24	3.39e-19	4.52e-15	8.92e-12	4.29e-09	4.86e-07	1.84e-05	4.39e-04	4.01e-02	3.17e-01	6.43e-01
 1.08200e+23	2.36e-24	4.66e-19	5.97e-15	1.14e-11	5.26e-09	5.75e-07	2.09e-05	4.79e-04	4.23e-02	3.23e-01	6.34e-01
 1.08618e+23	3.05e-24	5.85e-19	7.30e-15	1.35e-11	6.10e-09	6.50e-07	2.30e-05	5.11e-04	4.39e-02	3.28e-01	6.28e-01
 1.09038e+23	4.39e-24	8.12e-19	9.71e-15	1.73e-11	7.52e-09	7.73e-07	2.62e-05	5.60e-04	4.64e-02	3.34e-01	6.19e-01
 1.09462e+23	5.70e-24	1.03e-18	1.19e-14	2.06e-11	8.76e-09	8.76e-07	2.89e-05	5.98e-04	4.82e-02	3.39e-01	6.12e-01
 1.09891e+23	8.18e-24	1.42e-18	1.58e-14	2.63e-11	1.08e-08	1.04e-06	3.29e-05	6.54e-04	5.09e-02	3.45e-01	6.03e-01
 1.10316e+23	1.07e-23	1.81e-18	1.96e-14	3.17e-11	1.26e-08	1.18e-06	3.64e-05	7.00e-04	5.30e-02	3.50e-01	5.96e-01
 1.10738e+23	1.54e-23	2.50e-18	2.60e-14	4.03e-11	1.55e-08	1.41e-06	4.15e-05	7.66e-04	5.59e-02	3.57e-01	5.87e-01
 1.11167e+23	2.05e-23	3.23e-18	3.26e-14	4.90e-11	1.83e-08	1.61e-06	4.61e-05	8.23e-04	5.83e-02	3.62e-01	5.79e-01
 1.11607e+23	2.98e-23	4.52e-18	4.37e-14	6.31e-11	2.28e-08	1.93e-06	5.29e-05	9.05e-04	6.16e-02	3.68e-01	5.69e-01
 1.12049e+23	3.98e-23	5.86e-18	5.49e-14	7.68e-11	2.69e-08	2.22e-06	5.89e-05	9.74e-04	6.43e-02	3.74e-01	5.61e-01
 1.12494e+23	5.81e-23	8.23e-18	7.39e-14	9.92e-11	3.35e-08	2.67e-06	6.78e-05	1.07e-03	6.80e-02	3.80e-01	5.50e-01
 1.12943e+23	7.77e-23	1.07e-17	9.28e-14	1.21e-10	3.97e-08	3.07e-06	7.55e-05	1.15e-03	7.10e-02	3.86e-01	5.42e-01
 1.13331e+23	1.03e-22	1.37e-17	1.16e-13	1.46e-10	4.67e-08	3.52e-06	8.39e-05	1.24e-03	7.40e-02	3.91e-01	5.34e-01
 1.13770e+23	1.48e-22	1.91e-17	1.54e-13	1.87e-10	5.79e-08	4.21e-06	9.63e-05	1.36e-03	7.82e-02	3.97e-01	5.23e-01
 1.14206e+23	1.92e-22	2.41e-17	1.90e-13	2.24e-10	6.74e-08	4.78e-06	1.06e-04	1.46e-03	8.13e-02	4.02e-01	5.15e-01
 1.14638e+23	2.73e-22	3.30e-17	2.50e-13	2.84e-10	8.28e-08	5.68e-06	1.21e-04	1.60e-03	8.57e-02	4.08e-01	5.05e-01
 1.15080e+23	3.55e-22	4.18e-17	3.08e-13	3.40e-10	9.67e-08	6.47e-06	1.34e-04	1.71e-03	8.91e-02	4.13e-01	4.96e-01
 1.15532e+23	5.03e-22	5.72e-17	4.06e-13	4.31e-10	1.19e-07	7.68e-06	1.54e-04	1.87e-03	9.39e-02	4.19e-01	4.85e-01
 1.15995e+23	6.58e-22	7.29e-17	5.02e-13	5.18e-10	1.39e-07	8.78e-06	1.70e-04	2.01e-03	9.77e-02	4.23e-01	4.77e-01
 1.16472e+23	9.33e-22	9.98e-17	6.62e-13	6.59e-10	1.71e-07	1.05e-05	1.95e-04	2.20e-03	1.03e-01	4.29e-01	4.65e-01
 1.16960e+23	1.22e-21	1.27e-16	8.20e-13	7.93e-10	2.01e-07	1.20e-05	2.17e-04	2.37e-03	1.07e-01	4.34e-01	4.57e-01
 1.17463e+23	1.73e-21	1.74e-16	1.08e-12	1.01e-09	2.47e-07	1.42e-05	2.49e-04	2.60e-03	1.13e-01	4.39e-01	4.45e-01
 1.17975e+23	2.26e-21	2.21e-16	1.34e-12	1.21e-09	2.90e-07	1.63e-05	2.76e-04	2.79e-03	1.18e-01	4.43e-01	4.36e-01
 1.18499e+23	3.18e-21	3.02e-16	1.76e-12	1.53e-09	3.56e-07	1.94e-05	3.17e-04	3.06e-03	1.24e-01	4.49e-01	4.24e-01
 1.19027e+23	4.11e-21	3.81e-16	2.16e-12	1.84e-09	4.17e-07	2.21e-05	3.51e-04	3.28e-03	1.29e-01	4.52e-01	4.15e-01
 1.19559e+23	5.72e-21	5.13e-16	2.81e-12	2.31e-09	5.08e-07	2.62e-05	4.01e-04	3.59e-03	1.35e-01	4.57e-01	4.04e-01
 1.20075e+23	7.16e-21	6.29e-16	3.37e-12	2.70e-09	5.83e-07	2.94e-05	4.38e-04	3.82e-03	1.40e-01	4.60e-01	3.96e-01
 1.20571e+23	9.60e-21	8.20e-16	4.26e-12	3.31e-09	6.97e-07	3.42e-05	4.94e-04	4.14e-03	1.46e-01	4.64e-01	3.85e-01
 1.21079e+23	1.20e-20	1.01e-15	5.11e-12	3.88e-09	7.99e-07	3.84e-05	5.41e-04	4.40e-03	1.51e-01	4.67e-01	3.77e-01
 1.21602e+23	1.62e-20	1.32e-15	6.51e-12	4.79e-09	9.60e-07	4.49e-05	6.11e-04	4.78e-03	1.58e-01	4.70e-01	3.66e-01
 1.22131e+23	2.02e-20	1.61e-15	7.77e-12	5.58e-09	1.10e-06	5.03e-05	6.67e-04	5.07e-03	1.63e-01	4.72e-01	3.59e-01
 1.22669e+23	2.69e-20	2.09e-15	9.79e-12	6.83e-09	1.31e-06	5.83e-05	7.50e-04	5.49e-03	1.70e-01	4.75e-01	3.48e-01
 1.23203e+23	3.33e-20	2.54e-15	1.16e-11	7.93e-09	1.49e-06	6.52e-05	8.18e-04	5.82e-03	1.76e-01	4.77e-01	3.40e-01
 1.23732e+23	4.39e-20	3.26e-15	1.46e-11	9.65e-09	1.77e-06	7.53e-05	9.17e-04	6.28e-03	1.83e-01	4.80e-01	3.30e-01
 1.24266e+23	5.38e-20	3.92e-15	1.72e-11	1.11e-08	2.00e-06	8.37e-05	9.96e-04	6.64e-03	1.88e-01	4.81e-01	3.23e-01
 1.24807e+23	7.05e-20	5.02e-15	2.14e-11	1.35e-08	2.37e-06	9.64e-05	1.11e-03	7.16e-03	1.96e-01	4.83e-01	3.13e-01
 1.25358e+23	8.66e-20	6.05e-15	2.52e-11	1.56e-08	2.69e-06	1.07e-04	1.21e-03	7.58e-03	2.02e-01	4.84e-01	3.05e-01
 1.25923e+23	1.13e-19	7.74e-15	3.14e-11	1.89e-08	3.18e-06	1.24e-04	1.35e-03	8.17e-03	2.10e-01	4.85e-01	2.95e-01
 1.26499e+23	1.39e-19	9.33e-15	3.72e-11	2.19e-08	3.61e-06	1.38e-04	1.47e-03	8.64e-03	2.16e-01	4.86e-01	2.88e-01
 1.27087e+23	1.83e-19	1.19e-14	4.64e-11	2.65e-08	4.27e-06	1.59e-04	1.65e-03	9.31e-03	2.24e-01	4.87e-01	2.78e-01
 1.27687e+23	2.25e-19	1.44e-14	5.49e-11	3.07e-08	4.86e-06	1.77e-04	1.79e-03	9.85e-03	2.31e-01	4.87e-01	2.71e-01
 1.28302e+23	2.94e-19	1.85e-14	6.85e-11	3.72e-08	5.75e-06	2.04e-04	2.00e-03	1.06e-02	2.40e-01	4.87e-01	2.61e-01
 1.28902e+23	3.54e-19	2.19e-14	7.96e-11	4.24e-08	6.44e-06	2.24e-04	2.16e-03	1.12e-02	2.46e-01	4.87e-01	2.54e-01
 1.29485e+23	4.56e-19	2.75e-14	9.79e-11	5.08e-08	7.55e-06	2.57e-04	2.40e-03	1.20e-02	2.54e-01	4.86e-01	2.45e-01
 1.30077e+23	5.49e-19	3.26e-14	1.14e-10	5.80e-08	8.46e-06	2.82e-04	2.58e-03	1.26e-02	2.60e-01	4.85e-01	2.39e-01
 1.30681e+23	7.02e-19	4.08e-14	1.39e-10	6.92e-08	9.86e-06	3.21e-04	2.85e-03	1.34e-02	2.69e-01	4.84e-01	2.30e-01
 1.31303e+23	8.58e-19	4.90e-14	1.64e-10	7.98e-08	1.12e-05	3.57e-04	3.10e-03	1.42e-02	2.76e-01	4.83e-01	2.23e-01
 1.31951e+23	1.10e-18	6.16e-14	2.01e-10	9.53e-08	1.30e-05	4.06e-04	3.42e-03	1.52e-02	2.85e-01	4.81e-01	2.15e-01
 1.32619e+23	1.36e-18	7.47e-14	2.39e-10	1.11e-07	1.48e-05	4.53e-04	3.73e-03	1.60e-02	2.92e-01	4.79e-01	2.08e-01
 1.33316e+23	1.76e-18	9.46e-14	2.96e-10	1.33e-07	1.74e-05	5.18e-04	4.14e-03	1.72e-02	3.02e-01	4.77e-01	1.99e-01
 1.34031e+23	2.19e-18	1.15e-13	3.53e-10	1.56e-07	1.99e-05	5.79e-04	4.51e-03	1.82e-02	3.10e-01	4.75e-01	1.92e-01
 1.34772e+23	2.86e-18	1.47e-13	4.40e-10	1.88e-07	2.35e-05	6.64e-04	5.01e-03	1.95e-02	3.20e-01	4.71e-01	1.84e-01
 1.35537e+23	3.59e-18	1.81e-13	5.29e-10	2.21e-07	2.70e-05	7.46e-04	5.48e-03	2.06e-02	3.28e-01	4.68e-01	1.77e-01
 1.36335e+23	4.76e-18	2.34e-13	6.65e-10	2.70e-07	3.21e-05	8.60e-04	6.11e-03	2.21e-02	3.39e-01	4.64e-01	1.68e-01
 1.37153e+23	6.01e-18	2.90e-13	8.06e-10	3.19e-07	3.70e-05	9.69e-04	6.70e-03	2.35e-02	3.48e-01	4.60e-01	1.61e-01
 1.37887e+23	7.52e-18	3.56e-13	9.67e-10	3.73e-07	4.24e-05	1.08e-03	7.29e-03	2.48e-02	3.56e-01	4.56e-01	1.55e-01
 1.38729e+23	1.01e-17	4.65e-13	1.23e-09	4.60e-07	5.08e-05	1.26e-03	8.19e-03	2.67e-02	3.67e-01	4.50e-01	1.46e-01
 1.39578e+23	1.26e-17	5.70e-13	1.47e-09	5.39e-07	5.81e-05	1.41e-03	8.90e-03	2.82e-02	3.76e-01	4.46e-01	1.40e-01
 1.40436e+23	1.68e-17	7.41e-13	1.87e-09	6.61e-07	6.94e-05	1.63e-03	9.96e-03	3.03e-02	3.87e-01	4.39e-01	1.32e-01
 1.41312e+23	2.12e-17	9.17e-13	2.26e-09	7.81e-07	8.00e-05	1.84e-03	1.09e-02	3.21e-02	3.96e-01	4.33e-01	1.26e-01
 1.42211e+23	2.85e-17	1.20e-12	2.88e-09	9.63e-07	9.59e-05	2.13e-03	1.22e-02	3.44e-02	4.07e-01	4.26e-01	1.18e-01
 1.43125e+23	3.60e-17	1.49e-12	3.49e-09	1.14e-06	1.11e-04	2.40e-03	1.34e-02	3.65e-02	4.16e-01	4.19e-01	1.12e-01
 1.44058e+23	4.85e-17	1.96e-12	4.47e-09	1.41e-06	1.34e-04	2.81e-03	1.50e-02	3.93e-02	4.27e-01	4.11e-01	1.05e-01
 1.44939e+23	5.93e-17	2.36e-12	5.28e-09	1.63e-06	1.51e-04	3.11e-03	1.62e-02	4.12e-02	4.35e-01	4.04e-01	1.00e-01
 1.45754e+23	7.64e-17	2.98e-12	6.52e-09	1.96e-06	1.78e-04	3.56e-03	1.80e-02	4.39e-02	4.45e-01	3.96e-01	9.38e-02
 1.46576e+23	9.31e-17	3.57e-12	7.68e-09	2.26e-06	2.01e-04	3.93e-03	1.94e-02	4.60e-02	4.52e-01	3.89e-01	8.94e-02
 1.47407e+23	1.19e-16	4.51e-12	9.50e-09	2.73e-06	2.36e-04	4.51e-03	2.16e-02	4.91e-02	4.61e-01	3.80e-01	8.33e-02
 1.48246e+23	1.45e-16	5.40e-12	1.12e-08	3.15e-06	2.68e-04	5.00e-03	2.33e-02	5.15e-02	4.68e-01	3.73e-01	7.90e-02
 1.49093e+23	1.85e-16	6.78e-12	1.38e-08	3.78e-06	3.15e-04	5.73e-03	2.58e-02	5.49e-02	4.77e-01	3.62e-01	7.33e-02
 1.49952e+23	2.24e-16	8.12e-12	1.63e-08	4.37e-06	3.57e-04	6.37e-03	2.80e-02	5.77e-02	4.84e-01	3.54e-01	6.92e-02
 1.50829e+23	2.85e-16	1.02e-11	2.00e-08	5.26e-06	4.20e-04	7.32e-03	3.11e-02	6.15e-02	4.93e-01	3.43e-01	6.38e-02
 1.51717e+23	3.44e-16	1.22e-11	2.36e-08	6.07e-06	4.77e-04	8.13e-03	3.37e-02	6.46e-02	4.99e-01	3.34e-01	5.99e-02
 1.52620e+23	4.33e-16	1.52e-11	2.90e-08	7.29e-06	5.62e-04	9.35e-03	3.74e-02	6.89e-02	5.06e-01	3.22e-01	5.48e-02
 1.53543e+23	5.19e-16	1.80e-11	3.41e-08	8.44e-06	6.40e-04	1.04e-02	4.07e-02	7.25e-02	5.12e-01	3.13e-01	5.10e-02
 1.54490e+23	6.47e-16	2.24e-11	4.19e-08	1.01e-05	7.55e-04	1.20e-02	4.53e-02	7.73e-02	5.19e-01	3.00e-01	4.63e-02
 1.55457e+23	7.67e-16	2.65e-11	4.92e-08	1.17e-05	8.61e-04	1.35e-02	4.94e-02	8.14e-02	5.23e-01	2.89e-01	4.27e-02
 1.56418e+23	9.32e-16	3.22e-11	5.95e-08	1.39e-05	1.01e-03	1.54e-02	5.47e-02	8.66e-02	5.28e-01	2.76e-01	3.86e-02
 1.57336e+23	1.07e-15	3.70e-11	6.81e-08	1.57e-05	1.13e-03	1.70e-02	5.89e-02	9.05e-02	5.31e-01	2.66e-01	3.57e-02
 1.58229e+23	1.25e-15	4.37e-11	8.04e-08	1.84e-05	1.30e-03	1.92e-02	6.47e-02	9.58e-02	5.33e-01	2.53e-01	3.22e-02
 1.59134e+23	1.41e-15	4.96e-11	9.15e-08	2.07e-05	1.45e-03	2.12e-02	6.96e-02	1.00e-01	5.35e-01	2.43e-01	2.97e-02
 1.60015e+23	1.61e-15	5.72e-11	1.06e-07	2.38e-05	1.66e-03	2.37e-02	7.58e-02	1.05e-01	5.36e-01	2.31e-01	2.68e-02
 1.60916e+23	1.78e-15	6.42e-11	1.20e-07	2.67e-05	1.85e-03	2.61e-02	8.15e-02	1.10e-01	5.35e-01	2.21e-01	2.44e-02
 1.61794e+23	1.97e-15	7.23e-11	1.36e-07	3.02e-05	2.08e-03	2.90e-02	8.80e-02	1.15e-01	5.34e-01	2.09e-01	2.20e-02
 1.62690e+23	2.14e-15	8.03e-11	1.53e-07	3.39e-05	2.32e-03	3.19e-02	9.45e-02	1.20e-01	5.32e-01	1.99e-01	2.00e-02
 1.63578e+23	2.31e-15	8.88e-11	1.72e-07	3.80e-05	2.60e-03	3.51e-02	1.01e-01	1.25e-01	5.30e-01	1.88e-01	1.80e-02
 1.64470e+23	2.47e-15	9.73e-11	1.91e-07	4.23e-05	2.88e-03	3.85e-02	1.08e-01	1.30e-01	5.26e-01	1.78e-01	1.62e-02
 1.65352e+23	2.61e-15	1.06e-10	2.12e-07	4.70e-05	3.20e-03	4.21e-02	1.16e-01	1.35e-01	5.21e-01	1.68e-01	1.46e-02
 1.66233e+23	2.74e-15	1.15e-10	2.34e-07	5.21e-05	3.54e-03	4.60e-02	1.23e-01	1.40e-01	5.16e-01	1.58e-01	1.31e-02
 1.67116e+23	2.85e-15	1.24e-10	2.58e-07	5.76e-05	3.91e-03	5.00e-02	1.30e-01	1.45e-01	5.10e-01	1.49e-01	1.17e-02
 1.68002e+23	2.95e-15	1.33e-10	2.84e-07	6.37e-05	4.31e-03	5.44e-02	1.38e-01	1.50e-01	5.03e-01	1.40e-01	1.05e-02
 1.68894e+23	3.04e-15	1.42e-10	3.13e-07	7.04e-05	4.75e-03	5.90e-02	1.46e-01	1.55e-01	4.95e-01	1.31e-01	9.39e-03
 1.69793e+23	3.12e-15	1.52e-10	3.44e-07	7.78e-05	5.23e-03	6.39e-02	1.54e-01	1.59e-01	4.87e-01	1.23e-01	8.36e-03
 1.70704e+23	3.19e-15	1.63e-10	3.78e-07	8.62e-05	5.77e-03	6.92e-02	1.62e-01	1.64e-01	4.77e-01	1.15e-01	7.44e-03
 1.71620e+23	3.26e-15	1.74e-10	4.17e-07	9.54e-05	6.35e-03	7.47e-02	1.70e-01	1.68e-01	4.67e-01	1.07e-01	6.61e-03
 1.72550e+23	3.32e-15	1.86e-10	4.60e-07	1.06e-04	7.01e-03	8.07e-02	1.78e-01	1.72e-01	4.57e-01	9.92e-02	5.84e-03
 1.73492e+23	3.40e-15	2.00e-10	5.09e-07	1.18e-04	7.73e-03	8.70e-02	1.86e-01	1.76e-01	4.46e-01	9.21e-02	5.16e-03
 1.74451e+23	3.47e-15	2.15e-10	5.67e-07	1.32e-04	8.55e-03	9.39e-02	1.94e-01	1.80e-01	4.33e-01	8.51e-02	4.53e-03
 1.75345e+23	3.55e-15	2.30e-10	6.20e-07	1.45e-04	9.29e-03	9.98e-02	2.01e-01	1.83e-01	4.23e-01	7.97e-02	4.07e-03
 1.76263e+23	3.64e-15	2.49e-10	6.97e-07	1.63e-04	1.03e-02	1.08e-01	2.09e-01	1.86e-01	4.09e-01	7.31e-02	3.54e-03
 1.77197e+23	3.76e-15	2.68e-10	7.70e-07	1.80e-04	1.12e-02	1.15e-01	2.16e-01	1.89e-01	3.98e-01	6.81e-02	3.16e-03
 1.78156e+23	3.87e-15	2.94e-10	8.74e-07	2.05e-04	1.25e-02	1.24e-01	2.24e-01	1.91e-01	3.83e-01	6.20e-02	2.72e-03
 1.79119e+23	4.06e-15	3.20e-10	9.73e-07	2.27e-04	1.36e-02	1.31e-01	2.30e-01	1.93e-01	3.72e-01	5.77e-02	2.43e-03
 1.80090e+23	4.26e-15	3.56e-10	1.12e-06	2.60e-04	1.52e-02	1.41e-01	2.38e-01	1.95e-01	3.56e-01	5.23e-02	2.09e-03
 1.81066e+23	4.50e-15	3.91e-10	1.25e-06	2.89e-04	1.66e-02	1.49e-01	2.44e-01	1.96e-01	3.44e-01	4.85e-02	1.86e-03
 1.82050e+23	4.80e-15	4.40e-10	1.45e-06	3.32e-04	1.85e-02	1.60e-01	2.51e-01	1.96e-01	3.28e-01	4.38e-02	1.59e-03
 1.83042e+23	5.14e-15	4.88e-10	1.63e-06	3.71e-04	2.01e-02	1.69e-01	2.56e-01	1.97e-01	3.16e-01	4.04e-02	1.41e-03
 1.84045e+23	5.59e-15	5.58e-10	1.90e-06	4.28e-04	2.24e-02	1.81e-01	2.62e-01	1.96e-01	3.00e-01	3.63e-02	1.20e-03
 1.85061e+23	6.07e-15	6.26e-10	2.16e-06	4.79e-04	2.44e-02	1.91e-01	2.67e-01	1.96e-01	2.88e-01	3.33e-02	1.05e-03
 1.86094e+23	6.76e-15	7.28e-10	2.55e-06	5.55e-04	2.73e-02	2.04e-01	2.72e-01	1.94e-01	2.71e-01	2.98e-02	8.90e-04
 1.87143e+23	7.48e-15	8.27e-10	2.92e-06	6.25e-04	2.97e-02	2.14e-01	2.76e-01	1.93e-01	2.59e-01	2.72e-02	7.78e-04
 1.88216e+23	8.54e-15	9.79e-10	3.49e-06	7.29e-04	3.32e-02	2.28e-01	2.80e-01	1.90e-01	2.43e-01	2.41e-02	6.51e-04
 1.89310e+23	9.66e-15	1.13e-09	4.04e-06	8.24e-04	3.63e-02	2.40e-01	2.83e-01	1.88e-01	2.30e-01	2.18e-02	5.65e-04
 1.90435e+23	1.14e-14	1.37e-09	4.89e-06	9.67e-04	4.05e-02	2.55e-01	2.85e-01	1.84e-01	2.14e-01	1.91e-02	4.67e-04
 1.91587e+23	1.32e-14	1.60e-09	5.71e-06	1.10e-03	4.43e-02	2.68e-01	2.87e-01	1.81e-01	2.01e-01	1.72e-02	4.00e-04
 1.92777e+23	1.60e-14	1.98e-09	7.00e-06	1.30e-03	4.96e-02	2.84e-01	2.88e-01	1.76e-01	1.85e-01	1.49e-02	3.26e-04
 1.93897e+23	1.85e-14	2.29e-09	8.01e-06	1.45e-03	5.34e-02	2.95e-01	2.89e-01	1.72e-01	1.75e-01	1.35e-02	2.85e-04
 1.94927e+23	2.24e-14	2.78e-09	9.56e-06	1.66e-03	5.86e-02	3.09e-01	2.89e-01	1.67e-01	1.63e-01	1.19e-02	2.38e-04
 1.95948e+23	2.60e-14	3.21e-09	1.09e-05	1.84e-03	6.28e-02	3.20e-01	2.88e-01	1.63e-01	1.54e-01	1.08e-02	2.09e-04
 1.96956e+23	3.16e-14	3.90e-09	1.30e-05	2.11e-03	6.86e-02	3.33e-01	2.86e-01	1.58e-01	1.42e-01	9.49e-03	1.74e-04
 1.97971e+23	3.71e-14	4.53e-09	1.48e-05	2.34e-03	7.33e-02	3.44e-01	2.85e-01	1.53e-01	1.34e-01	8.60e-03	1.52e-04
 1.98995e+23	4.59e-14	5.53e-09	1.76e-05	2.67e-03	7.98e-02	3.57e-01	2.82e-01	1.48e-01	1.23e-01	7.53e-03	1.26e-04
 2.00037e+23	5.46e-14	6.48e-09	2.02e-05	2.96e-03	8.52e-02	3.67e-01	2.80e-01	1.43e-01	1.15e-01	6.77e-03	1.09e-04
 2.01103e+23	6.88e-14	7.99e-09	2.42e-05	3.39e-03	9.27e-02	3.80e-01	2.76e-01	1.37e-01	1.05e-01	5.87e-03	8.98e-05
 2.02183e+23	8.29e-14	9.43e-09	2.78e-05	3.76e-03	9.87e-02	3.90e-01	2.72e-01	1.32e-01	9.81e-02	5.25e-03	7.72e-05
 2.03284e+23	1.06e-13	1.17e-08	3.33e-05	4.30e-03	1.07e-01	4.03e-01	2.67e-01	1.25e-01	8.91e-02	4.52e-03	6.30e-05
 2.04407e+23	1.29e-13	1.39e-08	3.84e-05	4.77e-03	1.14e-01	4.12e-01	2.63e-01	1.20e-01	8.25e-02	4.02e-03	5.37e-05
 2.05560e+23	1.69e-13	1.75e-08	4.64e-05	5.47e-03	1.24e-01	4.24e-01	2.56e-01	1.13e-01	7.43e-02	3.42e-03	4.32e-05
 2.06737e+23	2.08e-13	2.10e-08	5.36e-05	6.07e-03	1.32e-01	4.33e-01	2.51e-01	1.08e-01	6.84e-02	3.01e-03	3.65e-05
 2.07947e+23	2.76e-13	2.66e-08	6.51e-05	6.97e-03	1.43e-01	4.43e-01	2.43e-01	1.01e-01	6.10e-02	2.53e-03	2.90e-05
 2.09183e+23	3.46e-13	3.22e-08	7.56e-05	7.75e-03	1.52e-01	4.51e-01	2.37e-01	9.52e-02	5.57e-02	2.21e-03	2.42e-05
 2.10453e+23	4.65e-13	4.11e-08	9.20e-05	8.89e-03	1.64e-01	4.60e-01	2.28e-01	8.84e-02	4.92e-02	1.84e-03	1.90e-05
 2.11739e+23	5.86e-13	4.99e-08	1.07e-04	9.87e-03	1.74e-01	4.66e-01	2.21e-01	8.32e-02	4.47e-02	1.59e-03	1.57e-05
 2.13046e+23	7.93e-13	6.40e-08	1.30e-04	1.13e-02	1.87e-01	4.73e-01	2.11e-01	7.67e-02	3.92e-02	1.32e-03	1.22e-05
 2.14371e+23	1.00e-12	7.76e-08	1.51e-04	1.25e-02	1.97e-01	4.77e-01	2.04e-01	7.18e-02	3.54e-02	1.14e-03	1.00e-05
 2.15720e+23	1.37e-12	1.00e-07	1.84e-04	1.43e-02	2.12e-01	4.82e-01	1.94e-01	6.57e-02	3.08e-02	9.28e-04	7.70e-06
 2.17036e+23	1.71e-12	1.20e-07	2.11e-04	1.57e-02	2.22e-01	4.85e-01	1.87e-01	6.15e-02	2.79e-02	8.05e-04	6.39e-06
 2.18307e+23	2.29e-12	1.52e-07	2.53e-04	1.77e-02	2.36e-01	4.87e-01	1.77e-01	5.63e-02	2.44e-02	6.64e-04	4.97e-06
 2.19625e+23	2.89e-12	1.83e-07	2.92e-04	1.95e-02	2.48e-01	4.88e-01	1.70e-01	5.24e-02	2.19e-02	5.68e-04	4.06e-06
 2.20751e+23	3.56e-12	2.16e-07	3.31e-04	2.12e-02	2.58e-01	4.88e-01	1.63e-01	4.90e-02	1.99e-02	4.94e-04	3.38e-06
 2.21958e+23	4.67e-12	2.69e-07	3.90e-04	2.36e-02	2.72e-01	4.87e-01	1.54e-01	4.49e-02	1.75e-02	4.10e-04	2.66e-06
 2.23168e+23	5.76e-12	3.18e-07	4.42e-04	2.56e-02	2.83e-01	4.85e-01	1.48e-01	4.19e-02	1.58e-02	3.55e-04	2.21e-06
 2.24382e+23	7.45e-12	3.90e-07	5.16e-04	2.83e-02	2.96e-01	4.83e-01	1.40e-01	3.84e-02	1.39e-02	2.96e-04	1.75e-06
 2.25646e+23	9.43e-12	4.70e-07	5.93e-04	3.09e-02	3.09e-01	4.79e-01	1.33e-01	3.54e-02	1.23e-02	2.51e-04	1.41e-06
 2.26773e+23	1.16e-11	5.55e-07	6.71e-04	3.34e-02	3.20e-01	4.76e-01	1.26e-01	3.28e-02	1.11e-02	2.16e-04	1.17e-06
 2.28040e+23	1.51e-11	6.83e-07	7.83e-04	3.69e-02	3.34e-01	4.71e-01	1.18e-01	2.99e-02	9.67e-03	1.79e-04	9.12e-07
 2.29373e+23	1.92e-11	8.26e-07	9.01e-04	4.03e-02	3.46e-01	4.65e-01	1.12e-01	2.73e-02	8.52e-03	1.49e-04	7.26e-07
 2.30585e+23	2.40e-11	9.85e-07	1.03e-03	4.36e-02	3.58e-01	4.59e-01	1.05e-01	2.51e-02	7.56e-03	1.27e-04	5.87e-07
 2.31952e+23	3.18e-11	1.23e-06	1.21e-03	4.82e-02	3.73e-01	4.51e-01	9.78e-02	2.26e-02	6.50e-03	1.03e-04	4.49e-07
 2.33362e+23	4.06e-11	1.49e-06	1.39e-03	5.26e-02	3.85e-01	4.43e-01	9.14e-02	2.05e-02	5.68e-03	8.50e-05	3.53e-07
 2.34616e+23	5.09e-11	1.78e-06	1.58e-03	5.69e-02	3.97e-01	4.35e-01	8.57e-02	1.87e-02	5.00e-03	7.13e-05	2.82e-07
 2.36033e+23	6.75e-11	2.21e-06	1.85e-03	6.26e-02	4.11e-01	4.24e-01	7.89e-02	1.67e-02	4.26e-03	5.72e-05	2.13e-07
 2.37504e+23	8.69e-11	2.69e-06	2.14e-03	6.82e-02	4.24e-01	4.14e-01	7.32e-02	1.50e-02	3.68e-03	4.68e-05	1.65e-07
 2.38824e+23	1.10e-10	3.23e-06	2.44e-03	7.37e-02	4.35e-01	4.04e-01	6.80e-02	1.36e-02	3.21e-03	3.87e-05	1.30e-07
 2.40320e+23	1.47e-10	4.06e-06	2.87e-03	8.11e-02	4.48e-01	3.91e-01	6.19e-02	1.20e-02	2.69e-03	3.04e-05	0.00e+00
 2.41865e+23	1.90e-10	4.94e-06	3.30e-03	8.80e-02	4.60e-01	3.79e-01	5.69e-02	1.07e-02	2.31e-03	2.47e-05	0.00e+00
 2.43476e+23	2.59e-10	6.29e-06	3.93e-03	9.71e-02	4.73e-01	3.64e-01	5.12e-02	9.33e-03	1.90e-03	1.89e-05	0.00e+00
 2.45103e+23	3.35e-10	7.65e-06	4.51e-03	1.05e-01	4.83e-01	3.51e-01	4.68e-02	8.31e-03	1.62e-03	1.52e-05	0.00e+00
 2.46530e+23	4.25e-10	9.21e-06	5.15e-03	1.13e-01	4.91e-01	3.39e-01	4.29e-02	7.42e-03	1.39e-03	1.23e-05	0.00e+00
 2.48166e+23	5.88e-10	1.18e-05	6.13e-03	1.25e-01	5.02e-01	3.22e-01	3.80e-02	6.38e-03	1.12e-03	9.28e-06	0.00e+00
 2.49820e+23	7.54e-10	1.43e-05	7.00e-03	1.34e-01	5.10e-01	3.08e-01	3.45e-02	5.65e-03	9.52e-04	7.42e-06	0.00e+00
 2.51498e+23	1.03e-09	1.81e-05	8.27e-03	1.47e-01	5.18e-01	2.91e-01	3.05e-02	4.85e-03	7.71e-04	5.59e-06	0.00e+00
 2.53206e+23	1.33e-09	2.20e-05	9.47e-03	1.57e-01	5.23e-01	2.77e-01	2.75e-02	4.26e-03	6.46e-04	4.40e-06	0.00e+00
 2.54953e+23	1.85e-09	2.83e-05	1.13e-02	1.72e-01	5.29e-01	2.59e-01	2.39e-02	3.60e-03	5.11e-04	3.22e-06	0.00e+00
 2.56713e+23	2.38e-09	3.42e-05	1.29e-02	1.84e-01	5.32e-01	2.46e-01	2.14e-02	3.15e-03	4.26e-04	2.53e-06	0.00e+00
 2.58489e+23	3.30e-09	4.38e-05	1.52e-02	2.01e-01	5.34e-01	2.28e-01	1.85e-02	2.64e-03	3.35e-04	1.83e-06	0.00e+00
 2.60287e+23	4.25e-09	5.30e-05	1.74e-02	2.14e-01	5.35e-01	2.15e-01	1.65e-02	2.30e-03	2.77e-04	1.42e-06	0.00e+00
 2.62115e+23	5.90e-09	6.78e-05	2.05e-02	2.32e-01	5.34e-01	1.97e-01	1.41e-02	1.91e-03	2.16e-04	1.02e-06	0.00e+00
 2.63968e+23	7.64e-09	8.23e-05	2.34e-02	2.47e-01	5.31e-01	1.84e-01	1.24e-02	1.65e-03	1.76e-04	7.79e-07	0.00e+00
 2.65578e+23	9.77e-09	9.90e-05	2.65e-02	2.61e-01	5.28e-01	1.72e-01	1.10e-02	1.43e-03	1.45e-04	6.01e-07	0.00e+00
 2.67395e+23	1.34e-08	1.25e-04	3.10e-02	2.80e-01	5.21e-01	1.57e-01	9.30e-03	1.18e-03	1.12e-04	4.27e-07	0.00e+00
 2.69128e+23	1.66e-08	1.47e-04	3.44e-02	2.94e-01	5.16e-01	1.47e-01	8.31e-03	1.04e-03	9.34e-05	3.38e-07	0.00e+00
 2.70753e+23	2.20e-08	1.81e-04	3.95e-02	3.11e-01	5.07e-01	1.34e-01	7.13e-03	8.70e-04	7.36e-05	2.47e-07	0.00e+00
 2.72378e+23	2.72e-08	2.11e-04	4.37e-02	3.25e-01	4.99e-01	1.25e-01	6.33e-03	7.60e-04	6.13e-05	1.94e-07	0.00e+00
 2.74004e+23	3.53e-08	2.56e-04	4.96e-02	3.41e-01	4.88e-01	1.14e-01	5.45e-03	6.40e-04	4.86e-05	1.43e-07	0.00e+00
 2.75690e+23	4.47e-08	3.05e-04	5.55e-02	3.56e-01	4.78e-01	1.05e-01	4.74e-03	5.47e-04	3.92e-05	0.00e+00	0.00e+00
 2.77202e+23	5.52e-08	3.56e-04	6.13e-02	3.70e-01	4.67e-01	9.67e-02	4.17e-03	4.73e-04	3.23e-05	0.00e+00	0.00e+00
 2.78915e+23	7.24e-08	4.34e-04	6.96e-02	3.87e-01	4.52e-01	8.69e-02	3.52e-03	3.91e-04	2.50e-05	0.00e+00	0.00e+00
 2.80657e+23	9.09e-08	5.12e-04	7.73e-02	4.01e-01	4.39e-01	7.92e-02	3.05e-03	3.32e-04	2.01e-05	0.00e+00	0.00e+00
 2.82205e+23	1.12e-07	5.97e-04	8.52e-02	4.14e-01	4.25e-01	7.23e-02	2.65e-03	2.84e-04	1.63e-05	0.00e+00	0.00e+00
 2.83704e+23	1.37e-07	6.90e-04	9.33e-02	4.25e-01	4.12e-01	6.62e-02	2.32e-03	2.44e-04	1.33e-05	0.00e+00	0.00e+00
 2.85089e+23	1.65e-07	7.86e-04	1.01e-01	4.36e-01	3.99e-01	6.09e-02	2.05e-03	2.12e-04	1.10e-05	0.00e+00	0.00e+00
 2.86603e+23	2.06e-07	9.23e-04	1.12e-01	4.47e-01	3.83e-01	5.48e-02	1.75e-03	1.78e-04	8.74e-06	0.00e+00	0.00e+00
 2.88136e+23	2.48e-07	1.05e-03	1.21e-01	4.57e-01	3.69e-01	5.00e-02	1.53e-03	1.53e-04	7.16e-06	0.00e+00	0.00e+00
 2.89473e+23	2.96e-07	1.20e-03	1.31e-01	4.65e-01	3.56e-01	4.57e-02	1.35e-03	1.32e-04	5.91e-06	0.00e+00	0.00e+00
 2.90991e+23	3.67e-07	1.39e-03	1.44e-01	4.74e-01	3.39e-01	4.08e-02	1.15e-03	1.10e-04	4.65e-06	0.00e+00	0.00e+00
 2.92538e+23	4.40e-07	1.58e-03	1.55e-01	4.81e-01	3.24e-01	3.70e-02	9.97e-04	9.40e-05	3.78e-06	0.00e+00	0.00e+00
 2.93904e+23	5.23e-07	1.79e-03	1.67e-01	4.87e-01	3.10e-01	3.35e-02	8.70e-04	8.05e-05	3.09e-06	0.00e+00	0.00e+00
 2.95460e+23	6.48e-07	2.08e-03	1.82e-01	4.93e-01	2.92e-01	2.96e-02	7.33e-04	6.62e-05	2.40e-06	0.00e+00	0.00e+00
 2.97041e+23	7.75e-07	2.36e-03	1.96e-01	4.97e-01	2.77e-01	2.66e-02	6.32e-04	5.60e-05	1.93e-06	0.00e+00	0.00e+00
 2.98433e+23	9.19e-07	2.66e-03	2.10e-01	5.00e-01	2.63e-01	2.39e-02	5.47e-04	4.75e-05	1.56e-06	0.00e+00	0.00e+00
 3.00022e+23	1.13e-06	3.07e-03	2.28e-01	5.02e-01	2.45e-01	2.09e-02	4.57e-04	3.86e-05	1.20e-06	0.00e+00	0.00e+00
 3.01635e+23	1.35e-06	3.47e-03	2.44e-01	5.03e-01	2.31e-01	1.85e-02	3.91e-04	3.23e-05	9.53e-07	0.00e+00	0.00e+00
 3.03052e+23	1.60e-06	3.88e-03	2.60e-01	5.02e-01	2.17e-01	1.65e-02	3.36e-04	2.71e-05	7.64e-07	0.00e+00	0.00e+00
 3.04665e+23	1.97e-06	4.47e-03	2.80e-01	5.00e-01	2.01e-01	1.42e-02	2.77e-04	2.17e-05	5.78e-07	0.00e+00	0.00e+00
 3.06309e+23	2.34e-06	5.02e-03	2.98e-01	4.97e-01	1.87e-01	1.25e-02	2.35e-04	1.79e-05	4.54e-07	0.00e+00	0.00e+00
 3.07756e+23	2.77e-06	5.60e-03	3.16e-01	4.93e-01	1.74e-01	1.10e-02	2.00e-04	1.49e-05	3.60e-07	0.00e+00	0.00e+00
 3.08520e+23	2.81e-06	5.65e-03	3.18e-01	4.92e-01	1.73e-01	1.09e-02	1.97e-04	1.47e-05	3.53e-07	0.00e+00	0.00e+00
