#depth	S	S+	S+2	S+3	S+4	S+5	S+6	S+7	S+8	S+9	S+10	S+11	S+12	S+13	S+14	S+15	S+16
 1.54284e+22	0.00e+00	0.00e+00	0.00e+00	0.00e+00	8.31e-27	2.85e-23	1.29e-19	1.50e-16	6.99e-14	1.37e-11	1.62e-09	1.02e-07	4.28e-06	1.89e-04	1.66e-02	2.03e-01	7.80e-01
 3.58262e+22	0.00e+00	0.00e+00	0.00e+00	4.52e-29	2.28e-25	5.77e-22	3.45e-18	2.85e-15	9.41e-13	1.31e-10	1.10e-08	4.90e-07	1.48e-05	4.69e-04	2.95e-02	2.59e-01	7.11e-01
 4.44102e+22	0.00e+00	0.00e+00	1.21e-31	9.10e-28	3.73e-24	7.58e-21	3.58e-17	2.31e-14	5.98e-12	6.52e-10	4.27e-08	1.50e-06	3.55e-05	8.87e-04	4.40e-02	3.03e-01	6.52e-01
 5.09166e+22	0.00e+00	0.00e+00	1.00e-30	6.42e-27	2.22e-23	5.99e-20	2.34e-16	1.25e-13	2.65e-11	2.37e-09	1.28e-07	3.67e-06	7.17e-05	1.47e-03	6.00e-02	3.39e-01	5.99e-01
 5.45312e+22	0.00e+00	0.00e+00	1.95e-30	1.20e-26	3.98e-23	1.02e-19	3.81e-16	1.92e-13	3.89e-11	3.32e-09	1.69e-07	4.64e-06	8.59e-05	1.67e-03	6.49e-02	3.48e-01	5.85e-01
 5.57227e+22	0.00e+00	0.00e+00	3.02e-30	1.81e-26	5.82e-23	1.45e-19	5.23e-16	2.56e-13	5.01e-11	4.13e-09	2.04e-07	5.40e-06	9.67e-05	1.82e-03	6.83e-02	3.55e-01	5.75e-01
 5.66367e+22	0.00e+00	0.00e+00	4.62e-30	2.70e-26	8.43e-23	2.03e-19	7.12e-16	3.37e-13	6.39e-11	5.11e-09	2.44e-07	6.26e-06	1.09e-04	1.98e-03	7.17e-02	3.60e-01	5.66e-01
 5.75260e+22	0.00e+00	0.00e+00	6.72e-30	3.83e-26	1.17e-22	2.73e-19	9.35e-16	4.31e-13	7.94e-11	6.16e-09	2.86e-07	7.13e-06	1.20e-04	2.12e-03	7.49e-02	3.66e-01	5.57e-01
 5.85466e+22	0.00e+00	0.00e+00	1.09e-29	6.01e-26	1.77e-22	4.00e-19	1.32e-15	5.89e-13	1.05e-10	7.83e-09	3.51e-07	8.43e-06	1.37e-04	2.33e-03	7.92e-02	3.72e-01	5.46e-01
 5.96416e+22	0.00e+00	0.00e+00	1.76e-29	9.44e-26	2.70e-22	5.86e-19	1.87e-15	8.05e-13	1.38e-10	9.97e-09	4.31e-07	9.98e-06	1.56e-04	2.56e-03	8.36e-02	3.78e-01	5.35e-01
 6.06288e+22	0.00e+00	0.00e+00	2.75e-29	1.43e-25	3.96e-22	8.32e-19	2.58e-15	1.07e-12	1.78e-10	1.24e-08	5.21e-07	1.16e-05	1.75e-04	2.78e-03	8.79e-02	3.84e-01	5.25e-01
 6.15333e+22	0.00e+00	0.00e+00	4.18e-29	2.12e-25	5.70e-22	1.16e-18	3.50e-15	1.41e-12	2.27e-10	1.53e-08	6.23e-07	1.35e-05	1.97e-04	3.01e-03	9.22e-02	3.90e-01	5.15e-01
 6.23997e+22	0.00e+00	0.00e+00	6.16e-29	3.05e-25	7.98e-22	1.57e-18	4.63e-15	1.81e-12	2.83e-10	1.86e-08	7.34e-07	1.54e-05	2.18e-04	3.24e-03	9.62e-02	3.95e-01	5.06e-01
 6.33907e+22	0.00e+00	2.01e-33	1.02e-28	4.86e-25	1.23e-21	2.33e-18	6.63e-15	2.50e-12	3.77e-10	2.39e-08	9.07e-07	1.84e-05	2.49e-04	3.56e-03	1.02e-01	4.01e-01	4.94e-01
 6.44128e+22	0.00e+00	3.25e-33	1.59e-28	7.37e-25	1.81e-21	3.31e-18	9.12e-15	3.34e-12	4.87e-10	2.98e-08	1.10e-06	2.14e-05	2.81e-04	3.88e-03	1.07e-01	4.06e-01	4.83e-01
 6.53158e+22	0.00e+00	5.12e-33	2.42e-28	1.09e-24	2.60e-21	4.60e-18	1.23e-14	4.38e-12	6.20e-10	3.68e-08	1.31e-06	2.49e-05	3.15e-04	4.20e-03	1.12e-01	4.11e-01	4.73e-01
 6.63300e+22	0.00e+00	9.04e-33	4.11e-28	1.79e-24	4.10e-21	6.95e-18	1.80e-14	6.16e-12	8.39e-10	4.79e-08	1.64e-06	2.99e-05	3.62e-04	4.63e-03	1.18e-01	4.17e-01	4.60e-01
 6.73669e+22	0.00e+00	1.46e-32	6.43e-28	2.72e-24	6.02e-21	9.83e-18	2.48e-14	8.21e-12	1.08e-09	5.98e-08	1.98e-06	3.49e-05	4.08e-04	5.03e-03	1.24e-01	4.22e-01	4.49e-01
 6.82486e+22	0.00e+00	2.25e-32	9.60e-28	3.95e-24	8.49e-21	1.34e-17	3.30e-14	1.06e-11	1.36e-09	7.30e-08	2.35e-06	4.01e-05	4.54e-04	5.42e-03	1.29e-01	4.26e-01	4.39e-01
 6.92104e+22	0.00e+00	3.87e-32	1.59e-27	6.32e-24	1.31e-20	1.99e-17	4.73e-14	1.47e-11	1.82e-09	9.37e-08	2.91e-06	4.78e-05	5.19e-04	5.95e-03	1.36e-01	4.31e-01	4.26e-01
 7.01901e+22	0.00e+00	6.17e-32	2.45e-27	9.45e-24	1.90e-20	2.77e-17	6.43e-14	1.94e-11	2.32e-09	1.16e-07	3.50e-06	5.56e-05	5.82e-04	6.44e-03	1.43e-01	4.35e-01	4.15e-01
 7.10425e+22	0.00e+00	9.61e-32	3.70e-27	1.38e-23	2.69e-20	3.80e-17	8.60e-14	2.52e-11	2.93e-09	1.42e-07	4.17e-06	6.42e-05	6.49e-04	6.94e-03	1.49e-01	4.39e-01	4.05e-01
 7.20003e+22	0.00e+00	1.67e-31	6.16e-27	2.22e-23	4.15e-20	5.62e-17	1.23e-13	3.49e-11	3.92e-09	1.83e-07	5.17e-06	7.66e-05	7.42e-04	7.61e-03	1.56e-01	4.43e-01	3.92e-01
 7.29830e+22	0.00e+00	2.65e-31	9.49e-27	3.32e-23	6.01e-20	7.84e-17	1.67e-13	4.60e-11	5.01e-09	2.27e-07	6.21e-06	8.89e-05	8.32e-04	8.22e-03	1.63e-01	4.46e-01	3.82e-01
 7.38332e+22	0.00e+00	4.16e-31	1.44e-26	4.89e-23	8.56e-20	1.08e-16	2.24e-13	6.00e-11	6.35e-09	2.79e-07	7.41e-06	1.03e-04	9.28e-04	8.86e-03	1.70e-01	4.49e-01	3.71e-01
 7.46329e+22	0.00e+00	6.22e-31	2.09e-26	6.92e-23	1.18e-19	1.43e-16	2.92e-13	7.62e-11	7.85e-09	3.36e-07	8.67e-06	1.17e-04	1.02e-03	9.47e-03	1.76e-01	4.51e-01	3.62e-01
 7.55319e+22	0.00e+00	1.05e-30	3.40e-26	1.08e-22	1.78e-19	2.07e-16	4.11e-13	1.04e-10	1.03e-08	4.26e-07	1.06e-05	1.38e-04	1.16e-03	1.03e-02	1.85e-01	4.54e-01	3.50e-01
 7.64573e+22	0.00e+00	1.67e-30	5.23e-26	1.61e-22	2.55e-19	2.86e-16	5.55e-13	1.36e-10	1.32e-08	5.27e-07	1.28e-05	1.61e-04	1.30e-03	1.11e-02	1.92e-01	4.56e-01	3.39e-01
 7.72715e+22	0.00e+00	2.56e-30	7.76e-26	2.33e-22	3.57e-19	3.87e-16	7.32e-13	1.75e-10	1.65e-08	6.40e-07	1.51e-05	1.84e-04	1.44e-03	1.19e-02	1.99e-01	4.58e-01	3.29e-01
 7.81847e+22	0.00e+00	4.39e-30	1.28e-25	3.69e-22	5.43e-19	5.63e-16	1.04e-12	2.40e-10	2.18e-08	8.18e-07	1.86e-05	2.18e-04	1.64e-03	1.30e-02	2.09e-01	4.59e-01	3.17e-01
 7.90968e+22	0.00e+00	6.88e-30	1.93e-25	5.41e-22	7.70e-19	7.68e-16	1.38e-12	3.12e-10	2.76e-08	1.00e-06	2.21e-05	2.52e-04	1.82e-03	1.40e-02	2.17e-01	4.60e-01	3.07e-01
 7.98704e+22	0.00e+00	1.03e-29	2.80e-25	7.62e-22	1.05e-18	1.02e-15	1.80e-12	3.94e-10	3.40e-08	1.20e-06	2.59e-05	2.86e-04	2.00e-03	1.49e-02	2.24e-01	4.61e-01	2.98e-01
 8.07392e+22	0.00e+00	1.73e-29	4.53e-25	1.19e-21	1.58e-18	1.46e-15	2.51e-12	5.34e-10	4.45e-08	1.52e-06	3.17e-05	3.37e-04	2.27e-03	1.61e-02	2.33e-01	4.61e-01	2.87e-01
 8.16258e+22	0.00e+00	2.70e-29	6.84e-25	1.73e-21	2.23e-18	1.98e-15	3.33e-12	6.91e-10	5.61e-08	1.87e-06	3.77e-05	3.89e-04	2.52e-03	1.73e-02	2.42e-01	4.61e-01	2.77e-01
 8.24026e+22	0.00e+00	4.09e-29	1.01e-24	2.47e-21	3.08e-18	2.64e-15	4.36e-12	8.82e-10	6.97e-08	2.25e-06	4.43e-05	4.43e-04	2.78e-03	1.85e-02	2.49e-01	4.61e-01	2.68e-01
 8.32795e+22	0.00e+00	6.88e-29	1.62e-24	3.85e-21	4.60e-18	3.77e-15	6.08e-12	1.19e-09	9.14e-08	2.85e-06	5.42e-05	5.22e-04	3.13e-03	2.00e-02	2.59e-01	4.60e-01	2.57e-01
 8.41855e+22	0.00e+00	1.09e-28	2.49e-24	5.70e-21	6.57e-18	5.17e-15	8.17e-12	1.56e-09	1.16e-07	3.51e-06	6.48e-05	6.04e-04	3.49e-03	2.14e-02	2.68e-01	4.59e-01	2.47e-01
 8.49867e+22	0.00e+00	1.69e-28	3.72e-24	8.24e-21	9.17e-18	6.95e-15	1.08e-11	2.01e-09	1.45e-07	4.27e-06	7.66e-05	6.93e-04	3.86e-03	2.29e-02	2.77e-01	4.58e-01	2.38e-01
 8.57630e+22	0.00e+00	2.60e-28	5.54e-24	1.19e-20	1.28e-17	9.32e-15	1.42e-11	2.58e-09	1.82e-07	5.19e-06	9.05e-05	7.93e-04	4.27e-03	2.44e-02	2.86e-01	4.56e-01	2.29e-01
 8.66497e+22	0.00e+00	4.44e-28	9.08e-24	1.87e-20	1.93e-17	1.34e-14	1.99e-11	3.51e-09	2.40e-07	6.61e-06	1.11e-04	9.38e-04	4.82e-03	2.64e-02	2.96e-01	4.53e-01	2.18e-01
 8.75562e+22	0.00e+00	6.97e-28	1.38e-23	2.74e-20	2.72e-17	1.82e-14	2.65e-11	4.56e-09	3.03e-07	8.09e-06	1.32e-04	1.08e-03	5.35e-03	2.82e-02	3.05e-01	4.51e-01	2.09e-01
 8.84884e+22	0.00e+00	1.22e-27	2.31e-23	4.40e-20	4.18e-17	2.66e-14	3.78e-11	6.30e-09	4.05e-07	1.04e-05	1.64e-04	1.28e-03	6.07e-03	3.05e-02	3.17e-01	4.47e-01	1.98e-01
 8.94383e+22	0.00e+00	2.00e-27	3.63e-23	6.67e-20	6.08e-17	3.69e-14	5.15e-11	8.36e-09	5.21e-07	1.30e-05	1.98e-04	1.50e-03	6.79e-03	3.28e-02	3.27e-01	4.43e-01	1.89e-01
 9.02098e+22	0.00e+00	2.96e-27	5.21e-23	9.28e-20	8.18e-17	4.79e-14	6.59e-11	1.05e-08	6.38e-07	1.55e-05	2.30e-04	1.69e-03	7.41e-03	3.46e-02	3.35e-01	4.39e-01	1.82e-01
 9.10116e+22	0.00e+00	4.86e-27	8.21e-23	1.41e-19	1.19e-16	6.65e-14	8.99e-11	1.39e-08	8.23e-07	1.93e-05	2.78e-04	1.97e-03	8.28e-03	3.71e-02	3.45e-01	4.35e-01	1.73e-01
 9.18435e+22	6.43e-34	7.51e-27	1.22e-22	2.02e-19	1.65e-16	8.85e-14	1.18e-10	1.78e-08	1.03e-06	2.34e-05	3.28e-04	2.25e-03	9.12e-03	3.93e-02	3.54e-01	4.30e-01	1.65e-01
 9.25341e+22	9.53e-34	1.07e-26	1.70e-22	2.73e-19	2.16e-16	1.12e-13	1.47e-10	2.19e-08	1.24e-06	2.75e-05	3.76e-04	2.51e-03	9.87e-03	4.13e-02	3.61e-01	4.26e-01	1.59e-01
 9.32512e+22	1.56e-33	1.68e-26	2.56e-22	3.97e-19	3.02e-16	1.50e-13	1.94e-10	2.82e-08	1.55e-06	3.35e-05	4.46e-04	2.88e-03	1.09e-02	4.38e-02	3.70e-01	4.21e-01	1.51e-01
 9.39357e+22	2.25e-33	2.34e-26	3.47e-22	5.24e-19	3.87e-16	1.86e-13	2.38e-10	3.41e-08	1.84e-06	3.89e-05	5.06e-04	3.18e-03	1.17e-02	4.58e-02	3.76e-01	4.17e-01	1.46e-01
 9.44829e+22	3.21e-33	3.23e-26	4.67e-22	6.85e-19	4.91e-16	2.29e-13	2.91e-10	4.09e-08	2.17e-06	4.48e-05	5.72e-04	3.51e-03	1.26e-02	4.78e-02	3.82e-01	4.12e-01	1.41e-01
 9.50177e+22	4.49e-33	4.38e-26	6.17e-22	8.82e-19	6.16e-16	2.79e-13	3.51e-10	4.86e-08	2.53e-06	5.13e-05	6.41e-04	3.85e-03	1.34e-02	4.97e-02	3.88e-01	4.08e-01	1.36e-01
 9.55432e+22	6.10e-33	5.79e-26	7.96e-22	1.11e-18	7.58e-16	3.33e-13	4.16e-10	5.69e-08	2.92e-06	5.80e-05	7.12e-04	4.19e-03	1.42e-02	5.15e-02	3.94e-01	4.04e-01	1.31e-01
 9.61381e+22	9.22e-33	8.42e-26	1.12e-21	1.52e-18	1.00e-15	4.24e-13	5.24e-10	7.03e-08	3.54e-06	6.85e-05	8.20e-04	4.69e-03	1.54e-02	5.40e-02	4.01e-01	3.99e-01	1.26e-01
 9.67361e+22	1.32e-32	1.16e-25	1.51e-21	1.98e-18	1.27e-15	5.19e-13	6.37e-10	8.43e-08	4.17e-06	7.90e-05	9.26e-04	5.17e-03	1.65e-02	5.62e-02	4.06e-01	3.94e-01	1.21e-01
 9.72399e+22	1.82e-32	1.56e-25	1.97e-21	2.52e-18	1.57e-15	6.23e-13	7.60e-10	9.93e-08	4.83e-06	8.98e-05	1.03e-03	5.64e-03	1.76e-02	5.82e-02	4.12e-01	3.89e-01	1.17e-01
 9.77121e+22	2.49e-32	2.07e-25	2.55e-21	3.18e-18	1.92e-15	7.44e-13	9.02e-10	1.16e-07	5.58e-06	1.02e-04	1.15e-03	6.14e-03	1.87e-02	6.03e-02	4.16e-01	3.85e-01	1.13e-01
 9.81680e+22	3.28e-32	2.66e-25	3.20e-21	3.91e-18	2.31e-15	8.70e-13	1.05e-09	1.34e-07	6.33e-06	1.14e-04	1.26e-03	6.62e-03	1.97e-02	6.21e-02	4.21e-01	3.80e-01	1.09e-01
 9.86874e+22	4.76e-32	3.72e-25	4.35e-21	5.15e-18	2.95e-15	1.07e-12	1.29e-09	1.62e-07	7.51e-06	1.32e-04	1.43e-03	7.32e-03	2.11e-02	6.47e-02	4.26e-01	3.75e-01	1.04e-01
 9.92227e+22	6.68e-32	5.05e-25	5.75e-21	6.61e-18	3.67e-15	1.29e-12	1.54e-09	1.92e-07	8.76e-06	1.50e-04	1.60e-03	8.01e-03	2.25e-02	6.70e-02	4.31e-01	3.69e-01	1.00e-01
 9.96883e+22	9.05e-32	6.64e-25	7.38e-21	8.26e-18	4.47e-15	1.53e-12	1.82e-09	2.23e-07	1.01e-05	1.69e-04	1.78e-03	8.69e-03	2.38e-02	6.92e-02	4.35e-01	3.64e-01	9.67e-02
 1.00203e+23	1.32e-31	9.37e-25	1.01e-20	1.09e-17	5.71e-15	1.88e-12	2.23e-09	2.70e-07	1.20e-05	1.97e-04	2.02e-03	9.61e-03	2.56e-02	7.20e-02	4.40e-01	3.58e-01	9.23e-02
 1.00705e+23	1.77e-31	1.22e-24	1.28e-20	1.35e-17	6.89e-15	2.21e-12	2.61e-09	3.13e-07	1.36e-05	2.21e-04	2.22e-03	1.04e-02	2.70e-02	7.41e-02	4.44e-01	3.53e-01	8.90e-02
 1.01125e+23	2.39e-31	1.59e-24	1.63e-20	1.68e-17	8.30e-15	2.58e-12	3.05e-09	3.62e-07	1.56e-05	2.48e-04	2.45e-03	1.12e-02	2.85e-02	7.63e-02	4.48e-01	3.48e-01	8.57e-02
 1.01538e+23	3.14e-31	2.04e-24	2.05e-20	2.05e-17	9.91e-15	3.00e-12	3.53e-09	4.16e-07	1.77e-05	2.76e-04	2.69e-03	1.21e-02	3.00e-02	7.84e-02	4.51e-01	3.43e-01	8.28e-02
 1.02009e+23	4.53e-31	2.84e-24	2.75e-20	2.67e-17	1.25e-14	3.63e-12	4.28e-09	4.98e-07	2.08e-05	3.18e-04	3.03e-03	1.33e-02	3.20e-02	8.13e-02	4.55e-01	3.36e-01	7.89e-02
 1.02486e+23	6.22e-31	3.77e-24	3.56e-20	3.36e-17	1.52e-14	4.28e-12	5.05e-09	5.81e-07	2.40e-05	3.60e-04	3.37e-03	1.44e-02	3.39e-02	8.37e-02	4.58e-01	3.30e-01	7.57e-02
 1.02898e+23	8.25e-31	4.87e-24	4.48e-20	4.12e-17	1.81e-14	4.96e-12	5.85e-09	6.68e-07	2.73e-05	4.02e-04	3.70e-03	1.55e-02	3.56e-02	8.60e-02	4.61e-01	3.25e-01	7.29e-02
 1.03358e+23	1.20e-30	6.81e-24	6.06e-20	5.37e-17	2.27e-14	6.00e-12	7.09e-09	8.02e-07	3.22e-05	4.64e-04	4.18e-03	1.71e-02	3.80e-02	8.90e-02	4.64e-01	3.18e-01	6.93e-02
 1.03827e+23	1.64e-30	9.02e-24	7.81e-20	6.71e-17	2.75e-14	7.03e-12	8.33e-09	9.34e-07	3.70e-05	5.23e-04	4.62e-03	1.85e-02	4.02e-02	9.15e-02	4.67e-01	3.12e-01	6.63e-02
 1.04247e+23	2.24e-30	1.19e-23	1.00e-19	8.36e-17	3.32e-14	8.21e-12	9.76e-09	1.09e-06	4.25e-05	5.89e-04	5.11e-03	2.00e-02	4.24e-02	9.40e-02	4.69e-01	3.06e-01	6.35e-02
 1.04728e+23	9.62e-34	1.73e-23	1.40e-19	1.12e-16	4.25e-14	1.01e-11	1.20e-08	1.33e-06	5.10e-05	6.89e-04	5.84e-03	2.23e-02	4.55e-02	9.73e-02	4.71e-01	2.97e-01	5.98e-02
 1.05191e+23	1.28e-33	2.22e-23	1.75e-19	1.36e-16	5.04e-14	1.16e-11	1.39e-08	1.52e-06	5.77e-05	7.67e-04	6.39e-03	2.39e-02	4.77e-02	9.96e-02	4.72e-01	2.92e-01	5.74e-02
 1.05627e+23	1.91e-33	3.15e-23	2.40e-19	1.79e-16	6.33e-14	1.39e-11	1.68e-08	1.83e-06	6.85e-05	8.89e-04	7.24e-03	2.63e-02	5.09e-02	1.03e-01	4.74e-01	2.84e-01	5.42e-02
 1.06067e+23	2.57e-33	4.08e-23	3.02e-19	2.19e-16	7.52e-14	1.60e-11	1.95e-08	2.10e-06	7.79e-05	9.91e-04	7.94e-03	2.83e-02	5.34e-02	1.05e-01	4.75e-01	2.78e-01	5.18e-02
 1.06511e+23	3.88e-33	5.84e-23	4.16e-19	2.89e-16	9.47e-14	1.93e-11	2.37e-08	2.54e-06	9.28e-05	1.15e-03	9.01e-03	3.12e-02	5.70e-02	1.08e-01	4.75e-01	2.69e-01	4.87e-02
 1.06944e+23	5.16e-33	7.51e-23	5.21e-19	3.51e-16	1.12e-13	2.20e-11	2.73e-08	2.91e-06	1.05e-04	1.28e-03	9.84e-03	3.34e-02	5.96e-02	1.11e-01	4.75e-01	2.63e-01	4.66e-02
 1.07365e+23	7.71e-33	1.07e-22	7.13e-19	4.59e-16	1.39e-13	2.62e-11	3.30e-08	3.50e-06	1.24e-04	1.48e-03	1.11e-02	3.68e-02	6.35e-02	1.14e-01	4.75e-01	2.55e-01	4.37e-02
 1.07783e+23	1.03e-32	1.37e-22	8.91e-19	5.56e-16	1.64e-13	2.99e-11	3.79e-08	4.00e-06	1.41e-04	1.64e-03	1.21e-02	3.93e-02	6.63e-02	1.16e-01	4.74e-01	2.49e-01	4.17e-02
 1.08200e+23	1.54e-32	1.97e-22	1.22e-18	7.29e-16	2.04e-13	3.55e-11	4.58e-08	4.82e-06	1.67e-04	1.90e-03	1.37e-02	4.32e-02	7.06e-02	1.19e-01	4.73e-01	2.40e-01	3.90e-02
 1.08618e+23	2.07e-32	2.55e-22	1.54e-18	8.89e-16	2.41e-13	4.05e-11	5.28e-08	5.52e-06	1.89e-04	2.12e-03	1.50e-02	4.63e-02	7.38e-02	1.21e-01	4.71e-01	2.33e-01	3.70e-02
 1.09038e+23	3.15e-32	3.68e-22	2.13e-18	1.17e-15	3.01e-13	4.81e-11	6.40e-08	6.67e-06	2.25e-04	2.45e-03	1.70e-02	5.09e-02	7.84e-02	1.24e-01	4.68e-01	2.24e-01	3.44e-02
 1.09462e+23	4.26e-32	4.81e-22	2.70e-18	1.43e-15	3.55e-13	5.48e-11	7.38e-08	7.67e-06	2.56e-04	2.73e-03	1.86e-02	5.45e-02	8.19e-02	1.26e-01	4.66e-01	2.18e-01	3.26e-02
 1.09891e+23	6.44e-32	6.92e-22	3.72e-18	1.88e-15	4.43e-13	6.50e-11	8.93e-08	9.24e-06	3.04e-04	3.16e-03	2.09e-02	5.97e-02	8.67e-02	1.29e-01	4.61e-01	2.09e-01	3.02e-02
 1.10316e+23	8.82e-32	9.13e-22	4.75e-18	2.30e-15	5.23e-13	7.39e-11	1.03e-07	1.06e-05	3.46e-04	3.52e-03	2.29e-02	6.40e-02	9.05e-02	1.31e-01	4.58e-01	2.02e-01	2.85e-02
 1.10738e+23	1.33e-31	1.31e-21	6.53e-18	3.01e-15	6.48e-13	8.72e-11	1.24e-07	1.28e-05	4.10e-04	4.05e-03	2.57e-02	6.98e-02	9.56e-02	1.33e-01	4.52e-01	1.93e-01	2.63e-02
 1.11167e+23	1.85e-31	1.75e-21	8.42e-18	3.73e-15	7.69e-13	9.94e-11	1.44e-07	1.48e-05	4.68e-04	4.53e-03	2.82e-02	7.49e-02	9.97e-02	1.35e-01	4.47e-01	1.85e-01	2.46e-02
 1.11607e+23	2.84e-31	2.56e-21	1.17e-17	4.92e-15	9.60e-13	1.18e-10	1.74e-07	1.79e-05	5.57e-04	5.24e-03	3.17e-02	8.18e-02	1.05e-01	1.37e-01	4.40e-01	1.76e-01	2.26e-02
 1.12049e+23	3.97e-31	3.43e-21	1.52e-17	6.10e-15	1.14e-12	1.34e-10	2.02e-07	2.06e-05	6.36e-04	5.85e-03	3.47e-02	8.75e-02	1.09e-01	1.38e-01	4.34e-01	1.68e-01	2.10e-02
 1.12494e+23	6.13e-31	5.03e-21	2.12e-17	8.06e-15	1.42e-12	1.58e-10	2.44e-07	2.49e-05	7.55e-04	6.74e-03	3.89e-02	9.53e-02	1.15e-01	1.40e-01	4.25e-01	1.59e-01	1.91e-02
 1.12943e+23	8.58e-31	6.76e-21	2.75e-17	9.99e-15	1.68e-12	1.80e-10	2.83e-07	2.88e-05	8.61e-04	7.51e-03	4.24e-02	1.02e-01	1.19e-01	1.41e-01	4.18e-01	1.52e-01	1.78e-02
 1.13331e+23	1.19e-30	8.99e-21	3.52e-17	1.23e-14	1.98e-12	2.03e-10	3.25e-07	3.30e-05	9.75e-04	8.32e-03	4.61e-02	1.08e-01	1.24e-01	1.42e-01	4.10e-01	1.45e-01	1.65e-02
 1.13770e+23	1.82e-30	1.31e-20	4.88e-17	1.61e-14	2.45e-12	2.38e-10	3.88e-07	3.94e-05	1.15e-03	9.50e-03	5.12e-02	1.17e-01	1.29e-01	1.42e-01	3.99e-01	1.36e-01	1.49e-02
 1.14206e+23	2.47e-30	1.71e-20	6.18e-17	1.96e-14	2.86e-12	2.68e-10	4.42e-07	4.47e-05	1.29e-03	1.04e-02	5.51e-02	1.23e-01	1.33e-01	1.43e-01	3.91e-01	1.30e-01	1.39e-02
 1.14638e+23	3.73e-30	2.45e-20	8.46e-17	2.54e-14	3.50e-12	3.11e-10	5.22e-07	5.28e-05	1.50e-03	1.18e-02	6.08e-02	1.32e-01	1.38e-01	1.43e-01	3.79e-01	1.21e-01	1.25e-02
 1.15080e+23	5.09e-30	3.23e-20	1.08e-16	3.10e-14	4.10e-12	3.51e-10	5.94e-07	5.99e-05	1.68e-03	1.29e-02	6.53e-02	1.39e-01	1.42e-01	1.43e-01	3.70e-01	1.15e-01	1.16e-02
 1.15532e+23	7.71e-30	4.65e-20	1.48e-16	4.02e-14	5.04e-12	4.09e-10	7.00e-07	7.05e-05	1.94e-03	1.46e-02	7.16e-02	1.48e-01	1.46e-01	1.42e-01	3.58e-01	1.07e-01	1.04e-02
 1.15995e+23	1.06e-29	6.16e-20	1.89e-16	4.94e-14	5.92e-12	4.62e-10	7.96e-07	8.00e-05	2.18e-03	1.59e-02	7.68e-02	1.56e-01	1.50e-01	1.41e-01	3.47e-01	1.01e-01	9.53e-03
 1.16472e+23	1.62e-29	8.92e-20	2.61e-16	6.44e-14	7.30e-12	5.40e-10	9.37e-07	9.41e-05	2.51e-03	1.79e-02	8.39e-02	1.66e-01	1.54e-01	1.40e-01	3.34e-01	9.36e-02	8.50e-03
 1.16960e+23	2.25e-29	1.19e-19	3.35e-16	7.94e-14	8.61e-12	6.12e-10	1.06e-06	1.07e-04	2.81e-03	1.95e-02	8.96e-02	1.73e-01	1.57e-01	1.39e-01	3.23e-01	8.79e-02	7.75e-03
 1.17463e+23	3.44e-29	1.72e-19	4.63e-16	1.04e-13	1.06e-11	7.18e-10	1.25e-06	1.25e-04	3.23e-03	2.18e-02	9.74e-02	1.83e-01	1.61e-01	1.37e-01	3.09e-01	8.09e-02	6.87e-03
 1.17975e+23	4.78e-29	2.30e-19	5.97e-16	1.28e-13	1.26e-11	8.16e-10	1.42e-06	1.41e-04	3.60e-03	2.37e-02	1.04e-01	1.91e-01	1.63e-01	1.35e-01	2.97e-01	7.56e-02	6.23e-03
 1.18499e+23	7.30e-29	3.33e-19	8.25e-16	1.68e-13	1.56e-11	9.60e-10	1.65e-06	1.64e-04	4.12e-03	2.64e-02	1.12e-01	2.01e-01	1.66e-01	1.33e-01	2.83e-01	6.91e-02	5.49e-03
 1.19027e+23	1.01e-28	4.42e-19	1.06e-15	2.07e-13	1.83e-11	1.09e-09	1.86e-06	1.84e-04	4.57e-03	2.85e-02	1.19e-01	2.08e-01	1.68e-01	1.31e-01	2.72e-01	6.45e-02	4.97e-03
 1.19559e+23	1.52e-28	6.35e-19	1.45e-15	2.69e-13	2.26e-11	1.28e-09	2.16e-06	2.13e-04	5.19e-03	3.15e-02	1.27e-01	2.18e-01	1.70e-01	1.28e-01	2.57e-01	5.88e-02	4.36e-03
 1.20075e+23	2.03e-28	8.13e-19	1.80e-15	3.23e-13	2.62e-11	1.43e-09	2.40e-06	2.35e-04	5.65e-03	3.36e-02	1.33e-01	2.24e-01	1.71e-01	1.26e-01	2.48e-01	5.51e-02	3.98e-03
 1.20571e+23	2.94e-28	1.13e-18	2.40e-15	4.10e-13	3.17e-11	1.65e-09	2.73e-06	2.67e-04	6.32e-03	3.66e-02	1.41e-01	2.32e-01	1.72e-01	1.23e-01	2.35e-01	5.04e-02	3.52e-03
 1.21079e+23	3.93e-28	1.45e-18	3.00e-15	4.94e-13	3.68e-11	1.86e-09	3.03e-06	2.94e-04	6.88e-03	3.90e-02	1.48e-01	2.38e-01	1.73e-01	1.20e-01	2.25e-01	4.70e-02	3.20e-03
 1.21602e+23	5.77e-28	2.03e-18	4.02e-15	6.31e-13	4.47e-11	2.16e-09	3.45e-06	3.34e-04	7.68e-03	4.24e-02	1.56e-01	2.45e-01	1.73e-01	1.16e-01	2.12e-01	4.28e-02	2.81e-03
 1.22131e+23	7.66e-28	2.59e-18	4.99e-15	7.58e-13	5.18e-11	2.43e-09	3.81e-06	3.67e-04	8.33e-03	4.51e-02	1.63e-01	2.51e-01	1.73e-01	1.14e-01	2.03e-01	3.98e-02	2.54e-03
 1.22669e+23	1.11e-27	3.58e-18	6.64e-15	9.63e-13	6.28e-11	2.82e-09	4.33e-06	4.14e-04	9.25e-03	4.87e-02	1.71e-01	2.58e-01	1.73e-01	1.10e-01	1.91e-01	3.62e-02	2.23e-03
 1.23203e+23	1.47e-27	4.56e-18	8.21e-15	1.15e-12	7.26e-11	3.15e-09	4.75e-06	4.53e-04	9.98e-03	5.15e-02	1.78e-01	2.62e-01	1.72e-01	1.07e-01	1.82e-01	3.36e-02	2.02e-03
 1.23732e+23	2.11e-27	6.25e-18	1.08e-14	1.45e-12	8.74e-11	3.64e-09	5.36e-06	5.08e-04	1.10e-02	5.53e-02	1.86e-01	2.68e-01	1.71e-01	1.04e-01	1.71e-01	3.05e-02	1.77e-03
 1.24266e+23	2.75e-27	7.87e-18	1.33e-14	1.73e-12	1.01e-10	4.07e-09	5.87e-06	5.53e-04	1.18e-02	5.83e-02	1.92e-01	2.72e-01	1.70e-01	1.01e-01	1.63e-01	2.83e-02	1.60e-03
 1.24807e+23	3.94e-27	1.07e-17	1.74e-14	2.17e-12	1.21e-10	4.69e-09	6.60e-06	6.17e-04	1.30e-02	6.24e-02	2.00e-01	2.77e-01	1.69e-01	9.70e-02	1.53e-01	2.56e-02	1.40e-03
 1.25358e+23	5.17e-27	1.36e-17	2.15e-14	2.59e-12	1.40e-10	5.26e-09	7.24e-06	6.72e-04	1.40e-02	6.57e-02	2.07e-01	2.81e-01	1.67e-01	9.41e-02	1.45e-01	2.37e-02	1.26e-03
 1.25923e+23	7.42e-27	1.85e-17	2.82e-14	3.26e-12	1.68e-10	6.09e-09	8.14e-06	7.50e-04	1.53e-02	7.01e-02	2.15e-01	2.85e-01	1.65e-01	9.02e-02	1.36e-01	2.14e-02	1.10e-03
 1.26499e+23	9.77e-27	2.35e-17	3.48e-14	3.90e-12	1.95e-10	6.83e-09	8.93e-06	8.16e-04	1.64e-02	7.37e-02	2.21e-01	2.88e-01	1.63e-01	8.72e-02	1.29e-01	1.97e-02	9.85e-04
 1.27087e+23	1.41e-26	3.21e-17	4.59e-14	4.93e-12	2.35e-10	7.93e-09	1.00e-05	9.09e-04	1.80e-02	7.85e-02	2.29e-01	2.91e-01	1.61e-01	8.33e-02	1.19e-01	1.76e-02	8.52e-04
 1.27687e+23	2.32e-27	4.08e-17	5.68e-14	5.91e-12	2.73e-10	8.92e-09	1.10e-05	9.89e-04	1.93e-02	8.24e-02	2.35e-01	2.94e-01	1.58e-01	8.03e-02	1.13e-01	1.62e-02	7.61e-04
 1.28302e+23	3.38e-27	5.59e-17	7.50e-14	7.48e-12	3.31e-10	1.04e-08	1.24e-05	1.10e-03	2.11e-02	8.76e-02	2.43e-01	2.96e-01	1.55e-01	7.64e-02	1.04e-01	1.45e-02	6.55e-04
 1.28902e+23	4.38e-27	6.92e-17	9.07e-14	8.80e-12	3.79e-10	1.16e-08	1.35e-05	1.19e-03	2.24e-02	9.13e-02	2.48e-01	2.97e-01	1.53e-01	7.38e-02	9.89e-02	1.34e-02	5.91e-04
 1.29485e+23	6.28e-27	9.31e-17	1.18e-13	1.10e-11	4.53e-10	1.33e-08	1.51e-05	1.31e-03	2.43e-02	9.65e-02	2.55e-01	2.99e-01	1.50e-01	7.02e-02	9.16e-02	1.20e-02	5.10e-04
 1.30077e+23	8.15e-27	1.15e-16	1.43e-13	1.30e-11	5.20e-10	1.49e-08	1.65e-05	1.42e-03	2.58e-02	1.00e-01	2.61e-01	2.99e-01	1.47e-01	6.76e-02	8.66e-02	1.10e-02	4.59e-04
 1.30681e+23	1.16e-26	1.54e-16	1.84e-13	1.61e-11	6.21e-10	1.72e-08	1.84e-05	1.56e-03	2.79e-02	1.06e-01	2.67e-01	3.00e-01	1.43e-01	6.41e-02	8.01e-02	9.85e-03	3.96e-04
 1.31303e+23	1.54e-26	1.95e-16	2.27e-13	1.93e-11	7.20e-10	1.93e-08	2.01e-05	1.69e-03	2.98e-02	1.10e-01	2.72e-01	3.00e-01	1.40e-01	6.14e-02	7.52e-02	8.98e-03	3.52e-04
 1.31951e+23	2.20e-26	2.61e-16	2.95e-13	2.41e-11	8.66e-10	2.24e-08	2.26e-05	1.87e-03	3.22e-02	1.16e-01	2.79e-01	2.99e-01	1.36e-01	5.81e-02	6.93e-02	8.00e-03	3.02e-04
 1.32619e+23	2.99e-26	3.34e-16	3.68e-13	2.91e-11	1.01e-09	2.54e-08	2.49e-05	2.03e-03	3.44e-02	1.21e-01	2.84e-01	2.99e-01	1.33e-01	5.53e-02	6.46e-02	7.23e-03	2.66e-04
 1.33316e+23	4.33e-26	4.53e-16	4.82e-13	3.68e-11	1.23e-09	2.97e-08	2.80e-05	2.25e-03	3.73e-02	1.27e-01	2.90e-01	2.97e-01	1.28e-01	5.20e-02	5.91e-02	6.39e-03	2.26e-04
 1.34031e+23	5.94e-26	5.85e-16	6.05e-13	4.47e-11	1.45e-09	3.39e-08	3.10e-05	2.45e-03	3.98e-02	1.33e-01	2.95e-01	2.96e-01	1.24e-01	4.93e-02	5.48e-02	5.74e-03	1.97e-04
 1.34772e+23	8.72e-26	8.00e-16	8.01e-13	5.70e-11	1.77e-09	3.99e-08	3.52e-05	2.72e-03	4.32e-02	1.40e-01	3.00e-01	2.93e-01	1.20e-01	4.61e-02	4.99e-02	5.03e-03	1.66e-04
 1.35537e+23	1.21e-25	1.04e-15	1.02e-12	7.00e-11	2.10e-09	4.58e-08	3.91e-05	2.98e-03	4.62e-02	1.46e-01	3.05e-01	2.91e-01	1.16e-01	4.35e-02	4.59e-02	4.48e-03	1.44e-04
 1.36335e+23	1.81e-25	1.45e-15	1.36e-12	9.02e-11	2.59e-09	5.44e-08	4.46e-05	3.32e-03	5.02e-02	1.53e-01	3.10e-01	2.87e-01	1.11e-01	4.03e-02	4.14e-02	3.88e-03	1.20e-04
 1.37153e+23	2.55e-25	1.91e-15	1.74e-12	1.12e-10	3.10e-09	6.29e-08	4.99e-05	3.64e-03	5.38e-02	1.60e-01	3.14e-01	2.84e-01	1.06e-01	3.78e-02	3.79e-02	3.44e-03	1.02e-04
 1.37887e+23	3.51e-25	2.48e-15	2.20e-12	1.37e-10	3.67e-09	7.22e-08	5.55e-05	3.97e-03	5.74e-02	1.66e-01	3.17e-01	2.80e-01	1.02e-01	3.55e-02	3.48e-02	3.06e-03	8.82e-05
 1.38729e+23	5.40e-25	3.52e-15	3.01e-12	1.79e-10	4.60e-09	8.66e-08	6.37e-05	4.45e-03	6.24e-02	1.74e-01	3.21e-01	2.75e-01	9.70e-02	3.27e-02	3.10e-02	2.61e-03	7.20e-05
 1.39578e+23	7.44e-25	4.56e-15	3.81e-12	2.19e-10	5.45e-09	9.95e-08	7.09e-05	4.85e-03	6.65e-02	1.80e-01	3.24e-01	2.70e-01	9.30e-02	3.06e-02	2.84e-02	2.31e-03	6.18e-05
 1.40436e+23	1.14e-24	6.45e-15	5.18e-12	2.87e-10	6.81e-09	1.19e-07	8.13e-05	5.42e-03	7.21e-02	1.88e-01	3.27e-01	2.64e-01	8.78e-02	2.80e-02	2.53e-02	1.97e-03	5.04e-05
 1.41312e+23	1.60e-24	8.53e-15	6.66e-12	3.56e-10	8.16e-09	1.38e-07	9.09e-05	5.92e-03	7.69e-02	1.95e-01	3.28e-01	2.59e-01	8.37e-02	2.61e-02	2.29e-02	1.72e-03	4.26e-05
 1.42211e+23	2.48e-24	1.22e-14	9.15e-12	4.68e-10	1.03e-08	1.66e-07	1.05e-04	6.63e-03	8.33e-02	2.04e-01	3.30e-01	2.52e-01	7.86e-02	2.37e-02	2.02e-02	1.45e-03	3.43e-05
 1.43125e+23	3.53e-24	1.63e-14	1.19e-11	5.86e-10	1.24e-08	1.93e-07	1.17e-04	7.26e-03	8.88e-02	2.11e-01	3.31e-01	2.46e-01	7.46e-02	2.19e-02	1.82e-02	1.26e-03	2.88e-05
 1.44058e+23	5.57e-24	2.36e-14	1.66e-11	7.81e-10	1.57e-08	2.35e-07	1.36e-04	8.14e-03	9.63e-02	2.19e-01	3.31e-01	2.38e-01	6.96e-02	1.98e-02	1.59e-02	1.05e-03	2.28e-05
 1.44939e+23	7.54e-24	3.03e-14	2.07e-11	9.45e-10	1.84e-08	2.67e-07	1.49e-04	8.79e-03	1.02e-01	2.25e-01	3.31e-01	2.33e-01	6.63e-02	1.84e-02	1.45e-02	9.27e-04	1.95e-05
 1.45754e+23	1.13e-23	4.21e-14	2.77e-11	1.22e-09	2.27e-08	3.16e-07	1.69e-04	9.70e-03	1.09e-01	2.33e-01	3.30e-01	2.26e-01	6.21e-02	1.68e-02	1.28e-02	7.85e-04	1.58e-05
 1.46576e+23	1.52e-23	5.40e-14	3.46e-11	1.47e-09	2.66e-08	3.61e-07	1.87e-04	1.05e-02	1.15e-01	2.38e-01	3.29e-01	2.20e-01	5.90e-02	1.56e-02	1.17e-02	6.91e-04	1.35e-05
 1.47407e+23	2.30e-23	7.59e-14	4.69e-11	1.91e-09	3.30e-08	4.29e-07	2.13e-04	1.16e-02	1.23e-01	2.46e-01	3.27e-01	2.12e-01	5.51e-02	1.42e-02	1.02e-02	5.80e-04	1.08e-05
 1.48246e+23	3.14e-23	9.84e-14	5.90e-11	2.33e-09	3.90e-08	4.91e-07	2.35e-04	1.25e-02	1.29e-01	2.51e-01	3.26e-01	2.06e-01	5.21e-02	1.31e-02	9.24e-03	5.07e-04	9.15e-06
 1.49093e+23	4.76e-23	1.39e-13	8.03e-11	3.03e-09	4.85e-08	5.87e-07	2.68e-04	1.38e-02	1.38e-01	2.58e-01	3.22e-01	1.98e-01	4.83e-02	1.18e-02	8.07e-03	4.22e-04	7.28e-06
 1.49952e+23	6.59e-23	1.82e-13	1.02e-10	3.73e-09	5.76e-08	6.75e-07	2.97e-04	1.49e-02	1.45e-01	2.64e-01	3.20e-01	1.92e-01	4.55e-02	1.09e-02	7.24e-03	3.66e-04	6.08e-06
 1.50829e+23	1.01e-22	2.62e-13	1.41e-10	4.91e-09	7.24e-08	8.14e-07	3.41e-04	1.66e-02	1.55e-01	2.71e-01	3.15e-01	1.84e-01	4.20e-02	9.73e-03	6.26e-03	3.01e-04	4.77e-06
 1.51717e+23	1.41e-22	3.45e-13	1.80e-10	6.07e-09	8.64e-08	9.41e-07	3.79e-04	1.79e-02	1.63e-01	2.76e-01	3.12e-01	1.77e-01	3.93e-02	8.91e-03	5.58e-03	2.58e-04	3.95e-06
 1.52620e+23	2.20e-22	5.00e-13	2.50e-10	8.06e-09	1.09e-07	1.14e-06	4.37e-04	2.00e-02	1.74e-01	2.82e-01	3.06e-01	1.69e-01	3.60e-02	7.92e-03	4.79e-03	2.10e-04	3.05e-06
 1.53543e+23	3.13e-22	6.74e-13	3.26e-10	1.01e-08	1.33e-07	1.34e-06	4.91e-04	2.17e-02	1.84e-01	2.87e-01	3.01e-01	1.62e-01	3.34e-02	7.18e-03	4.22e-03	1.78e-04	2.48e-06
 1.54490e+23	4.95e-22	9.93e-13	4.61e-10	1.37e-08	1.70e-07	1.65e-06	5.71e-04	2.43e-02	1.96e-01	2.92e-01	2.94e-01	1.53e-01	3.03e-02	6.31e-03	3.57e-03	1.42e-04	1.88e-06
 1.55457e+23	7.16e-22	1.36e-12	6.09e-10	1.74e-08	2.09e-07	1.95e-06	6.46e-04	2.66e-02	2.07e-01	2.96e-01	2.87e-01	1.46e-01	2.79e-02	5.68e-03	3.11e-03	1.19e-04	1.50e-06
 1.56418e+23	1.12e-21	1.99e-12	8.57e-10	2.34e-08	2.68e-07	2.41e-06	7.54e-04	2.97e-02	2.20e-01	3.00e-01	2.79e-01	1.37e-01	2.52e-02	4.97e-03	2.61e-03	9.45e-05	1.13e-06
 1.57336e+23	1.55e-21	2.63e-12	1.10e-09	2.90e-08	3.22e-07	2.81e-06	8.44e-04	3.23e-02	2.31e-01	3.03e-01	2.73e-01	1.30e-01	2.33e-02	4.50e-03	2.30e-03	7.98e-05	9.18e-07
 1.58229e+23	2.37e-21	3.77e-12	1.52e-09	3.86e-08	4.11e-07	3.45e-06	9.81e-04	3.59e-02	2.44e-01	3.06e-01	2.64e-01	1.22e-01	2.10e-02	3.94e-03	1.94e-03	6.37e-05	6.95e-07
 1.59134e+23	3.31e-21	5.01e-12	1.96e-09	4.83e-08	4.98e-07	4.07e-06	1.11e-03	3.92e-02	2.55e-01	3.08e-01	2.56e-01	1.16e-01	1.93e-02	3.54e-03	1.69e-03	5.32e-05	5.56e-07
 1.60015e+23	4.90e-21	7.03e-12	2.66e-09	6.33e-08	6.29e-07	4.97e-06	1.28e-03	4.34e-02	2.69e-01	3.09e-01	2.47e-01	1.08e-01	1.73e-02	3.10e-03	1.42e-03	4.26e-05	4.23e-07
 1.60916e+23	6.87e-21	9.39e-12	3.46e-09	7.99e-08	7.71e-07	5.92e-06	1.46e-03	4.75e-02	2.81e-01	3.09e-01	2.39e-01	1.02e-01	1.58e-02	2.76e-03	1.22e-03	3.50e-05	3.33e-07
 1.61794e+23	9.85e-21	1.29e-11	4.59e-09	1.03e-07	9.64e-07	7.18e-06	1.68e-03	5.25e-02	2.95e-01	3.09e-01	2.29e-01	9.51e-02	1.42e-02	2.42e-03	1.03e-03	2.82e-05	2.54e-07
 1.62690e+23	1.38e-20	1.72e-11	6.00e-09	1.31e-07	1.19e-06	8.63e-06	1.92e-03	5.76e-02	3.08e-01	3.08e-01	2.20e-01	8.87e-02	1.27e-02	2.13e-03	8.79e-04	2.28e-05	1.97e-07
 1.63578e+23	1.94e-20	2.31e-11	7.86e-09	1.68e-07	1.48e-06	1.04e-05	2.21e-03	6.35e-02	3.21e-01	3.07e-01	2.10e-01	8.23e-02	1.14e-02	1.86e-03	7.41e-04	1.83e-05	1.50e-07
 1.64470e+23	2.69e-20	3.07e-11	1.02e-08	2.13e-07	1.83e-06	1.26e-05	2.53e-03	6.97e-02	3.34e-01	3.04e-01	2.00e-01	7.62e-02	1.02e-02	1.62e-03	6.24e-04	1.47e-05	0.00e+00
 1.65352e+23	3.69e-20	4.03e-11	1.31e-08	2.70e-07	2.25e-06	1.52e-05	2.90e-03	7.65e-02	3.47e-01	3.01e-01	1.90e-01	7.04e-02	9.08e-03	1.41e-03	5.25e-04	1.18e-05	0.00e+00
 1.66233e+23	5.02e-20	5.26e-11	1.68e-08	3.40e-07	2.77e-06	1.82e-05	3.32e-03	8.38e-02	3.60e-01	2.98e-01	1.81e-01	6.49e-02	8.07e-03	1.23e-03	4.41e-04	9.42e-06	0.00e+00
 1.67116e+23	6.77e-20	6.81e-11	2.15e-08	4.27e-07	3.40e-06	2.19e-05	3.79e-03	9.17e-02	3.72e-01	2.93e-01	1.71e-01	5.96e-02	7.15e-03	1.06e-03	3.68e-04	7.51e-06	0.00e+00
 1.68002e+23	9.05e-20	8.76e-11	2.72e-08	5.35e-07	4.17e-06	2.63e-05	4.33e-03	1.00e-01	3.84e-01	2.88e-01	1.61e-01	5.45e-02	6.31e-03	9.19e-04	3.07e-04	5.97e-06	0.00e+00
 1.68894e+23	1.20e-19	1.12e-10	3.44e-08	6.67e-07	5.09e-06	3.16e-05	4.94e-03	1.09e-01	3.96e-01	2.82e-01	1.52e-01	4.97e-02	5.56e-03	7.91e-04	2.55e-04	4.72e-06	0.00e+00
 1.69793e+23	1.58e-19	1.42e-10	4.32e-08	8.31e-07	6.22e-06	3.78e-05	5.63e-03	1.19e-01	4.06e-01	2.76e-01	1.42e-01	4.52e-02	4.87e-03	6.78e-04	2.11e-04	3.73e-06	0.00e+00
 1.70704e+23	2.07e-19	1.79e-10	5.40e-08	1.03e-06	7.58e-06	4.53e-05	6.41e-03	1.29e-01	4.17e-01	2.69e-01	1.33e-01	4.09e-02	4.26e-03	5.78e-04	1.74e-04	2.92e-06	0.00e+00
 1.71620e+23	2.69e-19	2.23e-10	6.71e-08	1.27e-06	9.19e-06	5.41e-05	7.28e-03	1.40e-01	4.26e-01	2.62e-01	1.24e-01	3.69e-02	3.71e-03	4.92e-04	1.43e-04	2.29e-06	0.00e+00
 1.72550e+23	3.49e-19	2.77e-10	8.34e-08	1.58e-06	1.12e-05	6.48e-05	8.27e-03	1.52e-01	4.34e-01	2.53e-01	1.15e-01	3.32e-02	3.22e-03	4.16e-04	1.17e-04	1.78e-06	0.00e+00
 1.73492e+23	4.46e-19	3.42e-10	1.03e-07	1.93e-06	1.35e-05	7.72e-05	9.36e-03	1.64e-01	4.42e-01	2.45e-01	1.06e-01	2.98e-02	2.79e-03	3.52e-04	9.57e-05	1.39e-06	0.00e+00
 1.74451e+23	5.73e-19	4.21e-10	1.27e-07	2.39e-06	1.64e-05	9.25e-05	1.06e-02	1.77e-01	4.49e-01	2.36e-01	9.79e-02	2.65e-02	2.39e-03	2.94e-04	7.73e-05	1.07e-06	0.00e+00
 1.75345e+23	7.00e-19	4.97e-10	1.50e-07	2.82e-06	1.91e-05	1.07e-04	1.17e-02	1.88e-01	4.53e-01	2.29e-01	9.14e-02	2.41e-02	2.11e-03	2.54e-04	6.50e-05	8.59e-07	0.00e+00
 1.76263e+23	8.93e-19	6.09e-10	1.85e-07	3.48e-06	2.32e-05	1.28e-04	1.33e-02	2.03e-01	4.58e-01	2.19e-01	8.34e-02	2.12e-02	1.79e-03	2.10e-04	5.18e-05	6.50e-07	0.00e+00
 1.77197e+23	1.09e-18	7.14e-10	2.17e-07	4.10e-06	2.70e-05	1.48e-04	1.47e-02	2.15e-01	4.61e-01	2.11e-01	7.74e-02	1.91e-02	1.57e-03	1.80e-04	4.33e-05	5.20e-07	0.00e+00
 1.78156e+23	1.38e-18	8.67e-10	2.67e-07	5.05e-06	3.28e-05	1.78e-04	1.67e-02	2.31e-01	4.63e-01	2.01e-01	7.01e-02	1.67e-02	1.32e-03	1.47e-04	3.41e-05	3.88e-07	0.00e+00
 1.79119e+23	1.20e-17	1.01e-09	3.12e-07	5.91e-06	3.79e-05	2.04e-04	1.83e-02	2.43e-01	4.64e-01	1.93e-01	6.49e-02	1.50e-02	1.16e-03	1.26e-04	2.84e-05	3.11e-07	0.00e+00
 1.80090e+23	1.64e-17	1.21e-09	3.80e-07	7.22e-06	4.56e-05	2.43e-04	2.07e-02	2.60e-01	4.64e-01	1.83e-01	5.86e-02	1.31e-02	9.71e-04	1.03e-04	2.24e-05	2.31e-07	0.00e+00
 1.81066e+23	2.11e-17	1.40e-09	4.42e-07	8.40e-06	5.25e-05	2.78e-04	2.26e-02	2.73e-01	4.63e-01	1.75e-01	5.40e-02	1.17e-02	8.47e-04	8.75e-05	1.86e-05	1.84e-07	0.00e+00
 1.82050e+23	2.94e-17	1.66e-09	5.33e-07	1.02e-05	6.27e-05	3.30e-04	2.54e-02	2.90e-01	4.60e-01	1.65e-01	4.85e-02	1.02e-02	7.08e-04	7.10e-05	1.46e-05	1.37e-07	0.00e+00
 1.83042e+23	3.94e-17	1.91e-09	6.17e-07	1.18e-05	7.19e-05	3.75e-04	2.76e-02	3.03e-01	4.58e-01	1.57e-01	4.46e-02	9.10e-03	6.16e-04	6.03e-05	1.21e-05	0.00e+00	0.00e+00
 1.84045e+23	5.80e-17	2.25e-09	7.41e-07	1.43e-05	8.55e-05	4.44e-04	3.09e-02	3.20e-01	4.53e-01	1.47e-01	3.99e-02	7.85e-03	5.13e-04	4.87e-05	9.43e-06	0.00e+00	0.00e+00
 1.85061e+23	8.40e-17	2.57e-09	8.55e-07	1.65e-05	9.78e-05	5.04e-04	3.35e-02	3.33e-01	4.49e-01	1.40e-01	3.65e-02	6.99e-03	4.44e-04	4.12e-05	7.78e-06	0.00e+00	0.00e+00
 1.86094e+23	1.42e-16	3.03e-09	1.02e-06	1.98e-05	1.16e-04	5.94e-04	3.73e-02	3.50e-01	4.42e-01	1.31e-01	3.25e-02	6.00e-03	3.67e-04	3.31e-05	6.04e-06	0.00e+00	0.00e+00
 1.87143e+23	2.50e-16	3.46e-09	1.18e-06	2.30e-05	1.32e-04	6.75e-04	4.05e-02	3.64e-01	4.36e-01	1.24e-01	2.96e-02	5.31e-03	3.16e-04	2.78e-05	4.94e-06	0.00e+00	0.00e+00
 1.88216e+23	5.86e-16	4.06e-09	1.42e-06	2.76e-05	1.57e-04	7.95e-04	4.50e-02	3.81e-01	4.27e-01	1.15e-01	2.62e-02	4.52e-03	2.60e-04	2.21e-05	3.81e-06	0.00e+00	0.00e+00
 1.89310e+23	1.62e-15	4.65e-09	1.64e-06	3.19e-05	1.79e-04	9.02e-04	4.87e-02	3.94e-01	4.20e-01	1.08e-01	2.37e-02	3.98e-03	2.22e-04	1.84e-05	3.09e-06	0.00e+00	0.00e+00
 1.90435e+23	5.17e-15	5.48e-09	1.97e-06	3.85e-05	2.12e-04	1.06e-03	5.40e-02	4.12e-01	4.09e-01	9.98e-02	2.08e-02	3.36e-03	1.81e-04	1.45e-05	2.35e-06	0.00e+00	0.00e+00
 1.91587e+23	1.03e-14	6.29e-09	2.29e-06	4.47e-05	2.42e-04	1.21e-03	5.85e-02	4.25e-01	4.00e-01	9.34e-02	1.87e-02	2.94e-03	1.53e-04	1.20e-05	1.89e-06	0.00e+00	0.00e+00
 1.92777e+23	1.57e-14	7.44e-09	2.76e-06	5.40e-05	2.87e-04	1.43e-03	6.48e-02	4.42e-01	3.87e-01	8.54e-02	1.62e-02	2.45e-03	1.23e-04	9.30e-06	1.42e-06	0.00e+00	0.00e+00
 1.93897e+23	2.01e-14	8.41e-09	3.14e-06	6.12e-05	3.20e-04	1.58e-03	6.90e-02	4.52e-01	3.79e-01	8.06e-02	1.48e-02	2.18e-03	1.07e-04	7.90e-06	1.18e-06	0.00e+00	0.00e+00
 1.94927e+23	2.58e-14	9.74e-09	3.69e-06	7.17e-05	3.69e-04	1.82e-03	7.50e-02	4.66e-01	3.67e-01	7.45e-02	1.31e-02	1.87e-03	8.84e-05	6.36e-06	9.19e-07	0.00e+00	0.00e+00
 1.95948e+23	3.13e-14	1.10e-08	4.18e-06	8.09e-05	4.10e-04	2.01e-03	7.96e-02	4.75e-01	3.59e-01	7.02e-02	1.20e-02	1.67e-03	7.69e-05	5.41e-06	7.65e-07	0.00e+00	0.00e+00
 1.96956e+23	3.80e-14	1.25e-08	4.86e-06	9.41e-05	4.68e-04	2.29e-03	8.62e-02	4.87e-01	3.47e-01	6.47e-02	1.06e-02	1.43e-03	6.38e-05	4.36e-06	5.99e-07	0.00e+00	0.00e+00
 1.97971e+23	4.52e-14	1.42e-08	5.51e-06	1.06e-04	5.19e-04	2.52e-03	9.12e-02	4.96e-01	3.38e-01	6.09e-02	9.66e-03	1.27e-03	5.54e-05	3.71e-06	4.99e-07	0.00e+00	0.00e+00
 1.98995e+23	5.45e-14	1.63e-08	6.43e-06	1.23e-04	5.91e-04	2.87e-03	9.82e-02	5.07e-01	3.26e-01	5.61e-02	8.54e-03	1.09e-03	4.59e-05	2.99e-06	3.90e-07	0.00e+00	0.00e+00
 2.00037e+23	6.44e-14	1.86e-08	7.32e-06	1.39e-04	6.55e-04	3.16e-03	1.04e-01	5.14e-01	3.17e-01	5.26e-02	7.75e-03	9.62e-04	3.97e-05	2.53e-06	3.23e-07	0.00e+00	0.00e+00
 2.01103e+23	7.72e-14	2.15e-08	8.59e-06	1.62e-04	7.48e-04	3.59e-03	1.12e-01	5.24e-01	3.04e-01	4.82e-02	6.80e-03	8.17e-04	3.26e-05	2.02e-06	2.50e-07	0.00e+00	0.00e+00
 2.02183e+23	9.09e-14	2.46e-08	9.81e-06	1.83e-04	8.29e-04	3.95e-03	1.18e-01	5.31e-01	2.94e-01	4.50e-02	6.15e-03	7.21e-04	2.80e-05	1.70e-06	2.06e-07	0.00e+00	0.00e+00
 2.03284e+23	1.09e-13	2.88e-08	1.16e-05	2.14e-04	9.45e-04	4.49e-03	1.27e-01	5.39e-01	2.81e-01	4.10e-02	5.38e-03	6.09e-04	2.29e-05	1.35e-06	1.59e-07	0.00e+00	0.00e+00
 2.04407e+23	1.29e-13	3.32e-08	1.33e-05	2.43e-04	1.05e-03	4.94e-03	1.34e-01	5.45e-01	2.72e-01	3.82e-02	4.84e-03	5.34e-04	1.96e-05	1.13e-06	1.29e-07	0.00e+00	0.00e+00
 2.05560e+23	1.56e-13	3.92e-08	1.58e-05	2.85e-04	1.20e-03	5.63e-03	1.44e-01	5.52e-01	2.58e-01	3.45e-02	4.19e-03	4.48e-04	1.58e-05	8.87e-07	0.00e+00	0.00e+00	0.00e+00
 2.06737e+23	1.86e-13	4.57e-08	1.83e-05	3.25e-04	1.33e-03	6.20e-03	1.51e-01	5.56e-01	2.48e-01	3.20e-02	3.75e-03	3.90e-04	1.34e-05	7.36e-07	0.00e+00	0.00e+00	0.00e+00
 2.07947e+23	2.27e-13	5.46e-08	2.19e-05	3.84e-04	1.53e-03	7.06e-03	1.62e-01	5.61e-01	2.35e-01	2.88e-02	3.23e-03	3.24e-04	1.07e-05	5.71e-07	0.00e+00	0.00e+00	0.00e+00
 2.09183e+23	2.71e-13	6.40e-08	2.55e-05	4.39e-04	1.70e-03	7.80e-03	1.71e-01	5.65e-01	2.25e-01	2.64e-02	2.87e-03	2.80e-04	9.01e-06	4.69e-07	0.00e+00	0.00e+00	0.00e+00
 2.10453e+23	3.37e-13	7.81e-08	3.08e-05	5.22e-04	1.95e-03	8.88e-03	1.83e-01	5.68e-01	2.11e-01	2.37e-02	2.45e-03	2.30e-04	7.15e-06	3.61e-07	0.00e+00	0.00e+00	0.00e+00
 2.11739e+23	4.05e-13	9.22e-08	3.60e-05	5.98e-04	2.18e-03	9.79e-03	1.93e-01	5.69e-01	2.01e-01	2.17e-02	2.17e-03	1.98e-04	5.97e-06	2.94e-07	0.00e+00	0.00e+00	0.00e+00
 2.13046e+23	5.09e-13	1.14e-07	4.39e-05	7.12e-04	2.50e-03	1.11e-02	2.06e-01	5.70e-01	1.89e-01	1.93e-02	1.84e-03	1.62e-04	4.71e-06	2.25e-07	0.00e+00	0.00e+00	0.00e+00
 2.14371e+23	1.85e-13	1.36e-07	5.17e-05	8.19e-04	2.78e-03	1.22e-02	2.16e-01	5.70e-01	1.79e-01	1.76e-02	1.62e-03	1.39e-04	3.92e-06	1.83e-07	0.00e+00	0.00e+00	0.00e+00
 2.15720e+23	2.59e-13	1.69e-07	6.33e-05	9.77e-04	3.19e-03	1.39e-02	2.30e-01	5.68e-01	1.67e-01	1.55e-02	1.37e-03	1.13e-04	3.06e-06	1.39e-07	0.00e+00	0.00e+00	0.00e+00
 2.17036e+23	3.69e-13	2.01e-07	7.38e-05	1.11e-03	3.53e-03	1.52e-02	2.40e-01	5.66e-01	1.59e-01	1.42e-02	1.22e-03	9.75e-05	2.57e-06	0.00e+00	0.00e+00	0.00e+00	0.00e+00
 2.18307e+23	5.46e-13	2.47e-07	8.93e-05	1.31e-03	4.00e-03	1.70e-02	2.53e-01	5.63e-01	1.48e-01	1.26e-02	1.04e-03	8.01e-05	2.04e-06	0.00e+00	0.00e+00	0.00e+00	0.00e+00
 2.19625e+23	7.48e-13	2.99e-07	1.06e-04	1.51e-03	4.44e-03	1.86e-02	2.64e-01	5.59e-01	1.40e-01	1.15e-02	9.10e-04	6.84e-05	1.69e-06	0.00e+00	0.00e+00	0.00e+00	0.00e+00
 2.20751e+23	9.62e-13	3.51e-07	1.22e-04	1.70e-03	4.86e-03	2.02e-02	2.74e-01	5.55e-01	1.33e-01	1.05e-02	8.10e-04	5.94e-05	1.43e-06	0.00e+00	0.00e+00	0.00e+00	0.00e+00
 2.21958e+23	1.30e-12	4.30e-07	1.46e-04	1.98e-03	5.45e-03	2.24e-02	2.87e-01	5.49e-01	1.24e-01	9.40e-03	6.95e-04	4.93e-05	1.15e-06	0.00e+00	0.00e+00	0.00e+00	0.00e+00
 2.23168e+23	1.63e-12	5.08e-07	1.69e-04	2.23e-03	5.96e-03	2.42e-02	2.98e-01	5.44e-01	1.17e-01	8.60e-03	6.16e-04	4.26e-05	9.66e-07	0.00e+00	0.00e+00	0.00e+00	0.00e+00
 2.24382e+23	2.17e-12	6.25e-07	2.02e-04	2.59e-03	6.65e-03	2.66e-02	3.10e-01	5.36e-01	1.09e-01	7.69e-03	5.32e-04	3.56e-05	7.81e-07	0.00e+00	0.00e+00	0.00e+00	0.00e+00
 2.25646e+23	2.77e-12	7.50e-07	2.37e-04	2.96e-03	7.33e-03	2.90e-02	3.22e-01	5.29e-01	1.02e-01	6.94e-03	4.64e-04	3.02e-05	6.43e-07	0.00e+00	0.00e+00	0.00e+00	0.00e+00
 2.26773e+23	3.47e-12	8.94e-07	2.75e-04	3.34e-03	8.01e-03	3.12e-02	3.32e-01	5.22e-01	9.63e-02	6.32e-03	4.10e-04	2.60e-05	5.40e-07	0.00e+00	0.00e+00	0.00e+00	0.00e+00
 2.28040e+23	4.61e-12	1.11e-06	3.31e-04	3.89e-03	8.94e-03	3.43e-02	3.45e-01	5.12e-01	8.92e-02	5.62e-03	3.51e-04	2.15e-05	4.32e-07	0.00e+00	0.00e+00	0.00e+00	0.00e+00
 2.29373e+23	5.93e-12	1.36e-06	3.93e-04	4.47e-03	9.87e-03	3.73e-02	3.57e-01	5.03e-01	8.30e-02	5.03e-03	3.03e-04	1.81e-05	3.52e-07	0.00e+00	0.00e+00	0.00e+00	0.00e+00
 2.30585e+23	7.48e-12	1.64e-06	4.60e-04	5.08e-03	1.08e-02	4.03e-02	3.68e-01	4.93e-01	7.75e-02	4.53e-03	2.65e-04	1.53e-05	2.91e-07	0.00e+00	0.00e+00	0.00e+00	0.00e+00
 2.31952e+23	1.00e-11	2.08e-06	5.62e-04	5.96e-03	1.21e-02	4.43e-02	3.81e-01	4.81e-01	7.10e-02	3.97e-03	2.23e-04	1.25e-05	2.28e-07	0.00e+00	0.00e+00	0.00e+00	0.00e+00
 2.33362e+23	1.30e-11	2.57e-06	6.69e-04	6.86e-03	1.34e-02	4.82e-02	3.92e-01	4.69e-01	6.56e-02	3.53e-03	1.91e-04	1.04e-05	1.84e-07	0.00e+00	0.00e+00	0.00e+00	0.00e+00
 2.34616e+23	1.64e-11	3.12e-06	7.87e-04	7.80e-03	1.47e-02	5.19e-02	4.03e-01	4.58e-01	6.08e-02	3.16e-03	1.66e-04	8.75e-06	1.51e-07	0.00e+00	0.00e+00	0.00e+00	0.00e+00
 2.36033e+23	2.22e-11	4.00e-06	9.65e-04	9.17e-03	1.64e-02	5.69e-02	4.15e-01	4.43e-01	5.53e-02	2.74e-03	1.39e-04	7.05e-06	0.00e+00	0.00e+00	0.00e+00	0.00e+00	0.00e+00
 2.37504e+23	2.89e-11	4.97e-06	1.16e-03	1.06e-02	1.81e-02	6.17e-02	4.26e-01	4.29e-01	5.06e-02	2.41e-03	1.18e-04	5.80e-06	0.00e+00	0.00e+00	0.00e+00	0.00e+00	0.00e+00
 2.38824e+23	3.69e-11	6.11e-06	1.37e-03	1.21e-02	1.98e-02	6.64e-02	4.35e-01	4.16e-01	4.65e-02	2.14e-03	1.01e-04	4.83e-06	0.00e+00	0.00e+00	0.00e+00	0.00e+00	0.00e+00
 2.40320e+23	5.08e-11	7.95e-06	1.70e-03	1.43e-02	2.22e-02	7.27e-02	4.47e-01	3.99e-01	4.16e-02	1.83e-03	8.27e-05	3.81e-06	0.00e+00	0.00e+00	0.00e+00	0.00e+00	0.00e+00
 2.41865e+23	6.65e-11	9.95e-06	2.03e-03	1.64e-02	2.44e-02	7.85e-02	4.55e-01	3.84e-01	3.78e-02	1.60e-03	6.97e-05	3.11e-06	0.00e+00	0.00e+00	0.00e+00	0.00e+00	0.00e+00
 2.43476e+23	9.31e-11	1.32e-05	2.55e-03	1.96e-02	2.74e-02	8.60e-02	4.65e-01	3.64e-01	3.34e-02	1.35e-03	5.61e-05	2.41e-06	0.00e+00	0.00e+00	0.00e+00	0.00e+00	0.00e+00
 2.45103e+23	1.23e-10	1.66e-05	3.06e-03	2.25e-02	3.01e-02	9.25e-02	4.72e-01	3.48e-01	3.01e-02	1.17e-03	4.69e-05	1.95e-06	0.00e+00	0.00e+00	0.00e+00	0.00e+00	0.00e+00
 2.46530e+23	1.60e-10	2.07e-05	3.66e-03	2.58e-02	3.29e-02	9.89e-02	4.78e-01	3.33e-01	2.72e-02	1.02e-03	3.94e-05	1.59e-06	0.00e+00	0.00e+00	0.00e+00	0.00e+00	0.00e+00
 2.48166e+23	2.25e-10	2.75e-05	4.58e-03	3.06e-02	3.67e-02	1.08e-01	4.84e-01	3.12e-01	2.36e-02	8.47e-04	3.11e-05	1.20e-06	0.00e+00	0.00e+00	0.00e+00	0.00e+00	0.00e+00
 2.49820e+23	2.95e-10	3.44e-05	5.47e-03	3.50e-02	4.00e-02	1.15e-01	4.87e-01	2.95e-01	2.11e-02	7.30e-04	2.59e-05	9.69e-07	0.00e+00	0.00e+00	0.00e+00	0.00e+00	0.00e+00
 2.51498e+23	4.16e-10	4.57e-05	6.84e-03	4.13e-02	4.45e-02	1.24e-01	4.89e-01	2.75e-01	1.82e-02	6.04e-04	2.04e-05	7.35e-07	0.00e+00	0.00e+00	0.00e+00	0.00e+00	0.00e+00
 2.53206e+23	5.52e-10	5.76e-05	8.21e-03	4.73e-02	4.84e-02	1.32e-01	4.89e-01	2.58e-01	1.61e-02	5.15e-04	1.67e-05	5.82e-07	0.00e+00	0.00e+00	0.00e+00	0.00e+00	0.00e+00
