#depth	He	He+	He+2
 4.62852e+21	5.17e-08	1.97e-03	9.98e-01
 1.02878e+22	1.19e-07	2.96e-03	9.97e-01
 1.18339e+22	1.78e-07	3.60e-03	9.96e-01
 1.26070e+22	2.17e-07	3.97e-03	9.96e-01
 1.29568e+22	2.33e-07	4.11e-03	9.96e-01
 1.31685e+22	2.55e-07	4.29e-03	9.96e-01
 1.33981e+22	2.77e-07	4.47e-03	9.96e-01
 1.36509e+22	3.07e-07	4.70e-03	9.95e-01
 1.39115e+22	3.37e-07	4.92e-03	9.95e-01
 1.41389e+22	3.66e-07	5.12e-03	9.95e-01
 1.43910e+22	4.05e-07	5.38e-03	9.95e-01
 1.46581e+22	4.45e-07	5.63e-03	9.94e-01
 1.49020e+22	4.86e-07	5.88e-03	9.94e-01
 1.51767e+22	5.43e-07	6.21e-03	9.94e-01
 1.54571e+22	5.96e-07	6.50e-03	9.94e-01
 1.57074e+22	6.52e-07	6.79e-03	9.93e-01
 1.59951e+22	7.31e-07	7.18e-03	9.93e-01
 1.62882e+22	8.05e-07	7.53e-03	9.92e-01
 1.65882e+22	9.06e-07	7.98e-03	9.92e-01
 1.68929e+22	9.99e-07	8.37e-03	9.92e-01
 1.72037e+22	1.13e-06	8.88e-03	9.91e-01
 1.75145e+22	1.24e-06	9.31e-03	9.91e-01
 1.78255e+22	1.40e-06	9.89e-03	9.90e-01
 1.81456e+22	1.55e-06	1.04e-02	9.90e-01
 1.84043e+22	1.69e-06	1.08e-02	9.89e-01
 1.86323e+22	1.82e-06	1.12e-02	9.89e-01
 1.88935e+22	2.01e-06	1.18e-02	9.88e-01
 1.91714e+22	2.20e-06	1.23e-02	9.88e-01
 1.94295e+22	2.40e-06	1.29e-02	9.87e-01
 1.97236e+22	2.69e-06	1.36e-02	9.86e-01
 2.00207e+22	2.95e-06	1.42e-02	9.86e-01
 2.02823e+22	3.22e-06	1.49e-02	9.85e-01
 2.05829e+22	3.60e-06	1.57e-02	9.84e-01
 2.08907e+22	3.96e-06	1.65e-02	9.84e-01
 2.11634e+22	4.35e-06	1.73e-02	9.83e-01
 2.14736e+22	4.87e-06	1.83e-02	9.82e-01
 2.17928e+22	5.39e-06	1.92e-02	9.81e-01
 2.20771e+22	5.93e-06	2.01e-02	9.80e-01
 2.24004e+22	6.67e-06	2.13e-02	9.79e-01
 2.27340e+22	7.41e-06	2.24e-02	9.78e-01
 2.30308e+22	8.16e-06	2.35e-02	9.76e-01
 2.33665e+22	9.23e-06	2.50e-02	9.75e-01
 2.37105e+22	1.03e-05	2.64e-02	9.74e-01
 2.40143e+22	1.13e-05	2.77e-02	9.72e-01
 2.43581e+22	1.29e-05	2.94e-02	9.71e-01
 2.47115e+22	1.44e-05	3.11e-02	9.69e-01
 2.50252e+22	1.59e-05	3.27e-02	9.67e-01
 2.53808e+22	1.81e-05	3.48e-02	9.65e-01
 2.57467e+22	2.03e-05	3.68e-02	9.63e-01
 2.60729e+22	2.25e-05	3.87e-02	9.61e-01
 2.64441e+22	2.58e-05	4.14e-02	9.59e-01
 2.68225e+22	2.89e-05	4.37e-02	9.56e-01
 2.72100e+22	3.32e-05	4.68e-02	9.53e-01
 2.76017e+22	3.73e-05	4.95e-02	9.50e-01
 2.79396e+22	4.15e-05	5.22e-02	9.48e-01
 2.82560e+22	4.58e-05	5.47e-02	9.45e-01
 2.86034e+22	5.18e-05	5.81e-02	9.42e-01
 2.89516e+22	5.74e-05	6.10e-02	9.39e-01
 2.92517e+22	6.30e-05	6.39e-02	9.36e-01
 2.95927e+22	7.11e-05	6.77e-02	9.32e-01
 2.99452e+22	7.88e-05	7.11e-02	9.29e-01
 3.03123e+22	8.95e-05	7.56e-02	9.24e-01
 3.06849e+22	9.99e-05	7.97e-02	9.20e-01
 3.10039e+22	1.10e-04	8.35e-02	9.16e-01
 3.13577e+22	1.25e-04	8.86e-02	9.11e-01
 3.16854e+22	1.35e-04	9.21e-02	9.08e-01
 3.19791e+22	1.49e-04	9.64e-02	9.03e-01
 3.22813e+22	1.62e-04	1.00e-01	8.99e-01
 3.25507e+22	1.76e-04	1.04e-01	8.95e-01
 3.28569e+22	1.94e-04	1.09e-01	8.90e-01
 3.31695e+22	2.12e-04	1.14e-01	8.86e-01
 3.34438e+22	2.30e-04	1.19e-01	8.81e-01
 3.37537e+22	2.54e-04	1.24e-01	8.76e-01
 3.40720e+22	2.78e-04	1.30e-01	8.70e-01
 3.43514e+22	3.01e-04	1.35e-01	8.65e-01
 3.46649e+22	3.34e-04	1.41e-01	8.59e-01
 3.49850e+22	3.63e-04	1.47e-01	8.53e-01
 3.53135e+22	4.03e-04	1.54e-01	8.46e-01
 3.56478e+22	4.39e-04	1.60e-01	8.39e-01
 3.59894e+22	4.89e-04	1.68e-01	8.31e-01
 3.62307e+22	5.02e-04	1.71e-01	8.29e-01
 3.63177e+22	5.13e-04	1.72e-01	8.27e-01
 3.64066e+22	5.29e-04	1.75e-01	8.25e-01
 3.65221e+22	5.46e-04	1.77e-01	8.22e-01
 3.66724e+22	5.75e-04	1.81e-01	8.18e-01
 3.68677e+22	6.06e-04	1.86e-01	8.13e-01
 3.71217e+22	6.62e-04	1.93e-01	8.06e-01
 3.74518e+22	7.32e-04	2.02e-01	7.97e-01
 3.78070e+22	8.03e-04	2.11e-01	7.88e-01
 3.81947e+22	9.03e-04	2.22e-01	7.77e-01
 3.85312e+22	9.69e-04	2.29e-01	7.70e-01
 3.88013e+22	1.05e-03	2.37e-01	7.62e-01
 3.90831e+22	1.12e-03	2.44e-01	7.54e-01
 3.93803e+22	1.22e-03	2.54e-01	7.45e-01
 3.96813e+22	1.31e-03	2.62e-01	7.37e-01
 3.99461e+22	1.41e-03	2.70e-01	7.29e-01
 4.02492e+22	1.53e-03	2.80e-01	7.19e-01
 4.05579e+22	1.65e-03	2.88e-01	7.10e-01
 4.08739e+22	1.80e-03	2.99e-01	6.99e-01
 4.11935e+22	1.94e-03	3.09e-01	6.89e-01
 4.14218e+22	2.03e-03	3.15e-01	6.83e-01
 4.15771e+22	2.10e-03	3.19e-01	6.79e-01
 4.17336e+22	2.19e-03	3.25e-01	6.73e-01
 4.19370e+22	2.31e-03	3.32e-01	6.66e-01
 4.22015e+22	2.49e-03	3.42e-01	6.55e-01
 4.24695e+22	2.64e-03	3.51e-01	6.47e-01
 4.26898e+22	2.78e-03	3.58e-01	6.39e-01
 4.29240e+22	2.96e-03	3.67e-01	6.30e-01
 4.32285e+22	3.21e-03	3.79e-01	6.18e-01
 4.35314e+22	3.42e-03	3.89e-01	6.08e-01
 4.38323e+22	3.70e-03	4.01e-01	5.95e-01
 4.42234e+22	4.13e-03	4.18e-01	5.77e-01
 4.45968e+22	4.43e-03	4.30e-01	5.65e-01
 4.49473e+22	4.85e-03	4.45e-01	5.50e-01
 4.53195e+22	5.25e-03	4.59e-01	5.36e-01
 4.57200e+22	5.80e-03	4.76e-01	5.18e-01
 4.61310e+22	6.32e-03	4.92e-01	5.02e-01
 4.65559e+22	7.05e-03	5.12e-01	4.81e-01
 4.69796e+22	7.65e-03	5.27e-01	4.65e-01
 4.74018e+22	8.52e-03	5.47e-01	4.44e-01
 4.78332e+22	9.29e-03	5.64e-01	4.26e-01
 4.82763e+22	1.04e-02	5.85e-01	4.04e-01
 4.87265e+22	1.14e-02	6.04e-01	3.85e-01
 4.90780e+22	1.22e-02	6.17e-01	3.71e-01
 4.94269e+22	1.34e-02	6.35e-01	3.52e-01
 4.97736e+22	1.43e-02	6.48e-01	3.38e-01
 5.01173e+22	1.56e-02	6.65e-01	3.20e-01
 5.04655e+22	1.69e-02	6.79e-01	3.04e-01
 5.08197e+22	1.85e-02	6.96e-01	2.86e-01
 5.11779e+22	2.00e-02	7.10e-01	2.70e-01
 5.14897e+22	2.16e-02	7.23e-01	2.55e-01
 5.18432e+22	2.38e-02	7.39e-01	2.38e-01
 5.22064e+22	2.60e-02	7.53e-01	2.21e-01
 5.25245e+22	2.81e-02	7.65e-01	2.07e-01
 5.28804e+22	3.12e-02	7.78e-01	1.91e-01
 5.32556e+22	3.44e-02	7.91e-01	1.75e-01
 5.35782e+22	3.75e-02	8.00e-01	1.62e-01
 5.38549e+22	4.04e-02	8.08e-01	1.52e-01
 5.41496e+22	4.44e-02	8.16e-01	1.40e-01
 5.44543e+22	4.85e-02	8.22e-01	1.30e-01
 5.46379e+22	5.04e-02	8.24e-01	1.25e-01
 5.47106e+22	5.15e-02	8.25e-01	1.23e-01
 5.47700e+22	5.24e-02	8.26e-01	1.21e-01
 5.48440e+22	5.38e-02	8.28e-01	1.19e-01
 5.49264e+22	5.52e-02	8.29e-01	1.16e-01
 5.50046e+22	5.67e-02	8.30e-01	1.14e-01
 5.50788e+22	5.82e-02	8.30e-01	1.11e-01
 5.51494e+22	5.95e-02	8.31e-01	1.09e-01
 5.52195e+22	6.11e-02	8.32e-01	1.07e-01
 5.52893e+22	6.25e-02	8.32e-01	1.05e-01
 5.53594e+22	6.41e-02	8.33e-01	1.03e-01
 5.54301e+22	6.59e-02	8.33e-01	1.01e-01
 5.54945e+22	6.73e-02	8.33e-01	9.97e-02
 5.55565e+22	6.89e-02	8.33e-01	9.80e-02
 5.56210e+22	7.06e-02	8.33e-01	9.63e-02
 5.56852e+22	7.24e-02	8.33e-01	9.46e-02
 5.57463e+22	7.41e-02	8.33e-01	9.32e-02
 5.58075e+22	7.60e-02	8.32e-01	9.15e-02
 5.58677e+22	7.77e-02	8.32e-01	9.03e-02
 5.59274e+22	7.97e-02	8.32e-01	8.88e-02
 5.59874e+22	8.16e-02	8.31e-01	8.74e-02
 5.60458e+22	8.37e-02	8.30e-01	8.61e-02
 5.61028e+22	8.57e-02	8.29e-01	8.49e-02
 5.61590e+22	8.80e-02	8.28e-01	8.36e-02
 5.62135e+22	8.99e-02	8.27e-01	8.26e-02
 5.62684e+22	9.22e-02	8.26e-01	8.14e-02
 5.63246e+22	9.47e-02	8.25e-01	8.02e-02
 5.63773e+22	9.70e-02	8.24e-01	7.92e-02
 5.64287e+22	9.92e-02	8.22e-01	7.84e-02
 5.64849e+22	1.02e-01	8.21e-01	7.72e-02
 5.65416e+22	1.05e-01	8.19e-01	7.62e-02
 5.65921e+22	1.07e-01	8.17e-01	7.53e-02
 5.66410e+22	1.10e-01	8.16e-01	7.47e-02
 5.66964e+22	1.13e-01	8.13e-01	7.37e-02
 5.67539e+22	1.16e-01	8.11e-01	7.28e-02
 5.68056e+22	1.20e-01	8.08e-01	7.19e-02
 5.68533e+22	1.22e-01	8.06e-01	7.15e-02
 5.69060e+22	1.26e-01	8.03e-01	7.06e-02
 5.69630e+22	1.30e-01	8.00e-01	6.99e-02
 5.70169e+22	1.34e-01	7.97e-01	6.91e-02
 5.70675e+22	1.37e-01	7.94e-01	6.86e-02
 5.71192e+22	1.41e-01	7.91e-01	6.78e-02
 5.71736e+22	1.46e-01	7.87e-01	6.71e-02
 5.72265e+22	1.50e-01	7.83e-01	6.66e-02
 5.72791e+22	1.54e-01	7.80e-01	6.60e-02
 5.73349e+22	1.60e-01	7.75e-01	6.53e-02
 5.73919e+22	1.65e-01	7.70e-01	6.47e-02
 5.74466e+22	1.70e-01	7.66e-01	6.42e-02
 5.75016e+22	1.76e-01	7.61e-01	6.36e-02
 5.75596e+22	1.82e-01	7.55e-01	6.30e-02
 5.76197e+22	1.88e-01	7.49e-01	6.24e-02
 5.76811e+22	1.95e-01	7.43e-01	6.17e-02
 5.77424e+22	2.03e-01	7.36e-01	6.10e-02
 5.78040e+22	2.10e-01	7.30e-01	6.04e-02
 5.78614e+22	2.17e-01	7.23e-01	5.99e-02
 5.79121e+22	2.24e-01	7.17e-01	5.93e-02
 5.79621e+22	2.30e-01	7.11e-01	5.88e-02
 5.80157e+22	2.38e-01	7.04e-01	5.80e-02
 5.80726e+22	2.46e-01	6.96e-01	5.73e-02
 5.81284e+22	2.54e-01	6.89e-01	5.66e-02
 5.81840e+22	2.63e-01	6.81e-01	5.59e-02
 5.82415e+22	2.72e-01	6.73e-01	5.51e-02
 5.83010e+22	2.81e-01	6.64e-01	5.43e-02
 5.83617e+22	2.92e-01	6.55e-01	5.34e-02
 5.84225e+22	3.01e-01	6.46e-01	5.26e-02
 5.84847e+22	3.12e-01	6.36e-01	5.17e-02
 5.85492e+22	3.24e-01	6.26e-01	5.07e-02
 5.86136e+22	3.35e-01	6.15e-01	4.97e-02
 5.86788e+22	3.47e-01	6.04e-01	4.87e-02
 5.87465e+22	3.60e-01	5.93e-01	4.76e-02
 5.88163e+22	3.73e-01	5.81e-01	4.64e-02
 5.88867e+22	3.86e-01	5.69e-01	4.53e-02
 5.89581e+22	4.00e-01	5.56e-01	4.41e-02
 5.90320e+22	4.14e-01	5.43e-01	4.29e-02
 5.91077e+22	4.29e-01	5.30e-01	4.16e-02
 5.91855e+22	4.44e-01	5.16e-01	4.03e-02
 5.92657e+22	4.60e-01	5.01e-01	3.89e-02
 5.93467e+22	4.75e-01	4.87e-01	3.76e-02
 5.94296e+22	4.91e-01	4.73e-01	3.61e-02
 5.95166e+22	5.08e-01	4.57e-01	3.47e-02
 5.96062e+22	5.25e-01	4.42e-01	3.32e-02
 5.96964e+22	5.41e-01	4.27e-01	3.17e-02
 5.97876e+22	5.57e-01	4.12e-01	3.03e-02
 5.98808e+22	5.74e-01	3.98e-01	2.88e-02
 5.99765e+22	5.90e-01	3.83e-01	2.73e-02
 6.00762e+22	6.06e-01	3.68e-01	2.58e-02
 6.01797e+22	6.22e-01	3.53e-01	2.43e-02
 6.02834e+22	6.37e-01	3.40e-01	2.29e-02
 6.03873e+22	6.52e-01	3.27e-01	2.16e-02
 6.04969e+22	6.67e-01	3.13e-01	2.02e-02
 6.06126e+22	6.81e-01	3.00e-01	1.88e-02
 6.07307e+22	6.95e-01	2.88e-01	1.75e-02
 6.08510e+22	7.08e-01	2.76e-01	1.63e-02
 6.09758e+22	7.21e-01	2.64e-01	1.51e-02
 6.11032e+22	7.33e-01	2.53e-01	1.40e-02
 6.12284e+22	7.44e-01	2.43e-01	1.29e-02
 6.13470e+22	7.54e-01	2.34e-01	1.20e-02
 6.14594e+22	7.63e-01	2.26e-01	1.12e-02
 6.15685e+22	7.71e-01	2.18e-01	1.05e-02
 6.16745e+22	7.79e-01	2.11e-01	9.81e-03
 6.17770e+22	7.86e-01	2.05e-01	9.20e-03
 6.18750e+22	7.93e-01	1.99e-01	8.66e-03
 6.19677e+22	7.99e-01	1.93e-01	8.16e-03
 6.20563e+22	8.04e-01	1.88e-01	7.71e-03
 6.21394e+22	8.09e-01	1.83e-01	7.31e-03
 6.22199e+22	8.14e-01	1.79e-01	6.93e-03
 6.23002e+22	8.19e-01	1.74e-01	6.58e-03
 6.23777e+22	8.23e-01	1.70e-01	6.25e-03
 6.24523e+22	8.28e-01	1.66e-01	5.95e-03
 6.25240e+22	8.32e-01	1.63e-01	5.67e-03
 6.25932e+22	8.35e-01	1.59e-01	5.41e-03
 6.26601e+22	8.39e-01	1.56e-01	5.17e-03
 6.27247e+22	8.42e-01	1.53e-01	4.94e-03
 6.27870e+22	8.46e-01	1.50e-01	4.73e-03
 6.28471e+22	8.49e-01	1.47e-01	4.53e-03
 6.29051e+22	8.52e-01	1.44e-01	4.34e-03
 6.29611e+22	8.55e-01	1.41e-01	4.17e-03
 6.30151e+22	8.58e-01	1.38e-01	4.00e-03
 6.30658e+22	8.60e-01	1.36e-01	3.85e-03
 6.31120e+22	8.63e-01	1.34e-01	3.72e-03
 6.31539e+22	8.65e-01	1.32e-01	3.60e-03
 6.31921e+22	8.67e-01	1.30e-01	3.49e-03
 6.32269e+22	8.69e-01	1.28e-01	3.39e-03
 6.32585e+22	8.70e-01	1.26e-01	3.30e-03
 6.32873e+22	8.72e-01	1.25e-01	3.22e-03
 6.33189e+22	8.74e-01	1.23e-01	3.13e-03
 6.33529e+22	8.75e-01	1.22e-01	3.05e-03
 6.33839e+22	8.77e-01	1.20e-01	2.97e-03
 6.34121e+22	8.78e-01	1.19e-01	2.91e-03
 6.34378e+22	8.79e-01	1.18e-01	2.85e-03
 6.34659e+22	8.81e-01	1.16e-01	2.77e-03
 6.35025e+22	8.83e-01	1.15e-01	2.68e-03
 6.35419e+22	8.84e-01	1.13e-01	2.61e-03
 6.35778e+22	8.86e-01	1.12e-01	2.54e-03
 6.36105e+22	8.87e-01	1.10e-01	2.48e-03
 6.36403e+22	8.88e-01	1.09e-01	2.43e-03
 6.36729e+22	8.90e-01	1.08e-01	2.35e-03
 6.37152e+22	8.92e-01	1.06e-01	2.28e-03
 6.37610e+22	8.93e-01	1.05e-01	2.22e-03
 6.38026e+22	8.95e-01	1.03e-01	2.15e-03
 6.38405e+22	8.96e-01	1.02e-01	2.09e-03
 6.38749e+22	8.98e-01	1.00e-01	2.03e-03
 6.39063e+22	8.99e-01	9.91e-02	1.98e-03
 6.39407e+22	9.00e-01	9.76e-02	1.92e-03
 6.39778e+22	9.02e-01	9.64e-02	1.87e-03
 6.40115e+22	9.03e-01	9.53e-02	1.82e-03
 6.40485e+22	9.04e-01	9.38e-02	1.76e-03
 6.40885e+22	9.06e-01	9.24e-02	1.71e-03
 6.41248e+22	9.07e-01	9.12e-02	1.67e-03
 6.41579e+22	9.08e-01	9.00e-02	1.62e-03
 6.41880e+22	9.09e-01	8.89e-02	1.58e-03
 6.42154e+22	9.11e-01	8.79e-02	1.54e-03
 6.42403e+22	9.11e-01	8.71e-02	1.52e-03
 6.42676e+22	9.13e-01	8.59e-02	1.48e-03
 6.43031e+22	9.14e-01	8.46e-02	1.43e-03
 6.43415e+22	9.15e-01	8.37e-02	1.40e-03
 6.43764e+22	9.16e-01	8.26e-02	1.36e-03
 6.44081e+22	9.17e-01	8.16e-02	1.33e-03
 6.44370e+22	9.18e-01	8.07e-02	1.30e-03
 6.44687e+22	9.19e-01	7.94e-02	1.26e-03
 6.45028e+22	9.20e-01	7.85e-02	1.23e-03
 6.45339e+22	9.21e-01	7.77e-02	1.20e-03
 6.45680e+22	9.22e-01	7.65e-02	1.16e-03
 6.46048e+22	9.23e-01	7.55e-02	1.13e-03
 6.46383e+22	9.24e-01	7.47e-02	1.11e-03
 6.46750e+22	9.25e-01	7.36e-02	1.08e-03
 6.47146e+22	9.26e-01	7.27e-02	1.05e-03
 6.47506e+22	9.27e-01	7.17e-02	1.02e-03
 6.47834e+22	9.28e-01	7.10e-02	1.00e-03
 6.48193e+22	9.29e-01	6.99e-02	9.71e-04
 6.48581e+22	9.30e-01	6.91e-02	9.47e-04
 6.48935e+22	9.31e-01	6.82e-02	9.22e-04
 6.49256e+22	9.32e-01	6.75e-02	9.05e-04
 6.49608e+22	9.33e-01	6.65e-02	8.78e-04
 6.49988e+22	9.33e-01	6.58e-02	8.57e-04
 6.50334e+22	9.34e-01	6.51e-02	8.40e-04
 6.50713e+22	9.35e-01	6.40e-02	8.12e-04
 6.51122e+22	9.36e-01	6.32e-02	7.93e-04
 6.51494e+22	9.37e-01	6.24e-02	7.71e-04
 6.51833e+22	9.37e-01	6.18e-02	7.56e-04
 6.52205e+22	9.38e-01	6.08e-02	7.33e-04
 6.52605e+22	9.39e-01	6.01e-02	7.15e-04
 6.52970e+22	9.40e-01	5.94e-02	7.00e-04
 6.53370e+22	9.41e-01	5.85e-02	6.77e-04
 6.53802e+22	9.42e-01	5.77e-02	6.61e-04
 6.54194e+22	9.42e-01	5.71e-02	6.45e-04
 6.54625e+22	9.43e-01	5.61e-02	6.23e-04
 6.55089e+22	9.44e-01	5.53e-02	6.07e-04
 6.55512e+22	9.45e-01	5.46e-02	5.92e-04
 6.55975e+22	9.46e-01	5.36e-02	5.70e-04
 6.56475e+22	9.47e-01	5.28e-02	5.53e-04
 6.56930e+22	9.47e-01	5.22e-02	5.39e-04
 6.57429e+22	9.48e-01	5.12e-02	5.19e-04
 6.57967e+22	9.49e-01	5.04e-02	5.05e-04
 6.58457e+22	9.50e-01	4.96e-02	4.88e-04
 6.58903e+22	9.51e-01	4.89e-02	4.75e-04
 6.59392e+22	9.52e-01	4.80e-02	4.58e-04
 6.59919e+22	9.52e-01	4.74e-02	4.45e-04
 6.60399e+22	9.53e-01	4.66e-02	4.32e-04
 6.60925e+22	9.54e-01	4.58e-02	4.16e-04
 6.61493e+22	9.55e-01	4.50e-02	4.03e-04
 6.62009e+22	9.55e-01	4.44e-02	3.91e-04
 6.62576e+22	9.56e-01	4.35e-02	3.76e-04
 6.63187e+22	9.57e-01	4.28e-02	3.65e-04
 6.63743e+22	9.58e-01	4.21e-02	3.52e-04
 6.64249e+22	9.58e-01	4.15e-02	3.42e-04
 6.64804e+22	9.59e-01	4.07e-02	3.29e-04
 6.65403e+22	9.60e-01	4.00e-02	3.18e-04
 6.65948e+22	9.60e-01	3.94e-02	3.09e-04
 6.66545e+22	9.61e-01	3.86e-02	2.97e-04
 6.67189e+22	9.62e-01	3.79e-02	2.87e-04
 6.67776e+22	9.62e-01	3.73e-02	2.78e-04
 6.68419e+22	9.63e-01	3.66e-02	2.66e-04
 6.69113e+22	9.64e-01	3.59e-02	2.57e-04
 6.69744e+22	9.64e-01	3.53e-02	2.48e-04
 6.70436e+22	9.65e-01	3.45e-02	2.37e-04
 6.71183e+22	9.66e-01	3.39e-02	2.29e-04
 6.71863e+22	9.67e-01	3.32e-02	2.20e-04
 6.72482e+22	9.67e-01	3.26e-02	2.13e-04
 6.73160e+22	9.68e-01	3.19e-02	2.04e-04
 6.73891e+22	9.68e-01	3.13e-02	1.96e-04
 6.74557e+22	9.69e-01	3.08e-02	1.90e-04
 6.75287e+22	9.70e-01	3.01e-02	1.81e-04
 6.76075e+22	9.70e-01	2.95e-02	1.74e-04
 6.76792e+22	9.71e-01	2.89e-02	1.68e-04
 6.77578e+22	9.72e-01	2.83e-02	1.60e-04
 6.78426e+22	9.72e-01	2.77e-02	1.54e-04
 6.79198e+22	9.73e-01	2.71e-02	1.47e-04
 6.79900e+22	9.73e-01	2.66e-02	1.42e-04
 6.80670e+22	9.74e-01	2.60e-02	1.36e-04
 6.81501e+22	9.74e-01	2.55e-02	1.31e-04
 6.82257e+22	9.75e-01	2.50e-02	1.26e-04
 6.83085e+22	9.75e-01	2.44e-02	1.20e-04
 6.83980e+22	9.76e-01	2.39e-02	1.15e-04
 6.84794e+22	9.77e-01	2.34e-02	1.10e-04
 6.85686e+22	9.77e-01	2.28e-02	1.05e-04
 6.86649e+22	9.78e-01	2.23e-02	1.00e-04
 6.87525e+22	9.78e-01	2.18e-02	9.58e-05
 6.88322e+22	9.79e-01	2.13e-02	9.22e-05
 6.89196e+22	9.79e-01	2.09e-02	8.80e-05
 6.90139e+22	9.80e-01	2.04e-02	8.41e-05
 6.90998e+22	9.80e-01	1.99e-02	8.05e-05
 6.91938e+22	9.80e-01	1.94e-02	7.67e-05
 6.93161e+22	9.81e-01	1.88e-02	7.18e-05
 6.94514e+22	9.82e-01	1.82e-02	6.72e-05
 6.95858e+22	9.82e-01	1.76e-02	6.28e-05
 6.97239e+22	9.83e-01	1.70e-02	5.87e-05
 6.98644e+22	9.84e-01	1.64e-02	5.48e-05
 7.00066e+22	9.84e-01	1.58e-02	5.11e-05
 7.01503e+22	9.85e-01	1.53e-02	4.76e-05
 7.02953e+22	9.85e-01	1.47e-02	4.44e-05
 7.04418e+22	9.86e-01	1.42e-02	4.14e-05
 7.05898e+22	9.86e-01	1.37e-02	3.85e-05
 7.07391e+22	9.87e-01	1.32e-02	3.59e-05
 7.08897e+22	9.87e-01	1.27e-02	3.34e-05
 7.10416e+22	9.88e-01	1.23e-02	3.10e-05
 7.11948e+22	9.88e-01	1.18e-02	2.89e-05
 7.13491e+22	9.89e-01	1.14e-02	2.68e-05
 7.15044e+22	9.89e-01	1.10e-02	2.49e-05
 7.16607e+22	9.89e-01	1.06e-02	2.32e-05
 7.18180e+22	9.90e-01	1.02e-02	2.15e-05
 7.19765e+22	9.90e-01	9.81e-03	2.00e-05
 7.21364e+22	9.91e-01	9.44e-03	1.85e-05
 7.22971e+22	9.91e-01	9.09e-03	1.72e-05
 7.24590e+22	9.91e-01	8.75e-03	1.59e-05
 7.26219e+22	9.92e-01	8.42e-03	1.48e-05
 7.27859e+22	9.92e-01	8.10e-03	1.37e-05
 7.29533e+22	9.92e-01	7.78e-03	1.27e-05
 7.31240e+22	9.93e-01	7.48e-03	1.17e-05
 7.32963e+22	9.93e-01	7.19e-03	1.08e-05
 7.34705e+22	9.93e-01	6.90e-03	1.00e-05
 7.36462e+22	9.93e-01	6.63e-03	9.25e-06
 7.38237e+22	9.94e-01	6.36e-03	8.53e-06
 7.40029e+22	9.94e-01	6.11e-03	7.87e-06
 7.41842e+22	9.94e-01	5.86e-03	7.25e-06
 7.43682e+22	9.94e-01	5.62e-03	6.68e-06
 7.45549e+22	9.95e-01	5.38e-03	6.15e-06
 7.47462e+22	9.95e-01	5.16e-03	5.64e-06
 7.49418e+22	9.95e-01	4.93e-03	5.17e-06
 7.51402e+22	9.95e-01	4.72e-03	4.74e-06
 7.53419e+22	9.95e-01	4.51e-03	4.34e-06
 7.55467e+22	9.96e-01	4.31e-03	3.97e-06
 7.57549e+22	9.96e-01	4.12e-03	3.62e-06
 7.59666e+22	9.96e-01	3.93e-03	3.30e-06
 7.61824e+22	9.96e-01	3.75e-03	3.01e-06
 7.64031e+22	9.96e-01	3.57e-03	2.73e-06
 7.66287e+22	9.97e-01	3.40e-03	2.48e-06
 7.68587e+22	9.97e-01	3.23e-03	2.25e-06
 7.70936e+22	9.97e-01	3.07e-03	2.03e-06
 7.73333e+22	9.97e-01	2.91e-03	1.84e-06
 7.75763e+22	9.97e-01	2.77e-03	1.66e-06
 7.78214e+22	9.97e-01	2.62e-03	1.49e-06
 7.80691e+22	9.98e-01	2.49e-03	1.35e-06
 7.83178e+22	9.98e-01	2.36e-03	1.21e-06
 7.85681e+22	9.98e-01	2.24e-03	1.09e-06
 7.88207e+22	9.98e-01	2.12e-03	9.84e-07
 7.90751e+22	9.98e-01	2.01e-03	8.85e-07
 7.93309e+22	9.98e-01	1.90e-03	7.96e-07
 7.95884e+22	9.98e-01	1.80e-03	7.15e-07
 7.98477e+22	9.98e-01	1.71e-03	6.43e-07
 8.01079e+22	9.98e-01	1.62e-03	5.77e-07
 8.03689e+22	9.98e-01	1.53e-03	5.18e-07
 8.06322e+22	9.99e-01	1.45e-03	4.65e-07
 8.08979e+22	9.99e-01	1.37e-03	4.16e-07
 8.11652e+22	9.99e-01	1.29e-03	3.73e-07
 8.14337e+22	9.99e-01	1.22e-03	3.34e-07
 8.17035e+22	9.99e-01	1.15e-03	2.98e-07
 8.19746e+22	9.99e-01	1.09e-03	2.67e-07
 8.22471e+22	9.99e-01	1.03e-03	2.38e-07
 8.25207e+22	9.99e-01	9.70e-04	2.13e-07
 8.27954e+22	9.99e-01	9.15e-04	1.90e-07
 8.30710e+22	9.99e-01	8.63e-04	1.69e-07
 8.33475e+22	9.99e-01	8.13e-04	1.51e-07
 8.36246e+22	9.99e-01	7.67e-04	1.34e-07
 8.39023e+22	9.99e-01	7.22e-04	1.19e-07
 8.41803e+22	9.99e-01	6.80e-04	1.06e-07
 8.44582e+22	9.99e-01	6.41e-04	9.48e-08
 8.47317e+22	9.99e-01	6.05e-04	8.46e-08
 8.50039e+22	9.99e-01	5.70e-04	7.54e-08
 8.52772e+22	9.99e-01	5.37e-04	6.72e-08
 8.55529e+22	9.99e-01	5.06e-04	5.98e-08
 8.58268e+22	1.00e+00	4.76e-04	5.32e-08
 8.60968e+22	1.00e+00	4.49e-04	4.75e-08
 8.63623e+22	1.00e+00	4.24e-04	4.25e-08
 8.66196e+22	1.00e+00	4.01e-04	3.81e-08
 8.68731e+22	1.00e+00	3.79e-04	3.42e-08
 8.71200e+22	1.00e+00	3.59e-04	3.08e-08
 8.73564e+22	1.00e+00	3.40e-04	2.79e-08
 8.75793e+22	1.00e+00	3.24e-04	2.54e-08
 8.77834e+22	1.00e+00	3.10e-04	2.33e-08
 8.79666e+22	1.00e+00	2.98e-04	2.16e-08
 8.81333e+22	1.00e+00	2.87e-04	2.01e-08
 8.82866e+22	1.00e+00	2.78e-04	1.89e-08
 8.84290e+22	1.00e+00	2.69e-04	1.78e-08
 8.85626e+22	1.00e+00	2.61e-04	1.68e-08
 8.86894e+22	1.00e+00	2.54e-04	1.59e-08
 8.88113e+22	1.00e+00	2.47e-04	1.51e-08
 8.89292e+22	1.00e+00	2.41e-04	1.44e-08
 8.90445e+22	1.00e+00	2.35e-04	1.37e-08
 8.91587e+22	1.00e+00	2.29e-04	1.31e-08
 8.92715e+22	1.00e+00	2.23e-04	1.25e-08
 8.93846e+22	1.00e+00	2.18e-04	1.19e-08
 8.94998e+22	1.00e+00	2.13e-04	1.13e-08
 8.96178e+22	1.00e+00	2.07e-04	1.08e-08
 8.97397e+22	1.00e+00	2.02e-04	1.03e-08
 8.98652e+22	1.00e+00	1.97e-04	9.75e-09
 8.99955e+22	1.00e+00	1.91e-04	9.23e-09
 9.01327e+22	1.00e+00	1.86e-04	8.72e-09
 9.02781e+22	1.00e+00	1.80e-04	8.20e-09
 9.04328e+22	1.00e+00	1.74e-04	7.68e-09
 9.05981e+22	1.00e+00	1.68e-04	7.16e-09
 9.07746e+22	1.00e+00	1.61e-04	6.63e-09
 9.09623e+22	1.00e+00	1.55e-04	6.12e-09
 9.11572e+22	1.00e+00	1.48e-04	5.62e-09
 9.13642e+22	1.00e+00	1.42e-04	5.12e-09
 9.15858e+22	1.00e+00	1.35e-04	4.64e-09
 9.18136e+22	1.00e+00	1.28e-04	4.20e-09
 9.20454e+22	1.00e+00	1.21e-04	3.78e-09
 9.22812e+22	1.00e+00	1.15e-04	3.40e-09
 9.24852e+22	1.00e+00	1.10e-04	3.13e-09
