#depth	S	S+	S+2	S+3	S+4	S+5	S+6	S+7	S+8	S+9	S+10	S+11	S+12	S+13	S+14	S+15	S+16
 4.62852e+21	0.00e+00	0.00e+00	0.00e+00	0.00e+00	0.00e+00	0.00e+00	0.00e+00	2.93e-23	8.12e-20	9.30e-17	6.52e-14	2.37e-11	5.49e-09	1.34e-06	6.49e-04	4.44e-02	9.55e-01
 1.05423e+22	0.00e+00	0.00e+00	0.00e+00	0.00e+00	0.00e+00	0.00e+00	1.50e-25	7.27e-22	1.39e-18	1.12e-15	5.42e-13	1.37e-10	2.23e-08	3.82e-06	1.30e-03	6.22e-02	9.36e-01
 1.27038e+22	0.00e+00	0.00e+00	0.00e+00	0.00e+00	0.00e+00	1.16e-28	1.68e-24	6.35e-21	9.50e-18	5.95e-15	2.25e-12	4.45e-10	5.71e-08	7.71e-06	2.06e-03	7.78e-02	9.20e-01
 1.42809e+22	0.00e+00	0.00e+00	0.00e+00	0.00e+00	1.19e-31	9.76e-28	1.16e-23	3.57e-20	4.38e-17	2.25e-14	6.98e-12	1.14e-09	1.20e-07	1.34e-05	2.97e-03	9.27e-02	9.04e-01
 1.51570e+22	0.00e+00	0.00e+00	0.00e+00	0.00e+00	2.12e-31	1.67e-27	1.88e-23	5.52e-20	6.43e-17	3.14e-14	9.27e-12	1.44e-09	1.45e-07	1.55e-05	3.26e-03	9.68e-02	9.00e-01
 1.54828e+22	0.00e+00	0.00e+00	0.00e+00	0.00e+00	3.48e-31	2.63e-27	2.84e-23	7.98e-20	8.92e-17	4.18e-14	1.18e-11	1.75e-09	1.70e-07	1.74e-05	3.52e-03	1.00e-01	8.96e-01
 1.57820e+22	0.00e+00	0.00e+00	0.00e+00	0.00e+00	5.67e-31	4.12e-27	4.27e-23	1.15e-19	1.23e-16	5.53e-14	1.50e-11	2.14e-09	1.99e-07	1.96e-05	3.80e-03	1.04e-01	8.92e-01
 1.61240e+22	0.00e+00	0.00e+00	0.00e+00	0.00e+00	1.02e-30	7.10e-27	6.99e-23	1.79e-19	1.82e-16	7.76e-14	2.00e-11	2.71e-09	2.41e-07	2.25e-05	4.17e-03	1.09e-01	8.87e-01
 1.64784e+22	0.00e+00	0.00e+00	0.00e+00	0.00e+00	1.77e-30	1.18e-26	1.11e-22	2.70e-19	2.62e-16	1.07e-13	2.62e-11	3.39e-09	2.88e-07	2.57e-05	4.55e-03	1.13e-01	8.82e-01
 1.67839e+22	0.00e+00	0.00e+00	0.00e+00	0.00e+00	2.91e-30	1.86e-26	1.67e-22	3.91e-19	3.63e-16	1.42e-13	3.34e-11	4.14e-09	3.38e-07	2.89e-05	4.91e-03	1.17e-01	8.78e-01
 1.70696e+22	0.00e+00	0.00e+00	0.00e+00	0.00e+00	4.67e-30	2.87e-26	2.48e-22	5.56e-19	4.97e-16	1.86e-13	4.20e-11	5.01e-09	3.93e-07	3.24e-05	5.29e-03	1.21e-01	8.73e-01
 1.73390e+22	0.00e+00	0.00e+00	0.00e+00	0.00e+00	7.05e-30	4.20e-26	3.50e-22	7.57e-19	6.52e-16	2.36e-13	5.14e-11	5.91e-09	4.48e-07	3.57e-05	5.64e-03	1.25e-01	8.69e-01
 1.76336e+22	0.00e+00	0.00e+00	0.00e+00	0.00e+00	1.17e-29	6.72e-26	5.35e-22	1.11e-18	9.11e-16	3.15e-13	6.58e-11	7.25e-09	5.27e-07	4.03e-05	6.10e-03	1.30e-01	8.64e-01
 1.79429e+22	0.00e+00	0.00e+00	0.00e+00	0.00e+00	1.90e-29	1.05e-25	8.02e-22	1.59e-18	1.26e-15	4.17e-13	8.34e-11	8.82e-09	6.16e-07	4.52e-05	6.58e-03	1.34e-01	8.59e-01
 1.82142e+22	0.00e+00	0.00e+00	0.00e+00	0.00e+00	2.93e-29	1.57e-25	1.15e-21	2.20e-18	1.67e-15	5.35e-13	1.03e-10	1.05e-08	7.08e-07	5.01e-05	7.03e-03	1.39e-01	8.54e-01
 1.85097e+22	0.00e+00	0.00e+00	0.00e+00	0.00e+00	4.91e-29	2.52e-25	1.77e-21	3.23e-18	2.35e-15	7.19e-13	1.32e-10	1.29e-08	8.34e-07	5.66e-05	7.61e-03	1.44e-01	8.49e-01
 1.88223e+22	0.00e+00	0.00e+00	0.00e+00	8.40e-33	8.01e-29	3.95e-25	2.67e-21	4.66e-18	3.25e-15	9.53e-13	1.68e-10	1.57e-08	9.76e-07	6.36e-05	8.21e-03	1.49e-01	8.43e-01
 1.90943e+22	0.00e+00	0.00e+00	0.00e+00	1.34e-32	1.23e-28	5.89e-25	3.83e-21	6.44e-18	4.33e-15	1.22e-12	2.08e-10	1.88e-08	1.12e-06	7.05e-05	8.77e-03	1.53e-01	8.38e-01
 1.93852e+22	0.00e+00	0.00e+00	0.00e+00	2.30e-32	2.04e-28	9.37e-25	5.83e-21	9.38e-18	6.03e-15	1.63e-12	2.65e-10	2.29e-08	1.31e-06	7.93e-05	9.47e-03	1.59e-01	8.32e-01
 1.96930e+22	0.00e+00	0.00e+00	0.00e+00	3.85e-32	3.30e-28	1.46e-24	8.71e-21	1.34e-17	8.29e-15	2.15e-12	3.36e-10	2.78e-08	1.53e-06	8.88e-05	1.02e-02	1.64e-01	8.26e-01
 1.99672e+22	0.00e+00	0.00e+00	0.00e+00	6.16e-32	5.11e-28	2.18e-24	1.25e-20	1.86e-17	1.11e-14	2.77e-12	4.16e-10	3.32e-08	1.76e-06	9.85e-05	1.09e-02	1.69e-01	8.20e-01
 2.02135e+22	0.00e+00	0.00e+00	0.00e+00	9.41e-32	7.57e-28	3.13e-24	1.74e-20	2.50e-17	1.44e-14	3.47e-12	5.04e-10	3.89e-08	2.00e-06	1.08e-04	1.16e-02	1.74e-01	8.15e-01
 2.04442e+22	0.00e+00	0.00e+00	0.00e+00	1.39e-31	1.09e-27	4.39e-24	2.37e-20	3.29e-17	1.83e-14	4.28e-12	6.02e-10	4.50e-08	2.25e-06	1.18e-04	1.22e-02	1.78e-01	8.10e-01
 2.07091e+22	0.00e+00	0.00e+00	0.00e+00	2.25e-31	1.70e-27	6.63e-24	3.44e-20	4.59e-17	2.45e-14	5.52e-12	7.47e-10	5.38e-08	2.59e-06	1.31e-04	1.31e-02	1.83e-01	8.03e-01
 2.09936e+22	0.00e+00	0.00e+00	0.00e+00	3.62e-31	2.65e-27	9.97e-24	4.98e-20	6.40e-17	3.29e-14	7.13e-12	9.28e-10	6.43e-08	2.98e-06	1.45e-04	1.40e-02	1.89e-01	7.97e-01
 2.12500e+22	0.00e+00	0.00e+00	0.00e+00	3.02e-31	2.14e-27	7.80e-24	7.02e-20	8.71e-17	4.32e-14	9.03e-12	1.13e-09	7.59e-08	3.40e-06	1.60e-04	1.49e-02	1.94e-01	7.91e-01
 2.14928e+22	0.00e+00	0.00e+00	0.00e+00	4.63e-31	3.19e-27	1.13e-23	9.79e-20	1.17e-16	5.62e-14	1.13e-11	1.38e-09	8.90e-08	3.85e-06	1.75e-04	1.58e-02	1.99e-01	7.85e-01
 2.17323e+22	0.00e+00	0.00e+00	0.00e+00	6.99e-31	4.69e-27	1.60e-23	1.35e-19	1.56e-16	7.24e-14	1.41e-11	1.66e-09	1.04e-07	4.35e-06	1.92e-04	1.67e-02	2.04e-01	7.79e-01
 2.20044e+22	0.00e+00	0.00e+00	0.00e+00	1.16e-30	7.54e-27	2.49e-23	2.01e-19	2.23e-16	9.90e-14	1.86e-11	2.09e-09	1.25e-07	5.05e-06	2.14e-04	1.79e-02	2.10e-01	7.71e-01
 2.22851e+22	0.00e+00	0.00e+00	0.00e+00	1.84e-30	1.16e-26	3.69e-23	2.86e-19	3.07e-16	1.31e-13	2.37e-11	2.57e-09	1.49e-07	5.78e-06	2.36e-04	1.91e-02	2.16e-01	7.64e-01
 2.25293e+22	0.00e+00	0.00e+00	0.00e+00	2.80e-30	1.70e-26	5.28e-23	3.96e-19	4.10e-16	1.70e-13	2.97e-11	3.11e-09	1.74e-07	6.54e-06	2.58e-04	2.02e-02	2.22e-01	7.58e-01
 2.27992e+22	0.00e+00	0.00e+00	0.00e+00	4.58e-30	2.70e-26	8.08e-23	5.83e-19	5.79e-16	2.30e-13	3.86e-11	3.89e-09	2.09e-07	7.56e-06	2.87e-04	2.17e-02	2.28e-01	7.50e-01
 2.30865e+22	0.00e+00	0.00e+00	0.00e+00	7.40e-30	4.22e-26	1.22e-22	8.45e-19	8.08e-16	3.09e-13	4.99e-11	4.83e-09	2.50e-07	8.71e-06	3.19e-04	2.31e-02	2.34e-01	7.42e-01
 2.33319e+22	0.00e+00	0.00e+00	0.00e+00	1.12e-29	6.19e-26	1.73e-22	1.16e-18	1.08e-15	3.98e-13	6.21e-11	5.82e-09	2.91e-07	9.83e-06	3.48e-04	2.45e-02	2.40e-01	7.35e-01
 2.35510e+22	0.00e+00	0.00e+00	0.00e+00	1.64e-29	8.83e-26	2.40e-22	1.57e-18	1.40e-15	5.03e-13	7.62e-11	6.91e-09	3.36e-07	1.10e-05	3.78e-04	2.58e-02	2.45e-01	7.29e-01
 2.38007e+22	0.00e+00	0.00e+00	0.00e+00	2.60e-29	1.36e-25	3.58e-22	2.25e-18	1.94e-15	6.69e-13	9.75e-11	8.52e-09	3.99e-07	1.26e-05	4.17e-04	2.74e-02	2.52e-01	7.21e-01
 2.40684e+22	0.00e+00	0.00e+00	4.36e-33	4.01e-29	2.04e-25	5.20e-22	3.15e-18	2.62e-15	8.75e-13	1.23e-10	1.04e-08	4.69e-07	1.43e-05	4.58e-04	2.91e-02	2.58e-01	7.13e-01
 2.43178e+22	0.00e+00	0.00e+00	6.87e-33	6.16e-29	3.03e-25	7.51e-22	4.40e-18	3.54e-15	1.14e-12	1.55e-10	1.26e-08	5.49e-07	1.62e-05	5.01e-04	3.08e-02	2.64e-01	7.05e-01
 2.46005e+22	0.00e+00	0.00e+00	1.19e-32	1.03e-28	4.92e-25	1.17e-21	6.59e-18	5.08e-15	1.57e-12	2.04e-10	1.59e-08	6.66e-07	1.88e-05	5.59e-04	3.30e-02	2.71e-01	6.95e-01
 2.48794e+22	0.00e+00	0.00e+00	1.93e-32	1.63e-28	7.50e-25	1.73e-21	9.37e-18	6.96e-15	2.07e-12	2.60e-10	1.96e-08	7.89e-07	2.15e-05	6.16e-04	3.51e-02	2.78e-01	6.87e-01
 2.51023e+22	0.00e+00	0.00e+00	2.91e-32	2.39e-28	1.07e-24	2.40e-21	1.26e-17	9.09e-15	2.62e-12	3.19e-10	2.33e-08	9.10e-07	2.41e-05	6.68e-04	3.69e-02	2.83e-01	6.79e-01
 2.53409e+22	0.00e+00	0.00e+00	4.63e-32	3.70e-28	1.61e-24	3.50e-21	1.78e-17	1.23e-14	3.43e-12	4.03e-10	2.84e-08	1.07e-06	2.73e-05	7.33e-04	3.91e-02	2.90e-01	6.71e-01
 2.56030e+22	0.00e+00	0.00e+00	7.43e-32	5.76e-28	2.44e-24	5.12e-21	2.51e-17	1.68e-14	4.51e-12	5.11e-10	3.47e-08	1.26e-06	3.11e-05	8.05e-04	4.14e-02	2.96e-01	6.62e-01
 2.58494e+22	0.00e+00	0.00e+00	1.16e-31	8.73e-28	3.59e-24	7.31e-21	3.47e-17	2.25e-14	5.83e-12	6.38e-10	4.19e-08	1.47e-06	3.51e-05	8.79e-04	4.37e-02	3.02e-01	6.53e-01
 2.61236e+22	0.00e+00	0.00e+00	1.98e-31	1.44e-27	5.73e-24	1.13e-20	5.13e-17	3.19e-14	7.94e-12	8.35e-10	5.25e-08	1.77e-06	4.06e-05	9.76e-04	4.67e-02	3.10e-01	6.42e-01
 2.63971e+22	0.00e+00	0.00e+00	2.00e-31	1.42e-27	5.45e-24	1.65e-20	7.26e-17	4.36e-14	1.05e-11	1.06e-09	6.44e-08	2.10e-06	4.63e-05	1.07e-03	4.95e-02	3.17e-01	6.33e-01
 2.66196e+22	0.00e+00	0.00e+00	3.01e-31	2.08e-27	7.79e-24	2.29e-20	9.79e-17	5.69e-14	1.33e-11	1.30e-09	7.66e-08	2.42e-06	5.17e-05	1.16e-03	5.20e-02	3.22e-01	6.24e-01
 2.68588e+22	0.00e+00	0.00e+00	4.84e-31	3.25e-27	1.18e-23	3.35e-20	1.38e-16	7.76e-14	1.74e-11	1.65e-09	9.37e-08	2.85e-06	5.89e-05	1.28e-03	5.50e-02	3.29e-01	6.15e-01
 2.71178e+22	0.00e+00	0.00e+00	7.76e-31	5.06e-27	1.78e-23	4.89e-20	1.95e-16	1.06e-13	2.29e-11	2.09e-09	1.15e-07	3.36e-06	6.69e-05	1.40e-03	5.82e-02	3.36e-01	6.05e-01
 2.73571e+22	0.00e+00	0.00e+00	1.19e-30	7.59e-27	2.60e-23	6.90e-20	2.67e-16	1.40e-13	2.93e-11	2.60e-09	1.38e-07	3.91e-06	7.52e-05	1.52e-03	6.12e-02	3.42e-01	5.95e-01
 2.76223e+22	0.00e+00	0.00e+00	2.04e-30	1.25e-26	4.13e-23	1.06e-19	3.93e-16	1.98e-13	3.99e-11	3.39e-09	1.72e-07	4.71e-06	8.69e-05	1.69e-03	6.52e-02	3.49e-01	5.84e-01
 2.78855e+22	0.00e+00	0.00e+00	3.23e-30	1.93e-26	6.17e-23	1.52e-19	5.49e-16	2.67e-13	5.21e-11	4.27e-09	2.10e-07	5.53e-06	9.85e-05	1.85e-03	6.88e-02	3.56e-01	5.74e-01
 2.81005e+22	0.00e+00	0.00e+00	4.83e-30	2.81e-26	8.76e-23	2.10e-19	7.35e-16	3.47e-13	6.56e-11	5.22e-09	2.49e-07	6.36e-06	1.10e-04	1.99e-03	7.21e-02	3.61e-01	5.65e-01
 2.83346e+22	0.00e+00	0.00e+00	7.84e-30	4.43e-26	1.34e-22	3.09e-19	1.04e-15	4.76e-13	8.67e-11	6.65e-09	3.06e-07	7.53e-06	1.25e-04	2.19e-03	7.62e-02	3.68e-01	5.54e-01
 2.85833e+22	0.00e+00	0.00e+00	1.22e-29	6.68e-26	1.96e-22	4.37e-19	1.44e-15	6.33e-13	1.12e-10	8.29e-09	3.69e-07	8.77e-06	1.41e-04	2.38e-03	8.02e-02	3.74e-01	5.44e-01
 2.88153e+22	0.00e+00	0.00e+00	1.89e-29	1.01e-25	2.87e-22	6.21e-19	1.98e-15	8.44e-13	1.44e-10	1.03e-08	4.45e-07	1.02e-05	1.59e-04	2.59e-03	8.43e-02	3.79e-01	5.33e-01
 2.90467e+22	0.00e+00	0.00e+00	2.96e-29	1.54e-25	4.23e-22	8.83e-19	2.73e-15	1.13e-12	1.86e-10	1.29e-08	5.38e-07	1.20e-05	1.79e-04	2.82e-03	8.87e-02	3.85e-01	5.23e-01
 2.92692e+22	0.00e+00	0.00e+00	4.50e-29	2.27e-25	6.08e-22	1.23e-18	3.69e-15	1.48e-12	2.37e-10	1.59e-08	6.42e-07	1.38e-05	2.00e-04	3.06e-03	9.29e-02	3.91e-01	5.13e-01
 2.94823e+22	0.00e+00	0.00e+00	6.79e-29	3.34e-25	8.69e-22	1.70e-18	4.96e-15	1.93e-12	3.00e-10	1.95e-08	7.65e-07	1.60e-05	2.24e-04	3.30e-03	9.73e-02	3.96e-01	5.03e-01
 2.97268e+22	0.00e+00	2.32e-33	1.16e-28	5.48e-25	1.37e-21	2.57e-18	7.26e-15	2.72e-12	4.06e-10	2.55e-08	9.59e-07	1.92e-05	2.58e-04	3.65e-03	1.03e-01	4.02e-01	4.91e-01
 2.99719e+22	0.00e+00	3.65e-33	1.77e-28	8.16e-25	1.98e-21	3.60e-18	9.87e-15	3.58e-12	5.18e-10	3.15e-08	1.15e-06	2.23e-05	2.89e-04	3.96e-03	1.08e-01	4.07e-01	4.80e-01
 3.02176e+22	0.00e+00	6.38e-33	2.98e-28	1.33e-24	3.11e-21	5.41e-18	1.43e-14	5.01e-12	6.98e-10	4.08e-08	1.43e-06	2.67e-05	3.32e-04	4.36e-03	1.14e-01	4.13e-01	4.68e-01
 3.04698e+22	0.00e+00	1.07e-32	4.82e-28	2.08e-24	4.70e-21	7.85e-18	2.02e-14	6.82e-12	9.19e-10	5.18e-08	1.76e-06	3.16e-05	3.78e-04	4.77e-03	1.20e-01	4.19e-01	4.56e-01
 3.06764e+22	0.00e+00	1.61e-32	7.02e-28	2.95e-24	6.50e-21	1.06e-17	2.64e-14	8.70e-12	1.14e-09	6.25e-08	2.06e-06	3.60e-05	4.18e-04	5.11e-03	1.25e-01	4.23e-01	4.46e-01
 3.08911e+22	0.00e+00	2.67e-32	1.13e-27	4.59e-24	9.76e-21	1.52e-17	3.70e-14	1.18e-11	1.49e-09	7.91e-08	2.52e-06	4.25e-05	4.74e-04	5.58e-03	1.32e-01	4.28e-01	4.35e-01
 3.11159e+22	0.00e+00	4.24e-32	1.73e-27	6.83e-24	1.41e-20	2.12e-17	5.01e-14	1.55e-11	1.90e-09	9.77e-08	3.02e-06	4.93e-05	5.31e-04	6.04e-03	1.38e-01	4.32e-01	4.24e-01
 3.13192e+22	0.00e+00	6.53e-32	2.59e-27	9.93e-24	1.98e-20	2.89e-17	6.67e-14	2.01e-11	2.39e-09	1.19e-07	3.58e-06	5.66e-05	5.90e-04	6.50e-03	1.43e-01	4.35e-01	4.14e-01
 3.15486e+22	0.00e+00	1.14e-31	4.34e-27	1.61e-23	3.08e-20	4.29e-17	9.62e-14	2.79e-11	3.21e-09	1.54e-07	4.46e-06	6.78e-05	6.77e-04	7.14e-03	1.51e-01	4.40e-01	4.01e-01
 3.17812e+22	0.00e+00	1.80e-31	6.63e-27	2.38e-23	4.43e-20	5.96e-17	1.30e-13	3.66e-11	4.09e-09	1.90e-07	5.33e-06	7.85e-05	7.57e-04	7.71e-03	1.58e-01	4.43e-01	3.91e-01
 3.19803e+22	0.00e+00	2.82e-31	1.00e-26	3.50e-23	6.29e-20	8.16e-17	1.74e-13	4.76e-11	5.17e-09	2.33e-07	6.35e-06	9.07e-05	8.44e-04	8.31e-03	1.64e-01	4.46e-01	3.80e-01
 3.21701e+22	0.00e+00	4.27e-31	1.48e-26	5.00e-23	8.75e-20	1.10e-16	2.29e-13	6.10e-11	6.44e-09	2.82e-07	7.48e-06	1.04e-04	9.34e-04	8.90e-03	1.70e-01	4.49e-01	3.71e-01
 3.23853e+22	0.00e+00	7.13e-31	2.38e-26	7.78e-23	1.31e-19	1.58e-16	3.19e-13	8.25e-11	8.42e-09	3.57e-07	9.14e-06	1.22e-04	1.06e-03	9.69e-03	1.78e-01	4.52e-01	3.59e-01
 3.26087e+22	0.00e+00	1.14e-30	3.68e-26	1.16e-22	1.89e-19	2.19e-16	4.33e-13	1.09e-10	1.08e-08	4.43e-07	1.10e-05	1.42e-04	1.19e-03	1.05e-02	1.86e-01	4.54e-01	3.48e-01
 3.28047e+22	0.00e+00	1.75e-30	5.46e-26	1.68e-22	2.65e-19	2.96e-16	5.72e-13	1.40e-10	1.35e-08	5.38e-07	1.30e-05	1.63e-04	1.31e-03	1.12e-02	1.93e-01	4.56e-01	3.38e-01
 3.30213e+22	0.00e+00	3.00e-30	8.98e-26	2.66e-22	4.03e-19	4.32e-16	8.11e-13	1.92e-10	1.79e-08	6.88e-07	1.60e-05	1.93e-04	1.49e-03	1.22e-02	2.02e-01	4.58e-01	3.26e-01
 3.32438e+22	0.00e+00	4.80e-30	1.39e-25	3.98e-22	5.82e-19	5.98e-16	1.10e-12	2.52e-10	2.28e-08	8.52e-07	1.93e-05	2.25e-04	1.67e-03	1.32e-02	2.10e-01	4.60e-01	3.15e-01
 3.34334e+22	0.00e+00	7.27e-30	2.04e-25	5.67e-22	8.05e-19	8.00e-16	1.44e-12	3.22e-10	2.84e-08	1.03e-06	2.26e-05	2.56e-04	1.85e-03	1.41e-02	2.18e-01	4.60e-01	3.06e-01
 3.36394e+22	0.00e+00	1.21e-29	3.25e-25	8.74e-22	1.19e-18	1.14e-15	1.99e-12	4.33e-10	3.69e-08	1.30e-06	2.76e-05	3.01e-04	2.08e-03	1.53e-02	2.27e-01	4.61e-01	2.95e-01
 3.38549e+22	0.00e+00	1.91e-29	4.97e-25	1.29e-21	1.70e-18	1.56e-15	2.67e-12	5.66e-10	4.69e-08	1.59e-06	3.29e-05	3.48e-04	2.32e-03	1.64e-02	2.35e-01	4.61e-01	2.84e-01
 3.40461e+22	0.00e+00	2.95e-29	7.43e-25	1.87e-21	2.39e-18	2.10e-15	3.53e-12	7.28e-10	5.88e-08	1.94e-06	3.90e-05	4.00e-04	2.57e-03	1.75e-02	2.43e-01	4.61e-01	2.75e-01
 3.42297e+22	0.00e+00	4.51e-29	1.10e-24	2.69e-21	3.31e-18	2.82e-15	4.64e-12	9.33e-10	7.33e-08	2.35e-06	4.60e-05	4.57e-04	2.84e-03	1.87e-02	2.51e-01	4.61e-01	2.66e-01
 3.44399e+22	0.00e+00	7.68e-29	1.80e-24	4.23e-21	5.01e-18	4.07e-15	6.53e-12	1.27e-09	9.67e-08	3.00e-06	5.65e-05	5.41e-04	3.22e-03	2.03e-02	2.62e-01	4.60e-01	2.54e-01
 3.46546e+22	0.00e+00	1.20e-28	2.72e-24	6.18e-21	7.07e-18	5.52e-15	8.68e-12	1.65e-09	1.22e-07	3.67e-06	6.72e-05	6.22e-04	3.57e-03	2.17e-02	2.70e-01	4.59e-01	2.45e-01
 3.48452e+22	0.00e+00	1.87e-28	4.08e-24	8.98e-21	9.92e-18	7.45e-15	1.15e-11	2.13e-09	1.53e-07	4.47e-06	7.96e-05	7.15e-04	3.95e-03	2.32e-02	2.79e-01	4.57e-01	2.36e-01
 3.50325e+22	0.00e+00	2.87e-28	6.08e-24	1.29e-20	1.38e-17	9.99e-15	1.51e-11	2.73e-09	1.92e-07	5.43e-06	9.40e-05	8.18e-04	4.36e-03	2.48e-02	2.88e-01	4.55e-01	2.27e-01
 3.52452e+22	0.00e+00	4.90e-28	9.93e-24	2.03e-20	2.08e-17	1.44e-14	2.12e-11	3.72e-09	2.52e-07	6.91e-06	1.15e-04	9.66e-04	4.93e-03	2.68e-02	2.98e-01	4.53e-01	2.16e-01
 3.54636e+22	0.00e+00	8.02e-28	1.56e-23	3.08e-20	3.02e-17	1.99e-14	2.89e-11	4.93e-09	3.25e-07	8.61e-06	1.40e-04	1.13e-03	5.52e-03	2.88e-02	3.08e-01	4.50e-01	2.07e-01
 3.56518e+22	0.00e+00	1.22e-27	2.31e-23	4.40e-20	4.18e-17	2.65e-14	3.78e-11	6.30e-09	4.05e-07	1.04e-05	1.64e-04	1.29e-03	6.07e-03	3.06e-02	3.17e-01	4.47e-01	1.98e-01
 3.58589e+22	0.00e+00	2.06e-27	3.73e-23	6.84e-20	6.22e-17	3.77e-14	5.25e-11	8.51e-09	5.30e-07	1.32e-05	2.00e-04	1.51e-03	6.83e-03	3.29e-02	3.27e-01	4.43e-01	1.89e-01
 3.60670e+22	0.00e+00	3.16e-27	5.53e-23	9.83e-20	8.63e-17	5.02e-14	6.89e-11	1.09e-08	6.61e-07	1.59e-05	2.36e-04	1.72e-03	7.52e-03	3.49e-02	3.36e-01	4.39e-01	1.81e-01
 3.62466e+22	0.00e+00	4.88e-27	8.24e-23	1.41e-19	1.19e-16	6.67e-14	9.01e-11	1.39e-08	8.24e-07	1.93e-05	2.79e-04	1.97e-03	8.29e-03	3.71e-02	3.45e-01	4.35e-01	1.73e-01
 3.64211e+22	6.19e-34	7.25e-27	1.19e-22	1.97e-19	1.62e-16	8.69e-14	1.16e-10	1.75e-08	1.01e-06	2.31e-05	3.24e-04	2.22e-03	9.05e-03	3.91e-02	3.53e-01	4.31e-01	1.66e-01
 3.65851e+22	9.31e-34	1.05e-26	1.67e-22	2.69e-19	2.14e-16	1.11e-13	1.46e-10	2.16e-08	1.22e-06	2.72e-05	3.73e-04	2.49e-03	9.82e-03	4.12e-02	3.60e-01	4.26e-01	1.59e-01
 3.67404e+22	1.42e-33	1.54e-26	2.37e-22	3.70e-19	2.83e-16	1.42e-13	1.84e-10	2.69e-08	1.49e-06	3.23e-05	4.32e-04	2.80e-03	1.07e-02	4.33e-02	3.68e-01	4.22e-01	1.53e-01
 3.68804e+22	2.04e-33	2.14e-26	3.20e-22	4.85e-19	3.61e-16	1.75e-13	2.25e-10	3.23e-08	1.76e-06	3.73e-05	4.89e-04	3.10e-03	1.15e-02	4.53e-02	3.74e-01	4.18e-01	1.47e-01
 3.70044e+22	2.77e-33	2.82e-26	4.13e-22	6.13e-19	4.45e-16	2.10e-13	2.68e-10	3.79e-08	2.03e-06	4.22e-05	5.43e-04	3.37e-03	1.22e-02	4.69e-02	3.80e-01	4.14e-01	1.43e-01
 3.71451e+22	4.18e-33	4.11e-26	5.82e-22	8.37e-19	5.88e-16	2.68e-13	3.38e-10	4.69e-08	2.45e-06	4.99e-05	6.26e-04	3.78e-03	1.32e-02	4.93e-02	3.87e-01	4.09e-01	1.37e-01
 3.72922e+22	6.03e-33	5.72e-26	7.88e-22	1.10e-18	7.52e-16	3.31e-13	4.14e-10	5.65e-08	2.90e-06	5.77e-05	7.09e-04	4.17e-03	1.42e-02	5.14e-02	3.93e-01	4.05e-01	1.32e-01
 3.74196e+22	8.41e-33	7.74e-26	1.04e-21	1.41e-18	9.39e-16	4.01e-13	4.97e-10	6.70e-08	3.39e-06	6.60e-05	7.94e-04	4.57e-03	1.52e-02	5.34e-02	3.99e-01	4.00e-01	1.27e-01
 3.75387e+22	1.17e-32	1.05e-25	1.37e-21	1.81e-18	1.17e-15	4.85e-13	5.97e-10	7.94e-08	3.95e-06	7.54e-05	8.90e-04	5.01e-03	1.62e-02	5.55e-02	4.04e-01	3.96e-01	1.22e-01
 3.76567e+22	1.61e-32	1.39e-25	1.77e-21	2.30e-18	1.44e-15	5.81e-13	7.11e-10	9.32e-08	4.56e-06	8.54e-05	9.90e-04	5.45e-03	1.72e-02	5.74e-02	4.10e-01	3.91e-01	1.18e-01
 3.77728e+22	2.19e-32	1.84e-25	2.29e-21	2.89e-18	1.77e-15	6.93e-13	8.43e-10	1.09e-07	5.26e-06	9.67e-05	1.10e-03	5.93e-03	1.82e-02	5.95e-02	4.14e-01	3.87e-01	1.14e-01
 3.78865e+22	3.00e-32	2.45e-25	2.97e-21	3.65e-18	2.18e-15	8.27e-13	1.00e-09	1.28e-07	6.07e-06	1.10e-04	1.22e-03	6.46e-03	1.94e-02	6.15e-02	4.19e-01	3.82e-01	1.10e-01
 3.79988e+22	4.10e-32	3.25e-25	3.84e-21	4.60e-18	2.67e-15	9.85e-13	1.18e-09	1.50e-07	7.00e-06	1.24e-04	1.36e-03	7.02e-03	2.05e-02	6.36e-02	4.24e-01	3.77e-01	1.06e-01
 3.81269e+22	6.04e-32	4.61e-25	5.29e-21	6.13e-18	3.44e-15	1.22e-12	1.46e-09	1.82e-07	8.36e-06	1.44e-04	1.55e-03	7.79e-03	2.21e-02	6.63e-02	4.30e-01	3.71e-01	1.02e-01
 3.82568e+22	8.52e-32	6.29e-25	7.01e-21	7.90e-18	4.30e-15	1.48e-12	1.76e-09	2.17e-07	9.78e-06	1.65e-04	1.74e-03	8.55e-03	2.36e-02	6.88e-02	4.35e-01	3.65e-01	9.74e-02
 3.83667e+22	1.15e-31	8.25e-25	8.98e-21	9.86e-18	5.22e-15	1.74e-12	2.07e-09	2.52e-07	1.12e-05	1.86e-04	1.92e-03	9.26e-03	2.49e-02	7.09e-02	4.39e-01	3.60e-01	9.39e-02
 3.84686e+22	1.54e-31	1.07e-24	1.14e-20	1.22e-17	6.28e-15	2.04e-12	2.41e-09	2.91e-07	1.28e-05	2.09e-04	2.12e-03	1.00e-02	2.63e-02	7.30e-02	4.42e-01	3.55e-01	9.06e-02
 3.85672e+22	5.18e-35	1.39e-24	1.44e-20	1.50e-17	7.53e-15	2.38e-12	2.81e-09	3.35e-07	1.45e-05	2.33e-04	2.33e-03	1.08e-02	2.77e-02	7.52e-02	4.46e-01	3.50e-01	8.74e-02
 3.86803e+22	0.00e+00	1.91e-24	1.92e-20	1.95e-17	9.45e-15	2.88e-12	3.40e-09	4.01e-07	1.71e-05	2.68e-04	2.62e-03	1.18e-02	2.96e-02	7.79e-02	4.50e-01	3.44e-01	8.36e-02
 3.87956e+22	0.00e+00	2.55e-24	2.49e-20	2.45e-17	1.15e-14	3.41e-12	4.02e-09	4.69e-07	1.97e-05	3.04e-04	2.92e-03	1.29e-02	3.13e-02	8.03e-02	4.54e-01	3.38e-01	8.02e-02
 3.88941e+22	0.00e+00	3.28e-24	3.14e-20	3.00e-17	1.38e-14	3.95e-12	4.66e-09	5.39e-07	2.24e-05	3.39e-04	3.20e-03	1.39e-02	3.29e-02	8.25e-02	4.57e-01	3.33e-01	7.73e-02
 3.90028e+22	0.00e+00	4.55e-24	4.21e-20	3.90e-17	1.73e-14	4.77e-12	5.62e-09	6.44e-07	2.63e-05	3.90e-04	3.60e-03	1.52e-02	3.51e-02	8.54e-02	4.60e-01	3.26e-01	7.36e-02
 3.91147e+22	0.00e+00	6.05e-24	5.45e-20	4.89e-17	2.10e-14	5.61e-12	6.63e-09	7.52e-07	3.04e-05	4.41e-04	4.00e-03	1.65e-02	3.72e-02	8.79e-02	4.63e-01	3.20e-01	7.05e-02
 3.92134e+22	0.00e+00	7.91e-24	6.94e-20	6.05e-17	2.52e-14	6.53e-12	7.73e-09	8.70e-07	3.47e-05	4.94e-04	4.41e-03	1.78e-02	3.92e-02	9.03e-02	4.65e-01	3.15e-01	6.77e-02
 3.93246e+22	0.00e+00	1.12e-23	9.51e-20	7.99e-17	3.19e-14	7.95e-12	9.44e-09	1.05e-06	4.13e-05	5.74e-04	5.01e-03	1.97e-02	4.19e-02	9.34e-02	4.68e-01	3.07e-01	6.41e-02
 3.94371e+22	5.58e-34	1.49e-23	1.23e-19	9.98e-17	3.86e-14	9.30e-12	1.11e-08	1.23e-06	4.75e-05	6.48e-04	5.54e-03	2.13e-02	4.42e-02	9.60e-02	4.70e-01	3.01e-01	6.13e-02
 3.95329e+22	7.48e-34	1.93e-23	1.55e-19	1.22e-16	4.60e-14	1.07e-11	1.28e-08	1.41e-06	5.39e-05	7.22e-04	6.08e-03	2.29e-02	4.64e-02	9.83e-02	4.72e-01	2.95e-01	5.88e-02
 3.96393e+22	1.14e-33	2.78e-23	2.14e-19	1.62e-16	5.83e-14	1.30e-11	1.57e-08	1.71e-06	6.45e-05	8.43e-04	6.93e-03	2.54e-02	4.97e-02	1.02e-01	4.73e-01	2.87e-01	5.53e-02
 3.97438e+22	1.51e-33	3.56e-23	2.68e-19	1.97e-16	6.88e-14	1.49e-11	1.81e-08	1.96e-06	7.28e-05	9.36e-04	7.56e-03	2.72e-02	5.21e-02	1.04e-01	4.74e-01	2.81e-01	5.31e-02
 3.98458e+22	2.27e-33	5.07e-23	3.67e-19	2.59e-16	8.64e-14	1.79e-11	2.19e-08	2.36e-06	8.66e-05	1.09e-03	8.57e-03	3.00e-02	5.56e-02	1.07e-01	4.75e-01	2.73e-01	4.99e-02
 3.99460e+22	2.98e-33	6.44e-23	4.55e-19	3.12e-16	1.01e-13	2.04e-11	2.51e-08	2.68e-06	9.74e-05	1.20e-03	9.32e-03	3.20e-02	5.80e-02	1.09e-01	4.75e-01	2.67e-01	4.79e-02
 4.00437e+22	4.44e-33	9.15e-23	6.21e-19	4.07e-16	1.26e-13	2.42e-11	3.03e-08	3.22e-06	1.15e-04	1.39e-03	1.05e-02	3.53e-02	6.18e-02	1.12e-01	4.75e-01	2.59e-01	4.49e-02
 4.01412e+22	5.89e-33	1.17e-22	7.74e-19	4.93e-16	1.48e-13	2.76e-11	3.48e-08	3.68e-06	1.30e-04	1.54e-03	1.15e-02	3.77e-02	6.45e-02	1.15e-01	4.75e-01	2.53e-01	4.30e-02
 4.02385e+22	8.80e-33	1.67e-22	1.06e-18	6.44e-16	1.84e-13	3.28e-11	4.20e-08	4.42e-06	1.54e-04	1.78e-03	1.30e-02	4.14e-02	6.86e-02	1.18e-01	4.73e-01	2.44e-01	4.02e-02
 4.03365e+22	1.18e-32	2.16e-22	1.33e-18	7.85e-16	2.17e-13	3.73e-11	4.83e-08	5.07e-06	1.75e-04	1.98e-03	1.42e-02	4.43e-02	7.17e-02	1.20e-01	4.72e-01	2.38e-01	3.83e-02
 4.04354e+22	1.79e-32	3.11e-22	1.84e-18	1.03e-15	2.71e-13	4.44e-11	5.86e-08	6.12e-06	2.08e-04	2.29e-03	1.60e-02	4.87e-02	7.62e-02	1.23e-01	4.70e-01	2.29e-01	3.56e-02
 4.05350e+22	2.43e-32	4.07e-22	2.33e-18	1.26e-15	3.21e-13	5.06e-11	6.76e-08	7.03e-06	2.36e-04	2.55e-03	1.75e-02	5.22e-02	7.97e-02	1.25e-01	4.67e-01	2.22e-01	3.38e-02
 4.06354e+22	3.66e-32	5.84e-22	3.20e-18	1.65e-15	3.99e-13	6.00e-11	8.17e-08	8.47e-06	2.81e-04	2.95e-03	1.98e-02	5.72e-02	8.44e-02	1.28e-01	4.64e-01	2.13e-01	3.13e-02
 4.07350e+22	4.98e-32	7.65e-22	4.07e-18	2.02e-15	4.71e-13	6.82e-11	9.42e-08	9.73e-06	3.19e-04	3.28e-03	2.16e-02	6.12e-02	8.81e-02	1.30e-01	4.60e-01	2.06e-01	2.96e-02
 4.08333e+22	7.48e-32	1.10e-21	5.58e-18	2.64e-15	5.83e-13	8.04e-11	1.13e-07	1.17e-05	3.77e-04	3.78e-03	2.43e-02	6.69e-02	9.30e-02	1.32e-01	4.55e-01	1.97e-01	2.74e-02
 4.09332e+22	1.03e-31	1.46e-21	7.16e-18	3.25e-15	6.90e-13	9.15e-11	1.31e-07	1.35e-05	4.30e-04	4.22e-03	2.66e-02	7.16e-02	9.71e-02	1.34e-01	4.51e-01	1.90e-01	2.57e-02
 4.10351e+22	1.58e-31	2.11e-21	9.93e-18	4.28e-15	8.59e-13	1.08e-10	1.59e-07	1.62e-05	5.11e-04	4.87e-03	2.99e-02	7.83e-02	1.02e-01	1.36e-01	4.44e-01	1.81e-01	2.36e-02
 4.11381e+22	2.20e-31	2.83e-21	1.28e-17	5.30e-15	1.02e-12	1.23e-10	1.84e-07	1.88e-05	5.83e-04	5.44e-03	3.27e-02	8.37e-02	1.07e-01	1.37e-01	4.38e-01	1.73e-01	2.20e-02
 4.12426e+22	3.40e-31	4.15e-21	1.79e-17	7.01e-15	1.27e-12	1.46e-10	2.22e-07	2.27e-05	6.93e-04	6.28e-03	3.67e-02	9.13e-02	1.12e-01	1.39e-01	4.30e-01	1.64e-01	2.01e-02
 4.13477e+22	4.75e-31	5.56e-21	2.32e-17	8.68e-15	1.51e-12	1.65e-10	2.57e-07	2.62e-05	7.90e-04	7.00e-03	4.01e-02	9.74e-02	1.17e-01	1.40e-01	4.23e-01	1.57e-01	1.87e-02
 4.14384e+22	6.58e-31	7.41e-21	2.98e-17	1.07e-14	1.78e-12	1.87e-10	2.96e-07	3.01e-05	8.96e-04	7.76e-03	4.36e-02	1.04e-01	1.21e-01	1.41e-01	4.15e-01	1.50e-01	1.73e-02
 4.15412e+22	1.01e-30	1.08e-20	4.13e-17	1.40e-14	2.20e-12	2.19e-10	3.54e-07	3.60e-05	1.06e-03	8.88e-03	4.85e-02	1.12e-01	1.26e-01	1.42e-01	4.05e-01	1.40e-01	1.57e-02
 4.16437e+22	1.37e-30	1.41e-20	5.23e-17	1.71e-14	2.57e-12	2.47e-10	4.04e-07	4.09e-05	1.19e-03	9.76e-03	5.23e-02	1.19e-01	1.30e-01	1.43e-01	3.97e-01	1.34e-01	1.46e-02
 4.17459e+22	2.08e-30	2.04e-20	7.19e-17	2.22e-14	3.16e-12	2.88e-10	4.79e-07	4.85e-05	1.38e-03	1.11e-02	5.78e-02	1.27e-01	1.35e-01	1.43e-01	3.85e-01	1.26e-01	1.32e-02
 4.18492e+22	2.84e-30	2.67e-20	9.11e-17	2.70e-14	3.69e-12	3.24e-10	5.44e-07	5.49e-05	1.55e-03	1.21e-02	6.21e-02	1.34e-01	1.39e-01	1.43e-01	3.77e-01	1.19e-01	1.22e-02
 4.19541e+22	4.31e-30	3.86e-20	1.25e-16	3.51e-14	4.53e-12	3.77e-10	6.43e-07	6.49e-05	1.80e-03	1.37e-02	6.83e-02	1.44e-01	1.44e-01	1.42e-01	3.64e-01	1.11e-01	1.10e-02
 4.20606e+22	5.89e-30	5.07e-20	1.59e-16	4.29e-14	5.30e-12	4.25e-10	7.29e-07	7.34e-05	2.01e-03	1.50e-02	7.32e-02	1.51e-01	1.47e-01	1.42e-01	3.55e-01	1.05e-01	1.01e-02
 4.21695e+22	8.86e-30	7.25e-20	2.18e-16	5.55e-14	6.50e-12	4.95e-10	8.56e-07	8.60e-05	2.32e-03	1.68e-02	7.98e-02	1.60e-01	1.52e-01	1.41e-01	3.42e-01	9.78e-02	9.07e-03
 4.22823e+22	1.24e-29	9.72e-20	2.81e-16	6.87e-14	7.68e-12	5.62e-10	9.75e-07	9.77e-05	2.60e-03	1.84e-02	8.56e-02	1.68e-01	1.55e-01	1.40e-01	3.31e-01	9.19e-02	8.27e-03
 4.23998e+22	1.90e-29	1.41e-19	3.89e-16	8.99e-14	9.50e-12	6.60e-10	1.15e-06	1.15e-04	3.00e-03	2.06e-02	9.32e-02	1.78e-01	1.59e-01	1.38e-01	3.16e-01	8.46e-02	7.33e-03
 4.25201e+22	2.66e-29	1.90e-19	5.04e-16	1.12e-13	1.13e-11	7.50e-10	1.30e-06	1.30e-04	3.35e-03	2.24e-02	9.95e-02	1.86e-01	1.62e-01	1.37e-01	3.05e-01	7.91e-02	6.65e-03
 4.26272e+22	3.69e-29	2.52e-19	6.48e-16	1.37e-13	1.33e-11	8.51e-10	1.47e-06	1.46e-04	3.73e-03	2.44e-02	1.06e-01	1.93e-01	1.64e-01	1.35e-01	2.94e-01	7.40e-02	6.04e-03
 4.27496e+22	5.60e-29	3.64e-19	8.91e-16	1.79e-13	1.64e-11	9.99e-10	1.72e-06	1.70e-04	4.26e-03	2.70e-02	1.14e-01	2.03e-01	1.67e-01	1.32e-01	2.79e-01	6.77e-02	5.32e-03
 4.28736e+22	7.74e-29	4.83e-19	1.14e-15	2.20e-13	1.93e-11	1.13e-09	1.93e-06	1.91e-04	4.71e-03	2.92e-02	1.21e-01	2.11e-01	1.69e-01	1.30e-01	2.68e-01	6.31e-02	4.81e-03
 4.29999e+22	1.17e-28	6.93e-19	1.57e-15	2.87e-13	2.38e-11	1.33e-09	2.24e-06	2.21e-04	5.35e-03	3.22e-02	1.29e-01	2.20e-01	1.70e-01	1.27e-01	2.54e-01	5.75e-02	4.22e-03
 4.31225e+22	1.56e-28	8.92e-19	1.96e-15	3.46e-13	2.77e-11	1.49e-09	2.49e-06	2.44e-04	5.84e-03	3.45e-02	1.36e-01	2.26e-01	1.71e-01	1.25e-01	2.44e-01	5.37e-02	3.85e-03
 4.32403e+22	2.28e-28	1.24e-18	2.61e-15	4.39e-13	3.35e-11	1.73e-09	2.84e-06	2.77e-04	6.52e-03	3.75e-02	1.44e-01	2.34e-01	1.72e-01	1.22e-01	2.31e-01	4.91e-02	3.40e-03
 4.33605e+22	3.04e-28	1.59e-18	3.25e-15	5.29e-13	3.89e-11	1.94e-09	3.14e-06	3.05e-04	7.10e-03	4.00e-02	1.50e-01	2.40e-01	1.73e-01	1.19e-01	2.22e-01	4.58e-02	3.08e-03
 4.34836e+22	4.46e-28	2.22e-18	4.36e-15	6.76e-13	4.72e-11	2.25e-09	3.58e-06	3.46e-04	7.92e-03	4.34e-02	1.59e-01	2.48e-01	1.73e-01	1.16e-01	2.09e-01	4.17e-02	2.70e-03
 4.36084e+22	5.92e-28	2.84e-18	5.41e-15	8.11e-13	5.48e-11	2.53e-09	3.95e-06	3.80e-04	8.58e-03	4.61e-02	1.65e-01	2.53e-01	1.73e-01	1.13e-01	2.00e-01	3.88e-02	2.45e-03
 4.37354e+22	8.69e-28	3.96e-18	7.25e-15	1.04e-12	6.65e-11	2.94e-09	4.49e-06	4.29e-04	9.54e-03	4.98e-02	1.74e-01	2.60e-01	1.73e-01	1.09e-01	1.88e-01	3.51e-02	2.14e-03
 4.38602e+22	1.13e-27	4.97e-18	8.85e-15	1.23e-12	7.64e-11	3.28e-09	4.92e-06	4.68e-04	1.03e-02	5.25e-02	1.80e-01	2.64e-01	1.72e-01	1.06e-01	1.79e-01	3.28e-02	1.95e-03
 4.39821e+22	1.61e-27	6.76e-18	1.16e-14	1.54e-12	9.16e-11	3.78e-09	5.52e-06	5.23e-04	1.13e-02	5.63e-02	1.88e-01	2.70e-01	1.71e-01	1.03e-01	1.69e-01	2.97e-02	1.71e-03
 4.41065e+22	2.11e-27	8.51e-18	1.42e-14	1.83e-12	1.05e-10	4.22e-09	6.05e-06	5.69e-04	1.21e-02	5.93e-02	1.94e-01	2.74e-01	1.70e-01	9.99e-02	1.61e-01	2.76e-02	1.55e-03
 4.42342e+22	3.01e-27	1.16e-17	1.87e-14	2.30e-12	1.27e-10	4.87e-09	6.80e-06	6.35e-04	1.33e-02	6.35e-02	2.02e-01	2.79e-01	1.68e-01	9.61e-02	1.51e-01	2.50e-02	1.35e-03
 4.43643e+22	3.96e-27	1.47e-17	2.30e-14	2.75e-12	1.46e-10	5.46e-09	7.46e-06	6.91e-04	1.43e-02	6.68e-02	2.09e-01	2.82e-01	1.67e-01	9.31e-02	1.43e-01	2.31e-02	1.22e-03
 4.44975e+22	5.69e-27	2.00e-17	3.03e-14	3.46e-12	1.77e-10	6.32e-09	8.39e-06	7.71e-04	1.57e-02	7.13e-02	2.17e-01	2.86e-01	1.65e-01	8.92e-02	1.33e-01	2.08e-02	1.06e-03
 4.46332e+22	5.96e-28	2.54e-17	3.73e-14	4.14e-12	2.04e-10	7.10e-09	9.20e-06	8.39e-04	1.68e-02	7.49e-02	2.23e-01	2.89e-01	1.63e-01	8.63e-02	1.26e-01	1.92e-02	9.50e-04
 4.47718e+22	8.24e-28	3.47e-17	4.92e-14	5.23e-12	2.47e-10	8.24e-09	1.03e-05	9.35e-04	1.84e-02	7.98e-02	2.31e-01	2.92e-01	1.60e-01	8.23e-02	1.17e-01	1.72e-02	8.21e-04
 4.49132e+22	1.11e-27	4.41e-17	6.08e-14	6.26e-12	2.86e-10	9.27e-09	1.14e-05	1.02e-03	1.97e-02	8.37e-02	2.37e-01	2.94e-01	1.58e-01	7.93e-02	1.11e-01	1.58e-02	7.34e-04
 4.50374e+22	1.48e-27	5.57e-17	7.48e-14	7.47e-12	3.31e-10	1.04e-08	1.24e-05	1.10e-03	2.11e-02	8.76e-02	2.43e-01	2.96e-01	1.55e-01	7.64e-02	1.04e-01	1.45e-02	6.56e-04
 4.51782e+22	2.15e-27	7.54e-17	9.78e-14	9.37e-12	3.98e-10	1.20e-08	1.39e-05	1.22e-03	2.29e-02	9.27e-02	2.50e-01	2.98e-01	1.52e-01	7.27e-02	9.68e-02	1.29e-02	5.66e-04
 4.53190e+22	2.82e-27	9.34e-17	1.18e-13	1.11e-11	4.56e-10	1.34e-08	1.52e-05	1.32e-03	2.44e-02	9.66e-02	2.56e-01	2.99e-01	1.49e-01	7.01e-02	9.15e-02	1.19e-02	5.09e-04
 4.54595e+22	4.10e-27	1.26e-16	1.54e-13	1.38e-11	5.47e-10	1.55e-08	1.70e-05	1.46e-03	2.64e-02	1.02e-01	2.63e-01	3.00e-01	1.46e-01	6.65e-02	8.46e-02	1.06e-02	4.39e-04
 4.56021e+22	5.40e-27	1.56e-16	1.87e-13	1.63e-11	6.29e-10	1.74e-08	1.85e-05	1.57e-03	2.81e-02	1.06e-01	2.68e-01	3.00e-01	1.43e-01	6.39e-02	7.98e-02	9.79e-03	3.93e-04
 4.57475e+22	7.77e-27	2.10e-16	2.42e-13	2.04e-11	7.54e-10	2.01e-08	2.07e-05	1.73e-03	3.03e-02	1.12e-01	2.74e-01	3.00e-01	1.39e-01	6.06e-02	7.37e-02	8.73e-03	3.39e-04
 4.58975e+22	1.05e-26	2.65e-16	2.99e-13	2.44e-11	8.75e-10	2.26e-08	2.27e-05	1.88e-03	3.23e-02	1.16e-01	2.79e-01	2.99e-01	1.36e-01	5.79e-02	6.89e-02	7.94e-03	3.00e-04
 4.60536e+22	1.52e-26	3.57e-16	3.89e-13	3.06e-11	1.06e-09	2.63e-08	2.55e-05	2.08e-03	3.50e-02	1.22e-01	2.85e-01	2.98e-01	1.32e-01	5.46e-02	6.34e-02	7.05e-03	2.57e-04
 4.62152e+22	2.11e-26	4.58e-16	4.87e-13	3.71e-11	1.24e-09	2.99e-08	2.82e-05	2.26e-03	3.74e-02	1.28e-01	2.90e-01	2.97e-01	1.28e-01	5.19e-02	5.89e-02	6.35e-03	2.25e-04
 4.63838e+22	3.10e-26	6.24e-16	6.42e-13	4.71e-11	1.51e-09	3.51e-08	3.19e-05	2.51e-03	4.05e-02	1.34e-01	2.96e-01	2.95e-01	1.23e-01	4.86e-02	5.37e-02	5.58e-03	1.90e-04
 4.65576e+22	4.35e-26	8.10e-16	8.10e-13	5.75e-11	1.78e-09	4.02e-08	3.53e-05	2.74e-03	4.33e-02	1.40e-01	3.01e-01	2.93e-01	1.19e-01	4.60e-02	4.97e-02	5.00e-03	1.65e-04
 4.67379e+22	6.50e-26	1.12e-15	1.08e-12	7.37e-11	2.19e-09	4.75e-08	4.02e-05	3.05e-03	4.70e-02	1.47e-01	3.06e-01	2.90e-01	1.15e-01	4.28e-02	4.50e-02	4.35e-03	1.38e-04
 4.69249e+22	9.25e-26	1.47e-15	1.38e-12	9.12e-11	2.62e-09	5.48e-08	4.49e-05	3.34e-03	5.04e-02	1.53e-01	3.10e-01	2.87e-01	1.10e-01	4.02e-02	4.12e-02	3.86e-03	1.19e-04
 4.70947e+22	1.29e-25	1.92e-15	1.75e-12	1.12e-10	3.11e-09	6.30e-08	4.99e-05	3.65e-03	5.38e-02	1.60e-01	3.14e-01	2.83e-01	1.06e-01	3.78e-02	3.79e-02	3.43e-03	1.02e-04
 4.72896e+22	1.99e-25	2.68e-15	2.36e-12	1.45e-10	3.86e-09	7.52e-08	5.72e-05	4.07e-03	5.85e-02	1.67e-01	3.18e-01	2.79e-01	1.01e-01	3.49e-02	3.40e-02	2.95e-03	8.43e-05
 4.74883e+22	2.83e-25	3.54e-15	3.03e-12	1.80e-10	4.62e-09	8.70e-08	6.39e-05	4.46e-03	6.25e-02	1.74e-01	3.21e-01	2.75e-01	9.68e-02	3.26e-02	3.10e-02	2.60e-03	7.17e-05
 4.76919e+22	4.38e-25	5.00e-15	4.13e-12	2.35e-10	5.78e-09	1.04e-07	7.35e-05	4.99e-03	6.79e-02	1.82e-01	3.25e-01	2.69e-01	9.16e-02	2.99e-02	2.76e-02	2.22e-03	5.86e-05
 4.78982e+22	6.29e-25	6.63e-15	5.32e-12	2.93e-10	6.94e-09	1.21e-07	8.22e-05	5.47e-03	7.25e-02	1.89e-01	3.27e-01	2.64e-01	8.74e-02	2.78e-02	2.50e-02	1.94e-03	4.96e-05
 4.81080e+22	9.85e-25	9.47e-15	7.32e-12	3.86e-10	8.73e-09	1.46e-07	9.48e-05	6.13e-03	7.87e-02	1.98e-01	3.29e-01	2.57e-01	8.22e-02	2.53e-02	2.21e-02	1.64e-03	4.00e-05
 4.83200e+22	1.41e-24	1.26e-14	9.43e-12	4.81e-10	1.05e-08	1.69e-07	1.06e-04	6.70e-03	8.39e-02	2.04e-01	3.30e-01	2.52e-01	7.81e-02	2.35e-02	2.00e-02	1.43e-03	3.36e-05
 4.85349e+22	2.24e-24	1.82e-14	1.31e-11	6.39e-10	1.33e-08	2.05e-07	1.22e-04	7.51e-03	9.11e-02	2.13e-01	3.31e-01	2.44e-01	7.30e-02	2.13e-02	1.75e-02	1.19e-03	2.68e-05
 4.87510e+22	3.20e-24	2.42e-14	1.69e-11	7.95e-10	1.59e-08	2.38e-07	1.37e-04	8.20e-03	9.68e-02	2.20e-01	3.31e-01	2.38e-01	6.92e-02	1.96e-02	1.58e-02	1.04e-03	2.25e-05
 4.89317e+22	4.40e-24	3.12e-14	2.12e-11	9.69e-10	1.88e-08	2.72e-07	1.51e-04	8.88e-03	1.02e-01	2.26e-01	3.31e-01	2.32e-01	6.58e-02	1.83e-02	1.43e-02	9.12e-04	1.91e-05
 4.91296e+22	6.77e-24	4.42e-14	2.89e-11	1.26e-09	2.34e-08	3.24e-07	1.73e-04	9.84e-03	1.10e-01	2.34e-01	3.30e-01	2.25e-01	6.15e-02	1.66e-02	1.26e-02	7.66e-04	1.54e-05
 4.93250e+22	9.22e-24	5.67e-14	3.61e-11	1.53e-09	2.74e-08	3.69e-07	1.90e-04	1.06e-02	1.16e-01	2.39e-01	3.29e-01	2.19e-01	5.85e-02	1.54e-02	1.14e-02	6.74e-04	1.31e-05
 4.95170e+22	1.39e-23	7.92e-14	4.87e-11	1.97e-09	3.39e-08	4.39e-07	2.16e-04	1.17e-02	1.24e-01	2.47e-01	3.27e-01	2.11e-01	5.46e-02	1.40e-02	1.01e-02	5.67e-04	1.05e-05
 4.97121e+22	1.92e-23	1.03e-13	6.14e-11	2.41e-09	4.01e-08	5.02e-07	2.39e-04	1.26e-02	1.30e-01	2.52e-01	3.25e-01	2.05e-01	5.16e-02	1.29e-02	9.09e-03	4.95e-04	8.89e-06
 4.99114e+22	2.94e-23	1.46e-13	8.38e-11	3.15e-09	5.00e-08	6.01e-07	2.73e-04	1.40e-02	1.39e-01	2.59e-01	3.22e-01	1.97e-01	4.78e-02	1.16e-02	7.92e-03	4.12e-04	7.06e-06
 5.01130e+22	4.10e-23	1.91e-13	1.06e-10	3.86e-09	5.93e-08	6.92e-07	3.02e-04	1.51e-02	1.46e-01	2.65e-01	3.19e-01	1.91e-01	4.50e-02	1.07e-02	7.11e-03	3.56e-04	5.90e-06
 5.03175e+22	6.36e-23	2.74e-13	1.47e-10	5.09e-09	7.46e-08	8.34e-07	3.47e-04	1.68e-02	1.57e-01	2.71e-01	3.15e-01	1.83e-01	4.15e-02	9.58e-03	6.14e-03	2.93e-04	4.62e-06
 5.05248e+22	8.91e-23	3.62e-13	1.88e-10	6.30e-09	8.91e-08	9.65e-07	3.86e-04	1.82e-02	1.65e-01	2.77e-01	3.11e-01	1.76e-01	3.89e-02	8.78e-03	5.48e-03	2.52e-04	3.82e-06
 5.07357e+22	1.39e-22	5.25e-13	2.61e-10	8.37e-09	1.13e-07	1.17e-06	4.45e-04	2.02e-02	1.76e-01	2.83e-01	3.05e-01	1.67e-01	3.56e-02	7.79e-03	4.69e-03	2.05e-04	2.95e-06
 5.09512e+22	2.00e-22	7.07e-13	3.41e-10	1.05e-08	1.37e-07	1.37e-06	5.00e-04	2.20e-02	1.85e-01	2.87e-01	3.00e-01	1.61e-01	3.30e-02	7.07e-03	4.13e-03	1.73e-04	2.39e-06
 5.11728e+22	3.18e-22	1.05e-12	4.83e-10	1.42e-08	1.76e-07	1.69e-06	5.83e-04	2.47e-02	1.98e-01	2.93e-01	2.93e-01	1.52e-01	2.99e-02	6.21e-03	3.49e-03	1.38e-04	1.81e-06
 5.13986e+22	4.63e-22	1.43e-12	6.37e-10	1.81e-08	2.16e-07	2.01e-06	6.59e-04	2.70e-02	2.09e-01	2.97e-01	2.86e-01	1.44e-01	2.76e-02	5.58e-03	3.04e-03	1.15e-04	1.45e-06
 5.16224e+22	7.28e-22	2.09e-12	8.96e-10	2.43e-08	2.77e-07	2.48e-06	7.69e-04	3.02e-02	2.22e-01	3.01e-01	2.78e-01	1.36e-01	2.49e-02	4.88e-03	2.55e-03	9.17e-05	1.09e-06
 5.18350e+22	1.01e-21	2.75e-12	1.14e-09	3.01e-08	3.32e-07	2.88e-06	8.60e-04	3.27e-02	2.32e-01	3.03e-01	2.72e-01	1.29e-01	2.30e-02	4.43e-03	2.25e-03	7.76e-05	8.87e-07
 5.20408e+22	1.54e-21	3.94e-12	1.58e-09	3.99e-08	4.23e-07	3.54e-06	9.99e-04	3.64e-02	2.46e-01	3.06e-01	2.63e-01	1.21e-01	2.07e-02	3.88e-03	1.90e-03	6.20e-05	6.72e-07
 5.22505e+22	2.16e-21	5.22e-12	2.03e-09	4.99e-08	5.13e-07	4.17e-06	1.13e-03	3.97e-02	2.57e-01	3.08e-01	2.55e-01	1.15e-01	1.90e-02	3.49e-03	1.65e-03	5.18e-05	5.38e-07
 5.24560e+22	3.20e-21	7.32e-12	2.76e-09	6.54e-08	6.48e-07	5.09e-06	1.30e-03	4.40e-02	2.71e-01	3.09e-01	2.46e-01	1.07e-01	1.71e-02	3.05e-03	1.39e-03	4.14e-05	4.09e-07
 5.26657e+22	4.51e-21	9.79e-12	3.59e-09	8.27e-08	7.94e-07	6.07e-06	1.48e-03	4.81e-02	2.83e-01	3.09e-01	2.37e-01	1.01e-01	1.55e-02	2.71e-03	1.20e-03	3.41e-05	3.21e-07
 5.28700e+22	6.48e-21	1.34e-11	4.77e-09	1.07e-07	9.92e-07	7.36e-06	1.71e-03	5.32e-02	2.97e-01	3.09e-01	2.28e-01	9.42e-02	1.40e-02	2.38e-03	1.01e-03	2.74e-05	2.46e-07
 5.30785e+22	9.11e-21	1.79e-11	6.22e-09	1.36e-07	1.23e-06	8.85e-06	1.96e-03	5.84e-02	3.10e-01	3.08e-01	2.18e-01	8.78e-02	1.26e-02	2.09e-03	8.59e-04	2.22e-05	1.90e-07
 5.32851e+22	1.28e-20	2.40e-11	8.14e-09	1.74e-07	1.52e-06	1.07e-05	2.25e-03	6.43e-02	3.23e-01	3.06e-01	2.09e-01	8.15e-02	1.12e-02	1.83e-03	7.24e-04	1.78e-05	1.45e-07
 5.34927e+22	1.78e-20	3.18e-11	1.06e-08	2.20e-07	1.88e-06	1.29e-05	2.58e-03	7.06e-02	3.36e-01	3.04e-01	1.99e-01	7.54e-02	1.00e-02	1.59e-03	6.10e-04	1.43e-05	0.00e+00
 5.36979e+22	2.45e-20	4.18e-11	1.36e-08	2.78e-07	2.32e-06	1.55e-05	2.95e-03	7.74e-02	3.49e-01	3.01e-01	1.89e-01	6.97e-02	8.93e-03	1.39e-03	5.13e-04	1.14e-05	0.00e+00
 5.39028e+22	3.33e-20	5.45e-11	1.74e-08	3.51e-07	2.85e-06	1.87e-05	3.38e-03	8.48e-02	3.62e-01	2.97e-01	1.79e-01	6.42e-02	7.94e-03	1.21e-03	4.30e-04	9.14e-06	0.00e+00
 5.41080e+22	4.50e-20	7.05e-11	2.22e-08	4.40e-07	3.50e-06	2.25e-05	3.86e-03	9.28e-02	3.74e-01	2.92e-01	1.70e-01	5.89e-02	7.03e-03	1.04e-03	3.59e-04	7.28e-06	0.00e+00
 5.43142e+22	6.03e-20	9.06e-11	2.81e-08	5.51e-07	4.28e-06	2.70e-05	4.41e-03	1.01e-01	3.86e-01	2.87e-01	1.60e-01	5.39e-02	6.20e-03	9.01e-04	3.00e-04	5.78e-06	0.00e+00
 5.45216e+22	8.02e-20	1.15e-10	3.55e-08	6.88e-07	5.24e-06	3.23e-05	5.03e-03	1.11e-01	3.97e-01	2.81e-01	1.50e-01	4.91e-02	5.46e-03	7.74e-04	2.49e-04	4.57e-06	0.00e+00
 5.47310e+22	1.06e-19	1.46e-10	4.45e-08	8.56e-07	6.39e-06	3.88e-05	5.73e-03	1.20e-01	4.08e-01	2.75e-01	1.41e-01	4.46e-02	4.78e-03	6.63e-04	2.06e-04	3.61e-06	0.00e+00
 5.49430e+22	1.39e-19	1.84e-10	5.57e-08	1.06e-06	7.78e-06	4.65e-05	6.52e-03	1.31e-01	4.18e-01	2.68e-01	1.31e-01	4.03e-02	4.18e-03	5.65e-04	1.69e-04	2.83e-06	0.00e+00
 5.51559e+22	1.80e-19	2.30e-10	6.91e-08	1.31e-06	9.44e-06	5.55e-05	7.40e-03	1.42e-01	4.27e-01	2.60e-01	1.22e-01	3.64e-02	3.64e-03	4.81e-04	1.40e-04	2.22e-06	0.00e+00
 5.53724e+22	2.34e-19	2.86e-10	8.59e-08	1.62e-06	1.15e-05	6.65e-05	8.42e-03	1.54e-01	4.36e-01	2.52e-01	1.14e-01	3.27e-02	3.15e-03	4.07e-04	1.14e-04	1.72e-06	0.00e+00
 5.55914e+22	3.00e-19	3.52e-10	1.06e-07	1.99e-06	1.38e-05	7.91e-05	9.52e-03	1.66e-01	4.43e-01	2.44e-01	1.05e-01	2.93e-02	2.73e-03	3.44e-04	9.30e-05	1.34e-06	0.00e+00
 5.58148e+22	3.85e-19	4.34e-10	1.30e-07	2.46e-06	1.68e-05	9.48e-05	1.08e-02	1.79e-01	4.49e-01	2.35e-01	9.67e-02	2.61e-02	2.34e-03	2.87e-04	7.51e-05	1.03e-06	0.00e+00
 5.60226e+22	4.70e-19	5.11e-10	1.54e-07	2.90e-06	1.96e-05	1.09e-04	1.19e-02	1.90e-01	4.54e-01	2.27e-01	9.03e-02	2.37e-02	2.07e-03	2.48e-04	6.31e-05	8.29e-07	0.00e+00
 5.62370e+22	6.01e-19	6.26e-10	1.90e-07	3.58e-06	2.38e-05	1.31e-04	1.36e-02	2.05e-01	4.58e-01	2.17e-01	8.23e-02	2.08e-02	1.75e-03	2.04e-04	5.02e-05	6.25e-07	0.00e+00
 5.64549e+22	1.29e-18	7.34e-10	2.24e-07	4.22e-06	2.77e-05	1.51e-04	1.50e-02	2.17e-01	4.61e-01	2.10e-01	7.64e-02	1.88e-02	1.54e-03	1.75e-04	4.19e-05	5.00e-07	0.00e+00
 5.66774e+22	6.27e-18	8.91e-10	2.75e-07	5.19e-06	3.36e-05	1.82e-04	1.70e-02	2.33e-01	4.63e-01	1.99e-01	6.91e-02	1.64e-02	1.29e-03	1.43e-04	3.30e-05	3.72e-07	0.00e+00
 5.69008e+22	7.79e-18	1.03e-09	3.21e-07	6.07e-06	3.88e-05	2.08e-04	1.86e-02	2.46e-01	4.64e-01	1.91e-01	6.41e-02	1.48e-02	1.13e-03	1.23e-04	2.75e-05	2.99e-07	0.00e+00
 5.71256e+22	1.02e-17	1.24e-09	3.90e-07	7.41e-06	4.67e-05	2.49e-04	2.10e-02	2.62e-01	4.64e-01	1.81e-01	5.77e-02	1.28e-02	9.48e-04	9.98e-05	2.17e-05	2.22e-07	0.00e+00
 5.73516e+22	1.27e-17	1.43e-09	4.53e-07	8.62e-06	5.37e-05	2.84e-04	2.30e-02	2.75e-01	4.62e-01	1.73e-01	5.33e-02	1.15e-02	8.27e-04	8.52e-05	1.80e-05	1.77e-07	0.00e+00
 5.75794e+22	1.67e-17	1.70e-09	5.46e-07	1.05e-05	6.42e-05	3.37e-04	2.57e-02	2.92e-01	4.60e-01	1.63e-01	4.78e-02	9.98e-03	6.91e-04	6.90e-05	1.41e-05	1.32e-07	0.00e+00
 5.78092e+22	2.11e-17	1.95e-09	6.32e-07	1.21e-05	7.35e-05	3.83e-04	2.80e-02	3.05e-01	4.57e-01	1.56e-01	4.40e-02	8.93e-03	6.01e-04	5.87e-05	1.17e-05	0.00e+00	0.00e+00
 5.80415e+22	2.83e-17	2.30e-09	7.59e-07	1.46e-05	8.75e-05	4.53e-04	3.13e-02	3.22e-01	4.52e-01	1.46e-01	3.93e-02	7.70e-03	5.00e-04	4.74e-05	9.14e-06	0.00e+00	0.00e+00
 5.82768e+22	3.67e-17	2.63e-09	8.75e-07	1.69e-05	9.99e-05	5.15e-04	3.40e-02	3.35e-01	4.48e-01	1.39e-01	3.60e-02	6.86e-03	4.33e-04	4.01e-05	7.53e-06	0.00e+00	0.00e+00
 5.85159e+22	5.11e-17	3.09e-09	1.05e-06	2.03e-05	1.18e-04	6.07e-04	3.78e-02	3.53e-01	4.41e-01	1.30e-01	3.20e-02	5.88e-03	3.59e-04	3.21e-05	5.85e-06	0.00e+00	0.00e+00
 5.87589e+22	6.96e-17	3.53e-09	1.21e-06	2.35e-05	1.35e-04	6.88e-04	4.10e-02	3.66e-01	4.35e-01	1.23e-01	2.92e-02	5.21e-03	3.09e-04	2.70e-05	4.79e-06	0.00e+00	0.00e+00
 5.90072e+22	1.06e-16	4.15e-09	1.45e-06	2.82e-05	1.60e-04	8.11e-04	4.55e-02	3.83e-01	4.26e-01	1.14e-01	2.58e-02	4.43e-03	2.54e-04	2.15e-05	3.68e-06	0.00e+00	0.00e+00
 5.92608e+22	1.59e-16	4.74e-09	1.68e-06	3.27e-05	1.82e-04	9.20e-04	4.93e-02	3.97e-01	4.18e-01	1.07e-01	2.33e-02	3.90e-03	2.17e-04	1.79e-05	2.99e-06	0.00e+00	0.00e+00
 5.95212e+22	2.97e-16	5.59e-09	2.01e-06	3.93e-05	2.16e-04	1.08e-03	5.47e-02	4.14e-01	4.08e-01	9.88e-02	2.05e-02	3.29e-03	1.76e-04	1.41e-05	2.28e-06	0.00e+00	0.00e+00
 5.97878e+22	6.06e-16	6.43e-09	2.34e-06	4.56e-05	2.47e-04	1.23e-03	5.91e-02	4.27e-01	3.99e-01	9.25e-02	1.84e-02	2.88e-03	1.49e-04	1.16e-05	1.83e-06	0.00e+00	0.00e+00
 6.00126e+22	1.22e-15	7.24e-09	2.66e-06	5.19e-05	2.77e-04	1.38e-03	6.33e-02	4.38e-01	3.90e-01	8.71e-02	1.68e-02	2.55e-03	1.29e-04	9.83e-06	1.51e-06	0.00e+00	0.00e+00
