#depth	Ar	Ar+	Ar+2	Ar+3	Ar+4	Ar+5	Ar+6	Ar+7	Ar+8	Ar+9	Ar+10	Ar+11	Ar+12	Ar+13	Ar+14	Ar+15	Ar+16	Ar+17	Ar+18
 4.62852e+21	0.00e+00	0.00e+00	0.00e+00	0.00e+00	0.00e+00	0.00e+00	0.00e+00	0.00e+00	4.31e-24	1.06e-20	1.28e-17	7.29e-15	2.92e-12	5.85e-10	7.35e-08	9.74e-06	2.25e-03	7.93e-02	9.18e-01
 1.05423e+22	0.00e+00	0.00e+00	0.00e+00	0.00e+00	0.00e+00	0.00e+00	0.00e+00	2.79e-26	1.53e-22	2.58e-19	2.15e-16	8.57e-14	2.38e-11	3.32e-09	2.93e-07	2.73e-05	4.43e-03	1.09e-01	8.86e-01
 1.27038e+22	0.00e+00	0.00e+00	0.00e+00	0.00e+00	0.00e+00	0.00e+00	1.71e-28	4.05e-25	1.71e-21	2.23e-18	1.44e-15	4.49e-13	9.69e-11	1.06e-08	7.40e-07	5.43e-05	6.95e-03	1.35e-01	8.58e-01
 1.42809e+22	0.00e+00	0.00e+00	0.00e+00	0.00e+00	0.00e+00	5.97e-31	1.73e-27	3.40e-24	1.17e-20	1.24e-17	6.54e-15	1.67e-12	2.96e-10	2.67e-08	1.54e-06	9.35e-05	9.88e-03	1.58e-01	8.32e-01
 1.51570e+22	0.00e+00	0.00e+00	0.00e+00	0.00e+00	0.00e+00	1.12e-30	3.09e-27	5.80e-24	1.89e-20	1.91e-17	9.55e-15	2.32e-12	3.91e-10	3.36e-08	1.85e-06	1.07e-04	1.08e-02	1.65e-01	8.25e-01
 1.54828e+22	0.00e+00	0.00e+00	0.00e+00	0.00e+00	0.00e+00	1.90e-30	5.07e-27	9.15e-24	2.85e-20	2.75e-17	1.32e-14	3.07e-12	4.96e-10	4.09e-08	2.16e-06	1.20e-04	1.16e-02	1.70e-01	8.18e-01
 1.57820e+22	0.00e+00	0.00e+00	0.00e+00	0.00e+00	0.00e+00	3.22e-30	8.26e-27	1.43e-23	4.27e-20	3.96e-17	1.82e-14	4.05e-12	6.27e-10	4.97e-08	2.52e-06	1.35e-04	1.25e-02	1.76e-01	8.12e-01
 1.61240e+22	0.00e+00	0.00e+00	0.00e+00	0.00e+00	0.00e+00	6.09e-30	1.49e-26	2.47e-23	6.98e-20	6.12e-17	2.67e-14	5.66e-12	8.31e-10	6.27e-08	3.02e-06	1.54e-04	1.36e-02	1.83e-01	8.03e-01
 1.64784e+22	0.00e+00	0.00e+00	0.00e+00	0.00e+00	0.00e+00	1.10e-29	2.58e-26	4.10e-23	1.10e-19	9.21e-17	3.82e-14	7.73e-12	1.08e-09	7.80e-08	3.60e-06	1.75e-04	1.48e-02	1.90e-01	7.95e-01
 1.67839e+22	0.00e+00	0.00e+00	0.00e+00	0.00e+00	0.00e+00	1.88e-29	4.24e-26	6.46e-23	1.66e-19	1.33e-16	5.28e-14	1.02e-11	1.37e-09	9.49e-08	4.20e-06	1.96e-04	1.59e-02	1.96e-01	7.88e-01
 1.70696e+22	0.00e+00	0.00e+00	0.00e+00	0.00e+00	0.00e+00	3.12e-29	6.79e-26	9.97e-23	2.46e-19	1.88e-16	7.19e-14	1.34e-11	1.72e-09	1.14e-07	4.87e-06	2.19e-04	1.71e-02	2.02e-01	7.81e-01
 1.73390e+22	0.00e+00	0.00e+00	0.00e+00	0.00e+00	0.00e+00	4.87e-29	1.02e-25	1.46e-22	3.46e-19	2.55e-16	9.40e-14	1.69e-11	2.10e-09	1.34e-07	5.53e-06	2.41e-04	1.82e-02	2.07e-01	7.75e-01
 1.76336e+22	0.00e+00	0.00e+00	0.00e+00	0.00e+00	0.00e+00	3.88e-29	7.85e-26	1.07e-22	5.27e-19	3.72e-16	1.31e-13	2.24e-11	2.67e-09	1.64e-07	6.47e-06	2.70e-04	1.96e-02	2.14e-01	7.66e-01
 1.79429e+22	0.00e+00	0.00e+00	0.00e+00	0.00e+00	0.00e+00	6.53e-29	1.27e-25	1.67e-22	7.87e-19	5.32e-16	1.79e-13	2.95e-11	3.37e-09	1.99e-07	7.53e-06	3.02e-04	2.10e-02	2.20e-01	7.58e-01
 1.82142e+22	0.00e+00	0.00e+00	0.00e+00	0.00e+00	0.00e+00	1.04e-28	1.96e-25	2.49e-22	1.13e-18	7.33e-16	2.38e-13	3.77e-11	4.15e-09	2.35e-07	8.61e-06	3.33e-04	2.23e-02	2.26e-01	7.51e-01
 1.85097e+22	0.00e+00	0.00e+00	0.00e+00	0.00e+00	6.00e-32	1.81e-28	3.29e-25	4.01e-22	1.73e-18	1.07e-15	3.32e-13	5.04e-11	5.29e-09	2.88e-07	1.01e-05	3.74e-04	2.41e-02	2.33e-01	7.42e-01
 1.88223e+22	0.00e+00	0.00e+00	0.00e+00	0.00e+00	1.06e-31	3.07e-28	5.35e-25	6.28e-22	2.59e-18	1.54e-15	4.57e-13	6.64e-11	6.69e-09	3.49e-07	1.17e-05	4.18e-04	2.58e-02	2.40e-01	7.33e-01
 1.90943e+22	0.00e+00	0.00e+00	0.00e+00	0.00e+00	1.74e-31	4.89e-28	8.24e-25	9.34e-22	3.71e-18	2.12e-15	6.05e-13	8.48e-11	8.22e-09	4.13e-07	1.34e-05	4.61e-04	2.75e-02	2.47e-01	7.26e-01
 1.93852e+22	0.00e+00	0.00e+00	0.00e+00	0.00e+00	3.10e-31	8.40e-28	1.36e-24	1.49e-21	5.63e-18	3.07e-15	8.39e-13	1.12e-10	1.04e-08	5.02e-07	1.57e-05	5.16e-04	2.95e-02	2.54e-01	7.16e-01
 1.96930e+22	0.00e+00	0.00e+00	0.00e+00	0.00e+00	5.40e-31	1.41e-27	2.20e-24	2.30e-21	8.37e-18	4.38e-15	1.15e-12	1.47e-10	1.31e-08	6.06e-07	1.82e-05	5.75e-04	3.16e-02	2.61e-01	7.07e-01
 1.99672e+22	0.00e+00	0.00e+00	0.00e+00	0.00e+00	8.93e-31	2.25e-27	3.40e-24	3.44e-21	1.20e-17	6.04e-15	1.52e-12	1.88e-10	1.61e-08	7.18e-07	2.07e-05	6.34e-04	3.36e-02	2.67e-01	6.98e-01
 2.02135e+22	0.00e+00	0.00e+00	0.00e+00	0.00e+00	1.41e-30	3.44e-27	5.03e-24	4.94e-21	1.66e-17	8.07e-15	1.96e-12	2.35e-10	1.95e-08	8.38e-07	2.34e-05	6.92e-04	3.55e-02	2.73e-01	6.91e-01
 2.04442e+22	0.00e+00	0.00e+00	0.00e+00	0.00e+00	2.14e-30	5.09e-27	7.25e-24	6.92e-21	2.25e-17	1.06e-14	2.49e-12	2.88e-10	2.31e-08	9.65e-07	2.62e-05	7.50e-04	3.73e-02	2.79e-01	6.83e-01
 2.07091e+22	0.00e+00	0.00e+00	0.00e+00	0.00e+00	3.57e-30	8.22e-27	1.13e-23	1.04e-20	3.25e-17	1.47e-14	3.32e-12	3.70e-10	2.85e-08	1.15e-06	2.99e-05	8.27e-04	3.97e-02	2.86e-01	6.74e-01
 2.09936e+22	0.00e+00	0.00e+00	0.00e+00	0.00e+00	5.95e-30	1.32e-26	1.76e-23	1.56e-20	4.69e-17	2.03e-14	4.43e-12	4.74e-10	3.52e-08	1.36e-06	3.43e-05	9.13e-04	4.22e-02	2.92e-01	6.65e-01
 2.12500e+22	0.00e+00	0.00e+00	0.00e+00	0.00e+00	9.55e-30	2.05e-26	2.64e-23	2.27e-20	6.59e-17	2.75e-14	5.78e-12	5.97e-10	4.27e-08	1.60e-06	3.88e-05	9.99e-04	4.46e-02	2.99e-01	6.56e-01
 2.14928e+22	0.00e+00	0.00e+00	0.00e+00	0.00e+00	1.51e-29	3.15e-26	3.93e-23	3.28e-20	9.15e-17	3.69e-14	7.47e-12	7.46e-10	5.15e-08	1.86e-06	4.38e-05	1.09e-03	4.71e-02	3.05e-01	6.47e-01
 2.17323e+22	0.00e+00	0.00e+00	0.00e+00	0.00e+00	2.34e-29	4.75e-26	5.75e-23	4.65e-20	1.25e-16	4.89e-14	9.57e-12	9.24e-10	6.17e-08	2.16e-06	4.92e-05	1.19e-03	4.96e-02	3.11e-01	6.38e-01
 2.20044e+22	0.00e+00	0.00e+00	0.00e+00	0.00e+00	2.16e-29	4.23e-26	4.94e-23	7.20e-20	1.86e-16	6.92e-14	1.30e-11	1.20e-09	7.71e-08	2.58e-06	5.66e-05	1.31e-03	5.28e-02	3.18e-01	6.28e-01
 2.22851e+22	0.00e+00	0.00e+00	0.00e+00	0.00e+00	6.59e-29	1.25e-25	1.41e-22	1.06e-19	2.64e-16	9.47e-14	1.71e-11	1.53e-09	9.43e-08	3.05e-06	6.44e-05	1.44e-03	5.59e-02	3.25e-01	6.18e-01
 2.25293e+22	0.00e+00	0.00e+00	0.00e+00	0.00e+00	5.52e-29	1.01e-25	1.11e-22	1.51e-19	3.63e-16	1.26e-13	2.20e-11	1.90e-09	1.13e-07	3.54e-06	7.24e-05	1.57e-03	5.88e-02	3.31e-01	6.09e-01
 2.27992e+22	0.00e+00	0.00e+00	0.00e+00	0.00e+00	9.36e-29	1.66e-25	1.76e-22	2.31e-19	5.31e-16	1.77e-13	2.96e-11	2.45e-09	1.40e-07	4.22e-06	8.30e-05	1.73e-03	6.25e-02	3.38e-01	5.98e-01
 2.30865e+22	0.00e+00	0.00e+00	0.00e+00	3.73e-32	1.56e-28	2.67e-25	2.73e-22	3.46e-19	7.65e-16	2.45e-13	3.94e-11	3.14e-09	1.73e-07	5.00e-06	9.48e-05	1.90e-03	6.62e-02	3.45e-01	5.87e-01
 2.33319e+22	0.00e+00	0.00e+00	0.00e+00	5.95e-32	2.42e-28	4.02e-25	3.99e-22	4.90e-19	1.05e-15	3.24e-13	5.04e-11	3.88e-09	2.07e-07	5.79e-06	1.06e-04	2.06e-03	6.96e-02	3.50e-01	5.78e-01
 2.35510e+22	0.00e+00	0.00e+00	0.00e+00	9.18e-32	3.63e-28	5.88e-25	5.67e-22	6.77e-19	1.40e-15	4.20e-13	6.34e-11	4.73e-09	2.44e-07	6.63e-06	1.18e-04	2.23e-03	7.28e-02	3.56e-01	5.69e-01
 2.38007e+22	0.00e+00	0.00e+00	0.00e+00	1.55e-31	5.96e-28	9.33e-25	8.72e-22	1.00e-18	2.00e-15	5.76e-13	8.36e-11	6.00e-09	2.98e-07	7.80e-06	1.34e-04	2.44e-03	7.69e-02	3.62e-01	5.58e-01
 2.40684e+22	0.00e+00	0.00e+00	0.00e+00	2.55e-31	9.47e-28	1.44e-24	1.30e-21	1.45e-18	2.79e-15	7.73e-13	1.08e-10	7.51e-09	3.61e-07	9.10e-06	1.51e-04	2.65e-03	8.09e-02	3.68e-01	5.48e-01
 2.43178e+22	0.00e+00	0.00e+00	0.00e+00	4.14e-31	1.49e-27	2.20e-24	1.93e-21	2.08e-18	3.86e-15	1.03e-12	1.40e-10	9.36e-09	4.34e-07	1.06e-05	1.70e-04	2.88e-03	8.50e-02	3.74e-01	5.38e-01
 2.46005e+22	0.00e+00	0.00e+00	0.00e+00	7.46e-31	2.60e-27	3.69e-24	3.12e-21	3.24e-18	5.75e-15	1.47e-12	1.91e-10	1.22e-08	5.43e-07	1.27e-05	1.96e-04	3.19e-03	9.02e-02	3.81e-01	5.26e-01
 2.48794e+22	0.00e+00	0.00e+00	0.00e+00	1.25e-30	4.20e-27	5.77e-24	4.72e-21	4.73e-18	8.10e-15	2.00e-12	2.50e-10	1.54e-08	6.61e-07	1.49e-05	2.21e-04	3.48e-03	9.51e-02	3.87e-01	5.15e-01
 2.51023e+22	0.00e+00	0.00e+00	0.00e+00	1.93e-30	6.32e-27	8.44e-24	6.71e-21	6.53e-18	1.08e-14	2.60e-12	3.14e-10	1.88e-08	7.80e-07	1.71e-05	2.46e-04	3.75e-03	9.93e-02	3.91e-01	5.05e-01
 2.53409e+22	0.00e+00	0.00e+00	0.00e+00	3.17e-30	1.01e-26	1.30e-23	1.00e-20	9.45e-18	1.51e-14	3.49e-12	4.08e-10	2.35e-08	9.42e-07	1.99e-05	2.76e-04	4.07e-03	1.04e-01	3.97e-01	4.95e-01
 2.56030e+22	0.00e+00	0.00e+00	0.00e+00	5.24e-30	1.61e-26	2.02e-23	1.51e-20	1.37e-17	2.12e-14	4.72e-12	5.31e-10	2.96e-08	1.14e-06	2.32e-05	3.12e-04	4.43e-03	1.10e-01	4.02e-01	4.84e-01
 2.58494e+22	0.00e+00	0.00e+00	0.00e+00	8.39e-30	2.51e-26	3.05e-23	2.21e-20	1.94e-17	2.91e-14	6.25e-12	6.80e-10	3.66e-08	1.37e-06	2.69e-05	3.49e-04	4.79e-03	1.15e-01	4.07e-01	4.73e-01
 2.61236e+22	0.00e+00	0.00e+00	0.00e+00	1.48e-29	4.28e-26	5.03e-23	3.51e-20	2.97e-17	4.26e-14	8.79e-12	9.16e-10	4.73e-08	1.69e-06	3.20e-05	3.99e-04	5.27e-03	1.21e-01	4.13e-01	4.61e-01
 2.63971e+22	0.00e+00	0.00e+00	0.00e+00	2.46e-29	6.88e-26	7.81e-23	5.27e-20	4.31e-17	5.97e-14	1.19e-11	1.19e-09	5.95e-08	2.05e-06	3.74e-05	4.50e-04	5.73e-03	1.27e-01	4.17e-01	4.49e-01
 2.66196e+22	0.00e+00	0.00e+00	0.00e+00	3.80e-29	1.03e-25	1.14e-22	7.48e-20	5.94e-17	7.98e-14	1.54e-11	1.50e-09	7.25e-08	2.42e-06	4.28e-05	4.98e-04	6.15e-03	1.32e-01	4.21e-01	4.40e-01
 2.68588e+22	0.00e+00	0.00e+00	1.58e-32	6.28e-29	1.66e-25	1.77e-22	1.12e-19	8.61e-17	1.12e-13	2.08e-11	1.95e-09	9.09e-08	2.93e-06	4.99e-05	5.61e-04	6.68e-03	1.39e-01	4.26e-01	4.28e-01
 2.71178e+22	0.00e+00	0.00e+00	2.69e-32	1.04e-28	2.64e-25	2.73e-22	1.68e-19	1.24e-16	1.56e-13	2.79e-11	2.54e-09	1.14e-07	3.55e-06	5.82e-05	6.31e-04	7.25e-03	1.45e-01	4.30e-01	4.17e-01
 2.73571e+22	0.00e+00	0.00e+00	4.35e-32	1.63e-28	4.06e-25	4.07e-22	2.43e-19	1.74e-16	2.11e-13	3.67e-11	3.22e-09	1.40e-07	4.22e-06	6.70e-05	7.02e-04	7.80e-03	1.51e-01	4.33e-01	4.07e-01
 2.76223e+22	0.00e+00	0.00e+00	7.89e-32	2.87e-28	6.87e-25	6.65e-22	3.81e-19	2.63e-16	3.07e-13	5.12e-11	4.32e-09	1.80e-07	5.22e-06	7.96e-05	8.01e-04	8.55e-03	1.59e-01	4.38e-01	3.94e-01
 2.78855e+22	0.00e+00	0.00e+00	1.32e-31	4.68e-28	1.08e-24	1.01e-21	5.63e-19	3.74e-16	4.24e-13	6.84e-11	5.57e-09	2.25e-07	6.28e-06	9.25e-05	8.97e-04	9.24e-03	1.66e-01	4.41e-01	3.83e-01
 2.81005e+22	0.00e+00	0.00e+00	2.07e-31	7.14e-28	1.61e-24	1.47e-21	7.91e-19	5.10e-16	5.61e-13	8.79e-11	6.95e-09	2.72e-07	7.37e-06	1.05e-04	9.90e-04	9.89e-03	1.72e-01	4.43e-01	3.73e-01
 2.83346e+22	0.00e+00	0.00e+00	3.55e-31	1.19e-27	2.60e-24	2.29e-21	1.19e-18	7.40e-16	7.87e-13	1.19e-10	9.08e-09	3.43e-07	8.95e-06	1.23e-04	1.11e-03	1.07e-02	1.80e-01	4.46e-01	3.62e-01
 2.85833e+22	0.00e+00	0.00e+00	5.80e-31	1.89e-27	4.01e-24	3.42e-21	1.72e-18	1.04e-15	1.07e-12	1.57e-10	1.16e-08	4.22e-07	1.07e-05	1.42e-04	1.24e-03	1.15e-02	1.87e-01	4.48e-01	3.51e-01
 2.88153e+22	0.00e+00	0.00e+00	9.48e-31	3.02e-27	6.19e-24	5.11e-21	2.50e-18	1.45e-15	1.45e-12	2.06e-10	1.47e-08	5.20e-07	1.27e-05	1.64e-04	1.38e-03	1.24e-02	1.95e-01	4.50e-01	3.41e-01
 2.90467e+22	0.00e+00	0.00e+00	1.56e-30	4.83e-27	9.60e-24	7.67e-21	3.63e-18	2.03e-15	1.98e-12	2.72e-10	1.88e-08	6.42e-07	1.52e-05	1.89e-04	1.54e-03	1.33e-02	2.03e-01	4.52e-01	3.30e-01
 2.92692e+22	0.00e+00	0.00e+00	2.49e-30	7.50e-27	1.45e-23	1.12e-20	5.14e-18	2.79e-15	2.64e-12	3.52e-10	2.36e-08	7.83e-07	1.80e-05	2.16e-04	1.70e-03	1.43e-02	2.10e-01	4.53e-01	3.21e-01
 2.94823e+22	0.00e+00	0.00e+00	3.93e-30	1.16e-26	2.17e-23	1.63e-20	7.24e-18	3.80e-15	3.50e-12	4.54e-10	2.96e-08	9.50e-07	2.11e-05	2.46e-04	1.88e-03	1.53e-02	2.17e-01	4.54e-01	3.11e-01
 2.97268e+22	0.00e+00	0.00e+00	7.11e-30	2.02e-26	3.64e-23	2.63e-20	1.12e-17	5.64e-15	5.03e-12	6.29e-10	3.95e-08	1.22e-06	2.61e-05	2.92e-04	2.14e-03	1.66e-02	2.27e-01	4.55e-01	2.99e-01
 2.99719e+22	0.00e+00	0.00e+00	1.14e-29	3.16e-26	5.53e-23	3.87e-20	1.60e-17	7.77e-15	6.74e-12	8.18e-10	4.98e-08	1.49e-06	3.09e-05	3.34e-04	2.36e-03	1.78e-02	2.35e-01	4.55e-01	2.89e-01
 3.02176e+22	0.00e+00	0.00e+00	2.03e-29	5.45e-26	9.18e-23	6.18e-20	2.45e-17	1.14e-14	9.59e-12	1.12e-09	6.60e-08	1.90e-06	3.79e-05	3.95e-04	2.67e-03	1.93e-02	2.45e-01	4.55e-01	2.77e-01
 3.04698e+22	0.00e+00	0.00e+00	3.47e-29	9.02e-26	1.47e-22	9.51e-20	3.63e-17	1.63e-14	1.33e-11	1.51e-09	8.56e-08	2.38e-06	4.59e-05	4.60e-04	3.00e-03	2.08e-02	2.54e-01	4.55e-01	2.67e-01
 3.06764e+22	0.00e+00	0.00e+00	5.27e-29	1.34e-25	2.12e-22	1.33e-19	4.95e-17	2.15e-14	1.72e-11	1.90e-09	1.05e-07	2.84e-06	5.32e-05	5.18e-04	3.27e-03	2.20e-02	2.62e-01	4.54e-01	2.58e-01
 3.08911e+22	0.00e+00	0.00e+00	8.93e-29	2.20e-25	3.36e-22	2.04e-19	7.28e-17	3.04e-14	2.36e-11	2.53e-09	1.35e-07	3.54e-06	6.42e-05	6.02e-04	3.66e-03	2.37e-02	2.71e-01	4.53e-01	2.48e-01
 3.11159e+22	0.00e+00	0.00e+00	1.44e-28	3.44e-25	5.08e-22	2.98e-19	1.03e-16	4.14e-14	3.14e-11	3.28e-09	1.70e-07	4.32e-06	7.60e-05	6.89e-04	4.04e-03	2.53e-02	2.80e-01	4.51e-01	2.39e-01
 3.13192e+22	0.00e+00	0.00e+00	2.24e-28	5.23e-25	7.50e-22	4.26e-19	1.42e-16	5.54e-14	4.10e-11	4.18e-09	2.11e-07	5.21e-06	8.89e-05	7.82e-04	4.44e-03	2.69e-02	2.88e-01	4.50e-01	2.30e-01
 3.15486e+22	0.00e+00	0.00e+00	3.99e-28	8.98e-25	1.24e-21	6.74e-19	2.16e-16	8.03e-14	5.79e-11	5.71e-09	2.79e-07	6.62e-06	1.09e-04	9.21e-04	5.00e-03	2.90e-02	2.99e-01	4.47e-01	2.19e-01
 3.17812e+22	0.00e+00	0.00e+00	6.38e-28	1.40e-24	1.86e-21	9.83e-19	3.04e-16	1.09e-13	7.68e-11	7.37e-09	3.50e-07	8.05e-06	1.29e-04	1.05e-03	5.51e-03	3.09e-02	3.07e-01	4.44e-01	2.11e-01
 3.19803e+22	0.00e+00	0.00e+00	1.01e-27	2.15e-24	2.78e-21	1.42e-18	4.23e-16	1.46e-13	1.01e-10	9.44e-09	4.36e-07	9.75e-06	1.51e-04	1.20e-03	6.06e-03	3.28e-02	3.16e-01	4.41e-01	2.02e-01
 3.21701e+22	0.00e+00	0.00e+00	1.55e-27	3.22e-24	4.04e-21	1.99e-18	5.76e-16	1.93e-13	1.30e-10	1.19e-08	5.36e-07	1.17e-05	1.76e-04	1.35e-03	6.62e-03	3.47e-02	3.24e-01	4.38e-01	1.95e-01
 3.23853e+22	0.00e+00	0.00e+00	2.64e-27	5.29e-24	6.39e-21	3.03e-18	8.42e-16	2.70e-13	1.78e-10	1.58e-08	6.90e-07	1.45e-05	2.12e-04	1.57e-03	7.37e-03	3.71e-02	3.34e-01	4.34e-01	1.86e-01
 3.26087e+22	0.00e+00	9.53e-33	4.29e-27	8.34e-24	9.72e-21	4.44e-18	1.19e-15	3.67e-13	2.37e-10	2.05e-08	8.70e-07	1.77e-05	2.51e-04	1.79e-03	8.13e-03	3.94e-02	3.43e-01	4.30e-01	1.77e-01
 3.28047e+22	0.00e+00	1.52e-32	6.64e-27	1.26e-23	1.42e-20	6.30e-18	1.63e-15	4.85e-13	3.07e-10	2.60e-08	1.07e-06	2.13e-05	2.92e-04	2.03e-03	8.88e-03	4.17e-02	3.51e-01	4.26e-01	1.70e-01
 3.30213e+22	0.00e+00	2.72e-32	1.16e-26	2.12e-23	2.29e-20	9.74e-18	2.41e-15	6.87e-13	4.25e-10	3.49e-08	1.40e-06	2.67e-05	3.54e-04	2.36e-03	9.92e-03	4.46e-02	3.61e-01	4.21e-01	1.61e-01
 3.32438e+22	0.00e+00	4.54e-32	1.88e-26	3.33e-23	3.48e-20	1.42e-17	3.39e-15	9.28e-13	5.63e-10	4.51e-08	1.76e-06	3.26e-05	4.20e-04	2.70e-03	1.09e-02	4.73e-02	3.70e-01	4.15e-01	1.54e-01
 3.34334e+22	0.00e+00	7.14e-32	2.88e-26	4.97e-23	5.04e-20	1.99e-17	4.59e-15	1.21e-12	7.23e-10	5.67e-08	2.15e-06	3.88e-05	4.86e-04	3.04e-03	1.19e-02	4.98e-02	3.77e-01	4.11e-01	1.47e-01
 3.36394e+22	0.00e+00	1.24e-31	4.85e-26	8.10e-23	7.90e-20	3.00e-17	6.62e-15	1.68e-12	9.78e-10	7.48e-08	2.75e-06	4.81e-05	5.83e-04	3.50e-03	1.32e-02	5.30e-02	3.86e-01	4.04e-01	1.39e-01
 3.38549e+22	0.00e+00	2.04e-31	7.77e-26	1.26e-22	1.19e-19	4.34e-17	9.22e-15	2.25e-12	1.29e-09	9.60e-08	3.44e-06	5.83e-05	6.86e-04	3.98e-03	1.44e-02	5.59e-02	3.94e-01	3.98e-01	1.32e-01
 3.40461e+22	0.00e+00	3.27e-31	1.22e-25	1.91e-22	1.74e-19	6.16e-17	1.26e-14	2.96e-12	1.67e-09	1.22e-07	4.25e-06	6.99e-05	8.00e-04	4.50e-03	1.57e-02	5.89e-02	4.02e-01	3.92e-01	1.26e-01
 3.42297e+22	0.00e+00	5.20e-31	1.88e-25	2.88e-22	2.54e-19	8.66e-17	1.71e-14	3.87e-12	2.14e-09	1.53e-07	5.22e-06	8.36e-05	9.29e-04	5.07e-03	1.71e-02	6.18e-02	4.09e-01	3.86e-01	1.20e-01
 3.44399e+22	0.00e+00	9.29e-31	3.26e-25	4.82e-22	4.07e-19	1.33e-16	2.51e-14	5.41e-12	2.94e-09	2.05e-07	6.77e-06	1.04e-04	1.12e-03	5.87e-03	1.90e-02	6.57e-02	4.18e-01	3.78e-01	1.13e-01
 3.46546e+22	0.00e+00	1.51e-30	5.17e-25	7.41e-22	6.04e-19	1.90e-16	3.45e-14	7.15e-12	3.83e-09	2.61e-07	8.40e-06	1.26e-04	1.31e-03	6.64e-03	2.07e-02	6.91e-02	4.25e-01	3.71e-01	1.07e-01
 3.48452e+22	0.00e+00	2.44e-30	8.14e-25	1.13e-21	8.92e-19	2.70e-16	4.72e-14	9.41e-12	4.96e-09	3.31e-07	1.04e-05	1.51e-04	1.53e-03	7.50e-03	2.25e-02	7.25e-02	4.31e-01	3.64e-01	1.01e-01
 3.50325e+22	0.00e+00	3.90e-30	1.27e-24	1.71e-21	1.30e-18	3.81e-16	6.41e-14	1.23e-11	6.39e-09	4.17e-07	1.28e-05	1.81e-04	1.78e-03	8.43e-03	2.44e-02	7.59e-02	4.37e-01	3.56e-01	9.58e-02
 3.52452e+22	0.00e+00	6.97e-30	2.20e-24	2.86e-21	2.09e-18	5.83e-16	9.36e-14	1.71e-11	8.74e-09	5.56e-07	1.65e-05	2.25e-04	2.14e-03	9.74e-03	2.70e-02	8.03e-02	4.44e-01	3.47e-01	8.94e-02
 3.54636e+22	0.00e+00	1.19e-29	3.66e-24	4.59e-21	3.21e-18	8.58e-16	1.32e-13	2.30e-11	1.16e-08	7.22e-07	2.09e-05	2.76e-04	2.54e-03	1.11e-02	2.95e-02	8.44e-02	4.50e-01	3.38e-01	8.38e-02
 3.56518e+22	0.00e+00	1.89e-29	5.66e-24	6.90e-21	4.67e-18	1.20e-15	1.78e-13	2.99e-11	1.48e-08	9.07e-07	2.56e-05	3.28e-04	2.93e-03	1.25e-02	3.19e-02	8.81e-02	4.55e-01	3.30e-01	7.91e-02
 3.58589e+22	0.00e+00	3.33e-29	9.69e-24	1.14e-20	7.39e-18	1.82e-15	2.56e-13	4.11e-11	2.01e-08	1.20e-06	3.28e-05	4.06e-04	3.51e-03	1.43e-02	3.51e-02	9.26e-02	4.60e-01	3.20e-01	7.36e-02
 3.60670e+22	0.00e+00	5.31e-29	1.51e-23	1.72e-20	1.08e-17	2.56e-15	3.47e-13	5.34e-11	2.58e-08	1.51e-06	4.02e-05	4.84e-04	4.06e-03	1.60e-02	3.78e-02	9.64e-02	4.64e-01	3.12e-01	6.92e-02
 3.62466e+22	0.00e+00	8.50e-29	2.36e-23	2.60e-20	1.57e-17	3.58e-15	4.66e-13	6.89e-11	3.30e-08	1.89e-06	4.94e-05	5.77e-04	4.70e-03	1.79e-02	4.08e-02	1.00e-01	4.67e-01	3.03e-01	6.50e-02
 3.64211e+22	0.00e+00	1.31e-28	3.55e-23	3.81e-20	2.23e-17	4.90e-15	6.15e-13	8.76e-11	4.15e-08	2.34e-06	5.96e-05	6.78e-04	5.37e-03	1.99e-02	4.38e-02	1.04e-01	4.70e-01	2.95e-01	6.13e-02
 3.65851e+22	0.00e+00	1.96e-28	5.21e-23	5.44e-20	3.08e-17	6.55e-15	7.94e-13	1.09e-10	5.13e-08	2.84e-06	7.10e-05	7.87e-04	6.09e-03	2.18e-02	4.66e-02	1.07e-01	4.72e-01	2.87e-01	5.79e-02
 3.67404e+22	0.00e+00	2.97e-28	7.74e-23	7.84e-20	4.29e-17	8.80e-15	1.03e-12	1.36e-10	6.35e-08	3.47e-06	8.49e-05	9.18e-04	6.92e-03	2.41e-02	4.97e-02	1.11e-01	4.73e-01	2.80e-01	5.46e-02
 3.68804e+22	0.00e+00	4.24e-28	1.09e-22	1.07e-19	5.69e-17	1.13e-14	1.28e-12	1.64e-10	7.63e-08	4.12e-06	9.89e-05	1.05e-03	7.72e-03	2.62e-02	5.26e-02	1.14e-01	4.74e-01	2.73e-01	5.19e-02
 3.70044e+22	0.00e+00	5.74e-28	1.45e-22	1.40e-19	7.26e-17	1.41e-14	1.55e-12	1.93e-10	8.94e-08	4.77e-06	1.13e-04	1.17e-03	8.46e-03	2.81e-02	5.50e-02	1.16e-01	4.75e-01	2.67e-01	4.96e-02
 3.71451e+22	0.00e+00	8.63e-28	2.13e-22	2.00e-19	1.00e-16	1.88e-14	1.99e-12	2.40e-10	1.10e-07	5.79e-06	1.34e-04	1.36e-03	9.57e-03	3.08e-02	5.84e-02	1.20e-01	4.75e-01	2.59e-01	4.67e-02
 3.72922e+22	0.00e+00	1.24e-27	3.00e-22	2.75e-19	1.34e-16	2.43e-14	2.49e-12	2.90e-10	1.33e-07	6.88e-06	1.56e-04	1.55e-03	1.07e-02	3.34e-02	6.16e-02	1.22e-01	4.75e-01	2.51e-01	4.41e-02
 3.74196e+22	0.00e+00	1.72e-27	4.10e-22	3.66e-19	1.74e-16	3.06e-14	3.04e-12	3.44e-10	1.57e-07	8.04e-06	1.80e-04	1.74e-03	1.18e-02	3.60e-02	6.46e-02	1.25e-01	4.74e-01	2.45e-01	4.19e-02
 3.75387e+22	0.00e+00	2.39e-27	5.60e-22	4.88e-19	2.25e-16	3.85e-14	3.71e-12	4.07e-10	1.85e-07	9.39e-06	2.07e-04	1.96e-03	1.30e-02	3.87e-02	6.77e-02	1.28e-01	4.73e-01	2.38e-01	3.98e-02
 3.76567e+22	0.00e+00	3.25e-27	7.51e-22	6.40e-19	2.88e-16	4.79e-14	4.49e-12	4.77e-10	2.16e-07	1.09e-05	2.35e-04	2.19e-03	1.42e-02	4.15e-02	7.07e-02	1.30e-01	4.71e-01	2.32e-01	3.79e-02
 3.77728e+22	0.00e+00	4.41e-27	1.00e-21	8.37e-19	3.66e-16	5.93e-14	5.40e-12	5.58e-10	2.52e-07	1.25e-05	2.68e-04	2.44e-03	1.55e-02	4.43e-02	7.37e-02	1.32e-01	4.70e-01	2.26e-01	3.60e-02
 3.78865e+22	0.00e+00	6.00e-27	1.35e-21	1.10e-18	4.67e-16	7.35e-14	6.49e-12	6.51e-10	2.94e-07	1.45e-05	3.05e-04	2.72e-03	1.70e-02	4.74e-02	7.69e-02	1.35e-01	4.68e-01	2.19e-01	3.42e-02
 3.79988e+22	0.00e+00	8.15e-27	1.80e-21	1.43e-18	5.94e-16	9.08e-14	7.79e-12	7.59e-10	3.43e-07	1.67e-05	3.46e-04	3.03e-03	1.86e-02	5.06e-02	8.01e-02	1.37e-01	4.65e-01	2.13e-01	3.24e-02
 3.81269e+22	0.00e+00	1.19e-26	2.58e-21	1.99e-18	8.01e-16	1.18e-13	9.78e-12	9.19e-10	4.14e-07	2.00e-05	4.05e-04	3.47e-03	2.07e-02	5.49e-02	8.41e-02	1.39e-01	4.62e-01	2.05e-01	3.03e-02
 3.82568e+22	3.84e-33	1.67e-26	3.56e-21	2.68e-18	1.04e-15	1.49e-13	1.19e-11	1.08e-09	4.89e-07	2.33e-05	4.66e-04	3.90e-03	2.28e-02	5.89e-02	8.78e-02	1.41e-01	4.58e-01	1.98e-01	2.86e-02
 3.83667e+22	5.23e-33	2.24e-26	4.72e-21	3.46e-18	1.31e-15	1.82e-13	1.41e-11	1.25e-09	5.64e-07	2.67e-05	5.26e-04	4.32e-03	2.48e-02	6.26e-02	9.11e-02	1.43e-01	4.54e-01	1.92e-01	2.71e-02
 3.84686e+22	7.03e-33	2.97e-26	6.17e-21	4.42e-18	1.63e-15	2.21e-13	1.67e-11	1.43e-09	6.47e-07	3.04e-05	5.90e-04	4.76e-03	2.69e-02	6.63e-02	9.43e-02	1.45e-01	4.50e-01	1.87e-01	2.57e-02
 3.85672e+22	9.43e-33	3.93e-26	8.05e-21	5.64e-18	2.03e-15	2.67e-13	1.96e-11	1.63e-09	7.41e-07	3.45e-05	6.61e-04	5.24e-03	2.90e-02	7.01e-02	9.74e-02	1.46e-01	4.46e-01	1.81e-01	2.44e-02
 3.86803e+22	1.36e-32	5.56e-26	1.12e-20	7.63e-18	2.66e-15	3.38e-13	2.39e-11	1.93e-09	8.76e-07	4.04e-05	7.61e-04	5.89e-03	3.19e-02	7.52e-02	1.01e-01	1.48e-01	4.41e-01	1.74e-01	2.28e-02
 3.87956e+22	1.88e-32	7.58e-26	1.50e-20	9.98e-18	3.38e-15	4.16e-13	2.85e-11	2.23e-09	1.02e-06	4.64e-05	8.62e-04	6.54e-03	3.48e-02	7.99e-02	1.05e-01	1.49e-01	4.35e-01	1.67e-01	2.14e-02
 3.88941e+22	2.51e-32	9.97e-26	1.96e-20	1.27e-17	4.18e-15	5.00e-13	3.32e-11	2.53e-09	1.16e-06	5.25e-05	9.62e-04	7.17e-03	3.75e-02	8.42e-02	1.08e-01	1.50e-01	4.30e-01	1.62e-01	2.03e-02
 3.90028e+22	3.62e-32	1.42e-25	2.73e-20	1.72e-17	5.47e-15	6.32e-13	4.05e-11	2.97e-09	1.36e-06	6.14e-05	1.11e-03	8.06e-03	4.11e-02	9.00e-02	1.12e-01	1.51e-01	4.23e-01	1.55e-01	1.89e-02
 3.91147e+22	5.00e-32	1.93e-25	3.66e-20	2.24e-17	6.93e-15	7.75e-13	4.79e-11	3.40e-09	1.57e-06	7.04e-05	1.25e-03	8.92e-03	4.46e-02	9.53e-02	1.16e-01	1.52e-01	4.16e-01	1.49e-01	1.77e-02
 3.92134e+22	6.76e-32	2.57e-25	4.82e-20	2.87e-17	8.63e-15	9.37e-13	5.61e-11	3.86e-09	1.80e-06	7.99e-05	1.40e-03	9.79e-03	4.81e-02	1.00e-01	1.19e-01	1.52e-01	4.09e-01	1.43e-01	1.66e-02
 3.93246e+22	1.00e-31	3.75e-25	6.91e-20	3.97e-17	1.15e-14	1.20e-12	6.89e-11	4.56e-09	2.14e-06	9.41e-05	1.62e-03	1.11e-02	5.30e-02	1.07e-01	1.23e-01	1.53e-01	4.00e-01	1.35e-01	1.53e-02
 3.94371e+22	1.38e-31	5.08e-25	9.23e-20	5.16e-17	1.45e-14	1.46e-12	8.11e-11	5.19e-09	2.45e-06	1.07e-04	1.82e-03	1.22e-02	5.72e-02	1.13e-01	1.27e-01	1.53e-01	3.92e-01	1.29e-01	1.42e-02
 3.95329e+22	1.84e-31	6.69e-25	1.20e-19	6.54e-17	1.78e-14	1.75e-12	9.40e-11	5.85e-09	2.78e-06	1.21e-04	2.02e-03	1.33e-02	6.13e-02	1.19e-01	1.30e-01	1.53e-01	3.84e-01	1.24e-01	1.34e-02
 3.96393e+22	2.78e-31	9.91e-25	1.75e-19	9.15e-17	2.39e-14	2.24e-12	1.15e-10	6.85e-09	3.30e-06	1.43e-04	2.34e-03	1.50e-02	6.75e-02	1.27e-01	1.34e-01	1.53e-01	3.73e-01	1.17e-01	1.22e-02
 3.97438e+22	3.67e-31	1.29e-24	2.25e-19	1.15e-16	2.92e-14	2.66e-12	1.32e-10	7.66e-09	3.71e-06	1.60e-04	2.59e-03	1.63e-02	7.20e-02	1.32e-01	1.36e-01	1.52e-01	3.65e-01	1.12e-01	1.14e-02
 3.98458e+22	5.44e-31	1.89e-24	3.23e-19	1.58e-16	3.87e-14	3.37e-12	1.60e-10	8.88e-09	4.37e-06	1.87e-04	2.98e-03	1.83e-02	7.87e-02	1.40e-01	1.40e-01	1.51e-01	3.53e-01	1.05e-01	1.04e-02
 3.99460e+22	7.12e-31	2.44e-24	4.12e-19	1.97e-16	4.69e-14	3.97e-12	1.83e-10	9.88e-09	4.89e-06	2.08e-04	3.27e-03	1.97e-02	8.35e-02	1.46e-01	1.42e-01	1.50e-01	3.45e-01	1.00e-01	9.71e-03
 4.00437e+22	1.05e-30	3.54e-24	5.89e-19	2.71e-16	6.17e-14	4.99e-12	2.20e-10	1.14e-08	5.72e-06	2.42e-04	3.74e-03	2.20e-02	9.09e-02	1.54e-01	1.46e-01	1.49e-01	3.33e-01	9.35e-02	8.80e-03
 4.01412e+22	1.39e-30	4.61e-24	7.58e-19	3.39e-16	7.51e-14	5.89e-12	2.52e-10	1.26e-08	6.40e-06	2.69e-04	4.11e-03	2.37e-02	9.64e-02	1.60e-01	1.48e-01	1.47e-01	3.24e-01	8.90e-02	8.19e-03
 4.02385e+22	2.05e-30	6.71e-24	1.08e-18	4.66e-16	9.87e-14	7.41e-12	3.02e-10	1.45e-08	7.46e-06	3.12e-04	4.69e-03	2.64e-02	1.05e-01	1.68e-01	1.50e-01	1.45e-01	3.11e-01	8.27e-02	7.37e-03
 4.03365e+22	2.74e-30	8.85e-24	1.41e-18	5.89e-16	1.21e-13	8.78e-12	3.46e-10	1.61e-08	8.35e-06	3.48e-04	5.16e-03	2.85e-02	1.11e-01	1.74e-01	1.52e-01	1.43e-01	3.01e-01	7.82e-02	6.82e-03
 4.04354e+22	4.11e-30	1.30e-23	2.04e-18	8.16e-16	1.60e-13	1.11e-11	4.15e-10	1.84e-08	9.74e-06	4.04e-04	5.88e-03	3.17e-02	1.20e-01	1.83e-01	1.54e-01	1.40e-01	2.87e-01	7.22e-02	6.08e-03
 4.05350e+22	5.53e-30	1.73e-23	2.68e-18	1.04e-15	1.97e-13	1.32e-11	4.76e-10	2.05e-08	1.09e-05	4.50e-04	6.47e-03	3.42e-02	1.27e-01	1.89e-01	1.55e-01	1.38e-01	2.77e-01	6.79e-02	5.59e-03
 4.06354e+22	8.27e-30	2.54e-23	3.87e-18	1.43e-15	2.60e-13	1.66e-11	5.71e-10	2.35e-08	1.27e-05	5.20e-04	7.34e-03	3.78e-02	1.37e-01	1.97e-01	1.57e-01	1.34e-01	2.62e-01	6.23e-02	4.96e-03
 4.07350e+22	1.12e-29	3.39e-23	5.09e-18	1.82e-15	3.20e-13	1.97e-11	6.53e-10	2.60e-08	1.42e-05	5.79e-04	8.05e-03	4.06e-02	1.44e-01	2.03e-01	1.57e-01	1.32e-01	2.52e-01	5.83e-02	4.53e-03
 4.08333e+22	1.66e-29	4.97e-23	7.32e-18	2.51e-15	4.20e-13	2.47e-11	7.79e-10	2.96e-08	1.63e-05	6.64e-04	9.08e-03	4.47e-02	1.54e-01	2.10e-01	1.58e-01	1.28e-01	2.38e-01	5.32e-02	4.00e-03
 4.09332e+22	2.28e-29	6.72e-23	9.77e-18	3.23e-15	5.21e-13	2.95e-11	8.96e-10	3.28e-08	1.83e-05	7.40e-04	9.96e-03	4.80e-02	1.63e-01	2.16e-01	1.58e-01	1.24e-01	2.27e-01	4.94e-02	3.62e-03
 4.10351e+22	3.45e-29	1.00e-22	1.43e-17	4.50e-15	6.92e-13	3.73e-11	1.07e-09	3.75e-08	2.11e-05	8.50e-04	1.12e-02	5.27e-02	1.74e-01	2.23e-01	1.58e-01	1.20e-01	2.13e-01	4.47e-02	3.17e-03
 4.11381e+22	4.78e-29	1.36e-22	1.92e-17	5.83e-15	8.63e-13	4.47e-11	1.24e-09	4.17e-08	2.36e-05	9.45e-04	1.23e-02	5.66e-02	1.82e-01	2.29e-01	1.57e-01	1.16e-01	2.02e-01	4.13e-02	2.84e-03
 4.12426e+22	7.33e-29	2.05e-22	2.83e-17	8.18e-15	1.15e-12	5.68e-11	1.49e-09	4.78e-08	2.72e-05	1.08e-03	1.38e-02	6.19e-02	1.94e-01	2.35e-01	1.56e-01	1.11e-01	1.88e-01	3.70e-02	2.46e-03
 4.13477e+22	1.02e-28	2.80e-22	3.81e-17	1.06e-14	1.44e-12	6.82e-11	1.72e-09	5.31e-08	3.03e-05	1.20e-03	1.51e-02	6.61e-02	2.03e-01	2.40e-01	1.54e-01	1.07e-01	1.77e-01	3.39e-02	2.19e-03
 4.14384e+22	1.40e-28	3.81e-22	5.10e-17	1.37e-14	1.79e-12	8.15e-11	1.97e-09	5.89e-08	3.36e-05	1.33e-03	1.64e-02	7.04e-02	2.11e-01	2.44e-01	1.53e-01	1.03e-01	1.67e-01	3.11e-02	1.96e-03
 4.15412e+22	2.13e-28	5.70e-22	7.48e-17	1.91e-14	2.37e-12	1.03e-10	2.37e-09	6.73e-08	3.83e-05	1.50e-03	1.83e-02	7.63e-02	2.23e-01	2.49e-01	1.50e-01	9.83e-02	1.54e-01	2.77e-02	1.68e-03
 4.16437e+22	2.89e-28	7.61e-22	9.85e-17	2.42e-14	2.91e-12	1.22e-10	2.70e-09	7.44e-08	4.22e-05	1.65e-03	1.97e-02	8.07e-02	2.31e-01	2.52e-01	1.48e-01	9.47e-02	1.45e-01	2.55e-02	1.50e-03
 4.17459e+22	4.36e-28	1.13e-21	1.43e-16	3.35e-14	3.84e-12	1.53e-10	3.23e-09	8.49e-08	4.78e-05	1.85e-03	2.17e-02	8.68e-02	2.42e-01	2.55e-01	1.45e-01	8.97e-02	1.34e-01	2.26e-02	1.29e-03
 4.18492e+22	5.91e-28	1.51e-21	1.88e-16	4.26e-14	4.72e-12	1.82e-10	3.70e-09	9.40e-08	5.24e-05	2.02e-03	2.33e-02	9.15e-02	2.49e-01	2.57e-01	1.43e-01	8.60e-02	1.26e-01	2.07e-02	1.15e-03
 4.19541e+22	8.94e-28	2.23e-21	2.73e-16	5.89e-14	6.23e-12	2.29e-10	4.43e-09	1.08e-07	5.92e-05	2.27e-03	2.56e-02	9.79e-02	2.60e-01	2.59e-01	1.39e-01	8.11e-02	1.15e-01	1.83e-02	9.78e-04
 4.20606e+22	1.22e-27	2.99e-21	3.61e-16	7.50e-14	7.67e-12	2.73e-10	5.08e-09	1.19e-07	6.50e-05	2.47e-03	2.75e-02	1.03e-01	2.67e-01	2.60e-01	1.36e-01	7.75e-02	1.08e-01	1.66e-02	8.67e-04
 4.21695e+22	1.82e-27	4.39e-21	5.19e-16	1.03e-13	1.01e-11	3.42e-10	6.08e-09	1.37e-07	7.31e-05	2.75e-03	3.00e-02	1.10e-01	2.77e-01	2.61e-01	1.32e-01	7.29e-02	9.89e-02	1.47e-02	7.38e-04
 4.22823e+22	2.53e-27	6.02e-21	6.98e-16	1.34e-13	1.26e-11	4.13e-10	7.06e-09	1.53e-07	8.05e-05	3.00e-03	3.22e-02	1.15e-01	2.84e-01	2.62e-01	1.29e-01	6.92e-02	9.17e-02	1.32e-02	6.45e-04
 4.23998e+22	3.86e-27	8.98e-21	1.02e-15	1.86e-13	1.67e-11	5.24e-10	8.54e-09	1.77e-07	9.08e-05	3.35e-03	3.51e-02	1.22e-01	2.93e-01	2.61e-01	1.25e-01	6.46e-02	8.33e-02	1.15e-02	5.43e-04
 4.25201e+22	5.39e-27	1.23e-20	1.37e-15	2.41e-13	2.10e-11	6.33e-10	9.94e-09	1.99e-07	1.00e-04	3.65e-03	3.76e-02	1.28e-01	3.00e-01	2.61e-01	1.21e-01	6.11e-02	7.70e-02	1.03e-02	4.72e-04
 4.26272e+22	7.45e-27	1.68e-20	1.83e-15	3.10e-13	2.61e-11	7.61e-10	1.15e-08	2.23e-07	1.10e-04	3.97e-03	4.01e-02	1.34e-01	3.07e-01	2.59e-01	1.17e-01	5.78e-02	7.12e-02	9.29e-03	4.12e-04
 4.27496e+22	1.13e-26	2.48e-20	2.65e-15	4.28e-13	3.45e-11	9.64e-10	1.39e-08	2.59e-07	1.23e-04	4.40e-03	4.35e-02	1.41e-01	3.14e-01	2.58e-01	1.12e-01	5.38e-02	6.43e-02	8.08e-03	3.45e-04
 4.28736e+22	1.55e-26	3.35e-20	3.52e-15	5.50e-13	4.28e-11	1.16e-09	1.62e-08	2.90e-07	1.35e-04	4.77e-03	4.62e-02	1.47e-01	3.20e-01	2.56e-01	1.09e-01	5.08e-02	5.94e-02	7.24e-03	3.00e-04
 4.29999e+22	2.33e-26	4.93e-20	5.05e-15	7.55e-13	5.64e-11	1.46e-09	1.96e-08	3.37e-07	1.52e-04	5.27e-03	4.99e-02	1.55e-01	3.26e-01	2.53e-01	1.04e-01	4.71e-02	5.35e-02	6.28e-03	2.51e-04
 4.31225e+22	3.10e-26	6.45e-20	6.50e-15	9.43e-13	6.84e-11	1.73e-09	2.24e-08	3.74e-07	1.65e-04	5.65e-03	5.26e-02	1.60e-01	3.31e-01	2.50e-01	1.01e-01	4.46e-02	4.97e-02	5.68e-03	2.21e-04
 4.32403e+22	4.49e-26	9.15e-20	9.03e-15	1.26e-12	8.80e-11	2.14e-09	2.66e-08	4.29e-07	1.83e-04	6.18e-03	5.62e-02	1.67e-01	3.36e-01	2.47e-01	9.62e-02	4.15e-02	4.51e-02	4.97e-03	1.86e-04
 4.33605e+22	5.96e-26	1.19e-19	1.16e-14	1.57e-12	1.07e-10	2.52e-09	3.05e-08	4.77e-07	1.98e-04	6.62e-03	5.92e-02	1.72e-01	3.40e-01	2.44e-01	9.28e-02	3.92e-02	4.18e-02	4.48e-03	1.64e-04
 4.34836e+22	8.69e-26	1.71e-19	1.62e-14	2.10e-12	1.38e-10	3.14e-09	3.64e-08	5.49e-07	2.21e-04	7.24e-03	6.32e-02	1.79e-01	3.44e-01	2.39e-01	8.84e-02	3.63e-02	3.77e-02	3.90e-03	1.37e-04
 4.36084e+22	1.15e-25	2.21e-19	2.06e-14	2.60e-12	1.66e-10	3.69e-09	4.17e-08	6.11e-07	2.40e-04	7.74e-03	6.63e-02	1.85e-01	3.47e-01	2.36e-01	8.52e-02	3.43e-02	3.49e-02	3.52e-03	1.21e-04
 4.37354e+22	1.67e-25	3.15e-19	2.86e-14	3.48e-12	2.15e-10	4.59e-09	4.99e-08	7.04e-07	2.67e-04	8.45e-03	7.07e-02	1.92e-01	3.51e-01	2.31e-01	8.09e-02	3.17e-02	3.14e-02	3.05e-03	1.01e-04
 4.38602e+22	2.16e-25	4.01e-19	3.58e-14	4.24e-12	2.56e-10	5.34e-09	5.65e-08	7.78e-07	2.88e-04	8.99e-03	7.38e-02	1.97e-01	3.53e-01	2.28e-01	7.79e-02	3.00e-02	2.91e-02	2.76e-03	8.93e-05
 4.39821e+22	3.06e-25	5.56e-19	4.86e-14	5.55e-12	3.24e-10	6.55e-09	6.69e-08	8.89e-07	3.18e-04	9.74e-03	7.82e-02	2.04e-01	3.55e-01	2.23e-01	7.40e-02	2.78e-02	2.63e-02	2.41e-03	7.53e-05
 4.41065e+22	3.98e-25	7.11e-19	6.10e-14	6.80e-12	3.87e-10	7.64e-09	7.60e-08	9.85e-07	3.43e-04	1.04e-02	8.16e-02	2.09e-01	3.57e-01	2.19e-01	7.12e-02	2.62e-02	2.44e-02	2.18e-03	6.63e-05
 4.42342e+22	5.65e-25	9.87e-19	8.28e-14	8.90e-12	4.91e-10	9.39e-09	9.01e-08	1.13e-06	3.80e-04	1.12e-02	8.64e-02	2.15e-01	3.58e-01	2.13e-01	6.74e-02	2.42e-02	2.20e-02	1.89e-03	5.57e-05
 4.43643e+22	7.38e-25	1.27e-18	1.04e-13	1.09e-11	5.89e-10	1.10e-08	1.03e-07	1.25e-06	4.11e-04	1.20e-02	9.01e-02	2.20e-01	3.59e-01	2.09e-01	6.46e-02	2.28e-02	2.02e-02	1.70e-03	4.87e-05
 4.44975e+22	1.05e-24	1.76e-18	1.42e-13	1.44e-11	7.50e-10	1.35e-08	1.22e-07	1.44e-06	4.56e-04	1.30e-02	9.52e-02	2.27e-01	3.60e-01	2.03e-01	6.09e-02	2.09e-02	1.82e-02	1.47e-03	4.07e-05
 4.46332e+22	1.38e-24	2.27e-18	1.79e-13	1.77e-11	9.00e-10	1.59e-08	1.40e-07	1.60e-06	4.94e-04	1.38e-02	9.93e-02	2.32e-01	3.60e-01	1.98e-01	5.82e-02	1.96e-02	1.67e-02	1.32e-03	3.55e-05
 4.47718e+22	1.97e-24	3.16e-18	2.43e-13	2.32e-11	1.15e-09	1.96e-08	1.66e-07	1.85e-06	5.49e-04	1.49e-02	1.05e-01	2.39e-01	3.60e-01	1.92e-01	5.47e-02	1.80e-02	1.49e-02	1.14e-03	2.95e-05
 4.49132e+22	2.58e-24	4.07e-18	3.07e-13	2.86e-11	1.38e-09	2.31e-08	1.90e-07	2.06e-06	5.96e-04	1.59e-02	1.09e-01	2.44e-01	3.59e-01	1.87e-01	5.21e-02	1.68e-02	1.37e-02	1.01e-03	2.56e-05
 4.50374e+22	3.37e-24	5.22e-18	3.86e-13	3.50e-11	1.66e-09	2.70e-08	2.17e-07	2.29e-06	6.45e-04	1.69e-02	1.14e-01	2.49e-01	3.59e-01	1.83e-01	4.97e-02	1.57e-02	1.25e-02	9.04e-04	2.23e-05
 4.51782e+22	4.76e-24	7.19e-18	5.19e-13	4.56e-11	2.09e-09	3.31e-08	2.58e-07	2.63e-06	7.15e-04	1.82e-02	1.19e-01	2.55e-01	3.57e-01	1.76e-01	4.66e-02	1.44e-02	1.12e-02	7.79e-04	1.85e-05
 4.53190e+22	6.09e-24	9.04e-18	6.40e-13	5.51e-11	2.48e-09	3.83e-08	2.92e-07	2.91e-06	7.71e-04	1.93e-02	1.24e-01	2.59e-01	3.56e-01	1.72e-01	4.45e-02	1.35e-02	1.03e-02	7.00e-04	1.63e-05
 4.54595e+22	8.56e-24	1.24e-17	8.56e-13	7.14e-11	3.12e-09	4.69e-08	3.46e-07	3.34e-06	8.53e-04	2.08e-02	1.30e-01	2.65e-01	3.54e-01	1.66e-01	4.16e-02	1.24e-02	9.21e-03	6.03e-04	1.35e-05
 4.56021e+22	1.10e-23	1.56e-17	1.06e-12	8.63e-11	3.70e-09	5.44e-08	3.91e-07	3.70e-06	9.20e-04	2.20e-02	1.35e-01	2.69e-01	3.52e-01	1.61e-01	3.96e-02	1.16e-02	8.47e-03	5.40e-04	1.18e-05
 4.57475e+22	1.53e-23	2.13e-17	1.40e-12	1.11e-10	4.63e-09	6.63e-08	4.62e-07	4.23e-06	1.02e-03	2.37e-02	1.41e-01	2.75e-01	3.49e-01	1.55e-01	3.70e-02	1.06e-02	7.55e-03	4.65e-04	9.81e-06
 4.58975e+22	2.01e-23	2.73e-17	1.77e-12	1.37e-10	5.57e-09	7.80e-08	5.30e-07	4.73e-06	1.10e-03	2.51e-02	1.46e-01	2.79e-01	3.46e-01	1.50e-01	3.50e-02	9.83e-03	6.87e-03	4.11e-04	8.44e-06
 4.60536e+22	2.82e-23	3.74e-17	2.35e-12	1.77e-10	7.01e-09	9.54e-08	6.27e-07	5.43e-06	1.22e-03	2.71e-02	1.53e-01	2.84e-01	3.43e-01	1.44e-01	3.26e-02	8.94e-03	6.10e-03	3.53e-04	6.99e-06
 4.62152e+22	3.76e-23	4.88e-17	3.00e-12	2.20e-10	8.53e-09	1.13e-07	7.25e-07	6.11e-06	1.34e-03	2.88e-02	1.59e-01	2.88e-01	3.39e-01	1.38e-01	3.06e-02	8.25e-03	5.50e-03	3.09e-04	5.94e-06
 4.63838e+22	5.37e-23	6.77e-17	4.05e-12	2.88e-10	1.09e-08	1.40e-07	8.66e-07	7.06e-06	1.49e-03	3.11e-02	1.67e-01	2.93e-01	3.35e-01	1.32e-01	2.83e-02	7.45e-03	4.84e-03	2.62e-04	4.85e-06
 4.65576e+22	7.24e-23	8.92e-17	5.21e-12	3.61e-10	1.33e-08	1.67e-07	1.01e-06	7.98e-06	1.63e-03	3.32e-02	1.73e-01	2.97e-01	3.30e-01	1.27e-01	2.65e-02	6.83e-03	4.34e-03	2.27e-04	4.08e-06
 4.67379e+22	1.05e-22	1.25e-16	7.10e-12	4.78e-10	1.71e-08	2.08e-07	1.21e-06	9.28e-06	1.82e-03	3.59e-02	1.81e-01	3.02e-01	3.24e-01	1.20e-01	2.43e-02	6.12e-03	3.79e-03	1.91e-04	3.29e-06
 4.69249e+22	1.44e-22	1.68e-16	9.26e-12	6.07e-10	2.12e-08	2.51e-07	1.42e-06	1.06e-05	2.01e-03	3.84e-02	1.88e-01	3.06e-01	3.19e-01	1.15e-01	2.26e-02	5.57e-03	3.36e-03	1.64e-04	2.74e-06
 4.70947e+22	1.95e-22	2.22e-16	1.20e-11	7.65e-10	2.60e-08	3.01e-07	1.65e-06	1.20e-05	2.20e-03	4.10e-02	1.95e-01	3.09e-01	3.14e-01	1.09e-01	2.10e-02	5.07e-03	3.00e-03	1.41e-04	2.29e-06
 4.72896e+22	2.88e-22	3.17e-16	1.65e-11	1.02e-09	3.38e-08	3.78e-07	2.00e-06	1.40e-05	2.47e-03	4.44e-02	2.05e-01	3.13e-01	3.07e-01	1.03e-01	1.91e-02	4.50e-03	2.58e-03	1.17e-04	1.81e-06
 4.74883e+22	3.96e-22	4.25e-16	2.16e-11	1.30e-09	4.19e-08	4.56e-07	2.35e-06	1.60e-05	2.72e-03	4.74e-02	2.12e-01	3.15e-01	3.00e-01	9.78e-02	1.76e-02	4.07e-03	2.28e-03	9.97e-05	1.50e-06
 4.76919e+22	5.90e-22	6.13e-16	3.00e-11	1.75e-09	5.47e-08	5.77e-07	2.86e-06	1.88e-05	3.06e-03	5.14e-02	2.22e-01	3.18e-01	2.92e-01	9.15e-02	1.60e-02	3.59e-03	1.95e-03	8.17e-05	1.17e-06
 4.78982e+22	8.15e-22	8.25e-16	3.93e-11	2.24e-09	6.80e-08	6.98e-07	3.36e-06	2.14e-05	3.38e-03	5.49e-02	2.29e-01	3.21e-01	2.85e-01	8.65e-02	1.47e-02	3.23e-03	1.71e-03	6.92e-05	9.62e-07
 4.81080e+22	1.23e-21	1.20e-15	5.51e-11	3.04e-09	8.95e-08	8.87e-07	4.11e-06	2.52e-05	3.81e-03	5.96e-02	2.39e-01	3.23e-01	2.77e-01	8.05e-02	1.32e-02	2.82e-03	1.45e-03	5.61e-05	7.45e-07
 4.83200e+22	1.70e-21	1.61e-15	7.20e-11	3.87e-09	1.11e-07	1.07e-06	4.83e-06	2.88e-05	4.19e-03	6.35e-02	2.47e-01	3.24e-01	2.69e-01	7.58e-02	1.20e-02	2.53e-03	1.27e-03	4.73e-05	6.06e-07
 4.85349e+22	2.58e-21	2.36e-15	1.02e-10	5.28e-09	1.47e-07	1.37e-06	5.94e-06	3.41e-05	4.75e-03	6.89e-02	2.58e-01	3.25e-01	2.59e-01	7.00e-02	1.07e-02	2.19e-03	1.06e-03	3.78e-05	4.63e-07
 4.87510e+22	3.55e-21	3.17e-15	1.33e-10	6.71e-09	1.82e-07	1.66e-06	6.97e-06	3.89e-05	5.22e-03	7.33e-02	2.66e-01	3.25e-01	2.52e-01	6.58e-02	9.78e-03	1.96e-03	9.28e-04	3.18e-05	3.75e-07
 4.89317e+22	4.75e-21	4.13e-15	1.68e-10	8.32e-09	2.21e-07	1.97e-06	8.04e-06	4.37e-05	5.68e-03	7.74e-02	2.73e-01	3.26e-01	2.45e-01	6.21e-02	9.00e-03	1.77e-03	8.19e-04	2.72e-05	3.10e-07
 4.91296e+22	6.98e-21	5.87e-15	2.31e-10	1.11e-08	2.87e-07	2.47e-06	9.75e-06	5.12e-05	6.36e-03	8.32e-02	2.82e-01	3.25e-01	2.35e-01	5.73e-02	8.01e-03	1.54e-03	6.89e-04	2.18e-05	2.38e-07
 4.93250e+22	9.21e-21	7.56e-15	2.90e-10	1.36e-08	3.45e-07	2.91e-06	1.12e-05	5.74e-05	6.90e-03	8.77e-02	2.89e-01	3.25e-01	2.28e-01	5.40e-02	7.36e-03	1.39e-03	6.08e-04	1.87e-05	1.97e-07
 4.95170e+22	1.33e-20	1.06e-14	3.91e-10	1.78e-08	4.41e-07	3.62e-06	1.35e-05	6.68e-05	7.68e-03	9.38e-02	2.98e-01	3.23e-01	2.19e-01	4.97e-02	6.56e-03	1.21e-03	5.13e-04	1.51e-05	1.53e-07
 4.97121e+22	1.77e-20	1.37e-14	4.94e-10	2.20e-08	5.34e-07	4.29e-06	1.55e-05	7.51e-05	8.36e-03	9.89e-02	3.05e-01	3.22e-01	2.12e-01	4.66e-02	5.99e-03	1.08e-03	4.49e-04	1.27e-05	1.25e-07
 4.99114e+22	2.58e-20	1.93e-14	6.70e-10	2.90e-08	6.88e-07	5.37e-06	1.88e-05	8.80e-05	9.34e-03	1.06e-01	3.14e-01	3.20e-01	2.02e-01	4.26e-02	5.28e-03	9.35e-04	3.74e-04	1.01e-05	0.00e+00
 5.01130e+22	3.45e-20	2.51e-14	8.47e-10	3.59e-08	8.36e-07	6.38e-06	2.17e-05	9.93e-05	1.02e-02	1.12e-01	3.20e-01	3.17e-01	1.95e-01	3.97e-02	4.79e-03	8.33e-04	3.25e-04	8.48e-06	0.00e+00
 5.03175e+22	5.04e-20	3.54e-14	1.15e-09	4.75e-08	1.08e-06	8.04e-06	2.64e-05	1.17e-04	1.14e-02	1.20e-01	3.29e-01	3.14e-01	1.85e-01	3.60e-02	4.18e-03	7.10e-04	2.67e-04	6.65e-06	0.00e+00
 5.05248e+22	6.77e-20	4.62e-14	1.46e-09	5.89e-08	1.32e-06	9.59e-06	3.07e-05	1.32e-04	1.24e-02	1.26e-01	3.35e-01	3.11e-01	1.77e-01	3.34e-02	3.77e-03	6.28e-04	2.30e-04	5.51e-06	0.00e+00
 5.07357e+22	9.92e-20	6.52e-14	1.98e-09	7.79e-08	1.71e-06	1.21e-05	3.75e-05	1.57e-04	1.40e-02	1.35e-01	3.44e-01	3.06e-01	1.67e-01	3.01e-02	3.26e-03	5.31e-04	1.87e-04	4.26e-06	0.00e+00
 5.09512e+22	1.34e-19	8.57e-14	2.52e-09	9.73e-08	2.10e-06	1.46e-05	4.40e-05	1.79e-04	1.53e-02	1.43e-01	3.50e-01	3.02e-01	1.59e-01	2.76e-02	2.90e-03	4.63e-04	1.58e-04	3.46e-06	0.00e+00
 5.11728e+22	1.99e-19	1.22e-13	3.43e-09	1.29e-07	2.75e-06	1.86e-05	5.41e-05	2.14e-04	1.73e-02	1.53e-01	3.57e-01	2.96e-01	1.48e-01	2.45e-02	2.47e-03	3.85e-04	1.27e-04	2.62e-06	0.00e+00
 5.13986e+22	2.70e-19	1.60e-13	4.37e-09	1.62e-07	3.40e-06	2.26e-05	6.39e-05	2.46e-04	1.91e-02	1.61e-01	3.63e-01	2.91e-01	1.40e-01	2.22e-02	2.17e-03	3.32e-04	1.05e-04	2.09e-06	0.00e+00
 5.16224e+22	3.91e-19	2.23e-13	5.82e-09	2.12e-07	4.40e-06	2.87e-05	7.83e-05	2.93e-04	2.15e-02	1.73e-01	3.70e-01	2.84e-01	1.30e-01	1.97e-02	1.84e-03	2.75e-04	8.39e-05	1.57e-06	0.00e+00
 5.18350e+22	5.09e-19	2.82e-13	7.14e-09	2.58e-07	5.29e-06	3.39e-05	9.05e-05	3.32e-04	2.34e-02	1.81e-01	3.74e-01	2.78e-01	1.23e-01	1.80e-02	1.64e-03	2.40e-04	7.10e-05	1.28e-06	0.00e+00
 5.20408e+22	7.11e-19	3.79e-13	9.23e-09	3.29e-07	6.71e-06	4.23e-05	1.10e-04	3.92e-04	2.62e-02	1.92e-01	3.79e-01	2.71e-01	1.14e-01	1.59e-02	1.39e-03	1.99e-04	5.67e-05	9.67e-07	0.00e+00
 5.22505e+22	9.25e-19	4.78e-13	1.13e-08	3.99e-07	8.09e-06	5.04e-05	1.27e-04	4.47e-04	2.86e-02	2.02e-01	3.82e-01	2.64e-01	1.08e-01	1.44e-02	1.22e-03	1.72e-04	4.73e-05	7.73e-07	0.00e+00
 5.24560e+22	1.26e-18	6.26e-13	1.42e-08	5.01e-07	1.01e-05	6.21e-05	1.53e-04	5.24e-04	3.18e-02	2.13e-01	3.85e-01	2.56e-01	9.94e-02	1.27e-02	1.03e-03	1.43e-04	3.78e-05	5.87e-07	0.00e+00
 5.26657e+22	1.63e-18	7.87e-13	1.72e-08	6.07e-07	1.22e-05	7.43e-05	1.78e-04	6.02e-04	3.49e-02	2.24e-01	3.87e-01	2.48e-01	9.25e-02	1.13e-02	8.95e-04	1.21e-04	3.11e-05	4.61e-07	0.00e+00
 5.28700e+22	2.15e-18	1.00e-12	2.11e-08	7.44e-07	1.50e-05	9.02e-05	2.11e-04	7.00e-04	3.86e-02	2.35e-01	3.89e-01	2.40e-01	8.53e-02	1.00e-02	7.61e-04	1.01e-04	2.49e-05	3.52e-07	0.00e+00
 5.30785e+22	2.78e-18	1.25e-12	2.55e-08	9.00e-07	1.82e-05	1.08e-04	2.48e-04	8.08e-04	4.24e-02	2.47e-01	3.90e-01	2.31e-01	7.88e-02	8.85e-03	6.51e-04	8.49e-05	2.02e-05	2.72e-07	0.00e+00
 5.32851e+22	3.59e-18	1.56e-12	3.06e-08	1.09e-06	2.21e-05	1.30e-04	2.91e-04	9.35e-04	4.67e-02	2.59e-01	3.90e-01	2.22e-01	7.24e-02	7.79e-03	5.53e-04	7.07e-05	1.62e-05	2.08e-07	0.00e+00
 5.34927e+22	4.58e-18	1.92e-12	3.64e-08	1.30e-06	2.66e-05	1.56e-04	3.40e-04	1.08e-03	5.12e-02	2.71e-01	3.89e-01	2.13e-01	6.64e-02	6.85e-03	4.70e-04	5.90e-05	1.30e-05	1.59e-07	0.00e+00
 5.36979e+22	5.80e-18	2.34e-12	4.29e-08	1.56e-06	3.19e-05	1.85e-04	3.97e-04	1.24e-03	5.62e-02	2.82e-01	3.88e-01	2.04e-01	6.08e-02	6.01e-03	3.98e-04	4.91e-05	1.05e-05	1.22e-07	0.00e+00
 5.39028e+22	7.28e-18	2.85e-12	5.02e-08	1.85e-06	3.81e-05	2.20e-04	4.61e-04	1.43e-03	6.15e-02	2.94e-01	3.86e-01	1.95e-01	5.55e-02	5.27e-03	3.37e-04	4.08e-05	8.38e-06	0.00e+00	0.00e+00
 5.41080e+22	9.10e-18	3.44e-12	5.85e-08	2.18e-06	4.53e-05	2.61e-04	5.34e-04	1.64e-03	6.72e-02	3.06e-01	3.83e-01	1.86e-01	5.06e-02	4.61e-03	2.85e-04	3.38e-05	6.70e-06	0.00e+00	0.00e+00
 5.43142e+22	1.13e-17	4.13e-12	6.78e-08	2.57e-06	5.38e-05	3.08e-04	6.17e-04	1.88e-03	7.33e-02	3.18e-01	3.79e-01	1.77e-01	4.60e-02	4.02e-03	2.40e-04	2.80e-05	5.35e-06	0.00e+00	0.00e+00
 5.45216e+22	1.40e-17	4.94e-12	7.83e-08	3.02e-06	6.38e-05	3.63e-04	7.12e-04	2.16e-03	7.99e-02	3.30e-01	3.74e-01	1.68e-01	4.16e-02	3.49e-03	2.02e-04	2.31e-05	4.26e-06	0.00e+00	0.00e+00
