#depth	He	He+	He+2
 4.62852e+21	1.23e-14	1.51e-07	1.00e+00
 1.02251e+22	5.99e-14	3.14e-07	1.00e+00
 1.15489e+22	1.08e-13	4.10e-07	1.00e+00
 1.20824e+22	1.44e-13	4.68e-07	1.00e+00
 1.23167e+22	1.58e-13	4.88e-07	1.00e+00
 1.24377e+22	1.76e-13	5.12e-07	1.00e+00
 1.25619e+22	1.94e-13	5.35e-07	1.00e+00
 1.26858e+22	2.16e-13	5.61e-07	1.00e+00
 1.28117e+22	2.39e-13	5.88e-07	1.00e+00
 1.29330e+22	2.64e-13	6.14e-07	1.00e+00
 1.30563e+22	2.93e-13	6.44e-07	1.00e+00
 1.31813e+22	3.25e-13	6.74e-07	1.00e+00
 1.32987e+22	3.56e-13	7.03e-07	1.00e+00
 1.34182e+22	3.96e-13	7.36e-07	1.00e+00
 1.35395e+22	4.36e-13	7.69e-07	1.00e+00
 1.36604e+22	4.85e-13	8.05e-07	1.00e+00
 1.37832e+22	5.36e-13	8.42e-07	1.00e+00
 1.39004e+22	5.91e-13	8.79e-07	1.00e+00
 1.40203e+22	6.56e-13	9.20e-07	1.00e+00
 1.41419e+22	7.26e-13	9.62e-07	1.00e+00
 1.42580e+22	8.00e-13	1.00e-06	1.00e+00
 1.43770e+22	8.90e-13	1.05e-06	1.00e+00
 1.44971e+22	9.84e-13	1.10e-06	1.00e+00
 1.46168e+22	1.09e-12	1.15e-06	1.00e+00
 1.47381e+22	1.22e-12	1.20e-06	1.00e+00
 1.48589e+22	1.35e-12	1.26e-06	1.00e+00
 1.49789e+22	1.50e-12	1.31e-06	1.00e+00
 1.50983e+22	1.67e-12	1.38e-06	1.00e+00
 1.52185e+22	1.86e-12	1.44e-06	1.00e+00
 1.53380e+22	2.08e-12	1.51e-06	1.00e+00
 1.54576e+22	2.32e-12	1.58e-06	1.00e+00
 1.55766e+22	2.59e-12	1.65e-06	1.00e+00
 1.56949e+22	2.89e-12	1.73e-06	1.00e+00
 1.58125e+22	3.23e-12	1.81e-06	1.00e+00
 1.59295e+22	3.61e-12	1.89e-06	1.00e+00
 1.60458e+22	4.04e-12	1.98e-06	1.00e+00
 1.61615e+22	4.51e-12	2.07e-06	1.00e+00
 1.62766e+22	5.04e-12	2.16e-06	1.00e+00
 1.63909e+22	5.63e-12	2.26e-06	1.00e+00
 1.65046e+22	6.29e-12	2.36e-06	1.00e+00
 1.66180e+22	7.02e-12	2.47e-06	1.00e+00
 1.67312e+22	7.84e-12	2.59e-06	1.00e+00
 1.68444e+22	8.75e-12	2.70e-06	1.00e+00
 1.69575e+22	9.76e-12	2.83e-06	1.00e+00
 1.70709e+22	1.09e-11	2.96e-06	1.00e+00
 1.71849e+22	1.21e-11	3.09e-06	1.00e+00
 1.72996e+22	1.35e-11	3.23e-06	1.00e+00
 1.74155e+22	1.50e-11	3.38e-06	1.00e+00
 1.75327e+22	1.67e-11	3.54e-06	1.00e+00
 1.76514e+22	1.86e-11	3.70e-06	1.00e+00
 1.77721e+22	2.07e-11	3.87e-06	1.00e+00
 1.78951e+22	2.30e-11	4.05e-06	1.00e+00
 1.80208e+22	2.56e-11	4.24e-06	1.00e+00
 1.81439e+22	2.82e-11	4.42e-06	1.00e+00
 1.82707e+22	2.62e-11	4.63e-06	1.00e+00
 1.83994e+22	2.90e-11	4.83e-06	1.00e+00
 1.85324e+22	3.24e-11	5.06e-06	1.00e+00
 1.86676e+22	3.58e-11	5.27e-06	1.00e+00
 1.88077e+22	4.02e-11	5.53e-06	1.00e+00
 1.89505e+22	4.43e-11	5.76e-06	1.00e+00
 1.90987e+22	4.97e-11	6.05e-06	1.00e+00
 1.92462e+22	5.44e-11	6.29e-06	1.00e+00
 1.93972e+22	6.09e-11	6.61e-06	1.00e+00
 1.95509e+22	6.66e-11	6.87e-06	1.00e+00
 1.97080e+22	7.45e-11	7.22e-06	1.00e+00
 1.98655e+22	8.11e-11	7.49e-06	1.00e+00
 2.00237e+22	9.04e-11	7.86e-06	1.00e+00
 2.01849e+22	9.83e-11	8.16e-06	1.00e+00
 2.03502e+22	1.10e-10	8.58e-06	1.00e+00
 2.05140e+22	1.19e-10	8.89e-06	1.00e+00
 2.06760e+22	1.32e-10	9.33e-06	1.00e+00
 2.08402e+22	1.43e-10	9.66e-06	1.00e+00
 2.10075e+22	1.58e-10	1.01e-05	1.00e+00
 2.11771e+22	1.72e-10	1.05e-05	1.00e+00
 2.13496e+22	1.91e-10	1.11e-05	1.00e+00
 2.15251e+22	2.08e-10	1.15e-05	1.00e+00
 2.17045e+22	2.32e-10	1.21e-05	1.00e+00
 2.18794e+22	2.51e-10	1.26e-05	1.00e+00
 2.20243e+22	2.71e-10	1.30e-05	1.00e+00
 2.21672e+22	2.93e-10	1.35e-05	1.00e+00
 2.23314e+22	3.24e-10	1.42e-05	1.00e+00
 2.24943e+22	3.50e-10	1.48e-05	1.00e+00
 2.26254e+22	3.74e-10	1.53e-05	1.00e+00
 2.27659e+22	4.09e-10	1.59e-05	1.00e+00
 2.28954e+22	4.33e-10	1.64e-05	1.00e+00
 2.30107e+22	4.68e-10	1.71e-05	1.00e+00
 2.31222e+22	4.92e-10	1.75e-05	1.00e+00
 2.32287e+22	5.29e-10	1.81e-05	1.00e+00
 2.33376e+22	5.60e-10	1.87e-05	1.00e+00
 2.34319e+22	5.92e-10	1.92e-05	1.00e+00
 2.35370e+22	6.39e-10	1.99e-05	1.00e+00
 2.36398e+22	6.73e-10	2.05e-05	1.00e+00
 2.37398e+22	7.26e-10	2.13e-05	1.00e+00
 2.38396e+22	7.64e-10	2.18e-05	1.00e+00
 2.39391e+22	8.28e-10	2.27e-05	1.00e+00
 2.40325e+22	8.67e-10	2.33e-05	1.00e+00
 2.41180e+22	9.30e-10	2.42e-05	1.00e+00
 2.42051e+22	9.76e-10	2.48e-05	1.00e+00
 2.42945e+22	1.06e-09	2.58e-05	1.00e+00
 2.43827e+22	1.11e-09	2.65e-05	1.00e+00
 2.44696e+22	1.20e-09	2.76e-05	1.00e+00
 2.45570e+22	1.27e-09	2.84e-05	1.00e+00
 2.46453e+22	1.38e-09	2.97e-05	1.00e+00
 2.47338e+22	1.46e-09	3.06e-05	1.00e+00
 2.48226e+22	1.58e-09	3.21e-05	1.00e+00
 2.49100e+22	1.68e-09	3.32e-05	1.00e+00
 2.49958e+22	1.83e-09	3.47e-05	1.00e+00
 2.50823e+22	1.96e-09	3.60e-05	1.00e+00
 2.51700e+22	2.14e-09	3.79e-05	1.00e+00
 2.52546e+22	2.28e-09	3.92e-05	1.00e+00
 2.53352e+22	2.49e-09	4.12e-05	1.00e+00
 2.54163e+22	2.66e-09	4.28e-05	1.00e+00
 2.54980e+22	2.91e-09	4.50e-05	1.00e+00
 2.55807e+22	3.11e-09	4.68e-05	1.00e+00
 2.56648e+22	3.41e-09	4.93e-05	1.00e+00
 2.57509e+22	3.66e-09	5.14e-05	1.00e+00
 2.58272e+22	3.93e-09	5.36e-05	1.00e+00
 2.59112e+22	4.29e-09	5.65e-05	1.00e+00
 2.59961e+22	4.61e-09	5.90e-05	1.00e+00
 2.60810e+22	5.02e-09	6.21e-05	1.00e+00
 2.61674e+22	5.40e-09	6.49e-05	1.00e+00
 2.62539e+22	5.87e-09	6.84e-05	1.00e+00
 2.63417e+22	6.31e-09	7.16e-05	1.00e+00
 2.64299e+22	6.84e-09	7.52e-05	1.00e+00
 2.65179e+22	7.32e-09	7.86e-05	1.00e+00
 2.66085e+22	7.93e-09	8.27e-05	1.00e+00
 2.67003e+22	8.48e-09	8.64e-05	1.00e+00
 2.67941e+22	9.16e-09	9.09e-05	1.00e+00
 2.68904e+22	9.79e-09	9.49e-05	1.00e+00
 2.69896e+22	1.06e-08	9.98e-05	1.00e+00
 2.70917e+22	1.13e-08	1.04e-04	1.00e+00
 2.71977e+22	1.21e-08	1.10e-04	1.00e+00
 2.73067e+22	1.29e-08	1.15e-04	1.00e+00
 2.74199e+22	1.39e-08	1.21e-04	1.00e+00
 2.75365e+22	1.48e-08	1.26e-04	1.00e+00
 2.76600e+22	1.59e-08	1.33e-04	1.00e+00
 2.77842e+22	1.69e-08	1.38e-04	1.00e+00
 2.79106e+22	1.82e-08	1.46e-04	1.00e+00
 2.80400e+22	1.92e-08	1.52e-04	1.00e+00
 2.81520e+22	2.02e-08	1.58e-04	1.00e+00
 2.82763e+22	2.15e-08	1.65e-04	1.00e+00
 2.84015e+22	2.26e-08	1.71e-04	1.00e+00
 2.85281e+22	2.41e-08	1.80e-04	1.00e+00
 2.86569e+22	2.52e-08	1.86e-04	1.00e+00
 2.87709e+22	2.64e-08	1.93e-04	1.00e+00
 2.89014e+22	2.79e-08	2.02e-04	1.00e+00
 2.90327e+22	2.92e-08	2.09e-04	1.00e+00
 2.91653e+22	3.09e-08	2.18e-04	1.00e+00
 2.92980e+22	3.22e-08	2.25e-04	1.00e+00
 2.94310e+22	3.40e-08	2.36e-04	1.00e+00
 2.95664e+22	3.54e-08	2.43e-04	1.00e+00
 2.97050e+22	3.73e-08	2.54e-04	1.00e+00
 2.98462e+22	3.89e-08	2.63e-04	1.00e+00
 2.99698e+22	4.04e-08	2.71e-04	1.00e+00
 3.01097e+22	4.25e-08	2.83e-04	1.00e+00
 3.02492e+22	4.41e-08	2.91e-04	1.00e+00
 3.03883e+22	4.62e-08	3.03e-04	1.00e+00
 3.05293e+22	4.79e-08	3.12e-04	1.00e+00
 3.06728e+22	5.02e-08	3.24e-04	1.00e+00
 3.08213e+22	5.22e-08	3.34e-04	1.00e+00
 3.09760e+22	5.48e-08	3.49e-04	1.00e+00
 3.11333e+22	5.70e-08	3.60e-04	1.00e+00
 3.12938e+22	5.98e-08	3.75e-04	1.00e+00
 3.14598e+22	6.23e-08	3.87e-04	1.00e+00
 3.16330e+22	6.56e-08	4.04e-04	1.00e+00
 3.18118e+22	6.85e-08	4.18e-04	1.00e+00
 3.19980e+22	7.23e-08	4.37e-04	1.00e+00
 3.21846e+22	7.54e-08	4.52e-04	1.00e+00
 3.23720e+22	7.95e-08	4.73e-04	1.00e+00
 3.25671e+22	8.32e-08	4.90e-04	1.00e+00
 3.27722e+22	8.81e-08	5.16e-04	9.99e-01
 3.29773e+22	9.20e-08	5.34e-04	9.99e-01
 3.31824e+22	9.73e-08	5.62e-04	9.99e-01
 3.33904e+22	1.02e-07	5.85e-04	9.99e-01
 3.35658e+22	1.06e-07	6.06e-04	9.99e-01
 3.37573e+22	1.11e-07	6.36e-04	9.99e-01
 3.39477e+22	1.15e-07	6.59e-04	9.99e-01
 3.41364e+22	1.21e-07	6.93e-04	9.99e-01
 3.43270e+22	1.25e-07	7.19e-04	9.99e-01
 3.45199e+22	1.31e-07	7.58e-04	9.99e-01
 3.47140e+22	1.35e-07	7.89e-04	9.99e-01
 3.49094e+22	1.41e-07	8.33e-04	9.99e-01
 3.51074e+22	1.45e-07	8.69e-04	9.99e-01
 3.53086e+22	1.50e-07	9.21e-04	9.99e-01
 3.55120e+22	1.54e-07	9.63e-04	9.99e-01
 3.57160e+22	1.58e-07	1.02e-03	9.99e-01
 3.59095e+22	1.61e-07	1.07e-03	9.99e-01
 3.60916e+22	1.63e-07	1.13e-03	9.99e-01
 3.62775e+22	1.65e-07	1.18e-03	9.99e-01
 3.64599e+22	1.67e-07	1.24e-03	9.99e-01
 3.66462e+22	1.68e-07	1.30e-03	9.99e-01
 3.68236e+22	1.68e-07	1.37e-03	9.99e-01
 3.69991e+22	1.68e-07	1.43e-03	9.99e-01
 3.71745e+22	1.68e-07	1.51e-03	9.98e-01
 3.73491e+22	1.68e-07	1.58e-03	9.98e-01
 3.75203e+22	1.67e-07	1.66e-03	9.98e-01
 3.76924e+22	1.67e-07	1.74e-03	9.98e-01
 3.78625e+22	1.67e-07	1.82e-03	9.98e-01
 3.80334e+22	1.68e-07	1.90e-03	9.98e-01
 3.82056e+22	1.69e-07	2.00e-03	9.98e-01
 3.83798e+22	1.71e-07	2.09e-03	9.98e-01
 3.85567e+22	1.74e-07	2.19e-03	9.98e-01
 3.87369e+22	1.78e-07	2.30e-03	9.98e-01
 3.89176e+22	1.82e-07	2.40e-03	9.98e-01
 3.91026e+22	1.88e-07	2.52e-03	9.97e-01
 3.92892e+22	1.95e-07	2.64e-03	9.97e-01
 3.94811e+22	2.05e-07	2.78e-03	9.97e-01
 3.96612e+22	2.14e-07	2.88e-03	9.97e-01
 3.98443e+22	2.28e-07	3.03e-03	9.97e-01
 4.00297e+22	2.40e-07	3.15e-03	9.97e-01
 4.02181e+22	2.57e-07	3.31e-03	9.97e-01
 4.04110e+22	2.73e-07	3.45e-03	9.97e-01
 4.06098e+22	2.97e-07	3.63e-03	9.96e-01
 4.08115e+22	3.17e-07	3.77e-03	9.96e-01
 4.10168e+22	3.47e-07	3.98e-03	9.96e-01
 4.12234e+22	3.72e-07	4.14e-03	9.96e-01
 4.14319e+22	4.08e-07	4.36e-03	9.96e-01
 4.16430e+22	4.39e-07	4.53e-03	9.95e-01
 4.18576e+22	4.85e-07	4.77e-03	9.95e-01
 4.20757e+22	5.23e-07	4.97e-03	9.95e-01
 4.22985e+22	5.80e-07	5.24e-03	9.95e-01
 4.25256e+22	6.28e-07	5.46e-03	9.95e-01
 4.27585e+22	6.99e-07	5.77e-03	9.94e-01
 4.29967e+22	7.60e-07	6.02e-03	9.94e-01
 4.31976e+22	8.19e-07	6.25e-03	9.94e-01
 4.34145e+22	9.05e-07	6.57e-03	9.93e-01
 4.36325e+22	9.74e-07	6.82e-03	9.93e-01
 4.38518e+22	1.08e-06	7.16e-03	9.93e-01
 4.40686e+22	1.15e-06	7.42e-03	9.93e-01
 4.42820e+22	1.27e-06	7.78e-03	9.92e-01
 4.44985e+22	1.37e-06	8.07e-03	9.92e-01
 4.47189e+22	1.50e-06	8.46e-03	9.92e-01
 4.49433e+22	1.62e-06	8.79e-03	9.91e-01
 4.51728e+22	1.79e-06	9.23e-03	9.91e-01
 4.54056e+22	1.93e-06	9.59e-03	9.90e-01
 4.56429e+22	2.14e-06	1.01e-02	9.90e-01
 4.58840e+22	2.32e-06	1.05e-02	9.90e-01
 4.61302e+22	2.57e-06	1.11e-02	9.89e-01
 4.63802e+22	2.78e-06	1.15e-02	9.89e-01
 4.66350e+22	3.10e-06	1.21e-02	9.88e-01
 4.68928e+22	3.36e-06	1.26e-02	9.87e-01
 4.71547e+22	3.75e-06	1.33e-02	9.87e-01
 4.74193e+22	4.07e-06	1.39e-02	9.86e-01
 4.76450e+22	4.41e-06	1.44e-02	9.86e-01
 4.78958e+22	4.88e-06	1.52e-02	9.85e-01
 4.81491e+22	5.29e-06	1.58e-02	9.84e-01
 4.84054e+22	5.83e-06	1.66e-02	9.83e-01
 4.86546e+22	6.29e-06	1.72e-02	9.83e-01
 4.88614e+22	6.78e-06	1.79e-02	9.82e-01
 4.90972e+22	7.42e-06	1.87e-02	9.81e-01
 4.93405e+22	8.02e-06	1.94e-02	9.81e-01
 4.95590e+22	8.66e-06	2.02e-02	9.80e-01
 4.98086e+22	9.51e-06	2.11e-02	9.79e-01
 5.00661e+22	1.03e-05	2.20e-02	9.78e-01
 5.02955e+22	1.12e-05	2.29e-02	9.77e-01
 5.05556e+22	1.23e-05	2.40e-02	9.76e-01
 5.08270e+22	1.35e-05	2.51e-02	9.75e-01
 5.10720e+22	1.46e-05	2.61e-02	9.74e-01
 5.13494e+22	1.62e-05	2.75e-02	9.73e-01
 5.16343e+22	1.77e-05	2.87e-02	9.71e-01
 5.18875e+22	1.93e-05	2.99e-02	9.70e-01
 5.21750e+22	2.15e-05	3.15e-02	9.68e-01
 5.24719e+22	2.36e-05	3.30e-02	9.67e-01
 5.27344e+22	2.57e-05	3.45e-02	9.66e-01
 5.30293e+22	2.86e-05	3.63e-02	9.64e-01
 5.33306e+22	3.14e-05	3.80e-02	9.62e-01
 5.35981e+22	3.43e-05	3.97e-02	9.60e-01
 5.39038e+22	3.83e-05	4.19e-02	9.58e-01
 5.42158e+22	4.21e-05	4.39e-02	9.56e-01
 5.44931e+22	4.61e-05	4.59e-02	9.54e-01
 5.48103e+22	5.17e-05	4.85e-02	9.51e-01
 5.51348e+22	5.70e-05	5.09e-02	9.49e-01
 5.54125e+22	6.22e-05	5.31e-02	9.47e-01
 5.57172e+22	6.93e-05	5.60e-02	9.44e-01
 5.60298e+22	7.60e-05	5.86e-02	9.41e-01
 5.63082e+22	8.31e-05	6.12e-02	9.39e-01
 5.66259e+22	9.29e-05	6.46e-02	9.35e-01
 5.69489e+22	1.02e-04	6.76e-02	9.32e-01
 5.72230e+22	1.11e-04	7.05e-02	9.29e-01
 5.75239e+22	1.23e-04	7.41e-02	9.26e-01
 5.78329e+22	1.35e-04	7.73e-02	9.23e-01
 5.81093e+22	1.47e-04	8.06e-02	9.19e-01
 5.83580e+22	1.58e-04	8.35e-02	9.16e-01
 5.85799e+22	1.68e-04	8.62e-02	9.14e-01
 5.88347e+22	1.83e-04	8.97e-02	9.10e-01
 5.90981e+22	1.97e-04	9.31e-02	9.07e-01
 5.93305e+22	2.11e-04	9.62e-02	9.04e-01
 5.95906e+22	2.31e-04	1.00e-01	8.99e-01
 5.98557e+22	2.48e-04	1.04e-01	8.96e-01
 6.01275e+22	2.71e-04	1.09e-01	8.91e-01
 6.04014e+22	2.92e-04	1.12e-01	8.87e-01
 6.06782e+22	3.19e-04	1.17e-01	8.82e-01
 6.09588e+22	3.43e-04	1.22e-01	8.78e-01
 6.12444e+22	3.77e-04	1.27e-01	8.72e-01
 6.15337e+22	4.06e-04	1.32e-01	8.68e-01
 6.18279e+22	4.47e-04	1.38e-01	8.62e-01
 6.21238e+22	4.82e-04	1.43e-01	8.57e-01
 6.24219e+22	5.30e-04	1.49e-01	8.50e-01
 6.27287e+22	5.74e-04	1.55e-01	8.44e-01
 6.30469e+22	6.36e-04	1.63e-01	8.37e-01
 6.33702e+22	6.89e-04	1.69e-01	8.30e-01
 6.36261e+22	7.33e-04	1.74e-01	8.25e-01
 6.38846e+22	7.96e-04	1.81e-01	8.19e-01
 6.41439e+22	8.48e-04	1.86e-01	8.13e-01
 6.44040e+22	9.16e-04	1.93e-01	8.06e-01
 6.46709e+22	9.81e-04	1.99e-01	8.00e-01
 6.49465e+22	1.06e-03	2.06e-01	7.93e-01
 6.52248e+22	1.14e-03	2.13e-01	7.86e-01
 6.55065e+22	1.24e-03	2.21e-01	7.78e-01
 6.57892e+22	1.33e-03	2.28e-01	7.71e-01
 6.60731e+22	1.44e-03	2.37e-01	7.62e-01
 6.63649e+22	1.55e-03	2.44e-01	7.54e-01
 6.66670e+22	1.69e-03	2.54e-01	7.44e-01
 6.69715e+22	1.82e-03	2.62e-01	7.36e-01
 6.72018e+22	1.91e-03	2.68e-01	7.30e-01
 6.73924e+22	2.00e-03	2.74e-01	7.24e-01
 6.76089e+22	2.13e-03	2.82e-01	7.16e-01
 6.78903e+22	2.30e-03	2.92e-01	7.06e-01
 6.81487e+22	2.43e-03	2.99e-01	6.99e-01
 6.83425e+22	2.54e-03	3.05e-01	6.93e-01
 6.85062e+22	2.63e-03	3.10e-01	6.88e-01
 6.86657e+22	2.75e-03	3.16e-01	6.82e-01
 6.88730e+22	2.91e-03	3.24e-01	6.73e-01
 6.91426e+22	3.15e-03	3.35e-01	6.62e-01
 6.94039e+22	3.32e-03	3.43e-01	6.54e-01
 6.96546e+22	3.56e-03	3.53e-01	6.43e-01
 6.99804e+22	3.91e-03	3.67e-01	6.29e-01
 7.03099e+22	4.20e-03	3.79e-01	6.17e-01
 7.06444e+22	4.60e-03	3.94e-01	6.02e-01
 7.10017e+22	5.01e-03	4.08e-01	5.87e-01
 7.13889e+22	5.59e-03	4.27e-01	5.68e-01
 7.17744e+22	6.08e-03	4.42e-01	5.52e-01
 7.21578e+22	6.78e-03	4.62e-01	5.31e-01
 7.25441e+22	7.37e-03	4.78e-01	5.14e-01
 7.29340e+22	8.26e-03	4.99e-01	4.92e-01
 7.33253e+22	9.07e-03	5.18e-01	4.73e-01
 7.36238e+22	9.66e-03	5.31e-01	4.60e-01
 7.39174e+22	1.06e-02	5.48e-01	4.41e-01
 7.42099e+22	1.13e-02	5.62e-01	4.26e-01
 7.45010e+22	1.24e-02	5.79e-01	4.08e-01
 7.47959e+22	1.34e-02	5.95e-01	3.92e-01
 7.50522e+22	1.44e-02	6.09e-01	3.77e-01
 7.53416e+22	1.59e-02	6.26e-01	3.58e-01
 7.56369e+22	1.73e-02	6.42e-01	3.41e-01
 7.58949e+22	1.87e-02	6.56e-01	3.25e-01
 7.61855e+22	2.07e-02	6.73e-01	3.06e-01
 7.64927e+22	2.29e-02	6.89e-01	2.88e-01
 7.67731e+22	2.51e-02	7.04e-01	2.71e-01
 7.70889e+22	2.84e-02	7.21e-01	2.51e-01
 7.74083e+22	3.17e-02	7.35e-01	2.34e-01
 7.76644e+22	3.49e-02	7.45e-01	2.20e-01
 7.78182e+22	3.64e-02	7.50e-01	2.14e-01
 7.78792e+22	3.73e-02	7.52e-01	2.11e-01
 7.79270e+22	3.81e-02	7.54e-01	2.08e-01
 7.79853e+22	3.90e-02	7.56e-01	2.05e-01
 7.80560e+22	4.02e-02	7.58e-01	2.01e-01
 7.81287e+22	4.15e-02	7.61e-01	1.98e-01
 7.81951e+22	4.26e-02	7.63e-01	1.94e-01
 7.82579e+22	4.39e-02	7.65e-01	1.91e-01
 7.83190e+22	4.50e-02	7.67e-01	1.88e-01
 7.83804e+22	4.64e-02	7.69e-01	1.85e-01
 7.84421e+22	4.76e-02	7.70e-01	1.82e-01
 7.85029e+22	4.90e-02	7.72e-01	1.79e-01
 7.85627e+22	5.04e-02	7.73e-01	1.76e-01
 7.86196e+22	5.18e-02	7.74e-01	1.74e-01
 7.86761e+22	5.32e-02	7.75e-01	1.71e-01
 7.87349e+22	5.49e-02	7.77e-01	1.68e-01
 7.87928e+22	5.64e-02	7.78e-01	1.66e-01
 7.88488e+22	5.81e-02	7.78e-01	1.63e-01
 7.89037e+22	5.97e-02	7.79e-01	1.61e-01
 7.89583e+22	6.14e-02	7.80e-01	1.59e-01
 7.90141e+22	6.34e-02	7.80e-01	1.56e-01
 7.90677e+22	6.52e-02	7.81e-01	1.54e-01
 7.91198e+22	6.69e-02	7.81e-01	1.52e-01
 7.91757e+22	6.92e-02	7.81e-01	1.50e-01
 7.92320e+22	7.15e-02	7.81e-01	1.48e-01
 7.92832e+22	7.35e-02	7.81e-01	1.46e-01
 7.93334e+22	7.55e-02	7.80e-01	1.44e-01
 7.93891e+22	7.81e-02	7.80e-01	1.42e-01
 7.94467e+22	8.08e-02	7.79e-01	1.40e-01
 7.94991e+22	8.35e-02	7.78e-01	1.38e-01
 7.95482e+22	8.57e-02	7.77e-01	1.37e-01
 7.96016e+22	8.87e-02	7.76e-01	1.35e-01
 7.96589e+22	9.19e-02	7.75e-01	1.33e-01
 7.97124e+22	9.52e-02	7.73e-01	1.31e-01
 7.97622e+22	9.79e-02	7.72e-01	1.30e-01
 7.98164e+22	1.01e-01	7.70e-01	1.29e-01
 7.98754e+22	1.05e-01	7.68e-01	1.27e-01
 7.99315e+22	1.09e-01	7.66e-01	1.25e-01
 7.99846e+22	1.13e-01	7.63e-01	1.24e-01
 8.00402e+22	1.17e-01	7.60e-01	1.22e-01
 8.00992e+22	1.22e-01	7.57e-01	1.21e-01
 8.01573e+22	1.27e-01	7.54e-01	1.19e-01
 8.02148e+22	1.32e-01	7.51e-01	1.18e-01
 8.02719e+22	1.37e-01	7.47e-01	1.16e-01
 8.03320e+22	1.42e-01	7.43e-01	1.15e-01
 8.03950e+22	1.49e-01	7.38e-01	1.13e-01
 8.04565e+22	1.55e-01	7.33e-01	1.12e-01
 8.05187e+22	1.61e-01	7.28e-01	1.10e-01
 8.05855e+22	1.69e-01	7.23e-01	1.08e-01
 8.06544e+22	1.77e-01	7.16e-01	1.07e-01
 8.07217e+22	1.85e-01	7.10e-01	1.05e-01
 8.07916e+22	1.94e-01	7.03e-01	1.03e-01
 8.08594e+22	2.02e-01	6.96e-01	1.02e-01
 8.09204e+22	2.10e-01	6.89e-01	1.00e-01
 8.09821e+22	2.19e-01	6.82e-01	9.85e-02
 8.10468e+22	2.28e-01	6.75e-01	9.67e-02
 8.11142e+22	2.38e-01	6.67e-01	9.49e-02
 8.11829e+22	2.49e-01	6.58e-01	9.31e-02
 8.12525e+22	2.59e-01	6.50e-01	9.12e-02
 8.13238e+22	2.71e-01	6.40e-01	8.92e-02
 8.13974e+22	2.82e-01	6.30e-01	8.72e-02
 8.14730e+22	2.95e-01	6.20e-01	8.51e-02
 8.15505e+22	3.08e-01	6.09e-01	8.29e-02
 8.16305e+22	3.21e-01	5.98e-01	8.07e-02
 8.17133e+22	3.36e-01	5.86e-01	7.83e-02
 8.17991e+22	3.51e-01	5.73e-01	7.59e-02
 8.18881e+22	3.66e-01	5.60e-01	7.34e-02
 8.19805e+22	3.82e-01	5.47e-01	7.07e-02
 8.20770e+22	3.99e-01	5.33e-01	6.80e-02
 8.21784e+22	4.16e-01	5.18e-01	6.52e-02
 8.22850e+22	4.35e-01	5.03e-01	6.23e-02
 8.23973e+22	4.53e-01	4.88e-01	5.93e-02
 8.25163e+22	4.72e-01	4.72e-01	5.62e-02
 8.26432e+22	4.92e-01	4.55e-01	5.30e-02
 8.27778e+22	5.11e-01	4.39e-01	4.98e-02
 8.29191e+22	5.31e-01	4.23e-01	4.66e-02
 8.30677e+22	5.50e-01	4.07e-01	4.34e-02
 8.32251e+22	5.69e-01	3.91e-01	4.03e-02
 8.33909e+22	5.87e-01	3.76e-01	3.72e-02
 8.35654e+22	6.05e-01	3.61e-01	3.43e-02
 8.37481e+22	6.22e-01	3.47e-01	3.15e-02
 8.39343e+22	6.38e-01	3.33e-01	2.89e-02
 8.41222e+22	6.53e-01	3.20e-01	2.64e-02
 8.43064e+22	6.67e-01	3.08e-01	2.43e-02
 8.44868e+22	6.80e-01	2.97e-01	2.23e-02
 8.46676e+22	6.93e-01	2.87e-01	2.06e-02
 8.48459e+22	7.04e-01	2.77e-01	1.90e-02
 8.50237e+22	7.15e-01	2.67e-01	1.75e-02
 8.51991e+22	7.26e-01	2.58e-01	1.61e-02
 8.53669e+22	7.36e-01	2.49e-01	1.49e-02
 8.55295e+22	7.45e-01	2.41e-01	1.38e-02
 8.56896e+22	7.54e-01	2.33e-01	1.28e-02
 8.58467e+22	7.62e-01	2.26e-01	1.19e-02
 8.60004e+22	7.70e-01	2.19e-01	1.11e-02
 8.61496e+22	7.78e-01	2.12e-01	1.03e-02
 8.62944e+22	7.85e-01	2.05e-01	9.59e-03
 8.64368e+22	7.92e-01	1.99e-01	8.95e-03
 8.65783e+22	7.99e-01	1.93e-01	8.35e-03
 8.67183e+22	8.06e-01	1.87e-01	7.77e-03
 8.68532e+22	8.12e-01	1.81e-01	7.27e-03
 8.69836e+22	8.18e-01	1.76e-01	6.80e-03
 8.71108e+22	8.23e-01	1.70e-01	6.38e-03
 8.72322e+22	8.28e-01	1.66e-01	5.99e-03
 8.73458e+22	8.33e-01	1.61e-01	5.65e-03
 8.74527e+22	8.38e-01	1.57e-01	5.34e-03
 8.75522e+22	8.42e-01	1.53e-01	5.07e-03
 8.76277e+22	8.44e-01	1.51e-01	4.90e-03
 8.76730e+22	8.46e-01	1.49e-01	4.77e-03
 8.77044e+22	8.48e-01	1.48e-01	4.66e-03
 8.77355e+22	8.49e-01	1.46e-01	4.56e-03
 8.77709e+22	8.51e-01	1.45e-01	4.47e-03
 8.78085e+22	8.52e-01	1.44e-01	4.39e-03
 8.78454e+22	8.54e-01	1.42e-01	4.29e-03
 8.78800e+22	8.55e-01	1.41e-01	4.22e-03
 8.79144e+22	8.56e-01	1.40e-01	4.13e-03
 8.79507e+22	8.58e-01	1.38e-01	4.05e-03
 8.79870e+22	8.59e-01	1.37e-01	3.97e-03
 8.80225e+22	8.60e-01	1.36e-01	3.89e-03
 8.80574e+22	8.62e-01	1.35e-01	3.82e-03
 8.80940e+22	8.63e-01	1.33e-01	3.73e-03
 8.81334e+22	8.65e-01	1.32e-01	3.65e-03
 8.81727e+22	8.66e-01	1.31e-01	3.58e-03
 8.82114e+22	8.67e-01	1.29e-01	3.50e-03
 8.82509e+22	8.69e-01	1.28e-01	3.41e-03
 8.82897e+22	8.70e-01	1.27e-01	3.35e-03
 8.83289e+22	8.72e-01	1.25e-01	3.26e-03
 8.83687e+22	8.73e-01	1.24e-01	3.19e-03
 8.84093e+22	8.75e-01	1.22e-01	3.11e-03
 8.84508e+22	8.76e-01	1.21e-01	3.05e-03
 8.84925e+22	8.77e-01	1.20e-01	2.96e-03
 8.85346e+22	8.79e-01	1.18e-01	2.89e-03
 8.85765e+22	8.80e-01	1.17e-01	2.82e-03
 8.86172e+22	8.82e-01	1.16e-01	2.76e-03
 8.86592e+22	8.83e-01	1.14e-01	2.68e-03
 8.87021e+22	8.85e-01	1.13e-01	2.62e-03
 8.87451e+22	8.86e-01	1.11e-01	2.53e-03
 8.87881e+22	8.87e-01	1.10e-01	2.49e-03
 8.88325e+22	8.89e-01	1.08e-01	2.41e-03
 8.88783e+22	8.90e-01	1.07e-01	2.35e-03
 8.89199e+22	8.92e-01	1.06e-01	2.28e-03
 8.89577e+22	8.93e-01	1.05e-01	2.24e-03
 8.89992e+22	8.95e-01	1.03e-01	2.17e-03
 8.90440e+22	8.96e-01	1.02e-01	2.12e-03
 8.90847e+22	8.97e-01	1.01e-01	2.06e-03
 8.91218e+22	8.98e-01	9.98e-02	2.02e-03
 8.91625e+22	9.00e-01	9.83e-02	1.96e-03
 8.92063e+22	9.01e-01	9.73e-02	1.91e-03
 8.92463e+22	9.02e-01	9.59e-02	1.86e-03
 8.92826e+22	9.03e-01	9.51e-02	1.82e-03
 8.93224e+22	9.05e-01	9.37e-02	1.77e-03
 8.93654e+22	9.06e-01	9.27e-02	1.73e-03
 8.94045e+22	9.07e-01	9.14e-02	1.68e-03
 8.94401e+22	9.08e-01	9.07e-02	1.65e-03
 8.94791e+22	9.09e-01	8.94e-02	1.61e-03
 8.95298e+22	9.10e-01	8.82e-02	1.56e-03
 8.95845e+22	9.11e-01	8.70e-02	1.52e-03
 8.96344e+22	9.13e-01	8.58e-02	1.47e-03
 8.96797e+22	9.14e-01	8.46e-02	1.43e-03
 8.97209e+22	9.15e-01	8.38e-02	1.40e-03
 8.97661e+22	9.16e-01	8.25e-02	1.36e-03
 8.98149e+22	9.17e-01	8.15e-02	1.32e-03
 8.98593e+22	9.18e-01	8.06e-02	1.29e-03
 8.99080e+22	9.20e-01	7.92e-02	1.25e-03
 8.99605e+22	9.21e-01	7.82e-02	1.22e-03
 9.00083e+22	9.22e-01	7.70e-02	1.18e-03
 9.00518e+22	9.23e-01	7.62e-02	1.15e-03
 9.00995e+22	9.24e-01	7.50e-02	1.12e-03
 9.01510e+22	9.25e-01	7.40e-02	1.09e-03
 9.01978e+22	9.26e-01	7.29e-02	1.05e-03
 9.02404e+22	9.27e-01	7.21e-02	1.03e-03
 9.02871e+22	9.28e-01	7.09e-02	9.96e-04
 9.03375e+22	9.29e-01	7.00e-02	9.71e-04
 9.03834e+22	9.30e-01	6.90e-02	9.41e-04
 9.04252e+22	9.31e-01	6.83e-02	9.22e-04
 9.04709e+22	9.32e-01	6.72e-02	8.91e-04
 9.05203e+22	9.33e-01	6.63e-02	8.69e-04
 9.05652e+22	9.34e-01	6.53e-02	8.43e-04
 9.06061e+22	9.34e-01	6.47e-02	8.27e-04
 9.06509e+22	9.36e-01	6.37e-02	8.00e-04
 9.06993e+22	9.36e-01	6.29e-02	7.79e-04
 9.07434e+22	9.37e-01	6.20e-02	7.58e-04
 9.07834e+22	9.38e-01	6.14e-02	7.43e-04
 9.08273e+22	9.39e-01	6.04e-02	7.19e-04
 9.08747e+22	9.40e-01	5.97e-02	7.01e-04
 9.09179e+22	9.40e-01	5.89e-02	6.82e-04
 9.09571e+22	9.41e-01	5.83e-02	6.69e-04
 9.10001e+22	9.42e-01	5.74e-02	6.49e-04
 9.10466e+22	9.43e-01	5.68e-02	6.34e-04
 9.10974e+22	9.44e-01	5.58e-02	6.14e-04
 9.11524e+22	9.44e-01	5.51e-02	5.97e-04
 9.12024e+22	9.45e-01	5.43e-02	5.80e-04
 9.12478e+22	9.46e-01	5.37e-02	5.67e-04
 9.12977e+22	9.47e-01	5.28e-02	5.48e-04
 9.13515e+22	9.47e-01	5.21e-02	5.34e-04
 9.14005e+22	9.48e-01	5.15e-02	5.21e-04
 9.14541e+22	9.49e-01	5.05e-02	5.02e-04
 9.15121e+22	9.50e-01	4.98e-02	4.88e-04
 9.15648e+22	9.50e-01	4.92e-02	4.75e-04
 9.16225e+22	9.51e-01	4.82e-02	4.57e-04
 9.16849e+22	9.52e-01	4.74e-02	4.43e-04
 9.17417e+22	9.53e-01	4.68e-02	4.30e-04
 9.18038e+22	9.54e-01	4.58e-02	4.13e-04
 9.18710e+22	9.55e-01	4.50e-02	3.99e-04
 9.19321e+22	9.55e-01	4.44e-02	3.87e-04
 9.19990e+22	9.56e-01	4.34e-02	3.71e-04
 9.20713e+22	9.57e-01	4.26e-02	3.58e-04
 9.21371e+22	9.58e-01	4.19e-02	3.46e-04
 9.21969e+22	9.58e-01	4.13e-02	3.36e-04
 9.22625e+22	9.59e-01	4.04e-02	3.22e-04
 9.23333e+22	9.60e-01	3.97e-02	3.11e-04
 9.23977e+22	9.61e-01	3.91e-02	3.01e-04
 9.24564e+22	9.61e-01	3.85e-02	2.93e-04
 9.25206e+22	9.62e-01	3.77e-02	2.81e-04
 9.25636e+22	9.62e-01	3.77e-02	2.80e-04
