#depth	O	O+	O+2	O+3	O+4	O+5	O+6	O+7	O+8	O[1]	O[2]	O[3]
 4.62852e+21	0.00e+00	1.54e-32	5.61e-26	2.43e-20	2.99e-15	1.14e-10	8.54e-07	8.66e-04	9.99e-01	0.00e+00	0.00e+00	0.00e+00
 1.02251e+22	0.00e+00	2.79e-30	4.38e-24	8.33e-19	4.73e-14	8.60e-10	3.37e-06	1.72e-03	9.98e-01	0.00e+00	0.00e+00	0.00e+00
 1.15489e+22	0.00e+00	1.85e-29	2.12e-23	2.97e-18	1.26e-13	1.75e-09	5.52e-06	2.23e-03	9.98e-01	0.00e+00	0.00e+00	0.00e+00
 1.20824e+22	3.76e-36	4.72e-29	4.63e-23	5.55e-18	2.02e-13	2.46e-09	7.03e-06	2.53e-03	9.97e-01	0.00e+00	0.00e+00	0.00e+00
 1.23167e+22	5.31e-36	6.34e-29	5.92e-23	6.76e-18	2.35e-13	2.74e-09	7.58e-06	2.64e-03	9.97e-01	0.00e+00	0.00e+00	0.00e+00
 1.24377e+22	7.85e-36	8.86e-29	7.82e-23	8.44e-18	2.78e-13	3.10e-09	8.26e-06	2.77e-03	9.97e-01	0.00e+00	0.00e+00	0.00e+00
 1.25619e+22	1.13e-35	1.21e-28	1.01e-22	1.04e-17	3.25e-13	3.46e-09	8.94e-06	2.89e-03	9.97e-01	0.00e+00	0.00e+00	0.00e+00
 1.26858e+22	1.65e-35	1.68e-28	1.33e-22	1.29e-17	3.83e-13	3.89e-09	9.73e-06	3.03e-03	9.97e-01	0.00e+00	0.00e+00	0.00e+00
 1.28117e+22	2.40e-35	2.31e-28	1.73e-22	1.59e-17	4.48e-13	4.36e-09	1.05e-05	3.16e-03	9.97e-01	0.00e+00	0.00e+00	0.00e+00
 1.29330e+22	3.43e-35	3.13e-28	2.23e-22	1.94e-17	5.22e-13	4.86e-09	1.14e-05	3.30e-03	9.97e-01	0.00e+00	0.00e+00	0.00e+00
 1.30563e+22	5.01e-35	4.34e-28	2.92e-22	2.41e-17	6.12e-13	5.44e-09	1.24e-05	3.46e-03	9.97e-01	0.00e+00	0.00e+00	0.00e+00
 1.31813e+22	7.21e-35	5.92e-28	3.77e-22	2.95e-17	7.13e-13	6.06e-09	1.34e-05	3.62e-03	9.96e-01	0.00e+00	0.00e+00	0.00e+00
 1.32987e+22	1.01e-34	7.87e-28	4.77e-22	3.56e-17	8.20e-13	6.68e-09	1.43e-05	3.77e-03	9.96e-01	0.00e+00	0.00e+00	0.00e+00
 1.34182e+22	1.46e-34	1.08e-27	6.21e-22	4.38e-17	9.57e-13	7.45e-09	1.55e-05	3.95e-03	9.96e-01	0.00e+00	0.00e+00	0.00e+00
 1.35395e+22	2.06e-34	1.45e-27	7.89e-22	5.30e-17	1.10e-12	8.22e-09	1.67e-05	4.12e-03	9.96e-01	0.00e+00	0.00e+00	0.00e+00
 1.36604e+22	2.98e-34	1.99e-27	1.02e-21	6.50e-17	1.28e-12	9.14e-09	1.80e-05	4.31e-03	9.96e-01	0.00e+00	0.00e+00	0.00e+00
 1.37832e+22	4.22e-34	2.68e-27	1.31e-21	7.88e-17	1.48e-12	1.01e-08	1.94e-05	4.50e-03	9.95e-01	0.00e+00	0.00e+00	0.00e+00
 1.39004e+22	5.91e-34	3.56e-27	1.65e-21	9.48e-17	1.69e-12	1.11e-08	2.08e-05	4.69e-03	9.95e-01	0.00e+00	0.00e+00	0.00e+00
 1.40203e+22	8.49e-34	4.85e-27	2.13e-21	1.16e-16	1.96e-12	1.22e-08	2.24e-05	4.91e-03	9.95e-01	0.00e+00	0.00e+00	0.00e+00
 1.41419e+22	1.20e-33	6.49e-27	2.70e-21	1.39e-16	2.24e-12	1.34e-08	2.40e-05	5.12e-03	9.95e-01	0.00e+00	0.00e+00	0.00e+00
 1.42580e+22	1.66e-33	8.57e-27	3.40e-21	1.67e-16	2.55e-12	1.47e-08	2.56e-05	5.34e-03	9.95e-01	0.00e+00	0.00e+00	0.00e+00
 1.43770e+22	2.37e-33	1.16e-26	4.35e-21	2.02e-16	2.94e-12	1.61e-08	2.75e-05	5.58e-03	9.94e-01	0.00e+00	0.00e+00	0.00e+00
 1.44971e+22	3.31e-33	1.54e-26	5.48e-21	2.42e-16	3.34e-12	1.76e-08	2.94e-05	5.82e-03	9.94e-01	0.00e+00	0.00e+00	0.00e+00
 1.46168e+22	4.71e-33	2.07e-26	6.99e-21	2.92e-16	3.83e-12	1.92e-08	3.15e-05	6.08e-03	9.94e-01	0.00e+00	0.00e+00	0.00e+00
 1.47381e+22	6.63e-33	2.77e-26	8.84e-21	3.50e-16	4.36e-12	2.09e-08	3.36e-05	6.35e-03	9.94e-01	0.00e+00	0.00e+00	0.00e+00
 1.48589e+22	9.38e-33	3.71e-26	1.12e-20	4.21e-16	4.97e-12	2.28e-08	3.59e-05	6.64e-03	9.93e-01	0.00e+00	0.00e+00	0.00e+00
 1.49789e+22	1.31e-32	4.92e-26	1.41e-20	5.02e-16	5.63e-12	2.47e-08	3.82e-05	6.93e-03	9.93e-01	0.00e+00	0.00e+00	0.00e+00
 1.50983e+22	1.85e-32	6.57e-26	1.78e-20	6.00e-16	6.38e-12	2.68e-08	4.07e-05	7.23e-03	9.93e-01	0.00e+00	0.00e+00	0.00e+00
 1.52185e+22	2.58e-32	8.72e-26	2.24e-20	7.15e-16	7.21e-12	2.90e-08	4.33e-05	7.55e-03	9.92e-01	0.00e+00	0.00e+00	0.00e+00
 1.53380e+22	3.62e-32	1.16e-25	2.82e-20	8.52e-16	8.15e-12	3.12e-08	4.60e-05	7.88e-03	9.92e-01	0.00e+00	0.00e+00	0.00e+00
 1.54576e+22	5.06e-32	1.54e-25	3.53e-20	1.01e-15	9.18e-12	3.36e-08	4.89e-05	8.23e-03	9.92e-01	0.00e+00	0.00e+00	0.00e+00
 1.55766e+22	7.06e-32	2.03e-25	4.42e-20	1.20e-15	1.03e-11	3.61e-08	5.18e-05	8.59e-03	9.91e-01	0.00e+00	0.00e+00	0.00e+00
 1.56949e+22	9.82e-32	2.68e-25	5.52e-20	1.42e-15	1.16e-11	3.87e-08	5.48e-05	8.96e-03	9.91e-01	0.00e+00	0.00e+00	0.00e+00
 1.58125e+22	1.36e-31	3.52e-25	6.88e-20	1.68e-15	1.29e-11	4.13e-08	5.80e-05	9.34e-03	9.91e-01	0.00e+00	0.00e+00	0.00e+00
 1.59295e+22	1.89e-31	4.62e-25	8.55e-20	1.97e-15	1.44e-11	4.40e-08	6.12e-05	9.74e-03	9.90e-01	0.00e+00	0.00e+00	0.00e+00
 1.60458e+22	2.60e-31	6.05e-25	1.06e-19	2.32e-15	1.61e-11	4.68e-08	6.45e-05	1.02e-02	9.90e-01	0.00e+00	0.00e+00	0.00e+00
 1.61615e+22	3.59e-31	7.90e-25	1.31e-19	2.72e-15	1.79e-11	4.96e-08	6.80e-05	1.06e-02	9.89e-01	0.00e+00	0.00e+00	0.00e+00
 1.62766e+22	4.93e-31	1.03e-24	1.62e-19	3.18e-15	1.98e-11	5.25e-08	7.15e-05	1.10e-02	9.89e-01	0.00e+00	0.00e+00	0.00e+00
 1.63909e+22	6.76e-31	1.34e-24	1.99e-19	3.71e-15	2.19e-11	5.53e-08	7.51e-05	1.15e-02	9.88e-01	0.00e+00	0.00e+00	0.00e+00
 1.65046e+22	9.25e-31	1.74e-24	2.45e-19	4.32e-15	2.41e-11	5.83e-08	7.88e-05	1.20e-02	9.88e-01	0.00e+00	0.00e+00	0.00e+00
 1.66180e+22	1.26e-30	2.25e-24	3.01e-19	5.03e-15	2.66e-11	6.12e-08	8.26e-05	1.25e-02	9.87e-01	0.00e+00	0.00e+00	0.00e+00
 1.67312e+22	1.72e-30	2.90e-24	3.68e-19	5.84e-15	2.92e-11	6.42e-08	8.65e-05	1.30e-02	9.87e-01	0.00e+00	0.00e+00	0.00e+00
 1.68444e+22	2.34e-30	3.75e-24	4.50e-19	6.77e-15	3.21e-11	6.71e-08	9.05e-05	1.35e-02	9.86e-01	0.00e+00	0.00e+00	0.00e+00
 1.69575e+22	3.18e-30	4.83e-24	5.50e-19	7.83e-15	3.52e-11	7.01e-08	9.47e-05	1.40e-02	9.86e-01	0.00e+00	0.00e+00	0.00e+00
 1.70709e+22	4.31e-30	6.22e-24	6.71e-19	9.06e-15	3.85e-11	7.31e-08	9.90e-05	1.46e-02	9.85e-01	0.00e+00	0.00e+00	0.00e+00
 1.71849e+22	5.84e-30	7.99e-24	8.18e-19	1.05e-14	4.22e-11	7.62e-08	1.03e-04	1.52e-02	9.85e-01	0.00e+00	0.00e+00	0.00e+00
 1.72996e+22	7.92e-30	1.03e-23	9.96e-19	1.21e-14	4.61e-11	7.93e-08	1.08e-04	1.58e-02	9.84e-01	0.00e+00	0.00e+00	0.00e+00
 1.74155e+22	1.07e-29	1.32e-23	1.21e-18	1.40e-14	5.04e-11	8.25e-08	1.13e-04	1.64e-02	9.83e-01	0.00e+00	0.00e+00	0.00e+00
 1.75327e+22	1.45e-29	1.70e-23	1.48e-18	1.61e-14	5.51e-11	8.57e-08	1.18e-04	1.71e-02	9.83e-01	0.00e+00	0.00e+00	0.00e+00
 1.76514e+22	1.97e-29	2.19e-23	1.80e-18	1.86e-14	6.02e-11	8.91e-08	1.23e-04	1.78e-02	9.82e-01	0.00e+00	0.00e+00	0.00e+00
 1.77721e+22	2.68e-29	2.82e-23	2.20e-18	2.16e-14	6.59e-11	9.26e-08	1.29e-04	1.85e-02	9.81e-01	0.00e+00	0.00e+00	0.00e+00
 1.78951e+22	3.65e-29	3.64e-23	2.69e-18	2.50e-14	7.22e-11	9.64e-08	1.35e-04	1.92e-02	9.81e-01	0.00e+00	0.00e+00	0.00e+00
 1.80208e+22	4.98e-29	4.70e-23	3.30e-18	2.90e-14	7.93e-11	1.00e-07	1.42e-04	2.00e-02	9.80e-01	0.00e+00	0.00e+00	0.00e+00
 1.81439e+22	6.62e-29	5.96e-23	3.98e-18	3.33e-14	8.64e-11	1.04e-07	1.48e-04	2.08e-02	9.79e-01	0.00e+00	0.00e+00	0.00e+00
 1.82707e+22	9.10e-29	7.76e-23	4.91e-18	3.89e-14	9.53e-11	1.09e-07	1.56e-04	2.16e-02	9.78e-01	0.00e+00	0.00e+00	0.00e+00
 1.83994e+22	1.21e-28	9.85e-23	5.93e-18	4.48e-14	1.04e-10	1.13e-07	1.63e-04	2.24e-02	9.77e-01	0.00e+00	0.00e+00	0.00e+00
 1.85324e+22	1.68e-28	1.29e-22	7.37e-18	5.26e-14	1.16e-10	1.19e-07	1.73e-04	2.34e-02	9.76e-01	0.00e+00	0.00e+00	0.00e+00
 1.86676e+22	2.24e-28	1.64e-22	8.93e-18	6.07e-14	1.27e-10	1.24e-07	1.81e-04	2.42e-02	9.76e-01	0.00e+00	0.00e+00	0.00e+00
 1.88077e+22	3.14e-28	2.18e-22	1.12e-17	7.20e-14	1.42e-10	1.31e-07	1.92e-04	2.53e-02	9.75e-01	0.00e+00	0.00e+00	0.00e+00
 1.89505e+22	4.19e-28	2.78e-22	1.36e-17	8.35e-14	1.56e-10	1.38e-07	2.02e-04	2.62e-02	9.74e-01	0.00e+00	0.00e+00	0.00e+00
 1.90987e+22	5.95e-28	3.74e-22	1.73e-17	1.00e-13	1.76e-10	1.47e-07	2.16e-04	2.74e-02	9.72e-01	0.00e+00	0.00e+00	0.00e+00
 1.92462e+22	7.88e-28	4.73e-22	2.09e-17	1.16e-13	1.94e-10	1.55e-07	2.27e-04	2.84e-02	9.71e-01	0.00e+00	0.00e+00	0.00e+00
 1.93972e+22	1.13e-27	6.40e-22	2.67e-17	1.40e-13	2.21e-10	1.65e-07	2.43e-04	2.96e-02	9.70e-01	0.00e+00	0.00e+00	0.00e+00
 1.95509e+22	1.49e-27	8.13e-22	3.25e-17	1.63e-13	2.45e-10	1.75e-07	2.56e-04	3.07e-02	9.69e-01	0.00e+00	0.00e+00	0.00e+00
 1.97080e+22	2.15e-27	1.11e-21	4.18e-17	1.98e-13	2.80e-10	1.89e-07	2.75e-04	3.21e-02	9.68e-01	0.00e+00	0.00e+00	0.00e+00
 1.98655e+22	2.85e-27	1.40e-21	5.08e-17	2.30e-13	3.12e-10	2.01e-07	2.91e-04	3.32e-02	9.67e-01	0.00e+00	0.00e+00	0.00e+00
 2.00237e+22	4.10e-27	1.92e-21	6.56e-17	2.81e-13	3.58e-10	2.17e-07	3.13e-04	3.47e-02	9.65e-01	0.00e+00	0.00e+00	0.00e+00
 2.01849e+22	5.44e-27	2.44e-21	8.01e-17	3.29e-13	4.01e-10	2.32e-07	3.32e-04	3.59e-02	9.64e-01	0.00e+00	0.00e+00	0.00e+00
 2.03502e+22	7.99e-27	3.39e-21	1.05e-16	4.07e-13	4.66e-10	2.54e-07	3.59e-04	3.76e-02	9.62e-01	0.00e+00	0.00e+00	0.00e+00
 2.05140e+22	1.05e-26	4.27e-21	1.27e-16	4.74e-13	5.21e-10	2.72e-07	3.80e-04	3.88e-02	9.61e-01	0.00e+00	0.00e+00	0.00e+00
 2.06760e+22	1.52e-26	5.89e-21	1.66e-16	5.85e-13	6.06e-10	2.98e-07	4.10e-04	4.05e-02	9.59e-01	0.00e+00	0.00e+00	0.00e+00
 2.08402e+22	2.01e-26	7.49e-21	2.03e-16	6.87e-13	6.81e-10	3.21e-07	4.35e-04	4.19e-02	9.58e-01	0.00e+00	0.00e+00	0.00e+00
 2.10075e+22	2.94e-26	1.04e-20	2.66e-16	8.54e-13	7.98e-10	3.54e-07	4.71e-04	4.38e-02	9.56e-01	0.00e+00	0.00e+00	0.00e+00
 2.11771e+22	3.96e-26	1.34e-20	3.30e-16	1.01e-12	9.06e-10	3.83e-07	5.02e-04	4.53e-02	9.54e-01	0.00e+00	0.00e+00	0.00e+00
 2.13496e+22	5.89e-26	1.89e-20	4.39e-16	1.28e-12	1.07e-09	4.27e-07	5.46e-04	4.74e-02	9.52e-01	0.00e+00	0.00e+00	0.00e+00
 2.15251e+22	8.06e-26	2.48e-20	5.52e-16	1.54e-12	1.23e-09	4.66e-07	5.83e-04	4.91e-02	9.50e-01	0.00e+00	0.00e+00	0.00e+00
 2.17045e+22	1.22e-25	3.56e-20	7.47e-16	1.96e-12	1.47e-09	5.23e-07	6.37e-04	5.14e-02	9.48e-01	0.00e+00	0.00e+00	0.00e+00
 2.18794e+22	1.65e-25	4.62e-20	9.31e-16	2.34e-12	1.68e-09	5.71e-07	6.79e-04	5.31e-02	9.46e-01	0.00e+00	0.00e+00	0.00e+00
 2.20243e+22	2.23e-25	5.99e-20	1.16e-15	2.80e-12	1.92e-09	6.22e-07	7.23e-04	5.49e-02	9.44e-01	0.00e+00	0.00e+00	0.00e+00
 2.21672e+22	3.02e-25	7.79e-20	1.45e-15	3.35e-12	2.20e-09	6.79e-07	7.71e-04	5.67e-02	9.43e-01	0.00e+00	0.00e+00	0.00e+00
 2.23314e+22	4.51e-25	1.10e-19	1.94e-15	4.26e-12	2.62e-09	7.63e-07	8.38e-04	5.92e-02	9.40e-01	0.00e+00	0.00e+00	0.00e+00
 2.24943e+22	6.11e-25	1.44e-19	2.43e-15	5.11e-12	3.01e-09	8.35e-07	8.93e-04	6.11e-02	9.38e-01	0.00e+00	0.00e+00	0.00e+00
 2.26254e+22	7.97e-25	1.81e-19	2.95e-15	5.99e-12	3.39e-09	9.04e-07	9.44e-04	6.28e-02	9.36e-01	0.00e+00	0.00e+00	0.00e+00
 2.27659e+22	1.15e-24	2.49e-19	3.86e-15	7.45e-12	3.99e-09	1.01e-06	1.02e-03	6.52e-02	9.34e-01	0.00e+00	0.00e+00	0.00e+00
 2.28954e+22	1.44e-24	3.03e-19	4.56e-15	8.55e-12	4.43e-09	1.08e-06	1.07e-03	6.67e-02	9.32e-01	0.00e+00	0.00e+00	0.00e+00
 2.30107e+22	1.98e-24	4.00e-19	5.77e-15	1.04e-11	5.11e-09	1.19e-06	1.14e-03	6.89e-02	9.30e-01	0.00e+00	0.00e+00	0.00e+00
 2.31222e+22	2.44e-24	4.79e-19	6.72e-15	1.17e-11	5.61e-09	1.26e-06	1.19e-03	7.03e-02	9.28e-01	0.00e+00	0.00e+00	0.00e+00
 2.32287e+22	3.25e-24	6.16e-19	8.32e-15	1.40e-11	6.40e-09	1.38e-06	1.26e-03	7.24e-02	9.26e-01	0.00e+00	0.00e+00	0.00e+00
 2.33376e+22	4.12e-24	7.58e-19	9.92e-15	1.61e-11	7.13e-09	1.48e-06	1.32e-03	7.41e-02	9.25e-01	0.00e+00	0.00e+00	0.00e+00
 2.34319e+22	5.18e-24	9.24e-19	1.17e-14	1.85e-11	7.90e-09	1.59e-06	1.38e-03	7.57e-02	9.23e-01	0.00e+00	0.00e+00	0.00e+00
 2.35370e+22	7.08e-24	1.21e-18	1.48e-14	2.23e-11	9.11e-09	1.74e-06	1.47e-03	7.80e-02	9.21e-01	0.00e+00	0.00e+00	0.00e+00
 2.36398e+22	8.73e-24	1.46e-18	1.73e-14	2.54e-11	1.00e-08	1.86e-06	1.53e-03	7.96e-02	9.19e-01	0.00e+00	0.00e+00	0.00e+00
 2.37398e+22	1.19e-23	1.92e-18	2.18e-14	3.07e-11	1.15e-08	2.04e-06	1.62e-03	8.19e-02	9.16e-01	0.00e+00	0.00e+00	0.00e+00
 2.38396e+22	1.47e-23	2.30e-18	2.54e-14	3.48e-11	1.27e-08	2.18e-06	1.69e-03	8.36e-02	9.15e-01	0.00e+00	0.00e+00	0.00e+00
 2.39391e+22	2.05e-23	3.07e-18	3.25e-14	4.26e-11	1.48e-08	2.41e-06	1.80e-03	8.61e-02	9.12e-01	0.00e+00	0.00e+00	0.00e+00
 2.40325e+22	2.49e-23	3.64e-18	3.76e-14	4.79e-11	1.61e-08	2.55e-06	1.87e-03	8.77e-02	9.10e-01	0.00e+00	0.00e+00	0.00e+00
 2.41180e+22	3.32e-23	4.67e-18	4.64e-14	5.69e-11	1.84e-08	2.78e-06	1.98e-03	9.00e-02	9.08e-01	0.00e+00	0.00e+00	0.00e+00
 2.42051e+22	4.07e-23	5.58e-18	5.40e-14	6.44e-11	2.02e-08	2.96e-06	2.06e-03	9.17e-02	9.06e-01	0.00e+00	0.00e+00	0.00e+00
 2.42945e+22	5.62e-23	7.39e-18	6.85e-14	7.82e-11	2.33e-08	3.26e-06	2.18e-03	9.43e-02	9.04e-01	0.00e+00	0.00e+00	0.00e+00
 2.43827e+22	6.97e-23	8.91e-18	8.03e-14	8.90e-11	2.57e-08	3.48e-06	2.27e-03	9.61e-02	9.02e-01	0.00e+00	0.00e+00	0.00e+00
 2.44696e+22	9.61e-23	1.18e-17	1.02e-13	1.08e-10	2.96e-08	3.82e-06	2.41e-03	9.88e-02	8.99e-01	0.00e+00	0.00e+00	0.00e+00
 2.45570e+22	1.21e-22	1.44e-17	1.20e-13	1.24e-10	3.28e-08	4.10e-06	2.51e-03	1.01e-01	8.97e-01	0.00e+00	0.00e+00	0.00e+00
 2.46453e+22	1.70e-22	1.94e-17	1.55e-13	1.52e-10	3.82e-08	4.53e-06	2.67e-03	1.04e-01	8.94e-01	0.00e+00	0.00e+00	0.00e+00
 2.47338e+22	2.16e-22	2.39e-17	1.85e-13	1.76e-10	4.26e-08	4.87e-06	2.79e-03	1.06e-01	8.91e-01	0.00e+00	0.00e+00	0.00e+00
 2.48226e+22	3.05e-22	3.22e-17	2.39e-13	2.16e-10	4.96e-08	5.39e-06	2.97e-03	1.09e-01	8.88e-01	0.00e+00	0.00e+00	0.00e+00
 2.49100e+22	3.95e-22	4.04e-17	2.89e-13	2.52e-10	5.57e-08	5.81e-06	3.11e-03	1.11e-01	8.86e-01	0.00e+00	0.00e+00	0.00e+00
 2.49958e+22	5.60e-22	5.47e-17	3.73e-13	3.10e-10	6.50e-08	6.44e-06	3.31e-03	1.15e-01	8.82e-01	0.00e+00	0.00e+00	0.00e+00
 2.50823e+22	7.40e-22	6.96e-17	4.58e-13	3.66e-10	7.34e-08	6.98e-06	3.48e-03	1.17e-01	8.79e-01	0.00e+00	0.00e+00	0.00e+00
 2.51700e+22	1.07e-21	9.62e-17	6.01e-13	4.57e-10	8.65e-08	7.78e-06	3.71e-03	1.21e-01	8.75e-01	0.00e+00	0.00e+00	0.00e+00
 2.52546e+22	1.40e-21	1.21e-16	7.31e-13	5.35e-10	9.72e-08	8.40e-06	3.89e-03	1.23e-01	8.73e-01	0.00e+00	0.00e+00	0.00e+00
 2.53352e+22	2.01e-21	1.66e-16	9.50e-13	6.61e-10	1.14e-07	9.32e-06	4.14e-03	1.27e-01	8.69e-01	0.00e+00	0.00e+00	0.00e+00
 2.54163e+22	2.65e-21	2.11e-16	1.17e-12	7.80e-10	1.28e-07	1.01e-05	4.35e-03	1.30e-01	8.66e-01	0.00e+00	0.00e+00	0.00e+00
 2.54980e+22	3.84e-21	2.90e-16	1.53e-12	9.69e-10	1.51e-07	1.12e-05	4.63e-03	1.34e-01	8.62e-01	0.00e+00	0.00e+00	0.00e+00
 2.55807e+22	5.10e-21	3.71e-16	1.88e-12	1.15e-09	1.71e-07	1.22e-05	4.87e-03	1.37e-01	8.58e-01	0.00e+00	0.00e+00	0.00e+00
 2.56648e+22	7.42e-21	5.14e-16	2.47e-12	1.43e-09	2.01e-07	1.36e-05	5.20e-03	1.41e-01	8.54e-01	0.00e+00	0.00e+00	0.00e+00
 2.57509e+22	1.00e-20	6.67e-16	3.08e-12	1.71e-09	2.29e-07	1.48e-05	5.48e-03	1.44e-01	8.50e-01	0.00e+00	0.00e+00	0.00e+00
 2.58272e+22	1.35e-20	8.63e-16	3.82e-12	2.03e-09	2.61e-07	1.61e-05	5.78e-03	1.48e-01	8.47e-01	0.00e+00	0.00e+00	0.00e+00
 2.59112e+22	1.95e-20	1.18e-15	4.98e-12	2.52e-09	3.06e-07	1.79e-05	6.16e-03	1.52e-01	8.42e-01	0.00e+00	0.00e+00	0.00e+00
 2.59961e+22	2.63e-20	1.54e-15	6.20e-12	3.01e-09	3.48e-07	1.96e-05	6.49e-03	1.56e-01	8.38e-01	0.00e+00	0.00e+00	0.00e+00
 2.60810e+22	3.77e-20	2.10e-15	8.06e-12	3.71e-09	4.07e-07	2.17e-05	6.92e-03	1.60e-01	8.33e-01	0.00e+00	0.00e+00	0.00e+00
 2.61674e+22	5.13e-20	2.74e-15	1.01e-11	4.44e-09	4.66e-07	2.38e-05	7.31e-03	1.64e-01	8.29e-01	0.00e+00	0.00e+00	0.00e+00
 2.62539e+22	7.30e-20	3.71e-15	1.30e-11	5.46e-09	5.43e-07	2.64e-05	7.78e-03	1.69e-01	8.23e-01	0.00e+00	0.00e+00	0.00e+00
 2.63417e+22	9.97e-20	4.85e-15	1.63e-11	6.55e-09	6.22e-07	2.89e-05	8.23e-03	1.73e-01	8.19e-01	0.00e+00	0.00e+00	0.00e+00
 2.64299e+22	1.40e-19	6.50e-15	2.08e-11	7.99e-09	7.21e-07	3.19e-05	8.75e-03	1.78e-01	8.14e-01	0.00e+00	0.00e+00	0.00e+00
 2.65179e+22	1.87e-19	8.37e-15	2.58e-11	9.48e-09	8.20e-07	3.48e-05	9.23e-03	1.82e-01	8.09e-01	0.00e+00	0.00e+00	0.00e+00
 2.66085e+22	2.65e-19	1.13e-14	3.31e-11	1.16e-08	9.55e-07	3.86e-05	9.83e-03	1.87e-01	8.03e-01	0.00e+00	0.00e+00	0.00e+00
 2.67003e+22	3.53e-19	1.45e-14	4.07e-11	1.37e-08	1.08e-06	4.21e-05	1.04e-02	1.91e-01	7.98e-01	0.00e+00	0.00e+00	0.00e+00
 2.67941e+22	4.95e-19	1.93e-14	5.21e-11	1.68e-08	1.26e-06	4.66e-05	1.10e-02	1.97e-01	7.92e-01	0.00e+00	0.00e+00	0.00e+00
 2.68904e+22	6.61e-19	2.48e-14	6.42e-11	1.98e-08	1.43e-06	5.09e-05	1.17e-02	2.01e-01	7.87e-01	0.00e+00	0.00e+00	0.00e+00
 2.69896e+22	9.22e-19	3.31e-14	8.17e-11	2.41e-08	1.66e-06	5.64e-05	1.24e-02	2.07e-01	7.81e-01	0.00e+00	0.00e+00	0.00e+00
 2.70917e+22	1.23e-18	4.24e-14	1.01e-10	2.86e-08	1.89e-06	6.16e-05	1.31e-02	2.12e-01	7.75e-01	0.00e+00	0.00e+00	0.00e+00
 2.71977e+22	1.72e-18	5.66e-14	1.28e-10	3.49e-08	2.20e-06	6.84e-05	1.40e-02	2.18e-01	7.68e-01	0.00e+00	0.00e+00	0.00e+00
 2.73067e+22	2.29e-18	7.25e-14	1.58e-10	4.14e-08	2.51e-06	7.49e-05	1.48e-02	2.23e-01	7.62e-01	0.00e+00	0.00e+00	0.00e+00
 2.74199e+22	3.18e-18	9.64e-14	2.01e-10	5.03e-08	2.92e-06	8.32e-05	1.58e-02	2.29e-01	7.55e-01	0.00e+00	0.00e+00	0.00e+00
 2.75365e+22	4.21e-18	1.23e-13	2.47e-10	5.95e-08	3.32e-06	9.10e-05	1.67e-02	2.34e-01	7.49e-01	0.00e+00	0.00e+00	0.00e+00
 2.76600e+22	5.94e-18	1.65e-13	3.17e-10	7.31e-08	3.90e-06	1.02e-04	1.79e-02	2.41e-01	7.41e-01	0.00e+00	0.00e+00	0.00e+00
 2.77842e+22	7.74e-18	2.08e-13	3.85e-10	8.57e-08	4.41e-06	1.11e-04	1.89e-02	2.47e-01	7.34e-01	0.00e+00	0.00e+00	0.00e+00
 2.79106e+22	1.08e-17	2.78e-13	4.92e-10	1.05e-07	5.17e-06	1.24e-04	2.02e-02	2.54e-01	7.26e-01	0.00e+00	0.00e+00	0.00e+00
 2.80400e+22	1.41e-17	3.49e-13	5.97e-10	1.23e-07	5.85e-06	1.35e-04	2.13e-02	2.59e-01	7.19e-01	0.00e+00	0.00e+00	0.00e+00
 2.81520e+22	1.79e-17	4.30e-13	7.11e-10	1.42e-07	6.55e-06	1.47e-04	2.24e-02	2.64e-01	7.13e-01	0.00e+00	0.00e+00	0.00e+00
 2.82763e+22	2.43e-17	5.61e-13	8.91e-10	1.71e-07	7.58e-06	1.62e-04	2.39e-02	2.71e-01	7.05e-01	2.43e-17	7.64e-27	8.20e-27
 2.84015e+22	3.06e-17	6.85e-13	1.06e-09	1.97e-07	8.47e-06	1.76e-04	2.50e-02	2.76e-01	6.98e-01	3.06e-17	1.22e-26	1.35e-26
 2.85281e+22	4.13e-17	8.88e-13	1.32e-09	2.36e-07	9.78e-06	1.94e-04	2.66e-02	2.83e-01	6.90e-01	4.13e-17	1.68e-26	1.85e-26
 2.86569e+22	5.17e-17	1.08e-12	1.55e-09	2.71e-07	1.09e-05	2.10e-04	2.79e-02	2.89e-01	6.83e-01	5.17e-17	2.13e-26	2.34e-26
 2.87709e+22	6.47e-17	1.31e-12	1.83e-09	3.11e-07	1.22e-05	2.27e-04	2.93e-02	2.94e-01	6.76e-01	6.47e-17	2.70e-26	2.97e-26
 2.89014e+22	8.54e-17	1.67e-12	2.25e-09	3.69e-07	1.39e-05	2.50e-04	3.11e-02	3.01e-01	6.68e-01	8.54e-17	3.62e-26	3.98e-26
 2.90327e+22	1.06e-16	2.02e-12	2.65e-09	4.23e-07	1.55e-05	2.70e-04	3.25e-02	3.06e-01	6.61e-01	1.06e-16	4.56e-26	5.01e-26
 2.91653e+22	1.41e-16	2.59e-12	3.27e-09	5.04e-07	1.78e-05	2.98e-04	3.46e-02	3.13e-01	6.52e-01	1.41e-16	6.17e-26	6.76e-26
 2.92980e+22	1.73e-16	3.08e-12	3.79e-09	5.70e-07	1.97e-05	3.20e-04	3.61e-02	3.18e-01	6.45e-01	1.73e-16	7.63e-26	8.36e-26
 2.94310e+22	2.27e-16	3.91e-12	4.65e-09	6.76e-07	2.25e-05	3.52e-04	3.83e-02	3.25e-01	6.36e-01	2.27e-16	1.02e-25	1.12e-25
 2.95664e+22	2.78e-16	4.67e-12	5.40e-09	7.66e-07	2.49e-05	3.78e-04	4.00e-02	3.31e-01	6.29e-01	2.78e-16	1.27e-25	1.39e-25
 2.97050e+22	3.65e-16	5.92e-12	6.62e-09	9.08e-07	2.85e-05	4.16e-04	4.24e-02	3.38e-01	6.19e-01	3.65e-16	1.69e-25	1.85e-25
 2.98462e+22	4.48e-16	7.08e-12	7.70e-09	1.03e-06	3.16e-05	4.48e-04	4.43e-02	3.43e-01	6.12e-01	4.48e-16	2.11e-25	2.30e-25
 2.99698e+22	5.46e-16	8.42e-12	8.94e-09	1.17e-06	3.49e-05	4.81e-04	4.62e-02	3.48e-01	6.05e-01	5.46e-16	2.61e-25	2.84e-25
 3.01097e+22	7.07e-16	1.06e-11	1.08e-08	1.37e-06	3.98e-05	5.28e-04	4.89e-02	3.55e-01	5.95e-01	7.07e-16	3.43e-25	3.74e-25
 3.02492e+22	8.46e-16	1.23e-11	1.24e-08	1.54e-06	4.35e-05	5.63e-04	5.08e-02	3.60e-01	5.88e-01	8.46e-16	4.16e-25	4.53e-25
 3.03883e+22	1.09e-15	1.54e-11	1.50e-08	1.80e-06	4.95e-05	6.17e-04	5.36e-02	3.67e-01	5.79e-01	1.09e-15	5.46e-25	5.94e-25
 3.05293e+22	1.30e-15	1.80e-11	1.72e-08	2.02e-06	5.42e-05	6.58e-04	5.58e-02	3.72e-01	5.72e-01	1.30e-15	6.63e-25	7.21e-25
 3.06728e+22	1.66e-15	2.23e-11	2.06e-08	2.35e-06	6.13e-05	7.18e-04	5.87e-02	3.78e-01	5.62e-01	1.66e-15	8.60e-25	9.34e-25
 3.08213e+22	2.01e-15	2.64e-11	2.38e-08	2.65e-06	6.75e-05	7.70e-04	6.12e-02	3.83e-01	5.54e-01	2.01e-15	1.06e-24	1.15e-24
 3.09760e+22	2.60e-15	3.30e-11	2.88e-08	3.12e-06	7.69e-05	8.44e-04	6.47e-02	3.90e-01	5.44e-01	2.60e-15	1.39e-24	1.51e-24
 3.11333e+22	3.14e-15	3.91e-11	3.33e-08	3.52e-06	8.48e-05	9.05e-04	6.74e-02	3.95e-01	5.36e-01	3.14e-15	1.72e-24	1.86e-24
 3.12938e+22	4.04e-15	4.88e-11	4.02e-08	4.13e-06	9.63e-05	9.92e-04	7.11e-02	4.02e-01	5.26e-01	4.04e-15	2.25e-24	2.44e-24
 3.14598e+22	4.94e-15	5.83e-11	4.69e-08	4.69e-06	1.07e-04	1.07e-03	7.43e-02	4.07e-01	5.17e-01	4.94e-15	2.81e-24	3.04e-24
 3.16330e+22	6.42e-15	7.34e-11	5.71e-08	5.54e-06	1.22e-04	1.17e-03	7.85e-02	4.14e-01	5.06e-01	6.42e-15	3.73e-24	4.03e-24
 3.18118e+22	7.93e-15	8.84e-11	6.70e-08	6.33e-06	1.36e-04	1.27e-03	8.21e-02	4.20e-01	4.97e-01	7.93e-15	4.70e-24	5.07e-24
 3.19980e+22	1.05e-14	1.13e-10	8.26e-08	7.55e-06	1.56e-04	1.40e-03	8.70e-02	4.27e-01	4.85e-01	1.05e-14	6.35e-24	6.85e-24
 3.21846e+22	1.29e-14	1.35e-10	9.67e-08	8.61e-06	1.74e-04	1.51e-03	9.09e-02	4.32e-01	4.76e-01	1.29e-14	7.96e-24	8.58e-24
 3.23720e+22	1.68e-14	1.72e-10	1.18e-07	1.02e-05	1.99e-04	1.66e-03	9.61e-02	4.38e-01	4.64e-01	1.68e-14	1.07e-23	1.15e-23
 3.25671e+22	2.10e-14	2.09e-10	1.40e-07	1.18e-05	2.23e-04	1.80e-03	1.01e-01	4.44e-01	4.54e-01	2.10e-14	1.36e-23	1.47e-23
 3.27722e+22	2.83e-14	2.72e-10	1.76e-07	1.42e-05	2.60e-04	2.01e-03	1.07e-01	4.51e-01	4.40e-01	2.83e-14	1.89e-23	2.03e-23
 3.29773e+22	3.51e-14	3.30e-10	2.07e-07	1.63e-05	2.91e-04	2.17e-03	1.12e-01	4.55e-01	4.30e-01	3.51e-14	2.40e-23	2.58e-23
 3.31824e+22	4.73e-14	4.28e-10	2.59e-07	1.97e-05	3.39e-04	2.42e-03	1.19e-01	4.62e-01	4.16e-01	4.73e-14	3.32e-23	3.56e-23
 3.33904e+22	5.93e-14	5.23e-10	3.08e-07	2.28e-05	3.80e-04	2.63e-03	1.25e-01	4.67e-01	4.06e-01	5.93e-14	4.26e-23	4.56e-23
 3.35658e+22	7.29e-14	6.27e-10	3.60e-07	2.60e-05	4.23e-04	2.83e-03	1.30e-01	4.71e-01	3.96e-01	7.29e-14	5.34e-23	5.72e-23
 3.37573e+22	9.60e-14	7.99e-10	4.43e-07	3.10e-05	4.88e-04	3.13e-03	1.37e-01	4.76e-01	3.83e-01	9.60e-14	7.22e-23	7.73e-23
 3.39477e+22	1.17e-13	9.54e-10	5.16e-07	3.53e-05	5.41e-04	3.37e-03	1.43e-01	4.79e-01	3.74e-01	1.17e-13	9.01e-23	9.64e-23
 3.41364e+22	1.54e-13	1.21e-09	6.34e-07	4.20e-05	6.24e-04	3.73e-03	1.51e-01	4.84e-01	3.61e-01	1.54e-13	1.21e-22	1.30e-22
 3.43270e+22	1.89e-13	1.45e-09	7.41e-07	4.79e-05	6.95e-04	4.02e-03	1.58e-01	4.87e-01	3.51e-01	1.89e-13	1.52e-22	1.62e-22
 3.45199e+22	2.50e-13	1.85e-09	9.13e-07	5.73e-05	8.06e-04	4.47e-03	1.67e-01	4.91e-01	3.37e-01	2.50e-13	2.06e-22	2.20e-22
 3.47140e+22	3.08e-13	2.22e-09	1.07e-06	6.56e-05	9.00e-04	4.83e-03	1.74e-01	4.94e-01	3.27e-01	3.08e-13	2.59e-22	2.76e-22
 3.49094e+22	4.06e-13	2.82e-09	1.32e-06	7.85e-05	1.04e-03	5.37e-03	1.84e-01	4.97e-01	3.13e-01	4.06e-13	3.51e-22	3.74e-22
 3.51074e+22	5.03e-13	3.41e-09	1.55e-06	9.04e-05	1.17e-03	5.84e-03	1.92e-01	4.99e-01	3.02e-01	5.03e-13	4.45e-22	4.73e-22
 3.53086e+22	6.65e-13	4.34e-09	1.92e-06	1.09e-04	1.37e-03	6.52e-03	2.03e-01	5.01e-01	2.88e-01	6.65e-13	6.05e-22	6.43e-22
 3.55120e+22	8.25e-13	5.24e-09	2.26e-06	1.26e-04	1.55e-03	7.11e-03	2.12e-01	5.02e-01	2.77e-01	8.25e-13	7.67e-22	8.14e-22
 3.57160e+22	1.08e-12	6.64e-09	2.78e-06	1.51e-04	1.81e-03	7.96e-03	2.25e-01	5.02e-01	2.63e-01	1.08e-12	1.04e-21	1.10e-21
 3.59095e+22	1.30e-12	7.78e-09	3.21e-06	1.71e-04	2.02e-03	8.59e-03	2.34e-01	5.02e-01	2.53e-01	1.30e-12	1.27e-21	1.34e-21
 3.60916e+22	1.65e-12	9.55e-09	3.85e-06	2.02e-04	2.32e-03	9.52e-03	2.46e-01	5.02e-01	2.40e-01	1.65e-12	1.64e-21	1.74e-21
 3.62775e+22	1.98e-12	1.12e-08	4.44e-06	2.30e-04	2.60e-03	1.03e-02	2.56e-01	5.01e-01	2.30e-01	1.98e-12	2.01e-21	2.13e-21
 3.64599e+22	2.45e-12	1.35e-08	5.26e-06	2.68e-04	2.98e-03	1.14e-02	2.68e-01	4.99e-01	2.18e-01	2.45e-12	2.55e-21	2.70e-21
 3.66462e+22	2.93e-12	1.58e-08	6.07e-06	3.06e-04	3.35e-03	1.24e-02	2.79e-01	4.97e-01	2.08e-01	2.93e-12	3.12e-21	3.29e-21
 3.68236e+22	3.51e-12	1.84e-08	7.03e-06	3.51e-04	3.78e-03	1.36e-02	2.91e-01	4.94e-01	1.97e-01	3.51e-12	3.82e-21	4.02e-21
 3.69991e+22	4.12e-12	2.12e-08	8.02e-06	3.98e-04	4.22e-03	1.48e-02	3.02e-01	4.91e-01	1.88e-01	4.12e-12	4.57e-21	4.81e-21
 3.71745e+22	4.84e-12	2.45e-08	9.20e-06	4.54e-04	4.75e-03	1.62e-02	3.15e-01	4.87e-01	1.77e-01	4.84e-12	5.50e-21	5.78e-21
 3.73491e+22	5.59e-12	2.78e-08	1.04e-05	5.11e-04	5.29e-03	1.75e-02	3.26e-01	4.82e-01	1.68e-01	5.59e-12	6.48e-21	6.81e-21
 3.75203e+22	6.43e-12	3.15e-08	1.18e-05	5.76e-04	5.90e-03	1.90e-02	3.38e-01	4.77e-01	1.59e-01	6.43e-12	7.61e-21	7.99e-21
 3.76924e+22	7.32e-12	3.53e-08	1.32e-05	6.46e-04	6.55e-03	2.06e-02	3.50e-01	4.72e-01	1.51e-01	7.32e-12	8.84e-21	9.27e-21
 3.78625e+22	8.26e-12	3.94e-08	1.48e-05	7.22e-04	7.26e-03	2.23e-02	3.61e-01	4.66e-01	1.42e-01	8.26e-12	1.02e-20	1.07e-20
 3.80334e+22	9.27e-12	4.37e-08	1.64e-05	8.05e-04	8.03e-03	2.41e-02	3.73e-01	4.60e-01	1.34e-01	9.27e-12	1.17e-20	1.22e-20
 3.82056e+22	1.03e-11	4.83e-08	1.83e-05	8.97e-04	8.86e-03	2.61e-02	3.85e-01	4.53e-01	1.26e-01	1.03e-11	1.33e-20	1.39e-20
 3.83798e+22	1.15e-11	5.32e-08	2.02e-05	9.97e-04	9.77e-03	2.81e-02	3.96e-01	4.46e-01	1.19e-01	1.15e-11	1.50e-20	1.57e-20
 3.85567e+22	1.26e-11	5.84e-08	2.24e-05	1.11e-03	1.08e-02	3.04e-02	4.08e-01	4.38e-01	1.12e-01	1.26e-11	1.70e-20	1.77e-20
 3.87369e+22	1.39e-11	6.39e-08	2.47e-05	1.23e-03	1.18e-02	3.28e-02	4.20e-01	4.30e-01	1.05e-01	1.39e-11	1.90e-20	1.99e-20
 3.89176e+22	1.52e-11	6.96e-08	2.72e-05	1.36e-03	1.30e-02	3.52e-02	4.31e-01	4.22e-01	9.82e-02	1.52e-11	2.13e-20	2.22e-20
 3.91026e+22	1.66e-11	7.58e-08	3.00e-05	1.51e-03	1.43e-02	3.80e-02	4.42e-01	4.12e-01	9.16e-02	1.66e-11	2.38e-20	2.48e-20
 3.92892e+22	1.80e-11	8.22e-08	3.29e-05	1.67e-03	1.56e-02	4.08e-02	4.53e-01	4.03e-01	8.57e-02	1.80e-11	2.63e-20	2.75e-20
 3.94811e+22	1.95e-11	8.94e-08	3.63e-05	1.85e-03	1.71e-02	4.40e-02	4.64e-01	3.93e-01	7.96e-02	1.95e-11	2.93e-20	3.06e-20
 3.96612e+22	2.08e-11	9.55e-08	3.92e-05	2.01e-03	1.84e-02	4.66e-02	4.73e-01	3.85e-01	7.50e-02	2.08e-11	3.19e-20	3.33e-20
 3.98443e+22	2.25e-11	1.04e-07	4.32e-05	2.23e-03	2.01e-02	5.03e-02	4.83e-01	3.74e-01	6.94e-02	2.25e-11	3.53e-20	3.68e-20
 4.00297e+22	2.41e-11	1.11e-07	4.67e-05	2.42e-03	2.15e-02	5.31e-02	4.91e-01	3.66e-01	6.54e-02	2.41e-11	3.86e-20	4.03e-20
 4.02181e+22	2.59e-11	1.20e-07	5.15e-05	2.68e-03	2.35e-02	5.71e-02	5.01e-01	3.55e-01	6.03e-02	2.59e-11	4.27e-20	4.45e-20
 4.04110e+22	2.78e-11	1.29e-07	5.58e-05	2.91e-03	2.52e-02	6.04e-02	5.09e-01	3.46e-01	5.65e-02	2.78e-11	4.68e-20	4.88e-20
 4.06098e+22	3.01e-11	1.41e-07	6.18e-05	3.24e-03	2.76e-02	6.49e-02	5.18e-01	3.34e-01	5.18e-02	3.01e-11	5.21e-20	5.43e-20
 4.08115e+22	3.22e-11	1.51e-07	6.70e-05	3.52e-03	2.95e-02	6.85e-02	5.25e-01	3.25e-01	4.85e-02	3.22e-11	5.71e-20	5.95e-20
 4.10168e+22	3.49e-11	1.65e-07	7.43e-05	3.92e-03	3.21e-02	7.35e-02	5.33e-01	3.13e-01	4.43e-02	3.49e-11	6.35e-20	6.62e-20
 4.12234e+22	3.75e-11	1.78e-07	8.07e-05	4.26e-03	3.43e-02	7.74e-02	5.39e-01	3.04e-01	4.13e-02	3.75e-11	6.97e-20	7.28e-20
 4.14319e+22	4.08e-11	1.95e-07	8.96e-05	4.74e-03	3.73e-02	8.29e-02	5.46e-01	2.92e-01	3.76e-02	4.08e-11	7.77e-20	8.14e-20
 4.16430e+22	4.40e-11	2.10e-07	9.76e-05	5.15e-03	3.97e-02	8.71e-02	5.50e-01	2.83e-01	3.50e-02	4.40e-11	8.57e-20	8.99e-20
 4.18576e+22	4.80e-11	2.31e-07	1.09e-04	5.74e-03	4.31e-02	9.30e-02	5.56e-01	2.70e-01	3.18e-02	4.80e-11	9.64e-20	1.01e-19
 4.20757e+22	5.21e-11	2.52e-07	1.19e-04	6.24e-03	4.59e-02	9.77e-02	5.60e-01	2.61e-01	2.94e-02	5.21e-11	1.07e-19	1.12e-19
 4.22985e+22	5.74e-11	2.79e-07	1.33e-04	6.96e-03	4.98e-02	1.04e-01	5.64e-01	2.49e-01	2.66e-02	5.74e-11	1.22e-19	1.28e-19
 4.25256e+22	6.27e-11	3.05e-07	1.46e-04	7.60e-03	5.30e-02	1.09e-01	5.66e-01	2.39e-01	2.45e-02	6.27e-11	1.36e-19	1.43e-19
 4.27585e+22	6.98e-11	3.41e-07	1.65e-04	8.50e-03	5.74e-02	1.16e-01	5.69e-01	2.27e-01	2.20e-02	6.98e-11	1.56e-19	1.65e-19
 4.29967e+22	7.70e-11	3.76e-07	1.82e-04	9.30e-03	6.11e-02	1.22e-01	5.70e-01	2.17e-01	2.01e-02	7.70e-11	1.77e-19	1.87e-19
 4.31976e+22	8.40e-11	4.10e-07	1.99e-04	1.01e-02	6.46e-02	1.27e-01	5.70e-01	2.09e-01	1.86e-02	8.40e-11	1.98e-19	2.10e-19
 4.34145e+22	9.33e-11	4.57e-07	2.22e-04	1.11e-02	6.93e-02	1.34e-01	5.70e-01	1.98e-01	1.67e-02	9.33e-11	2.26e-19	2.40e-19
 4.36325e+22	1.03e-10	5.03e-07	2.44e-04	1.20e-02	7.31e-02	1.40e-01	5.69e-01	1.90e-01	1.55e-02	1.03e-10	2.56e-19	2.72e-19
 4.38518e+22	1.16e-10	5.64e-07	2.74e-04	1.33e-02	7.82e-02	1.47e-01	5.68e-01	1.80e-01	1.39e-02	1.16e-10	2.97e-19	3.16e-19
 4.40686e+22	1.28e-10	6.20e-07	3.00e-04	1.44e-02	8.22e-02	1.52e-01	5.66e-01	1.73e-01	1.28e-02	1.28e-10	3.36e-19	3.58e-19
 4.42820e+22	1.45e-10	6.98e-07	3.36e-04	1.58e-02	8.75e-02	1.59e-01	5.63e-01	1.63e-01	1.16e-02	1.45e-10	3.92e-19	4.18e-19
 4.44985e+22	1.61e-10	7.72e-07	3.69e-04	1.71e-02	9.20e-02	1.65e-01	5.59e-01	1.56e-01	1.06e-02	1.61e-10	4.47e-19	4.78e-19
 4.47189e+22	1.85e-10	8.78e-07	4.16e-04	1.88e-02	9.79e-02	1.72e-01	5.55e-01	1.47e-01	9.52e-03	1.85e-10	5.30e-19	5.67e-19
 4.49433e+22	2.08e-10	9.77e-07	4.59e-04	2.04e-02	1.03e-01	1.78e-01	5.50e-01	1.40e-01	8.70e-03	2.08e-10	6.11e-19	6.54e-19
 4.51728e+22	2.42e-10	1.12e-06	5.21e-04	2.25e-02	1.09e-01	1.85e-01	5.44e-01	1.31e-01	7.74e-03	2.42e-10	7.34e-19	7.88e-19
 4.54056e+22	2.75e-10	1.26e-06	5.77e-04	2.44e-02	1.15e-01	1.91e-01	5.38e-01	1.24e-01	7.04e-03	2.75e-10	8.56e-19	9.19e-19
 4.56429e+22	3.24e-10	1.46e-06	6.58e-04	2.70e-02	1.22e-01	1.99e-01	5.29e-01	1.16e-01	6.22e-03	3.24e-10	1.05e-18	1.12e-18
 4.58840e+22	3.73e-10	1.65e-06	7.32e-04	2.92e-02	1.28e-01	2.05e-01	5.22e-01	1.09e-01	5.63e-03	3.73e-10	1.24e-18	1.33e-18
 4.61302e+22	4.45e-10	1.93e-06	8.40e-04	3.24e-02	1.37e-01	2.13e-01	5.12e-01	1.01e-01	4.92e-03	4.45e-10	1.53e-18	1.65e-18
 4.63802e+22	5.20e-10	2.20e-06	9.38e-04	3.51e-02	1.43e-01	2.18e-01	5.03e-01	9.50e-02	4.44e-03	5.20e-10	1.84e-18	1.98e-18
 4.66350e+22	6.29e-10	2.60e-06	1.08e-03	3.90e-02	1.52e-01	2.26e-01	4.91e-01	8.73e-02	3.84e-03	6.29e-10	2.31e-18	2.50e-18
 4.68928e+22	7.41e-10	2.99e-06	1.21e-03	4.23e-02	1.59e-01	2.31e-01	4.80e-01	8.17e-02	3.45e-03	7.41e-10	2.81e-18	3.03e-18
 4.71547e+22	9.11e-10	3.56e-06	1.40e-03	4.69e-02	1.69e-01	2.39e-01	4.66e-01	7.46e-02	2.96e-03	9.11e-10	3.59e-18	3.88e-18
 4.74193e+22	1.08e-09	4.11e-06	1.57e-03	5.08e-02	1.77e-01	2.44e-01	4.55e-01	6.95e-02	2.64e-03	1.08e-09	4.39e-18	4.76e-18
 4.76450e+22	1.27e-09	4.70e-06	1.75e-03	5.47e-02	1.84e-01	2.48e-01	4.44e-01	6.49e-02	2.36e-03	1.27e-09	5.31e-18	5.76e-18
 4.78958e+22	1.56e-09	5.58e-06	2.01e-03	6.01e-02	1.94e-01	2.54e-01	4.29e-01	5.92e-02	2.04e-03	1.56e-09	6.78e-18	7.37e-18
 4.81491e+22	1.86e-09	6.42e-06	2.25e-03	6.48e-02	2.02e-01	2.58e-01	4.17e-01	5.49e-02	1.81e-03	1.86e-09	8.28e-18	9.01e-18
 4.84054e+22	2.30e-09	7.65e-06	2.58e-03	7.10e-02	2.11e-01	2.62e-01	4.01e-01	4.99e-02	1.56e-03	2.30e-09	1.07e-17	1.16e-17
 4.86546e+22	2.72e-09	8.75e-06	2.86e-03	7.60e-02	2.19e-01	2.65e-01	3.89e-01	4.63e-02	1.38e-03	2.72e-09	1.30e-17	1.41e-17
 4.88614e+22	3.19e-09	9.95e-06	3.16e-03	8.11e-02	2.26e-01	2.68e-01	3.77e-01	4.30e-02	1.23e-03	3.19e-09	1.56e-17	1.71e-17
 4.90972e+22	3.91e-09	1.17e-05	3.59e-03	8.79e-02	2.36e-01	2.71e-01	3.62e-01	3.92e-02	1.07e-03	3.91e-09	1.99e-17	2.17e-17
 4.93405e+22	4.66e-09	1.35e-05	3.99e-03	9.41e-02	2.43e-01	2.73e-01	3.49e-01	3.61e-02	9.40e-04	4.66e-09	2.44e-17	2.67e-17
 4.95590e+22	5.54e-09	1.55e-05	4.42e-03	1.00e-01	2.51e-01	2.74e-01	3.36e-01	3.32e-02	8.29e-04	5.54e-09	2.98e-17	3.26e-17
 4.98086e+22	6.90e-09	1.84e-05	5.03e-03	1.09e-01	2.61e-01	2.75e-01	3.20e-01	2.99e-02	7.07e-04	6.90e-09	3.86e-17	4.22e-17
 5.00661e+22	8.35e-09	2.13e-05	5.63e-03	1.16e-01	2.69e-01	2.76e-01	3.06e-01	2.72e-02	6.14e-04	8.35e-09	4.82e-17	5.28e-17
 5.02955e+22	1.00e-08	2.46e-05	6.25e-03	1.24e-01	2.76e-01	2.76e-01	2.92e-01	2.48e-02	5.35e-04	1.00e-08	5.96e-17	6.53e-17
 5.05556e+22	1.26e-08	2.94e-05	7.12e-03	1.34e-01	2.86e-01	2.75e-01	2.76e-01	2.21e-02	4.50e-04	1.26e-08	7.79e-17	8.56e-17
 5.08270e+22	1.55e-08	3.45e-05	7.99e-03	1.43e-01	2.94e-01	2.73e-01	2.61e-01	1.99e-02	3.84e-04	1.55e-08	9.89e-17	1.09e-16
 5.10720e+22	1.88e-08	4.01e-05	8.90e-03	1.53e-01	3.01e-01	2.72e-01	2.48e-01	1.79e-02	3.30e-04	1.88e-08	1.24e-16	1.36e-16
 5.13494e+22	2.40e-08	4.84e-05	1.02e-02	1.65e-01	3.10e-01	2.68e-01	2.31e-01	1.57e-02	2.72e-04	2.40e-08	1.65e-16	1.82e-16
 5.16343e+22	2.96e-08	5.69e-05	1.14e-02	1.76e-01	3.17e-01	2.65e-01	2.17e-01	1.39e-02	2.29e-04	2.96e-08	2.12e-16	2.33e-16
 5.18875e+22	3.62e-08	6.64e-05	1.27e-02	1.86e-01	3.23e-01	2.61e-01	2.04e-01	1.24e-02	1.94e-04	3.62e-08	2.68e-16	2.95e-16
 5.21750e+22	4.67e-08	8.05e-05	1.45e-02	2.00e-01	3.30e-01	2.56e-01	1.88e-01	1.07e-02	1.57e-04	4.67e-08	3.60e-16	3.98e-16
 5.24719e+22	5.81e-08	9.51e-05	1.63e-02	2.13e-01	3.36e-01	2.51e-01	1.74e-01	9.38e-03	1.30e-04	5.81e-08	4.66e-16	5.15e-16
 5.27344e+22	7.13e-08	1.11e-04	1.82e-02	2.25e-01	3.41e-01	2.45e-01	1.62e-01	8.27e-03	1.09e-04	7.13e-08	5.91e-16	6.54e-16
 5.30293e+22	9.22e-08	1.35e-04	2.07e-02	2.40e-01	3.46e-01	2.37e-01	1.48e-01	7.03e-03	8.66e-05	9.22e-08	8.00e-16	8.86e-16
 5.33306e+22	1.15e-07	1.59e-04	2.31e-02	2.54e-01	3.50e-01	2.30e-01	1.36e-01	6.11e-03	7.11e-05	1.15e-07	1.03e-15	1.14e-15
 5.35981e+22	1.41e-07	1.85e-04	2.56e-02	2.67e-01	3.53e-01	2.23e-01	1.26e-01	5.32e-03	5.86e-05	1.41e-07	1.32e-15	1.46e-15
 5.39038e+22	1.83e-07	2.26e-04	2.92e-02	2.84e-01	3.56e-01	2.14e-01	1.13e-01	4.45e-03	4.57e-05	1.83e-07	1.79e-15	1.99e-15
 5.42158e+22	2.29e-07	2.66e-04	3.25e-02	2.98e-01	3.57e-01	2.06e-01	1.03e-01	3.81e-03	3.69e-05	2.29e-07	2.32e-15	2.58e-15
 5.44931e+22	2.83e-07	3.12e-04	3.60e-02	3.12e-01	3.57e-01	1.97e-01	9.40e-02	3.27e-03	2.99e-05	2.83e-07	2.98e-15	3.32e-15
 5.48103e+22	3.69e-07	3.80e-04	4.09e-02	3.29e-01	3.57e-01	1.87e-01	8.33e-02	2.69e-03	2.28e-05	3.69e-07	4.09e-15	4.55e-15
 5.51348e+22	4.62e-07	4.49e-04	4.55e-02	3.44e-01	3.56e-01	1.78e-01	7.50e-02	2.27e-03	1.81e-05	4.62e-07	5.32e-15	5.93e-15
 5.54125e+22	5.64e-07	5.20e-04	4.99e-02	3.56e-01	3.54e-01	1.69e-01	6.81e-02	1.94e-03	1.46e-05	5.64e-07	6.74e-15	7.52e-15
 5.57172e+22	7.24e-07	6.25e-04	5.60e-02	3.72e-01	3.51e-01	1.59e-01	6.01e-02	1.59e-03	1.12e-05	7.24e-07	9.06e-15	1.01e-14
 5.60298e+22	8.92e-07	7.29e-04	6.16e-02	3.85e-01	3.47e-01	1.50e-01	5.40e-02	1.34e-03	8.84e-06	8.92e-07	1.16e-14	1.30e-14
 5.63082e+22	1.09e-06	8.45e-04	6.74e-02	3.98e-01	3.43e-01	1.42e-01	4.85e-02	1.13e-03	7.04e-06	1.09e-06	1.47e-14	1.65e-14
 5.66259e+22	1.41e-06	1.02e-03	7.54e-02	4.13e-01	3.37e-01	1.31e-01	4.22e-02	9.11e-04	5.25e-06	1.41e-06	1.99e-14	2.23e-14
 5.69489e+22	1.73e-06	1.18e-03	8.27e-02	4.24e-01	3.31e-01	1.23e-01	3.75e-02	7.57e-04	4.10e-06	1.73e-06	2.55e-14	2.86e-14
 5.72230e+22	2.09e-06	1.36e-03	8.98e-02	4.35e-01	3.25e-01	1.15e-01	3.36e-02	6.39e-04	3.26e-06	2.09e-06	3.19e-14	3.58e-14
 5.75239e+22	2.63e-06	1.61e-03	9.91e-02	4.47e-01	3.17e-01	1.06e-01	2.93e-02	5.16e-04	2.45e-06	2.63e-06	4.21e-14	4.73e-14
 5.78329e+22	3.19e-06	1.85e-03	1.08e-01	4.56e-01	3.09e-01	9.89e-02	2.60e-02	4.30e-04	1.92e-06	3.19e-06	5.30e-14	5.96e-14
 5.81093e+22	3.85e-06	2.12e-03	1.16e-01	4.64e-01	3.02e-01	9.20e-02	2.31e-02	3.58e-04	1.51e-06	3.85e-06	6.64e-14	7.47e-14
 5.83580e+22	4.49e-06	2.37e-03	1.24e-01	4.71e-01	2.95e-01	8.64e-02	2.09e-02	3.08e-04	1.23e-06	4.49e-06	7.99e-14	8.99e-14
 5.85799e+22	5.18e-06	2.63e-03	1.32e-01	4.76e-01	2.89e-01	8.14e-02	1.90e-02	2.66e-04	1.01e-06	5.18e-06	9.50e-14	1.07e-13
 5.88347e+22	6.21e-06	2.99e-03	1.42e-01	4.82e-01	2.80e-01	7.53e-02	1.68e-02	2.21e-04	7.93e-07	6.21e-06	1.18e-13	1.34e-13
 5.90981e+22	7.30e-06	3.36e-03	1.51e-01	4.88e-01	2.72e-01	7.01e-02	1.50e-02	1.87e-04	6.33e-07	7.30e-06	1.44e-13	1.62e-13
 5.93305e+22	8.44e-06	3.73e-03	1.60e-01	4.91e-01	2.65e-01	6.56e-02	1.36e-02	1.60e-04	5.16e-07	8.44e-06	1.71e-13	1.94e-13
 5.95906e+22	1.02e-05	4.26e-03	1.73e-01	4.95e-01	2.56e-01	6.00e-02	1.19e-02	1.31e-04	3.95e-07	1.02e-05	2.15e-13	2.43e-13
 5.98557e+22	1.18e-05	4.74e-03	1.83e-01	4.98e-01	2.47e-01	5.58e-02	1.06e-02	1.11e-04	3.17e-07	1.18e-05	2.57e-13	2.91e-13
 6.01275e+22	1.43e-05	5.43e-03	1.97e-01	5.00e-01	2.37e-01	5.06e-02	9.20e-03	8.92e-05	2.39e-07	1.43e-05	3.25e-13	3.68e-13
 6.04014e+22	1.65e-05	6.03e-03	2.09e-01	5.01e-01	2.29e-01	4.68e-02	8.20e-03	7.51e-05	1.90e-07	1.65e-05	3.89e-13	4.40e-13
 6.06782e+22	1.99e-05	6.89e-03	2.24e-01	5.02e-01	2.18e-01	4.22e-02	7.06e-03	6.02e-05	1.42e-07	1.99e-05	4.90e-13	5.55e-13
 6.09588e+22	2.31e-05	7.64e-03	2.36e-01	5.01e-01	2.10e-01	3.88e-02	6.26e-03	5.03e-05	0.00e+00	2.31e-05	5.86e-13	6.65e-13
 6.12444e+22	2.79e-05	8.74e-03	2.53e-01	4.99e-01	1.99e-01	3.47e-02	5.35e-03	3.98e-05	0.00e+00	2.79e-05	7.40e-13	8.40e-13
 6.15337e+22	3.22e-05	9.68e-03	2.67e-01	4.96e-01	1.90e-01	3.17e-02	4.71e-03	3.30e-05	0.00e+00	3.22e-05	8.87e-13	1.01e-12
 6.18279e+22	3.92e-05	1.11e-02	2.86e-01	4.92e-01	1.79e-01	2.81e-02	3.98e-03	2.58e-05	0.00e+00	3.92e-05	1.13e-12	1.28e-12
 6.21238e+22	4.53e-05	1.23e-02	3.01e-01	4.87e-01	1.71e-01	2.56e-02	3.49e-03	2.13e-05	0.00e+00	4.53e-05	1.35e-12	1.54e-12
 6.24219e+22	5.48e-05	1.41e-02	3.20e-01	4.80e-01	1.60e-01	2.26e-02	2.95e-03	1.66e-05	0.00e+00	5.48e-05	1.71e-12	1.95e-12
 6.27287e+22	6.39e-05	1.57e-02	3.36e-01	4.74e-01	1.51e-01	2.03e-02	2.55e-03	1.34e-05	0.00e+00	6.39e-05	2.08e-12	2.36e-12
 6.30469e+22	7.79e-05	1.80e-02	3.58e-01	4.64e-01	1.40e-01	1.77e-02	2.11e-03	1.02e-05	0.00e+00	7.79e-05	2.66e-12	3.03e-12
 6.33702e+22	9.06e-05	2.00e-02	3.75e-01	4.55e-01	1.32e-01	1.58e-02	1.82e-03	8.19e-06	0.00e+00	9.06e-05	3.22e-12	3.66e-12
 6.36261e+22	1.02e-04	2.17e-02	3.89e-01	4.48e-01	1.25e-01	1.44e-02	1.61e-03	6.90e-06	0.00e+00	1.02e-04	3.73e-12	4.25e-12
 6.38846e+22	1.19e-04	2.41e-02	4.07e-01	4.37e-01	1.17e-01	1.28e-02	1.38e-03	5.49e-06	0.00e+00	1.19e-04	4.53e-12	5.16e-12
 6.41439e+22	1.33e-04	2.61e-02	4.21e-01	4.29e-01	1.11e-01	1.16e-02	1.22e-03	4.60e-06	0.00e+00	1.33e-04	5.25e-12	5.98e-12
 6.44040e+22	1.54e-04	2.89e-02	4.39e-01	4.17e-01	1.04e-01	1.03e-02	1.04e-03	3.68e-06	0.00e+00	1.54e-04	6.33e-12	7.21e-12
 6.46709e+22	1.74e-04	3.14e-02	4.54e-01	4.07e-01	9.76e-02	9.29e-03	9.12e-04	3.03e-06	0.00e+00	1.74e-04	7.39e-12	8.41e-12
 6.49465e+22	2.03e-04	3.48e-02	4.72e-01	3.94e-01	9.05e-02	8.14e-03	7.70e-04	2.37e-06	0.00e+00	2.03e-04	8.98e-12	1.02e-11
 6.52248e+22	2.28e-04	3.77e-02	4.87e-01	3.83e-01	8.47e-02	7.30e-03	6.70e-04	1.95e-06	0.00e+00	2.28e-04	1.05e-11	1.19e-11
 6.55065e+22	2.66e-04	4.19e-02	5.05e-01	3.68e-01	7.78e-02	6.33e-03	5.60e-04	1.50e-06	0.00e+00	2.66e-04	1.28e-11	1.45e-11
 6.57892e+22	2.98e-04	4.52e-02	5.19e-01	3.56e-01	7.27e-02	5.66e-03	4.86e-04	1.23e-06	0.00e+00	2.98e-04	1.48e-11	1.68e-11
 6.60731e+22	3.45e-04	4.99e-02	5.37e-01	3.41e-01	6.66e-02	4.90e-03	4.05e-04	9.51e-07	0.00e+00	3.45e-04	1.80e-11	2.04e-11
 6.63649e+22	3.88e-04	5.40e-02	5.51e-01	3.28e-01	6.17e-02	4.33e-03	3.48e-04	7.66e-07	0.00e+00	3.88e-04	2.10e-11	2.37e-11
 6.66670e+22	4.53e-04	5.99e-02	5.68e-01	3.12e-01	5.58e-02	3.69e-03	2.85e-04	5.77e-07	0.00e+00	4.53e-04	2.57e-11	2.91e-11
 6.69715e+22	5.06e-04	6.44e-02	5.81e-01	2.99e-01	5.15e-02	3.25e-03	2.44e-04	4.63e-07	0.00e+00	5.06e-04	2.98e-11	3.37e-11
 6.72018e+22	5.46e-04	6.77e-02	5.91e-01	2.89e-01	4.86e-02	2.97e-03	2.18e-04	3.95e-07	0.00e+00	5.46e-04	3.31e-11	3.74e-11
 6.73924e+22	5.89e-04	7.12e-02	5.99e-01	2.81e-01	4.59e-02	2.72e-03	1.96e-04	3.39e-07	0.00e+00	5.89e-04	3.67e-11	4.14e-11
 6.76089e+22	6.53e-04	7.62e-02	6.09e-01	2.69e-01	4.26e-02	2.42e-03	1.69e-04	2.77e-07	0.00e+00	6.53e-04	4.22e-11	4.75e-11
 6.78903e+22	7.48e-04	8.32e-02	6.22e-01	2.53e-01	3.86e-02	2.06e-03	1.40e-04	2.12e-07	0.00e+00	7.48e-04	5.06e-11	5.68e-11
 6.81487e+22	8.03e-04	8.71e-02	6.30e-01	2.44e-01	3.61e-02	1.87e-03	1.24e-04	1.79e-07	0.00e+00	8.03e-04	5.59e-11	6.27e-11
 6.83425e+22	8.63e-04	9.13e-02	6.36e-01	2.36e-01	3.40e-02	1.71e-03	1.11e-04	1.53e-07	0.00e+00	8.63e-04	6.18e-11	6.92e-11
 6.85062e+22	9.09e-04	9.43e-02	6.41e-01	2.29e-01	3.25e-02	1.59e-03	1.02e-04	1.36e-07	0.00e+00	9.09e-04	6.64e-11	7.42e-11
 6.86657e+22	9.77e-04	9.88e-02	6.47e-01	2.21e-01	3.06e-02	1.45e-03	9.15e-05	0.00e+00	0.00e+00	9.77e-04	7.32e-11	8.18e-11
 6.88730e+22	1.07e-03	1.05e-01	6.54e-01	2.10e-01	2.84e-02	1.29e-03	7.93e-05	0.00e+00	0.00e+00	1.07e-03	8.33e-11	9.28e-11
 6.91426e+22	1.22e-03	1.14e-01	6.62e-01	1.97e-01	2.55e-02	1.10e-03	6.53e-05	0.00e+00	0.00e+00	1.22e-03	9.88e-11	1.10e-10
 6.94039e+22	1.31e-03	1.19e-01	6.67e-01	1.88e-01	2.37e-02	9.81e-04	5.73e-05	0.00e+00	0.00e+00	1.31e-03	1.10e-10	1.22e-10
 6.96546e+22	1.46e-03	1.27e-01	6.73e-01	1.76e-01	2.15e-02	8.43e-04	4.79e-05	0.00e+00	0.00e+00	1.46e-03	1.28e-10	1.41e-10
 6.99804e+22	1.69e-03	1.40e-01	6.79e-01	1.60e-01	1.88e-02	6.89e-04	3.78e-05	0.00e+00	0.00e+00	1.69e-03	1.56e-10	1.72e-10
 7.03099e+22	1.87e-03	1.48e-01	6.83e-01	1.49e-01	1.70e-02	5.89e-04	3.15e-05	0.00e+00	0.00e+00	1.87e-03	1.80e-10	1.98e-10
 7.06444e+22	2.16e-03	1.62e-01	6.85e-01	1.35e-01	1.48e-02	4.77e-04	2.47e-05	0.00e+00	0.00e+00	2.16e-03	2.19e-10	2.41e-10
 7.10017e+22	2.43e-03	1.74e-01	6.87e-01	1.23e-01	1.30e-02	3.93e-04	1.97e-05	0.00e+00	0.00e+00	2.43e-03	2.60e-10	2.84e-10
