#depth	Ne	Ne+	Ne+2	Ne+3	Ne+4	Ne+5	Ne+6	Ne+7	Ne+8	Ne+9	Ne+10
 4.62852e+21	0.00e+00	0.00e+00	9.07e-33	5.82e-27	8.65e-22	3.58e-17	6.76e-13	4.73e-09	1.00e-05	3.33e-03	9.97e-01
 1.02251e+22	0.00e+00	0.00e+00	2.88e-30	8.04e-25	5.21e-20	9.66e-16	8.36e-12	2.93e-08	3.57e-05	6.54e-03	9.93e-01
 1.15489e+22	0.00e+00	1.87e-35	2.29e-29	4.67e-24	2.23e-19	3.05e-15	1.97e-11	5.39e-08	5.52e-05	8.39e-03	9.92e-01
 1.20824e+22	0.00e+00	6.10e-35	6.39e-29	1.11e-23	4.55e-19	5.33e-15	2.98e-11	7.18e-08	6.82e-05	9.50e-03	9.90e-01
 1.23167e+22	0.00e+00	8.87e-35	8.83e-29	1.46e-23	5.70e-19	6.35e-15	3.38e-11	7.85e-08	7.28e-05	9.88e-03	9.90e-01
 1.24377e+22	0.00e+00	1.35e-34	1.27e-28	2.00e-23	7.34e-19	7.74e-15	3.91e-11	8.68e-08	7.84e-05	1.03e-02	9.90e-01
 1.25619e+22	0.00e+00	2.01e-34	1.79e-28	2.66e-23	9.28e-19	9.28e-15	4.46e-11	9.50e-08	8.39e-05	1.08e-02	9.89e-01
 1.26858e+22	0.00e+00	3.05e-34	2.57e-28	3.61e-23	1.19e-18	1.13e-14	5.13e-11	1.05e-07	9.01e-05	1.13e-02	9.89e-01
 1.28117e+22	0.00e+00	4.56e-34	3.64e-28	4.84e-23	1.51e-18	1.36e-14	5.86e-11	1.15e-07	9.65e-05	1.18e-02	9.88e-01
 1.29330e+22	0.00e+00	6.71e-34	5.08e-28	6.41e-23	1.90e-18	1.62e-14	6.66e-11	1.25e-07	1.03e-04	1.22e-02	9.88e-01
 1.30563e+22	0.00e+00	1.01e-33	7.26e-28	8.65e-23	2.42e-18	1.95e-14	7.62e-11	1.37e-07	1.10e-04	1.28e-02	9.87e-01
 1.31813e+22	0.00e+00	1.51e-33	1.02e-27	1.15e-22	3.06e-18	2.34e-14	8.65e-11	1.49e-07	1.18e-04	1.33e-02	9.87e-01
 1.32987e+22	0.00e+00	2.16e-33	1.40e-27	1.50e-22	3.78e-18	2.75e-14	9.72e-11	1.61e-07	1.25e-04	1.39e-02	9.86e-01
 1.34182e+22	0.00e+00	3.25e-33	1.98e-27	2.01e-22	4.80e-18	3.30e-14	1.11e-10	1.75e-07	1.34e-04	1.45e-02	9.85e-01
 1.35395e+22	0.00e+00	4.71e-33	2.73e-27	2.63e-22	5.96e-18	3.90e-14	1.24e-10	1.89e-07	1.42e-04	1.51e-02	9.85e-01
 1.36604e+22	0.00e+00	7.04e-33	3.86e-27	3.51e-22	7.54e-18	4.66e-14	1.41e-10	2.04e-07	1.51e-04	1.57e-02	9.84e-01
 1.37832e+22	0.00e+00	1.03e-32	5.36e-27	4.62e-22	9.41e-18	5.52e-14	1.58e-10	2.20e-07	1.61e-04	1.64e-02	9.83e-01
 1.39004e+22	0.00e+00	1.49e-32	7.34e-27	6.01e-22	1.16e-17	6.49e-14	1.77e-10	2.37e-07	1.70e-04	1.70e-02	9.83e-01
 1.40203e+22	0.00e+00	2.21e-32	1.03e-26	7.98e-22	1.46e-17	7.71e-14	1.99e-10	2.55e-07	1.81e-04	1.78e-02	9.82e-01
 1.41419e+22	0.00e+00	3.22e-32	1.42e-26	1.04e-21	1.81e-17	9.08e-14	2.23e-10	2.73e-07	1.91e-04	1.85e-02	9.81e-01
 1.42580e+22	0.00e+00	4.62e-32	1.94e-26	1.35e-21	2.23e-17	1.06e-13	2.48e-10	2.92e-07	2.02e-04	1.92e-02	9.81e-01
 1.43770e+22	0.00e+00	6.83e-32	2.71e-26	1.79e-21	2.79e-17	1.26e-13	2.78e-10	3.13e-07	2.14e-04	2.00e-02	9.80e-01
 1.44971e+22	0.00e+00	9.85e-32	3.72e-26	2.33e-21	3.45e-17	1.47e-13	3.09e-10	3.34e-07	2.26e-04	2.08e-02	9.79e-01
 1.46168e+22	0.00e+00	1.45e-31	5.18e-26	3.07e-21	4.30e-17	1.74e-13	3.45e-10	3.56e-07	2.40e-04	2.17e-02	9.78e-01
 1.47381e+22	0.00e+00	2.12e-31	7.16e-26	4.01e-21	5.33e-17	2.04e-13	3.84e-10	3.79e-07	2.53e-04	2.26e-02	9.77e-01
 1.48589e+22	0.00e+00	3.11e-31	9.95e-26	5.27e-21	6.63e-17	2.40e-13	4.28e-10	4.04e-07	2.67e-04	2.35e-02	9.76e-01
 1.49789e+22	0.00e+00	4.51e-31	1.37e-25	6.87e-21	8.18e-17	2.81e-13	4.75e-10	4.28e-07	2.82e-04	2.45e-02	9.75e-01
 1.50983e+22	0.00e+00	6.62e-31	1.90e-25	9.01e-21	1.02e-16	3.30e-13	5.27e-10	4.55e-07	2.98e-04	2.55e-02	9.74e-01
 1.52185e+22	0.00e+00	9.64e-31	2.62e-25	1.18e-20	1.26e-16	3.87e-13	5.85e-10	4.82e-07	3.14e-04	2.65e-02	9.73e-01
 1.53380e+22	0.00e+00	1.41e-30	3.62e-25	1.54e-20	1.56e-16	4.53e-13	6.48e-10	5.10e-07	3.31e-04	2.76e-02	9.72e-01
 1.54576e+22	0.00e+00	2.06e-30	5.01e-25	2.01e-20	1.93e-16	5.31e-13	7.18e-10	5.39e-07	3.49e-04	2.87e-02	9.71e-01
 1.55766e+22	0.00e+00	3.01e-30	6.93e-25	2.63e-20	2.39e-16	6.22e-13	7.95e-10	5.69e-07	3.68e-04	2.98e-02	9.70e-01
 1.56949e+22	0.00e+00	4.39e-30	9.56e-25	3.44e-20	2.95e-16	7.28e-13	8.80e-10	6.00e-07	3.87e-04	3.10e-02	9.69e-01
 1.58125e+22	0.00e+00	6.40e-30	1.32e-24	4.49e-20	3.65e-16	8.51e-13	9.73e-10	6.33e-07	4.08e-04	3.23e-02	9.67e-01
 1.59295e+22	0.00e+00	9.32e-30	1.82e-24	5.86e-20	4.51e-16	9.96e-13	1.08e-09	6.67e-07	4.30e-04	3.35e-02	9.66e-01
 1.60458e+22	0.00e+00	1.36e-29	2.51e-24	7.64e-20	5.57e-16	1.16e-12	1.19e-09	7.02e-07	4.53e-04	3.48e-02	9.65e-01
 1.61615e+22	1.44e-35	1.98e-29	3.46e-24	9.98e-20	6.89e-16	1.36e-12	1.31e-09	7.40e-07	4.77e-04	3.62e-02	9.63e-01
 1.62766e+22	2.21e-35	2.88e-29	4.78e-24	1.30e-19	8.52e-16	1.60e-12	1.45e-09	7.79e-07	5.03e-04	3.76e-02	9.62e-01
 1.63909e+22	3.40e-35	4.20e-29	6.59e-24	1.70e-19	1.05e-15	1.87e-12	1.61e-09	8.20e-07	5.30e-04	3.91e-02	9.60e-01
 1.65046e+22	5.23e-35	6.12e-29	9.09e-24	2.22e-19	1.31e-15	2.19e-12	1.78e-09	8.65e-07	5.59e-04	4.06e-02	9.59e-01
 1.66180e+22	8.04e-35	8.92e-29	1.26e-23	2.91e-19	1.62e-15	2.57e-12	1.98e-09	9.12e-07	5.89e-04	4.21e-02	9.57e-01
 1.67312e+22	1.24e-34	1.30e-28	1.74e-23	3.81e-19	2.01e-15	3.02e-12	2.19e-09	9.63e-07	6.22e-04	4.37e-02	9.56e-01
 1.68444e+22	1.91e-34	1.91e-28	2.41e-23	5.00e-19	2.50e-15	3.56e-12	2.44e-09	1.02e-06	6.57e-04	4.53e-02	9.54e-01
 1.69575e+22	2.95e-34	2.79e-28	3.34e-23	6.57e-19	3.12e-15	4.20e-12	2.72e-09	1.08e-06	6.95e-04	4.70e-02	9.52e-01
 1.70709e+22	4.56e-34	4.10e-28	4.65e-23	8.66e-19	3.90e-15	4.97e-12	3.04e-09	1.15e-06	7.36e-04	4.88e-02	9.50e-01
 1.71849e+22	7.08e-34	6.03e-28	6.48e-23	1.14e-18	4.88e-15	5.90e-12	3.40e-09	1.22e-06	7.79e-04	5.06e-02	9.49e-01
 1.72996e+22	1.10e-33	8.90e-28	9.06e-23	1.51e-18	6.13e-15	7.02e-12	3.82e-09	1.30e-06	8.27e-04	5.25e-02	9.47e-01
 1.74155e+22	1.72e-33	1.32e-27	1.27e-22	2.01e-18	7.73e-15	8.38e-12	4.31e-09	1.39e-06	8.78e-04	5.44e-02	9.45e-01
 1.75327e+22	2.69e-33	1.96e-27	1.79e-22	2.68e-18	9.78e-15	1.00e-11	4.87e-09	1.49e-06	9.34e-04	5.65e-02	9.43e-01
 1.76514e+22	4.23e-33	2.92e-27	2.53e-22	3.59e-18	1.24e-14	1.21e-11	5.52e-09	1.60e-06	9.94e-04	5.86e-02	9.40e-01
 1.77721e+22	6.68e-33	4.37e-27	3.59e-22	4.83e-18	1.58e-14	1.46e-11	6.29e-09	1.73e-06	1.06e-03	6.08e-02	9.38e-01
 1.78951e+22	1.06e-32	6.58e-27	5.11e-22	6.52e-18	2.03e-14	1.76e-11	7.19e-09	1.88e-06	1.13e-03	6.30e-02	9.36e-01
 1.80208e+22	1.69e-32	9.96e-27	7.32e-22	8.85e-18	2.61e-14	2.15e-11	8.25e-09	2.04e-06	1.21e-03	6.54e-02	9.33e-01
 1.81439e+22	2.60e-32	1.46e-26	1.02e-21	1.17e-17	3.29e-14	2.58e-11	9.40e-09	2.21e-06	1.29e-03	6.77e-02	9.31e-01
 1.82707e+22	4.20e-32	2.23e-26	1.48e-21	1.61e-17	4.28e-14	3.17e-11	1.09e-08	2.43e-06	1.38e-03	7.03e-02	9.28e-01
 1.83994e+22	6.46e-32	3.27e-26	2.06e-21	2.14e-17	5.43e-14	3.83e-11	1.25e-08	2.65e-06	1.48e-03	7.27e-02	9.26e-01
 1.85324e+22	1.06e-31	5.08e-26	3.03e-21	2.97e-17	7.14e-14	4.76e-11	1.46e-08	2.93e-06	1.59e-03	7.55e-02	9.23e-01
 1.86676e+22	1.63e-31	7.46e-26	4.24e-21	3.96e-17	9.08e-14	5.77e-11	1.68e-08	3.20e-06	1.70e-03	7.81e-02	9.20e-01
 1.88077e+22	2.70e-31	1.17e-25	6.29e-21	5.56e-17	1.21e-13	7.24e-11	1.98e-08	3.57e-06	1.83e-03	8.12e-02	9.17e-01
 1.89505e+22	4.18e-31	1.73e-25	8.84e-21	7.44e-17	1.54e-13	8.81e-11	2.28e-08	3.93e-06	1.96e-03	8.40e-02	9.14e-01
 1.90987e+22	7.05e-31	2.76e-25	1.33e-20	1.06e-16	2.07e-13	1.12e-10	2.72e-08	4.42e-06	2.13e-03	8.75e-02	9.10e-01
 1.92462e+22	1.07e-30	3.99e-25	1.84e-20	1.40e-16	2.63e-13	1.35e-10	3.14e-08	4.85e-06	2.27e-03	9.03e-02	9.07e-01
 1.93972e+22	1.81e-30	6.39e-25	2.78e-20	2.00e-16	3.55e-13	1.73e-10	3.76e-08	5.49e-06	2.46e-03	9.40e-02	9.04e-01
 1.95509e+22	2.74e-30	9.27e-25	3.86e-20	2.65e-16	4.50e-13	2.09e-10	4.34e-08	6.05e-06	2.63e-03	9.71e-02	9.00e-01
 1.97080e+22	4.65e-30	1.49e-24	5.86e-20	3.81e-16	6.11e-13	2.68e-10	5.22e-08	6.86e-06	2.86e-03	1.01e-01	8.96e-01
 1.98655e+22	6.96e-30	2.14e-24	8.06e-20	5.01e-16	7.72e-13	3.24e-10	6.02e-08	7.57e-06	3.06e-03	1.04e-01	8.93e-01
 2.00237e+22	1.18e-29	3.42e-24	1.22e-19	7.17e-16	1.05e-12	4.15e-10	7.25e-08	8.60e-06	3.32e-03	1.08e-01	8.88e-01
 2.01849e+22	1.76e-29	4.92e-24	1.68e-19	9.46e-16	1.32e-12	5.03e-10	8.38e-08	9.51e-06	3.55e-03	1.12e-01	8.85e-01
 2.03502e+22	3.04e-29	8.01e-24	2.58e-19	1.37e-15	1.82e-12	6.50e-10	1.02e-07	1.09e-05	3.87e-03	1.17e-01	8.80e-01
 2.05140e+22	4.43e-29	1.12e-23	3.47e-19	1.78e-15	2.26e-12	7.79e-10	1.17e-07	1.20e-05	4.12e-03	1.20e-01	8.76e-01
 2.06760e+22	7.47e-29	1.80e-23	5.25e-19	2.55e-15	3.07e-12	1.00e-09	1.41e-07	1.36e-05	4.48e-03	1.25e-01	8.71e-01
 2.08402e+22	1.10e-28	2.54e-23	7.13e-19	3.32e-15	3.85e-12	1.20e-09	1.62e-07	1.50e-05	4.77e-03	1.28e-01	8.67e-01
 2.10075e+22	1.85e-28	4.06e-23	1.08e-18	4.76e-15	5.23e-12	1.54e-09	1.96e-07	1.72e-05	5.19e-03	1.34e-01	8.61e-01
 2.11771e+22	2.78e-28	5.84e-23	1.49e-18	6.29e-15	6.64e-12	1.88e-09	2.27e-07	1.90e-05	5.54e-03	1.38e-01	8.57e-01
 2.13496e+22	4.74e-28	9.45e-23	2.27e-18	9.09e-15	9.08e-12	2.43e-09	2.76e-07	2.18e-05	6.04e-03	1.43e-01	8.51e-01
 2.15251e+22	7.22e-28	1.38e-22	3.17e-18	1.22e-14	1.16e-11	2.97e-09	3.22e-07	2.43e-05	6.47e-03	1.48e-01	8.46e-01
 2.17045e+22	1.26e-27	2.27e-22	4.93e-18	1.78e-14	1.61e-11	3.88e-09	3.94e-07	2.80e-05	7.07e-03	1.54e-01	8.39e-01
 2.18794e+22	1.87e-27	3.24e-22	6.75e-18	2.34e-14	2.04e-11	4.70e-09	4.56e-07	3.10e-05	7.54e-03	1.58e-01	8.34e-01
 2.20243e+22	2.77e-27	4.62e-22	9.21e-18	3.07e-14	2.56e-11	5.67e-09	5.26e-07	3.42e-05	8.03e-03	1.63e-01	8.29e-01
 2.21672e+22	4.10e-27	6.57e-22	1.26e-17	4.02e-14	3.23e-11	6.85e-09	6.07e-07	3.78e-05	8.54e-03	1.67e-01	8.24e-01
 2.23314e+22	6.86e-27	1.04e-21	1.89e-17	5.74e-14	4.37e-11	8.77e-09	7.32e-07	4.31e-05	9.27e-03	1.74e-01	8.17e-01
 2.24943e+22	1.01e-26	1.48e-21	2.58e-17	7.51e-14	5.49e-11	1.06e-08	8.44e-07	4.76e-05	9.86e-03	1.78e-01	8.12e-01
 2.26254e+22	1.42e-26	2.01e-21	3.37e-17	9.48e-14	6.70e-11	1.24e-08	9.54e-07	5.18e-05	1.04e-02	1.83e-01	8.07e-01
 2.27659e+22	2.25e-26	3.04e-21	4.85e-17	1.30e-13	8.75e-11	1.55e-08	1.13e-06	5.82e-05	1.12e-02	1.88e-01	8.00e-01
 2.28954e+22	2.99e-26	3.93e-21	6.08e-17	1.58e-13	1.03e-10	1.77e-08	1.25e-06	6.25e-05	1.17e-02	1.92e-01	7.96e-01
 2.30107e+22	4.44e-26	5.60e-21	8.31e-17	2.07e-13	1.30e-10	2.14e-08	1.44e-06	6.90e-05	1.24e-02	1.97e-01	7.90e-01
 2.31222e+22	5.73e-26	7.05e-21	1.02e-16	2.47e-13	1.51e-10	2.42e-08	1.58e-06	7.36e-05	1.29e-02	2.01e-01	7.86e-01
 2.32287e+22	8.16e-26	9.69e-21	1.35e-16	3.15e-13	1.86e-10	2.86e-08	1.79e-06	8.04e-05	1.36e-02	2.05e-01	7.81e-01
 2.33376e+22	1.09e-25	1.26e-20	1.70e-16	3.85e-13	2.20e-10	3.28e-08	1.99e-06	8.64e-05	1.43e-02	2.09e-01	7.76e-01
 2.34319e+22	1.44e-25	1.61e-20	2.11e-16	4.65e-13	2.59e-10	3.74e-08	2.19e-06	9.25e-05	1.49e-02	2.13e-01	7.72e-01
 2.35370e+22	2.10e-25	2.26e-20	2.84e-16	6.01e-13	3.21e-10	4.47e-08	2.51e-06	1.01e-04	1.57e-02	2.18e-01	7.66e-01
 2.36398e+22	2.70e-25	2.84e-20	3.47e-16	7.14e-13	3.72e-10	5.04e-08	2.74e-06	1.08e-04	1.64e-02	2.22e-01	7.62e-01
 2.37398e+22	3.92e-25	3.97e-20	4.66e-16	9.21e-13	4.62e-10	6.00e-08	3.13e-06	1.18e-04	1.73e-02	2.27e-01	7.55e-01
 2.38396e+22	5.03e-25	4.97e-20	5.67e-16	1.09e-12	5.34e-10	6.75e-08	3.42e-06	1.26e-04	1.80e-02	2.31e-01	7.51e-01
 2.39391e+22	7.43e-25	7.06e-20	7.71e-16	1.42e-12	6.68e-10	8.09e-08	3.92e-06	1.38e-04	1.90e-02	2.36e-01	7.45e-01
 2.40325e+22	9.34e-25	8.67e-20	9.24e-16	1.66e-12	7.62e-10	9.01e-08	4.25e-06	1.46e-04	1.97e-02	2.40e-01	7.40e-01
 2.41180e+22	1.30e-24	1.17e-19	1.20e-15	2.08e-12	9.22e-10	1.05e-07	4.77e-06	1.58e-04	2.06e-02	2.45e-01	7.35e-01
 2.42051e+22	1.65e-24	1.45e-19	1.45e-15	2.45e-12	1.06e-09	1.18e-07	5.19e-06	1.68e-04	2.14e-02	2.48e-01	7.30e-01
 2.42945e+22	2.39e-24	2.01e-19	1.93e-15	3.14e-12	1.30e-09	1.39e-07	5.90e-06	1.83e-04	2.26e-02	2.54e-01	7.24e-01
 2.43827e+22	3.05e-24	2.51e-19	2.35e-15	3.72e-12	1.50e-09	1.56e-07	6.43e-06	1.94e-04	2.34e-02	2.57e-01	7.19e-01
 2.44696e+22	4.40e-24	3.48e-19	3.12e-15	4.75e-12	1.85e-09	1.85e-07	7.29e-06	2.12e-04	2.46e-02	2.63e-01	7.12e-01
 2.45570e+22	5.69e-24	4.39e-19	3.83e-15	5.66e-12	2.14e-09	2.08e-07	7.98e-06	2.25e-04	2.56e-02	2.67e-01	7.07e-01
 2.46453e+22	8.34e-24	6.19e-19	5.16e-15	7.31e-12	2.66e-09	2.48e-07	9.10e-06	2.47e-04	2.70e-02	2.73e-01	7.00e-01
 2.47338e+22	1.09e-23	7.88e-19	6.38e-15	8.77e-12	3.10e-09	2.81e-07	9.99e-06	2.63e-04	2.81e-02	2.77e-01	6.95e-01
 2.48226e+22	1.60e-23	1.11e-18	8.60e-15	1.13e-11	3.84e-09	3.35e-07	1.14e-05	2.88e-04	2.96e-02	2.83e-01	6.87e-01
 2.49100e+22	2.13e-23	1.43e-18	1.07e-14	1.37e-11	4.51e-09	3.81e-07	1.26e-05	3.08e-04	3.09e-02	2.87e-01	6.82e-01
 2.49958e+22	3.11e-23	2.02e-18	1.45e-14	1.77e-11	5.59e-09	4.54e-07	1.43e-05	3.37e-04	3.26e-02	2.93e-01	6.74e-01
 2.50823e+22	4.21e-23	2.64e-18	1.83e-14	2.16e-11	6.62e-09	5.21e-07	1.59e-05	3.61e-04	3.40e-02	2.98e-01	6.68e-01
 2.51700e+22	6.29e-23	3.78e-18	2.50e-14	2.83e-11	8.29e-09	6.25e-07	1.82e-05	3.97e-04	3.59e-02	3.04e-01	6.59e-01
 2.52546e+22	8.36e-23	4.88e-18	3.12e-14	3.41e-11	9.73e-09	7.12e-07	2.01e-05	4.24e-04	3.74e-02	3.09e-01	6.53e-01
 2.53352e+22	1.22e-22	6.87e-18	4.20e-14	4.40e-11	1.20e-08	8.47e-07	2.29e-05	4.64e-04	3.95e-02	3.15e-01	6.45e-01
 2.54163e+22	1.64e-22	8.95e-18	5.29e-14	5.35e-11	1.42e-08	9.69e-07	2.53e-05	4.97e-04	4.11e-02	3.20e-01	6.38e-01
 2.54980e+22	2.42e-22	1.26e-17	7.14e-14	6.92e-11	1.76e-08	1.15e-06	2.89e-05	5.44e-04	4.34e-02	3.26e-01	6.30e-01
 2.55807e+22	3.26e-22	1.65e-17	9.00e-14	8.43e-11	2.08e-08	1.32e-06	3.21e-05	5.84e-04	4.53e-02	3.31e-01	6.23e-01
 2.56648e+22	4.81e-22	2.34e-17	1.22e-13	1.09e-10	2.59e-08	1.58e-06	3.68e-05	6.41e-04	4.78e-02	3.38e-01	6.14e-01
 2.57509e+22	6.58e-22	3.10e-17	1.55e-13	1.34e-10	3.08e-08	1.83e-06	4.10e-05	6.90e-04	5.00e-02	3.43e-01	6.06e-01
 2.58272e+22	8.93e-22	4.07e-17	1.97e-13	1.64e-10	3.65e-08	2.10e-06	4.56e-05	7.43e-04	5.22e-02	3.48e-01	5.99e-01
 2.59112e+22	1.30e-21	5.69e-17	2.64e-13	2.11e-10	4.51e-08	2.50e-06	5.20e-05	8.12e-04	5.50e-02	3.55e-01	5.89e-01
 2.59961e+22	1.76e-21	7.49e-17	3.35e-13	2.58e-10	5.35e-08	2.88e-06	5.80e-05	8.75e-04	5.75e-02	3.60e-01	5.82e-01
 2.60810e+22	2.54e-21	1.04e-16	4.45e-13	3.29e-10	6.57e-08	3.41e-06	6.61e-05	9.56e-04	6.06e-02	3.66e-01	5.72e-01
 2.61674e+22	3.47e-21	1.37e-16	5.66e-13	4.04e-10	7.82e-08	3.94e-06	7.39e-05	1.03e-03	6.33e-02	3.72e-01	5.64e-01
 2.62539e+22	4.94e-21	1.88e-16	7.46e-13	5.11e-10	9.55e-08	4.65e-06	8.39e-05	1.13e-03	6.66e-02	3.78e-01	5.54e-01
 2.63417e+22	6.74e-21	2.48e-16	9.50e-13	6.28e-10	1.14e-07	5.39e-06	9.40e-05	1.22e-03	6.97e-02	3.83e-01	5.46e-01
 2.64299e+22	9.45e-21	3.36e-16	1.24e-12	7.86e-10	1.38e-07	6.32e-06	1.06e-04	1.32e-03	7.32e-02	3.89e-01	5.36e-01
 2.65179e+22	1.26e-20	4.36e-16	1.55e-12	9.54e-10	1.63e-07	7.26e-06	1.18e-04	1.42e-03	7.64e-02	3.94e-01	5.28e-01
 2.66085e+22	1.78e-20	5.93e-16	2.03e-12	1.20e-09	1.98e-07	8.55e-06	1.35e-04	1.55e-03	8.04e-02	4.00e-01	5.18e-01
 2.67003e+22	2.36e-20	7.64e-16	2.53e-12	1.45e-09	2.33e-07	9.80e-06	1.50e-04	1.67e-03	8.38e-02	4.05e-01	5.09e-01
 2.67941e+22	3.29e-20	1.03e-15	3.28e-12	1.81e-09	2.82e-07	1.15e-05	1.70e-04	1.82e-03	8.80e-02	4.11e-01	4.99e-01
 2.68904e+22	4.37e-20	1.33e-15	4.10e-12	2.19e-09	3.32e-07	1.32e-05	1.89e-04	1.96e-03	9.18e-02	4.16e-01	4.90e-01
 2.69896e+22	6.05e-20	1.78e-15	5.30e-12	2.73e-09	4.02e-07	1.55e-05	2.14e-04	2.13e-03	9.64e-02	4.22e-01	4.80e-01
 2.70917e+22	8.01e-20	2.29e-15	6.61e-12	3.30e-09	4.74e-07	1.78e-05	2.39e-04	2.30e-03	1.01e-01	4.26e-01	4.70e-01
 2.71977e+22	1.11e-19	3.08e-15	8.56e-12	4.13e-09	5.74e-07	2.10e-05	2.72e-04	2.51e-03	1.06e-01	4.32e-01	4.60e-01
 2.73067e+22	1.47e-19	3.95e-15	1.07e-11	4.99e-09	6.77e-07	2.41e-05	3.03e-04	2.70e-03	1.10e-01	4.36e-01	4.50e-01
 2.74199e+22	2.02e-19	5.29e-15	1.38e-11	6.21e-09	8.19e-07	2.84e-05	3.44e-04	2.95e-03	1.16e-01	4.41e-01	4.39e-01
 2.75365e+22	2.66e-19	6.76e-15	1.71e-11	7.49e-09	9.63e-07	3.26e-05	3.84e-04	3.18e-03	1.21e-01	4.46e-01	4.30e-01
 2.76600e+22	3.71e-19	9.14e-15	2.23e-11	9.43e-09	1.18e-06	3.86e-05	4.39e-04	3.48e-03	1.27e-01	4.51e-01	4.18e-01
 2.77842e+22	4.81e-19	1.16e-14	2.75e-11	1.13e-08	1.37e-06	4.41e-05	4.87e-04	3.74e-03	1.32e-01	4.55e-01	4.09e-01
 2.79106e+22	6.65e-19	1.55e-14	3.56e-11	1.41e-08	1.67e-06	5.21e-05	5.56e-04	4.09e-03	1.39e-01	4.59e-01	3.97e-01
 2.80400e+22	8.59e-19	1.95e-14	4.37e-11	1.69e-08	1.95e-06	5.94e-05	6.17e-04	4.39e-03	1.44e-01	4.62e-01	3.88e-01
 2.81520e+22	1.08e-18	2.41e-14	5.26e-11	1.98e-08	2.25e-06	6.69e-05	6.78e-04	4.68e-03	1.50e-01	4.65e-01	3.80e-01
 2.82763e+22	1.45e-18	3.15e-14	6.68e-11	2.43e-08	2.69e-06	7.81e-05	7.66e-04	5.09e-03	1.57e-01	4.69e-01	3.69e-01
 2.84015e+22	1.82e-18	3.86e-14	7.99e-11	2.85e-08	3.08e-06	8.77e-05	8.39e-04	5.42e-03	1.62e-01	4.71e-01	3.60e-01
 2.85281e+22	2.42e-18	5.01e-14	1.01e-10	3.48e-08	3.68e-06	1.02e-04	9.46e-04	5.88e-03	1.69e-01	4.74e-01	3.49e-01
 2.86569e+22	3.01e-18	6.11e-14	1.20e-10	4.06e-08	4.21e-06	1.14e-04	1.04e-03	6.25e-03	1.75e-01	4.76e-01	3.41e-01
 2.87709e+22	3.74e-18	7.43e-14	1.43e-10	4.73e-08	4.81e-06	1.28e-04	1.13e-03	6.64e-03	1.81e-01	4.78e-01	3.33e-01
 2.89014e+22	4.89e-18	9.49e-14	1.78e-10	5.72e-08	5.68e-06	1.47e-04	1.27e-03	7.17e-03	1.88e-01	4.80e-01	3.23e-01
 2.90327e+22	6.03e-18	1.15e-13	2.12e-10	6.63e-08	6.47e-06	1.65e-04	1.38e-03	7.61e-03	1.94e-01	4.82e-01	3.15e-01
 2.91653e+22	7.90e-18	1.47e-13	2.64e-10	8.04e-08	7.66e-06	1.90e-04	1.55e-03	8.22e-03	2.02e-01	4.83e-01	3.05e-01
 2.92980e+22	9.61e-18	1.76e-13	3.09e-10	9.24e-08	8.65e-06	2.11e-04	1.68e-03	8.69e-03	2.08e-01	4.84e-01	2.97e-01
 2.94310e+22	1.25e-17	2.23e-13	3.82e-10	1.11e-07	1.02e-05	2.42e-04	1.88e-03	9.36e-03	2.16e-01	4.85e-01	2.87e-01
 2.95664e+22	1.52e-17	2.67e-13	4.49e-10	1.28e-07	1.15e-05	2.69e-04	2.04e-03	9.89e-03	2.22e-01	4.86e-01	2.80e-01
 2.97050e+22	1.96e-17	3.38e-13	5.55e-10	1.54e-07	1.35e-05	3.09e-04	2.27e-03	1.07e-02	2.30e-01	4.86e-01	2.70e-01
 2.98462e+22	2.39e-17	4.05e-13	6.53e-10	1.77e-07	1.53e-05	3.43e-04	2.47e-03	1.13e-02	2.37e-01	4.86e-01	2.63e-01
 2.99698e+22	2.90e-17	4.82e-13	7.64e-10	2.03e-07	1.73e-05	3.80e-04	2.67e-03	1.19e-02	2.44e-01	4.86e-01	2.56e-01
 3.01097e+22	3.70e-17	6.04e-13	9.35e-10	2.42e-07	2.02e-05	4.33e-04	2.97e-03	1.27e-02	2.52e-01	4.85e-01	2.47e-01
 3.02492e+22	4.42e-17	7.10e-13	1.08e-09	2.75e-07	2.25e-05	4.75e-04	3.19e-03	1.34e-02	2.58e-01	4.85e-01	2.40e-01
 3.03883e+22	5.61e-17	8.84e-13	1.32e-09	3.27e-07	2.62e-05	5.40e-04	3.53e-03	1.43e-02	2.67e-01	4.83e-01	2.31e-01
 3.05293e+22	6.70e-17	1.04e-12	1.52e-09	3.71e-07	2.92e-05	5.93e-04	3.79e-03	1.50e-02	2.73e-01	4.82e-01	2.25e-01
 3.06728e+22	8.44e-17	1.29e-12	1.84e-09	4.39e-07	3.38e-05	6.71e-04	4.18e-03	1.60e-02	2.82e-01	4.81e-01	2.17e-01
 3.08213e+22	1.02e-16	1.53e-12	2.15e-09	5.03e-07	3.81e-05	7.40e-04	4.51e-03	1.69e-02	2.89e-01	4.79e-01	2.10e-01
 3.09760e+22	1.30e-16	1.92e-12	2.64e-09	6.00e-07	4.44e-05	8.43e-04	5.00e-03	1.81e-02	2.98e-01	4.76e-01	2.02e-01
 3.11333e+22	1.58e-16	2.28e-12	3.08e-09	6.87e-07	5.00e-05	9.31e-04	5.39e-03	1.90e-02	3.05e-01	4.74e-01	1.95e-01
 3.12938e+22	2.01e-16	2.85e-12	3.77e-09	8.18e-07	5.82e-05	1.06e-03	5.96e-03	2.03e-02	3.14e-01	4.71e-01	1.87e-01
 3.14598e+22	2.46e-16	3.43e-12	4.44e-09	9.45e-07	6.59e-05	1.17e-03	6.45e-03	2.14e-02	3.22e-01	4.68e-01	1.81e-01
 3.16330e+22	3.17e-16	4.33e-12	5.48e-09	1.13e-06	7.73e-05	1.34e-03	7.16e-03	2.29e-02	3.32e-01	4.64e-01	1.72e-01
 3.18118e+22	3.91e-16	5.25e-12	6.52e-09	1.32e-06	8.80e-05	1.49e-03	7.77e-03	2.41e-02	3.40e-01	4.61e-01	1.66e-01
 3.19980e+22	5.11e-16	6.72e-12	8.14e-09	1.60e-06	1.04e-04	1.72e-03	8.66e-03	2.59e-02	3.50e-01	4.56e-01	1.57e-01
 3.21846e+22	6.28e-16	8.12e-12	9.64e-09	1.85e-06	1.18e-04	1.91e-03	9.38e-03	2.73e-02	3.58e-01	4.52e-01	1.51e-01
 3.23720e+22	8.16e-16	1.03e-11	1.20e-08	2.24e-06	1.39e-04	2.19e-03	1.04e-02	2.92e-02	3.68e-01	4.46e-01	1.43e-01
 3.25671e+22	1.02e-15	1.27e-11	1.44e-08	2.62e-06	1.59e-04	2.44e-03	1.13e-02	3.08e-02	3.77e-01	4.41e-01	1.37e-01
 3.27722e+22	1.35e-15	1.64e-11	1.82e-08	3.22e-06	1.90e-04	2.84e-03	1.27e-02	3.32e-02	3.88e-01	4.34e-01	1.29e-01
 3.29773e+22	1.68e-15	2.00e-11	2.17e-08	3.75e-06	2.17e-04	3.16e-03	1.38e-02	3.50e-02	3.96e-01	4.28e-01	1.23e-01
 3.31824e+22	2.21e-15	2.58e-11	2.73e-08	4.59e-06	2.59e-04	3.66e-03	1.54e-02	3.76e-02	4.07e-01	4.20e-01	1.15e-01
 3.33904e+22	2.74e-15	3.15e-11	3.27e-08	5.37e-06	2.96e-04	4.10e-03	1.68e-02	3.97e-02	4.16e-01	4.14e-01	1.10e-01
 3.35658e+22	3.32e-15	3.76e-11	3.84e-08	6.18e-06	3.35e-04	4.54e-03	1.82e-02	4.17e-02	4.23e-01	4.08e-01	1.05e-01
 3.37573e+22	4.24e-15	4.73e-11	4.72e-08	7.42e-06	3.93e-04	5.19e-03	2.01e-02	4.45e-02	4.33e-01	3.99e-01	9.79e-02
 3.39477e+22	5.10e-15	5.61e-11	5.52e-08	8.50e-06	4.42e-04	5.73e-03	2.17e-02	4.66e-02	4.40e-01	3.92e-01	9.32e-02
 3.41364e+22	6.43e-15	6.97e-11	6.73e-08	1.01e-05	5.17e-04	6.54e-03	2.40e-02	4.97e-02	4.49e-01	3.83e-01	8.70e-02
 3.43270e+22	7.70e-15	8.25e-11	7.86e-08	1.16e-05	5.82e-04	7.22e-03	2.59e-02	5.21e-02	4.56e-01	3.76e-01	8.24e-02
 3.45199e+22	9.63e-15	1.02e-10	9.57e-08	1.38e-05	6.80e-04	8.25e-03	2.87e-02	5.56e-02	4.65e-01	3.65e-01	7.64e-02
 3.47140e+22	1.14e-14	1.20e-10	1.11e-07	1.58e-05	7.66e-04	9.13e-03	3.10e-02	5.83e-02	4.72e-01	3.57e-01	7.21e-02
 3.49094e+22	1.41e-14	1.47e-10	1.35e-07	1.87e-05	8.94e-04	1.04e-02	3.43e-02	6.22e-02	4.80e-01	3.46e-01	6.65e-02
 3.51074e+22	1.66e-14	1.72e-10	1.56e-07	2.14e-05	1.01e-03	1.15e-02	3.72e-02	6.54e-02	4.86e-01	3.37e-01	6.23e-02
 3.53086e+22	2.02e-14	2.08e-10	1.88e-07	2.53e-05	1.18e-03	1.32e-02	4.12e-02	6.98e-02	4.93e-01	3.24e-01	5.70e-02
 3.55120e+22	2.34e-14	2.41e-10	2.17e-07	2.88e-05	1.32e-03	1.46e-02	4.46e-02	7.34e-02	4.99e-01	3.14e-01	5.30e-02
 3.57160e+22	2.78e-14	2.86e-10	2.57e-07	3.39e-05	1.54e-03	1.67e-02	4.94e-02	7.82e-02	5.05e-01	3.01e-01	4.81e-02
 3.59095e+22	3.11e-14	3.21e-10	2.89e-07	3.77e-05	1.70e-03	1.83e-02	5.29e-02	8.17e-02	5.08e-01	2.92e-01	4.50e-02
 3.60916e+22	3.53e-14	3.68e-10	3.33e-07	4.32e-05	1.94e-03	2.05e-02	5.78e-02	8.64e-02	5.12e-01	2.80e-01	4.10e-02
 3.62775e+22	3.89e-14	4.09e-10	3.73e-07	4.80e-05	2.14e-03	2.24e-02	6.20e-02	9.03e-02	5.15e-01	2.70e-01	3.80e-02
 3.64599e+22	4.27e-14	4.57e-10	4.22e-07	5.42e-05	2.42e-03	2.50e-02	6.74e-02	9.53e-02	5.18e-01	2.58e-01	3.45e-02
 3.66462e+22	4.60e-14	5.01e-10	4.68e-07	6.01e-05	2.68e-03	2.74e-02	7.23e-02	9.97e-02	5.19e-01	2.47e-01	3.17e-02
 3.68236e+22	4.88e-14	5.44e-10	5.18e-07	6.67e-05	2.97e-03	3.01e-02	7.78e-02	1.05e-01	5.20e-01	2.36e-01	2.89e-02
 3.69991e+22	5.15e-14	5.87e-10	5.69e-07	7.33e-05	3.26e-03	3.27e-02	8.30e-02	1.09e-01	5.19e-01	2.26e-01	2.65e-02
 3.71745e+22	5.35e-14	6.28e-10	6.23e-07	8.08e-05	3.60e-03	3.58e-02	8.88e-02	1.14e-01	5.19e-01	2.15e-01	2.41e-02
 3.73491e+22	5.53e-14	6.68e-10	6.78e-07	8.83e-05	3.94e-03	3.88e-02	9.43e-02	1.18e-01	5.17e-01	2.05e-01	2.20e-02
 3.75203e+22	5.65e-14	7.06e-10	7.36e-07	9.66e-05	4.32e-03	4.22e-02	1.00e-01	1.23e-01	5.15e-01	1.95e-01	2.00e-02
 3.76924e+22	5.72e-14	7.42e-10	7.96e-07	1.05e-04	4.72e-03	4.56e-02	1.06e-01	1.28e-01	5.12e-01	1.86e-01	1.82e-02
 3.78625e+22	5.77e-14	7.78e-10	8.59e-07	1.15e-04	5.15e-03	4.92e-02	1.12e-01	1.33e-01	5.08e-01	1.76e-01	1.65e-02
 3.80334e+22	5.78e-14	8.13e-10	9.28e-07	1.25e-04	5.62e-03	5.31e-02	1.18e-01	1.37e-01	5.03e-01	1.67e-01	1.50e-02
 3.82056e+22	5.78e-14	8.50e-10	1.00e-06	1.36e-04	6.13e-03	5.71e-02	1.25e-01	1.42e-01	4.98e-01	1.58e-01	1.36e-02
 3.83798e+22	5.77e-14	8.89e-10	1.08e-06	1.49e-04	6.69e-03	6.15e-02	1.31e-01	1.47e-01	4.92e-01	1.49e-01	1.23e-02
 3.85567e+22	5.75e-14	9.31e-10	1.18e-06	1.63e-04	7.31e-03	6.61e-02	1.37e-01	1.51e-01	4.86e-01	1.41e-01	1.10e-02
 3.87369e+22	5.74e-14	9.77e-10	1.28e-06	1.79e-04	8.00e-03	7.11e-02	1.44e-01	1.56e-01	4.78e-01	1.32e-01	9.93e-03
 3.89176e+22	5.74e-14	1.03e-09	1.40e-06	1.97e-04	8.73e-03	7.63e-02	1.51e-01	1.60e-01	4.71e-01	1.24e-01	8.93e-03
 3.91026e+22	5.75e-14	1.09e-09	1.54e-06	2.18e-04	9.59e-03	8.21e-02	1.57e-01	1.65e-01	4.62e-01	1.16e-01	7.97e-03
 3.92892e+22	5.79e-14	1.16e-09	1.69e-06	2.41e-04	1.05e-02	8.78e-02	1.64e-01	1.69e-01	4.53e-01	1.09e-01	7.15e-03
 3.94811e+22	5.87e-14	1.24e-09	1.89e-06	2.69e-04	1.16e-02	9.45e-02	1.71e-01	1.73e-01	4.42e-01	1.01e-01	6.34e-03
 3.96612e+22	5.96e-14	1.32e-09	2.06e-06	2.94e-04	1.25e-02	1.00e-01	1.76e-01	1.76e-01	4.33e-01	9.57e-02	5.76e-03
 3.98443e+22	6.08e-14	1.43e-09	2.32e-06	3.32e-04	1.38e-02	1.08e-01	1.83e-01	1.80e-01	4.22e-01	8.85e-02	5.07e-03
 4.00297e+22	6.32e-14	1.54e-09	2.56e-06	3.65e-04	1.50e-02	1.14e-01	1.89e-01	1.82e-01	4.12e-01	8.34e-02	4.60e-03
 4.02181e+22	6.55e-14	1.69e-09	2.92e-06	4.14e-04	1.66e-02	1.22e-01	1.96e-01	1.85e-01	3.99e-01	7.68e-02	4.03e-03
 4.04110e+22	6.89e-14	1.85e-09	3.26e-06	4.59e-04	1.80e-02	1.29e-01	2.01e-01	1.87e-01	3.89e-01	7.19e-02	3.63e-03
 4.06098e+22	7.33e-14	2.08e-09	3.77e-06	5.25e-04	2.00e-02	1.39e-01	2.08e-01	1.90e-01	3.75e-01	6.58e-02	3.16e-03
 4.08115e+22	7.82e-14	2.30e-09	4.25e-06	5.85e-04	2.18e-02	1.47e-01	2.13e-01	1.91e-01	3.63e-01	6.13e-02	2.83e-03
 4.10168e+22	8.48e-14	2.63e-09	4.98e-06	6.74e-04	2.43e-02	1.57e-01	2.19e-01	1.92e-01	3.48e-01	5.58e-02	2.44e-03
 4.12234e+22	9.20e-14	2.94e-09	5.64e-06	7.53e-04	2.64e-02	1.66e-01	2.24e-01	1.93e-01	3.37e-01	5.18e-02	2.19e-03
 4.14319e+22	1.02e-13	3.41e-09	6.66e-06	8.70e-04	2.94e-02	1.77e-01	2.29e-01	1.94e-01	3.21e-01	4.69e-02	1.88e-03
 4.16430e+22	1.13e-13	3.86e-09	7.61e-06	9.75e-04	3.19e-02	1.86e-01	2.33e-01	1.93e-01	3.09e-01	4.33e-02	1.67e-03
 4.18576e+22	1.28e-13	4.55e-09	9.07e-06	1.13e-03	3.55e-02	1.99e-01	2.38e-01	1.93e-01	2.93e-01	3.90e-02	1.42e-03
 4.20757e+22	1.44e-13	5.23e-09	1.04e-05	1.27e-03	3.86e-02	2.09e-01	2.42e-01	1.92e-01	2.81e-01	3.58e-02	1.26e-03
 4.22985e+22	1.69e-13	6.27e-09	1.26e-05	1.48e-03	4.30e-02	2.22e-01	2.46e-01	1.90e-01	2.65e-01	3.20e-02	1.06e-03
 4.25256e+22	1.93e-13	7.29e-09	1.46e-05	1.67e-03	4.67e-02	2.33e-01	2.48e-01	1.88e-01	2.52e-01	2.92e-02	9.31e-04
 4.27585e+22	2.32e-13	8.91e-09	1.77e-05	1.95e-03	5.20e-02	2.47e-01	2.51e-01	1.85e-01	2.35e-01	2.58e-02	7.79e-04
 4.29967e+22	2.73e-13	1.05e-08	2.07e-05	2.21e-03	5.66e-02	2.59e-01	2.53e-01	1.82e-01	2.23e-01	2.34e-02	6.75e-04
 4.31976e+22	3.16e-13	1.22e-08	2.38e-05	2.47e-03	6.09e-02	2.69e-01	2.54e-01	1.79e-01	2.12e-01	2.13e-02	5.94e-04
 4.34145e+22	3.83e-13	1.48e-08	2.86e-05	2.85e-03	6.69e-02	2.83e-01	2.55e-01	1.75e-01	1.97e-01	1.89e-02	4.99e-04
 4.36325e+22	4.49e-13	1.73e-08	3.29e-05	3.16e-03	7.17e-02	2.93e-01	2.56e-01	1.72e-01	1.87e-01	1.72e-02	4.39e-04
 4.38518e+22	5.54e-13	2.12e-08	3.95e-05	3.64e-03	7.85e-02	3.06e-01	2.55e-01	1.67e-01	1.74e-01	1.52e-02	3.67e-04
 4.40686e+22	6.51e-13	2.46e-08	4.51e-05	4.03e-03	8.37e-02	3.16e-01	2.55e-01	1.63e-01	1.64e-01	1.38e-02	3.23e-04
 4.42820e+22	8.06e-13	3.01e-08	5.38e-05	4.59e-03	9.10e-02	3.28e-01	2.53e-01	1.58e-01	1.52e-01	1.22e-02	2.71e-04
 4.44985e+22	9.58e-13	3.52e-08	6.17e-05	5.08e-03	9.69e-02	3.38e-01	2.52e-01	1.54e-01	1.43e-01	1.10e-02	2.36e-04
 4.47189e+22	1.20e-12	4.33e-08	7.36e-05	5.79e-03	1.05e-01	3.50e-01	2.49e-01	1.48e-01	1.32e-01	9.67e-03	1.97e-04
 4.49433e+22	1.45e-12	5.11e-08	8.49e-05	6.42e-03	1.12e-01	3.59e-01	2.47e-01	1.43e-01	1.23e-01	8.68e-03	1.70e-04
 4.51728e+22	1.84e-12	6.33e-08	1.02e-04	7.31e-03	1.21e-01	3.71e-01	2.43e-01	1.37e-01	1.13e-01	7.53e-03	1.40e-04
 4.54056e+22	2.24e-12	7.52e-08	1.17e-04	8.11e-03	1.29e-01	3.80e-01	2.40e-01	1.32e-01	1.05e-01	6.72e-03	1.20e-04
 4.56429e+22	2.90e-12	9.38e-08	1.41e-04	9.24e-03	1.39e-01	3.90e-01	2.35e-01	1.25e-01	9.49e-02	5.78e-03	9.80e-05
 4.58840e+22	3.55e-12	1.12e-07	1.63e-04	1.02e-02	1.47e-01	3.98e-01	2.31e-01	1.20e-01	8.77e-02	5.12e-03	8.33e-05
 4.61302e+22	4.65e-12	1.41e-07	1.97e-04	1.17e-02	1.59e-01	4.08e-01	2.25e-01	1.13e-01	7.88e-02	4.35e-03	6.70e-05
 4.63802e+22	5.73e-12	1.68e-07	2.28e-04	1.29e-02	1.68e-01	4.14e-01	2.20e-01	1.08e-01	7.25e-02	3.83e-03	5.67e-05
 4.66350e+22	7.60e-12	2.13e-07	2.76e-04	1.47e-02	1.81e-01	4.22e-01	2.13e-01	1.01e-01	6.45e-02	3.22e-03	4.50e-05
 4.68928e+22	9.41e-12	2.55e-07	3.19e-04	1.63e-02	1.91e-01	4.28e-01	2.07e-01	9.58e-02	5.90e-02	2.82e-03	3.77e-05
 4.71547e+22	1.26e-11	3.25e-07	3.86e-04	1.85e-02	2.04e-01	4.34e-01	2.00e-01	8.90e-02	5.22e-02	2.35e-03	2.96e-05
 4.74193e+22	1.56e-11	3.89e-07	4.46e-04	2.04e-02	2.15e-01	4.37e-01	1.93e-01	8.39e-02	4.75e-02	2.04e-03	2.47e-05
 4.76450e+22	1.92e-11	4.62e-07	5.10e-04	2.23e-02	2.25e-01	4.40e-01	1.87e-01	7.93e-02	4.33e-02	1.78e-03	2.07e-05
 4.78958e+22	2.51e-11	5.75e-07	6.07e-04	2.50e-02	2.38e-01	4.43e-01	1.80e-01	7.35e-02	3.83e-02	1.49e-03	1.64e-05
 4.81491e+22	3.10e-11	6.85e-07	6.95e-04	2.73e-02	2.49e-01	4.44e-01	1.73e-01	6.91e-02	3.47e-02	1.30e-03	1.36e-05
 4.84054e+22	4.03e-11	8.49e-07	8.22e-04	3.05e-02	2.63e-01	4.45e-01	1.65e-01	6.38e-02	3.07e-02	1.08e-03	1.08e-05
 4.86546e+22	4.92e-11	9.99e-07	9.33e-04	3.30e-02	2.73e-01	4.45e-01	1.59e-01	6.00e-02	2.79e-02	9.43e-04	9.01e-06
 4.88614e+22	5.98e-11	1.17e-06	1.05e-03	3.57e-02	2.83e-01	4.44e-01	1.53e-01	5.64e-02	2.53e-02	8.23e-04	7.56e-06
 4.90972e+22	7.59e-11	1.42e-06	1.22e-03	3.93e-02	2.96e-01	4.42e-01	1.46e-01	5.22e-02	2.25e-02	6.95e-04	6.07e-06
 4.93405e+22	9.32e-11	1.67e-06	1.39e-03	4.25e-02	3.06e-01	4.40e-01	1.40e-01	4.87e-02	2.03e-02	5.99e-04	5.01e-06
 4.95590e+22	1.14e-10	1.97e-06	1.57e-03	4.60e-02	3.17e-01	4.37e-01	1.34e-01	4.55e-02	1.83e-02	5.17e-04	4.15e-06
 4.98086e+22	1.46e-10	2.40e-06	1.83e-03	5.05e-02	3.30e-01	4.33e-01	1.27e-01	4.17e-02	1.61e-02	4.31e-04	3.28e-06
 5.00661e+22	1.81e-10	2.86e-06	2.09e-03	5.48e-02	3.41e-01	4.29e-01	1.20e-01	3.86e-02	1.43e-02	3.66e-04	2.66e-06
 5.02955e+22	2.22e-10	3.37e-06	2.37e-03	5.91e-02	3.51e-01	4.24e-01	1.14e-01	3.58e-02	1.28e-02	3.13e-04	2.17e-06
 5.05556e+22	2.85e-10	4.12e-06	2.76e-03	6.48e-02	3.64e-01	4.17e-01	1.07e-01	3.26e-02	1.11e-02	2.57e-04	1.69e-06
 5.08270e+22	3.58e-10	4.94e-06	3.17e-03	7.04e-02	3.75e-01	4.10e-01	1.01e-01	2.98e-02	9.78e-03	2.15e-04	1.35e-06
 5.10720e+22	4.42e-10	5.85e-06	3.60e-03	7.59e-02	3.86e-01	4.03e-01	9.53e-02	2.74e-02	8.66e-03	1.81e-04	1.08e-06
 5.13494e+22	5.76e-10	7.22e-06	4.22e-03	8.33e-02	3.98e-01	3.94e-01	8.84e-02	2.46e-02	7.41e-03	1.46e-04	8.24e-07
 5.16343e+22	7.24e-10	8.67e-06	4.83e-03	9.01e-02	4.09e-01	3.85e-01	8.26e-02	2.24e-02	6.45e-03	1.21e-04	6.46e-07
 5.18875e+22	8.98e-10	1.03e-05	5.49e-03	9.70e-02	4.18e-01	3.76e-01	7.74e-02	2.04e-02	5.66e-03	1.01e-04	5.13e-07
 5.21750e+22	1.17e-09	1.27e-05	6.43e-03	1.06e-01	4.29e-01	3.64e-01	7.11e-02	1.82e-02	4.79e-03	7.98e-05	3.83e-07
 5.24719e+22	1.48e-09	1.53e-05	7.38e-03	1.15e-01	4.38e-01	3.53e-01	6.59e-02	1.64e-02	4.12e-03	6.50e-05	2.96e-07
 5.27344e+22	1.84e-09	1.82e-05	8.37e-03	1.23e-01	4.46e-01	3.43e-01	6.13e-02	1.48e-02	3.58e-03	5.36e-05	2.32e-07
 5.30293e+22	2.41e-09	2.24e-05	9.79e-03	1.34e-01	4.55e-01	3.29e-01	5.58e-02	1.31e-02	3.00e-03	4.20e-05	1.70e-07
 5.33306e+22	3.03e-09	2.69e-05	1.12e-02	1.44e-01	4.62e-01	3.17e-01	5.14e-02	1.17e-02	2.56e-03	3.40e-05	1.30e-07
 5.35981e+22	3.77e-09	3.19e-05	1.27e-02	1.54e-01	4.68e-01	3.06e-01	4.74e-02	1.05e-02	2.21e-03	2.77e-05	0.00e+00
 5.39038e+22	4.95e-09	3.95e-05	1.48e-02	1.67e-01	4.74e-01	2.91e-01	4.27e-02	9.16e-03	1.82e-03	2.13e-05	0.00e+00
 5.42158e+22	6.24e-09	4.73e-05	1.69e-02	1.79e-01	4.78e-01	2.78e-01	3.89e-02	8.13e-03	1.54e-03	1.70e-05	0.00e+00
 5.44931e+22	7.78e-09	5.62e-05	1.91e-02	1.90e-01	4.81e-01	2.66e-01	3.55e-02	7.23e-03	1.31e-03	1.36e-05	0.00e+00
 5.48103e+22	1.02e-08	6.97e-05	2.23e-02	2.06e-01	4.83e-01	2.50e-01	3.16e-02	6.22e-03	1.06e-03	1.03e-05	0.00e+00
 5.51348e+22	1.30e-08	8.36e-05	2.55e-02	2.19e-01	4.84e-01	2.37e-01	2.85e-02	5.45e-03	8.85e-04	8.06e-06	0.00e+00
 5.54125e+22	1.59e-08	9.81e-05	2.86e-02	2.31e-01	4.84e-01	2.25e-01	2.59e-02	4.83e-03	7.51e-04	6.46e-06	0.00e+00
 5.57172e+22	2.06e-08	1.20e-04	3.29e-02	2.47e-01	4.82e-01	2.10e-01	2.30e-02	4.15e-03	6.10e-04	4.89e-06	0.00e+00
 5.60298e+22	2.56e-08	1.41e-04	3.70e-02	2.61e-01	4.79e-01	1.98e-01	2.07e-02	3.64e-03	5.09e-04	3.84e-06	0.00e+00
 5.63082e+22	3.15e-08	1.66e-04	4.15e-02	2.75e-01	4.75e-01	1.86e-01	1.86e-02	3.19e-03	4.27e-04	3.04e-06	0.00e+00
 5.66259e+22	4.08e-08	2.03e-04	4.77e-02	2.92e-01	4.69e-01	1.72e-01	1.63e-02	2.70e-03	3.40e-04	2.25e-06	0.00e+00
 5.69489e+22	5.06e-08	2.39e-04	5.35e-02	3.06e-01	4.63e-01	1.60e-01	1.45e-02	2.34e-03	2.81e-04	1.74e-06	0.00e+00
 5.72230e+22	6.15e-08	2.77e-04	5.93e-02	3.19e-01	4.56e-01	1.50e-01	1.30e-02	2.05e-03	2.35e-04	1.37e-06	0.00e+00
 5.75239e+22	7.77e-08	3.31e-04	6.71e-02	3.35e-01	4.46e-01	1.38e-01	1.14e-02	1.74e-03	1.88e-04	1.03e-06	0.00e+00
 5.78329e+22	9.48e-08	3.85e-04	7.44e-02	3.49e-01	4.37e-01	1.28e-01	1.01e-02	1.51e-03	1.55e-04	7.96e-07	0.00e+00
 5.81093e+22	1.15e-07	4.46e-04	8.22e-02	3.61e-01	4.27e-01	1.19e-01	8.99e-03	1.30e-03	1.28e-04	6.20e-07	0.00e+00
 5.83580e+22	1.35e-07	5.02e-04	8.91e-02	3.72e-01	4.18e-01	1.11e-01	8.14e-03	1.15e-03	1.09e-04	5.02e-07	0.00e+00
 5.85799e+22	1.56e-07	5.61e-04	9.60e-02	3.81e-01	4.09e-01	1.04e-01	7.40e-03	1.03e-03	9.40e-05	4.11e-07	0.00e+00
 5.88347e+22	1.87e-07	6.44e-04	1.05e-01	3.93e-01	3.98e-01	9.62e-02	6.56e-03	8.89e-04	7.75e-05	3.19e-07	0.00e+00
 5.90981e+22	2.21e-07	7.29e-04	1.14e-01	4.03e-01	3.87e-01	8.91e-02	5.86e-03	7.75e-04	6.48e-05	2.53e-07	0.00e+00
 5.93305e+22	2.56e-07	8.14e-04	1.23e-01	4.11e-01	3.76e-01	8.30e-02	5.28e-03	6.84e-04	5.50e-05	2.04e-07	0.00e+00
 5.95906e+22	3.09e-07	9.37e-04	1.35e-01	4.21e-01	3.62e-01	7.56e-02	4.61e-03	5.81e-04	4.45e-05	1.55e-07	0.00e+00
 5.98557e+22	3.59e-07	1.05e-03	1.45e-01	4.29e-01	3.50e-01	6.98e-02	4.12e-03	5.07e-04	3.73e-05	0.00e+00	0.00e+00
 6.01275e+22	4.35e-07	1.21e-03	1.59e-01	4.38e-01	3.35e-01	6.29e-02	3.56e-03	4.25e-04	2.97e-05	0.00e+00	0.00e+00
 6.04014e+22	5.05e-07	1.35e-03	1.71e-01	4.45e-01	3.22e-01	5.78e-02	3.16e-03	3.69e-04	2.47e-05	0.00e+00	0.00e+00
 6.06782e+22	6.10e-07	1.55e-03	1.86e-01	4.52e-01	3.06e-01	5.17e-02	2.71e-03	3.07e-04	1.96e-05	0.00e+00	0.00e+00
 6.09588e+22	7.08e-07	1.73e-03	1.99e-01	4.56e-01	2.93e-01	4.72e-02	2.39e-03	2.64e-04	1.61e-05	0.00e+00	0.00e+00
 6.12444e+22	8.54e-07	1.98e-03	2.17e-01	4.61e-01	2.76e-01	4.18e-02	2.03e-03	2.17e-04	1.26e-05	0.00e+00	0.00e+00
 6.15337e+22	9.90e-07	2.21e-03	2.32e-01	4.64e-01	2.63e-01	3.79e-02	1.78e-03	1.85e-04	1.03e-05	0.00e+00	0.00e+00
 6.18279e+22	1.20e-06	2.53e-03	2.52e-01	4.66e-01	2.45e-01	3.32e-02	1.49e-03	1.50e-04	7.89e-06	0.00e+00	0.00e+00
 6.21238e+22	1.39e-06	2.81e-03	2.68e-01	4.66e-01	2.32e-01	2.98e-02	1.30e-03	1.27e-04	6.41e-06	0.00e+00	0.00e+00
 6.24219e+22	1.66e-06	3.20e-03	2.89e-01	4.65e-01	2.15e-01	2.60e-02	1.08e-03	1.02e-04	4.91e-06	0.00e+00	0.00e+00
 6.27287e+22	1.94e-06	3.57e-03	3.07e-01	4.63e-01	2.02e-01	2.31e-02	9.29e-04	8.50e-05	3.90e-06	0.00e+00	0.00e+00
 6.30469e+22	2.35e-06	4.07e-03	3.31e-01	4.59e-01	1.85e-01	1.98e-02	7.62e-04	6.70e-05	2.90e-06	0.00e+00	0.00e+00
 6.33702e+22	2.73e-06	4.52e-03	3.51e-01	4.55e-01	1.72e-01	1.74e-02	6.48e-04	5.51e-05	2.29e-06	0.00e+00	0.00e+00
 6.36261e+22	3.06e-06	4.90e-03	3.66e-01	4.50e-01	1.62e-01	1.57e-02	5.70e-04	4.73e-05	1.90e-06	0.00e+00	0.00e+00
 6.38846e+22	3.55e-06	5.42e-03	3.87e-01	4.44e-01	1.50e-01	1.37e-02	4.82e-04	3.87e-05	1.48e-06	0.00e+00	0.00e+00
 6.41439e+22	3.97e-06	5.86e-03	4.03e-01	4.38e-01	1.40e-01	1.24e-02	4.22e-04	3.30e-05	1.22e-06	0.00e+00	0.00e+00
 6.44040e+22	4.56e-06	6.44e-03	4.23e-01	4.30e-01	1.29e-01	1.08e-02	3.57e-04	2.70e-05	9.57e-07	0.00e+00	0.00e+00
 6.46709e+22	5.14e-06	6.98e-03	4.41e-01	4.22e-01	1.20e-01	9.60e-03	3.09e-04	2.26e-05	7.74e-07	0.00e+00	0.00e+00
 6.49465e+22	5.93e-06	7.69e-03	4.62e-01	4.12e-01	1.10e-01	8.27e-03	2.58e-04	1.82e-05	5.95e-07	0.00e+00	0.00e+00
 6.52248e+22	6.67e-06	8.32e-03	4.80e-01	4.03e-01	1.02e-01	7.32e-03	2.22e-04	1.52e-05	4.79e-07	0.00e+00	0.00e+00
 6.55065e+22	7.72e-06	9.16e-03	5.02e-01	3.90e-01	9.19e-02	6.24e-03	1.83e-04	1.20e-05	3.62e-07	0.00e+00	0.00e+00
 6.57892e+22	8.65e-06	9.87e-03	5.19e-01	3.81e-01	8.48e-02	5.50e-03	1.57e-04	9.99e-06	2.91e-07	0.00e+00	0.00e+00
 6.60731e+22	9.94e-06	1.08e-02	5.41e-01	3.67e-01	7.64e-02	4.68e-03	1.29e-04	7.89e-06	2.20e-07	0.00e+00	0.00e+00
 6.63649e+22	1.12e-05	1.17e-02	5.58e-01	3.56e-01	6.98e-02	4.08e-03	1.09e-04	6.47e-06	1.74e-07	0.00e+00	0.00e+00
 6.66670e+22	1.29e-05	1.28e-02	5.81e-01	3.41e-01	6.20e-02	3.40e-03	8.83e-05	4.99e-06	1.28e-07	0.00e+00	0.00e+00
 6.69715e+22	1.45e-05	1.38e-02	5.98e-01	3.29e-01	5.65e-02	2.96e-03	7.47e-05	4.08e-06	0.00e+00	0.00e+00	0.00e+00
 6.72018e+22	1.57e-05	1.45e-02	6.09e-01	3.21e-01	5.28e-02	2.67e-03	6.61e-05	3.52e-06	0.00e+00	0.00e+00	0.00e+00
 6.73924e+22	1.69e-05	1.52e-02	6.21e-01	3.12e-01	4.94e-02	2.42e-03	5.89e-05	3.06e-06	0.00e+00	0.00e+00	0.00e+00
 6.76089e+22	1.87e-05	1.62e-02	6.35e-01	3.01e-01	4.52e-02	2.13e-03	5.05e-05	2.54e-06	0.00e+00	0.00e+00	0.00e+00
 6.78903e+22	2.12e-05	1.75e-02	6.54e-01	2.87e-01	4.01e-02	1.79e-03	4.12e-05	1.98e-06	0.00e+00	0.00e+00	0.00e+00
 6.81487e+22	2.31e-05	1.85e-02	6.65e-01	2.78e-01	3.72e-02	1.60e-03	3.61e-05	1.69e-06	0.00e+00	0.00e+00	0.00e+00
 6.83425e+22	2.48e-05	1.93e-02	6.75e-01	2.70e-01	3.47e-02	1.45e-03	3.21e-05	1.47e-06	0.00e+00	0.00e+00	0.00e+00
 6.85062e+22	2.62e-05	2.00e-02	6.82e-01	2.64e-01	3.29e-02	1.34e-03	2.93e-05	1.31e-06	0.00e+00	0.00e+00	0.00e+00
 6.86657e+22	2.81e-05	2.08e-02	6.92e-01	2.56e-01	3.07e-02	1.21e-03	2.61e-05	1.14e-06	0.00e+00	0.00e+00	0.00e+00
 6.88730e+22	3.07e-05	2.20e-02	7.03e-01	2.45e-01	2.80e-02	1.07e-03	2.24e-05	9.49e-07	0.00e+00	0.00e+00	0.00e+00
 6.91426e+22	3.46e-05	2.36e-02	7.19e-01	2.32e-01	2.47e-02	8.95e-04	1.83e-05	7.40e-07	0.00e+00	0.00e+00	0.00e+00
 6.94039e+22	3.76e-05	2.49e-02	7.29e-01	2.23e-01	2.27e-02	7.94e-04	1.59e-05	6.24e-07	0.00e+00	0.00e+00	0.00e+00
 6.96546e+22	4.17e-05	2.65e-02	7.41e-01	2.11e-01	2.02e-02	6.75e-04	1.32e-05	4.96e-07	0.00e+00	0.00e+00	0.00e+00
 6.99804e+22	4.79e-05	2.88e-02	7.57e-01	1.96e-01	1.73e-02	5.44e-04	1.02e-05	3.66e-07	0.00e+00	0.00e+00	0.00e+00
 7.03099e+22	5.35e-05	3.07e-02	7.69e-01	1.85e-01	1.53e-02	4.61e-04	8.43e-06	2.89e-07	0.00e+00	0.00e+00	0.00e+00
 7.06444e+22	6.14e-05	3.33e-02	7.83e-01	1.71e-01	1.30e-02	3.69e-04	6.50e-06	2.11e-07	0.00e+00	0.00e+00	0.00e+00
 7.10017e+22	6.98e-05	3.59e-02	7.94e-01	1.58e-01	1.12e-02	3.02e-04	5.14e-06	1.59e-07	0.00e+00	0.00e+00	0.00e+00
 7.13889e+22	8.21e-05	3.94e-02	8.08e-01	1.43e-01	9.16e-03	2.31e-04	3.76e-06	0.00e+00	0.00e+00	0.00e+00	0.00e+00
 7.17744e+22	9.32e-05	4.24e-02	8.18e-01	1.32e-01	7.86e-03	1.88e-04	2.97e-06	0.00e+00	0.00e+00	0.00e+00	0.00e+00
 7.21578e+22	1.09e-04	4.63e-02	8.29e-01	1.18e-01	6.38e-03	1.43e-04	2.16e-06	0.00e+00	0.00e+00	0.00e+00	0.00e+00
 7.25441e+22	1.24e-04	4.98e-02	8.37e-01	1.08e-01	5.42e-03	1.16e-04	1.68e-06	0.00e+00	0.00e+00	0.00e+00	0.00e+00
 7.29340e+22	1.47e-04	5.45e-02	8.46e-01	9.52e-02	4.32e-03	8.63e-05	1.20e-06	0.00e+00	0.00e+00	0.00e+00	0.00e+00
 7.33253e+22	1.69e-04	5.88e-02	8.52e-01	8.58e-02	3.59e-03	6.82e-05	9.07e-07	0.00e+00	0.00e+00	0.00e+00	0.00e+00
 7.36238e+22	1.85e-04	6.20e-02	8.55e-01	7.94e-02	3.14e-03	5.74e-05	7.44e-07	0.00e+00	0.00e+00	0.00e+00	0.00e+00
 7.39174e+22	2.12e-04	6.64e-02	8.60e-01	7.11e-02	2.60e-03	4.50e-05	5.60e-07	0.00e+00	0.00e+00	0.00e+00	0.00e+00
 7.42099e+22	2.35e-04	7.02e-02	8.62e-01	6.51e-02	2.24e-03	3.72e-05	4.49e-07	0.00e+00	0.00e+00	0.00e+00	0.00e+00
 7.45010e+22	2.68e-04	7.49e-02	8.65e-01	5.78e-02	1.84e-03	2.89e-05	3.35e-07	0.00e+00	0.00e+00	0.00e+00	0.00e+00
 7.47959e+22	3.00e-04	7.94e-02	8.67e-01	5.21e-02	1.55e-03	2.33e-05	2.61e-07	0.00e+00	0.00e+00	0.00e+00	0.00e+00
 7.50522e+22	3.34e-04	8.38e-02	8.68e-01	4.70e-02	1.31e-03	1.88e-05	2.04e-07	0.00e+00	0.00e+00	0.00e+00	0.00e+00
 7.53416e+22	3.84e-04	8.96e-02	8.68e-01	4.08e-02	1.05e-03	1.42e-05	1.47e-07	0.00e+00	0.00e+00	0.00e+00	0.00e+00
 7.56369e+22	4.34e-04	9.50e-02	8.68e-01	3.59e-02	8.64e-04	1.10e-05	0.00e+00	0.00e+00	0.00e+00	0.00e+00	0.00e+00
 7.58949e+22	4.87e-04	1.00e-01	8.67e-01	3.16e-02	7.14e-04	8.55e-06	0.00e+00	0.00e+00	0.00e+00	0.00e+00	0.00e+00
 7.61855e+22	5.63e-04	1.07e-01	8.65e-01	2.68e-02	5.58e-04	6.17e-06	0.00e+00	0.00e+00	0.00e+00	0.00e+00	0.00e+00
 7.64927e+22	6.47e-04	1.14e-01	8.62e-01	2.26e-02	4.38e-04	4.46e-06	0.00e+00	0.00e+00	0.00e+00	0.00e+00	0.00e+00
 7.67731e+22	7.40e-04	1.21e-01	8.59e-01	1.90e-02	3.45e-04	3.20e-06	0.00e+00	0.00e+00	0.00e+00	0.00e+00	0.00e+00
 7.70889e+22	8.77e-04	1.30e-01	8.54e-01	1.51e-02	2.55e-04	2.09e-06	0.00e+00	0.00e+00	0.00e+00	0.00e+00	0.00e+00
 7.74083e+22	1.02e-03	1.38e-01	8.48e-01	1.21e-02	1.92e-04	1.38e-06	0.00e+00	0.00e+00	0.00e+00	0.00e+00	0.00e+00
 7.76644e+22	1.15e-03	1.45e-01	8.44e-01	9.92e-03	1.51e-04	9.54e-07	0.00e+00	0.00e+00	0.00e+00	0.00e+00	0.00e+00
 7.78182e+22	1.22e-03	1.48e-01	8.42e-01	8.94e-03	1.33e-04	7.90e-07	0.00e+00	0.00e+00	0.00e+00	0.00e+00	0.00e+00
 7.78792e+22	1.25e-03	1.50e-01	8.40e-01	8.52e-03	1.26e-04	7.21e-07	0.00e+00	0.00e+00	0.00e+00	0.00e+00	0.00e+00
 7.79270e+22	1.29e-03	1.51e-01	8.39e-01	8.16e-03	1.20e-04	6.66e-07	0.00e+00	0.00e+00	0.00e+00	0.00e+00	0.00e+00
 7.79853e+22	1.33e-03	1.53e-01	8.38e-01	7.74e-03	1.13e-04	6.05e-07	0.00e+00	0.00e+00	0.00e+00	0.00e+00	0.00e+00
 7.80560e+22	1.38e-03	1.55e-01	8.36e-01	7.25e-03	1.05e-04	5.37e-07	0.00e+00	0.00e+00	0.00e+00	0.00e+00	0.00e+00
