#depth	N	N+	N+2	N+3	N+4	N+5	N+6	N+7
 4.62852e+21	0.00e+00	7.69e-29	1.82e-22	7.38e-17	9.13e-12	1.86e-07	3.84e-04	1.00e+00
 1.02251e+22	1.22e-34	7.08e-27	7.23e-21	1.32e-15	7.58e-11	7.63e-07	7.64e-04	9.99e-01
 1.15489e+22	1.01e-33	3.70e-26	2.77e-20	3.75e-15	1.62e-10	1.28e-06	9.90e-04	9.99e-01
 1.20824e+22	2.88e-33	8.39e-26	5.37e-20	6.27e-15	2.35e-10	1.65e-06	1.13e-03	9.99e-01
 1.23167e+22	3.99e-33	1.08e-25	6.62e-20	7.37e-15	2.65e-10	1.78e-06	1.18e-03	9.99e-01
 1.24377e+22	5.82e-33	1.45e-25	8.40e-20	8.85e-15	3.02e-10	1.95e-06	1.23e-03	9.99e-01
 1.25619e+22	8.24e-33	1.91e-25	1.05e-19	1.05e-14	3.42e-10	2.13e-06	1.29e-03	9.99e-01
 1.26858e+22	1.19e-32	2.55e-25	1.32e-19	1.26e-14	3.89e-10	2.33e-06	1.35e-03	9.99e-01
 1.28117e+22	1.71e-32	3.37e-25	1.66e-19	1.49e-14	4.41e-10	2.54e-06	1.41e-03	9.99e-01
 1.29330e+22	2.41e-32	4.41e-25	2.06e-19	1.76e-14	4.98e-10	2.75e-06	1.48e-03	9.99e-01
 1.30563e+22	3.47e-32	5.87e-25	2.59e-19	2.10e-14	5.65e-10	3.01e-06	1.55e-03	9.98e-01
 1.31813e+22	4.94e-32	7.72e-25	3.23e-19	2.49e-14	6.38e-10	3.27e-06	1.62e-03	9.98e-01
 1.32987e+22	6.80e-32	9.92e-25	3.96e-19	2.91e-14	7.13e-10	3.54e-06	1.69e-03	9.98e-01
 1.34182e+22	9.75e-32	1.31e-24	4.96e-19	3.46e-14	8.06e-10	3.85e-06	1.77e-03	9.98e-01
 1.35395e+22	1.36e-31	1.70e-24	6.10e-19	4.04e-14	9.02e-10	4.17e-06	1.85e-03	9.98e-01
 1.36604e+22	1.93e-31	2.24e-24	7.62e-19	4.79e-14	1.02e-09	4.54e-06	1.94e-03	9.98e-01
 1.37832e+22	2.71e-31	2.92e-24	9.41e-19	5.62e-14	1.14e-09	4.92e-06	2.02e-03	9.98e-01
 1.39004e+22	3.75e-31	3.76e-24	1.15e-18	6.56e-14	1.27e-09	5.31e-06	2.11e-03	9.98e-01
 1.40203e+22	5.31e-31	4.94e-24	1.43e-18	7.73e-14	1.43e-09	5.76e-06	2.21e-03	9.98e-01
 1.41419e+22	7.38e-31	6.39e-24	1.76e-18	9.03e-14	1.59e-09	6.22e-06	2.31e-03	9.98e-01
 1.42580e+22	1.01e-30	8.18e-24	2.14e-18	1.05e-13	1.77e-09	6.70e-06	2.41e-03	9.98e-01
 1.43770e+22	1.43e-30	1.07e-23	2.65e-18	1.23e-13	1.98e-09	7.26e-06	2.53e-03	9.97e-01
 1.44971e+22	1.97e-30	1.37e-23	3.23e-18	1.43e-13	2.19e-09	7.82e-06	2.64e-03	9.97e-01
 1.46168e+22	2.76e-30	1.79e-23	3.98e-18	1.67e-13	2.44e-09	8.45e-06	2.76e-03	9.97e-01
 1.47381e+22	3.82e-30	2.31e-23	4.88e-18	1.94e-13	2.71e-09	9.11e-06	2.89e-03	9.97e-01
 1.48589e+22	5.33e-30	2.99e-23	5.98e-18	2.26e-13	3.01e-09	9.82e-06	3.02e-03	9.97e-01
 1.49789e+22	7.34e-30	3.84e-23	7.29e-18	2.61e-13	3.32e-09	1.06e-05	3.16e-03	9.97e-01
 1.50983e+22	1.02e-29	4.95e-23	8.91e-18	3.03e-13	3.67e-09	1.14e-05	3.31e-03	9.97e-01
 1.52185e+22	1.40e-29	6.36e-23	1.08e-17	3.50e-13	4.04e-09	1.22e-05	3.46e-03	9.97e-01
 1.53380e+22	1.93e-29	8.17e-23	1.32e-17	4.05e-13	4.45e-09	1.31e-05	3.62e-03	9.96e-01
 1.54576e+22	2.66e-29	1.05e-22	1.60e-17	4.66e-13	4.89e-09	1.40e-05	3.78e-03	9.96e-01
 1.55766e+22	3.65e-29	1.34e-22	1.94e-17	5.36e-13	5.36e-09	1.50e-05	3.95e-03	9.96e-01
 1.56949e+22	4.99e-29	1.71e-22	2.35e-17	6.15e-13	5.85e-09	1.61e-05	4.13e-03	9.96e-01
 1.58125e+22	6.80e-29	2.17e-22	2.83e-17	7.04e-13	6.38e-09	1.71e-05	4.32e-03	9.96e-01
 1.59295e+22	9.24e-29	2.76e-22	3.40e-17	8.03e-13	6.94e-09	1.83e-05	4.51e-03	9.95e-01
 1.60458e+22	1.25e-28	3.49e-22	4.08e-17	9.14e-13	7.53e-09	1.95e-05	4.71e-03	9.95e-01
 1.61615e+22	1.69e-28	4.41e-22	4.89e-17	1.04e-12	8.15e-09	2.07e-05	4.92e-03	9.95e-01
 1.62766e+22	2.28e-28	5.55e-22	5.83e-17	1.18e-12	8.79e-09	2.19e-05	5.14e-03	9.95e-01
 1.63909e+22	3.05e-28	6.97e-22	6.94e-17	1.33e-12	9.46e-09	2.33e-05	5.36e-03	9.95e-01
 1.65046e+22	4.09e-28	8.72e-22	8.25e-17	1.50e-12	1.02e-08	2.46e-05	5.59e-03	9.94e-01
 1.66180e+22	5.45e-28	1.09e-21	9.77e-17	1.68e-12	1.09e-08	2.60e-05	5.84e-03	9.94e-01
 1.67312e+22	7.24e-28	1.36e-21	1.15e-16	1.89e-12	1.16e-08	2.74e-05	6.09e-03	9.94e-01
 1.68444e+22	9.60e-28	1.69e-21	1.36e-16	2.11e-12	1.24e-08	2.89e-05	6.35e-03	9.94e-01
 1.69575e+22	1.27e-27	2.09e-21	1.60e-16	2.36e-12	1.31e-08	3.04e-05	6.61e-03	9.93e-01
 1.70709e+22	1.67e-27	2.59e-21	1.88e-16	2.63e-12	1.39e-08	3.20e-05	6.89e-03	9.93e-01
 1.71849e+22	2.20e-27	3.20e-21	2.20e-16	2.92e-12	1.47e-08	3.36e-05	7.18e-03	9.93e-01
 1.72996e+22	2.89e-27	3.94e-21	2.57e-16	3.24e-12	1.56e-08	3.52e-05	7.48e-03	9.92e-01
 1.74155e+22	3.78e-27	4.85e-21	3.00e-16	3.59e-12	1.64e-08	3.69e-05	7.80e-03	9.92e-01
 1.75327e+22	4.95e-27	5.97e-21	3.50e-16	3.97e-12	1.72e-08	3.86e-05	8.12e-03	9.92e-01
 1.76514e+22	6.46e-27	7.33e-21	4.08e-16	4.39e-12	1.81e-08	4.04e-05	8.46e-03	9.91e-01
 1.77721e+22	8.44e-27	9.00e-21	4.75e-16	4.85e-12	1.90e-08	4.23e-05	8.82e-03	9.91e-01
 1.78951e+22	1.10e-26	1.10e-20	5.53e-16	5.35e-12	1.99e-08	4.43e-05	9.19e-03	9.91e-01
 1.80208e+22	1.43e-26	1.35e-20	6.43e-16	5.89e-12	2.08e-08	4.63e-05	9.58e-03	9.90e-01
 1.81439e+22	1.83e-26	1.63e-20	7.38e-16	6.44e-12	2.17e-08	4.83e-05	9.95e-03	9.90e-01
 1.82707e+22	2.38e-26	2.01e-20	8.59e-16	7.11e-12	2.27e-08	5.05e-05	1.04e-02	9.90e-01
 1.83994e+22	3.02e-26	2.41e-20	9.85e-16	7.76e-12	2.36e-08	5.26e-05	1.08e-02	9.89e-01
 1.85324e+22	3.96e-26	2.97e-20	1.15e-15	8.57e-12	2.47e-08	5.52e-05	1.12e-02	9.89e-01
 1.86676e+22	5.01e-26	3.57e-20	1.32e-15	9.36e-12	2.57e-08	5.75e-05	1.17e-02	9.88e-01
 1.88077e+22	6.60e-26	4.42e-20	1.54e-15	1.04e-11	2.69e-08	6.04e-05	1.22e-02	9.88e-01
 1.89505e+22	8.34e-26	5.30e-20	1.77e-15	1.13e-11	2.80e-08	6.31e-05	1.27e-02	9.87e-01
 1.90987e+22	1.10e-25	6.60e-20	2.08e-15	1.26e-11	2.94e-08	6.64e-05	1.33e-02	9.87e-01
 1.92462e+22	1.38e-25	7.86e-20	2.37e-15	1.37e-11	3.06e-08	6.93e-05	1.37e-02	9.86e-01
 1.93972e+22	1.83e-25	9.81e-20	2.79e-15	1.53e-11	3.22e-08	7.32e-05	1.44e-02	9.86e-01
 1.95509e+22	2.28e-25	1.17e-19	3.19e-15	1.67e-11	3.36e-08	7.64e-05	1.49e-02	9.85e-01
 1.97080e+22	3.04e-25	1.46e-19	3.77e-15	1.87e-11	3.54e-08	8.09e-05	1.56e-02	9.84e-01
 1.98655e+22	3.77e-25	1.74e-19	4.29e-15	2.04e-11	3.70e-08	8.46e-05	1.62e-02	9.84e-01
 2.00237e+22	5.00e-25	2.17e-19	5.08e-15	2.28e-11	3.91e-08	8.97e-05	1.69e-02	9.83e-01
 2.01849e+22	6.22e-25	2.59e-19	5.81e-15	2.49e-11	4.09e-08	9.40e-05	1.75e-02	9.82e-01
 2.03502e+22	8.35e-25	3.27e-19	6.93e-15	2.81e-11	4.34e-08	1.00e-04	1.84e-02	9.82e-01
 2.05140e+22	1.03e-24	3.85e-19	7.87e-15	3.07e-11	4.55e-08	1.05e-04	1.90e-02	9.81e-01
 2.06760e+22	1.36e-24	4.84e-19	9.37e-15	3.46e-11	4.83e-08	1.12e-04	1.99e-02	9.80e-01
 2.08402e+22	1.69e-24	5.75e-19	1.07e-14	3.79e-11	5.08e-08	1.17e-04	2.05e-02	9.79e-01
 2.10075e+22	2.25e-24	7.25e-19	1.28e-14	4.29e-11	5.42e-08	1.25e-04	2.15e-02	9.78e-01
 2.11771e+22	2.82e-24	8.70e-19	1.47e-14	4.73e-11	5.72e-08	1.32e-04	2.23e-02	9.78e-01
 2.13496e+22	3.81e-24	1.11e-18	1.78e-14	5.40e-11	6.14e-08	1.41e-04	2.33e-02	9.77e-01
 2.15251e+22	4.83e-24	1.34e-18	2.06e-14	6.00e-11	6.51e-08	1.50e-04	2.42e-02	9.76e-01
 2.17045e+22	6.63e-24	1.74e-18	2.52e-14	6.91e-11	7.04e-08	1.61e-04	2.54e-02	9.74e-01
 2.18794e+22	8.32e-24	2.09e-18	2.91e-14	7.66e-11	7.46e-08	1.70e-04	2.63e-02	9.74e-01
 2.20243e+22	1.04e-23	2.52e-18	3.37e-14	8.49e-11	7.90e-08	1.80e-04	2.72e-02	9.73e-01
 2.21672e+22	1.31e-23	3.04e-18	3.90e-14	9.43e-11	8.39e-08	1.90e-04	2.81e-02	9.72e-01
 2.23314e+22	1.78e-23	3.90e-18	4.75e-14	1.08e-10	9.08e-08	2.04e-04	2.94e-02	9.70e-01
 2.24943e+22	2.25e-23	4.72e-18	5.52e-14	1.21e-10	9.67e-08	2.16e-04	3.04e-02	9.69e-01
 2.26254e+22	2.76e-23	5.58e-18	6.30e-14	1.33e-10	1.02e-07	2.27e-04	3.13e-02	9.68e-01
 2.27659e+22	3.65e-23	7.02e-18	7.55e-14	1.52e-10	1.10e-07	2.42e-04	3.25e-02	9.67e-01
 2.28954e+22	4.35e-23	8.12e-18	8.47e-14	1.65e-10	1.16e-07	2.53e-04	3.33e-02	9.66e-01
 2.30107e+22	5.57e-23	9.94e-18	9.95e-14	1.85e-10	1.24e-07	2.68e-04	3.44e-02	9.65e-01
 2.31222e+22	6.53e-23	1.14e-17	1.11e-13	2.00e-10	1.30e-07	2.78e-04	3.52e-02	9.65e-01
 2.32287e+22	8.18e-23	1.37e-17	1.28e-13	2.22e-10	1.38e-07	2.94e-04	3.63e-02	9.63e-01
 2.33376e+22	9.86e-23	1.60e-17	1.45e-13	2.43e-10	1.46e-07	3.07e-04	3.72e-02	9.63e-01
 2.34319e+22	1.18e-22	1.85e-17	1.63e-13	2.65e-10	1.54e-07	3.20e-04	3.80e-02	9.62e-01
 2.35370e+22	1.51e-22	2.27e-17	1.92e-13	2.99e-10	1.65e-07	3.39e-04	3.92e-02	9.60e-01
 2.36398e+22	1.78e-22	2.61e-17	2.15e-13	3.25e-10	1.74e-07	3.52e-04	4.01e-02	9.60e-01
 2.37398e+22	2.29e-22	3.21e-17	2.54e-13	3.67e-10	1.87e-07	3.73e-04	4.13e-02	9.58e-01
 2.38396e+22	2.71e-22	3.70e-17	2.84e-13	3.99e-10	1.97e-07	3.88e-04	4.22e-02	9.57e-01
 2.39391e+22	3.54e-22	4.63e-17	3.40e-13	4.55e-10	2.13e-07	4.12e-04	4.36e-02	9.56e-01
 2.40325e+22	4.15e-22	5.28e-17	3.78e-13	4.92e-10	2.24e-07	4.28e-04	4.44e-02	9.55e-01
 2.41180e+22	5.24e-22	6.42e-17	4.42e-13	5.52e-10	2.40e-07	4.50e-04	4.56e-02	9.54e-01
 2.42051e+22	6.20e-22	7.38e-17	4.95e-13	6.01e-10	2.53e-07	4.68e-04	4.66e-02	9.53e-01
 2.42945e+22	8.09e-22	9.23e-17	5.92e-13	6.86e-10	2.75e-07	4.96e-04	4.80e-02	9.52e-01
 2.43827e+22	9.66e-22	1.07e-16	6.68e-13	7.50e-10	2.91e-07	5.16e-04	4.90e-02	9.51e-01
 2.44696e+22	1.26e-21	1.34e-16	8.01e-13	8.58e-10	3.16e-07	5.47e-04	5.04e-02	9.49e-01
 2.45570e+22	1.53e-21	1.58e-16	9.13e-13	9.46e-10	3.36e-07	5.70e-04	5.15e-02	9.48e-01
 2.46453e+22	2.05e-21	2.01e-16	1.11e-12	1.09e-09	3.68e-07	6.06e-04	5.31e-02	9.46e-01
 2.47338e+22	2.51e-21	2.39e-16	1.28e-12	1.22e-09	3.93e-07	6.34e-04	5.43e-02	9.45e-01
 2.48226e+22	3.38e-21	3.07e-16	1.56e-12	1.41e-09	4.32e-07	6.75e-04	5.60e-02	9.43e-01
 2.49100e+22	4.22e-21	3.70e-16	1.82e-12	1.58e-09	4.64e-07	7.07e-04	5.73e-02	9.42e-01
 2.49958e+22	5.72e-21	4.78e-16	2.24e-12	1.85e-09	5.12e-07	7.53e-04	5.91e-02	9.40e-01
 2.50823e+22	7.28e-21	5.87e-16	2.64e-12	2.09e-09	5.54e-07	7.92e-04	6.06e-02	9.39e-01
 2.51700e+22	1.01e-20	7.75e-16	3.31e-12	2.47e-09	6.16e-07	8.47e-04	6.26e-02	9.37e-01
 2.52546e+22	1.28e-20	9.45e-16	3.89e-12	2.79e-09	6.65e-07	8.88e-04	6.41e-02	9.35e-01
 2.53352e+22	1.76e-20	1.24e-15	4.84e-12	3.28e-09	7.38e-07	9.47e-04	6.61e-02	9.33e-01
 2.54163e+22	2.26e-20	1.53e-15	5.75e-12	3.73e-09	8.01e-07	9.96e-04	6.77e-02	9.31e-01
 2.54980e+22	3.15e-20	2.03e-15	7.23e-12	4.42e-09	8.93e-07	1.06e-03	6.99e-02	9.29e-01
 2.55807e+22	4.08e-20	2.52e-15	8.63e-12	5.05e-09	9.72e-07	1.12e-03	7.16e-02	9.27e-01
 2.56648e+22	5.74e-20	3.37e-15	1.09e-11	6.02e-09	1.09e-06	1.20e-03	7.40e-02	9.25e-01
 2.57509e+22	7.56e-20	4.25e-15	1.32e-11	6.93e-09	1.19e-06	1.27e-03	7.60e-02	9.23e-01
 2.58272e+22	9.93e-20	5.36e-15	1.59e-11	7.98e-09	1.30e-06	1.34e-03	7.80e-02	9.21e-01
 2.59112e+22	1.39e-19	7.14e-15	2.01e-11	9.49e-09	1.46e-06	1.43e-03	8.05e-02	9.18e-01
 2.59961e+22	1.84e-19	9.04e-15	2.43e-11	1.10e-08	1.60e-06	1.51e-03	8.26e-02	9.16e-01
 2.60810e+22	2.57e-19	1.20e-14	3.07e-11	1.30e-08	1.79e-06	1.62e-03	8.53e-02	9.13e-01
 2.61674e+22	3.42e-19	1.53e-14	3.74e-11	1.51e-08	1.97e-06	1.72e-03	8.76e-02	9.11e-01
 2.62539e+22	4.76e-19	2.03e-14	4.70e-11	1.79e-08	2.20e-06	1.83e-03	9.04e-02	9.08e-01
 2.63417e+22	6.37e-19	2.60e-14	5.75e-11	2.08e-08	2.42e-06	1.94e-03	9.29e-02	9.05e-01
 2.64299e+22	8.78e-19	3.42e-14	7.17e-11	2.45e-08	2.70e-06	2.08e-03	9.58e-02	9.02e-01
 2.65179e+22	1.16e-18	4.32e-14	8.68e-11	2.83e-08	2.96e-06	2.20e-03	9.83e-02	8.99e-01
 2.66085e+22	1.61e-18	5.71e-14	1.09e-10	3.35e-08	3.31e-06	2.35e-03	1.01e-01	8.96e-01
 2.67003e+22	2.11e-18	7.20e-14	1.31e-10	3.86e-08	3.63e-06	2.49e-03	1.04e-01	8.93e-01
 2.67941e+22	2.91e-18	9.47e-14	1.64e-10	4.56e-08	4.06e-06	2.66e-03	1.07e-01	8.90e-01
 2.68904e+22	3.83e-18	1.20e-13	1.99e-10	5.26e-08	4.46e-06	2.82e-03	1.10e-01	8.87e-01
 2.69896e+22	5.26e-18	1.57e-13	2.48e-10	6.21e-08	4.98e-06	3.01e-03	1.14e-01	8.83e-01
 2.70917e+22	6.93e-18	1.99e-13	3.01e-10	7.17e-08	5.49e-06	3.20e-03	1.17e-01	8.80e-01
 2.71977e+22	9.55e-18	2.61e-13	3.76e-10	8.49e-08	6.14e-06	3.43e-03	1.21e-01	8.76e-01
 2.73067e+22	1.26e-17	3.30e-13	4.55e-10	9.81e-08	6.77e-06	3.64e-03	1.24e-01	8.72e-01
 2.74199e+22	1.73e-17	4.33e-13	5.68e-10	1.16e-07	7.58e-06	3.90e-03	1.28e-01	8.68e-01
 2.75365e+22	2.26e-17	5.45e-13	6.86e-10	1.34e-07	8.35e-06	4.14e-03	1.32e-01	8.64e-01
 2.76600e+22	3.14e-17	7.23e-13	8.65e-10	1.60e-07	9.41e-06	4.46e-03	1.36e-01	8.59e-01
 2.77842e+22	4.06e-17	9.00e-13	1.04e-09	1.83e-07	1.03e-05	4.73e-03	1.40e-01	8.55e-01
 2.79106e+22	5.61e-17	1.19e-12	1.30e-09	2.18e-07	1.16e-05	5.09e-03	1.45e-01	8.50e-01
 2.80400e+22	7.23e-17	1.48e-12	1.56e-09	2.50e-07	1.28e-05	5.40e-03	1.49e-01	8.46e-01
 2.81520e+22	9.10e-17	1.80e-12	1.83e-09	2.83e-07	1.39e-05	5.70e-03	1.52e-01	8.42e-01
 2.82763e+22	1.23e-16	2.32e-12	2.26e-09	3.32e-07	1.56e-05	6.11e-03	1.57e-01	8.37e-01
 2.84015e+22	1.51e-16	2.81e-12	2.64e-09	3.75e-07	1.69e-05	6.44e-03	1.61e-01	8.33e-01
 2.85281e+22	2.02e-16	3.61e-12	3.25e-09	4.39e-07	1.89e-05	6.89e-03	1.66e-01	8.27e-01
 2.86569e+22	2.51e-16	4.35e-12	3.79e-09	4.95e-07	2.06e-05	7.26e-03	1.70e-01	8.23e-01
 2.87709e+22	3.12e-16	5.24e-12	4.42e-09	5.57e-07	2.23e-05	7.65e-03	1.74e-01	8.19e-01
 2.89014e+22	4.09e-16	6.61e-12	5.35e-09	6.47e-07	2.48e-05	8.16e-03	1.79e-01	8.13e-01
 2.90327e+22	5.05e-16	7.93e-12	6.23e-09	7.27e-07	2.69e-05	8.60e-03	1.83e-01	8.08e-01
 2.91653e+22	6.67e-16	1.01e-11	7.59e-09	8.48e-07	3.00e-05	9.19e-03	1.88e-01	8.02e-01
 2.92980e+22	8.09e-16	1.19e-11	8.72e-09	9.44e-07	3.24e-05	9.65e-03	1.92e-01	7.98e-01
 2.94310e+22	1.06e-15	1.50e-11	1.06e-08	1.10e-06	3.59e-05	1.03e-02	1.98e-01	7.92e-01
 2.95664e+22	1.28e-15	1.77e-11	1.22e-08	1.22e-06	3.88e-05	1.08e-02	2.02e-01	7.87e-01
 2.97050e+22	1.67e-15	2.23e-11	1.47e-08	1.42e-06	4.31e-05	1.15e-02	2.08e-01	7.80e-01
 2.98462e+22	2.04e-15	2.65e-11	1.69e-08	1.59e-06	4.67e-05	1.21e-02	2.13e-01	7.75e-01
 2.99698e+22	2.47e-15	3.13e-11	1.95e-08	1.77e-06	5.05e-05	1.27e-02	2.17e-01	7.70e-01
 3.01097e+22	3.18e-15	3.89e-11	2.34e-08	2.04e-06	5.59e-05	1.36e-02	2.23e-01	7.63e-01
 3.02492e+22	3.78e-15	4.52e-11	2.65e-08	2.25e-06	5.99e-05	1.42e-02	2.27e-01	7.59e-01
 3.03883e+22	4.84e-15	5.60e-11	3.16e-08	2.59e-06	6.63e-05	1.51e-02	2.33e-01	7.52e-01
 3.05293e+22	5.75e-15	6.50e-11	3.59e-08	2.86e-06	7.12e-05	1.58e-02	2.38e-01	7.47e-01
 3.06728e+22	7.27e-15	7.97e-11	4.25e-08	3.27e-06	7.83e-05	1.68e-02	2.44e-01	7.40e-01
 3.08213e+22	8.75e-15	9.36e-11	4.86e-08	3.64e-06	8.46e-05	1.76e-02	2.48e-01	7.34e-01
 3.09760e+22	1.12e-14	1.16e-10	5.83e-08	4.20e-06	9.37e-05	1.87e-02	2.55e-01	7.26e-01
 3.11333e+22	1.35e-14	1.36e-10	6.67e-08	4.67e-06	1.01e-04	1.96e-02	2.60e-01	7.20e-01
 3.12938e+22	1.72e-14	1.69e-10	7.96e-08	5.38e-06	1.12e-04	2.09e-02	2.67e-01	7.12e-01
 3.14598e+22	2.09e-14	2.00e-10	9.17e-08	6.02e-06	1.21e-04	2.20e-02	2.72e-01	7.06e-01
 3.16330e+22	2.69e-14	2.49e-10	1.10e-07	6.98e-06	1.35e-04	2.35e-02	2.79e-01	6.97e-01
 3.18118e+22	3.29e-14	2.97e-10	1.28e-07	7.85e-06	1.47e-04	2.48e-02	2.85e-01	6.90e-01
 3.19980e+22	4.31e-14	3.76e-10	1.56e-07	9.18e-06	1.64e-04	2.65e-02	2.93e-01	6.80e-01
 3.21846e+22	5.25e-14	4.47e-10	1.80e-07	1.03e-05	1.79e-04	2.79e-02	2.99e-01	6.73e-01
 3.23720e+22	6.82e-14	5.61e-10	2.18e-07	1.20e-05	1.99e-04	2.99e-02	3.07e-01	6.63e-01
 3.25671e+22	8.44e-14	6.76e-10	2.55e-07	1.36e-05	2.18e-04	3.16e-02	3.14e-01	6.54e-01
 3.27722e+22	1.13e-13	8.74e-10	3.17e-07	1.61e-05	2.47e-04	3.41e-02	3.23e-01	6.43e-01
 3.29773e+22	1.39e-13	1.05e-09	3.69e-07	1.82e-05	2.70e-04	3.59e-02	3.29e-01	6.34e-01
 3.31824e+22	1.87e-13	1.35e-09	4.57e-07	2.17e-05	3.05e-04	3.87e-02	3.39e-01	6.22e-01
 3.33904e+22	2.33e-13	1.64e-09	5.38e-07	2.46e-05	3.35e-04	4.10e-02	3.46e-01	6.13e-01
 3.35658e+22	2.86e-13	1.96e-09	6.24e-07	2.78e-05	3.65e-04	4.32e-02	3.52e-01	6.04e-01
 3.37573e+22	3.77e-13	2.50e-09	7.64e-07	3.26e-05	4.10e-04	4.63e-02	3.61e-01	5.92e-01
 3.39477e+22	4.61e-13	2.97e-09	8.85e-07	3.67e-05	4.46e-04	4.87e-02	3.67e-01	5.84e-01
 3.41364e+22	6.07e-13	3.78e-09	1.08e-06	4.31e-05	5.01e-04	5.22e-02	3.76e-01	5.71e-01
 3.43270e+22	7.53e-13	4.53e-09	1.26e-06	4.88e-05	5.47e-04	5.50e-02	3.83e-01	5.62e-01
 3.45199e+22	1.00e-12	5.81e-09	1.55e-06	5.77e-05	6.18e-04	5.91e-02	3.92e-01	5.48e-01
 3.47140e+22	1.24e-12	6.99e-09	1.82e-06	6.55e-05	6.77e-04	6.24e-02	3.99e-01	5.38e-01
 3.49094e+22	1.66e-12	8.99e-09	2.25e-06	7.78e-05	7.67e-04	6.71e-02	4.08e-01	5.24e-01
 3.51074e+22	2.08e-12	1.09e-08	2.65e-06	8.91e-05	8.46e-04	7.11e-02	4.15e-01	5.13e-01
 3.53086e+22	2.81e-12	1.42e-08	3.30e-06	1.07e-04	9.65e-04	7.67e-02	4.25e-01	4.98e-01
 3.55120e+22	3.54e-12	1.74e-08	3.92e-06	1.23e-04	1.07e-03	8.14e-02	4.32e-01	4.86e-01
 3.57160e+22	4.76e-12	2.25e-08	4.89e-06	1.48e-04	1.22e-03	8.79e-02	4.41e-01	4.70e-01
 3.59095e+22	5.82e-12	2.68e-08	5.68e-06	1.67e-04	1.34e-03	9.26e-02	4.47e-01	4.59e-01
 3.60916e+22	7.58e-12	3.37e-08	6.93e-06	1.98e-04	1.52e-03	9.94e-02	4.55e-01	4.44e-01
 3.62775e+22	9.31e-12	4.04e-08	8.10e-06	2.26e-04	1.67e-03	1.05e-01	4.62e-01	4.32e-01
 3.64599e+22	1.19e-11	5.02e-08	9.79e-06	2.66e-04	1.89e-03	1.12e-01	4.69e-01	4.17e-01
 3.66462e+22	1.47e-11	6.03e-08	1.15e-05	3.06e-04	2.10e-03	1.19e-01	4.75e-01	4.04e-01
 3.68236e+22	1.82e-11	7.29e-08	1.36e-05	3.55e-04	2.34e-03	1.27e-01	4.81e-01	3.90e-01
 3.69991e+22	2.20e-11	8.65e-08	1.59e-05	4.06e-04	2.59e-03	1.34e-01	4.86e-01	3.77e-01
 3.71745e+22	2.69e-11	1.03e-07	1.87e-05	4.70e-04	2.89e-03	1.42e-01	4.91e-01	3.64e-01
 3.73491e+22	3.20e-11	1.21e-07	2.16e-05	5.35e-04	3.20e-03	1.50e-01	4.95e-01	3.51e-01
 3.75203e+22	3.82e-11	1.43e-07	2.50e-05	6.13e-04	3.55e-03	1.58e-01	5.00e-01	3.38e-01
 3.76924e+22	4.50e-11	1.66e-07	2.88e-05	6.98e-04	3.92e-03	1.67e-01	5.03e-01	3.26e-01
 3.78625e+22	5.27e-11	1.92e-07	3.31e-05	7.93e-04	4.33e-03	1.76e-01	5.06e-01	3.13e-01
 3.80334e+22	6.13e-11	2.22e-07	3.79e-05	9.00e-04	4.78e-03	1.85e-01	5.09e-01	3.01e-01
 3.82056e+22	7.08e-11	2.55e-07	4.33e-05	1.02e-03	5.27e-03	1.94e-01	5.11e-01	2.89e-01
 3.83798e+22	8.15e-11	2.92e-07	4.93e-05	1.16e-03	5.81e-03	2.04e-01	5.12e-01	2.77e-01
 3.85567e+22	9.33e-11	3.33e-07	5.62e-05	1.31e-03	6.41e-03	2.14e-01	5.13e-01	2.65e-01
 3.87369e+22	1.06e-10	3.79e-07	6.38e-05	1.48e-03	7.06e-03	2.25e-01	5.13e-01	2.53e-01
 3.89176e+22	1.21e-10	4.29e-07	7.22e-05	1.66e-03	7.76e-03	2.35e-01	5.13e-01	2.42e-01
 3.91026e+22	1.36e-10	4.87e-07	8.20e-05	1.88e-03	8.56e-03	2.47e-01	5.12e-01	2.30e-01
 3.92892e+22	1.53e-10	5.47e-07	9.23e-05	2.11e-03	9.38e-03	2.58e-01	5.11e-01	2.19e-01
 3.94811e+22	1.73e-10	6.20e-07	1.05e-04	2.38e-03	1.04e-02	2.70e-01	5.09e-01	2.08e-01
 3.96612e+22	1.91e-10	6.83e-07	1.16e-04	2.62e-03	1.12e-02	2.80e-01	5.07e-01	1.99e-01
 3.98443e+22	2.15e-10	7.70e-07	1.31e-04	2.96e-03	1.23e-02	2.93e-01	5.03e-01	1.88e-01
 4.00297e+22	2.36e-10	8.47e-07	1.44e-04	3.24e-03	1.33e-02	3.03e-01	5.01e-01	1.80e-01
 4.02181e+22	2.65e-10	9.52e-07	1.63e-04	3.65e-03	1.46e-02	3.16e-01	4.96e-01	1.70e-01
 4.04110e+22	2.92e-10	1.05e-06	1.79e-04	4.00e-03	1.57e-02	3.26e-01	4.92e-01	1.62e-01
 4.06098e+22	3.28e-10	1.18e-06	2.03e-04	4.51e-03	1.74e-02	3.40e-01	4.86e-01	1.52e-01
 4.08115e+22	3.61e-10	1.30e-06	2.24e-04	4.94e-03	1.87e-02	3.51e-01	4.81e-01	1.44e-01
 4.10168e+22	4.06e-10	1.46e-06	2.54e-04	5.56e-03	2.06e-02	3.65e-01	4.74e-01	1.35e-01
 4.12234e+22	4.47e-10	1.61e-06	2.79e-04	6.07e-03	2.21e-02	3.75e-01	4.68e-01	1.28e-01
 4.14319e+22	5.03e-10	1.80e-06	3.15e-04	6.81e-03	2.42e-02	3.89e-01	4.60e-01	1.19e-01
 4.16430e+22	5.55e-10	1.98e-06	3.47e-04	7.43e-03	2.60e-02	4.00e-01	4.53e-01	1.13e-01
 4.18576e+22	6.25e-10	2.23e-06	3.92e-04	8.31e-03	2.85e-02	4.14e-01	4.44e-01	1.05e-01
 4.20757e+22	6.90e-10	2.45e-06	4.33e-04	9.07e-03	3.05e-02	4.25e-01	4.37e-01	9.89e-02
 4.22985e+22	7.80e-10	2.77e-06	4.90e-04	1.01e-02	3.34e-02	4.38e-01	4.26e-01	9.14e-02
 4.25256e+22	8.64e-10	3.05e-06	5.42e-04	1.11e-02	3.58e-02	4.49e-01	4.18e-01	8.58e-02
 4.27585e+22	9.80e-10	3.46e-06	6.15e-04	1.24e-02	3.92e-02	4.63e-01	4.06e-01	7.88e-02
 4.29967e+22	1.09e-09	3.83e-06	6.83e-04	1.35e-02	4.20e-02	4.73e-01	3.97e-01	7.37e-02
 4.31976e+22	1.20e-09	4.19e-06	7.48e-04	1.46e-02	4.47e-02	4.82e-01	3.88e-01	6.93e-02
 4.34145e+22	1.34e-09	4.69e-06	8.40e-04	1.62e-02	4.84e-02	4.94e-01	3.77e-01	6.38e-02
 4.36325e+22	1.48e-09	5.15e-06	9.20e-04	1.74e-02	5.13e-02	5.02e-01	3.68e-01	5.99e-02
 4.38518e+22	1.66e-09	5.77e-06	1.03e-03	1.92e-02	5.54e-02	5.13e-01	3.56e-01	5.51e-02
 4.40686e+22	1.83e-09	6.31e-06	1.13e-03	2.06e-02	5.85e-02	5.21e-01	3.48e-01	5.17e-02
 4.42820e+22	2.06e-09	7.06e-06	1.26e-03	2.26e-02	6.28e-02	5.30e-01	3.36e-01	4.75e-02
 4.44985e+22	2.27e-09	7.74e-06	1.38e-03	2.43e-02	6.63e-02	5.37e-01	3.27e-01	4.45e-02
 4.47189e+22	2.56e-09	8.70e-06	1.55e-03	2.66e-02	7.10e-02	5.45e-01	3.15e-01	4.08e-02
 4.49433e+22	2.84e-09	9.58e-06	1.71e-03	2.86e-02	7.50e-02	5.51e-01	3.05e-01	3.79e-02
 4.51728e+22	3.23e-09	1.08e-05	1.92e-03	3.13e-02	8.04e-02	5.59e-01	2.93e-01	3.46e-02
 4.54056e+22	3.59e-09	1.20e-05	2.12e-03	3.37e-02	8.48e-02	5.64e-01	2.83e-01	3.20e-02
 4.56429e+22	4.11e-09	1.36e-05	2.39e-03	3.69e-02	9.08e-02	5.70e-01	2.71e-01	2.90e-02
 4.58840e+22	4.59e-09	1.51e-05	2.64e-03	3.97e-02	9.58e-02	5.74e-01	2.61e-01	2.68e-02
 4.61302e+22	5.27e-09	1.71e-05	3.00e-03	4.36e-02	1.03e-01	5.79e-01	2.48e-01	2.40e-02
 4.63802e+22	5.96e-09	1.92e-05	3.32e-03	4.68e-02	1.08e-01	5.82e-01	2.38e-01	2.21e-02
 4.66350e+22	6.85e-09	2.19e-05	3.78e-03	5.14e-02	1.15e-01	5.84e-01	2.25e-01	1.97e-02
 4.68928e+22	7.79e-09	2.46e-05	4.19e-03	5.53e-02	1.21e-01	5.86e-01	2.16e-01	1.80e-02
 4.71547e+22	9.03e-09	2.82e-05	4.78e-03	6.06e-02	1.29e-01	5.86e-01	2.03e-01	1.59e-02
 4.74193e+22	1.03e-08	3.18e-05	5.31e-03	6.51e-02	1.36e-01	5.86e-01	1.93e-01	1.45e-02
 4.76450e+22	1.16e-08	3.53e-05	5.85e-03	6.96e-02	1.42e-01	5.85e-01	1.84e-01	1.33e-02
 4.78958e+22	1.34e-08	4.05e-05	6.63e-03	7.56e-02	1.50e-01	5.83e-01	1.73e-01	1.18e-02
 4.81491e+22	1.52e-08	4.52e-05	7.32e-03	8.08e-02	1.57e-01	5.80e-01	1.64e-01	1.07e-02
 4.84054e+22	1.66e-08	5.19e-05	8.28e-03	8.76e-02	1.65e-01	5.76e-01	1.54e-01	9.45e-03
 4.86546e+22	1.88e-08	5.78e-05	9.09e-03	9.31e-02	1.71e-01	5.72e-01	1.46e-01	8.60e-03
 4.88614e+22	2.10e-08	6.38e-05	9.94e-03	9.86e-02	1.78e-01	5.67e-01	1.39e-01	7.83e-03
 4.90972e+22	2.43e-08	7.26e-05	1.11e-02	1.06e-01	1.86e-01	5.61e-01	1.30e-01	6.96e-03
 4.93405e+22	2.75e-08	8.10e-05	1.22e-02	1.12e-01	1.92e-01	5.54e-01	1.23e-01	6.27e-03
 4.95590e+22	3.10e-08	9.01e-05	1.34e-02	1.19e-01	1.99e-01	5.47e-01	1.16e-01	5.66e-03
 4.98086e+22	3.64e-08	1.03e-04	1.50e-02	1.28e-01	2.07e-01	5.38e-01	1.07e-01	4.97e-03
 5.00661e+22	4.16e-08	1.16e-04	1.66e-02	1.36e-01	2.14e-01	5.29e-01	1.00e-01	4.43e-03
 5.02955e+22	4.73e-08	1.30e-04	1.82e-02	1.43e-01	2.21e-01	5.20e-01	9.39e-02	3.96e-03
 5.05556e+22	5.59e-08	1.50e-04	2.05e-02	1.54e-01	2.29e-01	5.07e-01	8.63e-02	3.43e-03
 5.08270e+22	6.47e-08	1.70e-04	2.27e-02	1.63e-01	2.36e-01	4.95e-01	7.98e-02	3.01e-03
 5.10720e+22	7.43e-08	1.91e-04	2.50e-02	1.72e-01	2.43e-01	4.83e-01	7.40e-02	2.66e-03
 5.13494e+22	8.87e-08	2.22e-04	2.82e-02	1.84e-01	2.50e-01	4.68e-01	6.71e-02	2.27e-03
 5.16343e+22	1.03e-07	2.52e-04	3.13e-02	1.95e-01	2.57e-01	4.53e-01	6.14e-02	1.96e-03
 5.18875e+22	1.19e-07	2.85e-04	3.44e-02	2.05e-01	2.62e-01	4.40e-01	5.64e-02	1.71e-03
 5.21750e+22	1.44e-07	3.32e-04	3.88e-02	2.19e-01	2.69e-01	4.21e-01	5.05e-02	1.44e-03
 5.24719e+22	1.69e-07	3.79e-04	4.29e-02	2.31e-01	2.74e-01	4.05e-01	4.57e-02	1.23e-03
 5.27344e+22	1.96e-07	4.29e-04	4.71e-02	2.42e-01	2.79e-01	3.89e-01	4.16e-02	1.06e-03
 5.30293e+22	2.37e-07	5.02e-04	5.29e-02	2.56e-01	2.83e-01	3.70e-01	3.67e-02	8.73e-04
 5.33306e+22	2.78e-07	5.72e-04	5.83e-02	2.68e-01	2.87e-01	3.52e-01	3.30e-02	7.39e-04
 5.35981e+22	3.25e-07	6.49e-04	6.39e-02	2.80e-01	2.89e-01	3.36e-01	2.96e-02	6.28e-04
 5.39038e+22	3.95e-07	7.62e-04	7.16e-02	2.95e-01	2.91e-01	3.15e-01	2.58e-02	5.09e-04
 5.42158e+22	4.68e-07	8.71e-04	7.87e-02	3.07e-01	2.92e-01	2.97e-01	2.28e-02	4.24e-04
 5.44931e+22	5.48e-07	9.90e-04	8.60e-02	3.19e-01	2.93e-01	2.81e-01	2.02e-02	3.54e-04
 5.48103e+22	6.71e-07	1.16e-03	9.60e-02	3.34e-01	2.92e-01	2.60e-01	1.73e-02	2.81e-04
 5.51348e+22	7.97e-07	1.33e-03	1.05e-01	3.45e-01	2.90e-01	2.43e-01	1.51e-02	2.30e-04
 5.54125e+22	9.27e-07	1.51e-03	1.14e-01	3.55e-01	2.88e-01	2.27e-01	1.33e-02	1.91e-04
 5.57172e+22	1.12e-06	1.75e-03	1.26e-01	3.68e-01	2.84e-01	2.09e-01	1.13e-02	1.51e-04
 5.60298e+22	1.32e-06	1.99e-03	1.36e-01	3.77e-01	2.81e-01	1.94e-01	9.87e-03	1.24e-04
 5.63082e+22	1.54e-06	2.25e-03	1.47e-01	3.86e-01	2.76e-01	1.80e-01	8.59e-03	1.01e-04
 5.66259e+22	1.87e-06	2.62e-03	1.61e-01	3.96e-01	2.70e-01	1.63e-01	7.18e-03	7.84e-05
 5.69489e+22	2.19e-06	2.98e-03	1.74e-01	4.04e-01	2.63e-01	1.50e-01	6.16e-03	6.30e-05
 5.72230e+22	2.53e-06	3.33e-03	1.86e-01	4.10e-01	2.57e-01	1.39e-01	5.35e-03	5.15e-05
 5.75239e+22	3.03e-06	3.83e-03	2.01e-01	4.16e-01	2.49e-01	1.25e-01	4.47e-03	4.00e-05
 5.78329e+22	3.53e-06	4.31e-03	2.15e-01	4.21e-01	2.42e-01	1.15e-01	3.83e-03	3.22e-05
 5.81093e+22	4.09e-06	4.83e-03	2.29e-01	4.24e-01	2.34e-01	1.05e-01	3.28e-03	2.59e-05
 5.83580e+22	4.62e-06	5.30e-03	2.40e-01	4.27e-01	2.27e-01	9.72e-02	2.88e-03	2.16e-05
 5.85799e+22	5.17e-06	5.78e-03	2.52e-01	4.28e-01	2.21e-01	9.04e-02	2.55e-03	1.82e-05
 5.88347e+22	5.98e-06	6.45e-03	2.66e-01	4.30e-01	2.13e-01	8.23e-02	2.17e-03	1.46e-05
 5.90981e+22	6.80e-06	7.10e-03	2.80e-01	4.30e-01	2.05e-01	7.55e-02	1.88e-03	1.19e-05
 5.93305e+22	7.64e-06	7.75e-03	2.93e-01	4.30e-01	1.98e-01	6.97e-02	1.64e-03	9.88e-06
 5.95906e+22	8.88e-06	8.67e-03	3.09e-01	4.29e-01	1.90e-01	6.27e-02	1.38e-03	7.76e-06
 5.98557e+22	1.00e-05	9.47e-03	3.23e-01	4.27e-01	1.82e-01	5.75e-02	1.19e-03	6.36e-06
 6.01275e+22	1.17e-05	1.06e-02	3.40e-01	4.24e-01	1.73e-01	5.13e-02	9.91e-04	4.92e-06
 6.04014e+22	1.32e-05	1.16e-02	3.54e-01	4.21e-01	1.65e-01	4.68e-02	8.53e-04	4.00e-06
 6.06782e+22	1.54e-05	1.30e-02	3.72e-01	4.16e-01	1.56e-01	4.16e-02	7.02e-04	3.07e-06
 6.09588e+22	1.74e-05	1.41e-02	3.87e-01	4.12e-01	1.48e-01	3.77e-02	6.00e-04	2.47e-06
 6.12444e+22	2.03e-05	1.58e-02	4.06e-01	4.05e-01	1.39e-01	3.32e-02	4.89e-04	1.87e-06
 6.15337e+22	2.30e-05	1.73e-02	4.21e-01	3.99e-01	1.32e-01	3.00e-02	4.15e-04	1.50e-06
 6.18279e+22	2.71e-05	1.94e-02	4.40e-01	3.91e-01	1.23e-01	2.62e-02	3.34e-04	1.11e-06
 6.21238e+22	3.07e-05	2.12e-02	4.55e-01	3.84e-01	1.16e-01	2.35e-02	2.82e-04	8.83e-07
 6.24219e+22	3.60e-05	2.37e-02	4.74e-01	3.74e-01	1.07e-01	2.05e-02	2.26e-04	6.56e-07
 6.27287e+22	4.10e-05	2.59e-02	4.90e-01	3.65e-01	1.00e-01	1.82e-02	1.88e-04	5.09e-07
 6.30469e+22	4.86e-05	2.91e-02	5.09e-01	3.54e-01	9.22e-02	1.56e-02	1.47e-04	3.68e-07
 6.33702e+22	5.55e-05	3.18e-02	5.24e-01	3.44e-01	8.58e-02	1.38e-02	1.21e-04	2.83e-07
 6.36261e+22	6.14e-05	3.41e-02	5.36e-01	3.36e-01	8.11e-02	1.25e-02	1.04e-04	2.31e-07
 6.38846e+22	7.02e-05	3.73e-02	5.51e-01	3.26e-01	7.52e-02	1.10e-02	8.54e-05	1.76e-07
 6.41439e+22	7.77e-05	3.99e-02	5.62e-01	3.17e-01	7.09e-02	9.96e-03	7.30e-05	1.43e-07
 6.44040e+22	8.84e-05	4.35e-02	5.75e-01	3.07e-01	6.57e-02	8.76e-03	5.99e-05	0.00e+00
 6.46709e+22	9.85e-05	4.67e-02	5.86e-01	2.98e-01	6.15e-02	7.85e-03	5.06e-05	0.00e+00
 6.49465e+22	1.13e-04	5.11e-02	5.99e-01	2.86e-01	5.65e-02	6.84e-03	4.08e-05	0.00e+00
 6.52248e+22	1.25e-04	5.48e-02	6.09e-01	2.77e-01	5.27e-02	6.11e-03	3.43e-05	0.00e+00
 6.55065e+22	1.44e-04	6.00e-02	6.22e-01	2.65e-01	4.81e-02	5.27e-03	2.74e-05	0.00e+00
 6.57892e+22	1.60e-04	6.41e-02	6.31e-01	2.55e-01	4.48e-02	4.70e-03	2.30e-05	0.00e+00
 6.60731e+22	1.83e-04	6.99e-02	6.41e-01	2.44e-01	4.09e-02	4.06e-03	1.83e-05	0.00e+00
 6.63649e+22	2.04e-04	7.49e-02	6.50e-01	2.34e-01	3.78e-02	3.59e-03	1.52e-05	0.00e+00
 6.66670e+22	2.36e-04	8.21e-02	6.59e-01	2.21e-01	3.42e-02	3.05e-03	1.19e-05	0.00e+00
 6.69715e+22	2.62e-04	8.75e-02	6.66e-01	2.12e-01	3.15e-02	2.69e-03	9.81e-06	0.00e+00
 6.72018e+22	2.82e-04	9.16e-02	6.71e-01	2.05e-01	2.98e-02	2.46e-03	8.56e-06	0.00e+00
 6.73924e+22	3.04e-04	9.58e-02	6.75e-01	1.99e-01	2.82e-02	2.26e-03	7.50e-06	0.00e+00
 6.76089e+22	3.34e-04	1.02e-01	6.79e-01	1.90e-01	2.61e-02	2.01e-03	6.28e-06	0.00e+00
 6.78903e+22	3.80e-04	1.10e-01	6.84e-01	1.80e-01	2.37e-02	1.72e-03	4.97e-06	0.00e+00
 6.81487e+22	4.09e-04	1.15e-01	6.87e-01	1.73e-01	2.22e-02	1.56e-03	4.31e-06	0.00e+00
 6.83425e+22	4.39e-04	1.20e-01	6.90e-01	1.67e-01	2.10e-02	1.43e-03	3.77e-06	0.00e+00
 6.85062e+22	4.62e-04	1.24e-01	6.91e-01	1.63e-01	2.01e-02	1.34e-03	3.41e-06	0.00e+00
 6.86657e+22	4.95e-04	1.29e-01	6.93e-01	1.57e-01	1.90e-02	1.23e-03	2.99e-06	0.00e+00
 6.88730e+22	5.42e-04	1.36e-01	6.94e-01	1.50e-01	1.76e-02	1.09e-03	2.51e-06	0.00e+00
 6.91426e+22	6.12e-04	1.47e-01	6.95e-01	1.41e-01	1.59e-02	9.32e-04	1.98e-06	0.00e+00
 6.94039e+22	6.60e-04	1.53e-01	6.96e-01	1.35e-01	1.48e-02	8.40e-04	1.70e-06	0.00e+00
 6.96546e+22	7.35e-04	1.63e-01	6.95e-01	1.27e-01	1.35e-02	7.26e-04	1.37e-06	0.00e+00
 6.99804e+22	8.47e-04	1.77e-01	6.93e-01	1.16e-01	1.19e-02	5.98e-04	1.02e-06	0.00e+00
 7.03099e+22	9.39e-04	1.88e-01	6.91e-01	1.09e-01	1.08e-02	5.16e-04	8.24e-07	0.00e+00
 7.06444e+22	1.08e-03	2.04e-01	6.85e-01	9.95e-02	9.49e-03	4.21e-04	6.10e-07	0.00e+00
 7.10017e+22	1.22e-03	2.19e-01	6.80e-01	9.14e-02	8.43e-03	3.51e-04	4.67e-07	0.00e+00
 7.13889e+22	1.45e-03	2.40e-01	6.69e-01	8.12e-02	7.18e-03	2.74e-04	3.24e-07	0.00e+00
 7.17744e+22	1.63e-03	2.56e-01	6.61e-01	7.43e-02	6.37e-03	2.27e-04	2.48e-07	0.00e+00
 7.21578e+22	1.93e-03	2.81e-01	6.46e-01	6.52e-02	5.39e-03	1.75e-04	1.69e-07	0.00e+00
 7.25441e+22	2.19e-03	3.00e-01	6.34e-01	5.88e-02	4.74e-03	1.43e-04	0.00e+00	0.00e+00
 7.29340e+22	2.61e-03	3.31e-01	6.12e-01	5.06e-02	3.94e-03	1.07e-04	0.00e+00	0.00e+00
 7.33253e+22	2.99e-03	3.55e-01	5.94e-01	4.47e-02	3.40e-03	8.51e-05	0.00e+00	0.00e+00
 7.36238e+22	3.29e-03	3.73e-01	5.80e-01	4.07e-02	3.06e-03	7.17e-05	0.00e+00	0.00e+00
 7.39174e+22	3.80e-03	4.01e-01	5.57e-01	3.54e-02	2.61e-03	5.57e-05	0.00e+00	0.00e+00
 7.42099e+22	4.23e-03	4.23e-01	5.39e-01	3.17e-02	2.30e-03	4.57e-05	0.00e+00	0.00e+00
 7.45010e+22	4.88e-03	4.55e-01	5.11e-01	2.71e-02	1.94e-03	3.48e-05	0.00e+00	0.00e+00
 7.47959e+22	5.51e-03	4.82e-01	4.88e-01	2.37e-02	1.67e-03	2.75e-05	0.00e+00	0.00e+00
 7.50522e+22	6.19e-03	5.09e-01	4.63e-01	2.06e-02	1.44e-03	2.17e-05	0.00e+00	0.00e+00
 7.53416e+22	7.21e-03	5.46e-01	4.29e-01	1.69e-02	1.17e-03	1.57e-05	0.00e+00	0.00e+00
 7.56369e+22	8.24e-03	5.79e-01	3.98e-01	1.42e-02	9.69e-04	1.16e-05	0.00e+00	0.00e+00
 7.58949e+22	9.36e-03	6.10e-01	3.68e-01	1.18e-02	8.00e-04	8.64e-06	0.00e+00	0.00e+00
 7.61855e+22	1.10e-02	6.51e-01	3.29e-01	9.24e-03	6.19e-04	5.81e-06	0.00e+00	0.00e+00
 7.64927e+22	1.28e-02	6.89e-01	2.91e-01	7.18e-03	4.75e-04	3.88e-06	0.00e+00	0.00e+00
 7.67731e+22	1.49e-02	7.25e-01	2.55e-01	5.52e-03	3.60e-04	2.55e-06	0.00e+00	0.00e+00
 7.70889e+22	1.80e-02	7.67e-01	2.11e-01	3.91e-03	2.48e-04	1.47e-06	0.00e+00	0.00e+00
 7.74083e+22	2.14e-02	8.02e-01	1.74e-01	2.78e-03	1.70e-04	8.56e-07	0.00e+00	0.00e+00
 7.76644e+22	2.48e-02	8.28e-01	1.45e-01	2.06e-03	1.21e-04	5.30e-07	0.00e+00	0.00e+00
 7.78182e+22	2.67e-02	8.40e-01	1.31e-01	1.76e-03	1.01e-04	4.13e-07	0.00e+00	0.00e+00
 7.78792e+22	2.77e-02	8.45e-01	1.25e-01	1.63e-03	9.24e-05	3.67e-07	0.00e+00	0.00e+00
 7.79270e+22	2.86e-02	8.50e-01	1.20e-01	1.53e-03	8.56e-05	3.31e-07	0.00e+00	0.00e+00
 7.79853e+22	2.97e-02	8.55e-01	1.14e-01	1.42e-03	7.79e-05	2.92e-07	0.00e+00	0.00e+00
 7.80560e+22	3.11e-02	8.61e-01	1.07e-01	1.29e-03	6.94e-05	2.50e-07	0.00e+00	0.00e+00
 7.81287e+22	3.26e-02	8.66e-01	1.00e-01	1.17e-03	6.16e-05	2.13e-07	0.00e+00	0.00e+00
 7.81951e+22	3.40e-02	8.71e-01	9.41e-02	1.07e-03	5.52e-05	1.85e-07	0.00e+00	0.00e+00
 7.82579e+22	3.55e-02	8.75e-01	8.84e-02	9.83e-04	4.94e-05	1.60e-07	0.00e+00	0.00e+00
 7.83190e+22	3.69e-02	8.79e-01	8.33e-02	9.07e-04	4.45e-05	1.41e-07	0.00e+00	0.00e+00
 7.83804e+22	3.86e-02	8.82e-01	7.82e-02	8.33e-04	3.98e-05	0.00e+00	0.00e+00	0.00e+00
 7.84421e+22	4.02e-02	8.86e-01	7.34e-02	7.66e-04	3.56e-05	0.00e+00	0.00e+00	0.00e+00
 7.85029e+22	4.20e-02	8.89e-01	6.87e-02	7.03e-04	3.17e-05	0.00e+00	0.00e+00	0.00e+00
 7.85627e+22	4.39e-02	8.91e-01	6.44e-02	6.49e-04	2.83e-05	0.00e+00	0.00e+00	0.00e+00
 7.86196e+22	4.57e-02	8.93e-01	6.05e-02	6.00e-04	2.54e-05	0.00e+00	0.00e+00	0.00e+00
 7.86761e+22	4.76e-02	8.95e-01	5.68e-02	5.55e-04	2.27e-05	0.00e+00	0.00e+00	0.00e+00
 7.87349e+22	4.98e-02	8.97e-01	5.29e-02	5.11e-04	2.02e-05	0.00e+00	0.00e+00	0.00e+00
 7.87928e+22	5.19e-02	8.98e-01	4.95e-02	4.73e-04	1.80e-05	0.00e+00	0.00e+00	0.00e+00
 7.88488e+22	5.44e-02	8.99e-01	4.62e-02	4.38e-04	1.60e-05	0.00e+00	0.00e+00	0.00e+00
 7.89037e+22	5.66e-02	9.00e-01	4.33e-02	4.07e-04	1.43e-05	0.00e+00	0.00e+00	0.00e+00
 7.89583e+22	5.92e-02	9.00e-01	4.04e-02	3.78e-04	1.28e-05	0.00e+00	0.00e+00	0.00e+00
 7.90141e+22	6.20e-02	9.00e-01	3.76e-02	3.51e-04	1.13e-05	0.00e+00	0.00e+00	0.00e+00
 7.90677e+22	6.47e-02	9.00e-01	3.51e-02	3.27e-04	1.01e-05	0.00e+00	0.00e+00	0.00e+00
 7.91198e+22	6.73e-02	8.99e-01	3.29e-02	3.06e-04	9.06e-06	0.00e+00	0.00e+00	0.00e+00
 7.91757e+22	7.07e-02	8.99e-01	3.05e-02	2.84e-04	7.98e-06	0.00e+00	0.00e+00	0.00e+00
 7.92320e+22	7.42e-02	8.97e-01	2.83e-02	2.64e-04	7.04e-06	0.00e+00	0.00e+00	0.00e+00
 7.92832e+22	7.75e-02	8.96e-01	2.64e-02	2.47e-04	6.29e-06	0.00e+00	0.00e+00	0.00e+00
 7.93334e+22	8.06e-02	8.94e-01	2.47e-02	2.32e-04	5.65e-06	0.00e+00	0.00e+00	0.00e+00
 7.93891e+22	8.47e-02	8.92e-01	2.28e-02	2.16e-04	4.97e-06	0.00e+00	0.00e+00	0.00e+00
 7.94467e+22	8.92e-02	8.90e-01	2.10e-02	2.02e-04	4.36e-06	0.00e+00	0.00e+00	0.00e+00
 7.94991e+22	9.35e-02	8.87e-01	1.95e-02	1.89e-04	3.87e-06	0.00e+00	0.00e+00	0.00e+00
 7.95482e+22	9.73e-02	8.84e-01	1.82e-02	1.79e-04	3.48e-06	0.00e+00	0.00e+00	0.00e+00
 7.96016e+22	1.02e-01	8.81e-01	1.68e-02	1.67e-04	3.07e-06	0.00e+00	0.00e+00	0.00e+00
 7.96589e+22	1.08e-01	8.77e-01	1.54e-02	1.57e-04	2.69e-06	0.00e+00	0.00e+00	0.00e+00
 7.97124e+22	1.13e-01	8.72e-01	1.43e-02	1.47e-04	2.37e-06	0.00e+00	0.00e+00	0.00e+00
 7.97622e+22	1.18e-01	8.69e-01	1.33e-02	1.39e-04	2.13e-06	0.00e+00	0.00e+00	0.00e+00
 7.98164e+22	1.24e-01	8.64e-01	1.22e-02	1.31e-04	1.88e-06	0.00e+00	0.00e+00	0.00e+00
 7.98754e+22	1.31e-01	8.58e-01	1.12e-02	1.23e-04	1.64e-06	0.00e+00	0.00e+00	0.00e+00
 7.99315e+22	1.38e-01	8.52e-01	1.03e-02	1.16e-04	1.44e-06	0.00e+00	0.00e+00	0.00e+00
 7.99846e+22	1.44e-01	8.46e-01	9.49e-03	1.10e-04	1.28e-06	0.00e+00	0.00e+00	0.00e+00
 8.00402e+22	1.51e-01	8.40e-01	8.70e-03	1.03e-04	1.13e-06	0.00e+00	0.00e+00	0.00e+00
 8.00992e+22	1.59e-01	8.33e-01	7.95e-03	9.73e-05	9.89e-07	0.00e+00	0.00e+00	0.00e+00
 8.01573e+22	1.68e-01	8.25e-01	7.27e-03	9.19e-05	8.69e-07	0.00e+00	0.00e+00	0.00e+00
 8.02148e+22	1.76e-01	8.17e-01	6.64e-03	8.68e-05	7.64e-07	0.00e+00	0.00e+00	0.00e+00
 8.02719e+22	1.85e-01	8.09e-01	6.09e-03	8.23e-05	6.76e-07	0.00e+00	0.00e+00	0.00e+00
 8.03320e+22	1.95e-01	8.00e-01	5.54e-03	7.77e-05	5.92e-07	0.00e+00	0.00e+00	0.00e+00
 8.03950e+22	2.05e-01	7.90e-01	5.03e-03	7.34e-05	5.17e-07	0.00e+00	0.00e+00	0.00e+00
 8.04565e+22	2.16e-01	7.80e-01	4.57e-03	6.95e-05	4.54e-07	0.00e+00	0.00e+00	0.00e+00
 8.05187e+22	2.26e-01	7.69e-01	4.16e-03	6.58e-05	3.99e-07	0.00e+00	0.00e+00	0.00e+00
 8.05855e+22	2.39e-01	7.58e-01	3.75e-03	6.21e-05	3.47e-07	0.00e+00	0.00e+00	0.00e+00
 8.06544e+22	2.51e-01	7.45e-01	3.38e-03	5.86e-05	3.02e-07	0.00e+00	0.00e+00	0.00e+00
 8.07217e+22	2.64e-01	7.33e-01	3.06e-03	5.55e-05	2.64e-07	0.00e+00	0.00e+00	0.00e+00
 8.07916e+22	2.78e-01	7.19e-01	2.75e-03	5.24e-05	2.30e-07	0.00e+00	0.00e+00	0.00e+00
 8.08594e+22	2.90e-01	7.07e-01	2.49e-03	4.98e-05	2.03e-07	0.00e+00	0.00e+00	0.00e+00
 8.09204e+22	3.02e-01	6.95e-01	2.28e-03	4.75e-05	1.81e-07	0.00e+00	0.00e+00	0.00e+00
 8.09821e+22	3.15e-01	6.83e-01	2.09e-03	4.53e-05	1.62e-07	0.00e+00	0.00e+00	0.00e+00
 8.10468e+22	3.28e-01	6.71e-01	1.90e-03	4.32e-05	1.44e-07	0.00e+00	0.00e+00	0.00e+00
 8.11142e+22	3.41e-01	6.57e-01	1.73e-03	4.11e-05	1.27e-07	0.00e+00	0.00e+00	0.00e+00
 8.11829e+22	3.55e-01	6.44e-01	1.57e-03	3.91e-05	1.13e-07	0.00e+00	0.00e+00	0.00e+00
 8.12525e+22	3.69e-01	6.30e-01	1.43e-03	3.72e-05	0.00e+00	0.00e+00	0.00e+00	0.00e+00
 8.13238e+22	3.83e-01	6.16e-01	1.30e-03	3.54e-05	0.00e+00	0.00e+00	0.00e+00	0.00e+00
 8.13974e+22	3.98e-01	6.01e-01	1.18e-03	3.37e-05	0.00e+00	0.00e+00	0.00e+00	0.00e+00
 8.14730e+22	4.13e-01	5.86e-01	1.07e-03	3.20e-05	0.00e+00	0.00e+00	0.00e+00	0.00e+00
 8.15505e+22	4.28e-01	5.71e-01	9.76e-04	3.04e-05	0.00e+00	0.00e+00	0.00e+00	0.00e+00
 8.16305e+22	4.43e-01	5.56e-01	8.87e-04	2.89e-05	0.00e+00	0.00e+00	0.00e+00	0.00e+00
 8.17133e+22	4.58e-01	5.41e-01	8.07e-04	2.74e-05	0.00e+00	0.00e+00	0.00e+00	0.00e+00
 8.17991e+22	4.74e-01	5.26e-01	7.33e-04	2.60e-05	0.00e+00	0.00e+00	0.00e+00	0.00e+00
 8.18881e+22	4.89e-01	5.10e-01	6.67e-04	2.46e-05	0.00e+00	0.00e+00	0.00e+00	0.00e+00
 8.19805e+22	5.05e-01	4.95e-01	6.08e-04	2.33e-05	0.00e+00	0.00e+00	0.00e+00	0.00e+00
 8.20770e+22	5.20e-01	4.79e-01	5.54e-04	2.20e-05	0.00e+00	0.00e+00	0.00e+00	0.00e+00
 8.21784e+22	5.36e-01	4.63e-01	5.05e-04	2.08e-05	0.00e+00	0.00e+00	0.00e+00	0.00e+00
 8.22850e+22	5.52e-01	4.48e-01	4.61e-04	1.97e-05	0.00e+00	0.00e+00	0.00e+00	0.00e+00
 8.23973e+22	5.67e-01	4.32e-01	4.21e-04	1.85e-05	0.00e+00	0.00e+00	0.00e+00	0.00e+00
 8.25163e+22	5.83e-01	4.17e-01	3.85e-04	1.75e-05	0.00e+00	0.00e+00	0.00e+00	0.00e+00
 8.26432e+22	5.98e-01	4.02e-01	3.53e-04	1.64e-05	0.00e+00	0.00e+00	0.00e+00	0.00e+00
 8.27778e+22	6.13e-01	3.86e-01	3.24e-04	1.55e-05	0.00e+00	0.00e+00	0.00e+00	0.00e+00
 8.29191e+22	6.28e-01	3.72e-01	2.98e-04	1.45e-05	0.00e+00	0.00e+00	0.00e+00	0.00e+00
 8.30677e+22	6.42e-01	3.58e-01	2.75e-04	1.37e-05	0.00e+00	0.00e+00	0.00e+00	0.00e+00
 8.32251e+22	6.56e-01	3.44e-01	2.54e-04	1.28e-05	0.00e+00	0.00e+00	0.00e+00	0.00e+00
 8.33909e+22	6.70e-01	3.30e-01	2.35e-04	1.21e-05	0.00e+00	0.00e+00	0.00e+00	0.00e+00
 8.35654e+22	6.83e-01	3.17e-01	2.18e-04	1.13e-05	0.00e+00	0.00e+00	0.00e+00	0.00e+00
 8.37481e+22	6.96e-01	3.04e-01	2.03e-04	1.06e-05	0.00e+00	0.00e+00	0.00e+00	0.00e+00
 8.39343e+22	7.09e-01	2.91e-01	1.89e-04	9.97e-06	0.00e+00	0.00e+00	0.00e+00	0.00e+00
 8.41222e+22	7.21e-01	2.79e-01	1.77e-04	9.36e-06	0.00e+00	0.00e+00	0.00e+00	0.00e+00
 8.43064e+22	7.32e-01	2.67e-01	1.66e-04	8.84e-06	0.00e+00	0.00e+00	0.00e+00	0.00e+00
 8.44868e+22	7.43e-01	2.57e-01	1.57e-04	8.34e-06	0.00e+00	0.00e+00	0.00e+00	0.00e+00
 8.46676e+22	7.54e-01	2.46e-01	1.48e-04	7.89e-06	0.00e+00	0.00e+00	0.00e+00	0.00e+00
 8.48459e+22	7.64e-01	2.36e-01	1.40e-04	7.47e-06	0.00e+00	0.00e+00	0.00e+00	0.00e+00
 8.50237e+22	7.74e-01	2.26e-01	1.33e-04	7.07e-06	0.00e+00	0.00e+00	0.00e+00	0.00e+00
 8.51991e+22	7.84e-01	2.16e-01	1.26e-04	6.70e-06	0.00e+00	0.00e+00	0.00e+00	0.00e+00
 8.53669e+22	7.93e-01	2.07e-01	1.20e-04	6.37e-06	0.00e+00	0.00e+00	0.00e+00	0.00e+00
 8.55295e+22	8.01e-01	1.99e-01	1.15e-04	6.06e-06	0.00e+00	0.00e+00	0.00e+00	0.00e+00
 8.56896e+22	8.10e-01	1.90e-01	1.10e-04	5.77e-06	0.00e+00	0.00e+00	0.00e+00	0.00e+00
 8.58467e+22	8.18e-01	1.82e-01	1.06e-04	5.50e-06	0.00e+00	0.00e+00	0.00e+00	0.00e+00
 8.60004e+22	8.26e-01	1.74e-01	1.01e-04	5.25e-06	0.00e+00	0.00e+00	0.00e+00	0.00e+00
 8.61496e+22	8.33e-01	1.66e-01	9.76e-05	5.02e-06	0.00e+00	0.00e+00	0.00e+00	0.00e+00
 8.62944e+22	8.41e-01	1.59e-01	9.41e-05	4.80e-06	0.00e+00	0.00e+00	0.00e+00	0.00e+00
 8.64368e+22	8.48e-01	1.52e-01	9.08e-05	4.59e-06	0.00e+00	0.00e+00	0.00e+00	0.00e+00
 8.65783e+22	8.55e-01	1.45e-01	8.77e-05	4.39e-06	0.00e+00	0.00e+00	0.00e+00	0.00e+00
 8.67183e+22	8.61e-01	1.39e-01	8.48e-05	4.20e-06	0.00e+00	0.00e+00	0.00e+00	0.00e+00
 8.68532e+22	8.68e-01	1.32e-01	8.22e-05	4.03e-06	0.00e+00	0.00e+00	0.00e+00	0.00e+00
 8.69836e+22	8.73e-01	1.26e-01	7.98e-05	3.87e-06	0.00e+00	0.00e+00	0.00e+00	0.00e+00
 8.71108e+22	8.79e-01	1.21e-01	7.75e-05	3.72e-06	0.00e+00	0.00e+00	0.00e+00	0.00e+00
 8.72322e+22	8.84e-01	1.15e-01	7.55e-05	3.59e-06	0.00e+00	0.00e+00	0.00e+00	0.00e+00
 8.73458e+22	8.89e-01	1.11e-01	7.37e-05	3.47e-06	0.00e+00	0.00e+00	0.00e+00	0.00e+00
 8.74527e+22	8.94e-01	1.06e-01	7.20e-05	3.36e-06	0.00e+00	0.00e+00	0.00e+00	0.00e+00
 8.75522e+22	8.98e-01	1.02e-01	7.05e-05	3.26e-06	0.00e+00	0.00e+00	0.00e+00	0.00e+00
 8.76277e+22	9.00e-01	9.97e-02	6.97e-05	3.21e-06	0.00e+00	0.00e+00	0.00e+00	0.00e+00
 8.76730e+22	9.02e-01	9.83e-02	6.92e-05	3.19e-06	0.00e+00	0.00e+00	0.00e+00	0.00e+00
 8.77044e+22	9.03e-01	9.74e-02	6.88e-05	3.17e-06	0.00e+00	0.00e+00	0.00e+00	0.00e+00
 8.77355e+22	9.04e-01	9.60e-02	6.84e-05	3.14e-06	0.00e+00	0.00e+00	0.00e+00	0.00e+00
 8.77709e+22	9.05e-01	9.45e-02	6.79e-05	3.11e-06	0.00e+00	0.00e+00	0.00e+00	0.00e+00
 8.78085e+22	9.07e-01	9.31e-02	6.73e-05	3.07e-06	0.00e+00	0.00e+00	0.00e+00	0.00e+00
 8.78454e+22	9.08e-01	9.15e-02	6.68e-05	3.04e-06	0.00e+00	0.00e+00	0.00e+00	0.00e+00
 8.78800e+22	9.10e-01	9.03e-02	6.64e-05	3.01e-06	0.00e+00	0.00e+00	0.00e+00	0.00e+00
 8.79144e+22	9.11e-01	8.90e-02	6.59e-05	2.98e-06	0.00e+00	0.00e+00	0.00e+00	0.00e+00
 8.79507e+22	9.12e-01	8.76e-02	6.54e-05	2.94e-06	0.00e+00	0.00e+00	0.00e+00	0.00e+00
 8.79870e+22	9.14e-01	8.63e-02	6.49e-05	2.91e-06	0.00e+00	0.00e+00	0.00e+00	0.00e+00
 8.80225e+22	9.15e-01	8.50e-02	6.45e-05	2.88e-06	0.00e+00	0.00e+00	0.00e+00	0.00e+00
 8.80574e+22	9.16e-01	8.37e-02	6.40e-05	2.86e-06	0.00e+00	0.00e+00	0.00e+00	0.00e+00
