#depth	Ne	Ne+	Ne+2	Ne+3	Ne+4	Ne+5	Ne+6	Ne+7	Ne+8	Ne+9	Ne+10
 1.54284e+22	3.36e-15	1.89e-10	4.70e-07	1.08e-04	7.13e-03	8.17e-02	1.79e-01	1.73e-01	4.55e-01	9.80e-02	5.72e-03
 3.48056e+22	4.09e-15	3.28e-10	1.01e-06	2.35e-04	1.40e-02	1.34e-01	2.33e-01	1.93e-01	3.67e-01	5.62e-02	2.34e-03
 4.07287e+22	4.96e-15	4.63e-10	1.53e-06	3.51e-04	1.93e-02	1.65e-01	2.54e-01	1.97e-01	3.22e-01	4.20e-02	1.49e-03
 4.36903e+22	5.62e-15	5.61e-10	1.92e-06	4.30e-04	2.25e-02	1.81e-01	2.62e-01	1.96e-01	2.99e-01	3.62e-02	1.19e-03
 4.51998e+22	6.07e-15	6.26e-10	2.16e-06	4.79e-04	2.44e-02	1.91e-01	2.67e-01	1.96e-01	2.88e-01	3.33e-02	1.05e-03
 4.64009e+22	6.73e-15	7.21e-10	2.53e-06	5.50e-04	2.71e-02	2.03e-01	2.72e-01	1.94e-01	2.72e-01	3.00e-02	9.00e-04
 4.76638e+22	7.45e-15	8.21e-10	2.90e-06	6.20e-04	2.96e-02	2.14e-01	2.75e-01	1.93e-01	2.60e-01	2.74e-02	7.87e-04
 4.90070e+22	8.49e-15	9.72e-10	3.47e-06	7.24e-04	3.31e-02	2.28e-01	2.80e-01	1.91e-01	2.43e-01	2.42e-02	6.56e-04
 5.03672e+22	9.58e-15	1.12e-09	4.01e-06	8.18e-04	3.61e-02	2.39e-01	2.83e-01	1.88e-01	2.31e-01	2.19e-02	5.69e-04
 5.17494e+22	1.12e-14	1.35e-09	4.84e-06	9.59e-04	4.03e-02	2.54e-01	2.85e-01	1.85e-01	2.15e-01	1.92e-02	4.71e-04
 5.31719e+22	1.30e-14	1.59e-09	5.65e-06	1.09e-03	4.41e-02	2.67e-01	2.87e-01	1.81e-01	2.02e-01	1.73e-02	4.04e-04
 5.46468e+22	1.58e-14	1.96e-09	6.93e-06	1.29e-03	4.94e-02	2.83e-01	2.88e-01	1.76e-01	1.86e-01	1.50e-02	3.29e-04
 5.60349e+22	1.83e-14	2.27e-09	7.94e-06	1.43e-03	5.31e-02	2.94e-01	2.89e-01	1.72e-01	1.76e-01	1.36e-02	2.88e-04
 5.73101e+22	2.21e-14	2.74e-09	9.46e-06	1.65e-03	5.83e-02	3.08e-01	2.89e-01	1.67e-01	1.63e-01	1.20e-02	2.41e-04
 5.85745e+22	2.56e-14	3.18e-09	1.08e-05	1.83e-03	6.25e-02	3.19e-01	2.88e-01	1.63e-01	1.54e-01	1.09e-02	2.11e-04
 5.98249e+22	3.12e-14	3.85e-09	1.29e-05	2.10e-03	6.83e-02	3.33e-01	2.86e-01	1.58e-01	1.43e-01	9.56e-03	1.76e-04
 6.10831e+22	3.66e-14	4.48e-09	1.47e-05	2.32e-03	7.29e-02	3.43e-01	2.85e-01	1.54e-01	1.34e-01	8.66e-03	1.53e-04
 6.23514e+22	4.52e-14	5.46e-09	1.75e-05	2.65e-03	7.94e-02	3.56e-01	2.82e-01	1.48e-01	1.24e-01	7.58e-03	1.27e-04
 6.36428e+22	5.39e-14	6.40e-09	2.00e-05	2.94e-03	8.48e-02	3.67e-01	2.80e-01	1.43e-01	1.16e-01	6.82e-03	1.10e-04
 6.49642e+22	6.78e-14	7.89e-09	2.40e-05	3.37e-03	9.22e-02	3.80e-01	2.76e-01	1.37e-01	1.06e-01	5.92e-03	9.08e-05
 6.63040e+22	8.17e-14	9.31e-09	2.75e-05	3.73e-03	9.83e-02	3.90e-01	2.72e-01	1.32e-01	9.86e-02	5.29e-03	7.80e-05
 6.76678e+22	1.04e-13	1.16e-08	3.30e-05	4.27e-03	1.07e-01	4.02e-01	2.67e-01	1.25e-01	8.96e-02	4.56e-03	6.37e-05
 6.90601e+22	1.27e-13	1.38e-08	3.81e-05	4.74e-03	1.14e-01	4.12e-01	2.63e-01	1.20e-01	8.30e-02	4.05e-03	5.43e-05
 7.04896e+22	1.66e-13	1.73e-08	4.59e-05	5.43e-03	1.23e-01	4.23e-01	2.56e-01	1.13e-01	7.47e-02	3.45e-03	4.37e-05
 7.19489e+22	2.05e-13	2.07e-08	5.31e-05	6.03e-03	1.31e-01	4.32e-01	2.51e-01	1.08e-01	6.87e-02	3.04e-03	3.69e-05
 7.34470e+22	2.72e-13	2.63e-08	6.44e-05	6.92e-03	1.42e-01	4.43e-01	2.43e-01	1.01e-01	6.14e-02	2.56e-03	2.93e-05
 7.49793e+22	3.40e-13	3.17e-08	7.49e-05	7.70e-03	1.51e-01	4.50e-01	2.37e-01	9.56e-02	5.60e-02	2.23e-03	2.44e-05
 7.65561e+22	4.57e-13	4.06e-08	9.11e-05	8.83e-03	1.63e-01	4.59e-01	2.28e-01	8.87e-02	4.95e-02	1.86e-03	1.92e-05
 7.81520e+22	5.75e-13	4.91e-08	1.06e-04	9.80e-03	1.73e-01	4.66e-01	2.21e-01	8.35e-02	4.50e-02	1.61e-03	1.59e-05
 7.97728e+22	7.81e-13	6.32e-08	1.29e-04	1.12e-02	1.86e-01	4.73e-01	2.12e-01	7.70e-02	3.95e-02	1.33e-03	1.23e-05
 8.14121e+22	9.86e-13	7.65e-08	1.49e-04	1.24e-02	1.97e-01	4.77e-01	2.05e-01	7.21e-02	3.57e-02	1.15e-03	1.02e-05
 8.30752e+22	1.35e-12	9.86e-08	1.82e-04	1.42e-02	2.11e-01	4.82e-01	1.95e-01	6.60e-02	3.11e-02	9.39e-04	7.82e-06
 8.47012e+22	1.68e-12	1.18e-07	2.08e-04	1.56e-02	2.21e-01	4.84e-01	1.88e-01	6.19e-02	2.82e-02	8.15e-04	6.49e-06
 8.62791e+22	2.24e-12	1.49e-07	2.50e-04	1.76e-02	2.36e-01	4.87e-01	1.78e-01	5.67e-02	2.47e-02	6.72e-04	5.05e-06
 8.79154e+22	2.83e-12	1.80e-07	2.88e-04	1.93e-02	2.47e-01	4.87e-01	1.70e-01	5.27e-02	2.21e-02	5.75e-04	4.13e-06
 8.93103e+22	3.49e-12	2.13e-07	3.27e-04	2.10e-02	2.58e-01	4.88e-01	1.64e-01	4.93e-02	2.00e-02	4.99e-04	3.44e-06
 9.08062e+22	4.57e-12	2.64e-07	3.85e-04	2.34e-02	2.71e-01	4.87e-01	1.55e-01	4.52e-02	1.76e-02	4.16e-04	2.71e-06
 9.23140e+22	5.63e-12	3.12e-07	4.37e-04	2.54e-02	2.82e-01	4.85e-01	1.48e-01	4.22e-02	1.59e-02	3.60e-04	2.25e-06
 9.38371e+22	7.33e-12	3.85e-07	5.11e-04	2.81e-02	2.96e-01	4.83e-01	1.40e-01	3.86e-02	1.40e-02	3.00e-04	1.78e-06
 9.54067e+22	9.25e-12	4.63e-07	5.87e-04	3.07e-02	3.08e-01	4.80e-01	1.33e-01	3.56e-02	1.24e-02	2.54e-04	1.43e-06
 9.67974e+22	1.14e-11	5.47e-07	6.64e-04	3.32e-02	3.19e-01	4.76e-01	1.27e-01	3.30e-02	1.12e-02	2.19e-04	1.18e-06
 9.83659e+22	1.48e-11	6.72e-07	7.75e-04	3.66e-02	3.33e-01	4.71e-01	1.19e-01	3.01e-02	9.77e-03	1.81e-04	9.28e-07
 1.00020e+23	1.89e-11	8.14e-07	8.92e-04	4.00e-02	3.45e-01	4.65e-01	1.12e-01	2.75e-02	8.60e-03	1.51e-04	7.39e-07
 1.01527e+23	2.36e-11	9.70e-07	1.02e-03	4.34e-02	3.57e-01	4.60e-01	1.06e-01	2.53e-02	7.64e-03	1.28e-04	5.97e-07
 1.03226e+23	3.11e-11	1.21e-06	1.19e-03	4.79e-02	3.72e-01	4.52e-01	9.83e-02	2.27e-02	6.57e-03	1.04e-04	4.57e-07
 1.04978e+23	3.98e-11	1.46e-06	1.37e-03	5.22e-02	3.84e-01	4.44e-01	9.19e-02	2.06e-02	5.74e-03	8.62e-05	3.60e-07
 1.06534e+23	4.99e-11	1.75e-06	1.56e-03	5.65e-02	3.96e-01	4.36e-01	8.62e-02	1.89e-02	5.05e-03	7.24e-05	2.88e-07
 1.08293e+23	6.61e-11	2.18e-06	1.83e-03	6.22e-02	4.10e-01	4.25e-01	7.94e-02	1.68e-02	4.31e-03	5.80e-05	2.17e-07
 1.10120e+23	8.51e-11	2.65e-06	2.11e-03	6.77e-02	4.23e-01	4.15e-01	7.36e-02	1.52e-02	3.72e-03	4.75e-05	1.68e-07
 1.11760e+23	1.07e-10	3.18e-06	2.41e-03	7.32e-02	4.34e-01	4.05e-01	6.84e-02	1.37e-02	3.25e-03	3.94e-05	1.33e-07
 1.13617e+23	1.44e-10	4.00e-06	2.84e-03	8.06e-02	4.48e-01	3.92e-01	6.23e-02	1.21e-02	2.72e-03	3.09e-05	0.00e+00
 1.15537e+23	1.86e-10	4.86e-06	3.27e-03	8.74e-02	4.59e-01	3.80e-01	5.73e-02	1.08e-02	2.33e-03	2.51e-05	0.00e+00
 1.17539e+23	2.54e-10	6.18e-06	3.88e-03	9.65e-02	4.72e-01	3.65e-01	5.15e-02	9.42e-03	1.92e-03	1.93e-05	0.00e+00
 1.19562e+23	3.27e-10	7.53e-06	4.46e-03	1.04e-01	4.82e-01	3.52e-01	4.71e-02	8.39e-03	1.64e-03	1.55e-05	0.00e+00
 1.21338e+23	4.18e-10	9.09e-06	5.10e-03	1.13e-01	4.91e-01	3.39e-01	4.31e-02	7.48e-03	1.40e-03	1.25e-05	0.00e+00
 1.23371e+23	5.72e-10	1.16e-05	6.05e-03	1.24e-01	5.01e-01	3.23e-01	3.84e-02	6.45e-03	1.14e-03	9.49e-06	0.00e+00
 1.25433e+23	7.39e-10	1.41e-05	6.94e-03	1.33e-01	5.09e-01	3.09e-01	3.48e-02	5.70e-03	9.63e-04	7.54e-06	0.00e+00
 1.27533e+23	1.01e-09	1.78e-05	8.19e-03	1.46e-01	5.17e-01	2.92e-01	3.07e-02	4.89e-03	7.80e-04	5.68e-06	0.00e+00
 1.29666e+23	1.31e-09	2.17e-05	9.40e-03	1.57e-01	5.23e-01	2.78e-01	2.76e-02	4.29e-03	6.52e-04	4.46e-06	0.00e+00
 1.31556e+23	1.68e-09	2.63e-05	1.07e-02	1.68e-01	5.27e-01	2.64e-01	2.49e-02	3.77e-03	5.47e-04	3.52e-06	0.00e+00
 1.33727e+23	2.32e-09	3.36e-05	1.27e-02	1.83e-01	5.32e-01	2.47e-01	2.17e-02	3.19e-03	4.34e-04	2.58e-06	0.00e+00
 1.35928e+23	2.99e-09	4.07e-05	1.45e-02	1.96e-01	5.34e-01	2.33e-01	1.93e-02	2.78e-03	3.60e-04	2.01e-06	0.00e+00
 1.38167e+23	4.15e-09	5.21e-05	1.71e-02	2.13e-01	5.35e-01	2.16e-01	1.66e-02	2.33e-03	2.82e-04	1.46e-06	0.00e+00
 1.40436e+23	5.36e-09	6.32e-05	1.96e-02	2.27e-01	5.34e-01	2.02e-01	1.47e-02	2.02e-03	2.32e-04	1.12e-06	0.00e+00
 1.42744e+23	7.45e-09	8.09e-05	2.31e-02	2.46e-01	5.31e-01	1.85e-01	1.26e-02	1.67e-03	1.79e-04	7.98e-07	0.00e+00
 1.45008e+23	9.48e-09	9.68e-05	2.61e-02	2.60e-01	5.28e-01	1.73e-01	1.11e-02	1.45e-03	1.48e-04	6.19e-07	0.00e+00
 1.47214e+23	1.29e-08	1.22e-04	3.04e-02	2.78e-01	5.22e-01	1.58e-01	9.48e-03	1.21e-03	1.15e-04	4.44e-07	0.00e+00
 1.49347e+23	1.60e-08	1.43e-04	3.39e-02	2.92e-01	5.16e-01	1.48e-01	8.46e-03	1.06e-03	9.61e-05	3.50e-07	0.00e+00
 1.51384e+23	2.11e-08	1.76e-04	3.88e-02	3.09e-01	5.08e-01	1.36e-01	7.28e-03	8.91e-04	7.61e-05	2.58e-07	0.00e+00
 1.53428e+23	2.62e-08	2.06e-04	4.31e-02	3.23e-01	5.00e-01	1.26e-01	6.44e-03	7.75e-04	6.30e-05	2.01e-07	0.00e+00
 1.55481e+23	3.44e-08	2.52e-04	4.91e-02	3.40e-01	4.89e-01	1.15e-01	5.52e-03	6.50e-04	4.96e-05	1.47e-07	0.00e+00
 1.57582e+23	4.31e-08	2.97e-04	5.46e-02	3.54e-01	4.79e-01	1.06e-01	4.83e-03	5.59e-04	4.05e-05	0.00e+00	0.00e+00
 1.59464e+23	5.35e-08	3.48e-04	6.06e-02	3.68e-01	4.68e-01	9.77e-02	4.24e-03	4.82e-04	3.31e-05	0.00e+00	0.00e+00
 1.61626e+23	7.05e-08	4.26e-04	6.89e-02	3.86e-01	4.53e-01	8.77e-02	3.57e-03	3.97e-04	2.55e-05	0.00e+00	0.00e+00
 1.63814e+23	8.84e-08	5.03e-04	7.65e-02	4.00e-01	4.40e-01	7.99e-02	3.09e-03	3.38e-04	2.05e-05	0.00e+00	0.00e+00
 1.66037e+23	1.16e-07	6.11e-04	8.66e-02	4.16e-01	4.23e-01	7.13e-02	2.60e-03	2.77e-04	1.58e-05	0.00e+00	0.00e+00
 1.68202e+23	1.42e-07	7.11e-04	9.52e-02	4.28e-01	4.09e-01	6.49e-02	2.25e-03	2.36e-04	1.27e-05	0.00e+00	0.00e+00
 1.69911e+23	1.70e-07	8.09e-04	1.03e-01	4.38e-01	3.96e-01	5.98e-02	1.99e-03	2.06e-04	1.06e-05	0.00e+00	0.00e+00
 1.71752e+23	2.11e-07	9.45e-04	1.14e-01	4.49e-01	3.81e-01	5.39e-02	1.71e-03	1.73e-04	8.44e-06	0.00e+00	0.00e+00
 1.73648e+23	2.54e-07	1.08e-03	1.23e-01	4.58e-01	3.67e-01	4.92e-02	1.50e-03	1.49e-04	6.92e-06	0.00e+00	0.00e+00
 1.75349e+23	3.03e-07	1.22e-03	1.33e-01	4.67e-01	3.53e-01	4.49e-02	1.31e-03	1.28e-04	5.69e-06	0.00e+00	0.00e+00
 1.77298e+23	3.78e-07	1.43e-03	1.46e-01	4.76e-01	3.35e-01	3.99e-02	1.11e-03	1.06e-04	4.44e-06	0.00e+00	0.00e+00
 1.79267e+23	4.54e-07	1.63e-03	1.58e-01	4.83e-01	3.20e-01	3.61e-02	9.64e-04	9.05e-05	3.60e-06	0.00e+00	0.00e+00
 1.80995e+23	5.41e-07	1.85e-03	1.70e-01	4.88e-01	3.06e-01	3.26e-02	8.38e-04	7.73e-05	2.93e-06	0.00e+00	0.00e+00
 1.82974e+23	6.71e-07	2.15e-03	1.86e-01	4.94e-01	2.88e-01	2.88e-02	7.04e-04	6.33e-05	2.26e-06	0.00e+00	0.00e+00
 1.84976e+23	8.03e-07	2.44e-03	2.00e-01	4.98e-01	2.73e-01	2.58e-02	6.06e-04	5.34e-05	1.82e-06	0.00e+00	0.00e+00
 1.86737e+23	9.53e-07	2.75e-03	2.14e-01	5.01e-01	2.59e-01	2.31e-02	5.23e-04	4.52e-05	1.47e-06	0.00e+00	0.00e+00
 1.88754e+23	1.18e-06	3.18e-03	2.33e-01	5.02e-01	2.41e-01	2.01e-02	4.35e-04	3.66e-05	1.12e-06	0.00e+00	0.00e+00
 1.90804e+23	1.40e-06	3.60e-03	2.49e-01	5.03e-01	2.26e-01	1.78e-02	3.71e-04	3.05e-05	8.87e-07	0.00e+00	0.00e+00
 1.92624e+23	1.67e-06	4.05e-03	2.66e-01	5.02e-01	2.12e-01	1.58e-02	3.17e-04	2.54e-05	7.05e-07	0.00e+00	0.00e+00
 1.94714e+23	2.05e-06	4.67e-03	2.87e-01	4.99e-01	1.95e-01	1.36e-02	2.60e-04	2.02e-05	5.28e-07	0.00e+00	0.00e+00
 1.96839e+23	2.45e-06	5.26e-03	3.06e-01	4.95e-01	1.81e-01	1.19e-02	2.19e-04	1.66e-05	4.12e-07	0.00e+00	0.00e+00
 1.99008e+23	3.02e-06	6.07e-03	3.30e-01	4.89e-01	1.65e-01	1.00e-02	1.77e-04	1.30e-05	3.03e-07	0.00e+00	0.00e+00
 2.01205e+23	3.60e-06	6.83e-03	3.51e-01	4.82e-01	1.52e-01	8.69e-03	1.48e-04	1.05e-05	2.33e-07	0.00e+00	0.00e+00
 2.03440e+23	4.44e-06	7.86e-03	3.76e-01	4.72e-01	1.37e-01	7.26e-03	1.18e-04	8.08e-06	1.69e-07	0.00e+00	0.00e+00
 2.05718e+23	5.29e-06	8.83e-03	3.99e-01	4.62e-01	1.24e-01	6.20e-03	9.74e-05	6.44e-06	1.28e-07	0.00e+00	0.00e+00
 2.08053e+23	6.54e-06	1.02e-02	4.26e-01	4.48e-01	1.10e-01	5.09e-03	7.66e-05	4.85e-06	0.00e+00	0.00e+00	0.00e+00
 2.10430e+23	7.80e-06	1.14e-02	4.50e-01	4.35e-01	9.93e-02	4.29e-03	6.23e-05	3.80e-06	0.00e+00	0.00e+00	0.00e+00
 2.12863e+23	9.64e-06	1.31e-02	4.79e-01	4.18e-01	8.68e-02	3.47e-03	4.82e-05	2.80e-06	0.00e+00	0.00e+00	0.00e+00
 2.15330e+23	1.15e-05	1.46e-02	5.03e-01	4.02e-01	7.72e-02	2.88e-03	3.87e-05	2.16e-06	0.00e+00	0.00e+00	0.00e+00
 2.17196e+23	1.29e-05	1.58e-02	5.20e-01	3.91e-01	7.10e-02	2.53e-03	3.32e-05	1.80e-06	0.00e+00	0.00e+00	0.00e+00
 2.18979e+23	1.51e-05	1.74e-02	5.41e-01	3.76e-01	6.36e-02	2.14e-03	2.71e-05	1.42e-06	0.00e+00	0.00e+00	0.00e+00
 2.20787e+23	1.70e-05	1.88e-02	5.57e-01	3.64e-01	5.81e-02	1.86e-03	2.31e-05	1.17e-06	0.00e+00	0.00e+00	0.00e+00
 2.22629e+23	1.96e-05	2.06e-02	5.77e-01	3.48e-01	5.18e-02	1.57e-03	1.89e-05	9.18e-07	0.00e+00	0.00e+00	0.00e+00
 2.24528e+23	2.23e-05	2.24e-02	5.95e-01	3.34e-01	4.67e-02	1.34e-03	1.58e-05	7.38e-07	0.00e+00	0.00e+00	0.00e+00
 2.26237e+23	2.52e-05	2.41e-02	6.12e-01	3.21e-01	4.22e-02	1.15e-03	1.32e-05	5.98e-07	0.00e+00	0.00e+00	0.00e+00
 2.28195e+23	2.94e-05	2.65e-02	6.32e-01	3.04e-01	3.69e-02	9.49e-04	1.06e-05	4.56e-07	0.00e+00	0.00e+00	0.00e+00
 2.30171e+23	3.33e-05	2.86e-02	6.48e-01	2.90e-01	3.30e-02	8.07e-04	8.76e-06	3.64e-07	0.00e+00	0.00e+00	0.00e+00
 2.32170e+23	3.86e-05	3.14e-02	6.67e-01	2.72e-01	2.87e-02	6.60e-04	6.97e-06	2.75e-07	0.00e+00	0.00e+00	0.00e+00
 2.34218e+23	4.40e-05	3.40e-02	6.83e-01	2.58e-01	2.53e-02	5.52e-04	5.67e-06	2.15e-07	0.00e+00	0.00e+00	0.00e+00
 2.36331e+23	5.18e-05	3.74e-02	7.01e-01	2.39e-01	2.15e-02	4.40e-04	4.38e-06	1.57e-07	0.00e+00	0.00e+00	0.00e+00
 2.38441e+23	5.84e-05	4.03e-02	7.15e-01	2.26e-01	1.90e-02	3.69e-04	3.58e-06	0.00e+00	0.00e+00	0.00e+00	0.00e+00
 2.40547e+23	6.83e-05	4.41e-02	7.31e-01	2.09e-01	1.61e-02	2.94e-04	2.77e-06	0.00e+00	0.00e+00	0.00e+00	0.00e+00
 2.42714e+23	7.80e-05	4.78e-02	7.44e-01	1.94e-01	1.39e-02	2.41e-04	2.21e-06	0.00e+00	0.00e+00	0.00e+00	0.00e+00
 2.44959e+23	9.16e-05	5.24e-02	7.58e-01	1.78e-01	1.16e-02	1.88e-04	1.67e-06	0.00e+00	0.00e+00	0.00e+00	0.00e+00
 2.47223e+23	1.05e-04	5.67e-02	7.69e-01	1.64e-01	9.93e-03	1.53e-04	1.32e-06	0.00e+00	0.00e+00	0.00e+00	0.00e+00
 2.49512e+23	1.23e-04	6.23e-02	7.81e-01	1.49e-01	8.16e-03	1.18e-04	9.83e-07	0.00e+00	0.00e+00	0.00e+00	0.00e+00
 2.51806e+23	1.41e-04	6.73e-02	7.89e-01	1.36e-01	6.93e-03	9.52e-05	7.70e-07	0.00e+00	0.00e+00	0.00e+00	0.00e+00
 2.54104e+23	1.67e-04	7.38e-02	7.98e-01	1.22e-01	5.63e-03	7.27e-05	5.67e-07	0.00e+00	0.00e+00	0.00e+00	0.00e+00
 2.56404e+23	1.91e-04	7.97e-02	8.04e-01	1.11e-01	4.75e-03	5.83e-05	4.41e-07	0.00e+00	0.00e+00	0.00e+00	0.00e+00
 2.58705e+23	2.27e-04	8.74e-02	8.10e-01	9.88e-02	3.81e-03	4.40e-05	3.21e-07	0.00e+00	0.00e+00	0.00e+00	0.00e+00
 2.61002e+23	2.60e-04	9.43e-02	8.13e-01	8.93e-02	3.18e-03	3.51e-05	2.48e-07	0.00e+00	0.00e+00	0.00e+00	0.00e+00
 2.63295e+23	3.09e-04	1.03e-01	8.16e-01	7.83e-02	2.52e-03	2.62e-05	1.77e-07	0.00e+00	0.00e+00	0.00e+00	0.00e+00
 2.65581e+23	3.57e-04	1.11e-01	8.16e-01	7.01e-02	2.08e-03	2.07e-05	1.35e-07	0.00e+00	0.00e+00	0.00e+00	0.00e+00
 2.67859e+23	4.25e-04	1.22e-01	8.15e-01	6.07e-02	1.63e-03	1.52e-05	0.00e+00	0.00e+00	0.00e+00	0.00e+00	0.00e+00
 2.70133e+23	4.92e-04	1.31e-01	8.13e-01	5.37e-02	1.33e-03	1.19e-05	0.00e+00	0.00e+00	0.00e+00	0.00e+00	0.00e+00
 2.72401e+23	5.88e-04	1.44e-01	8.09e-01	4.59e-02	1.02e-03	8.64e-06	0.00e+00	0.00e+00	0.00e+00	0.00e+00	0.00e+00
 2.74671e+23	6.85e-04	1.55e-01	8.04e-01	4.00e-02	8.21e-04	6.62e-06	0.00e+00	0.00e+00	0.00e+00	0.00e+00	0.00e+00
 2.76944e+23	8.21e-04	1.69e-01	7.96e-01	3.36e-02	6.21e-04	4.71e-06	0.00e+00	0.00e+00	0.00e+00	0.00e+00	0.00e+00
 2.79227e+23	9.62e-04	1.82e-01	7.88e-01	2.87e-02	4.89e-04	3.52e-06	0.00e+00	0.00e+00	0.00e+00	0.00e+00	0.00e+00
 2.81214e+23	1.12e-03	1.95e-01	7.79e-01	2.45e-02	3.85e-04	2.63e-06	0.00e+00	0.00e+00	0.00e+00	0.00e+00	0.00e+00
 2.83487e+23	1.35e-03	2.12e-01	7.66e-01	1.99e-02	2.83e-04	1.80e-06	0.00e+00	0.00e+00	0.00e+00	0.00e+00	0.00e+00
 2.85816e+23	1.59e-03	2.29e-01	7.53e-01	1.63e-02	2.14e-04	1.27e-06	0.00e+00	0.00e+00	0.00e+00	0.00e+00	0.00e+00
 2.87797e+23	1.86e-03	2.44e-01	7.41e-01	1.35e-02	1.65e-04	9.10e-07	0.00e+00	0.00e+00	0.00e+00	0.00e+00	0.00e+00
 2.89498e+23	2.10e-03	2.57e-01	7.30e-01	1.14e-02	1.33e-04	6.83e-07	0.00e+00	0.00e+00	0.00e+00	0.00e+00	0.00e+00
 2.91255e+23	2.44e-03	2.73e-01	7.15e-01	9.28e-03	1.01e-04	4.74e-07	0.00e+00	0.00e+00	0.00e+00	0.00e+00	0.00e+00
 2.93100e+23	2.82e-03	2.88e-01	7.01e-01	7.48e-03	7.70e-05	3.28e-07	0.00e+00	0.00e+00	0.00e+00	0.00e+00	0.00e+00
 2.94739e+23	3.22e-03	3.03e-01	6.88e-01	6.06e-03	5.97e-05	2.28e-07	0.00e+00	0.00e+00	0.00e+00	0.00e+00	0.00e+00
 2.96291e+23	3.67e-03	3.17e-01	6.75e-01	4.86e-03	4.62e-05	1.57e-07	0.00e+00	0.00e+00	0.00e+00	0.00e+00	0.00e+00
 2.97782e+23	4.18e-03	3.31e-01	6.61e-01	3.86e-03	3.56e-05	0.00e+00	0.00e+00	0.00e+00	0.00e+00	0.00e+00	0.00e+00
 2.99179e+23	4.71e-03	3.43e-01	6.49e-01	3.06e-03	2.77e-05	0.00e+00	0.00e+00	0.00e+00	0.00e+00	0.00e+00	0.00e+00
 3.00475e+23	5.32e-03	3.55e-01	6.37e-01	2.41e-03	2.14e-05	0.00e+00	0.00e+00	0.00e+00	0.00e+00	0.00e+00	0.00e+00
 3.01669e+23	5.94e-03	3.65e-01	6.27e-01	1.90e-03	1.68e-05	0.00e+00	0.00e+00	0.00e+00	0.00e+00	0.00e+00	0.00e+00
 3.02773e+23	6.64e-03	3.75e-01	6.17e-01	1.49e-03	1.32e-05	0.00e+00	0.00e+00	0.00e+00	0.00e+00	0.00e+00	0.00e+00
 3.03779e+23	7.36e-03	3.83e-01	6.08e-01	1.18e-03	1.04e-05	0.00e+00	0.00e+00	0.00e+00	0.00e+00	0.00e+00	0.00e+00
 3.04666e+23	8.08e-03	3.90e-01	6.01e-01	9.43e-04	8.41e-06	0.00e+00	0.00e+00	0.00e+00	0.00e+00	0.00e+00	0.00e+00
 3.05460e+23	8.84e-03	3.96e-01	5.95e-01	7.62e-04	6.86e-06	0.00e+00	0.00e+00	0.00e+00	0.00e+00	0.00e+00	0.00e+00
 3.06183e+23	9.61e-03	4.00e-01	5.90e-01	6.23e-04	5.67e-06	0.00e+00	0.00e+00	0.00e+00	0.00e+00	0.00e+00	0.00e+00
 3.06842e+23	1.04e-02	4.04e-01	5.85e-01	5.15e-04	4.74e-06	0.00e+00	0.00e+00	0.00e+00	0.00e+00	0.00e+00	0.00e+00
 3.07445e+23	1.12e-02	4.06e-01	5.82e-01	4.31e-04	4.01e-06	0.00e+00	0.00e+00	0.00e+00	0.00e+00	0.00e+00	0.00e+00
 3.08005e+23	1.20e-02	4.08e-01	5.80e-01	3.65e-04	3.44e-06	0.00e+00	0.00e+00	0.00e+00	0.00e+00	0.00e+00	0.00e+00
 3.08422e+23	1.25e-02	4.07e-01	5.80e-01	3.24e-04	3.08e-06	0.00e+00	0.00e+00	0.00e+00	0.00e+00	0.00e+00	0.00e+00
