#depth	N	N+	N+2	N+3	N+4	N+5	N+6	N+7
 1.54284e+22	3.09e-12	5.56e-08	2.80e-05	1.13e-03	7.52e-03	2.89e-01	5.09e-01	1.93e-01
 3.48056e+22	7.87e-12	1.35e-07	6.72e-05	2.57e-03	1.42e-02	3.81e-01	4.74e-01	1.28e-01
 4.07287e+22	1.15e-11	1.97e-07	9.79e-05	3.65e-03	1.86e-02	4.24e-01	4.50e-01	1.04e-01
 4.36903e+22	1.38e-11	2.35e-07	1.17e-04	4.31e-03	2.11e-02	4.45e-01	4.36e-01	9.30e-02
 4.51998e+22	1.51e-11	2.58e-07	1.29e-04	4.69e-03	2.26e-02	4.56e-01	4.29e-01	8.78e-02
 4.64009e+22	1.70e-11	2.90e-07	1.45e-04	5.22e-03	2.45e-02	4.69e-01	4.19e-01	8.15e-02
 4.76638e+22	1.88e-11	3.20e-07	1.60e-04	5.71e-03	2.63e-02	4.81e-01	4.11e-01	7.64e-02
 4.90070e+22	2.12e-11	3.62e-07	1.81e-04	6.41e-03	2.88e-02	4.96e-01	3.99e-01	7.00e-02
 5.03672e+22	2.35e-11	4.00e-07	2.01e-04	7.01e-03	3.08e-02	5.07e-01	3.90e-01	6.54e-02
 5.17494e+22	2.65e-11	4.53e-07	2.28e-04	7.85e-03	3.36e-02	5.21e-01	3.78e-01	5.98e-02
 5.31719e+22	2.95e-11	5.04e-07	2.53e-04	8.60e-03	3.60e-02	5.32e-01	3.68e-01	5.56e-02
 5.46468e+22	3.35e-11	5.73e-07	2.89e-04	9.65e-03	3.94e-02	5.46e-01	3.55e-01	5.04e-02
 5.60349e+22	3.69e-11	6.28e-07	3.16e-04	1.04e-02	4.17e-02	5.54e-01	3.46e-01	4.72e-02
 5.73101e+22	4.12e-11	7.03e-07	3.54e-04	1.15e-02	4.48e-02	5.65e-01	3.35e-01	4.34e-02
 5.85745e+22	4.52e-11	7.68e-07	3.86e-04	1.23e-02	4.73e-02	5.73e-01	3.26e-01	4.07e-02
 5.98249e+22	4.99e-11	8.52e-07	4.30e-04	1.35e-02	5.07e-02	5.83e-01	3.15e-01	3.73e-02
 6.10831e+22	5.49e-11	9.33e-07	4.69e-04	1.45e-02	5.34e-02	5.90e-01	3.07e-01	3.50e-02
 6.23514e+22	6.11e-11	1.04e-06	5.24e-04	1.58e-02	5.71e-02	5.99e-01	2.96e-01	3.20e-02
 6.36428e+22	6.75e-11	1.14e-06	5.73e-04	1.70e-02	6.01e-02	6.05e-01	2.87e-01	2.99e-02
 6.49642e+22	7.54e-11	1.28e-06	6.42e-04	1.86e-02	6.43e-02	6.13e-01	2.76e-01	2.72e-02
 6.63040e+22	8.35e-11	1.41e-06	7.04e-04	1.99e-02	6.77e-02	6.19e-01	2.67e-01	2.53e-02
 6.76678e+22	9.38e-11	1.58e-06	7.91e-04	2.18e-02	7.23e-02	6.26e-01	2.56e-01	2.30e-02
 6.90601e+22	1.05e-10	1.75e-06	8.70e-04	2.34e-02	7.60e-02	6.31e-01	2.47e-01	2.13e-02
 7.04896e+22	1.18e-10	1.98e-06	9.82e-04	2.57e-02	8.13e-02	6.37e-01	2.36e-01	1.92e-02
 7.19489e+22	1.33e-10	2.20e-06	1.09e-03	2.76e-02	8.55e-02	6.41e-01	2.27e-01	1.77e-02
 7.34470e+22	1.51e-10	2.50e-06	1.23e-03	3.03e-02	9.14e-02	6.45e-01	2.16e-01	1.59e-02
 7.49793e+22	1.71e-10	2.80e-06	1.37e-03	3.27e-02	9.62e-02	6.48e-01	2.07e-01	1.45e-02
 7.65561e+22	1.97e-10	3.22e-06	1.56e-03	3.60e-02	1.03e-01	6.51e-01	1.96e-01	1.29e-02
 7.81520e+22	2.24e-10	3.62e-06	1.74e-03	3.87e-02	1.08e-01	6.53e-01	1.87e-01	1.18e-02
 7.97728e+22	2.59e-10	4.17e-06	1.99e-03	4.26e-02	1.15e-01	6.54e-01	1.76e-01	1.05e-02
 8.14121e+22	2.89e-10	4.71e-06	2.22e-03	4.59e-02	1.21e-01	6.54e-01	1.68e-01	9.52e-03
 8.30752e+22	3.37e-10	5.45e-06	2.55e-03	5.04e-02	1.28e-01	6.53e-01	1.57e-01	8.38e-03
 8.47012e+22	3.84e-10	6.13e-06	2.82e-03	5.40e-02	1.34e-01	6.51e-01	1.50e-01	7.66e-03
 8.62791e+22	4.46e-10	7.05e-06	3.21e-03	5.88e-02	1.42e-01	6.49e-01	1.41e-01	6.77e-03
 8.79154e+22	5.15e-10	8.00e-06	3.59e-03	6.32e-02	1.48e-01	6.46e-01	1.34e-01	6.12e-03
 8.93103e+22	5.78e-10	8.89e-06	3.94e-03	6.73e-02	1.53e-01	6.42e-01	1.27e-01	5.59e-03
 9.08062e+22	6.70e-10	1.02e-05	4.45e-03	7.27e-02	1.61e-01	6.37e-01	1.20e-01	4.97e-03
 9.23140e+22	7.60e-10	1.14e-05	4.91e-03	7.73e-02	1.67e-01	6.33e-01	1.14e-01	4.53e-03
 9.38371e+22	8.85e-10	1.30e-05	5.53e-03	8.34e-02	1.74e-01	6.26e-01	1.07e-01	4.02e-03
 9.54067e+22	1.01e-09	1.46e-05	6.14e-03	8.90e-02	1.81e-01	6.20e-01	1.00e-01	3.61e-03
 9.67974e+22	1.15e-09	1.64e-05	6.77e-03	9.46e-02	1.87e-01	6.13e-01	9.51e-02	3.27e-03
 9.83659e+22	1.35e-09	1.89e-05	7.63e-03	1.02e-01	1.95e-01	6.04e-01	8.86e-02	2.89e-03
 1.00020e+23	1.56e-09	2.15e-05	8.52e-03	1.09e-01	2.02e-01	5.95e-01	8.29e-02	2.57e-03
 1.01527e+23	1.80e-09	2.43e-05	9.44e-03	1.16e-01	2.08e-01	5.86e-01	7.78e-02	2.30e-03
 1.03226e+23	2.15e-09	2.83e-05	1.07e-02	1.25e-01	2.17e-01	5.74e-01	7.18e-02	2.00e-03
 1.04978e+23	2.50e-09	3.23e-05	1.20e-02	1.33e-01	2.24e-01	5.62e-01	6.67e-02	1.76e-03
 1.06534e+23	2.89e-09	3.66e-05	1.33e-02	1.42e-01	2.30e-01	5.51e-01	6.22e-02	1.56e-03
 1.08293e+23	3.48e-09	4.29e-05	1.51e-02	1.52e-01	2.38e-01	5.36e-01	5.68e-02	1.35e-03
 1.10120e+23	4.10e-09	4.93e-05	1.70e-02	1.62e-01	2.45e-01	5.22e-01	5.23e-02	1.17e-03
 1.11760e+23	4.79e-09	5.62e-05	1.88e-02	1.72e-01	2.51e-01	5.09e-01	4.84e-02	1.03e-03
 1.13617e+23	5.84e-09	6.64e-05	2.15e-02	1.85e-01	2.58e-01	4.90e-01	4.36e-02	8.69e-04
 1.15537e+23	6.93e-09	7.65e-05	2.41e-02	1.97e-01	2.64e-01	4.74e-01	3.98e-02	7.50e-04
 1.17539e+23	8.59e-09	9.15e-05	2.77e-02	2.12e-01	2.71e-01	4.53e-01	3.54e-02	6.22e-04
 1.19562e+23	1.02e-08	1.06e-04	3.09e-02	2.25e-01	2.76e-01	4.36e-01	3.21e-02	5.31e-04
 1.21338e+23	1.22e-08	1.22e-04	3.44e-02	2.37e-01	2.80e-01	4.19e-01	2.91e-02	4.55e-04
 1.23371e+23	1.52e-08	1.45e-04	3.94e-02	2.54e-01	2.85e-01	3.96e-01	2.56e-02	3.72e-04
 1.25433e+23	1.81e-08	1.68e-04	4.39e-02	2.67e-01	2.88e-01	3.78e-01	2.29e-02	3.14e-04
 1.27533e+23	2.27e-08	2.01e-04	5.01e-02	2.84e-01	2.91e-01	3.55e-01	1.99e-02	2.54e-04
 1.29666e+23	2.74e-08	2.34e-04	5.58e-02	2.99e-01	2.92e-01	3.35e-01	1.77e-02	2.12e-04
 1.31556e+23	3.29e-08	2.70e-04	6.18e-02	3.13e-01	2.93e-01	3.17e-01	1.57e-02	1.77e-04
 1.33727e+23	4.17e-08	3.25e-04	7.05e-02	3.31e-01	2.92e-01	2.93e-01	1.34e-02	1.39e-04
 1.35928e+23	5.04e-08	3.76e-04	7.80e-02	3.45e-01	2.91e-01	2.74e-01	1.18e-02	1.15e-04
 1.38167e+23	6.43e-08	4.54e-04	8.85e-02	3.62e-01	2.88e-01	2.51e-01	9.89e-03	8.88e-05
 1.40436e+23	7.81e-08	5.26e-04	9.77e-02	3.76e-01	2.84e-01	2.33e-01	8.58e-03	7.22e-05
 1.42744e+23	1.00e-07	6.36e-04	1.11e-01	3.92e-01	2.79e-01	2.10e-01	7.10e-03	5.49e-05
 1.45008e+23	1.20e-07	7.30e-04	1.21e-01	4.04e-01	2.74e-01	1.95e-01	6.16e-03	4.47e-05
 1.47214e+23	1.52e-07	8.71e-04	1.35e-01	4.18e-01	2.66e-01	1.75e-01	5.09e-03	3.40e-05
 1.49347e+23	1.80e-07	9.86e-04	1.45e-01	4.27e-01	2.60e-01	1.62e-01	4.44e-03	2.80e-05
 1.51384e+23	2.23e-07	1.15e-03	1.60e-01	4.37e-01	2.52e-01	1.46e-01	3.71e-03	2.17e-05
 1.53428e+23	2.65e-07	1.31e-03	1.72e-01	4.45e-01	2.45e-01	1.34e-01	3.20e-03	1.76e-05
 1.55481e+23	3.27e-07	1.52e-03	1.88e-01	4.53e-01	2.35e-01	1.20e-01	2.65e-03	1.35e-05
 1.57582e+23	3.91e-07	1.73e-03	2.02e-01	4.58e-01	2.26e-01	1.09e-01	2.25e-03	1.08e-05
 1.59464e+23	4.64e-07	1.95e-03	2.16e-01	4.63e-01	2.18e-01	9.93e-02	1.92e-03	8.65e-06
 1.61626e+23	5.78e-07	2.28e-03	2.35e-01	4.67e-01	2.07e-01	8.75e-02	1.56e-03	6.47e-06
 1.63814e+23	6.91e-07	2.59e-03	2.51e-01	4.69e-01	1.97e-01	7.86e-02	1.30e-03	5.07e-06
 1.66037e+23	8.59e-07	3.01e-03	2.71e-01	4.70e-01	1.86e-01	6.88e-02	1.05e-03	3.76e-06
 1.68202e+23	1.01e-06	3.37e-03	2.87e-01	4.70e-01	1.76e-01	6.18e-02	8.82e-04	2.96e-06
 1.69911e+23	1.17e-06	3.72e-03	3.02e-01	4.69e-01	1.69e-01	5.62e-02	7.57e-04	2.41e-06
 1.71752e+23	1.40e-06	4.19e-03	3.20e-01	4.66e-01	1.59e-01	5.00e-02	6.27e-04	1.86e-06
 1.73648e+23	1.62e-06	4.64e-03	3.35e-01	4.64e-01	1.51e-01	4.51e-02	5.32e-04	1.49e-06
 1.75349e+23	1.87e-06	5.11e-03	3.50e-01	4.60e-01	1.43e-01	4.07e-02	4.52e-04	1.19e-06
 1.77298e+23	2.25e-06	5.77e-03	3.70e-01	4.54e-01	1.34e-01	3.57e-02	3.67e-04	9.00e-07
 1.79267e+23	2.61e-06	6.36e-03	3.86e-01	4.49e-01	1.26e-01	3.19e-02	3.08e-04	7.10e-07
 1.80995e+23	3.01e-06	6.99e-03	4.02e-01	4.43e-01	1.19e-01	2.86e-02	2.59e-04	5.62e-07
 1.82974e+23	3.60e-06	7.88e-03	4.22e-01	4.35e-01	1.10e-01	2.49e-02	2.08e-04	4.20e-07
 1.84976e+23	4.18e-06	8.68e-03	4.39e-01	4.27e-01	1.03e-01	2.21e-02	1.73e-04	3.28e-07
 1.86737e+23	4.83e-06	9.53e-03	4.55e-01	4.19e-01	9.65e-02	1.97e-02	1.44e-04	2.57e-07
 1.88754e+23	5.78e-06	1.07e-02	4.75e-01	4.09e-01	8.87e-02	1.70e-02	1.15e-04	1.89e-07
 1.90804e+23	6.71e-06	1.18e-02	4.91e-01	3.99e-01	8.25e-02	1.50e-02	9.46e-05	1.46e-07
 1.92624e+23	7.75e-06	1.29e-02	5.07e-01	3.90e-01	7.67e-02	1.32e-02	7.80e-05	0.00e+00
 1.94714e+23	9.29e-06	1.45e-02	5.27e-01	3.77e-01	6.98e-02	1.13e-02	6.11e-05	0.00e+00
 1.96839e+23	1.08e-05	1.59e-02	5.44e-01	3.66e-01	6.44e-02	9.84e-03	4.97e-05	0.00e+00
 1.99008e+23	1.30e-05	1.79e-02	5.63e-01	3.52e-01	5.81e-02	8.31e-03	3.83e-05	0.00e+00
 2.01205e+23	1.51e-05	1.97e-02	5.80e-01	3.40e-01	5.33e-02	7.21e-03	3.08e-05	0.00e+00
 2.03440e+23	1.82e-05	2.21e-02	5.99e-01	3.25e-01	4.77e-02	6.04e-03	2.35e-05	0.00e+00
 2.05718e+23	2.13e-05	2.43e-02	6.14e-01	3.13e-01	4.34e-02	5.19e-03	1.87e-05	0.00e+00
 2.08053e+23	2.57e-05	2.74e-02	6.33e-01	2.97e-01	3.86e-02	4.29e-03	1.40e-05	0.00e+00
 2.10430e+23	3.01e-05	3.01e-02	6.47e-01	2.84e-01	3.48e-02	3.66e-03	1.10e-05	0.00e+00
 2.12863e+23	3.66e-05	3.40e-02	6.65e-01	2.68e-01	3.06e-02	2.99e-03	8.07e-06	0.00e+00
 2.15330e+23	4.29e-05	3.74e-02	6.78e-01	2.54e-01	2.75e-02	2.53e-03	6.25e-06	0.00e+00
 2.17196e+23	4.78e-05	3.98e-02	6.87e-01	2.45e-01	2.54e-02	2.25e-03	5.23e-06	0.00e+00
 2.18979e+23	5.52e-05	4.35e-02	6.98e-01	2.33e-01	2.30e-02	1.92e-03	4.13e-06	0.00e+00
 2.20787e+23	6.16e-05	4.64e-02	7.06e-01	2.24e-01	2.12e-02	1.70e-03	3.43e-06	0.00e+00
 2.22629e+23	7.07e-05	5.04e-02	7.16e-01	2.13e-01	1.92e-02	1.46e-03	2.72e-06	0.00e+00
 2.24528e+23	7.98e-05	5.41e-02	7.24e-01	2.03e-01	1.75e-02	1.27e-03	2.21e-06	0.00e+00
 2.26237e+23	8.94e-05	5.79e-02	7.31e-01	1.94e-01	1.60e-02	1.11e-03	1.81e-06	0.00e+00
 2.28195e+23	1.04e-04	6.33e-02	7.39e-01	1.83e-01	1.43e-02	9.36e-04	1.39e-06	0.00e+00
 2.30171e+23	1.17e-04	6.77e-02	7.45e-01	1.74e-01	1.30e-02	8.13e-04	1.13e-06	0.00e+00
 2.32170e+23	1.35e-04	7.39e-02	7.51e-01	1.63e-01	1.16e-02	6.82e-04	8.66e-07	0.00e+00
 2.34218e+23	1.53e-04	7.93e-02	7.56e-01	1.53e-01	1.04e-02	5.85e-04	6.88e-07	0.00e+00
 2.36331e+23	1.80e-04	8.72e-02	7.61e-01	1.42e-01	9.14e-03	4.80e-04	5.12e-07	0.00e+00
 2.38441e+23	2.02e-04	9.30e-02	7.64e-01	1.34e-01	8.26e-03	4.14e-04	4.10e-07	0.00e+00
 2.40547e+23	2.36e-04	1.02e-01	7.67e-01	1.24e-01	7.23e-03	3.39e-04	3.05e-07	0.00e+00
 2.42714e+23	2.69e-04	1.10e-01	7.68e-01	1.15e-01	6.46e-03	2.87e-04	2.38e-07	0.00e+00
 2.44959e+23	3.17e-04	1.21e-01	7.68e-01	1.05e-01	5.59e-03	2.32e-04	1.73e-07	0.00e+00
 2.47223e+23	3.61e-04	1.30e-01	7.67e-01	9.76e-02	4.97e-03	1.94e-04	1.34e-07	0.00e+00
 2.49512e+23	4.29e-04	1.43e-01	7.64e-01	8.82e-02	4.27e-03	1.55e-04	0.00e+00	0.00e+00
 2.51806e+23	4.90e-04	1.54e-01	7.61e-01	8.11e-02	3.78e-03	1.29e-04	0.00e+00	0.00e+00
 2.54104e+23	5.83e-04	1.70e-01	7.54e-01	7.25e-02	3.23e-03	1.02e-04	0.00e+00	0.00e+00
 2.56404e+23	6.68e-04	1.83e-01	7.47e-01	6.62e-02	2.84e-03	8.39e-05	0.00e+00	0.00e+00
 2.58705e+23	8.00e-04	2.02e-01	7.36e-01	5.85e-02	2.41e-03	6.51e-05	0.00e+00	0.00e+00
 2.61002e+23	9.20e-04	2.18e-01	7.26e-01	5.28e-02	2.11e-03	5.32e-05	0.00e+00	0.00e+00
 2.63295e+23	1.11e-03	2.42e-01	7.09e-01	4.60e-02	1.78e-03	4.06e-05	0.00e+00	0.00e+00
 2.65581e+23	1.28e-03	2.61e-01	6.95e-01	4.10e-02	1.55e-03	3.27e-05	0.00e+00	0.00e+00
 2.67859e+23	1.55e-03	2.89e-01	6.73e-01	3.52e-02	1.29e-03	2.45e-05	0.00e+00	0.00e+00
 2.70133e+23	1.81e-03	3.13e-01	6.53e-01	3.08e-02	1.12e-03	1.93e-05	0.00e+00	0.00e+00
 2.72401e+23	2.20e-03	3.47e-01	6.24e-01	2.59e-02	9.20e-04	1.41e-05	0.00e+00	0.00e+00
 2.74671e+23	2.59e-03	3.76e-01	5.98e-01	2.22e-02	7.83e-04	1.08e-05	0.00e+00	0.00e+00
 2.76944e+23	3.17e-03	4.16e-01	5.62e-01	1.82e-02	6.34e-04	7.61e-06	0.00e+00	0.00e+00
 2.79227e+23	3.77e-03	4.52e-01	5.29e-01	1.51e-02	5.27e-04	5.61e-06	0.00e+00	0.00e+00
 2.81214e+23	4.46e-03	4.89e-01	4.94e-01	1.25e-02	4.36e-04	4.09e-06	0.00e+00	0.00e+00
 2.83487e+23	5.49e-03	5.37e-01	4.48e-01	9.72e-03	3.39e-04	2.68e-06	0.00e+00	0.00e+00
 2.85816e+23	6.65e-03	5.81e-01	4.04e-01	7.58e-03	2.66e-04	1.80e-06	0.00e+00	0.00e+00
 2.87797e+23	7.90e-03	6.22e-01	3.64e-01	5.96e-03	2.11e-04	1.22e-06	0.00e+00	0.00e+00
 2.89498e+23	9.12e-03	6.57e-01	3.29e-01	4.79e-03	1.71e-04	8.63e-07	0.00e+00	0.00e+00
 2.91255e+23	1.09e-02	6.98e-01	2.87e-01	3.61e-03	1.29e-04	5.51e-07	0.00e+00	0.00e+00
 2.93100e+23	1.29e-02	7.37e-01	2.47e-01	2.69e-03	9.66e-05	3.47e-07	0.00e+00	0.00e+00
 2.94739e+23	1.52e-02	7.71e-01	2.12e-01	2.00e-03	7.18e-05	2.18e-07	0.00e+00	0.00e+00
 2.96291e+23	1.78e-02	8.03e-01	1.78e-01	1.46e-03	5.21e-05	1.33e-07	0.00e+00	0.00e+00
 2.97782e+23	2.10e-02	8.31e-01	1.47e-01	1.04e-03	3.68e-05	0.00e+00	0.00e+00	0.00e+00
 2.99179e+23	2.46e-02	8.55e-01	1.19e-01	7.41e-04	2.55e-05	0.00e+00	0.00e+00	0.00e+00
 3.00475e+23	2.89e-02	8.75e-01	9.56e-02	5.21e-04	1.72e-05	0.00e+00	0.00e+00	0.00e+00
 3.01669e+23	3.39e-02	8.90e-01	7.59e-02	3.69e-04	1.15e-05	0.00e+00	0.00e+00	0.00e+00
 3.02773e+23	3.98e-02	9.01e-01	5.94e-02	2.60e-04	7.55e-06	0.00e+00	0.00e+00	0.00e+00
 3.03779e+23	4.68e-02	9.07e-01	4.62e-02	1.87e-04	4.91e-06	0.00e+00	0.00e+00	0.00e+00
 3.04666e+23	5.46e-02	9.09e-01	3.61e-02	1.38e-04	3.23e-06	0.00e+00	0.00e+00	0.00e+00
 3.05460e+23	6.37e-02	9.08e-01	2.83e-02	1.04e-04	2.14e-06	0.00e+00	0.00e+00	0.00e+00
 3.06183e+23	7.42e-02	9.04e-01	2.22e-02	7.99e-05	1.43e-06	0.00e+00	0.00e+00	0.00e+00
 3.06842e+23	8.61e-02	8.96e-01	1.75e-02	6.28e-05	9.64e-07	0.00e+00	0.00e+00	0.00e+00
 3.07445e+23	9.98e-02	8.86e-01	1.38e-02	5.04e-05	6.59e-07	0.00e+00	0.00e+00	0.00e+00
 3.08005e+23	1.15e-01	8.74e-01	1.09e-02	4.10e-05	4.54e-07	0.00e+00	0.00e+00	0.00e+00
 3.08422e+23	1.29e-01	8.62e-01	9.13e-03	3.53e-05	3.41e-07	0.00e+00	0.00e+00	0.00e+00
