#depth	He	He+	He+2
 4.62852e+21	3.14e-09	7.37e-04	9.99e-01
 1.03825e+22	6.40e-09	1.10e-03	9.99e-01
 1.20708e+22	9.86e-09	1.34e-03	9.99e-01
 1.29658e+22	1.27e-08	1.50e-03	9.99e-01
 1.34176e+22	1.40e-08	1.57e-03	9.98e-01
 1.36921e+22	1.56e-08	1.65e-03	9.98e-01
 1.39996e+22	1.75e-08	1.74e-03	9.98e-01
 1.43499e+22	2.02e-08	1.86e-03	9.98e-01
 1.46774e+22	2.23e-08	1.94e-03	9.98e-01
 1.49348e+22	2.44e-08	2.03e-03	9.98e-01
 1.52289e+22	2.74e-08	2.14e-03	9.98e-01
 1.55376e+22	3.04e-08	2.24e-03	9.98e-01
 1.58651e+22	3.45e-08	2.38e-03	9.98e-01
 1.61956e+22	3.86e-08	2.51e-03	9.97e-01
 1.64795e+22	4.26e-08	2.63e-03	9.97e-01
 1.67983e+22	4.81e-08	2.79e-03	9.97e-01
 1.71363e+22	5.38e-08	2.94e-03	9.97e-01
 1.74500e+22	5.99e-08	3.09e-03	9.97e-01
 1.78083e+22	6.92e-08	3.31e-03	9.97e-01
 1.81638e+22	7.69e-08	3.48e-03	9.97e-01
 1.85155e+22	8.78e-08	3.71e-03	9.96e-01
 1.88799e+22	9.87e-08	3.92e-03	9.96e-01
 1.92060e+22	1.10e-07	4.13e-03	9.96e-01
 1.95750e+22	1.27e-07	4.42e-03	9.96e-01
 1.99530e+22	1.42e-07	4.68e-03	9.95e-01
 2.03425e+22	1.64e-07	5.01e-03	9.95e-01
 2.07403e+22	1.86e-07	5.33e-03	9.95e-01
 2.10672e+22	2.06e-07	5.60e-03	9.94e-01
 2.14104e+22	2.33e-07	5.94e-03	9.94e-01
 2.17797e+22	2.63e-07	6.30e-03	9.94e-01
 2.21230e+22	2.93e-07	6.65e-03	9.93e-01
 2.25093e+22	3.40e-07	7.14e-03	9.93e-01
 2.29044e+22	3.82e-07	7.56e-03	9.92e-01
 2.32370e+22	4.25e-07	7.96e-03	9.92e-01
 2.35482e+22	4.71e-07	8.38e-03	9.92e-01
 2.39057e+22	5.33e-07	8.90e-03	9.91e-01
 2.42857e+22	6.00e-07	9.43e-03	9.91e-01
 2.46206e+22	6.70e-07	9.95e-03	9.90e-01
 2.49309e+22	7.42e-07	1.05e-02	9.90e-01
 2.52833e+22	8.42e-07	1.11e-02	9.89e-01
 2.56520e+22	9.44e-07	1.18e-02	9.88e-01
 2.59853e+22	1.05e-06	1.24e-02	9.88e-01
 2.63618e+22	1.21e-06	1.33e-02	9.87e-01
 2.67464e+22	1.36e-06	1.41e-02	9.86e-01
 2.70846e+22	1.52e-06	1.49e-02	9.85e-01
 2.74671e+22	1.74e-06	1.59e-02	9.84e-01
 2.78640e+22	1.97e-06	1.69e-02	9.83e-01
 2.82196e+22	2.21e-06	1.79e-02	9.82e-01
 2.86216e+22	2.56e-06	1.92e-02	9.81e-01
 2.90355e+22	2.90e-06	2.04e-02	9.80e-01
 2.94646e+22	3.39e-06	2.21e-02	9.78e-01
 2.99027e+22	3.87e-06	2.36e-02	9.76e-01
 3.03523e+22	4.57e-06	2.56e-02	9.74e-01
 3.08022e+22	5.20e-06	2.72e-02	9.73e-01
 3.11655e+22	5.80e-06	2.87e-02	9.71e-01
 3.15511e+22	6.70e-06	3.08e-02	9.69e-01
 3.19791e+22	7.69e-06	3.30e-02	9.67e-01
 3.23558e+22	8.57e-06	3.48e-02	9.65e-01
 3.27386e+22	9.88e-06	3.73e-02	9.63e-01
 3.31234e+22	1.10e-05	3.93e-02	9.61e-01
 3.35105e+22	1.27e-05	4.22e-02	9.58e-01
 3.39008e+22	1.42e-05	4.46e-02	9.55e-01
 3.42430e+22	1.59e-05	4.70e-02	9.53e-01
 3.46352e+22	1.82e-05	5.03e-02	9.50e-01
 3.50334e+22	2.05e-05	5.33e-02	9.47e-01
 3.53796e+22	2.29e-05	5.61e-02	9.44e-01
 3.57700e+22	2.62e-05	5.99e-02	9.40e-01
 3.61747e+22	2.95e-05	6.35e-02	9.36e-01
 3.65366e+22	3.30e-05	6.70e-02	9.33e-01
 3.69460e+22	3.80e-05	7.17e-02	9.28e-01
 3.73694e+22	4.29e-05	7.60e-02	9.24e-01
 3.77506e+22	4.82e-05	8.04e-02	9.20e-01
 3.81855e+22	5.61e-05	8.64e-02	9.14e-01
 3.86235e+22	6.31e-05	9.14e-02	9.09e-01
 3.90654e+22	7.32e-05	9.80e-02	9.02e-01
 3.95177e+22	8.24e-05	1.04e-01	8.96e-01
 3.99015e+22	9.21e-05	1.09e-01	8.91e-01
 4.02593e+22	1.02e-04	1.15e-01	8.85e-01
 4.06652e+22	1.16e-04	1.22e-01	8.78e-01
 4.10859e+22	1.31e-04	1.29e-01	8.71e-01
 4.14504e+22	1.45e-04	1.35e-01	8.65e-01
 4.18487e+22	1.63e-04	1.42e-01	8.57e-01
 4.22686e+22	1.84e-04	1.50e-01	8.49e-01
 4.26429e+22	2.03e-04	1.58e-01	8.42e-01
 4.30562e+22	2.30e-04	1.67e-01	8.33e-01
 4.34889e+22	2.57e-04	1.75e-01	8.24e-01
 4.38776e+22	2.86e-04	1.84e-01	8.16e-01
 4.43136e+22	3.25e-04	1.95e-01	8.05e-01
 4.47641e+22	3.64e-04	2.05e-01	7.95e-01
 4.51627e+22	4.06e-04	2.15e-01	7.85e-01
 4.56101e+22	4.65e-04	2.28e-01	7.72e-01
 4.60651e+22	5.18e-04	2.39e-01	7.61e-01
 4.63452e+22	5.38e-04	2.43e-01	7.57e-01
 4.65245e+22	5.69e-04	2.49e-01	7.51e-01
 4.67575e+22	6.08e-04	2.56e-01	7.44e-01
 4.70605e+22	6.63e-04	2.65e-01	7.34e-01
 4.74543e+22	7.42e-04	2.78e-01	7.21e-01
 4.78965e+22	8.28e-04	2.91e-01	7.08e-01
 4.84014e+22	9.60e-04	3.10e-01	6.89e-01
 4.89050e+22	1.07e-03	3.24e-01	6.75e-01
 4.93298e+22	1.18e-03	3.37e-01	6.62e-01
 4.98048e+22	1.34e-03	3.54e-01	6.44e-01
 5.02815e+22	1.48e-03	3.68e-01	6.31e-01
 5.06478e+22	1.60e-03	3.79e-01	6.19e-01
 5.09611e+22	1.73e-03	3.90e-01	6.08e-01
 5.13181e+22	1.89e-03	4.03e-01	5.95e-01
 5.16875e+22	2.04e-03	4.15e-01	5.83e-01
 5.20169e+22	2.20e-03	4.27e-01	5.71e-01
 5.23891e+22	2.42e-03	4.42e-01	5.56e-01
 5.27649e+22	2.61e-03	4.54e-01	5.44e-01
 5.31453e+22	2.86e-03	4.68e-01	5.29e-01
 5.35337e+22	3.10e-03	4.82e-01	5.15e-01
 5.38750e+22	3.34e-03	4.94e-01	5.03e-01
 5.42613e+22	3.65e-03	5.09e-01	4.87e-01
 5.46612e+22	3.96e-03	5.22e-01	4.74e-01
 5.50239e+22	4.28e-03	5.35e-01	4.60e-01
 5.54404e+22	4.72e-03	5.52e-01	4.43e-01
 5.58602e+22	5.10e-03	5.65e-01	4.30e-01
 5.62841e+22	5.60e-03	5.82e-01	4.13e-01
 5.67189e+22	6.08e-03	5.96e-01	3.98e-01
 5.71089e+22	6.58e-03	6.09e-01	3.84e-01
 5.75570e+22	7.27e-03	6.26e-01	3.66e-01
 5.80070e+22	7.86e-03	6.39e-01	3.53e-01
 5.84595e+22	8.69e-03	6.56e-01	3.35e-01
 5.89157e+22	9.37e-03	6.69e-01	3.21e-01
 5.93765e+22	1.03e-02	6.86e-01	3.04e-01
 5.98480e+22	1.12e-02	6.99e-01	2.90e-01
 6.03331e+22	1.24e-02	7.15e-01	2.72e-01
 6.08228e+22	1.34e-02	7.28e-01	2.59e-01
 6.13181e+22	1.49e-02	7.44e-01	2.41e-01
 6.18251e+22	1.62e-02	7.56e-01	2.27e-01
 6.23470e+22	1.80e-02	7.71e-01	2.11e-01
 6.28863e+22	1.96e-02	7.83e-01	1.97e-01
 6.33167e+22	2.10e-02	7.93e-01	1.86e-01
 6.36845e+22	2.25e-02	8.01e-01	1.76e-01
 6.41027e+22	2.43e-02	8.11e-01	1.65e-01
 6.45300e+22	2.62e-02	8.20e-01	1.54e-01
 6.49104e+22	2.80e-02	8.27e-01	1.45e-01
 6.53463e+22	3.05e-02	8.36e-01	1.34e-01
 6.57932e+22	3.29e-02	8.43e-01	1.24e-01
 6.61924e+22	3.53e-02	8.49e-01	1.15e-01
 6.66491e+22	3.88e-02	8.56e-01	1.05e-01
 6.71130e+22	4.19e-02	8.62e-01	9.61e-02
 6.75153e+22	4.52e-02	8.66e-01	8.84e-02
 6.79676e+22	4.96e-02	8.71e-01	7.96e-02
 6.84350e+22	5.41e-02	8.74e-01	7.18e-02
 6.88305e+22	5.83e-02	8.76e-01	6.56e-02
 6.92529e+22	6.39e-02	8.77e-01	5.87e-02
 6.96973e+22	6.97e-02	8.78e-01	5.27e-02
 7.00900e+22	7.56e-02	8.77e-01	4.76e-02
 7.04458e+22	8.15e-02	8.75e-01	4.34e-02
 7.08338e+22	8.98e-02	8.72e-01	3.86e-02
 7.12249e+22	9.75e-02	8.68e-01	3.49e-02
 7.15533e+22	1.05e-01	8.63e-01	3.19e-02
 7.19134e+22	1.16e-01	8.55e-01	2.85e-02
 7.21715e+22	1.22e-01	8.51e-01	2.72e-02
 7.22519e+22	1.24e-01	8.50e-01	2.68e-02
 7.23094e+22	1.26e-01	8.48e-01	2.63e-02
 7.23796e+22	1.28e-01	8.46e-01	2.58e-02
 7.24585e+22	1.31e-01	8.44e-01	2.52e-02
 7.25368e+22	1.34e-01	8.41e-01	2.46e-02
 7.26112e+22	1.37e-01	8.39e-01	2.41e-02
 7.26833e+22	1.40e-01	8.36e-01	2.36e-02
 7.27539e+22	1.43e-01	8.34e-01	2.32e-02
 7.28258e+22	1.46e-01	8.31e-01	2.27e-02
 7.28963e+22	1.49e-01	8.29e-01	2.23e-02
 7.29644e+22	1.52e-01	8.26e-01	2.18e-02
 7.30304e+22	1.55e-01	8.23e-01	2.15e-02
 7.30968e+22	1.59e-01	8.20e-01	2.11e-02
 7.31635e+22	1.62e-01	8.17e-01	2.07e-02
 7.32266e+22	1.65e-01	8.14e-01	2.04e-02
 7.32881e+22	1.68e-01	8.12e-01	2.01e-02
 7.33498e+22	1.72e-01	8.08e-01	1.97e-02
 7.34106e+22	1.75e-01	8.05e-01	1.94e-02
 7.34701e+22	1.79e-01	8.02e-01	1.91e-02
 7.35276e+22	1.82e-01	7.99e-01	1.89e-02
 7.35848e+22	1.86e-01	7.95e-01	1.86e-02
 7.36429e+22	1.90e-01	7.91e-01	1.83e-02
 7.36977e+22	1.94e-01	7.88e-01	1.81e-02
 7.37510e+22	1.98e-01	7.84e-01	1.79e-02
 7.38053e+22	2.02e-01	7.81e-01	1.77e-02
 7.38597e+22	2.06e-01	7.77e-01	1.75e-02
 7.39135e+22	2.10e-01	7.73e-01	1.73e-02
 7.39693e+22	2.14e-01	7.69e-01	1.71e-02
 7.40244e+22	2.18e-01	7.65e-01	1.69e-02
 7.40769e+22	2.23e-01	7.61e-01	1.68e-02
 7.41291e+22	2.27e-01	7.56e-01	1.66e-02
 7.41795e+22	2.32e-01	7.52e-01	1.64e-02
 7.42296e+22	2.36e-01	7.47e-01	1.63e-02
 7.42810e+22	2.41e-01	7.43e-01	1.62e-02
 7.43328e+22	2.46e-01	7.38e-01	1.61e-02
 7.43847e+22	2.51e-01	7.33e-01	1.59e-02
 7.44360e+22	2.56e-01	7.28e-01	1.59e-02
 7.44870e+22	2.61e-01	7.23e-01	1.58e-02
 7.45388e+22	2.67e-01	7.18e-01	1.57e-02
 7.45913e+22	2.72e-01	7.12e-01	1.56e-02
 7.46442e+22	2.78e-01	7.06e-01	1.55e-02
 7.46973e+22	2.84e-01	7.01e-01	1.55e-02
 7.47512e+22	2.90e-01	6.94e-01	1.54e-02
 7.48063e+22	2.97e-01	6.88e-01	1.54e-02
 7.48626e+22	3.03e-01	6.81e-01	1.54e-02
 7.49202e+22	3.10e-01	6.74e-01	1.53e-02
 7.49687e+22	3.16e-01	6.69e-01	1.54e-02
 7.50048e+22	3.20e-01	6.65e-01	1.54e-02
 7.50395e+22	3.24e-01	6.60e-01	1.54e-02
 7.50777e+22	3.30e-01	6.55e-01	1.53e-02
 7.51184e+22	3.35e-01	6.50e-01	1.53e-02
 7.51587e+22	3.41e-01	6.44e-01	1.53e-02
 7.51976e+22	3.46e-01	6.39e-01	1.53e-02
 7.52372e+22	3.51e-01	6.33e-01	1.53e-02
 7.52782e+22	3.57e-01	6.27e-01	1.52e-02
 7.53189e+22	3.63e-01	6.22e-01	1.52e-02
 7.53596e+22	3.69e-01	6.16e-01	1.52e-02
 7.54013e+22	3.75e-01	6.09e-01	1.51e-02
 7.54439e+22	3.82e-01	6.03e-01	1.51e-02
 7.54872e+22	3.89e-01	5.96e-01	1.50e-02
 7.55309e+22	3.96e-01	5.89e-01	1.50e-02
 7.55746e+22	4.03e-01	5.82e-01	1.49e-02
 7.56189e+22	4.10e-01	5.75e-01	1.48e-02
 7.56646e+22	4.18e-01	5.67e-01	1.47e-02
 7.57115e+22	4.26e-01	5.59e-01	1.46e-02
 7.57585e+22	4.34e-01	5.51e-01	1.45e-02
 7.58061e+22	4.43e-01	5.43e-01	1.43e-02
 7.58553e+22	4.52e-01	5.34e-01	1.42e-02
 7.59053e+22	4.61e-01	5.25e-01	1.40e-02
 7.59559e+22	4.70e-01	5.16e-01	1.38e-02
 7.60074e+22	4.80e-01	5.06e-01	1.36e-02
 7.60604e+22	4.90e-01	4.97e-01	1.34e-02
 7.61147e+22	5.01e-01	4.86e-01	1.32e-02
 7.61702e+22	5.11e-01	4.76e-01	1.29e-02
 7.62255e+22	5.22e-01	4.65e-01	1.26e-02
 7.62810e+22	5.33e-01	4.54e-01	1.24e-02
 7.63381e+22	5.45e-01	4.43e-01	1.21e-02
 7.63963e+22	5.56e-01	4.32e-01	1.18e-02
 7.64552e+22	5.68e-01	4.21e-01	1.15e-02
 7.65141e+22	5.79e-01	4.10e-01	1.11e-02
 7.65728e+22	5.91e-01	3.98e-01	1.08e-02
 7.66321e+22	6.03e-01	3.87e-01	1.05e-02
 7.66917e+22	6.14e-01	3.75e-01	1.01e-02
 7.67520e+22	6.26e-01	3.64e-01	9.81e-03
 7.68122e+22	6.37e-01	3.53e-01	9.48e-03
 7.68719e+22	6.49e-01	3.42e-01	9.14e-03
 7.69318e+22	6.60e-01	3.31e-01	8.81e-03
 7.69915e+22	6.71e-01	3.21e-01	8.47e-03
 7.70510e+22	6.82e-01	3.10e-01	8.14e-03
 7.71104e+22	6.93e-01	3.00e-01	7.82e-03
 7.71696e+22	7.03e-01	2.89e-01	7.49e-03
 7.72283e+22	7.13e-01	2.80e-01	7.18e-03
 7.72866e+22	7.23e-01	2.70e-01	6.87e-03
 7.73441e+22	7.33e-01	2.61e-01	6.57e-03
 7.73990e+22	7.42e-01	2.52e-01	6.29e-03
 7.74507e+22	7.50e-01	2.44e-01	6.03e-03
 7.74994e+22	7.58e-01	2.37e-01	5.78e-03
 7.75455e+22	7.65e-01	2.30e-01	5.55e-03
 7.75895e+22	7.72e-01	2.23e-01	5.33e-03
 7.76314e+22	7.78e-01	2.17e-01	5.13e-03
 7.76715e+22	7.84e-01	2.11e-01	4.93e-03
 7.77091e+22	7.90e-01	2.06e-01	4.75e-03
 7.77441e+22	7.95e-01	2.01e-01	4.59e-03
 7.77786e+22	8.00e-01	1.96e-01	4.43e-03
 7.78127e+22	8.04e-01	1.91e-01	4.27e-03
 7.78454e+22	8.09e-01	1.87e-01	4.12e-03
 7.78758e+22	8.13e-01	1.83e-01	3.99e-03
 7.79035e+22	8.17e-01	1.79e-01	3.87e-03
 7.79287e+22	8.20e-01	1.76e-01	3.76e-03
 7.79516e+22	8.24e-01	1.73e-01	3.66e-03
 7.79724e+22	8.26e-01	1.70e-01	3.57e-03
 7.79914e+22	8.29e-01	1.68e-01	3.49e-03
 7.80087e+22	8.31e-01	1.66e-01	3.42e-03
 7.80276e+22	8.34e-01	1.63e-01	3.34e-03
 7.80481e+22	8.36e-01	1.60e-01	3.26e-03
 7.80667e+22	8.39e-01	1.58e-01	3.19e-03
 7.80836e+22	8.41e-01	1.56e-01	3.12e-03
 7.80990e+22	8.43e-01	1.54e-01	3.06e-03
 7.81159e+22	8.45e-01	1.52e-01	2.99e-03
 7.81341e+22	8.47e-01	1.50e-01	2.93e-03
 7.81507e+22	8.49e-01	1.48e-01	2.87e-03
 7.81658e+22	8.51e-01	1.46e-01	2.81e-03
 7.81795e+22	8.52e-01	1.45e-01	2.77e-03
 7.81945e+22	8.54e-01	1.43e-01	2.72e-03
 7.82141e+22	8.57e-01	1.41e-01	2.64e-03
 7.82352e+22	8.59e-01	1.39e-01	2.59e-03
 7.82544e+22	8.61e-01	1.37e-01	2.54e-03
 7.82755e+22	8.63e-01	1.35e-01	2.47e-03
 7.82982e+22	8.65e-01	1.32e-01	2.41e-03
 7.83189e+22	8.67e-01	1.30e-01	2.35e-03
 7.83377e+22	8.69e-01	1.29e-01	2.30e-03
 7.83549e+22	8.70e-01	1.27e-01	2.27e-03
 7.83736e+22	8.72e-01	1.25e-01	2.21e-03
 7.83939e+22	8.74e-01	1.24e-01	2.17e-03
 7.84161e+22	8.76e-01	1.22e-01	2.10e-03
 7.84401e+22	8.79e-01	1.19e-01	2.04e-03
 7.84619e+22	8.80e-01	1.18e-01	1.99e-03
 7.84817e+22	8.82e-01	1.16e-01	1.95e-03
 7.84998e+22	8.84e-01	1.14e-01	1.91e-03
 7.85162e+22	8.85e-01	1.13e-01	1.87e-03
 7.85343e+22	8.87e-01	1.11e-01	1.82e-03
 7.85537e+22	8.89e-01	1.10e-01	1.78e-03
 7.85714e+22	8.90e-01	1.08e-01	1.75e-03
 7.85908e+22	8.92e-01	1.07e-01	1.70e-03
 7.86117e+22	8.93e-01	1.05e-01	1.66e-03
 7.86308e+22	8.95e-01	1.04e-01	1.62e-03
 7.86481e+22	8.96e-01	1.02e-01	1.59e-03
 7.86671e+22	8.98e-01	1.01e-01	1.55e-03
 7.86876e+22	8.99e-01	9.95e-02	1.51e-03
 7.87063e+22	9.00e-01	9.81e-02	1.48e-03
 7.87233e+22	9.02e-01	9.68e-02	1.45e-03
 7.87387e+22	9.03e-01	9.59e-02	1.43e-03
 7.87557e+22	9.04e-01	9.46e-02	1.39e-03
 7.87740e+22	9.05e-01	9.33e-02	1.36e-03
 7.87906e+22	9.06e-01	9.24e-02	1.34e-03
 7.88088e+22	9.08e-01	9.10e-02	1.30e-03
 7.88285e+22	9.09e-01	9.00e-02	1.28e-03
 7.88501e+22	9.10e-01	8.86e-02	1.25e-03
 7.88734e+22	9.11e-01	8.74e-02	1.22e-03
 7.88989e+22	9.13e-01	8.58e-02	1.18e-03
 7.89264e+22	9.14e-01	8.44e-02	1.15e-03
 7.89515e+22	9.16e-01	8.32e-02	1.12e-03
 7.89743e+22	9.17e-01	8.19e-02	1.09e-03
 7.89951e+22	9.18e-01	8.10e-02	1.08e-03
 7.90178e+22	9.19e-01	7.97e-02	1.05e-03
 7.90424e+22	9.20e-01	7.86e-02	1.02e-03
 7.90647e+22	9.22e-01	7.75e-02	9.97e-04
 7.90892e+22	9.23e-01	7.62e-02	9.69e-04
 7.91156e+22	9.24e-01	7.51e-02	9.44e-04
 7.91397e+22	9.25e-01	7.39e-02	9.20e-04
 7.91616e+22	9.26e-01	7.31e-02	9.04e-04
 7.91856e+22	9.27e-01	7.20e-02	8.78e-04
 7.92115e+22	9.28e-01	7.09e-02	8.56e-04
 7.92350e+22	9.29e-01	7.00e-02	8.38e-04
 7.92609e+22	9.30e-01	6.88e-02	8.13e-04
 7.92887e+22	9.31e-01	6.78e-02	7.93e-04
 7.93141e+22	9.32e-01	6.68e-02	7.72e-04
 7.93372e+22	9.33e-01	6.61e-02	7.58e-04
 7.93625e+22	9.34e-01	6.50e-02	7.37e-04
 7.93898e+22	9.35e-01	6.41e-02	7.18e-04
 7.94147e+22	9.36e-01	6.33e-02	7.02e-04
 7.94419e+22	9.37e-01	6.22e-02	6.82e-04
 7.94713e+22	9.38e-01	6.13e-02	6.64e-04
 7.94981e+22	9.39e-01	6.06e-02	6.51e-04
 7.95274e+22	9.40e-01	5.95e-02	6.29e-04
 7.95590e+22	9.41e-01	5.86e-02	6.12e-04
 7.95878e+22	9.42e-01	5.78e-02	5.99e-04
 7.96194e+22	9.43e-01	5.67e-02	5.78e-04
 7.96535e+22	9.44e-01	5.58e-02	5.62e-04
 7.96845e+22	9.44e-01	5.51e-02	5.48e-04
 7.97185e+22	9.45e-01	5.40e-02	5.29e-04
 7.97552e+22	9.46e-01	5.31e-02	5.14e-04
 7.97885e+22	9.47e-01	5.24e-02	5.01e-04
 7.98251e+22	9.48e-01	5.13e-02	4.82e-04
 7.98646e+22	9.49e-01	5.04e-02	4.68e-04
 7.99005e+22	9.50e-01	4.96e-02	4.54e-04
 7.99333e+22	9.51e-01	4.88e-02	4.41e-04
 7.99630e+22	9.51e-01	4.82e-02	4.31e-04
 7.99956e+22	9.52e-01	4.74e-02	4.17e-04
 8.00308e+22	9.53e-01	4.67e-02	4.06e-04
 8.00694e+22	9.54e-01	4.59e-02	3.92e-04
 8.01111e+22	9.55e-01	4.51e-02	3.80e-04
 8.01490e+22	9.55e-01	4.44e-02	3.70e-04
 8.01905e+22	9.56e-01	4.35e-02	3.56e-04
 8.02353e+22	9.57e-01	4.28e-02	3.45e-04
 8.02761e+22	9.58e-01	4.21e-02	3.34e-04
 8.03132e+22	9.58e-01	4.15e-02	3.25e-04
 8.03539e+22	9.59e-01	4.07e-02	3.13e-04
 8.03979e+22	9.60e-01	3.99e-02	3.03e-04
 8.04378e+22	9.60e-01	3.94e-02	2.94e-04
 8.04816e+22	9.61e-01	3.86e-02	2.83e-04
 8.05289e+22	9.62e-01	3.79e-02	2.74e-04
 8.05719e+22	9.62e-01	3.73e-02	2.66e-04
 8.06191e+22	9.63e-01	3.65e-02	2.55e-04
 8.06700e+22	9.64e-01	3.59e-02	2.46e-04
 8.07163e+22	9.64e-01	3.53e-02	2.39e-04
 8.07671e+22	9.65e-01	3.45e-02	2.29e-04
 8.08219e+22	9.66e-01	3.39e-02	2.21e-04
 8.08717e+22	9.67e-01	3.33e-02	2.13e-04
 8.09171e+22	9.67e-01	3.27e-02	2.06e-04
 8.09668e+22	9.68e-01	3.20e-02	1.98e-04
 8.10205e+22	9.68e-01	3.15e-02	1.91e-04
 8.10694e+22	9.69e-01	3.09e-02	1.85e-04
 8.11229e+22	9.70e-01	3.03e-02	1.77e-04
 8.11807e+22	9.70e-01	2.97e-02	1.71e-04
 8.12333e+22	9.71e-01	2.91e-02	1.65e-04
 8.12909e+22	9.71e-01	2.85e-02	1.58e-04
 8.13531e+22	9.72e-01	2.80e-02	1.52e-04
 8.14097e+22	9.72e-01	2.74e-02	1.46e-04
 8.14612e+22	9.73e-01	2.69e-02	1.41e-04
 8.15177e+22	9.74e-01	2.63e-02	1.35e-04
 8.15786e+22	9.74e-01	2.58e-02	1.30e-04
 8.16341e+22	9.75e-01	2.54e-02	1.26e-04
 8.16949e+22	9.75e-01	2.48e-02	1.20e-04
 8.17739e+22	9.76e-01	2.41e-02	1.14e-04
 8.18638e+22	9.76e-01	2.35e-02	1.08e-04
 8.19518e+22	9.77e-01	2.28e-02	1.02e-04
 8.20385e+22	9.78e-01	2.22e-02	9.63e-05
 8.21262e+22	9.78e-01	2.15e-02	9.12e-05
 8.22147e+22	9.79e-01	2.09e-02	8.60e-05
 8.23056e+22	9.80e-01	2.03e-02	8.11e-05
 8.23973e+22	9.80e-01	1.97e-02	7.65e-05
 8.24889e+22	9.81e-01	1.91e-02	7.21e-05
 8.25812e+22	9.81e-01	1.86e-02	6.80e-05
 8.26747e+22	9.82e-01	1.80e-02	6.40e-05
 8.27692e+22	9.82e-01	1.75e-02	6.03e-05
 8.28645e+22	9.83e-01	1.69e-02	5.68e-05
 8.29606e+22	9.84e-01	1.64e-02	5.35e-05
 8.30576e+22	9.84e-01	1.59e-02	5.03e-05
 8.31553e+22	9.85e-01	1.54e-02	4.73e-05
 8.32537e+22	9.85e-01	1.50e-02	4.45e-05
 8.33531e+22	9.85e-01	1.45e-02	4.19e-05
 8.34534e+22	9.86e-01	1.41e-02	3.93e-05
 8.35548e+22	9.86e-01	1.36e-02	3.70e-05
 8.36570e+22	9.87e-01	1.32e-02	3.47e-05
 8.37601e+22	9.87e-01	1.28e-02	3.26e-05
 8.38641e+22	9.88e-01	1.24e-02	3.06e-05
 8.39697e+22	9.88e-01	1.20e-02	2.87e-05
 8.40781e+22	9.88e-01	1.16e-02	2.69e-05
 8.41891e+22	9.89e-01	1.12e-02	2.52e-05
 8.43013e+22	9.89e-01	1.08e-02	2.36e-05
 8.44146e+22	9.89e-01	1.05e-02	2.20e-05
 8.45295e+22	9.90e-01	1.01e-02	2.06e-05
 8.46461e+22	9.90e-01	9.79e-03	1.92e-05
 8.47644e+22	9.91e-01	9.45e-03	1.80e-05
 8.48849e+22	9.91e-01	9.12e-03	1.67e-05
 8.50079e+22	9.91e-01	8.80e-03	1.56e-05
 8.51339e+22	9.91e-01	8.49e-03	1.45e-05
 8.52639e+22	9.92e-01	8.17e-03	1.35e-05
 8.53975e+22	9.92e-01	7.87e-03	1.25e-05
 8.55337e+22	9.92e-01	7.57e-03	1.16e-05
 8.56726e+22	9.93e-01	7.28e-03	1.07e-05
 8.58148e+22	9.93e-01	6.99e-03	9.90e-06
 8.59605e+22	9.93e-01	6.71e-03	9.13e-06
 8.61098e+22	9.94e-01	6.44e-03	8.41e-06
 8.62634e+22	9.94e-01	6.17e-03	7.74e-06
 8.64219e+22	9.94e-01	5.91e-03	7.10e-06
 8.65850e+22	9.94e-01	5.65e-03	6.50e-06
 8.67527e+22	9.95e-01	5.40e-03	5.94e-06
 8.69252e+22	9.95e-01	5.15e-03	5.41e-06
 8.71029e+22	9.95e-01	4.91e-03	4.92e-06
 8.72864e+22	9.95e-01	4.68e-03	4.47e-06
 8.74773e+22	9.96e-01	4.44e-03	4.04e-06
 8.76737e+22	9.96e-01	4.22e-03	3.65e-06
 8.78712e+22	9.96e-01	4.01e-03	3.29e-06
 8.80696e+22	9.96e-01	3.80e-03	2.97e-06
 8.82702e+22	9.96e-01	3.61e-03	2.68e-06
 8.84729e+22	9.97e-01	3.43e-03	2.42e-06
 8.86774e+22	9.97e-01	3.25e-03	2.18e-06
 8.88836e+22	9.97e-01	3.08e-03	1.96e-06
 8.90919e+22	9.97e-01	2.92e-03	1.76e-06
 8.93017e+22	9.97e-01	2.77e-03	1.59e-06
 8.95114e+22	9.97e-01	2.63e-03	1.43e-06
 8.97233e+22	9.98e-01	2.49e-03	1.28e-06
 8.99394e+22	9.98e-01	2.35e-03	1.15e-06
 9.01576e+22	9.98e-01	2.23e-03	1.03e-06
 9.03774e+22	9.98e-01	2.11e-03	9.21e-07
 9.05992e+22	9.98e-01	1.99e-03	8.23e-07
 9.08233e+22	9.98e-01	1.88e-03	7.35e-07
 9.10496e+22	9.98e-01	1.77e-03	6.56e-07
 9.12781e+22	9.98e-01	1.67e-03	5.84e-07
 9.15089e+22	9.98e-01	1.58e-03	5.20e-07
 9.17421e+22	9.99e-01	1.49e-03	4.62e-07
 9.19777e+22	9.99e-01	1.40e-03	4.10e-07
 9.22159e+22	9.99e-01	1.32e-03	3.64e-07
 9.24530e+22	9.99e-01	1.24e-03	3.23e-07
