#depth	O	O+	O+2	O+3	O+4	O+5	O+6	O+7	O+8	O[1]	O[2]	O[3]
 1.54284e+22	1.33e-12	2.67e-08	2.70e-05	2.29e-03	2.73e-02	7.40e-02	5.88e-01	2.77e-01	3.12e-02	1.33e-12	2.72e-21	3.40e-21
 3.44511e+22	2.43e-12	5.24e-08	5.73e-05	4.81e-03	4.75e-02	1.13e-01	6.18e-01	2.01e-01	1.57e-02	2.43e-12	4.89e-21	6.09e-21
 3.98425e+22	3.34e-12	7.47e-08	8.32e-05	6.78e-03	6.01e-02	1.35e-01	6.18e-01	1.69e-01	1.11e-02	3.34e-12	6.79e-21	8.46e-21
 4.25383e+22	3.94e-12	8.99e-08	1.00e-04	8.02e-03	6.72e-02	1.46e-01	6.15e-01	1.55e-01	9.36e-03	3.94e-12	8.06e-21	1.00e-20
 4.38258e+22	4.25e-12	9.76e-08	1.09e-04	8.63e-03	7.04e-02	1.51e-01	6.13e-01	1.49e-01	8.67e-03	4.25e-12	8.70e-21	1.08e-20
 4.47203e+22	4.69e-12	1.09e-07	1.21e-04	9.46e-03	7.47e-02	1.57e-01	6.10e-01	1.41e-01	7.86e-03	4.69e-12	9.62e-21	1.20e-20
 4.56721e+22	5.12e-12	1.20e-07	1.33e-04	1.03e-02	7.86e-02	1.63e-01	6.06e-01	1.35e-01	7.20e-03	5.12e-12	1.05e-20	1.31e-20
 4.66983e+22	5.76e-12	1.36e-07	1.51e-04	1.14e-02	8.38e-02	1.70e-01	6.01e-01	1.27e-01	6.45e-03	5.76e-12	1.19e-20	1.48e-20
 4.77439e+22	6.35e-12	1.51e-07	1.67e-04	1.24e-02	8.83e-02	1.76e-01	5.97e-01	1.20e-01	5.86e-03	6.35e-12	1.31e-20	1.63e-20
 4.86698e+22	7.01e-12	1.68e-07	1.84e-04	1.34e-02	9.29e-02	1.82e-01	5.91e-01	1.15e-01	5.35e-03	7.01e-12	1.45e-20	1.80e-20
 4.97288e+22	7.95e-12	1.92e-07	2.09e-04	1.49e-02	9.89e-02	1.90e-01	5.84e-01	1.07e-01	4.74e-03	7.95e-12	1.65e-20	2.05e-20
 5.08100e+22	8.84e-12	2.15e-07	2.33e-04	1.62e-02	1.04e-01	1.96e-01	5.78e-01	1.01e-01	4.30e-03	8.84e-12	1.84e-20	2.29e-20
 5.19199e+22	1.03e-11	2.50e-07	2.67e-04	1.80e-02	1.11e-01	2.04e-01	5.69e-01	9.46e-02	3.80e-03	1.03e-11	2.15e-20	2.67e-20
 5.30786e+22	1.17e-11	2.85e-07	3.00e-04	1.97e-02	1.17e-01	2.11e-01	5.60e-01	8.88e-02	3.40e-03	1.17e-11	2.45e-20	3.04e-20
 5.41339e+22	1.32e-11	3.24e-07	3.36e-04	2.16e-02	1.23e-01	2.17e-01	5.52e-01	8.34e-02	3.05e-03	1.32e-11	2.78e-20	3.44e-20
 5.53392e+22	1.57e-11	3.85e-07	3.91e-04	2.41e-02	1.31e-01	2.25e-01	5.40e-01	7.69e-02	2.65e-03	1.57e-11	3.32e-20	4.11e-20
 5.65647e+22	1.81e-11	4.42e-07	4.41e-04	2.64e-02	1.38e-01	2.31e-01	5.29e-01	7.19e-02	2.36e-03	1.81e-11	3.83e-20	4.75e-20
 5.78165e+22	2.17e-11	5.30e-07	5.15e-04	2.96e-02	1.47e-01	2.40e-01	5.15e-01	6.58e-02	2.04e-03	2.17e-11	4.62e-20	5.72e-20
 5.90757e+22	2.53e-11	6.14e-07	5.83e-04	3.24e-02	1.54e-01	2.45e-01	5.04e-01	6.14e-02	1.81e-03	2.53e-11	5.41e-20	6.69e-20
 6.03447e+22	3.05e-11	7.39e-07	6.82e-04	3.63e-02	1.64e-01	2.53e-01	4.89e-01	5.59e-02	1.55e-03	3.05e-11	6.56e-20	8.12e-20
 6.16307e+22	3.61e-11	8.62e-07	7.74e-04	3.97e-02	1.72e-01	2.58e-01	4.76e-01	5.19e-02	1.37e-03	3.61e-11	7.80e-20	9.64e-20
 6.27654e+22	4.21e-11	1.00e-06	8.76e-04	4.33e-02	1.80e-01	2.63e-01	4.63e-01	4.81e-02	1.21e-03	4.21e-11	9.15e-20	1.13e-19
 6.38939e+22	4.95e-11	1.16e-06	9.90e-04	4.71e-02	1.88e-01	2.68e-01	4.50e-01	4.45e-02	1.07e-03	4.95e-11	1.08e-19	1.34e-19
 6.51881e+22	6.11e-11	1.41e-06	1.16e-03	5.25e-02	1.98e-01	2.74e-01	4.33e-01	4.03e-02	9.11e-04	6.11e-11	1.34e-19	1.66e-19
 6.64093e+22	7.10e-11	1.62e-06	1.29e-03	5.65e-02	2.06e-01	2.77e-01	4.21e-01	3.75e-02	8.14e-04	7.10e-11	1.57e-19	1.93e-19
 6.75358e+22	8.56e-11	1.92e-06	1.48e-03	6.19e-02	2.15e-01	2.81e-01	4.05e-01	3.42e-02	7.04e-04	8.56e-11	1.90e-19	2.35e-19
 6.86813e+22	1.00e-10	2.21e-06	1.65e-03	6.66e-02	2.23e-01	2.84e-01	3.93e-01	3.18e-02	6.25e-04	1.00e-10	2.24e-19	2.75e-19
 6.98517e+22	1.22e-10	2.64e-06	1.89e-03	7.28e-02	2.33e-01	2.87e-01	3.77e-01	2.89e-02	5.39e-04	1.22e-10	2.74e-19	3.38e-19
 7.10662e+22	1.45e-10	3.08e-06	2.13e-03	7.88e-02	2.41e-01	2.89e-01	3.62e-01	2.65e-02	4.71e-04	1.45e-10	3.29e-19	4.05e-19
 7.21523e+22	1.72e-10	3.56e-06	2.39e-03	8.47e-02	2.49e-01	2.90e-01	3.49e-01	2.44e-02	4.15e-04	1.72e-10	3.91e-19	4.81e-19
 7.33783e+22	2.12e-10	4.27e-06	2.74e-03	9.25e-02	2.59e-01	2.91e-01	3.32e-01	2.19e-02	3.53e-04	2.12e-10	4.88e-19	5.99e-19
 7.46596e+22	2.57e-10	5.04e-06	3.11e-03	1.00e-01	2.68e-01	2.92e-01	3.17e-01	1.99e-02	3.04e-04	2.57e-10	5.95e-19	7.30e-19
 7.58148e+22	3.08e-10	5.87e-06	3.48e-03	1.08e-01	2.76e-01	2.92e-01	3.03e-01	1.81e-02	2.65e-04	3.08e-10	7.18e-19	8.81e-19
 7.71185e+22	3.88e-10	7.11e-06	4.02e-03	1.18e-01	2.86e-01	2.91e-01	2.86e-01	1.61e-02	2.22e-04	3.88e-10	9.13e-19	1.12e-18
 7.84653e+22	4.75e-10	8.42e-06	4.56e-03	1.27e-01	2.94e-01	2.89e-01	2.71e-01	1.45e-02	1.89e-04	4.75e-10	1.13e-18	1.38e-18
 7.96653e+22	5.75e-10	9.86e-06	5.11e-03	1.36e-01	3.02e-01	2.87e-01	2.57e-01	1.30e-02	1.62e-04	5.75e-10	1.38e-18	1.69e-18
 8.10224e+22	7.33e-10	1.20e-05	5.90e-03	1.48e-01	3.11e-01	2.84e-01	2.40e-01	1.14e-02	1.34e-04	7.33e-10	1.78e-18	2.17e-18
 8.24306e+22	9.10e-10	1.43e-05	6.70e-03	1.59e-01	3.18e-01	2.81e-01	2.25e-01	1.02e-02	1.12e-04	9.10e-10	2.23e-18	2.72e-18
 8.36943e+22	1.12e-09	1.68e-05	7.53e-03	1.70e-01	3.25e-01	2.77e-01	2.11e-01	9.06e-03	9.53e-05	1.12e-09	2.76e-18	3.37e-18
 8.51263e+22	1.45e-09	2.07e-05	8.72e-03	1.85e-01	3.33e-01	2.71e-01	1.94e-01	7.80e-03	7.69e-05	1.45e-09	3.64e-18	4.44e-18
 8.66067e+22	1.82e-09	2.46e-05	9.87e-03	1.98e-01	3.39e-01	2.65e-01	1.81e-01	6.85e-03	6.38e-05	1.82e-09	4.61e-18	5.62e-18
 8.79474e+22	2.26e-09	2.92e-05	1.11e-02	2.12e-01	3.44e-01	2.59e-01	1.68e-01	6.02e-03	5.30e-05	2.26e-09	5.82e-18	7.08e-18
 8.94877e+22	3.01e-09	3.63e-05	1.29e-02	2.30e-01	3.50e-01	2.50e-01	1.52e-01	5.06e-03	4.15e-05	3.01e-09	7.87e-18	9.58e-18
 9.10405e+22	3.78e-09	4.32e-05	1.46e-02	2.45e-01	3.54e-01	2.43e-01	1.40e-01	4.39e-03	3.40e-05	3.78e-09	1.00e-17	1.22e-17
 9.26098e+22	5.00e-09	5.33e-05	1.68e-02	2.63e-01	3.57e-01	2.33e-01	1.26e-01	3.68e-03	2.66e-05	5.00e-09	1.36e-17	1.65e-17
 9.42141e+22	6.38e-09	6.39e-05	1.90e-02	2.80e-01	3.59e-01	2.24e-01	1.15e-01	3.15e-03	2.13e-05	6.38e-09	1.76e-17	2.14e-17
 9.56235e+22	8.00e-09	7.55e-05	2.13e-02	2.96e-01	3.60e-01	2.16e-01	1.05e-01	2.71e-03	1.74e-05	8.00e-09	2.25e-17	2.73e-17
 9.72154e+22	1.07e-08	9.34e-05	2.45e-02	3.16e-01	3.60e-01	2.04e-01	9.27e-02	2.23e-03	1.32e-05	1.07e-08	3.08e-17	3.73e-17
 9.88471e+22	1.36e-08	1.11e-04	2.75e-02	3.33e-01	3.59e-01	1.95e-01	8.36e-02	1.88e-03	1.05e-05	1.36e-08	4.01e-17	4.85e-17
 1.00530e+23	1.84e-08	1.38e-04	3.16e-02	3.55e-01	3.56e-01	1.82e-01	7.32e-02	1.53e-03	7.89e-06	1.84e-08	5.57e-17	6.74e-17
 1.02241e+23	2.36e-08	1.65e-04	3.54e-02	3.72e-01	3.53e-01	1.72e-01	6.53e-02	1.27e-03	6.17e-06	2.36e-08	7.32e-17	8.86e-17
 1.03756e+23	3.00e-08	1.95e-04	3.94e-02	3.90e-01	3.49e-01	1.62e-01	5.83e-02	1.07e-03	4.84e-06	3.00e-08	9.57e-17	1.16e-16
 1.05495e+23	4.09e-08	2.43e-04	4.52e-02	4.11e-01	3.42e-01	1.50e-01	5.01e-02	8.41e-04	3.52e-06	4.09e-08	1.35e-16	1.64e-16
 1.07259e+23	5.23e-08	2.88e-04	5.03e-02	4.28e-01	3.36e-01	1.40e-01	4.43e-02	6.95e-04	2.72e-06	5.23e-08	1.79e-16	2.16e-16
 1.08792e+23	6.61e-08	3.39e-04	5.56e-02	4.44e-01	3.30e-01	1.31e-01	3.92e-02	5.76e-04	2.12e-06	6.61e-08	2.33e-16	2.81e-16
 1.10521e+23	8.94e-08	4.18e-04	6.31e-02	4.64e-01	3.20e-01	1.19e-01	3.33e-02	4.50e-04	1.52e-06	8.94e-08	3.28e-16	3.96e-16
 1.12173e+23	1.10e-07	4.81e-04	6.87e-02	4.77e-01	3.13e-01	1.12e-01	2.97e-02	3.79e-04	1.21e-06	1.10e-07	4.14e-16	5.00e-16
 1.13724e+23	1.43e-07	5.75e-04	7.63e-02	4.92e-01	3.03e-01	1.02e-01	2.56e-02	3.03e-04	9.00e-07	1.43e-07	5.57e-16	6.72e-16
 1.15287e+23	1.76e-07	6.63e-04	8.29e-02	5.04e-01	2.94e-01	9.50e-02	2.27e-02	2.52e-04	7.06e-07	1.76e-07	7.05e-16	8.51e-16
 1.16867e+23	2.29e-07	7.91e-04	9.19e-02	5.18e-01	2.83e-01	8.63e-02	1.94e-02	2.00e-04	5.19e-07	2.29e-07	9.49e-16	1.14e-15
 1.18478e+23	2.83e-07	9.13e-04	9.98e-02	5.29e-01	2.74e-01	7.96e-02	1.70e-02	1.64e-04	4.01e-07	2.83e-07	1.21e-15	1.46e-15
 1.20127e+23	3.70e-07	1.09e-03	1.10e-01	5.41e-01	2.62e-01	7.16e-02	1.44e-02	1.28e-04	2.89e-07	3.70e-07	1.64e-15	1.97e-15
 1.21794e+23	4.59e-07	1.26e-03	1.20e-01	5.50e-01	2.51e-01	6.55e-02	1.25e-02	1.04e-04	2.20e-07	4.59e-07	2.09e-15	2.51e-15
 1.23262e+23	5.65e-07	1.45e-03	1.29e-01	5.57e-01	2.41e-01	6.00e-02	1.09e-02	8.50e-05	1.69e-07	5.65e-07	2.64e-15	3.18e-15
 1.24948e+23	7.37e-07	1.72e-03	1.42e-01	5.65e-01	2.28e-01	5.33e-02	9.11e-03	6.53e-05	0.00e+00	7.37e-07	3.56e-15	4.28e-15
 1.26583e+23	8.93e-07	1.95e-03	1.52e-01	5.70e-01	2.19e-01	4.88e-02	7.97e-03	5.36e-05	0.00e+00	8.93e-07	4.42e-15	5.31e-15
 1.27886e+23	1.06e-06	2.19e-03	1.62e-01	5.74e-01	2.10e-01	4.50e-02	7.03e-03	4.47e-05	0.00e+00	1.06e-06	5.39e-15	6.47e-15
 1.29319e+23	1.32e-06	2.52e-03	1.74e-01	5.77e-01	2.00e-01	4.05e-02	6.02e-03	3.57e-05	0.00e+00	1.32e-06	6.88e-15	8.25e-15
 1.30778e+23	1.57e-06	2.83e-03	1.85e-01	5.79e-01	1.91e-01	3.71e-02	5.28e-03	2.95e-05	0.00e+00	1.57e-06	8.40e-15	1.01e-14
 1.32069e+23	1.87e-06	3.16e-03	1.96e-01	5.80e-01	1.82e-01	3.39e-02	4.64e-03	2.44e-05	0.00e+00	1.87e-06	1.02e-14	1.22e-14
 1.33547e+23	2.31e-06	3.63e-03	2.11e-01	5.79e-01	1.72e-01	3.03e-02	3.93e-03	1.92e-05	0.00e+00	2.31e-06	1.31e-14	1.56e-14
 1.35044e+23	2.76e-06	4.06e-03	2.24e-01	5.78e-01	1.63e-01	2.75e-02	3.42e-03	1.57e-05	0.00e+00	2.76e-06	1.60e-14	1.91e-14
 1.36359e+23	3.26e-06	4.53e-03	2.36e-01	5.76e-01	1.55e-01	2.50e-02	2.98e-03	1.29e-05	0.00e+00	3.26e-06	1.94e-14	2.31e-14
 1.37864e+23	4.03e-06	5.19e-03	2.52e-01	5.73e-01	1.45e-01	2.22e-02	2.51e-03	1.00e-05	0.00e+00	4.03e-06	2.47e-14	2.95e-14
 1.39394e+23	4.79e-06	5.79e-03	2.67e-01	5.69e-01	1.37e-01	2.00e-02	2.16e-03	8.12e-06	0.00e+00	4.79e-06	3.02e-14	3.59e-14
 1.40750e+23	5.68e-06	6.46e-03	2.81e-01	5.64e-01	1.29e-01	1.80e-02	1.87e-03	6.58e-06	0.00e+00	5.68e-06	3.68e-14	4.38e-14
 1.42308e+23	7.04e-06	7.41e-03	3.00e-01	5.56e-01	1.20e-01	1.58e-02	1.55e-03	5.05e-06	0.00e+00	7.04e-06	4.72e-14	5.62e-14
 1.43880e+23	8.38e-06	8.27e-03	3.15e-01	5.49e-01	1.12e-01	1.41e-02	1.33e-03	4.04e-06	0.00e+00	8.38e-06	5.78e-14	6.87e-14
 1.45264e+23	9.92e-06	9.21e-03	3.31e-01	5.41e-01	1.05e-01	1.26e-02	1.14e-03	3.25e-06	0.00e+00	9.92e-06	7.04e-14	8.38e-14
 1.46291e+23	1.08e-05	9.70e-03	3.39e-01	5.36e-01	1.02e-01	1.19e-02	1.05e-03	2.90e-06	0.00e+00	1.08e-05	7.76e-14	9.22e-14
 1.47063e+23	1.19e-05	1.04e-02	3.49e-01	5.31e-01	9.77e-02	1.11e-02	9.58e-04	2.53e-06	0.00e+00	1.19e-05	8.76e-14	1.04e-13
 1.48068e+23	1.36e-05	1.12e-02	3.62e-01	5.23e-01	9.27e-02	1.02e-02	8.48e-04	2.13e-06	0.00e+00	1.36e-05	1.02e-13	1.21e-13
 1.49374e+23	1.62e-05	1.26e-02	3.79e-01	5.12e-01	8.60e-02	9.00e-03	7.16e-04	1.68e-06	0.00e+00	1.62e-05	1.26e-13	1.50e-13
 1.50840e+23	1.92e-05	1.40e-02	3.97e-01	5.01e-01	7.99e-02	7.97e-03	6.07e-04	1.33e-06	0.00e+00	1.92e-05	1.54e-13	1.82e-13
 1.52517e+23	2.40e-05	1.61e-02	4.20e-01	4.84e-01	7.22e-02	6.75e-03	4.86e-04	9.67e-07	0.00e+00	2.40e-05	2.01e-13	2.38e-13
 1.54200e+23	2.83e-05	1.78e-02	4.38e-01	4.71e-01	6.65e-02	5.93e-03	4.08e-04	7.55e-07	0.00e+00	2.83e-05	2.46e-13	2.91e-13
 1.55890e+23	3.49e-05	2.03e-02	4.61e-01	4.53e-01	6.00e-02	5.03e-03	3.27e-04	5.53e-07	0.00e+00	3.49e-05	3.17e-13	3.74e-13
 1.57648e+23	4.18e-05	2.27e-02	4.81e-01	4.37e-01	5.46e-02	4.33e-03	2.68e-04	4.19e-07	0.00e+00	4.18e-05	3.94e-13	4.65e-13
 1.59246e+23	4.96e-05	2.53e-02	5.00e-01	4.21e-01	4.97e-02	3.74e-03	2.21e-04	3.19e-07	0.00e+00	4.96e-05	4.86e-13	5.73e-13
 1.61075e+23	6.17e-05	2.90e-02	5.25e-01	3.99e-01	4.40e-02	3.09e-03	1.73e-04	2.25e-07	0.00e+00	6.17e-05	6.37e-13	7.48e-13
 1.62679e+23	7.00e-05	3.12e-02	5.40e-01	3.86e-01	4.06e-02	2.74e-03	1.47e-04	1.80e-07	0.00e+00	7.00e-05	7.44e-13	8.73e-13
 1.63990e+23	8.12e-05	3.42e-02	5.56e-01	3.70e-01	3.71e-02	2.39e-03	1.23e-04	1.41e-07	0.00e+00	8.12e-05	8.97e-13	1.05e-12
 1.65360e+23	9.24e-05	3.70e-02	5.71e-01	3.56e-01	3.41e-02	2.11e-03	1.05e-04	0.00e+00	0.00e+00	9.24e-05	1.06e-12	1.23e-12
 1.66614e+23	1.04e-04	3.99e-02	5.84e-01	3.42e-01	3.15e-02	1.87e-03	8.96e-05	0.00e+00	0.00e+00	1.04e-04	1.23e-12	1.44e-12
 1.68047e+23	1.22e-04	4.39e-02	6.01e-01	3.25e-01	2.84e-02	1.60e-03	7.33e-05	0.00e+00	0.00e+00	1.22e-04	1.51e-12	1.75e-12
 1.69506e+23	1.39e-04	4.74e-02	6.15e-01	3.10e-01	2.58e-02	1.39e-03	6.15e-05	0.00e+00	0.00e+00	1.39e-04	1.77e-12	2.05e-12
 1.70999e+23	1.63e-04	5.22e-02	6.31e-01	2.92e-01	2.30e-02	1.18e-03	4.95e-05	0.00e+00	0.00e+00	1.63e-04	2.19e-12	2.52e-12
 1.72502e+23	1.85e-04	5.63e-02	6.44e-01	2.77e-01	2.08e-02	1.02e-03	4.12e-05	0.00e+00	0.00e+00	1.85e-04	2.58e-12	2.96e-12
 1.74019e+23	2.18e-04	6.20e-02	6.59e-01	2.59e-01	1.84e-02	8.51e-04	3.28e-05	0.00e+00	0.00e+00	2.18e-04	3.18e-12	3.63e-12
 1.75561e+23	2.47e-04	6.68e-02	6.71e-01	2.44e-01	1.65e-02	7.30e-04	2.71e-05	0.00e+00	0.00e+00	2.47e-04	3.76e-12	4.27e-12
 1.77135e+23	2.90e-04	7.35e-02	6.85e-01	2.27e-01	1.45e-02	6.04e-04	2.13e-05	0.00e+00	0.00e+00	2.90e-04	4.66e-12	5.26e-12
 1.78738e+23	3.29e-04	7.91e-02	6.95e-01	2.12e-01	1.29e-02	5.12e-04	1.73e-05	0.00e+00	0.00e+00	3.29e-04	5.53e-12	6.20e-12
 1.80379e+23	3.88e-04	8.72e-02	7.06e-01	1.94e-01	1.12e-02	4.17e-04	1.34e-05	0.00e+00	0.00e+00	3.88e-04	6.91e-12	7.68e-12
 1.82052e+23	4.42e-04	9.39e-02	7.15e-01	1.80e-01	9.84e-03	3.49e-04	1.08e-05	0.00e+00	0.00e+00	4.42e-04	8.25e-12	9.10e-12
 1.83764e+23	5.22e-04	1.04e-01	7.24e-01	1.63e-01	8.41e-03	2.80e-04	8.21e-06	0.00e+00	0.00e+00	5.22e-04	1.04e-11	1.13e-11
 1.85510e+23	5.96e-04	1.12e-01	7.31e-01	1.50e-01	7.32e-03	2.31e-04	6.48e-06	0.00e+00	0.00e+00	5.96e-04	1.25e-11	1.35e-11
 1.87301e+23	7.10e-04	1.24e-01	7.36e-01	1.33e-01	6.16e-03	1.81e-04	4.81e-06	0.00e+00	0.00e+00	7.10e-04	1.59e-11	1.70e-11
 1.89085e+23	8.04e-04	1.33e-01	7.40e-01	1.22e-01	5.34e-03	1.49e-04	3.80e-06	0.00e+00	0.00e+00	8.04e-04	1.89e-11	2.00e-11
 1.90860e+23	9.57e-04	1.47e-01	7.41e-01	1.07e-01	4.46e-03	1.16e-04	2.80e-06	0.00e+00	0.00e+00	9.57e-04	2.40e-11	2.50e-11
 1.92647e+23	1.09e-03	1.57e-01	7.41e-01	9.67e-02	3.84e-03	9.41e-05	2.19e-06	0.00e+00	0.00e+00	1.09e-03	2.87e-11	2.96e-11
 1.94452e+23	1.30e-03	1.74e-01	7.37e-01	8.42e-02	3.18e-03	7.19e-05	1.59e-06	0.00e+00	0.00e+00	1.30e-03	3.68e-11	3.73e-11
 1.96265e+23	1.48e-03	1.87e-01	7.33e-01	7.49e-02	2.71e-03	5.77e-05	1.23e-06	0.00e+00	0.00e+00	1.48e-03	4.42e-11	4.43e-11
 1.98089e+23	1.78e-03	2.08e-01	7.24e-01	6.40e-02	2.21e-03	4.31e-05	8.80e-07	0.00e+00	0.00e+00	1.78e-03	5.72e-11	5.63e-11
 1.99909e+23	2.03e-03	2.24e-01	7.16e-01	5.62e-02	1.88e-03	3.43e-05	6.77e-07	0.00e+00	0.00e+00	2.03e-03	6.89e-11	6.69e-11
 2.01722e+23	2.45e-03	2.49e-01	7.00e-01	4.72e-02	1.52e-03	2.51e-05	4.78e-07	0.00e+00	0.00e+00	2.45e-03	8.95e-11	8.53e-11
 2.03539e+23	2.81e-03	2.69e-01	6.86e-01	4.07e-02	1.29e-03	1.96e-05	3.63e-07	0.00e+00	0.00e+00	2.81e-03	1.09e-10	1.02e-10
 2.05359e+23	3.43e-03	3.00e-01	6.62e-01	3.33e-02	1.03e-03	1.39e-05	2.52e-07	0.00e+00	0.00e+00	3.43e-03	1.42e-10	1.32e-10
 2.07179e+23	3.98e-03	3.25e-01	6.42e-01	2.82e-02	8.60e-04	1.06e-05	1.88e-07	0.00e+00	0.00e+00	3.98e-03	1.74e-10	1.59e-10
 2.09000e+23	4.87e-03	3.62e-01	6.10e-01	2.24e-02	6.84e-04	7.34e-06	1.29e-07	0.00e+00	0.00e+00	4.87e-03	2.29e-10	2.05e-10
 2.10836e+23	5.73e-03	3.93e-01	5.82e-01	1.84e-02	5.64e-04	5.37e-06	0.00e+00	0.00e+00	0.00e+00	5.73e-03	2.85e-10	2.52e-10
 2.12691e+23	7.13e-03	4.38e-01	5.41e-01	1.40e-02	4.40e-04	3.52e-06	0.00e+00	0.00e+00	0.00e+00	7.13e-03	3.79e-10	3.31e-10
 2.14557e+23	8.50e-03	4.76e-01	5.04e-01	1.10e-02	3.57e-04	2.45e-06	0.00e+00	0.00e+00	0.00e+00	8.50e-03	4.76e-10	4.12e-10
 2.16436e+23	1.07e-02	5.27e-01	4.55e-01	7.97e-03	2.74e-04	1.52e-06	0.00e+00	0.00e+00	0.00e+00	1.07e-02	6.38e-10	5.45e-10
 2.18335e+23	1.30e-02	5.71e-01	4.09e-01	5.88e-03	2.17e-04	9.84e-07	0.00e+00	0.00e+00	0.00e+00	1.30e-02	8.19e-10	6.93e-10
 2.19765e+23	1.51e-02	6.05e-01	3.75e-01	4.63e-03	1.81e-04	6.99e-07	0.00e+00	0.00e+00	0.00e+00	1.51e-02	9.86e-10	8.30e-10
 2.21128e+23	1.81e-02	6.44e-01	3.34e-01	3.44e-03	1.46e-04	4.60e-07	0.00e+00	0.00e+00	0.00e+00	1.81e-02	1.23e-09	1.03e-09
 2.22584e+23	2.16e-02	6.82e-01	2.94e-01	2.53e-03	1.17e-04	2.98e-07	0.00e+00	0.00e+00	0.00e+00	2.16e-02	1.53e-09	1.27e-09
 2.23926e+23	2.58e-02	7.16e-01	2.56e-01	1.84e-03	9.33e-05	1.92e-07	0.00e+00	0.00e+00	0.00e+00	2.58e-02	1.89e-09	1.57e-09
 2.25437e+23	3.22e-02	7.56e-01	2.10e-01	1.20e-03	6.92e-05	0.00e+00	0.00e+00	0.00e+00	0.00e+00	3.22e-02	2.49e-09	2.05e-09
 2.26973e+23	4.03e-02	7.89e-01	1.70e-01	7.83e-04	5.13e-05	0.00e+00	0.00e+00	0.00e+00	0.00e+00	4.03e-02	3.23e-09	2.65e-09
 2.28201e+23	4.91e-02	8.11e-01	1.39e-01	5.31e-04	3.90e-05	0.00e+00	0.00e+00	0.00e+00	0.00e+00	4.91e-02	4.05e-09	3.32e-09
 2.29247e+23	5.87e-02	8.27e-01	1.14e-01	3.70e-04	3.00e-05	0.00e+00	0.00e+00	0.00e+00	0.00e+00	5.87e-02	4.98e-09	4.07e-09
 2.30212e+23	7.03e-02	8.37e-01	9.20e-02	2.56e-04	2.28e-05	0.00e+00	0.00e+00	0.00e+00	0.00e+00	7.03e-02	6.11e-09	4.98e-09
 2.31087e+23	8.38e-02	8.42e-01	7.39e-02	1.80e-04	1.72e-05	0.00e+00	0.00e+00	0.00e+00	0.00e+00	8.38e-02	7.43e-09	6.04e-09
 2.31859e+23	9.89e-02	8.41e-01	5.95e-02	1.29e-04	1.31e-05	0.00e+00	0.00e+00	0.00e+00	0.00e+00	9.89e-02	8.89e-09	7.22e-09
 2.32552e+23	1.16e-01	8.36e-01	4.79e-02	9.40e-05	9.95e-06	0.00e+00	0.00e+00	0.00e+00	0.00e+00	1.16e-01	1.05e-08	8.53e-09
 2.33196e+23	1.35e-01	8.26e-01	3.82e-02	6.90e-05	7.48e-06	0.00e+00	0.00e+00	0.00e+00	0.00e+00	1.35e-01	1.24e-08	1.00e-08
 2.33799e+23	1.58e-01	8.12e-01	3.03e-02	5.12e-05	5.58e-06	0.00e+00	0.00e+00	0.00e+00	0.00e+00	1.58e-01	1.45e-08	1.17e-08
 2.34361e+23	1.83e-01	7.93e-01	2.40e-02	3.86e-05	4.16e-06	0.00e+00	0.00e+00	0.00e+00	0.00e+00	1.83e-01	1.68e-08	1.35e-08
 2.34897e+23	2.11e-01	7.70e-01	1.88e-02	2.92e-05	3.06e-06	0.00e+00	0.00e+00	0.00e+00	0.00e+00	2.11e-01	1.93e-08	1.55e-08
 2.35420e+23	2.44e-01	7.41e-01	1.46e-02	2.21e-05	2.20e-06	0.00e+00	0.00e+00	0.00e+00	0.00e+00	2.44e-01	2.21e-08	1.78e-08
 2.35919e+23	2.81e-01	7.08e-01	1.12e-02	1.69e-05	1.57e-06	0.00e+00	0.00e+00	0.00e+00	0.00e+00	2.81e-01	2.49e-08	2.00e-08
 2.36373e+23	3.19e-01	6.72e-01	8.69e-03	1.32e-05	1.13e-06	0.00e+00	0.00e+00	0.00e+00	0.00e+00	3.19e-01	2.76e-08	2.22e-08
 2.36787e+23	3.57e-01	6.36e-01	6.80e-03	1.05e-05	8.29e-07	0.00e+00	0.00e+00	0.00e+00	0.00e+00	3.57e-01	3.01e-08	2.41e-08
 2.37157e+23	3.93e-01	6.01e-01	5.42e-03	8.63e-06	6.21e-07	0.00e+00	0.00e+00	0.00e+00	0.00e+00	3.93e-01	3.22e-08	2.58e-08
 2.37473e+23	4.26e-01	5.69e-01	4.44e-03	7.26e-06	4.81e-07	0.00e+00	0.00e+00	0.00e+00	0.00e+00	4.26e-01	3.38e-08	2.71e-08
 2.37708e+23	4.51e-01	5.45e-01	3.83e-03	6.43e-06	4.00e-07	0.00e+00	0.00e+00	0.00e+00	0.00e+00	4.51e-01	3.49e-08	2.79e-08
 2.37881e+23	4.69e-01	5.28e-01	3.43e-03	5.87e-06	3.48e-07	0.00e+00	0.00e+00	0.00e+00	0.00e+00	4.69e-01	3.56e-08	2.85e-08
 2.38063e+23	4.89e-01	5.08e-01	3.04e-03	5.32e-06	2.98e-07	0.00e+00	0.00e+00	0.00e+00	0.00e+00	4.89e-01	3.64e-08	2.91e-08
 2.38279e+23	5.12e-01	4.85e-01	2.63e-03	4.74e-06	2.49e-07	0.00e+00	0.00e+00	0.00e+00	0.00e+00	5.12e-01	3.71e-08	2.97e-08
 2.38510e+23	5.36e-01	4.61e-01	2.25e-03	4.21e-06	2.06e-07	0.00e+00	0.00e+00	0.00e+00	0.00e+00	5.36e-01	3.78e-08	3.01e-08
 2.38738e+23	5.60e-01	4.38e-01	1.94e-03	3.76e-06	1.71e-07	0.00e+00	0.00e+00	0.00e+00	0.00e+00	5.60e-01	3.82e-08	3.05e-08
 2.38955e+23	5.81e-01	4.17e-01	1.68e-03	3.38e-06	1.44e-07	0.00e+00	0.00e+00	0.00e+00	0.00e+00	5.81e-01	3.86e-08	3.08e-08
 2.39124e+23	5.96e-01	4.02e-01	1.52e-03	3.14e-06	1.27e-07	0.00e+00	0.00e+00	0.00e+00	0.00e+00	5.96e-01	3.87e-08	3.09e-08
 2.39239e+23	6.07e-01	3.92e-01	1.41e-03	2.98e-06	0.00e+00	0.00e+00	0.00e+00	0.00e+00	0.00e+00	6.07e-01	3.88e-08	3.09e-08
 2.39353e+23	6.17e-01	3.82e-01	1.31e-03	2.83e-06	0.00e+00	0.00e+00	0.00e+00	0.00e+00	0.00e+00	6.17e-01	3.89e-08	3.10e-08
 2.39487e+23	6.29e-01	3.70e-01	1.20e-03	2.66e-06	0.00e+00	0.00e+00	0.00e+00	0.00e+00	0.00e+00	6.29e-01	3.89e-08	3.10e-08
 2.39632e+23	6.41e-01	3.58e-01	1.10e-03	2.49e-06	0.00e+00	0.00e+00	0.00e+00	0.00e+00	0.00e+00	6.41e-01	3.89e-08	3.10e-08
 2.39776e+23	6.53e-01	3.46e-01	1.00e-03	2.35e-06	0.00e+00	0.00e+00	0.00e+00	0.00e+00	0.00e+00	6.53e-01	3.89e-08	3.09e-08
 2.39918e+23	6.64e-01	3.35e-01	9.21e-04	2.21e-06	0.00e+00	0.00e+00	0.00e+00	0.00e+00	0.00e+00	6.64e-01	3.88e-08	3.09e-08
 2.40063e+23	6.75e-01	3.24e-01	8.43e-04	2.08e-06	0.00e+00	0.00e+00	0.00e+00	0.00e+00	0.00e+00	6.75e-01	3.88e-08	3.08e-08
 2.40214e+23	6.86e-01	3.13e-01	7.69e-04	1.96e-06	0.00e+00	0.00e+00	0.00e+00	0.00e+00	0.00e+00	6.86e-01	3.86e-08	3.07e-08
 2.40370e+23	6.97e-01	3.02e-01	7.00e-04	1.84e-06	0.00e+00	0.00e+00	0.00e+00	0.00e+00	0.00e+00	6.97e-01	3.85e-08	3.06e-08
 2.40525e+23	7.08e-01	2.92e-01	6.40e-04	1.74e-06	0.00e+00	0.00e+00	0.00e+00	0.00e+00	0.00e+00	7.08e-01	3.83e-08	3.04e-08
 2.40683e+23	7.18e-01	2.82e-01	5.83e-04	1.64e-06	0.00e+00	0.00e+00	0.00e+00	0.00e+00	0.00e+00	7.18e-01	3.81e-08	3.02e-08
 2.40847e+23	7.28e-01	2.72e-01	5.31e-04	1.55e-06	0.00e+00	0.00e+00	0.00e+00	0.00e+00	0.00e+00	7.28e-01	3.79e-08	3.01e-08
 2.41018e+23	7.38e-01	2.62e-01	4.82e-04	1.45e-06	0.00e+00	0.00e+00	0.00e+00	0.00e+00	0.00e+00	7.38e-01	3.77e-08	2.99e-08
 2.41192e+23	7.47e-01	2.52e-01	4.38e-04	1.37e-06	0.00e+00	0.00e+00	0.00e+00	0.00e+00	0.00e+00	7.47e-01	3.74e-08	2.96e-08
 2.41368e+23	7.57e-01	2.43e-01	3.98e-04	1.29e-06	0.00e+00	0.00e+00	0.00e+00	0.00e+00	0.00e+00	7.57e-01	3.71e-08	2.94e-08
 2.41551e+23	7.66e-01	2.34e-01	3.61e-04	1.22e-06	0.00e+00	0.00e+00	0.00e+00	0.00e+00	0.00e+00	7.66e-01	3.69e-08	2.92e-08
 2.41741e+23	7.75e-01	2.25e-01	3.27e-04	1.15e-06	0.00e+00	0.00e+00	0.00e+00	0.00e+00	0.00e+00	7.75e-01	3.66e-08	2.89e-08
 2.41935e+23	7.83e-01	2.16e-01	2.96e-04	1.08e-06	0.00e+00	0.00e+00	0.00e+00	0.00e+00	0.00e+00	7.83e-01	3.63e-08	2.87e-08
 2.42134e+23	7.92e-01	2.08e-01	2.68e-04	1.02e-06	0.00e+00	0.00e+00	0.00e+00	0.00e+00	0.00e+00	7.92e-01	3.59e-08	2.84e-08
 2.42339e+23	8.00e-01	2.00e-01	2.42e-04	9.61e-07	0.00e+00	0.00e+00	0.00e+00	0.00e+00	0.00e+00	8.00e-01	3.56e-08	2.81e-08
 2.42553e+23	8.08e-01	1.92e-01	2.19e-04	9.05e-07	0.00e+00	0.00e+00	0.00e+00	0.00e+00	0.00e+00	8.08e-01	3.53e-08	2.79e-08
 2.42773e+23	8.15e-01	1.84e-01	1.98e-04	8.52e-07	0.00e+00	0.00e+00	0.00e+00	0.00e+00	0.00e+00	8.15e-01	3.50e-08	2.76e-08
 2.43000e+23	8.23e-01	1.77e-01	1.79e-04	8.03e-07	0.00e+00	0.00e+00	0.00e+00	0.00e+00	0.00e+00	8.23e-01	3.47e-08	2.73e-08
 2.43234e+23	8.30e-01	1.70e-01	1.62e-04	7.57e-07	0.00e+00	0.00e+00	0.00e+00	0.00e+00	0.00e+00	8.30e-01	3.43e-08	2.70e-08
 2.43477e+23	8.37e-01	1.63e-01	1.47e-04	7.13e-07	0.00e+00	0.00e+00	0.00e+00	0.00e+00	0.00e+00	8.37e-01	3.40e-08	2.68e-08
 2.43730e+23	8.43e-01	1.56e-01	1.33e-04	6.72e-07	0.00e+00	0.00e+00	0.00e+00	0.00e+00	0.00e+00	8.43e-01	3.37e-08	2.65e-08
 2.43993e+23	8.50e-01	1.50e-01	1.21e-04	6.33e-07	0.00e+00	0.00e+00	0.00e+00	0.00e+00	0.00e+00	8.50e-01	3.34e-08	2.62e-08
 2.44263e+23	8.56e-01	1.44e-01	1.10e-04	5.97e-07	0.00e+00	0.00e+00	0.00e+00	0.00e+00	0.00e+00	8.56e-01	3.31e-08	2.60e-08
 2.44538e+23	8.62e-01	1.38e-01	1.00e-04	5.65e-07	0.00e+00	0.00e+00	0.00e+00	0.00e+00	0.00e+00	8.62e-01	3.28e-08	2.57e-08
 2.44818e+23	8.67e-01	1.33e-01	9.21e-05	5.35e-07	0.00e+00	0.00e+00	0.00e+00	0.00e+00	0.00e+00	8.67e-01	3.25e-08	2.54e-08
 2.45108e+23	8.72e-01	1.28e-01	8.47e-05	5.05e-07	0.00e+00	0.00e+00	0.00e+00	0.00e+00	0.00e+00	8.72e-01	3.22e-08	2.50e-08
 2.45414e+23	8.77e-01	1.23e-01	7.81e-05	4.77e-07	0.00e+00	0.00e+00	0.00e+00	0.00e+00	0.00e+00	8.77e-01	3.19e-08	2.47e-08
 2.45732e+23	8.82e-01	1.18e-01	7.23e-05	4.52e-07	0.00e+00	0.00e+00	0.00e+00	0.00e+00	0.00e+00	8.82e-01	3.16e-08	2.44e-08
 2.46051e+23	8.86e-01	1.14e-01	6.73e-05	4.29e-07	0.00e+00	0.00e+00	0.00e+00	0.00e+00	0.00e+00	8.86e-01	3.13e-08	2.40e-08
 2.46382e+23	8.90e-01	1.10e-01	6.29e-05	4.07e-07	0.00e+00	0.00e+00	0.00e+00	0.00e+00	0.00e+00	8.90e-01	3.11e-08	2.37e-08
 2.46737e+23	8.94e-01	1.06e-01	5.89e-05	3.86e-07	0.00e+00	0.00e+00	0.00e+00	0.00e+00	0.00e+00	8.94e-01	3.09e-08	2.35e-08
 2.47106e+23	8.98e-01	1.02e-01	5.53e-05	3.66e-07	0.00e+00	0.00e+00	0.00e+00	0.00e+00	0.00e+00	8.98e-01	3.07e-08	2.32e-08
 2.47486e+23	9.02e-01	9.81e-02	5.23e-05	3.47e-07	0.00e+00	0.00e+00	0.00e+00	0.00e+00	0.00e+00	9.02e-01	3.05e-08	2.30e-08
 2.47888e+23	9.05e-01	9.46e-02	4.95e-05	3.30e-07	0.00e+00	0.00e+00	0.00e+00	0.00e+00	0.00e+00	9.05e-01	3.04e-08	2.27e-08
 2.48314e+23	9.09e-01	9.12e-02	4.70e-05	3.12e-07	0.00e+00	0.00e+00	0.00e+00	0.00e+00	0.00e+00	9.09e-01	3.03e-08	2.25e-08
 2.48761e+23	9.12e-01	8.79e-02	4.48e-05	2.96e-07	0.00e+00	0.00e+00	0.00e+00	0.00e+00	0.00e+00	9.12e-01	3.02e-08	2.23e-08
 2.49222e+23	9.15e-01	8.47e-02	4.29e-05	2.80e-07	0.00e+00	0.00e+00	0.00e+00	0.00e+00	0.00e+00	9.15e-01	3.01e-08	2.21e-08
 2.49676e+23	9.18e-01	8.19e-02	4.13e-05	2.67e-07	0.00e+00	0.00e+00	0.00e+00	0.00e+00	0.00e+00	9.18e-01	3.00e-08	2.19e-08
 2.50110e+23	9.21e-01	7.94e-02	3.99e-05	2.55e-07	0.00e+00	0.00e+00	0.00e+00	0.00e+00	0.00e+00	9.21e-01	2.99e-08	2.18e-08
 2.50534e+23	9.23e-01	7.71e-02	3.88e-05	2.44e-07	0.00e+00	0.00e+00	0.00e+00	0.00e+00	0.00e+00	9.23e-01	2.99e-08	2.16e-08
 2.50948e+23	9.25e-01	7.50e-02	3.78e-05	2.34e-07	0.00e+00	0.00e+00	0.00e+00	0.00e+00	0.00e+00	9.25e-01	2.99e-08	2.15e-08
 2.51352e+23	9.27e-01	7.29e-02	3.69e-05	2.25e-07	0.00e+00	0.00e+00	0.00e+00	0.00e+00	0.00e+00	9.27e-01	2.99e-08	2.14e-08
 2.51740e+23	9.29e-01	7.10e-02	3.61e-05	2.16e-07	0.00e+00	0.00e+00	0.00e+00	0.00e+00	0.00e+00	9.29e-01	2.98e-08	2.12e-08
 2.52110e+23	9.31e-01	6.92e-02	3.55e-05	2.08e-07	0.00e+00	0.00e+00	0.00e+00	0.00e+00	0.00e+00	9.31e-01	2.97e-08	2.11e-08
 2.52458e+23	9.32e-01	6.76e-02	3.49e-05	2.01e-07	0.00e+00	0.00e+00	0.00e+00	0.00e+00	0.00e+00	9.32e-01	2.97e-08	2.10e-08
 2.52795e+23	9.34e-01	6.61e-02	3.44e-05	1.95e-07	0.00e+00	0.00e+00	0.00e+00	0.00e+00	0.00e+00	9.34e-01	2.97e-08	2.09e-08
 2.53132e+23	9.35e-01	6.45e-02	3.39e-05	1.88e-07	0.00e+00	0.00e+00	0.00e+00	0.00e+00	0.00e+00	9.35e-01	2.96e-08	2.08e-08
 2.53460e+23	9.37e-01	6.30e-02	3.34e-05	1.82e-07	0.00e+00	0.00e+00	0.00e+00	0.00e+00	0.00e+00	9.37e-01	2.96e-08	2.07e-08
 2.53775e+23	9.38e-01	6.16e-02	3.30e-05	1.76e-07	0.00e+00	0.00e+00	0.00e+00	0.00e+00	0.00e+00	9.38e-01	2.96e-08	2.06e-08
 2.54079e+23	9.40e-01	6.03e-02	3.26e-05	1.71e-07	0.00e+00	0.00e+00	0.00e+00	0.00e+00	0.00e+00	9.40e-01	2.96e-08	2.06e-08
 2.54373e+23	9.41e-01	5.90e-02	3.23e-05	1.66e-07	0.00e+00	0.00e+00	0.00e+00	0.00e+00	0.00e+00	9.41e-01	2.95e-08	2.05e-08
 2.54658e+23	9.42e-01	5.77e-02	3.20e-05	1.61e-07	0.00e+00	0.00e+00	0.00e+00	0.00e+00	0.00e+00	9.42e-01	2.95e-08	2.04e-08
 2.54932e+23	9.43e-01	5.65e-02	3.17e-05	1.56e-07	0.00e+00	0.00e+00	0.00e+00	0.00e+00	0.00e+00	9.43e-01	2.95e-08	2.03e-08
 2.55197e+23	9.45e-01	5.53e-02	3.14e-05	1.52e-07	0.00e+00	0.00e+00	0.00e+00	0.00e+00	0.00e+00	9.45e-01	2.94e-08	2.02e-08
 2.55452e+23	9.46e-01	5.42e-02	3.12e-05	1.48e-07	0.00e+00	0.00e+00	0.00e+00	0.00e+00	0.00e+00	9.46e-01	2.94e-08	2.02e-08
 2.55699e+23	9.47e-01	5.31e-02	3.10e-05	1.44e-07	0.00e+00	0.00e+00	0.00e+00	0.00e+00	0.00e+00	9.47e-01	2.94e-08	2.01e-08
 2.55932e+23	9.48e-01	5.21e-02	3.07e-05	1.41e-07	0.00e+00	0.00e+00	0.00e+00	0.00e+00	0.00e+00	9.48e-01	2.94e-08	2.00e-08
 2.56162e+23	9.49e-01	5.11e-02	3.05e-05	1.37e-07	0.00e+00	0.00e+00	0.00e+00	0.00e+00	0.00e+00	9.49e-01	2.93e-08	1.99e-08
 2.56384e+23	9.50e-01	5.01e-02	3.03e-05	1.34e-07	0.00e+00	0.00e+00	0.00e+00	0.00e+00	0.00e+00	9.50e-01	2.93e-08	1.99e-08
 2.56587e+23	9.51e-01	4.92e-02	3.02e-05	1.31e-07	0.00e+00	0.00e+00	0.00e+00	0.00e+00	0.00e+00	9.51e-01	2.92e-08	1.98e-08
 2.56771e+23	9.52e-01	4.85e-02	3.00e-05	1.28e-07	0.00e+00	0.00e+00	0.00e+00	0.00e+00	0.00e+00	9.52e-01	2.92e-08	1.97e-08
 2.56939e+23	9.52e-01	4.78e-02	2.99e-05	1.26e-07	0.00e+00	0.00e+00	0.00e+00	0.00e+00	0.00e+00	9.52e-01	2.91e-08	1.97e-08
 2.57092e+23	9.53e-01	4.71e-02	2.98e-05	1.24e-07	0.00e+00	0.00e+00	0.00e+00	0.00e+00	0.00e+00	9.53e-01	2.91e-08	1.96e-08
 2.57231e+23	9.53e-01	4.66e-02	2.97e-05	0.00e+00	0.00e+00	0.00e+00	0.00e+00	0.00e+00	0.00e+00	9.53e-01	2.91e-08	1.95e-08
 2.57357e+23	9.54e-01	4.60e-02	2.96e-05	0.00e+00	0.00e+00	0.00e+00	0.00e+00	0.00e+00	0.00e+00	9.54e-01	2.90e-08	1.95e-08
 2.57472e+23	9.54e-01	4.56e-02	2.95e-05	0.00e+00	0.00e+00	0.00e+00	0.00e+00	0.00e+00	0.00e+00	9.54e-01	2.89e-08	1.95e-08
 2.57598e+23	9.55e-01	4.50e-02	2.93e-05	0.00e+00	0.00e+00	0.00e+00	0.00e+00	0.00e+00	0.00e+00	9.55e-01	2.88e-08	1.94e-08
 2.57734e+23	9.56e-01	4.43e-02	2.92e-05	0.00e+00	0.00e+00	0.00e+00	0.00e+00	0.00e+00	0.00e+00	9.56e-01	2.87e-08	1.93e-08
 2.57858e+23	9.56e-01	4.38e-02	2.91e-05	0.00e+00	0.00e+00	0.00e+00	0.00e+00	0.00e+00	0.00e+00	9.56e-01	2.86e-08	1.93e-08
 2.57994e+23	9.57e-01	4.31e-02	2.89e-05	0.00e+00	0.00e+00	0.00e+00	0.00e+00	0.00e+00	0.00e+00	9.57e-01	2.85e-08	1.92e-08
 2.58140e+23	9.58e-01	4.24e-02	2.88e-05	0.00e+00	0.00e+00	0.00e+00	0.00e+00	0.00e+00	0.00e+00	9.58e-01	2.83e-08	1.92e-08
 2.58274e+23	9.58e-01	4.18e-02	2.86e-05	0.00e+00	0.00e+00	0.00e+00	0.00e+00	0.00e+00	0.00e+00	9.58e-01	2.82e-08	1.91e-08
 2.58395e+23	9.59e-01	4.13e-02	2.85e-05	0.00e+00	0.00e+00	0.00e+00	0.00e+00	0.00e+00	0.00e+00	9.59e-01	2.81e-08	1.90e-08
 2.58506e+23	9.59e-01	4.09e-02	2.84e-05	0.00e+00	0.00e+00	0.00e+00	0.00e+00	0.00e+00	0.00e+00	9.59e-01	2.80e-08	1.90e-08
 2.58627e+23	9.60e-01	4.04e-02	2.82e-05	0.00e+00	0.00e+00	0.00e+00	0.00e+00	0.00e+00	0.00e+00	9.60e-01	2.80e-08	1.89e-08
 2.58757e+23	9.60e-01	3.99e-02	2.81e-05	0.00e+00	0.00e+00	0.00e+00	0.00e+00	0.00e+00	0.00e+00	9.60e-01	2.79e-08	1.89e-08
 2.58900e+23	9.61e-01	3.93e-02	2.79e-05	0.00e+00	0.00e+00	0.00e+00	0.00e+00	0.00e+00	0.00e+00	9.61e-01	2.78e-08	1.89e-08
 2.59055e+23	9.61e-01	3.87e-02	2.77e-05	0.00e+00	0.00e+00	0.00e+00	0.00e+00	0.00e+00	0.00e+00	9.61e-01	2.78e-08	1.88e-08
 2.59195e+23	9.62e-01	3.81e-02	2.75e-05	0.00e+00	0.00e+00	0.00e+00	0.00e+00	0.00e+00	0.00e+00	9.62e-01	2.77e-08	1.88e-08
 2.59323e+23	9.62e-01	3.78e-02	2.73e-05	0.00e+00	0.00e+00	0.00e+00	0.00e+00	0.00e+00	0.00e+00	9.62e-01	2.76e-08	1.88e-08
 2.59464e+23	9.63e-01	3.72e-02	2.71e-05	0.00e+00	0.00e+00	0.00e+00	0.00e+00	0.00e+00	0.00e+00	9.63e-01	2.76e-08	1.88e-08
 2.59646e+23	9.64e-01	3.65e-02	2.68e-05	0.00e+00	0.00e+00	0.00e+00	0.00e+00	0.00e+00	0.00e+00	9.64e-01	2.75e-08	1.87e-08
 2.59843e+23	9.64e-01	3.57e-02	2.65e-05	0.00e+00	0.00e+00	0.00e+00	0.00e+00	0.00e+00	0.00e+00	9.64e-01	2.75e-08	1.87e-08
 2.60022e+23	9.65e-01	3.50e-02	2.63e-05	0.00e+00	0.00e+00	0.00e+00	0.00e+00	0.00e+00	0.00e+00	9.65e-01	2.74e-08	1.86e-08
 2.60185e+23	9.65e-01	3.46e-02	2.61e-05	0.00e+00	0.00e+00	0.00e+00	0.00e+00	0.00e+00	0.00e+00	9.65e-01	2.74e-08	1.86e-08
 2.60333e+23	9.66e-01	3.41e-02	2.59e-05	0.00e+00	0.00e+00	0.00e+00	0.00e+00	0.00e+00	0.00e+00	9.66e-01	2.73e-08	1.86e-08
 2.60468e+23	9.66e-01	3.37e-02	2.57e-05	0.00e+00	0.00e+00	0.00e+00	0.00e+00	0.00e+00	0.00e+00	9.66e-01	2.73e-08	1.85e-08
 2.60616e+23	9.67e-01	3.32e-02	2.54e-05	0.00e+00	0.00e+00	0.00e+00	0.00e+00	0.00e+00	0.00e+00	9.67e-01	2.72e-08	1.85e-08
 2.60775e+23	9.67e-01	3.26e-02	2.51e-05	0.00e+00	0.00e+00	0.00e+00	0.00e+00	0.00e+00	0.00e+00	9.67e-01	2.71e-08	1.84e-08
 2.60921e+23	9.68e-01	3.21e-02	2.49e-05	0.00e+00	0.00e+00	0.00e+00	0.00e+00	0.00e+00	0.00e+00	9.68e-01	2.71e-08	1.84e-08
 2.61053e+23	9.68e-01	3.17e-02	2.47e-05	0.00e+00	0.00e+00	0.00e+00	0.00e+00	0.00e+00	0.00e+00	9.68e-01	2.70e-08	1.83e-08
 2.61173e+23	9.69e-01	3.14e-02	2.45e-05	0.00e+00	0.00e+00	0.00e+00	0.00e+00	0.00e+00	0.00e+00	9.69e-01	2.70e-08	1.83e-08
 2.61305e+23	9.69e-01	3.09e-02	2.42e-05	0.00e+00	0.00e+00	0.00e+00	0.00e+00	0.00e+00	0.00e+00	9.69e-01	2.69e-08	1.82e-08
 2.61447e+23	9.70e-01	3.04e-02	2.40e-05	0.00e+00	0.00e+00	0.00e+00	0.00e+00	0.00e+00	0.00e+00	9.70e-01	2.69e-08	1.82e-08
 2.61577e+23	9.70e-01	3.00e-02	2.38e-05	0.00e+00	0.00e+00	0.00e+00	0.00e+00	0.00e+00	0.00e+00	9.70e-01	2.68e-08	1.81e-08
 2.61719e+23	9.70e-01	2.96e-02	2.35e-05	0.00e+00	0.00e+00	0.00e+00	0.00e+00	0.00e+00	0.00e+00	9.70e-01	2.68e-08	1.81e-08
 2.61872e+23	9.71e-01	2.90e-02	2.33e-05	0.00e+00	0.00e+00	0.00e+00	0.00e+00	0.00e+00	0.00e+00	9.71e-01	2.67e-08	1.80e-08
 2.62011e+23	9.71e-01	2.86e-02	2.31e-05	0.00e+00	0.00e+00	0.00e+00	0.00e+00	0.00e+00	0.00e+00	9.71e-01	2.67e-08	1.80e-08
 2.62164e+23	9.72e-01	2.81e-02	2.28e-05	0.00e+00	0.00e+00	0.00e+00	0.00e+00	0.00e+00	0.00e+00	9.72e-01	2.66e-08	1.79e-08
 2.62329e+23	9.72e-01	2.76e-02	2.26e-05	0.00e+00	0.00e+00	0.00e+00	0.00e+00	0.00e+00	0.00e+00	9.72e-01	2.65e-08	1.79e-08
 2.62479e+23	9.73e-01	2.72e-02	2.23e-05	0.00e+00	0.00e+00	0.00e+00	0.00e+00	0.00e+00	0.00e+00	9.73e-01	2.65e-08	1.78e-08
 2.62616e+23	9.73e-01	2.69e-02	2.22e-05	0.00e+00	0.00e+00	0.00e+00	0.00e+00	0.00e+00	0.00e+00	9.73e-01	2.65e-08	1.78e-08
 2.62740e+23	9.73e-01	2.65e-02	2.20e-05	0.00e+00	0.00e+00	0.00e+00	0.00e+00	0.00e+00	0.00e+00	9.73e-01	2.64e-08	1.77e-08
 2.62853e+23	9.74e-01	2.63e-02	2.18e-05	0.00e+00	0.00e+00	0.00e+00	0.00e+00	0.00e+00	0.00e+00	9.74e-01	2.64e-08	1.76e-08
 2.62977e+23	9.74e-01	2.59e-02	2.16e-05	0.00e+00	0.00e+00	0.00e+00	0.00e+00	0.00e+00	0.00e+00	9.74e-01	2.63e-08	1.76e-08
 2.63138e+23	9.75e-01	2.54e-02	2.14e-05	0.00e+00	0.00e+00	0.00e+00	0.00e+00	0.00e+00	0.00e+00	9.75e-01	2.63e-08	1.75e-08
 2.63312e+23	9.75e-01	2.49e-02	2.12e-05	0.00e+00	0.00e+00	0.00e+00	0.00e+00	0.00e+00	0.00e+00	9.75e-01	2.61e-08	1.74e-08
 2.63471e+23	9.75e-01	2.45e-02	2.10e-05	0.00e+00	0.00e+00	0.00e+00	0.00e+00	0.00e+00	0.00e+00	9.75e-01	2.58e-08	1.73e-08
 2.63615e+23	9.76e-01	2.42e-02	2.08e-05	0.00e+00	0.00e+00	0.00e+00	0.00e+00	0.00e+00	0.00e+00	9.76e-01	2.56e-08	1.71e-08
 2.63746e+23	9.76e-01	2.40e-02	2.06e-05	0.00e+00	0.00e+00	0.00e+00	0.00e+00	0.00e+00	0.00e+00	9.76e-01	2.55e-08	1.71e-08
 2.63889e+23	9.76e-01	2.37e-02	2.05e-05	0.00e+00	0.00e+00	0.00e+00	0.00e+00	0.00e+00	0.00e+00	9.76e-01	2.53e-08	1.69e-08
 2.64044e+23	9.77e-01	2.33e-02	2.03e-05	0.00e+00	0.00e+00	0.00e+00	0.00e+00	0.00e+00	0.00e+00	9.77e-01	2.51e-08	1.68e-08
 2.64185e+23	9.77e-01	2.30e-02	2.01e-05	0.00e+00	0.00e+00	0.00e+00	0.00e+00	0.00e+00	0.00e+00	9.77e-01	2.50e-08	1.67e-08
 2.64340e+23	9.77e-01	2.26e-02	1.99e-05	0.00e+00	0.00e+00	0.00e+00	0.00e+00	0.00e+00	0.00e+00	9.77e-01	2.47e-08	1.65e-08
 2.64507e+23	9.78e-01	2.22e-02	1.97e-05	0.00e+00	0.00e+00	0.00e+00	0.00e+00	0.00e+00	0.00e+00	9.78e-01	2.45e-08	1.63e-08
 2.64659e+23	9.78e-01	2.19e-02	1.95e-05	0.00e+00	0.00e+00	0.00e+00	0.00e+00	0.00e+00	0.00e+00	9.78e-01	2.43e-08	1.61e-08
 2.64797e+23	9.78e-01	2.17e-02	1.94e-05	0.00e+00	0.00e+00	0.00e+00	0.00e+00	0.00e+00	0.00e+00	9.78e-01	2.42e-08	1.60e-08
 2.64949e+23	9.79e-01	2.14e-02	1.92e-05	0.00e+00	0.00e+00	0.00e+00	0.00e+00	0.00e+00	0.00e+00	9.79e-01	2.41e-08	1.59e-08
 2.65112e+23	9.79e-01	2.10e-02	1.90e-05	0.00e+00	0.00e+00	0.00e+00	0.00e+00	0.00e+00	0.00e+00	9.79e-01	2.39e-08	1.57e-08
 2.65261e+23	9.79e-01	2.08e-02	1.89e-05	0.00e+00	0.00e+00	0.00e+00	0.00e+00	0.00e+00	0.00e+00	9.79e-01	2.38e-08	1.56e-08
 2.65424e+23	9.80e-01	2.04e-02	1.87e-05	0.00e+00	0.00e+00	0.00e+00	0.00e+00	0.00e+00	0.00e+00	9.80e-01	2.35e-08	1.54e-08
 2.65600e+23	9.80e-01	2.00e-02	1.85e-05	0.00e+00	0.00e+00	0.00e+00	0.00e+00	0.00e+00	0.00e+00	9.80e-01	2.33e-08	1.52e-08
 2.65760e+23	9.80e-01	1.98e-02	1.84e-05	0.00e+00	0.00e+00	0.00e+00	0.00e+00	0.00e+00	0.00e+00	9.80e-01	2.32e-08	1.51e-08
 2.65936e+23	9.81e-01	1.94e-02	1.82e-05	0.00e+00	0.00e+00	0.00e+00	0.00e+00	0.00e+00	0.00e+00	9.81e-01	2.30e-08	1.49e-08
 2.66125e+23	9.81e-01	1.91e-02	1.80e-05	0.00e+00	0.00e+00	0.00e+00	0.00e+00	0.00e+00	0.00e+00	9.81e-01	2.28e-08	1.48e-08
 2.66298e+23	9.81e-01	1.87e-02	1.78e-05	0.00e+00	0.00e+00	0.00e+00	0.00e+00	0.00e+00	0.00e+00	9.81e-01	2.25e-08	1.46e-08
 2.66455e+23	9.81e-01	1.86e-02	1.77e-05	0.00e+00	0.00e+00	0.00e+00	0.00e+00	0.00e+00	0.00e+00	9.81e-01	2.24e-08	1.45e-08
 2.66627e+23	9.82e-01	1.82e-02	1.75e-05	0.00e+00	0.00e+00	0.00e+00	0.00e+00	0.00e+00	0.00e+00	9.82e-01	2.22e-08	1.43e-08
 2.66812e+23	9.82e-01	1.79e-02	1.73e-05	0.00e+00	0.00e+00	0.00e+00	0.00e+00	0.00e+00	0.00e+00	9.82e-01	2.19e-08	1.41e-08
 2.66981e+23	9.82e-01	1.77e-02	1.72e-05	0.00e+00	0.00e+00	0.00e+00	0.00e+00	0.00e+00	0.00e+00	9.82e-01	2.18e-08	1.40e-08
 2.67167e+23	9.83e-01	1.73e-02	1.70e-05	0.00e+00	0.00e+00	0.00e+00	0.00e+00	0.00e+00	0.00e+00	9.83e-01	2.16e-08	1.38e-08
 2.67366e+23	9.83e-01	1.70e-02	1.68e-05	0.00e+00	0.00e+00	0.00e+00	0.00e+00	0.00e+00	0.00e+00	9.83e-01	2.13e-08	1.35e-08
 2.67548e+23	9.83e-01	1.68e-02	1.67e-05	0.00e+00	0.00e+00	0.00e+00	0.00e+00	0.00e+00	0.00e+00	9.83e-01	2.12e-08	1.34e-08
 2.67748e+23	9.84e-01	1.64e-02	1.65e-05	0.00e+00	0.00e+00	0.00e+00	0.00e+00	0.00e+00	0.00e+00	9.84e-01	2.09e-08	1.32e-08
 2.67963e+23	9.84e-01	1.61e-02	1.63e-05	0.00e+00	0.00e+00	0.00e+00	0.00e+00	0.00e+00	0.00e+00	9.84e-01	2.06e-08	1.30e-08
 2.68159e+23	9.84e-01	1.58e-02	1.62e-05	0.00e+00	0.00e+00	0.00e+00	0.00e+00	0.00e+00	0.00e+00	9.84e-01	2.05e-08	1.28e-08
 2.68373e+23	9.84e-01	1.55e-02	1.60e-05	0.00e+00	0.00e+00	0.00e+00	0.00e+00	0.00e+00	0.00e+00	9.84e-01	2.02e-08	1.26e-08
 2.68605e+23	9.85e-01	1.51e-02	1.58e-05	0.00e+00	0.00e+00	0.00e+00	0.00e+00	0.00e+00	0.00e+00	9.85e-01	1.99e-08	1.23e-08
 2.68816e+23	9.85e-01	1.49e-02	1.57e-05	0.00e+00	0.00e+00	0.00e+00	0.00e+00	0.00e+00	0.00e+00	9.85e-01	1.97e-08	1.22e-08
 2.69047e+23	9.85e-01	1.46e-02	1.55e-05	0.00e+00	0.00e+00	0.00e+00	0.00e+00	0.00e+00	0.00e+00	9.85e-01	1.94e-08	1.20e-08
 2.69296e+23	9.86e-01	1.42e-02	1.53e-05	0.00e+00	0.00e+00	0.00e+00	0.00e+00	0.00e+00	0.00e+00	9.86e-01	1.92e-08	1.18e-08
 2.69523e+23	9.86e-01	1.40e-02	1.51e-05	0.00e+00	0.00e+00	0.00e+00	0.00e+00	0.00e+00	0.00e+00	9.86e-01	1.90e-08	1.16e-08
 2.69729e+23	9.86e-01	1.38e-02	1.50e-05	0.00e+00	0.00e+00	0.00e+00	0.00e+00	0.00e+00	0.00e+00	9.86e-01	1.88e-08	1.15e-08
 2.69956e+23	9.87e-01	1.35e-02	1.48e-05	0.00e+00	0.00e+00	0.00e+00	0.00e+00	0.00e+00	0.00e+00	9.87e-01	1.86e-08	1.13e-08
 2.70200e+23	9.87e-01	1.31e-02	1.46e-05	0.00e+00	0.00e+00	0.00e+00	0.00e+00	0.00e+00	0.00e+00	9.87e-01	1.83e-08	1.11e-08
 2.70422e+23	9.87e-01	1.30e-02	1.45e-05	0.00e+00	0.00e+00	0.00e+00	0.00e+00	0.00e+00	0.00e+00	9.87e-01	1.82e-08	1.10e-08
 2.70666e+23	9.87e-01	1.27e-02	1.43e-05	0.00e+00	0.00e+00	0.00e+00	0.00e+00	0.00e+00	0.00e+00	9.87e-01	1.80e-08	1.08e-08
 2.70929e+23	9.88e-01	1.23e-02	1.41e-05	0.00e+00	0.00e+00	0.00e+00	0.00e+00	0.00e+00	0.00e+00	9.88e-01	1.77e-08	1.05e-08
 2.71168e+23	9.88e-01	1.22e-02	1.40e-05	0.00e+00	0.00e+00	0.00e+00	0.00e+00	0.00e+00	0.00e+00	9.88e-01	1.76e-08	1.04e-08
 2.71430e+23	9.88e-01	1.19e-02	1.38e-05	0.00e+00	0.00e+00	0.00e+00	0.00e+00	0.00e+00	0.00e+00	9.88e-01	1.73e-08	1.02e-08
 2.71713e+23	9.88e-01	1.16e-02	1.36e-05	0.00e+00	0.00e+00	0.00e+00	0.00e+00	0.00e+00	0.00e+00	9.88e-01	1.71e-08	1.00e-08
 2.71971e+23	9.89e-01	1.13e-02	1.35e-05	0.00e+00	0.00e+00	0.00e+00	0.00e+00	0.00e+00	0.00e+00	9.89e-01	1.69e-08	9.84e-09
 2.72205e+23	9.89e-01	1.12e-02	1.33e-05	0.00e+00	0.00e+00	0.00e+00	0.00e+00	0.00e+00	0.00e+00	9.89e-01	1.68e-08	9.69e-09
 2.72462e+23	9.89e-01	1.09e-02	1.32e-05	0.00e+00	0.00e+00	0.00e+00	0.00e+00	0.00e+00	0.00e+00	9.89e-01	1.65e-08	9.49e-09
 2.72740e+23	9.89e-01	1.06e-02	1.30e-05	0.00e+00	0.00e+00	0.00e+00	0.00e+00	0.00e+00	0.00e+00	9.89e-01	1.62e-08	9.28e-09
 2.72992e+23	9.90e-01	1.04e-02	1.29e-05	0.00e+00	0.00e+00	0.00e+00	0.00e+00	0.00e+00	0.00e+00	9.90e-01	1.61e-08	9.17e-09
 2.73269e+23	9.90e-01	1.02e-02	1.27e-05	0.00e+00	0.00e+00	0.00e+00	0.00e+00	0.00e+00	0.00e+00	9.90e-01	1.59e-08	8.97e-09
 2.73567e+23	9.90e-01	9.91e-03	1.25e-05	0.00e+00	0.00e+00	0.00e+00	0.00e+00	0.00e+00	0.00e+00	9.90e-01	1.56e-08	8.76e-09
 2.73839e+23	9.90e-01	9.74e-03	1.24e-05	0.00e+00	0.00e+00	0.00e+00	0.00e+00	0.00e+00	0.00e+00	9.90e-01	1.55e-08	8.65e-09
 2.74137e+23	9.91e-01	9.48e-03	1.22e-05	0.00e+00	0.00e+00	0.00e+00	0.00e+00	0.00e+00	0.00e+00	9.91e-01	1.52e-08	8.45e-09
 2.74458e+23	9.91e-01	9.21e-03	1.21e-05	0.00e+00	0.00e+00	0.00e+00	0.00e+00	0.00e+00	0.00e+00	9.91e-01	1.49e-08	8.24e-09
 2.74751e+23	9.91e-01	9.04e-03	1.19e-05	0.00e+00	0.00e+00	0.00e+00	0.00e+00	0.00e+00	0.00e+00	9.91e-01	1.48e-08	8.12e-09
 2.75071e+23	9.91e-01	8.79e-03	1.17e-05	0.00e+00	0.00e+00	0.00e+00	0.00e+00	0.00e+00	0.00e+00	9.91e-01	1.46e-08	7.93e-09
 2.75417e+23	9.91e-01	8.53e-03	1.16e-05	0.00e+00	0.00e+00	0.00e+00	0.00e+00	0.00e+00	0.00e+00	9.91e-01	1.43e-08	7.71e-09
 2.75732e+23	9.92e-01	8.35e-03	1.14e-05	0.00e+00	0.00e+00	0.00e+00	0.00e+00	0.00e+00	0.00e+00	9.92e-01	1.42e-08	7.60e-09
 2.76077e+23	9.92e-01	8.12e-03	1.13e-05	0.00e+00	0.00e+00	0.00e+00	0.00e+00	0.00e+00	0.00e+00	9.92e-01	1.39e-08	7.42e-09
 2.76450e+23	9.92e-01	7.89e-03	1.11e-05	0.00e+00	0.00e+00	0.00e+00	0.00e+00	0.00e+00	0.00e+00	9.92e-01	1.37e-08	7.24e-09
 2.76789e+23	9.92e-01	7.68e-03	1.09e-05	0.00e+00	0.00e+00	0.00e+00	0.00e+00	0.00e+00	0.00e+00	9.92e-01	1.35e-08	7.08e-09
 2.77097e+23	9.92e-01	7.51e-03	1.08e-05	0.00e+00	0.00e+00	0.00e+00	0.00e+00	0.00e+00	0.00e+00	9.92e-01	1.34e-08	6.94e-09
 2.77435e+23	9.93e-01	7.31e-03	1.06e-05	0.00e+00	0.00e+00	0.00e+00	0.00e+00	0.00e+00	0.00e+00	9.93e-01	1.31e-08	6.78e-09
 2.77800e+23	9.93e-01	7.11e-03	1.05e-05	0.00e+00	0.00e+00	0.00e+00	0.00e+00	0.00e+00	0.00e+00	9.93e-01	1.30e-08	6.62e-09
