#depth	O	O+	O+2	O+3	O+4	O+5	O+6	O+7	O+8	O[1]	O[2]	O[3]
 4.62852e+21	2.24e-11	1.88e-06	2.72e-03	1.42e-01	3.84e-01	3.30e-01	1.40e-01	6.96e-04	6.65e-07	2.24e-11	6.95e-21	8.12e-21
 1.04343e+22	1.16e-10	6.55e-06	6.45e-03	2.29e-01	4.26e-01	2.63e-01	7.61e-02	2.56e-04	1.66e-07	1.16e-10	4.37e-20	5.09e-20
 1.22002e+22	2.57e-10	1.18e-05	9.57e-03	2.79e-01	4.31e-01	2.26e-01	5.40e-02	1.49e-04	0.00e+00	2.57e-10	1.09e-19	1.26e-19
 1.32316e+22	4.65e-10	1.81e-05	1.27e-02	3.19e-01	4.29e-01	1.98e-01	4.11e-02	9.77e-05	0.00e+00	4.65e-10	2.14e-19	2.49e-19
 1.38405e+22	5.81e-10	2.13e-05	1.41e-02	3.35e-01	4.26e-01	1.88e-01	3.69e-02	8.30e-05	0.00e+00	5.81e-10	2.76e-19	3.21e-19
 1.42226e+22	7.65e-10	2.59e-05	1.60e-02	3.54e-01	4.22e-01	1.75e-01	3.22e-02	6.75e-05	0.00e+00	7.65e-10	3.80e-19	4.42e-19
 1.46433e+22	1.01e-09	3.15e-05	1.81e-02	3.74e-01	4.17e-01	1.63e-01	2.80e-02	5.46e-05	0.00e+00	1.01e-09	5.22e-19	6.07e-19
 1.50418e+22	1.30e-09	3.76e-05	2.02e-02	3.92e-01	4.11e-01	1.52e-01	2.45e-02	4.48e-05	0.00e+00	1.30e-09	7.00e-19	8.14e-19
 1.54016e+22	1.60e-09	4.36e-05	2.22e-02	4.08e-01	4.05e-01	1.43e-01	2.19e-02	3.78e-05	0.00e+00	1.60e-09	8.97e-19	1.04e-18
 1.57836e+22	2.11e-09	5.28e-05	2.50e-02	4.28e-01	3.97e-01	1.32e-01	1.88e-02	3.02e-05	0.00e+00	2.11e-09	1.24e-18	1.44e-18
 1.62091e+22	2.77e-09	6.36e-05	2.80e-02	4.47e-01	3.88e-01	1.21e-01	1.62e-02	2.42e-05	0.00e+00	2.77e-09	1.70e-18	1.98e-18
 1.66275e+22	3.60e-09	7.62e-05	3.13e-02	4.66e-01	3.78e-01	1.11e-01	1.39e-02	1.93e-05	0.00e+00	3.60e-09	2.32e-18	2.70e-18
 1.70028e+22	4.44e-09	8.79e-05	3.41e-02	4.80e-01	3.70e-01	1.04e-01	1.23e-02	1.62e-05	0.00e+00	4.44e-09	2.96e-18	3.45e-18
 1.73862e+22	5.82e-09	1.06e-04	3.81e-02	4.99e-01	3.58e-01	9.44e-02	1.05e-02	1.28e-05	0.00e+00	5.82e-09	4.08e-18	4.75e-18
 1.77709e+22	7.18e-09	1.22e-04	4.14e-02	5.13e-01	3.49e-01	8.75e-02	9.20e-03	1.06e-05	0.00e+00	7.18e-09	5.23e-18	6.10e-18
 1.81572e+22	9.31e-09	1.45e-04	4.59e-02	5.30e-01	3.37e-01	7.95e-02	7.82e-03	8.39e-06	0.00e+00	9.31e-09	7.15e-18	8.33e-18
 1.85512e+22	1.16e-08	1.68e-04	5.00e-02	5.44e-01	3.26e-01	7.30e-02	6.79e-03	6.83e-06	0.00e+00	1.16e-08	9.31e-18	1.09e-17
 1.88938e+22	1.42e-08	1.92e-04	5.41e-02	5.56e-01	3.16e-01	6.74e-02	5.95e-03	5.66e-06	0.00e+00	1.42e-08	1.19e-17	1.38e-17
 1.92778e+22	1.83e-08	2.27e-04	5.95e-02	5.71e-01	3.04e-01	6.09e-02	5.04e-03	4.46e-06	0.00e+00	1.83e-08	1.61e-17	1.88e-17
 1.96725e+22	2.29e-08	2.62e-04	6.46e-02	5.83e-01	2.93e-01	5.56e-02	4.34e-03	3.61e-06	0.00e+00	2.29e-08	2.10e-17	2.45e-17
 2.00215e+22	2.80e-08	2.99e-04	6.95e-02	5.93e-01	2.82e-01	5.10e-02	3.79e-03	2.97e-06	0.00e+00	2.80e-08	2.68e-17	3.13e-17
 2.04154e+22	3.60e-08	3.53e-04	7.62e-02	6.05e-01	2.69e-01	4.57e-02	3.18e-03	2.31e-06	0.00e+00	3.60e-08	3.65e-17	4.26e-17
 2.08228e+22	4.50e-08	4.07e-04	8.24e-02	6.15e-01	2.58e-01	4.13e-02	2.72e-03	1.85e-06	0.00e+00	4.50e-08	4.77e-17	5.58e-17
 2.11863e+22	5.53e-08	4.65e-04	8.86e-02	6.24e-01	2.47e-01	3.76e-02	2.34e-03	1.50e-06	0.00e+00	5.53e-08	6.14e-17	7.17e-17
 2.15977e+22	7.16e-08	5.49e-04	9.69e-02	6.33e-01	2.34e-01	3.33e-02	1.94e-03	1.16e-06	0.00e+00	7.16e-08	8.43e-17	9.85e-17
 2.20243e+22	8.98e-08	6.34e-04	1.05e-01	6.41e-01	2.22e-01	2.98e-02	1.64e-03	9.12e-07	0.00e+00	8.98e-08	1.11e-16	1.30e-16
 2.24062e+22	1.11e-07	7.25e-04	1.12e-01	6.47e-01	2.12e-01	2.69e-02	1.40e-03	7.29e-07	0.00e+00	1.11e-07	1.44e-16	1.68e-16
 2.28385e+22	1.45e-07	8.59e-04	1.23e-01	6.53e-01	1.99e-01	2.35e-02	1.14e-03	5.48e-07	0.00e+00	1.45e-07	2.01e-16	2.35e-16
 2.32801e+22	1.81e-07	9.87e-04	1.32e-01	6.57e-01	1.88e-01	2.09e-02	9.63e-04	4.32e-07	0.00e+00	1.81e-07	2.63e-16	3.08e-16
 2.37339e+22	2.38e-07	1.17e-03	1.44e-01	6.61e-01	1.75e-01	1.81e-02	7.75e-04	3.19e-07	0.00e+00	2.38e-07	3.71e-16	4.34e-16
 2.41920e+22	2.96e-07	1.34e-03	1.54e-01	6.63e-01	1.65e-01	1.60e-02	6.52e-04	2.51e-07	0.00e+00	2.96e-07	4.84e-16	5.67e-16
 2.45749e+22	3.61e-07	1.52e-03	1.64e-01	6.63e-01	1.56e-01	1.44e-02	5.55e-04	2.00e-07	0.00e+00	3.61e-07	6.20e-16	7.25e-16
 2.49342e+22	4.38e-07	1.71e-03	1.74e-01	6.63e-01	1.48e-01	1.29e-02	4.73e-04	1.61e-07	0.00e+00	4.38e-07	7.87e-16	9.21e-16
 2.53437e+22	5.51e-07	1.98e-03	1.87e-01	6.62e-01	1.38e-01	1.13e-02	3.91e-04	1.24e-07	0.00e+00	5.51e-07	1.05e-15	1.23e-15
 2.57668e+22	6.79e-07	2.25e-03	1.99e-01	6.59e-01	1.29e-01	9.94e-03	3.28e-04	0.00e+00	0.00e+00	6.79e-07	1.36e-15	1.59e-15
 2.61375e+22	8.23e-07	2.53e-03	2.10e-01	6.56e-01	1.22e-01	8.84e-03	2.78e-04	0.00e+00	0.00e+00	8.23e-07	1.73e-15	2.03e-15
 2.65496e+22	1.05e-06	2.94e-03	2.25e-01	6.51e-01	1.13e-01	7.62e-03	2.26e-04	0.00e+00	0.00e+00	1.05e-06	2.34e-15	2.74e-15
 2.69669e+22	1.27e-06	3.30e-03	2.38e-01	6.46e-01	1.06e-01	6.76e-03	1.91e-04	0.00e+00	0.00e+00	1.27e-06	2.98e-15	3.48e-15
 2.73912e+22	1.60e-06	3.81e-03	2.54e-01	6.39e-01	9.75e-02	5.80e-03	1.55e-04	0.00e+00	0.00e+00	1.60e-06	4.01e-15	4.69e-15
 2.78244e+22	1.95e-06	4.29e-03	2.68e-01	6.31e-01	9.10e-02	5.09e-03	1.30e-04	0.00e+00	0.00e+00	1.95e-06	5.14e-15	6.00e-15
 2.82102e+22	2.37e-06	4.83e-03	2.82e-01	6.23e-01	8.48e-02	4.47e-03	1.09e-04	0.00e+00	0.00e+00	2.37e-06	6.56e-15	7.67e-15
 2.86524e+22	3.04e-06	5.62e-03	3.02e-01	6.11e-01	7.71e-02	3.76e-03	8.60e-05	0.00e+00	0.00e+00	3.04e-06	9.01e-15	1.05e-14
 2.90929e+22	3.67e-06	6.30e-03	3.17e-01	6.02e-01	7.17e-02	3.29e-03	7.20e-05	0.00e+00	0.00e+00	3.67e-06	1.14e-14	1.34e-14
 2.95314e+22	4.61e-06	7.22e-03	3.36e-01	5.88e-01	6.55e-02	2.79e-03	5.78e-05	0.00e+00	0.00e+00	4.61e-06	1.54e-14	1.79e-14
 2.99879e+22	5.67e-06	8.18e-03	3.54e-01	5.75e-01	6.01e-02	2.40e-03	4.72e-05	0.00e+00	0.00e+00	5.67e-06	2.00e-14	2.33e-14
 3.03964e+22	6.90e-06	9.21e-03	3.71e-01	5.62e-01	5.52e-02	2.06e-03	3.88e-05	0.00e+00	0.00e+00	6.90e-06	2.57e-14	3.00e-14
 3.08559e+22	8.84e-06	1.07e-02	3.94e-01	5.44e-01	4.95e-02	1.70e-03	3.02e-05	0.00e+00	0.00e+00	8.84e-06	3.53e-14	4.11e-14
 3.13216e+22	1.08e-05	1.20e-02	4.13e-01	5.29e-01	4.52e-02	1.45e-03	2.46e-05	0.00e+00	0.00e+00	1.08e-05	4.53e-14	5.29e-14
 3.17956e+22	1.37e-05	1.39e-02	4.35e-01	5.09e-01	4.03e-02	1.19e-03	1.91e-05	0.00e+00	0.00e+00	1.37e-05	6.18e-14	7.21e-14
 3.21305e+22	1.47e-05	1.45e-02	4.43e-01	5.03e-01	3.88e-02	1.12e-03	1.76e-05	0.00e+00	0.00e+00	1.47e-05	6.75e-14	7.88e-14
 3.22845e+22	1.59e-05	1.51e-02	4.50e-01	4.96e-01	3.74e-02	1.05e-03	1.62e-05	0.00e+00	0.00e+00	1.59e-05	7.46e-14	8.71e-14
 3.24847e+22	1.76e-05	1.61e-02	4.61e-01	4.87e-01	3.54e-02	9.58e-04	1.45e-05	0.00e+00	0.00e+00	1.76e-05	8.55e-14	9.97e-14
 3.27451e+22	1.99e-05	1.73e-02	4.73e-01	4.76e-01	3.33e-02	8.63e-04	1.27e-05	0.00e+00	0.00e+00	1.99e-05	1.00e-13	1.17e-13
 3.30835e+22	2.39e-05	1.93e-02	4.91e-01	4.59e-01	3.03e-02	7.34e-04	1.03e-05	0.00e+00	0.00e+00	2.39e-05	1.27e-13	1.47e-13
 3.35234e+22	2.97e-05	2.20e-02	5.13e-01	4.38e-01	2.69e-02	6.02e-04	8.07e-06	0.00e+00	0.00e+00	2.97e-05	1.68e-13	1.96e-13
 3.39797e+22	3.56e-05	2.45e-02	5.31e-01	4.19e-01	2.42e-02	5.06e-04	6.51e-06	0.00e+00	0.00e+00	3.56e-05	2.14e-13	2.48e-13
 3.44570e+22	4.52e-05	2.82e-02	5.55e-01	3.95e-01	2.11e-02	4.04e-04	4.92e-06	0.00e+00	0.00e+00	4.52e-05	2.91e-13	3.38e-13
 3.48744e+22	5.16e-05	3.05e-02	5.68e-01	3.81e-01	1.94e-02	3.53e-04	4.18e-06	0.00e+00	0.00e+00	5.16e-05	3.46e-13	4.01e-13
 3.52137e+22	6.07e-05	3.35e-02	5.84e-01	3.65e-01	1.76e-02	3.00e-04	3.42e-06	0.00e+00	0.00e+00	6.07e-05	4.30e-13	4.97e-13
 3.55653e+22	6.98e-05	3.64e-02	5.97e-01	3.50e-01	1.61e-02	2.60e-04	2.87e-06	0.00e+00	0.00e+00	6.98e-05	5.16e-13	5.96e-13
 3.58837e+22	7.97e-05	3.93e-02	6.10e-01	3.36e-01	1.47e-02	2.26e-04	2.42e-06	0.00e+00	0.00e+00	7.97e-05	6.16e-13	7.10e-13
 3.62488e+22	9.41e-05	4.34e-02	6.25e-01	3.18e-01	1.32e-02	1.89e-04	1.95e-06	0.00e+00	0.00e+00	9.41e-05	7.71e-13	8.85e-13
 3.66226e+22	1.09e-04	4.71e-02	6.38e-01	3.03e-01	1.19e-02	1.61e-04	1.62e-06	0.00e+00	0.00e+00	1.09e-04	9.33e-13	1.07e-12
 3.69533e+22	1.25e-04	5.11e-02	6.49e-01	2.88e-01	1.08e-02	1.38e-04	1.34e-06	0.00e+00	0.00e+00	1.25e-04	1.12e-12	1.28e-12
 3.73288e+22	1.48e-04	5.65e-02	6.64e-01	2.70e-01	9.51e-03	1.13e-04	1.06e-06	0.00e+00	0.00e+00	1.48e-04	1.42e-12	1.61e-12
 3.77070e+22	1.70e-04	6.11e-02	6.74e-01	2.56e-01	8.58e-03	9.65e-05	8.74e-07	0.00e+00	0.00e+00	1.70e-04	1.71e-12	1.92e-12
 3.80887e+22	2.00e-04	6.73e-02	6.86e-01	2.39e-01	7.53e-03	7.90e-05	6.88e-07	0.00e+00	0.00e+00	2.00e-04	2.15e-12	2.41e-12
 3.84821e+22	2.32e-04	7.32e-02	6.96e-01	2.24e-01	6.69e-03	6.59e-05	5.55e-07	0.00e+00	0.00e+00	2.32e-04	2.63e-12	2.91e-12
 3.88219e+22	2.64e-04	7.88e-02	7.04e-01	2.11e-01	6.00e-03	5.59e-05	4.57e-07	0.00e+00	0.00e+00	2.64e-04	3.15e-12	3.46e-12
 3.91949e+22	3.09e-04	8.63e-02	7.12e-01	1.96e-01	5.24e-03	4.55e-05	3.59e-07	0.00e+00	0.00e+00	3.09e-04	3.95e-12	4.29e-12
 3.95936e+22	3.58e-04	9.39e-02	7.19e-01	1.82e-01	4.59e-03	3.73e-05	2.84e-07	0.00e+00	0.00e+00	3.58e-04	4.87e-12	5.23e-12
 3.99660e+22	4.11e-04	1.02e-01	7.25e-01	1.69e-01	4.04e-03	3.09e-05	2.28e-07	0.00e+00	0.00e+00	4.11e-04	5.94e-12	6.31e-12
 4.03903e+22	4.90e-04	1.12e-01	7.30e-01	1.53e-01	3.43e-03	2.42e-05	1.71e-07	0.00e+00	0.00e+00	4.90e-04	7.66e-12	8.00e-12
 4.08236e+22	5.68e-04	1.22e-01	7.34e-01	1.41e-01	2.96e-03	1.95e-05	1.33e-07	0.00e+00	0.00e+00	5.68e-04	9.51e-12	9.77e-12
 4.12061e+22	6.51e-04	1.32e-01	7.36e-01	1.29e-01	2.57e-03	1.59e-05	0.00e+00	0.00e+00	0.00e+00	6.51e-04	1.17e-11	1.18e-11
 4.16406e+22	7.77e-04	1.45e-01	7.36e-01	1.16e-01	2.14e-03	1.22e-05	0.00e+00	0.00e+00	0.00e+00	7.77e-04	1.52e-11	1.50e-11
 4.20825e+22	8.92e-04	1.57e-01	7.35e-01	1.05e-01	1.83e-03	9.79e-06	0.00e+00	0.00e+00	0.00e+00	8.92e-04	1.87e-11	1.81e-11
 4.25340e+22	1.07e-03	1.73e-01	7.31e-01	9.27e-02	1.50e-03	7.33e-06	0.00e+00	0.00e+00	0.00e+00	1.07e-03	2.47e-11	2.33e-11
 4.29874e+22	1.22e-03	1.86e-01	7.28e-01	8.38e-02	1.27e-03	5.83e-06	0.00e+00	0.00e+00	0.00e+00	1.22e-03	3.03e-11	2.80e-11
 4.34434e+22	1.46e-03	2.05e-01	7.19e-01	7.30e-02	1.03e-03	4.32e-06	0.00e+00	0.00e+00	0.00e+00	1.46e-03	3.99e-11	3.59e-11
 4.39086e+22	1.67e-03	2.20e-01	7.12e-01	6.52e-02	8.61e-04	3.38e-06	0.00e+00	0.00e+00	0.00e+00	1.67e-03	4.93e-11	4.34e-11
 4.43858e+22	2.00e-03	2.43e-01	6.99e-01	5.59e-02	6.83e-04	2.46e-06	0.00e+00	0.00e+00	0.00e+00	2.00e-03	6.53e-11	5.57e-11
 4.48740e+22	2.29e-03	2.61e-01	6.87e-01	4.92e-02	5.63e-04	1.89e-06	0.00e+00	0.00e+00	0.00e+00	2.29e-03	8.12e-11	6.77e-11
 4.53765e+22	2.77e-03	2.88e-01	6.68e-01	4.11e-02	4.32e-04	1.32e-06	0.00e+00	0.00e+00	0.00e+00	2.77e-03	1.09e-10	8.82e-11
 4.58830e+22	3.16e-03	3.08e-01	6.53e-01	3.58e-02	3.52e-04	9.99e-07	0.00e+00	0.00e+00	0.00e+00	3.16e-03	1.35e-10	1.07e-10
 4.63946e+22	3.81e-03	3.39e-01	6.28e-01	2.94e-02	2.65e-04	6.83e-07	0.00e+00	0.00e+00	0.00e+00	3.81e-03	1.81e-10	1.39e-10
 4.69198e+22	4.38e-03	3.63e-01	6.07e-01	2.49e-02	2.10e-04	5.02e-07	0.00e+00	0.00e+00	0.00e+00	4.38e-03	2.26e-10	1.70e-10
 4.73353e+22	4.88e-03	3.83e-01	5.90e-01	2.19e-02	1.74e-04	3.93e-07	0.00e+00	0.00e+00	0.00e+00	4.88e-03	2.68e-10	1.98e-10
 4.77480e+22	5.62e-03	4.10e-01	5.66e-01	1.84e-02	1.37e-04	2.86e-07	0.00e+00	0.00e+00	0.00e+00	5.62e-03	3.35e-10	2.43e-10
 4.81643e+22	6.26e-03	4.32e-01	5.46e-01	1.59e-02	1.13e-04	2.21e-07	0.00e+00	0.00e+00	0.00e+00	6.26e-03	3.97e-10	2.84e-10
 4.85854e+22	7.19e-03	4.61e-01	5.18e-01	1.31e-02	8.77e-05	1.58e-07	0.00e+00	0.00e+00	0.00e+00	7.19e-03	4.93e-10	3.45e-10
 4.90162e+22	8.06e-03	4.86e-01	4.95e-01	1.11e-02	7.03e-05	0.00e+00	0.00e+00	0.00e+00	0.00e+00	8.06e-03	5.87e-10	4.05e-10
 4.94005e+22	9.02e-03	5.11e-01	4.71e-01	9.39e-03	5.64e-05	0.00e+00	0.00e+00	0.00e+00	0.00e+00	9.02e-03	6.97e-10	4.74e-10
 4.98411e+22	1.04e-02	5.44e-01	4.38e-01	7.49e-03	4.25e-05	0.00e+00	0.00e+00	0.00e+00	0.00e+00	1.04e-02	8.68e-10	5.80e-10
 5.02917e+22	1.17e-02	5.71e-01	4.11e-01	6.13e-03	3.31e-05	0.00e+00	0.00e+00	0.00e+00	0.00e+00	1.17e-02	1.04e-09	6.84e-10
 5.06888e+22	1.31e-02	5.98e-01	3.84e-01	5.01e-03	2.59e-05	0.00e+00	0.00e+00	0.00e+00	0.00e+00	1.31e-02	1.23e-09	8.03e-10
 5.11384e+22	1.53e-02	6.33e-01	3.48e-01	3.81e-03	1.87e-05	0.00e+00	0.00e+00	0.00e+00	0.00e+00	1.53e-02	1.55e-09	9.90e-10
 5.15948e+22	1.71e-02	6.60e-01	3.20e-01	3.02e-03	1.43e-05	0.00e+00	0.00e+00	0.00e+00	0.00e+00	1.71e-02	1.84e-09	1.16e-09
 5.19949e+22	1.93e-02	6.86e-01	2.92e-01	2.38e-03	1.10e-05	0.00e+00	0.00e+00	0.00e+00	0.00e+00	1.93e-02	2.18e-09	1.37e-09
 5.24500e+22	2.23e-02	7.18e-01	2.58e-01	1.73e-03	7.78e-06	0.00e+00	0.00e+00	0.00e+00	0.00e+00	2.23e-02	2.72e-09	1.68e-09
 5.29166e+22	2.55e-02	7.45e-01	2.28e-01	1.28e-03	5.68e-06	0.00e+00	0.00e+00	0.00e+00	0.00e+00	2.55e-02	3.29e-09	2.02e-09
 5.33074e+22	2.87e-02	7.67e-01	2.04e-01	9.74e-04	4.31e-06	0.00e+00	0.00e+00	0.00e+00	0.00e+00	2.87e-02	3.88e-09	2.36e-09
 5.37248e+22	3.32e-02	7.92e-01	1.75e-01	6.81e-04	3.05e-06	0.00e+00	0.00e+00	0.00e+00	0.00e+00	3.32e-02	4.79e-09	2.89e-09
 5.41637e+22	3.82e-02	8.12e-01	1.49e-01	4.77e-04	2.20e-06	0.00e+00	0.00e+00	0.00e+00	0.00e+00	3.82e-02	5.82e-09	3.48e-09
 5.45505e+22	4.36e-02	8.28e-01	1.28e-01	3.38e-04	1.62e-06	0.00e+00	0.00e+00	0.00e+00	0.00e+00	4.36e-02	6.97e-09	4.15e-09
 5.49008e+22	4.95e-02	8.41e-01	1.09e-01	2.42e-04	1.22e-06	0.00e+00	0.00e+00	0.00e+00	0.00e+00	4.95e-02	8.27e-09	4.90e-09
 5.52333e+22	5.64e-02	8.51e-01	9.25e-02	1.70e-04	9.10e-07	0.00e+00	0.00e+00	0.00e+00	0.00e+00	5.64e-02	9.85e-09	5.82e-09
 5.55651e+22	6.49e-02	8.58e-01	7.68e-02	1.16e-04	6.70e-07	0.00e+00	0.00e+00	0.00e+00	0.00e+00	6.49e-02	1.18e-08	6.97e-09
 5.58939e+22	7.53e-02	8.62e-01	6.26e-02	7.63e-05	4.85e-07	0.00e+00	0.00e+00	0.00e+00	0.00e+00	7.53e-02	1.43e-08	8.43e-09
 5.61072e+22	8.16e-02	8.62e-01	5.61e-02	6.16e-05	4.16e-07	0.00e+00	0.00e+00	0.00e+00	0.00e+00	8.16e-02	1.57e-08	9.27e-09
 5.61869e+22	8.46e-02	8.62e-01	5.34e-02	5.59e-05	3.87e-07	0.00e+00	0.00e+00	0.00e+00	0.00e+00	8.46e-02	1.64e-08	9.69e-09
 5.62508e+22	8.73e-02	8.62e-01	5.09e-02	5.09e-05	3.61e-07	0.00e+00	0.00e+00	0.00e+00	0.00e+00	8.73e-02	1.71e-08	1.01e-08
 5.63288e+22	9.10e-02	8.61e-01	4.79e-02	4.52e-05	3.29e-07	0.00e+00	0.00e+00	0.00e+00	0.00e+00	9.10e-02	1.81e-08	1.07e-08
 5.64149e+22	9.53e-02	8.60e-01	4.48e-02	3.97e-05	2.99e-07	0.00e+00	0.00e+00	0.00e+00	0.00e+00	9.53e-02	1.91e-08	1.13e-08
 5.64953e+22	9.95e-02	8.58e-01	4.20e-02	3.52e-05	2.73e-07	0.00e+00	0.00e+00	0.00e+00	0.00e+00	9.95e-02	2.01e-08	1.19e-08
 5.65698e+22	1.04e-01	8.57e-01	3.95e-02	3.13e-05	2.50e-07	0.00e+00	0.00e+00	0.00e+00	0.00e+00	1.04e-01	2.12e-08	1.25e-08
 5.66436e+22	1.08e-01	8.55e-01	3.71e-02	2.78e-05	2.29e-07	0.00e+00	0.00e+00	0.00e+00	0.00e+00	1.08e-01	2.23e-08	1.32e-08
 5.67181e+22	1.13e-01	8.52e-01	3.47e-02	2.46e-05	2.09e-07	0.00e+00	0.00e+00	0.00e+00	0.00e+00	1.13e-01	2.34e-08	1.39e-08
 5.67915e+22	1.18e-01	8.50e-01	3.26e-02	2.18e-05	1.91e-07	0.00e+00	0.00e+00	0.00e+00	0.00e+00	1.18e-01	2.47e-08	1.46e-08
 5.68647e+22	1.23e-01	8.47e-01	3.04e-02	1.92e-05	1.74e-07	0.00e+00	0.00e+00	0.00e+00	0.00e+00	1.23e-01	2.60e-08	1.54e-08
 5.69357e+22	1.28e-01	8.43e-01	2.84e-02	1.69e-05	1.58e-07	0.00e+00	0.00e+00	0.00e+00	0.00e+00	1.28e-01	2.73e-08	1.62e-08
 5.70036e+22	1.34e-01	8.39e-01	2.65e-02	1.50e-05	1.44e-07	0.00e+00	0.00e+00	0.00e+00	0.00e+00	1.34e-01	2.87e-08	1.70e-08
 5.70709e+22	1.40e-01	8.35e-01	2.48e-02	1.33e-05	1.32e-07	0.00e+00	0.00e+00	0.00e+00	0.00e+00	1.40e-01	3.02e-08	1.79e-08
 5.71391e+22	1.46e-01	8.31e-01	2.31e-02	1.16e-05	0.00e+00	0.00e+00	0.00e+00	0.00e+00	0.00e+00	1.46e-01	3.18e-08	1.89e-08
 5.72067e+22	1.53e-01	8.26e-01	2.15e-02	1.02e-05	0.00e+00	0.00e+00	0.00e+00	0.00e+00	0.00e+00	1.53e-01	3.34e-08	1.99e-08
 5.72711e+22	1.60e-01	8.20e-01	1.99e-02	9.01e-06	0.00e+00	0.00e+00	0.00e+00	0.00e+00	0.00e+00	1.60e-01	3.51e-08	2.09e-08
 5.73326e+22	1.66e-01	8.15e-01	1.86e-02	8.00e-06	0.00e+00	0.00e+00	0.00e+00	0.00e+00	0.00e+00	1.66e-01	3.68e-08	2.19e-08
 5.73954e+22	1.74e-01	8.09e-01	1.73e-02	7.01e-06	0.00e+00	0.00e+00	0.00e+00	0.00e+00	0.00e+00	1.74e-01	3.87e-08	2.31e-08
 5.74591e+22	1.82e-01	8.02e-01	1.60e-02	6.15e-06	0.00e+00	0.00e+00	0.00e+00	0.00e+00	0.00e+00	1.82e-01	4.06e-08	2.43e-08
 5.75196e+22	1.90e-01	7.95e-01	1.48e-02	5.41e-06	0.00e+00	0.00e+00	0.00e+00	0.00e+00	0.00e+00	1.90e-01	4.26e-08	2.55e-08
 5.75782e+22	1.98e-01	7.88e-01	1.38e-02	4.77e-06	0.00e+00	0.00e+00	0.00e+00	0.00e+00	0.00e+00	1.98e-01	4.46e-08	2.67e-08
 5.76367e+22	2.08e-01	7.79e-01	1.27e-02	4.17e-06	0.00e+00	0.00e+00	0.00e+00	0.00e+00	0.00e+00	2.08e-01	4.68e-08	2.80e-08
 5.76933e+22	2.16e-01	7.72e-01	1.18e-02	3.70e-06	0.00e+00	0.00e+00	0.00e+00	0.00e+00	0.00e+00	2.16e-01	4.89e-08	2.93e-08
 5.77496e+22	2.26e-01	7.63e-01	1.09e-02	3.24e-06	0.00e+00	0.00e+00	0.00e+00	0.00e+00	0.00e+00	2.26e-01	5.11e-08	3.07e-08
 5.78068e+22	2.37e-01	7.53e-01	1.00e-02	2.84e-06	0.00e+00	0.00e+00	0.00e+00	0.00e+00	0.00e+00	2.37e-01	5.35e-08	3.22e-08
 5.78606e+22	2.47e-01	7.44e-01	9.26e-03	2.51e-06	0.00e+00	0.00e+00	0.00e+00	0.00e+00	0.00e+00	2.47e-01	5.58e-08	3.36e-08
 5.79131e+22	2.57e-01	7.34e-01	8.56e-03	2.21e-06	0.00e+00	0.00e+00	0.00e+00	0.00e+00	0.00e+00	2.57e-01	5.81e-08	3.50e-08
 5.79666e+22	2.68e-01	7.24e-01	7.88e-03	1.95e-06	0.00e+00	0.00e+00	0.00e+00	0.00e+00	0.00e+00	2.68e-01	6.06e-08	3.65e-08
 5.80203e+22	2.79e-01	7.13e-01	7.27e-03	1.72e-06	0.00e+00	0.00e+00	0.00e+00	0.00e+00	0.00e+00	2.79e-01	6.30e-08	3.80e-08
 5.80762e+22	2.93e-01	7.01e-01	6.62e-03	1.50e-06	0.00e+00	0.00e+00	0.00e+00	0.00e+00	0.00e+00	2.93e-01	6.58e-08	3.97e-08
 5.81313e+22	3.05e-01	6.89e-01	6.07e-03	1.31e-06	0.00e+00	0.00e+00	0.00e+00	0.00e+00	0.00e+00	3.05e-01	6.84e-08	4.13e-08
 5.81831e+22	3.19e-01	6.76e-01	5.55e-03	1.15e-06	0.00e+00	0.00e+00	0.00e+00	0.00e+00	0.00e+00	3.19e-01	7.10e-08	4.29e-08
 5.82339e+22	3.31e-01	6.64e-01	5.10e-03	1.02e-06	0.00e+00	0.00e+00	0.00e+00	0.00e+00	0.00e+00	3.31e-01	7.35e-08	4.45e-08
 5.82855e+22	3.45e-01	6.50e-01	4.65e-03	8.96e-07	0.00e+00	0.00e+00	0.00e+00	0.00e+00	0.00e+00	3.45e-01	7.61e-08	4.61e-08
 5.83380e+22	3.60e-01	6.35e-01	4.23e-03	7.84e-07	0.00e+00	0.00e+00	0.00e+00	0.00e+00	0.00e+00	3.60e-01	7.88e-08	4.77e-08
 5.83881e+22	3.75e-01	6.21e-01	3.87e-03	6.93e-07	0.00e+00	0.00e+00	0.00e+00	0.00e+00	0.00e+00	3.75e-01	8.13e-08	4.92e-08
 5.84372e+22	3.89e-01	6.07e-01	3.53e-03	6.13e-07	0.00e+00	0.00e+00	0.00e+00	0.00e+00	0.00e+00	3.89e-01	8.37e-08	5.07e-08
 5.84880e+22	4.05e-01	5.92e-01	3.21e-03	5.40e-07	0.00e+00	0.00e+00	0.00e+00	0.00e+00	0.00e+00	4.05e-01	8.62e-08	5.22e-08
 5.85397e+22	4.21e-01	5.76e-01	2.91e-03	4.76e-07	0.00e+00	0.00e+00	0.00e+00	0.00e+00	0.00e+00	4.21e-01	8.86e-08	5.36e-08
 5.85916e+22	4.38e-01	5.60e-01	2.63e-03	4.18e-07	0.00e+00	0.00e+00	0.00e+00	0.00e+00	0.00e+00	4.38e-01	9.09e-08	5.50e-08
 5.86427e+22	4.54e-01	5.43e-01	2.38e-03	3.69e-07	0.00e+00	0.00e+00	0.00e+00	0.00e+00	0.00e+00	4.54e-01	9.31e-08	5.64e-08
 5.86935e+22	4.71e-01	5.27e-01	2.15e-03	3.26e-07	0.00e+00	0.00e+00	0.00e+00	0.00e+00	0.00e+00	4.71e-01	9.52e-08	5.76e-08
 5.87455e+22	4.88e-01	5.10e-01	1.94e-03	2.87e-07	0.00e+00	0.00e+00	0.00e+00	0.00e+00	0.00e+00	4.88e-01	9.71e-08	5.87e-08
 5.87987e+22	5.06e-01	4.92e-01	1.74e-03	2.53e-07	0.00e+00	0.00e+00	0.00e+00	0.00e+00	0.00e+00	5.06e-01	9.89e-08	5.98e-08
 5.88524e+22	5.24e-01	4.74e-01	1.56e-03	2.23e-07	0.00e+00	0.00e+00	0.00e+00	0.00e+00	0.00e+00	5.24e-01	1.01e-07	6.07e-08
 5.89065e+22	5.43e-01	4.56e-01	1.39e-03	1.96e-07	0.00e+00	0.00e+00	0.00e+00	0.00e+00	0.00e+00	5.43e-01	1.02e-07	6.15e-08
 5.89614e+22	5.61e-01	4.38e-01	1.24e-03	1.73e-07	0.00e+00	0.00e+00	0.00e+00	0.00e+00	0.00e+00	5.61e-01	1.03e-07	6.22e-08
 5.90177e+22	5.80e-01	4.19e-01	1.10e-03	1.52e-07	0.00e+00	0.00e+00	0.00e+00	0.00e+00	0.00e+00	5.80e-01	1.04e-07	6.28e-08
 5.90755e+22	5.99e-01	4.00e-01	9.73e-04	1.34e-07	0.00e+00	0.00e+00	0.00e+00	0.00e+00	0.00e+00	5.99e-01	1.05e-07	6.32e-08
 5.91243e+22	6.13e-01	3.86e-01	8.83e-04	0.00e+00	0.00e+00	0.00e+00	0.00e+00	0.00e+00	0.00e+00	6.13e-01	1.05e-07	6.34e-08
 5.91602e+22	6.25e-01	3.75e-01	8.20e-04	0.00e+00	0.00e+00	0.00e+00	0.00e+00	0.00e+00	0.00e+00	6.25e-01	1.06e-07	6.35e-08
 5.91946e+22	6.35e-01	3.64e-01	7.62e-04	0.00e+00	0.00e+00	0.00e+00	0.00e+00	0.00e+00	0.00e+00	6.35e-01	1.06e-07	6.35e-08
 5.92326e+22	6.47e-01	3.52e-01	7.03e-04	0.00e+00	0.00e+00	0.00e+00	0.00e+00	0.00e+00	0.00e+00	6.47e-01	1.06e-07	6.35e-08
 5.92733e+22	6.59e-01	3.40e-01	6.44e-04	0.00e+00	0.00e+00	0.00e+00	0.00e+00	0.00e+00	0.00e+00	6.59e-01	1.06e-07	6.34e-08
 5.93135e+22	6.71e-01	3.29e-01	5.92e-04	0.00e+00	0.00e+00	0.00e+00	0.00e+00	0.00e+00	0.00e+00	6.71e-01	1.06e-07	6.32e-08
 5.93525e+22	6.81e-01	3.18e-01	5.46e-04	0.00e+00	0.00e+00	0.00e+00	0.00e+00	0.00e+00	0.00e+00	6.81e-01	1.06e-07	6.30e-08
 5.93921e+22	6.92e-01	3.07e-01	5.02e-04	0.00e+00	0.00e+00	0.00e+00	0.00e+00	0.00e+00	0.00e+00	6.92e-01	1.05e-07	6.27e-08
 5.94331e+22	7.04e-01	2.96e-01	4.60e-04	0.00e+00	0.00e+00	0.00e+00	0.00e+00	0.00e+00	0.00e+00	7.04e-01	1.05e-07	6.24e-08
 5.94739e+22	7.14e-01	2.86e-01	4.23e-04	0.00e+00	0.00e+00	0.00e+00	0.00e+00	0.00e+00	0.00e+00	7.14e-01	1.04e-07	6.20e-08
 5.95148e+22	7.24e-01	2.76e-01	3.88e-04	0.00e+00	0.00e+00	0.00e+00	0.00e+00	0.00e+00	0.00e+00	7.24e-01	1.04e-07	6.16e-08
 5.95567e+22	7.34e-01	2.66e-01	3.56e-04	0.00e+00	0.00e+00	0.00e+00	0.00e+00	0.00e+00	0.00e+00	7.34e-01	1.03e-07	6.12e-08
 5.95996e+22	7.44e-01	2.56e-01	3.26e-04	0.00e+00	0.00e+00	0.00e+00	0.00e+00	0.00e+00	0.00e+00	7.44e-01	1.03e-07	6.07e-08
 5.96431e+22	7.53e-01	2.46e-01	2.98e-04	0.00e+00	0.00e+00	0.00e+00	0.00e+00	0.00e+00	0.00e+00	7.53e-01	1.02e-07	6.02e-08
 5.96871e+22	7.63e-01	2.37e-01	2.73e-04	0.00e+00	0.00e+00	0.00e+00	0.00e+00	0.00e+00	0.00e+00	7.63e-01	1.01e-07	5.96e-08
 5.97311e+22	7.72e-01	2.28e-01	2.50e-04	0.00e+00	0.00e+00	0.00e+00	0.00e+00	0.00e+00	0.00e+00	7.72e-01	1.00e-07	5.90e-08
 5.97757e+22	7.80e-01	2.19e-01	2.28e-04	0.00e+00	0.00e+00	0.00e+00	0.00e+00	0.00e+00	0.00e+00	7.80e-01	9.96e-08	5.85e-08
 5.98219e+22	7.89e-01	2.11e-01	2.08e-04	0.00e+00	0.00e+00	0.00e+00	0.00e+00	0.00e+00	0.00e+00	7.89e-01	9.88e-08	5.78e-08
 5.98692e+22	7.98e-01	2.02e-01	1.89e-04	0.00e+00	0.00e+00	0.00e+00	0.00e+00	0.00e+00	0.00e+00	7.98e-01	9.78e-08	5.71e-08
 5.99167e+22	8.06e-01	1.94e-01	1.73e-04	0.00e+00	0.00e+00	0.00e+00	0.00e+00	0.00e+00	0.00e+00	8.06e-01	9.69e-08	5.65e-08
 5.99647e+22	8.13e-01	1.87e-01	1.57e-04	0.00e+00	0.00e+00	0.00e+00	0.00e+00	0.00e+00	0.00e+00	8.13e-01	9.60e-08	5.58e-08
 6.00144e+22	8.21e-01	1.79e-01	1.43e-04	0.00e+00	0.00e+00	0.00e+00	0.00e+00	0.00e+00	0.00e+00	8.21e-01	9.50e-08	5.51e-08
 6.00650e+22	8.28e-01	1.72e-01	1.30e-04	0.00e+00	0.00e+00	0.00e+00	0.00e+00	0.00e+00	0.00e+00	8.28e-01	9.40e-08	5.43e-08
 6.01161e+22	8.35e-01	1.65e-01	1.18e-04	0.00e+00	0.00e+00	0.00e+00	0.00e+00	0.00e+00	0.00e+00	8.35e-01	9.31e-08	5.36e-08
 6.01681e+22	8.42e-01	1.58e-01	1.07e-04	0.00e+00	0.00e+00	0.00e+00	0.00e+00	0.00e+00	0.00e+00	8.42e-01	9.21e-08	5.29e-08
 6.02216e+22	8.49e-01	1.51e-01	9.67e-05	0.00e+00	0.00e+00	0.00e+00	0.00e+00	0.00e+00	0.00e+00	8.49e-01	9.11e-08	5.22e-08
 6.02765e+22	8.55e-01	1.45e-01	8.74e-05	0.00e+00	0.00e+00	0.00e+00	0.00e+00	0.00e+00	0.00e+00	8.55e-01	9.02e-08	5.15e-08
 6.03325e+22	8.62e-01	1.38e-01	7.88e-05	0.00e+00	0.00e+00	0.00e+00	0.00e+00	0.00e+00	0.00e+00	8.62e-01	8.91e-08	5.08e-08
 6.03883e+22	8.68e-01	1.32e-01	7.12e-05	0.00e+00	0.00e+00	0.00e+00	0.00e+00	0.00e+00	0.00e+00	8.68e-01	8.82e-08	5.00e-08
 6.04441e+22	8.73e-01	1.27e-01	6.44e-05	0.00e+00	0.00e+00	0.00e+00	0.00e+00	0.00e+00	0.00e+00	8.73e-01	8.72e-08	4.93e-08
 6.05014e+22	8.79e-01	1.21e-01	5.82e-05	0.00e+00	0.00e+00	0.00e+00	0.00e+00	0.00e+00	0.00e+00	8.79e-01	8.63e-08	4.86e-08
 6.05599e+22	8.84e-01	1.16e-01	5.25e-05	0.00e+00	0.00e+00	0.00e+00	0.00e+00	0.00e+00	0.00e+00	8.84e-01	8.53e-08	4.79e-08
 6.06190e+22	8.89e-01	1.11e-01	4.73e-05	0.00e+00	0.00e+00	0.00e+00	0.00e+00	0.00e+00	0.00e+00	8.89e-01	8.44e-08	4.72e-08
 6.06779e+22	8.94e-01	1.06e-01	4.28e-05	0.00e+00	0.00e+00	0.00e+00	0.00e+00	0.00e+00	0.00e+00	8.94e-01	8.36e-08	4.66e-08
 6.07364e+22	8.99e-01	1.01e-01	3.87e-05	0.00e+00	0.00e+00	0.00e+00	0.00e+00	0.00e+00	0.00e+00	8.99e-01	8.27e-08	4.60e-08
 6.07948e+22	9.03e-01	9.70e-02	3.51e-05	0.00e+00	0.00e+00	0.00e+00	0.00e+00	0.00e+00	0.00e+00	9.03e-01	8.19e-08	4.53e-08
 6.08546e+22	9.07e-01	9.29e-02	3.17e-05	0.00e+00	0.00e+00	0.00e+00	0.00e+00	0.00e+00	0.00e+00	9.07e-01	8.12e-08	4.48e-08
 6.09147e+22	9.11e-01	8.88e-02	2.87e-05	0.00e+00	0.00e+00	0.00e+00	0.00e+00	0.00e+00	0.00e+00	9.11e-01	8.04e-08	4.42e-08
 6.09741e+22	9.15e-01	8.50e-02	2.61e-05	0.00e+00	0.00e+00	0.00e+00	0.00e+00	0.00e+00	0.00e+00	9.15e-01	7.97e-08	4.37e-08
 6.10334e+22	9.19e-01	8.14e-02	2.37e-05	0.00e+00	0.00e+00	0.00e+00	0.00e+00	0.00e+00	0.00e+00	9.19e-01	7.90e-08	4.31e-08
 6.10926e+22	9.22e-01	7.80e-02	2.16e-05	0.00e+00	0.00e+00	0.00e+00	0.00e+00	0.00e+00	0.00e+00	9.22e-01	7.84e-08	4.26e-08
 6.11518e+22	9.25e-01	7.46e-02	1.97e-05	0.00e+00	0.00e+00	0.00e+00	0.00e+00	0.00e+00	0.00e+00	9.25e-01	7.77e-08	4.21e-08
 6.12109e+22	9.29e-01	7.15e-02	1.80e-05	0.00e+00	0.00e+00	0.00e+00	0.00e+00	0.00e+00	0.00e+00	9.29e-01	7.70e-08	4.16e-08
 6.12697e+22	9.32e-01	6.84e-02	1.65e-05	0.00e+00	0.00e+00	0.00e+00	0.00e+00	0.00e+00	0.00e+00	9.32e-01	7.63e-08	4.11e-08
 6.13279e+22	9.34e-01	6.55e-02	1.51e-05	0.00e+00	0.00e+00	0.00e+00	0.00e+00	0.00e+00	0.00e+00	9.34e-01	7.57e-08	4.07e-08
 6.13859e+22	9.37e-01	6.28e-02	1.39e-05	0.00e+00	0.00e+00	0.00e+00	0.00e+00	0.00e+00	0.00e+00	9.37e-01	7.50e-08	4.02e-08
 6.14430e+22	9.40e-01	6.02e-02	1.28e-05	0.00e+00	0.00e+00	0.00e+00	0.00e+00	0.00e+00	0.00e+00	9.40e-01	7.45e-08	3.98e-08
 6.14977e+22	9.42e-01	5.78e-02	1.18e-05	0.00e+00	0.00e+00	0.00e+00	0.00e+00	0.00e+00	0.00e+00	9.42e-01	7.39e-08	3.94e-08
 6.15492e+22	9.44e-01	5.57e-02	1.10e-05	0.00e+00	0.00e+00	0.00e+00	0.00e+00	0.00e+00	0.00e+00	9.44e-01	7.34e-08	3.90e-08
 6.15976e+22	9.46e-01	5.38e-02	1.03e-05	0.00e+00	0.00e+00	0.00e+00	0.00e+00	0.00e+00	0.00e+00	9.46e-01	7.30e-08	3.87e-08
 6.16435e+22	9.48e-01	5.20e-02	9.73e-06	0.00e+00	0.00e+00	0.00e+00	0.00e+00	0.00e+00	0.00e+00	9.48e-01	7.26e-08	3.84e-08
 6.16872e+22	9.50e-01	5.03e-02	9.20e-06	0.00e+00	0.00e+00	0.00e+00	0.00e+00	0.00e+00	0.00e+00	9.50e-01	7.22e-08	3.81e-08
 6.17289e+22	9.51e-01	4.88e-02	8.72e-06	0.00e+00	0.00e+00	0.00e+00	0.00e+00	0.00e+00	0.00e+00	9.51e-01	7.18e-08	3.78e-08
 6.17688e+22	9.53e-01	4.73e-02	8.29e-06	0.00e+00	0.00e+00	0.00e+00	0.00e+00	0.00e+00	0.00e+00	9.53e-01	7.15e-08	3.76e-08
 6.18062e+22	9.54e-01	4.60e-02	7.91e-06	0.00e+00	0.00e+00	0.00e+00	0.00e+00	0.00e+00	0.00e+00	9.54e-01	7.11e-08	3.73e-08
 6.18411e+22	9.55e-01	4.48e-02	7.58e-06	0.00e+00	0.00e+00	0.00e+00	0.00e+00	0.00e+00	0.00e+00	9.55e-01	7.08e-08	3.71e-08
 6.18753e+22	9.56e-01	4.36e-02	7.26e-06	0.00e+00	0.00e+00	0.00e+00	0.00e+00	0.00e+00	0.00e+00	9.56e-01	7.05e-08	3.69e-08
 6.19092e+22	9.58e-01	4.24e-02	6.96e-06	0.00e+00	0.00e+00	0.00e+00	0.00e+00	0.00e+00	0.00e+00	9.58e-01	7.02e-08	3.67e-08
 6.19418e+22	9.59e-01	4.13e-02	6.69e-06	0.00e+00	0.00e+00	0.00e+00	0.00e+00	0.00e+00	0.00e+00	9.59e-01	6.99e-08	3.64e-08
 6.19720e+22	9.60e-01	4.03e-02	6.45e-06	0.00e+00	0.00e+00	0.00e+00	0.00e+00	0.00e+00	0.00e+00	9.60e-01	6.96e-08	3.62e-08
 6.19996e+22	9.61e-01	3.94e-02	6.25e-06	0.00e+00	0.00e+00	0.00e+00	0.00e+00	0.00e+00	0.00e+00	9.61e-01	6.94e-08	3.60e-08
 6.20246e+22	9.61e-01	3.86e-02	6.06e-06	0.00e+00	0.00e+00	0.00e+00	0.00e+00	0.00e+00	0.00e+00	9.61e-01	6.91e-08	3.59e-08
 6.20474e+22	9.62e-01	3.79e-02	5.90e-06	0.00e+00	0.00e+00	0.00e+00	0.00e+00	0.00e+00	0.00e+00	9.62e-01	6.89e-08	3.57e-08
 6.20682e+22	9.63e-01	3.73e-02	5.76e-06	0.00e+00	0.00e+00	0.00e+00	0.00e+00	0.00e+00	0.00e+00	9.63e-01	6.87e-08	3.55e-08
 6.20871e+22	9.63e-01	3.67e-02	5.63e-06	0.00e+00	0.00e+00	0.00e+00	0.00e+00	0.00e+00	0.00e+00	9.63e-01	6.85e-08	3.54e-08
 6.21043e+22	9.64e-01	3.62e-02	5.53e-06	0.00e+00	0.00e+00	0.00e+00	0.00e+00	0.00e+00	0.00e+00	9.64e-01	6.82e-08	3.53e-08
 6.21231e+22	9.64e-01	3.56e-02	5.39e-06	0.00e+00	0.00e+00	0.00e+00	0.00e+00	0.00e+00	0.00e+00	9.64e-01	6.78e-08	3.51e-08
 6.21434e+22	9.65e-01	3.51e-02	5.27e-06	0.00e+00	0.00e+00	0.00e+00	0.00e+00	0.00e+00	0.00e+00	9.65e-01	6.76e-08	3.50e-08
 6.21657e+22	9.66e-01	3.43e-02	5.12e-06	0.00e+00	0.00e+00	0.00e+00	0.00e+00	0.00e+00	0.00e+00	9.66e-01	6.71e-08	3.48e-08
 6.21898e+22	9.66e-01	3.36e-02	4.97e-06	0.00e+00	0.00e+00	0.00e+00	0.00e+00	0.00e+00	0.00e+00	9.66e-01	6.67e-08	3.46e-08
 6.22116e+22	9.67e-01	3.29e-02	4.83e-06	0.00e+00	0.00e+00	0.00e+00	0.00e+00	0.00e+00	0.00e+00	9.67e-01	6.63e-08	3.45e-08
 6.22316e+22	9.68e-01	3.23e-02	4.71e-06	0.00e+00	0.00e+00	0.00e+00	0.00e+00	0.00e+00	0.00e+00	9.68e-01	6.60e-08	3.43e-08
 6.22497e+22	9.68e-01	3.18e-02	4.61e-06	0.00e+00	0.00e+00	0.00e+00	0.00e+00	0.00e+00	0.00e+00	9.68e-01	6.57e-08	3.42e-08
 6.22662e+22	9.69e-01	3.14e-02	4.52e-06	0.00e+00	0.00e+00	0.00e+00	0.00e+00	0.00e+00	0.00e+00	9.69e-01	6.54e-08	3.41e-08
 6.22812e+22	9.69e-01	3.10e-02	4.44e-06	0.00e+00	0.00e+00	0.00e+00	0.00e+00	0.00e+00	0.00e+00	9.69e-01	6.52e-08	3.40e-08
 6.22976e+22	9.69e-01	3.05e-02	4.35e-06	0.00e+00	0.00e+00	0.00e+00	0.00e+00	0.00e+00	0.00e+00	9.69e-01	6.50e-08	3.39e-08
 6.23154e+22	9.70e-01	3.02e-02	4.26e-06	0.00e+00	0.00e+00	0.00e+00	0.00e+00	0.00e+00	0.00e+00	9.70e-01	6.48e-08	3.38e-08
 6.23349e+22	9.70e-01	2.96e-02	4.15e-06	0.00e+00	0.00e+00	0.00e+00	0.00e+00	0.00e+00	0.00e+00	9.70e-01	6.45e-08	3.37e-08
 6.23559e+22	9.71e-01	2.91e-02	4.05e-06	0.00e+00	0.00e+00	0.00e+00	0.00e+00	0.00e+00	0.00e+00	9.71e-01	6.43e-08	3.36e-08
 6.23750e+22	9.71e-01	2.88e-02	3.97e-06	0.00e+00	0.00e+00	0.00e+00	0.00e+00	0.00e+00	0.00e+00	9.71e-01	6.42e-08	3.35e-08
 6.23959e+22	9.72e-01	2.82e-02	3.85e-06	0.00e+00	0.00e+00	0.00e+00	0.00e+00	0.00e+00	0.00e+00	9.72e-01	6.39e-08	3.34e-08
 6.24185e+22	9.72e-01	2.77e-02	3.75e-06	0.00e+00	0.00e+00	0.00e+00	0.00e+00	0.00e+00	0.00e+00	9.72e-01	6.37e-08	3.33e-08
 6.24391e+22	9.73e-01	2.72e-02	3.66e-06	0.00e+00	0.00e+00	0.00e+00	0.00e+00	0.00e+00	0.00e+00	9.73e-01	6.35e-08	3.32e-08
 6.24578e+22	9.73e-01	2.68e-02	3.58e-06	0.00e+00	0.00e+00	0.00e+00	0.00e+00	0.00e+00	0.00e+00	9.73e-01	6.33e-08	3.31e-08
 6.24784e+22	9.74e-01	2.64e-02	3.49e-06	0.00e+00	0.00e+00	0.00e+00	0.00e+00	0.00e+00	0.00e+00	9.74e-01	6.31e-08	3.30e-08
 6.25005e+22	9.74e-01	2.59e-02	3.40e-06	0.00e+00	0.00e+00	0.00e+00	0.00e+00	0.00e+00	0.00e+00	9.74e-01	6.28e-08	3.28e-08
 6.25207e+22	9.75e-01	2.55e-02	3.32e-06	0.00e+00	0.00e+00	0.00e+00	0.00e+00	0.00e+00	0.00e+00	9.75e-01	6.27e-08	3.27e-08
 6.25390e+22	9.75e-01	2.51e-02	3.25e-06	0.00e+00	0.00e+00	0.00e+00	0.00e+00	0.00e+00	0.00e+00	9.75e-01	6.25e-08	3.26e-08
 6.25591e+22	9.75e-01	2.47e-02	3.16e-06	0.00e+00	0.00e+00	0.00e+00	0.00e+00	0.00e+00	0.00e+00	9.75e-01	6.23e-08	3.25e-08
 6.25808e+22	9.76e-01	2.43e-02	3.07e-06	0.00e+00	0.00e+00	0.00e+00	0.00e+00	0.00e+00	0.00e+00	9.76e-01	6.20e-08	3.24e-08
 6.26006e+22	9.76e-01	2.39e-02	2.99e-06	0.00e+00	0.00e+00	0.00e+00	0.00e+00	0.00e+00	0.00e+00	9.76e-01	6.18e-08	3.22e-08
 6.26185e+22	9.76e-01	2.35e-02	2.93e-06	0.00e+00	0.00e+00	0.00e+00	0.00e+00	0.00e+00	0.00e+00	9.76e-01	6.16e-08	3.21e-08
 6.26382e+22	9.77e-01	2.31e-02	2.85e-06	0.00e+00	0.00e+00	0.00e+00	0.00e+00	0.00e+00	0.00e+00	9.77e-01	6.14e-08	3.20e-08
 6.26595e+22	9.77e-01	2.27e-02	2.77e-06	0.00e+00	0.00e+00	0.00e+00	0.00e+00	0.00e+00	0.00e+00	9.77e-01	6.11e-08	3.18e-08
 6.26788e+22	9.78e-01	2.23e-02	2.71e-06	0.00e+00	0.00e+00	0.00e+00	0.00e+00	0.00e+00	0.00e+00	9.78e-01	6.10e-08	3.17e-08
 6.26964e+22	9.78e-01	2.20e-02	2.65e-06	0.00e+00	0.00e+00	0.00e+00	0.00e+00	0.00e+00	0.00e+00	9.78e-01	6.08e-08	3.16e-08
 6.27125e+22	9.78e-01	2.17e-02	2.60e-06	0.00e+00	0.00e+00	0.00e+00	0.00e+00	0.00e+00	0.00e+00	9.78e-01	6.05e-08	3.14e-08
 6.27270e+22	9.79e-01	2.15e-02	2.56e-06	0.00e+00	0.00e+00	0.00e+00	0.00e+00	0.00e+00	0.00e+00	9.79e-01	6.04e-08	3.13e-08
 6.27430e+22	9.79e-01	2.12e-02	2.50e-06	0.00e+00	0.00e+00	0.00e+00	0.00e+00	0.00e+00	0.00e+00	9.79e-01	6.02e-08	3.12e-08
 6.27603e+22	9.79e-01	2.08e-02	2.45e-06	0.00e+00	0.00e+00	0.00e+00	0.00e+00	0.00e+00	0.00e+00	9.79e-01	6.00e-08	3.11e-08
 6.27759e+22	9.79e-01	2.07e-02	2.41e-06	0.00e+00	0.00e+00	0.00e+00	0.00e+00	0.00e+00	0.00e+00	9.79e-01	5.99e-08	3.10e-08
 6.27931e+22	9.80e-01	2.03e-02	2.36e-06	0.00e+00	0.00e+00	0.00e+00	0.00e+00	0.00e+00	0.00e+00	9.80e-01	5.97e-08	3.09e-08
 6.28117e+22	9.80e-01	2.00e-02	2.31e-06	0.00e+00	0.00e+00	0.00e+00	0.00e+00	0.00e+00	0.00e+00	9.80e-01	5.95e-08	3.07e-08
 6.28286e+22	9.80e-01	1.98e-02	2.27e-06	0.00e+00	0.00e+00	0.00e+00	0.00e+00	0.00e+00	0.00e+00	9.80e-01	5.94e-08	3.06e-08
 6.28471e+22	9.81e-01	1.94e-02	2.21e-06	0.00e+00	0.00e+00	0.00e+00	0.00e+00	0.00e+00	0.00e+00	9.81e-01	5.91e-08	3.05e-08
 6.28671e+22	9.81e-01	1.91e-02	2.16e-06	0.00e+00	0.00e+00	0.00e+00	0.00e+00	0.00e+00	0.00e+00	9.81e-01	5.89e-08	3.03e-08
 6.28853e+22	9.81e-01	1.88e-02	2.12e-06	0.00e+00	0.00e+00	0.00e+00	0.00e+00	0.00e+00	0.00e+00	9.81e-01	5.87e-08	3.02e-08
 6.29052e+22	9.81e-01	1.85e-02	2.07e-06	0.00e+00	0.00e+00	0.00e+00	0.00e+00	0.00e+00	0.00e+00	9.81e-01	5.82e-08	2.99e-08
 6.29267e+22	9.82e-01	1.83e-02	2.03e-06	0.00e+00	0.00e+00	0.00e+00	0.00e+00	0.00e+00	0.00e+00	9.82e-01	5.77e-08	2.97e-08
 6.29503e+22	9.82e-01	1.79e-02	1.98e-06	0.00e+00	0.00e+00	0.00e+00	0.00e+00	0.00e+00	0.00e+00	9.82e-01	5.70e-08	2.93e-08
 6.29758e+22	9.82e-01	1.76e-02	1.93e-06	0.00e+00	0.00e+00	0.00e+00	0.00e+00	0.00e+00	0.00e+00	9.82e-01	5.63e-08	2.90e-08
 6.29989e+22	9.83e-01	1.73e-02	1.89e-06	0.00e+00	0.00e+00	0.00e+00	0.00e+00	0.00e+00	0.00e+00	9.83e-01	5.57e-08	2.87e-08
 6.30200e+22	9.83e-01	1.70e-02	1.84e-06	0.00e+00	0.00e+00	0.00e+00	0.00e+00	0.00e+00	0.00e+00	9.83e-01	5.50e-08	2.83e-08
 6.30392e+22	9.83e-01	1.68e-02	1.82e-06	0.00e+00	0.00e+00	0.00e+00	0.00e+00	0.00e+00	0.00e+00	9.83e-01	5.47e-08	2.82e-08
 6.30602e+22	9.83e-01	1.66e-02	1.78e-06	0.00e+00	0.00e+00	0.00e+00	0.00e+00	0.00e+00	0.00e+00	9.83e-01	5.42e-08	2.78e-08
 6.30829e+22	9.84e-01	1.63e-02	1.74e-06	0.00e+00	0.00e+00	0.00e+00	0.00e+00	0.00e+00	0.00e+00	9.84e-01	5.37e-08	2.75e-08
 6.31078e+22	9.84e-01	1.60e-02	1.70e-06	0.00e+00	0.00e+00	0.00e+00	0.00e+00	0.00e+00	0.00e+00	9.84e-01	5.30e-08	2.71e-08
 6.31346e+22	9.84e-01	1.57e-02	1.66e-06	0.00e+00	0.00e+00	0.00e+00	0.00e+00	0.00e+00	0.00e+00	9.84e-01	5.25e-08	2.67e-08
 6.31591e+22	9.85e-01	1.55e-02	1.62e-06	0.00e+00	0.00e+00	0.00e+00	0.00e+00	0.00e+00	0.00e+00	9.85e-01	5.19e-08	2.64e-08
 6.31813e+22	9.85e-01	1.52e-02	1.59e-06	0.00e+00	0.00e+00	0.00e+00	0.00e+00	0.00e+00	0.00e+00	9.85e-01	5.12e-08	2.60e-08
 6.32015e+22	9.85e-01	1.50e-02	1.56e-06	0.00e+00	0.00e+00	0.00e+00	0.00e+00	0.00e+00	0.00e+00	9.85e-01	5.10e-08	2.58e-08
 6.32237e+22	9.85e-01	1.48e-02	1.53e-06	0.00e+00	0.00e+00	0.00e+00	0.00e+00	0.00e+00	0.00e+00	9.85e-01	5.05e-08	2.55e-08
 6.32476e+22	9.85e-01	1.46e-02	1.50e-06	0.00e+00	0.00e+00	0.00e+00	0.00e+00	0.00e+00	0.00e+00	9.85e-01	5.00e-08	2.52e-08
 6.32694e+22	9.86e-01	1.44e-02	1.48e-06	0.00e+00	0.00e+00	0.00e+00	0.00e+00	0.00e+00	0.00e+00	9.86e-01	4.96e-08	2.50e-08
 6.32933e+22	9.86e-01	1.41e-02	1.44e-06	0.00e+00	0.00e+00	0.00e+00	0.00e+00	0.00e+00	0.00e+00	9.86e-01	4.90e-08	2.46e-08
 6.33190e+22	9.86e-01	1.39e-02	1.41e-06	0.00e+00	0.00e+00	0.00e+00	0.00e+00	0.00e+00	0.00e+00	9.86e-01	4.84e-08	2.42e-08
 6.33425e+22	9.86e-01	1.36e-02	1.39e-06	0.00e+00	0.00e+00	0.00e+00	0.00e+00	0.00e+00	0.00e+00	9.86e-01	4.77e-08	2.38e-08
 6.33638e+22	9.86e-01	1.35e-02	1.37e-06	0.00e+00	0.00e+00	0.00e+00	0.00e+00	0.00e+00	0.00e+00	9.86e-01	4.74e-08	2.37e-08
 6.33872e+22	9.87e-01	1.33e-02	1.34e-06	0.00e+00	0.00e+00	0.00e+00	0.00e+00	0.00e+00	0.00e+00	9.87e-01	4.69e-08	2.33e-08
 6.34176e+22	9.87e-01	1.30e-02	1.31e-06	0.00e+00	0.00e+00	0.00e+00	0.00e+00	0.00e+00	0.00e+00	9.87e-01	4.61e-08	2.29e-08
 6.34504e+22	9.87e-01	1.27e-02	1.28e-06	0.00e+00	0.00e+00	0.00e+00	0.00e+00	0.00e+00	0.00e+00	9.87e-01	4.55e-08	2.25e-08
 6.34802e+22	9.88e-01	1.25e-02	1.25e-06	0.00e+00	0.00e+00	0.00e+00	0.00e+00	0.00e+00	0.00e+00	9.88e-01	4.48e-08	2.21e-08
 6.35074e+22	9.88e-01	1.22e-02	1.22e-06	0.00e+00	0.00e+00	0.00e+00	0.00e+00	0.00e+00	0.00e+00	9.88e-01	4.41e-08	2.17e-08
 6.35321e+22	9.88e-01	1.21e-02	1.20e-06	0.00e+00	0.00e+00	0.00e+00	0.00e+00	0.00e+00	0.00e+00	9.88e-01	4.38e-08	2.15e-08
 6.35592e+22	9.88e-01	1.19e-02	1.18e-06	0.00e+00	0.00e+00	0.00e+00	0.00e+00	0.00e+00	0.00e+00	9.88e-01	4.31e-08	2.11e-08
 6.35885e+22	9.88e-01	1.17e-02	1.16e-06	0.00e+00	0.00e+00	0.00e+00	0.00e+00	0.00e+00	0.00e+00	9.88e-01	4.25e-08	2.07e-08
 6.36151e+22	9.88e-01	1.15e-02	1.14e-06	0.00e+00	0.00e+00	0.00e+00	0.00e+00	0.00e+00	0.00e+00	9.88e-01	4.21e-08	2.05e-08
 6.36442e+22	9.89e-01	1.13e-02	1.11e-06	0.00e+00	0.00e+00	0.00e+00	0.00e+00	0.00e+00	0.00e+00	9.89e-01	4.13e-08	2.00e-08
 6.36757e+22	9.89e-01	1.11e-02	1.09e-06	0.00e+00	0.00e+00	0.00e+00	0.00e+00	0.00e+00	0.00e+00	9.89e-01	4.07e-08	1.97e-08
 6.37044e+22	9.89e-01	1.09e-02	1.07e-06	0.00e+00	0.00e+00	0.00e+00	0.00e+00	0.00e+00	0.00e+00	9.89e-01	4.03e-08	1.94e-08
 6.37358e+22	9.89e-01	1.07e-02	1.05e-06	0.00e+00	0.00e+00	0.00e+00	0.00e+00	0.00e+00	0.00e+00	9.89e-01	3.96e-08	1.90e-08
 6.37697e+22	9.90e-01	1.05e-02	1.03e-06	0.00e+00	0.00e+00	0.00e+00	0.00e+00	0.00e+00	0.00e+00	9.90e-01	3.90e-08	1.87e-08
 6.38005e+22	9.90e-01	1.03e-02	1.01e-06	0.00e+00	0.00e+00	0.00e+00	0.00e+00	0.00e+00	0.00e+00	9.90e-01	3.86e-08	1.84e-08
 6.38343e+22	9.90e-01	1.01e-02	9.85e-07	0.00e+00	0.00e+00	0.00e+00	0.00e+00	0.00e+00	0.00e+00	9.90e-01	3.79e-08	1.80e-08
 6.38708e+22	9.90e-01	9.87e-03	9.64e-07	0.00e+00	0.00e+00	0.00e+00	0.00e+00	0.00e+00	0.00e+00	9.90e-01	3.73e-08	1.77e-08
 6.39040e+22	9.90e-01	9.71e-03	9.48e-07	0.00e+00	0.00e+00	0.00e+00	0.00e+00	0.00e+00	0.00e+00	9.90e-01	3.69e-08	1.75e-08
 6.39404e+22	9.91e-01	9.49e-03	9.26e-07	0.00e+00	0.00e+00	0.00e+00	0.00e+00	0.00e+00	0.00e+00	9.91e-01	3.62e-08	1.71e-08
 6.39797e+22	9.91e-01	9.27e-03	9.06e-07	0.00e+00	0.00e+00	0.00e+00	0.00e+00	0.00e+00	0.00e+00	9.91e-01	3.56e-08	1.67e-08
 6.40155e+22	9.91e-01	9.10e-03	8.89e-07	0.00e+00	0.00e+00	0.00e+00	0.00e+00	0.00e+00	0.00e+00	9.91e-01	3.51e-08	1.63e-08
 6.40480e+22	9.91e-01	8.96e-03	8.75e-07	0.00e+00	0.00e+00	0.00e+00	0.00e+00	0.00e+00	0.00e+00	9.91e-01	3.47e-08	1.61e-08
 6.40836e+22	9.91e-01	8.77e-03	8.57e-07	0.00e+00	0.00e+00	0.00e+00	0.00e+00	0.00e+00	0.00e+00	9.91e-01	3.41e-08	1.57e-08
 6.41221e+22	9.91e-01	8.59e-03	8.40e-07	0.00e+00	0.00e+00	0.00e+00	0.00e+00	0.00e+00	0.00e+00	9.91e-01	3.36e-08	1.54e-08
 6.41571e+22	9.92e-01	8.45e-03	8.26e-07	0.00e+00	0.00e+00	0.00e+00	0.00e+00	0.00e+00	0.00e+00	9.92e-01	3.31e-08	1.51e-08
 6.41955e+22	9.92e-01	8.26e-03	8.09e-07	0.00e+00	0.00e+00	0.00e+00	0.00e+00	0.00e+00	0.00e+00	9.92e-01	3.25e-08	1.47e-08
 6.42369e+22	9.92e-01	8.08e-03	7.93e-07	0.00e+00	0.00e+00	0.00e+00	0.00e+00	0.00e+00	0.00e+00	9.92e-01	3.19e-08	1.44e-08
 6.42746e+22	9.92e-01	7.93e-03	7.80e-07	0.00e+00	0.00e+00	0.00e+00	0.00e+00	0.00e+00	0.00e+00	9.92e-01	3.14e-08	1.41e-08
 6.43160e+22	9.92e-01	7.75e-03	7.63e-07	0.00e+00	0.00e+00	0.00e+00	0.00e+00	0.00e+00	0.00e+00	9.92e-01	3.08e-08	1.38e-08
 6.43606e+22	9.92e-01	7.58e-03	7.48e-07	0.00e+00	0.00e+00	0.00e+00	0.00e+00	0.00e+00	0.00e+00	9.92e-01	3.02e-08	1.35e-08
 6.44011e+22	9.93e-01	7.41e-03	7.34e-07	0.00e+00	0.00e+00	0.00e+00	0.00e+00	0.00e+00	0.00e+00	9.93e-01	2.97e-08	1.32e-08
 6.44381e+22	9.93e-01	7.29e-03	7.23e-07	0.00e+00	0.00e+00	0.00e+00	0.00e+00	0.00e+00	0.00e+00	9.93e-01	2.92e-08	1.29e-08
 6.44785e+22	9.93e-01	7.14e-03	7.09e-07	0.00e+00	0.00e+00	0.00e+00	0.00e+00	0.00e+00	0.00e+00	9.93e-01	2.87e-08	1.26e-08
 6.45222e+22	9.93e-01	6.96e-03	6.95e-07	0.00e+00	0.00e+00	0.00e+00	0.00e+00	0.00e+00	0.00e+00	9.93e-01	2.81e-08	1.23e-08
 6.45620e+22	9.93e-01	6.84e-03	6.85e-07	0.00e+00	0.00e+00	0.00e+00	0.00e+00	0.00e+00	0.00e+00	9.93e-01	2.77e-08	1.21e-08
 6.46056e+22	9.93e-01	6.69e-03	6.72e-07	0.00e+00	0.00e+00	0.00e+00	0.00e+00	0.00e+00	0.00e+00	9.93e-01	2.72e-08	1.18e-08
 6.46526e+22	9.93e-01	6.51e-03	6.58e-07	0.00e+00	0.00e+00	0.00e+00	0.00e+00	0.00e+00	0.00e+00	9.93e-01	2.66e-08	1.14e-08
 6.46954e+22	9.94e-01	6.39e-03	6.48e-07	0.00e+00	0.00e+00	0.00e+00	0.00e+00	0.00e+00	0.00e+00	9.94e-01	2.62e-08	1.12e-08
 6.47423e+22	9.94e-01	6.24e-03	6.35e-07	0.00e+00	0.00e+00	0.00e+00	0.00e+00	0.00e+00	0.00e+00	9.94e-01	2.57e-08	1.09e-08
 6.47929e+22	9.94e-01	6.07e-03	6.22e-07	0.00e+00	0.00e+00	0.00e+00	0.00e+00	0.00e+00	0.00e+00	9.94e-01	2.51e-08	1.06e-08
 6.48390e+22	9.94e-01	5.95e-03	6.12e-07	0.00e+00	0.00e+00	0.00e+00	0.00e+00	0.00e+00	0.00e+00	9.94e-01	2.48e-08	1.04e-08
 6.48895e+22	9.94e-01	5.80e-03	6.00e-07	0.00e+00	0.00e+00	0.00e+00	0.00e+00	0.00e+00	0.00e+00	9.94e-01	2.42e-08	1.01e-08
 6.49440e+22	9.94e-01	5.65e-03	5.88e-07	0.00e+00	0.00e+00	0.00e+00	0.00e+00	0.00e+00	0.00e+00	9.94e-01	2.38e-08	9.83e-09
