#depth	H	H+	H2
 4.62852e+21	2.94e-05	1.00e+00	1.12e-26
 1.04343e+22	4.36e-05	1.00e+00	7.61e-26
 1.22002e+22	5.31e-05	1.00e+00	1.97e-25
 1.32316e+22	6.16e-05	1.00e+00	4.00e-25
 1.38405e+22	6.52e-05	1.00e+00	5.08e-25
 1.42226e+22	6.99e-05	1.00e+00	7.11e-25
 1.46433e+22	7.51e-05	1.00e+00	9.95e-25
 1.50418e+22	8.01e-05	1.00e+00	1.36e-24
 1.54016e+22	8.47e-05	1.00e+00	1.77e-24
 1.57836e+22	9.10e-05	1.00e+00	2.49e-24
 1.62091e+22	9.78e-05	1.00e+00	3.59e-24
 1.66275e+22	1.05e-04	1.00e+00	5.00e-24
 1.70028e+22	1.11e-04	1.00e+00	6.51e-24
 1.73862e+22	1.19e-04	1.00e+00	9.19e-24
 1.77709e+22	1.26e-04	1.00e+00	1.20e-23
 1.81572e+22	1.36e-04	1.00e+00	1.67e-23
 1.85512e+22	1.44e-04	1.00e+00	2.16e-23
 1.88938e+22	1.52e-04	1.00e+00	2.81e-23
 1.92778e+22	1.63e-04	1.00e+00	3.92e-23
 1.96725e+22	1.74e-04	1.00e+00	5.22e-23
 2.00215e+22	1.84e-04	1.00e+00	6.81e-23
 2.04154e+22	1.97e-04	1.00e+00	9.56e-23
 2.08228e+22	2.10e-04	1.00e+00	1.29e-22
 2.11863e+22	2.23e-04	1.00e+00	1.70e-22
 2.15977e+22	2.40e-04	1.00e+00	2.43e-22
 2.20243e+22	2.56e-04	1.00e+00	3.32e-22
 2.24062e+22	2.72e-04	1.00e+00	4.47e-22
 2.28385e+22	2.94e-04	1.00e+00	6.57e-22
 2.32801e+22	3.13e-04	1.00e+00	9.01e-22
 2.37339e+22	3.40e-04	1.00e+00	1.36e-21
 2.41920e+22	3.62e-04	1.00e+00	1.88e-21
 2.45749e+22	3.84e-04	1.00e+00	2.56e-21
 2.49342e+22	4.06e-04	1.00e+00	3.48e-21
 2.53437e+22	4.34e-04	1.00e+00	5.03e-21
 2.57668e+22	4.62e-04	1.00e+00	7.14e-21
 2.61375e+22	4.90e-04	1.00e+00	1.01e-20
 2.65496e+22	5.26e-04	9.99e-01	1.54e-20
 2.69669e+22	5.57e-04	9.99e-01	2.19e-20
 2.73912e+22	5.98e-04	9.99e-01	3.32e-20
 2.78244e+22	6.35e-04	9.99e-01	4.80e-20
 2.82102e+22	6.73e-04	9.99e-01	7.00e-20
 2.86524e+22	7.27e-04	9.99e-01	1.21e-19
 2.90929e+22	7.71e-04	9.99e-01	1.79e-19
 2.95314e+22	8.26e-04	9.99e-01	2.80e-19
 2.99879e+22	8.82e-04	9.99e-01	4.42e-19
 3.03964e+22	9.39e-04	9.99e-01	7.37e-19
 3.08559e+22	1.01e-03	9.99e-01	1.44e-18
 3.13216e+22	1.08e-03	9.99e-01	3.24e-18
 3.17956e+22	1.17e-03	9.99e-01	6.58e-18
 3.21305e+22	1.20e-03	9.99e-01	1.36e-17
 3.22845e+22	1.23e-03	9.99e-01	3.17e-17
 3.24847e+22	1.27e-03	9.99e-01	5.55e-17
 3.27451e+22	1.32e-03	9.99e-01	1.14e-16
 3.30835e+22	1.40e-03	9.99e-01	1.05e-15
 3.35234e+22	1.51e-03	9.98e-01	4.14e-15
 3.39797e+22	1.60e-03	9.98e-01	8.77e-15
 3.44570e+22	1.73e-03	9.98e-01	1.65e-14
 3.48744e+22	1.81e-03	9.98e-01	2.26e-14
 3.52137e+22	1.92e-03	9.98e-01	3.05e-14
 3.55653e+22	2.01e-03	9.98e-01	3.82e-14
 3.58837e+22	2.11e-03	9.98e-01	4.65e-14
 3.62488e+22	2.23e-03	9.98e-01	5.87e-14
 3.66226e+22	2.34e-03	9.98e-01	7.14e-14
 3.69533e+22	2.46e-03	9.98e-01	8.60e-14
 3.73288e+22	2.62e-03	9.97e-01	1.09e-13
 3.77070e+22	2.75e-03	9.97e-01	1.31e-13
 3.80887e+22	2.92e-03	9.97e-01	1.65e-13
 3.84821e+22	3.08e-03	9.97e-01	2.01e-13
 3.88219e+22	3.23e-03	9.97e-01	2.41e-13
 3.91949e+22	3.42e-03	9.97e-01	3.00e-13
 3.95936e+22	3.62e-03	9.96e-01	3.70e-13
 3.99660e+22	3.81e-03	9.96e-01	4.51e-13
 4.03903e+22	4.07e-03	9.96e-01	5.78e-13
 4.08236e+22	4.32e-03	9.96e-01	7.17e-13
 4.12061e+22	4.55e-03	9.95e-01	8.76e-13
 4.16406e+22	4.88e-03	9.95e-01	1.13e-12
 4.20825e+22	5.16e-03	9.95e-01	1.40e-12
 4.25340e+22	5.55e-03	9.94e-01	1.83e-12
 4.29874e+22	5.86e-03	9.94e-01	2.25e-12
 4.34434e+22	6.31e-03	9.94e-01	2.94e-12
 4.39086e+22	6.68e-03	9.93e-01	3.64e-12
 4.43858e+22	7.20e-03	9.93e-01	4.80e-12
 4.48740e+22	7.64e-03	9.92e-01	5.98e-12
 4.53765e+22	8.30e-03	9.92e-01	8.06e-12
 4.58830e+22	8.80e-03	9.91e-01	1.01e-11
 4.63946e+22	9.59e-03	9.90e-01	1.36e-11
 4.69198e+22	1.02e-02	9.90e-01	1.73e-11
 4.73353e+22	1.08e-02	9.89e-01	2.08e-11
 4.77480e+22	1.15e-02	9.88e-01	2.63e-11
 4.81643e+22	1.21e-02	9.88e-01	3.19e-11
 4.85854e+22	1.30e-02	9.87e-01	4.05e-11
 4.90162e+22	1.38e-02	9.86e-01	4.98e-11
 4.94005e+22	1.46e-02	9.85e-01	6.10e-11
 4.98411e+22	1.57e-02	9.84e-01	7.90e-11
 5.02917e+22	1.68e-02	9.83e-01	9.90e-11
 5.06888e+22	1.79e-02	9.82e-01	1.23e-10
 5.11384e+22	1.96e-02	9.80e-01	1.65e-10
 5.15948e+22	2.10e-02	9.79e-01	2.08e-10
 5.19949e+22	2.26e-02	9.77e-01	2.63e-10
 5.24500e+22	2.49e-02	9.75e-01	3.58e-10
 5.29166e+22	2.72e-02	9.73e-01	4.76e-10
 5.33074e+22	2.96e-02	9.70e-01	6.14e-10
 5.37248e+22	3.30e-02	9.67e-01	8.49e-10
 5.41637e+22	3.68e-02	9.63e-01	1.16e-09
 5.45505e+22	4.10e-02	9.59e-01	1.57e-09
 5.49008e+22	4.55e-02	9.55e-01	2.10e-09
 5.52333e+22	5.09e-02	9.49e-01	2.84e-09
 5.55651e+22	5.75e-02	9.43e-01	3.92e-09
 5.58939e+22	6.58e-02	9.34e-01	5.53e-09
 5.61072e+22	7.08e-02	9.29e-01	6.58e-09
 5.61869e+22	7.32e-02	9.27e-01	7.14e-09
 5.62508e+22	7.54e-02	9.25e-01	7.68e-09
 5.63288e+22	7.84e-02	9.22e-01	8.45e-09
 5.64149e+22	8.19e-02	9.18e-01	9.41e-09
 5.64953e+22	8.53e-02	9.15e-01	1.04e-08
 5.65698e+22	8.87e-02	9.11e-01	1.14e-08
 5.66436e+22	9.23e-02	9.08e-01	1.25e-08
 5.67181e+22	9.62e-02	9.04e-01	1.38e-08
 5.67915e+22	1.00e-01	9.00e-01	1.52e-08
 5.68647e+22	1.05e-01	8.95e-01	1.68e-08
 5.69357e+22	1.09e-01	8.91e-01	1.85e-08
 5.70036e+22	1.14e-01	8.86e-01	2.04e-08
 5.70709e+22	1.18e-01	8.82e-01	2.24e-08
 5.71391e+22	1.24e-01	8.76e-01	2.48e-08
 5.72067e+22	1.29e-01	8.71e-01	2.74e-08
 5.72711e+22	1.35e-01	8.65e-01	3.04e-08
 5.73326e+22	1.41e-01	8.59e-01	3.31e-08
 5.73954e+22	1.47e-01	8.53e-01	3.68e-08
 5.74591e+22	1.54e-01	8.46e-01	4.07e-08
 5.75196e+22	1.61e-01	8.39e-01	4.50e-08
 5.75782e+22	1.68e-01	8.32e-01	4.94e-08
 5.76367e+22	1.76e-01	8.24e-01	5.51e-08
 5.76933e+22	1.84e-01	8.16e-01	6.02e-08
 5.77496e+22	1.92e-01	8.08e-01	6.67e-08
 5.78068e+22	2.01e-01	7.99e-01	7.42e-08
 5.78606e+22	2.10e-01	7.90e-01	8.17e-08
 5.79131e+22	2.19e-01	7.81e-01	8.99e-08
 5.79666e+22	2.29e-01	7.71e-01	9.93e-08
 5.80203e+22	2.39e-01	7.61e-01	1.08e-07
 5.80762e+22	2.51e-01	7.49e-01	1.21e-07
 5.81313e+22	2.62e-01	7.38e-01	1.34e-07
 5.81831e+22	2.74e-01	7.26e-01	1.48e-07
 5.82339e+22	2.86e-01	7.14e-01	1.62e-07
 5.82855e+22	2.99e-01	7.01e-01	1.80e-07
 5.83380e+22	3.13e-01	6.87e-01	2.00e-07
 5.83881e+22	3.26e-01	6.74e-01	2.20e-07
 5.84372e+22	3.39e-01	6.61e-01	2.41e-07
 5.84880e+22	3.54e-01	6.46e-01	2.66e-07
 5.85397e+22	3.69e-01	6.31e-01	2.93e-07
 5.85916e+22	3.85e-01	6.15e-01	3.25e-07
 5.86427e+22	4.01e-01	5.99e-01	3.58e-07
 5.86935e+22	4.17e-01	5.83e-01	3.93e-07
 5.87455e+22	4.34e-01	5.66e-01	4.33e-07
 5.87987e+22	4.52e-01	5.48e-01	4.77e-07
 5.88524e+22	4.70e-01	5.30e-01	5.26e-07
 5.89065e+22	4.88e-01	5.12e-01	5.79e-07
 5.89614e+22	5.06e-01	4.94e-01	6.36e-07
 5.90177e+22	5.25e-01	4.75e-01	6.99e-07
 5.90755e+22	5.45e-01	4.55e-01	7.68e-07
 5.91243e+22	5.60e-01	4.40e-01	8.21e-07
 5.91602e+22	5.72e-01	4.28e-01	8.66e-07
 5.91946e+22	5.83e-01	4.17e-01	9.12e-07
 5.92326e+22	5.95e-01	4.05e-01	9.65e-07
 5.92733e+22	6.08e-01	3.92e-01	1.02e-06
 5.93135e+22	6.20e-01	3.80e-01	1.08e-06
 5.93525e+22	6.31e-01	3.69e-01	1.14e-06
 5.93921e+22	6.43e-01	3.57e-01	1.20e-06
 5.94331e+22	6.55e-01	3.45e-01	1.26e-06
 5.94739e+22	6.66e-01	3.34e-01	1.33e-06
 5.95148e+22	6.77e-01	3.23e-01	1.39e-06
 5.95567e+22	6.88e-01	3.12e-01	1.46e-06
 5.95996e+22	6.99e-01	3.01e-01	1.53e-06
 5.96431e+22	7.10e-01	2.90e-01	1.60e-06
 5.96871e+22	7.20e-01	2.80e-01	1.67e-06
 5.97311e+22	7.30e-01	2.70e-01	1.75e-06
 5.97757e+22	7.40e-01	2.60e-01	1.82e-06
 5.98219e+22	7.49e-01	2.51e-01	1.90e-06
 5.98692e+22	7.59e-01	2.41e-01	1.98e-06
 5.99167e+22	7.68e-01	2.32e-01	2.06e-06
 5.99647e+22	7.76e-01	2.24e-01	2.13e-06
 6.00144e+22	7.85e-01	2.15e-01	2.22e-06
 6.00650e+22	7.94e-01	2.06e-01	2.30e-06
 6.01161e+22	8.02e-01	1.98e-01	2.38e-06
 6.01681e+22	8.10e-01	1.90e-01	2.47e-06
 6.02216e+22	8.17e-01	1.83e-01	2.55e-06
 6.02765e+22	8.25e-01	1.75e-01	2.64e-06
 6.03325e+22	8.32e-01	1.68e-01	2.73e-06
 6.03883e+22	8.39e-01	1.61e-01	2.81e-06
 6.04441e+22	8.46e-01	1.54e-01	2.90e-06
 6.05014e+22	8.52e-01	1.48e-01	2.98e-06
 6.05599e+22	8.58e-01	1.42e-01	3.07e-06
 6.06190e+22	8.64e-01	1.36e-01	3.15e-06
 6.06779e+22	8.70e-01	1.30e-01	3.22e-06
 6.07364e+22	8.75e-01	1.25e-01	3.30e-06
 6.07948e+22	8.80e-01	1.20e-01	3.37e-06
 6.08546e+22	8.85e-01	1.15e-01	3.44e-06
 6.09147e+22	8.90e-01	1.10e-01	3.50e-06
 6.09741e+22	8.95e-01	1.05e-01	3.56e-06
 6.10334e+22	8.99e-01	1.01e-01	3.61e-06
 6.10926e+22	9.03e-01	9.69e-02	3.66e-06
 6.11518e+22	9.07e-01	9.30e-02	3.70e-06
 6.12109e+22	9.11e-01	8.92e-02	3.73e-06
 6.12697e+22	9.14e-01	8.56e-02	3.75e-06
 6.13279e+22	9.18e-01	8.21e-02	3.77e-06
 6.13859e+22	9.21e-01	7.89e-02	3.78e-06
 6.14430e+22	9.24e-01	7.58e-02	3.78e-06
 6.14977e+22	9.27e-01	7.29e-02	3.77e-06
 6.15492e+22	9.30e-01	7.04e-02	3.76e-06
 6.15976e+22	9.32e-01	6.81e-02	3.75e-06
 6.16435e+22	9.34e-01	6.60e-02	3.73e-06
 6.16872e+22	9.36e-01	6.40e-02	3.69e-06
 6.17289e+22	9.38e-01	6.22e-02	3.64e-06
 6.17688e+22	9.40e-01	6.04e-02	3.60e-06
 6.18062e+22	9.41e-01	5.88e-02	3.55e-06
 6.18411e+22	9.43e-01	5.74e-02	3.51e-06
 6.18753e+22	9.44e-01	5.60e-02	3.46e-06
 6.19092e+22	9.45e-01	5.46e-02	3.41e-06
 6.19418e+22	9.47e-01	5.33e-02	3.36e-06
 6.19720e+22	9.48e-01	5.22e-02	3.32e-06
 6.19996e+22	9.49e-01	5.11e-02	3.27e-06
 6.20246e+22	9.50e-01	5.02e-02	3.23e-06
 6.20474e+22	9.51e-01	4.93e-02	3.19e-06
 6.20682e+22	9.51e-01	4.86e-02	3.15e-06
 6.20871e+22	9.52e-01	4.79e-02	3.11e-06
 6.21043e+22	9.53e-01	4.74e-02	3.08e-06
 6.21231e+22	9.53e-01	4.66e-02	3.05e-06
 6.21434e+22	9.54e-01	4.61e-02	3.02e-06
 6.21657e+22	9.55e-01	4.51e-02	2.97e-06
 6.21898e+22	9.56e-01	4.43e-02	2.92e-06
 6.22116e+22	9.57e-01	4.35e-02	2.88e-06
 6.22316e+22	9.57e-01	4.28e-02	2.85e-06
 6.22497e+22	9.58e-01	4.23e-02	2.82e-06
 6.22662e+22	9.58e-01	4.17e-02	2.78e-06
 6.22812e+22	9.59e-01	4.13e-02	2.76e-06
 6.22976e+22	9.59e-01	4.08e-02	2.73e-06
 6.23154e+22	9.60e-01	4.03e-02	2.71e-06
 6.23349e+22	9.60e-01	3.97e-02	2.67e-06
 6.23559e+22	9.61e-01	3.91e-02	2.64e-06
 6.23750e+22	9.61e-01	3.87e-02	2.62e-06
 6.23959e+22	9.62e-01	3.80e-02	2.58e-06
 6.24185e+22	9.63e-01	3.74e-02	2.55e-06
 6.24391e+22	9.63e-01	3.69e-02	2.52e-06
 6.24578e+22	9.64e-01	3.64e-02	2.50e-06
 6.24784e+22	9.64e-01	3.59e-02	2.47e-06
 6.25005e+22	9.65e-01	3.53e-02	2.43e-06
 6.25207e+22	9.65e-01	3.49e-02	2.41e-06
 6.25390e+22	9.66e-01	3.45e-02	2.38e-06
 6.25591e+22	9.66e-01	3.40e-02	2.35e-06
 6.25808e+22	9.66e-01	3.35e-02	2.32e-06
 6.26006e+22	9.67e-01	3.30e-02	2.29e-06
 6.26185e+22	9.67e-01	3.26e-02	2.27e-06
 6.26382e+22	9.68e-01	3.22e-02	2.24e-06
 6.26595e+22	9.68e-01	3.16e-02	2.21e-06
 6.26788e+22	9.69e-01	3.13e-02	2.18e-06
 6.26964e+22	9.69e-01	3.09e-02	2.16e-06
 6.27125e+22	9.69e-01	3.05e-02	2.13e-06
 6.27270e+22	9.70e-01	3.03e-02	2.11e-06
 6.27430e+22	9.70e-01	3.00e-02	2.08e-06
 6.27603e+22	9.70e-01	2.96e-02	2.06e-06
 6.27759e+22	9.71e-01	2.94e-02	2.04e-06
 6.27931e+22	9.71e-01	2.90e-02	2.01e-06
 6.28117e+22	9.71e-01	2.86e-02	1.98e-06
 6.28286e+22	9.72e-01	2.84e-02	1.97e-06
 6.28471e+22	9.72e-01	2.80e-02	1.93e-06
 6.28671e+22	9.72e-01	2.76e-02	1.91e-06
 6.28853e+22	9.73e-01	2.73e-02	1.89e-06
 6.29052e+22	9.73e-01	2.70e-02	1.86e-06
 6.29267e+22	9.73e-01	2.67e-02	1.84e-06
 6.29503e+22	9.74e-01	2.63e-02	1.81e-06
 6.29758e+22	9.74e-01	2.59e-02	1.79e-06
 6.29989e+22	9.74e-01	2.55e-02	1.77e-06
 6.30200e+22	9.75e-01	2.52e-02	1.74e-06
 6.30392e+22	9.75e-01	2.50e-02	1.73e-06
 6.30602e+22	9.75e-01	2.47e-02	1.71e-06
 6.30829e+22	9.76e-01	2.44e-02	1.69e-06
 6.31078e+22	9.76e-01	2.41e-02	1.67e-06
 6.31346e+22	9.76e-01	2.37e-02	1.65e-06
 6.31591e+22	9.77e-01	2.34e-02	1.63e-06
 6.31813e+22	9.77e-01	2.31e-02	1.60e-06
 6.32015e+22	9.77e-01	2.30e-02	1.59e-06
 6.32237e+22	9.77e-01	2.27e-02	1.58e-06
 6.32476e+22	9.78e-01	2.24e-02	1.56e-06
 6.32694e+22	9.78e-01	2.22e-02	1.54e-06
 6.32933e+22	9.78e-01	2.19e-02	1.52e-06
 6.33190e+22	9.78e-01	2.16e-02	1.51e-06
 6.33425e+22	9.79e-01	2.14e-02	1.49e-06
 6.33638e+22	9.79e-01	2.12e-02	1.48e-06
 6.33872e+22	9.79e-01	2.10e-02	1.47e-06
 6.34176e+22	9.79e-01	2.06e-02	1.45e-06
 6.34504e+22	9.80e-01	2.03e-02	1.43e-06
 6.34802e+22	9.80e-01	2.00e-02	1.41e-06
 6.35074e+22	9.80e-01	1.97e-02	1.39e-06
 6.35321e+22	9.80e-01	1.96e-02	1.39e-06
 6.35592e+22	9.81e-01	1.93e-02	1.37e-06
 6.35885e+22	9.81e-01	1.91e-02	1.36e-06
 6.36151e+22	9.81e-01	1.89e-02	1.35e-06
 6.36442e+22	9.81e-01	1.86e-02	1.33e-06
 6.36757e+22	9.82e-01	1.84e-02	1.32e-06
 6.37044e+22	9.82e-01	1.82e-02	1.31e-06
 6.37358e+22	9.82e-01	1.79e-02	1.30e-06
 6.37697e+22	9.82e-01	1.77e-02	1.29e-06
 6.38005e+22	9.83e-01	1.75e-02	1.28e-06
 6.38343e+22	9.83e-01	1.72e-02	1.26e-06
 6.38708e+22	9.83e-01	1.70e-02	1.25e-06
 6.39040e+22	9.83e-01	1.68e-02	1.24e-06
 6.39404e+22	9.83e-01	1.65e-02	1.23e-06
 6.39797e+22	9.84e-01	1.63e-02	1.22e-06
 6.40155e+22	9.84e-01	1.60e-02	1.21e-06
 6.40480e+22	9.84e-01	1.59e-02	1.20e-06
 6.40836e+22	9.84e-01	1.57e-02	1.19e-06
 6.41221e+22	9.85e-01	1.54e-02	1.18e-06
 6.41571e+22	9.85e-01	1.53e-02	1.17e-06
 6.41955e+22	9.85e-01	1.51e-02	1.16e-06
 6.42369e+22	9.85e-01	1.48e-02	1.15e-06
 6.42746e+22	9.85e-01	1.46e-02	1.15e-06
 6.43160e+22	9.86e-01	1.44e-02	1.13e-06
 6.43606e+22	9.86e-01	1.42e-02	1.13e-06
 6.44011e+22	9.86e-01	1.40e-02	1.12e-06
 6.44381e+22	9.86e-01	1.39e-02	1.11e-06
 6.44785e+22	9.86e-01	1.37e-02	1.10e-06
 6.45222e+22	9.87e-01	1.35e-02	1.09e-06
 6.45620e+22	9.87e-01	1.33e-02	1.09e-06
 6.46056e+22	9.87e-01	1.31e-02	1.08e-06
 6.46526e+22	9.87e-01	1.29e-02	1.07e-06
 6.46954e+22	9.87e-01	1.27e-02	1.07e-06
 6.47423e+22	9.87e-01	1.26e-02	1.06e-06
 6.47929e+22	9.88e-01	1.23e-02	1.05e-06
 6.48390e+22	9.88e-01	1.22e-02	1.05e-06
 6.48895e+22	9.88e-01	1.20e-02	1.04e-06
 6.49440e+22	9.88e-01	1.18e-02	1.04e-06
 6.49936e+22	9.88e-01	1.16e-02	1.03e-06
 6.50388e+22	9.89e-01	1.15e-02	1.02e-06
 6.50882e+22	9.89e-01	1.13e-02	1.02e-06
 6.51416e+22	9.89e-01	1.11e-02	1.01e-06
 6.51902e+22	9.89e-01	1.10e-02	1.01e-06
 6.52435e+22	9.89e-01	1.08e-02	9.99e-07
 6.53010e+22	9.89e-01	1.06e-02	9.94e-07
 6.53533e+22	9.90e-01	1.05e-02	9.90e-07
 6.54106e+22	9.90e-01	1.03e-02	9.85e-07
 6.54725e+22	9.90e-01	1.01e-02	9.82e-07
 6.55288e+22	9.90e-01	9.95e-03	9.77e-07
 6.55801e+22	9.90e-01	9.83e-03	9.72e-07
 6.56362e+22	9.90e-01	9.69e-03	9.66e-07
 6.56969e+22	9.90e-01	9.51e-03	9.63e-07
 6.57520e+22	9.91e-01	9.37e-03	9.58e-07
 6.58125e+22	9.91e-01	9.23e-03	9.54e-07
 6.58911e+22	9.91e-01	9.00e-03	9.51e-07
 6.59808e+22	9.91e-01	8.74e-03	9.47e-07
 6.60687e+22	9.91e-01	8.53e-03	9.44e-07
 6.61555e+22	9.92e-01	8.34e-03	9.37e-07
 6.62431e+22	9.92e-01	8.15e-03	9.33e-07
 6.63316e+22	9.92e-01	7.97e-03	9.28e-07
 6.64224e+22	9.92e-01	7.78e-03	9.24e-07
 6.65142e+22	9.92e-01	7.59e-03	9.19e-07
 6.66058e+22	9.93e-01	7.42e-03	9.15e-07
 6.66981e+22	9.93e-01	7.24e-03	9.11e-07
 6.67915e+22	9.93e-01	7.07e-03	9.07e-07
 6.68859e+22	9.93e-01	6.90e-03	9.03e-07
 6.69812e+22	9.93e-01	6.73e-03	9.00e-07
 6.70772e+22	9.93e-01	6.57e-03	8.96e-07
 6.71740e+22	9.94e-01	6.41e-03	8.93e-07
 6.72716e+22	9.94e-01	6.25e-03	8.90e-07
 6.73699e+22	9.94e-01	6.10e-03	8.87e-07
 6.74693e+22	9.94e-01	5.95e-03	8.85e-07
 6.75697e+22	9.94e-01	5.80e-03	8.82e-07
 6.76710e+22	9.94e-01	5.65e-03	8.80e-07
 6.77731e+22	9.94e-01	5.51e-03	8.78e-07
 6.78761e+22	9.95e-01	5.37e-03	8.76e-07
 6.79802e+22	9.95e-01	5.23e-03	8.74e-07
 6.80867e+22	9.95e-01	5.09e-03	8.73e-07
 6.81961e+22	9.95e-01	4.96e-03	8.72e-07
 6.83070e+22	9.95e-01	4.82e-03	8.71e-07
 6.84191e+22	9.95e-01	4.69e-03	8.72e-07
 6.85327e+22	9.95e-01	4.56e-03	8.72e-07
 6.86479e+22	9.96e-01	4.44e-03	8.73e-07
 6.87648e+22	9.96e-01	4.31e-03	8.74e-07
 6.88835e+22	9.96e-01	4.19e-03	8.75e-07
 6.90046e+22	9.96e-01	4.07e-03	8.77e-07
 6.91283e+22	9.96e-01	3.95e-03	8.79e-07
 6.92556e+22	9.96e-01	3.83e-03	8.81e-07
 6.93871e+22	9.96e-01	3.71e-03	8.84e-07
 6.95213e+22	9.96e-01	3.60e-03	8.87e-07
 6.96581e+22	9.97e-01	3.48e-03	8.91e-07
 6.97980e+22	9.97e-01	3.37e-03	8.95e-07
 6.99412e+22	9.97e-01	3.26e-03	8.99e-07
 7.00880e+22	9.97e-01	3.15e-03	9.04e-07
 7.02385e+22	9.97e-01	3.05e-03	9.10e-07
 7.03938e+22	9.97e-01	2.94e-03	9.16e-07
 7.05539e+22	9.97e-01	2.83e-03	9.24e-07
 7.07185e+22	9.97e-01	2.73e-03	9.31e-07
 7.08877e+22	9.97e-01	2.63e-03	9.40e-07
 7.10620e+22	9.97e-01	2.53e-03	9.50e-07
 7.12414e+22	9.98e-01	2.43e-03	9.60e-07
 7.14277e+22	9.98e-01	2.33e-03	9.72e-07
 7.16208e+22	9.98e-01	2.23e-03	9.86e-07
 7.18167e+22	9.98e-01	2.14e-03	1.00e-06
 7.20135e+22	9.98e-01	2.05e-03	1.02e-06
 7.22122e+22	9.98e-01	1.96e-03	1.03e-06
 7.24129e+22	9.98e-01	1.88e-03	1.05e-06
 7.26154e+22	9.98e-01	1.80e-03	1.07e-06
 7.28197e+22	9.98e-01	1.72e-03	1.09e-06
 7.30259e+22	9.98e-01	1.64e-03	1.12e-06
 7.32336e+22	9.98e-01	1.57e-03	1.14e-06
 7.34432e+22	9.98e-01	1.50e-03	1.17e-06
 7.36534e+22	9.99e-01	1.43e-03	1.20e-06
 7.38652e+22	9.99e-01	1.37e-03	1.23e-06
 7.40809e+22	9.99e-01	1.31e-03	1.27e-06
 7.42989e+22	9.99e-01	1.25e-03	1.31e-06
 7.45188e+22	9.99e-01	1.19e-03	1.35e-06
 7.47406e+22	9.99e-01	1.13e-03	1.40e-06
 7.49646e+22	9.99e-01	1.08e-03	1.45e-06
 7.51908e+22	9.99e-01	1.03e-03	1.51e-06
 7.54193e+22	9.99e-01	9.79e-04	1.58e-06
 7.56501e+22	9.99e-01	9.31e-04	1.66e-06
 7.58833e+22	9.99e-01	8.85e-04	1.74e-06
 7.61191e+22	9.99e-01	8.40e-04	1.83e-06
 7.63574e+22	9.99e-01	7.97e-04	1.94e-06
 7.65981e+22	9.99e-01	7.56e-04	2.07e-06
 7.68416e+22	9.99e-01	7.16e-04	2.21e-06
 7.70886e+22	9.99e-01	6.78e-04	2.37e-06
 7.73365e+22	9.99e-01	6.42e-04	2.56e-06
 7.75773e+22	9.99e-01	6.09e-04	2.78e-06
 7.78027e+22	9.99e-01	5.80e-04	3.02e-06
 7.80124e+22	9.99e-01	5.53e-04	3.27e-06
 7.82112e+22	9.99e-01	5.30e-04	3.55e-06
 7.84033e+22	9.99e-01	5.07e-04	3.86e-06
 7.85898e+22	1.00e+00	4.86e-04	4.20e-06
 7.87694e+22	1.00e+00	4.67e-04	4.58e-06
 7.89408e+22	1.00e+00	4.49e-04	4.99e-06
 7.91048e+22	1.00e+00	4.33e-04	5.44e-06
 7.92626e+22	1.00e+00	4.17e-04	5.94e-06
 7.94156e+22	1.00e+00	4.03e-04	6.48e-06
 7.95642e+22	1.00e+00	3.89e-04	7.08e-06
 7.97087e+22	1.00e+00	3.77e-04	7.73e-06
 7.98493e+22	1.00e+00	3.64e-04	8.45e-06
 7.99863e+22	1.00e+00	3.53e-04	9.23e-06
 8.01205e+22	1.00e+00	3.42e-04	1.01e-05
 8.02526e+22	1.00e+00	3.31e-04	1.10e-05
 8.03832e+22	1.00e+00	3.21e-04	1.20e-05
 8.05127e+22	1.00e+00	3.11e-04	1.31e-05
 8.06416e+22	1.00e+00	3.01e-04	1.43e-05
 8.07704e+22	1.00e+00	2.92e-04	1.56e-05
 8.09000e+22	1.00e+00	2.82e-04	1.70e-05
 8.10308e+22	1.00e+00	2.73e-04	1.85e-05
 8.11637e+22	1.00e+00	2.64e-04	2.01e-05
 8.12999e+22	1.00e+00	2.55e-04	2.19e-05
 8.14403e+22	1.00e+00	2.47e-04	2.37e-05
 8.15855e+22	1.00e+00	2.38e-04	2.57e-05
 8.17365e+22	1.00e+00	2.28e-04	2.78e-05
 8.18948e+22	1.00e+00	2.19e-04	3.00e-05
 8.20618e+22	1.00e+00	2.10e-04	3.24e-05
 8.22390e+22	1.00e+00	2.00e-04	3.48e-05
 8.24279e+22	1.00e+00	1.90e-04	3.74e-05
 8.26303e+22	1.00e+00	1.80e-04	4.00e-05
 8.28482e+22	1.00e+00	1.69e-04	4.27e-05
 8.30837e+22	1.00e+00	1.59e-04	4.55e-05
 8.33388e+22	1.00e+00	1.48e-04	4.83e-05
 8.36155e+22	1.00e+00	1.37e-04	5.10e-05
 8.39168e+22	1.00e+00	1.25e-04	5.38e-05
 8.42459e+22	1.00e+00	1.14e-04	5.64e-05
 8.46057e+22	1.00e+00	1.02e-04	5.89e-05
 8.49989e+22	1.00e+00	9.09e-05	6.13e-05
 8.54276e+22	1.00e+00	7.97e-05	6.34e-05
 8.58941e+22	1.00e+00	6.89e-05	6.54e-05
 8.63991e+22	1.00e+00	5.86e-05	6.70e-05
 8.69414e+22	1.00e+00	4.92e-05	6.85e-05
 8.75166e+22	1.00e+00	4.07e-05	6.99e-05
 8.81177e+22	1.00e+00	3.33e-05	7.11e-05
 8.87364e+22	1.00e+00	2.71e-05	7.24e-05
 8.93634e+22	1.00e+00	2.18e-05	7.38e-05
 8.99904e+22	1.00e+00	1.76e-05	7.53e-05
 9.06095e+22	1.00e+00	1.42e-05	7.71e-05
 9.12136e+22	1.00e+00	1.14e-05	7.93e-05
 9.17745e+22	1.00e+00	9.38e-06	8.18e-05
 9.22339e+22	1.00e+00	8.01e-06	8.45e-05
 9.25001e+22	1.00e+00	7.45e-06	8.63e-05
