#depth	N	N+	N+2	N+3	N+4	N+5	N+6	N+7
 1.54284e+22	1.14e-11	2.06e-07	1.02e-04	3.78e-03	1.91e-02	4.29e-01	4.47e-01	1.01e-01
 3.44511e+22	2.55e-11	4.63e-07	2.33e-04	8.00e-03	3.41e-02	5.23e-01	3.76e-01	5.89e-02
 3.98425e+22	3.72e-11	6.74e-07	3.39e-04	1.11e-02	4.37e-02	5.61e-01	3.39e-01	4.48e-02
 4.25383e+22	4.47e-11	8.11e-07	4.08e-04	1.29e-02	4.91e-02	5.78e-01	3.21e-01	3.89e-02
 4.38257e+22	4.86e-11	8.79e-07	4.42e-04	1.38e-02	5.16e-02	5.85e-01	3.13e-01	3.66e-02
 4.47202e+22	5.39e-11	9.73e-07	4.90e-04	1.50e-02	5.48e-02	5.93e-01	3.03e-01	3.38e-02
 4.56719e+22	5.91e-11	1.07e-06	5.36e-04	1.61e-02	5.79e-02	6.00e-01	2.94e-01	3.15e-02
 4.66981e+22	6.67e-11	1.20e-06	6.01e-04	1.76e-02	6.18e-02	6.09e-01	2.83e-01	2.88e-02
 4.77435e+22	7.34e-11	1.32e-06	6.60e-04	1.90e-02	6.53e-02	6.15e-01	2.73e-01	2.67e-02
 4.86693e+22	8.09e-11	1.45e-06	7.24e-04	2.04e-02	6.88e-02	6.21e-01	2.65e-01	2.48e-02
 4.97282e+22	9.13e-11	1.63e-06	8.14e-04	2.23e-02	7.35e-02	6.28e-01	2.53e-01	2.24e-02
 5.08092e+22	1.01e-10	1.80e-06	8.96e-04	2.40e-02	7.75e-02	6.33e-01	2.44e-01	2.07e-02
 5.19190e+22	1.16e-10	2.05e-06	1.01e-03	2.63e-02	8.25e-02	6.38e-01	2.33e-01	1.88e-02
 5.30774e+22	1.30e-10	2.29e-06	1.13e-03	2.84e-02	8.72e-02	6.42e-01	2.24e-01	1.72e-02
 5.41327e+22	1.45e-10	2.54e-06	1.25e-03	3.06e-02	9.20e-02	6.46e-01	2.15e-01	1.57e-02
 5.53379e+22	1.69e-10	2.93e-06	1.43e-03	3.37e-02	9.82e-02	6.49e-01	2.03e-01	1.40e-02
 5.65634e+22	1.90e-10	3.28e-06	1.59e-03	3.64e-02	1.03e-01	6.51e-01	1.94e-01	1.28e-02
 5.78150e+22	2.22e-10	3.79e-06	1.82e-03	4.00e-02	1.10e-01	6.53e-01	1.83e-01	1.13e-02
 5.90742e+22	2.53e-10	4.28e-06	2.03e-03	4.31e-02	1.16e-01	6.54e-01	1.75e-01	1.03e-02
 6.03429e+22	2.95e-10	4.94e-06	2.33e-03	4.74e-02	1.23e-01	6.54e-01	1.64e-01	9.09e-03
 6.16288e+22	3.40e-10	5.61e-06	2.60e-03	5.11e-02	1.29e-01	6.53e-01	1.56e-01	8.26e-03
 6.27633e+22	3.77e-10	6.30e-06	2.90e-03	5.49e-02	1.36e-01	6.51e-01	1.48e-01	7.46e-03
 6.38916e+22	4.30e-10	7.10e-06	3.23e-03	5.90e-02	1.42e-01	6.49e-01	1.41e-01	6.75e-03
 6.51854e+22	5.09e-10	8.27e-06	3.70e-03	6.45e-02	1.50e-01	6.45e-01	1.31e-01	5.94e-03
 6.64067e+22	5.75e-10	9.22e-06	4.07e-03	6.87e-02	1.55e-01	6.41e-01	1.25e-01	5.42e-03
 6.75337e+22	6.66e-10	1.05e-05	4.59e-03	7.41e-02	1.63e-01	6.36e-01	1.18e-01	4.83e-03
 6.86794e+22	7.52e-10	1.17e-05	5.05e-03	7.88e-02	1.69e-01	6.31e-01	1.12e-01	4.39e-03
 6.98495e+22	8.79e-10	1.35e-05	5.70e-03	8.50e-02	1.76e-01	6.24e-01	1.05e-01	3.90e-03
 7.10638e+22	1.01e-09	1.52e-05	6.33e-03	9.08e-02	1.83e-01	6.18e-01	9.87e-02	3.50e-03
 7.21497e+22	1.17e-09	1.71e-05	6.99e-03	9.65e-02	1.89e-01	6.11e-01	9.33e-02	3.17e-03
 7.33756e+22	1.38e-09	1.97e-05	7.91e-03	1.04e-01	1.97e-01	6.02e-01	8.68e-02	2.79e-03
 7.46568e+22	1.60e-09	2.24e-05	8.83e-03	1.11e-01	2.04e-01	5.92e-01	8.12e-02	2.47e-03
 7.58119e+22	1.80e-09	2.53e-05	9.78e-03	1.18e-01	2.11e-01	5.83e-01	7.62e-02	2.22e-03
 7.71155e+22	2.15e-09	2.95e-05	1.11e-02	1.27e-01	2.19e-01	5.71e-01	7.02e-02	1.92e-03
 7.84621e+22	2.51e-09	3.37e-05	1.24e-02	1.36e-01	2.26e-01	5.59e-01	6.51e-02	1.69e-03
 7.96619e+22	2.91e-09	3.82e-05	1.38e-02	1.44e-01	2.32e-01	5.47e-01	6.07e-02	1.50e-03
 8.10189e+22	3.51e-09	4.48e-05	1.57e-02	1.55e-01	2.40e-01	5.32e-01	5.54e-02	1.29e-03
 8.24269e+22	4.14e-09	5.15e-05	1.76e-02	1.66e-01	2.47e-01	5.18e-01	5.10e-02	1.12e-03
 8.36905e+22	4.84e-09	5.88e-05	1.95e-02	1.76e-01	2.53e-01	5.04e-01	4.71e-02	9.84e-04
 8.51223e+22	5.92e-09	6.95e-05	2.23e-02	1.89e-01	2.60e-01	4.85e-01	4.24e-02	8.30e-04
 8.66025e+22	7.02e-09	8.02e-05	2.50e-02	2.01e-01	2.66e-01	4.69e-01	3.87e-02	7.15e-04
 8.79431e+22	8.32e-09	9.22e-05	2.78e-02	2.13e-01	2.71e-01	4.53e-01	3.53e-02	6.17e-04
 8.94833e+22	1.04e-08	1.10e-04	3.19e-02	2.28e-01	2.77e-01	4.31e-01	3.12e-02	5.08e-04
 9.10361e+22	1.23e-08	1.27e-04	3.56e-02	2.41e-01	2.81e-01	4.13e-01	2.82e-02	4.32e-04
 9.26053e+22	1.53e-08	1.52e-04	4.06e-02	2.57e-01	2.86e-01	3.91e-01	2.48e-02	3.55e-04
 9.42094e+22	1.85e-08	1.77e-04	4.55e-02	2.72e-01	2.89e-01	3.72e-01	2.21e-02	2.97e-04
 9.56187e+22	2.21e-08	2.03e-04	5.04e-02	2.85e-01	2.91e-01	3.54e-01	1.98e-02	2.51e-04
 9.72105e+22	2.77e-08	2.43e-04	5.74e-02	3.02e-01	2.92e-01	3.30e-01	1.72e-02	2.02e-04
 9.88420e+22	3.34e-08	2.82e-04	6.38e-02	3.17e-01	2.93e-01	3.11e-01	1.51e-02	1.67e-04
 1.00525e+23	4.24e-08	3.39e-04	7.25e-02	3.35e-01	2.92e-01	2.88e-01	1.29e-02	1.32e-04
 1.02235e+23	5.16e-08	3.94e-04	8.05e-02	3.49e-01	2.90e-01	2.68e-01	1.13e-02	1.08e-04
 1.03750e+23	6.25e-08	4.57e-04	8.89e-02	3.63e-01	2.88e-01	2.50e-01	9.84e-03	8.82e-05
 1.05489e+23	8.01e-08	5.51e-04	1.01e-01	3.80e-01	2.83e-01	2.27e-01	8.21e-03	6.77e-05
 1.07253e+23	9.77e-08	6.40e-04	1.11e-01	3.93e-01	2.79e-01	2.10e-01	7.07e-03	5.45e-05
 1.08786e+23	1.18e-07	7.37e-04	1.21e-01	4.05e-01	2.73e-01	1.94e-01	6.11e-03	4.42e-05
 1.10515e+23	1.51e-07	8.83e-04	1.36e-01	4.19e-01	2.66e-01	1.74e-01	5.03e-03	3.34e-05
 1.12166e+23	1.79e-07	1.00e-03	1.47e-01	4.28e-01	2.60e-01	1.61e-01	4.38e-03	2.75e-05
 1.13716e+23	2.22e-07	1.17e-03	1.61e-01	4.38e-01	2.51e-01	1.45e-01	3.66e-03	2.13e-05
 1.15277e+23	2.63e-07	1.32e-03	1.73e-01	4.45e-01	2.44e-01	1.33e-01	3.16e-03	1.74e-05
 1.16852e+23	3.28e-07	1.55e-03	1.89e-01	4.53e-01	2.34e-01	1.19e-01	2.61e-03	1.32e-05
 1.18457e+23	3.91e-07	1.75e-03	2.03e-01	4.59e-01	2.26e-01	1.08e-01	2.23e-03	1.06e-05
 1.20101e+23	4.89e-07	2.05e-03	2.21e-01	4.64e-01	2.15e-01	9.59e-02	1.81e-03	7.98e-06
 1.21765e+23	5.85e-07	2.32e-03	2.37e-01	4.67e-01	2.06e-01	8.65e-02	1.53e-03	6.30e-06
 1.23455e+23	7.37e-07	2.72e-03	2.57e-01	4.70e-01	1.94e-01	7.55e-02	1.22e-03	4.63e-06
 1.25145e+23	8.76e-07	3.06e-03	2.74e-01	4.70e-01	1.84e-01	6.79e-02	1.03e-03	3.64e-06
 1.26573e+23	1.03e-06	3.42e-03	2.89e-01	4.70e-01	1.76e-01	6.12e-02	8.68e-04	2.90e-06
 1.27899e+23	1.20e-06	3.79e-03	3.04e-01	4.68e-01	1.68e-01	5.55e-02	7.42e-04	2.34e-06
 1.29164e+23	1.38e-06	4.18e-03	3.18e-01	4.67e-01	1.60e-01	5.05e-02	6.36e-04	1.90e-06
 1.30618e+23	1.67e-06	4.74e-03	3.37e-01	4.63e-01	1.50e-01	4.44e-02	5.19e-04	1.44e-06
 1.32081e+23	1.93e-06	5.21e-03	3.53e-01	4.59e-01	1.42e-01	4.01e-02	4.42e-04	1.16e-06
 1.33554e+23	2.31e-06	5.88e-03	3.72e-01	4.54e-01	1.33e-01	3.52e-02	3.59e-04	8.75e-07
 1.35046e+23	2.68e-06	6.50e-03	3.88e-01	4.48e-01	1.25e-01	3.15e-02	3.01e-04	6.89e-07
 1.36356e+23	3.09e-06	7.13e-03	4.04e-01	4.42e-01	1.18e-01	2.82e-02	2.54e-04	5.48e-07
 1.37851e+23	3.69e-06	8.02e-03	4.24e-01	4.34e-01	1.09e-01	2.46e-02	2.05e-04	4.10e-07
 1.39376e+23	4.27e-06	8.82e-03	4.41e-01	4.26e-01	1.02e-01	2.18e-02	1.70e-04	3.20e-07
 1.40735e+23	4.95e-06	9.70e-03	4.57e-01	4.18e-01	9.59e-02	1.94e-02	1.42e-04	2.50e-07
 1.42294e+23	5.93e-06	1.09e-02	4.77e-01	4.07e-01	8.80e-02	1.67e-02	1.12e-04	1.83e-07
 1.43867e+23	6.89e-06	1.20e-02	4.94e-01	3.98e-01	8.18e-02	1.47e-02	9.22e-05	1.41e-07
 1.45249e+23	7.96e-06	1.32e-02	5.10e-01	3.88e-01	7.60e-02	1.30e-02	7.61e-05	0.00e+00
 1.46281e+23	8.56e-06	1.38e-02	5.18e-01	3.83e-01	7.32e-02	1.22e-02	6.89e-05	0.00e+00
 1.47065e+23	9.36e-06	1.46e-02	5.27e-01	3.77e-01	6.98e-02	1.13e-02	6.11e-05	0.00e+00
 1.48084e+23	1.05e-05	1.57e-02	5.40e-01	3.69e-01	6.58e-02	1.02e-02	5.23e-05	0.00e+00
 1.49408e+23	1.23e-05	1.73e-02	5.57e-01	3.57e-01	6.04e-02	8.83e-03	4.20e-05	0.00e+00
 1.50875e+23	1.40e-05	1.89e-02	5.71e-01	3.46e-01	5.59e-02	7.78e-03	3.47e-05	0.00e+00
 1.52526e+23	1.70e-05	2.13e-02	5.91e-01	3.31e-01	5.00e-02	6.49e-03	2.63e-05	0.00e+00
 1.54185e+23	1.97e-05	2.33e-02	6.06e-01	3.20e-01	4.59e-02	5.65e-03	2.12e-05	0.00e+00
 1.55855e+23	2.37e-05	2.61e-02	6.23e-01	3.05e-01	4.10e-02	4.72e-03	1.61e-05	0.00e+00
 1.57585e+23	2.75e-05	2.87e-02	6.38e-01	2.92e-01	3.73e-02	4.05e-03	1.28e-05	0.00e+00
 1.59393e+23	3.33e-05	3.23e-02	6.55e-01	2.76e-01	3.30e-02	3.34e-03	9.52e-06	0.00e+00
 1.61241e+23	3.91e-05	3.55e-02	6.69e-01	2.63e-01	2.96e-02	2.82e-03	7.38e-06	0.00e+00
 1.62644e+23	4.36e-05	3.79e-02	6.78e-01	2.54e-01	2.74e-02	2.51e-03	6.18e-06	0.00e+00
 1.63972e+23	5.02e-05	4.13e-02	6.89e-01	2.42e-01	2.49e-02	2.16e-03	4.93e-06	0.00e+00
 1.65329e+23	5.59e-05	4.41e-02	6.97e-01	2.33e-01	2.31e-02	1.92e-03	4.12e-06	0.00e+00
 1.66726e+23	6.46e-05	4.81e-02	7.08e-01	2.22e-01	2.08e-02	1.64e-03	3.24e-06	0.00e+00
 1.68141e+23	7.25e-05	5.15e-02	7.15e-01	2.12e-01	1.91e-02	1.44e-03	2.66e-06	0.00e+00
 1.69578e+23	8.39e-05	5.62e-02	7.24e-01	2.01e-01	1.72e-02	1.22e-03	2.08e-06	0.00e+00
 1.71034e+23	9.43e-05	6.02e-02	7.31e-01	1.92e-01	1.57e-02	1.07e-03	1.69e-06	0.00e+00
 1.72514e+23	1.09e-04	6.56e-02	7.39e-01	1.81e-01	1.40e-02	9.02e-04	1.31e-06	0.00e+00
 1.74028e+23	1.23e-04	7.04e-02	7.45e-01	1.71e-01	1.27e-02	7.80e-04	1.05e-06	0.00e+00
 1.75588e+23	1.44e-04	7.72e-02	7.51e-01	1.60e-01	1.13e-02	6.48e-04	7.99e-07	0.00e+00
 1.77156e+23	1.62e-04	8.27e-02	7.55e-01	1.51e-01	1.02e-02	5.58e-04	6.38e-07	0.00e+00
 1.78734e+23	1.88e-04	9.03e-02	7.59e-01	1.41e-01	9.00e-03	4.64e-04	4.83e-07	0.00e+00
 1.80360e+23	2.14e-04	9.71e-02	7.62e-01	1.32e-01	8.07e-03	3.94e-04	3.79e-07	0.00e+00
 1.82049e+23	2.52e-04	1.07e-01	7.64e-01	1.21e-01	7.02e-03	3.20e-04	2.77e-07	0.00e+00
 1.83751e+23	2.87e-04	1.15e-01	7.65e-01	1.13e-01	6.27e-03	2.71e-04	2.16e-07	0.00e+00
 1.85472e+23	3.38e-04	1.26e-01	7.64e-01	1.04e-01	5.42e-03	2.18e-04	1.57e-07	0.00e+00
 1.87215e+23	3.85e-04	1.36e-01	7.63e-01	9.59e-02	4.81e-03	1.83e-04	0.00e+00	0.00e+00
 1.88986e+23	4.57e-04	1.49e-01	7.59e-01	8.67e-02	4.13e-03	1.45e-04	0.00e+00	0.00e+00
 1.90769e+23	5.20e-04	1.60e-01	7.55e-01	7.98e-02	3.65e-03	1.21e-04	0.00e+00	0.00e+00
 1.92568e+23	6.20e-04	1.77e-01	7.48e-01	7.14e-02	3.11e-03	9.48e-05	0.00e+00	0.00e+00
 1.94372e+23	7.09e-04	1.90e-01	7.41e-01	6.51e-02	2.74e-03	7.81e-05	0.00e+00	0.00e+00
 1.96185e+23	8.48e-04	2.10e-01	7.29e-01	5.75e-02	2.31e-03	6.04e-05	0.00e+00	0.00e+00
 1.98004e+23	9.76e-04	2.27e-01	7.18e-01	5.19e-02	2.02e-03	4.92e-05	0.00e+00	0.00e+00
 1.99831e+23	1.17e-03	2.51e-01	7.01e-01	4.52e-02	1.69e-03	3.73e-05	0.00e+00	0.00e+00
 2.01659e+23	1.36e-03	2.71e-01	6.86e-01	4.03e-02	1.47e-03	2.99e-05	0.00e+00	0.00e+00
 2.03489e+23	1.64e-03	3.00e-01	6.63e-01	3.44e-02	1.22e-03	2.23e-05	0.00e+00	0.00e+00
 2.05320e+23	1.91e-03	3.24e-01	6.43e-01	3.02e-02	1.05e-03	1.75e-05	0.00e+00	0.00e+00
 2.07152e+23	2.34e-03	3.59e-01	6.12e-01	2.52e-02	8.55e-04	1.26e-05	0.00e+00	0.00e+00
 2.08983e+23	2.74e-03	3.88e-01	5.87e-01	2.17e-02	7.26e-04	9.66e-06	0.00e+00	0.00e+00
 2.10810e+23	3.35e-03	4.29e-01	5.49e-01	1.76e-02	5.83e-04	6.75e-06	0.00e+00	0.00e+00
 2.12656e+23	3.98e-03	4.65e-01	5.16e-01	1.47e-02	4.82e-04	4.94e-06	0.00e+00	0.00e+00
 2.14526e+23	4.91e-03	5.12e-01	4.71e-01	1.14e-02	3.74e-04	3.26e-06	0.00e+00	0.00e+00
 2.16418e+23	5.91e-03	5.54e-01	4.30e-01	9.09e-03	2.98e-04	2.24e-06	0.00e+00	0.00e+00
 2.18057e+23	7.06e-03	5.96e-01	3.89e-01	7.17e-03	2.36e-04	1.53e-06	0.00e+00	0.00e+00
 2.19470e+23	8.13e-03	6.30e-01	3.56e-01	5.86e-03	1.94e-04	1.11e-06	0.00e+00	0.00e+00
 2.20872e+23	9.59e-03	6.70e-01	3.16e-01	4.53e-03	1.50e-04	7.35e-07	0.00e+00	0.00e+00
 2.22346e+23	1.13e-02	7.07e-01	2.78e-01	3.48e-03	1.16e-04	4.84e-07	0.00e+00	0.00e+00
 2.23676e+23	1.32e-02	7.42e-01	2.42e-01	2.65e-03	8.88e-05	3.17e-07	0.00e+00	0.00e+00
 2.25168e+23	1.59e-02	7.82e-01	2.00e-01	1.85e-03	6.17e-05	1.80e-07	0.00e+00	0.00e+00
 2.26702e+23	1.92e-02	8.17e-01	1.62e-01	1.27e-03	4.21e-05	0.00e+00	0.00e+00	0.00e+00
 2.27954e+23	2.27e-02	8.44e-01	1.32e-01	8.96e-04	2.93e-05	0.00e+00	0.00e+00	0.00e+00
 2.29028e+23	2.63e-02	8.65e-01	1.08e-01	6.45e-04	2.05e-05	0.00e+00	0.00e+00	0.00e+00
 2.30012e+23	3.06e-02	8.81e-01	8.76e-02	4.62e-04	1.41e-05	0.00e+00	0.00e+00	0.00e+00
 2.30953e+23	3.56e-02	8.94e-01	6.97e-02	3.29e-04	9.51e-06	0.00e+00	0.00e+00	0.00e+00
 2.31878e+23	4.21e-02	9.04e-01	5.39e-02	2.29e-04	6.11e-06	0.00e+00	0.00e+00	0.00e+00
 2.32724e+23	4.96e-02	9.09e-01	4.15e-02	1.63e-04	3.90e-06	0.00e+00	0.00e+00	0.00e+00
 2.33455e+23	5.80e-02	9.10e-01	3.22e-02	1.19e-04	2.54e-06	0.00e+00	0.00e+00	0.00e+00
 2.34101e+23	6.76e-02	9.07e-01	2.51e-02	8.97e-05	1.67e-06	0.00e+00	0.00e+00	0.00e+00
 2.34688e+23	7.87e-02	9.02e-01	1.96e-02	6.91e-05	1.11e-06	0.00e+00	0.00e+00	0.00e+00
 2.35228e+23	9.15e-02	8.93e-01	1.54e-02	5.42e-05	7.44e-07	0.00e+00	0.00e+00	0.00e+00
 2.35727e+23	1.06e-01	8.82e-01	1.21e-02	4.33e-05	5.03e-07	0.00e+00	0.00e+00	0.00e+00
 2.36189e+23	1.23e-01	8.68e-01	9.52e-03	3.52e-05	3.45e-07	0.00e+00	0.00e+00	0.00e+00
 2.36619e+23	1.42e-01	8.51e-01	7.54e-03	2.91e-05	2.39e-07	0.00e+00	0.00e+00	0.00e+00
 2.37012e+23	1.62e-01	8.32e-01	6.04e-03	2.45e-05	1.70e-07	0.00e+00	0.00e+00	0.00e+00
 2.37352e+23	1.83e-01	8.12e-01	4.96e-03	2.12e-05	1.27e-07	0.00e+00	0.00e+00	0.00e+00
 2.37598e+23	1.98e-01	7.97e-01	4.31e-03	1.92e-05	0.00e+00	0.00e+00	0.00e+00	0.00e+00
 2.37765e+23	2.10e-01	7.86e-01	3.90e-03	1.79e-05	0.00e+00	0.00e+00	0.00e+00	0.00e+00
 2.37938e+23	2.23e-01	7.74e-01	3.51e-03	1.67e-05	0.00e+00	0.00e+00	0.00e+00	0.00e+00
 2.38147e+23	2.39e-01	7.58e-01	3.08e-03	1.53e-05	0.00e+00	0.00e+00	0.00e+00	0.00e+00
 2.38377e+23	2.59e-01	7.39e-01	2.67e-03	1.40e-05	0.00e+00	0.00e+00	0.00e+00	0.00e+00
 2.38607e+23	2.78e-01	7.19e-01	2.31e-03	1.28e-05	0.00e+00	0.00e+00	0.00e+00	0.00e+00
 2.38831e+23	2.98e-01	7.00e-01	2.01e-03	1.18e-05	0.00e+00	0.00e+00	0.00e+00	0.00e+00
 2.39042e+23	3.18e-01	6.81e-01	1.76e-03	1.09e-05	0.00e+00	0.00e+00	0.00e+00	0.00e+00
 2.39210e+23	3.33e-01	6.66e-01	1.60e-03	1.03e-05	0.00e+00	0.00e+00	0.00e+00	0.00e+00
 2.39327e+23	3.43e-01	6.55e-01	1.49e-03	9.92e-06	0.00e+00	0.00e+00	0.00e+00	0.00e+00
 2.39443e+23	3.55e-01	6.44e-01	1.38e-03	9.53e-06	0.00e+00	0.00e+00	0.00e+00	0.00e+00
 2.39578e+23	3.67e-01	6.31e-01	1.27e-03	9.10e-06	0.00e+00	0.00e+00	0.00e+00	0.00e+00
 2.39728e+23	3.82e-01	6.17e-01	1.16e-03	8.66e-06	0.00e+00	0.00e+00	0.00e+00	0.00e+00
 2.39877e+23	3.96e-01	6.03e-01	1.06e-03	8.24e-06	0.00e+00	0.00e+00	0.00e+00	0.00e+00
 2.40019e+23	4.10e-01	5.89e-01	9.70e-04	7.88e-06	0.00e+00	0.00e+00	0.00e+00	0.00e+00
 2.40163e+23	4.23e-01	5.76e-01	8.89e-04	7.53e-06	0.00e+00	0.00e+00	0.00e+00	0.00e+00
 2.40314e+23	4.38e-01	5.61e-01	8.11e-04	7.18e-06	0.00e+00	0.00e+00	0.00e+00	0.00e+00
 2.40473e+23	4.53e-01	5.46e-01	7.36e-04	6.84e-06	0.00e+00	0.00e+00	0.00e+00	0.00e+00
 2.40633e+23	4.68e-01	5.32e-01	6.70e-04	6.52e-06	0.00e+00	0.00e+00	0.00e+00	0.00e+00
 2.40793e+23	4.82e-01	5.17e-01	6.09e-04	6.21e-06	0.00e+00	0.00e+00	0.00e+00	0.00e+00
 2.40960e+23	4.97e-01	5.02e-01	5.52e-04	5.92e-06	0.00e+00	0.00e+00	0.00e+00	0.00e+00
 2.41133e+23	5.13e-01	4.87e-01	4.99e-04	5.63e-06	0.00e+00	0.00e+00	0.00e+00	0.00e+00
 2.41310e+23	5.28e-01	4.71e-01	4.51e-04	5.36e-06	0.00e+00	0.00e+00	0.00e+00	0.00e+00
 2.41490e+23	5.44e-01	4.56e-01	4.07e-04	5.10e-06	0.00e+00	0.00e+00	0.00e+00	0.00e+00
 2.41677e+23	5.59e-01	4.40e-01	3.67e-04	4.85e-06	0.00e+00	0.00e+00	0.00e+00	0.00e+00
 2.41869e+23	5.75e-01	4.25e-01	3.30e-04	4.60e-06	0.00e+00	0.00e+00	0.00e+00	0.00e+00
 2.42067e+23	5.90e-01	4.09e-01	2.97e-04	4.37e-06	0.00e+00	0.00e+00	0.00e+00	0.00e+00
 2.42269e+23	6.06e-01	3.94e-01	2.67e-04	4.15e-06	0.00e+00	0.00e+00	0.00e+00	0.00e+00
 2.42480e+23	6.21e-01	3.79e-01	2.40e-04	3.93e-06	0.00e+00	0.00e+00	0.00e+00	0.00e+00
 2.42698e+23	6.36e-01	3.64e-01	2.15e-04	3.73e-06	0.00e+00	0.00e+00	0.00e+00	0.00e+00
 2.42922e+23	6.51e-01	3.49e-01	1.93e-04	3.53e-06	0.00e+00	0.00e+00	0.00e+00	0.00e+00
 2.43153e+23	6.66e-01	3.34e-01	1.73e-04	3.34e-06	0.00e+00	0.00e+00	0.00e+00	0.00e+00
 2.43393e+23	6.81e-01	3.19e-01	1.55e-04	3.16e-06	0.00e+00	0.00e+00	0.00e+00	0.00e+00
 2.43644e+23	6.95e-01	3.05e-01	1.39e-04	2.99e-06	0.00e+00	0.00e+00	0.00e+00	0.00e+00
 2.43902e+23	7.10e-01	2.90e-01	1.25e-04	2.82e-06	0.00e+00	0.00e+00	0.00e+00	0.00e+00
 2.44169e+23	7.23e-01	2.77e-01	1.13e-04	2.67e-06	0.00e+00	0.00e+00	0.00e+00	0.00e+00
 2.44441e+23	7.36e-01	2.63e-01	1.02e-04	2.52e-06	0.00e+00	0.00e+00	0.00e+00	0.00e+00
 2.44721e+23	7.49e-01	2.51e-01	9.27e-05	2.39e-06	0.00e+00	0.00e+00	0.00e+00	0.00e+00
 2.45011e+23	7.61e-01	2.39e-01	8.43e-05	2.26e-06	0.00e+00	0.00e+00	0.00e+00	0.00e+00
 2.45309e+23	7.73e-01	2.27e-01	7.70e-05	2.14e-06	0.00e+00	0.00e+00	0.00e+00	0.00e+00
 2.45617e+23	7.85e-01	2.15e-01	7.05e-05	2.03e-06	0.00e+00	0.00e+00	0.00e+00	0.00e+00
 2.45937e+23	7.95e-01	2.04e-01	6.48e-05	1.92e-06	0.00e+00	0.00e+00	0.00e+00	0.00e+00
 2.46267e+23	8.06e-01	1.94e-01	5.98e-05	1.82e-06	0.00e+00	0.00e+00	0.00e+00	0.00e+00
 2.46612e+23	8.16e-01	1.84e-01	5.54e-05	1.73e-06	0.00e+00	0.00e+00	0.00e+00	0.00e+00
 2.46973e+23	8.25e-01	1.74e-01	5.15e-05	1.64e-06	0.00e+00	0.00e+00	0.00e+00	0.00e+00
 2.47349e+23	8.35e-01	1.65e-01	4.81e-05	1.55e-06	0.00e+00	0.00e+00	0.00e+00	0.00e+00
 2.47743e+23	8.44e-01	1.56e-01	4.49e-05	1.47e-06	0.00e+00	0.00e+00	0.00e+00	0.00e+00
 2.48159e+23	8.53e-01	1.47e-01	4.21e-05	1.40e-06	0.00e+00	0.00e+00	0.00e+00	0.00e+00
 2.48598e+23	8.61e-01	1.39e-01	3.96e-05	1.32e-06	0.00e+00	0.00e+00	0.00e+00	0.00e+00
 2.49057e+23	8.70e-01	1.30e-01	3.73e-05	1.25e-06	0.00e+00	0.00e+00	0.00e+00	0.00e+00
 2.49516e+23	8.77e-01	1.23e-01	3.53e-05	1.19e-06	0.00e+00	0.00e+00	0.00e+00	0.00e+00
 2.49957e+23	8.84e-01	1.16e-01	3.37e-05	1.14e-06	0.00e+00	0.00e+00	0.00e+00	0.00e+00
 2.50386e+23	8.90e-01	1.10e-01	3.23e-05	1.09e-06	0.00e+00	0.00e+00	0.00e+00	0.00e+00
 2.50804e+23	8.96e-01	1.04e-01	3.10e-05	1.04e-06	0.00e+00	0.00e+00	0.00e+00	0.00e+00
 2.51212e+23	9.01e-01	9.91e-02	2.99e-05	1.00e-06	0.00e+00	0.00e+00	0.00e+00	0.00e+00
 2.51606e+23	9.06e-01	9.43e-02	2.89e-05	9.64e-07	0.00e+00	0.00e+00	0.00e+00	0.00e+00
 2.51982e+23	9.10e-01	8.97e-02	2.80e-05	9.31e-07	0.00e+00	0.00e+00	0.00e+00	0.00e+00
 2.52333e+23	9.14e-01	8.59e-02	2.73e-05	9.01e-07	0.00e+00	0.00e+00	0.00e+00	0.00e+00
 2.52675e+23	9.18e-01	8.21e-02	2.66e-05	8.73e-07	0.00e+00	0.00e+00	0.00e+00	0.00e+00
 2.53017e+23	9.21e-01	7.85e-02	2.59e-05	8.46e-07	0.00e+00	0.00e+00	0.00e+00	0.00e+00
 2.53348e+23	9.25e-01	7.52e-02	2.53e-05	8.21e-07	0.00e+00	0.00e+00	0.00e+00	0.00e+00
 2.53667e+23	9.28e-01	7.21e-02	2.47e-05	7.99e-07	0.00e+00	0.00e+00	0.00e+00	0.00e+00
 2.53975e+23	9.31e-01	6.93e-02	2.42e-05	7.79e-07	0.00e+00	0.00e+00	0.00e+00	0.00e+00
 2.54273e+23	9.33e-01	6.66e-02	2.38e-05	7.60e-07	0.00e+00	0.00e+00	0.00e+00	0.00e+00
 2.54561e+23	9.36e-01	6.42e-02	2.33e-05	7.43e-07	0.00e+00	0.00e+00	0.00e+00	0.00e+00
 2.54839e+23	9.38e-01	6.19e-02	2.30e-05	7.28e-07	0.00e+00	0.00e+00	0.00e+00	0.00e+00
 2.55107e+23	9.40e-01	5.98e-02	2.26e-05	7.14e-07	0.00e+00	0.00e+00	0.00e+00	0.00e+00
 2.55365e+23	9.42e-01	5.79e-02	2.23e-05	7.02e-07	0.00e+00	0.00e+00	0.00e+00	0.00e+00
 2.55615e+23	9.44e-01	5.61e-02	2.19e-05	6.92e-07	0.00e+00	0.00e+00	0.00e+00	0.00e+00
 2.55852e+23	9.45e-01	5.45e-02	2.17e-05	6.83e-07	0.00e+00	0.00e+00	0.00e+00	0.00e+00
 2.56084e+23	9.47e-01	5.30e-02	2.14e-05	6.75e-07	0.00e+00	0.00e+00	0.00e+00	0.00e+00
 2.56310e+23	9.48e-01	5.16e-02	2.11e-05	6.69e-07	0.00e+00	0.00e+00	0.00e+00	0.00e+00
 2.56516e+23	9.50e-01	5.04e-02	2.09e-05	6.64e-07	0.00e+00	0.00e+00	0.00e+00	0.00e+00
 2.56704e+23	9.51e-01	4.94e-02	2.07e-05	6.61e-07	0.00e+00	0.00e+00	0.00e+00	0.00e+00
 2.56875e+23	9.51e-01	4.86e-02	2.06e-05	6.59e-07	0.00e+00	0.00e+00	0.00e+00	0.00e+00
 2.57030e+23	9.52e-01	4.78e-02	2.04e-05	6.58e-07	0.00e+00	0.00e+00	0.00e+00	0.00e+00
 2.57172e+23	9.53e-01	4.72e-02	2.03e-05	6.58e-07	0.00e+00	0.00e+00	0.00e+00	0.00e+00
 2.57300e+23	9.53e-01	4.67e-02	2.02e-05	6.58e-07	0.00e+00	0.00e+00	0.00e+00	0.00e+00
 2.57417e+23	9.54e-01	4.62e-02	2.01e-05	6.59e-07	0.00e+00	0.00e+00	0.00e+00	0.00e+00
 2.57546e+23	9.54e-01	4.56e-02	2.00e-05	6.60e-07	0.00e+00	0.00e+00	0.00e+00	0.00e+00
 2.57684e+23	9.55e-01	4.50e-02	1.99e-05	6.60e-07	0.00e+00	0.00e+00	0.00e+00	0.00e+00
 2.57810e+23	9.55e-01	4.46e-02	1.98e-05	6.60e-07	0.00e+00	0.00e+00	0.00e+00	0.00e+00
 2.57948e+23	9.56e-01	4.41e-02	1.96e-05	6.62e-07	0.00e+00	0.00e+00	0.00e+00	0.00e+00
 2.58098e+23	9.56e-01	4.35e-02	1.95e-05	6.63e-07	0.00e+00	0.00e+00	0.00e+00	0.00e+00
 2.58233e+23	9.57e-01	4.31e-02	1.94e-05	6.65e-07	0.00e+00	0.00e+00	0.00e+00	0.00e+00
 2.58357e+23	9.57e-01	4.28e-02	1.93e-05	6.66e-07	0.00e+00	0.00e+00	0.00e+00	0.00e+00
 2.58492e+23	9.58e-01	4.24e-02	1.92e-05	6.70e-07	0.00e+00	0.00e+00	0.00e+00	0.00e+00
 2.58638e+23	9.58e-01	4.20e-02	1.91e-05	6.73e-07	0.00e+00	0.00e+00	0.00e+00	0.00e+00
 2.58771e+23	9.58e-01	4.16e-02	1.90e-05	6.74e-07	0.00e+00	0.00e+00	0.00e+00	0.00e+00
 2.58917e+23	9.59e-01	4.13e-02	1.89e-05	6.75e-07	0.00e+00	0.00e+00	0.00e+00	0.00e+00
 2.59074e+23	9.59e-01	4.09e-02	1.88e-05	6.77e-07	0.00e+00	0.00e+00	0.00e+00	0.00e+00
 2.59217e+23	9.59e-01	4.06e-02	1.87e-05	6.82e-07	0.00e+00	0.00e+00	0.00e+00	0.00e+00
 2.59348e+23	9.60e-01	4.03e-02	1.86e-05	6.81e-07	0.00e+00	0.00e+00	0.00e+00	0.00e+00
 2.59490e+23	9.60e-01	4.00e-02	1.85e-05	6.83e-07	0.00e+00	0.00e+00	0.00e+00	0.00e+00
 2.59644e+23	9.60e-01	3.97e-02	1.84e-05	6.85e-07	0.00e+00	0.00e+00	0.00e+00	0.00e+00
 2.59785e+23	9.61e-01	3.94e-02	1.83e-05	6.87e-07	0.00e+00	0.00e+00	0.00e+00	0.00e+00
 2.59938e+23	9.61e-01	3.91e-02	1.82e-05	6.90e-07	0.00e+00	0.00e+00	0.00e+00	0.00e+00
 2.60104e+23	9.61e-01	3.88e-02	1.80e-05	6.92e-07	0.00e+00	0.00e+00	0.00e+00	0.00e+00
 2.60255e+23	9.61e-01	3.85e-02	1.79e-05	6.94e-07	0.00e+00	0.00e+00	0.00e+00	0.00e+00
 2.60421e+23	9.62e-01	3.82e-02	1.78e-05	6.98e-07	0.00e+00	0.00e+00	0.00e+00	0.00e+00
 2.60599e+23	9.62e-01	3.79e-02	1.77e-05	7.01e-07	0.00e+00	0.00e+00	0.00e+00	0.00e+00
 2.60762e+23	9.62e-01	3.77e-02	1.77e-05	7.05e-07	0.00e+00	0.00e+00	0.00e+00	0.00e+00
 2.60910e+23	9.62e-01	3.75e-02	1.76e-05	7.09e-07	0.00e+00	0.00e+00	0.00e+00	0.00e+00
 2.61044e+23	9.63e-01	3.73e-02	1.76e-05	7.14e-07	0.00e+00	0.00e+00	0.00e+00	0.00e+00
 2.61167e+23	9.63e-01	3.72e-02	1.76e-05	7.18e-07	0.00e+00	0.00e+00	0.00e+00	0.00e+00
 2.61301e+23	9.63e-01	3.70e-02	1.75e-05	7.24e-07	0.00e+00	0.00e+00	0.00e+00	0.00e+00
 2.61446e+23	9.63e-01	3.68e-02	1.75e-05	7.28e-07	0.00e+00	0.00e+00	0.00e+00	0.00e+00
 2.61577e+23	9.63e-01	3.66e-02	1.74e-05	7.32e-07	0.00e+00	0.00e+00	0.00e+00	0.00e+00
 2.61722e+23	9.64e-01	3.64e-02	1.74e-05	7.36e-07	0.00e+00	0.00e+00	0.00e+00	0.00e+00
 2.61878e+23	9.64e-01	3.62e-02	1.74e-05	7.40e-07	0.00e+00	0.00e+00	0.00e+00	0.00e+00
 2.62020e+23	9.64e-01	3.60e-02	1.73e-05	7.43e-07	0.00e+00	0.00e+00	0.00e+00	0.00e+00
 2.62149e+23	9.64e-01	3.59e-02	1.73e-05	7.50e-07	0.00e+00	0.00e+00	0.00e+00	0.00e+00
 2.62267e+23	9.64e-01	3.58e-02	1.73e-05	7.52e-07	0.00e+00	0.00e+00	0.00e+00	0.00e+00
 2.62395e+23	9.64e-01	3.56e-02	1.72e-05	7.55e-07	0.00e+00	0.00e+00	0.00e+00	0.00e+00
 2.62534e+23	9.65e-01	3.54e-02	1.72e-05	7.59e-07	0.00e+00	0.00e+00	0.00e+00	0.00e+00
 2.62661e+23	9.65e-01	3.53e-02	1.72e-05	7.66e-07	0.00e+00	0.00e+00	0.00e+00	0.00e+00
 2.62776e+23	9.65e-01	3.51e-02	1.71e-05	7.66e-07	0.00e+00	0.00e+00	0.00e+00	0.00e+00
 2.62902e+23	9.65e-01	3.50e-02	1.71e-05	7.69e-07	0.00e+00	0.00e+00	0.00e+00	0.00e+00
 2.63038e+23	9.65e-01	3.48e-02	1.70e-05	7.71e-07	0.00e+00	0.00e+00	0.00e+00	0.00e+00
 2.63188e+23	9.65e-01	3.45e-02	1.70e-05	7.74e-07	0.00e+00	0.00e+00	0.00e+00	0.00e+00
 2.63349e+23	9.66e-01	3.43e-02	1.69e-05	7.75e-07	0.00e+00	0.00e+00	0.00e+00	0.00e+00
 2.63495e+23	9.66e-01	3.41e-02	1.69e-05	7.78e-07	0.00e+00	0.00e+00	0.00e+00	0.00e+00
 2.63629e+23	9.66e-01	3.39e-02	1.68e-05	7.77e-07	0.00e+00	0.00e+00	0.00e+00	0.00e+00
 2.63775e+23	9.66e-01	3.37e-02	1.68e-05	7.78e-07	0.00e+00	0.00e+00	0.00e+00	0.00e+00
 2.63933e+23	9.67e-01	3.35e-02	1.67e-05	7.79e-07	0.00e+00	0.00e+00	0.00e+00	0.00e+00
 2.64076e+23	9.67e-01	3.33e-02	1.67e-05	7.78e-07	0.00e+00	0.00e+00	0.00e+00	0.00e+00
 2.64234e+23	9.67e-01	3.30e-02	1.66e-05	7.80e-07	0.00e+00	0.00e+00	0.00e+00	0.00e+00
 2.64404e+23	9.67e-01	3.28e-02	1.66e-05	7.80e-07	0.00e+00	0.00e+00	0.00e+00	0.00e+00
 2.64558e+23	9.67e-01	3.26e-02	1.65e-05	7.84e-07	0.00e+00	0.00e+00	0.00e+00	0.00e+00
 2.64699e+23	9.68e-01	3.24e-02	1.65e-05	7.82e-07	0.00e+00	0.00e+00	0.00e+00	0.00e+00
 2.64853e+23	9.68e-01	3.22e-02	1.64e-05	7.82e-07	0.00e+00	0.00e+00	0.00e+00	0.00e+00
 2.65020e+23	9.68e-01	3.20e-02	1.64e-05	7.82e-07	0.00e+00	0.00e+00	0.00e+00	0.00e+00
 2.65171e+23	9.68e-01	3.18e-02	1.63e-05	7.81e-07	0.00e+00	0.00e+00	0.00e+00	0.00e+00
 2.65337e+23	9.68e-01	3.15e-02	1.63e-05	7.82e-07	0.00e+00	0.00e+00	0.00e+00	0.00e+00
 2.65517e+23	9.69e-01	3.13e-02	1.62e-05	7.82e-07	0.00e+00	0.00e+00	0.00e+00	0.00e+00
 2.65680e+23	9.69e-01	3.11e-02	1.62e-05	7.84e-07	0.00e+00	0.00e+00	0.00e+00	0.00e+00
 2.65828e+23	9.69e-01	3.09e-02	1.61e-05	7.82e-07	0.00e+00	0.00e+00	0.00e+00	0.00e+00
 2.65991e+23	9.69e-01	3.07e-02	1.60e-05	7.81e-07	0.00e+00	0.00e+00	0.00e+00	0.00e+00
 2.66166e+23	9.70e-01	3.05e-02	1.60e-05	7.82e-07	0.00e+00	0.00e+00	0.00e+00	0.00e+00
 2.66326e+23	9.70e-01	3.03e-02	1.59e-05	7.79e-07	0.00e+00	0.00e+00	0.00e+00	0.00e+00
 2.66501e+23	9.70e-01	3.00e-02	1.59e-05	7.78e-07	0.00e+00	0.00e+00	0.00e+00	0.00e+00
 2.66690e+23	9.70e-01	2.98e-02	1.58e-05	7.77e-07	0.00e+00	0.00e+00	0.00e+00	0.00e+00
 2.66862e+23	9.70e-01	2.96e-02	1.57e-05	7.74e-07	0.00e+00	0.00e+00	0.00e+00	0.00e+00
 2.67050e+23	9.71e-01	2.93e-02	1.57e-05	7.74e-07	0.00e+00	0.00e+00	0.00e+00	0.00e+00
 2.67254e+23	9.71e-01	2.90e-02	1.56e-05	7.73e-07	0.00e+00	0.00e+00	0.00e+00	0.00e+00
 2.67439e+23	9.71e-01	2.88e-02	1.55e-05	7.69e-07	0.00e+00	0.00e+00	0.00e+00	0.00e+00
 2.67642e+23	9.71e-01	2.85e-02	1.55e-05	7.68e-07	0.00e+00	0.00e+00	0.00e+00	0.00e+00
 2.67861e+23	9.72e-01	2.82e-02	1.54e-05	7.67e-07	0.00e+00	0.00e+00	0.00e+00	0.00e+00
 2.68060e+23	9.72e-01	2.80e-02	1.53e-05	7.62e-07	0.00e+00	0.00e+00	0.00e+00	0.00e+00
 2.68279e+23	9.72e-01	2.77e-02	1.52e-05	7.60e-07	0.00e+00	0.00e+00	0.00e+00	0.00e+00
 2.68514e+23	9.73e-01	2.74e-02	1.52e-05	7.55e-07	0.00e+00	0.00e+00	0.00e+00	0.00e+00
 2.68729e+23	9.73e-01	2.72e-02	1.51e-05	7.53e-07	0.00e+00	0.00e+00	0.00e+00	0.00e+00
 2.68924e+23	9.73e-01	2.70e-02	1.50e-05	7.54e-07	0.00e+00	0.00e+00	0.00e+00	0.00e+00
 2.69102e+23	9.73e-01	2.68e-02	1.50e-05	7.50e-07	0.00e+00	0.00e+00	0.00e+00	0.00e+00
 2.69297e+23	9.73e-01	2.65e-02	1.49e-05	7.46e-07	0.00e+00	0.00e+00	0.00e+00	0.00e+00
 2.69507e+23	9.74e-01	2.63e-02	1.48e-05	7.44e-07	0.00e+00	0.00e+00	0.00e+00	0.00e+00
 2.69698e+23	9.74e-01	2.61e-02	1.48e-05	7.39e-07	0.00e+00	0.00e+00	0.00e+00	0.00e+00
 2.69908e+23	9.74e-01	2.58e-02	1.47e-05	7.35e-07	0.00e+00	0.00e+00	0.00e+00	0.00e+00
 2.70134e+23	9.74e-01	2.55e-02	1.46e-05	7.32e-07	0.00e+00	0.00e+00	0.00e+00	0.00e+00
 2.70340e+23	9.75e-01	2.53e-02	1.45e-05	7.27e-07	0.00e+00	0.00e+00	0.00e+00	0.00e+00
 2.70566e+23	9.75e-01	2.50e-02	1.45e-05	7.21e-07	0.00e+00	0.00e+00	0.00e+00	0.00e+00
 2.70809e+23	9.75e-01	2.47e-02	1.44e-05	7.18e-07	0.00e+00	0.00e+00	0.00e+00	0.00e+00
 2.71031e+23	9.75e-01	2.45e-02	1.43e-05	7.12e-07	0.00e+00	0.00e+00	0.00e+00	0.00e+00
 2.71274e+23	9.76e-01	2.42e-02	1.42e-05	7.06e-07	0.00e+00	0.00e+00	0.00e+00	0.00e+00
 2.71536e+23	9.76e-01	2.39e-02	1.41e-05	7.02e-07	0.00e+00	0.00e+00	0.00e+00	0.00e+00
 2.71775e+23	9.76e-01	2.37e-02	1.40e-05	6.96e-07	0.00e+00	0.00e+00	0.00e+00	0.00e+00
 2.72036e+23	9.77e-01	2.33e-02	1.39e-05	6.88e-07	0.00e+00	0.00e+00	0.00e+00	0.00e+00
 2.72319e+23	9.77e-01	2.30e-02	1.39e-05	6.84e-07	0.00e+00	0.00e+00	0.00e+00	0.00e+00
 2.72576e+23	9.77e-01	2.28e-02	1.38e-05	6.77e-07	0.00e+00	0.00e+00	0.00e+00	0.00e+00
 2.72857e+23	9.78e-01	2.24e-02	1.37e-05	6.69e-07	0.00e+00	0.00e+00	0.00e+00	0.00e+00
 2.73161e+23	9.78e-01	2.22e-02	1.36e-05	6.63e-07	0.00e+00	0.00e+00	0.00e+00	0.00e+00
 2.73438e+23	9.78e-01	2.19e-02	1.35e-05	6.56e-07	0.00e+00	0.00e+00	0.00e+00	0.00e+00
 2.73741e+23	9.78e-01	2.15e-02	1.34e-05	6.47e-07	0.00e+00	0.00e+00	0.00e+00	0.00e+00
 2.74068e+23	9.79e-01	2.12e-02	1.33e-05	6.39e-07	0.00e+00	0.00e+00	0.00e+00	0.00e+00
 2.74366e+23	9.79e-01	2.10e-02	1.32e-05	6.33e-07	0.00e+00	0.00e+00	0.00e+00	0.00e+00
 2.74636e+23	9.79e-01	2.08e-02	1.31e-05	6.27e-07	0.00e+00	0.00e+00	0.00e+00	0.00e+00
 2.74933e+23	9.80e-01	2.04e-02	1.30e-05	6.18e-07	0.00e+00	0.00e+00	0.00e+00	0.00e+00
 2.75254e+23	9.80e-01	2.01e-02	1.29e-05	6.11e-07	0.00e+00	0.00e+00	0.00e+00	0.00e+00
 2.75546e+23	9.80e-01	1.99e-02	1.28e-05	6.04e-07	0.00e+00	0.00e+00	0.00e+00	0.00e+00
 2.75865e+23	9.80e-01	1.95e-02	1.26e-05	5.94e-07	0.00e+00	0.00e+00	0.00e+00	0.00e+00
 2.76210e+23	9.81e-01	1.93e-02	1.25e-05	5.87e-07	0.00e+00	0.00e+00	0.00e+00	0.00e+00
 2.76524e+23	9.81e-01	1.90e-02	1.24e-05	5.79e-07	0.00e+00	0.00e+00	0.00e+00	0.00e+00
 2.76868e+23	9.81e-01	1.86e-02	1.23e-05	5.68e-07	0.00e+00	0.00e+00	0.00e+00	0.00e+00
 2.77240e+23	9.82e-01	1.84e-02	1.22e-05	5.59e-07	0.00e+00	0.00e+00	0.00e+00	0.00e+00
 2.77578e+23	9.82e-01	1.81e-02	1.21e-05	5.52e-07	0.00e+00	0.00e+00	0.00e+00	0.00e+00
 2.77885e+23	9.82e-01	1.79e-02	1.20e-05	5.46e-07	0.00e+00	0.00e+00	0.00e+00	0.00e+00
 2.78223e+23	9.82e-01	1.75e-02	1.19e-05	5.35e-07	0.00e+00	0.00e+00	0.00e+00	0.00e+00
 2.78586e+23	9.83e-01	1.73e-02	1.18e-05	5.27e-07	0.00e+00	0.00e+00	0.00e+00	0.00e+00
 2.78918e+23	9.83e-01	1.71e-02	1.17e-05	5.20e-07	0.00e+00	0.00e+00	0.00e+00	0.00e+00
 2.79280e+23	9.83e-01	1.67e-02	1.15e-05	5.08e-07	0.00e+00	0.00e+00	0.00e+00	0.00e+00
 2.79672e+23	9.84e-01	1.64e-02	1.14e-05	5.00e-07	0.00e+00	0.00e+00	0.00e+00	0.00e+00
 2.80029e+23	9.84e-01	1.62e-02	1.13e-05	4.92e-07	0.00e+00	0.00e+00	0.00e+00	0.00e+00
 2.80419e+23	9.84e-01	1.58e-02	1.12e-05	4.80e-07	0.00e+00	0.00e+00	0.00e+00	0.00e+00
 2.80841e+23	9.84e-01	1.56e-02	1.11e-05	4.71e-07	0.00e+00	0.00e+00	0.00e+00	0.00e+00
 2.81225e+23	9.85e-01	1.54e-02	1.10e-05	4.64e-07	0.00e+00	0.00e+00	0.00e+00	0.00e+00
 2.81574e+23	9.85e-01	1.52e-02	1.09e-05	4.57e-07	0.00e+00	0.00e+00	0.00e+00	0.00e+00
 2.81957e+23	9.85e-01	1.48e-02	1.07e-05	4.45e-07	0.00e+00	0.00e+00	0.00e+00	0.00e+00
 2.82370e+23	9.85e-01	1.46e-02	1.06e-05	4.37e-07	0.00e+00	0.00e+00	0.00e+00	0.00e+00
 2.82746e+23	9.86e-01	1.44e-02	1.05e-05	4.30e-07	0.00e+00	0.00e+00	0.00e+00	0.00e+00
 2.83158e+23	9.86e-01	1.40e-02	1.04e-05	4.18e-07	0.00e+00	0.00e+00	0.00e+00	0.00e+00
 2.83693e+23	9.86e-01	1.36e-02	1.02e-05	4.03e-07	0.00e+00	0.00e+00	0.00e+00	0.00e+00
 2.84275e+23	9.87e-01	1.33e-02	1.00e-05	3.92e-07	0.00e+00	0.00e+00	0.00e+00	0.00e+00
 2.84861e+23	9.87e-01	1.29e-02	9.87e-06	3.80e-07	0.00e+00	0.00e+00	0.00e+00	0.00e+00
 2.85471e+23	9.87e-01	1.26e-02	9.71e-06	3.68e-07	0.00e+00	0.00e+00	0.00e+00	0.00e+00
 2.86081e+23	9.88e-01	1.23e-02	9.54e-06	3.56e-07	0.00e+00	0.00e+00	0.00e+00	0.00e+00
 2.86697e+23	9.88e-01	1.19e-02	9.37e-06	3.45e-07	0.00e+00	0.00e+00	0.00e+00	0.00e+00
 2.87321e+23	9.88e-01	1.16e-02	9.21e-06	3.34e-07	0.00e+00	0.00e+00	0.00e+00	0.00e+00
 2.87949e+23	9.89e-01	1.13e-02	9.05e-06	3.23e-07	0.00e+00	0.00e+00	0.00e+00	0.00e+00
 2.88583e+23	9.89e-01	1.10e-02	8.88e-06	3.12e-07	0.00e+00	0.00e+00	0.00e+00	0.00e+00
 2.89223e+23	9.89e-01	1.07e-02	8.72e-06	3.02e-07	0.00e+00	0.00e+00	0.00e+00	0.00e+00
 2.89870e+23	9.90e-01	1.04e-02	8.56e-06	2.92e-07	0.00e+00	0.00e+00	0.00e+00	0.00e+00
 2.90524e+23	9.90e-01	1.01e-02	8.40e-06	2.82e-07	0.00e+00	0.00e+00	0.00e+00	0.00e+00
 2.91182e+23	9.90e-01	9.87e-03	8.24e-06	2.72e-07	0.00e+00	0.00e+00	0.00e+00	0.00e+00
 2.91846e+23	9.90e-01	9.60e-03	8.09e-06	2.62e-07	0.00e+00	0.00e+00	0.00e+00	0.00e+00
 2.92516e+23	9.91e-01	9.34e-03	7.93e-06	2.53e-07	0.00e+00	0.00e+00	0.00e+00	0.00e+00
 2.93190e+23	9.91e-01	9.09e-03	7.78e-06	2.44e-07	0.00e+00	0.00e+00	0.00e+00	0.00e+00
 2.93868e+23	9.91e-01	8.84e-03	7.62e-06	2.36e-07	0.00e+00	0.00e+00	0.00e+00	0.00e+00
 2.94552e+23	9.91e-01	8.60e-03	7.47e-06	2.27e-07	0.00e+00	0.00e+00	0.00e+00	0.00e+00
 2.95241e+23	9.92e-01	8.36e-03	7.32e-06	2.19e-07	0.00e+00	0.00e+00	0.00e+00	0.00e+00
 2.95935e+23	9.92e-01	8.13e-03	7.17e-06	2.11e-07	0.00e+00	0.00e+00	0.00e+00	0.00e+00
 2.96635e+23	9.92e-01	7.91e-03	7.03e-06	2.03e-07	0.00e+00	0.00e+00	0.00e+00	0.00e+00
 2.97339e+23	9.92e-01	7.69e-03	6.88e-06	1.95e-07	0.00e+00	0.00e+00	0.00e+00	0.00e+00
 2.98048e+23	9.93e-01	7.47e-03	6.74e-06	1.88e-07	0.00e+00	0.00e+00	0.00e+00	0.00e+00
 2.98763e+23	9.93e-01	7.27e-03	6.59e-06	1.81e-07	0.00e+00	0.00e+00	0.00e+00	0.00e+00
 2.99495e+23	9.93e-01	7.05e-03	6.45e-06	1.73e-07	0.00e+00	0.00e+00	0.00e+00	0.00e+00
 3.00242e+23	9.93e-01	6.85e-03	6.30e-06	1.66e-07	0.00e+00	0.00e+00	0.00e+00	0.00e+00
 3.00996e+23	9.93e-01	6.65e-03	6.16e-06	1.59e-07	0.00e+00	0.00e+00	0.00e+00	0.00e+00
 3.01759e+23	9.94e-01	6.46e-03	6.02e-06	1.53e-07	0.00e+00	0.00e+00	0.00e+00	0.00e+00
 3.02529e+23	9.94e-01	6.27e-03	5.87e-06	1.46e-07	0.00e+00	0.00e+00	0.00e+00	0.00e+00
 3.03308e+23	9.94e-01	6.08e-03	5.73e-06	1.40e-07	0.00e+00	0.00e+00	0.00e+00	0.00e+00
 3.04096e+23	9.94e-01	5.90e-03	5.59e-06	1.34e-07	0.00e+00	0.00e+00	0.00e+00	0.00e+00
 3.04894e+23	9.94e-01	5.72e-03	5.45e-06	1.28e-07	0.00e+00	0.00e+00	0.00e+00	0.00e+00
 3.05705e+23	9.94e-01	5.54e-03	5.32e-06	0.00e+00	0.00e+00	0.00e+00	0.00e+00	0.00e+00
 3.06530e+23	9.95e-01	5.37e-03	5.18e-06	0.00e+00	0.00e+00	0.00e+00	0.00e+00	0.00e+00
 3.07378e+23	9.95e-01	5.20e-03	5.04e-06	0.00e+00	0.00e+00	0.00e+00	0.00e+00	0.00e+00
 3.08189e+23	9.95e-01	5.07e-03	4.91e-06	0.00e+00	0.00e+00	0.00e+00	0.00e+00	0.00e+00
