#depth	H	H+	H2
 1.54284e+22	9.02e-06	1.00e+00	9.37e-29
 3.44511e+22	1.35e-05	1.00e+00	4.60e-28
 3.98425e+22	1.62e-05	1.00e+00	1.00e-27
 4.25383e+22	1.78e-05	1.00e+00	1.46e-27
 4.38257e+22	1.85e-05	1.00e+00	1.74e-27
 4.47202e+22	1.94e-05	1.00e+00	2.16e-27
 4.56719e+22	2.03e-05	1.00e+00	2.61e-27
 4.66981e+22	2.14e-05	1.00e+00	3.32e-27
 4.77435e+22	2.24e-05	1.00e+00	4.05e-27
 4.86693e+22	2.34e-05	1.00e+00	4.91e-27
 4.97282e+22	2.48e-05	1.00e+00	6.31e-27
 5.08092e+22	2.60e-05	1.00e+00	7.71e-27
 5.19190e+22	2.74e-05	1.00e+00	9.91e-27
 5.30774e+22	2.89e-05	1.00e+00	1.24e-26
 5.41327e+22	3.03e-05	1.00e+00	1.54e-26
 5.53379e+22	3.22e-05	1.00e+00	2.02e-26
 5.65634e+22	3.38e-05	1.00e+00	2.52e-26
 5.78150e+22	3.61e-05	1.00e+00	3.34e-26
 5.90742e+22	3.78e-05	1.00e+00	4.16e-26
 6.03429e+22	4.04e-05	1.00e+00	5.54e-26
 6.16288e+22	4.23e-05	1.00e+00	6.91e-26
 6.27633e+22	4.45e-05	1.00e+00	8.42e-26
 6.38916e+22	4.68e-05	1.00e+00	1.05e-25
 6.51854e+22	4.97e-05	1.00e+00	1.39e-25
 6.64067e+22	5.19e-05	1.00e+00	1.69e-25
 6.75337e+22	5.49e-05	1.00e+00	2.16e-25
 6.86794e+22	5.73e-05	1.00e+00	2.64e-25
 6.98495e+22	6.05e-05	1.00e+00	3.37e-25
 7.10638e+22	6.35e-05	1.00e+00	4.20e-25
 7.21497e+22	6.64e-05	1.00e+00	5.29e-25
 7.33756e+22	7.02e-05	1.00e+00	6.84e-25
 7.46568e+22	7.39e-05	1.00e+00	8.62e-25
 7.58119e+22	7.75e-05	1.00e+00	1.04e-24
 7.71155e+22	8.22e-05	1.00e+00	1.37e-24
 7.84621e+22	8.67e-05	1.00e+00	1.73e-24
 7.96619e+22	9.10e-05	1.00e+00	2.17e-24
 8.10189e+22	9.68e-05	1.00e+00	2.87e-24
 8.24269e+22	1.02e-04	1.00e+00	3.68e-24
 8.36905e+22	1.08e-04	1.00e+00	4.65e-24
 8.51223e+22	1.15e-04	1.00e+00	6.27e-24
 8.66025e+22	1.21e-04	1.00e+00	8.10e-24
 8.79431e+22	1.28e-04	1.00e+00	1.04e-23
 8.94833e+22	1.38e-04	1.00e+00	1.44e-23
 9.10361e+22	1.46e-04	1.00e+00	1.87e-23
 9.26053e+22	1.56e-04	1.00e+00	2.58e-23
 9.42094e+22	1.66e-04	1.00e+00	3.41e-23
 9.56187e+22	1.76e-04	1.00e+00	4.44e-23
 9.72105e+22	1.89e-04	1.00e+00	6.24e-23
 9.88420e+22	2.01e-04	1.00e+00	8.28e-23
 1.00525e+23	2.16e-04	1.00e+00	1.19e-22
 1.02235e+23	2.30e-04	1.00e+00	1.60e-22
 1.03750e+23	2.44e-04	1.00e+00	2.16e-22
 1.05489e+23	2.64e-04	1.00e+00	3.18e-22
 1.07253e+23	2.82e-04	1.00e+00	4.36e-22
 1.08786e+23	2.99e-04	1.00e+00	5.92e-22
 1.10515e+23	3.23e-04	1.00e+00	8.81e-22
 1.12166e+23	3.41e-04	1.00e+00	1.17e-21
 1.13716e+23	3.65e-04	1.00e+00	1.66e-21
 1.15277e+23	3.86e-04	1.00e+00	2.22e-21
 1.16852e+23	4.14e-04	1.00e+00	3.21e-21
 1.18457e+23	4.38e-04	1.00e+00	4.37e-21
 1.20101e+23	4.71e-04	1.00e+00	6.43e-21
 1.21765e+23	4.99e-04	1.00e+00	8.96e-21
 1.23455e+23	5.38e-04	9.99e-01	1.37e-20
 1.25145e+23	5.69e-04	9.99e-01	1.91e-20
 1.26573e+23	6.01e-04	9.99e-01	2.64e-20
 1.27899e+23	6.32e-04	9.99e-01	3.51e-20
 1.29164e+23	6.63e-04	9.99e-01	4.61e-20
 1.30618e+23	7.05e-04	9.99e-01	6.89e-20
 1.32081e+23	7.40e-04	9.99e-01	9.11e-20
 1.33554e+23	7.87e-04	9.99e-01	1.33e-19
 1.35046e+23	8.29e-04	9.99e-01	1.86e-19
 1.36356e+23	8.71e-04	9.99e-01	2.49e-19
 1.37851e+23	9.26e-04	9.99e-01	3.74e-19
 1.39376e+23	9.75e-04	9.99e-01	5.42e-19
 1.40735e+23	1.03e-03	9.99e-01	7.61e-19
 1.42294e+23	1.09e-03	9.99e-01	1.26e-18
 1.43867e+23	1.15e-03	9.99e-01	2.06e-18
 1.45249e+23	1.21e-03	9.99e-01	3.20e-18
 1.46281e+23	1.25e-03	9.99e-01	5.39e-18
 1.47065e+23	1.28e-03	9.99e-01	8.79e-18
 1.48084e+23	1.34e-03	9.99e-01	1.32e-17
 1.49408e+23	1.42e-03	9.99e-01	4.82e-17
 1.50875e+23	1.48e-03	9.99e-01	7.37e-17
 1.52526e+23	1.59e-03	9.98e-01	1.85e-16
 1.54185e+23	1.68e-03	9.98e-01	2.65e-16
 1.55855e+23	1.80e-03	9.98e-01	4.58e-16
 1.57585e+23	1.90e-03	9.98e-01	6.32e-16
 1.59393e+23	2.03e-03	9.98e-01	9.66e-16
 1.61241e+23	2.16e-03	9.98e-01	1.41e-15
 1.62644e+23	2.25e-03	9.98e-01	1.76e-15
 1.63972e+23	2.37e-03	9.98e-01	2.24e-15
 1.65329e+23	2.46e-03	9.98e-01	2.77e-15
 1.66726e+23	2.60e-03	9.97e-01	3.48e-15
 1.68141e+23	2.72e-03	9.97e-01	4.18e-15
 1.69578e+23	2.87e-03	9.97e-01	5.20e-15
 1.71034e+23	3.00e-03	9.97e-01	6.19e-15
 1.72514e+23	3.16e-03	9.97e-01	7.65e-15
 1.74028e+23	3.31e-03	9.97e-01	9.15e-15
 1.75588e+23	3.51e-03	9.96e-01	1.15e-14
 1.77156e+23	3.68e-03	9.96e-01	1.37e-14
 1.78734e+23	3.89e-03	9.96e-01	1.71e-14
 1.80360e+23	4.09e-03	9.96e-01	2.07e-14
 1.82049e+23	4.35e-03	9.96e-01	2.63e-14
 1.83751e+23	4.57e-03	9.95e-01	3.19e-14
 1.85472e+23	4.87e-03	9.95e-01	4.07e-14
 1.87215e+23	5.12e-03	9.95e-01	4.97e-14
 1.88986e+23	5.46e-03	9.95e-01	6.42e-14
 1.90769e+23	5.74e-03	9.94e-01	7.85e-14
 1.92568e+23	6.14e-03	9.94e-01	1.02e-13
 1.94372e+23	6.46e-03	9.94e-01	1.25e-13
 1.96185e+23	6.93e-03	9.93e-01	1.64e-13
 1.98004e+23	7.31e-03	9.93e-01	2.03e-13
 1.99831e+23	7.88e-03	9.92e-01	2.68e-13
 2.01659e+23	8.33e-03	9.92e-01	3.34e-13
 2.03489e+23	9.02e-03	9.91e-01	4.47e-13
 2.05320e+23	9.58e-03	9.90e-01	5.62e-13
 2.07152e+23	1.05e-02	9.90e-01	7.68e-13
 2.08983e+23	1.12e-02	9.89e-01	9.81e-13
 2.10810e+23	1.23e-02	9.88e-01	1.36e-12
 2.12656e+23	1.33e-02	9.87e-01	1.79e-12
 2.14526e+23	1.49e-02	9.85e-01	2.56e-12
 2.16418e+23	1.64e-02	9.84e-01	3.52e-12
 2.18057e+23	1.82e-02	9.82e-01	4.86e-12
 2.19470e+23	1.99e-02	9.80e-01	6.31e-12
 2.20872e+23	2.22e-02	9.78e-01	8.73e-12
 2.22346e+23	2.49e-02	9.75e-01	1.21e-11
 2.23676e+23	2.80e-02	9.72e-01	1.68e-11
 2.25168e+23	3.28e-02	9.67e-01	2.57e-11
 2.26702e+23	3.87e-02	9.61e-01	3.95e-11
 2.27954e+23	4.54e-02	9.55e-01	5.85e-11
 2.29028e+23	5.28e-02	9.47e-01	8.45e-11
 2.30012e+23	6.18e-02	9.38e-01	1.23e-10
 2.30953e+23	7.29e-02	9.27e-01	1.80e-10
 2.31878e+23	8.74e-02	9.13e-01	2.72e-10
 2.32724e+23	1.05e-01	8.95e-01	4.06e-10
 2.33455e+23	1.24e-01	8.76e-01	5.87e-10
 2.34101e+23	1.46e-01	8.54e-01	8.33e-10
 2.34688e+23	1.71e-01	8.29e-01	1.16e-09
 2.35228e+23	1.99e-01	8.01e-01	1.58e-09
 2.35727e+23	2.29e-01	7.71e-01	2.11e-09
 2.36189e+23	2.62e-01	7.38e-01	2.76e-09
 2.36619e+23	2.96e-01	7.04e-01	3.54e-09
 2.37012e+23	3.31e-01	6.69e-01	4.40e-09
 2.37352e+23	3.64e-01	6.36e-01	5.27e-09
 2.37598e+23	3.88e-01	6.12e-01	5.93e-09
 2.37765e+23	4.05e-01	5.95e-01	6.42e-09
 2.37938e+23	4.22e-01	5.78e-01	6.96e-09
 2.38147e+23	4.44e-01	5.56e-01	7.66e-09
 2.38377e+23	4.69e-01	5.31e-01	8.47e-09
 2.38607e+23	4.93e-01	5.07e-01	9.25e-09
 2.38831e+23	5.15e-01	4.85e-01	1.00e-08
 2.39042e+23	5.36e-01	4.64e-01	1.07e-08
 2.39210e+23	5.52e-01	4.48e-01	1.12e-08
 2.39327e+23	5.62e-01	4.38e-01	1.16e-08
 2.39443e+23	5.73e-01	4.27e-01	1.20e-08
 2.39578e+23	5.85e-01	4.15e-01	1.24e-08
 2.39728e+23	5.98e-01	4.02e-01	1.29e-08
 2.39877e+23	6.11e-01	3.89e-01	1.33e-08
 2.40019e+23	6.22e-01	3.78e-01	1.38e-08
 2.40163e+23	6.34e-01	3.66e-01	1.42e-08
 2.40314e+23	6.45e-01	3.55e-01	1.46e-08
 2.40473e+23	6.57e-01	3.43e-01	1.50e-08
 2.40633e+23	6.68e-01	3.32e-01	1.54e-08
 2.40793e+23	6.79e-01	3.21e-01	1.58e-08
 2.40960e+23	6.90e-01	3.10e-01	1.62e-08
 2.41133e+23	7.00e-01	3.00e-01	1.66e-08
 2.41310e+23	7.11e-01	2.89e-01	1.70e-08
 2.41490e+23	7.21e-01	2.79e-01	1.73e-08
 2.41677e+23	7.31e-01	2.69e-01	1.77e-08
 2.41869e+23	7.40e-01	2.60e-01	1.81e-08
 2.42067e+23	7.50e-01	2.50e-01	1.84e-08
 2.42269e+23	7.59e-01	2.41e-01	1.87e-08
 2.42480e+23	7.68e-01	2.32e-01	1.91e-08
 2.42698e+23	7.77e-01	2.23e-01	1.94e-08
 2.42922e+23	7.85e-01	2.15e-01	1.97e-08
 2.43153e+23	7.93e-01	2.07e-01	2.00e-08
 2.43393e+23	8.01e-01	1.99e-01	2.03e-08
 2.43644e+23	8.09e-01	1.91e-01	2.06e-08
 2.43902e+23	8.17e-01	1.83e-01	2.09e-08
 2.44169e+23	8.24e-01	1.76e-01	2.12e-08
 2.44441e+23	8.30e-01	1.70e-01	2.15e-08
 2.44721e+23	8.37e-01	1.63e-01	2.18e-08
 2.45011e+23	8.43e-01	1.57e-01	2.21e-08
 2.45309e+23	8.49e-01	1.51e-01	2.25e-08
 2.45617e+23	8.54e-01	1.46e-01	2.28e-08
 2.45937e+23	8.60e-01	1.40e-01	2.32e-08
 2.46267e+23	8.65e-01	1.35e-01	2.36e-08
 2.46612e+23	8.69e-01	1.31e-01	2.41e-08
 2.46973e+23	8.74e-01	1.26e-01	2.45e-08
 2.47349e+23	8.78e-01	1.22e-01	2.51e-08
 2.47743e+23	8.82e-01	1.18e-01	2.57e-08
 2.48159e+23	8.86e-01	1.14e-01	2.64e-08
 2.48598e+23	8.90e-01	1.10e-01	2.73e-08
 2.49057e+23	8.94e-01	1.06e-01	2.82e-08
 2.49516e+23	8.97e-01	1.03e-01	2.92e-08
 2.49957e+23	9.00e-01	9.96e-02	3.03e-08
 2.50386e+23	9.03e-01	9.68e-02	3.14e-08
 2.50804e+23	9.06e-01	9.42e-02	3.26e-08
 2.51212e+23	9.08e-01	9.18e-02	3.38e-08
 2.51606e+23	9.10e-01	8.95e-02	3.49e-08
 2.51982e+23	9.13e-01	8.74e-02	3.60e-08
 2.52333e+23	9.15e-01	8.55e-02	3.71e-08
 2.52675e+23	9.16e-01	8.37e-02	3.84e-08
 2.53017e+23	9.18e-01	8.18e-02	3.97e-08
 2.53348e+23	9.20e-01	8.00e-02	4.11e-08
 2.53667e+23	9.22e-01	7.84e-02	4.26e-08
 2.53975e+23	9.23e-01	7.68e-02	4.42e-08
 2.54273e+23	9.25e-01	7.53e-02	4.58e-08
 2.54561e+23	9.26e-01	7.38e-02	4.75e-08
 2.54839e+23	9.28e-01	7.24e-02	4.93e-08
 2.55107e+23	9.29e-01	7.10e-02	5.12e-08
 2.55365e+23	9.30e-01	6.97e-02	5.33e-08
 2.55615e+23	9.32e-01	6.85e-02	5.55e-08
 2.55852e+23	9.33e-01	6.73e-02	5.77e-08
 2.56084e+23	9.34e-01	6.61e-02	6.03e-08
 2.56310e+23	9.35e-01	6.49e-02	6.29e-08
 2.56516e+23	9.36e-01	6.40e-02	6.53e-08
 2.56704e+23	9.37e-01	6.31e-02	6.78e-08
 2.56875e+23	9.38e-01	6.22e-02	7.02e-08
 2.57030e+23	9.38e-01	6.15e-02	7.25e-08
 2.57172e+23	9.39e-01	6.09e-02	7.46e-08
 2.57300e+23	9.40e-01	6.03e-02	7.66e-08
 2.57417e+23	9.40e-01	5.97e-02	7.85e-08
 2.57546e+23	9.41e-01	5.90e-02	8.10e-08
 2.57684e+23	9.42e-01	5.82e-02	8.33e-08
 2.57810e+23	9.42e-01	5.76e-02	8.54e-08
 2.57948e+23	9.43e-01	5.69e-02	8.80e-08
 2.58098e+23	9.44e-01	5.60e-02	9.05e-08
 2.58233e+23	9.45e-01	5.54e-02	9.27e-08
 2.58357e+23	9.45e-01	5.49e-02	9.45e-08
 2.58492e+23	9.46e-01	5.42e-02	9.70e-08
 2.58638e+23	9.47e-01	5.34e-02	9.93e-08
 2.58771e+23	9.47e-01	5.29e-02	1.01e-07
 2.58917e+23	9.48e-01	5.22e-02	1.03e-07
 2.59074e+23	9.49e-01	5.15e-02	1.05e-07
 2.59217e+23	9.49e-01	5.08e-02	1.06e-07
 2.59348e+23	9.49e-01	5.05e-02	1.07e-07
 2.59490e+23	9.50e-01	4.99e-02	1.08e-07
 2.59644e+23	9.51e-01	4.91e-02	1.10e-07
 2.59785e+23	9.51e-01	4.86e-02	1.11e-07
 2.59938e+23	9.52e-01	4.80e-02	1.12e-07
 2.60104e+23	9.53e-01	4.73e-02	1.13e-07
 2.60255e+23	9.53e-01	4.68e-02	1.13e-07
 2.60421e+23	9.54e-01	4.61e-02	1.14e-07
 2.60599e+23	9.55e-01	4.53e-02	1.15e-07
 2.60762e+23	9.55e-01	4.48e-02	1.15e-07
 2.60910e+23	9.56e-01	4.43e-02	1.15e-07
 2.61044e+23	9.56e-01	4.38e-02	1.15e-07
 2.61167e+23	9.57e-01	4.34e-02	1.15e-07
 2.61301e+23	9.57e-01	4.29e-02	1.15e-07
 2.61446e+23	9.58e-01	4.23e-02	1.14e-07
 2.61577e+23	9.58e-01	4.19e-02	1.14e-07
 2.61722e+23	9.59e-01	4.14e-02	1.14e-07
 2.61878e+23	9.59e-01	4.07e-02	1.14e-07
 2.62020e+23	9.60e-01	4.03e-02	1.14e-07
 2.62149e+23	9.60e-01	3.99e-02	1.13e-07
 2.62267e+23	9.60e-01	3.96e-02	1.13e-07
 2.62395e+23	9.61e-01	3.92e-02	1.12e-07
 2.62534e+23	9.61e-01	3.86e-02	1.12e-07
 2.62661e+23	9.62e-01	3.82e-02	1.11e-07
 2.62776e+23	9.62e-01	3.79e-02	1.11e-07
 2.62902e+23	9.62e-01	3.76e-02	1.10e-07
 2.63038e+23	9.63e-01	3.71e-02	1.10e-07
 2.63188e+23	9.63e-01	3.66e-02	1.09e-07
 2.63349e+23	9.64e-01	3.61e-02	1.09e-07
 2.63495e+23	9.64e-01	3.57e-02	1.09e-07
 2.63629e+23	9.65e-01	3.55e-02	1.09e-07
 2.63775e+23	9.65e-01	3.51e-02	1.08e-07
 2.63933e+23	9.65e-01	3.46e-02	1.08e-07
 2.64076e+23	9.66e-01	3.43e-02	1.08e-07
 2.64234e+23	9.66e-01	3.39e-02	1.07e-07
 2.64404e+23	9.67e-01	3.34e-02	1.07e-07
 2.64558e+23	9.67e-01	3.30e-02	1.07e-07
 2.64699e+23	9.67e-01	3.28e-02	1.06e-07
 2.64853e+23	9.68e-01	3.24e-02	1.06e-07
 2.65020e+23	9.68e-01	3.19e-02	1.06e-07
 2.65171e+23	9.68e-01	3.17e-02	1.06e-07
 2.65337e+23	9.69e-01	3.13e-02	1.05e-07
 2.65517e+23	9.69e-01	3.08e-02	1.05e-07
 2.65680e+23	9.70e-01	3.04e-02	1.04e-07
 2.65828e+23	9.70e-01	3.02e-02	1.04e-07
 2.65991e+23	9.70e-01	2.99e-02	1.04e-07
 2.66166e+23	9.71e-01	2.95e-02	1.04e-07
 2.66326e+23	9.71e-01	2.92e-02	1.03e-07
 2.66501e+23	9.71e-01	2.88e-02	1.03e-07
 2.66690e+23	9.72e-01	2.84e-02	1.03e-07
 2.66862e+23	9.72e-01	2.81e-02	1.03e-07
 2.67050e+23	9.72e-01	2.77e-02	1.02e-07
 2.67254e+23	9.73e-01	2.73e-02	1.02e-07
 2.67439e+23	9.73e-01	2.70e-02	1.02e-07
 2.67642e+23	9.73e-01	2.66e-02	1.01e-07
 2.67861e+23	9.74e-01	2.62e-02	1.02e-07
 2.68060e+23	9.74e-01	2.59e-02	1.01e-07
 2.68279e+23	9.74e-01	2.55e-02	1.01e-07
 2.68514e+23	9.75e-01	2.51e-02	1.01e-07
 2.68729e+23	9.75e-01	2.48e-02	1.01e-07
 2.68924e+23	9.76e-01	2.45e-02	1.01e-07
 2.69102e+23	9.76e-01	2.43e-02	1.01e-07
 2.69297e+23	9.76e-01	2.40e-02	1.00e-07
 2.69507e+23	9.76e-01	2.36e-02	1.01e-07
 2.69698e+23	9.77e-01	2.34e-02	1.01e-07
 2.69908e+23	9.77e-01	2.31e-02	1.00e-07
 2.70134e+23	9.77e-01	2.27e-02	1.01e-07
 2.70340e+23	9.78e-01	2.25e-02	1.01e-07
 2.70566e+23	9.78e-01	2.22e-02	1.00e-07
 2.70809e+23	9.78e-01	2.18e-02	1.00e-07
 2.71031e+23	9.78e-01	2.16e-02	1.01e-07
 2.71274e+23	9.79e-01	2.12e-02	1.00e-07
 2.71536e+23	9.79e-01	2.09e-02	1.00e-07
 2.71775e+23	9.79e-01	2.06e-02	1.00e-07
 2.72036e+23	9.80e-01	2.03e-02	1.00e-07
 2.72319e+23	9.80e-01	1.99e-02	1.00e-07
 2.72576e+23	9.80e-01	1.97e-02	1.00e-07
 2.72857e+23	9.81e-01	1.94e-02	1.00e-07
 2.73161e+23	9.81e-01	1.90e-02	1.00e-07
 2.73438e+23	9.81e-01	1.88e-02	1.00e-07
 2.73741e+23	9.82e-01	1.84e-02	1.00e-07
 2.74068e+23	9.82e-01	1.81e-02	1.00e-07
 2.74366e+23	9.82e-01	1.78e-02	1.00e-07
 2.74636e+23	9.82e-01	1.76e-02	1.00e-07
 2.74933e+23	9.83e-01	1.73e-02	1.00e-07
 2.75254e+23	9.83e-01	1.70e-02	1.00e-07
 2.75546e+23	9.83e-01	1.67e-02	1.00e-07
 2.75865e+23	9.84e-01	1.64e-02	1.00e-07
 2.76210e+23	9.84e-01	1.61e-02	1.00e-07
 2.76524e+23	9.84e-01	1.59e-02	1.00e-07
 2.76868e+23	9.84e-01	1.56e-02	1.00e-07
 2.77240e+23	9.85e-01	1.53e-02	1.00e-07
 2.77578e+23	9.85e-01	1.50e-02	1.00e-07
 2.77885e+23	9.85e-01	1.48e-02	1.00e-07
 2.78223e+23	9.85e-01	1.46e-02	1.00e-07
 2.78586e+23	9.86e-01	1.43e-02	1.00e-07
 2.78918e+23	9.86e-01	1.41e-02	1.00e-07
 2.79280e+23	9.86e-01	1.38e-02	1.00e-07
 2.79672e+23	9.86e-01	1.36e-02	1.00e-07
 2.80029e+23	9.87e-01	1.33e-02	1.00e-07
 2.80419e+23	9.87e-01	1.31e-02	1.00e-07
 2.80841e+23	9.87e-01	1.28e-02	1.01e-07
 2.81225e+23	9.87e-01	1.26e-02	1.01e-07
 2.81574e+23	9.88e-01	1.24e-02	1.01e-07
 2.81957e+23	9.88e-01	1.22e-02	1.01e-07
 2.82370e+23	9.88e-01	1.19e-02	1.01e-07
 2.82746e+23	9.88e-01	1.17e-02	1.01e-07
 2.83158e+23	9.89e-01	1.15e-02	1.01e-07
 2.83693e+23	9.89e-01	1.12e-02	1.01e-07
 2.84275e+23	9.89e-01	1.09e-02	1.01e-07
 2.84861e+23	9.89e-01	1.06e-02	1.01e-07
 2.85471e+23	9.90e-01	1.03e-02	1.01e-07
 2.86081e+23	9.90e-01	1.00e-02	1.01e-07
 2.86697e+23	9.90e-01	9.73e-03	1.02e-07
 2.87321e+23	9.91e-01	9.46e-03	1.02e-07
 2.87949e+23	9.91e-01	9.19e-03	1.02e-07
 2.88583e+23	9.91e-01	8.93e-03	1.02e-07
 2.89223e+23	9.91e-01	8.68e-03	1.02e-07
 2.89870e+23	9.92e-01	8.43e-03	1.02e-07
 2.90524e+23	9.92e-01	8.19e-03	1.02e-07
 2.91182e+23	9.92e-01	7.95e-03	1.02e-07
 2.91846e+23	9.92e-01	7.72e-03	1.03e-07
 2.92516e+23	9.92e-01	7.50e-03	1.03e-07
 2.93190e+23	9.93e-01	7.28e-03	1.03e-07
 2.93868e+23	9.93e-01	7.07e-03	1.03e-07
 2.94552e+23	9.93e-01	6.86e-03	1.03e-07
 2.95241e+23	9.93e-01	6.66e-03	1.03e-07
 2.95935e+23	9.94e-01	6.46e-03	1.03e-07
 2.96635e+23	9.94e-01	6.27e-03	1.04e-07
 2.97339e+23	9.94e-01	6.08e-03	1.04e-07
 2.98048e+23	9.94e-01	5.90e-03	1.04e-07
 2.98763e+23	9.94e-01	5.72e-03	1.04e-07
 2.99495e+23	9.94e-01	5.54e-03	1.05e-07
 3.00242e+23	9.95e-01	5.37e-03	1.05e-07
 3.00996e+23	9.95e-01	5.20e-03	1.05e-07
 3.01759e+23	9.95e-01	5.04e-03	1.05e-07
 3.02529e+23	9.95e-01	4.88e-03	1.06e-07
 3.03308e+23	9.95e-01	4.72e-03	1.06e-07
 3.04096e+23	9.95e-01	4.57e-03	1.07e-07
 3.04894e+23	9.96e-01	4.42e-03	1.07e-07
 3.05705e+23	9.96e-01	4.28e-03	1.08e-07
 3.06530e+23	9.96e-01	4.14e-03	1.08e-07
 3.07378e+23	9.96e-01	4.00e-03	1.09e-07
 3.08189e+23	9.96e-01	3.88e-03	1.09e-07
