#depth	Ar	Ar+	Ar+2	Ar+3	Ar+4	Ar+5	Ar+6	Ar+7	Ar+8	Ar+9	Ar+10	Ar+11	Ar+12	Ar+13	Ar+14	Ar+15	Ar+16	Ar+17	Ar+18
 4.62852e+21	0.00e+00	0.00e+00	1.06e-31	5.59e-28	1.95e-24	2.97e-21	2.90e-18	1.88e-15	7.32e-13	8.54e-11	5.33e-09	1.70e-07	3.56e-06	4.79e-05	5.90e-04	6.88e-03	1.49e-01	4.37e-01	4.06e-01
 1.02072e+22	0.00e+00	3.42e-33	3.75e-28	9.87e-25	1.50e-21	9.51e-19	3.82e-16	1.76e-13	8.12e-11	6.18e-09	2.49e-07	5.14e-06	7.22e-05	5.99e-04	3.81e-03	2.49e-02	2.86e-01	4.53e-01	2.31e-01
 1.15362e+22	0.00e+00	6.67e-32	6.74e-27	1.40e-23	1.63e-20	7.77e-18	2.33e-15	8.14e-13	3.45e-10	2.36e-08	8.44e-07	1.54e-05	1.91e-04	1.34e-03	6.84e-03	3.64e-02	3.39e-01	4.35e-01	1.81e-01
 1.21047e+22	0.00e+00	2.61e-31	2.53e-26	4.72e-23	4.87e-20	2.04e-17	5.36e-15	1.65e-12	6.75e-10	4.41e-08	1.49e-06	2.55e-05	2.99e-04	1.95e-03	8.92e-03	4.30e-02	3.64e-01	4.23e-01	1.59e-01
 1.23538e+22	0.00e+00	3.96e-31	3.79e-26	6.84e-23	6.81e-20	2.74e-17	6.92e-15	2.05e-12	8.29e-10	5.34e-08	1.78e-06	2.98e-05	3.43e-04	2.18e-03	9.67e-03	4.52e-02	3.71e-01	4.18e-01	1.53e-01
 1.24910e+22	0.00e+00	6.76e-31	6.36e-26	1.10e-22	1.05e-19	4.00e-17	9.59e-15	2.69e-12	1.08e-09	6.83e-08	2.23e-06	3.65e-05	4.09e-04	2.52e-03	1.07e-02	4.82e-02	3.80e-01	4.13e-01	1.45e-01
 1.26401e+22	0.00e+00	1.09e-30	1.01e-25	1.68e-22	1.53e-19	5.62e-17	1.29e-14	3.46e-12	1.37e-09	8.53e-08	2.73e-06	4.36e-05	4.79e-04	2.87e-03	1.17e-02	5.09e-02	3.88e-01	4.07e-01	1.39e-01
 1.28046e+22	0.00e+00	2.04e-30	1.86e-25	2.95e-22	2.54e-19	8.76e-17	1.89e-14	4.78e-12	1.86e-09	1.14e-07	3.55e-06	5.53e-05	5.90e-04	3.39e-03	1.32e-02	5.47e-02	3.99e-01	3.99e-01	1.30e-01
 1.29673e+22	0.00e+00	3.23e-30	2.90e-25	4.44e-22	3.68e-19	1.21e-16	2.50e-14	6.06e-12	2.34e-09	1.41e-07	4.32e-06	6.57e-05	6.87e-04	3.84e-03	1.44e-02	5.76e-02	4.07e-01	3.93e-01	1.24e-01
 1.31276e+22	0.00e+00	5.90e-30	5.19e-25	7.59e-22	5.96e-19	1.86e-16	3.60e-14	8.25e-12	3.15e-09	1.86e-07	5.58e-06	8.24e-05	8.38e-04	4.51e-03	1.62e-02	6.16e-02	4.16e-01	3.85e-01	1.16e-01
 1.32900e+22	0.00e+00	9.25e-30	8.02e-25	1.13e-21	8.56e-19	2.56e-16	4.76e-14	1.04e-11	3.95e-09	2.30e-07	6.76e-06	9.77e-05	9.72e-04	5.08e-03	1.76e-02	6.47e-02	4.23e-01	3.78e-01	1.10e-01
 1.34549e+22	0.00e+00	1.69e-29	1.43e-24	1.93e-21	1.39e-18	3.92e-16	6.86e-14	1.42e-11	5.32e-09	3.05e-07	8.74e-06	1.23e-04	1.18e-03	5.96e-03	1.96e-02	6.90e-02	4.32e-01	3.69e-01	1.03e-01
 1.36215e+22	0.00e+00	2.67e-29	2.24e-24	2.92e-21	2.01e-18	5.44e-16	9.10e-14	1.81e-11	6.70e-09	3.78e-07	1.06e-05	1.46e-04	1.38e-03	6.73e-03	2.13e-02	7.24e-02	4.38e-01	3.62e-01	9.76e-02
 1.37903e+22	0.00e+00	4.90e-29	4.02e-24	5.00e-21	3.26e-18	8.34e-16	1.32e-13	2.46e-11	9.04e-09	5.02e-07	1.38e-05	1.83e-04	1.68e-03	7.89e-03	2.38e-02	7.70e-02	4.46e-01	3.52e-01	9.09e-02
 1.39620e+22	0.00e+00	7.89e-29	6.37e-24	7.64e-21	4.78e-18	1.17e-15	1.76e-13	3.15e-11	1.15e-08	6.28e-07	1.69e-05	2.19e-04	1.96e-03	8.93e-03	2.59e-02	8.07e-02	4.52e-01	3.44e-01	8.57e-02
 1.41377e+22	0.00e+00	1.47e-28	1.17e-23	1.33e-20	7.89e-18	1.82e-15	2.57e-13	4.32e-11	1.56e-08	8.41e-07	2.21e-05	2.77e-04	2.41e-03	1.05e-02	2.90e-02	8.57e-02	4.59e-01	3.34e-01	7.93e-02
 1.43159e+22	2.58e-34	2.40e-28	1.87e-23	2.06e-20	1.17e-17	2.57e-15	3.45e-13	5.55e-11	1.99e-08	1.06e-06	2.73e-05	3.34e-04	2.82e-03	1.19e-02	3.15e-02	8.98e-02	4.64e-01	3.25e-01	7.45e-02
 1.44709e+22	4.22e-34	3.87e-28	2.97e-23	3.14e-20	1.71e-17	3.58e-15	4.60e-13	7.05e-11	2.52e-08	1.32e-06	3.34e-05	3.99e-04	3.29e-03	1.34e-02	3.42e-02	9.38e-02	4.69e-01	3.16e-01	7.00e-02
 1.46171e+22	6.64e-34	6.00e-28	4.53e-23	4.64e-20	2.42e-17	4.87e-15	5.98e-13	8.79e-11	3.13e-08	1.62e-06	4.03e-05	4.69e-04	3.78e-03	1.50e-02	3.69e-02	9.75e-02	4.72e-01	3.08e-01	6.60e-02
 1.47787e+22	1.20e-33	1.06e-27	7.88e-23	7.71e-20	3.83e-17	7.27e-15	8.41e-13	1.17e-10	4.14e-08	2.12e-06	5.14e-05	5.81e-04	4.54e-03	1.73e-02	4.06e-02	1.02e-01	4.76e-01	2.98e-01	6.10e-02
 1.49398e+22	1.89e-33	1.65e-27	1.20e-22	1.14e-19	5.42e-17	9.86e-15	1.09e-12	1.45e-10	5.13e-08	2.59e-06	6.19e-05	6.83e-04	5.22e-03	1.93e-02	4.36e-02	1.06e-01	4.78e-01	2.89e-01	5.74e-02
 1.51000e+22	3.42e-33	2.92e-27	2.09e-22	1.89e-19	8.53e-17	1.47e-14	1.53e-12	1.92e-10	6.77e-08	3.38e-06	7.89e-05	8.44e-04	6.25e-03	2.22e-02	4.79e-02	1.11e-01	4.81e-01	2.78e-01	5.28e-02
 1.52493e+22	4.97e-33	4.18e-27	2.96e-22	2.59e-19	1.14e-16	1.88e-14	1.89e-12	2.29e-10	8.08e-08	4.00e-06	9.19e-05	9.64e-04	7.00e-03	2.42e-02	5.07e-02	1.14e-01	4.82e-01	2.71e-01	5.01e-02
 1.53627e+22	7.21e-33	6.00e-27	4.19e-22	3.56e-19	1.51e-16	2.41e-14	2.33e-12	2.72e-10	9.59e-08	4.71e-06	1.07e-04	1.10e-03	7.83e-03	2.64e-02	5.36e-02	1.17e-01	4.82e-01	2.64e-01	4.75e-02
 1.54684e+22	1.01e-32	8.33e-27	5.75e-22	4.76e-19	1.95e-16	3.02e-14	2.81e-12	3.18e-10	1.12e-07	5.48e-06	1.23e-04	1.24e-03	8.67e-03	2.85e-02	5.64e-02	1.20e-01	4.82e-01	2.57e-01	4.52e-02
 1.55860e+22	1.58e-32	1.28e-26	8.68e-22	6.93e-19	2.73e-16	4.03e-14	3.60e-12	3.88e-10	1.37e-07	6.66e-06	1.47e-04	1.45e-03	9.89e-03	3.16e-02	6.02e-02	1.24e-01	4.82e-01	2.49e-01	4.23e-02
 1.57005e+22	2.18e-32	1.74e-26	1.17e-21	9.13e-19	3.49e-16	4.99e-14	4.30e-12	4.50e-10	1.60e-07	7.68e-06	1.67e-04	1.62e-03	1.09e-02	3.40e-02	6.31e-02	1.26e-01	4.81e-01	2.43e-01	4.03e-02
 1.58109e+22	3.37e-32	2.66e-26	1.76e-21	1.32e-18	4.84e-16	6.62e-14	5.44e-12	5.45e-10	1.94e-07	9.29e-06	1.99e-04	1.88e-03	1.24e-02	3.74e-02	6.72e-02	1.30e-01	4.80e-01	2.34e-01	3.76e-02
 1.59199e+22	4.56e-32	3.56e-26	2.34e-21	1.71e-18	6.09e-16	8.08e-14	6.44e-12	6.26e-10	2.23e-07	1.06e-05	2.25e-04	2.09e-03	1.35e-02	4.00e-02	7.00e-02	1.32e-01	4.78e-01	2.28e-01	3.59e-02
 1.60268e+22	6.92e-32	5.32e-26	3.45e-21	2.43e-18	8.33e-16	1.06e-13	8.06e-12	7.50e-10	2.69e-07	1.27e-05	2.65e-04	2.41e-03	1.52e-02	4.38e-02	7.41e-02	1.35e-01	4.76e-01	2.20e-01	3.36e-02
 1.61316e+22	9.37e-32	7.13e-26	4.57e-21	3.14e-18	1.05e-15	1.29e-13	9.49e-12	8.57e-10	3.09e-07	1.45e-05	2.99e-04	2.68e-03	1.66e-02	4.68e-02	7.72e-02	1.37e-01	4.73e-01	2.14e-01	3.19e-02
 1.62338e+22	1.43e-31	1.07e-25	6.79e-21	4.49e-18	1.43e-15	1.68e-13	1.18e-11	1.02e-09	3.72e-07	1.74e-05	3.54e-04	3.09e-03	1.88e-02	5.12e-02	8.16e-02	1.40e-01	4.70e-01	2.06e-01	2.97e-02
 1.63341e+22	1.91e-31	1.42e-25	8.87e-21	5.73e-18	1.78e-15	2.03e-13	1.38e-11	1.16e-09	4.24e-07	1.97e-05	3.96e-04	3.41e-03	2.03e-02	5.44e-02	8.47e-02	1.42e-01	4.67e-01	2.00e-01	2.83e-02
 1.64322e+22	2.84e-31	2.08e-25	1.28e-20	8.00e-18	2.38e-15	2.61e-13	1.70e-11	1.37e-09	5.04e-07	2.33e-05	4.62e-04	3.89e-03	2.27e-02	5.90e-02	8.90e-02	1.44e-01	4.62e-01	1.92e-01	2.64e-02
 1.65323e+22	3.93e-31	2.84e-25	1.74e-20	1.05e-17	3.03e-15	3.20e-13	2.01e-11	1.56e-09	5.81e-07	2.68e-05	5.24e-04	4.33e-03	2.48e-02	6.31e-02	9.26e-02	1.46e-01	4.58e-01	1.86e-01	2.49e-02
 1.66172e+22	5.21e-31	3.73e-25	2.25e-20	1.33e-17	3.73e-15	3.82e-13	2.32e-11	1.75e-09	6.57e-07	3.02e-05	5.85e-04	4.75e-03	2.68e-02	6.67e-02	9.57e-02	1.47e-01	4.54e-01	1.80e-01	2.37e-02
 1.67093e+22	7.86e-31	5.55e-25	3.31e-20	1.88e-17	5.03e-15	4.91e-13	2.84e-11	2.05e-09	7.81e-07	3.58e-05	6.84e-04	5.43e-03	3.00e-02	7.24e-02	1.00e-01	1.49e-01	4.47e-01	1.72e-01	2.20e-02
 1.67984e+22	1.02e-30	7.14e-25	4.22e-20	2.33e-17	6.09e-15	5.78e-13	3.25e-11	2.29e-09	8.75e-07	4.00e-05	7.56e-04	5.91e-03	3.22e-02	7.61e-02	1.03e-01	1.50e-01	4.43e-01	1.67e-01	2.09e-02
 1.68833e+22	1.47e-30	1.01e-24	5.91e-20	3.15e-17	7.92e-15	7.22e-13	3.89e-11	2.63e-09	1.02e-06	4.65e-05	8.67e-04	6.64e-03	3.54e-02	8.16e-02	1.07e-01	1.52e-01	4.36e-01	1.60e-01	1.95e-02
 1.69713e+22	1.99e-30	1.36e-24	7.85e-20	4.07e-17	9.88e-15	8.70e-13	4.52e-11	2.96e-09	1.16e-06	5.27e-05	9.73e-04	7.32e-03	3.83e-02	8.64e-02	1.11e-01	1.53e-01	4.30e-01	1.54e-01	1.84e-02
 1.70631e+22	3.02e-30	2.03e-24	1.15e-19	5.73e-17	1.33e-14	1.11e-12	5.50e-11	3.44e-09	1.37e-06	6.24e-05	1.13e-03	8.34e-03	4.27e-02	9.32e-02	1.16e-01	1.54e-01	4.22e-01	1.47e-01	1.69e-02
 1.71535e+22	4.03e-30	2.68e-24	1.51e-19	7.29e-17	1.64e-14	1.33e-12	6.34e-11	3.84e-09	1.55e-06	7.02e-05	1.26e-03	9.13e-03	4.59e-02	9.82e-02	1.19e-01	1.54e-01	4.15e-01	1.41e-01	1.59e-02
 1.72421e+22	6.03e-30	3.96e-24	2.19e-19	1.02e-16	2.18e-14	1.69e-12	7.66e-11	4.44e-09	1.83e-06	8.25e-05	1.46e-03	1.03e-02	5.07e-02	1.05e-01	1.23e-01	1.55e-01	4.05e-01	1.34e-01	1.46e-02
 1.73318e+22	8.31e-30	5.39e-24	2.95e-19	1.32e-16	2.74e-14	2.04e-12	8.89e-11	4.98e-09	2.08e-06	9.36e-05	1.64e-03	1.14e-02	5.49e-02	1.11e-01	1.27e-01	1.55e-01	3.97e-01	1.28e-01	1.37e-02
 1.74231e+22	1.27e-29	8.13e-24	4.38e-19	1.87e-16	3.70e-14	2.61e-12	1.08e-10	5.76e-09	2.46e-06	1.11e-04	1.91e-03	1.29e-02	6.08e-02	1.19e-01	1.31e-01	1.55e-01	3.86e-01	1.20e-01	1.24e-02
 1.75118e+22	1.73e-29	1.09e-23	5.83e-19	2.41e-16	4.59e-14	3.12e-12	1.24e-10	6.40e-09	2.77e-06	1.25e-04	2.13e-03	1.41e-02	6.53e-02	1.25e-01	1.35e-01	1.54e-01	3.77e-01	1.15e-01	1.16e-02
 1.75971e+22	2.62e-29	1.63e-23	8.54e-19	3.37e-16	6.11e-14	3.95e-12	1.49e-10	7.34e-09	3.25e-06	1.46e-04	2.46e-03	1.59e-02	7.18e-02	1.34e-01	1.39e-01	1.54e-01	3.66e-01	1.08e-01	1.05e-02
 1.76834e+22	3.63e-29	2.23e-23	1.15e-18	4.39e-16	7.66e-14	4.75e-12	1.72e-10	8.16e-09	3.68e-06	1.65e-04	2.75e-03	1.75e-02	7.73e-02	1.40e-01	1.42e-01	1.53e-01	3.56e-01	1.02e-01	9.76e-03
 1.77709e+22	5.61e-29	3.39e-23	1.72e-18	6.24e-16	1.03e-13	6.05e-12	2.07e-10	9.36e-09	4.33e-06	1.94e-04	3.18e-03	1.97e-02	8.50e-02	1.49e-01	1.45e-01	1.51e-01	3.42e-01	9.50e-02	8.78e-03
 1.78553e+22	7.64e-29	4.56e-23	2.29e-18	7.99e-16	1.27e-13	7.19e-12	2.36e-10	1.03e-08	4.85e-06	2.18e-04	3.52e-03	2.14e-02	9.08e-02	1.56e-01	1.48e-01	1.50e-01	3.32e-01	9.01e-02	8.13e-03
 1.79358e+22	1.15e-28	6.78e-23	3.34e-18	1.11e-15	1.68e-13	9.01e-12	2.81e-10	1.17e-08	5.63e-06	2.53e-04	4.03e-03	2.39e-02	9.88e-02	1.64e-01	1.51e-01	1.48e-01	3.19e-01	8.36e-02	7.32e-03
 1.80167e+22	1.59e-28	9.22e-23	4.49e-18	1.44e-15	2.09e-13	1.07e-11	3.20e-10	1.29e-08	6.32e-06	2.83e-04	4.46e-03	2.60e-02	1.05e-01	1.71e-01	1.53e-01	1.46e-01	3.08e-01	7.88e-02	6.73e-03
 1.80982e+22	2.42e-28	1.38e-22	6.59e-18	2.00e-15	2.77e-13	1.35e-11	3.80e-10	1.46e-08	7.32e-06	3.28e-04	5.08e-03	2.89e-02	1.14e-01	1.80e-01	1.55e-01	1.43e-01	2.94e-01	7.28e-02	6.01e-03
 1.81809e+22	3.36e-28	1.89e-22	8.89e-18	2.60e-15	3.44e-13	1.61e-11	4.35e-10	1.61e-08	8.20e-06	3.67e-04	5.62e-03	3.13e-02	1.22e-01	1.87e-01	1.57e-01	1.41e-01	2.83e-01	6.82e-02	5.49e-03
 1.82653e+22	5.16e-28	2.85e-22	1.32e-17	3.65e-15	4.58e-13	2.02e-11	5.18e-10	1.82e-08	9.49e-06	4.24e-04	6.39e-03	3.47e-02	1.31e-01	1.95e-01	1.59e-01	1.37e-01	2.68e-01	6.25e-02	4.87e-03
 1.83515e+22	7.29e-28	3.97e-22	1.81e-17	4.79e-15	5.76e-13	2.43e-11	5.96e-10	2.02e-08	1.06e-05	4.75e-04	7.08e-03	3.76e-02	1.40e-01	2.02e-01	1.60e-01	1.34e-01	2.57e-01	5.81e-02	4.41e-03
 1.84277e+22	1.02e-27	5.50e-22	2.46e-17	6.26e-15	7.21e-13	2.92e-11	6.84e-10	2.23e-08	1.19e-05	5.31e-04	7.80e-03	4.07e-02	1.48e-01	2.09e-01	1.60e-01	1.31e-01	2.45e-01	5.40e-02	3.99e-03
 1.85116e+22	1.55e-27	8.18e-22	3.59e-17	8.67e-15	9.47e-13	3.64e-11	8.08e-10	2.51e-08	1.36e-05	6.06e-04	8.76e-03	4.46e-02	1.58e-01	2.16e-01	1.61e-01	1.27e-01	2.31e-01	4.93e-02	3.52e-03
 1.85964e+22	2.20e-27	1.14e-21	4.92e-17	1.14e-14	1.19e-12	4.37e-11	9.29e-10	2.78e-08	1.52e-05	6.75e-04	9.62e-03	4.80e-02	1.67e-01	2.22e-01	1.61e-01	1.23e-01	2.20e-01	4.55e-02	3.16e-03
 1.86808e+22	3.30e-27	1.68e-21	7.11e-17	1.56e-14	1.55e-12	5.42e-11	1.09e-09	3.13e-08	1.72e-05	7.64e-04	1.07e-02	5.22e-02	1.77e-01	2.29e-01	1.60e-01	1.19e-01	2.07e-01	4.14e-02	2.78e-03
 1.87665e+22	4.70e-27	2.36e-21	9.79e-17	2.06e-14	1.95e-12	6.53e-11	1.26e-09	3.48e-08	1.92e-05	8.49e-04	1.17e-02	5.61e-02	1.86e-01	2.35e-01	1.60e-01	1.15e-01	1.95e-01	3.80e-02	2.49e-03
 1.88528e+22	7.06e-27	3.48e-21	1.41e-16	2.82e-14	2.55e-12	8.09e-11	1.48e-09	3.92e-08	2.17e-05	9.56e-04	1.30e-02	6.07e-02	1.96e-01	2.41e-01	1.58e-01	1.11e-01	1.83e-01	3.44e-02	2.18e-03
 1.89405e+22	1.01e-26	4.90e-21	1.95e-16	3.72e-14	3.22e-12	9.78e-11	1.72e-09	4.36e-08	2.41e-05	1.06e-03	1.42e-02	6.49e-02	2.05e-01	2.45e-01	1.57e-01	1.07e-01	1.72e-01	3.15e-02	1.93e-03
 1.90287e+22	1.50e-26	7.15e-21	2.79e-16	5.05e-14	4.16e-12	1.21e-10	2.02e-09	4.92e-08	2.70e-05	1.18e-03	1.56e-02	6.97e-02	2.15e-01	2.50e-01	1.55e-01	1.02e-01	1.61e-01	2.84e-02	1.69e-03
 1.91168e+22	2.12e-26	9.90e-21	3.79e-16	6.57e-14	5.20e-12	1.45e-10	2.33e-09	5.47e-08	2.98e-05	1.30e-03	1.69e-02	7.41e-02	2.24e-01	2.54e-01	1.53e-01	9.83e-02	1.51e-01	2.60e-02	1.50e-03
 1.92080e+22	3.20e-26	1.47e-20	5.49e-16	9.04e-14	6.80e-12	1.80e-10	2.76e-09	6.21e-08	3.35e-05	1.45e-03	1.86e-02	7.94e-02	2.34e-01	2.57e-01	1.51e-01	9.36e-02	1.40e-01	2.33e-02	1.30e-03
 1.93001e+22	4.49e-26	2.02e-20	7.43e-16	1.17e-13	8.47e-12	2.16e-10	3.18e-09	6.91e-08	3.68e-05	1.59e-03	2.00e-02	8.40e-02	2.42e-01	2.60e-01	1.48e-01	8.98e-02	1.32e-01	2.12e-02	1.15e-03
 1.93940e+22	6.75e-26	2.98e-20	1.07e-15	1.60e-13	1.10e-11	2.69e-10	3.78e-09	7.87e-08	4.12e-05	1.77e-03	2.18e-02	8.96e-02	2.52e-01	2.63e-01	1.45e-01	8.53e-02	1.22e-01	1.89e-02	9.95e-04
 1.94907e+22	9.54e-26	4.14e-20	1.45e-15	2.08e-13	1.38e-11	3.24e-10	4.37e-09	8.81e-08	4.53e-05	1.93e-03	2.35e-02	9.45e-02	2.60e-01	2.65e-01	1.42e-01	8.14e-02	1.13e-01	1.72e-02	8.76e-04
 1.95899e+22	1.43e-25	6.06e-20	2.08e-15	2.84e-13	1.80e-11	4.03e-10	5.20e-09	1.01e-07	5.06e-05	2.14e-03	2.56e-02	1.00e-01	2.69e-01	2.66e-01	1.39e-01	7.71e-02	1.05e-01	1.53e-02	7.53e-04
 1.96922e+22	2.03e-25	8.44e-20	2.83e-15	3.71e-13	2.26e-11	4.87e-10	6.06e-09	1.13e-07	5.57e-05	2.34e-03	2.74e-02	1.06e-01	2.77e-01	2.67e-01	1.35e-01	7.33e-02	9.72e-02	1.38e-02	6.59e-04
 1.97984e+22	3.05e-25	1.24e-19	4.07e-15	5.07e-13	2.95e-11	6.10e-10	7.25e-09	1.30e-07	6.24e-05	2.59e-03	2.98e-02	1.12e-01	2.86e-01	2.67e-01	1.31e-01	6.90e-02	8.90e-02	1.22e-02	5.63e-04
 1.99076e+22	4.34e-25	1.74e-19	5.55e-15	6.63e-13	3.71e-11	7.40e-10	8.48e-09	1.47e-07	6.87e-05	2.83e-03	3.19e-02	1.18e-01	2.93e-01	2.67e-01	1.28e-01	6.54e-02	8.24e-02	1.09e-02	4.90e-04
 2.00212e+22	6.54e-25	2.56e-19	7.96e-15	9.05e-13	4.86e-11	9.29e-10	1.02e-08	1.70e-07	7.70e-05	3.13e-03	3.45e-02	1.24e-01	3.02e-01	2.67e-01	1.23e-01	6.13e-02	7.51e-02	9.61e-03	4.16e-04
 2.01381e+22	9.28e-25	3.56e-19	1.08e-14	1.18e-12	6.11e-11	1.13e-09	1.19e-08	1.92e-07	8.49e-05	3.41e-03	3.69e-02	1.30e-01	3.08e-01	2.65e-01	1.20e-01	5.80e-02	6.93e-02	8.59e-03	3.61e-04
 2.02619e+22	1.43e-24	5.34e-19	1.58e-14	1.64e-12	8.12e-11	1.44e-09	1.45e-08	2.25e-07	9.59e-05	3.78e-03	4.00e-02	1.37e-01	3.16e-01	2.63e-01	1.15e-01	5.39e-02	6.27e-02	7.47e-03	3.02e-04
 2.03863e+22	2.00e-24	7.32e-19	2.12e-14	2.12e-12	1.01e-10	1.73e-09	1.70e-08	2.54e-07	1.05e-04	4.10e-03	4.26e-02	1.43e-01	3.22e-01	2.62e-01	1.11e-01	5.09e-02	5.78e-02	6.68e-03	2.62e-04
 2.05129e+22	3.06e-24	1.09e-18	3.06e-14	2.92e-12	1.34e-10	2.20e-09	2.06e-08	2.97e-07	1.19e-04	4.54e-03	4.60e-02	1.50e-01	3.29e-01	2.59e-01	1.06e-01	4.72e-02	5.21e-02	5.79e-03	2.19e-04
 2.06424e+22	4.27e-24	1.49e-18	4.10e-14	3.76e-12	1.67e-10	2.66e-09	2.41e-08	3.37e-07	1.31e-04	4.92e-03	4.88e-02	1.56e-01	3.34e-01	2.56e-01	1.02e-01	4.44e-02	4.79e-02	5.16e-03	1.89e-04
 2.07545e+22	5.80e-24	1.99e-18	5.34e-14	4.74e-12	2.04e-10	3.16e-09	2.79e-08	3.78e-07	1.43e-04	5.29e-03	5.15e-02	1.62e-01	3.39e-01	2.53e-01	9.86e-02	4.20e-02	4.43e-02	4.64e-03	1.65e-04
 2.08788e+22	8.55e-24	2.87e-18	7.47e-14	6.36e-12	2.64e-10	3.95e-09	3.35e-08	4.38e-07	1.60e-04	5.80e-03	5.51e-02	1.69e-01	3.44e-01	2.49e-01	9.41e-02	3.90e-02	4.00e-02	4.05e-03	1.39e-04
 2.10048e+22	1.16e-23	3.80e-18	9.70e-14	7.98e-12	3.22e-10	4.69e-09	3.86e-08	4.92e-07	1.74e-04	6.24e-03	5.81e-02	1.75e-01	3.47e-01	2.46e-01	9.06e-02	3.68e-02	3.69e-02	3.63e-03	1.21e-04
 2.11327e+22	1.71e-23	5.47e-18	1.36e-13	1.07e-11	4.17e-10	5.86e-09	4.65e-08	5.71e-07	1.95e-04	6.83e-03	6.20e-02	1.82e-01	3.52e-01	2.41e-01	8.61e-02	3.40e-02	3.32e-02	3.15e-03	1.01e-04
 2.12623e+22	2.29e-23	7.19e-18	1.74e-13	1.33e-11	5.06e-10	6.93e-09	5.35e-08	6.40e-07	2.13e-04	7.32e-03	6.52e-02	1.87e-01	3.54e-01	2.37e-01	8.28e-02	3.20e-02	3.07e-02	2.82e-03	8.84e-05
 2.13763e+22	3.06e-23	9.43e-18	2.24e-13	1.66e-11	6.14e-10	8.20e-09	6.16e-08	7.17e-07	2.32e-04	7.84e-03	6.84e-02	1.93e-01	3.57e-01	2.33e-01	7.95e-02	3.02e-02	2.83e-02	2.53e-03	7.71e-05
 2.15070e+22	4.44e-23	1.34e-17	3.08e-13	2.20e-11	7.86e-10	1.02e-08	7.38e-08	8.30e-07	2.59e-04	8.55e-03	7.27e-02	2.00e-01	3.60e-01	2.28e-01	7.54e-02	2.79e-02	2.54e-02	2.20e-03	6.45e-05
 2.16371e+22	5.80e-23	1.72e-17	3.88e-13	2.69e-11	9.41e-10	1.19e-08	8.41e-08	9.25e-07	2.81e-04	9.11e-03	7.60e-02	2.05e-01	3.62e-01	2.24e-01	7.24e-02	2.63e-02	2.35e-02	1.98e-03	5.67e-05
 2.17666e+22	8.34e-23	2.40e-17	5.28e-13	3.53e-11	1.20e-09	1.46e-08	1.00e-07	1.07e-06	3.12e-04	9.90e-03	8.05e-02	2.12e-01	3.64e-01	2.18e-01	6.85e-02	2.43e-02	2.12e-02	1.72e-03	4.75e-05
 2.18977e+22	1.09e-22	3.08e-17	6.62e-13	4.32e-11	1.43e-09	1.71e-08	1.14e-07	1.19e-06	3.39e-04	1.05e-02	8.40e-02	2.17e-01	3.65e-01	2.14e-01	6.57e-02	2.28e-02	1.95e-02	1.55e-03	4.16e-05
 2.20309e+22	1.56e-22	4.30e-17	8.98e-13	5.64e-11	1.81e-09	2.11e-08	1.36e-07	1.37e-06	3.78e-04	1.15e-02	8.88e-02	2.24e-01	3.66e-01	2.08e-01	6.20e-02	2.10e-02	1.75e-02	1.34e-03	3.48e-05
 2.21666e+22	2.04e-22	5.53e-17	1.13e-12	6.92e-11	2.17e-09	2.47e-08	1.56e-07	1.53e-06	4.10e-04	1.22e-02	9.27e-02	2.29e-01	3.66e-01	2.03e-01	5.92e-02	1.97e-02	1.61e-02	1.20e-03	3.03e-05
 2.23054e+22	2.92e-22	7.71e-17	1.53e-12	9.05e-11	2.76e-09	3.05e-08	1.86e-07	1.77e-06	4.58e-04	1.32e-02	9.79e-02	2.36e-01	3.66e-01	1.97e-01	5.57e-02	1.81e-02	1.44e-02	1.03e-03	2.52e-05
 2.24467e+22	3.84e-22	9.93e-17	1.93e-12	1.11e-10	3.31e-09	3.58e-08	2.14e-07	1.99e-06	4.98e-04	1.41e-02	1.02e-01	2.41e-01	3.66e-01	1.92e-01	5.30e-02	1.69e-02	1.32e-02	9.21e-04	2.19e-05
 2.25704e+22	5.00e-22	1.27e-16	2.41e-12	1.35e-10	3.96e-09	4.18e-08	2.44e-07	2.21e-06	5.41e-04	1.50e-02	1.06e-01	2.46e-01	3.66e-01	1.87e-01	5.06e-02	1.59e-02	1.21e-02	8.23e-04	1.91e-05
 2.27103e+22	7.05e-22	1.75e-16	3.22e-12	1.75e-10	4.98e-09	5.12e-08	2.89e-07	2.55e-06	6.01e-04	1.62e-02	1.12e-01	2.52e-01	3.65e-01	1.81e-01	4.74e-02	1.46e-02	1.08e-02	7.11e-04	1.59e-05
 2.28499e+22	8.99e-22	2.19e-16	3.96e-12	2.10e-10	5.87e-09	5.92e-08	3.27e-07	2.83e-06	6.49e-04	1.72e-02	1.16e-01	2.56e-01	3.64e-01	1.77e-01	4.53e-02	1.37e-02	1.00e-02	6.39e-04	1.39e-05
 2.29890e+22	1.26e-21	2.99e-16	5.25e-12	2.70e-10	7.35e-09	7.21e-08	3.88e-07	3.25e-06	7.21e-04	1.85e-02	1.22e-01	2.62e-01	3.62e-01	1.70e-01	4.24e-02	1.25e-02	8.94e-03	5.51e-04	1.16e-05
 2.31302e+22	1.61e-21	3.75e-16	6.46e-12	3.25e-10	8.67e-09	8.35e-08	4.39e-07	3.60e-06	7.79e-04	1.96e-02	1.26e-01	2.67e-01	3.60e-01	1.66e-01	4.04e-02	1.17e-02	8.22e-03	4.95e-04	1.02e-05
 2.32739e+22	2.23e-21	5.06e-16	8.48e-12	4.15e-10	1.08e-08	1.01e-07	5.17e-07	4.13e-06	8.63e-04	2.11e-02	1.32e-01	2.72e-01	3.57e-01	1.59e-01	3.78e-02	1.07e-02	7.35e-03	4.27e-04	8.50e-06
 2.34226e+22	2.89e-21	6.45e-16	1.06e-11	5.06e-10	1.29e-08	1.18e-07	5.91e-07	4.61e-06	9.38e-04	2.24e-02	1.37e-01	2.77e-01	3.55e-01	1.55e-01	3.58e-02	1.00e-02	6.71e-03	3.80e-04	7.34e-06
 2.35776e+22	4.09e-21	8.87e-16	1.41e-11	6.54e-10	1.62e-08	1.45e-07	7.04e-07	5.33e-06	1.05e-03	2.42e-02	1.44e-01	2.83e-01	3.52e-01	1.48e-01	3.33e-02	9.09e-03	5.94e-03	3.24e-04	6.05e-06
 2.37351e+22	5.32e-21	1.13e-15	1.76e-11	7.98e-10	1.94e-08	1.70e-07	8.05e-07	5.95e-06	1.14e-03	2.57e-02	1.49e-01	2.87e-01	3.48e-01	1.43e-01	3.14e-02	8.43e-03	5.40e-03	2.87e-04	5.21e-06
 2.38960e+22	7.49e-21	1.55e-15	2.34e-11	1.03e-09	2.44e-08	2.08e-07	9.57e-07	6.88e-06	1.27e-03	2.78e-02	1.56e-01	2.92e-01	3.44e-01	1.37e-01	2.91e-02	7.64e-03	4.77e-03	2.44e-04	4.28e-06
 2.40624e+22	9.89e-21	2.01e-15	2.96e-11	1.27e-09	2.95e-08	2.46e-07	1.10e-06	7.74e-06	1.38e-03	2.96e-02	1.62e-01	2.96e-01	3.40e-01	1.32e-01	2.74e-02	7.05e-03	4.31e-03	2.14e-04	3.64e-06
 2.42361e+22	1.42e-20	2.79e-15	3.99e-11	1.66e-09	3.76e-08	3.05e-07	1.32e-06	9.01e-06	1.55e-03	3.20e-02	1.70e-01	3.01e-01	3.35e-01	1.25e-01	2.52e-02	6.33e-03	3.77e-03	1.80e-04	2.95e-06
 2.44155e+22	1.90e-20	3.66e-15	5.09e-11	2.07e-09	4.58e-08	3.63e-07	1.54e-06	1.02e-05	1.70e-03	3.42e-02	1.77e-01	3.05e-01	3.30e-01	1.20e-01	2.35e-02	5.80e-03	3.38e-03	1.57e-04	2.48e-06
 2.46024e+22	2.78e-20	5.19e-15	6.99e-11	2.75e-09	5.91e-08	4.55e-07	1.86e-06	1.20e-05	1.92e-03	3.72e-02	1.85e-01	3.09e-01	3.23e-01	1.13e-01	2.14e-02	5.16e-03	2.92e-03	1.30e-04	1.98e-06
 2.47898e+22	3.70e-20	6.77e-15	8.87e-11	3.42e-09	7.18e-08	5.39e-07	2.16e-06	1.35e-05	2.10e-03	3.96e-02	1.92e-01	3.13e-01	3.18e-01	1.08e-01	2.00e-02	4.72e-03	2.61e-03	1.13e-04	1.67e-06
 2.49778e+22	5.36e-20	9.52e-15	1.21e-10	4.51e-09	9.21e-08	6.72e-07	2.60e-06	1.58e-05	2.36e-03	4.29e-02	2.01e-01	3.17e-01	3.11e-01	1.02e-01	1.82e-02	4.20e-03	2.26e-03	9.35e-05	1.33e-06
 2.51733e+22	7.35e-20	1.27e-14	1.57e-10	5.70e-09	1.14e-07	8.10e-07	3.05e-06	1.81e-05	2.60e-03	4.58e-02	2.09e-01	3.19e-01	3.04e-01	9.64e-02	1.68e-02	3.79e-03	1.99e-03	7.96e-05	1.09e-06
 2.53782e+22	1.09e-19	1.83e-14	2.17e-10	7.64e-09	1.48e-07	1.02e-06	3.72e-06	2.13e-05	2.94e-03	4.98e-02	2.18e-01	3.23e-01	2.96e-01	9.01e-02	1.51e-02	3.33e-03	1.70e-03	6.50e-05	8.54e-07
 2.55861e+22	1.51e-19	2.46e-14	2.83e-10	9.71e-09	1.84e-07	1.24e-06	4.39e-06	2.44e-05	3.26e-03	5.33e-02	2.26e-01	3.25e-01	2.89e-01	8.50e-02	1.39e-02	2.99e-03	1.48e-03	5.49e-05	6.96e-07
 2.57699e+22	2.07e-19	3.28e-14	3.67e-10	1.23e-08	2.27e-07	1.49e-06	5.14e-06	2.79e-05	3.59e-03	5.69e-02	2.34e-01	3.27e-01	2.82e-01	8.02e-02	1.27e-02	2.69e-03	1.30e-03	4.64e-05	5.68e-07
 2.59812e+22	3.12e-19	4.79e-14	5.14e-10	1.66e-08	2.99e-07	1.91e-06	6.33e-06	3.32e-05	4.08e-03	6.19e-02	2.44e-01	3.29e-01	2.72e-01	7.42e-02	1.13e-02	2.33e-03	1.09e-03	3.71e-05	4.34e-07
 2.61805e+22	4.08e-19	6.11e-14	6.40e-10	2.02e-08	3.57e-07	2.23e-06	7.24e-06	3.71e-05	4.43e-03	6.54e-02	2.51e-01	3.29e-01	2.66e-01	7.04e-02	1.05e-02	2.13e-03	9.73e-04	3.21e-05	3.64e-07
 2.63645e+22	5.89e-19	8.54e-14	8.59e-10	2.64e-08	4.55e-07	2.77e-06	8.72e-06	4.34e-05	4.96e-03	7.03e-02	2.60e-01	3.30e-01	2.56e-01	6.54e-02	9.39e-03	1.86e-03	8.26e-04	2.61e-05	2.84e-07
 2.65500e+22	7.75e-19	1.10e-13	1.07e-09	3.22e-08	5.46e-07	3.26e-06	1.00e-05	4.88e-05	5.40e-03	7.43e-02	2.67e-01	3.31e-01	2.50e-01	6.18e-02	8.65e-03	1.69e-03	7.31e-04	2.24e-05	2.35e-07
 2.67375e+22	1.11e-18	1.52e-13	1.43e-09	4.18e-08	6.93e-07	4.03e-06	1.20e-05	5.69e-05	6.03e-03	7.98e-02	2.76e-01	3.30e-01	2.40e-01	5.71e-02	7.73e-03	1.47e-03	6.19e-04	1.82e-05	1.83e-07
 2.69284e+22	1.49e-18	1.98e-13	1.81e-09	5.15e-08	8.40e-07	4.79e-06	1.40e-05	6.45e-05	6.60e-03	8.45e-02	2.84e-01	3.30e-01	2.33e-01	5.35e-02	7.04e-03	1.32e-03	5.40e-04	1.53e-05	1.49e-07
 2.71240e+22	2.19e-18	2.80e-13	2.45e-09	6.77e-08	1.08e-06	6.03e-06	1.70e-05	7.63e-05	7.44e-03	9.10e-02	2.93e-01	3.29e-01	2.22e-01	4.90e-02	6.20e-03	1.13e-03	4.48e-04	1.21e-05	0.00e+00
 2.73191e+22	2.91e-18	3.62e-13	3.06e-09	8.29e-08	1.30e-06	7.13e-06	1.97e-05	8.63e-05	8.13e-03	9.62e-02	3.00e-01	3.28e-01	2.15e-01	4.58e-02	5.64e-03	1.01e-03	3.90e-04	1.02e-05	0.00e+00
 2.75135e+22	4.24e-18	5.06e-13	4.10e-09	1.08e-07	1.67e-06	8.94e-06	2.39e-05	1.02e-04	9.15e-03	1.03e-01	3.10e-01	3.25e-01	2.04e-01	4.17e-02	4.94e-03	8.68e-04	3.23e-04	8.00e-06	0.00e+00
 2.77109e+22	5.70e-18	6.59e-13	5.14e-09	1.33e-07	2.03e-06	1.07e-05	2.79e-05	1.16e-04	1.00e-02	1.10e-01	3.17e-01	3.23e-01	1.96e-01	3.86e-02	4.44e-03	7.67e-04	2.77e-04	6.60e-06	0.00e+00
 2.79121e+22	8.36e-18	9.25e-13	6.87e-09	1.73e-07	2.62e-06	1.35e-05	3.41e-05	1.39e-04	1.14e-02	1.18e-01	3.26e-01	3.20e-01	1.85e-01	3.48e-02	3.84e-03	6.48e-04	2.25e-04	5.09e-06	0.00e+00
 2.81156e+22	1.13e-17	1.20e-12	8.60e-09	2.13e-07	3.19e-06	1.62e-05	4.00e-05	1.60e-04	1.25e-02	1.25e-01	3.33e-01	3.16e-01	1.77e-01	3.20e-02	3.42e-03	5.66e-04	1.90e-04	4.14e-06	0.00e+00
 2.83181e+22	1.63e-17	1.66e-12	1.13e-08	2.75e-07	4.09e-06	2.04e-05	4.90e-05	1.91e-04	1.42e-02	1.34e-01	3.41e-01	3.11e-01	1.66e-01	2.86e-02	2.93e-03	4.75e-04	1.53e-04	3.16e-06	0.00e+00
 2.85103e+22	2.10e-17	2.07e-12	1.36e-08	3.28e-07	4.85e-06	2.40e-05	5.64e-05	2.16e-04	1.55e-02	1.41e-01	3.47e-01	3.08e-01	1.59e-01	2.64e-02	2.63e-03	4.19e-04	1.31e-04	2.61e-06	0.00e+00
 2.86929e+22	2.92e-17	2.75e-12	1.72e-08	4.11e-07	6.07e-06	2.96e-05	6.79e-05	2.55e-04	1.73e-02	1.51e-01	3.54e-01	3.02e-01	1.49e-01	2.36e-02	2.26e-03	3.54e-04	1.07e-04	2.02e-06	0.00e+00
 2.88792e+22	3.78e-17	3.43e-12	2.07e-08	4.91e-07	7.24e-06	3.50e-05	7.88e-05	2.92e-04	1.90e-02	1.59e-01	3.59e-01	2.97e-01	1.41e-01	2.16e-02	2.00e-03	3.08e-04	9.01e-05	1.63e-06	0.00e+00
 2.90588e+22	5.06e-17	4.40e-12	2.54e-08	6.01e-07	8.88e-06	4.26e-05	9.37e-05	3.42e-04	2.12e-02	1.69e-01	3.65e-01	2.91e-01	1.32e-01	1.93e-02	1.73e-03	2.61e-04	7.35e-05	1.27e-06	0.00e+00
 2.92430e+22	6.55e-17	5.48e-12	3.03e-08	7.18e-07	1.07e-05	5.08e-05	1.10e-04	3.95e-04	2.34e-02	1.78e-01	3.70e-01	2.85e-01	1.24e-01	1.75e-02	1.51e-03	2.24e-04	6.09e-05	1.01e-06	0.00e+00
 2.94207e+22	8.48e-17	6.80e-12	3.61e-08	8.58e-07	1.28e-05	6.09e-05	1.29e-04	4.59e-04	2.58e-02	1.88e-01	3.74e-01	2.78e-01	1.16e-01	1.57e-02	1.31e-03	1.90e-04	5.00e-05	7.90e-07	0.00e+00
 2.95966e+22	1.08e-16	8.29e-12	4.23e-08	1.01e-06	1.52e-05	7.20e-05	1.49e-04	5.28e-04	2.84e-02	1.98e-01	3.78e-01	2.71e-01	1.09e-01	1.41e-02	1.14e-03	1.63e-04	4.14e-05	6.27e-07	0.00e+00
 2.97711e+22	1.36e-16	1.01e-11	4.94e-08	1.20e-06	1.82e-05	8.56e-05	1.74e-04	6.11e-04	3.13e-02	2.09e-01	3.81e-01	2.63e-01	1.01e-01	1.26e-02	9.83e-04	1.38e-04	3.39e-05	4.91e-07	0.00e+00
 2.99449e+22	1.70e-16	1.21e-11	5.69e-08	1.40e-06	2.14e-05	1.01e-04	2.02e-04	7.03e-04	3.44e-02	2.19e-01	3.83e-01	2.56e-01	9.43e-02	1.13e-02	8.52e-04	1.18e-04	2.80e-05	3.87e-07	0.00e+00
 3.01150e+22	2.11e-16	1.44e-11	6.52e-08	1.62e-06	2.52e-05	1.18e-04	2.33e-04	8.08e-04	3.77e-02	2.30e-01	3.85e-01	2.48e-01	8.77e-02	1.01e-02	7.37e-04	1.01e-04	2.30e-05	3.05e-07	0.00e+00
 3.02848e+22	2.59e-16	1.70e-11	7.41e-08	1.88e-06	2.95e-05	1.39e-04	2.68e-04	9.27e-04	4.13e-02	2.41e-01	3.86e-01	2.40e-01	8.13e-02	9.02e-03	6.37e-04	8.55e-05	1.89e-05	2.40e-07	0.00e+00
 3.04546e+22	3.17e-16	1.99e-11	8.39e-08	2.17e-06	3.45e-05	1.62e-04	3.08e-04	1.06e-03	4.52e-02	2.52e-01	3.86e-01	2.32e-01	7.53e-02	8.04e-03	5.50e-04	7.25e-05	1.55e-05	1.89e-07	0.00e+00
 3.06252e+22	3.87e-16	2.33e-11	9.47e-08	2.50e-06	4.03e-05	1.89e-04	3.54e-04	1.22e-03	4.94e-02	2.63e-01	3.86e-01	2.23e-01	6.96e-02	7.15e-03	4.74e-04	6.14e-05	1.27e-05	1.48e-07	0.00e+00
 3.07973e+22	4.70e-16	2.72e-11	1.06e-07	2.87e-06	4.69e-05	2.20e-04	4.05e-04	1.39e-03	5.39e-02	2.74e-01	3.85e-01	2.15e-01	6.42e-02	6.35e-03	4.07e-04	5.19e-05	1.04e-05	1.16e-07	0.00e+00
 3.09715e+22	5.70e-16	3.17e-11	1.20e-07	3.31e-06	5.45e-05	2.56e-04	4.63e-04	1.59e-03	5.88e-02	2.85e-01	3.83e-01	2.06e-01	5.90e-02	5.62e-03	3.49e-04	4.37e-05	8.47e-06	0.00e+00	0.00e+00
 3.11486e+22	6.92e-16	3.70e-11	1.34e-07	3.80e-06	6.34e-05	2.97e-04	5.28e-04	1.82e-03	6.40e-02	2.96e-01	3.81e-01	1.97e-01	5.41e-02	4.96e-03	2.99e-04	3.67e-05	6.88e-06	0.00e+00	0.00e+00
 3.13272e+22	8.37e-16	4.30e-11	1.51e-07	4.37e-06	7.35e-05	3.44e-04	6.01e-04	2.08e-03	6.96e-02	3.07e-01	3.78e-01	1.88e-01	4.96e-02	4.38e-03	2.56e-04	3.09e-05	5.59e-06	0.00e+00	0.00e+00
 3.15096e+22	1.02e-15	5.03e-11	1.70e-07	5.04e-06	8.56e-05	4.00e-04	6.85e-04	2.38e-03	7.57e-02	3.18e-01	3.74e-01	1.79e-01	4.52e-02	3.85e-03	2.17e-04	2.57e-05	4.51e-06	0.00e+00	0.00e+00
 3.16930e+22	1.23e-15	5.85e-11	1.91e-07	5.78e-06	9.89e-05	4.61e-04	7.75e-04	2.70e-03	8.19e-02	3.29e-01	3.69e-01	1.71e-01	4.13e-02	3.39e-03	1.86e-04	2.16e-05	3.67e-06	0.00e+00	0.00e+00
 3.18813e+22	1.52e-15	6.89e-11	2.17e-07	6.71e-06	1.15e-04	5.36e-04	8.82e-04	3.09e-03	8.90e-02	3.40e-01	3.64e-01	1.62e-01	3.74e-02	2.95e-03	1.57e-04	1.79e-05	2.93e-06	0.00e+00	0.00e+00
 3.20719e+22	1.85e-15	8.07e-11	2.46e-07	7.73e-06	1.33e-04	6.16e-04	9.93e-04	3.49e-03	9.59e-02	3.50e-01	3.59e-01	1.53e-01	3.40e-02	2.60e-03	1.33e-04	1.50e-05	2.38e-06	0.00e+00	0.00e+00
 3.22449e+22	2.19e-15	9.27e-11	2.74e-07	8.73e-06	1.51e-04	6.94e-04	1.10e-03	3.88e-03	1.02e-01	3.58e-01	3.53e-01	1.47e-01	3.14e-02	2.32e-03	1.16e-04	1.28e-05	1.98e-06	0.00e+00	0.00e+00
 3.24297e+22	2.74e-15	1.11e-10	3.15e-07	1.02e-05	1.77e-04	8.08e-04	1.25e-03	4.44e-03	1.11e-01	3.69e-01	3.46e-01	1.38e-01	2.81e-02	2.00e-03	9.70e-05	1.05e-05	1.56e-06	0.00e+00	0.00e+00
 3.26162e+22	3.28e-15	1.29e-10	3.55e-07	1.16e-05	2.00e-04	9.06e-04	1.37e-03	4.90e-03	1.17e-01	3.76e-01	3.40e-01	1.31e-01	2.59e-02	1.79e-03	8.48e-05	9.00e-06	1.31e-06	0.00e+00	0.00e+00
 3.28047e+22	4.14e-15	1.55e-10	4.14e-07	1.37e-05	2.34e-04	1.05e-03	1.56e-03	5.58e-03	1.27e-01	3.85e-01	3.32e-01	1.23e-01	2.32e-02	1.54e-03	7.07e-05	7.35e-06	1.03e-06	0.00e+00	0.00e+00
 3.29981e+22	5.03e-15	1.83e-10	4.72e-07	1.57e-05	2.66e-04	1.18e-03	1.71e-03	6.16e-03	1.34e-01	3.92e-01	3.25e-01	1.17e-01	2.12e-02	1.37e-03	6.13e-05	6.26e-06	8.57e-07	0.00e+00	0.00e+00
 3.31978e+22	6.48e-15	2.25e-10	5.58e-07	1.87e-05	3.13e-04	1.38e-03	1.94e-03	7.02e-03	1.44e-01	4.01e-01	3.16e-01	1.08e-01	1.89e-02	1.17e-03	5.06e-05	5.06e-06	6.68e-07	0.00e+00	0.00e+00
 3.33994e+22	7.95e-15	2.67e-10	6.43e-07	2.15e-05	3.56e-04	1.55e-03	2.13e-03	7.72e-03	1.53e-01	4.06e-01	3.08e-01	1.03e-01	1.72e-02	1.04e-03	4.38e-05	4.31e-06	5.54e-07	0.00e+00	0.00e+00
 3.36035e+22	1.04e-14	3.33e-10	7.71e-07	2.58e-05	4.20e-04	1.80e-03	2.40e-03	8.76e-03	1.64e-01	4.13e-01	2.98e-01	9.52e-02	1.52e-02	8.88e-04	3.61e-05	3.47e-06	4.31e-07	0.00e+00	0.00e+00
 3.38094e+22	1.28e-14	3.99e-10	8.96e-07	2.98e-05	4.78e-04	2.02e-03	2.63e-03	9.62e-03	1.72e-01	4.18e-01	2.91e-01	8.98e-02	1.39e-02	7.87e-04	3.12e-05	2.95e-06	3.57e-07	0.00e+00	0.00e+00
 3.40179e+22	1.69e-14	5.04e-10	1.09e-06	3.60e-05	5.65e-04	2.35e-03	2.96e-03	1.09e-02	1.84e-01	4.23e-01	2.80e-01	8.30e-02	1.23e-02	6.69e-04	2.57e-05	2.37e-06	2.77e-07	0.00e+00	0.00e+00
 3.42291e+22	2.12e-14	6.11e-10	1.28e-06	4.18e-05	6.45e-04	2.63e-03	3.24e-03	1.19e-02	1.93e-01	4.27e-01	2.72e-01	7.80e-02	1.11e-02	5.90e-04	2.21e-05	2.01e-06	2.28e-07	0.00e+00	0.00e+00
 3.44438e+22	2.85e-14	7.84e-10	1.58e-06	5.09e-05	7.65e-04	3.06e-03	3.64e-03	1.34e-02	2.06e-01	4.31e-01	2.61e-01	7.17e-02	9.76e-03	5.00e-04	1.81e-05	1.61e-06	1.76e-07	0.00e+00	0.00e+00
 3.46621e+22	3.61e-14	9.61e-10	1.87e-06	5.96e-05	8.75e-04	3.44e-03	3.98e-03	1.47e-02	2.15e-01	4.33e-01	2.52e-01	6.71e-02	8.82e-03	4.39e-04	1.55e-05	1.35e-06	1.44e-07	0.00e+00	0.00e+00
 3.48851e+22	4.93e-14	1.25e-09	2.34e-06	7.33e-05	1.04e-03	3.99e-03	4.47e-03	1.65e-02	2.28e-01	4.35e-01	2.41e-01	6.14e-02	7.70e-03	3.70e-04	1.26e-05	1.08e-06	0.00e+00	0.00e+00	0.00e+00
 3.51125e+22	6.35e-14	1.56e-09	2.82e-06	8.66e-05	1.20e-03	4.50e-03	4.90e-03	1.80e-02	2.39e-01	4.36e-01	2.32e-01	5.72e-02	6.91e-03	3.23e-04	1.08e-05	9.01e-07	0.00e+00	0.00e+00	0.00e+00
 3.53457e+22	8.84e-14	2.08e-09	3.59e-06	1.08e-04	1.44e-03	5.24e-03	5.50e-03	2.02e-02	2.53e-01	4.36e-01	2.21e-01	5.20e-02	5.99e-03	2.70e-04	8.69e-06	7.11e-07	0.00e+00	0.00e+00	0.00e+00
 3.55844e+22	1.16e-13	2.62e-09	4.39e-06	1.28e-04	1.66e-03	5.92e-03	6.03e-03	2.21e-02	2.64e-01	4.36e-01	2.11e-01	4.81e-02	5.34e-03	2.34e-04	7.33e-06	5.89e-07	0.00e+00	0.00e+00	0.00e+00
 3.57857e+22	1.47e-13	3.23e-09	5.24e-06	1.50e-04	1.89e-03	6.59e-03	6.53e-03	2.39e-02	2.73e-01	4.34e-01	2.03e-01	4.49e-02	4.82e-03	2.06e-04	6.31e-06	4.99e-07	0.00e+00	0.00e+00	0.00e+00
 3.60030e+22	2.02e-13	4.24e-09	6.61e-06	1.84e-04	2.23e-03	7.57e-03	7.23e-03	2.64e-02	2.86e-01	4.32e-01	1.93e-01	4.09e-02	4.20e-03	1.74e-04	5.16e-06	3.99e-07	0.00e+00	0.00e+00	0.00e+00
 3.62215e+22	2.58e-13	5.24e-09	7.93e-06	2.15e-04	2.54e-03	8.41e-03	7.82e-03	2.84e-02	2.96e-01	4.30e-01	1.85e-01	3.81e-02	3.79e-03	1.53e-04	4.44e-06	3.38e-07	0.00e+00	0.00e+00	0.00e+00
 3.64415e+22	3.55e-13	6.93e-09	1.01e-05	2.64e-04	3.00e-03	9.64e-03	8.64e-03	3.12e-02	3.08e-01	4.26e-01	1.75e-01	3.46e-02	3.30e-03	1.29e-04	3.63e-06	2.71e-07	0.00e+00	0.00e+00	0.00e+00
 3.66586e+22	4.50e-13	8.52e-09	1.20e-05	3.07e-04	3.39e-03	1.06e-02	9.29e-03	3.33e-02	3.17e-01	4.22e-01	1.68e-01	3.23e-02	2.99e-03	1.15e-04	3.15e-06	2.31e-07	0.00e+00	0.00e+00	0.00e+00
 3.68719e+22	6.15e-13	1.12e-08	1.52e-05	3.76e-04	3.98e-03	1.21e-02	1.02e-02	3.65e-02	3.29e-01	4.17e-01	1.59e-01	2.93e-02	2.60e-03	9.68e-05	2.58e-06	1.86e-07	0.00e+00	0.00e+00	0.00e+00
 3.70863e+22	7.82e-13	1.38e-08	1.82e-05	4.37e-04	4.49e-03	1.34e-02	1.10e-02	3.89e-02	3.38e-01	4.13e-01	1.52e-01	2.72e-02	2.35e-03	8.56e-05	2.23e-06	1.58e-07	0.00e+00	0.00e+00	0.00e+00
 3.73023e+22	1.07e-12	1.82e-08	2.30e-05	5.35e-04	5.27e-03	1.52e-02	1.20e-02	4.24e-02	3.49e-01	4.06e-01	1.43e-01	2.46e-02	2.04e-03	7.21e-05	1.82e-06	1.27e-07	0.00e+00	0.00e+00	0.00e+00
 3.75217e+22	1.38e-12	2.26e-08	2.78e-05	6.26e-04	5.97e-03	1.67e-02	1.29e-02	4.51e-02	3.57e-01	4.01e-01	1.36e-01	2.28e-02	1.83e-03	6.34e-05	1.57e-06	0.00e+00	0.00e+00	0.00e+00	0.00e+00
 3.77456e+22	1.91e-12	3.01e-08	3.55e-05	7.70e-04	7.02e-03	1.91e-02	1.42e-02	4.90e-02	3.68e-01	3.92e-01	1.27e-01	2.05e-02	1.57e-03	5.31e-05	1.27e-06	0.00e+00	0.00e+00	0.00e+00	0.00e+00
 3.79728e+22	2.47e-12	3.77e-08	4.31e-05	9.04e-04	7.97e-03	2.10e-02	1.52e-02	5.21e-02	3.76e-01	3.86e-01	1.21e-01	1.89e-02	1.41e-03	4.64e-05	1.09e-06	0.00e+00	0.00e+00	0.00e+00	0.00e+00
 3.82042e+22	3.47e-12	5.06e-08	5.55e-05	1.12e-03	9.40e-03	2.40e-02	1.67e-02	5.65e-02	3.86e-01	3.76e-01	1.12e-01	1.68e-02	1.20e-03	3.86e-05	8.73e-07	0.00e+00	0.00e+00	0.00e+00	0.00e+00
 3.84398e+22	4.51e-12	6.38e-08	6.77e-05	1.32e-03	1.07e-02	2.65e-02	1.79e-02	6.00e-02	3.93e-01	3.68e-01	1.06e-01	1.54e-02	1.07e-03	3.34e-05	7.40e-07	0.00e+00	0.00e+00	0.00e+00	0.00e+00
 3.86809e+22	6.41e-12	8.67e-08	8.81e-05	1.64e-03	1.27e-02	3.02e-02	1.96e-02	6.49e-02	4.02e-01	3.56e-01	9.79e-02	1.36e-02	9.03e-04	2.75e-05	5.89e-07	0.00e+00	0.00e+00	0.00e+00	0.00e+00
 3.89272e+22	8.43e-12	1.10e-07	1.08e-04	1.94e-03	1.44e-02	3.34e-02	2.11e-02	6.88e-02	4.08e-01	3.47e-01	9.19e-02	1.24e-02	7.94e-04	2.37e-05	4.94e-07	0.00e+00	0.00e+00	0.00e+00	0.00e+00
 3.91802e+22	1.22e-11	1.52e-07	1.42e-04	2.43e-03	1.71e-02	3.81e-02	2.31e-02	7.43e-02	4.15e-01	3.34e-01	8.41e-02	1.09e-02	6.65e-04	1.93e-05	3.88e-07	0.00e+00	0.00e+00	0.00e+00	0.00e+00
 3.94369e+22	1.61e-11	1.94e-07	1.76e-04	2.88e-03	1.96e-02	4.20e-02	2.47e-02	7.85e-02	4.20e-01	3.24e-01	7.84e-02	9.79e-03	5.80e-04	1.64e-05	3.23e-07	0.00e+00	0.00e+00	0.00e+00	0.00e+00
 3.96985e+22	2.33e-11	2.68e-07	2.32e-04	3.61e-03	2.32e-02	4.79e-02	2.70e-02	8.44e-02	4.24e-01	3.09e-01	7.11e-02	8.49e-03	4.81e-04	1.32e-05	2.51e-07	0.00e+00	0.00e+00	0.00e+00	0.00e+00
 3.99628e+22	3.09e-11	3.43e-07	2.86e-04	4.28e-03	2.65e-02	5.28e-02	2.89e-02	8.87e-02	4.27e-01	2.98e-01	6.59e-02	7.61e-03	4.16e-04	1.12e-05	2.07e-07	0.00e+00	0.00e+00	0.00e+00	0.00e+00
 4.01880e+22	4.04e-11	4.32e-07	3.49e-04	5.03e-03	2.99e-02	5.77e-02	3.07e-02	9.30e-02	4.28e-01	2.87e-01	6.11e-02	6.83e-03	3.62e-04	9.54e-06	1.72e-07	0.00e+00	0.00e+00	0.00e+00	0.00e+00
 4.04384e+22	5.67e-11	5.81e-07	4.49e-04	6.16e-03	3.49e-02	6.46e-02	3.31e-02	9.85e-02	4.29e-01	2.72e-01	5.53e-02	5.93e-03	3.02e-04	7.74e-06	1.35e-07	0.00e+00	0.00e+00	0.00e+00	0.00e+00
 4.06911e+22	7.44e-11	7.36e-07	5.49e-04	7.23e-03	3.93e-02	7.06e-02	3.51e-02	1.03e-01	4.28e-01	2.60e-01	5.09e-02	5.28e-03	2.60e-04	6.53e-06	0.00e+00	0.00e+00	0.00e+00	0.00e+00	0.00e+00
 4.09470e+22	1.04e-10	9.82e-07	7.01e-04	8.79e-03	4.55e-02	7.84e-02	3.76e-02	1.08e-01	4.25e-01	2.45e-01	4.58e-02	4.56e-03	2.16e-04	5.28e-06	0.00e+00	0.00e+00	0.00e+00	0.00e+00	0.00e+00
 4.11957e+22	1.33e-10	1.22e-06	8.44e-04	1.02e-02	5.08e-02	8.48e-02	3.95e-02	1.12e-01	4.22e-01	2.34e-01	4.21e-02	4.06e-03	1.86e-04	4.48e-06	0.00e+00	0.00e+00	0.00e+00	0.00e+00	0.00e+00
 4.14021e+22	1.70e-10	1.51e-06	1.01e-03	1.17e-02	5.63e-02	9.12e-02	4.14e-02	1.15e-01	4.18e-01	2.22e-01	3.87e-02	3.62e-03	1.61e-04	3.81e-06	0.00e+00	0.00e+00	0.00e+00	0.00e+00	0.00e+00
 4.16374e+22	2.29e-10	1.95e-06	1.25e-03	1.39e-02	6.38e-02	9.96e-02	4.37e-02	1.20e-01	4.12e-01	2.09e-01	3.47e-02	3.14e-03	1.35e-04	3.11e-06	0.00e+00	0.00e+00	0.00e+00	0.00e+00	0.00e+00
 4.18802e+22	2.95e-10	2.42e-06	1.50e-03	1.60e-02	7.08e-02	1.07e-01	4.57e-02	1.23e-01	4.05e-01	1.97e-01	3.16e-02	2.76e-03	1.15e-04	2.60e-06	0.00e+00	0.00e+00	0.00e+00	0.00e+00	0.00e+00
 4.20983e+22	3.76e-10	2.99e-06	1.80e-03	1.84e-02	7.82e-02	1.15e-01	4.75e-02	1.26e-01	3.97e-01	1.85e-01	2.86e-02	2.43e-03	9.79e-05	2.18e-06	0.00e+00	0.00e+00	0.00e+00	0.00e+00	0.00e+00
 4.23474e+22	5.09e-10	3.88e-06	2.23e-03	2.18e-02	8.82e-02	1.24e-01	4.98e-02	1.29e-01	3.86e-01	1.71e-01	2.53e-02	2.06e-03	8.02e-05	1.74e-06	0.00e+00	0.00e+00	0.00e+00	0.00e+00	0.00e+00
 4.26044e+22	6.61e-10	4.86e-06	2.69e-03	2.51e-02	9.76e-02	1.33e-01	5.17e-02	1.32e-01	3.75e-01	1.59e-01	2.26e-02	1.78e-03	6.69e-05	1.42e-06	0.00e+00	0.00e+00	0.00e+00	0.00e+00	0.00e+00
 4.28334e+22	8.44e-10	5.99e-06	3.21e-03	2.87e-02	1.07e-01	1.41e-01	5.34e-02	1.33e-01	3.64e-01	1.47e-01	2.02e-02	1.54e-03	5.62e-05	1.17e-06	0.00e+00	0.00e+00	0.00e+00	0.00e+00	0.00e+00
 4.30930e+22	1.14e-09	7.73e-06	3.96e-03	3.37e-02	1.20e-01	1.51e-01	5.53e-02	1.35e-01	3.49e-01	1.34e-01	1.75e-02	1.28e-03	4.50e-05	9.18e-07	0.00e+00	0.00e+00	0.00e+00	0.00e+00	0.00e+00
 4.33638e+22	1.48e-09	9.69e-06	4.77e-03	3.87e-02	1.31e-01	1.60e-01	5.69e-02	1.36e-01	3.34e-01	1.22e-01	1.53e-02	1.08e-03	3.67e-05	7.32e-07	0.00e+00	0.00e+00	0.00e+00	0.00e+00	0.00e+00
 4.36083e+22	1.89e-09	1.19e-05	5.67e-03	4.40e-02	1.43e-01	1.68e-01	5.81e-02	1.36e-01	3.19e-01	1.11e-01	1.34e-02	9.16e-04	3.02e-05	5.90e-07	0.00e+00	0.00e+00	0.00e+00	0.00e+00	0.00e+00
 4.38851e+22	2.57e-09	1.54e-05	6.99e-03	5.13e-02	1.58e-01	1.78e-01	5.94e-02	1.36e-01	2.99e-01	9.86e-02	1.13e-02	7.40e-04	2.34e-05	4.47e-07	0.00e+00	0.00e+00	0.00e+00	0.00e+00	0.00e+00
 4.41694e+22	3.32e-09	1.92e-05	8.35e-03	5.84e-02	1.72e-01	1.86e-01	6.03e-02	1.35e-01	2.82e-01	8.83e-02	9.69e-03	6.11e-04	1.87e-05	3.49e-07	0.00e+00	0.00e+00	0.00e+00	0.00e+00	0.00e+00
 4.44221e+22	4.22e-09	2.34e-05	9.82e-03	6.56e-02	1.85e-01	1.93e-01	6.08e-02	1.33e-01	2.65e-01	7.91e-02	8.33e-03	5.08e-04	1.50e-05	2.76e-07	0.00e+00	0.00e+00	0.00e+00	0.00e+00	0.00e+00
 4.47091e+22	5.67e-09	3.00e-05	1.20e-02	7.55e-02	2.01e-01	2.01e-01	6.12e-02	1.30e-01	2.43e-01	6.84e-02	6.85e-03	4.00e-04	1.14e-05	2.03e-07	0.00e+00	0.00e+00	0.00e+00	0.00e+00	0.00e+00
 4.50053e+22	7.30e-09	3.70e-05	1.42e-02	8.48e-02	2.15e-01	2.08e-01	6.11e-02	1.27e-01	2.25e-01	5.99e-02	5.73e-03	3.22e-04	8.83e-06	1.55e-07	0.00e+00	0.00e+00	0.00e+00	0.00e+00	0.00e+00
 4.52673e+22	9.18e-09	4.48e-05	1.65e-02	9.41e-02	2.28e-01	2.12e-01	6.07e-02	1.23e-01	2.07e-01	5.26e-02	4.83e-03	2.62e-04	6.96e-06	0.00e+00	0.00e+00	0.00e+00	0.00e+00	0.00e+00	0.00e+00
 4.55616e+22	1.22e-08	5.66e-05	1.98e-02	1.06e-01	2.44e-01	2.17e-01	6.00e-02	1.18e-01	1.86e-01	4.45e-02	3.87e-03	2.01e-04	5.13e-06	0.00e+00	0.00e+00	0.00e+00	0.00e+00	0.00e+00	0.00e+00
 4.58623e+22	1.54e-08	6.87e-05	2.31e-02	1.18e-01	2.57e-01	2.20e-01	5.90e-02	1.13e-01	1.69e-01	3.82e-02	3.19e-03	1.59e-04	3.93e-06	0.00e+00	0.00e+00	0.00e+00	0.00e+00	0.00e+00	0.00e+00
 4.61292e+22	1.92e-08	8.22e-05	2.65e-02	1.29e-01	2.68e-01	2.21e-01	5.78e-02	1.08e-01	1.54e-01	3.30e-02	2.63e-03	1.27e-04	3.03e-06	0.00e+00	0.00e+00	0.00e+00	0.00e+00	0.00e+00	0.00e+00
 4.64342e+22	2.52e-08	1.03e-04	3.14e-02	1.43e-01	2.82e-01	2.22e-01	5.60e-02	1.01e-01	1.35e-01	2.71e-02	2.05e-03	9.46e-05	2.17e-06	0.00e+00	0.00e+00	0.00e+00	0.00e+00	0.00e+00	0.00e+00
 4.67455e+22	3.17e-08	1.23e-04	3.62e-02	1.56e-01	2.92e-01	2.22e-01	5.42e-02	9.55e-02	1.20e-01	2.28e-02	1.65e-03	7.31e-05	1.62e-06	0.00e+00	0.00e+00	0.00e+00	0.00e+00	0.00e+00	0.00e+00
 4.70222e+22	3.92e-08	1.46e-04	4.11e-02	1.69e-01	3.01e-01	2.20e-01	5.24e-02	8.98e-02	1.07e-01	1.92e-02	1.33e-03	5.69e-05	1.22e-06	0.00e+00	0.00e+00	0.00e+00	0.00e+00	0.00e+00	0.00e+00
 4.73390e+22	5.09e-08	1.81e-04	4.82e-02	1.85e-01	3.10e-01	2.17e-01	4.98e-02	8.25e-02	9.16e-02	1.54e-02	1.01e-03	4.12e-05	8.44e-07	0.00e+00	0.00e+00	0.00e+00	0.00e+00	0.00e+00	0.00e+00
 4.76629e+22	6.35e-08	2.15e-04	5.48e-02	1.99e-01	3.17e-01	2.13e-01	4.75e-02	7.63e-02	7.99e-02	1.27e-02	7.89e-04	3.10e-05	6.14e-07	0.00e+00	0.00e+00	0.00e+00	0.00e+00	0.00e+00	0.00e+00
 4.79400e+22	7.69e-08	2.50e-04	6.12e-02	2.11e-01	3.21e-01	2.08e-01	4.53e-02	7.09e-02	7.05e-02	1.06e-02	6.33e-04	2.40e-05	4.60e-07	0.00e+00	0.00e+00	0.00e+00	0.00e+00	0.00e+00	0.00e+00
 4.82440e+22	9.73e-08	3.01e-04	7.00e-02	2.26e-01	3.25e-01	2.02e-01	4.26e-02	6.44e-02	5.99e-02	8.43e-03	4.77e-04	1.73e-05	3.20e-07	0.00e+00	0.00e+00	0.00e+00	0.00e+00	0.00e+00	0.00e+00
 4.85559e+22	1.18e-07	3.51e-04	7.82e-02	2.39e-01	3.27e-01	1.96e-01	4.03e-02	5.90e-02	5.19e-02	6.91e-03	3.74e-04	1.31e-05	2.33e-07	0.00e+00	0.00e+00	0.00e+00	0.00e+00	0.00e+00	0.00e+00
 4.88338e+22	1.42e-07	4.05e-04	8.66e-02	2.51e-01	3.28e-01	1.90e-01	3.80e-02	5.41e-02	4.51e-02	5.67e-03	2.94e-04	9.93e-06	1.71e-07	0.00e+00	0.00e+00	0.00e+00	0.00e+00	0.00e+00	0.00e+00
