#depth	H	H+	H2
 4.62852e+21	3.13e-08	1.00e+00	1.18e-34
 1.02072e+22	6.29e-08	1.00e+00	2.39e-33
 1.15362e+22	7.83e-08	1.00e+00	2.33e-33
 1.21047e+22	8.65e-08	1.00e+00	3.62e-33
 1.23538e+22	8.92e-08	1.00e+00	3.74e-33
 1.24910e+22	9.27e-08	1.00e+00	4.47e-33
 1.26401e+22	9.59e-08	1.00e+00	5.25e-33
 1.28046e+22	1.00e-07	1.00e+00	6.50e-33
 1.29673e+22	1.04e-07	1.00e+00	7.59e-33
 1.31276e+22	1.08e-07	1.00e+00	9.27e-33
 1.32900e+22	1.12e-07	1.00e+00	1.08e-32
 1.34549e+22	1.17e-07	1.00e+00	1.20e-32
 1.36215e+22	1.20e-07	1.00e+00	1.40e-32
 1.37903e+22	1.26e-07	1.00e+00	1.71e-32
 1.39620e+22	1.30e-07	1.00e+00	2.00e-32
 1.41377e+22	1.36e-07	1.00e+00	2.47e-32
 1.43159e+22	1.41e-07	1.00e+00	2.89e-32
 1.44709e+22	1.46e-07	1.00e+00	3.39e-32
 1.46171e+22	1.50e-07	1.00e+00	3.91e-32
 1.47787e+22	1.56e-07	1.00e+00	4.73e-32
 1.49398e+22	1.62e-07	1.00e+00	5.44e-32
 1.51000e+22	1.68e-07	1.00e+00	6.59e-32
 1.52493e+22	1.73e-07	1.00e+00	7.41e-32
 1.53627e+22	1.78e-07	1.00e+00	8.22e-32
 1.54684e+22	1.82e-07	1.00e+00	8.97e-32
 1.55860e+22	1.88e-07	1.00e+00	1.03e-31
 1.57005e+22	1.92e-07	1.00e+00	1.14e-31
 1.58109e+22	1.99e-07	1.00e+00	1.32e-31
 1.59199e+22	2.03e-07	1.00e+00	1.45e-31
 1.60268e+22	2.10e-07	1.00e+00	1.66e-31
 1.61316e+22	2.15e-07	1.00e+00	1.83e-31
 1.62338e+22	2.22e-07	1.00e+00	2.10e-31
 1.63341e+22	2.27e-07	1.00e+00	2.31e-31
 1.64322e+22	2.34e-07	1.00e+00	2.63e-31
 1.65323e+22	2.40e-07	1.00e+00	2.92e-31
 1.66172e+22	2.46e-07	1.00e+00	3.21e-31
 1.67093e+22	2.54e-07	1.00e+00	3.67e-31
 1.67984e+22	2.60e-07	1.00e+00	4.00e-31
 1.68833e+22	2.68e-07	1.00e+00	4.51e-31
 1.69713e+22	2.75e-07	1.00e+00	5.00e-31
 1.70631e+22	2.85e-07	1.00e+00	5.74e-31
 1.71535e+22	2.92e-07	1.00e+00	6.34e-31
 1.72421e+22	3.03e-07	1.00e+00	7.27e-31
 1.73318e+22	3.12e-07	1.00e+00	8.10e-31
 1.74231e+22	3.24e-07	1.00e+00	9.39e-31
 1.75118e+22	3.34e-07	1.00e+00	1.04e-30
 1.75971e+22	3.47e-07	1.00e+00	1.21e-30
 1.76834e+22	3.59e-07	1.00e+00	1.35e-30
 1.77709e+22	3.74e-07	1.00e+00	1.58e-30
 1.78553e+22	3.86e-07	1.00e+00	1.75e-30
 1.79358e+22	4.03e-07	1.00e+00	2.04e-30
 1.80167e+22	4.16e-07	1.00e+00	2.28e-30
 1.80982e+22	4.35e-07	1.00e+00	2.65e-30
 1.81809e+22	4.50e-07	1.00e+00	2.98e-30
 1.82653e+22	4.72e-07	1.00e+00	3.48e-30
 1.83515e+22	4.90e-07	1.00e+00	3.94e-30
 1.84277e+22	5.08e-07	1.00e+00	4.46e-30
 1.85116e+22	5.32e-07	1.00e+00	5.18e-30
 1.85964e+22	5.53e-07	1.00e+00	5.89e-30
 1.86808e+22	5.79e-07	1.00e+00	6.82e-30
 1.87665e+22	6.03e-07	1.00e+00	7.76e-30
 1.88528e+22	6.32e-07	1.00e+00	9.00e-30
 1.89405e+22	6.59e-07	1.00e+00	1.03e-29
 1.90287e+22	6.89e-07	1.00e+00	1.19e-29
 1.91168e+22	7.17e-07	1.00e+00	1.35e-29
 1.92080e+22	7.53e-07	1.00e+00	1.57e-29
 1.93001e+22	7.83e-07	1.00e+00	1.77e-29
 1.93940e+22	8.22e-07	1.00e+00	2.06e-29
 1.94907e+22	8.56e-07	1.00e+00	2.34e-29
 1.95899e+22	8.97e-07	1.00e+00	2.71e-29
 1.96922e+22	9.35e-07	1.00e+00	3.08e-29
 1.97984e+22	9.82e-07	1.00e+00	3.58e-29
 1.99076e+22	1.02e-06	1.00e+00	4.07e-29
 2.00212e+22	1.07e-06	1.00e+00	4.73e-29
 2.01381e+22	1.12e-06	1.00e+00	5.39e-29
 2.02619e+22	1.18e-06	1.00e+00	6.31e-29
 2.03863e+22	1.22e-06	1.00e+00	7.15e-29
 2.05129e+22	1.29e-06	1.00e+00	8.36e-29
 2.06424e+22	1.34e-06	1.00e+00	9.47e-29
 2.07545e+22	1.39e-06	1.00e+00	1.06e-28
 2.08788e+22	1.45e-06	1.00e+00	1.23e-28
 2.10048e+22	1.50e-06	1.00e+00	1.37e-28
 2.11327e+22	1.58e-06	1.00e+00	1.59e-28
 2.12623e+22	1.63e-06	1.00e+00	1.77e-28
 2.13763e+22	1.69e-06	1.00e+00	1.98e-28
 2.15070e+22	1.76e-06	1.00e+00	2.28e-28
 2.16371e+22	1.82e-06	1.00e+00	2.52e-28
 2.17666e+22	1.90e-06	1.00e+00	2.89e-28
 2.18977e+22	1.96e-06	1.00e+00	3.20e-28
 2.20309e+22	2.05e-06	1.00e+00	3.67e-28
 2.21666e+22	2.11e-06	1.00e+00	4.06e-28
 2.23054e+22	2.20e-06	1.00e+00	4.94e-28
 2.24467e+22	2.27e-06	1.00e+00	5.46e-28
 2.25704e+22	2.34e-06	1.00e+00	6.03e-28
 2.27103e+22	2.44e-06	1.00e+00	6.87e-28
 2.28499e+22	2.50e-06	1.00e+00	7.52e-28
 2.29890e+22	2.61e-06	1.00e+00	8.56e-28
 2.31302e+22	2.68e-06	1.00e+00	9.37e-28
 2.32739e+22	2.78e-06	1.00e+00	1.06e-27
 2.34226e+22	2.86e-06	1.00e+00	1.17e-27
 2.35776e+22	2.97e-06	1.00e+00	1.34e-27
 2.37351e+22	3.06e-06	1.00e+00	1.48e-27
 2.38960e+22	3.18e-06	1.00e+00	1.69e-27
 2.40624e+22	3.27e-06	1.00e+00	1.88e-27
 2.42361e+22	3.40e-06	1.00e+00	2.16e-27
 2.44155e+22	3.50e-06	1.00e+00	2.42e-27
 2.46024e+22	3.65e-06	1.00e+00	2.81e-27
 2.47898e+22	3.76e-06	1.00e+00	3.14e-27
 2.49778e+22	3.92e-06	1.00e+00	3.64e-27
 2.51733e+22	4.05e-06	1.00e+00	4.12e-27
 2.53782e+22	4.23e-06	1.00e+00	4.81e-27
 2.55861e+22	4.38e-06	1.00e+00	5.47e-27
 2.57699e+22	4.55e-06	1.00e+00	6.21e-27
 2.59812e+22	4.78e-06	1.00e+00	7.34e-27
 2.61805e+22	4.92e-06	1.00e+00	8.13e-27
 2.63645e+22	5.18e-06	1.00e+00	9.50e-27
 2.65500e+22	5.35e-06	1.00e+00	1.06e-26
 2.67375e+22	5.63e-06	1.00e+00	1.23e-26
 2.69284e+22	5.87e-06	1.00e+00	1.41e-26
 2.71240e+22	6.23e-06	1.00e+00	1.66e-26
 2.73191e+22	6.50e-06	1.00e+00	1.86e-26
 2.75135e+22	6.93e-06	1.00e+00	2.18e-26
 2.77109e+22	7.29e-06	1.00e+00	2.47e-26
 2.79121e+22	7.83e-06	1.00e+00	2.91e-26
 2.81156e+22	8.28e-06	1.00e+00	3.31e-26
 2.83181e+22	8.95e-06	1.00e+00	3.89e-26
 2.85103e+22	9.44e-06	1.00e+00	4.35e-26
 2.86929e+22	1.02e-05	1.00e+00	5.05e-26
 2.88792e+22	1.08e-05	1.00e+00	5.68e-26
 2.90588e+22	1.17e-05	1.00e+00	6.46e-26
 2.92430e+22	1.25e-05	1.00e+00	7.26e-26
 2.94207e+22	1.35e-05	1.00e+00	8.20e-26
 2.95966e+22	1.45e-05	1.00e+00	9.15e-26
 2.97711e+22	1.56e-05	1.00e+00	1.03e-25
 2.99449e+22	1.68e-05	1.00e+00	1.15e-25
 3.01150e+22	1.80e-05	1.00e+00	1.28e-25
 3.02848e+22	1.94e-05	1.00e+00	1.43e-25
 3.04546e+22	2.08e-05	1.00e+00	1.61e-25
 3.06252e+22	2.24e-05	1.00e+00	1.80e-25
 3.07973e+22	2.41e-05	1.00e+00	2.03e-25
 3.09715e+22	2.59e-05	1.00e+00	2.30e-25
 3.11486e+22	2.78e-05	1.00e+00	2.62e-25
 3.13272e+22	2.99e-05	1.00e+00	3.00e-25
 3.15096e+22	3.21e-05	1.00e+00	3.11e-25
 3.16930e+22	3.44e-05	1.00e+00	3.60e-25
 3.18813e+22	3.70e-05	1.00e+00	4.25e-25
 3.20719e+22	3.96e-05	1.00e+00	5.00e-25
 3.22449e+22	4.19e-05	1.00e+00	5.78e-25
 3.24297e+22	4.52e-05	1.00e+00	7.03e-25
 3.26162e+22	4.76e-05	1.00e+00	8.17e-25
 3.28047e+22	5.12e-05	1.00e+00	1.01e-24
 3.29981e+22	5.40e-05	1.00e+00	1.19e-24
 3.31978e+22	5.82e-05	1.00e+00	1.49e-24
 3.33994e+22	6.13e-05	1.00e+00	1.77e-24
 3.36035e+22	6.58e-05	1.00e+00	2.23e-24
 3.38094e+22	6.93e-05	1.00e+00	2.66e-24
 3.40179e+22	7.42e-05	1.00e+00	3.38e-24
 3.42291e+22	7.81e-05	1.00e+00	4.06e-24
 3.44438e+22	8.36e-05	1.00e+00	5.19e-24
 3.46621e+22	8.80e-05	1.00e+00	6.28e-24
 3.48851e+22	9.42e-05	1.00e+00	8.08e-24
 3.51125e+22	9.92e-05	1.00e+00	9.84e-24
 3.53457e+22	1.06e-04	1.00e+00	1.28e-23
 3.55844e+22	1.12e-04	1.00e+00	1.57e-23
 3.57857e+22	1.17e-04	1.00e+00	1.88e-23
 3.60030e+22	1.25e-04	1.00e+00	2.40e-23
 3.62215e+22	1.30e-04	1.00e+00	2.86e-23
 3.64415e+22	1.38e-04	1.00e+00	3.64e-23
 3.66586e+22	1.44e-04	1.00e+00	4.30e-23
 3.68719e+22	1.53e-04	1.00e+00	5.44e-23
 3.70863e+22	1.59e-04	1.00e+00	6.43e-23
 3.73023e+22	1.68e-04	1.00e+00	8.11e-23
 3.75217e+22	1.75e-04	1.00e+00	9.64e-23
 3.77456e+22	1.85e-04	1.00e+00	1.22e-22
 3.79728e+22	1.93e-04	1.00e+00	1.46e-22
 3.82042e+22	2.05e-04	1.00e+00	1.86e-22
 3.84398e+22	2.13e-04	1.00e+00	2.23e-22
 3.86809e+22	2.26e-04	1.00e+00	2.86e-22
 3.89272e+22	2.36e-04	1.00e+00	3.46e-22
 3.91802e+22	2.51e-04	1.00e+00	4.48e-22
 3.94369e+22	2.62e-04	1.00e+00	5.44e-22
 3.96985e+22	2.79e-04	1.00e+00	7.09e-22
 3.99628e+22	2.91e-04	1.00e+00	8.64e-22
 4.01880e+22	3.04e-04	1.00e+00	1.04e-21
 4.04384e+22	3.21e-04	1.00e+00	1.33e-21
 4.06911e+22	3.36e-04	1.00e+00	1.62e-21
 4.09470e+22	3.54e-04	1.00e+00	2.00e-21
 4.11957e+22	3.69e-04	1.00e+00	2.40e-21
 4.14021e+22	3.84e-04	1.00e+00	2.87e-21
 4.16374e+22	4.03e-04	1.00e+00	3.58e-21
 4.18802e+22	4.20e-04	1.00e+00	4.34e-21
 4.20983e+22	4.38e-04	1.00e+00	5.22e-21
 4.23474e+22	4.60e-04	1.00e+00	6.61e-21
 4.26044e+22	4.81e-04	1.00e+00	8.14e-21
 4.28334e+22	5.02e-04	9.99e-01	9.85e-21
 4.30930e+22	5.28e-04	9.99e-01	1.26e-20
 4.33638e+22	5.53e-04	9.99e-01	1.58e-20
 4.36083e+22	5.78e-04	9.99e-01	1.95e-20
 4.38851e+22	6.10e-04	9.99e-01	2.54e-20
 4.41694e+22	6.40e-04	9.99e-01	3.22e-20
 4.44221e+22	6.69e-04	9.99e-01	4.01e-20
 4.47091e+22	7.07e-04	9.99e-01	5.32e-20
 4.50053e+22	7.43e-04	9.99e-01	6.92e-20
 4.52673e+22	7.77e-04	9.99e-01	8.72e-20
 4.55616e+22	8.22e-04	9.99e-01	1.18e-19
 4.58623e+22	8.63e-04	9.99e-01	1.57e-19
 4.61292e+22	9.04e-04	9.99e-01	2.01e-19
 4.64342e+22	9.58e-04	9.99e-01	2.80e-19
 4.67455e+22	1.01e-03	9.99e-01	3.94e-19
 4.70222e+22	1.06e-03	9.99e-01	5.17e-19
 4.73390e+22	1.12e-03	9.99e-01	7.50e-19
 4.76629e+22	1.18e-03	9.99e-01	1.15e-18
 4.79400e+22	1.23e-03	9.99e-01	1.54e-18
 4.82440e+22	1.30e-03	9.99e-01	2.29e-18
 4.85559e+22	1.37e-03	9.99e-01	3.44e-18
 4.88338e+22	1.43e-03	9.99e-01	5.26e-18
 4.91509e+22	1.52e-03	9.98e-01	9.00e-18
 4.94732e+22	1.60e-03	9.98e-01	1.75e-17
 4.97468e+22	1.67e-03	9.98e-01	2.86e-17
 5.00471e+22	1.76e-03	9.98e-01	6.17e-17
 5.03555e+22	1.84e-03	9.98e-01	1.43e-16
 5.06314e+22	1.93e-03	9.98e-01	2.94e-16
 5.08795e+22	2.00e-03	9.98e-01	6.38e-16
 5.11009e+22	2.07e-03	9.98e-01	2.04e-15
 5.13552e+22	2.16e-03	9.98e-01	5.82e-15
 5.16181e+22	2.25e-03	9.98e-01	4.52e-14
 5.18501e+22	2.33e-03	9.98e-01	1.28e-13
 5.21095e+22	2.44e-03	9.98e-01	2.32e-13
 5.23740e+22	2.53e-03	9.97e-01	3.16e-13
 5.26452e+22	2.65e-03	9.97e-01	3.95e-13
 5.29185e+22	2.75e-03	9.97e-01	4.75e-13
 5.31947e+22	2.88e-03	9.97e-01	5.88e-13
 5.34747e+22	2.99e-03	9.97e-01	6.99e-13
 5.37598e+22	3.14e-03	9.97e-01	8.67e-13
 5.40476e+22	3.26e-03	9.97e-01	1.02e-12
 5.43388e+22	3.42e-03	9.97e-01	1.23e-12
 5.46376e+22	3.57e-03	9.96e-01	1.46e-12
 5.49058e+22	3.71e-03	9.96e-01	1.71e-12
 5.52137e+22	3.90e-03	9.96e-01	2.07e-12
 5.55300e+22	4.07e-03	9.96e-01	2.45e-12
 5.58571e+22	4.31e-03	9.96e-01	3.04e-12
 5.61843e+22	4.48e-03	9.96e-01	3.52e-12
 5.64423e+22	4.64e-03	9.95e-01	3.99e-12
 5.67084e+22	4.83e-03	9.95e-01	4.62e-12
 5.69770e+22	5.00e-03	9.95e-01	5.22e-12
 5.72488e+22	5.21e-03	9.95e-01	6.02e-12
 5.75245e+22	5.39e-03	9.95e-01	6.83e-12
 5.78052e+22	5.64e-03	9.94e-01	7.94e-12
 5.80856e+22	5.82e-03	9.94e-01	8.88e-12
 5.83655e+22	6.09e-03	9.94e-01	1.02e-11
 5.86508e+22	6.30e-03	9.94e-01	1.14e-11
 5.89430e+22	6.58e-03	9.93e-01	1.31e-11
 5.92433e+22	6.82e-03	9.93e-01	1.47e-11
 5.95542e+22	7.16e-03	9.93e-01	1.71e-11
 5.98277e+22	7.32e-03	9.93e-01	1.85e-11
 6.00098e+22	7.46e-03	9.93e-01	1.96e-11
 6.02034e+22	7.70e-03	9.92e-01	2.16e-11
 6.04551e+22	8.00e-03	9.92e-01	2.41e-11
 6.07001e+22	8.19e-03	9.92e-01	2.60e-11
 6.09364e+22	8.49e-03	9.92e-01	2.89e-11
 6.11798e+22	8.73e-03	9.91e-01	3.15e-11
 6.13832e+22	8.94e-03	9.91e-01	3.38e-11
 6.15985e+22	9.23e-03	9.91e-01	3.70e-11
 6.18391e+22	9.51e-03	9.90e-01	4.05e-11
 6.21126e+22	9.93e-03	9.90e-01	4.58e-11
 6.23869e+22	1.02e-02	9.90e-01	4.98e-11
 6.26621e+22	1.06e-02	9.89e-01	5.60e-11
 6.30198e+22	1.13e-02	9.89e-01	6.61e-11
 6.33785e+22	1.17e-02	9.88e-01	7.39e-11
 6.37387e+22	1.24e-02	9.88e-01	8.70e-11
 6.41047e+22	1.30e-02	9.87e-01	9.84e-11
 6.44784e+22	1.38e-02	9.86e-01	1.17e-10
 6.48588e+22	1.45e-02	9.85e-01	1.34e-10
 6.52479e+22	1.56e-02	9.84e-01	1.62e-10
 6.56373e+22	1.65e-02	9.84e-01	1.88e-10
 6.60269e+22	1.78e-02	9.82e-01	2.31e-10
 6.63735e+22	1.87e-02	9.81e-01	2.62e-10
 6.66643e+22	2.00e-02	9.80e-01	3.09e-10
 6.69600e+22	2.11e-02	9.79e-01	3.59e-10
 6.72179e+22	2.24e-02	9.78e-01	4.16e-10
 6.75091e+22	2.43e-02	9.76e-01	5.10e-10
 6.78032e+22	2.61e-02	9.74e-01	6.11e-10
 6.80573e+22	2.81e-02	9.72e-01	7.30e-10
 6.83440e+22	3.11e-02	9.69e-01	9.30e-10
 6.86418e+22	3.42e-02	9.66e-01	1.18e-09
 6.89087e+22	3.79e-02	9.62e-01	1.49e-09
 6.92107e+22	4.32e-02	9.57e-01	2.04e-09
 6.95283e+22	4.99e-02	9.50e-01	2.84e-09
 6.98009e+22	5.71e-02	9.43e-01	3.89e-09
 7.00468e+22	6.54e-02	9.35e-01	5.31e-09
 7.02082e+22	7.07e-02	9.29e-01	6.31e-09
 7.02740e+22	7.35e-02	9.27e-01	6.91e-09
 7.03249e+22	7.60e-02	9.24e-01	7.47e-09
 7.03832e+22	7.87e-02	9.21e-01	8.07e-09
 7.04540e+22	8.25e-02	9.18e-01	9.01e-09
 7.05269e+22	8.63e-02	9.14e-01	9.98e-09
 7.05935e+22	9.03e-02	9.10e-01	1.11e-08
 7.06557e+22	9.40e-02	9.06e-01	1.21e-08
 7.07183e+22	9.82e-02	9.02e-01	1.34e-08
 7.07822e+22	1.03e-01	8.97e-01	1.48e-08
 7.08437e+22	1.07e-01	8.93e-01	1.64e-08
 7.09034e+22	1.12e-01	8.88e-01	1.79e-08
 7.09636e+22	1.17e-01	8.83e-01	1.99e-08
 7.10234e+22	1.22e-01	8.78e-01	2.20e-08
 7.10808e+22	1.27e-01	8.73e-01	2.43e-08
 7.11374e+22	1.33e-01	8.67e-01	2.65e-08
 7.11959e+22	1.39e-01	8.61e-01	2.95e-08
 7.12542e+22	1.45e-01	8.55e-01	3.27e-08
 7.13085e+22	1.51e-01	8.49e-01	3.60e-08
 7.13618e+22	1.57e-01	8.43e-01	3.93e-08
 7.14182e+22	1.65e-01	8.35e-01	4.38e-08
 7.14749e+22	1.72e-01	8.28e-01	4.87e-08
 7.15271e+22	1.79e-01	8.21e-01	5.36e-08
 7.15782e+22	1.86e-01	8.14e-01	5.82e-08
 7.16340e+22	1.95e-01	8.05e-01	6.51e-08
 7.16905e+22	2.04e-01	7.96e-01	7.25e-08
 7.17414e+22	2.12e-01	7.88e-01	7.96e-08
 7.17911e+22	2.20e-01	7.80e-01	8.63e-08
 7.18469e+22	2.30e-01	7.70e-01	9.63e-08
 7.19045e+22	2.40e-01	7.60e-01	1.07e-07
 7.19563e+22	2.50e-01	7.50e-01	1.19e-07
 7.20050e+22	2.59e-01	7.41e-01	1.29e-07
 7.20585e+22	2.70e-01	7.30e-01	1.43e-07
 7.21157e+22	2.82e-01	7.18e-01	1.59e-07
 7.21687e+22	2.94e-01	7.06e-01	1.76e-07
 7.22180e+22	3.03e-01	6.97e-01	1.91e-07
 7.22720e+22	3.15e-01	6.85e-01	2.11e-07
 7.23307e+22	3.29e-01	6.71e-01	2.34e-07
 7.23866e+22	3.42e-01	6.58e-01	2.60e-07
 7.24393e+22	3.53e-01	6.47e-01	2.83e-07
 7.24946e+22	3.66e-01	6.34e-01	3.11e-07
 7.25533e+22	3.80e-01	6.20e-01	3.44e-07
 7.26112e+22	3.94e-01	6.06e-01	3.79e-07
 7.26684e+22	4.08e-01	5.92e-01	4.19e-07
 7.27252e+22	4.21e-01	5.79e-01	4.56e-07
 7.27850e+22	4.35e-01	5.65e-01	5.04e-07
 7.28477e+22	4.50e-01	5.50e-01	5.57e-07
 7.29089e+22	4.64e-01	5.36e-01	6.10e-07
 7.29708e+22	4.78e-01	5.22e-01	6.65e-07
 7.30373e+22	4.93e-01	5.07e-01	7.34e-07
 7.31060e+22	5.09e-01	4.91e-01	8.10e-07
 7.31730e+22	5.23e-01	4.77e-01	8.82e-07
 7.32426e+22	5.38e-01	4.62e-01	9.73e-07
 7.33101e+22	5.51e-01	4.49e-01	1.05e-06
 7.33709e+22	5.63e-01	4.37e-01	1.13e-06
 7.34323e+22	5.75e-01	4.25e-01	1.22e-06
 7.34968e+22	5.87e-01	4.13e-01	1.31e-06
 7.35640e+22	6.00e-01	4.00e-01	1.42e-06
 7.36325e+22	6.12e-01	3.88e-01	1.53e-06
 7.37018e+22	6.23e-01	3.77e-01	1.64e-06
 7.37730e+22	6.35e-01	3.65e-01	1.77e-06
 7.38464e+22	6.46e-01	3.54e-01	1.90e-06
 7.39218e+22	6.58e-01	3.42e-01	2.04e-06
 7.39992e+22	6.69e-01	3.31e-01	2.19e-06
 7.40790e+22	6.80e-01	3.20e-01	2.35e-06
 7.41617e+22	6.90e-01	3.10e-01	2.52e-06
 7.42474e+22	7.01e-01	2.99e-01	2.71e-06
 7.43363e+22	7.11e-01	2.89e-01	2.90e-06
 7.44286e+22	7.21e-01	2.79e-01	3.11e-06
 7.45251e+22	7.31e-01	2.69e-01	3.33e-06
 7.46264e+22	7.40e-01	2.60e-01	3.57e-06
 7.47330e+22	7.49e-01	2.51e-01	3.83e-06
 7.48454e+22	7.58e-01	2.42e-01	4.10e-06
 7.49644e+22	7.67e-01	2.33e-01	4.40e-06
 7.50914e+22	7.75e-01	2.25e-01	4.73e-06
 7.52261e+22	7.83e-01	2.17e-01	5.08e-06
 7.53674e+22	7.91e-01	2.09e-01	5.45e-06
 7.55160e+22	7.98e-01	2.02e-01	5.86e-06
 7.56735e+22	8.05e-01	1.95e-01	6.30e-06
 7.58394e+22	8.12e-01	1.88e-01	6.78e-06
 7.60140e+22	8.18e-01	1.82e-01	7.33e-06
 7.61965e+22	8.24e-01	1.76e-01	7.93e-06
 7.63825e+22	8.30e-01	1.70e-01	8.57e-06
 7.65699e+22	8.36e-01	1.64e-01	9.33e-06
 7.67537e+22	8.41e-01	1.59e-01	1.01e-05
 7.69337e+22	8.46e-01	1.54e-01	1.10e-05
 7.71140e+22	8.50e-01	1.50e-01	1.19e-05
 7.72918e+22	8.55e-01	1.45e-01	1.29e-05
 7.74692e+22	8.59e-01	1.41e-01	1.40e-05
 7.76441e+22	8.63e-01	1.37e-01	1.53e-05
 7.78114e+22	8.67e-01	1.33e-01	1.66e-05
 7.79735e+22	8.71e-01	1.29e-01	1.81e-05
 7.81331e+22	8.74e-01	1.26e-01	1.97e-05
 7.82898e+22	8.78e-01	1.22e-01	2.15e-05
 7.84430e+22	8.81e-01	1.19e-01	2.34e-05
 7.85916e+22	8.84e-01	1.16e-01	2.56e-05
 7.87359e+22	8.87e-01	1.12e-01	2.79e-05
 7.88777e+22	8.90e-01	1.09e-01	3.03e-05
 7.90188e+22	8.93e-01	1.07e-01	3.31e-05
 7.91584e+22	8.96e-01	1.04e-01	3.63e-05
 7.92929e+22	8.99e-01	1.01e-01	3.97e-05
 7.94230e+22	9.02e-01	9.83e-02	4.33e-05
 7.95498e+22	9.04e-01	9.58e-02	4.73e-05
 7.96708e+22	9.06e-01	9.35e-02	5.16e-05
 7.97841e+22	9.09e-01	9.13e-02	5.60e-05
 7.98906e+22	9.11e-01	8.92e-02	6.07e-05
 7.99898e+22	9.13e-01	8.74e-02	6.55e-05
 8.00651e+22	9.14e-01	8.63e-02	6.92e-05
 8.01102e+22	9.14e-01	8.58e-02	7.18e-05
 8.01415e+22	9.14e-01	8.55e-02	7.35e-05
 8.01724e+22	9.15e-01	8.51e-02	7.54e-05
 8.02078e+22	9.15e-01	8.44e-02	7.76e-05
 8.02453e+22	9.16e-01	8.36e-02	8.01e-05
 8.02819e+22	9.17e-01	8.28e-02	8.27e-05
 8.03162e+22	9.18e-01	8.22e-02	8.50e-05
 8.03505e+22	9.18e-01	8.16e-02	8.74e-05
 8.03865e+22	9.19e-01	8.08e-02	9.01e-05
 8.04227e+22	9.20e-01	8.01e-02	9.29e-05
 8.04581e+22	9.20e-01	7.94e-02	9.57e-05
 8.04929e+22	9.21e-01	7.88e-02	9.83e-05
 8.05294e+22	9.22e-01	7.81e-02	1.01e-04
 8.05686e+22	9.23e-01	7.72e-02	1.04e-04
 8.06076e+22	9.23e-01	7.65e-02	1.07e-04
 8.06462e+22	9.24e-01	7.58e-02	1.10e-04
 8.06855e+22	9.25e-01	7.49e-02	1.14e-04
 8.07242e+22	9.25e-01	7.43e-02	1.17e-04
 8.07632e+22	9.26e-01	7.36e-02	1.20e-04
 8.08038e+22	9.27e-01	7.27e-02	1.24e-04
 8.08440e+22	9.28e-01	7.20e-02	1.28e-04
 8.08842e+22	9.29e-01	7.12e-02	1.31e-04
 8.09251e+22	9.29e-01	7.05e-02	1.35e-04
 8.09673e+22	9.30e-01	6.96e-02	1.39e-04
 8.10107e+22	9.31e-01	6.87e-02	1.44e-04
 8.10512e+22	9.32e-01	6.79e-02	1.48e-04
 8.10874e+22	9.32e-01	6.75e-02	1.51e-04
 8.11269e+22	9.33e-01	6.67e-02	1.55e-04
 8.11694e+22	9.34e-01	6.59e-02	1.59e-04
 8.12082e+22	9.34e-01	6.53e-02	1.63e-04
 8.12499e+22	9.35e-01	6.45e-02	1.66e-04
 8.12942e+22	9.36e-01	6.36e-02	1.71e-04
 8.13345e+22	9.37e-01	6.29e-02	1.74e-04
 8.13712e+22	9.37e-01	6.25e-02	1.77e-04
 8.14115e+22	9.38e-01	6.17e-02	1.81e-04
 8.14549e+22	9.39e-01	6.08e-02	1.85e-04
 8.14944e+22	9.39e-01	6.01e-02	1.90e-04
 8.15304e+22	9.40e-01	5.98e-02	1.93e-04
 8.15698e+22	9.41e-01	5.90e-02	1.97e-04
 8.16123e+22	9.41e-01	5.82e-02	2.02e-04
 8.16510e+22	9.42e-01	5.75e-02	2.06e-04
 8.16863e+22	9.42e-01	5.72e-02	2.09e-04
 8.17249e+22	9.43e-01	5.65e-02	2.12e-04
 8.17665e+22	9.44e-01	5.57e-02	2.16e-04
 8.18045e+22	9.44e-01	5.51e-02	2.20e-04
 8.18390e+22	9.45e-01	5.48e-02	2.23e-04
 8.18768e+22	9.45e-01	5.41e-02	2.26e-04
 8.19176e+22	9.46e-01	5.35e-02	2.29e-04
 8.19624e+22	9.47e-01	5.28e-02	2.32e-04
 8.20107e+22	9.47e-01	5.21e-02	2.36e-04
 8.20546e+22	9.48e-01	5.18e-02	2.37e-04
 8.20946e+22	9.48e-01	5.11e-02	2.42e-04
 8.21384e+22	9.49e-01	5.05e-02	2.44e-04
 8.21858e+22	9.50e-01	4.98e-02	2.47e-04
 8.22288e+22	9.50e-01	4.94e-02	2.49e-04
 8.22760e+22	9.51e-01	4.86e-02	2.53e-04
 8.23269e+22	9.52e-01	4.79e-02	2.55e-04
 8.23733e+22	9.52e-01	4.75e-02	2.57e-04
 8.24241e+22	9.53e-01	4.68e-02	2.58e-04
 8.24789e+22	9.53e-01	4.61e-02	2.60e-04
 8.25288e+22	9.54e-01	4.54e-02	2.61e-04
 8.25742e+22	9.54e-01	4.51e-02	2.63e-04
 8.26240e+22	9.55e-01	4.44e-02	2.63e-04
 8.26777e+22	9.56e-01	4.37e-02	2.64e-04
 8.27266e+22	9.56e-01	4.32e-02	2.65e-04
 8.27711e+22	9.57e-01	4.27e-02	2.64e-04
 8.28116e+22	9.57e-01	4.24e-02	2.65e-04
 8.28559e+22	9.58e-01	4.18e-02	2.65e-04
 8.29038e+22	9.58e-01	4.12e-02	2.65e-04
 8.29474e+22	9.59e-01	4.07e-02	2.64e-04
 8.29871e+22	9.59e-01	4.04e-02	2.64e-04
 8.30305e+22	9.60e-01	3.99e-02	2.64e-04
 8.30774e+22	9.60e-01	3.94e-02	2.62e-04
 8.31201e+22	9.61e-01	3.89e-02	2.60e-04
 8.31590e+22	9.61e-01	3.87e-02	2.59e-04
 8.32015e+22	9.61e-01	3.82e-02	2.58e-04
 8.32475e+22	9.62e-01	3.76e-02	2.56e-04
 8.32893e+22	9.62e-01	3.72e-02	2.54e-04
 8.33274e+22	9.63e-01	3.70e-02	2.53e-04
 8.33691e+22	9.63e-01	3.65e-02	2.51e-04
 8.34141e+22	9.63e-01	3.60e-02	2.49e-04
 8.34551e+22	9.64e-01	3.57e-02	2.48e-04
 8.35000e+22	9.64e-01	3.53e-02	2.45e-04
 8.35485e+22	9.65e-01	3.49e-02	2.44e-04
 8.36016e+22	9.65e-01	3.43e-02	2.42e-04
 8.36589e+22	9.66e-01	3.38e-02	2.40e-04
 8.37111e+22	9.66e-01	3.34e-02	2.38e-04
 8.37586e+22	9.66e-01	3.31e-02	2.37e-04
 8.38106e+22	9.67e-01	3.27e-02	2.35e-04
 8.38668e+22	9.67e-01	3.22e-02	2.33e-04
 8.39179e+22	9.68e-01	3.19e-02	2.32e-04
 8.39739e+22	9.68e-01	3.14e-02	2.29e-04
 8.40344e+22	9.69e-01	3.09e-02	2.27e-04
 8.40894e+22	9.69e-01	3.06e-02	2.26e-04
 8.41497e+22	9.70e-01	3.01e-02	2.23e-04
 8.42148e+22	9.70e-01	2.96e-02	2.21e-04
 8.42740e+22	9.70e-01	2.93e-02	2.19e-04
 8.43390e+22	9.71e-01	2.86e-02	2.18e-04
 8.44090e+22	9.71e-01	2.83e-02	2.14e-04
 8.44728e+22	9.72e-01	2.79e-02	2.13e-04
 8.45308e+22	9.72e-01	2.76e-02	2.11e-04
 8.45944e+22	9.72e-01	2.71e-02	2.09e-04
 8.46631e+22	9.73e-01	2.67e-02	2.07e-04
 8.47256e+22	9.73e-01	2.63e-02	2.05e-04
 8.47940e+22	9.74e-01	2.59e-02	2.03e-04
 8.48679e+22	9.74e-01	2.55e-02	2.01e-04
 8.49352e+22	9.74e-01	2.51e-02	2.00e-04
 8.49964e+22	9.75e-01	2.48e-02	1.98e-04
 8.50635e+22	9.75e-01	2.44e-02	1.96e-04
 8.51359e+22	9.76e-01	2.40e-02	1.95e-04
 8.52018e+22	9.76e-01	2.37e-02	1.94e-04
 8.52740e+22	9.76e-01	2.33e-02	1.92e-04
 8.53519e+22	9.77e-01	2.29e-02	1.91e-04
 8.54228e+22	9.77e-01	2.26e-02	1.89e-04
 8.55006e+22	9.77e-01	2.21e-02	1.88e-04
 8.55845e+22	9.78e-01	2.18e-02	1.86e-04
 8.56608e+22	9.78e-01	2.15e-02	1.85e-04
 8.57303e+22	9.78e-01	2.12e-02	1.84e-04
 8.58065e+22	9.79e-01	2.08e-02	1.83e-04
 8.58887e+22	9.79e-01	2.05e-02	1.82e-04
 8.59635e+22	9.79e-01	2.02e-02	1.81e-04
 8.60454e+22	9.80e-01	1.98e-02	1.80e-04
 8.61339e+22	9.80e-01	1.94e-02	1.79e-04
 8.62145e+22	9.80e-01	1.92e-02	1.78e-04
 8.63027e+22	9.81e-01	1.88e-02	1.77e-04
 8.63980e+22	9.81e-01	1.85e-02	1.76e-04
 8.64847e+22	9.81e-01	1.82e-02	1.75e-04
 8.65635e+22	9.82e-01	1.79e-02	1.74e-04
 8.66500e+22	9.82e-01	1.76e-02	1.74e-04
 8.67433e+22	9.82e-01	1.73e-02	1.73e-04
 8.68282e+22	9.83e-01	1.70e-02	1.72e-04
 8.69055e+22	9.83e-01	1.68e-02	1.72e-04
 8.69902e+22	9.83e-01	1.65e-02	1.71e-04
 8.70816e+22	9.83e-01	1.62e-02	1.71e-04
 8.71648e+22	9.84e-01	1.59e-02	1.70e-04
 8.72560e+22	9.84e-01	1.56e-02	1.70e-04
 8.73544e+22	9.84e-01	1.54e-02	1.69e-04
 8.74440e+22	9.85e-01	1.51e-02	1.69e-04
 8.75421e+22	9.85e-01	1.48e-02	1.69e-04
 8.76481e+22	9.85e-01	1.45e-02	1.68e-04
 8.77445e+22	9.85e-01	1.43e-02	1.68e-04
 8.78323e+22	9.86e-01	1.41e-02	1.68e-04
 8.79284e+22	9.86e-01	1.38e-02	1.67e-04
 8.80322e+22	9.86e-01	1.36e-02	1.67e-04
 8.81267e+22	9.86e-01	1.33e-02	1.67e-04
 8.82302e+22	9.87e-01	1.31e-02	1.67e-04
 8.83419e+22	9.87e-01	1.28e-02	1.67e-04
 8.84436e+22	9.87e-01	1.26e-02	1.67e-04
 8.85550e+22	9.87e-01	1.23e-02	1.67e-04
 8.86753e+22	9.88e-01	1.21e-02	1.67e-04
 8.87848e+22	9.88e-01	1.19e-02	1.68e-04
 8.89047e+22	9.88e-01	1.16e-02	1.68e-04
 8.90342e+22	9.88e-01	1.14e-02	1.68e-04
 8.91521e+22	9.89e-01	1.11e-02	1.68e-04
 8.92593e+22	9.89e-01	1.10e-02	1.69e-04
 8.93768e+22	9.89e-01	1.07e-02	1.72e-04
 8.95199e+22	9.89e-01	1.04e-02	1.75e-04
 8.96742e+22	9.89e-01	1.02e-02	1.76e-04
 8.98350e+22	9.90e-01	9.88e-03	1.78e-04
 9.00014e+22	9.90e-01	9.61e-03	1.80e-04
 9.01703e+22	9.90e-01	9.33e-03	1.82e-04
 9.03420e+22	9.91e-01	9.07e-03	1.84e-04
 9.05153e+22	9.91e-01	8.81e-03	1.86e-04
 9.06905e+22	9.91e-01	8.55e-03	1.88e-04
 9.08674e+22	9.91e-01	8.30e-03	1.91e-04
 9.10461e+22	9.92e-01	8.06e-03	1.94e-04
 9.12264e+22	9.92e-01	7.82e-03	1.97e-04
 9.14084e+22	9.92e-01	7.59e-03	2.00e-04
 9.15919e+22	9.92e-01	7.36e-03	2.03e-04
 9.17761e+22	9.92e-01	7.14e-03	2.06e-04
 9.19619e+22	9.93e-01	6.92e-03	2.10e-04
 9.21498e+22	9.93e-01	6.71e-03	2.14e-04
 9.23388e+22	9.93e-01	6.51e-03	2.18e-04
 9.25021e+22	9.93e-01	6.37e-03	2.20e-04
