#depth	N	N+	N+2	N+3	N+4	N+5	N+6	N+7
 4.62852e+21	4.80e-28	9.89e-22	9.05e-17	1.60e-12	1.05e-08	2.54e-05	5.73e-03	9.94e-01
 1.02072e+22	3.56e-26	2.74e-20	1.08e-15	8.24e-12	2.43e-08	5.41e-05	1.11e-02	9.89e-01
 1.15362e+22	1.37e-25	7.82e-20	2.36e-15	1.37e-11	3.06e-08	6.92e-05	1.37e-02	9.86e-01
 1.21047e+22	2.55e-25	1.28e-19	3.40e-15	1.74e-11	3.43e-08	7.82e-05	1.52e-02	9.85e-01
 1.23538e+22	3.09e-25	1.48e-19	3.81e-15	1.88e-11	3.56e-08	8.13e-05	1.57e-02	9.84e-01
 1.24910e+22	3.95e-25	1.80e-19	4.42e-15	2.07e-11	3.73e-08	8.54e-05	1.63e-02	9.84e-01
 1.26401e+22	4.92e-25	2.15e-19	5.04e-15	2.27e-11	3.90e-08	8.95e-05	1.69e-02	9.83e-01
 1.28046e+22	6.59e-25	2.71e-19	6.01e-15	2.55e-11	4.14e-08	9.52e-05	1.77e-02	9.82e-01
 1.29673e+22	8.16e-25	3.21e-19	6.85e-15	2.79e-11	4.33e-08	9.97e-05	1.83e-02	9.82e-01
 1.31276e+22	1.08e-24	4.03e-19	8.14e-15	3.14e-11	4.59e-08	1.06e-04	1.91e-02	9.81e-01
 1.32900e+22	1.34e-24	4.77e-19	9.27e-15	3.43e-11	4.82e-08	1.11e-04	1.98e-02	9.80e-01
 1.34549e+22	1.78e-24	6.00e-19	1.11e-14	3.88e-11	5.14e-08	1.19e-04	2.07e-02	9.79e-01
 1.36215e+22	2.22e-24	7.16e-19	1.27e-14	4.26e-11	5.41e-08	1.25e-04	2.14e-02	9.78e-01
 1.37903e+22	2.97e-24	9.07e-19	1.52e-14	4.84e-11	5.79e-08	1.33e-04	2.24e-02	9.77e-01
 1.39620e+22	3.75e-24	1.09e-18	1.76e-14	5.36e-11	6.12e-08	1.41e-04	2.33e-02	9.77e-01
 1.41377e+22	5.10e-24	1.40e-18	2.13e-14	6.14e-11	6.59e-08	1.51e-04	2.44e-02	9.75e-01
 1.43159e+22	6.50e-24	1.71e-18	2.49e-14	6.85e-11	7.01e-08	1.60e-04	2.53e-02	9.75e-01
 1.44709e+22	8.26e-24	2.08e-18	2.90e-14	7.63e-11	7.44e-08	1.70e-04	2.62e-02	9.74e-01
 1.46171e+22	1.03e-23	2.49e-18	3.34e-14	8.45e-11	7.88e-08	1.79e-04	2.71e-02	9.73e-01
 1.47787e+22	1.39e-23	3.18e-18	4.04e-14	9.67e-11	8.50e-08	1.92e-04	2.83e-02	9.71e-01
 1.49398e+22	1.74e-23	3.83e-18	4.68e-14	1.07e-10	9.03e-08	2.03e-04	2.93e-02	9.71e-01
 1.51000e+22	2.36e-23	4.91e-18	5.70e-14	1.24e-10	9.79e-08	2.18e-04	3.06e-02	9.69e-01
 1.52493e+22	2.86e-23	5.75e-18	6.45e-14	1.35e-10	1.03e-07	2.29e-04	3.14e-02	9.68e-01
 1.53627e+22	3.49e-23	6.76e-18	7.33e-14	1.48e-10	1.09e-07	2.40e-04	3.23e-02	9.67e-01
 1.54684e+22	4.18e-23	7.85e-18	8.25e-14	1.62e-10	1.14e-07	2.50e-04	3.31e-02	9.67e-01
 1.55860e+22	5.30e-23	9.55e-18	9.64e-14	1.81e-10	1.22e-07	2.65e-04	3.42e-02	9.66e-01
 1.57005e+22	6.33e-23	1.11e-17	1.08e-13	1.97e-10	1.29e-07	2.76e-04	3.51e-02	9.65e-01
 1.58109e+22	8.08e-23	1.35e-17	1.27e-13	2.21e-10	1.38e-07	2.92e-04	3.62e-02	9.64e-01
 1.59199e+22	9.54e-23	1.55e-17	1.42e-13	2.40e-10	1.45e-07	3.05e-04	3.70e-02	9.63e-01
 1.60268e+22	1.21e-22	1.89e-17	1.66e-13	2.69e-10	1.55e-07	3.22e-04	3.82e-02	9.62e-01
 1.61316e+22	1.44e-22	2.19e-17	1.86e-13	2.93e-10	1.63e-07	3.35e-04	3.90e-02	9.61e-01
 1.62338e+22	1.86e-22	2.70e-17	2.20e-13	3.31e-10	1.75e-07	3.55e-04	4.03e-02	9.59e-01
 1.63341e+22	2.19e-22	3.10e-17	2.47e-13	3.59e-10	1.85e-07	3.70e-04	4.11e-02	9.58e-01
 1.64322e+22	2.79e-22	3.79e-17	2.89e-13	4.04e-10	1.98e-07	3.91e-04	4.24e-02	9.57e-01
 1.65323e+22	3.40e-22	4.47e-17	3.31e-13	4.46e-10	2.11e-07	4.09e-04	4.34e-02	9.56e-01
 1.66172e+22	4.04e-22	5.17e-17	3.71e-13	4.86e-10	2.22e-07	4.25e-04	4.43e-02	9.55e-01
 1.67093e+22	5.28e-22	6.45e-17	4.44e-13	5.54e-10	2.40e-07	4.51e-04	4.57e-02	9.54e-01
 1.67984e+22	6.21e-22	7.40e-17	4.95e-13	6.01e-10	2.53e-07	4.68e-04	4.66e-02	9.53e-01
 1.68833e+22	7.86e-22	9.01e-17	5.81e-13	6.77e-10	2.72e-07	4.93e-04	4.78e-02	9.52e-01
 1.69713e+22	9.62e-22	1.07e-16	6.66e-13	7.49e-10	2.90e-07	5.15e-04	4.89e-02	9.51e-01
 1.70631e+22	1.27e-21	1.35e-16	8.05e-13	8.62e-10	3.17e-07	5.48e-04	5.05e-02	9.49e-01
 1.71535e+22	1.55e-21	1.59e-16	9.19e-13	9.51e-10	3.37e-07	5.72e-04	5.16e-02	9.48e-01
 1.72421e+22	2.04e-21	2.01e-16	1.11e-12	1.09e-09	3.68e-07	6.07e-04	5.31e-02	9.46e-01
 1.73318e+22	2.56e-21	2.43e-16	1.29e-12	1.23e-09	3.96e-07	6.37e-04	5.44e-02	9.45e-01
 1.74231e+22	3.47e-21	3.14e-16	1.59e-12	1.43e-09	4.36e-07	6.79e-04	5.62e-02	9.43e-01
 1.75118e+22	4.34e-21	3.79e-16	1.86e-12	1.61e-09	4.69e-07	7.11e-04	5.75e-02	9.42e-01
 1.75971e+22	5.89e-21	4.90e-16	2.28e-12	1.87e-09	5.17e-07	7.58e-04	5.93e-02	9.40e-01
 1.76834e+22	7.51e-21	6.02e-16	2.70e-12	2.12e-09	5.59e-07	7.97e-04	6.08e-02	9.38e-01
 1.77709e+22	1.04e-20	7.95e-16	3.38e-12	2.51e-09	6.22e-07	8.52e-04	6.28e-02	9.36e-01
 1.78553e+22	1.32e-20	9.71e-16	3.98e-12	2.83e-09	6.72e-07	8.94e-04	6.43e-02	9.35e-01
 1.79358e+22	1.82e-20	1.27e-15	4.95e-12	3.34e-09	7.46e-07	9.53e-04	6.63e-02	9.33e-01
 1.80167e+22	2.34e-20	1.58e-15	5.89e-12	3.80e-09	8.10e-07	1.00e-03	6.79e-02	9.31e-01
 1.80982e+22	3.26e-20	2.08e-15	7.39e-12	4.50e-09	9.02e-07	1.07e-03	7.01e-02	9.29e-01
 1.81809e+22	4.22e-20	2.60e-15	8.83e-12	5.14e-09	9.83e-07	1.13e-03	7.19e-02	9.27e-01
 1.82653e+22	5.95e-20	3.47e-15	1.12e-11	6.13e-09	1.10e-06	1.21e-03	7.43e-02	9.25e-01
 1.83515e+22	7.84e-20	4.39e-15	1.35e-11	7.07e-09	1.21e-06	1.28e-03	7.62e-02	9.22e-01
 1.84277e+22	1.03e-19	5.54e-15	1.63e-11	8.14e-09	1.32e-06	1.35e-03	7.82e-02	9.20e-01
 1.85116e+22	1.44e-19	7.37e-15	2.06e-11	9.67e-09	1.48e-06	1.44e-03	8.08e-02	9.18e-01
 1.85964e+22	1.91e-19	9.35e-15	2.50e-11	1.12e-08	1.62e-06	1.53e-03	8.29e-02	9.16e-01
 1.86808e+22	2.66e-19	1.24e-14	3.14e-11	1.33e-08	1.81e-06	1.63e-03	8.56e-02	9.13e-01
 1.87665e+22	3.54e-19	1.58e-14	3.83e-11	1.54e-08	1.99e-06	1.73e-03	8.79e-02	9.10e-01
 1.88528e+22	4.93e-19	2.09e-14	4.81e-11	1.82e-08	2.22e-06	1.85e-03	9.07e-02	9.07e-01
 1.89405e+22	6.60e-19	2.68e-14	5.89e-11	2.12e-08	2.45e-06	1.96e-03	9.32e-02	9.05e-01
 1.90287e+22	9.09e-19	3.52e-14	7.34e-11	2.50e-08	2.73e-06	2.09e-03	9.61e-02	9.02e-01
 1.91168e+22	1.20e-18	4.44e-14	8.88e-11	2.88e-08	3.00e-06	2.21e-03	9.87e-02	8.99e-01
 1.92080e+22	1.67e-18	5.90e-14	1.12e-10	3.42e-08	3.36e-06	2.37e-03	1.02e-01	8.96e-01
 1.93001e+22	2.19e-18	7.42e-14	1.35e-10	3.93e-08	3.68e-06	2.50e-03	1.05e-01	8.93e-01
 1.93940e+22	3.02e-18	9.79e-14	1.69e-10	4.65e-08	4.11e-06	2.68e-03	1.08e-01	8.89e-01
 1.94907e+22	3.98e-18	1.24e-13	2.04e-10	5.37e-08	4.52e-06	2.84e-03	1.11e-01	8.86e-01
 1.95899e+22	5.47e-18	1.62e-13	2.55e-10	6.34e-08	5.05e-06	3.04e-03	1.14e-01	8.83e-01
 1.96922e+22	7.20e-18	2.05e-13	3.09e-10	7.32e-08	5.56e-06	3.22e-03	1.17e-01	8.79e-01
 1.97984e+22	9.93e-18	2.70e-13	3.86e-10	8.66e-08	6.23e-06	3.46e-03	1.21e-01	8.75e-01
 1.99076e+22	1.31e-17	3.41e-13	4.68e-10	1.00e-07	6.86e-06	3.67e-03	1.25e-01	8.72e-01
 2.00212e+22	1.79e-17	4.47e-13	5.84e-10	1.18e-07	7.68e-06	3.93e-03	1.29e-01	8.67e-01
 2.01381e+22	2.35e-17	5.63e-13	7.05e-10	1.37e-07	8.47e-06	4.18e-03	1.32e-01	8.63e-01
 2.02619e+22	3.27e-17	7.47e-13	8.89e-10	1.63e-07	9.55e-06	4.50e-03	1.37e-01	8.59e-01
 2.03863e+22	4.22e-17	9.31e-13	1.06e-09	1.87e-07	1.05e-05	4.77e-03	1.41e-01	8.55e-01
 2.05129e+22	5.83e-17	1.23e-12	1.34e-09	2.22e-07	1.18e-05	5.14e-03	1.45e-01	8.49e-01
 2.06424e+22	7.51e-17	1.53e-12	1.60e-09	2.55e-07	1.30e-05	5.45e-03	1.49e-01	8.45e-01
 2.07545e+22	9.47e-17	1.86e-12	1.88e-09	2.89e-07	1.41e-05	5.75e-03	1.53e-01	8.41e-01
 2.08788e+22	1.27e-16	2.39e-12	2.31e-09	3.39e-07	1.58e-05	6.16e-03	1.58e-01	8.36e-01
 2.10048e+22	1.57e-16	2.91e-12	2.72e-09	3.83e-07	1.72e-05	6.50e-03	1.62e-01	8.32e-01
 2.11327e+22	2.10e-16	3.74e-12	3.35e-09	4.50e-07	1.92e-05	6.96e-03	1.67e-01	8.26e-01
 2.12623e+22	2.61e-16	4.51e-12	3.91e-09	5.06e-07	2.09e-05	7.34e-03	1.71e-01	8.22e-01
 2.13763e+22	3.24e-16	5.44e-12	4.56e-09	5.71e-07	2.27e-05	7.73e-03	1.75e-01	8.18e-01
 2.15070e+22	4.28e-16	6.91e-12	5.56e-09	6.65e-07	2.53e-05	8.27e-03	1.80e-01	8.12e-01
 2.16371e+22	5.21e-16	8.19e-12	6.40e-09	7.42e-07	2.73e-05	8.67e-03	1.84e-01	8.08e-01
 2.17666e+22	6.83e-16	1.03e-11	7.76e-09	8.62e-07	3.03e-05	9.26e-03	1.89e-01	8.02e-01
 2.18977e+22	8.29e-16	1.22e-11	8.92e-09	9.61e-07	3.28e-05	9.72e-03	1.93e-01	7.97e-01
 2.20309e+22	1.08e-15	1.54e-11	1.08e-08	1.11e-06	3.64e-05	1.04e-02	1.99e-01	7.91e-01
 2.21666e+22	1.32e-15	1.82e-11	1.24e-08	1.25e-06	3.93e-05	1.09e-02	2.03e-01	7.86e-01
 2.23054e+22	1.72e-15	2.30e-11	1.50e-08	1.45e-06	4.37e-05	1.16e-02	2.09e-01	7.80e-01
 2.24467e+22	2.09e-15	2.72e-11	1.73e-08	1.62e-06	4.73e-05	1.22e-02	2.13e-01	7.74e-01
 2.25704e+22	2.54e-15	3.22e-11	1.99e-08	1.80e-06	5.12e-05	1.28e-02	2.18e-01	7.69e-01
 2.27103e+22	3.26e-15	4.00e-11	2.39e-08	2.08e-06	5.66e-05	1.37e-02	2.24e-01	7.63e-01
 2.28499e+22	3.87e-15	4.65e-11	2.71e-08	2.29e-06	6.07e-05	1.43e-02	2.28e-01	7.58e-01
 2.29890e+22	4.96e-15	5.76e-11	3.24e-08	2.64e-06	6.71e-05	1.52e-02	2.34e-01	7.51e-01
 2.31302e+22	5.90e-15	6.69e-11	3.67e-08	2.92e-06	7.21e-05	1.59e-02	2.38e-01	7.46e-01
 2.32739e+22	7.46e-15	8.20e-11	4.35e-08	3.34e-06	7.94e-05	1.69e-02	2.44e-01	7.39e-01
 2.34226e+22	8.96e-15	9.63e-11	4.98e-08	3.71e-06	8.57e-05	1.77e-02	2.49e-01	7.33e-01
 2.35776e+22	1.15e-14	1.20e-10	5.97e-08	4.28e-06	9.49e-05	1.89e-02	2.56e-01	7.25e-01
 2.37351e+22	1.38e-14	1.40e-10	6.83e-08	4.76e-06	1.03e-04	1.98e-02	2.61e-01	7.19e-01
 2.38960e+22	1.76e-14	1.74e-10	8.16e-08	5.49e-06	1.13e-04	2.11e-02	2.68e-01	7.11e-01
 2.40624e+22	2.14e-14	2.06e-10	9.41e-08	6.14e-06	1.23e-04	2.22e-02	2.73e-01	7.04e-01
 2.42361e+22	2.76e-14	2.57e-10	1.13e-07	7.12e-06	1.37e-04	2.37e-02	2.81e-01	6.96e-01
 2.44155e+22	3.38e-14	3.07e-10	1.31e-07	8.02e-06	1.49e-04	2.50e-02	2.86e-01	6.88e-01
 2.46024e+22	4.43e-14	3.88e-10	1.60e-07	9.38e-06	1.67e-04	2.68e-02	2.94e-01	6.79e-01
 2.47898e+22	5.40e-14	4.62e-10	1.85e-07	1.05e-05	1.82e-04	2.82e-02	3.00e-01	6.71e-01
 2.49778e+22	7.02e-14	5.80e-10	2.25e-07	1.23e-05	2.03e-04	3.02e-02	3.08e-01	6.61e-01
 2.51733e+22	8.77e-14	7.05e-10	2.64e-07	1.40e-05	2.23e-04	3.20e-02	3.15e-01	6.53e-01
 2.53782e+22	1.16e-13	8.98e-10	3.24e-07	1.64e-05	2.50e-04	3.43e-02	3.24e-01	6.42e-01
 2.55861e+22	1.46e-13	1.10e-09	3.84e-07	1.88e-05	2.76e-04	3.64e-02	3.31e-01	6.32e-01
 2.57699e+22	1.82e-13	1.34e-09	4.52e-07	2.15e-05	3.03e-04	3.86e-02	3.38e-01	6.23e-01
 2.59812e+22	2.45e-13	1.73e-09	5.63e-07	2.55e-05	3.43e-04	4.16e-02	3.47e-01	6.11e-01
 2.61805e+22	2.96e-13	2.04e-09	6.46e-07	2.85e-05	3.72e-04	4.37e-02	3.53e-01	6.02e-01
 2.63645e+22	3.89e-13	2.59e-09	7.88e-07	3.35e-05	4.17e-04	4.68e-02	3.62e-01	5.91e-01
 2.65500e+22	4.74e-13	3.08e-09	9.11e-07	3.76e-05	4.53e-04	4.92e-02	3.69e-01	5.82e-01
 2.67375e+22	6.19e-13	3.89e-09	1.11e-06	4.40e-05	5.08e-04	5.26e-02	3.77e-01	5.70e-01
 2.69284e+22	7.74e-13	4.69e-09	1.30e-06	5.00e-05	5.57e-04	5.56e-02	3.84e-01	5.60e-01
 2.71240e+22	1.04e-12	6.05e-09	1.61e-06	5.94e-05	6.31e-04	5.98e-02	3.93e-01	5.46e-01
 2.73191e+22	1.28e-12	7.28e-09	1.88e-06	6.73e-05	6.91e-04	6.31e-02	4.00e-01	5.36e-01
 2.75135e+22	1.71e-12	9.36e-09	2.32e-06	8.00e-05	7.82e-04	6.79e-02	4.09e-01	5.22e-01
 2.77109e+22	2.14e-12	1.14e-08	2.74e-06	9.16e-05	8.63e-04	7.19e-02	4.17e-01	5.11e-01
 2.79121e+22	2.89e-12	1.48e-08	3.42e-06	1.10e-04	9.85e-04	7.77e-02	4.26e-01	4.95e-01
 2.81156e+22	3.64e-12	1.81e-08	4.06e-06	1.27e-04	1.09e-03	8.24e-02	4.33e-01	4.83e-01
 2.83181e+22	4.88e-12	2.34e-08	5.05e-06	1.52e-04	1.25e-03	8.90e-02	4.43e-01	4.67e-01
 2.85103e+22	5.96e-12	2.79e-08	5.88e-06	1.72e-04	1.37e-03	9.38e-02	4.49e-01	4.56e-01
 2.86929e+22	7.75e-12	3.51e-08	7.17e-06	2.04e-04	1.55e-03	1.01e-01	4.57e-01	4.41e-01
 2.88792e+22	9.51e-12	4.21e-08	8.39e-06	2.33e-04	1.71e-03	1.06e-01	4.63e-01	4.29e-01
 2.90588e+22	1.21e-11	5.19e-08	1.01e-05	2.73e-04	1.93e-03	1.14e-01	4.70e-01	4.14e-01
 2.92430e+22	1.48e-11	6.25e-08	1.19e-05	3.15e-04	2.14e-03	1.20e-01	4.76e-01	4.01e-01
 2.94207e+22	1.83e-11	7.54e-08	1.40e-05	3.64e-04	2.39e-03	1.28e-01	4.82e-01	3.87e-01
 2.95966e+22	2.21e-11	8.95e-08	1.64e-05	4.18e-04	2.65e-03	1.35e-01	4.87e-01	3.75e-01
 2.97711e+22	2.67e-11	1.07e-07	1.92e-05	4.81e-04	2.95e-03	1.43e-01	4.92e-01	3.61e-01
 2.99449e+22	3.18e-11	1.25e-07	2.22e-05	5.50e-04	3.26e-03	1.51e-01	4.96e-01	3.48e-01
 3.01150e+22	3.76e-11	1.47e-07	2.57e-05	6.27e-04	3.61e-03	1.60e-01	5.00e-01	3.36e-01
 3.02848e+22	4.42e-11	1.70e-07	2.96e-05	7.14e-04	3.99e-03	1.68e-01	5.04e-01	3.23e-01
 3.04546e+22	5.15e-11	1.97e-07	3.39e-05	8.12e-04	4.41e-03	1.77e-01	5.07e-01	3.11e-01
 3.06252e+22	5.96e-11	2.27e-07	3.88e-05	9.21e-04	4.86e-03	1.86e-01	5.09e-01	2.99e-01
 3.07973e+22	6.86e-11	2.61e-07	4.43e-05	1.04e-03	5.36e-03	1.96e-01	5.11e-01	2.87e-01
 3.09715e+22	7.86e-11	2.99e-07	5.05e-05	1.18e-03	5.91e-03	2.06e-01	5.12e-01	2.75e-01
 3.11486e+22	8.96e-11	3.41e-07	5.75e-05	1.34e-03	6.52e-03	2.16e-01	5.13e-01	2.63e-01
 3.13272e+22	1.02e-10	3.87e-07	6.52e-05	1.51e-03	7.17e-03	2.27e-01	5.13e-01	2.51e-01
 3.15096e+22	1.15e-10	4.40e-07	7.40e-05	1.70e-03	7.91e-03	2.38e-01	5.13e-01	2.40e-01
 3.16930e+22	1.29e-10	4.95e-07	8.34e-05	1.91e-03	8.68e-03	2.48e-01	5.12e-01	2.29e-01
 3.18813e+22	1.46e-10	5.62e-07	9.47e-05	2.16e-03	9.57e-03	2.60e-01	5.11e-01	2.17e-01
 3.20719e+22	1.63e-10	6.30e-07	1.06e-04	2.42e-03	1.05e-02	2.72e-01	5.09e-01	2.07e-01
 3.22449e+22	1.79e-10	6.94e-07	1.17e-04	2.66e-03	1.13e-02	2.82e-01	5.06e-01	1.98e-01
 3.24297e+22	2.01e-10	7.83e-07	1.33e-04	3.01e-03	1.25e-02	2.95e-01	5.03e-01	1.87e-01
 3.26162e+22	2.21e-10	8.61e-07	1.47e-04	3.30e-03	1.35e-02	3.04e-01	5.00e-01	1.79e-01
 3.28047e+22	2.47e-10	9.69e-07	1.66e-04	3.71e-03	1.48e-02	3.18e-01	4.95e-01	1.68e-01
 3.29981e+22	2.72e-10	1.07e-06	1.83e-04	4.07e-03	1.60e-02	3.28e-01	4.91e-01	1.60e-01
 3.31978e+22	3.05e-10	1.20e-06	2.07e-04	4.59e-03	1.76e-02	3.42e-01	4.85e-01	1.50e-01
 3.33994e+22	3.35e-10	1.32e-06	2.28e-04	5.03e-03	1.89e-02	3.53e-01	4.80e-01	1.43e-01
 3.36035e+22	3.77e-10	1.49e-06	2.58e-04	5.65e-03	2.08e-02	3.67e-01	4.73e-01	1.34e-01
 3.38094e+22	4.15e-10	1.63e-06	2.84e-04	6.17e-03	2.24e-02	3.77e-01	4.67e-01	1.27e-01
 3.40179e+22	4.66e-10	1.83e-06	3.21e-04	6.92e-03	2.45e-02	3.91e-01	4.59e-01	1.18e-01
 3.42291e+22	5.14e-10	2.02e-06	3.53e-04	7.55e-03	2.63e-02	4.02e-01	4.52e-01	1.12e-01
 3.44438e+22	5.78e-10	2.27e-06	3.99e-04	8.45e-03	2.88e-02	4.16e-01	4.43e-01	1.04e-01
 3.46621e+22	6.39e-10	2.50e-06	4.40e-04	9.22e-03	3.09e-02	4.27e-01	4.35e-01	9.78e-02
 3.48851e+22	7.22e-10	2.82e-06	4.99e-04	1.03e-02	3.38e-02	4.40e-01	4.25e-01	9.03e-02
 3.51125e+22	7.99e-10	3.11e-06	5.51e-04	1.13e-02	3.63e-02	4.51e-01	4.16e-01	8.48e-02
 3.53457e+22	9.07e-10	3.52e-06	6.27e-04	1.26e-02	3.97e-02	4.65e-01	4.04e-01	7.79e-02
 3.55844e+22	1.01e-09	3.90e-06	6.96e-04	1.38e-02	4.26e-02	4.75e-01	3.95e-01	7.27e-02
 3.57857e+22	1.11e-09	4.27e-06	7.62e-04	1.49e-02	4.53e-02	4.84e-01	3.86e-01	6.84e-02
 3.60030e+22	1.24e-09	4.78e-06	8.56e-04	1.64e-02	4.90e-02	4.96e-01	3.75e-01	6.29e-02
 3.62215e+22	1.37e-09	5.25e-06	9.39e-04	1.77e-02	5.19e-02	5.04e-01	3.66e-01	5.91e-02
 3.64415e+22	1.54e-09	5.89e-06	1.06e-03	1.95e-02	5.61e-02	5.15e-01	3.54e-01	5.42e-02
 3.66586e+22	1.71e-09	6.47e-06	1.15e-03	2.09e-02	5.91e-02	5.22e-01	3.46e-01	5.11e-02
 3.68719e+22	1.91e-09	7.20e-06	1.29e-03	2.30e-02	6.36e-02	5.32e-01	3.34e-01	4.68e-02
 3.70863e+22	2.11e-09	7.91e-06	1.41e-03	2.46e-02	6.69e-02	5.38e-01	3.25e-01	4.39e-02
 3.73023e+22	2.37e-09	8.84e-06	1.58e-03	2.69e-02	7.18e-02	5.46e-01	3.13e-01	4.02e-02
 3.75217e+22	2.64e-09	9.75e-06	1.73e-03	2.89e-02	7.56e-02	5.52e-01	3.04e-01	3.76e-02
 3.77456e+22	2.97e-09	1.09e-05	1.95e-03	3.16e-02	8.10e-02	5.59e-01	2.92e-01	3.42e-02
 3.79728e+22	3.32e-09	1.21e-05	2.14e-03	3.39e-02	8.52e-02	5.64e-01	2.83e-01	3.18e-02
 3.82042e+22	3.76e-09	1.36e-05	2.41e-03	3.71e-02	9.13e-02	5.70e-01	2.70e-01	2.88e-02
 3.84398e+22	4.23e-09	1.52e-05	2.66e-03	3.98e-02	9.60e-02	5.74e-01	2.61e-01	2.67e-02
 3.86809e+22	4.82e-09	1.72e-05	3.01e-03	4.37e-02	1.03e-01	5.79e-01	2.48e-01	2.40e-02
 3.89272e+22	5.46e-09	1.92e-05	3.33e-03	4.69e-02	1.08e-01	5.82e-01	2.38e-01	2.21e-02
 3.91802e+22	6.28e-09	2.20e-05	3.78e-03	5.15e-02	1.16e-01	5.84e-01	2.25e-01	1.96e-02
 3.94369e+22	7.15e-09	2.46e-05	4.20e-03	5.53e-02	1.21e-01	5.86e-01	2.15e-01	1.80e-02
 3.96985e+22	8.30e-09	2.83e-05	4.79e-03	6.07e-02	1.30e-01	5.86e-01	2.02e-01	1.59e-02
 3.99628e+22	9.49e-09	3.19e-05	5.32e-03	6.52e-02	1.36e-01	5.86e-01	1.93e-01	1.45e-02
 4.01880e+22	1.07e-08	3.54e-05	5.86e-03	6.97e-02	1.42e-01	5.85e-01	1.84e-01	1.32e-02
 4.04384e+22	1.24e-08	4.06e-05	6.64e-03	7.57e-02	1.50e-01	5.83e-01	1.73e-01	1.17e-02
 4.06911e+22	1.40e-08	4.53e-05	7.33e-03	8.09e-02	1.57e-01	5.80e-01	1.64e-01	1.07e-02
 4.09470e+22	1.55e-08	5.21e-05	8.30e-03	8.77e-02	1.65e-01	5.76e-01	1.54e-01	9.43e-03
 4.11957e+22	1.75e-08	5.79e-05	9.11e-03	9.32e-02	1.72e-01	5.72e-01	1.46e-01	8.58e-03
 4.14021e+22	1.96e-08	6.40e-05	9.96e-03	9.87e-02	1.78e-01	5.67e-01	1.39e-01	7.81e-03
 4.16374e+22	2.27e-08	7.28e-05	1.11e-02	1.06e-01	1.86e-01	5.60e-01	1.30e-01	6.94e-03
 4.18802e+22	2.57e-08	8.13e-05	1.23e-02	1.12e-01	1.93e-01	5.54e-01	1.22e-01	6.26e-03
 4.20983e+22	2.90e-08	9.04e-05	1.34e-02	1.19e-01	1.99e-01	5.47e-01	1.15e-01	5.64e-03
 4.23474e+22	3.41e-08	1.04e-04	1.51e-02	1.28e-01	2.07e-01	5.38e-01	1.07e-01	4.96e-03
 4.26044e+22	3.91e-08	1.17e-04	1.67e-02	1.36e-01	2.14e-01	5.29e-01	1.00e-01	4.41e-03
 4.28334e+22	4.44e-08	1.30e-04	1.83e-02	1.44e-01	2.21e-01	5.19e-01	9.37e-02	3.94e-03
 4.30930e+22	5.26e-08	1.50e-04	2.06e-02	1.54e-01	2.29e-01	5.07e-01	8.61e-02	3.42e-03
 4.33638e+22	6.09e-08	1.70e-04	2.28e-02	1.63e-01	2.36e-01	4.95e-01	7.96e-02	3.00e-03
 4.36083e+22	7.01e-08	1.91e-04	2.51e-02	1.72e-01	2.43e-01	4.83e-01	7.38e-02	2.65e-03
 4.38851e+22	8.39e-08	2.23e-04	2.83e-02	1.84e-01	2.50e-01	4.67e-01	6.69e-02	2.26e-03
 4.41694e+22	9.78e-08	2.53e-04	3.13e-02	1.95e-01	2.57e-01	4.53e-01	6.13e-02	1.96e-03
 4.44221e+22	1.13e-07	2.86e-04	3.45e-02	2.06e-01	2.63e-01	4.39e-01	5.63e-02	1.71e-03
 4.47091e+22	1.36e-07	3.33e-04	3.89e-02	2.19e-01	2.69e-01	4.21e-01	5.04e-02	1.43e-03
 4.50053e+22	1.61e-07	3.81e-04	4.30e-02	2.31e-01	2.74e-01	4.05e-01	4.56e-02	1.22e-03
 4.52673e+22	1.87e-07	4.31e-04	4.72e-02	2.42e-01	2.79e-01	3.89e-01	4.14e-02	1.05e-03
 4.55616e+22	2.26e-07	5.04e-04	5.31e-02	2.56e-01	2.83e-01	3.69e-01	3.66e-02	8.70e-04
 4.58623e+22	2.67e-07	5.74e-04	5.85e-02	2.69e-01	2.87e-01	3.52e-01	3.29e-02	7.36e-04
 4.61292e+22	3.12e-07	6.51e-04	6.41e-02	2.80e-01	2.89e-01	3.36e-01	2.95e-02	6.25e-04
 4.64342e+22	3.81e-07	7.65e-04	7.18e-02	2.95e-01	2.91e-01	3.15e-01	2.57e-02	5.07e-04
 4.67455e+22	4.53e-07	8.74e-04	7.89e-02	3.08e-01	2.92e-01	2.97e-01	2.28e-02	4.22e-04
 4.70222e+22	5.32e-07	9.93e-04	8.62e-02	3.19e-01	2.93e-01	2.80e-01	2.02e-02	3.53e-04
 4.73390e+22	6.53e-07	1.17e-03	9.62e-02	3.34e-01	2.92e-01	2.59e-01	1.73e-02	2.80e-04
 4.76629e+22	7.81e-07	1.34e-03	1.05e-01	3.46e-01	2.90e-01	2.42e-01	1.51e-02	2.29e-04
 4.79400e+22	9.10e-07	1.51e-03	1.14e-01	3.56e-01	2.88e-01	2.27e-01	1.33e-02	1.90e-04
 4.82440e+22	1.11e-06	1.76e-03	1.26e-01	3.68e-01	2.84e-01	2.09e-01	1.13e-02	1.51e-04
 4.85559e+22	1.30e-06	2.00e-03	1.36e-01	3.78e-01	2.80e-01	1.94e-01	9.83e-03	1.23e-04
 4.88338e+22	1.53e-06	2.26e-03	1.47e-01	3.86e-01	2.76e-01	1.80e-01	8.56e-03	1.01e-04
 4.91509e+22	1.86e-06	2.63e-03	1.61e-01	3.96e-01	2.69e-01	1.63e-01	7.15e-03	7.79e-05
 4.94732e+22	2.19e-06	2.99e-03	1.74e-01	4.04e-01	2.63e-01	1.50e-01	6.13e-03	6.26e-05
 4.97468e+22	2.54e-06	3.35e-03	1.86e-01	4.10e-01	2.57e-01	1.38e-01	5.32e-03	5.11e-05
 5.00471e+22	3.04e-06	3.85e-03	2.02e-01	4.16e-01	2.49e-01	1.25e-01	4.45e-03	3.97e-05
 5.03555e+22	3.54e-06	4.32e-03	2.15e-01	4.21e-01	2.41e-01	1.14e-01	3.81e-03	3.20e-05
 5.06314e+22	4.10e-06	4.84e-03	2.29e-01	4.24e-01	2.34e-01	1.05e-01	3.27e-03	2.57e-05
 5.08795e+22	4.64e-06	5.32e-03	2.41e-01	4.27e-01	2.27e-01	9.69e-02	2.87e-03	2.14e-05
 5.11009e+22	5.20e-06	5.80e-03	2.52e-01	4.28e-01	2.21e-01	9.01e-02	2.53e-03	1.80e-05
 5.13552e+22	6.01e-06	6.47e-03	2.67e-01	4.30e-01	2.13e-01	8.21e-02	2.16e-03	1.45e-05
 5.16181e+22	6.83e-06	7.13e-03	2.80e-01	4.30e-01	2.05e-01	7.53e-02	1.87e-03	1.18e-05
 5.18501e+22	7.68e-06	7.78e-03	2.93e-01	4.30e-01	1.98e-01	6.95e-02	1.63e-03	9.81e-06
 5.21095e+22	8.92e-06	8.70e-03	3.09e-01	4.29e-01	1.89e-01	6.25e-02	1.37e-03	7.70e-06
 5.23740e+22	1.01e-05	9.50e-03	3.23e-01	4.27e-01	1.82e-01	5.73e-02	1.19e-03	6.31e-06
 5.26452e+22	1.17e-05	1.07e-02	3.41e-01	4.24e-01	1.72e-01	5.11e-02	9.85e-04	4.88e-06
 5.29185e+22	1.33e-05	1.16e-02	3.55e-01	4.21e-01	1.65e-01	4.67e-02	8.48e-04	3.97e-06
 5.31947e+22	1.55e-05	1.30e-02	3.73e-01	4.16e-01	1.56e-01	4.14e-02	6.98e-04	3.04e-06
 5.34747e+22	1.75e-05	1.42e-02	3.88e-01	4.12e-01	1.48e-01	3.76e-02	5.97e-04	2.45e-06
 5.37598e+22	2.05e-05	1.59e-02	4.07e-01	4.05e-01	1.39e-01	3.31e-02	4.85e-04	1.85e-06
 5.40476e+22	2.31e-05	1.73e-02	4.21e-01	3.99e-01	1.32e-01	2.99e-02	4.13e-04	1.48e-06
 5.43388e+22	2.70e-05	1.93e-02	4.40e-01	3.91e-01	1.23e-01	2.62e-02	3.35e-04	1.12e-06
 5.46376e+22	3.08e-05	2.12e-02	4.56e-01	3.84e-01	1.15e-01	2.34e-02	2.80e-04	8.75e-07
 5.49058e+22	3.50e-05	2.32e-02	4.71e-01	3.76e-01	1.09e-01	2.09e-02	2.34e-04	6.87e-07
 5.52137e+22	4.12e-05	2.60e-02	4.90e-01	3.65e-01	1.00e-01	1.81e-02	1.86e-04	5.05e-07
 5.55300e+22	4.72e-05	2.85e-02	5.06e-01	3.56e-01	9.35e-02	1.60e-02	1.54e-04	3.89e-07
 5.58571e+22	5.64e-05	3.22e-02	5.26e-01	3.43e-01	8.51e-02	1.36e-02	1.19e-04	2.74e-07
 5.61843e+22	6.41e-05	3.51e-02	5.41e-01	3.33e-01	7.92e-02	1.20e-02	9.79e-05	2.12e-07
 5.64423e+22	7.14e-05	3.77e-02	5.53e-01	3.24e-01	7.44e-02	1.08e-02	8.32e-05	1.70e-07
 5.67084e+22	8.15e-05	4.13e-02	5.67e-01	3.14e-01	6.89e-02	9.50e-03	6.80e-05	1.30e-07
 5.69770e+22	9.05e-05	4.42e-02	5.78e-01	3.05e-01	6.47e-02	8.55e-03	5.77e-05	0.00e+00
 5.72488e+22	1.03e-04	4.83e-02	5.91e-01	2.94e-01	5.97e-02	7.47e-03	4.68e-05	0.00e+00
 5.75245e+22	1.15e-04	5.18e-02	6.01e-01	2.84e-01	5.57e-02	6.68e-03	3.94e-05	0.00e+00
 5.78052e+22	1.33e-04	5.68e-02	6.14e-01	2.72e-01	5.09e-02	5.77e-03	3.14e-05	0.00e+00
 5.80856e+22	1.47e-04	6.06e-02	6.23e-01	2.63e-01	4.75e-02	5.17e-03	2.65e-05	0.00e+00
 5.83655e+22	1.68e-04	6.62e-02	6.35e-01	2.51e-01	4.34e-02	4.46e-03	2.11e-05	0.00e+00
 5.86508e+22	1.87e-04	7.07e-02	6.43e-01	2.42e-01	4.03e-02	3.96e-03	1.77e-05	0.00e+00
 5.89430e+22	2.14e-04	7.72e-02	6.53e-01	2.30e-01	3.66e-02	3.40e-03	1.40e-05	0.00e+00
 5.92433e+22	2.39e-04	8.26e-02	6.61e-01	2.20e-01	3.37e-02	2.99e-03	1.15e-05	0.00e+00
 5.95542e+22	2.76e-04	9.07e-02	6.69e-01	2.07e-01	3.03e-02	2.53e-03	8.91e-06	0.00e+00
 5.98277e+22	2.98e-04	9.46e-02	6.74e-01	2.00e-01	2.86e-02	2.31e-03	7.77e-06	0.00e+00
 6.00098e+22	3.16e-04	9.82e-02	6.77e-01	1.95e-01	2.72e-02	2.14e-03	6.94e-06	0.00e+00
 6.02034e+22	3.47e-04	1.04e-01	6.81e-01	1.87e-01	2.54e-02	1.92e-03	5.87e-06	0.00e+00
 6.04551e+22	3.88e-04	1.11e-01	6.85e-01	1.78e-01	2.32e-02	1.67e-03	4.77e-06	0.00e+00
 6.07001e+22	4.18e-04	1.16e-01	6.88e-01	1.71e-01	2.18e-02	1.52e-03	4.13e-06	0.00e+00
 6.09364e+22	4.64e-04	1.24e-01	6.91e-01	1.63e-01	2.00e-02	1.33e-03	3.38e-06	0.00e+00
 6.11798e+22	5.04e-04	1.30e-01	6.93e-01	1.56e-01	1.87e-02	1.20e-03	2.88e-06	0.00e+00
 6.13832e+22	5.41e-04	1.36e-01	6.95e-01	1.50e-01	1.76e-02	1.09e-03	2.51e-06	0.00e+00
 6.15985e+22	5.94e-04	1.44e-01	6.95e-01	1.43e-01	1.63e-02	9.66e-04	2.09e-06	0.00e+00
 6.18391e+22	6.48e-04	1.51e-01	6.96e-01	1.36e-01	1.51e-02	8.58e-04	1.75e-06	0.00e+00
 6.21126e+22	7.31e-04	1.63e-01	6.95e-01	1.27e-01	1.36e-02	7.30e-04	1.38e-06	0.00e+00
 6.23869e+22	7.95e-04	1.71e-01	6.95e-01	1.21e-01	1.26e-02	6.49e-04	1.16e-06	0.00e+00
 6.26621e+22	8.94e-04	1.83e-01	6.92e-01	1.12e-01	1.13e-02	5.51e-04	9.08e-07	0.00e+00
 6.30198e+22	1.05e-03	2.00e-01	6.87e-01	1.02e-01	9.78e-03	4.41e-04	6.53e-07	0.00e+00
 6.33785e+22	1.17e-03	2.13e-01	6.83e-01	9.44e-02	8.81e-03	3.76e-04	5.16e-07	0.00e+00
 6.37387e+22	1.37e-03	2.33e-01	6.73e-01	8.45e-02	7.57e-03	2.97e-04	3.66e-07	0.00e+00
 6.41047e+22	1.54e-03	2.48e-01	6.66e-01	7.76e-02	6.75e-03	2.49e-04	2.82e-07	0.00e+00
 6.44784e+22	1.81e-03	2.72e-01	6.52e-01	6.85e-02	5.75e-03	1.94e-04	1.96e-07	0.00e+00
 6.48588e+22	2.05e-03	2.90e-01	6.41e-01	6.20e-02	5.06e-03	1.59e-04	1.47e-07	0.00e+00
 6.52479e+22	2.44e-03	3.19e-01	6.21e-01	5.35e-02	4.22e-03	1.19e-04	0.00e+00	0.00e+00
 6.56373e+22	2.78e-03	3.42e-01	6.04e-01	4.76e-02	3.67e-03	9.57e-05	0.00e+00	0.00e+00
 6.60269e+22	3.33e-03	3.75e-01	5.78e-01	4.03e-02	3.02e-03	7.02e-05	0.00e+00	0.00e+00
 6.63735e+22	3.69e-03	3.95e-01	5.62e-01	3.64e-02	2.69e-03	5.84e-05	0.00e+00	0.00e+00
 6.66643e+22	4.25e-03	4.24e-01	5.37e-01	3.15e-02	2.28e-03	4.51e-05	0.00e+00	0.00e+00
 6.69600e+22	4.78e-03	4.49e-01	5.16e-01	2.77e-02	1.99e-03	3.62e-05	0.00e+00	0.00e+00
 6.72179e+22	5.35e-03	4.75e-01	4.93e-01	2.44e-02	1.73e-03	2.90e-05	0.00e+00	0.00e+00
 6.75091e+22	6.22e-03	5.10e-01	4.62e-01	2.04e-02	1.42e-03	2.13e-05	0.00e+00	0.00e+00
 6.78032e+22	7.07e-03	5.41e-01	4.33e-01	1.73e-02	1.20e-03	1.63e-05	0.00e+00	0.00e+00
 6.80573e+22	7.98e-03	5.71e-01	4.06e-01	1.47e-02	1.01e-03	1.25e-05	0.00e+00	0.00e+00
 6.83440e+22	9.35e-03	6.10e-01	3.68e-01	1.18e-02	8.00e-04	8.64e-06	0.00e+00	0.00e+00
 6.86418e+22	1.08e-02	6.46e-01	3.33e-01	9.48e-03	6.37e-04	6.07e-06	0.00e+00	0.00e+00
 6.89087e+22	1.24e-02	6.81e-01	2.99e-01	7.56e-03	5.02e-04	4.22e-06	0.00e+00	0.00e+00
 6.92107e+22	1.48e-02	7.23e-01	2.56e-01	5.60e-03	3.65e-04	2.61e-06	0.00e+00	0.00e+00
 6.95283e+22	1.76e-02	7.62e-01	2.17e-01	4.08e-03	2.60e-04	1.58e-06	0.00e+00	0.00e+00
 6.98009e+22	2.05e-02	7.93e-01	1.83e-01	3.03e-03	1.88e-04	9.87e-07	0.00e+00	0.00e+00
 7.00468e+22	2.37e-02	8.20e-01	1.54e-01	2.26e-03	1.35e-04	6.19e-07	0.00e+00	0.00e+00
 7.02082e+22	2.55e-02	8.33e-01	1.39e-01	1.93e-03	1.13e-04	4.82e-07	0.00e+00	0.00e+00
 7.02740e+22	2.65e-02	8.39e-01	1.33e-01	1.79e-03	1.03e-04	4.26e-07	0.00e+00	0.00e+00
 7.03249e+22	2.74e-02	8.44e-01	1.27e-01	1.67e-03	9.49e-05	3.80e-07	0.00e+00	0.00e+00
 7.03832e+22	2.84e-02	8.49e-01	1.21e-01	1.55e-03	8.68e-05	3.37e-07	0.00e+00	0.00e+00
 7.04540e+22	2.98e-02	8.56e-01	1.13e-01	1.40e-03	7.71e-05	2.88e-07	0.00e+00	0.00e+00
 7.05269e+22	3.12e-02	8.61e-01	1.06e-01	1.28e-03	6.87e-05	2.47e-07	0.00e+00	0.00e+00
 7.05935e+22	3.26e-02	8.66e-01	9.98e-02	1.17e-03	6.14e-05	2.13e-07	0.00e+00	0.00e+00
 7.06557e+22	3.39e-02	8.71e-01	9.42e-02	1.08e-03	5.54e-05	1.86e-07	0.00e+00	0.00e+00
 7.07183e+22	3.54e-02	8.75e-01	8.85e-02	9.86e-04	4.96e-05	1.61e-07	0.00e+00	0.00e+00
 7.07822e+22	3.70e-02	8.79e-01	8.31e-02	9.05e-04	4.44e-05	1.40e-07	0.00e+00	0.00e+00
 7.08437e+22	3.86e-02	8.82e-01	7.81e-02	8.32e-04	3.97e-05	0.00e+00	0.00e+00	0.00e+00
 7.09034e+22	4.02e-02	8.86e-01	7.33e-02	7.66e-04	3.56e-05	0.00e+00	0.00e+00	0.00e+00
 7.09636e+22	4.20e-02	8.89e-01	6.87e-02	7.04e-04	3.17e-05	0.00e+00	0.00e+00	0.00e+00
 7.10234e+22	4.38e-02	8.91e-01	6.44e-02	6.49e-04	2.83e-05	0.00e+00	0.00e+00	0.00e+00
 7.10808e+22	4.57e-02	8.93e-01	6.04e-02	6.00e-04	2.54e-05	0.00e+00	0.00e+00	0.00e+00
 7.11374e+22	4.76e-02	8.95e-01	5.67e-02	5.55e-04	2.27e-05	0.00e+00	0.00e+00	0.00e+00
 7.11959e+22	4.98e-02	8.97e-01	5.28e-02	5.11e-04	2.01e-05	0.00e+00	0.00e+00	0.00e+00
 7.12542e+22	5.21e-02	8.98e-01	4.93e-02	4.72e-04	1.79e-05	0.00e+00	0.00e+00	0.00e+00
 7.13085e+22	5.43e-02	8.99e-01	4.62e-02	4.38e-04	1.60e-05	0.00e+00	0.00e+00	0.00e+00
 7.13618e+22	5.65e-02	9.00e-01	4.33e-02	4.08e-04	1.44e-05	0.00e+00	0.00e+00	0.00e+00
 7.14182e+22	5.93e-02	9.00e-01	4.03e-02	3.78e-04	1.27e-05	0.00e+00	0.00e+00	0.00e+00
 7.14749e+22	6.21e-02	9.00e-01	3.75e-02	3.50e-04	1.13e-05	0.00e+00	0.00e+00	0.00e+00
 7.15271e+22	6.48e-02	9.00e-01	3.50e-02	3.26e-04	1.01e-05	0.00e+00	0.00e+00	0.00e+00
 7.15782e+22	6.73e-02	8.99e-01	3.29e-02	3.06e-04	9.05e-06	0.00e+00	0.00e+00	0.00e+00
 7.16340e+22	7.08e-02	8.99e-01	3.04e-02	2.84e-04	7.96e-06	0.00e+00	0.00e+00	0.00e+00
 7.16905e+22	7.43e-02	8.97e-01	2.82e-02	2.63e-04	7.03e-06	0.00e+00	0.00e+00	0.00e+00
 7.17414e+22	7.76e-02	8.96e-01	2.63e-02	2.47e-04	6.28e-06	0.00e+00	0.00e+00	0.00e+00
 7.17911e+22	8.07e-02	8.94e-01	2.46e-02	2.32e-04	5.64e-06	0.00e+00	0.00e+00	0.00e+00
 7.18469e+22	8.49e-02	8.92e-01	2.27e-02	2.16e-04	4.95e-06	0.00e+00	0.00e+00	0.00e+00
 7.19045e+22	8.93e-02	8.90e-01	2.09e-02	2.01e-04	4.35e-06	0.00e+00	0.00e+00	0.00e+00
 7.19563e+22	9.36e-02	8.87e-01	1.94e-02	1.89e-04	3.86e-06	0.00e+00	0.00e+00	0.00e+00
 7.20050e+22	9.74e-02	8.84e-01	1.82e-02	1.79e-04	3.47e-06	0.00e+00	0.00e+00	0.00e+00
 7.20585e+22	1.02e-01	8.81e-01	1.68e-02	1.67e-04	3.06e-06	0.00e+00	0.00e+00	0.00e+00
 7.21157e+22	1.08e-01	8.77e-01	1.54e-02	1.56e-04	2.68e-06	0.00e+00	0.00e+00	0.00e+00
 7.21687e+22	1.13e-01	8.72e-01	1.42e-02	1.47e-04	2.37e-06	0.00e+00	0.00e+00	0.00e+00
 7.22180e+22	1.18e-01	8.69e-01	1.33e-02	1.39e-04	2.13e-06	0.00e+00	0.00e+00	0.00e+00
 7.22720e+22	1.24e-01	8.64e-01	1.22e-02	1.31e-04	1.87e-06	0.00e+00	0.00e+00	0.00e+00
 7.23307e+22	1.31e-01	8.58e-01	1.11e-02	1.23e-04	1.63e-06	0.00e+00	0.00e+00	0.00e+00
 7.23866e+22	1.38e-01	8.52e-01	1.02e-02	1.16e-04	1.44e-06	0.00e+00	0.00e+00	0.00e+00
 7.24393e+22	1.44e-01	8.46e-01	9.46e-03	1.10e-04	1.28e-06	0.00e+00	0.00e+00	0.00e+00
 7.24946e+22	1.52e-01	8.40e-01	8.67e-03	1.03e-04	1.13e-06	0.00e+00	0.00e+00	0.00e+00
 7.25533e+22	1.60e-01	8.32e-01	7.92e-03	9.73e-05	9.86e-07	0.00e+00	0.00e+00	0.00e+00
 7.26112e+22	1.68e-01	8.25e-01	7.24e-03	9.19e-05	8.67e-07	0.00e+00	0.00e+00	0.00e+00
 7.26684e+22	1.77e-01	8.17e-01	6.62e-03	8.68e-05	7.62e-07	0.00e+00	0.00e+00	0.00e+00
 7.27252e+22	1.85e-01	8.09e-01	6.07e-03	8.23e-05	6.74e-07	0.00e+00	0.00e+00	0.00e+00
 7.27850e+22	1.95e-01	7.99e-01	5.52e-03	7.78e-05	5.91e-07	0.00e+00	0.00e+00	0.00e+00
 7.28477e+22	2.06e-01	7.89e-01	5.01e-03	7.34e-05	5.15e-07	0.00e+00	0.00e+00	0.00e+00
 7.29089e+22	2.16e-01	7.79e-01	4.56e-03	6.95e-05	4.53e-07	0.00e+00	0.00e+00	0.00e+00
 7.29708e+22	2.27e-01	7.69e-01	4.15e-03	6.58e-05	3.98e-07	0.00e+00	0.00e+00	0.00e+00
 7.30373e+22	2.39e-01	7.57e-01	3.74e-03	6.21e-05	3.46e-07	0.00e+00	0.00e+00	0.00e+00
 7.31060e+22	2.52e-01	7.45e-01	3.37e-03	5.86e-05	3.01e-07	0.00e+00	0.00e+00	0.00e+00
 7.31730e+22	2.64e-01	7.33e-01	3.05e-03	5.55e-05	2.64e-07	0.00e+00	0.00e+00	0.00e+00
 7.32426e+22	2.78e-01	7.19e-01	2.74e-03	5.24e-05	2.29e-07	0.00e+00	0.00e+00	0.00e+00
 7.33101e+22	2.91e-01	7.07e-01	2.49e-03	4.98e-05	2.02e-07	0.00e+00	0.00e+00	0.00e+00
 7.33709e+22	3.03e-01	6.95e-01	2.28e-03	4.75e-05	1.81e-07	0.00e+00	0.00e+00	0.00e+00
 7.34323e+22	3.15e-01	6.83e-01	2.08e-03	4.54e-05	1.61e-07	0.00e+00	0.00e+00	0.00e+00
 7.34968e+22	3.28e-01	6.70e-01	1.90e-03	4.32e-05	1.43e-07	0.00e+00	0.00e+00	0.00e+00
 7.35640e+22	3.41e-01	6.57e-01	1.72e-03	4.11e-05	1.27e-07	0.00e+00	0.00e+00	0.00e+00
 7.36325e+22	3.55e-01	6.43e-01	1.57e-03	3.91e-05	1.13e-07	0.00e+00	0.00e+00	0.00e+00
 7.37018e+22	3.69e-01	6.29e-01	1.43e-03	3.73e-05	0.00e+00	0.00e+00	0.00e+00	0.00e+00
 7.37730e+22	3.83e-01	6.15e-01	1.30e-03	3.54e-05	0.00e+00	0.00e+00	0.00e+00	0.00e+00
 7.38464e+22	3.98e-01	6.01e-01	1.18e-03	3.37e-05	0.00e+00	0.00e+00	0.00e+00	0.00e+00
 7.39218e+22	4.13e-01	5.86e-01	1.07e-03	3.20e-05	0.00e+00	0.00e+00	0.00e+00	0.00e+00
 7.39992e+22	4.28e-01	5.71e-01	9.74e-04	3.04e-05	0.00e+00	0.00e+00	0.00e+00	0.00e+00
 7.40790e+22	4.43e-01	5.56e-01	8.86e-04	2.89e-05	0.00e+00	0.00e+00	0.00e+00	0.00e+00
 7.41617e+22	4.58e-01	5.41e-01	8.05e-04	2.74e-05	0.00e+00	0.00e+00	0.00e+00	0.00e+00
 7.42474e+22	4.74e-01	5.25e-01	7.32e-04	2.60e-05	0.00e+00	0.00e+00	0.00e+00	0.00e+00
 7.43363e+22	4.89e-01	5.10e-01	6.66e-04	2.46e-05	0.00e+00	0.00e+00	0.00e+00	0.00e+00
 7.44286e+22	5.05e-01	4.94e-01	6.06e-04	2.33e-05	0.00e+00	0.00e+00	0.00e+00	0.00e+00
 7.45251e+22	5.21e-01	4.79e-01	5.53e-04	2.20e-05	0.00e+00	0.00e+00	0.00e+00	0.00e+00
 7.46264e+22	5.36e-01	4.63e-01	5.04e-04	2.08e-05	0.00e+00	0.00e+00	0.00e+00	0.00e+00
 7.47330e+22	5.52e-01	4.48e-01	4.60e-04	1.97e-05	0.00e+00	0.00e+00	0.00e+00	0.00e+00
 7.48454e+22	5.67e-01	4.32e-01	4.20e-04	1.85e-05	0.00e+00	0.00e+00	0.00e+00	0.00e+00
 7.49644e+22	5.83e-01	4.17e-01	3.85e-04	1.75e-05	0.00e+00	0.00e+00	0.00e+00	0.00e+00
 7.50914e+22	5.98e-01	4.01e-01	3.52e-04	1.64e-05	0.00e+00	0.00e+00	0.00e+00	0.00e+00
 7.52261e+22	6.13e-01	3.86e-01	3.23e-04	1.55e-05	0.00e+00	0.00e+00	0.00e+00	0.00e+00
 7.53674e+22	6.28e-01	3.72e-01	2.98e-04	1.45e-05	0.00e+00	0.00e+00	0.00e+00	0.00e+00
 7.55160e+22	6.42e-01	3.57e-01	2.75e-04	1.37e-05	0.00e+00	0.00e+00	0.00e+00	0.00e+00
 7.56735e+22	6.56e-01	3.43e-01	2.54e-04	1.28e-05	0.00e+00	0.00e+00	0.00e+00	0.00e+00
 7.58394e+22	6.70e-01	3.30e-01	2.35e-04	1.21e-05	0.00e+00	0.00e+00	0.00e+00	0.00e+00
 7.60140e+22	6.83e-01	3.16e-01	2.18e-04	1.13e-05	0.00e+00	0.00e+00	0.00e+00	0.00e+00
 7.61965e+22	6.97e-01	3.03e-01	2.03e-04	1.06e-05	0.00e+00	0.00e+00	0.00e+00	0.00e+00
 7.63825e+22	7.09e-01	2.91e-01	1.89e-04	9.96e-06	0.00e+00	0.00e+00	0.00e+00	0.00e+00
 7.65699e+22	7.21e-01	2.78e-01	1.77e-04	9.36e-06	0.00e+00	0.00e+00	0.00e+00	0.00e+00
 7.67537e+22	7.33e-01	2.67e-01	1.66e-04	8.83e-06	0.00e+00	0.00e+00	0.00e+00	0.00e+00
 7.69337e+22	7.43e-01	2.56e-01	1.57e-04	8.34e-06	0.00e+00	0.00e+00	0.00e+00	0.00e+00
 7.71140e+22	7.54e-01	2.46e-01	1.48e-04	7.89e-06	0.00e+00	0.00e+00	0.00e+00	0.00e+00
 7.72918e+22	7.64e-01	2.36e-01	1.40e-04	7.47e-06	0.00e+00	0.00e+00	0.00e+00	0.00e+00
 7.74692e+22	7.74e-01	2.26e-01	1.33e-04	7.07e-06	0.00e+00	0.00e+00	0.00e+00	0.00e+00
 7.76441e+22	7.84e-01	2.16e-01	1.26e-04	6.70e-06	0.00e+00	0.00e+00	0.00e+00	0.00e+00
 7.78114e+22	7.93e-01	2.07e-01	1.20e-04	6.37e-06	0.00e+00	0.00e+00	0.00e+00	0.00e+00
 7.79735e+22	8.01e-01	1.98e-01	1.15e-04	6.06e-06	0.00e+00	0.00e+00	0.00e+00	0.00e+00
 7.81331e+22	8.10e-01	1.90e-01	1.10e-04	5.77e-06	0.00e+00	0.00e+00	0.00e+00	0.00e+00
 7.82898e+22	8.18e-01	1.82e-01	1.06e-04	5.50e-06	0.00e+00	0.00e+00	0.00e+00	0.00e+00
 7.84430e+22	8.26e-01	1.74e-01	1.01e-04	5.25e-06	0.00e+00	0.00e+00	0.00e+00	0.00e+00
 7.85916e+22	8.34e-01	1.66e-01	9.76e-05	5.02e-06	0.00e+00	0.00e+00	0.00e+00	0.00e+00
 7.87359e+22	8.41e-01	1.59e-01	9.41e-05	4.80e-06	0.00e+00	0.00e+00	0.00e+00	0.00e+00
 7.88777e+22	8.48e-01	1.52e-01	9.08e-05	4.59e-06	0.00e+00	0.00e+00	0.00e+00	0.00e+00
 7.90188e+22	8.55e-01	1.45e-01	8.77e-05	4.40e-06	0.00e+00	0.00e+00	0.00e+00	0.00e+00
 7.91584e+22	8.61e-01	1.38e-01	8.48e-05	4.21e-06	0.00e+00	0.00e+00	0.00e+00	0.00e+00
 7.92929e+22	8.68e-01	1.32e-01	8.22e-05	4.04e-06	0.00e+00	0.00e+00	0.00e+00	0.00e+00
 7.94230e+22	8.74e-01	1.26e-01	7.98e-05	3.87e-06	0.00e+00	0.00e+00	0.00e+00	0.00e+00
 7.95498e+22	8.79e-01	1.21e-01	7.75e-05	3.73e-06	0.00e+00	0.00e+00	0.00e+00	0.00e+00
 7.96708e+22	8.85e-01	1.15e-01	7.55e-05	3.59e-06	0.00e+00	0.00e+00	0.00e+00	0.00e+00
 7.97841e+22	8.89e-01	1.11e-01	7.37e-05	3.47e-06	0.00e+00	0.00e+00	0.00e+00	0.00e+00
 7.98906e+22	8.94e-01	1.06e-01	7.20e-05	3.36e-06	0.00e+00	0.00e+00	0.00e+00	0.00e+00
 7.99898e+22	8.98e-01	1.02e-01	7.06e-05	3.26e-06	0.00e+00	0.00e+00	0.00e+00	0.00e+00
 8.00651e+22	9.00e-01	9.96e-02	6.97e-05	3.21e-06	0.00e+00	0.00e+00	0.00e+00	0.00e+00
 8.01102e+22	9.02e-01	9.83e-02	6.93e-05	3.19e-06	0.00e+00	0.00e+00	0.00e+00	0.00e+00
 8.01415e+22	9.03e-01	9.74e-02	6.89e-05	3.17e-06	0.00e+00	0.00e+00	0.00e+00	0.00e+00
 8.01724e+22	9.04e-01	9.60e-02	6.84e-05	3.15e-06	0.00e+00	0.00e+00	0.00e+00	0.00e+00
 8.02078e+22	9.05e-01	9.45e-02	6.79e-05	3.11e-06	0.00e+00	0.00e+00	0.00e+00	0.00e+00
 8.02453e+22	9.07e-01	9.30e-02	6.74e-05	3.07e-06	0.00e+00	0.00e+00	0.00e+00	0.00e+00
 8.02819e+22	9.08e-01	9.15e-02	6.69e-05	3.04e-06	0.00e+00	0.00e+00	0.00e+00	0.00e+00
 8.03162e+22	9.10e-01	9.03e-02	6.64e-05	3.01e-06	0.00e+00	0.00e+00	0.00e+00	0.00e+00
 8.03505e+22	9.11e-01	8.90e-02	6.59e-05	2.98e-06	0.00e+00	0.00e+00	0.00e+00	0.00e+00
 8.03865e+22	9.12e-01	8.76e-02	6.55e-05	2.95e-06	0.00e+00	0.00e+00	0.00e+00	0.00e+00
 8.04227e+22	9.14e-01	8.63e-02	6.50e-05	2.92e-06	0.00e+00	0.00e+00	0.00e+00	0.00e+00
 8.04581e+22	9.15e-01	8.50e-02	6.45e-05	2.89e-06	0.00e+00	0.00e+00	0.00e+00	0.00e+00
 8.04929e+22	9.16e-01	8.37e-02	6.41e-05	2.86e-06	0.00e+00	0.00e+00	0.00e+00	0.00e+00
 8.05294e+22	9.18e-01	8.24e-02	6.36e-05	2.83e-06	0.00e+00	0.00e+00	0.00e+00	0.00e+00
 8.05686e+22	9.19e-01	8.09e-02	6.31e-05	2.80e-06	0.00e+00	0.00e+00	0.00e+00	0.00e+00
 8.06076e+22	9.20e-01	7.97e-02	6.26e-05	2.77e-06	0.00e+00	0.00e+00	0.00e+00	0.00e+00
 8.06462e+22	9.22e-01	7.84e-02	6.22e-05	2.74e-06	0.00e+00	0.00e+00	0.00e+00	0.00e+00
 8.06855e+22	9.23e-01	7.70e-02	6.17e-05	2.71e-06	0.00e+00	0.00e+00	0.00e+00	0.00e+00
 8.07242e+22	9.24e-01	7.59e-02	6.13e-05	2.69e-06	0.00e+00	0.00e+00	0.00e+00	0.00e+00
 8.07632e+22	9.25e-01	7.47e-02	6.08e-05	2.66e-06	0.00e+00	0.00e+00	0.00e+00	0.00e+00
 8.08038e+22	9.27e-01	7.33e-02	6.03e-05	2.64e-06	0.00e+00	0.00e+00	0.00e+00	0.00e+00
 8.08440e+22	9.28e-01	7.22e-02	5.99e-05	2.61e-06	0.00e+00	0.00e+00	0.00e+00	0.00e+00
 8.08842e+22	9.29e-01	7.10e-02	5.94e-05	2.59e-06	0.00e+00	0.00e+00	0.00e+00	0.00e+00
 8.09251e+22	9.30e-01	6.99e-02	5.90e-05	2.56e-06	0.00e+00	0.00e+00	0.00e+00	0.00e+00
 8.09673e+22	9.31e-01	6.86e-02	5.85e-05	2.54e-06	0.00e+00	0.00e+00	0.00e+00	0.00e+00
 8.10107e+22	9.33e-01	6.74e-02	5.81e-05	2.52e-06	0.00e+00	0.00e+00	0.00e+00	0.00e+00
 8.10512e+22	9.34e-01	6.63e-02	5.77e-05	2.51e-06	0.00e+00	0.00e+00	0.00e+00	0.00e+00
 8.10874e+22	9.34e-01	6.56e-02	5.73e-05	2.49e-06	0.00e+00	0.00e+00	0.00e+00	0.00e+00
 8.11269e+22	9.35e-01	6.46e-02	5.69e-05	2.47e-06	0.00e+00	0.00e+00	0.00e+00	0.00e+00
 8.11694e+22	9.36e-01	6.35e-02	5.65e-05	2.46e-06	0.00e+00	0.00e+00	0.00e+00	0.00e+00
 8.12082e+22	9.37e-01	6.27e-02	5.61e-05	2.44e-06	0.00e+00	0.00e+00	0.00e+00	0.00e+00
 8.12499e+22	9.38e-01	6.17e-02	5.57e-05	2.43e-06	0.00e+00	0.00e+00	0.00e+00	0.00e+00
 8.12942e+22	9.39e-01	6.08e-02	5.53e-05	2.41e-06	0.00e+00	0.00e+00	0.00e+00	0.00e+00
 8.13345e+22	9.40e-01	6.00e-02	5.49e-05	2.41e-06	0.00e+00	0.00e+00	0.00e+00	0.00e+00
 8.13712e+22	9.40e-01	5.95e-02	5.46e-05	2.39e-06	0.00e+00	0.00e+00	0.00e+00	0.00e+00
 8.14115e+22	9.41e-01	5.86e-02	5.42e-05	2.39e-06	0.00e+00	0.00e+00	0.00e+00	0.00e+00
 8.14549e+22	9.42e-01	5.78e-02	5.38e-05	2.37e-06	0.00e+00	0.00e+00	0.00e+00	0.00e+00
 8.14944e+22	9.43e-01	5.71e-02	5.35e-05	2.38e-06	0.00e+00	0.00e+00	0.00e+00	0.00e+00
 8.15304e+22	9.43e-01	5.66e-02	5.32e-05	2.36e-06	0.00e+00	0.00e+00	0.00e+00	0.00e+00
 8.15698e+22	9.44e-01	5.58e-02	5.28e-05	2.36e-06	0.00e+00	0.00e+00	0.00e+00	0.00e+00
 8.16123e+22	9.45e-01	5.52e-02	5.25e-05	2.35e-06	0.00e+00	0.00e+00	0.00e+00	0.00e+00
 8.16510e+22	9.45e-01	5.46e-02	5.22e-05	2.35e-06	0.00e+00	0.00e+00	0.00e+00	0.00e+00
 8.16863e+22	9.46e-01	5.42e-02	5.19e-05	2.34e-06	0.00e+00	0.00e+00	0.00e+00	0.00e+00
 8.17249e+22	9.46e-01	5.35e-02	5.16e-05	2.34e-06	0.00e+00	0.00e+00	0.00e+00	0.00e+00
 8.17665e+22	9.47e-01	5.30e-02	5.12e-05	2.34e-06	0.00e+00	0.00e+00	0.00e+00	0.00e+00
 8.18045e+22	9.47e-01	5.25e-02	5.10e-05	2.34e-06	0.00e+00	0.00e+00	0.00e+00	0.00e+00
 8.18390e+22	9.48e-01	5.22e-02	5.07e-05	2.34e-06	0.00e+00	0.00e+00	0.00e+00	0.00e+00
 8.18768e+22	9.48e-01	5.16e-02	5.04e-05	2.33e-06	0.00e+00	0.00e+00	0.00e+00	0.00e+00
 8.19176e+22	9.49e-01	5.11e-02	5.00e-05	2.32e-06	0.00e+00	0.00e+00	0.00e+00	0.00e+00
 8.19624e+22	9.49e-01	5.05e-02	4.97e-05	2.31e-06	0.00e+00	0.00e+00	0.00e+00	0.00e+00
 8.20107e+22	9.50e-01	5.00e-02	4.93e-05	2.31e-06	0.00e+00	0.00e+00	0.00e+00	0.00e+00
 8.20546e+22	9.50e-01	4.97e-02	4.90e-05	2.32e-06	0.00e+00	0.00e+00	0.00e+00	0.00e+00
 8.20946e+22	9.51e-01	4.92e-02	4.87e-05	2.30e-06	0.00e+00	0.00e+00	0.00e+00	0.00e+00
 8.21384e+22	9.51e-01	4.87e-02	4.83e-05	2.29e-06	0.00e+00	0.00e+00	0.00e+00	0.00e+00
 8.21858e+22	9.52e-01	4.83e-02	4.80e-05	2.30e-06	0.00e+00	0.00e+00	0.00e+00	0.00e+00
 8.22288e+22	9.52e-01	4.79e-02	4.77e-05	2.29e-06	0.00e+00	0.00e+00	0.00e+00	0.00e+00
 8.22760e+22	9.53e-01	4.73e-02	4.73e-05	2.28e-06	0.00e+00	0.00e+00	0.00e+00	0.00e+00
 8.23269e+22	9.53e-01	4.69e-02	4.69e-05	2.28e-06	0.00e+00	0.00e+00	0.00e+00	0.00e+00
 8.23733e+22	9.53e-01	4.66e-02	4.66e-05	2.27e-06	0.00e+00	0.00e+00	0.00e+00	0.00e+00
 8.24241e+22	9.54e-01	4.61e-02	4.62e-05	2.27e-06	0.00e+00	0.00e+00	0.00e+00	0.00e+00
 8.24789e+22	9.54e-01	4.57e-02	4.59e-05	2.27e-06	0.00e+00	0.00e+00	0.00e+00	0.00e+00
 8.25288e+22	9.55e-01	4.54e-02	4.56e-05	2.28e-06	0.00e+00	0.00e+00	0.00e+00	0.00e+00
 8.25742e+22	9.55e-01	4.51e-02	4.53e-05	2.27e-06	0.00e+00	0.00e+00	0.00e+00	0.00e+00
 8.26240e+22	9.55e-01	4.47e-02	4.51e-05	2.27e-06	0.00e+00	0.00e+00	0.00e+00	0.00e+00
 8.26777e+22	9.56e-01	4.43e-02	4.49e-05	2.27e-06	0.00e+00	0.00e+00	0.00e+00	0.00e+00
 8.27266e+22	9.56e-01	4.41e-02	4.47e-05	2.28e-06	0.00e+00	0.00e+00	0.00e+00	0.00e+00
 8.27711e+22	9.56e-01	4.39e-02	4.45e-05	2.29e-06	0.00e+00	0.00e+00	0.00e+00	0.00e+00
 8.28116e+22	9.56e-01	4.37e-02	4.43e-05	2.29e-06	0.00e+00	0.00e+00	0.00e+00	0.00e+00
 8.28559e+22	9.57e-01	4.33e-02	4.41e-05	2.29e-06	0.00e+00	0.00e+00	0.00e+00	0.00e+00
 8.29038e+22	9.57e-01	4.31e-02	4.39e-05	2.29e-06	0.00e+00	0.00e+00	0.00e+00	0.00e+00
 8.29474e+22	9.57e-01	4.29e-02	4.38e-05	2.31e-06	0.00e+00	0.00e+00	0.00e+00	0.00e+00
 8.29871e+22	9.57e-01	4.27e-02	4.36e-05	2.30e-06	0.00e+00	0.00e+00	0.00e+00	0.00e+00
 8.30305e+22	9.58e-01	4.24e-02	4.34e-05	2.30e-06	0.00e+00	0.00e+00	0.00e+00	0.00e+00
