#depth	Ne	Ne+	Ne+2	Ne+3	Ne+4	Ne+5	Ne+6	Ne+7	Ne+8	Ne+9	Ne+10
 1.54284e+22	1.05e-13	1.17e-08	3.32e-05	4.29e-03	1.07e-01	4.02e-01	2.67e-01	1.25e-01	8.95e-02	4.54e-03	6.34e-05
 3.51935e+22	4.66e-13	4.12e-08	9.22e-05	8.91e-03	1.64e-01	4.60e-01	2.28e-01	8.82e-02	4.91e-02	1.84e-03	1.89e-05
 4.16986e+22	9.67e-13	7.53e-08	1.48e-04	1.23e-02	1.96e-01	4.77e-01	2.05e-01	7.25e-02	3.60e-02	1.16e-03	1.03e-05
 4.52745e+22	1.54e-12	1.10e-07	1.98e-04	1.50e-02	2.18e-01	4.84e-01	1.90e-01	6.34e-02	2.92e-02	8.59e-04	6.96e-06
 4.73253e+22	1.91e-12	1.31e-07	2.26e-04	1.65e-02	2.28e-01	4.86e-01	1.83e-01	5.95e-02	2.65e-02	7.46e-04	5.79e-06
 4.88046e+22	2.51e-12	1.63e-07	2.68e-04	1.84e-02	2.41e-01	4.87e-01	1.74e-01	5.47e-02	2.34e-02	6.24e-04	4.59e-06
 5.04080e+22	3.22e-12	1.99e-07	3.12e-04	2.04e-02	2.53e-01	4.88e-01	1.66e-01	5.06e-02	2.08e-02	5.28e-04	3.69e-06
 5.18097e+22	3.96e-12	2.35e-07	3.53e-04	2.21e-02	2.64e-01	4.87e-01	1.60e-01	4.74e-02	1.89e-02	4.59e-04	3.08e-06
 5.32691e+22	5.11e-12	2.89e-07	4.12e-04	2.44e-02	2.77e-01	4.86e-01	1.51e-01	4.35e-02	1.67e-02	3.85e-04	2.45e-06
 5.47721e+22	6.40e-12	3.46e-07	4.72e-04	2.67e-02	2.89e-01	4.84e-01	1.44e-01	4.04e-02	1.49e-02	3.29e-04	2.00e-06
 5.61101e+22	7.88e-12	4.08e-07	5.34e-04	2.89e-02	2.99e-01	4.82e-01	1.38e-01	3.76e-02	1.35e-02	2.85e-04	1.66e-06
 5.76278e+22	1.02e-11	5.01e-07	6.22e-04	3.19e-02	3.13e-01	4.78e-01	1.30e-01	3.44e-02	1.18e-02	2.37e-04	1.31e-06
 5.92183e+22	1.29e-11	6.04e-07	7.16e-04	3.48e-02	3.25e-01	4.74e-01	1.23e-01	3.16e-02	1.05e-02	2.00e-04	1.05e-06
 6.06586e+22	1.61e-11	7.18e-07	8.13e-04	3.78e-02	3.37e-01	4.69e-01	1.17e-01	2.92e-02	9.35e-03	1.70e-04	8.58e-07
 6.22859e+22	2.11e-11	8.91e-07	9.54e-04	4.17e-02	3.51e-01	4.63e-01	1.09e-01	2.63e-02	8.09e-03	1.39e-04	6.63e-07
 6.39728e+22	2.70e-11	1.08e-06	1.10e-03	4.55e-02	3.64e-01	4.56e-01	1.02e-01	2.40e-02	7.10e-03	1.16e-04	5.25e-07
 6.54793e+22	3.37e-11	1.28e-06	1.25e-03	4.92e-02	3.76e-01	4.49e-01	9.62e-02	2.20e-02	6.29e-03	9.80e-05	4.23e-07
 6.71801e+22	4.48e-11	1.61e-06	1.47e-03	5.44e-02	3.91e-01	4.39e-01	8.88e-02	1.97e-02	5.37e-03	7.86e-05	3.20e-07
 6.89297e+22	5.70e-11	1.94e-06	1.69e-03	5.91e-02	4.03e-01	4.31e-01	8.29e-02	1.79e-02	4.69e-03	6.52e-05	2.52e-07
 7.07427e+22	7.67e-11	2.44e-06	1.99e-03	6.54e-02	4.18e-01	4.19e-01	7.59e-02	1.58e-02	3.95e-03	5.16e-05	1.87e-07
 7.25841e+22	9.80e-11	2.96e-06	2.29e-03	7.10e-02	4.29e-01	4.09e-01	7.04e-02	1.43e-02	3.43e-03	4.24e-05	1.46e-07
 7.44624e+22	1.33e-10	3.74e-06	2.71e-03	7.84e-02	4.44e-01	3.96e-01	6.40e-02	1.26e-02	2.86e-03	3.31e-05	0.00e+00
 7.63764e+22	1.70e-10	4.55e-06	3.12e-03	8.51e-02	4.55e-01	3.84e-01	5.90e-02	1.12e-02	2.46e-03	2.69e-05	0.00e+00
 7.83368e+22	2.33e-10	5.78e-06	3.70e-03	9.39e-02	4.68e-01	3.69e-01	5.31e-02	9.80e-03	2.03e-03	2.07e-05	0.00e+00
 8.03233e+22	3.00e-10	7.04e-06	4.26e-03	1.02e-01	4.78e-01	3.56e-01	4.86e-02	8.73e-03	1.73e-03	1.67e-05	0.00e+00
 8.20737e+22	3.83e-10	8.50e-06	4.87e-03	1.10e-01	4.88e-01	3.44e-01	4.45e-02	7.79e-03	1.48e-03	1.35e-05	0.00e+00
 8.40792e+22	5.25e-10	1.08e-05	5.77e-03	1.21e-01	4.99e-01	3.28e-01	3.96e-02	6.72e-03	1.21e-03	1.03e-05	0.00e+00
 8.61112e+22	6.78e-10	1.32e-05	6.62e-03	1.30e-01	5.07e-01	3.14e-01	3.60e-02	5.95e-03	1.02e-03	8.16e-06	0.00e+00
 8.81776e+22	9.24e-10	1.67e-05	7.82e-03	1.42e-01	5.15e-01	2.97e-01	3.18e-02	5.11e-03	8.28e-04	6.15e-06	0.00e+00
 9.02756e+22	1.20e-09	2.03e-05	8.97e-03	1.53e-01	5.21e-01	2.83e-01	2.87e-02	4.49e-03	6.93e-04	4.84e-06	0.00e+00
 9.21339e+22	1.54e-09	2.46e-05	1.02e-02	1.64e-01	5.26e-01	2.69e-01	2.58e-02	3.95e-03	5.82e-04	3.83e-06	0.00e+00
 9.42688e+22	2.12e-09	3.14e-05	1.21e-02	1.79e-01	5.31e-01	2.52e-01	2.25e-02	3.34e-03	4.63e-04	2.82e-06	0.00e+00
 9.64331e+22	2.74e-09	3.81e-05	1.38e-02	1.91e-01	5.33e-01	2.38e-01	2.01e-02	2.92e-03	3.84e-04	2.20e-06	0.00e+00
 9.86353e+22	3.79e-09	4.87e-05	1.64e-02	2.08e-01	5.35e-01	2.21e-01	1.74e-02	2.45e-03	3.02e-04	1.59e-06	0.00e+00
 1.00867e+23	4.90e-09	5.90e-05	1.87e-02	2.22e-01	5.35e-01	2.07e-01	1.54e-02	2.12e-03	2.48e-04	1.23e-06	0.00e+00
 1.03136e+23	6.80e-09	7.55e-05	2.21e-02	2.40e-01	5.32e-01	1.90e-01	1.31e-02	1.76e-03	1.93e-04	8.78e-07	0.00e+00
 1.05435e+23	8.81e-09	9.17e-05	2.52e-02	2.55e-01	5.29e-01	1.77e-01	1.15e-02	1.52e-03	1.57e-04	6.69e-07	0.00e+00
 1.07441e+23	1.13e-08	1.10e-04	2.85e-02	2.70e-01	5.25e-01	1.65e-01	1.02e-02	1.31e-03	1.28e-04	5.13e-07	0.00e+00
 1.09365e+23	1.43e-08	1.31e-04	3.20e-02	2.84e-01	5.20e-01	1.54e-01	9.00e-03	1.14e-03	1.06e-04	3.98e-07	0.00e+00
 1.11198e+23	1.78e-08	1.55e-04	3.57e-02	2.98e-01	5.13e-01	1.44e-01	7.99e-03	9.91e-04	8.79e-05	3.12e-07	0.00e+00
 1.13265e+23	2.36e-08	1.90e-04	4.09e-02	3.16e-01	5.04e-01	1.31e-01	6.85e-03	8.31e-04	6.92e-05	2.27e-07	0.00e+00
 1.15327e+23	2.93e-08	2.24e-04	4.54e-02	3.30e-01	4.96e-01	1.22e-01	6.06e-03	7.22e-04	5.72e-05	1.77e-07	0.00e+00
 1.17383e+23	3.88e-08	2.75e-04	5.20e-02	3.48e-01	4.84e-01	1.10e-01	5.14e-03	6.00e-04	4.44e-05	1.27e-07	0.00e+00
 1.19472e+23	4.82e-08	3.23e-04	5.77e-02	3.62e-01	4.74e-01	1.02e-01	4.51e-03	5.17e-04	3.64e-05	0.00e+00	0.00e+00
 1.21605e+23	6.36e-08	3.95e-04	6.57e-02	3.79e-01	4.59e-01	9.14e-02	3.81e-03	4.27e-04	2.82e-05	0.00e+00	0.00e+00
 1.23761e+23	7.95e-08	4.65e-04	7.29e-02	3.93e-01	4.46e-01	8.35e-02	3.31e-03	3.64e-04	2.27e-05	0.00e+00	0.00e+00
 1.25948e+23	1.05e-07	5.69e-04	8.28e-02	4.10e-01	4.29e-01	7.44e-02	2.77e-03	2.98e-04	1.74e-05	0.00e+00	0.00e+00
 1.28163e+23	1.31e-07	6.69e-04	9.16e-02	4.23e-01	4.15e-01	6.74e-02	2.38e-03	2.52e-04	1.39e-05	0.00e+00	0.00e+00
 1.29938e+23	1.57e-07	7.63e-04	9.95e-02	4.33e-01	4.02e-01	6.20e-02	2.11e-03	2.19e-04	1.15e-05	0.00e+00	0.00e+00
 1.31772e+23	1.95e-07	8.93e-04	1.10e-01	4.45e-01	3.86e-01	5.60e-02	1.81e-03	1.84e-04	9.16e-06	0.00e+00	0.00e+00
 1.33648e+23	2.35e-07	1.02e-03	1.19e-01	4.55e-01	3.73e-01	5.11e-02	1.58e-03	1.59e-04	7.52e-06	0.00e+00	0.00e+00
 1.35322e+23	2.81e-07	1.16e-03	1.29e-01	4.63e-01	3.59e-01	4.67e-02	1.39e-03	1.37e-04	6.20e-06	0.00e+00	0.00e+00
 1.37240e+23	3.50e-07	1.36e-03	1.42e-01	4.73e-01	3.41e-01	4.16e-02	1.18e-03	1.14e-04	4.85e-06	0.00e+00	0.00e+00
 1.39179e+23	4.20e-07	1.55e-03	1.53e-01	4.80e-01	3.27e-01	3.77e-02	1.02e-03	9.69e-05	3.94e-06	0.00e+00	0.00e+00
 1.40882e+23	5.01e-07	1.75e-03	1.65e-01	4.86e-01	3.12e-01	3.41e-02	8.91e-04	8.29e-05	3.21e-06	0.00e+00	0.00e+00
 1.42832e+23	6.22e-07	2.04e-03	1.80e-01	4.92e-01	2.94e-01	3.01e-02	7.49e-04	6.80e-05	2.48e-06	0.00e+00	0.00e+00
 1.44804e+23	7.44e-07	2.31e-03	1.94e-01	4.97e-01	2.79e-01	2.70e-02	6.46e-04	5.74e-05	2.00e-06	0.00e+00	0.00e+00
 1.46538e+23	8.84e-07	2.61e-03	2.08e-01	5.00e-01	2.65e-01	2.42e-02	5.58e-04	4.87e-05	1.61e-06	0.00e+00	0.00e+00
 1.48522e+23	1.09e-06	3.02e-03	2.26e-01	5.02e-01	2.47e-01	2.11e-02	4.65e-04	3.95e-05	1.23e-06	0.00e+00	0.00e+00
 1.50540e+23	1.30e-06	3.42e-03	2.42e-01	5.03e-01	2.32e-01	1.88e-02	3.97e-04	3.29e-05	9.79e-07	0.00e+00	0.00e+00
 1.52329e+23	1.55e-06	3.84e-03	2.58e-01	5.02e-01	2.18e-01	1.67e-02	3.40e-04	2.76e-05	7.80e-07	0.00e+00	0.00e+00
 1.54385e+23	1.91e-06	4.44e-03	2.80e-01	5.00e-01	2.01e-01	1.43e-02	2.79e-04	2.20e-05	5.86e-07	0.00e+00	0.00e+00
 1.56473e+23	2.27e-06	5.00e-03	2.98e-01	4.97e-01	1.87e-01	1.26e-02	2.36e-04	1.81e-05	4.58e-07	0.00e+00	0.00e+00
 1.58605e+23	2.81e-06	5.77e-03	3.22e-01	4.91e-01	1.71e-01	1.06e-02	1.91e-04	1.41e-05	3.38e-07	0.00e+00	0.00e+00
 1.60763e+23	3.34e-06	6.50e-03	3.42e-01	4.85e-01	1.57e-01	9.23e-03	1.60e-04	1.15e-05	2.61e-07	0.00e+00	0.00e+00
 1.62956e+23	4.12e-06	7.48e-03	3.67e-01	4.75e-01	1.42e-01	7.74e-03	1.28e-04	8.87e-06	1.89e-07	0.00e+00	0.00e+00
 1.65190e+23	4.91e-06	8.41e-03	3.89e-01	4.66e-01	1.29e-01	6.63e-03	1.06e-04	7.09e-06	1.44e-07	0.00e+00	0.00e+00
 1.67478e+23	6.07e-06	9.67e-03	4.17e-01	4.53e-01	1.15e-01	5.46e-03	8.34e-05	5.36e-06	0.00e+00	0.00e+00	0.00e+00
 1.69810e+23	7.24e-06	1.09e-02	4.40e-01	4.41e-01	1.04e-01	4.61e-03	6.79e-05	4.21e-06	0.00e+00	0.00e+00	0.00e+00
 1.72199e+23	8.95e-06	1.25e-02	4.69e-01	4.24e-01	9.10e-02	3.74e-03	5.27e-05	3.12e-06	0.00e+00	0.00e+00	0.00e+00
 1.74622e+23	1.07e-05	1.40e-02	4.93e-01	4.09e-01	8.12e-02	3.12e-03	4.24e-05	2.41e-06	0.00e+00	0.00e+00	0.00e+00
 1.76455e+23	1.21e-05	1.51e-02	5.10e-01	3.98e-01	7.46e-02	2.73e-03	3.63e-05	2.00e-06	0.00e+00	0.00e+00	0.00e+00
 1.78207e+23	1.40e-05	1.66e-02	5.30e-01	3.83e-01	6.71e-02	2.32e-03	2.99e-05	1.59e-06	0.00e+00	0.00e+00	0.00e+00
 1.79999e+23	1.58e-05	1.80e-02	5.48e-01	3.71e-01	6.12e-02	2.02e-03	2.54e-05	1.31e-06	0.00e+00	0.00e+00	0.00e+00
 1.81843e+23	1.83e-05	1.98e-02	5.68e-01	3.55e-01	5.46e-02	1.70e-03	2.07e-05	1.03e-06	0.00e+00	0.00e+00	0.00e+00
 1.83731e+23	2.09e-05	2.14e-02	5.86e-01	3.42e-01	4.93e-02	1.46e-03	1.73e-05	8.28e-07	0.00e+00	0.00e+00	0.00e+00
 1.85674e+23	2.44e-05	2.36e-02	6.07e-01	3.24e-01	4.33e-02	1.20e-03	1.39e-05	6.32e-07	0.00e+00	0.00e+00	0.00e+00
 1.87609e+23	2.76e-05	2.55e-02	6.24e-01	3.11e-01	3.89e-02	1.03e-03	1.16e-05	5.09e-07	0.00e+00	0.00e+00	0.00e+00
 1.89534e+23	3.20e-05	2.80e-02	6.43e-01	2.94e-01	3.41e-02	8.46e-04	9.26e-06	3.89e-07	0.00e+00	0.00e+00	0.00e+00
 1.91508e+23	3.64e-05	3.03e-02	6.60e-01	2.79e-01	3.03e-02	7.13e-04	7.61e-06	3.07e-07	0.00e+00	0.00e+00	0.00e+00
 1.93547e+23	4.25e-05	3.33e-02	6.79e-01	2.61e-01	2.61e-02	5.78e-04	5.99e-06	2.29e-07	0.00e+00	0.00e+00	0.00e+00
 1.95617e+23	4.84e-05	3.60e-02	6.94e-01	2.46e-01	2.30e-02	4.82e-04	4.86e-06	1.79e-07	0.00e+00	0.00e+00	0.00e+00
 1.97728e+23	5.67e-05	3.96e-02	7.12e-01	2.29e-01	1.95e-02	3.84e-04	3.76e-06	1.30e-07	0.00e+00	0.00e+00	0.00e+00
 1.99857e+23	6.46e-05	4.29e-02	7.26e-01	2.14e-01	1.70e-02	3.18e-04	3.02e-06	0.00e+00	0.00e+00	0.00e+00	0.00e+00
 2.02007e+23	7.54e-05	4.69e-02	7.41e-01	1.97e-01	1.44e-02	2.52e-04	2.32e-06	0.00e+00	0.00e+00	0.00e+00	0.00e+00
 2.04218e+23	8.66e-05	5.09e-02	7.53e-01	1.83e-01	1.23e-02	2.05e-04	1.83e-06	0.00e+00	0.00e+00	0.00e+00	0.00e+00
 2.06508e+23	1.02e-04	5.60e-02	7.67e-01	1.66e-01	1.02e-02	1.58e-04	1.37e-06	0.00e+00	0.00e+00	0.00e+00	0.00e+00
 2.08802e+23	1.17e-04	6.07e-02	7.77e-01	1.53e-01	8.66e-03	1.28e-04	1.07e-06	0.00e+00	0.00e+00	0.00e+00	0.00e+00
 2.11101e+23	1.39e-04	6.67e-02	7.88e-01	1.38e-01	7.05e-03	9.75e-05	7.92e-07	0.00e+00	0.00e+00	0.00e+00	0.00e+00
 2.13385e+23	1.59e-04	7.21e-02	7.96e-01	1.26e-01	5.98e-03	7.87e-05	6.20e-07	0.00e+00	0.00e+00	0.00e+00	0.00e+00
 2.15650e+23	1.87e-04	7.90e-02	8.03e-01	1.13e-01	4.83e-03	5.98e-05	4.54e-07	0.00e+00	0.00e+00	0.00e+00	0.00e+00
 2.17919e+23	2.15e-04	8.53e-02	8.08e-01	1.02e-01	4.07e-03	4.79e-05	3.53e-07	0.00e+00	0.00e+00	0.00e+00	0.00e+00
 2.20191e+23	2.55e-04	9.35e-02	8.13e-01	9.02e-02	3.24e-03	3.59e-05	2.55e-07	0.00e+00	0.00e+00	0.00e+00	0.00e+00
 2.22456e+23	2.93e-04	1.01e-01	8.15e-01	8.13e-02	2.70e-03	2.86e-05	1.96e-07	0.00e+00	0.00e+00	0.00e+00	0.00e+00
 2.24712e+23	3.49e-04	1.11e-01	8.16e-01	7.08e-02	2.12e-03	2.12e-05	1.39e-07	0.00e+00	0.00e+00	0.00e+00	0.00e+00
 2.26953e+23	4.02e-04	1.19e-01	8.16e-01	6.33e-02	1.75e-03	1.67e-05	0.00e+00	0.00e+00	0.00e+00	0.00e+00	0.00e+00
 2.29177e+23	4.80e-04	1.30e-01	8.13e-01	5.45e-02	1.36e-03	1.23e-05	0.00e+00	0.00e+00	0.00e+00	0.00e+00	0.00e+00
 2.31397e+23	5.56e-04	1.40e-01	8.10e-01	4.81e-02	1.11e-03	9.55e-06	0.00e+00	0.00e+00	0.00e+00	0.00e+00	0.00e+00
 2.33613e+23	6.64e-04	1.53e-01	8.05e-01	4.08e-02	8.50e-04	6.91e-06	0.00e+00	0.00e+00	0.00e+00	0.00e+00	0.00e+00
 2.35836e+23	7.74e-04	1.65e-01	7.98e-01	3.54e-02	6.79e-04	5.26e-06	0.00e+00	0.00e+00	0.00e+00	0.00e+00	0.00e+00
 2.38068e+23	9.30e-04	1.80e-01	7.89e-01	2.95e-02	5.10e-04	3.72e-06	0.00e+00	0.00e+00	0.00e+00	0.00e+00	0.00e+00
 2.40312e+23	1.09e-03	1.94e-01	7.80e-01	2.50e-02	3.99e-04	2.75e-06	0.00e+00	0.00e+00	0.00e+00	0.00e+00	0.00e+00
 2.42258e+23	1.27e-03	2.07e-01	7.70e-01	2.12e-02	3.13e-04	2.04e-06	0.00e+00	0.00e+00	0.00e+00	0.00e+00	0.00e+00
 2.44473e+23	1.53e-03	2.25e-01	7.56e-01	1.71e-02	2.29e-04	1.38e-06	0.00e+00	0.00e+00	0.00e+00	0.00e+00	0.00e+00
 2.46712e+23	1.80e-03	2.41e-01	7.43e-01	1.39e-02	1.73e-04	9.66e-07	0.00e+00	0.00e+00	0.00e+00	0.00e+00	0.00e+00
 2.48417e+23	2.04e-03	2.54e-01	7.32e-01	1.18e-02	1.39e-04	7.29e-07	0.00e+00	0.00e+00	0.00e+00	0.00e+00	0.00e+00
 2.50068e+23	2.36e-03	2.69e-01	7.19e-01	9.72e-03	1.07e-04	5.18e-07	0.00e+00	0.00e+00	0.00e+00	0.00e+00	0.00e+00
 2.51836e+23	2.72e-03	2.84e-01	7.05e-01	7.90e-03	8.27e-05	3.62e-07	0.00e+00	0.00e+00	0.00e+00	0.00e+00	0.00e+00
 2.53460e+23	3.11e-03	2.99e-01	6.92e-01	6.41e-03	6.42e-05	2.53e-07	0.00e+00	0.00e+00	0.00e+00	0.00e+00	0.00e+00
 2.55019e+23	3.56e-03	3.13e-01	6.78e-01	5.14e-03	4.95e-05	1.73e-07	0.00e+00	0.00e+00	0.00e+00	0.00e+00	0.00e+00
 2.56508e+23	4.05e-03	3.27e-01	6.65e-01	4.09e-03	3.82e-05	0.00e+00	0.00e+00	0.00e+00	0.00e+00	0.00e+00	0.00e+00
 2.57895e+23	4.57e-03	3.40e-01	6.53e-01	3.25e-03	2.97e-05	0.00e+00	0.00e+00	0.00e+00	0.00e+00	0.00e+00	0.00e+00
 2.59188e+23	5.17e-03	3.52e-01	6.40e-01	2.56e-03	2.30e-05	0.00e+00	0.00e+00	0.00e+00	0.00e+00	0.00e+00	0.00e+00
 2.60387e+23	5.78e-03	3.62e-01	6.30e-01	2.02e-03	1.80e-05	0.00e+00	0.00e+00	0.00e+00	0.00e+00	0.00e+00	0.00e+00
 2.61495e+23	6.48e-03	3.73e-01	6.19e-01	1.59e-03	1.41e-05	0.00e+00	0.00e+00	0.00e+00	0.00e+00	0.00e+00	0.00e+00
 2.62506e+23	7.20e-03	3.81e-01	6.10e-01	1.25e-03	1.11e-05	0.00e+00	0.00e+00	0.00e+00	0.00e+00	0.00e+00	0.00e+00
 2.63400e+23	7.93e-03	3.88e-01	6.03e-01	1.00e-03	8.96e-06	0.00e+00	0.00e+00	0.00e+00	0.00e+00	0.00e+00	0.00e+00
 2.64198e+23	8.68e-03	3.94e-01	5.96e-01	8.09e-04	7.30e-06	0.00e+00	0.00e+00	0.00e+00	0.00e+00	0.00e+00	0.00e+00
 2.64923e+23	9.48e-03	3.99e-01	5.91e-01	6.59e-04	6.00e-06	0.00e+00	0.00e+00	0.00e+00	0.00e+00	0.00e+00	0.00e+00
 2.65583e+23	1.02e-02	4.03e-01	5.87e-01	5.45e-04	5.02e-06	0.00e+00	0.00e+00	0.00e+00	0.00e+00	0.00e+00	0.00e+00
 2.66189e+23	1.11e-02	4.05e-01	5.83e-01	4.54e-04	4.23e-06	0.00e+00	0.00e+00	0.00e+00	0.00e+00	0.00e+00	0.00e+00
 2.66753e+23	1.19e-02	4.07e-01	5.81e-01	3.83e-04	3.62e-06	0.00e+00	0.00e+00	0.00e+00	0.00e+00	0.00e+00	0.00e+00
 2.67278e+23	1.27e-02	4.08e-01	5.79e-01	3.27e-04	3.12e-06	0.00e+00	0.00e+00	0.00e+00	0.00e+00	0.00e+00	0.00e+00
 2.67770e+23	1.35e-02	4.09e-01	5.77e-01	2.82e-04	2.73e-06	0.00e+00	0.00e+00	0.00e+00	0.00e+00	0.00e+00	0.00e+00
 2.68219e+23	1.42e-02	4.08e-01	5.77e-01	2.48e-04	2.43e-06	0.00e+00	0.00e+00	0.00e+00	0.00e+00	0.00e+00	0.00e+00
 2.68604e+23	1.48e-02	4.07e-01	5.78e-01	2.23e-04	2.20e-06	0.00e+00	0.00e+00	0.00e+00	0.00e+00	0.00e+00	0.00e+00
 2.68937e+23	1.54e-02	4.07e-01	5.78e-01	2.04e-04	2.03e-06	0.00e+00	0.00e+00	0.00e+00	0.00e+00	0.00e+00	0.00e+00
 2.69210e+23	1.59e-02	4.06e-01	5.78e-01	1.90e-04	1.91e-06	0.00e+00	0.00e+00	0.00e+00	0.00e+00	0.00e+00	0.00e+00
 2.69441e+23	1.63e-02	4.05e-01	5.79e-01	1.80e-04	1.82e-06	0.00e+00	0.00e+00	0.00e+00	0.00e+00	0.00e+00	0.00e+00
 2.69691e+23	1.68e-02	4.05e-01	5.78e-01	1.69e-04	1.72e-06	0.00e+00	0.00e+00	0.00e+00	0.00e+00	0.00e+00	0.00e+00
 2.69981e+23	1.74e-02	4.04e-01	5.79e-01	1.58e-04	1.63e-06	0.00e+00	0.00e+00	0.00e+00	0.00e+00	0.00e+00	0.00e+00
 2.70275e+23	1.80e-02	4.03e-01	5.79e-01	1.48e-04	1.54e-06	0.00e+00	0.00e+00	0.00e+00	0.00e+00	0.00e+00	0.00e+00
 2.70545e+23	1.85e-02	4.02e-01	5.79e-01	1.40e-04	1.47e-06	0.00e+00	0.00e+00	0.00e+00	0.00e+00	0.00e+00	0.00e+00
 2.70753e+23	1.88e-02	4.01e-01	5.80e-01	1.35e-04	1.42e-06	0.00e+00	0.00e+00	0.00e+00	0.00e+00	0.00e+00	0.00e+00
 2.70896e+23	1.91e-02	4.01e-01	5.80e-01	1.31e-04	1.39e-06	0.00e+00	0.00e+00	0.00e+00	0.00e+00	0.00e+00	0.00e+00
 2.71038e+23	1.94e-02	4.01e-01	5.80e-01	1.28e-04	1.36e-06	0.00e+00	0.00e+00	0.00e+00	0.00e+00	0.00e+00	0.00e+00
 2.71208e+23	1.99e-02	4.01e-01	5.79e-01	1.24e-04	1.33e-06	0.00e+00	0.00e+00	0.00e+00	0.00e+00	0.00e+00	0.00e+00
 2.71394e+23	2.04e-02	4.01e-01	5.78e-01	1.20e-04	1.29e-06	0.00e+00	0.00e+00	0.00e+00	0.00e+00	0.00e+00	0.00e+00
 2.71574e+23	2.07e-02	4.01e-01	5.78e-01	1.16e-04	1.26e-06	0.00e+00	0.00e+00	0.00e+00	0.00e+00	0.00e+00	0.00e+00
 2.71751e+23	2.12e-02	4.01e-01	5.77e-01	1.13e-04	1.23e-06	0.00e+00	0.00e+00	0.00e+00	0.00e+00	0.00e+00	0.00e+00
 2.71937e+23	2.17e-02	4.02e-01	5.76e-01	1.09e-04	1.20e-06	0.00e+00	0.00e+00	0.00e+00	0.00e+00	0.00e+00	0.00e+00
 2.72124e+23	2.22e-02	4.02e-01	5.75e-01	1.06e-04	1.17e-06	0.00e+00	0.00e+00	0.00e+00	0.00e+00	0.00e+00	0.00e+00
 2.72314e+23	2.27e-02	4.03e-01	5.74e-01	1.03e-04	1.15e-06	0.00e+00	0.00e+00	0.00e+00	0.00e+00	0.00e+00	0.00e+00
 2.72515e+23	2.33e-02	4.04e-01	5.73e-01	1.00e-04	1.12e-06	0.00e+00	0.00e+00	0.00e+00	0.00e+00	0.00e+00	0.00e+00
 2.72722e+23	2.40e-02	4.05e-01	5.71e-01	9.72e-05	1.09e-06	0.00e+00	0.00e+00	0.00e+00	0.00e+00	0.00e+00	0.00e+00
 2.72928e+23	2.46e-02	4.06e-01	5.70e-01	9.44e-05	1.07e-06	0.00e+00	0.00e+00	0.00e+00	0.00e+00	0.00e+00	0.00e+00
 2.73138e+23	2.52e-02	4.07e-01	5.68e-01	9.17e-05	1.05e-06	0.00e+00	0.00e+00	0.00e+00	0.00e+00	0.00e+00	0.00e+00
 2.73358e+23	2.59e-02	4.08e-01	5.66e-01	8.90e-05	1.02e-06	0.00e+00	0.00e+00	0.00e+00	0.00e+00	0.00e+00	0.00e+00
 2.73587e+23	2.67e-02	4.10e-01	5.63e-01	8.64e-05	9.98e-07	0.00e+00	0.00e+00	0.00e+00	0.00e+00	0.00e+00	0.00e+00
 2.73820e+23	2.75e-02	4.11e-01	5.61e-01	8.38e-05	9.77e-07	0.00e+00	0.00e+00	0.00e+00	0.00e+00	0.00e+00	0.00e+00
 2.74056e+23	2.84e-02	4.13e-01	5.58e-01	8.14e-05	9.55e-07	0.00e+00	0.00e+00	0.00e+00	0.00e+00	0.00e+00	0.00e+00
 2.74303e+23	2.93e-02	4.15e-01	5.55e-01	7.89e-05	9.34e-07	0.00e+00	0.00e+00	0.00e+00	0.00e+00	0.00e+00	0.00e+00
 2.74559e+23	3.02e-02	4.17e-01	5.52e-01	7.65e-05	9.13e-07	0.00e+00	0.00e+00	0.00e+00	0.00e+00	0.00e+00	0.00e+00
 2.74822e+23	3.12e-02	4.20e-01	5.49e-01	7.42e-05	8.93e-07	0.00e+00	0.00e+00	0.00e+00	0.00e+00	0.00e+00	0.00e+00
 2.75091e+23	3.23e-02	4.22e-01	5.46e-01	7.20e-05	8.73e-07	0.00e+00	0.00e+00	0.00e+00	0.00e+00	0.00e+00	0.00e+00
 2.75370e+23	3.34e-02	4.25e-01	5.42e-01	6.98e-05	8.54e-07	0.00e+00	0.00e+00	0.00e+00	0.00e+00	0.00e+00	0.00e+00
 2.75662e+23	3.46e-02	4.28e-01	5.38e-01	6.76e-05	8.34e-07	0.00e+00	0.00e+00	0.00e+00	0.00e+00	0.00e+00	0.00e+00
 2.75965e+23	3.59e-02	4.31e-01	5.33e-01	6.54e-05	8.15e-07	0.00e+00	0.00e+00	0.00e+00	0.00e+00	0.00e+00	0.00e+00
 2.76278e+23	3.72e-02	4.34e-01	5.29e-01	6.33e-05	7.96e-07	0.00e+00	0.00e+00	0.00e+00	0.00e+00	0.00e+00	0.00e+00
 2.76601e+23	3.86e-02	4.37e-01	5.24e-01	6.12e-05	7.78e-07	0.00e+00	0.00e+00	0.00e+00	0.00e+00	0.00e+00	0.00e+00
 2.76935e+23	4.00e-02	4.40e-01	5.19e-01	5.92e-05	7.60e-07	0.00e+00	0.00e+00	0.00e+00	0.00e+00	0.00e+00	0.00e+00
 2.77278e+23	4.15e-02	4.44e-01	5.15e-01	5.73e-05	7.43e-07	0.00e+00	0.00e+00	0.00e+00	0.00e+00	0.00e+00	0.00e+00
 2.77630e+23	4.30e-02	4.47e-01	5.09e-01	5.54e-05	7.26e-07	0.00e+00	0.00e+00	0.00e+00	0.00e+00	0.00e+00	0.00e+00
 2.77993e+23	4.48e-02	4.52e-01	5.04e-01	5.35e-05	7.08e-07	0.00e+00	0.00e+00	0.00e+00	0.00e+00	0.00e+00	0.00e+00
 2.78377e+23	4.66e-02	4.56e-01	4.98e-01	5.17e-05	6.91e-07	0.00e+00	0.00e+00	0.00e+00	0.00e+00	0.00e+00	0.00e+00
 2.78779e+23	4.85e-02	4.60e-01	4.92e-01	4.98e-05	6.73e-07	0.00e+00	0.00e+00	0.00e+00	0.00e+00	0.00e+00	0.00e+00
 2.79189e+23	5.05e-02	4.64e-01	4.85e-01	4.81e-05	6.57e-07	0.00e+00	0.00e+00	0.00e+00	0.00e+00	0.00e+00	0.00e+00
 2.79614e+23	5.26e-02	4.69e-01	4.79e-01	4.63e-05	6.39e-07	0.00e+00	0.00e+00	0.00e+00	0.00e+00	0.00e+00	0.00e+00
 2.80068e+23	5.48e-02	4.73e-01	4.72e-01	4.46e-05	6.22e-07	0.00e+00	0.00e+00	0.00e+00	0.00e+00	0.00e+00	0.00e+00
 2.80545e+23	5.72e-02	4.78e-01	4.65e-01	4.28e-05	6.05e-07	0.00e+00	0.00e+00	0.00e+00	0.00e+00	0.00e+00	0.00e+00
 2.81046e+23	5.99e-02	4.83e-01	4.57e-01	4.11e-05	5.86e-07	0.00e+00	0.00e+00	0.00e+00	0.00e+00	0.00e+00	0.00e+00
 2.81578e+23	6.28e-02	4.88e-01	4.49e-01	3.93e-05	5.68e-07	0.00e+00	0.00e+00	0.00e+00	0.00e+00	0.00e+00	0.00e+00
 2.82144e+23	6.60e-02	4.94e-01	4.40e-01	3.75e-05	5.48e-07	0.00e+00	0.00e+00	0.00e+00	0.00e+00	0.00e+00	0.00e+00
 2.82744e+23	6.95e-02	4.99e-01	4.31e-01	3.58e-05	5.28e-07	0.00e+00	0.00e+00	0.00e+00	0.00e+00	0.00e+00	0.00e+00
 2.83361e+23	7.33e-02	5.05e-01	4.22e-01	3.40e-05	5.08e-07	0.00e+00	0.00e+00	0.00e+00	0.00e+00	0.00e+00	0.00e+00
 2.83962e+23	7.70e-02	5.10e-01	4.13e-01	3.25e-05	4.89e-07	0.00e+00	0.00e+00	0.00e+00	0.00e+00	0.00e+00	0.00e+00
 2.84539e+23	8.09e-02	5.15e-01	4.04e-01	3.10e-05	4.71e-07	0.00e+00	0.00e+00	0.00e+00	0.00e+00	0.00e+00	0.00e+00
 2.85106e+23	8.48e-02	5.20e-01	3.95e-01	2.96e-05	4.54e-07	0.00e+00	0.00e+00	0.00e+00	0.00e+00	0.00e+00	0.00e+00
 2.85664e+23	8.88e-02	5.25e-01	3.87e-01	2.84e-05	4.37e-07	0.00e+00	0.00e+00	0.00e+00	0.00e+00	0.00e+00	0.00e+00
 2.86209e+23	9.29e-02	5.29e-01	3.78e-01	2.70e-05	4.21e-07	0.00e+00	0.00e+00	0.00e+00	0.00e+00	0.00e+00	0.00e+00
 2.86735e+23	9.70e-02	5.33e-01	3.70e-01	2.56e-05	4.05e-07	0.00e+00	0.00e+00	0.00e+00	0.00e+00	0.00e+00	0.00e+00
 2.87237e+23	1.01e-01	5.37e-01	3.62e-01	2.42e-05	3.91e-07	0.00e+00	0.00e+00	0.00e+00	0.00e+00	0.00e+00	0.00e+00
 2.87705e+23	1.05e-01	5.40e-01	3.55e-01	2.31e-05	3.77e-07	0.00e+00	0.00e+00	0.00e+00	0.00e+00	0.00e+00	0.00e+00
 2.88158e+23	1.10e-01	5.43e-01	3.47e-01	2.20e-05	3.64e-07	0.00e+00	0.00e+00	0.00e+00	0.00e+00	0.00e+00	0.00e+00
 2.88612e+23	1.14e-01	5.46e-01	3.40e-01	2.09e-05	3.51e-07	0.00e+00	0.00e+00	0.00e+00	0.00e+00	0.00e+00	0.00e+00
 2.89052e+23	1.18e-01	5.49e-01	3.33e-01	1.99e-05	3.38e-07	0.00e+00	0.00e+00	0.00e+00	0.00e+00	0.00e+00	0.00e+00
 2.89475e+23	1.23e-01	5.52e-01	3.26e-01	1.90e-05	3.26e-07	0.00e+00	0.00e+00	0.00e+00	0.00e+00	0.00e+00	0.00e+00
 2.89882e+23	1.27e-01	5.54e-01	3.19e-01	1.82e-05	3.15e-07	0.00e+00	0.00e+00	0.00e+00	0.00e+00	0.00e+00	0.00e+00
 2.90276e+23	1.32e-01	5.56e-01	3.12e-01	1.74e-05	3.03e-07	0.00e+00	0.00e+00	0.00e+00	0.00e+00	0.00e+00	0.00e+00
 2.90657e+23	1.36e-01	5.58e-01	3.06e-01	1.66e-05	2.93e-07	0.00e+00	0.00e+00	0.00e+00	0.00e+00	0.00e+00	0.00e+00
 2.91024e+23	1.41e-01	5.60e-01	2.99e-01	1.59e-05	2.83e-07	0.00e+00	0.00e+00	0.00e+00	0.00e+00	0.00e+00	0.00e+00
 2.91378e+23	1.45e-01	5.62e-01	2.93e-01	1.53e-05	2.73e-07	0.00e+00	0.00e+00	0.00e+00	0.00e+00	0.00e+00	0.00e+00
 2.91719e+23	1.50e-01	5.63e-01	2.87e-01	1.47e-05	2.64e-07	0.00e+00	0.00e+00	0.00e+00	0.00e+00	0.00e+00	0.00e+00
 2.92048e+23	1.55e-01	5.65e-01	2.81e-01	1.41e-05	2.55e-07	0.00e+00	0.00e+00	0.00e+00	0.00e+00	0.00e+00	0.00e+00
 2.92366e+23	1.60e-01	5.66e-01	2.75e-01	1.35e-05	2.46e-07	0.00e+00	0.00e+00	0.00e+00	0.00e+00	0.00e+00	0.00e+00
 2.92668e+23	1.64e-01	5.67e-01	2.69e-01	1.30e-05	2.38e-07	0.00e+00	0.00e+00	0.00e+00	0.00e+00	0.00e+00	0.00e+00
 2.92964e+23	1.69e-01	5.68e-01	2.63e-01	1.25e-05	2.30e-07	0.00e+00	0.00e+00	0.00e+00	0.00e+00	0.00e+00	0.00e+00
 2.93251e+23	1.74e-01	5.68e-01	2.58e-01	1.21e-05	2.22e-07	0.00e+00	0.00e+00	0.00e+00	0.00e+00	0.00e+00	0.00e+00
 2.93513e+23	1.79e-01	5.69e-01	2.52e-01	1.17e-05	2.16e-07	0.00e+00	0.00e+00	0.00e+00	0.00e+00	0.00e+00	0.00e+00
 2.93752e+23	1.83e-01	5.69e-01	2.48e-01	1.13e-05	2.09e-07	0.00e+00	0.00e+00	0.00e+00	0.00e+00	0.00e+00	0.00e+00
 2.93968e+23	1.87e-01	5.70e-01	2.43e-01	1.09e-05	2.04e-07	0.00e+00	0.00e+00	0.00e+00	0.00e+00	0.00e+00	0.00e+00
 2.94166e+23	1.91e-01	5.70e-01	2.39e-01	1.06e-05	1.99e-07	0.00e+00	0.00e+00	0.00e+00	0.00e+00	0.00e+00	0.00e+00
 2.94345e+23	1.95e-01	5.70e-01	2.35e-01	1.04e-05	1.94e-07	0.00e+00	0.00e+00	0.00e+00	0.00e+00	0.00e+00	0.00e+00
 2.94509e+23	1.98e-01	5.70e-01	2.31e-01	1.01e-05	1.90e-07	0.00e+00	0.00e+00	0.00e+00	0.00e+00	0.00e+00	0.00e+00
 2.94657e+23	2.02e-01	5.70e-01	2.28e-01	9.90e-06	1.86e-07	0.00e+00	0.00e+00	0.00e+00	0.00e+00	0.00e+00	0.00e+00
 2.94793e+23	2.05e-01	5.70e-01	2.25e-01	9.73e-06	1.83e-07	0.00e+00	0.00e+00	0.00e+00	0.00e+00	0.00e+00	0.00e+00
 2.94941e+23	2.08e-01	5.70e-01	2.22e-01	9.49e-06	1.79e-07	0.00e+00	0.00e+00	0.00e+00	0.00e+00	0.00e+00	0.00e+00
 2.95133e+23	2.13e-01	5.70e-01	2.18e-01	9.21e-06	1.74e-07	0.00e+00	0.00e+00	0.00e+00	0.00e+00	0.00e+00	0.00e+00
 2.95342e+23	2.16e-01	5.69e-01	2.14e-01	8.97e-06	1.70e-07	0.00e+00	0.00e+00	0.00e+00	0.00e+00	0.00e+00	0.00e+00
 2.95531e+23	2.21e-01	5.69e-01	2.10e-01	8.71e-06	1.66e-07	0.00e+00	0.00e+00	0.00e+00	0.00e+00	0.00e+00	0.00e+00
 2.95703e+23	2.24e-01	5.69e-01	2.07e-01	8.50e-06	1.62e-07	0.00e+00	0.00e+00	0.00e+00	0.00e+00	0.00e+00	0.00e+00
 2.95860e+23	2.28e-01	5.68e-01	2.03e-01	8.30e-06	1.59e-07	0.00e+00	0.00e+00	0.00e+00	0.00e+00	0.00e+00	0.00e+00
 2.96003e+23	2.32e-01	5.68e-01	2.00e-01	8.10e-06	1.55e-07	0.00e+00	0.00e+00	0.00e+00	0.00e+00	0.00e+00	0.00e+00
 2.96133e+23	2.35e-01	5.67e-01	1.98e-01	7.96e-06	1.53e-07	0.00e+00	0.00e+00	0.00e+00	0.00e+00	0.00e+00	0.00e+00
 2.96275e+23	2.39e-01	5.67e-01	1.95e-01	7.78e-06	1.50e-07	0.00e+00	0.00e+00	0.00e+00	0.00e+00	0.00e+00	0.00e+00
 2.96460e+23	2.42e-01	5.66e-01	1.92e-01	7.57e-06	1.46e-07	0.00e+00	0.00e+00	0.00e+00	0.00e+00	0.00e+00	0.00e+00
 2.96700e+23	2.47e-01	5.65e-01	1.88e-01	7.32e-06	1.42e-07	0.00e+00	0.00e+00	0.00e+00	0.00e+00	0.00e+00	0.00e+00
 2.96960e+23	2.52e-01	5.64e-01	1.84e-01	7.08e-06	1.39e-07	0.00e+00	0.00e+00	0.00e+00	0.00e+00	0.00e+00	0.00e+00
 2.97196e+23	2.57e-01	5.63e-01	1.80e-01	6.85e-06	1.35e-07	0.00e+00	0.00e+00	0.00e+00	0.00e+00	0.00e+00	0.00e+00
 2.97411e+23	2.61e-01	5.62e-01	1.77e-01	6.65e-06	1.31e-07	0.00e+00	0.00e+00	0.00e+00	0.00e+00	0.00e+00	0.00e+00
 2.97607e+23	2.66e-01	5.61e-01	1.73e-01	6.46e-06	1.28e-07	0.00e+00	0.00e+00	0.00e+00	0.00e+00	0.00e+00	0.00e+00
 2.97785e+23	2.70e-01	5.60e-01	1.70e-01	6.30e-06	1.25e-07	0.00e+00	0.00e+00	0.00e+00	0.00e+00	0.00e+00	0.00e+00
 2.97980e+23	2.75e-01	5.58e-01	1.66e-01	6.10e-06	0.00e+00	0.00e+00	0.00e+00	0.00e+00	0.00e+00	0.00e+00	0.00e+00
 2.98190e+23	2.80e-01	5.57e-01	1.63e-01	5.92e-06	0.00e+00	0.00e+00	0.00e+00	0.00e+00	0.00e+00	0.00e+00	0.00e+00
 2.98382e+23	2.85e-01	5.55e-01	1.60e-01	5.75e-06	0.00e+00	0.00e+00	0.00e+00	0.00e+00	0.00e+00	0.00e+00	0.00e+00
 2.98556e+23	2.88e-01	5.54e-01	1.58e-01	5.63e-06	0.00e+00	0.00e+00	0.00e+00	0.00e+00	0.00e+00	0.00e+00	0.00e+00
 2.98747e+23	2.93e-01	5.52e-01	1.54e-01	5.45e-06	0.00e+00	0.00e+00	0.00e+00	0.00e+00	0.00e+00	0.00e+00	0.00e+00
 2.98954e+23	2.98e-01	5.51e-01	1.51e-01	5.28e-06	0.00e+00	0.00e+00	0.00e+00	0.00e+00	0.00e+00	0.00e+00	0.00e+00
 2.99141e+23	3.03e-01	5.49e-01	1.48e-01	5.14e-06	0.00e+00	0.00e+00	0.00e+00	0.00e+00	0.00e+00	0.00e+00	0.00e+00
 2.99312e+23	3.07e-01	5.47e-01	1.45e-01	5.01e-06	0.00e+00	0.00e+00	0.00e+00	0.00e+00	0.00e+00	0.00e+00	0.00e+00
 2.99468e+23	3.11e-01	5.46e-01	1.43e-01	4.90e-06	0.00e+00	0.00e+00	0.00e+00	0.00e+00	0.00e+00	0.00e+00	0.00e+00
 2.99638e+23	3.16e-01	5.44e-01	1.40e-01	4.76e-06	0.00e+00	0.00e+00	0.00e+00	0.00e+00	0.00e+00	0.00e+00	0.00e+00
 2.99822e+23	3.21e-01	5.42e-01	1.37e-01	4.62e-06	0.00e+00	0.00e+00	0.00e+00	0.00e+00	0.00e+00	0.00e+00	0.00e+00
 2.99989e+23	3.25e-01	5.40e-01	1.35e-01	4.50e-06	0.00e+00	0.00e+00	0.00e+00	0.00e+00	0.00e+00	0.00e+00	0.00e+00
 3.00142e+23	3.28e-01	5.39e-01	1.33e-01	4.42e-06	0.00e+00	0.00e+00	0.00e+00	0.00e+00	0.00e+00	0.00e+00	0.00e+00
 3.00308e+23	3.33e-01	5.37e-01	1.30e-01	4.30e-06	0.00e+00	0.00e+00	0.00e+00	0.00e+00	0.00e+00	0.00e+00	0.00e+00
 3.00489e+23	3.37e-01	5.35e-01	1.28e-01	4.19e-06	0.00e+00	0.00e+00	0.00e+00	0.00e+00	0.00e+00	0.00e+00	0.00e+00
 3.00653e+23	3.41e-01	5.33e-01	1.26e-01	4.08e-06	0.00e+00	0.00e+00	0.00e+00	0.00e+00	0.00e+00	0.00e+00	0.00e+00
 3.00832e+23	3.47e-01	5.31e-01	1.23e-01	3.96e-06	0.00e+00	0.00e+00	0.00e+00	0.00e+00	0.00e+00	0.00e+00	0.00e+00
 3.01026e+23	3.51e-01	5.28e-01	1.20e-01	3.85e-06	0.00e+00	0.00e+00	0.00e+00	0.00e+00	0.00e+00	0.00e+00	0.00e+00
 3.01203e+23	3.56e-01	5.26e-01	1.18e-01	3.75e-06	0.00e+00	0.00e+00	0.00e+00	0.00e+00	0.00e+00	0.00e+00	0.00e+00
 3.01363e+23	3.59e-01	5.25e-01	1.16e-01	3.67e-06	0.00e+00	0.00e+00	0.00e+00	0.00e+00	0.00e+00	0.00e+00	0.00e+00
 3.01539e+23	3.64e-01	5.22e-01	1.14e-01	3.56e-06	0.00e+00	0.00e+00	0.00e+00	0.00e+00	0.00e+00	0.00e+00	0.00e+00
 3.01729e+23	3.69e-01	5.19e-01	1.11e-01	3.46e-06	0.00e+00	0.00e+00	0.00e+00	0.00e+00	0.00e+00	0.00e+00	0.00e+00
 3.01902e+23	3.74e-01	5.17e-01	1.09e-01	3.37e-06	0.00e+00	0.00e+00	0.00e+00	0.00e+00	0.00e+00	0.00e+00	0.00e+00
 3.02060e+23	3.77e-01	5.15e-01	1.08e-01	3.30e-06	0.00e+00	0.00e+00	0.00e+00	0.00e+00	0.00e+00	0.00e+00	0.00e+00
 3.02232e+23	3.82e-01	5.13e-01	1.05e-01	3.21e-06	0.00e+00	0.00e+00	0.00e+00	0.00e+00	0.00e+00	0.00e+00	0.00e+00
 3.02418e+23	3.85e-01	5.11e-01	1.04e-01	3.15e-06	0.00e+00	0.00e+00	0.00e+00	0.00e+00	0.00e+00	0.00e+00	0.00e+00
 3.02622e+23	3.90e-01	5.08e-01	1.02e-01	3.04e-06	0.00e+00	0.00e+00	0.00e+00	0.00e+00	0.00e+00	0.00e+00	0.00e+00
 3.02842e+23	3.95e-01	5.06e-01	9.97e-02	2.96e-06	0.00e+00	0.00e+00	0.00e+00	0.00e+00	0.00e+00	0.00e+00	0.00e+00
 3.03043e+23	3.99e-01	5.03e-01	9.76e-02	2.88e-06	0.00e+00	0.00e+00	0.00e+00	0.00e+00	0.00e+00	0.00e+00	0.00e+00
 3.03225e+23	4.03e-01	5.01e-01	9.62e-02	2.82e-06	0.00e+00	0.00e+00	0.00e+00	0.00e+00	0.00e+00	0.00e+00	0.00e+00
 3.03425e+23	4.08e-01	4.98e-01	9.39e-02	2.73e-06	0.00e+00	0.00e+00	0.00e+00	0.00e+00	0.00e+00	0.00e+00	0.00e+00
 3.03641e+23	4.13e-01	4.95e-01	9.21e-02	2.65e-06	0.00e+00	0.00e+00	0.00e+00	0.00e+00	0.00e+00	0.00e+00	0.00e+00
 3.03837e+23	4.16e-01	4.93e-01	9.07e-02	2.59e-06	0.00e+00	0.00e+00	0.00e+00	0.00e+00	0.00e+00	0.00e+00	0.00e+00
 3.04052e+23	4.22e-01	4.90e-01	8.83e-02	2.50e-06	0.00e+00	0.00e+00	0.00e+00	0.00e+00	0.00e+00	0.00e+00	0.00e+00
 3.04284e+23	4.27e-01	4.87e-01	8.65e-02	2.43e-06	0.00e+00	0.00e+00	0.00e+00	0.00e+00	0.00e+00	0.00e+00	0.00e+00
 3.04496e+23	4.32e-01	4.84e-01	8.46e-02	2.36e-06	0.00e+00	0.00e+00	0.00e+00	0.00e+00	0.00e+00	0.00e+00	0.00e+00
 3.04688e+23	4.35e-01	4.82e-01	8.34e-02	2.31e-06	0.00e+00	0.00e+00	0.00e+00	0.00e+00	0.00e+00	0.00e+00	0.00e+00
 3.04899e+23	4.40e-01	4.78e-01	8.14e-02	2.24e-06	0.00e+00	0.00e+00	0.00e+00	0.00e+00	0.00e+00	0.00e+00	0.00e+00
 3.05126e+23	4.45e-01	4.75e-01	7.97e-02	2.17e-06	0.00e+00	0.00e+00	0.00e+00	0.00e+00	0.00e+00	0.00e+00	0.00e+00
 3.05333e+23	4.49e-01	4.73e-01	7.84e-02	2.12e-06	0.00e+00	0.00e+00	0.00e+00	0.00e+00	0.00e+00	0.00e+00	0.00e+00
 3.05560e+23	4.55e-01	4.69e-01	7.63e-02	2.05e-06	0.00e+00	0.00e+00	0.00e+00	0.00e+00	0.00e+00	0.00e+00	0.00e+00
 3.05805e+23	4.59e-01	4.66e-01	7.48e-02	1.99e-06	0.00e+00	0.00e+00	0.00e+00	0.00e+00	0.00e+00	0.00e+00	0.00e+00
 3.06028e+23	4.63e-01	4.64e-01	7.34e-02	1.94e-06	0.00e+00	0.00e+00	0.00e+00	0.00e+00	0.00e+00	0.00e+00	0.00e+00
 3.06272e+23	4.69e-01	4.59e-01	7.13e-02	1.87e-06	0.00e+00	0.00e+00	0.00e+00	0.00e+00	0.00e+00	0.00e+00	0.00e+00
 3.06536e+23	4.74e-01	4.56e-01	6.98e-02	1.81e-06	0.00e+00	0.00e+00	0.00e+00	0.00e+00	0.00e+00	0.00e+00	0.00e+00
 3.06776e+23	4.78e-01	4.53e-01	6.85e-02	1.76e-06	0.00e+00	0.00e+00	0.00e+00	0.00e+00	0.00e+00	0.00e+00	0.00e+00
 3.07038e+23	4.85e-01	4.49e-01	6.64e-02	1.69e-06	0.00e+00	0.00e+00	0.00e+00	0.00e+00	0.00e+00	0.00e+00	0.00e+00
 3.07322e+23	4.90e-01	4.45e-01	6.49e-02	1.64e-06	0.00e+00	0.00e+00	0.00e+00	0.00e+00	0.00e+00	0.00e+00	0.00e+00
 3.07581e+23	4.94e-01	4.42e-01	6.36e-02	1.59e-06	0.00e+00	0.00e+00	0.00e+00	0.00e+00	0.00e+00	0.00e+00	0.00e+00
 3.07864e+23	5.01e-01	4.38e-01	6.16e-02	1.53e-06	0.00e+00	0.00e+00	0.00e+00	0.00e+00	0.00e+00	0.00e+00	0.00e+00
 3.08169e+23	5.05e-01	4.34e-01	6.02e-02	1.48e-06	0.00e+00	0.00e+00	0.00e+00	0.00e+00	0.00e+00	0.00e+00	0.00e+00
 3.08441e+23	5.11e-01	4.31e-01	5.88e-02	1.43e-06	0.00e+00	0.00e+00	0.00e+00	0.00e+00	0.00e+00	0.00e+00	0.00e+00
