#depth	He	He+	He+2
 1.54284e+22	2.83e-07	5.68e-03	9.94e-01
 3.51935e+22	5.28e-07	7.73e-03	9.92e-01
 4.16986e+22	7.09e-07	8.94e-03	9.91e-01
 4.52745e+22	8.56e-07	9.82e-03	9.90e-01
 4.73253e+22	9.33e-07	1.02e-02	9.90e-01
 4.88046e+22	1.04e-06	1.08e-02	9.89e-01
 5.04080e+22	1.15e-06	1.14e-02	9.89e-01
 5.18097e+22	1.25e-06	1.18e-02	9.88e-01
 5.32691e+22	1.39e-06	1.25e-02	9.88e-01
 5.47721e+22	1.52e-06	1.30e-02	9.87e-01
 5.61101e+22	1.66e-06	1.36e-02	9.86e-01
 5.76278e+22	1.84e-06	1.43e-02	9.86e-01
 5.92183e+22	2.03e-06	1.50e-02	9.85e-01
 6.06586e+22	2.22e-06	1.57e-02	9.84e-01
 6.22859e+22	2.48e-06	1.66e-02	9.83e-01
 6.39728e+22	2.75e-06	1.75e-02	9.83e-01
 6.54793e+22	3.01e-06	1.83e-02	9.82e-01
 6.71801e+22	3.40e-06	1.94e-02	9.81e-01
 6.89297e+22	3.76e-06	2.04e-02	9.80e-01
 7.07427e+22	4.26e-06	2.17e-02	9.78e-01
 7.25841e+22	4.73e-06	2.28e-02	9.77e-01
 7.44624e+22	5.38e-06	2.43e-02	9.76e-01
 7.63764e+22	6.00e-06	2.57e-02	9.74e-01
 7.83368e+22	6.86e-06	2.74e-02	9.73e-01
 8.03233e+22	7.66e-06	2.89e-02	9.71e-01
 8.20737e+22	8.52e-06	3.05e-02	9.69e-01
 8.40792e+22	9.78e-06	3.26e-02	9.67e-01
 8.61112e+22	1.10e-05	3.45e-02	9.65e-01
 8.81776e+22	1.26e-05	3.69e-02	9.63e-01
 9.02756e+22	1.41e-05	3.91e-02	9.61e-01
 9.21339e+22	1.58e-05	4.13e-02	9.59e-01
 9.42688e+22	1.83e-05	4.43e-02	9.56e-01
 9.64331e+22	2.05e-05	4.69e-02	9.53e-01
 9.86353e+22	2.38e-05	5.04e-02	9.50e-01
 1.00867e+23	2.68e-05	5.34e-02	9.47e-01
 1.03136e+23	3.12e-05	5.75e-02	9.42e-01
 1.05435e+23	3.53e-05	6.10e-02	9.39e-01
 1.07441e+23	3.96e-05	6.45e-02	9.35e-01
 1.09365e+23	4.42e-05	6.80e-02	9.32e-01
 1.11198e+23	4.91e-05	7.15e-02	9.28e-01
 1.13265e+23	5.62e-05	7.63e-02	9.24e-01
 1.15327e+23	6.23e-05	8.02e-02	9.20e-01
 1.17383e+23	7.15e-05	8.56e-02	9.14e-01
 1.19472e+23	7.94e-05	9.00e-02	9.10e-01
 1.21605e+23	9.09e-05	9.60e-02	9.04e-01
 1.23761e+23	1.01e-04	1.01e-01	8.99e-01
 1.25948e+23	1.16e-04	1.08e-01	8.92e-01
 1.28163e+23	1.30e-04	1.14e-01	8.86e-01
 1.29938e+23	1.42e-04	1.19e-01	8.81e-01
 1.31772e+23	1.59e-04	1.25e-01	8.75e-01
 1.33648e+23	1.74e-04	1.30e-01	8.69e-01
 1.35322e+23	1.91e-04	1.36e-01	8.64e-01
 1.37240e+23	2.14e-04	1.43e-01	8.56e-01
 1.39179e+23	2.35e-04	1.50e-01	8.50e-01
 1.40882e+23	2.57e-04	1.56e-01	8.44e-01
 1.42832e+23	2.88e-04	1.64e-01	8.35e-01
 1.44804e+23	3.16e-04	1.72e-01	8.28e-01
 1.46538e+23	3.46e-04	1.79e-01	8.21e-01
 1.48522e+23	3.87e-04	1.88e-01	8.11e-01
 1.50540e+23	4.26e-04	1.96e-01	8.03e-01
 1.52329e+23	4.66e-04	2.04e-01	7.95e-01
 1.54385e+23	5.23e-04	2.15e-01	7.85e-01
 1.56473e+23	5.75e-04	2.24e-01	7.75e-01
 1.58605e+23	6.46e-04	2.36e-01	7.64e-01
 1.60763e+23	7.11e-04	2.46e-01	7.53e-01
 1.62956e+23	7.99e-04	2.59e-01	7.41e-01
 1.65190e+23	8.82e-04	2.70e-01	7.29e-01
 1.67478e+23	9.94e-04	2.84e-01	7.15e-01
 1.69810e+23	1.10e-03	2.96e-01	7.03e-01
 1.72199e+23	1.24e-03	3.12e-01	6.87e-01
 1.74622e+23	1.37e-03	3.25e-01	6.74e-01
 1.76455e+23	1.47e-03	3.34e-01	6.64e-01
 1.78207e+23	1.61e-03	3.47e-01	6.52e-01
 1.79999e+23	1.73e-03	3.57e-01	6.41e-01
 1.81843e+23	1.89e-03	3.70e-01	6.28e-01
 1.83731e+23	2.03e-03	3.81e-01	6.16e-01
 1.85674e+23	2.24e-03	3.96e-01	6.01e-01
 1.87609e+23	2.41e-03	4.08e-01	5.89e-01
 1.89534e+23	2.64e-03	4.23e-01	5.74e-01
 1.91508e+23	2.85e-03	4.36e-01	5.61e-01
 1.93547e+23	3.13e-03	4.52e-01	5.44e-01
 1.95617e+23	3.39e-03	4.67e-01	5.30e-01
 1.97728e+23	3.74e-03	4.85e-01	5.12e-01
 1.99857e+23	4.05e-03	5.00e-01	4.96e-01
 2.02007e+23	4.45e-03	5.18e-01	4.77e-01
 2.04218e+23	4.85e-03	5.35e-01	4.60e-01
 2.06508e+23	5.37e-03	5.55e-01	4.39e-01
 2.08802e+23	5.85e-03	5.73e-01	4.21e-01
 2.11101e+23	6.50e-03	5.95e-01	3.99e-01
 2.13385e+23	7.05e-03	6.13e-01	3.80e-01
 2.15650e+23	7.83e-03	6.34e-01	3.58e-01
 2.17919e+23	8.50e-03	6.53e-01	3.39e-01
 2.20191e+23	9.46e-03	6.75e-01	3.16e-01
 2.22456e+23	1.03e-02	6.93e-01	2.96e-01
 2.24712e+23	1.15e-02	7.15e-01	2.73e-01
 2.26953e+23	1.25e-02	7.33e-01	2.54e-01
 2.29177e+23	1.39e-02	7.54e-01	2.32e-01
 2.31397e+23	1.52e-02	7.71e-01	2.14e-01
 2.33613e+23	1.69e-02	7.90e-01	1.93e-01
 2.35836e+23	1.85e-02	8.06e-01	1.75e-01
 2.38068e+23	2.06e-02	8.23e-01	1.56e-01
 2.40312e+23	2.27e-02	8.37e-01	1.40e-01
 2.42258e+23	2.48e-02	8.49e-01	1.27e-01
 2.44473e+23	2.78e-02	8.61e-01	1.11e-01
 2.46712e+23	3.07e-02	8.71e-01	9.83e-02
 2.48417e+23	3.31e-02	8.77e-01	8.95e-02
 2.50068e+23	3.63e-02	8.83e-01	8.06e-02
 2.51836e+23	3.98e-02	8.88e-01	7.25e-02
 2.53460e+23	4.35e-02	8.91e-01	6.57e-02
 2.55019e+23	4.77e-02	8.93e-01	5.97e-02
 2.56508e+23	5.23e-02	8.93e-01	5.45e-02
 2.57895e+23	5.73e-02	8.93e-01	5.02e-02
 2.59188e+23	6.29e-02	8.91e-01	4.64e-02
 2.60387e+23	6.89e-02	8.88e-01	4.33e-02
 2.61495e+23	7.56e-02	8.84e-01	4.06e-02
 2.62506e+23	8.27e-02	8.79e-01	3.85e-02
 2.63400e+23	9.01e-02	8.73e-01	3.68e-02
 2.64198e+23	9.79e-02	8.67e-01	3.54e-02
 2.64923e+23	1.06e-01	8.60e-01	3.43e-02
 2.65583e+23	1.15e-01	8.52e-01	3.34e-02
 2.66189e+23	1.24e-01	8.44e-01	3.27e-02
 2.66753e+23	1.33e-01	8.35e-01	3.22e-02
 2.67278e+23	1.43e-01	8.25e-01	3.18e-02
 2.67770e+23	1.53e-01	8.15e-01	3.16e-02
 2.68219e+23	1.63e-01	8.05e-01	3.15e-02
 2.68604e+23	1.72e-01	7.96e-01	3.16e-02
 2.68937e+23	1.81e-01	7.87e-01	3.16e-02
 2.69210e+23	1.89e-01	7.80e-01	3.18e-02
 2.69441e+23	1.95e-01	7.73e-01	3.19e-02
 2.69691e+23	2.03e-01	7.65e-01	3.20e-02
 2.69981e+23	2.12e-01	7.56e-01	3.21e-02
 2.70275e+23	2.22e-01	7.46e-01	3.22e-02
 2.70545e+23	2.31e-01	7.36e-01	3.23e-02
 2.70753e+23	2.38e-01	7.30e-01	3.26e-02
 2.70896e+23	2.43e-01	7.24e-01	3.26e-02
 2.71038e+23	2.49e-01	7.19e-01	3.26e-02
 2.71208e+23	2.56e-01	7.12e-01	3.26e-02
 2.71394e+23	2.64e-01	7.04e-01	3.26e-02
 2.71574e+23	2.71e-01	6.97e-01	3.27e-02
 2.71751e+23	2.78e-01	6.89e-01	3.26e-02
 2.71937e+23	2.87e-01	6.81e-01	3.25e-02
 2.72124e+23	2.95e-01	6.72e-01	3.25e-02
 2.72314e+23	3.04e-01	6.64e-01	3.24e-02
 2.72515e+23	3.13e-01	6.55e-01	3.23e-02
 2.72722e+23	3.23e-01	6.45e-01	3.21e-02
 2.72928e+23	3.33e-01	6.35e-01	3.20e-02
 2.73138e+23	3.44e-01	6.25e-01	3.18e-02
 2.73358e+23	3.55e-01	6.14e-01	3.16e-02
 2.73587e+23	3.67e-01	6.02e-01	3.13e-02
 2.73820e+23	3.79e-01	5.90e-01	3.10e-02
 2.74056e+23	3.91e-01	5.78e-01	3.06e-02
 2.74303e+23	4.04e-01	5.65e-01	3.02e-02
 2.74559e+23	4.18e-01	5.52e-01	2.98e-02
 2.74822e+23	4.32e-01	5.39e-01	2.93e-02
 2.75091e+23	4.47e-01	5.25e-01	2.88e-02
 2.75370e+23	4.62e-01	5.10e-01	2.82e-02
 2.75662e+23	4.77e-01	4.95e-01	2.76e-02
 2.75965e+23	4.93e-01	4.80e-01	2.69e-02
 2.76278e+23	5.09e-01	4.64e-01	2.62e-02
 2.76601e+23	5.26e-01	4.49e-01	2.55e-02
 2.76935e+23	5.43e-01	4.33e-01	2.47e-02
 2.77278e+23	5.59e-01	4.17e-01	2.38e-02
 2.77630e+23	5.76e-01	4.01e-01	2.30e-02
 2.77993e+23	5.92e-01	3.86e-01	2.20e-02
 2.78377e+23	6.09e-01	3.70e-01	2.11e-02
 2.78779e+23	6.26e-01	3.54e-01	2.01e-02
 2.79189e+23	6.41e-01	3.40e-01	1.92e-02
 2.79614e+23	6.57e-01	3.25e-01	1.82e-02
 2.80068e+23	6.72e-01	3.11e-01	1.73e-02
 2.80545e+23	6.86e-01	2.97e-01	1.63e-02
 2.81046e+23	7.00e-01	2.84e-01	1.53e-02
 2.81578e+23	7.14e-01	2.72e-01	1.44e-02
 2.82144e+23	7.27e-01	2.59e-01	1.34e-02
 2.82744e+23	7.40e-01	2.48e-01	1.25e-02
 2.83361e+23	7.51e-01	2.37e-01	1.16e-02
 2.83962e+23	7.61e-01	2.28e-01	1.08e-02
 2.84539e+23	7.70e-01	2.19e-01	1.01e-02
 2.85106e+23	7.79e-01	2.12e-01	9.48e-03
 2.85664e+23	7.86e-01	2.05e-01	8.89e-03
 2.86209e+23	7.93e-01	1.99e-01	8.36e-03
 2.86735e+23	7.99e-01	1.93e-01	7.88e-03
 2.87237e+23	8.05e-01	1.87e-01	7.44e-03
 2.87705e+23	8.10e-01	1.83e-01	7.06e-03
 2.88158e+23	8.15e-01	1.78e-01	6.69e-03
 2.88612e+23	8.20e-01	1.74e-01	6.35e-03
 2.89052e+23	8.24e-01	1.70e-01	6.04e-03
 2.89475e+23	8.29e-01	1.66e-01	5.75e-03
 2.89882e+23	8.33e-01	1.62e-01	5.48e-03
 2.90276e+23	8.36e-01	1.58e-01	5.23e-03
 2.90657e+23	8.40e-01	1.55e-01	4.99e-03
 2.91024e+23	8.43e-01	1.52e-01	4.78e-03
 2.91378e+23	8.47e-01	1.49e-01	4.57e-03
 2.91719e+23	8.50e-01	1.46e-01	4.38e-03
 2.92048e+23	8.53e-01	1.43e-01	4.20e-03
 2.92366e+23	8.56e-01	1.40e-01	4.03e-03
 2.92668e+23	8.58e-01	1.38e-01	3.88e-03
 2.92964e+23	8.61e-01	1.35e-01	3.73e-03
 2.93251e+23	8.64e-01	1.33e-01	3.59e-03
 2.93513e+23	8.66e-01	1.31e-01	3.47e-03
 2.93752e+23	8.68e-01	1.29e-01	3.35e-03
 2.93968e+23	8.70e-01	1.27e-01	3.25e-03
 2.94166e+23	8.72e-01	1.25e-01	3.16e-03
 2.94345e+23	8.74e-01	1.23e-01	3.07e-03
 2.94509e+23	8.75e-01	1.22e-01	3.00e-03
 2.94657e+23	8.76e-01	1.21e-01	2.93e-03
 2.94793e+23	8.77e-01	1.20e-01	2.88e-03
 2.94941e+23	8.79e-01	1.18e-01	2.80e-03
 2.95133e+23	8.81e-01	1.17e-01	2.72e-03
 2.95342e+23	8.82e-01	1.15e-01	2.66e-03
 2.95531e+23	8.84e-01	1.14e-01	2.59e-03
 2.95703e+23	8.85e-01	1.12e-01	2.53e-03
 2.95860e+23	8.86e-01	1.11e-01	2.47e-03
 2.96003e+23	8.88e-01	1.10e-01	2.41e-03
 2.96133e+23	8.89e-01	1.09e-01	2.37e-03
 2.96275e+23	8.90e-01	1.08e-01	2.31e-03
 2.96460e+23	8.91e-01	1.07e-01	2.26e-03
 2.96700e+23	8.93e-01	1.05e-01	2.19e-03
 2.96960e+23	8.94e-01	1.04e-01	2.13e-03
 2.97196e+23	8.96e-01	1.02e-01	2.07e-03
 2.97411e+23	8.97e-01	1.01e-01	2.01e-03
 2.97607e+23	8.99e-01	9.95e-02	1.96e-03
 2.97785e+23	9.00e-01	9.83e-02	1.91e-03
 2.97980e+23	9.01e-01	9.68e-02	1.85e-03
 2.98190e+23	9.03e-01	9.56e-02	1.80e-03
 2.98382e+23	9.04e-01	9.43e-02	1.75e-03
 2.98556e+23	9.05e-01	9.35e-02	1.72e-03
 2.98747e+23	9.06e-01	9.20e-02	1.67e-03
 2.98954e+23	9.08e-01	9.08e-02	1.62e-03
 2.99141e+23	9.09e-01	8.97e-02	1.58e-03
 2.99312e+23	9.10e-01	8.87e-02	1.55e-03
 2.99468e+23	9.11e-01	8.77e-02	1.51e-03
 2.99638e+23	9.12e-01	8.66e-02	1.47e-03
 2.99822e+23	9.13e-01	8.55e-02	1.43e-03
 2.99989e+23	9.14e-01	8.45e-02	1.40e-03
 3.00142e+23	9.15e-01	8.38e-02	1.38e-03
 3.00308e+23	9.16e-01	8.27e-02	1.34e-03
 3.00489e+23	9.17e-01	8.18e-02	1.31e-03
 3.00653e+23	9.18e-01	8.09e-02	1.28e-03
 3.00832e+23	9.19e-01	7.98e-02	1.25e-03
 3.01026e+23	9.20e-01	7.89e-02	1.22e-03
 3.01203e+23	9.21e-01	7.79e-02	1.19e-03
 3.01363e+23	9.22e-01	7.72e-02	1.17e-03
 3.01539e+23	9.23e-01	7.61e-02	1.13e-03
 3.01729e+23	9.24e-01	7.52e-02	1.10e-03
 3.01902e+23	9.25e-01	7.43e-02	1.08e-03
 3.02060e+23	9.25e-01	7.36e-02	1.06e-03
 3.02232e+23	9.26e-01	7.26e-02	1.03e-03
 3.02418e+23	9.27e-01	7.21e-02	1.01e-03
 3.02622e+23	9.28e-01	7.10e-02	9.84e-04
 3.02842e+23	9.29e-01	7.02e-02	9.62e-04
 3.03043e+23	9.30e-01	6.93e-02	9.37e-04
 3.03225e+23	9.30e-01	6.87e-02	9.20e-04
 3.03425e+23	9.31e-01	6.77e-02	8.92e-04
 3.03641e+23	9.32e-01	6.69e-02	8.72e-04
 3.03837e+23	9.33e-01	6.62e-02	8.54e-04
 3.04052e+23	9.34e-01	6.51e-02	8.26e-04
 3.04284e+23	9.35e-01	6.44e-02	8.07e-04
 3.04496e+23	9.36e-01	6.35e-02	7.85e-04
 3.04688e+23	9.36e-01	6.29e-02	7.70e-04
 3.04899e+23	9.37e-01	6.19e-02	7.46e-04
 3.05126e+23	9.38e-01	6.12e-02	7.29e-04
 3.05333e+23	9.39e-01	6.06e-02	7.13e-04
 3.05560e+23	9.40e-01	5.96e-02	6.90e-04
 3.05805e+23	9.41e-01	5.88e-02	6.73e-04
 3.06028e+23	9.41e-01	5.82e-02	6.58e-04
 3.06272e+23	9.42e-01	5.71e-02	6.35e-04
 3.06536e+23	9.43e-01	5.64e-02	6.19e-04
 3.06776e+23	9.44e-01	5.57e-02	6.03e-04
 3.07038e+23	9.45e-01	5.47e-02	5.81e-04
 3.07322e+23	9.46e-01	5.39e-02	5.65e-04
 3.07581e+23	9.46e-01	5.32e-02	5.50e-04
 3.07864e+23	9.47e-01	5.22e-02	5.29e-04
 3.08169e+23	9.48e-01	5.15e-02	5.15e-04
 3.08441e+23	9.49e-01	5.06e-02	4.99e-04
