#depth	H	H+	H2
 1.54284e+22	2.45e-05	1.00e+00	7.20e-27
 3.51935e+22	3.37e-05	1.00e+00	2.89e-26
 4.16986e+22	3.93e-05	1.00e+00	5.48e-26
 4.52745e+22	4.32e-05	1.00e+00	8.34e-26
 4.73253e+22	4.52e-05	1.00e+00	1.02e-25
 4.88046e+22	4.78e-05	1.00e+00	1.32e-25
 5.04080e+22	5.03e-05	1.00e+00	1.66e-25
 5.18097e+22	5.25e-05	1.00e+00	2.01e-25
 5.32691e+22	5.54e-05	1.00e+00	2.56e-25
 5.47721e+22	5.80e-05	1.00e+00	3.15e-25
 5.61101e+22	6.06e-05	1.00e+00	3.83e-25
 5.76278e+22	6.39e-05	1.00e+00	4.90e-25
 5.92183e+22	6.72e-05	1.00e+00	6.13e-25
 6.06586e+22	7.04e-05	1.00e+00	7.56e-25
 6.22859e+22	7.45e-05	1.00e+00	9.84e-25
 6.39728e+22	7.85e-05	1.00e+00	1.24e-24
 6.54793e+22	8.23e-05	1.00e+00	1.54e-24
 6.71801e+22	8.75e-05	1.00e+00	2.04e-24
 6.89297e+22	9.22e-05	1.00e+00	2.57e-24
 7.07427e+22	9.83e-05	1.00e+00	3.46e-24
 7.25841e+22	1.04e-04	1.00e+00	4.40e-24
 7.44624e+22	1.11e-04	1.00e+00	5.98e-24
 7.63764e+22	1.17e-04	1.00e+00	7.69e-24
 7.83368e+22	1.25e-04	1.00e+00	1.06e-23
 8.03233e+22	1.33e-04	1.00e+00	1.37e-23
 8.20737e+22	1.40e-04	1.00e+00	1.77e-23
 8.40792e+22	1.51e-04	1.00e+00	2.47e-23
 8.61112e+22	1.60e-04	1.00e+00	3.22e-23
 8.81776e+22	1.71e-04	1.00e+00	4.53e-23
 9.02756e+22	1.82e-04	1.00e+00	6.01e-23
 9.21339e+22	1.93e-04	1.00e+00	7.94e-23
 9.42688e+22	2.08e-04	1.00e+00	1.14e-22
 9.64331e+22	2.21e-04	1.00e+00	1.54e-22
 9.86353e+22	2.39e-04	1.00e+00	2.26e-22
 1.00867e+23	2.54e-04	1.00e+00	3.08e-22
 1.03136e+23	2.75e-04	1.00e+00	4.63e-22
 1.05435e+23	2.93e-04	1.00e+00	6.39e-22
 1.07441e+23	3.11e-04	1.00e+00	8.76e-22
 1.09365e+23	3.30e-04	1.00e+00	1.18e-21
 1.11198e+23	3.48e-04	1.00e+00	1.58e-21
 1.13265e+23	3.74e-04	1.00e+00	2.28e-21
 1.15327e+23	3.95e-04	1.00e+00	3.08e-21
 1.17383e+23	4.25e-04	1.00e+00	4.53e-21
 1.19472e+23	4.49e-04	1.00e+00	6.18e-21
 1.21605e+23	4.82e-04	1.00e+00	9.07e-21
 1.23761e+23	5.11e-04	9.99e-01	1.27e-20
 1.25948e+23	5.50e-04	9.99e-01	1.88e-20
 1.28163e+23	5.84e-04	9.99e-01	2.62e-20
 1.29938e+23	6.13e-04	9.99e-01	3.43e-20
 1.31772e+23	6.51e-04	9.99e-01	4.74e-20
 1.33648e+23	6.84e-04	9.99e-01	6.31e-20
 1.35322e+23	7.19e-04	9.99e-01	8.25e-20
 1.37240e+23	7.64e-04	9.99e-01	1.19e-19
 1.39179e+23	8.05e-04	9.99e-01	1.63e-19
 1.40882e+23	8.46e-04	9.99e-01	2.18e-19
 1.42832e+23	8.99e-04	9.99e-01	3.28e-19
 1.44804e+23	9.47e-04	9.99e-01	4.71e-19
 1.46538e+23	9.96e-04	9.99e-01	6.54e-19
 1.48522e+23	1.06e-03	9.99e-01	1.06e-18
 1.50540e+23	1.12e-03	9.99e-01	1.69e-18
 1.52329e+23	1.18e-03	9.99e-01	2.58e-18
 1.54385e+23	1.25e-03	9.99e-01	5.03e-18
 1.56473e+23	1.32e-03	9.99e-01	1.02e-17
 1.58605e+23	1.41e-03	9.99e-01	2.42e-17
 1.60763e+23	1.49e-03	9.99e-01	8.36e-17
 1.62956e+23	1.59e-03	9.98e-01	1.65e-16
 1.65190e+23	1.68e-03	9.98e-01	3.00e-16
 1.67478e+23	1.80e-03	9.98e-01	4.82e-16
 1.69810e+23	1.91e-03	9.98e-01	7.41e-16
 1.72199e+23	2.05e-03	9.98e-01	1.09e-15
 1.74622e+23	2.18e-03	9.98e-01	1.57e-15
 1.76455e+23	2.27e-03	9.98e-01	1.95e-15
 1.78207e+23	2.39e-03	9.98e-01	2.49e-15
 1.79999e+23	2.49e-03	9.98e-01	3.00e-15
 1.81843e+23	2.62e-03	9.97e-01	3.72e-15
 1.83731e+23	2.74e-03	9.97e-01	4.45e-15
 1.85674e+23	2.90e-03	9.97e-01	5.55e-15
 1.87609e+23	3.03e-03	9.97e-01	6.57e-15
 1.89534e+23	3.20e-03	9.97e-01	8.11e-15
 1.91508e+23	3.35e-03	9.97e-01	9.69e-15
 1.93547e+23	3.54e-03	9.96e-01	1.21e-14
 1.95617e+23	3.71e-03	9.96e-01	1.45e-14
 1.97728e+23	3.94e-03	9.96e-01	1.83e-14
 1.99857e+23	4.13e-03	9.96e-01	2.20e-14
 2.02007e+23	4.38e-03	9.96e-01	2.77e-14
 2.04218e+23	4.61e-03	9.95e-01	3.38e-14
 2.06508e+23	4.91e-03	9.95e-01	4.33e-14
 2.08802e+23	5.17e-03	9.95e-01	5.31e-14
 2.11101e+23	5.52e-03	9.94e-01	6.89e-14
 2.13385e+23	5.80e-03	9.94e-01	8.39e-14
 2.15650e+23	6.21e-03	9.94e-01	1.09e-13
 2.17919e+23	6.53e-03	9.93e-01	1.33e-13
 2.20191e+23	7.02e-03	9.93e-01	1.74e-13
 2.22456e+23	7.40e-03	9.93e-01	2.14e-13
 2.24712e+23	7.99e-03	9.92e-01	2.84e-13
 2.26953e+23	8.45e-03	9.92e-01	3.51e-13
 2.29177e+23	9.17e-03	9.91e-01	4.70e-13
 2.31397e+23	9.78e-03	9.90e-01	5.92e-13
 2.33613e+23	1.07e-02	9.89e-01	8.01e-13
 2.35836e+23	1.15e-02	9.89e-01	1.03e-12
 2.38068e+23	1.27e-02	9.87e-01	1.44e-12
 2.40312e+23	1.39e-02	9.86e-01	1.91e-12
 2.42258e+23	1.52e-02	9.85e-01	2.54e-12
 2.44473e+23	1.72e-02	9.83e-01	3.70e-12
 2.46712e+23	1.93e-02	9.81e-01	5.21e-12
 2.48417e+23	2.12e-02	9.79e-01	6.85e-12
 2.50068e+23	2.39e-02	9.76e-01	9.54e-12
 2.51836e+23	2.72e-02	9.73e-01	1.35e-11
 2.53460e+23	3.10e-02	9.69e-01	1.92e-11
 2.55019e+23	3.58e-02	9.64e-01	2.78e-11
 2.56508e+23	4.17e-02	9.58e-01	4.06e-11
 2.57895e+23	4.88e-02	9.51e-01	5.92e-11
 2.59188e+23	5.77e-02	9.42e-01	8.82e-11
 2.60387e+23	6.83e-02	9.32e-01	1.30e-10
 2.61495e+23	8.15e-02	9.19e-01	1.94e-10
 2.62506e+23	9.72e-02	9.03e-01	2.86e-10
 2.63400e+23	1.15e-01	8.85e-01	4.13e-10
 2.64198e+23	1.36e-01	8.64e-01	5.86e-10
 2.64923e+23	1.59e-01	8.41e-01	8.19e-10
 2.65583e+23	1.84e-01	8.16e-01	1.11e-09
 2.66189e+23	2.13e-01	7.87e-01	1.49e-09
 2.66753e+23	2.43e-01	7.57e-01	1.95e-09
 2.67278e+23	2.76e-01	7.24e-01	2.52e-09
 2.67770e+23	3.11e-01	6.89e-01	3.17e-09
 2.68219e+23	3.45e-01	6.55e-01	3.87e-09
 2.68604e+23	3.76e-01	6.24e-01	4.55e-09
 2.68937e+23	4.04e-01	5.96e-01	5.20e-09
 2.69210e+23	4.27e-01	5.73e-01	5.77e-09
 2.69441e+23	4.47e-01	5.53e-01	6.24e-09
 2.69691e+23	4.68e-01	5.32e-01	6.81e-09
 2.69981e+23	4.93e-01	5.07e-01	7.46e-09
 2.70275e+23	5.18e-01	4.82e-01	8.13e-09
 2.70545e+23	5.40e-01	4.60e-01	8.71e-09
 2.70753e+23	5.55e-01	4.45e-01	9.08e-09
 2.70896e+23	5.65e-01	4.35e-01	9.38e-09
 2.71038e+23	5.76e-01	4.24e-01	9.67e-09
 2.71208e+23	5.88e-01	4.12e-01	1.00e-08
 2.71394e+23	6.02e-01	3.98e-01	1.04e-08
 2.71574e+23	6.13e-01	3.87e-01	1.07e-08
 2.71751e+23	6.25e-01	3.75e-01	1.10e-08
 2.71937e+23	6.37e-01	3.63e-01	1.14e-08
 2.72124e+23	6.48e-01	3.52e-01	1.17e-08
 2.72314e+23	6.59e-01	3.41e-01	1.20e-08
 2.72515e+23	6.70e-01	3.30e-01	1.23e-08
 2.72722e+23	6.82e-01	3.18e-01	1.26e-08
 2.72928e+23	6.92e-01	3.08e-01	1.29e-08
 2.73138e+23	7.03e-01	2.97e-01	1.32e-08
 2.73358e+23	7.13e-01	2.87e-01	1.35e-08
 2.73587e+23	7.23e-01	2.77e-01	1.38e-08
 2.73820e+23	7.33e-01	2.67e-01	1.40e-08
 2.74056e+23	7.43e-01	2.57e-01	1.43e-08
 2.74303e+23	7.52e-01	2.48e-01	1.45e-08
 2.74559e+23	7.61e-01	2.39e-01	1.48e-08
 2.74822e+23	7.70e-01	2.30e-01	1.50e-08
 2.75091e+23	7.79e-01	2.21e-01	1.52e-08
 2.75370e+23	7.87e-01	2.13e-01	1.55e-08
 2.75662e+23	7.95e-01	2.05e-01	1.57e-08
 2.75965e+23	8.03e-01	1.97e-01	1.59e-08
 2.76278e+23	8.11e-01	1.89e-01	1.61e-08
 2.76601e+23	8.18e-01	1.82e-01	1.63e-08
 2.76935e+23	8.25e-01	1.75e-01	1.65e-08
 2.77278e+23	8.32e-01	1.68e-01	1.67e-08
 2.77630e+23	8.38e-01	1.62e-01	1.69e-08
 2.77993e+23	8.44e-01	1.56e-01	1.72e-08
 2.78377e+23	8.49e-01	1.51e-01	1.74e-08
 2.78779e+23	8.55e-01	1.45e-01	1.77e-08
 2.79189e+23	8.60e-01	1.40e-01	1.79e-08
 2.79614e+23	8.65e-01	1.35e-01	1.82e-08
 2.80068e+23	8.69e-01	1.31e-01	1.85e-08
 2.80545e+23	8.74e-01	1.26e-01	1.89e-08
 2.81046e+23	8.78e-01	1.22e-01	1.94e-08
 2.81578e+23	8.82e-01	1.18e-01	1.99e-08
 2.82144e+23	8.86e-01	1.14e-01	2.04e-08
 2.82744e+23	8.90e-01	1.10e-01	2.11e-08
 2.83361e+23	8.94e-01	1.06e-01	2.19e-08
 2.83962e+23	8.97e-01	1.03e-01	2.27e-08
 2.84539e+23	9.00e-01	1.00e-01	2.35e-08
 2.85106e+23	9.03e-01	9.75e-02	2.44e-08
 2.85664e+23	9.05e-01	9.49e-02	2.54e-08
 2.86209e+23	9.08e-01	9.25e-02	2.64e-08
 2.86735e+23	9.10e-01	9.02e-02	2.72e-08
 2.87237e+23	9.12e-01	8.81e-02	2.81e-08
 2.87705e+23	9.14e-01	8.62e-02	2.90e-08
 2.88158e+23	9.16e-01	8.43e-02	3.00e-08
 2.88612e+23	9.18e-01	8.25e-02	3.11e-08
 2.89052e+23	9.19e-01	8.07e-02	3.22e-08
 2.89475e+23	9.21e-01	7.90e-02	3.34e-08
 2.89882e+23	9.23e-01	7.74e-02	3.47e-08
 2.90276e+23	9.24e-01	7.59e-02	3.60e-08
 2.90657e+23	9.26e-01	7.44e-02	3.74e-08
 2.91024e+23	9.27e-01	7.30e-02	3.89e-08
 2.91378e+23	9.28e-01	7.16e-02	4.04e-08
 2.91719e+23	9.30e-01	7.03e-02	4.21e-08
 2.92048e+23	9.31e-01	6.90e-02	4.39e-08
 2.92366e+23	9.32e-01	6.78e-02	4.59e-08
 2.92668e+23	9.33e-01	6.66e-02	4.78e-08
 2.92964e+23	9.35e-01	6.55e-02	5.00e-08
 2.93251e+23	9.36e-01	6.43e-02	5.24e-08
 2.93513e+23	9.37e-01	6.34e-02	5.45e-08
 2.93752e+23	9.38e-01	6.25e-02	5.67e-08
 2.93968e+23	9.38e-01	6.17e-02	5.88e-08
 2.94166e+23	9.39e-01	6.10e-02	6.07e-08
 2.94345e+23	9.40e-01	6.04e-02	6.26e-08
 2.94509e+23	9.40e-01	5.98e-02	6.43e-08
 2.94657e+23	9.41e-01	5.92e-02	6.64e-08
 2.94793e+23	9.41e-01	5.89e-02	6.77e-08
 2.94941e+23	9.42e-01	5.82e-02	6.92e-08
 2.95133e+23	9.43e-01	5.73e-02	7.18e-08
 2.95342e+23	9.44e-01	5.65e-02	7.40e-08
 2.95531e+23	9.44e-01	5.56e-02	7.61e-08
 2.95703e+23	9.45e-01	5.51e-02	7.79e-08
 2.95860e+23	9.45e-01	5.45e-02	7.96e-08
 2.96003e+23	9.46e-01	5.40e-02	8.15e-08
 2.96133e+23	9.46e-01	5.37e-02	8.22e-08
 2.96275e+23	9.47e-01	5.32e-02	8.36e-08
 2.96460e+23	9.47e-01	5.25e-02	8.51e-08
 2.96700e+23	9.48e-01	5.16e-02	8.72e-08
 2.96960e+23	9.49e-01	5.06e-02	8.92e-08
 2.97196e+23	9.50e-01	4.98e-02	9.07e-08
 2.97411e+23	9.51e-01	4.92e-02	9.18e-08
 2.97607e+23	9.51e-01	4.87e-02	9.26e-08
 2.97785e+23	9.52e-01	4.83e-02	9.33e-08
 2.97980e+23	9.52e-01	4.77e-02	9.41e-08
 2.98190e+23	9.53e-01	4.69e-02	9.49e-08
 2.98382e+23	9.54e-01	4.64e-02	9.54e-08
 2.98556e+23	9.54e-01	4.61e-02	9.59e-08
 2.98747e+23	9.55e-01	4.55e-02	9.60e-08
 2.98954e+23	9.55e-01	4.47e-02	9.63e-08
 2.99141e+23	9.56e-01	4.42e-02	9.65e-08
 2.99312e+23	9.56e-01	4.38e-02	9.66e-08
 2.99468e+23	9.57e-01	4.35e-02	9.65e-08
 2.99638e+23	9.57e-01	4.30e-02	9.63e-08
 2.99822e+23	9.58e-01	4.24e-02	9.61e-08
 2.99989e+23	9.58e-01	4.19e-02	9.60e-08
 3.00142e+23	9.58e-01	4.16e-02	9.59e-08
 3.00308e+23	9.59e-01	4.12e-02	9.57e-08
 3.00489e+23	9.59e-01	4.07e-02	9.56e-08
 3.00653e+23	9.60e-01	4.02e-02	9.52e-08
 3.00832e+23	9.60e-01	3.98e-02	9.48e-08
 3.01026e+23	9.61e-01	3.92e-02	9.46e-08
 3.01203e+23	9.61e-01	3.87e-02	9.42e-08
 3.01363e+23	9.61e-01	3.85e-02	9.41e-08
 3.01539e+23	9.62e-01	3.81e-02	9.35e-08
 3.01729e+23	9.62e-01	3.75e-02	9.31e-08
 3.01902e+23	9.63e-01	3.71e-02	9.27e-08
 3.02060e+23	9.63e-01	3.68e-02	9.24e-08
 3.02232e+23	9.64e-01	3.65e-02	9.20e-08
 3.02418e+23	9.64e-01	3.61e-02	9.22e-08
 3.02622e+23	9.64e-01	3.56e-02	9.17e-08
 3.02842e+23	9.65e-01	3.51e-02	9.16e-08
 3.03043e+23	9.65e-01	3.47e-02	9.13e-08
 3.03225e+23	9.66e-01	3.45e-02	9.11e-08
 3.03425e+23	9.66e-01	3.41e-02	9.06e-08
 3.03641e+23	9.66e-01	3.36e-02	9.05e-08
 3.03837e+23	9.67e-01	3.33e-02	9.04e-08
 3.04052e+23	9.67e-01	3.29e-02	8.98e-08
 3.04284e+23	9.68e-01	3.24e-02	8.97e-08
 3.04496e+23	9.68e-01	3.20e-02	8.93e-08
 3.04688e+23	9.68e-01	3.18e-02	8.92e-08
 3.04899e+23	9.69e-01	3.14e-02	8.87e-08
 3.05126e+23	9.69e-01	3.10e-02	8.86e-08
 3.05333e+23	9.69e-01	3.07e-02	8.85e-08
 3.05560e+23	9.70e-01	3.03e-02	8.80e-08
 3.05805e+23	9.70e-01	2.99e-02	8.79e-08
 3.06028e+23	9.70e-01	2.96e-02	8.79e-08
 3.06272e+23	9.71e-01	2.92e-02	8.73e-08
 3.06536e+23	9.71e-01	2.87e-02	8.73e-08
 3.06776e+23	9.72e-01	2.84e-02	8.72e-08
 3.07038e+23	9.72e-01	2.80e-02	8.66e-08
 3.07322e+23	9.72e-01	2.75e-02	8.66e-08
 3.07581e+23	9.73e-01	2.72e-02	8.65e-08
 3.07864e+23	9.73e-01	2.68e-02	8.60e-08
 3.08169e+23	9.74e-01	2.64e-02	8.62e-08
 3.08441e+23	9.74e-01	2.60e-02	8.60e-08
