#depth	O	O+	O+2	O+3	O+4	O+5	O+6	O+7	O+8	O[1]	O[2]	O[3]
 4.62852e+21	1.23e-10	6.86e-06	6.65e-03	2.32e-01	4.26e-01	2.60e-01	7.42e-02	2.46e-04	1.57e-07	1.23e-10	4.72e-20	5.50e-20
 1.04366e+22	6.07e-10	2.19e-05	1.44e-02	3.38e-01	4.26e-01	1.86e-01	3.61e-02	8.03e-05	0.00e+00	6.07e-10	2.91e-19	3.38e-19
 1.22059e+22	1.31e-09	3.79e-05	2.03e-02	3.93e-01	4.10e-01	1.51e-01	2.44e-02	4.43e-05	0.00e+00	1.31e-09	7.13e-19	8.29e-19
 1.32102e+22	2.24e-09	5.50e-05	2.56e-02	4.32e-01	3.95e-01	1.29e-01	1.82e-02	2.88e-05	0.00e+00	2.24e-09	1.33e-18	1.55e-18
 1.38122e+22	2.84e-09	6.48e-05	2.84e-02	4.49e-01	3.87e-01	1.20e-01	1.59e-02	2.36e-05	0.00e+00	2.84e-09	1.76e-18	2.04e-18
 1.41689e+22	3.53e-09	7.52e-05	3.10e-02	4.64e-01	3.79e-01	1.12e-01	1.41e-02	1.97e-05	0.00e+00	3.53e-09	2.27e-18	2.64e-18
 1.45054e+22	4.35e-09	8.67e-05	3.38e-02	4.79e-01	3.70e-01	1.04e-01	1.24e-02	1.64e-05	0.00e+00	4.35e-09	2.90e-18	3.38e-18
 1.48901e+22	5.69e-09	1.04e-04	3.77e-02	4.97e-01	3.59e-01	9.51e-02	1.06e-02	1.30e-05	0.00e+00	5.69e-09	3.99e-18	4.64e-18
 1.52774e+22	7.06e-09	1.20e-04	4.11e-02	5.12e-01	3.50e-01	8.80e-02	9.29e-03	1.07e-05	0.00e+00	7.06e-09	5.14e-18	5.99e-18
 1.56147e+22	8.68e-09	1.38e-04	4.46e-02	5.25e-01	3.40e-01	8.16e-02	8.17e-03	8.92e-06	0.00e+00	8.68e-09	6.58e-18	7.66e-18
 1.60003e+22	1.12e-08	1.64e-04	4.94e-02	5.42e-01	3.28e-01	7.40e-02	6.94e-03	7.05e-06	0.00e+00	1.12e-08	8.97e-18	1.05e-17
 1.63949e+22	1.40e-08	1.90e-04	5.38e-02	5.55e-01	3.17e-01	6.78e-02	6.01e-03	5.73e-06	0.00e+00	1.40e-08	1.17e-17	1.36e-17
 1.67383e+22	1.72e-08	2.17e-04	5.80e-02	5.67e-01	3.07e-01	6.26e-02	5.26e-03	4.74e-06	0.00e+00	1.72e-08	1.49e-17	1.74e-17
 1.71217e+22	2.21e-08	2.56e-04	6.37e-02	5.81e-01	2.94e-01	5.64e-02	4.45e-03	3.73e-06	0.00e+00	2.21e-08	2.02e-17	2.35e-17
 1.75179e+22	2.75e-08	2.96e-04	6.91e-02	5.92e-01	2.83e-01	5.14e-02	3.83e-03	3.01e-06	0.00e+00	2.75e-08	2.63e-17	3.07e-17
 1.78703e+22	3.37e-08	3.38e-04	7.44e-02	6.02e-01	2.73e-01	4.70e-02	3.33e-03	2.47e-06	0.00e+00	3.37e-08	3.36e-17	3.93e-17
 1.82684e+22	4.35e-08	3.98e-04	8.14e-02	6.14e-01	2.60e-01	4.20e-02	2.78e-03	1.92e-06	0.00e+00	4.35e-08	4.59e-17	5.36e-17
 1.86800e+22	5.43e-08	4.60e-04	8.81e-02	6.23e-01	2.48e-01	3.79e-02	2.37e-03	1.53e-06	0.00e+00	5.43e-08	6.02e-17	7.03e-17
 1.90486e+22	6.69e-08	5.25e-04	9.47e-02	6.31e-01	2.37e-01	3.44e-02	2.04e-03	1.24e-06	0.00e+00	6.69e-08	7.76e-17	9.07e-17
 1.94670e+22	8.68e-08	6.21e-04	1.03e-01	6.40e-01	2.24e-01	3.03e-02	1.68e-03	9.45e-07	0.00e+00	8.68e-08	1.07e-16	1.25e-16
 1.98992e+22	1.09e-07	7.17e-04	1.12e-01	6.46e-01	2.13e-01	2.71e-02	1.42e-03	7.43e-07	0.00e+00	1.09e-07	1.41e-16	1.65e-16
 2.02839e+22	1.34e-07	8.18e-04	1.20e-01	6.52e-01	2.02e-01	2.44e-02	1.21e-03	5.95e-07	0.00e+00	1.34e-07	1.83e-16	2.14e-16
 2.07182e+22	1.77e-07	9.73e-04	1.31e-01	6.57e-01	1.89e-01	2.12e-02	9.81e-04	4.43e-07	0.00e+00	1.77e-07	2.56e-16	2.99e-16
 2.11575e+22	2.17e-07	1.11e-03	1.40e-01	6.60e-01	1.79e-01	1.90e-02	8.33e-04	3.53e-07	0.00e+00	2.17e-07	3.31e-16	3.88e-16
 2.16030e+22	2.86e-07	1.32e-03	1.53e-01	6.63e-01	1.66e-01	1.63e-02	6.70e-04	2.60e-07	0.00e+00	2.86e-07	4.65e-16	5.44e-16
 2.20288e+22	3.46e-07	1.48e-03	1.62e-01	6.63e-01	1.58e-01	1.47e-02	5.74e-04	2.10e-07	0.00e+00	3.46e-07	5.89e-16	6.89e-16
 2.24288e+22	4.35e-07	1.71e-03	1.74e-01	6.63e-01	1.48e-01	1.29e-02	4.76e-04	1.62e-07	0.00e+00	4.35e-07	7.85e-16	9.19e-16
 2.28437e+22	5.35e-07	1.94e-03	1.85e-01	6.62e-01	1.39e-01	1.14e-02	4.01e-04	1.28e-07	0.00e+00	5.35e-07	1.01e-15	1.19e-15
 2.32109e+22	6.48e-07	2.18e-03	1.96e-01	6.60e-01	1.31e-01	1.02e-02	3.41e-04	0.00e+00	0.00e+00	6.48e-07	1.29e-15	1.51e-15
 2.36209e+22	8.28e-07	2.54e-03	2.10e-01	6.56e-01	1.22e-01	8.82e-03	2.77e-04	0.00e+00	0.00e+00	8.28e-07	1.75e-15	2.04e-15
 2.40337e+22	9.98e-07	2.85e-03	2.22e-01	6.52e-01	1.14e-01	7.85e-03	2.36e-04	0.00e+00	0.00e+00	9.98e-07	2.21e-15	2.58e-15
 2.44501e+22	1.25e-06	3.28e-03	2.37e-01	6.46e-01	1.06e-01	6.80e-03	1.93e-04	0.00e+00	0.00e+00	1.25e-06	2.95e-15	3.45e-15
 2.48821e+22	1.54e-06	3.71e-03	2.51e-01	6.40e-01	9.89e-02	5.96e-03	1.61e-04	0.00e+00	0.00e+00	1.54e-06	3.82e-15	4.46e-15
 2.52646e+22	1.87e-06	4.18e-03	2.65e-01	6.33e-01	9.24e-02	5.25e-03	1.35e-04	0.00e+00	0.00e+00	1.87e-06	4.86e-15	5.68e-15
 2.56922e+22	2.37e-06	4.83e-03	2.83e-01	6.23e-01	8.47e-02	4.47e-03	1.08e-04	0.00e+00	0.00e+00	2.37e-06	6.59e-15	7.70e-15
 2.61277e+22	2.90e-06	5.46e-03	2.98e-01	6.14e-01	7.86e-02	3.89e-03	9.00e-05	0.00e+00	0.00e+00	2.90e-06	8.47e-15	9.89e-15
 2.65126e+22	3.50e-06	6.11e-03	3.13e-01	6.04e-01	7.31e-02	3.41e-03	7.53e-05	0.00e+00	0.00e+00	3.50e-06	1.08e-14	1.26e-14
 2.69518e+22	4.43e-06	7.06e-03	3.33e-01	5.91e-01	6.65e-02	2.87e-03	6.00e-05	0.00e+00	0.00e+00	4.43e-06	1.46e-14	1.70e-14
 2.74003e+22	5.37e-06	7.92e-03	3.49e-01	5.79e-01	6.14e-02	2.49e-03	4.98e-05	0.00e+00	0.00e+00	5.37e-06	1.87e-14	2.18e-14
 2.78607e+22	6.94e-06	9.24e-03	3.72e-01	5.62e-01	5.51e-02	2.06e-03	3.86e-05	0.00e+00	0.00e+00	6.94e-06	2.58e-14	3.02e-14
 2.83188e+22	8.37e-06	1.03e-02	3.89e-01	5.48e-01	5.07e-02	1.78e-03	3.19e-05	0.00e+00	0.00e+00	8.37e-06	3.29e-14	3.84e-14
 2.87737e+22	1.06e-05	1.19e-02	4.11e-01	5.30e-01	4.55e-02	1.47e-03	2.50e-05	0.00e+00	0.00e+00	1.06e-05	4.47e-14	5.21e-14
 2.92438e+22	1.29e-05	1.34e-02	4.30e-01	5.14e-01	4.15e-02	1.25e-03	2.04e-05	0.00e+00	0.00e+00	1.29e-05	5.73e-14	6.68e-14
 2.95099e+22	1.37e-05	1.39e-02	4.36e-01	5.09e-01	4.02e-02	1.19e-03	1.90e-05	0.00e+00	0.00e+00	1.37e-05	6.17e-14	7.19e-14
 2.95868e+22	1.39e-05	1.40e-02	4.38e-01	5.07e-01	3.99e-02	1.17e-03	1.87e-05	0.00e+00	0.00e+00	1.39e-05	6.31e-14	7.36e-14
 2.96411e+22	1.44e-05	1.43e-02	4.41e-01	5.04e-01	3.92e-02	1.14e-03	1.80e-05	0.00e+00	0.00e+00	1.44e-05	6.58e-14	7.67e-14
 2.97117e+22	1.48e-05	1.45e-02	4.44e-01	5.02e-01	3.86e-02	1.11e-03	1.74e-05	0.00e+00	0.00e+00	1.48e-05	6.86e-14	8.00e-14
 2.98035e+22	1.55e-05	1.49e-02	4.48e-01	4.98e-01	3.78e-02	1.07e-03	1.67e-05	0.00e+00	0.00e+00	1.55e-05	7.26e-14	8.47e-14
 2.99229e+22	1.64e-05	1.55e-02	4.54e-01	4.93e-01	3.67e-02	1.02e-03	1.56e-05	0.00e+00	0.00e+00	1.64e-05	7.85e-14	9.15e-14
 3.00781e+22	1.78e-05	1.62e-02	4.62e-01	4.85e-01	3.52e-02	9.47e-04	1.43e-05	0.00e+00	0.00e+00	1.78e-05	8.72e-14	1.02e-13
 3.02798e+22	1.97e-05	1.72e-02	4.72e-01	4.77e-01	3.35e-02	8.71e-04	1.28e-05	0.00e+00	0.00e+00	1.97e-05	9.90e-14	1.15e-13
 3.05420e+22	2.26e-05	1.87e-02	4.86e-01	4.63e-01	3.11e-02	7.69e-04	1.10e-05	0.00e+00	0.00e+00	2.26e-05	1.19e-13	1.38e-13
 3.08829e+22	2.69e-05	2.07e-02	5.03e-01	4.47e-01	2.84e-02	6.58e-04	9.02e-06	0.00e+00	0.00e+00	2.69e-05	1.48e-13	1.73e-13
 3.13261e+22	3.37e-05	2.37e-02	5.26e-01	4.25e-01	2.50e-02	5.34e-04	6.95e-06	0.00e+00	0.00e+00	3.37e-05	1.99e-13	2.31e-13
 3.17768e+22	4.01e-05	2.63e-02	5.43e-01	4.07e-01	2.26e-02	4.52e-04	5.67e-06	0.00e+00	0.00e+00	4.01e-05	2.50e-13	2.90e-13
 3.22375e+22	5.02e-05	3.00e-02	5.65e-01	3.84e-01	1.98e-02	3.63e-04	4.33e-06	0.00e+00	0.00e+00	5.02e-05	3.36e-13	3.89e-13
 3.26486e+22	5.75e-05	3.25e-02	5.79e-01	3.70e-01	1.82e-02	3.16e-04	3.65e-06	0.00e+00	0.00e+00	5.75e-05	4.01e-13	4.64e-13
 3.29952e+22	6.79e-05	3.58e-02	5.95e-01	3.53e-01	1.64e-02	2.67e-04	2.98e-06	0.00e+00	0.00e+00	6.79e-05	4.99e-13	5.76e-13
 3.33516e+22	7.81e-05	3.89e-02	6.08e-01	3.38e-01	1.49e-02	2.31e-04	2.49e-06	0.00e+00	0.00e+00	7.81e-05	6.00e-13	6.91e-13
 3.36720e+22	8.92e-05	4.20e-02	6.20e-01	3.24e-01	1.37e-02	2.00e-04	2.09e-06	0.00e+00	0.00e+00	8.92e-05	7.18e-13	8.24e-13
 3.40394e+22	1.05e-04	4.64e-02	6.35e-01	3.06e-01	1.22e-02	1.67e-04	1.68e-06	0.00e+00	0.00e+00	1.05e-04	9.00e-13	1.03e-12
 3.44150e+22	1.22e-04	5.04e-02	6.47e-01	2.91e-01	1.10e-02	1.42e-04	1.39e-06	0.00e+00	0.00e+00	1.22e-04	1.09e-12	1.24e-12
 3.47478e+22	1.40e-04	5.46e-02	6.59e-01	2.76e-01	9.94e-03	1.21e-04	1.15e-06	0.00e+00	0.00e+00	1.40e-04	1.31e-12	1.49e-12
 3.51270e+22	1.65e-04	6.02e-02	6.72e-01	2.59e-01	8.77e-03	9.98e-05	9.09e-07	0.00e+00	0.00e+00	1.65e-04	1.65e-12	1.86e-12
 3.55151e+22	1.91e-04	6.54e-02	6.83e-01	2.44e-01	7.83e-03	8.38e-05	7.39e-07	0.00e+00	0.00e+00	1.91e-04	2.01e-12	2.25e-12
 3.58599e+22	2.19e-04	7.08e-02	6.92e-01	2.30e-01	7.01e-03	7.08e-05	6.05e-07	0.00e+00	0.00e+00	2.19e-04	2.43e-12	2.70e-12
 3.61877e+22	2.48e-04	7.60e-02	7.00e-01	2.17e-01	6.33e-03	6.05e-05	5.02e-07	0.00e+00	0.00e+00	2.48e-04	2.89e-12	3.19e-12
 3.65486e+22	2.90e-04	8.32e-02	7.09e-01	2.02e-01	5.54e-03	4.95e-05	3.96e-07	0.00e+00	0.00e+00	2.90e-04	3.61e-12	3.94e-12
 3.69357e+22	3.33e-04	9.01e-02	7.16e-01	1.89e-01	4.90e-03	4.11e-05	3.19e-07	0.00e+00	0.00e+00	3.33e-04	4.41e-12	4.76e-12
 3.73572e+22	4.01e-04	1.00e-01	7.24e-01	1.72e-01	4.15e-03	3.21e-05	2.38e-07	0.00e+00	0.00e+00	4.01e-04	5.74e-12	6.10e-12
 3.77779e+22	4.59e-04	1.08e-01	7.29e-01	1.59e-01	3.64e-03	2.65e-05	1.90e-07	0.00e+00	0.00e+00	4.59e-04	6.99e-12	7.34e-12
 3.81976e+22	5.50e-04	1.20e-01	7.33e-01	1.44e-01	3.06e-03	2.05e-05	1.41e-07	0.00e+00	0.00e+00	5.50e-04	9.08e-12	9.35e-12
 3.86221e+22	6.28e-04	1.29e-01	7.35e-01	1.32e-01	2.67e-03	1.68e-05	0.00e+00	0.00e+00	0.00e+00	6.28e-04	1.11e-11	1.12e-11
 3.90529e+22	7.45e-04	1.42e-01	7.36e-01	1.19e-01	2.24e-03	1.30e-05	0.00e+00	0.00e+00	0.00e+00	7.45e-04	1.43e-11	1.42e-11
 3.94971e+22	8.64e-04	1.54e-01	7.36e-01	1.08e-01	1.90e-03	1.03e-05	0.00e+00	0.00e+00	0.00e+00	8.64e-04	1.79e-11	1.74e-11
 3.98951e+22	9.90e-04	1.66e-01	7.34e-01	9.78e-02	1.63e-03	8.27e-06	0.00e+00	0.00e+00	0.00e+00	9.90e-04	2.20e-11	2.10e-11
 4.03493e+22	1.19e-03	1.83e-01	7.28e-01	8.58e-02	1.32e-03	6.16e-06	0.00e+00	0.00e+00	0.00e+00	1.19e-03	2.91e-11	2.69e-11
 4.08071e+22	1.36e-03	1.97e-01	7.23e-01	7.73e-02	1.12e-03	4.89e-06	0.00e+00	0.00e+00	0.00e+00	1.36e-03	3.58e-11	3.24e-11
 4.12697e+22	1.62e-03	2.17e-01	7.13e-01	6.71e-02	9.02e-04	3.60e-06	0.00e+00	0.00e+00	0.00e+00	1.62e-03	4.71e-11	4.15e-11
 4.17421e+22	1.85e-03	2.33e-01	7.05e-01	5.96e-02	7.52e-04	2.80e-06	0.00e+00	0.00e+00	0.00e+00	1.85e-03	5.85e-11	5.03e-11
 4.22275e+22	2.23e-03	2.57e-01	6.89e-01	5.06e-02	5.88e-04	2.00e-06	0.00e+00	0.00e+00	0.00e+00	2.23e-03	7.82e-11	6.52e-11
 4.27177e+22	2.55e-03	2.75e-01	6.77e-01	4.44e-02	4.84e-04	1.54e-06	0.00e+00	0.00e+00	0.00e+00	2.55e-03	9.66e-11	7.87e-11
 4.32141e+22	3.06e-03	3.03e-01	6.56e-01	3.71e-02	3.72e-04	1.07e-06	0.00e+00	0.00e+00	0.00e+00	3.06e-03	1.29e-10	1.02e-10
 4.37222e+22	3.51e-03	3.25e-01	6.39e-01	3.20e-02	2.99e-04	8.04e-07	0.00e+00	0.00e+00	0.00e+00	3.51e-03	1.61e-10	1.24e-10
 4.42455e+22	4.24e-03	3.58e-01	6.12e-01	2.60e-02	2.23e-04	5.43e-07	0.00e+00	0.00e+00	0.00e+00	4.24e-03	2.16e-10	1.62e-10
 4.47828e+22	4.86e-03	3.83e-01	5.90e-01	2.20e-02	1.76e-04	3.97e-07	0.00e+00	0.00e+00	0.00e+00	4.86e-03	2.69e-10	1.98e-10
 4.52119e+22	5.45e-03	4.04e-01	5.71e-01	1.90e-02	1.44e-04	3.05e-07	0.00e+00	0.00e+00	0.00e+00	5.45e-03	3.22e-10	2.34e-10
 4.55822e+22	6.09e-03	4.26e-01	5.51e-01	1.65e-02	1.18e-04	2.36e-07	0.00e+00	0.00e+00	0.00e+00	6.09e-03	3.83e-10	2.73e-10
 4.60025e+22	6.99e-03	4.55e-01	5.24e-01	1.37e-02	9.23e-05	1.69e-07	0.00e+00	0.00e+00	0.00e+00	6.99e-03	4.76e-10	3.33e-10
 4.64311e+22	7.84e-03	4.80e-01	5.01e-01	1.16e-02	7.41e-05	1.27e-07	0.00e+00	0.00e+00	0.00e+00	7.84e-03	5.67e-10	3.90e-10
 4.68117e+22	8.76e-03	5.04e-01	4.77e-01	9.81e-03	5.97e-05	0.00e+00	0.00e+00	0.00e+00	0.00e+00	8.76e-03	6.73e-10	4.56e-10
 4.72474e+22	1.01e-02	5.37e-01	4.45e-01	7.87e-03	4.52e-05	0.00e+00	0.00e+00	0.00e+00	0.00e+00	1.01e-02	8.36e-10	5.57e-10
 4.76945e+22	1.14e-02	5.64e-01	4.18e-01	6.46e-03	3.53e-05	0.00e+00	0.00e+00	0.00e+00	0.00e+00	1.14e-02	9.99e-10	6.56e-10
 4.80919e+22	1.27e-02	5.91e-01	3.91e-01	5.29e-03	2.76e-05	0.00e+00	0.00e+00	0.00e+00	0.00e+00	1.27e-02	1.19e-09	7.70e-10
 4.85438e+22	1.47e-02	6.25e-01	3.56e-01	4.06e-03	2.02e-05	0.00e+00	0.00e+00	0.00e+00	0.00e+00	1.47e-02	1.48e-09	9.46e-10
 4.90105e+22	1.67e-02	6.54e-01	3.26e-01	3.17e-03	1.51e-05	0.00e+00	0.00e+00	0.00e+00	0.00e+00	1.67e-02	1.79e-09	1.13e-09
 4.94074e+22	1.87e-02	6.79e-01	3.00e-01	2.53e-03	1.18e-05	0.00e+00	0.00e+00	0.00e+00	0.00e+00	1.87e-02	2.10e-09	1.31e-09
 4.98343e+22	2.15e-02	7.10e-01	2.67e-01	1.89e-03	8.53e-06	0.00e+00	0.00e+00	0.00e+00	0.00e+00	2.15e-02	2.59e-09	1.60e-09
 5.02864e+22	2.45e-02	7.37e-01	2.37e-01	1.41e-03	6.26e-06	0.00e+00	0.00e+00	0.00e+00	0.00e+00	2.45e-02	3.13e-09	1.91e-09
 5.06829e+22	2.75e-02	7.59e-01	2.12e-01	1.07e-03	4.75e-06	0.00e+00	0.00e+00	0.00e+00	0.00e+00	2.75e-02	3.70e-09	2.24e-09
 5.11099e+22	3.20e-02	7.85e-01	1.82e-01	7.48e-04	3.34e-06	0.00e+00	0.00e+00	0.00e+00	0.00e+00	3.20e-02	4.58e-09	2.75e-09
 5.15532e+22	3.67e-02	8.07e-01	1.56e-01	5.28e-04	2.41e-06	0.00e+00	0.00e+00	0.00e+00	0.00e+00	3.67e-02	5.56e-09	3.31e-09
 5.19377e+22	4.19e-02	8.23e-01	1.34e-01	3.78e-04	1.79e-06	0.00e+00	0.00e+00	0.00e+00	0.00e+00	4.19e-02	6.65e-09	3.93e-09
 5.22866e+22	4.73e-02	8.37e-01	1.16e-01	2.73e-04	1.35e-06	0.00e+00	0.00e+00	0.00e+00	0.00e+00	4.73e-02	7.86e-09	4.62e-09
 5.26689e+22	5.55e-02	8.50e-01	9.44e-02	1.77e-04	9.40e-07	0.00e+00	0.00e+00	0.00e+00	0.00e+00	5.55e-02	9.76e-09	5.71e-09
 5.30560e+22	6.46e-02	8.58e-01	7.72e-02	1.17e-04	6.75e-07	0.00e+00	0.00e+00	0.00e+00	0.00e+00	6.46e-02	1.19e-08	6.95e-09
 5.33805e+22	7.48e-02	8.62e-01	6.33e-02	7.81e-05	4.94e-07	0.00e+00	0.00e+00	0.00e+00	0.00e+00	7.48e-02	1.43e-08	8.35e-09
 5.35825e+22	8.06e-02	8.62e-01	5.71e-02	6.38e-05	4.27e-07	0.00e+00	0.00e+00	0.00e+00	0.00e+00	8.06e-02	1.57e-08	9.14e-09
 5.36607e+22	8.34e-02	8.62e-01	5.44e-02	5.81e-05	3.98e-07	0.00e+00	0.00e+00	0.00e+00	0.00e+00	8.34e-02	1.63e-08	9.54e-09
 5.37269e+22	8.63e-02	8.62e-01	5.18e-02	5.27e-05	3.70e-07	0.00e+00	0.00e+00	0.00e+00	0.00e+00	8.63e-02	1.70e-08	9.97e-09
 5.38072e+22	9.00e-02	8.61e-01	4.87e-02	4.67e-05	3.38e-07	0.00e+00	0.00e+00	0.00e+00	0.00e+00	9.00e-02	1.80e-08	1.05e-08
 5.38931e+22	9.42e-02	8.60e-01	4.56e-02	4.11e-05	3.07e-07	0.00e+00	0.00e+00	0.00e+00	0.00e+00	9.42e-02	1.90e-08	1.11e-08
 5.39731e+22	9.83e-02	8.59e-01	4.28e-02	3.64e-05	2.80e-07	0.00e+00	0.00e+00	0.00e+00	0.00e+00	9.83e-02	2.00e-08	1.17e-08
 5.40478e+22	1.02e-01	8.57e-01	4.02e-02	3.24e-05	2.57e-07	0.00e+00	0.00e+00	0.00e+00	0.00e+00	1.02e-01	2.11e-08	1.23e-08
 5.41221e+22	1.07e-01	8.55e-01	3.78e-02	2.88e-05	2.35e-07	0.00e+00	0.00e+00	0.00e+00	0.00e+00	1.07e-01	2.22e-08	1.30e-08
 5.41970e+22	1.11e-01	8.53e-01	3.55e-02	2.55e-05	2.15e-07	0.00e+00	0.00e+00	0.00e+00	0.00e+00	1.11e-01	2.33e-08	1.37e-08
 5.42724e+22	1.16e-01	8.51e-01	3.31e-02	2.25e-05	1.96e-07	0.00e+00	0.00e+00	0.00e+00	0.00e+00	1.16e-01	2.46e-08	1.44e-08
 5.43466e+22	1.22e-01	8.47e-01	3.09e-02	1.98e-05	1.78e-07	0.00e+00	0.00e+00	0.00e+00	0.00e+00	1.22e-01	2.59e-08	1.52e-08
 5.44165e+22	1.27e-01	8.44e-01	2.90e-02	1.76e-05	1.63e-07	0.00e+00	0.00e+00	0.00e+00	0.00e+00	1.27e-01	2.72e-08	1.60e-08
 5.44855e+22	1.33e-01	8.40e-01	2.70e-02	1.55e-05	1.48e-07	0.00e+00	0.00e+00	0.00e+00	0.00e+00	1.33e-01	2.87e-08	1.68e-08
 5.45537e+22	1.38e-01	8.37e-01	2.53e-02	1.37e-05	1.35e-07	0.00e+00	0.00e+00	0.00e+00	0.00e+00	1.38e-01	3.01e-08	1.77e-08
 5.46206e+22	1.45e-01	8.32e-01	2.35e-02	1.20e-05	0.00e+00	0.00e+00	0.00e+00	0.00e+00	0.00e+00	1.45e-01	3.17e-08	1.87e-08
 5.46861e+22	1.51e-01	8.27e-01	2.19e-02	1.06e-05	0.00e+00	0.00e+00	0.00e+00	0.00e+00	0.00e+00	1.51e-01	3.33e-08	1.96e-08
 5.47493e+22	1.58e-01	8.22e-01	2.04e-02	9.40e-06	0.00e+00	0.00e+00	0.00e+00	0.00e+00	0.00e+00	1.58e-01	3.49e-08	2.06e-08
 5.48125e+22	1.64e-01	8.17e-01	1.90e-02	8.31e-06	0.00e+00	0.00e+00	0.00e+00	0.00e+00	0.00e+00	1.64e-01	3.66e-08	2.16e-08
 5.48768e+22	1.72e-01	8.10e-01	1.76e-02	7.27e-06	0.00e+00	0.00e+00	0.00e+00	0.00e+00	0.00e+00	1.72e-01	3.85e-08	2.28e-08
 5.49405e+22	1.80e-01	8.04e-01	1.64e-02	6.39e-06	0.00e+00	0.00e+00	0.00e+00	0.00e+00	0.00e+00	1.80e-01	4.05e-08	2.39e-08
 5.50012e+22	1.88e-01	7.97e-01	1.51e-02	5.60e-06	0.00e+00	0.00e+00	0.00e+00	0.00e+00	0.00e+00	1.88e-01	4.25e-08	2.52e-08
 5.50589e+22	1.96e-01	7.90e-01	1.41e-02	4.97e-06	0.00e+00	0.00e+00	0.00e+00	0.00e+00	0.00e+00	1.96e-01	4.44e-08	2.63e-08
 5.51167e+22	2.05e-01	7.82e-01	1.30e-02	4.36e-06	0.00e+00	0.00e+00	0.00e+00	0.00e+00	0.00e+00	2.05e-01	4.66e-08	2.76e-08
 5.51751e+22	2.14e-01	7.74e-01	1.21e-02	3.84e-06	0.00e+00	0.00e+00	0.00e+00	0.00e+00	0.00e+00	2.14e-01	4.87e-08	2.89e-08
 5.52324e+22	2.23e-01	7.65e-01	1.11e-02	3.37e-06	0.00e+00	0.00e+00	0.00e+00	0.00e+00	0.00e+00	2.23e-01	5.10e-08	3.03e-08
 5.52894e+22	2.34e-01	7.56e-01	1.03e-02	2.95e-06	0.00e+00	0.00e+00	0.00e+00	0.00e+00	0.00e+00	2.34e-01	5.34e-08	3.18e-08
 5.53433e+22	2.44e-01	7.47e-01	9.49e-03	2.60e-06	0.00e+00	0.00e+00	0.00e+00	0.00e+00	0.00e+00	2.44e-01	5.57e-08	3.32e-08
 5.53960e+22	2.54e-01	7.37e-01	8.77e-03	2.30e-06	0.00e+00	0.00e+00	0.00e+00	0.00e+00	0.00e+00	2.54e-01	5.80e-08	3.46e-08
 5.54496e+22	2.65e-01	7.27e-01	8.07e-03	2.02e-06	0.00e+00	0.00e+00	0.00e+00	0.00e+00	0.00e+00	2.65e-01	6.05e-08	3.61e-08
 5.55035e+22	2.76e-01	7.17e-01	7.45e-03	1.79e-06	0.00e+00	0.00e+00	0.00e+00	0.00e+00	0.00e+00	2.76e-01	6.29e-08	3.76e-08
 5.55594e+22	2.89e-01	7.04e-01	6.79e-03	1.55e-06	0.00e+00	0.00e+00	0.00e+00	0.00e+00	0.00e+00	2.89e-01	6.57e-08	3.93e-08
 5.56145e+22	3.02e-01	6.92e-01	6.22e-03	1.36e-06	0.00e+00	0.00e+00	0.00e+00	0.00e+00	0.00e+00	3.02e-01	6.83e-08	4.09e-08
 5.56665e+22	3.15e-01	6.80e-01	5.70e-03	1.20e-06	0.00e+00	0.00e+00	0.00e+00	0.00e+00	0.00e+00	3.15e-01	7.10e-08	4.25e-08
 5.57173e+22	3.27e-01	6.67e-01	5.23e-03	1.06e-06	0.00e+00	0.00e+00	0.00e+00	0.00e+00	0.00e+00	3.27e-01	7.35e-08	4.40e-08
 5.57688e+22	3.41e-01	6.54e-01	4.78e-03	9.30e-07	0.00e+00	0.00e+00	0.00e+00	0.00e+00	0.00e+00	3.41e-01	7.62e-08	4.56e-08
 5.58210e+22	3.56e-01	6.40e-01	4.35e-03	8.16e-07	0.00e+00	0.00e+00	0.00e+00	0.00e+00	0.00e+00	3.56e-01	7.88e-08	4.73e-08
 5.58710e+22	3.70e-01	6.26e-01	3.98e-03	7.21e-07	0.00e+00	0.00e+00	0.00e+00	0.00e+00	0.00e+00	3.70e-01	8.13e-08	4.88e-08
 5.59206e+22	3.85e-01	6.11e-01	3.63e-03	6.37e-07	0.00e+00	0.00e+00	0.00e+00	0.00e+00	0.00e+00	3.85e-01	8.38e-08	5.03e-08
 5.59714e+22	4.00e-01	5.96e-01	3.30e-03	5.61e-07	0.00e+00	0.00e+00	0.00e+00	0.00e+00	0.00e+00	4.00e-01	8.64e-08	5.18e-08
 5.60228e+22	4.16e-01	5.81e-01	2.99e-03	4.94e-07	0.00e+00	0.00e+00	0.00e+00	0.00e+00	0.00e+00	4.16e-01	8.88e-08	5.33e-08
 5.60741e+22	4.33e-01	5.65e-01	2.71e-03	4.35e-07	0.00e+00	0.00e+00	0.00e+00	0.00e+00	0.00e+00	4.33e-01	9.12e-08	5.47e-08
 5.61252e+22	4.49e-01	5.48e-01	2.45e-03	3.83e-07	0.00e+00	0.00e+00	0.00e+00	0.00e+00	0.00e+00	4.49e-01	9.34e-08	5.60e-08
 5.61764e+22	4.66e-01	5.32e-01	2.22e-03	3.38e-07	0.00e+00	0.00e+00	0.00e+00	0.00e+00	0.00e+00	4.66e-01	9.55e-08	5.73e-08
 5.62281e+22	4.83e-01	5.15e-01	2.00e-03	2.98e-07	0.00e+00	0.00e+00	0.00e+00	0.00e+00	0.00e+00	4.83e-01	9.75e-08	5.85e-08
 5.62806e+22	5.01e-01	4.97e-01	1.80e-03	2.63e-07	0.00e+00	0.00e+00	0.00e+00	0.00e+00	0.00e+00	5.01e-01	9.94e-08	5.95e-08
 5.63340e+22	5.19e-01	4.80e-01	1.61e-03	2.32e-07	0.00e+00	0.00e+00	0.00e+00	0.00e+00	0.00e+00	5.19e-01	1.01e-07	6.05e-08
 5.63881e+22	5.37e-01	4.61e-01	1.44e-03	2.04e-07	0.00e+00	0.00e+00	0.00e+00	0.00e+00	0.00e+00	5.37e-01	1.03e-07	6.14e-08
 5.64429e+22	5.56e-01	4.43e-01	1.28e-03	1.80e-07	0.00e+00	0.00e+00	0.00e+00	0.00e+00	0.00e+00	5.56e-01	1.04e-07	6.21e-08
 5.64989e+22	5.74e-01	4.25e-01	1.14e-03	1.58e-07	0.00e+00	0.00e+00	0.00e+00	0.00e+00	0.00e+00	5.74e-01	1.05e-07	6.27e-08
 5.65560e+22	5.93e-01	4.06e-01	1.01e-03	1.39e-07	0.00e+00	0.00e+00	0.00e+00	0.00e+00	0.00e+00	5.93e-01	1.06e-07	6.31e-08
 5.66043e+22	6.08e-01	3.91e-01	9.18e-04	1.26e-07	0.00e+00	0.00e+00	0.00e+00	0.00e+00	0.00e+00	6.08e-01	1.06e-07	6.34e-08
 5.66403e+22	6.19e-01	3.80e-01	8.52e-04	0.00e+00	0.00e+00	0.00e+00	0.00e+00	0.00e+00	0.00e+00	6.19e-01	1.07e-07	6.35e-08
 5.66747e+22	6.30e-01	3.69e-01	7.91e-04	0.00e+00	0.00e+00	0.00e+00	0.00e+00	0.00e+00	0.00e+00	6.30e-01	1.07e-07	6.36e-08
 5.67126e+22	6.41e-01	3.58e-01	7.30e-04	0.00e+00	0.00e+00	0.00e+00	0.00e+00	0.00e+00	0.00e+00	6.41e-01	1.07e-07	6.36e-08
 5.67529e+22	6.54e-01	3.46e-01	6.70e-04	0.00e+00	0.00e+00	0.00e+00	0.00e+00	0.00e+00	0.00e+00	6.54e-01	1.07e-07	6.35e-08
 5.67930e+22	6.66e-01	3.34e-01	6.15e-04	0.00e+00	0.00e+00	0.00e+00	0.00e+00	0.00e+00	0.00e+00	6.66e-01	1.07e-07	6.33e-08
 5.68318e+22	6.76e-01	3.23e-01	5.67e-04	0.00e+00	0.00e+00	0.00e+00	0.00e+00	0.00e+00	0.00e+00	6.76e-01	1.07e-07	6.32e-08
 5.68714e+22	6.87e-01	3.12e-01	5.22e-04	0.00e+00	0.00e+00	0.00e+00	0.00e+00	0.00e+00	0.00e+00	6.87e-01	1.06e-07	6.29e-08
 5.69122e+22	6.99e-01	3.01e-01	4.78e-04	0.00e+00	0.00e+00	0.00e+00	0.00e+00	0.00e+00	0.00e+00	6.99e-01	1.06e-07	6.26e-08
 5.69526e+22	7.09e-01	2.90e-01	4.40e-04	0.00e+00	0.00e+00	0.00e+00	0.00e+00	0.00e+00	0.00e+00	7.09e-01	1.06e-07	6.23e-08
 5.69931e+22	7.19e-01	2.80e-01	4.04e-04	0.00e+00	0.00e+00	0.00e+00	0.00e+00	0.00e+00	0.00e+00	7.19e-01	1.05e-07	6.19e-08
 5.70348e+22	7.29e-01	2.70e-01	3.71e-04	0.00e+00	0.00e+00	0.00e+00	0.00e+00	0.00e+00	0.00e+00	7.29e-01	1.05e-07	6.15e-08
 5.70774e+22	7.39e-01	2.60e-01	3.40e-04	0.00e+00	0.00e+00	0.00e+00	0.00e+00	0.00e+00	0.00e+00	7.39e-01	1.04e-07	6.10e-08
 5.71207e+22	7.49e-01	2.51e-01	3.11e-04	0.00e+00	0.00e+00	0.00e+00	0.00e+00	0.00e+00	0.00e+00	7.49e-01	1.03e-07	6.05e-08
 5.71643e+22	7.59e-01	2.41e-01	2.84e-04	0.00e+00	0.00e+00	0.00e+00	0.00e+00	0.00e+00	0.00e+00	7.59e-01	1.03e-07	5.99e-08
 5.72079e+22	7.68e-01	2.32e-01	2.60e-04	0.00e+00	0.00e+00	0.00e+00	0.00e+00	0.00e+00	0.00e+00	7.68e-01	1.02e-07	5.94e-08
 5.72521e+22	7.76e-01	2.23e-01	2.38e-04	0.00e+00	0.00e+00	0.00e+00	0.00e+00	0.00e+00	0.00e+00	7.76e-01	1.01e-07	5.88e-08
 5.72979e+22	7.85e-01	2.15e-01	2.17e-04	0.00e+00	0.00e+00	0.00e+00	0.00e+00	0.00e+00	0.00e+00	7.85e-01	1.00e-07	5.82e-08
 5.73449e+22	7.94e-01	2.06e-01	1.98e-04	0.00e+00	0.00e+00	0.00e+00	0.00e+00	0.00e+00	0.00e+00	7.94e-01	9.93e-08	5.75e-08
 5.73925e+22	8.02e-01	1.98e-01	1.80e-04	0.00e+00	0.00e+00	0.00e+00	0.00e+00	0.00e+00	0.00e+00	8.02e-01	9.83e-08	5.68e-08
 5.74401e+22	8.10e-01	1.90e-01	1.64e-04	0.00e+00	0.00e+00	0.00e+00	0.00e+00	0.00e+00	0.00e+00	8.10e-01	9.74e-08	5.61e-08
 5.74884e+22	8.17e-01	1.82e-01	1.49e-04	0.00e+00	0.00e+00	0.00e+00	0.00e+00	0.00e+00	0.00e+00	8.17e-01	9.65e-08	5.55e-08
 5.75384e+22	8.25e-01	1.75e-01	1.36e-04	0.00e+00	0.00e+00	0.00e+00	0.00e+00	0.00e+00	0.00e+00	8.25e-01	9.55e-08	5.48e-08
 5.75897e+22	8.32e-01	1.68e-01	1.23e-04	0.00e+00	0.00e+00	0.00e+00	0.00e+00	0.00e+00	0.00e+00	8.32e-01	9.45e-08	5.40e-08
 5.76415e+22	8.39e-01	1.61e-01	1.12e-04	0.00e+00	0.00e+00	0.00e+00	0.00e+00	0.00e+00	0.00e+00	8.39e-01	9.35e-08	5.33e-08
 5.76937e+22	8.46e-01	1.54e-01	1.01e-04	0.00e+00	0.00e+00	0.00e+00	0.00e+00	0.00e+00	0.00e+00	8.46e-01	9.25e-08	5.26e-08
 5.77471e+22	8.52e-01	1.48e-01	9.17e-05	0.00e+00	0.00e+00	0.00e+00	0.00e+00	0.00e+00	0.00e+00	8.52e-01	9.15e-08	5.19e-08
 5.78020e+22	8.59e-01	1.41e-01	8.28e-05	0.00e+00	0.00e+00	0.00e+00	0.00e+00	0.00e+00	0.00e+00	8.59e-01	9.05e-08	5.11e-08
 5.78578e+22	8.65e-01	1.35e-01	7.49e-05	0.00e+00	0.00e+00	0.00e+00	0.00e+00	0.00e+00	0.00e+00	8.65e-01	8.96e-08	5.05e-08
 5.79144e+22	8.71e-01	1.29e-01	6.76e-05	0.00e+00	0.00e+00	0.00e+00	0.00e+00	0.00e+00	0.00e+00	8.71e-01	8.86e-08	4.97e-08
 5.79715e+22	8.76e-01	1.24e-01	6.10e-05	0.00e+00	0.00e+00	0.00e+00	0.00e+00	0.00e+00	0.00e+00	8.76e-01	8.76e-08	4.90e-08
 5.80291e+22	8.82e-01	1.18e-01	5.51e-05	0.00e+00	0.00e+00	0.00e+00	0.00e+00	0.00e+00	0.00e+00	8.82e-01	8.66e-08	4.83e-08
 5.80876e+22	8.87e-01	1.13e-01	4.97e-05	0.00e+00	0.00e+00	0.00e+00	0.00e+00	0.00e+00	0.00e+00	8.87e-01	8.57e-08	4.76e-08
 5.81466e+22	8.92e-01	1.08e-01	4.49e-05	0.00e+00	0.00e+00	0.00e+00	0.00e+00	0.00e+00	0.00e+00	8.92e-01	8.48e-08	4.69e-08
 5.82056e+22	8.96e-01	1.04e-01	4.06e-05	0.00e+00	0.00e+00	0.00e+00	0.00e+00	0.00e+00	0.00e+00	8.96e-01	8.40e-08	4.63e-08
 5.82641e+22	9.01e-01	9.91e-02	3.67e-05	0.00e+00	0.00e+00	0.00e+00	0.00e+00	0.00e+00	0.00e+00	9.01e-01	8.32e-08	4.57e-08
 5.83226e+22	9.05e-01	9.49e-02	3.33e-05	0.00e+00	0.00e+00	0.00e+00	0.00e+00	0.00e+00	0.00e+00	9.05e-01	8.24e-08	4.51e-08
 5.83820e+22	9.09e-01	9.08e-02	3.02e-05	0.00e+00	0.00e+00	0.00e+00	0.00e+00	0.00e+00	0.00e+00	9.09e-01	8.16e-08	4.45e-08
 5.84423e+22	9.13e-01	8.68e-02	2.73e-05	0.00e+00	0.00e+00	0.00e+00	0.00e+00	0.00e+00	0.00e+00	9.13e-01	8.09e-08	4.40e-08
 5.85022e+22	9.17e-01	8.31e-02	2.48e-05	0.00e+00	0.00e+00	0.00e+00	0.00e+00	0.00e+00	0.00e+00	9.17e-01	8.02e-08	4.34e-08
 5.85611e+22	9.20e-01	7.96e-02	2.26e-05	0.00e+00	0.00e+00	0.00e+00	0.00e+00	0.00e+00	0.00e+00	9.20e-01	7.95e-08	4.29e-08
 5.86199e+22	9.24e-01	7.62e-02	2.06e-05	0.00e+00	0.00e+00	0.00e+00	0.00e+00	0.00e+00	0.00e+00	9.24e-01	7.88e-08	4.24e-08
 5.86791e+22	9.27e-01	7.29e-02	1.88e-05	0.00e+00	0.00e+00	0.00e+00	0.00e+00	0.00e+00	0.00e+00	9.27e-01	7.81e-08	4.19e-08
 5.87381e+22	9.30e-01	6.98e-02	1.72e-05	0.00e+00	0.00e+00	0.00e+00	0.00e+00	0.00e+00	0.00e+00	9.30e-01	7.74e-08	4.14e-08
 5.87967e+22	9.33e-01	6.69e-02	1.57e-05	0.00e+00	0.00e+00	0.00e+00	0.00e+00	0.00e+00	0.00e+00	9.33e-01	7.67e-08	4.09e-08
 5.88547e+22	9.36e-01	6.41e-02	1.44e-05	0.00e+00	0.00e+00	0.00e+00	0.00e+00	0.00e+00	0.00e+00	9.36e-01	7.61e-08	4.05e-08
 5.89123e+22	9.39e-01	6.14e-02	1.33e-05	0.00e+00	0.00e+00	0.00e+00	0.00e+00	0.00e+00	0.00e+00	9.39e-01	7.55e-08	4.00e-08
 5.89684e+22	9.41e-01	5.89e-02	1.23e-05	0.00e+00	0.00e+00	0.00e+00	0.00e+00	0.00e+00	0.00e+00	9.41e-01	7.49e-08	3.96e-08
 5.90213e+22	9.43e-01	5.67e-02	1.14e-05	0.00e+00	0.00e+00	0.00e+00	0.00e+00	0.00e+00	0.00e+00	9.43e-01	7.44e-08	3.92e-08
 5.90710e+22	9.45e-01	5.46e-02	1.07e-05	0.00e+00	0.00e+00	0.00e+00	0.00e+00	0.00e+00	0.00e+00	9.45e-01	7.40e-08	3.89e-08
 5.91180e+22	9.47e-01	5.28e-02	1.00e-05	0.00e+00	0.00e+00	0.00e+00	0.00e+00	0.00e+00	0.00e+00	9.47e-01	7.35e-08	3.86e-08
 5.91627e+22	9.49e-01	5.11e-02	9.44e-06	0.00e+00	0.00e+00	0.00e+00	0.00e+00	0.00e+00	0.00e+00	9.49e-01	7.31e-08	3.83e-08
 5.92053e+22	9.50e-01	4.95e-02	8.94e-06	0.00e+00	0.00e+00	0.00e+00	0.00e+00	0.00e+00	0.00e+00	9.50e-01	7.27e-08	3.80e-08
 5.92460e+22	9.52e-01	4.80e-02	8.48e-06	0.00e+00	0.00e+00	0.00e+00	0.00e+00	0.00e+00	0.00e+00	9.52e-01	7.24e-08	3.77e-08
 5.92841e+22	9.53e-01	4.66e-02	8.08e-06	0.00e+00	0.00e+00	0.00e+00	0.00e+00	0.00e+00	0.00e+00	9.53e-01	7.20e-08	3.75e-08
 5.93197e+22	9.55e-01	4.54e-02	7.74e-06	0.00e+00	0.00e+00	0.00e+00	0.00e+00	0.00e+00	0.00e+00	9.55e-01	7.17e-08	3.72e-08
 5.93546e+22	9.56e-01	4.42e-02	7.41e-06	0.00e+00	0.00e+00	0.00e+00	0.00e+00	0.00e+00	0.00e+00	9.56e-01	7.14e-08	3.70e-08
 5.93891e+22	9.57e-01	4.30e-02	7.10e-06	0.00e+00	0.00e+00	0.00e+00	0.00e+00	0.00e+00	0.00e+00	9.57e-01	7.11e-08	3.68e-08
 5.94222e+22	9.58e-01	4.18e-02	6.82e-06	0.00e+00	0.00e+00	0.00e+00	0.00e+00	0.00e+00	0.00e+00	9.58e-01	7.08e-08	3.66e-08
 5.94530e+22	9.59e-01	4.08e-02	6.57e-06	0.00e+00	0.00e+00	0.00e+00	0.00e+00	0.00e+00	0.00e+00	9.59e-01	7.05e-08	3.64e-08
 5.94810e+22	9.60e-01	3.99e-02	6.35e-06	0.00e+00	0.00e+00	0.00e+00	0.00e+00	0.00e+00	0.00e+00	9.60e-01	7.02e-08	3.62e-08
 5.95065e+22	9.61e-01	3.91e-02	6.17e-06	0.00e+00	0.00e+00	0.00e+00	0.00e+00	0.00e+00	0.00e+00	9.61e-01	7.00e-08	3.60e-08
 5.95297e+22	9.62e-01	3.84e-02	6.00e-06	0.00e+00	0.00e+00	0.00e+00	0.00e+00	0.00e+00	0.00e+00	9.62e-01	6.97e-08	3.58e-08
 5.95508e+22	9.62e-01	3.77e-02	5.85e-06	0.00e+00	0.00e+00	0.00e+00	0.00e+00	0.00e+00	0.00e+00	9.62e-01	6.95e-08	3.57e-08
 5.95700e+22	9.63e-01	3.71e-02	5.72e-06	0.00e+00	0.00e+00	0.00e+00	0.00e+00	0.00e+00	0.00e+00	9.63e-01	6.93e-08	3.55e-08
 5.95875e+22	9.63e-01	3.66e-02	5.61e-06	0.00e+00	0.00e+00	0.00e+00	0.00e+00	0.00e+00	0.00e+00	9.63e-01	6.92e-08	3.54e-08
 5.96067e+22	9.64e-01	3.60e-02	5.47e-06	0.00e+00	0.00e+00	0.00e+00	0.00e+00	0.00e+00	0.00e+00	9.64e-01	6.88e-08	3.53e-08
 5.96273e+22	9.65e-01	3.53e-02	5.34e-06	0.00e+00	0.00e+00	0.00e+00	0.00e+00	0.00e+00	0.00e+00	9.65e-01	6.84e-08	3.51e-08
 5.96462e+22	9.65e-01	3.48e-02	5.22e-06	0.00e+00	0.00e+00	0.00e+00	0.00e+00	0.00e+00	0.00e+00	9.65e-01	6.81e-08	3.50e-08
 5.96633e+22	9.66e-01	3.43e-02	5.11e-06	0.00e+00	0.00e+00	0.00e+00	0.00e+00	0.00e+00	0.00e+00	9.66e-01	6.78e-08	3.48e-08
 5.96789e+22	9.66e-01	3.38e-02	5.02e-06	0.00e+00	0.00e+00	0.00e+00	0.00e+00	0.00e+00	0.00e+00	9.66e-01	6.75e-08	3.47e-08
 5.96959e+22	9.67e-01	3.33e-02	4.91e-06	0.00e+00	0.00e+00	0.00e+00	0.00e+00	0.00e+00	0.00e+00	9.67e-01	6.72e-08	3.46e-08
 5.97144e+22	9.67e-01	3.28e-02	4.80e-06	0.00e+00	0.00e+00	0.00e+00	0.00e+00	0.00e+00	0.00e+00	9.67e-01	6.68e-08	3.45e-08
 5.97312e+22	9.68e-01	3.23e-02	4.70e-06	0.00e+00	0.00e+00	0.00e+00	0.00e+00	0.00e+00	0.00e+00	9.68e-01	6.66e-08	3.43e-08
 5.97464e+22	9.68e-01	3.18e-02	4.62e-06	0.00e+00	0.00e+00	0.00e+00	0.00e+00	0.00e+00	0.00e+00	9.68e-01	6.63e-08	3.42e-08
 5.97632e+22	9.69e-01	3.13e-02	4.51e-06	0.00e+00	0.00e+00	0.00e+00	0.00e+00	0.00e+00	0.00e+00	9.69e-01	6.60e-08	3.41e-08
 5.97812e+22	9.69e-01	3.09e-02	4.42e-06	0.00e+00	0.00e+00	0.00e+00	0.00e+00	0.00e+00	0.00e+00	9.69e-01	6.58e-08	3.40e-08
 5.97977e+22	9.70e-01	3.04e-02	4.33e-06	0.00e+00	0.00e+00	0.00e+00	0.00e+00	0.00e+00	0.00e+00	9.70e-01	6.55e-08	3.39e-08
 5.98126e+22	9.70e-01	3.01e-02	4.26e-06	0.00e+00	0.00e+00	0.00e+00	0.00e+00	0.00e+00	0.00e+00	9.70e-01	6.54e-08	3.38e-08
 5.98290e+22	9.70e-01	2.97e-02	4.17e-06	0.00e+00	0.00e+00	0.00e+00	0.00e+00	0.00e+00	0.00e+00	9.70e-01	6.52e-08	3.37e-08
 5.98467e+22	9.71e-01	2.93e-02	4.08e-06	0.00e+00	0.00e+00	0.00e+00	0.00e+00	0.00e+00	0.00e+00	9.71e-01	6.50e-08	3.37e-08
 5.98661e+22	9.71e-01	2.88e-02	3.98e-06	0.00e+00	0.00e+00	0.00e+00	0.00e+00	0.00e+00	0.00e+00	9.71e-01	6.48e-08	3.35e-08
 5.98870e+22	9.72e-01	2.84e-02	3.89e-06	0.00e+00	0.00e+00	0.00e+00	0.00e+00	0.00e+00	0.00e+00	9.72e-01	6.47e-08	3.35e-08
 5.99100e+22	9.72e-01	2.78e-02	3.77e-06	0.00e+00	0.00e+00	0.00e+00	0.00e+00	0.00e+00	0.00e+00	9.72e-01	6.44e-08	3.33e-08
 5.99347e+22	9.73e-01	2.72e-02	3.65e-06	0.00e+00	0.00e+00	0.00e+00	0.00e+00	0.00e+00	0.00e+00	9.73e-01	6.41e-08	3.32e-08
 5.99572e+22	9.73e-01	2.67e-02	3.56e-06	0.00e+00	0.00e+00	0.00e+00	0.00e+00	0.00e+00	0.00e+00	9.73e-01	6.39e-08	3.31e-08
 5.99778e+22	9.74e-01	2.63e-02	3.47e-06	0.00e+00	0.00e+00	0.00e+00	0.00e+00	0.00e+00	0.00e+00	9.74e-01	6.37e-08	3.30e-08
 5.99964e+22	9.74e-01	2.59e-02	3.40e-06	0.00e+00	0.00e+00	0.00e+00	0.00e+00	0.00e+00	0.00e+00	9.74e-01	6.35e-08	3.29e-08
 6.00169e+22	9.75e-01	2.55e-02	3.31e-06	0.00e+00	0.00e+00	0.00e+00	0.00e+00	0.00e+00	0.00e+00	9.75e-01	6.33e-08	3.28e-08
 6.00389e+22	9.75e-01	2.51e-02	3.23e-06	0.00e+00	0.00e+00	0.00e+00	0.00e+00	0.00e+00	0.00e+00	9.75e-01	6.31e-08	3.26e-08
 6.00590e+22	9.75e-01	2.46e-02	3.14e-06	0.00e+00	0.00e+00	0.00e+00	0.00e+00	0.00e+00	0.00e+00	9.75e-01	6.29e-08	3.25e-08
 6.00773e+22	9.76e-01	2.43e-02	3.07e-06	0.00e+00	0.00e+00	0.00e+00	0.00e+00	0.00e+00	0.00e+00	9.76e-01	6.27e-08	3.24e-08
 6.00973e+22	9.76e-01	2.38e-02	2.99e-06	0.00e+00	0.00e+00	0.00e+00	0.00e+00	0.00e+00	0.00e+00	9.76e-01	6.24e-08	3.23e-08
 6.01190e+22	9.77e-01	2.34e-02	2.90e-06	0.00e+00	0.00e+00	0.00e+00	0.00e+00	0.00e+00	0.00e+00	9.77e-01	6.22e-08	3.21e-08
 6.01386e+22	9.77e-01	2.30e-02	2.83e-06	0.00e+00	0.00e+00	0.00e+00	0.00e+00	0.00e+00	0.00e+00	9.77e-01	6.20e-08	3.20e-08
 6.01565e+22	9.77e-01	2.27e-02	2.77e-06	0.00e+00	0.00e+00	0.00e+00	0.00e+00	0.00e+00	0.00e+00	9.77e-01	6.18e-08	3.19e-08
 6.01728e+22	9.78e-01	2.24e-02	2.72e-06	0.00e+00	0.00e+00	0.00e+00	0.00e+00	0.00e+00	0.00e+00	9.78e-01	6.16e-08	3.17e-08
 6.01907e+22	9.78e-01	2.20e-02	2.65e-06	0.00e+00	0.00e+00	0.00e+00	0.00e+00	0.00e+00	0.00e+00	9.78e-01	6.14e-08	3.16e-08
 6.02100e+22	9.78e-01	2.17e-02	2.59e-06	0.00e+00	0.00e+00	0.00e+00	0.00e+00	0.00e+00	0.00e+00	9.78e-01	6.12e-08	3.15e-08
 6.02275e+22	9.79e-01	2.14e-02	2.54e-06	0.00e+00	0.00e+00	0.00e+00	0.00e+00	0.00e+00	0.00e+00	9.79e-01	6.10e-08	3.13e-08
 6.02435e+22	9.79e-01	2.10e-02	2.48e-06	0.00e+00	0.00e+00	0.00e+00	0.00e+00	0.00e+00	0.00e+00	9.79e-01	6.07e-08	3.12e-08
 6.02580e+22	9.79e-01	2.08e-02	2.45e-06	0.00e+00	0.00e+00	0.00e+00	0.00e+00	0.00e+00	0.00e+00	9.79e-01	6.06e-08	3.11e-08
 6.02739e+22	9.79e-01	2.06e-02	2.40e-06	0.00e+00	0.00e+00	0.00e+00	0.00e+00	0.00e+00	0.00e+00	9.79e-01	6.04e-08	3.10e-08
 6.02911e+22	9.80e-01	2.03e-02	2.35e-06	0.00e+00	0.00e+00	0.00e+00	0.00e+00	0.00e+00	0.00e+00	9.80e-01	6.03e-08	3.09e-08
 6.03100e+22	9.80e-01	2.00e-02	2.30e-06	0.00e+00	0.00e+00	0.00e+00	0.00e+00	0.00e+00	0.00e+00	9.80e-01	6.01e-08	3.07e-08
 6.03303e+22	9.80e-01	1.96e-02	2.24e-06	0.00e+00	0.00e+00	0.00e+00	0.00e+00	0.00e+00	0.00e+00	9.80e-01	5.98e-08	3.06e-08
 6.03488e+22	9.81e-01	1.94e-02	2.20e-06	0.00e+00	0.00e+00	0.00e+00	0.00e+00	0.00e+00	0.00e+00	9.81e-01	5.97e-08	3.05e-08
 6.03691e+22	9.81e-01	1.90e-02	2.15e-06	0.00e+00	0.00e+00	0.00e+00	0.00e+00	0.00e+00	0.00e+00	9.81e-01	5.94e-08	3.03e-08
 6.03909e+22	9.81e-01	1.87e-02	2.10e-06	0.00e+00	0.00e+00	0.00e+00	0.00e+00	0.00e+00	0.00e+00	9.81e-01	5.91e-08	3.01e-08
 6.04109e+22	9.82e-01	1.83e-02	2.05e-06	0.00e+00	0.00e+00	0.00e+00	0.00e+00	0.00e+00	0.00e+00	9.82e-01	5.83e-08	2.97e-08
 6.04290e+22	9.82e-01	1.81e-02	2.02e-06	0.00e+00	0.00e+00	0.00e+00	0.00e+00	0.00e+00	0.00e+00	9.82e-01	5.80e-08	2.96e-08
 6.04488e+22	9.82e-01	1.79e-02	1.97e-06	0.00e+00	0.00e+00	0.00e+00	0.00e+00	0.00e+00	0.00e+00	9.82e-01	5.75e-08	2.93e-08
 6.04747e+22	9.82e-01	1.75e-02	1.92e-06	0.00e+00	0.00e+00	0.00e+00	0.00e+00	0.00e+00	0.00e+00	9.82e-01	5.68e-08	2.90e-08
 6.05025e+22	9.83e-01	1.72e-02	1.87e-06	0.00e+00	0.00e+00	0.00e+00	0.00e+00	0.00e+00	0.00e+00	9.83e-01	5.61e-08	2.87e-08
 6.05279e+22	9.83e-01	1.69e-02	1.82e-06	0.00e+00	0.00e+00	0.00e+00	0.00e+00	0.00e+00	0.00e+00	9.83e-01	5.54e-08	2.83e-08
 6.05510e+22	9.83e-01	1.66e-02	1.78e-06	0.00e+00	0.00e+00	0.00e+00	0.00e+00	0.00e+00	0.00e+00	9.83e-01	5.49e-08	2.79e-08
 6.05720e+22	9.84e-01	1.63e-02	1.75e-06	0.00e+00	0.00e+00	0.00e+00	0.00e+00	0.00e+00	0.00e+00	9.84e-01	5.42e-08	2.75e-08
 6.05911e+22	9.84e-01	1.62e-02	1.72e-06	0.00e+00	0.00e+00	0.00e+00	0.00e+00	0.00e+00	0.00e+00	9.84e-01	5.39e-08	2.73e-08
 6.06121e+22	9.84e-01	1.59e-02	1.69e-06	0.00e+00	0.00e+00	0.00e+00	0.00e+00	0.00e+00	0.00e+00	9.84e-01	5.34e-08	2.70e-08
 6.06347e+22	9.84e-01	1.57e-02	1.65e-06	0.00e+00	0.00e+00	0.00e+00	0.00e+00	0.00e+00	0.00e+00	9.84e-01	5.29e-08	2.67e-08
 6.06552e+22	9.85e-01	1.55e-02	1.62e-06	0.00e+00	0.00e+00	0.00e+00	0.00e+00	0.00e+00	0.00e+00	9.85e-01	5.25e-08	2.64e-08
 6.06778e+22	9.85e-01	1.52e-02	1.59e-06	0.00e+00	0.00e+00	0.00e+00	0.00e+00	0.00e+00	0.00e+00	9.85e-01	5.19e-08	2.61e-08
 6.07021e+22	9.85e-01	1.50e-02	1.56e-06	0.00e+00	0.00e+00	0.00e+00	0.00e+00	0.00e+00	0.00e+00	9.85e-01	5.14e-08	2.58e-08
 6.07288e+22	9.85e-01	1.47e-02	1.52e-06	0.00e+00	0.00e+00	0.00e+00	0.00e+00	0.00e+00	0.00e+00	9.85e-01	5.07e-08	2.54e-08
 6.07576e+22	9.86e-01	1.44e-02	1.48e-06	0.00e+00	0.00e+00	0.00e+00	0.00e+00	0.00e+00	0.00e+00	9.86e-01	5.01e-08	2.50e-08
 6.07838e+22	9.86e-01	1.41e-02	1.45e-06	0.00e+00	0.00e+00	0.00e+00	0.00e+00	0.00e+00	0.00e+00	9.86e-01	4.97e-08	2.47e-08
 6.08077e+22	9.86e-01	1.39e-02	1.42e-06	0.00e+00	0.00e+00	0.00e+00	0.00e+00	0.00e+00	0.00e+00	9.86e-01	4.89e-08	2.43e-08
 6.08294e+22	9.86e-01	1.38e-02	1.40e-06	0.00e+00	0.00e+00	0.00e+00	0.00e+00	0.00e+00	0.00e+00	9.86e-01	4.86e-08	2.41e-08
 6.08531e+22	9.86e-01	1.35e-02	1.37e-06	0.00e+00	0.00e+00	0.00e+00	0.00e+00	0.00e+00	0.00e+00	9.86e-01	4.80e-08	2.38e-08
 6.08841e+22	9.87e-01	1.32e-02	1.34e-06	0.00e+00	0.00e+00	0.00e+00	0.00e+00	0.00e+00	0.00e+00	9.87e-01	4.72e-08	2.33e-08
 6.09174e+22	9.87e-01	1.30e-02	1.30e-06	0.00e+00	0.00e+00	0.00e+00	0.00e+00	0.00e+00	0.00e+00	9.87e-01	4.66e-08	2.29e-08
 6.09478e+22	9.87e-01	1.27e-02	1.27e-06	0.00e+00	0.00e+00	0.00e+00	0.00e+00	0.00e+00	0.00e+00	9.87e-01	4.59e-08	2.25e-08
 6.09754e+22	9.88e-01	1.25e-02	1.25e-06	0.00e+00	0.00e+00	0.00e+00	0.00e+00	0.00e+00	0.00e+00	9.88e-01	4.53e-08	2.22e-08
 6.10057e+22	9.88e-01	1.22e-02	1.22e-06	0.00e+00	0.00e+00	0.00e+00	0.00e+00	0.00e+00	0.00e+00	9.88e-01	4.46e-08	2.18e-08
 6.10384e+22	9.88e-01	1.20e-02	1.19e-06	0.00e+00	0.00e+00	0.00e+00	0.00e+00	0.00e+00	0.00e+00	9.88e-01	4.39e-08	2.13e-08
 6.10682e+22	9.88e-01	1.18e-02	1.17e-06	0.00e+00	0.00e+00	0.00e+00	0.00e+00	0.00e+00	0.00e+00	9.88e-01	4.33e-08	2.10e-08
 6.10953e+22	9.88e-01	1.16e-02	1.14e-06	0.00e+00	0.00e+00	0.00e+00	0.00e+00	0.00e+00	0.00e+00	9.88e-01	4.25e-08	2.05e-08
 6.11199e+22	9.89e-01	1.14e-02	1.13e-06	0.00e+00	0.00e+00	0.00e+00	0.00e+00	0.00e+00	0.00e+00	9.89e-01	4.22e-08	2.03e-08
 6.11469e+22	9.89e-01	1.12e-02	1.11e-06	0.00e+00	0.00e+00	0.00e+00	0.00e+00	0.00e+00	0.00e+00	9.89e-01	4.16e-08	2.00e-08
 6.11760e+22	9.89e-01	1.10e-02	1.09e-06	0.00e+00	0.00e+00	0.00e+00	0.00e+00	0.00e+00	0.00e+00	9.89e-01	4.10e-08	1.96e-08
 6.12026e+22	9.89e-01	1.09e-02	1.07e-06	0.00e+00	0.00e+00	0.00e+00	0.00e+00	0.00e+00	0.00e+00	9.89e-01	4.06e-08	1.94e-08
 6.12316e+22	9.89e-01	1.07e-02	1.05e-06	0.00e+00	0.00e+00	0.00e+00	0.00e+00	0.00e+00	0.00e+00	9.89e-01	4.00e-08	1.90e-08
 6.12630e+22	9.90e-01	1.05e-02	1.03e-06	0.00e+00	0.00e+00	0.00e+00	0.00e+00	0.00e+00	0.00e+00	9.90e-01	3.94e-08	1.87e-08
 6.12916e+22	9.90e-01	1.03e-02	1.01e-06	0.00e+00	0.00e+00	0.00e+00	0.00e+00	0.00e+00	0.00e+00	9.90e-01	3.90e-08	1.85e-08
 6.13228e+22	9.90e-01	1.01e-02	9.90e-07	0.00e+00	0.00e+00	0.00e+00	0.00e+00	0.00e+00	0.00e+00	9.90e-01	3.84e-08	1.81e-08
 6.13566e+22	9.90e-01	9.93e-03	9.70e-07	0.00e+00	0.00e+00	0.00e+00	0.00e+00	0.00e+00	0.00e+00	9.90e-01	3.78e-08	1.78e-08
 6.13874e+22	9.90e-01	9.78e-03	9.55e-07	0.00e+00	0.00e+00	0.00e+00	0.00e+00	0.00e+00	0.00e+00	9.90e-01	3.75e-08	1.76e-08
 6.14210e+22	9.90e-01	9.58e-03	9.34e-07	0.00e+00	0.00e+00	0.00e+00	0.00e+00	0.00e+00	0.00e+00	9.90e-01	3.68e-08	1.72e-08
 6.14574e+22	9.91e-01	9.38e-03	9.15e-07	0.00e+00	0.00e+00	0.00e+00	0.00e+00	0.00e+00	0.00e+00	9.91e-01	3.62e-08	1.69e-08
 6.14905e+22	9.91e-01	9.23e-03	9.00e-07	0.00e+00	0.00e+00	0.00e+00	0.00e+00	0.00e+00	0.00e+00	9.91e-01	3.58e-08	1.66e-08
 6.15268e+22	9.91e-01	9.02e-03	8.81e-07	0.00e+00	0.00e+00	0.00e+00	0.00e+00	0.00e+00	0.00e+00	9.91e-01	3.52e-08	1.62e-08
 6.15659e+22	9.91e-01	8.82e-03	8.62e-07	0.00e+00	0.00e+00	0.00e+00	0.00e+00	0.00e+00	0.00e+00	9.91e-01	3.46e-08	1.58e-08
 6.16015e+22	9.91e-01	8.67e-03	8.47e-07	0.00e+00	0.00e+00	0.00e+00	0.00e+00	0.00e+00	0.00e+00	9.91e-01	3.42e-08	1.55e-08
 6.16406e+22	9.92e-01	8.48e-03	8.29e-07	0.00e+00	0.00e+00	0.00e+00	0.00e+00	0.00e+00	0.00e+00	9.92e-01	3.35e-08	1.52e-08
 6.16827e+22	9.92e-01	8.28e-03	8.12e-07	0.00e+00	0.00e+00	0.00e+00	0.00e+00	0.00e+00	0.00e+00	9.92e-01	3.29e-08	1.48e-08
 6.17211e+22	9.92e-01	8.13e-03	7.98e-07	0.00e+00	0.00e+00	0.00e+00	0.00e+00	0.00e+00	0.00e+00	9.92e-01	3.24e-08	1.45e-08
 6.17631e+22	9.92e-01	7.94e-03	7.80e-07	0.00e+00	0.00e+00	0.00e+00	0.00e+00	0.00e+00	0.00e+00	9.92e-01	3.17e-08	1.42e-08
 6.18085e+22	9.92e-01	7.75e-03	7.64e-07	0.00e+00	0.00e+00	0.00e+00	0.00e+00	0.00e+00	0.00e+00	9.92e-01	3.12e-08	1.38e-08
 6.18497e+22	9.92e-01	7.58e-03	7.50e-07	0.00e+00	0.00e+00	0.00e+00	0.00e+00	0.00e+00	0.00e+00	9.92e-01	3.06e-08	1.35e-08
 6.18873e+22	9.93e-01	7.46e-03	7.38e-07	0.00e+00	0.00e+00	0.00e+00	0.00e+00	0.00e+00	0.00e+00	9.93e-01	3.01e-08	1.33e-08
 6.19285e+22	9.93e-01	7.29e-03	7.23e-07	0.00e+00	0.00e+00	0.00e+00	0.00e+00	0.00e+00	0.00e+00	9.93e-01	2.96e-08	1.29e-08
 6.19729e+22	9.93e-01	7.10e-03	7.08e-07	0.00e+00	0.00e+00	0.00e+00	0.00e+00	0.00e+00	0.00e+00	9.93e-01	2.89e-08	1.26e-08
 6.20134e+22	9.93e-01	6.98e-03	6.97e-07	0.00e+00	0.00e+00	0.00e+00	0.00e+00	0.00e+00	0.00e+00	9.93e-01	2.85e-08	1.24e-08
 6.20577e+22	9.93e-01	6.83e-03	6.84e-07	0.00e+00	0.00e+00	0.00e+00	0.00e+00	0.00e+00	0.00e+00	9.93e-01	2.80e-08	1.21e-08
 6.21055e+22	9.93e-01	6.64e-03	6.69e-07	0.00e+00	0.00e+00	0.00e+00	0.00e+00	0.00e+00	0.00e+00	9.93e-01	2.73e-08	1.17e-08
 6.21491e+22	9.93e-01	6.52e-03	6.59e-07	0.00e+00	0.00e+00	0.00e+00	0.00e+00	0.00e+00	0.00e+00	9.93e-01	2.69e-08	1.15e-08
 6.21968e+22	9.94e-01	6.36e-03	6.45e-07	0.00e+00	0.00e+00	0.00e+00	0.00e+00	0.00e+00	0.00e+00	9.94e-01	2.64e-08	1.12e-08
 6.22483e+22	9.94e-01	6.20e-03	6.32e-07	0.00e+00	0.00e+00	0.00e+00	0.00e+00	0.00e+00	0.00e+00	9.94e-01	2.59e-08	1.09e-08
 6.22952e+22	9.94e-01	6.06e-03	6.21e-07	0.00e+00	0.00e+00	0.00e+00	0.00e+00	0.00e+00	0.00e+00	9.94e-01	2.54e-08	1.06e-08
 6.23378e+22	9.94e-01	5.95e-03	6.12e-07	0.00e+00	0.00e+00	0.00e+00	0.00e+00	0.00e+00	0.00e+00	9.94e-01	2.50e-08	1.04e-08
 6.23845e+22	9.94e-01	5.81e-03	6.00e-07	0.00e+00	0.00e+00	0.00e+00	0.00e+00	0.00e+00	0.00e+00	9.94e-01	2.45e-08	1.01e-08
 6.24350e+22	9.94e-01	5.64e-03	5.89e-07	0.00e+00	0.00e+00	0.00e+00	0.00e+00	0.00e+00	0.00e+00	9.94e-01	2.39e-08	9.79e-09
 6.24809e+22	9.94e-01	5.54e-03	5.80e-07	0.00e+00	0.00e+00	0.00e+00	0.00e+00	0.00e+00	0.00e+00	9.94e-01	2.36e-08	9.60e-09
