#depth	Ne	Ne+	Ne+2	Ne+3	Ne+4	Ne+5	Ne+6	Ne+7	Ne+8	Ne+9	Ne+10
 1.54284e+22	0.00e+00	4.22e-28	6.20e-23	1.27e-18	5.88e-15	6.69e-12	2.99e-09	8.15e-07	7.20e-04	5.21e-02	9.47e-01
 3.61331e+22	6.05e-33	9.52e-27	9.84e-22	1.42e-17	4.70e-14	3.80e-11	1.19e-08	2.27e-06	1.42e-03	7.24e-02	9.26e-01
 4.49398e+22	7.36e-32	8.91e-26	7.12e-21	8.02e-17	2.07e-13	1.31e-10	3.16e-08	4.67e-06	2.28e-03	9.08e-02	9.07e-01
 5.05283e+22	3.43e-31	3.54e-25	2.41e-20	2.33e-16	5.16e-13	2.79e-10	5.75e-08	7.22e-06	3.04e-03	1.04e-01	8.93e-01
 5.31010e+22	5.24e-31	5.16e-25	3.37e-20	3.12e-16	6.63e-13	3.43e-10	6.77e-08	8.13e-06	3.28e-03	1.08e-01	8.89e-01
 5.40259e+22	6.98e-31	6.67e-25	4.23e-20	3.80e-16	7.86e-13	3.96e-10	7.56e-08	8.82e-06	3.46e-03	1.10e-01	8.86e-01
 5.49699e+22	1.06e-30	9.68e-25	5.88e-20	5.06e-16	1.00e-12	4.85e-10	8.87e-08	9.91e-06	3.73e-03	1.14e-01	8.82e-01
 5.59407e+22	1.49e-30	1.31e-24	7.69e-20	6.40e-16	1.23e-12	5.74e-10	1.01e-07	1.09e-05	3.97e-03	1.18e-01	8.78e-01
 5.69464e+22	2.27e-30	1.92e-24	1.07e-19	8.57e-16	1.58e-12	7.06e-10	1.19e-07	1.23e-05	4.29e-03	1.22e-01	8.74e-01
 5.79800e+22	3.34e-30	2.71e-24	1.46e-19	1.12e-15	1.98e-12	8.54e-10	1.38e-07	1.37e-05	4.60e-03	1.26e-01	8.69e-01
 5.88778e+22	4.75e-30	3.71e-24	1.93e-19	1.43e-15	2.44e-12	1.02e-09	1.58e-07	1.51e-05	4.90e-03	1.30e-01	8.65e-01
 5.98725e+22	7.42e-30	5.53e-24	2.74e-19	1.94e-15	3.18e-12	1.26e-09	1.88e-07	1.71e-05	5.30e-03	1.35e-01	8.60e-01
 6.08746e+22	1.06e-29	7.58e-24	3.62e-19	2.47e-15	3.91e-12	1.50e-09	2.15e-07	1.88e-05	5.65e-03	1.38e-01	8.56e-01
 6.18862e+22	1.66e-29	1.14e-23	5.18e-19	3.38e-15	5.11e-12	1.87e-09	2.55e-07	2.13e-05	6.12e-03	1.44e-01	8.50e-01
 6.29148e+22	2.39e-29	1.57e-23	6.91e-19	4.34e-15	6.34e-12	2.24e-09	2.94e-07	2.36e-05	6.53e-03	1.48e-01	8.45e-01
 6.39658e+22	3.89e-29	2.44e-23	1.02e-18	6.08e-15	8.46e-12	2.85e-09	3.54e-07	2.70e-05	7.12e-03	1.54e-01	8.39e-01
 6.50242e+22	5.78e-29	3.47e-23	1.39e-18	7.99e-15	1.07e-11	3.46e-09	4.11e-07	3.01e-05	7.62e-03	1.59e-01	8.34e-01
 6.58983e+22	8.16e-29	4.73e-23	1.83e-18	1.01e-14	1.31e-11	4.09e-09	4.69e-07	3.30e-05	8.10e-03	1.63e-01	8.29e-01
 6.68407e+22	1.26e-28	6.99e-23	2.58e-18	1.37e-14	1.70e-11	5.07e-09	5.54e-07	3.72e-05	8.74e-03	1.69e-01	8.23e-01
 6.78037e+22	1.85e-28	9.82e-23	3.48e-18	1.78e-14	2.12e-11	6.10e-09	6.39e-07	4.13e-05	9.32e-03	1.74e-01	8.17e-01
 6.85853e+22	2.51e-28	1.29e-22	4.44e-18	2.20e-14	2.54e-11	7.09e-09	7.19e-07	4.49e-05	9.83e-03	1.78e-01	8.12e-01
 6.93931e+22	3.70e-28	1.83e-22	6.02e-18	2.87e-14	3.19e-11	8.55e-09	8.31e-07	4.98e-05	1.05e-02	1.83e-01	8.06e-01
 7.01677e+22	4.94e-28	2.37e-22	7.58e-18	3.50e-14	3.79e-11	9.85e-09	9.28e-07	5.39e-05	1.10e-02	1.87e-01	8.02e-01
 7.07924e+22	6.58e-28	3.06e-22	9.50e-18	4.26e-14	4.48e-11	1.13e-08	1.03e-06	5.82e-05	1.16e-02	1.91e-01	7.97e-01
 7.14043e+22	8.62e-28	3.90e-22	1.18e-17	5.13e-14	5.25e-11	1.29e-08	1.14e-06	6.25e-05	1.21e-02	1.95e-01	7.93e-01
 7.20036e+22	1.10e-27	4.87e-22	1.43e-17	6.08e-14	6.08e-11	1.46e-08	1.25e-06	6.68e-05	1.26e-02	1.98e-01	7.89e-01
 7.26799e+22	1.54e-27	6.55e-22	1.86e-17	7.64e-14	7.38e-11	1.71e-08	1.42e-06	7.30e-05	1.34e-02	2.03e-01	7.83e-01
 7.33612e+22	2.06e-27	8.50e-22	2.34e-17	9.33e-14	8.76e-11	1.97e-08	1.58e-06	7.89e-05	1.40e-02	2.07e-01	7.78e-01
 7.39360e+22	2.68e-27	1.07e-21	2.87e-17	1.12e-13	1.02e-10	2.24e-08	1.75e-06	8.46e-05	1.46e-02	2.11e-01	7.74e-01
 7.44736e+22	3.46e-27	1.35e-21	3.52e-17	1.33e-13	1.19e-10	2.53e-08	1.92e-06	9.05e-05	1.53e-02	2.15e-01	7.69e-01
 7.49928e+22	4.34e-27	1.66e-21	4.21e-17	1.55e-13	1.36e-10	2.83e-08	2.09e-06	9.61e-05	1.59e-02	2.19e-01	7.65e-01
 7.55842e+22	5.88e-27	2.18e-21	5.35e-17	1.92e-13	1.62e-10	3.28e-08	2.34e-06	1.04e-04	1.67e-02	2.23e-01	7.60e-01
 7.61938e+22	7.79e-27	2.80e-21	6.68e-17	2.32e-13	1.91e-10	3.75e-08	2.60e-06	1.12e-04	1.74e-02	2.28e-01	7.55e-01
 7.67239e+22	1.00e-26	3.50e-21	8.14e-17	2.76e-13	2.21e-10	4.24e-08	2.86e-06	1.20e-04	1.82e-02	2.32e-01	7.50e-01
 7.73099e+22	1.37e-26	4.65e-21	1.04e-16	3.43e-13	2.66e-10	4.93e-08	3.21e-06	1.30e-04	1.91e-02	2.37e-01	7.44e-01
 7.78818e+22	1.75e-26	5.77e-21	1.26e-16	4.04e-13	3.07e-10	5.54e-08	3.51e-06	1.38e-04	1.99e-02	2.40e-01	7.40e-01
 7.83596e+22	2.25e-26	7.23e-21	1.54e-16	4.80e-13	3.55e-10	6.25e-08	3.85e-06	1.48e-04	2.07e-02	2.44e-01	7.35e-01
 7.88298e+22	2.83e-26	8.89e-21	1.85e-16	5.62e-13	4.06e-10	6.98e-08	4.19e-06	1.57e-04	2.15e-02	2.48e-01	7.30e-01
 7.93659e+22	3.86e-26	1.17e-20	2.36e-16	6.94e-13	4.86e-10	8.10e-08	4.69e-06	1.70e-04	2.25e-02	2.53e-01	7.24e-01
 7.99100e+22	5.05e-26	1.49e-20	2.91e-16	8.34e-13	5.68e-10	9.21e-08	5.18e-06	1.82e-04	2.35e-02	2.57e-01	7.19e-01
 8.03787e+22	6.42e-26	1.85e-20	3.52e-16	9.82e-13	6.54e-10	1.03e-07	5.66e-06	1.93e-04	2.44e-02	2.61e-01	7.14e-01
 8.09023e+22	8.77e-26	2.44e-20	4.50e-16	1.21e-12	7.84e-10	1.20e-07	6.34e-06	2.09e-04	2.56e-02	2.67e-01	7.08e-01
 8.14419e+22	1.18e-25	3.18e-20	5.66e-16	1.48e-12	9.29e-10	1.38e-07	7.05e-06	2.25e-04	2.68e-02	2.71e-01	7.02e-01
 8.19098e+22	1.49e-25	3.92e-20	6.81e-16	1.74e-12	1.06e-09	1.54e-07	7.69e-06	2.39e-04	2.78e-02	2.75e-01	6.97e-01
 8.24257e+22	2.06e-25	5.24e-20	8.78e-16	2.17e-12	1.28e-09	1.80e-07	8.65e-06	2.60e-04	2.92e-02	2.81e-01	6.90e-01
 8.29416e+22	2.67e-25	6.62e-20	1.08e-15	2.59e-12	1.50e-09	2.04e-07	9.51e-06	2.78e-04	3.04e-02	2.85e-01	6.84e-01
 8.33898e+22	3.47e-25	8.37e-20	1.32e-15	3.10e-12	1.74e-09	2.31e-07	1.05e-05	2.97e-04	3.17e-02	2.90e-01	6.78e-01
 8.39048e+22	4.93e-25	1.15e-19	1.75e-15	3.93e-12	2.13e-09	2.73e-07	1.19e-05	3.24e-04	3.34e-02	2.96e-01	6.70e-01
 8.44192e+22	6.39e-25	1.45e-19	2.14e-15	4.69e-12	2.48e-09	3.09e-07	1.31e-05	3.46e-04	3.47e-02	3.00e-01	6.65e-01
 8.48644e+22	8.37e-25	1.84e-19	2.65e-15	5.63e-12	2.89e-09	3.51e-07	1.44e-05	3.70e-04	3.62e-02	3.05e-01	6.58e-01
 8.53034e+22	1.09e-24	2.34e-19	3.26e-15	6.74e-12	3.37e-09	3.99e-07	1.59e-05	3.96e-04	3.77e-02	3.10e-01	6.52e-01
 8.58027e+22	1.56e-24	3.22e-19	4.32e-15	8.59e-12	4.15e-09	4.73e-07	1.80e-05	4.33e-04	3.97e-02	3.16e-01	6.44e-01
 8.62945e+22	2.03e-24	4.06e-19	5.30e-15	1.02e-11	4.82e-09	5.35e-07	1.98e-05	4.62e-04	4.13e-02	3.20e-01	6.38e-01
 8.67769e+22	2.88e-24	5.56e-19	6.97e-15	1.30e-11	5.90e-09	6.32e-07	2.25e-05	5.04e-04	4.35e-02	3.27e-01	6.29e-01
 8.72651e+22	3.80e-24	7.14e-19	8.68e-15	1.57e-11	6.93e-09	7.21e-07	2.49e-05	5.40e-04	4.54e-02	3.32e-01	6.22e-01
 8.77610e+22	5.48e-24	9.90e-19	1.16e-14	2.01e-11	8.55e-09	8.59e-07	2.84e-05	5.91e-04	4.79e-02	3.38e-01	6.13e-01
 8.82443e+22	7.12e-24	1.25e-18	1.42e-14	2.40e-11	9.94e-09	9.73e-07	3.13e-05	6.32e-04	4.98e-02	3.43e-01	6.07e-01
 8.87110e+22	1.01e-23	1.71e-18	1.86e-14	3.03e-11	1.21e-08	1.15e-06	3.55e-05	6.89e-04	5.25e-02	3.49e-01	5.98e-01
 8.91868e+22	1.33e-23	2.19e-18	2.32e-14	3.66e-11	1.43e-08	1.31e-06	3.93e-05	7.39e-04	5.47e-02	3.54e-01	5.91e-01
 8.96744e+22	1.91e-23	3.04e-18	3.08e-14	4.68e-11	1.76e-08	1.56e-06	4.49e-05	8.09e-04	5.77e-02	3.60e-01	5.81e-01
 9.01697e+22	2.56e-23	3.94e-18	3.87e-14	5.69e-11	2.08e-08	1.79e-06	5.00e-05	8.71e-04	6.02e-02	3.66e-01	5.73e-01
 9.06749e+22	3.73e-23	5.53e-18	5.21e-14	7.35e-11	2.59e-08	2.15e-06	5.75e-05	9.58e-04	6.37e-02	3.72e-01	5.63e-01
 9.11821e+22	4.98e-23	7.16e-18	6.54e-14	8.94e-11	3.06e-08	2.47e-06	6.40e-05	1.03e-03	6.65e-02	3.78e-01	5.55e-01
 9.16919e+22	7.27e-23	1.01e-17	8.80e-14	1.15e-10	3.82e-08	2.97e-06	7.37e-05	1.13e-03	7.03e-02	3.84e-01	5.44e-01
 9.21889e+22	9.49e-23	1.28e-17	1.09e-13	1.38e-10	4.46e-08	3.38e-06	8.14e-05	1.21e-03	7.32e-02	3.89e-01	5.36e-01
 9.26693e+22	1.36e-22	1.76e-17	1.44e-13	1.76e-10	5.49e-08	4.03e-06	9.32e-05	1.33e-03	7.72e-02	3.96e-01	5.26e-01
 9.31534e+22	1.75e-22	2.22e-17	1.76e-13	2.10e-10	6.38e-08	4.56e-06	1.03e-04	1.42e-03	8.02e-02	4.00e-01	5.18e-01
 9.36421e+22	2.47e-22	3.02e-17	2.31e-13	2.65e-10	7.81e-08	5.41e-06	1.17e-04	1.56e-03	8.44e-02	4.06e-01	5.08e-01
 9.41434e+22	3.25e-22	3.86e-17	2.87e-13	3.19e-10	9.16e-08	6.18e-06	1.30e-04	1.67e-03	8.79e-02	4.11e-01	4.99e-01
 9.46612e+22	4.58e-22	5.26e-17	3.76e-13	4.04e-10	1.12e-07	7.33e-06	1.48e-04	1.83e-03	9.26e-02	4.17e-01	4.88e-01
 9.51918e+22	6.06e-22	6.76e-17	4.69e-13	4.89e-10	1.32e-07	8.42e-06	1.65e-04	1.97e-03	9.65e-02	4.22e-01	4.80e-01
 9.57355e+22	8.58e-22	9.25e-17	6.19e-13	6.21e-10	1.63e-07	1.00e-05	1.89e-04	2.16e-03	1.02e-01	4.28e-01	4.68e-01
 9.62897e+22	1.13e-21	1.18e-16	7.68e-13	7.49e-10	1.91e-07	1.15e-05	2.10e-04	2.32e-03	1.06e-01	4.32e-01	4.59e-01
 9.68612e+22	1.59e-21	1.62e-16	1.01e-12	9.52e-10	2.36e-07	1.37e-05	2.41e-04	2.54e-03	1.12e-01	4.38e-01	4.48e-01
 9.74424e+22	2.09e-21	2.06e-16	1.26e-12	1.15e-09	2.77e-07	1.57e-05	2.68e-04	2.73e-03	1.16e-01	4.42e-01	4.39e-01
 9.80363e+22	2.94e-21	2.81e-16	1.65e-12	1.45e-09	3.40e-07	1.86e-05	3.07e-04	3.00e-03	1.22e-01	4.47e-01	4.27e-01
 9.86340e+22	3.80e-21	3.55e-16	2.03e-12	1.74e-09	3.97e-07	2.13e-05	3.40e-04	3.21e-03	1.27e-01	4.51e-01	4.18e-01
 9.92368e+22	5.28e-21	4.77e-16	2.64e-12	2.18e-09	4.84e-07	2.52e-05	3.88e-04	3.51e-03	1.34e-01	4.56e-01	4.07e-01
 9.98544e+22	6.83e-21	6.03e-16	3.24e-12	2.61e-09	5.66e-07	2.87e-05	4.30e-04	3.77e-03	1.39e-01	4.59e-01	3.97e-01
 1.00390e+23	8.65e-21	7.46e-16	3.92e-12	3.08e-09	6.53e-07	3.24e-05	4.73e-04	4.02e-03	1.44e-01	4.62e-01	3.89e-01
 1.00986e+23	1.17e-20	9.84e-16	5.01e-12	3.81e-09	7.87e-07	3.79e-05	5.35e-04	4.37e-03	1.51e-01	4.66e-01	3.78e-01
 1.01583e+23	1.47e-20	1.20e-15	5.99e-12	4.45e-09	9.01e-07	4.26e-05	5.86e-04	4.64e-03	1.56e-01	4.69e-01	3.70e-01
 1.02184e+23	1.96e-20	1.57e-15	7.58e-12	5.46e-09	1.08e-06	4.95e-05	6.59e-04	5.03e-03	1.63e-01	4.72e-01	3.60e-01
 1.02799e+23	2.46e-20	1.93e-15	9.11e-12	6.41e-09	1.24e-06	5.57e-05	7.23e-04	5.35e-03	1.68e-01	4.74e-01	3.51e-01
 1.03342e+23	3.07e-20	2.35e-15	1.09e-11	7.48e-09	1.42e-06	6.24e-05	7.91e-04	5.69e-03	1.74e-01	4.77e-01	3.43e-01
 1.03957e+23	4.07e-20	3.05e-15	1.37e-11	9.14e-09	1.69e-06	7.24e-05	8.89e-04	6.15e-03	1.81e-01	4.79e-01	3.33e-01
 1.04571e+23	4.99e-20	3.66e-15	1.61e-11	1.05e-08	1.91e-06	8.04e-05	9.65e-04	6.50e-03	1.86e-01	4.81e-01	3.26e-01
 1.05183e+23	6.54e-20	4.68e-15	2.01e-11	1.28e-08	2.26e-06	9.27e-05	1.08e-03	7.01e-03	1.94e-01	4.82e-01	3.16e-01
 1.05807e+23	8.02e-20	5.64e-15	2.37e-11	1.48e-08	2.56e-06	1.03e-04	1.17e-03	7.42e-03	2.00e-01	4.84e-01	3.08e-01
 1.06447e+23	1.05e-19	7.21e-15	2.95e-11	1.79e-08	3.03e-06	1.19e-04	1.31e-03	7.99e-03	2.07e-01	4.85e-01	2.98e-01
 1.07099e+23	1.29e-19	8.70e-15	3.49e-11	2.07e-08	3.44e-06	1.32e-04	1.43e-03	8.46e-03	2.14e-01	4.86e-01	2.91e-01
 1.07766e+23	1.69e-19	1.11e-14	4.35e-11	2.51e-08	4.07e-06	1.53e-04	1.60e-03	9.12e-03	2.22e-01	4.86e-01	2.81e-01
 1.08446e+23	2.08e-19	1.34e-14	5.15e-11	2.90e-08	4.63e-06	1.70e-04	1.74e-03	9.65e-03	2.28e-01	4.87e-01	2.73e-01
 1.09142e+23	2.73e-19	1.72e-14	6.43e-11	3.52e-08	5.48e-06	1.96e-04	1.94e-03	1.04e-02	2.37e-01	4.87e-01	2.64e-01
 1.09822e+23	3.28e-19	2.04e-14	7.47e-11	4.02e-08	6.14e-06	2.16e-04	2.09e-03	1.09e-02	2.43e-01	4.87e-01	2.57e-01
 1.10482e+23	4.22e-19	2.57e-14	9.19e-11	4.81e-08	7.19e-06	2.46e-04	2.32e-03	1.17e-02	2.52e-01	4.86e-01	2.48e-01
 1.11152e+23	5.08e-19	3.04e-14	1.07e-10	5.49e-08	8.06e-06	2.71e-04	2.50e-03	1.23e-02	2.58e-01	4.86e-01	2.42e-01
 1.11835e+23	6.50e-19	3.80e-14	1.31e-10	6.54e-08	9.39e-06	3.08e-04	2.77e-03	1.32e-02	2.66e-01	4.85e-01	2.33e-01
 1.12540e+23	7.94e-19	4.56e-14	1.54e-10	7.54e-08	1.06e-05	3.42e-04	3.00e-03	1.39e-02	2.73e-01	4.83e-01	2.26e-01
 1.13272e+23	1.02e-18	5.73e-14	1.89e-10	9.01e-08	1.24e-05	3.90e-04	3.32e-03	1.48e-02	2.82e-01	4.82e-01	2.18e-01
 1.14027e+23	1.26e-18	6.94e-14	2.24e-10	1.05e-07	1.41e-05	4.35e-04	3.61e-03	1.57e-02	2.90e-01	4.80e-01	2.11e-01
 1.14814e+23	1.63e-18	8.79e-14	2.77e-10	1.26e-07	1.66e-05	4.97e-04	4.00e-03	1.68e-02	2.99e-01	4.78e-01	2.02e-01
 1.15622e+23	2.02e-18	1.07e-13	3.30e-10	1.47e-07	1.89e-05	5.55e-04	4.36e-03	1.78e-02	3.07e-01	4.75e-01	1.95e-01
 1.16457e+23	2.63e-18	1.37e-13	4.11e-10	1.77e-07	2.23e-05	6.36e-04	4.85e-03	1.90e-02	3.17e-01	4.72e-01	1.86e-01
 1.17320e+23	3.30e-18	1.68e-13	4.94e-10	2.08e-07	2.56e-05	7.14e-04	5.30e-03	2.02e-02	3.25e-01	4.69e-01	1.79e-01
 1.18217e+23	4.35e-18	2.16e-13	6.19e-10	2.53e-07	3.04e-05	8.23e-04	5.91e-03	2.16e-02	3.35e-01	4.65e-01	1.71e-01
 1.19142e+23	5.51e-18	2.68e-13	7.50e-10	2.99e-07	3.51e-05	9.27e-04	6.47e-03	2.30e-02	3.44e-01	4.61e-01	1.64e-01
 1.19976e+23	6.89e-18	3.28e-13	8.99e-10	3.51e-07	4.01e-05	1.04e-03	7.05e-03	2.43e-02	3.53e-01	4.58e-01	1.57e-01
 1.20931e+23	9.22e-18	4.28e-13	1.14e-09	4.32e-07	4.81e-05	1.20e-03	7.91e-03	2.61e-02	3.64e-01	4.52e-01	1.49e-01
 1.21894e+23	1.15e-17	5.25e-13	1.37e-09	5.05e-07	5.50e-05	1.35e-03	8.60e-03	2.76e-02	3.72e-01	4.47e-01	1.43e-01
 1.22867e+23	1.54e-17	6.83e-13	1.73e-09	6.20e-07	6.56e-05	1.56e-03	9.62e-03	2.96e-02	3.83e-01	4.41e-01	1.35e-01
 1.23862e+23	1.94e-17	8.45e-13	2.10e-09	7.32e-07	7.57e-05	1.75e-03	1.05e-02	3.14e-02	3.92e-01	4.36e-01	1.29e-01
 1.24883e+23	2.59e-17	1.10e-12	2.67e-09	9.01e-07	9.05e-05	2.03e-03	1.18e-02	3.37e-02	4.03e-01	4.28e-01	1.21e-01
 1.25925e+23	3.30e-17	1.37e-12	3.25e-09	1.07e-06	1.05e-04	2.30e-03	1.29e-02	3.57e-02	4.12e-01	4.22e-01	1.15e-01
 1.26852e+23	4.16e-17	1.70e-12	3.93e-09	1.26e-06	1.21e-04	2.59e-03	1.41e-02	3.78e-02	4.21e-01	4.15e-01	1.09e-01
 1.27914e+23	5.59e-17	2.23e-12	5.03e-09	1.56e-06	1.46e-04	3.02e-03	1.59e-02	4.07e-02	4.33e-01	4.06e-01	1.01e-01
 1.28923e+23	6.83e-17	2.68e-12	5.93e-09	1.80e-06	1.65e-04	3.34e-03	1.71e-02	4.26e-02	4.40e-01	4.00e-01	9.68e-02
 1.29864e+23	8.80e-17	3.39e-12	7.34e-09	2.18e-06	1.94e-04	3.83e-03	1.91e-02	4.55e-02	4.50e-01	3.91e-01	9.05e-02
 1.30806e+23	1.07e-16	4.06e-12	8.64e-09	2.51e-06	2.20e-04	4.24e-03	2.06e-02	4.77e-02	4.57e-01	3.84e-01	8.60e-02
 1.31750e+23	1.37e-16	5.10e-12	1.06e-08	3.01e-06	2.57e-04	4.84e-03	2.27e-02	5.07e-02	4.66e-01	3.75e-01	8.04e-02
 1.32716e+23	1.66e-16	6.14e-12	1.26e-08	3.49e-06	2.93e-04	5.39e-03	2.47e-02	5.34e-02	4.73e-01	3.67e-01	7.59e-02
 1.33712e+23	2.13e-16	7.74e-12	1.56e-08	4.21e-06	3.45e-04	6.20e-03	2.74e-02	5.70e-02	4.82e-01	3.56e-01	7.02e-02
 1.34713e+23	2.58e-16	9.26e-12	1.83e-08	4.86e-06	3.92e-04	6.89e-03	2.97e-02	5.98e-02	4.89e-01	3.48e-01	6.61e-02
 1.35721e+23	3.27e-16	1.16e-11	2.26e-08	5.84e-06	4.61e-04	7.90e-03	3.30e-02	6.37e-02	4.97e-01	3.37e-01	6.09e-02
 1.36748e+23	3.94e-16	1.38e-11	2.66e-08	6.75e-06	5.25e-04	8.82e-03	3.58e-02	6.70e-02	5.03e-01	3.28e-01	5.69e-02
 1.37802e+23	4.95e-16	1.73e-11	3.27e-08	8.12e-06	6.19e-04	1.01e-02	3.99e-02	7.15e-02	5.11e-01	3.15e-01	5.20e-02
 1.38876e+23	5.92e-16	2.05e-11	3.85e-08	9.40e-06	7.05e-04	1.13e-02	4.34e-02	7.53e-02	5.16e-01	3.05e-01	4.82e-02
 1.39977e+23	7.35e-16	2.54e-11	4.72e-08	1.13e-05	8.33e-04	1.31e-02	4.83e-02	8.04e-02	5.22e-01	2.92e-01	4.36e-02
 1.41090e+23	8.66e-16	2.99e-11	5.53e-08	1.30e-05	9.47e-04	1.46e-02	5.26e-02	8.45e-02	5.26e-01	2.81e-01	4.02e-02
 1.42029e+23	9.96e-16	3.44e-11	6.35e-08	1.48e-05	1.06e-03	1.61e-02	5.67e-02	8.84e-02	5.29e-01	2.71e-01	3.72e-02
 1.43054e+23	1.18e-15	4.09e-11	7.52e-08	1.73e-05	1.23e-03	1.83e-02	6.23e-02	9.36e-02	5.33e-01	2.58e-01	3.36e-02
 1.44084e+23	1.33e-15	4.65e-11	8.56e-08	1.95e-05	1.37e-03	2.02e-02	6.70e-02	9.78e-02	5.34e-01	2.48e-01	3.10e-02
 1.45088e+23	1.52e-15	5.39e-11	9.95e-08	2.24e-05	1.57e-03	2.26e-02	7.31e-02	1.03e-01	5.35e-01	2.36e-01	2.80e-02
 1.46113e+23	1.70e-15	6.07e-11	1.13e-07	2.52e-05	1.75e-03	2.49e-02	7.86e-02	1.08e-01	5.36e-01	2.26e-01	2.56e-02
 1.47119e+23	1.88e-15	6.86e-11	1.29e-07	2.86e-05	1.98e-03	2.77e-02	8.51e-02	1.13e-01	5.35e-01	2.14e-01	2.31e-02
 1.48146e+23	2.06e-15	7.65e-11	1.45e-07	3.21e-05	2.21e-03	3.05e-02	9.14e-02	1.18e-01	5.33e-01	2.04e-01	2.09e-02
 1.49158e+23	2.24e-15	8.49e-11	1.63e-07	3.61e-05	2.47e-03	3.37e-02	9.82e-02	1.23e-01	5.31e-01	1.93e-01	1.89e-02
 1.50178e+23	2.40e-15	9.34e-11	1.82e-07	4.02e-05	2.75e-03	3.69e-02	1.05e-01	1.28e-01	5.28e-01	1.83e-01	1.70e-02
 1.51186e+23	2.55e-15	1.02e-10	2.02e-07	4.47e-05	3.05e-03	4.04e-02	1.12e-01	1.33e-01	5.23e-01	1.72e-01	1.53e-02
 1.52192e+23	2.68e-15	1.11e-10	2.24e-07	4.96e-05	3.38e-03	4.41e-02	1.20e-01	1.38e-01	5.19e-01	1.63e-01	1.38e-02
 1.53199e+23	2.80e-15	1.19e-10	2.47e-07	5.50e-05	3.73e-03	4.81e-02	1.27e-01	1.43e-01	5.13e-01	1.53e-01	1.24e-02
 1.54210e+23	2.91e-15	1.29e-10	2.72e-07	6.08e-05	4.12e-03	5.23e-02	1.35e-01	1.48e-01	5.06e-01	1.44e-01	1.11e-02
 1.55225e+23	3.00e-15	1.38e-10	2.99e-07	6.72e-05	4.54e-03	5.68e-02	1.42e-01	1.53e-01	4.99e-01	1.35e-01	9.89e-03
 1.56248e+23	3.08e-15	1.48e-10	3.29e-07	7.43e-05	5.00e-03	6.16e-02	1.50e-01	1.57e-01	4.91e-01	1.27e-01	8.83e-03
 1.57283e+23	3.16e-15	1.58e-10	3.62e-07	8.22e-05	5.51e-03	6.67e-02	1.58e-01	1.62e-01	4.82e-01	1.18e-01	7.86e-03
 1.58323e+23	3.23e-15	1.69e-10	3.98e-07	9.09e-05	6.07e-03	7.20e-02	1.66e-01	1.66e-01	4.72e-01	1.10e-01	6.99e-03
 1.59380e+23	3.29e-15	1.80e-10	4.39e-07	1.01e-04	6.70e-03	7.79e-02	1.74e-01	1.71e-01	4.62e-01	1.03e-01	6.18e-03
 1.60447e+23	3.36e-15	1.93e-10	4.85e-07	1.12e-04	7.38e-03	8.39e-02	1.82e-01	1.74e-01	4.51e-01	9.54e-02	5.47e-03
 1.61536e+23	3.44e-15	2.08e-10	5.39e-07	1.25e-04	8.16e-03	9.07e-02	1.91e-01	1.78e-01	4.39e-01	8.83e-02	4.81e-03
 1.62644e+23	3.52e-15	2.24e-10	6.00e-07	1.40e-04	9.01e-03	9.76e-02	1.99e-01	1.82e-01	4.27e-01	8.16e-02	4.23e-03
 1.63659e+23	3.60e-15	2.40e-10	6.58e-07	1.54e-04	9.80e-03	1.04e-01	2.05e-01	1.85e-01	4.16e-01	7.63e-02	3.80e-03
 1.64718e+23	3.70e-15	2.61e-10	7.41e-07	1.74e-04	1.09e-02	1.12e-01	2.14e-01	1.88e-01	4.02e-01	6.99e-02	3.30e-03
 1.65796e+23	3.83e-15	2.81e-10	8.20e-07	1.92e-04	1.19e-02	1.19e-01	2.20e-01	1.90e-01	3.91e-01	6.51e-02	2.94e-03
 1.66907e+23	4.00e-15	3.11e-10	9.38e-07	2.19e-04	1.32e-02	1.28e-01	2.28e-01	1.92e-01	3.76e-01	5.92e-02	2.53e-03
 1.68022e+23	4.17e-15	3.39e-10	1.04e-06	2.43e-04	1.44e-02	1.36e-01	2.34e-01	1.94e-01	3.64e-01	5.49e-02	2.25e-03
 1.69142e+23	4.40e-15	3.78e-10	1.20e-06	2.79e-04	1.61e-02	1.46e-01	2.42e-01	1.95e-01	3.48e-01	4.97e-02	1.93e-03
 1.70265e+23	4.66e-15	4.16e-10	1.35e-06	3.11e-04	1.75e-02	1.55e-01	2.48e-01	1.96e-01	3.36e-01	4.60e-02	1.71e-03
 1.71394e+23	5.01e-15	4.71e-10	1.56e-06	3.57e-04	1.96e-02	1.66e-01	2.54e-01	1.97e-01	3.20e-01	4.15e-02	1.47e-03
 1.72535e+23	5.37e-15	5.23e-10	1.77e-06	3.99e-04	2.13e-02	1.75e-01	2.59e-01	1.97e-01	3.08e-01	3.82e-02	1.29e-03
 1.73692e+23	5.89e-15	6.01e-10	2.07e-06	4.61e-04	2.38e-02	1.87e-01	2.65e-01	1.96e-01	2.92e-01	3.43e-02	1.10e-03
 1.74864e+23	6.42e-15	6.77e-10	2.36e-06	5.17e-04	2.59e-02	1.97e-01	2.70e-01	1.95e-01	2.79e-01	3.14e-02	9.66e-04
 1.76056e+23	7.21e-15	7.91e-10	2.79e-06	6.01e-04	2.89e-02	2.11e-01	2.74e-01	1.94e-01	2.63e-01	2.80e-02	8.14e-04
 1.77269e+23	8.02e-15	9.03e-10	3.21e-06	6.77e-04	3.15e-02	2.22e-01	2.78e-01	1.92e-01	2.50e-01	2.55e-02	7.10e-04
 1.78512e+23	9.24e-15	1.08e-09	3.84e-06	7.90e-04	3.52e-02	2.36e-01	2.82e-01	1.89e-01	2.34e-01	2.25e-02	5.92e-04
 1.79783e+23	1.05e-14	1.25e-09	4.46e-06	8.95e-04	3.84e-02	2.48e-01	2.84e-01	1.86e-01	2.22e-01	2.04e-02	5.12e-04
 1.81091e+23	1.25e-14	1.52e-09	5.42e-06	1.05e-03	4.30e-02	2.64e-01	2.87e-01	1.82e-01	2.05e-01	1.78e-02	4.22e-04
 1.82425e+23	1.46e-14	1.79e-09	6.33e-06	1.20e-03	4.69e-02	2.76e-01	2.88e-01	1.78e-01	1.93e-01	1.60e-02	3.61e-04
 1.83549e+23	1.68e-14	2.07e-09	7.29e-06	1.34e-03	5.07e-02	2.87e-01	2.89e-01	1.75e-01	1.82e-01	1.45e-02	3.14e-04
 1.84765e+23	2.03e-14	2.52e-09	8.74e-06	1.55e-03	5.59e-02	3.02e-01	2.89e-01	1.70e-01	1.69e-01	1.27e-02	2.61e-04
 1.85948e+23	2.35e-14	2.91e-09	9.97e-06	1.72e-03	5.99e-02	3.13e-01	2.88e-01	1.66e-01	1.60e-01	1.15e-02	2.28e-04
 1.87089e+23	2.84e-14	3.51e-09	1.18e-05	1.97e-03	6.55e-02	3.26e-01	2.87e-01	1.61e-01	1.48e-01	1.02e-02	1.91e-04
 1.88242e+23	3.32e-14	4.08e-09	1.35e-05	2.18e-03	7.00e-02	3.37e-01	2.86e-01	1.56e-01	1.39e-01	9.22e-03	1.67e-04
 1.89409e+23	4.09e-14	4.97e-09	1.61e-05	2.49e-03	7.63e-02	3.50e-01	2.84e-01	1.51e-01	1.29e-01	8.08e-03	1.39e-04
 1.90594e+23	4.86e-14	5.82e-09	1.84e-05	2.76e-03	8.15e-02	3.60e-01	2.81e-01	1.46e-01	1.21e-01	7.28e-03	1.21e-04
 1.91801e+23	6.08e-14	7.16e-09	2.20e-05	3.16e-03	8.87e-02	3.74e-01	2.78e-01	1.40e-01	1.10e-01	6.33e-03	9.95e-05
 1.93026e+23	7.31e-14	8.43e-09	2.53e-05	3.50e-03	9.45e-02	3.84e-01	2.75e-01	1.35e-01	1.03e-01	5.67e-03	8.57e-05
 1.94273e+23	9.31e-14	1.05e-08	3.03e-05	4.01e-03	1.03e-01	3.96e-01	2.70e-01	1.28e-01	9.38e-02	4.89e-03	7.01e-05
 1.95543e+23	1.13e-13	1.24e-08	3.49e-05	4.44e-03	1.09e-01	4.06e-01	2.66e-01	1.23e-01	8.70e-02	4.36e-03	5.99e-05
 1.96843e+23	1.47e-13	1.55e-08	4.20e-05	5.09e-03	1.19e-01	4.18e-01	2.60e-01	1.17e-01	7.85e-02	3.72e-03	4.84e-05
 1.98170e+23	1.80e-13	1.85e-08	4.85e-05	5.65e-03	1.26e-01	4.27e-01	2.54e-01	1.11e-01	7.24e-02	3.29e-03	4.10e-05
 1.99532e+23	2.38e-13	2.35e-08	5.88e-05	6.48e-03	1.37e-01	4.38e-01	2.47e-01	1.04e-01	6.48e-02	2.78e-03	3.27e-05
 2.00930e+23	2.97e-13	2.83e-08	6.83e-05	7.21e-03	1.46e-01	4.46e-01	2.41e-01	9.88e-02	5.92e-02	2.42e-03	2.73e-05
 2.02377e+23	3.99e-13	3.62e-08	8.32e-05	8.28e-03	1.57e-01	4.55e-01	2.32e-01	9.19e-02	5.25e-02	2.02e-03	2.15e-05
 2.03839e+23	5.01e-13	4.38e-08	9.65e-05	9.20e-03	1.67e-01	4.62e-01	2.26e-01	8.67e-02	4.77e-02	1.76e-03	1.78e-05
 2.05323e+23	6.79e-13	5.63e-08	1.18e-04	1.05e-02	1.80e-01	4.70e-01	2.16e-01	8.00e-02	4.20e-02	1.45e-03	1.39e-05
 2.06822e+23	8.56e-13	6.81e-08	1.36e-04	1.17e-02	1.90e-01	4.75e-01	2.09e-01	7.51e-02	3.80e-02	1.26e-03	1.15e-05
 2.08341e+23	1.17e-12	8.77e-08	1.66e-04	1.33e-02	2.04e-01	4.80e-01	1.99e-01	6.89e-02	3.32e-02	1.03e-03	8.84e-06
 2.09888e+23	1.48e-12	1.06e-07	1.93e-04	1.48e-02	2.15e-01	4.83e-01	1.92e-01	6.42e-02	2.98e-02	8.84e-04	7.23e-06
 2.11253e+23	1.88e-12	1.29e-07	2.24e-04	1.63e-02	2.27e-01	4.85e-01	1.84e-01	5.98e-02	2.67e-02	7.55e-04	5.88e-06
 2.12812e+23	2.56e-12	1.66e-07	2.70e-04	1.85e-02	2.42e-01	4.87e-01	1.74e-01	5.45e-02	2.32e-02	6.17e-04	4.52e-06
 2.14402e+23	3.29e-12	2.03e-07	3.16e-04	2.05e-02	2.54e-01	4.88e-01	1.66e-01	5.03e-02	2.06e-02	5.20e-04	3.63e-06
 2.15692e+23	4.06e-12	2.40e-07	3.58e-04	2.23e-02	2.65e-01	4.87e-01	1.59e-01	4.70e-02	1.87e-02	4.51e-04	3.01e-06
 2.17027e+23	5.19e-12	2.92e-07	4.15e-04	2.46e-02	2.78e-01	4.86e-01	1.51e-01	4.34e-02	1.66e-02	3.82e-04	2.43e-06
 2.18433e+23	6.48e-12	3.49e-07	4.74e-04	2.68e-02	2.89e-01	4.84e-01	1.44e-01	4.02e-02	1.49e-02	3.27e-04	1.99e-06
 2.19725e+23	8.04e-12	4.14e-07	5.40e-04	2.91e-02	3.00e-01	4.82e-01	1.37e-01	3.74e-02	1.34e-02	2.81e-04	1.63e-06
 2.21198e+23	1.05e-11	5.13e-07	6.33e-04	3.22e-02	3.15e-01	4.78e-01	1.29e-01	3.40e-02	1.17e-02	2.32e-04	1.28e-06
 2.22711e+23	1.34e-11	6.21e-07	7.30e-04	3.53e-02	3.27e-01	4.73e-01	1.22e-01	3.12e-02	1.03e-02	1.95e-04	1.02e-06
 2.24040e+23	1.66e-11	7.36e-07	8.28e-04	3.82e-02	3.39e-01	4.68e-01	1.16e-01	2.88e-02	9.20e-03	1.66e-04	8.34e-07
 2.25532e+23	2.17e-11	9.08e-07	9.67e-04	4.21e-02	3.53e-01	4.62e-01	1.08e-01	2.61e-02	7.99e-03	1.37e-04	6.48e-07
 2.27096e+23	2.78e-11	1.10e-06	1.11e-03	4.60e-02	3.66e-01	4.55e-01	1.01e-01	2.38e-02	7.00e-03	1.14e-04	5.12e-07
 2.28510e+23	3.47e-11	1.31e-06	1.27e-03	4.97e-02	3.77e-01	4.48e-01	9.55e-02	2.18e-02	6.20e-03	9.60e-05	4.12e-07
 2.30105e+23	4.58e-11	1.63e-06	1.49e-03	5.48e-02	3.92e-01	4.39e-01	8.83e-02	1.95e-02	5.31e-03	7.74e-05	3.14e-07
 2.31754e+23	5.88e-11	1.99e-06	1.71e-03	5.97e-02	4.04e-01	4.30e-01	8.22e-02	1.77e-02	4.61e-03	6.38e-05	2.45e-07
 2.33223e+23	7.39e-11	2.37e-06	1.95e-03	6.46e-02	4.16e-01	4.21e-01	7.68e-02	1.61e-02	4.04e-03	5.32e-05	1.95e-07
 2.34886e+23	9.83e-11	2.97e-06	2.29e-03	7.10e-02	4.30e-01	4.09e-01	7.04e-02	1.43e-02	3.42e-03	4.23e-05	1.46e-07
 2.36616e+23	1.27e-10	3.62e-06	2.64e-03	7.73e-02	4.42e-01	3.98e-01	6.49e-02	1.28e-02	2.94e-03	3.44e-05	0.00e+00
 2.38173e+23	1.61e-10	4.35e-06	3.02e-03	8.35e-02	4.52e-01	3.87e-01	6.01e-02	1.15e-02	2.55e-03	2.83e-05	0.00e+00
 2.39939e+23	2.18e-10	5.49e-06	3.56e-03	9.19e-02	4.65e-01	3.73e-01	5.43e-02	1.01e-02	2.12e-03	2.20e-05	0.00e+00
 2.41755e+23	2.81e-10	6.68e-06	4.10e-03	9.96e-02	4.76e-01	3.60e-01	4.98e-02	9.01e-03	1.81e-03	1.77e-05	0.00e+00
 2.43386e+23	3.58e-10	8.07e-06	4.69e-03	1.07e-01	4.85e-01	3.48e-01	4.56e-02	8.05e-03	1.55e-03	1.43e-05	0.00e+00
 2.45256e+23	4.91e-10	1.03e-05	5.56e-03	1.18e-01	4.96e-01	3.31e-01	4.07e-02	6.94e-03	1.26e-03	1.09e-05	0.00e+00
 2.47145e+23	6.34e-10	1.25e-05	6.38e-03	1.27e-01	5.05e-01	3.18e-01	3.69e-02	6.15e-03	1.07e-03	8.67e-06	0.00e+00
 2.49060e+23	8.64e-10	1.58e-05	7.53e-03	1.39e-01	5.13e-01	3.01e-01	3.27e-02	5.29e-03	8.68e-04	6.56e-06	0.00e+00
 2.51006e+23	1.12e-09	1.93e-05	8.65e-03	1.50e-01	5.20e-01	2.87e-01	2.95e-02	4.65e-03	7.27e-04	5.17e-06	0.00e+00
 2.52732e+23	1.44e-09	2.33e-05	9.87e-03	1.61e-01	5.25e-01	2.73e-01	2.66e-02	4.10e-03	6.11e-04	4.09e-06	0.00e+00
 2.54715e+23	1.98e-09	2.98e-05	1.17e-02	1.76e-01	5.30e-01	2.56e-01	2.32e-02	3.47e-03	4.87e-04	3.01e-06	0.00e+00
 2.56725e+23	2.55e-09	3.61e-05	1.33e-02	1.88e-01	5.33e-01	2.42e-01	2.08e-02	3.03e-03	4.05e-04	2.36e-06	0.00e+00
 2.58769e+23	3.54e-09	4.62e-05	1.58e-02	2.04e-01	5.35e-01	2.24e-01	1.79e-02	2.55e-03	3.18e-04	1.71e-06	0.00e+00
 2.60840e+23	4.57e-09	5.60e-05	1.80e-02	2.18e-01	5.35e-01	2.11e-01	1.59e-02	2.21e-03	2.62e-04	1.32e-06	0.00e+00
 2.62946e+23	6.34e-09	7.17e-05	2.13e-02	2.36e-01	5.33e-01	1.94e-01	1.36e-02	1.84e-03	2.04e-04	9.46e-07	0.00e+00
 2.65079e+23	8.22e-09	8.70e-05	2.43e-02	2.51e-01	5.30e-01	1.81e-01	1.20e-02	1.58e-03	1.66e-04	7.22e-07	0.00e+00
 2.66937e+23	1.05e-08	1.05e-04	2.75e-02	2.66e-01	5.26e-01	1.68e-01	1.06e-02	1.37e-03	1.36e-04	5.55e-07	0.00e+00
 2.68718e+23	1.33e-08	1.24e-04	3.08e-02	2.80e-01	5.21e-01	1.57e-01	9.36e-03	1.19e-03	1.13e-04	4.32e-07	0.00e+00
 2.70419e+23	1.66e-08	1.47e-04	3.44e-02	2.94e-01	5.16e-01	1.47e-01	8.31e-03	1.04e-03	9.36e-05	3.38e-07	0.00e+00
 2.72337e+23	2.19e-08	1.81e-04	3.94e-02	3.11e-01	5.07e-01	1.34e-01	7.14e-03	8.71e-04	7.37e-05	2.47e-07	0.00e+00
 2.74247e+23	2.73e-08	2.12e-04	4.39e-02	3.25e-01	4.99e-01	1.25e-01	6.31e-03	7.56e-04	6.09e-05	1.92e-07	0.00e+00
 2.76147e+23	3.59e-08	2.60e-04	5.00e-02	3.42e-01	4.88e-01	1.13e-01	5.39e-03	6.33e-04	4.78e-05	1.40e-07	0.00e+00
 2.78085e+23	4.49e-08	3.06e-04	5.57e-02	3.57e-01	4.77e-01	1.05e-01	4.72e-03	5.45e-04	3.90e-05	0.00e+00	0.00e+00
 2.80073e+23	5.93e-08	3.75e-04	6.34e-02	3.74e-01	4.63e-01	9.41e-02	3.99e-03	4.50e-04	3.02e-05	0.00e+00	0.00e+00
 2.82081e+23	7.42e-08	4.42e-04	7.04e-02	3.89e-01	4.51e-01	8.61e-02	3.47e-03	3.84e-04	2.44e-05	0.00e+00	0.00e+00
 2.83847e+23	9.18e-08	5.16e-04	7.77e-02	4.02e-01	4.38e-01	7.88e-02	3.03e-03	3.29e-04	1.99e-05	0.00e+00	0.00e+00
 2.85874e+23	1.22e-07	6.33e-04	8.84e-02	4.18e-01	4.20e-01	6.98e-02	2.51e-03	2.67e-04	1.50e-05	0.00e+00	0.00e+00
 2.87826e+23	1.48e-07	7.28e-04	9.66e-02	4.30e-01	4.07e-01	6.40e-02	2.20e-03	2.30e-04	1.23e-05	0.00e+00	0.00e+00
 2.89384e+23	1.78e-07	8.31e-04	1.05e-01	4.40e-01	3.94e-01	5.87e-02	1.94e-03	2.00e-04	1.02e-05	0.00e+00	0.00e+00
 2.90888e+23	2.12e-07	9.42e-04	1.13e-01	4.49e-01	3.81e-01	5.40e-02	1.72e-03	1.74e-04	8.48e-06	0.00e+00	0.00e+00
 2.92616e+23	2.64e-07	1.10e-03	1.25e-01	4.60e-01	3.64e-01	4.84e-02	1.46e-03	1.45e-04	6.69e-06	0.00e+00	0.00e+00
 2.94377e+23	3.15e-07	1.25e-03	1.35e-01	4.68e-01	3.51e-01	4.42e-02	1.29e-03	1.25e-04	5.51e-06	0.00e+00	0.00e+00
 2.96179e+23	3.94e-07	1.47e-03	1.48e-01	4.77e-01	3.33e-01	3.93e-02	1.09e-03	1.03e-04	4.29e-06	0.00e+00	0.00e+00
 2.97981e+23	4.74e-07	1.67e-03	1.60e-01	4.84e-01	3.18e-01	3.55e-02	9.42e-04	8.81e-05	3.48e-06	0.00e+00	0.00e+00
 2.99525e+23	5.62e-07	1.88e-03	1.72e-01	4.89e-01	3.04e-01	3.22e-02	8.23e-04	7.57e-05	2.85e-06	0.00e+00	0.00e+00
 3.01278e+23	6.96e-07	2.18e-03	1.87e-01	4.95e-01	2.86e-01	2.84e-02	6.92e-04	6.22e-05	2.21e-06	0.00e+00	0.00e+00
 3.03061e+23	8.26e-07	2.46e-03	2.01e-01	4.98e-01	2.72e-01	2.56e-02	6.01e-04	5.29e-05	1.79e-06	0.00e+00	0.00e+00
 3.04885e+23	1.02e-06	2.85e-03	2.18e-01	5.01e-01	2.54e-01	2.24e-02	5.02e-04	4.30e-05	1.37e-06	0.00e+00	0.00e+00
 3.06723e+23	1.22e-06	3.22e-03	2.34e-01	5.03e-01	2.40e-01	1.99e-02	4.30e-04	3.60e-05	1.10e-06	0.00e+00	0.00e+00
 3.08049e+23	1.37e-06	3.47e-03	2.44e-01	5.03e-01	2.31e-01	1.85e-02	3.90e-04	3.23e-05	9.53e-07	0.00e+00	0.00e+00
