#depth	Cl	Cl+	Cl+2	Cl+3	Cl+4	Cl+5	Cl+6	Cl+7	Cl+8	Cl+9	Cl+10	Cl+11	Cl+12	Cl+13	Cl+14	Cl+15	Cl+16	Cl+17
 1.54284e+22	0.00e+00	0.00e+00	0.00e+00	2.83e-26	5.20e-23	6.03e-20	3.80e-17	6.38e-14	1.47e-11	1.49e-09	7.22e-08	2.15e-06	3.76e-05	4.30e-04	5.42e-03	1.26e-01	4.20e-01	4.48e-01
 3.61331e+22	0.00e+00	0.00e+00	2.80e-28	1.33e-24	1.79e-21	1.50e-18	1.13e-15	1.42e-12	2.38e-10	1.76e-08	6.17e-07	1.32e-05	1.65e-04	1.32e-03	1.17e-02	1.93e-01	4.53e-01	3.40e-01
 4.49398e+22	0.00e+00	0.00e+00	6.70e-27	2.59e-23	2.75e-20	1.81e-17	1.06e-14	1.12e-11	1.55e-09	9.29e-08	2.63e-06	4.53e-05	4.49e-04	2.79e-03	1.93e-02	2.50e-01	4.58e-01	2.69e-01
 5.05283e+22	0.00e+00	3.99e-30	4.47e-26	1.52e-22	1.39e-19	7.91e-17	3.95e-14	3.79e-11	4.68e-09	2.49e-07	6.20e-06	9.41e-05	8.10e-04	4.32e-03	2.57e-02	2.87e-01	4.52e-01	2.29e-01
 5.31010e+22	0.00e+00	6.91e-30	7.47e-26	2.44e-22	2.15e-19	1.17e-16	5.61e-14	5.26e-11	6.29e-09	3.25e-07	7.81e-06	1.15e-04	9.49e-04	4.85e-03	2.77e-02	2.98e-01	4.50e-01	2.19e-01
 5.40259e+22	0.00e+00	1.01e-29	1.06e-25	3.39e-22	2.90e-19	1.54e-16	7.16e-14	6.59e-11	7.73e-09	3.90e-07	9.16e-06	1.31e-04	1.06e-03	5.25e-03	2.91e-02	3.05e-01	4.48e-01	2.12e-01
 5.49699e+22	0.00e+00	1.72e-29	1.74e-25	5.38e-22	4.43e-19	2.25e-16	1.00e-13	9.03e-11	1.03e-08	5.04e-07	1.15e-05	1.59e-04	1.23e-03	5.87e-03	3.13e-02	3.15e-01	4.44e-01	2.02e-01
 5.59407e+22	0.00e+00	2.66e-29	2.62e-25	7.86e-22	6.26e-19	3.08e-16	1.32e-13	1.17e-10	1.30e-08	6.22e-07	1.38e-05	1.85e-04	1.40e-03	6.43e-03	3.31e-02	3.23e-01	4.41e-01	1.94e-01
 5.69464e+22	0.00e+00	4.57e-29	4.35e-25	1.26e-21	9.61e-19	4.54e-16	1.86e-13	1.61e-10	1.75e-08	8.08e-07	1.73e-05	2.25e-04	1.63e-03	7.19e-03	3.56e-02	3.33e-01	4.37e-01	1.85e-01
 5.79800e+22	0.00e+00	7.45e-29	6.85e-25	1.92e-21	1.41e-18	6.41e-16	2.53e-13	2.15e-10	2.27e-08	1.02e-06	2.12e-05	2.67e-04	1.87e-03	7.95e-03	3.79e-02	3.43e-01	4.33e-01	1.77e-01
 5.88778e+22	0.00e+00	1.16e-28	1.04e-24	2.82e-21	2.00e-18	8.79e-16	3.34e-13	2.78e-10	2.87e-08	1.26e-06	2.55e-05	3.13e-04	2.13e-03	8.71e-03	4.01e-02	3.51e-01	4.29e-01	1.69e-01
 5.98725e+22	0.00e+00	2.04e-28	1.75e-24	4.56e-21	3.10e-18	1.30e-15	4.72e-13	3.85e-10	3.87e-08	1.65e-06	3.21e-05	3.81e-04	2.49e-03	9.76e-03	4.30e-02	3.61e-01	4.23e-01	1.60e-01
 6.08746e+22	0.00e+00	3.18e-28	2.64e-24	6.70e-21	4.41e-18	1.79e-15	6.24e-13	5.01e-10	4.92e-08	2.04e-06	3.87e-05	4.45e-04	2.82e-03	1.07e-02	4.54e-02	3.69e-01	4.18e-01	1.53e-01
 6.18862e+22	0.00e+00	5.60e-28	4.47e-24	1.09e-20	6.87e-18	2.66e-15	8.86e-13	6.96e-10	6.64e-08	2.67e-06	4.89e-05	5.43e-04	3.30e-03	1.20e-02	4.87e-02	3.80e-01	4.12e-01	1.44e-01
 6.29148e+22	0.00e+00	8.84e-28	6.85e-24	1.62e-20	9.84e-18	3.67e-15	1.18e-12	9.09e-10	8.48e-08	3.33e-06	5.91e-05	6.37e-04	3.75e-03	1.31e-02	5.14e-02	3.88e-01	4.06e-01	1.37e-01
 6.39658e+22	0.00e+00	1.61e-27	1.20e-23	2.71e-20	1.57e-17	5.58e-15	1.69e-12	1.28e-09	1.17e-07	4.42e-06	7.57e-05	7.86e-04	4.43e-03	1.47e-02	5.52e-02	3.98e-01	3.98e-01	1.29e-01
 6.50242e+22	0.00e+00	2.62e-27	1.88e-23	4.12e-20	2.29e-17	7.81e-15	2.28e-12	1.70e-09	1.51e-07	5.57e-06	9.24e-05	9.30e-04	5.06e-03	1.62e-02	5.83e-02	4.06e-01	3.91e-01	1.22e-01
 6.58983e+22	0.00e+00	4.00e-27	2.78e-23	5.91e-20	3.18e-17	1.05e-14	2.93e-12	2.16e-09	1.88e-07	6.79e-06	1.10e-04	1.08e-03	5.68e-03	1.76e-02	6.12e-02	4.13e-01	3.85e-01	1.16e-01
 6.68407e+22	0.00e+00	6.83e-27	4.57e-23	9.34e-20	4.81e-17	1.51e-14	4.05e-12	2.93e-09	2.49e-07	8.74e-06	1.37e-04	1.29e-03	6.58e-03	1.95e-02	6.49e-02	4.22e-01	3.77e-01	1.09e-01
 6.78037e+22	0.00e+00	1.08e-26	6.99e-23	1.38e-19	6.84e-17	2.07e-14	5.32e-12	3.81e-09	3.16e-07	1.08e-05	1.65e-04	1.51e-03	7.45e-03	2.12e-02	6.83e-02	4.29e-01	3.70e-01	1.03e-01
 6.85853e+22	0.00e+00	1.57e-26	9.87e-23	1.90e-19	9.12e-17	2.67e-14	6.63e-12	4.70e-09	3.84e-07	1.29e-05	1.92e-04	1.72e-03	8.23e-03	2.28e-02	7.11e-02	4.34e-01	3.63e-01	9.86e-02
 6.93931e+22	0.00e+00	2.49e-26	1.52e-22	2.82e-19	1.30e-16	3.66e-14	8.72e-12	6.11e-09	4.90e-07	1.61e-05	2.31e-04	2.02e-03	9.32e-03	2.48e-02	7.46e-02	4.40e-01	3.56e-01	9.31e-02
 7.01677e+22	0.00e+00	3.53e-26	2.09e-22	3.79e-19	1.70e-16	4.63e-14	1.07e-11	7.42e-09	5.86e-07	1.89e-05	2.66e-04	2.27e-03	1.02e-02	2.64e-02	7.73e-02	4.45e-01	3.50e-01	8.91e-02
 7.07924e+22	0.00e+00	4.95e-26	2.86e-22	5.06e-19	2.20e-16	5.81e-14	1.30e-11	8.96e-09	6.99e-07	2.21e-05	3.05e-04	2.55e-03	1.12e-02	2.81e-02	8.00e-02	4.49e-01	3.44e-01	8.53e-02
 7.14043e+22	0.00e+00	6.83e-26	3.86e-22	6.65e-19	2.81e-16	7.22e-14	1.57e-11	1.07e-08	8.25e-07	2.57e-05	3.48e-04	2.84e-03	1.22e-02	2.98e-02	8.26e-02	4.53e-01	3.38e-01	8.17e-02
 7.20036e+22	0.00e+00	9.17e-26	5.06e-22	8.53e-19	3.52e-16	8.80e-14	1.86e-11	1.26e-08	9.61e-07	2.95e-05	3.91e-04	3.13e-03	1.32e-02	3.14e-02	8.50e-02	4.56e-01	3.32e-01	7.86e-02
 7.26799e+22	0.00e+00	1.36e-25	7.28e-22	1.19e-18	4.74e-16	1.14e-13	2.33e-11	1.57e-08	1.18e-06	3.53e-05	4.58e-04	3.57e-03	1.46e-02	3.37e-02	8.83e-02	4.60e-01	3.25e-01	7.45e-02
 7.33612e+22	0.00e+00	1.91e-25	9.97e-22	1.59e-18	6.12e-16	1.43e-13	2.82e-11	1.89e-08	1.40e-06	4.14e-05	5.25e-04	4.01e-03	1.59e-02	3.58e-02	9.12e-02	4.63e-01	3.18e-01	7.11e-02
 7.39360e+22	0.00e+00	2.59e-25	1.32e-21	2.05e-18	7.70e-16	1.75e-13	3.35e-11	2.24e-08	1.64e-06	4.76e-05	5.93e-04	4.44e-03	1.72e-02	3.78e-02	9.38e-02	4.66e-01	3.12e-01	6.81e-02
 7.44736e+22	0.00e+00	3.50e-25	1.74e-21	2.64e-18	9.64e-16	2.13e-13	3.95e-11	2.64e-08	1.91e-06	5.47e-05	6.68e-04	4.90e-03	1.86e-02	3.98e-02	9.63e-02	4.68e-01	3.07e-01	6.53e-02
 7.49928e+22	4.35e-32	4.55e-25	2.22e-21	3.30e-18	1.17e-15	2.53e-13	4.58e-11	3.05e-08	2.18e-06	6.17e-05	7.41e-04	5.34e-03	1.99e-02	4.16e-02	9.86e-02	4.70e-01	3.01e-01	6.29e-02
 7.55842e+22	6.33e-32	6.50e-25	3.09e-21	4.44e-18	1.53e-15	3.19e-13	5.58e-11	3.69e-08	2.61e-06	7.26e-05	8.52e-04	6.01e-03	2.18e-02	4.42e-02	1.02e-01	4.72e-01	2.94e-01	5.97e-02
 7.61938e+22	8.89e-32	8.98e-25	4.15e-21	5.82e-18	1.95e-15	3.92e-13	6.65e-11	4.39e-08	3.07e-06	8.41e-05	9.68e-04	6.67e-03	2.36e-02	4.67e-02	1.04e-01	4.73e-01	2.88e-01	5.69e-02
 7.67239e+22	1.20e-31	1.20e-24	5.42e-21	7.41e-18	2.41e-15	4.72e-13	7.77e-11	5.13e-08	3.55e-06	9.59e-05	1.08e-03	7.33e-03	2.54e-02	4.90e-02	1.07e-01	4.74e-01	2.82e-01	5.44e-02
 7.73099e+22	1.76e-31	1.72e-24	7.57e-21	1.00e-17	3.15e-15	5.96e-13	9.45e-11	6.22e-08	4.26e-06	1.13e-04	1.25e-03	8.25e-03	2.78e-02	5.20e-02	1.10e-01	4.75e-01	2.74e-01	5.15e-02
 7.78818e+22	2.36e-31	2.27e-24	9.77e-21	1.27e-17	3.87e-15	7.11e-13	1.10e-10	7.22e-08	4.90e-06	1.28e-04	1.39e-03	9.02e-03	2.98e-02	5.43e-02	1.12e-01	4.76e-01	2.68e-01	4.93e-02
 7.83596e+22	3.18e-31	3.02e-24	1.27e-20	1.60e-17	4.75e-15	8.47e-13	1.27e-10	8.37e-08	5.63e-06	1.46e-04	1.55e-03	9.88e-03	3.19e-02	5.68e-02	1.15e-01	4.76e-01	2.62e-01	4.71e-02
 7.88298e+22	4.19e-31	3.93e-24	1.61e-20	1.99e-17	5.76e-15	1.00e-12	1.46e-10	9.62e-08	6.42e-06	1.64e-04	1.72e-03	1.07e-02	3.40e-02	5.93e-02	1.17e-01	4.75e-01	2.57e-01	4.51e-02
 7.93659e+22	6.05e-31	5.57e-24	2.22e-20	2.65e-17	7.41e-15	1.24e-12	1.75e-10	1.15e-07	7.62e-06	1.92e-04	1.96e-03	1.20e-02	3.70e-02	6.25e-02	1.20e-01	4.75e-01	2.49e-01	4.26e-02
 7.99100e+22	8.29e-31	7.53e-24	2.93e-20	3.40e-17	9.20e-15	1.49e-12	2.03e-10	1.35e-07	8.83e-06	2.19e-04	2.20e-03	1.32e-02	3.98e-02	6.55e-02	1.22e-01	4.74e-01	2.43e-01	4.05e-02
 8.03787e+22	1.10e-30	9.88e-24	3.75e-20	4.25e-17	1.12e-14	1.76e-12	2.33e-10	1.55e-07	1.01e-05	2.47e-04	2.44e-03	1.44e-02	4.24e-02	6.82e-02	1.24e-01	4.73e-01	2.37e-01	3.87e-02
 8.09023e+22	1.59e-30	1.40e-23	5.16e-20	5.66e-17	1.44e-14	2.18e-12	2.78e-10	1.85e-07	1.20e-05	2.88e-04	2.79e-03	1.60e-02	4.60e-02	7.18e-02	1.27e-01	4.71e-01	2.29e-01	3.64e-02
 8.14419e+22	2.23e-30	1.94e-23	6.92e-20	7.36e-17	1.80e-14	2.63e-12	3.24e-10	2.17e-07	1.40e-05	3.32e-04	3.15e-03	1.77e-02	4.95e-02	7.53e-02	1.30e-01	4.68e-01	2.22e-01	3.43e-02
 8.19098e+22	2.93e-30	2.52e-23	8.81e-20	9.14e-17	2.17e-14	3.09e-12	3.70e-10	2.49e-07	1.59e-05	3.73e-04	3.47e-03	1.91e-02	5.26e-02	7.81e-02	1.31e-01	4.66e-01	2.16e-01	3.27e-02
 8.24257e+22	4.27e-30	3.61e-23	1.22e-19	1.22e-16	2.80e-14	3.82e-12	4.40e-10	2.98e-07	1.89e-05	4.36e-04	3.97e-03	2.13e-02	5.70e-02	8.21e-02	1.34e-01	4.62e-01	2.08e-01	3.06e-02
 8.29416e+22	5.77e-30	4.83e-23	1.59e-19	1.55e-16	3.43e-14	4.52e-12	5.04e-10	3.44e-07	2.16e-05	4.95e-04	4.41e-03	2.33e-02	6.08e-02	8.54e-02	1.36e-01	4.59e-01	2.02e-01	2.90e-02
 8.33898e+22	7.79e-30	6.44e-23	2.07e-19	1.95e-16	4.18e-14	5.33e-12	5.76e-10	3.96e-07	2.48e-05	5.60e-04	4.90e-03	2.53e-02	6.48e-02	8.87e-02	1.38e-01	4.55e-01	1.95e-01	2.74e-02
 8.39048e+22	4.32e-34	9.46e-23	2.93e-19	2.66e-16	5.45e-14	6.63e-12	6.86e-10	4.78e-07	2.97e-05	6.60e-04	5.64e-03	2.84e-02	7.04e-02	9.33e-02	1.40e-01	4.50e-01	1.87e-01	2.54e-02
 8.44192e+22	0.00e+00	1.26e-22	3.80e-19	3.34e-16	6.63e-14	7.81e-12	7.82e-10	5.49e-07	3.39e-05	7.45e-04	6.25e-03	3.08e-02	7.47e-02	9.67e-02	1.41e-01	4.45e-01	1.81e-01	2.40e-02
 8.48644e+22	0.00e+00	1.69e-22	4.96e-19	4.23e-16	8.11e-14	9.21e-12	8.91e-10	6.33e-07	3.89e-05	8.44e-04	6.94e-03	3.35e-02	7.95e-02	1.00e-01	1.43e-01	4.40e-01	1.74e-01	2.26e-02
 8.53034e+22	0.00e+00	2.26e-22	6.45e-19	5.33e-16	9.88e-14	1.08e-11	1.01e-09	7.27e-07	4.45e-05	9.54e-04	7.70e-03	3.64e-02	8.44e-02	1.04e-01	1.44e-01	4.34e-01	1.68e-01	2.12e-02
 8.58027e+22	0.00e+00	3.34e-22	9.16e-19	7.25e-16	1.28e-13	1.34e-11	1.19e-09	8.72e-07	5.31e-05	1.12e-03	8.82e-03	4.06e-02	9.12e-02	1.08e-01	1.45e-01	4.26e-01	1.59e-01	1.95e-02
 8.62945e+22	0.00e+00	4.43e-22	1.18e-18	9.07e-16	1.55e-13	1.56e-11	1.35e-09	9.95e-07	6.04e-05	1.26e-03	9.73e-03	4.38e-02	9.64e-02	1.12e-01	1.46e-01	4.20e-01	1.53e-01	1.83e-02
 8.67769e+22	0.00e+00	6.48e-22	1.66e-18	1.22e-15	1.99e-13	1.91e-11	1.58e-09	1.19e-06	7.16e-05	1.47e-03	1.11e-02	4.86e-02	1.04e-01	1.16e-01	1.47e-01	4.10e-01	1.45e-01	1.68e-02
 8.72651e+22	0.00e+00	8.76e-22	2.18e-18	1.55e-15	2.43e-13	2.24e-11	1.79e-09	1.36e-06	8.19e-05	1.66e-03	1.23e-02	5.26e-02	1.10e-01	1.20e-01	1.47e-01	4.02e-01	1.39e-01	1.57e-02
 8.77610e+22	0.00e+00	1.30e-21	3.11e-18	2.11e-15	3.14e-13	2.75e-11	2.09e-09	1.63e-06	9.75e-05	1.95e-03	1.40e-02	5.83e-02	1.18e-01	1.24e-01	1.47e-01	3.92e-01	1.30e-01	1.43e-02
 8.82443e+22	0.00e+00	1.73e-21	4.01e-18	2.63e-15	3.78e-13	3.19e-11	2.35e-09	1.85e-06	1.10e-04	2.18e-03	1.54e-02	6.26e-02	1.24e-01	1.28e-01	1.47e-01	3.83e-01	1.25e-01	1.33e-02
 8.87110e+22	0.00e+00	2.51e-21	5.61e-18	3.51e-15	4.82e-13	3.86e-11	2.71e-09	2.18e-06	1.30e-04	2.52e-03	1.74e-02	6.87e-02	1.32e-01	1.32e-01	1.47e-01	3.72e-01	1.17e-01	1.21e-02
 8.91868e+22	0.00e+00	3.40e-21	7.34e-18	4.43e-15	5.85e-13	4.50e-11	3.05e-09	2.48e-06	1.47e-04	2.83e-03	1.91e-02	7.40e-02	1.39e-01	1.35e-01	1.46e-01	3.62e-01	1.11e-01	1.12e-02
 8.96744e+22	0.00e+00	5.04e-21	1.04e-17	6.00e-15	7.52e-13	5.48e-11	3.54e-09	2.94e-06	1.74e-04	3.29e-03	2.16e-02	8.12e-02	1.47e-01	1.39e-01	1.45e-01	3.49e-01	1.03e-01	1.01e-02
 9.01697e+22	4.08e-32	6.89e-21	1.38e-17	7.63e-15	9.18e-13	6.41e-11	3.98e-09	3.36e-06	1.98e-04	3.70e-03	2.38e-02	8.73e-02	1.55e-01	1.41e-01	1.44e-01	3.38e-01	9.73e-02	9.23e-03
 9.06749e+22	6.28e-32	1.04e-20	1.99e-17	1.04e-14	1.19e-12	7.84e-11	4.63e-09	3.98e-06	2.34e-04	4.31e-03	2.69e-02	9.56e-02	1.64e-01	1.45e-01	1.42e-01	3.24e-01	8.98e-02	8.22e-03
 9.11821e+22	8.75e-32	1.42e-20	2.63e-17	1.33e-14	1.45e-12	9.15e-11	5.20e-09	4.53e-06	2.65e-04	4.83e-03	2.95e-02	1.02e-01	1.71e-01	1.47e-01	1.40e-01	3.12e-01	8.42e-02	7.50e-03
 9.16919e+22	1.35e-31	2.14e-20	3.79e-17	1.81e-14	1.87e-12	1.12e-10	6.03e-09	5.34e-06	3.11e-04	5.59e-03	3.32e-02	1.12e-01	1.81e-01	1.50e-01	1.38e-01	2.97e-01	7.72e-02	6.62e-03
 9.21889e+22	1.84e-31	2.87e-20	4.92e-17	2.26e-14	2.25e-12	1.29e-10	6.70e-09	6.00e-06	3.48e-04	6.18e-03	3.61e-02	1.18e-01	1.87e-01	1.51e-01	1.36e-01	2.86e-01	7.24e-02	6.05e-03
 9.26693e+22	2.78e-31	4.24e-20	6.95e-17	3.04e-14	2.87e-12	1.55e-10	7.69e-09	6.98e-06	4.04e-04	7.07e-03	4.01e-02	1.28e-01	1.96e-01	1.53e-01	1.32e-01	2.72e-01	6.62e-02	5.35e-03
 9.31534e+22	3.75e-31	5.62e-20	8.94e-17	3.77e-14	3.42e-12	1.78e-10	8.53e-09	7.79e-06	4.49e-04	7.77e-03	4.33e-02	1.35e-01	2.02e-01	1.54e-01	1.30e-01	2.61e-01	6.20e-02	4.88e-03
 9.36421e+22	5.60e-31	8.21e-20	1.25e-16	5.02e-14	4.34e-12	2.14e-10	9.77e-09	8.98e-06	5.15e-04	8.80e-03	4.78e-02	1.44e-01	2.10e-01	1.55e-01	1.26e-01	2.47e-01	5.65e-02	4.29e-03
 9.41434e+22	7.71e-31	1.11e-19	1.64e-16	6.30e-14	5.23e-12	2.47e-10	1.09e-08	1.01e-05	5.74e-04	9.69e-03	5.16e-02	1.52e-01	2.16e-01	1.55e-01	1.23e-01	2.35e-01	5.24e-02	3.87e-03
 9.46612e+22	1.16e-30	1.63e-19	2.30e-16	8.43e-14	6.65e-12	2.98e-10	1.25e-08	1.16e-05	6.56e-04	1.09e-02	5.68e-02	1.62e-01	2.23e-01	1.55e-01	1.19e-01	2.21e-01	4.75e-02	3.39e-03
 9.51918e+22	1.62e-30	2.22e-19	3.04e-16	1.07e-13	8.08e-12	3.47e-10	1.40e-08	1.29e-05	7.30e-04	1.20e-02	6.12e-02	1.70e-01	2.29e-01	1.55e-01	1.16e-01	2.09e-01	4.37e-02	3.03e-03
 9.57355e+22	2.45e-30	3.29e-19	4.30e-16	1.43e-13	1.03e-11	4.19e-10	1.61e-08	1.49e-05	8.33e-04	1.35e-02	6.70e-02	1.80e-01	2.36e-01	1.54e-01	1.11e-01	1.95e-01	3.93e-02	2.62e-03
 9.62897e+22	3.41e-30	4.47e-19	5.66e-16	1.81e-13	1.25e-11	4.88e-10	1.81e-08	1.66e-05	9.22e-04	1.48e-02	7.18e-02	1.88e-01	2.40e-01	1.53e-01	1.08e-01	1.85e-01	3.60e-02	2.33e-03
 9.68612e+22	5.21e-30	6.63e-19	8.03e-16	2.44e-13	1.60e-11	5.92e-10	2.09e-08	1.90e-05	1.05e-03	1.66e-02	7.83e-02	1.99e-01	2.46e-01	1.51e-01	1.03e-01	1.71e-01	3.21e-02	2.00e-03
 9.74424e+22	7.23e-30	9.01e-19	1.06e-15	3.09e-13	1.95e-11	6.90e-10	2.35e-08	2.11e-05	1.15e-03	1.81e-02	8.37e-02	2.07e-01	2.49e-01	1.50e-01	9.92e-02	1.61e-01	2.93e-02	1.78e-03
 9.80363e+22	1.10e-29	1.33e-18	1.50e-15	4.16e-13	2.49e-11	8.38e-10	2.73e-08	2.40e-05	1.30e-03	2.01e-02	9.07e-02	2.17e-01	2.54e-01	1.47e-01	9.43e-02	1.48e-01	2.60e-02	1.52e-03
 9.86340e+22	1.51e-29	1.79e-18	1.95e-15	5.22e-13	3.02e-11	9.74e-10	3.06e-08	2.65e-05	1.43e-03	2.18e-02	9.63e-02	2.24e-01	2.56e-01	1.45e-01	9.06e-02	1.39e-01	2.37e-02	1.34e-03
 9.92368e+22	2.28e-29	2.62e-18	2.74e-15	6.97e-13	3.84e-11	1.18e-09	3.54e-08	3.00e-05	1.60e-03	2.41e-02	1.04e-01	2.34e-01	2.59e-01	1.42e-01	8.58e-02	1.28e-01	2.10e-02	1.14e-03
 9.98544e+22	3.15e-29	3.53e-18	3.57e-15	8.76e-13	4.65e-11	1.37e-09	3.98e-08	3.31e-05	1.75e-03	2.60e-02	1.10e-01	2.41e-01	2.61e-01	1.39e-01	8.21e-02	1.20e-01	1.90e-02	1.01e-03
 1.00390e+23	4.24e-29	4.64e-18	4.56e-15	1.08e-12	5.54e-11	1.58e-09	4.43e-08	3.62e-05	1.89e-03	2.78e-02	1.15e-01	2.48e-01	2.62e-01	1.36e-01	7.87e-02	1.12e-01	1.73e-02	8.93e-04
 1.00986e+23	6.23e-29	6.62e-18	6.27e-15	1.42e-12	6.96e-11	1.89e-09	5.10e-08	4.06e-05	2.10e-03	3.04e-02	1.23e-01	2.56e-01	2.63e-01	1.33e-01	7.43e-02	1.03e-01	1.53e-02	7.62e-04
 1.01583e+23	8.28e-29	8.59e-18	7.91e-15	1.73e-12	8.25e-11	2.17e-09	5.67e-08	4.42e-05	2.26e-03	3.24e-02	1.29e-01	2.62e-01	2.63e-01	1.30e-01	7.11e-02	9.65e-02	1.40e-02	6.77e-04
 1.02184e+23	1.20e-28	1.21e-17	1.07e-14	2.25e-12	1.03e-10	2.59e-09	6.50e-08	4.93e-05	2.49e-03	3.51e-02	1.37e-01	2.69e-01	2.63e-01	1.26e-01	6.71e-02	8.85e-02	1.24e-02	5.79e-04
 1.02799e+23	1.61e-28	1.58e-17	1.36e-14	2.77e-12	1.22e-10	2.98e-09	7.25e-08	5.38e-05	2.68e-03	3.74e-02	1.43e-01	2.74e-01	2.62e-01	1.23e-01	6.39e-02	8.25e-02	1.12e-02	5.10e-04
 1.03342e+23	2.14e-28	2.04e-17	1.72e-14	3.38e-12	1.45e-10	3.41e-09	8.05e-08	5.84e-05	2.88e-03	3.97e-02	1.49e-01	2.79e-01	2.61e-01	1.19e-01	6.10e-02	7.71e-02	1.02e-02	4.51e-04
 1.03957e+23	3.09e-28	2.85e-17	2.32e-14	4.37e-12	1.80e-10	4.06e-09	9.23e-08	6.48e-05	3.15e-03	4.29e-02	1.57e-01	2.85e-01	2.59e-01	1.15e-01	5.72e-02	7.03e-02	8.98e-03	3.84e-04
 1.04571e+23	4.02e-28	3.62e-17	2.87e-14	5.27e-12	2.11e-10	4.62e-09	1.02e-07	7.01e-05	3.37e-03	4.52e-02	1.63e-01	2.90e-01	2.58e-01	1.12e-01	5.46e-02	6.58e-02	8.20e-03	3.41e-04
 1.05183e+23	5.73e-28	4.99e-17	3.83e-14	6.74e-12	2.60e-10	5.47e-09	1.16e-07	7.75e-05	3.67e-03	4.85e-02	1.71e-01	2.95e-01	2.55e-01	1.08e-01	5.12e-02	6.01e-02	7.23e-03	2.91e-04
 1.05807e+23	7.49e-28	6.35e-17	4.76e-14	8.14e-12	3.05e-10	6.24e-09	1.29e-07	8.39e-05	3.92e-03	5.12e-02	1.77e-01	2.98e-01	2.53e-01	1.04e-01	4.87e-02	5.60e-02	6.56e-03	2.57e-04
 1.06447e+23	1.07e-27	8.75e-17	6.35e-14	1.04e-11	3.77e-10	7.41e-09	1.48e-07	9.28e-05	4.27e-03	5.49e-02	1.85e-01	3.03e-01	2.50e-01	1.00e-01	4.55e-02	5.10e-02	5.76e-03	2.18e-04
 1.07099e+23	1.40e-27	1.12e-16	7.91e-14	1.26e-11	4.43e-10	8.46e-09	1.64e-07	1.01e-04	4.56e-03	5.78e-02	1.92e-01	3.06e-01	2.47e-01	9.68e-02	4.32e-02	4.73e-02	5.21e-03	1.92e-04
 1.07766e+23	2.01e-27	1.54e-16	1.06e-13	1.62e-11	5.49e-10	1.01e-08	1.88e-07	1.11e-04	4.96e-03	6.18e-02	2.00e-01	3.10e-01	2.43e-01	9.24e-02	4.02e-02	4.28e-02	4.55e-03	1.62e-04
 1.08446e+23	4.05e-28	1.97e-16	1.32e-13	1.97e-11	6.47e-10	1.15e-08	2.10e-07	1.21e-04	5.29e-03	6.51e-02	2.07e-01	3.12e-01	2.40e-01	8.90e-02	3.80e-02	3.97e-02	4.10e-03	1.42e-04
 1.09142e+23	5.87e-28	2.72e-16	1.77e-13	2.53e-11	8.02e-10	1.38e-08	2.41e-07	1.34e-04	5.76e-03	6.95e-02	2.16e-01	3.15e-01	2.35e-01	8.47e-02	3.52e-02	3.58e-02	3.56e-03	1.19e-04
 1.09822e+23	7.56e-28	3.38e-16	2.15e-13	3.01e-11	9.31e-10	1.56e-08	2.66e-07	1.44e-04	6.11e-03	7.27e-02	2.22e-01	3.16e-01	2.31e-01	8.17e-02	3.34e-02	3.33e-02	3.23e-03	1.05e-04
 1.10482e+23	1.07e-27	4.59e-16	2.83e-13	3.82e-11	1.14e-09	1.84e-08	3.03e-07	1.59e-04	6.60e-03	7.72e-02	2.30e-01	3.18e-01	2.26e-01	7.77e-02	3.10e-02	3.01e-02	2.82e-03	8.88e-05
 1.11152e+23	1.39e-27	5.70e-16	3.44e-13	4.54e-11	1.32e-09	2.08e-08	3.35e-07	1.71e-04	7.00e-03	8.07e-02	2.36e-01	3.19e-01	2.22e-01	7.48e-02	2.93e-02	2.80e-02	2.56e-03	7.85e-05
 1.11835e+23	1.95e-27	7.66e-16	4.50e-13	5.72e-11	1.61e-09	2.45e-08	3.82e-07	1.89e-04	7.55e-03	8.54e-02	2.44e-01	3.20e-01	2.17e-01	7.10e-02	2.72e-02	2.53e-02	2.23e-03	6.63e-05
 1.12540e+23	2.59e-27	9.72e-16	5.58e-13	6.91e-11	1.90e-09	2.80e-08	4.25e-07	2.04e-04	8.04e-03	8.95e-02	2.51e-01	3.20e-01	2.12e-01	6.79e-02	2.55e-02	2.33e-02	2.00e-03	5.77e-05
 1.13272e+23	3.66e-27	1.31e-15	7.30e-13	8.74e-11	2.32e-09	3.31e-08	4.86e-07	2.26e-04	8.69e-03	9.47e-02	2.59e-01	3.20e-01	2.07e-01	6.42e-02	2.36e-02	2.09e-02	1.74e-03	4.85e-05
 1.14027e+23	4.92e-27	1.68e-15	9.16e-13	1.07e-10	2.76e-09	3.82e-08	5.45e-07	2.46e-04	9.27e-03	9.93e-02	2.66e-01	3.20e-01	2.02e-01	6.11e-02	2.20e-02	1.91e-02	1.54e-03	4.18e-05
 1.14814e+23	7.06e-27	2.28e-15	1.21e-12	1.36e-10	3.41e-09	4.55e-08	6.28e-07	2.73e-04	1.00e-02	1.05e-01	2.74e-01	3.19e-01	1.95e-01	5.74e-02	2.02e-02	1.71e-02	1.33e-03	3.47e-05
 1.15622e+23	9.59e-27	2.95e-15	1.53e-12	1.67e-10	4.07e-09	5.27e-08	7.07e-07	2.98e-04	1.07e-02	1.10e-01	2.81e-01	3.18e-01	1.90e-01	5.44e-02	1.88e-02	1.55e-02	1.17e-03	2.97e-05
 1.16457e+23	1.39e-26	4.05e-15	2.04e-12	2.15e-10	5.06e-09	6.32e-08	8.18e-07	3.32e-04	1.17e-02	1.17e-01	2.89e-01	3.16e-01	1.83e-01	5.09e-02	1.71e-02	1.38e-02	9.99e-04	2.44e-05
 1.17320e+23	1.92e-26	5.29e-15	2.60e-12	2.66e-10	6.09e-09	7.38e-08	9.27e-07	3.64e-04	1.25e-02	1.23e-01	2.96e-01	3.14e-01	1.77e-01	4.80e-02	1.58e-02	1.24e-02	8.73e-04	2.06e-05
 1.18217e+23	2.84e-26	7.35e-15	3.51e-12	3.47e-10	7.64e-09	8.93e-08	1.08e-06	4.08e-04	1.36e-02	1.30e-01	3.05e-01	3.11e-01	1.70e-01	4.45e-02	1.43e-02	1.09e-02	7.37e-04	1.68e-05
 1.19142e+23	3.96e-26	9.72e-15	4.52e-12	4.33e-10	9.27e-09	1.05e-07	1.23e-06	4.49e-04	1.46e-02	1.36e-01	3.12e-01	3.08e-01	1.63e-01	4.17e-02	1.32e-02	9.77e-03	6.38e-04	1.40e-05
 1.19976e+23	5.41e-26	1.26e-14	5.73e-12	5.35e-10	1.11e-08	1.22e-07	1.39e-06	4.92e-04	1.56e-02	1.43e-01	3.18e-01	3.05e-01	1.58e-01	3.92e-02	1.21e-02	8.79e-03	5.56e-04	1.19e-05
 1.20931e+23	8.24e-26	1.80e-14	7.90e-12	7.09e-10	1.42e-08	1.50e-07	1.64e-06	5.55e-04	1.71e-02	1.51e-01	3.26e-01	3.00e-01	1.50e-01	3.59e-02	1.08e-02	7.60e-03	4.61e-04	9.40e-06
 1.21894e+23	1.13e-25	2.33e-14	1.00e-11	8.75e-10	1.70e-08	1.75e-07	1.86e-06	6.09e-04	1.82e-02	1.58e-01	3.32e-01	2.96e-01	1.44e-01	3.37e-02	9.94e-03	6.82e-03	4.00e-04	7.91e-06
 1.22867e+23	1.70e-25	3.29e-14	1.37e-11	1.15e-09	2.16e-08	2.13e-07	2.18e-06	6.85e-04	1.99e-02	1.67e-01	3.39e-01	2.91e-01	1.36e-01	3.08e-02	8.86e-03	5.89e-03	3.31e-04	6.27e-06
 1.23862e+23	2.38e-25	4.35e-14	1.77e-11	1.44e-09	2.63e-08	2.51e-07	2.49e-06	7.54e-04	2.13e-02	1.74e-01	3.45e-01	2.86e-01	1.30e-01	2.86e-02	8.06e-03	5.22e-03	2.83e-04	5.19e-06
 1.24883e+23	3.63e-25	6.18e-14	2.44e-11	1.91e-09	3.35e-08	3.07e-07	2.94e-06	8.51e-04	2.32e-02	1.84e-01	3.52e-01	2.79e-01	1.23e-01	2.60e-02	7.14e-03	4.48e-03	2.33e-04	4.07e-06
 1.25925e+23	5.16e-25	8.29e-14	3.18e-11	2.42e-09	4.11e-08	3.65e-07	3.37e-06	9.40e-04	2.49e-02	1.92e-01	3.57e-01	2.74e-01	1.17e-01	2.40e-02	6.44e-03	3.93e-03	1.97e-04	3.32e-06
 1.26852e+23	7.25e-25	1.10e-13	4.12e-11	3.03e-09	5.01e-08	4.30e-07	3.85e-06	1.04e-03	2.67e-02	2.01e-01	3.62e-01	2.68e-01	1.11e-01	2.21e-02	5.82e-03	3.46e-03	1.67e-04	2.71e-06
 1.27914e+23	1.13e-24	1.60e-13	5.77e-11	4.08e-09	6.47e-08	5.32e-07	4.58e-06	1.17e-03	2.91e-02	2.12e-01	3.67e-01	2.59e-01	1.03e-01	1.99e-02	5.09e-03	2.92e-03	1.34e-04	2.08e-06
 1.28923e+23	1.51e-24	2.04e-13	7.21e-11	4.96e-09	7.66e-08	6.14e-07	5.14e-06	1.28e-03	3.09e-02	2.19e-01	3.71e-01	2.54e-01	9.85e-02	1.85e-02	4.65e-03	2.61e-03	1.16e-04	1.74e-06
 1.29864e+23	2.25e-24	2.84e-13	9.75e-11	6.46e-09	9.64e-08	7.44e-07	6.00e-06	1.43e-03	3.33e-02	2.29e-01	3.75e-01	2.46e-01	9.22e-02	1.67e-02	4.11e-03	2.22e-03	9.47e-05	1.36e-06
 1.30806e+23	3.02e-24	3.63e-13	1.22e-10	7.86e-09	1.14e-07	8.59e-07	6.74e-06	1.55e-03	3.53e-02	2.37e-01	3.77e-01	2.40e-01	8.76e-02	1.55e-02	3.74e-03	1.98e-03	8.14e-05	1.13e-06
 1.31750e+23	4.43e-24	5.01e-13	1.63e-10	1.02e-08	1.43e-07	1.04e-06	7.85e-06	1.73e-03	3.80e-02	2.47e-01	3.81e-01	2.32e-01	8.18e-02	1.39e-02	3.30e-03	1.69e-03	6.66e-05	8.87e-07
 1.32716e+23	6.08e-24	6.53e-13	2.08e-10	1.25e-08	1.72e-07	1.21e-06	8.90e-06	1.89e-03	4.04e-02	2.56e-01	3.83e-01	2.25e-01	7.71e-02	1.28e-02	2.97e-03	1.48e-03	5.63e-05	7.24e-07
 1.33712e+23	9.14e-24	9.21e-13	2.83e-10	1.65e-08	2.18e-07	1.48e-06	1.05e-05	2.12e-03	4.36e-02	2.67e-01	3.85e-01	2.16e-01	7.13e-02	1.14e-02	2.59e-03	1.24e-03	4.50e-05	5.52e-07
 1.34713e+23	1.25e-23	1.19e-12	3.59e-10	2.03e-08	2.62e-07	1.72e-06	1.19e-05	2.31e-03	4.63e-02	2.76e-01	3.86e-01	2.09e-01	6.70e-02	1.04e-02	2.32e-03	1.08e-03	3.79e-05	4.49e-07
 1.35721e+23	1.87e-23	1.68e-12	4.89e-10	2.66e-08	3.32e-07	2.11e-06	1.40e-05	2.60e-03	5.00e-02	2.88e-01	3.87e-01	1.99e-01	6.16e-02	9.23e-03	2.01e-03	9.04e-04	3.01e-05	3.39e-07
 1.36748e+23	2.60e-23	2.21e-12	6.26e-10	3.30e-08	4.02e-07	2.48e-06	1.60e-05	2.85e-03	5.32e-02	2.97e-01	3.87e-01	1.92e-01	5.75e-02	8.35e-03	1.79e-03	7.80e-04	2.49e-05	2.70e-07
 1.37802e+23	3.95e-23	3.13e-12	8.61e-10	4.37e-08	5.16e-07	3.06e-06	1.91e-05	3.22e-03	5.76e-02	3.09e-01	3.86e-01	1.82e-01	5.23e-02	7.31e-03	1.53e-03	6.40e-04	1.94e-05	2.00e-07
 1.38876e+23	5.52e-23	4.14e-12	1.11e-09	5.47e-08	6.30e-07	3.63e-06	2.20e-05	3.55e-03	6.13e-02	3.19e-01	3.85e-01	1.73e-01	4.84e-02	6.55e-03	1.35e-03	5.45e-04	1.59e-05	1.57e-07
 1.39977e+23	8.47e-23	5.93e-12	1.54e-09	7.31e-08	8.16e-07	4.53e-06	2.64e-05	4.04e-03	6.66e-02	3.33e-01	3.83e-01	1.63e-01	4.36e-02	5.66e-03	1.14e-03	4.40e-04	1.21e-05	0.00e+00
 1.41090e+23	1.19e-22	7.83e-12	1.98e-09	9.17e-08	9.99e-07	5.39e-06	3.05e-05	4.47e-03	7.10e-02	3.43e-01	3.80e-01	1.55e-01	4.00e-02	5.03e-03	9.94e-04	3.71e-04	9.77e-06	0.00e+00
 1.42029e+23	1.60e-22	1.01e-11	2.49e-09	1.12e-07	1.20e-06	6.32e-06	3.49e-05	4.90e-03	7.53e-02	3.52e-01	3.78e-01	1.47e-01	3.69e-02	4.50e-03	8.76e-04	3.16e-04	8.00e-06	0.00e+00
 1.43054e+23	2.34e-22	1.38e-11	3.33e-09	1.46e-07	1.52e-06	7.76e-06	4.15e-05	5.52e-03	8.11e-02	3.64e-01	3.73e-01	1.38e-01	3.32e-02	3.89e-03	7.42e-04	2.57e-04	6.16e-06	0.00e+00
 1.44084e+23	3.16e-22	1.76e-11	4.16e-09	1.78e-07	1.83e-06	9.11e-06	4.76e-05	6.06e-03	8.60e-02	3.74e-01	3.69e-01	1.30e-01	3.05e-02	3.46e-03	6.50e-04	2.17e-04	4.99e-06	0.00e+00
 1.45088e+23	4.48e-22	2.34e-11	5.43e-09	2.27e-07	2.29e-06	1.11e-05	5.63e-05	6.79e-03	9.22e-02	3.85e-01	3.63e-01	1.21e-01	2.73e-02	2.99e-03	5.52e-04	1.77e-04	3.86e-06	0.00e+00
 1.46113e+23	6.03e-22	2.98e-11	6.79e-09	2.79e-07	2.76e-06	1.31e-05	6.49e-05	7.49e-03	9.79e-02	3.95e-01	3.58e-01	1.14e-01	2.49e-02	2.63e-03	4.79e-04	1.48e-04	3.09e-06	0.00e+00
 1.47119e+23	8.31e-22	3.87e-11	8.67e-09	3.50e-07	3.41e-06	1.58e-05	7.64e-05	8.37e-03	1.05e-01	4.05e-01	3.51e-01	1.06e-01	2.23e-02	2.27e-03	4.07e-04	1.20e-04	2.39e-06	0.00e+00
 1.48146e+23	1.11e-21	4.90e-11	1.08e-08	4.30e-07	4.15e-06	1.87e-05	8.88e-05	9.26e-03	1.11e-01	4.14e-01	3.44e-01	9.90e-02	2.01e-02	1.98e-03	3.49e-04	9.94e-05	1.88e-06	0.00e+00
 1.49158e+23	1.50e-21	6.21e-11	1.36e-08	5.32e-07	5.06e-06	2.24e-05	1.04e-04	1.03e-02	1.18e-01	4.24e-01	3.36e-01	9.18e-02	1.80e-02	1.71e-03	2.96e-04	8.11e-05	1.46e-06	0.00e+00
 1.50178e+23	1.98e-21	7.76e-11	1.68e-08	6.51e-07	6.14e-06	2.66e-05	1.21e-04	1.14e-02	1.26e-01	4.32e-01	3.27e-01	8.50e-02	1.61e-02	1.48e-03	2.53e-04	6.63e-05	1.14e-06	0.00e+00
 1.51186e+23	2.61e-21	9.60e-11	2.06e-08	7.93e-07	7.42e-06	3.15e-05	1.41e-04	1.27e-02	1.34e-01	4.41e-01	3.18e-01	7.86e-02	1.43e-02	1.28e-03	2.15e-04	5.42e-05	8.86e-07	0.00e+00
 1.52192e+23	3.39e-21	1.18e-10	2.52e-08	9.61e-07	8.93e-06	3.73e-05	1.64e-04	1.40e-02	1.42e-01	4.48e-01	3.09e-01	7.26e-02	1.28e-02	1.10e-03	1.82e-04	4.42e-05	6.90e-07	0.00e+00
 1.53199e+23	4.39e-21	1.43e-10	3.06e-08	1.16e-06	1.07e-05	4.41e-05	1.91e-04	1.55e-02	1.50e-01	4.55e-01	3.00e-01	6.69e-02	1.14e-02	9.46e-04	1.55e-04	3.60e-05	5.35e-07	0.00e+00
 1.54210e+23	5.62e-21	1.72e-10	3.69e-08	1.40e-06	1.29e-05	5.20e-05	2.21e-04	1.71e-02	1.59e-01	4.61e-01	2.90e-01	6.15e-02	1.01e-02	8.13e-04	1.31e-04	2.93e-05	4.15e-07	0.00e+00
 1.55225e+23	7.17e-21	2.06e-10	4.44e-08	1.68e-06	1.54e-05	6.12e-05	2.57e-04	1.89e-02	1.68e-01	4.67e-01	2.80e-01	5.64e-02	8.98e-03	6.98e-04	1.11e-04	2.38e-05	3.21e-07	0.00e+00
 1.56248e+23	9.10e-21	2.45e-10	5.31e-08	2.01e-06	1.84e-05	7.19e-05	2.99e-04	2.09e-02	1.77e-01	4.72e-01	2.70e-01	5.16e-02	7.95e-03	5.97e-04	9.35e-05	1.93e-05	2.48e-07	0.00e+00
 1.57283e+23	1.15e-20	2.90e-10	6.34e-08	2.40e-06	2.19e-05	8.45e-05	3.47e-04	2.31e-02	1.87e-01	4.76e-01	2.59e-01	4.71e-02	7.03e-03	5.10e-04	7.87e-05	1.56e-05	1.91e-07	0.00e+00
 1.58323e+23	1.45e-20	3.41e-10	7.53e-08	2.85e-06	2.60e-05	9.91e-05	4.02e-04	2.54e-02	1.96e-01	4.79e-01	2.49e-01	4.30e-02	6.21e-03	4.36e-04	6.62e-05	1.26e-05	1.47e-07	0.00e+00
 1.59380e+23	1.82e-20	3.99e-10	8.94e-08	3.39e-06	3.09e-05	1.16e-04	4.68e-04	2.81e-02	2.07e-01	4.82e-01	2.38e-01	3.91e-02	5.45e-03	3.70e-04	5.54e-05	1.01e-05	0.00e+00	0.00e+00
 1.60447e+23	2.27e-20	4.64e-10	1.06e-07	4.01e-06	3.66e-05	1.36e-04	5.41e-04	3.09e-02	2.17e-01	4.83e-01	2.27e-01	3.55e-02	4.80e-03	3.15e-04	4.65e-05	8.16e-06	0.00e+00	0.00e+00
 1.61536e+23	2.85e-20	5.39e-10	1.25e-07	4.77e-06	4.36e-05	1.60e-04	6.30e-04	3.41e-02	2.28e-01	4.84e-01	2.16e-01	3.21e-02	4.20e-03	2.66e-04	3.87e-05	6.51e-06	0.00e+00	0.00e+00
 1.62644e+23	3.55e-20	6.23e-10	1.48e-07	5.65e-06	5.15e-05	1.86e-04	7.30e-04	3.75e-02	2.39e-01	4.84e-01	2.05e-01	2.90e-02	3.68e-03	2.26e-04	3.22e-05	5.22e-06	0.00e+00	0.00e+00
 1.63659e+23	4.28e-20	7.02e-10	1.70e-07	6.49e-06	5.93e-05	2.12e-04	8.25e-04	4.06e-02	2.49e-01	4.83e-01	1.97e-01	2.66e-02	3.29e-03	1.96e-04	2.77e-05	4.33e-06	0.00e+00	0.00e+00
 1.64718e+23	5.37e-20	8.11e-10	2.01e-07	7.73e-06	7.06e-05	2.49e-04	9.64e-04	4.48e-02	2.61e-01	4.81e-01	1.85e-01	2.38e-02	2.84e-03	1.64e-04	2.27e-05	3.41e-06	0.00e+00	0.00e+00
 1.65796e+23	6.51e-20	9.14e-10	2.32e-07	8.90e-06	8.12e-05	2.84e-04	1.09e-03	4.85e-02	2.71e-01	4.78e-01	1.77e-01	2.17e-02	2.53e-03	1.42e-04	1.94e-05	2.81e-06	0.00e+00	0.00e+00
 1.66907e+23	8.28e-20	1.06e-09	2.77e-07	1.06e-05	9.70e-05	3.34e-04	1.27e-03	5.36e-02	2.83e-01	4.74e-01	1.66e-01	1.93e-02	2.18e-03	1.18e-04	1.58e-05	2.20e-06	0.00e+00	0.00e+00
 1.68022e+23	2.36e-19	1.19e-09	3.18e-07	1.22e-05	1.11e-04	3.79e-04	1.44e-03	5.78e-02	2.93e-01	4.70e-01	1.57e-01	1.76e-02	1.94e-03	1.02e-04	1.35e-05	1.81e-06	0.00e+00	0.00e+00
 1.69142e+23	1.27e-18	1.37e-09	3.78e-07	1.45e-05	1.32e-04	4.44e-04	1.67e-03	6.36e-02	3.06e-01	4.64e-01	1.47e-01	1.56e-02	1.66e-03	8.46e-05	1.10e-05	1.41e-06	0.00e+00	0.00e+00
 1.70265e+23	1.80e-18	1.54e-09	4.34e-07	1.67e-05	1.51e-04	5.01e-04	1.88e-03	6.84e-02	3.15e-01	4.59e-01	1.39e-01	1.42e-02	1.48e-03	7.33e-05	9.41e-06	1.17e-06	0.00e+00	0.00e+00
 1.71394e+23	2.91e-18	1.77e-09	5.17e-07	1.98e-05	1.79e-04	5.85e-04	2.18e-03	7.50e-02	3.27e-01	4.51e-01	1.30e-01	1.25e-02	1.27e-03	6.07e-05	7.66e-06	9.10e-07	0.00e+00	0.00e+00
 1.72535e+23	4.70e-18	2.00e-09	5.95e-07	2.27e-05	2.04e-04	6.59e-04	2.44e-03	8.04e-02	3.36e-01	4.45e-01	1.22e-01	1.14e-02	1.13e-03	5.24e-05	6.53e-06	7.50e-07	0.00e+00	0.00e+00
 1.73692e+23	9.57e-18	2.31e-09	7.12e-07	2.70e-05	2.42e-04	7.68e-04	2.83e-03	8.80e-02	3.48e-01	4.36e-01	1.13e-01	1.00e-02	9.65e-04	4.33e-05	5.29e-06	5.83e-07	0.00e+00	0.00e+00
 1.74864e+23	2.19e-17	2.61e-09	8.23e-07	3.11e-05	2.76e-04	8.65e-04	3.16e-03	9.42e-02	3.57e-01	4.28e-01	1.07e-01	9.07e-03	8.53e-04	3.73e-05	4.49e-06	4.78e-07	0.00e+00	0.00e+00
 1.76056e+23	7.32e-17	3.04e-09	9.89e-07	3.71e-05	3.27e-04	1.01e-03	3.65e-03	1.03e-01	3.68e-01	4.17e-01	9.82e-02	7.94e-03	7.26e-04	3.06e-05	3.63e-06	3.70e-07	0.00e+00	0.00e+00
 1.77269e+23	2.35e-16	3.46e-09	1.15e-06	4.28e-05	3.74e-04	1.13e-03	4.09e-03	1.10e-01	3.77e-01	4.08e-01	9.19e-02	7.14e-03	6.39e-04	2.62e-05	3.06e-06	3.01e-07	0.00e+00	0.00e+00
 1.78512e+23	5.63e-16	4.06e-09	1.40e-06	5.13e-05	4.44e-04	1.32e-03	4.72e-03	1.20e-01	3.87e-01	3.96e-01	8.41e-02	6.21e-03	5.40e-04	2.14e-05	2.45e-06	2.31e-07	0.00e+00	0.00e+00
 1.79783e+23	9.28e-16	4.67e-09	1.64e-06	5.96e-05	5.10e-04	1.49e-03	5.28e-03	1.28e-01	3.95e-01	3.86e-01	7.82e-02	5.55e-03	4.72e-04	1.82e-05	2.05e-06	1.86e-07	0.00e+00	0.00e+00
 1.81091e+23	1.51e-15	5.56e-09	2.01e-06	7.21e-05	6.08e-04	1.74e-03	6.11e-03	1.39e-01	4.04e-01	3.72e-01	7.10e-02	4.79e-03	3.96e-04	1.47e-05	1.62e-06	1.41e-07	0.00e+00	0.00e+00
 1.82425e+23	2.21e-15	6.49e-09	2.39e-06	8.43e-05	7.00e-04	1.96e-03	6.83e-03	1.48e-01	4.11e-01	3.61e-01	6.57e-02	4.26e-03	3.44e-04	1.24e-05	1.35e-06	0.00e+00	0.00e+00	0.00e+00
 1.83549e+23	2.98e-15	7.41e-09	2.77e-06	9.67e-05	7.92e-04	2.19e-03	7.53e-03	1.57e-01	4.17e-01	3.51e-01	6.11e-02	3.83e-03	3.03e-04	1.06e-05	1.14e-06	0.00e+00	0.00e+00	0.00e+00
 1.84765e+23	4.28e-15	8.80e-09	3.36e-06	1.15e-04	9.28e-04	2.50e-03	8.54e-03	1.68e-01	4.23e-01	3.37e-01	5.56e-02	3.33e-03	2.57e-04	8.72e-06	9.22e-07	0.00e+00	0.00e+00	0.00e+00
 1.85948e+23	5.60e-15	1.00e-08	3.88e-06	1.31e-04	1.04e-03	2.76e-03	9.33e-03	1.77e-01	4.27e-01	3.27e-01	5.20e-02	3.01e-03	2.29e-04	7.57e-06	7.90e-07	0.00e+00	0.00e+00	0.00e+00
 1.87089e+23	7.67e-15	1.18e-08	4.65e-06	1.55e-04	1.20e-03	3.13e-03	1.05e-02	1.88e-01	4.32e-01	3.14e-01	4.74e-02	2.64e-03	1.96e-04	6.27e-06	6.44e-07	0.00e+00	0.00e+00	0.00e+00
 1.88242e+23	9.95e-15	1.36e-08	5.39e-06	1.76e-04	1.35e-03	3.44e-03	1.14e-02	1.97e-01	4.35e-01	3.05e-01	4.41e-02	2.38e-03	1.74e-04	5.44e-06	5.51e-07	0.00e+00	0.00e+00	0.00e+00
 1.89409e+23	1.36e-14	1.62e-08	6.50e-06	2.09e-04	1.56e-03	3.89e-03	1.27e-02	2.09e-01	4.39e-01	2.92e-01	4.01e-02	2.08e-03	1.48e-04	4.49e-06	4.48e-07	0.00e+00	0.00e+00	0.00e+00
 1.90594e+23	1.76e-14	1.89e-08	7.58e-06	2.39e-04	1.75e-03	4.29e-03	1.38e-02	2.19e-01	4.40e-01	2.82e-01	3.72e-02	1.87e-03	1.31e-04	3.87e-06	3.81e-07	0.00e+00	0.00e+00	0.00e+00
 1.91801e+23	2.41e-14	2.27e-08	9.21e-06	2.84e-04	2.04e-03	4.85e-03	1.54e-02	2.32e-01	4.42e-01	2.68e-01	3.36e-02	1.62e-03	1.11e-04	3.18e-06	3.08e-07	0.00e+00	0.00e+00	0.00e+00
 1.93026e+23	3.13e-14	2.67e-08	1.08e-05	3.27e-04	2.29e-03	5.34e-03	1.68e-02	2.42e-01	4.43e-01	2.58e-01	3.10e-02	1.45e-03	9.76e-05	2.73e-06	2.61e-07	0.00e+00	0.00e+00	0.00e+00
 1.94273e+23	4.31e-14	3.25e-08	1.32e-05	3.90e-04	2.66e-03	6.05e-03	1.87e-02	2.55e-01	4.43e-01	2.45e-01	2.78e-02	1.25e-03	8.22e-05	2.22e-06	2.09e-07	0.00e+00	0.00e+00	0.00e+00
 1.95543e+23	5.63e-14	3.86e-08	1.56e-05	4.51e-04	3.00e-03	6.66e-03	2.03e-02	2.66e-01	4.43e-01	2.34e-01	2.56e-02	1.12e-03	7.20e-05	1.90e-06	1.76e-07	0.00e+00	0.00e+00	0.00e+00
 1.96843e+23	7.82e-14	4.77e-08	1.93e-05	5.43e-04	3.50e-03	7.56e-03	2.26e-02	2.80e-01	4.41e-01	2.21e-01	2.28e-02	9.57e-04	6.01e-05	1.53e-06	1.39e-07	0.00e+00	0.00e+00	0.00e+00
 1.98170e+23	1.03e-13	5.73e-08	2.29e-05	6.31e-04	3.96e-03	8.34e-03	2.45e-02	2.91e-01	4.39e-01	2.11e-01	2.08e-02	8.49e-04	5.22e-05	1.30e-06	0.00e+00	0.00e+00	0.00e+00	0.00e+00
 1.99532e+23	1.45e-13	7.19e-08	2.86e-05	7.64e-04	4.63e-03	9.47e-03	2.72e-02	3.06e-01	4.35e-01	1.97e-01	1.84e-02	7.20e-04	4.32e-05	1.04e-06	0.00e+00	0.00e+00	0.00e+00	0.00e+00
 2.00930e+23	1.93e-13	8.76e-08	3.44e-05	8.95e-04	5.27e-03	1.05e-02	2.96e-02	3.18e-01	4.31e-01	1.87e-01	1.67e-02	6.32e-04	3.71e-05	8.65e-07	0.00e+00	0.00e+00	0.00e+00	0.00e+00
 2.02377e+23	2.78e-13	1.12e-07	4.34e-05	1.10e-03	6.20e-03	1.19e-02	3.29e-02	3.34e-01	4.26e-01	1.74e-01	1.46e-02	5.31e-04	3.04e-05	6.83e-07	0.00e+00	0.00e+00	0.00e+00	0.00e+00
 2.03839e+23	3.98e-14	1.38e-07	5.24e-05	1.29e-03	7.05e-03	1.32e-02	3.56e-02	3.45e-01	4.20e-01	1.64e-01	1.32e-02	4.64e-04	2.60e-05	5.69e-07	0.00e+00	0.00e+00	0.00e+00	0.00e+00
 2.05323e+23	6.42e-14	1.79e-07	6.66e-05	1.58e-03	8.30e-03	1.50e-02	3.94e-02	3.60e-01	4.12e-01	1.51e-01	1.14e-02	3.87e-04	2.11e-05	4.45e-07	0.00e+00	0.00e+00	0.00e+00	0.00e+00
 2.06822e+23	1.04e-13	2.22e-07	8.06e-05	1.86e-03	9.43e-03	1.65e-02	4.25e-02	3.72e-01	4.05e-01	1.42e-01	1.02e-02	3.37e-04	1.80e-05	3.69e-07	0.00e+00	0.00e+00	0.00e+00	0.00e+00
 2.08341e+23	1.81e-13	2.90e-07	1.03e-04	2.28e-03	1.11e-02	1.87e-02	4.69e-02	3.86e-01	3.95e-01	1.30e-01	8.83e-03	2.80e-04	1.45e-05	2.87e-07	0.00e+00	0.00e+00	0.00e+00	0.00e+00
 2.09888e+23	2.80e-13	3.62e-07	1.25e-04	2.69e-03	1.26e-02	2.06e-02	5.04e-02	3.97e-01	3.87e-01	1.22e-01	7.87e-03	2.42e-04	1.22e-05	2.35e-07	0.00e+00	0.00e+00	0.00e+00	0.00e+00
 2.11253e+23	4.15e-13	4.49e-07	1.51e-04	3.17e-03	1.43e-02	2.27e-02	5.42e-02	4.07e-01	3.78e-01	1.13e-01	6.98e-03	2.09e-04	1.03e-05	1.93e-07	0.00e+00	0.00e+00	0.00e+00	0.00e+00
 2.12812e+23	6.79e-13	5.94e-07	1.93e-04	3.89e-03	1.67e-02	2.56e-02	5.92e-02	4.19e-01	3.66e-01	1.03e-01	5.99e-03	1.73e-04	8.28e-06	1.50e-07	0.00e+00	0.00e+00	0.00e+00	0.00e+00
 2.14402e+23	1.01e-12	7.46e-07	2.36e-04	4.59e-03	1.90e-02	2.82e-02	6.36e-02	4.29e-01	3.55e-01	9.52e-02	5.26e-03	1.47e-04	6.88e-06	1.21e-07	0.00e+00	0.00e+00	0.00e+00	0.00e+00
 2.15692e+23	1.39e-12	9.07e-07	2.79e-04	5.29e-03	2.12e-02	3.05e-02	6.74e-02	4.36e-01	3.46e-01	8.89e-02	4.72e-03	1.29e-04	5.90e-06	0.00e+00	0.00e+00	0.00e+00	0.00e+00	0.00e+00
 2.17027e+23	2.03e-12	1.14e-06	3.40e-04	6.23e-03	2.40e-02	3.34e-02	7.18e-02	4.44e-01	3.35e-01	8.19e-02	4.14e-03	1.10e-04	4.92e-06	0.00e+00	0.00e+00	0.00e+00	0.00e+00	0.00e+00
 2.18433e+23	2.85e-12	1.41e-06	4.06e-04	7.22e-03	2.68e-02	3.62e-02	7.60e-02	4.50e-01	3.24e-01	7.59e-02	3.67e-03	9.52e-05	4.16e-06	0.00e+00	0.00e+00	0.00e+00	0.00e+00	0.00e+00
 2.19725e+23	3.94e-12	1.72e-06	4.82e-04	8.32e-03	2.98e-02	3.91e-02	8.02e-02	4.55e-01	3.13e-01	7.03e-02	3.26e-03	8.25e-05	3.53e-06	0.00e+00	0.00e+00	0.00e+00	0.00e+00	0.00e+00
 2.21198e+23	5.87e-12	2.22e-06	5.98e-04	9.94e-03	3.39e-02	4.29e-02	8.56e-02	4.61e-01	3.00e-01	6.37e-02	2.81e-03	6.89e-05	2.86e-06	0.00e+00	0.00e+00	0.00e+00	0.00e+00	0.00e+00
 2.22711e+23	8.36e-12	2.77e-06	7.21e-04	1.16e-02	3.80e-02	4.66e-02	9.05e-02	4.65e-01	2.87e-01	5.82e-02	2.44e-03	5.84e-05	2.37e-06	0.00e+00	0.00e+00	0.00e+00	0.00e+00	0.00e+00
 2.24040e+23	1.14e-11	3.40e-06	8.55e-04	1.33e-02	4.21e-02	5.00e-02	9.48e-02	4.67e-01	2.76e-01	5.35e-02	2.16e-03	5.04e-05	1.99e-06	0.00e+00	0.00e+00	0.00e+00	0.00e+00	0.00e+00
 2.25532e+23	1.68e-11	4.38e-06	1.05e-03	1.58e-02	4.76e-02	5.46e-02	1.00e-01	4.69e-01	2.62e-01	4.81e-02	1.84e-03	4.18e-05	1.61e-06	0.00e+00	0.00e+00	0.00e+00	0.00e+00	0.00e+00
 2.27096e+23	2.38e-11	5.51e-06	1.27e-03	1.84e-02	5.32e-02	5.89e-02	1.05e-01	4.69e-01	2.49e-01	4.34e-02	1.58e-03	3.50e-05	1.31e-06	0.00e+00	0.00e+00	0.00e+00	0.00e+00	0.00e+00
 2.28510e+23	3.26e-11	6.80e-06	1.52e-03	2.12e-02	5.88e-02	6.31e-02	1.10e-01	4.68e-01	2.37e-01	3.95e-02	1.38e-03	2.98e-05	1.09e-06	0.00e+00	0.00e+00	0.00e+00	0.00e+00	0.00e+00
 2.30105e+23	4.81e-11	8.86e-06	1.88e-03	2.52e-02	6.64e-02	6.85e-02	1.15e-01	4.65e-01	2.21e-01	3.49e-02	1.15e-03	2.43e-05	8.57e-07	0.00e+00	0.00e+00	0.00e+00	0.00e+00	0.00e+00
 2.31754e+23	6.81e-11	1.12e-05	2.27e-03	2.93e-02	7.37e-02	7.34e-02	1.20e-01	4.61e-01	2.08e-01	3.11e-02	9.80e-04	2.01e-05	6.91e-07	0.00e+00	0.00e+00	0.00e+00	0.00e+00	0.00e+00
 2.33223e+23	9.29e-11	1.38e-05	2.70e-03	3.36e-02	8.10e-02	7.81e-02	1.24e-01	4.56e-01	1.95e-01	2.79e-02	8.40e-04	1.69e-05	5.64e-07	0.00e+00	0.00e+00	0.00e+00	0.00e+00	0.00e+00
 2.34886e+23	1.37e-10	1.80e-05	3.34e-03	3.97e-02	9.09e-02	8.40e-02	1.29e-01	4.48e-01	1.80e-01	2.42e-02	6.91e-04	1.35e-05	4.36e-07	0.00e+00	0.00e+00	0.00e+00	0.00e+00	0.00e+00
 2.36616e+23	1.94e-10	2.28e-05	4.03e-03	4.60e-02	1.00e-01	8.94e-02	1.33e-01	4.38e-01	1.67e-01	2.13e-02	5.77e-04	1.10e-05	3.44e-07	0.00e+00	0.00e+00	0.00e+00	0.00e+00	0.00e+00
 2.38173e+23	2.65e-10	2.83e-05	4.78e-03	5.26e-02	1.10e-01	9.43e-02	1.37e-01	4.28e-01	1.55e-01	1.88e-02	4.86e-04	9.03e-06	2.75e-07	0.00e+00	0.00e+00	0.00e+00	0.00e+00	0.00e+00
 2.39939e+23	3.96e-10	3.72e-05	5.93e-03	6.20e-02	1.22e-01	1.00e-01	1.40e-01	4.14e-01	1.39e-01	1.59e-02	3.88e-04	7.01e-06	2.06e-07	0.00e+00	0.00e+00	0.00e+00	0.00e+00	0.00e+00
 2.41755e+23	5.50e-10	4.67e-05	7.08e-03	7.10e-02	1.33e-01	1.05e-01	1.43e-01	4.00e-01	1.27e-01	1.37e-02	3.19e-04	5.63e-06	1.60e-07	0.00e+00	0.00e+00	0.00e+00	0.00e+00	0.00e+00
 2.43386e+23	7.50e-10	5.80e-05	8.38e-03	8.06e-02	1.44e-01	1.10e-01	1.45e-01	3.85e-01	1.16e-01	1.19e-02	2.63e-04	4.53e-06	1.25e-07	0.00e+00	0.00e+00	0.00e+00	0.00e+00	0.00e+00
 2.45256e+23	1.12e-09	7.64e-05	1.04e-02	9.43e-02	1.58e-01	1.16e-01	1.46e-01	3.64e-01	1.02e-01	9.75e-03	2.04e-04	3.41e-06	0.00e+00	0.00e+00	0.00e+00	0.00e+00	0.00e+00	0.00e+00
 2.47145e+23	1.53e-09	9.48e-05	1.22e-02	1.06e-01	1.70e-01	1.20e-01	1.46e-01	3.46e-01	9.12e-02	8.27e-03	1.65e-04	2.69e-06	0.00e+00	0.00e+00	0.00e+00	0.00e+00	0.00e+00	0.00e+00
 2.49060e+23	2.23e-09	1.24e-04	1.49e-02	1.23e-01	1.84e-01	1.24e-01	1.46e-01	3.23e-01	7.91e-02	6.71e-03	1.26e-04	2.00e-06	0.00e+00	0.00e+00	0.00e+00	0.00e+00	0.00e+00	0.00e+00
 2.51006e+23	3.05e-09	1.53e-04	1.75e-02	1.38e-01	1.95e-01	1.27e-01	1.44e-01	3.03e-01	6.98e-02	5.60e-03	1.00e-04	1.55e-06	0.00e+00	0.00e+00	0.00e+00	0.00e+00	0.00e+00	0.00e+00
 2.52732e+23	4.07e-09	1.88e-04	2.03e-02	1.53e-01	2.06e-01	1.29e-01	1.42e-01	2.83e-01	6.14e-02	4.67e-03	7.96e-05	1.20e-06	0.00e+00	0.00e+00	0.00e+00	0.00e+00	0.00e+00	0.00e+00
 2.54715e+23	5.91e-09	2.43e-04	2.45e-02	1.74e-01	2.19e-01	1.31e-01	1.39e-01	2.57e-01	5.17e-02	3.66e-03	5.88e-05	8.61e-07	0.00e+00	0.00e+00	0.00e+00	0.00e+00	0.00e+00	0.00e+00
 2.56725e+23	7.87e-09	2.97e-04	2.83e-02	1.91e-01	2.29e-01	1.31e-01	1.35e-01	2.37e-01	4.47e-02	3.00e-03	4.59e-05	6.56e-07	0.00e+00	0.00e+00	0.00e+00	0.00e+00	0.00e+00	0.00e+00
 2.58769e+23	1.13e-08	3.82e-04	3.39e-02	2.15e-01	2.40e-01	1.31e-01	1.29e-01	2.12e-01	3.69e-02	2.30e-03	3.32e-05	4.60e-07	0.00e+00	0.00e+00	0.00e+00	0.00e+00	0.00e+00	0.00e+00
 2.60840e+23	1.49e-08	4.64e-04	3.88e-02	2.34e-01	2.47e-01	1.30e-01	1.24e-01	1.92e-01	3.14e-02	1.85e-03	2.54e-05	3.44e-07	0.00e+00	0.00e+00	0.00e+00	0.00e+00	0.00e+00	0.00e+00
 2.62946e+23	2.12e-08	5.91e-04	4.58e-02	2.59e-01	2.55e-01	1.28e-01	1.17e-01	1.68e-01	2.53e-02	1.39e-03	1.80e-05	2.35e-07	0.00e+00	0.00e+00	0.00e+00	0.00e+00	0.00e+00	0.00e+00
 2.65079e+23	2.78e-08	7.13e-04	5.20e-02	2.79e-01	2.59e-01	1.25e-01	1.11e-01	1.50e-01	2.12e-02	1.10e-03	1.35e-05	1.73e-07	0.00e+00	0.00e+00	0.00e+00	0.00e+00	0.00e+00	0.00e+00
 2.66937e+23	3.59e-08	8.51e-04	5.85e-02	2.98e-01	2.62e-01	1.22e-01	1.05e-01	1.34e-01	1.78e-02	8.71e-04	1.03e-05	1.28e-07	0.00e+00	0.00e+00	0.00e+00	0.00e+00	0.00e+00	0.00e+00
 2.68718e+23	4.54e-08	1.00e-03	6.51e-02	3.15e-01	2.64e-01	1.19e-01	9.93e-02	1.20e-01	1.50e-02	6.97e-04	7.89e-06	0.00e+00	0.00e+00	0.00e+00	0.00e+00	0.00e+00	0.00e+00	0.00e+00
 2.70419e+23	5.68e-08	1.17e-03	7.19e-02	3.32e-01	2.65e-01	1.16e-01	9.37e-02	1.08e-01	1.27e-02	5.60e-04	6.09e-06	0.00e+00	0.00e+00	0.00e+00	0.00e+00	0.00e+00	0.00e+00	0.00e+00
 2.72337e+23	7.48e-08	1.41e-03	8.12e-02	3.52e-01	2.64e-01	1.11e-01	8.65e-02	9.32e-02	1.02e-02	4.23e-04	4.37e-06	0.00e+00	0.00e+00	0.00e+00	0.00e+00	0.00e+00	0.00e+00	0.00e+00
 2.74247e+23	9.26e-08	1.64e-03	8.90e-02	3.68e-01	2.62e-01	1.07e-01	8.10e-02	8.27e-02	8.51e-03	3.37e-04	3.35e-06	0.00e+00	0.00e+00	0.00e+00	0.00e+00	0.00e+00	0.00e+00	0.00e+00
 2.76147e+23	1.20e-07	1.96e-03	9.94e-02	3.86e-01	2.59e-01	1.01e-01	7.42e-02	7.10e-02	6.78e-03	2.53e-04	2.39e-06	0.00e+00	0.00e+00	0.00e+00	0.00e+00	0.00e+00	0.00e+00	0.00e+00
