#depth	Ne	Ne+	Ne+2	Ne+3	Ne+4	Ne+5	Ne+6	Ne+7	Ne+8	Ne+9	Ne+10
 4.62852e+21	1.49e-19	9.91e-15	3.93e-11	2.29e-08	3.76e-06	1.43e-04	1.51e-03	8.80e-03	2.18e-01	4.86e-01	2.85e-01
 1.02487e+22	3.23e-18	1.65e-13	4.86e-10	2.05e-07	2.53e-05	7.08e-04	5.26e-03	2.01e-02	3.24e-01	4.70e-01	1.80e-01
 1.17361e+22	1.22e-17	5.54e-13	1.44e-09	5.28e-07	5.71e-05	1.39e-03	8.82e-03	2.80e-02	3.75e-01	4.46e-01	1.41e-01
 1.24798e+22	2.31e-17	9.92e-13	2.43e-09	8.30e-07	8.44e-05	1.92e-03	1.13e-02	3.27e-02	3.99e-01	4.31e-01	1.24e-01
 1.28066e+22	2.82e-17	1.19e-12	2.86e-09	9.56e-07	9.53e-05	2.12e-03	1.22e-02	3.43e-02	4.06e-01	4.26e-01	1.19e-01
 1.29879e+22	3.64e-17	1.51e-12	3.53e-09	1.15e-06	1.12e-04	2.42e-03	1.34e-02	3.66e-02	4.16e-01	4.19e-01	1.12e-01
 1.31847e+22	4.59e-17	1.86e-12	4.27e-09	1.36e-06	1.29e-04	2.73e-03	1.47e-02	3.87e-02	4.25e-01	4.12e-01	1.06e-01
 1.33638e+22	5.64e-17	2.25e-12	5.07e-09	1.58e-06	1.47e-04	3.03e-03	1.59e-02	4.07e-02	4.33e-01	4.06e-01	1.01e-01
 1.35589e+22	7.34e-17	2.87e-12	6.32e-09	1.91e-06	1.73e-04	3.48e-03	1.77e-02	4.35e-02	4.43e-01	3.97e-01	9.48e-02
 1.37523e+22	8.94e-17	3.44e-12	7.45e-09	2.20e-06	1.96e-04	3.86e-03	1.91e-02	4.56e-02	4.50e-01	3.91e-01	9.02e-02
 1.39437e+22	1.15e-16	4.35e-12	9.20e-09	2.65e-06	2.31e-04	4.42e-03	2.12e-02	4.87e-02	4.60e-01	3.81e-01	8.42e-02
 1.41371e+22	1.40e-16	5.21e-12	1.08e-08	3.06e-06	2.61e-04	4.90e-03	2.29e-02	5.10e-02	4.67e-01	3.74e-01	7.98e-02
 1.43333e+22	1.79e-16	6.56e-12	1.34e-08	3.68e-06	3.07e-04	5.62e-03	2.55e-02	5.44e-02	4.76e-01	3.64e-01	7.41e-02
 1.45318e+22	2.16e-16	7.85e-12	1.58e-08	4.25e-06	3.48e-04	6.24e-03	2.76e-02	5.71e-02	4.83e-01	3.56e-01	7.00e-02
 1.47331e+22	2.75e-16	9.84e-12	1.94e-08	5.12e-06	4.11e-04	7.17e-03	3.06e-02	6.10e-02	4.92e-01	3.45e-01	6.45e-02
 1.49370e+22	3.32e-16	1.17e-11	2.29e-08	5.91e-06	4.66e-04	7.97e-03	3.32e-02	6.40e-02	4.98e-01	3.36e-01	6.06e-02
 1.51444e+22	4.18e-16	1.47e-11	2.81e-08	7.10e-06	5.48e-04	9.16e-03	3.69e-02	6.82e-02	5.05e-01	3.24e-01	5.56e-02
 1.53562e+22	5.01e-16	1.74e-11	3.31e-08	8.21e-06	6.24e-04	1.02e-02	4.01e-02	7.18e-02	5.11e-01	3.15e-01	5.17e-02
 1.55738e+22	6.26e-16	2.17e-11	4.07e-08	9.87e-06	7.37e-04	1.18e-02	4.46e-02	7.66e-02	5.18e-01	3.02e-01	4.70e-02
 1.57959e+22	7.43e-16	2.57e-11	4.78e-08	1.14e-05	8.40e-04	1.32e-02	4.86e-02	8.06e-02	5.22e-01	2.91e-01	4.34e-02
 1.60184e+22	9.06e-16	3.13e-11	5.79e-08	1.36e-05	9.85e-04	1.51e-02	5.39e-02	8.59e-02	5.27e-01	2.78e-01	3.91e-02
 1.62304e+22	1.04e-15	3.60e-11	6.63e-08	1.54e-05	1.10e-03	1.66e-02	5.80e-02	8.97e-02	5.30e-01	2.68e-01	3.63e-02
 1.64343e+22	1.22e-15	4.25e-11	7.83e-08	1.79e-05	1.27e-03	1.88e-02	6.37e-02	9.49e-02	5.33e-01	2.55e-01	3.28e-02
 1.66413e+22	1.38e-15	4.83e-11	8.90e-08	2.02e-05	1.42e-03	2.08e-02	6.85e-02	9.91e-02	5.35e-01	2.45e-01	3.02e-02
 1.68448e+22	1.57e-15	5.58e-11	1.03e-07	2.32e-05	1.62e-03	2.33e-02	7.47e-02	1.04e-01	5.36e-01	2.33e-01	2.72e-02
 1.70523e+22	1.75e-15	6.27e-11	1.17e-07	2.61e-05	1.81e-03	2.56e-02	8.03e-02	1.09e-01	5.36e-01	2.23e-01	2.49e-02
 1.72544e+22	1.93e-15	7.07e-11	1.33e-07	2.96e-05	2.04e-03	2.85e-02	8.69e-02	1.14e-01	5.35e-01	2.11e-01	2.24e-02
 1.74611e+22	2.11e-15	7.87e-11	1.50e-07	3.32e-05	2.28e-03	3.14e-02	9.33e-02	1.19e-01	5.33e-01	2.01e-01	2.03e-02
 1.76652e+22	2.28e-15	8.72e-11	1.68e-07	3.72e-05	2.55e-03	3.45e-02	1.00e-01	1.24e-01	5.30e-01	1.90e-01	1.83e-02
 1.78706e+22	2.44e-15	9.57e-11	1.87e-07	4.15e-05	2.83e-03	3.79e-02	1.07e-01	1.29e-01	5.27e-01	1.80e-01	1.65e-02
 1.80735e+22	2.58e-15	1.04e-10	2.08e-07	4.61e-05	3.14e-03	4.15e-02	1.14e-01	1.34e-01	5.22e-01	1.70e-01	1.49e-02
 1.82760e+22	2.71e-15	1.13e-10	2.30e-07	5.11e-05	3.47e-03	4.52e-02	1.22e-01	1.39e-01	5.17e-01	1.60e-01	1.34e-02
 1.84788e+22	2.83e-15	1.22e-10	2.54e-07	5.66e-05	3.84e-03	4.93e-02	1.29e-01	1.44e-01	5.11e-01	1.51e-01	1.20e-02
 1.86823e+22	2.93e-15	1.31e-10	2.79e-07	6.25e-05	4.23e-03	5.35e-02	1.37e-01	1.49e-01	5.04e-01	1.42e-01	1.07e-02
 1.88869e+22	3.02e-15	1.40e-10	3.07e-07	6.91e-05	4.67e-03	5.81e-02	1.44e-01	1.54e-01	4.97e-01	1.33e-01	9.58e-03
 1.90934e+22	3.10e-15	1.50e-10	3.38e-07	7.64e-05	5.14e-03	6.30e-02	1.52e-01	1.59e-01	4.88e-01	1.24e-01	8.55e-03
 1.93021e+22	3.17e-15	1.61e-10	3.72e-07	8.46e-05	5.67e-03	6.82e-02	1.60e-01	1.63e-01	4.79e-01	1.16e-01	7.60e-03
 1.95119e+22	3.24e-15	1.72e-10	4.09e-07	9.36e-05	6.24e-03	7.36e-02	1.68e-01	1.67e-01	4.69e-01	1.08e-01	6.75e-03
 1.97250e+22	3.31e-15	1.84e-10	4.52e-07	1.04e-04	6.89e-03	7.96e-02	1.77e-01	1.72e-01	4.59e-01	1.01e-01	5.97e-03
 1.99404e+22	3.38e-15	1.97e-10	5.00e-07	1.16e-04	7.59e-03	8.58e-02	1.85e-01	1.76e-01	4.48e-01	9.34e-02	5.28e-03
 2.01601e+22	3.45e-15	2.12e-10	5.56e-07	1.29e-04	8.40e-03	9.26e-02	1.93e-01	1.79e-01	4.36e-01	8.63e-02	4.64e-03
 2.03837e+22	3.54e-15	2.29e-10	6.19e-07	1.44e-04	9.27e-03	9.97e-02	2.01e-01	1.83e-01	4.23e-01	7.97e-02	4.08e-03
 2.05887e+22	3.63e-15	2.45e-10	6.80e-07	1.59e-04	1.01e-02	1.06e-01	2.08e-01	1.86e-01	4.12e-01	7.45e-02	3.65e-03
 2.08029e+22	3.73e-15	2.67e-10	7.67e-07	1.80e-04	1.12e-02	1.14e-01	2.16e-01	1.89e-01	3.98e-01	6.82e-02	3.17e-03
 2.10201e+22	3.87e-15	2.89e-10	8.50e-07	1.99e-04	1.22e-02	1.21e-01	2.22e-01	1.91e-01	3.87e-01	6.34e-02	2.83e-03
 2.12434e+22	4.05e-15	3.20e-10	9.74e-07	2.28e-04	1.37e-02	1.31e-01	2.31e-01	1.93e-01	3.72e-01	5.76e-02	2.43e-03
 2.14670e+22	4.23e-15	3.49e-10	1.08e-06	2.53e-04	1.49e-02	1.39e-01	2.37e-01	1.94e-01	3.60e-01	5.35e-02	2.16e-03
 2.16912e+22	4.47e-15	3.90e-10	1.25e-06	2.89e-04	1.66e-02	1.49e-01	2.44e-01	1.96e-01	3.44e-01	4.84e-02	1.85e-03
 2.19164e+22	4.75e-15	4.29e-10	1.40e-06	3.22e-04	1.81e-02	1.58e-01	2.49e-01	1.96e-01	3.32e-01	4.48e-02	1.64e-03
 2.21427e+22	5.11e-15	4.87e-10	1.63e-06	3.71e-04	2.01e-02	1.69e-01	2.56e-01	1.97e-01	3.16e-01	4.04e-02	1.40e-03
 2.23715e+22	5.50e-15	5.42e-10	1.84e-06	4.14e-04	2.19e-02	1.78e-01	2.61e-01	1.96e-01	3.04e-01	3.72e-02	1.24e-03
 2.26036e+22	6.04e-15	6.24e-10	2.16e-06	4.79e-04	2.45e-02	1.91e-01	2.67e-01	1.96e-01	2.87e-01	3.33e-02	1.05e-03
 2.28388e+22	6.61e-15	7.04e-10	2.46e-06	5.38e-04	2.66e-02	2.01e-01	2.71e-01	1.95e-01	2.75e-01	3.05e-02	9.25e-04
 2.30782e+22	7.44e-15	8.25e-10	2.92e-06	6.25e-04	2.97e-02	2.14e-01	2.76e-01	1.93e-01	2.59e-01	2.72e-02	7.78e-04
 2.33220e+22	8.30e-15	9.43e-10	3.36e-06	7.04e-04	3.24e-02	2.25e-01	2.79e-01	1.91e-01	2.46e-01	2.47e-02	6.78e-04
 2.35717e+22	9.60e-15	1.13e-09	4.03e-06	8.23e-04	3.62e-02	2.40e-01	2.83e-01	1.88e-01	2.30e-01	2.18e-02	5.65e-04
 2.38273e+22	1.10e-14	1.31e-09	4.68e-06	9.33e-04	3.95e-02	2.52e-01	2.85e-01	1.85e-01	2.17e-01	1.97e-02	4.88e-04
 2.40904e+22	1.31e-14	1.60e-09	5.70e-06	1.10e-03	4.43e-02	2.68e-01	2.87e-01	1.81e-01	2.01e-01	1.72e-02	4.00e-04
 2.43579e+22	1.53e-14	1.88e-09	6.67e-06	1.25e-03	4.83e-02	2.80e-01	2.88e-01	1.77e-01	1.89e-01	1.54e-02	3.43e-04
 2.45835e+22	1.77e-14	2.19e-09	7.68e-06	1.40e-03	5.22e-02	2.92e-01	2.89e-01	1.73e-01	1.78e-01	1.39e-02	2.98e-04
 2.48289e+22	2.15e-14	2.67e-09	9.23e-06	1.62e-03	5.76e-02	3.06e-01	2.89e-01	1.68e-01	1.65e-01	1.22e-02	2.47e-04
 2.50667e+22	2.49e-14	3.09e-09	1.05e-05	1.79e-03	6.16e-02	3.17e-01	2.88e-01	1.64e-01	1.56e-01	1.11e-02	2.16e-04
 2.52946e+22	3.02e-14	3.73e-09	1.25e-05	2.05e-03	6.73e-02	3.30e-01	2.87e-01	1.59e-01	1.44e-01	9.76e-03	1.81e-04
 2.55248e+22	3.54e-14	4.34e-09	1.43e-05	2.27e-03	7.19e-02	3.41e-01	2.85e-01	1.55e-01	1.36e-01	8.85e-03	1.58e-04
 2.57583e+22	4.37e-14	5.29e-09	1.70e-05	2.60e-03	7.84e-02	3.54e-01	2.83e-01	1.49e-01	1.25e-01	7.75e-03	1.31e-04
 2.59953e+22	5.20e-14	6.19e-09	1.95e-05	2.88e-03	8.36e-02	3.64e-01	2.80e-01	1.44e-01	1.17e-01	6.98e-03	1.14e-04
 2.62369e+22	6.53e-14	7.63e-09	2.33e-05	3.30e-03	9.10e-02	3.78e-01	2.77e-01	1.38e-01	1.07e-01	6.06e-03	9.37e-05
 2.64820e+22	7.86e-14	8.98e-09	2.67e-05	3.65e-03	9.69e-02	3.87e-01	2.73e-01	1.33e-01	1.00e-01	5.43e-03	8.08e-05
 2.67318e+22	1.00e-13	1.12e-08	3.21e-05	4.18e-03	1.05e-01	4.00e-01	2.68e-01	1.26e-01	9.10e-02	4.67e-03	6.58e-05
 2.69852e+22	1.22e-13	1.32e-08	3.69e-05	4.63e-03	1.12e-01	4.09e-01	2.64e-01	1.21e-01	8.44e-02	4.16e-03	5.63e-05
 2.72432e+22	1.58e-13	1.66e-08	4.44e-05	5.30e-03	1.21e-01	4.21e-01	2.58e-01	1.15e-01	7.62e-02	3.55e-03	4.55e-05
 2.75082e+22	1.95e-13	1.99e-08	5.14e-05	5.89e-03	1.29e-01	4.30e-01	2.52e-01	1.09e-01	7.01e-02	3.13e-03	3.84e-05
 2.77823e+22	2.58e-13	2.52e-08	6.22e-05	6.75e-03	1.40e-01	4.41e-01	2.45e-01	1.02e-01	6.27e-02	2.64e-03	3.06e-05
 2.80631e+22	3.23e-13	3.04e-08	7.24e-05	7.51e-03	1.49e-01	4.49e-01	2.39e-01	9.68e-02	5.72e-02	2.30e-03	2.55e-05
 2.83528e+22	4.35e-13	3.89e-08	8.81e-05	8.63e-03	1.61e-01	4.58e-01	2.30e-01	8.99e-02	5.06e-02	1.92e-03	2.00e-05
 2.86451e+22	5.46e-13	4.70e-08	1.02e-04	9.57e-03	1.71e-01	4.64e-01	2.23e-01	8.47e-02	4.60e-02	1.67e-03	1.66e-05
 2.89406e+22	7.41e-13	6.05e-08	1.25e-04	1.10e-02	1.84e-01	4.72e-01	2.14e-01	7.81e-02	4.04e-02	1.38e-03	1.29e-05
 2.92393e+22	9.34e-13	7.31e-08	1.44e-04	1.21e-02	1.94e-01	4.76e-01	2.06e-01	7.32e-02	3.66e-02	1.19e-03	1.07e-05
 2.95422e+22	1.28e-12	9.43e-08	1.76e-04	1.39e-02	2.09e-01	4.81e-01	1.96e-01	6.71e-02	3.19e-02	9.73e-04	8.19e-06
 2.98370e+22	1.58e-12	1.12e-07	2.01e-04	1.52e-02	2.19e-01	4.84e-01	1.89e-01	6.29e-02	2.89e-02	8.45e-04	6.82e-06
 3.01215e+22	2.10e-12	1.41e-07	2.40e-04	1.71e-02	2.32e-01	4.86e-01	1.80e-01	5.78e-02	2.54e-02	7.03e-04	5.36e-06
 3.04208e+22	2.69e-12	1.72e-07	2.79e-04	1.89e-02	2.44e-01	4.87e-01	1.72e-01	5.36e-02	2.27e-02	5.96e-04	4.33e-06
 3.06739e+22	3.29e-12	2.03e-07	3.16e-04	2.05e-02	2.55e-01	4.88e-01	1.66e-01	5.03e-02	2.06e-02	5.20e-04	3.62e-06
 3.09373e+22	4.24e-12	2.48e-07	3.68e-04	2.27e-02	2.67e-01	4.87e-01	1.58e-01	4.63e-02	1.83e-02	4.38e-04	2.90e-06
 3.12096e+22	5.27e-12	2.96e-07	4.20e-04	2.47e-02	2.78e-01	4.86e-01	1.51e-01	4.31e-02	1.65e-02	3.77e-04	2.39e-06
 3.14551e+22	6.50e-12	3.50e-07	4.76e-04	2.68e-02	2.89e-01	4.84e-01	1.44e-01	4.02e-02	1.48e-02	3.26e-04	1.98e-06
 3.17356e+22	8.44e-12	4.31e-07	5.56e-04	2.96e-02	3.03e-01	4.81e-01	1.36e-01	3.67e-02	1.30e-02	2.71e-04	1.56e-06
 3.20261e+22	1.07e-11	5.19e-07	6.39e-04	3.24e-02	3.15e-01	4.77e-01	1.29e-01	3.38e-02	1.16e-02	2.29e-04	1.26e-06
 3.22844e+22	1.32e-11	6.15e-07	7.24e-04	3.51e-02	3.27e-01	4.73e-01	1.22e-01	3.13e-02	1.04e-02	1.97e-04	1.03e-06
 3.25752e+22	1.72e-11	7.58e-07	8.46e-04	3.87e-02	3.41e-01	4.68e-01	1.15e-01	2.84e-02	9.03e-03	1.62e-04	8.06e-07
 3.28799e+22	2.19e-11	9.17e-07	9.73e-04	4.22e-02	3.53e-01	4.62e-01	1.08e-01	2.60e-02	7.94e-03	1.35e-04	6.41e-07
 3.31559e+22	2.75e-11	1.09e-06	1.11e-03	4.58e-02	3.65e-01	4.55e-01	1.02e-01	2.39e-02	7.04e-03	1.15e-04	5.17e-07
 3.34679e+22	3.63e-11	1.36e-06	1.30e-03	5.05e-02	3.80e-01	4.47e-01	9.43e-02	2.14e-02	6.04e-03	9.26e-05	3.94e-07
 3.37894e+22	4.65e-11	1.65e-06	1.50e-03	5.51e-02	3.92e-01	4.38e-01	8.80e-02	1.94e-02	5.27e-03	7.66e-05	3.09e-07
 3.40754e+22	5.83e-11	1.97e-06	1.71e-03	5.96e-02	4.04e-01	4.30e-01	8.24e-02	1.77e-02	4.63e-03	6.41e-05	2.47e-07
 3.43992e+22	7.75e-11	2.46e-06	2.00e-03	6.56e-02	4.18e-01	4.19e-01	7.57e-02	1.58e-02	3.93e-03	5.12e-05	1.85e-07
 3.47349e+22	9.98e-11	3.00e-06	2.31e-03	7.14e-02	4.30e-01	4.08e-01	7.01e-02	1.42e-02	3.39e-03	4.18e-05	1.43e-07
 3.50363e+22	1.26e-10	3.60e-06	2.63e-03	7.71e-02	4.41e-01	3.98e-01	6.51e-02	1.28e-02	2.95e-03	3.46e-05	0.00e+00
 3.53784e+22	1.70e-10	4.54e-06	3.11e-03	8.50e-02	4.55e-01	3.84e-01	5.90e-02	1.13e-02	2.47e-03	2.70e-05	0.00e+00
 3.57315e+22	2.19e-10	5.52e-06	3.58e-03	9.21e-02	4.66e-01	3.72e-01	5.42e-02	1.01e-02	2.11e-03	2.18e-05	0.00e+00
 3.60506e+22	2.80e-10	6.67e-06	4.09e-03	9.95e-02	4.76e-01	3.60e-01	4.98e-02	9.02e-03	1.81e-03	1.77e-05	0.00e+00
 3.64168e+22	3.84e-10	8.51e-06	4.86e-03	1.10e-01	4.88e-01	3.44e-01	4.45e-02	7.79e-03	1.48e-03	1.35e-05	0.00e+00
 3.67855e+22	4.95e-10	1.03e-05	5.58e-03	1.18e-01	4.97e-01	3.31e-01	4.05e-02	6.92e-03	1.26e-03	1.08e-05	0.00e+00
 3.71574e+22	6.69e-10	1.30e-05	6.57e-03	1.29e-01	5.06e-01	3.15e-01	3.62e-02	5.99e-03	1.03e-03	8.26e-06	0.00e+00
 3.75376e+22	8.73e-10	1.60e-05	7.58e-03	1.40e-01	5.14e-01	3.00e-01	3.26e-02	5.26e-03	8.62e-04	6.49e-06	0.00e+00
 3.78723e+22	1.12e-09	1.93e-05	8.63e-03	1.50e-01	5.19e-01	2.87e-01	2.95e-02	4.65e-03	7.29e-04	5.18e-06	0.00e+00
 3.82510e+22	1.53e-09	2.44e-05	1.02e-02	1.64e-01	5.26e-01	2.70e-01	2.59e-02	3.97e-03	5.86e-04	3.87e-06	0.00e+00
 3.86384e+22	1.98e-09	2.98e-05	1.17e-02	1.76e-01	5.30e-01	2.56e-01	2.32e-02	3.47e-03	4.87e-04	3.02e-06	0.00e+00
 3.90373e+22	2.72e-09	3.78e-05	1.38e-02	1.91e-01	5.33e-01	2.39e-01	2.02e-02	2.93e-03	3.87e-04	2.22e-06	0.00e+00
 3.94425e+22	3.55e-09	4.63e-05	1.58e-02	2.05e-01	5.35e-01	2.24e-01	1.79e-02	2.54e-03	3.18e-04	1.71e-06	0.00e+00
 3.98018e+22	4.58e-09	5.61e-05	1.80e-02	2.18e-01	5.35e-01	2.11e-01	1.59e-02	2.21e-03	2.62e-04	1.32e-06	0.00e+00
 4.02147e+22	6.34e-09	7.16e-05	2.13e-02	2.36e-01	5.33e-01	1.94e-01	1.36e-02	1.84e-03	2.04e-04	9.47e-07	0.00e+00
 4.06334e+22	8.23e-09	8.70e-05	2.42e-02	2.51e-01	5.30e-01	1.81e-01	1.20e-02	1.58e-03	1.66e-04	7.22e-07	0.00e+00
 4.09973e+22	1.06e-08	1.05e-04	2.75e-02	2.66e-01	5.26e-01	1.68e-01	1.06e-02	1.37e-03	1.36e-04	5.54e-07	0.00e+00
 4.13444e+22	1.32e-08	1.24e-04	3.07e-02	2.79e-01	5.21e-01	1.58e-01	9.39e-03	1.19e-03	1.13e-04	4.34e-07	0.00e+00
 4.16748e+22	1.65e-08	1.46e-04	3.43e-02	2.93e-01	5.16e-01	1.47e-01	8.34e-03	1.04e-03	9.40e-05	3.40e-07	0.00e+00
 4.20469e+22	2.18e-08	1.80e-04	3.93e-02	3.11e-01	5.07e-01	1.35e-01	7.17e-03	8.75e-04	7.42e-05	2.49e-07	0.00e+00
 4.24185e+22	2.72e-08	2.11e-04	4.37e-02	3.24e-01	4.99e-01	1.25e-01	6.34e-03	7.60e-04	6.14e-05	1.94e-07	0.00e+00
 4.27894e+22	3.57e-08	2.58e-04	4.98e-02	3.42e-01	4.88e-01	1.14e-01	5.43e-03	6.36e-04	4.82e-05	1.42e-07	0.00e+00
 4.31672e+22	4.46e-08	3.04e-04	5.53e-02	3.56e-01	4.78e-01	1.05e-01	4.76e-03	5.48e-04	3.94e-05	0.00e+00	0.00e+00
 4.35538e+22	5.88e-08	3.72e-04	6.30e-02	3.74e-01	4.64e-01	9.46e-02	4.02e-03	4.53e-04	3.05e-05	0.00e+00	0.00e+00
 4.39442e+22	7.31e-08	4.36e-04	6.98e-02	3.87e-01	4.52e-01	8.67e-02	3.51e-03	3.88e-04	2.48e-05	0.00e+00	0.00e+00
 4.43397e+22	9.75e-08	5.37e-04	7.97e-02	4.05e-01	4.34e-01	7.70e-02	2.92e-03	3.16e-04	1.88e-05	0.00e+00	0.00e+00
 4.47345e+22	1.20e-07	6.26e-04	8.77e-02	4.18e-01	4.21e-01	7.03e-02	2.54e-03	2.70e-04	1.52e-05	0.00e+00	0.00e+00
 4.50511e+22	1.45e-07	7.14e-04	9.53e-02	4.28e-01	4.09e-01	6.48e-02	2.25e-03	2.35e-04	1.27e-05	0.00e+00	0.00e+00
 4.53855e+22	1.80e-07	8.38e-04	1.05e-01	4.40e-01	3.93e-01	5.85e-02	1.93e-03	1.98e-04	1.01e-05	0.00e+00	0.00e+00
 4.57248e+22	2.17e-07	9.55e-04	1.14e-01	4.50e-01	3.80e-01	5.36e-02	1.70e-03	1.71e-04	8.31e-06	0.00e+00	0.00e+00
 4.60232e+22	2.59e-07	1.08e-03	1.23e-01	4.59e-01	3.66e-01	4.91e-02	1.50e-03	1.48e-04	6.87e-06	0.00e+00	0.00e+00
 4.63640e+22	3.22e-07	1.27e-03	1.35e-01	4.69e-01	3.49e-01	4.39e-02	1.27e-03	1.23e-04	5.41e-06	0.00e+00	0.00e+00
 4.67090e+22	3.86e-07	1.44e-03	1.46e-01	4.76e-01	3.35e-01	3.99e-02	1.11e-03	1.06e-04	4.41e-06	0.00e+00	0.00e+00
 4.70111e+22	4.59e-07	1.63e-03	1.57e-01	4.83e-01	3.21e-01	3.63e-02	9.71e-04	9.08e-05	3.62e-06	0.00e+00	0.00e+00
 4.73556e+22	5.72e-07	1.90e-03	1.72e-01	4.90e-01	3.03e-01	3.20e-02	8.16e-04	7.46e-05	2.80e-06	0.00e+00	0.00e+00
 4.77029e+22	6.77e-07	2.14e-03	1.85e-01	4.94e-01	2.89e-01	2.90e-02	7.12e-04	6.38e-05	2.29e-06	0.00e+00	0.00e+00
 4.80538e+22	8.37e-07	2.48e-03	2.01e-01	4.99e-01	2.71e-01	2.54e-02	5.97e-04	5.21e-05	1.76e-06	0.00e+00	0.00e+00
 4.84101e+22	1.00e-06	2.81e-03	2.16e-01	5.01e-01	2.56e-01	2.27e-02	5.13e-04	4.38e-05	1.41e-06	0.00e+00	0.00e+00
 4.87237e+22	1.18e-06	3.15e-03	2.31e-01	5.03e-01	2.43e-01	2.04e-02	4.44e-04	3.71e-05	1.14e-06	0.00e+00	0.00e+00
 4.90814e+22	1.45e-06	3.63e-03	2.50e-01	5.03e-01	2.25e-01	1.77e-02	3.69e-04	2.99e-05	8.69e-07	0.00e+00	0.00e+00
 4.94469e+22	1.73e-06	4.09e-03	2.67e-01	5.02e-01	2.11e-01	1.57e-02	3.14e-04	2.49e-05	6.88e-07	0.00e+00	0.00e+00
 4.97731e+22	2.04e-06	4.58e-03	2.84e-01	5.00e-01	1.98e-01	1.39e-02	2.68e-04	2.07e-05	5.47e-07	0.00e+00	0.00e+00
 5.01480e+22	2.52e-06	5.28e-03	3.06e-01	4.96e-01	1.81e-01	1.18e-02	2.19e-04	1.64e-05	4.07e-07	0.00e+00	0.00e+00
 5.05284e+22	2.99e-06	5.93e-03	3.25e-01	4.91e-01	1.68e-01	1.03e-02	1.84e-04	1.34e-05	3.17e-07	0.00e+00	0.00e+00
 5.07519e+22	3.15e-06	6.15e-03	3.31e-01	4.89e-01	1.64e-01	9.89e-03	1.74e-04	1.26e-05	2.92e-07	0.00e+00	0.00e+00
 5.08781e+22	3.41e-06	6.48e-03	3.40e-01	4.86e-01	1.58e-01	9.29e-03	1.61e-04	1.14e-05	2.60e-07	0.00e+00	0.00e+00
 5.10422e+22	3.70e-06	6.85e-03	3.50e-01	4.83e-01	1.52e-01	8.67e-03	1.48e-04	1.03e-05	2.30e-07	0.00e+00	0.00e+00
 5.12554e+22	4.13e-06	7.37e-03	3.63e-01	4.78e-01	1.43e-01	7.90e-03	1.32e-04	9.02e-06	1.94e-07	0.00e+00	0.00e+00
 5.15327e+22	4.81e-06	8.14e-03	3.82e-01	4.70e-01	1.33e-01	6.93e-03	1.12e-04	7.45e-06	1.53e-07	0.00e+00	0.00e+00
 5.18932e+22	5.83e-06	9.24e-03	4.06e-01	4.59e-01	1.20e-01	5.82e-03	9.04e-05	5.79e-06	0.00e+00	0.00e+00	0.00e+00
 5.22758e+22	6.85e-06	1.03e-02	4.27e-01	4.48e-01	1.09e-01	5.00e-03	7.51e-05	4.65e-06	0.00e+00	0.00e+00	0.00e+00
 5.26872e+22	8.40e-06	1.17e-02	4.55e-01	4.33e-01	9.64e-02	4.10e-03	5.90e-05	3.49e-06	0.00e+00	0.00e+00	0.00e+00
 5.31105e+22	1.00e-05	1.31e-02	4.78e-01	4.19e-01	8.63e-02	3.43e-03	4.78e-05	2.71e-06	0.00e+00	0.00e+00	0.00e+00
 5.34318e+22	1.13e-05	1.42e-02	4.94e-01	4.09e-01	7.98e-02	3.03e-03	4.11e-05	2.27e-06	0.00e+00	0.00e+00	0.00e+00
 5.37321e+22	1.30e-05	1.55e-02	5.14e-01	3.96e-01	7.23e-02	2.60e-03	3.43e-05	1.82e-06	0.00e+00	0.00e+00	0.00e+00
 5.40429e+22	1.47e-05	1.67e-02	5.30e-01	3.84e-01	6.64e-02	2.28e-03	2.93e-05	1.51e-06	0.00e+00	0.00e+00	0.00e+00
 5.43674e+22	1.70e-05	1.84e-02	5.51e-01	3.70e-01	5.94e-02	1.92e-03	2.40e-05	1.19e-06	0.00e+00	0.00e+00	0.00e+00
 5.46942e+22	1.92e-05	1.98e-02	5.67e-01	3.57e-01	5.41e-02	1.67e-03	2.04e-05	9.72e-07	0.00e+00	0.00e+00	0.00e+00
 5.50240e+22	2.23e-05	2.17e-02	5.87e-01	3.41e-01	4.80e-02	1.39e-03	1.65e-05	7.55e-07	0.00e+00	0.00e+00	0.00e+00
 5.53567e+22	2.52e-05	2.34e-02	6.04e-01	3.28e-01	4.34e-02	1.20e-03	1.39e-05	6.12e-07	0.00e+00	0.00e+00	0.00e+00
 5.56931e+22	2.91e-05	2.55e-02	6.23e-01	3.12e-01	3.84e-02	9.99e-04	1.12e-05	4.73e-07	0.00e+00	0.00e+00	0.00e+00
 5.60375e+22	3.31e-05	2.75e-02	6.39e-01	2.98e-01	3.43e-02	8.50e-04	9.32e-06	3.76e-07	0.00e+00	0.00e+00	0.00e+00
 5.63437e+22	3.72e-05	2.95e-02	6.54e-01	2.85e-01	3.08e-02	7.27e-04	7.79e-06	3.02e-07	0.00e+00	0.00e+00	0.00e+00
 5.66933e+22	4.29e-05	3.21e-02	6.71e-01	2.69e-01	2.69e-02	5.96e-04	6.21e-06	2.29e-07	0.00e+00	0.00e+00	0.00e+00
 5.70534e+22	4.86e-05	3.46e-02	6.86e-01	2.55e-01	2.38e-02	5.01e-04	5.09e-06	1.79e-07	0.00e+00	0.00e+00	0.00e+00
 5.74274e+22	5.68e-05	3.78e-02	7.04e-01	2.38e-01	2.03e-02	4.01e-04	3.95e-06	1.31e-07	0.00e+00	0.00e+00	0.00e+00
 5.78039e+22	6.44e-05	4.07e-02	7.17e-01	2.24e-01	1.79e-02	3.34e-04	3.21e-06	0.00e+00	0.00e+00	0.00e+00	0.00e+00
 5.81839e+22	7.47e-05	4.42e-02	7.32e-01	2.08e-01	1.52e-02	2.67e-04	2.48e-06	0.00e+00	0.00e+00	0.00e+00	0.00e+00
 5.85772e+22	8.51e-05	4.76e-02	7.45e-01	1.94e-01	1.31e-02	2.19e-04	1.98e-06	0.00e+00	0.00e+00	0.00e+00	0.00e+00
 5.89339e+22	9.65e-05	5.11e-02	7.56e-01	1.81e-01	1.14e-02	1.79e-04	1.58e-06	0.00e+00	0.00e+00	0.00e+00	0.00e+00
 5.93441e+22	1.13e-04	5.59e-02	7.69e-01	1.66e-01	9.42e-03	1.39e-04	1.18e-06	0.00e+00	0.00e+00	0.00e+00	0.00e+00
 5.97564e+22	1.28e-04	5.98e-02	7.78e-01	1.54e-01	8.12e-03	1.14e-04	9.37e-07	0.00e+00	0.00e+00	0.00e+00	0.00e+00
 6.01716e+22	1.50e-04	6.51e-02	7.88e-01	1.40e-01	6.68e-03	8.75e-05	6.97e-07	0.00e+00	0.00e+00	0.00e+00	0.00e+00
 6.05964e+22	1.71e-04	6.99e-02	7.96e-01	1.29e-01	5.67e-03	7.04e-05	5.43e-07	0.00e+00	0.00e+00	0.00e+00	0.00e+00
 6.10340e+22	2.00e-04	7.62e-02	8.04e-01	1.15e-01	4.59e-03	5.33e-05	3.95e-07	0.00e+00	0.00e+00	0.00e+00	0.00e+00
 6.14786e+22	2.28e-04	8.16e-02	8.09e-01	1.06e-01	3.86e-03	4.26e-05	3.04e-07	0.00e+00	0.00e+00	0.00e+00	0.00e+00
 6.19325e+22	2.70e-04	8.91e-02	8.14e-01	9.36e-02	3.07e-03	3.17e-05	2.17e-07	0.00e+00	0.00e+00	0.00e+00	0.00e+00
 6.23935e+22	3.08e-04	9.55e-02	8.17e-01	8.49e-02	2.56e-03	2.50e-05	1.65e-07	0.00e+00	0.00e+00	0.00e+00	0.00e+00
 6.28636e+22	3.65e-04	1.04e-01	8.19e-01	7.46e-02	2.01e-03	1.84e-05	0.00e+00	0.00e+00	0.00e+00	0.00e+00	0.00e+00
 6.33474e+22	4.19e-04	1.12e-01	8.19e-01	6.69e-02	1.64e-03	1.43e-05	0.00e+00	0.00e+00	0.00e+00	0.00e+00	0.00e+00
 6.38490e+22	5.04e-04	1.23e-01	8.18e-01	5.76e-02	1.26e-03	1.02e-05	0.00e+00	0.00e+00	0.00e+00	0.00e+00	0.00e+00
 6.43624e+22	5.80e-04	1.32e-01	8.15e-01	5.12e-02	1.02e-03	7.86e-06	0.00e+00	0.00e+00	0.00e+00	0.00e+00	0.00e+00
 6.48911e+22	7.03e-04	1.45e-01	8.10e-01	4.34e-02	7.60e-04	5.48e-06	0.00e+00	0.00e+00	0.00e+00	0.00e+00	0.00e+00
 6.54377e+22	8.23e-04	1.56e-01	8.04e-01	3.77e-02	6.00e-04	4.09e-06	0.00e+00	0.00e+00	0.00e+00	0.00e+00	0.00e+00
 6.60076e+22	1.01e-03	1.72e-01	7.95e-01	3.12e-02	4.36e-04	2.76e-06	0.00e+00	0.00e+00	0.00e+00	0.00e+00	0.00e+00
 6.66017e+22	1.20e-03	1.87e-01	7.85e-01	2.65e-02	3.33e-04	1.98e-06	0.00e+00	0.00e+00	0.00e+00	0.00e+00	0.00e+00
 6.72178e+22	1.50e-03	2.07e-01	7.70e-01	2.13e-02	2.34e-04	1.28e-06	0.00e+00	0.00e+00	0.00e+00	0.00e+00	0.00e+00
 6.77519e+22	1.71e-03	2.20e-01	7.59e-01	1.87e-02	1.93e-04	1.01e-06	0.00e+00	0.00e+00	0.00e+00	0.00e+00	0.00e+00
 6.81892e+22	2.00e-03	2.36e-01	7.46e-01	1.58e-02	1.49e-04	7.33e-07	0.00e+00	0.00e+00	0.00e+00	0.00e+00	0.00e+00
 6.86518e+22	2.33e-03	2.52e-01	7.32e-01	1.35e-02	1.18e-04	5.45e-07	0.00e+00	0.00e+00	0.00e+00	0.00e+00	0.00e+00
 6.91475e+22	2.80e-03	2.72e-01	7.14e-01	1.10e-02	8.67e-05	3.69e-07	0.00e+00	0.00e+00	0.00e+00	0.00e+00	0.00e+00
 6.96515e+22	3.28e-03	2.91e-01	6.97e-01	9.13e-03	6.73e-05	2.65e-07	0.00e+00	0.00e+00	0.00e+00	0.00e+00	0.00e+00
 7.01662e+22	4.00e-03	3.15e-01	6.74e-01	7.15e-03	4.83e-05	1.71e-07	0.00e+00	0.00e+00	0.00e+00	0.00e+00	0.00e+00
 7.07006e+22	4.77e-03	3.37e-01	6.53e-01	5.69e-03	3.59e-05	0.00e+00	0.00e+00	0.00e+00	0.00e+00	0.00e+00	0.00e+00
 7.11261e+22	5.47e-03	3.55e-01	6.35e-01	4.71e-03	2.84e-05	0.00e+00	0.00e+00	0.00e+00	0.00e+00	0.00e+00	0.00e+00
 7.14894e+22	6.23e-03	3.72e-01	6.18e-01	3.89e-03	2.25e-05	0.00e+00	0.00e+00	0.00e+00	0.00e+00	0.00e+00	0.00e+00
 7.19058e+22	7.36e-03	3.93e-01	5.96e-01	3.02e-03	1.66e-05	0.00e+00	0.00e+00	0.00e+00	0.00e+00	0.00e+00	0.00e+00
 7.23413e+22	8.54e-03	4.13e-01	5.76e-01	2.34e-03	1.25e-05	0.00e+00	0.00e+00	0.00e+00	0.00e+00	0.00e+00	0.00e+00
 7.27278e+22	9.84e-03	4.31e-01	5.57e-01	1.81e-03	9.43e-06	0.00e+00	0.00e+00	0.00e+00	0.00e+00	0.00e+00	0.00e+00
 7.30896e+22	1.12e-02	4.47e-01	5.40e-01	1.40e-03	7.16e-06	0.00e+00	0.00e+00	0.00e+00	0.00e+00	0.00e+00	0.00e+00
 7.34293e+22	1.27e-02	4.62e-01	5.25e-01	1.07e-03	5.45e-06	0.00e+00	0.00e+00	0.00e+00	0.00e+00	0.00e+00	0.00e+00
 7.37440e+22	1.43e-02	4.74e-01	5.11e-01	8.22e-04	4.17e-06	0.00e+00	0.00e+00	0.00e+00	0.00e+00	0.00e+00	0.00e+00
 7.40307e+22	1.59e-02	4.84e-01	4.99e-01	6.33e-04	3.23e-06	0.00e+00	0.00e+00	0.00e+00	0.00e+00	0.00e+00	0.00e+00
 7.42903e+22	1.75e-02	4.92e-01	4.90e-01	4.92e-04	2.53e-06	0.00e+00	0.00e+00	0.00e+00	0.00e+00	0.00e+00	0.00e+00
 7.45265e+22	1.91e-02	4.98e-01	4.83e-01	3.87e-04	2.01e-06	0.00e+00	0.00e+00	0.00e+00	0.00e+00	0.00e+00	0.00e+00
 7.47425e+22	2.07e-02	5.02e-01	4.77e-01	3.08e-04	1.63e-06	0.00e+00	0.00e+00	0.00e+00	0.00e+00	0.00e+00	0.00e+00
 7.48780e+22	2.14e-02	5.01e-01	4.78e-01	2.73e-04	1.45e-06	0.00e+00	0.00e+00	0.00e+00	0.00e+00	0.00e+00	0.00e+00
 7.49277e+22	2.17e-02	5.01e-01	4.77e-01	2.60e-04	1.39e-06	0.00e+00	0.00e+00	0.00e+00	0.00e+00	0.00e+00	0.00e+00
 7.49675e+22	2.21e-02	5.01e-01	4.76e-01	2.48e-04	1.33e-06	0.00e+00	0.00e+00	0.00e+00	0.00e+00	0.00e+00	0.00e+00
 7.50190e+22	2.25e-02	5.02e-01	4.75e-01	2.35e-04	1.26e-06	0.00e+00	0.00e+00	0.00e+00	0.00e+00	0.00e+00	0.00e+00
 7.50795e+22	2.31e-02	5.03e-01	4.74e-01	2.19e-04	1.19e-06	0.00e+00	0.00e+00	0.00e+00	0.00e+00	0.00e+00	0.00e+00
 7.51399e+22	2.36e-02	5.03e-01	4.74e-01	2.06e-04	1.12e-06	0.00e+00	0.00e+00	0.00e+00	0.00e+00	0.00e+00	0.00e+00
 7.51988e+22	2.41e-02	5.03e-01	4.73e-01	1.94e-04	1.06e-06	0.00e+00	0.00e+00	0.00e+00	0.00e+00	0.00e+00	0.00e+00
 7.52585e+22	2.47e-02	5.03e-01	4.72e-01	1.82e-04	1.00e-06	0.00e+00	0.00e+00	0.00e+00	0.00e+00	0.00e+00	0.00e+00
 7.53175e+22	2.52e-02	5.03e-01	4.72e-01	1.71e-04	9.46e-07	0.00e+00	0.00e+00	0.00e+00	0.00e+00	0.00e+00	0.00e+00
 7.53772e+22	2.58e-02	5.02e-01	4.72e-01	1.61e-04	8.96e-07	0.00e+00	0.00e+00	0.00e+00	0.00e+00	0.00e+00	0.00e+00
 7.54387e+22	2.64e-02	5.02e-01	4.72e-01	1.51e-04	8.47e-07	0.00e+00	0.00e+00	0.00e+00	0.00e+00	0.00e+00	0.00e+00
 7.55016e+22	2.70e-02	5.01e-01	4.72e-01	1.42e-04	8.02e-07	0.00e+00	0.00e+00	0.00e+00	0.00e+00	0.00e+00	0.00e+00
 7.55657e+22	2.76e-02	5.00e-01	4.72e-01	1.34e-04	7.59e-07	0.00e+00	0.00e+00	0.00e+00	0.00e+00	0.00e+00	0.00e+00
 7.56310e+22	2.82e-02	4.99e-01	4.73e-01	1.26e-04	7.19e-07	0.00e+00	0.00e+00	0.00e+00	0.00e+00	0.00e+00	0.00e+00
 7.56979e+22	2.88e-02	4.98e-01	4.73e-01	1.19e-04	6.81e-07	0.00e+00	0.00e+00	0.00e+00	0.00e+00	0.00e+00	0.00e+00
 7.57668e+22	2.95e-02	4.97e-01	4.74e-01	1.12e-04	6.46e-07	0.00e+00	0.00e+00	0.00e+00	0.00e+00	0.00e+00	0.00e+00
 7.58384e+22	3.01e-02	4.95e-01	4.75e-01	1.05e-04	6.13e-07	0.00e+00	0.00e+00	0.00e+00	0.00e+00	0.00e+00	0.00e+00
 7.59129e+22	3.08e-02	4.93e-01	4.76e-01	9.87e-05	5.81e-07	0.00e+00	0.00e+00	0.00e+00	0.00e+00	0.00e+00	0.00e+00
 7.59871e+22	3.15e-02	4.91e-01	4.77e-01	9.32e-05	5.54e-07	0.00e+00	0.00e+00	0.00e+00	0.00e+00	0.00e+00	0.00e+00
 7.60449e+22	3.18e-02	4.89e-01	4.79e-01	8.97e-05	5.37e-07	0.00e+00	0.00e+00	0.00e+00	0.00e+00	0.00e+00	0.00e+00
 7.60837e+22	3.21e-02	4.88e-01	4.80e-01	8.74e-05	5.25e-07	0.00e+00	0.00e+00	0.00e+00	0.00e+00	0.00e+00	0.00e+00
 7.61209e+22	3.25e-02	4.87e-01	4.81e-01	8.50e-05	5.13e-07	0.00e+00	0.00e+00	0.00e+00	0.00e+00	0.00e+00	0.00e+00
 7.61653e+22	3.30e-02	4.86e-01	4.81e-01	8.24e-05	5.00e-07	0.00e+00	0.00e+00	0.00e+00	0.00e+00	0.00e+00	0.00e+00
 7.62141e+22	3.35e-02	4.85e-01	4.81e-01	7.96e-05	4.86e-07	0.00e+00	0.00e+00	0.00e+00	0.00e+00	0.00e+00	0.00e+00
 7.62611e+22	3.38e-02	4.83e-01	4.83e-01	7.73e-05	4.75e-07	0.00e+00	0.00e+00	0.00e+00	0.00e+00	0.00e+00	0.00e+00
 7.63070e+22	3.43e-02	4.83e-01	4.83e-01	7.50e-05	4.63e-07	0.00e+00	0.00e+00	0.00e+00	0.00e+00	0.00e+00	0.00e+00
 7.63540e+22	3.48e-02	4.82e-01	4.83e-01	7.28e-05	4.52e-07	0.00e+00	0.00e+00	0.00e+00	0.00e+00	0.00e+00	0.00e+00
 7.64014e+22	3.53e-02	4.81e-01	4.84e-01	7.07e-05	4.42e-07	0.00e+00	0.00e+00	0.00e+00	0.00e+00	0.00e+00	0.00e+00
 7.64495e+22	3.58e-02	4.80e-01	4.84e-01	6.87e-05	4.32e-07	0.00e+00	0.00e+00	0.00e+00	0.00e+00	0.00e+00	0.00e+00
 7.64992e+22	3.64e-02	4.79e-01	4.84e-01	6.68e-05	4.22e-07	0.00e+00	0.00e+00	0.00e+00	0.00e+00	0.00e+00	0.00e+00
 7.65500e+22	3.69e-02	4.79e-01	4.84e-01	6.49e-05	4.13e-07	0.00e+00	0.00e+00	0.00e+00	0.00e+00	0.00e+00	0.00e+00
 7.66018e+22	3.76e-02	4.78e-01	4.84e-01	6.30e-05	4.03e-07	0.00e+00	0.00e+00	0.00e+00	0.00e+00	0.00e+00	0.00e+00
 7.66541e+22	3.82e-02	4.78e-01	4.84e-01	6.12e-05	3.95e-07	0.00e+00	0.00e+00	0.00e+00	0.00e+00	0.00e+00	0.00e+00
 7.67073e+22	3.89e-02	4.78e-01	4.84e-01	5.95e-05	3.86e-07	0.00e+00	0.00e+00	0.00e+00	0.00e+00	0.00e+00	0.00e+00
 7.67624e+22	3.96e-02	4.77e-01	4.83e-01	5.78e-05	3.78e-07	0.00e+00	0.00e+00	0.00e+00	0.00e+00	0.00e+00	0.00e+00
 7.68191e+22	4.04e-02	4.77e-01	4.82e-01	5.61e-05	3.69e-07	0.00e+00	0.00e+00	0.00e+00	0.00e+00	0.00e+00	0.00e+00
 7.68768e+22	4.12e-02	4.77e-01	4.81e-01	5.45e-05	3.61e-07	0.00e+00	0.00e+00	0.00e+00	0.00e+00	0.00e+00	0.00e+00
 7.69357e+22	4.21e-02	4.78e-01	4.80e-01	5.29e-05	3.53e-07	0.00e+00	0.00e+00	0.00e+00	0.00e+00	0.00e+00	0.00e+00
 7.69967e+22	4.30e-02	4.78e-01	4.79e-01	5.14e-05	3.46e-07	0.00e+00	0.00e+00	0.00e+00	0.00e+00	0.00e+00	0.00e+00
 7.70596e+22	4.41e-02	4.79e-01	4.77e-01	4.98e-05	3.38e-07	0.00e+00	0.00e+00	0.00e+00	0.00e+00	0.00e+00	0.00e+00
 7.71240e+22	4.52e-02	4.80e-01	4.75e-01	4.83e-05	3.30e-07	0.00e+00	0.00e+00	0.00e+00	0.00e+00	0.00e+00	0.00e+00
 7.71894e+22	4.63e-02	4.81e-01	4.73e-01	4.69e-05	3.23e-07	0.00e+00	0.00e+00	0.00e+00	0.00e+00	0.00e+00	0.00e+00
 7.72564e+22	4.76e-02	4.82e-01	4.70e-01	4.54e-05	3.15e-07	0.00e+00	0.00e+00	0.00e+00	0.00e+00	0.00e+00	0.00e+00
 7.73264e+22	4.89e-02	4.83e-01	4.68e-01	4.40e-05	3.08e-07	0.00e+00	0.00e+00	0.00e+00	0.00e+00	0.00e+00	0.00e+00
 7.73986e+22	5.03e-02	4.85e-01	4.65e-01	4.25e-05	3.01e-07	0.00e+00	0.00e+00	0.00e+00	0.00e+00	0.00e+00	0.00e+00
 7.74727e+22	5.18e-02	4.87e-01	4.61e-01	4.11e-05	2.93e-07	0.00e+00	0.00e+00	0.00e+00	0.00e+00	0.00e+00	0.00e+00
 7.75490e+22	5.35e-02	4.89e-01	4.58e-01	3.98e-05	2.86e-07	0.00e+00	0.00e+00	0.00e+00	0.00e+00	0.00e+00	0.00e+00
 7.76272e+22	5.52e-02	4.91e-01	4.54e-01	3.84e-05	2.79e-07	0.00e+00	0.00e+00	0.00e+00	0.00e+00	0.00e+00	0.00e+00
 7.77069e+22	5.70e-02	4.93e-01	4.50e-01	3.71e-05	2.72e-07	0.00e+00	0.00e+00	0.00e+00	0.00e+00	0.00e+00	0.00e+00
 7.77877e+22	5.91e-02	4.96e-01	4.45e-01	3.58e-05	2.64e-07	0.00e+00	0.00e+00	0.00e+00	0.00e+00	0.00e+00	0.00e+00
 7.78704e+22	6.12e-02	4.99e-01	4.40e-01	3.45e-05	2.57e-07	0.00e+00	0.00e+00	0.00e+00	0.00e+00	0.00e+00	0.00e+00
 7.79554e+22	6.33e-02	5.01e-01	4.35e-01	3.33e-05	2.50e-07	0.00e+00	0.00e+00	0.00e+00	0.00e+00	0.00e+00	0.00e+00
 7.80397e+22	6.57e-02	5.04e-01	4.30e-01	3.21e-05	2.44e-07	0.00e+00	0.00e+00	0.00e+00	0.00e+00	0.00e+00	0.00e+00
 7.81241e+22	6.81e-02	5.07e-01	4.24e-01	3.10e-05	2.37e-07	0.00e+00	0.00e+00	0.00e+00	0.00e+00	0.00e+00	0.00e+00
 7.82121e+22	7.07e-02	5.10e-01	4.19e-01	2.98e-05	2.30e-07	0.00e+00	0.00e+00	0.00e+00	0.00e+00	0.00e+00	0.00e+00
 7.83015e+22	7.34e-02	5.14e-01	4.13e-01	2.88e-05	2.23e-07	0.00e+00	0.00e+00	0.00e+00	0.00e+00	0.00e+00	0.00e+00
 7.83913e+22	7.61e-02	5.17e-01	4.07e-01	2.77e-05	2.17e-07	0.00e+00	0.00e+00	0.00e+00	0.00e+00	0.00e+00	0.00e+00
 7.84833e+22	7.92e-02	5.20e-01	4.01e-01	2.66e-05	2.10e-07	0.00e+00	0.00e+00	0.00e+00	0.00e+00	0.00e+00	0.00e+00
 7.85782e+22	8.24e-02	5.24e-01	3.94e-01	2.56e-05	2.03e-07	0.00e+00	0.00e+00	0.00e+00	0.00e+00	0.00e+00	0.00e+00
 7.86746e+22	8.59e-02	5.27e-01	3.87e-01	2.46e-05	1.96e-07	0.00e+00	0.00e+00	0.00e+00	0.00e+00	0.00e+00	0.00e+00
 7.87720e+22	8.97e-02	5.31e-01	3.79e-01	2.36e-05	1.89e-07	0.00e+00	0.00e+00	0.00e+00	0.00e+00	0.00e+00	0.00e+00
 7.88723e+22	9.37e-02	5.35e-01	3.72e-01	2.26e-05	1.82e-07	0.00e+00	0.00e+00	0.00e+00	0.00e+00	0.00e+00	0.00e+00
 7.89753e+22	9.80e-02	5.38e-01	3.64e-01	2.17e-05	1.75e-07	0.00e+00	0.00e+00	0.00e+00	0.00e+00	0.00e+00	0.00e+00
 7.90768e+22	1.02e-01	5.42e-01	3.56e-01	2.08e-05	1.69e-07	0.00e+00	0.00e+00	0.00e+00	0.00e+00	0.00e+00	0.00e+00
 7.91733e+22	1.07e-01	5.45e-01	3.48e-01	1.97e-05	1.62e-07	0.00e+00	0.00e+00	0.00e+00	0.00e+00	0.00e+00	0.00e+00
 7.92622e+22	1.11e-01	5.48e-01	3.41e-01	1.87e-05	1.56e-07	0.00e+00	0.00e+00	0.00e+00	0.00e+00	0.00e+00	0.00e+00
 7.93446e+22	1.16e-01	5.51e-01	3.33e-01	1.78e-05	1.51e-07	0.00e+00	0.00e+00	0.00e+00	0.00e+00	0.00e+00	0.00e+00
 7.94209e+22	1.20e-01	5.53e-01	3.27e-01	1.70e-05	1.46e-07	0.00e+00	0.00e+00	0.00e+00	0.00e+00	0.00e+00	0.00e+00
 7.94945e+22	1.25e-01	5.56e-01	3.20e-01	1.63e-05	1.41e-07	0.00e+00	0.00e+00	0.00e+00	0.00e+00	0.00e+00	0.00e+00
 7.95684e+22	1.29e-01	5.58e-01	3.14e-01	1.56e-05	1.36e-07	0.00e+00	0.00e+00	0.00e+00	0.00e+00	0.00e+00	0.00e+00
 7.96410e+22	1.34e-01	5.60e-01	3.07e-01	1.49e-05	1.31e-07	0.00e+00	0.00e+00	0.00e+00	0.00e+00	0.00e+00	0.00e+00
 7.97089e+22	1.38e-01	5.61e-01	3.01e-01	1.43e-05	1.26e-07	0.00e+00	0.00e+00	0.00e+00	0.00e+00	0.00e+00	0.00e+00
 7.97721e+22	1.42e-01	5.63e-01	2.94e-01	1.37e-05	0.00e+00	0.00e+00	0.00e+00	0.00e+00	0.00e+00	0.00e+00	0.00e+00
 7.98357e+22	1.47e-01	5.65e-01	2.88e-01	1.31e-05	0.00e+00	0.00e+00	0.00e+00	0.00e+00	0.00e+00	0.00e+00	0.00e+00
 7.98971e+22	1.52e-01	5.66e-01	2.82e-01	1.26e-05	0.00e+00	0.00e+00	0.00e+00	0.00e+00	0.00e+00	0.00e+00	0.00e+00
 7.99550e+22	1.56e-01	5.67e-01	2.77e-01	1.21e-05	0.00e+00	0.00e+00	0.00e+00	0.00e+00	0.00e+00	0.00e+00	0.00e+00
 8.00125e+22	1.61e-01	5.68e-01	2.71e-01	1.16e-05	0.00e+00	0.00e+00	0.00e+00	0.00e+00	0.00e+00	0.00e+00	0.00e+00
 8.00676e+22	1.66e-01	5.69e-01	2.65e-01	1.12e-05	0.00e+00	0.00e+00	0.00e+00	0.00e+00	0.00e+00	0.00e+00	0.00e+00
 8.01195e+22	1.71e-01	5.70e-01	2.60e-01	1.08e-05	0.00e+00	0.00e+00	0.00e+00	0.00e+00	0.00e+00	0.00e+00	0.00e+00
 8.01703e+22	1.76e-01	5.70e-01	2.54e-01	1.04e-05	0.00e+00	0.00e+00	0.00e+00	0.00e+00	0.00e+00	0.00e+00	0.00e+00
 8.02197e+22	1.81e-01	5.71e-01	2.49e-01	1.00e-05	0.00e+00	0.00e+00	0.00e+00	0.00e+00	0.00e+00	0.00e+00	0.00e+00
 8.02662e+22	1.85e-01	5.71e-01	2.44e-01	9.67e-06	0.00e+00	0.00e+00	0.00e+00	0.00e+00	0.00e+00	0.00e+00	0.00e+00
 8.03085e+22	1.90e-01	5.71e-01	2.39e-01	9.36e-06	0.00e+00	0.00e+00	0.00e+00	0.00e+00	0.00e+00	0.00e+00	0.00e+00
 8.03471e+22	1.94e-01	5.71e-01	2.34e-01	9.08e-06	0.00e+00	0.00e+00	0.00e+00	0.00e+00	0.00e+00	0.00e+00	0.00e+00
 8.03821e+22	1.98e-01	5.71e-01	2.30e-01	8.83e-06	0.00e+00	0.00e+00	0.00e+00	0.00e+00	0.00e+00	0.00e+00	0.00e+00
 8.04140e+22	2.02e-01	5.71e-01	2.26e-01	8.60e-06	0.00e+00	0.00e+00	0.00e+00	0.00e+00	0.00e+00	0.00e+00	0.00e+00
 8.04430e+22	2.06e-01	5.71e-01	2.23e-01	8.39e-06	0.00e+00	0.00e+00	0.00e+00	0.00e+00	0.00e+00	0.00e+00	0.00e+00
 8.04694e+22	2.09e-01	5.71e-01	2.20e-01	8.20e-06	0.00e+00	0.00e+00	0.00e+00	0.00e+00	0.00e+00	0.00e+00	0.00e+00
 8.04935e+22	2.13e-01	5.71e-01	2.17e-01	8.03e-06	0.00e+00	0.00e+00	0.00e+00	0.00e+00	0.00e+00	0.00e+00	0.00e+00
 8.05153e+22	2.15e-01	5.71e-01	2.14e-01	7.90e-06	0.00e+00	0.00e+00	0.00e+00	0.00e+00	0.00e+00	0.00e+00	0.00e+00
 8.05393e+22	2.18e-01	5.70e-01	2.11e-01	7.71e-06	0.00e+00	0.00e+00	0.00e+00	0.00e+00	0.00e+00	0.00e+00	0.00e+00
 8.05705e+22	2.23e-01	5.70e-01	2.07e-01	7.48e-06	0.00e+00	0.00e+00	0.00e+00	0.00e+00	0.00e+00	0.00e+00	0.00e+00
 8.06041e+22	2.27e-01	5.69e-01	2.04e-01	7.28e-06	0.00e+00	0.00e+00	0.00e+00	0.00e+00	0.00e+00	0.00e+00	0.00e+00
 8.06347e+22	2.31e-01	5.69e-01	2.00e-01	7.09e-06	0.00e+00	0.00e+00	0.00e+00	0.00e+00	0.00e+00	0.00e+00	0.00e+00
 8.06626e+22	2.35e-01	5.68e-01	1.97e-01	6.93e-06	0.00e+00	0.00e+00	0.00e+00	0.00e+00	0.00e+00	0.00e+00	0.00e+00
 8.06931e+22	2.39e-01	5.68e-01	1.93e-01	6.72e-06	0.00e+00	0.00e+00	0.00e+00	0.00e+00	0.00e+00	0.00e+00	0.00e+00
 8.07260e+22	2.44e-01	5.67e-01	1.89e-01	6.53e-06	0.00e+00	0.00e+00	0.00e+00	0.00e+00	0.00e+00	0.00e+00	0.00e+00
 8.07560e+22	2.48e-01	5.66e-01	1.86e-01	6.37e-06	0.00e+00	0.00e+00	0.00e+00	0.00e+00	0.00e+00	0.00e+00	0.00e+00
 8.07833e+22	2.52e-01	5.65e-01	1.83e-01	6.20e-06	0.00e+00	0.00e+00	0.00e+00	0.00e+00	0.00e+00	0.00e+00	0.00e+00
 8.08081e+22	2.54e-01	5.65e-01	1.81e-01	6.10e-06	0.00e+00	0.00e+00	0.00e+00	0.00e+00	0.00e+00	0.00e+00	0.00e+00
 8.08354e+22	2.58e-01	5.64e-01	1.78e-01	5.95e-06	0.00e+00	0.00e+00	0.00e+00	0.00e+00	0.00e+00	0.00e+00	0.00e+00
 8.08647e+22	2.62e-01	5.63e-01	1.75e-01	5.80e-06	0.00e+00	0.00e+00	0.00e+00	0.00e+00	0.00e+00	0.00e+00	0.00e+00
 8.08969e+22	2.67e-01	5.62e-01	1.72e-01	5.63e-06	0.00e+00	0.00e+00	0.00e+00	0.00e+00	0.00e+00	0.00e+00	0.00e+00
 8.09317e+22	2.71e-01	5.60e-01	1.69e-01	5.47e-06	0.00e+00	0.00e+00	0.00e+00	0.00e+00	0.00e+00	0.00e+00	0.00e+00
 8.09633e+22	2.75e-01	5.59e-01	1.66e-01	5.33e-06	0.00e+00	0.00e+00	0.00e+00	0.00e+00	0.00e+00	0.00e+00	0.00e+00
 8.09921e+22	2.79e-01	5.58e-01	1.63e-01	5.20e-06	0.00e+00	0.00e+00	0.00e+00	0.00e+00	0.00e+00	0.00e+00	0.00e+00
 8.10183e+22	2.82e-01	5.57e-01	1.61e-01	5.10e-06	0.00e+00	0.00e+00	0.00e+00	0.00e+00	0.00e+00	0.00e+00	0.00e+00
 8.10470e+22	2.86e-01	5.56e-01	1.58e-01	4.95e-06	0.00e+00	0.00e+00	0.00e+00	0.00e+00	0.00e+00	0.00e+00	0.00e+00
 8.10843e+22	2.92e-01	5.54e-01	1.54e-01	4.77e-06	0.00e+00	0.00e+00	0.00e+00	0.00e+00	0.00e+00	0.00e+00	0.00e+00
 8.11245e+22	2.97e-01	5.52e-01	1.51e-01	4.62e-06	0.00e+00	0.00e+00	0.00e+00	0.00e+00	0.00e+00	0.00e+00	0.00e+00
 8.11612e+22	3.02e-01	5.51e-01	1.48e-01	4.48e-06	0.00e+00	0.00e+00	0.00e+00	0.00e+00	0.00e+00	0.00e+00	0.00e+00
 8.11945e+22	3.06e-01	5.49e-01	1.45e-01	4.36e-06	0.00e+00	0.00e+00	0.00e+00	0.00e+00	0.00e+00	0.00e+00	0.00e+00
 8.12249e+22	3.11e-01	5.47e-01	1.42e-01	4.24e-06	0.00e+00	0.00e+00	0.00e+00	0.00e+00	0.00e+00	0.00e+00	0.00e+00
 8.12525e+22	3.15e-01	5.45e-01	1.40e-01	4.13e-06	0.00e+00	0.00e+00	0.00e+00	0.00e+00	0.00e+00	0.00e+00	0.00e+00
 8.12776e+22	3.19e-01	5.44e-01	1.37e-01	4.02e-06	0.00e+00	0.00e+00	0.00e+00	0.00e+00	0.00e+00	0.00e+00	0.00e+00
 8.13005e+22	3.22e-01	5.42e-01	1.35e-01	3.95e-06	0.00e+00	0.00e+00	0.00e+00	0.00e+00	0.00e+00	0.00e+00	0.00e+00
 8.13256e+22	3.27e-01	5.41e-01	1.33e-01	3.84e-06	0.00e+00	0.00e+00	0.00e+00	0.00e+00	0.00e+00	0.00e+00	0.00e+00
 8.13581e+22	3.33e-01	5.38e-01	1.29e-01	3.71e-06	0.00e+00	0.00e+00	0.00e+00	0.00e+00	0.00e+00	0.00e+00	0.00e+00
 8.13933e+22	3.37e-01	5.36e-01	1.27e-01	3.60e-06	0.00e+00	0.00e+00	0.00e+00	0.00e+00	0.00e+00	0.00e+00	0.00e+00
 8.14253e+22	3.42e-01	5.34e-01	1.24e-01	3.50e-06	0.00e+00	0.00e+00	0.00e+00	0.00e+00	0.00e+00	0.00e+00	0.00e+00
 8.14544e+22	3.46e-01	5.32e-01	1.22e-01	3.40e-06	0.00e+00	0.00e+00	0.00e+00	0.00e+00	0.00e+00	0.00e+00	0.00e+00
 8.14809e+22	3.50e-01	5.30e-01	1.20e-01	3.32e-06	0.00e+00	0.00e+00	0.00e+00	0.00e+00	0.00e+00	0.00e+00	0.00e+00
 8.15100e+22	3.55e-01	5.27e-01	1.17e-01	3.23e-06	0.00e+00	0.00e+00	0.00e+00	0.00e+00	0.00e+00	0.00e+00	0.00e+00
 8.15413e+22	3.60e-01	5.25e-01	1.15e-01	3.13e-06	0.00e+00	0.00e+00	0.00e+00	0.00e+00	0.00e+00	0.00e+00	0.00e+00
 8.15699e+22	3.64e-01	5.23e-01	1.13e-01	3.05e-06	0.00e+00	0.00e+00	0.00e+00	0.00e+00	0.00e+00	0.00e+00	0.00e+00
 8.15958e+22	3.69e-01	5.21e-01	1.10e-01	2.97e-06	0.00e+00	0.00e+00	0.00e+00	0.00e+00	0.00e+00	0.00e+00	0.00e+00
 8.16195e+22	3.72e-01	5.19e-01	1.09e-01	2.91e-06	0.00e+00	0.00e+00	0.00e+00	0.00e+00	0.00e+00	0.00e+00	0.00e+00
 8.16454e+22	3.77e-01	5.17e-01	1.07e-01	2.83e-06	0.00e+00	0.00e+00	0.00e+00	0.00e+00	0.00e+00	0.00e+00	0.00e+00
 8.16733e+22	3.80e-01	5.15e-01	1.05e-01	2.77e-06	0.00e+00	0.00e+00	0.00e+00	0.00e+00	0.00e+00	0.00e+00	0.00e+00
 8.17039e+22	3.85e-01	5.12e-01	1.03e-01	2.68e-06	0.00e+00	0.00e+00	0.00e+00	0.00e+00	0.00e+00	0.00e+00	0.00e+00
 8.17370e+22	3.90e-01	5.09e-01	1.01e-01	2.61e-06	0.00e+00	0.00e+00	0.00e+00	0.00e+00	0.00e+00	0.00e+00	0.00e+00
 8.17671e+22	3.93e-01	5.07e-01	9.91e-02	2.55e-06	0.00e+00	0.00e+00	0.00e+00	0.00e+00	0.00e+00	0.00e+00	0.00e+00
 8.18001e+22	3.99e-01	5.04e-01	9.68e-02	2.46e-06	0.00e+00	0.00e+00	0.00e+00	0.00e+00	0.00e+00	0.00e+00	0.00e+00
 8.18357e+22	4.03e-01	5.02e-01	9.49e-02	2.39e-06	0.00e+00	0.00e+00	0.00e+00	0.00e+00	0.00e+00	0.00e+00	0.00e+00
 8.18681e+22	4.08e-01	4.99e-01	9.29e-02	2.32e-06	0.00e+00	0.00e+00	0.00e+00	0.00e+00	0.00e+00	0.00e+00	0.00e+00
 8.18976e+22	4.11e-01	4.97e-01	9.17e-02	2.27e-06	0.00e+00	0.00e+00	0.00e+00	0.00e+00	0.00e+00	0.00e+00	0.00e+00
 8.19299e+22	4.16e-01	4.95e-01	8.96e-02	2.20e-06	0.00e+00	0.00e+00	0.00e+00	0.00e+00	0.00e+00	0.00e+00	0.00e+00
 8.19647e+22	4.20e-01	4.92e-01	8.78e-02	2.14e-06	0.00e+00	0.00e+00	0.00e+00	0.00e+00	0.00e+00	0.00e+00	0.00e+00
 8.19965e+22	4.25e-01	4.89e-01	8.60e-02	2.08e-06	0.00e+00	0.00e+00	0.00e+00	0.00e+00	0.00e+00	0.00e+00	0.00e+00
 8.20253e+22	4.28e-01	4.87e-01	8.48e-02	2.04e-06	0.00e+00	0.00e+00	0.00e+00	0.00e+00	0.00e+00	0.00e+00	0.00e+00
 8.20570e+22	4.34e-01	4.84e-01	8.26e-02	1.97e-06	0.00e+00	0.00e+00	0.00e+00	0.00e+00	0.00e+00	0.00e+00	0.00e+00
 8.20911e+22	4.37e-01	4.82e-01	8.14e-02	1.92e-06	0.00e+00	0.00e+00	0.00e+00	0.00e+00	0.00e+00	0.00e+00	0.00e+00
 8.21286e+22	4.43e-01	4.78e-01	7.93e-02	1.85e-06	0.00e+00	0.00e+00	0.00e+00	0.00e+00	0.00e+00	0.00e+00	0.00e+00
 8.21690e+22	4.47e-01	4.75e-01	7.76e-02	1.79e-06	0.00e+00	0.00e+00	0.00e+00	0.00e+00	0.00e+00	0.00e+00	0.00e+00
 8.22058e+22	4.52e-01	4.72e-01	7.58e-02	1.74e-06	0.00e+00	0.00e+00	0.00e+00	0.00e+00	0.00e+00	0.00e+00	0.00e+00
 8.22392e+22	4.56e-01	4.70e-01	7.47e-02	1.70e-06	0.00e+00	0.00e+00	0.00e+00	0.00e+00	0.00e+00	0.00e+00	0.00e+00
 8.22759e+22	4.61e-01	4.66e-01	7.28e-02	1.64e-06	0.00e+00	0.00e+00	0.00e+00	0.00e+00	0.00e+00	0.00e+00	0.00e+00
 8.23155e+22	4.66e-01	4.63e-01	7.12e-02	1.59e-06	0.00e+00	0.00e+00	0.00e+00	0.00e+00	0.00e+00	0.00e+00	0.00e+00
 8.23515e+22	4.70e-01	4.60e-01	6.99e-02	1.54e-06	0.00e+00	0.00e+00	0.00e+00	0.00e+00	0.00e+00	0.00e+00	0.00e+00
 8.23910e+22	4.76e-01	4.57e-01	6.80e-02	1.49e-06	0.00e+00	0.00e+00	0.00e+00	0.00e+00	0.00e+00	0.00e+00	0.00e+00
 8.24336e+22	4.80e-01	4.53e-01	6.65e-02	1.44e-06	0.00e+00	0.00e+00	0.00e+00	0.00e+00	0.00e+00	0.00e+00	0.00e+00
 8.24724e+22	4.85e-01	4.50e-01	6.48e-02	1.39e-06	0.00e+00	0.00e+00	0.00e+00	0.00e+00	0.00e+00	0.00e+00	0.00e+00
 8.25077e+22	4.89e-01	4.48e-01	6.38e-02	1.36e-06	0.00e+00	0.00e+00	0.00e+00	0.00e+00	0.00e+00	0.00e+00	0.00e+00
