#depth	He	He+	He+2
 4.62852e+21	6.82e-09	1.14e-03	9.99e-01
 1.03907e+22	1.63e-08	1.69e-03	9.98e-01
 1.20911e+22	2.48e-08	2.04e-03	9.98e-01
 1.30367e+22	3.26e-08	2.32e-03	9.98e-01
 1.35361e+22	3.59e-08	2.43e-03	9.98e-01
 1.38135e+22	3.98e-08	2.55e-03	9.97e-01
 1.41741e+22	4.58e-08	2.72e-03	9.97e-01
 1.45299e+22	5.10e-08	2.87e-03	9.97e-01
 1.48794e+22	5.84e-08	3.06e-03	9.97e-01
 1.52338e+22	6.55e-08	3.23e-03	9.97e-01
 1.55424e+22	7.28e-08	3.39e-03	9.97e-01
 1.58913e+22	8.30e-08	3.61e-03	9.96e-01
 1.62534e+22	9.32e-08	3.82e-03	9.96e-01
 1.65790e+22	1.04e-07	4.03e-03	9.96e-01
 1.69488e+22	1.20e-07	4.31e-03	9.96e-01
 1.73244e+22	1.34e-07	4.55e-03	9.95e-01
 1.77076e+22	1.55e-07	4.88e-03	9.95e-01
 1.80999e+22	1.75e-07	5.17e-03	9.95e-01
 1.84261e+22	1.94e-07	5.44e-03	9.95e-01
 1.87722e+22	2.20e-07	5.79e-03	9.94e-01
 1.91373e+22	2.47e-07	6.12e-03	9.94e-01
 1.95270e+22	2.85e-07	6.55e-03	9.93e-01
 1.99248e+22	3.23e-07	6.97e-03	9.93e-01
 2.02733e+22	3.62e-07	7.36e-03	9.93e-01
 2.05983e+22	4.01e-07	7.74e-03	9.92e-01
 2.09524e+22	4.55e-07	8.24e-03	9.92e-01
 2.13173e+22	5.09e-07	8.70e-03	9.91e-01
 2.16441e+22	5.66e-07	9.17e-03	9.91e-01
 2.20167e+22	6.49e-07	9.80e-03	9.90e-01
 2.23886e+22	7.26e-07	1.04e-02	9.90e-01
 2.27074e+22	8.05e-07	1.09e-02	9.89e-01
 2.30697e+22	9.18e-07	1.16e-02	9.88e-01
 2.34433e+22	1.03e-06	1.23e-02	9.88e-01
 2.37766e+22	1.15e-06	1.30e-02	9.87e-01
 2.41553e+22	1.32e-06	1.39e-02	9.86e-01
 2.45431e+22	1.48e-06	1.47e-02	9.85e-01
 2.48850e+22	1.66e-06	1.55e-02	9.84e-01
 2.52715e+22	1.90e-06	1.66e-02	9.83e-01
 2.56727e+22	2.16e-06	1.77e-02	9.82e-01
 2.60321e+22	2.43e-06	1.87e-02	9.81e-01
 2.64386e+22	2.82e-06	2.02e-02	9.80e-01
 2.68576e+22	3.20e-06	2.15e-02	9.79e-01
 2.72929e+22	3.76e-06	2.32e-02	9.77e-01
 2.77339e+22	4.28e-06	2.47e-02	9.75e-01
 2.80972e+22	4.78e-06	2.61e-02	9.74e-01
 2.84840e+22	5.52e-06	2.80e-02	9.72e-01
 2.89076e+22	6.32e-06	3.00e-02	9.70e-01
 2.92786e+22	7.04e-06	3.16e-02	9.68e-01
 2.96605e+22	8.11e-06	3.39e-02	9.66e-01
 3.00915e+22	9.35e-06	3.63e-02	9.64e-01
 3.04737e+22	1.04e-05	3.83e-02	9.62e-01
 3.08577e+22	1.20e-05	4.10e-02	9.59e-01
 3.12442e+22	1.34e-05	4.33e-02	9.57e-01
 3.16338e+22	1.54e-05	4.63e-02	9.54e-01
 3.20316e+22	1.73e-05	4.91e-02	9.51e-01
 3.23765e+22	1.93e-05	5.17e-02	9.48e-01
 3.27612e+22	2.21e-05	5.52e-02	9.45e-01
 3.31589e+22	2.49e-05	5.85e-02	9.41e-01
 3.35131e+22	2.78e-05	6.17e-02	9.38e-01
 3.39132e+22	3.19e-05	6.59e-02	9.34e-01
 3.43268e+22	3.60e-05	6.99e-02	9.30e-01
 3.46969e+22	4.04e-05	7.38e-02	9.26e-01
 3.51170e+22	4.65e-05	7.90e-02	9.21e-01
 3.55512e+22	5.28e-05	8.39e-02	9.16e-01
 3.59377e+22	5.91e-05	8.86e-02	9.11e-01
 3.63741e+22	6.89e-05	9.52e-02	9.05e-01
 3.68142e+22	7.72e-05	1.01e-01	8.99e-01
 3.72594e+22	8.96e-05	1.08e-01	8.92e-01
 3.76875e+22	9.97e-05	1.13e-01	8.87e-01
 3.80936e+22	1.13e-04	1.20e-01	8.80e-01
 3.85128e+22	1.27e-04	1.27e-01	8.73e-01
 3.88813e+22	1.41e-04	1.33e-01	8.67e-01
 3.92924e+22	1.60e-04	1.41e-01	8.59e-01
 3.97174e+22	1.80e-04	1.49e-01	8.51e-01
 4.00901e+22	1.99e-04	1.56e-01	8.44e-01
 4.05042e+22	2.26e-04	1.65e-01	8.35e-01
 4.09360e+22	2.53e-04	1.74e-01	8.26e-01
 4.13196e+22	2.80e-04	1.82e-01	8.17e-01
 4.17469e+22	3.18e-04	1.93e-01	8.07e-01
 4.21914e+22	3.58e-04	2.03e-01	7.96e-01
 4.25812e+22	3.95e-04	2.12e-01	7.87e-01
 4.30111e+22	4.46e-04	2.24e-01	7.76e-01
 4.34654e+22	5.03e-04	2.36e-01	7.64e-01
 4.37297e+22	5.18e-04	2.39e-01	7.61e-01
 4.38512e+22	5.38e-04	2.43e-01	7.57e-01
 4.40093e+22	5.63e-04	2.48e-01	7.52e-01
 4.42147e+22	5.96e-04	2.54e-01	7.46e-01
 4.44818e+22	6.40e-04	2.62e-01	7.38e-01
 4.48289e+22	7.14e-04	2.74e-01	7.25e-01
 4.52803e+22	8.10e-04	2.89e-01	7.10e-01
 4.57578e+22	9.05e-04	3.02e-01	6.97e-01
 4.62692e+22	1.04e-03	3.21e-01	6.78e-01
 4.67561e+22	1.15e-03	3.34e-01	6.65e-01
 4.72110e+22	1.30e-03	3.50e-01	6.49e-01
 4.76791e+22	1.44e-03	3.64e-01	6.34e-01
 4.80420e+22	1.56e-03	3.75e-01	6.23e-01
 4.83914e+22	1.70e-03	3.88e-01	6.10e-01
 4.87495e+22	1.84e-03	4.00e-01	5.98e-01
 4.91189e+22	2.02e-03	4.14e-01	5.84e-01
 4.94936e+22	2.19e-03	4.26e-01	5.72e-01
 4.98181e+22	2.35e-03	4.37e-01	5.60e-01
 5.01829e+22	2.57e-03	4.52e-01	5.46e-01
 5.05601e+22	2.78e-03	4.64e-01	5.33e-01
 5.08997e+22	3.00e-03	4.76e-01	5.21e-01
 5.12877e+22	3.29e-03	4.91e-01	5.05e-01
 5.16844e+22	3.57e-03	5.05e-01	4.92e-01
 5.20279e+22	3.84e-03	5.17e-01	4.79e-01
 5.24099e+22	4.19e-03	5.32e-01	4.64e-01
 5.28130e+22	4.54e-03	5.46e-01	4.50e-01
 5.32439e+22	5.03e-03	5.63e-01	4.32e-01
 5.36710e+22	5.43e-03	5.76e-01	4.18e-01
 5.40935e+22	5.98e-03	5.93e-01	4.01e-01
 5.45250e+22	6.47e-03	6.06e-01	3.87e-01
 5.49684e+22	7.16e-03	6.24e-01	3.69e-01
 5.54129e+22	7.72e-03	6.36e-01	3.56e-01
 5.58588e+22	8.50e-03	6.53e-01	3.39e-01
 5.63148e+22	9.19e-03	6.66e-01	3.25e-01
 5.67838e+22	1.02e-02	6.83e-01	3.07e-01
 5.72549e+22	1.10e-02	6.96e-01	2.93e-01
 5.77287e+22	1.22e-02	7.12e-01	2.76e-01
 5.82121e+22	1.32e-02	7.25e-01	2.62e-01
 5.87080e+22	1.46e-02	7.41e-01	2.45e-01
 5.92178e+22	1.58e-02	7.53e-01	2.31e-01
 5.97456e+22	1.77e-02	7.69e-01	2.13e-01
 6.02806e+22	1.93e-02	7.81e-01	2.00e-01
 6.06979e+22	2.06e-02	7.90e-01	1.89e-01
 6.11130e+22	2.24e-02	8.01e-01	1.77e-01
 6.15319e+22	2.39e-02	8.09e-01	1.67e-01
 6.19559e+22	2.60e-02	8.19e-01	1.55e-01
 6.23894e+22	2.79e-02	8.27e-01	1.45e-01
 6.27761e+22	2.99e-02	8.34e-01	1.36e-01
 6.32192e+22	3.28e-02	8.43e-01	1.25e-01
 6.36664e+22	3.52e-02	8.49e-01	1.16e-01
 6.41189e+22	3.85e-02	8.56e-01	1.06e-01
 6.45869e+22	4.18e-02	8.62e-01	9.64e-02
 6.49887e+22	4.50e-02	8.66e-01	8.88e-02
 6.54251e+22	4.92e-02	8.70e-01	8.03e-02
 6.58846e+22	5.36e-02	8.74e-01	7.25e-02
 6.62846e+22	5.78e-02	8.76e-01	6.62e-02
 6.67148e+22	6.35e-02	8.77e-01	5.91e-02
 6.71619e+22	6.93e-02	8.78e-01	5.31e-02
 6.75514e+22	7.51e-02	8.77e-01	4.80e-02
 6.79061e+22	8.09e-02	8.75e-01	4.38e-02
 6.82950e+22	8.92e-02	8.72e-01	3.89e-02
 6.86866e+22	9.69e-02	8.68e-01	3.52e-02
 6.90149e+22	1.05e-01	8.63e-01	3.21e-02
 6.93748e+22	1.15e-01	8.56e-01	2.87e-02
 6.96337e+22	1.21e-01	8.52e-01	2.74e-02
 6.97149e+22	1.23e-01	8.50e-01	2.70e-02
 6.97725e+22	1.25e-01	8.49e-01	2.65e-02
 6.98430e+22	1.27e-01	8.47e-01	2.59e-02
 6.99224e+22	1.30e-01	8.44e-01	2.53e-02
 7.00012e+22	1.33e-01	8.42e-01	2.48e-02
 7.00760e+22	1.36e-01	8.40e-01	2.43e-02
 7.01485e+22	1.39e-01	8.37e-01	2.38e-02
 7.02194e+22	1.42e-01	8.35e-01	2.33e-02
 7.02917e+22	1.45e-01	8.32e-01	2.28e-02
 7.03627e+22	1.48e-01	8.30e-01	2.24e-02
 7.04313e+22	1.51e-01	8.27e-01	2.20e-02
 7.04991e+22	1.54e-01	8.24e-01	2.16e-02
 7.05646e+22	1.58e-01	8.21e-01	2.12e-02
 7.06278e+22	1.60e-01	8.19e-01	2.09e-02
 7.06925e+22	1.64e-01	8.15e-01	2.05e-02
 7.07577e+22	1.67e-01	8.12e-01	2.02e-02
 7.08194e+22	1.71e-01	8.09e-01	1.98e-02
 7.08794e+22	1.74e-01	8.06e-01	1.95e-02
 7.09390e+22	1.78e-01	8.03e-01	1.92e-02
 7.09980e+22	1.81e-01	8.00e-01	1.90e-02
 7.10561e+22	1.85e-01	7.96e-01	1.87e-02
 7.11131e+22	1.89e-01	7.92e-01	1.84e-02
 7.11670e+22	1.93e-01	7.89e-01	1.82e-02
 7.12204e+22	1.96e-01	7.86e-01	1.79e-02
 7.12749e+22	2.00e-01	7.82e-01	1.77e-02
 7.13294e+22	2.04e-01	7.78e-01	1.75e-02
 7.13831e+22	2.08e-01	7.75e-01	1.73e-02
 7.14391e+22	2.13e-01	7.70e-01	1.71e-02
 7.14947e+22	2.17e-01	7.66e-01	1.70e-02
 7.15474e+22	2.21e-01	7.62e-01	1.68e-02
 7.15994e+22	2.26e-01	7.58e-01	1.66e-02
 7.16498e+22	2.30e-01	7.53e-01	1.65e-02
 7.17000e+22	2.35e-01	7.49e-01	1.63e-02
 7.17514e+22	2.39e-01	7.44e-01	1.62e-02
 7.18031e+22	2.44e-01	7.40e-01	1.61e-02
 7.18547e+22	2.49e-01	7.35e-01	1.60e-02
 7.19060e+22	2.54e-01	7.30e-01	1.59e-02
 7.19572e+22	2.60e-01	7.25e-01	1.58e-02
 7.20087e+22	2.65e-01	7.20e-01	1.57e-02
 7.20614e+22	2.71e-01	7.14e-01	1.56e-02
 7.21139e+22	2.76e-01	7.08e-01	1.56e-02
 7.21662e+22	2.82e-01	7.03e-01	1.55e-02
 7.22198e+22	2.88e-01	6.96e-01	1.54e-02
 7.22749e+22	2.95e-01	6.90e-01	1.54e-02
 7.23309e+22	3.01e-01	6.83e-01	1.54e-02
 7.23877e+22	3.08e-01	6.77e-01	1.53e-02
 7.24358e+22	3.13e-01	6.72e-01	1.54e-02
 7.24720e+22	3.17e-01	6.67e-01	1.54e-02
 7.25067e+22	3.22e-01	6.63e-01	1.54e-02
 7.25448e+22	3.27e-01	6.58e-01	1.53e-02
 7.25852e+22	3.33e-01	6.52e-01	1.53e-02
 7.26253e+22	3.38e-01	6.47e-01	1.53e-02
 7.26640e+22	3.43e-01	6.42e-01	1.53e-02
 7.27035e+22	3.49e-01	6.36e-01	1.53e-02
 7.27443e+22	3.55e-01	6.30e-01	1.52e-02
 7.27846e+22	3.60e-01	6.25e-01	1.52e-02
 7.28250e+22	3.66e-01	6.19e-01	1.52e-02
 7.28664e+22	3.72e-01	6.12e-01	1.52e-02
 7.29087e+22	3.79e-01	6.06e-01	1.51e-02
 7.29517e+22	3.85e-01	6.00e-01	1.51e-02
 7.29951e+22	3.92e-01	5.93e-01	1.50e-02
 7.30383e+22	3.99e-01	5.86e-01	1.49e-02
 7.30821e+22	4.07e-01	5.79e-01	1.48e-02
 7.31275e+22	4.14e-01	5.71e-01	1.48e-02
 7.31740e+22	4.22e-01	5.63e-01	1.46e-02
 7.32206e+22	4.30e-01	5.55e-01	1.45e-02
 7.32676e+22	4.39e-01	5.47e-01	1.44e-02
 7.33160e+22	4.47e-01	5.38e-01	1.42e-02
 7.33658e+22	4.57e-01	5.29e-01	1.41e-02
 7.34159e+22	4.65e-01	5.21e-01	1.39e-02
 7.34673e+22	4.75e-01	5.11e-01	1.37e-02
 7.35208e+22	4.85e-01	5.01e-01	1.35e-02
 7.35740e+22	4.96e-01	4.91e-01	1.33e-02
 7.36271e+22	5.06e-01	4.81e-01	1.30e-02
 7.36822e+22	5.17e-01	4.70e-01	1.28e-02
 7.37386e+22	5.28e-01	4.60e-01	1.25e-02
 7.37950e+22	5.39e-01	4.49e-01	1.22e-02
 7.38521e+22	5.50e-01	4.38e-01	1.19e-02
 7.39103e+22	5.62e-01	4.27e-01	1.16e-02
 7.39693e+22	5.74e-01	4.15e-01	1.13e-02
 7.40283e+22	5.85e-01	4.04e-01	1.10e-02
 7.40874e+22	5.97e-01	3.92e-01	1.06e-02
 7.41468e+22	6.08e-01	3.81e-01	1.03e-02
 7.42064e+22	6.20e-01	3.70e-01	9.98e-03
 7.42662e+22	6.32e-01	3.59e-01	9.64e-03
 7.43265e+22	6.43e-01	3.47e-01	9.30e-03
 7.43868e+22	6.55e-01	3.37e-01	8.97e-03
 7.44462e+22	6.66e-01	3.26e-01	8.64e-03
 7.45055e+22	6.76e-01	3.15e-01	8.31e-03
 7.45650e+22	6.87e-01	3.05e-01	7.98e-03
 7.46244e+22	6.98e-01	2.94e-01	7.65e-03
 7.46834e+22	7.08e-01	2.84e-01	7.33e-03
 7.47418e+22	7.18e-01	2.75e-01	7.02e-03
 7.47997e+22	7.28e-01	2.65e-01	6.71e-03
 7.48562e+22	7.37e-01	2.56e-01	6.42e-03
 7.49095e+22	7.46e-01	2.48e-01	6.15e-03
 7.49595e+22	7.54e-01	2.40e-01	5.90e-03
 7.50067e+22	7.61e-01	2.33e-01	5.66e-03
 7.50517e+22	7.68e-01	2.26e-01	5.44e-03
 7.50945e+22	7.75e-01	2.20e-01	5.23e-03
 7.51355e+22	7.81e-01	2.14e-01	5.03e-03
 7.51739e+22	7.87e-01	2.08e-01	4.84e-03
 7.52097e+22	7.92e-01	2.03e-01	4.67e-03
 7.52448e+22	7.97e-01	1.98e-01	4.51e-03
 7.52795e+22	8.02e-01	1.94e-01	4.35e-03
 7.53128e+22	8.07e-01	1.89e-01	4.20e-03
 7.53438e+22	8.11e-01	1.85e-01	4.06e-03
 7.53720e+22	8.15e-01	1.81e-01	3.94e-03
 7.53976e+22	8.18e-01	1.78e-01	3.82e-03
 7.54210e+22	8.22e-01	1.75e-01	3.72e-03
 7.54422e+22	8.25e-01	1.72e-01	3.63e-03
 7.54615e+22	8.27e-01	1.69e-01	3.54e-03
 7.54791e+22	8.29e-01	1.67e-01	3.48e-03
 7.54984e+22	8.32e-01	1.64e-01	3.39e-03
 7.55192e+22	8.35e-01	1.62e-01	3.31e-03
 7.55381e+22	8.37e-01	1.60e-01	3.23e-03
 7.55554e+22	8.39e-01	1.57e-01	3.17e-03
 7.55710e+22	8.41e-01	1.56e-01	3.11e-03
 7.55882e+22	8.44e-01	1.53e-01	3.03e-03
 7.56068e+22	8.46e-01	1.51e-01	2.97e-03
 7.56237e+22	8.48e-01	1.49e-01	2.90e-03
 7.56390e+22	8.50e-01	1.47e-01	2.85e-03
 7.56559e+22	8.52e-01	1.45e-01	2.78e-03
 7.56740e+22	8.54e-01	1.43e-01	2.72e-03
 7.56906e+22	8.56e-01	1.42e-01	2.67e-03
 7.57056e+22	8.57e-01	1.40e-01	2.63e-03
 7.57221e+22	8.59e-01	1.38e-01	2.58e-03
 7.57399e+22	8.61e-01	1.37e-01	2.53e-03
 7.57594e+22	8.63e-01	1.34e-01	2.46e-03
 7.57805e+22	8.65e-01	1.33e-01	2.42e-03
 7.58035e+22	8.68e-01	1.30e-01	2.34e-03
 7.58285e+22	8.70e-01	1.28e-01	2.28e-03
 7.58511e+22	8.72e-01	1.26e-01	2.22e-03
 7.58718e+22	8.74e-01	1.24e-01	2.17e-03
 7.58905e+22	8.75e-01	1.22e-01	2.13e-03
 7.59111e+22	8.77e-01	1.20e-01	2.07e-03
 7.59333e+22	8.79e-01	1.19e-01	2.03e-03
 7.59535e+22	8.81e-01	1.17e-01	1.97e-03
 7.59719e+22	8.83e-01	1.15e-01	1.93e-03
 7.59921e+22	8.85e-01	1.14e-01	1.88e-03
 7.60138e+22	8.87e-01	1.12e-01	1.83e-03
 7.60336e+22	8.88e-01	1.10e-01	1.79e-03
 7.60516e+22	8.90e-01	1.09e-01	1.75e-03
 7.60680e+22	8.91e-01	1.07e-01	1.72e-03
 7.60860e+22	8.93e-01	1.06e-01	1.67e-03
 7.61054e+22	8.94e-01	1.04e-01	1.64e-03
 7.61231e+22	8.95e-01	1.03e-01	1.60e-03
 7.61391e+22	8.97e-01	1.02e-01	1.57e-03
 7.61537e+22	8.98e-01	1.01e-01	1.55e-03
 7.61698e+22	8.99e-01	9.96e-02	1.52e-03
 7.61870e+22	9.00e-01	9.82e-02	1.48e-03
 7.62060e+22	9.02e-01	9.68e-02	1.45e-03
 7.62265e+22	9.03e-01	9.53e-02	1.41e-03
 7.62451e+22	9.04e-01	9.43e-02	1.39e-03
 7.62655e+22	9.06e-01	9.27e-02	1.34e-03
 7.62875e+22	9.07e-01	9.14e-02	1.31e-03
 7.63075e+22	9.09e-01	9.01e-02	1.28e-03
 7.63258e+22	9.10e-01	8.91e-02	1.26e-03
 7.63457e+22	9.11e-01	8.80e-02	1.23e-03
 7.63717e+22	9.12e-01	8.64e-02	1.20e-03
 7.63998e+22	9.14e-01	8.50e-02	1.17e-03
 7.64253e+22	9.15e-01	8.36e-02	1.13e-03
 7.64485e+22	9.16e-01	8.24e-02	1.11e-03
 7.64696e+22	9.18e-01	8.13e-02	1.08e-03
 7.64889e+22	9.19e-01	8.04e-02	1.06e-03
 7.65099e+22	9.20e-01	7.92e-02	1.03e-03
 7.65327e+22	9.21e-01	7.82e-02	1.01e-03
 7.65534e+22	9.22e-01	7.72e-02	9.91e-04
 7.65761e+22	9.23e-01	7.59e-02	9.63e-04
 7.66006e+22	9.24e-01	7.50e-02	9.43e-04
 7.66274e+22	9.25e-01	7.36e-02	9.14e-04
 7.66564e+22	9.27e-01	7.25e-02	8.89e-04
 7.66828e+22	9.28e-01	7.14e-02	8.67e-04
 7.67068e+22	9.29e-01	7.03e-02	8.44e-04
 7.67286e+22	9.30e-01	6.96e-02	8.30e-04
 7.67525e+22	9.31e-01	6.85e-02	8.07e-04
 7.67836e+22	9.32e-01	6.72e-02	7.80e-04
 7.68172e+22	9.33e-01	6.62e-02	7.60e-04
 7.68478e+22	9.34e-01	6.50e-02	7.37e-04
 7.68756e+22	9.35e-01	6.41e-02	7.18e-04
 7.69060e+22	9.36e-01	6.29e-02	6.95e-04
 7.69389e+22	9.37e-01	6.19e-02	6.75e-04
 7.69689e+22	9.38e-01	6.09e-02	6.57e-04
 7.69961e+22	9.39e-01	6.00e-02	6.39e-04
 7.70209e+22	9.40e-01	5.93e-02	6.26e-04
 7.70481e+22	9.41e-01	5.83e-02	6.08e-04
 7.70774e+22	9.42e-01	5.75e-02	5.92e-04
 7.71041e+22	9.43e-01	5.68e-02	5.80e-04
 7.71333e+22	9.44e-01	5.58e-02	5.61e-04
 7.71649e+22	9.44e-01	5.50e-02	5.47e-04
 7.71936e+22	9.45e-01	5.43e-02	5.34e-04
 7.72251e+22	9.46e-01	5.33e-02	5.17e-04
 7.72591e+22	9.47e-01	5.25e-02	5.03e-04
 7.72900e+22	9.48e-01	5.18e-02	4.91e-04
 7.73239e+22	9.49e-01	5.09e-02	4.75e-04
 7.73605e+22	9.49e-01	5.01e-02	4.61e-04
 7.73938e+22	9.50e-01	4.94e-02	4.50e-04
 7.74303e+22	9.51e-01	4.84e-02	4.34e-04
 7.74696e+22	9.52e-01	4.76e-02	4.21e-04
 7.75055e+22	9.53e-01	4.69e-02	4.10e-04
 7.75448e+22	9.54e-01	4.60e-02	3.94e-04
 7.75872e+22	9.54e-01	4.52e-02	3.82e-04
 7.76257e+22	9.55e-01	4.45e-02	3.71e-04
 7.76680e+22	9.56e-01	4.36e-02	3.57e-04
 7.77137e+22	9.57e-01	4.29e-02	3.46e-04
 7.77552e+22	9.58e-01	4.21e-02	3.35e-04
 7.77930e+22	9.58e-01	4.15e-02	3.25e-04
 7.78344e+22	9.59e-01	4.07e-02	3.13e-04
 7.78791e+22	9.60e-01	3.99e-02	3.03e-04
 7.79198e+22	9.60e-01	3.94e-02	2.94e-04
 7.79644e+22	9.61e-01	3.86e-02	2.83e-04
 7.80126e+22	9.62e-01	3.79e-02	2.73e-04
 7.80564e+22	9.62e-01	3.73e-02	2.65e-04
 7.81044e+22	9.63e-01	3.65e-02	2.55e-04
 7.81562e+22	9.64e-01	3.59e-02	2.46e-04
 7.82034e+22	9.65e-01	3.52e-02	2.38e-04
 7.82463e+22	9.65e-01	3.46e-02	2.30e-04
 7.82933e+22	9.66e-01	3.39e-02	2.21e-04
 7.83441e+22	9.66e-01	3.33e-02	2.14e-04
 7.83903e+22	9.67e-01	3.28e-02	2.07e-04
 7.84409e+22	9.68e-01	3.21e-02	1.99e-04
 7.84955e+22	9.68e-01	3.15e-02	1.91e-04
 7.85453e+22	9.69e-01	3.09e-02	1.85e-04
 7.85998e+22	9.70e-01	3.03e-02	1.78e-04
 7.86586e+22	9.70e-01	2.97e-02	1.71e-04
 7.87121e+22	9.71e-01	2.92e-02	1.65e-04
 7.87708e+22	9.71e-01	2.85e-02	1.58e-04
 7.88341e+22	9.72e-01	2.80e-02	1.52e-04
 7.88918e+22	9.72e-01	2.74e-02	1.46e-04
 7.89442e+22	9.73e-01	2.69e-02	1.41e-04
 7.90017e+22	9.74e-01	2.63e-02	1.35e-04
 7.90638e+22	9.74e-01	2.58e-02	1.30e-04
 7.91202e+22	9.75e-01	2.53e-02	1.25e-04
 7.91821e+22	9.75e-01	2.47e-02	1.20e-04
 7.92625e+22	9.76e-01	2.41e-02	1.13e-04
 7.93533e+22	9.76e-01	2.34e-02	1.07e-04
 7.94411e+22	9.77e-01	2.28e-02	1.02e-04
 7.95276e+22	9.78e-01	2.21e-02	9.58e-05
 7.96153e+22	9.78e-01	2.15e-02	9.06e-05
 7.97040e+22	9.79e-01	2.09e-02	8.55e-05
 7.97949e+22	9.80e-01	2.02e-02	8.06e-05
 7.98867e+22	9.80e-01	1.96e-02	7.60e-05
 7.99783e+22	9.81e-01	1.91e-02	7.17e-05
 8.00706e+22	9.81e-01	1.85e-02	6.75e-05
 8.01642e+22	9.82e-01	1.79e-02	6.36e-05
 8.02587e+22	9.83e-01	1.74e-02	5.99e-05
 8.03540e+22	9.83e-01	1.69e-02	5.64e-05
 8.04501e+22	9.84e-01	1.64e-02	5.31e-05
 8.05471e+22	9.84e-01	1.59e-02	5.00e-05
 8.06448e+22	9.85e-01	1.54e-02	4.70e-05
 8.07432e+22	9.85e-01	1.49e-02	4.42e-05
 8.08426e+22	9.85e-01	1.45e-02	4.16e-05
 8.09430e+22	9.86e-01	1.40e-02	3.91e-05
 8.10444e+22	9.86e-01	1.36e-02	3.67e-05
 8.11466e+22	9.87e-01	1.32e-02	3.45e-05
 8.12497e+22	9.87e-01	1.27e-02	3.24e-05
 8.13538e+22	9.88e-01	1.23e-02	3.04e-05
 8.14596e+22	9.88e-01	1.19e-02	2.85e-05
 8.15683e+22	9.88e-01	1.16e-02	2.67e-05
 8.16793e+22	9.89e-01	1.12e-02	2.50e-05
 8.17915e+22	9.89e-01	1.08e-02	2.34e-05
 8.19048e+22	9.90e-01	1.04e-02	2.19e-05
 8.20198e+22	9.90e-01	1.01e-02	2.05e-05
 8.21366e+22	9.90e-01	9.75e-03	1.91e-05
 8.22550e+22	9.91e-01	9.42e-03	1.78e-05
 8.23757e+22	9.91e-01	9.09e-03	1.66e-05
 8.24989e+22	9.91e-01	8.77e-03	1.55e-05
 8.26252e+22	9.92e-01	8.45e-03	1.44e-05
 8.27555e+22	9.92e-01	8.14e-03	1.34e-05
 8.28893e+22	9.92e-01	7.84e-03	1.24e-05
 8.30257e+22	9.92e-01	7.54e-03	1.15e-05
 8.31649e+22	9.93e-01	7.25e-03	1.06e-05
 8.33073e+22	9.93e-01	6.96e-03	9.82e-06
 8.34533e+22	9.93e-01	6.68e-03	9.05e-06
 8.36029e+22	9.94e-01	6.41e-03	8.34e-06
 8.37569e+22	9.94e-01	6.14e-03	7.66e-06
 8.39158e+22	9.94e-01	5.88e-03	7.03e-06
 8.40793e+22	9.94e-01	5.62e-03	6.43e-06
 8.42474e+22	9.95e-01	5.37e-03	5.88e-06
 8.44203e+22	9.95e-01	5.13e-03	5.36e-06
 8.45984e+22	9.95e-01	4.89e-03	4.87e-06
 8.47826e+22	9.95e-01	4.65e-03	4.42e-06
 8.49742e+22	9.96e-01	4.42e-03	3.99e-06
 8.51708e+22	9.96e-01	4.20e-03	3.61e-06
 8.53682e+22	9.96e-01	3.98e-03	3.26e-06
 8.55666e+22	9.96e-01	3.78e-03	2.94e-06
 8.57673e+22	9.96e-01	3.59e-03	2.65e-06
 8.59701e+22	9.97e-01	3.41e-03	2.39e-06
 8.61746e+22	9.97e-01	3.23e-03	2.15e-06
 8.63808e+22	9.97e-01	3.06e-03	1.94e-06
 8.65892e+22	9.97e-01	2.90e-03	1.74e-06
 8.67990e+22	9.97e-01	2.75e-03	1.57e-06
 8.70088e+22	9.97e-01	2.61e-03	1.41e-06
 8.72207e+22	9.98e-01	2.47e-03	1.27e-06
 8.74368e+22	9.98e-01	2.34e-03	1.13e-06
 8.76551e+22	9.98e-01	2.21e-03	1.02e-06
 8.78749e+22	9.98e-01	2.09e-03	9.10e-07
 8.80968e+22	9.98e-01	1.98e-03	8.13e-07
 8.83210e+22	9.98e-01	1.87e-03	7.26e-07
 8.85474e+22	9.98e-01	1.76e-03	6.48e-07
 8.87759e+22	9.98e-01	1.66e-03	5.77e-07
 8.90068e+22	9.98e-01	1.57e-03	5.13e-07
 8.92401e+22	9.99e-01	1.48e-03	4.56e-07
 8.94758e+22	9.99e-01	1.39e-03	4.05e-07
 8.97141e+22	9.99e-01	1.31e-03	3.59e-07
 8.99548e+22	9.99e-01	1.23e-03	3.17e-07
 9.01982e+22	9.99e-01	1.16e-03	2.80e-07
 9.04450e+22	9.99e-01	1.08e-03	2.47e-07
 9.06950e+22	9.99e-01	1.02e-03	2.17e-07
 9.09415e+22	9.99e-01	9.54e-04	1.92e-07
 9.11738e+22	9.99e-01	8.99e-04	1.71e-07
 9.13890e+22	9.99e-01	8.51e-04	1.53e-07
 9.15912e+22	9.99e-01	8.09e-04	1.38e-07
 9.17861e+22	9.99e-01	7.69e-04	1.25e-07
 9.19756e+22	9.99e-01	7.32e-04	1.13e-07
 9.21588e+22	9.99e-01	6.98e-04	1.03e-07
 9.23338e+22	9.99e-01	6.67e-04	9.43e-08
 9.24947e+22	9.99e-01	6.40e-04	8.71e-08
