#depth	He	He+	He+2
 1.54284e+22	4.05e-12	2.26e-06	1.00e+00
 3.57437e+22	8.22e-12	3.18e-06	1.00e+00
 4.37859e+22	1.35e-11	4.03e-06	1.00e+00
 4.88614e+22	1.85e-11	4.70e-06	1.00e+00
 5.12617e+22	2.01e-11	4.89e-06	1.00e+00
 5.21049e+22	2.16e-11	5.06e-06	1.00e+00
 5.28168e+22	2.26e-11	5.18e-06	1.00e+00
 5.36191e+22	2.45e-11	5.38e-06	1.00e+00
 5.44631e+22	2.61e-11	5.55e-06	1.00e+00
 5.53614e+22	2.84e-11	5.78e-06	1.00e+00
 5.62615e+22	3.06e-11	5.99e-06	1.00e+00
 5.70256e+22	3.28e-11	6.20e-06	1.00e+00
 5.78805e+22	3.56e-11	6.45e-06	1.00e+00
 5.87520e+22	3.82e-11	6.67e-06	1.00e+00
 5.96451e+22	4.16e-11	6.96e-06	1.00e+00
 6.05587e+22	4.48e-11	7.21e-06	1.00e+00
 6.13650e+22	4.83e-11	7.49e-06	1.00e+00
 6.22793e+22	5.30e-11	7.84e-06	1.00e+00
 6.31775e+22	5.69e-11	8.11e-06	1.00e+00
 6.39315e+22	6.11e-11	8.41e-06	1.00e+00
 6.46656e+22	6.55e-11	8.69e-06	1.00e+00
 6.54970e+22	7.14e-11	9.07e-06	1.00e+00
 6.62900e+22	7.60e-11	9.36e-06	1.00e+00
 6.68806e+22	8.04e-11	9.63e-06	1.00e+00
 6.74125e+22	8.50e-11	9.89e-06	1.00e+00
 6.80209e+22	9.08e-11	1.02e-05	1.00e+00
 6.86199e+22	9.57e-11	1.05e-05	1.00e+00
 6.91247e+22	1.01e-10	1.08e-05	1.00e+00
 6.96989e+22	1.07e-10	1.11e-05	1.00e+00
 7.02818e+22	1.13e-10	1.14e-05	1.00e+00
 7.07705e+22	1.19e-10	1.17e-05	1.00e+00
 7.12293e+22	1.25e-10	1.20e-05	1.00e+00
 7.16860e+22	1.31e-10	1.23e-05	1.00e+00
 7.22110e+22	1.40e-10	1.27e-05	1.00e+00
 7.27428e+22	1.47e-10	1.31e-05	1.00e+00
 7.32838e+22	1.58e-10	1.35e-05	1.00e+00
 7.37887e+22	1.65e-10	1.39e-05	1.00e+00
 7.42469e+22	1.75e-10	1.43e-05	1.00e+00
 7.47151e+22	1.84e-10	1.47e-05	1.00e+00
 7.51299e+22	1.93e-10	1.50e-05	1.00e+00
 7.56031e+22	2.06e-10	1.56e-05	1.00e+00
 7.60731e+22	2.17e-10	1.60e-05	1.00e+00
 7.65389e+22	2.32e-10	1.66e-05	1.00e+00
 7.70099e+22	2.45e-10	1.71e-05	1.00e+00
 7.74876e+22	2.63e-10	1.77e-05	1.00e+00
 7.79452e+22	2.76e-10	1.82e-05	1.00e+00
 7.83767e+22	2.95e-10	1.89e-05	1.00e+00
 7.88117e+22	3.10e-10	1.94e-05	1.00e+00
 7.92512e+22	3.34e-10	2.02e-05	1.00e+00
 7.96761e+22	3.49e-10	2.07e-05	1.00e+00
 8.00820e+22	3.75e-10	2.15e-05	1.00e+00
 8.04864e+22	3.94e-10	2.21e-05	1.00e+00
 8.08889e+22	4.22e-10	2.30e-05	1.00e+00
 8.12995e+22	4.45e-10	2.37e-05	1.00e+00
 8.17206e+22	4.80e-10	2.48e-05	1.00e+00
 8.21433e+22	5.07e-10	2.56e-05	1.00e+00
 8.25682e+22	5.46e-10	2.67e-05	1.00e+00
 8.29891e+22	5.77e-10	2.76e-05	1.00e+00
 8.34048e+22	6.22e-10	2.88e-05	1.00e+00
 8.38282e+22	6.59e-10	2.99e-05	1.00e+00
 8.42613e+22	7.12e-10	3.13e-05	1.00e+00
 8.46979e+22	7.57e-10	3.25e-05	1.00e+00
 8.51391e+22	8.19e-10	3.41e-05	1.00e+00
 8.55829e+22	8.69e-10	3.54e-05	1.00e+00
 8.59663e+22	9.22e-10	3.67e-05	1.00e+00
 8.64007e+22	9.95e-10	3.85e-05	1.00e+00
 8.68317e+22	1.05e-09	3.99e-05	1.00e+00
 8.72581e+22	1.13e-09	4.18e-05	1.00e+00
 8.76970e+22	1.19e-09	4.34e-05	1.00e+00
 8.81521e+22	1.28e-09	4.55e-05	1.00e+00
 8.86156e+22	1.36e-09	4.72e-05	1.00e+00
 8.90896e+22	1.46e-09	4.96e-05	1.00e+00
 8.95735e+22	1.54e-09	5.15e-05	1.00e+00
 9.00702e+22	1.66e-09	5.41e-05	1.00e+00
 9.05754e+22	1.75e-09	5.62e-05	1.00e+00
 9.10918e+22	1.88e-09	5.90e-05	1.00e+00
 9.16114e+22	1.98e-09	6.12e-05	1.00e+00
 9.21352e+22	2.11e-09	6.42e-05	1.00e+00
 9.26720e+22	2.22e-09	6.66e-05	1.00e+00
 9.31380e+22	2.33e-09	6.90e-05	1.00e+00
 9.36564e+22	2.48e-09	7.21e-05	1.00e+00
 9.41764e+22	2.59e-09	7.45e-05	1.00e+00
 9.46985e+22	2.75e-09	7.78e-05	1.00e+00
 9.52332e+22	2.87e-09	8.05e-05	1.00e+00
 9.57057e+22	3.00e-09	8.31e-05	1.00e+00
 9.62413e+22	3.17e-09	8.68e-05	1.00e+00
 9.67753e+22	3.30e-09	8.94e-05	1.00e+00
 9.73073e+22	3.48e-09	9.32e-05	1.00e+00
 9.78496e+22	3.62e-09	9.61e-05	1.00e+00
 9.84055e+22	3.82e-09	1.00e-04	1.00e+00
 9.89719e+22	3.97e-09	1.03e-04	1.00e+00
 9.95520e+22	4.19e-09	1.08e-04	1.00e+00
 1.00143e+23	4.36e-09	1.11e-04	1.00e+00
 1.00748e+23	4.59e-09	1.16e-04	1.00e+00
 1.01339e+23	4.76e-09	1.19e-04	1.00e+00
 1.01912e+23	5.00e-09	1.24e-04	1.00e+00
 1.02495e+23	5.19e-09	1.28e-04	1.00e+00
 1.03089e+23	5.44e-09	1.33e-04	1.00e+00
 1.03701e+23	5.65e-09	1.37e-04	1.00e+00
 1.04337e+23	5.93e-09	1.42e-04	1.00e+00
 1.04993e+23	6.18e-09	1.47e-04	1.00e+00
 1.05677e+23	6.50e-09	1.53e-04	1.00e+00
 1.06379e+23	6.78e-09	1.58e-04	1.00e+00
 1.07105e+23	7.15e-09	1.65e-04	1.00e+00
 1.07854e+23	7.47e-09	1.71e-04	1.00e+00
 1.08634e+23	7.89e-09	1.79e-04	1.00e+00
 1.09438e+23	8.26e-09	1.85e-04	1.00e+00
 1.10162e+23	8.64e-09	1.92e-04	1.00e+00
 1.10992e+23	9.15e-09	2.01e-04	1.00e+00
 1.11829e+23	9.58e-09	2.08e-04	1.00e+00
 1.12675e+23	1.01e-08	2.18e-04	1.00e+00
 1.13538e+23	1.06e-08	2.26e-04	1.00e+00
 1.14425e+23	1.12e-08	2.37e-04	1.00e+00
 1.15331e+23	1.18e-08	2.47e-04	1.00e+00
 1.16136e+23	1.23e-08	2.57e-04	1.00e+00
 1.17059e+23	1.31e-08	2.71e-04	1.00e+00
 1.17936e+23	1.36e-08	2.80e-04	1.00e+00
 1.18753e+23	1.43e-08	2.94e-04	1.00e+00
 1.19571e+23	1.48e-08	3.05e-04	1.00e+00
 1.20391e+23	1.55e-08	3.20e-04	1.00e+00
 1.21230e+23	1.61e-08	3.33e-04	1.00e+00
 1.22094e+23	1.69e-08	3.51e-04	1.00e+00
 1.22963e+23	1.75e-08	3.65e-04	1.00e+00
 1.23838e+23	1.82e-08	3.85e-04	1.00e+00
 1.24731e+23	1.88e-08	4.02e-04	1.00e+00
 1.25645e+23	1.96e-08	4.26e-04	1.00e+00
 1.26577e+23	2.02e-08	4.46e-04	1.00e+00
 1.27533e+23	2.09e-08	4.74e-04	1.00e+00
 1.28499e+23	2.14e-08	4.97e-04	1.00e+00
 1.29315e+23	2.18e-08	5.20e-04	9.99e-01
 1.30204e+23	2.23e-08	5.51e-04	9.99e-01
 1.31098e+23	2.26e-08	5.77e-04	9.99e-01
 1.31971e+23	2.30e-08	6.10e-04	9.99e-01
 1.32861e+23	2.32e-08	6.40e-04	9.99e-01
 1.33735e+23	2.34e-08	6.76e-04	9.99e-01
 1.34626e+23	2.36e-08	7.11e-04	9.99e-01
 1.35504e+23	2.37e-08	7.50e-04	9.99e-01
 1.36390e+23	2.38e-08	7.89e-04	9.99e-01
 1.37265e+23	2.39e-08	8.31e-04	9.99e-01
 1.38138e+23	2.40e-08	8.75e-04	9.99e-01
 1.39012e+23	2.41e-08	9.21e-04	9.99e-01
 1.39889e+23	2.42e-08	9.69e-04	9.99e-01
 1.40770e+23	2.44e-08	1.02e-03	9.99e-01
 1.41659e+23	2.47e-08	1.07e-03	9.99e-01
 1.42556e+23	2.51e-08	1.13e-03	9.99e-01
 1.43459e+23	2.56e-08	1.19e-03	9.99e-01
 1.44376e+23	2.62e-08	1.25e-03	9.99e-01
 1.45302e+23	2.70e-08	1.32e-03	9.99e-01
 1.46247e+23	2.80e-08	1.39e-03	9.99e-01
 1.47208e+23	2.93e-08	1.47e-03	9.99e-01
 1.48088e+23	3.05e-08	1.53e-03	9.98e-01
 1.49008e+23	3.23e-08	1.62e-03	9.98e-01
 1.49942e+23	3.40e-08	1.69e-03	9.98e-01
 1.50906e+23	3.65e-08	1.79e-03	9.98e-01
 1.51872e+23	3.87e-08	1.87e-03	9.98e-01
 1.52843e+23	4.20e-08	1.98e-03	9.98e-01
 1.53817e+23	4.49e-08	2.07e-03	9.98e-01
 1.54796e+23	4.90e-08	2.19e-03	9.98e-01
 1.55785e+23	5.27e-08	2.29e-03	9.98e-01
 1.56787e+23	5.80e-08	2.42e-03	9.98e-01
 1.57803e+23	6.26e-08	2.53e-03	9.97e-01
 1.58836e+23	6.93e-08	2.68e-03	9.97e-01
 1.59888e+23	7.52e-08	2.80e-03	9.97e-01
 1.60964e+23	8.39e-08	2.97e-03	9.97e-01
 1.62066e+23	9.15e-08	3.11e-03	9.97e-01
 1.63199e+23	1.03e-07	3.31e-03	9.97e-01
 1.64355e+23	1.12e-07	3.47e-03	9.97e-01
 1.65328e+23	1.22e-07	3.62e-03	9.96e-01
 1.66382e+23	1.36e-07	3.82e-03	9.96e-01
 1.67408e+23	1.46e-07	3.98e-03	9.96e-01
 1.68396e+23	1.62e-07	4.19e-03	9.96e-01
 1.69395e+23	1.75e-07	4.35e-03	9.96e-01
 1.70406e+23	1.93e-07	4.58e-03	9.95e-01
 1.71433e+23	2.09e-07	4.77e-03	9.95e-01
 1.72478e+23	2.32e-07	5.03e-03	9.95e-01
 1.73539e+23	2.51e-07	5.23e-03	9.95e-01
 1.74619e+23	2.80e-07	5.53e-03	9.94e-01
 1.75719e+23	3.04e-07	5.76e-03	9.94e-01
 1.76843e+23	3.39e-07	6.09e-03	9.94e-01
 1.77991e+23	3.69e-07	6.35e-03	9.94e-01
 1.79170e+23	4.14e-07	6.73e-03	9.93e-01
 1.80381e+23	4.54e-07	7.05e-03	9.93e-01
 1.81633e+23	5.11e-07	7.48e-03	9.93e-01
 1.82899e+23	5.59e-07	7.83e-03	9.92e-01
 1.84184e+23	6.32e-07	8.32e-03	9.92e-01
 1.85480e+23	6.92e-07	8.71e-03	9.91e-01
 1.86791e+23	7.84e-07	9.27e-03	9.91e-01
 1.88124e+23	8.60e-07	9.71e-03	9.90e-01
 1.89486e+23	9.77e-07	1.04e-02	9.90e-01
 1.90831e+23	1.07e-06	1.08e-02	9.89e-01
 1.92153e+23	1.21e-06	1.15e-02	9.88e-01
 1.93400e+23	1.31e-06	1.20e-02	9.88e-01
 1.94548e+23	1.45e-06	1.26e-02	9.87e-01
 1.95763e+23	1.58e-06	1.32e-02	9.87e-01
 1.96875e+23	1.73e-06	1.38e-02	9.86e-01
 1.98132e+23	1.92e-06	1.45e-02	9.85e-01
 1.99434e+23	2.12e-06	1.52e-02	9.85e-01
 2.00598e+23	2.32e-06	1.59e-02	9.84e-01
 2.01911e+23	2.59e-06	1.68e-02	9.83e-01
 2.03275e+23	2.87e-06	1.77e-02	9.82e-01
 2.04496e+23	3.15e-06	1.85e-02	9.81e-01
 2.05877e+23	3.53e-06	1.96e-02	9.80e-01
 2.07306e+23	3.92e-06	2.07e-02	9.79e-01
 2.08582e+23	4.32e-06	2.17e-02	9.78e-01
 2.10027e+23	4.89e-06	2.31e-02	9.77e-01
 2.11518e+23	5.43e-06	2.43e-02	9.76e-01
 2.13069e+23	6.19e-06	2.59e-02	9.74e-01
 2.14649e+23	6.91e-06	2.74e-02	9.73e-01
 2.16049e+23	7.68e-06	2.88e-02	9.71e-01
 2.17652e+23	8.78e-06	3.08e-02	9.69e-01
 2.19279e+23	9.84e-06	3.26e-02	9.67e-01
 2.20720e+23	1.09e-05	3.44e-02	9.66e-01
 2.22375e+23	1.26e-05	3.68e-02	9.63e-01
 2.24049e+23	1.41e-05	3.89e-02	9.61e-01
 2.25747e+23	1.62e-05	4.17e-02	9.58e-01
 2.27480e+23	1.83e-05	4.42e-02	9.56e-01
 2.29023e+23	2.05e-05	4.68e-02	9.53e-01
 2.30796e+23	2.38e-05	5.02e-02	9.50e-01
 2.32596e+23	2.68e-05	5.33e-02	9.47e-01
 2.34433e+23	3.12e-05	5.74e-02	9.43e-01
 2.36289e+23	3.52e-05	6.08e-02	9.39e-01
 2.37901e+23	3.96e-05	6.44e-02	9.36e-01
 2.39446e+23	4.42e-05	6.79e-02	9.32e-01
 2.40919e+23	4.91e-05	7.14e-02	9.29e-01
 2.42580e+23	5.61e-05	7.61e-02	9.24e-01
 2.44236e+23	6.23e-05	8.01e-02	9.20e-01
 2.45886e+23	7.11e-05	8.53e-02	9.15e-01
 2.47566e+23	7.93e-05	8.99e-02	9.10e-01
 2.49287e+23	9.08e-05	9.59e-02	9.04e-01
 2.51022e+23	1.01e-04	1.01e-01	8.99e-01
 2.52775e+23	1.16e-04	1.08e-01	8.92e-01
 2.54548e+23	1.30e-04	1.14e-01	8.86e-01
 2.55970e+23	1.42e-04	1.18e-01	8.81e-01
 2.57437e+23	1.59e-04	1.25e-01	8.75e-01
 2.58938e+23	1.74e-04	1.30e-01	8.70e-01
 2.60275e+23	1.91e-04	1.36e-01	8.64e-01
 2.61804e+23	2.13e-04	1.43e-01	8.57e-01
 2.63351e+23	2.34e-04	1.49e-01	8.50e-01
 2.64706e+23	2.57e-04	1.56e-01	8.44e-01
 2.66253e+23	2.87e-04	1.64e-01	8.36e-01
 2.67828e+23	3.15e-04	1.71e-01	8.29e-01
 2.69222e+23	3.45e-04	1.78e-01	8.21e-01
 2.70818e+23	3.86e-04	1.88e-01	8.12e-01
 2.72434e+23	4.24e-04	1.96e-01	8.04e-01
 2.73855e+23	4.65e-04	2.04e-01	7.96e-01
 2.75485e+23	5.21e-04	2.14e-01	7.85e-01
 2.77144e+23	5.72e-04	2.23e-01	7.76e-01
 2.78620e+23	6.28e-04	2.32e-01	7.67e-01
 2.80318e+23	7.05e-04	2.44e-01	7.55e-01
 2.82047e+23	7.76e-04	2.54e-01	7.45e-01
 2.83818e+23	8.74e-04	2.68e-01	7.32e-01
 2.85617e+23	9.65e-04	2.79e-01	7.20e-01
 2.87205e+23	1.06e-03	2.90e-01	7.09e-01
 2.89021e+23	1.19e-03	3.04e-01	6.94e-01
 2.90887e+23	1.32e-03	3.17e-01	6.81e-01
 2.92307e+23	1.42e-03	3.26e-01	6.72e-01
 2.93639e+23	1.54e-03	3.37e-01	6.61e-01
 2.95015e+23	1.66e-03	3.47e-01	6.51e-01
 2.96445e+23	1.81e-03	3.60e-01	6.39e-01
 2.97884e+23	1.95e-03	3.70e-01	6.28e-01
 2.99332e+23	2.14e-03	3.83e-01	6.15e-01
 3.00783e+23	2.30e-03	3.94e-01	6.04e-01
 3.02241e+23	2.52e-03	4.08e-01	5.90e-01
 3.03713e+23	2.71e-03	4.19e-01	5.79e-01
 3.05205e+23	2.97e-03	4.33e-01	5.64e-01
 3.06717e+23	3.22e-03	4.45e-01	5.52e-01
 3.07976e+23	3.45e-03	4.55e-01	5.41e-01
