#depth	N	N+	N+2	N+3	N+4	N+5	N+6	N+7
 1.54284e+22	4.59e-29	2.24e-22	2.84e-17	4.04e-13	1.95e-09	1.53e-05	7.40e-03	9.93e-01
 3.57437e+22	5.11e-28	1.71e-21	1.50e-16	1.51e-12	5.15e-09	3.07e-05	1.07e-02	9.89e-01
 4.37859e+22	2.60e-27	6.64e-21	4.52e-16	3.54e-12	9.40e-09	4.85e-05	1.37e-02	9.86e-01
 4.88614e+22	7.36e-27	1.57e-20	9.04e-16	6.03e-12	1.36e-08	6.45e-05	1.60e-02	9.84e-01
 5.12617e+22	9.69e-27	1.98e-20	1.09e-15	6.93e-12	1.49e-08	6.96e-05	1.67e-02	9.83e-01
 5.21049e+22	1.22e-26	2.39e-20	1.26e-15	7.77e-12	1.61e-08	7.40e-05	1.73e-02	9.83e-01
 5.28168e+22	1.43e-26	2.74e-20	1.41e-15	8.46e-12	1.71e-08	7.74e-05	1.78e-02	9.82e-01
 5.36191e+22	1.84e-26	3.37e-20	1.66e-15	9.60e-12	1.86e-08	8.28e-05	1.84e-02	9.81e-01
 5.44631e+22	2.28e-26	4.02e-20	1.92e-15	1.07e-11	2.01e-08	8.79e-05	1.90e-02	9.81e-01
 5.53614e+22	3.03e-26	5.08e-20	2.32e-15	1.23e-11	2.21e-08	9.49e-05	1.99e-02	9.80e-01
 5.62615e+22	3.85e-26	6.20e-20	2.72e-15	1.39e-11	2.39e-08	1.01e-04	2.06e-02	9.79e-01
 5.70256e+22	4.81e-26	7.45e-20	3.15e-15	1.56e-11	2.58e-08	1.07e-04	2.13e-02	9.79e-01
 5.78805e+22	6.33e-26	9.37e-20	3.78e-15	1.79e-11	2.83e-08	1.16e-04	2.22e-02	9.78e-01
 5.87520e+22	7.96e-26	1.13e-19	4.40e-15	2.01e-11	3.06e-08	1.23e-04	2.30e-02	9.77e-01
 5.96451e+22	1.06e-25	1.43e-19	5.32e-15	2.32e-11	3.38e-08	1.33e-04	2.39e-02	9.76e-01
 6.05587e+22	1.36e-25	1.76e-19	6.28e-15	2.64e-11	3.68e-08	1.42e-04	2.48e-02	9.75e-01
 6.13650e+22	1.74e-25	2.17e-19	7.41e-15	2.99e-11	4.00e-08	1.52e-04	2.58e-02	9.74e-01
 6.22793e+22	2.38e-25	2.81e-19	9.12e-15	3.50e-11	4.45e-08	1.65e-04	2.69e-02	9.73e-01
 6.31775e+22	3.00e-25	3.41e-19	1.07e-14	3.94e-11	4.82e-08	1.76e-04	2.79e-02	9.72e-01
 6.39315e+22	3.83e-25	4.17e-19	1.25e-14	4.45e-11	5.23e-08	1.88e-04	2.89e-02	9.71e-01
 6.46656e+22	4.83e-25	5.05e-19	1.46e-14	5.01e-11	5.65e-08	2.00e-04	2.98e-02	9.70e-01
 6.54970e+22	6.46e-25	6.44e-19	1.78e-14	5.81e-11	6.24e-08	2.16e-04	3.11e-02	9.69e-01
 6.62900e+22	8.02e-25	7.70e-19	2.05e-14	6.49e-11	6.73e-08	2.29e-04	3.20e-02	9.68e-01
 6.68806e+22	9.69e-25	9.02e-19	2.33e-14	7.14e-11	7.16e-08	2.40e-04	3.29e-02	9.67e-01
 6.74125e+22	1.17e-24	1.05e-18	2.64e-14	7.85e-11	7.62e-08	2.52e-04	3.38e-02	9.66e-01
 6.80209e+22	1.47e-24	1.28e-18	3.08e-14	8.82e-11	8.24e-08	2.68e-04	3.48e-02	9.65e-01
 6.86199e+22	1.76e-24	1.48e-18	3.48e-14	9.67e-11	8.76e-08	2.81e-04	3.57e-02	9.64e-01
 6.91247e+22	2.10e-24	1.72e-18	3.91e-14	1.06e-10	9.31e-08	2.94e-04	3.66e-02	9.63e-01
 6.96989e+22	2.62e-24	2.07e-18	4.55e-14	1.19e-10	1.00e-07	3.11e-04	3.77e-02	9.62e-01
 7.02818e+22	3.17e-24	2.42e-18	5.17e-14	1.31e-10	1.07e-07	3.27e-04	3.87e-02	9.61e-01
 7.07705e+22	3.77e-24	2.80e-18	5.81e-14	1.43e-10	1.14e-07	3.42e-04	3.96e-02	9.60e-01
 7.12293e+22	4.50e-24	3.24e-18	6.54e-14	1.56e-10	1.21e-07	3.57e-04	4.05e-02	9.59e-01
 7.16860e+22	5.31e-24	3.73e-18	7.33e-14	1.70e-10	1.28e-07	3.73e-04	4.14e-02	9.58e-01
 7.22110e+22	6.64e-24	4.49e-18	8.52e-14	1.91e-10	1.38e-07	3.94e-04	4.26e-02	9.57e-01
 7.27428e+22	7.93e-24	5.21e-18	9.62e-14	2.10e-10	1.47e-07	4.13e-04	4.36e-02	9.56e-01
 7.32838e+22	1.02e-23	6.42e-18	1.14e-13	2.38e-10	1.60e-07	4.39e-04	4.50e-02	9.55e-01
 7.37887e+22	1.21e-23	7.40e-18	1.28e-13	2.60e-10	1.69e-07	4.58e-04	4.60e-02	9.54e-01
 7.42469e+22	1.49e-23	8.84e-18	1.48e-13	2.90e-10	1.82e-07	4.83e-04	4.72e-02	9.52e-01
 7.47151e+22	1.78e-23	1.03e-17	1.67e-13	3.19e-10	1.94e-07	5.05e-04	4.83e-02	9.51e-01
 7.51299e+22	2.11e-23	1.19e-17	1.87e-13	3.48e-10	2.06e-07	5.26e-04	4.93e-02	9.50e-01
 7.56031e+22	2.69e-23	1.45e-17	2.21e-13	3.95e-10	2.24e-07	5.58e-04	5.08e-02	9.49e-01
 7.60731e+22	3.24e-23	1.70e-17	2.51e-13	4.35e-10	2.39e-07	5.84e-04	5.19e-02	9.47e-01
 7.65389e+22	4.14e-23	2.09e-17	2.97e-13	4.94e-10	2.60e-07	6.19e-04	5.35e-02	9.46e-01
 7.70099e+22	5.04e-23	2.46e-17	3.40e-13	5.48e-10	2.78e-07	6.48e-04	5.47e-02	9.45e-01
 7.74876e+22	6.59e-23	3.09e-17	4.09e-13	6.31e-10	3.05e-07	6.91e-04	5.65e-02	9.43e-01
 7.79452e+22	7.88e-23	3.59e-17	4.62e-13	6.93e-10	3.25e-07	7.21e-04	5.77e-02	9.42e-01
 7.83767e+22	1.02e-22	4.47e-17	5.53e-13	7.93e-10	3.55e-07	7.65e-04	5.94e-02	9.40e-01
 7.88117e+22	1.23e-22	5.22e-17	6.27e-13	8.74e-10	3.79e-07	7.99e-04	6.07e-02	9.39e-01
 7.92512e+22	1.62e-22	6.62e-17	7.62e-13	1.01e-09	4.18e-07	8.52e-04	6.26e-02	9.37e-01
 7.96761e+22	1.93e-22	7.67e-17	8.59e-13	1.11e-09	4.45e-07	8.88e-04	6.38e-02	9.35e-01
 8.00820e+22	2.55e-22	9.72e-17	1.04e-12	1.29e-09	4.90e-07	9.45e-04	6.58e-02	9.33e-01
 8.04864e+22	3.08e-22	1.14e-16	1.19e-12	1.42e-09	5.24e-07	9.87e-04	6.72e-02	9.32e-01
 8.08889e+22	4.05e-22	1.44e-16	1.44e-12	1.64e-09	5.77e-07	1.05e-03	6.92e-02	9.30e-01
 8.12995e+22	4.99e-22	1.72e-16	1.66e-12	1.84e-09	6.21e-07	1.10e-03	7.08e-02	9.28e-01
 8.17206e+22	6.74e-22	2.22e-16	2.05e-12	2.15e-09	6.90e-07	1.18e-03	7.31e-02	9.26e-01
 8.21433e+22	8.37e-22	2.66e-16	2.38e-12	2.42e-09	7.46e-07	1.24e-03	7.48e-02	9.24e-01
 8.25682e+22	1.13e-21	3.43e-16	2.94e-12	2.83e-09	8.29e-07	1.32e-03	7.72e-02	9.21e-01
 8.29891e+22	1.41e-21	4.17e-16	3.44e-12	3.20e-09	8.98e-07	1.39e-03	7.91e-02	9.19e-01
 8.34048e+22	1.91e-21	5.38e-16	4.25e-12	3.75e-09	1.00e-06	1.48e-03	8.17e-02	9.17e-01
 8.38282e+22	2.43e-21	6.61e-16	5.03e-12	4.27e-09	1.09e-06	1.57e-03	8.38e-02	9.15e-01
 8.42613e+22	3.35e-21	8.69e-16	6.30e-12	5.07e-09	1.22e-06	1.68e-03	8.66e-02	9.12e-01
 8.46979e+22	4.30e-21	1.07e-15	7.51e-12	5.79e-09	1.34e-06	1.78e-03	8.89e-02	9.09e-01
 8.51391e+22	5.98e-21	1.42e-15	9.47e-12	6.91e-09	1.50e-06	1.91e-03	9.20e-02	9.06e-01
 8.55829e+22	7.70e-21	1.77e-15	1.13e-11	7.91e-09	1.65e-06	2.02e-03	9.44e-02	9.04e-01
 8.59663e+22	9.87e-21	2.19e-15	1.35e-11	9.05e-09	1.80e-06	2.14e-03	9.69e-02	9.01e-01
 8.64007e+22	1.37e-20	2.90e-15	1.70e-11	1.08e-08	2.02e-06	2.30e-03	1.00e-01	8.97e-01
 8.68317e+22	1.73e-20	3.53e-15	2.00e-11	1.22e-08	2.20e-06	2.42e-03	1.03e-01	8.95e-01
 8.72581e+22	2.35e-20	4.59e-15	2.49e-11	1.44e-08	2.46e-06	2.59e-03	1.06e-01	8.91e-01
 8.76970e+22	3.02e-20	5.69e-15	2.97e-11	1.65e-08	2.70e-06	2.74e-03	1.09e-01	8.88e-01
 8.81521e+22	4.15e-20	7.47e-15	3.72e-11	1.96e-08	3.03e-06	2.94e-03	1.12e-01	8.85e-01
 8.86156e+22	5.34e-20	9.27e-15	4.45e-11	2.25e-08	3.32e-06	3.12e-03	1.15e-01	8.81e-01
 8.90896e+22	7.37e-20	1.22e-14	5.59e-11	2.68e-08	3.74e-06	3.35e-03	1.19e-01	8.77e-01
 8.95735e+22	9.46e-20	1.51e-14	6.68e-11	3.07e-08	4.10e-06	3.55e-03	1.23e-01	8.74e-01
 9.00702e+22	1.30e-19	1.99e-14	8.39e-11	3.66e-08	4.62e-06	3.82e-03	1.27e-01	8.69e-01
 9.05754e+22	1.67e-19	2.47e-14	1.00e-10	4.20e-08	5.07e-06	4.05e-03	1.30e-01	8.66e-01
 9.10918e+22	2.30e-19	3.24e-14	1.26e-10	5.00e-08	5.72e-06	4.36e-03	1.35e-01	8.61e-01
 9.16114e+22	2.93e-19	3.99e-14	1.49e-10	5.71e-08	6.26e-06	4.62e-03	1.38e-01	8.57e-01
 9.21352e+22	3.98e-19	5.19e-14	1.86e-10	6.76e-08	7.03e-06	4.96e-03	1.43e-01	8.52e-01
 9.26720e+22	5.07e-19	6.39e-14	2.21e-10	7.72e-08	7.71e-06	5.25e-03	1.47e-01	8.48e-01
 9.31380e+22	6.33e-19	7.73e-14	2.59e-10	8.74e-08	8.39e-06	5.54e-03	1.50e-01	8.44e-01
 9.36564e+22	8.45e-19	9.91e-14	3.19e-10	1.03e-07	9.38e-06	5.94e-03	1.55e-01	8.39e-01
 9.41764e+22	1.04e-18	1.19e-13	3.70e-10	1.15e-07	1.02e-05	6.24e-03	1.59e-01	8.35e-01
 9.46985e+22	1.37e-18	1.51e-13	4.51e-10	1.35e-07	1.13e-05	6.68e-03	1.63e-01	8.30e-01
 9.52332e+22	1.70e-18	1.81e-13	5.27e-10	1.52e-07	1.23e-05	7.04e-03	1.67e-01	8.26e-01
 9.57057e+22	2.10e-18	2.17e-13	6.12e-10	1.71e-07	1.34e-05	7.40e-03	1.71e-01	8.22e-01
 9.62413e+22	2.76e-18	2.74e-13	7.45e-10	1.99e-07	1.49e-05	7.91e-03	1.76e-01	8.16e-01
 9.67753e+22	3.34e-18	3.23e-13	8.55e-10	2.21e-07	1.60e-05	8.30e-03	1.80e-01	8.12e-01
 9.73073e+22	4.34e-18	4.05e-13	1.03e-09	2.57e-07	1.78e-05	8.85e-03	1.85e-01	8.06e-01
 9.78496e+22	5.26e-18	4.78e-13	1.19e-09	2.86e-07	1.92e-05	9.28e-03	1.89e-01	8.02e-01
 9.84055e+22	6.84e-18	5.99e-13	1.43e-09	3.32e-07	2.13e-05	9.91e-03	1.94e-01	7.96e-01
 9.89719e+22	8.32e-18	7.10e-13	1.65e-09	3.71e-07	2.30e-05	1.04e-02	1.99e-01	7.91e-01
 9.95520e+22	1.08e-17	8.90e-13	2.00e-09	4.31e-07	2.56e-05	1.11e-02	2.04e-01	7.85e-01
 1.00143e+23	1.32e-17	1.05e-12	2.30e-09	4.82e-07	2.77e-05	1.17e-02	2.09e-01	7.80e-01
 1.00748e+23	1.72e-17	1.32e-12	2.79e-09	5.60e-07	3.08e-05	1.25e-02	2.15e-01	7.73e-01
 1.01339e+23	2.04e-17	1.54e-12	3.16e-09	6.18e-07	3.30e-05	1.30e-02	2.19e-01	7.68e-01
 1.01912e+23	2.62e-17	1.91e-12	3.79e-09	7.13e-07	3.65e-05	1.39e-02	2.25e-01	7.61e-01
 1.02495e+23	3.11e-17	2.21e-12	4.29e-09	7.88e-07	3.92e-05	1.45e-02	2.29e-01	7.56e-01
 1.03089e+23	3.95e-17	2.72e-12	5.11e-09	9.04e-07	4.33e-05	1.54e-02	2.35e-01	7.50e-01
 1.03701e+23	4.79e-17	3.21e-12	5.87e-09	1.01e-06	4.68e-05	1.62e-02	2.40e-01	7.44e-01
 1.04337e+23	6.09e-17	3.95e-12	6.98e-09	1.16e-06	5.16e-05	1.72e-02	2.46e-01	7.37e-01
 1.04993e+23	7.45e-17	4.70e-12	8.09e-09	1.30e-06	5.61e-05	1.81e-02	2.51e-01	7.31e-01
 1.05677e+23	9.54e-17	5.82e-12	9.68e-09	1.50e-06	6.21e-05	1.93e-02	2.58e-01	7.23e-01
 1.06379e+23	1.17e-16	6.96e-12	1.13e-08	1.69e-06	6.76e-05	2.03e-02	2.63e-01	7.16e-01
 1.07105e+23	1.51e-16	8.66e-12	1.35e-08	1.96e-06	7.51e-05	2.17e-02	2.70e-01	7.08e-01
 1.07854e+23	1.88e-16	1.04e-11	1.58e-08	2.22e-06	8.21e-05	2.29e-02	2.77e-01	7.00e-01
 1.08634e+23	2.44e-16	1.31e-11	1.92e-08	2.59e-06	9.16e-05	2.45e-02	2.84e-01	6.91e-01
 1.09438e+23	3.06e-16	1.59e-11	2.25e-08	2.94e-06	1.00e-04	2.60e-02	2.91e-01	6.83e-01
 1.10162e+23	3.76e-16	1.90e-11	2.62e-08	3.32e-06	1.10e-04	2.74e-02	2.97e-01	6.76e-01
 1.10992e+23	5.01e-16	2.44e-11	3.23e-08	3.92e-06	1.23e-04	2.95e-02	3.05e-01	6.65e-01
 1.11829e+23	6.17e-16	2.92e-11	3.76e-08	4.42e-06	1.34e-04	3.11e-02	3.11e-01	6.57e-01
 1.12675e+23	8.17e-16	3.72e-11	4.61e-08	5.20e-06	1.51e-04	3.33e-02	3.20e-01	6.47e-01
 1.13538e+23	1.02e-15	4.52e-11	5.43e-08	5.93e-06	1.66e-04	3.53e-02	3.27e-01	6.38e-01
 1.14425e+23	1.36e-15	5.78e-11	6.68e-08	7.00e-06	1.87e-04	3.79e-02	3.36e-01	6.26e-01
 1.15331e+23	1.73e-15	7.11e-11	7.96e-08	8.05e-06	2.06e-04	4.03e-02	3.43e-01	6.16e-01
 1.16136e+23	2.18e-15	8.69e-11	9.43e-08	9.21e-06	2.27e-04	4.27e-02	3.50e-01	6.07e-01
 1.17059e+23	2.96e-15	1.13e-10	1.18e-07	1.10e-05	2.58e-04	4.61e-02	3.60e-01	5.94e-01
 1.17936e+23	3.61e-15	1.34e-10	1.36e-07	1.23e-05	2.80e-04	4.84e-02	3.66e-01	5.85e-01
 1.18753e+23	4.77e-15	1.71e-10	1.67e-07	1.45e-05	3.15e-04	5.19e-02	3.75e-01	5.73e-01
 1.19571e+23	5.83e-15	2.03e-10	1.93e-07	1.64e-05	3.42e-04	5.46e-02	3.81e-01	5.64e-01
 1.20391e+23	7.63e-15	2.57e-10	2.35e-07	1.92e-05	3.83e-04	5.83e-02	3.90e-01	5.51e-01
 1.21230e+23	9.51e-15	3.11e-10	2.77e-07	2.18e-05	4.21e-04	6.16e-02	3.97e-01	5.41e-01
 1.22094e+23	1.27e-14	3.99e-10	3.43e-07	2.59e-05	4.76e-04	6.62e-02	4.06e-01	5.27e-01
 1.22963e+23	1.58e-14	4.82e-10	4.02e-07	2.95e-05	5.21e-04	6.99e-02	4.13e-01	5.17e-01
 1.23838e+23	2.10e-14	6.19e-10	4.98e-07	3.51e-05	5.90e-04	7.51e-02	4.22e-01	5.02e-01
 1.24731e+23	2.65e-14	7.56e-10	5.91e-07	4.03e-05	6.52e-04	7.95e-02	4.29e-01	4.91e-01
 1.25645e+23	3.57e-14	9.82e-10	7.39e-07	4.83e-05	7.42e-04	8.57e-02	4.38e-01	4.75e-01
 1.26577e+23	4.53e-14	1.21e-09	8.83e-07	5.59e-05	8.24e-04	9.09e-02	4.45e-01	4.63e-01
 1.27533e+23	6.16e-14	1.58e-09	1.11e-06	6.77e-05	9.44e-04	9.82e-02	4.54e-01	4.46e-01
 1.28499e+23	7.83e-14	1.95e-09	1.34e-06	7.86e-05	1.05e-03	1.04e-01	4.61e-01	4.33e-01
 1.29315e+23	9.72e-14	2.36e-09	1.57e-06	9.02e-05	1.16e-03	1.10e-01	4.67e-01	4.21e-01
 1.30204e+23	1.28e-13	3.01e-09	1.95e-06	1.08e-04	1.32e-03	1.18e-01	4.75e-01	4.06e-01
 1.31098e+23	1.58e-13	3.63e-09	2.29e-06	1.23e-04	1.46e-03	1.25e-01	4.80e-01	3.93e-01
 1.31971e+23	2.04e-13	4.54e-09	2.79e-06	1.46e-04	1.64e-03	1.34e-01	4.87e-01	3.78e-01
 1.32861e+23	2.53e-13	5.49e-09	3.30e-06	1.68e-04	1.82e-03	1.41e-01	4.92e-01	3.65e-01
 1.33735e+23	3.20e-13	6.77e-09	3.98e-06	1.97e-04	2.05e-03	1.50e-01	4.97e-01	3.51e-01
 1.34626e+23	3.95e-13	8.19e-09	4.72e-06	2.28e-04	2.28e-03	1.59e-01	5.01e-01	3.37e-01
 1.35504e+23	4.91e-13	9.94e-09	5.61e-06	2.66e-04	2.54e-03	1.69e-01	5.05e-01	3.23e-01
 1.36390e+23	6.02e-13	1.19e-08	6.63e-06	3.07e-04	2.83e-03	1.79e-01	5.08e-01	3.10e-01
 1.37265e+23	7.34e-13	1.43e-08	7.80e-06	3.55e-04	3.15e-03	1.89e-01	5.11e-01	2.97e-01
 1.38138e+23	8.88e-13	1.70e-08	9.15e-06	4.08e-04	3.50e-03	1.99e-01	5.13e-01	2.84e-01
 1.39012e+23	1.07e-12	2.01e-08	1.07e-05	4.69e-04	3.88e-03	2.10e-01	5.15e-01	2.71e-01
 1.39889e+23	1.28e-12	2.37e-08	1.24e-05	5.38e-04	4.29e-03	2.21e-01	5.16e-01	2.59e-01
 1.40770e+23	1.52e-12	2.78e-08	1.44e-05	6.16e-04	4.75e-03	2.32e-01	5.16e-01	2.47e-01
 1.41659e+23	1.79e-12	3.24e-08	1.67e-05	7.03e-04	5.25e-03	2.44e-01	5.16e-01	2.35e-01
 1.42556e+23	2.11e-12	3.78e-08	1.93e-05	8.03e-04	5.80e-03	2.56e-01	5.15e-01	2.23e-01
 1.43459e+23	2.47e-12	4.38e-08	2.22e-05	9.13e-04	6.40e-03	2.68e-01	5.13e-01	2.12e-01
 1.44376e+23	2.89e-12	5.07e-08	2.56e-05	1.04e-03	7.07e-03	2.81e-01	5.11e-01	2.00e-01
 1.45302e+23	3.35e-12	5.83e-08	2.93e-05	1.18e-03	7.77e-03	2.93e-01	5.08e-01	1.90e-01
 1.46247e+23	3.89e-12	6.72e-08	3.36e-05	1.34e-03	8.58e-03	3.07e-01	5.04e-01	1.79e-01
 1.47208e+23	4.48e-12	7.69e-08	3.84e-05	1.52e-03	9.43e-03	3.20e-01	5.00e-01	1.69e-01
 1.48088e+23	5.05e-12	8.60e-08	4.28e-05	1.68e-03	1.02e-02	3.31e-01	4.96e-01	1.61e-01
 1.49008e+23	5.82e-12	9.86e-08	4.90e-05	1.91e-03	1.13e-02	3.46e-01	4.90e-01	1.50e-01
 1.49942e+23	6.51e-12	1.10e-07	5.46e-05	2.11e-03	1.22e-02	3.58e-01	4.85e-01	1.43e-01
 1.50906e+23	7.50e-12	1.26e-07	6.26e-05	2.40e-03	1.34e-02	3.73e-01	4.78e-01	1.33e-01
 1.51872e+23	8.34e-12	1.40e-07	6.94e-05	2.65e-03	1.45e-02	3.84e-01	4.72e-01	1.26e-01
 1.52843e+23	9.50e-12	1.59e-07	7.91e-05	2.99e-03	1.59e-02	4.00e-01	4.64e-01	1.17e-01
 1.53817e+23	1.05e-11	1.76e-07	8.75e-05	3.28e-03	1.71e-02	4.11e-01	4.58e-01	1.11e-01
 1.54796e+23	1.19e-11	2.00e-07	9.93e-05	3.70e-03	1.88e-02	4.26e-01	4.49e-01	1.03e-01
 1.55785e+23	1.32e-11	2.20e-07	1.10e-04	4.05e-03	2.01e-02	4.37e-01	4.42e-01	9.69e-02
 1.56787e+23	1.49e-11	2.49e-07	1.24e-04	4.55e-03	2.20e-02	4.52e-01	4.32e-01	8.97e-02
 1.57803e+23	1.65e-11	2.75e-07	1.37e-04	4.97e-03	2.36e-02	4.63e-01	4.24e-01	8.43e-02
 1.58836e+23	1.86e-11	3.11e-07	1.55e-04	5.57e-03	2.58e-02	4.78e-01	4.13e-01	7.77e-02
 1.59888e+23	2.06e-11	3.43e-07	1.71e-04	6.09e-03	2.76e-02	4.89e-01	4.04e-01	7.28e-02
 1.60964e+23	2.32e-11	3.88e-07	1.95e-04	6.82e-03	3.02e-02	5.03e-01	3.93e-01	6.68e-02
 1.62066e+23	2.58e-11	4.30e-07	2.15e-04	7.47e-03	3.23e-02	5.14e-01	3.83e-01	6.23e-02
 1.63199e+23	2.92e-11	4.88e-07	2.45e-04	8.37e-03	3.53e-02	5.29e-01	3.71e-01	5.67e-02
 1.64355e+23	3.25e-11	5.42e-07	2.72e-04	9.16e-03	3.78e-02	5.39e-01	3.61e-01	5.27e-02
 1.65328e+23	3.56e-11	5.94e-07	2.98e-04	9.91e-03	4.02e-02	5.49e-01	3.52e-01	4.93e-02
 1.66382e+23	4.00e-11	6.67e-07	3.36e-04	1.10e-02	4.34e-02	5.60e-01	3.40e-01	4.51e-02
 1.67408e+23	4.36e-11	7.27e-07	3.66e-04	1.18e-02	4.57e-02	5.68e-01	3.32e-01	4.24e-02
 1.68396e+23	4.83e-11	8.07e-07	4.07e-04	1.29e-02	4.91e-02	5.78e-01	3.21e-01	3.89e-02
 1.69395e+23	5.30e-11	8.83e-07	4.44e-04	1.38e-02	5.16e-02	5.85e-01	3.12e-01	3.65e-02
 1.70406e+23	5.90e-11	9.84e-07	4.96e-04	1.51e-02	5.53e-02	5.94e-01	3.01e-01	3.34e-02
 1.71433e+23	6.49e-11	1.08e-06	5.42e-04	1.62e-02	5.82e-02	6.01e-01	2.93e-01	3.12e-02
 1.72478e+23	7.25e-11	1.21e-06	6.07e-04	1.78e-02	6.23e-02	6.09e-01	2.81e-01	2.85e-02
 1.73539e+23	8.02e-11	1.33e-06	6.65e-04	1.91e-02	6.55e-02	6.15e-01	2.73e-01	2.66e-02
 1.74619e+23	8.99e-11	1.49e-06	7.46e-04	2.09e-02	7.00e-02	6.23e-01	2.62e-01	2.41e-02
 1.75719e+23	1.00e-10	1.65e-06	8.20e-04	2.24e-02	7.36e-02	6.28e-01	2.53e-01	2.24e-02
 1.76843e+23	1.13e-10	1.86e-06	9.24e-04	2.45e-02	7.87e-02	6.34e-01	2.42e-01	2.02e-02
 1.77991e+23	1.26e-10	2.07e-06	1.02e-03	2.64e-02	8.27e-02	6.38e-01	2.33e-01	1.87e-02
 1.79170e+23	1.43e-10	2.34e-06	1.16e-03	2.89e-02	8.84e-02	6.43e-01	2.21e-01	1.68e-02
 1.80381e+23	1.61e-10	2.62e-06	1.28e-03	3.12e-02	9.31e-02	6.47e-01	2.13e-01	1.54e-02
 1.81633e+23	1.86e-10	3.00e-06	1.46e-03	3.43e-02	9.95e-02	6.50e-01	2.01e-01	1.37e-02
 1.82899e+23	2.11e-10	3.38e-06	1.63e-03	3.70e-02	1.04e-01	6.52e-01	1.93e-01	1.25e-02
 1.84184e+23	2.44e-10	3.88e-06	1.86e-03	4.07e-02	1.12e-01	6.53e-01	1.81e-01	1.11e-02
 1.85480e+23	2.79e-10	4.38e-06	2.07e-03	4.38e-02	1.17e-01	6.54e-01	1.73e-01	1.01e-02
 1.86791e+23	3.23e-10	5.06e-06	2.38e-03	4.81e-02	1.25e-01	6.54e-01	1.63e-01	8.93e-03
 1.88124e+23	3.72e-10	5.74e-06	2.66e-03	5.18e-02	1.30e-01	6.52e-01	1.55e-01	8.11e-03
 1.89486e+23	4.36e-10	6.67e-06	3.06e-03	5.69e-02	1.39e-01	6.50e-01	1.44e-01	7.09e-03
 1.90831e+23	5.00e-10	7.54e-06	3.40e-03	6.10e-02	1.45e-01	6.47e-01	1.37e-01	6.44e-03
 1.92153e+23	5.86e-10	8.74e-06	3.90e-03	6.67e-02	1.53e-01	6.43e-01	1.28e-01	5.65e-03
 1.93400e+23	6.59e-10	9.72e-06	4.28e-03	7.09e-02	1.59e-01	6.39e-01	1.22e-01	5.16e-03
 1.94548e+23	7.62e-10	1.11e-05	4.79e-03	7.62e-02	1.65e-01	6.34e-01	1.15e-01	4.63e-03
 1.95763e+23	8.68e-10	1.24e-05	5.32e-03	8.13e-02	1.72e-01	6.28e-01	1.09e-01	4.18e-03
 1.96875e+23	9.84e-10	1.39e-05	5.86e-03	8.65e-02	1.78e-01	6.23e-01	1.03e-01	3.79e-03
 1.98132e+23	1.16e-09	1.61e-05	6.63e-03	9.33e-02	1.86e-01	6.15e-01	9.63e-02	3.35e-03
 1.99434e+23	1.33e-09	1.82e-05	7.39e-03	9.98e-02	1.93e-01	6.07e-01	9.04e-02	2.99e-03
 2.00598e+23	1.52e-09	2.05e-05	8.16e-03	1.06e-01	1.99e-01	5.99e-01	8.51e-02	2.69e-03
 2.01911e+23	1.80e-09	2.38e-05	9.26e-03	1.14e-01	2.07e-01	5.88e-01	7.89e-02	2.35e-03
 2.03275e+23	2.09e-09	2.71e-05	1.03e-02	1.22e-01	2.14e-01	5.78e-01	7.35e-02	2.08e-03
 2.04496e+23	2.41e-09	3.06e-05	1.15e-02	1.30e-01	2.21e-01	5.67e-01	6.88e-02	1.86e-03
 2.05877e+23	2.89e-09	3.58e-05	1.30e-02	1.40e-01	2.29e-01	5.54e-01	6.31e-02	1.61e-03
 2.07306e+23	3.38e-09	4.10e-05	1.46e-02	1.49e-01	2.36e-01	5.41e-01	5.83e-02	1.41e-03
 2.08582e+23	3.92e-09	4.66e-05	1.62e-02	1.58e-01	2.42e-01	5.28e-01	5.41e-02	1.24e-03
 2.10027e+23	4.75e-09	5.49e-05	1.85e-02	1.70e-01	2.50e-01	5.11e-01	4.91e-02	1.06e-03
 2.11518e+23	5.60e-09	6.31e-05	2.06e-02	1.81e-01	2.56e-01	4.96e-01	4.51e-02	9.17e-04
 2.13069e+23	6.89e-09	7.51e-05	2.37e-02	1.95e-01	2.63e-01	4.77e-01	4.04e-02	7.67e-04
 2.14649e+23	8.19e-09	8.67e-05	2.65e-02	2.07e-01	2.69e-01	4.60e-01	3.67e-02	6.59e-04
 2.16049e+23	9.68e-09	9.97e-05	2.95e-02	2.19e-01	2.74e-01	4.43e-01	3.35e-02	5.67e-04
 2.17652e+23	1.20e-08	1.19e-04	3.39e-02	2.35e-01	2.79e-01	4.22e-01	2.96e-02	4.67e-04
 2.19279e+23	1.43e-08	1.38e-04	3.78e-02	2.48e-01	2.84e-01	4.03e-01	2.66e-02	3.96e-04
 2.20720e+23	1.71e-08	1.59e-04	4.20e-02	2.62e-01	2.87e-01	3.85e-01	2.40e-02	3.37e-04
 2.22375e+23	2.14e-08	1.90e-04	4.81e-02	2.79e-01	2.90e-01	3.62e-01	2.09e-02	2.72e-04
 2.24049e+23	2.55e-08	2.20e-04	5.34e-02	2.93e-01	2.92e-01	3.43e-01	1.86e-02	2.28e-04
 2.25747e+23	3.21e-08	2.64e-04	6.08e-02	3.10e-01	2.92e-01	3.20e-01	1.60e-02	1.82e-04
 2.27480e+23	3.89e-08	3.06e-04	6.76e-02	3.25e-01	2.92e-01	3.01e-01	1.41e-02	1.50e-04
 2.29023e+23	4.68e-08	3.55e-04	7.49e-02	3.39e-01	2.92e-01	2.82e-01	1.24e-02	1.24e-04
 2.30796e+23	5.96e-08	4.27e-04	8.49e-02	3.56e-01	2.89e-01	2.59e-01	1.05e-02	9.68e-05
 2.32596e+23	7.23e-08	4.96e-04	9.39e-02	3.70e-01	2.86e-01	2.40e-01	9.10e-03	7.86e-05
 2.34433e+23	9.28e-08	6.00e-04	1.06e-01	3.87e-01	2.81e-01	2.17e-01	7.55e-03	5.99e-05
 2.36289e+23	1.13e-07	6.97e-04	1.17e-01	4.00e-01	2.76e-01	2.00e-01	6.48e-03	4.81e-05
 2.37901e+23	1.37e-07	8.03e-04	1.28e-01	4.11e-01	2.70e-01	1.84e-01	5.58e-03	3.88e-05
 2.39446e+23	1.63e-07	9.18e-04	1.39e-01	4.21e-01	2.64e-01	1.70e-01	4.82e-03	3.15e-05
 2.40919e+23	1.94e-07	1.04e-03	1.50e-01	4.30e-01	2.58e-01	1.57e-01	4.18e-03	2.57e-05
 2.42580e+23	2.42e-07	1.22e-03	1.65e-01	4.41e-01	2.49e-01	1.41e-01	3.48e-03	1.98e-05
 2.44236e+23	2.87e-07	1.39e-03	1.78e-01	4.48e-01	2.41e-01	1.29e-01	2.99e-03	1.60e-05
 2.45886e+23	3.56e-07	1.62e-03	1.94e-01	4.55e-01	2.31e-01	1.15e-01	2.47e-03	1.22e-05
 2.47566e+23	4.25e-07	1.84e-03	2.08e-01	4.60e-01	2.23e-01	1.05e-01	2.10e-03	9.77e-06
 2.49287e+23	5.30e-07	2.15e-03	2.27e-01	4.65e-01	2.11e-01	9.24e-02	1.70e-03	7.32e-06
 2.51022e+23	6.33e-07	2.43e-03	2.43e-01	4.68e-01	2.02e-01	8.33e-02	1.43e-03	5.77e-06
 2.52775e+23	7.90e-07	2.84e-03	2.63e-01	4.70e-01	1.90e-01	7.28e-02	1.15e-03	4.26e-06
 2.54548e+23	9.45e-07	3.21e-03	2.80e-01	4.70e-01	1.81e-01	6.51e-02	9.58e-04	3.32e-06
 2.55970e+23	1.09e-06	3.55e-03	2.94e-01	4.69e-01	1.73e-01	5.92e-02	8.22e-04	2.69e-06
 2.57437e+23	1.31e-06	4.01e-03	3.12e-01	4.67e-01	1.63e-01	5.26e-02	6.81e-04	2.08e-06
 2.58938e+23	1.52e-06	4.44e-03	3.27e-01	4.65e-01	1.55e-01	4.75e-02	5.79e-04	1.67e-06
 2.60275e+23	1.75e-06	4.90e-03	3.42e-01	4.62e-01	1.47e-01	4.30e-02	4.93e-04	1.34e-06
 2.61804e+23	2.10e-06	5.53e-03	3.62e-01	4.57e-01	1.38e-01	3.78e-02	4.02e-04	1.02e-06
 2.63351e+23	2.44e-06	6.11e-03	3.78e-01	4.52e-01	1.30e-01	3.39e-02	3.38e-04	8.05e-07
 2.64706e+23	2.82e-06	6.72e-03	3.93e-01	4.46e-01	1.23e-01	3.04e-02	2.85e-04	6.41e-07
 2.66253e+23	3.37e-06	7.56e-03	4.13e-01	4.38e-01	1.14e-01	2.65e-02	2.30e-04	4.81e-07
 2.67828e+23	3.91e-06	8.33e-03	4.30e-01	4.31e-01	1.07e-01	2.36e-02	1.92e-04	3.76e-07
 2.69222e+23	4.51e-06	9.15e-03	4.46e-01	4.24e-01	1.00e-01	2.10e-02	1.60e-04	2.95e-07
 2.70818e+23	5.41e-06	1.03e-02	4.66e-01	4.13e-01	9.23e-02	1.82e-02	1.28e-04	2.18e-07
 2.72434e+23	6.28e-06	1.13e-02	4.82e-01	4.04e-01	8.60e-02	1.60e-02	1.05e-04	1.68e-07
 2.73855e+23	7.26e-06	1.24e-02	4.98e-01	3.95e-01	8.01e-02	1.42e-02	8.72e-05	1.31e-07
 2.75485e+23	8.70e-06	1.40e-02	5.18e-01	3.83e-01	7.31e-02	1.22e-02	6.87e-05	0.00e+00
 2.77144e+23	1.01e-05	1.54e-02	5.34e-01	3.72e-01	6.76e-02	1.06e-02	5.60e-05	0.00e+00
 2.78620e+23	1.17e-05	1.69e-02	5.50e-01	3.61e-01	6.25e-02	9.34e-03	4.58e-05	0.00e+00
 2.80318e+23	1.41e-05	1.90e-02	5.69e-01	3.47e-01	5.64e-02	7.90e-03	3.54e-05	0.00e+00
 2.82047e+23	1.64e-05	2.09e-02	5.85e-01	3.36e-01	5.17e-02	6.85e-03	2.85e-05	0.00e+00
 2.83818e+23	1.98e-05	2.35e-02	6.04e-01	3.21e-01	4.63e-02	5.73e-03	2.17e-05	0.00e+00
 2.85617e+23	2.32e-05	2.59e-02	6.19e-01	3.08e-01	4.21e-02	4.92e-03	1.72e-05	0.00e+00
 2.87205e+23	2.70e-05	2.85e-02	6.33e-01	2.96e-01	3.84e-02	4.24e-03	1.37e-05	0.00e+00
 2.89021e+23	3.26e-05	3.20e-02	6.50e-01	2.80e-01	3.41e-02	3.52e-03	1.03e-05	0.00e+00
 2.90887e+23	3.84e-05	3.53e-02	6.64e-01	2.67e-01	3.07e-02	2.98e-03	8.03e-06	0.00e+00
 2.92307e+23	4.29e-05	3.78e-02	6.73e-01	2.58e-01	2.85e-02	2.66e-03	6.75e-06	0.00e+00
 2.93639e+23	4.92e-05	4.11e-02	6.83e-01	2.47e-01	2.61e-02	2.31e-03	5.45e-06	0.00e+00
 2.95015e+23	5.52e-05	4.41e-02	6.92e-01	2.38e-01	2.41e-02	2.05e-03	4.53e-06	0.00e+00
 2.96445e+23	6.40e-05	4.83e-02	7.02e-01	2.26e-01	2.18e-02	1.75e-03	3.58e-06	0.00e+00
 2.97884e+23	7.20e-05	5.18e-02	7.09e-01	2.17e-01	2.01e-02	1.55e-03	2.96e-06	0.00e+00
 2.99332e+23	8.36e-05	5.68e-02	7.18e-01	2.06e-01	1.81e-02	1.32e-03	2.32e-06	0.00e+00
 3.00783e+23	9.43e-05	6.10e-02	7.24e-01	1.97e-01	1.66e-02	1.16e-03	1.91e-06	0.00e+00
 3.02241e+23	1.10e-04	6.68e-02	7.32e-01	1.86e-01	1.49e-02	9.81e-04	1.49e-06	0.00e+00
 3.03713e+23	1.24e-04	7.19e-02	7.37e-01	1.77e-01	1.36e-02	8.58e-04	1.22e-06	0.00e+00
 3.05205e+23	1.44e-04	7.88e-02	7.42e-01	1.66e-01	1.21e-02	7.23e-04	9.42e-07	0.00e+00
 3.06717e+23	1.65e-04	8.54e-02	7.45e-01	1.58e-01	1.10e-02	6.26e-04	7.59e-07	0.00e+00
 3.07976e+23	1.86e-04	9.17e-02	7.47e-01	1.50e-01	1.02e-02	5.53e-04	6.30e-07	0.00e+00
