#depth	O	O+	O+2	O+3	O+4	O+5	O+6	O+7	O+8	O[1]	O[2]	O[3]
 4.62852e+21	2.66e-10	5.19e-06	3.17e-03	1.01e-01	2.69e-01	2.92e-01	3.15e-01	1.96e-02	2.97e-04	2.66e-10	6.47e-19	7.95e-19
 1.05402e+22	9.90e-10	1.53e-05	7.02e-03	1.64e-01	3.21e-01	2.79e-01	2.19e-01	9.70e-03	1.05e-04	9.90e-10	2.54e-18	3.11e-18
 1.24649e+22	1.92e-09	2.57e-05	1.02e-02	2.02e-01	3.40e-01	2.64e-01	1.77e-01	6.63e-03	6.09e-05	1.92e-09	5.13e-18	6.26e-18
 1.35853e+22	3.15e-09	3.76e-05	1.32e-02	2.33e-01	3.51e-01	2.49e-01	1.49e-01	4.92e-03	3.99e-05	3.15e-09	8.70e-18	1.06e-17
 1.42609e+22	3.87e-09	4.40e-05	1.47e-02	2.46e-01	3.54e-01	2.42e-01	1.39e-01	4.34e-03	3.34e-05	3.87e-09	1.08e-17	1.31e-17
 1.47135e+22	5.04e-09	5.36e-05	1.69e-02	2.64e-01	3.57e-01	2.33e-01	1.26e-01	3.67e-03	2.65e-05	5.04e-09	1.43e-17	1.74e-17
 1.51935e+22	6.35e-09	6.36e-05	1.89e-02	2.79e-01	3.59e-01	2.25e-01	1.15e-01	3.16e-03	2.15e-05	6.35e-09	1.84e-17	2.23e-17
 1.57092e+22	8.53e-09	7.91e-05	2.19e-02	3.00e-01	3.60e-01	2.13e-01	1.02e-01	2.60e-03	1.64e-05	8.53e-09	2.53e-17	3.07e-17
 1.62315e+22	1.09e-08	9.44e-05	2.46e-02	3.17e-01	3.60e-01	2.04e-01	9.23e-02	2.21e-03	1.31e-05	1.09e-08	3.30e-17	3.99e-17
 1.66926e+22	1.37e-08	1.12e-04	2.75e-02	3.34e-01	3.59e-01	1.94e-01	8.35e-02	1.88e-03	1.05e-05	1.37e-08	4.26e-17	5.16e-17
 1.72221e+22	1.86e-08	1.39e-04	3.17e-02	3.55e-01	3.56e-01	1.82e-01	7.30e-02	1.52e-03	7.82e-06	1.86e-08	5.96e-17	7.21e-17
 1.77584e+22	2.37e-08	1.65e-04	3.54e-02	3.72e-01	3.53e-01	1.72e-01	6.54e-02	1.27e-03	6.17e-06	2.37e-08	7.77e-17	9.39e-17
 1.83035e+22	3.22e-08	2.06e-04	4.06e-02	3.94e-01	3.48e-01	1.60e-01	5.65e-02	1.01e-03	4.52e-06	3.22e-08	1.10e-16	1.33e-16
 1.88557e+22	4.11e-08	2.44e-04	4.52e-02	4.11e-01	3.42e-01	1.50e-01	5.01e-02	8.41e-04	3.52e-06	4.11e-08	1.44e-16	1.74e-16
 1.94172e+22	5.63e-08	3.04e-04	5.18e-02	4.33e-01	3.34e-01	1.37e-01	4.27e-02	6.58e-04	2.53e-06	5.63e-08	2.05e-16	2.48e-16
 1.99689e+22	7.09e-08	3.56e-04	5.71e-02	4.48e-01	3.28e-01	1.28e-01	3.79e-02	5.47e-04	1.98e-06	7.09e-08	2.67e-16	3.22e-16
 2.04308e+22	8.83e-08	4.14e-04	6.25e-02	4.62e-01	3.21e-01	1.20e-01	3.37e-02	4.58e-04	1.56e-06	8.83e-08	3.42e-16	4.13e-16
 2.08765e+22	1.09e-07	4.80e-04	6.82e-02	4.76e-01	3.13e-01	1.12e-01	3.00e-02	3.83e-04	1.23e-06	1.09e-07	4.36e-16	5.26e-16
 2.13779e+22	1.43e-07	5.76e-04	7.60e-02	4.92e-01	3.03e-01	1.02e-01	2.58e-02	3.05e-04	9.08e-07	1.43e-07	5.91e-16	7.13e-16
 2.18776e+22	1.76e-07	6.63e-04	8.25e-02	5.04e-01	2.95e-01	9.53e-02	2.28e-02	2.55e-04	7.15e-07	1.76e-07	7.48e-16	9.03e-16
 2.23751e+22	2.30e-07	7.95e-04	9.16e-02	5.18e-01	2.84e-01	8.65e-02	1.95e-02	2.00e-04	5.21e-07	2.30e-07	1.02e-15	1.22e-15
 2.28799e+22	2.83e-07	9.13e-04	9.92e-02	5.28e-01	2.75e-01	8.00e-02	1.72e-02	1.66e-04	4.07e-07	2.83e-07	1.28e-15	1.55e-15
 2.33945e+22	3.70e-07	1.09e-03	1.10e-01	5.40e-01	2.62e-01	7.20e-02	1.45e-02	1.30e-04	2.93e-07	3.70e-07	1.74e-15	2.09e-15
 2.39154e+22	4.58e-07	1.26e-03	1.19e-01	5.49e-01	2.52e-01	6.60e-02	1.27e-02	1.06e-04	2.25e-07	4.58e-07	2.21e-15	2.66e-15
 2.44444e+22	5.98e-07	1.50e-03	1.31e-01	5.58e-01	2.40e-01	5.90e-02	1.06e-02	8.18e-05	1.60e-07	5.98e-07	3.00e-15	3.60e-15
 2.49793e+22	7.42e-07	1.73e-03	1.41e-01	5.65e-01	2.29e-01	5.36e-02	9.19e-03	6.61e-05	0.00e+00	7.42e-07	3.82e-15	4.59e-15
 2.54288e+22	8.97e-07	1.97e-03	1.51e-01	5.70e-01	2.20e-01	4.92e-02	8.06e-03	5.45e-05	0.00e+00	8.97e-07	4.74e-15	5.69e-15
 2.58401e+22	1.08e-06	2.22e-03	1.61e-01	5.73e-01	2.11e-01	4.52e-02	7.10e-03	4.53e-05	0.00e+00	1.08e-06	5.82e-15	6.98e-15
 2.62331e+22	1.27e-06	2.47e-03	1.70e-01	5.76e-01	2.03e-01	4.18e-02	6.32e-03	3.82e-05	0.00e+00	1.27e-06	7.02e-15	8.41e-15
 2.66819e+22	1.57e-06	2.84e-03	1.83e-01	5.78e-01	1.93e-01	3.77e-02	5.41e-03	3.05e-05	0.00e+00	1.57e-06	8.96e-15	1.07e-14
 2.71409e+22	1.88e-06	3.19e-03	1.94e-01	5.80e-01	1.84e-01	3.44e-02	4.73e-03	2.51e-05	0.00e+00	1.88e-06	1.10e-14	1.32e-14
 2.75460e+22	2.23e-06	3.57e-03	2.06e-01	5.80e-01	1.76e-01	3.15e-02	4.15e-03	2.08e-05	0.00e+00	2.23e-06	1.34e-14	1.60e-14
 2.80057e+22	2.76e-06	4.10e-03	2.20e-01	5.79e-01	1.65e-01	2.81e-02	3.52e-03	1.64e-05	0.00e+00	2.76e-06	1.71e-14	2.04e-14
 2.84728e+22	3.30e-06	4.59e-03	2.33e-01	5.77e-01	1.57e-01	2.55e-02	3.06e-03	1.34e-05	0.00e+00	3.30e-06	2.10e-14	2.50e-14
 2.88849e+22	3.91e-06	5.13e-03	2.46e-01	5.74e-01	1.49e-01	2.32e-02	2.67e-03	1.10e-05	0.00e+00	3.91e-06	2.55e-14	3.04e-14
 2.93556e+22	4.86e-06	5.90e-03	2.62e-01	5.70e-01	1.39e-01	2.05e-02	2.24e-03	8.51e-06	0.00e+00	4.86e-06	3.28e-14	3.90e-14
 2.98301e+22	5.74e-06	6.57e-03	2.76e-01	5.65e-01	1.32e-01	1.85e-02	1.94e-03	6.96e-06	0.00e+00	5.74e-06	3.99e-14	4.73e-14
 3.03094e+22	7.10e-06	7.52e-03	2.94e-01	5.58e-01	1.22e-01	1.63e-02	1.62e-03	5.37e-06	0.00e+00	7.10e-06	5.11e-14	6.06e-14
 3.07969e+22	8.47e-06	8.42e-03	3.09e-01	5.51e-01	1.15e-01	1.46e-02	1.39e-03	4.30e-06	0.00e+00	8.47e-06	6.27e-14	7.43e-14
 3.12281e+22	1.00e-05	9.36e-03	3.25e-01	5.44e-01	1.08e-01	1.31e-02	1.20e-03	3.48e-06	0.00e+00	1.00e-05	7.63e-14	9.04e-14
 3.17215e+22	1.24e-05	1.07e-02	3.44e-01	5.33e-01	9.96e-02	1.14e-02	9.89e-04	2.64e-06	0.00e+00	1.24e-05	9.79e-14	1.16e-13
 3.22255e+22	1.47e-05	1.20e-02	3.61e-01	5.23e-01	9.28e-02	1.01e-02	8.39e-04	2.09e-06	0.00e+00	1.47e-05	1.20e-13	1.42e-13
 3.27431e+22	1.84e-05	1.38e-02	3.83e-01	5.09e-01	8.46e-02	8.67e-03	6.80e-04	1.55e-06	0.00e+00	1.84e-05	1.56e-13	1.85e-13
 3.31467e+22	1.99e-05	1.45e-02	3.92e-01	5.04e-01	8.15e-02	8.15e-03	6.25e-04	1.38e-06	0.00e+00	1.99e-05	1.72e-13	2.04e-13
 3.34023e+22	2.22e-05	1.55e-02	4.02e-01	4.96e-01	7.78e-02	7.54e-03	5.63e-04	1.18e-06	0.00e+00	2.22e-05	1.96e-13	2.32e-13
 3.37346e+22	2.54e-05	1.68e-02	4.16e-01	4.86e-01	7.32e-02	6.82e-03	4.92e-04	9.79e-07	0.00e+00	2.54e-05	2.30e-13	2.72e-13
 3.41665e+22	3.03e-05	1.88e-02	4.35e-01	4.73e-01	6.75e-02	5.97e-03	4.11e-04	7.60e-07	0.00e+00	3.03e-05	2.85e-13	3.36e-13
 3.47281e+22	3.84e-05	2.18e-02	4.59e-01	4.53e-01	6.02e-02	4.97e-03	3.22e-04	5.37e-07	0.00e+00	3.84e-05	3.79e-13	4.47e-13
 3.52798e+22	4.52e-05	2.41e-02	4.77e-01	4.39e-01	5.54e-02	4.35e-03	2.70e-04	4.19e-07	0.00e+00	4.52e-05	4.63e-13	5.45e-13
 3.58188e+22	5.59e-05	2.76e-02	4.99e-01	4.20e-01	4.96e-02	3.65e-03	2.14e-04	3.02e-07	0.00e+00	5.59e-05	6.02e-13	7.06e-13
 3.63794e+22	6.69e-05	3.08e-02	5.19e-01	4.02e-01	4.49e-02	3.13e-03	1.75e-04	2.27e-07	0.00e+00	6.69e-05	7.51e-13	8.80e-13
 3.68141e+22	7.60e-05	3.33e-02	5.32e-01	3.90e-01	4.18e-02	2.79e-03	1.51e-04	1.84e-07	0.00e+00	7.60e-05	8.79e-13	1.03e-12
 3.72251e+22	8.88e-05	3.67e-02	5.48e-01	3.74e-01	3.82e-02	2.43e-03	1.26e-04	1.43e-07	0.00e+00	8.88e-05	1.07e-12	1.24e-12
 3.76475e+22	1.01e-04	3.97e-02	5.62e-01	3.61e-01	3.53e-02	2.16e-03	1.08e-04	0.00e+00	0.00e+00	1.01e-04	1.25e-12	1.46e-12
 3.80850e+22	1.19e-04	4.39e-02	5.78e-01	3.44e-01	3.20e-02	1.85e-03	8.84e-05	0.00e+00	0.00e+00	1.19e-04	1.54e-12	1.79e-12
 3.85241e+22	1.35e-04	4.74e-02	5.91e-01	3.30e-01	2.94e-02	1.63e-03	7.54e-05	0.00e+00	0.00e+00	1.35e-04	1.81e-12	2.09e-12
 3.89653e+22	1.59e-04	5.23e-02	6.06e-01	3.13e-01	2.65e-02	1.39e-03	6.14e-05	0.00e+00	0.00e+00	1.59e-04	2.23e-12	2.56e-12
 3.94118e+22	1.80e-04	5.65e-02	6.18e-01	2.99e-01	2.43e-02	1.22e-03	5.19e-05	0.00e+00	0.00e+00	1.80e-04	2.63e-12	3.01e-12
 3.98649e+22	2.12e-04	6.23e-02	6.33e-01	2.82e-01	2.17e-02	1.03e-03	4.20e-05	0.00e+00	0.00e+00	2.12e-04	3.24e-12	3.69e-12
 4.03262e+22	2.41e-04	6.73e-02	6.44e-01	2.68e-01	1.97e-02	8.97e-04	3.51e-05	0.00e+00	0.00e+00	2.41e-04	3.84e-12	4.35e-12
 4.07980e+22	2.84e-04	7.43e-02	6.57e-01	2.51e-01	1.75e-02	7.49e-04	2.80e-05	0.00e+00	0.00e+00	2.84e-04	4.78e-12	5.36e-12
 4.12771e+22	3.24e-04	8.02e-02	6.66e-01	2.37e-01	1.58e-02	6.45e-04	2.32e-05	0.00e+00	0.00e+00	3.24e-04	5.68e-12	6.33e-12
 4.17657e+22	3.82e-04	8.86e-02	6.77e-01	2.19e-01	1.38e-02	5.32e-04	1.82e-05	0.00e+00	0.00e+00	3.82e-04	7.10e-12	7.84e-12
 4.22635e+22	4.36e-04	9.56e-02	6.86e-01	2.06e-01	1.24e-02	4.53e-04	1.49e-05	0.00e+00	0.00e+00	4.36e-04	8.49e-12	9.28e-12
 4.27734e+22	5.16e-04	1.06e-01	6.94e-01	1.89e-01	1.07e-02	3.69e-04	1.15e-05	0.00e+00	0.00e+00	5.16e-04	1.07e-11	1.16e-11
 4.32949e+22	5.89e-04	1.14e-01	7.00e-01	1.75e-01	9.51e-03	3.10e-04	9.31e-06	0.00e+00	0.00e+00	5.89e-04	1.29e-11	1.38e-11
 4.38316e+22	6.96e-04	1.26e-01	7.06e-01	1.59e-01	8.18e-03	2.49e-04	7.12e-06	0.00e+00	0.00e+00	6.96e-04	1.63e-11	1.72e-11
 4.43808e+22	8.00e-04	1.36e-01	7.09e-01	1.46e-01	7.14e-03	2.05e-04	5.62e-06	0.00e+00	0.00e+00	8.00e-04	1.98e-11	2.06e-11
 4.49464e+22	9.54e-04	1.51e-01	7.11e-01	1.31e-01	6.03e-03	1.61e-04	4.18e-06	0.00e+00	0.00e+00	9.54e-04	2.55e-11	2.60e-11
 4.55130e+22	1.09e-03	1.62e-01	7.12e-01	1.20e-01	5.26e-03	1.32e-04	3.30e-06	0.00e+00	0.00e+00	1.09e-03	3.07e-11	3.09e-11
 4.60810e+22	1.29e-03	1.78e-01	7.10e-01	1.06e-01	4.41e-03	1.03e-04	2.44e-06	0.00e+00	0.00e+00	1.29e-03	3.92e-11	3.88e-11
 4.66595e+22	1.47e-03	1.92e-01	7.07e-01	9.61e-02	3.81e-03	8.35e-05	1.90e-06	0.00e+00	0.00e+00	1.47e-03	4.74e-11	4.62e-11
 4.72519e+22	1.75e-03	2.11e-01	7.00e-01	8.40e-02	3.15e-03	6.36e-05	1.38e-06	0.00e+00	0.00e+00	1.75e-03	6.09e-11	5.82e-11
 4.78555e+22	2.00e-03	2.27e-01	6.94e-01	7.50e-02	2.69e-03	5.07e-05	1.05e-06	0.00e+00	0.00e+00	2.00e-03	7.40e-11	6.96e-11
 4.84739e+22	2.38e-03	2.49e-01	6.82e-01	6.45e-02	2.20e-03	3.78e-05	7.48e-07	0.00e+00	0.00e+00	2.38e-03	9.56e-11	8.81e-11
 4.91063e+22	2.72e-03	2.68e-01	6.71e-01	5.67e-02	1.85e-03	2.95e-05	5.62e-07	0.00e+00	0.00e+00	2.72e-03	1.17e-10	1.06e-10
 4.97569e+22	3.27e-03	2.95e-01	6.52e-01	4.75e-02	1.48e-03	2.13e-05	3.87e-07	0.00e+00	0.00e+00	3.27e-03	1.53e-10	1.36e-10
 5.04171e+22	3.74e-03	3.16e-01	6.37e-01	4.12e-02	1.24e-03	1.64e-05	2.88e-07	0.00e+00	0.00e+00	3.74e-03	1.87e-10	1.64e-10
 5.10898e+22	4.51e-03	3.49e-01	6.12e-01	3.37e-02	9.72e-04	1.15e-05	1.93e-07	0.00e+00	0.00e+00	4.51e-03	2.46e-10	2.11e-10
 5.17780e+22	5.17e-03	3.73e-01	5.92e-01	2.86e-02	8.04e-04	8.62e-06	1.41e-07	0.00e+00	0.00e+00	5.17e-03	3.01e-10	2.55e-10
 5.24862e+22	6.30e-03	4.12e-01	5.59e-01	2.26e-02	6.17e-04	5.75e-06	0.00e+00	0.00e+00	0.00e+00	6.30e-03	4.01e-10	3.34e-10
 5.32125e+22	7.27e-03	4.41e-01	5.32e-01	1.86e-02	5.01e-04	4.17e-06	0.00e+00	0.00e+00	0.00e+00	7.27e-03	4.96e-10	4.09e-10
 5.39622e+22	8.95e-03	4.86e-01	4.90e-01	1.41e-02	3.75e-04	2.63e-06	0.00e+00	0.00e+00	0.00e+00	8.95e-03	6.69e-10	5.43e-10
 5.47364e+22	1.05e-02	5.23e-01	4.55e-01	1.10e-02	2.94e-04	1.78e-06	0.00e+00	0.00e+00	0.00e+00	1.05e-02	8.45e-10	6.79e-10
 5.55427e+22	1.31e-02	5.74e-01	4.05e-01	7.78e-03	2.13e-04	1.03e-06	0.00e+00	0.00e+00	0.00e+00	1.31e-02	1.16e-09	9.19e-10
 5.62454e+22	1.48e-02	6.01e-01	3.77e-01	6.33e-03	1.77e-04	7.57e-07	0.00e+00	0.00e+00	0.00e+00	1.48e-02	1.36e-09	1.08e-09
 5.68133e+22	1.73e-02	6.38e-01	3.40e-01	4.79e-03	1.39e-04	4.98e-07	0.00e+00	0.00e+00	0.00e+00	1.73e-02	1.70e-09	1.33e-09
 5.74124e+22	2.00e-02	6.70e-01	3.06e-01	3.66e-03	1.11e-04	3.35e-07	0.00e+00	0.00e+00	0.00e+00	2.00e-02	2.07e-09	1.61e-09
 5.80521e+22	2.39e-02	7.10e-01	2.64e-01	2.56e-03	8.28e-05	1.99e-07	0.00e+00	0.00e+00	0.00e+00	2.39e-02	2.66e-09	2.06e-09
 5.87100e+22	2.83e-02	7.43e-01	2.27e-01	1.82e-03	6.32e-05	1.22e-07	0.00e+00	0.00e+00	0.00e+00	2.83e-02	3.32e-09	2.56e-09
 5.92992e+22	3.34e-02	7.72e-01	1.93e-01	1.27e-03	4.81e-05	0.00e+00	0.00e+00	0.00e+00	0.00e+00	3.34e-02	4.13e-09	3.18e-09
 5.98315e+22	3.88e-02	7.95e-01	1.65e-01	9.15e-04	3.74e-05	0.00e+00	0.00e+00	0.00e+00	0.00e+00	3.88e-02	5.00e-09	3.83e-09
 6.03033e+22	4.49e-02	8.14e-01	1.40e-01	6.57e-04	2.92e-05	0.00e+00	0.00e+00	0.00e+00	0.00e+00	4.49e-02	6.04e-09	4.60e-09
 6.08374e+22	5.44e-02	8.33e-01	1.12e-01	4.22e-04	2.08e-05	0.00e+00	0.00e+00	0.00e+00	0.00e+00	5.44e-02	7.71e-09	5.84e-09
 6.13949e+22	6.60e-02	8.46e-01	8.75e-02	2.68e-04	1.48e-05	0.00e+00	0.00e+00	0.00e+00	0.00e+00	6.60e-02	9.81e-09	7.42e-09
 6.18726e+22	7.96e-02	8.52e-01	6.84e-02	1.74e-04	1.06e-05	0.00e+00	0.00e+00	0.00e+00	0.00e+00	7.96e-02	1.23e-08	9.27e-09
 6.22985e+22	9.56e-02	8.51e-01	5.31e-02	1.14e-04	7.60e-06	0.00e+00	0.00e+00	0.00e+00	0.00e+00	9.56e-02	1.53e-08	1.15e-08
 6.26918e+22	1.15e-01	8.45e-01	4.06e-02	7.55e-05	5.37e-06	0.00e+00	0.00e+00	0.00e+00	0.00e+00	1.15e-01	1.89e-08	1.43e-08
 6.30567e+22	1.38e-01	8.31e-01	3.06e-02	5.01e-05	3.73e-06	0.00e+00	0.00e+00	0.00e+00	0.00e+00	1.38e-01	2.32e-08	1.75e-08
 6.33906e+22	1.66e-01	8.11e-01	2.29e-02	3.37e-05	2.56e-06	0.00e+00	0.00e+00	0.00e+00	0.00e+00	1.66e-01	2.83e-08	2.13e-08
 6.36891e+22	1.96e-01	7.86e-01	1.72e-02	2.35e-05	1.78e-06	0.00e+00	0.00e+00	0.00e+00	0.00e+00	1.96e-01	3.38e-08	2.54e-08
 6.39598e+22	2.32e-01	7.56e-01	1.29e-02	1.67e-05	1.22e-06	0.00e+00	0.00e+00	0.00e+00	0.00e+00	2.32e-01	3.98e-08	2.99e-08
 6.42090e+22	2.70e-01	7.20e-01	9.63e-03	1.21e-05	8.41e-07	0.00e+00	0.00e+00	0.00e+00	0.00e+00	2.70e-01	4.60e-08	3.45e-08
 6.44365e+22	3.11e-01	6.82e-01	7.25e-03	9.02e-06	5.81e-07	0.00e+00	0.00e+00	0.00e+00	0.00e+00	3.11e-01	5.22e-08	3.91e-08
 6.45837e+22	3.39e-01	6.55e-01	6.06e-03	7.57e-06	4.64e-07	0.00e+00	0.00e+00	0.00e+00	0.00e+00	3.39e-01	5.58e-08	4.17e-08
 6.46454e+22	3.52e-01	6.42e-01	5.60e-03	7.00e-06	4.19e-07	0.00e+00	0.00e+00	0.00e+00	0.00e+00	3.52e-01	5.74e-08	4.29e-08
 6.46966e+22	3.63e-01	6.32e-01	5.21e-03	6.54e-06	3.81e-07	0.00e+00	0.00e+00	0.00e+00	0.00e+00	3.63e-01	5.89e-08	4.40e-08
 6.47612e+22	3.77e-01	6.18e-01	4.76e-03	6.00e-06	3.39e-07	0.00e+00	0.00e+00	0.00e+00	0.00e+00	3.77e-01	6.07e-08	4.53e-08
 6.48393e+22	3.95e-01	6.00e-01	4.26e-03	5.41e-06	2.93e-07	0.00e+00	0.00e+00	0.00e+00	0.00e+00	3.95e-01	6.28e-08	4.69e-08
 6.49192e+22	4.14e-01	5.83e-01	3.81e-03	4.89e-06	2.54e-07	0.00e+00	0.00e+00	0.00e+00	0.00e+00	4.14e-01	6.49e-08	4.84e-08
 6.49961e+22	4.32e-01	5.65e-01	3.40e-03	4.42e-06	2.20e-07	0.00e+00	0.00e+00	0.00e+00	0.00e+00	4.32e-01	6.68e-08	4.98e-08
 6.50734e+22	4.51e-01	5.46e-01	3.04e-03	3.99e-06	1.90e-07	0.00e+00	0.00e+00	0.00e+00	0.00e+00	4.51e-01	6.86e-08	5.11e-08
 6.51515e+22	4.70e-01	5.27e-01	2.71e-03	3.61e-06	1.64e-07	0.00e+00	0.00e+00	0.00e+00	0.00e+00	4.70e-01	7.03e-08	5.24e-08
 6.52328e+22	4.90e-01	5.08e-01	2.39e-03	3.26e-06	1.40e-07	0.00e+00	0.00e+00	0.00e+00	0.00e+00	4.90e-01	7.20e-08	5.36e-08
 6.53183e+22	5.11e-01	4.87e-01	2.10e-03	2.92e-06	0.00e+00	0.00e+00	0.00e+00	0.00e+00	0.00e+00	5.11e-01	7.35e-08	5.47e-08
 6.54071e+22	5.33e-01	4.65e-01	1.84e-03	2.61e-06	0.00e+00	0.00e+00	0.00e+00	0.00e+00	0.00e+00	5.33e-01	7.49e-08	5.57e-08
 6.54991e+22	5.56e-01	4.43e-01	1.60e-03	2.33e-06	0.00e+00	0.00e+00	0.00e+00	0.00e+00	0.00e+00	5.56e-01	7.61e-08	5.66e-08
 6.55933e+22	5.78e-01	4.21e-01	1.38e-03	2.08e-06	0.00e+00	0.00e+00	0.00e+00	0.00e+00	0.00e+00	5.78e-01	7.71e-08	5.73e-08
 6.56851e+22	5.99e-01	4.00e-01	1.20e-03	1.86e-06	0.00e+00	0.00e+00	0.00e+00	0.00e+00	0.00e+00	5.99e-01	7.78e-08	5.77e-08
 6.57559e+22	6.14e-01	3.85e-01	1.09e-03	1.73e-06	0.00e+00	0.00e+00	0.00e+00	0.00e+00	0.00e+00	6.14e-01	7.81e-08	5.79e-08
 6.58045e+22	6.25e-01	3.74e-01	1.01e-03	1.63e-06	0.00e+00	0.00e+00	0.00e+00	0.00e+00	0.00e+00	6.25e-01	7.83e-08	5.80e-08
 6.58518e+22	6.35e-01	3.64e-01	9.44e-04	1.55e-06	0.00e+00	0.00e+00	0.00e+00	0.00e+00	0.00e+00	6.35e-01	7.84e-08	5.81e-08
 6.59068e+22	6.47e-01	3.53e-01	8.68e-04	1.45e-06	0.00e+00	0.00e+00	0.00e+00	0.00e+00	0.00e+00	6.47e-01	7.85e-08	5.82e-08
 6.59666e+22	6.59e-01	3.41e-01	7.94e-04	1.36e-06	0.00e+00	0.00e+00	0.00e+00	0.00e+00	0.00e+00	6.59e-01	7.86e-08	5.82e-08
 6.60258e+22	6.70e-01	3.29e-01	7.29e-04	1.28e-06	0.00e+00	0.00e+00	0.00e+00	0.00e+00	0.00e+00	6.70e-01	7.85e-08	5.81e-08
 6.60840e+22	6.81e-01	3.18e-01	6.70e-04	1.20e-06	0.00e+00	0.00e+00	0.00e+00	0.00e+00	0.00e+00	6.81e-01	7.85e-08	5.80e-08
 6.61432e+22	6.92e-01	3.08e-01	6.15e-04	1.13e-06	0.00e+00	0.00e+00	0.00e+00	0.00e+00	0.00e+00	6.92e-01	7.83e-08	5.79e-08
 6.62045e+22	7.03e-01	2.97e-01	5.63e-04	1.06e-06	0.00e+00	0.00e+00	0.00e+00	0.00e+00	0.00e+00	7.03e-01	7.81e-08	5.77e-08
 6.62672e+22	7.13e-01	2.86e-01	5.15e-04	9.97e-07	0.00e+00	0.00e+00	0.00e+00	0.00e+00	0.00e+00	7.13e-01	7.79e-08	5.75e-08
 6.63298e+22	7.23e-01	2.76e-01	4.72e-04	9.39e-07	0.00e+00	0.00e+00	0.00e+00	0.00e+00	0.00e+00	7.23e-01	7.76e-08	5.73e-08
 6.63935e+22	7.33e-01	2.67e-01	4.32e-04	8.84e-07	0.00e+00	0.00e+00	0.00e+00	0.00e+00	0.00e+00	7.33e-01	7.73e-08	5.70e-08
 6.64598e+22	7.43e-01	2.57e-01	3.95e-04	8.31e-07	0.00e+00	0.00e+00	0.00e+00	0.00e+00	0.00e+00	7.43e-01	7.69e-08	5.67e-08
 6.65282e+22	7.53e-01	2.47e-01	3.60e-04	7.80e-07	0.00e+00	0.00e+00	0.00e+00	0.00e+00	0.00e+00	7.53e-01	7.65e-08	5.64e-08
 6.65974e+22	7.62e-01	2.38e-01	3.29e-04	7.34e-07	0.00e+00	0.00e+00	0.00e+00	0.00e+00	0.00e+00	7.62e-01	7.60e-08	5.60e-08
 6.66674e+22	7.71e-01	2.29e-01	3.00e-04	6.91e-07	0.00e+00	0.00e+00	0.00e+00	0.00e+00	0.00e+00	7.71e-01	7.56e-08	5.56e-08
 6.67398e+22	7.79e-01	2.20e-01	2.73e-04	6.50e-07	0.00e+00	0.00e+00	0.00e+00	0.00e+00	0.00e+00	7.79e-01	7.51e-08	5.53e-08
 6.68151e+22	7.88e-01	2.12e-01	2.49e-04	6.11e-07	0.00e+00	0.00e+00	0.00e+00	0.00e+00	0.00e+00	7.88e-01	7.46e-08	5.48e-08
 6.68924e+22	7.96e-01	2.04e-01	2.26e-04	5.74e-07	0.00e+00	0.00e+00	0.00e+00	0.00e+00	0.00e+00	7.96e-01	7.41e-08	5.44e-08
 6.69711e+22	8.04e-01	1.96e-01	2.05e-04	5.40e-07	0.00e+00	0.00e+00	0.00e+00	0.00e+00	0.00e+00	8.04e-01	7.35e-08	5.40e-08
 6.70518e+22	8.12e-01	1.88e-01	1.87e-04	5.08e-07	0.00e+00	0.00e+00	0.00e+00	0.00e+00	0.00e+00	8.12e-01	7.30e-08	5.36e-08
 6.71352e+22	8.19e-01	1.80e-01	1.69e-04	4.78e-07	0.00e+00	0.00e+00	0.00e+00	0.00e+00	0.00e+00	8.19e-01	7.25e-08	5.31e-08
 6.72215e+22	8.27e-01	1.73e-01	1.54e-04	4.49e-07	0.00e+00	0.00e+00	0.00e+00	0.00e+00	0.00e+00	8.27e-01	7.19e-08	5.27e-08
 6.73103e+22	8.34e-01	1.66e-01	1.39e-04	4.22e-07	0.00e+00	0.00e+00	0.00e+00	0.00e+00	0.00e+00	8.34e-01	7.13e-08	5.22e-08
 6.74013e+22	8.41e-01	1.59e-01	1.26e-04	3.97e-07	0.00e+00	0.00e+00	0.00e+00	0.00e+00	0.00e+00	8.41e-01	7.07e-08	5.15e-08
 6.74948e+22	8.47e-01	1.53e-01	1.15e-04	3.73e-07	0.00e+00	0.00e+00	0.00e+00	0.00e+00	0.00e+00	8.47e-01	7.01e-08	5.09e-08
 6.75914e+22	8.54e-01	1.46e-01	1.04e-04	3.51e-07	0.00e+00	0.00e+00	0.00e+00	0.00e+00	0.00e+00	8.54e-01	6.94e-08	5.03e-08
 6.76913e+22	8.60e-01	1.40e-01	9.42e-05	3.30e-07	0.00e+00	0.00e+00	0.00e+00	0.00e+00	0.00e+00	8.60e-01	6.88e-08	4.97e-08
 6.77937e+22	8.65e-01	1.34e-01	8.56e-05	3.11e-07	0.00e+00	0.00e+00	0.00e+00	0.00e+00	0.00e+00	8.65e-01	6.83e-08	4.91e-08
 6.78966e+22	8.71e-01	1.29e-01	7.80e-05	2.92e-07	0.00e+00	0.00e+00	0.00e+00	0.00e+00	0.00e+00	8.71e-01	6.77e-08	4.85e-08
 6.80014e+22	8.76e-01	1.24e-01	7.13e-05	2.75e-07	0.00e+00	0.00e+00	0.00e+00	0.00e+00	0.00e+00	8.76e-01	6.72e-08	4.80e-08
 6.81102e+22	8.81e-01	1.18e-01	6.51e-05	2.59e-07	0.00e+00	0.00e+00	0.00e+00	0.00e+00	0.00e+00	8.81e-01	6.67e-08	4.74e-08
 6.82208e+22	8.86e-01	1.14e-01	5.98e-05	2.44e-07	0.00e+00	0.00e+00	0.00e+00	0.00e+00	0.00e+00	8.86e-01	6.61e-08	4.68e-08
 6.83309e+22	8.91e-01	1.09e-01	5.51e-05	2.31e-07	0.00e+00	0.00e+00	0.00e+00	0.00e+00	0.00e+00	8.91e-01	6.57e-08	4.63e-08
 6.84427e+22	8.95e-01	1.05e-01	5.09e-05	2.18e-07	0.00e+00	0.00e+00	0.00e+00	0.00e+00	0.00e+00	8.95e-01	6.53e-08	4.58e-08
 6.85591e+22	8.99e-01	1.01e-01	4.72e-05	2.06e-07	0.00e+00	0.00e+00	0.00e+00	0.00e+00	0.00e+00	8.99e-01	6.49e-08	4.53e-08
 6.86777e+22	9.03e-01	9.70e-02	4.38e-05	1.95e-07	0.00e+00	0.00e+00	0.00e+00	0.00e+00	0.00e+00	9.03e-01	6.46e-08	4.49e-08
 6.87978e+22	9.07e-01	9.33e-02	4.09e-05	1.85e-07	0.00e+00	0.00e+00	0.00e+00	0.00e+00	0.00e+00	9.07e-01	6.42e-08	4.45e-08
 6.89217e+22	9.10e-01	8.97e-02	3.82e-05	1.75e-07	0.00e+00	0.00e+00	0.00e+00	0.00e+00	0.00e+00	9.10e-01	6.39e-08	4.41e-08
 6.90493e+22	9.14e-01	8.63e-02	3.59e-05	1.65e-07	0.00e+00	0.00e+00	0.00e+00	0.00e+00	0.00e+00	9.14e-01	6.37e-08	4.37e-08
 6.91795e+22	9.17e-01	8.30e-02	3.37e-05	1.56e-07	0.00e+00	0.00e+00	0.00e+00	0.00e+00	0.00e+00	9.17e-01	6.34e-08	4.33e-08
 6.93124e+22	9.20e-01	7.97e-02	3.18e-05	1.48e-07	0.00e+00	0.00e+00	0.00e+00	0.00e+00	0.00e+00	9.20e-01	6.32e-08	4.29e-08
 6.94483e+22	9.23e-01	7.67e-02	3.02e-05	1.40e-07	0.00e+00	0.00e+00	0.00e+00	0.00e+00	0.00e+00	9.23e-01	6.30e-08	4.26e-08
 6.95844e+22	9.26e-01	7.39e-02	2.87e-05	1.33e-07	0.00e+00	0.00e+00	0.00e+00	0.00e+00	0.00e+00	9.26e-01	6.29e-08	4.22e-08
 6.97159e+22	9.29e-01	7.14e-02	2.75e-05	1.26e-07	0.00e+00	0.00e+00	0.00e+00	0.00e+00	0.00e+00	9.29e-01	6.28e-08	4.20e-08
 6.98404e+22	9.31e-01	6.91e-02	2.65e-05	0.00e+00	0.00e+00	0.00e+00	0.00e+00	0.00e+00	0.00e+00	9.31e-01	6.26e-08	4.17e-08
 6.99562e+22	9.33e-01	6.71e-02	2.57e-05	0.00e+00	0.00e+00	0.00e+00	0.00e+00	0.00e+00	0.00e+00	9.33e-01	6.24e-08	4.14e-08
 7.00648e+22	9.35e-01	6.53e-02	2.50e-05	0.00e+00	0.00e+00	0.00e+00	0.00e+00	0.00e+00	0.00e+00	9.35e-01	6.22e-08	4.11e-08
 7.01661e+22	9.36e-01	6.37e-02	2.44e-05	0.00e+00	0.00e+00	0.00e+00	0.00e+00	0.00e+00	0.00e+00	9.36e-01	6.21e-08	4.09e-08
 7.02645e+22	9.38e-01	6.21e-02	2.39e-05	0.00e+00	0.00e+00	0.00e+00	0.00e+00	0.00e+00	0.00e+00	9.38e-01	6.20e-08	4.07e-08
 7.03633e+22	9.39e-01	6.05e-02	2.34e-05	0.00e+00	0.00e+00	0.00e+00	0.00e+00	0.00e+00	0.00e+00	9.39e-01	6.19e-08	4.05e-08
 7.04573e+22	9.41e-01	5.91e-02	2.29e-05	0.00e+00	0.00e+00	0.00e+00	0.00e+00	0.00e+00	0.00e+00	9.41e-01	6.18e-08	4.04e-08
 7.05487e+22	9.42e-01	5.77e-02	2.25e-05	0.00e+00	0.00e+00	0.00e+00	0.00e+00	0.00e+00	0.00e+00	9.42e-01	6.18e-08	4.02e-08
 7.06384e+22	9.44e-01	5.63e-02	2.21e-05	0.00e+00	0.00e+00	0.00e+00	0.00e+00	0.00e+00	0.00e+00	9.44e-01	6.17e-08	4.00e-08
 7.07231e+22	9.45e-01	5.51e-02	2.18e-05	0.00e+00	0.00e+00	0.00e+00	0.00e+00	0.00e+00	0.00e+00	9.45e-01	6.16e-08	3.99e-08
 7.08053e+22	9.46e-01	5.39e-02	2.15e-05	0.00e+00	0.00e+00	0.00e+00	0.00e+00	0.00e+00	0.00e+00	9.46e-01	6.15e-08	3.97e-08
 7.08861e+22	9.47e-01	5.27e-02	2.12e-05	0.00e+00	0.00e+00	0.00e+00	0.00e+00	0.00e+00	0.00e+00	9.47e-01	6.14e-08	3.95e-08
 7.09620e+22	9.48e-01	5.17e-02	2.10e-05	0.00e+00	0.00e+00	0.00e+00	0.00e+00	0.00e+00	0.00e+00	9.48e-01	6.14e-08	3.94e-08
 7.10359e+22	9.49e-01	5.06e-02	2.07e-05	0.00e+00	0.00e+00	0.00e+00	0.00e+00	0.00e+00	0.00e+00	9.49e-01	6.13e-08	3.93e-08
 7.11077e+22	9.50e-01	4.96e-02	2.05e-05	0.00e+00	0.00e+00	0.00e+00	0.00e+00	0.00e+00	0.00e+00	9.50e-01	6.12e-08	3.91e-08
 7.11758e+22	9.51e-01	4.86e-02	2.03e-05	0.00e+00	0.00e+00	0.00e+00	0.00e+00	0.00e+00	0.00e+00	9.51e-01	6.12e-08	3.90e-08
 7.12425e+22	9.52e-01	4.77e-02	2.01e-05	0.00e+00	0.00e+00	0.00e+00	0.00e+00	0.00e+00	0.00e+00	9.52e-01	6.11e-08	3.89e-08
 7.13055e+22	9.53e-01	4.68e-02	1.99e-05	0.00e+00	0.00e+00	0.00e+00	0.00e+00	0.00e+00	0.00e+00	9.53e-01	6.10e-08	3.87e-08
 7.13628e+22	9.54e-01	4.60e-02	1.98e-05	0.00e+00	0.00e+00	0.00e+00	0.00e+00	0.00e+00	0.00e+00	9.54e-01	6.09e-08	3.86e-08
 7.14150e+22	9.55e-01	4.53e-02	1.96e-05	0.00e+00	0.00e+00	0.00e+00	0.00e+00	0.00e+00	0.00e+00	9.55e-01	6.08e-08	3.85e-08
 7.14625e+22	9.55e-01	4.46e-02	1.95e-05	0.00e+00	0.00e+00	0.00e+00	0.00e+00	0.00e+00	0.00e+00	9.55e-01	6.07e-08	3.83e-08
 7.15057e+22	9.56e-01	4.41e-02	1.94e-05	0.00e+00	0.00e+00	0.00e+00	0.00e+00	0.00e+00	0.00e+00	9.56e-01	6.06e-08	3.82e-08
 7.15450e+22	9.56e-01	4.35e-02	1.93e-05	0.00e+00	0.00e+00	0.00e+00	0.00e+00	0.00e+00	0.00e+00	9.56e-01	6.05e-08	3.81e-08
 7.15808e+22	9.57e-01	4.31e-02	1.92e-05	0.00e+00	0.00e+00	0.00e+00	0.00e+00	0.00e+00	0.00e+00	9.57e-01	6.05e-08	3.80e-08
 7.16200e+22	9.58e-01	4.24e-02	1.91e-05	0.00e+00	0.00e+00	0.00e+00	0.00e+00	0.00e+00	0.00e+00	9.58e-01	6.02e-08	3.79e-08
 7.16623e+22	9.58e-01	4.18e-02	1.90e-05	0.00e+00	0.00e+00	0.00e+00	0.00e+00	0.00e+00	0.00e+00	9.58e-01	5.99e-08	3.78e-08
 7.17008e+22	9.59e-01	4.13e-02	1.89e-05	0.00e+00	0.00e+00	0.00e+00	0.00e+00	0.00e+00	0.00e+00	9.59e-01	5.97e-08	3.77e-08
 7.17359e+22	9.59e-01	4.08e-02	1.88e-05	0.00e+00	0.00e+00	0.00e+00	0.00e+00	0.00e+00	0.00e+00	9.59e-01	5.94e-08	3.75e-08
 7.17678e+22	9.59e-01	4.05e-02	1.87e-05	0.00e+00	0.00e+00	0.00e+00	0.00e+00	0.00e+00	0.00e+00	9.59e-01	5.93e-08	3.75e-08
 7.18027e+22	9.60e-01	3.99e-02	1.86e-05	0.00e+00	0.00e+00	0.00e+00	0.00e+00	0.00e+00	0.00e+00	9.60e-01	5.92e-08	3.74e-08
 7.18481e+22	9.61e-01	3.92e-02	1.84e-05	0.00e+00	0.00e+00	0.00e+00	0.00e+00	0.00e+00	0.00e+00	9.61e-01	5.89e-08	3.73e-08
 7.18972e+22	9.61e-01	3.85e-02	1.83e-05	0.00e+00	0.00e+00	0.00e+00	0.00e+00	0.00e+00	0.00e+00	9.61e-01	5.86e-08	3.72e-08
 7.19418e+22	9.62e-01	3.78e-02	1.81e-05	0.00e+00	0.00e+00	0.00e+00	0.00e+00	0.00e+00	0.00e+00	9.62e-01	5.84e-08	3.70e-08
 7.19824e+22	9.63e-01	3.74e-02	1.80e-05	0.00e+00	0.00e+00	0.00e+00	0.00e+00	0.00e+00	0.00e+00	9.63e-01	5.82e-08	3.70e-08
 7.20194e+22	9.63e-01	3.69e-02	1.79e-05	0.00e+00	0.00e+00	0.00e+00	0.00e+00	0.00e+00	0.00e+00	9.63e-01	5.80e-08	3.69e-08
 7.20530e+22	9.63e-01	3.66e-02	1.78e-05	0.00e+00	0.00e+00	0.00e+00	0.00e+00	0.00e+00	0.00e+00	9.63e-01	5.80e-08	3.69e-08
 7.20899e+22	9.64e-01	3.62e-02	1.76e-05	0.00e+00	0.00e+00	0.00e+00	0.00e+00	0.00e+00	0.00e+00	9.64e-01	5.79e-08	3.68e-08
 7.21297e+22	9.64e-01	3.58e-02	1.75e-05	0.00e+00	0.00e+00	0.00e+00	0.00e+00	0.00e+00	0.00e+00	9.64e-01	5.78e-08	3.67e-08
 7.21733e+22	9.65e-01	3.52e-02	1.73e-05	0.00e+00	0.00e+00	0.00e+00	0.00e+00	0.00e+00	0.00e+00	9.65e-01	5.77e-08	3.67e-08
 7.22204e+22	9.65e-01	3.47e-02	1.72e-05	0.00e+00	0.00e+00	0.00e+00	0.00e+00	0.00e+00	0.00e+00	9.65e-01	5.75e-08	3.66e-08
 7.22632e+22	9.66e-01	3.42e-02	1.70e-05	0.00e+00	0.00e+00	0.00e+00	0.00e+00	0.00e+00	0.00e+00	9.66e-01	5.74e-08	3.65e-08
 7.23101e+22	9.66e-01	3.36e-02	1.69e-05	0.00e+00	0.00e+00	0.00e+00	0.00e+00	0.00e+00	0.00e+00	9.66e-01	5.73e-08	3.65e-08
 7.23608e+22	9.67e-01	3.30e-02	1.67e-05	0.00e+00	0.00e+00	0.00e+00	0.00e+00	0.00e+00	0.00e+00	9.67e-01	5.72e-08	3.64e-08
 7.24069e+22	9.67e-01	3.26e-02	1.65e-05	0.00e+00	0.00e+00	0.00e+00	0.00e+00	0.00e+00	0.00e+00	9.67e-01	5.71e-08	3.63e-08
 7.24489e+22	9.68e-01	3.21e-02	1.64e-05	0.00e+00	0.00e+00	0.00e+00	0.00e+00	0.00e+00	0.00e+00	9.68e-01	5.69e-08	3.62e-08
 7.24871e+22	9.68e-01	3.18e-02	1.63e-05	0.00e+00	0.00e+00	0.00e+00	0.00e+00	0.00e+00	0.00e+00	9.68e-01	5.68e-08	3.61e-08
 7.25289e+22	9.69e-01	3.13e-02	1.61e-05	0.00e+00	0.00e+00	0.00e+00	0.00e+00	0.00e+00	0.00e+00	9.69e-01	5.68e-08	3.61e-08
 7.25833e+22	9.69e-01	3.07e-02	1.58e-05	0.00e+00	0.00e+00	0.00e+00	0.00e+00	0.00e+00	0.00e+00	9.69e-01	5.66e-08	3.60e-08
 7.26421e+22	9.70e-01	3.00e-02	1.56e-05	0.00e+00	0.00e+00	0.00e+00	0.00e+00	0.00e+00	0.00e+00	9.70e-01	5.64e-08	3.59e-08
 7.26955e+22	9.71e-01	2.94e-02	1.54e-05	0.00e+00	0.00e+00	0.00e+00	0.00e+00	0.00e+00	0.00e+00	9.71e-01	5.63e-08	3.57e-08
 7.27441e+22	9.71e-01	2.90e-02	1.52e-05	0.00e+00	0.00e+00	0.00e+00	0.00e+00	0.00e+00	0.00e+00	9.71e-01	5.62e-08	3.56e-08
 7.27884e+22	9.71e-01	2.86e-02	1.50e-05	0.00e+00	0.00e+00	0.00e+00	0.00e+00	0.00e+00	0.00e+00	9.71e-01	5.60e-08	3.55e-08
 7.28287e+22	9.72e-01	2.82e-02	1.49e-05	0.00e+00	0.00e+00	0.00e+00	0.00e+00	0.00e+00	0.00e+00	9.72e-01	5.59e-08	3.54e-08
 7.28653e+22	9.72e-01	2.78e-02	1.47e-05	0.00e+00	0.00e+00	0.00e+00	0.00e+00	0.00e+00	0.00e+00	9.72e-01	5.58e-08	3.53e-08
 7.29055e+22	9.73e-01	2.74e-02	1.46e-05	0.00e+00	0.00e+00	0.00e+00	0.00e+00	0.00e+00	0.00e+00	9.73e-01	5.57e-08	3.52e-08
 7.29488e+22	9.73e-01	2.70e-02	1.44e-05	0.00e+00	0.00e+00	0.00e+00	0.00e+00	0.00e+00	0.00e+00	9.73e-01	5.55e-08	3.51e-08
 7.29883e+22	9.73e-01	2.66e-02	1.43e-05	0.00e+00	0.00e+00	0.00e+00	0.00e+00	0.00e+00	0.00e+00	9.73e-01	5.54e-08	3.50e-08
 7.30242e+22	9.74e-01	2.63e-02	1.42e-05	0.00e+00	0.00e+00	0.00e+00	0.00e+00	0.00e+00	0.00e+00	9.74e-01	5.53e-08	3.49e-08
 7.30568e+22	9.74e-01	2.61e-02	1.41e-05	0.00e+00	0.00e+00	0.00e+00	0.00e+00	0.00e+00	0.00e+00	9.74e-01	5.52e-08	3.48e-08
 7.30926e+22	9.74e-01	2.57e-02	1.39e-05	0.00e+00	0.00e+00	0.00e+00	0.00e+00	0.00e+00	0.00e+00	9.74e-01	5.51e-08	3.47e-08
 7.31392e+22	9.75e-01	2.52e-02	1.37e-05	0.00e+00	0.00e+00	0.00e+00	0.00e+00	0.00e+00	0.00e+00	9.75e-01	5.50e-08	3.46e-08
 7.31894e+22	9.75e-01	2.47e-02	1.36e-05	0.00e+00	0.00e+00	0.00e+00	0.00e+00	0.00e+00	0.00e+00	9.75e-01	5.48e-08	3.44e-08
 7.32352e+22	9.76e-01	2.43e-02	1.34e-05	0.00e+00	0.00e+00	0.00e+00	0.00e+00	0.00e+00	0.00e+00	9.76e-01	5.47e-08	3.43e-08
 7.32768e+22	9.76e-01	2.40e-02	1.33e-05	0.00e+00	0.00e+00	0.00e+00	0.00e+00	0.00e+00	0.00e+00	9.76e-01	5.45e-08	3.41e-08
 7.33146e+22	9.76e-01	2.38e-02	1.32e-05	0.00e+00	0.00e+00	0.00e+00	0.00e+00	0.00e+00	0.00e+00	9.76e-01	5.43e-08	3.40e-08
 7.33561e+22	9.77e-01	2.34e-02	1.31e-05	0.00e+00	0.00e+00	0.00e+00	0.00e+00	0.00e+00	0.00e+00	9.77e-01	5.39e-08	3.38e-08
 7.34101e+22	9.77e-01	2.29e-02	1.29e-05	0.00e+00	0.00e+00	0.00e+00	0.00e+00	0.00e+00	0.00e+00	9.77e-01	5.33e-08	3.34e-08
 7.34683e+22	9.77e-01	2.25e-02	1.27e-05	0.00e+00	0.00e+00	0.00e+00	0.00e+00	0.00e+00	0.00e+00	9.77e-01	5.28e-08	3.32e-08
 7.35213e+22	9.78e-01	2.21e-02	1.26e-05	0.00e+00	0.00e+00	0.00e+00	0.00e+00	0.00e+00	0.00e+00	9.78e-01	5.23e-08	3.28e-08
 7.35695e+22	9.78e-01	2.18e-02	1.24e-05	0.00e+00	0.00e+00	0.00e+00	0.00e+00	0.00e+00	0.00e+00	9.78e-01	5.17e-08	3.24e-08
 7.36134e+22	9.78e-01	2.16e-02	1.23e-05	0.00e+00	0.00e+00	0.00e+00	0.00e+00	0.00e+00	0.00e+00	9.78e-01	5.14e-08	3.22e-08
 7.36615e+22	9.79e-01	2.12e-02	1.22e-05	0.00e+00	0.00e+00	0.00e+00	0.00e+00	0.00e+00	0.00e+00	9.79e-01	5.10e-08	3.19e-08
 7.37240e+22	9.79e-01	2.07e-02	1.20e-05	0.00e+00	0.00e+00	0.00e+00	0.00e+00	0.00e+00	0.00e+00	9.79e-01	5.04e-08	3.14e-08
 7.37915e+22	9.80e-01	2.02e-02	1.19e-05	0.00e+00	0.00e+00	0.00e+00	0.00e+00	0.00e+00	0.00e+00	9.80e-01	4.99e-08	3.10e-08
 7.38529e+22	9.80e-01	1.98e-02	1.17e-05	0.00e+00	0.00e+00	0.00e+00	0.00e+00	0.00e+00	0.00e+00	9.80e-01	4.94e-08	3.05e-08
 7.39087e+22	9.80e-01	1.95e-02	1.16e-05	0.00e+00	0.00e+00	0.00e+00	0.00e+00	0.00e+00	0.00e+00	9.80e-01	4.90e-08	3.02e-08
 7.39596e+22	9.81e-01	1.93e-02	1.15e-05	0.00e+00	0.00e+00	0.00e+00	0.00e+00	0.00e+00	0.00e+00	9.81e-01	4.86e-08	2.99e-08
 7.40059e+22	9.81e-01	1.89e-02	1.14e-05	0.00e+00	0.00e+00	0.00e+00	0.00e+00	0.00e+00	0.00e+00	9.81e-01	4.80e-08	2.94e-08
 7.40480e+22	9.81e-01	1.88e-02	1.13e-05	0.00e+00	0.00e+00	0.00e+00	0.00e+00	0.00e+00	0.00e+00	9.81e-01	4.78e-08	2.93e-08
 7.40941e+22	9.81e-01	1.85e-02	1.12e-05	0.00e+00	0.00e+00	0.00e+00	0.00e+00	0.00e+00	0.00e+00	9.81e-01	4.74e-08	2.89e-08
 7.41440e+22	9.82e-01	1.82e-02	1.11e-05	0.00e+00	0.00e+00	0.00e+00	0.00e+00	0.00e+00	0.00e+00	9.82e-01	4.71e-08	2.87e-08
 7.41985e+22	9.82e-01	1.79e-02	1.09e-05	0.00e+00	0.00e+00	0.00e+00	0.00e+00	0.00e+00	0.00e+00	9.82e-01	4.65e-08	2.83e-08
 7.42575e+22	9.82e-01	1.75e-02	1.08e-05	0.00e+00	0.00e+00	0.00e+00	0.00e+00	0.00e+00	0.00e+00	9.82e-01	4.60e-08	2.79e-08
 7.43111e+22	9.83e-01	1.72e-02	1.07e-05	0.00e+00	0.00e+00	0.00e+00	0.00e+00	0.00e+00	0.00e+00	9.83e-01	4.53e-08	2.74e-08
 7.43599e+22	9.83e-01	1.70e-02	1.06e-05	0.00e+00	0.00e+00	0.00e+00	0.00e+00	0.00e+00	0.00e+00	9.83e-01	4.52e-08	2.73e-08
 7.44134e+22	9.83e-01	1.67e-02	1.05e-05	0.00e+00	0.00e+00	0.00e+00	0.00e+00	0.00e+00	0.00e+00	9.83e-01	4.46e-08	2.69e-08
 7.44711e+22	9.84e-01	1.64e-02	1.04e-05	0.00e+00	0.00e+00	0.00e+00	0.00e+00	0.00e+00	0.00e+00	9.84e-01	4.41e-08	2.65e-08
 7.45237e+22	9.84e-01	1.62e-02	1.03e-05	0.00e+00	0.00e+00	0.00e+00	0.00e+00	0.00e+00	0.00e+00	9.84e-01	4.38e-08	2.62e-08
 7.45812e+22	9.84e-01	1.59e-02	1.02e-05	0.00e+00	0.00e+00	0.00e+00	0.00e+00	0.00e+00	0.00e+00	9.84e-01	4.31e-08	2.57e-08
 7.46434e+22	9.84e-01	1.55e-02	1.01e-05	0.00e+00	0.00e+00	0.00e+00	0.00e+00	0.00e+00	0.00e+00	9.84e-01	4.26e-08	2.53e-08
 7.47000e+22	9.85e-01	1.53e-02	9.95e-06	0.00e+00	0.00e+00	0.00e+00	0.00e+00	0.00e+00	0.00e+00	9.85e-01	4.19e-08	2.49e-08
 7.47514e+22	9.85e-01	1.51e-02	9.87e-06	0.00e+00	0.00e+00	0.00e+00	0.00e+00	0.00e+00	0.00e+00	9.85e-01	4.17e-08	2.47e-08
 7.48078e+22	9.85e-01	1.48e-02	9.76e-06	0.00e+00	0.00e+00	0.00e+00	0.00e+00	0.00e+00	0.00e+00	9.85e-01	4.12e-08	2.43e-08
 7.48687e+22	9.85e-01	1.45e-02	9.66e-06	0.00e+00	0.00e+00	0.00e+00	0.00e+00	0.00e+00	0.00e+00	9.85e-01	4.07e-08	2.39e-08
 7.49241e+22	9.86e-01	1.43e-02	9.57e-06	0.00e+00	0.00e+00	0.00e+00	0.00e+00	0.00e+00	0.00e+00	9.86e-01	4.03e-08	2.36e-08
 7.49848e+22	9.86e-01	1.40e-02	9.46e-06	0.00e+00	0.00e+00	0.00e+00	0.00e+00	0.00e+00	0.00e+00	9.86e-01	3.97e-08	2.31e-08
 7.50504e+22	9.86e-01	1.37e-02	9.35e-06	0.00e+00	0.00e+00	0.00e+00	0.00e+00	0.00e+00	0.00e+00	9.86e-01	3.92e-08	2.28e-08
 7.51100e+22	9.86e-01	1.35e-02	9.26e-06	0.00e+00	0.00e+00	0.00e+00	0.00e+00	0.00e+00	0.00e+00	9.86e-01	3.89e-08	2.25e-08
 7.51754e+22	9.87e-01	1.32e-02	9.15e-06	0.00e+00	0.00e+00	0.00e+00	0.00e+00	0.00e+00	0.00e+00	9.87e-01	3.83e-08	2.21e-08
 7.52460e+22	9.87e-01	1.30e-02	9.04e-06	0.00e+00	0.00e+00	0.00e+00	0.00e+00	0.00e+00	0.00e+00	9.87e-01	3.79e-08	2.18e-08
 7.53102e+22	9.87e-01	1.27e-02	8.95e-06	0.00e+00	0.00e+00	0.00e+00	0.00e+00	0.00e+00	0.00e+00	9.87e-01	3.75e-08	2.15e-08
 7.53686e+22	9.87e-01	1.26e-02	8.87e-06	0.00e+00	0.00e+00	0.00e+00	0.00e+00	0.00e+00	0.00e+00	9.87e-01	3.71e-08	2.12e-08
 7.54326e+22	9.88e-01	1.23e-02	8.77e-06	0.00e+00	0.00e+00	0.00e+00	0.00e+00	0.00e+00	0.00e+00	9.88e-01	3.66e-08	2.09e-08
 7.55018e+22	9.88e-01	1.20e-02	8.67e-06	0.00e+00	0.00e+00	0.00e+00	0.00e+00	0.00e+00	0.00e+00	9.88e-01	3.60e-08	2.04e-08
 7.55647e+22	9.88e-01	1.19e-02	8.59e-06	0.00e+00	0.00e+00	0.00e+00	0.00e+00	0.00e+00	0.00e+00	9.88e-01	3.58e-08	2.02e-08
 7.56336e+22	9.88e-01	1.16e-02	8.48e-06	0.00e+00	0.00e+00	0.00e+00	0.00e+00	0.00e+00	0.00e+00	9.88e-01	3.53e-08	1.98e-08
 7.57080e+22	9.89e-01	1.13e-02	8.38e-06	0.00e+00	0.00e+00	0.00e+00	0.00e+00	0.00e+00	0.00e+00	9.89e-01	3.47e-08	1.93e-08
 7.57757e+22	9.89e-01	1.11e-02	8.30e-06	0.00e+00	0.00e+00	0.00e+00	0.00e+00	0.00e+00	0.00e+00	9.89e-01	3.45e-08	1.91e-08
 7.58500e+22	9.89e-01	1.09e-02	8.19e-06	0.00e+00	0.00e+00	0.00e+00	0.00e+00	0.00e+00	0.00e+00	9.89e-01	3.40e-08	1.87e-08
 7.59301e+22	9.89e-01	1.06e-02	8.09e-06	0.00e+00	0.00e+00	0.00e+00	0.00e+00	0.00e+00	0.00e+00	9.89e-01	3.33e-08	1.82e-08
 7.60030e+22	9.90e-01	1.04e-02	8.01e-06	0.00e+00	0.00e+00	0.00e+00	0.00e+00	0.00e+00	0.00e+00	9.90e-01	3.30e-08	1.80e-08
 7.60829e+22	9.90e-01	1.02e-02	7.90e-06	0.00e+00	0.00e+00	0.00e+00	0.00e+00	0.00e+00	0.00e+00	9.90e-01	3.25e-08	1.76e-08
 7.61691e+22	9.90e-01	9.95e-03	7.80e-06	0.00e+00	0.00e+00	0.00e+00	0.00e+00	0.00e+00	0.00e+00	9.90e-01	3.20e-08	1.73e-08
 7.62476e+22	9.90e-01	9.74e-03	7.71e-06	0.00e+00	0.00e+00	0.00e+00	0.00e+00	0.00e+00	0.00e+00	9.90e-01	3.15e-08	1.69e-08
 7.63190e+22	9.90e-01	9.58e-03	7.63e-06	0.00e+00	0.00e+00	0.00e+00	0.00e+00	0.00e+00	0.00e+00	9.90e-01	3.12e-08	1.66e-08
 7.63973e+22	9.91e-01	9.36e-03	7.53e-06	0.00e+00	0.00e+00	0.00e+00	0.00e+00	0.00e+00	0.00e+00	9.91e-01	3.07e-08	1.63e-08
 7.64818e+22	9.91e-01	9.11e-03	7.44e-06	0.00e+00	0.00e+00	0.00e+00	0.00e+00	0.00e+00	0.00e+00	9.91e-01	3.01e-08	1.59e-08
 7.65586e+22	9.91e-01	8.95e-03	7.36e-06	0.00e+00	0.00e+00	0.00e+00	0.00e+00	0.00e+00	0.00e+00	9.91e-01	2.98e-08	1.57e-08
 7.66429e+22	9.91e-01	8.74e-03	7.26e-06	0.00e+00	0.00e+00	0.00e+00	0.00e+00	0.00e+00	0.00e+00	9.91e-01	2.94e-08	1.53e-08
 7.67339e+22	9.92e-01	8.49e-03	7.17e-06	0.00e+00	0.00e+00	0.00e+00	0.00e+00	0.00e+00	0.00e+00	9.92e-01	2.88e-08	1.49e-08
 7.68166e+22	9.92e-01	8.34e-03	7.09e-06	0.00e+00	0.00e+00	0.00e+00	0.00e+00	0.00e+00	0.00e+00	9.92e-01	2.85e-08	1.47e-08
 7.69073e+22	9.92e-01	8.13e-03	6.98e-06	0.00e+00	0.00e+00	0.00e+00	0.00e+00	0.00e+00	0.00e+00	9.92e-01	2.80e-08	1.44e-08
 7.70052e+22	9.92e-01	7.88e-03	6.89e-06	0.00e+00	0.00e+00	0.00e+00	0.00e+00	0.00e+00	0.00e+00	9.92e-01	2.75e-08	1.39e-08
 7.70943e+22	9.92e-01	7.73e-03	6.81e-06	0.00e+00	0.00e+00	0.00e+00	0.00e+00	0.00e+00	0.00e+00	9.92e-01	2.72e-08	1.37e-08
 7.71920e+22	9.92e-01	7.52e-03	6.70e-06	0.00e+00	0.00e+00	0.00e+00	0.00e+00	0.00e+00	0.00e+00	9.92e-01	2.67e-08	1.34e-08
 7.72974e+22	9.93e-01	7.31e-03	6.61e-06	0.00e+00	0.00e+00	0.00e+00	0.00e+00	0.00e+00	0.00e+00	9.93e-01	2.63e-08	1.31e-08
 7.73933e+22	9.93e-01	7.13e-03	6.53e-06	0.00e+00	0.00e+00	0.00e+00	0.00e+00	0.00e+00	0.00e+00	9.93e-01	2.59e-08	1.28e-08
 7.74806e+22	9.93e-01	6.99e-03	6.45e-06	0.00e+00	0.00e+00	0.00e+00	0.00e+00	0.00e+00	0.00e+00	9.93e-01	2.55e-08	1.25e-08
 7.75763e+22	9.93e-01	6.80e-03	6.36e-06	0.00e+00	0.00e+00	0.00e+00	0.00e+00	0.00e+00	0.00e+00	9.93e-01	2.51e-08	1.22e-08
 7.76795e+22	9.93e-01	6.60e-03	6.27e-06	0.00e+00	0.00e+00	0.00e+00	0.00e+00	0.00e+00	0.00e+00	9.93e-01	2.46e-08	1.19e-08
 7.77735e+22	9.94e-01	6.46e-03	6.19e-06	0.00e+00	0.00e+00	0.00e+00	0.00e+00	0.00e+00	0.00e+00	9.94e-01	2.43e-08	1.16e-08
 7.78765e+22	9.94e-01	6.29e-03	6.10e-06	0.00e+00	0.00e+00	0.00e+00	0.00e+00	0.00e+00	0.00e+00	9.94e-01	2.39e-08	1.13e-08
 7.79876e+22	9.94e-01	6.10e-03	6.01e-06	0.00e+00	0.00e+00	0.00e+00	0.00e+00	0.00e+00	0.00e+00	9.94e-01	2.34e-08	1.10e-08
 7.80888e+22	9.94e-01	5.96e-03	5.94e-06	0.00e+00	0.00e+00	0.00e+00	0.00e+00	0.00e+00	0.00e+00	9.94e-01	2.31e-08	1.08e-08
 7.81996e+22	9.94e-01	5.80e-03	5.84e-06	0.00e+00	0.00e+00	0.00e+00	0.00e+00	0.00e+00	0.00e+00	9.94e-01	2.27e-08	1.05e-08
 7.83193e+22	9.94e-01	5.62e-03	5.75e-06	0.00e+00	0.00e+00	0.00e+00	0.00e+00	0.00e+00	0.00e+00	9.94e-01	2.23e-08	1.02e-08
 7.84282e+22	9.95e-01	5.47e-03	5.67e-06	0.00e+00	0.00e+00	0.00e+00	0.00e+00	0.00e+00	0.00e+00	9.95e-01	2.19e-08	9.90e-09
 7.85273e+22	9.95e-01	5.36e-03	5.60e-06	0.00e+00	0.00e+00	0.00e+00	0.00e+00	0.00e+00	0.00e+00	9.95e-01	2.16e-08	9.69e-09
 7.86359e+22	9.95e-01	5.21e-03	5.51e-06	0.00e+00	0.00e+00	0.00e+00	0.00e+00	0.00e+00	0.00e+00	9.95e-01	2.12e-08	9.41e-09
 7.87531e+22	9.95e-01	5.05e-03	5.43e-06	0.00e+00	0.00e+00	0.00e+00	0.00e+00	0.00e+00	0.00e+00	9.95e-01	2.08e-08	9.14e-09
 7.88598e+22	9.95e-01	4.91e-03	5.36e-06	0.00e+00	0.00e+00	0.00e+00	0.00e+00	0.00e+00	0.00e+00	9.95e-01	2.05e-08	8.89e-09
 7.89767e+22	9.95e-01	4.70e-03	5.27e-06	0.00e+00	0.00e+00	0.00e+00	0.00e+00	0.00e+00	0.00e+00	9.95e-01	2.01e-08	8.62e-09
 7.91287e+22	9.96e-01	4.32e-03	5.15e-06	0.00e+00	0.00e+00	0.00e+00	0.00e+00	0.00e+00	0.00e+00	9.96e-01	1.95e-08	8.22e-09
 7.92992e+22	9.96e-01	4.04e-03	5.04e-06	0.00e+00	0.00e+00	0.00e+00	0.00e+00	0.00e+00	0.00e+00	9.96e-01	1.90e-08	7.84e-09
 7.94690e+22	9.96e-01	3.82e-03	4.93e-06	0.00e+00	0.00e+00	0.00e+00	0.00e+00	0.00e+00	0.00e+00	9.96e-01	1.85e-08	7.48e-09
 7.96419e+22	9.96e-01	3.61e-03	4.82e-06	0.00e+00	0.00e+00	0.00e+00	0.00e+00	0.00e+00	0.00e+00	9.96e-01	1.80e-08	7.12e-09
 7.98180e+22	9.97e-01	3.40e-03	4.71e-06	0.00e+00	0.00e+00	0.00e+00	0.00e+00	0.00e+00	0.00e+00	9.97e-01	1.74e-08	6.78e-09
 7.99965e+22	9.97e-01	3.20e-03	4.61e-06	0.00e+00	0.00e+00	0.00e+00	0.00e+00	0.00e+00	0.00e+00	9.97e-01	1.69e-08	6.44e-09
 8.01775e+22	9.97e-01	3.00e-03	4.50e-06	0.00e+00	0.00e+00	0.00e+00	0.00e+00	0.00e+00	0.00e+00	9.97e-01	1.64e-08	6.11e-09
 8.03607e+22	9.97e-01	2.81e-03	4.40e-06	0.00e+00	0.00e+00	0.00e+00	0.00e+00	0.00e+00	0.00e+00	9.97e-01	1.59e-08	5.79e-09
 8.05460e+22	9.97e-01	2.63e-03	4.30e-06	0.00e+00	0.00e+00	0.00e+00	0.00e+00	0.00e+00	0.00e+00	9.97e-01	1.54e-08	5.47e-09
 8.07335e+22	9.98e-01	2.46e-03	4.20e-06	0.00e+00	0.00e+00	0.00e+00	0.00e+00	0.00e+00	0.00e+00	9.98e-01	1.49e-08	5.18e-09
 8.09231e+22	9.98e-01	2.30e-03	4.10e-06	0.00e+00	0.00e+00	0.00e+00	0.00e+00	0.00e+00	0.00e+00	9.98e-01	1.44e-08	4.90e-09
 8.11147e+22	9.98e-01	2.14e-03	4.00e-06	0.00e+00	0.00e+00	0.00e+00	0.00e+00	0.00e+00	0.00e+00	9.98e-01	1.39e-08	4.62e-09
 8.13082e+22	9.98e-01	1.99e-03	3.91e-06	0.00e+00	0.00e+00	0.00e+00	0.00e+00	0.00e+00	0.00e+00	9.98e-01	1.34e-08	4.36e-09
 8.15037e+22	9.98e-01	1.84e-03	3.82e-06	0.00e+00	0.00e+00	0.00e+00	0.00e+00	0.00e+00	0.00e+00	9.98e-01	1.29e-08	4.10e-09
 8.17010e+22	9.98e-01	1.71e-03	3.72e-06	0.00e+00	0.00e+00	0.00e+00	0.00e+00	0.00e+00	0.00e+00	9.98e-01	1.24e-08	3.85e-09
 8.18998e+22	9.98e-01	1.58e-03	3.63e-06	0.00e+00	0.00e+00	0.00e+00	0.00e+00	0.00e+00	0.00e+00	9.98e-01	1.20e-08	3.61e-09
 8.21002e+22	9.99e-01	1.46e-03	3.55e-06	0.00e+00	0.00e+00	0.00e+00	0.00e+00	0.00e+00	0.00e+00	9.99e-01	1.15e-08	3.37e-09
 8.23022e+22	9.99e-01	1.34e-03	3.46e-06	0.00e+00	0.00e+00	0.00e+00	0.00e+00	0.00e+00	0.00e+00	9.99e-01	1.10e-08	3.15e-09
 8.25061e+22	9.99e-01	1.23e-03	3.37e-06	0.00e+00	0.00e+00	0.00e+00	0.00e+00	0.00e+00	0.00e+00	9.99e-01	1.05e-08	2.94e-09
 8.27119e+22	9.99e-01	1.13e-03	3.29e-06	0.00e+00	0.00e+00	0.00e+00	0.00e+00	0.00e+00	0.00e+00	9.99e-01	1.01e-08	2.73e-09
 8.29192e+22	9.99e-01	1.04e-03	3.21e-06	0.00e+00	0.00e+00	0.00e+00	0.00e+00	0.00e+00	0.00e+00	9.99e-01	9.64e-09	2.53e-09
 8.31282e+22	9.99e-01	9.47e-04	3.13e-06	0.00e+00	0.00e+00	0.00e+00	0.00e+00	0.00e+00	0.00e+00	9.99e-01	9.20e-09	2.34e-09
 8.33387e+22	9.99e-01	8.63e-04	3.05e-06	0.00e+00	0.00e+00	0.00e+00	0.00e+00	0.00e+00	0.00e+00	9.99e-01	8.76e-09	2.17e-09
 8.35510e+22	9.99e-01	7.86e-04	2.97e-06	0.00e+00	0.00e+00	0.00e+00	0.00e+00	0.00e+00	0.00e+00	9.99e-01	8.35e-09	2.00e-09
