#depth	Ne	Ne+	Ne+2	Ne+3	Ne+4	Ne+5	Ne+6	Ne+7	Ne+8	Ne+9	Ne+10
 4.62852e+21	0.00e+00	0.00e+00	0.00e+00	0.00e+00	1.03e-24	4.70e-20	8.16e-16	9.26e-12	3.63e-07	1.20e-03	9.99e-01
 1.05275e+22	0.00e+00	0.00e+00	0.00e+00	6.41e-29	8.44e-24	2.70e-19	3.42e-15	2.72e-11	7.44e-07	1.72e-03	9.98e-01
 1.26482e+22	0.00e+00	0.00e+00	0.00e+00	3.34e-28	3.48e-23	8.81e-19	8.81e-15	5.54e-11	1.20e-06	2.18e-03	9.98e-01
 1.41786e+22	0.00e+00	0.00e+00	0.00e+00	1.23e-27	1.06e-22	2.25e-18	1.87e-14	9.76e-11	1.75e-06	2.63e-03	9.97e-01
 1.50669e+22	0.00e+00	0.00e+00	0.00e+00	1.84e-27	1.50e-22	3.01e-18	2.36e-14	1.16e-10	1.96e-06	2.79e-03	9.97e-01
 1.54769e+22	0.00e+00	0.00e+00	8.08e-33	2.72e-27	2.10e-22	3.98e-18	2.95e-14	1.38e-10	2.20e-06	2.95e-03	9.97e-01
 1.58745e+22	0.00e+00	0.00e+00	1.22e-32	3.90e-27	2.86e-22	5.15e-18	3.63e-14	1.61e-10	2.44e-06	3.11e-03	9.97e-01
 1.63249e+22	0.00e+00	0.00e+00	2.12e-32	6.35e-27	4.34e-22	7.30e-18	4.80e-14	1.98e-10	2.80e-06	3.33e-03	9.97e-01
 1.67779e+22	0.00e+00	0.00e+00	3.26e-32	9.23e-27	5.98e-22	9.54e-18	5.96e-14	2.33e-10	3.12e-06	3.52e-03	9.96e-01
 1.72343e+22	0.00e+00	0.00e+00	5.64e-32	1.49e-26	9.04e-22	1.35e-17	7.86e-14	2.87e-10	3.59e-06	3.77e-03	9.96e-01
 1.76928e+22	0.00e+00	0.00e+00	8.81e-32	2.21e-26	1.26e-21	1.78e-17	9.83e-14	3.40e-10	4.02e-06	3.99e-03	9.96e-01
 1.80923e+22	0.00e+00	0.00e+00	1.35e-31	3.21e-26	1.75e-21	2.33e-17	1.22e-13	4.00e-10	4.48e-06	4.21e-03	9.96e-01
 1.85500e+22	0.00e+00	0.00e+00	2.35e-31	5.22e-26	2.65e-21	3.30e-17	1.61e-13	4.94e-10	5.15e-06	4.52e-03	9.95e-01
 1.90070e+22	0.00e+00	0.00e+00	3.64e-31	7.66e-26	3.68e-21	4.34e-17	2.01e-13	5.83e-10	5.75e-06	4.77e-03	9.95e-01
 1.93715e+22	0.00e+00	0.00e+00	5.33e-31	1.07e-25	4.90e-21	5.51e-17	2.44e-13	6.73e-10	6.33e-06	5.01e-03	9.95e-01
 1.97016e+22	0.00e+00	0.00e+00	7.61e-31	1.46e-25	6.40e-21	6.89e-17	2.92e-13	7.71e-10	6.93e-06	5.24e-03	9.95e-01
 2.00783e+22	0.00e+00	0.00e+00	1.16e-30	2.12e-25	8.80e-21	8.99e-17	3.61e-13	9.06e-10	7.72e-06	5.53e-03	9.94e-01
 2.04733e+22	0.00e+00	0.00e+00	1.75e-30	3.03e-25	1.20e-20	1.16e-16	4.43e-13	1.06e-09	8.56e-06	5.82e-03	9.94e-01
 2.08205e+22	0.00e+00	0.00e+00	2.52e-30	4.18e-25	1.58e-20	1.46e-16	5.33e-13	1.22e-09	9.39e-06	6.10e-03	9.94e-01
 2.12004e+22	0.00e+00	0.00e+00	3.88e-30	6.10e-25	2.18e-20	1.92e-16	6.63e-13	1.43e-09	1.05e-05	6.44e-03	9.94e-01
 2.16005e+22	0.00e+00	0.00e+00	5.87e-30	8.76e-25	2.98e-20	2.49e-16	8.17e-13	1.68e-09	1.16e-05	6.78e-03	9.93e-01
 2.19493e+22	0.00e+00	0.00e+00	8.46e-30	1.21e-24	3.92e-20	3.13e-16	9.83e-13	1.93e-09	1.28e-05	7.11e-03	9.93e-01
 2.23252e+22	0.00e+00	0.00e+00	1.29e-29	1.75e-24	5.40e-20	4.09e-16	1.22e-12	2.27e-09	1.42e-05	7.50e-03	9.92e-01
 2.26918e+22	0.00e+00	0.00e+00	1.86e-29	2.41e-24	7.10e-20	5.13e-16	1.46e-12	2.60e-09	1.56e-05	7.85e-03	9.92e-01
 2.29816e+22	0.00e+00	0.00e+00	2.51e-29	3.14e-24	8.90e-20	6.20e-16	1.70e-12	2.92e-09	1.68e-05	8.15e-03	9.92e-01
 2.32932e+22	0.00e+00	0.00e+00	3.56e-29	4.26e-24	1.16e-19	7.72e-16	2.03e-12	3.33e-09	1.84e-05	8.52e-03	9.91e-01
 2.36336e+22	0.00e+00	0.00e+00	5.01e-29	5.74e-24	1.50e-19	9.59e-16	2.42e-12	3.80e-09	2.01e-05	8.90e-03	9.91e-01
 2.39477e+22	0.00e+00	0.00e+00	6.95e-29	7.65e-24	1.92e-19	1.18e-15	2.86e-12	4.31e-09	2.18e-05	9.28e-03	9.91e-01
 2.42438e+22	0.00e+00	0.00e+00	9.54e-29	1.01e-23	2.43e-19	1.44e-15	3.35e-12	4.86e-09	2.37e-05	9.66e-03	9.90e-01
 2.45799e+22	0.00e+00	0.00e+00	1.38e-28	1.40e-23	3.22e-19	1.82e-15	4.04e-12	5.60e-09	2.60e-05	1.01e-02	9.90e-01
 2.49336e+22	0.00e+00	0.00e+00	1.99e-28	1.92e-23	4.24e-19	2.29e-15	4.86e-12	6.44e-09	2.85e-05	1.06e-02	9.89e-01
 2.52431e+22	0.00e+00	0.00e+00	2.75e-28	2.56e-23	5.41e-19	2.80e-15	5.73e-12	7.29e-09	3.10e-05	1.10e-02	9.89e-01
 2.55132e+22	0.00e+00	0.00e+00	3.66e-28	3.28e-23	6.70e-19	3.35e-15	6.62e-12	8.12e-09	3.33e-05	1.15e-02	9.89e-01
 2.57614e+22	0.00e+00	0.00e+00	4.72e-28	4.10e-23	8.12e-19	3.93e-15	7.53e-12	8.95e-09	3.56e-05	1.18e-02	9.88e-01
 2.60464e+22	0.00e+00	0.00e+00	6.43e-28	5.38e-23	1.02e-18	4.78e-15	8.81e-12	1.01e-08	3.85e-05	1.23e-02	9.88e-01
 2.63556e+22	0.00e+00	1.51e-33	8.82e-28	7.10e-23	1.30e-18	5.83e-15	1.03e-11	1.14e-08	4.17e-05	1.28e-02	9.87e-01
 2.66383e+22	0.00e+00	2.11e-33	1.19e-27	9.21e-23	1.63e-18	7.03e-15	1.20e-11	1.27e-08	4.50e-05	1.33e-02	9.87e-01
 2.69054e+22	0.00e+00	2.91e-33	1.58e-27	1.18e-22	2.02e-18	8.41e-15	1.39e-11	1.42e-08	4.84e-05	1.38e-02	9.86e-01
 2.71683e+22	0.00e+00	3.97e-33	2.08e-27	1.51e-22	2.48e-18	1.00e-14	1.60e-11	1.58e-08	5.19e-05	1.43e-02	9.86e-01
 2.74686e+22	0.00e+00	5.73e-33	2.89e-27	2.01e-22	3.18e-18	1.23e-14	1.89e-11	1.79e-08	5.65e-05	1.49e-02	9.85e-01
 2.77832e+22	0.00e+00	8.25e-33	4.00e-27	2.67e-22	4.06e-18	1.51e-14	2.22e-11	2.03e-08	6.13e-05	1.55e-02	9.84e-01
 2.80558e+22	0.00e+00	1.13e-32	5.31e-27	3.43e-22	5.03e-18	1.81e-14	2.57e-11	2.26e-08	6.59e-05	1.61e-02	9.84e-01
 2.82963e+22	0.00e+00	1.51e-32	6.84e-27	4.28e-22	6.09e-18	2.12e-14	2.92e-11	2.49e-08	7.03e-05	1.66e-02	9.83e-01
 2.85559e+22	0.00e+00	2.08e-32	9.12e-27	5.51e-22	7.57e-18	2.54e-14	3.38e-11	2.78e-08	7.57e-05	1.72e-02	9.83e-01
 2.88324e+22	0.00e+00	2.83e-32	1.20e-26	7.00e-22	9.30e-18	3.02e-14	3.88e-11	3.09e-08	8.12e-05	1.78e-02	9.82e-01
 2.90857e+22	0.00e+00	3.81e-32	1.56e-26	8.82e-22	1.13e-17	3.57e-14	4.44e-11	3.42e-08	8.68e-05	1.84e-02	9.81e-01
 2.93326e+22	0.00e+00	5.10e-32	2.03e-26	1.11e-21	1.38e-17	4.21e-14	5.07e-11	3.78e-08	9.29e-05	1.90e-02	9.81e-01
 2.96163e+22	0.00e+00	7.21e-32	2.76e-26	1.46e-21	1.74e-17	5.11e-14	5.94e-11	4.26e-08	1.01e-04	1.98e-02	9.80e-01
 2.99144e+22	0.00e+00	1.02e-31	3.75e-26	1.91e-21	2.20e-17	6.21e-14	6.94e-11	4.79e-08	1.09e-04	2.06e-02	9.79e-01
 3.01645e+22	0.00e+00	1.36e-31	4.86e-26	2.39e-21	2.67e-17	7.31e-14	7.91e-11	5.29e-08	1.16e-04	2.13e-02	9.79e-01
 3.04231e+22	0.00e+00	1.88e-31	6.48e-26	3.08e-21	3.32e-17	8.77e-14	9.17e-11	5.91e-08	1.25e-04	2.21e-02	9.78e-01
 3.06996e+22	0.00e+00	2.58e-31	8.59e-26	3.94e-21	4.11e-17	1.05e-13	1.06e-10	6.58e-08	1.34e-04	2.29e-02	9.77e-01
 3.09514e+22	0.00e+00	3.46e-31	1.12e-25	4.96e-21	5.00e-17	1.24e-13	1.21e-10	7.28e-08	1.44e-04	2.36e-02	9.76e-01
 3.12309e+22	0.00e+00	4.90e-31	1.52e-25	6.50e-21	6.32e-17	1.50e-13	1.41e-10	8.20e-08	1.56e-04	2.46e-02	9.75e-01
 3.15098e+22	0.00e+00	6.71e-31	2.01e-25	8.31e-21	7.80e-17	1.79e-13	1.63e-10	9.12e-08	1.67e-04	2.55e-02	9.74e-01
 3.17372e+22	0.00e+00	8.76e-31	2.55e-25	1.02e-20	9.33e-17	2.08e-13	1.84e-10	9.99e-08	1.78e-04	2.62e-02	9.74e-01
 3.19822e+22	0.00e+00	1.19e-30	3.34e-25	1.30e-20	1.15e-16	2.47e-13	2.11e-10	1.11e-07	1.90e-04	2.72e-02	9.73e-01
 3.22491e+22	0.00e+00	1.63e-30	4.42e-25	1.66e-20	1.42e-16	2.95e-13	2.44e-10	1.24e-07	2.05e-04	2.81e-02	9.72e-01
 3.24961e+22	0.00e+00	2.16e-30	5.69e-25	2.07e-20	1.71e-16	3.46e-13	2.77e-10	1.36e-07	2.18e-04	2.91e-02	9.71e-01
 3.27687e+22	0.00e+00	3.03e-30	7.71e-25	2.70e-20	2.15e-16	4.19e-13	3.23e-10	1.53e-07	2.36e-04	3.02e-02	9.70e-01
 3.30479e+22	0.00e+00	4.18e-30	1.03e-24	3.47e-20	2.67e-16	5.02e-13	3.74e-10	1.71e-07	2.54e-04	3.13e-02	9.68e-01
 3.32801e+22	0.00e+00	5.50e-30	1.31e-24	4.30e-20	3.21e-16	5.86e-13	4.23e-10	1.87e-07	2.70e-04	3.23e-02	9.67e-01
 3.35264e+22	0.00e+00	7.51e-30	1.73e-24	5.49e-20	3.96e-16	6.98e-13	4.87e-10	2.08e-07	2.90e-04	3.34e-02	9.66e-01
 3.37918e+22	0.00e+00	1.02e-29	2.27e-24	6.98e-20	4.87e-16	8.30e-13	5.60e-10	2.32e-07	3.11e-04	3.46e-02	9.65e-01
 3.40367e+22	0.00e+00	1.37e-29	2.95e-24	8.77e-20	5.93e-16	9.79e-13	6.40e-10	2.56e-07	3.32e-04	3.57e-02	9.64e-01
 3.43097e+22	0.00e+00	1.94e-29	4.02e-24	1.15e-19	7.49e-16	1.19e-12	7.49e-10	2.88e-07	3.60e-04	3.72e-02	9.62e-01
 3.45952e+22	0.00e+00	2.76e-29	5.50e-24	1.52e-19	9.48e-16	1.45e-12	8.77e-10	3.25e-07	3.89e-04	3.86e-02	9.61e-01
 3.48293e+22	0.00e+00	3.58e-29	6.92e-24	1.86e-19	1.13e-15	1.68e-12	9.87e-10	3.55e-07	4.13e-04	3.98e-02	9.60e-01
 3.50662e+22	0.00e+00	4.91e-29	9.17e-24	2.37e-19	1.40e-15	2.01e-12	1.14e-09	3.95e-07	4.44e-04	4.12e-02	9.58e-01
 3.53218e+22	0.00e+00	6.63e-29	1.20e-23	3.00e-19	1.71e-15	2.38e-12	1.30e-09	4.37e-07	4.75e-04	4.26e-02	9.57e-01
 3.55621e+22	0.00e+00	8.92e-29	1.56e-23	3.78e-19	2.08e-15	2.80e-12	1.49e-09	4.83e-07	5.08e-04	4.40e-02	9.56e-01
 3.58350e+22	0.00e+00	1.28e-28	2.14e-23	5.00e-19	2.65e-15	3.43e-12	1.75e-09	5.46e-07	5.51e-04	4.58e-02	9.54e-01
 3.61041e+22	0.00e+00	1.78e-28	2.88e-23	6.47e-19	3.30e-15	4.13e-12	2.03e-09	6.10e-07	5.93e-04	4.74e-02	9.52e-01
 3.63168e+22	0.00e+00	2.30e-28	3.61e-23	7.90e-19	3.92e-15	4.77e-12	2.28e-09	6.65e-07	6.28e-04	4.88e-02	9.51e-01
 3.65418e+22	0.00e+00	3.15e-28	4.78e-23	1.01e-18	4.84e-15	5.68e-12	2.62e-09	7.38e-07	6.74e-04	5.05e-02	9.49e-01
 3.67871e+22	0.00e+00	4.23e-28	6.21e-23	1.27e-18	5.90e-15	6.70e-12	3.00e-09	8.16e-07	7.20e-04	5.21e-02	9.47e-01
 3.70230e+22	0.00e+00	5.78e-28	8.20e-23	1.62e-18	7.27e-15	7.99e-12	3.44e-09	9.06e-07	7.72e-04	5.39e-02	9.45e-01
 3.72547e+22	3.74e-34	7.87e-28	1.08e-22	2.06e-18	8.93e-15	9.48e-12	3.95e-09	1.00e-06	8.26e-04	5.57e-02	9.43e-01
 3.74741e+22	5.14e-34	1.05e-27	1.39e-22	2.57e-18	1.08e-14	1.11e-11	4.48e-09	1.10e-06	8.79e-04	5.74e-02	9.42e-01
 3.77171e+22	7.69e-34	1.50e-27	1.91e-22	3.39e-18	1.37e-14	1.36e-11	5.26e-09	1.24e-06	9.52e-04	5.97e-02	9.39e-01
 3.79623e+22	1.08e-33	2.03e-27	2.50e-22	4.29e-18	1.68e-14	1.61e-11	6.02e-09	1.37e-06	1.02e-03	6.16e-02	9.37e-01
 3.81750e+22	1.50e-33	2.73e-27	3.25e-22	5.40e-18	2.04e-14	1.89e-11	6.86e-09	1.51e-06	1.08e-03	6.36e-02	9.35e-01
 3.84160e+22	2.26e-33	3.94e-27	4.50e-22	7.18e-18	2.61e-14	2.32e-11	8.07e-09	1.71e-06	1.18e-03	6.61e-02	9.33e-01
 3.86635e+22	3.22e-33	5.41e-27	5.96e-22	9.18e-18	3.23e-14	2.77e-11	9.28e-09	1.89e-06	1.26e-03	6.83e-02	9.30e-01
 3.88837e+22	4.60e-33	7.44e-27	7.90e-22	1.18e-17	3.99e-14	3.31e-11	1.07e-08	2.10e-06	1.35e-03	7.06e-02	9.28e-01
 3.90922e+22	6.32e-33	9.89e-27	1.02e-21	1.47e-17	4.82e-14	3.87e-11	1.21e-08	2.30e-06	1.43e-03	7.27e-02	9.26e-01
 3.93212e+22	9.49e-33	1.42e-26	1.40e-21	1.94e-17	6.14e-14	4.74e-11	1.42e-08	2.59e-06	1.55e-03	7.55e-02	9.23e-01
 3.95552e+22	1.36e-32	1.96e-26	1.87e-21	2.49e-17	7.60e-14	5.66e-11	1.64e-08	2.87e-06	1.66e-03	7.80e-02	9.20e-01
 3.97587e+22	1.91e-32	2.66e-26	2.44e-21	3.15e-17	9.30e-14	6.70e-11	1.87e-08	3.17e-06	1.77e-03	8.04e-02	9.18e-01
 3.99862e+22	2.90e-32	3.87e-26	3.40e-21	4.21e-17	1.19e-13	8.24e-11	2.20e-08	3.57e-06	1.92e-03	8.35e-02	9.15e-01
 4.02209e+22	4.19e-32	5.38e-26	4.55e-21	5.43e-17	1.48e-13	9.88e-11	2.54e-08	3.97e-06	2.05e-03	8.63e-02	9.12e-01
 4.04231e+22	5.87e-32	7.27e-26	5.95e-21	6.85e-17	1.81e-13	1.17e-10	2.89e-08	4.37e-06	2.19e-03	8.90e-02	9.09e-01
 4.06148e+22	8.26e-32	9.88e-26	7.80e-21	8.68e-17	2.22e-13	1.38e-10	3.30e-08	4.82e-06	2.33e-03	9.17e-02	9.06e-01
 4.08060e+22	1.14e-31	1.32e-25	1.01e-20	1.08e-16	2.68e-13	1.62e-10	3.74e-08	5.28e-06	2.48e-03	9.44e-02	9.03e-01
 4.10255e+22	1.74e-31	1.92e-25	1.40e-20	1.45e-16	3.44e-13	1.99e-10	4.41e-08	5.95e-06	2.68e-03	9.79e-02	8.99e-01
 4.12502e+22	2.53e-31	2.69e-25	1.89e-20	1.88e-16	4.30e-13	2.40e-10	5.10e-08	6.62e-06	2.87e-03	1.01e-01	8.96e-01
 4.14457e+22	3.59e-31	3.68e-25	2.50e-20	2.40e-16	5.29e-13	2.85e-10	5.84e-08	7.31e-06	3.06e-03	1.04e-01	8.93e-01
 4.16316e+22	4.94e-31	4.90e-25	3.21e-20	2.99e-16	6.40e-13	3.34e-10	6.61e-08	8.00e-06	3.25e-03	1.07e-01	8.90e-01
 4.18408e+22	7.53e-31	7.14e-25	4.48e-20	3.99e-16	8.20e-13	4.10e-10	7.78e-08	9.01e-06	3.51e-03	1.11e-01	8.85e-01
 4.20560e+22	1.09e-30	9.98e-25	6.03e-20	5.17e-16	1.02e-12	4.93e-10	8.98e-08	1.00e-05	3.75e-03	1.15e-01	8.82e-01
 4.22426e+22	1.53e-30	1.34e-24	7.84e-20	6.51e-16	1.25e-12	5.81e-10	1.02e-07	1.10e-05	3.99e-03	1.18e-01	8.78e-01
 4.24488e+22	2.33e-30	1.96e-24	1.09e-19	8.70e-16	1.60e-12	7.14e-10	1.20e-07	1.24e-05	4.31e-03	1.22e-01	8.73e-01
 4.26615e+22	3.38e-30	2.74e-24	1.47e-19	1.13e-15	1.99e-12	8.58e-10	1.39e-07	1.37e-05	4.61e-03	1.26e-01	8.69e-01
 4.28502e+22	4.84e-30	3.77e-24	1.95e-19	1.44e-15	2.47e-12	1.02e-09	1.59e-07	1.51e-05	4.91e-03	1.30e-01	8.65e-01
 4.30628e+22	7.49e-30	5.58e-24	2.76e-19	1.95e-15	3.19e-12	1.27e-09	1.88e-07	1.71e-05	5.31e-03	1.35e-01	8.60e-01
 4.32778e+22	1.10e-29	7.84e-24	3.73e-19	2.53e-15	4.00e-12	1.53e-09	2.18e-07	1.90e-05	5.68e-03	1.39e-01	8.55e-01
 4.34630e+22	1.56e-29	1.08e-23	4.93e-19	3.24e-15	4.93e-12	1.82e-09	2.49e-07	2.10e-05	6.05e-03	1.43e-01	8.51e-01
 4.36709e+22	2.43e-29	1.60e-23	6.99e-19	4.38e-15	6.39e-12	2.26e-09	2.95e-07	2.37e-05	6.55e-03	1.48e-01	8.45e-01
 4.38874e+22	3.63e-29	2.29e-23	9.61e-19	5.79e-15	8.12e-12	2.75e-09	3.44e-07	2.65e-05	7.03e-03	1.53e-01	8.40e-01
 4.40815e+22	5.23e-29	3.17e-23	1.28e-18	7.45e-15	1.01e-11	3.29e-09	3.96e-07	2.93e-05	7.49e-03	1.57e-01	8.35e-01
 4.42711e+22	7.74e-29	4.51e-23	1.75e-18	9.76e-15	1.27e-11	3.98e-09	4.59e-07	3.26e-05	8.02e-03	1.62e-01	8.30e-01
 4.44513e+22	1.08e-28	6.09e-23	2.28e-18	1.23e-14	1.55e-11	4.70e-09	5.22e-07	3.57e-05	8.51e-03	1.67e-01	8.25e-01
 4.46485e+22	1.69e-28	9.09e-23	3.25e-18	1.67e-14	2.01e-11	5.84e-09	6.19e-07	4.03e-05	9.19e-03	1.72e-01	8.18e-01
 4.48493e+22	2.50e-28	1.29e-22	4.41e-18	2.18e-14	2.53e-11	7.06e-09	7.16e-07	4.48e-05	9.82e-03	1.78e-01	8.13e-01
 4.50108e+22	3.39e-28	1.69e-22	5.62e-18	2.70e-14	3.03e-11	8.19e-09	8.04e-07	4.86e-05	1.03e-02	1.82e-01	8.08e-01
 4.51475e+22	4.52e-28	2.19e-22	7.04e-18	3.28e-14	3.59e-11	9.42e-09	8.96e-07	5.25e-05	1.09e-02	1.86e-01	8.03e-01
 4.52759e+22	5.91e-28	2.78e-22	8.71e-18	3.95e-14	4.20e-11	1.07e-08	9.91e-07	5.65e-05	1.14e-02	1.89e-01	7.99e-01
 4.54224e+22	8.26e-28	3.75e-22	1.14e-17	4.98e-14	5.12e-11	1.26e-08	1.12e-06	6.18e-05	1.20e-02	1.94e-01	7.94e-01
 4.55744e+22	1.11e-27	4.89e-22	1.43e-17	6.10e-14	6.09e-11	1.46e-08	1.26e-06	6.69e-05	1.26e-02	1.98e-01	7.89e-01
 4.57041e+22	1.46e-27	6.25e-22	1.78e-17	7.36e-14	7.15e-11	1.67e-08	1.39e-06	7.20e-05	1.32e-02	2.02e-01	7.84e-01
 4.58239e+22	1.91e-27	7.96e-22	2.20e-17	8.86e-14	8.38e-11	1.90e-08	1.54e-06	7.73e-05	1.38e-02	2.06e-01	7.80e-01
 4.59420e+22	2.47e-27	9.99e-22	2.69e-17	1.05e-13	9.73e-11	2.15e-08	1.69e-06	8.27e-05	1.44e-02	2.10e-01	7.75e-01
 4.60585e+22	3.18e-27	1.25e-21	3.28e-17	1.25e-13	1.13e-10	2.43e-08	1.86e-06	8.84e-05	1.51e-02	2.14e-01	7.71e-01
 4.61730e+22	4.12e-27	1.58e-21	4.03e-17	1.50e-13	1.31e-10	2.75e-08	2.05e-06	9.47e-05	1.57e-02	2.18e-01	7.66e-01
 4.62859e+22	5.32e-27	1.99e-21	4.94e-17	1.79e-13	1.53e-10	3.12e-08	2.26e-06	1.01e-04	1.64e-02	2.22e-01	7.62e-01
 4.64146e+22	7.31e-27	2.64e-21	6.34e-17	2.22e-13	1.84e-10	3.64e-08	2.54e-06	1.10e-04	1.73e-02	2.27e-01	7.56e-01
 4.65448e+22	9.74e-27	3.42e-21	7.95e-17	2.70e-13	2.18e-10	4.17e-08	2.82e-06	1.19e-04	1.81e-02	2.31e-01	7.51e-01
 4.66550e+22	1.25e-26	4.28e-21	9.69e-17	3.21e-13	2.52e-10	4.71e-08	3.10e-06	1.27e-04	1.88e-02	2.35e-01	7.46e-01
 4.67572e+22	1.59e-26	5.30e-21	1.17e-16	3.79e-13	2.90e-10	5.29e-08	3.39e-06	1.35e-04	1.96e-02	2.39e-01	7.41e-01
 4.68561e+22	2.02e-26	6.57e-21	1.41e-16	4.46e-13	3.33e-10	5.94e-08	3.70e-06	1.44e-04	2.03e-02	2.43e-01	7.37e-01
 4.69695e+22	2.73e-26	8.59e-21	1.79e-16	5.47e-13	3.97e-10	6.85e-08	4.13e-06	1.55e-04	2.13e-02	2.47e-01	7.31e-01
 4.70850e+22	3.57e-26	1.09e-20	2.21e-16	6.57e-13	4.64e-10	7.80e-08	4.56e-06	1.66e-04	2.22e-02	2.52e-01	7.26e-01
 4.71838e+22	4.53e-26	1.35e-20	2.67e-16	7.74e-13	5.34e-10	8.74e-08	4.98e-06	1.77e-04	2.31e-02	2.56e-01	7.21e-01
 4.72929e+22	6.16e-26	1.78e-20	3.40e-16	9.54e-13	6.38e-10	1.01e-07	5.57e-06	1.91e-04	2.42e-02	2.61e-01	7.15e-01
 4.74050e+22	8.08e-26	2.27e-20	4.21e-16	1.15e-12	7.47e-10	1.15e-07	6.15e-06	2.05e-04	2.53e-02	2.65e-01	7.09e-01
 4.75040e+22	1.04e-25	2.85e-20	5.14e-16	1.36e-12	8.66e-10	1.30e-07	6.75e-06	2.19e-04	2.63e-02	2.69e-01	7.04e-01
 4.76155e+22	1.46e-25	3.85e-20	6.69e-16	1.71e-12	1.05e-09	1.53e-07	7.63e-06	2.38e-04	2.77e-02	2.75e-01	6.97e-01
 4.77282e+22	1.91e-25	4.91e-20	8.29e-16	2.06e-12	1.23e-09	1.74e-07	8.42e-06	2.55e-04	2.89e-02	2.80e-01	6.91e-01
 4.78243e+22	2.44e-25	6.11e-20	1.00e-15	2.44e-12	1.42e-09	1.96e-07	9.21e-06	2.72e-04	3.00e-02	2.84e-01	6.86e-01
 4.79310e+22	3.49e-25	8.42e-20	1.33e-15	3.11e-12	1.74e-09	2.32e-07	1.05e-05	2.97e-04	3.17e-02	2.90e-01	6.78e-01
 4.80358e+22	4.43e-25	1.04e-19	1.60e-15	3.65e-12	2.00e-09	2.60e-07	1.14e-05	3.15e-04	3.29e-02	2.94e-01	6.73e-01
 4.81381e+22	6.27e-25	1.42e-19	2.11e-15	4.62e-12	2.45e-09	3.06e-07	1.29e-05	3.44e-04	3.46e-02	3.00e-01	6.65e-01
 4.82385e+22	7.89e-25	1.75e-19	2.52e-15	5.40e-12	2.79e-09	3.41e-07	1.41e-05	3.64e-04	3.59e-02	3.04e-01	6.60e-01
 4.83365e+22	1.12e-24	2.38e-19	3.31e-15	6.83e-12	3.41e-09	4.03e-07	1.60e-05	3.97e-04	3.78e-02	3.10e-01	6.52e-01
 4.84342e+22	1.42e-24	2.95e-19	4.00e-15	8.04e-12	3.92e-09	4.51e-07	1.74e-05	4.22e-04	3.92e-02	3.14e-01	6.46e-01
 4.85314e+22	2.01e-24	4.04e-19	5.26e-15	1.02e-11	4.79e-09	5.33e-07	1.98e-05	4.60e-04	4.13e-02	3.20e-01	6.38e-01
 4.86294e+22	2.59e-24	5.07e-19	6.42e-15	1.21e-11	5.55e-09	6.01e-07	2.17e-05	4.91e-04	4.29e-02	3.25e-01	6.32e-01
 4.87284e+22	3.72e-24	7.00e-19	8.52e-15	1.54e-11	6.83e-09	7.14e-07	2.47e-05	5.37e-04	4.52e-02	3.31e-01	6.23e-01
 4.88281e+22	4.84e-24	8.87e-19	1.05e-14	1.84e-11	7.96e-09	8.09e-07	2.72e-05	5.73e-04	4.70e-02	3.36e-01	6.17e-01
 4.89289e+22	6.92e-24	1.22e-18	1.39e-14	2.35e-11	9.78e-09	9.59e-07	3.10e-05	6.27e-04	4.96e-02	3.42e-01	6.08e-01
 4.90288e+22	9.05e-24	1.55e-18	1.71e-14	2.81e-11	1.14e-08	1.09e-06	3.41e-05	6.70e-04	5.16e-02	3.47e-01	6.01e-01
 4.91274e+22	1.29e-23	2.14e-18	2.26e-14	3.58e-11	1.40e-08	1.29e-06	3.89e-05	7.33e-04	5.44e-02	3.53e-01	5.91e-01
 4.92275e+22	1.71e-23	2.75e-18	2.82e-14	4.33e-11	1.65e-08	1.48e-06	4.31e-05	7.87e-04	5.67e-02	3.58e-01	5.84e-01
 4.93297e+22	2.48e-23	3.83e-18	3.77e-14	5.56e-11	2.04e-08	1.77e-06	4.94e-05	8.63e-04	5.99e-02	3.65e-01	5.74e-01
 4.94330e+22	3.30e-23	4.96e-18	4.73e-14	6.76e-11	2.41e-08	2.03e-06	5.49e-05	9.28e-04	6.25e-02	3.70e-01	5.66e-01
 4.95378e+22	4.82e-23	6.96e-18	6.37e-14	8.73e-11	3.00e-08	2.43e-06	6.32e-05	1.02e-03	6.61e-02	3.77e-01	5.56e-01
 4.96432e+22	6.43e-23	9.01e-18	7.99e-14	1.06e-10	3.55e-08	2.80e-06	7.03e-05	1.10e-03	6.90e-02	3.82e-01	5.48e-01
 4.97341e+22	8.52e-23	1.16e-17	9.97e-14	1.28e-10	4.18e-08	3.21e-06	7.81e-05	1.18e-03	7.20e-02	3.87e-01	5.39e-01
 4.98372e+22	1.23e-22	1.62e-17	1.33e-13	1.65e-10	5.19e-08	3.84e-06	8.98e-05	1.30e-03	7.61e-02	3.94e-01	5.29e-01
 4.99399e+22	1.60e-22	2.04e-17	1.64e-13	1.97e-10	6.05e-08	4.36e-06	9.91e-05	1.39e-03	7.91e-02	3.99e-01	5.21e-01
 5.00422e+22	2.27e-22	2.79e-17	2.15e-13	2.50e-10	7.41e-08	5.17e-06	1.13e-04	1.52e-03	8.33e-02	4.05e-01	5.10e-01
 5.01466e+22	2.99e-22	3.58e-17	2.68e-13	3.01e-10	8.71e-08	5.93e-06	1.26e-04	1.63e-03	8.68e-02	4.10e-01	5.02e-01
 5.02540e+22	4.23e-22	4.90e-17	3.53e-13	3.83e-10	1.07e-07	7.04e-06	1.44e-04	1.79e-03	9.14e-02	4.16e-01	4.91e-01
 5.03633e+22	5.58e-22	6.28e-17	4.39e-13	4.62e-10	1.26e-07	8.08e-06	1.60e-04	1.92e-03	9.53e-02	4.20e-01	4.82e-01
 5.04753e+22	7.93e-22	8.62e-17	5.80e-13	5.88e-10	1.55e-07	9.63e-06	1.83e-04	2.11e-03	1.00e-01	4.26e-01	4.71e-01
 5.05894e+22	1.04e-21	1.10e-16	7.19e-13	7.08e-10	1.82e-07	1.10e-05	2.03e-04	2.27e-03	1.05e-01	4.31e-01	4.62e-01
 5.07062e+22	1.47e-21	1.50e-16	9.48e-13	8.99e-10	2.24e-07	1.31e-05	2.33e-04	2.49e-03	1.10e-01	4.36e-01	4.51e-01
 5.08252e+22	1.92e-21	1.91e-16	1.17e-12	1.08e-09	2.63e-07	1.50e-05	2.59e-04	2.67e-03	1.15e-01	4.41e-01	4.42e-01
 5.09468e+22	2.70e-21	2.60e-16	1.54e-12	1.37e-09	3.23e-07	1.79e-05	2.97e-04	2.93e-03	1.21e-01	4.46e-01	4.30e-01
 5.10691e+22	3.49e-21	3.28e-16	1.89e-12	1.64e-09	3.77e-07	2.04e-05	3.29e-04	3.14e-03	1.26e-01	4.50e-01	4.21e-01
 5.11924e+22	4.84e-21	4.41e-16	2.46e-12	2.05e-09	4.59e-07	2.41e-05	3.74e-04	3.43e-03	1.32e-01	4.55e-01	4.10e-01
 5.13190e+22	6.27e-21	5.58e-16	3.02e-12	2.46e-09	5.37e-07	2.75e-05	4.15e-04	3.68e-03	1.37e-01	4.58e-01	4.01e-01
 5.14289e+22	7.94e-21	6.90e-16	3.65e-12	2.90e-09	6.20e-07	3.10e-05	4.57e-04	3.92e-03	1.42e-01	4.61e-01	3.92e-01
 5.15511e+22	1.08e-20	9.11e-16	4.67e-12	3.59e-09	7.46e-07	3.63e-05	5.17e-04	4.27e-03	1.49e-01	4.65e-01	3.81e-01
 5.16736e+22	1.35e-20	1.11e-15	5.58e-12	4.19e-09	8.55e-07	4.07e-05	5.65e-04	4.53e-03	1.54e-01	4.68e-01	3.73e-01
 5.17965e+22	1.80e-20	1.45e-15	7.06e-12	5.14e-09	1.02e-06	4.73e-05	6.36e-04	4.91e-03	1.60e-01	4.71e-01	3.63e-01
 5.19224e+22	2.26e-20	1.78e-15	8.48e-12	6.03e-09	1.17e-06	5.32e-05	6.98e-04	5.23e-03	1.66e-01	4.74e-01	3.55e-01
 5.20339e+22	2.82e-20	2.18e-15	1.01e-11	7.04e-09	1.34e-06	5.96e-05	7.63e-04	5.55e-03	1.71e-01	4.76e-01	3.47e-01
 5.21607e+22	3.75e-20	2.82e-15	1.28e-11	8.61e-09	1.60e-06	6.92e-05	8.58e-04	6.01e-03	1.79e-01	4.78e-01	3.36e-01
 5.22867e+22	4.58e-20	3.39e-15	1.50e-11	9.92e-09	1.81e-06	7.69e-05	9.31e-04	6.35e-03	1.84e-01	4.80e-01	3.29e-01
 5.24118e+22	6.00e-20	4.33e-15	1.87e-11	1.20e-08	2.14e-06	8.86e-05	1.04e-03	6.85e-03	1.91e-01	4.82e-01	3.19e-01
 5.25394e+22	7.36e-20	5.21e-15	2.21e-11	1.39e-08	2.43e-06	9.84e-05	1.13e-03	7.24e-03	1.97e-01	4.83e-01	3.11e-01
 5.26701e+22	9.64e-20	6.67e-15	2.75e-11	1.68e-08	2.87e-06	1.13e-04	1.26e-03	7.80e-03	2.05e-01	4.84e-01	3.01e-01
 5.28033e+22	1.18e-19	8.04e-15	3.25e-11	1.94e-08	3.26e-06	1.26e-04	1.37e-03	8.25e-03	2.11e-01	4.85e-01	2.94e-01
 5.29396e+22	1.55e-19	1.03e-14	4.05e-11	2.35e-08	3.85e-06	1.46e-04	1.54e-03	8.90e-03	2.19e-01	4.86e-01	2.84e-01
 5.30785e+22	1.90e-19	1.24e-14	4.79e-11	2.72e-08	4.38e-06	1.62e-04	1.67e-03	9.41e-03	2.25e-01	4.87e-01	2.77e-01
 5.32205e+22	2.49e-19	1.59e-14	5.97e-11	3.30e-08	5.18e-06	1.87e-04	1.87e-03	1.01e-02	2.34e-01	4.87e-01	2.67e-01
 5.33654e+22	3.07e-19	1.92e-14	7.07e-11	3.83e-08	5.89e-06	2.08e-04	2.03e-03	1.07e-02	2.41e-01	4.87e-01	2.59e-01
 5.34928e+22	3.75e-19	2.30e-14	8.34e-11	4.42e-08	6.67e-06	2.31e-04	2.21e-03	1.13e-02	2.47e-01	4.86e-01	2.52e-01
 5.36369e+22	4.86e-19	2.92e-14	1.03e-10	5.32e-08	7.84e-06	2.65e-04	2.46e-03	1.22e-02	2.56e-01	4.86e-01	2.43e-01
 5.37812e+22	5.87e-19	3.46e-14	1.20e-10	6.07e-08	8.80e-06	2.92e-04	2.65e-03	1.28e-02	2.63e-01	4.85e-01	2.37e-01
 5.39256e+22	7.57e-19	4.37e-14	1.48e-10	7.29e-08	1.03e-05	3.34e-04	2.94e-03	1.37e-02	2.72e-01	4.84e-01	2.28e-01
 5.40724e+22	9.15e-19	5.20e-14	1.73e-10	8.34e-08	1.16e-05	3.68e-04	3.17e-03	1.44e-02	2.78e-01	4.83e-01	2.21e-01
 5.42225e+22	1.18e-18	6.53e-14	2.12e-10	9.97e-08	1.36e-05	4.20e-04	3.51e-03	1.54e-02	2.87e-01	4.81e-01	2.13e-01
 5.43775e+22	1.44e-18	7.85e-14	2.50e-10	1.15e-07	1.53e-05	4.65e-04	3.80e-03	1.62e-02	2.94e-01	4.79e-01	2.06e-01
 5.45391e+22	1.87e-18	9.98e-14	3.10e-10	1.39e-07	1.80e-05	5.33e-04	4.23e-03	1.74e-02	3.04e-01	4.76e-01	1.97e-01
 5.47045e+22	2.30e-18	1.20e-13	3.66e-10	1.61e-07	2.05e-05	5.92e-04	4.58e-03	1.83e-02	3.11e-01	4.74e-01	1.91e-01
 5.48748e+22	3.00e-18	1.54e-13	4.56e-10	1.94e-07	2.41e-05	6.80e-04	5.10e-03	1.97e-02	3.21e-01	4.71e-01	1.82e-01
 5.50514e+22	3.73e-18	1.87e-13	5.44e-10	2.27e-07	2.76e-05	7.58e-04	5.55e-03	2.08e-02	3.29e-01	4.68e-01	1.76e-01
 5.52360e+22	4.94e-18	2.42e-13	6.86e-10	2.77e-07	3.28e-05	8.77e-04	6.20e-03	2.23e-02	3.40e-01	4.63e-01	1.67e-01
 5.54251e+22	6.19e-18	2.98e-13	8.23e-10	3.25e-07	3.76e-05	9.81e-04	6.76e-03	2.36e-02	3.48e-01	4.60e-01	1.61e-01
 5.56202e+22	8.29e-18	3.89e-13	1.05e-09	4.00e-07	4.50e-05	1.14e-03	7.59e-03	2.54e-02	3.60e-01	4.54e-01	1.52e-01
 5.58167e+22	1.04e-17	4.76e-13	1.25e-09	4.68e-07	5.15e-05	1.27e-03	8.25e-03	2.68e-02	3.68e-01	4.50e-01	1.46e-01
 5.60152e+22	1.38e-17	6.19e-13	1.59e-09	5.74e-07	6.14e-05	1.47e-03	9.22e-03	2.88e-02	3.79e-01	4.44e-01	1.38e-01
 5.62179e+22	1.74e-17	7.64e-13	1.92e-09	6.76e-07	7.07e-05	1.66e-03	1.01e-02	3.05e-02	3.88e-01	4.38e-01	1.32e-01
 5.64259e+22	2.32e-17	9.97e-13	2.43e-09	8.32e-07	8.45e-05	1.92e-03	1.13e-02	3.28e-02	3.99e-01	4.31e-01	1.24e-01
 5.66382e+22	2.95e-17	1.24e-12	2.96e-09	9.87e-07	9.79e-05	2.17e-03	1.24e-02	3.47e-02	4.08e-01	4.25e-01	1.18e-01
 5.68276e+22	3.72e-17	1.54e-12	3.58e-09	1.17e-06	1.13e-04	2.44e-03	1.35e-02	3.68e-02	4.17e-01	4.19e-01	1.12e-01
 5.70452e+22	5.01e-17	2.02e-12	4.59e-09	1.44e-06	1.36e-04	2.85e-03	1.52e-02	3.96e-02	4.28e-01	4.10e-01	1.04e-01
 5.72513e+22	6.11e-17	2.42e-12	5.40e-09	1.66e-06	1.54e-04	3.15e-03	1.64e-02	4.15e-02	4.36e-01	4.04e-01	9.95e-02
 5.74424e+22	7.88e-17	3.07e-12	6.69e-09	2.01e-06	1.81e-04	3.61e-03	1.82e-02	4.43e-02	4.46e-01	3.95e-01	9.31e-02
 5.76342e+22	9.57e-17	3.67e-12	7.86e-09	2.31e-06	2.04e-04	3.99e-03	1.97e-02	4.64e-02	4.53e-01	3.88e-01	8.87e-02
 5.78268e+22	1.22e-16	4.61e-12	9.67e-09	2.77e-06	2.39e-04	4.56e-03	2.17e-02	4.93e-02	4.62e-01	3.79e-01	8.29e-02
 5.80237e+22	1.49e-16	5.54e-12	1.14e-08	3.21e-06	2.72e-04	5.07e-03	2.36e-02	5.19e-02	4.69e-01	3.72e-01	7.84e-02
 5.82263e+22	1.91e-16	7.00e-12	1.42e-08	3.87e-06	3.21e-04	5.83e-03	2.62e-02	5.54e-02	4.79e-01	3.61e-01	7.26e-02
 5.84297e+22	2.32e-16	8.37e-12	1.67e-08	4.47e-06	3.64e-04	6.47e-03	2.83e-02	5.81e-02	4.85e-01	3.53e-01	6.85e-02
 5.86344e+22	2.94e-16	1.05e-11	2.05e-08	5.37e-06	4.28e-04	7.43e-03	3.14e-02	6.19e-02	4.94e-01	3.42e-01	6.32e-02
 5.88429e+22	3.55e-16	1.25e-11	2.42e-08	6.21e-06	4.87e-04	8.28e-03	3.41e-02	6.51e-02	5.00e-01	3.33e-01	5.92e-02
 5.90565e+22	4.48e-16	1.57e-11	2.98e-08	7.48e-06	5.75e-04	9.53e-03	3.80e-02	6.95e-02	5.07e-01	3.21e-01	5.42e-02
 5.92738e+22	5.36e-16	1.86e-11	3.51e-08	8.65e-06	6.54e-04	1.06e-02	4.13e-02	7.31e-02	5.13e-01	3.11e-01	5.04e-02
 5.94957e+22	6.68e-16	2.31e-11	4.31e-08	1.04e-05	7.72e-04	1.23e-02	4.60e-02	7.80e-02	5.19e-01	2.98e-01	4.57e-02
 5.97221e+22	7.90e-16	2.73e-11	5.05e-08	1.20e-05	8.80e-04	1.37e-02	5.01e-02	8.21e-02	5.24e-01	2.87e-01	4.21e-02
 5.99464e+22	9.58e-16	3.31e-11	6.10e-08	1.42e-05	1.03e-03	1.57e-02	5.55e-02	8.73e-02	5.29e-01	2.74e-01	3.80e-02
 6.01597e+22	1.10e-15	3.79e-11	6.97e-08	1.61e-05	1.15e-03	1.73e-02	5.96e-02	9.12e-02	5.31e-01	2.64e-01	3.53e-02
 6.03660e+22	1.28e-15	4.47e-11	8.21e-08	1.87e-05	1.32e-03	1.95e-02	6.54e-02	9.64e-02	5.34e-01	2.52e-01	3.18e-02
 6.05763e+22	1.44e-15	5.07e-11	9.33e-08	2.11e-05	1.48e-03	2.15e-02	7.04e-02	1.01e-01	5.35e-01	2.42e-01	2.93e-02
 6.07823e+22	1.64e-15	5.83e-11	1.08e-07	2.42e-05	1.69e-03	2.41e-02	7.66e-02	1.06e-01	5.36e-01	2.30e-01	2.64e-02
 6.09926e+22	1.81e-15	6.54e-11	1.22e-07	2.72e-05	1.88e-03	2.65e-02	8.24e-02	1.11e-01	5.35e-01	2.19e-01	2.41e-02
 6.11975e+22	2.00e-15	7.35e-11	1.38e-07	3.07e-05	2.12e-03	2.94e-02	8.89e-02	1.16e-01	5.34e-01	2.08e-01	2.17e-02
 6.14065e+22	2.17e-15	8.16e-11	1.55e-07	3.44e-05	2.36e-03	3.24e-02	9.54e-02	1.21e-01	5.32e-01	1.97e-01	1.97e-02
 6.16136e+22	2.34e-15	9.02e-11	1.74e-07	3.85e-05	2.64e-03	3.56e-02	1.02e-01	1.26e-01	5.29e-01	1.87e-01	1.77e-02
 6.18218e+22	2.50e-15	9.87e-11	1.94e-07	4.29e-05	2.93e-03	3.90e-02	1.09e-01	1.31e-01	5.25e-01	1.76e-01	1.60e-02
 6.20276e+22	2.63e-15	1.07e-10	2.15e-07	4.77e-05	3.24e-03	4.27e-02	1.17e-01	1.36e-01	5.21e-01	1.66e-01	1.43e-02
 6.22329e+22	2.76e-15	1.16e-10	2.38e-07	5.28e-05	3.59e-03	4.65e-02	1.24e-01	1.41e-01	5.15e-01	1.57e-01	1.29e-02
 6.24388e+22	2.87e-15	1.25e-10	2.62e-07	5.85e-05	3.96e-03	5.06e-02	1.32e-01	1.46e-01	5.09e-01	1.48e-01	1.16e-02
 6.26455e+22	2.97e-15	1.34e-10	2.88e-07	6.46e-05	4.37e-03	5.50e-02	1.39e-01	1.51e-01	5.02e-01	1.39e-01	1.03e-02
 6.28535e+22	3.06e-15	1.44e-10	3.17e-07	7.14e-05	4.82e-03	5.97e-02	1.47e-01	1.55e-01	4.94e-01	1.30e-01	9.23e-03
 6.30635e+22	3.13e-15	1.54e-10	3.49e-07	7.90e-05	5.31e-03	6.46e-02	1.55e-01	1.60e-01	4.85e-01	1.22e-01	8.23e-03
 6.32760e+22	3.21e-15	1.65e-10	3.84e-07	8.75e-05	5.85e-03	7.00e-02	1.63e-01	1.65e-01	4.76e-01	1.13e-01	7.31e-03
 6.34895e+22	3.27e-15	1.76e-10	4.23e-07	9.69e-05	6.44e-03	7.55e-02	1.71e-01	1.69e-01	4.66e-01	1.06e-01	6.49e-03
 6.37066e+22	3.34e-15	1.89e-10	4.67e-07	1.08e-04	7.11e-03	8.16e-02	1.79e-01	1.73e-01	4.55e-01	9.81e-02	5.73e-03
 6.39262e+22	3.41e-15	2.02e-10	5.17e-07	1.20e-04	7.84e-03	8.79e-02	1.87e-01	1.77e-01	4.44e-01	9.11e-02	5.07e-03
 6.41503e+22	3.49e-15	2.18e-10	5.76e-07	1.34e-04	8.68e-03	9.49e-02	1.96e-01	1.81e-01	4.31e-01	8.41e-02	4.44e-03
 6.43586e+22	3.57e-15	2.33e-10	6.31e-07	1.47e-04	9.43e-03	1.01e-01	2.02e-01	1.83e-01	4.21e-01	7.87e-02	3.99e-03
 6.45736e+22	3.66e-15	2.53e-10	7.10e-07	1.66e-04	1.05e-02	1.09e-01	2.11e-01	1.87e-01	4.07e-01	7.21e-02	3.47e-03
 6.47921e+22	3.78e-15	2.72e-10	7.84e-07	1.84e-04	1.14e-02	1.16e-01	2.17e-01	1.89e-01	3.96e-01	6.72e-02	3.10e-03
 6.50153e+22	3.91e-15	2.99e-10	8.92e-07	2.09e-04	1.27e-02	1.25e-01	2.25e-01	1.92e-01	3.81e-01	6.12e-02	2.67e-03
 6.52393e+22	4.10e-15	3.26e-10	9.92e-07	2.32e-04	1.39e-02	1.32e-01	2.32e-01	1.93e-01	3.69e-01	5.69e-02	2.38e-03
 6.54646e+22	4.31e-15	3.63e-10	1.14e-06	2.65e-04	1.55e-02	1.43e-01	2.39e-01	1.95e-01	3.54e-01	5.16e-02	2.04e-03
 6.56913e+22	4.55e-15	3.98e-10	1.27e-06	2.95e-04	1.68e-02	1.51e-01	2.45e-01	1.96e-01	3.42e-01	4.78e-02	1.82e-03
 6.59197e+22	4.87e-15	4.49e-10	1.48e-06	3.39e-04	1.88e-02	1.62e-01	2.52e-01	1.97e-01	3.26e-01	4.31e-02	1.55e-03
 6.61501e+22	5.21e-15	4.98e-10	1.66e-06	3.78e-04	2.04e-02	1.71e-01	2.57e-01	1.97e-01	3.14e-01	3.98e-02	1.38e-03
 6.63831e+22	5.68e-15	5.70e-10	1.95e-06	4.36e-04	2.28e-02	1.83e-01	2.63e-01	1.96e-01	2.98e-01	3.58e-02	1.17e-03
 6.66190e+22	6.17e-15	6.39e-10	2.21e-06	4.89e-04	2.48e-02	1.92e-01	2.67e-01	1.96e-01	2.85e-01	3.28e-02	1.03e-03
 6.68587e+22	6.88e-15	7.44e-10	2.61e-06	5.67e-04	2.77e-02	2.05e-01	2.73e-01	1.94e-01	2.69e-01	2.93e-02	8.70e-04
 6.71024e+22	7.62e-15	8.47e-10	2.99e-06	6.38e-04	3.02e-02	2.16e-01	2.76e-01	1.93e-01	2.57e-01	2.67e-02	7.61e-04
 6.73514e+22	8.72e-15	1.00e-09	3.58e-06	7.44e-04	3.37e-02	2.30e-01	2.80e-01	1.90e-01	2.41e-01	2.37e-02	6.36e-04
 6.76056e+22	9.88e-15	1.16e-09	4.14e-06	8.41e-04	3.68e-02	2.42e-01	2.83e-01	1.88e-01	2.28e-01	2.14e-02	5.51e-04
 6.78668e+22	1.16e-14	1.40e-09	5.01e-06	9.87e-04	4.11e-02	2.57e-01	2.86e-01	1.84e-01	2.12e-01	1.88e-02	4.55e-04
 6.81342e+22	1.35e-14	1.65e-09	5.85e-06	1.12e-03	4.49e-02	2.70e-01	2.87e-01	1.80e-01	1.99e-01	1.69e-02	3.91e-04
 6.83597e+22	1.55e-14	1.90e-09	6.72e-06	1.25e-03	4.85e-02	2.81e-01	2.88e-01	1.77e-01	1.89e-01	1.53e-02	3.41e-04
 6.86027e+22	1.86e-14	2.30e-09	8.04e-06	1.45e-03	5.35e-02	2.95e-01	2.89e-01	1.72e-01	1.75e-01	1.35e-02	2.84e-04
 6.88494e+22	2.17e-14	2.69e-09	9.27e-06	1.62e-03	5.77e-02	3.07e-01	2.89e-01	1.68e-01	1.65e-01	1.22e-02	2.46e-04
 6.90629e+22	2.52e-14	3.12e-09	1.06e-05	1.81e-03	6.20e-02	3.18e-01	2.88e-01	1.64e-01	1.55e-01	1.10e-02	2.14e-04
 6.93029e+22	3.08e-14	3.81e-09	1.27e-05	2.08e-03	6.79e-02	3.32e-01	2.87e-01	1.59e-01	1.43e-01	9.65e-03	1.78e-04
 6.95416e+22	3.62e-14	4.43e-09	1.45e-05	2.30e-03	7.25e-02	3.42e-01	2.85e-01	1.54e-01	1.35e-01	8.74e-03	1.55e-04
 6.97785e+22	4.47e-14	5.40e-09	1.73e-05	2.63e-03	7.90e-02	3.55e-01	2.82e-01	1.48e-01	1.24e-01	7.65e-03	1.29e-04
 7.00188e+22	5.32e-14	6.32e-09	1.98e-05	2.92e-03	8.43e-02	3.66e-01	2.80e-01	1.44e-01	1.16e-01	6.89e-03	1.12e-04
 7.02636e+22	6.69e-14	7.79e-09	2.36e-05	3.33e-03	9.17e-02	3.79e-01	2.76e-01	1.37e-01	1.07e-01	5.98e-03	9.21e-05
 7.05127e+22	8.05e-14	9.18e-09	2.71e-05	3.69e-03	9.77e-02	3.89e-01	2.73e-01	1.32e-01	9.93e-02	5.36e-03	7.93e-05
 7.07672e+22	1.03e-13	1.14e-08	3.26e-05	4.23e-03	1.06e-01	4.01e-01	2.68e-01	1.26e-01	9.02e-02	4.61e-03	6.46e-05
 7.10257e+22	1.25e-13	1.35e-08	3.75e-05	4.69e-03	1.13e-01	4.11e-01	2.63e-01	1.21e-01	8.36e-02	4.10e-03	5.52e-05
 7.12891e+22	1.63e-13	1.70e-08	4.52e-05	5.37e-03	1.22e-01	4.22e-01	2.57e-01	1.14e-01	7.54e-02	3.49e-03	4.45e-05
 7.15590e+22	2.01e-13	2.04e-08	5.23e-05	5.96e-03	1.30e-01	4.31e-01	2.52e-01	1.08e-01	6.93e-02	3.08e-03	3.76e-05
 7.18370e+22	2.66e-13	2.58e-08	6.34e-05	6.84e-03	1.41e-01	4.42e-01	2.44e-01	1.02e-01	6.20e-02	2.60e-03	2.99e-05
 7.21219e+22	3.33e-13	3.12e-08	7.37e-05	7.61e-03	1.50e-01	4.50e-01	2.38e-01	9.61e-02	5.65e-02	2.26e-03	2.49e-05
 7.24157e+22	4.48e-13	3.99e-08	8.97e-05	8.74e-03	1.62e-01	4.59e-01	2.29e-01	8.93e-02	5.00e-02	1.89e-03	1.96e-05
 7.27123e+22	5.65e-13	4.83e-08	1.04e-04	9.70e-03	1.72e-01	4.65e-01	2.22e-01	8.40e-02	4.54e-02	1.63e-03	1.62e-05
 7.30125e+22	7.64e-13	6.20e-08	1.27e-04	1.11e-02	1.85e-01	4.72e-01	2.13e-01	7.75e-02	3.99e-02	1.35e-03	1.26e-05
 7.33169e+22	9.66e-13	7.51e-08	1.47e-04	1.23e-02	1.96e-01	4.77e-01	2.05e-01	7.26e-02	3.61e-02	1.17e-03	1.04e-05
 7.36266e+22	1.32e-12	9.70e-08	1.79e-04	1.41e-02	2.10e-01	4.82e-01	1.95e-01	6.65e-02	3.14e-02	9.53e-04	7.97e-06
 7.39281e+22	1.64e-12	1.16e-07	2.05e-04	1.54e-02	2.20e-01	4.84e-01	1.88e-01	6.23e-02	2.85e-02	8.27e-04	6.63e-06
 7.42189e+22	2.19e-12	1.46e-07	2.46e-04	1.74e-02	2.34e-01	4.86e-01	1.79e-01	5.71e-02	2.50e-02	6.84e-04	5.17e-06
 7.45210e+22	2.77e-12	1.77e-07	2.84e-04	1.91e-02	2.46e-01	4.87e-01	1.71e-01	5.31e-02	2.24e-02	5.85e-04	4.22e-06
 7.47794e+22	3.41e-12	2.09e-07	3.22e-04	2.08e-02	2.56e-01	4.88e-01	1.65e-01	4.97e-02	2.03e-02	5.09e-04	3.52e-06
 7.50568e+22	4.47e-12	2.59e-07	3.80e-04	2.32e-02	2.70e-01	4.87e-01	1.56e-01	4.56e-02	1.78e-02	4.23e-04	2.77e-06
 7.53345e+22	5.51e-12	3.06e-07	4.30e-04	2.51e-02	2.81e-01	4.86e-01	1.49e-01	4.25e-02	1.61e-02	3.66e-04	2.30e-06
 7.56124e+22	7.12e-12	3.76e-07	5.02e-04	2.77e-02	2.94e-01	4.83e-01	1.41e-01	3.90e-02	1.42e-02	3.06e-04	1.83e-06
 7.59014e+22	9.00e-12	4.53e-07	5.76e-04	3.03e-02	3.06e-01	4.80e-01	1.34e-01	3.60e-02	1.26e-02	2.60e-04	1.48e-06
 7.61596e+22	1.11e-11	5.34e-07	6.52e-04	3.28e-02	3.17e-01	4.77e-01	1.28e-01	3.34e-02	1.14e-02	2.24e-04	1.22e-06
 7.64499e+22	1.44e-11	6.58e-07	7.61e-04	3.62e-02	3.31e-01	4.72e-01	1.20e-01	3.04e-02	9.92e-03	1.85e-04	9.55e-07
 7.67553e+22	1.83e-11	7.96e-07	8.76e-04	3.95e-02	3.44e-01	4.66e-01	1.13e-01	2.78e-02	8.75e-03	1.55e-04	7.61e-07
 7.70329e+22	2.29e-11	9.49e-07	9.97e-04	4.29e-02	3.55e-01	4.60e-01	1.07e-01	2.56e-02	7.77e-03	1.31e-04	6.16e-07
 7.73466e+22	3.03e-11	1.18e-06	1.17e-03	4.74e-02	3.70e-01	4.52e-01	9.91e-02	2.30e-02	6.68e-03	1.07e-04	4.71e-07
 7.76695e+22	3.87e-11	1.43e-06	1.35e-03	5.16e-02	3.83e-01	4.45e-01	9.27e-02	2.09e-02	5.84e-03	8.83e-05	3.71e-07
 7.79563e+22	4.84e-11	1.71e-06	1.53e-03	5.58e-02	3.94e-01	4.37e-01	8.70e-02	1.91e-02	5.15e-03	7.43e-05	2.98e-07
 7.82810e+22	6.47e-11	2.14e-06	1.81e-03	6.17e-02	4.09e-01	4.26e-01	8.00e-02	1.70e-02	4.37e-03	5.92e-05	2.23e-07
 7.86149e+22	8.24e-11	2.58e-06	2.07e-03	6.69e-02	4.21e-01	4.16e-01	7.44e-02	1.54e-02	3.80e-03	4.89e-05	1.75e-07
 7.89608e+22	1.11e-10	3.27e-06	2.45e-03	7.40e-02	4.35e-01	4.04e-01	6.78e-02	1.36e-02	3.19e-03	3.83e-05	1.28e-07
 7.93126e+22	1.42e-10	3.95e-06	2.81e-03	8.01e-02	4.47e-01	3.93e-01	6.27e-02	1.22e-02	2.75e-03	3.14e-05	0.00e+00
 7.96722e+22	1.96e-10	5.05e-06	3.36e-03	8.88e-02	4.61e-01	3.78e-01	5.64e-02	1.06e-02	2.27e-03	2.41e-05	0.00e+00
 8.00362e+22	2.49e-10	6.09e-06	3.83e-03	9.58e-02	4.71e-01	3.66e-01	5.19e-02	9.52e-03	1.95e-03	1.96e-05	0.00e+00
 8.04058e+22	3.42e-10	7.78e-06	4.56e-03	1.06e-01	4.83e-01	3.50e-01	4.65e-02	8.24e-03	1.60e-03	1.50e-05	0.00e+00
 8.07788e+22	4.39e-10	9.42e-06	5.22e-03	1.14e-01	4.92e-01	3.37e-01	4.24e-02	7.33e-03	1.36e-03	1.20e-05	0.00e+00
 8.11561e+22	6.00e-10	1.20e-05	6.19e-03	1.25e-01	5.03e-01	3.21e-01	3.77e-02	6.32e-03	1.11e-03	9.13e-06	0.00e+00
 8.15382e+22	7.75e-10	1.46e-05	7.10e-03	1.35e-01	5.10e-01	3.07e-01	3.42e-02	5.58e-03	9.35e-04	7.25e-06	0.00e+00
 8.19267e+22	1.07e-09	1.86e-05	8.42e-03	1.48e-01	5.18e-01	2.89e-01	3.01e-02	4.76e-03	7.52e-04	5.41e-06	0.00e+00
 8.23182e+22	1.38e-09	2.26e-05	9.63e-03	1.59e-01	5.24e-01	2.76e-01	2.71e-02	4.19e-03	6.31e-04	4.27e-06	0.00e+00
 8.27138e+22	1.90e-09	2.88e-05	1.14e-02	1.73e-01	5.29e-01	2.58e-01	2.37e-02	3.55e-03	5.03e-04	3.15e-06	0.00e+00
 8.31152e+22	2.45e-09	3.50e-05	1.30e-02	1.86e-01	5.32e-01	2.44e-01	2.12e-02	3.10e-03	4.18e-04	2.46e-06	0.00e+00
 8.35242e+22	3.40e-09	4.48e-05	1.55e-02	2.02e-01	5.34e-01	2.27e-01	1.83e-02	2.60e-03	3.28e-04	1.78e-06	0.00e+00
 8.39367e+22	4.39e-09	5.43e-05	1.76e-02	2.16e-01	5.35e-01	2.13e-01	1.62e-02	2.26e-03	2.71e-04	1.38e-06	0.00e+00
 8.43536e+22	6.10e-09	6.95e-05	2.08e-02	2.34e-01	5.33e-01	1.96e-01	1.39e-02	1.88e-03	2.11e-04	9.89e-07	0.00e+00
 8.47763e+22	7.89e-09	8.43e-05	2.37e-02	2.49e-01	5.31e-01	1.83e-01	1.22e-02	1.62e-03	1.72e-04	7.55e-07	0.00e+00
 8.51442e+22	1.01e-08	1.02e-04	2.69e-02	2.63e-01	5.27e-01	1.70e-01	1.08e-02	1.40e-03	1.41e-04	5.80e-07	0.00e+00
 8.55601e+22	1.38e-08	1.28e-04	3.13e-02	2.82e-01	5.20e-01	1.56e-01	9.19e-03	1.16e-03	1.09e-04	4.15e-07	0.00e+00
 8.59567e+22	1.72e-08	1.51e-04	3.49e-02	2.96e-01	5.15e-01	1.45e-01	8.17e-03	1.02e-03	9.10e-05	3.26e-07	0.00e+00
 8.63282e+22	2.27e-08	1.85e-04	4.00e-02	3.13e-01	5.06e-01	1.33e-01	7.02e-03	8.54e-04	7.18e-05	2.39e-07	0.00e+00
 8.67002e+22	2.80e-08	2.16e-04	4.43e-02	3.26e-01	4.98e-01	1.24e-01	6.24e-03	7.46e-04	5.98e-05	1.88e-07	0.00e+00
 8.70729e+22	3.69e-08	2.64e-04	5.05e-02	3.44e-01	4.87e-01	1.13e-01	5.33e-03	6.23e-04	4.69e-05	1.37e-07	0.00e+00
 8.74538e+22	4.60e-08	3.11e-04	5.61e-02	3.58e-01	4.76e-01	1.04e-01	4.68e-03	5.37e-04	3.84e-05	0.00e+00	0.00e+00
 8.78456e+22	6.06e-08	3.80e-04	6.39e-02	3.75e-01	4.62e-01	9.35e-02	3.95e-03	4.44e-04	2.97e-05	0.00e+00	0.00e+00
 8.82408e+22	7.57e-08	4.47e-04	7.08e-02	3.89e-01	4.50e-01	8.56e-02	3.44e-03	3.80e-04	2.41e-05	0.00e+00	0.00e+00
 8.86404e+22	9.96e-08	5.46e-04	8.04e-02	4.06e-01	4.33e-01	7.64e-02	2.89e-03	3.11e-04	1.84e-05	0.00e+00	0.00e+00
 8.90444e+22	1.24e-07	6.41e-04	8.89e-02	4.19e-01	4.19e-01	6.94e-02	2.49e-03	2.64e-04	1.48e-05	0.00e+00	0.00e+00
 8.93676e+22	1.49e-07	7.30e-04	9.65e-02	4.30e-01	4.07e-01	6.40e-02	2.21e-03	2.30e-04	1.23e-05	0.00e+00	0.00e+00
 8.97012e+22	1.85e-07	8.53e-04	1.06e-01	4.42e-01	3.91e-01	5.78e-02	1.90e-03	1.94e-04	9.82e-06	0.00e+00	0.00e+00
 9.00424e+22	2.23e-07	9.73e-04	1.15e-01	4.51e-01	3.78e-01	5.30e-02	1.67e-03	1.68e-04	8.09e-06	0.00e+00	0.00e+00
 9.03456e+22	2.65e-07	1.10e-03	1.24e-01	4.60e-01	3.65e-01	4.85e-02	1.47e-03	1.45e-04	6.70e-06	0.00e+00	0.00e+00
 9.06917e+22	3.30e-07	1.29e-03	1.37e-01	4.70e-01	3.47e-01	4.34e-02	1.25e-03	1.21e-04	5.27e-06	0.00e+00	0.00e+00
 9.10416e+22	3.96e-07	1.47e-03	1.48e-01	4.77e-01	3.33e-01	3.94e-02	1.09e-03	1.04e-04	4.30e-06	0.00e+00	0.00e+00
 9.13474e+22	4.71e-07	1.66e-03	1.59e-01	4.83e-01	3.19e-01	3.58e-02	9.54e-04	8.90e-05	3.53e-06	0.00e+00	0.00e+00
 9.16959e+22	5.87e-07	1.93e-03	1.74e-01	4.90e-01	3.01e-01	3.16e-02	8.02e-04	7.31e-05	2.73e-06	0.00e+00	0.00e+00
 9.20474e+22	6.94e-07	2.17e-03	1.86e-01	4.95e-01	2.87e-01	2.86e-02	7.00e-04	6.25e-05	2.23e-06	0.00e+00	0.00e+00
 9.23862e+22	8.45e-07	2.49e-03	2.02e-01	4.99e-01	2.71e-01	2.54e-02	5.94e-04	5.18e-05	1.75e-06	0.00e+00	0.00e+00
