#depth	Ar	Ar+	Ar+2	Ar+3	Ar+4	Ar+5	Ar+6	Ar+7	Ar+8	Ar+9	Ar+10	Ar+11	Ar+12	Ar+13	Ar+14	Ar+15	Ar+16	Ar+17	Ar+18
 4.62852e+21	0.00e+00	0.00e+00	0.00e+00	5.60e-25	7.98e-22	4.51e-19	1.50e-16	5.81e-14	4.29e-11	4.35e-09	2.19e-07	5.37e-06	9.13e-05	7.99e-04	4.51e-03	2.71e-02	2.89e-01	4.49e-01	2.29e-01
 1.05131e+22	0.00e+00	2.32e-31	8.76e-26	1.41e-22	1.32e-19	4.77e-17	1.00e-14	2.42e-12	1.38e-09	1.02e-07	3.64e-06	6.12e-05	7.14e-04	4.12e-03	1.48e-02	5.67e-02	3.96e-01	3.97e-01	1.31e-01
 1.23972e+22	0.00e+00	5.56e-30	1.78e-24	2.35e-21	1.74e-18	4.94e-16	8.08e-14	1.50e-11	7.73e-09	4.97e-07	1.49e-05	2.07e-04	1.99e-03	9.21e-03	2.59e-02	7.86e-02	4.42e-01	3.51e-01	9.18e-02
 1.33392e+22	0.00e+00	2.79e-29	8.19e-24	9.73e-21	6.40e-18	1.60e-15	2.29e-13	3.72e-11	1.83e-08	1.10e-06	3.03e-05	3.80e-04	3.32e-03	1.37e-02	3.41e-02	9.12e-02	4.59e-01	3.23e-01	7.53e-02
 1.37317e+22	0.00e+00	4.27e-29	1.23e-23	1.42e-20	9.01e-18	2.17e-15	3.00e-13	4.71e-11	2.29e-08	1.35e-06	3.66e-05	4.46e-04	3.79e-03	1.52e-02	3.65e-02	9.46e-02	4.62e-01	3.16e-01	7.13e-02
 1.39123e+22	0.00e+00	7.11e-29	1.99e-23	2.22e-20	1.36e-17	3.15e-15	4.16e-13	6.25e-11	3.00e-08	1.74e-06	4.57e-05	5.40e-04	4.45e-03	1.72e-02	3.97e-02	9.88e-02	4.66e-01	3.06e-01	6.66e-02
 1.41048e+22	0.00e+00	1.13e-28	3.09e-23	3.35e-20	1.98e-17	4.41e-15	5.60e-13	8.08e-11	3.84e-08	2.18e-06	5.59e-05	6.42e-04	5.14e-03	1.92e-02	4.28e-02	1.03e-01	4.69e-01	2.98e-01	6.25e-02
 1.42849e+22	0.00e+00	1.81e-28	4.84e-23	5.07e-20	2.88e-17	6.17e-15	7.52e-13	1.04e-10	4.91e-08	2.73e-06	6.85e-05	7.64e-04	5.94e-03	2.14e-02	4.61e-02	1.07e-01	4.72e-01	2.89e-01	5.86e-02
 1.44490e+22	0.00e+00	2.68e-28	7.02e-23	7.16e-20	3.95e-17	8.18e-15	9.63e-13	1.29e-10	6.02e-08	3.31e-06	8.12e-05	8.84e-04	6.71e-03	2.35e-02	4.90e-02	1.10e-01	4.73e-01	2.81e-01	5.54e-02
 1.46200e+22	0.00e+00	4.40e-28	1.12e-22	1.11e-19	5.87e-17	1.17e-14	1.31e-12	1.68e-10	7.79e-08	4.20e-06	1.01e-04	1.06e-03	7.80e-03	2.64e-02	5.28e-02	1.14e-01	4.74e-01	2.72e-01	5.16e-02
 1.47821e+22	0.00e+00	6.33e-28	1.59e-22	1.52e-19	7.85e-17	1.51e-14	1.65e-12	2.04e-10	9.40e-08	5.00e-06	1.17e-04	1.21e-03	8.71e-03	2.87e-02	5.58e-02	1.17e-01	4.75e-01	2.65e-01	4.89e-02
 1.49102e+22	0.00e+00	8.94e-28	2.20e-22	2.06e-19	1.03e-16	1.93e-14	2.04e-12	2.44e-10	1.12e-07	5.89e-06	1.36e-04	1.37e-03	9.67e-03	3.11e-02	5.88e-02	1.20e-01	4.75e-01	2.58e-01	4.64e-02
 1.50544e+22	0.00e+00	1.36e-27	3.27e-22	2.98e-19	1.44e-16	2.59e-14	2.63e-12	3.04e-10	1.39e-07	7.19e-06	1.63e-04	1.60e-03	1.10e-02	3.41e-02	6.24e-02	1.23e-01	4.74e-01	2.50e-01	4.35e-02
 1.51975e+22	0.00e+00	1.91e-27	4.52e-22	4.01e-19	1.88e-16	3.29e-14	3.24e-12	3.63e-10	1.65e-07	8.44e-06	1.88e-04	1.81e-03	1.21e-02	3.68e-02	6.56e-02	1.26e-01	4.74e-01	2.43e-01	4.13e-02
 1.53176e+22	0.00e+00	2.63e-27	6.14e-22	5.32e-19	2.43e-16	4.13e-14	3.95e-12	4.28e-10	1.94e-07	9.83e-06	2.15e-04	2.03e-03	1.34e-02	3.96e-02	6.86e-02	1.28e-01	4.72e-01	2.36e-01	3.92e-02
 1.54523e+22	0.00e+00	3.91e-27	8.96e-22	7.54e-19	3.33e-16	5.45e-14	5.02e-12	5.25e-10	2.38e-07	1.19e-05	2.55e-04	2.34e-03	1.50e-02	4.32e-02	7.25e-02	1.31e-01	4.70e-01	2.28e-01	3.67e-02
 1.55845e+22	0.00e+00	5.39e-27	1.21e-21	9.97e-19	4.29e-16	6.81e-14	6.09e-12	6.17e-10	2.79e-07	1.38e-05	2.91e-04	2.62e-03	1.65e-02	4.63e-02	7.58e-02	1.34e-01	4.68e-01	2.22e-01	3.48e-02
 1.56937e+22	0.00e+00	7.26e-27	1.61e-21	1.29e-18	5.43e-16	8.38e-14	7.27e-12	7.17e-10	3.24e-07	1.58e-05	3.30e-04	2.91e-03	1.80e-02	4.94e-02	7.89e-02	1.36e-01	4.66e-01	2.15e-01	3.31e-02
 1.58158e+22	0.00e+00	1.05e-26	2.29e-21	1.78e-18	7.24e-16	1.08e-13	9.05e-12	8.61e-10	3.89e-07	1.88e-05	3.84e-04	3.31e-03	2.00e-02	5.34e-02	8.28e-02	1.38e-01	4.63e-01	2.08e-01	3.10e-02
 1.59416e+22	3.31e-33	1.45e-26	3.12e-21	2.37e-18	9.34e-16	1.35e-13	1.10e-11	1.01e-09	4.56e-07	2.19e-05	4.39e-04	3.71e-03	2.19e-02	5.72e-02	8.63e-02	1.40e-01	4.59e-01	2.01e-01	2.93e-02
 1.60523e+22	4.52e-33	1.95e-26	4.13e-21	3.06e-18	1.18e-15	1.66e-13	1.31e-11	1.17e-09	5.28e-07	2.50e-05	4.96e-04	4.11e-03	2.38e-02	6.08e-02	8.95e-02	1.42e-01	4.56e-01	1.95e-01	2.78e-02
 1.61762e+22	6.82e-33	2.88e-26	5.99e-21	4.31e-18	1.60e-15	2.17e-13	1.64e-11	1.41e-09	6.38e-07	3.00e-05	5.83e-04	4.71e-03	2.66e-02	6.59e-02	9.39e-02	1.44e-01	4.51e-01	1.87e-01	2.58e-02
 1.62945e+22	9.22e-33	3.84e-26	7.88e-21	5.53e-18	2.00e-15	2.63e-13	1.93e-11	1.62e-09	7.33e-07	3.42e-05	6.55e-04	5.20e-03	2.89e-02	6.98e-02	9.72e-02	1.46e-01	4.47e-01	1.81e-01	2.45e-02
 1.63901e+22	1.23e-32	5.06e-26	1.02e-20	7.03e-18	2.47e-15	3.17e-13	2.26e-11	1.84e-09	8.37e-07	3.87e-05	7.32e-04	5.71e-03	3.11e-02	7.38e-02	1.00e-01	1.47e-01	4.42e-01	1.76e-01	2.32e-02
 1.64991e+22	1.77e-32	7.16e-26	1.43e-20	9.50e-18	3.24e-15	4.01e-13	2.76e-11	2.17e-09	9.89e-07	4.53e-05	8.43e-04	6.42e-03	3.42e-02	7.90e-02	1.04e-01	1.49e-01	4.36e-01	1.69e-01	2.17e-02
 1.66104e+22	2.42e-32	9.66e-26	1.90e-20	1.23e-17	4.08e-15	4.90e-13	3.26e-11	2.49e-09	1.14e-06	5.18e-05	9.50e-04	7.10e-03	3.71e-02	8.37e-02	1.08e-01	1.50e-01	4.30e-01	1.62e-01	2.04e-02
 1.67082e+22	3.22e-32	1.27e-25	2.45e-20	1.56e-17	5.03e-15	5.88e-13	3.81e-11	2.83e-09	1.30e-06	5.85e-05	1.06e-03	7.77e-03	3.99e-02	8.81e-02	1.11e-01	1.51e-01	4.25e-01	1.57e-01	1.93e-02
 1.68187e+22	4.80e-32	1.85e-25	3.53e-20	2.17e-17	6.73e-15	7.55e-13	4.69e-11	3.34e-09	1.55e-06	6.92e-05	1.23e-03	8.81e-03	4.42e-02	9.46e-02	1.15e-01	1.52e-01	4.17e-01	1.49e-01	1.78e-02
 1.69285e+22	6.48e-32	2.47e-25	4.64e-20	2.77e-17	8.37e-15	9.12e-13	5.49e-11	3.80e-09	1.76e-06	7.84e-05	1.38e-03	9.66e-03	4.76e-02	9.97e-02	1.19e-01	1.52e-01	4.10e-01	1.44e-01	1.67e-02
 1.70374e+22	9.57e-32	3.58e-25	6.61e-20	3.82e-17	1.11e-14	1.16e-12	6.72e-11	4.47e-09	2.09e-06	9.23e-05	1.59e-03	1.09e-02	5.24e-02	1.07e-01	1.23e-01	1.53e-01	4.01e-01	1.36e-01	1.54e-02
 1.71481e+22	1.31e-31	4.84e-25	8.82e-20	4.95e-17	1.40e-14	1.42e-12	7.90e-11	5.09e-09	2.40e-06	1.05e-04	1.79e-03	1.20e-02	5.66e-02	1.12e-01	1.26e-01	1.53e-01	3.93e-01	1.30e-01	1.44e-02
 1.72433e+22	1.75e-31	6.39e-25	1.15e-19	6.28e-17	1.72e-14	1.70e-12	9.17e-11	5.73e-09	2.72e-06	1.18e-04	1.99e-03	1.31e-02	6.06e-02	1.18e-01	1.29e-01	1.53e-01	3.86e-01	1.25e-01	1.35e-02
 1.73493e+22	2.64e-31	9.46e-25	1.67e-19	8.79e-17	2.31e-14	2.17e-12	1.12e-10	6.72e-09	3.23e-06	1.40e-04	2.30e-03	1.48e-02	6.68e-02	1.26e-01	1.33e-01	1.53e-01	3.75e-01	1.17e-01	1.23e-02
 1.74531e+22	3.49e-31	1.23e-24	2.15e-19	1.10e-16	2.82e-14	2.58e-12	1.29e-10	7.51e-09	3.64e-06	1.57e-04	2.54e-03	1.61e-02	7.12e-02	1.31e-01	1.36e-01	1.52e-01	3.67e-01	1.13e-01	1.15e-02
 1.75542e+22	5.17e-31	1.80e-24	3.08e-19	1.52e-16	3.73e-14	3.27e-12	1.56e-10	8.72e-09	4.28e-06	1.83e-04	2.92e-03	1.80e-02	7.78e-02	1.39e-01	1.40e-01	1.51e-01	3.55e-01	1.06e-01	1.05e-02
 1.76536e+22	6.77e-31	2.32e-24	3.94e-19	1.89e-16	4.53e-14	3.85e-12	1.79e-10	9.69e-09	4.79e-06	2.04e-04	3.21e-03	1.94e-02	8.26e-02	1.45e-01	1.42e-01	1.50e-01	3.47e-01	1.01e-01	9.83e-03
 1.77509e+22	1.00e-30	3.37e-24	5.62e-19	2.60e-16	5.95e-14	4.85e-12	2.15e-10	1.12e-08	5.60e-06	2.37e-04	3.67e-03	2.17e-02	8.99e-02	1.53e-01	1.45e-01	1.49e-01	3.34e-01	9.44e-02	8.91e-03
 1.78478e+22	1.32e-30	4.39e-24	7.23e-19	3.26e-16	7.24e-14	5.72e-12	2.46e-10	1.24e-08	6.27e-06	2.64e-04	4.04e-03	2.34e-02	9.54e-02	1.59e-01	1.47e-01	1.47e-01	3.25e-01	8.98e-02	8.30e-03
 1.79445e+22	1.95e-30	6.40e-24	1.04e-18	4.47e-16	9.53e-14	7.19e-12	2.95e-10	1.42e-08	7.31e-06	3.06e-04	4.61e-03	2.61e-02	1.04e-01	1.67e-01	1.50e-01	1.45e-01	3.12e-01	8.35e-02	7.48e-03
 1.80418e+22	2.60e-30	8.43e-24	1.35e-18	5.65e-16	1.17e-13	8.52e-12	3.38e-10	1.58e-08	8.19e-06	3.41e-04	5.07e-03	2.81e-02	1.10e-01	1.73e-01	1.52e-01	1.43e-01	3.03e-01	7.90e-02	6.91e-03
 1.81399e+22	3.90e-30	1.24e-23	1.95e-18	7.83e-16	1.54e-13	1.08e-11	4.05e-10	1.81e-08	9.55e-06	3.96e-04	5.78e-03	3.13e-02	1.19e-01	1.81e-01	1.54e-01	1.41e-01	2.89e-01	7.29e-02	6.18e-03
 1.82387e+22	5.25e-30	1.65e-23	2.56e-18	9.95e-16	1.90e-13	1.28e-11	4.65e-10	2.01e-08	1.07e-05	4.42e-04	6.36e-03	3.37e-02	1.26e-01	1.88e-01	1.55e-01	1.38e-01	2.78e-01	6.86e-02	5.67e-03
 1.83383e+22	7.84e-30	2.42e-23	3.69e-18	1.37e-15	2.51e-13	1.61e-11	5.57e-10	2.30e-08	1.24e-05	5.10e-04	7.22e-03	3.73e-02	1.35e-01	1.96e-01	1.57e-01	1.35e-01	2.64e-01	6.30e-02	5.04e-03
 1.84370e+22	1.06e-29	3.22e-23	4.84e-18	1.75e-15	3.08e-13	1.91e-11	6.38e-10	2.55e-08	1.39e-05	5.68e-04	7.92e-03	4.01e-02	1.43e-01	2.02e-01	1.57e-01	1.32e-01	2.54e-01	5.90e-02	4.61e-03
 1.85345e+22	1.58e-29	4.72e-23	6.97e-18	2.40e-15	4.05e-13	2.39e-11	7.61e-10	2.91e-08	1.60e-05	6.52e-04	8.93e-03	4.41e-02	1.53e-01	2.09e-01	1.58e-01	1.28e-01	2.40e-01	5.39e-02	4.07e-03
 1.86334e+22	2.16e-29	6.37e-23	9.28e-18	3.09e-15	5.02e-13	2.86e-11	8.74e-10	3.22e-08	1.79e-05	7.26e-04	9.80e-03	4.74e-02	1.61e-01	2.15e-01	1.58e-01	1.25e-01	2.29e-01	5.01e-02	3.69e-03
 1.87342e+22	3.26e-29	9.46e-23	1.35e-17	4.29e-15	6.65e-13	3.61e-11	1.05e-09	3.69e-08	2.07e-05	8.34e-04	1.10e-02	5.21e-02	1.72e-01	2.23e-01	1.58e-01	1.20e-01	2.15e-01	4.54e-02	3.23e-03
 1.88363e+22	4.51e-29	1.29e-22	1.82e-17	5.56e-15	8.30e-13	4.33e-11	1.21e-09	4.09e-08	2.31e-05	9.28e-04	1.21e-02	5.59e-02	1.81e-01	2.28e-01	1.57e-01	1.17e-01	2.04e-01	4.19e-02	2.90e-03
 1.89400e+22	6.92e-29	1.94e-22	2.68e-17	7.81e-15	1.11e-12	5.50e-11	1.45e-09	4.69e-08	2.67e-05	1.06e-03	1.36e-02	6.11e-02	1.92e-01	2.34e-01	1.56e-01	1.12e-01	1.89e-01	3.75e-02	2.51e-03
 1.90443e+22	9.59e-29	2.65e-22	3.61e-17	1.01e-14	1.38e-12	6.60e-11	1.67e-09	5.22e-08	2.97e-05	1.18e-03	1.49e-02	6.54e-02	2.01e-01	2.39e-01	1.55e-01	1.08e-01	1.79e-01	3.45e-02	2.24e-03
 1.91341e+22	1.32e-28	3.60e-22	4.83e-17	1.30e-14	1.72e-12	7.88e-11	1.92e-09	5.78e-08	3.30e-05	1.30e-03	1.62e-02	6.96e-02	2.10e-01	2.43e-01	1.53e-01	1.04e-01	1.69e-01	3.16e-02	2.00e-03
 1.92358e+22	2.01e-28	5.37e-22	7.07e-17	1.82e-14	2.28e-12	9.95e-11	2.30e-09	6.60e-08	3.76e-05	1.48e-03	1.80e-02	7.54e-02	2.21e-01	2.48e-01	1.51e-01	9.91e-02	1.56e-01	2.82e-02	1.72e-03
 1.93374e+22	2.72e-28	7.19e-22	9.33e-17	2.31e-14	2.80e-12	1.18e-10	2.63e-09	7.30e-08	4.14e-05	1.62e-03	1.94e-02	7.98e-02	2.29e-01	2.51e-01	1.49e-01	9.54e-02	1.47e-01	2.59e-02	1.54e-03
 1.94388e+22	4.11e-28	1.07e-21	1.35e-16	3.20e-14	3.69e-12	1.48e-10	3.15e-09	8.33e-08	4.69e-05	1.82e-03	2.14e-02	8.59e-02	2.40e-01	2.55e-01	1.46e-01	9.04e-02	1.36e-01	2.30e-02	1.32e-03
 1.95412e+22	5.57e-28	1.42e-21	1.78e-16	4.06e-14	4.53e-12	1.76e-10	3.60e-09	9.21e-08	5.15e-05	1.99e-03	2.30e-02	9.05e-02	2.48e-01	2.57e-01	1.43e-01	8.67e-02	1.27e-01	2.10e-02	1.17e-03
 1.96449e+22	8.40e-28	2.11e-21	2.59e-16	5.62e-14	5.98e-12	2.21e-10	4.31e-09	1.05e-07	5.82e-05	2.23e-03	2.53e-02	9.70e-02	2.58e-01	2.59e-01	1.40e-01	8.18e-02	1.17e-01	1.86e-02	1.00e-03
 1.97505e+22	1.14e-27	2.83e-21	3.42e-16	7.16e-14	7.37e-12	2.64e-10	4.95e-09	1.17e-07	6.38e-05	2.43e-03	2.71e-02	1.02e-01	2.66e-01	2.60e-01	1.37e-01	7.82e-02	1.09e-01	1.69e-02	8.87e-04
 1.98585e+22	1.72e-27	4.16e-21	4.92e-16	9.84e-14	9.68e-12	3.31e-10	5.93e-09	1.34e-07	7.19e-05	2.71e-03	2.96e-02	1.09e-01	2.75e-01	2.61e-01	1.33e-01	7.36e-02	1.00e-01	1.50e-02	7.55e-04
 1.99701e+22	2.39e-27	5.69e-21	6.62e-16	1.28e-13	1.21e-11	3.99e-10	6.87e-09	1.50e-07	7.91e-05	2.96e-03	3.18e-02	1.14e-01	2.83e-01	2.62e-01	1.30e-01	6.99e-02	9.30e-02	1.35e-02	6.61e-04
 2.00863e+22	3.64e-27	8.49e-21	9.66e-16	1.77e-13	1.61e-11	5.06e-10	8.31e-09	1.74e-07	8.93e-05	3.30e-03	3.47e-02	1.21e-01	2.92e-01	2.61e-01	1.25e-01	6.53e-02	8.44e-02	1.18e-02	5.56e-04
 2.02051e+22	5.07e-27	1.16e-20	1.30e-15	2.30e-13	2.01e-11	6.12e-10	9.67e-09	1.95e-07	9.83e-05	3.60e-03	3.72e-02	1.27e-01	2.99e-01	2.61e-01	1.22e-01	6.18e-02	7.81e-02	1.06e-02	4.84e-04
 2.03109e+22	7.01e-27	1.58e-20	1.74e-15	2.96e-13	2.50e-11	7.35e-10	1.12e-08	2.18e-07	1.08e-04	3.91e-03	3.96e-02	1.33e-01	3.05e-01	2.60e-01	1.18e-01	5.84e-02	7.22e-02	9.48e-03	4.22e-04
 2.04318e+22	1.06e-26	2.34e-20	2.51e-15	4.08e-13	3.31e-11	9.30e-10	1.35e-08	2.53e-07	1.21e-04	4.33e-03	4.30e-02	1.40e-01	3.13e-01	2.58e-01	1.13e-01	5.44e-02	6.53e-02	8.25e-03	3.54e-04
 2.05544e+22	1.46e-26	3.16e-20	3.33e-15	5.24e-13	4.10e-11	1.12e-09	1.57e-08	2.84e-07	1.33e-04	4.69e-03	4.57e-02	1.46e-01	3.19e-01	2.56e-01	1.09e-01	5.13e-02	6.03e-02	7.40e-03	3.08e-04
 2.06792e+22	2.19e-26	4.64e-20	4.78e-15	7.19e-13	5.41e-11	1.41e-09	1.90e-08	3.29e-07	1.49e-04	5.19e-03	4.93e-02	1.53e-01	3.25e-01	2.53e-01	1.05e-01	4.76e-02	5.44e-02	6.42e-03	2.58e-04
 2.08004e+22	2.91e-26	6.08e-20	6.15e-15	8.98e-13	6.56e-11	1.67e-09	2.17e-08	3.66e-07	1.62e-04	5.57e-03	5.20e-02	1.59e-01	3.30e-01	2.51e-01	1.01e-01	4.51e-02	5.05e-02	5.81e-03	2.27e-04
 2.09170e+22	4.22e-26	8.63e-20	8.54e-15	1.20e-12	8.44e-11	2.06e-09	2.59e-08	4.19e-07	1.80e-04	6.09e-03	5.56e-02	1.66e-01	3.35e-01	2.47e-01	9.69e-02	4.20e-02	4.58e-02	5.08e-03	1.92e-04
 2.10357e+22	5.60e-26	1.13e-19	1.10e-14	1.49e-12	1.02e-10	2.43e-09	2.96e-08	4.66e-07	1.95e-04	6.52e-03	5.85e-02	1.71e-01	3.39e-01	2.44e-01	9.35e-02	3.97e-02	4.25e-02	4.59e-03	1.69e-04
 2.11574e+22	8.16e-26	1.61e-19	1.53e-14	2.00e-12	1.32e-10	3.03e-09	3.54e-08	5.36e-07	2.17e-04	7.13e-03	6.25e-02	1.78e-01	3.43e-01	2.40e-01	8.91e-02	3.68e-02	3.83e-02	3.99e-03	1.42e-04
 2.12808e+22	1.08e-25	2.09e-19	1.95e-14	2.48e-12	1.59e-10	3.56e-09	4.04e-08	5.96e-07	2.35e-04	7.63e-03	6.56e-02	1.84e-01	3.46e-01	2.37e-01	8.59e-02	3.47e-02	3.55e-02	3.60e-03	1.24e-04
 2.14064e+22	1.57e-25	2.97e-19	2.71e-14	3.31e-12	2.06e-10	4.43e-09	4.84e-08	6.87e-07	2.62e-04	8.33e-03	6.99e-02	1.91e-01	3.50e-01	2.32e-01	8.16e-02	3.21e-02	3.19e-02	3.12e-03	1.04e-04
 2.15298e+22	2.03e-25	3.78e-19	3.39e-14	4.04e-12	2.45e-10	5.15e-09	5.48e-08	7.59e-07	2.82e-04	8.85e-03	7.31e-02	1.96e-01	3.52e-01	2.28e-01	7.86e-02	3.04e-02	2.97e-02	2.83e-03	9.20e-05
 2.16504e+22	2.87e-25	5.24e-19	4.60e-14	5.29e-12	3.10e-10	6.31e-09	6.48e-08	8.67e-07	3.12e-04	9.60e-03	7.74e-02	2.02e-01	3.55e-01	2.23e-01	7.47e-02	2.82e-02	2.68e-02	2.47e-03	7.77e-05
 2.17735e+22	3.73e-25	6.69e-19	5.77e-14	6.47e-12	3.71e-10	7.36e-09	7.37e-08	9.61e-07	3.37e-04	1.02e-02	8.08e-02	2.07e-01	3.56e-01	2.20e-01	7.19e-02	2.66e-02	2.48e-02	2.23e-03	6.84e-05
 2.18997e+22	5.30e-25	9.30e-19	7.83e-14	8.48e-12	4.70e-10	9.05e-09	8.74e-08	1.10e-06	3.73e-04	1.11e-02	8.55e-02	2.14e-01	3.58e-01	2.14e-01	6.81e-02	2.46e-02	2.24e-02	1.94e-03	5.75e-05
 2.20283e+22	6.92e-25	1.19e-18	9.87e-14	1.04e-11	5.64e-10	1.06e-08	9.96e-08	1.22e-06	4.04e-04	1.18e-02	8.92e-02	2.19e-01	3.59e-01	2.10e-01	6.52e-02	2.31e-02	2.06e-02	1.74e-03	5.03e-05
 2.21601e+22	9.86e-25	1.66e-18	1.34e-13	1.37e-11	7.17e-10	1.30e-08	1.18e-07	1.41e-06	4.48e-04	1.28e-02	9.43e-02	2.26e-01	3.60e-01	2.04e-01	6.16e-02	2.13e-02	1.85e-02	1.51e-03	4.21e-05
 2.22942e+22	1.29e-24	2.13e-18	1.69e-13	1.68e-11	8.62e-10	1.53e-08	1.35e-07	1.56e-06	4.85e-04	1.36e-02	9.83e-02	2.31e-01	3.60e-01	1.99e-01	5.88e-02	1.99e-02	1.70e-02	1.35e-03	3.67e-05
 2.24313e+22	1.84e-24	2.97e-18	2.30e-13	2.21e-11	1.10e-09	1.89e-08	1.61e-07	1.80e-06	5.39e-04	1.47e-02	1.04e-01	2.38e-01	3.60e-01	1.93e-01	5.53e-02	1.83e-02	1.52e-02	1.17e-03	3.05e-05
 2.25710e+22	2.42e-24	3.83e-18	2.90e-13	2.72e-11	1.32e-09	2.22e-08	1.84e-07	2.01e-06	5.84e-04	1.57e-02	1.08e-01	2.43e-01	3.60e-01	1.89e-01	5.27e-02	1.71e-02	1.40e-02	1.04e-03	2.65e-05
 2.27141e+22	3.46e-24	5.35e-18	3.95e-13	3.58e-11	1.69e-09	2.74e-08	2.20e-07	2.32e-06	6.50e-04	1.70e-02	1.14e-01	2.49e-01	3.59e-01	1.82e-01	4.94e-02	1.56e-02	1.24e-02	8.93e-04	2.19e-05
 2.28539e+22	4.42e-24	6.71e-18	4.86e-13	4.31e-11	1.99e-09	3.17e-08	2.49e-07	2.56e-06	7.00e-04	1.80e-02	1.18e-01	2.54e-01	3.58e-01	1.78e-01	4.72e-02	1.47e-02	1.15e-02	8.05e-04	1.93e-05
 2.29895e+22	6.19e-24	9.18e-18	6.49e-13	5.57e-11	2.50e-09	3.87e-08	2.94e-07	2.93e-06	7.74e-04	1.94e-02	1.24e-01	2.59e-01	3.56e-01	1.72e-01	4.43e-02	1.35e-02	1.03e-02	6.95e-04	1.61e-05
 2.31272e+22	7.91e-24	1.15e-17	8.00e-13	6.72e-11	2.96e-09	4.48e-08	3.32e-07	3.24e-06	8.34e-04	2.05e-02	1.29e-01	2.64e-01	3.54e-01	1.67e-01	4.23e-02	1.26e-02	9.46e-03	6.24e-04	1.41e-05
 2.32678e+22	1.10e-23	1.57e-17	1.06e-12	8.65e-11	3.70e-09	5.45e-08	3.92e-07	3.70e-06	9.21e-04	2.20e-02	1.35e-01	2.69e-01	3.52e-01	1.61e-01	3.96e-02	1.16e-02	8.46e-03	5.39e-04	1.18e-05
 2.34128e+22	1.44e-23	2.01e-17	1.33e-12	1.06e-10	4.44e-09	6.39e-08	4.48e-07	4.13e-06	9.98e-04	2.34e-02	1.40e-01	2.74e-01	3.50e-01	1.56e-01	3.75e-02	1.08e-02	7.71e-03	4.78e-04	1.02e-05
 2.35634e+22	2.01e-23	2.73e-17	1.77e-12	1.37e-10	5.58e-09	7.80e-08	5.30e-07	4.73e-06	1.11e-03	2.52e-02	1.46e-01	2.79e-01	3.46e-01	1.50e-01	3.50e-02	9.82e-03	6.87e-03	4.11e-04	8.44e-06
 2.37190e+22	2.67e-23	3.55e-17	2.25e-12	1.70e-10	6.76e-09	9.23e-08	6.11e-07	5.31e-06	1.20e-03	2.68e-02	1.52e-01	2.83e-01	3.43e-01	1.45e-01	3.30e-02	9.08e-03	6.21e-03	3.61e-04	7.20e-06
 2.38810e+22	3.79e-23	4.91e-17	3.02e-12	2.21e-10	8.57e-09	1.14e-07	7.27e-07	6.12e-06	1.34e-03	2.89e-02	1.59e-01	2.88e-01	3.39e-01	1.38e-01	3.06e-02	8.23e-03	5.49e-03	3.08e-04	5.91e-06
 2.40475e+22	5.07e-23	6.43e-17	3.86e-12	2.76e-10	1.05e-08	1.35e-07	8.42e-07	6.90e-06	1.46e-03	3.08e-02	1.65e-01	2.93e-01	3.35e-01	1.33e-01	2.87e-02	7.57e-03	4.94e-03	2.69e-04	5.01e-06
 2.42198e+22	7.28e-23	8.97e-17	5.23e-12	3.63e-10	1.33e-08	1.68e-07	1.01e-06	8.00e-06	1.63e-03	3.33e-02	1.73e-01	2.97e-01	3.30e-01	1.27e-01	2.64e-02	6.82e-03	4.33e-03	2.27e-04	4.07e-06
 2.43978e+22	9.89e-23	1.19e-16	6.76e-12	4.58e-10	1.64e-08	2.01e-07	1.18e-06	9.07e-06	1.79e-03	3.55e-02	1.80e-01	3.01e-01	3.25e-01	1.21e-01	2.47e-02	6.23e-03	3.87e-03	1.96e-04	3.41e-06
 2.45833e+22	1.44e-22	1.68e-16	9.29e-12	6.09e-10	2.12e-08	2.51e-07	1.42e-06	1.06e-05	2.01e-03	3.85e-02	1.89e-01	3.06e-01	3.19e-01	1.15e-01	2.26e-02	5.56e-03	3.36e-03	1.63e-04	2.73e-06
 2.47736e+22	1.98e-22	2.25e-16	1.21e-11	7.74e-10	2.63e-08	3.03e-07	1.66e-06	1.20e-05	2.21e-03	4.11e-02	1.96e-01	3.09e-01	3.14e-01	1.09e-01	2.09e-02	5.05e-03	2.98e-03	1.40e-04	2.26e-06
 2.49444e+22	2.68e-22	2.97e-16	1.56e-11	9.72e-10	3.22e-08	3.62e-07	1.93e-06	1.36e-05	2.42e-03	4.38e-02	2.03e-01	3.12e-01	3.08e-01	1.04e-01	1.94e-02	4.60e-03	2.66e-03	1.21e-04	1.89e-06
 2.51406e+22	4.02e-22	4.31e-16	2.18e-11	1.32e-09	4.23e-08	4.60e-07	2.36e-06	1.61e-05	2.73e-03	4.76e-02	2.12e-01	3.16e-01	3.00e-01	9.76e-02	1.76e-02	4.05e-03	2.27e-03	9.89e-05	1.48e-06
 2.53381e+22	5.42e-22	5.68e-16	2.80e-11	1.65e-09	5.17e-08	5.49e-07	2.74e-06	1.81e-05	2.99e-03	5.06e-02	2.20e-01	3.18e-01	2.94e-01	9.28e-02	1.63e-02	3.69e-03	2.02e-03	8.52e-05	1.24e-06
 2.55371e+22	8.06e-22	8.16e-16	3.89e-11	2.22e-09	6.75e-08	6.93e-07	3.34e-06	2.13e-05	3.36e-03	5.48e-02	2.29e-01	3.20e-01	2.86e-01	8.67e-02	1.47e-02	3.24e-03	1.72e-03	6.96e-05	9.68e-07
 2.57403e+22	1.11e-21	1.09e-15	5.07e-11	2.82e-09	8.37e-08	8.37e-07	3.91e-06	2.42e-05	3.70e-03	5.84e-02	2.37e-01	3.22e-01	2.79e-01	8.19e-02	1.35e-02	2.92e-03	1.51e-03	5.91e-05	7.93e-07
 2.59491e+22	1.67e-21	1.59e-15	7.10e-11	3.82e-09	1.10e-07	1.06e-06	4.79e-06	2.86e-05	4.17e-03	6.33e-02	2.47e-01	3.24e-01	2.70e-01	7.61e-02	1.21e-02	2.55e-03	1.28e-03	4.78e-05	6.13e-07
 2.61610e+22	2.31e-21	2.14e-15	9.30e-11	4.87e-09	1.37e-07	1.29e-06	5.63e-06	3.27e-05	4.60e-03	6.74e-02	2.55e-01	3.25e-01	2.62e-01	7.15e-02	1.11e-02	2.28e-03	1.11e-03	4.01e-05	4.97e-07
 2.63772e+22	3.53e-21	3.15e-15	1.32e-10	6.67e-09	1.82e-07	1.65e-06	6.95e-06	3.88e-05	5.20e-03	7.32e-02	2.66e-01	3.25e-01	2.52e-01	6.58e-02	9.80e-03	1.97e-03	9.30e-04	3.19e-05	3.77e-07
 2.65815e+22	4.66e-21	4.06e-15	1.66e-10	8.21e-09	2.19e-07	1.95e-06	7.97e-06	4.34e-05	5.65e-03	7.71e-02	2.72e-01	3.26e-01	2.45e-01	6.23e-02	9.04e-03	1.78e-03	8.25e-04	2.74e-05	3.13e-07
 2.67704e+22	6.74e-21	5.68e-15	2.24e-10	1.08e-08	2.80e-07	2.42e-06	9.58e-06	5.05e-05	6.29e-03	8.27e-02	2.81e-01	3.25e-01	2.36e-01	5.77e-02	8.10e-03	1.56e-03	7.00e-04	2.23e-05	2.44e-07
 2.69609e+22	8.91e-21	7.33e-15	2.82e-10	1.33e-08	3.37e-07	2.85e-06	1.10e-05	5.66e-05	6.83e-03	8.71e-02	2.88e-01	3.25e-01	2.29e-01	5.44e-02	7.44e-03	1.41e-03	6.18e-04	1.91e-05	2.02e-07
 2.71535e+22	1.29e-20	1.03e-14	3.82e-10	1.74e-08	4.33e-07	3.56e-06	1.33e-05	6.60e-05	7.62e-03	9.33e-02	2.97e-01	3.23e-01	2.20e-01	5.01e-02	6.62e-03	1.22e-03	5.20e-04	1.53e-05	1.56e-07
 2.73478e+22	1.72e-20	1.33e-14	4.82e-10	2.15e-08	5.24e-07	4.21e-06	1.53e-05	7.42e-05	8.28e-03	9.84e-02	3.04e-01	3.22e-01	2.13e-01	4.69e-02	6.04e-03	1.10e-03	4.55e-04	1.30e-05	1.27e-07
 2.75445e+22	2.50e-20	1.87e-14	6.52e-10	2.83e-08	6.74e-07	5.27e-06	1.85e-05	8.68e-05	9.25e-03	1.05e-01	3.13e-01	3.20e-01	2.03e-01	4.30e-02	5.34e-03	9.47e-04	3.80e-04	1.03e-05	0.00e+00
 2.77438e+22	3.34e-20	2.44e-14	8.25e-10	3.51e-08	8.18e-07	6.26e-06	2.14e-05	9.80e-05	1.01e-02	1.11e-01	3.20e-01	3.18e-01	1.96e-01	4.01e-02	4.84e-03	8.43e-04	3.30e-04	8.65e-06	0.00e+00
 2.79467e+22	4.88e-20	3.44e-14	1.12e-09	4.64e-08	1.06e-06	7.88e-06	2.60e-05	1.15e-04	1.13e-02	1.19e-01	3.28e-01	3.14e-01	1.86e-01	3.63e-02	4.23e-03	7.20e-04	2.72e-04	6.78e-06	0.00e+00
 2.81522e+22	6.55e-20	4.48e-14	1.42e-09	5.75e-08	1.29e-06	9.40e-06	3.02e-05	1.31e-04	1.23e-02	1.25e-01	3.35e-01	3.11e-01	1.78e-01	3.37e-02	3.81e-03	6.37e-04	2.34e-04	5.63e-06	0.00e+00
 2.83613e+22	9.60e-20	6.33e-14	1.93e-09	7.61e-08	1.67e-06	1.19e-05	3.69e-05	1.54e-04	1.38e-02	1.34e-01	3.43e-01	3.07e-01	1.68e-01	3.03e-02	3.30e-03	5.39e-04	1.91e-04	4.36e-06	0.00e+00
 2.85748e+22	1.30e-19	8.32e-14	2.45e-09	9.50e-08	2.06e-06	1.43e-05	4.32e-05	1.76e-04	1.52e-02	1.42e-01	3.49e-01	3.03e-01	1.60e-01	2.78e-02	2.94e-03	4.70e-04	1.61e-04	3.54e-06	0.00e+00
 2.87941e+22	1.92e-19	1.18e-13	3.34e-09	1.26e-07	2.69e-06	1.83e-05	5.32e-05	2.10e-04	1.71e-02	1.52e-01	3.57e-01	2.97e-01	1.49e-01	2.48e-02	2.51e-03	3.92e-04	1.29e-04	2.68e-06	0.00e+00
 2.90178e+22	2.61e-19	1.55e-13	4.25e-09	1.58e-07	3.32e-06	2.22e-05	6.28e-05	2.42e-04	1.89e-02	1.61e-01	3.63e-01	2.91e-01	1.41e-01	2.25e-02	2.20e-03	3.37e-04	1.08e-04	2.14e-06	0.00e+00
 2.92401e+22	3.79e-19	2.17e-13	5.68e-09	2.08e-07	4.30e-06	2.81e-05	7.69e-05	2.88e-04	2.13e-02	1.72e-01	3.69e-01	2.84e-01	1.31e-01	1.99e-02	1.87e-03	2.80e-04	8.56e-05	1.61e-06	0.00e+00
 2.94514e+22	4.93e-19	2.74e-13	6.96e-09	2.52e-07	5.17e-06	3.32e-05	8.89e-05	3.26e-04	2.31e-02	1.80e-01	3.73e-01	2.79e-01	1.24e-01	1.82e-02	1.66e-03	2.44e-04	7.25e-05	1.31e-06	0.00e+00
 2.96553e+22	6.89e-19	3.68e-13	9.00e-09	3.22e-07	6.56e-06	4.15e-05	1.08e-04	3.85e-04	2.59e-02	1.91e-01	3.78e-01	2.71e-01	1.15e-01	1.61e-02	1.41e-03	2.03e-04	5.79e-05	9.94e-07	0.00e+00
 2.98630e+22	8.96e-19	4.65e-13	1.10e-08	3.90e-07	7.91e-06	4.94e-05	1.25e-04	4.39e-04	2.83e-02	2.00e-01	3.82e-01	2.65e-01	1.08e-01	1.45e-02	1.24e-03	1.75e-04	4.84e-05	7.95e-07	0.00e+00
 3.00671e+22	1.22e-18	6.10e-13	1.39e-08	4.90e-07	9.89e-06	6.08e-05	1.50e-04	5.16e-04	3.15e-02	2.12e-01	3.85e-01	2.57e-01	1.00e-01	1.28e-02	1.05e-03	1.45e-04	3.87e-05	6.03e-07	0.00e+00
 3.02754e+22	1.58e-18	7.66e-13	1.69e-08	5.93e-07	1.20e-05	7.28e-05	1.75e-04	5.92e-04	3.45e-02	2.22e-01	3.87e-01	2.49e-01	9.33e-02	1.15e-02	9.10e-04	1.24e-04	3.18e-05	4.74e-07	0.00e+00
 3.04782e+22	2.09e-18	9.76e-13	2.07e-08	7.29e-07	1.47e-05	8.84e-05	2.08e-04	6.89e-04	3.82e-02	2.34e-01	3.89e-01	2.41e-01	8.61e-02	1.01e-02	7.74e-04	1.03e-04	2.55e-05	3.62e-07	0.00e+00
 3.06854e+22	2.70e-18	1.22e-12	2.49e-08	8.81e-07	1.78e-05	1.06e-04	2.43e-04	7.95e-04	4.19e-02	2.46e-01	3.90e-01	2.32e-01	7.95e-02	8.98e-03	6.63e-04	8.66e-05	2.07e-05	2.80e-07	0.00e+00
 3.08905e+22	3.50e-18	1.52e-12	3.00e-08	1.07e-06	2.16e-05	1.28e-04	2.86e-04	9.21e-04	4.62e-02	2.57e-01	3.90e-01	2.23e-01	7.31e-02	7.90e-03	5.63e-04	7.21e-05	1.66e-05	2.14e-07	0.00e+00
 3.10966e+22	4.46e-18	1.88e-12	3.57e-08	1.28e-06	2.61e-05	1.53e-04	3.35e-04	1.06e-03	5.07e-02	2.69e-01	3.89e-01	2.14e-01	6.71e-02	6.95e-03	4.78e-04	6.01e-05	1.33e-05	1.64e-07	0.00e+00
 3.13004e+22	5.65e-18	2.29e-12	4.21e-08	1.53e-06	3.13e-05	1.82e-04	3.90e-04	1.22e-03	5.56e-02	2.81e-01	3.88e-01	2.05e-01	6.14e-02	6.10e-03	4.06e-04	5.01e-05	1.07e-05	1.25e-07	0.00e+00
 3.15038e+22	7.10e-18	2.79e-12	4.94e-08	1.81e-06	3.74e-05	2.16e-04	4.53e-04	1.41e-03	6.09e-02	2.93e-01	3.86e-01	1.96e-01	5.61e-02	5.35e-03	3.44e-04	4.16e-05	8.59e-06	0.00e+00	0.00e+00
 3.17076e+22	8.89e-18	3.37e-12	5.75e-08	2.14e-06	4.45e-05	2.56e-04	5.26e-04	1.62e-03	6.65e-02	3.05e-01	3.83e-01	1.87e-01	5.11e-02	4.67e-03	2.90e-04	3.45e-05	6.87e-06	0.00e+00	0.00e+00
 3.19121e+22	1.11e-17	4.04e-12	6.67e-08	2.53e-06	5.28e-05	3.02e-04	6.08e-04	1.86e-03	7.26e-02	3.17e-01	3.79e-01	1.78e-01	4.65e-02	4.08e-03	2.45e-04	2.85e-05	5.48e-06	0.00e+00	0.00e+00
 3.21179e+22	1.37e-17	4.84e-12	7.71e-08	2.97e-06	6.26e-05	3.57e-04	7.01e-04	2.13e-03	7.91e-02	3.28e-01	3.75e-01	1.69e-01	4.21e-02	3.55e-03	2.06e-04	2.35e-05	4.36e-06	0.00e+00	0.00e+00
 3.23256e+22	1.70e-17	5.78e-12	8.87e-08	3.48e-06	7.40e-05	4.20e-04	8.07e-04	2.44e-03	8.61e-02	3.40e-01	3.69e-01	1.60e-01	3.81e-02	3.08e-03	1.73e-04	1.94e-05	3.47e-06	0.00e+00	0.00e+00
 3.25357e+22	2.10e-17	6.89e-12	1.02e-07	4.08e-06	8.74e-05	4.93e-04	9.28e-04	2.79e-03	9.36e-02	3.51e-01	3.63e-01	1.51e-01	3.43e-02	2.66e-03	1.45e-04	1.59e-05	2.74e-06	0.00e+00	0.00e+00
 3.27469e+22	2.58e-17	8.19e-12	1.17e-07	4.77e-06	1.03e-04	5.77e-04	1.06e-03	3.18e-03	1.01e-01	3.62e-01	3.57e-01	1.42e-01	3.09e-02	2.30e-03	1.21e-04	1.30e-05	2.17e-06	0.00e+00	0.00e+00
 3.29616e+22	3.19e-17	9.76e-12	1.34e-07	5.58e-06	1.21e-04	6.76e-04	1.22e-03	3.63e-03	1.10e-01	3.72e-01	3.49e-01	1.33e-01	2.76e-02	1.98e-03	1.01e-04	1.06e-05	1.70e-06	0.00e+00	0.00e+00
 3.31787e+22	3.93e-17	1.16e-11	1.54e-07	6.52e-06	1.42e-04	7.88e-04	1.39e-03	4.13e-03	1.19e-01	3.82e-01	3.41e-01	1.25e-01	2.47e-02	1.70e-03	8.38e-05	8.65e-06	1.34e-06	0.00e+00	0.00e+00
 3.34000e+22	4.89e-17	1.39e-11	1.77e-07	7.65e-06	1.68e-04	9.23e-04	1.58e-03	4.72e-03	1.29e-01	3.92e-01	3.32e-01	1.16e-01	2.20e-02	1.45e-03	6.91e-05	6.98e-06	1.05e-06	0.00e+00	0.00e+00
 3.36059e+22	5.85e-17	1.61e-11	1.99e-07	8.72e-06	1.91e-04	1.05e-03	1.76e-03	5.24e-03	1.37e-01	3.99e-01	3.25e-01	1.10e-01	2.00e-02	1.28e-03	5.91e-05	5.87e-06	8.54e-07	0.00e+00	0.00e+00
 3.38180e+22	7.35e-17	1.94e-11	2.31e-07	1.03e-05	2.27e-04	1.23e-03	2.01e-03	5.99e-03	1.48e-01	4.08e-01	3.14e-01	1.02e-01	1.76e-02	1.08e-03	4.82e-05	4.68e-06	6.56e-07	0.00e+00	0.00e+00
 3.40334e+22	8.86e-17	2.27e-11	2.61e-07	1.18e-05	2.59e-04	1.39e-03	2.23e-03	6.63e-03	1.57e-01	4.15e-01	3.06e-01	9.55e-02	1.59e-02	9.46e-04	4.11e-05	3.91e-06	5.33e-07	0.00e+00	0.00e+00
 3.42538e+22	1.13e-16	2.76e-11	3.05e-07	1.40e-05	3.07e-04	1.63e-03	2.54e-03	7.58e-03	1.69e-01	4.22e-01	2.95e-01	8.78e-02	1.39e-02	7.92e-04	3.32e-05	3.09e-06	4.05e-07	0.00e+00	0.00e+00
 3.44753e+22	1.37e-16	3.25e-11	3.48e-07	1.61e-05	3.50e-04	1.84e-03	2.80e-03	8.35e-03	1.78e-01	4.27e-01	2.86e-01	8.23e-02	1.25e-02	6.94e-04	2.83e-05	2.58e-06	3.30e-07	0.00e+00	0.00e+00
 3.46984e+22	1.75e-16	4.00e-11	4.10e-07	1.91e-05	4.14e-04	2.15e-03	3.17e-03	9.48e-03	1.91e-01	4.32e-01	2.74e-01	7.54e-02	1.09e-02	5.81e-04	2.29e-05	2.04e-06	2.51e-07	0.00e+00	0.00e+00
 3.49227e+22	2.14e-16	4.73e-11	4.70e-07	2.20e-05	4.72e-04	2.42e-03	3.49e-03	1.04e-02	2.01e-01	4.36e-01	2.65e-01	7.05e-02	9.84e-03	5.08e-04	1.95e-05	1.70e-06	2.04e-07	0.00e+00	0.00e+00
 3.51486e+22	2.77e-16	5.87e-11	5.60e-07	2.63e-05	5.58e-04	2.82e-03	3.93e-03	1.18e-02	2.14e-01	4.40e-01	2.54e-01	6.44e-02	8.55e-03	4.24e-04	1.57e-05	1.34e-06	1.55e-07	0.00e+00	0.00e+00
 3.53765e+22	3.42e-16	7.00e-11	6.46e-07	3.04e-05	6.36e-04	3.17e-03	4.30e-03	1.29e-02	2.25e-01	4.42e-01	2.45e-01	6.00e-02	7.68e-03	3.70e-04	1.34e-05	1.12e-06	1.25e-07	0.00e+00	0.00e+00
 3.56068e+22	4.48e-16	8.80e-11	7.78e-07	3.65e-05	7.52e-04	3.68e-03	4.83e-03	1.45e-02	2.39e-01	4.43e-01	2.33e-01	5.45e-02	6.65e-03	3.08e-04	1.08e-05	8.80e-07	0.00e+00	0.00e+00	0.00e+00
 3.58400e+22	5.58e-16	1.06e-10	9.07e-07	4.24e-05	8.58e-04	4.13e-03	5.28e-03	1.58e-02	2.50e-01	4.44e-01	2.24e-01	5.06e-02	5.94e-03	2.68e-04	9.09e-06	7.30e-07	0.00e+00	0.00e+00	0.00e+00
 3.60769e+22	7.44e-16	1.35e-10	1.11e-06	5.14e-05	1.02e-03	4.79e-03	5.91e-03	1.77e-02	2.64e-01	4.44e-01	2.12e-01	4.58e-02	5.12e-03	2.22e-04	7.29e-06	5.71e-07	0.00e+00	0.00e+00	0.00e+00
 3.63178e+22	9.40e-16	1.65e-10	1.31e-06	6.00e-05	1.16e-03	5.38e-03	6.45e-03	1.93e-02	2.75e-01	4.43e-01	2.03e-01	4.23e-02	4.56e-03	1.92e-04	6.13e-06	4.71e-07	0.00e+00	0.00e+00	0.00e+00
 3.65637e+22	1.28e-15	2.15e-10	1.62e-06	7.35e-05	1.39e-03	6.25e-03	7.21e-03	2.16e-02	2.90e-01	4.41e-01	1.91e-01	3.80e-02	3.90e-03	1.58e-04	4.87e-06	3.66e-07	0.00e+00	0.00e+00	0.00e+00
 3.68147e+22	1.64e-15	2.66e-10	1.94e-06	8.66e-05	1.59e-03	7.04e-03	7.86e-03	2.36e-02	3.02e-01	4.38e-01	1.82e-01	3.49e-02	3.45e-03	1.36e-04	4.07e-06	3.00e-07	0.00e+00	0.00e+00	0.00e+00
 3.70724e+22	2.28e-15	3.53e-10	2.45e-06	1.07e-04	1.91e-03	8.19e-03	8.78e-03	2.63e-02	3.17e-01	4.34e-01	1.70e-01	3.12e-02	2.93e-03	1.11e-04	3.21e-06	2.30e-07	0.00e+00	0.00e+00	0.00e+00
 3.73365e+22	2.99e-15	4.45e-10	2.98e-06	1.28e-04	2.21e-03	9.25e-03	9.58e-03	2.86e-02	3.29e-01	4.29e-01	1.61e-01	2.85e-02	2.57e-03	9.46e-05	2.65e-06	1.87e-07	0.00e+00	0.00e+00	0.00e+00
 3.75591e+22	3.80e-15	5.48e-10	3.55e-06	1.49e-04	2.51e-03	1.03e-02	1.03e-02	3.08e-02	3.39e-01	4.25e-01	1.53e-01	2.62e-02	2.29e-03	8.21e-05	2.24e-06	1.55e-07	0.00e+00	0.00e+00	0.00e+00
 3.77986e+22	5.20e-15	7.17e-10	4.45e-06	1.82e-04	2.96e-03	1.18e-02	1.14e-02	3.38e-02	3.52e-01	4.18e-01	1.44e-01	2.35e-02	1.96e-03	6.81e-05	1.80e-06	1.22e-07	0.00e+00	0.00e+00	0.00e+00
 3.80416e+22	6.68e-15	8.91e-10	5.35e-06	2.14e-04	3.38e-03	1.31e-02	1.23e-02	3.63e-02	3.62e-01	4.13e-01	1.36e-01	2.16e-02	1.74e-03	5.88e-05	1.51e-06	0.00e+00	0.00e+00	0.00e+00	0.00e+00
 3.82519e+22	8.50e-15	1.10e-09	6.37e-06	2.49e-04	3.83e-03	1.45e-02	1.31e-02	3.88e-02	3.72e-01	4.07e-01	1.29e-01	1.99e-02	1.54e-03	5.11e-05	1.28e-06	0.00e+00	0.00e+00	0.00e+00	0.00e+00
 3.84881e+22	1.16e-14	1.44e-09	8.01e-06	3.04e-04	4.49e-03	1.65e-02	1.44e-02	4.22e-02	3.84e-01	3.99e-01	1.21e-01	1.78e-02	1.32e-03	4.25e-05	1.03e-06	0.00e+00	0.00e+00	0.00e+00	0.00e+00
 3.87235e+22	1.48e-14	1.77e-09	9.56e-06	3.53e-04	5.07e-03	1.81e-02	1.54e-02	4.48e-02	3.92e-01	3.92e-01	1.15e-01	1.64e-02	1.18e-03	3.71e-05	8.80e-07	0.00e+00	0.00e+00	0.00e+00	0.00e+00
 3.89577e+22	2.02e-14	2.33e-09	1.20e-05	4.30e-04	5.93e-03	2.05e-02	1.67e-02	4.85e-02	4.03e-01	3.83e-01	1.07e-01	1.46e-02	1.01e-03	3.08e-05	7.08e-07	0.00e+00	0.00e+00	0.00e+00	0.00e+00
 3.91950e+22	2.60e-14	2.89e-09	1.44e-05	5.02e-04	6.71e-03	2.26e-02	1.78e-02	5.14e-02	4.11e-01	3.75e-01	1.01e-01	1.34e-02	8.99e-04	2.68e-05	6.00e-07	0.00e+00	0.00e+00	0.00e+00	0.00e+00
 3.94365e+22	3.59e-14	3.83e-09	1.83e-05	6.14e-04	7.86e-03	2.56e-02	1.94e-02	5.55e-02	4.20e-01	3.65e-01	9.33e-02	1.19e-02	7.67e-04	2.22e-05	4.81e-07	0.00e+00	0.00e+00	0.00e+00	0.00e+00
 3.96822e+22	4.65e-14	4.79e-09	2.22e-05	7.20e-04	8.92e-03	2.82e-02	2.07e-02	5.87e-02	4.27e-01	3.56e-01	8.78e-02	1.09e-02	6.77e-04	1.91e-05	4.05e-07	0.00e+00	0.00e+00	0.00e+00	0.00e+00
 3.99334e+22	6.52e-14	6.43e-09	2.84e-05	8.86e-04	1.05e-02	3.19e-02	2.25e-02	6.32e-02	4.36e-01	3.44e-01	8.08e-02	9.61e-03	5.72e-04	1.57e-05	3.21e-07	0.00e+00	0.00e+00	0.00e+00	0.00e+00
 4.01883e+22	8.51e-14	8.10e-09	3.46e-05	1.04e-03	1.19e-02	3.52e-02	2.40e-02	6.67e-02	4.41e-01	3.35e-01	7.57e-02	8.71e-03	5.02e-04	1.35e-05	2.69e-07	0.00e+00	0.00e+00	0.00e+00	0.00e+00
 4.04481e+22	1.21e-13	1.10e-08	4.47e-05	1.29e-03	1.41e-02	3.98e-02	2.60e-02	7.16e-02	4.48e-01	3.22e-01	6.92e-02	7.63e-03	4.21e-04	1.10e-05	2.11e-07	0.00e+00	0.00e+00	0.00e+00	0.00e+00
 4.07141e+22	1.59e-13	1.40e-08	5.49e-05	1.53e-03	1.60e-02	4.39e-02	2.77e-02	7.54e-02	4.52e-01	3.12e-01	6.43e-02	6.86e-03	3.66e-04	9.31e-06	1.74e-07	0.00e+00	0.00e+00	0.00e+00	0.00e+00
 4.09881e+22	2.29e-13	1.91e-08	7.16e-05	1.90e-03	1.90e-02	4.98e-02	3.00e-02	8.06e-02	4.57e-01	2.97e-01	5.83e-02	5.95e-03	3.03e-04	7.50e-06	1.35e-07	0.00e+00	0.00e+00	0.00e+00	0.00e+00
 4.12694e+22	3.08e-13	2.47e-08	8.89e-05	2.27e-03	2.17e-02	5.50e-02	3.19e-02	8.48e-02	4.59e-01	2.86e-01	5.37e-02	5.30e-03	2.60e-04	6.29e-06	0.00e+00	0.00e+00	0.00e+00	0.00e+00	0.00e+00
 4.15602e+22	4.51e-13	3.44e-08	1.18e-04	2.85e-03	2.58e-02	6.24e-02	3.45e-02	9.04e-02	4.61e-01	2.70e-01	4.81e-02	4.54e-03	2.13e-04	4.98e-06	0.00e+00	0.00e+00	0.00e+00	0.00e+00	0.00e+00
 4.18535e+22	6.05e-13	4.44e-08	1.46e-04	3.39e-03	2.95e-02	6.87e-02	3.66e-02	9.44e-02	4.60e-01	2.58e-01	4.42e-02	4.02e-03	1.82e-04	4.16e-06	0.00e+00	0.00e+00	0.00e+00	0.00e+00	0.00e+00
 4.21500e+22	8.89e-13	6.19e-08	1.93e-04	4.25e-03	3.49e-02	7.76e-02	3.94e-02	1.00e-01	4.59e-01	2.42e-01	3.92e-02	3.40e-03	1.47e-04	3.26e-06	0.00e+00	0.00e+00	0.00e+00	0.00e+00	0.00e+00
 4.24497e+22	1.19e-12	7.98e-08	2.39e-04	5.04e-03	3.97e-02	8.49e-02	4.16e-02	1.04e-01	4.56e-01	2.30e-01	3.57e-02	2.99e-03	1.25e-04	2.71e-06	0.00e+00	0.00e+00	0.00e+00	0.00e+00	0.00e+00
 4.27534e+22	1.76e-12	1.11e-07	3.16e-04	6.31e-03	4.69e-02	9.53e-02	4.44e-02	1.09e-01	4.50e-01	2.14e-01	3.14e-02	2.51e-03	9.98e-05	2.10e-06	0.00e+00	0.00e+00	0.00e+00	0.00e+00	0.00e+00
 4.30620e+22	2.36e-12	1.44e-07	3.91e-04	7.48e-03	5.32e-02	1.04e-01	4.66e-02	1.13e-01	4.44e-01	2.01e-01	2.83e-02	2.19e-03	8.40e-05	1.73e-06	0.00e+00	0.00e+00	0.00e+00	0.00e+00	0.00e+00
 4.33769e+22	3.50e-12	2.02e-07	5.18e-04	9.34e-03	6.25e-02	1.16e-01	4.95e-02	1.17e-01	4.34e-01	1.85e-01	2.45e-02	1.81e-03	6.61e-05	1.32e-06	0.00e+00	0.00e+00	0.00e+00	0.00e+00	0.00e+00
 4.36884e+22	4.64e-12	2.57e-07	6.34e-04	1.09e-02	7.02e-02	1.25e-01	5.15e-02	1.20e-01	4.25e-01	1.73e-01	2.21e-02	1.57e-03	5.55e-05	1.08e-06	0.00e+00	0.00e+00	0.00e+00	0.00e+00	0.00e+00
 4.39415e+22	6.00e-12	3.20e-07	7.61e-04	1.26e-02	7.77e-02	1.34e-01	5.33e-02	1.22e-01	4.16e-01	1.62e-01	1.99e-02	1.37e-03	4.71e-05	9.03e-07	0.00e+00	0.00e+00	0.00e+00	0.00e+00	0.00e+00
 4.42163e+22	8.24e-12	4.20e-07	9.53e-04	1.50e-02	8.80e-02	1.45e-01	5.54e-02	1.25e-01	4.03e-01	1.49e-01	1.75e-02	1.16e-03	3.83e-05	7.15e-07	0.00e+00	0.00e+00	0.00e+00	0.00e+00	0.00e+00
 4.44947e+22	1.07e-11	5.23e-07	1.14e-03	1.73e-02	9.71e-02	1.54e-01	5.70e-02	1.27e-01	3.91e-01	1.39e-01	1.57e-02	1.01e-03	3.21e-05	5.89e-07	0.00e+00	0.00e+00	0.00e+00	0.00e+00	0.00e+00
 4.47780e+22	1.47e-11	6.88e-07	1.43e-03	2.05e-02	1.10e-01	1.66e-01	5.88e-02	1.28e-01	3.75e-01	1.26e-01	1.36e-02	8.36e-04	2.57e-05	4.58e-07	0.00e+00	0.00e+00	0.00e+00	0.00e+00	0.00e+00
 4.50646e+22	1.90e-11	8.55e-07	1.71e-03	2.35e-02	1.20e-01	1.75e-01	6.01e-02	1.29e-01	3.61e-01	1.17e-01	1.20e-02	7.18e-04	2.14e-05	3.74e-07	0.00e+00	0.00e+00	0.00e+00	0.00e+00	0.00e+00
 4.53557e+22	2.62e-11	1.12e-06	2.13e-03	2.77e-02	1.34e-01	1.87e-01	6.14e-02	1.29e-01	3.43e-01	1.05e-01	1.03e-02	5.89e-04	1.68e-05	2.87e-07	0.00e+00	0.00e+00	0.00e+00	0.00e+00	0.00e+00
 4.56532e+22	3.40e-11	1.40e-06	2.55e-03	3.17e-02	1.47e-01	1.96e-01	6.23e-02	1.29e-01	3.27e-01	9.53e-02	8.99e-03	4.98e-04	1.37e-05	2.30e-07	0.00e+00	0.00e+00	0.00e+00	0.00e+00	0.00e+00
 4.59592e+22	4.67e-11	1.82e-06	3.16e-03	3.72e-02	1.63e-01	2.07e-01	6.31e-02	1.28e-01	3.06e-01	8.44e-02	7.57e-03	4.03e-04	1.07e-05	1.74e-07	0.00e+00	0.00e+00	0.00e+00	0.00e+00	0.00e+00
 4.62734e+22	6.16e-11	2.30e-06	3.81e-03	4.26e-02	1.78e-01	2.17e-01	6.34e-02	1.26e-01	2.88e-01	7.54e-02	6.47e-03	3.32e-04	8.48e-06	1.35e-07	0.00e+00	0.00e+00	0.00e+00	0.00e+00	0.00e+00
 4.65507e+22	7.88e-11	2.82e-06	4.49e-03	4.80e-02	1.92e-01	2.24e-01	6.35e-02	1.24e-01	2.71e-01	6.78e-02	5.59e-03	2.77e-04	6.86e-06	0.00e+00	0.00e+00	0.00e+00	0.00e+00	0.00e+00	0.00e+00
 4.68637e+22	1.07e-10	3.63e-06	5.48e-03	5.54e-02	2.09e-01	2.33e-01	6.33e-02	1.21e-01	2.49e-01	5.90e-02	4.62e-03	2.20e-04	5.23e-06	0.00e+00	0.00e+00	0.00e+00	0.00e+00	0.00e+00	0.00e+00
 4.71880e+22	1.40e-10	4.53e-06	6.53e-03	6.26e-02	2.25e-01	2.40e-01	6.27e-02	1.17e-01	2.30e-01	5.18e-02	3.88e-03	1.78e-04	4.08e-06	0.00e+00	0.00e+00	0.00e+00	0.00e+00	0.00e+00	0.00e+00
 4.74783e+22	1.78e-10	5.55e-06	7.64e-03	6.99e-02	2.40e-01	2.45e-01	6.20e-02	1.14e-01	2.13e-01	4.57e-02	3.28e-03	1.46e-04	3.23e-06	0.00e+00	0.00e+00	0.00e+00	0.00e+00	0.00e+00	0.00e+00
 4.78070e+22	2.42e-10	7.13e-06	9.30e-03	8.00e-02	2.58e-01	2.50e-01	6.06e-02	1.08e-01	1.92e-01	3.87e-02	2.64e-03	1.12e-04	2.38e-06	0.00e+00	0.00e+00	0.00e+00	0.00e+00	0.00e+00	0.00e+00
 4.81450e+22	3.13e-10	8.78e-06	1.09e-02	8.91e-02	2.74e-01	2.53e-01	5.92e-02	1.04e-01	1.74e-01	3.34e-02	2.18e-03	8.92e-05	1.83e-06	0.00e+00	0.00e+00	0.00e+00	0.00e+00	0.00e+00	0.00e+00
 4.84951e+22	4.27e-10	1.13e-05	1.32e-02	1.01e-01	2.92e-01	2.56e-01	5.72e-02	9.75e-02	1.54e-01	2.76e-02	1.70e-03	6.67e-05	1.31e-06	0.00e+00	0.00e+00	0.00e+00	0.00e+00	0.00e+00	0.00e+00
 4.88520e+22	5.51e-10	1.39e-05	1.55e-02	1.12e-01	3.06e-01	2.56e-01	5.52e-02	9.21e-02	1.38e-01	2.35e-02	1.38e-03	5.21e-05	9.84e-07	0.00e+00	0.00e+00	0.00e+00	0.00e+00	0.00e+00	0.00e+00
 4.92175e+22	7.52e-10	1.78e-05	1.87e-02	1.26e-01	3.23e-01	2.55e-01	5.25e-02	8.52e-02	1.20e-01	1.90e-02	1.06e-03	3.81e-05	6.86e-07	0.00e+00	0.00e+00	0.00e+00	0.00e+00	0.00e+00	0.00e+00
 4.95863e+22	9.63e-10	2.17e-05	2.16e-02	1.38e-01	3.35e-01	2.52e-01	5.02e-02	7.96e-02	1.06e-01	1.59e-02	8.45e-04	2.93e-05	5.09e-07	0.00e+00	0.00e+00	0.00e+00	0.00e+00	0.00e+00	0.00e+00
 4.99105e+22	1.22e-09	2.62e-05	2.49e-02	1.51e-01	3.46e-01	2.49e-01	4.78e-02	7.41e-02	9.36e-02	1.34e-02	6.77e-04	2.27e-05	3.79e-07	0.00e+00	0.00e+00	0.00e+00	0.00e+00	0.00e+00	0.00e+00
 5.02831e+22	1.65e-09	3.32e-05	2.96e-02	1.67e-01	3.58e-01	2.43e-01	4.47e-02	6.72e-02	7.94e-02	1.06e-02	5.05e-04	1.62e-05	2.58e-07	0.00e+00	0.00e+00	0.00e+00	0.00e+00	0.00e+00	0.00e+00
 5.06596e+22	2.09e-09	4.01e-05	3.38e-02	1.80e-01	3.66e-01	2.37e-01	4.21e-02	6.19e-02	6.92e-02	8.71e-03	3.97e-04	1.22e-05	1.88e-07	0.00e+00	0.00e+00	0.00e+00	0.00e+00	0.00e+00	0.00e+00
 5.10413e+22	2.79e-09	5.02e-05	3.98e-02	1.97e-01	3.74e-01	2.29e-01	3.89e-02	5.55e-02	5.81e-02	6.82e-03	2.93e-04	8.63e-06	1.27e-07	0.00e+00	0.00e+00	0.00e+00	0.00e+00	0.00e+00	0.00e+00
 5.14289e+22	3.54e-09	6.03e-05	4.53e-02	2.12e-01	3.79e-01	2.21e-01	3.63e-02	5.04e-02	5.00e-02	5.53e-03	2.27e-04	6.43e-06	0.00e+00	0.00e+00	0.00e+00	0.00e+00	0.00e+00	0.00e+00	0.00e+00
 5.18244e+22	4.74e-09	7.56e-05	5.30e-02	2.30e-01	3.83e-01	2.10e-01	3.31e-02	4.45e-02	4.11e-02	4.23e-03	1.63e-04	4.41e-06	0.00e+00	0.00e+00	0.00e+00	0.00e+00	0.00e+00	0.00e+00	0.00e+00
 5.22228e+22	5.95e-09	9.00e-05	5.98e-02	2.44e-01	3.85e-01	2.01e-01	3.06e-02	4.01e-02	3.51e-02	3.40e-03	1.26e-04	3.27e-06	0.00e+00	0.00e+00	0.00e+00	0.00e+00	0.00e+00	0.00e+00	0.00e+00
 5.26250e+22	7.93e-09	1.12e-04	6.94e-02	2.63e-01	3.85e-01	1.89e-01	2.76e-02	3.50e-02	2.85e-02	2.56e-03	8.91e-05	2.21e-06	0.00e+00	0.00e+00	0.00e+00	0.00e+00	0.00e+00	0.00e+00	0.00e+00
 5.30321e+22	9.91e-09	1.33e-04	7.78e-02	2.77e-01	3.82e-01	1.80e-01	2.53e-02	3.13e-02	2.41e-02	2.04e-03	6.77e-05	1.61e-06	0.00e+00	0.00e+00	0.00e+00	0.00e+00	0.00e+00	0.00e+00	0.00e+00
 5.34456e+22	1.31e-08	1.64e-04	8.96e-02	2.95e-01	3.78e-01	1.67e-01	2.26e-02	2.69e-02	1.93e-02	1.51e-03	4.73e-05	1.07e-06	0.00e+00	0.00e+00	0.00e+00	0.00e+00	0.00e+00	0.00e+00	0.00e+00
 5.38646e+22	1.64e-08	1.93e-04	9.98e-02	3.09e-01	3.72e-01	1.57e-01	2.06e-02	2.38e-02	1.61e-02	1.19e-03	3.54e-05	7.74e-07	0.00e+00	0.00e+00	0.00e+00	0.00e+00	0.00e+00	0.00e+00	0.00e+00
 5.42291e+22	2.03e-08	2.26e-04	1.10e-01	3.21e-01	3.66e-01	1.48e-01	1.87e-02	2.11e-02	1.35e-02	9.38e-04	2.67e-05	5.62e-07	0.00e+00	0.00e+00	0.00e+00	0.00e+00	0.00e+00	0.00e+00	0.00e+00
 5.45774e+22	2.45e-08	2.60e-04	1.21e-01	3.32e-01	3.59e-01	1.39e-01	1.71e-02	1.88e-02	1.15e-02	7.54e-04	2.06e-05	4.19e-07	0.00e+00	0.00e+00	0.00e+00	0.00e+00	0.00e+00	0.00e+00	0.00e+00
 5.49088e+22	2.95e-08	2.98e-04	1.32e-01	3.43e-01	3.52e-01	1.31e-01	1.57e-02	1.68e-02	9.74e-03	6.06e-04	1.59e-05	3.13e-07	0.00e+00	0.00e+00	0.00e+00	0.00e+00	0.00e+00	0.00e+00	0.00e+00
 5.52821e+22	3.72e-08	3.53e-04	1.46e-01	3.55e-01	3.41e-01	1.21e-01	1.40e-02	1.45e-02	7.90e-03	4.59e-04	1.15e-05	2.16e-07	0.00e+00	0.00e+00	0.00e+00	0.00e+00	0.00e+00	0.00e+00	0.00e+00
 5.56545e+22	4.45e-08	4.02e-04	1.59e-01	3.64e-01	3.32e-01	1.13e-01	1.27e-02	1.29e-02	6.68e-03	3.68e-04	8.81e-06	1.61e-07	0.00e+00	0.00e+00	0.00e+00	0.00e+00	0.00e+00	0.00e+00	0.00e+00
 5.60258e+22	5.55e-08	4.72e-04	1.75e-01	3.74e-01	3.19e-01	1.04e-01	1.13e-02	1.10e-02	5.41e-03	2.78e-04	6.34e-06	0.00e+00	0.00e+00	0.00e+00	0.00e+00	0.00e+00	0.00e+00	0.00e+00	0.00e+00
 5.64042e+22	6.66e-08	5.37e-04	1.89e-01	3.81e-01	3.09e-01	9.63e-02	1.02e-02	9.72e-03	4.53e-03	2.20e-04	4.82e-06	0.00e+00	0.00e+00	0.00e+00	0.00e+00	0.00e+00	0.00e+00	0.00e+00	0.00e+00
 5.67920e+22	8.32e-08	6.29e-04	2.07e-01	3.89e-01	2.95e-01	8.75e-02	9.01e-03	8.27e-03	3.62e-03	1.63e-04	3.41e-06	0.00e+00	0.00e+00	0.00e+00	0.00e+00	0.00e+00	0.00e+00	0.00e+00	0.00e+00
 5.71835e+22	9.95e-08	7.14e-04	2.23e-01	3.94e-01	2.83e-01	8.09e-02	8.10e-03	7.23e-03	3.01e-03	1.28e-04	2.57e-06	0.00e+00	0.00e+00	0.00e+00	0.00e+00	0.00e+00	0.00e+00	0.00e+00	0.00e+00
