#depth	He	He+	He+2
 1.54284e+22	2.21e-08	5.39e-04	9.99e-01
 3.51253e+22	2.37e-08	8.16e-04	9.99e-01
 4.15282e+22	2.42e-08	9.98e-04	9.99e-01
 4.47296e+22	2.47e-08	1.10e-03	9.99e-01
 4.63062e+22	2.51e-08	1.15e-03	9.99e-01
 4.73887e+22	2.56e-08	1.22e-03	9.99e-01
 4.85569e+22	2.63e-08	1.28e-03	9.99e-01
 4.97350e+22	2.72e-08	1.35e-03	9.99e-01
 5.09251e+22	2.83e-08	1.42e-03	9.99e-01
 5.20321e+22	2.94e-08	1.49e-03	9.99e-01
 5.31702e+22	3.10e-08	1.57e-03	9.98e-01
 5.43273e+22	3.25e-08	1.64e-03	9.98e-01
 5.55203e+22	3.48e-08	1.74e-03	9.98e-01
 5.67244e+22	3.68e-08	1.82e-03	9.98e-01
 5.79429e+22	3.99e-08	1.92e-03	9.98e-01
 5.91631e+22	4.25e-08	2.01e-03	9.98e-01
 6.03856e+22	4.63e-08	2.12e-03	9.98e-01
 6.16200e+22	4.97e-08	2.22e-03	9.98e-01
 6.28698e+22	5.46e-08	2.35e-03	9.98e-01
 6.41355e+22	5.89e-08	2.45e-03	9.98e-01
 6.54217e+22	6.51e-08	2.60e-03	9.97e-01
 6.67291e+22	7.06e-08	2.71e-03	9.97e-01
 6.80643e+22	7.85e-08	2.88e-03	9.97e-01
 6.94278e+22	8.55e-08	3.01e-03	9.97e-01
 7.08282e+22	9.58e-08	3.20e-03	9.97e-01
 7.22646e+22	1.05e-07	3.35e-03	9.97e-01
 7.37477e+22	1.18e-07	3.57e-03	9.96e-01
 7.51440e+22	1.28e-07	3.72e-03	9.96e-01
 7.64274e+22	1.42e-07	3.92e-03	9.96e-01
 7.76997e+22	1.53e-07	4.08e-03	9.96e-01
 7.89576e+22	1.70e-07	4.30e-03	9.96e-01
 8.02234e+22	1.83e-07	4.47e-03	9.96e-01
 8.14996e+22	2.03e-07	4.70e-03	9.95e-01
 8.27990e+22	2.19e-07	4.89e-03	9.95e-01
 8.41285e+22	2.44e-07	5.16e-03	9.95e-01
 8.54772e+22	2.64e-07	5.37e-03	9.95e-01
 8.68508e+22	2.94e-07	5.68e-03	9.94e-01
 8.82512e+22	3.20e-07	5.92e-03	9.94e-01
 8.96863e+22	3.58e-07	6.26e-03	9.94e-01
 9.11531e+22	3.90e-07	6.54e-03	9.93e-01
 9.26614e+22	4.38e-07	6.93e-03	9.93e-01
 9.42036e+22	4.80e-07	7.25e-03	9.93e-01
 9.57900e+22	5.41e-07	7.70e-03	9.92e-01
 9.73958e+22	5.92e-07	8.06e-03	9.92e-01
 9.90268e+22	6.70e-07	8.58e-03	9.91e-01
 1.00676e+23	7.34e-07	8.98e-03	9.91e-01
 1.02350e+23	8.32e-07	9.56e-03	9.90e-01
 1.03986e+23	9.07e-07	9.98e-03	9.90e-01
 1.05574e+23	1.02e-06	1.06e-02	9.89e-01
 1.07220e+23	1.12e-06	1.11e-02	9.89e-01
 1.08624e+23	1.22e-06	1.16e-02	9.88e-01
 1.10129e+23	1.36e-06	1.22e-02	9.88e-01
 1.11647e+23	1.47e-06	1.27e-02	9.87e-01
 1.13183e+23	1.64e-06	1.34e-02	9.87e-01
 1.14763e+23	1.80e-06	1.41e-02	9.86e-01
 1.16163e+23	1.96e-06	1.47e-02	9.85e-01
 1.17741e+23	2.18e-06	1.55e-02	9.85e-01
 1.19405e+23	2.41e-06	1.62e-02	9.84e-01
 1.20921e+23	2.64e-06	1.70e-02	9.83e-01
 1.22631e+23	2.96e-06	1.80e-02	9.82e-01
 1.24394e+23	3.28e-06	1.89e-02	9.81e-01
 1.25960e+23	3.61e-06	1.98e-02	9.80e-01
 1.27730e+23	4.06e-06	2.10e-02	9.79e-01
 1.29568e+23	4.51e-06	2.22e-02	9.78e-01
 1.31218e+23	4.98e-06	2.33e-02	9.77e-01
 1.33087e+23	5.65e-06	2.48e-02	9.75e-01
 1.35020e+23	6.29e-06	2.61e-02	9.74e-01
 1.37034e+23	7.20e-06	2.79e-02	9.72e-01
 1.39070e+23	8.04e-06	2.95e-02	9.70e-01
 1.40857e+23	8.92e-06	3.11e-02	9.69e-01
 1.42902e+23	1.03e-05	3.33e-02	9.67e-01
 1.44972e+23	1.15e-05	3.52e-02	9.65e-01
 1.47074e+23	1.32e-05	3.76e-02	9.62e-01
 1.49213e+23	1.48e-05	3.98e-02	9.60e-01
 1.51117e+23	1.65e-05	4.21e-02	9.58e-01
 1.53305e+23	1.92e-05	4.52e-02	9.55e-01
 1.55521e+23	2.15e-05	4.78e-02	9.52e-01
 1.57773e+23	2.50e-05	5.15e-02	9.49e-01
 1.60055e+23	2.81e-05	5.45e-02	9.45e-01
 1.62377e+23	3.27e-05	5.87e-02	9.41e-01
 1.64655e+23	3.66e-05	6.20e-02	9.38e-01
 1.66875e+23	4.24e-05	6.65e-02	9.33e-01
 1.69020e+23	4.68e-05	6.98e-02	9.30e-01
 1.71070e+23	5.36e-05	7.45e-02	9.25e-01
 1.73111e+23	5.93e-05	7.82e-02	9.22e-01
 1.75138e+23	6.72e-05	8.30e-02	9.17e-01
 1.77248e+23	7.53e-05	8.77e-02	9.12e-01
 1.79149e+23	8.35e-05	9.21e-02	9.08e-01
 1.81301e+23	9.55e-05	9.82e-02	9.02e-01
 1.83483e+23	1.06e-04	1.03e-01	8.97e-01
 1.85703e+23	1.22e-04	1.10e-01	8.90e-01
 1.87960e+23	1.36e-04	1.16e-01	8.84e-01
 1.89777e+23	1.49e-04	1.21e-01	8.79e-01
 1.91649e+23	1.67e-04	1.28e-01	8.72e-01
 1.93565e+23	1.83e-04	1.33e-01	8.67e-01
 1.95274e+23	2.00e-04	1.39e-01	8.61e-01
 1.97232e+23	2.24e-04	1.46e-01	8.53e-01
 1.99213e+23	2.46e-04	1.53e-01	8.47e-01
 2.00953e+23	2.69e-04	1.59e-01	8.40e-01
 2.02946e+23	3.01e-04	1.68e-01	8.32e-01
 2.04962e+23	3.31e-04	1.75e-01	8.24e-01
 2.06733e+23	3.63e-04	1.83e-01	8.17e-01
 2.08762e+23	4.06e-04	1.92e-01	8.08e-01
 2.10825e+23	4.46e-04	2.00e-01	7.99e-01
 2.12656e+23	4.88e-04	2.09e-01	7.91e-01
 2.14759e+23	5.47e-04	2.19e-01	7.80e-01
 2.16897e+23	6.02e-04	2.29e-01	7.71e-01
 2.19080e+23	6.76e-04	2.41e-01	7.59e-01
 2.21292e+23	7.45e-04	2.51e-01	7.48e-01
 2.23540e+23	8.38e-04	2.64e-01	7.35e-01
 2.25833e+23	9.25e-04	2.75e-01	7.24e-01
 2.28183e+23	1.04e-03	2.89e-01	7.09e-01
 2.30574e+23	1.15e-03	3.02e-01	6.97e-01
 2.33020e+23	1.30e-03	3.18e-01	6.81e-01
 2.35155e+23	1.41e-03	3.28e-01	6.71e-01
 2.36885e+23	1.53e-03	3.39e-01	6.60e-01
 2.38696e+23	1.64e-03	3.49e-01	6.49e-01
 2.40615e+23	1.80e-03	3.63e-01	6.36e-01
 2.42526e+23	1.94e-03	3.74e-01	6.24e-01
 2.44427e+23	2.12e-03	3.87e-01	6.11e-01
 2.46367e+23	2.29e-03	3.99e-01	5.98e-01
 2.48357e+23	2.51e-03	4.14e-01	5.84e-01
 2.50371e+23	2.71e-03	4.27e-01	5.70e-01
 2.52417e+23	2.98e-03	4.43e-01	5.54e-01
 2.54475e+23	3.22e-03	4.56e-01	5.40e-01
 2.56551e+23	3.54e-03	4.73e-01	5.23e-01
 2.58677e+23	3.84e-03	4.88e-01	5.08e-01
 2.60871e+23	4.24e-03	5.07e-01	4.89e-01
 2.63085e+23	4.60e-03	5.22e-01	4.73e-01
 2.65324e+23	5.08e-03	5.42e-01	4.53e-01
 2.67596e+23	5.53e-03	5.59e-01	4.36e-01
 2.69913e+23	6.14e-03	5.80e-01	4.14e-01
 2.72216e+23	6.67e-03	5.97e-01	3.96e-01
 2.74501e+23	7.40e-03	6.18e-01	3.74e-01
 2.76792e+23	8.04e-03	6.36e-01	3.56e-01
 2.79090e+23	8.94e-03	6.58e-01	3.33e-01
 2.81386e+23	9.73e-03	6.76e-01	3.14e-01
 2.83679e+23	1.08e-02	6.98e-01	2.91e-01
 2.85968e+23	1.18e-02	7.16e-01	2.72e-01
 2.88254e+23	1.31e-02	7.37e-01	2.50e-01
 2.90539e+23	1.43e-02	7.55e-01	2.30e-01
 2.92825e+23	1.60e-02	7.75e-01	2.09e-01
 2.95116e+23	1.75e-02	7.92e-01	1.91e-01
 2.97111e+23	1.91e-02	8.06e-01	1.74e-01
 2.99402e+23	2.13e-02	8.23e-01	1.56e-01
 3.01721e+23	2.35e-02	8.37e-01	1.39e-01
 3.03724e+23	2.58e-02	8.49e-01	1.25e-01
 3.05975e+23	2.89e-02	8.61e-01	1.10e-01
 3.07907e+23	3.13e-02	8.68e-01	1.00e-01
