#depth	Ne	Ne+	Ne+2	Ne+3	Ne+4	Ne+5	Ne+6	Ne+7	Ne+8	Ne+9	Ne+10
 1.54284e+22	1.11e-15	3.85e-11	7.08e-08	1.63e-05	1.16e-03	1.74e-02	6.01e-02	9.16e-02	5.32e-01	2.63e-01	3.49e-02
 3.51253e+22	2.48e-15	9.84e-11	1.94e-07	4.31e-05	2.94e-03	3.92e-02	1.10e-01	1.31e-01	5.25e-01	1.76e-01	1.59e-02
 4.15282e+22	2.95e-15	1.33e-10	2.87e-07	6.43e-05	4.35e-03	5.48e-02	1.39e-01	1.50e-01	5.02e-01	1.39e-01	1.04e-02
 4.47296e+22	3.11e-15	1.52e-10	3.44e-07	7.80e-05	5.25e-03	6.40e-02	1.54e-01	1.59e-01	4.86e-01	1.23e-01	8.34e-03
 4.63062e+22	3.18e-15	1.62e-10	3.76e-07	8.56e-05	5.73e-03	6.88e-02	1.61e-01	1.64e-01	4.78e-01	1.15e-01	7.50e-03
 4.73887e+22	3.26e-15	1.73e-10	4.14e-07	9.48e-05	6.32e-03	7.43e-02	1.69e-01	1.68e-01	4.68e-01	1.07e-01	6.66e-03
 4.85569e+22	3.32e-15	1.86e-10	4.58e-07	1.05e-04	6.98e-03	8.04e-02	1.78e-01	1.72e-01	4.57e-01	9.96e-02	5.88e-03
 4.97350e+22	3.39e-15	1.99e-10	5.06e-07	1.17e-04	7.69e-03	8.66e-02	1.86e-01	1.76e-01	4.46e-01	9.25e-02	5.20e-03
 5.09251e+22	3.46e-15	2.14e-10	5.63e-07	1.31e-04	8.50e-03	9.35e-02	1.94e-01	1.80e-01	4.34e-01	8.55e-02	4.57e-03
 5.20321e+22	3.54e-15	2.28e-10	6.16e-07	1.44e-04	9.23e-03	9.94e-02	2.01e-01	1.83e-01	4.24e-01	8.00e-02	4.10e-03
 5.31702e+22	3.63e-15	2.48e-10	6.92e-07	1.62e-04	1.02e-02	1.07e-01	2.09e-01	1.86e-01	4.10e-01	7.35e-02	3.57e-03
 5.43273e+22	3.74e-15	2.66e-10	7.63e-07	1.79e-04	1.12e-02	1.14e-01	2.15e-01	1.88e-01	3.99e-01	6.85e-02	3.19e-03
 5.55203e+22	3.89e-15	2.93e-10	8.69e-07	2.03e-04	1.24e-02	1.23e-01	2.24e-01	1.91e-01	3.84e-01	6.24e-02	2.76e-03
 5.67244e+22	4.04e-15	3.18e-10	9.65e-07	2.26e-04	1.36e-02	1.30e-01	2.30e-01	1.93e-01	3.72e-01	5.80e-02	2.45e-03
 5.79429e+22	4.24e-15	3.54e-10	1.11e-06	2.58e-04	1.51e-02	1.41e-01	2.38e-01	1.95e-01	3.57e-01	5.25e-02	2.10e-03
 5.91631e+22	4.48e-15	3.88e-10	1.24e-06	2.87e-04	1.65e-02	1.49e-01	2.44e-01	1.96e-01	3.45e-01	4.87e-02	1.87e-03
 6.03856e+22	4.78e-15	4.37e-10	1.43e-06	3.30e-04	1.84e-02	1.60e-01	2.51e-01	1.96e-01	3.29e-01	4.40e-02	1.60e-03
 6.16200e+22	5.11e-15	4.84e-10	1.62e-06	3.68e-04	2.00e-02	1.68e-01	2.56e-01	1.97e-01	3.17e-01	4.06e-02	1.42e-03
 6.28698e+22	5.56e-15	5.54e-10	1.89e-06	4.25e-04	2.23e-02	1.80e-01	2.62e-01	1.96e-01	3.01e-01	3.65e-02	1.21e-03
 6.41355e+22	6.03e-15	6.21e-10	2.15e-06	4.76e-04	2.43e-02	1.90e-01	2.66e-01	1.96e-01	2.88e-01	3.35e-02	1.06e-03
 6.54217e+22	6.71e-15	7.21e-10	2.53e-06	5.52e-04	2.71e-02	2.03e-01	2.72e-01	1.95e-01	2.72e-01	2.99e-02	8.97e-04
 6.67291e+22	7.42e-15	8.20e-10	2.90e-06	6.21e-04	2.96e-02	2.14e-01	2.75e-01	1.93e-01	2.60e-01	2.73e-02	7.84e-04
 6.80643e+22	8.47e-15	9.70e-10	3.46e-06	7.24e-04	3.31e-02	2.28e-01	2.80e-01	1.91e-01	2.43e-01	2.42e-02	6.57e-04
 6.94278e+22	9.58e-15	1.12e-09	4.01e-06	8.18e-04	3.61e-02	2.39e-01	2.83e-01	1.88e-01	2.31e-01	2.19e-02	5.69e-04
 7.08282e+22	1.13e-14	1.35e-09	4.84e-06	9.60e-04	4.03e-02	2.55e-01	2.85e-01	1.84e-01	2.15e-01	1.92e-02	4.71e-04
 7.22646e+22	1.31e-14	1.59e-09	5.66e-06	1.09e-03	4.41e-02	2.67e-01	2.87e-01	1.81e-01	2.02e-01	1.73e-02	4.04e-04
 7.37477e+22	1.59e-14	1.96e-09	6.94e-06	1.29e-03	4.94e-02	2.84e-01	2.88e-01	1.76e-01	1.86e-01	1.50e-02	3.29e-04
 7.51440e+22	1.83e-14	2.27e-09	7.94e-06	1.44e-03	5.31e-02	2.94e-01	2.89e-01	1.72e-01	1.76e-01	1.36e-02	2.88e-04
 7.64274e+22	2.21e-14	2.75e-09	9.47e-06	1.65e-03	5.84e-02	3.08e-01	2.89e-01	1.67e-01	1.63e-01	1.20e-02	2.41e-04
 7.76997e+22	2.57e-14	3.18e-09	1.08e-05	1.83e-03	6.25e-02	3.19e-01	2.88e-01	1.63e-01	1.54e-01	1.09e-02	2.10e-04
 7.89576e+22	3.12e-14	3.85e-09	1.29e-05	2.10e-03	6.83e-02	3.33e-01	2.86e-01	1.58e-01	1.43e-01	9.56e-03	1.76e-04
 8.02234e+22	3.67e-14	4.48e-09	1.47e-05	2.32e-03	7.30e-02	3.43e-01	2.85e-01	1.54e-01	1.34e-01	8.66e-03	1.53e-04
 8.14996e+22	4.53e-14	5.47e-09	1.75e-05	2.66e-03	7.95e-02	3.56e-01	2.82e-01	1.48e-01	1.24e-01	7.58e-03	1.27e-04
 8.27990e+22	5.40e-14	6.41e-09	2.00e-05	2.94e-03	8.48e-02	3.67e-01	2.80e-01	1.43e-01	1.16e-01	6.82e-03	1.10e-04
 8.41285e+22	6.79e-14	7.90e-09	2.40e-05	3.37e-03	9.23e-02	3.80e-01	2.76e-01	1.37e-01	1.06e-01	5.91e-03	9.07e-05
 8.54772e+22	8.19e-14	9.32e-09	2.75e-05	3.74e-03	9.84e-02	3.90e-01	2.72e-01	1.32e-01	9.86e-02	5.29e-03	7.80e-05
 8.68508e+22	1.05e-13	1.16e-08	3.31e-05	4.28e-03	1.07e-01	4.02e-01	2.67e-01	1.25e-01	8.95e-02	4.55e-03	6.36e-05
 8.82512e+22	1.28e-13	1.38e-08	3.81e-05	4.74e-03	1.14e-01	4.12e-01	2.63e-01	1.20e-01	8.29e-02	4.05e-03	5.42e-05
 8.96863e+22	1.66e-13	1.73e-08	4.60e-05	5.43e-03	1.23e-01	4.23e-01	2.56e-01	1.13e-01	7.47e-02	3.44e-03	4.37e-05
 9.11531e+22	2.05e-13	2.07e-08	5.32e-05	6.03e-03	1.31e-01	4.32e-01	2.51e-01	1.08e-01	6.87e-02	3.04e-03	3.69e-05
 9.26614e+22	2.72e-13	2.63e-08	6.45e-05	6.92e-03	1.42e-01	4.43e-01	2.43e-01	1.01e-01	6.13e-02	2.56e-03	2.93e-05
 9.42036e+22	3.41e-13	3.18e-08	7.50e-05	7.70e-03	1.51e-01	4.50e-01	2.37e-01	9.55e-02	5.60e-02	2.23e-03	2.44e-05
 9.57900e+22	4.58e-13	4.07e-08	9.12e-05	8.84e-03	1.63e-01	4.59e-01	2.28e-01	8.87e-02	4.95e-02	1.86e-03	1.92e-05
 9.73958e+22	5.76e-13	4.92e-08	1.06e-04	9.80e-03	1.73e-01	4.66e-01	2.21e-01	8.35e-02	4.50e-02	1.61e-03	1.59e-05
 9.90268e+22	7.82e-13	6.33e-08	1.29e-04	1.12e-02	1.86e-01	4.73e-01	2.12e-01	7.70e-02	3.95e-02	1.33e-03	1.23e-05
 1.00676e+23	9.88e-13	7.66e-08	1.50e-04	1.24e-02	1.97e-01	4.77e-01	2.05e-01	7.21e-02	3.57e-02	1.15e-03	1.01e-05
 1.02350e+23	1.35e-12	9.87e-08	1.82e-04	1.42e-02	2.11e-01	4.82e-01	1.95e-01	6.60e-02	3.11e-02	9.38e-04	7.81e-06
 1.03986e+23	1.68e-12	1.18e-07	2.09e-04	1.56e-02	2.22e-01	4.84e-01	1.87e-01	6.18e-02	2.82e-02	8.14e-04	6.49e-06
 1.05574e+23	2.25e-12	1.49e-07	2.50e-04	1.76e-02	2.36e-01	4.87e-01	1.78e-01	5.66e-02	2.46e-02	6.71e-04	5.05e-06
 1.07220e+23	2.84e-12	1.80e-07	2.89e-04	1.93e-02	2.47e-01	4.87e-01	1.70e-01	5.26e-02	2.21e-02	5.74e-04	4.12e-06
 1.08624e+23	3.50e-12	2.13e-07	3.28e-04	2.10e-02	2.58e-01	4.88e-01	1.64e-01	4.93e-02	2.00e-02	4.99e-04	3.43e-06
 1.10129e+23	4.57e-12	2.64e-07	3.86e-04	2.34e-02	2.71e-01	4.87e-01	1.55e-01	4.52e-02	1.76e-02	4.16e-04	2.71e-06
 1.11647e+23	5.64e-12	3.13e-07	4.37e-04	2.54e-02	2.82e-01	4.85e-01	1.48e-01	4.21e-02	1.59e-02	3.59e-04	2.25e-06
 1.13183e+23	7.34e-12	3.86e-07	5.12e-04	2.81e-02	2.96e-01	4.83e-01	1.40e-01	3.85e-02	1.40e-02	2.99e-04	1.77e-06
 1.14763e+23	9.27e-12	4.64e-07	5.88e-04	3.07e-02	3.08e-01	4.80e-01	1.33e-01	3.56e-02	1.24e-02	2.54e-04	1.43e-06
 1.16163e+23	1.14e-11	5.48e-07	6.65e-04	3.32e-02	3.19e-01	4.76e-01	1.27e-01	3.30e-02	1.12e-02	2.18e-04	1.18e-06
 1.17741e+23	1.48e-11	6.74e-07	7.76e-04	3.66e-02	3.33e-01	4.71e-01	1.19e-01	3.00e-02	9.75e-03	1.81e-04	9.26e-07
 1.19405e+23	1.89e-11	8.15e-07	8.93e-04	4.00e-02	3.45e-01	4.65e-01	1.12e-01	2.75e-02	8.59e-03	1.51e-04	7.37e-07
 1.20921e+23	2.36e-11	9.72e-07	1.02e-03	4.34e-02	3.57e-01	4.60e-01	1.06e-01	2.53e-02	7.63e-03	1.28e-04	5.96e-07
 1.22631e+23	3.12e-11	1.21e-06	1.19e-03	4.79e-02	3.72e-01	4.51e-01	9.82e-02	2.27e-02	6.56e-03	1.04e-04	4.56e-07
 1.24394e+23	3.99e-11	1.47e-06	1.38e-03	5.23e-02	3.85e-01	4.43e-01	9.18e-02	2.06e-02	5.73e-03	8.60e-05	3.59e-07
 1.25960e+23	5.00e-11	1.75e-06	1.56e-03	5.65e-02	3.96e-01	4.36e-01	8.61e-02	1.88e-02	5.05e-03	7.22e-05	2.87e-07
 1.27730e+23	6.63e-11	2.18e-06	1.84e-03	6.23e-02	4.10e-01	4.25e-01	7.93e-02	1.68e-02	4.30e-03	5.79e-05	2.17e-07
 1.29568e+23	8.53e-11	2.66e-06	2.12e-03	6.78e-02	4.23e-01	4.15e-01	7.35e-02	1.51e-02	3.72e-03	4.74e-05	1.68e-07
 1.31218e+23	1.08e-10	3.18e-06	2.41e-03	7.33e-02	4.34e-01	4.05e-01	6.84e-02	1.37e-02	3.24e-03	3.93e-05	1.32e-07
 1.33087e+23	1.45e-10	4.00e-06	2.85e-03	8.07e-02	4.48e-01	3.92e-01	6.22e-02	1.21e-02	2.72e-03	3.08e-05	0.00e+00
 1.35020e+23	1.86e-10	4.87e-06	3.27e-03	8.75e-02	4.59e-01	3.80e-01	5.72e-02	1.08e-02	2.33e-03	2.50e-05	0.00e+00
 1.37034e+23	2.54e-10	6.20e-06	3.89e-03	9.66e-02	4.72e-01	3.65e-01	5.15e-02	9.41e-03	1.92e-03	1.92e-05	0.00e+00
 1.39070e+23	3.28e-10	7.54e-06	4.47e-03	1.05e-01	4.82e-01	3.52e-01	4.71e-02	8.37e-03	1.64e-03	1.54e-05	0.00e+00
 1.40857e+23	4.17e-10	9.08e-06	5.10e-03	1.13e-01	4.91e-01	3.40e-01	4.31e-02	7.48e-03	1.40e-03	1.25e-05	0.00e+00
 1.42902e+23	5.77e-10	1.16e-05	6.07e-03	1.24e-01	5.02e-01	3.22e-01	3.82e-02	6.43e-03	1.14e-03	9.43e-06	0.00e+00
 1.44972e+23	7.39e-10	1.41e-05	6.94e-03	1.33e-01	5.09e-01	3.09e-01	3.48e-02	5.70e-03	9.63e-04	7.54e-06	0.00e+00
 1.47074e+23	1.01e-09	1.78e-05	8.19e-03	1.46e-01	5.17e-01	2.92e-01	3.07e-02	4.89e-03	7.80e-04	5.68e-06	0.00e+00
 1.49213e+23	1.30e-09	2.17e-05	9.38e-03	1.57e-01	5.23e-01	2.78e-01	2.77e-02	4.30e-03	6.53e-04	4.47e-06	0.00e+00
 1.51117e+23	1.68e-09	2.63e-05	1.07e-02	1.68e-01	5.27e-01	2.64e-01	2.49e-02	3.77e-03	5.46e-04	3.52e-06	0.00e+00
 1.53305e+23	2.32e-09	3.36e-05	1.27e-02	1.83e-01	5.32e-01	2.47e-01	2.16e-02	3.19e-03	4.33e-04	2.58e-06	0.00e+00
 1.55521e+23	3.00e-09	4.07e-05	1.45e-02	1.96e-01	5.34e-01	2.33e-01	1.93e-02	2.78e-03	3.60e-04	2.01e-06	0.00e+00
 1.57773e+23	4.15e-09	5.21e-05	1.72e-02	2.13e-01	5.35e-01	2.16e-01	1.66e-02	2.33e-03	2.82e-04	1.46e-06	0.00e+00
 1.60055e+23	5.37e-09	6.32e-05	1.96e-02	2.27e-01	5.34e-01	2.02e-01	1.47e-02	2.02e-03	2.32e-04	1.12e-06	0.00e+00
 1.62377e+23	7.46e-09	8.09e-05	2.31e-02	2.46e-01	5.31e-01	1.85e-01	1.26e-02	1.67e-03	1.79e-04	7.98e-07	0.00e+00
 1.64655e+23	9.49e-09	9.69e-05	2.61e-02	2.60e-01	5.28e-01	1.73e-01	1.11e-02	1.45e-03	1.48e-04	6.19e-07	0.00e+00
 1.66875e+23	1.29e-08	1.22e-04	3.04e-02	2.78e-01	5.22e-01	1.58e-01	9.48e-03	1.21e-03	1.15e-04	4.43e-07	0.00e+00
 1.69020e+23	1.60e-08	1.43e-04	3.38e-02	2.91e-01	5.17e-01	1.49e-01	8.47e-03	1.06e-03	9.63e-05	3.51e-07	0.00e+00
 1.71070e+23	2.13e-08	1.76e-04	3.89e-02	3.09e-01	5.08e-01	1.36e-01	7.25e-03	8.88e-04	7.56e-05	2.56e-07	0.00e+00
 1.73111e+23	2.62e-08	2.06e-04	4.31e-02	3.23e-01	5.00e-01	1.26e-01	6.45e-03	7.76e-04	6.30e-05	2.01e-07	0.00e+00
 1.75138e+23	3.40e-08	2.50e-04	4.88e-02	3.39e-01	4.90e-01	1.16e-01	5.56e-03	6.55e-04	5.01e-05	1.49e-07	0.00e+00
 1.77248e+23	4.31e-08	2.97e-04	5.46e-02	3.54e-01	4.79e-01	1.06e-01	4.83e-03	5.60e-04	4.05e-05	0.00e+00	0.00e+00
 1.79149e+23	5.32e-08	3.47e-04	6.04e-02	3.68e-01	4.69e-01	9.80e-02	4.26e-03	4.84e-04	3.33e-05	0.00e+00	0.00e+00
 1.81301e+23	7.00e-08	4.24e-04	6.87e-02	3.85e-01	4.54e-01	8.80e-02	3.59e-03	3.99e-04	2.57e-05	0.00e+00	0.00e+00
 1.83483e+23	8.72e-08	4.98e-04	7.61e-02	3.99e-01	4.41e-01	8.04e-02	3.12e-03	3.41e-04	2.08e-05	0.00e+00	0.00e+00
 1.85703e+23	1.15e-07	6.07e-04	8.62e-02	4.15e-01	4.23e-01	7.15e-02	2.61e-03	2.79e-04	1.59e-05	0.00e+00	0.00e+00
 1.87960e+23	1.43e-07	7.14e-04	9.54e-02	4.28e-01	4.08e-01	6.47e-02	2.24e-03	2.35e-04	1.27e-05	0.00e+00	0.00e+00
 1.89777e+23	1.72e-07	8.14e-04	1.04e-01	4.38e-01	3.96e-01	5.95e-02	1.98e-03	2.04e-04	1.05e-05	0.00e+00	0.00e+00
 1.91649e+23	2.14e-07	9.52e-04	1.14e-01	4.50e-01	3.80e-01	5.36e-02	1.70e-03	1.72e-04	8.34e-06	0.00e+00	0.00e+00
 1.93565e+23	2.57e-07	1.09e-03	1.24e-01	4.59e-01	3.66e-01	4.89e-02	1.49e-03	1.48e-04	6.83e-06	0.00e+00	0.00e+00
 1.95274e+23	3.07e-07	1.23e-03	1.34e-01	4.67e-01	3.52e-01	4.47e-02	1.30e-03	1.27e-04	5.62e-06	0.00e+00	0.00e+00
 1.97232e+23	3.82e-07	1.44e-03	1.47e-01	4.76e-01	3.34e-01	3.97e-02	1.10e-03	1.05e-04	4.39e-06	0.00e+00	0.00e+00
 1.99213e+23	4.58e-07	1.64e-03	1.59e-01	4.83e-01	3.20e-01	3.59e-02	9.57e-04	8.98e-05	3.56e-06	0.00e+00	0.00e+00
 2.00953e+23	5.46e-07	1.86e-03	1.71e-01	4.89e-01	3.05e-01	3.25e-02	8.32e-04	7.66e-05	2.90e-06	0.00e+00	0.00e+00
 2.02946e+23	6.78e-07	2.17e-03	1.87e-01	4.95e-01	2.87e-01	2.86e-02	6.98e-04	6.28e-05	2.24e-06	0.00e+00	0.00e+00
 2.04962e+23	8.11e-07	2.46e-03	2.01e-01	4.98e-01	2.72e-01	2.56e-02	6.01e-04	5.29e-05	1.80e-06	0.00e+00	0.00e+00
 2.06733e+23	9.63e-07	2.77e-03	2.15e-01	5.01e-01	2.58e-01	2.30e-02	5.19e-04	4.48e-05	1.45e-06	0.00e+00	0.00e+00
 2.08762e+23	1.19e-06	3.21e-03	2.34e-01	5.03e-01	2.40e-01	2.00e-02	4.31e-04	3.62e-05	1.10e-06	0.00e+00	0.00e+00
 2.10825e+23	1.42e-06	3.62e-03	2.50e-01	5.03e-01	2.26e-01	1.77e-02	3.68e-04	3.02e-05	8.76e-07	0.00e+00	0.00e+00
 2.12656e+23	1.68e-06	4.07e-03	2.67e-01	5.02e-01	2.12e-01	1.57e-02	3.14e-04	2.52e-05	6.96e-07	0.00e+00	0.00e+00
 2.14759e+23	2.07e-06	4.70e-03	2.88e-01	4.99e-01	1.95e-01	1.35e-02	2.58e-04	2.00e-05	5.21e-07	0.00e+00	0.00e+00
 2.16897e+23	2.47e-06	5.29e-03	3.07e-01	4.95e-01	1.81e-01	1.18e-02	2.17e-04	1.64e-05	4.07e-07	0.00e+00	0.00e+00
 2.19080e+23	3.05e-06	6.11e-03	3.31e-01	4.88e-01	1.64e-01	9.96e-03	1.76e-04	1.28e-05	2.99e-07	0.00e+00	0.00e+00
 2.21292e+23	3.63e-06	6.87e-03	3.52e-01	4.81e-01	1.51e-01	8.62e-03	1.46e-04	1.04e-05	2.30e-07	0.00e+00	0.00e+00
 2.23540e+23	4.48e-06	7.90e-03	3.78e-01	4.71e-01	1.36e-01	7.20e-03	1.17e-04	7.99e-06	1.67e-07	0.00e+00	0.00e+00
 2.25833e+23	5.34e-06	8.88e-03	4.00e-01	4.61e-01	1.24e-01	6.15e-03	9.64e-05	6.37e-06	1.26e-07	0.00e+00	0.00e+00
 2.28183e+23	6.60e-06	1.02e-02	4.27e-01	4.47e-01	1.10e-01	5.05e-03	7.59e-05	4.80e-06	0.00e+00	0.00e+00	0.00e+00
 2.30574e+23	7.87e-06	1.15e-02	4.51e-01	4.34e-01	9.88e-02	4.26e-03	6.16e-05	3.76e-06	0.00e+00	0.00e+00	0.00e+00
 2.33020e+23	9.73e-06	1.31e-02	4.80e-01	4.17e-01	8.64e-02	3.44e-03	4.77e-05	2.77e-06	0.00e+00	0.00e+00	0.00e+00
 2.35155e+23	1.11e-05	1.43e-02	4.98e-01	4.06e-01	7.91e-02	2.99e-03	4.04e-05	2.28e-06	0.00e+00	0.00e+00	0.00e+00
 2.36885e+23	1.28e-05	1.57e-02	5.17e-01	3.93e-01	7.18e-02	2.58e-03	3.38e-05	1.84e-06	0.00e+00	0.00e+00	0.00e+00
 2.38696e+23	1.45e-05	1.70e-02	5.35e-01	3.80e-01	6.56e-02	2.24e-03	2.87e-05	1.51e-06	0.00e+00	0.00e+00	0.00e+00
 2.40615e+23	1.69e-05	1.87e-02	5.57e-01	3.64e-01	5.83e-02	1.87e-03	2.33e-05	1.18e-06	0.00e+00	0.00e+00	0.00e+00
 2.42526e+23	1.92e-05	2.03e-02	5.74e-01	3.51e-01	5.29e-02	1.62e-03	1.96e-05	9.56e-07	0.00e+00	0.00e+00	0.00e+00
 2.44427e+23	2.22e-05	2.23e-02	5.94e-01	3.35e-01	4.69e-02	1.35e-03	1.59e-05	7.45e-07	0.00e+00	0.00e+00	0.00e+00
 2.46367e+23	2.53e-05	2.41e-02	6.12e-01	3.21e-01	4.21e-02	1.15e-03	1.32e-05	5.96e-07	0.00e+00	0.00e+00	0.00e+00
 2.48357e+23	2.94e-05	2.65e-02	6.32e-01	3.04e-01	3.69e-02	9.50e-04	1.06e-05	4.56e-07	0.00e+00	0.00e+00	0.00e+00
 2.50371e+23	3.35e-05	2.87e-02	6.49e-01	2.89e-01	3.28e-02	8.02e-04	8.70e-06	3.61e-07	0.00e+00	0.00e+00	0.00e+00
 2.52417e+23	3.92e-05	3.15e-02	6.68e-01	2.71e-01	2.84e-02	6.51e-04	6.85e-06	2.70e-07	0.00e+00	0.00e+00	0.00e+00
 2.54475e+23	4.44e-05	3.40e-02	6.83e-01	2.57e-01	2.52e-02	5.48e-04	5.63e-06	2.13e-07	0.00e+00	0.00e+00	0.00e+00
 2.56551e+23	5.17e-05	3.73e-02	7.01e-01	2.40e-01	2.16e-02	4.42e-04	4.41e-06	1.58e-07	0.00e+00	0.00e+00	0.00e+00
 2.58677e+23	5.91e-05	4.04e-02	7.15e-01	2.25e-01	1.89e-02	3.66e-04	3.55e-06	0.00e+00	0.00e+00	0.00e+00	0.00e+00
 2.60871e+23	6.93e-05	4.44e-02	7.32e-01	2.07e-01	1.59e-02	2.89e-04	2.72e-06	0.00e+00	0.00e+00	0.00e+00	0.00e+00
 2.63085e+23	7.91e-05	4.80e-02	7.44e-01	1.93e-01	1.38e-02	2.38e-04	2.17e-06	0.00e+00	0.00e+00	0.00e+00	0.00e+00
 2.65324e+23	9.28e-05	5.26e-02	7.59e-01	1.77e-01	1.15e-02	1.86e-04	1.65e-06	0.00e+00	0.00e+00	0.00e+00	0.00e+00
 2.67596e+23	1.06e-04	5.69e-02	7.69e-01	1.63e-01	9.82e-03	1.51e-04	1.30e-06	0.00e+00	0.00e+00	0.00e+00	0.00e+00
 2.69913e+23	1.26e-04	6.26e-02	7.81e-01	1.48e-01	8.05e-03	1.16e-04	9.64e-07	0.00e+00	0.00e+00	0.00e+00	0.00e+00
 2.72216e+23	1.44e-04	6.76e-02	7.90e-01	1.36e-01	6.85e-03	9.38e-05	7.57e-07	0.00e+00	0.00e+00	0.00e+00	0.00e+00
 2.74501e+23	1.70e-04	7.41e-02	7.99e-01	1.22e-01	5.57e-03	7.17e-05	5.58e-07	0.00e+00	0.00e+00	0.00e+00	0.00e+00
 2.76792e+23	1.95e-04	7.99e-02	8.04e-01	1.11e-01	4.70e-03	5.76e-05	4.35e-07	0.00e+00	0.00e+00	0.00e+00	0.00e+00
 2.79090e+23	2.30e-04	8.75e-02	8.10e-01	9.84e-02	3.77e-03	4.35e-05	3.17e-07	0.00e+00	0.00e+00	0.00e+00	0.00e+00
 2.81386e+23	2.65e-04	9.44e-02	8.13e-01	8.89e-02	3.15e-03	3.47e-05	2.44e-07	0.00e+00	0.00e+00	0.00e+00	0.00e+00
 2.83679e+23	3.15e-04	1.03e-01	8.16e-01	7.80e-02	2.50e-03	2.59e-05	1.75e-07	0.00e+00	0.00e+00	0.00e+00	0.00e+00
 2.85968e+23	3.63e-04	1.11e-01	8.16e-01	6.98e-02	2.06e-03	2.04e-05	1.34e-07	0.00e+00	0.00e+00	0.00e+00	0.00e+00
 2.88254e+23	4.33e-04	1.22e-01	8.16e-01	6.05e-02	1.61e-03	1.51e-05	0.00e+00	0.00e+00	0.00e+00	0.00e+00	0.00e+00
 2.90539e+23	5.02e-04	1.31e-01	8.13e-01	5.35e-02	1.31e-03	1.17e-05	0.00e+00	0.00e+00	0.00e+00	0.00e+00	0.00e+00
 2.92825e+23	6.00e-04	1.44e-01	8.09e-01	4.56e-02	1.01e-03	8.53e-06	0.00e+00	0.00e+00	0.00e+00	0.00e+00	0.00e+00
 2.95116e+23	6.99e-04	1.55e-01	8.04e-01	3.97e-02	8.10e-04	6.51e-06	0.00e+00	0.00e+00	0.00e+00	0.00e+00	0.00e+00
 2.97111e+23	8.11e-04	1.66e-01	7.98e-01	3.45e-02	6.49e-04	4.97e-06	0.00e+00	0.00e+00	0.00e+00	0.00e+00	0.00e+00
 2.99402e+23	9.73e-04	1.81e-01	7.89e-01	2.87e-02	4.87e-04	3.50e-06	0.00e+00	0.00e+00	0.00e+00	0.00e+00	0.00e+00
 3.01721e+23	1.15e-03	1.95e-01	7.79e-01	2.42e-02	3.77e-04	2.56e-06	0.00e+00	0.00e+00	0.00e+00	0.00e+00	0.00e+00
 3.03724e+23	1.34e-03	2.09e-01	7.69e-01	2.05e-02	2.94e-04	1.88e-06	0.00e+00	0.00e+00	0.00e+00	0.00e+00	0.00e+00
 3.05975e+23	1.61e-03	2.27e-01	7.55e-01	1.64e-02	2.15e-04	1.27e-06	0.00e+00	0.00e+00	0.00e+00	0.00e+00	0.00e+00
 3.07907e+23	1.84e-03	2.39e-01	7.45e-01	1.40e-02	1.73e-04	9.66e-07	0.00e+00	0.00e+00	0.00e+00	0.00e+00	0.00e+00
