#depth	H	H+	H2
 4.62852e+21	6.79e-05	1.00e+00	6.79e-25
 1.05910e+22	9.39e-05	1.00e+00	2.91e-24
 1.25920e+22	1.10e-04	1.00e+00	6.00e-24
 1.37702e+22	1.24e-04	1.00e+00	1.05e-23
 1.44913e+22	1.31e-04	1.00e+00	1.27e-23
 1.49741e+22	1.39e-04	1.00e+00	1.72e-23
 1.54851e+22	1.47e-04	1.00e+00	2.23e-23
 1.60327e+22	1.58e-04	1.00e+00	3.11e-23
 1.65863e+22	1.68e-04	1.00e+00	4.09e-23
 1.70736e+22	1.78e-04	1.00e+00	5.33e-23
 1.76327e+22	1.92e-04	1.00e+00	7.55e-23
 1.81998e+22	2.04e-04	1.00e+00	9.97e-23
 1.87772e+22	2.19e-04	1.00e+00	1.42e-22
 1.93654e+22	2.33e-04	1.00e+00	1.90e-22
 1.98889e+22	2.48e-04	1.00e+00	2.55e-22
 2.04908e+22	2.69e-04	1.00e+00	3.71e-22
 2.11021e+22	2.86e-04	1.00e+00	5.03e-22
 2.16312e+22	3.04e-04	1.00e+00	6.73e-22
 2.21365e+22	3.22e-04	1.00e+00	8.89e-22
 2.26198e+22	3.40e-04	1.00e+00	1.17e-21
 2.31630e+22	3.65e-04	1.00e+00	1.66e-21
 2.37047e+22	3.86e-04	1.00e+00	2.20e-21
 2.42443e+22	4.13e-04	1.00e+00	3.15e-21
 2.47944e+22	4.38e-04	1.00e+00	4.28e-21
 2.53580e+22	4.70e-04	1.00e+00	6.29e-21
 2.59272e+22	4.99e-04	1.00e+00	8.78e-21
 2.64281e+22	5.28e-04	9.99e-01	1.20e-20
 2.70036e+22	5.68e-04	9.99e-01	1.83e-20
 2.75610e+22	5.99e-04	9.99e-01	2.54e-20
 2.80048e+22	6.29e-04	9.99e-01	3.37e-20
 2.84921e+22	6.68e-04	9.99e-01	4.76e-20
 2.89881e+22	7.03e-04	9.99e-01	6.46e-20
 2.94263e+22	7.38e-04	9.99e-01	8.55e-20
 2.99271e+22	7.85e-04	9.99e-01	1.24e-19
 3.04340e+22	8.26e-04	9.99e-01	1.72e-19
 3.08783e+22	8.68e-04	9.99e-01	2.31e-19
 3.13853e+22	9.23e-04	9.99e-01	3.49e-19
 3.19009e+22	9.73e-04	9.99e-01	4.88e-19
 3.23571e+22	1.02e-03	9.99e-01	6.96e-19
 3.28794e+22	1.09e-03	9.99e-01	1.15e-18
 3.34092e+22	1.15e-03	9.99e-01	1.74e-18
 3.37500e+22	1.17e-03	9.99e-01	2.84e-18
 3.39941e+22	1.21e-03	9.99e-01	3.79e-18
 3.43114e+22	1.26e-03	9.99e-01	5.53e-18
 3.47239e+22	1.32e-03	9.99e-01	9.33e-18
 3.52602e+22	1.41e-03	9.99e-01	3.10e-17
 3.58017e+22	1.48e-03	9.99e-01	5.32e-17
 3.63502e+22	1.59e-03	9.98e-01	1.44e-16
 3.69129e+22	1.68e-03	9.98e-01	2.31e-16
 3.74942e+22	1.79e-03	9.98e-01	4.06e-16
 3.80934e+22	1.90e-03	9.98e-01	6.24e-16
 3.86299e+22	2.01e-03	9.98e-01	8.68e-16
 3.92417e+22	2.16e-03	9.98e-01	1.31e-15
 3.97789e+22	2.26e-03	9.98e-01	1.67e-15
 4.02190e+22	2.37e-03	9.98e-01	2.18e-15
 4.06769e+22	2.48e-03	9.98e-01	2.70e-15
 4.10950e+22	2.59e-03	9.97e-01	3.26e-15
 4.15753e+22	2.73e-03	9.97e-01	4.11e-15
 4.20575e+22	2.85e-03	9.97e-01	4.92e-15
 4.25420e+22	3.02e-03	9.97e-01	6.11e-15
 4.30319e+22	3.16e-03	9.97e-01	7.26e-15
 4.35289e+22	3.34e-03	9.97e-01	9.01e-15
 4.40344e+22	3.50e-03	9.97e-01	1.07e-14
 4.45508e+22	3.71e-03	9.96e-01	1.34e-14
 4.50758e+22	3.89e-03	9.96e-01	1.61e-14
 4.56119e+22	4.13e-03	9.96e-01	2.02e-14
 4.61589e+22	4.34e-03	9.96e-01	2.44e-14
 4.67201e+22	4.61e-03	9.95e-01	3.08e-14
 4.72993e+22	4.86e-03	9.95e-01	3.78e-14
 4.79020e+22	5.20e-03	9.95e-01	4.88e-14
 4.85042e+22	5.48e-03	9.95e-01	5.98e-14
 4.91060e+22	5.84e-03	9.94e-01	7.67e-14
 4.97235e+22	6.17e-03	9.94e-01	9.55e-14
 5.03617e+22	6.62e-03	9.93e-01	1.25e-13
 5.10055e+22	6.99e-03	9.93e-01	1.56e-13
 5.16567e+22	7.50e-03	9.92e-01	2.06e-13
 5.23198e+22	7.94e-03	9.92e-01	2.58e-13
 5.29983e+22	8.57e-03	9.91e-01	3.46e-13
 5.36882e+22	9.07e-03	9.91e-01	4.36e-13
 5.43927e+22	9.84e-03	9.90e-01	5.94e-13
 5.51097e+22	1.05e-02	9.90e-01	7.57e-13
 5.58428e+22	1.14e-02	9.89e-01	1.05e-12
 5.65944e+22	1.22e-02	9.88e-01	1.36e-12
 5.73699e+22	1.34e-02	9.87e-01	1.94e-12
 5.81659e+22	1.45e-02	9.86e-01	2.60e-12
 5.89884e+22	1.61e-02	9.84e-01	3.84e-12
 5.98396e+22	1.76e-02	9.82e-01	5.35e-12
 6.04981e+22	1.89e-02	9.81e-01	6.82e-12
 6.11240e+22	2.07e-02	9.79e-01	9.40e-12
 6.17680e+22	2.26e-02	9.77e-01	1.25e-11
 6.24355e+22	2.52e-02	9.75e-01	1.80e-11
 6.31265e+22	2.82e-02	9.72e-01	2.56e-11
 6.37406e+22	3.15e-02	9.68e-01	3.61e-11
 6.44314e+22	3.66e-02	9.63e-01	5.64e-11
 6.50928e+22	4.22e-02	9.58e-01	8.37e-11
 6.55978e+22	4.79e-02	9.52e-01	1.18e-10
 6.61361e+22	5.63e-02	9.44e-01	1.83e-10
 6.67035e+22	6.75e-02	9.33e-01	2.88e-10
 6.71859e+22	8.03e-02	9.20e-01	4.40e-10
 6.76033e+22	9.53e-02	9.05e-01	6.59e-10
 6.79873e+22	1.14e-01	8.86e-01	9.90e-10
 6.83418e+22	1.35e-01	8.65e-01	1.46e-09
 6.86650e+22	1.61e-01	8.39e-01	2.13e-09
 6.89597e+22	1.91e-01	8.09e-01	3.07e-09
 6.92267e+22	2.24e-01	7.76e-01	4.31e-09
 6.94684e+22	2.59e-01	7.41e-01	5.87e-09
 6.96245e+22	2.84e-01	7.16e-01	6.99e-09
 6.96899e+22	2.95e-01	7.05e-01	7.59e-09
 6.97439e+22	3.05e-01	6.95e-01	8.13e-09
 6.98118e+22	3.18e-01	6.82e-01	8.84e-09
 6.98941e+22	3.35e-01	6.65e-01	9.84e-09
 6.99784e+22	3.51e-01	6.49e-01	1.08e-08
 7.00594e+22	3.68e-01	6.32e-01	1.20e-08
 7.01406e+22	3.86e-01	6.14e-01	1.32e-08
 7.02222e+22	4.04e-01	5.96e-01	1.44e-08
 7.03072e+22	4.23e-01	5.77e-01	1.58e-08
 7.03964e+22	4.43e-01	5.57e-01	1.74e-08
 7.04888e+22	4.64e-01	5.36e-01	1.90e-08
 7.05849e+22	4.86e-01	5.14e-01	2.09e-08
 7.06840e+22	5.09e-01	4.91e-01	2.28e-08
 7.07821e+22	5.31e-01	4.69e-01	2.48e-08
 7.08585e+22	5.47e-01	4.53e-01	2.61e-08
 7.09097e+22	5.58e-01	4.42e-01	2.71e-08
 7.09589e+22	5.69e-01	4.31e-01	2.81e-08
 7.10164e+22	5.81e-01	4.19e-01	2.93e-08
 7.10792e+22	5.94e-01	4.06e-01	3.06e-08
 7.11414e+22	6.06e-01	3.94e-01	3.18e-08
 7.12023e+22	6.18e-01	3.82e-01	3.29e-08
 7.12640e+22	6.30e-01	3.70e-01	3.41e-08
 7.13278e+22	6.41e-01	3.59e-01	3.53e-08
 7.13933e+22	6.53e-01	3.47e-01	3.66e-08
 7.14588e+22	6.64e-01	3.36e-01	3.76e-08
 7.15258e+22	6.75e-01	3.25e-01	3.88e-08
 7.15956e+22	6.87e-01	3.13e-01	4.01e-08
 7.16656e+22	6.97e-01	3.03e-01	4.12e-08
 7.17364e+22	7.07e-01	2.93e-01	4.24e-08
 7.18101e+22	7.18e-01	2.82e-01	4.36e-08
 7.18863e+22	7.28e-01	2.72e-01	4.48e-08
 7.19640e+22	7.37e-01	2.63e-01	4.58e-08
 7.20440e+22	7.47e-01	2.53e-01	4.71e-08
 7.21268e+22	7.57e-01	2.43e-01	4.83e-08
 7.22102e+22	7.65e-01	2.35e-01	4.94e-08
 7.22956e+22	7.74e-01	2.26e-01	5.05e-08
 7.23851e+22	7.83e-01	2.17e-01	5.17e-08
 7.24777e+22	7.91e-01	2.09e-01	5.29e-08
 7.25722e+22	7.99e-01	2.01e-01	5.41e-08
 7.26688e+22	8.07e-01	1.93e-01	5.53e-08
 7.27689e+22	8.15e-01	1.85e-01	5.65e-08
 7.28728e+22	8.22e-01	1.78e-01	5.77e-08
 7.29796e+22	8.29e-01	1.71e-01	5.90e-08
 7.30884e+22	8.36e-01	1.64e-01	6.02e-08
 7.31983e+22	8.42e-01	1.58e-01	6.14e-08
 7.33098e+22	8.49e-01	1.51e-01	6.28e-08
 7.34260e+22	8.55e-01	1.45e-01	6.42e-08
 7.35459e+22	8.60e-01	1.40e-01	6.56e-08
 7.36652e+22	8.66e-01	1.34e-01	6.70e-08
 7.37846e+22	8.71e-01	1.29e-01	6.86e-08
 7.39089e+22	8.75e-01	1.25e-01	7.02e-08
 7.40369e+22	8.80e-01	1.20e-01	7.18e-08
 7.41667e+22	8.84e-01	1.16e-01	7.36e-08
 7.43003e+22	8.89e-01	1.11e-01	7.57e-08
 7.44378e+22	8.93e-01	1.07e-01	7.78e-08
 7.45787e+22	8.96e-01	1.04e-01	8.02e-08
 7.47228e+22	9.00e-01	9.97e-02	8.29e-08
 7.48704e+22	9.04e-01	9.61e-02	8.58e-08
 7.50183e+22	9.07e-01	9.28e-02	8.90e-08
 7.51614e+22	9.10e-01	8.98e-02	9.23e-08
 7.52969e+22	9.13e-01	8.71e-02	9.52e-08
 7.54235e+22	9.15e-01	8.48e-02	9.79e-08
 7.55425e+22	9.17e-01	8.26e-02	1.01e-07
 7.56534e+22	9.19e-01	8.07e-02	1.04e-07
 7.57609e+22	9.21e-01	7.88e-02	1.07e-07
 7.58688e+22	9.23e-01	7.70e-02	1.10e-07
 7.59716e+22	9.25e-01	7.53e-02	1.13e-07
 7.60717e+22	9.26e-01	7.37e-02	1.17e-07
 7.61700e+22	9.28e-01	7.21e-02	1.21e-07
 7.62628e+22	9.29e-01	7.06e-02	1.24e-07
 7.63529e+22	9.31e-01	6.92e-02	1.28e-07
 7.64414e+22	9.32e-01	6.78e-02	1.33e-07
 7.65246e+22	9.33e-01	6.66e-02	1.37e-07
 7.66057e+22	9.35e-01	6.54e-02	1.41e-07
 7.66845e+22	9.36e-01	6.42e-02	1.46e-07
 7.67592e+22	9.37e-01	6.31e-02	1.50e-07
 7.68339e+22	9.38e-01	6.19e-02	1.56e-07
 7.69060e+22	9.39e-01	6.08e-02	1.61e-07
 7.69716e+22	9.40e-01	5.98e-02	1.66e-07
 7.70313e+22	9.41e-01	5.90e-02	1.71e-07
 7.70857e+22	9.42e-01	5.82e-02	1.75e-07
 7.71351e+22	9.42e-01	5.76e-02	1.79e-07
 7.71801e+22	9.43e-01	5.69e-02	1.83e-07
 7.72210e+22	9.44e-01	5.64e-02	1.86e-07
 7.72659e+22	9.44e-01	5.56e-02	1.91e-07
 7.73144e+22	9.45e-01	5.49e-02	1.95e-07
 7.73584e+22	9.46e-01	5.43e-02	1.98e-07
 7.73986e+22	9.46e-01	5.38e-02	2.01e-07
 7.74425e+22	9.47e-01	5.30e-02	2.05e-07
 7.74900e+22	9.48e-01	5.23e-02	2.09e-07
 7.75331e+22	9.48e-01	5.17e-02	2.12e-07
 7.75724e+22	9.49e-01	5.12e-02	2.14e-07
 7.76082e+22	9.49e-01	5.07e-02	2.17e-07
 7.76407e+22	9.50e-01	5.04e-02	2.19e-07
 7.76764e+22	9.50e-01	4.99e-02	2.20e-07
 7.77228e+22	9.51e-01	4.92e-02	2.23e-07
 7.77728e+22	9.51e-01	4.86e-02	2.25e-07
 7.78184e+22	9.52e-01	4.80e-02	2.27e-07
 7.78598e+22	9.52e-01	4.78e-02	2.30e-07
 7.78975e+22	9.53e-01	4.72e-02	2.29e-07
 7.79388e+22	9.53e-01	4.67e-02	2.30e-07
 7.79926e+22	9.54e-01	4.59e-02	2.31e-07
 7.80506e+22	9.55e-01	4.53e-02	2.33e-07
 7.81033e+22	9.55e-01	4.46e-02	2.33e-07
 7.81514e+22	9.56e-01	4.42e-02	2.34e-07
 7.81951e+22	9.56e-01	4.37e-02	2.34e-07
 7.82430e+22	9.57e-01	4.32e-02	2.34e-07
 7.82947e+22	9.57e-01	4.25e-02	2.34e-07
 7.83417e+22	9.58e-01	4.21e-02	2.34e-07
 7.83845e+22	9.58e-01	4.17e-02	2.33e-07
 7.84315e+22	9.59e-01	4.11e-02	2.32e-07
 7.84821e+22	9.59e-01	4.05e-02	2.32e-07
 7.85282e+22	9.60e-01	4.01e-02	2.31e-07
 7.85702e+22	9.60e-01	3.97e-02	2.30e-07
 7.86161e+22	9.61e-01	3.92e-02	2.29e-07
 7.86657e+22	9.61e-01	3.86e-02	2.28e-07
 7.87109e+22	9.62e-01	3.82e-02	2.28e-07
 7.87520e+22	9.62e-01	3.78e-02	2.27e-07
 7.87894e+22	9.62e-01	3.76e-02	2.26e-07
 7.88304e+22	9.63e-01	3.71e-02	2.24e-07
 7.88836e+22	9.63e-01	3.66e-02	2.23e-07
 7.89411e+22	9.64e-01	3.59e-02	2.22e-07
 7.89935e+22	9.65e-01	3.55e-02	2.21e-07
 7.90411e+22	9.65e-01	3.51e-02	2.20e-07
 7.90844e+22	9.65e-01	3.48e-02	2.19e-07
 7.91319e+22	9.66e-01	3.44e-02	2.17e-07
 7.91832e+22	9.66e-01	3.39e-02	2.17e-07
 7.92298e+22	9.66e-01	3.36e-02	2.16e-07
 7.92723e+22	9.67e-01	3.34e-02	2.15e-07
 7.93188e+22	9.67e-01	3.30e-02	2.14e-07
 7.93793e+22	9.68e-01	3.25e-02	2.13e-07
 7.94446e+22	9.68e-01	3.20e-02	2.13e-07
 7.95040e+22	9.68e-01	3.15e-02	2.12e-07
 7.95580e+22	9.69e-01	3.11e-02	2.11e-07
 7.96072e+22	9.69e-01	3.09e-02	2.11e-07
 7.96612e+22	9.70e-01	3.05e-02	2.09e-07
 7.97313e+22	9.70e-01	3.00e-02	2.08e-07
 7.98069e+22	9.71e-01	2.94e-02	2.08e-07
 7.98758e+22	9.71e-01	2.90e-02	2.07e-07
 7.99384e+22	9.71e-01	2.86e-02	2.06e-07
 7.99954e+22	9.72e-01	2.83e-02	2.05e-07
 8.00473e+22	9.72e-01	2.80e-02	2.04e-07
 8.00946e+22	9.72e-01	2.79e-02	2.03e-07
 8.01463e+22	9.72e-01	2.75e-02	2.02e-07
 8.02021e+22	9.73e-01	2.73e-02	2.02e-07
 8.02634e+22	9.73e-01	2.68e-02	2.01e-07
 8.03294e+22	9.74e-01	2.64e-02	2.01e-07
 8.03896e+22	9.74e-01	2.62e-02	2.00e-07
 8.04555e+22	9.74e-01	2.58e-02	1.99e-07
 8.05266e+22	9.75e-01	2.54e-02	1.99e-07
 8.05913e+22	9.75e-01	2.50e-02	1.98e-07
 8.06502e+22	9.75e-01	2.48e-02	1.98e-07
 8.07148e+22	9.76e-01	2.45e-02	1.97e-07
 8.07845e+22	9.76e-01	2.42e-02	1.98e-07
 8.08479e+22	9.76e-01	2.38e-02	1.97e-07
 8.09056e+22	9.76e-01	2.36e-02	1.97e-07
 8.09689e+22	9.77e-01	2.33e-02	1.96e-07
 8.10371e+22	9.77e-01	2.30e-02	1.96e-07
 8.10992e+22	9.77e-01	2.28e-02	1.96e-07
 8.11673e+22	9.78e-01	2.25e-02	1.95e-07
 8.12408e+22	9.78e-01	2.21e-02	1.95e-07
 8.13077e+22	9.78e-01	2.19e-02	1.96e-07
 8.13810e+22	9.78e-01	2.16e-02	1.95e-07
 8.14601e+22	9.79e-01	2.12e-02	1.95e-07
 8.15321e+22	9.79e-01	2.10e-02	1.95e-07
 8.16110e+22	9.79e-01	2.07e-02	1.94e-07
 8.16962e+22	9.80e-01	2.03e-02	1.95e-07
 8.17737e+22	9.80e-01	2.00e-02	1.94e-07
 8.18442e+22	9.80e-01	1.98e-02	1.94e-07
 8.19215e+22	9.80e-01	1.96e-02	1.93e-07
 8.20050e+22	9.81e-01	1.92e-02	1.93e-07
 8.20809e+22	9.81e-01	1.90e-02	1.93e-07
 8.21641e+22	9.81e-01	1.87e-02	1.93e-07
 8.22539e+22	9.82e-01	1.84e-02	1.93e-07
 8.23357e+22	9.82e-01	1.82e-02	1.93e-07
 8.24252e+22	9.82e-01	1.79e-02	1.93e-07
 8.25219e+22	9.82e-01	1.76e-02	1.93e-07
 8.26099e+22	9.83e-01	1.74e-02	1.93e-07
 8.27064e+22	9.83e-01	1.71e-02	1.92e-07
 8.28105e+22	9.83e-01	1.68e-02	1.93e-07
 8.29052e+22	9.83e-01	1.65e-02	1.92e-07
 8.29914e+22	9.84e-01	1.63e-02	1.92e-07
 8.30859e+22	9.84e-01	1.61e-02	1.92e-07
 8.31878e+22	9.84e-01	1.58e-02	1.92e-07
 8.32806e+22	9.84e-01	1.56e-02	1.92e-07
 8.33823e+22	9.85e-01	1.53e-02	1.91e-07
 8.34921e+22	9.85e-01	1.50e-02	1.92e-07
 8.35920e+22	9.85e-01	1.48e-02	1.92e-07
 8.37015e+22	9.85e-01	1.45e-02	1.91e-07
 8.38197e+22	9.86e-01	1.42e-02	1.91e-07
 8.39273e+22	9.86e-01	1.40e-02	1.91e-07
 8.40451e+22	9.86e-01	1.38e-02	1.91e-07
 8.41723e+22	9.86e-01	1.35e-02	1.92e-07
 8.42881e+22	9.87e-01	1.33e-02	1.91e-07
 8.44150e+22	9.87e-01	1.30e-02	1.91e-07
 8.45520e+22	9.87e-01	1.28e-02	1.92e-07
 8.46766e+22	9.87e-01	1.26e-02	1.92e-07
 8.47900e+22	9.88e-01	1.24e-02	1.92e-07
 8.49143e+22	9.88e-01	1.21e-02	1.92e-07
 8.50485e+22	9.88e-01	1.19e-02	1.92e-07
 8.51706e+22	9.88e-01	1.17e-02	1.92e-07
 8.52817e+22	9.88e-01	1.15e-02	1.92e-07
 8.54035e+22	9.89e-01	1.13e-02	1.92e-07
 8.55618e+22	9.89e-01	1.10e-02	1.92e-07
 8.57447e+22	9.89e-01	1.07e-02	1.92e-07
 8.59325e+22	9.90e-01	1.04e-02	1.93e-07
 8.61231e+22	9.90e-01	1.02e-02	1.93e-07
 8.63168e+22	9.90e-01	9.90e-03	1.93e-07
 8.65130e+22	9.90e-01	9.63e-03	1.93e-07
 8.67120e+22	9.91e-01	9.37e-03	1.93e-07
 8.69134e+22	9.91e-01	9.11e-03	1.93e-07
 8.71171e+22	9.91e-01	8.86e-03	1.93e-07
 8.73231e+22	9.91e-01	8.61e-03	1.93e-07
 8.75313e+22	9.92e-01	8.37e-03	1.93e-07
 8.77415e+22	9.92e-01	8.13e-03	1.94e-07
 8.79539e+22	9.92e-01	7.90e-03	1.94e-07
 8.81683e+22	9.92e-01	7.67e-03	1.94e-07
 8.83845e+22	9.93e-01	7.45e-03	1.94e-07
 8.86023e+22	9.93e-01	7.23e-03	1.94e-07
 8.88217e+22	9.93e-01	7.02e-03	1.95e-07
 8.90431e+22	9.93e-01	6.82e-03	1.95e-07
 8.92665e+22	9.93e-01	6.62e-03	1.95e-07
 8.94917e+22	9.94e-01	6.42e-03	1.95e-07
 8.97186e+22	9.94e-01	6.23e-03	1.96e-07
 8.99472e+22	9.94e-01	6.04e-03	1.96e-07
 9.01776e+22	9.94e-01	5.86e-03	1.96e-07
 9.04114e+22	9.94e-01	5.68e-03	1.97e-07
 9.06506e+22	9.94e-01	5.51e-03	1.97e-07
 9.08939e+22	9.95e-01	5.33e-03	1.98e-07
 9.11396e+22	9.95e-01	5.17e-03	1.98e-07
 9.13878e+22	9.95e-01	5.00e-03	1.99e-07
 9.16386e+22	9.95e-01	4.84e-03	1.99e-07
 9.18921e+22	9.95e-01	4.69e-03	2.00e-07
 9.21485e+22	9.95e-01	4.53e-03	2.01e-07
 9.24087e+22	9.96e-01	4.39e-03	2.01e-07
 9.25552e+22	9.96e-01	4.37e-03	2.02e-07
