#depth	O	O+	O+2	O+3	O+4	O+5	O+6	O+7	O+8	O[1]	O[2]	O[3]
 4.62852e+21	3.28e-12	7.31e-08	8.12e-05	6.63e-03	5.92e-02	1.33e-01	6.18e-01	1.71e-01	1.14e-02	3.28e-12	6.84e-21	8.52e-21
 1.02788e+22	7.75e-12	1.86e-07	2.03e-04	1.45e-02	9.75e-02	1.88e-01	5.86e-01	1.09e-01	4.88e-03	7.75e-12	1.65e-20	2.05e-20
 1.18114e+22	1.28e-11	3.13e-07	3.26e-04	2.10e-02	1.21e-01	2.15e-01	5.54e-01	8.50e-02	3.15e-03	1.28e-11	2.76e-20	3.43e-20
 1.25778e+22	1.67e-11	4.10e-07	4.13e-04	2.52e-02	1.34e-01	2.28e-01	5.35e-01	7.46e-02	2.52e-03	1.67e-11	3.64e-20	4.51e-20
 1.29517e+22	1.90e-11	4.66e-07	4.61e-04	2.73e-02	1.41e-01	2.34e-01	5.26e-01	7.01e-02	2.27e-03	1.90e-11	4.16e-20	5.15e-20
 1.32243e+22	2.26e-11	5.51e-07	5.32e-04	3.03e-02	1.49e-01	2.41e-01	5.13e-01	6.47e-02	1.98e-03	2.26e-11	4.96e-20	6.14e-20
 1.35115e+22	2.63e-11	6.38e-07	6.02e-04	3.32e-02	1.56e-01	2.47e-01	5.01e-01	6.02e-02	1.75e-03	2.63e-11	5.80e-20	7.17e-20
 1.38178e+22	3.20e-11	7.71e-07	7.05e-04	3.72e-02	1.66e-01	2.54e-01	4.86e-01	5.49e-02	1.50e-03	3.20e-11	7.11e-20	8.79e-20
 1.41305e+22	3.78e-11	9.04e-07	8.05e-04	4.08e-02	1.74e-01	2.60e-01	4.72e-01	5.06e-02	1.32e-03	3.78e-11	8.44e-20	1.04e-19
 1.43984e+22	4.43e-11	1.05e-06	9.06e-04	4.43e-02	1.82e-01	2.64e-01	4.60e-01	4.71e-02	1.17e-03	4.43e-11	9.95e-20	1.23e-19
 1.46937e+22	5.38e-11	1.26e-06	1.06e-03	4.93e-02	1.92e-01	2.71e-01	4.43e-01	4.27e-02	9.99e-04	5.38e-11	1.22e-19	1.50e-19
 1.49970e+22	6.38e-11	1.48e-06	1.20e-03	5.37e-02	2.01e-01	2.75e-01	4.29e-01	3.94e-02	8.78e-04	6.38e-11	1.45e-19	1.79e-19
 1.52511e+22	7.43e-11	1.69e-06	1.34e-03	5.78e-02	2.08e-01	2.78e-01	4.17e-01	3.67e-02	7.84e-04	7.43e-11	1.70e-19	2.09e-19
 1.55218e+22	8.98e-11	2.01e-06	1.53e-03	6.33e-02	2.18e-01	2.82e-01	4.02e-01	3.35e-02	6.80e-04	8.98e-11	2.07e-19	2.55e-19
 1.58006e+22	1.06e-10	2.33e-06	1.72e-03	6.83e-02	2.26e-01	2.85e-01	3.88e-01	3.09e-02	5.99e-04	1.06e-10	2.45e-19	3.02e-19
 1.60488e+22	1.24e-10	2.68e-06	1.91e-03	7.34e-02	2.33e-01	2.87e-01	3.75e-01	2.86e-02	5.31e-04	1.24e-10	2.89e-19	3.56e-19
 1.63301e+22	1.52e-10	3.20e-06	2.20e-03	8.03e-02	2.43e-01	2.89e-01	3.59e-01	2.59e-02	4.56e-04	1.52e-10	3.57e-19	4.40e-19
 1.66238e+22	1.82e-10	3.75e-06	2.48e-03	8.68e-02	2.52e-01	2.91e-01	3.44e-01	2.37e-02	3.96e-04	1.82e-10	4.32e-19	5.31e-19
 1.68888e+22	2.17e-10	4.36e-06	2.78e-03	9.34e-02	2.60e-01	2.91e-01	3.30e-01	2.17e-02	3.47e-04	2.17e-10	5.17e-19	6.36e-19
 1.71885e+22	2.71e-10	5.26e-06	3.21e-03	1.02e-01	2.70e-01	2.92e-01	3.13e-01	1.94e-02	2.93e-04	2.71e-10	6.52e-19	8.01e-19
 1.74984e+22	3.29e-10	6.21e-06	3.63e-03	1.10e-01	2.79e-01	2.92e-01	2.98e-01	1.75e-02	2.51e-04	3.29e-10	8.00e-19	9.81e-19
 1.77750e+22	3.96e-10	7.25e-06	4.07e-03	1.18e-01	2.86e-01	2.91e-01	2.84e-01	1.59e-02	2.18e-04	3.96e-10	9.71e-19	1.19e-18
 1.80880e+22	5.02e-10	8.81e-06	4.70e-03	1.29e-01	2.96e-01	2.89e-01	2.67e-01	1.41e-02	1.81e-04	5.02e-10	1.24e-18	1.52e-18
 1.84115e+22	6.18e-10	1.04e-05	5.33e-03	1.39e-01	3.04e-01	2.87e-01	2.52e-01	1.26e-02	1.54e-04	6.18e-10	1.54e-18	1.89e-18
 1.87005e+22	7.52e-10	1.23e-05	5.99e-03	1.49e-01	3.12e-01	2.84e-01	2.38e-01	1.13e-02	1.31e-04	7.52e-10	1.90e-18	2.32e-18
 1.90282e+22	9.69e-10	1.50e-05	6.93e-03	1.63e-01	3.20e-01	2.80e-01	2.21e-01	9.82e-03	1.07e-04	9.69e-10	2.48e-18	3.03e-18
 1.93655e+22	1.20e-09	1.78e-05	7.84e-03	1.74e-01	3.27e-01	2.75e-01	2.07e-01	8.70e-03	8.99e-05	1.20e-09	3.11e-18	3.80e-18
 1.97154e+22	1.58e-09	2.20e-05	9.12e-03	1.90e-01	3.35e-01	2.69e-01	1.89e-01	7.45e-03	7.20e-05	1.58e-09	4.14e-18	5.05e-18
 2.00722e+22	1.98e-09	2.63e-05	1.03e-02	2.03e-01	3.41e-01	2.63e-01	1.76e-01	6.51e-03	5.94e-05	1.98e-09	5.27e-18	6.42e-18
 2.03895e+22	2.46e-09	3.12e-05	1.16e-02	2.17e-01	3.46e-01	2.57e-01	1.63e-01	5.72e-03	4.94e-05	2.46e-09	6.65e-18	8.10e-18
 2.07536e+22	3.28e-09	3.88e-05	1.35e-02	2.35e-01	3.51e-01	2.48e-01	1.47e-01	4.81e-03	3.86e-05	3.28e-09	9.02e-18	1.10e-17
 2.11207e+22	4.12e-09	4.61e-05	1.52e-02	2.50e-01	3.55e-01	2.40e-01	1.36e-01	4.17e-03	3.16e-05	4.12e-09	1.15e-17	1.40e-17
 2.14916e+22	5.47e-09	5.69e-05	1.76e-02	2.69e-01	3.58e-01	2.30e-01	1.22e-01	3.49e-03	2.47e-05	5.47e-09	1.56e-17	1.90e-17
 2.18705e+22	6.98e-09	6.82e-05	1.98e-02	2.86e-01	3.60e-01	2.21e-01	1.11e-01	2.97e-03	1.97e-05	6.98e-09	2.03e-17	2.46e-17
 2.22036e+22	8.76e-09	8.07e-05	2.22e-02	3.02e-01	3.60e-01	2.12e-01	1.01e-01	2.56e-03	1.60e-05	8.76e-09	2.60e-17	3.15e-17
 2.25804e+22	1.17e-08	9.99e-05	2.55e-02	3.22e-01	3.60e-01	2.01e-01	8.94e-02	2.10e-03	1.22e-05	1.17e-08	3.58e-17	4.33e-17
 2.29661e+22	1.50e-08	1.19e-04	2.86e-02	3.40e-01	3.58e-01	1.91e-01	8.05e-02	1.77e-03	9.66e-06	1.50e-08	4.66e-17	5.64e-17
 2.33632e+22	2.02e-08	1.48e-04	3.29e-02	3.61e-01	3.55e-01	1.79e-01	7.03e-02	1.43e-03	7.23e-06	2.02e-08	6.50e-17	7.86e-17
 2.37666e+22	2.60e-08	1.76e-04	3.69e-02	3.79e-01	3.52e-01	1.69e-01	6.26e-02	1.19e-03	5.63e-06	2.60e-08	8.57e-17	1.04e-16
 2.41243e+22	3.31e-08	2.09e-04	4.11e-02	3.96e-01	3.47e-01	1.59e-01	5.58e-02	9.94e-04	4.41e-06	3.31e-08	1.12e-16	1.36e-16
 2.45354e+22	4.51e-08	2.60e-04	4.70e-02	4.18e-01	3.40e-01	1.46e-01	4.79e-02	7.84e-04	3.20e-06	4.51e-08	1.59e-16	1.92e-16
 2.49522e+22	5.77e-08	3.09e-04	5.23e-02	4.34e-01	3.34e-01	1.36e-01	4.22e-02	6.46e-04	2.47e-06	5.77e-08	2.11e-16	2.54e-16
 2.53146e+22	7.32e-08	3.64e-04	5.78e-02	4.50e-01	3.27e-01	1.27e-01	3.73e-02	5.33e-04	1.91e-06	7.32e-08	2.76e-16	3.33e-16
 2.56602e+22	9.10e-08	4.23e-04	6.33e-02	4.64e-01	3.20e-01	1.19e-01	3.32e-02	4.47e-04	1.51e-06	9.10e-08	3.53e-16	4.26e-16
 2.59890e+22	1.12e-07	4.89e-04	6.90e-02	4.77e-01	3.12e-01	1.11e-01	2.95e-02	3.74e-04	1.19e-06	1.12e-07	4.49e-16	5.42e-16
 2.63594e+22	1.47e-07	5.87e-04	7.68e-02	4.93e-01	3.02e-01	1.02e-01	2.54e-02	2.98e-04	8.81e-07	1.47e-07	6.09e-16	7.34e-16
 2.67294e+22	1.82e-07	6.78e-04	8.36e-02	5.05e-01	2.93e-01	9.43e-02	2.24e-02	2.47e-04	6.88e-07	1.82e-07	7.75e-16	9.34e-16
 2.70990e+22	2.35e-07	8.06e-04	9.23e-02	5.19e-01	2.83e-01	8.59e-02	1.93e-02	1.97e-04	5.10e-07	2.35e-07	1.04e-15	1.25e-15
 2.74769e+22	2.93e-07	9.35e-04	1.00e-01	5.30e-01	2.73e-01	7.90e-02	1.68e-02	1.61e-04	3.91e-07	2.93e-07	1.33e-15	1.60e-15
 2.78113e+22	3.60e-07	1.07e-03	1.09e-01	5.39e-01	2.64e-01	7.28e-02	1.48e-02	1.33e-04	3.04e-07	3.60e-07	1.68e-15	2.03e-15
 2.81919e+22	4.69e-07	1.28e-03	1.20e-01	5.50e-01	2.51e-01	6.54e-02	1.25e-02	1.04e-04	2.19e-07	4.69e-07	2.27e-15	2.73e-15
 2.85793e+22	5.82e-07	1.48e-03	1.30e-01	5.57e-01	2.41e-01	5.97e-02	1.08e-02	8.41e-05	1.66e-07	5.82e-07	2.90e-15	3.48e-15
 2.89239e+22	7.16e-07	1.70e-03	1.39e-01	5.64e-01	2.31e-01	5.46e-02	9.43e-03	6.86e-05	1.27e-07	7.16e-07	3.66e-15	4.40e-15
 2.92576e+22	8.70e-07	1.93e-03	1.49e-01	5.69e-01	2.22e-01	5.00e-02	8.25e-03	5.64e-05	0.00e+00	8.70e-07	4.57e-15	5.48e-15
 2.95652e+22	1.04e-06	2.17e-03	1.59e-01	5.73e-01	2.13e-01	4.60e-02	7.29e-03	4.70e-05	0.00e+00	1.04e-06	5.59e-15	6.71e-15
 2.99013e+22	1.30e-06	2.51e-03	1.71e-01	5.76e-01	2.02e-01	4.14e-02	6.22e-03	3.74e-05	0.00e+00	1.30e-06	7.20e-15	8.62e-15
 3.02395e+22	1.55e-06	2.81e-03	1.82e-01	5.78e-01	1.94e-01	3.80e-02	5.48e-03	3.11e-05	0.00e+00	1.55e-06	8.78e-15	1.05e-14
 3.05803e+22	1.92e-06	3.24e-03	1.95e-01	5.80e-01	1.83e-01	3.41e-02	4.67e-03	2.46e-05	0.00e+00	1.92e-06	1.13e-14	1.35e-14
 3.09244e+22	2.30e-06	3.64e-03	2.07e-01	5.80e-01	1.74e-01	3.11e-02	4.07e-03	2.02e-05	0.00e+00	2.30e-06	1.39e-14	1.65e-14
 3.12237e+22	2.72e-06	4.06e-03	2.19e-01	5.79e-01	1.66e-01	2.84e-02	3.58e-03	1.67e-05	0.00e+00	2.72e-06	1.68e-14	2.00e-14
 3.15634e+22	3.37e-06	4.66e-03	2.34e-01	5.77e-01	1.56e-01	2.53e-02	3.03e-03	1.32e-05	0.00e+00	3.37e-06	2.15e-14	2.55e-14
 3.19098e+22	4.02e-06	5.23e-03	2.47e-01	5.74e-01	1.48e-01	2.29e-02	2.63e-03	1.07e-05	0.00e+00	4.02e-06	2.63e-14	3.13e-14
 3.22171e+22	4.76e-06	5.83e-03	2.60e-01	5.70e-01	1.40e-01	2.08e-02	2.29e-03	8.80e-06	0.00e+00	4.76e-06	3.20e-14	3.80e-14
 3.25689e+22	5.90e-06	6.69e-03	2.77e-01	5.65e-01	1.31e-01	1.83e-02	1.92e-03	6.81e-06	0.00e+00	5.90e-06	4.11e-14	4.87e-14
 3.29254e+22	7.03e-06	7.48e-03	2.92e-01	5.59e-01	1.23e-01	1.65e-02	1.65e-03	5.49e-06	0.00e+00	7.03e-06	5.04e-14	5.97e-14
 3.32403e+22	8.32e-06	8.34e-03	3.07e-01	5.52e-01	1.16e-01	1.49e-02	1.43e-03	4.46e-06	0.00e+00	8.32e-06	6.13e-14	7.27e-14
 3.36019e+22	1.03e-05	9.55e-03	3.26e-01	5.43e-01	1.07e-01	1.30e-02	1.18e-03	3.40e-06	0.00e+00	1.03e-05	7.88e-14	9.33e-14
 3.39693e+22	1.23e-05	1.07e-02	3.42e-01	5.34e-01	1.00e-01	1.16e-02	1.01e-03	2.71e-06	0.00e+00	1.23e-05	9.68e-14	1.15e-13
 3.43444e+22	1.52e-05	1.22e-02	3.62e-01	5.22e-01	9.24e-02	1.00e-02	8.28e-04	2.05e-06	0.00e+00	1.52e-05	1.25e-13	1.47e-13
 3.47275e+22	1.82e-05	1.37e-02	3.80e-01	5.11e-01	8.56e-02	8.81e-03	6.95e-04	1.60e-06	0.00e+00	1.82e-05	1.55e-13	1.83e-13
 3.50629e+22	2.15e-05	1.52e-02	3.97e-01	5.00e-01	7.96e-02	7.81e-03	5.91e-04	1.27e-06	0.00e+00	2.15e-05	1.89e-13	2.23e-13
 3.54408e+22	2.66e-05	1.74e-02	4.18e-01	4.85e-01	7.25e-02	6.70e-03	4.80e-04	9.44e-07	0.00e+00	2.66e-05	2.43e-13	2.87e-13
 3.58321e+22	3.17e-05	1.94e-02	4.37e-01	4.71e-01	6.67e-02	5.85e-03	4.00e-04	7.30e-07	0.00e+00	3.17e-05	3.01e-13	3.55e-13
 3.62408e+22	3.96e-05	2.23e-02	4.60e-01	4.52e-01	6.00e-02	4.92e-03	3.18e-04	5.27e-07	0.00e+00	3.96e-05	3.94e-13	4.63e-13
 3.66555e+22	4.74e-05	2.49e-02	4.80e-01	4.36e-01	5.46e-02	4.24e-03	2.61e-04	3.99e-07	0.00e+00	4.74e-05	4.91e-13	5.76e-13
 3.70221e+22	5.64e-05	2.78e-02	4.98e-01	4.20e-01	4.99e-02	3.67e-03	2.16e-04	3.05e-07	0.00e+00	5.64e-05	6.08e-13	7.11e-13
 3.72855e+22	6.07e-05	2.91e-02	5.06e-01	4.13e-01	4.78e-02	3.44e-03	1.98e-04	2.70e-07	0.00e+00	6.07e-05	6.67e-13	7.79e-13
 3.74704e+22	6.73e-05	3.10e-02	5.17e-01	4.03e-01	4.52e-02	3.15e-03	1.77e-04	2.30e-07	0.00e+00	6.73e-05	7.57e-13	8.83e-13
 3.77109e+22	7.60e-05	3.34e-02	5.30e-01	3.92e-01	4.23e-02	2.84e-03	1.54e-04	1.90e-07	0.00e+00	7.60e-05	8.81e-13	1.03e-12
 3.80235e+22	8.96e-05	3.70e-02	5.47e-01	3.75e-01	3.85e-02	2.45e-03	1.27e-04	1.45e-07	0.00e+00	8.96e-05	1.08e-12	1.26e-12
 3.83372e+22	1.02e-04	4.00e-02	5.60e-01	3.62e-01	3.57e-02	2.18e-03	1.09e-04	0.00e+00	0.00e+00	1.02e-04	1.27e-12	1.47e-12
 3.86521e+22	1.20e-04	4.42e-02	5.76e-01	3.46e-01	3.24e-02	1.88e-03	9.01e-05	0.00e+00	0.00e+00	1.20e-04	1.56e-12	1.79e-12
 3.89709e+22	1.36e-04	4.77e-02	5.88e-01	3.32e-01	2.98e-02	1.66e-03	7.68e-05	0.00e+00	0.00e+00	1.36e-04	1.84e-12	2.10e-12
 3.92946e+22	1.60e-04	5.27e-02	6.04e-01	3.15e-01	2.69e-02	1.42e-03	6.28e-05	0.00e+00	0.00e+00	1.60e-04	2.26e-12	2.57e-12
 3.96237e+22	1.82e-04	5.70e-02	6.16e-01	3.01e-01	2.46e-02	1.24e-03	5.30e-05	0.00e+00	0.00e+00	1.82e-04	2.67e-12	3.02e-12
 3.99597e+22	2.14e-04	6.29e-02	6.30e-01	2.84e-01	2.20e-02	1.05e-03	4.28e-05	0.00e+00	0.00e+00	2.14e-04	3.31e-12	3.72e-12
 4.03001e+22	2.44e-04	6.80e-02	6.41e-01	2.70e-01	2.00e-02	9.11e-04	3.59e-05	0.00e+00	0.00e+00	2.44e-04	3.93e-12	4.38e-12
 4.06463e+22	2.87e-04	7.51e-02	6.53e-01	2.53e-01	1.78e-02	7.63e-04	2.87e-05	0.00e+00	0.00e+00	2.87e-04	4.90e-12	5.40e-12
 4.09983e+22	3.28e-04	8.12e-02	6.63e-01	2.39e-01	1.60e-02	6.57e-04	2.37e-05	0.00e+00	0.00e+00	3.28e-04	5.84e-12	6.38e-12
 4.13579e+22	3.87e-04	8.97e-02	6.74e-01	2.21e-01	1.41e-02	5.42e-04	1.87e-05	0.00e+00	0.00e+00	3.87e-04	7.34e-12	7.91e-12
 4.17241e+22	4.42e-04	9.69e-02	6.82e-01	2.08e-01	1.26e-02	4.62e-04	1.53e-05	0.00e+00	0.00e+00	4.42e-04	8.80e-12	9.38e-12
 4.20988e+22	5.23e-04	1.07e-01	6.90e-01	1.91e-01	1.10e-02	3.77e-04	1.19e-05	0.00e+00	0.00e+00	5.23e-04	1.11e-11	1.17e-11
 4.24822e+22	5.99e-04	1.16e-01	6.96e-01	1.78e-01	9.74e-03	3.17e-04	9.59e-06	0.00e+00	0.00e+00	5.99e-04	1.35e-11	1.39e-11
 4.28768e+22	7.12e-04	1.28e-01	7.01e-01	1.61e-01	8.35e-03	2.53e-04	7.29e-06	0.00e+00	0.00e+00	7.12e-04	1.73e-11	1.75e-11
 4.32768e+22	8.13e-04	1.38e-01	7.05e-01	1.49e-01	7.35e-03	2.11e-04	5.83e-06	0.00e+00	0.00e+00	8.13e-04	2.10e-11	2.08e-11
 4.36837e+22	9.67e-04	1.53e-01	7.06e-01	1.34e-01	6.24e-03	1.67e-04	4.37e-06	0.00e+00	0.00e+00	9.67e-04	2.70e-11	2.62e-11
 4.40967e+22	1.10e-03	1.64e-01	7.07e-01	1.22e-01	5.45e-03	1.37e-04	3.46e-06	0.00e+00	0.00e+00	1.10e-03	3.28e-11	3.12e-11
 4.45174e+22	1.31e-03	1.81e-01	7.04e-01	1.09e-01	4.58e-03	1.07e-04	2.55e-06	0.00e+00	0.00e+00	1.31e-03	4.23e-11	3.92e-11
 4.49449e+22	1.50e-03	1.95e-01	7.01e-01	9.84e-02	3.95e-03	8.67e-05	1.99e-06	0.00e+00	0.00e+00	1.50e-03	5.16e-11	4.68e-11
 4.53812e+22	1.78e-03	2.15e-01	6.94e-01	8.62e-02	3.28e-03	6.61e-05	1.44e-06	0.00e+00	0.00e+00	1.78e-03	6.68e-11	5.90e-11
 4.57944e+22	1.99e-03	2.28e-01	6.89e-01	7.85e-02	2.87e-03	5.48e-05	1.15e-06	0.00e+00	0.00e+00	1.99e-03	7.92e-11	6.85e-11
 4.61776e+22	2.30e-03	2.47e-01	6.79e-01	6.94e-02	2.43e-03	4.30e-05	8.69e-07	0.00e+00	0.00e+00	2.30e-03	9.88e-11	8.35e-11
 4.66085e+22	2.65e-03	2.66e-01	6.68e-01	6.12e-02	2.05e-03	3.37e-05	6.54e-07	0.00e+00	0.00e+00	2.65e-03	1.22e-10	1.01e-10
 4.71014e+22	3.21e-03	2.94e-01	6.50e-01	5.12e-02	1.63e-03	2.40e-05	4.43e-07	0.00e+00	0.00e+00	3.21e-03	1.64e-10	1.31e-10
 4.75917e+22	3.64e-03	3.14e-01	6.36e-01	4.49e-02	1.37e-03	1.87e-05	3.34e-07	0.00e+00	0.00e+00	3.64e-03	2.00e-10	1.56e-10
 4.80786e+22	4.35e-03	3.44e-01	6.13e-01	3.73e-02	1.09e-03	1.34e-05	2.28e-07	0.00e+00	0.00e+00	4.35e-03	2.62e-10	2.00e-10
 4.85869e+22	5.00e-03	3.69e-01	5.93e-01	3.18e-02	9.00e-04	1.00e-05	1.66e-07	0.00e+00	0.00e+00	5.00e-03	3.25e-10	2.43e-10
 4.91233e+22	6.07e-03	4.06e-01	5.62e-01	2.53e-02	6.93e-04	6.75e-06	0.00e+00	0.00e+00	0.00e+00	6.07e-03	4.35e-10	3.17e-10
 4.96747e+22	7.00e-03	4.35e-01	5.36e-01	2.10e-02	5.61e-04	4.89e-06	0.00e+00	0.00e+00	0.00e+00	7.00e-03	5.44e-10	3.89e-10
 5.02456e+22	8.55e-03	4.78e-01	4.97e-01	1.61e-02	4.21e-04	3.13e-06	0.00e+00	0.00e+00	0.00e+00	8.55e-03	7.34e-10	5.13e-10
 5.08405e+22	1.00e-02	5.12e-01	4.64e-01	1.27e-02	3.31e-04	2.13e-06	0.00e+00	0.00e+00	0.00e+00	1.00e-02	9.32e-10	6.42e-10
 5.14554e+22	1.23e-02	5.60e-01	4.18e-01	9.25e-03	2.41e-04	1.28e-06	0.00e+00	0.00e+00	0.00e+00	1.23e-02	1.27e-09	8.59e-10
 5.19867e+22	1.37e-02	5.84e-01	3.94e-01	7.70e-03	2.02e-04	9.59e-07	0.00e+00	0.00e+00	0.00e+00	1.37e-02	1.48e-09	9.95e-10
 5.24208e+22	1.58e-02	6.19e-01	3.59e-01	5.97e-03	1.60e-04	6.47e-07	0.00e+00	0.00e+00	0.00e+00	1.58e-02	1.85e-09	1.22e-09
 5.28807e+22	1.81e-02	6.49e-01	3.28e-01	4.69e-03	1.29e-04	4.48e-07	0.00e+00	0.00e+00	0.00e+00	1.81e-02	2.23e-09	1.47e-09
 5.33741e+22	2.15e-02	6.88e-01	2.87e-01	3.37e-03	9.68e-05	2.73e-07	0.00e+00	0.00e+00	0.00e+00	2.15e-02	2.87e-09	1.87e-09
 5.38764e+22	2.47e-02	7.18e-01	2.55e-01	2.52e-03	7.61e-05	1.78e-07	0.00e+00	0.00e+00	0.00e+00	2.47e-02	3.50e-09	2.27e-09
 5.43903e+22	2.98e-02	7.54e-01	2.14e-01	1.69e-03	5.50e-05	0.00e+00	0.00e+00	0.00e+00	0.00e+00	2.98e-02	4.55e-09	2.93e-09
 5.49243e+22	3.53e-02	7.83e-01	1.80e-01	1.16e-03	4.09e-05	0.00e+00	0.00e+00	0.00e+00	0.00e+00	3.53e-02	5.72e-09	3.64e-09
 5.53488e+22	4.05e-02	8.03e-01	1.55e-01	8.49e-04	3.21e-05	0.00e+00	0.00e+00	0.00e+00	0.00e+00	4.05e-02	6.86e-09	4.33e-09
 5.57098e+22	4.64e-02	8.20e-01	1.33e-01	6.17e-04	2.51e-05	0.00e+00	0.00e+00	0.00e+00	0.00e+00	4.64e-02	8.21e-09	5.15e-09
 5.61238e+22	5.53e-02	8.37e-01	1.07e-01	4.03e-04	1.81e-05	0.00e+00	0.00e+00	0.00e+00	0.00e+00	5.53e-02	1.04e-08	6.47e-09
 5.65593e+22	6.63e-02	8.49e-01	8.46e-02	2.61e-04	1.30e-05	0.00e+00	0.00e+00	0.00e+00	0.00e+00	6.63e-02	1.31e-08	8.10e-09
 5.69424e+22	7.91e-02	8.54e-01	6.66e-02	1.71e-04	9.32e-06	0.00e+00	0.00e+00	0.00e+00	0.00e+00	7.91e-02	1.63e-08	1.01e-08
 5.72947e+22	9.45e-02	8.54e-01	5.17e-02	1.12e-04	6.62e-06	0.00e+00	0.00e+00	0.00e+00	0.00e+00	9.45e-02	2.02e-08	1.25e-08
 5.76248e+22	1.13e-01	8.47e-01	3.95e-02	7.28e-05	4.64e-06	0.00e+00	0.00e+00	0.00e+00	0.00e+00	1.13e-01	2.52e-08	1.55e-08
 5.79311e+22	1.36e-01	8.34e-01	2.97e-02	4.78e-05	3.21e-06	0.00e+00	0.00e+00	0.00e+00	0.00e+00	1.36e-01	3.11e-08	1.93e-08
 5.82110e+22	1.63e-01	8.14e-01	2.22e-02	3.18e-05	2.19e-06	0.00e+00	0.00e+00	0.00e+00	0.00e+00	1.63e-01	3.82e-08	2.37e-08
 5.84637e+22	1.94e-01	7.89e-01	1.65e-02	2.17e-05	1.50e-06	0.00e+00	0.00e+00	0.00e+00	0.00e+00	1.94e-01	4.60e-08	2.85e-08
 5.86935e+22	2.30e-01	7.58e-01	1.22e-02	1.52e-05	1.02e-06	0.00e+00	0.00e+00	0.00e+00	0.00e+00	2.30e-01	5.47e-08	3.38e-08
 5.89040e+22	2.69e-01	7.22e-01	9.08e-03	1.09e-05	6.90e-07	0.00e+00	0.00e+00	0.00e+00	0.00e+00	2.69e-01	6.38e-08	3.93e-08
 5.90364e+22	2.96e-01	6.96e-01	7.56e-03	8.96e-06	5.48e-07	0.00e+00	0.00e+00	0.00e+00	0.00e+00	2.96e-01	6.91e-08	4.25e-08
 5.90856e+22	3.07e-01	6.86e-01	7.04e-03	8.32e-06	5.00e-07	0.00e+00	0.00e+00	0.00e+00	0.00e+00	3.07e-01	7.13e-08	4.38e-08
 5.91250e+22	3.16e-01	6.77e-01	6.60e-03	7.79e-06	4.59e-07	0.00e+00	0.00e+00	0.00e+00	0.00e+00	3.16e-01	7.32e-08	4.50e-08
 5.91758e+22	3.29e-01	6.65e-01	6.07e-03	7.15e-06	4.12e-07	0.00e+00	0.00e+00	0.00e+00	0.00e+00	3.29e-01	7.58e-08	4.66e-08
 5.92369e+22	3.44e-01	6.50e-01	5.48e-03	6.46e-06	3.60e-07	0.00e+00	0.00e+00	0.00e+00	0.00e+00	3.44e-01	7.89e-08	4.84e-08
 5.92988e+22	3.61e-01	6.34e-01	4.95e-03	5.84e-06	3.15e-07	0.00e+00	0.00e+00	0.00e+00	0.00e+00	3.61e-01	8.19e-08	5.03e-08
 5.93562e+22	3.76e-01	6.20e-01	4.50e-03	5.34e-06	2.79e-07	0.00e+00	0.00e+00	0.00e+00	0.00e+00	3.76e-01	8.46e-08	5.19e-08
 5.94145e+22	3.92e-01	6.04e-01	4.06e-03	4.84e-06	2.44e-07	0.00e+00	0.00e+00	0.00e+00	0.00e+00	3.92e-01	8.74e-08	5.36e-08
 5.94746e+22	4.09e-01	5.88e-01	3.66e-03	4.40e-06	2.14e-07	0.00e+00	0.00e+00	0.00e+00	0.00e+00	4.09e-01	9.01e-08	5.52e-08
 5.95363e+22	4.27e-01	5.70e-01	3.28e-03	3.98e-06	1.85e-07	0.00e+00	0.00e+00	0.00e+00	0.00e+00	4.27e-01	9.29e-08	5.69e-08
 5.96001e+22	4.46e-01	5.51e-01	2.92e-03	3.58e-06	1.59e-07	0.00e+00	0.00e+00	0.00e+00	0.00e+00	4.46e-01	9.57e-08	5.86e-08
 5.96619e+22	4.64e-01	5.33e-01	2.61e-03	3.25e-06	1.38e-07	0.00e+00	0.00e+00	0.00e+00	0.00e+00	4.64e-01	9.81e-08	6.00e-08
 5.97243e+22	4.83e-01	5.14e-01	2.33e-03	2.94e-06	0.00e+00	0.00e+00	0.00e+00	0.00e+00	0.00e+00	4.83e-01	1.00e-07	6.14e-08
 5.97907e+22	5.04e-01	4.94e-01	2.06e-03	2.64e-06	0.00e+00	0.00e+00	0.00e+00	0.00e+00	0.00e+00	5.04e-01	1.03e-07	6.28e-08
 5.98599e+22	5.25e-01	4.74e-01	1.81e-03	2.37e-06	0.00e+00	0.00e+00	0.00e+00	0.00e+00	0.00e+00	5.25e-01	1.05e-07	6.40e-08
 5.99322e+22	5.47e-01	4.52e-01	1.58e-03	2.12e-06	0.00e+00	0.00e+00	0.00e+00	0.00e+00	0.00e+00	5.47e-01	1.07e-07	6.51e-08
 6.00067e+22	5.69e-01	4.29e-01	1.37e-03	1.88e-06	0.00e+00	0.00e+00	0.00e+00	0.00e+00	0.00e+00	5.69e-01	1.08e-07	6.61e-08
 6.00813e+22	5.91e-01	4.08e-01	1.19e-03	1.68e-06	0.00e+00	0.00e+00	0.00e+00	0.00e+00	0.00e+00	5.91e-01	1.10e-07	6.68e-08
 6.01401e+22	6.07e-01	3.92e-01	1.07e-03	1.55e-06	0.00e+00	0.00e+00	0.00e+00	0.00e+00	0.00e+00	6.07e-01	1.10e-07	6.71e-08
 6.01793e+22	6.17e-01	3.82e-01	9.99e-04	1.47e-06	0.00e+00	0.00e+00	0.00e+00	0.00e+00	0.00e+00	6.17e-01	1.11e-07	6.73e-08
 6.02163e+22	6.28e-01	3.71e-01	9.31e-04	1.39e-06	0.00e+00	0.00e+00	0.00e+00	0.00e+00	0.00e+00	6.28e-01	1.11e-07	6.74e-08
 6.02592e+22	6.39e-01	3.60e-01	8.58e-04	1.31e-06	0.00e+00	0.00e+00	0.00e+00	0.00e+00	0.00e+00	6.39e-01	1.11e-07	6.76e-08
 6.03062e+22	6.52e-01	3.48e-01	7.87e-04	1.22e-06	0.00e+00	0.00e+00	0.00e+00	0.00e+00	0.00e+00	6.52e-01	1.11e-07	6.77e-08
 6.03529e+22	6.63e-01	3.36e-01	7.22e-04	1.15e-06	0.00e+00	0.00e+00	0.00e+00	0.00e+00	0.00e+00	6.63e-01	1.11e-07	6.77e-08
 6.03986e+22	6.74e-01	3.25e-01	6.65e-04	1.08e-06	0.00e+00	0.00e+00	0.00e+00	0.00e+00	0.00e+00	6.74e-01	1.11e-07	6.76e-08
 6.04448e+22	6.85e-01	3.14e-01	6.11e-04	1.01e-06	0.00e+00	0.00e+00	0.00e+00	0.00e+00	0.00e+00	6.85e-01	1.11e-07	6.76e-08
 6.04923e+22	6.96e-01	3.03e-01	5.61e-04	9.51e-07	0.00e+00	0.00e+00	0.00e+00	0.00e+00	0.00e+00	6.96e-01	1.11e-07	6.74e-08
 6.05411e+22	7.07e-01	2.92e-01	5.14e-04	8.92e-07	0.00e+00	0.00e+00	0.00e+00	0.00e+00	0.00e+00	7.07e-01	1.11e-07	6.72e-08
 6.05898e+22	7.17e-01	2.83e-01	4.72e-04	8.40e-07	0.00e+00	0.00e+00	0.00e+00	0.00e+00	0.00e+00	7.17e-01	1.11e-07	6.70e-08
 6.06398e+22	7.27e-01	2.72e-01	4.32e-04	7.89e-07	0.00e+00	0.00e+00	0.00e+00	0.00e+00	0.00e+00	7.27e-01	1.10e-07	6.67e-08
 6.06917e+22	7.37e-01	2.62e-01	3.95e-04	7.40e-07	0.00e+00	0.00e+00	0.00e+00	0.00e+00	0.00e+00	7.37e-01	1.10e-07	6.64e-08
 6.07438e+22	7.47e-01	2.53e-01	3.61e-04	6.95e-07	0.00e+00	0.00e+00	0.00e+00	0.00e+00	0.00e+00	7.47e-01	1.09e-07	6.61e-08
 6.07957e+22	7.56e-01	2.44e-01	3.31e-04	6.56e-07	0.00e+00	0.00e+00	0.00e+00	0.00e+00	0.00e+00	7.56e-01	1.09e-07	6.57e-08
 6.08498e+22	7.65e-01	2.34e-01	3.03e-04	6.16e-07	0.00e+00	0.00e+00	0.00e+00	0.00e+00	0.00e+00	7.65e-01	1.08e-07	6.53e-08
 6.09064e+22	7.74e-01	2.25e-01	2.76e-04	5.78e-07	0.00e+00	0.00e+00	0.00e+00	0.00e+00	0.00e+00	7.74e-01	1.07e-07	6.49e-08
 6.09632e+22	7.83e-01	2.17e-01	2.52e-04	5.44e-07	0.00e+00	0.00e+00	0.00e+00	0.00e+00	0.00e+00	7.83e-01	1.07e-07	6.45e-08
 6.10208e+22	7.91e-01	2.09e-01	2.30e-04	5.12e-07	0.00e+00	0.00e+00	0.00e+00	0.00e+00	0.00e+00	7.91e-01	1.06e-07	6.40e-08
 6.10809e+22	7.99e-01	2.00e-01	2.09e-04	4.81e-07	0.00e+00	0.00e+00	0.00e+00	0.00e+00	0.00e+00	7.99e-01	1.05e-07	6.36e-08
 6.11430e+22	8.08e-01	1.92e-01	1.90e-04	4.51e-07	0.00e+00	0.00e+00	0.00e+00	0.00e+00	0.00e+00	8.08e-01	1.05e-07	6.31e-08
 6.12063e+22	8.15e-01	1.85e-01	1.73e-04	4.25e-07	0.00e+00	0.00e+00	0.00e+00	0.00e+00	0.00e+00	8.15e-01	1.04e-07	6.26e-08
 6.12710e+22	8.22e-01	1.77e-01	1.57e-04	3.99e-07	0.00e+00	0.00e+00	0.00e+00	0.00e+00	0.00e+00	8.22e-01	1.03e-07	6.19e-08
 6.13381e+22	8.30e-01	1.70e-01	1.43e-04	3.75e-07	0.00e+00	0.00e+00	0.00e+00	0.00e+00	0.00e+00	8.30e-01	1.02e-07	6.13e-08
 6.14071e+22	8.37e-01	1.63e-01	1.30e-04	3.52e-07	0.00e+00	0.00e+00	0.00e+00	0.00e+00	0.00e+00	8.37e-01	1.02e-07	6.06e-08
 6.14781e+22	8.43e-01	1.56e-01	1.18e-04	3.31e-07	0.00e+00	0.00e+00	0.00e+00	0.00e+00	0.00e+00	8.43e-01	1.01e-07	5.99e-08
 6.15514e+22	8.50e-01	1.50e-01	1.07e-04	3.11e-07	0.00e+00	0.00e+00	0.00e+00	0.00e+00	0.00e+00	8.50e-01	9.98e-08	5.92e-08
 6.16257e+22	8.56e-01	1.44e-01	9.69e-05	2.92e-07	0.00e+00	0.00e+00	0.00e+00	0.00e+00	0.00e+00	8.56e-01	9.90e-08	5.85e-08
 6.17017e+22	8.62e-01	1.38e-01	8.81e-05	2.75e-07	0.00e+00	0.00e+00	0.00e+00	0.00e+00	0.00e+00	8.62e-01	9.83e-08	5.78e-08
 6.17805e+22	8.68e-01	1.32e-01	8.01e-05	2.58e-07	0.00e+00	0.00e+00	0.00e+00	0.00e+00	0.00e+00	8.68e-01	9.76e-08	5.72e-08
 6.18608e+22	8.74e-01	1.26e-01	7.29e-05	2.43e-07	0.00e+00	0.00e+00	0.00e+00	0.00e+00	0.00e+00	8.74e-01	9.68e-08	5.65e-08
 6.19420e+22	8.79e-01	1.21e-01	6.65e-05	2.28e-07	0.00e+00	0.00e+00	0.00e+00	0.00e+00	0.00e+00	8.79e-01	9.60e-08	5.59e-08
 6.20257e+22	8.84e-01	1.16e-01	6.08e-05	2.15e-07	0.00e+00	0.00e+00	0.00e+00	0.00e+00	0.00e+00	8.84e-01	9.53e-08	5.52e-08
 6.21099e+22	8.89e-01	1.11e-01	5.57e-05	2.02e-07	0.00e+00	0.00e+00	0.00e+00	0.00e+00	0.00e+00	8.89e-01	9.47e-08	5.46e-08
 6.21940e+22	8.93e-01	1.07e-01	5.13e-05	1.91e-07	0.00e+00	0.00e+00	0.00e+00	0.00e+00	0.00e+00	8.93e-01	9.41e-08	5.41e-08
 6.22800e+22	8.97e-01	1.03e-01	4.74e-05	1.80e-07	0.00e+00	0.00e+00	0.00e+00	0.00e+00	0.00e+00	8.97e-01	9.35e-08	5.35e-08
 6.23684e+22	9.01e-01	9.86e-02	4.38e-05	1.70e-07	0.00e+00	0.00e+00	0.00e+00	0.00e+00	0.00e+00	9.01e-01	9.30e-08	5.30e-08
 6.24577e+22	9.05e-01	9.48e-02	4.06e-05	1.61e-07	0.00e+00	0.00e+00	0.00e+00	0.00e+00	0.00e+00	9.05e-01	9.26e-08	5.26e-08
 6.25481e+22	9.09e-01	9.11e-02	3.78e-05	1.52e-07	0.00e+00	0.00e+00	0.00e+00	0.00e+00	0.00e+00	9.09e-01	9.22e-08	5.21e-08
 6.26414e+22	9.12e-01	8.76e-02	3.53e-05	1.44e-07	0.00e+00	0.00e+00	0.00e+00	0.00e+00	0.00e+00	9.12e-01	9.18e-08	5.16e-08
 6.27368e+22	9.16e-01	8.42e-02	3.30e-05	1.36e-07	0.00e+00	0.00e+00	0.00e+00	0.00e+00	0.00e+00	9.16e-01	9.15e-08	5.12e-08
 6.28334e+22	9.19e-01	8.08e-02	3.10e-05	1.29e-07	0.00e+00	0.00e+00	0.00e+00	0.00e+00	0.00e+00	9.19e-01	9.11e-08	5.07e-08
 6.29325e+22	9.22e-01	7.77e-02	2.91e-05	0.00e+00	0.00e+00	0.00e+00	0.00e+00	0.00e+00	0.00e+00	9.22e-01	9.09e-08	5.03e-08
 6.30341e+22	9.25e-01	7.46e-02	2.75e-05	0.00e+00	0.00e+00	0.00e+00	0.00e+00	0.00e+00	0.00e+00	9.25e-01	9.06e-08	5.00e-08
 6.31353e+22	9.28e-01	7.18e-02	2.61e-05	0.00e+00	0.00e+00	0.00e+00	0.00e+00	0.00e+00	0.00e+00	9.28e-01	9.04e-08	4.96e-08
 6.32329e+22	9.31e-01	6.93e-02	2.49e-05	0.00e+00	0.00e+00	0.00e+00	0.00e+00	0.00e+00	0.00e+00	9.31e-01	9.02e-08	4.93e-08
 6.33237e+22	9.33e-01	6.70e-02	2.40e-05	0.00e+00	0.00e+00	0.00e+00	0.00e+00	0.00e+00	0.00e+00	9.33e-01	8.99e-08	4.89e-08
 6.34078e+22	9.35e-01	6.51e-02	2.32e-05	0.00e+00	0.00e+00	0.00e+00	0.00e+00	0.00e+00	0.00e+00	9.35e-01	8.97e-08	4.86e-08
 6.34873e+22	9.37e-01	6.32e-02	2.25e-05	0.00e+00	0.00e+00	0.00e+00	0.00e+00	0.00e+00	0.00e+00	9.37e-01	8.95e-08	4.83e-08
 6.35610e+22	9.38e-01	6.16e-02	2.19e-05	0.00e+00	0.00e+00	0.00e+00	0.00e+00	0.00e+00	0.00e+00	9.38e-01	8.93e-08	4.81e-08
 6.36325e+22	9.40e-01	6.01e-02	2.14e-05	0.00e+00	0.00e+00	0.00e+00	0.00e+00	0.00e+00	0.00e+00	9.40e-01	8.92e-08	4.79e-08
 6.37043e+22	9.41e-01	5.86e-02	2.09e-05	0.00e+00	0.00e+00	0.00e+00	0.00e+00	0.00e+00	0.00e+00	9.41e-01	8.91e-08	4.77e-08
 6.37739e+22	9.43e-01	5.71e-02	2.04e-05	0.00e+00	0.00e+00	0.00e+00	0.00e+00	0.00e+00	0.00e+00	9.43e-01	8.89e-08	4.74e-08
 6.38392e+22	9.44e-01	5.57e-02	2.01e-05	0.00e+00	0.00e+00	0.00e+00	0.00e+00	0.00e+00	0.00e+00	9.44e-01	8.88e-08	4.72e-08
 6.39013e+22	9.45e-01	5.45e-02	1.97e-05	0.00e+00	0.00e+00	0.00e+00	0.00e+00	0.00e+00	0.00e+00	9.45e-01	8.87e-08	4.71e-08
 6.39635e+22	9.47e-01	5.32e-02	1.94e-05	0.00e+00	0.00e+00	0.00e+00	0.00e+00	0.00e+00	0.00e+00	9.47e-01	8.86e-08	4.69e-08
 6.40231e+22	9.48e-01	5.20e-02	1.91e-05	0.00e+00	0.00e+00	0.00e+00	0.00e+00	0.00e+00	0.00e+00	9.48e-01	8.85e-08	4.67e-08
 6.40793e+22	9.49e-01	5.10e-02	1.88e-05	0.00e+00	0.00e+00	0.00e+00	0.00e+00	0.00e+00	0.00e+00	9.49e-01	8.84e-08	4.66e-08
 6.41352e+22	9.50e-01	4.98e-02	1.86e-05	0.00e+00	0.00e+00	0.00e+00	0.00e+00	0.00e+00	0.00e+00	9.50e-01	8.83e-08	4.64e-08
 6.41887e+22	9.51e-01	4.88e-02	1.84e-05	0.00e+00	0.00e+00	0.00e+00	0.00e+00	0.00e+00	0.00e+00	9.51e-01	8.82e-08	4.62e-08
 6.42391e+22	9.52e-01	4.78e-02	1.81e-05	0.00e+00	0.00e+00	0.00e+00	0.00e+00	0.00e+00	0.00e+00	9.52e-01	8.81e-08	4.60e-08
 6.42884e+22	9.53e-01	4.69e-02	1.79e-05	0.00e+00	0.00e+00	0.00e+00	0.00e+00	0.00e+00	0.00e+00	9.53e-01	8.80e-08	4.59e-08
 6.43351e+22	9.54e-01	4.60e-02	1.78e-05	0.00e+00	0.00e+00	0.00e+00	0.00e+00	0.00e+00	0.00e+00	9.54e-01	8.78e-08	4.57e-08
 6.43776e+22	9.55e-01	4.52e-02	1.76e-05	0.00e+00	0.00e+00	0.00e+00	0.00e+00	0.00e+00	0.00e+00	9.55e-01	8.77e-08	4.56e-08
 6.44162e+22	9.55e-01	4.45e-02	1.75e-05	0.00e+00	0.00e+00	0.00e+00	0.00e+00	0.00e+00	0.00e+00	9.55e-01	8.76e-08	4.54e-08
 6.44513e+22	9.56e-01	4.38e-02	1.74e-05	0.00e+00	0.00e+00	0.00e+00	0.00e+00	0.00e+00	0.00e+00	9.56e-01	8.75e-08	4.53e-08
 6.44833e+22	9.57e-01	4.32e-02	1.72e-05	0.00e+00	0.00e+00	0.00e+00	0.00e+00	0.00e+00	0.00e+00	9.57e-01	8.73e-08	4.51e-08
 6.45125e+22	9.57e-01	4.27e-02	1.71e-05	0.00e+00	0.00e+00	0.00e+00	0.00e+00	0.00e+00	0.00e+00	9.57e-01	8.72e-08	4.50e-08
 6.45390e+22	9.58e-01	4.22e-02	1.71e-05	0.00e+00	0.00e+00	0.00e+00	0.00e+00	0.00e+00	0.00e+00	9.58e-01	8.71e-08	4.49e-08
 6.45631e+22	9.58e-01	4.18e-02	1.70e-05	0.00e+00	0.00e+00	0.00e+00	0.00e+00	0.00e+00	0.00e+00	9.58e-01	8.68e-08	4.47e-08
 6.45850e+22	9.59e-01	4.15e-02	1.69e-05	0.00e+00	0.00e+00	0.00e+00	0.00e+00	0.00e+00	0.00e+00	9.59e-01	8.67e-08	4.47e-08
 6.46090e+22	9.59e-01	4.09e-02	1.68e-05	0.00e+00	0.00e+00	0.00e+00	0.00e+00	0.00e+00	0.00e+00	9.59e-01	8.64e-08	4.46e-08
 6.46350e+22	9.60e-01	4.05e-02	1.67e-05	0.00e+00	0.00e+00	0.00e+00	0.00e+00	0.00e+00	0.00e+00	9.60e-01	8.61e-08	4.45e-08
 6.46634e+22	9.60e-01	3.98e-02	1.66e-05	0.00e+00	0.00e+00	0.00e+00	0.00e+00	0.00e+00	0.00e+00	9.60e-01	8.57e-08	4.44e-08
 6.46941e+22	9.61e-01	3.92e-02	1.65e-05	0.00e+00	0.00e+00	0.00e+00	0.00e+00	0.00e+00	0.00e+00	9.61e-01	8.54e-08	4.42e-08
 6.47221e+22	9.61e-01	3.88e-02	1.64e-05	0.00e+00	0.00e+00	0.00e+00	0.00e+00	0.00e+00	0.00e+00	9.61e-01	8.51e-08	4.41e-08
 6.47527e+22	9.62e-01	3.81e-02	1.62e-05	0.00e+00	0.00e+00	0.00e+00	0.00e+00	0.00e+00	0.00e+00	9.62e-01	8.48e-08	4.40e-08
 6.47858e+22	9.63e-01	3.74e-02	1.61e-05	0.00e+00	0.00e+00	0.00e+00	0.00e+00	0.00e+00	0.00e+00	9.63e-01	8.44e-08	4.38e-08
 6.48158e+22	9.63e-01	3.69e-02	1.59e-05	0.00e+00	0.00e+00	0.00e+00	0.00e+00	0.00e+00	0.00e+00	9.63e-01	8.41e-08	4.37e-08
 6.48432e+22	9.63e-01	3.65e-02	1.58e-05	0.00e+00	0.00e+00	0.00e+00	0.00e+00	0.00e+00	0.00e+00	9.63e-01	8.39e-08	4.36e-08
 6.48732e+22	9.64e-01	3.60e-02	1.57e-05	0.00e+00	0.00e+00	0.00e+00	0.00e+00	0.00e+00	0.00e+00	9.64e-01	8.38e-08	4.36e-08
 6.49056e+22	9.65e-01	3.55e-02	1.56e-05	0.00e+00	0.00e+00	0.00e+00	0.00e+00	0.00e+00	0.00e+00	9.65e-01	8.36e-08	4.35e-08
 6.49351e+22	9.65e-01	3.50e-02	1.54e-05	0.00e+00	0.00e+00	0.00e+00	0.00e+00	0.00e+00	0.00e+00	9.65e-01	8.33e-08	4.33e-08
 6.49619e+22	9.65e-01	3.47e-02	1.53e-05	0.00e+00	0.00e+00	0.00e+00	0.00e+00	0.00e+00	0.00e+00	9.65e-01	8.33e-08	4.33e-08
 6.49913e+22	9.66e-01	3.42e-02	1.52e-05	0.00e+00	0.00e+00	0.00e+00	0.00e+00	0.00e+00	0.00e+00	9.66e-01	8.32e-08	4.33e-08
 6.50230e+22	9.66e-01	3.37e-02	1.51e-05	0.00e+00	0.00e+00	0.00e+00	0.00e+00	0.00e+00	0.00e+00	9.66e-01	8.29e-08	4.32e-08
 6.50518e+22	9.67e-01	3.32e-02	1.49e-05	0.00e+00	0.00e+00	0.00e+00	0.00e+00	0.00e+00	0.00e+00	9.67e-01	8.27e-08	4.30e-08
 6.50781e+22	9.67e-01	3.30e-02	1.48e-05	0.00e+00	0.00e+00	0.00e+00	0.00e+00	0.00e+00	0.00e+00	9.67e-01	8.27e-08	4.30e-08
 6.51069e+22	9.67e-01	3.25e-02	1.47e-05	0.00e+00	0.00e+00	0.00e+00	0.00e+00	0.00e+00	0.00e+00	9.67e-01	8.25e-08	4.29e-08
 6.51380e+22	9.68e-01	3.20e-02	1.45e-05	0.00e+00	0.00e+00	0.00e+00	0.00e+00	0.00e+00	0.00e+00	9.68e-01	8.22e-08	4.28e-08
 6.51663e+22	9.68e-01	3.17e-02	1.44e-05	0.00e+00	0.00e+00	0.00e+00	0.00e+00	0.00e+00	0.00e+00	9.68e-01	8.23e-08	4.28e-08
 6.51972e+22	9.69e-01	3.12e-02	1.43e-05	0.00e+00	0.00e+00	0.00e+00	0.00e+00	0.00e+00	0.00e+00	9.69e-01	8.21e-08	4.28e-08
 6.52307e+22	9.69e-01	3.07e-02	1.41e-05	0.00e+00	0.00e+00	0.00e+00	0.00e+00	0.00e+00	0.00e+00	9.69e-01	8.20e-08	4.27e-08
 6.52611e+22	9.70e-01	3.03e-02	1.40e-05	0.00e+00	0.00e+00	0.00e+00	0.00e+00	0.00e+00	0.00e+00	9.70e-01	8.18e-08	4.26e-08
 6.52889e+22	9.70e-01	2.99e-02	1.38e-05	0.00e+00	0.00e+00	0.00e+00	0.00e+00	0.00e+00	0.00e+00	9.70e-01	8.16e-08	4.24e-08
 6.53141e+22	9.70e-01	2.96e-02	1.37e-05	0.00e+00	0.00e+00	0.00e+00	0.00e+00	0.00e+00	0.00e+00	9.70e-01	8.15e-08	4.24e-08
 6.53417e+22	9.71e-01	2.92e-02	1.36e-05	0.00e+00	0.00e+00	0.00e+00	0.00e+00	0.00e+00	0.00e+00	9.71e-01	8.14e-08	4.23e-08
 6.53776e+22	9.71e-01	2.86e-02	1.34e-05	0.00e+00	0.00e+00	0.00e+00	0.00e+00	0.00e+00	0.00e+00	9.71e-01	8.12e-08	4.21e-08
 6.54164e+22	9.72e-01	2.80e-02	1.32e-05	0.00e+00	0.00e+00	0.00e+00	0.00e+00	0.00e+00	0.00e+00	9.72e-01	8.09e-08	4.20e-08
 6.54517e+22	9.72e-01	2.76e-02	1.30e-05	0.00e+00	0.00e+00	0.00e+00	0.00e+00	0.00e+00	0.00e+00	9.72e-01	8.08e-08	4.19e-08
 6.54838e+22	9.73e-01	2.72e-02	1.29e-05	0.00e+00	0.00e+00	0.00e+00	0.00e+00	0.00e+00	0.00e+00	9.73e-01	8.06e-08	4.18e-08
 6.55130e+22	9.73e-01	2.68e-02	1.27e-05	0.00e+00	0.00e+00	0.00e+00	0.00e+00	0.00e+00	0.00e+00	9.73e-01	8.05e-08	4.16e-08
 6.55396e+22	9.73e-01	2.65e-02	1.26e-05	0.00e+00	0.00e+00	0.00e+00	0.00e+00	0.00e+00	0.00e+00	9.73e-01	8.03e-08	4.15e-08
 6.55687e+22	9.74e-01	2.61e-02	1.25e-05	0.00e+00	0.00e+00	0.00e+00	0.00e+00	0.00e+00	0.00e+00	9.74e-01	8.01e-08	4.14e-08
 6.56002e+22	9.74e-01	2.57e-02	1.23e-05	0.00e+00	0.00e+00	0.00e+00	0.00e+00	0.00e+00	0.00e+00	9.74e-01	7.99e-08	4.12e-08
 6.56288e+22	9.75e-01	2.54e-02	1.22e-05	0.00e+00	0.00e+00	0.00e+00	0.00e+00	0.00e+00	0.00e+00	9.75e-01	7.98e-08	4.11e-08
 6.56548e+22	9.75e-01	2.50e-02	1.21e-05	0.00e+00	0.00e+00	0.00e+00	0.00e+00	0.00e+00	0.00e+00	9.75e-01	7.95e-08	4.10e-08
 6.56785e+22	9.75e-01	2.48e-02	1.20e-05	0.00e+00	0.00e+00	0.00e+00	0.00e+00	0.00e+00	0.00e+00	9.75e-01	7.95e-08	4.09e-08
 6.57045e+22	9.75e-01	2.45e-02	1.19e-05	0.00e+00	0.00e+00	0.00e+00	0.00e+00	0.00e+00	0.00e+00	9.75e-01	7.94e-08	4.08e-08
 6.57383e+22	9.76e-01	2.40e-02	1.18e-05	0.00e+00	0.00e+00	0.00e+00	0.00e+00	0.00e+00	0.00e+00	9.76e-01	7.92e-08	4.06e-08
 6.57747e+22	9.76e-01	2.35e-02	1.16e-05	0.00e+00	0.00e+00	0.00e+00	0.00e+00	0.00e+00	0.00e+00	9.76e-01	7.89e-08	4.04e-08
 6.58079e+22	9.77e-01	2.32e-02	1.15e-05	0.00e+00	0.00e+00	0.00e+00	0.00e+00	0.00e+00	0.00e+00	9.77e-01	7.87e-08	4.03e-08
 6.58381e+22	9.77e-01	2.30e-02	1.14e-05	0.00e+00	0.00e+00	0.00e+00	0.00e+00	0.00e+00	0.00e+00	9.77e-01	7.79e-08	3.99e-08
 6.58655e+22	9.77e-01	2.27e-02	1.13e-05	0.00e+00	0.00e+00	0.00e+00	0.00e+00	0.00e+00	0.00e+00	9.77e-01	7.75e-08	3.97e-08
 6.58956e+22	9.78e-01	2.23e-02	1.12e-05	0.00e+00	0.00e+00	0.00e+00	0.00e+00	0.00e+00	0.00e+00	9.78e-01	7.67e-08	3.93e-08
 6.59281e+22	9.78e-01	2.21e-02	1.11e-05	0.00e+00	0.00e+00	0.00e+00	0.00e+00	0.00e+00	0.00e+00	9.78e-01	7.63e-08	3.91e-08
 6.59637e+22	9.78e-01	2.17e-02	1.09e-05	0.00e+00	0.00e+00	0.00e+00	0.00e+00	0.00e+00	0.00e+00	9.78e-01	7.57e-08	3.88e-08
 6.60022e+22	9.79e-01	2.13e-02	1.08e-05	0.00e+00	0.00e+00	0.00e+00	0.00e+00	0.00e+00	0.00e+00	9.79e-01	7.50e-08	3.84e-08
 6.60372e+22	9.79e-01	2.10e-02	1.07e-05	0.00e+00	0.00e+00	0.00e+00	0.00e+00	0.00e+00	0.00e+00	9.79e-01	7.44e-08	3.81e-08
 6.60755e+22	9.79e-01	2.06e-02	1.06e-05	0.00e+00	0.00e+00	0.00e+00	0.00e+00	0.00e+00	0.00e+00	9.79e-01	7.37e-08	3.76e-08
 6.61169e+22	9.80e-01	2.02e-02	1.04e-05	0.00e+00	0.00e+00	0.00e+00	0.00e+00	0.00e+00	0.00e+00	9.80e-01	7.30e-08	3.71e-08
 6.61546e+22	9.80e-01	1.99e-02	1.03e-05	0.00e+00	0.00e+00	0.00e+00	0.00e+00	0.00e+00	0.00e+00	9.80e-01	7.24e-08	3.67e-08
 6.61888e+22	9.80e-01	1.96e-02	1.02e-05	0.00e+00	0.00e+00	0.00e+00	0.00e+00	0.00e+00	0.00e+00	9.80e-01	7.16e-08	3.62e-08
 6.62200e+22	9.81e-01	1.94e-02	1.02e-05	0.00e+00	0.00e+00	0.00e+00	0.00e+00	0.00e+00	0.00e+00	9.81e-01	7.12e-08	3.60e-08
 6.62542e+22	9.81e-01	1.91e-02	1.00e-05	0.00e+00	0.00e+00	0.00e+00	0.00e+00	0.00e+00	0.00e+00	9.81e-01	7.07e-08	3.56e-08
 6.62986e+22	9.81e-01	1.87e-02	9.90e-06	0.00e+00	0.00e+00	0.00e+00	0.00e+00	0.00e+00	0.00e+00	9.81e-01	6.99e-08	3.51e-08
 6.63466e+22	9.82e-01	1.83e-02	9.77e-06	0.00e+00	0.00e+00	0.00e+00	0.00e+00	0.00e+00	0.00e+00	9.82e-01	6.93e-08	3.47e-08
 6.63902e+22	9.82e-01	1.79e-02	9.66e-06	0.00e+00	0.00e+00	0.00e+00	0.00e+00	0.00e+00	0.00e+00	9.82e-01	6.85e-08	3.42e-08
 6.64299e+22	9.82e-01	1.76e-02	9.55e-06	0.00e+00	0.00e+00	0.00e+00	0.00e+00	0.00e+00	0.00e+00	9.82e-01	6.76e-08	3.36e-08
 6.64661e+22	9.83e-01	1.75e-02	9.47e-06	0.00e+00	0.00e+00	0.00e+00	0.00e+00	0.00e+00	0.00e+00	9.83e-01	6.72e-08	3.34e-08
 6.65057e+22	9.83e-01	1.71e-02	9.36e-06	0.00e+00	0.00e+00	0.00e+00	0.00e+00	0.00e+00	0.00e+00	9.83e-01	6.66e-08	3.30e-08
 6.65484e+22	9.83e-01	1.68e-02	9.25e-06	0.00e+00	0.00e+00	0.00e+00	0.00e+00	0.00e+00	0.00e+00	9.83e-01	6.58e-08	3.25e-08
 6.65873e+22	9.83e-01	1.66e-02	9.17e-06	0.00e+00	0.00e+00	0.00e+00	0.00e+00	0.00e+00	0.00e+00	9.83e-01	6.53e-08	3.21e-08
 6.66300e+22	9.84e-01	1.62e-02	9.05e-06	0.00e+00	0.00e+00	0.00e+00	0.00e+00	0.00e+00	0.00e+00	9.84e-01	6.43e-08	3.16e-08
 6.66760e+22	9.84e-01	1.59e-02	8.94e-06	0.00e+00	0.00e+00	0.00e+00	0.00e+00	0.00e+00	0.00e+00	9.84e-01	6.36e-08	3.11e-08
 6.67179e+22	9.84e-01	1.57e-02	8.85e-06	0.00e+00	0.00e+00	0.00e+00	0.00e+00	0.00e+00	0.00e+00	9.84e-01	6.29e-08	3.07e-08
 6.67638e+22	9.85e-01	1.53e-02	8.74e-06	0.00e+00	0.00e+00	0.00e+00	0.00e+00	0.00e+00	0.00e+00	9.85e-01	6.20e-08	3.01e-08
 6.68133e+22	9.85e-01	1.50e-02	8.63e-06	0.00e+00	0.00e+00	0.00e+00	0.00e+00	0.00e+00	0.00e+00	9.85e-01	6.12e-08	2.96e-08
 6.68584e+22	9.85e-01	1.47e-02	8.54e-06	0.00e+00	0.00e+00	0.00e+00	0.00e+00	0.00e+00	0.00e+00	9.85e-01	6.05e-08	2.92e-08
 6.68995e+22	9.86e-01	1.45e-02	8.45e-06	0.00e+00	0.00e+00	0.00e+00	0.00e+00	0.00e+00	0.00e+00	9.86e-01	5.95e-08	2.86e-08
 6.69368e+22	9.86e-01	1.43e-02	8.38e-06	0.00e+00	0.00e+00	0.00e+00	0.00e+00	0.00e+00	0.00e+00	9.86e-01	5.92e-08	2.84e-08
 6.69777e+22	9.86e-01	1.41e-02	8.29e-06	0.00e+00	0.00e+00	0.00e+00	0.00e+00	0.00e+00	0.00e+00	9.86e-01	5.84e-08	2.79e-08
 6.70219e+22	9.86e-01	1.38e-02	8.20e-06	0.00e+00	0.00e+00	0.00e+00	0.00e+00	0.00e+00	0.00e+00	9.86e-01	5.77e-08	2.74e-08
 6.70621e+22	9.86e-01	1.36e-02	8.13e-06	0.00e+00	0.00e+00	0.00e+00	0.00e+00	0.00e+00	0.00e+00	9.86e-01	5.73e-08	2.71e-08
 6.71061e+22	9.87e-01	1.34e-02	8.03e-06	0.00e+00	0.00e+00	0.00e+00	0.00e+00	0.00e+00	0.00e+00	9.87e-01	5.65e-08	2.67e-08
 6.71537e+22	9.87e-01	1.31e-02	7.94e-06	0.00e+00	0.00e+00	0.00e+00	0.00e+00	0.00e+00	0.00e+00	9.87e-01	5.58e-08	2.63e-08
 6.71970e+22	9.87e-01	1.29e-02	7.87e-06	0.00e+00	0.00e+00	0.00e+00	0.00e+00	0.00e+00	0.00e+00	9.87e-01	5.53e-08	2.59e-08
 6.72444e+22	9.87e-01	1.26e-02	7.77e-06	0.00e+00	0.00e+00	0.00e+00	0.00e+00	0.00e+00	0.00e+00	9.87e-01	5.46e-08	2.55e-08
 6.72956e+22	9.88e-01	1.23e-02	7.68e-06	0.00e+00	0.00e+00	0.00e+00	0.00e+00	0.00e+00	0.00e+00	9.88e-01	5.39e-08	2.51e-08
 6.73422e+22	9.88e-01	1.21e-02	7.61e-06	0.00e+00	0.00e+00	0.00e+00	0.00e+00	0.00e+00	0.00e+00	9.88e-01	5.33e-08	2.48e-08
 6.73932e+22	9.88e-01	1.19e-02	7.51e-06	0.00e+00	0.00e+00	0.00e+00	0.00e+00	0.00e+00	0.00e+00	9.88e-01	5.26e-08	2.43e-08
 6.74483e+22	9.88e-01	1.16e-02	7.42e-06	0.00e+00	0.00e+00	0.00e+00	0.00e+00	0.00e+00	0.00e+00	9.88e-01	5.20e-08	2.38e-08
 6.74985e+22	9.89e-01	1.14e-02	7.34e-06	0.00e+00	0.00e+00	0.00e+00	0.00e+00	0.00e+00	0.00e+00	9.89e-01	5.13e-08	2.34e-08
 6.75441e+22	9.89e-01	1.12e-02	7.27e-06	0.00e+00	0.00e+00	0.00e+00	0.00e+00	0.00e+00	0.00e+00	9.89e-01	5.08e-08	2.30e-08
 6.75941e+22	9.89e-01	1.10e-02	7.18e-06	0.00e+00	0.00e+00	0.00e+00	0.00e+00	0.00e+00	0.00e+00	9.89e-01	5.01e-08	2.26e-08
 6.76481e+22	9.89e-01	1.07e-02	7.10e-06	0.00e+00	0.00e+00	0.00e+00	0.00e+00	0.00e+00	0.00e+00	9.89e-01	4.92e-08	2.20e-08
 6.76972e+22	9.89e-01	1.06e-02	7.03e-06	0.00e+00	0.00e+00	0.00e+00	0.00e+00	0.00e+00	0.00e+00	9.89e-01	4.89e-08	2.18e-08
 6.77511e+22	9.90e-01	1.03e-02	6.94e-06	0.00e+00	0.00e+00	0.00e+00	0.00e+00	0.00e+00	0.00e+00	9.90e-01	4.81e-08	2.13e-08
 6.78092e+22	9.90e-01	1.01e-02	6.85e-06	0.00e+00	0.00e+00	0.00e+00	0.00e+00	0.00e+00	0.00e+00	9.90e-01	4.72e-08	2.08e-08
 6.78621e+22	9.90e-01	9.91e-03	6.78e-06	0.00e+00	0.00e+00	0.00e+00	0.00e+00	0.00e+00	0.00e+00	9.90e-01	4.68e-08	2.05e-08
 6.79201e+22	9.90e-01	9.68e-03	6.69e-06	0.00e+00	0.00e+00	0.00e+00	0.00e+00	0.00e+00	0.00e+00	9.90e-01	4.60e-08	2.01e-08
 6.79826e+22	9.91e-01	9.42e-03	6.60e-06	0.00e+00	0.00e+00	0.00e+00	0.00e+00	0.00e+00	0.00e+00	9.91e-01	4.51e-08	1.96e-08
 6.80396e+22	9.91e-01	9.25e-03	6.53e-06	0.00e+00	0.00e+00	0.00e+00	0.00e+00	0.00e+00	0.00e+00	9.91e-01	4.47e-08	1.93e-08
 6.81019e+22	9.91e-01	9.03e-03	6.44e-06	0.00e+00	0.00e+00	0.00e+00	0.00e+00	0.00e+00	0.00e+00	9.91e-01	4.40e-08	1.89e-08
 6.81693e+22	9.91e-01	8.80e-03	6.36e-06	0.00e+00	0.00e+00	0.00e+00	0.00e+00	0.00e+00	0.00e+00	9.91e-01	4.33e-08	1.85e-08
 6.82306e+22	9.91e-01	8.60e-03	6.28e-06	0.00e+00	0.00e+00	0.00e+00	0.00e+00	0.00e+00	0.00e+00	9.91e-01	4.27e-08	1.81e-08
 6.82864e+22	9.92e-01	8.45e-03	6.21e-06	0.00e+00	0.00e+00	0.00e+00	0.00e+00	0.00e+00	0.00e+00	9.92e-01	4.22e-08	1.78e-08
 6.83475e+22	9.92e-01	8.25e-03	6.13e-06	0.00e+00	0.00e+00	0.00e+00	0.00e+00	0.00e+00	0.00e+00	9.92e-01	4.15e-08	1.74e-08
 6.84135e+22	9.92e-01	8.02e-03	6.05e-06	0.00e+00	0.00e+00	0.00e+00	0.00e+00	0.00e+00	0.00e+00	9.92e-01	4.07e-08	1.69e-08
 6.84735e+22	9.92e-01	7.87e-03	5.98e-06	0.00e+00	0.00e+00	0.00e+00	0.00e+00	0.00e+00	0.00e+00	9.92e-01	4.03e-08	1.66e-08
 6.85393e+22	9.92e-01	7.68e-03	5.90e-06	0.00e+00	0.00e+00	0.00e+00	0.00e+00	0.00e+00	0.00e+00	9.92e-01	3.96e-08	1.62e-08
 6.86104e+22	9.93e-01	7.45e-03	5.82e-06	0.00e+00	0.00e+00	0.00e+00	0.00e+00	0.00e+00	0.00e+00	9.93e-01	3.89e-08	1.58e-08
 6.86750e+22	9.93e-01	7.31e-03	5.75e-06	0.00e+00	0.00e+00	0.00e+00	0.00e+00	0.00e+00	0.00e+00	9.93e-01	3.85e-08	1.55e-08
 6.87459e+22	9.93e-01	7.11e-03	5.66e-06	0.00e+00	0.00e+00	0.00e+00	0.00e+00	0.00e+00	0.00e+00	9.93e-01	3.78e-08	1.51e-08
 6.88223e+22	9.93e-01	6.91e-03	5.59e-06	0.00e+00	0.00e+00	0.00e+00	0.00e+00	0.00e+00	0.00e+00	9.93e-01	3.72e-08	1.48e-08
 6.88919e+22	9.93e-01	6.74e-03	5.51e-06	0.00e+00	0.00e+00	0.00e+00	0.00e+00	0.00e+00	0.00e+00	9.93e-01	3.66e-08	1.44e-08
 6.89552e+22	9.93e-01	6.61e-03	5.45e-06	0.00e+00	0.00e+00	0.00e+00	0.00e+00	0.00e+00	0.00e+00	9.93e-01	3.62e-08	1.41e-08
 6.90246e+22	9.94e-01	6.44e-03	5.37e-06	0.00e+00	0.00e+00	0.00e+00	0.00e+00	0.00e+00	0.00e+00	9.94e-01	3.56e-08	1.38e-08
 6.90995e+22	9.94e-01	6.26e-03	5.30e-06	0.00e+00	0.00e+00	0.00e+00	0.00e+00	0.00e+00	0.00e+00	9.94e-01	3.50e-08	1.34e-08
 6.91677e+22	9.94e-01	6.13e-03	5.24e-06	0.00e+00	0.00e+00	0.00e+00	0.00e+00	0.00e+00	0.00e+00	9.94e-01	3.45e-08	1.31e-08
 6.92424e+22	9.94e-01	5.96e-03	5.16e-06	0.00e+00	0.00e+00	0.00e+00	0.00e+00	0.00e+00	0.00e+00	9.94e-01	3.39e-08	1.28e-08
