#depth	H	H+	H2
 1.54284e+22	2.55e-05	1.00e+00	6.95e-27
 3.46579e+22	3.64e-05	1.00e+00	3.37e-26
 4.03595e+22	4.32e-05	1.00e+00	7.05e-26
 4.33875e+22	4.77e-05	1.00e+00	1.09e-25
 4.50461e+22	5.00e-05	1.00e+00	1.35e-25
 4.60665e+22	5.21e-05	1.00e+00	1.64e-25
 4.71917e+22	5.51e-05	1.00e+00	2.10e-25
 4.83387e+22	5.75e-05	1.00e+00	2.55e-25
 4.95140e+22	6.08e-05	1.00e+00	3.29e-25
 5.07237e+22	6.38e-05	1.00e+00	4.10e-25
 5.17921e+22	6.67e-05	1.00e+00	5.01e-25
 5.29949e+22	7.05e-05	1.00e+00	6.46e-25
 5.42617e+22	7.42e-05	1.00e+00	8.14e-25
 5.54143e+22	7.78e-05	1.00e+00	1.01e-24
 5.67154e+22	8.25e-05	1.00e+00	1.33e-24
 5.80567e+22	8.70e-05	1.00e+00	1.69e-24
 5.92488e+22	9.14e-05	1.00e+00	2.11e-24
 6.05967e+22	9.71e-05	1.00e+00	2.80e-24
 6.19961e+22	1.03e-04	1.00e+00	3.59e-24
 6.32533e+22	1.08e-04	1.00e+00	4.55e-24
 6.46782e+22	1.15e-04	1.00e+00	6.14e-24
 6.61510e+22	1.22e-04	1.00e+00	7.94e-24
 6.74841e+22	1.29e-04	1.00e+00	1.02e-23
 6.90148e+22	1.38e-04	1.00e+00	1.42e-23
 7.05584e+22	1.46e-04	1.00e+00	1.84e-23
 7.21186e+22	1.57e-04	1.00e+00	2.54e-23
 7.37135e+22	1.67e-04	1.00e+00	3.36e-23
 7.51148e+22	1.76e-04	1.00e+00	4.37e-23
 7.66976e+22	1.89e-04	1.00e+00	6.15e-23
 7.83200e+22	2.01e-04	1.00e+00	8.17e-23
 7.99938e+22	2.17e-04	1.00e+00	1.17e-22
 8.16945e+22	2.31e-04	1.00e+00	1.58e-22
 8.32011e+22	2.45e-04	1.00e+00	2.13e-22
 8.49307e+22	2.66e-04	1.00e+00	3.14e-22
 8.66848e+22	2.83e-04	1.00e+00	4.31e-22
 8.82099e+22	3.00e-04	1.00e+00	5.85e-22
 8.99314e+22	3.25e-04	1.00e+00	8.69e-22
 9.15738e+22	3.43e-04	1.00e+00	1.15e-21
 9.31133e+22	3.67e-04	1.00e+00	1.64e-21
 9.46591e+22	3.88e-04	1.00e+00	2.18e-21
 9.62129e+22	4.15e-04	1.00e+00	3.11e-21
 9.78055e+22	4.40e-04	1.00e+00	4.25e-21
 9.92335e+22	4.65e-04	1.00e+00	5.73e-21
 1.00875e+23	5.00e-04	9.99e-01	8.50e-21
 1.02535e+23	5.31e-04	9.99e-01	1.20e-20
 1.04221e+23	5.70e-04	9.99e-01	1.77e-20
 1.05862e+23	6.03e-04	9.99e-01	2.53e-20
 1.07157e+23	6.33e-04	9.99e-01	3.34e-20
 1.08551e+23	6.71e-04	9.99e-01	4.73e-20
 1.09986e+23	7.06e-04	9.99e-01	6.51e-20
 1.11274e+23	7.42e-04	9.99e-01	8.74e-20
 1.12748e+23	7.89e-04	9.99e-01	1.30e-19
 1.14236e+23	8.30e-04	9.99e-01	1.84e-19
 1.15542e+23	8.73e-04	9.99e-01	2.50e-19
 1.17035e+23	9.28e-04	9.99e-01	3.79e-19
 1.18555e+23	9.78e-04	9.99e-01	5.51e-19
 1.19903e+23	1.03e-03	9.99e-01	7.73e-19
 1.21449e+23	1.10e-03	9.99e-01	1.28e-18
 1.23011e+23	1.16e-03	9.99e-01	2.07e-18
 1.24386e+23	1.22e-03	9.99e-01	3.21e-18
 1.25967e+23	1.30e-03	9.99e-01	6.41e-18
 1.27576e+23	1.37e-03	9.99e-01	1.33e-17
 1.29221e+23	1.46e-03	9.99e-01	3.21e-17
 1.30389e+23	1.49e-03	9.99e-01	8.21e-17
 1.30937e+23	1.52e-03	9.98e-01	1.15e-16
 1.31650e+23	1.57e-03	9.98e-01	1.50e-16
 1.32576e+23	1.63e-03	9.98e-01	2.00e-16
 1.33780e+23	1.71e-03	9.98e-01	3.05e-16
 1.35345e+23	1.82e-03	9.98e-01	4.79e-16
 1.36961e+23	1.92e-03	9.98e-01	6.42e-16
 1.38642e+23	2.05e-03	9.98e-01	9.60e-16
 1.40405e+23	2.17e-03	9.98e-01	1.39e-15
 1.41791e+23	2.26e-03	9.98e-01	1.73e-15
 1.43109e+23	2.38e-03	9.98e-01	2.20e-15
 1.44460e+23	2.48e-03	9.98e-01	2.71e-15
 1.45851e+23	2.62e-03	9.97e-01	3.46e-15
 1.47257e+23	2.73e-03	9.97e-01	4.15e-15
 1.48685e+23	2.89e-03	9.97e-01	5.22e-15
 1.50132e+23	3.02e-03	9.97e-01	6.27e-15
 1.51606e+23	3.19e-03	9.97e-01	7.83e-15
 1.53101e+23	3.33e-03	9.97e-01	9.32e-15
 1.54625e+23	3.53e-03	9.96e-01	1.16e-14
 1.56174e+23	3.70e-03	9.96e-01	1.39e-14
 1.57756e+23	3.91e-03	9.96e-01	1.74e-14
 1.59383e+23	4.11e-03	9.96e-01	2.11e-14
 1.61067e+23	4.37e-03	9.96e-01	2.68e-14
 1.62784e+23	4.60e-03	9.95e-01	3.27e-14
 1.64545e+23	4.91e-03	9.95e-01	4.20e-14
 1.66301e+23	5.16e-03	9.95e-01	5.13e-14
 1.68050e+23	5.50e-03	9.94e-01	6.62e-14
 1.69815e+23	5.79e-03	9.94e-01	8.10e-14
 1.71598e+23	6.19e-03	9.94e-01	1.05e-13
 1.73389e+23	6.52e-03	9.93e-01	1.29e-13
 1.75192e+23	6.99e-03	9.93e-01	1.70e-13
 1.77000e+23	7.38e-03	9.93e-01	2.10e-13
 1.78814e+23	7.95e-03	9.92e-01	2.78e-13
 1.80628e+23	8.41e-03	9.92e-01	3.46e-13
 1.82444e+23	9.11e-03	9.91e-01	4.63e-13
 1.84260e+23	9.68e-03	9.90e-01	5.83e-13
 1.86077e+23	1.06e-02	9.89e-01	7.97e-13
 1.87892e+23	1.13e-02	9.89e-01	1.02e-12
 1.89705e+23	1.25e-02	9.88e-01	1.41e-12
 1.91535e+23	1.35e-02	9.86e-01	1.87e-12
 1.93390e+23	1.51e-02	9.85e-01	2.68e-12
 1.95269e+23	1.67e-02	9.83e-01	3.70e-12
 1.96888e+23	1.86e-02	9.81e-01	5.11e-12
 1.98281e+23	2.03e-02	9.80e-01	6.66e-12
 1.99670e+23	2.27e-02	9.77e-01	9.24e-12
 2.01133e+23	2.55e-02	9.74e-01	1.29e-11
 2.02458e+23	2.88e-02	9.71e-01	1.80e-11
 2.03944e+23	3.38e-02	9.66e-01	2.77e-11
 2.05460e+23	4.01e-02	9.60e-01	4.29e-11
 2.06678e+23	4.71e-02	9.53e-01	6.36e-11
 2.07717e+23	5.47e-02	9.45e-01	9.14e-11
 2.08671e+23	6.40e-02	9.36e-01	1.32e-10
 2.09535e+23	7.48e-02	9.25e-01	1.90e-10
 2.10300e+23	8.70e-02	9.13e-01	2.67e-10
 2.10987e+23	1.01e-01	8.99e-01	3.71e-10
 2.11625e+23	1.17e-01	8.83e-01	5.15e-10
 2.12222e+23	1.36e-01	8.64e-01	7.11e-10
 2.12779e+23	1.57e-01	8.43e-01	9.60e-10
 2.13309e+23	1.81e-01	8.19e-01	1.30e-09
 2.13828e+23	2.10e-01	7.90e-01	1.76e-09
 2.14321e+23	2.42e-01	7.58e-01	2.36e-09
 2.14771e+23	2.77e-01	7.23e-01	3.07e-09
 2.15181e+23	3.11e-01	6.89e-01	3.88e-09
 2.15547e+23	3.45e-01	6.55e-01	4.73e-09
 2.15860e+23	3.76e-01	6.24e-01	5.59e-09
 2.16094e+23	4.00e-01	6.00e-01	6.24e-09
 2.16265e+23	4.17e-01	5.83e-01	6.76e-09
 2.16446e+23	4.36e-01	5.64e-01	7.36e-09
 2.16660e+23	4.59e-01	5.41e-01	8.11e-09
 2.16889e+23	4.83e-01	5.17e-01	8.90e-09
 2.17114e+23	5.07e-01	4.93e-01	9.67e-09
 2.17329e+23	5.28e-01	4.72e-01	1.04e-08
 2.17496e+23	5.44e-01	4.56e-01	1.09e-08
 2.17611e+23	5.55e-01	4.45e-01	1.13e-08
 2.17723e+23	5.65e-01	4.35e-01	1.16e-08
 2.17856e+23	5.78e-01	4.22e-01	1.21e-08
 2.18000e+23	5.91e-01	4.09e-01	1.25e-08
 2.18143e+23	6.03e-01	3.97e-01	1.30e-08
 2.18283e+23	6.15e-01	3.85e-01	1.34e-08
 2.18427e+23	6.26e-01	3.74e-01	1.38e-08
 2.18577e+23	6.38e-01	3.62e-01	1.42e-08
 2.18731e+23	6.50e-01	3.50e-01	1.47e-08
 2.18884e+23	6.61e-01	3.39e-01	1.51e-08
 2.19041e+23	6.72e-01	3.28e-01	1.55e-08
 2.19204e+23	6.83e-01	3.17e-01	1.58e-08
 2.19373e+23	6.94e-01	3.06e-01	1.63e-08
 2.19545e+23	7.04e-01	2.96e-01	1.66e-08
 2.19720e+23	7.14e-01	2.86e-01	1.70e-08
 2.19901e+23	7.24e-01	2.76e-01	1.74e-08
 2.20089e+23	7.34e-01	2.66e-01	1.77e-08
 2.20282e+23	7.44e-01	2.56e-01	1.81e-08
 2.20479e+23	7.53e-01	2.47e-01	1.84e-08
 2.20683e+23	7.62e-01	2.38e-01	1.87e-08
 2.20894e+23	7.71e-01	2.29e-01	1.91e-08
 2.21113e+23	7.80e-01	2.20e-01	1.94e-08
 2.21338e+23	7.88e-01	2.12e-01	1.97e-08
 2.21570e+23	7.96e-01	2.04e-01	2.00e-08
 2.21811e+23	8.04e-01	1.96e-01	2.03e-08
 2.22063e+23	8.12e-01	1.88e-01	2.06e-08
 2.22323e+23	8.19e-01	1.81e-01	2.09e-08
 2.22591e+23	8.26e-01	1.74e-01	2.12e-08
 2.22864e+23	8.33e-01	1.67e-01	2.15e-08
 2.23143e+23	8.39e-01	1.61e-01	2.18e-08
 2.23430e+23	8.45e-01	1.55e-01	2.21e-08
 2.23734e+23	8.51e-01	1.49e-01	2.24e-08
 2.24050e+23	8.56e-01	1.44e-01	2.28e-08
 2.24367e+23	8.61e-01	1.39e-01	2.32e-08
 2.24696e+23	8.66e-01	1.34e-01	2.36e-08
 2.25049e+23	8.71e-01	1.29e-01	2.40e-08
 2.25416e+23	8.75e-01	1.25e-01	2.46e-08
 2.25794e+23	8.80e-01	1.20e-01	2.51e-08
 2.26193e+23	8.84e-01	1.16e-01	2.58e-08
 2.26617e+23	8.88e-01	1.12e-01	2.65e-08
 2.27062e+23	8.92e-01	1.08e-01	2.74e-08
 2.27520e+23	8.95e-01	1.05e-01	2.84e-08
 2.27971e+23	8.99e-01	1.01e-01	2.94e-08
 2.28402e+23	9.01e-01	9.86e-02	3.05e-08
 2.28824e+23	9.04e-01	9.59e-02	3.16e-08
 2.29235e+23	9.07e-01	9.34e-02	3.29e-08
 2.29638e+23	9.09e-01	9.10e-02	3.40e-08
 2.30023e+23	9.11e-01	8.87e-02	3.50e-08
 2.30391e+23	9.13e-01	8.67e-02	3.62e-08
 2.30737e+23	9.15e-01	8.48e-02	3.73e-08
 2.31072e+23	9.17e-01	8.30e-02	3.86e-08
 2.31408e+23	9.19e-01	8.12e-02	3.99e-08
 2.31733e+23	9.21e-01	7.94e-02	4.14e-08
 2.32047e+23	9.22e-01	7.78e-02	4.29e-08
 2.32349e+23	9.24e-01	7.62e-02	4.45e-08
 2.32641e+23	9.25e-01	7.47e-02	4.61e-08
 2.32924e+23	9.27e-01	7.33e-02	4.78e-08
 2.33197e+23	9.28e-01	7.19e-02	4.97e-08
 2.33460e+23	9.29e-01	7.06e-02	5.16e-08
 2.33713e+23	9.31e-01	6.93e-02	5.37e-08
 2.33958e+23	9.32e-01	6.80e-02	5.60e-08
 2.34191e+23	9.33e-01	6.69e-02	5.82e-08
 2.34418e+23	9.34e-01	6.57e-02	6.08e-08
 2.34640e+23	9.35e-01	6.45e-02	6.35e-08
 2.34841e+23	9.36e-01	6.36e-02	6.59e-08
 2.35024e+23	9.37e-01	6.27e-02	6.84e-08
 2.35191e+23	9.38e-01	6.19e-02	7.08e-08
 2.35343e+23	9.39e-01	6.12e-02	7.31e-08
 2.35481e+23	9.39e-01	6.05e-02	7.52e-08
 2.35606e+23	9.40e-01	6.00e-02	7.72e-08
 2.35721e+23	9.41e-01	5.94e-02	7.90e-08
 2.35846e+23	9.41e-01	5.88e-02	8.15e-08
 2.35981e+23	9.42e-01	5.80e-02	8.37e-08
 2.36104e+23	9.43e-01	5.74e-02	8.58e-08
 2.36239e+23	9.43e-01	5.67e-02	8.83e-08
 2.36385e+23	9.44e-01	5.58e-02	9.08e-08
 2.36517e+23	9.45e-01	5.52e-02	9.29e-08
 2.36638e+23	9.45e-01	5.47e-02	9.53e-08
 2.36748e+23	9.46e-01	5.42e-02	9.67e-08
 2.36868e+23	9.46e-01	5.36e-02	9.85e-08
 2.36998e+23	9.47e-01	5.30e-02	1.00e-07
 2.37140e+23	9.48e-01	5.23e-02	1.02e-07
 2.37294e+23	9.48e-01	5.16e-02	1.04e-07
 2.37433e+23	9.49e-01	5.10e-02	1.06e-07
 2.37560e+23	9.49e-01	5.07e-02	1.07e-07
 2.37700e+23	9.50e-01	4.99e-02	1.08e-07
 2.37881e+23	9.51e-01	4.91e-02	1.09e-07
 2.38077e+23	9.52e-01	4.82e-02	1.11e-07
 2.38255e+23	9.53e-01	4.75e-02	1.12e-07
 2.38416e+23	9.53e-01	4.69e-02	1.13e-07
 2.38564e+23	9.54e-01	4.64e-02	1.13e-07
 2.38698e+23	9.54e-01	4.60e-02	1.14e-07
 2.38845e+23	9.55e-01	4.54e-02	1.14e-07
 2.39004e+23	9.55e-01	4.47e-02	1.14e-07
 2.39148e+23	9.56e-01	4.42e-02	1.14e-07
 2.39279e+23	9.56e-01	4.38e-02	1.14e-07
 2.39399e+23	9.57e-01	4.34e-02	1.14e-07
 2.39530e+23	9.57e-01	4.29e-02	1.14e-07
 2.39671e+23	9.58e-01	4.23e-02	1.14e-07
 2.39800e+23	9.58e-01	4.19e-02	1.14e-07
 2.39941e+23	9.59e-01	4.14e-02	1.13e-07
 2.40093e+23	9.59e-01	4.08e-02	1.13e-07
 2.40232e+23	9.60e-01	4.03e-02	1.13e-07
 2.40384e+23	9.60e-01	3.98e-02	1.12e-07
 2.40548e+23	9.61e-01	3.92e-02	1.12e-07
 2.40697e+23	9.61e-01	3.87e-02	1.12e-07
 2.40833e+23	9.62e-01	3.84e-02	1.11e-07
 2.40956e+23	9.62e-01	3.80e-02	1.11e-07
 2.41068e+23	9.62e-01	3.78e-02	1.10e-07
 2.41192e+23	9.63e-01	3.73e-02	1.10e-07
 2.41352e+23	9.63e-01	3.67e-02	1.09e-07
 2.41525e+23	9.64e-01	3.62e-02	1.09e-07
 2.41682e+23	9.64e-01	3.57e-02	1.09e-07
 2.41825e+23	9.65e-01	3.54e-02	1.08e-07
 2.41955e+23	9.65e-01	3.52e-02	1.08e-07
 2.42098e+23	9.65e-01	3.48e-02	1.07e-07
 2.42252e+23	9.66e-01	3.43e-02	1.07e-07
 2.42392e+23	9.66e-01	3.40e-02	1.07e-07
 2.42546e+23	9.66e-01	3.36e-02	1.06e-07
 2.42712e+23	9.67e-01	3.31e-02	1.06e-07
 2.42863e+23	9.67e-01	3.28e-02	1.06e-07
 2.43000e+23	9.67e-01	3.26e-02	1.06e-07
 2.43151e+23	9.68e-01	3.22e-02	1.05e-07
 2.43313e+23	9.68e-01	3.17e-02	1.05e-07
 2.43461e+23	9.69e-01	3.15e-02	1.05e-07
 2.43623e+23	9.69e-01	3.11e-02	1.04e-07
 2.43798e+23	9.69e-01	3.06e-02	1.04e-07
 2.43958e+23	9.70e-01	3.04e-02	1.04e-07
 2.44132e+23	9.70e-01	2.99e-02	1.03e-07
 2.44320e+23	9.71e-01	2.95e-02	1.03e-07
 2.44492e+23	9.71e-01	2.91e-02	1.03e-07
 2.44648e+23	9.71e-01	2.89e-02	1.03e-07
 2.44819e+23	9.71e-01	2.86e-02	1.02e-07
 2.45003e+23	9.72e-01	2.82e-02	1.02e-07
 2.45171e+23	9.72e-01	2.79e-02	1.02e-07
 2.45355e+23	9.72e-01	2.75e-02	1.01e-07
 2.45554e+23	9.73e-01	2.71e-02	1.01e-07
 2.45734e+23	9.73e-01	2.68e-02	1.01e-07
 2.45932e+23	9.74e-01	2.65e-02	1.01e-07
 2.46146e+23	9.74e-01	2.60e-02	1.01e-07
 2.46341e+23	9.74e-01	2.58e-02	1.01e-07
 2.46554e+23	9.75e-01	2.54e-02	1.01e-07
 2.46784e+23	9.75e-01	2.50e-02	1.01e-07
 2.46994e+23	9.75e-01	2.47e-02	1.01e-07
 2.47223e+23	9.76e-01	2.43e-02	1.00e-07
 2.47471e+23	9.76e-01	2.39e-02	1.01e-07
 2.47697e+23	9.76e-01	2.36e-02	1.00e-07
 2.47902e+23	9.77e-01	2.33e-02	1.00e-07
 2.48127e+23	9.77e-01	2.30e-02	1.00e-07
 2.48370e+23	9.77e-01	2.26e-02	1.00e-07
 2.48590e+23	9.78e-01	2.23e-02	1.00e-07
 2.48833e+23	9.78e-01	2.20e-02	1.00e-07
 2.49094e+23	9.78e-01	2.16e-02	1.00e-07
 2.49332e+23	9.79e-01	2.14e-02	1.00e-07
 2.49592e+23	9.79e-01	2.10e-02	9.99e-08
 2.49874e+23	9.79e-01	2.07e-02	1.00e-07
 2.50130e+23	9.80e-01	2.04e-02	9.99e-08
 2.50363e+23	9.80e-01	2.01e-02	9.99e-08
 2.50618e+23	9.80e-01	1.98e-02	9.97e-08
 2.50894e+23	9.81e-01	1.95e-02	9.98e-08
 2.51144e+23	9.81e-01	1.92e-02	9.98e-08
 2.51419e+23	9.81e-01	1.89e-02	9.96e-08
 2.51716e+23	9.81e-01	1.86e-02	9.97e-08
 2.51986e+23	9.82e-01	1.84e-02	9.98e-08
 2.52282e+23	9.82e-01	1.80e-02	9.96e-08
 2.52601e+23	9.82e-01	1.77e-02	9.97e-08
 2.52892e+23	9.83e-01	1.75e-02	9.98e-08
 2.53211e+23	9.83e-01	1.71e-02	9.96e-08
 2.53554e+23	9.83e-01	1.68e-02	9.97e-08
 2.53867e+23	9.83e-01	1.66e-02	9.98e-08
 2.54210e+23	9.84e-01	1.62e-02	9.98e-08
 2.54580e+23	9.84e-01	1.59e-02	9.99e-08
 2.54917e+23	9.84e-01	1.57e-02	9.97e-08
 2.55224e+23	9.85e-01	1.54e-02	9.97e-08
 2.55560e+23	9.85e-01	1.52e-02	9.97e-08
 2.55922e+23	9.85e-01	1.49e-02	9.99e-08
 2.56252e+23	9.85e-01	1.46e-02	9.97e-08
 2.56553e+23	9.86e-01	1.44e-02	9.97e-08
 2.56882e+23	9.86e-01	1.42e-02	9.97e-08
 2.57237e+23	9.86e-01	1.39e-02	9.99e-08
 2.57560e+23	9.86e-01	1.37e-02	9.98e-08
 2.57915e+23	9.87e-01	1.35e-02	1.00e-07
 2.58297e+23	9.87e-01	1.32e-02	1.00e-07
 2.58645e+23	9.87e-01	1.30e-02	9.99e-08
 2.59027e+23	9.87e-01	1.28e-02	1.00e-07
 2.59438e+23	9.87e-01	1.25e-02	1.00e-07
 2.59813e+23	9.88e-01	1.23e-02	1.00e-07
 2.60224e+23	9.88e-01	1.20e-02	1.00e-07
 2.60667e+23	9.88e-01	1.18e-02	1.00e-07
 2.61070e+23	9.88e-01	1.16e-02	1.00e-07
 2.61512e+23	9.89e-01	1.13e-02	1.00e-07
 2.62059e+23	9.89e-01	1.10e-02	1.01e-07
 2.62651e+23	9.89e-01	1.07e-02	1.01e-07
 2.63245e+23	9.90e-01	1.04e-02	1.01e-07
 2.63847e+23	9.90e-01	1.01e-02	1.01e-07
 2.64456e+23	9.90e-01	9.86e-03	1.01e-07
 2.65072e+23	9.90e-01	9.59e-03	1.01e-07
 2.65694e+23	9.91e-01	9.32e-03	1.01e-07
 2.66321e+23	9.91e-01	9.06e-03	1.01e-07
 2.66953e+23	9.91e-01	8.80e-03	1.01e-07
 2.67594e+23	9.91e-01	8.55e-03	1.02e-07
 2.68240e+23	9.92e-01	8.31e-03	1.02e-07
 2.68892e+23	9.92e-01	8.07e-03	1.02e-07
 2.69549e+23	9.92e-01	7.84e-03	1.02e-07
 2.70212e+23	9.92e-01	7.61e-03	1.02e-07
 2.70879e+23	9.93e-01	7.39e-03	1.02e-07
 2.71551e+23	9.93e-01	7.17e-03	1.02e-07
 2.72228e+23	9.93e-01	6.96e-03	1.03e-07
 2.72910e+23	9.93e-01	6.76e-03	1.03e-07
 2.73597e+23	9.93e-01	6.56e-03	1.03e-07
 2.74290e+23	9.94e-01	6.36e-03	1.03e-07
 2.74987e+23	9.94e-01	6.17e-03	1.03e-07
 2.75689e+23	9.94e-01	5.99e-03	1.03e-07
 2.76397e+23	9.94e-01	5.81e-03	1.04e-07
 2.77116e+23	9.94e-01	5.63e-03	1.04e-07
 2.77851e+23	9.95e-01	5.46e-03	1.04e-07
 2.78596e+23	9.95e-01	5.29e-03	1.05e-07
 2.79350e+23	9.95e-01	5.12e-03	1.05e-07
 2.80112e+23	9.95e-01	4.96e-03	1.05e-07
 2.80881e+23	9.95e-01	4.80e-03	1.06e-07
 2.81660e+23	9.95e-01	4.65e-03	1.06e-07
 2.82447e+23	9.96e-01	4.50e-03	1.06e-07
 2.83247e+23	9.96e-01	4.35e-03	1.07e-07
 2.84060e+23	9.96e-01	4.21e-03	1.07e-07
 2.84891e+23	9.96e-01	4.07e-03	1.08e-07
 2.85743e+23	9.96e-01	3.93e-03	1.09e-07
 2.86612e+23	9.96e-01	3.79e-03	1.09e-07
 2.87497e+23	9.96e-01	3.66e-03	1.10e-07
 2.88396e+23	9.96e-01	3.53e-03	1.11e-07
 2.89313e+23	9.97e-01	3.40e-03	1.12e-07
 2.90246e+23	9.97e-01	3.28e-03	1.13e-07
 2.91199e+23	9.97e-01	3.16e-03	1.14e-07
 2.92175e+23	9.97e-01	3.04e-03	1.15e-07
 2.93175e+23	9.97e-01	2.92e-03	1.16e-07
 2.94198e+23	9.97e-01	2.81e-03	1.18e-07
 2.95245e+23	9.97e-01	2.70e-03	1.19e-07
 2.96317e+23	9.97e-01	2.59e-03	1.21e-07
 2.97414e+23	9.98e-01	2.48e-03	1.23e-07
 2.98543e+23	9.98e-01	2.38e-03	1.25e-07
 2.99696e+23	9.98e-01	2.28e-03	1.27e-07
 3.00859e+23	9.98e-01	2.18e-03	1.30e-07
 3.02032e+23	9.98e-01	2.09e-03	1.33e-07
 3.03219e+23	9.98e-01	2.00e-03	1.36e-07
 3.04419e+23	9.98e-01	1.91e-03	1.39e-07
 3.05631e+23	9.98e-01	1.83e-03	1.43e-07
 3.06855e+23	9.98e-01	1.75e-03	1.47e-07
 3.08019e+23	9.98e-01	1.68e-03	1.52e-07
