#depth	O	O+	O+2	O+3	O+4	O+5	O+6	O+7	O+8	O[1]	O[2]	O[3]
 1.54284e+22	6.85e-15	2.06e-10	2.51e-07	2.85e-05	6.51e-04	4.83e-03	2.05e-01	5.02e-01	2.88e-01	6.85e-15	3.22e-25	3.38e-25
 3.50687e+22	4.71e-14	1.12e-09	1.12e-06	1.05e-04	1.94e-03	1.04e-02	2.97e-01	4.96e-01	1.95e-01	4.71e-14	9.05e-23	1.14e-22
 4.13867e+22	1.05e-13	2.27e-09	2.15e-06	1.89e-04	3.20e-03	1.49e-02	3.49e-01	4.78e-01	1.55e-01	1.05e-13	2.02e-22	2.53e-22
 4.45457e+22	1.49e-13	3.12e-09	2.89e-06	2.50e-04	4.08e-03	1.77e-02	3.75e-01	4.66e-01	1.37e-01	1.49e-13	2.87e-22	3.61e-22
 4.60767e+22	1.73e-13	3.58e-09	3.29e-06	2.82e-04	4.53e-03	1.91e-02	3.87e-01	4.60e-01	1.29e-01	1.73e-13	3.34e-22	4.19e-22
 4.70775e+22	2.02e-13	4.12e-09	3.77e-06	3.20e-04	5.07e-03	2.07e-02	4.00e-01	4.53e-01	1.21e-01	2.02e-13	3.90e-22	4.89e-22
 4.81319e+22	2.34e-13	4.72e-09	4.31e-06	3.64e-04	5.67e-03	2.25e-02	4.13e-01	4.45e-01	1.13e-01	2.34e-13	4.53e-22	5.68e-22
 4.92031e+22	2.70e-13	5.39e-09	4.90e-06	4.12e-04	6.34e-03	2.44e-02	4.26e-01	4.37e-01	1.06e-01	2.70e-13	5.22e-22	6.55e-22
 5.02683e+22	3.08e-13	6.10e-09	5.55e-06	4.64e-04	7.04e-03	2.64e-02	4.39e-01	4.28e-01	9.90e-02	3.08e-13	5.96e-22	7.48e-22
 5.13423e+22	3.51e-13	6.89e-09	6.28e-06	5.24e-04	7.84e-03	2.86e-02	4.51e-01	4.19e-01	9.23e-02	3.51e-13	6.80e-22	8.52e-22
 5.24341e+22	3.97e-13	7.74e-09	7.07e-06	5.89e-04	8.69e-03	3.09e-02	4.64e-01	4.10e-01	8.59e-02	3.97e-13	7.69e-22	9.63e-22
 5.35377e+22	4.47e-13	8.68e-09	7.96e-06	6.63e-04	9.64e-03	3.34e-02	4.76e-01	4.00e-01	7.98e-02	4.47e-13	8.67e-22	1.09e-21
 5.46519e+22	5.00e-13	9.68e-09	8.91e-06	7.42e-04	1.06e-02	3.60e-02	4.88e-01	3.90e-01	7.41e-02	5.00e-13	9.70e-22	1.21e-21
 5.57860e+22	5.59e-13	1.08e-08	1.00e-05	8.33e-04	1.18e-02	3.89e-02	5.00e-01	3.80e-01	6.86e-02	5.59e-13	1.08e-21	1.36e-21
 5.69377e+22	6.20e-13	1.20e-08	1.12e-05	9.31e-04	1.30e-02	4.18e-02	5.11e-01	3.69e-01	6.34e-02	6.20e-13	1.20e-21	1.51e-21
 5.79934e+22	6.75e-13	1.30e-08	1.22e-05	1.02e-03	1.40e-02	4.45e-02	5.21e-01	3.60e-01	5.94e-02	6.75e-13	1.31e-21	1.64e-21
 5.90941e+22	7.45e-13	1.44e-08	1.37e-05	1.15e-03	1.55e-02	4.80e-02	5.32e-01	3.49e-01	5.45e-02	7.45e-13	1.45e-21	1.81e-21
 6.02121e+22	8.09e-13	1.57e-08	1.50e-05	1.26e-03	1.68e-02	5.09e-02	5.40e-01	3.40e-01	5.09e-02	8.09e-13	1.57e-21	1.97e-21
 6.13652e+22	8.93e-13	1.74e-08	1.68e-05	1.41e-03	1.85e-02	5.49e-02	5.51e-01	3.28e-01	4.65e-02	8.93e-13	1.74e-21	2.17e-21
 6.25278e+22	9.63e-13	1.88e-08	1.84e-05	1.55e-03	1.99e-02	5.82e-02	5.59e-01	3.18e-01	4.32e-02	9.63e-13	1.88e-21	2.35e-21
 6.37027e+22	1.05e-12	2.08e-08	2.05e-05	1.74e-03	2.19e-02	6.26e-02	5.68e-01	3.06e-01	3.93e-02	1.05e-12	2.06e-21	2.57e-21
 6.48798e+22	1.14e-12	2.25e-08	2.24e-05	1.90e-03	2.35e-02	6.61e-02	5.75e-01	2.97e-01	3.66e-02	1.14e-12	2.22e-21	2.77e-21
 6.60598e+22	1.24e-12	2.47e-08	2.50e-05	2.12e-03	2.57e-02	7.09e-02	5.83e-01	2.85e-01	3.33e-02	1.24e-12	2.43e-21	3.03e-21
 6.72515e+22	1.34e-12	2.68e-08	2.73e-05	2.31e-03	2.76e-02	7.47e-02	5.89e-01	2.76e-01	3.09e-02	1.34e-12	2.61e-21	3.26e-21
 6.84583e+22	1.46e-12	2.95e-08	3.04e-05	2.59e-03	3.01e-02	7.99e-02	5.95e-01	2.64e-01	2.80e-02	1.46e-12	2.85e-21	3.56e-21
 6.96804e+22	1.57e-12	3.20e-08	3.32e-05	2.83e-03	3.22e-02	8.41e-02	6.00e-01	2.55e-01	2.59e-02	1.57e-12	3.07e-21	3.83e-21
 7.09223e+22	1.71e-12	3.53e-08	3.72e-05	3.16e-03	3.50e-02	8.98e-02	6.06e-01	2.43e-01	2.34e-02	1.71e-12	3.36e-21	4.19e-21
 7.21853e+22	1.85e-12	3.84e-08	4.07e-05	3.46e-03	3.74e-02	9.44e-02	6.09e-01	2.34e-01	2.15e-02	1.85e-12	3.63e-21	4.52e-21
 7.34757e+22	2.02e-12	4.26e-08	4.57e-05	3.87e-03	4.07e-02	1.01e-01	6.13e-01	2.22e-01	1.93e-02	2.02e-12	3.98e-21	4.96e-21
 7.47937e+22	2.19e-12	4.66e-08	5.04e-05	4.25e-03	4.35e-02	1.06e-01	6.15e-01	2.13e-01	1.77e-02	2.19e-12	4.32e-21	5.39e-21
 7.61477e+22	2.42e-12	5.21e-08	5.69e-05	4.77e-03	4.73e-02	1.13e-01	6.18e-01	2.02e-01	1.58e-02	2.42e-12	4.77e-21	5.94e-21
 7.75353e+22	2.64e-12	5.74e-08	6.30e-05	5.25e-03	5.05e-02	1.18e-01	6.19e-01	1.93e-01	1.44e-02	2.64e-12	5.22e-21	6.51e-21
 7.87015e+22	2.85e-12	6.25e-08	6.89e-05	5.70e-03	5.35e-02	1.23e-01	6.19e-01	1.85e-01	1.33e-02	2.85e-12	5.64e-21	7.03e-21
 7.99526e+22	3.13e-12	6.96e-08	7.72e-05	6.34e-03	5.74e-02	1.30e-01	6.19e-01	1.75e-01	1.19e-02	3.13e-12	6.21e-21	7.74e-21
 8.12259e+22	3.42e-12	7.65e-08	8.49e-05	6.90e-03	6.08e-02	1.36e-01	6.18e-01	1.68e-01	1.10e-02	3.42e-12	6.79e-21	8.45e-21
 8.23331e+22	3.68e-12	8.32e-08	9.27e-05	7.47e-03	6.41e-02	1.41e-01	6.16e-01	1.61e-01	1.01e-02	3.68e-12	7.32e-21	9.11e-21
 8.35777e+22	4.05e-12	9.28e-08	1.04e-04	8.28e-03	6.85e-02	1.48e-01	6.14e-01	1.52e-01	9.04e-03	4.05e-12	8.07e-21	1.00e-20
 8.48167e+22	4.44e-12	1.02e-07	1.14e-04	8.95e-03	7.21e-02	1.53e-01	6.12e-01	1.46e-01	8.34e-03	4.44e-12	8.86e-21	1.10e-20
 8.60485e+22	4.90e-12	1.14e-07	1.28e-04	9.89e-03	7.68e-02	1.60e-01	6.08e-01	1.37e-01	7.48e-03	4.90e-12	9.81e-21	1.22e-20
 8.72983e+22	5.40e-12	1.26e-07	1.41e-04	1.07e-02	8.08e-02	1.66e-01	6.04e-01	1.31e-01	6.87e-03	5.40e-12	1.08e-20	1.35e-20
 8.85713e+22	6.03e-12	1.43e-07	1.58e-04	1.19e-02	8.61e-02	1.73e-01	5.99e-01	1.23e-01	6.13e-03	6.03e-12	1.21e-20	1.51e-20
 8.98664e+22	6.71e-12	1.59e-07	1.75e-04	1.29e-02	9.06e-02	1.79e-01	5.94e-01	1.18e-01	5.61e-03	6.71e-12	1.35e-20	1.68e-20
 9.11900e+22	7.55e-12	1.82e-07	1.99e-04	1.43e-02	9.64e-02	1.87e-01	5.87e-01	1.10e-01	4.98e-03	7.55e-12	1.53e-20	1.89e-20
 9.25343e+22	8.48e-12	2.04e-07	2.21e-04	1.55e-02	1.01e-01	1.93e-01	5.81e-01	1.04e-01	4.53e-03	8.48e-12	1.72e-20	2.13e-20
 9.39054e+22	9.65e-12	2.35e-07	2.52e-04	1.72e-02	1.08e-01	2.01e-01	5.73e-01	9.73e-02	4.00e-03	9.65e-12	1.96e-20	2.43e-20
 9.53097e+22	1.09e-11	2.66e-07	2.81e-04	1.88e-02	1.14e-01	2.07e-01	5.65e-01	9.19e-02	3.61e-03	1.09e-11	2.22e-20	2.76e-20
 9.67569e+22	1.27e-11	3.11e-07	3.24e-04	2.09e-02	1.21e-01	2.15e-01	5.55e-01	8.52e-02	3.16e-03	1.27e-11	2.60e-20	3.22e-20
 9.82422e+22	1.45e-11	3.55e-07	3.64e-04	2.29e-02	1.27e-01	2.21e-01	5.45e-01	8.00e-02	2.83e-03	1.45e-11	2.98e-20	3.69e-20
 9.97768e+22	1.72e-11	4.22e-07	4.23e-04	2.56e-02	1.36e-01	2.29e-01	5.33e-01	7.35e-02	2.45e-03	1.72e-11	3.55e-20	4.39e-20
 1.01326e+23	1.99e-11	4.86e-07	4.78e-04	2.80e-02	1.43e-01	2.35e-01	5.22e-01	6.88e-02	2.20e-03	1.99e-11	4.12e-20	5.11e-20
 1.02893e+23	2.38e-11	5.81e-07	5.57e-04	3.14e-02	1.52e-01	2.43e-01	5.08e-01	6.29e-02	1.89e-03	2.38e-11	4.95e-20	6.12e-20
 1.04478e+23	2.79e-11	6.74e-07	6.30e-04	3.43e-02	1.59e-01	2.49e-01	4.97e-01	5.87e-02	1.68e-03	2.79e-11	5.82e-20	7.19e-20
 1.06087e+23	3.37e-11	8.13e-07	7.38e-04	3.84e-02	1.69e-01	2.56e-01	4.81e-01	5.33e-02	1.43e-03	3.37e-11	7.08e-20	8.76e-20
 1.07656e+23	3.94e-11	9.38e-07	8.28e-04	4.16e-02	1.76e-01	2.61e-01	4.69e-01	4.98e-02	1.28e-03	3.94e-11	8.30e-20	1.03e-19
 1.09176e+23	4.75e-11	1.12e-06	9.61e-04	4.61e-02	1.86e-01	2.67e-01	4.53e-01	4.54e-02	1.10e-03	4.75e-11	1.01e-19	1.24e-19
 1.10752e+23	5.64e-11	1.31e-06	1.09e-03	5.03e-02	1.94e-01	2.71e-01	4.40e-01	4.20e-02	9.73e-04	5.64e-11	1.20e-19	1.48e-19
 1.12098e+23	6.53e-11	1.50e-06	1.21e-03	5.41e-02	2.02e-01	2.75e-01	4.28e-01	3.91e-02	8.70e-04	6.53e-11	1.40e-19	1.72e-19
 1.13543e+23	7.88e-11	1.78e-06	1.39e-03	5.94e-02	2.11e-01	2.79e-01	4.12e-01	3.57e-02	7.52e-04	7.88e-11	1.70e-19	2.09e-19
 1.14999e+23	9.21e-11	2.05e-06	1.55e-03	6.39e-02	2.19e-01	2.82e-01	4.00e-01	3.32e-02	6.69e-04	9.21e-11	1.99e-19	2.46e-19
 1.16468e+23	1.12e-10	2.44e-06	1.78e-03	7.00e-02	2.28e-01	2.85e-01	3.84e-01	3.02e-02	5.77e-04	1.12e-10	2.44e-19	3.00e-19
 1.17982e+23	1.32e-10	2.84e-06	2.00e-03	7.56e-02	2.37e-01	2.88e-01	3.70e-01	2.77e-02	5.05e-04	1.32e-10	2.90e-19	3.57e-19
 1.19323e+23	1.56e-10	3.28e-06	2.23e-03	8.12e-02	2.44e-01	2.89e-01	3.57e-01	2.56e-02	4.46e-04	1.56e-10	3.44e-19	4.23e-19
 1.20836e+23	1.92e-10	3.92e-06	2.56e-03	8.86e-02	2.54e-01	2.91e-01	3.40e-01	2.31e-02	3.82e-04	1.92e-10	4.26e-19	5.23e-19
 1.22434e+23	2.32e-10	4.61e-06	2.90e-03	9.59e-02	2.63e-01	2.92e-01	3.25e-01	2.10e-02	3.30e-04	2.32e-10	5.18e-19	6.37e-19
 1.23890e+23	2.77e-10	5.37e-06	3.25e-03	1.03e-01	2.71e-01	2.92e-01	3.11e-01	1.91e-02	2.87e-04	2.77e-10	6.25e-19	7.67e-19
 1.25533e+23	3.49e-10	6.51e-06	3.76e-03	1.13e-01	2.81e-01	2.91e-01	2.94e-01	1.70e-02	2.41e-04	3.49e-10	7.93e-19	9.72e-19
 1.27226e+23	4.27e-10	7.71e-06	4.26e-03	1.22e-01	2.89e-01	2.90e-01	2.79e-01	1.53e-02	2.06e-04	4.27e-10	9.77e-19	1.20e-18
 1.28729e+23	5.15e-10	9.01e-06	4.78e-03	1.30e-01	2.97e-01	2.89e-01	2.65e-01	1.39e-02	1.77e-04	5.15e-10	1.19e-18	1.46e-18
 1.30428e+23	6.55e-10	1.10e-05	5.51e-03	1.42e-01	3.06e-01	2.86e-01	2.48e-01	1.22e-02	1.47e-04	6.55e-10	1.53e-18	1.87e-18
 1.32191e+23	8.11e-10	1.30e-05	6.25e-03	1.53e-01	3.14e-01	2.83e-01	2.33e-01	1.08e-02	1.24e-04	8.11e-10	1.91e-18	2.34e-18
 1.33773e+23	9.93e-10	1.53e-05	7.03e-03	1.64e-01	3.21e-01	2.79e-01	2.19e-01	9.70e-03	1.05e-04	9.93e-10	2.36e-18	2.88e-18
 1.35566e+23	1.29e-09	1.88e-05	8.13e-03	1.78e-01	3.29e-01	2.74e-01	2.02e-01	8.38e-03	8.52e-05	1.29e-09	3.10e-18	3.78e-18
 1.37418e+23	1.61e-09	2.24e-05	9.21e-03	1.91e-01	3.36e-01	2.68e-01	1.88e-01	7.37e-03	7.09e-05	1.61e-09	3.91e-18	4.77e-18
 1.39348e+23	2.12e-09	2.78e-05	1.07e-02	2.08e-01	3.43e-01	2.61e-01	1.72e-01	6.26e-03	5.62e-05	2.12e-09	5.25e-18	6.39e-18
 1.41301e+23	2.67e-09	3.31e-05	1.21e-02	2.22e-01	3.48e-01	2.54e-01	1.59e-01	5.46e-03	4.62e-05	2.67e-09	6.68e-18	8.13e-18
 1.43018e+23	3.33e-09	3.92e-05	1.36e-02	2.36e-01	3.52e-01	2.47e-01	1.47e-01	4.77e-03	3.82e-05	3.33e-09	8.44e-18	1.03e-17
 1.44983e+23	4.45e-09	4.88e-05	1.58e-02	2.55e-01	3.56e-01	2.38e-01	1.32e-01	3.98e-03	2.96e-05	4.45e-09	1.15e-17	1.39e-17
 1.46972e+23	5.59e-09	5.79e-05	1.78e-02	2.70e-01	3.58e-01	2.29e-01	1.21e-01	3.44e-03	2.41e-05	5.59e-09	1.46e-17	1.77e-17
 1.48990e+23	7.46e-09	7.17e-05	2.05e-02	2.90e-01	3.60e-01	2.19e-01	1.08e-01	2.85e-03	1.86e-05	7.46e-09	1.99e-17	2.41e-17
 1.51045e+23	9.49e-09	8.55e-05	2.30e-02	3.07e-01	3.60e-01	2.09e-01	9.78e-02	2.43e-03	1.49e-05	9.49e-09	2.57e-17	3.11e-17
 1.52870e+23	1.20e-08	1.02e-04	2.58e-02	3.24e-01	3.60e-01	2.00e-01	8.85e-02	2.07e-03	1.19e-05	1.20e-08	3.31e-17	4.00e-17
 1.54966e+23	1.62e-08	1.26e-04	2.96e-02	3.45e-01	3.58e-01	1.88e-01	7.78e-02	1.68e-03	9.00e-06	1.62e-08	4.55e-17	5.50e-17
 1.57105e+23	2.07e-08	1.50e-04	3.32e-02	3.63e-01	3.55e-01	1.78e-01	6.96e-02	1.41e-03	7.06e-06	2.07e-08	5.94e-17	7.18e-17
 1.59013e+23	2.64e-08	1.78e-04	3.71e-02	3.80e-01	3.51e-01	1.68e-01	6.22e-02	1.18e-03	5.55e-06	2.64e-08	7.73e-17	9.32e-17
 1.61204e+23	3.58e-08	2.21e-04	4.25e-02	4.01e-01	3.46e-01	1.56e-01	5.37e-02	9.37e-04	4.07e-06	3.58e-08	1.08e-16	1.30e-16
 1.63432e+23	4.59e-08	2.64e-04	4.74e-02	4.19e-01	3.40e-01	1.45e-01	4.75e-02	7.74e-04	3.15e-06	4.59e-08	1.41e-16	1.70e-16
 1.65709e+23	6.30e-08	3.29e-04	5.42e-02	4.40e-01	3.31e-01	1.33e-01	4.04e-02	6.03e-04	2.25e-06	6.30e-08	2.00e-16	2.41e-16
 1.67945e+23	7.96e-08	3.86e-04	5.98e-02	4.56e-01	3.24e-01	1.24e-01	3.57e-02	4.99e-04	1.75e-06	7.96e-08	2.58e-16	3.10e-16
 1.69759e+23	9.82e-08	4.46e-04	6.52e-02	4.69e-01	3.17e-01	1.16e-01	3.18e-02	4.20e-04	1.39e-06	9.82e-08	3.25e-16	3.91e-16
 1.71744e+23	1.28e-07	5.35e-04	7.27e-02	4.85e-01	3.07e-01	1.06e-01	2.74e-02	3.35e-04	1.03e-06	1.28e-07	4.37e-16	5.25e-16
 1.73748e+23	1.58e-07	6.18e-04	7.91e-02	4.98e-01	2.99e-01	9.90e-02	2.43e-02	2.80e-04	8.10e-07	1.58e-07	5.51e-16	6.62e-16
 1.75509e+23	1.96e-07	7.13e-04	8.59e-02	5.09e-01	2.91e-01	9.19e-02	2.15e-02	2.33e-04	6.34e-07	1.96e-07	6.96e-16	8.35e-16
 1.77530e+23	2.55e-07	8.51e-04	9.51e-02	5.23e-01	2.79e-01	8.34e-02	1.84e-02	1.84e-04	4.64e-07	2.55e-07	9.34e-16	1.12e-15
 1.79583e+23	3.16e-07	9.85e-04	1.03e-01	5.33e-01	2.70e-01	7.68e-02	1.61e-02	1.51e-04	3.57e-07	3.16e-07	1.19e-15	1.42e-15
 1.81678e+23	4.11e-07	1.17e-03	1.14e-01	5.44e-01	2.58e-01	6.91e-02	1.36e-02	1.18e-04	2.59e-07	4.11e-07	1.60e-15	1.91e-15
 1.83809e+23	5.14e-07	1.36e-03	1.24e-01	5.53e-01	2.47e-01	6.30e-02	1.18e-02	9.52e-05	1.96e-07	5.14e-07	2.05e-15	2.45e-15
 1.85665e+23	6.30e-07	1.56e-03	1.33e-01	5.60e-01	2.38e-01	5.78e-02	1.03e-02	7.81e-05	1.51e-07	6.30e-07	2.57e-15	3.07e-15
 1.87757e+23	8.21e-07	1.86e-03	1.46e-01	5.67e-01	2.25e-01	5.14e-02	8.62e-03	6.01e-05	0.00e+00	8.21e-07	3.47e-15	4.14e-15
 1.89707e+23	9.79e-07	2.08e-03	1.55e-01	5.71e-01	2.16e-01	4.75e-02	7.63e-03	5.03e-05	0.00e+00	9.79e-07	4.23e-15	5.04e-15
 1.91471e+23	1.21e-06	2.39e-03	1.67e-01	5.75e-01	2.06e-01	4.30e-02	6.57e-03	4.05e-05	0.00e+00	1.21e-06	5.38e-15	6.41e-15
 1.93287e+23	1.45e-06	2.70e-03	1.78e-01	5.78e-01	1.97e-01	3.94e-02	5.77e-03	3.34e-05	0.00e+00	1.45e-06	6.62e-15	7.87e-15
 1.94901e+23	1.72e-06	3.01e-03	1.88e-01	5.79e-01	1.89e-01	3.62e-02	5.09e-03	2.79e-05	0.00e+00	1.72e-06	8.04e-15	9.55e-15
 1.96731e+23	2.13e-06	3.46e-03	2.01e-01	5.80e-01	1.78e-01	3.25e-02	4.34e-03	2.22e-05	0.00e+00	2.13e-06	1.03e-14	1.22e-14
 1.98595e+23	2.55e-06	3.89e-03	2.14e-01	5.79e-01	1.70e-01	2.96e-02	3.79e-03	1.82e-05	0.00e+00	2.55e-06	1.26e-14	1.50e-14
 2.00234e+23	3.02e-06	4.35e-03	2.25e-01	5.78e-01	1.62e-01	2.70e-02	3.32e-03	1.50e-05	0.00e+00	3.02e-06	1.54e-14	1.82e-14
 2.02097e+23	3.76e-06	5.01e-03	2.41e-01	5.75e-01	1.52e-01	2.39e-02	2.80e-03	1.17e-05	0.00e+00	3.76e-06	1.98e-14	2.35e-14
 2.03980e+23	4.45e-06	5.59e-03	2.54e-01	5.72e-01	1.44e-01	2.17e-02	2.44e-03	9.62e-06	0.00e+00	4.45e-06	2.42e-14	2.86e-14
 2.05888e+23	5.51e-06	6.42e-03	2.71e-01	5.67e-01	1.35e-01	1.92e-02	2.04e-03	7.48e-06	0.00e+00	5.51e-06	3.11e-14	3.67e-14
 2.07827e+23	6.60e-06	7.20e-03	2.86e-01	5.61e-01	1.27e-01	1.73e-02	1.76e-03	6.01e-06	0.00e+00	6.60e-06	3.83e-14	4.52e-14
 2.09524e+23	7.79e-06	8.01e-03	3.00e-01	5.56e-01	1.20e-01	1.56e-02	1.53e-03	4.91e-06	0.00e+00	7.79e-06	4.65e-14	5.49e-14
 2.11451e+23	9.57e-06	9.14e-03	3.18e-01	5.47e-01	1.11e-01	1.37e-02	1.28e-03	3.80e-06	0.00e+00	9.57e-06	5.94e-14	7.00e-14
 2.13446e+23	1.15e-05	1.03e-02	3.34e-01	5.38e-01	1.04e-01	1.22e-02	1.08e-03	3.01e-06	0.00e+00	1.15e-05	7.38e-14	8.71e-14
 2.15210e+23	1.36e-05	1.14e-02	3.50e-01	5.30e-01	9.73e-02	1.09e-02	9.31e-04	2.42e-06	0.00e+00	1.36e-05	8.99e-14	1.06e-13
 2.17183e+23	1.67e-05	1.30e-02	3.69e-01	5.18e-01	8.96e-02	9.49e-03	7.69e-04	1.84e-06	0.00e+00	1.67e-05	1.15e-13	1.36e-13
 2.19225e+23	2.00e-05	1.46e-02	3.87e-01	5.06e-01	8.32e-02	8.38e-03	6.49e-04	1.45e-06	0.00e+00	2.00e-05	1.43e-13	1.68e-13
 2.21357e+23	2.49e-05	1.68e-02	4.09e-01	4.91e-01	7.57e-02	7.16e-03	5.25e-04	1.07e-06	0.00e+00	2.49e-05	1.86e-13	2.19e-13
 2.23515e+23	2.99e-05	1.88e-02	4.27e-01	4.78e-01	6.97e-02	6.26e-03	4.38e-04	8.30e-07	0.00e+00	2.99e-05	2.31e-13	2.72e-13
 2.25420e+23	3.55e-05	2.10e-02	4.45e-01	4.64e-01	6.43e-02	5.49e-03	3.67e-04	6.46e-07	0.00e+00	3.55e-05	2.85e-13	3.36e-13
 2.27611e+23	4.41e-05	2.40e-02	4.67e-01	4.46e-01	5.79e-02	4.63e-03	2.93e-04	4.70e-07	0.00e+00	4.41e-05	3.71e-13	4.38e-13
 2.29860e+23	5.30e-05	2.69e-02	4.86e-01	4.30e-01	5.28e-02	4.00e-03	2.41e-04	3.57e-07	0.00e+00	5.30e-05	4.63e-13	5.46e-13
 2.31869e+23	6.30e-05	3.00e-02	5.04e-01	4.14e-01	4.82e-02	3.46e-03	1.99e-04	2.73e-07	0.00e+00	6.30e-05	5.72e-13	6.76e-13
 2.33590e+23	7.15e-05	3.25e-02	5.18e-01	4.02e-01	4.49e-02	3.10e-03	1.73e-04	2.23e-07	0.00e+00	7.15e-05	6.68e-13	7.89e-13
 2.35251e+23	8.38e-05	3.58e-02	5.34e-01	3.86e-01	4.12e-02	2.70e-03	1.45e-04	1.73e-07	0.00e+00	8.38e-05	8.13e-13	9.60e-13
 2.36948e+23	9.54e-05	3.88e-02	5.47e-01	3.73e-01	3.82e-02	2.40e-03	1.24e-04	1.40e-07	0.00e+00	9.54e-05	9.53e-13	1.13e-12
 2.38691e+23	1.12e-04	4.28e-02	5.63e-01	3.57e-01	3.48e-02	2.08e-03	1.03e-04	0.00e+00	0.00e+00	1.12e-04	1.16e-12	1.37e-12
 2.40467e+23	1.28e-04	4.65e-02	5.76e-01	3.43e-01	3.20e-02	1.83e-03	8.73e-05	0.00e+00	0.00e+00	1.28e-04	1.38e-12	1.63e-12
 2.42019e+23	1.45e-04	5.02e-02	5.88e-01	3.30e-01	2.95e-02	1.62e-03	7.47e-05	0.00e+00	0.00e+00	1.45e-04	1.61e-12	1.90e-12
 2.43773e+23	1.70e-04	5.52e-02	6.03e-01	3.14e-01	2.67e-02	1.39e-03	6.15e-05	0.00e+00	0.00e+00	1.70e-04	1.96e-12	2.31e-12
 2.45587e+23	1.94e-04	5.99e-02	6.15e-01	3.00e-01	2.44e-02	1.22e-03	5.17e-05	0.00e+00	0.00e+00	1.94e-04	2.32e-12	2.74e-12
 2.47214e+23	2.22e-04	6.49e-02	6.26e-01	2.86e-01	2.24e-02	1.06e-03	4.37e-05	0.00e+00	0.00e+00	2.22e-04	2.74e-12	3.23e-12
 2.49063e+23	2.61e-04	7.17e-02	6.39e-01	2.69e-01	1.99e-02	8.96e-04	3.51e-05	0.00e+00	0.00e+00	2.61e-04	3.37e-12	3.98e-12
 2.50942e+23	2.98e-04	7.76e-02	6.48e-01	2.55e-01	1.81e-02	7.78e-04	2.94e-05	0.00e+00	0.00e+00	2.98e-04	3.98e-12	4.69e-12
 2.52858e+23	3.51e-04	8.57e-02	6.59e-01	2.38e-01	1.61e-02	6.49e-04	2.34e-05	0.00e+00	0.00e+00	3.51e-04	4.91e-12	5.80e-12
 2.54816e+23	4.02e-04	9.29e-02	6.68e-01	2.24e-01	1.44e-02	5.55e-04	1.93e-05	0.00e+00	0.00e+00	4.02e-04	5.85e-12	6.90e-12
 2.56829e+23	4.75e-04	1.03e-01	6.77e-01	2.07e-01	1.27e-02	4.58e-04	1.52e-05	0.00e+00	0.00e+00	4.75e-04	7.25e-12	8.55e-12
 2.58901e+23	5.48e-04	1.12e-01	6.83e-01	1.93e-01	1.13e-02	3.86e-04	1.23e-05	0.00e+00	0.00e+00	5.48e-04	8.71e-12	1.03e-11
 2.60755e+23	6.27e-04	1.21e-01	6.88e-01	1.80e-01	1.01e-02	3.27e-04	9.99e-06	0.00e+00	0.00e+00	6.27e-04	1.04e-11	1.22e-11
 2.62868e+23	7.41e-04	1.33e-01	6.92e-01	1.65e-01	8.71e-03	2.64e-04	7.71e-06	0.00e+00	0.00e+00	7.41e-04	1.29e-11	1.52e-11
 2.65049e+23	8.55e-04	1.45e-01	6.95e-01	1.52e-01	7.65e-03	2.19e-04	6.13e-06	0.00e+00	0.00e+00	8.55e-04	1.56e-11	1.84e-11
 2.67009e+23	9.82e-04	1.57e-01	6.96e-01	1.40e-01	6.73e-03	1.82e-04	4.89e-06	0.00e+00	0.00e+00	9.82e-04	1.87e-11	2.20e-11
 2.69248e+23	1.17e-03	1.73e-01	6.95e-01	1.25e-01	5.71e-03	1.43e-04	3.66e-06	0.00e+00	0.00e+00	1.17e-03	2.35e-11	2.77e-11
 2.71527e+23	1.34e-03	1.87e-01	6.92e-01	1.14e-01	4.97e-03	1.18e-04	2.88e-06	0.00e+00	0.00e+00	1.34e-03	2.82e-11	3.33e-11
 2.73856e+23	1.60e-03	2.07e-01	6.87e-01	1.01e-01	4.17e-03	9.10e-05	2.12e-06	0.00e+00	0.00e+00	1.60e-03	3.55e-11	4.18e-11
 2.76231e+23	1.83e-03	2.23e-01	6.80e-01	9.11e-02	3.59e-03	7.35e-05	1.65e-06	0.00e+00	0.00e+00	1.83e-03	4.26e-11	5.02e-11
 2.78666e+23	2.18e-03	2.46e-01	6.69e-01	7.95e-02	2.97e-03	5.58e-05	1.19e-06	0.00e+00	0.00e+00	2.18e-03	5.38e-11	6.35e-11
 2.81152e+23	2.51e-03	2.65e-01	6.59e-01	7.07e-02	2.53e-03	4.43e-05	9.07e-07	0.00e+00	0.00e+00	2.51e-03	6.49e-11	7.65e-11
 2.83707e+23	3.00e-03	2.92e-01	6.42e-01	6.05e-02	2.05e-03	3.27e-05	6.38e-07	0.00e+00	0.00e+00	3.00e-03	8.25e-11	9.74e-11
 2.86315e+23	3.45e-03	3.14e-01	6.27e-01	5.31e-02	1.73e-03	2.55e-05	4.79e-07	0.00e+00	0.00e+00	3.45e-03	9.96e-11	1.18e-10
 2.88991e+23	4.13e-03	3.45e-01	6.05e-01	4.45e-02	1.38e-03	1.83e-05	3.29e-07	0.00e+00	0.00e+00	4.13e-03	1.27e-10	1.50e-10
 2.91757e+23	4.76e-03	3.71e-01	5.84e-01	3.83e-02	1.15e-03	1.39e-05	2.41e-07	0.00e+00	0.00e+00	4.76e-03	1.55e-10	1.83e-10
 2.94553e+23	5.68e-03	4.06e-01	5.56e-01	3.15e-02	9.02e-04	9.81e-06	1.63e-07	0.00e+00	0.00e+00	5.68e-03	1.97e-10	2.33e-10
 2.97460e+23	6.57e-03	4.36e-01	5.30e-01	2.65e-02	7.33e-04	7.20e-06	0.00e+00	0.00e+00	0.00e+00	6.57e-03	2.42e-10	2.86e-10
 3.00368e+23	7.79e-03	4.73e-01	4.98e-01	2.14e-02	5.73e-04	4.97e-06	0.00e+00	0.00e+00	0.00e+00	7.79e-03	3.06e-10	3.62e-10
 3.03426e+23	9.14e-03	5.09e-01	4.64e-01	1.72e-02	4.49e-04	3.44e-06	0.00e+00	0.00e+00	0.00e+00	9.14e-03	3.83e-10	4.54e-10
 3.06484e+23	1.07e-02	5.47e-01	4.28e-01	1.36e-02	3.48e-04	2.33e-06	0.00e+00	0.00e+00	0.00e+00	1.07e-02	4.80e-10	5.70e-10
 3.08297e+23	1.12e-02	5.63e-01	4.13e-01	1.27e-02	3.23e-04	2.12e-06	0.00e+00	0.00e+00	0.00e+00	1.12e-02	5.07e-10	6.02e-10
