#depth	Ne	Ne+	Ne+2	Ne+3	Ne+4	Ne+5	Ne+6	Ne+7	Ne+8	Ne+9	Ne+10
 4.62852e+21	3.34e-15	1.89e-10	4.70e-07	1.08e-04	7.14e-03	8.18e-02	1.79e-01	1.73e-01	4.55e-01	9.79e-02	5.71e-03
 1.02877e+22	4.72e-15	4.26e-10	1.39e-06	3.20e-04	1.79e-02	1.57e-01	2.49e-01	1.96e-01	3.33e-01	4.50e-02	1.66e-03
 1.18209e+22	6.80e-15	7.32e-10	2.57e-06	5.58e-04	2.74e-02	2.04e-01	2.72e-01	1.94e-01	2.71e-01	2.97e-02	8.86e-04
 1.25749e+22	8.67e-15	9.94e-10	3.55e-06	7.38e-04	3.35e-02	2.30e-01	2.80e-01	1.90e-01	2.41e-01	2.38e-02	6.42e-04
 1.29265e+22	9.67e-15	1.13e-09	4.05e-06	8.25e-04	3.63e-02	2.40e-01	2.83e-01	1.88e-01	2.30e-01	2.18e-02	5.64e-04
 1.31571e+22	1.12e-14	1.34e-09	4.80e-06	9.52e-04	4.01e-02	2.54e-01	2.85e-01	1.85e-01	2.15e-01	1.94e-02	4.76e-04
 1.34068e+22	1.30e-14	1.58e-09	5.62e-06	1.08e-03	4.39e-02	2.66e-01	2.87e-01	1.81e-01	2.03e-01	1.74e-02	4.07e-04
 1.36815e+22	1.58e-14	1.95e-09	6.91e-06	1.28e-03	4.93e-02	2.83e-01	2.88e-01	1.76e-01	1.86e-01	1.50e-02	3.30e-04
 1.39380e+22	1.82e-14	2.26e-09	7.90e-06	1.43e-03	5.30e-02	2.94e-01	2.89e-01	1.73e-01	1.76e-01	1.37e-02	2.89e-04
 1.41709e+22	2.20e-14	2.73e-09	9.42e-06	1.64e-03	5.82e-02	3.08e-01	2.89e-01	1.68e-01	1.64e-01	1.20e-02	2.42e-04
 1.44021e+22	2.55e-14	3.16e-09	1.07e-05	1.82e-03	6.22e-02	3.18e-01	2.88e-01	1.64e-01	1.55e-01	1.09e-02	2.12e-04
 1.46312e+22	3.10e-14	3.83e-09	1.28e-05	2.09e-03	6.81e-02	3.32e-01	2.87e-01	1.58e-01	1.43e-01	9.60e-03	1.77e-04
 1.48612e+22	3.64e-14	4.44e-09	1.46e-05	2.31e-03	7.27e-02	3.42e-01	2.85e-01	1.54e-01	1.35e-01	8.71e-03	1.54e-04
 1.50922e+22	4.48e-14	5.41e-09	1.73e-05	2.64e-03	7.91e-02	3.56e-01	2.82e-01	1.48e-01	1.24e-01	7.63e-03	1.29e-04
 1.53279e+22	5.34e-14	6.34e-09	1.98e-05	2.92e-03	8.44e-02	3.66e-01	2.80e-01	1.43e-01	1.16e-01	6.87e-03	1.11e-04
 1.55695e+22	6.72e-14	7.82e-09	2.38e-05	3.35e-03	9.19e-02	3.79e-01	2.76e-01	1.37e-01	1.06e-01	5.96e-03	9.16e-05
 1.58141e+22	8.08e-14	9.21e-09	2.73e-05	3.71e-03	9.79e-02	3.89e-01	2.73e-01	1.32e-01	9.91e-02	5.33e-03	7.88e-05
 1.60626e+22	1.03e-13	1.14e-08	3.27e-05	4.24e-03	1.06e-01	4.01e-01	2.68e-01	1.26e-01	9.00e-02	4.59e-03	6.44e-05
 1.63165e+22	1.26e-13	1.36e-08	3.77e-05	4.70e-03	1.13e-01	4.11e-01	2.63e-01	1.20e-01	8.34e-02	4.09e-03	5.49e-05
 1.65773e+22	1.64e-13	1.71e-08	4.55e-05	5.39e-03	1.23e-01	4.23e-01	2.57e-01	1.14e-01	7.52e-02	3.48e-03	4.42e-05
 1.68434e+22	2.02e-13	2.04e-08	5.25e-05	5.98e-03	1.31e-01	4.31e-01	2.52e-01	1.08e-01	6.92e-02	3.07e-03	3.74e-05
 1.71165e+22	2.67e-13	2.59e-08	6.37e-05	6.86e-03	1.41e-01	4.42e-01	2.44e-01	1.01e-01	6.18e-02	2.58e-03	2.97e-05
 1.73959e+22	3.35e-13	3.13e-08	7.40e-05	7.63e-03	1.50e-01	4.50e-01	2.38e-01	9.60e-02	5.64e-02	2.25e-03	2.48e-05
 1.76837e+22	4.50e-13	4.00e-08	9.01e-05	8.76e-03	1.62e-01	4.59e-01	2.29e-01	8.91e-02	4.99e-02	1.88e-03	1.95e-05
 1.79747e+22	5.66e-13	4.84e-08	1.05e-04	9.72e-03	1.72e-01	4.65e-01	2.22e-01	8.39e-02	4.53e-02	1.63e-03	1.61e-05
 1.82699e+22	7.67e-13	6.22e-08	1.27e-04	1.11e-02	1.85e-01	4.72e-01	2.13e-01	7.74e-02	3.98e-02	1.35e-03	1.25e-05
 1.85685e+22	9.68e-13	7.53e-08	1.48e-04	1.23e-02	1.96e-01	4.77e-01	2.05e-01	7.25e-02	3.60e-02	1.16e-03	1.03e-05
 1.88715e+22	1.32e-12	9.71e-08	1.80e-04	1.41e-02	2.10e-01	4.82e-01	1.95e-01	6.64e-02	3.14e-02	9.51e-04	7.95e-06
 1.91673e+22	1.64e-12	1.16e-07	2.06e-04	1.54e-02	2.20e-01	4.84e-01	1.88e-01	6.23e-02	2.85e-02	8.26e-04	6.61e-06
 1.94536e+22	2.20e-12	1.47e-07	2.47e-04	1.74e-02	2.35e-01	4.86e-01	1.79e-01	5.70e-02	2.49e-02	6.81e-04	5.15e-06
 1.97501e+22	2.77e-12	1.77e-07	2.84e-04	1.91e-02	2.46e-01	4.87e-01	1.71e-01	5.31e-02	2.24e-02	5.84e-04	4.21e-06
 2.00035e+22	3.41e-12	2.09e-07	3.23e-04	2.08e-02	2.56e-01	4.88e-01	1.64e-01	4.97e-02	2.03e-02	5.08e-04	3.51e-06
 2.02764e+22	4.48e-12	2.60e-07	3.80e-04	2.32e-02	2.70e-01	4.87e-01	1.56e-01	4.55e-02	1.78e-02	4.22e-04	2.76e-06
 2.05495e+22	5.52e-12	3.07e-07	4.31e-04	2.52e-02	2.81e-01	4.86e-01	1.49e-01	4.25e-02	1.61e-02	3.65e-04	2.29e-06
 2.08227e+22	7.13e-12	3.77e-07	5.03e-04	2.78e-02	2.94e-01	4.83e-01	1.41e-01	3.89e-02	1.42e-02	3.05e-04	1.82e-06
 2.11069e+22	9.02e-12	4.54e-07	5.78e-04	3.04e-02	3.06e-01	4.80e-01	1.34e-01	3.59e-02	1.26e-02	2.59e-04	1.47e-06
 2.13606e+22	1.11e-11	5.35e-07	6.53e-04	3.29e-02	3.17e-01	4.77e-01	1.28e-01	3.34e-02	1.13e-02	2.23e-04	1.21e-06
 2.16461e+22	1.44e-11	6.59e-07	7.63e-04	3.62e-02	3.31e-01	4.72e-01	1.20e-01	3.03e-02	9.90e-03	1.84e-04	9.51e-07
 2.19462e+22	1.84e-11	7.97e-07	8.78e-04	3.96e-02	3.44e-01	4.66e-01	1.13e-01	2.78e-02	8.73e-03	1.55e-04	7.58e-07
 2.22190e+22	2.30e-11	9.50e-07	9.99e-04	4.29e-02	3.56e-01	4.60e-01	1.07e-01	2.56e-02	7.75e-03	1.31e-04	6.13e-07
 2.25273e+22	3.04e-11	1.18e-06	1.17e-03	4.74e-02	3.70e-01	4.52e-01	9.90e-02	2.30e-02	6.66e-03	1.06e-04	4.69e-07
 2.28446e+22	3.88e-11	1.43e-06	1.35e-03	5.17e-02	3.83e-01	4.45e-01	9.26e-02	2.09e-02	5.82e-03	8.81e-05	3.69e-07
 2.31265e+22	4.86e-11	1.71e-06	1.54e-03	5.60e-02	3.95e-01	4.37e-01	8.69e-02	1.91e-02	5.13e-03	7.39e-05	2.96e-07
 2.34456e+22	6.45e-11	2.14e-06	1.81e-03	6.17e-02	4.09e-01	4.26e-01	8.00e-02	1.70e-02	4.37e-03	5.93e-05	2.23e-07
 2.37762e+22	8.29e-11	2.60e-06	2.08e-03	6.71e-02	4.21e-01	4.16e-01	7.42e-02	1.53e-02	3.78e-03	4.86e-05	1.73e-07
 2.40726e+22	1.05e-10	3.11e-06	2.37e-03	7.25e-02	4.33e-01	4.06e-01	6.91e-02	1.39e-02	3.30e-03	4.03e-05	1.37e-07
 2.44089e+22	1.41e-10	3.92e-06	2.80e-03	7.99e-02	4.46e-01	3.93e-01	6.28e-02	1.22e-02	2.77e-03	3.16e-05	0.00e+00
 2.47557e+22	1.81e-10	4.76e-06	3.22e-03	8.67e-02	4.57e-01	3.81e-01	5.79e-02	1.10e-02	2.38e-03	2.57e-05	0.00e+00
 2.51161e+22	2.47e-10	6.05e-06	3.82e-03	9.57e-02	4.71e-01	3.66e-01	5.20e-02	9.54e-03	1.96e-03	1.97e-05	0.00e+00
 2.54805e+22	3.18e-10	7.36e-06	4.39e-03	1.04e-01	4.81e-01	3.54e-01	4.76e-02	8.50e-03	1.67e-03	1.59e-05	0.00e+00
 2.58013e+22	4.07e-10	8.90e-06	5.02e-03	1.12e-01	4.90e-01	3.41e-01	4.36e-02	7.59e-03	1.43e-03	1.28e-05	0.00e+00
 2.61695e+22	5.58e-10	1.13e-05	5.95e-03	1.23e-01	5.00e-01	3.24e-01	3.88e-02	6.54e-03	1.16e-03	9.73e-06	0.00e+00
 2.65417e+22	7.20e-10	1.38e-05	6.83e-03	1.32e-01	5.08e-01	3.11e-01	3.52e-02	5.78e-03	9.82e-04	7.74e-06	0.00e+00
 2.69190e+22	9.82e-10	1.75e-05	8.06e-03	1.45e-01	5.16e-01	2.94e-01	3.11e-02	4.96e-03	7.96e-04	5.83e-06	0.00e+00
 2.73021e+22	1.27e-09	2.13e-05	9.24e-03	1.56e-01	5.22e-01	2.80e-01	2.80e-02	4.36e-03	6.66e-04	4.59e-06	0.00e+00
 2.76928e+22	1.76e-09	2.72e-05	1.10e-02	1.70e-01	5.28e-01	2.62e-01	2.45e-02	3.70e-03	5.31e-04	3.39e-06	0.00e+00
 2.80874e+22	2.27e-09	3.30e-05	1.25e-02	1.82e-01	5.31e-01	2.48e-01	2.19e-02	3.23e-03	4.42e-04	2.65e-06	0.00e+00
 2.84871e+22	3.15e-09	4.22e-05	1.49e-02	1.98e-01	5.34e-01	2.31e-01	1.89e-02	2.71e-03	3.48e-04	1.92e-06	0.00e+00
 2.88905e+22	4.06e-09	5.12e-05	1.69e-02	2.12e-01	5.35e-01	2.17e-01	1.68e-02	2.36e-03	2.87e-04	1.49e-06	0.00e+00
 2.92987e+22	5.63e-09	6.55e-05	2.00e-02	2.29e-01	5.34e-01	2.00e-01	1.44e-02	1.97e-03	2.24e-04	1.07e-06	0.00e+00
 2.97125e+22	7.30e-09	7.95e-05	2.28e-02	2.44e-01	5.32e-01	1.87e-01	1.27e-02	1.70e-03	1.83e-04	8.18e-07	0.00e+00
 3.00711e+22	9.30e-09	9.53e-05	2.58e-02	2.58e-01	5.28e-01	1.75e-01	1.13e-02	1.47e-03	1.51e-04	6.34e-07	0.00e+00
 3.04748e+22	1.27e-08	1.21e-04	3.02e-02	2.77e-01	5.22e-01	1.59e-01	9.58e-03	1.22e-03	1.17e-04	4.52e-07	0.00e+00
 3.08601e+22	1.57e-08	1.41e-04	3.35e-02	2.90e-01	5.17e-01	1.49e-01	8.56e-03	1.07e-03	9.78e-05	3.59e-07	0.00e+00
 3.12218e+22	2.09e-08	1.74e-04	3.84e-02	3.08e-01	5.09e-01	1.37e-01	7.35e-03	9.00e-04	7.71e-05	2.62e-07	0.00e+00
 3.15830e+22	2.57e-08	2.03e-04	4.25e-02	3.21e-01	5.01e-01	1.28e-01	6.54e-03	7.88e-04	6.44e-05	2.07e-07	0.00e+00
 3.19437e+22	3.34e-08	2.46e-04	4.82e-02	3.38e-01	4.91e-01	1.17e-01	5.64e-03	6.65e-04	5.12e-05	1.53e-07	0.00e+00
 3.23181e+22	4.22e-08	2.92e-04	5.39e-02	3.53e-01	4.81e-01	1.07e-01	4.91e-03	5.69e-04	4.14e-05	0.00e+00	0.00e+00
 3.26544e+22	5.22e-08	3.41e-04	5.96e-02	3.66e-01	4.70e-01	9.90e-02	4.33e-03	4.92e-04	3.41e-05	0.00e+00	0.00e+00
 3.30359e+22	6.85e-08	4.16e-04	6.77e-02	3.83e-01	4.55e-01	8.91e-02	3.66e-03	4.07e-04	2.64e-05	0.00e+00	0.00e+00
 3.34233e+22	8.58e-08	4.90e-04	7.51e-02	3.97e-01	4.42e-01	8.13e-02	3.17e-03	3.47e-04	2.13e-05	0.00e+00	0.00e+00
 3.37666e+22	1.06e-07	5.71e-04	8.28e-02	4.10e-01	4.29e-01	7.43e-02	2.77e-03	2.97e-04	1.73e-05	0.00e+00	0.00e+00
 3.41614e+22	1.39e-07	6.95e-04	9.36e-02	4.26e-01	4.11e-01	6.60e-02	2.31e-03	2.42e-04	1.32e-05	0.00e+00	0.00e+00
 3.45271e+22	1.67e-07	7.93e-04	1.02e-01	4.36e-01	3.99e-01	6.07e-02	2.04e-03	2.10e-04	1.09e-05	0.00e+00	0.00e+00
 3.48552e+22	2.08e-07	9.26e-04	1.12e-01	4.48e-01	3.83e-01	5.47e-02	1.75e-03	1.77e-04	8.70e-06	0.00e+00	0.00e+00
 3.51910e+22	2.50e-07	1.06e-03	1.21e-01	4.57e-01	3.69e-01	5.00e-02	1.53e-03	1.52e-04	7.14e-06	0.00e+00	0.00e+00
 3.54885e+22	2.96e-07	1.19e-03	1.31e-01	4.65e-01	3.56e-01	4.58e-02	1.35e-03	1.32e-04	5.92e-06	0.00e+00	0.00e+00
 3.58270e+22	3.68e-07	1.39e-03	1.43e-01	4.74e-01	3.39e-01	4.09e-02	1.15e-03	1.10e-04	4.66e-06	0.00e+00	0.00e+00
 3.61712e+22	4.41e-07	1.58e-03	1.55e-01	4.81e-01	3.24e-01	3.71e-02	1.00e-03	9.40e-05	3.79e-06	0.00e+00	0.00e+00
 3.64740e+22	5.24e-07	1.79e-03	1.66e-01	4.87e-01	3.10e-01	3.37e-02	8.75e-04	8.07e-05	3.10e-06	0.00e+00	0.00e+00
 3.68192e+22	6.48e-07	2.07e-03	1.82e-01	4.93e-01	2.93e-01	2.97e-02	7.38e-04	6.64e-05	2.41e-06	0.00e+00	0.00e+00
 3.71700e+22	7.75e-07	2.35e-03	1.95e-01	4.97e-01	2.78e-01	2.67e-02	6.37e-04	5.61e-05	1.94e-06	0.00e+00	0.00e+00
 3.74800e+22	9.16e-07	2.64e-03	2.09e-01	5.00e-01	2.64e-01	2.40e-02	5.53e-04	4.77e-05	1.58e-06	0.00e+00	0.00e+00
 3.78346e+22	1.13e-06	3.06e-03	2.27e-01	5.03e-01	2.46e-01	2.10e-02	4.60e-04	3.87e-05	1.21e-06	0.00e+00	0.00e+00
 3.81946e+22	1.35e-06	3.45e-03	2.43e-01	5.03e-01	2.32e-01	1.86e-02	3.94e-04	3.24e-05	9.60e-07	0.00e+00	0.00e+00
 3.85134e+22	1.59e-06	3.87e-03	2.59e-01	5.03e-01	2.18e-01	1.66e-02	3.39e-04	2.72e-05	7.69e-07	0.00e+00	0.00e+00
 3.88796e+22	1.96e-06	4.46e-03	2.80e-01	5.01e-01	2.01e-01	1.43e-02	2.79e-04	2.17e-05	5.78e-07	0.00e+00	0.00e+00
 3.92517e+22	2.33e-06	5.01e-03	2.98e-01	4.98e-01	1.87e-01	1.26e-02	2.36e-04	1.79e-05	4.54e-07	0.00e+00	0.00e+00
 3.96315e+22	2.86e-06	5.76e-03	3.20e-01	4.92e-01	1.71e-01	1.07e-02	1.93e-04	1.41e-05	3.37e-07	0.00e+00	0.00e+00
 4.00200e+22	3.43e-06	6.50e-03	3.41e-01	4.86e-01	1.57e-01	9.25e-03	1.60e-04	1.14e-05	2.58e-07	0.00e+00	0.00e+00
 4.03613e+22	4.03e-06	7.24e-03	3.60e-01	4.79e-01	1.45e-01	8.07e-03	1.35e-04	9.31e-06	2.02e-07	0.00e+00	0.00e+00
 4.07465e+22	4.94e-06	8.29e-03	3.85e-01	4.69e-01	1.31e-01	6.76e-03	1.09e-04	7.19e-06	1.47e-07	0.00e+00	0.00e+00
 4.11453e+22	5.87e-06	9.28e-03	4.07e-01	4.59e-01	1.19e-01	5.78e-03	8.96e-05	5.74e-06	0.00e+00	0.00e+00	0.00e+00
 4.13738e+22	6.13e-06	9.56e-03	4.13e-01	4.56e-01	1.16e-01	5.55e-03	8.52e-05	5.40e-06	0.00e+00	0.00e+00	0.00e+00
 4.14580e+22	6.34e-06	9.78e-03	4.17e-01	4.53e-01	1.14e-01	5.37e-03	8.19e-05	5.15e-06	0.00e+00	0.00e+00	0.00e+00
 4.15423e+22	6.66e-06	1.01e-02	4.23e-01	4.50e-01	1.11e-01	5.14e-03	7.75e-05	4.83e-06	0.00e+00	0.00e+00	0.00e+00
 4.16518e+22	6.99e-06	1.04e-02	4.30e-01	4.47e-01	1.08e-01	4.90e-03	7.32e-05	4.51e-06	0.00e+00	0.00e+00	0.00e+00
 4.17942e+22	7.53e-06	1.09e-02	4.40e-01	4.41e-01	1.03e-01	4.56e-03	6.71e-05	4.07e-06	0.00e+00	0.00e+00	0.00e+00
 4.19794e+22	8.26e-06	1.16e-02	4.52e-01	4.34e-01	9.74e-02	4.16e-03	6.02e-05	3.57e-06	0.00e+00	0.00e+00	0.00e+00
 4.22201e+22	9.30e-06	1.25e-02	4.68e-01	4.25e-01	9.04e-02	3.70e-03	5.22e-05	3.01e-06	0.00e+00	0.00e+00	0.00e+00
 4.25330e+22	1.09e-05	1.39e-02	4.90e-01	4.11e-01	8.14e-02	3.13e-03	4.28e-05	2.37e-06	0.00e+00	0.00e+00	0.00e+00
 4.28400e+22	1.23e-05	1.49e-02	5.06e-01	4.01e-01	7.54e-02	2.77e-03	3.70e-05	2.00e-06	0.00e+00	0.00e+00	0.00e+00
 4.31393e+22	1.41e-05	1.63e-02	5.25e-01	3.88e-01	6.83e-02	2.38e-03	3.09e-05	1.61e-06	0.00e+00	0.00e+00	0.00e+00
 4.34508e+22	1.60e-05	1.76e-02	5.42e-01	3.76e-01	6.23e-02	2.07e-03	2.62e-05	1.32e-06	0.00e+00	0.00e+00	0.00e+00
 4.37325e+22	1.79e-05	1.90e-02	5.58e-01	3.64e-01	5.71e-02	1.81e-03	2.24e-05	1.09e-06	0.00e+00	0.00e+00	0.00e+00
 4.40531e+22	2.07e-05	2.07e-02	5.77e-01	3.49e-01	5.10e-02	1.53e-03	1.84e-05	8.58e-07	0.00e+00	0.00e+00	0.00e+00
 4.43820e+22	2.34e-05	2.23e-02	5.94e-01	3.36e-01	4.62e-02	1.31e-03	1.54e-05	6.95e-07	0.00e+00	0.00e+00	0.00e+00
 4.46756e+22	2.64e-05	2.40e-02	6.10e-01	3.23e-01	4.18e-02	1.13e-03	1.30e-05	5.64e-07	0.00e+00	0.00e+00	0.00e+00
 4.50115e+22	3.07e-05	2.63e-02	6.29e-01	3.07e-01	3.67e-02	9.36e-04	1.04e-05	4.31e-07	0.00e+00	0.00e+00	0.00e+00
 4.53510e+22	3.45e-05	2.82e-02	6.44e-01	2.94e-01	3.30e-02	8.03e-04	8.74e-06	3.48e-07	0.00e+00	0.00e+00	0.00e+00
 4.56952e+22	3.99e-05	3.08e-02	6.63e-01	2.77e-01	2.88e-02	6.59e-04	6.96e-06	2.63e-07	0.00e+00	0.00e+00	0.00e+00
 4.60470e+22	4.52e-05	3.31e-02	6.77e-01	2.63e-01	2.56e-02	5.56e-04	5.74e-06	2.08e-07	0.00e+00	0.00e+00	0.00e+00
 4.64088e+22	5.23e-05	3.61e-02	6.94e-01	2.47e-01	2.21e-02	4.52e-04	4.52e-06	1.55e-07	0.00e+00	0.00e+00	0.00e+00
 4.67808e+22	5.95e-05	3.89e-02	7.09e-01	2.33e-01	1.94e-02	3.75e-04	3.66e-06	0.00e+00	0.00e+00	0.00e+00	0.00e+00
 4.71157e+22	6.72e-05	4.17e-02	7.22e-01	2.19e-01	1.70e-02	3.13e-04	2.98e-06	0.00e+00	0.00e+00	0.00e+00	0.00e+00
 4.75008e+22	7.81e-05	4.54e-02	7.37e-01	2.03e-01	1.44e-02	2.49e-04	2.29e-06	0.00e+00	0.00e+00	0.00e+00	0.00e+00
 4.78971e+22	8.90e-05	4.89e-02	7.49e-01	1.90e-01	1.25e-02	2.04e-04	1.82e-06	0.00e+00	0.00e+00	0.00e+00	0.00e+00
 4.83081e+22	1.05e-04	5.35e-02	7.63e-01	1.73e-01	1.03e-02	1.57e-04	1.36e-06	0.00e+00	0.00e+00	0.00e+00	0.00e+00
 4.87164e+22	1.19e-04	5.74e-02	7.72e-01	1.61e-01	8.92e-03	1.29e-04	1.08e-06	0.00e+00	0.00e+00	0.00e+00	0.00e+00
 4.91214e+22	1.39e-04	6.25e-02	7.83e-01	1.47e-01	7.37e-03	9.97e-05	8.08e-07	0.00e+00	0.00e+00	0.00e+00	0.00e+00
 4.95359e+22	1.57e-04	6.68e-02	7.91e-01	1.36e-01	6.30e-03	8.10e-05	6.37e-07	0.00e+00	0.00e+00	0.00e+00	0.00e+00
 4.99628e+22	1.84e-04	7.27e-02	8.00e-01	1.22e-01	5.13e-03	6.18e-05	4.68e-07	0.00e+00	0.00e+00	0.00e+00	0.00e+00
 5.03992e+22	2.10e-04	7.81e-02	8.05e-01	1.12e-01	4.32e-03	4.93e-05	3.61e-07	0.00e+00	0.00e+00	0.00e+00	0.00e+00
 5.08480e+22	2.47e-04	8.51e-02	8.11e-01	9.97e-02	3.46e-03	3.70e-05	2.59e-07	0.00e+00	0.00e+00	0.00e+00	0.00e+00
 5.13061e+22	2.83e-04	9.14e-02	8.15e-01	9.04e-02	2.88e-03	2.91e-05	1.97e-07	0.00e+00	0.00e+00	0.00e+00	0.00e+00
 5.17761e+22	3.35e-04	9.98e-02	8.18e-01	7.95e-02	2.26e-03	2.14e-05	1.38e-07	0.00e+00	0.00e+00	0.00e+00	0.00e+00
 5.22559e+22	3.85e-04	1.07e-01	8.19e-01	7.16e-02	1.86e-03	1.67e-05	0.00e+00	0.00e+00	0.00e+00	0.00e+00	0.00e+00
 5.27483e+22	4.61e-04	1.17e-01	8.19e-01	6.20e-02	1.43e-03	1.20e-05	0.00e+00	0.00e+00	0.00e+00	0.00e+00	0.00e+00
 5.32517e+22	5.30e-04	1.26e-01	8.17e-01	5.52e-02	1.16e-03	9.29e-06	0.00e+00	0.00e+00	0.00e+00	0.00e+00	0.00e+00
 5.37693e+22	6.41e-04	1.38e-01	8.13e-01	4.70e-02	8.76e-04	6.53e-06	0.00e+00	0.00e+00	0.00e+00	0.00e+00	0.00e+00
 5.43037e+22	7.46e-04	1.49e-01	8.08e-01	4.12e-02	6.96e-04	4.92e-06	0.00e+00	0.00e+00	0.00e+00	0.00e+00	0.00e+00
 5.48599e+22	9.13e-04	1.64e-01	8.00e-01	3.43e-02	5.10e-04	3.35e-06	0.00e+00	0.00e+00	0.00e+00	0.00e+00	0.00e+00
 5.54379e+22	1.08e-03	1.78e-01	7.91e-01	2.93e-02	3.93e-04	2.43e-06	0.00e+00	0.00e+00	0.00e+00	0.00e+00	0.00e+00
 5.60437e+22	1.35e-03	1.97e-01	7.77e-01	2.37e-02	2.77e-04	1.59e-06	0.00e+00	0.00e+00	0.00e+00	0.00e+00	0.00e+00
 5.66632e+22	1.62e-03	2.15e-01	7.64e-01	1.98e-02	2.09e-04	1.12e-06	0.00e+00	0.00e+00	0.00e+00	0.00e+00	0.00e+00
 5.71439e+22	1.86e-03	2.28e-01	7.52e-01	1.72e-02	1.69e-04	8.57e-07	0.00e+00	0.00e+00	0.00e+00	0.00e+00	0.00e+00
 5.76117e+22	2.20e-03	2.46e-01	7.37e-01	1.43e-02	1.28e-04	6.05e-07	0.00e+00	0.00e+00	0.00e+00	0.00e+00	0.00e+00
 5.80933e+22	2.57e-03	2.63e-01	7.22e-01	1.21e-02	1.00e-04	4.45e-07	0.00e+00	0.00e+00	0.00e+00	0.00e+00	0.00e+00
 5.85931e+22	3.11e-03	2.84e-01	7.03e-01	9.72e-03	7.33e-05	2.97e-07	0.00e+00	0.00e+00	0.00e+00	0.00e+00	0.00e+00
 5.91036e+22	3.66e-03	3.04e-01	6.84e-01	8.00e-03	5.63e-05	2.10e-07	0.00e+00	0.00e+00	0.00e+00	0.00e+00	0.00e+00
 5.96280e+22	4.48e-03	3.29e-01	6.60e-01	6.17e-03	3.98e-05	1.32e-07	0.00e+00	0.00e+00	0.00e+00	0.00e+00	0.00e+00
 6.01109e+22	5.19e-03	3.48e-01	6.42e-01	5.07e-03	3.11e-05	0.00e+00	0.00e+00	0.00e+00	0.00e+00	0.00e+00	0.00e+00
 6.04695e+22	5.88e-03	3.64e-01	6.26e-01	4.24e-03	2.50e-05	0.00e+00	0.00e+00	0.00e+00	0.00e+00	0.00e+00	0.00e+00
 6.08652e+22	6.86e-03	3.84e-01	6.06e-01	3.36e-03	1.89e-05	0.00e+00	0.00e+00	0.00e+00	0.00e+00	0.00e+00	0.00e+00
 6.12910e+22	7.99e-03	4.04e-01	5.85e-01	2.62e-03	1.42e-05	0.00e+00	0.00e+00	0.00e+00	0.00e+00	0.00e+00	0.00e+00
 6.16842e+22	9.21e-03	4.22e-01	5.66e-01	2.04e-03	1.08e-05	0.00e+00	0.00e+00	0.00e+00	0.00e+00	0.00e+00	0.00e+00
 6.20586e+22	1.06e-02	4.40e-01	5.48e-01	1.57e-03	8.12e-06	0.00e+00	0.00e+00	0.00e+00	0.00e+00	0.00e+00	0.00e+00
 6.24118e+22	1.20e-02	4.55e-01	5.32e-01	1.21e-03	6.15e-06	0.00e+00	0.00e+00	0.00e+00	0.00e+00	0.00e+00	0.00e+00
 6.27369e+22	1.36e-02	4.69e-01	5.17e-01	9.25e-04	4.70e-06	0.00e+00	0.00e+00	0.00e+00	0.00e+00	0.00e+00	0.00e+00
 6.30334e+22	1.51e-02	4.80e-01	5.05e-01	7.11e-04	3.62e-06	0.00e+00	0.00e+00	0.00e+00	0.00e+00	0.00e+00	0.00e+00
 6.33033e+22	1.67e-02	4.88e-01	4.94e-01	5.50e-04	2.82e-06	0.00e+00	0.00e+00	0.00e+00	0.00e+00	0.00e+00	0.00e+00
 6.35492e+22	1.83e-02	4.95e-01	4.86e-01	4.30e-04	2.23e-06	0.00e+00	0.00e+00	0.00e+00	0.00e+00	0.00e+00	0.00e+00
 6.37730e+22	1.99e-02	5.00e-01	4.80e-01	3.41e-04	1.79e-06	0.00e+00	0.00e+00	0.00e+00	0.00e+00	0.00e+00	0.00e+00
 6.39767e+22	2.15e-02	5.03e-01	4.76e-01	2.74e-04	1.46e-06	0.00e+00	0.00e+00	0.00e+00	0.00e+00	0.00e+00	0.00e+00
 6.41056e+22	2.22e-02	5.01e-01	4.76e-01	2.43e-04	1.31e-06	0.00e+00	0.00e+00	0.00e+00	0.00e+00	0.00e+00	0.00e+00
 6.41551e+22	2.25e-02	5.01e-01	4.76e-01	2.32e-04	1.25e-06	0.00e+00	0.00e+00	0.00e+00	0.00e+00	0.00e+00	0.00e+00
 6.41947e+22	2.29e-02	5.02e-01	4.75e-01	2.22e-04	1.20e-06	0.00e+00	0.00e+00	0.00e+00	0.00e+00	0.00e+00	0.00e+00
 6.42451e+22	2.33e-02	5.02e-01	4.74e-01	2.10e-04	1.14e-06	0.00e+00	0.00e+00	0.00e+00	0.00e+00	0.00e+00	0.00e+00
 6.43061e+22	2.40e-02	5.03e-01	4.73e-01	1.96e-04	1.07e-06	0.00e+00	0.00e+00	0.00e+00	0.00e+00	0.00e+00	0.00e+00
 6.43683e+22	2.45e-02	5.02e-01	4.73e-01	1.84e-04	1.01e-06	0.00e+00	0.00e+00	0.00e+00	0.00e+00	0.00e+00	0.00e+00
 6.44279e+22	2.51e-02	5.02e-01	4.73e-01	1.73e-04	9.57e-07	0.00e+00	0.00e+00	0.00e+00	0.00e+00	0.00e+00	0.00e+00
 6.44874e+22	2.56e-02	5.02e-01	4.72e-01	1.63e-04	9.05e-07	0.00e+00	0.00e+00	0.00e+00	0.00e+00	0.00e+00	0.00e+00
 6.45467e+22	2.62e-02	5.02e-01	4.72e-01	1.53e-04	8.58e-07	0.00e+00	0.00e+00	0.00e+00	0.00e+00	0.00e+00	0.00e+00
 6.46079e+22	2.68e-02	5.01e-01	4.72e-01	1.44e-04	8.12e-07	0.00e+00	0.00e+00	0.00e+00	0.00e+00	0.00e+00	0.00e+00
 6.46716e+22	2.74e-02	5.00e-01	4.72e-01	1.36e-04	7.69e-07	0.00e+00	0.00e+00	0.00e+00	0.00e+00	0.00e+00	0.00e+00
 6.47369e+22	2.79e-02	4.99e-01	4.73e-01	1.28e-04	7.29e-07	0.00e+00	0.00e+00	0.00e+00	0.00e+00	0.00e+00	0.00e+00
 6.48039e+22	2.86e-02	4.98e-01	4.73e-01	1.20e-04	6.89e-07	0.00e+00	0.00e+00	0.00e+00	0.00e+00	0.00e+00	0.00e+00
 6.48721e+22	2.93e-02	4.96e-01	4.74e-01	1.13e-04	6.54e-07	0.00e+00	0.00e+00	0.00e+00	0.00e+00	0.00e+00	0.00e+00
 6.49422e+22	2.99e-02	4.95e-01	4.75e-01	1.06e-04	6.20e-07	0.00e+00	0.00e+00	0.00e+00	0.00e+00	0.00e+00	0.00e+00
 6.50163e+22	3.06e-02	4.93e-01	4.76e-01	9.99e-05	5.88e-07	0.00e+00	0.00e+00	0.00e+00	0.00e+00	0.00e+00	0.00e+00
 6.50913e+22	3.13e-02	4.91e-01	4.78e-01	9.43e-05	5.60e-07	0.00e+00	0.00e+00	0.00e+00	0.00e+00	0.00e+00	0.00e+00
 6.51499e+22	3.16e-02	4.89e-01	4.80e-01	9.07e-05	5.42e-07	0.00e+00	0.00e+00	0.00e+00	0.00e+00	0.00e+00	0.00e+00
 6.51888e+22	3.19e-02	4.88e-01	4.80e-01	8.83e-05	5.30e-07	0.00e+00	0.00e+00	0.00e+00	0.00e+00	0.00e+00	0.00e+00
 6.52257e+22	3.23e-02	4.87e-01	4.81e-01	8.59e-05	5.18e-07	0.00e+00	0.00e+00	0.00e+00	0.00e+00	0.00e+00	0.00e+00
 6.52687e+22	3.28e-02	4.86e-01	4.81e-01	8.32e-05	5.04e-07	0.00e+00	0.00e+00	0.00e+00	0.00e+00	0.00e+00	0.00e+00
 6.53160e+22	3.32e-02	4.85e-01	4.82e-01	8.05e-05	4.91e-07	0.00e+00	0.00e+00	0.00e+00	0.00e+00	0.00e+00	0.00e+00
 6.53628e+22	3.37e-02	4.84e-01	4.82e-01	7.81e-05	4.79e-07	0.00e+00	0.00e+00	0.00e+00	0.00e+00	0.00e+00	0.00e+00
 6.54086e+22	3.41e-02	4.83e-01	4.83e-01	7.58e-05	4.67e-07	0.00e+00	0.00e+00	0.00e+00	0.00e+00	0.00e+00	0.00e+00
 6.54549e+22	3.46e-02	4.82e-01	4.83e-01	7.36e-05	4.56e-07	0.00e+00	0.00e+00	0.00e+00	0.00e+00	0.00e+00	0.00e+00
 6.55025e+22	3.51e-02	4.81e-01	4.84e-01	7.15e-05	4.46e-07	0.00e+00	0.00e+00	0.00e+00	0.00e+00	0.00e+00	0.00e+00
 6.55514e+22	3.57e-02	4.80e-01	4.84e-01	6.93e-05	4.35e-07	0.00e+00	0.00e+00	0.00e+00	0.00e+00	0.00e+00	0.00e+00
 6.56002e+22	3.61e-02	4.79e-01	4.85e-01	6.74e-05	4.26e-07	0.00e+00	0.00e+00	0.00e+00	0.00e+00	0.00e+00	0.00e+00
 6.56503e+22	3.67e-02	4.79e-01	4.85e-01	6.55e-05	4.16e-07	0.00e+00	0.00e+00	0.00e+00	0.00e+00	0.00e+00	0.00e+00
 6.57024e+22	3.73e-02	4.78e-01	4.84e-01	6.36e-05	4.07e-07	0.00e+00	0.00e+00	0.00e+00	0.00e+00	0.00e+00	0.00e+00
 6.57545e+22	3.80e-02	4.78e-01	4.84e-01	6.18e-05	3.98e-07	0.00e+00	0.00e+00	0.00e+00	0.00e+00	0.00e+00	0.00e+00
 6.58066e+22	3.86e-02	4.77e-01	4.84e-01	6.01e-05	3.90e-07	0.00e+00	0.00e+00	0.00e+00	0.00e+00	0.00e+00	0.00e+00
 6.58609e+22	3.93e-02	4.77e-01	4.83e-01	5.84e-05	3.81e-07	0.00e+00	0.00e+00	0.00e+00	0.00e+00	0.00e+00	0.00e+00
 6.59176e+22	4.02e-02	4.77e-01	4.82e-01	5.66e-05	3.72e-07	0.00e+00	0.00e+00	0.00e+00	0.00e+00	0.00e+00	0.00e+00
 6.59745e+22	4.09e-02	4.77e-01	4.82e-01	5.50e-05	3.64e-07	0.00e+00	0.00e+00	0.00e+00	0.00e+00	0.00e+00	0.00e+00
 6.60321e+22	4.18e-02	4.78e-01	4.81e-01	5.35e-05	3.56e-07	0.00e+00	0.00e+00	0.00e+00	0.00e+00	0.00e+00	0.00e+00
 6.60923e+22	4.27e-02	4.78e-01	4.79e-01	5.19e-05	3.49e-07	0.00e+00	0.00e+00	0.00e+00	0.00e+00	0.00e+00	0.00e+00
 6.61548e+22	4.38e-02	4.79e-01	4.77e-01	5.03e-05	3.41e-07	0.00e+00	0.00e+00	0.00e+00	0.00e+00	0.00e+00	0.00e+00
 6.62180e+22	4.48e-02	4.79e-01	4.76e-01	4.88e-05	3.33e-07	0.00e+00	0.00e+00	0.00e+00	0.00e+00	0.00e+00	0.00e+00
 6.62827e+22	4.59e-02	4.80e-01	4.74e-01	4.73e-05	3.26e-07	0.00e+00	0.00e+00	0.00e+00	0.00e+00	0.00e+00	0.00e+00
 6.63501e+22	4.71e-02	4.81e-01	4.71e-01	4.59e-05	3.18e-07	0.00e+00	0.00e+00	0.00e+00	0.00e+00	0.00e+00	0.00e+00
 6.64201e+22	4.84e-02	4.83e-01	4.69e-01	4.44e-05	3.11e-07	0.00e+00	0.00e+00	0.00e+00	0.00e+00	0.00e+00	0.00e+00
 6.64920e+22	4.98e-02	4.84e-01	4.66e-01	4.29e-05	3.03e-07	0.00e+00	0.00e+00	0.00e+00	0.00e+00	0.00e+00	0.00e+00
 6.65650e+22	5.13e-02	4.86e-01	4.63e-01	4.15e-05	2.96e-07	0.00e+00	0.00e+00	0.00e+00	0.00e+00	0.00e+00	0.00e+00
 6.66400e+22	5.29e-02	4.88e-01	4.59e-01	4.02e-05	2.89e-07	0.00e+00	0.00e+00	0.00e+00	0.00e+00	0.00e+00	0.00e+00
 6.67176e+22	5.47e-02	4.90e-01	4.55e-01	3.88e-05	2.81e-07	0.00e+00	0.00e+00	0.00e+00	0.00e+00	0.00e+00	0.00e+00
 6.67966e+22	5.64e-02	4.92e-01	4.51e-01	3.75e-05	2.74e-07	0.00e+00	0.00e+00	0.00e+00	0.00e+00	0.00e+00	0.00e+00
 6.68756e+22	5.85e-02	4.95e-01	4.46e-01	3.62e-05	2.67e-07	0.00e+00	0.00e+00	0.00e+00	0.00e+00	0.00e+00	0.00e+00
 6.69563e+22	6.05e-02	4.98e-01	4.42e-01	3.49e-05	2.60e-07	0.00e+00	0.00e+00	0.00e+00	0.00e+00	0.00e+00	0.00e+00
 6.70395e+22	6.27e-02	5.01e-01	4.37e-01	3.37e-05	2.53e-07	0.00e+00	0.00e+00	0.00e+00	0.00e+00	0.00e+00	0.00e+00
 6.71235e+22	6.49e-02	5.03e-01	4.32e-01	3.25e-05	2.46e-07	0.00e+00	0.00e+00	0.00e+00	0.00e+00	0.00e+00	0.00e+00
 6.72081e+22	6.73e-02	5.06e-01	4.26e-01	3.13e-05	2.39e-07	0.00e+00	0.00e+00	0.00e+00	0.00e+00	0.00e+00	0.00e+00
 6.72947e+22	6.98e-02	5.09e-01	4.21e-01	3.02e-05	2.33e-07	0.00e+00	0.00e+00	0.00e+00	0.00e+00	0.00e+00	0.00e+00
 6.73826e+22	7.25e-02	5.13e-01	4.15e-01	2.91e-05	2.26e-07	0.00e+00	0.00e+00	0.00e+00	0.00e+00	0.00e+00	0.00e+00
 6.74716e+22	7.51e-02	5.16e-01	4.09e-01	2.80e-05	2.19e-07	0.00e+00	0.00e+00	0.00e+00	0.00e+00	0.00e+00	0.00e+00
 6.75631e+22	7.82e-02	5.19e-01	4.03e-01	2.70e-05	2.13e-07	0.00e+00	0.00e+00	0.00e+00	0.00e+00	0.00e+00	0.00e+00
 6.76569e+22	8.14e-02	5.23e-01	3.96e-01	2.59e-05	2.06e-07	0.00e+00	0.00e+00	0.00e+00	0.00e+00	0.00e+00	0.00e+00
 6.77521e+22	8.48e-02	5.26e-01	3.89e-01	2.49e-05	1.99e-07	0.00e+00	0.00e+00	0.00e+00	0.00e+00	0.00e+00	0.00e+00
 6.78486e+22	8.85e-02	5.30e-01	3.82e-01	2.39e-05	1.92e-07	0.00e+00	0.00e+00	0.00e+00	0.00e+00	0.00e+00	0.00e+00
 6.79480e+22	9.24e-02	5.34e-01	3.74e-01	2.29e-05	1.85e-07	0.00e+00	0.00e+00	0.00e+00	0.00e+00	0.00e+00	0.00e+00
 6.80499e+22	9.66e-02	5.37e-01	3.66e-01	2.20e-05	1.78e-07	0.00e+00	0.00e+00	0.00e+00	0.00e+00	0.00e+00	0.00e+00
 6.81513e+22	1.01e-01	5.41e-01	3.58e-01	2.10e-05	1.71e-07	0.00e+00	0.00e+00	0.00e+00	0.00e+00	0.00e+00	0.00e+00
 6.82490e+22	1.05e-01	5.44e-01	3.51e-01	2.00e-05	1.65e-07	0.00e+00	0.00e+00	0.00e+00	0.00e+00	0.00e+00	0.00e+00
 6.83399e+22	1.10e-01	5.47e-01	3.43e-01	1.90e-05	1.59e-07	0.00e+00	0.00e+00	0.00e+00	0.00e+00	0.00e+00	0.00e+00
 6.84241e+22	1.14e-01	5.50e-01	3.36e-01	1.81e-05	1.53e-07	0.00e+00	0.00e+00	0.00e+00	0.00e+00	0.00e+00	0.00e+00
 6.85037e+22	1.19e-01	5.53e-01	3.29e-01	1.73e-05	1.47e-07	0.00e+00	0.00e+00	0.00e+00	0.00e+00	0.00e+00	0.00e+00
 6.85775e+22	1.23e-01	5.55e-01	3.22e-01	1.65e-05	1.42e-07	0.00e+00	0.00e+00	0.00e+00	0.00e+00	0.00e+00	0.00e+00
 6.86491e+22	1.28e-01	5.57e-01	3.15e-01	1.58e-05	1.37e-07	0.00e+00	0.00e+00	0.00e+00	0.00e+00	0.00e+00	0.00e+00
 6.87210e+22	1.32e-01	5.59e-01	3.09e-01	1.51e-05	1.33e-07	0.00e+00	0.00e+00	0.00e+00	0.00e+00	0.00e+00	0.00e+00
 6.87907e+22	1.37e-01	5.61e-01	3.02e-01	1.45e-05	1.28e-07	0.00e+00	0.00e+00	0.00e+00	0.00e+00	0.00e+00	0.00e+00
 6.88561e+22	1.41e-01	5.63e-01	2.96e-01	1.39e-05	0.00e+00	0.00e+00	0.00e+00	0.00e+00	0.00e+00	0.00e+00	0.00e+00
 6.89183e+22	1.46e-01	5.64e-01	2.90e-01	1.33e-05	0.00e+00	0.00e+00	0.00e+00	0.00e+00	0.00e+00	0.00e+00	0.00e+00
 6.89806e+22	1.50e-01	5.65e-01	2.84e-01	1.28e-05	0.00e+00	0.00e+00	0.00e+00	0.00e+00	0.00e+00	0.00e+00	0.00e+00
 6.90403e+22	1.55e-01	5.67e-01	2.78e-01	1.23e-05	0.00e+00	0.00e+00	0.00e+00	0.00e+00	0.00e+00	0.00e+00	0.00e+00
 6.90965e+22	1.60e-01	5.68e-01	2.73e-01	1.18e-05	0.00e+00	0.00e+00	0.00e+00	0.00e+00	0.00e+00	0.00e+00	0.00e+00
 6.91524e+22	1.65e-01	5.69e-01	2.67e-01	1.13e-05	0.00e+00	0.00e+00	0.00e+00	0.00e+00	0.00e+00	0.00e+00	0.00e+00
 6.92061e+22	1.69e-01	5.69e-01	2.61e-01	1.09e-05	0.00e+00	0.00e+00	0.00e+00	0.00e+00	0.00e+00	0.00e+00	0.00e+00
 6.92565e+22	1.74e-01	5.70e-01	2.56e-01	1.05e-05	0.00e+00	0.00e+00	0.00e+00	0.00e+00	0.00e+00	0.00e+00	0.00e+00
 6.93059e+22	1.79e-01	5.71e-01	2.51e-01	1.01e-05	0.00e+00	0.00e+00	0.00e+00	0.00e+00	0.00e+00	0.00e+00	0.00e+00
 6.93526e+22	1.84e-01	5.71e-01	2.45e-01	9.80e-06	0.00e+00	0.00e+00	0.00e+00	0.00e+00	0.00e+00	0.00e+00	0.00e+00
 6.93952e+22	1.88e-01	5.71e-01	2.41e-01	9.48e-06	0.00e+00	0.00e+00	0.00e+00	0.00e+00	0.00e+00	0.00e+00	0.00e+00
 6.94338e+22	1.92e-01	5.71e-01	2.36e-01	9.20e-06	0.00e+00	0.00e+00	0.00e+00	0.00e+00	0.00e+00	0.00e+00	0.00e+00
 6.94690e+22	1.97e-01	5.71e-01	2.32e-01	8.94e-06	0.00e+00	0.00e+00	0.00e+00	0.00e+00	0.00e+00	0.00e+00	0.00e+00
 6.95011e+22	2.00e-01	5.71e-01	2.28e-01	8.71e-06	0.00e+00	0.00e+00	0.00e+00	0.00e+00	0.00e+00	0.00e+00	0.00e+00
 6.95302e+22	2.04e-01	5.71e-01	2.25e-01	8.50e-06	0.00e+00	0.00e+00	0.00e+00	0.00e+00	0.00e+00	0.00e+00	0.00e+00
 6.95568e+22	2.07e-01	5.71e-01	2.21e-01	8.31e-06	0.00e+00	0.00e+00	0.00e+00	0.00e+00	0.00e+00	0.00e+00	0.00e+00
 6.95809e+22	2.11e-01	5.71e-01	2.18e-01	8.13e-06	0.00e+00	0.00e+00	0.00e+00	0.00e+00	0.00e+00	0.00e+00	0.00e+00
 6.96029e+22	2.13e-01	5.71e-01	2.16e-01	7.99e-06	0.00e+00	0.00e+00	0.00e+00	0.00e+00	0.00e+00	0.00e+00	0.00e+00
 6.96270e+22	2.17e-01	5.71e-01	2.12e-01	7.80e-06	0.00e+00	0.00e+00	0.00e+00	0.00e+00	0.00e+00	0.00e+00	0.00e+00
 6.96529e+22	2.20e-01	5.70e-01	2.10e-01	7.64e-06	0.00e+00	0.00e+00	0.00e+00	0.00e+00	0.00e+00	0.00e+00	0.00e+00
 6.96814e+22	2.24e-01	5.70e-01	2.06e-01	7.42e-06	0.00e+00	0.00e+00	0.00e+00	0.00e+00	0.00e+00	0.00e+00	0.00e+00
 6.97122e+22	2.28e-01	5.69e-01	2.02e-01	7.23e-06	0.00e+00	0.00e+00	0.00e+00	0.00e+00	0.00e+00	0.00e+00	0.00e+00
 6.97402e+22	2.32e-01	5.69e-01	2.00e-01	7.07e-06	0.00e+00	0.00e+00	0.00e+00	0.00e+00	0.00e+00	0.00e+00	0.00e+00
 6.97708e+22	2.36e-01	5.68e-01	1.95e-01	6.86e-06	0.00e+00	0.00e+00	0.00e+00	0.00e+00	0.00e+00	0.00e+00	0.00e+00
 6.98039e+22	2.41e-01	5.67e-01	1.92e-01	6.66e-06	0.00e+00	0.00e+00	0.00e+00	0.00e+00	0.00e+00	0.00e+00	0.00e+00
 6.98340e+22	2.45e-01	5.67e-01	1.88e-01	6.49e-06	0.00e+00	0.00e+00	0.00e+00	0.00e+00	0.00e+00	0.00e+00	0.00e+00
 6.98614e+22	2.48e-01	5.66e-01	1.86e-01	6.34e-06	0.00e+00	0.00e+00	0.00e+00	0.00e+00	0.00e+00	0.00e+00	0.00e+00
 6.98915e+22	2.53e-01	5.65e-01	1.82e-01	6.17e-06	0.00e+00	0.00e+00	0.00e+00	0.00e+00	0.00e+00	0.00e+00	0.00e+00
 6.99239e+22	2.57e-01	5.64e-01	1.79e-01	6.01e-06	0.00e+00	0.00e+00	0.00e+00	0.00e+00	0.00e+00	0.00e+00	0.00e+00
 6.99534e+22	2.61e-01	5.63e-01	1.76e-01	5.85e-06	0.00e+00	0.00e+00	0.00e+00	0.00e+00	0.00e+00	0.00e+00	0.00e+00
 6.99803e+22	2.63e-01	5.62e-01	1.74e-01	5.74e-06	0.00e+00	0.00e+00	0.00e+00	0.00e+00	0.00e+00	0.00e+00	0.00e+00
 7.00097e+22	2.68e-01	5.61e-01	1.71e-01	5.58e-06	0.00e+00	0.00e+00	0.00e+00	0.00e+00	0.00e+00	0.00e+00	0.00e+00
 7.00415e+22	2.72e-01	5.60e-01	1.68e-01	5.43e-06	0.00e+00	0.00e+00	0.00e+00	0.00e+00	0.00e+00	0.00e+00	0.00e+00
 7.00704e+22	2.76e-01	5.59e-01	1.65e-01	5.28e-06	0.00e+00	0.00e+00	0.00e+00	0.00e+00	0.00e+00	0.00e+00	0.00e+00
 7.00967e+22	2.79e-01	5.58e-01	1.63e-01	5.19e-06	0.00e+00	0.00e+00	0.00e+00	0.00e+00	0.00e+00	0.00e+00	0.00e+00
 7.01255e+22	2.84e-01	5.57e-01	1.60e-01	5.04e-06	0.00e+00	0.00e+00	0.00e+00	0.00e+00	0.00e+00	0.00e+00	0.00e+00
 7.01566e+22	2.88e-01	5.55e-01	1.56e-01	4.89e-06	0.00e+00	0.00e+00	0.00e+00	0.00e+00	0.00e+00	0.00e+00	0.00e+00
 7.01849e+22	2.91e-01	5.54e-01	1.55e-01	4.80e-06	0.00e+00	0.00e+00	0.00e+00	0.00e+00	0.00e+00	0.00e+00	0.00e+00
 7.02160e+22	2.96e-01	5.52e-01	1.51e-01	4.65e-06	0.00e+00	0.00e+00	0.00e+00	0.00e+00	0.00e+00	0.00e+00	0.00e+00
 7.02495e+22	3.01e-01	5.51e-01	1.48e-01	4.52e-06	0.00e+00	0.00e+00	0.00e+00	0.00e+00	0.00e+00	0.00e+00	0.00e+00
 7.02799e+22	3.05e-01	5.49e-01	1.46e-01	4.40e-06	0.00e+00	0.00e+00	0.00e+00	0.00e+00	0.00e+00	0.00e+00	0.00e+00
 7.03077e+22	3.09e-01	5.48e-01	1.43e-01	4.29e-06	0.00e+00	0.00e+00	0.00e+00	0.00e+00	0.00e+00	0.00e+00	0.00e+00
 7.03329e+22	3.12e-01	5.46e-01	1.41e-01	4.20e-06	0.00e+00	0.00e+00	0.00e+00	0.00e+00	0.00e+00	0.00e+00	0.00e+00
 7.03606e+22	3.17e-01	5.45e-01	1.38e-01	4.08e-06	0.00e+00	0.00e+00	0.00e+00	0.00e+00	0.00e+00	0.00e+00	0.00e+00
 7.03966e+22	3.23e-01	5.42e-01	1.35e-01	3.93e-06	0.00e+00	0.00e+00	0.00e+00	0.00e+00	0.00e+00	0.00e+00	0.00e+00
 7.04354e+22	3.29e-01	5.40e-01	1.32e-01	3.79e-06	0.00e+00	0.00e+00	0.00e+00	0.00e+00	0.00e+00	0.00e+00	0.00e+00
 7.04707e+22	3.34e-01	5.38e-01	1.29e-01	3.68e-06	0.00e+00	0.00e+00	0.00e+00	0.00e+00	0.00e+00	0.00e+00	0.00e+00
 7.05029e+22	3.38e-01	5.36e-01	1.26e-01	3.58e-06	0.00e+00	0.00e+00	0.00e+00	0.00e+00	0.00e+00	0.00e+00	0.00e+00
 7.05321e+22	3.43e-01	5.33e-01	1.24e-01	3.48e-06	0.00e+00	0.00e+00	0.00e+00	0.00e+00	0.00e+00	0.00e+00	0.00e+00
 7.05587e+22	3.47e-01	5.32e-01	1.22e-01	3.39e-06	0.00e+00	0.00e+00	0.00e+00	0.00e+00	0.00e+00	0.00e+00	0.00e+00
 7.05879e+22	3.52e-01	5.29e-01	1.19e-01	3.29e-06	0.00e+00	0.00e+00	0.00e+00	0.00e+00	0.00e+00	0.00e+00	0.00e+00
 7.06194e+22	3.57e-01	5.27e-01	1.16e-01	3.19e-06	0.00e+00	0.00e+00	0.00e+00	0.00e+00	0.00e+00	0.00e+00	0.00e+00
 7.06481e+22	3.61e-01	5.25e-01	1.14e-01	3.11e-06	0.00e+00	0.00e+00	0.00e+00	0.00e+00	0.00e+00	0.00e+00	0.00e+00
 7.06742e+22	3.65e-01	5.22e-01	1.12e-01	3.03e-06	0.00e+00	0.00e+00	0.00e+00	0.00e+00	0.00e+00	0.00e+00	0.00e+00
 7.06979e+22	3.68e-01	5.21e-01	1.11e-01	2.97e-06	0.00e+00	0.00e+00	0.00e+00	0.00e+00	0.00e+00	0.00e+00	0.00e+00
 7.07239e+22	3.73e-01	5.18e-01	1.08e-01	2.89e-06	0.00e+00	0.00e+00	0.00e+00	0.00e+00	0.00e+00	0.00e+00	0.00e+00
 7.07577e+22	3.79e-01	5.15e-01	1.06e-01	2.79e-06	0.00e+00	0.00e+00	0.00e+00	0.00e+00	0.00e+00	0.00e+00	0.00e+00
 7.07942e+22	3.84e-01	5.12e-01	1.03e-01	2.70e-06	0.00e+00	0.00e+00	0.00e+00	0.00e+00	0.00e+00	0.00e+00	0.00e+00
 7.08274e+22	3.89e-01	5.10e-01	1.01e-01	2.63e-06	0.00e+00	0.00e+00	0.00e+00	0.00e+00	0.00e+00	0.00e+00	0.00e+00
 7.08576e+22	3.92e-01	5.08e-01	9.99e-02	2.57e-06	0.00e+00	0.00e+00	0.00e+00	0.00e+00	0.00e+00	0.00e+00	0.00e+00
 7.08852e+22	3.97e-01	5.06e-01	9.78e-02	2.50e-06	0.00e+00	0.00e+00	0.00e+00	0.00e+00	0.00e+00	0.00e+00	0.00e+00
 7.09153e+22	4.02e-01	5.03e-01	9.55e-02	2.42e-06	0.00e+00	0.00e+00	0.00e+00	0.00e+00	0.00e+00	0.00e+00	0.00e+00
 7.09478e+22	4.05e-01	5.01e-01	9.42e-02	2.37e-06	0.00e+00	0.00e+00	0.00e+00	0.00e+00	0.00e+00	0.00e+00	0.00e+00
 7.09835e+22	4.10e-01	4.98e-01	9.19e-02	2.29e-06	0.00e+00	0.00e+00	0.00e+00	0.00e+00	0.00e+00	0.00e+00	0.00e+00
 7.10220e+22	4.15e-01	4.95e-01	9.01e-02	2.22e-06	0.00e+00	0.00e+00	0.00e+00	0.00e+00	0.00e+00	0.00e+00	0.00e+00
 7.10570e+22	4.19e-01	4.92e-01	8.82e-02	2.15e-06	0.00e+00	0.00e+00	0.00e+00	0.00e+00	0.00e+00	0.00e+00	0.00e+00
 7.10954e+22	4.25e-01	4.89e-01	8.60e-02	2.08e-06	0.00e+00	0.00e+00	0.00e+00	0.00e+00	0.00e+00	0.00e+00	0.00e+00
 7.11368e+22	4.30e-01	4.86e-01	8.40e-02	2.01e-06	0.00e+00	0.00e+00	0.00e+00	0.00e+00	0.00e+00	0.00e+00	0.00e+00
 7.11746e+22	4.35e-01	4.83e-01	8.22e-02	1.95e-06	0.00e+00	0.00e+00	0.00e+00	0.00e+00	0.00e+00	0.00e+00	0.00e+00
 7.12089e+22	4.40e-01	4.80e-01	8.04e-02	1.89e-06	0.00e+00	0.00e+00	0.00e+00	0.00e+00	0.00e+00	0.00e+00	0.00e+00
 7.12401e+22	4.43e-01	4.78e-01	7.91e-02	1.84e-06	0.00e+00	0.00e+00	0.00e+00	0.00e+00	0.00e+00	0.00e+00	0.00e+00
 7.12743e+22	4.49e-01	4.74e-01	7.71e-02	1.78e-06	0.00e+00	0.00e+00	0.00e+00	0.00e+00	0.00e+00	0.00e+00	0.00e+00
 7.13188e+22	4.55e-01	4.70e-01	7.49e-02	1.71e-06	0.00e+00	0.00e+00	0.00e+00	0.00e+00	0.00e+00	0.00e+00	0.00e+00
 7.13668e+22	4.59e-01	4.67e-01	7.33e-02	1.65e-06	0.00e+00	0.00e+00	0.00e+00	0.00e+00	0.00e+00	0.00e+00	0.00e+00
 7.14105e+22	4.65e-01	4.63e-01	7.13e-02	1.59e-06	0.00e+00	0.00e+00	0.00e+00	0.00e+00	0.00e+00	0.00e+00	0.00e+00
 7.14503e+22	4.71e-01	4.60e-01	6.95e-02	1.53e-06	0.00e+00	0.00e+00	0.00e+00	0.00e+00	0.00e+00	0.00e+00	0.00e+00
 7.14865e+22	4.74e-01	4.57e-01	6.84e-02	1.50e-06	0.00e+00	0.00e+00	0.00e+00	0.00e+00	0.00e+00	0.00e+00	0.00e+00
 7.15262e+22	4.80e-01	4.53e-01	6.64e-02	1.44e-06	0.00e+00	0.00e+00	0.00e+00	0.00e+00	0.00e+00	0.00e+00	0.00e+00
 7.15690e+22	4.85e-01	4.50e-01	6.49e-02	1.39e-06	0.00e+00	0.00e+00	0.00e+00	0.00e+00	0.00e+00	0.00e+00	0.00e+00
 7.16079e+22	4.89e-01	4.47e-01	6.36e-02	1.35e-06	0.00e+00	0.00e+00	0.00e+00	0.00e+00	0.00e+00	0.00e+00	0.00e+00
 7.16506e+22	4.95e-01	4.43e-01	6.18e-02	1.30e-06	0.00e+00	0.00e+00	0.00e+00	0.00e+00	0.00e+00	0.00e+00	0.00e+00
 7.16967e+22	5.00e-01	4.39e-01	6.03e-02	1.25e-06	0.00e+00	0.00e+00	0.00e+00	0.00e+00	0.00e+00	0.00e+00	0.00e+00
 7.17387e+22	5.05e-01	4.36e-01	5.90e-02	1.21e-06	0.00e+00	0.00e+00	0.00e+00	0.00e+00	0.00e+00	0.00e+00	0.00e+00
 7.17846e+22	5.11e-01	4.32e-01	5.73e-02	1.17e-06	0.00e+00	0.00e+00	0.00e+00	0.00e+00	0.00e+00	0.00e+00	0.00e+00
 7.18342e+22	5.16e-01	4.28e-01	5.58e-02	1.12e-06	0.00e+00	0.00e+00	0.00e+00	0.00e+00	0.00e+00	0.00e+00	0.00e+00
 7.18794e+22	5.21e-01	4.25e-01	5.45e-02	1.09e-06	0.00e+00	0.00e+00	0.00e+00	0.00e+00	0.00e+00	0.00e+00	0.00e+00
 7.19205e+22	5.26e-01	4.21e-01	5.31e-02	1.05e-06	0.00e+00	0.00e+00	0.00e+00	0.00e+00	0.00e+00	0.00e+00	0.00e+00
 7.19579e+22	5.29e-01	4.18e-01	5.22e-02	1.02e-06	0.00e+00	0.00e+00	0.00e+00	0.00e+00	0.00e+00	0.00e+00	0.00e+00
 7.19988e+22	5.35e-01	4.14e-01	5.08e-02	9.84e-07	0.00e+00	0.00e+00	0.00e+00	0.00e+00	0.00e+00	0.00e+00	0.00e+00
 7.20431e+22	5.39e-01	4.11e-01	4.97e-02	9.53e-07	0.00e+00	0.00e+00	0.00e+00	0.00e+00	0.00e+00	0.00e+00	0.00e+00
 7.20833e+22	5.43e-01	4.08e-01	4.88e-02	9.26e-07	0.00e+00	0.00e+00	0.00e+00	0.00e+00	0.00e+00	0.00e+00	0.00e+00
 7.21274e+22	5.49e-01	4.04e-01	4.74e-02	8.90e-07	0.00e+00	0.00e+00	0.00e+00	0.00e+00	0.00e+00	0.00e+00	0.00e+00
 7.21750e+22	5.53e-01	4.01e-01	4.63e-02	8.61e-07	0.00e+00	0.00e+00	0.00e+00	0.00e+00	0.00e+00	0.00e+00	0.00e+00
 7.22184e+22	5.57e-01	3.98e-01	4.54e-02	8.36e-07	0.00e+00	0.00e+00	0.00e+00	0.00e+00	0.00e+00	0.00e+00	0.00e+00
 7.22659e+22	5.63e-01	3.93e-01	4.41e-02	8.02e-07	0.00e+00	0.00e+00	0.00e+00	0.00e+00	0.00e+00	0.00e+00	0.00e+00
 7.23171e+22	5.67e-01	3.90e-01	4.30e-02	7.75e-07	0.00e+00	0.00e+00	0.00e+00	0.00e+00	0.00e+00	0.00e+00	0.00e+00
 7.23638e+22	5.71e-01	3.87e-01	4.21e-02	7.50e-07	0.00e+00	0.00e+00	0.00e+00	0.00e+00	0.00e+00	0.00e+00	0.00e+00
 7.24149e+22	5.77e-01	3.82e-01	4.08e-02	7.19e-07	0.00e+00	0.00e+00	0.00e+00	0.00e+00	0.00e+00	0.00e+00	0.00e+00
 7.24701e+22	5.82e-01	3.79e-01	3.99e-02	6.94e-07	0.00e+00	0.00e+00	0.00e+00	0.00e+00	0.00e+00	0.00e+00	0.00e+00
 7.25203e+22	5.86e-01	3.75e-01	3.88e-02	6.69e-07	0.00e+00	0.00e+00	0.00e+00	0.00e+00	0.00e+00	0.00e+00	0.00e+00
 7.25660e+22	5.91e-01	3.71e-01	3.80e-02	6.48e-07	0.00e+00	0.00e+00	0.00e+00	0.00e+00	0.00e+00	0.00e+00	0.00e+00
 7.26161e+22	5.96e-01	3.67e-01	3.69e-02	6.22e-07	0.00e+00	0.00e+00	0.00e+00	0.00e+00	0.00e+00	0.00e+00	0.00e+00
 7.26701e+22	6.01e-01	3.63e-01	3.59e-02	5.99e-07	0.00e+00	0.00e+00	0.00e+00	0.00e+00	0.00e+00	0.00e+00	0.00e+00
 7.27193e+22	6.04e-01	3.60e-01	3.52e-02	5.81e-07	0.00e+00	0.00e+00	0.00e+00	0.00e+00	0.00e+00	0.00e+00	0.00e+00
 7.27732e+22	6.10e-01	3.56e-01	3.41e-02	5.57e-07	0.00e+00	0.00e+00	0.00e+00	0.00e+00	0.00e+00	0.00e+00	0.00e+00
 7.28314e+22	6.15e-01	3.52e-01	3.32e-02	5.35e-07	0.00e+00	0.00e+00	0.00e+00	0.00e+00	0.00e+00	0.00e+00	0.00e+00
 7.28844e+22	6.19e-01	3.49e-01	3.25e-02	5.18e-07	0.00e+00	0.00e+00	0.00e+00	0.00e+00	0.00e+00	0.00e+00	0.00e+00
 7.29424e+22	6.24e-01	3.44e-01	3.15e-02	4.95e-07	0.00e+00	0.00e+00	0.00e+00	0.00e+00	0.00e+00	0.00e+00	0.00e+00
 7.30051e+22	6.29e-01	3.40e-01	3.06e-02	4.75e-07	0.00e+00	0.00e+00	0.00e+00	0.00e+00	0.00e+00	0.00e+00	0.00e+00
 7.30621e+22	6.34e-01	3.37e-01	2.99e-02	4.59e-07	0.00e+00	0.00e+00	0.00e+00	0.00e+00	0.00e+00	0.00e+00	0.00e+00
 7.31246e+22	6.39e-01	3.32e-01	2.89e-02	4.38e-07	0.00e+00	0.00e+00	0.00e+00	0.00e+00	0.00e+00	0.00e+00	0.00e+00
 7.31920e+22	6.44e-01	3.28e-01	2.82e-02	4.21e-07	0.00e+00	0.00e+00	0.00e+00	0.00e+00	0.00e+00	0.00e+00	0.00e+00
 7.32534e+22	6.49e-01	3.24e-01	2.74e-02	4.04e-07	0.00e+00	0.00e+00	0.00e+00	0.00e+00	0.00e+00	0.00e+00	0.00e+00
 7.33093e+22	6.53e-01	3.20e-01	2.67e-02	3.90e-07	0.00e+00	0.00e+00	0.00e+00	0.00e+00	0.00e+00	0.00e+00	0.00e+00
 7.33705e+22	6.58e-01	3.16e-01	2.58e-02	3.73e-07	0.00e+00	0.00e+00	0.00e+00	0.00e+00	0.00e+00	0.00e+00	0.00e+00
 7.34365e+22	6.63e-01	3.12e-01	2.51e-02	3.58e-07	0.00e+00	0.00e+00	0.00e+00	0.00e+00	0.00e+00	0.00e+00	0.00e+00
 7.34967e+22	6.67e-01	3.08e-01	2.45e-02	3.45e-07	0.00e+00	0.00e+00	0.00e+00	0.00e+00	0.00e+00	0.00e+00	0.00e+00
 7.35626e+22	6.73e-01	3.04e-01	2.37e-02	3.29e-07	0.00e+00	0.00e+00	0.00e+00	0.00e+00	0.00e+00	0.00e+00	0.00e+00
 7.36337e+22	6.77e-01	3.00e-01	2.30e-02	3.15e-07	0.00e+00	0.00e+00	0.00e+00	0.00e+00	0.00e+00	0.00e+00	0.00e+00
 7.36984e+22	6.82e-01	2.96e-01	2.24e-02	3.04e-07	0.00e+00	0.00e+00	0.00e+00	0.00e+00	0.00e+00	0.00e+00	0.00e+00
 7.37694e+22	6.87e-01	2.91e-01	2.16e-02	2.89e-07	0.00e+00	0.00e+00	0.00e+00	0.00e+00	0.00e+00	0.00e+00	0.00e+00
 7.38459e+22	6.92e-01	2.87e-01	2.10e-02	2.77e-07	0.00e+00	0.00e+00	0.00e+00	0.00e+00	0.00e+00	0.00e+00	0.00e+00
 7.39156e+22	6.96e-01	2.83e-01	2.04e-02	2.65e-07	0.00e+00	0.00e+00	0.00e+00	0.00e+00	0.00e+00	0.00e+00	0.00e+00
 7.39790e+22	7.01e-01	2.80e-01	1.98e-02	2.55e-07	0.00e+00	0.00e+00	0.00e+00	0.00e+00	0.00e+00	0.00e+00	0.00e+00
 7.40485e+22	7.06e-01	2.75e-01	1.92e-02	2.43e-07	0.00e+00	0.00e+00	0.00e+00	0.00e+00	0.00e+00	0.00e+00	0.00e+00
 7.41235e+22	7.10e-01	2.71e-01	1.87e-02	2.34e-07	0.00e+00	0.00e+00	0.00e+00	0.00e+00	0.00e+00	0.00e+00	0.00e+00
 7.41918e+22	7.14e-01	2.68e-01	1.81e-02	2.25e-07	0.00e+00	0.00e+00	0.00e+00	0.00e+00	0.00e+00	0.00e+00	0.00e+00
 7.42666e+22	7.19e-01	2.63e-01	1.75e-02	2.14e-07	0.00e+00	0.00e+00	0.00e+00	0.00e+00	0.00e+00	0.00e+00	0.00e+00
 7.43474e+22	7.24e-01	2.59e-01	1.70e-02	2.05e-07	0.00e+00	0.00e+00	0.00e+00	0.00e+00	0.00e+00	0.00e+00	0.00e+00
 7.44208e+22	7.28e-01	2.56e-01	1.65e-02	1.96e-07	0.00e+00	0.00e+00	0.00e+00	0.00e+00	0.00e+00	0.00e+00	0.00e+00
 7.45014e+22	7.33e-01	2.51e-01	1.59e-02	1.86e-07	0.00e+00	0.00e+00	0.00e+00	0.00e+00	0.00e+00	0.00e+00	0.00e+00
 7.45883e+22	7.38e-01	2.47e-01	1.54e-02	1.78e-07	0.00e+00	0.00e+00	0.00e+00	0.00e+00	0.00e+00	0.00e+00	0.00e+00
