#depth	C	C+	C+2	C+3	C+4	C+5	C+6	C[1]	C[2]	C[3]	C+[1]	C+[2]	CO
 4.62852e+21	0.00e+00	2.89e-26	7.23e-20	2.09e-14	7.52e-09	1.50e-04	1.00e+00	0.00e+00	0.00e+00	0.00e+00	0.00e+00	0.00e+00	1.72e-124
 1.05351e+22	0.00e+00	1.77e-25	3.13e-19	6.40e-14	1.57e-08	2.14e-04	1.00e+00	0.00e+00	0.00e+00	0.00e+00	0.00e+00	0.00e+00	7.56e-121
 1.26783e+22	0.00e+00	5.96e-25	8.37e-19	1.36e-13	2.57e-08	2.72e-04	1.00e+00	0.00e+00	0.00e+00	0.00e+00	0.00e+00	0.00e+00	4.41e-116
 1.42353e+22	1.18e-32	1.57e-24	1.84e-18	2.49e-13	3.83e-08	3.28e-04	1.00e+00	0.00e+00	0.00e+00	0.00e+00	0.00e+00	0.00e+00	1.35e-92
 1.51003e+22	1.58e-32	2.00e-24	2.24e-18	2.90e-13	4.23e-08	3.45e-04	1.00e+00	0.00e+00	0.00e+00	0.00e+00	0.00e+00	0.00e+00	2.78e-90
 1.54423e+22	2.09e-32	2.53e-24	2.71e-18	3.35e-13	4.65e-08	3.61e-04	1.00e+00	0.00e+00	0.00e+00	0.00e+00	0.00e+00	0.00e+00	8.16e-90
 1.58309e+22	2.97e-32	3.40e-24	3.45e-18	4.04e-13	5.26e-08	3.82e-04	1.00e+00	0.00e+00	0.00e+00	0.00e+00	0.00e+00	0.00e+00	9.69e-90
 1.62263e+22	3.99e-32	4.35e-24	4.22e-18	4.72e-13	5.82e-08	4.01e-04	1.00e+00	0.00e+00	0.00e+00	0.00e+00	0.00e+00	0.00e+00	8.62e-89
 1.65751e+22	5.32e-32	5.55e-24	5.14e-18	5.50e-13	6.43e-08	4.21e-04	1.00e+00	0.00e+00	0.00e+00	0.00e+00	0.00e+00	0.00e+00	1.71e-88
 1.69172e+22	7.03e-32	7.01e-24	6.21e-18	6.38e-13	7.09e-08	4.41e-04	1.00e+00	0.00e+00	0.00e+00	0.00e+00	0.00e+00	0.00e+00	1.66e-88
 1.73064e+22	9.97e-32	9.41e-24	7.89e-18	7.68e-13	8.01e-08	4.67e-04	1.00e+00	0.00e+00	0.00e+00	0.00e+00	0.00e+00	0.00e+00	9.65e-88
 1.76751e+22	1.30e-31	1.18e-23	9.44e-18	8.81e-13	8.77e-08	4.88e-04	1.00e+00	0.00e+00	0.00e+00	0.00e+00	0.00e+00	0.00e+00	2.99e-87
 1.79613e+22	1.64e-31	1.43e-23	1.11e-17	9.97e-13	9.51e-08	5.07e-04	9.99e-01	0.00e+00	0.00e+00	0.00e+00	0.00e+00	0.00e+00	4.65e-87
 1.82774e+22	2.15e-31	1.80e-23	1.33e-17	1.15e-12	1.05e-07	5.31e-04	9.99e-01	0.00e+00	0.00e+00	0.00e+00	0.00e+00	0.00e+00	1.01e-86
 1.86201e+22	2.81e-31	2.25e-23	1.60e-17	1.33e-12	1.15e-07	5.54e-04	9.99e-01	0.00e+00	0.00e+00	0.00e+00	0.00e+00	0.00e+00	8.02e-87
 1.89400e+22	3.64e-31	2.80e-23	1.91e-17	1.53e-12	1.26e-07	5.79e-04	9.99e-01	0.00e+00	0.00e+00	0.00e+00	0.00e+00	0.00e+00	6.18e-87
 1.92399e+22	4.64e-31	3.43e-23	2.25e-17	1.73e-12	1.37e-07	6.03e-04	9.99e-01	0.00e+00	0.00e+00	0.00e+00	0.00e+00	0.00e+00	5.89e-87
 1.95715e+22	6.16e-31	4.35e-23	2.74e-17	2.02e-12	1.51e-07	6.32e-04	9.99e-01	0.00e+00	0.00e+00	0.00e+00	0.00e+00	0.00e+00	2.11e-86
 1.99223e+22	8.11e-31	5.48e-23	3.30e-17	2.34e-12	1.66e-07	6.62e-04	9.99e-01	0.00e+00	0.00e+00	0.00e+00	0.00e+00	0.00e+00	2.33e-85
 2.02319e+22	1.04e-30	6.75e-23	3.91e-17	2.67e-12	1.82e-07	6.89e-04	9.99e-01	0.00e+00	0.00e+00	0.00e+00	0.00e+00	0.00e+00	5.18e-85
 2.05028e+22	1.29e-30	8.09e-23	4.53e-17	2.99e-12	1.96e-07	7.15e-04	9.99e-01	0.00e+00	0.00e+00	0.00e+00	0.00e+00	0.00e+00	7.70e-85
 2.07509e+22	1.57e-30	9.57e-23	5.19e-17	3.33e-12	2.10e-07	7.39e-04	9.99e-01	0.00e+00	0.00e+00	0.00e+00	0.00e+00	0.00e+00	1.13e-84
 2.10348e+22	2.00e-30	1.17e-22	6.13e-17	3.78e-12	2.28e-07	7.68e-04	9.99e-01	0.00e+00	0.00e+00	0.00e+00	0.00e+00	0.00e+00	9.71e-85
 2.13425e+22	2.54e-30	1.43e-22	7.22e-17	4.30e-12	2.48e-07	8.00e-04	9.99e-01	0.00e+00	0.00e+00	0.00e+00	0.00e+00	0.00e+00	3.97e-84
 2.16238e+22	3.19e-30	1.74e-22	8.43e-17	4.84e-12	2.69e-07	8.31e-04	9.99e-01	0.00e+00	0.00e+00	0.00e+00	0.00e+00	0.00e+00	7.06e-84
 2.18899e+22	3.98e-30	2.09e-22	9.80e-17	5.44e-12	2.90e-07	8.61e-04	9.99e-01	0.00e+00	0.00e+00	0.00e+00	0.00e+00	0.00e+00	7.05e-84
 2.21520e+22	4.91e-30	2.49e-22	1.13e-16	6.09e-12	3.13e-07	8.92e-04	9.99e-01	0.00e+00	0.00e+00	0.00e+00	0.00e+00	0.00e+00	1.73e-83
 2.24517e+22	6.34e-30	3.09e-22	1.35e-16	6.99e-12	3.42e-07	9.31e-04	9.99e-01	0.00e+00	0.00e+00	0.00e+00	0.00e+00	0.00e+00	2.37e-83
 2.27655e+22	8.12e-30	3.80e-22	1.59e-16	7.94e-12	3.72e-07	9.70e-04	9.99e-01	0.00e+00	0.00e+00	0.00e+00	0.00e+00	0.00e+00	4.12e-83
 2.30369e+22	1.01e-29	4.56e-22	1.85e-16	8.91e-12	4.02e-07	1.01e-03	9.99e-01	0.00e+00	0.00e+00	0.00e+00	0.00e+00	0.00e+00	7.41e-83
 2.33289e+22	1.30e-29	5.65e-22	2.20e-16	1.02e-11	4.40e-07	1.05e-03	9.99e-01	0.00e+00	0.00e+00	0.00e+00	0.00e+00	0.00e+00	1.26e-82
 2.36188e+22	1.62e-29	6.78e-22	2.55e-16	1.14e-11	4.74e-07	1.09e-03	9.99e-01	0.00e+00	0.00e+00	0.00e+00	0.00e+00	0.00e+00	1.19e-82
 2.38549e+22	1.95e-29	7.93e-22	2.90e-16	1.26e-11	5.07e-07	1.12e-03	9.99e-01	0.00e+00	0.00e+00	0.00e+00	0.00e+00	0.00e+00	4.85e-82
 2.41110e+22	2.43e-29	9.54e-22	3.37e-16	1.42e-11	5.47e-07	1.16e-03	9.99e-01	0.00e+00	0.00e+00	0.00e+00	0.00e+00	0.00e+00	9.27e-82
 2.43896e+22	3.03e-29	1.15e-21	3.92e-16	1.60e-11	5.92e-07	1.21e-03	9.99e-01	0.00e+00	0.00e+00	0.00e+00	0.00e+00	0.00e+00	6.33e-82
 2.46452e+22	3.70e-29	1.36e-21	4.49e-16	1.77e-11	6.34e-07	1.25e-03	9.99e-01	0.00e+00	0.00e+00	0.00e+00	0.00e+00	0.00e+00	9.05e-82
 2.49255e+22	4.70e-29	1.66e-21	5.29e-16	2.02e-11	6.91e-07	1.30e-03	9.99e-01	0.00e+00	0.00e+00	0.00e+00	0.00e+00	0.00e+00	3.12e-81
 2.52112e+22	5.86e-29	2.00e-21	6.13e-16	2.26e-11	7.45e-07	1.35e-03	9.99e-01	0.00e+00	0.00e+00	0.00e+00	0.00e+00	0.00e+00	2.12e-80
 2.54510e+22	7.09e-29	2.34e-21	6.98e-16	2.50e-11	7.97e-07	1.39e-03	9.99e-01	0.00e+00	0.00e+00	0.00e+00	0.00e+00	0.00e+00	3.39e-80
 2.57095e+22	8.86e-29	2.82e-21	8.13e-16	2.82e-11	8.62e-07	1.45e-03	9.99e-01	0.00e+00	0.00e+00	0.00e+00	0.00e+00	0.00e+00	5.89e-80
 2.59876e+22	1.10e-28	3.39e-21	9.43e-16	3.16e-11	9.31e-07	1.50e-03	9.98e-01	0.00e+00	0.00e+00	0.00e+00	0.00e+00	0.00e+00	1.02e-79
 2.62406e+22	1.34e-28	4.00e-21	1.08e-15	3.51e-11	9.98e-07	1.55e-03	9.98e-01	0.00e+00	0.00e+00	0.00e+00	0.00e+00	0.00e+00	1.66e-79
 2.64749e+22	1.62e-28	4.68e-21	1.22e-15	3.87e-11	1.07e-06	1.60e-03	9.98e-01	0.00e+00	0.00e+00	0.00e+00	0.00e+00	0.00e+00	2.65e-79
 2.67010e+22	1.94e-28	5.44e-21	1.38e-15	4.26e-11	1.14e-06	1.65e-03	9.98e-01	0.00e+00	0.00e+00	0.00e+00	0.00e+00	0.00e+00	4.14e-79
 2.69602e+22	2.42e-28	6.53e-21	1.61e-15	4.78e-11	1.23e-06	1.71e-03	9.98e-01	0.00e+00	0.00e+00	0.00e+00	0.00e+00	0.00e+00	7.13e-79
 2.72356e+22	2.99e-28	7.81e-21	1.85e-15	5.34e-11	1.32e-06	1.78e-03	9.98e-01	0.00e+00	0.00e+00	0.00e+00	0.00e+00	0.00e+00	1.22e-78
 2.74813e+22	3.65e-28	9.21e-21	2.12e-15	5.92e-11	1.42e-06	1.84e-03	9.98e-01	0.00e+00	0.00e+00	0.00e+00	0.00e+00	0.00e+00	1.99e-78
 2.77501e+22	4.59e-28	1.12e-20	2.48e-15	6.69e-11	1.54e-06	1.91e-03	9.98e-01	0.00e+00	0.00e+00	0.00e+00	0.00e+00	0.00e+00	3.53e-78
 2.80352e+22	5.75e-28	1.35e-20	2.88e-15	7.50e-11	1.66e-06	1.99e-03	9.98e-01	0.00e+00	0.00e+00	0.00e+00	0.00e+00	0.00e+00	6.17e-78
 2.82767e+22	6.94e-28	1.57e-20	3.26e-15	8.27e-11	1.78e-06	2.05e-03	9.98e-01	0.00e+00	0.00e+00	0.00e+00	0.00e+00	0.00e+00	9.84e-78
 2.85256e+22	8.60e-28	1.88e-20	3.77e-15	9.26e-11	1.92e-06	2.13e-03	9.98e-01	0.00e+00	0.00e+00	0.00e+00	0.00e+00	0.00e+00	1.68e-77
 2.87913e+22	1.06e-27	2.23e-20	4.33e-15	1.03e-10	2.06e-06	2.20e-03	9.98e-01	0.00e+00	0.00e+00	0.00e+00	0.00e+00	0.00e+00	2.81e-77
 2.90336e+22	1.28e-27	2.62e-20	4.92e-15	1.14e-10	2.20e-06	2.28e-03	9.98e-01	0.00e+00	0.00e+00	0.00e+00	0.00e+00	0.00e+00	4.55e-77
 2.93035e+22	1.61e-27	3.18e-20	5.75e-15	1.28e-10	2.39e-06	2.37e-03	9.98e-01	0.00e+00	0.00e+00	0.00e+00	0.00e+00	0.00e+00	8.12e-77
 2.95870e+22	2.03e-27	3.83e-20	6.67e-15	1.43e-10	2.58e-06	2.47e-03	9.98e-01	0.00e+00	0.00e+00	0.00e+00	0.00e+00	0.00e+00	1.44e-76
 2.98212e+22	2.42e-27	4.44e-20	7.51e-15	1.57e-10	2.75e-06	2.54e-03	9.97e-01	0.00e+00	0.00e+00	0.00e+00	0.00e+00	0.00e+00	2.22e-76
 3.00586e+22	2.98e-27	5.27e-20	8.62e-15	1.75e-10	2.96e-06	2.64e-03	9.97e-01	0.00e+00	0.00e+00	0.00e+00	0.00e+00	0.00e+00	3.76e-76
 3.03139e+22	3.63e-27	6.21e-20	9.82e-15	1.93e-10	3.17e-06	2.73e-03	9.97e-01	0.00e+00	0.00e+00	0.00e+00	0.00e+00	0.00e+00	6.19e-76
 3.05526e+22	4.41e-27	7.28e-20	1.11e-14	2.13e-10	3.38e-06	2.83e-03	9.97e-01	0.00e+00	0.00e+00	0.00e+00	0.00e+00	0.00e+00	1.00e-75
 3.08230e+22	5.57e-27	8.83e-20	1.30e-14	2.39e-10	3.67e-06	2.94e-03	9.97e-01	0.00e+00	0.00e+00	0.00e+00	0.00e+00	0.00e+00	1.81e-75
 3.11029e+22	6.99e-27	1.06e-19	1.50e-14	2.67e-10	3.96e-06	3.06e-03	9.97e-01	0.00e+00	0.00e+00	0.00e+00	0.00e+00	0.00e+00	3.21e-75
 3.13297e+22	8.28e-27	1.22e-19	1.68e-14	2.91e-10	4.21e-06	3.16e-03	9.97e-01	0.00e+00	0.00e+00	0.00e+00	0.00e+00	0.00e+00	4.90e-75
 3.15589e+22	1.02e-26	1.45e-19	1.92e-14	3.22e-10	4.52e-06	3.28e-03	9.97e-01	0.00e+00	0.00e+00	0.00e+00	0.00e+00	0.00e+00	8.35e-75
 3.18029e+22	1.24e-26	1.70e-19	2.18e-14	3.53e-10	4.82e-06	3.39e-03	9.97e-01	0.00e+00	0.00e+00	0.00e+00	0.00e+00	0.00e+00	1.36e-74
 3.20303e+22	1.49e-26	1.98e-19	2.46e-14	3.86e-10	5.14e-06	3.51e-03	9.96e-01	0.00e+00	0.00e+00	0.00e+00	0.00e+00	0.00e+00	2.19e-74
 3.22903e+22	1.90e-26	2.41e-19	2.86e-14	4.32e-10	5.57e-06	3.66e-03	9.96e-01	0.00e+00	0.00e+00	0.00e+00	0.00e+00	0.00e+00	4.04e-74
 3.25534e+22	2.33e-26	2.84e-19	3.25e-14	4.75e-10	5.96e-06	3.80e-03	9.96e-01	0.00e+00	0.00e+00	0.00e+00	0.00e+00	0.00e+00	6.76e-74
 3.27733e+22	2.80e-26	3.29e-19	3.65e-14	5.17e-10	6.33e-06	3.93e-03	9.96e-01	0.00e+00	0.00e+00	0.00e+00	0.00e+00	0.00e+00	1.08e-73
 3.29797e+22	3.34e-26	3.80e-19	4.08e-14	5.61e-10	6.71e-06	4.05e-03	9.96e-01	0.00e+00	0.00e+00	0.00e+00	0.00e+00	0.00e+00	1.69e-73
 3.32159e+22	4.17e-26	4.54e-19	4.68e-14	6.20e-10	7.22e-06	4.22e-03	9.96e-01	0.00e+00	0.00e+00	0.00e+00	0.00e+00	0.00e+00	3.00e-73
 3.34596e+22	5.03e-26	5.28e-19	5.26e-14	6.76e-10	7.68e-06	4.37e-03	9.96e-01	0.00e+00	0.00e+00	0.00e+00	0.00e+00	0.00e+00	4.83e-73
 3.37131e+22	6.46e-26	6.45e-19	6.13e-14	7.54e-10	8.33e-06	4.57e-03	9.95e-01	0.00e+00	0.00e+00	0.00e+00	0.00e+00	0.00e+00	9.19e-73
 3.39625e+22	7.78e-26	7.50e-19	6.88e-14	8.20e-10	8.86e-06	4.73e-03	9.95e-01	0.00e+00	0.00e+00	0.00e+00	0.00e+00	0.00e+00	1.49e-72
 3.41693e+22	9.35e-26	8.68e-19	7.69e-14	8.86e-10	9.38e-06	4.90e-03	9.95e-01	0.00e+00	0.00e+00	0.00e+00	0.00e+00	0.00e+00	2.40e-72
 3.43678e+22	1.11e-25	9.95e-19	8.53e-14	9.55e-10	9.92e-06	5.06e-03	9.95e-01	0.00e+00	0.00e+00	0.00e+00	0.00e+00	0.00e+00	3.73e-72
 3.45925e+22	1.37e-25	1.18e-18	9.69e-14	1.04e-09	1.06e-05	5.26e-03	9.95e-01	0.00e+00	0.00e+00	0.00e+00	0.00e+00	0.00e+00	6.45e-72
 3.48280e+22	1.67e-25	1.38e-18	1.09e-13	1.13e-09	1.13e-05	5.46e-03	9.95e-01	0.00e+00	0.00e+00	0.00e+00	0.00e+00	0.00e+00	1.08e-71
 3.50371e+22	2.01e-25	1.59e-18	1.22e-13	1.22e-09	1.20e-05	5.65e-03	9.94e-01	0.00e+00	0.00e+00	0.00e+00	0.00e+00	0.00e+00	1.76e-71
 3.52381e+22	2.40e-25	1.84e-18	1.35e-13	1.32e-09	1.27e-05	5.84e-03	9.94e-01	0.00e+00	0.00e+00	0.00e+00	0.00e+00	0.00e+00	2.80e-71
 3.54373e+22	2.87e-25	2.11e-18	1.50e-13	1.42e-09	1.34e-05	6.04e-03	9.94e-01	0.00e+00	0.00e+00	0.00e+00	0.00e+00	0.00e+00	4.49e-71
 3.56332e+22	3.42e-25	2.42e-18	1.67e-13	1.52e-09	1.41e-05	6.24e-03	9.94e-01	0.00e+00	0.00e+00	0.00e+00	0.00e+00	0.00e+00	7.09e-71
 3.58563e+22	4.31e-25	2.91e-18	1.91e-13	1.66e-09	1.52e-05	6.53e-03	9.93e-01	0.00e+00	0.00e+00	0.00e+00	0.00e+00	0.00e+00	1.31e-70
 3.60768e+22	5.13e-25	3.33e-18	2.11e-13	1.78e-09	1.60e-05	6.74e-03	9.93e-01	0.00e+00	0.00e+00	0.00e+00	0.00e+00	0.00e+00	2.07e-70
 3.62936e+22	6.35e-25	3.94e-18	2.39e-13	1.94e-09	1.71e-05	7.03e-03	9.93e-01	0.00e+00	0.00e+00	0.00e+00	0.00e+00	0.00e+00	3.66e-70
 3.65191e+22	7.74e-25	4.60e-18	2.68e-13	2.09e-09	1.82e-05	7.30e-03	9.93e-01	0.00e+00	0.00e+00	0.00e+00	0.00e+00	0.00e+00	6.21e-70
 3.67102e+22	9.17e-25	5.25e-18	2.95e-13	2.23e-09	1.91e-05	7.54e-03	9.92e-01	0.00e+00	0.00e+00	0.00e+00	0.00e+00	0.00e+00	9.71e-70
 3.69130e+22	1.13e-24	6.16e-18	3.32e-13	2.41e-09	2.04e-05	7.84e-03	9.92e-01	0.00e+00	0.00e+00	0.00e+00	0.00e+00	0.00e+00	1.69e-69
 3.71256e+22	1.36e-24	7.12e-18	3.69e-13	2.59e-09	2.16e-05	8.13e-03	9.92e-01	0.00e+00	0.00e+00	0.00e+00	0.00e+00	0.00e+00	2.79e-69
 3.73150e+22	1.61e-24	8.15e-18	4.07e-13	2.76e-09	2.27e-05	8.40e-03	9.92e-01	0.00e+00	0.00e+00	0.00e+00	0.00e+00	0.00e+00	4.43e-69
 3.75251e+22	2.00e-24	9.63e-18	4.60e-13	2.99e-09	2.43e-05	8.76e-03	9.91e-01	0.00e+00	0.00e+00	0.00e+00	0.00e+00	0.00e+00	7.93e-69
 3.77402e+22	2.41e-24	1.11e-17	5.12e-13	3.20e-09	2.57e-05	9.09e-03	9.91e-01	0.00e+00	0.00e+00	0.00e+00	0.00e+00	0.00e+00	1.32e-68
 3.79282e+22	2.89e-24	1.28e-17	5.65e-13	3.41e-09	2.71e-05	9.41e-03	9.91e-01	0.00e+00	0.00e+00	0.00e+00	0.00e+00	0.00e+00	2.15e-68
 3.81394e+22	3.59e-24	1.52e-17	6.39e-13	3.70e-09	2.89e-05	9.81e-03	9.90e-01	0.00e+00	0.00e+00	0.00e+00	0.00e+00	0.00e+00	3.87e-68
 3.83541e+22	4.34e-24	1.75e-17	7.10e-13	3.95e-09	3.06e-05	1.02e-02	9.90e-01	0.00e+00	0.00e+00	0.00e+00	0.00e+00	0.00e+00	6.49e-68
 3.85402e+22	5.18e-24	2.01e-17	7.84e-13	4.21e-09	3.23e-05	1.05e-02	9.89e-01	0.00e+00	0.00e+00	0.00e+00	0.00e+00	0.00e+00	1.05e-67
 3.87491e+22	6.46e-24	2.38e-17	8.87e-13	4.55e-09	3.45e-05	1.10e-02	9.89e-01	0.00e+00	0.00e+00	0.00e+00	0.00e+00	0.00e+00	1.92e-67
 3.89664e+22	7.88e-24	2.78e-17	9.90e-13	4.87e-09	3.66e-05	1.14e-02	9.89e-01	0.00e+00	0.00e+00	0.00e+00	0.00e+00	0.00e+00	3.33e-67
 3.91607e+22	9.46e-24	3.20e-17	1.10e-12	5.20e-09	3.87e-05	1.18e-02	9.88e-01	0.00e+00	0.00e+00	0.00e+00	0.00e+00	0.00e+00	5.49e-67
 3.93464e+22	1.14e-23	3.68e-17	1.21e-12	5.53e-09	4.08e-05	1.23e-02	9.88e-01	0.00e+00	0.00e+00	0.00e+00	0.00e+00	0.00e+00	9.13e-67
 3.95229e+22	1.35e-23	4.19e-17	1.33e-12	5.86e-09	4.30e-05	1.27e-02	9.87e-01	0.00e+00	0.00e+00	0.00e+00	0.00e+00	0.00e+00	1.45e-66
 3.97208e+22	1.68e-23	4.98e-17	1.50e-12	6.31e-09	4.59e-05	1.32e-02	9.87e-01	0.00e+00	0.00e+00	0.00e+00	4.98e-17	5.50e-26	2.71e-66
 3.99199e+22	2.02e-23	5.72e-17	1.66e-12	6.70e-09	4.84e-05	1.37e-02	9.86e-01	0.00e+00	0.00e+00	0.00e+00	5.72e-17	6.91e-24	4.48e-66
 4.00810e+22	2.35e-23	6.44e-17	1.81e-12	7.05e-09	5.07e-05	1.41e-02	9.86e-01	0.00e+00	0.00e+00	0.00e+00	6.44e-17	7.78e-24	6.85e-66
 4.02202e+22	2.72e-23	7.18e-17	1.95e-12	7.38e-09	5.28e-05	1.45e-02	9.85e-01	0.00e+00	0.00e+00	0.00e+00	7.18e-17	8.67e-24	1.02e-65
 4.03485e+22	3.10e-23	7.94e-17	2.10e-12	7.71e-09	5.49e-05	1.49e-02	9.85e-01	0.00e+00	0.00e+00	0.00e+00	7.94e-17	9.60e-24	1.47e-65
 4.04933e+22	3.65e-23	9.00e-17	2.29e-12	8.13e-09	5.76e-05	1.54e-02	9.85e-01	0.00e+00	0.00e+00	0.00e+00	9.00e-17	1.09e-23	2.31e-65
 4.06383e+22	4.18e-23	1.00e-16	2.47e-12	8.50e-09	6.00e-05	1.58e-02	9.84e-01	0.00e+00	0.00e+00	0.00e+00	1.00e-16	1.21e-23	3.39e-65
 4.07609e+22	4.78e-23	1.11e-16	2.65e-12	8.87e-09	6.24e-05	1.62e-02	9.84e-01	0.00e+00	0.00e+00	0.00e+00	1.11e-16	1.34e-23	4.92e-65
 4.08789e+22	5.43e-23	1.22e-16	2.84e-12	9.24e-09	6.48e-05	1.66e-02	9.83e-01	0.00e+00	0.00e+00	0.00e+00	1.22e-16	1.48e-23	7.03e-65
 4.10137e+22	6.37e-23	1.38e-16	3.10e-12	9.73e-09	6.79e-05	1.71e-02	9.83e-01	0.00e+00	0.00e+00	0.00e+00	1.38e-16	1.67e-23	1.09e-64
 4.11474e+22	7.25e-23	1.52e-16	3.33e-12	1.01e-08	7.06e-05	1.75e-02	9.82e-01	0.00e+00	0.00e+00	0.00e+00	1.52e-16	1.84e-23	1.57e-64
 4.12604e+22	8.25e-23	1.68e-16	3.57e-12	1.06e-08	7.33e-05	1.79e-02	9.82e-01	0.00e+00	0.00e+00	0.00e+00	1.68e-16	2.03e-23	2.25e-64
 4.13704e+22	9.37e-23	1.85e-16	3.82e-12	1.10e-08	7.61e-05	1.84e-02	9.82e-01	0.00e+00	0.00e+00	0.00e+00	1.85e-16	2.24e-23	3.21e-64
 4.14959e+22	1.10e-22	2.09e-16	4.16e-12	1.15e-08	7.97e-05	1.89e-02	9.81e-01	0.00e+00	0.00e+00	0.00e+00	2.09e-16	2.53e-23	4.97e-64
 4.16245e+22	1.27e-22	2.33e-16	4.50e-12	1.21e-08	8.30e-05	1.94e-02	9.80e-01	0.00e+00	0.00e+00	0.00e+00	2.33e-16	2.82e-23	7.40e-64
 4.17353e+22	1.44e-22	2.58e-16	4.82e-12	1.26e-08	8.62e-05	1.99e-02	9.80e-01	0.00e+00	0.00e+00	0.00e+00	2.58e-16	3.12e-23	1.06e-63
 4.18380e+22	1.63e-22	2.83e-16	5.16e-12	1.31e-08	8.94e-05	2.03e-02	9.80e-01	0.00e+00	0.00e+00	0.00e+00	2.83e-16	3.43e-23	1.49e-63
 4.19367e+22	1.84e-22	3.11e-16	5.51e-12	1.36e-08	9.26e-05	2.08e-02	9.79e-01	0.00e+00	0.00e+00	0.00e+00	3.11e-16	3.77e-23	2.08e-63
 4.20497e+22	2.15e-22	3.50e-16	6.00e-12	1.42e-08	9.69e-05	2.14e-02	9.79e-01	0.00e+00	0.00e+00	0.00e+00	3.50e-16	4.24e-23	3.20e-63
 4.21645e+22	2.47e-22	3.90e-16	6.47e-12	1.49e-08	1.01e-04	2.19e-02	9.78e-01	0.00e+00	0.00e+00	0.00e+00	3.90e-16	4.72e-23	4.69e-63
 4.22629e+22	2.80e-22	4.30e-16	6.94e-12	1.55e-08	1.05e-04	2.24e-02	9.77e-01	0.00e+00	0.00e+00	0.00e+00	4.30e-16	5.20e-23	6.61e-63
 4.23718e+22	4.76e-26	4.87e-16	7.58e-12	1.63e-08	1.10e-04	2.31e-02	9.77e-01	0.00e+00	0.00e+00	0.00e+00	4.87e-16	5.90e-23	3.27e-63
 4.24838e+22	5.55e-26	5.45e-16	8.21e-12	1.70e-08	1.14e-04	2.36e-02	9.76e-01	0.00e+00	0.00e+00	0.00e+00	5.45e-16	6.60e-23	2.64e-63
 4.25828e+22	6.42e-26	6.06e-16	8.86e-12	1.78e-08	1.19e-04	2.42e-02	9.76e-01	0.00e+00	0.00e+00	0.00e+00	6.06e-16	7.34e-23	3.79e-63
 4.26942e+22	7.79e-26	6.98e-16	9.81e-12	1.89e-08	1.25e-04	2.50e-02	9.75e-01	0.00e+00	0.00e+00	0.00e+00	6.98e-16	8.47e-23	6.15e-63
 4.28069e+22	9.13e-26	7.85e-16	1.07e-11	1.98e-08	1.31e-04	2.56e-02	9.74e-01	0.00e+00	0.00e+00	0.00e+00	7.85e-16	9.52e-23	9.12e-63
 4.29031e+22	1.06e-25	8.74e-16	1.15e-11	2.07e-08	1.36e-04	2.62e-02	9.74e-01	0.00e+00	0.00e+00	0.00e+00	8.74e-16	1.06e-22	1.31e-62
 4.30100e+22	1.31e-25	1.02e-15	1.29e-11	2.21e-08	1.44e-04	2.71e-02	9.73e-01	0.00e+00	0.00e+00	0.00e+00	1.02e-15	1.24e-22	2.21e-62
 4.31150e+22	1.51e-25	1.14e-15	1.40e-11	2.32e-08	1.50e-04	2.77e-02	9.72e-01	0.00e+00	0.00e+00	0.00e+00	1.14e-15	1.38e-22	3.15e-62
 4.32176e+22	1.86e-25	1.34e-15	1.57e-11	2.48e-08	1.59e-04	2.86e-02	9.71e-01	0.00e+00	0.00e+00	0.00e+00	1.34e-15	1.62e-22	5.28e-62
 4.33182e+22	2.14e-25	1.49e-15	1.70e-11	2.60e-08	1.65e-04	2.92e-02	9.71e-01	0.00e+00	0.00e+00	0.00e+00	1.49e-15	1.81e-22	7.47e-62
 4.34162e+22	2.66e-25	1.76e-15	1.92e-11	2.79e-08	1.75e-04	3.01e-02	9.70e-01	0.00e+00	0.00e+00	0.00e+00	1.76e-15	2.13e-22	1.27e-61
 4.35137e+22	3.09e-25	1.97e-15	2.09e-11	2.94e-08	1.82e-04	3.08e-02	9.69e-01	0.00e+00	0.00e+00	0.00e+00	1.97e-15	2.39e-22	1.82e-61
 4.36106e+22	3.85e-25	2.34e-15	2.37e-11	3.17e-08	1.93e-04	3.18e-02	9.68e-01	0.00e+00	0.00e+00	0.00e+00	2.34e-15	2.85e-22	3.12e-61
 4.37083e+22	4.54e-25	2.66e-15	2.60e-11	3.36e-08	2.02e-04	3.26e-02	9.67e-01	0.00e+00	0.00e+00	0.00e+00	2.66e-15	3.23e-22	4.62e-61
 4.38072e+22	5.75e-25	3.20e-15	2.99e-11	3.65e-08	2.15e-04	3.37e-02	9.66e-01	0.00e+00	0.00e+00	0.00e+00	3.20e-15	3.90e-22	8.16e-61
 4.39071e+22	6.84e-25	3.67e-15	3.31e-11	3.89e-08	2.26e-04	3.45e-02	9.65e-01	0.00e+00	0.00e+00	0.00e+00	3.67e-15	4.47e-22	1.23e-60
 4.40083e+22	8.71e-25	4.45e-15	3.82e-11	4.25e-08	2.41e-04	3.57e-02	9.64e-01	0.00e+00	0.00e+00	0.00e+00	4.45e-15	5.41e-22	2.18e-60
 4.41086e+22	1.05e-24	5.15e-15	4.27e-11	4.56e-08	2.53e-04	3.66e-02	9.63e-01	0.00e+00	0.00e+00	0.00e+00	5.15e-15	6.28e-22	3.38e-60
 4.42078e+22	1.35e-24	6.29e-15	4.97e-11	5.01e-08	2.70e-04	3.79e-02	9.62e-01	0.00e+00	0.00e+00	0.00e+00	6.29e-15	7.66e-22	6.04e-60
 4.43090e+22	1.65e-24	7.39e-15	5.61e-11	5.41e-08	2.85e-04	3.89e-02	9.61e-01	0.00e+00	0.00e+00	0.00e+00	7.39e-15	9.00e-22	9.64e-60
 4.44126e+22	2.15e-24	9.17e-15	6.62e-11	6.01e-08	3.06e-04	4.03e-02	9.59e-01	0.00e+00	0.00e+00	0.00e+00	9.17e-15	1.12e-21	1.79e-59
 4.45167e+22	2.66e-24	1.09e-14	7.53e-11	6.53e-08	3.24e-04	4.15e-02	9.58e-01	0.00e+00	0.00e+00	0.00e+00	1.09e-14	1.32e-21	2.90e-59
 4.46216e+22	3.52e-24	1.36e-14	8.96e-11	7.30e-08	3.49e-04	4.30e-02	9.57e-01	0.00e+00	0.00e+00	0.00e+00	1.36e-14	1.66e-21	5.49e-59
 4.47272e+22	4.37e-24	1.62e-14	1.03e-10	7.96e-08	3.69e-04	4.43e-02	9.55e-01	0.00e+00	0.00e+00	0.00e+00	1.62e-14	1.98e-21	8.97e-59
 4.48186e+22	5.42e-24	1.93e-14	1.17e-10	8.68e-08	3.90e-04	4.55e-02	9.54e-01	0.00e+00	0.00e+00	0.00e+00	1.93e-14	2.36e-21	1.45e-58
 4.49224e+22	7.15e-24	2.42e-14	1.39e-10	9.72e-08	4.20e-04	4.71e-02	9.52e-01	0.00e+00	0.00e+00	0.00e+00	2.42e-14	2.95e-21	2.70e-58
 4.50263e+22	8.87e-24	2.88e-14	1.60e-10	1.06e-07	4.44e-04	4.85e-02	9.51e-01	0.00e+00	0.00e+00	0.00e+00	2.88e-14	3.52e-21	4.36e-58
 4.51305e+22	1.17e-23	3.62e-14	1.90e-10	1.19e-07	4.78e-04	5.02e-02	9.49e-01	0.00e+00	0.00e+00	0.00e+00	3.62e-14	4.42e-21	8.10e-58
 4.52362e+22	1.46e-23	4.32e-14	2.18e-10	1.31e-07	5.06e-04	5.16e-02	9.48e-01	0.00e+00	0.00e+00	0.00e+00	4.32e-14	5.28e-21	1.31e-57
 4.53439e+22	1.93e-23	5.42e-14	2.61e-10	1.47e-07	5.45e-04	5.35e-02	9.46e-01	0.00e+00	0.00e+00	0.00e+00	5.42e-14	6.63e-21	2.42e-57
 4.54542e+22	2.42e-23	6.52e-14	3.01e-10	1.61e-07	5.78e-04	5.50e-02	9.44e-01	0.00e+00	0.00e+00	0.00e+00	6.52e-14	7.98e-21	3.97e-57
 4.55680e+22	3.25e-23	8.27e-14	3.62e-10	1.83e-07	6.24e-04	5.71e-02	9.42e-01	0.00e+00	0.00e+00	0.00e+00	8.27e-14	1.01e-20	7.51e-57
 4.56839e+22	4.06e-23	9.93e-14	4.17e-10	2.01e-07	6.63e-04	5.88e-02	9.41e-01	0.00e+00	0.00e+00	0.00e+00	9.93e-14	1.22e-20	1.22e-56
 4.58027e+22	5.45e-23	1.26e-13	5.03e-10	2.27e-07	7.16e-04	6.10e-02	9.38e-01	0.00e+00	0.00e+00	0.00e+00	1.26e-13	1.54e-20	2.31e-56
 4.59213e+22	6.76e-23	1.50e-13	5.77e-10	2.50e-07	7.58e-04	6.27e-02	9.37e-01	0.00e+00	0.00e+00	0.00e+00	1.50e-13	1.84e-20	3.69e-56
 4.60397e+22	8.97e-23	1.89e-13	6.91e-10	2.82e-07	8.18e-04	6.50e-02	9.34e-01	0.00e+00	0.00e+00	0.00e+00	1.89e-13	2.32e-20	6.80e-56
 4.61608e+22	1.12e-22	2.26e-13	7.93e-10	3.09e-07	8.67e-04	6.68e-02	9.32e-01	0.00e+00	0.00e+00	0.00e+00	2.26e-13	2.77e-20	1.09e-55
 4.62855e+22	1.49e-22	2.85e-13	9.53e-10	3.50e-07	9.36e-04	6.93e-02	9.30e-01	0.00e+00	0.00e+00	0.00e+00	2.85e-13	3.50e-20	2.02e-55
 4.64065e+22	1.80e-22	3.32e-13	1.08e-09	3.80e-07	9.86e-04	7.11e-02	9.28e-01	0.00e+00	0.00e+00	0.00e+00	3.32e-13	4.08e-20	3.04e-55
 4.65225e+22	2.33e-22	4.10e-13	1.27e-09	4.25e-07	1.06e-03	7.35e-02	9.25e-01	0.00e+00	0.00e+00	0.00e+00	4.10e-13	5.03e-20	5.28e-55
 4.66414e+22	2.84e-22	4.81e-13	1.44e-09	4.63e-07	1.12e-03	7.53e-02	9.24e-01	0.00e+00	0.00e+00	0.00e+00	4.81e-13	5.91e-20	8.06e-55
 4.67640e+22	3.72e-22	5.97e-13	1.70e-09	5.20e-07	1.20e-03	7.80e-02	9.21e-01	0.00e+00	0.00e+00	0.00e+00	5.97e-13	7.34e-20	1.42e-54
 4.68883e+22	4.51e-22	6.97e-13	1.93e-09	5.66e-07	1.26e-03	7.99e-02	9.19e-01	0.00e+00	0.00e+00	0.00e+00	6.97e-13	8.57e-20	2.15e-54
 4.70147e+22	5.84e-22	8.57e-13	2.27e-09	6.33e-07	1.36e-03	8.27e-02	9.16e-01	0.00e+00	0.00e+00	0.00e+00	8.57e-13	1.06e-19	3.71e-54
 4.71400e+22	7.09e-22	1.00e-12	2.56e-09	6.88e-07	1.43e-03	8.47e-02	9.14e-01	0.00e+00	0.00e+00	0.00e+00	1.00e-12	1.23e-19	5.57e-54
 4.72641e+22	9.14e-22	1.23e-12	3.01e-09	7.69e-07	1.53e-03	8.75e-02	9.11e-01	0.00e+00	0.00e+00	0.00e+00	1.23e-12	1.51e-19	9.53e-54
 4.73894e+22	1.10e-21	1.42e-12	3.38e-09	8.33e-07	1.61e-03	8.96e-02	9.09e-01	0.00e+00	0.00e+00	0.00e+00	1.42e-12	1.75e-19	1.40e-53
 4.75163e+22	1.41e-21	1.73e-12	3.96e-09	9.29e-07	1.72e-03	9.26e-02	9.06e-01	0.00e+00	0.00e+00	0.00e+00	1.73e-12	2.14e-19	2.37e-53
 4.76456e+22	1.70e-21	2.01e-12	4.45e-09	1.01e-06	1.81e-03	9.48e-02	9.03e-01	0.00e+00	0.00e+00	0.00e+00	2.01e-12	2.48e-19	3.51e-53
 4.77781e+22	2.19e-21	2.46e-12	5.23e-09	1.13e-06	1.95e-03	9.80e-02	9.00e-01	0.00e+00	0.00e+00	0.00e+00	2.46e-12	3.04e-19	5.97e-53
 4.79130e+22	2.65e-21	2.86e-12	5.89e-09	1.22e-06	2.05e-03	1.00e-01	8.98e-01	0.00e+00	0.00e+00	0.00e+00	2.86e-12	3.54e-19	8.88e-53
 4.80511e+22	3.79e-22	3.51e-12	6.92e-09	1.37e-06	2.20e-03	1.04e-01	8.94e-01	0.00e+00	0.00e+00	0.00e+00	3.51e-12	4.34e-19	1.51e-52
 4.81917e+22	4.52e-22	4.08e-12	7.80e-09	1.49e-06	2.32e-03	1.06e-01	8.91e-01	0.00e+00	0.00e+00	0.00e+00	4.08e-12	5.05e-19	2.26e-52
 4.83357e+22	5.95e-22	5.00e-12	9.18e-09	1.67e-06	2.49e-03	1.10e-01	8.88e-01	0.00e+00	0.00e+00	0.00e+00	5.00e-12	6.20e-19	3.86e-52
 4.84764e+22	7.14e-22	5.71e-12	1.02e-08	1.80e-06	2.61e-03	1.12e-01	8.85e-01	0.00e+00	0.00e+00	0.00e+00	5.71e-12	7.08e-19	5.49e-52
 4.86129e+22	9.28e-22	6.94e-12	1.19e-08	2.00e-06	2.79e-03	1.16e-01	8.81e-01	0.00e+00	0.00e+00	0.00e+00	6.94e-12	8.61e-19	9.13e-52
 4.87515e+22	1.12e-21	7.93e-12	1.32e-08	2.16e-06	2.93e-03	1.19e-01	8.78e-01	0.00e+00	0.00e+00	0.00e+00	7.93e-12	9.84e-19	1.30e-51
 4.88930e+22	1.44e-21	9.55e-12	1.54e-08	2.39e-06	3.13e-03	1.22e-01	8.75e-01	0.00e+00	0.00e+00	0.00e+00	9.55e-12	1.19e-18	2.13e-51
 4.90388e+22	1.77e-21	1.11e-11	1.73e-08	2.60e-06	3.30e-03	1.25e-01	8.71e-01	0.00e+00	0.00e+00	0.00e+00	1.11e-11	1.38e-18	3.16e-51
 4.91903e+22	2.28e-21	1.34e-11	2.01e-08	2.89e-06	3.53e-03	1.29e-01	8.67e-01	0.00e+00	0.00e+00	0.00e+00	1.34e-11	1.66e-18	5.17e-51
 4.93468e+22	2.84e-21	1.56e-11	2.28e-08	3.16e-06	3.73e-03	1.33e-01	8.64e-01	0.00e+00	0.00e+00	0.00e+00	1.56e-11	1.95e-18	7.84e-51
 4.95098e+22	3.70e-21	1.90e-11	2.66e-08	3.53e-06	4.00e-03	1.37e-01	8.59e-01	0.00e+00	0.00e+00	0.00e+00	1.90e-11	2.36e-18	1.31e-50
 4.96772e+22	4.65e-21	2.23e-11	3.02e-08	3.87e-06	4.24e-03	1.41e-01	8.55e-01	0.00e+00	0.00e+00	0.00e+00	2.23e-11	2.78e-18	2.01e-50
 4.98504e+22	6.11e-21	2.72e-11	3.54e-08	4.33e-06	4.56e-03	1.45e-01	8.50e-01	0.00e+00	0.00e+00	0.00e+00	2.72e-11	3.39e-18	3.41e-50
 5.00294e+22	7.75e-21	3.21e-11	4.05e-08	4.77e-06	4.84e-03	1.49e-01	8.46e-01	0.00e+00	0.00e+00	0.00e+00	3.21e-11	4.02e-18	5.33e-50
 5.02158e+22	1.03e-20	3.95e-11	4.78e-08	5.36e-06	5.22e-03	1.54e-01	8.40e-01	0.00e+00	0.00e+00	0.00e+00	3.95e-11	4.95e-18	9.25e-50
 5.04072e+22	1.32e-20	4.70e-11	5.50e-08	5.93e-06	5.56e-03	1.59e-01	8.35e-01	0.00e+00	0.00e+00	0.00e+00	4.70e-11	5.90e-18	1.47e-49
 5.05792e+22	1.65e-20	5.53e-11	6.26e-08	6.51e-06	5.90e-03	1.63e-01	8.31e-01	0.00e+00	0.00e+00	0.00e+00	5.53e-11	6.95e-18	2.27e-49
 5.07768e+22	2.26e-20	6.94e-11	7.51e-08	7.41e-06	6.40e-03	1.69e-01	8.24e-01	0.00e+00	0.00e+00	0.00e+00	6.94e-11	8.73e-18	4.14e-49
 5.09756e+22	2.84e-20	8.15e-11	8.55e-08	8.13e-06	6.79e-03	1.74e-01	8.19e-01	0.00e+00	0.00e+00	0.00e+00	8.15e-11	1.03e-17	6.38e-49
 5.11760e+22	3.85e-20	1.02e-10	1.02e-07	9.23e-06	7.36e-03	1.80e-01	8.12e-01	0.00e+00	0.00e+00	0.00e+00	1.02e-10	1.28e-17	1.15e-48
 5.13806e+22	4.93e-20	1.21e-10	1.18e-07	1.02e-05	7.84e-03	1.85e-01	8.07e-01	0.00e+00	0.00e+00	0.00e+00	1.21e-10	1.54e-17	1.83e-48
 5.15908e+22	6.75e-20	1.53e-10	1.41e-07	1.16e-05	8.52e-03	1.92e-01	7.99e-01	0.00e+00	0.00e+00	0.00e+00	1.53e-10	1.93e-17	3.36e-48
 5.18042e+22	8.71e-20	1.84e-10	1.64e-07	1.30e-05	9.11e-03	1.98e-01	7.93e-01	0.00e+00	0.00e+00	0.00e+00	1.84e-10	2.33e-17	5.46e-48
 5.20220e+22	1.21e-19	2.34e-10	1.99e-07	1.49e-05	9.94e-03	2.06e-01	7.85e-01	0.00e+00	0.00e+00	0.00e+00	2.34e-10	2.98e-17	1.03e-47
 5.22407e+22	1.56e-19	2.82e-10	2.31e-07	1.65e-05	1.06e-02	2.12e-01	7.78e-01	0.00e+00	0.00e+00	0.00e+00	2.82e-10	3.59e-17	1.67e-47
 5.24222e+22	1.97e-19	3.33e-10	2.65e-07	1.82e-05	1.13e-02	2.17e-01	7.72e-01	0.00e+00	0.00e+00	0.00e+00	3.33e-10	4.26e-17	2.60e-47
 5.26197e+22	2.67e-19	4.19e-10	3.18e-07	2.08e-05	1.22e-02	2.25e-01	7.63e-01	0.00e+00	0.00e+00	0.00e+00	4.19e-10	5.36e-17	4.66e-47
 5.28164e+22	3.34e-19	4.94e-10	3.63e-07	2.28e-05	1.30e-02	2.30e-01	7.57e-01	0.00e+00	0.00e+00	0.00e+00	4.94e-10	6.33e-17	7.16e-47
 5.30120e+22	4.53e-19	6.21e-10	4.36e-07	2.60e-05	1.41e-02	2.38e-01	7.47e-01	0.00e+00	0.00e+00	0.00e+00	6.21e-10	7.97e-17	1.28e-46
 5.32103e+22	5.72e-19	7.39e-10	5.01e-07	2.87e-05	1.50e-02	2.45e-01	7.40e-01	0.00e+00	0.00e+00	0.00e+00	7.39e-10	9.51e-17	2.00e-46
 5.34119e+22	7.84e-19	9.38e-10	6.07e-07	3.29e-05	1.63e-02	2.53e-01	7.30e-01	0.00e+00	0.00e+00	0.00e+00	9.38e-10	1.21e-16	3.64e-46
 5.36160e+22	9.97e-19	1.12e-09	7.02e-07	3.65e-05	1.74e-02	2.60e-01	7.22e-01	0.00e+00	0.00e+00	0.00e+00	1.12e-09	1.45e-16	5.75e-46
 5.38233e+22	1.38e-18	1.44e-09	8.55e-07	4.20e-05	1.89e-02	2.69e-01	7.12e-01	0.00e+00	0.00e+00	0.00e+00	1.44e-09	1.86e-16	1.06e-45
 5.40346e+22	1.78e-18	1.75e-09	1.00e-06	4.70e-05	2.03e-02	2.77e-01	7.03e-01	0.00e+00	0.00e+00	0.00e+00	1.75e-09	2.27e-16	1.72e-45
 5.42512e+22	2.49e-18	2.26e-09	1.23e-06	5.45e-05	2.22e-02	2.87e-01	6.90e-01	0.00e+00	0.00e+00	0.00e+00	2.26e-09	2.95e-16	3.24e-45
 5.44721e+22	3.27e-18	2.78e-09	1.46e-06	6.14e-05	2.39e-02	2.96e-01	6.80e-01	0.00e+00	0.00e+00	0.00e+00	2.78e-09	3.64e-16	5.37e-45
 5.46987e+22	4.64e-18	3.65e-09	1.82e-06	7.19e-05	2.63e-02	3.07e-01	6.67e-01	0.00e+00	0.00e+00	0.00e+00	3.65e-09	4.80e-16	1.04e-44
 5.49271e+22	6.11e-18	4.51e-09	2.16e-06	8.12e-05	2.83e-02	3.16e-01	6.56e-01	0.00e+00	0.00e+00	0.00e+00	4.51e-09	5.95e-16	1.72e-44
 5.51190e+22	7.85e-18	5.47e-09	2.53e-06	9.10e-05	3.03e-02	3.24e-01	6.45e-01	0.00e+00	0.00e+00	0.00e+00	5.47e-09	7.25e-16	2.73e-44
 5.53268e+22	1.08e-17	7.01e-09	3.09e-06	1.05e-04	3.31e-02	3.35e-01	6.32e-01	0.00e+00	0.00e+00	0.00e+00	7.01e-09	9.32e-16	4.88e-44
 5.55362e+22	1.39e-17	8.52e-09	3.62e-06	1.18e-04	3.55e-02	3.44e-01	6.21e-01	0.00e+00	0.00e+00	0.00e+00	8.52e-09	1.14e-15	7.71e-44
 5.57412e+22	1.87e-17	1.08e-08	4.39e-06	1.36e-04	3.85e-02	3.54e-01	6.07e-01	0.00e+00	0.00e+00	0.00e+00	1.08e-08	1.45e-15	1.33e-43
 5.59503e+22	2.42e-17	1.32e-08	5.19e-06	1.53e-04	4.14e-02	3.63e-01	5.95e-01	0.00e+00	0.00e+00	0.00e+00	1.32e-08	1.78e-15	2.11e-43
 5.61552e+22	3.21e-17	1.65e-08	6.24e-06	1.75e-04	4.49e-02	3.73e-01	5.81e-01	0.00e+00	0.00e+00	0.00e+00	1.65e-08	2.24e-15	3.50e-43
 5.63643e+22	4.17e-17	2.03e-08	7.41e-06	1.98e-04	4.83e-02	3.83e-01	5.68e-01	0.00e+00	0.00e+00	0.00e+00	2.03e-08	2.78e-15	5.58e-43
 5.65711e+22	5.45e-17	2.51e-08	8.85e-06	2.26e-04	5.22e-02	3.93e-01	5.55e-01	5.45e-17	1.06e-22	2.52e-23	2.51e-08	3.46e-15	8.94e-43
 5.67791e+22	7.06e-17	3.07e-08	1.05e-05	2.56e-04	5.62e-02	4.03e-01	5.41e-01	7.06e-17	2.53e-21	3.98e-22	3.07e-08	4.28e-15	1.40e-42
 5.69845e+22	9.11e-17	3.76e-08	1.24e-05	2.90e-04	6.04e-02	4.12e-01	5.27e-01	9.10e-17	3.27e-21	5.15e-22	3.76e-08	5.27e-15	2.18e-42
 5.71896e+22	1.17e-16	4.57e-08	1.47e-05	3.28e-04	6.49e-02	4.21e-01	5.13e-01	1.17e-16	4.20e-21	6.62e-22	4.57e-08	6.48e-15	3.33e-42
 5.73950e+22	1.49e-16	5.55e-08	1.73e-05	3.71e-04	6.97e-02	4.30e-01	4.99e-01	1.49e-16	5.38e-21	8.49e-22	5.55e-08	7.95e-15	5.05e-42
 5.76011e+22	1.90e-16	6.70e-08	2.04e-05	4.19e-04	7.48e-02	4.39e-01	4.85e-01	1.90e-16	6.87e-21	1.08e-21	6.70e-08	9.71e-15	7.58e-42
 5.78085e+22	2.42e-16	8.09e-08	2.40e-05	4.73e-04	8.02e-02	4.48e-01	4.71e-01	2.42e-16	8.74e-21	1.38e-21	8.09e-08	1.19e-14	1.13e-41
 5.80177e+22	3.06e-16	9.72e-08	2.82e-05	5.34e-04	8.59e-02	4.56e-01	4.57e-01	3.06e-16	1.11e-20	1.75e-21	9.72e-08	1.44e-14	1.66e-41
 5.82293e+22	3.87e-16	1.17e-07	3.31e-05	6.03e-04	9.20e-02	4.65e-01	4.43e-01	3.87e-16	1.40e-20	2.22e-21	1.17e-07	1.75e-14	2.44e-41
 5.84420e+22	4.87e-16	1.39e-07	3.87e-05	6.78e-04	9.83e-02	4.72e-01	4.29e-01	4.87e-16	1.77e-20	2.81e-21	1.39e-07	2.12e-14	3.52e-41
 5.86581e+22	6.14e-16	1.67e-07	4.53e-05	7.66e-04	1.05e-01	4.80e-01	4.14e-01	6.14e-16	2.24e-20	3.55e-21	1.67e-07	2.57e-14	5.10e-41
 5.88767e+22	7.68e-16	1.98e-07	5.29e-05	8.61e-04	1.12e-01	4.87e-01	4.00e-01	7.68e-16	2.81e-20	4.46e-21	1.98e-07	3.09e-14	7.28e-41
 5.90995e+22	9.68e-16	2.36e-07	6.19e-05	9.71e-04	1.20e-01	4.94e-01	3.85e-01	9.68e-16	3.54e-20	5.64e-21	2.36e-07	3.73e-14	1.05e-40
 5.93068e+22	1.17e-15	2.72e-07	7.03e-05	1.07e-03	1.26e-01	4.99e-01	3.73e-01	1.17e-15	4.28e-20	6.81e-21	2.72e-07	4.33e-14	1.39e-40
 5.95199e+22	1.47e-15	3.24e-07	8.25e-05	1.21e-03	1.35e-01	5.06e-01	3.58e-01	1.47e-15	5.41e-20	8.62e-21	3.24e-07	5.24e-14	2.00e-40
 5.97363e+22	1.78e-15	3.72e-07	9.35e-05	1.33e-03	1.42e-01	5.10e-01	3.46e-01	1.78e-15	6.56e-20	1.05e-20	3.72e-07	6.06e-14	2.65e-40
 5.99580e+22	1.52e-14	4.43e-07	1.10e-04	1.51e-03	1.52e-01	5.15e-01	3.31e-01	1.52e-14	5.61e-19	8.96e-20	4.43e-07	7.31e-14	3.79e-40
 6.01810e+22	1.90e-14	5.05e-07	1.24e-04	1.66e-03	1.60e-01	5.19e-01	3.19e-01	1.90e-14	7.03e-19	1.12e-19	5.05e-07	8.42e-14	5.01e-40
 6.04058e+22	2.53e-14	5.97e-07	1.45e-04	1.87e-03	1.71e-01	5.23e-01	3.05e-01	2.53e-14	9.41e-19	1.51e-19	5.97e-07	1.01e-13	7.06e-40
 6.06318e+22	3.21e-14	6.78e-07	1.63e-04	2.05e-03	1.79e-01	5.25e-01	2.94e-01	3.21e-14	1.19e-18	1.92e-19	6.78e-07	1.15e-13	9.23e-40
 6.08594e+22	4.36e-14	7.97e-07	1.90e-04	2.31e-03	1.90e-01	5.28e-01	2.79e-01	4.36e-14	1.63e-18	2.62e-19	7.97e-07	1.37e-13	1.29e-39
 6.10888e+22	5.67e-14	9.01e-07	2.13e-04	2.52e-03	1.99e-01	5.30e-01	2.69e-01	5.67e-14	2.13e-18	3.42e-19	9.01e-07	1.56e-13	1.68e-39
 6.13207e+22	8.01e-14	1.05e-06	2.47e-04	2.83e-03	2.11e-01	5.31e-01	2.55e-01	8.01e-14	3.02e-18	4.86e-19	1.05e-06	1.85e-13	2.33e-39
 6.15555e+22	1.10e-13	1.19e-06	2.77e-04	3.09e-03	2.21e-01	5.32e-01	2.44e-01	1.10e-13	4.14e-18	6.68e-19	1.19e-06	2.11e-13	3.03e-39
 6.17941e+22	1.67e-13	1.38e-06	3.20e-04	3.47e-03	2.33e-01	5.32e-01	2.31e-01	1.67e-13	6.35e-18	1.03e-18	1.38e-06	2.48e-13	4.21e-39
 6.20364e+22	2.54e-13	1.56e-06	3.59e-04	3.79e-03	2.44e-01	5.31e-01	2.21e-01	2.54e-13	9.67e-18	1.57e-18	1.56e-06	2.82e-13	5.51e-39
 6.22838e+22	4.61e-13	1.81e-06	4.15e-04	4.25e-03	2.57e-01	5.30e-01	2.08e-01	4.61e-13	1.76e-17	2.86e-18	1.81e-06	3.32e-13	7.75e-39
 6.25364e+22	9.03e-13	2.05e-06	4.65e-04	4.64e-03	2.69e-01	5.28e-01	1.98e-01	9.03e-13	3.47e-17	5.63e-18	2.05e-06	3.78e-13	1.04e-38
 6.27958e+22	2.42e-12	2.38e-06	5.38e-04	5.21e-03	2.83e-01	5.25e-01	1.86e-01	2.42e-12	9.34e-17	1.52e-17	2.38e-06	4.46e-13	1.53e-38
 6.30617e+22	7.40e-12	2.69e-06	6.03e-04	5.70e-03	2.95e-01	5.22e-01	1.76e-01	7.40e-12	2.87e-16	4.67e-17	2.69e-06	5.09e-13	2.35e-38
 6.33361e+22	2.32e-11	3.13e-06	7.00e-04	6.41e-03	3.12e-01	5.17e-01	1.64e-01	2.32e-11	9.05e-16	1.48e-16	3.13e-06	6.01e-13	4.45e-38
 6.35941e+22	3.52e-11	3.46e-06	7.70e-04	6.89e-03	3.22e-01	5.13e-01	1.57e-01	3.52e-11	1.38e-15	2.26e-16	3.46e-06	6.71e-13	6.47e-38
 6.38307e+22	4.94e-11	3.93e-06	8.71e-04	7.59e-03	3.36e-01	5.08e-01	1.47e-01	4.94e-11	1.94e-15	3.19e-16	3.93e-06	7.71e-13	9.54e-38
 6.40656e+22	6.22e-11	4.32e-06	9.53e-04	8.14e-03	3.46e-01	5.04e-01	1.41e-01	6.22e-11	2.46e-15	4.04e-16	4.32e-06	8.57e-13	1.28e-37
 6.42981e+22	7.89e-11	4.86e-06	1.07e-03	8.94e-03	3.61e-01	4.98e-01	1.32e-01	7.89e-11	3.13e-15	5.16e-16	4.86e-06	9.78e-13	1.78e-37
 6.45319e+22	9.53e-11	5.34e-06	1.17e-03	9.56e-03	3.71e-01	4.93e-01	1.26e-01	9.53e-11	3.80e-15	6.27e-16	5.34e-06	1.09e-12	2.36e-37
 6.47676e+22	1.17e-10	6.01e-06	1.31e-03	1.05e-02	3.85e-01	4.85e-01	1.18e-01	1.17e-10	4.70e-15	7.78e-16	6.01e-06	1.24e-12	3.28e-37
 6.50075e+22	1.38e-10	6.61e-06	1.44e-03	1.12e-02	3.96e-01	4.80e-01	1.12e-01	1.38e-10	5.58e-15	9.26e-16	6.61e-06	1.38e-12	4.34e-37
 6.52527e+22	1.67e-10	7.44e-06	1.61e-03	1.23e-02	4.11e-01	4.71e-01	1.04e-01	1.67e-10	6.78e-15	1.13e-15	7.44e-06	1.57e-12	6.01e-37
 6.55014e+22	1.95e-10	8.19e-06	1.76e-03	1.31e-02	4.22e-01	4.65e-01	9.85e-02	1.95e-10	7.95e-15	1.32e-15	8.19e-06	1.75e-12	7.97e-37
 6.57545e+22	2.32e-10	9.22e-06	1.98e-03	1.44e-02	4.37e-01	4.55e-01	9.15e-02	2.32e-10	9.53e-15	1.59e-15	9.22e-06	2.01e-12	1.11e-36
 6.60123e+22	2.69e-10	1.02e-05	2.16e-03	1.54e-02	4.48e-01	4.48e-01	8.63e-02	2.69e-10	1.11e-14	1.86e-15	1.02e-05	2.25e-12	1.49e-36
 6.62765e+22	3.18e-10	1.15e-05	2.43e-03	1.68e-02	4.64e-01	4.37e-01	7.97e-02	3.18e-10	1.32e-14	2.22e-15	1.15e-05	2.58e-12	2.09e-36
 6.65464e+22	3.66e-10	1.27e-05	2.67e-03	1.80e-02	4.75e-01	4.29e-01	7.48e-02	3.66e-10	1.53e-14	2.58e-15	1.27e-05	2.89e-12	2.81e-36
 6.68238e+22	4.32e-10	1.43e-05	3.00e-03	1.98e-02	4.91e-01	4.18e-01	6.87e-02	4.32e-10	1.83e-14	3.09e-15	1.43e-05	3.34e-12	4.05e-36
 6.71081e+22	4.96e-10	1.59e-05	3.30e-03	2.12e-02	5.03e-01	4.09e-01	6.42e-02	4.96e-10	2.12e-14	3.58e-15	1.59e-05	3.76e-12	5.52e-36
 6.74013e+22	5.87e-10	1.81e-05	3.72e-03	2.33e-02	5.18e-01	3.96e-01	5.86e-02	5.87e-10	2.53e-14	4.29e-15	1.81e-05	4.38e-12	8.15e-36
 6.76974e+22	6.72e-10	2.01e-05	4.09e-03	2.49e-02	5.30e-01	3.86e-01	5.45e-02	6.72e-10	2.92e-14	4.98e-15	2.01e-05	4.94e-12	1.12e-35
 6.79972e+22	7.91e-10	2.28e-05	4.61e-03	2.73e-02	5.45e-01	3.73e-01	4.96e-02	7.91e-10	3.47e-14	5.94e-15	2.28e-05	5.76e-12	1.68e-35
 6.83011e+22	9.08e-10	2.54e-05	5.06e-03	2.92e-02	5.56e-01	3.63e-01	4.60e-02	9.08e-10	4.02e-14	6.90e-15	2.54e-05	6.53e-12	2.35e-35
 6.86103e+22	1.06e-09	2.89e-05	5.70e-03	3.20e-02	5.71e-01	3.50e-01	4.15e-02	1.06e-09	4.77e-14	8.22e-15	2.89e-05	7.63e-12	3.55e-35
 6.89114e+22	1.21e-09	3.19e-05	6.21e-03	3.40e-02	5.81e-01	3.40e-01	3.87e-02	1.21e-09	5.46e-14	9.44e-15	3.19e-05	8.59e-12	4.88e-35
 6.92018e+22	1.40e-09	3.60e-05	6.93e-03	3.69e-02	5.94e-01	3.27e-01	3.51e-02	1.40e-09	6.39e-14	1.11e-14	3.60e-05	9.94e-12	7.23e-35
 6.95036e+22	1.60e-09	4.01e-05	7.59e-03	3.93e-02	6.04e-01	3.17e-01	3.24e-02	1.60e-09	7.40e-14	1.29e-14	4.01e-05	1.13e-11	1.03e-34
 6.97617e+22	1.78e-09	4.39e-05	8.20e-03	4.16e-02	6.12e-01	3.08e-01	3.02e-02	1.78e-09	8.34e-14	1.46e-14	4.39e-05	1.26e-11	1.39e-34
 7.00387e+22	2.04e-09	4.91e-05	9.07e-03	4.48e-02	6.23e-01	2.96e-01	2.74e-02	2.04e-09	9.65e-14	1.69e-14	4.91e-05	1.45e-11	2.03e-34
 7.03159e+22	2.27e-09	5.38e-05	9.79e-03	4.73e-02	6.30e-01	2.87e-01	2.55e-02	2.27e-09	1.09e-13	1.91e-14	5.38e-05	1.62e-11	2.74e-34
 7.05933e+22	2.60e-09	6.02e-05	1.08e-02	5.06e-02	6.40e-01	2.76e-01	2.32e-02	2.60e-09	1.26e-13	2.23e-14	6.02e-05	1.86e-11	4.03e-34
 7.08819e+22	2.91e-09	6.63e-05	1.17e-02	5.38e-02	6.47e-01	2.66e-01	2.13e-02	2.91e-09	1.43e-13	2.53e-14	6.63e-05	2.10e-11	5.62e-34
 7.11397e+22	3.27e-09	7.29e-05	1.27e-02	5.68e-02	6.54e-01	2.57e-01	1.97e-02	3.27e-09	1.62e-13	2.88e-14	7.29e-05	2.36e-11	7.77e-34
 7.14297e+22	3.76e-09	8.20e-05	1.40e-02	6.07e-02	6.62e-01	2.46e-01	1.78e-02	3.76e-09	1.89e-13	3.38e-14	8.20e-05	2.73e-11	1.17e-33
 7.17346e+22	4.25e-09	9.11e-05	1.52e-02	6.45e-02	6.68e-01	2.36e-01	1.63e-02	4.25e-09	2.17e-13	3.89e-14	9.11e-05	3.11e-11	1.68e-33
 7.20118e+22	4.77e-09	1.01e-04	1.65e-02	6.82e-02	6.74e-01	2.26e-01	1.49e-02	4.77e-09	2.47e-13	4.44e-14	1.01e-04	3.52e-11	2.38e-33
 7.23249e+22	5.53e-09	1.14e-04	1.83e-02	7.30e-02	6.80e-01	2.15e-01	1.33e-02	5.53e-09	2.92e-13	5.26e-14	1.14e-04	4.13e-11	3.70e-33
 7.26474e+22	6.28e-09	1.27e-04	1.99e-02	7.75e-02	6.85e-01	2.05e-01	1.21e-02	6.28e-09	3.36e-13	6.09e-14	1.27e-04	4.73e-11	5.42e-33
 7.29337e+22	7.10e-09	1.41e-04	2.16e-02	8.18e-02	6.89e-01	1.96e-01	1.10e-02	7.10e-09	3.85e-13	7.01e-14	1.41e-04	5.40e-11	7.80e-33
 7.32579e+22	8.24e-09	1.60e-04	2.39e-02	8.77e-02	6.93e-01	1.85e-01	9.73e-03	8.23e-09	4.56e-13	8.35e-14	1.60e-04	6.37e-11	1.24e-32
 7.35913e+22	9.35e-09	1.79e-04	2.61e-02	9.28e-02	6.96e-01	1.76e-01	8.77e-03	9.35e-09	5.27e-13	9.67e-14	1.79e-04	7.33e-11	1.83e-32
 7.39366e+22	1.10e-08	2.05e-04	2.90e-02	9.95e-02	6.99e-01	1.65e-01	7.69e-03	1.10e-08	6.34e-13	1.17e-13	2.05e-04	8.76e-11	3.01e-32
 7.42879e+22	1.25e-08	2.30e-04	3.16e-02	1.05e-01	7.00e-01	1.56e-01	6.88e-03	1.25e-08	7.37e-13	1.37e-13	2.30e-04	1.02e-10	4.54e-32
 7.46470e+22	1.48e-08	2.66e-04	3.52e-02	1.13e-01	7.00e-01	1.45e-01	5.98e-03	1.48e-08	8.93e-13	1.66e-13	2.66e-04	1.22e-10	7.62e-32
 7.50121e+22	1.70e-08	2.99e-04	3.85e-02	1.19e-01	7.00e-01	1.37e-01	5.31e-03	1.70e-08	1.04e-12	1.96e-13	2.99e-04	1.43e-10	1.17e-31
 7.53360e+22	1.94e-08	3.35e-04	4.19e-02	1.26e-01	6.98e-01	1.29e-01	4.72e-03	1.94e-08	1.22e-12	2.29e-13	3.35e-04	1.66e-10	1.77e-31
 7.57077e+22	2.31e-08	3.89e-04	4.67e-02	1.35e-01	6.95e-01	1.19e-01	4.06e-03	2.31e-08	1.49e-12	2.82e-13	3.89e-04	2.02e-10	3.03e-31
 7.60841e+22	2.63e-08	4.38e-04	5.09e-02	1.42e-01	6.92e-01	1.11e-01	3.57e-03	2.63e-08	1.74e-12	3.31e-13	4.38e-04	2.36e-10	4.69e-31
 7.64665e+22	3.16e-08	5.10e-04	5.67e-02	1.51e-01	6.86e-01	1.02e-01	3.04e-03	3.16e-08	2.16e-12	4.12e-13	5.10e-04	2.89e-10	8.16e-31
 7.68530e+22	3.64e-08	5.77e-04	6.18e-02	1.59e-01	6.80e-01	9.52e-02	2.66e-03	3.64e-08	2.55e-12	4.89e-13	5.77e-04	3.41e-10	1.28e-30
 7.72449e+22	4.37e-08	6.74e-04	6.89e-02	1.70e-01	6.72e-01	8.67e-02	2.24e-03	4.37e-08	3.16e-12	6.10e-13	6.74e-04	4.20e-10	2.25e-30
 7.76405e+22	4.59e-08	7.64e-04	7.50e-02	1.78e-01	6.64e-01	8.03e-02	1.95e-03	4.59e-08	3.41e-12	6.60e-13	7.64e-04	4.95e-10	3.41e-30
 7.80409e+22	5.59e-08	8.96e-04	8.36e-02	1.89e-01	6.52e-01	7.26e-02	1.63e-03	5.59e-08	4.30e-12	8.37e-13	8.96e-04	6.13e-10	6.13e-30
 7.84455e+22	6.54e-08	1.02e-03	9.09e-02	1.98e-01	6.42e-01	6.69e-02	1.40e-03	6.54e-08	5.17e-12	1.01e-12	1.02e-03	7.26e-10	9.74e-30
 7.88554e+22	8.01e-08	1.20e-03	1.01e-01	2.10e-01	6.27e-01	5.99e-02	1.16e-03	8.01e-08	6.57e-12	1.29e-12	1.20e-03	9.03e-10	1.77e-29
 7.92706e+22	9.41e-08	1.36e-03	1.10e-01	2.19e-01	6.14e-01	5.48e-02	9.90e-04	9.41e-08	7.95e-12	1.57e-12	1.36e-03	1.08e-09	2.84e-29
 7.96929e+22	1.16e-07	1.61e-03	1.22e-01	2.30e-01	5.96e-01	4.86e-02	8.06e-04	1.16e-07	1.02e-11	2.02e-12	1.61e-03	1.35e-09	5.22e-29
 8.01074e+22	1.35e-07	1.82e-03	1.32e-01	2.39e-01	5.82e-01	4.44e-02	6.90e-04	1.35e-07	1.23e-11	2.44e-12	1.82e-03	1.59e-09	8.18e-29
 8.05120e+22	1.65e-07	2.13e-03	1.46e-01	2.50e-01	5.62e-01	3.93e-02	5.62e-04	1.65e-07	1.56e-11	3.12e-12	2.13e-03	1.98e-09	1.46e-28
 8.09012e+22	1.90e-07	2.38e-03	1.56e-01	2.57e-01	5.48e-01	3.61e-02	4.86e-04	1.90e-07	1.85e-11	3.72e-12	2.38e-03	2.30e-09	2.19e-28
 8.12705e+22	2.28e-07	2.74e-03	1.70e-01	2.66e-01	5.28e-01	3.20e-02	4.00e-04	2.28e-07	2.30e-11	4.64e-12	2.74e-03	2.80e-09	3.70e-28
 8.16399e+22	2.63e-07	3.06e-03	1.82e-01	2.73e-01	5.12e-01	2.92e-02	3.43e-04	2.63e-07	2.74e-11	5.53e-12	3.06e-03	3.26e-09	5.54e-28
 8.20092e+22	3.14e-07	3.51e-03	1.97e-01	2.81e-01	4.92e-01	2.60e-02	2.83e-04	3.14e-07	3.40e-11	6.89e-12	3.51e-03	3.95e-09	9.18e-28
