#depth	Si	Si+	Si+2	Si+3	Si+4	Si+5	Si+6	Si+7	Si+8	Si+9	Si+10	Si+11	Si+12	Si+13	Si+14
 4.62852e+21	0.00e+00	0.00e+00	0.00e+00	0.00e+00	0.00e+00	0.00e+00	3.46e-24	1.98e-20	4.89e-17	5.96e-14	4.53e-11	3.45e-08	6.18e-05	1.43e-02	9.86e-01
 1.05351e+22	0.00e+00	0.00e+00	0.00e+00	0.00e+00	0.00e+00	4.92e-27	5.94e-23	2.36e-19	4.13e-16	3.52e-13	1.87e-10	9.99e-08	1.26e-04	2.03e-02	9.80e-01
 1.26783e+22	0.00e+00	0.00e+00	0.00e+00	0.00e+00	1.34e-30	4.22e-26	4.00e-22	1.25e-18	1.72e-15	1.15e-12	4.83e-10	2.03e-07	2.01e-04	2.57e-02	9.74e-01
 1.42353e+22	0.00e+00	0.00e+00	0.00e+00	0.00e+00	9.06e-30	2.34e-25	1.83e-21	4.74e-18	5.35e-15	2.95e-12	1.03e-09	3.57e-07	2.93e-04	3.09e-02	9.69e-01
 1.51003e+22	0.00e+00	0.00e+00	0.00e+00	0.00e+00	1.46e-29	3.61e-25	2.69e-21	6.61e-18	7.11e-15	3.73e-12	1.24e-09	4.12e-07	3.22e-04	3.24e-02	9.67e-01
 1.54423e+22	0.00e+00	0.00e+00	0.00e+00	0.00e+00	2.33e-29	5.47e-25	3.89e-21	9.14e-18	9.37e-15	4.70e-12	1.49e-09	4.72e-07	3.53e-04	3.38e-02	9.66e-01
 1.58309e+22	0.00e+00	0.00e+00	0.00e+00	0.00e+00	4.17e-29	9.26e-25	6.20e-21	1.37e-17	1.33e-14	6.26e-12	1.88e-09	5.61e-07	3.95e-04	3.58e-02	9.64e-01
 1.62263e+22	0.00e+00	0.00e+00	0.00e+00	0.00e+00	6.81e-29	1.44e-24	9.17e-21	1.93e-17	1.77e-14	7.98e-12	2.28e-09	6.48e-07	4.35e-04	3.75e-02	9.62e-01
 1.65751e+22	0.00e+00	0.00e+00	0.00e+00	0.00e+00	1.10e-28	2.21e-24	1.34e-20	2.69e-17	2.36e-14	1.01e-11	2.75e-09	7.47e-07	4.78e-04	3.93e-02	9.60e-01
 1.69172e+22	0.00e+00	0.00e+00	0.00e+00	0.00e+00	1.76e-28	3.37e-24	1.95e-20	3.73e-17	3.12e-14	1.27e-11	3.31e-09	8.57e-07	5.24e-04	4.11e-02	9.58e-01
 1.73064e+22	0.00e+00	0.00e+00	0.00e+00	0.00e+00	3.13e-28	5.66e-24	3.09e-20	5.58e-17	4.39e-14	1.69e-11	4.16e-09	1.02e-06	5.86e-04	4.34e-02	9.56e-01
 1.76751e+22	0.00e+00	0.00e+00	0.00e+00	0.00e+00	4.86e-28	8.41e-24	4.40e-20	7.59e-17	5.71e-14	2.10e-11	4.94e-09	1.16e-06	6.39e-04	4.53e-02	9.54e-01
 1.79613e+22	0.00e+00	0.00e+00	0.00e+00	7.16e-33	7.15e-28	1.19e-23	5.98e-20	9.93e-17	7.18e-14	2.54e-11	5.76e-09	1.30e-06	6.89e-04	4.70e-02	9.52e-01
 1.82774e+22	0.00e+00	0.00e+00	0.00e+00	1.18e-32	1.12e-27	1.79e-23	8.59e-20	1.36e-16	9.39e-14	3.18e-11	6.88e-09	1.48e-06	7.53e-04	4.91e-02	9.50e-01
 1.86201e+22	0.00e+00	0.00e+00	0.00e+00	1.91e-32	1.75e-27	2.66e-23	1.22e-19	1.85e-16	1.22e-13	3.95e-11	8.19e-09	1.69e-06	8.20e-04	5.12e-02	9.48e-01
 1.89400e+22	0.00e+00	0.00e+00	0.00e+00	3.09e-32	2.71e-27	3.93e-23	1.73e-19	2.51e-16	1.58e-13	4.90e-11	9.72e-09	1.92e-06	8.93e-04	5.33e-02	9.46e-01
 1.92399e+22	0.00e+00	0.00e+00	0.00e+00	4.81e-32	4.04e-27	5.64e-23	2.38e-19	3.31e-16	2.01e-13	5.97e-11	1.14e-08	2.16e-06	9.66e-04	5.54e-02	9.44e-01
 1.95715e+22	0.00e+00	0.00e+00	0.00e+00	8.08e-32	6.47e-27	8.62e-23	3.47e-19	4.60e-16	2.65e-13	7.52e-11	1.37e-08	2.48e-06	1.06e-03	5.79e-02	9.41e-01
 1.99223e+22	0.00e+00	0.00e+00	0.00e+00	1.34e-31	1.03e-26	1.30e-22	5.02e-19	6.35e-16	3.49e-13	9.45e-11	1.64e-08	2.84e-06	1.16e-03	6.05e-02	9.38e-01
 2.02319e+22	0.00e+00	0.00e+00	0.00e+00	2.11e-31	1.55e-26	1.89e-22	6.97e-19	8.46e-16	4.46e-13	1.16e-10	1.93e-08	3.20e-06	1.25e-03	6.29e-02	9.36e-01
 2.05028e+22	0.00e+00	0.00e+00	0.00e+00	3.15e-31	2.23e-26	2.62e-22	9.31e-19	1.09e-15	5.54e-13	1.38e-10	2.23e-08	3.57e-06	1.35e-03	6.50e-02	9.34e-01
 2.07509e+22	0.00e+00	0.00e+00	0.00e+00	4.52e-31	3.10e-26	3.52e-22	1.21e-18	1.37e-15	6.72e-13	1.63e-10	2.54e-08	3.92e-06	1.43e-03	6.71e-02	9.31e-01
 2.10348e+22	0.00e+00	0.00e+00	0.00e+00	7.00e-31	4.61e-26	5.03e-22	1.66e-18	1.80e-15	8.51e-13	1.98e-10	2.96e-08	4.41e-06	1.55e-03	6.96e-02	9.29e-01
 2.13425e+22	0.00e+00	0.00e+00	0.00e+00	1.09e-30	6.88e-26	7.21e-22	2.29e-18	2.38e-15	1.08e-12	2.41e-10	3.47e-08	4.96e-06	1.67e-03	7.23e-02	9.26e-01
 2.16238e+22	0.00e+00	0.00e+00	0.00e+00	1.65e-30	1.00e-25	1.01e-21	3.09e-18	3.10e-15	1.35e-12	2.90e-10	4.03e-08	5.54e-06	1.80e-03	7.48e-02	9.23e-01
 2.18899e+22	0.00e+00	0.00e+00	0.00e+00	2.46e-30	1.44e-25	1.40e-21	4.13e-18	3.99e-15	1.68e-12	3.47e-10	4.64e-08	6.16e-06	1.93e-03	7.74e-02	9.21e-01
 2.21520e+22	0.00e+00	0.00e+00	0.00e+00	3.63e-30	2.06e-25	1.93e-21	5.48e-18	5.11e-15	2.07e-12	4.13e-10	5.34e-08	6.83e-06	2.07e-03	8.00e-02	9.18e-01
 2.24517e+22	0.00e+00	0.00e+00	0.00e+00	5.77e-30	3.14e-25	2.82e-21	7.67e-18	6.85e-15	2.66e-12	5.08e-10	6.30e-08	7.73e-06	2.24e-03	8.31e-02	9.15e-01
 2.27655e+22	0.00e+00	0.00e+00	0.00e+00	9.07e-30	4.73e-25	4.08e-21	1.07e-17	9.12e-15	3.39e-12	6.22e-10	7.40e-08	8.72e-06	2.43e-03	8.63e-02	9.11e-01
 2.30369e+22	0.00e+00	0.00e+00	0.00e+00	1.35e-29	6.79e-25	5.65e-21	1.42e-17	1.17e-14	4.20e-12	7.43e-10	8.53e-08	9.69e-06	2.60e-03	8.92e-02	9.08e-01
 2.33289e+22	0.00e+00	0.00e+00	0.00e+00	2.14e-29	1.03e-24	8.25e-21	1.99e-17	1.57e-14	5.40e-12	9.13e-10	1.01e-07	1.10e-05	2.82e-03	9.27e-02	9.04e-01
 2.36188e+22	0.00e+00	0.00e+00	0.00e+00	3.20e-29	1.49e-24	1.14e-20	2.66e-17	2.03e-14	6.70e-12	1.09e-09	1.16e-07	1.22e-05	3.02e-03	9.59e-02	9.01e-01
 2.38549e+22	0.00e+00	0.00e+00	0.00e+00	4.51e-29	2.04e-24	1.52e-20	3.41e-17	2.52e-14	8.07e-12	1.28e-09	1.31e-07	1.33e-05	3.21e-03	9.86e-02	8.98e-01
 2.41110e+22	0.00e+00	0.00e+00	0.00e+00	6.73e-29	2.93e-24	2.10e-20	4.56e-17	3.24e-14	1.00e-11	1.52e-09	1.51e-07	1.48e-05	3.44e-03	1.02e-01	8.95e-01
 2.43896e+22	0.00e+00	0.00e+00	3.48e-33	1.01e-28	4.24e-24	2.93e-20	6.13e-17	4.20e-14	1.25e-11	1.83e-09	1.75e-07	1.65e-05	3.69e-03	1.05e-01	8.91e-01
 2.46452e+22	0.00e+00	0.00e+00	5.16e-33	1.45e-28	5.90e-24	3.95e-20	7.98e-17	5.29e-14	1.52e-11	2.15e-09	1.99e-07	1.82e-05	3.93e-03	1.09e-01	8.88e-01
 2.49255e+22	0.00e+00	0.00e+00	8.28e-33	2.25e-28	8.79e-24	5.65e-20	1.10e-16	6.97e-14	1.92e-11	2.61e-09	2.33e-07	2.04e-05	4.24e-03	1.12e-01	8.83e-01
 2.52112e+22	0.00e+00	0.00e+00	1.28e-32	3.37e-28	1.27e-23	7.86e-20	1.47e-16	9.01e-14	2.39e-11	3.13e-09	2.69e-07	2.27e-05	4.55e-03	1.16e-01	8.79e-01
 2.54510e+22	0.00e+00	0.00e+00	1.88e-32	4.78e-28	1.74e-23	1.05e-19	1.90e-16	1.12e-13	2.89e-11	3.66e-09	3.04e-07	2.49e-05	4.84e-03	1.20e-01	8.76e-01
 2.57095e+22	0.00e+00	0.00e+00	2.91e-32	7.17e-28	2.52e-23	1.46e-19	2.54e-16	1.45e-13	3.59e-11	4.39e-09	3.52e-07	2.78e-05	5.19e-03	1.23e-01	8.71e-01
 2.59876e+22	0.00e+00	0.00e+00	4.51e-32	1.07e-27	3.64e-23	2.03e-19	3.41e-16	1.88e-13	4.47e-11	5.26e-09	4.06e-07	3.09e-05	5.56e-03	1.28e-01	8.67e-01
 2.62406e+22	0.00e+00	0.00e+00	6.68e-32	1.54e-27	5.07e-23	2.73e-19	4.44e-16	2.36e-13	5.43e-11	6.19e-09	4.62e-07	3.40e-05	5.92e-03	1.31e-01	8.63e-01
 2.64749e+22	0.00e+00	0.00e+00	9.72e-32	2.18e-27	6.95e-23	3.62e-19	5.71e-16	2.94e-13	6.55e-11	7.23e-09	5.23e-07	3.72e-05	6.28e-03	1.35e-01	8.59e-01
 2.67010e+22	0.00e+00	0.00e+00	1.39e-31	3.03e-27	9.36e-23	4.74e-19	7.25e-16	3.62e-13	7.82e-11	8.36e-09	5.87e-07	4.06e-05	6.64e-03	1.38e-01	8.55e-01
 2.69602e+22	0.00e+00	0.00e+00	2.14e-31	4.51e-27	1.35e-22	6.57e-19	9.69e-16	4.66e-13	9.71e-11	1.00e-08	6.77e-07	4.51e-05	7.11e-03	1.43e-01	8.50e-01
 2.72356e+22	0.00e+00	0.00e+00	3.28e-31	6.69e-27	1.93e-22	9.07e-19	1.29e-15	5.99e-13	1.20e-10	1.19e-08	7.78e-07	5.00e-05	7.61e-03	1.47e-01	8.45e-01
 2.74813e+22	0.00e+00	0.00e+00	4.86e-31	9.63e-27	2.69e-22	1.22e-18	1.68e-15	7.55e-13	1.46e-10	1.40e-08	8.86e-07	5.50e-05	8.10e-03	1.52e-01	8.40e-01
 2.77501e+22	0.00e+00	0.00e+00	7.68e-31	1.47e-26	3.95e-22	1.73e-18	2.28e-15	9.86e-13	1.84e-10	1.70e-08	1.03e-06	6.15e-05	8.70e-03	1.57e-01	8.35e-01
 2.80352e+22	0.00e+00	0.00e+00	1.20e-30	2.22e-26	5.75e-22	2.42e-18	3.09e-15	1.28e-12	2.30e-10	2.04e-08	1.19e-06	6.85e-05	9.34e-03	1.62e-01	8.29e-01
 2.82767e+22	0.00e+00	0.00e+00	1.75e-30	3.14e-26	7.89e-22	3.22e-18	3.97e-15	1.60e-12	2.77e-10	2.38e-08	1.35e-06	7.51e-05	9.90e-03	1.66e-01	8.24e-01
 2.85256e+22	0.00e+00	0.00e+00	2.68e-30	4.65e-26	1.13e-21	4.45e-18	5.29e-15	2.05e-12	3.43e-10	2.84e-08	1.55e-06	8.32e-05	1.06e-02	1.71e-01	8.18e-01
 2.87913e+22	0.00e+00	0.00e+00	4.05e-30	6.79e-26	1.60e-21	6.07e-18	6.97e-15	2.61e-12	4.21e-10	3.37e-08	1.78e-06	9.19e-05	1.13e-02	1.76e-01	8.13e-01
 2.90336e+22	0.00e+00	0.00e+00	5.95e-30	9.69e-26	2.21e-21	8.13e-18	9.03e-15	3.27e-12	5.11e-10	3.95e-08	2.02e-06	1.01e-04	1.20e-02	1.81e-01	8.07e-01
 2.93035e+22	0.00e+00	0.00e+00	9.45e-30	1.48e-25	3.26e-21	1.15e-17	1.23e-14	4.29e-12	6.44e-10	4.78e-08	2.34e-06	1.13e-04	1.29e-02	1.87e-01	8.00e-01
 2.95870e+22	0.00e+00	0.00e+00	1.50e-29	2.27e-25	4.79e-21	1.63e-17	1.68e-14	5.61e-12	8.11e-10	5.79e-08	2.73e-06	1.26e-04	1.38e-02	1.92e-01	7.94e-01
 2.98212e+22	0.00e+00	0.00e+00	2.12e-29	3.13e-25	6.43e-21	2.13e-17	2.12e-14	6.89e-12	9.65e-10	6.69e-08	3.06e-06	1.37e-04	1.46e-02	1.97e-01	7.88e-01
 3.00586e+22	0.00e+00	0.00e+00	3.23e-29	4.60e-25	9.15e-21	2.92e-17	2.81e-14	8.81e-12	1.19e-09	7.96e-08	3.51e-06	1.52e-04	1.56e-02	2.03e-01	7.82e-01
 3.03139e+22	0.00e+00	0.00e+00	4.81e-29	6.64e-25	1.28e-20	3.95e-17	3.67e-14	1.11e-11	1.45e-09	9.39e-08	3.99e-06	1.67e-04	1.66e-02	2.08e-01	7.75e-01
 3.05526e+22	0.00e+00	0.00e+00	7.09e-29	9.49e-25	1.77e-20	5.29e-17	4.77e-14	1.40e-11	1.76e-09	1.10e-07	4.53e-06	1.83e-04	1.76e-02	2.14e-01	7.69e-01
 3.08230e+22	0.00e+00	1.77e-33	1.14e-28	1.47e-24	2.63e-20	7.56e-17	6.54e-14	1.84e-11	2.23e-09	1.34e-07	5.29e-06	2.05e-04	1.89e-02	2.20e-01	7.61e-01
 3.11029e+22	0.00e+00	2.91e-33	1.80e-28	2.24e-24	3.87e-20	1.07e-16	8.91e-14	2.41e-11	2.81e-09	1.62e-07	6.15e-06	2.29e-04	2.03e-02	2.27e-01	7.53e-01
 3.13297e+22	0.00e+00	3.01e-33	1.82e-28	2.20e-24	5.16e-20	1.38e-16	1.12e-13	2.94e-11	3.33e-09	1.87e-07	6.87e-06	2.48e-04	2.13e-02	2.32e-01	7.47e-01
 3.15589e+22	0.00e+00	4.76e-33	2.79e-28	3.26e-24	7.37e-20	1.91e-16	1.49e-13	3.77e-11	4.13e-09	2.23e-07	7.89e-06	2.75e-04	2.27e-02	2.38e-01	7.39e-01
 3.18029e+22	0.00e+00	7.25e-33	4.13e-28	4.67e-24	1.02e-19	2.56e-16	1.94e-13	4.74e-11	5.02e-09	2.62e-07	8.96e-06	3.02e-04	2.41e-02	2.44e-01	7.32e-01
 3.20303e+22	0.00e+00	1.09e-32	6.04e-28	6.62e-24	1.41e-19	3.41e-16	2.50e-13	5.93e-11	6.07e-09	3.07e-07	1.01e-05	3.30e-04	2.55e-02	2.50e-01	7.24e-01
 3.22903e+22	0.00e+00	1.85e-32	9.87e-28	1.04e-23	2.12e-19	4.94e-16	3.47e-13	7.90e-11	7.76e-09	3.76e-07	1.19e-05	3.71e-04	2.75e-02	2.57e-01	7.15e-01
 3.25534e+22	0.00e+00	2.89e-32	1.49e-27	1.52e-23	3.00e-19	6.75e-16	4.57e-13	1.01e-10	9.54e-09	4.46e-07	1.36e-05	4.09e-04	2.92e-02	2.64e-01	7.07e-01
 3.27733e+22	0.00e+00	4.32e-32	2.17e-27	2.14e-23	4.11e-19	8.95e-16	5.88e-13	1.25e-10	1.15e-08	5.21e-07	1.54e-05	4.47e-04	3.09e-02	2.70e-01	6.99e-01
 3.29797e+22	0.00e+00	6.38e-32	3.12e-27	2.98e-23	5.56e-19	1.17e-15	7.48e-13	1.55e-10	1.38e-08	6.05e-07	1.73e-05	4.87e-04	3.26e-02	2.76e-01	6.91e-01
 3.32159e+22	0.00e+00	1.04e-31	4.92e-27	4.53e-23	8.15e-19	1.66e-15	1.02e-12	2.02e-10	1.73e-08	7.31e-07	2.00e-05	5.42e-04	3.48e-02	2.83e-01	6.82e-01
 3.34596e+22	0.00e+00	1.57e-31	7.21e-27	6.43e-23	1.12e-18	2.21e-15	1.31e-12	2.52e-10	2.10e-08	8.56e-07	2.27e-05	5.93e-04	3.68e-02	2.89e-01	6.73e-01
 3.37131e+22	0.00e+00	2.74e-31	1.21e-26	1.03e-22	1.72e-18	3.25e-15	1.85e-12	3.41e-10	2.71e-08	1.06e-06	2.68e-05	6.69e-04	3.97e-02	2.98e-01	6.62e-01
 3.39625e+22	0.00e+00	4.15e-31	1.77e-26	1.46e-22	2.38e-18	4.34e-15	2.39e-12	4.27e-10	3.29e-08	1.24e-06	3.03e-05	7.32e-04	4.19e-02	3.04e-01	6.53e-01
 3.41693e+22	0.00e+00	6.27e-31	2.60e-26	2.07e-22	3.27e-18	5.78e-15	3.08e-12	5.33e-10	3.98e-08	1.46e-06	3.43e-05	8.00e-04	4.43e-02	3.10e-01	6.45e-01
 3.43678e+22	0.00e+00	9.15e-31	3.69e-26	2.85e-22	4.38e-18	7.53e-15	3.89e-12	6.54e-10	4.74e-08	1.68e-06	3.84e-05	8.68e-04	4.65e-02	3.16e-01	6.37e-01
 3.45925e+22	0.00e+00	1.46e-30	5.70e-26	4.24e-22	6.30e-18	1.04e-14	5.21e-12	8.42e-10	5.90e-08	2.01e-06	4.42e-05	9.60e-04	4.95e-02	3.23e-01	6.26e-01
 3.48280e+22	0.00e+00	2.28e-30	8.57e-26	6.16e-22	8.86e-18	1.42e-14	6.84e-12	1.07e-09	7.23e-08	2.39e-06	5.04e-05	1.06e-03	5.24e-02	3.30e-01	6.17e-01
 3.50371e+22	0.00e+00	3.45e-30	1.26e-25	8.75e-22	1.22e-17	1.89e-14	8.84e-12	1.34e-09	8.77e-08	2.80e-06	5.70e-05	1.15e-03	5.54e-02	3.36e-01	6.07e-01
 3.52381e+22	0.00e+00	5.15e-30	1.83e-25	1.23e-21	1.66e-17	2.50e-14	1.13e-11	1.66e-09	1.06e-07	3.26e-06	6.42e-05	1.26e-03	5.83e-02	3.42e-01	5.98e-01
 3.54373e+22	0.00e+00	7.70e-30	2.65e-25	1.72e-21	2.27e-17	3.30e-14	1.45e-11	2.06e-09	1.27e-07	3.81e-06	7.23e-05	1.37e-03	6.13e-02	3.49e-01	5.89e-01
 3.56332e+22	0.00e+00	1.14e-29	3.79e-25	2.38e-21	3.06e-17	4.33e-14	1.84e-11	2.54e-09	1.52e-07	4.42e-06	8.11e-05	1.48e-03	6.45e-02	3.54e-01	5.80e-01
 3.58563e+22	0.00e+00	1.92e-29	6.15e-25	3.70e-21	4.57e-17	6.21e-14	2.54e-11	3.36e-09	1.94e-07	5.39e-06	9.46e-05	1.66e-03	6.89e-02	3.62e-01	5.67e-01
 3.60768e+22	0.00e+00	2.83e-29	8.80e-25	5.12e-21	6.17e-17	8.13e-14	3.22e-11	4.15e-09	2.32e-07	6.26e-06	1.06e-04	1.80e-03	7.23e-02	3.68e-01	5.58e-01
 3.62936e+22	0.00e+00	3.73e-29	1.12e-24	7.66e-21	8.92e-17	1.13e-13	4.33e-11	5.36e-09	2.89e-07	7.51e-06	1.22e-04	1.99e-03	7.67e-02	3.75e-01	5.46e-01
 3.65191e+22	0.00e+00	5.85e-29	1.70e-24	1.11e-20	1.26e-16	1.54e-13	5.70e-11	6.82e-09	3.55e-07	8.91e-06	1.39e-04	2.18e-03	8.11e-02	3.82e-01	5.35e-01
 3.67102e+22	0.00e+00	8.54e-29	2.41e-24	1.53e-20	1.68e-16	2.01e-13	7.19e-11	8.36e-09	4.23e-07	1.03e-05	1.56e-04	2.36e-03	8.49e-02	3.87e-01	5.26e-01
 3.69130e+22	0.00e+00	1.36e-28	3.69e-24	2.25e-20	2.40e-16	2.76e-13	9.54e-11	1.07e-08	5.23e-07	1.23e-05	1.78e-04	2.59e-03	8.98e-02	3.94e-01	5.14e-01
 3.71256e+22	0.00e+00	2.07e-28	5.44e-24	3.20e-20	3.31e-16	3.69e-13	1.23e-10	1.34e-08	6.35e-07	1.44e-05	2.01e-04	2.83e-03	9.44e-02	3.99e-01	5.03e-01
 3.73150e+22	0.00e+00	3.05e-28	7.78e-24	4.42e-20	4.45e-16	4.82e-13	1.56e-10	1.65e-08	7.59e-07	1.67e-05	2.25e-04	3.06e-03	9.88e-02	4.04e-01	4.93e-01
 3.75251e+22	0.00e+00	4.95e-28	1.22e-23	6.61e-20	6.45e-16	6.73e-13	2.10e-10	2.14e-08	9.48e-07	2.01e-05	2.59e-04	3.38e-03	1.05e-01	4.11e-01	4.81e-01
 3.77402e+22	0.00e+00	7.56e-28	1.80e-23	9.40e-20	8.91e-16	9.00e-13	2.72e-10	2.68e-08	1.15e-06	2.35e-05	2.93e-04	3.68e-03	1.10e-01	4.16e-01	4.70e-01
 3.79282e+22	0.00e+00	1.13e-27	2.60e-23	1.31e-19	1.21e-15	1.19e-12	3.48e-10	3.32e-08	1.38e-06	2.74e-05	3.29e-04	3.99e-03	1.15e-01	4.21e-01	4.60e-01
 3.81394e+22	0.00e+00	1.84e-27	4.07e-23	1.97e-19	1.76e-15	1.66e-12	4.69e-10	4.30e-08	1.73e-06	3.30e-05	3.78e-04	4.40e-03	1.22e-01	4.27e-01	4.47e-01
 3.83541e+22	0.00e+00	2.81e-27	6.01e-23	2.79e-19	2.42e-15	2.22e-12	6.06e-10	5.39e-08	2.10e-06	3.87e-05	4.27e-04	4.78e-03	1.28e-01	4.31e-01	4.36e-01
 3.85402e+22	0.00e+00	4.17e-27	8.65e-23	3.87e-19	3.27e-15	2.90e-12	7.71e-10	6.65e-08	2.52e-06	4.49e-05	4.78e-04	5.17e-03	1.33e-01	4.36e-01	4.25e-01
 3.87491e+22	0.00e+00	6.80e-27	1.36e-22	5.80e-19	4.75e-15	4.07e-12	1.04e-09	8.64e-08	3.15e-06	5.40e-05	5.50e-04	5.70e-03	1.41e-01	4.41e-01	4.12e-01
 3.89664e+22	0.00e+00	1.06e-26	2.04e-22	8.36e-19	6.66e-15	5.51e-12	1.36e-09	1.09e-07	3.86e-06	6.38e-05	6.24e-04	6.22e-03	1.48e-01	4.45e-01	4.01e-01
 3.91607e+22	5.24e-34	1.58e-26	2.96e-22	1.17e-18	9.05e-15	7.27e-12	1.74e-09	1.36e-07	4.64e-06	7.43e-05	7.00e-04	6.72e-03	1.54e-01	4.48e-01	3.90e-01
 3.93464e+22	8.22e-34	2.38e-26	4.29e-22	1.63e-18	1.23e-14	9.58e-12	2.23e-09	1.68e-07	5.58e-06	8.65e-05	7.85e-04	7.27e-03	1.61e-01	4.52e-01	3.79e-01
 3.95229e+22	1.24e-33	3.44e-26	6.01e-22	2.20e-18	1.63e-14	1.23e-11	2.79e-09	2.04e-07	6.61e-06	9.94e-05	8.71e-04	7.81e-03	1.67e-01	4.54e-01	3.70e-01
 3.97208e+22	2.13e-33	5.62e-26	9.44e-22	3.30e-18	2.36e-14	1.73e-11	3.76e-09	2.65e-07	8.27e-06	1.20e-04	1.00e-03	8.58e-03	1.76e-01	4.58e-01	3.57e-01
 3.99199e+22	3.31e-33	8.35e-26	1.36e-21	4.55e-18	3.19e-14	2.26e-11	4.77e-09	3.27e-07	9.91e-06	1.39e-04	1.12e-03	9.25e-03	1.83e-01	4.60e-01	3.46e-01
 4.00810e+22	4.78e-33	1.16e-25	1.84e-21	5.97e-18	4.09e-14	2.83e-11	5.84e-09	3.90e-07	1.15e-05	1.57e-04	1.23e-03	9.85e-03	1.89e-01	4.62e-01	3.38e-01
 4.02202e+22	6.73e-33	1.58e-25	2.43e-21	7.66e-18	5.16e-14	3.49e-11	7.03e-09	4.59e-07	1.33e-05	1.76e-04	1.34e-03	1.04e-02	1.95e-01	4.63e-01	3.30e-01
 4.03485e+22	9.22e-33	2.10e-25	3.15e-21	9.65e-18	6.39e-14	4.24e-11	8.35e-09	5.34e-07	1.51e-05	1.96e-04	1.45e-03	1.10e-02	2.01e-01	4.64e-01	3.22e-01
 4.04933e+22	1.36e-32	2.97e-25	4.32e-21	1.28e-17	8.30e-14	5.37e-11	1.03e-08	6.41e-07	1.77e-05	2.23e-04	1.60e-03	1.17e-02	2.08e-01	4.66e-01	3.13e-01
 4.06383e+22	1.88e-32	3.98e-25	5.64e-21	1.62e-17	1.03e-13	6.55e-11	1.23e-08	7.49e-07	2.02e-05	2.49e-04	1.73e-03	1.24e-02	2.14e-01	4.66e-01	3.06e-01
 4.07609e+22	2.57e-32	5.27e-25	7.29e-21	2.03e-17	1.28e-13	7.92e-11	1.46e-08	8.69e-07	2.30e-05	2.77e-04	1.87e-03	1.30e-02	2.19e-01	4.67e-01	2.99e-01
 4.08789e+22	3.46e-32	6.89e-25	9.30e-21	2.53e-17	1.56e-13	9.50e-11	1.71e-08	1.00e-06	2.60e-05	3.06e-04	2.02e-03	1.37e-02	2.25e-01	4.67e-01	2.92e-01
 4.10137e+22	5.01e-32	9.59e-25	1.26e-20	3.30e-17	2.00e-13	1.19e-10	2.09e-08	1.19e-06	3.02e-05	3.46e-04	2.21e-03	1.46e-02	2.32e-01	4.68e-01	2.83e-01
 4.11474e+22	6.75e-32	1.25e-24	1.60e-20	4.10e-17	2.45e-13	1.43e-10	2.46e-08	1.37e-06	3.41e-05	3.82e-04	2.38e-03	1.53e-02	2.38e-01	4.68e-01	2.77e-01
 4.12604e+22	9.07e-32	1.63e-24	2.04e-20	5.06e-17	2.98e-13	1.71e-10	2.89e-08	1.58e-06	3.85e-05	4.22e-04	2.56e-03	1.60e-02	2.43e-01	4.67e-01	2.70e-01
 4.13704e+22	1.21e-31	2.12e-24	2.58e-20	6.23e-17	3.62e-13	2.04e-10	3.38e-08	1.81e-06	4.34e-05	4.66e-04	2.75e-03	1.68e-02	2.49e-01	4.67e-01	2.64e-01
 4.14959e+22	1.73e-31	2.91e-24	3.45e-20	8.03e-17	4.59e-13	2.52e-10	4.10e-08	2.15e-06	5.01e-05	5.24e-04	3.00e-03	1.78e-02	2.56e-01	4.67e-01	2.56e-01
 4.16245e+22	2.39e-31	3.88e-24	4.47e-20	1.01e-16	5.67e-13	3.06e-10	4.87e-08	2.50e-06	5.71e-05	5.84e-04	3.25e-03	1.87e-02	2.63e-01	4.66e-01	2.49e-01
 4.17353e+22	3.18e-31	5.00e-24	5.62e-20	1.23e-16	6.85e-13	3.64e-10	5.68e-08	2.86e-06	6.42e-05	6.42e-04	3.48e-03	1.96e-02	2.69e-01	4.65e-01	2.43e-01
 4.18380e+22	4.17e-31	6.37e-24	6.99e-20	1.49e-16	8.20e-13	4.28e-10	6.57e-08	3.25e-06	7.17e-05	7.03e-04	3.72e-03	2.04e-02	2.74e-01	4.64e-01	2.37e-01
 4.19367e+22	5.44e-31	8.07e-24	8.65e-20	1.80e-16	9.77e-13	5.02e-10	7.58e-08	3.68e-06	7.99e-05	7.68e-04	3.97e-03	2.13e-02	2.80e-01	4.63e-01	2.31e-01
 4.20497e+22	7.60e-31	1.09e-23	1.13e-19	2.28e-16	1.22e-12	6.14e-10	9.08e-08	4.31e-06	9.16e-05	8.59e-04	4.31e-03	2.25e-02	2.87e-01	4.62e-01	2.24e-01
 4.21645e+22	1.02e-30	1.42e-23	1.44e-19	2.80e-16	1.48e-12	7.34e-10	1.06e-07	4.96e-06	1.03e-04	9.48e-04	4.64e-03	2.35e-02	2.93e-01	4.60e-01	2.18e-01
 4.22629e+22	1.33e-30	1.79e-23	1.77e-19	3.36e-16	1.76e-12	8.59e-10	1.23e-07	5.62e-06	1.15e-04	1.04e-03	4.94e-03	2.45e-02	2.98e-01	4.58e-01	2.13e-01
 4.23718e+22	1.14e-32	2.42e-23	2.32e-19	4.24e-16	2.19e-12	1.05e-09	1.47e-07	6.59e-06	1.32e-04	1.16e-03	5.37e-03	2.58e-02	3.06e-01	4.56e-01	2.06e-01
 4.24838e+22	1.54e-32	3.15e-23	2.94e-19	5.20e-16	2.66e-12	1.26e-09	1.72e-07	7.58e-06	1.49e-04	1.28e-03	5.77e-03	2.70e-02	3.12e-01	4.54e-01	2.00e-01
 4.25828e+22	2.05e-32	4.03e-23	3.66e-19	6.29e-16	3.19e-12	1.48e-09	2.00e-07	8.64e-06	1.67e-04	1.40e-03	6.17e-03	2.81e-02	3.18e-01	4.52e-01	1.94e-01
 4.26942e+22	2.99e-32	5.57e-23	4.88e-19	8.05e-16	4.04e-12	1.84e-09	2.43e-07	1.03e-05	1.94e-04	1.59e-03	6.74e-03	2.97e-02	3.26e-01	4.49e-01	1.87e-01
 4.28069e+22	4.04e-32	7.23e-23	6.15e-19	9.82e-16	4.88e-12	2.19e-09	2.85e-07	1.18e-05	2.19e-04	1.75e-03	7.24e-03	3.11e-02	3.32e-01	4.46e-01	1.82e-01
 4.29031e+22	5.32e-32	9.16e-23	7.59e-19	1.18e-15	5.80e-12	2.57e-09	3.29e-07	1.34e-05	2.44e-04	1.91e-03	7.72e-03	3.23e-02	3.38e-01	4.44e-01	1.76e-01
 4.30100e+22	7.87e-32	1.28e-22	1.02e-18	1.51e-15	7.39e-12	3.22e-09	4.03e-07	1.60e-05	2.86e-04	2.17e-03	8.46e-03	3.42e-02	3.46e-01	4.40e-01	1.69e-01
 4.31150e+22	1.03e-31	1.61e-22	1.25e-18	1.80e-15	8.72e-12	3.75e-09	4.64e-07	1.81e-05	3.18e-04	2.37e-03	9.01e-03	3.55e-02	3.51e-01	4.37e-01	1.65e-01
 4.32176e+22	1.49e-31	2.22e-22	1.66e-18	2.28e-15	1.10e-11	4.65e-09	5.64e-07	2.15e-05	3.69e-04	2.68e-03	9.84e-03	3.74e-02	3.59e-01	4.32e-01	1.58e-01
 4.33182e+22	1.92e-31	2.77e-22	2.01e-18	2.69e-15	1.29e-11	5.39e-09	6.45e-07	2.42e-05	4.09e-04	2.91e-03	1.04e-02	3.88e-02	3.65e-01	4.29e-01	1.53e-01
 4.34162e+22	2.78e-31	3.81e-22	2.66e-18	3.40e-15	1.62e-11	6.68e-09	7.84e-07	2.87e-05	4.75e-04	3.28e-03	1.14e-02	4.09e-02	3.72e-01	4.25e-01	1.47e-01
 4.35137e+22	3.60e-31	4.76e-22	3.23e-18	4.00e-15	1.90e-11	7.76e-09	8.99e-07	3.24e-05	5.27e-04	3.57e-03	1.21e-02	4.24e-02	3.78e-01	4.21e-01	1.43e-01
 4.36106e+22	5.20e-31	6.54e-22	4.26e-18	5.03e-15	2.39e-11	9.60e-09	1.09e-06	3.85e-05	6.12e-04	4.03e-03	1.32e-02	4.46e-02	3.85e-01	4.16e-01	1.36e-01
 4.37083e+22	6.81e-31	8.26e-22	5.22e-18	5.97e-15	2.82e-11	1.12e-08	1.26e-06	4.37e-05	6.83e-04	4.41e-03	1.41e-02	4.63e-02	3.91e-01	4.12e-01	1.32e-01
 4.38072e+22	9.94e-31	1.14e-21	6.91e-18	7.53e-15	3.56e-11	1.40e-08	1.54e-06	5.22e-05	7.98e-04	5.00e-03	1.54e-02	4.88e-02	3.98e-01	4.06e-01	1.26e-01
 4.39071e+22	1.31e-30	1.45e-21	8.51e-18	8.94e-15	4.23e-11	1.64e-08	1.79e-06	5.95e-05	8.93e-04	5.47e-03	1.64e-02	5.07e-02	4.04e-01	4.01e-01	1.21e-01
 4.40083e+22	1.91e-30	2.01e-21	1.12e-17	1.12e-14	5.32e-11	2.05e-08	2.19e-06	7.10e-05	1.04e-03	6.19e-03	1.79e-02	5.33e-02	4.11e-01	3.95e-01	1.16e-01
 4.41086e+22	2.53e-30	2.56e-21	1.39e-17	1.33e-14	6.33e-11	2.41e-08	2.55e-06	8.12e-05	1.17e-03	6.80e-03	1.91e-02	5.54e-02	4.17e-01	3.90e-01	1.11e-01
 4.42078e+22	3.66e-30	3.52e-21	1.82e-17	1.67e-14	7.95e-11	3.00e-08	3.11e-06	9.69e-05	1.36e-03	7.68e-03	2.09e-02	5.82e-02	4.23e-01	3.83e-01	1.06e-01
 4.43090e+22	4.92e-30	4.54e-21	2.26e-17	1.99e-14	9.52e-11	3.56e-08	3.65e-06	1.12e-04	1.54e-03	8.47e-03	2.24e-02	6.05e-02	4.29e-01	3.77e-01	1.01e-01
 4.44126e+22	7.23e-30	6.32e-21	3.00e-17	2.50e-14	1.20e-10	4.47e-08	4.51e-06	1.34e-04	1.80e-03	9.62e-03	2.45e-02	6.36e-02	4.35e-01	3.69e-01	9.56e-02
 4.45167e+22	9.73e-30	8.15e-21	3.72e-17	2.97e-14	1.44e-10	5.31e-08	5.30e-06	1.55e-04	2.03e-03	1.06e-02	2.62e-02	6.61e-02	4.40e-01	3.63e-01	9.15e-02
 4.46216e+22	1.43e-29	1.13e-20	4.92e-17	3.72e-14	1.83e-10	6.67e-08	6.54e-06	1.86e-04	2.39e-03	1.20e-02	2.87e-02	6.94e-02	4.47e-01	3.55e-01	8.61e-02
 4.47272e+22	1.93e-29	1.46e-20	6.10e-17	4.41e-14	2.19e-10	7.95e-08	7.70e-06	2.15e-04	2.70e-03	1.33e-02	3.07e-02	7.20e-02	4.51e-01	3.48e-01	8.21e-02
 4.48186e+22	2.56e-29	1.87e-20	7.50e-17	5.19e-14	2.60e-10	9.41e-08	9.01e-06	2.47e-04	3.03e-03	1.46e-02	3.28e-02	7.46e-02	4.55e-01	3.41e-01	7.84e-02
 4.49224e+22	3.70e-29	2.55e-20	9.76e-17	6.39e-14	3.25e-10	1.17e-07	1.10e-05	2.95e-04	3.53e-03	1.64e-02	3.56e-02	7.80e-02	4.60e-01	3.32e-01	7.37e-02
 4.50263e+22	4.90e-29	3.25e-20	1.19e-16	7.49e-14	3.86e-10	1.38e-07	1.29e-05	3.37e-04	3.96e-03	1.80e-02	3.80e-02	8.07e-02	4.63e-01	3.26e-01	7.02e-02
 4.51305e+22	7.01e-29	4.40e-20	1.54e-16	9.15e-14	4.79e-10	1.71e-07	1.57e-05	4.02e-04	4.59e-03	2.02e-02	4.12e-02	8.42e-02	4.67e-01	3.16e-01	6.58e-02
 4.52362e+22	9.26e-29	5.58e-20	1.88e-16	1.07e-13	5.67e-10	2.01e-07	1.83e-05	4.60e-04	5.14e-03	2.21e-02	4.38e-02	8.70e-02	4.70e-01	3.09e-01	6.25e-02
 4.53439e+22	1.32e-28	7.53e-20	2.41e-16	1.30e-13	7.02e-10	2.48e-07	2.23e-05	5.45e-04	5.94e-03	2.48e-02	4.74e-02	9.05e-02	4.73e-01	3.00e-01	5.85e-02
 4.54542e+22	1.75e-28	9.57e-20	2.94e-16	1.52e-13	8.33e-10	2.93e-07	2.60e-05	6.26e-04	6.66e-03	2.71e-02	5.04e-02	9.34e-02	4.74e-01	2.92e-01	5.53e-02
 4.55680e+22	2.52e-28	1.30e-19	3.79e-16	1.85e-13	1.03e-09	3.62e-07	3.18e-05	7.45e-04	7.70e-03	3.03e-02	5.44e-02	9.71e-02	4.76e-01	2.82e-01	5.14e-02
 4.56839e+22	3.33e-28	1.64e-19	4.61e-16	2.15e-13	1.22e-09	4.27e-07	3.70e-05	8.52e-04	8.61e-03	3.31e-02	5.77e-02	1.00e-01	4.77e-01	2.74e-01	4.86e-02
 4.58027e+22	4.76e-28	2.22e-19	5.91e-16	2.61e-13	1.52e-09	5.27e-07	4.50e-05	1.01e-03	9.93e-03	3.69e-02	6.22e-02	1.04e-01	4.77e-01	2.64e-01	4.50e-02
 4.59213e+22	6.20e-28	2.77e-19	7.12e-16	3.01e-13	1.78e-09	6.16e-07	5.21e-05	1.15e-03	1.10e-02	4.00e-02	6.57e-02	1.06e-01	4.77e-01	2.56e-01	4.25e-02
 4.60397e+22	8.71e-28	3.70e-19	9.03e-16	3.61e-13	2.17e-09	7.52e-07	6.27e-05	1.35e-03	1.26e-02	4.44e-02	7.04e-02	1.10e-01	4.76e-01	2.46e-01	3.93e-02
 4.61608e+22	1.14e-27	4.62e-19	1.09e-15	4.17e-13	2.55e-09	8.78e-07	7.25e-05	1.53e-03	1.40e-02	4.80e-02	7.41e-02	1.12e-01	4.74e-01	2.38e-01	3.70e-02
 4.62855e+22	1.60e-27	6.16e-19	1.38e-15	5.01e-13	3.12e-09	1.07e-06	8.73e-05	1.80e-03	1.59e-02	5.31e-02	7.92e-02	1.16e-01	4.72e-01	2.28e-01	3.40e-02
 4.64065e+22	2.02e-27	7.50e-19	1.62e-15	5.69e-13	3.58e-09	1.23e-06	9.89e-05	2.01e-03	1.74e-02	5.68e-02	8.27e-02	1.18e-01	4.70e-01	2.21e-01	3.22e-02
 4.65225e+22	2.75e-27	9.69e-19	2.01e-15	6.69e-13	4.28e-09	1.46e-06	1.16e-04	2.32e-03	1.96e-02	6.20e-02	8.75e-02	1.21e-01	4.66e-01	2.12e-01	2.98e-02
 4.66414e+22	3.49e-27	1.18e-18	2.37e-15	7.61e-13	4.92e-09	1.67e-06	1.32e-04	2.58e-03	2.14e-02	6.63e-02	9.13e-02	1.23e-01	4.63e-01	2.05e-01	2.80e-02
 4.67640e+22	4.79e-27	1.54e-18	2.94e-15	8.98e-13	5.90e-09	2.00e-06	1.56e-04	2.99e-03	2.40e-02	7.23e-02	9.65e-02	1.26e-01	4.58e-01	1.95e-01	2.58e-02
 4.68883e+22	6.06e-27	1.87e-18	3.47e-15	1.02e-12	6.76e-09	2.28e-06	1.76e-04	3.32e-03	2.61e-02	7.69e-02	1.00e-01	1.27e-01	4.53e-01	1.88e-01	2.42e-02
 4.70147e+22	8.24e-27	2.41e-18	4.29e-15	1.20e-12	8.05e-09	2.71e-06	2.07e-04	3.81e-03	2.91e-02	8.34e-02	1.05e-01	1.30e-01	4.47e-01	1.79e-01	2.22e-02
 4.71400e+22	1.04e-26	2.92e-18	5.02e-15	1.36e-12	9.16e-09	3.07e-06	2.32e-04	4.21e-03	3.16e-02	8.85e-02	1.09e-01	1.31e-01	4.42e-01	1.72e-01	2.08e-02
 4.72641e+22	1.40e-26	3.73e-18	6.15e-15	1.59e-12	1.08e-08	3.61e-06	2.70e-04	4.81e-03	3.50e-02	9.55e-02	1.14e-01	1.33e-01	4.34e-01	1.64e-01	1.91e-02
 4.73894e+22	1.74e-26	4.49e-18	7.18e-15	1.79e-12	1.22e-08	4.07e-06	3.02e-04	5.29e-03	3.77e-02	1.01e-01	1.18e-01	1.34e-01	4.29e-01	1.57e-01	1.79e-02
 4.75163e+22	2.34e-26	5.72e-18	8.78e-15	2.09e-12	1.44e-08	4.77e-06	3.49e-04	6.00e-03	4.16e-02	1.08e-01	1.23e-01	1.36e-01	4.20e-01	1.49e-01	1.64e-02
 4.76456e+22	2.94e-26	6.90e-18	1.03e-14	2.36e-12	1.63e-08	5.38e-06	3.90e-04	6.60e-03	4.48e-02	1.14e-01	1.27e-01	1.37e-01	4.13e-01	1.43e-01	1.53e-02
 4.77781e+22	3.96e-26	8.81e-18	1.26e-14	2.76e-12	1.91e-08	6.29e-06	4.51e-04	7.47e-03	4.93e-02	1.22e-01	1.31e-01	1.37e-01	4.04e-01	1.34e-01	1.39e-02
 4.79130e+22	4.99e-26	1.07e-17	1.48e-14	3.13e-12	2.17e-08	7.09e-06	5.03e-04	8.21e-03	5.30e-02	1.28e-01	1.35e-01	1.38e-01	3.96e-01	1.28e-01	1.29e-02
 4.80511e+22	7.50e-27	1.37e-17	1.82e-14	3.67e-12	2.54e-08	8.27e-06	5.80e-04	9.28e-03	5.82e-02	1.37e-01	1.40e-01	1.38e-01	3.85e-01	1.20e-01	1.17e-02
 4.81917e+22	9.35e-27	1.65e-17	2.14e-14	4.17e-12	2.88e-08	9.32e-06	6.47e-04	1.02e-02	6.24e-02	1.44e-01	1.43e-01	1.39e-01	3.76e-01	1.14e-01	1.08e-02
 4.83357e+22	1.29e-26	2.13e-17	2.64e-14	4.91e-12	3.38e-08	1.09e-05	7.44e-04	1.15e-02	6.83e-02	1.53e-01	1.47e-01	1.38e-01	3.64e-01	1.07e-01	9.72e-03
 4.84764e+22	1.61e-26	2.53e-17	3.06e-14	5.54e-12	3.78e-08	1.21e-05	8.19e-04	1.24e-02	7.25e-02	1.59e-01	1.50e-01	1.38e-01	3.56e-01	1.02e-01	9.05e-03
 4.86129e+22	2.19e-26	3.20e-17	3.72e-14	6.43e-12	4.37e-08	1.39e-05	9.32e-04	1.39e-02	7.87e-02	1.68e-01	1.54e-01	1.38e-01	3.44e-01	9.49e-02	8.15e-03
 4.87515e+22	2.75e-26	3.82e-17	4.33e-14	7.27e-12	4.90e-08	1.54e-05	1.02e-03	1.50e-02	8.34e-02	1.74e-01	1.56e-01	1.37e-01	3.35e-01	9.02e-02	7.56e-03
 4.88930e+22	3.71e-26	4.82e-17	5.27e-14	8.47e-12	5.65e-08	1.77e-05	1.16e-03	1.67e-02	9.01e-02	1.83e-01	1.59e-01	1.36e-01	3.23e-01	8.39e-02	6.80e-03
 4.90388e+22	4.76e-26	5.83e-17	6.19e-14	9.62e-12	6.36e-08	1.98e-05	1.28e-03	1.82e-02	9.57e-02	1.90e-01	1.62e-01	1.35e-01	3.13e-01	7.91e-02	6.23e-03
 4.91903e+22	6.47e-26	7.39e-17	7.58e-14	1.13e-11	7.36e-08	2.27e-05	1.45e-03	2.01e-02	1.03e-01	1.99e-01	1.64e-01	1.33e-01	3.00e-01	7.33e-02	5.57e-03
 4.93468e+22	8.44e-26	9.05e-17	9.00e-14	1.30e-11	8.33e-08	2.55e-05	1.61e-03	2.19e-02	1.10e-01	2.06e-01	1.66e-01	1.31e-01	2.89e-01	6.85e-02	5.06e-03
 4.95098e+22	1.16e-25	1.16e-16	1.11e-13	1.54e-11	9.70e-08	2.93e-05	1.82e-03	2.43e-02	1.18e-01	2.16e-01	1.68e-01	1.29e-01	2.76e-01	6.30e-02	4.49e-03
 4.96772e+22	1.53e-25	1.43e-16	1.33e-13	1.77e-11	1.10e-07	3.30e-05	2.02e-03	2.65e-02	1.25e-01	2.23e-01	1.69e-01	1.27e-01	2.64e-01	5.85e-02	4.05e-03
 4.98504e+22	2.15e-25	1.85e-16	1.66e-13	2.12e-11	1.29e-07	3.81e-05	2.30e-03	2.94e-02	1.34e-01	2.32e-01	1.70e-01	1.24e-01	2.50e-01	5.34e-02	3.55e-03
 5.00294e+22	2.86e-25	2.30e-16	2.01e-13	2.46e-11	1.47e-07	4.29e-05	2.55e-03	3.21e-02	1.42e-01	2.39e-01	1.71e-01	1.21e-01	2.39e-01	4.92e-02	3.17e-03
 5.02158e+22	4.06e-25	3.02e-16	2.54e-13	2.97e-11	1.72e-07	4.98e-05	2.90e-03	3.56e-02	1.53e-01	2.48e-01	1.71e-01	1.18e-01	2.24e-01	4.44e-02	2.75e-03
 5.04072e+22	5.48e-25	3.79e-16	3.08e-13	3.47e-11	1.97e-07	5.62e-05	3.23e-03	3.88e-02	1.61e-01	2.55e-01	1.71e-01	1.15e-01	2.12e-01	4.07e-02	2.43e-03
 5.05792e+22	7.26e-25	4.70e-16	3.72e-13	4.05e-11	2.25e-07	6.32e-05	3.57e-03	4.20e-02	1.70e-01	2.62e-01	1.71e-01	1.12e-01	2.01e-01	3.73e-02	2.16e-03
 5.07768e+22	1.06e-24	6.26e-16	4.75e-13	4.91e-11	2.64e-07	7.34e-05	4.07e-03	4.66e-02	1.82e-01	2.70e-01	1.69e-01	1.07e-01	1.86e-01	3.31e-02	1.84e-03
 5.09756e+22	1.40e-24	7.76e-16	5.74e-13	5.73e-11	3.01e-07	8.22e-05	4.48e-03	5.03e-02	1.90e-01	2.75e-01	1.68e-01	1.04e-01	1.76e-01	3.03e-02	1.63e-03
 5.11760e+22	2.02e-24	1.03e-15	7.30e-13	6.94e-11	3.52e-07	9.49e-05	5.08e-03	5.55e-02	2.02e-01	2.82e-01	1.66e-01	9.92e-02	1.62e-01	2.67e-02	1.38e-03
 5.13806e+22	2.71e-24	1.29e-15	8.87e-13	8.11e-11	4.01e-07	1.06e-04	5.60e-03	5.99e-02	2.12e-01	2.87e-01	1.63e-01	9.54e-02	1.52e-01	2.41e-02	1.20e-03
 5.15908e+22	3.95e-24	1.72e-15	1.14e-12	9.87e-11	4.70e-07	1.23e-04	6.34e-03	6.59e-02	2.24e-01	2.92e-01	1.60e-01	9.04e-02	1.39e-01	2.11e-02	1.00e-03
 5.18042e+22	5.35e-24	2.17e-15	1.39e-12	1.16e-10	5.34e-07	1.38e-04	6.98e-03	7.11e-02	2.34e-01	2.96e-01	1.57e-01	8.64e-02	1.29e-01	1.89e-02	8.65e-04
 5.20220e+22	7.89e-24	2.93e-15	1.79e-12	1.41e-10	6.26e-07	1.59e-04	7.89e-03	7.82e-02	2.47e-01	3.00e-01	1.53e-01	8.12e-02	1.17e-01	1.63e-02	7.11e-04
 5.22407e+22	1.06e-23	3.68e-15	2.17e-12	1.65e-10	7.08e-07	1.77e-04	8.66e-03	8.39e-02	2.56e-01	3.02e-01	1.49e-01	7.73e-02	1.08e-01	1.45e-02	6.10e-04
 5.24222e+22	1.39e-23	4.52e-15	2.59e-12	1.89e-10	7.88e-07	1.95e-04	9.39e-03	8.94e-02	2.65e-01	3.03e-01	1.46e-01	7.38e-02	1.00e-01	1.30e-02	5.30e-04
 5.26197e+22	1.97e-23	5.92e-15	3.24e-12	2.24e-10	9.01e-07	2.20e-04	1.04e-02	9.68e-02	2.76e-01	3.04e-01	1.41e-01	6.92e-02	9.06e-02	1.13e-02	4.38e-04
 5.28164e+22	2.56e-23	7.25e-15	3.84e-12	2.56e-10	9.98e-07	2.41e-04	1.13e-02	1.03e-01	2.84e-01	3.05e-01	1.37e-01	6.59e-02	8.40e-02	1.01e-02	3.80e-04
 5.30120e+22	3.61e-23	9.47e-15	4.79e-12	3.04e-10	1.13e-06	2.70e-04	1.24e-02	1.11e-01	2.94e-01	3.04e-01	1.32e-01	6.15e-02	7.56e-02	8.68e-03	3.13e-04
 5.32103e+22	4.72e-23	1.17e-14	5.70e-12	3.47e-10	1.25e-06	2.96e-04	1.34e-02	1.17e-01	3.02e-01	3.03e-01	1.27e-01	5.82e-02	6.96e-02	7.71e-03	2.68e-04
 5.34119e+22	6.73e-23	1.54e-14	7.15e-12	4.12e-10	1.42e-06	3.31e-04	1.48e-02	1.27e-01	3.12e-01	3.02e-01	1.22e-01	5.40e-02	6.21e-02	6.56e-03	2.18e-04
 5.36160e+22	8.86e-23	1.90e-14	8.53e-12	4.73e-10	1.57e-06	3.62e-04	1.60e-02	1.34e-01	3.20e-01	2.99e-01	1.17e-01	5.09e-02	5.68e-02	5.78e-03	1.85e-04
 5.38233e+22	1.27e-22	2.53e-14	1.08e-11	5.63e-10	1.79e-06	4.06e-04	1.76e-02	1.44e-01	3.29e-01	2.96e-01	1.11e-01	4.69e-02	5.02e-02	4.86e-03	1.48e-04
 5.40346e+22	1.70e-22	3.17e-14	1.29e-11	6.48e-10	1.97e-06	4.44e-04	1.90e-02	1.53e-01	3.36e-01	2.92e-01	1.06e-01	4.38e-02	4.54e-02	4.23e-03	1.24e-04
 5.42512e+22	2.48e-22	4.27e-14	1.65e-11	7.77e-10	2.25e-06	4.97e-04	2.09e-02	1.64e-01	3.45e-01	2.87e-01	9.94e-02	4.00e-02	3.97e-02	3.50e-03	9.72e-05
 5.44721e+22	3.37e-22	5.44e-14	2.00e-11	9.01e-10	2.49e-06	5.45e-04	2.26e-02	1.74e-01	3.51e-01	2.82e-01	9.43e-02	3.70e-02	3.55e-02	3.00e-03	7.99e-05
 5.46987e+22	5.02e-22	7.47e-14	2.58e-11	1.09e-09	2.85e-06	6.12e-04	2.50e-02	1.88e-01	3.59e-01	2.74e-01	8.75e-02	3.35e-02	3.06e-02	2.44e-03	6.14e-05
 5.49271e+22	6.87e-22	9.58e-14	3.16e-11	1.27e-09	3.16e-06	6.71e-04	2.69e-02	1.99e-01	3.64e-01	2.68e-01	8.24e-02	3.08e-02	2.72e-02	2.07e-03	4.99e-05
 5.51190e+22	9.16e-22	1.21e-13	3.79e-11	1.46e-09	3.48e-06	7.29e-04	2.89e-02	2.09e-01	3.68e-01	2.61e-01	7.77e-02	2.85e-02	2.43e-02	1.78e-03	4.11e-05
 5.53268e+22	1.32e-21	1.62e-13	4.80e-11	1.75e-09	3.94e-06	8.11e-04	3.15e-02	2.23e-01	3.72e-01	2.52e-01	7.19e-02	2.58e-02	2.10e-02	1.46e-03	3.20e-05
 5.55362e+22	1.78e-21	2.06e-13	5.81e-11	2.03e-09	4.36e-06	8.83e-04	3.38e-02	2.34e-01	3.75e-01	2.45e-01	6.73e-02	2.38e-02	1.86e-02	1.24e-03	2.61e-05
 5.57412e+22	2.54e-21	2.75e-13	7.32e-11	2.42e-09	4.93e-06	9.78e-04	3.67e-02	2.48e-01	3.78e-01	2.36e-01	6.20e-02	2.15e-02	1.61e-02	1.02e-03	2.03e-05
 5.59503e+22	3.47e-21	3.54e-13	8.98e-11	2.84e-09	5.51e-06	1.07e-03	3.94e-02	2.61e-01	3.79e-01	2.27e-01	5.76e-02	1.96e-02	1.41e-02	8.53e-04	1.63e-05
 5.61552e+22	4.90e-21	4.71e-13	1.13e-10	3.39e-09	6.23e-06	1.18e-03	4.26e-02	2.76e-01	3.80e-01	2.17e-01	5.28e-02	1.77e-02	1.22e-02	7.00e-04	1.27e-05
 5.63643e+22	6.79e-21	6.18e-13	1.40e-10	4.03e-09	7.03e-06	1.30e-03	4.59e-02	2.90e-01	3.79e-01	2.08e-01	4.86e-02	1.60e-02	1.06e-02	5.79e-04	1.00e-05
 5.65711e+22	9.55e-21	8.19e-13	1.76e-10	4.83e-09	7.99e-06	1.44e-03	4.95e-02	3.05e-01	3.78e-01	1.98e-01	4.44e-02	1.44e-02	9.10e-03	4.75e-04	7.83e-06
 5.67791e+22	1.33e-20	1.08e-12	2.20e-10	5.78e-09	9.08e-06	1.59e-03	5.33e-02	3.20e-01	3.76e-01	1.88e-01	4.05e-02	1.29e-02	7.84e-03	3.89e-04	6.13e-06
 5.69845e+22	1.86e-20	1.43e-12	2.76e-10	6.94e-09	1.03e-05	1.76e-03	5.73e-02	3.35e-01	3.73e-01	1.78e-01	3.68e-02	1.16e-02	6.73e-03	3.19e-04	4.78e-06
 5.71896e+22	2.59e-20	1.89e-12	3.46e-10	8.36e-09	1.18e-05	1.95e-03	6.16e-02	3.50e-01	3.69e-01	1.68e-01	3.34e-02	1.04e-02	5.78e-03	2.61e-04	3.73e-06
 5.73950e+22	3.62e-20	2.50e-12	4.34e-10	1.01e-08	1.35e-05	2.16e-03	6.62e-02	3.66e-01	3.64e-01	1.58e-01	3.02e-02	9.31e-03	4.94e-03	2.12e-04	2.89e-06
 5.76011e+22	5.05e-20	3.30e-12	5.46e-10	1.22e-08	1.55e-05	2.39e-03	7.10e-02	3.81e-01	3.58e-01	1.48e-01	2.73e-02	8.30e-03	4.21e-03	1.73e-04	2.24e-06
 5.78085e+22	7.04e-20	4.37e-12	6.89e-10	1.48e-08	1.79e-05	2.65e-03	7.62e-02	3.96e-01	3.51e-01	1.39e-01	2.45e-02	7.38e-03	3.58e-03	1.40e-04	1.73e-06
 5.80177e+22	9.83e-20	5.79e-12	8.69e-10	1.80e-08	2.07e-05	2.94e-03	8.17e-02	4.11e-01	3.44e-01	1.29e-01	2.20e-02	6.55e-03	3.04e-03	1.13e-04	1.33e-06
 5.82293e+22	1.37e-19	7.68e-12	1.10e-09	2.20e-08	2.39e-05	3.27e-03	8.76e-02	4.26e-01	3.35e-01	1.20e-01	1.96e-02	5.79e-03	2.56e-03	9.07e-05	1.02e-06
 5.84420e+22	1.91e-19	1.01e-11	1.39e-09	2.69e-08	2.77e-05	3.63e-03	9.37e-02	4.40e-01	3.26e-01	1.12e-01	1.75e-02	5.11e-03	2.17e-03	7.30e-05	7.82e-07
 5.86581e+22	2.68e-19	1.35e-11	1.76e-09	3.30e-08	3.22e-05	4.04e-03	1.00e-01	4.54e-01	3.17e-01	1.03e-01	1.55e-02	4.49e-03	1.81e-03	5.82e-05	5.93e-07
 5.88767e+22	3.73e-19	1.78e-11	2.23e-09	4.03e-08	3.73e-05	4.48e-03	1.07e-01	4.67e-01	3.07e-01	9.51e-02	1.38e-02	3.94e-03	1.52e-03	4.65e-05	4.52e-07
 5.90995e+22	5.25e-19	2.37e-11	2.84e-09	4.98e-08	4.36e-05	5.00e-03	1.15e-01	4.80e-01	2.96e-01	8.73e-02	1.21e-02	3.43e-03	1.27e-03	3.67e-05	3.39e-07
 5.93068e+22	6.91e-19	2.98e-11	3.45e-09	5.91e-08	4.95e-05	5.45e-03	1.21e-01	4.90e-01	2.87e-01	8.13e-02	1.09e-02	3.07e-03	1.09e-03	3.03e-05	2.69e-07
 5.95199e+22	9.79e-19	3.99e-11	4.44e-09	7.36e-08	5.82e-05	6.09e-03	1.29e-01	5.03e-01	2.75e-01	7.40e-02	9.54e-03	2.65e-03	8.94e-04	2.36e-05	1.98e-07
 5.97363e+22	1.30e-18	5.01e-11	5.40e-09	8.74e-08	6.60e-05	6.65e-03	1.36e-01	5.11e-01	2.66e-01	6.86e-02	8.56e-03	2.35e-03	7.65e-04	1.94e-05	1.56e-07
 5.99580e+22	1.16e-17	6.74e-11	6.98e-09	1.10e-07	7.80e-05	7.44e-03	1.45e-01	5.22e-01	2.53e-01	6.20e-02	7.41e-03	2.01e-03	6.22e-04	1.49e-05	1.14e-07
 6.01810e+22	1.58e-17	8.39e-11	8.44e-09	1.30e-07	8.83e-05	8.09e-03	1.53e-01	5.29e-01	2.44e-01	5.74e-02	6.65e-03	1.79e-03	5.32e-04	1.22e-05	0.00e+00
 6.04058e+22	2.35e-17	1.12e-10	1.08e-08	1.62e-07	1.04e-04	9.03e-03	1.62e-01	5.38e-01	2.31e-01	5.18e-02	5.74e-03	1.53e-03	4.32e-04	9.41e-06	0.00e+00
 6.06318e+22	3.22e-17	1.39e-10	1.31e-08	1.92e-07	1.18e-04	9.81e-03	1.70e-01	5.43e-01	2.22e-01	4.78e-02	5.14e-03	1.35e-03	3.69e-04	7.70e-06	0.00e+00
 6.08594e+22	4.85e-17	1.83e-10	1.68e-08	2.39e-07	1.38e-04	1.09e-02	1.80e-01	5.50e-01	2.10e-01	4.30e-02	4.43e-03	1.15e-03	2.99e-04	5.92e-06	0.00e+00
 6.10888e+22	6.77e-17	2.27e-10	2.02e-08	2.83e-07	1.56e-04	1.18e-02	1.89e-01	5.54e-01	2.01e-01	3.96e-02	3.96e-03	1.02e-03	2.55e-04	4.83e-06	0.00e+00
 6.13207e+22	1.05e-16	2.98e-10	2.58e-08	3.51e-07	1.83e-04	1.31e-02	1.99e-01	5.58e-01	1.89e-01	3.56e-02	3.41e-03	8.65e-04	2.06e-04	3.70e-06	0.00e+00
 6.15555e+22	1.51e-16	3.67e-10	3.11e-08	4.16e-07	2.07e-04	1.42e-02	2.08e-01	5.61e-01	1.80e-01	3.27e-02	3.03e-03	7.61e-04	1.75e-04	3.01e-06	0.00e+00
 6.17941e+22	2.46e-16	4.81e-10	3.96e-08	5.17e-07	2.43e-04	1.58e-02	2.19e-01	5.63e-01	1.69e-01	2.92e-02	2.60e-03	6.44e-04	1.41e-04	2.29e-06	0.00e+00
 6.20364e+22	3.79e-16	5.93e-10	4.78e-08	6.13e-07	2.75e-04	1.71e-02	2.28e-01	5.64e-01	1.60e-01	2.67e-02	2.31e-03	5.64e-04	1.19e-04	1.85e-06	0.00e+00
 6.22838e+22	6.69e-16	7.76e-10	6.10e-08	7.64e-07	3.22e-04	1.89e-02	2.40e-01	5.64e-01	1.50e-01	2.38e-02	1.97e-03	4.74e-04	9.50e-05	1.40e-06	0.00e+00
 6.25364e+22	1.12e-15	9.58e-10	7.39e-08	9.09e-07	3.65e-04	2.05e-02	2.50e-01	5.64e-01	1.42e-01	2.17e-02	1.74e-03	4.13e-04	7.97e-05	1.12e-06	0.00e+00
 6.27958e+22	2.04e-15	1.26e-09	9.47e-08	1.14e-06	4.30e-04	2.27e-02	2.63e-01	5.62e-01	1.31e-01	1.92e-02	1.48e-03	3.44e-04	6.31e-05	8.40e-07	0.00e+00
 6.30617e+22	3.10e-15	1.56e-09	1.15e-07	1.36e-06	4.89e-04	2.47e-02	2.73e-01	5.59e-01	1.24e-01	1.74e-02	1.30e-03	2.98e-04	5.25e-05	6.68e-07	0.00e+00
 6.33361e+22	4.50e-15	2.06e-09	1.49e-07	1.72e-06	5.79e-04	2.74e-02	2.87e-01	5.55e-01	1.14e-01	1.53e-02	1.09e-03	2.46e-04	4.11e-05	4.91e-07	0.00e+00
 6.35941e+22	5.45e-15	2.46e-09	1.75e-07	2.00e-06	6.44e-04	2.93e-02	2.95e-01	5.51e-01	1.08e-01	1.41e-02	9.75e-04	2.18e-04	3.52e-05	4.05e-07	0.00e+00
 6.38307e+22	6.98e-15	3.09e-09	2.17e-07	2.43e-06	7.41e-04	3.19e-02	3.07e-01	5.46e-01	1.01e-01	1.26e-02	8.42e-04	1.85e-04	2.86e-05	3.13e-07	0.00e+00
 6.40656e+22	8.30e-15	3.67e-09	2.55e-07	2.80e-06	8.21e-04	3.40e-02	3.16e-01	5.41e-01	9.55e-02	1.16e-02	7.55e-04	1.64e-04	2.46e-05	2.59e-07	0.00e+00
 6.42981e+22	1.04e-14	4.58e-09	3.13e-07	3.40e-06	9.42e-04	3.70e-02	3.27e-01	5.35e-01	8.87e-02	1.04e-02	6.52e-04	1.39e-04	2.00e-05	2.00e-07	0.00e+00
 6.45319e+22	1.24e-14	5.42e-09	3.66e-07	3.92e-06	1.04e-03	3.94e-02	3.36e-01	5.29e-01	8.40e-02	9.59e-03	5.85e-04	1.23e-04	1.72e-05	1.65e-07	0.00e+00
 6.47676e+22	1.55e-14	6.73e-09	4.50e-07	4.73e-06	1.19e-03	4.27e-02	3.47e-01	5.22e-01	7.80e-02	8.59e-03	5.05e-04	1.05e-04	1.40e-05	1.28e-07	0.00e+00
 6.50075e+22	1.85e-14	7.99e-09	5.27e-07	5.47e-06	1.32e-03	4.55e-02	3.56e-01	5.15e-01	7.36e-02	7.89e-03	4.52e-04	9.25e-05	1.19e-05	0.00e+00	0.00e+00
 6.52527e+22	2.33e-14	9.96e-09	6.50e-07	6.63e-06	1.52e-03	4.94e-02	3.67e-01	5.06e-01	6.79e-02	7.03e-03	3.88e-04	7.81e-05	9.66e-06	0.00e+00	0.00e+00
 6.55014e+22	2.78e-14	1.18e-08	7.63e-07	7.67e-06	1.68e-03	5.25e-02	3.76e-01	4.99e-01	6.40e-02	6.45e-03	3.46e-04	6.87e-05	8.23e-06	0.00e+00	0.00e+00
 6.57545e+22	3.50e-14	1.48e-08	9.42e-07	9.34e-06	1.93e-03	5.70e-02	3.88e-01	4.88e-01	5.88e-02	5.73e-03	2.96e-04	5.78e-05	6.62e-06	0.00e+00	0.00e+00
 6.60123e+22	4.20e-14	1.76e-08	1.11e-06	1.08e-05	2.14e-03	6.07e-02	3.96e-01	4.80e-01	5.52e-02	5.23e-03	2.63e-04	5.06e-05	5.61e-06	0.00e+00	0.00e+00
 6.62765e+22	5.32e-14	2.21e-08	1.38e-06	1.32e-05	2.46e-03	6.59e-02	4.08e-01	4.68e-01	5.05e-02	4.63e-03	2.24e-04	4.23e-05	4.47e-06	0.00e+00	0.00e+00
 6.65464e+22	6.45e-14	2.64e-08	1.63e-06	1.55e-05	2.75e-03	7.02e-02	4.17e-01	4.59e-01	4.71e-02	4.20e-03	1.97e-04	3.68e-05	3.75e-06	0.00e+00	0.00e+00
 6.68238e+22	8.21e-14	3.33e-08	2.04e-06	1.90e-05	3.17e-03	7.62e-02	4.28e-01	4.46e-01	4.28e-02	3.70e-03	1.67e-04	3.05e-05	2.97e-06	0.00e+00	0.00e+00
 6.71081e+22	1.00e-13	4.02e-08	2.43e-06	2.23e-05	3.54e-03	8.13e-02	4.37e-01	4.35e-01	3.97e-02	3.34e-03	1.46e-04	2.63e-05	2.47e-06	0.00e+00	0.00e+00
 6.74013e+22	1.29e-13	5.10e-08	3.06e-06	2.75e-05	4.10e-03	8.84e-02	4.48e-01	4.21e-01	3.59e-02	2.92e-03	1.22e-04	2.17e-05	1.93e-06	0.00e+00	0.00e+00
 6.76974e+22	1.57e-13	6.15e-08	3.65e-06	3.23e-05	4.59e-03	9.41e-02	4.56e-01	4.10e-01	3.32e-02	2.63e-03	1.07e-04	1.86e-05	1.60e-06	0.00e+00	0.00e+00
 6.79972e+22	2.04e-13	7.81e-08	4.58e-06	3.99e-05	5.30e-03	1.02e-01	4.66e-01	3.95e-01	2.99e-02	2.30e-03	8.92e-05	1.53e-05	1.25e-06	0.00e+00	0.00e+00
 6.83011e+22	2.51e-13	9.43e-08	5.48e-06	4.69e-05	5.92e-03	1.09e-01	4.73e-01	3.83e-01	2.76e-02	2.07e-03	7.77e-05	1.31e-05	1.03e-06	0.00e+00	0.00e+00
 6.86103e+22	3.27e-13	1.20e-07	6.90e-06	5.81e-05	6.86e-03	1.18e-01	4.82e-01	3.67e-01	2.46e-02	1.79e-03	6.44e-05	1.07e-05	7.97e-07	0.00e+00	0.00e+00
 6.89114e+22	3.99e-13	1.43e-07	8.13e-06	6.74e-05	7.58e-03	1.24e-01	4.88e-01	3.56e-01	2.28e-02	1.62e-03	5.65e-05	9.24e-06	6.67e-07	0.00e+00	0.00e+00
