#depth	O	O+	O+2	O+3	O+4	O+5	O+6	O+7	O+8	O[1]	O[2]	O[3]
 1.54284e+22	6.86e-15	2.07e-10	2.51e-07	2.85e-05	6.51e-04	4.83e-03	2.05e-01	5.02e-01	2.88e-01	6.86e-15	3.22e-25	3.38e-25
 3.50685e+22	4.72e-14	1.12e-09	1.12e-06	1.05e-04	1.94e-03	1.04e-02	2.97e-01	4.96e-01	1.95e-01	4.72e-14	9.06e-23	1.14e-22
 4.13860e+22	1.05e-13	2.28e-09	2.15e-06	1.89e-04	3.20e-03	1.49e-02	3.49e-01	4.78e-01	1.55e-01	1.05e-13	2.02e-22	2.54e-22
 4.45448e+22	1.49e-13	3.13e-09	2.89e-06	2.50e-04	4.08e-03	1.77e-02	3.75e-01	4.66e-01	1.37e-01	1.49e-13	2.88e-22	3.61e-22
 4.60757e+22	1.73e-13	3.58e-09	3.29e-06	2.82e-04	4.53e-03	1.91e-02	3.87e-01	4.60e-01	1.29e-01	1.73e-13	3.34e-22	4.19e-22
 4.70765e+22	2.02e-13	4.12e-09	3.77e-06	3.20e-04	5.07e-03	2.07e-02	4.00e-01	4.53e-01	1.21e-01	2.02e-13	3.90e-22	4.89e-22
 4.81309e+22	2.34e-13	4.73e-09	4.30e-06	3.64e-04	5.67e-03	2.25e-02	4.13e-01	4.45e-01	1.13e-01	2.34e-13	4.53e-22	5.68e-22
 4.92021e+22	2.70e-13	5.39e-09	4.90e-06	4.12e-04	6.34e-03	2.44e-02	4.26e-01	4.37e-01	1.06e-01	2.70e-13	5.23e-22	6.55e-22
 5.02677e+22	3.09e-13	6.10e-09	5.55e-06	4.64e-04	7.04e-03	2.64e-02	4.39e-01	4.28e-01	9.90e-02	3.09e-13	5.97e-22	7.48e-22
 5.13416e+22	3.52e-13	6.90e-09	6.28e-06	5.24e-04	7.84e-03	2.86e-02	4.51e-01	4.19e-01	9.23e-02	3.52e-13	6.80e-22	8.53e-22
 5.24330e+22	3.97e-13	7.75e-09	7.07e-06	5.89e-04	8.69e-03	3.09e-02	4.64e-01	4.10e-01	8.59e-02	3.97e-13	7.70e-22	9.64e-22
 5.35366e+22	4.48e-13	8.69e-09	7.96e-06	6.63e-04	9.64e-03	3.34e-02	4.76e-01	4.00e-01	7.98e-02	4.48e-13	8.67e-22	1.09e-21
 5.46508e+22	5.01e-13	9.69e-09	8.91e-06	7.42e-04	1.06e-02	3.60e-02	4.88e-01	3.90e-01	7.41e-02	5.01e-13	9.71e-22	1.22e-21
 5.57849e+22	5.59e-13	1.08e-08	1.00e-05	8.33e-04	1.18e-02	3.89e-02	5.00e-01	3.80e-01	6.86e-02	5.59e-13	1.08e-21	1.36e-21
 5.69367e+22	6.21e-13	1.20e-08	1.12e-05	9.31e-04	1.30e-02	4.18e-02	5.11e-01	3.69e-01	6.34e-02	6.21e-13	1.20e-21	1.51e-21
 5.79924e+22	6.75e-13	1.30e-08	1.22e-05	1.02e-03	1.40e-02	4.45e-02	5.21e-01	3.60e-01	5.94e-02	6.75e-13	1.31e-21	1.64e-21
 5.90931e+22	7.46e-13	1.44e-08	1.37e-05	1.15e-03	1.55e-02	4.80e-02	5.32e-01	3.49e-01	5.45e-02	7.46e-13	1.45e-21	1.81e-21
 6.02113e+22	8.10e-13	1.57e-08	1.50e-05	1.26e-03	1.68e-02	5.09e-02	5.40e-01	3.40e-01	5.09e-02	8.10e-13	1.57e-21	1.97e-21
 6.13646e+22	8.94e-13	1.74e-08	1.68e-05	1.41e-03	1.85e-02	5.49e-02	5.51e-01	3.28e-01	4.65e-02	8.94e-13	1.74e-21	2.18e-21
 6.25273e+22	9.65e-13	1.88e-08	1.84e-05	1.55e-03	1.99e-02	5.82e-02	5.59e-01	3.18e-01	4.32e-02	9.65e-13	1.88e-21	2.35e-21
 6.37022e+22	1.06e-12	2.08e-08	2.05e-05	1.74e-03	2.19e-02	6.26e-02	5.68e-01	3.06e-01	3.93e-02	1.06e-12	2.06e-21	2.57e-21
 6.48793e+22	1.14e-12	2.25e-08	2.24e-05	1.90e-03	2.35e-02	6.61e-02	5.75e-01	2.97e-01	3.66e-02	1.14e-12	2.22e-21	2.78e-21
 6.60595e+22	1.24e-12	2.48e-08	2.50e-05	2.12e-03	2.57e-02	7.09e-02	5.83e-01	2.85e-01	3.33e-02	1.24e-12	2.43e-21	3.03e-21
 6.72513e+22	1.34e-12	2.68e-08	2.73e-05	2.31e-03	2.76e-02	7.47e-02	5.89e-01	2.76e-01	3.09e-02	1.34e-12	2.62e-21	3.27e-21
 6.84581e+22	1.46e-12	2.95e-08	3.04e-05	2.59e-03	3.01e-02	7.99e-02	5.95e-01	2.64e-01	2.80e-02	1.46e-12	2.86e-21	3.56e-21
 6.96803e+22	1.57e-12	3.20e-08	3.32e-05	2.83e-03	3.22e-02	8.41e-02	6.00e-01	2.55e-01	2.59e-02	1.57e-12	3.08e-21	3.84e-21
 7.09223e+22	1.71e-12	3.53e-08	3.72e-05	3.16e-03	3.50e-02	8.98e-02	6.06e-01	2.43e-01	2.34e-02	1.71e-12	3.36e-21	4.19e-21
 7.21854e+22	1.85e-12	3.84e-08	4.07e-05	3.46e-03	3.74e-02	9.44e-02	6.09e-01	2.34e-01	2.15e-02	1.85e-12	3.63e-21	4.53e-21
 7.34759e+22	2.02e-12	4.26e-08	4.57e-05	3.87e-03	4.07e-02	1.01e-01	6.13e-01	2.22e-01	1.93e-02	2.02e-12	3.98e-21	4.97e-21
 7.47941e+22	2.20e-12	4.67e-08	5.04e-05	4.25e-03	4.35e-02	1.06e-01	6.15e-01	2.13e-01	1.77e-02	2.20e-12	4.33e-21	5.39e-21
 7.61482e+22	2.42e-12	5.21e-08	5.69e-05	4.78e-03	4.73e-02	1.13e-01	6.18e-01	2.02e-01	1.58e-02	2.42e-12	4.77e-21	5.95e-21
 7.75358e+22	2.65e-12	5.75e-08	6.30e-05	5.25e-03	5.05e-02	1.18e-01	6.19e-01	1.93e-01	1.44e-02	2.65e-12	5.23e-21	6.52e-21
 7.87023e+22	2.86e-12	6.26e-08	6.89e-05	5.70e-03	5.35e-02	1.23e-01	6.19e-01	1.85e-01	1.33e-02	2.86e-12	5.65e-21	7.04e-21
 7.99539e+22	3.14e-12	6.97e-08	7.72e-05	6.34e-03	5.74e-02	1.30e-01	6.19e-01	1.75e-01	1.19e-02	3.14e-12	6.22e-21	7.75e-21
 8.12278e+22	3.42e-12	7.65e-08	8.49e-05	6.90e-03	6.08e-02	1.36e-01	6.18e-01	1.68e-01	1.10e-02	3.42e-12	6.79e-21	8.45e-21
 8.23343e+22	3.68e-12	8.33e-08	9.27e-05	7.47e-03	6.41e-02	1.41e-01	6.16e-01	1.61e-01	1.01e-02	3.68e-12	7.33e-21	9.12e-21
 8.35766e+22	4.05e-12	9.29e-08	1.04e-04	8.28e-03	6.85e-02	1.48e-01	6.14e-01	1.52e-01	9.05e-03	4.05e-12	8.08e-21	1.01e-20
 8.48144e+22	4.45e-12	1.02e-07	1.14e-04	8.95e-03	7.21e-02	1.53e-01	6.12e-01	1.46e-01	8.35e-03	4.45e-12	8.88e-21	1.10e-20
 8.60465e+22	4.91e-12	1.14e-07	1.28e-04	9.89e-03	7.68e-02	1.61e-01	6.08e-01	1.37e-01	7.48e-03	4.91e-12	9.81e-21	1.22e-20
 8.72944e+22	5.40e-12	1.26e-07	1.41e-04	1.07e-02	8.08e-02	1.66e-01	6.04e-01	1.31e-01	6.87e-03	5.40e-12	1.08e-20	1.35e-20
 8.85630e+22	6.03e-12	1.43e-07	1.58e-04	1.19e-02	8.61e-02	1.73e-01	5.99e-01	1.24e-01	6.14e-03	6.03e-12	1.21e-20	1.51e-20
 8.98560e+22	6.72e-12	1.59e-07	1.75e-04	1.29e-02	9.05e-02	1.79e-01	5.94e-01	1.18e-01	5.62e-03	6.72e-12	1.35e-20	1.68e-20
 9.11807e+22	7.55e-12	1.82e-07	1.99e-04	1.43e-02	9.64e-02	1.87e-01	5.87e-01	1.10e-01	4.98e-03	7.55e-12	1.53e-20	1.90e-20
 9.25254e+22	8.48e-12	2.04e-07	2.21e-04	1.55e-02	1.01e-01	1.93e-01	5.81e-01	1.05e-01	4.54e-03	8.48e-12	1.72e-20	2.13e-20
 9.38962e+22	9.66e-12	2.35e-07	2.52e-04	1.72e-02	1.08e-01	2.01e-01	5.73e-01	9.74e-02	4.00e-03	9.66e-12	1.96e-20	2.44e-20
 9.53001e+22	1.09e-11	2.66e-07	2.81e-04	1.88e-02	1.13e-01	2.07e-01	5.65e-01	9.20e-02	3.62e-03	1.09e-11	2.23e-20	2.76e-20
 9.67470e+22	1.27e-11	3.11e-07	3.24e-04	2.09e-02	1.21e-01	2.15e-01	5.55e-01	8.52e-02	3.16e-03	1.27e-11	2.60e-20	3.22e-20
 9.82322e+22	1.45e-11	3.55e-07	3.64e-04	2.29e-02	1.27e-01	2.21e-01	5.45e-01	8.00e-02	2.84e-03	1.45e-11	2.98e-20	3.69e-20
 9.97670e+22	1.72e-11	4.22e-07	4.23e-04	2.56e-02	1.36e-01	2.29e-01	5.33e-01	7.36e-02	2.46e-03	1.72e-11	3.55e-20	4.39e-20
 1.01316e+23	1.99e-11	4.86e-07	4.77e-04	2.80e-02	1.42e-01	2.35e-01	5.23e-01	6.88e-02	2.20e-03	1.99e-11	4.12e-20	5.10e-20
 1.02883e+23	2.38e-11	5.81e-07	5.57e-04	3.13e-02	1.52e-01	2.43e-01	5.08e-01	6.30e-02	1.89e-03	2.38e-11	4.95e-20	6.13e-20
 1.04470e+23	2.79e-11	6.75e-07	6.30e-04	3.43e-02	1.59e-01	2.49e-01	4.97e-01	5.87e-02	1.68e-03	2.79e-11	5.82e-20	7.20e-20
 1.06083e+23	3.38e-11	8.14e-07	7.37e-04	3.84e-02	1.69e-01	2.56e-01	4.81e-01	5.33e-02	1.43e-03	3.38e-11	7.09e-20	8.77e-20
 1.07654e+23	3.94e-11	9.39e-07	8.28e-04	4.16e-02	1.76e-01	2.61e-01	4.69e-01	4.98e-02	1.28e-03	3.94e-11	8.30e-20	1.03e-19
 1.09173e+23	4.76e-11	1.12e-06	9.60e-04	4.61e-02	1.86e-01	2.67e-01	4.53e-01	4.54e-02	1.10e-03	4.76e-11	1.01e-19	1.25e-19
 1.10751e+23	5.65e-11	1.31e-06	1.09e-03	5.03e-02	1.94e-01	2.71e-01	4.40e-01	4.20e-02	9.73e-04	5.65e-11	1.20e-19	1.49e-19
 1.12099e+23	6.54e-11	1.50e-06	1.21e-03	5.41e-02	2.02e-01	2.75e-01	4.28e-01	3.91e-02	8.70e-04	6.54e-11	1.40e-19	1.73e-19
 1.13543e+23	7.89e-11	1.79e-06	1.39e-03	5.94e-02	2.11e-01	2.79e-01	4.12e-01	3.57e-02	7.52e-04	7.89e-11	1.70e-19	2.09e-19
 1.14998e+23	9.22e-11	2.05e-06	1.55e-03	6.39e-02	2.19e-01	2.82e-01	4.00e-01	3.32e-02	6.69e-04	9.22e-11	2.00e-19	2.46e-19
 1.16466e+23	1.12e-10	2.44e-06	1.78e-03	6.99e-02	2.28e-01	2.85e-01	3.84e-01	3.02e-02	5.77e-04	1.12e-10	2.44e-19	3.00e-19
 1.17979e+23	1.33e-10	2.84e-06	2.00e-03	7.56e-02	2.37e-01	2.88e-01	3.70e-01	2.77e-02	5.05e-04	1.33e-10	2.90e-19	3.57e-19
 1.19321e+23	1.56e-10	3.28e-06	2.23e-03	8.12e-02	2.44e-01	2.89e-01	3.57e-01	2.56e-02	4.47e-04	1.56e-10	3.44e-19	4.23e-19
 1.20834e+23	1.92e-10	3.92e-06	2.56e-03	8.86e-02	2.54e-01	2.91e-01	3.40e-01	2.31e-02	3.82e-04	1.92e-10	4.26e-19	5.24e-19
 1.22432e+23	2.32e-10	4.62e-06	2.90e-03	9.59e-02	2.63e-01	2.92e-01	3.25e-01	2.10e-02	3.30e-04	2.32e-10	5.19e-19	6.37e-19
 1.23888e+23	2.78e-10	5.38e-06	3.25e-03	1.03e-01	2.71e-01	2.92e-01	3.11e-01	1.92e-02	2.88e-04	2.78e-10	6.25e-19	7.68e-19
 1.25530e+23	3.49e-10	6.52e-06	3.76e-03	1.13e-01	2.81e-01	2.91e-01	2.94e-01	1.70e-02	2.41e-04	3.49e-10	7.94e-19	9.74e-19
 1.27223e+23	4.27e-10	7.71e-06	4.26e-03	1.22e-01	2.89e-01	2.90e-01	2.79e-01	1.53e-02	2.06e-04	4.27e-10	9.78e-19	1.20e-18
 1.28726e+23	5.16e-10	9.02e-06	4.78e-03	1.30e-01	2.97e-01	2.89e-01	2.65e-01	1.39e-02	1.77e-04	5.16e-10	1.19e-18	1.46e-18
 1.30425e+23	6.56e-10	1.10e-05	5.51e-03	1.42e-01	3.06e-01	2.86e-01	2.48e-01	1.22e-02	1.47e-04	6.56e-10	1.53e-18	1.87e-18
 1.32188e+23	8.13e-10	1.30e-05	6.25e-03	1.53e-01	3.14e-01	2.83e-01	2.33e-01	1.08e-02	1.24e-04	8.13e-10	1.91e-18	2.34e-18
 1.33771e+23	9.94e-10	1.53e-05	7.02e-03	1.64e-01	3.21e-01	2.79e-01	2.19e-01	9.70e-03	1.05e-04	9.94e-10	2.36e-18	2.89e-18
 1.35563e+23	1.29e-09	1.88e-05	8.13e-03	1.78e-01	3.29e-01	2.74e-01	2.02e-01	8.38e-03	8.52e-05	1.29e-09	3.10e-18	3.78e-18
 1.37415e+23	1.61e-09	2.24e-05	9.20e-03	1.91e-01	3.36e-01	2.68e-01	1.88e-01	7.38e-03	7.09e-05	1.61e-09	3.91e-18	4.77e-18
 1.39345e+23	2.13e-09	2.78e-05	1.07e-02	2.08e-01	3.43e-01	2.61e-01	1.72e-01	6.27e-03	5.62e-05	2.13e-09	5.25e-18	6.39e-18
 1.41298e+23	2.67e-09	3.32e-05	1.21e-02	2.22e-01	3.48e-01	2.54e-01	1.59e-01	5.46e-03	4.62e-05	2.67e-09	6.68e-18	8.13e-18
 1.43015e+23	3.34e-09	3.93e-05	1.36e-02	2.36e-01	3.52e-01	2.47e-01	1.47e-01	4.77e-03	3.81e-05	3.34e-09	8.45e-18	1.03e-17
 1.44980e+23	4.44e-09	4.87e-05	1.58e-02	2.55e-01	3.56e-01	2.38e-01	1.32e-01	3.99e-03	2.98e-05	4.44e-09	1.14e-17	1.39e-17
 1.46980e+23	5.62e-09	5.81e-05	1.78e-02	2.71e-01	3.58e-01	2.29e-01	1.21e-01	3.43e-03	2.41e-05	5.62e-09	1.47e-17	1.78e-17
 1.48754e+23	7.05e-09	6.88e-05	1.99e-02	2.86e-01	3.60e-01	2.21e-01	1.10e-01	2.96e-03	1.96e-05	7.05e-09	1.87e-17	2.26e-17
 1.50792e+23	9.49e-09	8.55e-05	2.30e-02	3.07e-01	3.60e-01	2.09e-01	9.79e-02	2.43e-03	1.49e-05	9.49e-09	2.56e-17	3.10e-17
 1.52855e+23	1.20e-08	1.02e-04	2.58e-02	3.24e-01	3.60e-01	2.00e-01	8.86e-02	2.07e-03	1.19e-05	1.20e-08	3.30e-17	3.99e-17
 1.54951e+23	1.62e-08	1.26e-04	2.96e-02	3.45e-01	3.58e-01	1.88e-01	7.79e-02	1.68e-03	9.02e-06	1.62e-08	4.53e-17	5.47e-17
 1.57091e+23	2.07e-08	1.50e-04	3.32e-02	3.62e-01	3.55e-01	1.78e-01	6.97e-02	1.41e-03	7.08e-06	2.07e-08	5.91e-17	7.13e-17
 1.58999e+23	2.64e-08	1.79e-04	3.71e-02	3.80e-01	3.51e-01	1.68e-01	6.23e-02	1.18e-03	5.56e-06	2.64e-08	7.67e-17	9.25e-17
 1.61190e+23	3.58e-08	2.22e-04	4.25e-02	4.01e-01	3.46e-01	1.56e-01	5.38e-02	9.38e-04	4.08e-06	3.58e-08	1.07e-16	1.29e-16
 1.63418e+23	4.60e-08	2.64e-04	4.73e-02	4.19e-01	3.40e-01	1.46e-01	4.75e-02	7.75e-04	3.15e-06	4.60e-08	1.40e-16	1.68e-16
 1.65694e+23	6.31e-08	3.29e-04	5.42e-02	4.40e-01	3.31e-01	1.33e-01	4.04e-02	6.04e-04	2.26e-06	6.31e-08	1.97e-16	2.37e-16
 1.67930e+23	7.97e-08	3.86e-04	5.98e-02	4.55e-01	3.24e-01	1.24e-01	3.57e-02	5.00e-04	1.75e-06	7.97e-08	2.55e-16	3.06e-16
 1.69743e+23	9.83e-08	4.46e-04	6.52e-02	4.69e-01	3.17e-01	1.16e-01	3.19e-02	4.21e-04	1.39e-06	9.83e-08	3.20e-16	3.84e-16
 1.71728e+23	1.28e-07	5.36e-04	7.26e-02	4.85e-01	3.07e-01	1.06e-01	2.75e-02	3.36e-04	1.03e-06	1.28e-07	4.29e-16	5.15e-16
 1.73731e+23	1.59e-07	6.19e-04	7.91e-02	4.98e-01	2.99e-01	9.90e-02	2.43e-02	2.80e-04	8.09e-07	1.59e-07	5.43e-16	6.51e-16
 1.75485e+23	1.95e-07	7.12e-04	8.57e-02	5.09e-01	2.91e-01	9.20e-02	2.16e-02	2.33e-04	6.37e-07	1.95e-07	6.82e-16	8.17e-16
 1.77492e+23	2.54e-07	8.50e-04	9.49e-02	5.22e-01	2.80e-01	8.36e-02	1.84e-02	1.85e-04	4.67e-07	2.54e-07	9.13e-16	1.09e-15
 1.79538e+23	3.15e-07	9.83e-04	1.03e-01	5.33e-01	2.70e-01	7.70e-02	1.61e-02	1.52e-04	3.60e-07	3.15e-07	1.16e-15	1.39e-15
 1.81634e+23	4.12e-07	1.18e-03	1.14e-01	5.44e-01	2.58e-01	6.92e-02	1.36e-02	1.18e-04	2.60e-07	4.12e-07	1.57e-15	1.87e-15
 1.83746e+23	5.11e-07	1.36e-03	1.23e-01	5.53e-01	2.48e-01	6.33e-02	1.19e-02	9.61e-05	1.98e-07	5.11e-07	1.99e-15	2.38e-15
 1.85602e+23	6.29e-07	1.56e-03	1.33e-01	5.60e-01	2.38e-01	5.79e-02	1.03e-02	7.86e-05	1.52e-07	6.29e-07	2.51e-15	3.00e-15
 1.87735e+23	8.26e-07	1.86e-03	1.46e-01	5.67e-01	2.25e-01	5.14e-02	8.61e-03	6.00e-05	0.00e+00	8.26e-07	3.42e-15	4.07e-15
 1.89702e+23	9.86e-07	2.10e-03	1.55e-01	5.71e-01	2.16e-01	4.74e-02	7.61e-03	5.01e-05	0.00e+00	9.86e-07	4.17e-15	4.97e-15
 1.91455e+23	1.21e-06	2.40e-03	1.67e-01	5.75e-01	2.06e-01	4.30e-02	6.58e-03	4.05e-05	0.00e+00	1.21e-06	5.29e-15	6.30e-15
 1.93275e+23	1.46e-06	2.71e-03	1.78e-01	5.78e-01	1.97e-01	3.93e-02	5.76e-03	3.34e-05	0.00e+00	1.46e-06	6.52e-15	7.75e-15
 1.94899e+23	1.73e-06	3.02e-03	1.88e-01	5.79e-01	1.89e-01	3.62e-02	5.10e-03	2.80e-05	0.00e+00	1.73e-06	7.91e-15	9.39e-15
 1.96726e+23	2.14e-06	3.48e-03	2.01e-01	5.80e-01	1.79e-01	3.25e-02	4.35e-03	2.22e-05	0.00e+00	2.14e-06	1.01e-14	1.20e-14
 1.98588e+23	2.56e-06	3.91e-03	2.13e-01	5.79e-01	1.70e-01	2.96e-02	3.79e-03	1.82e-05	0.00e+00	2.56e-06	1.25e-14	1.48e-14
 2.00227e+23	3.03e-06	4.36e-03	2.25e-01	5.78e-01	1.62e-01	2.70e-02	3.33e-03	1.51e-05	0.00e+00	3.03e-06	1.51e-14	1.79e-14
 2.02089e+23	3.76e-06	5.01e-03	2.41e-01	5.75e-01	1.52e-01	2.40e-02	2.81e-03	1.18e-05	0.00e+00	3.76e-06	1.94e-14	2.30e-14
 2.03984e+23	4.49e-06	5.62e-03	2.54e-01	5.72e-01	1.44e-01	2.18e-02	2.44e-03	9.62e-06	0.00e+00	4.49e-06	2.39e-14	2.82e-14
 2.05657e+23	5.32e-06	6.27e-03	2.67e-01	5.68e-01	1.37e-01	1.97e-02	2.12e-03	7.88e-06	0.00e+00	5.32e-06	2.91e-14	3.44e-14
 2.07566e+23	6.58e-06	7.20e-03	2.84e-01	5.62e-01	1.27e-01	1.74e-02	1.78e-03	6.11e-06	0.00e+00	6.58e-06	3.74e-14	4.42e-14
 2.09511e+23	7.86e-06	8.06e-03	2.99e-01	5.56e-01	1.20e-01	1.56e-02	1.53e-03	4.92e-06	0.00e+00	7.86e-06	4.60e-14	5.43e-14
 2.11232e+23	9.31e-06	8.99e-03	3.14e-01	5.49e-01	1.13e-01	1.41e-02	1.32e-03	3.99e-06	0.00e+00	9.31e-06	5.62e-14	6.64e-14
 2.13200e+23	1.15e-05	1.03e-02	3.33e-01	5.39e-01	1.04e-01	1.23e-02	1.09e-03	3.05e-06	0.00e+00	1.15e-05	7.24e-14	8.55e-14
 2.15206e+23	1.38e-05	1.15e-02	3.49e-01	5.30e-01	9.75e-02	1.09e-02	9.32e-04	2.43e-06	0.00e+00	1.38e-05	8.94e-14	1.05e-13
 2.16988e+23	1.63e-05	1.29e-02	3.65e-01	5.20e-01	9.11e-02	9.74e-03	7.97e-04	1.94e-06	0.00e+00	1.63e-05	1.10e-13	1.29e-13
 2.19033e+23	2.03e-05	1.48e-02	3.86e-01	5.07e-01	8.34e-02	8.40e-03	6.51e-04	1.46e-06	0.00e+00	2.03e-05	1.42e-13	1.68e-13
 2.21119e+23	2.43e-05	1.66e-02	4.04e-01	4.95e-01	7.73e-02	7.40e-03	5.48e-04	1.14e-06	0.00e+00	2.43e-05	1.76e-13	2.08e-13
 2.23260e+23	3.02e-05	1.90e-02	4.26e-01	4.78e-01	7.01e-02	6.30e-03	4.42e-04	8.39e-07	0.00e+00	3.02e-05	2.30e-13	2.71e-13
 2.25436e+23	3.64e-05	2.14e-02	4.44e-01	4.64e-01	6.44e-02	5.48e-03	3.67e-04	6.44e-07	0.00e+00	3.64e-05	2.88e-13	3.39e-13
 2.27341e+23	4.32e-05	2.38e-02	4.62e-01	4.50e-01	5.94e-02	4.81e-03	3.08e-04	5.03e-07	0.00e+00	4.32e-05	3.54e-13	4.17e-13
 2.29501e+23	5.37e-05	2.73e-02	4.84e-01	4.31e-01	5.33e-02	4.04e-03	2.45e-04	3.64e-07	0.00e+00	5.37e-05	4.62e-13	5.45e-13
 2.31723e+23	6.42e-05	3.05e-02	5.02e-01	4.15e-01	4.87e-02	3.50e-03	2.03e-04	2.78e-07	0.00e+00	6.42e-05	5.75e-13	6.78e-13
 2.33440e+23	7.33e-05	3.32e-02	5.15e-01	4.03e-01	4.54e-02	3.13e-03	1.75e-04	2.27e-07	0.00e+00	7.33e-05	6.76e-13	7.97e-13
 2.35085e+23	8.58e-05	3.66e-02	5.31e-01	3.88e-01	4.16e-02	2.74e-03	1.47e-04	1.77e-07	0.00e+00	8.58e-05	8.22e-13	9.69e-13
 2.36771e+23	9.80e-05	3.98e-02	5.44e-01	3.75e-01	3.86e-02	2.43e-03	1.26e-04	1.43e-07	0.00e+00	9.80e-05	9.69e-13	1.14e-12
 2.38275e+23	1.11e-04	4.30e-02	5.56e-01	3.62e-01	3.59e-02	2.17e-03	1.09e-04	0.00e+00	0.00e+00	1.11e-04	1.13e-12	1.34e-12
 2.39994e+23	1.30e-04	4.75e-02	5.71e-01	3.46e-01	3.27e-02	1.88e-03	9.05e-05	0.00e+00	0.00e+00	1.30e-04	1.38e-12	1.63e-12
 2.41756e+23	1.49e-04	5.16e-02	5.84e-01	3.32e-01	3.01e-02	1.66e-03	7.69e-05	0.00e+00	0.00e+00	1.49e-04	1.64e-12	1.93e-12
 2.43314e+23	1.70e-04	5.59e-02	5.96e-01	3.19e-01	2.77e-02	1.46e-03	6.55e-05	0.00e+00	0.00e+00	1.70e-04	1.93e-12	2.28e-12
 2.45080e+23	2.01e-04	6.18e-02	6.10e-01	3.02e-01	2.50e-02	1.25e-03	5.34e-05	0.00e+00	0.00e+00	2.01e-04	2.37e-12	2.80e-12
 2.46874e+23	2.29e-04	6.69e-02	6.20e-01	2.89e-01	2.29e-02	1.09e-03	4.52e-05	0.00e+00	0.00e+00	2.29e-04	2.79e-12	3.30e-12
 2.48706e+23	2.68e-04	7.38e-02	6.33e-01	2.72e-01	2.05e-02	9.26e-04	3.67e-05	0.00e+00	0.00e+00	2.68e-04	3.43e-12	4.05e-12
 2.50588e+23	3.09e-04	8.03e-02	6.42e-01	2.57e-01	1.86e-02	7.99e-04	3.05e-05	0.00e+00	0.00e+00	3.09e-04	4.09e-12	4.82e-12
 2.52262e+23	3.52e-04	8.70e-02	6.51e-01	2.44e-01	1.69e-02	6.92e-04	2.55e-05	0.00e+00	0.00e+00	3.52e-04	4.84e-12	5.71e-12
 2.54162e+23	4.13e-04	9.58e-02	6.61e-01	2.28e-01	1.50e-02	5.79e-04	2.04e-05	0.00e+00	0.00e+00	4.13e-04	5.95e-12	7.01e-12
 2.56140e+23	4.78e-04	1.04e-01	6.68e-01	2.13e-01	1.34e-02	4.91e-04	1.66e-05	0.00e+00	0.00e+00	4.78e-04	7.15e-12	8.43e-12
 2.57923e+23	5.47e-04	1.13e-01	6.74e-01	2.00e-01	1.21e-02	4.20e-04	1.37e-05	0.00e+00	0.00e+00	5.47e-04	8.50e-12	1.00e-11
 2.59944e+23	6.47e-04	1.25e-01	6.80e-01	1.84e-01	1.05e-02	3.43e-04	1.06e-05	0.00e+00	0.00e+00	6.47e-04	1.06e-11	1.25e-11
 2.62028e+23	7.45e-04	1.36e-01	6.83e-01	1.71e-01	9.33e-03	2.88e-04	8.59e-06	0.00e+00	0.00e+00	7.45e-04	1.27e-11	1.50e-11
 2.63911e+23	8.54e-04	1.47e-01	6.85e-01	1.58e-01	8.28e-03	2.42e-04	6.94e-06	0.00e+00	0.00e+00	8.54e-04	1.52e-11	1.79e-11
 2.66076e+23	1.02e-03	1.63e-01	6.86e-01	1.43e-01	7.07e-03	1.92e-04	5.25e-06	0.00e+00	0.00e+00	1.02e-03	1.91e-11	2.25e-11
 2.68271e+23	1.17e-03	1.76e-01	6.85e-01	1.31e-01	6.22e-03	1.59e-04	4.19e-06	0.00e+00	0.00e+00	1.17e-03	2.28e-11	2.69e-11
 2.70504e+23	1.39e-03	1.94e-01	6.82e-01	1.18e-01	5.28e-03	1.25e-04	3.13e-06	0.00e+00	0.00e+00	1.39e-03	2.87e-11	3.38e-11
 2.72790e+23	1.60e-03	2.10e-01	6.77e-01	1.07e-01	4.58e-03	1.02e-04	2.45e-06	0.00e+00	0.00e+00	1.60e-03	3.46e-11	4.08e-11
 2.75146e+23	1.91e-03	2.32e-01	6.69e-01	9.41e-02	3.82e-03	7.83e-05	1.79e-06	0.00e+00	0.00e+00	1.91e-03	4.37e-11	5.14e-11
 2.77551e+23	2.20e-03	2.50e-01	6.60e-01	8.44e-02	3.28e-03	6.27e-05	1.38e-06	0.00e+00	0.00e+00	2.20e-03	5.27e-11	6.21e-11
 2.80020e+23	2.60e-03	2.75e-01	6.46e-01	7.35e-02	2.72e-03	4.76e-05	9.99e-07	0.00e+00	0.00e+00	2.60e-03	6.63e-11	7.81e-11
 2.82575e+23	3.03e-03	2.98e-01	6.32e-01	6.46e-02	2.28e-03	3.69e-05	7.43e-07	0.00e+00	0.00e+00	3.03e-03	8.11e-11	9.56e-11
 2.84880e+23	3.49e-03	3.21e-01	6.17e-01	5.70e-02	1.93e-03	2.89e-05	5.60e-07	0.00e+00	0.00e+00	3.49e-03	9.80e-11	1.16e-10
 2.87515e+23	4.16e-03	3.51e-01	5.95e-01	4.81e-02	1.55e-03	2.10e-05	3.88e-07	0.00e+00	0.00e+00	4.16e-03	1.25e-10	1.47e-10
 2.90257e+23	4.80e-03	3.78e-01	5.75e-01	4.16e-02	1.29e-03	1.60e-05	2.85e-07	0.00e+00	0.00e+00	4.80e-03	1.52e-10	1.79e-10
 2.93053e+23	5.74e-03	4.13e-01	5.46e-01	3.43e-02	1.02e-03	1.12e-05	1.91e-07	0.00e+00	0.00e+00	5.74e-03	1.94e-10	2.29e-10
 2.95944e+23	6.62e-03	4.42e-01	5.21e-01	2.90e-02	8.31e-04	8.34e-06	1.37e-07	0.00e+00	0.00e+00	6.62e-03	2.37e-10	2.80e-10
 2.98836e+23	7.85e-03	4.78e-01	4.89e-01	2.36e-02	6.49e-04	5.77e-06	0.00e+00	0.00e+00	0.00e+00	7.85e-03	3.01e-10	3.55e-10
 3.01887e+23	9.16e-03	5.13e-01	4.58e-01	1.92e-02	5.13e-04	4.05e-06	0.00e+00	0.00e+00	0.00e+00	9.16e-03	3.75e-10	4.43e-10
 3.04939e+23	1.07e-02	5.49e-01	4.25e-01	1.55e-02	4.01e-04	2.79e-06	0.00e+00	0.00e+00	0.00e+00	1.07e-02	4.68e-10	5.53e-10
 3.07525e+23	1.18e-02	5.73e-01	4.02e-01	1.33e-02	3.38e-04	2.15e-06	0.00e+00	0.00e+00	0.00e+00	1.18e-02	5.42e-10	6.42e-10
