#depth	O	O+	O+2	O+3	O+4	O+5	O+6	O+7	O+8	O[1]	O[2]	O[3]
 4.62852e+21	2.79e-16	8.18e-11	9.95e-07	5.89e-04	2.00e-02	1.19e-01	7.97e-01	6.23e-02	9.22e-04	2.79e-16	5.00e-27	5.36e-27
 1.03794e+22	1.06e-15	3.05e-10	3.16e-06	1.45e-03	3.52e-02	1.69e-01	7.54e-01	3.97e-02	3.96e-04	1.06e-15	1.66e-25	2.01e-25
 1.20631e+22	2.15e-15	6.09e-10	5.67e-06	2.25e-03	4.60e-02	1.97e-01	7.23e-01	3.13e-02	2.57e-04	2.15e-15	3.46e-25	4.17e-25
 1.29439e+22	3.25e-15	9.09e-10	7.91e-06	2.88e-03	5.33e-02	2.14e-01	7.02e-01	2.72e-02	2.01e-04	3.25e-15	5.33e-25	6.41e-25
 1.33729e+22	3.78e-15	1.05e-09	8.95e-06	3.15e-03	5.63e-02	2.20e-01	6.94e-01	2.58e-02	1.83e-04	3.78e-15	6.23e-25	7.48e-25
 1.36246e+22	4.56e-15	1.26e-09	1.03e-05	3.51e-03	6.00e-02	2.28e-01	6.84e-01	2.43e-02	1.64e-04	4.56e-15	7.57e-25	9.09e-25
 1.39060e+22	5.50e-15	1.50e-09	1.20e-05	3.90e-03	6.38e-02	2.35e-01	6.74e-01	2.28e-02	1.47e-04	5.50e-15	9.20e-25	1.10e-24
 1.41842e+22	6.58e-15	1.78e-09	1.37e-05	4.30e-03	6.77e-02	2.42e-01	6.64e-01	2.15e-02	1.32e-04	6.58e-15	1.11e-24	1.33e-24
 1.45039e+22	8.44e-15	2.25e-09	1.66e-05	4.94e-03	7.34e-02	2.52e-01	6.49e-01	1.98e-02	1.14e-04	8.44e-15	1.44e-24	1.72e-24
 1.48263e+22	1.03e-14	2.70e-09	1.93e-05	5.49e-03	7.81e-02	2.60e-01	6.38e-01	1.85e-02	1.02e-04	1.03e-14	1.76e-24	2.11e-24
 1.51523e+22	1.32e-14	3.40e-09	2.32e-05	6.26e-03	8.43e-02	2.70e-01	6.22e-01	1.70e-02	8.84e-05	1.32e-14	2.29e-24	2.74e-24
 1.54701e+22	1.60e-14	4.08e-09	2.68e-05	6.94e-03	8.95e-02	2.77e-01	6.10e-01	1.59e-02	7.88e-05	1.60e-14	2.81e-24	3.36e-24
 1.57314e+22	1.92e-14	4.83e-09	3.07e-05	7.63e-03	9.45e-02	2.84e-01	5.98e-01	1.49e-02	7.07e-05	1.92e-14	3.40e-24	4.06e-24
 1.60253e+22	2.41e-14	5.95e-09	3.62e-05	8.58e-03	1.01e-01	2.93e-01	5.84e-01	1.38e-02	6.19e-05	2.41e-14	4.32e-24	5.16e-24
 1.63322e+22	2.95e-14	7.13e-09	4.18e-05	9.48e-03	1.07e-01	3.00e-01	5.71e-01	1.29e-02	5.52e-05	2.95e-14	5.33e-24	6.36e-24
 1.66558e+22	3.82e-14	9.04e-09	5.04e-05	1.08e-02	1.15e-01	3.09e-01	5.53e-01	1.17e-02	4.73e-05	3.82e-14	7.00e-24	8.35e-24
 1.69785e+22	4.70e-14	1.09e-08	5.82e-05	1.19e-02	1.22e-01	3.16e-01	5.39e-01	1.09e-02	4.20e-05	4.70e-14	8.70e-24	1.04e-23
 1.73001e+22	6.05e-14	1.36e-08	6.94e-05	1.35e-02	1.30e-01	3.24e-01	5.22e-01	9.95e-03	3.62e-05	6.05e-14	1.14e-23	1.35e-23
 1.76366e+22	7.60e-14	1.67e-08	8.14e-05	1.51e-02	1.38e-01	3.32e-01	5.06e-01	9.15e-03	3.16e-05	7.60e-14	1.45e-23	1.72e-23
 1.79415e+22	9.44e-14	2.03e-08	9.45e-05	1.67e-02	1.46e-01	3.38e-01	4.91e-01	8.44e-03	2.77e-05	9.44e-14	1.82e-23	2.17e-23
 1.82870e+22	1.25e-13	2.58e-08	1.14e-04	1.90e-02	1.57e-01	3.45e-01	4.71e-01	7.62e-03	2.35e-05	1.25e-13	2.45e-23	2.91e-23
 1.86412e+22	1.58e-13	3.18e-08	1.34e-04	2.11e-02	1.66e-01	3.52e-01	4.54e-01	6.96e-03	2.03e-05	1.58e-13	3.15e-23	3.73e-23
 1.89547e+22	1.98e-13	3.88e-08	1.56e-04	2.34e-02	1.75e-01	3.57e-01	4.38e-01	6.37e-03	1.77e-05	1.98e-13	4.00e-23	4.75e-23
 1.93098e+22	2.64e-13	4.96e-08	1.88e-04	2.65e-02	1.87e-01	3.63e-01	4.18e-01	5.70e-03	1.49e-05	2.64e-13	5.43e-23	6.43e-23
 1.96755e+22	3.37e-13	6.13e-08	2.21e-04	2.96e-02	1.98e-01	3.67e-01	4.00e-01	5.17e-03	1.28e-05	3.37e-13	7.06e-23	8.36e-23
 2.00015e+22	4.27e-13	7.50e-08	2.57e-04	3.27e-02	2.08e-01	3.71e-01	3.83e-01	4.69e-03	1.10e-05	4.27e-13	9.09e-23	1.08e-22
 2.03720e+22	5.75e-13	9.64e-08	3.11e-04	3.71e-02	2.21e-01	3.75e-01	3.62e-01	4.15e-03	9.11e-06	5.75e-13	1.25e-22	1.48e-22
 2.07534e+22	7.43e-13	1.20e-07	3.66e-04	4.12e-02	2.33e-01	3.77e-01	3.44e-01	3.72e-03	7.71e-06	7.43e-13	1.65e-22	1.95e-22
 2.10936e+22	9.50e-13	1.47e-07	4.27e-04	4.56e-02	2.45e-01	3.79e-01	3.27e-01	3.35e-03	6.56e-06	9.50e-13	2.15e-22	2.54e-22
 2.14807e+22	1.30e-12	1.90e-07	5.18e-04	5.16e-02	2.59e-01	3.79e-01	3.06e-01	2.92e-03	5.35e-06	1.30e-12	3.01e-22	3.54e-22
 2.18585e+22	1.65e-12	2.33e-07	6.01e-04	5.68e-02	2.71e-01	3.79e-01	2.90e-01	2.62e-03	4.53e-06	1.65e-12	3.90e-22	4.60e-22
 2.21712e+22	2.06e-12	2.80e-07	6.88e-04	6.19e-02	2.81e-01	3.79e-01	2.75e-01	2.37e-03	3.89e-06	2.06e-12	4.98e-22	5.85e-22
 2.25248e+22	2.73e-12	3.52e-07	8.16e-04	6.88e-02	2.95e-01	3.77e-01	2.57e-01	2.07e-03	3.20e-06	2.73e-12	6.76e-22	7.94e-22
 2.28984e+22	3.51e-12	4.32e-07	9.47e-04	7.55e-02	3.06e-01	3.74e-01	2.41e-01	1.84e-03	2.69e-06	3.51e-12	8.89e-22	1.04e-21
 2.32980e+22	4.86e-12	5.62e-07	1.15e-03	8.51e-02	3.22e-01	3.69e-01	2.21e-01	1.57e-03	2.13e-06	4.86e-12	1.27e-21	1.49e-21
 2.37003e+22	6.26e-12	6.88e-07	1.33e-03	9.30e-02	3.33e-01	3.65e-01	2.07e-01	1.38e-03	1.77e-06	6.26e-12	1.67e-21	1.96e-21
 2.40319e+22	7.86e-12	8.25e-07	1.51e-03	1.01e-01	3.43e-01	3.60e-01	1.94e-01	1.23e-03	1.49e-06	7.86e-12	2.15e-21	2.52e-21
 2.43416e+22	9.80e-12	9.83e-07	1.72e-03	1.09e-01	3.52e-01	3.55e-01	1.82e-01	1.09e-03	1.26e-06	9.80e-12	2.74e-21	3.21e-21
 2.46972e+22	1.27e-11	1.21e-06	1.99e-03	1.19e-01	3.63e-01	3.48e-01	1.68e-01	9.51e-04	1.04e-06	1.27e-11	3.67e-21	4.29e-21
 2.50766e+22	1.66e-11	1.49e-06	2.31e-03	1.29e-01	3.74e-01	3.40e-01	1.54e-01	8.22e-04	8.42e-07	1.66e-11	4.92e-21	5.75e-21
 2.54130e+22	2.08e-11	1.77e-06	2.61e-03	1.39e-01	3.82e-01	3.32e-01	1.43e-01	7.26e-04	7.07e-07	2.08e-11	6.29e-21	7.36e-21
 2.57767e+22	2.74e-11	2.20e-06	3.04e-03	1.52e-01	3.91e-01	3.23e-01	1.31e-01	6.20e-04	5.65e-07	2.74e-11	8.60e-21	1.00e-20
 2.61477e+22	3.48e-11	2.64e-06	3.45e-03	1.63e-01	3.99e-01	3.14e-01	1.20e-01	5.39e-04	4.65e-07	3.48e-11	1.12e-20	1.31e-20
 2.64737e+22	4.35e-11	3.13e-06	3.89e-03	1.74e-01	4.05e-01	3.05e-01	1.11e-01	4.72e-04	3.86e-07	4.35e-11	1.44e-20	1.68e-20
 2.68429e+22	5.75e-11	3.87e-06	4.51e-03	1.89e-01	4.12e-01	2.94e-01	1.00e-01	3.99e-04	3.06e-07	5.75e-11	1.97e-20	2.30e-20
 2.72227e+22	7.32e-11	4.65e-06	5.11e-03	2.02e-01	4.18e-01	2.84e-01	9.14e-02	3.43e-04	2.48e-07	7.32e-11	2.58e-20	3.01e-20
 2.75607e+22	9.21e-11	5.53e-06	5.75e-03	2.15e-01	4.22e-01	2.73e-01	8.35e-02	2.96e-04	2.03e-07	9.21e-11	3.34e-20	3.90e-20
 2.79445e+22	1.23e-10	6.84e-06	6.64e-03	2.32e-01	4.26e-01	2.60e-01	7.43e-02	2.46e-04	1.58e-07	1.23e-10	4.63e-20	5.39e-20
 2.83388e+22	1.57e-10	8.23e-06	7.53e-03	2.47e-01	4.29e-01	2.49e-01	6.70e-02	2.09e-04	1.25e-07	1.57e-10	6.14e-20	7.15e-20
 2.86877e+22	1.98e-10	9.76e-06	8.43e-03	2.62e-01	4.30e-01	2.38e-01	6.06e-02	1.78e-04	0.00e+00	1.98e-10	7.98e-20	9.29e-20
 2.90825e+22	2.65e-10	1.21e-05	9.71e-03	2.81e-01	4.31e-01	2.25e-01	5.33e-02	1.46e-04	0.00e+00	2.65e-10	1.11e-19	1.29e-19
 2.94926e+22	3.43e-10	1.46e-05	1.10e-02	2.98e-01	4.31e-01	2.12e-01	4.74e-02	1.22e-04	0.00e+00	3.43e-10	1.49e-19	1.74e-19
 2.98608e+22	4.36e-10	1.73e-05	1.23e-02	3.15e-01	4.29e-01	2.01e-01	4.24e-02	1.02e-04	0.00e+00	4.36e-10	1.96e-19	2.29e-19
 3.02776e+22	5.92e-10	2.16e-05	1.42e-02	3.36e-01	4.26e-01	1.87e-01	3.66e-02	8.18e-05	0.00e+00	5.92e-10	2.80e-19	3.25e-19
 3.07082e+22	7.68e-10	2.60e-05	1.60e-02	3.55e-01	4.22e-01	1.75e-01	3.21e-02	6.72e-05	0.00e+00	7.68e-10	3.78e-19	4.39e-19
 3.11567e+22	1.07e-09	3.28e-05	1.85e-02	3.78e-01	4.15e-01	1.60e-01	2.72e-02	5.22e-05	0.00e+00	1.07e-09	5.53e-19	6.44e-19
 3.16059e+22	1.37e-09	3.91e-05	2.07e-02	3.97e-01	4.09e-01	1.50e-01	2.38e-02	4.28e-05	0.00e+00	1.37e-09	7.42e-19	8.63e-19
 3.19693e+22	1.70e-09	4.55e-05	2.28e-02	4.12e-01	4.03e-01	1.40e-01	2.12e-02	3.60e-05	0.00e+00	1.70e-09	9.53e-19	1.11e-18
 3.23549e+22	2.25e-09	5.51e-05	2.57e-02	4.32e-01	3.95e-01	1.29e-01	1.82e-02	2.87e-05	0.00e+00	2.25e-09	1.32e-18	1.53e-18
 3.27829e+22	2.94e-09	6.63e-05	2.87e-02	4.51e-01	3.85e-01	1.19e-01	1.56e-02	2.30e-05	0.00e+00	2.94e-09	1.80e-18	2.10e-18
 3.31594e+22	3.62e-09	7.64e-05	3.14e-02	4.66e-01	3.78e-01	1.11e-01	1.39e-02	1.93e-05	0.00e+00	3.62e-09	2.30e-18	2.68e-18
 3.35424e+22	4.74e-09	9.19e-05	3.50e-02	4.85e-01	3.67e-01	1.01e-01	1.18e-02	1.53e-05	0.00e+00	4.74e-09	3.17e-18	3.69e-18
 3.39272e+22	5.84e-09	1.06e-04	3.81e-02	4.99e-01	3.58e-01	9.42e-02	1.04e-02	1.27e-05	0.00e+00	5.84e-09	4.06e-18	4.73e-18
 3.43143e+22	7.63e-09	1.27e-04	4.24e-02	5.17e-01	3.46e-01	8.56e-02	8.86e-03	1.00e-05	0.00e+00	7.63e-09	5.58e-18	6.49e-18
 3.47046e+22	9.45e-09	1.46e-04	4.61e-02	5.31e-01	3.36e-01	7.91e-02	7.75e-03	8.27e-06	0.00e+00	9.45e-09	7.19e-18	8.37e-18
 3.50467e+22	1.16e-08	1.68e-04	5.00e-02	5.44e-01	3.26e-01	7.31e-02	6.79e-03	6.84e-06	0.00e+00	1.16e-08	9.20e-18	1.07e-17
 3.54389e+22	1.50e-08	1.99e-04	5.52e-02	5.59e-01	3.14e-01	6.60e-02	5.74e-03	5.38e-06	0.00e+00	1.50e-08	1.26e-17	1.47e-17
 3.58370e+22	1.88e-08	2.30e-04	6.00e-02	5.72e-01	3.03e-01	6.04e-02	4.96e-03	4.36e-06	0.00e+00	1.88e-08	1.64e-17	1.91e-17
 3.61830e+22	2.29e-08	2.63e-04	6.46e-02	5.83e-01	2.92e-01	5.55e-02	4.34e-03	3.60e-06	0.00e+00	2.29e-08	2.08e-17	2.43e-17
 3.65733e+22	2.95e-08	3.09e-04	7.08e-02	5.96e-01	2.80e-01	4.99e-02	3.65e-03	2.82e-06	0.00e+00	2.95e-08	2.83e-17	3.30e-17
 3.69777e+22	3.68e-08	3.57e-04	7.67e-02	6.06e-01	2.68e-01	4.53e-02	3.13e-03	2.27e-06	0.00e+00	3.68e-08	3.69e-17	4.31e-17
 3.73395e+22	4.51e-08	4.08e-04	8.25e-02	6.15e-01	2.58e-01	4.13e-02	2.71e-03	1.85e-06	0.00e+00	4.51e-08	4.74e-17	5.54e-17
 3.77486e+22	5.84e-08	4.81e-04	9.03e-02	6.26e-01	2.44e-01	3.67e-02	2.25e-03	1.42e-06	0.00e+00	5.84e-08	6.50e-17	7.59e-17
 3.81717e+22	7.29e-08	5.55e-04	9.75e-02	6.34e-01	2.33e-01	3.30e-02	1.92e-03	1.13e-06	0.00e+00	7.29e-08	8.53e-17	9.97e-17
 3.85525e+22	9.02e-08	6.36e-04	1.05e-01	6.41e-01	2.22e-01	2.98e-02	1.64e-03	9.07e-07	0.00e+00	9.02e-08	1.11e-16	1.29e-16
 3.89870e+22	1.19e-07	7.57e-04	1.15e-01	6.49e-01	2.08e-01	2.60e-02	1.33e-03	6.78e-07	0.00e+00	1.19e-07	1.55e-16	1.81e-16
 3.94248e+22	1.47e-07	8.67e-04	1.23e-01	6.54e-01	1.98e-01	2.33e-02	1.13e-03	5.39e-07	0.00e+00	1.47e-07	2.02e-16	2.36e-16
 3.98667e+22	1.93e-07	1.03e-03	1.35e-01	6.58e-01	1.85e-01	2.02e-02	9.17e-04	4.03e-07	0.00e+00	1.93e-07	2.82e-16	3.30e-16
 4.03186e+22	2.39e-07	1.18e-03	1.44e-01	6.61e-01	1.75e-01	1.80e-02	7.73e-04	3.18e-07	0.00e+00	2.39e-07	3.68e-16	4.31e-16
 4.07020e+22	2.93e-07	1.33e-03	1.54e-01	6.63e-01	1.65e-01	1.61e-02	6.57e-04	2.53e-07	0.00e+00	2.93e-07	4.72e-16	5.53e-16
 4.10592e+22	3.53e-07	1.50e-03	1.63e-01	6.63e-01	1.57e-01	1.45e-02	5.64e-04	2.05e-07	0.00e+00	3.53e-07	5.97e-16	6.99e-16
 4.14637e+22	4.44e-07	1.73e-03	1.75e-01	6.63e-01	1.47e-01	1.28e-02	4.68e-04	1.59e-07	0.00e+00	4.44e-07	7.96e-16	9.31e-16
 4.18837e+22	5.51e-07	1.98e-03	1.87e-01	6.62e-01	1.38e-01	1.13e-02	3.91e-04	1.23e-07	0.00e+00	5.51e-07	1.04e-15	1.21e-15
 4.22486e+22	6.61e-07	2.21e-03	1.97e-01	6.60e-01	1.30e-01	1.01e-02	3.36e-04	0.00e+00	0.00e+00	6.61e-07	1.30e-15	1.52e-15
 4.26478e+22	8.25e-07	2.53e-03	2.10e-01	6.56e-01	1.22e-01	8.84e-03	2.78e-04	0.00e+00	0.00e+00	8.25e-07	1.72e-15	2.01e-15
 4.30680e+22	1.02e-06	2.89e-03	2.24e-01	6.52e-01	1.14e-01	7.75e-03	2.31e-04	0.00e+00	0.00e+00	1.02e-06	2.24e-15	2.62e-15
 4.34418e+22	1.22e-06	3.23e-03	2.35e-01	6.47e-01	1.07e-01	6.91e-03	1.97e-04	0.00e+00	0.00e+00	1.22e-06	2.82e-15	3.29e-15
 4.38540e+22	1.53e-06	3.70e-03	2.51e-01	6.40e-01	9.92e-02	5.99e-03	1.62e-04	0.00e+00	0.00e+00	1.53e-06	3.74e-15	4.38e-15
 4.42861e+22	1.88e-06	4.19e-03	2.65e-01	6.33e-01	9.23e-02	5.23e-03	1.34e-04	0.00e+00	0.00e+00	1.88e-06	4.84e-15	5.66e-15
 4.46748e+22	2.28e-06	4.72e-03	2.80e-01	6.25e-01	8.60e-02	4.59e-03	1.12e-04	0.00e+00	0.00e+00	2.28e-06	6.18e-15	7.22e-15
 4.51107e+22	2.87e-06	5.43e-03	2.97e-01	6.14e-01	7.89e-02	3.92e-03	9.08e-05	0.00e+00	0.00e+00	2.87e-06	8.31e-15	9.71e-15
 4.55612e+22	3.53e-06	6.15e-03	3.14e-01	6.04e-01	7.28e-02	3.39e-03	7.47e-05	0.00e+00	0.00e+00	3.53e-06	1.08e-14	1.26e-14
 4.59596e+22	4.29e-06	6.92e-03	3.30e-01	5.93e-01	6.74e-02	2.94e-03	6.19e-05	0.00e+00	0.00e+00	4.29e-06	1.38e-14	1.61e-14
 4.64067e+22	5.47e-06	8.01e-03	3.51e-01	5.78e-01	6.10e-02	2.46e-03	4.89e-05	0.00e+00	0.00e+00	5.47e-06	1.89e-14	2.20e-14
 4.68610e+22	6.65e-06	9.01e-03	3.68e-01	5.65e-01	5.61e-02	2.12e-03	4.02e-05	0.00e+00	0.00e+00	6.65e-06	2.42e-14	2.82e-14
 4.71588e+22	7.26e-06	9.50e-03	3.76e-01	5.58e-01	5.39e-02	1.98e-03	3.68e-05	0.00e+00	0.00e+00	7.26e-06	2.71e-14	3.16e-14
 4.73803e+22	8.21e-06	1.02e-02	3.87e-01	5.49e-01	5.11e-02	1.80e-03	3.25e-05	0.00e+00	0.00e+00	8.21e-06	3.17e-14	3.70e-14
 4.76681e+22	9.51e-06	1.12e-02	4.01e-01	5.38e-01	4.78e-02	1.60e-03	2.80e-05	0.00e+00	0.00e+00	9.51e-06	3.83e-14	4.48e-14
 4.80423e+22	1.16e-05	1.25e-02	4.19e-01	5.23e-01	4.37e-02	1.37e-03	2.28e-05	0.00e+00	0.00e+00	1.16e-05	4.92e-14	5.75e-14
 4.85288e+22	1.49e-05	1.46e-02	4.44e-01	5.02e-01	3.86e-02	1.11e-03	1.74e-05	0.00e+00	0.00e+00	1.49e-05	6.82e-14	7.96e-14
 4.90184e+22	1.80e-05	1.63e-02	4.63e-01	4.85e-01	3.51e-02	9.42e-04	1.42e-05	0.00e+00	0.00e+00	1.80e-05	8.71e-14	1.02e-13
 4.95123e+22	2.32e-05	1.90e-02	4.88e-01	4.61e-01	3.08e-02	7.53e-04	1.07e-05	0.00e+00	0.00e+00	2.32e-05	1.21e-13	1.41e-13
 4.99868e+22	2.77e-05	2.11e-02	5.06e-01	4.44e-01	2.79e-02	6.41e-04	8.73e-06	0.00e+00	0.00e+00	2.77e-05	1.51e-13	1.77e-13
 5.04363e+22	3.45e-05	2.40e-02	5.28e-01	4.23e-01	2.47e-02	5.23e-04	6.78e-06	0.00e+00	0.00e+00	3.45e-05	2.02e-13	2.36e-13
 5.09022e+22	4.16e-05	2.68e-02	5.47e-01	4.04e-01	2.22e-02	4.37e-04	5.43e-06	0.00e+00	0.00e+00	4.16e-05	2.57e-13	3.00e-13
 5.13244e+22	5.00e-05	2.99e-02	5.65e-01	3.85e-01	1.99e-02	3.65e-04	4.35e-06	0.00e+00	0.00e+00	5.00e-05	3.27e-13	3.81e-13
 5.16887e+22	5.71e-05	3.24e-02	5.78e-01	3.71e-01	1.83e-02	3.19e-04	3.69e-06	0.00e+00	0.00e+00	5.71e-05	3.90e-13	4.54e-13
 5.20429e+22	6.76e-05	3.57e-02	5.94e-01	3.53e-01	1.64e-02	2.69e-04	3.00e-06	0.00e+00	0.00e+00	6.76e-05	4.87e-13	5.66e-13
 5.24047e+22	7.77e-05	3.88e-02	6.07e-01	3.38e-01	1.50e-02	2.32e-04	2.50e-06	0.00e+00	0.00e+00	7.77e-05	5.85e-13	6.79e-13
 5.27269e+22	8.89e-05	4.19e-02	6.20e-01	3.24e-01	1.37e-02	2.01e-04	2.10e-06	0.00e+00	0.00e+00	8.89e-05	6.99e-13	8.10e-13
 5.30963e+22	1.05e-04	4.63e-02	6.35e-01	3.07e-01	1.22e-02	1.68e-04	1.69e-06	0.00e+00	0.00e+00	1.05e-04	8.75e-13	1.01e-12
 5.34741e+22	1.21e-04	5.03e-02	6.47e-01	2.91e-01	1.10e-02	1.43e-04	1.39e-06	0.00e+00	0.00e+00	1.21e-04	1.06e-12	1.22e-12
 5.38086e+22	1.39e-04	5.44e-02	6.58e-01	2.77e-01	9.98e-03	1.22e-04	1.16e-06	0.00e+00	0.00e+00	1.39e-04	1.27e-12	1.46e-12
 5.41890e+22	1.66e-04	6.03e-02	6.72e-01	2.59e-01	8.75e-03	9.95e-05	9.06e-07	0.00e+00	0.00e+00	1.66e-04	1.61e-12	1.84e-12
 5.45722e+22	1.89e-04	6.51e-02	6.82e-01	2.45e-01	7.88e-03	8.46e-05	7.47e-07	0.00e+00	0.00e+00	1.89e-04	1.93e-12	2.20e-12
 5.49589e+22	2.24e-04	7.17e-02	6.93e-01	2.28e-01	6.90e-03	6.90e-05	5.86e-07	0.00e+00	0.00e+00	2.24e-04	2.43e-12	2.75e-12
 5.53582e+22	2.59e-04	7.80e-02	7.02e-01	2.13e-01	6.11e-03	5.73e-05	4.71e-07	0.00e+00	0.00e+00	2.59e-04	2.96e-12	3.34e-12
 5.57168e+22	2.97e-04	8.44e-02	7.10e-01	2.00e-01	5.42e-03	4.80e-05	3.82e-07	0.00e+00	0.00e+00	2.97e-04	3.58e-12	4.02e-12
 5.61259e+22	3.52e-04	9.31e-02	7.18e-01	1.83e-01	4.67e-03	3.82e-05	2.92e-07	0.00e+00	0.00e+00	3.52e-04	4.56e-12	5.07e-12
 5.65475e+22	4.08e-04	1.01e-01	7.25e-01	1.70e-01	4.07e-03	3.12e-05	2.31e-07	0.00e+00	0.00e+00	4.08e-04	5.59e-12	6.18e-12
 5.69264e+22	4.70e-04	1.10e-01	7.29e-01	1.57e-01	3.56e-03	2.56e-05	1.83e-07	0.00e+00	0.00e+00	4.70e-04	6.83e-12	7.48e-12
 5.73600e+22	5.61e-04	1.21e-01	7.33e-01	1.42e-01	3.00e-03	1.99e-05	1.36e-07	0.00e+00	0.00e+00	5.61e-04	8.78e-12	9.51e-12
 5.78012e+22	6.49e-04	1.31e-01	7.36e-01	1.30e-01	2.58e-03	1.60e-05	0.00e+00	0.00e+00	0.00e+00	6.49e-04	1.08e-11	1.16e-11
 5.81911e+22	7.46e-04	1.42e-01	7.36e-01	1.19e-01	2.23e-03	1.30e-05	0.00e+00	0.00e+00	0.00e+00	7.46e-04	1.32e-11	1.40e-11
 5.86367e+22	8.95e-04	1.57e-01	7.35e-01	1.05e-01	1.83e-03	9.79e-06	0.00e+00	0.00e+00	0.00e+00	8.95e-04	1.72e-11	1.80e-11
 5.90844e+22	1.02e-03	1.69e-01	7.33e-01	9.58e-02	1.58e-03	7.89e-06	0.00e+00	0.00e+00	0.00e+00	1.02e-03	2.09e-11	2.16e-11
 5.95347e+22	1.21e-03	1.85e-01	7.28e-01	8.45e-02	1.29e-03	5.96e-06	0.00e+00	0.00e+00	0.00e+00	1.21e-03	2.69e-11	2.74e-11
 6.00008e+22	1.40e-03	2.00e-01	7.22e-01	7.55e-02	1.08e-03	4.65e-06	0.00e+00	0.00e+00	0.00e+00	1.40e-03	3.33e-11	3.34e-11
 6.04875e+22	1.69e-03	2.22e-01	7.11e-01	6.47e-02	8.54e-04	3.34e-06	0.00e+00	0.00e+00	0.00e+00	1.69e-03	4.42e-11	4.36e-11
 6.09684e+22	1.92e-03	2.38e-01	7.02e-01	5.77e-02	7.16e-04	2.62e-06	0.00e+00	0.00e+00	0.00e+00	1.92e-03	5.37e-11	5.23e-11
 6.14419e+22	2.30e-03	2.61e-01	6.86e-01	4.92e-02	5.64e-04	1.89e-06	0.00e+00	0.00e+00	0.00e+00	2.30e-03	7.01e-11	6.71e-11
 6.19300e+22	2.64e-03	2.81e-01	6.73e-01	4.30e-02	4.61e-04	1.44e-06	0.00e+00	0.00e+00	0.00e+00	2.64e-03	8.63e-11	8.17e-11
 6.24372e+22	3.17e-03	3.09e-01	6.52e-01	3.59e-02	3.54e-04	1.00e-06	0.00e+00	0.00e+00	0.00e+00	3.17e-03	1.14e-10	1.06e-10
 6.29583e+22	3.64e-03	3.31e-01	6.34e-01	3.08e-02	2.83e-04	7.46e-07	0.00e+00	0.00e+00	0.00e+00	3.64e-03	1.41e-10	1.29e-10
 6.34977e+22	4.41e-03	3.65e-01	6.06e-01	2.49e-02	2.10e-04	4.99e-07	0.00e+00	0.00e+00	0.00e+00	4.41e-03	1.87e-10	1.70e-10
 6.40483e+22	5.07e-03	3.91e-01	5.83e-01	2.09e-02	1.64e-04	3.62e-07	0.00e+00	0.00e+00	0.00e+00	5.07e-03	2.32e-10	2.08e-10
 6.44825e+22	5.68e-03	4.13e-01	5.64e-01	1.81e-02	1.34e-04	2.78e-07	0.00e+00	0.00e+00	0.00e+00	5.68e-03	2.75e-10	2.45e-10
 6.48550e+22	6.34e-03	4.35e-01	5.43e-01	1.56e-02	1.10e-04	2.14e-07	0.00e+00	0.00e+00	0.00e+00	6.34e-03	3.24e-10	2.86e-10
 6.52786e+22	7.28e-03	4.64e-01	5.15e-01	1.29e-02	8.58e-05	1.54e-07	0.00e+00	0.00e+00	0.00e+00	7.28e-03	3.99e-10	3.48e-10
 6.57117e+22	8.17e-03	4.89e-01	4.92e-01	1.09e-02	6.86e-05	0.00e+00	0.00e+00	0.00e+00	0.00e+00	8.17e-03	4.73e-10	4.08e-10
 6.60967e+22	9.13e-03	5.14e-01	4.68e-01	9.22e-03	5.51e-05	0.00e+00	0.00e+00	0.00e+00	0.00e+00	9.13e-03	5.58e-10	4.77e-10
 6.65368e+22	1.05e-02	5.46e-01	4.36e-01	7.37e-03	4.16e-05	0.00e+00	0.00e+00	0.00e+00	0.00e+00	1.05e-02	6.89e-10	5.83e-10
 6.69893e+22	1.18e-02	5.74e-01	4.08e-01	6.02e-03	3.23e-05	0.00e+00	0.00e+00	0.00e+00	0.00e+00	1.18e-02	8.20e-10	6.88e-10
 6.73906e+22	1.33e-02	6.01e-01	3.81e-01	4.91e-03	2.52e-05	0.00e+00	0.00e+00	0.00e+00	0.00e+00	1.33e-02	9.71e-10	8.08e-10
 6.78449e+22	1.54e-02	6.36e-01	3.45e-01	3.73e-03	1.82e-05	0.00e+00	0.00e+00	0.00e+00	0.00e+00	1.54e-02	1.21e-09	9.97e-10
 6.83061e+22	1.74e-02	6.63e-01	3.17e-01	2.95e-03	1.39e-05	0.00e+00	0.00e+00	0.00e+00	0.00e+00	1.74e-02	1.44e-09	1.17e-09
 6.87079e+22	1.95e-02	6.89e-01	2.89e-01	2.32e-03	1.07e-05	0.00e+00	0.00e+00	0.00e+00	0.00e+00	1.95e-02	1.70e-09	1.38e-09
 6.91619e+22	2.27e-02	7.21e-01	2.55e-01	1.68e-03	7.54e-06	0.00e+00	0.00e+00	0.00e+00	0.00e+00	2.27e-02	2.11e-09	1.70e-09
 6.96240e+22	2.57e-02	7.47e-01	2.26e-01	1.26e-03	5.58e-06	0.00e+00	0.00e+00	0.00e+00	0.00e+00	2.57e-02	2.52e-09	2.02e-09
 7.00166e+22	2.90e-02	7.69e-01	2.01e-01	9.52e-04	4.22e-06	0.00e+00	0.00e+00	0.00e+00	0.00e+00	2.90e-02	2.98e-09	2.37e-09
 7.04470e+22	3.37e-02	7.94e-01	1.72e-01	6.59e-04	2.96e-06	0.00e+00	0.00e+00	0.00e+00	0.00e+00	3.37e-02	3.69e-09	2.91e-09
 7.08940e+22	3.88e-02	8.14e-01	1.47e-01	4.60e-04	2.13e-06	0.00e+00	0.00e+00	0.00e+00	0.00e+00	3.88e-02	4.47e-09	3.52e-09
 7.12813e+22	4.43e-02	8.30e-01	1.26e-01	3.26e-04	1.57e-06	0.00e+00	0.00e+00	0.00e+00	0.00e+00	4.43e-02	5.35e-09	4.19e-09
 7.16327e+22	5.03e-02	8.42e-01	1.07e-01	2.33e-04	1.18e-06	0.00e+00	0.00e+00	0.00e+00	0.00e+00	5.03e-02	6.34e-09	4.95e-09
 7.19672e+22	5.73e-02	8.52e-01	9.06e-02	1.63e-04	8.78e-07	0.00e+00	0.00e+00	0.00e+00	0.00e+00	5.73e-02	7.54e-09	5.88e-09
 7.23005e+22	6.59e-02	8.59e-01	7.51e-02	1.11e-04	6.46e-07	0.00e+00	0.00e+00	0.00e+00	0.00e+00	6.59e-02	9.05e-09	7.05e-09
 7.26310e+22	7.66e-02	8.62e-01	6.11e-02	7.28e-05	4.67e-07	0.00e+00	0.00e+00	0.00e+00	0.00e+00	7.66e-02	1.10e-08	8.54e-09
 7.28453e+22	8.30e-02	8.62e-01	5.47e-02	5.87e-05	4.00e-07	0.00e+00	0.00e+00	0.00e+00	0.00e+00	8.30e-02	1.20e-08	9.40e-09
 7.29254e+22	8.61e-02	8.62e-01	5.20e-02	5.32e-05	3.72e-07	0.00e+00	0.00e+00	0.00e+00	0.00e+00	8.61e-02	1.26e-08	9.82e-09
 7.29890e+22	8.89e-02	8.61e-01	4.96e-02	4.85e-05	3.47e-07	0.00e+00	0.00e+00	0.00e+00	0.00e+00	8.89e-02	1.31e-08	1.02e-08
 7.30662e+22	9.27e-02	8.61e-01	4.66e-02	4.30e-05	3.17e-07	0.00e+00	0.00e+00	0.00e+00	0.00e+00	9.27e-02	1.38e-08	1.08e-08
 7.31505e+22	9.69e-02	8.59e-01	4.37e-02	3.79e-05	2.88e-07	0.00e+00	0.00e+00	0.00e+00	0.00e+00	9.69e-02	1.46e-08	1.14e-08
 7.32298e+22	1.01e-01	8.58e-01	4.10e-02	3.37e-05	2.64e-07	0.00e+00	0.00e+00	0.00e+00	0.00e+00	1.01e-01	1.53e-08	1.20e-08
 7.33063e+22	1.06e-01	8.56e-01	3.85e-02	2.98e-05	2.41e-07	0.00e+00	0.00e+00	0.00e+00	0.00e+00	1.06e-01	1.61e-08	1.27e-08
 7.33813e+22	1.10e-01	8.54e-01	3.62e-02	2.65e-05	2.21e-07	0.00e+00	0.00e+00	0.00e+00	0.00e+00	1.10e-01	1.70e-08	1.33e-08
 7.34564e+22	1.15e-01	8.51e-01	3.38e-02	2.33e-05	2.01e-07	0.00e+00	0.00e+00	0.00e+00	0.00e+00	1.15e-01	1.79e-08	1.40e-08
 7.35302e+22	1.20e-01	8.49e-01	3.16e-02	2.07e-05	1.84e-07	0.00e+00	0.00e+00	0.00e+00	0.00e+00	1.20e-01	1.88e-08	1.48e-08
 7.36019e+22	1.25e-01	8.45e-01	2.95e-02	1.82e-05	1.67e-07	0.00e+00	0.00e+00	0.00e+00	0.00e+00	1.25e-01	1.98e-08	1.56e-08
 7.36718e+22	1.31e-01	8.42e-01	2.76e-02	1.61e-05	1.52e-07	0.00e+00	0.00e+00	0.00e+00	0.00e+00	1.31e-01	2.08e-08	1.64e-08
 7.37396e+22	1.36e-01	8.38e-01	2.58e-02	1.43e-05	1.39e-07	0.00e+00	0.00e+00	0.00e+00	0.00e+00	1.36e-01	2.19e-08	1.72e-08
 7.38073e+22	1.42e-01	8.34e-01	2.41e-02	1.26e-05	1.27e-07	0.00e+00	0.00e+00	0.00e+00	0.00e+00	1.42e-01	2.30e-08	1.81e-08
 7.38756e+22	1.49e-01	8.29e-01	2.24e-02	1.11e-05	0.00e+00	0.00e+00	0.00e+00	0.00e+00	0.00e+00	1.49e-01	2.42e-08	1.91e-08
 7.39418e+22	1.55e-01	8.24e-01	2.09e-02	9.79e-06	0.00e+00	0.00e+00	0.00e+00	0.00e+00	0.00e+00	1.55e-01	2.54e-08	2.01e-08
 7.40073e+22	1.62e-01	8.18e-01	1.94e-02	8.60e-06	0.00e+00	0.00e+00	0.00e+00	0.00e+00	0.00e+00	1.62e-01	2.67e-08	2.11e-08
 7.40738e+22	1.70e-01	8.12e-01	1.80e-02	7.51e-06	0.00e+00	0.00e+00	0.00e+00	0.00e+00	0.00e+00	1.70e-01	2.81e-08	2.23e-08
 7.41358e+22	1.78e-01	8.06e-01	1.67e-02	6.62e-06	0.00e+00	0.00e+00	0.00e+00	0.00e+00	0.00e+00	1.78e-01	2.95e-08	2.34e-08
 7.41937e+22	1.85e-01	8.00e-01	1.56e-02	5.89e-06	0.00e+00	0.00e+00	0.00e+00	0.00e+00	0.00e+00	1.85e-01	3.08e-08	2.45e-08
 7.42543e+22	1.94e-01	7.92e-01	1.44e-02	5.14e-06	0.00e+00	0.00e+00	0.00e+00	0.00e+00	0.00e+00	1.94e-01	3.23e-08	2.57e-08
 7.43149e+22	2.02e-01	7.85e-01	1.33e-02	4.54e-06	0.00e+00	0.00e+00	0.00e+00	0.00e+00	0.00e+00	2.02e-01	3.38e-08	2.70e-08
 7.43742e+22	2.11e-01	7.77e-01	1.23e-02	3.98e-06	0.00e+00	0.00e+00	0.00e+00	0.00e+00	0.00e+00	2.11e-01	3.55e-08	2.83e-08
 7.44342e+22	2.21e-01	7.67e-01	1.13e-02	3.46e-06	0.00e+00	0.00e+00	0.00e+00	0.00e+00	0.00e+00	2.21e-01	3.72e-08	2.97e-08
 7.44892e+22	2.31e-01	7.59e-01	1.05e-02	3.06e-06	0.00e+00	0.00e+00	0.00e+00	0.00e+00	0.00e+00	2.31e-01	3.88e-08	3.10e-08
 7.45415e+22	2.40e-01	7.51e-01	9.78e-03	2.73e-06	0.00e+00	0.00e+00	0.00e+00	0.00e+00	0.00e+00	2.40e-01	4.04e-08	3.23e-08
 7.45990e+22	2.51e-01	7.40e-01	8.95e-03	2.37e-06	0.00e+00	0.00e+00	0.00e+00	0.00e+00	0.00e+00	2.51e-01	4.23e-08	3.39e-08
 7.46574e+22	2.63e-01	7.29e-01	8.19e-03	2.07e-06	0.00e+00	0.00e+00	0.00e+00	0.00e+00	0.00e+00	2.63e-01	4.42e-08	3.55e-08
 7.47098e+22	2.74e-01	7.18e-01	7.57e-03	1.83e-06	0.00e+00	0.00e+00	0.00e+00	0.00e+00	0.00e+00	2.74e-01	4.60e-08	3.69e-08
 7.47604e+22	2.85e-01	7.08e-01	7.01e-03	1.63e-06	0.00e+00	0.00e+00	0.00e+00	0.00e+00	0.00e+00	2.85e-01	4.77e-08	3.83e-08
 7.48160e+22	2.98e-01	6.96e-01	6.38e-03	1.41e-06	0.00e+00	0.00e+00	0.00e+00	0.00e+00	0.00e+00	2.98e-01	4.98e-08	4.00e-08
 7.48723e+22	3.11e-01	6.83e-01	5.83e-03	1.24e-06	0.00e+00	0.00e+00	0.00e+00	0.00e+00	0.00e+00	3.11e-01	5.18e-08	4.17e-08
 7.49252e+22	3.25e-01	6.70e-01	5.34e-03	1.09e-06	0.00e+00	0.00e+00	0.00e+00	0.00e+00	0.00e+00	3.25e-01	5.37e-08	4.33e-08
 7.49768e+22	3.38e-01	6.57e-01	4.88e-03	9.57e-07	0.00e+00	0.00e+00	0.00e+00	0.00e+00	0.00e+00	3.38e-01	5.56e-08	4.48e-08
 7.50269e+22	3.52e-01	6.44e-01	4.47e-03	8.46e-07	0.00e+00	0.00e+00	0.00e+00	0.00e+00	0.00e+00	3.52e-01	5.75e-08	4.64e-08
 7.50773e+22	3.66e-01	6.30e-01	4.08e-03	7.46e-07	0.00e+00	0.00e+00	0.00e+00	0.00e+00	0.00e+00	3.66e-01	5.94e-08	4.79e-08
 7.51288e+22	3.81e-01	6.15e-01	3.72e-03	6.57e-07	0.00e+00	0.00e+00	0.00e+00	0.00e+00	0.00e+00	3.81e-01	6.13e-08	4.94e-08
 7.51805e+22	3.96e-01	6.00e-01	3.38e-03	5.78e-07	0.00e+00	0.00e+00	0.00e+00	0.00e+00	0.00e+00	3.96e-01	6.31e-08	5.10e-08
 7.52320e+22	4.12e-01	5.85e-01	3.07e-03	5.09e-07	0.00e+00	0.00e+00	0.00e+00	0.00e+00	0.00e+00	4.12e-01	6.49e-08	5.24e-08
 7.52834e+22	4.28e-01	5.69e-01	2.78e-03	4.49e-07	0.00e+00	0.00e+00	0.00e+00	0.00e+00	0.00e+00	4.28e-01	6.67e-08	5.38e-08
 7.53348e+22	4.45e-01	5.53e-01	2.52e-03	3.96e-07	0.00e+00	0.00e+00	0.00e+00	0.00e+00	0.00e+00	4.45e-01	6.83e-08	5.52e-08
 7.53864e+22	4.62e-01	5.36e-01	2.28e-03	3.49e-07	0.00e+00	0.00e+00	0.00e+00	0.00e+00	0.00e+00	4.62e-01	6.99e-08	5.64e-08
 7.54385e+22	4.79e-01	5.19e-01	2.05e-03	3.08e-07	0.00e+00	0.00e+00	0.00e+00	0.00e+00	0.00e+00	4.79e-01	7.14e-08	5.76e-08
 7.54914e+22	4.96e-01	5.02e-01	1.85e-03	2.71e-07	0.00e+00	0.00e+00	0.00e+00	0.00e+00	0.00e+00	4.96e-01	7.28e-08	5.87e-08
 7.55450e+22	5.14e-01	4.84e-01	1.66e-03	2.39e-07	0.00e+00	0.00e+00	0.00e+00	0.00e+00	0.00e+00	5.14e-01	7.41e-08	5.97e-08
 7.55992e+22	5.32e-01	4.66e-01	1.48e-03	2.11e-07	0.00e+00	0.00e+00	0.00e+00	0.00e+00	0.00e+00	5.32e-01	7.52e-08	6.06e-08
 7.56542e+22	5.51e-01	4.48e-01	1.32e-03	1.85e-07	0.00e+00	0.00e+00	0.00e+00	0.00e+00	0.00e+00	5.51e-01	7.62e-08	6.14e-08
 7.57103e+22	5.69e-01	4.29e-01	1.18e-03	1.63e-07	0.00e+00	0.00e+00	0.00e+00	0.00e+00	0.00e+00	5.69e-01	7.71e-08	6.20e-08
 7.57676e+22	5.88e-01	4.11e-01	1.04e-03	1.44e-07	0.00e+00	0.00e+00	0.00e+00	0.00e+00	0.00e+00	5.88e-01	7.78e-08	6.25e-08
 7.58162e+22	6.03e-01	3.96e-01	9.47e-04	1.30e-07	0.00e+00	0.00e+00	0.00e+00	0.00e+00	0.00e+00	6.03e-01	7.82e-08	6.27e-08
 7.58524e+22	6.15e-01	3.85e-01	8.79e-04	0.00e+00	0.00e+00	0.00e+00	0.00e+00	0.00e+00	0.00e+00	6.15e-01	7.83e-08	6.28e-08
 7.58865e+22	6.25e-01	3.74e-01	8.18e-04	0.00e+00	0.00e+00	0.00e+00	0.00e+00	0.00e+00	0.00e+00	6.25e-01	7.85e-08	6.29e-08
 7.59246e+22	6.37e-01	3.63e-01	7.54e-04	0.00e+00	0.00e+00	0.00e+00	0.00e+00	0.00e+00	0.00e+00	6.37e-01	7.87e-08	6.30e-08
 7.59658e+22	6.49e-01	3.50e-01	6.91e-04	0.00e+00	0.00e+00	0.00e+00	0.00e+00	0.00e+00	0.00e+00	6.49e-01	7.87e-08	6.29e-08
 7.60059e+22	6.61e-01	3.38e-01	6.36e-04	0.00e+00	0.00e+00	0.00e+00	0.00e+00	0.00e+00	0.00e+00	6.61e-01	7.86e-08	6.28e-08
 7.60449e+22	6.72e-01	3.28e-01	5.87e-04	0.00e+00	0.00e+00	0.00e+00	0.00e+00	0.00e+00	0.00e+00	6.72e-01	7.86e-08	6.27e-08
 7.60850e+22	6.83e-01	3.16e-01	5.39e-04	0.00e+00	0.00e+00	0.00e+00	0.00e+00	0.00e+00	0.00e+00	6.83e-01	7.84e-08	6.25e-08
 7.61262e+22	6.94e-01	3.05e-01	4.94e-04	0.00e+00	0.00e+00	0.00e+00	0.00e+00	0.00e+00	0.00e+00	6.94e-01	7.82e-08	6.22e-08
 7.61667e+22	7.05e-01	2.95e-01	4.55e-04	0.00e+00	0.00e+00	0.00e+00	0.00e+00	0.00e+00	0.00e+00	7.05e-01	7.79e-08	6.19e-08
 7.62073e+22	7.15e-01	2.84e-01	4.18e-04	0.00e+00	0.00e+00	0.00e+00	0.00e+00	0.00e+00	0.00e+00	7.15e-01	7.75e-08	6.15e-08
 7.62491e+22	7.25e-01	2.74e-01	3.83e-04	0.00e+00	0.00e+00	0.00e+00	0.00e+00	0.00e+00	0.00e+00	7.25e-01	7.72e-08	6.11e-08
 7.62918e+22	7.35e-01	2.64e-01	3.51e-04	0.00e+00	0.00e+00	0.00e+00	0.00e+00	0.00e+00	0.00e+00	7.35e-01	7.67e-08	6.07e-08
 7.63352e+22	7.45e-01	2.54e-01	3.22e-04	0.00e+00	0.00e+00	0.00e+00	0.00e+00	0.00e+00	0.00e+00	7.45e-01	7.62e-08	6.02e-08
 7.63790e+22	7.55e-01	2.45e-01	2.94e-04	0.00e+00	0.00e+00	0.00e+00	0.00e+00	0.00e+00	0.00e+00	7.55e-01	7.57e-08	5.96e-08
 7.64226e+22	7.64e-01	2.36e-01	2.69e-04	0.00e+00	0.00e+00	0.00e+00	0.00e+00	0.00e+00	0.00e+00	7.64e-01	7.51e-08	5.91e-08
 7.64669e+22	7.73e-01	2.27e-01	2.46e-04	0.00e+00	0.00e+00	0.00e+00	0.00e+00	0.00e+00	0.00e+00	7.73e-01	7.45e-08	5.85e-08
 7.65128e+22	7.82e-01	2.18e-01	2.25e-04	0.00e+00	0.00e+00	0.00e+00	0.00e+00	0.00e+00	0.00e+00	7.82e-01	7.39e-08	5.79e-08
 7.65598e+22	7.90e-01	2.09e-01	2.05e-04	0.00e+00	0.00e+00	0.00e+00	0.00e+00	0.00e+00	0.00e+00	7.90e-01	7.33e-08	5.73e-08
 7.66075e+22	7.99e-01	2.01e-01	1.87e-04	0.00e+00	0.00e+00	0.00e+00	0.00e+00	0.00e+00	0.00e+00	7.99e-01	7.26e-08	5.66e-08
 7.66551e+22	8.07e-01	1.93e-01	1.70e-04	0.00e+00	0.00e+00	0.00e+00	0.00e+00	0.00e+00	0.00e+00	8.07e-01	7.19e-08	5.59e-08
 7.67034e+22	8.14e-01	1.85e-01	1.55e-04	0.00e+00	0.00e+00	0.00e+00	0.00e+00	0.00e+00	0.00e+00	8.14e-01	7.12e-08	5.52e-08
 7.67535e+22	8.22e-01	1.78e-01	1.41e-04	0.00e+00	0.00e+00	0.00e+00	0.00e+00	0.00e+00	0.00e+00	8.22e-01	7.05e-08	5.46e-08
 7.68048e+22	8.29e-01	1.71e-01	1.28e-04	0.00e+00	0.00e+00	0.00e+00	0.00e+00	0.00e+00	0.00e+00	8.29e-01	6.98e-08	5.38e-08
 7.68566e+22	8.36e-01	1.63e-01	1.16e-04	0.00e+00	0.00e+00	0.00e+00	0.00e+00	0.00e+00	0.00e+00	8.36e-01	6.90e-08	5.31e-08
 7.69089e+22	8.43e-01	1.57e-01	1.05e-04	0.00e+00	0.00e+00	0.00e+00	0.00e+00	0.00e+00	0.00e+00	8.43e-01	6.83e-08	5.24e-08
 7.69623e+22	8.50e-01	1.50e-01	9.53e-05	0.00e+00	0.00e+00	0.00e+00	0.00e+00	0.00e+00	0.00e+00	8.50e-01	6.76e-08	5.17e-08
 7.70172e+22	8.56e-01	1.44e-01	8.62e-05	0.00e+00	0.00e+00	0.00e+00	0.00e+00	0.00e+00	0.00e+00	8.56e-01	6.68e-08	5.10e-08
 7.70731e+22	8.62e-01	1.38e-01	7.79e-05	0.00e+00	0.00e+00	0.00e+00	0.00e+00	0.00e+00	0.00e+00	8.62e-01	6.61e-08	5.03e-08
 7.71301e+22	8.68e-01	1.32e-01	7.03e-05	0.00e+00	0.00e+00	0.00e+00	0.00e+00	0.00e+00	0.00e+00	8.68e-01	6.54e-08	4.95e-08
 7.71877e+22	8.74e-01	1.26e-01	6.34e-05	0.00e+00	0.00e+00	0.00e+00	0.00e+00	0.00e+00	0.00e+00	8.74e-01	6.47e-08	4.88e-08
 7.72455e+22	8.80e-01	1.20e-01	5.73e-05	0.00e+00	0.00e+00	0.00e+00	0.00e+00	0.00e+00	0.00e+00	8.80e-01	6.39e-08	4.81e-08
 7.73041e+22	8.85e-01	1.15e-01	5.17e-05	0.00e+00	0.00e+00	0.00e+00	0.00e+00	0.00e+00	0.00e+00	8.85e-01	6.33e-08	4.74e-08
 7.73634e+22	8.90e-01	1.10e-01	4.66e-05	0.00e+00	0.00e+00	0.00e+00	0.00e+00	0.00e+00	0.00e+00	8.90e-01	6.26e-08	4.68e-08
 7.74229e+22	8.95e-01	1.05e-01	4.21e-05	0.00e+00	0.00e+00	0.00e+00	0.00e+00	0.00e+00	0.00e+00	8.95e-01	6.20e-08	4.61e-08
 7.74820e+22	8.99e-01	1.01e-01	3.82e-05	0.00e+00	0.00e+00	0.00e+00	0.00e+00	0.00e+00	0.00e+00	8.99e-01	6.13e-08	4.55e-08
 7.75407e+22	9.04e-01	9.64e-02	3.46e-05	0.00e+00	0.00e+00	0.00e+00	0.00e+00	0.00e+00	0.00e+00	9.04e-01	6.07e-08	4.49e-08
 7.76009e+22	9.08e-01	9.23e-02	3.13e-05	0.00e+00	0.00e+00	0.00e+00	0.00e+00	0.00e+00	0.00e+00	9.08e-01	6.02e-08	4.44e-08
 7.76619e+22	9.12e-01	8.83e-02	2.83e-05	0.00e+00	0.00e+00	0.00e+00	0.00e+00	0.00e+00	0.00e+00	9.12e-01	5.96e-08	4.38e-08
 7.77213e+22	9.15e-01	8.45e-02	2.57e-05	0.00e+00	0.00e+00	0.00e+00	0.00e+00	0.00e+00	0.00e+00	9.15e-01	5.91e-08	4.32e-08
 7.77802e+22	9.19e-01	8.09e-02	2.34e-05	0.00e+00	0.00e+00	0.00e+00	0.00e+00	0.00e+00	0.00e+00	9.19e-01	5.86e-08	4.27e-08
 7.78403e+22	9.23e-01	7.75e-02	2.13e-05	0.00e+00	0.00e+00	0.00e+00	0.00e+00	0.00e+00	0.00e+00	9.23e-01	5.81e-08	4.22e-08
 7.79004e+22	9.26e-01	7.41e-02	1.94e-05	0.00e+00	0.00e+00	0.00e+00	0.00e+00	0.00e+00	0.00e+00	9.26e-01	5.76e-08	4.17e-08
 7.79597e+22	9.29e-01	7.10e-02	1.77e-05	0.00e+00	0.00e+00	0.00e+00	0.00e+00	0.00e+00	0.00e+00	9.29e-01	5.70e-08	4.12e-08
 7.80185e+22	9.32e-01	6.80e-02	1.62e-05	0.00e+00	0.00e+00	0.00e+00	0.00e+00	0.00e+00	0.00e+00	9.32e-01	5.65e-08	4.07e-08
 7.80771e+22	9.35e-01	6.51e-02	1.49e-05	0.00e+00	0.00e+00	0.00e+00	0.00e+00	0.00e+00	0.00e+00	9.35e-01	5.61e-08	4.03e-08
 7.81355e+22	9.38e-01	6.24e-02	1.37e-05	0.00e+00	0.00e+00	0.00e+00	0.00e+00	0.00e+00	0.00e+00	9.38e-01	5.56e-08	3.98e-08
 7.81929e+22	9.40e-01	5.98e-02	1.26e-05	0.00e+00	0.00e+00	0.00e+00	0.00e+00	0.00e+00	0.00e+00	9.40e-01	5.52e-08	3.94e-08
 7.82475e+22	9.43e-01	5.75e-02	1.17e-05	0.00e+00	0.00e+00	0.00e+00	0.00e+00	0.00e+00	0.00e+00	9.43e-01	5.48e-08	3.90e-08
 7.82987e+22	9.45e-01	5.54e-02	1.09e-05	0.00e+00	0.00e+00	0.00e+00	0.00e+00	0.00e+00	0.00e+00	9.45e-01	5.44e-08	3.87e-08
 7.83470e+22	9.47e-01	5.35e-02	1.02e-05	0.00e+00	0.00e+00	0.00e+00	0.00e+00	0.00e+00	0.00e+00	9.47e-01	5.41e-08	3.84e-08
 7.83928e+22	9.48e-01	5.17e-02	9.64e-06	0.00e+00	0.00e+00	0.00e+00	0.00e+00	0.00e+00	0.00e+00	9.48e-01	5.38e-08	3.81e-08
 7.84365e+22	9.50e-01	5.01e-02	9.11e-06	0.00e+00	0.00e+00	0.00e+00	0.00e+00	0.00e+00	0.00e+00	9.50e-01	5.35e-08	3.78e-08
 7.84782e+22	9.51e-01	4.85e-02	8.64e-06	0.00e+00	0.00e+00	0.00e+00	0.00e+00	0.00e+00	0.00e+00	9.51e-01	5.32e-08	3.75e-08
 7.85181e+22	9.53e-01	4.72e-02	8.23e-06	0.00e+00	0.00e+00	0.00e+00	0.00e+00	0.00e+00	0.00e+00	9.53e-01	5.30e-08	3.73e-08
 7.85563e+22	9.54e-01	4.57e-02	7.84e-06	0.00e+00	0.00e+00	0.00e+00	0.00e+00	0.00e+00	0.00e+00	9.54e-01	5.27e-08	3.70e-08
 7.85916e+22	9.55e-01	4.45e-02	7.51e-06	0.00e+00	0.00e+00	0.00e+00	0.00e+00	0.00e+00	0.00e+00	9.55e-01	5.25e-08	3.68e-08
 7.86250e+22	9.57e-01	4.34e-02	7.21e-06	0.00e+00	0.00e+00	0.00e+00	0.00e+00	0.00e+00	0.00e+00	9.57e-01	5.23e-08	3.66e-08
 7.86585e+22	9.58e-01	4.22e-02	6.92e-06	0.00e+00	0.00e+00	0.00e+00	0.00e+00	0.00e+00	0.00e+00	9.58e-01	5.20e-08	3.64e-08
 7.86911e+22	9.59e-01	4.11e-02	6.65e-06	0.00e+00	0.00e+00	0.00e+00	0.00e+00	0.00e+00	0.00e+00	9.59e-01	5.18e-08	3.61e-08
 7.87215e+22	9.60e-01	4.01e-02	6.41e-06	0.00e+00	0.00e+00	0.00e+00	0.00e+00	0.00e+00	0.00e+00	9.60e-01	5.16e-08	3.59e-08
 7.87491e+22	9.61e-01	3.93e-02	6.21e-06	0.00e+00	0.00e+00	0.00e+00	0.00e+00	0.00e+00	0.00e+00	9.61e-01	5.14e-08	3.57e-08
 7.87742e+22	9.62e-01	3.85e-02	6.02e-06	0.00e+00	0.00e+00	0.00e+00	0.00e+00	0.00e+00	0.00e+00	9.62e-01	5.12e-08	3.56e-08
 7.87971e+22	9.62e-01	3.78e-02	5.86e-06	0.00e+00	0.00e+00	0.00e+00	0.00e+00	0.00e+00	0.00e+00	9.62e-01	5.10e-08	3.54e-08
 7.88179e+22	9.63e-01	3.71e-02	5.72e-06	0.00e+00	0.00e+00	0.00e+00	0.00e+00	0.00e+00	0.00e+00	9.63e-01	5.09e-08	3.52e-08
 7.88369e+22	9.63e-01	3.65e-02	5.60e-06	0.00e+00	0.00e+00	0.00e+00	0.00e+00	0.00e+00	0.00e+00	9.63e-01	5.07e-08	3.51e-08
 7.88541e+22	9.64e-01	3.61e-02	5.49e-06	0.00e+00	0.00e+00	0.00e+00	0.00e+00	0.00e+00	0.00e+00	9.64e-01	5.05e-08	3.50e-08
 7.88730e+22	9.65e-01	3.55e-02	5.36e-06	0.00e+00	0.00e+00	0.00e+00	0.00e+00	0.00e+00	0.00e+00	9.65e-01	5.02e-08	3.48e-08
 7.88934e+22	9.65e-01	3.48e-02	5.23e-06	0.00e+00	0.00e+00	0.00e+00	0.00e+00	0.00e+00	0.00e+00	9.65e-01	5.00e-08	3.47e-08
 7.89119e+22	9.66e-01	3.43e-02	5.12e-06	0.00e+00	0.00e+00	0.00e+00	0.00e+00	0.00e+00	0.00e+00	9.66e-01	4.97e-08	3.46e-08
 7.89288e+22	9.66e-01	3.38e-02	5.02e-06	0.00e+00	0.00e+00	0.00e+00	0.00e+00	0.00e+00	0.00e+00	9.66e-01	4.95e-08	3.44e-08
 7.89442e+22	9.67e-01	3.34e-02	4.92e-06	0.00e+00	0.00e+00	0.00e+00	0.00e+00	0.00e+00	0.00e+00	9.67e-01	4.93e-08	3.43e-08
 7.89610e+22	9.67e-01	3.28e-02	4.82e-06	0.00e+00	0.00e+00	0.00e+00	0.00e+00	0.00e+00	0.00e+00	9.67e-01	4.91e-08	3.42e-08
 7.89792e+22	9.68e-01	3.23e-02	4.71e-06	0.00e+00	0.00e+00	0.00e+00	0.00e+00	0.00e+00	0.00e+00	9.68e-01	4.88e-08	3.41e-08
 7.89958e+22	9.68e-01	3.19e-02	4.62e-06	0.00e+00	0.00e+00	0.00e+00	0.00e+00	0.00e+00	0.00e+00	9.68e-01	4.86e-08	3.39e-08
 7.90108e+22	9.69e-01	3.14e-02	4.53e-06	0.00e+00	0.00e+00	0.00e+00	0.00e+00	0.00e+00	0.00e+00	9.69e-01	4.84e-08	3.38e-08
 7.90245e+22	9.69e-01	3.11e-02	4.46e-06	0.00e+00	0.00e+00	0.00e+00	0.00e+00	0.00e+00	0.00e+00	9.69e-01	4.83e-08	3.37e-08
 7.90395e+22	9.69e-01	3.07e-02	4.38e-06	0.00e+00	0.00e+00	0.00e+00	0.00e+00	0.00e+00	0.00e+00	9.69e-01	4.82e-08	3.37e-08
 7.90590e+22	9.70e-01	3.02e-02	4.27e-06	0.00e+00	0.00e+00	0.00e+00	0.00e+00	0.00e+00	0.00e+00	9.70e-01	4.80e-08	3.36e-08
 7.90801e+22	9.70e-01	2.97e-02	4.17e-06	0.00e+00	0.00e+00	0.00e+00	0.00e+00	0.00e+00	0.00e+00	9.70e-01	4.78e-08	3.34e-08
 7.90993e+22	9.71e-01	2.93e-02	4.07e-06	0.00e+00	0.00e+00	0.00e+00	0.00e+00	0.00e+00	0.00e+00	9.71e-01	4.77e-08	3.34e-08
 7.91203e+22	9.71e-01	2.88e-02	3.96e-06	0.00e+00	0.00e+00	0.00e+00	0.00e+00	0.00e+00	0.00e+00	9.71e-01	4.75e-08	3.33e-08
 7.91430e+22	9.72e-01	2.82e-02	3.85e-06	0.00e+00	0.00e+00	0.00e+00	0.00e+00	0.00e+00	0.00e+00	9.72e-01	4.73e-08	3.31e-08
 7.91636e+22	9.72e-01	2.77e-02	3.76e-06	0.00e+00	0.00e+00	0.00e+00	0.00e+00	0.00e+00	0.00e+00	9.72e-01	4.72e-08	3.30e-08
 7.91824e+22	9.73e-01	2.73e-02	3.67e-06	0.00e+00	0.00e+00	0.00e+00	0.00e+00	0.00e+00	0.00e+00	9.73e-01	4.69e-08	3.29e-08
 7.91995e+22	9.73e-01	2.70e-02	3.61e-06	0.00e+00	0.00e+00	0.00e+00	0.00e+00	0.00e+00	0.00e+00	9.73e-01	4.69e-08	3.28e-08
 7.92182e+22	9.73e-01	2.66e-02	3.52e-06	0.00e+00	0.00e+00	0.00e+00	0.00e+00	0.00e+00	0.00e+00	9.73e-01	4.67e-08	3.27e-08
 7.92384e+22	9.74e-01	2.62e-02	3.44e-06	0.00e+00	0.00e+00	0.00e+00	0.00e+00	0.00e+00	0.00e+00	9.74e-01	4.66e-08	3.27e-08
 7.92606e+22	9.74e-01	2.57e-02	3.35e-06	0.00e+00	0.00e+00	0.00e+00	0.00e+00	0.00e+00	0.00e+00	9.74e-01	4.65e-08	3.25e-08
 7.92845e+22	9.75e-01	2.51e-02	3.25e-06	0.00e+00	0.00e+00	0.00e+00	0.00e+00	0.00e+00	0.00e+00	9.75e-01	4.63e-08	3.24e-08
 7.93062e+22	9.75e-01	2.47e-02	3.16e-06	0.00e+00	0.00e+00	0.00e+00	0.00e+00	0.00e+00	0.00e+00	9.75e-01	4.61e-08	3.23e-08
 7.93261e+22	9.76e-01	2.43e-02	3.08e-06	0.00e+00	0.00e+00	0.00e+00	0.00e+00	0.00e+00	0.00e+00	9.76e-01	4.60e-08	3.22e-08
 7.93441e+22	9.76e-01	2.40e-02	3.01e-06	0.00e+00	0.00e+00	0.00e+00	0.00e+00	0.00e+00	0.00e+00	9.76e-01	4.58e-08	3.20e-08
 7.93605e+22	9.76e-01	2.37e-02	2.95e-06	0.00e+00	0.00e+00	0.00e+00	0.00e+00	0.00e+00	0.00e+00	9.76e-01	4.57e-08	3.19e-08
 7.93785e+22	9.77e-01	2.33e-02	2.88e-06	0.00e+00	0.00e+00	0.00e+00	0.00e+00	0.00e+00	0.00e+00	9.77e-01	4.55e-08	3.18e-08
 7.93979e+22	9.77e-01	2.29e-02	2.81e-06	0.00e+00	0.00e+00	0.00e+00	0.00e+00	0.00e+00	0.00e+00	9.77e-01	4.53e-08	3.17e-08
 7.94155e+22	9.77e-01	2.26e-02	2.75e-06	0.00e+00	0.00e+00	0.00e+00	0.00e+00	0.00e+00	0.00e+00	9.77e-01	4.52e-08	3.15e-08
 7.94349e+22	9.78e-01	2.22e-02	2.68e-06	0.00e+00	0.00e+00	0.00e+00	0.00e+00	0.00e+00	0.00e+00	9.78e-01	4.50e-08	3.14e-08
 7.94557e+22	9.78e-01	2.18e-02	2.61e-06	0.00e+00	0.00e+00	0.00e+00	0.00e+00	0.00e+00	0.00e+00	9.78e-01	4.49e-08	3.13e-08
 7.94748e+22	9.79e-01	2.15e-02	2.55e-06	0.00e+00	0.00e+00	0.00e+00	0.00e+00	0.00e+00	0.00e+00	9.79e-01	4.47e-08	3.11e-08
 7.94921e+22	9.79e-01	2.12e-02	2.50e-06	0.00e+00	0.00e+00	0.00e+00	0.00e+00	0.00e+00	0.00e+00	9.79e-01	4.45e-08	3.10e-08
 7.95078e+22	9.79e-01	2.09e-02	2.46e-06	0.00e+00	0.00e+00	0.00e+00	0.00e+00	0.00e+00	0.00e+00	9.79e-01	4.44e-08	3.09e-08
 7.95250e+22	9.79e-01	2.06e-02	2.41e-06	0.00e+00	0.00e+00	0.00e+00	0.00e+00	0.00e+00	0.00e+00	9.79e-01	4.43e-08	3.08e-08
 7.95475e+22	9.80e-01	2.02e-02	2.34e-06	0.00e+00	0.00e+00	0.00e+00	0.00e+00	0.00e+00	0.00e+00	9.80e-01	4.41e-08	3.06e-08
 7.95717e+22	9.80e-01	1.98e-02	2.27e-06	0.00e+00	0.00e+00	0.00e+00	0.00e+00	0.00e+00	0.00e+00	9.80e-01	4.39e-08	3.04e-08
 7.95937e+22	9.81e-01	1.94e-02	2.22e-06	0.00e+00	0.00e+00	0.00e+00	0.00e+00	0.00e+00	0.00e+00	9.81e-01	4.37e-08	3.03e-08
 7.96137e+22	9.81e-01	1.91e-02	2.17e-06	0.00e+00	0.00e+00	0.00e+00	0.00e+00	0.00e+00	0.00e+00	9.81e-01	4.36e-08	3.01e-08
 7.96320e+22	9.81e-01	1.89e-02	2.12e-06	0.00e+00	0.00e+00	0.00e+00	0.00e+00	0.00e+00	0.00e+00	9.81e-01	4.34e-08	3.00e-08
 7.96486e+22	9.81e-01	1.86e-02	2.08e-06	0.00e+00	0.00e+00	0.00e+00	0.00e+00	0.00e+00	0.00e+00	9.81e-01	4.31e-08	2.97e-08
 7.96637e+22	9.82e-01	1.84e-02	2.06e-06	0.00e+00	0.00e+00	0.00e+00	0.00e+00	0.00e+00	0.00e+00	9.82e-01	4.29e-08	2.96e-08
 7.96802e+22	9.82e-01	1.82e-02	2.02e-06	0.00e+00	0.00e+00	0.00e+00	0.00e+00	0.00e+00	0.00e+00	9.82e-01	4.26e-08	2.94e-08
 7.97018e+22	9.82e-01	1.79e-02	1.97e-06	0.00e+00	0.00e+00	0.00e+00	0.00e+00	0.00e+00	0.00e+00	9.82e-01	4.21e-08	2.91e-08
 7.97250e+22	9.82e-01	1.76e-02	1.93e-06	0.00e+00	0.00e+00	0.00e+00	0.00e+00	0.00e+00	0.00e+00	9.82e-01	4.17e-08	2.88e-08
 7.97505e+22	9.83e-01	1.73e-02	1.88e-06	0.00e+00	0.00e+00	0.00e+00	0.00e+00	0.00e+00	0.00e+00	9.83e-01	4.11e-08	2.85e-08
 7.97779e+22	9.83e-01	1.69e-02	1.83e-06	0.00e+00	0.00e+00	0.00e+00	0.00e+00	0.00e+00	0.00e+00	9.83e-01	4.06e-08	2.81e-08
 7.98030e+22	9.83e-01	1.66e-02	1.79e-06	0.00e+00	0.00e+00	0.00e+00	0.00e+00	0.00e+00	0.00e+00	9.83e-01	4.02e-08	2.78e-08
 7.98257e+22	9.84e-01	1.63e-02	1.75e-06	0.00e+00	0.00e+00	0.00e+00	0.00e+00	0.00e+00	0.00e+00	9.84e-01	3.97e-08	2.73e-08
 7.98464e+22	9.84e-01	1.62e-02	1.72e-06	0.00e+00	0.00e+00	0.00e+00	0.00e+00	0.00e+00	0.00e+00	9.84e-01	3.95e-08	2.71e-08
 7.98691e+22	9.84e-01	1.59e-02	1.68e-06	0.00e+00	0.00e+00	0.00e+00	0.00e+00	0.00e+00	0.00e+00	9.84e-01	3.90e-08	2.68e-08
 7.98936e+22	9.84e-01	1.56e-02	1.64e-06	0.00e+00	0.00e+00	0.00e+00	0.00e+00	0.00e+00	0.00e+00	9.84e-01	3.86e-08	2.65e-08
 7.99159e+22	9.85e-01	1.54e-02	1.61e-06	0.00e+00	0.00e+00	0.00e+00	0.00e+00	0.00e+00	0.00e+00	9.85e-01	3.83e-08	2.61e-08
 7.99403e+22	9.85e-01	1.51e-02	1.58e-06	0.00e+00	0.00e+00	0.00e+00	0.00e+00	0.00e+00	0.00e+00	9.85e-01	3.78e-08	2.58e-08
 7.99667e+22	9.85e-01	1.49e-02	1.54e-06	0.00e+00	0.00e+00	0.00e+00	0.00e+00	0.00e+00	0.00e+00	9.85e-01	3.74e-08	2.54e-08
 7.99907e+22	9.85e-01	1.46e-02	1.51e-06	0.00e+00	0.00e+00	0.00e+00	0.00e+00	0.00e+00	0.00e+00	9.85e-01	3.69e-08	2.50e-08
