#depth	H	H+	H2
 4.62852e+21	1.77e-06	1.00e+00	4.87e-32
 1.03794e+22	2.67e-06	1.00e+00	8.26e-32
 1.20631e+22	3.26e-06	1.00e+00	2.50e-31
 1.29439e+22	3.65e-06	1.00e+00	4.49e-31
 1.33729e+22	3.81e-06	1.00e+00	5.57e-31
 1.36246e+22	4.00e-06	1.00e+00	7.20e-31
 1.39060e+22	4.20e-06	1.00e+00	9.34e-31
 1.41842e+22	4.39e-06	1.00e+00	1.18e-30
 1.45039e+22	4.68e-06	1.00e+00	1.67e-30
 1.48263e+22	4.92e-06	1.00e+00	2.15e-30
 1.51523e+22	5.23e-06	1.00e+00	2.96e-30
 1.54701e+22	5.49e-06	1.00e+00	3.83e-30
 1.57314e+22	5.74e-06	1.00e+00	4.78e-30
 1.60253e+22	6.07e-06	1.00e+00	6.41e-30
 1.63322e+22	6.36e-06	1.00e+00	8.11e-30
 1.66558e+22	6.78e-06	1.00e+00	1.12e-29
 1.69785e+22	7.11e-06	1.00e+00	1.43e-29
 1.73001e+22	7.54e-06	1.00e+00	1.93e-29
 1.76366e+22	7.96e-06	1.00e+00	2.54e-29
 1.79415e+22	8.37e-06	1.00e+00	3.25e-29
 1.82870e+22	8.92e-06	1.00e+00	4.49e-29
 1.86412e+22	9.42e-06	1.00e+00	5.92e-29
 1.89547e+22	9.93e-06	1.00e+00	7.63e-29
 1.93098e+22	1.06e-05	1.00e+00	1.06e-28
 1.96755e+22	1.12e-05	1.00e+00	1.40e-28
 2.00015e+22	1.18e-05	1.00e+00	1.82e-28
 2.03720e+22	1.26e-05	1.00e+00	2.54e-28
 2.07534e+22	1.34e-05	1.00e+00	3.39e-28
 2.10936e+22	1.42e-05	1.00e+00	4.44e-28
 2.14807e+22	1.52e-05	1.00e+00	6.27e-28
 2.18585e+22	1.61e-05	1.00e+00	8.22e-28
 2.21712e+22	1.69e-05	1.00e+00	1.05e-27
 2.25248e+22	1.81e-05	1.00e+00	1.44e-27
 2.28984e+22	1.91e-05	1.00e+00	1.90e-27
 2.32980e+22	2.06e-05	1.00e+00	2.73e-27
 2.37003e+22	2.18e-05	1.00e+00	3.62e-27
 2.40319e+22	2.30e-05	1.00e+00	4.65e-27
 2.43416e+22	2.42e-05	1.00e+00	5.94e-27
 2.46972e+22	2.58e-05	1.00e+00	8.00e-27
 2.50766e+22	2.74e-05	1.00e+00	1.08e-26
 2.54130e+22	2.89e-05	1.00e+00	1.38e-26
 2.57767e+22	3.08e-05	1.00e+00	1.89e-26
 2.61477e+22	3.26e-05	1.00e+00	2.48e-26
 2.64737e+22	3.44e-05	1.00e+00	3.19e-26
 2.68429e+22	3.68e-05	1.00e+00	4.39e-26
 2.72227e+22	3.90e-05	1.00e+00	5.79e-26
 2.75607e+22	4.12e-05	1.00e+00	7.54e-26
 2.79445e+22	4.42e-05	1.00e+00	1.05e-25
 2.83388e+22	4.70e-05	1.00e+00	1.40e-25
 2.86877e+22	4.98e-05	1.00e+00	1.83e-25
 2.90825e+22	5.35e-05	1.00e+00	2.58e-25
 2.94926e+22	5.71e-05	1.00e+00	3.49e-25
 2.98608e+22	6.06e-05	1.00e+00	4.63e-25
 3.02776e+22	6.55e-05	1.00e+00	6.67e-25
 3.07082e+22	7.00e-05	1.00e+00	9.11e-25
 3.11567e+22	7.62e-05	1.00e+00	1.36e-24
 3.16059e+22	8.14e-05	1.00e+00	1.84e-24
 3.19693e+22	8.60e-05	1.00e+00	2.32e-24
 3.23549e+22	9.26e-05	1.00e+00	3.37e-24
 3.27829e+22	9.94e-05	1.00e+00	4.68e-24
 3.31594e+22	1.05e-04	1.00e+00	6.07e-24
 3.35424e+22	1.13e-04	1.00e+00	8.51e-24
 3.39272e+22	1.19e-04	1.00e+00	1.11e-23
 3.43143e+22	1.28e-04	1.00e+00	1.55e-23
 3.47046e+22	1.36e-04	1.00e+00	2.03e-23
 3.50467e+22	1.44e-04	1.00e+00	2.64e-23
 3.54389e+22	1.55e-04	1.00e+00	3.69e-23
 3.58370e+22	1.65e-04	1.00e+00	4.74e-23
 3.61830e+22	1.74e-04	1.00e+00	6.15e-23
 3.65733e+22	1.87e-04	1.00e+00	8.58e-23
 3.69777e+22	1.99e-04	1.00e+00	1.15e-22
 3.73395e+22	2.10e-04	1.00e+00	1.51e-22
 3.77486e+22	2.26e-04	1.00e+00	2.15e-22
 3.81717e+22	2.41e-04	1.00e+00	2.91e-22
 3.85525e+22	2.56e-04	1.00e+00	3.90e-22
 3.89870e+22	2.78e-04	1.00e+00	5.76e-22
 3.94248e+22	2.95e-04	1.00e+00	7.81e-22
 3.98667e+22	3.19e-04	1.00e+00	1.16e-21
 4.03186e+22	3.40e-04	1.00e+00	1.60e-21
 4.07020e+22	3.61e-04	1.00e+00	2.17e-21
 4.10592e+22	3.81e-04	1.00e+00	2.91e-21
 4.14637e+22	4.07e-04	1.00e+00	4.17e-21
 4.18837e+22	4.34e-04	1.00e+00	6.01e-21
 4.22486e+22	4.59e-04	1.00e+00	8.16e-21
 4.26478e+22	4.90e-04	1.00e+00	1.20e-20
 4.30680e+22	5.22e-04	9.99e-01	1.77e-20
 4.34418e+22	5.51e-04	9.99e-01	2.44e-20
 4.38540e+22	5.89e-04	9.99e-01	3.57e-20
 4.42861e+22	6.27e-04	9.99e-01	5.18e-20
 4.46748e+22	6.66e-04	9.99e-01	7.49e-20
 4.51107e+22	7.14e-04	9.99e-01	1.13e-19
 4.55612e+22	7.61e-04	9.99e-01	1.69e-19
 4.59596e+22	8.09e-04	9.99e-01	2.62e-19
 4.64067e+22	8.73e-04	9.99e-01	4.41e-19
 4.68610e+22	9.28e-04	9.99e-01	7.43e-19
 4.71588e+22	9.54e-04	9.99e-01	9.78e-19
 4.73803e+22	9.92e-04	9.99e-01	1.31e-18
 4.76681e+22	1.04e-03	9.99e-01	1.96e-18
 4.80423e+22	1.11e-03	9.99e-01	3.81e-18
 4.85288e+22	1.20e-03	9.99e-01	1.17e-17
 4.90184e+22	1.28e-03	9.99e-01	2.56e-17
 4.95123e+22	1.39e-03	9.99e-01	1.47e-16
 4.99868e+22	1.47e-03	9.99e-01	1.07e-15
 5.04363e+22	1.58e-03	9.98e-01	5.05e-15
 5.09022e+22	1.68e-03	9.98e-01	1.26e-14
 5.13244e+22	1.79e-03	9.98e-01	2.10e-14
 5.16887e+22	1.88e-03	9.98e-01	2.94e-14
 5.20429e+22	1.99e-03	9.98e-01	3.76e-14
 5.24047e+22	2.09e-03	9.98e-01	4.61e-14
 5.27269e+22	2.19e-03	9.98e-01	5.53e-14
 5.30963e+22	2.32e-03	9.98e-01	6.92e-14
 5.34741e+22	2.44e-03	9.98e-01	8.39e-14
 5.38086e+22	2.56e-03	9.97e-01	1.01e-13
 5.41890e+22	2.72e-03	9.97e-01	1.28e-13
 5.45722e+22	2.86e-03	9.97e-01	1.54e-13
 5.49589e+22	3.03e-03	9.97e-01	1.93e-13
 5.53582e+22	3.20e-03	9.97e-01	2.37e-13
 5.57168e+22	3.37e-03	9.97e-01	2.87e-13
 5.61259e+22	3.59e-03	9.96e-01	3.65e-13
 5.65475e+22	3.80e-03	9.96e-01	4.50e-13
 5.69264e+22	4.01e-03	9.96e-01	5.51e-13
 5.73600e+22	4.29e-03	9.96e-01	7.09e-13
 5.78012e+22	4.55e-03	9.95e-01	8.80e-13
 5.81911e+22	4.80e-03	9.95e-01	1.08e-12
 5.86367e+22	5.16e-03	9.95e-01	1.41e-12
 5.90844e+22	5.44e-03	9.95e-01	1.72e-12
 5.95347e+22	5.83e-03	9.94e-01	2.22e-12
 6.00008e+22	6.19e-03	9.94e-01	2.78e-12
 6.04875e+22	6.71e-03	9.93e-01	3.72e-12
 6.09684e+22	7.09e-03	9.93e-01	4.57e-12
 6.14419e+22	7.66e-03	9.92e-01	6.04e-12
 6.19300e+22	8.13e-03	9.92e-01	7.56e-12
 6.24372e+22	8.82e-03	9.91e-01	1.01e-11
 6.29583e+22	9.39e-03	9.91e-01	1.28e-11
 6.34977e+22	1.03e-02	9.90e-01	1.75e-11
 6.40483e+22	1.09e-02	9.89e-01	2.22e-11
 6.44825e+22	1.16e-02	9.88e-01	2.71e-11
 6.48550e+22	1.22e-02	9.88e-01	3.28e-11
 6.52786e+22	1.31e-02	9.87e-01	4.16e-11
 6.57117e+22	1.39e-02	9.86e-01	5.13e-11
 6.60967e+22	1.47e-02	9.85e-01	6.27e-11
 6.65368e+22	1.58e-02	9.84e-01	8.10e-11
 6.69893e+22	1.69e-02	9.83e-01	1.02e-10
 6.73906e+22	1.80e-02	9.82e-01	1.27e-10
 6.78449e+22	1.97e-02	9.80e-01	1.69e-10
 6.83061e+22	2.11e-02	9.79e-01	2.15e-10
 6.87079e+22	2.27e-02	9.77e-01	2.71e-10
 6.91619e+22	2.51e-02	9.75e-01	3.70e-10
 6.96240e+22	2.74e-02	9.73e-01	4.87e-10
 7.00166e+22	2.98e-02	9.70e-01	6.30e-10
 7.04470e+22	3.34e-02	9.67e-01	8.78e-10
 7.08940e+22	3.73e-02	9.63e-01	1.21e-09
 7.12813e+22	4.14e-02	9.59e-01	1.63e-09
 7.16327e+22	4.61e-02	9.54e-01	2.18e-09
 7.19672e+22	5.16e-02	9.48e-01	2.95e-09
 7.23005e+22	5.83e-02	9.42e-01	4.08e-09
 7.26310e+22	6.68e-02	9.33e-01	5.78e-09
 7.28453e+22	7.19e-02	9.28e-01	6.86e-09
 7.29254e+22	7.44e-02	9.26e-01	7.46e-09
 7.29890e+22	7.67e-02	9.23e-01	8.02e-09
 7.30662e+22	7.98e-02	9.20e-01	8.85e-09
 7.31505e+22	8.32e-02	9.17e-01	9.80e-09
 7.32298e+22	8.66e-02	9.13e-01	1.08e-08
 7.33063e+22	9.02e-02	9.10e-01	1.19e-08
 7.33813e+22	9.37e-02	9.06e-01	1.30e-08
 7.34564e+22	9.79e-02	9.02e-01	1.44e-08
 7.35302e+22	1.02e-01	8.98e-01	1.59e-08
 7.36019e+22	1.06e-01	8.94e-01	1.76e-08
 7.36718e+22	1.11e-01	8.89e-01	1.93e-08
 7.37396e+22	1.16e-01	8.84e-01	2.13e-08
 7.38073e+22	1.20e-01	8.80e-01	2.34e-08
 7.38756e+22	1.26e-01	8.74e-01	2.60e-08
 7.39418e+22	1.31e-01	8.69e-01	2.84e-08
 7.40073e+22	1.37e-01	8.63e-01	3.14e-08
 7.40738e+22	1.44e-01	8.56e-01	3.50e-08
 7.41358e+22	1.50e-01	8.50e-01	3.87e-08
 7.41937e+22	1.56e-01	8.44e-01	4.22e-08
 7.42543e+22	1.64e-01	8.36e-01	4.71e-08
 7.43149e+22	1.71e-01	8.29e-01	5.15e-08
 7.43742e+22	1.79e-01	8.21e-01	5.71e-08
 7.44342e+22	1.88e-01	8.12e-01	6.39e-08
 7.44892e+22	1.96e-01	8.04e-01	7.02e-08
 7.45415e+22	2.04e-01	7.96e-01	7.63e-08
 7.45990e+22	2.14e-01	7.86e-01	8.52e-08
 7.46574e+22	2.25e-01	7.75e-01	9.50e-08
 7.47098e+22	2.34e-01	7.66e-01	1.04e-07
 7.47604e+22	2.44e-01	7.56e-01	1.13e-07
 7.48160e+22	2.56e-01	7.44e-01	1.27e-07
 7.48723e+22	2.67e-01	7.33e-01	1.40e-07
 7.49252e+22	2.80e-01	7.20e-01	1.55e-07
 7.49768e+22	2.92e-01	7.08e-01	1.72e-07
 7.50269e+22	3.05e-01	6.95e-01	1.89e-07
 7.50773e+22	3.18e-01	6.82e-01	2.08e-07
 7.51288e+22	3.32e-01	6.68e-01	2.29e-07
 7.51805e+22	3.46e-01	6.54e-01	2.53e-07
 7.52320e+22	3.61e-01	6.39e-01	2.79e-07
 7.52834e+22	3.76e-01	6.24e-01	3.08e-07
 7.53348e+22	3.92e-01	6.08e-01	3.40e-07
 7.53864e+22	4.08e-01	5.92e-01	3.74e-07
 7.54385e+22	4.25e-01	5.75e-01	4.12e-07
 7.54914e+22	4.42e-01	5.58e-01	4.54e-07
 7.55450e+22	4.60e-01	5.40e-01	5.00e-07
 7.55992e+22	4.78e-01	5.22e-01	5.50e-07
 7.56542e+22	4.96e-01	5.04e-01	6.05e-07
 7.57103e+22	5.15e-01	4.85e-01	6.65e-07
 7.57676e+22	5.34e-01	4.66e-01	7.31e-07
 7.58162e+22	5.49e-01	4.51e-01	7.82e-07
 7.58524e+22	5.61e-01	4.39e-01	8.29e-07
 7.58865e+22	5.72e-01	4.28e-01	8.71e-07
 7.59246e+22	5.84e-01	4.16e-01	9.23e-07
 7.59658e+22	5.97e-01	4.03e-01	9.82e-07
 7.60059e+22	6.10e-01	3.90e-01	1.04e-06
 7.60449e+22	6.21e-01	3.79e-01	1.09e-06
 7.60850e+22	6.33e-01	3.67e-01	1.15e-06
 7.61262e+22	6.45e-01	3.55e-01	1.22e-06
 7.61667e+22	6.57e-01	3.43e-01	1.28e-06
 7.62073e+22	6.68e-01	3.32e-01	1.34e-06
 7.62491e+22	6.79e-01	3.21e-01	1.41e-06
 7.62918e+22	6.90e-01	3.10e-01	1.47e-06
 7.63352e+22	7.01e-01	2.99e-01	1.54e-06
 7.63790e+22	7.11e-01	2.89e-01	1.62e-06
 7.64226e+22	7.21e-01	2.79e-01	1.69e-06
 7.64669e+22	7.31e-01	2.69e-01	1.76e-06
 7.65128e+22	7.41e-01	2.59e-01	1.84e-06
 7.65598e+22	7.51e-01	2.49e-01	1.91e-06
 7.66075e+22	7.60e-01	2.40e-01	2.00e-06
 7.66551e+22	7.69e-01	2.31e-01	2.07e-06
 7.67034e+22	7.78e-01	2.22e-01	2.15e-06
 7.67535e+22	7.86e-01	2.14e-01	2.24e-06
 7.68048e+22	7.95e-01	2.05e-01	2.32e-06
 7.68566e+22	8.03e-01	1.97e-01	2.41e-06
 7.69089e+22	8.11e-01	1.89e-01	2.49e-06
 7.69623e+22	8.18e-01	1.82e-01	2.58e-06
 7.70172e+22	8.26e-01	1.74e-01	2.66e-06
 7.70731e+22	8.33e-01	1.67e-01	2.75e-06
 7.71301e+22	8.40e-01	1.60e-01	2.84e-06
 7.71877e+22	8.46e-01	1.54e-01	2.92e-06
 7.72455e+22	8.53e-01	1.47e-01	3.01e-06
 7.73041e+22	8.59e-01	1.41e-01	3.09e-06
 7.73634e+22	8.65e-01	1.35e-01	3.17e-06
 7.74229e+22	8.71e-01	1.29e-01	3.25e-06
 7.74820e+22	8.76e-01	1.24e-01	3.32e-06
 7.75407e+22	8.81e-01	1.19e-01	3.40e-06
 7.76009e+22	8.86e-01	1.14e-01	3.46e-06
 7.76619e+22	8.91e-01	1.09e-01	3.52e-06
 7.77213e+22	8.95e-01	1.05e-01	3.58e-06
 7.77802e+22	8.99e-01	1.00e-01	3.64e-06
 7.78403e+22	9.04e-01	9.64e-02	3.69e-06
 7.79004e+22	9.08e-01	9.24e-02	3.73e-06
 7.79597e+22	9.11e-01	8.86e-02	3.75e-06
 7.80185e+22	9.15e-01	8.50e-02	3.77e-06
 7.80771e+22	9.18e-01	8.16e-02	3.79e-06
 7.81355e+22	9.22e-01	7.84e-02	3.79e-06
 7.81929e+22	9.25e-01	7.53e-02	3.80e-06
 7.82475e+22	9.27e-01	7.25e-02	3.79e-06
 7.82987e+22	9.30e-01	7.00e-02	3.78e-06
 7.83470e+22	9.32e-01	6.77e-02	3.77e-06
 7.83928e+22	9.34e-01	6.56e-02	3.74e-06
 7.84365e+22	9.36e-01	6.37e-02	3.70e-06
 7.84782e+22	9.38e-01	6.19e-02	3.65e-06
 7.85181e+22	9.40e-01	6.03e-02	3.61e-06
 7.85563e+22	9.41e-01	5.85e-02	3.56e-06
 7.85916e+22	9.43e-01	5.71e-02	3.51e-06
 7.86250e+22	9.44e-01	5.58e-02	3.47e-06
 7.86585e+22	9.46e-01	5.44e-02	3.42e-06
 7.86911e+22	9.47e-01	5.31e-02	3.37e-06
 7.87215e+22	9.48e-01	5.19e-02	3.32e-06
 7.87491e+22	9.49e-01	5.09e-02	3.28e-06
 7.87742e+22	9.50e-01	5.00e-02	3.23e-06
 7.87971e+22	9.51e-01	4.91e-02	3.19e-06
 7.88179e+22	9.52e-01	4.84e-02	3.16e-06
 7.88369e+22	9.52e-01	4.77e-02	3.12e-06
 7.88541e+22	9.53e-01	4.72e-02	3.09e-06
 7.88730e+22	9.54e-01	4.65e-02	3.05e-06
 7.88934e+22	9.54e-01	4.58e-02	3.02e-06
 7.89119e+22	9.55e-01	4.51e-02	2.98e-06
 7.89288e+22	9.55e-01	4.46e-02	2.95e-06
 7.89442e+22	9.56e-01	4.41e-02	2.92e-06
 7.89610e+22	9.57e-01	4.34e-02	2.89e-06
 7.89792e+22	9.57e-01	4.29e-02	2.86e-06
 7.89958e+22	9.58e-01	4.23e-02	2.83e-06
 7.90108e+22	9.58e-01	4.18e-02	2.79e-06
 7.90245e+22	9.59e-01	4.14e-02	2.77e-06
 7.90395e+22	9.59e-01	4.10e-02	2.75e-06
 7.90590e+22	9.60e-01	4.04e-02	2.72e-06
 7.90801e+22	9.60e-01	3.98e-02	2.68e-06
 7.90993e+22	9.61e-01	3.93e-02	2.66e-06
 7.91203e+22	9.61e-01	3.87e-02	2.63e-06
 7.91430e+22	9.62e-01	3.80e-02	2.60e-06
 7.91636e+22	9.63e-01	3.75e-02	2.57e-06
 7.91824e+22	9.63e-01	3.70e-02	2.53e-06
 7.91995e+22	9.63e-01	3.67e-02	2.52e-06
 7.92182e+22	9.64e-01	3.62e-02	2.48e-06
 7.92384e+22	9.64e-01	3.57e-02	2.46e-06
 7.92606e+22	9.65e-01	3.51e-02	2.43e-06
 7.92845e+22	9.66e-01	3.45e-02	2.40e-06
 7.93062e+22	9.66e-01	3.40e-02	2.37e-06
 7.93261e+22	9.66e-01	3.36e-02	2.34e-06
 7.93441e+22	9.67e-01	3.32e-02	2.31e-06
 7.93605e+22	9.67e-01	3.28e-02	2.29e-06
 7.93785e+22	9.68e-01	3.24e-02	2.26e-06
 7.93979e+22	9.68e-01	3.19e-02	2.23e-06
 7.94155e+22	9.68e-01	3.16e-02	2.21e-06
 7.94349e+22	9.69e-01	3.11e-02	2.18e-06
 7.94557e+22	9.69e-01	3.06e-02	2.15e-06
 7.94748e+22	9.70e-01	3.03e-02	2.13e-06
 7.94921e+22	9.70e-01	2.99e-02	2.10e-06
 7.95078e+22	9.70e-01	2.97e-02	2.08e-06
 7.95250e+22	9.71e-01	2.93e-02	2.05e-06
 7.95475e+22	9.71e-01	2.89e-02	2.01e-06
 7.95717e+22	9.72e-01	2.84e-02	1.98e-06
 7.95937e+22	9.72e-01	2.80e-02	1.95e-06
 7.96137e+22	9.72e-01	2.76e-02	1.93e-06
 7.96320e+22	9.73e-01	2.73e-02	1.90e-06
 7.96486e+22	9.73e-01	2.70e-02	1.87e-06
 7.96637e+22	9.73e-01	2.68e-02	1.86e-06
 7.96802e+22	9.73e-01	2.66e-02	1.85e-06
 7.97018e+22	9.74e-01	2.62e-02	1.82e-06
 7.97250e+22	9.74e-01	2.59e-02	1.80e-06
 7.97505e+22	9.74e-01	2.55e-02	1.77e-06
 7.97779e+22	9.75e-01	2.51e-02	1.75e-06
 7.98030e+22	9.75e-01	2.48e-02	1.73e-06
 7.98257e+22	9.76e-01	2.44e-02	1.70e-06
 7.98464e+22	9.76e-01	2.42e-02	1.69e-06
 7.98691e+22	9.76e-01	2.39e-02	1.67e-06
 7.98936e+22	9.76e-01	2.36e-02	1.65e-06
 7.99159e+22	9.77e-01	2.34e-02	1.63e-06
 7.99403e+22	9.77e-01	2.31e-02	1.61e-06
 7.99667e+22	9.77e-01	2.27e-02	1.59e-06
 7.99907e+22	9.78e-01	2.24e-02	1.57e-06
 8.00126e+22	9.78e-01	2.23e-02	1.56e-06
 8.00365e+22	9.78e-01	2.20e-02	1.54e-06
 8.00623e+22	9.78e-01	2.17e-02	1.52e-06
 8.00858e+22	9.79e-01	2.15e-02	1.51e-06
 8.01116e+22	9.79e-01	2.12e-02	1.49e-06
 8.01394e+22	9.79e-01	2.09e-02	1.47e-06
 8.01647e+22	9.79e-01	2.06e-02	1.45e-06
 8.01878e+22	9.80e-01	2.05e-02	1.45e-06
 8.02130e+22	9.80e-01	2.02e-02	1.43e-06
 8.02403e+22	9.80e-01	2.00e-02	1.41e-06
 8.02651e+22	9.80e-01	1.98e-02	1.40e-06
 8.02922e+22	9.80e-01	1.95e-02	1.39e-06
 8.03216e+22	9.81e-01	1.93e-02	1.37e-06
 8.03483e+22	9.81e-01	1.91e-02	1.37e-06
 8.03775e+22	9.81e-01	1.88e-02	1.35e-06
 8.04091e+22	9.81e-01	1.85e-02	1.34e-06
 8.04378e+22	9.82e-01	1.84e-02	1.33e-06
 8.04693e+22	9.82e-01	1.81e-02	1.31e-06
 8.05033e+22	9.82e-01	1.78e-02	1.30e-06
 8.05343e+22	9.82e-01	1.76e-02	1.29e-06
 8.05682e+22	9.83e-01	1.74e-02	1.28e-06
 8.06048e+22	9.83e-01	1.71e-02	1.26e-06
 8.06381e+22	9.83e-01	1.69e-02	1.26e-06
 8.06746e+22	9.83e-01	1.66e-02	1.24e-06
 8.07140e+22	9.84e-01	1.64e-02	1.23e-06
 8.07498e+22	9.84e-01	1.62e-02	1.22e-06
 8.07825e+22	9.84e-01	1.60e-02	1.21e-06
 8.08121e+22	9.84e-01	1.58e-02	1.20e-06
 8.08447e+22	9.84e-01	1.57e-02	1.19e-06
 8.08798e+22	9.85e-01	1.55e-02	1.18e-06
 8.09183e+22	9.85e-01	1.52e-02	1.17e-06
 8.09598e+22	9.85e-01	1.50e-02	1.17e-06
 8.09977e+22	9.85e-01	1.48e-02	1.16e-06
 8.10391e+22	9.85e-01	1.46e-02	1.15e-06
 8.10838e+22	9.86e-01	1.44e-02	1.14e-06
 8.11245e+22	9.86e-01	1.42e-02	1.13e-06
 8.11616e+22	9.86e-01	1.40e-02	1.12e-06
 8.12022e+22	9.86e-01	1.38e-02	1.11e-06
 8.12460e+22	9.86e-01	1.36e-02	1.11e-06
 8.12859e+22	9.87e-01	1.34e-02	1.10e-06
 8.13296e+22	9.87e-01	1.33e-02	1.09e-06
 8.13767e+22	9.87e-01	1.30e-02	1.08e-06
 8.14197e+22	9.87e-01	1.29e-02	1.08e-06
 8.14667e+22	9.87e-01	1.27e-02	1.07e-06
 8.15175e+22	9.88e-01	1.25e-02	1.06e-06
 8.15637e+22	9.88e-01	1.23e-02	1.06e-06
 8.16143e+22	9.88e-01	1.21e-02	1.05e-06
 8.16690e+22	9.88e-01	1.19e-02	1.04e-06
 8.17188e+22	9.88e-01	1.17e-02	1.04e-06
 8.17640e+22	9.88e-01	1.16e-02	1.03e-06
 8.18136e+22	9.89e-01	1.14e-02	1.02e-06
 8.18672e+22	9.89e-01	1.12e-02	1.02e-06
 8.19159e+22	9.89e-01	1.11e-02	1.01e-06
 8.19694e+22	9.89e-01	1.09e-02	1.01e-06
 8.20270e+22	9.89e-01	1.07e-02	1.00e-06
 8.20795e+22	9.89e-01	1.06e-02	9.98e-07
 8.21370e+22	9.90e-01	1.04e-02	9.93e-07
 8.21990e+22	9.90e-01	1.02e-02	9.90e-07
 8.22555e+22	9.90e-01	1.00e-02	9.84e-07
 8.23069e+22	9.90e-01	9.93e-03	9.79e-07
 8.23633e+22	9.90e-01	9.78e-03	9.73e-07
 8.24241e+22	9.90e-01	9.60e-03	9.70e-07
 8.24794e+22	9.91e-01	9.46e-03	9.66e-07
 8.25400e+22	9.91e-01	9.32e-03	9.61e-07
 8.26189e+22	9.91e-01	9.09e-03	9.58e-07
 8.27087e+22	9.91e-01	8.82e-03	9.54e-07
 8.27967e+22	9.91e-01	8.62e-03	9.51e-07
 8.28835e+22	9.92e-01	8.42e-03	9.44e-07
 8.29712e+22	9.92e-01	8.23e-03	9.40e-07
 8.30598e+22	9.92e-01	8.05e-03	9.35e-07
 8.31507e+22	9.92e-01	7.86e-03	9.30e-07
 8.32425e+22	9.92e-01	7.67e-03	9.26e-07
 8.33342e+22	9.93e-01	7.49e-03	9.21e-07
 8.34265e+22	9.93e-01	7.32e-03	9.17e-07
 8.35201e+22	9.93e-01	7.14e-03	9.13e-07
 8.36146e+22	9.93e-01	6.97e-03	9.09e-07
 8.37099e+22	9.93e-01	6.80e-03	9.06e-07
 8.38061e+22	9.93e-01	6.64e-03	9.02e-07
 8.39031e+22	9.94e-01	6.48e-03	8.99e-07
 8.40008e+22	9.94e-01	6.32e-03	8.96e-07
 8.40993e+22	9.94e-01	6.16e-03	8.93e-07
 8.41987e+22	9.94e-01	6.01e-03	8.90e-07
 8.42991e+22	9.94e-01	5.86e-03	8.87e-07
 8.44005e+22	9.94e-01	5.71e-03	8.85e-07
 8.45028e+22	9.94e-01	5.57e-03	8.83e-07
 8.46059e+22	9.95e-01	5.43e-03	8.81e-07
 8.47100e+22	9.95e-01	5.29e-03	8.79e-07
 8.48157e+22	9.95e-01	5.15e-03	8.78e-07
 8.49243e+22	9.95e-01	5.02e-03	8.77e-07
 8.50354e+22	9.95e-01	4.88e-03	8.76e-07
 8.51475e+22	9.95e-01	4.75e-03	8.76e-07
 8.52609e+22	9.95e-01	4.62e-03	8.76e-07
 8.53759e+22	9.96e-01	4.49e-03	8.77e-07
 8.54926e+22	9.96e-01	4.37e-03	8.78e-07
 8.56110e+22	9.96e-01	4.24e-03	8.79e-07
 8.57316e+22	9.96e-01	4.12e-03	8.80e-07
 8.58548e+22	9.96e-01	4.00e-03	8.82e-07
 8.59809e+22	9.96e-01	3.88e-03	8.84e-07
 8.61111e+22	9.96e-01	3.77e-03	8.87e-07
 8.62448e+22	9.96e-01	3.65e-03	8.90e-07
 8.63811e+22	9.96e-01	3.53e-03	8.94e-07
 8.65202e+22	9.97e-01	3.42e-03	8.97e-07
 8.66626e+22	9.97e-01	3.31e-03	9.02e-07
 8.68084e+22	9.97e-01	3.20e-03	9.07e-07
 8.69579e+22	9.97e-01	3.09e-03	9.12e-07
 8.71117e+22	9.97e-01	2.99e-03	9.18e-07
 8.72704e+22	9.97e-01	2.88e-03	9.25e-07
 8.74337e+22	9.97e-01	2.78e-03	9.33e-07
 8.76016e+22	9.97e-01	2.67e-03	9.41e-07
 8.77743e+22	9.97e-01	2.57e-03	9.50e-07
 8.79523e+22	9.98e-01	2.47e-03	9.61e-07
 8.81361e+22	9.98e-01	2.37e-03	9.72e-07
 8.83273e+22	9.98e-01	2.27e-03	9.85e-07
 8.85239e+22	9.98e-01	2.18e-03	9.99e-07
 8.87214e+22	9.98e-01	2.09e-03	1.01e-06
 8.89200e+22	9.98e-01	2.00e-03	1.03e-06
 8.91207e+22	9.98e-01	1.91e-03	1.05e-06
 8.93236e+22	9.98e-01	1.83e-03	1.07e-06
 8.95281e+22	9.98e-01	1.75e-03	1.09e-06
 8.97345e+22	9.98e-01	1.68e-03	1.11e-06
 8.99429e+22	9.98e-01	1.60e-03	1.14e-06
 9.01528e+22	9.98e-01	1.53e-03	1.16e-06
 9.03626e+22	9.99e-01	1.46e-03	1.19e-06
 9.05747e+22	9.99e-01	1.40e-03	1.23e-06
 9.07909e+22	9.99e-01	1.33e-03	1.26e-06
 9.10092e+22	9.99e-01	1.27e-03	1.30e-06
 9.12291e+22	9.99e-01	1.21e-03	1.34e-06
 9.14511e+22	9.99e-01	1.16e-03	1.39e-06
 9.16753e+22	9.99e-01	1.10e-03	1.44e-06
 9.19017e+22	9.99e-01	1.05e-03	1.50e-06
 9.21303e+22	9.99e-01	1.00e-03	1.56e-06
 9.23612e+22	9.99e-01	9.52e-04	1.63e-06
 9.25238e+22	9.99e-01	9.28e-04	1.71e-06
