#depth	S	S+	S+2	S+3	S+4	S+5	S+6	S+7	S+8	S+9	S+10	S+11	S+12	S+13	S+14	S+15	S+16
 4.62852e+21	2.77e-28	3.49e-16	2.16e-13	1.35e-11	3.88e-10	8.63e-09	7.83e-06	7.51e-04	1.60e-02	7.30e-02	2.22e-01	2.99e-01	1.68e-01	8.58e-02	1.18e-01	1.65e-02	7.53e-04
 1.02293e+22	1.47e-26	1.16e-14	4.91e-12	1.96e-10	3.57e-09	5.27e-08	3.18e-05	2.50e-03	4.13e-02	1.36e-01	2.98e-01	3.02e-01	1.23e-01	4.59e-02	4.67e-02	4.32e-03	1.31e-04
 1.16878e+22	8.44e-26	5.42e-14	1.95e-11	6.50e-10	9.76e-09	1.21e-07	6.07e-05	4.21e-03	6.08e-02	1.71e-01	3.19e-01	2.83e-01	9.89e-02	3.22e-02	2.87e-02	2.20e-03	5.55e-05
 1.24171e+22	1.98e-25	1.16e-13	3.86e-11	1.17e-09	1.60e-08	1.82e-07	8.32e-05	5.40e-03	7.27e-02	1.89e-01	3.25e-01	2.70e-01	8.74e-02	2.67e-02	2.22e-02	1.55e-03	3.56e-05
 1.27399e+22	2.61e-25	1.48e-13	4.80e-11	1.42e-09	1.88e-08	2.08e-07	9.21e-05	5.86e-03	7.69e-02	1.95e-01	3.27e-01	2.65e-01	8.38e-02	2.50e-02	2.04e-02	1.38e-03	3.08e-05
 1.29234e+22	3.78e-25	2.06e-13	6.46e-11	1.83e-09	2.33e-08	2.48e-07	1.05e-04	6.51e-03	8.29e-02	2.02e-01	3.28e-01	2.58e-01	7.91e-02	2.30e-02	1.82e-02	1.18e-03	2.52e-05
 1.31080e+22	5.02e-25	2.67e-13	8.13e-11	2.22e-09	2.74e-08	2.85e-07	1.17e-04	7.06e-03	8.77e-02	2.08e-01	3.29e-01	2.53e-01	7.56e-02	2.15e-02	1.66e-02	1.05e-03	2.16e-05
 1.32941e+22	7.14e-25	3.69e-13	1.08e-10	2.85e-09	3.37e-08	3.38e-07	1.33e-04	7.81e-03	9.40e-02	2.16e-01	3.29e-01	2.47e-01	7.12e-02	1.97e-02	1.48e-02	8.94e-04	1.78e-05
 1.34859e+22	9.83e-25	4.94e-13	1.40e-10	3.55e-09	4.06e-08	3.94e-07	1.50e-04	8.54e-03	9.99e-02	2.22e-01	3.29e-01	2.40e-01	6.75e-02	1.82e-02	1.33e-02	7.77e-04	1.49e-05
 1.36549e+22	1.31e-24	6.46e-13	1.77e-10	4.34e-09	4.81e-08	4.54e-07	1.66e-04	9.27e-03	1.06e-01	2.28e-01	3.28e-01	2.35e-01	6.42e-02	1.69e-02	1.21e-02	6.81e-04	1.26e-05
 1.38445e+22	2.03e-24	9.27e-13	2.43e-10	5.68e-09	6.02e-08	5.47e-07	1.91e-04	1.03e-02	1.13e-01	2.36e-01	3.27e-01	2.27e-01	5.99e-02	1.54e-02	1.06e-02	5.71e-04	1.01e-05
 1.40360e+22	2.71e-24	1.22e-12	3.10e-10	6.99e-09	7.17e-08	6.33e-07	2.14e-04	1.12e-02	1.20e-01	2.41e-01	3.25e-01	2.21e-01	5.67e-02	1.42e-02	9.60e-03	4.97e-04	8.49e-06
 1.42300e+22	3.98e-24	1.77e-12	4.28e-10	9.22e-09	9.04e-08	7.70e-07	2.47e-04	1.25e-02	1.29e-01	2.49e-01	3.23e-01	2.13e-01	5.26e-02	1.28e-02	8.36e-03	4.13e-04	6.72e-06
 1.44262e+22	5.37e-24	2.37e-12	5.52e-10	1.15e-08	1.09e-07	8.99e-07	2.78e-04	1.37e-02	1.36e-01	2.55e-01	3.20e-01	2.06e-01	4.95e-02	1.18e-02	7.48e-03	3.55e-04	5.57e-06
 1.46254e+22	7.96e-24	3.51e-12	7.75e-10	1.53e-08	1.39e-07	1.11e-06	3.24e-04	1.54e-02	1.46e-01	2.62e-01	3.16e-01	1.97e-01	4.56e-02	1.05e-02	6.44e-03	2.91e-04	4.33e-06
 1.48264e+22	1.08e-23	4.77e-12	1.01e-09	1.93e-08	1.69e-07	1.30e-06	3.67e-04	1.69e-02	1.55e-01	2.67e-01	3.12e-01	1.90e-01	4.26e-02	9.64e-03	5.72e-03	2.48e-04	3.55e-06
 1.50298e+22	1.59e-23	7.14e-12	1.43e-09	2.60e-08	2.18e-07	1.62e-06	4.32e-04	1.90e-02	1.67e-01	2.74e-01	3.07e-01	1.81e-01	3.89e-02	8.54e-03	4.87e-03	2.00e-04	2.71e-06
 1.52228e+22	2.06e-23	9.36e-12	1.81e-09	3.18e-08	2.59e-07	1.88e-06	4.82e-04	2.07e-02	1.75e-01	2.78e-01	3.03e-01	1.75e-01	3.66e-02	7.86e-03	4.36e-03	1.73e-04	2.26e-06
 1.54022e+22	2.89e-23	1.35e-11	2.47e-09	4.17e-08	3.27e-07	2.31e-06	5.61e-04	2.31e-02	1.86e-01	2.83e-01	2.96e-01	1.66e-01	3.35e-02	7.02e-03	3.76e-03	1.42e-04	1.77e-06
 1.55854e+22	3.76e-23	1.79e-11	3.15e-09	5.17e-08	3.95e-07	2.71e-06	6.33e-04	2.52e-02	1.96e-01	2.87e-01	2.91e-01	1.60e-01	3.12e-02	6.41e-03	3.33e-03	1.21e-04	1.45e-06
 1.57660e+22	5.12e-23	2.55e-11	4.26e-09	6.74e-08	4.98e-07	3.32e-06	7.37e-04	2.82e-02	2.08e-01	2.91e-01	2.84e-01	1.51e-01	2.85e-02	5.71e-03	2.86e-03	9.86e-05	1.13e-06
 1.59505e+22	6.63e-23	3.44e-11	5.52e-09	8.47e-08	6.09e-07	3.97e-06	8.41e-04	3.10e-02	2.19e-01	2.94e-01	2.77e-01	1.44e-01	2.63e-02	5.15e-03	2.50e-03	8.26e-05	9.03e-07
 1.61271e+22	8.61e-23	4.72e-11	7.24e-09	1.08e-07	7.55e-07	4.81e-06	9.71e-04	3.43e-02	2.31e-01	2.97e-01	2.69e-01	1.37e-01	2.41e-02	4.61e-03	2.16e-03	6.81e-05	7.12e-07
 1.63064e+22	1.10e-22	6.39e-11	9.39e-09	1.37e-07	9.31e-07	5.80e-06	1.12e-03	3.80e-02	2.43e-01	2.99e-01	2.62e-01	1.29e-01	2.20e-02	4.12e-03	1.87e-03	5.63e-05	5.63e-07
 1.64815e+22	1.39e-22	8.57e-11	1.21e-08	1.72e-07	1.14e-06	6.99e-06	1.28e-03	4.19e-02	2.55e-01	3.00e-01	2.54e-01	1.22e-01	2.01e-02	3.68e-03	1.61e-03	4.65e-05	4.45e-07
 1.66540e+22	1.73e-22	1.14e-10	1.54e-08	2.15e-07	1.40e-06	8.41e-06	1.47e-03	4.62e-02	2.67e-01	3.01e-01	2.45e-01	1.15e-01	1.84e-02	3.28e-03	1.39e-03	3.84e-05	3.52e-07
 1.68244e+22	2.13e-22	1.49e-10	1.96e-08	2.69e-07	1.72e-06	1.01e-05	1.69e-03	5.09e-02	2.80e-01	3.02e-01	2.37e-01	1.08e-01	1.67e-02	2.92e-03	1.20e-03	3.17e-05	2.78e-07
 1.69934e+22	2.59e-22	1.94e-10	2.46e-08	3.33e-07	2.09e-06	1.21e-05	1.93e-03	5.60e-02	2.92e-01	3.01e-01	2.28e-01	1.02e-01	1.52e-02	2.60e-03	1.03e-03	2.62e-05	2.20e-07
 1.71624e+22	3.13e-22	2.51e-10	3.08e-08	4.13e-07	2.54e-06	1.45e-05	2.21e-03	6.15e-02	3.04e-01	3.01e-01	2.19e-01	9.51e-02	1.37e-02	2.31e-03	8.88e-04	2.15e-05	1.73e-07
 1.73320e+22	3.75e-22	3.21e-10	3.83e-08	5.09e-07	3.09e-06	1.74e-05	2.52e-03	6.75e-02	3.17e-01	2.99e-01	2.10e-01	8.88e-02	1.24e-02	2.04e-03	7.61e-04	1.76e-05	1.36e-07
 1.75024e+22	4.47e-22	4.09e-10	4.75e-08	6.27e-07	3.75e-06	2.09e-05	2.88e-03	7.39e-02	3.29e-01	2.97e-01	2.01e-01	8.26e-02	1.12e-02	1.80e-03	6.50e-04	1.44e-05	0.00e+00
 1.76744e+22	5.29e-22	5.16e-10	5.86e-08	7.70e-07	4.54e-06	2.50e-05	3.29e-03	8.09e-02	3.41e-01	2.94e-01	1.92e-01	7.66e-02	1.00e-02	1.58e-03	5.53e-04	1.17e-05	0.00e+00
 1.78488e+22	6.26e-22	6.48e-10	7.21e-08	9.45e-07	5.49e-06	2.99e-05	3.76e-03	8.84e-02	3.53e-01	2.91e-01	1.82e-01	7.08e-02	8.99e-03	1.38e-03	4.69e-04	9.51e-06	0.00e+00
 1.80261e+22	7.38e-22	8.08e-10	8.84e-08	1.16e-06	6.65e-06	3.58e-05	4.28e-03	9.66e-02	3.65e-01	2.87e-01	1.73e-01	6.52e-02	8.02e-03	1.20e-03	3.96e-04	7.68e-06	0.00e+00
 1.82046e+22	8.51e-22	9.97e-10	1.07e-07	1.41e-06	7.99e-06	4.27e-05	4.87e-03	1.05e-01	3.75e-01	2.82e-01	1.64e-01	6.00e-02	7.14e-03	1.05e-03	3.34e-04	6.20e-06	0.00e+00
 1.83871e+22	1.00e-21	1.23e-09	1.31e-07	1.72e-06	9.66e-06	5.12e-05	5.55e-03	1.14e-01	3.86e-01	2.77e-01	1.54e-01	5.48e-02	6.32e-03	9.03e-04	2.79e-04	4.95e-06	0.00e+00
 1.85708e+22	1.18e-21	1.49e-09	1.58e-07	2.08e-06	1.15e-05	6.08e-05	6.27e-03	1.24e-01	3.96e-01	2.72e-01	1.45e-01	5.02e-02	5.60e-03	7.83e-04	2.35e-04	3.99e-06	0.00e+00
 1.87595e+22	1.40e-21	1.83e-09	1.92e-07	2.54e-06	1.40e-05	7.30e-05	7.14e-03	1.35e-01	4.06e-01	2.65e-01	1.36e-01	4.55e-02	4.91e-03	6.69e-04	1.94e-04	3.15e-06	0.00e+00
 1.89364e+22	1.60e-21	2.13e-09	2.23e-07	2.96e-06	1.62e-05	8.41e-05	7.90e-03	1.43e-01	4.13e-01	2.60e-01	1.29e-01	4.20e-02	4.42e-03	5.89e-04	1.67e-04	2.61e-06	0.00e+00
 1.91169e+22	1.90e-21	2.58e-09	2.70e-07	3.61e-06	1.95e-05	1.01e-04	9.00e-03	1.55e-01	4.21e-01	2.52e-01	1.20e-01	3.78e-02	3.84e-03	4.99e-04	1.37e-04	2.03e-06	0.00e+00
 1.92991e+22	2.20e-21	2.99e-09	3.12e-07	4.19e-06	2.25e-05	1.16e-04	9.89e-03	1.65e-01	4.27e-01	2.47e-01	1.13e-01	3.48e-02	3.46e-03	4.39e-04	1.18e-04	1.69e-06	0.00e+00
 1.94837e+22	2.62e-21	3.59e-09	3.75e-07	5.08e-06	2.70e-05	1.38e-04	1.12e-02	1.77e-01	4.33e-01	2.39e-01	1.05e-01	3.12e-02	2.99e-03	3.70e-04	9.62e-05	1.31e-06	0.00e+00
 1.96728e+22	3.05e-21	4.14e-09	4.34e-07	5.91e-06	3.11e-05	1.59e-04	1.23e-02	1.88e-01	4.38e-01	2.32e-01	9.83e-02	2.86e-02	2.67e-03	3.23e-04	8.20e-05	1.08e-06	0.00e+00
 1.98680e+22	3.67e-21	4.95e-09	5.22e-07	7.17e-06	3.73e-05	1.90e-04	1.40e-02	2.02e-01	4.42e-01	2.23e-01	9.03e-02	2.54e-02	2.29e-03	2.69e-04	6.62e-05	8.27e-07	0.00e+00
 2.00663e+22	4.30e-21	5.70e-09	6.03e-07	8.32e-06	4.29e-05	2.18e-04	1.53e-02	2.13e-01	4.45e-01	2.16e-01	8.46e-02	2.31e-02	2.04e-03	2.34e-04	5.62e-05	6.75e-07	0.00e+00
 2.02688e+22	5.20e-21	6.77e-09	7.24e-07	1.01e-05	5.14e-05	2.61e-04	1.73e-02	2.28e-01	4.48e-01	2.07e-01	7.73e-02	2.04e-02	1.74e-03	1.94e-04	4.50e-05	5.14e-07	0.00e+00
 2.04727e+22	6.09e-21	7.75e-09	8.34e-07	1.16e-05	5.89e-05	2.97e-04	1.89e-02	2.39e-01	4.49e-01	2.00e-01	7.21e-02	1.86e-02	1.54e-03	1.68e-04	3.81e-05	4.19e-07	0.00e+00
 2.06786e+22	7.38e-21	9.14e-09	9.97e-07	1.40e-05	7.02e-05	3.54e-04	2.13e-02	2.54e-01	4.50e-01	1.91e-01	6.56e-02	1.63e-02	1.31e-03	1.38e-04	3.04e-05	3.18e-07	0.00e+00
 2.08868e+22	8.66e-21	1.04e-08	1.15e-06	1.62e-05	8.01e-05	4.03e-04	2.32e-02	2.66e-01	4.50e-01	1.84e-01	6.10e-02	1.48e-02	1.15e-03	1.19e-04	2.57e-05	2.58e-07	0.00e+00
 2.10980e+22	1.06e-20	1.23e-08	1.37e-06	1.94e-05	9.52e-05	4.77e-04	2.59e-02	2.82e-01	4.48e-01	1.74e-01	5.53e-02	1.29e-02	9.76e-04	9.79e-05	2.04e-05	1.95e-07	0.00e+00
 2.13127e+22	1.24e-20	1.40e-08	1.58e-06	2.24e-05	1.09e-04	5.43e-04	2.82e-02	2.94e-01	4.46e-01	1.67e-01	5.12e-02	1.17e-02	8.56e-04	8.39e-05	1.71e-05	1.57e-07	0.00e+00
 2.15320e+22	1.52e-20	1.65e-08	1.88e-06	2.70e-05	1.29e-04	6.43e-04	3.15e-02	3.10e-01	4.43e-01	1.58e-01	4.61e-02	1.01e-02	7.19e-04	6.84e-05	1.35e-05	1.18e-07	0.00e+00
 2.17553e+22	1.81e-20	1.89e-08	2.17e-06	3.12e-05	1.47e-04	7.32e-04	3.42e-02	3.23e-01	4.39e-01	1.51e-01	4.25e-02	9.08e-03	6.27e-04	5.82e-05	1.12e-05	0.00e+00	0.00e+00
 2.19837e+22	2.23e-20	2.23e-08	2.61e-06	3.75e-05	1.74e-04	8.67e-04	3.81e-02	3.39e-01	4.34e-01	1.41e-01	3.81e-02	7.84e-03	5.23e-04	4.71e-05	8.79e-06	0.00e+00	0.00e+00
 2.22172e+22	2.66e-20	2.56e-08	3.02e-06	4.34e-05	1.99e-04	9.87e-04	4.14e-02	3.52e-01	4.29e-01	1.34e-01	3.49e-02	6.98e-03	4.52e-04	3.98e-05	7.24e-06	0.00e+00	0.00e+00
 2.24139e+22	3.11e-20	2.89e-08	3.44e-06	4.94e-05	2.24e-04	1.11e-03	4.45e-02	3.63e-01	4.24e-01	1.28e-01	3.22e-02	6.29e-03	3.98e-04	3.42e-05	6.09e-06	0.00e+00	0.00e+00
 2.26263e+22	3.76e-20	3.35e-08	4.04e-06	5.83e-05	2.60e-04	1.29e-03	4.89e-02	3.78e-01	4.16e-01	1.20e-01	2.89e-02	5.47e-03	3.35e-04	2.80e-05	4.84e-06	0.00e+00	0.00e+00
 2.28396e+22	4.44e-20	3.80e-08	4.61e-06	6.62e-05	2.91e-04	1.43e-03	5.23e-02	3.89e-01	4.11e-01	1.15e-01	2.67e-02	4.93e-03	2.95e-04	2.41e-05	4.08e-06	0.00e+00	0.00e+00
 2.30541e+22	5.40e-20	4.42e-08	5.43e-06	7.80e-05	3.38e-04	1.66e-03	5.72e-02	4.03e-01	4.02e-01	1.08e-01	2.40e-02	4.28e-03	2.48e-04	1.97e-05	3.25e-06	0.00e+00	0.00e+00
 2.32670e+22	6.34e-20	4.99e-08	6.17e-06	8.81e-05	3.76e-04	1.84e-03	6.09e-02	4.13e-01	3.96e-01	1.02e-01	2.22e-02	3.86e-03	2.18e-04	1.70e-05	2.74e-06	0.00e+00	0.00e+00
 2.34778e+22	7.70e-20	5.80e-08	7.24e-06	1.03e-04	4.32e-04	2.11e-03	6.62e-02	4.26e-01	3.86e-01	9.58e-02	1.99e-02	3.36e-03	1.84e-04	1.40e-05	2.19e-06	0.00e+00	0.00e+00
 2.36911e+22	9.10e-20	6.58e-08	8.24e-06	1.17e-04	4.82e-04	2.34e-03	7.04e-02	4.35e-01	3.79e-01	9.10e-02	1.83e-02	3.01e-03	1.61e-04	1.20e-05	1.84e-06	0.00e+00	0.00e+00
 2.39076e+22	1.12e-19	7.71e-08	9.72e-06	1.37e-04	5.53e-04	2.68e-03	7.63e-02	4.47e-01	3.69e-01	8.49e-02	1.64e-02	2.62e-03	1.36e-04	9.85e-06	1.47e-06	0.00e+00	0.00e+00
 2.41282e+22	1.33e-19	8.78e-08	1.11e-05	1.55e-04	6.18e-04	2.98e-03	8.12e-02	4.56e-01	3.61e-01	8.01e-02	1.50e-02	2.33e-03	1.18e-04	8.38e-06	1.22e-06	0.00e+00	0.00e+00
 2.43539e+22	1.66e-19	1.04e-07	1.32e-05	1.83e-04	7.11e-04	3.41e-03	8.79e-02	4.68e-01	3.50e-01	7.44e-02	1.34e-02	2.01e-03	9.85e-05	6.81e-06	9.62e-07	0.00e+00	0.00e+00
 2.45824e+22	1.98e-19	1.19e-07	1.52e-05	2.08e-04	7.94e-04	3.79e-03	9.35e-02	4.76e-01	3.41e-01	7.00e-02	1.22e-02	1.78e-03	8.53e-05	5.77e-06	7.97e-07	0.00e+00	0.00e+00
 2.48146e+22	2.49e-19	1.42e-07	1.81e-05	2.45e-04	9.13e-04	4.34e-03	1.01e-01	4.87e-01	3.30e-01	6.47e-02	1.08e-02	1.53e-03	7.08e-05	4.66e-06	6.25e-07	0.00e+00	0.00e+00
 2.50510e+22	3.03e-19	1.64e-07	2.09e-05	2.80e-04	1.02e-03	4.83e-03	1.07e-01	4.94e-01	3.20e-01	6.07e-02	9.79e-03	1.35e-03	6.09e-05	3.93e-06	5.14e-07	0.00e+00	0.00e+00
 2.52931e+22	3.84e-19	1.97e-07	2.51e-05	3.32e-04	1.18e-03	5.55e-03	1.16e-01	5.04e-01	3.08e-01	5.56e-02	8.59e-03	1.14e-03	4.99e-05	3.13e-06	3.96e-07	0.00e+00	0.00e+00
 2.55376e+22	4.74e-19	2.30e-07	2.91e-05	3.80e-04	1.32e-03	6.14e-03	1.23e-01	5.10e-01	2.98e-01	5.21e-02	7.79e-03	1.01e-03	4.29e-05	2.64e-06	3.26e-07	0.00e+00	0.00e+00
 2.57852e+22	6.06e-19	2.78e-07	3.51e-05	4.51e-04	1.52e-03	7.07e-03	1.32e-01	5.18e-01	2.85e-01	4.75e-02	6.80e-03	8.51e-04	3.49e-05	2.09e-06	2.50e-07	0.00e+00	0.00e+00
 2.60378e+22	7.58e-19	3.28e-07	4.11e-05	5.19e-04	1.71e-03	7.83e-03	1.40e-01	5.23e-01	2.75e-01	4.43e-02	6.13e-03	7.46e-04	2.98e-05	1.74e-06	2.04e-07	0.00e+00	0.00e+00
 2.62968e+22	9.88e-19	4.02e-07	5.00e-05	6.20e-04	1.98e-03	9.01e-03	1.51e-01	5.29e-01	2.62e-01	4.01e-02	5.30e-03	6.23e-04	2.40e-05	1.36e-06	1.54e-07	0.00e+00	0.00e+00
 2.65579e+22	1.25e-18	4.77e-07	5.87e-05	7.13e-04	2.21e-03	9.98e-03	1.59e-01	5.33e-01	2.52e-01	3.72e-02	4.76e-03	5.44e-04	2.04e-05	1.14e-06	0.00e+00	0.00e+00	0.00e+00
 2.68220e+22	1.65e-18	5.90e-07	7.18e-05	8.54e-04	2.56e-03	1.15e-02	1.71e-01	5.37e-01	2.39e-01	3.36e-02	4.10e-03	4.52e-04	1.63e-05	8.84e-07	0.00e+00	0.00e+00	0.00e+00
 2.70733e+22	2.03e-18	6.89e-07	8.30e-05	9.69e-04	2.83e-03	1.26e-02	1.80e-01	5.39e-01	2.29e-01	3.12e-02	3.70e-03	3.97e-04	1.40e-05	7.43e-07	0.00e+00	0.00e+00	0.00e+00
 2.73081e+22	2.62e-18	8.35e-07	9.91e-05	1.13e-03	3.20e-03	1.40e-02	1.90e-01	5.41e-01	2.19e-01	2.86e-02	3.27e-03	3.40e-04	1.16e-05	6.03e-07	0.00e+00	0.00e+00	0.00e+00
 2.75590e+22	3.34e-18	9.99e-07	1.17e-04	1.30e-03	3.59e-03	1.56e-02	2.00e-01	5.41e-01	2.09e-01	2.63e-02	2.90e-03	2.93e-04	9.75e-06	4.95e-07	0.00e+00	0.00e+00	0.00e+00
 2.77927e+22	3.83e-18	1.19e-06	1.37e-04	1.49e-03	4.00e-03	1.72e-02	2.10e-01	5.41e-01	1.99e-01	2.42e-02	2.59e-03	2.54e-04	8.23e-06	4.09e-07	0.00e+00	0.00e+00	0.00e+00
 2.80122e+22	4.73e-18	1.39e-06	1.58e-04	1.69e-03	4.41e-03	1.88e-02	2.19e-01	5.40e-01	1.91e-01	2.24e-02	2.32e-03	2.23e-04	7.04e-06	3.43e-07	0.00e+00	0.00e+00	0.00e+00
 2.82197e+22	5.84e-18	1.63e-06	1.82e-04	1.91e-03	4.86e-03	2.05e-02	2.28e-01	5.39e-01	1.82e-01	2.08e-02	2.09e-03	1.96e-04	6.03e-06	2.88e-07	0.00e+00	0.00e+00	0.00e+00
 2.84582e+22	7.71e-18	2.00e-06	2.19e-04	2.24e-03	5.49e-03	2.28e-02	2.40e-01	5.36e-01	1.72e-01	1.88e-02	1.82e-03	1.65e-04	4.94e-06	2.31e-07	0.00e+00	0.00e+00	0.00e+00
 2.87002e+22	9.67e-18	2.37e-06	2.54e-04	2.53e-03	6.05e-03	2.48e-02	2.50e-01	5.33e-01	1.64e-01	1.74e-02	1.64e-03	1.44e-04	4.21e-06	1.93e-07	0.00e+00	0.00e+00	0.00e+00
 2.89468e+22	1.29e-17	2.93e-06	3.07e-04	2.97e-03	6.83e-03	2.76e-02	2.62e-01	5.28e-01	1.54e-01	1.57e-02	1.42e-03	1.22e-04	3.44e-06	1.54e-07	0.00e+00	0.00e+00	0.00e+00
 2.91996e+22	1.67e-17	3.51e-06	3.60e-04	3.40e-03	7.58e-03	3.03e-02	2.73e-01	5.24e-01	1.46e-01	1.44e-02	1.26e-03	1.04e-04	2.88e-06	1.26e-07	0.00e+00	0.00e+00	0.00e+00
 2.94235e+22	2.11e-17	4.17e-06	4.19e-04	3.86e-03	8.36e-03	3.30e-02	2.83e-01	5.18e-01	1.38e-01	1.32e-02	1.12e-03	9.04e-05	2.43e-06	0.00e+00	0.00e+00	0.00e+00	0.00e+00
 2.96775e+22	2.87e-17	5.20e-06	5.08e-04	4.53e-03	9.44e-03	3.66e-02	2.96e-01	5.11e-01	1.29e-01	1.18e-02	9.64e-04	7.56e-05	1.97e-06	0.00e+00	0.00e+00	0.00e+00	0.00e+00
 2.99430e+22	3.80e-17	6.33e-06	6.03e-04	5.22e-03	1.05e-02	4.01e-02	3.08e-01	5.03e-01	1.21e-01	1.07e-02	8.43e-04	6.41e-05	1.62e-06	0.00e+00	0.00e+00	0.00e+00	0.00e+00
 3.01838e+22	4.94e-17	7.64e-06	7.09e-04	5.97e-03	1.16e-02	4.38e-02	3.18e-01	4.95e-01	1.14e-01	9.68e-03	7.41e-04	5.48e-05	1.35e-06	0.00e+00	0.00e+00	0.00e+00	0.00e+00
 3.04570e+22	6.93e-17	9.71e-06	8.71e-04	7.07e-03	1.32e-02	4.87e-02	3.32e-01	4.84e-01	1.05e-01	8.55e-03	6.29e-04	4.49e-05	1.07e-06	0.00e+00	0.00e+00	0.00e+00	0.00e+00
 3.07376e+22	9.38e-17	1.19e-05	1.04e-03	8.17e-03	1.47e-02	5.33e-02	3.43e-01	4.74e-01	9.78e-02	7.66e-03	5.44e-04	3.77e-05	8.72e-07	0.00e+00	0.00e+00	0.00e+00	0.00e+00
 3.09866e+22	1.24e-16	1.45e-05	1.23e-03	9.35e-03	1.63e-02	5.80e-02	3.54e-01	4.63e-01	9.11e-02	6.89e-03	4.73e-04	3.19e-05	7.19e-07	0.00e+00	0.00e+00	0.00e+00	0.00e+00
 3.12692e+22	1.78e-16	1.86e-05	1.52e-03	1.11e-02	1.84e-02	6.42e-02	3.66e-01	4.49e-01	8.32e-02	6.02e-03	3.97e-04	2.58e-05	5.62e-07	0.00e+00	0.00e+00	0.00e+00	0.00e+00
 3.15609e+22	2.47e-16	2.30e-05	1.82e-03	1.28e-02	2.05e-02	7.02e-02	3.77e-01	4.35e-01	7.66e-02	5.34e-03	3.39e-04	2.14e-05	4.52e-07	0.00e+00	0.00e+00	0.00e+00	0.00e+00
 3.18219e+22	3.34e-16	2.83e-05	2.16e-03	1.47e-02	2.27e-02	7.61e-02	3.87e-01	4.22e-01	7.07e-02	4.75e-03	2.92e-04	1.78e-05	3.67e-07	0.00e+00	0.00e+00	0.00e+00	0.00e+00
 3.21191e+22	4.95e-16	3.66e-05	2.68e-03	1.75e-02	2.58e-02	8.41e-02	3.98e-01	4.04e-01	6.36e-02	4.09e-03	2.41e-04	1.42e-05	2.81e-07	0.00e+00	0.00e+00	0.00e+00	0.00e+00
 3.24195e+22	7.05e-16	4.54e-05	3.21e-03	2.02e-02	2.85e-02	9.13e-02	4.06e-01	3.89e-01	5.80e-02	3.59e-03	2.04e-04	1.16e-05	2.24e-07	0.00e+00	0.00e+00	0.00e+00	0.00e+00
 3.26825e+22	9.55e-16	5.58e-05	3.81e-03	2.31e-02	3.14e-02	9.83e-02	4.13e-01	3.74e-01	5.30e-02	3.17e-03	1.74e-04	9.61e-06	1.80e-07	0.00e+00	0.00e+00	0.00e+00	0.00e+00
 3.29827e+22	1.47e-15	7.22e-05	4.72e-03	2.73e-02	3.54e-02	1.08e-01	4.21e-01	3.54e-01	4.72e-02	2.70e-03	1.42e-04	7.56e-06	1.37e-07	0.00e+00	0.00e+00	0.00e+00	0.00e+00
 3.32900e+22	2.19e-15	8.98e-05	5.65e-03	3.15e-02	3.90e-02	1.16e-01	4.26e-01	3.37e-01	4.25e-02	2.34e-03	1.19e-04	6.12e-06	0.00e+00	0.00e+00	0.00e+00	0.00e+00	0.00e+00
 3.35635e+22	3.08e-15	1.11e-04	6.71e-03	3.59e-02	4.28e-02	1.24e-01	4.30e-01	3.20e-01	3.84e-02	2.04e-03	9.99e-05	4.98e-06	0.00e+00	0.00e+00	0.00e+00	0.00e+00	0.00e+00
 3.38761e+22	4.88e-15	1.44e-04	8.31e-03	4.24e-02	4.80e-02	1.35e-01	4.33e-01	2.98e-01	3.35e-02	1.70e-03	7.99e-05	3.83e-06	0.00e+00	0.00e+00	0.00e+00	0.00e+00	0.00e+00
 3.41958e+22	7.81e-15	1.80e-04	9.95e-03	4.86e-02	5.26e-02	1.44e-01	4.34e-01	2.80e-01	2.97e-02	1.45e-03	6.56e-05	3.04e-06	0.00e+00	0.00e+00	0.00e+00	0.00e+00	0.00e+00
 3.44785e+22	1.16e-14	2.21e-04	1.18e-02	5.52e-02	5.74e-02	1.53e-01	4.33e-01	2.62e-01	2.64e-02	1.24e-03	5.43e-05	2.44e-06	0.00e+00	0.00e+00	0.00e+00	0.00e+00	0.00e+00
 3.47547e+22	1.71e-14	2.71e-04	1.39e-02	6.23e-02	6.22e-02	1.62e-01	4.30e-01	2.45e-01	2.34e-02	1.07e-03	4.50e-05	1.96e-06	0.00e+00	0.00e+00	0.00e+00	0.00e+00	0.00e+00
 3.50687e+22	2.87e-14	3.48e-04	1.69e-02	7.23e-02	6.85e-02	1.72e-01	4.25e-01	2.24e-01	2.01e-02	8.76e-04	3.53e-05	1.48e-06	0.00e+00	0.00e+00	0.00e+00	0.00e+00	0.00e+00
 3.53862e+22	5.30e-14	4.28e-04	1.99e-02	8.15e-02	7.40e-02	1.81e-01	4.19e-01	2.07e-01	1.75e-02	7.38e-04	2.87e-05	1.16e-06	0.00e+00	0.00e+00	0.00e+00	0.00e+00	0.00e+00
 3.56622e+22	8.08e-14	5.18e-04	2.32e-02	9.10e-02	7.93e-02	1.88e-01	4.11e-01	1.91e-01	1.54e-02	6.25e-04	2.35e-05	9.22e-07	0.00e+00	0.00e+00	0.00e+00	0.00e+00	0.00e+00
 3.59749e+22	1.46e-13	6.57e-04	2.80e-02	1.04e-01	8.61e-02	1.97e-01	3.99e-01	1.71e-01	1.29e-02	5.05e-04	1.82e-05	6.86e-07	0.00e+00	0.00e+00	0.00e+00	0.00e+00	0.00e+00
 3.62834e+22	2.63e-13	7.89e-04	3.23e-02	1.15e-01	9.15e-02	2.04e-01	3.89e-01	1.57e-01	1.12e-02	4.25e-04	1.48e-05	5.41e-07	0.00e+00	0.00e+00	0.00e+00	0.00e+00	0.00e+00
 3.65462e+22	4.47e-13	9.40e-04	3.70e-02	1.26e-01	9.66e-02	2.09e-01	3.77e-01	1.43e-01	9.77e-03	3.58e-04	1.20e-05	4.27e-07	0.00e+00	0.00e+00	0.00e+00	0.00e+00	0.00e+00
 3.68479e+22	1.01e-12	1.16e-03	4.36e-02	1.41e-01	1.03e-01	2.15e-01	3.61e-01	1.27e-01	8.15e-03	2.87e-04	9.25e-06	3.17e-07	0.00e+00	0.00e+00	0.00e+00	0.00e+00	0.00e+00
 3.71563e+22	2.39e-12	1.39e-03	4.99e-02	1.55e-01	1.08e-01	2.19e-01	3.46e-01	1.14e-01	6.95e-03	2.37e-04	7.37e-06	2.45e-07	0.00e+00	0.00e+00	0.00e+00	0.00e+00	0.00e+00
 3.74027e+22	5.80e-12	1.59e-03	5.53e-02	1.66e-01	1.12e-01	2.21e-01	3.33e-01	1.04e-01	6.12e-03	2.04e-04	6.15e-06	1.99e-07	0.00e+00	0.00e+00	0.00e+00	0.00e+00	0.00e+00
 3.76523e+22	1.63e-11	1.88e-03	6.27e-02	1.80e-01	1.17e-01	2.23e-01	3.17e-01	9.32e-02	5.18e-03	1.67e-04	4.87e-06	1.53e-07	0.00e+00	0.00e+00	0.00e+00	0.00e+00	0.00e+00
 3.79064e+22	3.82e-11	2.16e-03	6.93e-02	1.91e-01	1.20e-01	2.24e-01	3.03e-01	8.45e-02	4.51e-03	1.42e-04	4.01e-06	0.00e+00	0.00e+00	0.00e+00	0.00e+00	0.00e+00	0.00e+00
 3.81661e+22	1.39e-10	2.54e-03	7.82e-02	2.06e-01	1.25e-01	2.25e-01	2.86e-01	7.45e-02	3.77e-03	1.15e-04	3.14e-06	0.00e+00	0.00e+00	0.00e+00	0.00e+00	0.00e+00	0.00e+00
 3.84287e+22	4.21e-10	2.90e-03	8.62e-02	2.18e-01	1.28e-01	2.24e-01	2.71e-01	6.69e-02	3.24e-03	9.63e-05	2.55e-06	0.00e+00	0.00e+00	0.00e+00	0.00e+00	0.00e+00	0.00e+00
 3.86598e+22	2.90e-09	3.29e-03	9.43e-02	2.30e-01	1.30e-01	2.22e-01	2.57e-01	6.00e-02	2.79e-03	8.09e-05	2.08e-06	0.00e+00	0.00e+00	0.00e+00	0.00e+00	0.00e+00	0.00e+00
 3.89250e+22	1.56e-08	3.85e-03	1.06e-01	2.46e-01	1.33e-01	2.20e-01	2.38e-01	5.19e-02	2.28e-03	6.43e-05	1.59e-06	0.00e+00	0.00e+00	0.00e+00	0.00e+00	0.00e+00	0.00e+00
 3.91924e+22	1.76e-07	4.35e-03	1.15e-01	2.57e-01	1.35e-01	2.16e-01	2.24e-01	4.62e-02	1.95e-03	5.34e-05	1.28e-06	0.00e+00	0.00e+00	0.00e+00	0.00e+00	0.00e+00	0.00e+00
 3.94626e+22	5.56e-07	5.07e-03	1.28e-01	2.72e-01	1.37e-01	2.11e-01	2.05e-01	3.94e-02	1.57e-03	4.18e-05	9.63e-07	0.00e+00	0.00e+00	0.00e+00	0.00e+00	0.00e+00	0.00e+00
 3.97343e+22	9.03e-07	5.69e-03	1.39e-01	2.84e-01	1.38e-01	2.07e-01	1.91e-01	3.48e-02	1.33e-03	3.45e-05	7.69e-07	0.00e+00	0.00e+00	0.00e+00	0.00e+00	0.00e+00	0.00e+00
 4.00081e+22	1.29e-06	6.57e-03	1.53e-01	2.97e-01	1.39e-01	2.00e-01	1.74e-01	2.95e-02	1.07e-03	2.69e-05	5.75e-07	0.00e+00	0.00e+00	0.00e+00	0.00e+00	0.00e+00	0.00e+00
 4.02874e+22	1.68e-06	7.37e-03	1.65e-01	3.08e-01	1.39e-01	1.94e-01	1.61e-01	2.56e-02	8.87e-04	2.18e-05	4.52e-07	0.00e+00	0.00e+00	0.00e+00	0.00e+00	0.00e+00	0.00e+00
 4.05740e+22	2.23e-06	8.49e-03	1.81e-01	3.20e-01	1.38e-01	1.86e-01	1.44e-01	2.14e-02	6.98e-04	1.66e-05	3.30e-07	0.00e+00	0.00e+00	0.00e+00	0.00e+00	0.00e+00	0.00e+00
 4.08639e+22	2.80e-06	9.49e-03	1.95e-01	3.29e-01	1.37e-01	1.79e-01	1.32e-01	1.84e-02	5.75e-04	1.33e-05	2.56e-07	0.00e+00	0.00e+00	0.00e+00	0.00e+00	0.00e+00	0.00e+00
 4.11583e+22	3.64e-06	1.09e-02	2.13e-01	3.39e-01	1.35e-01	1.69e-01	1.17e-01	1.51e-02	4.45e-04	1.00e-05	1.84e-07	0.00e+00	0.00e+00	0.00e+00	0.00e+00	0.00e+00	0.00e+00
 4.14554e+22	4.46e-06	1.21e-02	2.27e-01	3.46e-01	1.34e-01	1.61e-01	1.06e-01	1.29e-02	3.63e-04	7.97e-06	1.41e-07	0.00e+00	0.00e+00	0.00e+00	0.00e+00	0.00e+00	0.00e+00
 4.17560e+22	5.72e-06	1.38e-02	2.46e-01	3.54e-01	1.31e-01	1.52e-01	9.36e-02	1.05e-02	2.80e-04	5.96e-06	0.00e+00	0.00e+00	0.00e+00	0.00e+00	0.00e+00	0.00e+00	0.00e+00
 4.20662e+22	7.00e-06	1.54e-02	2.62e-01	3.59e-01	1.28e-01	1.43e-01	8.36e-02	8.77e-03	2.22e-04	4.61e-06	0.00e+00	0.00e+00	0.00e+00	0.00e+00	0.00e+00	0.00e+00	0.00e+00
 4.23888e+22	8.76e-06	1.75e-02	2.83e-01	3.64e-01	1.24e-01	1.32e-01	7.23e-02	6.97e-03	1.66e-04	3.33e-06	0.00e+00	0.00e+00	0.00e+00	0.00e+00	0.00e+00	0.00e+00	0.00e+00
 4.27151e+22	1.06e-05	1.95e-02	3.01e-01	3.66e-01	1.21e-01	1.23e-01	6.41e-02	5.77e-03	1.31e-04	2.56e-06	0.00e+00	0.00e+00	0.00e+00	0.00e+00	0.00e+00	0.00e+00	0.00e+00
 4.29703e+22	1.21e-05	2.10e-02	3.14e-01	3.67e-01	1.18e-01	1.17e-01	5.83e-02	4.98e-03	1.09e-04	2.08e-06	0.00e+00	0.00e+00	0.00e+00	0.00e+00	0.00e+00	0.00e+00	0.00e+00
 4.32262e+22	1.43e-05	2.31e-02	3.30e-01	3.68e-01	1.14e-01	1.09e-01	5.16e-02	4.13e-03	8.62e-05	1.61e-06	0.00e+00	0.00e+00	0.00e+00	0.00e+00	0.00e+00	0.00e+00	0.00e+00
 4.34853e+22	1.64e-05	2.49e-02	3.44e-01	3.67e-01	1.11e-01	1.03e-01	4.68e-02	3.55e-03	7.14e-05	1.30e-06	0.00e+00	0.00e+00	0.00e+00	0.00e+00	0.00e+00	0.00e+00	0.00e+00
 4.37487e+22	1.93e-05	2.73e-02	3.61e-01	3.66e-01	1.07e-01	9.50e-02	4.12e-02	2.91e-03	5.58e-05	9.93e-07	0.00e+00	0.00e+00	0.00e+00	0.00e+00	0.00e+00	0.00e+00	0.00e+00
 4.40149e+22	2.19e-05	2.94e-02	3.75e-01	3.64e-01	1.03e-01	8.92e-02	3.71e-02	2.49e-03	4.59e-05	8.00e-07	0.00e+00	0.00e+00	0.00e+00	0.00e+00	0.00e+00	0.00e+00	0.00e+00
 4.42848e+22	2.57e-05	3.22e-02	3.92e-01	3.60e-01	9.90e-02	8.19e-02	3.24e-02	2.02e-03	3.56e-05	6.04e-07	0.00e+00	0.00e+00	0.00e+00	0.00e+00	0.00e+00	0.00e+00	0.00e+00
 4.45578e+22	2.91e-05	3.46e-02	4.06e-01	3.57e-01	9.55e-02	7.65e-02	2.91e-02	1.72e-03	2.91e-05	4.83e-07	0.00e+00	0.00e+00	0.00e+00	0.00e+00	0.00e+00	0.00e+00	0.00e+00
 4.48348e+22	3.42e-05	3.77e-02	4.23e-01	3.52e-01	9.11e-02	6.99e-02	2.53e-02	1.39e-03	2.25e-05	3.64e-07	0.00e+00	0.00e+00	0.00e+00	0.00e+00	0.00e+00	0.00e+00	0.00e+00
 4.51187e+22	3.88e-05	4.06e-02	4.37e-01	3.47e-01	8.74e-02	6.48e-02	2.25e-02	1.17e-03	1.82e-05	2.86e-07	0.00e+00	0.00e+00	0.00e+00	0.00e+00	0.00e+00	0.00e+00	0.00e+00
 4.54116e+22	4.51e-05	4.44e-02	4.55e-01	3.39e-01	8.27e-02	5.85e-02	1.93e-02	9.28e-04	1.38e-05	2.10e-07	0.00e+00	0.00e+00	0.00e+00	0.00e+00	0.00e+00	0.00e+00	0.00e+00
 4.57058e+22	5.13e-05	4.76e-02	4.68e-01	3.33e-01	7.91e-02	5.40e-02	1.71e-02	7.77e-04	1.11e-05	1.65e-07	0.00e+00	0.00e+00	0.00e+00	0.00e+00	0.00e+00	0.00e+00	0.00e+00
 4.60016e+22	5.95e-05	5.17e-02	4.85e-01	3.25e-01	7.47e-02	4.86e-02	1.47e-02	6.17e-04	8.41e-06	0.00e+00	0.00e+00	0.00e+00	0.00e+00	0.00e+00	0.00e+00	0.00e+00	0.00e+00
 4.63062e+22	6.71e-05	5.55e-02	4.98e-01	3.17e-01	7.10e-02	4.45e-02	1.29e-02	5.10e-04	6.67e-06	0.00e+00	0.00e+00	0.00e+00	0.00e+00	0.00e+00	0.00e+00	0.00e+00	0.00e+00
 4.65307e+22	7.26e-05	5.79e-02	5.06e-01	3.12e-01	6.87e-02	4.21e-02	1.19e-02	4.53e-04	5.78e-06	0.00e+00	0.00e+00	0.00e+00	0.00e+00	0.00e+00	0.00e+00	0.00e+00	0.00e+00
 4.67308e+22	7.99e-05	6.11e-02	5.17e-01	3.06e-01	6.59e-02	3.91e-02	1.07e-02	3.87e-04	4.79e-06	0.00e+00	0.00e+00	0.00e+00	0.00e+00	0.00e+00	0.00e+00	0.00e+00	0.00e+00
 4.69538e+22	8.77e-05	6.43e-02	5.27e-01	2.99e-01	6.33e-02	3.64e-02	9.69e-03	3.33e-04	4.01e-06	0.00e+00	0.00e+00	0.00e+00	0.00e+00	0.00e+00	0.00e+00	0.00e+00	0.00e+00
 4.72068e+22	9.85e-05	6.87e-02	5.39e-01	2.90e-01	5.99e-02	3.31e-02	8.46e-03	2.73e-04	3.16e-06	0.00e+00	0.00e+00	0.00e+00	0.00e+00	0.00e+00	0.00e+00	0.00e+00	0.00e+00
 4.74495e+22	1.07e-04	7.20e-02	5.47e-01	2.84e-01	5.76e-02	3.09e-02	7.71e-03	2.38e-04	2.68e-06	0.00e+00	0.00e+00	0.00e+00	0.00e+00	0.00e+00	0.00e+00	0.00e+00	0.00e+00
 4.76788e+22	1.19e-04	7.61e-02	5.58e-01	2.76e-01	5.47e-02	2.83e-02	6.82e-03	1.99e-04	2.17e-06	0.00e+00	0.00e+00	0.00e+00	0.00e+00	0.00e+00	0.00e+00	0.00e+00	0.00e+00
 4.79182e+22	1.30e-04	8.00e-02	5.67e-01	2.68e-01	5.23e-02	2.63e-02	6.14e-03	1.71e-04	1.81e-06	0.00e+00	0.00e+00	0.00e+00	0.00e+00	0.00e+00	0.00e+00	0.00e+00	0.00e+00
 4.81234e+22	1.40e-04	8.33e-02	5.74e-01	2.62e-01	5.03e-02	2.46e-02	5.62e-03	1.50e-04	1.55e-06	0.00e+00	0.00e+00	0.00e+00	0.00e+00	0.00e+00	0.00e+00	0.00e+00	0.00e+00
 4.83035e+22	1.50e-04	8.63e-02	5.80e-01	2.57e-01	4.86e-02	2.32e-02	5.19e-03	1.33e-04	1.35e-06	0.00e+00	0.00e+00	0.00e+00	0.00e+00	0.00e+00	0.00e+00	0.00e+00	0.00e+00
 4.84984e+22	1.62e-04	9.03e-02	5.87e-01	2.49e-01	4.65e-02	2.15e-02	4.67e-03	1.15e-04	1.13e-06	0.00e+00	0.00e+00	0.00e+00	0.00e+00	0.00e+00	0.00e+00	0.00e+00	0.00e+00
 4.87516e+22	1.81e-04	9.58e-02	5.97e-01	2.40e-01	4.37e-02	1.94e-02	4.06e-03	9.35e-05	8.90e-07	0.00e+00	0.00e+00	0.00e+00	0.00e+00	0.00e+00	0.00e+00	0.00e+00	0.00e+00
 4.90159e+22	1.98e-04	1.01e-01	6.05e-01	2.32e-01	4.15e-02	1.78e-02	3.62e-03	7.91e-05	7.31e-07	0.00e+00	0.00e+00	0.00e+00	0.00e+00	0.00e+00	0.00e+00	0.00e+00	0.00e+00
 4.92947e+22	2.23e-04	1.07e-01	6.14e-01	2.21e-01	3.87e-02	1.58e-02	3.09e-03	6.31e-05	5.62e-07	0.00e+00	0.00e+00	0.00e+00	0.00e+00	0.00e+00	0.00e+00	0.00e+00	0.00e+00
 4.96061e+22	2.49e-04	1.14e-01	6.22e-01	2.11e-01	3.62e-02	1.41e-02	2.66e-03	5.08e-05	4.37e-07	0.00e+00	0.00e+00	0.00e+00	0.00e+00	0.00e+00	0.00e+00	0.00e+00	0.00e+00
 4.99601e+22	2.87e-04	1.23e-01	6.33e-01	1.97e-01	3.30e-02	1.21e-02	2.18e-03	3.81e-05	3.13e-07	0.00e+00	0.00e+00	0.00e+00	0.00e+00	0.00e+00	0.00e+00	0.00e+00	0.00e+00
 5.03249e+22	3.23e-04	1.31e-01	6.40e-01	1.86e-01	3.06e-02	1.07e-02	1.85e-03	3.02e-05	2.39e-07	0.00e+00	0.00e+00	0.00e+00	0.00e+00	0.00e+00	0.00e+00	0.00e+00	0.00e+00
 5.07037e+22	3.76e-04	1.41e-01	6.48e-01	1.72e-01	2.76e-02	9.00e-03	1.49e-03	2.20e-05	1.67e-07	0.00e+00	0.00e+00	0.00e+00	0.00e+00	0.00e+00	0.00e+00	0.00e+00	0.00e+00
 5.10830e+22	4.22e-04	1.50e-01	6.53e-01	1.62e-01	2.55e-02	7.91e-03	1.26e-03	1.74e-05	1.27e-07	0.00e+00	0.00e+00	0.00e+00	0.00e+00	0.00e+00	0.00e+00	0.00e+00	0.00e+00
 5.14630e+22	4.89e-04	1.61e-01	6.59e-01	1.48e-01	2.29e-02	6.62e-03	1.00e-03	1.26e-05	0.00e+00	0.00e+00	0.00e+00	0.00e+00	0.00e+00	0.00e+00	0.00e+00	0.00e+00	0.00e+00
 5.18472e+22	5.51e-04	1.71e-01	6.63e-01	1.38e-01	2.10e-02	5.74e-03	8.39e-04	9.79e-06	0.00e+00	0.00e+00	0.00e+00	0.00e+00	0.00e+00	0.00e+00	0.00e+00	0.00e+00	0.00e+00
 5.22369e+22	6.41e-04	1.84e-01	6.66e-01	1.25e-01	1.87e-02	4.73e-03	6.58e-04	6.96e-06	0.00e+00	0.00e+00	0.00e+00	0.00e+00	0.00e+00	0.00e+00	0.00e+00	0.00e+00	0.00e+00
 5.26284e+22	7.25e-04	1.96e-01	6.68e-01	1.15e-01	1.69e-02	4.05e-03	5.42e-04	5.30e-06	0.00e+00	0.00e+00	0.00e+00	0.00e+00	0.00e+00	0.00e+00	0.00e+00	0.00e+00	0.00e+00
 5.29263e+22	7.90e-04	2.04e-01	6.68e-01	1.08e-01	1.58e-02	3.62e-03	4.71e-04	4.35e-06	0.00e+00	0.00e+00	0.00e+00	0.00e+00	0.00e+00	0.00e+00	0.00e+00	0.00e+00	0.00e+00
 5.32175e+22	8.93e-04	2.15e-01	6.68e-01	9.83e-02	1.43e-02	3.08e-03	3.85e-04	3.29e-06	0.00e+00	0.00e+00	0.00e+00	0.00e+00	0.00e+00	0.00e+00	0.00e+00	0.00e+00	0.00e+00
 5.35085e+22	9.81e-04	2.24e-01	6.67e-01	9.13e-02	1.32e-02	2.71e-03	3.29e-04	2.64e-06	0.00e+00	0.00e+00	0.00e+00	0.00e+00	0.00e+00	0.00e+00	0.00e+00	0.00e+00	0.00e+00
 5.37992e+22	1.11e-03	2.37e-01	6.65e-01	8.25e-02	1.19e-02	2.28e-03	2.66e-04	1.97e-06	0.00e+00	0.00e+00	0.00e+00	0.00e+00	0.00e+00	0.00e+00	0.00e+00	0.00e+00	0.00e+00
 5.40913e+22	1.23e-03	2.47e-01	6.63e-01	7.56e-02	1.08e-02	1.97e-03	2.22e-04	1.54e-06	0.00e+00	0.00e+00	0.00e+00	0.00e+00	0.00e+00	0.00e+00	0.00e+00	0.00e+00	0.00e+00
 5.43417e+22	1.36e-03	2.57e-01	6.60e-01	6.93e-02	9.93e-03	1.72e-03	1.87e-04	1.22e-06	0.00e+00	0.00e+00	0.00e+00	0.00e+00	0.00e+00	0.00e+00	0.00e+00	0.00e+00	0.00e+00
 5.46238e+22	1.54e-03	2.71e-01	6.56e-01	6.17e-02	8.82e-03	1.43e-03	1.49e-04	8.90e-07	0.00e+00	0.00e+00	0.00e+00	0.00e+00	0.00e+00	0.00e+00	0.00e+00	0.00e+00	0.00e+00
 5.49162e+22	1.73e-03	2.83e-01	6.51e-01	5.52e-02	7.89e-03	1.20e-03	1.21e-04	6.67e-07	0.00e+00	0.00e+00	0.00e+00	0.00e+00	0.00e+00	0.00e+00	0.00e+00	0.00e+00	0.00e+00
 5.51756e+22	1.94e-03	2.95e-01	6.45e-01	4.93e-02	7.06e-03	1.01e-03	9.78e-05	5.01e-07	0.00e+00	0.00e+00	0.00e+00	0.00e+00	0.00e+00	0.00e+00	0.00e+00	0.00e+00	0.00e+00
 5.54666e+22	2.24e-03	3.12e-01	6.37e-01	4.25e-02	6.08e-03	8.10e-04	7.45e-05	3.46e-07	0.00e+00	0.00e+00	0.00e+00	0.00e+00	0.00e+00	0.00e+00	0.00e+00	0.00e+00	0.00e+00
 5.57736e+22	2.58e-03	3.27e-01	6.28e-01	3.65e-02	5.24e-03	6.51e-04	5.70e-05	2.40e-07	0.00e+00	0.00e+00	0.00e+00	0.00e+00	0.00e+00	0.00e+00	0.00e+00	0.00e+00	0.00e+00
 5.60507e+22	2.95e-03	3.43e-01	6.18e-01	3.13e-02	4.50e-03	5.23e-04	4.37e-05	1.67e-07	0.00e+00	0.00e+00	0.00e+00	0.00e+00	0.00e+00	0.00e+00	0.00e+00	0.00e+00	0.00e+00
 5.63168e+22	3.37e-03	3.59e-01	6.07e-01	2.66e-02	3.84e-03	4.19e-04	3.33e-05	0.00e+00	0.00e+00	0.00e+00	0.00e+00	0.00e+00	0.00e+00	0.00e+00	0.00e+00	0.00e+00	0.00e+00
 5.65762e+22	3.85e-03	3.75e-01	5.95e-01	2.25e-02	3.24e-03	3.32e-04	2.53e-05	0.00e+00	0.00e+00	0.00e+00	0.00e+00	0.00e+00	0.00e+00	0.00e+00	0.00e+00	0.00e+00	0.00e+00
 5.68231e+22	4.37e-03	3.91e-01	5.83e-01	1.89e-02	2.72e-03	2.64e-04	1.92e-05	0.00e+00	0.00e+00	0.00e+00	0.00e+00	0.00e+00	0.00e+00	0.00e+00	0.00e+00	0.00e+00	0.00e+00
 5.69813e+22	4.62e-03	3.98e-01	5.77e-01	1.72e-02	2.49e-03	2.35e-04	1.67e-05	0.00e+00	0.00e+00	0.00e+00	0.00e+00	0.00e+00	0.00e+00	0.00e+00	0.00e+00	0.00e+00	0.00e+00
 5.70433e+22	4.77e-03	4.02e-01	5.74e-01	1.65e-02	2.38e-03	2.22e-04	1.56e-05	0.00e+00	0.00e+00	0.00e+00	0.00e+00	0.00e+00	0.00e+00	0.00e+00	0.00e+00	0.00e+00	0.00e+00
 5.70901e+22	4.89e-03	4.05e-01	5.71e-01	1.59e-02	2.29e-03	2.11e-04	1.47e-05	0.00e+00	0.00e+00	0.00e+00	0.00e+00	0.00e+00	0.00e+00	0.00e+00	0.00e+00	0.00e+00	0.00e+00
 5.71457e+22	5.02e-03	4.09e-01	5.68e-01	1.52e-02	2.19e-03	2.00e-04	1.38e-05	0.00e+00	0.00e+00	0.00e+00	0.00e+00	0.00e+00	0.00e+00	0.00e+00	0.00e+00	0.00e+00	0.00e+00
 5.72148e+22	5.22e-03	4.14e-01	5.64e-01	1.43e-02	2.07e-03	1.85e-04	1.26e-05	0.00e+00	0.00e+00	0.00e+00	0.00e+00	0.00e+00	0.00e+00	0.00e+00	0.00e+00	0.00e+00	0.00e+00
 5.72863e+22	5.41e-03	4.20e-01	5.59e-01	1.35e-02	1.95e-03	1.72e-04	1.16e-05	0.00e+00	0.00e+00	0.00e+00	0.00e+00	0.00e+00	0.00e+00	0.00e+00	0.00e+00	0.00e+00	0.00e+00
 5.73502e+22	5.58e-03	4.24e-01	5.55e-01	1.28e-02	1.85e-03	1.61e-04	1.07e-05	0.00e+00	0.00e+00	0.00e+00	0.00e+00	0.00e+00	0.00e+00	0.00e+00	0.00e+00	0.00e+00	0.00e+00
 5.74102e+22	5.76e-03	4.29e-01	5.52e-01	1.22e-02	1.75e-03	1.51e-04	9.95e-06	0.00e+00	0.00e+00	0.00e+00	0.00e+00	0.00e+00	0.00e+00	0.00e+00	0.00e+00	0.00e+00	0.00e+00
 5.74700e+22	5.92e-03	4.33e-01	5.48e-01	1.16e-02	1.67e-03	1.42e-04	9.25e-06	0.00e+00	0.00e+00	0.00e+00	0.00e+00	0.00e+00	0.00e+00	0.00e+00	0.00e+00	0.00e+00	0.00e+00
 5.75315e+22	6.11e-03	4.38e-01	5.44e-01	1.10e-02	1.58e-03	1.33e-04	8.55e-06	0.00e+00	0.00e+00	0.00e+00	0.00e+00	0.00e+00	0.00e+00	0.00e+00	0.00e+00	0.00e+00	0.00e+00
 5.75922e+22	6.30e-03	4.42e-01	5.39e-01	1.04e-02	1.49e-03	1.24e-04	7.93e-06	0.00e+00	0.00e+00	0.00e+00	0.00e+00	0.00e+00	0.00e+00	0.00e+00	0.00e+00	0.00e+00	0.00e+00
 5.76495e+22	6.47e-03	4.47e-01	5.36e-01	9.88e-03	1.42e-03	1.17e-04	7.38e-06	0.00e+00	0.00e+00	0.00e+00	0.00e+00	0.00e+00	0.00e+00	0.00e+00	0.00e+00	0.00e+00	0.00e+00
 5.77063e+22	6.65e-03	4.51e-01	5.32e-01	9.38e-03	1.34e-03	1.10e-04	6.86e-06	0.00e+00	0.00e+00	0.00e+00	0.00e+00	0.00e+00	0.00e+00	0.00e+00	0.00e+00	0.00e+00	0.00e+00
 5.77632e+22	6.84e-03	4.55e-01	5.28e-01	8.89e-03	1.27e-03	1.03e-04	6.38e-06	0.00e+00	0.00e+00	0.00e+00	0.00e+00	0.00e+00	0.00e+00	0.00e+00	0.00e+00	0.00e+00	0.00e+00
 5.78193e+22	7.01e-03	4.59e-01	5.24e-01	8.45e-03	1.21e-03	9.65e-05	5.94e-06	0.00e+00	0.00e+00	0.00e+00	0.00e+00	0.00e+00	0.00e+00	0.00e+00	0.00e+00	0.00e+00	0.00e+00
 5.78749e+22	7.16e-03	4.63e-01	5.20e-01	8.04e-03	1.15e-03	9.10e-05	5.56e-06	0.00e+00	0.00e+00	0.00e+00	0.00e+00	0.00e+00	0.00e+00	0.00e+00	0.00e+00	0.00e+00	0.00e+00
 5.79327e+22	7.37e-03	4.68e-01	5.16e-01	7.59e-03	1.08e-03	8.49e-05	5.15e-06	0.00e+00	0.00e+00	0.00e+00	0.00e+00	0.00e+00	0.00e+00	0.00e+00	0.00e+00	0.00e+00	0.00e+00
 5.79892e+22	7.51e-03	4.72e-01	5.12e-01	7.22e-03	1.03e-03	8.00e-05	4.82e-06	0.00e+00	0.00e+00	0.00e+00	0.00e+00	0.00e+00	0.00e+00	0.00e+00	0.00e+00	0.00e+00	0.00e+00
 5.80437e+22	7.69e-03	4.76e-01	5.08e-01	6.85e-03	9.71e-04	7.50e-05	4.49e-06	0.00e+00	0.00e+00	0.00e+00	0.00e+00	0.00e+00	0.00e+00	0.00e+00	0.00e+00	0.00e+00	0.00e+00
 5.80982e+22	7.88e-03	4.80e-01	5.04e-01	6.49e-03	9.19e-04	7.04e-05	4.19e-06	0.00e+00	0.00e+00	0.00e+00	0.00e+00	0.00e+00	0.00e+00	0.00e+00	0.00e+00	0.00e+00	0.00e+00
 5.81502e+22	8.03e-03	4.84e-01	5.01e-01	6.18e-03	8.73e-04	6.64e-05	3.92e-06	0.00e+00	0.00e+00	0.00e+00	0.00e+00	0.00e+00	0.00e+00	0.00e+00	0.00e+00	0.00e+00	0.00e+00
 5.82015e+22	8.15e-03	4.87e-01	4.98e-01	5.89e-03	8.32e-04	6.29e-05	3.69e-06	0.00e+00	0.00e+00	0.00e+00	0.00e+00	0.00e+00	0.00e+00	0.00e+00	0.00e+00	0.00e+00	0.00e+00
 5.82567e+22	8.33e-03	4.92e-01	4.93e-01	5.57e-03	7.85e-04	5.89e-05	3.44e-06	0.00e+00	0.00e+00	0.00e+00	0.00e+00	0.00e+00	0.00e+00	0.00e+00	0.00e+00	0.00e+00	0.00e+00
 5.83124e+22	8.50e-03	4.96e-01	4.89e-01	5.28e-03	7.42e-04	5.52e-05	3.21e-06	0.00e+00	0.00e+00	0.00e+00	0.00e+00	0.00e+00	0.00e+00	0.00e+00	0.00e+00	0.00e+00	0.00e+00
 5.83631e+22	8.63e-03	5.00e-01	4.86e-01	5.03e-03	7.06e-04	5.22e-05	3.02e-06	0.00e+00	0.00e+00	0.00e+00	0.00e+00	0.00e+00	0.00e+00	0.00e+00	0.00e+00	0.00e+00	0.00e+00
 5.84127e+22	8.71e-03	5.02e-01	4.84e-01	4.80e-03	6.75e-04	4.96e-05	2.86e-06	0.00e+00	0.00e+00	0.00e+00	0.00e+00	0.00e+00	0.00e+00	0.00e+00	0.00e+00	0.00e+00	0.00e+00
 5.84675e+22	8.86e-03	5.06e-01	4.80e-01	4.54e-03	6.37e-04	4.65e-05	2.67e-06	0.00e+00	0.00e+00	0.00e+00	0.00e+00	0.00e+00	0.00e+00	0.00e+00	0.00e+00	0.00e+00	0.00e+00
 5.85235e+22	9.01e-03	5.10e-01	4.76e-01	4.30e-03	6.01e-04	4.37e-05	2.49e-06	0.00e+00	0.00e+00	0.00e+00	0.00e+00	0.00e+00	0.00e+00	0.00e+00	0.00e+00	0.00e+00	0.00e+00
 5.85737e+22	9.11e-03	5.13e-01	4.73e-01	4.10e-03	5.73e-04	4.14e-05	2.35e-06	0.00e+00	0.00e+00	0.00e+00	0.00e+00	0.00e+00	0.00e+00	0.00e+00	0.00e+00	0.00e+00	0.00e+00
 5.86224e+22	9.15e-03	5.15e-01	4.71e-01	3.93e-03	5.49e-04	3.95e-05	2.24e-06	0.00e+00	0.00e+00	0.00e+00	0.00e+00	0.00e+00	0.00e+00	0.00e+00	0.00e+00	0.00e+00	0.00e+00
 5.86780e+22	9.26e-03	5.19e-01	4.68e-01	3.72e-03	5.19e-04	3.71e-05	2.09e-06	0.00e+00	0.00e+00	0.00e+00	0.00e+00	0.00e+00	0.00e+00	0.00e+00	0.00e+00	0.00e+00	0.00e+00
 5.87363e+22	9.35e-03	5.22e-01	4.64e-01	3.52e-03	4.91e-04	3.49e-05	1.96e-06	0.00e+00	0.00e+00	0.00e+00	0.00e+00	0.00e+00	0.00e+00	0.00e+00	0.00e+00	0.00e+00	0.00e+00
 5.87884e+22	9.44e-03	5.25e-01	4.62e-01	3.35e-03	4.67e-04	3.30e-05	1.85e-06	0.00e+00	0.00e+00	0.00e+00	0.00e+00	0.00e+00	0.00e+00	0.00e+00	0.00e+00	0.00e+00	0.00e+00
 5.88366e+22	9.44e-03	5.27e-01	4.60e-01	3.22e-03	4.48e-04	3.16e-05	1.77e-06	0.00e+00	0.00e+00	0.00e+00	0.00e+00	0.00e+00	0.00e+00	0.00e+00	0.00e+00	0.00e+00	0.00e+00
 5.88899e+22	9.50e-03	5.29e-01	4.58e-01	3.06e-03	4.26e-04	2.99e-05	1.67e-06	0.00e+00	0.00e+00	0.00e+00	0.00e+00	0.00e+00	0.00e+00	0.00e+00	0.00e+00	0.00e+00	0.00e+00
 5.89484e+22	9.53e-03	5.32e-01	4.56e-01	2.90e-03	4.05e-04	2.83e-05	1.57e-06	0.00e+00	0.00e+00	0.00e+00	0.00e+00	0.00e+00	0.00e+00	0.00e+00	0.00e+00	0.00e+00	0.00e+00
 5.90039e+22	9.56e-03	5.34e-01	4.54e-01	2.77e-03	3.85e-04	2.68e-05	1.49e-06	0.00e+00	0.00e+00	0.00e+00	0.00e+00	0.00e+00	0.00e+00	0.00e+00	0.00e+00	0.00e+00	0.00e+00
 5.90562e+22	9.54e-03	5.35e-01	4.52e-01	2.65e-03	3.69e-04	2.56e-05	1.42e-06	0.00e+00	0.00e+00	0.00e+00	0.00e+00	0.00e+00	0.00e+00	0.00e+00	0.00e+00	0.00e+00	0.00e+00
 5.91109e+22	9.54e-03	5.37e-01	4.51e-01	2.53e-03	3.53e-04	2.44e-05	1.34e-06	0.00e+00	0.00e+00	0.00e+00	0.00e+00	0.00e+00	0.00e+00	0.00e+00	0.00e+00	0.00e+00	0.00e+00
 5.91690e+22	9.52e-03	5.38e-01	4.50e-01	2.41e-03	3.37e-04	2.32e-05	1.28e-06	0.00e+00	0.00e+00	0.00e+00	0.00e+00	0.00e+00	0.00e+00	0.00e+00	0.00e+00	0.00e+00	0.00e+00
 5.92264e+22	9.49e-03	5.39e-01	4.49e-01	2.30e-03	3.22e-04	2.21e-05	1.21e-06	0.00e+00	0.00e+00	0.00e+00	0.00e+00	0.00e+00	0.00e+00	0.00e+00	0.00e+00	0.00e+00	0.00e+00
 5.92831e+22	9.46e-03	5.40e-01	4.48e-01	2.19e-03	3.08e-04	2.11e-05	1.15e-06	0.00e+00	0.00e+00	0.00e+00	0.00e+00	0.00e+00	0.00e+00	0.00e+00	0.00e+00	0.00e+00	0.00e+00
 5.93393e+22	9.39e-03	5.41e-01	4.47e-01	2.10e-03	2.96e-04	2.02e-05	1.10e-06	0.00e+00	0.00e+00	0.00e+00	0.00e+00	0.00e+00	0.00e+00	0.00e+00	0.00e+00	0.00e+00	0.00e+00
 5.93982e+22	9.35e-03	5.42e-01	4.47e-01	2.01e-03	2.83e-04	1.93e-05	1.05e-06	0.00e+00	0.00e+00	0.00e+00	0.00e+00	0.00e+00	0.00e+00	0.00e+00	0.00e+00	0.00e+00	0.00e+00
 5.94589e+22	9.24e-03	5.41e-01	4.47e-01	1.92e-03	2.73e-04	1.86e-05	1.01e-06	0.00e+00	0.00e+00	0.00e+00	0.00e+00	0.00e+00	0.00e+00	0.00e+00	0.00e+00	0.00e+00	0.00e+00
 5.95214e+22	9.16e-03	5.42e-01	4.47e-01	1.84e-03	2.62e-04	1.78e-05	9.61e-07	0.00e+00	0.00e+00	0.00e+00	0.00e+00	0.00e+00	0.00e+00	0.00e+00	0.00e+00	0.00e+00	0.00e+00
 5.95865e+22	9.07e-03	5.42e-01	4.47e-01	1.76e-03	2.51e-04	1.70e-05	9.17e-07	0.00e+00	0.00e+00	0.00e+00	0.00e+00	0.00e+00	0.00e+00	0.00e+00	0.00e+00	0.00e+00	0.00e+00
 5.96492e+22	8.94e-03	5.41e-01	4.48e-01	1.69e-03	2.42e-04	1.64e-05	8.82e-07	0.00e+00	0.00e+00	0.00e+00	0.00e+00	0.00e+00	0.00e+00	0.00e+00	0.00e+00	0.00e+00	0.00e+00
 5.97141e+22	8.85e-03	5.41e-01	4.49e-01	1.62e-03	2.33e-04	1.57e-05	8.44e-07	0.00e+00	0.00e+00	0.00e+00	0.00e+00	0.00e+00	0.00e+00	0.00e+00	0.00e+00	0.00e+00	0.00e+00
 5.97821e+22	8.70e-03	5.39e-01	4.50e-01	1.55e-03	2.25e-04	1.52e-05	8.11e-07	0.00e+00	0.00e+00	0.00e+00	0.00e+00	0.00e+00	0.00e+00	0.00e+00	0.00e+00	0.00e+00	0.00e+00
 5.98522e+22	8.57e-03	5.38e-01	4.51e-01	1.49e-03	2.17e-04	1.46e-05	7.79e-07	0.00e+00	0.00e+00	0.00e+00	0.00e+00	0.00e+00	0.00e+00	0.00e+00	0.00e+00	0.00e+00	0.00e+00
 5.99194e+22	8.43e-03	5.37e-01	4.53e-01	1.43e-03	2.10e-04	1.41e-05	7.52e-07	0.00e+00	0.00e+00	0.00e+00	0.00e+00	0.00e+00	0.00e+00	0.00e+00	0.00e+00	0.00e+00	0.00e+00
 5.99793e+22	8.32e-03	5.36e-01	4.54e-01	1.38e-03	2.04e-04	1.37e-05	7.29e-07	0.00e+00	0.00e+00	0.00e+00	0.00e+00	0.00e+00	0.00e+00	0.00e+00	0.00e+00	0.00e+00	0.00e+00
 6.00382e+22	8.19e-03	5.34e-01	4.56e-01	1.34e-03	1.99e-04	1.34e-05	7.09e-07	0.00e+00	0.00e+00	0.00e+00	0.00e+00	0.00e+00	0.00e+00	0.00e+00	0.00e+00	0.00e+00	0.00e+00
 6.01031e+22	8.08e-03	5.33e-01	4.57e-01	1.30e-03	1.93e-04	1.30e-05	6.86e-07	0.00e+00	0.00e+00	0.00e+00	0.00e+00	0.00e+00	0.00e+00	0.00e+00	0.00e+00	0.00e+00	0.00e+00
 6.01726e+22	7.95e-03	5.32e-01	4.59e-01	1.25e-03	1.88e-04	1.26e-05	6.63e-07	0.00e+00	0.00e+00	0.00e+00	0.00e+00	0.00e+00	0.00e+00	0.00e+00	0.00e+00	0.00e+00	0.00e+00
 6.02395e+22	7.80e-03	5.30e-01	4.61e-01	1.21e-03	1.83e-04	1.23e-05	6.45e-07	0.00e+00	0.00e+00	0.00e+00	0.00e+00	0.00e+00	0.00e+00	0.00e+00	0.00e+00	0.00e+00	0.00e+00
