#depth	He	He+	He+2
 4.62852e+21	1.26e-11	5.15e-06	1.00e+00
 1.03670e+22	3.69e-11	9.16e-06	1.00e+00
 1.19650e+22	6.82e-11	1.26e-05	1.00e+00
 1.26970e+22	9.30e-11	1.50e-05	1.00e+00
 1.30020e+22	1.00e-10	1.57e-05	1.00e+00
 1.31113e+22	1.07e-10	1.62e-05	1.00e+00
 1.32224e+22	1.15e-10	1.70e-05	1.00e+00
 1.33343e+22	1.22e-10	1.76e-05	1.00e+00
 1.34469e+22	1.31e-10	1.84e-05	1.00e+00
 1.35605e+22	1.39e-10	1.91e-05	1.00e+00
 1.36758e+22	1.50e-10	2.00e-05	1.00e+00
 1.37931e+22	1.58e-10	2.07e-05	1.00e+00
 1.39128e+22	1.70e-10	2.17e-05	1.00e+00
 1.40356e+22	1.80e-10	2.25e-05	1.00e+00
 1.41452e+22	1.90e-10	2.33e-05	1.00e+00
 1.42705e+22	2.04e-10	2.44e-05	1.00e+00
 1.43965e+22	2.14e-10	2.53e-05	1.00e+00
 1.45233e+22	2.29e-10	2.64e-05	1.00e+00
 1.46539e+22	2.41e-10	2.74e-05	1.00e+00
 1.47713e+22	2.54e-10	2.84e-05	1.00e+00
 1.49059e+22	2.71e-10	2.97e-05	1.00e+00
 1.50415e+22	2.84e-10	3.08e-05	1.00e+00
 1.51782e+22	3.03e-10	3.22e-05	1.00e+00
 1.53173e+22	3.18e-10	3.33e-05	1.00e+00
 1.54592e+22	3.38e-10	3.49e-05	1.00e+00
 1.55957e+22	3.52e-10	3.59e-05	1.00e+00
 1.57249e+22	3.71e-10	3.74e-05	1.00e+00
 1.58576e+22	3.87e-10	3.86e-05	1.00e+00
 1.59947e+22	4.09e-10	4.03e-05	1.00e+00
 1.61330e+22	4.26e-10	4.16e-05	1.00e+00
 1.62730e+22	4.49e-10	4.34e-05	1.00e+00
 1.64153e+22	4.68e-10	4.48e-05	1.00e+00
 1.65407e+22	4.87e-10	4.62e-05	1.00e+00
 1.66651e+22	5.06e-10	4.77e-05	1.00e+00
 1.68081e+22	5.32e-10	4.97e-05	1.00e+00
 1.69513e+22	5.53e-10	5.12e-05	1.00e+00
 1.70947e+22	5.80e-10	5.33e-05	1.00e+00
 1.72405e+22	6.03e-10	5.49e-05	1.00e+00
 1.73894e+22	6.33e-10	5.72e-05	1.00e+00
 1.75412e+22	6.57e-10	5.90e-05	1.00e+00
 1.76968e+22	6.90e-10	6.15e-05	1.00e+00
 1.78557e+22	7.18e-10	6.35e-05	1.00e+00
 1.80189e+22	7.54e-10	6.62e-05	1.00e+00
 1.81872e+22	7.86e-10	6.84e-05	1.00e+00
 1.83619e+22	8.28e-10	7.14e-05	1.00e+00
 1.85315e+22	8.60e-10	7.36e-05	1.00e+00
 1.86943e+22	9.01e-10	7.67e-05	1.00e+00
 1.88605e+22	9.37e-10	7.91e-05	1.00e+00
 1.90311e+22	9.83e-10	8.22e-05	1.00e+00
 1.92115e+22	1.03e-09	8.52e-05	1.00e+00
 1.93775e+22	1.07e-09	8.81e-05	1.00e+00
 1.95660e+22	1.13e-09	9.19e-05	1.00e+00
 1.97643e+22	1.18e-09	9.55e-05	1.00e+00
 1.99754e+22	1.25e-09	9.99e-05	1.00e+00
 2.01832e+22	1.31e-09	1.04e-04	1.00e+00
 2.03567e+22	1.37e-09	1.07e-04	1.00e+00
 2.05521e+22	1.44e-09	1.12e-04	1.00e+00
 2.07517e+22	1.50e-09	1.16e-04	1.00e+00
 2.09570e+22	1.58e-09	1.21e-04	1.00e+00
 2.11653e+22	1.66e-09	1.26e-04	1.00e+00
 2.13773e+22	1.75e-09	1.32e-04	1.00e+00
 2.15912e+22	1.82e-09	1.37e-04	1.00e+00
 2.18075e+22	1.92e-09	1.44e-04	1.00e+00
 2.20250e+22	2.00e-09	1.49e-04	1.00e+00
 2.22439e+22	2.11e-09	1.57e-04	1.00e+00
 2.24653e+22	2.19e-09	1.63e-04	1.00e+00
 2.26899e+22	2.30e-09	1.72e-04	1.00e+00
 2.29179e+22	2.39e-09	1.79e-04	1.00e+00
 2.31138e+22	2.47e-09	1.87e-04	1.00e+00
 2.32989e+22	2.55e-09	1.94e-04	1.00e+00
 2.35066e+22	2.64e-09	2.04e-04	1.00e+00
 2.37142e+22	2.72e-09	2.12e-04	1.00e+00
 2.39216e+22	2.81e-09	2.23e-04	1.00e+00
 2.41325e+22	2.89e-09	2.32e-04	1.00e+00
 2.43476e+22	2.97e-09	2.45e-04	1.00e+00
 2.45674e+22	3.03e-09	2.56e-04	1.00e+00
 2.47930e+22	3.11e-09	2.71e-04	1.00e+00
 2.50240e+22	3.16e-09	2.84e-04	1.00e+00
 2.52619e+22	3.22e-09	3.02e-04	1.00e+00
 2.55024e+22	3.27e-09	3.17e-04	1.00e+00
 2.57414e+22	3.30e-09	3.37e-04	1.00e+00
 2.59825e+22	3.34e-09	3.55e-04	1.00e+00
 2.62174e+22	3.36e-09	3.77e-04	1.00e+00
 2.64494e+22	3.38e-09	3.95e-04	1.00e+00
 2.66536e+22	3.40e-09	4.14e-04	1.00e+00
 2.68744e+22	3.42e-09	4.39e-04	1.00e+00
 2.70923e+22	3.45e-09	4.59e-04	1.00e+00
 2.73128e+22	3.49e-09	4.86e-04	1.00e+00
 2.75329e+22	3.53e-09	5.08e-04	9.99e-01
 2.77537e+22	3.59e-09	5.38e-04	9.99e-01
 2.79746e+22	3.66e-09	5.62e-04	9.99e-01
 2.81959e+22	3.76e-09	5.96e-04	9.99e-01
 2.84180e+22	3.86e-09	6.22e-04	9.99e-01
 2.86414e+22	4.01e-09	6.59e-04	9.99e-01
 2.88664e+22	4.16e-09	6.88e-04	9.99e-01
 2.90933e+22	4.37e-09	7.29e-04	9.99e-01
 2.93233e+22	4.58e-09	7.62e-04	9.99e-01
 2.95570e+22	4.88e-09	8.07e-04	9.99e-01
 2.97943e+22	5.16e-09	8.45e-04	9.99e-01
 3.00361e+22	5.58e-09	8.97e-04	9.99e-01
 3.02830e+22	5.96e-09	9.39e-04	9.99e-01
 3.05364e+22	6.53e-09	9.98e-04	9.99e-01
 3.07925e+22	7.04e-09	1.05e-03	9.99e-01
 3.10100e+22	7.56e-09	1.09e-03	9.99e-01
 3.12508e+22	8.32e-09	1.16e-03	9.99e-01
 3.14821e+22	8.91e-09	1.20e-03	9.99e-01
 3.17010e+22	9.77e-09	1.26e-03	9.99e-01
 3.19227e+22	1.05e-08	1.31e-03	9.99e-01
 3.21482e+22	1.16e-08	1.38e-03	9.99e-01
 3.23750e+22	1.25e-08	1.44e-03	9.99e-01
 3.26035e+22	1.38e-08	1.52e-03	9.98e-01
 3.28349e+22	1.49e-08	1.58e-03	9.98e-01
 3.30699e+22	1.66e-08	1.66e-03	9.98e-01
 3.33084e+22	1.80e-08	1.73e-03	9.98e-01
 3.35516e+22	2.00e-08	1.83e-03	9.98e-01
 3.37990e+22	2.18e-08	1.91e-03	9.98e-01
 3.40521e+22	2.44e-08	2.02e-03	9.98e-01
 3.43105e+22	2.67e-08	2.11e-03	9.98e-01
 3.45761e+22	3.00e-08	2.23e-03	9.98e-01
 3.48442e+22	3.29e-08	2.33e-03	9.98e-01
 3.51154e+22	3.71e-08	2.48e-03	9.98e-01
 3.53887e+22	4.06e-08	2.59e-03	9.97e-01
 3.56649e+22	4.59e-08	2.75e-03	9.97e-01
 3.59342e+22	4.99e-08	2.86e-03	9.97e-01
 3.61948e+22	5.60e-08	3.02e-03	9.97e-01
 3.64416e+22	6.05e-08	3.14e-03	9.97e-01
 3.66707e+22	6.64e-08	3.29e-03	9.97e-01
 3.69109e+22	7.23e-08	3.42e-03	9.97e-01
 3.71306e+22	7.85e-08	3.56e-03	9.96e-01
 3.73812e+22	8.71e-08	3.75e-03	9.96e-01
 3.76362e+22	9.50e-08	3.91e-03	9.96e-01
 3.78971e+22	1.06e-07	4.12e-03	9.96e-01
 3.81629e+22	1.16e-07	4.30e-03	9.96e-01
 3.84352e+22	1.29e-07	4.54e-03	9.95e-01
 3.87127e+22	1.42e-07	4.75e-03	9.95e-01
 3.89969e+22	1.59e-07	5.02e-03	9.95e-01
 3.92837e+22	1.74e-07	5.25e-03	9.95e-01
 3.95737e+22	1.96e-07	5.57e-03	9.94e-01
 3.98632e+22	2.15e-07	5.82e-03	9.94e-01
 4.01519e+22	2.40e-07	6.15e-03	9.94e-01
 4.04511e+22	2.66e-07	6.46e-03	9.94e-01
 4.07165e+22	2.91e-07	6.75e-03	9.93e-01
 4.10139e+22	3.26e-07	7.14e-03	9.93e-01
 4.13251e+22	3.62e-07	7.52e-03	9.92e-01
 4.16047e+22	3.98e-07	7.87e-03	9.92e-01
 4.19187e+22	4.48e-07	8.34e-03	9.92e-01
 4.22469e+22	5.00e-07	8.80e-03	9.91e-01
 4.25427e+22	5.51e-07	9.24e-03	9.91e-01
 4.28765e+22	6.24e-07	9.82e-03	9.90e-01
 4.31889e+22	6.84e-07	1.03e-02	9.90e-01
 4.34313e+22	7.40e-07	1.07e-02	9.89e-01
 4.37038e+22	8.20e-07	1.12e-02	9.89e-01
 4.39917e+22	8.98e-07	1.17e-02	9.88e-01
 4.42997e+22	1.01e-06	1.24e-02	9.88e-01
 4.46143e+22	1.11e-06	1.30e-02	9.87e-01
 4.48904e+22	1.22e-06	1.37e-02	9.86e-01
 4.52023e+22	1.37e-06	1.44e-02	9.86e-01
 4.55209e+22	1.51e-06	1.52e-02	9.85e-01
 4.58023e+22	1.65e-06	1.59e-02	9.84e-01
 4.61218e+22	1.86e-06	1.68e-02	9.83e-01
 4.64509e+22	2.06e-06	1.77e-02	9.82e-01
 4.67440e+22	2.27e-06	1.85e-02	9.81e-01
 4.70768e+22	2.56e-06	1.97e-02	9.80e-01
 4.74212e+22	2.85e-06	2.07e-02	9.79e-01
 4.77295e+22	3.15e-06	2.18e-02	9.78e-01
 4.80793e+22	3.58e-06	2.32e-02	9.77e-01
 4.84382e+22	4.00e-06	2.45e-02	9.76e-01
 4.87547e+22	4.43e-06	2.57e-02	9.74e-01
 4.91122e+22	5.04e-06	2.74e-02	9.73e-01
 4.94802e+22	5.64e-06	2.90e-02	9.71e-01
 4.98068e+22	6.27e-06	3.05e-02	9.69e-01
 5.01762e+22	7.18e-06	3.26e-02	9.67e-01
 5.05543e+22	8.04e-06	3.45e-02	9.66e-01
 5.09436e+22	9.26e-06	3.69e-02	9.63e-01
 5.13381e+22	1.04e-05	3.91e-02	9.61e-01
 5.17393e+22	1.20e-05	4.19e-02	9.58e-01
 5.21510e+22	1.36e-05	4.45e-02	9.55e-01
 5.25153e+22	1.53e-05	4.72e-02	9.53e-01
 5.29282e+22	1.77e-05	5.06e-02	9.49e-01
 5.33536e+22	2.01e-05	5.38e-02	9.46e-01
 5.37333e+22	2.27e-05	5.71e-02	9.43e-01
 5.41650e+22	2.65e-05	6.15e-02	9.38e-01
 5.45990e+22	2.99e-05	6.52e-02	9.35e-01
 5.50359e+22	3.50e-05	7.03e-02	9.30e-01
 5.54596e+22	3.90e-05	7.41e-02	9.26e-01
 5.58038e+22	4.33e-05	7.79e-02	9.22e-01
 5.61892e+22	4.95e-05	8.31e-02	9.17e-01
 5.65765e+22	5.51e-05	8.74e-02	9.13e-01
 5.69663e+22	6.30e-05	9.32e-02	9.07e-01
 5.73619e+22	7.03e-05	9.82e-02	9.02e-01
 5.77652e+22	8.03e-05	1.05e-01	8.95e-01
 5.81771e+22	9.03e-05	1.11e-01	8.89e-01
 5.85373e+22	1.00e-04	1.16e-01	8.84e-01
 5.88719e+22	1.11e-04	1.22e-01	8.78e-01
 5.91873e+22	1.21e-04	1.27e-01	8.73e-01
 5.95486e+22	1.36e-04	1.34e-01	8.66e-01
 5.99159e+22	1.50e-04	1.40e-01	8.60e-01
 6.02388e+22	1.65e-04	1.46e-01	8.54e-01
 6.06065e+22	1.86e-04	1.54e-01	8.45e-01
 6.09800e+22	2.05e-04	1.62e-01	8.38e-01
 6.13093e+22	2.25e-04	1.69e-01	8.31e-01
 6.16855e+22	2.54e-04	1.78e-01	8.22e-01
 6.20659e+22	2.80e-04	1.86e-01	8.14e-01
 6.24515e+22	3.15e-04	1.96e-01	8.03e-01
 6.28426e+22	3.48e-04	2.05e-01	7.94e-01
 6.32406e+22	3.93e-04	2.17e-01	7.83e-01
 6.36431e+22	4.34e-04	2.27e-01	7.73e-01
 6.40514e+22	4.91e-04	2.40e-01	7.60e-01
 6.44650e+22	5.44e-04	2.51e-01	7.49e-01
 6.48853e+22	6.16e-04	2.65e-01	7.34e-01
 6.53130e+22	6.82e-04	2.78e-01	7.22e-01
 6.57504e+22	7.75e-04	2.94e-01	7.05e-01
 6.61963e+22	8.63e-04	3.08e-01	6.91e-01
 6.64729e+22	8.98e-04	3.14e-01	6.85e-01
 6.66070e+22	9.20e-04	3.18e-01	6.81e-01
 6.67363e+22	9.59e-04	3.23e-01	6.76e-01
 6.69044e+22	1.00e-03	3.30e-01	6.69e-01
 6.71230e+22	1.07e-03	3.40e-01	6.59e-01
 6.74071e+22	1.17e-03	3.53e-01	6.46e-01
 6.77023e+22	1.25e-03	3.64e-01	6.34e-01
 6.80121e+22	1.36e-03	3.79e-01	6.20e-01
 6.83404e+22	1.48e-03	3.93e-01	6.05e-01
 6.86930e+22	1.64e-03	4.12e-01	5.87e-01
 6.90407e+22	1.77e-03	4.27e-01	5.71e-01
 6.93823e+22	1.95e-03	4.46e-01	5.52e-01
 6.97295e+22	2.12e-03	4.63e-01	5.34e-01
 7.00839e+22	2.35e-03	4.85e-01	5.13e-01
 7.04400e+22	2.55e-03	5.04e-01	4.93e-01
 7.07984e+22	2.84e-03	5.28e-01	4.69e-01
 7.11544e+22	3.09e-03	5.49e-01	4.47e-01
 7.15074e+22	3.43e-03	5.74e-01	4.22e-01
 7.18619e+22	3.75e-03	5.97e-01	3.99e-01
 7.22182e+22	4.17e-03	6.24e-01	3.72e-01
 7.25716e+22	4.56e-03	6.48e-01	3.47e-01
 7.29211e+22	5.07e-03	6.75e-01	3.20e-01
 7.32666e+22	5.53e-03	6.99e-01	2.95e-01
 7.36069e+22	6.14e-03	7.25e-01	2.69e-01
 7.39397e+22	6.68e-03	7.48e-01	2.45e-01
 7.42630e+22	7.38e-03	7.71e-01	2.21e-01
 7.45817e+22	8.00e-03	7.92e-01	2.00e-01
 7.48945e+22	8.81e-03	8.12e-01	1.79e-01
 7.52040e+22	9.52e-03	8.30e-01	1.61e-01
 7.54674e+22	1.03e-02	8.44e-01	1.45e-01
 7.57277e+22	1.10e-02	8.58e-01	1.31e-01
 7.60256e+22	1.20e-02	8.72e-01	1.16e-01
 7.63240e+22	1.30e-02	8.84e-01	1.03e-01
 7.65749e+22	1.39e-02	8.93e-01	9.29e-02
 7.68533e+22	1.51e-02	9.03e-01	8.20e-02
 7.71359e+22	1.63e-02	9.11e-01	7.32e-02
 7.73769e+22	1.74e-02	9.16e-01	6.61e-02
 7.76428e+22	1.89e-02	9.22e-01	5.87e-02
 7.79134e+22	2.04e-02	9.27e-01	5.26e-02
 7.81403e+22	2.18e-02	9.30e-01	4.80e-02
 7.83854e+22	2.38e-02	9.33e-01	4.31e-02
 7.86368e+22	2.58e-02	9.35e-01	3.91e-02
 7.88418e+22	2.77e-02	9.36e-01	3.62e-02
 7.90209e+22	2.96e-02	9.37e-01	3.37e-02
 7.92205e+22	3.23e-02	9.37e-01	3.11e-02
 7.94250e+22	3.54e-02	9.36e-01	2.89e-02
 7.95878e+22	3.83e-02	9.34e-01	2.73e-02
 7.97231e+22	4.11e-02	9.33e-01	2.60e-02
 7.98705e+22	4.51e-02	9.30e-01	2.46e-02
 8.00259e+22	4.98e-02	9.27e-01	2.34e-02
 8.01547e+22	5.46e-02	9.23e-01	2.25e-02
 8.02574e+22	5.92e-02	9.19e-01	2.18e-02
 8.03462e+22	6.40e-02	9.15e-01	2.13e-02
 8.04307e+22	6.93e-02	9.10e-01	2.08e-02
 8.05111e+22	7.51e-02	9.05e-01	2.04e-02
 8.05842e+22	8.13e-02	8.99e-01	2.01e-02
 8.06497e+22	8.76e-02	8.93e-01	1.98e-02
 8.07101e+22	9.42e-02	8.86e-01	1.97e-02
 8.07676e+22	1.01e-01	8.79e-01	1.96e-02
 8.08227e+22	1.09e-01	8.71e-01	1.95e-02
 8.08752e+22	1.17e-01	8.63e-01	1.96e-02
 8.09256e+22	1.26e-01	8.54e-01	1.97e-02
 8.09743e+22	1.35e-01	8.45e-01	1.98e-02
 8.10194e+22	1.45e-01	8.35e-01	1.99e-02
 8.10598e+22	1.54e-01	8.26e-01	2.01e-02
 8.10965e+22	1.63e-01	8.17e-01	2.02e-02
 8.11318e+22	1.73e-01	8.07e-01	2.04e-02
 8.11665e+22	1.82e-01	7.97e-01	2.06e-02
 8.11998e+22	1.92e-01	7.87e-01	2.08e-02
 8.12317e+22	2.03e-01	7.76e-01	2.09e-02
 8.12571e+22	2.10e-01	7.69e-01	2.11e-02
 8.12749e+22	2.17e-01	7.62e-01	2.11e-02
 8.12921e+22	2.23e-01	7.56e-01	2.12e-02
 8.13127e+22	2.31e-01	7.48e-01	2.12e-02
 8.13355e+22	2.40e-01	7.39e-01	2.13e-02
 8.13572e+22	2.48e-01	7.30e-01	2.13e-02
 8.13780e+22	2.57e-01	7.22e-01	2.14e-02
 8.13992e+22	2.66e-01	7.13e-01	2.14e-02
 8.14213e+22	2.75e-01	7.03e-01	2.14e-02
 8.14441e+22	2.86e-01	6.93e-01	2.14e-02
 8.14665e+22	2.96e-01	6.83e-01	2.15e-02
 8.14890e+22	3.06e-01	6.72e-01	2.15e-02
 8.15122e+22	3.17e-01	6.61e-01	2.14e-02
 8.15361e+22	3.29e-01	6.49e-01	2.14e-02
 8.15602e+22	3.41e-01	6.38e-01	2.13e-02
 8.15843e+22	3.53e-01	6.25e-01	2.13e-02
 8.16089e+22	3.66e-01	6.13e-01	2.12e-02
 8.16343e+22	3.79e-01	5.99e-01	2.11e-02
 8.16602e+22	3.93e-01	5.86e-01	2.09e-02
 8.16864e+22	4.07e-01	5.72e-01	2.08e-02
 8.17131e+22	4.22e-01	5.58e-01	2.06e-02
 8.17405e+22	4.37e-01	5.43e-01	2.04e-02
 8.17687e+22	4.53e-01	5.27e-01	2.01e-02
 8.17976e+22	4.68e-01	5.12e-01	1.99e-02
 8.18272e+22	4.85e-01	4.96e-01	1.96e-02
 8.18577e+22	5.02e-01	4.79e-01	1.92e-02
 8.18891e+22	5.19e-01	4.62e-01	1.88e-02
 8.19213e+22	5.36e-01	4.46e-01	1.85e-02
 8.19538e+22	5.53e-01	4.29e-01	1.80e-02
 8.19871e+22	5.70e-01	4.12e-01	1.75e-02
 8.20218e+22	5.88e-01	3.95e-01	1.70e-02
 8.20575e+22	6.05e-01	3.79e-01	1.64e-02
 8.20940e+22	6.22e-01	3.62e-01	1.59e-02
 8.21316e+22	6.38e-01	3.46e-01	1.53e-02
 8.21713e+22	6.55e-01	3.30e-01	1.47e-02
 8.22133e+22	6.71e-01	3.15e-01	1.40e-02
 8.22574e+22	6.86e-01	3.00e-01	1.34e-02
 8.23038e+22	7.02e-01	2.86e-01	1.28e-02
 8.23534e+22	7.16e-01	2.72e-01	1.21e-02
 8.24073e+22	7.30e-01	2.58e-01	1.15e-02
 8.24659e+22	7.44e-01	2.45e-01	1.08e-02
 8.25295e+22	7.57e-01	2.33e-01	1.01e-02
 8.25965e+22	7.68e-01	2.22e-01	9.53e-03
 8.26645e+22	7.78e-01	2.13e-01	8.94e-03
 8.27321e+22	7.87e-01	2.05e-01	8.43e-03
 8.27998e+22	7.95e-01	1.98e-01	7.97e-03
 8.28698e+22	8.01e-01	1.91e-01	7.54e-03
 8.29421e+22	8.08e-01	1.85e-01	7.12e-03
 8.30147e+22	8.14e-01	1.80e-01	6.73e-03
 8.30841e+22	8.19e-01	1.75e-01	6.40e-03
 8.31525e+22	8.24e-01	1.70e-01	6.07e-03
 8.32221e+22	8.28e-01	1.66e-01	5.77e-03
 8.32906e+22	8.32e-01	1.62e-01	5.49e-03
 8.33574e+22	8.36e-01	1.58e-01	5.23e-03
 8.34226e+22	8.40e-01	1.55e-01	4.99e-03
 8.34862e+22	8.44e-01	1.51e-01	4.76e-03
 8.35480e+22	8.47e-01	1.48e-01	4.55e-03
 8.36080e+22	8.51e-01	1.45e-01	4.35e-03
 8.36661e+22	8.54e-01	1.42e-01	4.17e-03
 8.37224e+22	8.57e-01	1.39e-01	3.99e-03
 8.37770e+22	8.60e-01	1.37e-01	3.83e-03
 8.38299e+22	8.62e-01	1.34e-01	3.67e-03
 8.38803e+22	8.65e-01	1.32e-01	3.53e-03
 8.39298e+22	8.68e-01	1.29e-01	3.39e-03
 8.39780e+22	8.70e-01	1.27e-01	3.27e-03
 8.40218e+22	8.72e-01	1.25e-01	3.15e-03
 8.40617e+22	8.74e-01	1.23e-01	3.05e-03
 8.40980e+22	8.76e-01	1.21e-01	2.96e-03
 8.41311e+22	8.78e-01	1.19e-01	2.87e-03
 8.41611e+22	8.79e-01	1.18e-01	2.80e-03
 8.41885e+22	8.81e-01	1.16e-01	2.73e-03
 8.42185e+22	8.83e-01	1.15e-01	2.65e-03
 8.42508e+22	8.84e-01	1.13e-01	2.58e-03
 8.42803e+22	8.85e-01	1.12e-01	2.52e-03
 8.43071e+22	8.87e-01	1.11e-01	2.46e-03
 8.43315e+22	8.88e-01	1.10e-01	2.41e-03
 8.43582e+22	8.89e-01	1.08e-01	2.35e-03
 8.43870e+22	8.91e-01	1.07e-01	2.29e-03
 8.44133e+22	8.92e-01	1.06e-01	2.24e-03
 8.44372e+22	8.93e-01	1.05e-01	2.20e-03
 8.44634e+22	8.94e-01	1.04e-01	2.15e-03
 8.44916e+22	8.95e-01	1.03e-01	2.10e-03
 8.45226e+22	8.97e-01	1.01e-01	2.04e-03
 8.45560e+22	8.98e-01	1.00e-01	2.00e-03
 8.45927e+22	8.99e-01	9.88e-02	1.94e-03
 8.46322e+22	9.00e-01	9.77e-02	1.89e-03
 8.46682e+22	9.02e-01	9.63e-02	1.84e-03
 8.47010e+22	9.03e-01	9.51e-02	1.79e-03
 8.47308e+22	9.04e-01	9.39e-02	1.74e-03
 8.47579e+22	9.05e-01	9.30e-02	1.71e-03
 8.47876e+22	9.07e-01	9.16e-02	1.66e-03
 8.48197e+22	9.08e-01	9.08e-02	1.62e-03
 8.48549e+22	9.09e-01	8.93e-02	1.57e-03
 8.48929e+22	9.10e-01	8.82e-02	1.53e-03
 8.49274e+22	9.11e-01	8.71e-02	1.49e-03
 8.49588e+22	9.13e-01	8.59e-02	1.45e-03
 8.49874e+22	9.14e-01	8.49e-02	1.42e-03
 8.50188e+22	9.15e-01	8.36e-02	1.37e-03
 8.50526e+22	9.16e-01	8.26e-02	1.34e-03
 8.50834e+22	9.17e-01	8.16e-02	1.31e-03
 8.51114e+22	9.18e-01	8.09e-02	1.28e-03
 8.51422e+22	9.19e-01	7.96e-02	1.24e-03
 8.51753e+22	9.20e-01	7.86e-02	1.21e-03
 8.52055e+22	9.21e-01	7.76e-02	1.18e-03
 8.52329e+22	9.22e-01	7.69e-02	1.16e-03
 8.52630e+22	9.23e-01	7.59e-02	1.13e-03
 8.52955e+22	9.24e-01	7.49e-02	1.10e-03
 8.53250e+22	9.25e-01	7.40e-02	1.07e-03
 8.53519e+22	9.26e-01	7.34e-02	1.05e-03
 8.53814e+22	9.27e-01	7.24e-02	1.02e-03
 8.54132e+22	9.27e-01	7.16e-02	1.00e-03
 8.54422e+22	9.28e-01	7.07e-02	9.75e-04
 8.54685e+22	9.29e-01	7.00e-02	9.57e-04
 8.54974e+22	9.30e-01	6.91e-02	9.32e-04
 8.55286e+22	9.31e-01	6.85e-02	9.15e-04
 8.55627e+22	9.32e-01	6.75e-02	8.89e-04
 8.55996e+22	9.32e-01	6.68e-02	8.69e-04
 8.56400e+22	9.33e-01	6.57e-02	8.42e-04
 8.56836e+22	9.34e-01	6.48e-02	8.19e-04
 8.57233e+22	9.35e-01	6.38e-02	7.94e-04
 8.57594e+22	9.36e-01	6.32e-02	7.77e-04
 8.57990e+22	9.37e-01	6.21e-02	7.50e-04
 8.58418e+22	9.38e-01	6.13e-02	7.30e-04
 8.58806e+22	9.39e-01	6.05e-02	7.13e-04
 8.59233e+22	9.40e-01	5.94e-02	6.86e-04
 8.59693e+22	9.41e-01	5.85e-02	6.67e-04
 8.60111e+22	9.42e-01	5.76e-02	6.46e-04
 8.60492e+22	9.42e-01	5.70e-02	6.32e-04
 8.60910e+22	9.43e-01	5.60e-02	6.10e-04
 8.61360e+22	9.44e-01	5.52e-02	5.93e-04
 8.61770e+22	9.45e-01	5.46e-02	5.78e-04
 8.62220e+22	9.46e-01	5.35e-02	5.57e-04
 8.62705e+22	9.47e-01	5.28e-02	5.41e-04
 8.63146e+22	9.48e-01	5.19e-02	5.24e-04
 8.63548e+22	9.48e-01	5.13e-02	5.12e-04
 8.63988e+22	9.49e-01	5.04e-02	4.94e-04
 8.64464e+22	9.50e-01	4.97e-02	4.80e-04
 8.64896e+22	9.50e-01	4.91e-02	4.67e-04
 8.65370e+22	9.51e-01	4.81e-02	4.50e-04
 8.65882e+22	9.52e-01	4.74e-02	4.37e-04
 8.66347e+22	9.53e-01	4.68e-02	4.25e-04
 8.66858e+22	9.54e-01	4.58e-02	4.08e-04
 8.67408e+22	9.55e-01	4.51e-02	3.95e-04
 8.67910e+22	9.55e-01	4.44e-02	3.83e-04
 8.68459e+22	9.56e-01	4.35e-02	3.67e-04
 8.69052e+22	9.57e-01	4.27e-02	3.55e-04
 8.69591e+22	9.58e-01	4.21e-02	3.44e-04
 8.70183e+22	9.59e-01	4.12e-02	3.29e-04
 8.70821e+22	9.59e-01	4.04e-02	3.17e-04
 8.71402e+22	9.60e-01	3.97e-02	3.06e-04
 8.71931e+22	9.61e-01	3.91e-02	2.97e-04
 8.72510e+22	9.61e-01	3.83e-02	2.85e-04
 8.73135e+22	9.62e-01	3.76e-02	2.74e-04
 8.73704e+22	9.63e-01	3.70e-02	2.66e-04
 8.74328e+22	9.64e-01	3.62e-02	2.55e-04
 8.75001e+22	9.64e-01	3.56e-02	2.46e-04
 8.75614e+22	9.65e-01	3.49e-02	2.37e-04
 8.76171e+22	9.65e-01	3.44e-02	2.30e-04
 8.76782e+22	9.66e-01	3.37e-02	2.20e-04
 8.77441e+22	9.67e-01	3.30e-02	2.12e-04
 8.78042e+22	9.67e-01	3.25e-02	2.05e-04
 8.78699e+22	9.68e-01	3.18e-02	1.97e-04
 8.79409e+22	9.69e-01	3.12e-02	1.89e-04
 8.80055e+22	9.69e-01	3.07e-02	1.83e-04
 8.80763e+22	9.70e-01	3.00e-02	1.75e-04
 8.81527e+22	9.70e-01	2.94e-02	1.68e-04
 8.82223e+22	9.71e-01	2.88e-02	1.61e-04
 8.82856e+22	9.72e-01	2.83e-02	1.56e-04
 8.83549e+22	9.72e-01	2.77e-02	1.49e-04
 8.84298e+22	9.73e-01	2.72e-02	1.43e-04
 8.84980e+22	9.73e-01	2.67e-02	1.38e-04
 8.85726e+22	9.74e-01	2.61e-02	1.32e-04
 8.86532e+22	9.74e-01	2.55e-02	1.27e-04
 8.87266e+22	9.75e-01	2.50e-02	1.22e-04
 8.87933e+22	9.75e-01	2.46e-02	1.17e-04
 8.88665e+22	9.76e-01	2.41e-02	1.12e-04
 8.89454e+22	9.76e-01	2.36e-02	1.08e-04
 8.90173e+22	9.77e-01	2.31e-02	1.04e-04
 8.90960e+22	9.77e-01	2.26e-02	9.93e-05
 8.91810e+22	9.78e-01	2.21e-02	9.50e-05
 8.92584e+22	9.78e-01	2.17e-02	9.14e-05
 8.93431e+22	9.79e-01	2.12e-02	8.70e-05
 8.94347e+22	9.79e-01	2.07e-02	8.31e-05
 8.95179e+22	9.80e-01	2.02e-02	7.97e-05
 8.95937e+22	9.80e-01	1.99e-02	7.67e-05
 8.96768e+22	9.81e-01	1.94e-02	7.33e-05
 8.97664e+22	9.81e-01	1.90e-02	7.01e-05
 8.98480e+22	9.81e-01	1.86e-02	6.71e-05
 8.99374e+22	9.82e-01	1.81e-02	6.40e-05
 9.00526e+22	9.82e-01	1.75e-02	5.99e-05
 9.01755e+22	9.83e-01	1.70e-02	5.64e-05
 9.03010e+22	9.83e-01	1.65e-02	5.28e-05
 9.04320e+22	9.84e-01	1.59e-02	4.95e-05
 9.05621e+22	9.85e-01	1.54e-02	4.63e-05
 9.06947e+22	9.85e-01	1.49e-02	4.33e-05
 9.08281e+22	9.86e-01	1.44e-02	4.05e-05
 9.09628e+22	9.86e-01	1.39e-02	3.79e-05
 9.10987e+22	9.86e-01	1.35e-02	3.54e-05
 9.12357e+22	9.87e-01	1.30e-02	3.30e-05
 9.13739e+22	9.87e-01	1.26e-02	3.09e-05
 9.15131e+22	9.88e-01	1.22e-02	2.88e-05
 9.16533e+22	9.88e-01	1.17e-02	2.69e-05
 9.17946e+22	9.89e-01	1.13e-02	2.51e-05
 9.19368e+22	9.89e-01	1.10e-02	2.34e-05
 9.20797e+22	9.89e-01	1.06e-02	2.18e-05
 9.22235e+22	9.90e-01	1.02e-02	2.03e-05
 9.23680e+22	9.90e-01	9.85e-03	1.90e-05
 9.25054e+22	9.90e-01	9.54e-03	1.78e-05
