#depth	Ne	Ne+	Ne+2	Ne+3	Ne+4	Ne+5	Ne+6	Ne+7	Ne+8	Ne+9	Ne+10
 4.62852e+21	6.87e-30	8.73e-24	6.04e-19	5.05e-15	9.21e-12	4.02e-09	6.31e-07	5.79e-05	1.74e-02	2.29e-01	7.54e-01
 1.03670e+22	1.65e-27	1.17e-21	4.44e-17	2.09e-13	2.22e-10	5.58e-08	4.78e-06	2.40e-04	4.15e-02	3.23e-01	6.35e-01
 1.19650e+22	2.75e-26	1.44e-20	4.02e-16	1.40e-12	1.13e-09	2.16e-07	1.35e-05	4.93e-04	6.34e-02	3.74e-01	5.62e-01
 1.26970e+22	1.16e-25	5.23e-20	1.25e-15	3.75e-12	2.64e-09	4.39e-07	2.33e-05	7.15e-04	7.87e-02	4.01e-01	5.20e-01
 1.30020e+22	1.67e-25	7.22e-20	1.66e-15	4.79e-12	3.26e-09	5.24e-07	2.67e-05	7.85e-04	8.31e-02	4.07e-01	5.09e-01
 1.31113e+22	2.21e-25	9.29e-20	2.07e-15	5.80e-12	3.85e-09	6.02e-07	2.98e-05	8.45e-04	8.66e-02	4.12e-01	5.01e-01
 1.32224e+22	3.16e-25	1.28e-19	2.74e-15	7.41e-12	4.75e-09	7.19e-07	3.41e-05	9.28e-04	9.14e-02	4.18e-01	4.89e-01
 1.33343e+22	4.18e-25	1.65e-19	3.42e-15	8.98e-12	5.61e-09	8.27e-07	3.80e-05	9.99e-04	9.53e-02	4.23e-01	4.81e-01
 1.34469e+22	5.99e-25	2.27e-19	4.55e-15	1.15e-11	6.95e-09	9.90e-07	4.37e-05	1.10e-03	1.01e-01	4.29e-01	4.69e-01
 1.35605e+22	7.86e-25	2.90e-19	5.64e-15	1.38e-11	8.17e-09	1.13e-06	4.86e-05	1.18e-03	1.05e-01	4.34e-01	4.60e-01
 1.36758e+22	1.12e-24	4.00e-19	7.49e-15	1.77e-11	1.01e-08	1.36e-06	5.60e-05	1.30e-03	1.10e-01	4.39e-01	4.49e-01
 1.37931e+22	1.47e-24	5.08e-19	9.25e-15	2.13e-11	1.19e-08	1.55e-06	6.21e-05	1.39e-03	1.15e-01	4.44e-01	4.40e-01
 1.39128e+22	2.09e-24	6.99e-19	1.23e-14	2.72e-11	1.47e-08	1.86e-06	7.15e-05	1.53e-03	1.21e-01	4.49e-01	4.28e-01
 1.40356e+22	2.74e-24	8.91e-19	1.52e-14	3.28e-11	1.73e-08	2.14e-06	7.96e-05	1.65e-03	1.26e-01	4.53e-01	4.19e-01
 1.41452e+22	3.58e-24	1.13e-18	1.88e-14	3.95e-11	2.03e-08	2.45e-06	8.85e-05	1.77e-03	1.31e-01	4.57e-01	4.10e-01
 1.42705e+22	5.03e-24	1.54e-18	2.47e-14	5.01e-11	2.50e-08	2.92e-06	1.01e-04	1.94e-03	1.38e-01	4.62e-01	3.98e-01
 1.43965e+22	6.51e-24	1.95e-18	3.04e-14	5.99e-11	2.93e-08	3.33e-06	1.13e-04	2.08e-03	1.43e-01	4.65e-01	3.89e-01
 1.45233e+22	9.04e-24	2.62e-18	3.96e-14	7.54e-11	3.57e-08	3.95e-06	1.28e-04	2.28e-03	1.50e-01	4.69e-01	3.78e-01
 1.46539e+22	1.18e-23	3.32e-18	4.88e-14	9.06e-11	4.20e-08	4.52e-06	1.43e-04	2.45e-03	1.56e-01	4.73e-01	3.69e-01
 1.47713e+22	1.52e-23	4.18e-18	6.00e-14	1.08e-10	4.91e-08	5.16e-06	1.58e-04	2.62e-03	1.62e-01	4.75e-01	3.60e-01
 1.49059e+22	2.10e-23	5.62e-18	7.80e-14	1.36e-10	5.99e-08	6.11e-06	1.81e-04	2.87e-03	1.70e-01	4.79e-01	3.48e-01
 1.50415e+22	2.69e-23	7.03e-18	9.52e-14	1.62e-10	6.98e-08	6.95e-06	2.00e-04	3.07e-03	1.76e-01	4.81e-01	3.39e-01
 1.51782e+22	3.70e-23	9.38e-18	1.23e-13	2.03e-10	8.50e-08	8.21e-06	2.28e-04	3.35e-03	1.85e-01	4.84e-01	3.28e-01
 1.53173e+22	4.72e-23	1.17e-17	1.50e-13	2.41e-10	9.87e-08	9.32e-06	2.52e-04	3.58e-03	1.91e-01	4.86e-01	3.19e-01
 1.54592e+22	6.48e-23	1.56e-17	1.94e-13	3.02e-10	1.20e-07	1.10e-05	2.87e-04	3.91e-03	2.00e-01	4.88e-01	3.08e-01
 1.55957e+22	8.00e-23	1.89e-17	2.30e-13	3.51e-10	1.37e-07	1.23e-05	3.13e-04	4.14e-03	2.06e-01	4.89e-01	3.01e-01
 1.57249e+22	1.06e-22	2.43e-17	2.88e-13	4.27e-10	1.63e-07	1.42e-05	3.51e-04	4.47e-03	2.14e-01	4.90e-01	2.91e-01
 1.58576e+22	1.31e-22	2.97e-17	3.44e-13	4.99e-10	1.86e-07	1.60e-05	3.84e-04	4.75e-03	2.21e-01	4.91e-01	2.83e-01
 1.59947e+22	1.75e-22	3.84e-17	4.34e-13	6.11e-10	2.23e-07	1.86e-05	4.33e-04	5.14e-03	2.30e-01	4.92e-01	2.73e-01
 1.61330e+22	2.16e-22	4.66e-17	5.16e-13	7.11e-10	2.54e-07	2.08e-05	4.72e-04	5.45e-03	2.37e-01	4.92e-01	2.66e-01
 1.62730e+22	2.86e-22	6.02e-17	6.49e-13	8.69e-10	3.03e-07	2.41e-05	5.31e-04	5.90e-03	2.46e-01	4.92e-01	2.56e-01
 1.64153e+22	3.53e-22	7.30e-17	7.72e-13	1.01e-09	3.46e-07	2.70e-05	5.79e-04	6.25e-03	2.53e-01	4.92e-01	2.48e-01
 1.65407e+22	4.36e-22	8.85e-17	9.17e-13	1.18e-09	3.95e-07	3.01e-05	6.32e-04	6.62e-03	2.60e-01	4.91e-01	2.41e-01
 1.66651e+22	5.36e-22	1.07e-16	1.09e-12	1.36e-09	4.49e-07	3.36e-05	6.89e-04	7.01e-03	2.67e-01	4.91e-01	2.34e-01
 1.68081e+22	6.98e-22	1.36e-16	1.35e-12	1.65e-09	5.31e-07	3.88e-05	7.69e-04	7.55e-03	2.77e-01	4.90e-01	2.25e-01
 1.69513e+22	8.49e-22	1.63e-16	1.59e-12	1.90e-09	6.00e-07	4.30e-05	8.34e-04	7.96e-03	2.84e-01	4.88e-01	2.19e-01
 1.70947e+22	1.10e-21	2.06e-16	1.96e-12	2.29e-09	7.07e-07	4.93e-05	9.29e-04	8.55e-03	2.94e-01	4.87e-01	2.10e-01
 1.72405e+22	1.34e-21	2.47e-16	2.31e-12	2.64e-09	8.00e-07	5.47e-05	1.01e-03	9.02e-03	3.01e-01	4.85e-01	2.04e-01
 1.73894e+22	1.73e-21	3.13e-16	2.85e-12	3.18e-09	9.42e-07	6.28e-05	1.12e-03	9.69e-03	3.11e-01	4.83e-01	1.95e-01
 1.75412e+22	2.12e-21	3.76e-16	3.37e-12	3.67e-09	1.07e-06	6.98e-05	1.22e-03	1.02e-02	3.19e-01	4.81e-01	1.89e-01
 1.76968e+22	2.75e-21	4.78e-16	4.17e-12	4.43e-09	1.26e-06	8.03e-05	1.36e-03	1.10e-02	3.29e-01	4.78e-01	1.81e-01
 1.78557e+22	3.37e-21	5.76e-16	4.94e-12	5.13e-09	1.43e-06	8.93e-05	1.48e-03	1.16e-02	3.37e-01	4.75e-01	1.74e-01
 1.80189e+22	4.38e-21	7.32e-16	6.13e-12	6.20e-09	1.69e-06	1.03e-04	1.64e-03	1.24e-02	3.48e-01	4.71e-01	1.67e-01
 1.81872e+22	5.43e-21	8.91e-16	7.31e-12	7.24e-09	1.93e-06	1.15e-04	1.79e-03	1.32e-02	3.57e-01	4.68e-01	1.60e-01
 1.83619e+22	7.12e-21	1.14e-15	9.14e-12	8.80e-09	2.29e-06	1.32e-04	2.00e-03	1.41e-02	3.68e-01	4.63e-01	1.53e-01
 1.85315e+22	8.64e-21	1.36e-15	1.07e-11	1.01e-08	2.58e-06	1.46e-04	2.16e-03	1.49e-02	3.76e-01	4.60e-01	1.47e-01
 1.86943e+22	1.11e-20	1.71e-15	1.32e-11	1.21e-08	3.02e-06	1.67e-04	2.39e-03	1.59e-02	3.86e-01	4.55e-01	1.40e-01
 1.88605e+22	1.35e-20	2.05e-15	1.55e-11	1.40e-08	3.41e-06	1.85e-04	2.59e-03	1.67e-02	3.94e-01	4.51e-01	1.35e-01
 1.90311e+22	1.73e-20	2.57e-15	1.89e-11	1.66e-08	3.97e-06	2.10e-04	2.85e-03	1.78e-02	4.04e-01	4.46e-01	1.29e-01
 1.92115e+22	2.16e-20	3.15e-15	2.28e-11	1.95e-08	4.56e-06	2.35e-04	3.12e-03	1.88e-02	4.14e-01	4.41e-01	1.23e-01
 1.93775e+22	2.67e-20	3.82e-15	2.71e-11	2.27e-08	5.20e-06	2.62e-04	3.39e-03	1.99e-02	4.22e-01	4.36e-01	1.18e-01
 1.95660e+22	3.48e-20	4.88e-15	3.37e-11	2.75e-08	6.13e-06	3.01e-04	3.76e-03	2.12e-02	4.33e-01	4.30e-01	1.12e-01
 1.97643e+22	4.40e-20	6.05e-15	4.10e-11	3.25e-08	7.09e-06	3.40e-04	4.12e-03	2.25e-02	4.43e-01	4.24e-01	1.06e-01
 1.99754e+22	5.86e-20	7.85e-15	5.17e-11	3.98e-08	8.43e-06	3.92e-04	4.59e-03	2.41e-02	4.55e-01	4.16e-01	1.00e-01
 2.01832e+22	7.35e-20	9.66e-15	6.23e-11	4.68e-08	9.69e-06	4.39e-04	5.00e-03	2.54e-02	4.64e-01	4.10e-01	9.52e-02
 2.03567e+22	9.04e-20	1.17e-14	7.38e-11	5.43e-08	1.10e-05	4.87e-04	5.42e-03	2.67e-02	4.72e-01	4.04e-01	9.09e-02
 2.05521e+22	1.18e-19	1.49e-14	9.18e-11	6.57e-08	1.30e-05	5.58e-04	6.01e-03	2.85e-02	4.83e-01	3.97e-01	8.55e-02
 2.07517e+22	1.46e-19	1.81e-14	1.10e-10	7.66e-08	1.48e-05	6.22e-04	6.52e-03	3.00e-02	4.91e-01	3.90e-01	8.14e-02
 2.09570e+22	1.91e-19	2.32e-14	1.37e-10	9.30e-08	1.75e-05	7.15e-04	7.24e-03	3.20e-02	5.02e-01	3.82e-01	7.63e-02
 2.11653e+22	2.38e-19	2.84e-14	1.64e-10	1.09e-07	2.00e-05	7.98e-04	7.86e-03	3.37e-02	5.10e-01	3.75e-01	7.24e-02
 2.13773e+22	3.13e-19	3.66e-14	2.06e-10	1.33e-07	2.38e-05	9.21e-04	8.76e-03	3.61e-02	5.21e-01	3.66e-01	6.74e-02
 2.15912e+22	3.90e-19	4.46e-14	2.47e-10	1.55e-07	2.72e-05	1.03e-03	9.50e-03	3.79e-02	5.29e-01	3.59e-01	6.39e-02
 2.18075e+22	5.12e-19	5.75e-14	3.11e-10	1.90e-07	3.24e-05	1.19e-03	1.06e-02	4.06e-02	5.40e-01	3.49e-01	5.92e-02
 2.20250e+22	6.34e-19	7.00e-14	3.71e-10	2.22e-07	3.69e-05	1.32e-03	1.15e-02	4.26e-02	5.47e-01	3.41e-01	5.60e-02
 2.22439e+22	8.28e-19	8.98e-14	4.66e-10	2.71e-07	4.40e-05	1.53e-03	1.28e-02	4.56e-02	5.57e-01	3.31e-01	5.17e-02
 2.24653e+22	1.02e-18	1.09e-13	5.57e-10	3.16e-07	5.03e-05	1.71e-03	1.39e-02	4.79e-02	5.65e-01	3.23e-01	4.86e-02
 2.26899e+22	1.33e-18	1.40e-13	6.99e-10	3.86e-07	5.99e-05	1.98e-03	1.56e-02	5.13e-02	5.74e-01	3.12e-01	4.47e-02
 2.29179e+22	1.65e-18	1.71e-13	8.37e-10	4.52e-07	6.87e-05	2.21e-03	1.69e-02	5.39e-02	5.81e-01	3.04e-01	4.19e-02
 2.31138e+22	1.99e-18	2.04e-13	9.87e-10	5.23e-07	7.81e-05	2.47e-03	1.83e-02	5.67e-02	5.88e-01	2.96e-01	3.92e-02
 2.32989e+22	2.38e-18	2.42e-13	1.15e-09	6.00e-07	8.81e-05	2.72e-03	1.98e-02	5.93e-02	5.93e-01	2.88e-01	3.69e-02
 2.35066e+22	2.97e-18	2.99e-13	1.41e-09	7.17e-07	1.03e-04	3.11e-03	2.18e-02	6.30e-02	6.00e-01	2.78e-01	3.39e-02
 2.37142e+22	3.53e-18	3.52e-13	1.64e-09	8.19e-07	1.16e-04	3.43e-03	2.35e-02	6.58e-02	6.05e-01	2.70e-01	3.18e-02
 2.39216e+22	4.33e-18	4.30e-13	1.98e-09	9.72e-07	1.35e-04	3.91e-03	2.59e-02	6.99e-02	6.12e-01	2.60e-01	2.91e-02
 2.41325e+22	5.14e-18	5.07e-13	2.31e-09	1.11e-06	1.52e-04	4.32e-03	2.79e-02	7.30e-02	6.16e-01	2.52e-01	2.72e-02
 2.43476e+22	6.28e-18	6.18e-13	2.79e-09	1.32e-06	1.78e-04	4.92e-03	3.08e-02	7.75e-02	6.21e-01	2.41e-01	2.47e-02
 2.45674e+22	7.35e-18	7.23e-13	3.24e-09	1.52e-06	2.01e-04	5.46e-03	3.33e-02	8.13e-02	6.24e-01	2.32e-01	2.29e-02
 2.47930e+22	8.92e-18	8.78e-13	3.92e-09	1.80e-06	2.35e-04	6.25e-03	3.68e-02	8.63e-02	6.28e-01	2.21e-01	2.07e-02
 2.50240e+22	1.04e-17	1.02e-12	4.56e-09	2.07e-06	2.67e-04	6.95e-03	3.99e-02	9.06e-02	6.31e-01	2.13e-01	1.90e-02
 2.52619e+22	1.24e-17	1.24e-12	5.51e-09	2.46e-06	3.13e-04	7.98e-03	4.42e-02	9.64e-02	6.33e-01	2.01e-01	1.69e-02
 2.55024e+22	1.42e-17	1.43e-12	6.37e-09	2.82e-06	3.55e-04	8.87e-03	4.79e-02	1.01e-01	6.34e-01	1.92e-01	1.55e-02
 2.57414e+22	1.65e-17	1.69e-12	7.58e-09	3.32e-06	4.13e-04	1.01e-02	5.28e-02	1.07e-01	6.34e-01	1.81e-01	1.38e-02
 2.59825e+22	1.86e-17	1.93e-12	8.71e-09	3.79e-06	4.67e-04	1.12e-02	5.71e-02	1.12e-01	6.33e-01	1.73e-01	1.25e-02
 2.62174e+22	2.10e-17	2.23e-12	1.02e-08	4.40e-06	5.38e-04	1.27e-02	6.24e-02	1.19e-01	6.32e-01	1.63e-01	1.11e-02
 2.64494e+22	2.31e-17	2.50e-12	1.16e-08	4.98e-06	6.04e-04	1.40e-02	6.70e-02	1.24e-01	6.30e-01	1.55e-01	1.01e-02
 2.66536e+22	2.51e-17	2.78e-12	1.30e-08	5.58e-06	6.72e-04	1.54e-02	7.16e-02	1.29e-01	6.27e-01	1.47e-01	9.22e-03
 2.68744e+22	2.75e-17	3.14e-12	1.49e-08	6.39e-06	7.65e-04	1.71e-02	7.75e-02	1.35e-01	6.22e-01	1.39e-01	8.21e-03
 2.70923e+22	2.96e-17	3.45e-12	1.66e-08	7.12e-06	8.47e-04	1.87e-02	8.24e-02	1.40e-01	6.18e-01	1.32e-01	7.49e-03
 2.73128e+22	3.20e-17	3.88e-12	1.91e-08	8.16e-06	9.64e-04	2.08e-02	8.89e-02	1.47e-01	6.12e-01	1.24e-01	6.64e-03
 2.75329e+22	3.42e-17	4.25e-12	2.12e-08	9.08e-06	1.06e-03	2.26e-02	9.41e-02	1.52e-01	6.07e-01	1.17e-01	6.05e-03
 2.77537e+22	3.67e-17	4.74e-12	2.42e-08	1.04e-05	1.21e-03	2.51e-02	1.01e-01	1.58e-01	5.99e-01	1.10e-01	5.35e-03
 2.79746e+22	3.90e-17	5.19e-12	2.70e-08	1.16e-05	1.33e-03	2.72e-02	1.07e-01	1.63e-01	5.93e-01	1.04e-01	4.86e-03
 2.81959e+22	4.17e-17	5.79e-12	3.09e-08	1.32e-05	1.51e-03	3.01e-02	1.14e-01	1.70e-01	5.83e-01	9.68e-02	4.29e-03
 2.84180e+22	4.42e-17	6.33e-12	3.44e-08	1.47e-05	1.67e-03	3.25e-02	1.20e-01	1.75e-01	5.76e-01	9.16e-02	3.89e-03
 2.86414e+22	4.72e-17	7.07e-12	3.94e-08	1.69e-05	1.89e-03	3.59e-02	1.28e-01	1.81e-01	5.65e-01	8.51e-02	3.42e-03
 2.88664e+22	5.01e-17	7.76e-12	4.41e-08	1.89e-05	2.09e-03	3.87e-02	1.34e-01	1.86e-01	5.56e-01	8.03e-02	3.10e-03
 2.90933e+22	5.38e-17	8.73e-12	5.09e-08	2.18e-05	2.37e-03	4.27e-02	1.42e-01	1.92e-01	5.44e-01	7.43e-02	2.71e-03
 2.93233e+22	5.73e-17	9.63e-12	5.73e-08	2.45e-05	2.62e-03	4.61e-02	1.49e-01	1.96e-01	5.34e-01	6.98e-02	2.45e-03
 2.95570e+22	6.18e-17	1.09e-11	6.67e-08	2.85e-05	2.99e-03	5.08e-02	1.58e-01	2.02e-01	5.20e-01	6.43e-02	2.13e-03
 2.97943e+22	6.66e-17	1.22e-11	7.56e-08	3.21e-05	3.31e-03	5.48e-02	1.65e-01	2.06e-01	5.08e-01	6.02e-02	1.91e-03
 3.00361e+22	7.23e-17	1.39e-11	8.89e-08	3.76e-05	3.79e-03	6.04e-02	1.74e-01	2.12e-01	4.93e-01	5.51e-02	1.65e-03
 3.02830e+22	7.92e-17	1.57e-11	1.02e-07	4.28e-05	4.21e-03	6.51e-02	1.82e-01	2.16e-01	4.80e-01	5.14e-02	1.47e-03
 3.05364e+22	8.77e-17	1.83e-11	1.22e-07	5.07e-05	4.84e-03	7.19e-02	1.91e-01	2.21e-01	4.63e-01	4.67e-02	1.26e-03
 3.07925e+22	9.69e-17	2.09e-11	1.41e-07	5.79e-05	5.39e-03	7.75e-02	1.99e-01	2.24e-01	4.50e-01	4.33e-02	1.12e-03
 3.10100e+22	1.06e-16	2.36e-11	1.61e-07	6.56e-05	5.96e-03	8.30e-02	2.06e-01	2.26e-01	4.37e-01	4.03e-02	1.00e-03
 3.12508e+22	1.20e-16	2.77e-11	1.92e-07	7.72e-05	6.78e-03	9.06e-02	2.15e-01	2.30e-01	4.20e-01	3.67e-02	8.61e-04
 3.14821e+22	1.31e-16	3.11e-11	2.18e-07	8.65e-05	7.41e-03	9.63e-02	2.22e-01	2.31e-01	4.08e-01	3.44e-02	7.76e-04
 3.17010e+22	1.48e-16	3.63e-11	2.57e-07	1.00e-04	8.32e-03	1.04e-01	2.30e-01	2.33e-01	3.92e-01	3.14e-02	6.77e-04
 3.19227e+22	1.64e-16	4.12e-11	2.93e-07	1.13e-04	9.11e-03	1.10e-01	2.36e-01	2.35e-01	3.80e-01	2.93e-02	6.07e-04
 3.21482e+22	1.87e-16	4.85e-11	3.49e-07	1.32e-04	1.02e-02	1.19e-01	2.44e-01	2.36e-01	3.64e-01	2.66e-02	5.25e-04
 3.23750e+22	2.11e-16	5.56e-11	4.00e-07	1.48e-04	1.12e-02	1.26e-01	2.50e-01	2.36e-01	3.51e-01	2.48e-02	4.70e-04
 3.26035e+22	2.45e-16	6.61e-11	4.77e-07	1.73e-04	1.26e-02	1.36e-01	2.57e-01	2.36e-01	3.35e-01	2.24e-02	4.04e-04
 3.28349e+22	2.80e-16	7.64e-11	5.50e-07	1.95e-04	1.38e-02	1.44e-01	2.63e-01	2.36e-01	3.22e-01	2.08e-02	3.60e-04
 3.30699e+22	3.30e-16	9.20e-11	6.62e-07	2.29e-04	1.55e-02	1.55e-01	2.70e-01	2.35e-01	3.05e-01	1.87e-02	3.08e-04
 3.33084e+22	3.82e-16	1.07e-10	7.68e-07	2.59e-04	1.70e-02	1.64e-01	2.75e-01	2.34e-01	2.92e-01	1.72e-02	2.72e-04
 3.35516e+22	4.60e-16	1.31e-10	9.31e-07	3.04e-04	1.91e-02	1.76e-01	2.82e-01	2.32e-01	2.76e-01	1.54e-02	2.31e-04
 3.37990e+22	5.40e-16	1.55e-10	1.09e-06	3.46e-04	2.09e-02	1.85e-01	2.87e-01	2.30e-01	2.63e-01	1.41e-02	2.03e-04
 3.40521e+22	6.65e-16	1.91e-10	1.33e-06	4.08e-04	2.35e-02	1.99e-01	2.92e-01	2.26e-01	2.46e-01	1.25e-02	1.70e-04
 3.43105e+22	7.95e-16	2.28e-10	1.56e-06	4.66e-04	2.58e-02	2.10e-01	2.96e-01	2.23e-01	2.33e-01	1.13e-02	1.48e-04
 3.45761e+22	1.00e-15	2.88e-10	1.93e-06	5.52e-04	2.91e-02	2.24e-01	3.01e-01	2.19e-01	2.16e-01	9.92e-03	1.23e-04
 3.48442e+22	1.22e-15	3.46e-10	2.27e-06	6.29e-04	3.18e-02	2.36e-01	3.04e-01	2.14e-01	2.04e-01	8.96e-03	1.06e-04
 3.51154e+22	1.56e-15	4.40e-10	2.82e-06	7.47e-04	3.58e-02	2.52e-01	3.07e-01	2.09e-01	1.88e-01	7.79e-03	8.72e-05
 3.53887e+22	1.92e-15	5.31e-10	3.33e-06	8.50e-04	3.91e-02	2.64e-01	3.09e-01	2.04e-01	1.76e-01	7.00e-03	7.50e-05
 3.56649e+22	2.51e-15	6.80e-10	4.13e-06	1.01e-03	4.38e-02	2.80e-01	3.10e-01	1.97e-01	1.62e-01	6.05e-03	6.11e-05
 3.59342e+22	3.06e-15	8.13e-10	4.81e-06	1.13e-03	4.74e-02	2.92e-01	3.11e-01	1.92e-01	1.52e-01	5.45e-03	5.30e-05
 3.61948e+22	3.97e-15	1.03e-09	5.90e-06	1.32e-03	5.26e-02	3.07e-01	3.11e-01	1.85e-01	1.39e-01	4.72e-03	4.34e-05
 3.64416e+22	4.75e-15	1.21e-09	6.75e-06	1.47e-03	5.63e-02	3.18e-01	3.10e-01	1.79e-01	1.31e-01	4.29e-03	3.80e-05
 3.66707e+22	5.96e-15	1.48e-09	7.98e-06	1.67e-03	6.11e-02	3.31e-01	3.09e-01	1.73e-01	1.21e-01	3.79e-03	3.22e-05
 3.69109e+22	7.31e-15	1.76e-09	9.26e-06	1.86e-03	6.57e-02	3.42e-01	3.07e-01	1.67e-01	1.13e-01	3.39e-03	2.77e-05
 3.71306e+22	8.92e-15	2.10e-09	1.07e-05	2.08e-03	7.04e-02	3.53e-01	3.05e-01	1.61e-01	1.05e-01	3.04e-03	2.38e-05
 3.73812e+22	1.15e-14	2.62e-09	1.28e-05	2.38e-03	7.67e-02	3.66e-01	3.02e-01	1.54e-01	9.59e-02	2.64e-03	1.97e-05
 3.76362e+22	1.43e-14	3.14e-09	1.49e-05	2.65e-03	8.23e-02	3.77e-01	2.99e-01	1.48e-01	8.88e-02	2.34e-03	1.68e-05
 3.78971e+22	1.86e-14	3.95e-09	1.79e-05	3.04e-03	8.95e-02	3.91e-01	2.94e-01	1.40e-01	8.04e-02	2.02e-03	1.37e-05
 3.81629e+22	2.33e-14	4.76e-09	2.09e-05	3.40e-03	9.58e-02	4.01e-01	2.90e-01	1.34e-01	7.40e-02	1.78e-03	1.16e-05
 3.84352e+22	3.08e-14	6.04e-09	2.52e-05	3.90e-03	1.04e-01	4.14e-01	2.84e-01	1.26e-01	6.65e-02	1.51e-03	9.33e-06
 3.87127e+22	3.89e-14	7.33e-09	2.95e-05	4.36e-03	1.11e-01	4.24e-01	2.78e-01	1.20e-01	6.07e-02	1.32e-03	7.79e-06
 3.89969e+22	5.21e-14	9.34e-09	3.57e-05	5.00e-03	1.21e-01	4.36e-01	2.71e-01	1.12e-01	5.41e-02	1.11e-03	6.21e-06
 3.92837e+22	6.57e-14	1.13e-08	4.16e-05	5.57e-03	1.29e-01	4.45e-01	2.65e-01	1.06e-01	4.92e-02	9.69e-04	5.18e-06
 3.95737e+22	8.91e-14	1.46e-08	5.07e-05	6.40e-03	1.40e-01	4.56e-01	2.56e-01	9.78e-02	4.34e-02	8.05e-04	4.06e-06
 3.98632e+22	1.12e-13	1.76e-08	5.87e-05	7.10e-03	1.48e-01	4.63e-01	2.49e-01	9.22e-02	3.94e-02	7.00e-04	3.38e-06
 4.01519e+22	1.49e-13	2.22e-08	7.03e-05	8.05e-03	1.59e-01	4.71e-01	2.41e-01	8.53e-02	3.48e-02	5.86e-04	2.68e-06
 4.04511e+22	1.93e-13	2.74e-08	8.28e-05	9.01e-03	1.69e-01	4.78e-01	2.32e-01	7.95e-02	3.11e-02	4.98e-04	2.17e-06
 4.07165e+22	2.42e-13	3.29e-08	9.55e-05	9.94e-03	1.79e-01	4.83e-01	2.25e-01	7.44e-02	2.81e-02	4.30e-04	1.79e-06
 4.10139e+22	3.23e-13	4.16e-08	1.14e-04	1.12e-02	1.91e-01	4.89e-01	2.15e-01	6.83e-02	2.46e-02	3.57e-04	1.41e-06
 4.13251e+22	4.21e-13	5.15e-08	1.35e-04	1.26e-02	2.03e-01	4.93e-01	2.06e-01	6.30e-02	2.18e-02	3.00e-04	1.12e-06
 4.16047e+22	5.33e-13	6.23e-08	1.56e-04	1.38e-02	2.13e-01	4.96e-01	1.98e-01	5.85e-02	1.95e-02	2.56e-04	9.15e-07
 4.19187e+22	7.17e-13	7.91e-08	1.87e-04	1.56e-02	2.27e-01	4.98e-01	1.88e-01	5.31e-02	1.69e-02	2.09e-04	7.07e-07
 4.22469e+22	9.43e-13	9.85e-08	2.20e-04	1.75e-02	2.40e-01	5.00e-01	1.79e-01	4.85e-02	1.48e-02	1.74e-04	5.54e-07
 4.25427e+22	1.20e-12	1.20e-07	2.55e-04	1.92e-02	2.52e-01	5.00e-01	1.71e-01	4.46e-02	1.31e-02	1.46e-04	4.45e-07
 4.28765e+22	1.64e-12	1.53e-07	3.07e-04	2.17e-02	2.68e-01	4.99e-01	1.60e-01	4.00e-02	1.12e-02	1.18e-04	3.37e-07
 4.31889e+22	2.05e-12	1.83e-07	3.51e-04	2.37e-02	2.79e-01	4.97e-01	1.53e-01	3.69e-02	9.95e-03	1.00e-04	2.74e-07
 4.34313e+22	2.49e-12	2.14e-07	3.93e-04	2.55e-02	2.89e-01	4.95e-01	1.46e-01	3.44e-02	8.99e-03	8.69e-05	2.29e-07
 4.37038e+22	3.20e-12	2.61e-07	4.56e-04	2.81e-02	3.02e-01	4.92e-01	1.38e-01	3.13e-02	7.87e-03	7.22e-05	1.81e-07
 4.39917e+22	3.99e-12	3.10e-07	5.20e-04	3.05e-02	3.13e-01	4.88e-01	1.31e-01	2.87e-02	6.98e-03	6.13e-05	1.47e-07
 4.42997e+22	5.27e-12	3.86e-07	6.11e-04	3.38e-02	3.28e-01	4.83e-01	1.23e-01	2.58e-02	6.00e-03	4.97e-05	0.00e+00
 4.46143e+22	6.70e-12	4.67e-07	7.03e-04	3.70e-02	3.41e-01	4.78e-01	1.16e-01	2.34e-02	5.24e-03	4.13e-05	0.00e+00
 4.48904e+22	8.37e-12	5.56e-07	7.99e-04	4.00e-02	3.52e-01	4.72e-01	1.09e-01	2.14e-02	4.63e-03	3.48e-05	0.00e+00
 4.52023e+22	1.10e-11	6.89e-07	9.34e-04	4.41e-02	3.67e-01	4.64e-01	1.01e-01	1.91e-02	3.96e-03	2.81e-05	0.00e+00
 4.55209e+22	1.39e-11	8.27e-07	1.07e-03	4.79e-02	3.79e-01	4.56e-01	9.50e-02	1.73e-02	3.46e-03	2.34e-05	0.00e+00
 4.58023e+22	1.73e-11	9.84e-07	1.21e-03	5.18e-02	3.90e-01	4.49e-01	8.92e-02	1.57e-02	3.03e-03	1.96e-05	0.00e+00
 4.61218e+22	2.28e-11	1.22e-06	1.41e-03	5.69e-02	4.04e-01	4.38e-01	8.23e-02	1.39e-02	2.57e-03	1.57e-05	0.00e+00
 4.64509e+22	2.89e-11	1.47e-06	1.62e-03	6.17e-02	4.16e-01	4.29e-01	7.65e-02	1.25e-02	2.22e-03	1.29e-05	0.00e+00
 4.67440e+22	3.63e-11	1.75e-06	1.84e-03	6.66e-02	4.28e-01	4.19e-01	7.13e-02	1.13e-02	1.93e-03	1.07e-05	0.00e+00
 4.70768e+22	4.80e-11	2.17e-06	2.15e-03	7.31e-02	4.41e-01	4.07e-01	6.52e-02	9.92e-03	1.62e-03	8.41e-06	0.00e+00
 4.74212e+22	6.15e-11	2.63e-06	2.46e-03	7.92e-02	4.53e-01	3.96e-01	6.00e-02	8.82e-03	1.39e-03	6.80e-06	0.00e+00
 4.77295e+22	7.75e-11	3.15e-06	2.80e-03	8.53e-02	4.63e-01	3.84e-01	5.55e-02	7.89e-03	1.20e-03	5.57e-06	0.00e+00
 4.80793e+22	1.03e-10	3.94e-06	3.28e-03	9.35e-02	4.75e-01	3.70e-01	5.01e-02	6.85e-03	9.89e-04	4.32e-06	0.00e+00
 4.84382e+22	1.33e-10	4.78e-06	3.76e-03	1.01e-01	4.85e-01	3.57e-01	4.58e-02	6.04e-03	8.37e-04	3.45e-06	0.00e+00
 4.87547e+22	1.68e-10	5.71e-06	4.27e-03	1.09e-01	4.94e-01	3.45e-01	4.20e-02	5.37e-03	7.16e-04	2.80e-06	0.00e+00
 4.91122e+22	2.24e-10	7.13e-06	4.99e-03	1.18e-01	5.04e-01	3.30e-01	3.76e-02	4.63e-03	5.87e-04	2.15e-06	0.00e+00
 4.94802e+22	2.89e-10	8.66e-06	5.72e-03	1.28e-01	5.12e-01	3.16e-01	3.40e-02	4.05e-03	4.92e-04	1.70e-06	0.00e+00
 4.98068e+22	3.66e-10	1.04e-05	6.48e-03	1.37e-01	5.19e-01	3.03e-01	3.09e-02	3.57e-03	4.17e-04	1.36e-06	0.00e+00
 5.01762e+22	4.93e-10	1.30e-05	7.59e-03	1.49e-01	5.26e-01	2.87e-01	2.73e-02	3.04e-03	3.36e-04	1.03e-06	0.00e+00
 5.05543e+22	6.32e-10	1.57e-05	8.64e-03	1.59e-01	5.32e-01	2.73e-01	2.46e-02	2.65e-03	2.81e-04	8.07e-07	0.00e+00
 5.09436e+22	8.60e-10	1.98e-05	1.02e-02	1.73e-01	5.37e-01	2.56e-01	2.15e-02	2.23e-03	2.23e-04	5.96e-07	0.00e+00
 5.13381e+22	1.11e-09	2.41e-05	1.16e-02	1.85e-01	5.40e-01	2.42e-01	1.91e-02	1.92e-03	1.84e-04	4.61e-07	0.00e+00
 5.17393e+22	1.51e-09	3.03e-05	1.36e-02	2.01e-01	5.42e-01	2.26e-01	1.66e-02	1.61e-03	1.45e-04	3.39e-07	0.00e+00
 5.21510e+22	1.97e-09	3.70e-05	1.55e-02	2.15e-01	5.42e-01	2.11e-01	1.46e-02	1.37e-03	1.18e-04	2.57e-07	0.00e+00
 5.25153e+22	2.53e-09	4.47e-05	1.76e-02	2.28e-01	5.42e-01	1.98e-01	1.29e-02	1.18e-03	9.65e-05	1.98e-07	0.00e+00
 5.29282e+22	3.45e-09	5.64e-05	2.06e-02	2.46e-01	5.39e-01	1.82e-01	1.10e-02	9.72e-04	7.49e-05	1.42e-07	0.00e+00
 5.33536e+22	4.50e-09	6.87e-05	2.35e-02	2.61e-01	5.35e-01	1.69e-01	9.58e-03	8.22e-04	6.01e-05	0.00e+00	0.00e+00
 5.37333e+22	5.80e-09	8.30e-05	2.67e-02	2.77e-01	5.30e-01	1.57e-01	8.35e-03	6.99e-04	4.84e-05	0.00e+00	0.00e+00
 5.41650e+22	7.98e-09	1.05e-04	3.12e-02	2.96e-01	5.22e-01	1.43e-01	7.00e-03	5.67e-04	3.68e-05	0.00e+00	0.00e+00
 5.45990e+22	1.03e-08	1.27e-04	3.52e-02	3.12e-01	5.15e-01	1.31e-01	6.06e-03	4.79e-04	2.95e-05	0.00e+00	0.00e+00
 5.50359e+22	1.42e-08	1.61e-04	4.11e-02	3.33e-01	5.03e-01	1.18e-01	5.02e-03	3.84e-04	2.20e-05	0.00e+00	0.00e+00
 5.54596e+22	1.77e-08	1.89e-04	4.58e-02	3.47e-01	4.93e-01	1.09e-01	4.38e-03	3.28e-04	1.79e-05	0.00e+00	0.00e+00
 5.58038e+22	2.19e-08	2.21e-04	5.06e-02	3.61e-01	4.83e-01	1.01e-01	3.84e-03	2.82e-04	1.46e-05	0.00e+00	0.00e+00
 5.61892e+22	2.87e-08	2.70e-04	5.74e-02	3.78e-01	4.70e-01	9.08e-02	3.23e-03	2.31e-04	1.13e-05	0.00e+00	0.00e+00
 5.65765e+22	3.56e-08	3.15e-04	6.34e-02	3.92e-01	4.58e-01	8.34e-02	2.81e-03	1.97e-04	9.17e-06	0.00e+00	0.00e+00
 5.69663e+22	4.64e-08	3.83e-04	7.16e-02	4.09e-01	4.42e-01	7.47e-02	2.35e-03	1.61e-04	7.03e-06	0.00e+00	0.00e+00
 5.73619e+22	5.78e-08	4.49e-04	7.91e-02	4.22e-01	4.28e-01	6.80e-02	2.02e-03	1.36e-04	5.62e-06	0.00e+00	0.00e+00
 5.77652e+22	7.51e-08	5.43e-04	8.90e-02	4.37e-01	4.11e-01	6.05e-02	1.68e-03	1.10e-04	4.28e-06	0.00e+00	0.00e+00
 5.81771e+22	9.47e-08	6.41e-04	9.86e-02	4.50e-01	3.95e-01	5.43e-02	1.42e-03	9.16e-05	3.34e-06	0.00e+00	0.00e+00
 5.85373e+22	1.16e-07	7.42e-04	1.08e-01	4.61e-01	3.80e-01	4.92e-02	1.22e-03	7.73e-05	2.68e-06	0.00e+00	0.00e+00
 5.88719e+22	1.40e-07	8.49e-04	1.17e-01	4.71e-01	3.66e-01	4.47e-02	1.05e-03	6.58e-05	2.17e-06	0.00e+00	0.00e+00
 5.91873e+22	1.67e-07	9.61e-04	1.26e-01	4.79e-01	3.52e-01	4.09e-02	9.22e-04	5.66e-05	1.78e-06	0.00e+00	0.00e+00
 5.95486e+22	2.09e-07	1.13e-03	1.39e-01	4.88e-01	3.35e-01	3.63e-02	7.72e-04	4.65e-05	1.38e-06	0.00e+00	0.00e+00
 5.99159e+22	2.53e-07	1.29e-03	1.50e-01	4.96e-01	3.19e-01	3.27e-02	6.61e-04	3.91e-05	1.10e-06	0.00e+00	0.00e+00
 6.02388e+22	3.03e-07	1.46e-03	1.62e-01	5.02e-01	3.05e-01	2.95e-02	5.69e-04	3.32e-05	8.89e-07	0.00e+00	0.00e+00
 6.06065e+22	3.77e-07	1.71e-03	1.77e-01	5.08e-01	2.87e-01	2.59e-02	4.72e-04	2.69e-05	6.79e-07	0.00e+00	0.00e+00
 6.09800e+22	4.56e-07	1.95e-03	1.91e-01	5.12e-01	2.72e-01	2.31e-02	4.00e-04	2.25e-05	5.37e-07	0.00e+00	0.00e+00
 6.13093e+22	5.42e-07	2.20e-03	2.04e-01	5.15e-01	2.58e-01	2.07e-02	3.42e-04	1.89e-05	4.30e-07	0.00e+00	0.00e+00
 6.16855e+22	6.77e-07	2.57e-03	2.23e-01	5.17e-01	2.40e-01	1.79e-02	2.79e-04	1.51e-05	3.22e-07	0.00e+00	0.00e+00
 6.20659e+22	8.08e-07	2.90e-03	2.39e-01	5.17e-01	2.25e-01	1.59e-02	2.36e-04	1.25e-05	2.54e-07	0.00e+00	0.00e+00
 6.24515e+22	1.01e-06	3.37e-03	2.59e-01	5.16e-01	2.08e-01	1.36e-02	1.91e-04	9.93e-06	1.88e-07	0.00e+00	0.00e+00
 6.28426e+22	1.21e-06	3.83e-03	2.77e-01	5.14e-01	1.93e-01	1.19e-02	1.60e-04	8.12e-06	1.46e-07	0.00e+00	0.00e+00
 6.32406e+22	1.50e-06	4.44e-03	3.00e-01	5.09e-01	1.77e-01	1.01e-02	1.28e-04	6.34e-06	0.00e+00	0.00e+00	0.00e+00
 6.36431e+22	1.80e-06	5.02e-03	3.20e-01	5.03e-01	1.63e-01	8.76e-03	1.06e-04	5.13e-06	0.00e+00	0.00e+00	0.00e+00
 6.40514e+22	2.24e-06	5.82e-03	3.45e-01	4.95e-01	1.48e-01	7.33e-03	8.35e-05	3.95e-06	0.00e+00	0.00e+00	0.00e+00
 6.44650e+22	2.68e-06	6.58e-03	3.66e-01	4.86e-01	1.35e-01	6.28e-03	6.81e-05	3.15e-06	0.00e+00	0.00e+00	0.00e+00
 6.48853e+22	3.33e-06	7.61e-03	3.93e-01	4.74e-01	1.21e-01	5.19e-03	5.33e-05	2.38e-06	0.00e+00	0.00e+00	0.00e+00
 6.53130e+22	3.99e-06	8.60e-03	4.16e-01	4.62e-01	1.09e-01	4.38e-03	4.30e-05	1.87e-06	0.00e+00	0.00e+00	0.00e+00
 6.57504e+22	4.96e-06	9.94e-03	4.45e-01	4.45e-01	9.59e-02	3.55e-03	3.30e-05	1.39e-06	0.00e+00	0.00e+00	0.00e+00
 6.61963e+22	5.96e-06	1.12e-02	4.70e-01	4.30e-01	8.55e-02	2.95e-03	2.62e-05	1.07e-06	0.00e+00	0.00e+00	0.00e+00
 6.64729e+22	6.41e-06	1.18e-02	4.81e-01	4.23e-01	8.14e-02	2.73e-03	2.37e-05	9.58e-07	0.00e+00	0.00e+00	0.00e+00
 6.66070e+22	6.70e-06	1.22e-02	4.87e-01	4.19e-01	7.90e-02	2.60e-03	2.24e-05	8.97e-07	0.00e+00	0.00e+00	0.00e+00
 6.67363e+22	7.17e-06	1.27e-02	4.96e-01	4.13e-01	7.56e-02	2.42e-03	2.05e-05	8.12e-07	0.00e+00	0.00e+00	0.00e+00
 6.69044e+22	7.73e-06	1.34e-02	5.07e-01	4.06e-01	7.18e-02	2.24e-03	1.86e-05	7.25e-07	0.00e+00	0.00e+00	0.00e+00
 6.71230e+22	8.59e-06	1.43e-02	5.22e-01	3.95e-01	6.67e-02	1.99e-03	1.61e-05	6.17e-07	0.00e+00	0.00e+00	0.00e+00
 6.74071e+22	9.92e-06	1.57e-02	5.42e-01	3.81e-01	6.02e-02	1.70e-03	1.33e-05	4.95e-07	0.00e+00	0.00e+00	0.00e+00
 6.77023e+22	1.11e-05	1.69e-02	5.58e-01	3.69e-01	5.53e-02	1.49e-03	1.14e-05	4.13e-07	0.00e+00	0.00e+00	0.00e+00
 6.80121e+22	1.28e-05	1.86e-02	5.78e-01	3.53e-01	4.95e-02	1.26e-03	9.29e-06	3.27e-07	0.00e+00	0.00e+00	0.00e+00
 6.83404e+22	1.46e-05	2.03e-02	5.96e-01	3.38e-01	4.45e-02	1.07e-03	7.67e-06	2.63e-07	0.00e+00	0.00e+00	0.00e+00
 6.86930e+22	1.73e-05	2.25e-02	6.18e-01	3.19e-01	3.88e-02	8.76e-04	6.03e-06	1.99e-07	0.00e+00	0.00e+00	0.00e+00
 6.90407e+22	1.96e-05	2.44e-02	6.36e-01	3.04e-01	3.48e-02	7.45e-04	4.98e-06	1.59e-07	0.00e+00	0.00e+00	0.00e+00
 6.93823e+22	2.29e-05	2.70e-02	6.56e-01	2.86e-01	3.02e-02	6.08e-04	3.93e-06	0.00e+00	0.00e+00	0.00e+00	0.00e+00
 6.97295e+22	2.61e-05	2.93e-02	6.73e-01	2.71e-01	2.68e-02	5.10e-04	3.21e-06	0.00e+00	0.00e+00	0.00e+00	0.00e+00
 7.00839e+22	3.06e-05	3.24e-02	6.92e-01	2.52e-01	2.30e-02	4.10e-04	2.50e-06	0.00e+00	0.00e+00	0.00e+00	0.00e+00
 7.04400e+22	3.49e-05	3.52e-02	7.08e-01	2.36e-01	2.01e-02	3.40e-04	2.01e-06	0.00e+00	0.00e+00	0.00e+00	0.00e+00
 7.07984e+22	4.11e-05	3.89e-02	7.26e-01	2.18e-01	1.70e-02	2.69e-04	1.54e-06	0.00e+00	0.00e+00	0.00e+00	0.00e+00
 7.11544e+22	4.70e-05	4.24e-02	7.40e-01	2.03e-01	1.48e-02	2.21e-04	1.23e-06	0.00e+00	0.00e+00	0.00e+00	0.00e+00
 7.15074e+22	5.52e-05	4.66e-02	7.56e-01	1.85e-01	1.24e-02	1.73e-04	9.40e-07	0.00e+00	0.00e+00	0.00e+00	0.00e+00
 7.18619e+22	6.34e-05	5.07e-02	7.68e-01	1.71e-01	1.06e-02	1.41e-04	7.43e-07	0.00e+00	0.00e+00	0.00e+00	0.00e+00
 7.22182e+22	7.49e-05	5.59e-02	7.81e-01	1.54e-01	8.73e-03	1.08e-04	5.56e-07	0.00e+00	0.00e+00	0.00e+00	0.00e+00
 7.25716e+22	8.63e-05	6.07e-02	7.91e-01	1.41e-01	7.40e-03	8.69e-05	4.35e-07	0.00e+00	0.00e+00	0.00e+00	0.00e+00
 7.29211e+22	1.02e-04	6.67e-02	8.01e-01	1.26e-01	6.02e-03	6.63e-05	3.23e-07	0.00e+00	0.00e+00	0.00e+00	0.00e+00
 7.32666e+22	1.17e-04	7.23e-02	8.08e-01	1.14e-01	5.06e-03	5.29e-05	2.51e-07	0.00e+00	0.00e+00	0.00e+00	0.00e+00
 7.36069e+22	1.38e-04	7.92e-02	8.16e-01	1.01e-01	4.06e-03	3.98e-05	1.84e-07	0.00e+00	0.00e+00	0.00e+00	0.00e+00
 7.39397e+22	1.58e-04	8.54e-02	8.20e-01	9.08e-02	3.39e-03	3.16e-05	1.42e-07	0.00e+00	0.00e+00	0.00e+00	0.00e+00
 7.42630e+22	1.86e-04	9.31e-02	8.24e-01	7.97e-02	2.70e-03	2.37e-05	0.00e+00	0.00e+00	0.00e+00	0.00e+00	0.00e+00
 7.45817e+22	2.13e-04	1.00e-01	8.26e-01	7.12e-02	2.23e-03	1.87e-05	0.00e+00	0.00e+00	0.00e+00	0.00e+00	0.00e+00
 7.48945e+22	2.50e-04	1.08e-01	8.28e-01	6.19e-02	1.76e-03	1.38e-05	0.00e+00	0.00e+00	0.00e+00	0.00e+00	0.00e+00
 7.52040e+22	2.86e-04	1.16e-01	8.27e-01	5.48e-02	1.44e-03	1.08e-05	0.00e+00	0.00e+00	0.00e+00	0.00e+00	0.00e+00
 7.54674e+22	3.25e-04	1.24e-01	8.26e-01	4.87e-02	1.18e-03	8.46e-06	0.00e+00	0.00e+00	0.00e+00	0.00e+00	0.00e+00
 7.57277e+22	3.66e-04	1.31e-01	8.24e-01	4.32e-02	9.72e-04	6.65e-06	0.00e+00	0.00e+00	0.00e+00	0.00e+00	0.00e+00
 7.60256e+22	4.26e-04	1.41e-01	8.21e-01	3.69e-02	7.54e-04	4.87e-06	0.00e+00	0.00e+00	0.00e+00	0.00e+00	0.00e+00
 7.63240e+22	4.87e-04	1.50e-01	8.16e-01	3.20e-02	6.02e-04	3.70e-06	0.00e+00	0.00e+00	0.00e+00	0.00e+00	0.00e+00
 7.65749e+22	5.47e-04	1.59e-01	8.12e-01	2.81e-02	4.90e-04	2.88e-06	0.00e+00	0.00e+00	0.00e+00	0.00e+00	0.00e+00
 7.68533e+22	6.32e-04	1.70e-01	8.06e-01	2.38e-02	3.77e-04	2.09e-06	0.00e+00	0.00e+00	0.00e+00	0.00e+00	0.00e+00
 7.71359e+22	7.14e-04	1.79e-01	8.00e-01	2.04e-02	2.98e-04	1.58e-06	0.00e+00	0.00e+00	0.00e+00	0.00e+00	0.00e+00
 7.73769e+22	7.99e-04	1.88e-01	7.93e-01	1.76e-02	2.40e-04	1.21e-06	0.00e+00	0.00e+00	0.00e+00	0.00e+00	0.00e+00
 7.76428e+22	9.16e-04	1.99e-01	7.85e-01	1.47e-02	1.83e-04	8.68e-07	0.00e+00	0.00e+00	0.00e+00	0.00e+00	0.00e+00
 7.79134e+22	1.03e-03	2.10e-01	7.77e-01	1.23e-02	1.42e-04	6.36e-07	0.00e+00	0.00e+00	0.00e+00	0.00e+00	0.00e+00
 7.81403e+22	1.15e-03	2.19e-01	7.69e-01	1.05e-02	1.14e-04	4.80e-07	0.00e+00	0.00e+00	0.00e+00	0.00e+00	0.00e+00
 7.83854e+22	1.31e-03	2.30e-01	7.60e-01	8.60e-03	8.64e-05	3.37e-07	0.00e+00	0.00e+00	0.00e+00	0.00e+00	0.00e+00
 7.86368e+22	1.48e-03	2.41e-01	7.51e-01	7.03e-03	6.62e-05	2.38e-07	0.00e+00	0.00e+00	0.00e+00	0.00e+00	0.00e+00
 7.88418e+22	1.64e-03	2.50e-01	7.43e-01	5.88e-03	5.26e-05	1.75e-07	0.00e+00	0.00e+00	0.00e+00	0.00e+00	0.00e+00
 7.90209e+22	1.81e-03	2.58e-01	7.35e-01	4.95e-03	4.25e-05	1.30e-07	0.00e+00	0.00e+00	0.00e+00	0.00e+00	0.00e+00
 7.92205e+22	2.04e-03	2.69e-01	7.25e-01	3.99e-03	3.26e-05	0.00e+00	0.00e+00	0.00e+00	0.00e+00	0.00e+00	0.00e+00
 7.94250e+22	2.30e-03	2.79e-01	7.16e-01	3.18e-03	2.51e-05	0.00e+00	0.00e+00	0.00e+00	0.00e+00	0.00e+00	0.00e+00
 7.95878e+22	2.55e-03	2.87e-01	7.08e-01	2.60e-03	2.00e-05	0.00e+00	0.00e+00	0.00e+00	0.00e+00	0.00e+00	0.00e+00
 7.97231e+22	2.79e-03	2.94e-01	7.01e-01	2.17e-03	1.64e-05	0.00e+00	0.00e+00	0.00e+00	0.00e+00	0.00e+00	0.00e+00
 7.98705e+22	3.14e-03	3.04e-01	6.92e-01	1.73e-03	1.28e-05	0.00e+00	0.00e+00	0.00e+00	0.00e+00	0.00e+00	0.00e+00
 8.00259e+22	3.51e-03	3.12e-01	6.84e-01	1.36e-03	9.99e-06	0.00e+00	0.00e+00	0.00e+00	0.00e+00	0.00e+00	0.00e+00
 8.01547e+22	3.93e-03	3.19e-01	6.76e-01	1.08e-03	7.94e-06	0.00e+00	0.00e+00	0.00e+00	0.00e+00	0.00e+00	0.00e+00
 8.02574e+22	4.31e-03	3.25e-01	6.70e-01	8.94e-04	6.56e-06	0.00e+00	0.00e+00	0.00e+00	0.00e+00	0.00e+00	0.00e+00
 8.03462e+22	4.70e-03	3.31e-01	6.64e-01	7.48e-04	5.50e-06	0.00e+00	0.00e+00	0.00e+00	0.00e+00	0.00e+00	0.00e+00
 8.04307e+22	5.15e-03	3.36e-01	6.58e-01	6.26e-04	4.61e-06	0.00e+00	0.00e+00	0.00e+00	0.00e+00	0.00e+00	0.00e+00
 8.05111e+22	5.64e-03	3.41e-01	6.53e-01	5.23e-04	3.88e-06	0.00e+00	0.00e+00	0.00e+00	0.00e+00	0.00e+00	0.00e+00
 8.05842e+22	6.15e-03	3.46e-01	6.48e-01	4.42e-04	3.30e-06	0.00e+00	0.00e+00	0.00e+00	0.00e+00	0.00e+00	0.00e+00
 8.06497e+22	6.66e-03	3.50e-01	6.43e-01	3.78e-04	2.84e-06	0.00e+00	0.00e+00	0.00e+00	0.00e+00	0.00e+00	0.00e+00
 8.07101e+22	7.20e-03	3.53e-01	6.40e-01	3.26e-04	2.47e-06	0.00e+00	0.00e+00	0.00e+00	0.00e+00	0.00e+00	0.00e+00
 8.07676e+22	7.77e-03	3.56e-01	6.36e-01	2.83e-04	2.16e-06	0.00e+00	0.00e+00	0.00e+00	0.00e+00	0.00e+00	0.00e+00
 8.08227e+22	8.36e-03	3.59e-01	6.33e-01	2.47e-04	1.90e-06	0.00e+00	0.00e+00	0.00e+00	0.00e+00	0.00e+00	0.00e+00
 8.08752e+22	8.96e-03	3.61e-01	6.30e-01	2.18e-04	1.69e-06	0.00e+00	0.00e+00	0.00e+00	0.00e+00	0.00e+00	0.00e+00
 8.09256e+22	9.61e-03	3.63e-01	6.27e-01	1.93e-04	1.51e-06	0.00e+00	0.00e+00	0.00e+00	0.00e+00	0.00e+00	0.00e+00
 8.09743e+22	1.03e-02	3.65e-01	6.25e-01	1.72e-04	1.36e-06	0.00e+00	0.00e+00	0.00e+00	0.00e+00	0.00e+00	0.00e+00
 8.10194e+22	1.10e-02	3.67e-01	6.22e-01	1.56e-04	1.24e-06	0.00e+00	0.00e+00	0.00e+00	0.00e+00	0.00e+00	0.00e+00
 8.10598e+22	1.16e-02	3.68e-01	6.20e-01	1.43e-04	1.14e-06	0.00e+00	0.00e+00	0.00e+00	0.00e+00	0.00e+00	0.00e+00
 8.10965e+22	1.23e-02	3.70e-01	6.18e-01	1.32e-04	1.07e-06	0.00e+00	0.00e+00	0.00e+00	0.00e+00	0.00e+00	0.00e+00
 8.11318e+22	1.29e-02	3.72e-01	6.15e-01	1.23e-04	1.00e-06	0.00e+00	0.00e+00	0.00e+00	0.00e+00	0.00e+00	0.00e+00
 8.11665e+22	1.36e-02	3.73e-01	6.13e-01	1.16e-04	9.46e-07	0.00e+00	0.00e+00	0.00e+00	0.00e+00	0.00e+00	0.00e+00
 8.11998e+22	1.43e-02	3.75e-01	6.10e-01	1.09e-04	8.97e-07	0.00e+00	0.00e+00	0.00e+00	0.00e+00	0.00e+00	0.00e+00
 8.12317e+22	1.51e-02	3.77e-01	6.08e-01	1.03e-04	8.55e-07	0.00e+00	0.00e+00	0.00e+00	0.00e+00	0.00e+00	0.00e+00
 8.12571e+22	1.56e-02	3.78e-01	6.06e-01	9.93e-05	8.27e-07	0.00e+00	0.00e+00	0.00e+00	0.00e+00	0.00e+00	0.00e+00
 8.12749e+22	1.61e-02	3.80e-01	6.04e-01	9.66e-05	8.07e-07	0.00e+00	0.00e+00	0.00e+00	0.00e+00	0.00e+00	0.00e+00
 8.12921e+22	1.65e-02	3.81e-01	6.02e-01	9.40e-05	7.88e-07	0.00e+00	0.00e+00	0.00e+00	0.00e+00	0.00e+00	0.00e+00
 8.13127e+22	1.71e-02	3.83e-01	5.99e-01	9.10e-05	7.66e-07	0.00e+00	0.00e+00	0.00e+00	0.00e+00	0.00e+00	0.00e+00
 8.13355e+22	1.78e-02	3.86e-01	5.96e-01	8.79e-05	7.43e-07	0.00e+00	0.00e+00	0.00e+00	0.00e+00	0.00e+00	0.00e+00
 8.13572e+22	1.84e-02	3.87e-01	5.94e-01	8.53e-05	7.25e-07	0.00e+00	0.00e+00	0.00e+00	0.00e+00	0.00e+00	0.00e+00
 8.13780e+22	1.91e-02	3.90e-01	5.91e-01	8.28e-05	7.06e-07	0.00e+00	0.00e+00	0.00e+00	0.00e+00	0.00e+00	0.00e+00
 8.13992e+22	1.97e-02	3.92e-01	5.89e-01	8.04e-05	6.89e-07	0.00e+00	0.00e+00	0.00e+00	0.00e+00	0.00e+00	0.00e+00
 8.14213e+22	2.05e-02	3.94e-01	5.85e-01	7.80e-05	6.71e-07	0.00e+00	0.00e+00	0.00e+00	0.00e+00	0.00e+00	0.00e+00
 8.14441e+22	2.13e-02	3.97e-01	5.82e-01	7.56e-05	6.54e-07	0.00e+00	0.00e+00	0.00e+00	0.00e+00	0.00e+00	0.00e+00
 8.14665e+22	2.21e-02	3.99e-01	5.79e-01	7.35e-05	6.38e-07	0.00e+00	0.00e+00	0.00e+00	0.00e+00	0.00e+00	0.00e+00
 8.14890e+22	2.30e-02	4.02e-01	5.75e-01	7.15e-05	6.23e-07	0.00e+00	0.00e+00	0.00e+00	0.00e+00	0.00e+00	0.00e+00
 8.15122e+22	2.39e-02	4.04e-01	5.72e-01	6.94e-05	6.08e-07	0.00e+00	0.00e+00	0.00e+00	0.00e+00	0.00e+00	0.00e+00
 8.15361e+22	2.49e-02	4.07e-01	5.68e-01	6.74e-05	5.93e-07	0.00e+00	0.00e+00	0.00e+00	0.00e+00	0.00e+00	0.00e+00
 8.15602e+22	2.59e-02	4.10e-01	5.64e-01	6.56e-05	5.80e-07	0.00e+00	0.00e+00	0.00e+00	0.00e+00	0.00e+00	0.00e+00
 8.15843e+22	2.69e-02	4.13e-01	5.60e-01	6.38e-05	5.67e-07	0.00e+00	0.00e+00	0.00e+00	0.00e+00	0.00e+00	0.00e+00
 8.16089e+22	2.80e-02	4.16e-01	5.56e-01	6.20e-05	5.54e-07	0.00e+00	0.00e+00	0.00e+00	0.00e+00	0.00e+00	0.00e+00
 8.16343e+22	2.91e-02	4.20e-01	5.51e-01	6.03e-05	5.41e-07	0.00e+00	0.00e+00	0.00e+00	0.00e+00	0.00e+00	0.00e+00
 8.16602e+22	3.03e-02	4.23e-01	5.47e-01	5.87e-05	5.29e-07	0.00e+00	0.00e+00	0.00e+00	0.00e+00	0.00e+00	0.00e+00
 8.16864e+22	3.16e-02	4.26e-01	5.42e-01	5.71e-05	5.17e-07	0.00e+00	0.00e+00	0.00e+00	0.00e+00	0.00e+00	0.00e+00
 8.17131e+22	3.29e-02	4.30e-01	5.37e-01	5.56e-05	5.06e-07	0.00e+00	0.00e+00	0.00e+00	0.00e+00	0.00e+00	0.00e+00
 8.17405e+22	3.43e-02	4.33e-01	5.33e-01	5.41e-05	4.95e-07	0.00e+00	0.00e+00	0.00e+00	0.00e+00	0.00e+00	0.00e+00
 8.17687e+22	3.57e-02	4.37e-01	5.27e-01	5.27e-05	4.84e-07	0.00e+00	0.00e+00	0.00e+00	0.00e+00	0.00e+00	0.00e+00
 8.17976e+22	3.72e-02	4.40e-01	5.22e-01	5.13e-05	4.73e-07	0.00e+00	0.00e+00	0.00e+00	0.00e+00	0.00e+00	0.00e+00
 8.18272e+22	3.88e-02	4.44e-01	5.17e-01	4.99e-05	4.63e-07	0.00e+00	0.00e+00	0.00e+00	0.00e+00	0.00e+00	0.00e+00
 8.18577e+22	4.04e-02	4.48e-01	5.12e-01	4.86e-05	4.53e-07	0.00e+00	0.00e+00	0.00e+00	0.00e+00	0.00e+00	0.00e+00
 8.18891e+22	4.21e-02	4.52e-01	5.06e-01	4.73e-05	4.44e-07	0.00e+00	0.00e+00	0.00e+00	0.00e+00	0.00e+00	0.00e+00
 8.19213e+22	4.38e-02	4.55e-01	5.01e-01	4.61e-05	4.35e-07	0.00e+00	0.00e+00	0.00e+00	0.00e+00	0.00e+00	0.00e+00
 8.19538e+22	4.56e-02	4.59e-01	4.95e-01	4.50e-05	4.26e-07	0.00e+00	0.00e+00	0.00e+00	0.00e+00	0.00e+00	0.00e+00
 8.19871e+22	4.74e-02	4.63e-01	4.90e-01	4.38e-05	4.17e-07	0.00e+00	0.00e+00	0.00e+00	0.00e+00	0.00e+00	0.00e+00
 8.20218e+22	4.93e-02	4.67e-01	4.84e-01	4.27e-05	4.08e-07	0.00e+00	0.00e+00	0.00e+00	0.00e+00	0.00e+00	0.00e+00
 8.20575e+22	5.13e-02	4.71e-01	4.78e-01	4.17e-05	4.00e-07	0.00e+00	0.00e+00	0.00e+00	0.00e+00	0.00e+00	0.00e+00
 8.20940e+22	5.32e-02	4.74e-01	4.72e-01	4.07e-05	3.92e-07	0.00e+00	0.00e+00	0.00e+00	0.00e+00	0.00e+00	0.00e+00
 8.21316e+22	5.53e-02	4.78e-01	4.67e-01	3.97e-05	3.84e-07	0.00e+00	0.00e+00	0.00e+00	0.00e+00	0.00e+00	0.00e+00
 8.21713e+22	5.75e-02	4.82e-01	4.61e-01	3.87e-05	3.76e-07	0.00e+00	0.00e+00	0.00e+00	0.00e+00	0.00e+00	0.00e+00
 8.22133e+22	5.97e-02	4.86e-01	4.54e-01	3.77e-05	3.69e-07	0.00e+00	0.00e+00	0.00e+00	0.00e+00	0.00e+00	0.00e+00
 8.22574e+22	6.19e-02	4.89e-01	4.49e-01	3.68e-05	3.61e-07	0.00e+00	0.00e+00	0.00e+00	0.00e+00	0.00e+00	0.00e+00
 8.23038e+22	6.43e-02	4.93e-01	4.42e-01	3.58e-05	3.53e-07	0.00e+00	0.00e+00	0.00e+00	0.00e+00	0.00e+00	0.00e+00
 8.23534e+22	6.69e-02	4.97e-01	4.36e-01	3.48e-05	3.45e-07	0.00e+00	0.00e+00	0.00e+00	0.00e+00	0.00e+00	0.00e+00
 8.24073e+22	6.97e-02	5.01e-01	4.29e-01	3.38e-05	3.36e-07	0.00e+00	0.00e+00	0.00e+00	0.00e+00	0.00e+00	0.00e+00
 8.24659e+22	7.26e-02	5.06e-01	4.22e-01	3.28e-05	3.27e-07	0.00e+00	0.00e+00	0.00e+00	0.00e+00	0.00e+00	0.00e+00
 8.25295e+22	7.59e-02	5.10e-01	4.14e-01	3.17e-05	3.18e-07	0.00e+00	0.00e+00	0.00e+00	0.00e+00	0.00e+00	0.00e+00
 8.25965e+22	7.92e-02	5.14e-01	4.06e-01	3.06e-05	3.08e-07	0.00e+00	0.00e+00	0.00e+00	0.00e+00	0.00e+00	0.00e+00
 8.26645e+22	8.28e-02	5.19e-01	3.99e-01	2.95e-05	2.99e-07	0.00e+00	0.00e+00	0.00e+00	0.00e+00	0.00e+00	0.00e+00
 8.27321e+22	8.63e-02	5.23e-01	3.91e-01	2.85e-05	2.90e-07	0.00e+00	0.00e+00	0.00e+00	0.00e+00	0.00e+00	0.00e+00
 8.27998e+22	8.98e-02	5.26e-01	3.84e-01	2.75e-05	2.81e-07	0.00e+00	0.00e+00	0.00e+00	0.00e+00	0.00e+00	0.00e+00
 8.28698e+22	9.35e-02	5.30e-01	3.76e-01	2.63e-05	2.72e-07	0.00e+00	0.00e+00	0.00e+00	0.00e+00	0.00e+00	0.00e+00
 8.29421e+22	9.74e-02	5.34e-01	3.69e-01	2.50e-05	2.63e-07	0.00e+00	0.00e+00	0.00e+00	0.00e+00	0.00e+00	0.00e+00
 8.30147e+22	1.02e-01	5.37e-01	3.61e-01	2.38e-05	2.54e-07	0.00e+00	0.00e+00	0.00e+00	0.00e+00	0.00e+00	0.00e+00
 8.30841e+22	1.05e-01	5.41e-01	3.54e-01	2.27e-05	2.46e-07	0.00e+00	0.00e+00	0.00e+00	0.00e+00	0.00e+00	0.00e+00
 8.31525e+22	1.10e-01	5.44e-01	3.47e-01	2.16e-05	2.37e-07	0.00e+00	0.00e+00	0.00e+00	0.00e+00	0.00e+00	0.00e+00
 8.32221e+22	1.14e-01	5.47e-01	3.40e-01	2.06e-05	2.29e-07	0.00e+00	0.00e+00	0.00e+00	0.00e+00	0.00e+00	0.00e+00
 8.32906e+22	1.18e-01	5.49e-01	3.32e-01	1.96e-05	2.21e-07	0.00e+00	0.00e+00	0.00e+00	0.00e+00	0.00e+00	0.00e+00
 8.33574e+22	1.22e-01	5.52e-01	3.26e-01	1.87e-05	2.14e-07	0.00e+00	0.00e+00	0.00e+00	0.00e+00	0.00e+00	0.00e+00
 8.34226e+22	1.27e-01	5.54e-01	3.19e-01	1.79e-05	2.06e-07	0.00e+00	0.00e+00	0.00e+00	0.00e+00	0.00e+00	0.00e+00
 8.34862e+22	1.31e-01	5.57e-01	3.12e-01	1.71e-05	1.99e-07	0.00e+00	0.00e+00	0.00e+00	0.00e+00	0.00e+00	0.00e+00
 8.35480e+22	1.36e-01	5.59e-01	3.05e-01	1.63e-05	1.92e-07	0.00e+00	0.00e+00	0.00e+00	0.00e+00	0.00e+00	0.00e+00
 8.36080e+22	1.41e-01	5.61e-01	2.99e-01	1.56e-05	1.86e-07	0.00e+00	0.00e+00	0.00e+00	0.00e+00	0.00e+00	0.00e+00
 8.36661e+22	1.45e-01	5.62e-01	2.92e-01	1.50e-05	1.79e-07	0.00e+00	0.00e+00	0.00e+00	0.00e+00	0.00e+00	0.00e+00
 8.37224e+22	1.50e-01	5.64e-01	2.86e-01	1.43e-05	1.73e-07	0.00e+00	0.00e+00	0.00e+00	0.00e+00	0.00e+00	0.00e+00
 8.37770e+22	1.55e-01	5.65e-01	2.80e-01	1.37e-05	1.67e-07	0.00e+00	0.00e+00	0.00e+00	0.00e+00	0.00e+00	0.00e+00
 8.38299e+22	1.60e-01	5.66e-01	2.74e-01	1.32e-05	1.61e-07	0.00e+00	0.00e+00	0.00e+00	0.00e+00	0.00e+00	0.00e+00
 8.38803e+22	1.64e-01	5.68e-01	2.68e-01	1.27e-05	1.56e-07	0.00e+00	0.00e+00	0.00e+00	0.00e+00	0.00e+00	0.00e+00
 8.39298e+22	1.69e-01	5.68e-01	2.62e-01	1.22e-05	1.51e-07	0.00e+00	0.00e+00	0.00e+00	0.00e+00	0.00e+00	0.00e+00
 8.39780e+22	1.74e-01	5.69e-01	2.56e-01	1.17e-05	1.46e-07	0.00e+00	0.00e+00	0.00e+00	0.00e+00	0.00e+00	0.00e+00
 8.40218e+22	1.79e-01	5.70e-01	2.51e-01	1.13e-05	1.41e-07	0.00e+00	0.00e+00	0.00e+00	0.00e+00	0.00e+00	0.00e+00
 8.40617e+22	1.83e-01	5.70e-01	2.46e-01	1.09e-05	1.37e-07	0.00e+00	0.00e+00	0.00e+00	0.00e+00	0.00e+00	0.00e+00
 8.40980e+22	1.88e-01	5.71e-01	2.42e-01	1.06e-05	1.34e-07	0.00e+00	0.00e+00	0.00e+00	0.00e+00	0.00e+00	0.00e+00
 8.41311e+22	1.92e-01	5.71e-01	2.38e-01	1.03e-05	1.30e-07	0.00e+00	0.00e+00	0.00e+00	0.00e+00	0.00e+00	0.00e+00
 8.41611e+22	1.95e-01	5.71e-01	2.34e-01	9.99e-06	1.27e-07	0.00e+00	0.00e+00	0.00e+00	0.00e+00	0.00e+00	0.00e+00
 8.41885e+22	1.99e-01	5.71e-01	2.30e-01	9.75e-06	1.25e-07	0.00e+00	0.00e+00	0.00e+00	0.00e+00	0.00e+00	0.00e+00
 8.42185e+22	2.03e-01	5.71e-01	2.26e-01	9.45e-06	0.00e+00	0.00e+00	0.00e+00	0.00e+00	0.00e+00	0.00e+00	0.00e+00
 8.42508e+22	2.07e-01	5.71e-01	2.22e-01	9.19e-06	0.00e+00	0.00e+00	0.00e+00	0.00e+00	0.00e+00	0.00e+00	0.00e+00
