#depth	O	O+	O+2	O+3	O+4	O+5	O+6	O+7	O+8	O[1]	O[2]	O[3]
 1.54284e+22	2.33e-15	8.07e-11	1.11e-07	1.42e-05	3.70e-04	3.26e-03	1.67e-01	4.92e-01	3.38e-01	2.33e-15	9.75e-26	1.03e-25
 3.48189e+22	1.89e-14	5.02e-10	5.48e-07	5.60e-05	1.14e-03	7.14e-03	2.49e-01	5.04e-01	2.39e-01	1.89e-14	3.62e-23	4.54e-23
 4.07622e+22	4.73e-14	1.12e-09	1.13e-06	1.06e-04	1.94e-03	1.04e-02	2.97e-01	4.96e-01	1.94e-01	4.73e-14	9.11e-23	1.14e-22
 4.37338e+22	7.22e-14	1.63e-09	1.58e-06	1.43e-04	2.52e-03	1.25e-02	3.23e-01	4.88e-01	1.73e-01	7.22e-14	1.39e-22	1.74e-22
 4.51474e+22	8.57e-14	1.90e-09	1.82e-06	1.63e-04	2.81e-03	1.35e-02	3.35e-01	4.84e-01	1.65e-01	8.57e-14	1.65e-22	2.07e-22
 4.60716e+22	1.04e-13	2.26e-09	2.13e-06	1.88e-04	3.19e-03	1.48e-02	3.48e-01	4.79e-01	1.55e-01	1.04e-13	2.00e-22	2.51e-22
 4.70572e+22	1.24e-13	2.65e-09	2.48e-06	2.16e-04	3.59e-03	1.61e-02	3.61e-01	4.73e-01	1.46e-01	1.24e-13	2.39e-22	3.00e-22
 4.80323e+22	1.47e-13	3.10e-09	2.87e-06	2.48e-04	4.05e-03	1.76e-02	3.74e-01	4.66e-01	1.37e-01	1.47e-13	2.84e-22	3.57e-22
 4.90082e+22	1.74e-13	3.59e-09	3.30e-06	2.83e-04	4.55e-03	1.92e-02	3.88e-01	4.60e-01	1.29e-01	1.74e-13	3.35e-22	4.20e-22
 4.99834e+22	2.03e-13	4.14e-09	3.79e-06	3.22e-04	5.10e-03	2.08e-02	4.01e-01	4.52e-01	1.21e-01	2.03e-13	3.91e-22	4.91e-22
 5.09607e+22	2.35e-13	4.74e-09	4.33e-06	3.65e-04	5.70e-03	2.26e-02	4.14e-01	4.45e-01	1.13e-01	2.35e-13	4.54e-22	5.69e-22
 5.19412e+22	2.71e-13	5.40e-09	4.92e-06	4.14e-04	6.36e-03	2.45e-02	4.27e-01	4.36e-01	1.06e-01	2.71e-13	5.23e-22	6.56e-22
 5.29293e+22	3.10e-13	6.13e-09	5.58e-06	4.67e-04	7.08e-03	2.65e-02	4.39e-01	4.28e-01	9.87e-02	3.10e-13	5.99e-22	7.50e-22
 5.39257e+22	3.53e-13	6.92e-09	6.31e-06	5.27e-04	7.87e-03	2.87e-02	4.52e-01	4.19e-01	9.20e-02	3.53e-13	6.82e-22	8.54e-22
 5.49347e+22	3.99e-13	7.78e-09	7.11e-06	5.93e-04	8.74e-03	3.10e-02	4.64e-01	4.10e-01	8.56e-02	3.99e-13	7.72e-22	9.67e-22
 5.59484e+22	4.49e-13	8.71e-09	7.98e-06	6.65e-04	9.67e-03	3.35e-02	4.77e-01	4.00e-01	7.96e-02	4.49e-13	8.68e-22	1.09e-21
 5.69791e+22	5.03e-13	9.73e-09	8.97e-06	7.47e-04	1.07e-02	3.62e-02	4.89e-01	3.90e-01	7.38e-02	5.03e-13	9.73e-22	1.22e-21
 5.80224e+22	5.60e-13	1.08e-08	1.00e-05	8.36e-04	1.18e-02	3.89e-02	5.00e-01	3.80e-01	6.84e-02	5.60e-13	1.08e-21	1.36e-21
 5.90865e+22	6.23e-13	1.20e-08	1.12e-05	9.38e-04	1.30e-02	4.20e-02	5.12e-01	3.69e-01	6.31e-02	6.23e-13	1.21e-21	1.51e-21
 6.00767e+22	6.78e-13	1.31e-08	1.23e-05	1.03e-03	1.41e-02	4.46e-02	5.21e-01	3.60e-01	5.91e-02	6.78e-13	1.31e-21	1.64e-21
 6.10964e+22	7.49e-13	1.45e-08	1.38e-05	1.15e-03	1.56e-02	4.82e-02	5.33e-01	3.48e-01	5.42e-02	7.49e-13	1.45e-21	1.82e-21
 6.21341e+22	8.13e-13	1.58e-08	1.51e-05	1.27e-03	1.69e-02	5.11e-02	5.41e-01	3.39e-01	5.06e-02	8.13e-13	1.58e-21	1.97e-21
 6.31982e+22	8.92e-13	1.74e-08	1.69e-05	1.42e-03	1.86e-02	5.52e-02	5.52e-01	3.27e-01	4.61e-02	8.92e-13	1.73e-21	2.17e-21
 6.42669e+22	9.68e-13	1.89e-08	1.85e-05	1.56e-03	2.00e-02	5.84e-02	5.59e-01	3.18e-01	4.30e-02	9.68e-13	1.88e-21	2.35e-21
 6.53418e+22	1.06e-12	2.08e-08	2.06e-05	1.74e-03	2.20e-02	6.28e-02	5.69e-01	3.06e-01	3.92e-02	1.06e-12	2.06e-21	2.58e-21
 6.64234e+22	1.14e-12	2.26e-08	2.25e-05	1.91e-03	2.36e-02	6.63e-02	5.75e-01	2.96e-01	3.64e-02	1.14e-12	2.23e-21	2.78e-21
 6.75138e+22	1.25e-12	2.48e-08	2.51e-05	2.13e-03	2.58e-02	7.11e-02	5.83e-01	2.84e-01	3.31e-02	1.25e-12	2.43e-21	3.04e-21
 6.86139e+22	1.34e-12	2.69e-08	2.74e-05	2.33e-03	2.77e-02	7.49e-02	5.89e-01	2.75e-01	3.07e-02	1.34e-12	2.62e-21	3.27e-21
 6.97264e+22	1.46e-12	2.96e-08	3.06e-05	2.60e-03	3.02e-02	8.02e-02	5.96e-01	2.63e-01	2.78e-02	1.46e-12	2.86e-21	3.57e-21
 7.08534e+22	1.57e-12	3.21e-08	3.34e-05	2.84e-03	3.23e-02	8.44e-02	6.00e-01	2.54e-01	2.58e-02	1.57e-12	3.08e-21	3.84e-21
 7.19989e+22	1.72e-12	3.54e-08	3.74e-05	3.18e-03	3.52e-02	9.01e-02	6.06e-01	2.42e-01	2.32e-02	1.72e-12	3.37e-21	4.20e-21
 7.31639e+22	1.85e-12	3.86e-08	4.10e-05	3.48e-03	3.76e-02	9.47e-02	6.09e-01	2.33e-01	2.14e-02	1.85e-12	3.64e-21	4.54e-21
 7.43540e+22	2.03e-12	4.28e-08	4.60e-05	3.89e-03	4.09e-02	1.01e-01	6.13e-01	2.22e-01	1.92e-02	2.03e-12	3.99e-21	4.97e-21
 7.55700e+22	2.20e-12	4.68e-08	5.06e-05	4.27e-03	4.36e-02	1.06e-01	6.16e-01	2.13e-01	1.76e-02	2.20e-12	4.33e-21	5.40e-21
 7.68196e+22	2.42e-12	5.23e-08	5.72e-05	4.80e-03	4.74e-02	1.13e-01	6.18e-01	2.01e-01	1.57e-02	2.42e-12	4.78e-21	5.96e-21
 7.80994e+22	2.65e-12	5.77e-08	6.34e-05	5.28e-03	5.07e-02	1.19e-01	6.19e-01	1.92e-01	1.43e-02	2.65e-12	5.24e-21	6.53e-21
 7.91756e+22	2.86e-12	6.28e-08	6.93e-05	5.74e-03	5.37e-02	1.24e-01	6.19e-01	1.85e-01	1.32e-02	2.86e-12	5.66e-21	7.06e-21
 8.03314e+22	3.15e-12	7.00e-08	7.77e-05	6.38e-03	5.77e-02	1.31e-01	6.19e-01	1.75e-01	1.19e-02	3.15e-12	6.24e-21	7.77e-21
 8.15076e+22	3.42e-12	7.67e-08	8.54e-05	6.94e-03	6.10e-02	1.36e-01	6.18e-01	1.67e-01	1.09e-02	3.42e-12	6.79e-21	8.46e-21
 8.25268e+22	3.70e-12	8.36e-08	9.33e-05	7.51e-03	6.43e-02	1.41e-01	6.16e-01	1.60e-01	1.00e-02	3.70e-12	7.35e-21	9.15e-21
 8.36683e+22	4.07e-12	9.33e-08	1.05e-04	8.32e-03	6.88e-02	1.48e-01	6.14e-01	1.51e-01	8.99e-03	4.07e-12	8.10e-21	1.01e-20
 8.48076e+22	4.45e-12	1.03e-07	1.15e-04	9.00e-03	7.24e-02	1.54e-01	6.11e-01	1.45e-01	8.30e-03	4.45e-12	8.89e-21	1.11e-20
 8.59439e+22	4.92e-12	1.15e-07	1.29e-04	9.94e-03	7.71e-02	1.61e-01	6.08e-01	1.37e-01	7.44e-03	4.92e-12	9.85e-21	1.23e-20
 8.70966e+22	5.42e-12	1.27e-07	1.41e-04	1.08e-02	8.11e-02	1.66e-01	6.04e-01	1.31e-01	6.83e-03	5.42e-12	1.09e-20	1.35e-20
 8.82707e+22	6.06e-12	1.44e-07	1.59e-04	1.19e-02	8.64e-02	1.74e-01	5.99e-01	1.23e-01	6.10e-03	6.06e-12	1.22e-20	1.51e-20
 8.94652e+22	6.75e-12	1.60e-07	1.76e-04	1.29e-02	9.09e-02	1.79e-01	5.94e-01	1.17e-01	5.58e-03	6.75e-12	1.36e-20	1.69e-20
 9.06864e+22	7.59e-12	1.83e-07	2.00e-04	1.44e-02	9.67e-02	1.87e-01	5.87e-01	1.10e-01	4.94e-03	7.59e-12	1.53e-20	1.90e-20
 9.19265e+22	8.54e-12	2.05e-07	2.22e-04	1.56e-02	1.02e-01	1.93e-01	5.81e-01	1.04e-01	4.51e-03	8.54e-12	1.73e-20	2.15e-20
 9.31912e+22	9.71e-12	2.36e-07	2.54e-04	1.73e-02	1.08e-01	2.01e-01	5.72e-01	9.70e-02	3.97e-03	9.71e-12	1.97e-20	2.45e-20
 9.44848e+22	1.10e-11	2.68e-07	2.83e-04	1.89e-02	1.14e-01	2.07e-01	5.65e-01	9.16e-02	3.59e-03	1.10e-11	2.25e-20	2.79e-20
 9.58159e+22	1.27e-11	3.12e-07	3.26e-04	2.11e-02	1.21e-01	2.15e-01	5.54e-01	8.48e-02	3.14e-03	1.27e-11	2.61e-20	3.24e-20
 9.71800e+22	1.46e-11	3.57e-07	3.66e-04	2.30e-02	1.28e-01	2.22e-01	5.45e-01	7.97e-02	2.82e-03	1.46e-11	3.00e-20	3.72e-20
 9.85869e+22	1.73e-11	4.24e-07	4.26e-04	2.57e-02	1.36e-01	2.30e-01	5.32e-01	7.33e-02	2.44e-03	1.73e-11	3.56e-20	4.41e-20
 1.00010e+23	2.00e-11	4.89e-07	4.80e-04	2.81e-02	1.43e-01	2.36e-01	5.22e-01	6.86e-02	2.18e-03	2.00e-11	4.15e-20	5.13e-20
 1.01455e+23	2.39e-11	5.84e-07	5.60e-04	3.15e-02	1.52e-01	2.44e-01	5.08e-01	6.27e-02	1.88e-03	2.39e-11	4.98e-20	6.16e-20
 1.02915e+23	2.80e-11	6.78e-07	6.34e-04	3.44e-02	1.59e-01	2.49e-01	4.96e-01	5.85e-02	1.67e-03	2.80e-11	5.85e-20	7.23e-20
 1.04396e+23	3.39e-11	8.18e-07	7.42e-04	3.85e-02	1.69e-01	2.57e-01	4.80e-01	5.32e-02	1.43e-03	3.39e-11	7.13e-20	8.81e-20
 1.05843e+23	3.95e-11	9.42e-07	8.33e-04	4.18e-02	1.77e-01	2.61e-01	4.68e-01	4.96e-02	1.27e-03	3.95e-11	8.33e-20	1.03e-19
 1.07245e+23	4.79e-11	1.13e-06	9.66e-04	4.63e-02	1.86e-01	2.67e-01	4.53e-01	4.52e-02	1.10e-03	4.79e-11	1.02e-19	1.25e-19
 1.08713e+23	5.67e-11	1.32e-06	1.10e-03	5.06e-02	1.95e-01	2.72e-01	4.39e-01	4.17e-02	9.63e-04	5.67e-11	1.21e-19	1.49e-19
 1.09952e+23	6.55e-11	1.51e-06	1.22e-03	5.44e-02	2.02e-01	2.75e-01	4.27e-01	3.89e-02	8.62e-04	6.55e-11	1.40e-19	1.73e-19
 1.11249e+23	7.88e-11	1.78e-06	1.39e-03	5.95e-02	2.11e-01	2.79e-01	4.12e-01	3.57e-02	7.50e-04	7.88e-11	1.70e-19	2.09e-19
 1.12588e+23	9.24e-11	2.06e-06	1.56e-03	6.42e-02	2.19e-01	2.82e-01	3.99e-01	3.30e-02	6.64e-04	9.24e-11	2.00e-19	2.47e-19
 1.13789e+23	1.08e-10	2.37e-06	1.74e-03	6.90e-02	2.27e-01	2.85e-01	3.86e-01	3.06e-02	5.90e-04	1.08e-10	2.35e-19	2.90e-19
 1.15160e+23	1.32e-10	2.83e-06	2.00e-03	7.55e-02	2.36e-01	2.88e-01	3.70e-01	2.78e-02	5.07e-04	1.32e-10	2.89e-19	3.56e-19
 1.16583e+23	1.57e-10	3.31e-06	2.25e-03	8.16e-02	2.45e-01	2.90e-01	3.56e-01	2.54e-02	4.42e-04	1.57e-10	3.47e-19	4.27e-19
 1.17852e+23	1.86e-10	3.82e-06	2.52e-03	8.77e-02	2.53e-01	2.91e-01	3.42e-01	2.34e-02	3.89e-04	1.86e-10	4.14e-19	5.08e-19
 1.19278e+23	2.30e-10	4.59e-06	2.89e-03	9.57e-02	2.63e-01	2.92e-01	3.26e-01	2.10e-02	3.31e-04	2.30e-10	5.16e-19	6.34e-19
 1.20774e+23	2.79e-10	5.41e-06	3.28e-03	1.04e-01	2.71e-01	2.92e-01	3.10e-01	1.90e-02	2.85e-04	2.79e-10	6.30e-19	7.74e-19
 1.22127e+23	3.35e-10	6.31e-06	3.68e-03	1.11e-01	2.79e-01	2.92e-01	2.96e-01	1.73e-02	2.47e-04	3.35e-10	7.62e-19	9.35e-19
 1.23652e+23	4.23e-10	7.65e-06	4.24e-03	1.21e-01	2.89e-01	2.90e-01	2.79e-01	1.54e-02	2.07e-04	4.23e-10	9.72e-19	1.19e-18
 1.25229e+23	5.19e-10	9.07e-06	4.81e-03	1.31e-01	2.98e-01	2.89e-01	2.64e-01	1.38e-02	1.76e-04	5.19e-10	1.20e-18	1.47e-18
 1.26633e+23	6.30e-10	1.06e-05	5.40e-03	1.40e-01	3.05e-01	2.86e-01	2.50e-01	1.24e-02	1.51e-04	6.30e-10	1.47e-18	1.80e-18
 1.28222e+23	8.04e-10	1.29e-05	6.23e-03	1.53e-01	3.14e-01	2.83e-01	2.33e-01	1.09e-02	1.24e-04	8.04e-10	1.90e-18	2.33e-18
 1.29873e+23	1.00e-09	1.54e-05	7.07e-03	1.64e-01	3.22e-01	2.79e-01	2.18e-01	9.63e-03	1.04e-04	1.00e-09	2.39e-18	2.92e-18
 1.31356e+23	1.23e-09	1.81e-05	7.95e-03	1.76e-01	3.28e-01	2.75e-01	2.05e-01	8.58e-03	8.81e-05	1.23e-09	2.97e-18	3.62e-18
 1.33036e+23	1.60e-09	2.23e-05	9.21e-03	1.91e-01	3.36e-01	2.68e-01	1.88e-01	7.37e-03	7.09e-05	1.60e-09	3.92e-18	4.78e-18
 1.34773e+23	2.01e-09	2.66e-05	1.04e-02	2.05e-01	3.41e-01	2.62e-01	1.75e-01	6.45e-03	5.86e-05	2.01e-09	4.98e-18	6.06e-18
 1.36343e+23	2.50e-09	3.15e-05	1.17e-02	2.18e-01	3.46e-01	2.56e-01	1.62e-01	5.66e-03	4.86e-05	2.50e-09	6.28e-18	7.65e-18
 1.38141e+23	3.33e-09	3.92e-05	1.36e-02	2.36e-01	3.52e-01	2.47e-01	1.46e-01	4.76e-03	3.80e-05	3.33e-09	8.51e-18	1.04e-17
 1.39956e+23	4.19e-09	4.67e-05	1.54e-02	2.51e-01	3.55e-01	2.40e-01	1.35e-01	4.12e-03	3.11e-05	4.19e-09	1.09e-17	1.32e-17
 1.41793e+23	5.55e-09	5.76e-05	1.77e-02	2.70e-01	3.58e-01	2.29e-01	1.21e-01	3.45e-03	2.42e-05	5.55e-09	1.47e-17	1.79e-17
 1.43671e+23	7.09e-09	6.91e-05	2.00e-02	2.87e-01	3.60e-01	2.20e-01	1.10e-01	2.94e-03	1.94e-05	7.09e-09	1.91e-17	2.32e-17
 1.45322e+23	8.90e-09	8.16e-05	2.24e-02	3.03e-01	3.60e-01	2.12e-01	1.00e-01	2.52e-03	1.57e-05	8.90e-09	2.44e-17	2.96e-17
 1.47185e+23	1.19e-08	1.01e-04	2.58e-02	3.24e-01	3.60e-01	2.00e-01	8.86e-02	2.07e-03	1.20e-05	1.19e-08	3.35e-17	4.06e-17
 1.49097e+23	1.52e-08	1.20e-04	2.89e-02	3.41e-01	3.58e-01	1.90e-01	7.97e-02	1.75e-03	9.48e-06	1.52e-08	4.37e-17	5.29e-17
 1.51071e+23	2.05e-08	1.49e-04	3.32e-02	3.62e-01	3.55e-01	1.78e-01	6.97e-02	1.41e-03	7.08e-06	2.05e-08	6.09e-17	7.37e-17
 1.53077e+23	2.63e-08	1.78e-04	3.72e-02	3.80e-01	3.51e-01	1.68e-01	6.20e-02	1.17e-03	5.52e-06	2.63e-08	8.01e-17	9.69e-17
 1.54852e+23	3.35e-08	2.11e-04	4.14e-02	3.97e-01	3.47e-01	1.58e-01	5.53e-02	9.80e-04	4.32e-06	3.35e-08	1.05e-16	1.27e-16
 1.56890e+23	4.57e-08	2.63e-04	4.75e-02	4.19e-01	3.40e-01	1.45e-01	4.74e-02	7.71e-04	3.13e-06	4.57e-08	1.49e-16	1.80e-16
 1.58957e+23	5.84e-08	3.12e-04	5.28e-02	4.36e-01	3.33e-01	1.36e-01	4.18e-02	6.35e-04	2.42e-06	5.84e-08	1.96e-16	2.37e-16
 1.60761e+23	7.40e-08	3.67e-04	5.83e-02	4.52e-01	3.26e-01	1.26e-01	3.69e-02	5.25e-04	1.87e-06	7.40e-08	2.56e-16	3.09e-16
 1.62490e+23	9.24e-08	4.27e-04	6.40e-02	4.66e-01	3.19e-01	1.18e-01	3.27e-02	4.38e-04	1.47e-06	9.24e-08	3.29e-16	3.97e-16
 1.64139e+23	1.14e-07	4.94e-04	6.98e-02	4.79e-01	3.11e-01	1.10e-01	2.91e-02	3.66e-04	1.16e-06	1.14e-07	4.18e-16	5.05e-16
 1.65999e+23	1.49e-07	5.93e-04	7.77e-02	4.95e-01	3.01e-01	1.01e-01	2.50e-02	2.91e-04	8.53e-07	1.49e-07	5.67e-16	6.84e-16
 1.67853e+23	1.84e-07	6.84e-04	8.45e-02	5.07e-01	2.92e-01	9.34e-02	2.21e-02	2.42e-04	6.68e-07	1.84e-07	7.19e-16	8.67e-16
 1.69698e+23	2.39e-07	8.16e-04	9.36e-02	5.21e-01	2.81e-01	8.48e-02	1.89e-02	1.91e-04	4.90e-07	2.39e-07	9.66e-16	1.17e-15
 1.71580e+23	2.97e-07	9.42e-04	1.02e-01	5.31e-01	2.72e-01	7.81e-02	1.65e-02	1.57e-04	3.78e-07	2.97e-07	1.23e-15	1.48e-15
 1.73509e+23	3.87e-07	1.13e-03	1.12e-01	5.43e-01	2.59e-01	7.02e-02	1.40e-02	1.22e-04	2.72e-07	3.87e-07	1.67e-15	2.01e-15
 1.75453e+23	4.80e-07	1.30e-03	1.22e-01	5.51e-01	2.49e-01	6.42e-02	1.21e-02	9.95e-05	2.07e-07	4.80e-07	2.12e-15	2.55e-15
 1.77417e+23	6.26e-07	1.55e-03	1.34e-01	5.60e-01	2.36e-01	5.73e-02	1.02e-02	7.66e-05	1.47e-07	6.26e-07	2.86e-15	3.44e-15
 1.79406e+23	7.75e-07	1.78e-03	1.45e-01	5.67e-01	2.26e-01	5.20e-02	8.77e-03	6.17e-05	0.00e+00	7.75e-07	3.64e-15	4.37e-15
 1.81001e+23	9.23e-07	2.00e-03	1.54e-01	5.71e-01	2.17e-01	4.80e-02	7.76e-03	5.16e-05	0.00e+00	9.23e-07	4.43e-15	5.32e-15
 1.82648e+23	1.14e-06	2.29e-03	1.66e-01	5.75e-01	2.06e-01	4.34e-02	6.67e-03	4.14e-05	0.00e+00	1.14e-06	5.64e-15	6.77e-15
 1.84335e+23	1.36e-06	2.57e-03	1.77e-01	5.77e-01	1.98e-01	3.97e-02	5.85e-03	3.42e-05	0.00e+00	1.36e-06	6.89e-15	8.26e-15
 1.85838e+23	1.62e-06	2.88e-03	1.88e-01	5.79e-01	1.89e-01	3.64e-02	5.15e-03	2.84e-05	0.00e+00	1.62e-06	8.37e-15	1.00e-14
 1.87558e+23	2.00e-06	3.31e-03	2.02e-01	5.80e-01	1.78e-01	3.26e-02	4.37e-03	2.24e-05	0.00e+00	2.00e-06	1.07e-14	1.28e-14
 1.89298e+23	2.39e-06	3.70e-03	2.14e-01	5.79e-01	1.70e-01	2.96e-02	3.80e-03	1.83e-05	0.00e+00	2.39e-06	1.31e-14	1.56e-14
 1.90825e+23	2.83e-06	4.13e-03	2.26e-01	5.78e-01	1.61e-01	2.70e-02	3.32e-03	1.51e-05	0.00e+00	2.83e-06	1.59e-14	1.90e-14
 1.92571e+23	3.49e-06	4.73e-03	2.42e-01	5.75e-01	1.51e-01	2.40e-02	2.80e-03	1.18e-05	0.00e+00	3.49e-06	2.02e-14	2.42e-14
 1.94347e+23	4.16e-06	5.28e-03	2.56e-01	5.72e-01	1.43e-01	2.16e-02	2.42e-03	9.55e-06	0.00e+00	4.16e-06	2.47e-14	2.95e-14
 1.95917e+23	4.93e-06	5.89e-03	2.70e-01	5.67e-01	1.35e-01	1.96e-02	2.10e-03	7.77e-06	0.00e+00	4.93e-06	3.01e-14	3.59e-14
 1.97714e+23	6.11e-06	6.76e-03	2.88e-01	5.61e-01	1.26e-01	1.72e-02	1.75e-03	5.99e-06	0.00e+00	6.11e-06	3.85e-14	4.59e-14
 1.99533e+23	7.26e-06	7.55e-03	3.03e-01	5.54e-01	1.18e-01	1.54e-02	1.50e-03	4.81e-06	0.00e+00	7.26e-06	4.71e-14	5.62e-14
 2.01137e+23	8.60e-06	8.40e-03	3.19e-01	5.47e-01	1.11e-01	1.38e-02	1.29e-03	3.87e-06	0.00e+00	8.60e-06	5.74e-14	6.84e-14
 2.02978e+23	1.06e-05	9.62e-03	3.38e-01	5.37e-01	1.02e-01	1.20e-02	1.06e-03	2.95e-06	0.00e+00	1.06e-05	7.36e-14	8.76e-14
 2.04850e+23	1.26e-05	1.07e-02	3.56e-01	5.27e-01	9.51e-02	1.07e-02	9.03e-04	2.33e-06	0.00e+00	1.26e-05	9.02e-14	1.07e-13
 2.06764e+23	1.57e-05	1.23e-02	3.77e-01	5.14e-01	8.69e-02	9.18e-03	7.36e-04	1.74e-06	0.00e+00	1.57e-05	1.16e-13	1.39e-13
 2.08700e+23	1.87e-05	1.37e-02	3.95e-01	5.02e-01	8.04e-02	8.08e-03	6.19e-04	1.36e-06	0.00e+00	1.87e-05	1.43e-13	1.70e-13
 2.10665e+23	2.31e-05	1.57e-02	4.18e-01	4.86e-01	7.30e-02	6.89e-03	4.99e-04	1.01e-06	0.00e+00	2.31e-05	1.85e-13	2.20e-13
 2.12666e+23	2.76e-05	1.75e-02	4.37e-01	4.72e-01	6.70e-02	6.01e-03	4.16e-04	7.76e-07	0.00e+00	2.76e-05	2.28e-13	2.71e-13
 2.14714e+23	3.43e-05	2.01e-02	4.61e-01	4.54e-01	6.01e-02	5.06e-03	3.30e-04	5.61e-07	0.00e+00	3.43e-05	2.97e-13	3.53e-13
 2.16796e+23	4.09e-05	2.24e-02	4.81e-01	4.37e-01	5.47e-02	4.36e-03	2.71e-04	4.26e-07	0.00e+00	4.09e-05	3.68e-13	4.37e-13
 2.18923e+23	5.10e-05	2.57e-02	5.05e-01	4.17e-01	4.86e-02	3.62e-03	2.12e-04	3.02e-07	0.00e+00	5.10e-05	4.82e-13	5.72e-13
 2.21082e+23	6.08e-05	2.86e-02	5.26e-01	3.99e-01	4.38e-02	3.09e-03	1.72e-04	2.25e-07	0.00e+00	6.08e-05	5.97e-13	7.08e-13
 2.22718e+23	6.86e-05	3.08e-02	5.40e-01	3.86e-01	4.06e-02	2.76e-03	1.48e-04	1.83e-07	0.00e+00	6.86e-05	6.93e-13	8.22e-13
 2.24279e+23	8.02e-05	3.39e-02	5.57e-01	3.69e-01	3.69e-02	2.39e-03	1.23e-04	1.41e-07	0.00e+00	8.02e-05	8.41e-13	9.98e-13
 2.25872e+23	9.05e-05	3.65e-02	5.71e-01	3.56e-01	3.41e-02	2.12e-03	1.05e-04	0.00e+00	0.00e+00	9.05e-05	9.77e-13	1.16e-12
 2.27508e+23	1.06e-04	4.02e-02	5.89e-01	3.38e-01	3.07e-02	1.81e-03	8.62e-05	0.00e+00	0.00e+00	1.06e-04	1.19e-12	1.41e-12
 2.29160e+23	1.20e-04	4.33e-02	6.02e-01	3.24e-01	2.82e-02	1.60e-03	7.32e-05	0.00e+00	0.00e+00	1.20e-04	1.39e-12	1.65e-12
 2.30831e+23	1.40e-04	4.76e-02	6.19e-01	3.07e-01	2.53e-02	1.36e-03	5.94e-05	0.00e+00	0.00e+00	1.40e-04	1.70e-12	2.01e-12
 2.32529e+23	1.59e-04	5.12e-02	6.32e-01	2.92e-01	2.30e-02	1.18e-03	4.99e-05	0.00e+00	0.00e+00	1.59e-04	1.98e-12	2.35e-12
 2.34262e+23	1.86e-04	5.64e-02	6.48e-01	2.74e-01	2.04e-02	9.94e-04	4.00e-05	0.00e+00	0.00e+00	1.86e-04	2.43e-12	2.88e-12
 2.36019e+23	2.10e-04	6.06e-02	6.60e-01	2.60e-01	1.84e-02	8.60e-04	3.33e-05	0.00e+00	0.00e+00	2.10e-04	2.84e-12	3.36e-12
 2.37806e+23	2.47e-04	6.68e-02	6.75e-01	2.41e-01	1.62e-02	7.15e-04	2.64e-05	0.00e+00	0.00e+00	2.47e-04	3.49e-12	4.13e-12
 2.39622e+23	2.80e-04	7.18e-02	6.86e-01	2.27e-01	1.45e-02	6.12e-04	2.17e-05	0.00e+00	0.00e+00	2.80e-04	4.10e-12	4.85e-12
 2.41475e+23	3.28e-04	7.89e-02	6.98e-01	2.09e-01	1.27e-02	5.04e-04	1.70e-05	0.00e+00	0.00e+00	3.28e-04	5.04e-12	5.96e-12
 2.43378e+23	3.73e-04	8.51e-02	7.08e-01	1.95e-01	1.12e-02	4.24e-04	1.37e-05	0.00e+00	0.00e+00	3.73e-04	5.97e-12	7.06e-12
 2.45346e+23	4.41e-04	9.39e-02	7.18e-01	1.77e-01	9.62e-03	3.42e-04	1.05e-05	0.00e+00	0.00e+00	4.41e-04	7.42e-12	8.78e-12
 2.47346e+23	5.04e-04	1.01e-01	7.26e-01	1.63e-01	8.40e-03	2.84e-04	8.35e-06	0.00e+00	0.00e+00	5.04e-04	8.83e-12	1.04e-11
 2.49388e+23	6.00e-04	1.12e-01	7.33e-01	1.46e-01	7.10e-03	2.24e-04	6.25e-06	0.00e+00	0.00e+00	6.00e-04	1.11e-11	1.31e-11
 2.51426e+23	6.80e-04	1.20e-01	7.39e-01	1.34e-01	6.18e-03	1.85e-04	4.95e-06	0.00e+00	0.00e+00	6.80e-04	1.31e-11	1.54e-11
 2.53457e+23	8.07e-04	1.33e-01	7.42e-01	1.19e-01	5.20e-03	1.45e-04	3.69e-06	0.00e+00	0.00e+00	8.07e-04	1.63e-11	1.93e-11
 2.55509e+23	9.17e-04	1.43e-01	7.44e-01	1.08e-01	4.49e-03	1.19e-04	2.90e-06	0.00e+00	0.00e+00	9.17e-04	1.93e-11	2.28e-11
 2.57586e+23	1.09e-03	1.59e-01	7.42e-01	9.42e-02	3.73e-03	9.15e-05	2.13e-06	0.00e+00	0.00e+00	1.09e-03	2.42e-11	2.87e-11
 2.59665e+23	1.25e-03	1.71e-01	7.40e-01	8.43e-02	3.20e-03	7.40e-05	1.65e-06	0.00e+00	0.00e+00	1.25e-03	2.87e-11	3.39e-11
 2.61746e+23	1.49e-03	1.90e-01	7.34e-01	7.26e-02	2.63e-03	5.60e-05	1.20e-06	0.00e+00	0.00e+00	1.49e-03	3.62e-11	4.29e-11
 2.63828e+23	1.71e-03	2.05e-01	7.27e-01	6.41e-02	2.24e-03	4.47e-05	9.22e-07	0.00e+00	0.00e+00	1.71e-03	4.31e-11	5.10e-11
 2.65912e+23	2.06e-03	2.28e-01	7.14e-01	5.42e-02	1.82e-03	3.31e-05	6.55e-07	0.00e+00	0.00e+00	2.06e-03	5.49e-11	6.50e-11
 2.67989e+23	2.37e-03	2.46e-01	7.03e-01	4.71e-02	1.54e-03	2.60e-05	5.01e-07	0.00e+00	0.00e+00	2.37e-03	6.55e-11	7.77e-11
 2.70056e+23	2.87e-03	2.74e-01	6.83e-01	3.91e-02	1.24e-03	1.89e-05	3.53e-07	0.00e+00	0.00e+00	2.87e-03	8.36e-11	9.91e-11
 2.72131e+23	3.33e-03	2.97e-01	6.65e-01	3.32e-02	1.04e-03	1.45e-05	2.65e-07	0.00e+00	0.00e+00	3.33e-03	1.01e-10	1.20e-10
 2.74214e+23	4.07e-03	3.31e-01	6.37e-01	2.68e-02	8.34e-04	1.02e-05	1.84e-07	0.00e+00	0.00e+00	4.07e-03	1.30e-10	1.54e-10
 2.76302e+23	4.77e-03	3.60e-01	6.12e-01	2.22e-02	6.91e-04	7.57e-06	1.36e-07	0.00e+00	0.00e+00	4.77e-03	1.59e-10	1.88e-10
 2.78395e+23	5.88e-03	4.00e-01	5.76e-01	1.73e-02	5.47e-04	5.13e-06	0.00e+00	0.00e+00	0.00e+00	5.88e-03	2.06e-10	2.45e-10
 2.80501e+23	7.00e-03	4.36e-01	5.43e-01	1.38e-02	4.48e-04	3.65e-06	0.00e+00	0.00e+00	0.00e+00	7.00e-03	2.55e-10	3.03e-10
 2.82345e+23	8.34e-03	4.73e-01	5.07e-01	1.09e-02	3.67e-04	2.57e-06	0.00e+00	0.00e+00	0.00e+00	8.34e-03	3.16e-10	3.76e-10
 2.84463e+23	1.04e-02	5.23e-01	4.59e-01	7.99e-03	2.84e-04	1.61e-06	0.00e+00	0.00e+00	0.00e+00	1.04e-02	4.17e-10	4.95e-10
 2.86616e+23	1.27e-02	5.67e-01	4.14e-01	5.91e-03	2.25e-04	1.04e-06	0.00e+00	0.00e+00	0.00e+00	1.27e-02	5.30e-10	6.29e-10
 2.88250e+23	1.49e-02	6.01e-01	3.79e-01	4.64e-03	1.89e-04	7.41e-07	0.00e+00	0.00e+00	0.00e+00	1.49e-02	6.35e-10	7.55e-10
 2.89808e+23	1.78e-02	6.40e-01	3.38e-01	3.46e-03	1.52e-04	4.88e-07	0.00e+00	0.00e+00	0.00e+00	1.78e-02	7.89e-10	9.38e-10
 2.91468e+23	2.13e-02	6.78e-01	2.98e-01	2.54e-03	1.23e-04	3.18e-07	0.00e+00	0.00e+00	0.00e+00	2.13e-02	9.77e-10	1.16e-09
 2.92991e+23	2.55e-02	7.12e-01	2.60e-01	1.85e-03	9.86e-05	2.05e-07	0.00e+00	0.00e+00	0.00e+00	2.55e-02	1.20e-09	1.43e-09
 2.94700e+23	3.19e-02	7.52e-01	2.15e-01	1.22e-03	7.37e-05	0.00e+00	0.00e+00	0.00e+00	0.00e+00	3.19e-02	1.57e-09	1.87e-09
 2.96432e+23	3.99e-02	7.85e-01	1.75e-01	7.97e-04	5.50e-05	0.00e+00	0.00e+00	0.00e+00	0.00e+00	3.99e-02	2.04e-09	2.42e-09
 2.97805e+23	4.87e-02	8.08e-01	1.43e-01	5.45e-04	4.21e-05	0.00e+00	0.00e+00	0.00e+00	0.00e+00	4.87e-02	2.55e-09	3.02e-09
 2.98969e+23	5.81e-02	8.24e-01	1.18e-01	3.83e-04	3.26e-05	0.00e+00	0.00e+00	0.00e+00	0.00e+00	5.81e-02	3.12e-09	3.70e-09
 3.00045e+23	6.96e-02	8.34e-01	9.58e-02	2.68e-04	2.50e-05	0.00e+00	0.00e+00	0.00e+00	0.00e+00	6.96e-02	3.81e-09	4.52e-09
 3.01028e+23	8.30e-02	8.39e-01	7.74e-02	1.89e-04	1.90e-05	0.00e+00	0.00e+00	0.00e+00	0.00e+00	8.30e-02	4.62e-09	5.47e-09
 3.01902e+23	9.80e-02	8.39e-01	6.24e-02	1.36e-04	1.45e-05	0.00e+00	0.00e+00	0.00e+00	0.00e+00	9.80e-02	5.53e-09	6.54e-09
 3.02686e+23	1.15e-01	8.35e-01	5.03e-02	9.89e-05	1.10e-05	0.00e+00	0.00e+00	0.00e+00	0.00e+00	1.15e-01	6.55e-09	7.74e-09
 3.03409e+23	1.34e-01	8.25e-01	4.03e-02	7.30e-05	8.35e-06	0.00e+00	0.00e+00	0.00e+00	0.00e+00	1.34e-01	7.69e-09	9.10e-09
 3.04085e+23	1.56e-01	8.12e-01	3.23e-02	5.47e-05	6.31e-06	0.00e+00	0.00e+00	0.00e+00	0.00e+00	1.56e-01	8.95e-09	1.06e-08
 3.04731e+23	1.81e-01	7.93e-01	2.55e-02	4.10e-05	4.67e-06	0.00e+00	0.00e+00	0.00e+00	0.00e+00	1.81e-01	1.04e-08	1.23e-08
 3.05365e+23	2.12e-01	7.69e-01	1.97e-02	3.06e-05	3.38e-06	0.00e+00	0.00e+00	0.00e+00	0.00e+00	2.12e-01	1.20e-08	1.42e-08
 3.05966e+23	2.45e-01	7.40e-01	1.53e-02	2.32e-05	2.43e-06	0.00e+00	0.00e+00	0.00e+00	0.00e+00	2.45e-01	1.37e-08	1.62e-08
 3.06513e+23	2.81e-01	7.08e-01	1.18e-02	1.79e-05	1.75e-06	0.00e+00	0.00e+00	0.00e+00	0.00e+00	2.81e-01	1.55e-08	1.82e-08
 3.07012e+23	3.17e-01	6.73e-01	9.24e-03	1.41e-05	1.28e-06	0.00e+00	0.00e+00	0.00e+00	0.00e+00	3.17e-01	1.71e-08	2.01e-08
 3.07478e+23	3.55e-01	6.38e-01	7.25e-03	1.12e-05	9.36e-07	0.00e+00	0.00e+00	0.00e+00	0.00e+00	3.55e-01	1.86e-08	2.19e-08
 3.07903e+23	3.92e-01	6.02e-01	5.75e-03	9.16e-06	6.97e-07	0.00e+00	0.00e+00	0.00e+00	0.00e+00	3.92e-01	1.99e-08	2.34e-08
 3.08267e+23	4.26e-01	5.69e-01	4.68e-03	7.68e-06	5.37e-07	0.00e+00	0.00e+00	0.00e+00	0.00e+00	4.26e-01	2.10e-08	2.46e-08
 3.08500e+23	4.49e-01	5.47e-01	4.08e-03	6.86e-06	4.52e-07	0.00e+00	0.00e+00	0.00e+00	0.00e+00	4.49e-01	2.15e-08	2.53e-08
