#depth	H	H+	H2
 1.54284e+22	1.65e-04	1.00e+00	4.58e-23
 3.57565e+22	2.28e-04	1.00e+00	1.63e-22
 4.31062e+22	2.66e-04	1.00e+00	3.57e-22
 4.74983e+22	3.01e-04	1.00e+00	6.60e-22
 5.03283e+22	3.18e-04	1.00e+00	8.79e-22
 5.20876e+22	3.36e-04	1.00e+00	1.16e-21
 5.40925e+22	3.61e-04	1.00e+00	1.66e-21
 5.61069e+22	3.81e-04	1.00e+00	2.21e-21
 5.81336e+22	4.09e-04	1.00e+00	3.19e-21
 6.01886e+22	4.33e-04	1.00e+00	4.34e-21
 6.22802e+22	4.66e-04	1.00e+00	6.35e-21
 6.43949e+22	4.94e-04	1.00e+00	8.84e-21
 6.62590e+22	5.23e-04	9.99e-01	1.21e-20
 6.84020e+22	5.63e-04	9.99e-01	1.84e-20
 7.05724e+22	5.97e-04	9.99e-01	2.61e-20
 7.23245e+22	6.27e-04	9.99e-01	3.47e-20
 7.41486e+22	6.66e-04	9.99e-01	4.94e-20
 7.60060e+22	7.00e-04	9.99e-01	6.77e-20
 7.76532e+22	7.36e-04	9.99e-01	9.03e-20
 7.95409e+22	7.82e-04	9.99e-01	1.33e-19
 8.14519e+22	8.23e-04	9.99e-01	1.86e-19
 8.31323e+22	8.66e-04	9.99e-01	2.51e-19
 8.50559e+22	9.21e-04	9.99e-01	3.80e-19
 8.70005e+22	9.70e-04	9.99e-01	5.47e-19
 8.87083e+22	1.02e-03	9.99e-01	7.62e-19
 9.06643e+22	1.09e-03	9.99e-01	1.25e-18
 9.26538e+22	1.14e-03	9.99e-01	2.00e-18
 9.44201e+22	1.20e-03	9.99e-01	3.09e-18
 9.64500e+22	1.28e-03	9.99e-01	6.14e-18
 9.85128e+22	1.35e-03	9.99e-01	1.27e-17
 9.99624e+22	1.40e-03	9.99e-01	2.96e-17
 1.01191e+23	1.45e-03	9.99e-01	4.78e-17
 1.02788e+23	1.52e-03	9.98e-01	8.24e-17
 1.04863e+23	1.63e-03	9.98e-01	2.34e-16
 1.06982e+23	1.72e-03	9.98e-01	3.22e-16
 1.09156e+23	1.84e-03	9.98e-01	5.11e-16
 1.11404e+23	1.95e-03	9.98e-01	7.81e-16
 1.13748e+23	2.09e-03	9.98e-01	1.14e-15
 1.16135e+23	2.22e-03	9.98e-01	1.63e-15
 1.17947e+23	2.30e-03	9.98e-01	2.03e-15
 1.19673e+23	2.43e-03	9.98e-01	2.57e-15
 1.21426e+23	2.53e-03	9.97e-01	3.12e-15
 1.23214e+23	2.66e-03	9.97e-01	3.88e-15
 1.25058e+23	2.79e-03	9.97e-01	4.73e-15
 1.26717e+23	2.91e-03	9.97e-01	5.61e-15
 1.28620e+23	3.07e-03	9.97e-01	6.95e-15
 1.30555e+23	3.21e-03	9.97e-01	8.29e-15
 1.32535e+23	3.41e-03	9.97e-01	1.04e-14
 1.34520e+23	3.56e-03	9.96e-01	1.24e-14
 1.36511e+23	3.77e-03	9.96e-01	1.54e-14
 1.38565e+23	3.95e-03	9.96e-01	1.86e-14
 1.40699e+23	4.21e-03	9.96e-01	2.36e-14
 1.42848e+23	4.41e-03	9.96e-01	2.84e-14
 1.45014e+23	4.69e-03	9.95e-01	3.62e-14
 1.47205e+23	4.93e-03	9.95e-01	4.40e-14
 1.49428e+23	5.25e-03	9.95e-01	5.66e-14
 1.51654e+23	5.52e-03	9.94e-01	6.91e-14
 1.53886e+23	5.90e-03	9.94e-01	8.94e-14
 1.56117e+23	6.20e-03	9.94e-01	1.09e-13
 1.58347e+23	6.65e-03	9.93e-01	1.42e-13
 1.60571e+23	7.01e-03	9.93e-01	1.75e-13
 1.62787e+23	7.55e-03	9.92e-01	2.30e-13
 1.64992e+23	7.98e-03	9.92e-01	2.85e-13
 1.67184e+23	8.63e-03	9.91e-01	3.78e-13
 1.69367e+23	9.18e-03	9.91e-01	4.73e-13
 1.71539e+23	1.00e-02	9.90e-01	6.37e-13
 1.73708e+23	1.07e-02	9.89e-01	8.12e-13
 1.75874e+23	1.18e-02	9.88e-01	1.11e-12
 1.78047e+23	1.28e-02	9.87e-01	1.46e-12
 1.79935e+23	1.39e-02	9.86e-01	1.92e-12
 1.82096e+23	1.56e-02	9.84e-01	2.75e-12
 1.84307e+23	1.74e-02	9.83e-01	3.82e-12
 1.86187e+23	1.94e-02	9.81e-01	5.24e-12
 1.87802e+23	2.13e-02	9.79e-01	6.86e-12
 1.89469e+23	2.41e-02	9.76e-01	9.75e-12
 1.91217e+23	2.75e-02	9.72e-01	1.39e-11
 1.92776e+23	3.14e-02	9.69e-01	1.96e-11
 1.94269e+23	3.62e-02	9.64e-01	2.82e-11
 1.95710e+23	4.22e-02	9.58e-01	4.13e-11
 1.97060e+23	4.94e-02	9.51e-01	6.04e-11
 1.98311e+23	5.85e-02	9.42e-01	8.99e-11
 1.99465e+23	6.92e-02	9.31e-01	1.32e-10
 2.00535e+23	8.26e-02	9.17e-01	1.97e-10
 2.01513e+23	9.85e-02	9.01e-01	2.91e-10
 2.02374e+23	1.17e-01	8.83e-01	4.19e-10
 2.03142e+23	1.37e-01	8.63e-01	5.95e-10
 2.03838e+23	1.61e-01	8.39e-01	8.31e-10
 2.04468e+23	1.86e-01	8.14e-01	1.11e-09
 2.05055e+23	2.14e-01	7.86e-01	1.49e-09
 2.05610e+23	2.46e-01	7.54e-01	1.96e-09
 2.06121e+23	2.79e-01	7.21e-01	2.53e-09
 2.06595e+23	3.13e-01	6.87e-01	3.17e-09
 2.07023e+23	3.47e-01	6.53e-01	3.85e-09
 2.07392e+23	3.78e-01	6.22e-01	4.51e-09
 2.07714e+23	4.06e-01	5.94e-01	5.16e-09
 2.07981e+23	4.29e-01	5.71e-01	5.72e-09
 2.08207e+23	4.48e-01	5.52e-01	6.19e-09
 2.08451e+23	4.70e-01	5.30e-01	6.75e-09
 2.08731e+23	4.95e-01	5.05e-01	7.38e-09
 2.09014e+23	5.19e-01	4.81e-01	8.04e-09
 2.09277e+23	5.41e-01	4.59e-01	8.57e-09
 2.09481e+23	5.57e-01	4.43e-01	9.00e-09
 2.09619e+23	5.67e-01	4.33e-01	9.26e-09
 2.09756e+23	5.77e-01	4.23e-01	9.56e-09
 2.09922e+23	5.90e-01	4.10e-01	9.91e-09
 2.10102e+23	6.03e-01	3.97e-01	1.03e-08
 2.10278e+23	6.15e-01	3.85e-01	1.06e-08
 2.10451e+23	6.26e-01	3.74e-01	1.09e-08
 2.10629e+23	6.38e-01	3.62e-01	1.12e-08
 2.10815e+23	6.50e-01	3.50e-01	1.15e-08
 2.11005e+23	6.61e-01	3.39e-01	1.18e-08
 2.11196e+23	6.72e-01	3.28e-01	1.21e-08
 2.11394e+23	6.83e-01	3.17e-01	1.24e-08
 2.11598e+23	6.94e-01	3.06e-01	1.27e-08
 2.11808e+23	7.04e-01	2.96e-01	1.30e-08
 2.12022e+23	7.14e-01	2.86e-01	1.33e-08
 2.12242e+23	7.24e-01	2.76e-01	1.35e-08
 2.12470e+23	7.34e-01	2.66e-01	1.38e-08
 2.12705e+23	7.44e-01	2.56e-01	1.40e-08
 2.12946e+23	7.53e-01	2.47e-01	1.43e-08
 2.13196e+23	7.62e-01	2.38e-01	1.45e-08
 2.13453e+23	7.71e-01	2.29e-01	1.48e-08
 2.13717e+23	7.80e-01	2.20e-01	1.50e-08
 2.13992e+23	7.88e-01	2.12e-01	1.52e-08
 2.14279e+23	7.96e-01	2.04e-01	1.54e-08
 2.14575e+23	8.04e-01	1.96e-01	1.56e-08
 2.14883e+23	8.12e-01	1.88e-01	1.58e-08
 2.15201e+23	8.19e-01	1.81e-01	1.60e-08
 2.15530e+23	8.26e-01	1.74e-01	1.62e-08
 2.15867e+23	8.32e-01	1.68e-01	1.64e-08
 2.16214e+23	8.38e-01	1.62e-01	1.66e-08
 2.16572e+23	8.44e-01	1.56e-01	1.68e-08
 2.16951e+23	8.50e-01	1.50e-01	1.71e-08
 2.17348e+23	8.56e-01	1.44e-01	1.73e-08
 2.17754e+23	8.61e-01	1.39e-01	1.76e-08
 2.18175e+23	8.65e-01	1.35e-01	1.79e-08
 2.18623e+23	8.70e-01	1.30e-01	1.82e-08
 2.19097e+23	8.74e-01	1.26e-01	1.86e-08
 2.19594e+23	8.78e-01	1.22e-01	1.90e-08
 2.20123e+23	8.83e-01	1.17e-01	1.95e-08
 2.20686e+23	8.87e-01	1.13e-01	2.01e-08
 2.21281e+23	8.90e-01	1.10e-01	2.08e-08
 2.21891e+23	8.94e-01	1.06e-01	2.16e-08
 2.22480e+23	8.97e-01	1.03e-01	2.23e-08
 2.23045e+23	9.00e-01	1.00e-01	2.32e-08
 2.23602e+23	9.03e-01	9.73e-02	2.41e-08
 2.24149e+23	9.05e-01	9.47e-02	2.50e-08
 2.24685e+23	9.08e-01	9.23e-02	2.60e-08
 2.25201e+23	9.10e-01	9.01e-02	2.68e-08
 2.25692e+23	9.12e-01	8.79e-02	2.77e-08
 2.26151e+23	9.14e-01	8.61e-02	2.86e-08
 2.26595e+23	9.16e-01	8.42e-02	2.96e-08
 2.27040e+23	9.18e-01	8.23e-02	3.06e-08
 2.27470e+23	9.19e-01	8.06e-02	3.17e-08
 2.27885e+23	9.21e-01	7.89e-02	3.29e-08
 2.28284e+23	9.23e-01	7.73e-02	3.42e-08
 2.28669e+23	9.24e-01	7.58e-02	3.55e-08
 2.29042e+23	9.26e-01	7.43e-02	3.69e-08
 2.29401e+23	9.27e-01	7.29e-02	3.83e-08
 2.29748e+23	9.28e-01	7.15e-02	3.99e-08
 2.30082e+23	9.30e-01	7.02e-02	4.15e-08
 2.30404e+23	9.31e-01	6.89e-02	4.33e-08
 2.30715e+23	9.32e-01	6.77e-02	4.53e-08
 2.31011e+23	9.33e-01	6.66e-02	4.72e-08
 2.31300e+23	9.35e-01	6.54e-02	4.94e-08
 2.31582e+23	9.36e-01	6.42e-02	5.17e-08
 2.31838e+23	9.37e-01	6.33e-02	5.39e-08
 2.32071e+23	9.38e-01	6.24e-02	5.60e-08
 2.32283e+23	9.38e-01	6.16e-02	5.80e-08
 2.32477e+23	9.39e-01	6.09e-02	6.00e-08
 2.32652e+23	9.40e-01	6.03e-02	6.18e-08
 2.32812e+23	9.40e-01	5.97e-02	6.35e-08
 2.32958e+23	9.41e-01	5.92e-02	6.56e-08
 2.33090e+23	9.41e-01	5.88e-02	6.68e-08
 2.33235e+23	9.42e-01	5.82e-02	6.84e-08
 2.33424e+23	9.43e-01	5.73e-02	7.09e-08
 2.33627e+23	9.44e-01	5.64e-02	7.31e-08
 2.33813e+23	9.44e-01	5.56e-02	7.52e-08
 2.33981e+23	9.45e-01	5.51e-02	7.69e-08
 2.34135e+23	9.46e-01	5.45e-02	7.85e-08
 2.34275e+23	9.46e-01	5.40e-02	8.04e-08
 2.34402e+23	9.46e-01	5.37e-02	8.10e-08
 2.34541e+23	9.47e-01	5.32e-02	8.23e-08
 2.34722e+23	9.47e-01	5.26e-02	8.40e-08
 2.34917e+23	9.48e-01	5.17e-02	8.58e-08
 2.35095e+23	9.49e-01	5.11e-02	8.70e-08
 2.35257e+23	9.49e-01	5.08e-02	8.80e-08
 2.35434e+23	9.50e-01	5.01e-02	8.89e-08
 2.35626e+23	9.50e-01	4.95e-02	9.02e-08
 2.35800e+23	9.51e-01	4.89e-02	9.10e-08
 2.35991e+23	9.52e-01	4.84e-02	9.18e-08
 2.36197e+23	9.52e-01	4.76e-02	9.28e-08
 2.36385e+23	9.53e-01	4.71e-02	9.36e-08
 2.36555e+23	9.53e-01	4.68e-02	9.42e-08
 2.36742e+23	9.54e-01	4.61e-02	9.41e-08
 2.36944e+23	9.55e-01	4.54e-02	9.46e-08
 2.37128e+23	9.55e-01	4.49e-02	9.50e-08
 2.37295e+23	9.56e-01	4.45e-02	9.52e-08
 2.37447e+23	9.56e-01	4.41e-02	9.52e-08
 2.37614e+23	9.56e-01	4.36e-02	9.48e-08
 2.37794e+23	9.57e-01	4.30e-02	9.49e-08
 2.37958e+23	9.57e-01	4.25e-02	9.48e-08
 2.38107e+23	9.58e-01	4.22e-02	9.48e-08
 2.38270e+23	9.58e-01	4.18e-02	9.47e-08
 2.38447e+23	9.59e-01	4.13e-02	9.45e-08
 2.38640e+23	9.59e-01	4.07e-02	9.41e-08
 2.38848e+23	9.60e-01	4.00e-02	9.40e-08
 2.39038e+23	9.60e-01	3.96e-02	9.39e-08
 2.39246e+23	9.61e-01	3.91e-02	9.33e-08
 2.39471e+23	9.62e-01	3.84e-02	9.30e-08
 2.39675e+23	9.62e-01	3.80e-02	9.27e-08
 2.39861e+23	9.62e-01	3.76e-02	9.23e-08
 2.40030e+23	9.63e-01	3.72e-02	9.18e-08
 2.40216e+23	9.63e-01	3.68e-02	9.13e-08
 2.40416e+23	9.64e-01	3.63e-02	9.12e-08
 2.40598e+23	9.64e-01	3.59e-02	9.08e-08
 2.40764e+23	9.64e-01	3.57e-02	9.06e-08
 2.40946e+23	9.65e-01	3.53e-02	9.01e-08
 2.41182e+23	9.65e-01	3.47e-02	9.00e-08
 2.41437e+23	9.66e-01	3.41e-02	9.00e-08
 2.41669e+23	9.66e-01	3.37e-02	8.97e-08
 2.41880e+23	9.67e-01	3.33e-02	8.91e-08
 2.42072e+23	9.67e-01	3.31e-02	8.91e-08
 2.42283e+23	9.67e-01	3.27e-02	8.83e-08
 2.42510e+23	9.68e-01	3.22e-02	8.84e-08
 2.42717e+23	9.68e-01	3.19e-02	8.82e-08
 2.42943e+23	9.69e-01	3.15e-02	8.76e-08
 2.43188e+23	9.69e-01	3.10e-02	8.76e-08
 2.43411e+23	9.69e-01	3.06e-02	8.72e-08
 2.43613e+23	9.70e-01	3.04e-02	8.71e-08
 2.43835e+23	9.70e-01	3.00e-02	8.66e-08
 2.44075e+23	9.70e-01	2.96e-02	8.66e-08
 2.44293e+23	9.71e-01	2.93e-02	8.64e-08
 2.44532e+23	9.71e-01	2.89e-02	8.59e-08
 2.44790e+23	9.72e-01	2.85e-02	8.59e-08
 2.45025e+23	9.72e-01	2.82e-02	8.58e-08
 2.45283e+23	9.72e-01	2.78e-02	8.53e-08
 2.45560e+23	9.73e-01	2.73e-02	8.53e-08
 2.45813e+23	9.73e-01	2.70e-02	8.51e-08
 2.46090e+23	9.73e-01	2.66e-02	8.47e-08
 2.46389e+23	9.74e-01	2.62e-02	8.50e-08
 2.46661e+23	9.74e-01	2.58e-02	8.47e-08
 2.46909e+23	9.74e-01	2.55e-02	8.45e-08
 2.47134e+23	9.75e-01	2.54e-02	8.45e-08
 2.47381e+23	9.75e-01	2.50e-02	8.42e-08
 2.47648e+23	9.75e-01	2.46e-02	8.44e-08
 2.47891e+23	9.76e-01	2.44e-02	8.44e-08
 2.48156e+23	9.76e-01	2.41e-02	8.41e-08
 2.48443e+23	9.76e-01	2.37e-02	8.42e-08
 2.48705e+23	9.77e-01	2.34e-02	8.43e-08
 2.48991e+23	9.77e-01	2.31e-02	8.41e-08
 2.49300e+23	9.77e-01	2.27e-02	8.42e-08
 2.49581e+23	9.78e-01	2.25e-02	8.42e-08
 2.49889e+23	9.78e-01	2.21e-02	8.40e-08
 2.50222e+23	9.78e-01	2.17e-02	8.41e-08
 2.50524e+23	9.78e-01	2.15e-02	8.42e-08
 2.50856e+23	9.79e-01	2.12e-02	8.40e-08
 2.51214e+23	9.79e-01	2.08e-02	8.40e-08
 2.51540e+23	9.79e-01	2.05e-02	8.41e-08
 2.51897e+23	9.80e-01	2.02e-02	8.39e-08
 2.52282e+23	9.80e-01	1.98e-02	8.40e-08
 2.52633e+23	9.80e-01	1.96e-02	8.41e-08
 2.53018e+23	9.81e-01	1.92e-02	8.39e-08
 2.53433e+23	9.81e-01	1.89e-02	8.41e-08
 2.53810e+23	9.81e-01	1.86e-02	8.40e-08
 2.54154e+23	9.82e-01	1.84e-02	8.40e-08
 2.54530e+23	9.82e-01	1.80e-02	8.39e-08
 2.54937e+23	9.82e-01	1.77e-02	8.39e-08
 2.55307e+23	9.83e-01	1.75e-02	8.40e-08
 2.55712e+23	9.83e-01	1.71e-02	8.39e-08
 2.56150e+23	9.83e-01	1.68e-02	8.39e-08
 2.56548e+23	9.83e-01	1.66e-02	8.40e-08
 2.56984e+23	9.84e-01	1.63e-02	8.40e-08
 2.57456e+23	9.84e-01	1.60e-02	8.41e-08
 2.57884e+23	9.84e-01	1.57e-02	8.40e-08
 2.58274e+23	9.85e-01	1.55e-02	8.40e-08
 2.58702e+23	9.85e-01	1.52e-02	8.40e-08
 2.59164e+23	9.85e-01	1.49e-02	8.41e-08
 2.59584e+23	9.85e-01	1.47e-02	8.40e-08
 2.60044e+23	9.86e-01	1.44e-02	8.41e-08
 2.60541e+23	9.86e-01	1.42e-02	8.42e-08
 2.60993e+23	9.86e-01	1.39e-02	8.42e-08
 2.61488e+23	9.86e-01	1.36e-02	8.42e-08
 2.62023e+23	9.87e-01	1.34e-02	8.43e-08
 2.62510e+23	9.87e-01	1.32e-02	8.43e-08
 2.62953e+23	9.87e-01	1.30e-02	8.44e-08
 2.63438e+23	9.87e-01	1.27e-02	8.45e-08
 2.63962e+23	9.88e-01	1.25e-02	8.45e-08
 2.64439e+23	9.88e-01	1.22e-02	8.44e-08
 2.64962e+23	9.88e-01	1.20e-02	8.47e-08
 2.65526e+23	9.88e-01	1.18e-02	8.47e-08
 2.66039e+23	9.88e-01	1.16e-02	8.46e-08
 2.66601e+23	9.89e-01	1.13e-02	8.49e-08
 2.67323e+23	9.89e-01	1.10e-02	8.49e-08
 2.68089e+23	9.89e-01	1.07e-02	8.50e-08
 2.68854e+23	9.90e-01	1.04e-02	8.51e-08
 2.69651e+23	9.90e-01	1.01e-02	8.52e-08
 2.70445e+23	9.90e-01	9.85e-03	8.53e-08
 2.71249e+23	9.90e-01	9.57e-03	8.54e-08
 2.72060e+23	9.91e-01	9.31e-03	8.55e-08
 2.72879e+23	9.91e-01	9.04e-03	8.56e-08
 2.73704e+23	9.91e-01	8.79e-03	8.57e-08
 2.74536e+23	9.91e-01	8.54e-03	8.58e-08
 2.75379e+23	9.92e-01	8.30e-03	8.60e-08
 2.76229e+23	9.92e-01	8.06e-03	8.61e-08
 2.77086e+23	9.92e-01	7.83e-03	8.62e-08
 2.77951e+23	9.92e-01	7.60e-03	8.63e-08
 2.78822e+23	9.93e-01	7.38e-03	8.65e-08
 2.79698e+23	9.93e-01	7.16e-03	8.66e-08
 2.80581e+23	9.93e-01	6.95e-03	8.68e-08
 2.81469e+23	9.93e-01	6.75e-03	8.69e-08
 2.82365e+23	9.93e-01	6.55e-03	8.71e-08
 2.83269e+23	9.94e-01	6.36e-03	8.73e-08
 2.84179e+23	9.94e-01	6.17e-03	8.74e-08
 2.85095e+23	9.94e-01	5.98e-03	8.76e-08
 2.86019e+23	9.94e-01	5.80e-03	8.78e-08
 2.86957e+23	9.94e-01	5.63e-03	8.81e-08
 2.87915e+23	9.95e-01	5.45e-03	8.83e-08
 2.88888e+23	9.95e-01	5.28e-03	8.86e-08
 2.89872e+23	9.95e-01	5.12e-03	8.89e-08
 2.90866e+23	9.95e-01	4.96e-03	8.92e-08
 2.91871e+23	9.95e-01	4.80e-03	8.96e-08
 2.92888e+23	9.95e-01	4.65e-03	8.99e-08
 2.93916e+23	9.96e-01	4.50e-03	9.03e-08
 2.94961e+23	9.96e-01	4.35e-03	9.08e-08
 2.96022e+23	9.96e-01	4.21e-03	9.12e-08
 2.97108e+23	9.96e-01	4.07e-03	9.18e-08
 2.98221e+23	9.96e-01	3.93e-03	9.23e-08
 2.99356e+23	9.96e-01	3.79e-03	9.29e-08
 3.00511e+23	9.96e-01	3.66e-03	9.36e-08
 3.01687e+23	9.96e-01	3.53e-03	9.43e-08
 3.02884e+23	9.97e-01	3.40e-03	9.51e-08
 3.04104e+23	9.97e-01	3.28e-03	9.60e-08
 3.05348e+23	9.97e-01	3.16e-03	9.70e-08
 3.06623e+23	9.97e-01	3.04e-03	9.80e-08
 3.07919e+23	9.97e-01	2.93e-03	9.91e-08
