#depth	He	He+	He+2
 1.54284e+22	6.71e-07	8.58e-03	9.91e-01
 3.52781e+22	1.25e-06	1.17e-02	9.88e-01
 4.19100e+22	1.69e-06	1.36e-02	9.86e-01
 4.57150e+22	2.09e-06	1.51e-02	9.85e-01
 4.79215e+22	2.27e-06	1.58e-02	9.84e-01
 4.93292e+22	2.51e-06	1.66e-02	9.83e-01
 5.08644e+22	2.77e-06	1.74e-02	9.83e-01
 5.23369e+22	3.04e-06	1.82e-02	9.82e-01
 5.40229e+22	3.44e-06	1.94e-02	9.81e-01
 5.57242e+22	3.80e-06	2.04e-02	9.80e-01
 5.74452e+22	4.31e-06	2.17e-02	9.78e-01
 5.91995e+22	4.77e-06	2.28e-02	9.77e-01
 6.09973e+22	5.43e-06	2.43e-02	9.76e-01
 6.28293e+22	6.04e-06	2.56e-02	9.74e-01
 6.47059e+22	6.91e-06	2.74e-02	9.73e-01
 6.66077e+22	7.71e-06	2.89e-02	9.71e-01
 6.82836e+22	8.58e-06	3.05e-02	9.70e-01
 7.02035e+22	9.82e-06	3.26e-02	9.67e-01
 7.21552e+22	1.10e-05	3.45e-02	9.66e-01
 7.38856e+22	1.23e-05	3.64e-02	9.64e-01
 7.58721e+22	1.41e-05	3.90e-02	9.61e-01
 7.78851e+22	1.59e-05	4.13e-02	9.59e-01
 7.99323e+22	1.83e-05	4.42e-02	9.56e-01
 8.20208e+22	2.06e-05	4.69e-02	9.53e-01
 8.38807e+22	2.32e-05	4.97e-02	9.50e-01
 8.60162e+22	2.69e-05	5.34e-02	9.47e-01
 8.81880e+22	3.03e-05	5.66e-02	9.43e-01
 9.04069e+22	3.54e-05	6.11e-02	9.39e-01
 9.25847e+22	3.97e-05	6.46e-02	9.35e-01
 9.43959e+22	4.42e-05	6.80e-02	9.32e-01
 9.61376e+22	4.92e-05	7.16e-02	9.28e-01
 9.81019e+22	5.61e-05	7.62e-02	9.24e-01
 1.00084e+23	6.27e-05	8.04e-02	9.20e-01
 1.01799e+23	6.93e-05	8.44e-02	9.16e-01
 1.03739e+23	7.91e-05	8.99e-02	9.10e-01
 1.05732e+23	8.83e-05	9.47e-02	9.05e-01
 1.07792e+23	1.01e-04	1.01e-01	8.99e-01
 1.09892e+23	1.13e-04	1.07e-01	8.93e-01
 1.11723e+23	1.26e-04	1.12e-01	8.88e-01
 1.13389e+23	1.38e-04	1.17e-01	8.83e-01
 1.15162e+23	1.54e-04	1.23e-01	8.77e-01
 1.16954e+23	1.70e-04	1.29e-01	8.71e-01
 1.18516e+23	1.86e-04	1.34e-01	8.65e-01
 1.20290e+23	2.08e-04	1.42e-01	8.58e-01
 1.22087e+23	2.27e-04	1.48e-01	8.52e-01
 1.23914e+23	2.55e-04	1.55e-01	8.44e-01
 1.25763e+23	2.80e-04	1.62e-01	8.37e-01
 1.27372e+23	3.06e-04	1.69e-01	8.31e-01
 1.29198e+23	3.42e-04	1.78e-01	8.22e-01
 1.31070e+23	3.76e-04	1.86e-01	8.14e-01
 1.32737e+23	4.11e-04	1.93e-01	8.06e-01
 1.34639e+23	4.60e-04	2.03e-01	7.96e-01
 1.36572e+23	5.06e-04	2.12e-01	7.88e-01
 1.38281e+23	5.54e-04	2.20e-01	7.79e-01
 1.40240e+23	6.21e-04	2.32e-01	7.68e-01
 1.42239e+23	6.84e-04	2.42e-01	7.58e-01
 1.44018e+23	7.49e-04	2.51e-01	7.48e-01
 1.46058e+23	8.41e-04	2.64e-01	7.35e-01
 1.48150e+23	9.28e-04	2.75e-01	7.24e-01
 1.50021e+23	1.02e-03	2.86e-01	7.13e-01
 1.52168e+23	1.15e-03	3.00e-01	6.98e-01
 1.54360e+23	1.27e-03	3.13e-01	6.86e-01
 1.56021e+23	1.36e-03	3.22e-01	6.77e-01
 1.57587e+23	1.48e-03	3.33e-01	6.66e-01
 1.59198e+23	1.59e-03	3.42e-01	6.56e-01
 1.60867e+23	1.73e-03	3.54e-01	6.44e-01
 1.62559e+23	1.86e-03	3.64e-01	6.34e-01
 1.64045e+23	2.00e-03	3.74e-01	6.24e-01
 1.65741e+23	2.17e-03	3.87e-01	6.11e-01
 1.67483e+23	2.34e-03	3.98e-01	6.00e-01
 1.69033e+23	2.51e-03	4.08e-01	5.89e-01
 1.70797e+23	2.75e-03	4.22e-01	5.75e-01
 1.72589e+23	2.95e-03	4.33e-01	5.64e-01
 1.74421e+23	3.23e-03	4.47e-01	5.50e-01
 1.76294e+23	3.49e-03	4.59e-01	5.37e-01
 1.78222e+23	3.82e-03	4.74e-01	5.22e-01
 1.80188e+23	4.13e-03	4.86e-01	5.09e-01
 1.82206e+23	4.54e-03	5.02e-01	4.94e-01
 1.84263e+23	4.91e-03	5.15e-01	4.80e-01
 1.86092e+23	5.30e-03	5.28e-01	4.67e-01
 1.88190e+23	5.83e-03	5.44e-01	4.50e-01
 1.90329e+23	6.31e-03	5.57e-01	4.37e-01
 1.92520e+23	6.94e-03	5.73e-01	4.20e-01
 1.94754e+23	7.53e-03	5.86e-01	4.06e-01
 1.97043e+23	8.31e-03	6.03e-01	3.89e-01
 1.99380e+23	9.01e-03	6.16e-01	3.75e-01
 2.01781e+23	9.98e-03	6.33e-01	3.57e-01
 2.04233e+23	1.08e-02	6.46e-01	3.43e-01
 2.06752e+23	1.20e-02	6.63e-01	3.25e-01
 2.09351e+23	1.31e-02	6.76e-01	3.11e-01
 2.12055e+23	1.46e-02	6.93e-01	2.93e-01
 2.14859e+23	1.59e-02	7.06e-01	2.79e-01
 2.17791e+23	1.79e-02	7.23e-01	2.60e-01
 2.20829e+23	1.96e-02	7.36e-01	2.45e-01
 2.24005e+23	2.21e-02	7.51e-01	2.27e-01
 2.27417e+23	2.46e-02	7.64e-01	2.11e-01
 2.30614e+23	2.72e-02	7.76e-01	1.97e-01
 2.33401e+23	2.94e-02	7.85e-01	1.86e-01
 2.36177e+23	3.24e-02	7.95e-01	1.73e-01
 2.39089e+23	3.53e-02	8.02e-01	1.62e-01
 2.42178e+23	3.93e-02	8.12e-01	1.49e-01
 2.45377e+23	4.28e-02	8.18e-01	1.39e-01
 2.48668e+23	4.79e-02	8.25e-01	1.27e-01
 2.52141e+23	5.27e-02	8.31e-01	1.17e-01
 2.55112e+23	5.69e-02	8.34e-01	1.09e-01
 2.58184e+23	6.29e-02	8.38e-01	9.93e-02
 2.61288e+23	6.79e-02	8.40e-01	9.24e-02
 2.64433e+23	7.51e-02	8.41e-01	8.39e-02
 2.67647e+23	8.13e-02	8.41e-01	7.74e-02
 2.70900e+23	8.97e-02	8.40e-01	7.00e-02
 2.74228e+23	9.74e-02	8.38e-01	6.43e-02
 2.77381e+23	1.06e-01	8.35e-01	5.85e-02
 2.80565e+23	1.15e-01	8.31e-01	5.33e-02
 2.83651e+23	1.25e-01	8.26e-01	4.87e-02
 2.86736e+23	1.35e-01	8.20e-01	4.44e-02
 2.89822e+23	1.46e-01	8.13e-01	4.04e-02
 2.92908e+23	1.58e-01	8.05e-01	3.67e-02
 2.95993e+23	1.71e-01	7.96e-01	3.33e-02
 2.99079e+23	1.84e-01	7.85e-01	3.02e-02
 3.02165e+23	1.99e-01	7.74e-01	2.74e-02
 3.04188e+23	2.05e-01	7.69e-01	2.64e-02
 3.05028e+23	2.08e-01	7.66e-01	2.59e-02
 3.05799e+23	2.12e-01	7.63e-01	2.52e-02
 3.06617e+23	2.17e-01	7.59e-01	2.45e-02
 3.07415e+23	2.21e-01	7.55e-01	2.39e-02
 3.08188e+23	2.26e-01	7.51e-01	2.33e-02
