#depth	N	N+	N+2	N+3	N+4	N+5	N+6	N+7
 1.54284e+22	2.66e-10	4.21e-06	2.00e-03	4.26e-02	1.15e-01	6.54e-01	1.76e-01	1.05e-02
 3.52781e+22	6.19e-10	9.18e-06	4.06e-03	6.85e-02	1.55e-01	6.41e-01	1.25e-01	5.44e-03
 4.19100e+22	9.52e-10	1.35e-05	5.71e-03	8.50e-02	1.76e-01	6.24e-01	1.05e-01	3.90e-03
 4.57150e+22	1.30e-09	1.78e-05	7.25e-03	9.86e-02	1.91e-01	6.08e-01	9.14e-02	3.05e-03
 4.79215e+22	1.47e-09	1.99e-05	7.97e-03	1.04e-01	1.98e-01	6.01e-01	8.64e-02	2.76e-03
 4.93292e+22	1.72e-09	2.28e-05	8.94e-03	1.12e-01	2.05e-01	5.91e-01	8.06e-02	2.45e-03
 5.08644e+22	1.99e-09	2.59e-05	9.96e-03	1.19e-01	2.12e-01	5.81e-01	7.54e-02	2.18e-03
 5.23369e+22	2.30e-09	2.94e-05	1.11e-02	1.27e-01	2.18e-01	5.71e-01	7.05e-02	1.94e-03
 5.40229e+22	2.77e-09	3.46e-05	1.27e-02	1.37e-01	2.27e-01	5.57e-01	6.44e-02	1.66e-03
 5.57242e+22	3.23e-09	3.94e-05	1.41e-02	1.46e-01	2.34e-01	5.45e-01	5.98e-02	1.46e-03
 5.74452e+22	3.92e-09	4.65e-05	1.61e-02	1.58e-01	2.42e-01	5.29e-01	5.44e-02	1.25e-03
 5.91995e+22	4.59e-09	5.33e-05	1.80e-02	1.68e-01	2.48e-01	5.15e-01	5.01e-02	1.09e-03
 6.09973e+22	5.62e-09	6.32e-05	2.07e-02	1.81e-01	2.56e-01	4.96e-01	4.51e-02	9.19e-04
 6.28293e+22	6.65e-09	7.28e-05	2.31e-02	1.92e-01	2.62e-01	4.81e-01	4.13e-02	7.94e-04
 6.47059e+22	8.22e-09	8.69e-05	2.65e-02	2.07e-01	2.69e-01	4.60e-01	3.68e-02	6.61e-04
 6.66077e+22	9.78e-09	1.00e-04	2.97e-02	2.20e-01	2.74e-01	4.43e-01	3.34e-02	5.65e-04
 6.82836e+22	1.16e-08	1.16e-04	3.30e-02	2.32e-01	2.78e-01	4.26e-01	3.03e-02	4.85e-04
 7.02035e+22	1.44e-08	1.38e-04	3.78e-02	2.48e-01	2.83e-01	4.04e-01	2.67e-02	3.98e-04
 7.21552e+22	1.72e-08	1.60e-04	4.22e-02	2.62e-01	2.87e-01	3.85e-01	2.39e-02	3.35e-04
 7.38856e+22	2.05e-08	1.84e-04	4.69e-02	2.75e-01	2.89e-01	3.67e-01	2.15e-02	2.85e-04
 7.58721e+22	2.58e-08	2.21e-04	5.35e-02	2.93e-01	2.91e-01	3.43e-01	1.86e-02	2.28e-04
 7.78851e+22	3.09e-08	2.56e-04	5.95e-02	3.07e-01	2.92e-01	3.24e-01	1.65e-02	1.90e-04
 7.99323e+22	3.90e-08	3.07e-04	6.76e-02	3.24e-01	2.92e-01	3.01e-01	1.42e-02	1.51e-04
 8.20208e+22	4.73e-08	3.58e-04	7.51e-02	3.39e-01	2.91e-01	2.82e-01	1.24e-02	1.24e-04
 8.38807e+22	5.72e-08	4.14e-04	8.31e-02	3.53e-01	2.90e-01	2.63e-01	1.08e-02	1.02e-04
 8.60162e+22	7.29e-08	4.99e-04	9.41e-02	3.70e-01	2.86e-01	2.40e-01	9.11e-03	7.88e-05
 8.81880e+22	8.88e-08	5.81e-04	1.04e-01	3.83e-01	2.82e-01	2.22e-01	7.86e-03	6.36e-05
 9.04069e+22	1.14e-07	7.03e-04	1.18e-01	4.00e-01	2.76e-01	2.00e-01	6.48e-03	4.81e-05
 9.25847e+22	1.38e-07	8.09e-04	1.28e-01	4.11e-01	2.70e-01	1.84e-01	5.59e-03	3.89e-05
 9.43959e+22	1.65e-07	9.23e-04	1.39e-01	4.21e-01	2.64e-01	1.70e-01	4.85e-03	3.18e-05
 9.61376e+22	1.95e-07	1.05e-03	1.50e-01	4.30e-01	2.58e-01	1.57e-01	4.20e-03	2.59e-05
 9.81019e+22	2.42e-07	1.23e-03	1.65e-01	4.40e-01	2.49e-01	1.42e-01	3.51e-03	2.01e-05
 1.00084e+23	2.90e-07	1.40e-03	1.78e-01	4.47e-01	2.41e-01	1.29e-01	3.00e-03	1.61e-05
 1.01799e+23	3.42e-07	1.58e-03	1.91e-01	4.53e-01	2.34e-01	1.19e-01	2.59e-03	1.31e-05
 1.03739e+23	4.24e-07	1.84e-03	2.08e-01	4.59e-01	2.23e-01	1.06e-01	2.13e-03	9.99e-06
 1.05732e+23	5.05e-07	2.08e-03	2.23e-01	4.63e-01	2.15e-01	9.57e-02	1.80e-03	7.94e-06
 1.07792e+23	6.28e-07	2.43e-03	2.41e-01	4.67e-01	2.03e-01	8.44e-02	1.47e-03	5.97e-06
 1.09892e+23	7.57e-07	2.77e-03	2.58e-01	4.69e-01	1.94e-01	7.55e-02	1.22e-03	4.63e-06
 1.11723e+23	8.96e-07	3.11e-03	2.74e-01	4.69e-01	1.84e-01	6.80e-02	1.03e-03	3.67e-06
 1.13389e+23	1.04e-06	3.45e-03	2.88e-01	4.69e-01	1.77e-01	6.20e-02	8.86e-04	2.98e-06
 1.15162e+23	1.25e-06	3.91e-03	3.06e-01	4.67e-01	1.67e-01	5.50e-02	7.31e-04	2.30e-06
 1.16954e+23	1.45e-06	4.34e-03	3.22e-01	4.65e-01	1.59e-01	4.97e-02	6.22e-04	1.84e-06
 1.18516e+23	1.68e-06	4.78e-03	3.36e-01	4.62e-01	1.51e-01	4.51e-02	5.32e-04	1.49e-06
 1.20290e+23	2.01e-06	5.41e-03	3.55e-01	4.57e-01	1.42e-01	3.97e-02	4.35e-04	1.13e-06
 1.22087e+23	2.33e-06	5.96e-03	3.71e-01	4.53e-01	1.34e-01	3.58e-02	3.69e-04	9.08e-07
 1.23914e+23	2.79e-06	6.73e-03	3.90e-01	4.46e-01	1.25e-01	3.13e-02	2.99e-04	6.85e-07
 1.25763e+23	3.24e-06	7.44e-03	4.07e-01	4.40e-01	1.18e-01	2.80e-02	2.51e-04	5.39e-07
 1.27372e+23	3.74e-06	8.17e-03	4.22e-01	4.33e-01	1.11e-01	2.51e-02	2.12e-04	4.29e-07
 1.29198e+23	4.45e-06	9.17e-03	4.42e-01	4.25e-01	1.03e-01	2.19e-02	1.71e-04	3.22e-07
 1.31070e+23	5.18e-06	1.01e-02	4.58e-01	4.16e-01	9.60e-02	1.94e-02	1.42e-04	2.51e-07
 1.32737e+23	5.97e-06	1.11e-02	4.74e-01	4.08e-01	8.98e-02	1.73e-02	1.18e-04	1.97e-07
 1.34639e+23	7.15e-06	1.25e-02	4.94e-01	3.97e-01	8.24e-02	1.49e-02	9.37e-05	1.44e-07
 1.36572e+23	8.31e-06	1.38e-02	5.10e-01	3.87e-01	7.65e-02	1.31e-02	7.70e-05	0.00e+00
 1.38281e+23	9.60e-06	1.51e-02	5.26e-01	3.77e-01	7.11e-02	1.16e-02	6.36e-05	0.00e+00
 1.40240e+23	1.15e-05	1.70e-02	5.45e-01	3.64e-01	6.46e-02	9.84e-03	4.97e-05	0.00e+00
 1.42239e+23	1.34e-05	1.87e-02	5.61e-01	3.52e-01	5.95e-02	8.58e-03	4.03e-05	0.00e+00
 1.44018e+23	1.55e-05	2.05e-02	5.76e-01	3.41e-01	5.49e-02	7.51e-03	3.28e-05	0.00e+00
 1.46058e+23	1.86e-05	2.31e-02	5.94e-01	3.27e-01	4.95e-02	6.32e-03	2.52e-05	0.00e+00
 1.48150e+23	2.18e-05	2.54e-02	6.10e-01	3.14e-01	4.52e-02	5.45e-03	2.01e-05	0.00e+00
 1.50021e+23	2.53e-05	2.80e-02	6.24e-01	3.02e-01	4.13e-02	4.72e-03	1.61e-05	0.00e+00
 1.52168e+23	3.06e-05	3.15e-02	6.41e-01	2.87e-01	3.67e-02	3.91e-03	1.21e-05	0.00e+00
 1.54360e+23	3.59e-05	3.48e-02	6.55e-01	2.74e-01	3.33e-02	3.34e-03	9.51e-06	0.00e+00
 1.56021e+23	4.01e-05	3.73e-02	6.64e-01	2.65e-01	3.10e-02	2.98e-03	8.01e-06	0.00e+00
 1.57587e+23	4.60e-05	4.06e-02	6.75e-01	2.54e-01	2.83e-02	2.59e-03	6.47e-06	0.00e+00
 1.59198e+23	5.16e-05	4.35e-02	6.83e-01	2.45e-01	2.62e-02	2.30e-03	5.40e-06	0.00e+00
 1.60867e+23	5.94e-05	4.75e-02	6.93e-01	2.33e-01	2.39e-02	1.98e-03	4.30e-06	0.00e+00
 1.62559e+23	6.69e-05	5.11e-02	7.01e-01	2.24e-01	2.20e-02	1.74e-03	3.55e-06	0.00e+00
 1.64045e+23	7.49e-05	5.48e-02	7.08e-01	2.15e-01	2.03e-02	1.54e-03	2.94e-06	0.00e+00
 1.65741e+23	8.62e-05	5.97e-02	7.16e-01	2.04e-01	1.84e-02	1.32e-03	2.33e-06	0.00e+00
 1.67483e+23	9.73e-05	6.43e-02	7.23e-01	1.95e-01	1.68e-02	1.15e-03	1.90e-06	0.00e+00
 1.69033e+23	1.10e-04	6.91e-02	7.28e-01	1.86e-01	1.55e-02	1.01e-03	1.55e-06	0.00e+00
 1.70797e+23	1.27e-04	7.56e-02	7.34e-01	1.75e-01	1.38e-02	8.53e-04	1.20e-06	0.00e+00
 1.72589e+23	1.43e-04	8.12e-02	7.38e-01	1.67e-01	1.26e-02	7.43e-04	9.77e-07	0.00e+00
 1.74421e+23	1.66e-04	8.89e-02	7.43e-01	1.56e-01	1.13e-02	6.23e-04	7.49e-07	0.00e+00
 1.76294e+23	1.89e-04	9.59e-02	7.45e-01	1.48e-01	1.02e-02	5.36e-04	5.97e-07	0.00e+00
 1.78222e+23	2.20e-04	1.05e-01	7.47e-01	1.38e-01	9.02e-03	4.44e-04	4.49e-07	0.00e+00
 1.80188e+23	2.51e-04	1.14e-01	7.48e-01	1.29e-01	8.11e-03	3.78e-04	3.53e-07	0.00e+00
 1.82206e+23	2.94e-04	1.25e-01	7.48e-01	1.19e-01	7.10e-03	3.09e-04	2.61e-07	0.00e+00
 1.84263e+23	3.36e-04	1.35e-01	7.46e-01	1.11e-01	6.34e-03	2.60e-04	2.02e-07	0.00e+00
 1.86092e+23	3.83e-04	1.46e-01	7.44e-01	1.04e-01	5.67e-03	2.20e-04	1.57e-07	0.00e+00
 1.88190e+23	4.51e-04	1.61e-01	7.39e-01	9.49e-02	4.91e-03	1.77e-04	0.00e+00	0.00e+00
 1.90329e+23	5.14e-04	1.73e-01	7.34e-01	8.79e-02	4.36e-03	1.48e-04	0.00e+00	0.00e+00
 1.92520e+23	6.07e-04	1.91e-01	7.25e-01	7.96e-02	3.74e-03	1.17e-04	0.00e+00	0.00e+00
 1.94754e+23	6.96e-04	2.06e-01	7.17e-01	7.30e-02	3.29e-03	9.66e-05	0.00e+00	0.00e+00
 1.97043e+23	8.24e-04	2.27e-01	7.04e-01	6.53e-02	2.79e-03	7.54e-05	0.00e+00	0.00e+00
 1.99380e+23	9.47e-04	2.45e-01	6.92e-01	5.93e-02	2.43e-03	6.12e-05	0.00e+00	0.00e+00
 2.01781e+23	1.13e-03	2.70e-01	6.74e-01	5.23e-02	2.03e-03	4.67e-05	0.00e+00	0.00e+00
 2.04233e+23	1.29e-03	2.91e-01	6.58e-01	4.71e-02	1.75e-03	3.74e-05	0.00e+00	0.00e+00
 2.06752e+23	1.54e-03	3.20e-01	6.36e-01	4.09e-02	1.44e-03	2.79e-05	0.00e+00	0.00e+00
 2.09351e+23	1.77e-03	3.45e-01	6.16e-01	3.62e-02	1.23e-03	2.19e-05	0.00e+00	0.00e+00
 2.12055e+23	2.12e-03	3.79e-01	5.88e-01	3.08e-02	9.91e-04	1.59e-05	0.00e+00	0.00e+00
 2.14859e+23	2.45e-03	4.07e-01	5.63e-01	2.68e-02	8.29e-04	1.21e-05	0.00e+00	0.00e+00
 2.17791e+23	2.96e-03	4.47e-01	5.28e-01	2.21e-02	6.47e-04	8.35e-06	0.00e+00	0.00e+00
 2.20829e+23	3.44e-03	4.79e-01	4.98e-01	1.87e-02	5.27e-04	6.13e-06	0.00e+00	0.00e+00
 2.24005e+23	4.15e-03	5.22e-01	4.58e-01	1.50e-02	4.02e-04	4.07e-06	0.00e+00	0.00e+00
 2.27417e+23	4.88e-03	5.61e-01	4.22e-01	1.22e-02	3.13e-04	2.80e-06	0.00e+00	0.00e+00
 2.30614e+23	5.68e-03	5.97e-01	3.87e-01	9.90e-03	2.45e-04	1.93e-06	0.00e+00	0.00e+00
 2.33401e+23	6.38e-03	6.24e-01	3.61e-01	8.39e-03	2.02e-04	1.44e-06	0.00e+00	0.00e+00
 2.36177e+23	7.34e-03	6.58e-01	3.27e-01	6.75e-03	1.57e-04	9.87e-07	0.00e+00	0.00e+00
 2.39089e+23	8.26e-03	6.86e-01	3.00e-01	5.58e-03	1.26e-04	7.11e-07	0.00e+00	0.00e+00
 2.42178e+23	9.60e-03	7.20e-01	2.66e-01	4.31e-03	9.35e-05	4.57e-07	0.00e+00	0.00e+00
 2.45377e+23	1.08e-02	7.46e-01	2.40e-01	3.48e-03	7.36e-05	3.20e-07	0.00e+00	0.00e+00
 2.48668e+23	1.25e-02	7.77e-01	2.08e-01	2.62e-03	5.34e-05	1.99e-07	0.00e+00	0.00e+00
 2.52141e+23	1.42e-02	8.00e-01	1.83e-01	2.04e-03	4.03e-05	1.31e-07	0.00e+00	0.00e+00
 2.55112e+23	1.56e-02	8.18e-01	1.65e-01	1.66e-03	3.20e-05	0.00e+00	0.00e+00	0.00e+00
 2.58184e+23	1.78e-02	8.39e-01	1.42e-01	1.26e-03	2.34e-05	0.00e+00	0.00e+00	0.00e+00
 2.61288e+23	1.96e-02	8.53e-01	1.27e-01	1.02e-03	1.84e-05	0.00e+00	0.00e+00	0.00e+00
 2.64433e+23	2.21e-02	8.69e-01	1.08e-01	7.65e-04	1.33e-05	0.00e+00	0.00e+00	0.00e+00
 2.67647e+23	2.45e-02	8.80e-01	9.52e-02	6.09e-04	1.03e-05	0.00e+00	0.00e+00	0.00e+00
 2.70900e+23	2.76e-02	8.91e-01	8.05e-02	4.55e-04	7.37e-06	0.00e+00	0.00e+00	0.00e+00
 2.74228e+23	3.06e-02	8.99e-01	6.99e-02	3.58e-04	5.59e-06	0.00e+00	0.00e+00	0.00e+00
 2.77381e+23	3.41e-02	9.06e-01	5.97e-02	2.75e-04	4.11e-06	0.00e+00	0.00e+00	0.00e+00
 2.80565e+23	3.78e-02	9.11e-01	5.13e-02	2.16e-04	3.07e-06	0.00e+00	0.00e+00	0.00e+00
 2.83651e+23	4.18e-02	9.14e-01	4.39e-02	1.69e-04	2.29e-06	0.00e+00	0.00e+00	0.00e+00
 2.86736e+23	4.64e-02	9.16e-01	3.75e-02	1.33e-04	1.70e-06	0.00e+00	0.00e+00	0.00e+00
 2.89822e+23	5.14e-02	9.17e-01	3.19e-02	1.04e-04	1.25e-06	0.00e+00	0.00e+00	0.00e+00
 2.92908e+23	5.70e-02	9.16e-01	2.69e-02	8.17e-05	9.18e-07	0.00e+00	0.00e+00	0.00e+00
 2.95993e+23	6.33e-02	9.14e-01	2.27e-02	6.42e-05	6.68e-07	0.00e+00	0.00e+00	0.00e+00
 2.99079e+23	7.06e-02	9.10e-01	1.89e-02	5.04e-05	4.81e-07	0.00e+00	0.00e+00	0.00e+00
 3.02165e+23	7.87e-02	9.06e-01	1.57e-02	3.96e-05	3.43e-07	0.00e+00	0.00e+00	0.00e+00
 3.04188e+23	8.26e-02	9.03e-01	1.46e-02	3.63e-05	3.03e-07	0.00e+00	0.00e+00	0.00e+00
 3.05028e+23	8.48e-02	9.01e-01	1.39e-02	3.43e-05	2.79e-07	0.00e+00	0.00e+00	0.00e+00
 3.05799e+23	8.74e-02	8.99e-01	1.32e-02	3.21e-05	2.54e-07	0.00e+00	0.00e+00	0.00e+00
 3.06617e+23	9.01e-02	8.97e-01	1.25e-02	3.01e-05	2.30e-07	0.00e+00	0.00e+00	0.00e+00
 3.07415e+23	9.30e-02	8.95e-01	1.18e-02	2.82e-05	2.09e-07	0.00e+00	0.00e+00	0.00e+00
 3.08188e+23	9.61e-02	8.93e-01	1.11e-02	2.64e-05	1.89e-07	0.00e+00	0.00e+00	0.00e+00
