#depth	O	O+	O+2	O+3	O+4	O+5	O+6	O+7	O+8	O[1]	O[2]	O[3]
 1.54284e+22	2.47e-11	6.01e-07	5.71e-04	3.19e-02	1.53e-01	2.44e-01	5.06e-01	6.21e-02	1.84e-03	2.47e-11	5.48e-20	6.79e-20
 3.52781e+22	7.04e-11	1.61e-06	1.28e-03	5.63e-02	2.06e-01	2.77e-01	4.21e-01	3.76e-02	8.18e-04	7.04e-11	1.58e-19	1.95e-19
 4.19100e+22	1.22e-10	2.64e-06	1.89e-03	7.28e-02	2.32e-01	2.87e-01	3.77e-01	2.89e-02	5.39e-04	1.22e-10	2.79e-19	3.44e-19
 4.57150e+22	1.83e-10	3.75e-06	2.48e-03	8.68e-02	2.52e-01	2.91e-01	3.44e-01	2.37e-02	3.97e-04	1.83e-10	4.24e-19	5.21e-19
 4.79215e+22	2.15e-10	4.32e-06	2.76e-03	9.29e-02	2.59e-01	2.91e-01	3.31e-01	2.18e-02	3.50e-04	2.15e-10	5.02e-19	6.16e-19
 4.93292e+22	2.63e-10	5.13e-06	3.14e-03	1.01e-01	2.68e-01	2.92e-01	3.16e-01	1.97e-02	3.00e-04	2.63e-10	6.18e-19	7.59e-19
 5.08644e+22	3.18e-10	6.03e-06	3.55e-03	1.09e-01	2.77e-01	2.92e-01	3.01e-01	1.79e-02	2.59e-04	3.18e-10	7.54e-19	9.25e-19
 5.23369e+22	3.84e-10	7.05e-06	3.99e-03	1.17e-01	2.85e-01	2.91e-01	2.87e-01	1.62e-02	2.24e-04	3.84e-10	9.18e-19	1.13e-18
 5.40229e+22	4.91e-10	8.65e-06	4.64e-03	1.28e-01	2.95e-01	2.89e-01	2.68e-01	1.42e-02	1.85e-04	4.91e-10	1.19e-18	1.45e-18
 5.57242e+22	6.01e-10	1.02e-05	5.23e-03	1.38e-01	3.03e-01	2.87e-01	2.54e-01	1.28e-02	1.57e-04	6.01e-10	1.46e-18	1.79e-18
 5.74452e+22	7.73e-10	1.25e-05	6.08e-03	1.51e-01	3.12e-01	2.83e-01	2.36e-01	1.11e-02	1.29e-04	7.73e-10	1.91e-18	2.33e-18
 5.91995e+22	9.55e-10	1.48e-05	6.87e-03	1.62e-01	3.20e-01	2.80e-01	2.22e-01	9.91e-03	1.09e-04	9.55e-10	2.38e-18	2.91e-18
 6.09973e+22	1.25e-09	1.83e-05	7.98e-03	1.76e-01	3.28e-01	2.74e-01	2.04e-01	8.54e-03	8.76e-05	1.25e-09	3.14e-18	3.84e-18
 6.28293e+22	1.55e-09	2.18e-05	9.03e-03	1.89e-01	3.35e-01	2.69e-01	1.91e-01	7.52e-03	7.29e-05	1.55e-09	3.97e-18	4.84e-18
 6.47059e+22	2.05e-09	2.70e-05	1.05e-02	2.05e-01	3.42e-01	2.62e-01	1.74e-01	6.40e-03	5.79e-05	2.05e-09	5.32e-18	6.48e-18
 6.66077e+22	2.58e-09	3.23e-05	1.19e-02	2.20e-01	3.47e-01	2.55e-01	1.61e-01	5.58e-03	4.76e-05	2.58e-09	6.77e-18	8.24e-18
 6.82836e+22	3.22e-09	3.82e-05	1.34e-02	2.34e-01	3.51e-01	2.48e-01	1.49e-01	4.87e-03	3.94e-05	3.22e-09	8.57e-18	1.04e-17
 7.02035e+22	4.28e-09	4.74e-05	1.55e-02	2.52e-01	3.55e-01	2.39e-01	1.34e-01	4.09e-03	3.07e-05	4.28e-09	1.16e-17	1.41e-17
 7.21552e+22	5.42e-09	5.66e-05	1.75e-02	2.68e-01	3.58e-01	2.31e-01	1.22e-01	3.51e-03	2.49e-05	5.42e-09	1.49e-17	1.81e-17
 7.38856e+22	6.80e-09	6.69e-05	1.95e-02	2.84e-01	3.59e-01	2.22e-01	1.12e-01	3.03e-03	2.03e-05	6.80e-09	1.90e-17	2.31e-17
 7.58721e+22	9.13e-09	8.31e-05	2.26e-02	3.04e-01	3.60e-01	2.11e-01	9.94e-02	2.49e-03	1.55e-05	9.13e-09	2.62e-17	3.17e-17
 7.78851e+22	1.16e-08	9.89e-05	2.53e-02	3.21e-01	3.60e-01	2.02e-01	9.00e-02	2.12e-03	1.24e-05	1.16e-08	3.39e-17	4.10e-17
 7.99323e+22	1.56e-08	1.22e-04	2.91e-02	3.42e-01	3.58e-01	1.90e-01	7.92e-02	1.73e-03	9.34e-06	1.56e-08	4.68e-17	5.66e-17
 8.20208e+22	1.99e-08	1.46e-04	3.26e-02	3.60e-01	3.56e-01	1.80e-01	7.09e-02	1.45e-03	7.34e-06	1.99e-08	6.13e-17	7.41e-17
 8.38807e+22	2.54e-08	1.74e-04	3.64e-02	3.77e-01	3.52e-01	1.70e-01	6.34e-02	1.21e-03	5.77e-06	2.54e-08	8.00e-17	9.67e-17
 8.60162e+22	3.45e-08	2.16e-04	4.18e-02	3.99e-01	3.46e-01	1.57e-01	5.48e-02	9.66e-04	4.24e-06	3.45e-08	1.12e-16	1.36e-16
 8.81880e+22	4.43e-08	2.57e-04	4.66e-02	4.16e-01	3.41e-01	1.47e-01	4.84e-02	7.98e-04	3.28e-06	4.43e-08	1.48e-16	1.79e-16
 9.04069e+22	6.07e-08	3.20e-04	5.33e-02	4.38e-01	3.32e-01	1.35e-01	4.12e-02	6.23e-04	2.35e-06	6.07e-08	2.11e-16	2.55e-16
 9.25847e+22	7.66e-08	3.76e-04	5.88e-02	4.53e-01	3.25e-01	1.26e-01	3.65e-02	5.16e-04	1.83e-06	7.66e-08	2.74e-16	3.31e-16
 9.43959e+22	9.53e-08	4.37e-04	6.43e-02	4.67e-01	3.18e-01	1.17e-01	3.24e-02	4.31e-04	1.44e-06	9.53e-08	3.51e-16	4.23e-16
 9.61376e+22	1.18e-07	5.06e-04	7.02e-02	4.80e-01	3.11e-01	1.09e-01	2.88e-02	3.61e-04	1.13e-06	1.18e-07	4.46e-16	5.37e-16
 9.81019e+22	1.53e-07	6.05e-04	7.80e-02	4.95e-01	3.01e-01	1.00e-01	2.48e-02	2.88e-04	8.43e-07	1.53e-07	6.00e-16	7.22e-16
 1.00084e+23	1.91e-07	7.02e-04	8.51e-02	5.08e-01	2.92e-01	9.27e-02	2.18e-02	2.38e-04	6.52e-07	1.91e-07	7.68e-16	9.25e-16
 1.01799e+23	2.34e-07	8.04e-04	9.20e-02	5.18e-01	2.83e-01	8.61e-02	1.94e-02	1.99e-04	5.15e-07	2.34e-07	9.64e-16	1.16e-15
 1.03739e+23	3.04e-07	9.59e-04	1.02e-01	5.31e-01	2.72e-01	7.80e-02	1.65e-02	1.57e-04	3.77e-07	3.04e-07	1.29e-15	1.55e-15
 1.05732e+23	3.77e-07	1.11e-03	1.10e-01	5.41e-01	2.62e-01	7.17e-02	1.44e-02	1.28e-04	2.89e-07	3.77e-07	1.65e-15	1.98e-15
 1.07792e+23	4.90e-07	1.32e-03	1.21e-01	5.51e-01	2.50e-01	6.44e-02	1.22e-02	1.00e-04	2.09e-07	4.90e-07	2.21e-15	2.66e-15
 1.09892e+23	6.13e-07	1.53e-03	1.32e-01	5.59e-01	2.39e-01	5.86e-02	1.05e-02	8.05e-05	1.57e-07	6.13e-07	2.85e-15	3.42e-15
 1.11723e+23	7.52e-07	1.75e-03	1.41e-01	5.65e-01	2.29e-01	5.36e-02	9.17e-03	6.59e-05	0.00e+00	7.52e-07	3.58e-15	4.29e-15
 1.13389e+23	8.98e-07	1.97e-03	1.50e-01	5.69e-01	2.21e-01	4.95e-02	8.12e-03	5.51e-05	0.00e+00	8.98e-07	4.37e-15	5.24e-15
 1.15162e+23	1.12e-06	2.28e-03	1.62e-01	5.74e-01	2.10e-01	4.47e-02	6.97e-03	4.41e-05	0.00e+00	1.12e-06	5.61e-15	6.72e-15
 1.16954e+23	1.34e-06	2.56e-03	1.73e-01	5.77e-01	2.01e-01	4.10e-02	6.12e-03	3.65e-05	0.00e+00	1.34e-06	6.89e-15	8.24e-15
 1.18516e+23	1.59e-06	2.87e-03	1.83e-01	5.78e-01	1.93e-01	3.77e-02	5.40e-03	3.04e-05	0.00e+00	1.59e-06	8.37e-15	1.00e-14
 1.20290e+23	1.98e-06	3.31e-03	1.96e-01	5.80e-01	1.82e-01	3.38e-02	4.60e-03	2.41e-05	0.00e+00	1.98e-06	1.07e-14	1.28e-14
 1.22087e+23	2.36e-06	3.70e-03	2.08e-01	5.80e-01	1.74e-01	3.09e-02	4.04e-03	2.00e-05	0.00e+00	2.36e-06	1.31e-14	1.56e-14
 1.23914e+23	2.92e-06	4.26e-03	2.23e-01	5.78e-01	1.64e-01	2.76e-02	3.42e-03	1.57e-05	0.00e+00	2.92e-06	1.67e-14	2.00e-14
 1.25763e+23	3.50e-06	4.79e-03	2.35e-01	5.76e-01	1.55e-01	2.50e-02	2.97e-03	1.28e-05	0.00e+00	3.50e-06	2.06e-14	2.45e-14
 1.27372e+23	4.15e-06	5.34e-03	2.48e-01	5.74e-01	1.48e-01	2.27e-02	2.60e-03	1.05e-05	0.00e+00	4.15e-06	2.50e-14	2.97e-14
 1.29198e+23	5.11e-06	6.12e-03	2.64e-01	5.69e-01	1.38e-01	2.02e-02	2.19e-03	8.26e-06	0.00e+00	5.11e-06	3.18e-14	3.78e-14
 1.31070e+23	6.11e-06	6.86e-03	2.78e-01	5.64e-01	1.30e-01	1.82e-02	1.89e-03	6.68e-06	0.00e+00	6.11e-06	3.91e-14	4.64e-14
 1.32737e+23	7.24e-06	7.65e-03	2.92e-01	5.59e-01	1.23e-01	1.64e-02	1.64e-03	5.44e-06	0.00e+00	7.24e-06	4.76e-14	5.65e-14
 1.34639e+23	8.97e-06	8.78e-03	3.11e-01	5.50e-01	1.14e-01	1.44e-02	1.36e-03	4.18e-06	0.00e+00	8.97e-06	6.11e-14	7.26e-14
 1.36572e+23	1.07e-05	9.83e-03	3.26e-01	5.43e-01	1.07e-01	1.29e-02	1.17e-03	3.35e-06	0.00e+00	1.07e-05	7.51e-14	8.92e-14
 1.38281e+23	1.27e-05	1.10e-02	3.42e-01	5.34e-01	1.01e-01	1.15e-02	1.00e-03	2.69e-06	0.00e+00	1.27e-05	9.17e-14	1.09e-13
 1.40240e+23	1.57e-05	1.26e-02	3.62e-01	5.22e-01	9.25e-02	9.99e-03	8.25e-04	2.04e-06	0.00e+00	1.57e-05	1.18e-13	1.40e-13
 1.42239e+23	1.88e-05	1.41e-02	3.79e-01	5.11e-01	8.60e-02	8.84e-03	6.98e-04	1.61e-06	0.00e+00	1.88e-05	1.46e-13	1.73e-13
 1.44018e+23	2.23e-05	1.57e-02	3.96e-01	5.00e-01	8.01e-02	7.84e-03	5.94e-04	1.28e-06	0.00e+00	2.23e-05	1.79e-13	2.12e-13
 1.46058e+23	2.77e-05	1.80e-02	4.17e-01	4.85e-01	7.29e-02	6.71e-03	4.81e-04	9.47e-07	0.00e+00	2.77e-05	2.32e-13	2.75e-13
 1.48150e+23	3.32e-05	2.02e-02	4.35e-01	4.71e-01	6.71e-02	5.87e-03	4.02e-04	7.33e-07	0.00e+00	3.32e-05	2.88e-13	3.41e-13
 1.50021e+23	3.96e-05	2.26e-02	4.53e-01	4.57e-01	6.19e-02	5.14e-03	3.37e-04	5.71e-07	0.00e+00	3.96e-05	3.55e-13	4.20e-13
 1.52168e+23	4.94e-05	2.59e-02	4.75e-01	4.39e-01	5.56e-02	4.32e-03	2.68e-04	4.13e-07	0.00e+00	4.94e-05	4.64e-13	5.49e-13
 1.54360e+23	5.93e-05	2.91e-02	4.94e-01	4.22e-01	5.07e-02	3.73e-03	2.20e-04	3.13e-07	0.00e+00	5.93e-05	5.79e-13	6.85e-13
 1.56021e+23	6.74e-05	3.15e-02	5.07e-01	4.11e-01	4.74e-02	3.35e-03	1.92e-04	2.58e-07	0.00e+00	6.74e-05	6.76e-13	8.00e-13
 1.57587e+23	7.89e-05	3.47e-02	5.23e-01	3.96e-01	4.36e-02	2.94e-03	1.61e-04	2.02e-07	0.00e+00	7.89e-05	8.19e-13	9.69e-13
 1.59198e+23	8.99e-05	3.77e-02	5.36e-01	3.83e-01	4.05e-02	2.62e-03	1.39e-04	1.64e-07	0.00e+00	8.99e-05	9.60e-13	1.14e-12
 1.60867e+23	1.06e-04	4.17e-02	5.52e-01	3.67e-01	3.70e-02	2.28e-03	1.16e-04	1.27e-07	0.00e+00	1.06e-04	1.17e-12	1.39e-12
 1.62559e+23	1.21e-04	4.53e-02	5.64e-01	3.54e-01	3.42e-02	2.02e-03	9.90e-05	0.00e+00	0.00e+00	1.21e-04	1.38e-12	1.64e-12
 1.64045e+23	1.37e-04	4.90e-02	5.76e-01	3.41e-01	3.17e-02	1.79e-03	8.50e-05	0.00e+00	0.00e+00	1.37e-04	1.62e-12	1.92e-12
 1.65741e+23	1.61e-04	5.40e-02	5.91e-01	3.25e-01	2.88e-02	1.54e-03	7.02e-05	0.00e+00	0.00e+00	1.61e-04	1.97e-12	2.33e-12
 1.67483e+23	1.84e-04	5.87e-02	6.03e-01	3.11e-01	2.64e-02	1.35e-03	5.93e-05	0.00e+00	0.00e+00	1.84e-04	2.33e-12	2.76e-12
 1.69033e+23	2.10e-04	6.36e-02	6.14e-01	2.97e-01	2.42e-02	1.19e-03	5.03e-05	0.00e+00	0.00e+00	2.10e-04	2.75e-12	3.25e-12
 1.70797e+23	2.48e-04	7.03e-02	6.27e-01	2.80e-01	2.17e-02	1.00e-03	4.07e-05	0.00e+00	0.00e+00	2.48e-04	3.38e-12	4.00e-12
 1.72589e+23	2.83e-04	7.61e-02	6.36e-01	2.66e-01	1.98e-02	8.76e-04	3.43e-05	0.00e+00	0.00e+00	2.83e-04	3.98e-12	4.71e-12
 1.74421e+23	3.33e-04	8.41e-02	6.48e-01	2.50e-01	1.76e-02	7.35e-04	2.75e-05	0.00e+00	0.00e+00	3.33e-04	4.90e-12	5.80e-12
 1.76294e+23	3.82e-04	9.13e-02	6.56e-01	2.36e-01	1.59e-02	6.32e-04	2.27e-05	0.00e+00	0.00e+00	3.82e-04	5.83e-12	6.90e-12
 1.78222e+23	4.53e-04	1.01e-01	6.65e-01	2.19e-01	1.40e-02	5.22e-04	1.79e-05	0.00e+00	0.00e+00	4.53e-04	7.23e-12	8.55e-12
 1.80188e+23	5.21e-04	1.10e-01	6.72e-01	2.05e-01	1.25e-02	4.44e-04	1.47e-05	0.00e+00	0.00e+00	5.21e-04	8.64e-12	1.02e-11
 1.82206e+23	6.18e-04	1.22e-01	6.78e-01	1.88e-01	1.09e-02	3.61e-04	1.14e-05	0.00e+00	0.00e+00	6.18e-04	1.08e-11	1.27e-11
 1.84263e+23	7.13e-04	1.32e-01	6.82e-01	1.75e-01	9.67e-03	3.03e-04	9.17e-06	0.00e+00	0.00e+00	7.13e-04	1.29e-11	1.53e-11
 1.86092e+23	8.18e-04	1.43e-01	6.85e-01	1.62e-01	8.59e-03	2.55e-04	7.42e-06	0.00e+00	0.00e+00	8.18e-04	1.54e-11	1.82e-11
 1.88190e+23	9.72e-04	1.58e-01	6.86e-01	1.47e-01	7.37e-03	2.04e-04	5.64e-06	0.00e+00	0.00e+00	9.72e-04	1.93e-11	2.28e-11
 1.90329e+23	1.12e-03	1.71e-01	6.86e-01	1.35e-01	6.48e-03	1.69e-04	4.49e-06	0.00e+00	0.00e+00	1.12e-03	2.32e-11	2.73e-11
 1.92520e+23	1.33e-03	1.89e-01	6.83e-01	1.21e-01	5.50e-03	1.33e-04	3.36e-06	0.00e+00	0.00e+00	1.33e-03	2.91e-11	3.43e-11
 1.94754e+23	1.53e-03	2.05e-01	6.79e-01	1.10e-01	4.77e-03	1.08e-04	2.63e-06	0.00e+00	0.00e+00	1.53e-03	3.50e-11	4.13e-11
 1.97043e+23	1.82e-03	2.26e-01	6.71e-01	9.71e-02	4.00e-03	8.35e-05	1.93e-06	0.00e+00	0.00e+00	1.82e-03	4.41e-11	5.21e-11
 1.99380e+23	2.10e-03	2.44e-01	6.63e-01	8.73e-02	3.43e-03	6.71e-05	1.49e-06	0.00e+00	0.00e+00	2.10e-03	5.31e-11	6.27e-11
 2.01781e+23	2.50e-03	2.68e-01	6.50e-01	7.58e-02	2.83e-03	5.05e-05	1.07e-06	0.00e+00	0.00e+00	2.50e-03	6.72e-11	7.93e-11
 2.04233e+23	2.88e-03	2.89e-01	6.38e-01	6.73e-02	2.41e-03	3.99e-05	8.13e-07	0.00e+00	0.00e+00	2.88e-03	8.10e-11	9.56e-11
 2.06752e+23	3.44e-03	3.18e-01	6.20e-01	5.75e-02	1.95e-03	2.94e-05	5.69e-07	0.00e+00	0.00e+00	3.44e-03	1.03e-10	1.21e-10
 2.09351e+23	3.96e-03	3.42e-01	6.03e-01	5.02e-02	1.64e-03	2.27e-05	4.24e-07	0.00e+00	0.00e+00	3.96e-03	1.25e-10	1.47e-10
 2.12055e+23	4.75e-03	3.74e-01	5.78e-01	4.19e-02	1.30e-03	1.61e-05	2.88e-07	0.00e+00	0.00e+00	4.75e-03	1.59e-10	1.88e-10
 2.14859e+23	5.47e-03	4.01e-01	5.56e-01	3.59e-02	1.07e-03	1.22e-05	2.09e-07	0.00e+00	0.00e+00	5.47e-03	1.94e-10	2.30e-10
 2.17791e+23	6.62e-03	4.39e-01	5.24e-01	2.89e-02	8.24e-04	8.22e-06	1.35e-07	0.00e+00	0.00e+00	6.62e-03	2.53e-10	2.99e-10
 2.20829e+23	7.67e-03	4.71e-01	4.97e-01	2.41e-02	6.63e-04	5.94e-06	0.00e+00	0.00e+00	0.00e+00	7.67e-03	3.11e-10	3.68e-10
 2.24005e+23	9.24e-03	5.11e-01	4.60e-01	1.89e-02	5.00e-04	3.87e-06	0.00e+00	0.00e+00	0.00e+00	9.24e-03	4.06e-10	4.80e-10
 2.27417e+23	1.09e-02	5.48e-01	4.26e-01	1.50e-02	3.86e-04	2.61e-06	0.00e+00	0.00e+00	0.00e+00	1.09e-02	5.12e-10	6.06e-10
 2.30614e+23	1.26e-02	5.82e-01	3.93e-01	1.19e-02	3.00e-04	1.77e-06	0.00e+00	0.00e+00	0.00e+00	1.26e-02	6.37e-10	7.55e-10
 2.33401e+23	1.41e-02	6.08e-01	3.68e-01	9.95e-03	2.47e-04	1.31e-06	0.00e+00	0.00e+00	0.00e+00	1.41e-02	7.52e-10	8.91e-10
 2.36177e+23	1.62e-02	6.40e-01	3.36e-01	7.84e-03	1.92e-04	8.80e-07	0.00e+00	0.00e+00	0.00e+00	1.62e-02	9.26e-10	1.10e-09
 2.39089e+23	1.81e-02	6.66e-01	3.10e-01	6.36e-03	1.55e-04	6.26e-07	0.00e+00	0.00e+00	0.00e+00	1.81e-02	1.10e-09	1.31e-09
 2.42178e+23	2.10e-02	6.98e-01	2.76e-01	4.80e-03	1.16e-04	3.96e-07	0.00e+00	0.00e+00	0.00e+00	2.10e-02	1.38e-09	1.64e-09
 2.45377e+23	2.35e-02	7.22e-01	2.51e-01	3.81e-03	9.23e-05	2.73e-07	0.00e+00	0.00e+00	0.00e+00	2.35e-02	1.64e-09	1.95e-09
 2.48668e+23	2.71e-02	7.50e-01	2.20e-01	2.79e-03	6.82e-05	1.67e-07	0.00e+00	0.00e+00	0.00e+00	2.71e-02	2.06e-09	2.44e-09
 2.52141e+23	3.05e-02	7.73e-01	1.95e-01	2.12e-03	5.24e-05	0.00e+00	0.00e+00	0.00e+00	0.00e+00	3.05e-02	2.49e-09	2.96e-09
 2.55112e+23	3.34e-02	7.89e-01	1.76e-01	1.70e-03	4.24e-05	0.00e+00	0.00e+00	0.00e+00	0.00e+00	3.34e-02	2.89e-09	3.44e-09
 2.58184e+23	3.77e-02	8.08e-01	1.53e-01	1.25e-03	3.18e-05	0.00e+00	0.00e+00	0.00e+00	0.00e+00	3.77e-02	3.52e-09	4.19e-09
 2.61288e+23	4.11e-02	8.20e-01	1.38e-01	9.90e-04	2.56e-05	0.00e+00	0.00e+00	0.00e+00	0.00e+00	4.11e-02	4.08e-09	4.86e-09
 2.64433e+23	4.61e-02	8.35e-01	1.18e-01	7.22e-04	1.91e-05	0.00e+00	0.00e+00	0.00e+00	0.00e+00	4.61e-02	4.94e-09	5.87e-09
 2.67647e+23	5.04e-02	8.44e-01	1.05e-01	5.60e-04	1.52e-05	0.00e+00	0.00e+00	0.00e+00	0.00e+00	5.04e-02	5.72e-09	6.77e-09
 2.70900e+23	5.63e-02	8.54e-01	8.95e-02	4.05e-04	1.13e-05	0.00e+00	0.00e+00	0.00e+00	0.00e+00	5.63e-02	6.90e-09	8.11e-09
 2.74228e+23	6.15e-02	8.60e-01	7.83e-02	3.09e-04	8.80e-06	0.00e+00	0.00e+00	0.00e+00	0.00e+00	6.15e-02	8.01e-09	9.37e-09
 2.77381e+23	6.77e-02	8.65e-01	6.73e-02	2.30e-04	6.71e-06	0.00e+00	0.00e+00	0.00e+00	0.00e+00	6.77e-02	9.43e-09	1.10e-08
 2.80565e+23	7.39e-02	8.68e-01	5.83e-02	1.73e-04	5.19e-06	0.00e+00	0.00e+00	0.00e+00	0.00e+00	7.39e-02	1.10e-08	1.27e-08
 2.83651e+23	8.06e-02	8.69e-01	5.03e-02	1.31e-04	4.01e-06	0.00e+00	0.00e+00	0.00e+00	0.00e+00	8.06e-02	1.27e-08	1.46e-08
 2.86736e+23	8.80e-02	8.69e-01	4.32e-02	9.86e-05	3.09e-06	0.00e+00	0.00e+00	0.00e+00	0.00e+00	8.80e-02	1.48e-08	1.69e-08
 2.89822e+23	9.60e-02	8.67e-01	3.70e-02	7.41e-05	2.37e-06	0.00e+00	0.00e+00	0.00e+00	0.00e+00	9.60e-02	1.71e-08	1.95e-08
 2.92908e+23	1.05e-01	8.64e-01	3.15e-02	5.56e-05	1.81e-06	0.00e+00	0.00e+00	0.00e+00	0.00e+00	1.05e-01	1.99e-08	2.25e-08
 2.95993e+23	1.15e-01	8.59e-01	2.66e-02	4.16e-05	1.37e-06	0.00e+00	0.00e+00	0.00e+00	0.00e+00	1.15e-01	2.31e-08	2.59e-08
 2.99079e+23	1.26e-01	8.52e-01	2.23e-02	3.10e-05	1.03e-06	0.00e+00	0.00e+00	0.00e+00	0.00e+00	1.26e-01	2.69e-08	3.00e-08
 3.02165e+23	1.38e-01	8.44e-01	1.86e-02	2.30e-05	7.71e-07	0.00e+00	0.00e+00	0.00e+00	0.00e+00	1.38e-01	3.13e-08	3.48e-08
 3.04188e+23	1.43e-01	8.40e-01	1.74e-02	2.07e-05	6.91e-07	0.00e+00	0.00e+00	0.00e+00	0.00e+00	1.43e-01	3.29e-08	3.65e-08
 3.05028e+23	1.46e-01	8.37e-01	1.66e-02	1.93e-05	6.44e-07	0.00e+00	0.00e+00	0.00e+00	0.00e+00	1.46e-01	3.41e-08	3.78e-08
 3.05799e+23	1.50e-01	8.34e-01	1.57e-02	1.77e-05	5.93e-07	0.00e+00	0.00e+00	0.00e+00	0.00e+00	1.50e-01	3.56e-08	3.93e-08
 3.06617e+23	1.54e-01	8.31e-01	1.49e-02	1.63e-05	5.45e-07	0.00e+00	0.00e+00	0.00e+00	0.00e+00	1.54e-01	3.71e-08	4.10e-08
 3.07415e+23	1.58e-01	8.28e-01	1.41e-02	1.50e-05	5.00e-07	0.00e+00	0.00e+00	0.00e+00	0.00e+00	1.58e-01	3.87e-08	4.27e-08
 3.08188e+23	1.63e-01	8.24e-01	1.32e-02	1.38e-05	4.57e-07	0.00e+00	0.00e+00	0.00e+00	0.00e+00	1.63e-01	4.03e-08	4.44e-08
