#depth	O	O+	O+2	O+3	O+4	O+5	O+6	O+7	O+8	O[1]	O[2]	O[3]
 1.54284e+22	7.70e-17	4.13e-12	8.60e-09	1.65e-06	6.62e-05	9.74e-04	8.49e-02	4.24e-01	4.90e-01	7.70e-17	2.23e-27	2.36e-27
 3.46107e+22	5.48e-16	2.29e-11	3.75e-08	5.69e-06	1.78e-04	1.95e-03	1.26e-01	4.68e-01	4.04e-01	5.48e-16	1.04e-24	1.31e-24
 4.02415e+22	1.39e-15	5.14e-11	7.53e-08	1.02e-05	2.84e-04	2.71e-03	1.51e-01	4.84e-01	3.62e-01	1.39e-15	2.65e-24	3.33e-24
 4.30569e+22	2.20e-15	7.68e-11	1.07e-07	1.37e-05	3.60e-04	3.20e-03	1.65e-01	4.91e-01	3.41e-01	2.20e-15	4.20e-24	5.28e-24
 4.44081e+22	2.70e-15	9.17e-11	1.24e-07	1.56e-05	4.00e-04	3.44e-03	1.71e-01	4.93e-01	3.31e-01	2.70e-15	5.14e-24	6.47e-24
 4.53571e+22	3.49e-15	1.15e-10	1.51e-07	1.85e-05	4.57e-04	3.78e-03	1.80e-01	4.96e-01	3.19e-01	3.49e-15	6.66e-24	8.37e-24
 4.63665e+22	4.38e-15	1.40e-10	1.79e-07	2.14e-05	5.15e-04	4.10e-03	1.88e-01	4.99e-01	3.09e-01	4.38e-15	8.35e-24	1.05e-23
 4.74544e+22	5.85e-15	1.80e-10	2.23e-07	2.58e-05	6.00e-04	4.56e-03	1.99e-01	5.01e-01	2.95e-01	5.85e-15	1.12e-23	1.40e-23
 4.85575e+22	7.38e-15	2.21e-10	2.66e-07	3.00e-05	6.79e-04	4.98e-03	2.08e-01	5.03e-01	2.84e-01	7.38e-15	1.41e-23	1.77e-23
 4.96805e+22	9.91e-15	2.85e-10	3.33e-07	3.64e-05	7.96e-04	5.56e-03	2.20e-01	5.04e-01	2.70e-01	9.91e-15	1.89e-23	2.38e-23
 5.08207e+22	1.25e-14	3.49e-10	3.98e-07	4.24e-05	9.03e-04	6.07e-03	2.30e-01	5.04e-01	2.59e-01	1.25e-14	2.38e-23	2.99e-23
 5.19834e+22	1.68e-14	4.53e-10	5.00e-07	5.17e-05	1.07e-03	6.82e-03	2.43e-01	5.04e-01	2.45e-01	1.68e-14	3.20e-23	4.03e-23
 5.31589e+22	2.11e-14	5.54e-10	5.97e-07	6.04e-05	1.21e-03	7.46e-03	2.54e-01	5.03e-01	2.34e-01	2.11e-14	4.03e-23	5.06e-23
 5.41505e+22	2.60e-14	6.63e-10	7.01e-07	6.94e-05	1.36e-03	8.10e-03	2.64e-01	5.02e-01	2.24e-01	2.60e-14	4.95e-23	6.22e-23
 5.52310e+22	3.36e-14	8.31e-10	8.58e-07	8.29e-05	1.58e-03	9.00e-03	2.78e-01	5.00e-01	2.11e-01	3.36e-14	6.40e-23	8.04e-23
 5.63176e+22	4.09e-14	9.90e-10	1.00e-06	9.53e-05	1.78e-03	9.77e-03	2.89e-01	4.98e-01	2.01e-01	4.09e-14	7.81e-23	9.80e-23
 5.73778e+22	5.17e-14	1.21e-09	1.21e-06	1.12e-04	2.05e-03	1.08e-02	3.03e-01	4.95e-01	1.90e-01	5.17e-14	9.85e-23	1.24e-22
 5.84596e+22	6.28e-14	1.44e-09	1.41e-06	1.29e-04	2.31e-03	1.17e-02	3.14e-01	4.91e-01	1.80e-01	6.28e-14	1.20e-22	1.50e-22
 5.95213e+22	7.74e-14	1.74e-09	1.67e-06	1.51e-04	2.63e-03	1.29e-02	3.28e-01	4.86e-01	1.70e-01	7.74e-14	1.48e-22	1.85e-22
 6.06050e+22	9.35e-14	2.06e-09	1.96e-06	1.74e-04	2.98e-03	1.41e-02	3.41e-01	4.82e-01	1.60e-01	9.35e-14	1.78e-22	2.24e-22
 6.16731e+22	1.13e-13	2.44e-09	2.29e-06	2.01e-04	3.37e-03	1.54e-02	3.54e-01	4.76e-01	1.51e-01	1.13e-13	2.16e-22	2.70e-22
 6.27501e+22	1.35e-13	2.85e-09	2.65e-06	2.30e-04	3.80e-03	1.68e-02	3.67e-01	4.70e-01	1.42e-01	1.35e-13	2.57e-22	3.22e-22
 6.38141e+22	1.59e-13	3.32e-09	3.07e-06	2.64e-04	4.28e-03	1.83e-02	3.81e-01	4.63e-01	1.33e-01	1.59e-13	3.04e-22	3.81e-22
 6.48764e+22	1.87e-13	3.84e-09	3.52e-06	3.01e-04	4.80e-03	1.99e-02	3.94e-01	4.56e-01	1.25e-01	1.87e-13	3.57e-22	4.47e-22
 6.59399e+22	2.17e-13	4.41e-09	4.03e-06	3.42e-04	5.37e-03	2.16e-02	4.07e-01	4.49e-01	1.17e-01	2.17e-13	4.16e-22	5.21e-22
 6.70070e+22	2.51e-13	5.04e-09	4.59e-06	3.87e-04	6.00e-03	2.35e-02	4.20e-01	4.41e-01	1.10e-01	2.51e-13	4.80e-22	6.02e-22
 6.80791e+22	2.89e-13	5.73e-09	5.22e-06	4.38e-04	6.69e-03	2.54e-02	4.32e-01	4.33e-01	1.02e-01	2.89e-13	5.52e-22	6.92e-22
 6.91604e+22	3.29e-13	6.49e-09	5.91e-06	4.94e-04	7.44e-03	2.75e-02	4.45e-01	4.24e-01	9.55e-02	3.29e-13	6.30e-22	7.89e-22
 7.02531e+22	3.74e-13	7.31e-09	6.67e-06	5.57e-04	8.26e-03	2.98e-02	4.58e-01	4.15e-01	8.90e-02	3.74e-13	7.15e-22	8.96e-22
 7.13520e+22	4.21e-13	8.20e-09	7.50e-06	6.25e-04	9.15e-03	3.21e-02	4.70e-01	4.05e-01	8.28e-02	4.21e-13	8.07e-22	1.01e-21
 7.24684e+22	4.73e-13	9.17e-09	8.43e-06	7.02e-04	1.01e-02	3.47e-02	4.82e-01	3.95e-01	7.69e-02	4.73e-13	9.07e-22	1.14e-21
 7.35965e+22	5.28e-13	1.02e-08	9.44e-06	7.86e-04	1.12e-02	3.74e-02	4.94e-01	3.85e-01	7.13e-02	5.28e-13	1.01e-21	1.27e-21
 7.47471e+22	5.89e-13	1.14e-08	1.06e-05	8.82e-04	1.24e-02	4.04e-02	5.06e-01	3.75e-01	6.59e-02	5.89e-13	1.13e-21	1.41e-21
 7.59179e+22	6.52e-13	1.26e-08	1.18e-05	9.86e-04	1.36e-02	4.34e-02	5.17e-01	3.64e-01	6.09e-02	6.52e-13	1.25e-21	1.57e-21
 7.69906e+22	7.09e-13	1.37e-08	1.29e-05	1.08e-03	1.47e-02	4.61e-02	5.26e-01	3.55e-01	5.69e-02	7.09e-13	1.36e-21	1.70e-21
 7.81103e+22	7.82e-13	1.52e-08	1.45e-05	1.21e-03	1.63e-02	4.98e-02	5.37e-01	3.43e-01	5.22e-02	7.82e-13	1.50e-21	1.88e-21
 7.92492e+22	8.48e-13	1.65e-08	1.58e-05	1.33e-03	1.76e-02	5.28e-02	5.46e-01	3.34e-01	4.87e-02	8.48e-13	1.63e-21	2.04e-21
 8.04246e+22	9.36e-13	1.83e-08	1.78e-05	1.50e-03	1.94e-02	5.70e-02	5.56e-01	3.22e-01	4.44e-02	9.36e-13	1.80e-21	2.25e-21
 8.16032e+22	1.01e-12	1.98e-08	1.94e-05	1.64e-03	2.09e-02	6.03e-02	5.64e-01	3.12e-01	4.13e-02	1.01e-12	1.94e-21	2.43e-21
 8.27861e+22	1.10e-12	2.18e-08	2.17e-05	1.84e-03	2.29e-02	6.48e-02	5.73e-01	3.00e-01	3.76e-02	1.10e-12	2.13e-21	2.66e-21
 8.39735e+22	1.19e-12	2.36e-08	2.36e-05	2.00e-03	2.46e-02	6.84e-02	5.79e-01	2.91e-01	3.49e-02	1.19e-12	2.29e-21	2.87e-21
 8.51668e+22	1.30e-12	2.60e-08	2.64e-05	2.24e-03	2.69e-02	7.33e-02	5.87e-01	2.79e-01	3.17e-02	1.30e-12	2.51e-21	3.13e-21
 8.63729e+22	1.40e-12	2.81e-08	2.88e-05	2.45e-03	2.88e-02	7.72e-02	5.92e-01	2.70e-01	2.94e-02	1.40e-12	2.70e-21	3.37e-21
 8.75957e+22	1.52e-12	3.10e-08	3.21e-05	2.74e-03	3.14e-02	8.26e-02	5.99e-01	2.58e-01	2.66e-02	1.52e-12	2.94e-21	3.68e-21
 8.88349e+22	1.64e-12	3.36e-08	3.51e-05	2.99e-03	3.36e-02	8.69e-02	6.03e-01	2.49e-01	2.46e-02	1.64e-12	3.17e-21	3.96e-21
 9.00954e+22	1.79e-12	3.71e-08	3.93e-05	3.34e-03	3.65e-02	9.27e-02	6.08e-01	2.37e-01	2.22e-02	1.79e-12	3.47e-21	4.33e-21
 9.13794e+22	1.93e-12	4.04e-08	4.32e-05	3.66e-03	3.90e-02	9.75e-02	6.11e-01	2.28e-01	2.04e-02	1.93e-12	3.75e-21	4.68e-21
 9.26938e+22	2.12e-12	4.49e-08	4.85e-05	4.10e-03	4.24e-02	1.04e-01	6.15e-01	2.17e-01	1.83e-02	2.12e-12	4.12e-21	5.14e-21
 9.40386e+22	2.30e-12	4.93e-08	5.35e-05	4.50e-03	4.53e-02	1.09e-01	6.17e-01	2.08e-01	1.68e-02	2.30e-12	4.49e-21	5.59e-21
 9.54226e+22	2.54e-12	5.52e-08	6.06e-05	5.07e-03	4.93e-02	1.16e-01	6.18e-01	1.96e-01	1.49e-02	2.54e-12	4.96e-21	6.18e-21
 9.68340e+22	2.79e-12	6.10e-08	6.72e-05	5.58e-03	5.26e-02	1.22e-01	6.19e-01	1.87e-01	1.36e-02	2.79e-12	5.45e-21	6.79e-21
 9.80223e+22	3.01e-12	6.65e-08	7.36e-05	6.06e-03	5.57e-02	1.27e-01	6.19e-01	1.79e-01	1.25e-02	3.01e-12	5.90e-21	7.34e-21
 9.93086e+22	3.32e-12	7.44e-08	8.27e-05	6.75e-03	5.99e-02	1.34e-01	6.18e-01	1.70e-01	1.12e-02	3.32e-12	6.52e-21	8.12e-21
 1.00560e+23	3.60e-12	8.10e-08	9.03e-05	7.30e-03	6.31e-02	1.39e-01	6.17e-01	1.63e-01	1.03e-02	3.60e-12	7.06e-21	8.79e-21
 1.01767e+23	3.93e-12	8.99e-08	1.01e-04	8.05e-03	6.73e-02	1.46e-01	6.15e-01	1.54e-01	9.31e-03	3.93e-12	7.74e-21	9.63e-21
 1.02985e+23	4.30e-12	9.88e-08	1.10e-04	8.71e-03	7.08e-02	1.51e-01	6.12e-01	1.48e-01	8.59e-03	4.30e-12	8.48e-21	1.06e-20
 1.04221e+23	4.75e-12	1.11e-07	1.24e-04	9.62e-03	7.55e-02	1.59e-01	6.09e-01	1.40e-01	7.71e-03	4.75e-12	9.39e-21	1.17e-20
 1.05474e+23	5.23e-12	1.22e-07	1.36e-04	1.04e-02	7.94e-02	1.64e-01	6.06e-01	1.33e-01	7.08e-03	5.23e-12	1.04e-20	1.29e-20
 1.06751e+23	5.83e-12	1.38e-07	1.53e-04	1.15e-02	8.46e-02	1.71e-01	6.00e-01	1.26e-01	6.32e-03	5.83e-12	1.16e-20	1.44e-20
 1.08048e+23	6.47e-12	1.53e-07	1.69e-04	1.25e-02	8.90e-02	1.77e-01	5.96e-01	1.20e-01	5.79e-03	6.47e-12	1.29e-20	1.60e-20
 1.09368e+23	7.27e-12	1.75e-07	1.92e-04	1.39e-02	9.48e-02	1.85e-01	5.89e-01	1.12e-01	5.14e-03	7.27e-12	1.45e-20	1.80e-20
 1.10712e+23	8.16e-12	1.96e-07	2.13e-04	1.51e-02	9.97e-02	1.91e-01	5.83e-01	1.06e-01	4.69e-03	8.16e-12	1.63e-20	2.03e-20
 1.12086e+23	9.27e-12	2.25e-07	2.43e-04	1.67e-02	1.06e-01	1.99e-01	5.75e-01	9.92e-02	4.13e-03	9.27e-12	1.86e-20	2.31e-20
 1.13490e+23	1.05e-11	2.55e-07	2.71e-04	1.82e-02	1.12e-01	2.05e-01	5.68e-01	9.38e-02	3.75e-03	1.05e-11	2.11e-20	2.62e-20
 1.14932e+23	1.21e-11	2.97e-07	3.11e-04	2.03e-02	1.19e-01	2.13e-01	5.57e-01	8.69e-02	3.28e-03	1.21e-11	2.45e-20	3.04e-20
 1.16413e+23	1.39e-11	3.39e-07	3.50e-04	2.22e-02	1.25e-01	2.19e-01	5.49e-01	8.17e-02	2.94e-03	1.39e-11	2.81e-20	3.48e-20
 1.17945e+23	1.64e-11	4.02e-07	4.06e-04	2.49e-02	1.33e-01	2.27e-01	5.36e-01	7.52e-02	2.55e-03	1.64e-11	3.33e-20	4.13e-20
 1.19493e+23	1.89e-11	4.62e-07	4.58e-04	2.72e-02	1.40e-01	2.33e-01	5.26e-01	7.04e-02	2.28e-03	1.89e-11	3.85e-20	4.77e-20
 1.21063e+23	2.26e-11	5.52e-07	5.34e-04	3.04e-02	1.49e-01	2.41e-01	5.12e-01	6.45e-02	1.97e-03	2.26e-11	4.63e-20	5.73e-20
 1.22655e+23	2.64e-11	6.40e-07	6.04e-04	3.33e-02	1.57e-01	2.47e-01	5.01e-01	6.01e-02	1.75e-03	2.64e-11	5.44e-20	6.73e-20
 1.24274e+23	3.19e-11	7.72e-07	7.07e-04	3.72e-02	1.66e-01	2.55e-01	4.85e-01	5.47e-02	1.50e-03	3.19e-11	6.61e-20	8.17e-20
 1.25916e+23	3.77e-11	9.01e-07	8.03e-04	4.07e-02	1.74e-01	2.60e-01	4.72e-01	5.07e-02	1.32e-03	3.77e-11	7.85e-20	9.70e-20
 1.27362e+23	4.42e-11	1.05e-06	9.09e-04	4.44e-02	1.82e-01	2.65e-01	4.59e-01	4.70e-02	1.17e-03	4.42e-11	9.23e-20	1.14e-19
 1.29014e+23	5.45e-11	1.27e-06	1.07e-03	4.96e-02	1.93e-01	2.71e-01	4.42e-01	4.25e-02	9.92e-04	5.45e-11	1.15e-19	1.42e-19
 1.30701e+23	6.48e-11	1.50e-06	1.21e-03	5.42e-02	2.02e-01	2.75e-01	4.28e-01	3.90e-02	8.65e-04	6.48e-11	1.37e-19	1.69e-19
 1.32068e+23	7.54e-11	1.72e-06	1.35e-03	5.83e-02	2.09e-01	2.79e-01	4.15e-01	3.63e-02	7.72e-04	7.54e-11	1.60e-19	1.98e-19
 1.33481e+23	9.07e-11	2.03e-06	1.54e-03	6.36e-02	2.18e-01	2.82e-01	4.01e-01	3.33e-02	6.73e-04	9.07e-11	1.94e-19	2.39e-19
 1.34971e+23	1.07e-10	2.35e-06	1.73e-03	6.87e-02	2.26e-01	2.85e-01	3.87e-01	3.07e-02	5.94e-04	1.07e-10	2.30e-19	2.83e-19
 1.36340e+23	1.26e-10	2.72e-06	1.94e-03	7.40e-02	2.34e-01	2.87e-01	3.74e-01	2.84e-02	5.24e-04	1.26e-10	2.72e-19	3.35e-19
 1.37901e+23	1.55e-10	3.26e-06	2.23e-03	8.11e-02	2.44e-01	2.89e-01	3.57e-01	2.56e-02	4.48e-04	1.55e-10	3.39e-19	4.16e-19
 1.39504e+23	1.86e-10	3.83e-06	2.52e-03	8.78e-02	2.53e-01	2.91e-01	3.42e-01	2.33e-02	3.88e-04	1.86e-10	4.09e-19	5.02e-19
 1.40913e+23	2.22e-10	4.44e-06	2.82e-03	9.43e-02	2.61e-01	2.92e-01	3.29e-01	2.14e-02	3.40e-04	2.22e-10	4.89e-19	6.00e-19
 1.42495e+23	2.75e-10	5.34e-06	3.24e-03	1.03e-01	2.71e-01	2.92e-01	3.12e-01	1.92e-02	2.89e-04	2.75e-10	6.13e-19	7.52e-19
 1.44152e+23	3.35e-10	6.31e-06	3.68e-03	1.11e-01	2.79e-01	2.92e-01	2.96e-01	1.73e-02	2.47e-04	3.35e-10	7.51e-19	9.21e-19
 1.45649e+23	4.03e-10	7.37e-06	4.13e-03	1.19e-01	2.87e-01	2.91e-01	2.83e-01	1.57e-02	2.14e-04	4.03e-10	9.11e-19	1.12e-18
 1.47339e+23	5.11e-10	8.95e-06	4.76e-03	1.30e-01	2.97e-01	2.89e-01	2.65e-01	1.39e-02	1.78e-04	5.11e-10	1.17e-18	1.43e-18
 1.49086e+23	6.30e-10	1.06e-05	5.40e-03	1.40e-01	3.05e-01	2.86e-01	2.50e-01	1.24e-02	1.51e-04	6.30e-10	1.45e-18	1.77e-18
 1.50643e+23	7.67e-10	1.25e-05	6.06e-03	1.50e-01	3.12e-01	2.84e-01	2.36e-01	1.12e-02	1.29e-04	7.67e-10	1.78e-18	2.18e-18
 1.52405e+23	9.87e-10	1.52e-05	7.02e-03	1.64e-01	3.21e-01	2.79e-01	2.19e-01	9.71e-03	1.05e-04	9.87e-10	2.32e-18	2.83e-18
 1.54226e+23	1.22e-09	1.81e-05	7.94e-03	1.76e-01	3.28e-01	2.75e-01	2.05e-01	8.59e-03	8.83e-05	1.22e-09	2.91e-18	3.55e-18
 1.56122e+23	1.61e-09	2.24e-05	9.23e-03	1.91e-01	3.36e-01	2.68e-01	1.88e-01	7.35e-03	7.06e-05	1.61e-09	3.87e-18	4.72e-18
 1.58054e+23	2.02e-09	2.67e-05	1.05e-02	2.05e-01	3.42e-01	2.62e-01	1.74e-01	6.43e-03	5.83e-05	2.02e-09	4.92e-18	5.99e-18
 1.59766e+23	2.51e-09	3.17e-05	1.18e-02	2.18e-01	3.46e-01	2.56e-01	1.62e-01	5.64e-03	4.84e-05	2.51e-09	6.20e-18	7.55e-18
 1.61725e+23	3.33e-09	3.93e-05	1.37e-02	2.36e-01	3.52e-01	2.47e-01	1.46e-01	4.75e-03	3.80e-05	3.33e-09	8.36e-18	1.02e-17
 1.63714e+23	4.21e-09	4.69e-05	1.54e-02	2.52e-01	3.55e-01	2.39e-01	1.34e-01	4.10e-03	3.09e-05	4.21e-09	1.07e-17	1.30e-17
 1.65476e+23	5.27e-09	5.54e-05	1.73e-02	2.67e-01	3.58e-01	2.31e-01	1.23e-01	3.56e-03	2.53e-05	5.27e-09	1.36e-17	1.65e-17
 1.67499e+23	7.07e-09	6.89e-05	2.00e-02	2.87e-01	3.60e-01	2.20e-01	1.10e-01	2.94e-03	1.94e-05	7.07e-09	1.86e-17	2.25e-17
 1.69547e+23	8.94e-09	8.19e-05	2.25e-02	3.03e-01	3.60e-01	2.12e-01	9.99e-02	2.51e-03	1.56e-05	8.94e-09	2.39e-17	2.89e-17
 1.71625e+23	1.20e-08	1.01e-04	2.58e-02	3.24e-01	3.60e-01	2.00e-01	8.84e-02	2.06e-03	1.19e-05	1.20e-08	3.27e-17	3.96e-17
 1.73746e+23	1.53e-08	1.21e-04	2.90e-02	3.42e-01	3.58e-01	1.90e-01	7.94e-02	1.74e-03	9.41e-06	1.53e-08	4.25e-17	5.14e-17
 1.75634e+23	1.94e-08	1.44e-04	3.24e-02	3.59e-01	3.56e-01	1.80e-01	7.14e-02	1.46e-03	7.45e-06	1.94e-08	5.51e-17	6.66e-17
 1.77801e+23	2.63e-08	1.78e-04	3.72e-02	3.80e-01	3.51e-01	1.68e-01	6.20e-02	1.17e-03	5.52e-06	2.63e-08	7.66e-17	9.25e-17
 1.80003e+23	3.37e-08	2.12e-04	4.16e-02	3.98e-01	3.47e-01	1.58e-01	5.51e-02	9.75e-04	4.30e-06	3.37e-08	1.00e-16	1.21e-16
 1.82253e+23	4.61e-08	2.64e-04	4.77e-02	4.20e-01	3.39e-01	1.45e-01	4.72e-02	7.66e-04	3.10e-06	4.61e-08	1.41e-16	1.70e-16
 1.84525e+23	5.89e-08	3.13e-04	5.30e-02	4.37e-01	3.33e-01	1.35e-01	4.16e-02	6.31e-04	2.39e-06	5.89e-08	1.85e-16	2.22e-16
 1.86498e+23	7.48e-08	3.70e-04	5.86e-02	4.52e-01	3.26e-01	1.26e-01	3.67e-02	5.20e-04	1.85e-06	7.48e-08	2.40e-16	2.89e-16
 1.88384e+23	9.30e-08	4.29e-04	6.42e-02	4.66e-01	3.18e-01	1.18e-01	3.26e-02	4.35e-04	1.45e-06	9.30e-08	3.05e-16	3.67e-16
 1.90179e+23	1.15e-07	4.96e-04	7.00e-02	4.80e-01	3.11e-01	1.10e-01	2.90e-02	3.64e-04	1.15e-06	1.15e-07	3.85e-16	4.63e-16
 1.92205e+23	1.50e-07	5.95e-04	7.79e-02	4.95e-01	3.01e-01	1.00e-01	2.49e-02	2.90e-04	8.48e-07	1.50e-07	5.18e-16	6.23e-16
 1.94229e+23	1.85e-07	6.86e-04	8.47e-02	5.07e-01	2.92e-01	9.32e-02	2.20e-02	2.41e-04	6.63e-07	1.85e-07	6.54e-16	7.86e-16
 1.96252e+23	2.41e-07	8.18e-04	9.39e-02	5.21e-01	2.81e-01	8.46e-02	1.88e-02	1.90e-04	4.86e-07	2.41e-07	8.76e-16	1.05e-15
 1.98313e+23	2.98e-07	9.45e-04	1.02e-01	5.31e-01	2.71e-01	7.79e-02	1.65e-02	1.56e-04	3.75e-07	2.98e-07	1.11e-15	1.33e-15
 2.00425e+23	3.89e-07	1.13e-03	1.13e-01	5.43e-01	2.59e-01	7.00e-02	1.39e-02	1.21e-04	2.70e-07	3.89e-07	1.50e-15	1.80e-15
 2.02554e+23	4.82e-07	1.30e-03	1.22e-01	5.52e-01	2.49e-01	6.40e-02	1.21e-02	9.88e-05	2.06e-07	4.82e-07	1.90e-15	2.28e-15
 2.04705e+23	6.29e-07	1.55e-03	1.35e-01	5.61e-01	2.36e-01	5.71e-02	1.01e-02	7.61e-05	1.46e-07	6.29e-07	2.57e-15	3.08e-15
 2.06882e+23	7.79e-07	1.79e-03	1.45e-01	5.67e-01	2.25e-01	5.18e-02	8.73e-03	6.13e-05	0.00e+00	7.79e-07	3.27e-15	3.91e-15
 2.08629e+23	9.27e-07	2.00e-03	1.55e-01	5.71e-01	2.17e-01	4.78e-02	7.72e-03	5.12e-05	0.00e+00	9.27e-07	3.98e-15	4.75e-15
 2.10433e+23	1.15e-06	2.30e-03	1.67e-01	5.75e-01	2.06e-01	4.32e-02	6.63e-03	4.10e-05	0.00e+00	1.15e-06	5.07e-15	6.05e-15
 2.12280e+23	1.37e-06	2.58e-03	1.77e-01	5.77e-01	1.97e-01	3.96e-02	5.82e-03	3.39e-05	0.00e+00	1.37e-06	6.20e-15	7.39e-15
 2.13926e+23	1.62e-06	2.88e-03	1.88e-01	5.79e-01	1.89e-01	3.63e-02	5.12e-03	2.82e-05	0.00e+00	1.62e-06	7.55e-15	8.99e-15
 2.15810e+23	2.01e-06	3.31e-03	2.02e-01	5.80e-01	1.78e-01	3.25e-02	4.34e-03	2.22e-05	0.00e+00	2.01e-06	9.67e-15	1.15e-14
 2.17716e+23	2.40e-06	3.71e-03	2.15e-01	5.79e-01	1.69e-01	2.95e-02	3.78e-03	1.82e-05	0.00e+00	2.40e-06	1.18e-14	1.41e-14
 2.19389e+23	2.84e-06	4.14e-03	2.27e-01	5.78e-01	1.61e-01	2.69e-02	3.30e-03	1.49e-05	0.00e+00	2.84e-06	1.44e-14	1.71e-14
 2.21303e+23	3.51e-06	4.74e-03	2.43e-01	5.75e-01	1.51e-01	2.38e-02	2.78e-03	1.17e-05	0.00e+00	3.51e-06	1.84e-14	2.18e-14
 2.23248e+23	4.18e-06	5.30e-03	2.57e-01	5.72e-01	1.42e-01	2.15e-02	2.40e-03	9.45e-06	0.00e+00	4.18e-06	2.25e-14	2.67e-14
 2.24959e+23	4.96e-06	5.91e-03	2.71e-01	5.67e-01	1.35e-01	1.95e-02	2.08e-03	7.70e-06	0.00e+00	4.96e-06	2.74e-14	3.26e-14
 2.26909e+23	6.13e-06	6.77e-03	2.88e-01	5.61e-01	1.25e-01	1.71e-02	1.74e-03	5.95e-06	0.00e+00	6.13e-06	3.52e-14	4.17e-14
 2.28893e+23	7.29e-06	7.56e-03	3.04e-01	5.54e-01	1.18e-01	1.53e-02	1.49e-03	4.78e-06	0.00e+00	7.29e-06	4.31e-14	5.11e-14
 2.30650e+23	8.63e-06	8.42e-03	3.19e-01	5.47e-01	1.10e-01	1.38e-02	1.28e-03	3.85e-06	0.00e+00	8.63e-06	5.26e-14	6.24e-14
 2.32667e+23	1.07e-05	9.64e-03	3.39e-01	5.36e-01	1.02e-01	1.20e-02	1.06e-03	2.92e-06	0.00e+00	1.07e-05	6.77e-14	8.02e-14
 2.34717e+23	1.27e-05	1.08e-02	3.56e-01	5.27e-01	9.48e-02	1.06e-02	8.98e-04	2.32e-06	0.00e+00	1.27e-05	8.31e-14	9.85e-14
 2.36811e+23	1.57e-05	1.23e-02	3.78e-01	5.13e-01	8.67e-02	9.14e-03	7.32e-04	1.73e-06	0.00e+00	1.57e-05	1.08e-13	1.27e-13
 2.38929e+23	1.87e-05	1.38e-02	3.96e-01	5.01e-01	8.01e-02	8.05e-03	6.15e-04	1.35e-06	0.00e+00	1.87e-05	1.33e-13	1.57e-13
 2.41080e+23	2.32e-05	1.58e-02	4.19e-01	4.86e-01	7.27e-02	6.86e-03	4.96e-04	9.98e-07	0.00e+00	2.32e-05	1.72e-13	2.04e-13
 2.43269e+23	2.77e-05	1.76e-02	4.38e-01	4.71e-01	6.67e-02	5.98e-03	4.13e-04	7.71e-07	0.00e+00	2.77e-05	2.12e-13	2.51e-13
 2.45509e+23	3.45e-05	2.02e-02	4.62e-01	4.53e-01	5.99e-02	5.03e-03	3.28e-04	5.57e-07	0.00e+00	3.45e-05	2.78e-13	3.28e-13
 2.47786e+23	4.12e-05	2.25e-02	4.82e-01	4.36e-01	5.44e-02	4.34e-03	2.69e-04	4.22e-07	0.00e+00	4.12e-05	3.45e-13	4.08e-13
 2.49804e+23	4.88e-05	2.50e-02	5.01e-01	4.20e-01	4.96e-02	3.75e-03	2.22e-04	3.22e-07	0.00e+00	4.88e-05	4.25e-13	5.02e-13
 2.52123e+23	6.09e-05	2.87e-02	5.26e-01	3.98e-01	4.38e-02	3.10e-03	1.73e-04	2.26e-07	0.00e+00	6.09e-05	5.59e-13	6.61e-13
 2.54149e+23	6.80e-05	3.07e-02	5.39e-01	3.86e-01	4.07e-02	2.78e-03	1.50e-04	1.86e-07	0.00e+00	6.80e-05	6.41e-13	7.58e-13
 2.55796e+23	7.94e-05	3.38e-02	5.56e-01	3.70e-01	3.71e-02	2.41e-03	1.25e-04	1.44e-07	0.00e+00	7.94e-05	7.77e-13	9.19e-13
 2.57493e+23	8.94e-05	3.63e-02	5.70e-01	3.57e-01	3.43e-02	2.15e-03	1.07e-04	0.00e+00	0.00e+00	8.94e-05	9.03e-13	1.07e-12
 2.59256e+23	1.05e-04	4.00e-02	5.87e-01	3.40e-01	3.10e-02	1.84e-03	8.81e-05	0.00e+00	0.00e+00	1.05e-04	1.10e-12	1.30e-12
 2.61051e+23	1.19e-04	4.32e-02	6.01e-01	3.25e-01	2.84e-02	1.62e-03	7.46e-05	0.00e+00	0.00e+00	1.19e-04	1.29e-12	1.52e-12
 2.62887e+23	1.39e-04	4.75e-02	6.18e-01	3.08e-01	2.55e-02	1.38e-03	6.07e-05	0.00e+00	0.00e+00	1.39e-04	1.57e-12	1.86e-12
 2.64757e+23	1.58e-04	5.14e-02	6.31e-01	2.93e-01	2.31e-02	1.20e-03	5.08e-05	0.00e+00	0.00e+00	1.58e-04	1.85e-12	2.19e-12
 2.66671e+23	1.86e-04	5.68e-02	6.47e-01	2.74e-01	2.05e-02	1.00e-03	4.06e-05	0.00e+00	0.00e+00	1.86e-04	2.29e-12	2.70e-12
 2.68589e+23	2.11e-04	6.11e-02	6.59e-01	2.60e-01	1.85e-02	8.70e-04	3.38e-05	0.00e+00	0.00e+00	2.11e-04	2.68e-12	3.16e-12
 2.70513e+23	2.48e-04	6.74e-02	6.73e-01	2.42e-01	1.63e-02	7.24e-04	2.68e-05	0.00e+00	0.00e+00	2.48e-04	3.30e-12	3.89e-12
 2.72468e+23	2.81e-04	7.25e-02	6.85e-01	2.27e-01	1.46e-02	6.21e-04	2.21e-05	0.00e+00	0.00e+00	2.81e-04	3.88e-12	4.58e-12
 2.74465e+23	3.30e-04	8.00e-02	6.97e-01	2.10e-01	1.28e-02	5.12e-04	1.74e-05	0.00e+00	0.00e+00	3.30e-04	4.78e-12	5.64e-12
 2.76510e+23	3.76e-04	8.64e-02	7.06e-01	1.95e-01	1.13e-02	4.32e-04	1.41e-05	0.00e+00	0.00e+00	3.76e-04	5.67e-12	6.69e-12
 2.78620e+23	4.46e-04	9.56e-02	7.16e-01	1.78e-01	9.72e-03	3.50e-04	1.08e-05	0.00e+00	0.00e+00	4.46e-04	7.07e-12	8.34e-12
 2.80759e+23	5.11e-04	1.04e-01	7.23e-01	1.64e-01	8.50e-03	2.91e-04	8.62e-06	0.00e+00	0.00e+00	5.11e-04	8.44e-12	9.96e-12
 2.82938e+23	6.09e-04	1.15e-01	7.30e-01	1.47e-01	7.20e-03	2.31e-04	6.49e-06	0.00e+00	0.00e+00	6.09e-04	1.06e-11	1.25e-11
 2.85110e+23	6.96e-04	1.24e-01	7.34e-01	1.34e-01	6.27e-03	1.91e-04	5.15e-06	0.00e+00	0.00e+00	6.96e-04	1.26e-11	1.49e-11
 2.87275e+23	8.28e-04	1.38e-01	7.36e-01	1.20e-01	5.28e-03	1.50e-04	3.86e-06	0.00e+00	0.00e+00	8.28e-04	1.57e-11	1.86e-11
 2.89455e+23	9.48e-04	1.49e-01	7.37e-01	1.08e-01	4.57e-03	1.23e-04	3.03e-06	0.00e+00	0.00e+00	9.48e-04	1.87e-11	2.21e-11
 2.91657e+23	1.14e-03	1.66e-01	7.34e-01	9.47e-02	3.80e-03	9.50e-05	2.23e-06	0.00e+00	0.00e+00	1.14e-03	2.36e-11	2.79e-11
 2.93852e+23	1.30e-03	1.80e-01	7.30e-01	8.46e-02	3.26e-03	7.69e-05	1.74e-06	0.00e+00	0.00e+00	1.30e-03	2.82e-11	3.33e-11
 2.96039e+23	1.57e-03	2.01e-01	7.22e-01	7.30e-02	2.69e-03	5.84e-05	1.27e-06	0.00e+00	0.00e+00	1.57e-03	3.56e-11	4.21e-11
 2.98220e+23	1.81e-03	2.19e-01	7.13e-01	6.43e-02	2.29e-03	4.67e-05	9.78e-07	0.00e+00	0.00e+00	1.81e-03	4.27e-11	5.06e-11
 3.00394e+23	2.19e-03	2.44e-01	6.97e-01	5.44e-02	1.86e-03	3.48e-05	7.01e-07	0.00e+00	0.00e+00	2.19e-03	5.43e-11	6.43e-11
 3.02561e+23	2.56e-03	2.68e-01	6.81e-01	4.71e-02	1.57e-03	2.72e-05	5.33e-07	0.00e+00	0.00e+00	2.56e-03	6.59e-11	7.80e-11
 3.04420e+23	2.99e-03	2.93e-01	6.63e-01	4.06e-02	1.33e-03	2.12e-05	4.06e-07	0.00e+00	0.00e+00	2.99e-03	7.98e-11	9.46e-11
 3.06261e+23	3.51e-03	3.21e-01	6.40e-01	3.46e-02	1.11e-03	1.64e-05	3.07e-07	0.00e+00	0.00e+00	3.51e-03	9.72e-11	1.15e-10
 3.07874e+23	4.05e-03	3.49e-01	6.16e-01	3.00e-02	9.58e-04	1.31e-05	2.42e-07	0.00e+00	0.00e+00	4.05e-03	1.15e-10	1.37e-10
