#depth	N	N+	N+2	N+3	N+4	N+5	N+6	N+7
 1.54284e+22	3.13e-16	1.62e-11	2.29e-08	2.98e-06	1.01e-04	2.61e-02	2.91e-01	6.82e-01
 3.46107e+22	2.04e-15	8.21e-11	9.00e-08	8.88e-06	2.21e-04	4.20e-02	3.48e-01	6.09e-01
 4.02415e+22	5.04e-15	1.79e-10	1.74e-07	1.50e-05	3.22e-04	5.26e-02	3.77e-01	5.70e-01
 4.30569e+22	7.94e-15	2.66e-10	2.43e-07	1.97e-05	3.90e-04	5.89e-02	3.91e-01	5.49e-01
 4.44081e+22	9.70e-15	3.17e-10	2.82e-07	2.21e-05	4.25e-04	6.20e-02	3.98e-01	5.40e-01
 4.53571e+22	1.25e-14	3.95e-10	3.40e-07	2.58e-05	4.73e-04	6.60e-02	4.06e-01	5.28e-01
 4.63665e+22	1.57e-14	4.82e-10	4.02e-07	2.95e-05	5.22e-04	6.99e-02	4.13e-01	5.17e-01
 4.74544e+22	2.10e-14	6.21e-10	4.99e-07	3.52e-05	5.91e-04	7.51e-02	4.22e-01	5.02e-01
 4.85575e+22	2.66e-14	7.62e-10	5.95e-07	4.05e-05	6.54e-04	7.97e-02	4.29e-01	4.90e-01
 4.96805e+22	3.60e-14	9.91e-10	7.45e-07	4.87e-05	7.46e-04	8.59e-02	4.38e-01	4.75e-01
 5.08207e+22	4.56e-14	1.22e-09	8.90e-07	5.63e-05	8.28e-04	9.12e-02	4.46e-01	4.62e-01
 5.19834e+22	6.21e-14	1.60e-09	1.12e-06	6.82e-05	9.50e-04	9.85e-02	4.55e-01	4.46e-01
 5.31589e+22	7.88e-14	1.97e-09	1.35e-06	7.92e-05	1.06e-03	1.05e-01	4.61e-01	4.33e-01
 5.41505e+22	9.79e-14	2.38e-09	1.59e-06	9.09e-05	1.17e-03	1.11e-01	4.68e-01	4.21e-01
 5.52310e+22	1.29e-13	3.03e-09	1.96e-06	1.08e-04	1.32e-03	1.19e-01	4.75e-01	4.05e-01
 5.63176e+22	1.59e-13	3.66e-09	2.31e-06	1.24e-04	1.46e-03	1.25e-01	4.81e-01	3.92e-01
 5.73778e+22	2.05e-13	4.58e-09	2.82e-06	1.47e-04	1.65e-03	1.34e-01	4.87e-01	3.77e-01
 5.84596e+22	2.54e-13	5.54e-09	3.33e-06	1.69e-04	1.83e-03	1.42e-01	4.92e-01	3.64e-01
 5.95213e+22	3.21e-13	6.83e-09	4.01e-06	1.99e-04	2.06e-03	1.51e-01	4.97e-01	3.50e-01
 6.06050e+22	3.96e-13	8.26e-09	4.75e-06	2.30e-04	2.29e-03	1.60e-01	5.01e-01	3.37e-01
 6.16731e+22	4.91e-13	1.00e-08	5.66e-06	2.67e-04	2.56e-03	1.69e-01	5.05e-01	3.23e-01
 6.27501e+22	6.02e-13	1.20e-08	6.68e-06	3.09e-04	2.85e-03	1.79e-01	5.08e-01	3.09e-01
 6.38141e+22	7.33e-13	1.44e-08	7.86e-06	3.57e-04	3.17e-03	1.89e-01	5.11e-01	2.96e-01
 6.48764e+22	8.85e-13	1.71e-08	9.21e-06	4.11e-04	3.51e-03	1.99e-01	5.13e-01	2.83e-01
 6.59399e+22	1.06e-12	2.03e-08	1.08e-05	4.72e-04	3.90e-03	2.10e-01	5.15e-01	2.71e-01
 6.70070e+22	1.27e-12	2.38e-08	1.25e-05	5.41e-04	4.32e-03	2.21e-01	5.16e-01	2.58e-01
 6.80791e+22	1.51e-12	2.80e-08	1.45e-05	6.19e-04	4.77e-03	2.33e-01	5.16e-01	2.46e-01
 6.91604e+22	1.78e-12	3.27e-08	1.68e-05	7.08e-04	5.28e-03	2.44e-01	5.16e-01	2.34e-01
 7.02531e+22	2.09e-12	3.80e-08	1.94e-05	8.08e-04	5.83e-03	2.56e-01	5.15e-01	2.22e-01
 7.13520e+22	2.44e-12	4.40e-08	2.24e-05	9.19e-04	6.43e-03	2.69e-01	5.13e-01	2.11e-01
 7.24684e+22	2.85e-12	5.10e-08	2.57e-05	1.05e-03	7.10e-03	2.81e-01	5.11e-01	2.00e-01
 7.35965e+22	3.30e-12	5.86e-08	2.95e-05	1.19e-03	7.81e-03	2.94e-01	5.08e-01	1.89e-01
 7.47471e+22	3.82e-12	6.76e-08	3.38e-05	1.35e-03	8.62e-03	3.07e-01	5.04e-01	1.78e-01
 7.59179e+22	4.49e-12	7.73e-08	3.86e-05	1.53e-03	9.47e-03	3.21e-01	5.00e-01	1.68e-01
 7.69906e+22	5.04e-12	8.65e-08	4.31e-05	1.69e-03	1.03e-02	3.32e-01	4.96e-01	1.60e-01
 7.81103e+22	5.79e-12	9.91e-08	4.93e-05	1.92e-03	1.13e-02	3.47e-01	4.90e-01	1.50e-01
 7.92492e+22	6.49e-12	1.11e-07	5.49e-05	2.13e-03	1.22e-02	3.58e-01	4.85e-01	1.42e-01
 8.04246e+22	7.47e-12	1.27e-07	6.29e-05	2.41e-03	1.35e-02	3.73e-01	4.78e-01	1.33e-01
 8.16032e+22	8.30e-12	1.41e-07	6.98e-05	2.66e-03	1.46e-02	3.85e-01	4.72e-01	1.25e-01
 8.27861e+22	9.46e-12	1.60e-07	7.96e-05	3.01e-03	1.60e-02	4.00e-01	4.64e-01	1.17e-01
 8.39735e+22	1.05e-11	1.77e-07	8.80e-05	3.30e-03	1.72e-02	4.12e-01	4.57e-01	1.10e-01
 8.51668e+22	1.19e-11	2.01e-07	9.99e-05	3.72e-03	1.89e-02	4.27e-01	4.48e-01	1.02e-01
 8.63729e+22	1.32e-11	2.22e-07	1.10e-04	4.07e-03	2.02e-02	4.38e-01	4.41e-01	9.65e-02
 8.75957e+22	1.49e-11	2.51e-07	1.25e-04	4.57e-03	2.21e-02	4.53e-01	4.31e-01	8.93e-02
 8.88349e+22	1.64e-11	2.76e-07	1.38e-04	5.00e-03	2.37e-02	4.64e-01	4.23e-01	8.40e-02
 9.00954e+22	1.85e-11	3.12e-07	1.56e-04	5.60e-03	2.59e-02	4.79e-01	4.12e-01	7.74e-02
 9.13794e+22	2.05e-11	3.45e-07	1.73e-04	6.13e-03	2.78e-02	4.90e-01	4.04e-01	7.25e-02
 9.26938e+22	2.32e-11	3.90e-07	1.96e-04	6.86e-03	3.03e-02	5.04e-01	3.92e-01	6.65e-02
 9.40386e+22	2.57e-11	4.32e-07	2.17e-04	7.51e-03	3.25e-02	5.15e-01	3.83e-01	6.20e-02
 9.54226e+22	2.91e-11	4.91e-07	2.47e-04	8.42e-03	3.55e-02	5.29e-01	3.70e-01	5.65e-02
 9.68340e+22	3.25e-11	5.46e-07	2.74e-04	9.21e-03	3.80e-02	5.40e-01	3.60e-01	5.24e-02
 9.80223e+22	3.56e-11	5.98e-07	3.01e-04	9.97e-03	4.03e-02	5.49e-01	3.51e-01	4.90e-02
 9.93086e+22	3.99e-11	6.71e-07	3.38e-04	1.10e-02	4.36e-02	5.61e-01	3.39e-01	4.49e-02
 1.00560e+23	4.36e-11	7.32e-07	3.68e-04	1.18e-02	4.60e-02	5.69e-01	3.31e-01	4.21e-02
 1.01767e+23	4.83e-11	8.12e-07	4.10e-04	1.30e-02	4.93e-02	5.79e-01	3.20e-01	3.87e-02
 1.02985e+23	5.31e-11	8.89e-07	4.48e-04	1.39e-02	5.19e-02	5.86e-01	3.12e-01	3.63e-02
 1.04221e+23	5.91e-11	9.91e-07	4.99e-04	1.52e-02	5.55e-02	5.95e-01	3.00e-01	3.32e-02
 1.05474e+23	6.51e-11	1.09e-06	5.46e-04	1.63e-02	5.85e-02	6.02e-01	2.92e-01	3.10e-02
 1.06751e+23	7.27e-11	1.22e-06	6.11e-04	1.79e-02	6.26e-02	6.10e-01	2.81e-01	2.83e-02
 1.08048e+23	8.05e-11	1.34e-06	6.70e-04	1.92e-02	6.58e-02	6.16e-01	2.72e-01	2.64e-02
 1.09368e+23	9.02e-11	1.50e-06	7.52e-04	2.10e-02	7.04e-02	6.23e-01	2.61e-01	2.40e-02
 1.10712e+23	1.01e-10	1.66e-06	8.27e-04	2.25e-02	7.40e-02	6.28e-01	2.52e-01	2.22e-02
 1.12086e+23	1.13e-10	1.87e-06	9.32e-04	2.47e-02	7.91e-02	6.34e-01	2.41e-01	2.01e-02
 1.13490e+23	1.27e-10	2.08e-06	1.03e-03	2.66e-02	8.31e-02	6.39e-01	2.32e-01	1.85e-02
 1.14932e+23	1.44e-10	2.36e-06	1.17e-03	2.91e-02	8.89e-02	6.44e-01	2.21e-01	1.66e-02
 1.16413e+23	1.62e-10	2.64e-06	1.29e-03	3.14e-02	9.35e-02	6.47e-01	2.12e-01	1.53e-02
 1.17945e+23	1.87e-10	3.03e-06	1.48e-03	3.46e-02	9.99e-02	6.50e-01	2.00e-01	1.36e-02
 1.19493e+23	2.12e-10	3.40e-06	1.64e-03	3.72e-02	1.05e-01	6.52e-01	1.92e-01	1.24e-02
 1.21063e+23	2.46e-10	3.92e-06	1.88e-03	4.09e-02	1.12e-01	6.54e-01	1.81e-01	1.10e-02
 1.22655e+23	2.81e-10	4.43e-06	2.10e-03	4.41e-02	1.18e-01	6.54e-01	1.72e-01	1.00e-02
 1.24274e+23	3.28e-10	5.12e-06	2.41e-03	4.85e-02	1.25e-01	6.53e-01	1.62e-01	8.83e-03
 1.25916e+23	3.71e-10	5.81e-06	2.69e-03	5.22e-02	1.31e-01	6.52e-01	1.54e-01	8.00e-03
 1.27362e+23	4.21e-10	6.53e-06	3.00e-03	5.62e-02	1.37e-01	6.50e-01	1.46e-01	7.23e-03
 1.29014e+23	4.99e-10	7.62e-06	3.44e-03	6.16e-02	1.45e-01	6.47e-01	1.36e-01	6.35e-03
 1.30701e+23	5.71e-10	8.63e-06	3.86e-03	6.63e-02	1.52e-01	6.43e-01	1.29e-01	5.69e-03
 1.32068e+23	6.45e-10	9.63e-06	4.25e-03	7.05e-02	1.58e-01	6.39e-01	1.22e-01	5.19e-03
 1.33481e+23	7.48e-10	1.10e-05	4.76e-03	7.59e-02	1.65e-01	6.34e-01	1.15e-01	4.66e-03
 1.34971e+23	8.51e-10	1.23e-05	5.27e-03	8.09e-02	1.71e-01	6.29e-01	1.09e-01	4.21e-03
 1.36340e+23	9.68e-10	1.38e-05	5.82e-03	8.61e-02	1.78e-01	6.23e-01	1.04e-01	3.82e-03
 1.37901e+23	1.14e-09	1.60e-05	6.59e-03	9.31e-02	1.85e-01	6.15e-01	9.65e-02	3.36e-03
 1.39504e+23	1.31e-09	1.81e-05	7.35e-03	9.95e-02	1.93e-01	6.07e-01	9.05e-02	3.00e-03
 1.40913e+23	1.50e-09	2.03e-05	8.12e-03	1.06e-01	1.99e-01	5.99e-01	8.54e-02	2.70e-03
 1.42495e+23	1.77e-09	2.35e-05	9.19e-03	1.14e-01	2.07e-01	5.89e-01	7.92e-02	2.37e-03
 1.44152e+23	2.05e-09	2.68e-05	1.03e-02	1.22e-01	2.14e-01	5.78e-01	7.38e-02	2.10e-03
 1.45649e+23	2.37e-09	3.03e-05	1.14e-02	1.29e-01	2.20e-01	5.68e-01	6.91e-02	1.87e-03
 1.47339e+23	2.85e-09	3.55e-05	1.29e-02	1.39e-01	2.28e-01	5.54e-01	6.34e-02	1.62e-03
 1.49086e+23	3.34e-09	4.06e-05	1.45e-02	1.49e-01	2.35e-01	5.42e-01	5.86e-02	1.42e-03
 1.50643e+23	3.88e-09	4.61e-05	1.61e-02	1.58e-01	2.42e-01	5.29e-01	5.44e-02	1.25e-03
 1.52405e+23	4.70e-09	5.43e-05	1.83e-02	1.70e-01	2.49e-01	5.12e-01	4.94e-02	1.07e-03
 1.54226e+23	5.53e-09	6.24e-05	2.05e-02	1.80e-01	2.56e-01	4.97e-01	4.53e-02	9.25e-04
 1.56122e+23	6.81e-09	7.43e-05	2.35e-02	1.94e-01	2.63e-01	4.78e-01	4.06e-02	7.74e-04
 1.58054e+23	8.09e-09	8.58e-05	2.63e-02	2.06e-01	2.69e-01	4.61e-01	3.70e-02	6.65e-04
 1.59766e+23	9.56e-09	9.86e-05	2.93e-02	2.18e-01	2.73e-01	4.44e-01	3.37e-02	5.73e-04
 1.61725e+23	1.19e-08	1.18e-04	3.36e-02	2.34e-01	2.79e-01	4.23e-01	2.98e-02	4.72e-04
 1.63714e+23	1.41e-08	1.36e-04	3.75e-02	2.48e-01	2.83e-01	4.04e-01	2.68e-02	4.00e-04
 1.65476e+23	1.68e-08	1.57e-04	4.17e-02	2.61e-01	2.86e-01	3.87e-01	2.42e-02	3.41e-04
 1.67499e+23	2.11e-08	1.88e-04	4.77e-02	2.78e-01	2.90e-01	3.63e-01	2.10e-02	2.75e-04
 1.69547e+23	2.52e-08	2.17e-04	5.30e-02	2.92e-01	2.92e-01	3.44e-01	1.87e-02	2.31e-04
 1.71625e+23	3.17e-08	2.61e-04	6.03e-02	3.09e-01	2.92e-01	3.21e-01	1.62e-02	1.85e-04
 1.73746e+23	3.83e-08	3.03e-04	6.71e-02	3.24e-01	2.92e-01	3.02e-01	1.42e-02	1.52e-04
 1.75634e+23	4.61e-08	3.51e-04	7.43e-02	3.38e-01	2.92e-01	2.83e-01	1.25e-02	1.26e-04
 1.77801e+23	5.87e-08	4.22e-04	8.43e-02	3.56e-01	2.89e-01	2.60e-01	1.06e-02	9.81e-05
 1.80003e+23	7.13e-08	4.91e-04	9.32e-02	3.69e-01	2.86e-01	2.41e-01	9.18e-03	7.97e-05
 1.82253e+23	9.14e-08	5.93e-04	1.06e-01	3.86e-01	2.81e-01	2.19e-01	7.62e-03	6.08e-05
 1.84525e+23	1.11e-07	6.88e-04	1.16e-01	3.99e-01	2.76e-01	2.01e-01	6.55e-03	4.88e-05
 1.86498e+23	1.35e-07	7.94e-04	1.27e-01	4.11e-01	2.70e-01	1.85e-01	5.63e-03	3.93e-05
 1.88384e+23	1.61e-07	9.06e-04	1.38e-01	4.21e-01	2.64e-01	1.71e-01	4.88e-03	3.21e-05
 1.90179e+23	1.91e-07	1.03e-03	1.49e-01	4.30e-01	2.58e-01	1.58e-01	4.24e-03	2.62e-05
 1.92205e+23	2.37e-07	1.21e-03	1.64e-01	4.40e-01	2.49e-01	1.42e-01	3.52e-03	2.02e-05
 1.94229e+23	2.81e-07	1.37e-03	1.77e-01	4.47e-01	2.42e-01	1.30e-01	3.03e-03	1.64e-05
 1.96252e+23	3.49e-07	1.59e-03	1.93e-01	4.55e-01	2.32e-01	1.16e-01	2.50e-03	1.25e-05
 1.98313e+23	4.16e-07	1.81e-03	2.07e-01	4.60e-01	2.23e-01	1.06e-01	2.13e-03	9.97e-06
 2.00425e+23	5.19e-07	2.12e-03	2.26e-01	4.65e-01	2.12e-01	9.32e-02	1.73e-03	7.47e-06
 2.02554e+23	6.20e-07	2.40e-03	2.41e-01	4.68e-01	2.03e-01	8.40e-02	1.45e-03	5.89e-06
 2.04705e+23	7.74e-07	2.80e-03	2.61e-01	4.70e-01	1.91e-01	7.35e-02	1.17e-03	4.35e-06
 2.06882e+23	9.25e-07	3.17e-03	2.78e-01	4.70e-01	1.82e-01	6.57e-02	9.73e-04	3.39e-06
 2.08629e+23	1.07e-06	3.50e-03	2.93e-01	4.70e-01	1.74e-01	5.98e-02	8.35e-04	2.75e-06
 2.10433e+23	1.28e-06	3.95e-03	3.10e-01	4.68e-01	1.64e-01	5.31e-02	6.91e-04	2.12e-06
 2.12280e+23	1.48e-06	4.37e-03	3.26e-01	4.65e-01	1.56e-01	4.80e-02	5.87e-04	1.70e-06
 2.13926e+23	1.72e-06	4.82e-03	3.41e-01	4.62e-01	1.48e-01	4.34e-02	5.00e-04	1.37e-06
 2.15810e+23	2.06e-06	5.44e-03	3.60e-01	4.57e-01	1.39e-01	3.81e-02	4.07e-04	1.04e-06
 2.17716e+23	2.39e-06	6.01e-03	3.76e-01	4.52e-01	1.31e-01	3.41e-02	3.42e-04	8.20e-07
 2.19389e+23	2.76e-06	6.61e-03	3.92e-01	4.47e-01	1.23e-01	3.06e-02	2.89e-04	6.52e-07
 2.21303e+23	3.29e-06	7.43e-03	4.12e-01	4.39e-01	1.15e-01	2.67e-02	2.33e-04	4.88e-07
 2.23248e+23	3.83e-06	8.20e-03	4.29e-01	4.32e-01	1.07e-01	2.38e-02	1.94e-04	3.81e-07
 2.24959e+23	4.42e-06	9.01e-03	4.45e-01	4.24e-01	1.01e-01	2.12e-02	1.62e-04	3.00e-07
 2.26909e+23	5.29e-06	1.01e-02	4.65e-01	4.14e-01	9.27e-02	1.83e-02	1.29e-04	2.22e-07
 2.28893e+23	6.14e-06	1.11e-02	4.81e-01	4.05e-01	8.63e-02	1.62e-02	1.07e-04	1.71e-07
 2.30650e+23	7.10e-06	1.22e-02	4.97e-01	3.96e-01	8.04e-02	1.43e-02	8.82e-05	1.33e-07
 2.32667e+23	8.50e-06	1.37e-02	5.17e-01	3.84e-01	7.33e-02	1.22e-02	6.93e-05	0.00e+00
 2.34717e+23	9.87e-06	1.51e-02	5.34e-01	3.73e-01	6.77e-02	1.07e-02	5.65e-05	0.00e+00
 2.36811e+23	1.19e-05	1.70e-02	5.53e-01	3.59e-01	6.13e-02	9.06e-03	4.38e-05	0.00e+00
 2.38929e+23	1.38e-05	1.86e-02	5.70e-01	3.48e-01	5.63e-02	7.88e-03	3.53e-05	0.00e+00
 2.41080e+23	1.66e-05	2.10e-02	5.89e-01	3.33e-01	5.06e-02	6.62e-03	2.70e-05	0.00e+00
 2.43269e+23	1.94e-05	2.30e-02	6.04e-01	3.21e-01	4.61e-02	5.71e-03	2.16e-05	0.00e+00
 2.45509e+23	2.35e-05	2.59e-02	6.23e-01	3.05e-01	4.11e-02	4.74e-03	1.62e-05	0.00e+00
 2.47786e+23	2.75e-05	2.86e-02	6.38e-01	2.92e-01	3.72e-02	4.05e-03	1.28e-05	0.00e+00
 2.49804e+23	3.20e-05	3.13e-02	6.52e-01	2.80e-01	3.37e-02	3.47e-03	1.01e-05	0.00e+00
 2.52123e+23	3.89e-05	3.53e-02	6.69e-01	2.63e-01	2.96e-02	2.84e-03	7.44e-06	0.00e+00
 2.54149e+23	4.31e-05	3.75e-02	6.77e-01	2.55e-01	2.76e-02	2.54e-03	6.30e-06	0.00e+00
 2.55796e+23	4.95e-05	4.08e-02	6.88e-01	2.43e-01	2.51e-02	2.20e-03	5.04e-06	0.00e+00
 2.57493e+23	5.51e-05	4.36e-02	6.97e-01	2.34e-01	2.32e-02	1.95e-03	4.22e-06	0.00e+00
 2.59256e+23	6.36e-05	4.75e-02	7.07e-01	2.23e-01	2.10e-02	1.67e-03	3.33e-06	0.00e+00
 2.61051e+23	7.14e-05	5.08e-02	7.15e-01	2.14e-01	1.93e-02	1.47e-03	2.74e-06	0.00e+00
 2.62887e+23	8.24e-05	5.55e-02	7.24e-01	2.02e-01	1.73e-02	1.25e-03	2.15e-06	0.00e+00
 2.64757e+23	9.30e-05	5.95e-02	7.31e-01	1.93e-01	1.58e-02	1.09e-03	1.74e-06	0.00e+00
 2.66671e+23	1.08e-04	6.52e-02	7.39e-01	1.81e-01	1.41e-02	9.13e-04	1.34e-06	0.00e+00
 2.68589e+23	1.22e-04	6.98e-02	7.44e-01	1.72e-01	1.28e-02	7.93e-04	1.09e-06	0.00e+00
 2.70513e+23	1.42e-04	7.64e-02	7.50e-01	1.61e-01	1.14e-02	6.63e-04	8.30e-07	0.00e+00
 2.72468e+23	1.60e-04	8.19e-02	7.55e-01	1.52e-01	1.03e-02	5.73e-04	6.66e-07	0.00e+00
 2.74465e+23	1.87e-04	8.96e-02	7.59e-01	1.42e-01	9.11e-03	4.76e-04	5.05e-07	0.00e+00
 2.76510e+23	2.13e-04	9.65e-02	7.62e-01	1.33e-01	8.17e-03	4.05e-04	3.97e-07	0.00e+00
 2.78620e+23	2.50e-04	1.06e-01	7.64e-01	1.23e-01	7.14e-03	3.31e-04	2.94e-07	0.00e+00
 2.80759e+23	2.86e-04	1.15e-01	7.64e-01	1.14e-01	6.36e-03	2.79e-04	2.28e-07	0.00e+00
 2.82938e+23	3.40e-04	1.27e-01	7.63e-01	1.04e-01	5.49e-03	2.24e-04	1.65e-07	0.00e+00
 2.85110e+23	3.89e-04	1.36e-01	7.62e-01	9.64e-02	4.88e-03	1.89e-04	1.28e-07	0.00e+00
 2.87275e+23	4.61e-04	1.50e-01	7.57e-01	8.73e-02	4.21e-03	1.51e-04	0.00e+00	0.00e+00
 2.89455e+23	5.29e-04	1.62e-01	7.53e-01	8.02e-02	3.72e-03	1.26e-04	0.00e+00	0.00e+00
 2.91657e+23	6.31e-04	1.80e-01	7.45e-01	7.18e-02	3.18e-03	9.92e-05	0.00e+00	0.00e+00
 2.93852e+23	7.28e-04	1.94e-01	7.37e-01	6.55e-02	2.80e-03	8.20e-05	0.00e+00	0.00e+00
 2.96039e+23	8.73e-04	2.15e-01	7.24e-01	5.79e-02	2.38e-03	6.38e-05	0.00e+00	0.00e+00
 2.98220e+23	1.01e-03	2.33e-01	7.12e-01	5.22e-02	2.08e-03	5.21e-05	0.00e+00	0.00e+00
 3.00394e+23	1.22e-03	2.58e-01	6.93e-01	4.55e-02	1.75e-03	3.98e-05	0.00e+00	0.00e+00
 3.02561e+23	1.43e-03	2.81e-01	6.76e-01	4.05e-02	1.52e-03	3.19e-05	0.00e+00	0.00e+00
 3.04420e+23	1.67e-03	3.05e-01	6.56e-01	3.59e-02	1.32e-03	2.56e-05	0.00e+00	0.00e+00
 3.06261e+23	1.95e-03	3.31e-01	6.34e-01	3.16e-02	1.14e-03	2.02e-05	0.00e+00	0.00e+00
 3.07874e+23	2.25e-03	3.56e-01	6.12e-01	2.82e-02	1.00e-03	1.66e-05	0.00e+00	0.00e+00
