#depth	He	He+	He+2
 1.54284e+22	1.85e-08	4.12e-04	1.00e+00
 3.47915e+22	2.21e-08	6.38e-04	9.99e-01
 4.06935e+22	2.24e-08	7.94e-04	9.99e-01
 4.36445e+22	2.25e-08	8.86e-04	9.99e-01
 4.50473e+22	2.25e-08	9.29e-04	9.99e-01
 4.59317e+22	2.26e-08	9.77e-04	9.99e-01
 4.68688e+22	2.27e-08	1.03e-03	9.99e-01
 4.78245e+22	2.28e-08	1.08e-03	9.99e-01
 4.87754e+22	2.31e-08	1.14e-03	9.99e-01
 4.97410e+22	2.36e-08	1.20e-03	9.99e-01
 5.07247e+22	2.41e-08	1.26e-03	9.99e-01
 5.17197e+22	2.48e-08	1.33e-03	9.99e-01
 5.27297e+22	2.58e-08	1.40e-03	9.99e-01
 5.37580e+22	2.70e-08	1.48e-03	9.99e-01
 5.47161e+22	2.81e-08	1.55e-03	9.98e-01
 5.57030e+22	2.98e-08	1.64e-03	9.98e-01
 5.67087e+22	3.14e-08	1.71e-03	9.98e-01
 5.77405e+22	3.38e-08	1.81e-03	9.98e-01
 5.87744e+22	3.60e-08	1.89e-03	9.98e-01
 5.98107e+22	3.91e-08	2.00e-03	9.98e-01
 6.08514e+22	4.19e-08	2.09e-03	9.98e-01
 6.18979e+22	4.59e-08	2.21e-03	9.98e-01
 6.29557e+22	4.94e-08	2.31e-03	9.98e-01
 6.40283e+22	5.46e-08	2.45e-03	9.98e-01
 6.51157e+22	5.91e-08	2.56e-03	9.97e-01
 6.62224e+22	6.57e-08	2.71e-03	9.97e-01
 6.73500e+22	7.16e-08	2.83e-03	9.97e-01
 6.85046e+22	8.01e-08	3.01e-03	9.97e-01
 6.96863e+22	8.76e-08	3.15e-03	9.97e-01
 7.09034e+22	9.87e-08	3.35e-03	9.97e-01
 7.21424e+22	1.08e-07	3.51e-03	9.96e-01
 7.31876e+22	1.18e-07	3.66e-03	9.96e-01
 7.43240e+22	1.32e-07	3.87e-03	9.96e-01
 7.54260e+22	1.42e-07	4.03e-03	9.96e-01
 7.64832e+22	1.58e-07	4.24e-03	9.96e-01
 7.75516e+22	1.71e-07	4.41e-03	9.96e-01
 7.86346e+22	1.89e-07	4.64e-03	9.95e-01
 7.97340e+22	2.05e-07	4.83e-03	9.95e-01
 8.08548e+22	2.28e-07	5.09e-03	9.95e-01
 8.19926e+22	2.48e-07	5.30e-03	9.95e-01
 8.31523e+22	2.76e-07	5.60e-03	9.94e-01
 8.43315e+22	3.00e-07	5.84e-03	9.94e-01
 8.55359e+22	3.36e-07	6.17e-03	9.94e-01
 8.67684e+22	3.67e-07	6.45e-03	9.94e-01
 8.80374e+22	4.12e-07	6.83e-03	9.93e-01
 8.93412e+22	4.53e-07	7.15e-03	9.93e-01
 9.06900e+22	5.11e-07	7.59e-03	9.92e-01
 9.20507e+22	5.60e-07	7.95e-03	9.92e-01
 9.34269e+22	6.35e-07	8.45e-03	9.92e-01
 9.48181e+22	6.97e-07	8.85e-03	9.91e-01
 9.62289e+22	7.90e-07	9.42e-03	9.91e-01
 9.76655e+22	8.69e-07	9.87e-03	9.90e-01
 9.89375e+22	9.58e-07	1.04e-02	9.90e-01
 1.00393e+23	1.09e-06	1.10e-02	9.89e-01
 1.01876e+23	1.20e-06	1.16e-02	9.88e-01
 1.03077e+23	1.31e-06	1.21e-02	9.88e-01
 1.04323e+23	1.45e-06	1.27e-02	9.87e-01
 1.05634e+23	1.58e-06	1.33e-02	9.87e-01
 1.06837e+23	1.73e-06	1.39e-02	9.86e-01
 1.08208e+23	1.93e-06	1.47e-02	9.85e-01
 1.09618e+23	2.14e-06	1.54e-02	9.85e-01
 1.10858e+23	2.34e-06	1.61e-02	9.84e-01
 1.12250e+23	2.61e-06	1.70e-02	9.83e-01
 1.13705e+23	2.89e-06	1.79e-02	9.82e-01
 1.15017e+23	3.17e-06	1.87e-02	9.81e-01
 1.16499e+23	3.57e-06	1.99e-02	9.80e-01
 1.18031e+23	3.97e-06	2.09e-02	9.79e-01
 1.19397e+23	4.37e-06	2.19e-02	9.78e-01
 1.20941e+23	4.93e-06	2.33e-02	9.77e-01
 1.22549e+23	5.50e-06	2.46e-02	9.75e-01
 1.24000e+23	6.10e-06	2.59e-02	9.74e-01
 1.25644e+23	6.95e-06	2.76e-02	9.72e-01
 1.27331e+23	7.76e-06	2.91e-02	9.71e-01
 1.28843e+23	8.64e-06	3.07e-02	9.69e-01
 1.30576e+23	9.92e-06	3.28e-02	9.67e-01
 1.32329e+23	1.11e-05	3.47e-02	9.65e-01
 1.34106e+23	1.27e-05	3.71e-02	9.63e-01
 1.35912e+23	1.43e-05	3.93e-02	9.61e-01
 1.37515e+23	1.60e-05	4.15e-02	9.58e-01
 1.39358e+23	1.85e-05	4.46e-02	9.55e-01
 1.41224e+23	2.08e-05	4.72e-02	9.53e-01
 1.43122e+23	2.42e-05	5.08e-02	9.49e-01
 1.45045e+23	2.72e-05	5.38e-02	9.46e-01
 1.47001e+23	3.17e-05	5.79e-02	9.42e-01
 1.48982e+23	3.58e-05	6.14e-02	9.39e-01
 1.50712e+23	4.02e-05	6.50e-02	9.35e-01
 1.52330e+23	4.47e-05	6.83e-02	9.32e-01
 1.54088e+23	5.10e-05	7.28e-02	9.27e-01
 1.55859e+23	5.68e-05	7.67e-02	9.23e-01
 1.57399e+23	6.30e-05	8.06e-02	9.19e-01
 1.59153e+23	7.18e-05	8.58e-02	9.14e-01
 1.60946e+23	8.02e-05	9.04e-02	9.10e-01
 1.62791e+23	9.14e-05	9.63e-02	9.04e-01
 1.64666e+23	1.03e-04	1.02e-01	8.98e-01
 1.66303e+23	1.14e-04	1.07e-01	8.93e-01
 1.68152e+23	1.30e-04	1.14e-01	8.86e-01
 1.69880e+23	1.43e-04	1.19e-01	8.81e-01
 1.71453e+23	1.59e-04	1.25e-01	8.75e-01
 1.73057e+23	1.75e-04	1.31e-01	8.69e-01
 1.74478e+23	1.91e-04	1.36e-01	8.64e-01
 1.76102e+23	2.14e-04	1.43e-01	8.56e-01
 1.77755e+23	2.35e-04	1.50e-01	8.50e-01
 1.79218e+23	2.57e-04	1.56e-01	8.44e-01
 1.80891e+23	2.88e-04	1.64e-01	8.35e-01
 1.82588e+23	3.16e-04	1.72e-01	8.28e-01
 1.84087e+23	3.46e-04	1.79e-01	8.21e-01
 1.85806e+23	3.88e-04	1.88e-01	8.11e-01
 1.87545e+23	4.26e-04	1.96e-01	8.03e-01
 1.89077e+23	4.67e-04	2.05e-01	7.95e-01
 1.90836e+23	5.23e-04	2.15e-01	7.84e-01
 1.92626e+23	5.75e-04	2.24e-01	7.75e-01
 1.94456e+23	6.47e-04	2.36e-01	7.63e-01
 1.96307e+23	7.12e-04	2.46e-01	7.53e-01
 1.98186e+23	8.00e-04	2.59e-01	7.41e-01
 2.00101e+23	8.83e-04	2.70e-01	7.29e-01
 2.02061e+23	9.95e-04	2.84e-01	7.15e-01
 2.04057e+23	1.10e-03	2.96e-01	7.03e-01
 2.05833e+23	1.21e-03	3.08e-01	6.91e-01
 2.07875e+23	1.37e-03	3.24e-01	6.75e-01
 2.09667e+23	1.47e-03	3.34e-01	6.65e-01
 2.11135e+23	1.60e-03	3.45e-01	6.53e-01
 2.12669e+23	1.72e-03	3.56e-01	6.43e-01
 2.14070e+23	1.85e-03	3.66e-01	6.32e-01
 2.15675e+23	2.02e-03	3.79e-01	6.19e-01
 2.17307e+23	2.18e-03	3.91e-01	6.07e-01
 2.18975e+23	2.39e-03	4.05e-01	5.93e-01
 2.20654e+23	2.58e-03	4.17e-01	5.80e-01
 2.22350e+23	2.83e-03	4.33e-01	5.65e-01
 2.24073e+23	3.05e-03	4.46e-01	5.51e-01
 2.25831e+23	3.36e-03	4.62e-01	5.35e-01
 2.27623e+23	3.63e-03	4.76e-01	5.20e-01
 2.29457e+23	4.01e-03	4.94e-01	5.02e-01
 2.31310e+23	4.34e-03	5.09e-01	4.87e-01
 2.33190e+23	4.78e-03	5.27e-01	4.68e-01
 2.35116e+23	5.20e-03	5.44e-01	4.51e-01
 2.37102e+23	5.77e-03	5.64e-01	4.30e-01
 2.39079e+23	6.26e-03	5.81e-01	4.13e-01
 2.41044e+23	6.94e-03	6.01e-01	3.92e-01
 2.43020e+23	7.53e-03	6.19e-01	3.74e-01
 2.45012e+23	8.37e-03	6.40e-01	3.52e-01
 2.47010e+23	9.10e-03	6.58e-01	3.33e-01
 2.49015e+23	1.01e-02	6.79e-01	3.11e-01
 2.51020e+23	1.10e-02	6.97e-01	2.92e-01
 2.53025e+23	1.23e-02	7.19e-01	2.69e-01
 2.55020e+23	1.34e-02	7.36e-01	2.51e-01
 2.57004e+23	1.49e-02	7.56e-01	2.29e-01
 2.58999e+23	1.63e-02	7.73e-01	2.10e-01
 2.61008e+23	1.82e-02	7.92e-01	1.90e-01
 2.63025e+23	2.00e-02	8.08e-01	1.72e-01
 2.65053e+23	2.24e-02	8.24e-01	1.53e-01
 2.67100e+23	2.47e-02	8.38e-01	1.37e-01
 2.68890e+23	2.72e-02	8.50e-01	1.23e-01
 2.70665e+23	2.98e-02	8.60e-01	1.10e-01
 2.72236e+23	3.23e-02	8.68e-01	1.00e-01
 2.73594e+23	3.48e-02	8.73e-01	9.17e-02
 2.75140e+23	3.84e-02	8.79e-01	8.21e-02
 2.76772e+23	4.22e-02	8.84e-01	7.36e-02
 2.78243e+23	4.63e-02	8.87e-01	6.65e-02
 2.79640e+23	5.08e-02	8.89e-01	6.03e-02
 2.80980e+23	5.59e-02	8.89e-01	5.49e-02
 2.82236e+23	6.14e-02	8.88e-01	5.04e-02
 2.83396e+23	6.74e-02	8.86e-01	4.65e-02
 2.84463e+23	7.39e-02	8.83e-01	4.34e-02
 2.85445e+23	8.10e-02	8.78e-01	4.07e-02
 2.86337e+23	8.86e-02	8.73e-01	3.86e-02
 2.87124e+23	9.64e-02	8.67e-01	3.69e-02
 2.87828e+23	1.05e-01	8.60e-01	3.55e-02
 2.88468e+23	1.14e-01	8.52e-01	3.43e-02
 2.89046e+23	1.22e-01	8.44e-01	3.35e-02
 2.89586e+23	1.32e-01	8.35e-01	3.28e-02
 2.90099e+23	1.42e-01	8.26e-01	3.23e-02
 2.90571e+23	1.52e-01	8.16e-01	3.19e-02
 2.90997e+23	1.63e-01	8.06e-01	3.17e-02
 2.91368e+23	1.72e-01	7.96e-01	3.17e-02
 2.91688e+23	1.81e-01	7.87e-01	3.18e-02
 2.91942e+23	1.88e-01	7.80e-01	3.19e-02
 2.92144e+23	1.94e-01	7.74e-01	3.19e-02
 2.92358e+23	2.01e-01	7.67e-01	3.20e-02
 2.92604e+23	2.10e-01	7.58e-01	3.20e-02
 2.92868e+23	2.20e-01	7.48e-01	3.21e-02
 2.93121e+23	2.28e-01	7.39e-01	3.23e-02
 2.93348e+23	2.37e-01	7.31e-01	3.24e-02
 2.93523e+23	2.44e-01	7.24e-01	3.26e-02
 2.93650e+23	2.49e-01	7.18e-01	3.26e-02
 2.93778e+23	2.54e-01	7.13e-01	3.26e-02
 2.93933e+23	2.61e-01	7.06e-01	3.26e-02
 2.94104e+23	2.69e-01	6.98e-01	3.25e-02
 2.94266e+23	2.76e-01	6.91e-01	3.26e-02
 2.94425e+23	2.84e-01	6.84e-01	3.25e-02
 2.94590e+23	2.92e-01	6.75e-01	3.24e-02
 2.94760e+23	3.01e-01	6.67e-01	3.24e-02
 2.94933e+23	3.09e-01	6.58e-01	3.23e-02
 2.95111e+23	3.19e-01	6.49e-01	3.21e-02
 2.95295e+23	3.28e-01	6.40e-01	3.20e-02
 2.95483e+23	3.39e-01	6.30e-01	3.18e-02
 2.95675e+23	3.49e-01	6.19e-01	3.16e-02
 2.95871e+23	3.60e-01	6.09e-01	3.13e-02
 2.96076e+23	3.72e-01	5.97e-01	3.10e-02
 2.96286e+23	3.84e-01	5.86e-01	3.07e-02
 2.96501e+23	3.96e-01	5.74e-01	3.04e-02
 2.96722e+23	4.09e-01	5.61e-01	2.99e-02
 2.96951e+23	4.23e-01	5.48e-01	2.95e-02
 2.97188e+23	4.37e-01	5.34e-01	2.90e-02
 2.97430e+23	4.51e-01	5.21e-01	2.84e-02
 2.97681e+23	4.66e-01	5.06e-01	2.79e-02
 2.97942e+23	4.81e-01	4.92e-01	2.72e-02
 2.98213e+23	4.97e-01	4.77e-01	2.65e-02
 2.98493e+23	5.13e-01	4.61e-01	2.58e-02
 2.98782e+23	5.29e-01	4.46e-01	2.50e-02
 2.99078e+23	5.46e-01	4.30e-01	2.42e-02
 2.99383e+23	5.62e-01	4.15e-01	2.34e-02
 2.99694e+23	5.78e-01	3.99e-01	2.25e-02
 3.00020e+23	5.95e-01	3.84e-01	2.16e-02
 3.00359e+23	6.11e-01	3.68e-01	2.07e-02
 3.00706e+23	6.27e-01	3.54e-01	1.98e-02
 3.01061e+23	6.42e-01	3.39e-01	1.89e-02
 3.01435e+23	6.58e-01	3.25e-01	1.79e-02
 3.01833e+23	6.72e-01	3.11e-01	1.70e-02
 3.02245e+23	6.87e-01	2.97e-01	1.60e-02
 3.02673e+23	7.00e-01	2.84e-01	1.51e-02
 3.03128e+23	7.14e-01	2.72e-01	1.41e-02
 3.03612e+23	7.27e-01	2.60e-01	1.32e-02
 3.04118e+23	7.39e-01	2.48e-01	1.23e-02
 3.04637e+23	7.51e-01	2.38e-01	1.15e-02
 3.05139e+23	7.61e-01	2.28e-01	1.07e-02
 3.05621e+23	7.70e-01	2.20e-01	1.00e-02
 3.06093e+23	7.78e-01	2.12e-01	9.41e-03
 3.06557e+23	7.86e-01	2.05e-01	8.84e-03
 3.07010e+23	7.93e-01	1.99e-01	8.32e-03
 3.07444e+23	7.99e-01	1.93e-01	7.86e-03
 3.07858e+23	8.05e-01	1.88e-01	7.43e-03
 3.08247e+23	8.10e-01	1.83e-01	7.07e-03
 3.08500e+23	8.12e-01	1.81e-01	6.92e-03
