#depth	O	O+	O+2	O+3	O+4	O+5	O+6	O+7	O+8	O[1]	O[2]	O[3]
 1.54284e+22	8.32e-15	2.45e-10	2.91e-07	3.24e-05	7.23e-04	5.20e-03	2.13e-01	5.03e-01	2.78e-01	8.32e-15	4.00e-25	4.20e-25
 3.47915e+22	6.13e-14	1.41e-09	1.39e-06	1.27e-04	2.28e-03	1.16e-02	3.13e-01	4.91e-01	1.81e-01	6.13e-14	1.18e-22	1.48e-22
 4.06935e+22	1.36e-13	2.89e-09	2.68e-06	2.33e-04	3.84e-03	1.69e-02	3.68e-01	4.69e-01	1.41e-01	1.36e-13	2.64e-22	3.31e-22
 4.36445e+22	1.93e-13	3.95e-09	3.62e-06	3.09e-04	4.91e-03	2.03e-02	3.96e-01	4.55e-01	1.23e-01	1.93e-13	3.73e-22	4.68e-22
 4.50473e+22	2.21e-13	4.48e-09	4.10e-06	3.47e-04	5.44e-03	2.18e-02	4.08e-01	4.48e-01	1.16e-01	2.21e-13	4.29e-22	5.37e-22
 4.59317e+22	2.55e-13	5.12e-09	4.66e-06	3.93e-04	6.07e-03	2.37e-02	4.21e-01	4.40e-01	1.09e-01	2.55e-13	4.95e-22	6.20e-22
 4.68688e+22	2.93e-13	5.82e-09	5.29e-06	4.44e-04	6.76e-03	2.56e-02	4.34e-01	4.32e-01	1.02e-01	2.93e-13	5.68e-22	7.12e-22
 4.78245e+22	3.34e-13	6.58e-09	6.00e-06	5.02e-04	7.54e-03	2.78e-02	4.47e-01	4.23e-01	9.47e-02	3.34e-13	6.48e-22	8.12e-22
 4.87754e+22	3.78e-13	7.39e-09	6.75e-06	5.63e-04	8.34e-03	3.00e-02	4.59e-01	4.14e-01	8.84e-02	3.78e-13	7.34e-22	9.19e-22
 4.97410e+22	4.27e-13	8.31e-09	7.61e-06	6.34e-04	9.27e-03	3.25e-02	4.72e-01	4.04e-01	8.21e-02	4.27e-13	8.30e-22	1.04e-21
 5.07247e+22	4.79e-13	9.28e-09	8.53e-06	7.11e-04	1.02e-02	3.50e-02	4.84e-01	3.94e-01	7.63e-02	4.79e-13	9.30e-22	1.17e-21
 5.17197e+22	5.36e-13	1.04e-08	9.58e-06	7.98e-04	1.13e-02	3.78e-02	4.96e-01	3.84e-01	7.06e-02	5.36e-13	1.04e-21	1.30e-21
 5.27297e+22	5.96e-13	1.15e-08	1.07e-05	8.93e-04	1.25e-02	4.07e-02	5.07e-01	3.73e-01	6.54e-02	5.96e-13	1.16e-21	1.45e-21
 5.37580e+22	6.61e-13	1.28e-08	1.20e-05	1.00e-03	1.38e-02	4.39e-02	5.19e-01	3.62e-01	6.02e-02	6.61e-13	1.29e-21	1.61e-21
 5.47161e+22	7.19e-13	1.39e-08	1.31e-05	1.10e-03	1.49e-02	4.66e-02	5.28e-01	3.53e-01	5.63e-02	7.19e-13	1.40e-21	1.75e-21
 5.57030e+22	7.93e-13	1.54e-08	1.47e-05	1.23e-03	1.65e-02	5.03e-02	5.39e-01	3.42e-01	5.16e-02	7.93e-13	1.55e-21	1.93e-21
 5.67087e+22	8.60e-13	1.67e-08	1.61e-05	1.35e-03	1.78e-02	5.34e-02	5.47e-01	3.32e-01	4.81e-02	8.60e-13	1.68e-21	2.10e-21
 5.77405e+22	9.49e-13	1.85e-08	1.80e-05	1.52e-03	1.97e-02	5.75e-02	5.57e-01	3.20e-01	4.38e-02	9.49e-13	1.85e-21	2.32e-21
 5.87744e+22	1.02e-12	2.00e-08	1.97e-05	1.66e-03	2.12e-02	6.09e-02	5.65e-01	3.11e-01	4.08e-02	1.02e-12	2.00e-21	2.50e-21
 5.98107e+22	1.12e-12	2.21e-08	2.20e-05	1.86e-03	2.32e-02	6.55e-02	5.74e-01	2.99e-01	3.71e-02	1.12e-12	2.19e-21	2.73e-21
 6.08514e+22	1.20e-12	2.39e-08	2.40e-05	2.04e-03	2.49e-02	6.91e-02	5.80e-01	2.89e-01	3.45e-02	1.20e-12	2.36e-21	2.95e-21
 6.18979e+22	1.31e-12	2.63e-08	2.68e-05	2.28e-03	2.72e-02	7.40e-02	5.88e-01	2.77e-01	3.13e-02	1.31e-12	2.58e-21	3.22e-21
 6.29557e+22	1.41e-12	2.85e-08	2.92e-05	2.48e-03	2.91e-02	7.79e-02	5.93e-01	2.68e-01	2.90e-02	1.41e-12	2.77e-21	3.46e-21
 6.40283e+22	1.54e-12	3.14e-08	3.26e-05	2.78e-03	3.18e-02	8.33e-02	5.99e-01	2.56e-01	2.63e-02	1.54e-12	3.03e-21	3.78e-21
 6.51157e+22	1.66e-12	3.41e-08	3.57e-05	3.03e-03	3.40e-02	8.77e-02	6.04e-01	2.47e-01	2.43e-02	1.66e-12	3.26e-21	4.07e-21
 6.62224e+22	1.81e-12	3.77e-08	4.00e-05	3.40e-03	3.69e-02	9.36e-02	6.09e-01	2.36e-01	2.19e-02	1.81e-12	3.57e-21	4.45e-21
 6.73500e+22	1.96e-12	4.10e-08	4.39e-05	3.72e-03	3.95e-02	9.84e-02	6.12e-01	2.27e-01	2.01e-02	1.96e-12	3.86e-21	4.82e-21
 6.85046e+22	2.15e-12	4.56e-08	4.93e-05	4.17e-03	4.29e-02	1.05e-01	6.15e-01	2.15e-01	1.80e-02	2.15e-12	4.25e-21	5.29e-21
 6.96863e+22	2.34e-12	5.01e-08	5.44e-05	4.58e-03	4.59e-02	1.10e-01	6.17e-01	2.06e-01	1.65e-02	2.34e-12	4.62e-21	5.76e-21
 7.09034e+22	2.58e-12	5.61e-08	6.17e-05	5.15e-03	4.99e-02	1.17e-01	6.19e-01	1.94e-01	1.47e-02	2.58e-12	5.11e-21	6.37e-21
 7.21424e+22	2.84e-12	6.21e-08	6.85e-05	5.67e-03	5.32e-02	1.23e-01	6.19e-01	1.86e-01	1.34e-02	2.84e-12	5.63e-21	7.02e-21
 7.31876e+22	3.06e-12	6.77e-08	7.50e-05	6.17e-03	5.64e-02	1.28e-01	6.19e-01	1.78e-01	1.23e-02	3.06e-12	6.09e-21	7.58e-21
 7.43240e+22	3.38e-12	7.58e-08	8.44e-05	6.87e-03	6.07e-02	1.36e-01	6.18e-01	1.68e-01	1.10e-02	3.38e-12	6.74e-21	8.40e-21
 7.54260e+22	3.66e-12	8.27e-08	9.21e-05	7.43e-03	6.39e-02	1.41e-01	6.17e-01	1.61e-01	1.02e-02	3.66e-12	7.31e-21	9.10e-21
 7.64832e+22	4.00e-12	9.17e-08	1.03e-04	8.20e-03	6.81e-02	1.48e-01	6.14e-01	1.53e-01	9.13e-03	4.00e-12	8.01e-21	9.97e-21
 7.75516e+22	4.39e-12	1.01e-07	1.13e-04	8.87e-03	7.17e-02	1.53e-01	6.12e-01	1.46e-01	8.43e-03	4.39e-12	8.79e-21	1.09e-20
 7.86346e+22	4.85e-12	1.13e-07	1.26e-04	9.80e-03	7.64e-02	1.60e-01	6.08e-01	1.38e-01	7.56e-03	4.85e-12	9.74e-21	1.21e-20
 7.97340e+22	5.34e-12	1.25e-07	1.39e-04	1.06e-02	8.04e-02	1.65e-01	6.05e-01	1.32e-01	6.94e-03	5.34e-12	1.07e-20	1.34e-20
 8.08548e+22	5.95e-12	1.41e-07	1.57e-04	1.17e-02	8.56e-02	1.73e-01	5.99e-01	1.24e-01	6.20e-03	5.95e-12	1.20e-20	1.49e-20
 8.19926e+22	6.62e-12	1.57e-07	1.73e-04	1.27e-02	9.00e-02	1.78e-01	5.95e-01	1.18e-01	5.67e-03	6.62e-12	1.34e-20	1.66e-20
 8.31523e+22	7.44e-12	1.79e-07	1.96e-04	1.41e-02	9.58e-02	1.86e-01	5.88e-01	1.11e-01	5.03e-03	7.44e-12	1.51e-20	1.88e-20
 8.43315e+22	8.36e-12	2.01e-07	2.18e-04	1.54e-02	1.01e-01	1.92e-01	5.82e-01	1.05e-01	4.59e-03	8.36e-12	1.70e-20	2.11e-20
 8.55359e+22	9.51e-12	2.31e-07	2.49e-04	1.71e-02	1.07e-01	2.00e-01	5.73e-01	9.80e-02	4.04e-03	9.51e-12	1.94e-20	2.41e-20
 8.67684e+22	1.07e-11	2.61e-07	2.78e-04	1.86e-02	1.13e-01	2.06e-01	5.66e-01	9.26e-02	3.66e-03	1.07e-11	2.20e-20	2.73e-20
 8.80374e+22	1.25e-11	3.06e-07	3.19e-04	2.07e-02	1.20e-01	2.14e-01	5.56e-01	8.58e-02	3.20e-03	1.25e-11	2.57e-20	3.18e-20
 8.93412e+22	1.43e-11	3.49e-07	3.59e-04	2.27e-02	1.26e-01	2.21e-01	5.47e-01	8.06e-02	2.87e-03	1.43e-11	2.94e-20	3.65e-20
 9.06900e+22	1.69e-11	4.14e-07	4.17e-04	2.54e-02	1.35e-01	2.29e-01	5.34e-01	7.41e-02	2.49e-03	1.69e-11	3.50e-20	4.33e-20
 9.20507e+22	1.96e-11	4.78e-07	4.71e-04	2.77e-02	1.42e-01	2.35e-01	5.24e-01	6.94e-02	2.23e-03	1.96e-11	4.07e-20	5.04e-20
 9.34269e+22	2.33e-11	5.70e-07	5.49e-04	3.10e-02	1.51e-01	2.43e-01	5.10e-01	6.34e-02	1.91e-03	2.33e-11	4.88e-20	6.03e-20
 9.48181e+22	2.73e-11	6.61e-07	6.21e-04	3.39e-02	1.58e-01	2.48e-01	4.98e-01	5.92e-02	1.70e-03	2.73e-11	5.73e-20	7.08e-20
 9.62289e+22	3.30e-11	7.97e-07	7.26e-04	3.79e-02	1.68e-01	2.56e-01	4.82e-01	5.38e-02	1.46e-03	3.30e-11	6.97e-20	8.62e-20
 9.76655e+22	3.91e-11	9.32e-07	8.25e-04	4.15e-02	1.76e-01	2.61e-01	4.70e-01	4.99e-02	1.29e-03	3.91e-11	8.29e-20	1.02e-19
 9.89375e+22	4.58e-11	1.08e-06	9.35e-04	4.53e-02	1.84e-01	2.66e-01	4.56e-01	4.62e-02	1.13e-03	4.58e-11	9.77e-20	1.21e-19
 1.00393e+23	5.68e-11	1.32e-06	1.10e-03	5.06e-02	1.95e-01	2.72e-01	4.39e-01	4.17e-02	9.62e-04	5.68e-11	1.22e-19	1.50e-19
 1.01876e+23	6.74e-11	1.55e-06	1.25e-03	5.53e-02	2.04e-01	2.76e-01	4.24e-01	3.83e-02	8.39e-04	6.74e-11	1.45e-19	1.79e-19
 1.03077e+23	7.87e-11	1.79e-06	1.40e-03	5.95e-02	2.11e-01	2.80e-01	4.12e-01	3.56e-02	7.47e-04	7.87e-11	1.71e-19	2.10e-19
 1.04323e+23	9.48e-11	2.11e-06	1.59e-03	6.49e-02	2.20e-01	2.83e-01	3.97e-01	3.26e-02	6.51e-04	9.48e-11	2.07e-19	2.55e-19
 1.05634e+23	1.12e-10	2.45e-06	1.79e-03	7.01e-02	2.28e-01	2.86e-01	3.83e-01	3.01e-02	5.74e-04	1.12e-10	2.46e-19	3.02e-19
 1.06837e+23	1.32e-10	2.83e-06	2.00e-03	7.55e-02	2.36e-01	2.88e-01	3.70e-01	2.77e-02	5.06e-04	1.32e-10	2.91e-19	3.58e-19
 1.08208e+23	1.63e-10	3.40e-06	2.30e-03	8.28e-02	2.47e-01	2.90e-01	3.53e-01	2.50e-02	4.32e-04	1.63e-10	3.63e-19	4.46e-19
 1.09618e+23	1.96e-10	4.00e-06	2.61e-03	8.96e-02	2.55e-01	2.91e-01	3.38e-01	2.28e-02	3.73e-04	1.96e-10	4.39e-19	5.39e-19
 1.10858e+23	2.33e-10	4.64e-06	2.92e-03	9.63e-02	2.63e-01	2.92e-01	3.25e-01	2.09e-02	3.27e-04	2.33e-10	5.26e-19	6.46e-19
 1.12250e+23	2.91e-10	5.59e-06	3.36e-03	1.05e-01	2.73e-01	2.92e-01	3.08e-01	1.87e-02	2.77e-04	2.91e-10	6.61e-19	8.11e-19
 1.13705e+23	3.54e-10	6.60e-06	3.80e-03	1.14e-01	2.82e-01	2.91e-01	2.92e-01	1.68e-02	2.37e-04	3.54e-10	8.10e-19	9.94e-19
 1.15017e+23	4.26e-10	7.71e-06	4.27e-03	1.22e-01	2.90e-01	2.90e-01	2.78e-01	1.53e-02	2.05e-04	4.26e-10	9.85e-19	1.21e-18
 1.16499e+23	5.41e-10	9.37e-06	4.93e-03	1.33e-01	2.99e-01	2.88e-01	2.61e-01	1.35e-02	1.71e-04	5.41e-10	1.26e-18	1.55e-18
 1.18031e+23	6.67e-10	1.11e-05	5.59e-03	1.43e-01	3.07e-01	2.86e-01	2.46e-01	1.20e-02	1.44e-04	6.67e-10	1.57e-18	1.92e-18
 1.19397e+23	8.13e-10	1.31e-05	6.28e-03	1.53e-01	3.14e-01	2.83e-01	2.32e-01	1.08e-02	1.23e-04	8.13e-10	1.93e-18	2.36e-18
 1.20941e+23	1.04e-09	1.59e-05	7.24e-03	1.67e-01	3.23e-01	2.78e-01	2.16e-01	9.41e-03	1.01e-04	1.04e-09	2.51e-18	3.07e-18
 1.22549e+23	1.31e-09	1.90e-05	8.22e-03	1.79e-01	3.30e-01	2.73e-01	2.01e-01	8.29e-03	8.38e-05	1.31e-09	3.18e-18	3.88e-18
 1.24000e+23	1.61e-09	2.25e-05	9.25e-03	1.91e-01	3.36e-01	2.68e-01	1.88e-01	7.34e-03	7.04e-05	1.61e-09	3.97e-18	4.85e-18
 1.25644e+23	2.12e-09	2.77e-05	1.07e-02	2.08e-01	3.43e-01	2.61e-01	1.72e-01	6.26e-03	5.61e-05	2.12e-09	5.29e-18	6.45e-18
 1.27331e+23	2.66e-09	3.30e-05	1.21e-02	2.22e-01	3.48e-01	2.54e-01	1.59e-01	5.46e-03	4.62e-05	2.66e-09	6.74e-18	8.21e-18
 1.28843e+23	3.32e-09	3.91e-05	1.36e-02	2.36e-01	3.52e-01	2.47e-01	1.47e-01	4.76e-03	3.81e-05	3.32e-09	8.54e-18	1.04e-17
 1.30576e+23	4.43e-09	4.86e-05	1.58e-02	2.55e-01	3.56e-01	2.37e-01	1.32e-01	3.98e-03	2.96e-05	4.43e-09	1.16e-17	1.41e-17
 1.32329e+23	5.58e-09	5.79e-05	1.78e-02	2.71e-01	3.58e-01	2.29e-01	1.21e-01	3.43e-03	2.40e-05	5.58e-09	1.49e-17	1.81e-17
 1.34106e+23	7.46e-09	7.17e-05	2.05e-02	2.91e-01	3.60e-01	2.18e-01	1.08e-01	2.84e-03	1.85e-05	7.46e-09	2.03e-17	2.47e-17
 1.35912e+23	9.48e-09	8.55e-05	2.31e-02	3.08e-01	3.60e-01	2.09e-01	9.76e-02	2.42e-03	1.48e-05	9.48e-09	2.63e-17	3.19e-17
 1.37515e+23	1.20e-08	1.01e-04	2.58e-02	3.24e-01	3.60e-01	2.00e-01	8.84e-02	2.06e-03	1.19e-05	1.20e-08	3.40e-17	4.11e-17
 1.39358e+23	1.62e-08	1.26e-04	2.98e-02	3.46e-01	3.58e-01	1.88e-01	7.75e-02	1.67e-03	8.91e-06	1.62e-08	4.73e-17	5.72e-17
 1.41224e+23	2.06e-08	1.50e-04	3.33e-02	3.63e-01	3.55e-01	1.78e-01	6.95e-02	1.41e-03	7.05e-06	2.06e-08	6.15e-17	7.44e-17
 1.43122e+23	2.80e-08	1.86e-04	3.82e-02	3.85e-01	3.50e-01	1.65e-01	6.03e-02	1.12e-03	5.19e-06	2.80e-08	8.65e-17	1.05e-16
 1.45045e+23	3.57e-08	2.21e-04	4.26e-02	4.02e-01	3.45e-01	1.55e-01	5.36e-02	9.33e-04	4.05e-06	3.57e-08	1.13e-16	1.37e-16
 1.47001e+23	4.88e-08	2.75e-04	4.88e-02	4.24e-01	3.38e-01	1.43e-01	4.58e-02	7.33e-04	2.93e-06	4.88e-08	1.61e-16	1.95e-16
 1.48982e+23	6.24e-08	3.26e-04	5.43e-02	4.40e-01	3.31e-01	1.33e-01	4.04e-02	6.03e-04	2.25e-06	6.24e-08	2.12e-16	2.57e-16
 1.50712e+23	7.91e-08	3.84e-04	6.00e-02	4.56e-01	3.24e-01	1.24e-01	3.56e-02	4.98e-04	1.74e-06	7.91e-08	2.78e-16	3.36e-16
 1.52330e+23	9.77e-08	4.44e-04	6.54e-02	4.69e-01	3.17e-01	1.16e-01	3.17e-02	4.18e-04	1.38e-06	9.77e-08	3.53e-16	4.26e-16
 1.54088e+23	1.28e-07	5.33e-04	7.30e-02	4.86e-01	3.07e-01	1.06e-01	2.73e-02	3.33e-04	1.02e-06	1.28e-07	4.78e-16	5.77e-16
 1.55859e+23	1.58e-07	6.17e-04	7.95e-02	4.98e-01	2.99e-01	9.86e-02	2.41e-02	2.77e-04	7.98e-07	1.58e-07	6.09e-16	7.36e-16
 1.57399e+23	1.94e-07	7.08e-04	8.63e-02	5.10e-01	2.90e-01	9.16e-02	2.14e-02	2.31e-04	6.28e-07	1.94e-07	7.69e-16	9.27e-16
 1.59153e+23	2.52e-07	8.44e-04	9.54e-02	5.23e-01	2.79e-01	8.32e-02	1.83e-02	1.83e-04	4.61e-07	2.52e-07	1.03e-15	1.24e-15
 1.60946e+23	3.13e-07	9.76e-04	1.04e-01	5.33e-01	2.69e-01	7.66e-02	1.60e-02	1.50e-04	3.54e-07	3.13e-07	1.32e-15	1.59e-15
 1.62791e+23	4.06e-07	1.16e-03	1.14e-01	5.45e-01	2.57e-01	6.89e-02	1.35e-02	1.17e-04	2.57e-07	4.06e-07	1.77e-15	2.13e-15
 1.64666e+23	5.07e-07	1.35e-03	1.24e-01	5.53e-01	2.47e-01	6.28e-02	1.17e-02	9.44e-05	1.94e-07	5.07e-07	2.27e-15	2.74e-15
 1.66303e+23	6.22e-07	1.54e-03	1.34e-01	5.60e-01	2.37e-01	5.75e-02	1.02e-02	7.72e-05	1.49e-07	6.22e-07	2.86e-15	3.44e-15
 1.68152e+23	8.06e-07	1.83e-03	1.47e-01	5.68e-01	2.24e-01	5.11e-02	8.55e-03	5.95e-05	0.00e+00	8.06e-07	3.84e-15	4.62e-15
 1.69880e+23	9.59e-07	2.05e-03	1.56e-01	5.72e-01	2.15e-01	4.71e-02	7.55e-03	4.96e-05	0.00e+00	9.59e-07	4.67e-15	5.61e-15
 1.71453e+23	1.19e-06	2.36e-03	1.69e-01	5.75e-01	2.05e-01	4.26e-02	6.48e-03	3.97e-05	0.00e+00	1.19e-06	5.96e-15	7.15e-15
 1.73057e+23	1.42e-06	2.65e-03	1.79e-01	5.78e-01	1.96e-01	3.90e-02	5.68e-03	3.28e-05	0.00e+00	1.42e-06	7.29e-15	8.73e-15
 1.74478e+23	1.68e-06	2.95e-03	1.90e-01	5.79e-01	1.87e-01	3.58e-02	5.01e-03	2.73e-05	0.00e+00	1.68e-06	8.83e-15	1.06e-14
 1.76102e+23	2.08e-06	3.39e-03	2.04e-01	5.80e-01	1.77e-01	3.20e-02	4.26e-03	2.16e-05	0.00e+00	2.08e-06	1.12e-14	1.35e-14
 1.77755e+23	2.48e-06	3.79e-03	2.16e-01	5.79e-01	1.68e-01	2.91e-02	3.71e-03	1.76e-05	0.00e+00	2.48e-06	1.37e-14	1.64e-14
 1.79218e+23	2.93e-06	4.23e-03	2.29e-01	5.78e-01	1.60e-01	2.65e-02	3.23e-03	1.45e-05	0.00e+00	2.93e-06	1.67e-14	1.99e-14
 1.80891e+23	3.63e-06	4.84e-03	2.45e-01	5.75e-01	1.50e-01	2.35e-02	2.72e-03	1.13e-05	0.00e+00	3.63e-06	2.13e-14	2.54e-14
 1.82588e+23	4.31e-06	5.41e-03	2.59e-01	5.71e-01	1.41e-01	2.12e-02	2.35e-03	9.16e-06	0.00e+00	4.31e-06	2.60e-14	3.10e-14
 1.84087e+23	5.12e-06	6.03e-03	2.73e-01	5.67e-01	1.34e-01	1.92e-02	2.04e-03	7.45e-06	0.00e+00	5.12e-06	3.17e-14	3.78e-14
 1.85806e+23	6.33e-06	6.92e-03	2.91e-01	5.60e-01	1.24e-01	1.68e-02	1.70e-03	5.74e-06	0.00e+00	6.33e-06	4.06e-14	4.84e-14
 1.87545e+23	7.53e-06	7.73e-03	3.06e-01	5.53e-01	1.16e-01	1.51e-02	1.45e-03	4.60e-06	0.00e+00	7.53e-06	4.96e-14	5.91e-14
 1.89077e+23	8.92e-06	8.60e-03	3.22e-01	5.46e-01	1.09e-01	1.35e-02	1.25e-03	3.70e-06	0.00e+00	8.92e-06	6.04e-14	7.20e-14
 1.90836e+23	1.10e-05	9.84e-03	3.42e-01	5.35e-01	1.01e-01	1.17e-02	1.03e-03	2.81e-06	0.00e+00	1.10e-05	7.75e-14	9.23e-14
 1.92626e+23	1.31e-05	1.10e-02	3.59e-01	5.25e-01	9.38e-02	1.04e-02	8.74e-04	2.23e-06	0.00e+00	1.31e-05	9.50e-14	1.13e-13
 1.94456e+23	1.63e-05	1.26e-02	3.80e-01	5.12e-01	8.57e-02	8.96e-03	7.12e-04	1.66e-06	0.00e+00	1.63e-05	1.23e-13	1.46e-13
 1.96307e+23	1.94e-05	1.40e-02	3.99e-01	5.00e-01	7.92e-02	7.88e-03	5.98e-04	1.30e-06	0.00e+00	1.94e-05	1.51e-13	1.79e-13
 1.98186e+23	2.40e-05	1.61e-02	4.21e-01	4.84e-01	7.18e-02	6.71e-03	4.82e-04	9.57e-07	0.00e+00	2.40e-05	1.95e-13	2.32e-13
 2.00101e+23	2.86e-05	1.80e-02	4.41e-01	4.69e-01	6.59e-02	5.85e-03	4.00e-04	7.36e-07	0.00e+00	2.86e-05	2.41e-13	2.87e-13
 2.02061e+23	3.56e-05	2.06e-02	4.64e-01	4.51e-01	5.91e-02	4.92e-03	3.18e-04	5.32e-07	0.00e+00	3.56e-05	3.14e-13	3.73e-13
 2.04057e+23	4.25e-05	2.30e-02	4.85e-01	4.34e-01	5.37e-02	4.23e-03	2.61e-04	4.02e-07	0.00e+00	4.25e-05	3.89e-13	4.62e-13
 2.05833e+23	5.06e-05	2.55e-02	5.04e-01	4.18e-01	4.88e-02	3.65e-03	2.14e-04	3.06e-07	0.00e+00	5.06e-05	4.80e-13	5.70e-13
 2.07875e+23	6.28e-05	2.92e-02	5.28e-01	3.96e-01	4.32e-02	3.02e-03	1.67e-04	2.16e-07	0.00e+00	6.28e-05	6.27e-13	7.44e-13
 2.09667e+23	7.12e-05	3.15e-02	5.43e-01	3.82e-01	3.98e-02	2.67e-03	1.43e-04	1.73e-07	0.00e+00	7.12e-05	7.32e-13	8.68e-13
 2.11135e+23	8.26e-05	3.45e-02	5.60e-01	3.67e-01	3.64e-02	2.33e-03	1.19e-04	1.35e-07	0.00e+00	8.26e-05	8.80e-13	1.04e-12
 2.12669e+23	9.40e-05	3.74e-02	5.75e-01	3.52e-01	3.34e-02	2.05e-03	1.01e-04	0.00e+00	0.00e+00	9.40e-05	1.03e-12	1.22e-12
 2.14070e+23	1.06e-04	4.02e-02	5.88e-01	3.39e-01	3.08e-02	1.82e-03	8.64e-05	0.00e+00	0.00e+00	1.06e-04	1.20e-12	1.43e-12
 2.15675e+23	1.24e-04	4.43e-02	6.05e-01	3.21e-01	2.77e-02	1.55e-03	7.05e-05	0.00e+00	0.00e+00	1.24e-04	1.47e-12	1.74e-12
 2.17307e+23	1.41e-04	4.78e-02	6.19e-01	3.07e-01	2.52e-02	1.35e-03	5.91e-05	0.00e+00	0.00e+00	1.41e-04	1.72e-12	2.04e-12
 2.18975e+23	1.66e-04	5.27e-02	6.35e-01	2.88e-01	2.25e-02	1.14e-03	4.75e-05	0.00e+00	0.00e+00	1.66e-04	2.12e-12	2.50e-12
 2.20654e+23	1.88e-04	5.68e-02	6.48e-01	2.73e-01	2.03e-02	9.84e-04	3.95e-05	0.00e+00	0.00e+00	1.88e-04	2.49e-12	2.94e-12
 2.22350e+23	2.21e-04	6.25e-02	6.63e-01	2.55e-01	1.79e-02	8.22e-04	3.14e-05	0.00e+00	0.00e+00	2.21e-04	3.05e-12	3.61e-12
 2.24073e+23	2.51e-04	6.73e-02	6.75e-01	2.40e-01	1.61e-02	7.05e-04	2.59e-05	0.00e+00	0.00e+00	2.51e-04	3.59e-12	4.24e-12
 2.25831e+23	2.95e-04	7.41e-02	6.88e-01	2.23e-01	1.41e-02	5.81e-04	2.03e-05	0.00e+00	0.00e+00	2.95e-04	4.42e-12	5.23e-12
 2.27623e+23	3.34e-04	7.97e-02	6.99e-01	2.08e-01	1.25e-02	4.93e-04	1.65e-05	0.00e+00	0.00e+00	3.34e-04	5.22e-12	6.16e-12
 2.29457e+23	3.96e-04	8.81e-02	7.10e-01	1.90e-01	1.08e-02	3.99e-04	1.27e-05	0.00e+00	0.00e+00	3.96e-04	6.49e-12	7.66e-12
 2.31310e+23	4.49e-04	9.46e-02	7.19e-01	1.76e-01	9.49e-03	3.35e-04	1.02e-05	0.00e+00	0.00e+00	4.49e-04	7.66e-12	9.04e-12
 2.33190e+23	5.28e-04	1.04e-01	7.27e-01	1.60e-01	8.14e-03	2.70e-04	7.84e-06	0.00e+00	0.00e+00	5.28e-04	9.51e-12	1.12e-11
 2.35116e+23	6.03e-04	1.12e-01	7.34e-01	1.46e-01	7.07e-03	2.22e-04	6.18e-06	0.00e+00	0.00e+00	6.03e-04	1.13e-11	1.33e-11
 2.37102e+23	7.19e-04	1.25e-01	7.38e-01	1.30e-01	5.94e-03	1.74e-04	4.59e-06	0.00e+00	0.00e+00	7.19e-04	1.42e-11	1.68e-11
 2.39079e+23	8.15e-04	1.34e-01	7.42e-01	1.18e-01	5.15e-03	1.43e-04	3.62e-06	0.00e+00	0.00e+00	8.15e-04	1.67e-11	1.97e-11
 2.41044e+23	9.70e-04	1.48e-01	7.42e-01	1.04e-01	4.30e-03	1.11e-04	2.67e-06	0.00e+00	0.00e+00	9.70e-04	2.10e-11	2.47e-11
 2.43020e+23	1.10e-03	1.59e-01	7.42e-01	9.39e-02	3.70e-03	9.02e-05	2.08e-06	0.00e+00	0.00e+00	1.10e-03	2.48e-11	2.93e-11
 2.45012e+23	1.32e-03	1.76e-01	7.38e-01	8.15e-02	3.05e-03	6.87e-05	1.52e-06	0.00e+00	0.00e+00	1.32e-03	3.13e-11	3.69e-11
 2.47010e+23	1.50e-03	1.90e-01	7.34e-01	7.23e-02	2.60e-03	5.51e-05	1.17e-06	0.00e+00	0.00e+00	1.50e-03	3.72e-11	4.38e-11
 2.49015e+23	1.81e-03	2.11e-01	7.24e-01	6.17e-02	2.13e-03	4.12e-05	8.39e-07	0.00e+00	0.00e+00	1.81e-03	4.71e-11	5.56e-11
 2.51020e+23	2.07e-03	2.28e-01	7.14e-01	5.40e-02	1.80e-03	3.26e-05	6.43e-07	0.00e+00	0.00e+00	2.07e-03	5.63e-11	6.63e-11
 2.53025e+23	2.51e-03	2.54e-01	6.97e-01	4.51e-02	1.46e-03	2.38e-05	4.52e-07	0.00e+00	0.00e+00	2.51e-03	7.20e-11	8.49e-11
 2.55020e+23	2.89e-03	2.74e-01	6.83e-01	3.88e-02	1.23e-03	1.85e-05	3.44e-07	0.00e+00	0.00e+00	2.89e-03	8.63e-11	1.02e-10
 2.57004e+23	3.52e-03	3.05e-01	6.59e-01	3.18e-02	9.88e-04	1.32e-05	2.40e-07	0.00e+00	0.00e+00	3.52e-03	1.11e-10	1.30e-10
 2.58999e+23	4.10e-03	3.32e-01	6.37e-01	2.67e-02	8.23e-04	9.97e-06	1.79e-07	0.00e+00	0.00e+00	4.10e-03	1.34e-10	1.58e-10
 2.61008e+23	5.04e-03	3.69e-01	6.04e-01	2.11e-02	6.54e-04	6.87e-06	1.22e-07	0.00e+00	0.00e+00	5.04e-03	1.74e-10	2.05e-10
 2.63025e+23	5.95e-03	4.02e-01	5.75e-01	1.72e-02	5.38e-04	4.99e-06	0.00e+00	0.00e+00	0.00e+00	5.95e-03	2.14e-10	2.52e-10
 2.65053e+23	7.38e-03	4.46e-01	5.33e-01	1.31e-02	4.22e-04	3.28e-06	0.00e+00	0.00e+00	0.00e+00	7.38e-03	2.80e-10	3.30e-10
 2.67100e+23	8.86e-03	4.86e-01	4.95e-01	1.02e-02	3.41e-04	2.26e-06	0.00e+00	0.00e+00	0.00e+00	8.86e-03	3.50e-10	4.13e-10
 2.68890e+23	1.06e-02	5.27e-01	4.55e-01	7.82e-03	2.76e-04	1.54e-06	0.00e+00	0.00e+00	0.00e+00	1.06e-02	4.38e-10	5.16e-10
 2.70665e+23	1.28e-02	5.68e-01	4.13e-01	5.93e-03	2.23e-04	1.03e-06	0.00e+00	0.00e+00	0.00e+00	1.28e-02	5.47e-10	6.45e-10
 2.72236e+23	1.50e-02	6.03e-01	3.78e-01	4.63e-03	1.86e-04	7.24e-07	0.00e+00	0.00e+00	0.00e+00	1.50e-02	6.59e-10	7.77e-10
 2.73594e+23	1.74e-02	6.35e-01	3.44e-01	3.62e-03	1.56e-04	5.13e-07	0.00e+00	0.00e+00	0.00e+00	1.74e-02	7.89e-10	9.29e-10
 2.75140e+23	2.10e-02	6.76e-01	3.01e-01	2.61e-03	1.23e-04	3.23e-07	0.00e+00	0.00e+00	0.00e+00	2.10e-02	9.94e-10	1.17e-09
 2.76772e+23	2.55e-02	7.13e-01	2.59e-01	1.85e-03	9.69e-05	2.01e-07	0.00e+00	0.00e+00	0.00e+00	2.55e-02	1.25e-09	1.47e-09
 2.78243e+23	3.08e-02	7.47e-01	2.21e-01	1.31e-03	7.62e-05	1.25e-07	0.00e+00	0.00e+00	0.00e+00	3.08e-02	1.56e-09	1.83e-09
 2.79640e+23	3.73e-02	7.76e-01	1.86e-01	9.11e-04	5.93e-05	0.00e+00	0.00e+00	0.00e+00	0.00e+00	3.73e-02	1.94e-09	2.29e-09
 2.80980e+23	4.54e-02	8.01e-01	1.53e-01	6.21e-04	4.52e-05	0.00e+00	0.00e+00	0.00e+00	0.00e+00	4.54e-02	2.44e-09	2.87e-09
 2.82236e+23	5.51e-02	8.21e-01	1.24e-01	4.22e-04	3.43e-05	0.00e+00	0.00e+00	0.00e+00	0.00e+00	5.51e-02	3.04e-09	3.58e-09
 2.83396e+23	6.73e-02	8.34e-01	9.87e-02	2.84e-04	2.55e-05	0.00e+00	0.00e+00	0.00e+00	0.00e+00	6.73e-02	3.80e-09	4.47e-09
 2.84463e+23	8.16e-02	8.40e-01	7.79e-02	1.92e-04	1.89e-05	0.00e+00	0.00e+00	0.00e+00	0.00e+00	8.16e-02	4.70e-09	5.52e-09
 2.85445e+23	9.92e-02	8.40e-01	6.05e-02	1.30e-04	1.37e-05	0.00e+00	0.00e+00	0.00e+00	0.00e+00	9.92e-02	5.80e-09	6.81e-09
 2.86337e+23	1.20e-01	8.33e-01	4.67e-02	8.98e-05	9.91e-06	0.00e+00	0.00e+00	0.00e+00	0.00e+00	1.20e-01	7.08e-09	8.31e-09
 2.87124e+23	1.43e-01	8.21e-01	3.61e-02	6.36e-05	7.17e-06	0.00e+00	0.00e+00	0.00e+00	0.00e+00	1.43e-01	8.50e-09	9.96e-09
 2.87828e+23	1.69e-01	8.03e-01	2.80e-02	4.61e-05	5.19e-06	0.00e+00	0.00e+00	0.00e+00	0.00e+00	1.69e-01	1.01e-08	1.18e-08
 2.88468e+23	1.98e-01	7.80e-01	2.16e-02	3.40e-05	3.73e-06	0.00e+00	0.00e+00	0.00e+00	0.00e+00	1.98e-01	1.17e-08	1.37e-08
 2.89046e+23	2.29e-01	7.54e-01	1.69e-02	2.59e-05	2.73e-06	0.00e+00	0.00e+00	0.00e+00	0.00e+00	2.29e-01	1.34e-08	1.57e-08
 2.89586e+23	2.63e-01	7.24e-01	1.31e-02	1.99e-05	1.97e-06	0.00e+00	0.00e+00	0.00e+00	0.00e+00	2.63e-01	1.52e-08	1.77e-08
 2.90099e+23	3.00e-01	6.90e-01	1.01e-02	1.54e-05	1.42e-06	0.00e+00	0.00e+00	0.00e+00	0.00e+00	3.00e-01	1.69e-08	1.98e-08
 2.90571e+23	3.38e-01	6.54e-01	7.89e-03	1.22e-05	1.03e-06	0.00e+00	0.00e+00	0.00e+00	0.00e+00	3.38e-01	1.86e-08	2.17e-08
 2.90997e+23	3.76e-01	6.18e-01	6.24e-03	9.84e-06	7.63e-07	0.00e+00	0.00e+00	0.00e+00	0.00e+00	3.76e-01	2.01e-08	2.34e-08
 2.91368e+23	4.10e-01	5.85e-01	5.04e-03	8.18e-06	5.82e-07	0.00e+00	0.00e+00	0.00e+00	0.00e+00	4.10e-01	2.13e-08	2.48e-08
 2.91688e+23	4.41e-01	5.55e-01	4.18e-03	6.98e-06	4.60e-07	0.00e+00	0.00e+00	0.00e+00	0.00e+00	4.41e-01	2.22e-08	2.58e-08
 2.91942e+23	4.65e-01	5.31e-01	3.61e-03	6.19e-06	3.82e-07	0.00e+00	0.00e+00	0.00e+00	0.00e+00	4.65e-01	2.28e-08	2.65e-08
 2.92144e+23	4.85e-01	5.12e-01	3.20e-03	5.62e-06	3.28e-07	0.00e+00	0.00e+00	0.00e+00	0.00e+00	4.85e-01	2.33e-08	2.71e-08
 2.92358e+23	5.06e-01	4.91e-01	2.81e-03	5.07e-06	2.79e-07	0.00e+00	0.00e+00	0.00e+00	0.00e+00	5.06e-01	2.37e-08	2.76e-08
 2.92604e+23	5.30e-01	4.68e-01	2.41e-03	4.50e-06	2.31e-07	0.00e+00	0.00e+00	0.00e+00	0.00e+00	5.30e-01	2.41e-08	2.80e-08
 2.92868e+23	5.55e-01	4.43e-01	2.06e-03	3.99e-06	1.89e-07	0.00e+00	0.00e+00	0.00e+00	0.00e+00	5.55e-01	2.45e-08	2.84e-08
 2.93121e+23	5.77e-01	4.21e-01	1.77e-03	3.57e-06	1.58e-07	0.00e+00	0.00e+00	0.00e+00	0.00e+00	5.77e-01	2.47e-08	2.87e-08
 2.93348e+23	5.97e-01	4.02e-01	1.55e-03	3.24e-06	1.34e-07	0.00e+00	0.00e+00	0.00e+00	0.00e+00	5.97e-01	2.49e-08	2.88e-08
 2.93523e+23	6.11e-01	3.87e-01	1.40e-03	3.02e-06	0.00e+00	0.00e+00	0.00e+00	0.00e+00	0.00e+00	6.11e-01	2.49e-08	2.89e-08
 2.93650e+23	6.21e-01	3.77e-01	1.30e-03	2.87e-06	0.00e+00	0.00e+00	0.00e+00	0.00e+00	0.00e+00	6.21e-01	2.49e-08	2.89e-08
 2.93778e+23	6.31e-01	3.68e-01	1.21e-03	2.73e-06	0.00e+00	0.00e+00	0.00e+00	0.00e+00	0.00e+00	6.31e-01	2.50e-08	2.89e-08
 2.93933e+23	6.43e-01	3.56e-01	1.11e-03	2.56e-06	0.00e+00	0.00e+00	0.00e+00	0.00e+00	0.00e+00	6.43e-01	2.50e-08	2.89e-08
 2.94104e+23	6.56e-01	3.43e-01	1.00e-03	2.39e-06	0.00e+00	0.00e+00	0.00e+00	0.00e+00	0.00e+00	6.56e-01	2.49e-08	2.89e-08
 2.94266e+23	6.67e-01	3.32e-01	9.18e-04	2.26e-06	0.00e+00	0.00e+00	0.00e+00	0.00e+00	0.00e+00	6.67e-01	2.49e-08	2.88e-08
 2.94425e+23	6.78e-01	3.21e-01	8.40e-04	2.13e-06	0.00e+00	0.00e+00	0.00e+00	0.00e+00	0.00e+00	6.78e-01	2.48e-08	2.87e-08
 2.94590e+23	6.89e-01	3.10e-01	7.67e-04	2.00e-06	0.00e+00	0.00e+00	0.00e+00	0.00e+00	0.00e+00	6.89e-01	2.47e-08	2.86e-08
 2.94760e+23	7.00e-01	3.00e-01	6.99e-04	1.89e-06	0.00e+00	0.00e+00	0.00e+00	0.00e+00	0.00e+00	7.00e-01	2.46e-08	2.85e-08
 2.94933e+23	7.10e-01	2.89e-01	6.37e-04	1.78e-06	0.00e+00	0.00e+00	0.00e+00	0.00e+00	0.00e+00	7.10e-01	2.45e-08	2.83e-08
 2.95111e+23	7.20e-01	2.79e-01	5.80e-04	1.68e-06	0.00e+00	0.00e+00	0.00e+00	0.00e+00	0.00e+00	7.20e-01	2.44e-08	2.82e-08
 2.95295e+23	7.30e-01	2.69e-01	5.27e-04	1.58e-06	0.00e+00	0.00e+00	0.00e+00	0.00e+00	0.00e+00	7.30e-01	2.42e-08	2.80e-08
 2.95483e+23	7.40e-01	2.59e-01	4.78e-04	1.49e-06	0.00e+00	0.00e+00	0.00e+00	0.00e+00	0.00e+00	7.40e-01	2.41e-08	2.78e-08
 2.95675e+23	7.50e-01	2.50e-01	4.34e-04	1.40e-06	0.00e+00	0.00e+00	0.00e+00	0.00e+00	0.00e+00	7.50e-01	2.39e-08	2.76e-08
 2.95871e+23	7.59e-01	2.41e-01	3.94e-04	1.32e-06	0.00e+00	0.00e+00	0.00e+00	0.00e+00	0.00e+00	7.59e-01	2.37e-08	2.74e-08
 2.96076e+23	7.68e-01	2.32e-01	3.56e-04	1.25e-06	0.00e+00	0.00e+00	0.00e+00	0.00e+00	0.00e+00	7.68e-01	2.35e-08	2.71e-08
 2.96286e+23	7.77e-01	2.23e-01	3.22e-04	1.17e-06	0.00e+00	0.00e+00	0.00e+00	0.00e+00	0.00e+00	7.77e-01	2.33e-08	2.69e-08
 2.96501e+23	7.85e-01	2.14e-01	2.92e-04	1.11e-06	0.00e+00	0.00e+00	0.00e+00	0.00e+00	0.00e+00	7.85e-01	2.31e-08	2.66e-08
 2.96722e+23	7.94e-01	2.06e-01	2.64e-04	1.04e-06	0.00e+00	0.00e+00	0.00e+00	0.00e+00	0.00e+00	7.94e-01	2.29e-08	2.64e-08
 2.96951e+23	8.02e-01	1.98e-01	2.38e-04	9.82e-07	0.00e+00	0.00e+00	0.00e+00	0.00e+00	0.00e+00	8.02e-01	2.27e-08	2.61e-08
 2.97188e+23	8.10e-01	1.90e-01	2.15e-04	9.26e-07	0.00e+00	0.00e+00	0.00e+00	0.00e+00	0.00e+00	8.10e-01	2.25e-08	2.59e-08
 2.97430e+23	8.17e-01	1.83e-01	1.95e-04	8.73e-07	0.00e+00	0.00e+00	0.00e+00	0.00e+00	0.00e+00	8.17e-01	2.23e-08	2.56e-08
 2.97681e+23	8.24e-01	1.75e-01	1.76e-04	8.23e-07	0.00e+00	0.00e+00	0.00e+00	0.00e+00	0.00e+00	8.24e-01	2.21e-08	2.54e-08
 2.97942e+23	8.32e-01	1.68e-01	1.59e-04	7.75e-07	0.00e+00	0.00e+00	0.00e+00	0.00e+00	0.00e+00	8.32e-01	2.18e-08	2.51e-08
 2.98213e+23	8.38e-01	1.61e-01	1.44e-04	7.30e-07	0.00e+00	0.00e+00	0.00e+00	0.00e+00	0.00e+00	8.38e-01	2.16e-08	2.48e-08
 2.98493e+23	8.45e-01	1.55e-01	1.31e-04	6.88e-07	0.00e+00	0.00e+00	0.00e+00	0.00e+00	0.00e+00	8.45e-01	2.14e-08	2.46e-08
 2.98782e+23	8.51e-01	1.49e-01	1.19e-04	6.49e-07	0.00e+00	0.00e+00	0.00e+00	0.00e+00	0.00e+00	8.51e-01	2.12e-08	2.44e-08
 2.99078e+23	8.57e-01	1.43e-01	1.08e-04	6.13e-07	0.00e+00	0.00e+00	0.00e+00	0.00e+00	0.00e+00	8.57e-01	2.10e-08	2.41e-08
 2.99383e+23	8.63e-01	1.37e-01	9.92e-05	5.80e-07	0.00e+00	0.00e+00	0.00e+00	0.00e+00	0.00e+00	8.63e-01	2.08e-08	2.38e-08
 2.99694e+23	8.68e-01	1.32e-01	9.10e-05	5.48e-07	0.00e+00	0.00e+00	0.00e+00	0.00e+00	0.00e+00	8.68e-01	2.06e-08	2.35e-08
 3.00020e+23	8.73e-01	1.27e-01	8.38e-05	5.18e-07	0.00e+00	0.00e+00	0.00e+00	0.00e+00	0.00e+00	8.73e-01	2.04e-08	2.32e-08
 3.00359e+23	8.78e-01	1.22e-01	7.74e-05	4.90e-07	0.00e+00	0.00e+00	0.00e+00	0.00e+00	0.00e+00	8.78e-01	2.02e-08	2.29e-08
 3.00706e+23	8.83e-01	1.17e-01	7.19e-05	4.65e-07	0.00e+00	0.00e+00	0.00e+00	0.00e+00	0.00e+00	8.83e-01	2.01e-08	2.26e-08
 3.01061e+23	8.87e-01	1.13e-01	6.71e-05	4.41e-07	0.00e+00	0.00e+00	0.00e+00	0.00e+00	0.00e+00	8.87e-01	1.99e-08	2.23e-08
 3.01435e+23	8.91e-01	1.09e-01	6.27e-05	4.18e-07	0.00e+00	0.00e+00	0.00e+00	0.00e+00	0.00e+00	8.91e-01	1.97e-08	2.20e-08
 3.01833e+23	8.95e-01	1.05e-01	5.89e-05	3.97e-07	0.00e+00	0.00e+00	0.00e+00	0.00e+00	0.00e+00	8.95e-01	1.96e-08	2.18e-08
 3.02245e+23	8.99e-01	1.01e-01	5.55e-05	3.77e-07	0.00e+00	0.00e+00	0.00e+00	0.00e+00	0.00e+00	8.99e-01	1.95e-08	2.15e-08
 3.02673e+23	9.03e-01	9.74e-02	5.25e-05	3.58e-07	0.00e+00	0.00e+00	0.00e+00	0.00e+00	0.00e+00	9.03e-01	1.94e-08	2.13e-08
 3.03128e+23	9.06e-01	9.40e-02	4.98e-05	3.39e-07	0.00e+00	0.00e+00	0.00e+00	0.00e+00	0.00e+00	9.06e-01	1.93e-08	2.11e-08
 3.03612e+23	9.09e-01	9.05e-02	4.74e-05	3.22e-07	0.00e+00	0.00e+00	0.00e+00	0.00e+00	0.00e+00	9.09e-01	1.92e-08	2.09e-08
 3.04118e+23	9.13e-01	8.73e-02	4.52e-05	3.05e-07	0.00e+00	0.00e+00	0.00e+00	0.00e+00	0.00e+00	9.13e-01	1.91e-08	2.07e-08
 3.04637e+23	9.16e-01	8.41e-02	4.34e-05	2.89e-07	0.00e+00	0.00e+00	0.00e+00	0.00e+00	0.00e+00	9.16e-01	1.91e-08	2.05e-08
 3.05139e+23	9.18e-01	8.15e-02	4.19e-05	2.75e-07	0.00e+00	0.00e+00	0.00e+00	0.00e+00	0.00e+00	9.18e-01	1.90e-08	2.03e-08
 3.05621e+23	9.21e-01	7.91e-02	4.06e-05	2.63e-07	0.00e+00	0.00e+00	0.00e+00	0.00e+00	0.00e+00	9.21e-01	1.90e-08	2.02e-08
 3.06093e+23	9.23e-01	7.68e-02	3.95e-05	2.52e-07	0.00e+00	0.00e+00	0.00e+00	0.00e+00	0.00e+00	9.23e-01	1.89e-08	2.01e-08
 3.06557e+23	9.25e-01	7.47e-02	3.85e-05	2.42e-07	0.00e+00	0.00e+00	0.00e+00	0.00e+00	0.00e+00	9.25e-01	1.89e-08	2.00e-08
 3.07010e+23	9.27e-01	7.26e-02	3.76e-05	2.32e-07	0.00e+00	0.00e+00	0.00e+00	0.00e+00	0.00e+00	9.27e-01	1.89e-08	1.98e-08
 3.07444e+23	9.29e-01	7.07e-02	3.68e-05	2.23e-07	0.00e+00	0.00e+00	0.00e+00	0.00e+00	0.00e+00	9.29e-01	1.88e-08	1.97e-08
 3.07858e+23	9.31e-01	6.89e-02	3.62e-05	2.15e-07	0.00e+00	0.00e+00	0.00e+00	0.00e+00	0.00e+00	9.31e-01	1.88e-08	1.96e-08
 3.08247e+23	9.33e-01	6.72e-02	3.56e-05	2.07e-07	0.00e+00	0.00e+00	0.00e+00	0.00e+00	0.00e+00	9.33e-01	1.88e-08	1.95e-08
 3.08500e+23	9.34e-01	6.62e-02	3.53e-05	2.04e-07	0.00e+00	0.00e+00	0.00e+00	0.00e+00	0.00e+00	9.34e-01	1.87e-08	1.94e-08
