#depth	H	H+	H2
 4.62852e+21	1.95e-07	1.00e+00	3.47e-31
 1.02379e+22	3.69e-07	1.00e+00	1.19e-30
 1.16346e+22	5.49e-07	1.00e+00	4.62e-30
 1.22586e+22	6.77e-07	1.00e+00	9.08e-30
 1.25185e+22	7.12e-07	1.00e+00	1.07e-29
 1.26120e+22	7.42e-07	1.00e+00	1.22e-29
 1.27024e+22	7.77e-07	1.00e+00	1.41e-29
 1.27951e+22	8.09e-07	1.00e+00	1.60e-29
 1.28903e+22	8.48e-07	1.00e+00	1.85e-29
 1.29878e+22	8.84e-07	1.00e+00	2.11e-29
 1.30895e+22	9.27e-07	1.00e+00	2.45e-29
 1.31941e+22	9.66e-07	1.00e+00	2.80e-29
 1.33025e+22	1.01e-06	1.00e+00	3.26e-29
 1.34142e+22	1.06e-06	1.00e+00	3.71e-29
 1.35322e+22	1.11e-06	1.00e+00	4.34e-29
 1.36511e+22	1.16e-06	1.00e+00	4.92e-29
 1.37732e+22	1.21e-06	1.00e+00	5.77e-29
 1.38982e+22	1.26e-06	1.00e+00	6.55e-29
 1.40270e+22	1.33e-06	1.00e+00	7.69e-29
 1.41519e+22	1.37e-06	1.00e+00	8.59e-29
 1.42718e+22	1.44e-06	1.00e+00	9.92e-29
 1.43950e+22	1.49e-06	1.00e+00	1.11e-28
 1.45222e+22	1.56e-06	1.00e+00	1.29e-28
 1.46509e+22	1.61e-06	1.00e+00	1.44e-28
 1.47640e+22	1.67e-06	1.00e+00	1.61e-28
 1.48935e+22	1.75e-06	1.00e+00	1.86e-28
 1.50226e+22	1.80e-06	1.00e+00	2.07e-28
 1.51513e+22	1.88e-06	1.00e+00	2.36e-28
 1.52836e+22	1.94e-06	1.00e+00	2.63e-28
 1.54206e+22	2.03e-06	1.00e+00	3.04e-28
 1.55578e+22	2.09e-06	1.00e+00	3.37e-28
 1.56953e+22	2.19e-06	1.00e+00	4.36e-28
 1.58353e+22	2.25e-06	1.00e+00	4.82e-28
 1.59583e+22	2.32e-06	1.00e+00	5.33e-28
 1.60977e+22	2.42e-06	1.00e+00	6.08e-28
 1.62365e+22	2.48e-06	1.00e+00	6.65e-28
 1.63747e+22	2.59e-06	1.00e+00	7.58e-28
 1.65149e+22	2.66e-06	1.00e+00	8.30e-28
 1.66575e+22	2.76e-06	1.00e+00	9.41e-28
 1.68050e+22	2.83e-06	1.00e+00	1.04e-27
 1.69587e+22	2.95e-06	1.00e+00	1.19e-27
 1.71149e+22	3.03e-06	1.00e+00	1.31e-27
 1.72743e+22	3.15e-06	1.00e+00	1.50e-27
 1.74392e+22	3.24e-06	1.00e+00	1.67e-27
 1.76111e+22	3.37e-06	1.00e+00	1.92e-27
 1.77886e+22	3.47e-06	1.00e+00	2.14e-27
 1.79733e+22	3.62e-06	1.00e+00	2.49e-27
 1.81585e+22	3.73e-06	1.00e+00	2.78e-27
 1.83444e+22	3.88e-06	1.00e+00	3.22e-27
 1.85382e+22	4.00e-06	1.00e+00	3.63e-27
 1.87422e+22	4.20e-06	1.00e+00	4.29e-27
 1.89462e+22	4.33e-06	1.00e+00	4.82e-27
 1.91501e+22	4.55e-06	1.00e+00	5.69e-27
 1.93570e+22	4.71e-06	1.00e+00	6.44e-27
 1.95314e+22	4.87e-06	1.00e+00	7.22e-27
 1.97216e+22	5.11e-06	1.00e+00	8.43e-27
 1.99112e+22	5.30e-06	1.00e+00	9.43e-27
 2.01001e+22	5.58e-06	1.00e+00	1.10e-26
 2.02902e+22	5.80e-06	1.00e+00	1.26e-26
 2.04821e+22	6.14e-06	1.00e+00	1.47e-26
 2.06751e+22	6.41e-06	1.00e+00	1.66e-26
 2.08696e+22	6.82e-06	1.00e+00	1.94e-26
 2.10665e+22	7.17e-06	1.00e+00	2.20e-26
 2.12666e+22	7.69e-06	1.00e+00	2.60e-26
 2.14688e+22	8.14e-06	1.00e+00	2.95e-26
 2.16722e+22	8.79e-06	1.00e+00	3.48e-26
 2.18651e+22	9.26e-06	1.00e+00	3.89e-26
 2.20461e+22	9.99e-06	1.00e+00	4.51e-26
 2.22308e+22	1.06e-05	1.00e+00	5.08e-26
 2.24114e+22	1.15e-05	1.00e+00	5.81e-26
 2.25962e+22	1.23e-05	1.00e+00	6.52e-26
 2.27731e+22	1.32e-05	1.00e+00	7.36e-26
 2.29515e+22	1.42e-05	1.00e+00	8.27e-26
 2.31260e+22	1.53e-05	1.00e+00	9.27e-26
 2.32980e+22	1.64e-05	1.00e+00	1.04e-25
 2.34683e+22	1.76e-05	1.00e+00	1.16e-25
 2.36378e+22	1.90e-05	1.00e+00	1.30e-25
 2.38072e+22	2.04e-05	1.00e+00	1.45e-25
 2.39771e+22	2.19e-05	1.00e+00	1.62e-25
 2.41482e+22	2.36e-05	1.00e+00	1.83e-25
 2.43214e+22	2.53e-05	1.00e+00	2.07e-25
 2.44972e+22	2.72e-05	1.00e+00	2.36e-25
 2.46762e+22	2.93e-05	1.00e+00	2.70e-25
 2.48558e+22	3.14e-05	1.00e+00	3.10e-25
 2.50397e+22	3.38e-05	1.00e+00	3.25e-25
 2.52250e+22	3.62e-05	1.00e+00	3.79e-25
 2.54156e+22	3.89e-05	1.00e+00	4.50e-25
 2.55944e+22	4.12e-05	1.00e+00	5.18e-25
 2.57763e+22	4.44e-05	1.00e+00	6.29e-25
 2.59607e+22	4.68e-05	1.00e+00	7.30e-25
 2.61484e+22	5.03e-05	1.00e+00	8.98e-25
 2.63401e+22	5.31e-05	1.00e+00	1.06e-24
 2.65369e+22	5.71e-05	1.00e+00	1.32e-24
 2.67366e+22	6.02e-05	1.00e+00	1.57e-24
 2.69401e+22	6.46e-05	1.00e+00	1.98e-24
 2.71453e+22	6.81e-05	1.00e+00	2.36e-24
 2.73525e+22	7.30e-05	1.00e+00	3.00e-24
 2.75622e+22	7.68e-05	1.00e+00	3.60e-24
 2.77751e+22	8.22e-05	1.00e+00	4.59e-24
 2.79916e+22	8.65e-05	1.00e+00	5.55e-24
 2.82127e+22	9.26e-05	1.00e+00	7.14e-24
 2.84382e+22	9.75e-05	1.00e+00	8.69e-24
 2.86693e+22	1.04e-04	1.00e+00	1.13e-23
 2.89056e+22	1.10e-04	1.00e+00	1.38e-23
 2.91049e+22	1.15e-04	1.00e+00	1.66e-23
 2.93201e+22	1.22e-04	1.00e+00	2.10e-23
 2.95377e+22	1.28e-04	1.00e+00	2.52e-23
 2.97282e+22	1.34e-04	1.00e+00	3.02e-23
 2.99456e+22	1.42e-04	1.00e+00	3.83e-23
 3.01618e+22	1.48e-04	1.00e+00	4.53e-23
 3.03765e+22	1.57e-04	1.00e+00	5.73e-23
 3.05921e+22	1.63e-04	1.00e+00	6.78e-23
 3.08090e+22	1.73e-04	1.00e+00	8.56e-23
 3.10296e+22	1.80e-04	1.00e+00	1.02e-22
 3.12551e+22	1.90e-04	1.00e+00	1.29e-22
 3.14840e+22	1.98e-04	1.00e+00	1.54e-22
 3.17173e+22	2.10e-04	1.00e+00	1.97e-22
 3.19551e+22	2.19e-04	1.00e+00	2.37e-22
 3.21986e+22	2.33e-04	1.00e+00	3.05e-22
 3.24477e+22	2.43e-04	1.00e+00	3.69e-22
 3.27039e+22	2.58e-04	1.00e+00	4.80e-22
 3.29627e+22	2.70e-04	1.00e+00	5.83e-22
 3.32250e+22	2.87e-04	1.00e+00	7.60e-22
 3.34907e+22	3.00e-04	1.00e+00	9.27e-22
 3.37186e+22	3.13e-04	1.00e+00	1.12e-21
 3.39727e+22	3.31e-04	1.00e+00	1.44e-21
 3.42297e+22	3.46e-04	1.00e+00	1.70e-21
 3.44440e+22	3.60e-04	1.00e+00	2.03e-21
 3.46761e+22	3.78e-04	1.00e+00	2.53e-21
 3.49150e+22	3.94e-04	1.00e+00	3.05e-21
 3.51284e+22	4.10e-04	1.00e+00	3.65e-21
 3.53713e+22	4.30e-04	1.00e+00	4.59e-21
 3.56216e+22	4.50e-04	1.00e+00	5.61e-21
 3.58444e+22	4.69e-04	1.00e+00	6.76e-21
 3.60967e+22	4.93e-04	1.00e+00	8.59e-21
 3.63592e+22	5.16e-04	9.99e-01	1.06e-20
 3.65959e+22	5.38e-04	9.99e-01	1.30e-20
 3.68646e+22	5.67e-04	9.99e-01	1.68e-20
 3.71419e+22	5.95e-04	9.99e-01	2.11e-20
 3.73894e+22	6.22e-04	9.99e-01	2.61e-20
 3.76702e+22	6.57e-04	9.99e-01	3.42e-20
 3.79593e+22	6.89e-04	9.99e-01	4.38e-20
 3.82175e+22	7.21e-04	9.99e-01	5.49e-20
 3.85112e+22	7.63e-04	9.99e-01	7.34e-20
 3.88090e+22	8.02e-04	9.99e-01	9.59e-20
 3.90705e+22	8.39e-04	9.99e-01	1.20e-19
 3.93688e+22	8.88e-04	9.99e-01	1.65e-19
 3.96739e+22	9.32e-04	9.99e-01	2.24e-19
 3.99453e+22	9.77e-04	9.99e-01	2.90e-19
 4.02554e+22	1.04e-03	9.99e-01	4.09e-19
 4.05723e+22	1.09e-03	9.99e-01	5.83e-19
 4.08531e+22	1.14e-03	9.99e-01	7.74e-19
 4.11734e+22	1.21e-03	9.99e-01	1.14e-18
 4.14913e+22	1.27e-03	9.99e-01	1.73e-18
 4.17626e+22	1.33e-03	9.99e-01	2.36e-18
 4.20720e+22	1.41e-03	9.99e-01	3.60e-18
 4.23873e+22	1.48e-03	9.99e-01	5.57e-18
 4.26679e+22	1.55e-03	9.98e-01	8.89e-18
 4.29402e+22	1.62e-03	9.98e-01	1.36e-17
 4.32442e+22	1.72e-03	9.98e-01	3.26e-17
 4.35506e+22	1.79e-03	9.98e-01	5.57e-17
 4.38601e+22	1.90e-03	9.98e-01	1.55e-16
 4.41428e+22	1.96e-03	9.98e-01	4.26e-16
 4.43909e+22	2.05e-03	9.98e-01	1.17e-15
 4.46442e+22	2.13e-03	9.98e-01	2.88e-15
 4.48701e+22	2.21e-03	9.98e-01	1.06e-14
 4.51297e+22	2.31e-03	9.98e-01	7.09e-14
 4.53913e+22	2.40e-03	9.98e-01	1.66e-13
 4.56557e+22	2.51e-03	9.97e-01	2.70e-13
 4.59237e+22	2.61e-03	9.97e-01	3.49e-13
 4.61965e+22	2.73e-03	9.97e-01	4.42e-13
 4.64719e+22	2.84e-03	9.97e-01	5.31e-13
 4.67509e+22	2.97e-03	9.97e-01	6.58e-13
 4.70338e+22	3.09e-03	9.97e-01	7.82e-13
 4.73216e+22	3.24e-03	9.97e-01	9.62e-13
 4.76132e+22	3.37e-03	9.97e-01	1.14e-12
 4.79097e+22	3.54e-03	9.96e-01	1.39e-12
 4.82094e+22	3.69e-03	9.96e-01	1.64e-12
 4.85133e+22	3.88e-03	9.96e-01	2.01e-12
 4.88222e+22	4.04e-03	9.96e-01	2.34e-12
 4.91379e+22	4.25e-03	9.96e-01	2.84e-12
 4.94639e+22	4.44e-03	9.96e-01	3.35e-12
 4.97237e+22	4.58e-03	9.95e-01	3.78e-12
 4.99815e+22	4.78e-03	9.95e-01	4.39e-12
 5.02425e+22	4.93e-03	9.95e-01	4.93e-12
 5.05077e+22	5.14e-03	9.95e-01	5.69e-12
 5.07784e+22	5.32e-03	9.95e-01	6.41e-12
 5.10564e+22	5.56e-03	9.94e-01	7.47e-12
 5.13344e+22	5.75e-03	9.94e-01	8.39e-12
 5.16124e+22	6.00e-03	9.94e-01	9.66e-12
 5.18977e+22	6.21e-03	9.94e-01	1.09e-11
 5.21926e+22	6.51e-03	9.93e-01	1.26e-11
 5.24897e+22	6.73e-03	9.93e-01	1.40e-11
 5.27897e+22	7.06e-03	9.93e-01	1.62e-11
 5.30703e+22	7.24e-03	9.93e-01	1.77e-11
 5.32696e+22	7.41e-03	9.93e-01	1.90e-11
 5.34727e+22	7.64e-03	9.92e-01	2.08e-11
 5.36997e+22	7.85e-03	9.92e-01	2.27e-11
 5.39580e+22	8.18e-03	9.92e-01	2.57e-11
 5.41848e+22	8.32e-03	9.92e-01	2.72e-11
 5.43708e+22	8.56e-03	9.91e-01	2.95e-11
 5.46125e+22	8.87e-03	9.91e-01	3.27e-11
 5.48817e+22	9.17e-03	9.91e-01	3.62e-11
 5.51094e+22	9.38e-03	9.91e-01	3.88e-11
 5.53284e+22	9.71e-03	9.90e-01	4.27e-11
 5.56131e+22	1.01e-02	9.90e-01	4.84e-11
 5.59021e+22	1.05e-02	9.90e-01	5.31e-11
 5.61968e+22	1.09e-02	9.89e-01	6.02e-11
 5.65798e+22	1.17e-02	9.88e-01	7.24e-11
 5.69480e+22	1.21e-02	9.88e-01	7.99e-11
 5.72970e+22	1.28e-02	9.87e-01	9.37e-11
 5.76618e+22	1.34e-02	9.87e-01	1.07e-10
 5.80470e+22	1.43e-02	9.86e-01	1.28e-10
 5.84350e+22	1.51e-02	9.85e-01	1.48e-10
 5.88266e+22	1.62e-02	9.84e-01	1.80e-10
 5.92186e+22	1.72e-02	9.83e-01	2.11e-10
 5.95167e+22	1.79e-02	9.82e-01	2.34e-10
 5.98098e+22	1.92e-02	9.81e-01	2.81e-10
 6.00983e+22	2.02e-02	9.80e-01	3.19e-10
 6.03807e+22	2.17e-02	9.78e-01	3.82e-10
 6.06702e+22	2.31e-02	9.77e-01	4.48e-10
 6.09259e+22	2.47e-02	9.75e-01	5.30e-10
 6.12155e+22	2.70e-02	9.73e-01	6.57e-10
 6.15124e+22	2.93e-02	9.71e-01	8.06e-10
 6.17724e+22	3.19e-02	9.68e-01	9.89e-10
 6.20638e+22	3.57e-02	9.64e-01	1.30e-09
 6.23698e+22	4.02e-02	9.60e-01	1.71e-09
 6.26464e+22	4.53e-02	9.55e-01	2.27e-09
 6.29165e+22	5.15e-02	9.48e-01	3.06e-09
 6.31819e+22	5.91e-02	9.41e-01	4.21e-09
 6.34326e+22	6.81e-02	9.32e-01	5.82e-09
 6.35927e+22	7.38e-02	9.26e-01	6.94e-09
 6.36559e+22	7.67e-02	9.23e-01	7.61e-09
 6.37040e+22	7.91e-02	9.21e-01	8.17e-09
 6.37611e+22	8.20e-02	9.18e-01	8.86e-09
 6.38309e+22	8.59e-02	9.14e-01	9.84e-09
 6.39029e+22	9.00e-02	9.10e-01	1.09e-08
 6.39688e+22	9.41e-02	9.06e-01	1.21e-08
 6.40302e+22	9.80e-02	9.02e-01	1.33e-08
 6.40907e+22	1.02e-01	8.98e-01	1.47e-08
 6.41519e+22	1.07e-01	8.93e-01	1.61e-08
 6.42140e+22	1.12e-01	8.88e-01	1.79e-08
 6.42745e+22	1.17e-01	8.83e-01	1.98e-08
 6.43317e+22	1.22e-01	8.78e-01	2.18e-08
 6.43886e+22	1.27e-01	8.73e-01	2.41e-08
 6.44458e+22	1.33e-01	8.67e-01	2.66e-08
 6.45020e+22	1.38e-01	8.62e-01	2.91e-08
 6.45600e+22	1.45e-01	8.55e-01	3.24e-08
 6.46172e+22	1.51e-01	8.49e-01	3.56e-08
 6.46724e+22	1.58e-01	8.42e-01	3.96e-08
 6.47265e+22	1.64e-01	8.36e-01	4.33e-08
 6.47807e+22	1.71e-01	8.29e-01	4.80e-08
 6.48358e+22	1.79e-01	8.21e-01	5.34e-08
 6.48877e+22	1.87e-01	8.13e-01	5.87e-08
 6.49386e+22	1.94e-01	8.06e-01	6.39e-08
 6.49938e+22	2.03e-01	7.97e-01	7.13e-08
 6.50497e+22	2.12e-01	7.88e-01	7.95e-08
 6.51004e+22	2.21e-01	7.79e-01	8.73e-08
 6.51500e+22	2.29e-01	7.71e-01	9.48e-08
 6.52049e+22	2.39e-01	7.61e-01	1.06e-07
 6.52611e+22	2.50e-01	7.50e-01	1.18e-07
 6.53114e+22	2.60e-01	7.40e-01	1.30e-07
 6.53604e+22	2.68e-01	7.32e-01	1.40e-07
 6.54164e+22	2.80e-01	7.20e-01	1.56e-07
 6.54753e+22	2.93e-01	7.07e-01	1.74e-07
 6.55286e+22	3.04e-01	6.96e-01	1.93e-07
 6.55789e+22	3.15e-01	6.85e-01	2.10e-07
 6.56324e+22	3.27e-01	6.73e-01	2.31e-07
 6.56888e+22	3.40e-01	6.60e-01	2.56e-07
 6.57438e+22	3.53e-01	6.47e-01	2.83e-07
 6.57973e+22	3.65e-01	6.35e-01	3.08e-07
 6.58538e+22	3.79e-01	6.21e-01	3.40e-07
 6.59132e+22	3.93e-01	6.07e-01	3.76e-07
 6.59711e+22	4.06e-01	5.94e-01	4.14e-07
 6.60286e+22	4.20e-01	5.79e-01	4.57e-07
 6.60864e+22	4.34e-01	5.66e-01	4.98e-07
 6.61469e+22	4.49e-01	5.51e-01	5.52e-07
 6.62090e+22	4.63e-01	5.37e-01	6.01e-07
 6.62730e+22	4.78e-01	5.22e-01	6.64e-07
 6.63393e+22	4.93e-01	5.07e-01	7.32e-07
 6.64043e+22	5.07e-01	4.93e-01	8.01e-07
 6.64707e+22	5.22e-01	4.78e-01	8.77e-07
 6.65407e+22	5.37e-01	4.63e-01	9.62e-07
 6.66072e+22	5.50e-01	4.50e-01	1.04e-06
 6.66671e+22	5.62e-01	4.38e-01	1.12e-06
 6.67275e+22	5.73e-01	4.27e-01	1.21e-06
 6.67929e+22	5.86e-01	4.14e-01	1.30e-06
 6.68612e+22	5.99e-01	4.01e-01	1.41e-06
 6.69288e+22	6.10e-01	3.90e-01	1.51e-06
 6.69972e+22	6.22e-01	3.78e-01	1.63e-06
 6.70679e+22	6.33e-01	3.67e-01	1.74e-06
 6.71415e+22	6.45e-01	3.55e-01	1.88e-06
 6.72177e+22	6.57e-01	3.43e-01	2.03e-06
 6.72939e+22	6.68e-01	3.32e-01	2.17e-06
 6.73719e+22	6.78e-01	3.22e-01	2.33e-06
 6.74544e+22	6.89e-01	3.11e-01	2.50e-06
 6.75408e+22	7.00e-01	3.00e-01	2.69e-06
 6.76290e+22	7.10e-01	2.90e-01	2.88e-06
 6.77197e+22	7.20e-01	2.80e-01	3.08e-06
 6.78158e+22	7.30e-01	2.70e-01	3.30e-06
 6.79173e+22	7.39e-01	2.61e-01	3.55e-06
 6.80229e+22	7.48e-01	2.52e-01	3.80e-06
 6.81337e+22	7.57e-01	2.43e-01	4.07e-06
 6.82521e+22	7.66e-01	2.34e-01	4.37e-06
 6.83787e+22	7.75e-01	2.25e-01	4.69e-06
 6.85123e+22	7.83e-01	2.17e-01	5.04e-06
 6.86524e+22	7.90e-01	2.10e-01	5.41e-06
 6.88001e+22	7.98e-01	2.02e-01	5.81e-06
 6.89567e+22	8.04e-01	1.96e-01	6.24e-06
 6.91214e+22	8.11e-01	1.89e-01	6.73e-06
 6.92947e+22	8.18e-01	1.82e-01	7.26e-06
 6.94764e+22	8.24e-01	1.76e-01	7.86e-06
 6.96618e+22	8.30e-01	1.70e-01	8.50e-06
 6.98488e+22	8.35e-01	1.65e-01	9.25e-06
 7.00324e+22	8.40e-01	1.60e-01	1.00e-05
 7.02124e+22	8.45e-01	1.55e-01	1.09e-05
 7.03926e+22	8.50e-01	1.50e-01	1.18e-05
 7.05704e+22	8.54e-01	1.45e-01	1.28e-05
 7.07444e+22	8.59e-01	1.41e-01	1.39e-05
 7.09184e+22	8.63e-01	1.37e-01	1.51e-05
 7.10894e+22	8.67e-01	1.33e-01	1.65e-05
 7.12528e+22	8.70e-01	1.29e-01	1.79e-05
 7.14120e+22	8.74e-01	1.26e-01	1.95e-05
 7.15685e+22	8.78e-01	1.22e-01	2.13e-05
 7.17218e+22	8.81e-01	1.19e-01	2.32e-05
 7.18708e+22	8.84e-01	1.16e-01	2.53e-05
 7.20151e+22	8.87e-01	1.13e-01	2.76e-05
 7.21567e+22	8.90e-01	1.10e-01	3.01e-05
 7.22975e+22	8.93e-01	1.07e-01	3.28e-05
 7.24370e+22	8.96e-01	1.04e-01	3.60e-05
 7.25716e+22	8.99e-01	1.01e-01	3.93e-05
 7.27019e+22	9.01e-01	9.86e-02	4.29e-05
 7.28291e+22	9.04e-01	9.61e-02	4.69e-05
 7.29506e+22	9.06e-01	9.37e-02	5.11e-05
 7.30643e+22	9.08e-01	9.15e-02	5.55e-05
 7.31714e+22	9.10e-01	8.95e-02	6.01e-05
 7.32737e+22	9.12e-01	8.75e-02	6.51e-05
 7.33536e+22	9.14e-01	8.62e-02	6.92e-05
 7.34016e+22	9.14e-01	8.57e-02	7.18e-05
 7.34343e+22	9.14e-01	8.55e-02	7.36e-05
 7.34659e+22	9.15e-01	8.51e-02	7.55e-05
 7.35017e+22	9.16e-01	8.43e-02	7.78e-05
 7.35386e+22	9.16e-01	8.35e-02	8.02e-05
 7.35740e+22	9.17e-01	8.28e-02	8.27e-05
 7.36084e+22	9.18e-01	8.22e-02	8.51e-05
 7.36429e+22	9.18e-01	8.15e-02	8.76e-05
 7.36784e+22	9.19e-01	8.08e-02	9.02e-05
 7.37144e+22	9.20e-01	8.01e-02	9.30e-05
 7.37497e+22	9.20e-01	7.94e-02	9.58e-05
 7.37846e+22	9.21e-01	7.87e-02	9.84e-05
 7.38211e+22	9.22e-01	7.80e-02	1.01e-04
 7.38602e+22	9.23e-01	7.71e-02	1.04e-04
 7.38991e+22	9.23e-01	7.64e-02	1.07e-04
 7.39375e+22	9.24e-01	7.57e-02	1.10e-04
 7.39767e+22	9.25e-01	7.49e-02	1.14e-04
 7.40153e+22	9.26e-01	7.42e-02	1.17e-04
 7.40542e+22	9.26e-01	7.35e-02	1.20e-04
 7.40948e+22	9.27e-01	7.26e-02	1.24e-04
 7.41349e+22	9.28e-01	7.20e-02	1.28e-04
 7.41749e+22	9.29e-01	7.11e-02	1.32e-04
 7.42158e+22	9.29e-01	7.05e-02	1.35e-04
 7.42579e+22	9.30e-01	6.96e-02	1.39e-04
 7.43012e+22	9.31e-01	6.87e-02	1.44e-04
 7.43416e+22	9.32e-01	6.79e-02	1.48e-04
 7.43777e+22	9.32e-01	6.75e-02	1.51e-04
 7.44173e+22	9.33e-01	6.67e-02	1.55e-04
 7.44600e+22	9.34e-01	6.59e-02	1.59e-04
 7.44988e+22	9.34e-01	6.52e-02	1.63e-04
 7.45405e+22	9.35e-01	6.44e-02	1.67e-04
 7.45848e+22	9.36e-01	6.36e-02	1.71e-04
 7.46251e+22	9.37e-01	6.28e-02	1.74e-04
 7.46618e+22	9.37e-01	6.24e-02	1.78e-04
 7.47020e+22	9.38e-01	6.17e-02	1.81e-04
 7.47454e+22	9.39e-01	6.08e-02	1.86e-04
 7.47849e+22	9.40e-01	6.01e-02	1.90e-04
 7.48208e+22	9.40e-01	5.97e-02	1.93e-04
 7.48602e+22	9.41e-01	5.90e-02	1.97e-04
 7.49027e+22	9.41e-01	5.82e-02	2.02e-04
 7.49414e+22	9.42e-01	5.75e-02	2.06e-04
 7.49766e+22	9.42e-01	5.71e-02	2.09e-04
 7.50151e+22	9.43e-01	5.65e-02	2.13e-04
 7.50568e+22	9.44e-01	5.57e-02	2.17e-04
 7.50947e+22	9.45e-01	5.50e-02	2.20e-04
 7.51292e+22	9.45e-01	5.47e-02	2.23e-04
 7.51669e+22	9.45e-01	5.41e-02	2.26e-04
 7.52077e+22	9.46e-01	5.34e-02	2.29e-04
 7.52524e+22	9.47e-01	5.28e-02	2.33e-04
 7.53007e+22	9.47e-01	5.20e-02	2.36e-04
 7.53446e+22	9.48e-01	5.17e-02	2.37e-04
 7.53846e+22	9.48e-01	5.11e-02	2.42e-04
 7.54284e+22	9.49e-01	5.05e-02	2.45e-04
 7.54756e+22	9.50e-01	4.97e-02	2.47e-04
 7.55187e+22	9.50e-01	4.93e-02	2.49e-04
 7.55658e+22	9.51e-01	4.86e-02	2.53e-04
 7.56167e+22	9.52e-01	4.79e-02	2.55e-04
 7.56630e+22	9.52e-01	4.74e-02	2.57e-04
 7.57138e+22	9.53e-01	4.67e-02	2.58e-04
 7.57686e+22	9.53e-01	4.60e-02	2.60e-04
 7.58184e+22	9.54e-01	4.54e-02	2.61e-04
 7.58638e+22	9.54e-01	4.51e-02	2.63e-04
 7.59135e+22	9.55e-01	4.42e-02	2.65e-04
 7.59672e+22	9.56e-01	4.37e-02	2.65e-04
 7.60160e+22	9.56e-01	4.31e-02	2.65e-04
 7.60605e+22	9.57e-01	4.26e-02	2.64e-04
 7.61009e+22	9.57e-01	4.23e-02	2.65e-04
 7.61453e+22	9.58e-01	4.17e-02	2.65e-04
 7.61931e+22	9.58e-01	4.12e-02	2.65e-04
 7.62367e+22	9.59e-01	4.07e-02	2.64e-04
 7.62763e+22	9.59e-01	4.04e-02	2.64e-04
 7.63197e+22	9.60e-01	3.99e-02	2.64e-04
 7.63666e+22	9.60e-01	3.93e-02	2.62e-04
 7.64092e+22	9.61e-01	3.89e-02	2.60e-04
 7.64481e+22	9.61e-01	3.86e-02	2.59e-04
 7.64906e+22	9.61e-01	3.81e-02	2.57e-04
 7.65365e+22	9.62e-01	3.76e-02	2.56e-04
 7.65783e+22	9.62e-01	3.72e-02	2.53e-04
 7.66163e+22	9.63e-01	3.69e-02	2.52e-04
 7.66580e+22	9.63e-01	3.65e-02	2.50e-04
 7.67030e+22	9.64e-01	3.60e-02	2.49e-04
 7.67439e+22	9.64e-01	3.57e-02	2.48e-04
 7.67888e+22	9.64e-01	3.53e-02	2.46e-04
 7.68372e+22	9.65e-01	3.48e-02	2.44e-04
 7.68903e+22	9.65e-01	3.43e-02	2.42e-04
 7.69476e+22	9.66e-01	3.38e-02	2.40e-04
 7.69997e+22	9.66e-01	3.34e-02	2.38e-04
 7.70472e+22	9.66e-01	3.31e-02	2.37e-04
 7.70991e+22	9.67e-01	3.26e-02	2.34e-04
 7.71553e+22	9.67e-01	3.22e-02	2.33e-04
 7.72063e+22	9.68e-01	3.18e-02	2.32e-04
 7.72623e+22	9.68e-01	3.13e-02	2.29e-04
 7.73227e+22	9.69e-01	3.09e-02	2.27e-04
 7.73777e+22	9.69e-01	3.05e-02	2.25e-04
 7.74380e+22	9.70e-01	3.00e-02	2.22e-04
 7.75030e+22	9.70e-01	2.96e-02	2.20e-04
 7.75622e+22	9.70e-01	2.92e-02	2.19e-04
 7.76271e+22	9.71e-01	2.86e-02	2.17e-04
 7.76971e+22	9.71e-01	2.82e-02	2.14e-04
 7.77608e+22	9.72e-01	2.79e-02	2.13e-04
 7.78188e+22	9.72e-01	2.75e-02	2.11e-04
 7.78823e+22	9.73e-01	2.71e-02	2.08e-04
 7.79509e+22	9.73e-01	2.66e-02	2.07e-04
 7.80134e+22	9.73e-01	2.63e-02	2.05e-04
 7.80818e+22	9.74e-01	2.58e-02	2.03e-04
 7.81556e+22	9.74e-01	2.54e-02	2.01e-04
 7.82228e+22	9.75e-01	2.51e-02	2.00e-04
 7.82840e+22	9.75e-01	2.48e-02	1.98e-04
 7.83510e+22	9.75e-01	2.43e-02	1.96e-04
 7.84233e+22	9.76e-01	2.40e-02	1.95e-04
 7.84892e+22	9.76e-01	2.37e-02	1.94e-04
 7.85613e+22	9.76e-01	2.32e-02	1.92e-04
 7.86392e+22	9.77e-01	2.29e-02	1.90e-04
 7.87101e+22	9.77e-01	2.26e-02	1.89e-04
 7.87877e+22	9.78e-01	2.21e-02	1.88e-04
 7.88716e+22	9.78e-01	2.17e-02	1.86e-04
 7.89479e+22	9.78e-01	2.14e-02	1.85e-04
 7.90173e+22	9.78e-01	2.12e-02	1.84e-04
 7.90934e+22	9.79e-01	2.08e-02	1.83e-04
 7.91755e+22	9.79e-01	2.04e-02	1.82e-04
 7.92502e+22	9.79e-01	2.02e-02	1.81e-04
 7.93321e+22	9.80e-01	1.98e-02	1.79e-04
 7.94206e+22	9.80e-01	1.94e-02	1.79e-04
 7.95010e+22	9.80e-01	1.91e-02	1.78e-04
 7.95892e+22	9.81e-01	1.88e-02	1.77e-04
 7.96844e+22	9.81e-01	1.84e-02	1.76e-04
 7.97710e+22	9.82e-01	1.81e-02	1.75e-04
 7.98498e+22	9.82e-01	1.79e-02	1.74e-04
 7.99362e+22	9.82e-01	1.75e-02	1.73e-04
 8.00294e+22	9.82e-01	1.72e-02	1.73e-04
 8.01143e+22	9.83e-01	1.70e-02	1.72e-04
 8.01915e+22	9.83e-01	1.67e-02	1.72e-04
 8.02761e+22	9.83e-01	1.64e-02	1.71e-04
 8.03675e+22	9.83e-01	1.62e-02	1.71e-04
 8.04506e+22	9.84e-01	1.59e-02	1.70e-04
 8.05417e+22	9.84e-01	1.56e-02	1.70e-04
 8.06401e+22	9.84e-01	1.53e-02	1.69e-04
 8.07295e+22	9.85e-01	1.51e-02	1.69e-04
 8.08276e+22	9.85e-01	1.48e-02	1.68e-04
 8.09335e+22	9.85e-01	1.45e-02	1.68e-04
 8.10298e+22	9.85e-01	1.43e-02	1.68e-04
 8.11175e+22	9.86e-01	1.41e-02	1.68e-04
 8.12136e+22	9.86e-01	1.38e-02	1.67e-04
 8.13173e+22	9.86e-01	1.35e-02	1.67e-04
 8.14116e+22	9.86e-01	1.33e-02	1.67e-04
 8.15151e+22	9.87e-01	1.31e-02	1.67e-04
 8.16267e+22	9.87e-01	1.28e-02	1.67e-04
 8.17283e+22	9.87e-01	1.26e-02	1.67e-04
 8.18397e+22	9.87e-01	1.23e-02	1.67e-04
 8.19598e+22	9.88e-01	1.21e-02	1.67e-04
 8.20692e+22	9.88e-01	1.19e-02	1.68e-04
 8.21891e+22	9.88e-01	1.16e-02	1.68e-04
 8.23185e+22	9.88e-01	1.13e-02	1.68e-04
 8.24362e+22	9.89e-01	1.11e-02	1.68e-04
 8.25434e+22	9.89e-01	1.09e-02	1.69e-04
 8.26608e+22	9.89e-01	1.07e-02	1.72e-04
 8.28037e+22	9.89e-01	1.04e-02	1.75e-04
 8.29578e+22	9.90e-01	1.01e-02	1.76e-04
 8.31184e+22	9.90e-01	9.86e-03	1.78e-04
 8.32846e+22	9.90e-01	9.59e-03	1.80e-04
 8.34533e+22	9.90e-01	9.31e-03	1.82e-04
 8.36247e+22	9.91e-01	9.05e-03	1.84e-04
 8.37977e+22	9.91e-01	8.79e-03	1.86e-04
 8.39727e+22	9.91e-01	8.53e-03	1.89e-04
 8.41493e+22	9.91e-01	8.29e-03	1.91e-04
 8.43277e+22	9.92e-01	8.04e-03	1.94e-04
 8.45078e+22	9.92e-01	7.80e-03	1.97e-04
 8.46895e+22	9.92e-01	7.57e-03	2.00e-04
 8.48727e+22	9.92e-01	7.34e-03	2.03e-04
 8.50567e+22	9.92e-01	7.12e-03	2.07e-04
 8.52422e+22	9.93e-01	6.91e-03	2.10e-04
 8.54298e+22	9.93e-01	6.70e-03	2.14e-04
 8.56186e+22	9.93e-01	6.49e-03	2.18e-04
 8.58091e+22	9.93e-01	6.29e-03	2.22e-04
 8.60013e+22	9.93e-01	6.10e-03	2.26e-04
 8.61951e+22	9.94e-01	5.91e-03	2.31e-04
 8.63905e+22	9.94e-01	5.72e-03	2.35e-04
 8.65874e+22	9.94e-01	5.54e-03	2.40e-04
 8.67859e+22	9.94e-01	5.36e-03	2.45e-04
 8.69872e+22	9.94e-01	5.19e-03	2.51e-04
 8.71929e+22	9.94e-01	5.02e-03	2.56e-04
 8.74020e+22	9.95e-01	4.85e-03	2.62e-04
 8.76135e+22	9.95e-01	4.69e-03	2.69e-04
 8.78277e+22	9.95e-01	4.53e-03	2.76e-04
 8.80445e+22	9.95e-01	4.38e-03	2.84e-04
 8.82641e+22	9.95e-01	4.22e-03	2.92e-04
 8.84867e+22	9.95e-01	4.08e-03	3.00e-04
 8.87133e+22	9.95e-01	3.93e-03	3.08e-04
 8.89441e+22	9.96e-01	3.79e-03	3.16e-04
 8.91797e+22	9.96e-01	3.65e-03	3.25e-04
 8.94220e+22	9.96e-01	3.51e-03	3.34e-04
 8.96707e+22	9.96e-01	3.38e-03	3.44e-04
 8.99250e+22	9.96e-01	3.25e-03	3.53e-04
 9.01856e+22	9.96e-01	3.12e-03	3.63e-04
 9.04501e+22	9.96e-01	2.99e-03	3.73e-04
 9.07159e+22	9.96e-01	2.87e-03	3.83e-04
 9.09828e+22	9.96e-01	2.76e-03	3.93e-04
 9.12510e+22	9.97e-01	2.65e-03	4.03e-04
 9.15207e+22	9.97e-01	2.55e-03	4.13e-04
 9.17915e+22	9.97e-01	2.45e-03	4.23e-04
 9.20634e+22	9.97e-01	2.35e-03	4.33e-04
 9.23355e+22	9.97e-01	2.26e-03	4.42e-04
 9.25209e+22	9.97e-01	2.23e-03	4.47e-04
