#depth	He	He+	He+2
 4.62852e+21	5.27e-10	1.77e-05	1.00e+00
 1.02379e+22	2.08e-09	3.74e-05	1.00e+00
 1.16346e+22	4.57e-09	5.89e-05	1.00e+00
 1.22586e+22	6.66e-09	7.42e-05	1.00e+00
 1.25185e+22	7.27e-09	7.84e-05	1.00e+00
 1.26120e+22	7.78e-09	8.19e-05	1.00e+00
 1.27024e+22	8.40e-09	8.61e-05	1.00e+00
 1.27951e+22	8.99e-09	9.00e-05	1.00e+00
 1.28903e+22	9.70e-09	9.46e-05	1.00e+00
 1.29878e+22	1.04e-08	9.88e-05	1.00e+00
 1.30895e+22	1.12e-08	1.04e-04	1.00e+00
 1.31941e+22	1.19e-08	1.09e-04	1.00e+00
 1.33025e+22	1.28e-08	1.14e-04	1.00e+00
 1.34142e+22	1.37e-08	1.19e-04	1.00e+00
 1.35322e+22	1.47e-08	1.26e-04	1.00e+00
 1.36511e+22	1.56e-08	1.31e-04	1.00e+00
 1.37732e+22	1.68e-08	1.38e-04	1.00e+00
 1.38982e+22	1.78e-08	1.44e-04	1.00e+00
 1.40270e+22	1.91e-08	1.52e-04	1.00e+00
 1.41519e+22	2.00e-08	1.57e-04	1.00e+00
 1.42718e+22	2.13e-08	1.65e-04	1.00e+00
 1.43950e+22	2.24e-08	1.71e-04	1.00e+00
 1.45222e+22	2.39e-08	1.79e-04	1.00e+00
 1.46509e+22	2.50e-08	1.86e-04	1.00e+00
 1.47640e+22	2.62e-08	1.92e-04	1.00e+00
 1.48935e+22	2.78e-08	2.01e-04	1.00e+00
 1.50226e+22	2.90e-08	2.08e-04	1.00e+00
 1.51513e+22	3.06e-08	2.17e-04	1.00e+00
 1.52836e+22	3.19e-08	2.24e-04	1.00e+00
 1.54206e+22	3.38e-08	2.35e-04	1.00e+00
 1.55578e+22	3.52e-08	2.43e-04	1.00e+00
 1.56953e+22	3.71e-08	2.53e-04	1.00e+00
 1.58353e+22	3.86e-08	2.62e-04	1.00e+00
 1.59583e+22	4.02e-08	2.70e-04	1.00e+00
 1.60977e+22	4.22e-08	2.82e-04	1.00e+00
 1.62365e+22	4.38e-08	2.90e-04	1.00e+00
 1.63747e+22	4.60e-08	3.02e-04	1.00e+00
 1.65149e+22	4.76e-08	3.11e-04	1.00e+00
 1.66575e+22	4.99e-08	3.23e-04	1.00e+00
 1.68050e+22	5.19e-08	3.33e-04	1.00e+00
 1.69587e+22	5.45e-08	3.48e-04	1.00e+00
 1.71149e+22	5.66e-08	3.59e-04	1.00e+00
 1.72743e+22	5.95e-08	3.74e-04	1.00e+00
 1.74392e+22	6.19e-08	3.86e-04	1.00e+00
 1.76111e+22	6.52e-08	4.03e-04	1.00e+00
 1.77886e+22	6.80e-08	4.17e-04	1.00e+00
 1.79733e+22	7.18e-08	4.36e-04	1.00e+00
 1.81585e+22	7.49e-08	4.51e-04	1.00e+00
 1.83444e+22	7.89e-08	4.71e-04	1.00e+00
 1.85382e+22	8.26e-08	4.88e-04	1.00e+00
 1.87422e+22	8.75e-08	5.14e-04	9.99e-01
 1.89462e+22	9.14e-08	5.32e-04	9.99e-01
 1.91501e+22	9.66e-08	5.60e-04	9.99e-01
 1.93570e+22	1.01e-07	5.82e-04	9.99e-01
 1.95314e+22	1.05e-07	6.04e-04	9.99e-01
 1.97216e+22	1.10e-07	6.34e-04	9.99e-01
 1.99112e+22	1.14e-07	6.57e-04	9.99e-01
 2.01001e+22	1.20e-07	6.90e-04	9.99e-01
 2.02902e+22	1.24e-07	7.17e-04	9.99e-01
 2.04821e+22	1.30e-07	7.55e-04	9.99e-01
 2.06751e+22	1.34e-07	7.85e-04	9.99e-01
 2.08696e+22	1.40e-07	8.29e-04	9.99e-01
 2.10665e+22	1.44e-07	8.65e-04	9.99e-01
 2.12666e+22	1.49e-07	9.17e-04	9.99e-01
 2.14688e+22	1.53e-07	9.59e-04	9.99e-01
 2.16722e+22	1.57e-07	1.02e-03	9.99e-01
 2.18651e+22	1.60e-07	1.06e-03	9.99e-01
 2.20461e+22	1.63e-07	1.12e-03	9.99e-01
 2.22308e+22	1.64e-07	1.17e-03	9.99e-01
 2.24114e+22	1.66e-07	1.24e-03	9.99e-01
 2.25962e+22	1.67e-07	1.30e-03	9.99e-01
 2.27731e+22	1.67e-07	1.36e-03	9.99e-01
 2.29515e+22	1.67e-07	1.43e-03	9.99e-01
 2.31260e+22	1.67e-07	1.50e-03	9.98e-01
 2.32980e+22	1.67e-07	1.57e-03	9.98e-01
 2.34683e+22	1.67e-07	1.65e-03	9.98e-01
 2.36378e+22	1.66e-07	1.73e-03	9.98e-01
 2.38072e+22	1.66e-07	1.81e-03	9.98e-01
 2.39771e+22	1.67e-07	1.89e-03	9.98e-01
 2.41482e+22	1.68e-07	1.98e-03	9.98e-01
 2.43214e+22	1.70e-07	2.08e-03	9.98e-01
 2.44972e+22	1.72e-07	2.18e-03	9.98e-01
 2.46762e+22	1.76e-07	2.28e-03	9.98e-01
 2.48558e+22	1.80e-07	2.39e-03	9.98e-01
 2.50397e+22	1.86e-07	2.51e-03	9.97e-01
 2.52250e+22	1.93e-07	2.63e-03	9.97e-01
 2.54156e+22	2.02e-07	2.76e-03	9.97e-01
 2.55944e+22	2.11e-07	2.87e-03	9.97e-01
 2.57763e+22	2.24e-07	3.02e-03	9.97e-01
 2.59607e+22	2.36e-07	3.13e-03	9.97e-01
 2.61484e+22	2.53e-07	3.30e-03	9.97e-01
 2.63401e+22	2.69e-07	3.43e-03	9.97e-01
 2.65369e+22	2.92e-07	3.61e-03	9.96e-01
 2.67366e+22	3.12e-07	3.75e-03	9.96e-01
 2.69401e+22	3.41e-07	3.95e-03	9.96e-01
 2.71453e+22	3.65e-07	4.11e-03	9.96e-01
 2.73525e+22	4.01e-07	4.33e-03	9.96e-01
 2.75622e+22	4.32e-07	4.50e-03	9.95e-01
 2.77751e+22	4.76e-07	4.74e-03	9.95e-01
 2.79916e+22	5.14e-07	4.94e-03	9.95e-01
 2.82127e+22	5.69e-07	5.21e-03	9.95e-01
 2.84382e+22	6.17e-07	5.43e-03	9.95e-01
 2.86693e+22	6.86e-07	5.73e-03	9.94e-01
 2.89056e+22	7.47e-07	5.98e-03	9.94e-01
 2.91049e+22	8.04e-07	6.21e-03	9.94e-01
 2.93201e+22	8.87e-07	6.52e-03	9.93e-01
 2.95377e+22	9.57e-07	6.77e-03	9.93e-01
 2.97282e+22	1.03e-06	7.03e-03	9.93e-01
 2.99456e+22	1.14e-06	7.39e-03	9.93e-01
 3.01618e+22	1.22e-06	7.65e-03	9.92e-01
 3.03765e+22	1.35e-06	8.03e-03	9.92e-01
 3.05921e+22	1.44e-06	8.31e-03	9.92e-01
 3.08090e+22	1.59e-06	8.72e-03	9.91e-01
 3.10296e+22	1.71e-06	9.04e-03	9.91e-01
 3.12551e+22	1.89e-06	9.50e-03	9.90e-01
 3.14840e+22	2.04e-06	9.86e-03	9.90e-01
 3.17173e+22	2.25e-06	1.04e-02	9.90e-01
 3.19551e+22	2.43e-06	1.08e-02	9.89e-01
 3.21986e+22	2.70e-06	1.13e-02	9.89e-01
 3.24477e+22	2.93e-06	1.18e-02	9.88e-01
 3.27039e+22	3.27e-06	1.25e-02	9.88e-01
 3.29627e+22	3.54e-06	1.30e-02	9.87e-01
 3.32250e+22	3.95e-06	1.37e-02	9.86e-01
 3.34907e+22	4.29e-06	1.43e-02	9.86e-01
 3.37186e+22	4.65e-06	1.48e-02	9.85e-01
 3.39727e+22	5.15e-06	1.56e-02	9.84e-01
 3.42297e+22	5.59e-06	1.63e-02	9.84e-01
 3.44440e+22	6.02e-06	1.69e-02	9.83e-01
 3.46761e+22	6.58e-06	1.76e-02	9.82e-01
 3.49150e+22	7.11e-06	1.83e-02	9.82e-01
 3.51284e+22	7.67e-06	1.90e-02	9.81e-01
 3.53713e+22	8.41e-06	1.99e-02	9.80e-01
 3.56216e+22	9.12e-06	2.07e-02	9.79e-01
 3.58444e+22	9.86e-06	2.15e-02	9.78e-01
 3.60967e+22	1.08e-05	2.25e-02	9.77e-01
 3.63592e+22	1.18e-05	2.35e-02	9.76e-01
 3.65959e+22	1.28e-05	2.45e-02	9.76e-01
 3.68646e+22	1.42e-05	2.57e-02	9.74e-01
 3.71419e+22	1.55e-05	2.69e-02	9.73e-01
 3.73894e+22	1.68e-05	2.80e-02	9.72e-01
 3.76702e+22	1.87e-05	2.95e-02	9.71e-01
 3.79593e+22	2.05e-05	3.08e-02	9.69e-01
 3.82175e+22	2.23e-05	3.22e-02	9.68e-01
 3.85112e+22	2.49e-05	3.39e-02	9.66e-01
 3.88090e+22	2.73e-05	3.55e-02	9.64e-01
 3.90705e+22	2.98e-05	3.71e-02	9.63e-01
 3.93688e+22	3.32e-05	3.91e-02	9.61e-01
 3.96739e+22	3.64e-05	4.09e-02	9.59e-01
 3.99453e+22	3.99e-05	4.28e-02	9.57e-01
 4.02554e+22	4.46e-05	4.52e-02	9.55e-01
 4.05723e+22	4.91e-05	4.74e-02	9.53e-01
 4.08531e+22	5.38e-05	4.95e-02	9.50e-01
 4.11734e+22	6.04e-05	5.24e-02	9.48e-01
 4.14913e+22	6.63e-05	5.48e-02	9.45e-01
 4.17626e+22	7.24e-05	5.72e-02	9.43e-01
 4.20720e+22	8.07e-05	6.03e-02	9.40e-01
 4.23873e+22	8.86e-05	6.31e-02	9.37e-01
 4.26679e+22	9.69e-05	6.59e-02	9.34e-01
 4.29402e+22	1.06e-04	6.88e-02	9.31e-01
 4.32442e+22	1.18e-04	7.24e-02	9.27e-01
 4.35506e+22	1.28e-04	7.55e-02	9.24e-01
 4.38601e+22	1.43e-04	7.95e-02	9.20e-01
 4.41428e+22	1.53e-04	8.22e-02	9.18e-01
 4.43909e+22	1.66e-04	8.57e-02	9.14e-01
 4.46442e+22	1.79e-04	8.88e-02	9.11e-01
 4.48701e+22	1.91e-04	9.17e-02	9.08e-01
 4.51297e+22	2.09e-04	9.58e-02	9.04e-01
 4.53913e+22	2.24e-04	9.90e-02	9.01e-01
 4.56557e+22	2.45e-04	1.03e-01	8.96e-01
 4.59237e+22	2.63e-04	1.07e-01	8.93e-01
 4.61965e+22	2.88e-04	1.12e-01	8.88e-01
 4.64719e+22	3.10e-04	1.16e-01	8.84e-01
 4.67509e+22	3.40e-04	1.21e-01	8.79e-01
 4.70338e+22	3.65e-04	1.25e-01	8.74e-01
 4.73216e+22	4.01e-04	1.31e-01	8.68e-01
 4.76132e+22	4.33e-04	1.36e-01	8.64e-01
 4.79097e+22	4.77e-04	1.42e-01	8.57e-01
 4.82094e+22	5.16e-04	1.48e-01	8.52e-01
 4.85133e+22	5.69e-04	1.55e-01	8.45e-01
 4.88222e+22	6.15e-04	1.60e-01	8.39e-01
 4.91379e+22	6.79e-04	1.68e-01	8.32e-01
 4.94639e+22	7.40e-04	1.75e-01	8.25e-01
 4.97237e+22	7.88e-04	1.80e-01	8.19e-01
 4.99815e+22	8.53e-04	1.86e-01	8.13e-01
 5.02425e+22	9.09e-04	1.92e-01	8.07e-01
 5.05077e+22	9.84e-04	1.99e-01	8.00e-01
 5.07784e+22	1.05e-03	2.05e-01	7.94e-01
 5.10564e+22	1.15e-03	2.13e-01	7.85e-01
 5.13344e+22	1.23e-03	2.20e-01	7.79e-01
 5.16124e+22	1.33e-03	2.28e-01	7.70e-01
 5.18977e+22	1.43e-03	2.36e-01	7.63e-01
 5.21926e+22	1.56e-03	2.45e-01	7.53e-01
 5.24897e+22	1.67e-03	2.53e-01	7.45e-01
 5.27897e+22	1.82e-03	2.63e-01	7.35e-01
 5.30703e+22	1.93e-03	2.70e-01	7.28e-01
 5.32696e+22	2.02e-03	2.76e-01	7.22e-01
 5.34727e+22	2.14e-03	2.83e-01	7.15e-01
 5.36997e+22	2.26e-03	2.90e-01	7.08e-01
 5.39580e+22	2.44e-03	3.00e-01	6.98e-01
 5.41848e+22	2.54e-03	3.05e-01	6.92e-01
 5.43708e+22	2.68e-03	3.12e-01	6.85e-01
 5.46125e+22	2.86e-03	3.21e-01	6.76e-01
 5.48817e+22	3.06e-03	3.31e-01	6.66e-01
 5.51094e+22	3.21e-03	3.38e-01	6.59e-01
 5.53284e+22	3.42e-03	3.47e-01	6.49e-01
 5.56131e+22	3.70e-03	3.59e-01	6.37e-01
 5.59021e+22	3.94e-03	3.69e-01	6.27e-01
 5.61968e+22	4.27e-03	3.82e-01	6.14e-01
 5.65798e+22	4.79e-03	4.01e-01	5.95e-01
 5.69480e+22	5.14e-03	4.13e-01	5.82e-01
 5.72970e+22	5.68e-03	4.30e-01	5.64e-01
 5.76618e+22	6.18e-03	4.46e-01	5.48e-01
 5.80470e+22	6.89e-03	4.66e-01	5.27e-01
 5.84350e+22	7.53e-03	4.83e-01	5.10e-01
 5.88266e+22	8.44e-03	5.04e-01	4.88e-01
 5.92186e+22	9.26e-03	5.22e-01	4.68e-01
 5.95167e+22	9.86e-03	5.36e-01	4.54e-01
 5.98098e+22	1.08e-02	5.53e-01	4.36e-01
 6.00983e+22	1.16e-02	5.67e-01	4.21e-01
 6.03807e+22	1.27e-02	5.84e-01	4.03e-01
 6.06702e+22	1.37e-02	5.99e-01	3.87e-01
 6.09259e+22	1.48e-02	6.14e-01	3.72e-01
 6.12155e+22	1.63e-02	6.31e-01	3.53e-01
 6.15124e+22	1.77e-02	6.47e-01	3.36e-01
 6.17724e+22	1.92e-02	6.61e-01	3.20e-01
 6.20638e+22	2.14e-02	6.78e-01	3.00e-01
 6.23698e+22	2.36e-02	6.94e-01	2.82e-01
 6.26464e+22	2.59e-02	7.09e-01	2.65e-01
 6.29165e+22	2.86e-02	7.22e-01	2.49e-01
 6.31819e+22	3.16e-02	7.35e-01	2.34e-01
 6.34326e+22	3.48e-02	7.45e-01	2.20e-01
 6.35927e+22	3.64e-02	7.50e-01	2.14e-01
 6.36559e+22	3.73e-02	7.52e-01	2.11e-01
 6.37040e+22	3.81e-02	7.54e-01	2.08e-01
 6.37611e+22	3.90e-02	7.56e-01	2.05e-01
 6.38309e+22	4.02e-02	7.59e-01	2.01e-01
 6.39029e+22	4.15e-02	7.61e-01	1.98e-01
 6.39688e+22	4.27e-02	7.63e-01	1.94e-01
 6.40302e+22	4.38e-02	7.65e-01	1.91e-01
 6.40907e+22	4.51e-02	7.67e-01	1.88e-01
 6.41519e+22	4.63e-02	7.69e-01	1.85e-01
 6.42140e+22	4.77e-02	7.70e-01	1.82e-01
 6.42745e+22	4.91e-02	7.72e-01	1.79e-01
 6.43317e+22	5.04e-02	7.73e-01	1.76e-01
 6.43886e+22	5.18e-02	7.75e-01	1.74e-01
 6.44458e+22	5.33e-02	7.76e-01	1.71e-01
 6.45020e+22	5.47e-02	7.77e-01	1.69e-01
 6.45600e+22	5.65e-02	7.78e-01	1.66e-01
 6.46172e+22	5.80e-02	7.78e-01	1.64e-01
 6.46724e+22	5.99e-02	7.79e-01	1.61e-01
 6.47265e+22	6.14e-02	7.80e-01	1.59e-01
 6.47807e+22	6.33e-02	7.80e-01	1.56e-01
 6.48358e+22	6.53e-02	7.81e-01	1.54e-01
 6.48877e+22	6.72e-02	7.81e-01	1.52e-01
 6.49386e+22	6.90e-02	7.81e-01	1.50e-01
 6.49938e+22	7.13e-02	7.81e-01	1.48e-01
 6.50497e+22	7.37e-02	7.81e-01	1.46e-01
 6.51004e+22	7.59e-02	7.80e-01	1.44e-01
 6.51500e+22	7.79e-02	7.80e-01	1.42e-01
 6.52049e+22	8.06e-02	7.79e-01	1.40e-01
 6.52611e+22	8.35e-02	7.78e-01	1.38e-01
 6.53114e+22	8.61e-02	7.77e-01	1.37e-01
 6.53604e+22	8.84e-02	7.76e-01	1.35e-01
 6.54164e+22	9.17e-02	7.75e-01	1.33e-01
 6.54753e+22	9.51e-02	7.73e-01	1.32e-01
 6.55286e+22	9.84e-02	7.72e-01	1.30e-01
 6.55789e+22	1.01e-01	7.70e-01	1.29e-01
 6.56324e+22	1.05e-01	7.68e-01	1.27e-01
 6.56888e+22	1.09e-01	7.66e-01	1.25e-01
 6.57438e+22	1.13e-01	7.63e-01	1.24e-01
 6.57973e+22	1.17e-01	7.60e-01	1.23e-01
 6.58538e+22	1.22e-01	7.57e-01	1.21e-01
 6.59132e+22	1.27e-01	7.54e-01	1.19e-01
 6.59711e+22	1.32e-01	7.51e-01	1.18e-01
 6.60286e+22	1.37e-01	7.47e-01	1.16e-01
 6.60864e+22	1.42e-01	7.43e-01	1.15e-01
 6.61469e+22	1.48e-01	7.38e-01	1.13e-01
 6.62090e+22	1.54e-01	7.34e-01	1.12e-01
 6.62730e+22	1.62e-01	7.28e-01	1.10e-01
 6.63393e+22	1.69e-01	7.22e-01	1.09e-01
 6.64043e+22	1.76e-01	7.17e-01	1.07e-01
 6.64707e+22	1.85e-01	7.10e-01	1.05e-01
 6.65407e+22	1.93e-01	7.03e-01	1.04e-01
 6.66072e+22	2.02e-01	6.96e-01	1.02e-01
 6.66671e+22	2.10e-01	6.90e-01	1.00e-01
 6.67275e+22	2.18e-01	6.83e-01	9.88e-02
 6.67929e+22	2.28e-01	6.75e-01	9.70e-02
 6.68612e+22	2.38e-01	6.67e-01	9.51e-02
 6.69288e+22	2.48e-01	6.59e-01	9.35e-02
 6.69972e+22	2.59e-01	6.50e-01	9.14e-02
 6.70679e+22	2.69e-01	6.41e-01	8.96e-02
 6.71415e+22	2.82e-01	6.31e-01	8.75e-02
 6.72177e+22	2.94e-01	6.20e-01	8.54e-02
 6.72939e+22	3.07e-01	6.10e-01	8.32e-02
 6.73719e+22	3.20e-01	5.99e-01	8.10e-02
 6.74544e+22	3.35e-01	5.87e-01	7.86e-02
 6.75408e+22	3.50e-01	5.74e-01	7.61e-02
 6.76290e+22	3.65e-01	5.61e-01	7.37e-02
 6.77197e+22	3.81e-01	5.48e-01	7.11e-02
 6.78158e+22	3.98e-01	5.34e-01	6.83e-02
 6.79173e+22	4.15e-01	5.19e-01	6.55e-02
 6.80229e+22	4.33e-01	5.04e-01	6.26e-02
 6.81337e+22	4.52e-01	4.89e-01	5.96e-02
 6.82521e+22	4.71e-01	4.73e-01	5.64e-02
 6.83787e+22	4.90e-01	4.56e-01	5.32e-02
 6.85123e+22	5.10e-01	4.40e-01	5.00e-02
 6.86524e+22	5.29e-01	4.24e-01	4.68e-02
 6.88001e+22	5.49e-01	4.08e-01	4.36e-02
 6.89567e+22	5.67e-01	3.92e-01	4.05e-02
 6.91214e+22	5.86e-01	3.77e-01	3.75e-02
 6.92947e+22	6.04e-01	3.62e-01	3.45e-02
 6.94764e+22	6.21e-01	3.48e-01	3.17e-02
 6.96618e+22	6.37e-01	3.34e-01	2.91e-02
 6.98488e+22	6.52e-01	3.21e-01	2.66e-02
 7.00324e+22	6.66e-01	3.09e-01	2.44e-02
 7.02124e+22	6.80e-01	2.98e-01	2.25e-02
 7.03926e+22	6.92e-01	2.87e-01	2.07e-02
 7.05704e+22	7.04e-01	2.77e-01	1.90e-02
 7.07444e+22	7.14e-01	2.68e-01	1.76e-02
 7.09184e+22	7.25e-01	2.59e-01	1.62e-02
 7.10894e+22	7.35e-01	2.50e-01	1.50e-02
 7.12528e+22	7.45e-01	2.42e-01	1.39e-02
 7.14120e+22	7.53e-01	2.34e-01	1.29e-02
 7.15685e+22	7.62e-01	2.26e-01	1.19e-02
 7.17218e+22	7.70e-01	2.19e-01	1.11e-02
 7.18708e+22	7.78e-01	2.12e-01	1.03e-02
 7.20151e+22	7.85e-01	2.06e-01	9.64e-03
 7.21567e+22	7.92e-01	1.99e-01	8.99e-03
 7.22975e+22	7.99e-01	1.93e-01	8.39e-03
 7.24370e+22	8.05e-01	1.87e-01	7.81e-03
 7.25716e+22	8.11e-01	1.81e-01	7.31e-03
 7.27019e+22	8.17e-01	1.76e-01	6.84e-03
 7.28291e+22	8.23e-01	1.71e-01	6.41e-03
 7.29506e+22	8.28e-01	1.66e-01	6.02e-03
 7.30643e+22	8.33e-01	1.62e-01	5.67e-03
 7.31714e+22	8.37e-01	1.57e-01	5.36e-03
 7.32737e+22	8.42e-01	1.53e-01	5.07e-03
 7.33536e+22	8.44e-01	1.51e-01	4.89e-03
 7.34016e+22	8.46e-01	1.49e-01	4.76e-03
 7.34343e+22	8.48e-01	1.47e-01	4.65e-03
 7.34659e+22	8.49e-01	1.46e-01	4.56e-03
 7.35017e+22	8.51e-01	1.45e-01	4.46e-03
 7.35386e+22	8.52e-01	1.43e-01	4.37e-03
 7.35740e+22	8.54e-01	1.42e-01	4.29e-03
 7.36084e+22	8.55e-01	1.41e-01	4.20e-03
 7.36429e+22	8.56e-01	1.39e-01	4.12e-03
 7.36784e+22	8.58e-01	1.38e-01	4.04e-03
 7.37144e+22	8.59e-01	1.37e-01	3.96e-03
 7.37497e+22	8.61e-01	1.36e-01	3.88e-03
 7.37846e+22	8.62e-01	1.34e-01	3.81e-03
 7.38211e+22	8.63e-01	1.33e-01	3.73e-03
 7.38602e+22	8.65e-01	1.32e-01	3.64e-03
 7.38991e+22	8.66e-01	1.30e-01	3.57e-03
 7.39375e+22	8.67e-01	1.29e-01	3.49e-03
 7.39767e+22	8.69e-01	1.28e-01	3.41e-03
 7.40153e+22	8.70e-01	1.26e-01	3.34e-03
 7.40542e+22	8.72e-01	1.25e-01	3.26e-03
 7.40948e+22	8.73e-01	1.24e-01	3.18e-03
 7.41349e+22	8.75e-01	1.22e-01	3.11e-03
 7.41749e+22	8.76e-01	1.21e-01	3.03e-03
 7.42158e+22	8.77e-01	1.20e-01	2.97e-03
 7.42579e+22	8.79e-01	1.18e-01	2.88e-03
 7.43012e+22	8.81e-01	1.17e-01	2.81e-03
 7.43416e+22	8.82e-01	1.15e-01	2.74e-03
 7.43777e+22	8.83e-01	1.14e-01	2.69e-03
 7.44173e+22	8.85e-01	1.13e-01	2.61e-03
 7.44600e+22	8.86e-01	1.12e-01	2.55e-03
 7.44988e+22	8.87e-01	1.10e-01	2.50e-03
 7.45405e+22	8.89e-01	1.09e-01	2.42e-03
 7.45848e+22	8.90e-01	1.08e-01	2.37e-03
 7.46251e+22	8.92e-01	1.06e-01	2.30e-03
 7.46618e+22	8.93e-01	1.05e-01	2.26e-03
 7.47020e+22	8.94e-01	1.04e-01	2.19e-03
 7.47454e+22	8.95e-01	1.03e-01	2.14e-03
 7.47849e+22	8.97e-01	1.01e-01	2.08e-03
 7.48208e+22	8.98e-01	1.00e-01	2.04e-03
 7.48602e+22	8.99e-01	9.89e-02	1.98e-03
 7.49027e+22	9.00e-01	9.79e-02	1.94e-03
 7.49414e+22	9.02e-01	9.66e-02	1.89e-03
 7.49766e+22	9.02e-01	9.58e-02	1.85e-03
 7.50151e+22	9.04e-01	9.44e-02	1.80e-03
 7.50568e+22	9.05e-01	9.34e-02	1.76e-03
 7.50947e+22	9.06e-01	9.22e-02	1.71e-03
 7.51292e+22	9.07e-01	9.14e-02	1.68e-03
 7.51669e+22	9.08e-01	9.02e-02	1.63e-03
 7.52077e+22	9.09e-01	8.93e-02	1.60e-03
 7.52524e+22	9.10e-01	8.80e-02	1.55e-03
 7.53007e+22	9.11e-01	8.70e-02	1.52e-03
 7.53446e+22	9.12e-01	8.63e-02	1.49e-03
 7.53846e+22	9.14e-01	8.50e-02	1.44e-03
 7.54284e+22	9.15e-01	8.37e-02	1.40e-03
 7.54756e+22	9.16e-01	8.27e-02	1.37e-03
 7.55187e+22	9.17e-01	8.19e-02	1.34e-03
 7.55658e+22	9.18e-01	8.04e-02	1.29e-03
 7.56167e+22	9.19e-01	7.95e-02	1.26e-03
 7.56630e+22	9.20e-01	7.85e-02	1.23e-03
 7.57138e+22	9.22e-01	7.71e-02	1.18e-03
 7.57686e+22	9.23e-01	7.61e-02	1.15e-03
 7.58184e+22	9.24e-01	7.49e-02	1.11e-03
 7.58638e+22	9.25e-01	7.41e-02	1.09e-03
 7.59135e+22	9.26e-01	7.26e-02	1.05e-03
 7.59672e+22	9.27e-01	7.18e-02	1.02e-03
 7.60160e+22	9.28e-01	7.07e-02	9.91e-04
 7.60605e+22	9.29e-01	6.97e-02	9.62e-04
 7.61009e+22	9.30e-01	6.90e-02	9.43e-04
 7.61453e+22	9.31e-01	6.79e-02	9.12e-04
 7.61931e+22	9.32e-01	6.71e-02	8.89e-04
 7.62367e+22	9.33e-01	6.61e-02	8.64e-04
 7.62763e+22	9.34e-01	6.55e-02	8.48e-04
 7.63197e+22	9.35e-01	6.45e-02	8.21e-04
 7.63666e+22	9.36e-01	6.37e-02	8.00e-04
 7.64092e+22	9.36e-01	6.28e-02	7.79e-04
 7.64481e+22	9.37e-01	6.22e-02	7.64e-04
 7.64906e+22	9.38e-01	6.13e-02	7.40e-04
 7.65365e+22	9.39e-01	6.05e-02	7.22e-04
 7.65783e+22	9.40e-01	5.97e-02	7.03e-04
 7.66163e+22	9.40e-01	5.92e-02	6.90e-04
 7.66580e+22	9.41e-01	5.83e-02	6.69e-04
 7.67030e+22	9.42e-01	5.76e-02	6.53e-04
 7.67439e+22	9.42e-01	5.70e-02	6.40e-04
 7.67888e+22	9.43e-01	5.61e-02	6.20e-04
 7.68372e+22	9.44e-01	5.55e-02	6.06e-04
 7.68903e+22	9.45e-01	5.45e-02	5.85e-04
 7.69476e+22	9.46e-01	5.37e-02	5.68e-04
 7.69997e+22	9.47e-01	5.29e-02	5.51e-04
 7.70472e+22	9.47e-01	5.23e-02	5.39e-04
 7.70991e+22	9.48e-01	5.14e-02	5.20e-04
 7.71553e+22	9.49e-01	5.07e-02	5.06e-04
 7.72063e+22	9.49e-01	5.00e-02	4.93e-04
 7.72623e+22	9.50e-01	4.91e-02	4.74e-04
 7.73227e+22	9.51e-01	4.83e-02	4.60e-04
 7.73777e+22	9.52e-01	4.77e-02	4.48e-04
 7.74380e+22	9.53e-01	4.67e-02	4.30e-04
 7.75030e+22	9.54e-01	4.60e-02	4.16e-04
 7.75622e+22	9.54e-01	4.53e-02	4.04e-04
 7.76271e+22	9.55e-01	4.42e-02	3.84e-04
 7.76971e+22	9.56e-01	4.35e-02	3.73e-04
 7.77608e+22	9.57e-01	4.28e-02	3.61e-04
 7.78188e+22	9.57e-01	4.22e-02	3.51e-04
 7.78823e+22	9.58e-01	4.13e-02	3.37e-04
 7.79509e+22	9.59e-01	4.06e-02	3.25e-04
 7.80134e+22	9.60e-01	4.00e-02	3.15e-04
 7.80818e+22	9.61e-01	3.91e-02	3.02e-04
 7.81556e+22	9.61e-01	3.84e-02	2.91e-04
 7.82228e+22	9.62e-01	3.78e-02	2.82e-04
 7.82840e+22	9.63e-01	3.72e-02	2.74e-04
 7.83510e+22	9.63e-01	3.64e-02	2.62e-04
 7.84233e+22	9.64e-01	3.58e-02	2.53e-04
 7.84892e+22	9.65e-01	3.52e-02	2.45e-04
 7.85613e+22	9.65e-01	3.44e-02	2.35e-04
 7.86392e+22	9.66e-01	3.38e-02	2.26e-04
 7.87101e+22	9.67e-01	3.32e-02	2.19e-04
 7.87877e+22	9.67e-01	3.25e-02	2.09e-04
 7.88716e+22	9.68e-01	3.18e-02	2.01e-04
 7.89479e+22	9.69e-01	3.12e-02	1.93e-04
 7.90173e+22	9.69e-01	3.07e-02	1.87e-04
 7.90934e+22	9.70e-01	3.00e-02	1.79e-04
 7.91755e+22	9.70e-01	2.95e-02	1.72e-04
 7.92502e+22	9.71e-01	2.90e-02	1.67e-04
 7.93321e+22	9.72e-01	2.83e-02	1.59e-04
 7.94206e+22	9.72e-01	2.77e-02	1.53e-04
 7.95010e+22	9.73e-01	2.72e-02	1.47e-04
 7.95892e+22	9.73e-01	2.65e-02	1.40e-04
 7.96844e+22	9.74e-01	2.60e-02	1.35e-04
 7.97710e+22	9.74e-01	2.54e-02	1.29e-04
 7.98498e+22	9.75e-01	2.50e-02	1.25e-04
 7.99362e+22	9.75e-01	2.44e-02	1.19e-04
 8.00294e+22	9.76e-01	2.39e-02	1.14e-04
 8.01143e+22	9.76e-01	2.34e-02	1.10e-04
 8.01915e+22	9.77e-01	2.30e-02	1.06e-04
 8.02761e+22	9.77e-01	2.25e-02	1.02e-04
 8.03675e+22	9.78e-01	2.20e-02	9.76e-05
 8.04506e+22	9.78e-01	2.16e-02	9.40e-05
 8.05417e+22	9.79e-01	2.11e-02	8.98e-05
 8.06401e+22	9.79e-01	2.07e-02	8.60e-05
 8.07295e+22	9.80e-01	2.03e-02	8.27e-05
 8.08276e+22	9.80e-01	1.97e-02	7.86e-05
 8.09335e+22	9.81e-01	1.93e-02	7.52e-05
 8.10298e+22	9.81e-01	1.89e-02	7.21e-05
 8.11175e+22	9.81e-01	1.85e-02	6.96e-05
 8.12136e+22	9.82e-01	1.81e-02	6.63e-05
 8.13173e+22	9.82e-01	1.77e-02	6.34e-05
 8.14116e+22	9.83e-01	1.73e-02	6.08e-05
 8.15151e+22	9.83e-01	1.69e-02	5.80e-05
 8.16267e+22	9.83e-01	1.65e-02	5.53e-05
 8.17283e+22	9.84e-01	1.61e-02	5.30e-05
 8.18397e+22	9.84e-01	1.57e-02	5.03e-05
 8.19598e+22	9.85e-01	1.53e-02	4.78e-05
 8.20692e+22	9.85e-01	1.50e-02	4.57e-05
 8.21891e+22	9.85e-01	1.45e-02	4.33e-05
 8.23185e+22	9.86e-01	1.42e-02	4.10e-05
 8.24362e+22	9.86e-01	1.38e-02	3.91e-05
 8.25434e+22	9.86e-01	1.35e-02	3.74e-05
 8.26608e+22	9.87e-01	1.31e-02	3.55e-05
 8.28037e+22	9.87e-01	1.27e-02	3.32e-05
 8.29578e+22	9.88e-01	1.23e-02	3.11e-05
 8.31184e+22	9.88e-01	1.19e-02	2.91e-05
 8.32846e+22	9.89e-01	1.15e-02	2.71e-05
 8.34533e+22	9.89e-01	1.10e-02	2.53e-05
 8.36247e+22	9.89e-01	1.07e-02	2.36e-05
 8.37977e+22	9.90e-01	1.03e-02	2.19e-05
 8.39727e+22	9.90e-01	9.90e-03	2.04e-05
 8.41493e+22	9.90e-01	9.54e-03	1.90e-05
 8.43277e+22	9.91e-01	9.19e-03	1.77e-05
 8.45078e+22	9.91e-01	8.86e-03	1.64e-05
 8.46895e+22	9.91e-01	8.53e-03	1.53e-05
 8.48727e+22	9.92e-01	8.21e-03	1.42e-05
 8.50567e+22	9.92e-01	7.91e-03	1.32e-05
 8.52422e+22	9.92e-01	7.61e-03	1.22e-05
 8.54298e+22	9.93e-01	7.32e-03	1.13e-05
 8.56186e+22	9.93e-01	7.05e-03	1.05e-05
 8.58091e+22	9.93e-01	6.78e-03	9.74e-06
 8.60013e+22	9.93e-01	6.52e-03	9.02e-06
 8.61951e+22	9.94e-01	6.27e-03	8.36e-06
 8.63905e+22	9.94e-01	6.03e-03	7.74e-06
 8.65874e+22	9.94e-01	5.79e-03	7.16e-06
 8.67859e+22	9.94e-01	5.57e-03	6.63e-06
 8.69872e+22	9.95e-01	5.35e-03	6.13e-06
 8.71929e+22	9.95e-01	5.13e-03	5.66e-06
 8.74020e+22	9.95e-01	4.92e-03	5.22e-06
 8.76135e+22	9.95e-01	4.72e-03	4.81e-06
 8.78277e+22	9.95e-01	4.53e-03	4.43e-06
 8.80445e+22	9.96e-01	4.34e-03	4.08e-06
 8.82641e+22	9.96e-01	4.16e-03	3.75e-06
 8.84867e+22	9.96e-01	3.98e-03	3.44e-06
 8.87133e+22	9.96e-01	3.81e-03	3.16e-06
 8.89441e+22	9.96e-01	3.64e-03	2.90e-06
 8.91797e+22	9.97e-01	3.48e-03	2.65e-06
 8.94220e+22	9.97e-01	3.32e-03	2.42e-06
 8.96707e+22	9.97e-01	3.17e-03	2.21e-06
 8.99250e+22	9.97e-01	3.02e-03	2.01e-06
 9.01856e+22	9.97e-01	2.87e-03	1.82e-06
 9.04501e+22	9.97e-01	2.74e-03	1.66e-06
 9.07159e+22	9.97e-01	2.60e-03	1.50e-06
 9.09828e+22	9.98e-01	2.48e-03	1.37e-06
 9.12510e+22	9.98e-01	2.36e-03	1.24e-06
 9.15207e+22	9.98e-01	2.24e-03	1.13e-06
 9.17915e+22	9.98e-01	2.13e-03	1.02e-06
 9.20634e+22	9.98e-01	2.03e-03	9.31e-07
 9.23355e+22	9.98e-01	1.93e-03	8.47e-07
 9.25209e+22	9.98e-01	1.89e-03	8.15e-07
