#depth	H	H+	H2
 4.62852e+21	3.75e-06	1.00e+00	2.33e-27
 1.02305e+22	5.61e-06	1.00e+00	9.41e-27
 1.16908e+22	7.31e-06	1.00e+00	1.94e-26
 1.24209e+22	8.55e-06	1.00e+00	2.80e-26
 1.27434e+22	9.03e-06	1.00e+00	3.16e-26
 1.29254e+22	9.71e-06	1.00e+00	3.68e-26
 1.31105e+22	1.03e-05	1.00e+00	4.14e-26
 1.32905e+22	1.11e-05	1.00e+00	4.76e-26
 1.34741e+22	1.19e-05	1.00e+00	5.36e-26
 1.36507e+22	1.28e-05	1.00e+00	6.07e-26
 1.38299e+22	1.38e-05	1.00e+00	6.83e-26
 1.40052e+22	1.48e-05	1.00e+00	7.68e-26
 1.41775e+22	1.59e-05	1.00e+00	8.63e-26
 1.43480e+22	1.71e-05	1.00e+00	9.67e-26
 1.45174e+22	1.84e-05	1.00e+00	1.08e-25
 1.46863e+22	1.98e-05	1.00e+00	1.21e-25
 1.48554e+22	2.12e-05	1.00e+00	1.36e-25
 1.50255e+22	2.28e-05	1.00e+00	1.53e-25
 1.51972e+22	2.45e-05	1.00e+00	1.73e-25
 1.53712e+22	2.64e-05	1.00e+00	1.96e-25
 1.55483e+22	2.84e-05	1.00e+00	2.03e-25
 1.57265e+22	3.04e-05	1.00e+00	2.33e-25
 1.59087e+22	3.27e-05	1.00e+00	2.71e-25
 1.60920e+22	3.51e-05	1.00e+00	3.15e-25
 1.62803e+22	3.77e-05	1.00e+00	3.73e-25
 1.64568e+22	3.99e-05	1.00e+00	4.30e-25
 1.66370e+22	4.30e-05	1.00e+00	5.19e-25
 1.68190e+22	4.54e-05	1.00e+00	6.01e-25
 1.70035e+22	4.88e-05	1.00e+00	7.36e-25
 1.71923e+22	5.15e-05	1.00e+00	8.64e-25
 1.73866e+22	5.53e-05	1.00e+00	1.08e-24
 1.75847e+22	5.84e-05	1.00e+00	1.28e-24
 1.77877e+22	6.28e-05	1.00e+00	1.62e-24
 1.79917e+22	6.61e-05	1.00e+00	1.93e-24
 1.81973e+22	7.10e-05	1.00e+00	2.45e-24
 1.84051e+22	7.47e-05	1.00e+00	2.94e-24
 1.86160e+22	7.99e-05	1.00e+00	3.75e-24
 1.88303e+22	8.41e-05	1.00e+00	4.53e-24
 1.90492e+22	9.01e-05	1.00e+00	5.82e-24
 1.92720e+22	9.48e-05	1.00e+00	7.08e-24
 1.94999e+22	1.01e-04	1.00e+00	9.17e-24
 1.97328e+22	1.07e-04	1.00e+00	1.12e-23
 1.99290e+22	1.12e-04	1.00e+00	1.35e-23
 2.01409e+22	1.19e-04	1.00e+00	1.71e-23
 2.03537e+22	1.24e-04	1.00e+00	2.04e-23
 2.05676e+22	1.32e-04	1.00e+00	2.58e-23
 2.07801e+22	1.37e-04	1.00e+00	3.06e-23
 2.09907e+22	1.46e-04	1.00e+00	3.85e-23
 2.12037e+22	1.52e-04	1.00e+00	4.58e-23
 2.14198e+22	1.60e-04	1.00e+00	5.76e-23
 2.16399e+22	1.68e-04	1.00e+00	6.91e-23
 2.18652e+22	1.77e-04	1.00e+00	8.75e-23
 2.20933e+22	1.85e-04	1.00e+00	1.05e-22
 2.23249e+22	1.96e-04	1.00e+00	1.34e-22
 2.25604e+22	2.05e-04	1.00e+00	1.61e-22
 2.28009e+22	2.17e-04	1.00e+00	2.07e-22
 2.30443e+22	2.27e-04	1.00e+00	2.49e-22
 2.32914e+22	2.41e-04	1.00e+00	3.22e-22
 2.35435e+22	2.51e-04	1.00e+00	3.90e-22
 2.38020e+22	2.67e-04	1.00e+00	5.08e-22
 2.40628e+22	2.79e-04	1.00e+00	6.18e-22
 2.43263e+22	2.97e-04	1.00e+00	8.06e-22
 2.45769e+22	3.09e-04	1.00e+00	9.66e-22
 2.48108e+22	3.25e-04	1.00e+00	1.20e-21
 2.50608e+22	3.40e-04	1.00e+00	1.48e-21
 2.52937e+22	3.56e-04	1.00e+00	1.75e-21
 2.55125e+22	3.70e-04	1.00e+00	2.09e-21
 2.57196e+22	3.85e-04	1.00e+00	2.49e-21
 2.59576e+22	4.05e-04	1.00e+00	3.14e-21
 2.61998e+22	4.22e-04	1.00e+00	3.77e-21
 2.64474e+22	4.44e-04	1.00e+00	4.75e-21
 2.67012e+22	4.64e-04	1.00e+00	5.83e-21
 2.69251e+22	4.83e-04	1.00e+00	7.02e-21
 2.71781e+22	5.08e-04	9.99e-01	8.91e-21
 2.74428e+22	5.32e-04	9.99e-01	1.11e-20
 2.76833e+22	5.55e-04	9.99e-01	1.36e-20
 2.79567e+22	5.86e-04	9.99e-01	1.76e-20
 2.82370e+22	6.15e-04	9.99e-01	2.21e-20
 2.84854e+22	6.43e-04	9.99e-01	2.73e-20
 2.87673e+22	6.79e-04	9.99e-01	3.58e-20
 2.90582e+22	7.13e-04	9.99e-01	4.58e-20
 2.93187e+22	7.46e-04	9.99e-01	5.74e-20
 2.96152e+22	7.90e-04	9.99e-01	7.70e-20
 2.99150e+22	8.30e-04	9.99e-01	1.00e-19
 3.01775e+22	8.69e-04	9.99e-01	1.26e-19
 3.04772e+22	9.20e-04	9.99e-01	1.73e-19
 3.07838e+22	9.66e-04	9.99e-01	2.32e-19
 3.10568e+22	1.01e-03	9.99e-01	3.01e-19
 3.13688e+22	1.07e-03	9.99e-01	4.21e-19
 3.16878e+22	1.13e-03	9.99e-01	5.94e-19
 3.19699e+22	1.19e-03	9.99e-01	7.94e-19
 3.22457e+22	1.24e-03	9.99e-01	1.06e-18
 3.25592e+22	1.32e-03	9.99e-01	1.54e-18
 3.28763e+22	1.38e-03	9.99e-01	2.39e-18
 3.31518e+22	1.45e-03	9.99e-01	3.25e-18
 3.34638e+22	1.53e-03	9.98e-01	4.99e-18
 3.37715e+22	1.60e-03	9.98e-01	7.62e-18
 3.40336e+22	1.68e-03	9.98e-01	1.12e-17
 3.43343e+22	1.77e-03	9.98e-01	2.39e-17
 3.46387e+22	1.85e-03	9.98e-01	3.82e-17
 3.48843e+22	1.92e-03	9.98e-01	8.20e-17
 3.51400e+22	2.01e-03	9.98e-01	1.73e-16
 3.53965e+22	2.08e-03	9.98e-01	3.23e-16
 3.56541e+22	2.18e-03	9.98e-01	6.90e-16
 3.59170e+22	2.26e-03	9.98e-01	2.16e-15
 3.61475e+22	2.35e-03	9.98e-01	7.86e-15
 3.64078e+22	2.46e-03	9.98e-01	4.43e-14
 3.66718e+22	2.55e-03	9.97e-01	1.42e-13
 3.69408e+22	2.67e-03	9.97e-01	2.97e-13
 3.72129e+22	2.77e-03	9.97e-01	4.20e-13
 3.74892e+22	2.91e-03	9.97e-01	5.42e-13
 3.77692e+22	3.02e-03	9.97e-01	6.53e-13
 3.80086e+22	3.13e-03	9.97e-01	7.67e-13
 3.82743e+22	3.27e-03	9.97e-01	9.38e-13
 3.85532e+22	3.40e-03	9.97e-01	1.10e-12
 3.88493e+22	3.57e-03	9.96e-01	1.35e-12
 3.91494e+22	3.72e-03	9.96e-01	1.60e-12
 3.94548e+22	3.92e-03	9.96e-01	1.97e-12
 3.97654e+22	4.08e-03	9.96e-01	2.32e-12
 4.00828e+22	4.30e-03	9.96e-01	2.84e-12
 4.03692e+22	4.43e-03	9.96e-01	3.21e-12
 4.06153e+22	4.61e-03	9.95e-01	3.71e-12
 4.08688e+22	4.76e-03	9.95e-01	4.19e-12
 4.11320e+22	4.96e-03	9.95e-01	4.86e-12
 4.14002e+22	5.13e-03	9.95e-01	5.49e-12
 4.16749e+22	5.37e-03	9.95e-01	6.41e-12
 4.19487e+22	5.54e-03	9.94e-01	7.22e-12
 4.22214e+22	5.79e-03	9.94e-01	8.34e-12
 4.25013e+22	5.99e-03	9.94e-01	9.38e-12
 4.27905e+22	6.27e-03	9.94e-01	1.09e-11
 4.30817e+22	6.48e-03	9.94e-01	1.22e-11
 4.33755e+22	6.78e-03	9.93e-01	1.40e-11
 4.36778e+22	7.02e-03	9.93e-01	1.57e-11
 4.39157e+22	7.21e-03	9.93e-01	1.71e-11
 4.40977e+22	7.36e-03	9.93e-01	1.83e-11
 4.42830e+22	7.56e-03	9.92e-01	1.99e-11
 4.45239e+22	7.83e-03	9.92e-01	2.21e-11
 4.47957e+22	8.12e-03	9.92e-01	2.47e-11
 4.50200e+22	8.29e-03	9.92e-01	2.64e-11
 4.51894e+22	8.47e-03	9.92e-01	2.82e-11
 4.53753e+22	8.71e-03	9.91e-01	3.06e-11
 4.56170e+22	9.03e-03	9.91e-01	3.40e-11
 4.58681e+22	9.29e-03	9.91e-01	3.71e-11
 4.60866e+22	9.54e-03	9.90e-01	4.01e-11
 4.62930e+22	9.80e-03	9.90e-01	4.34e-11
 4.65287e+22	1.01e-02	9.90e-01	4.81e-11
 4.68350e+22	1.06e-02	9.89e-01	5.50e-11
 4.71516e+22	1.10e-02	9.89e-01	6.12e-11
 4.74815e+22	1.16e-02	9.88e-01	7.10e-11
 4.78329e+22	1.22e-02	9.88e-01	8.07e-11
 4.82124e+22	1.29e-02	9.87e-01	9.59e-11
 4.85925e+22	1.35e-02	9.86e-01	1.09e-10
 4.89736e+22	1.45e-02	9.86e-01	1.31e-10
 4.93577e+22	1.52e-02	9.85e-01	1.51e-10
 4.97458e+22	1.64e-02	9.84e-01	1.83e-10
 5.01363e+22	1.74e-02	9.83e-01	2.16e-10
 5.04337e+22	1.82e-02	9.82e-01	2.41e-10
 5.07240e+22	1.95e-02	9.81e-01	2.88e-10
 5.10121e+22	2.05e-02	9.79e-01	3.29e-10
 5.12975e+22	2.21e-02	9.78e-01	3.96e-10
 5.15882e+22	2.35e-02	9.76e-01	4.66e-10
 5.18420e+22	2.52e-02	9.75e-01	5.52e-10
 5.21282e+22	2.75e-02	9.72e-01	6.88e-10
 5.24222e+22	3.00e-02	9.70e-01	8.46e-10
 5.26808e+22	3.27e-02	9.67e-01	1.04e-09
 5.29715e+22	3.67e-02	9.63e-01	1.37e-09
 5.32793e+22	4.14e-02	9.59e-01	1.83e-09
 5.35570e+22	4.69e-02	9.53e-01	2.45e-09
 5.38208e+22	5.35e-02	9.47e-01	3.32e-09
 5.40767e+22	6.12e-02	9.39e-01	4.54e-09
 5.43214e+22	7.04e-02	9.30e-01	6.22e-09
 5.44800e+22	7.65e-02	9.23e-01	7.52e-09
 5.45423e+22	7.95e-02	9.20e-01	8.23e-09
 5.45885e+22	8.20e-02	9.18e-01	8.82e-09
 5.46439e+22	8.49e-02	9.15e-01	9.54e-09
 5.47127e+22	8.90e-02	9.11e-01	1.06e-08
 5.47841e+22	9.33e-02	9.07e-01	1.19e-08
 5.48482e+22	9.74e-02	9.03e-01	1.31e-08
 5.49080e+22	1.02e-01	8.98e-01	1.44e-08
 5.49677e+22	1.06e-01	8.94e-01	1.58e-08
 5.50294e+22	1.11e-01	8.89e-01	1.75e-08
 5.50901e+22	1.16e-01	8.84e-01	1.93e-08
 5.51488e+22	1.21e-01	8.79e-01	2.14e-08
 5.52063e+22	1.26e-01	8.74e-01	2.36e-08
 5.52615e+22	1.32e-01	8.68e-01	2.60e-08
 5.53173e+22	1.37e-01	8.63e-01	2.87e-08
 5.53729e+22	1.43e-01	8.57e-01	3.17e-08
 5.54279e+22	1.50e-01	8.50e-01	3.49e-08
 5.54829e+22	1.56e-01	8.44e-01	3.86e-08
 5.55377e+22	1.63e-01	8.37e-01	4.26e-08
 5.55917e+22	1.70e-01	8.30e-01	4.70e-08
 5.56453e+22	1.77e-01	8.23e-01	5.18e-08
 5.56986e+22	1.85e-01	8.15e-01	5.70e-08
 5.57527e+22	1.93e-01	8.07e-01	6.28e-08
 5.58077e+22	2.01e-01	7.99e-01	6.96e-08
 5.58615e+22	2.10e-01	7.90e-01	7.76e-08
 5.59118e+22	2.18e-01	7.82e-01	8.43e-08
 5.59636e+22	2.27e-01	7.73e-01	9.33e-08
 5.60186e+22	2.37e-01	7.63e-01	1.04e-07
 5.60706e+22	2.47e-01	7.53e-01	1.15e-07
 5.61198e+22	2.56e-01	7.44e-01	1.25e-07
 5.61727e+22	2.67e-01	7.33e-01	1.38e-07
 5.62289e+22	2.79e-01	7.21e-01	1.54e-07
 5.62814e+22	2.90e-01	7.10e-01	1.71e-07
 5.63304e+22	3.00e-01	7.00e-01	1.85e-07
 5.63838e+22	3.12e-01	6.88e-01	2.04e-07
 5.64418e+22	3.25e-01	6.75e-01	2.27e-07
 5.64970e+22	3.38e-01	6.62e-01	2.51e-07
 5.65492e+22	3.49e-01	6.51e-01	2.74e-07
 5.66038e+22	3.62e-01	6.38e-01	3.02e-07
 5.66617e+22	3.76e-01	6.24e-01	3.33e-07
 5.67189e+22	3.90e-01	6.10e-01	3.67e-07
 5.67754e+22	4.03e-01	5.97e-01	4.06e-07
 5.68315e+22	4.16e-01	5.84e-01	4.42e-07
 5.68902e+22	4.31e-01	5.69e-01	4.90e-07
 5.69506e+22	4.45e-01	5.55e-01	5.34e-07
 5.70130e+22	4.59e-01	5.41e-01	5.90e-07
 5.70778e+22	4.75e-01	5.25e-01	6.53e-07
 5.71403e+22	4.89e-01	5.11e-01	7.11e-07
 5.72048e+22	5.04e-01	4.96e-01	7.84e-07
 5.72726e+22	5.18e-01	4.82e-01	8.53e-07
 5.73433e+22	5.33e-01	4.67e-01	9.41e-07
 5.74113e+22	5.48e-01	4.52e-01	1.03e-06
 5.74699e+22	5.59e-01	4.41e-01	1.10e-06
 5.75288e+22	5.71e-01	4.29e-01	1.19e-06
 5.75934e+22	5.83e-01	4.17e-01	1.28e-06
 5.76610e+22	5.96e-01	4.04e-01	1.39e-06
 5.77282e+22	6.08e-01	3.92e-01	1.49e-06
 5.77957e+22	6.19e-01	3.81e-01	1.60e-06
 5.78659e+22	6.31e-01	3.69e-01	1.71e-06
 5.79391e+22	6.43e-01	3.57e-01	1.85e-06
 5.80146e+22	6.54e-01	3.46e-01	1.99e-06
 5.80899e+22	6.65e-01	3.35e-01	2.14e-06
 5.81672e+22	6.76e-01	3.24e-01	2.29e-06
 5.82489e+22	6.87e-01	3.13e-01	2.46e-06
 5.83343e+22	6.98e-01	3.02e-01	2.64e-06
 5.84215e+22	7.08e-01	2.92e-01	2.83e-06
 5.85111e+22	7.18e-01	2.82e-01	3.03e-06
 5.86060e+22	7.27e-01	2.73e-01	3.25e-06
 5.87059e+22	7.37e-01	2.63e-01	3.48e-06
 5.88106e+22	7.46e-01	2.54e-01	3.74e-06
 5.89198e+22	7.55e-01	2.45e-01	4.00e-06
 5.90358e+22	7.64e-01	2.36e-01	4.29e-06
 5.91607e+22	7.73e-01	2.27e-01	4.61e-06
 5.92926e+22	7.81e-01	2.19e-01	4.95e-06
 5.94308e+22	7.89e-01	2.11e-01	5.32e-06
 5.95763e+22	7.96e-01	2.04e-01	5.71e-06
 5.97308e+22	8.03e-01	1.97e-01	6.13e-06
 5.98932e+22	8.10e-01	1.90e-01	6.60e-06
 6.00642e+22	8.16e-01	1.84e-01	7.13e-06
 6.02440e+22	8.22e-01	1.78e-01	7.71e-06
 6.04284e+22	8.28e-01	1.72e-01	8.34e-06
 6.06148e+22	8.34e-01	1.66e-01	9.07e-06
 6.07982e+22	8.39e-01	1.61e-01	9.82e-06
 6.09783e+22	8.44e-01	1.56e-01	1.06e-05
 6.11586e+22	8.49e-01	1.51e-01	1.16e-05
 6.13366e+22	8.53e-01	1.47e-01	1.26e-05
 6.15112e+22	8.58e-01	1.42e-01	1.36e-05
 6.16854e+22	8.62e-01	1.38e-01	1.48e-05
 6.18565e+22	8.66e-01	1.34e-01	1.62e-05
 6.20202e+22	8.70e-01	1.30e-01	1.76e-05
 6.21798e+22	8.73e-01	1.27e-01	1.91e-05
 6.23366e+22	8.77e-01	1.23e-01	2.09e-05
 6.24903e+22	8.80e-01	1.20e-01	2.28e-05
 6.26397e+22	8.83e-01	1.17e-01	2.48e-05
 6.27846e+22	8.86e-01	1.13e-01	2.70e-05
 6.29263e+22	8.89e-01	1.10e-01	2.94e-05
 6.30670e+22	8.92e-01	1.08e-01	3.21e-05
 6.32065e+22	8.95e-01	1.05e-01	3.52e-05
 6.33413e+22	8.98e-01	1.02e-01	3.85e-05
 6.34723e+22	9.01e-01	9.92e-02	4.20e-05
 6.36005e+22	9.03e-01	9.67e-02	4.59e-05
 6.37232e+22	9.06e-01	9.43e-02	5.01e-05
 6.38383e+22	9.08e-01	9.20e-02	5.44e-05
 6.39464e+22	9.10e-01	8.99e-02	5.90e-05
 6.40495e+22	9.12e-01	8.79e-02	6.39e-05
 6.41300e+22	9.13e-01	8.67e-02	6.79e-05
 6.41783e+22	9.14e-01	8.62e-02	7.05e-05
 6.42112e+22	9.14e-01	8.59e-02	7.22e-05
 6.42428e+22	9.14e-01	8.55e-02	7.41e-05
 6.42787e+22	9.15e-01	8.47e-02	7.64e-05
 6.43156e+22	9.16e-01	8.40e-02	7.88e-05
 6.43508e+22	9.17e-01	8.32e-02	8.12e-05
 6.43853e+22	9.17e-01	8.26e-02	8.35e-05
 6.44199e+22	9.18e-01	8.19e-02	8.60e-05
 6.44553e+22	9.19e-01	8.12e-02	8.86e-05
 6.44908e+22	9.19e-01	8.05e-02	9.13e-05
 6.45260e+22	9.20e-01	7.98e-02	9.41e-05
 6.45607e+22	9.21e-01	7.92e-02	9.68e-05
 6.45961e+22	9.21e-01	7.85e-02	9.94e-05
 6.46337e+22	9.22e-01	7.77e-02	1.02e-04
 6.46730e+22	9.23e-01	7.68e-02	1.06e-04
 6.47114e+22	9.24e-01	7.62e-02	1.09e-04
 6.47493e+22	9.24e-01	7.55e-02	1.12e-04
 6.47885e+22	9.25e-01	7.46e-02	1.15e-04
 6.48273e+22	9.26e-01	7.40e-02	1.18e-04
 6.48663e+22	9.27e-01	7.32e-02	1.22e-04
 6.49068e+22	9.27e-01	7.23e-02	1.26e-04
 6.49469e+22	9.28e-01	7.17e-02	1.29e-04
 6.49870e+22	9.29e-01	7.08e-02	1.33e-04
 6.50280e+22	9.30e-01	7.02e-02	1.37e-04
 6.50702e+22	9.30e-01	6.92e-02	1.42e-04
 6.51112e+22	9.31e-01	6.86e-02	1.46e-04
 6.51512e+22	9.32e-01	6.78e-02	1.49e-04
 6.51911e+22	9.33e-01	6.71e-02	1.53e-04
 6.52319e+22	9.33e-01	6.63e-02	1.57e-04
 6.52733e+22	9.34e-01	6.55e-02	1.61e-04
 6.53162e+22	9.35e-01	6.48e-02	1.65e-04
 6.53604e+22	9.36e-01	6.39e-02	1.69e-04
 6.54056e+22	9.37e-01	6.31e-02	1.73e-04
 6.54517e+22	9.37e-01	6.23e-02	1.77e-04
 6.54936e+22	9.38e-01	6.15e-02	1.81e-04
 6.55317e+22	9.39e-01	6.11e-02	1.84e-04
 6.55735e+22	9.39e-01	6.03e-02	1.89e-04
 6.56186e+22	9.40e-01	5.95e-02	1.94e-04
 6.56597e+22	9.41e-01	5.87e-02	1.98e-04
 6.56971e+22	9.41e-01	5.83e-02	2.02e-04
 6.57380e+22	9.42e-01	5.75e-02	2.06e-04
 6.57822e+22	9.43e-01	5.68e-02	2.10e-04
 6.58224e+22	9.44e-01	5.60e-02	2.14e-04
 6.58590e+22	9.44e-01	5.57e-02	2.17e-04
 6.58992e+22	9.45e-01	5.50e-02	2.21e-04
 6.59425e+22	9.45e-01	5.42e-02	2.25e-04
 6.59819e+22	9.46e-01	5.38e-02	2.28e-04
 6.60250e+22	9.46e-01	5.31e-02	2.31e-04
 6.60717e+22	9.47e-01	5.24e-02	2.35e-04
 6.61227e+22	9.48e-01	5.16e-02	2.38e-04
 6.61779e+22	9.49e-01	5.08e-02	2.42e-04
 6.62281e+22	9.49e-01	5.01e-02	2.45e-04
 6.62737e+22	9.50e-01	4.97e-02	2.48e-04
 6.63238e+22	9.51e-01	4.90e-02	2.50e-04
 6.63778e+22	9.51e-01	4.83e-02	2.53e-04
 6.64270e+22	9.52e-01	4.76e-02	2.55e-04
 6.64717e+22	9.52e-01	4.73e-02	2.57e-04
 6.65207e+22	9.53e-01	4.66e-02	2.59e-04
 6.65737e+22	9.54e-01	4.59e-02	2.61e-04
 6.66218e+22	9.54e-01	4.53e-02	2.62e-04
 6.66657e+22	9.55e-01	4.50e-02	2.63e-04
 6.67137e+22	9.55e-01	4.43e-02	2.63e-04
 6.67655e+22	9.56e-01	4.36e-02	2.64e-04
 6.68127e+22	9.56e-01	4.30e-02	2.64e-04
 6.68557e+22	9.57e-01	4.27e-02	2.65e-04
 6.69027e+22	9.57e-01	4.21e-02	2.65e-04
 6.69535e+22	9.58e-01	4.15e-02	2.65e-04
 6.69997e+22	9.59e-01	4.09e-02	2.64e-04
 6.70418e+22	9.59e-01	4.06e-02	2.65e-04
 6.70879e+22	9.59e-01	4.01e-02	2.64e-04
 6.71376e+22	9.60e-01	3.95e-02	2.63e-04
 6.71829e+22	9.60e-01	3.90e-02	2.60e-04
 6.72241e+22	9.61e-01	3.87e-02	2.60e-04
 6.72693e+22	9.61e-01	3.82e-02	2.58e-04
 6.73180e+22	9.62e-01	3.76e-02	2.56e-04
 6.73624e+22	9.62e-01	3.72e-02	2.53e-04
 6.74027e+22	9.63e-01	3.69e-02	2.53e-04
 6.74470e+22	9.63e-01	3.64e-02	2.50e-04
 6.74947e+22	9.64e-01	3.59e-02	2.49e-04
 6.75382e+22	9.64e-01	3.56e-02	2.47e-04
 6.75858e+22	9.64e-01	3.51e-02	2.45e-04
 6.76372e+22	9.65e-01	3.47e-02	2.44e-04
 6.76935e+22	9.65e-01	3.42e-02	2.41e-04
 6.77544e+22	9.66e-01	3.36e-02	2.40e-04
 6.78097e+22	9.66e-01	3.32e-02	2.37e-04
 6.78601e+22	9.67e-01	3.29e-02	2.36e-04
 6.79152e+22	9.67e-01	3.24e-02	2.33e-04
 6.79748e+22	9.68e-01	3.19e-02	2.32e-04
 6.80290e+22	9.68e-01	3.16e-02	2.30e-04
 6.80885e+22	9.69e-01	3.10e-02	2.27e-04
 6.81526e+22	9.69e-01	3.05e-02	2.25e-04
 6.82110e+22	9.69e-01	3.02e-02	2.24e-04
 6.82749e+22	9.70e-01	2.96e-02	2.21e-04
 6.83440e+22	9.70e-01	2.92e-02	2.19e-04
 6.84068e+22	9.71e-01	2.88e-02	2.17e-04
 6.84640e+22	9.71e-01	2.85e-02	2.15e-04
 6.85266e+22	9.72e-01	2.80e-02	2.13e-04
 6.85943e+22	9.72e-01	2.75e-02	2.11e-04
 6.86558e+22	9.72e-01	2.72e-02	2.09e-04
 6.87118e+22	9.73e-01	2.69e-02	2.08e-04
 6.87732e+22	9.73e-01	2.64e-02	2.05e-04
 6.88395e+22	9.74e-01	2.60e-02	2.04e-04
 6.88998e+22	9.74e-01	2.57e-02	2.02e-04
 6.89658e+22	9.74e-01	2.53e-02	2.00e-04
 6.90372e+22	9.75e-01	2.49e-02	1.99e-04
 6.91021e+22	9.75e-01	2.46e-02	1.97e-04
 6.91732e+22	9.75e-01	2.41e-02	1.95e-04
 6.92500e+22	9.76e-01	2.37e-02	1.94e-04
 6.93199e+22	9.76e-01	2.34e-02	1.93e-04
 6.93835e+22	9.76e-01	2.31e-02	1.91e-04
 6.94532e+22	9.77e-01	2.27e-02	1.90e-04
 6.95284e+22	9.77e-01	2.24e-02	1.89e-04
 6.95969e+22	9.78e-01	2.21e-02	1.87e-04
 6.96719e+22	9.78e-01	2.17e-02	1.86e-04
 6.97529e+22	9.78e-01	2.13e-02	1.85e-04
 6.98266e+22	9.79e-01	2.10e-02	1.84e-04
 6.99073e+22	9.79e-01	2.06e-02	1.82e-04
 6.99945e+22	9.79e-01	2.03e-02	1.81e-04
 7.00739e+22	9.80e-01	2.00e-02	1.80e-04
 7.01608e+22	9.80e-01	1.96e-02	1.79e-04
 7.02547e+22	9.80e-01	1.92e-02	1.78e-04
 7.03401e+22	9.81e-01	1.89e-02	1.77e-04
 7.04178e+22	9.81e-01	1.86e-02	1.76e-04
 7.05030e+22	9.81e-01	1.83e-02	1.75e-04
 7.05949e+22	9.82e-01	1.80e-02	1.75e-04
 7.06786e+22	9.82e-01	1.77e-02	1.74e-04
 7.07547e+22	9.82e-01	1.75e-02	1.73e-04
 7.08382e+22	9.83e-01	1.71e-02	1.73e-04
 7.09282e+22	9.83e-01	1.69e-02	1.72e-04
 7.10102e+22	9.83e-01	1.66e-02	1.72e-04
 7.11000e+22	9.83e-01	1.63e-02	1.71e-04
 7.11970e+22	9.84e-01	1.60e-02	1.70e-04
 7.12852e+22	9.84e-01	1.58e-02	1.70e-04
 7.13819e+22	9.84e-01	1.54e-02	1.69e-04
 7.14863e+22	9.85e-01	1.51e-02	1.69e-04
 7.15813e+22	9.85e-01	1.49e-02	1.68e-04
 7.16678e+22	9.85e-01	1.47e-02	1.68e-04
 7.17625e+22	9.85e-01	1.44e-02	1.68e-04
 7.18647e+22	9.86e-01	1.41e-02	1.68e-04
 7.19578e+22	9.86e-01	1.39e-02	1.67e-04
 7.20598e+22	9.86e-01	1.36e-02	1.67e-04
 7.21699e+22	9.86e-01	1.34e-02	1.67e-04
 7.22701e+22	9.87e-01	1.31e-02	1.67e-04
 7.23798e+22	9.87e-01	1.28e-02	1.67e-04
 7.24984e+22	9.87e-01	1.26e-02	1.67e-04
 7.26062e+22	9.87e-01	1.24e-02	1.67e-04
 7.27043e+22	9.88e-01	1.22e-02	1.68e-04
 7.28119e+22	9.88e-01	1.19e-02	1.67e-04
 7.29280e+22	9.88e-01	1.17e-02	1.68e-04
 7.30336e+22	9.88e-01	1.15e-02	1.68e-04
 7.31494e+22	9.88e-01	1.12e-02	1.68e-04
 7.32744e+22	9.89e-01	1.10e-02	1.69e-04
 7.34114e+22	9.89e-01	1.07e-02	1.72e-04
 7.35647e+22	9.89e-01	1.04e-02	1.75e-04
 7.37231e+22	9.90e-01	1.01e-02	1.76e-04
 7.38874e+22	9.90e-01	9.86e-03	1.78e-04
 7.40538e+22	9.90e-01	9.59e-03	1.80e-04
 7.42231e+22	9.90e-01	9.32e-03	1.82e-04
 7.43941e+22	9.91e-01	9.05e-03	1.84e-04
 7.45670e+22	9.91e-01	8.79e-03	1.86e-04
 7.47415e+22	9.91e-01	8.53e-03	1.88e-04
 7.49177e+22	9.91e-01	8.29e-03	1.91e-04
 7.50956e+22	9.92e-01	8.04e-03	1.94e-04
 7.52752e+22	9.92e-01	7.80e-03	1.97e-04
 7.54564e+22	9.92e-01	7.57e-03	2.00e-04
 7.56392e+22	9.92e-01	7.34e-03	2.03e-04
 7.58227e+22	9.92e-01	7.12e-03	2.06e-04
 7.60078e+22	9.93e-01	6.91e-03	2.10e-04
 7.61949e+22	9.93e-01	6.70e-03	2.14e-04
 7.63831e+22	9.93e-01	6.49e-03	2.18e-04
 7.65733e+22	9.93e-01	6.29e-03	2.22e-04
 7.67650e+22	9.93e-01	6.10e-03	2.26e-04
 7.69583e+22	9.94e-01	5.90e-03	2.31e-04
 7.71532e+22	9.94e-01	5.72e-03	2.36e-04
 7.73496e+22	9.94e-01	5.54e-03	2.40e-04
 7.75477e+22	9.94e-01	5.36e-03	2.46e-04
 7.77486e+22	9.94e-01	5.19e-03	2.51e-04
 7.79538e+22	9.94e-01	5.02e-03	2.57e-04
 7.81624e+22	9.95e-01	4.85e-03	2.62e-04
 7.83735e+22	9.95e-01	4.69e-03	2.69e-04
 7.85873e+22	9.95e-01	4.53e-03	2.76e-04
 7.88037e+22	9.95e-01	4.37e-03	2.84e-04
 7.90229e+22	9.95e-01	4.22e-03	2.92e-04
 7.92452e+22	9.95e-01	4.07e-03	3.00e-04
 7.94714e+22	9.95e-01	3.93e-03	3.08e-04
 7.97019e+22	9.96e-01	3.79e-03	3.17e-04
 7.99372e+22	9.96e-01	3.65e-03	3.26e-04
 8.01793e+22	9.96e-01	3.51e-03	3.35e-04
 8.04279e+22	9.96e-01	3.38e-03	3.45e-04
 8.06821e+22	9.96e-01	3.24e-03	3.55e-04
 8.09427e+22	9.96e-01	3.11e-03	3.65e-04
 8.12072e+22	9.96e-01	2.99e-03	3.75e-04
 8.14726e+22	9.96e-01	2.87e-03	3.85e-04
 8.17393e+22	9.96e-01	2.76e-03	3.96e-04
 8.20074e+22	9.97e-01	2.65e-03	4.06e-04
 8.22770e+22	9.97e-01	2.55e-03	4.16e-04
 8.25444e+22	9.97e-01	2.45e-03	4.26e-04
 8.28165e+22	9.97e-01	2.35e-03	4.37e-04
 8.30931e+22	9.97e-01	2.26e-03	4.47e-04
 8.33669e+22	9.97e-01	2.17e-03	4.57e-04
 8.36419e+22	9.97e-01	2.09e-03	4.67e-04
 8.39178e+22	9.97e-01	2.01e-03	4.77e-04
 8.41943e+22	9.97e-01	1.94e-03	4.87e-04
 8.44711e+22	9.97e-01	1.86e-03	4.97e-04
 8.47480e+22	9.97e-01	1.80e-03	5.06e-04
 8.50085e+22	9.97e-01	1.74e-03	5.14e-04
 8.52512e+22	9.97e-01	1.68e-03	5.21e-04
 8.55019e+22	9.97e-01	1.62e-03	5.27e-04
 8.57662e+22	9.97e-01	1.56e-03	5.33e-04
 8.60308e+22	9.97e-01	1.51e-03	5.36e-04
 8.62875e+22	9.97e-01	1.45e-03	5.38e-04
 8.65367e+22	9.98e-01	1.39e-03	5.38e-04
 8.67783e+22	9.98e-01	1.34e-03	5.37e-04
 8.70069e+22	9.98e-01	1.29e-03	5.34e-04
 8.72174e+22	9.98e-01	1.24e-03	5.30e-04
 8.74119e+22	9.98e-01	1.20e-03	5.25e-04
 8.75959e+22	9.98e-01	1.16e-03	5.20e-04
 8.77730e+22	9.98e-01	1.12e-03	5.14e-04
 8.79455e+22	9.98e-01	1.09e-03	5.08e-04
 8.81153e+22	9.98e-01	1.05e-03	5.02e-04
 8.82836e+22	9.98e-01	1.02e-03	4.95e-04
 8.84513e+22	9.98e-01	9.85e-04	4.89e-04
 8.86153e+22	9.98e-01	9.56e-04	4.83e-04
 8.87808e+22	9.98e-01	9.24e-04	4.76e-04
 8.89452e+22	9.98e-01	8.96e-04	4.70e-04
 8.91083e+22	9.98e-01	8.67e-04	4.62e-04
 8.92731e+22	9.98e-01	8.40e-04	4.56e-04
 8.94388e+22	9.98e-01	8.13e-04	4.48e-04
 8.96066e+22	9.98e-01	7.87e-04	4.41e-04
 8.97752e+22	9.98e-01	7.61e-04	4.32e-04
 8.99462e+22	9.98e-01	7.36e-04	4.24e-04
 9.01187e+22	9.98e-01	7.11e-04	4.15e-04
 9.02930e+22	9.99e-01	6.87e-04	4.07e-04
 9.04677e+22	9.99e-01	6.63e-04	3.98e-04
 9.06439e+22	9.99e-01	6.40e-04	3.88e-04
 9.08220e+22	9.99e-01	6.18e-04	3.79e-04
 9.10007e+22	9.99e-01	5.96e-04	3.69e-04
 9.11786e+22	9.99e-01	5.75e-04	3.59e-04
 9.13526e+22	9.99e-01	5.56e-04	3.49e-04
 9.15243e+22	9.99e-01	5.36e-04	3.40e-04
 9.16963e+22	9.99e-01	5.18e-04	3.30e-04
 9.18679e+22	9.99e-01	5.00e-04	3.20e-04
 9.20386e+22	9.99e-01	4.82e-04	3.10e-04
 9.22082e+22	9.99e-01	4.65e-04	3.00e-04
 9.23761e+22	9.99e-01	4.49e-04	2.90e-04
 9.25149e+22	9.99e-01	4.38e-04	2.83e-04
