#depth	Cl	Cl+	Cl+2	Cl+3	Cl+4	Cl+5	Cl+6	Cl+7	Cl+8	Cl+9	Cl+10	Cl+11	Cl+12	Cl+13	Cl+14	Cl+15	Cl+16	Cl+17
 1.54284e+22	0.00e+00	4.18e-24	1.71e-20	2.09e-17	6.01e-15	1.04e-12	1.51e-10	9.97e-08	6.64e-06	1.69e-04	1.76e-03	1.10e-02	3.46e-02	5.99e-02	1.18e-01	4.75e-01	2.55e-01	4.46e-02
 3.48224e+22	0.00e+00	2.08e-21	4.73e-18	3.03e-15	4.27e-13	3.51e-11	2.52e-09	2.00e-06	1.19e-04	2.34e-03	1.63e-02	6.55e-02	1.28e-01	1.30e-01	1.47e-01	3.78e-01	1.21e-01	1.27e-02
 4.05060e+22	0.00e+00	3.64e-20	6.08e-17	2.71e-14	2.62e-12	1.45e-10	7.31e-09	6.59e-06	3.82e-04	6.72e-03	3.85e-02	1.24e-01	1.93e-01	1.52e-01	1.34e-01	2.77e-01	6.86e-02	5.61e-03
 4.30829e+22	0.00e+00	1.44e-19	2.06e-16	7.66e-14	6.15e-12	2.80e-10	1.20e-08	1.11e-05	6.28e-04	1.05e-02	5.50e-02	1.58e-01	2.21e-01	1.55e-01	1.21e-01	2.26e-01	4.91e-02	3.54e-03
 4.41566e+22	0.00e+00	2.00e-19	2.77e-16	9.87e-14	7.58e-12	3.30e-10	1.35e-08	1.25e-05	7.05e-04	1.17e-02	5.97e-02	1.67e-01	2.27e-01	1.55e-01	1.17e-01	2.13e-01	4.50e-02	3.14e-03
 4.45759e+22	0.00e+00	2.73e-19	3.64e-16	1.25e-13	9.18e-12	3.83e-10	1.51e-08	1.39e-05	7.83e-04	1.28e-02	6.42e-02	1.75e-01	2.33e-01	1.55e-01	1.14e-01	2.02e-01	4.14e-02	2.81e-03
 4.50430e+22	0.00e+00	4.00e-19	5.11e-16	1.67e-13	1.17e-11	4.62e-10	1.74e-08	1.59e-05	8.89e-04	1.43e-02	7.01e-02	1.85e-01	2.39e-01	1.54e-01	1.09e-01	1.88e-01	3.72e-02	2.43e-03
 4.55240e+22	0.00e+00	5.48e-19	6.77e-16	2.12e-13	1.42e-11	5.39e-10	1.95e-08	1.78e-05	9.85e-04	1.57e-02	7.52e-02	1.94e-01	2.43e-01	1.52e-01	1.05e-01	1.77e-01	3.40e-02	2.16e-03
 4.60217e+22	0.00e+00	8.09e-19	9.59e-16	2.85e-13	1.82e-11	6.54e-10	2.26e-08	2.03e-05	1.12e-03	1.75e-02	8.18e-02	2.04e-01	2.48e-01	1.50e-01	1.00e-01	1.64e-01	3.03e-02	1.85e-03
 4.65169e+22	0.00e+00	1.09e-18	1.25e-15	3.57e-13	2.20e-11	7.59e-10	2.53e-08	2.25e-05	1.23e-03	1.90e-02	8.71e-02	2.12e-01	2.52e-01	1.49e-01	9.68e-02	1.55e-01	2.77e-02	1.64e-03
 4.70141e+22	3.39e-32	1.60e-18	1.76e-15	4.78e-13	2.80e-11	9.17e-10	2.92e-08	2.55e-05	1.38e-03	2.11e-02	9.41e-02	2.21e-01	2.55e-01	1.46e-01	9.20e-02	1.43e-01	2.46e-02	1.41e-03
 4.75207e+22	4.64e-32	2.13e-18	2.28e-15	5.96e-13	3.37e-11	1.06e-09	3.27e-08	2.81e-05	1.50e-03	2.28e-02	9.97e-02	2.29e-01	2.58e-01	1.44e-01	8.84e-02	1.34e-01	2.24e-02	1.25e-03
 4.80398e+22	7.01e-32	3.13e-18	3.20e-15	7.97e-13	4.30e-11	1.29e-09	3.79e-08	3.18e-05	1.68e-03	2.52e-02	1.07e-01	2.38e-01	2.60e-01	1.40e-01	8.36e-02	1.23e-01	1.98e-02	1.06e-03
 4.85432e+22	9.24e-32	4.03e-18	4.02e-15	9.69e-13	5.06e-11	1.47e-09	4.19e-08	3.46e-05	1.82e-03	2.69e-02	1.12e-01	2.44e-01	2.61e-01	1.38e-01	8.04e-02	1.16e-01	1.82e-02	9.50e-04
 4.90263e+22	1.33e-31	5.65e-18	5.43e-15	1.26e-12	6.29e-11	1.75e-09	4.79e-08	3.86e-05	2.00e-03	2.92e-02	1.20e-01	2.52e-01	2.62e-01	1.34e-01	7.62e-02	1.07e-01	1.62e-02	8.18e-04
 4.95231e+22	1.78e-31	7.35e-18	6.89e-15	1.54e-12	7.47e-11	2.00e-09	5.33e-08	4.21e-05	2.16e-03	3.12e-02	1.25e-01	2.58e-01	2.63e-01	1.31e-01	7.30e-02	1.00e-01	1.48e-02	7.26e-04
 5.00377e+22	2.60e-31	1.04e-17	9.42e-15	2.01e-12	9.35e-11	2.40e-09	6.12e-08	4.70e-05	2.39e-03	3.39e-02	1.33e-01	2.66e-01	2.63e-01	1.27e-01	6.88e-02	9.18e-02	1.30e-02	6.19e-04
 5.05587e+22	3.43e-31	1.35e-17	1.19e-14	2.46e-12	1.11e-10	2.75e-09	6.80e-08	5.12e-05	2.57e-03	3.61e-02	1.39e-01	2.71e-01	2.62e-01	1.24e-01	6.57e-02	8.60e-02	1.19e-02	5.49e-04
 5.10878e+22	4.94e-31	1.89e-17	1.60e-14	3.18e-12	1.38e-10	3.28e-09	7.81e-08	5.70e-05	2.82e-03	3.90e-02	1.47e-01	2.78e-01	2.61e-01	1.20e-01	6.18e-02	7.87e-02	1.05e-02	4.68e-04
 5.16127e+22	6.50e-31	2.43e-17	2.01e-14	3.87e-12	1.62e-10	3.74e-09	8.66e-08	6.17e-05	3.02e-03	4.13e-02	1.53e-01	2.83e-01	2.60e-01	1.17e-01	5.90e-02	7.35e-02	9.55e-03	4.15e-04
 5.21322e+22	9.27e-31	3.37e-17	2.69e-14	4.97e-12	2.01e-10	4.44e-09	9.89e-08	6.84e-05	3.30e-03	4.45e-02	1.61e-01	2.88e-01	2.58e-01	1.13e-01	5.54e-02	6.72e-02	8.43e-03	3.54e-04
 5.26570e+22	1.20e-30	4.27e-17	3.33e-14	5.99e-12	2.35e-10	5.05e-09	1.09e-07	7.39e-05	3.52e-03	4.70e-02	1.67e-01	2.92e-01	2.57e-01	1.10e-01	5.28e-02	6.28e-02	7.68e-03	3.14e-04
 5.31886e+22	1.70e-30	5.88e-17	4.44e-14	7.67e-12	2.90e-10	5.99e-09	1.25e-07	8.18e-05	3.84e-03	5.04e-02	1.75e-01	2.97e-01	2.54e-01	1.05e-01	4.95e-02	5.73e-02	6.76e-03	2.67e-04
 5.37305e+22	2.22e-30	7.50e-17	5.53e-14	9.27e-12	3.41e-10	6.83e-09	1.39e-07	8.85e-05	4.10e-03	5.31e-02	1.81e-01	3.01e-01	2.52e-01	1.02e-01	4.70e-02	5.33e-02	6.13e-03	2.36e-04
 5.42859e+22	3.15e-30	1.03e-16	7.38e-14	1.19e-11	4.21e-10	8.11e-09	1.59e-07	9.80e-05	4.46e-03	5.69e-02	1.90e-01	3.05e-01	2.48e-01	9.78e-02	4.39e-02	4.84e-02	5.37e-03	2.00e-04
 5.48516e+22	1.05e-30	1.32e-16	9.20e-14	1.44e-11	4.96e-10	9.28e-09	1.77e-07	1.06e-04	4.76e-03	5.99e-02	1.96e-01	3.08e-01	2.45e-01	9.45e-02	4.16e-02	4.49e-02	4.85e-03	1.76e-04
 5.54305e+22	1.50e-30	1.82e-16	1.23e-13	1.85e-11	6.14e-10	1.10e-08	2.03e-07	1.18e-04	5.18e-03	6.40e-02	2.05e-01	3.11e-01	2.41e-01	9.01e-02	3.86e-02	4.06e-02	4.23e-03	1.48e-04
 5.60206e+22	1.96e-30	2.33e-16	1.53e-13	2.25e-11	7.25e-10	1.27e-08	2.26e-07	1.28e-04	5.54e-03	6.74e-02	2.12e-01	3.14e-01	2.37e-01	8.67e-02	3.65e-02	3.76e-02	3.81e-03	1.29e-04
 5.65377e+22	2.54e-30	2.96e-16	1.90e-13	2.71e-11	8.50e-10	1.44e-08	2.51e-07	1.38e-04	5.89e-03	7.08e-02	2.18e-01	3.15e-01	2.33e-01	8.35e-02	3.45e-02	3.48e-02	3.43e-03	1.13e-04
 5.71228e+22	3.56e-30	4.03e-16	2.51e-13	3.45e-11	1.05e-09	1.71e-08	2.87e-07	1.52e-04	6.38e-03	7.53e-02	2.27e-01	3.17e-01	2.28e-01	7.94e-02	3.20e-02	3.14e-02	2.99e-03	9.55e-05
 5.77088e+22	4.54e-30	5.02e-16	3.07e-13	4.11e-11	1.22e-09	1.94e-08	3.17e-07	1.64e-04	6.78e-03	7.87e-02	2.33e-01	3.18e-01	2.25e-01	7.64e-02	3.03e-02	2.92e-02	2.71e-03	8.44e-05
 5.82958e+22	6.35e-30	6.82e-16	4.05e-13	5.22e-11	1.49e-09	2.29e-08	3.62e-07	1.81e-04	7.33e-03	8.35e-02	2.41e-01	3.20e-01	2.19e-01	7.24e-02	2.80e-02	2.63e-02	2.36e-03	7.08e-05
 5.88916e+22	8.08e-30	8.50e-16	4.94e-13	6.23e-11	1.74e-09	2.60e-08	4.01e-07	1.96e-04	7.78e-03	8.73e-02	2.47e-01	3.20e-01	2.15e-01	6.96e-02	2.64e-02	2.44e-02	2.13e-03	6.23e-05
 5.94986e+22	1.12e-29	1.14e-15	6.47e-13	7.87e-11	2.13e-09	3.07e-08	4.58e-07	2.16e-04	8.39e-03	9.24e-02	2.55e-01	3.20e-01	2.09e-01	6.58e-02	2.45e-02	2.19e-02	1.85e-03	5.24e-05
 6.01253e+22	1.46e-29	1.46e-15	8.06e-13	9.54e-11	2.51e-09	3.53e-08	5.12e-07	2.34e-04	8.94e-03	9.67e-02	2.62e-01	3.20e-01	2.04e-01	6.28e-02	2.29e-02	2.01e-02	1.65e-03	4.54e-05
 6.07777e+22	2.03e-29	1.97e-15	1.06e-12	1.21e-10	3.08e-09	4.18e-08	5.87e-07	2.59e-04	9.67e-03	1.02e-01	2.70e-01	3.20e-01	1.98e-01	5.92e-02	2.11e-02	1.80e-02	1.43e-03	3.79e-05
 6.14529e+22	2.69e-29	2.54e-15	1.33e-12	1.48e-10	3.67e-09	4.84e-08	6.60e-07	2.83e-04	1.03e-02	1.07e-01	2.77e-01	3.19e-01	1.93e-01	5.62e-02	1.96e-02	1.64e-02	1.26e-03	3.25e-05
 6.21580e+22	3.80e-29	3.48e-15	1.77e-12	1.90e-10	4.55e-09	5.80e-08	7.63e-07	3.15e-04	1.12e-02	1.14e-01	2.85e-01	3.17e-01	1.86e-01	5.26e-02	1.79e-02	1.46e-02	1.08e-03	2.68e-05
 6.28844e+22	5.09e-29	4.53e-15	2.26e-12	2.35e-10	5.47e-09	6.75e-08	8.62e-07	3.45e-04	1.20e-02	1.19e-01	2.92e-01	3.15e-01	1.80e-01	4.96e-02	1.66e-02	1.32e-02	9.44e-04	2.27e-05
 6.36387e+22	7.30e-29	6.27e-15	3.03e-12	3.05e-10	6.85e-09	8.14e-08	1.00e-06	3.86e-04	1.31e-02	1.26e-01	3.01e-01	3.13e-01	1.73e-01	4.61e-02	1.50e-02	1.16e-02	8.00e-04	1.85e-05
 6.44206e+22	9.92e-29	8.28e-15	3.90e-12	3.81e-10	8.30e-09	9.57e-08	1.14e-06	4.25e-04	1.40e-02	1.33e-01	3.08e-01	3.10e-01	1.67e-01	4.33e-02	1.38e-02	1.04e-02	6.93e-04	1.55e-05
 6.51294e+22	1.34e-28	1.08e-14	4.98e-12	4.73e-10	1.00e-08	1.12e-07	1.30e-06	4.66e-04	1.50e-02	1.39e-01	3.14e-01	3.07e-01	1.61e-01	4.06e-02	1.27e-02	9.35e-03	6.03e-04	1.31e-05
 6.59418e+22	1.94e-28	1.51e-14	6.77e-12	6.19e-10	1.26e-08	1.36e-07	1.52e-06	5.24e-04	1.64e-02	1.47e-01	3.22e-01	3.03e-01	1.54e-01	3.75e-02	1.14e-02	8.15e-03	5.04e-04	1.05e-05
 6.67715e+22	2.65e-28	2.01e-14	8.74e-12	7.76e-10	1.54e-08	1.60e-07	1.73e-06	5.77e-04	1.76e-02	1.54e-01	3.29e-01	2.99e-01	1.47e-01	3.49e-02	1.04e-02	7.26e-03	4.34e-04	8.73e-06
 6.75118e+22	3.56e-28	2.61e-14	1.11e-11	9.61e-10	1.85e-08	1.87e-07	1.96e-06	6.34e-04	1.88e-02	1.61e-01	3.35e-01	2.95e-01	1.41e-01	3.27e-02	9.56e-03	6.49e-03	3.75e-04	7.32e-06
 6.83624e+22	5.31e-28	3.74e-14	1.54e-11	1.28e-09	2.37e-08	2.30e-07	2.32e-06	7.16e-04	2.05e-02	1.70e-01	3.42e-01	2.89e-01	1.34e-01	2.98e-02	8.48e-03	5.57e-03	3.08e-04	5.74e-06
 6.92197e+22	7.13e-28	4.88e-14	1.97e-11	1.59e-09	2.85e-08	2.69e-07	2.63e-06	7.86e-04	2.19e-02	1.78e-01	3.47e-01	2.84e-01	1.28e-01	2.77e-02	7.74e-03	4.97e-03	2.66e-04	4.79e-06
 7.00858e+22	1.06e-27	7.01e-14	2.73e-11	2.11e-09	3.66e-08	3.31e-07	3.11e-06	8.87e-04	2.39e-02	1.88e-01	3.54e-01	2.77e-01	1.20e-01	2.51e-02	6.83e-03	4.24e-03	2.16e-04	3.73e-06
 7.09628e+22	1.44e-27	9.23e-14	3.51e-11	2.64e-09	4.43e-08	3.88e-07	3.55e-06	9.76e-04	2.56e-02	1.96e-01	3.59e-01	2.71e-01	1.14e-01	2.32e-02	6.20e-03	3.75e-03	1.85e-04	3.07e-06
 7.18540e+22	2.14e-27	1.33e-13	4.88e-11	3.52e-09	5.70e-08	4.79e-07	4.20e-06	1.10e-03	2.79e-02	2.06e-01	3.65e-01	2.64e-01	1.07e-01	2.09e-02	5.44e-03	3.18e-03	1.49e-04	2.37e-06
 7.27052e+22	2.80e-27	1.69e-13	6.09e-11	4.28e-09	6.75e-08	5.52e-07	4.71e-06	1.20e-03	2.96e-02	2.13e-01	3.68e-01	2.58e-01	1.02e-01	1.95e-02	4.98e-03	2.84e-03	1.29e-04	1.99e-06
 7.35045e+22	4.01e-27	2.35e-13	8.22e-11	5.56e-09	8.48e-08	6.68e-07	5.50e-06	1.34e-03	3.19e-02	2.23e-01	3.73e-01	2.50e-01	9.57e-02	1.77e-02	4.41e-03	2.43e-03	1.06e-04	1.56e-06
 7.43062e+22	5.23e-27	3.01e-13	1.03e-10	6.76e-09	1.00e-07	7.70e-07	6.17e-06	1.46e-03	3.38e-02	2.31e-01	3.75e-01	2.45e-01	9.11e-02	1.64e-02	4.02e-03	2.16e-03	9.14e-05	1.31e-06
 7.51112e+22	7.40e-27	4.15e-13	1.38e-10	8.74e-09	1.26e-07	9.29e-07	7.18e-06	1.62e-03	3.64e-02	2.41e-01	3.79e-01	2.37e-01	8.51e-02	1.48e-02	3.55e-03	1.85e-03	7.49e-05	1.02e-06
 7.59333e+22	9.80e-27	5.39e-13	1.75e-10	1.08e-08	1.51e-07	1.08e-06	8.13e-06	1.77e-03	3.87e-02	2.50e-01	3.81e-01	2.30e-01	8.04e-02	1.36e-02	3.20e-03	1.63e-03	6.35e-05	8.38e-07
 7.67776e+22	1.41e-26	7.58e-13	2.38e-10	1.41e-08	1.91e-07	1.32e-06	9.56e-06	1.98e-03	4.18e-02	2.61e-01	3.84e-01	2.21e-01	7.45e-02	1.22e-02	2.80e-03	1.37e-03	5.10e-05	6.43e-07
 7.76267e+22	1.85e-26	9.82e-13	3.01e-10	1.73e-08	2.28e-07	1.54e-06	1.08e-05	2.17e-03	4.43e-02	2.69e-01	3.85e-01	2.14e-01	7.02e-02	1.11e-02	2.52e-03	1.20e-03	4.31e-05	5.24e-07
 7.84820e+22	2.63e-26	1.38e-12	4.09e-10	2.27e-08	2.89e-07	1.88e-06	1.27e-05	2.43e-03	4.78e-02	2.81e-01	3.86e-01	2.05e-01	6.47e-02	9.90e-03	2.19e-03	1.00e-03	3.44e-05	3.99e-07
 7.93533e+22	3.50e-26	1.81e-12	5.22e-10	2.82e-08	3.50e-07	2.20e-06	1.45e-05	2.67e-03	5.08e-02	2.90e-01	3.87e-01	1.97e-01	6.05e-02	8.99e-03	1.95e-03	8.69e-04	2.86e-05	3.19e-07
 8.02455e+22	5.01e-26	2.56e-12	7.17e-10	3.73e-08	4.48e-07	2.72e-06	1.73e-05	3.01e-03	5.50e-02	3.02e-01	3.87e-01	1.87e-01	5.52e-02	7.89e-03	1.67e-03	7.17e-04	2.24e-05	2.38e-07
 8.11522e+22	6.64e-26	3.38e-12	9.22e-10	4.65e-08	5.45e-07	3.21e-06	1.98e-05	3.31e-03	5.86e-02	3.12e-01	3.86e-01	1.79e-01	5.12e-02	7.10e-03	1.48e-03	6.13e-04	1.84e-05	1.87e-07
 8.20780e+22	9.48e-26	4.82e-12	1.27e-09	6.18e-08	7.03e-07	3.99e-06	2.37e-05	3.75e-03	6.35e-02	3.25e-01	3.84e-01	1.69e-01	4.63e-02	6.16e-03	1.26e-03	4.98e-04	1.42e-05	1.37e-07
 8.30235e+22	1.26e-25	6.39e-12	1.65e-09	7.77e-08	8.62e-07	4.75e-06	2.75e-05	4.15e-03	6.78e-02	3.35e-01	3.82e-01	1.61e-01	4.26e-02	5.48e-03	1.10e-03	4.20e-04	1.14e-05	0.00e+00
 8.39628e+22	1.75e-25	8.98e-12	2.25e-09	1.03e-07	1.11e-06	5.89e-06	3.29e-05	4.70e-03	7.33e-02	3.48e-01	3.79e-01	1.50e-01	3.83e-02	4.73e-03	9.27e-04	3.40e-04	8.75e-06	0.00e+00
 8.48551e+22	2.21e-25	1.14e-11	2.80e-09	1.25e-07	1.32e-06	6.87e-06	3.75e-05	5.14e-03	7.76e-02	3.57e-01	3.76e-01	1.43e-01	3.54e-02	4.24e-03	8.19e-04	2.91e-04	7.20e-06	0.00e+00
 8.57179e+22	2.97e-25	1.56e-11	3.72e-09	1.61e-07	1.67e-06	8.42e-06	4.45e-05	5.78e-03	8.35e-02	3.69e-01	3.71e-01	1.34e-01	3.18e-02	3.67e-03	6.94e-04	2.36e-04	5.54e-06	0.00e+00
 8.65972e+22	3.73e-25	1.98e-11	4.65e-09	1.98e-07	2.01e-06	9.90e-06	5.11e-05	6.36e-03	8.86e-02	3.79e-01	3.67e-01	1.27e-01	2.91e-02	3.25e-03	6.07e-04	1.99e-04	4.48e-06	0.00e+00
 8.74596e+22	4.84e-25	2.63e-11	6.05e-09	2.51e-07	2.51e-06	1.20e-05	6.04e-05	7.13e-03	9.50e-02	3.90e-01	3.61e-01	1.18e-01	2.61e-02	2.81e-03	5.15e-04	1.62e-04	3.46e-06	0.00e+00
 8.83397e+22	6.00e-25	3.35e-11	7.57e-09	3.09e-07	3.04e-06	1.42e-05	6.98e-05	7.87e-03	1.01e-01	3.99e-01	3.55e-01	1.11e-01	2.37e-02	2.47e-03	4.45e-04	1.35e-04	2.76e-06	0.00e+00
 8.91979e+22	7.46e-25	4.32e-11	9.60e-09	3.85e-07	3.74e-06	1.71e-05	8.19e-05	8.77e-03	1.08e-01	4.09e-01	3.47e-01	1.03e-01	2.12e-02	2.13e-03	3.79e-04	1.10e-04	2.14e-06	0.00e+00
 9.00741e+22	9.11e-25	5.45e-11	1.20e-08	4.73e-07	4.54e-06	2.03e-05	9.53e-05	9.72e-03	1.14e-01	4.19e-01	3.40e-01	9.57e-02	1.91e-02	1.85e-03	3.24e-04	9.07e-05	1.68e-06	0.00e+00
 9.09422e+22	1.11e-24	6.88e-11	1.49e-08	5.83e-07	5.53e-06	2.42e-05	1.11e-04	1.08e-02	1.22e-01	4.28e-01	3.32e-01	8.86e-02	1.71e-02	1.60e-03	2.75e-04	7.39e-05	1.30e-06	0.00e+00
 9.18148e+22	1.33e-24	8.55e-11	1.84e-08	7.13e-07	6.70e-06	2.88e-05	1.30e-04	1.20e-02	1.29e-01	4.36e-01	3.23e-01	8.20e-02	1.53e-02	1.38e-03	2.34e-04	6.04e-05	1.01e-06	0.00e+00
 9.26774e+22	1.57e-24	1.05e-10	2.26e-08	8.67e-07	8.09e-06	3.41e-05	1.51e-04	1.33e-02	1.37e-01	4.44e-01	3.14e-01	7.58e-02	1.36e-02	1.19e-03	1.99e-04	4.93e-05	7.89e-07	0.00e+00
 9.35386e+22	1.85e-24	1.29e-10	2.75e-08	1.05e-06	9.73e-06	4.03e-05	1.76e-04	1.47e-02	1.45e-01	4.51e-01	3.05e-01	6.99e-02	1.21e-02	1.03e-03	1.69e-04	4.02e-05	6.14e-07	0.00e+00
 9.44014e+22	2.16e-24	1.56e-10	3.33e-08	1.27e-06	1.17e-05	4.76e-05	2.04e-04	1.62e-02	1.54e-01	4.58e-01	2.95e-01	6.43e-02	1.08e-02	8.83e-04	1.43e-04	3.28e-05	4.76e-07	0.00e+00
 9.52677e+22	2.50e-24	1.87e-10	4.01e-08	1.52e-06	1.40e-05	5.60e-05	2.37e-04	1.79e-02	1.63e-01	4.64e-01	2.85e-01	5.91e-02	9.59e-03	7.58e-04	1.21e-04	2.66e-05	3.69e-07	0.00e+00
 9.61394e+22	2.89e-24	2.23e-10	4.82e-08	1.82e-06	1.67e-05	6.59e-05	2.76e-04	1.98e-02	1.72e-01	4.69e-01	2.75e-01	5.42e-02	8.50e-03	6.49e-04	1.02e-04	2.16e-05	2.85e-07	0.00e+00
 9.70192e+22	3.33e-24	2.65e-10	5.76e-08	2.18e-06	1.99e-05	7.75e-05	3.20e-04	2.19e-02	1.81e-01	4.74e-01	2.65e-01	4.95e-02	7.51e-03	5.56e-04	8.63e-05	1.75e-05	2.20e-07	0.00e+00
 9.79095e+22	3.84e-24	3.12e-10	6.86e-08	2.60e-06	2.37e-05	9.11e-05	3.72e-04	2.41e-02	1.91e-01	4.78e-01	2.54e-01	4.52e-02	6.63e-03	4.74e-04	7.26e-05	1.41e-05	1.69e-07	0.00e+00
 9.88044e+22	4.41e-24	3.66e-10	8.14e-08	3.08e-06	2.81e-05	1.07e-04	4.31e-04	2.66e-02	2.01e-01	4.80e-01	2.44e-01	4.12e-02	5.85e-03	4.05e-04	6.11e-05	1.14e-05	1.30e-07	0.00e+00
 9.97140e+22	5.09e-24	4.27e-10	9.66e-08	3.67e-06	3.35e-05	1.25e-04	5.01e-04	2.94e-02	2.12e-01	4.83e-01	2.33e-01	3.74e-02	5.14e-03	3.43e-04	5.10e-05	9.15e-06	0.00e+00	0.00e+00
 1.00634e+23	5.87e-24	4.96e-10	1.14e-07	4.34e-06	3.96e-05	1.46e-04	5.80e-04	3.23e-02	2.22e-01	4.84e-01	2.22e-01	3.39e-02	4.52e-03	2.92e-04	4.28e-05	7.37e-06	0.00e+00	0.00e+00
 1.01573e+23	2.51e-23	5.76e-10	1.35e-07	5.16e-06	4.71e-05	1.72e-04	6.75e-04	3.57e-02	2.34e-01	4.84e-01	2.11e-01	3.06e-02	3.94e-03	2.47e-04	3.55e-05	5.87e-06	0.00e+00	0.00e+00
 1.02446e+23	2.87e-23	6.50e-10	1.55e-07	5.93e-06	5.42e-05	1.95e-04	7.63e-04	3.86e-02	2.43e-01	4.83e-01	2.02e-01	2.81e-02	3.53e-03	2.15e-04	3.05e-05	4.88e-06	0.00e+00	0.00e+00
 1.03344e+23	3.37e-23	7.52e-10	1.84e-07	7.07e-06	6.46e-05	2.30e-04	8.91e-04	4.26e-02	2.55e-01	4.82e-01	1.91e-01	2.52e-02	3.06e-03	1.80e-04	2.51e-05	3.85e-06	0.00e+00	0.00e+00
 1.04256e+23	3.89e-23	8.47e-10	2.12e-07	8.13e-06	7.42e-05	2.61e-04	1.01e-03	4.61e-02	2.64e-01	4.80e-01	1.82e-01	2.30e-02	2.73e-03	1.56e-04	2.15e-05	3.18e-06	0.00e+00	0.00e+00
 1.05193e+23	4.65e-23	9.76e-10	2.52e-07	9.70e-06	8.87e-05	3.08e-04	1.18e-03	5.10e-02	2.77e-01	4.76e-01	1.71e-01	2.05e-02	2.35e-03	1.29e-04	1.75e-05	2.48e-06	0.00e+00	0.00e+00
 1.06135e+23	5.44e-23	1.10e-09	2.89e-07	1.11e-05	1.02e-04	3.49e-04	1.33e-03	5.50e-02	2.87e-01	4.73e-01	1.63e-01	1.87e-02	2.10e-03	1.12e-04	1.50e-05	2.06e-06	0.00e+00	0.00e+00
 1.07084e+23	6.59e-23	1.27e-09	3.44e-07	1.33e-05	1.21e-04	4.09e-04	1.55e-03	6.06e-02	2.99e-01	4.67e-01	1.52e-01	1.66e-02	1.80e-03	9.32e-05	1.22e-05	1.61e-06	0.00e+00	0.00e+00
 1.08038e+23	7.75e-23	1.43e-09	3.95e-07	1.52e-05	1.38e-04	4.62e-04	1.74e-03	6.51e-02	3.09e-01	4.63e-01	1.45e-01	1.51e-02	1.60e-03	8.08e-05	1.05e-05	1.33e-06	0.00e+00	0.00e+00
 1.09000e+23	9.53e-23	1.64e-09	4.71e-07	1.81e-05	1.64e-04	5.40e-04	2.02e-03	7.15e-02	3.21e-01	4.56e-01	1.35e-01	1.34e-02	1.38e-03	6.69e-05	8.53e-06	1.04e-06	0.00e+00	0.00e+00
 1.09970e+23	1.13e-22	1.85e-09	5.41e-07	2.07e-05	1.87e-04	6.09e-04	2.26e-03	7.67e-02	3.30e-01	4.49e-01	1.27e-01	1.22e-02	1.22e-03	5.79e-05	7.27e-06	8.55e-07	0.00e+00	0.00e+00
 1.10951e+23	1.41e-22	2.13e-09	6.46e-07	2.46e-05	2.21e-04	7.09e-04	2.62e-03	8.39e-02	3.42e-01	4.41e-01	1.18e-01	1.07e-02	1.05e-03	4.79e-05	5.91e-06	6.65e-07	0.00e+00	0.00e+00
 1.11944e+23	1.69e-22	2.40e-09	7.46e-07	2.83e-05	2.53e-04	7.99e-04	2.93e-03	8.99e-02	3.51e-01	4.33e-01	1.11e-01	9.70e-03	9.27e-04	4.12e-05	5.02e-06	5.47e-07	0.00e+00	0.00e+00
 1.12953e+23	2.14e-22	2.79e-09	8.95e-07	3.37e-05	2.99e-04	9.30e-04	3.39e-03	9.82e-02	3.62e-01	4.23e-01	1.03e-01	8.51e-03	7.90e-04	3.39e-05	4.06e-06	4.23e-07	0.00e+00	0.00e+00
 1.13980e+23	2.62e-22	3.17e-09	1.04e-06	3.89e-05	3.42e-04	1.05e-03	3.79e-03	1.05e-01	3.71e-01	4.14e-01	9.61e-02	7.67e-03	6.97e-04	2.91e-05	3.43e-06	3.46e-07	0.00e+00	0.00e+00
 1.15028e+23	3.38e-22	3.71e-09	1.26e-06	4.66e-05	4.06e-04	1.22e-03	4.38e-03	1.14e-01	3.82e-01	4.02e-01	8.81e-02	6.68e-03	5.90e-04	2.38e-05	2.75e-06	2.65e-07	0.00e+00	0.00e+00
 1.16098e+23	4.19e-22	4.26e-09	1.47e-06	5.39e-05	4.65e-04	1.37e-03	4.90e-03	1.22e-01	3.90e-01	3.93e-01	8.22e-02	5.99e-03	5.17e-04	2.03e-05	2.31e-06	2.15e-07	0.00e+00	0.00e+00
 1.17197e+23	5.54e-22	5.05e-09	1.80e-06	6.51e-05	5.54e-04	1.60e-03	5.66e-03	1.33e-01	3.99e-01	3.79e-01	7.47e-02	5.18e-03	4.35e-04	1.64e-05	1.84e-06	1.63e-07	0.00e+00	0.00e+00
 1.18323e+23	7.03e-22	5.86e-09	2.13e-06	7.60e-05	6.37e-04	1.81e-03	6.33e-03	1.42e-01	4.07e-01	3.68e-01	6.92e-02	4.61e-03	3.78e-04	1.39e-05	1.53e-06	1.31e-07	0.00e+00	0.00e+00
 1.19486e+23	9.52e-22	7.05e-09	2.64e-06	9.26e-05	7.63e-04	2.12e-03	7.33e-03	1.54e-01	4.15e-01	3.53e-01	6.23e-02	3.94e-03	3.14e-04	1.11e-05	1.20e-06	0.00e+00	0.00e+00	0.00e+00
 1.20581e+23	1.18e-21	8.09e-09	3.06e-06	1.06e-04	8.60e-04	2.35e-03	8.04e-03	1.63e-01	4.20e-01	3.44e-01	5.83e-02	3.56e-03	2.79e-04	9.60e-06	1.02e-06	0.00e+00	0.00e+00	0.00e+00
 1.21588e+23	1.56e-21	9.58e-09	3.69e-06	1.26e-04	1.00e-03	2.67e-03	9.06e-03	1.74e-01	4.26e-01	3.31e-01	5.31e-02	3.11e-03	2.38e-04	7.93e-06	8.31e-07	0.00e+00	0.00e+00	0.00e+00
 1.22586e+23	1.93e-21	1.10e-08	4.27e-06	1.43e-04	1.12e-03	2.95e-03	9.88e-03	1.82e-01	4.30e-01	3.21e-01	4.96e-02	2.82e-03	2.11e-04	6.88e-06	7.12e-07	0.00e+00	0.00e+00	0.00e+00
 1.23572e+23	2.53e-21	1.29e-08	5.12e-06	1.69e-04	1.30e-03	3.34e-03	1.11e-02	1.94e-01	4.34e-01	3.08e-01	4.51e-02	2.46e-03	1.80e-04	5.68e-06	5.78e-07	0.00e+00	0.00e+00	0.00e+00
 1.24565e+23	3.18e-21	1.49e-08	5.95e-06	1.93e-04	1.46e-03	3.67e-03	1.21e-02	2.03e-01	4.37e-01	2.98e-01	4.20e-02	2.22e-03	1.60e-04	4.92e-06	4.95e-07	0.00e+00	0.00e+00	0.00e+00
 1.25565e+23	4.23e-21	1.78e-08	7.18e-06	2.28e-04	1.69e-03	4.15e-03	1.35e-02	2.16e-01	4.40e-01	2.85e-01	3.81e-02	1.94e-03	1.36e-04	4.06e-06	4.02e-07	0.00e+00	0.00e+00	0.00e+00
 1.26583e+23	5.39e-21	2.08e-08	8.39e-06	2.62e-04	1.90e-03	4.57e-03	1.46e-02	2.25e-01	4.42e-01	2.75e-01	3.53e-02	1.74e-03	1.20e-04	3.50e-06	3.42e-07	0.00e+00	0.00e+00	0.00e+00
 1.27626e+23	7.31e-21	2.51e-08	1.02e-05	3.11e-04	2.20e-03	5.18e-03	1.63e-02	2.38e-01	4.43e-01	2.61e-01	3.18e-02	1.51e-03	1.02e-04	2.87e-06	2.75e-07	0.00e+00	0.00e+00	0.00e+00
 1.28682e+23	9.46e-21	2.96e-08	1.20e-05	3.58e-04	2.48e-03	5.70e-03	1.77e-02	2.49e-01	4.43e-01	2.51e-01	2.94e-02	1.35e-03	8.94e-05	2.46e-06	2.33e-07	0.00e+00	0.00e+00	0.00e+00
 1.29758e+23	1.31e-20	3.62e-08	1.47e-05	4.29e-04	2.88e-03	6.45e-03	1.97e-02	2.63e-01	4.43e-01	2.38e-01	2.63e-02	1.16e-03	7.52e-05	2.00e-06	1.86e-07	0.00e+00	0.00e+00	0.00e+00
 1.30857e+23	1.73e-20	4.31e-08	1.74e-05	4.97e-04	3.25e-03	7.11e-03	2.14e-02	2.73e-01	4.42e-01	2.27e-01	2.42e-02	1.03e-03	6.57e-05	1.70e-06	1.56e-07	0.00e+00	0.00e+00	0.00e+00
 1.31985e+23	2.45e-20	5.35e-08	2.16e-05	5.99e-04	3.80e-03	8.07e-03	2.39e-02	2.88e-01	4.40e-01	2.14e-01	2.14e-02	8.82e-04	5.46e-05	1.37e-06	1.23e-07	0.00e+00	0.00e+00	0.00e+00
 1.33136e+23	3.30e-20	6.46e-08	2.57e-05	6.98e-04	4.30e-03	8.91e-03	2.59e-02	2.99e-01	4.37e-01	2.04e-01	1.96e-02	7.80e-04	4.74e-05	1.15e-06	0.00e+00	0.00e+00	0.00e+00	0.00e+00
 1.34318e+23	4.82e-20	8.15e-08	3.22e-05	8.47e-04	5.04e-03	1.01e-02	2.88e-02	3.14e-01	4.33e-01	1.90e-01	1.72e-02	6.60e-04	3.90e-05	9.19e-07	0.00e+00	0.00e+00	0.00e+00	0.00e+00
 1.35526e+23	6.63e-20	9.95e-08	3.87e-05	9.93e-04	5.73e-03	1.12e-02	3.12e-02	3.26e-01	4.29e-01	1.80e-01	1.56e-02	5.78e-04	3.35e-05	7.67e-07	0.00e+00	0.00e+00	0.00e+00	0.00e+00
 1.36768e+23	1.00e-19	1.28e-07	4.90e-05	1.22e-03	6.74e-03	1.27e-02	3.47e-02	3.41e-01	4.22e-01	1.67e-01	1.36e-02	4.85e-04	2.74e-05	6.05e-07	0.00e+00	0.00e+00	0.00e+00	0.00e+00
 1.38026e+23	1.40e-19	1.58e-07	5.92e-05	1.43e-03	7.67e-03	1.41e-02	3.75e-02	3.53e-01	4.16e-01	1.57e-01	1.23e-02	4.24e-04	2.34e-05	5.03e-07	0.00e+00	0.00e+00	0.00e+00	0.00e+00
 1.39303e+23	2.17e-19	2.05e-07	7.53e-05	1.75e-03	9.03e-03	1.60e-02	4.15e-02	3.68e-01	4.08e-01	1.45e-01	1.06e-02	3.53e-04	1.89e-05	3.92e-07	0.00e+00	0.00e+00	0.00e+00	0.00e+00
 1.40595e+23	3.10e-19	2.54e-07	9.13e-05	2.06e-03	1.03e-02	1.76e-02	4.47e-02	3.79e-01	4.00e-01	1.36e-01	9.51e-03	3.07e-04	1.61e-05	3.25e-07	0.00e+00	0.00e+00	0.00e+00	0.00e+00
 1.41905e+23	4.91e-19	3.34e-07	1.17e-04	2.54e-03	1.21e-02	2.00e-02	4.93e-02	3.93e-01	3.90e-01	1.24e-01	8.18e-03	2.54e-04	1.29e-05	2.51e-07	0.00e+00	0.00e+00	0.00e+00	0.00e+00
 1.43186e+23	6.99e-19	4.11e-07	1.40e-04	2.96e-03	1.36e-02	2.18e-02	5.26e-02	4.03e-01	3.82e-01	1.17e-01	7.35e-03	2.22e-04	1.11e-05	2.10e-07	0.00e+00	0.00e+00	0.00e+00	0.00e+00
 1.44431e+23	1.10e-18	5.32e-07	1.76e-04	3.59e-03	1.58e-02	2.45e-02	5.74e-02	4.15e-01	3.70e-01	1.07e-01	6.34e-03	1.85e-04	8.99e-06	1.64e-07	0.00e+00	0.00e+00	0.00e+00	0.00e+00
 1.45721e+23	1.62e-18	6.65e-07	2.13e-04	4.22e-03	1.78e-02	2.68e-02	6.13e-02	4.24e-01	3.61e-01	9.93e-02	5.64e-03	1.60e-04	7.59e-06	1.35e-07	0.00e+00	0.00e+00	0.00e+00	0.00e+00
 1.46820e+23	2.95e-19	8.06e-07	2.52e-04	4.85e-03	1.98e-02	2.90e-02	6.49e-02	4.31e-01	3.52e-01	9.29e-02	5.06e-03	1.40e-04	6.51e-06	0.00e+00	0.00e+00	0.00e+00	0.00e+00	0.00e+00
 1.48000e+23	4.28e-19	1.03e-06	3.11e-04	5.79e-03	2.27e-02	3.20e-02	6.98e-02	4.40e-01	3.40e-01	8.50e-02	4.39e-03	1.18e-04	5.34e-06	0.00e+00	0.00e+00	0.00e+00	0.00e+00	0.00e+00
 1.49189e+23	5.81e-19	1.26e-06	3.69e-04	6.66e-03	2.52e-02	3.46e-02	7.37e-02	4.46e-01	3.30e-01	7.92e-02	3.93e-03	1.03e-04	4.56e-06	0.00e+00	0.00e+00	0.00e+00	0.00e+00	0.00e+00
 1.50389e+23	8.45e-19	1.60e-06	4.54e-04	7.92e-03	2.87e-02	3.80e-02	7.87e-02	4.53e-01	3.17e-01	7.22e-02	3.40e-03	8.68e-05	3.74e-06	0.00e+00	0.00e+00	0.00e+00	0.00e+00	0.00e+00
 1.51626e+23	1.19e-18	1.99e-06	5.44e-04	9.20e-03	3.21e-02	4.13e-02	8.34e-02	4.59e-01	3.06e-01	6.64e-02	2.99e-03	7.42e-05	3.12e-06	0.00e+00	0.00e+00	0.00e+00	0.00e+00	0.00e+00
 1.52721e+23	1.62e-18	2.42e-06	6.44e-04	1.06e-02	3.55e-02	4.44e-02	8.75e-02	4.62e-01	2.95e-01	6.14e-02	2.65e-03	6.45e-05	2.65e-06	0.00e+00	0.00e+00	0.00e+00	0.00e+00	0.00e+00
 1.53958e+23	2.33e-17	3.11e-06	7.92e-04	1.25e-02	4.02e-02	4.85e-02	9.28e-02	4.66e-01	2.81e-01	5.56e-02	2.28e-03	5.39e-05	2.16e-06	0.00e+00	0.00e+00	0.00e+00	0.00e+00	0.00e+00
 1.55261e+23	7.28e-17	3.90e-06	9.57e-04	1.46e-02	4.50e-02	5.25e-02	9.78e-02	4.68e-01	2.68e-01	5.05e-02	1.98e-03	4.55e-05	1.77e-06	0.00e+00	0.00e+00	0.00e+00	0.00e+00	0.00e+00
 1.56446e+23	1.39e-16	4.81e-06	1.14e-03	1.68e-02	4.99e-02	5.63e-02	1.02e-01	4.69e-01	2.56e-01	4.61e-02	1.73e-03	3.89e-05	1.48e-06	0.00e+00	0.00e+00	0.00e+00	0.00e+00	0.00e+00
 1.57784e+23	3.32e-16	6.26e-06	1.42e-03	2.01e-02	5.65e-02	6.14e-02	1.08e-01	4.69e-01	2.41e-01	4.10e-02	1.46e-03	3.18e-05	1.17e-06	0.00e+00	0.00e+00	0.00e+00	0.00e+00	0.00e+00
 1.59163e+23	1.16e-17	7.88e-06	1.71e-03	2.33e-02	6.30e-02	6.61e-02	1.13e-01	4.67e-01	2.28e-01	3.68e-02	1.25e-03	2.66e-05	9.53e-07	0.00e+00	0.00e+00	0.00e+00	0.00e+00	0.00e+00
 1.60388e+23	1.61e-17	9.74e-06	2.03e-03	2.68e-02	6.94e-02	7.05e-02	1.17e-01	4.64e-01	2.16e-01	3.33e-02	1.08e-03	2.24e-05	7.84e-07	0.00e+00	0.00e+00	0.00e+00	0.00e+00	0.00e+00
 1.61773e+23	2.53e-17	1.27e-05	2.52e-03	3.18e-02	7.81e-02	7.62e-02	1.23e-01	4.58e-01	2.00e-01	2.92e-02	8.95e-04	1.81e-05	6.12e-07	0.00e+00	0.00e+00	0.00e+00	0.00e+00	0.00e+00
 1.63210e+23	3.92e-17	1.60e-05	3.04e-03	3.69e-02	8.64e-02	8.14e-02	1.27e-01	4.52e-01	1.87e-01	2.58e-02	7.54e-04	1.49e-05	4.88e-07	0.00e+00	0.00e+00	0.00e+00	0.00e+00	0.00e+00
 1.64500e+23	5.79e-17	1.98e-05	3.61e-03	4.22e-02	9.47e-02	8.62e-02	1.31e-01	4.44e-01	1.75e-01	2.30e-02	6.41e-04	1.24e-05	3.95e-07	0.00e+00	0.00e+00	0.00e+00	0.00e+00	0.00e+00
 1.65963e+23	9.82e-17	2.61e-05	4.48e-03	5.00e-02	1.06e-01	9.24e-02	1.35e-01	4.32e-01	1.59e-01	1.97e-02	5.19e-04	9.73e-06	3.00e-07	0.00e+00	0.00e+00	0.00e+00	0.00e+00	0.00e+00
 1.67474e+23	1.60e-16	3.28e-05	5.37e-03	5.75e-02	1.16e-01	9.76e-02	1.39e-01	4.21e-01	1.46e-01	1.72e-02	4.31e-04	7.89e-06	2.35e-07	0.00e+00	0.00e+00	0.00e+00	0.00e+00	0.00e+00
 1.69048e+23	2.84e-16	4.34e-05	6.69e-03	6.80e-02	1.29e-01	1.04e-01	1.42e-01	4.04e-01	1.31e-01	1.44e-02	3.40e-04	6.04e-06	1.73e-07	0.00e+00	0.00e+00	0.00e+00	0.00e+00	0.00e+00
 1.70638e+23	4.99e-16	5.44e-05	7.98e-03	7.77e-02	1.41e-01	1.09e-01	1.44e-01	3.89e-01	1.19e-01	1.24e-02	2.79e-04	4.83e-06	1.34e-07	0.00e+00	0.00e+00	0.00e+00	0.00e+00	0.00e+00
 1.72033e+23	8.63e-16	6.75e-05	9.42e-03	8.80e-02	1.52e-01	1.13e-01	1.45e-01	3.74e-01	1.08e-01	1.07e-02	2.29e-04	3.88e-06	0.00e+00	0.00e+00	0.00e+00	0.00e+00	0.00e+00	0.00e+00
 1.73632e+23	1.74e-15	8.85e-05	1.16e-02	1.03e-01	1.66e-01	1.18e-01	1.46e-01	3.52e-01	9.45e-02	8.73e-03	1.77e-04	2.90e-06	0.00e+00	0.00e+00	0.00e+00	0.00e+00	0.00e+00	0.00e+00
 1.75253e+23	3.55e-15	1.10e-04	1.36e-02	1.15e-01	1.78e-01	1.22e-01	1.46e-01	3.33e-01	8.43e-02	7.37e-03	1.42e-04	2.28e-06	0.00e+00	0.00e+00	0.00e+00	0.00e+00	0.00e+00	0.00e+00
 1.76902e+23	8.10e-15	1.43e-04	1.66e-02	1.33e-01	1.92e-01	1.26e-01	1.45e-01	3.09e-01	7.27e-02	5.94e-03	1.08e-04	1.68e-06	0.00e+00	0.00e+00	0.00e+00	0.00e+00	0.00e+00	0.00e+00
 1.78576e+23	2.45e-14	1.77e-04	1.94e-02	1.48e-01	2.03e-01	1.28e-01	1.43e-01	2.89e-01	6.38e-02	4.93e-03	8.53e-05	1.30e-06	0.00e+00	0.00e+00	0.00e+00	0.00e+00	0.00e+00	0.00e+00
 1.80062e+23	6.44e-14	2.17e-04	2.26e-02	1.64e-01	2.14e-01	1.30e-01	1.40e-01	2.69e-01	5.59e-02	4.09e-03	6.75e-05	1.00e-06	0.00e+00	0.00e+00	0.00e+00	0.00e+00	0.00e+00	0.00e+00
 1.81769e+23	3.72e-13	2.80e-04	2.71e-02	1.86e-01	2.26e-01	1.31e-01	1.36e-01	2.43e-01	4.67e-02	3.19e-03	4.95e-05	7.12e-07	0.00e+00	0.00e+00	0.00e+00	0.00e+00	0.00e+00	0.00e+00
 1.83498e+23	3.28e-12	3.41e-04	3.13e-02	2.04e-01	2.35e-01	1.31e-01	1.32e-01	2.23e-01	4.03e-02	2.60e-03	3.84e-05	5.40e-07	0.00e+00	0.00e+00	0.00e+00	0.00e+00	0.00e+00	0.00e+00
 1.85256e+23	5.13e-11	4.38e-04	3.72e-02	2.28e-01	2.45e-01	1.31e-01	1.26e-01	1.98e-01	3.30e-02	1.98e-03	2.76e-05	3.75e-07	0.00e+00	0.00e+00	0.00e+00	0.00e+00	0.00e+00	0.00e+00
 1.87037e+23	1.02e-09	5.30e-04	4.25e-02	2.47e-01	2.52e-01	1.29e-01	1.21e-01	1.79e-01	2.79e-02	1.58e-03	2.10e-05	2.79e-07	0.00e+00	0.00e+00	0.00e+00	0.00e+00	0.00e+00	0.00e+00
 1.88848e+23	3.09e-09	6.74e-04	5.01e-02	2.73e-01	2.58e-01	1.26e-01	1.13e-01	1.56e-01	2.24e-02	1.18e-03	1.48e-05	1.90e-07	0.00e+00	0.00e+00	0.00e+00	0.00e+00	0.00e+00	0.00e+00
 1.90625e+23	4.79e-09	8.01e-04	5.62e-02	2.91e-01	2.62e-01	1.24e-01	1.07e-01	1.40e-01	1.89e-02	9.43e-04	1.13e-05	1.42e-07	0.00e+00	0.00e+00	0.00e+00	0.00e+00	0.00e+00	0.00e+00
 1.92358e+23	7.98e-09	9.96e-04	6.49e-02	3.15e-01	2.64e-01	1.19e-01	9.96e-02	1.21e-01	1.51e-02	7.02e-04	7.94e-06	0.00e+00	0.00e+00	0.00e+00	0.00e+00	0.00e+00	0.00e+00	0.00e+00
 1.94032e+23	1.12e-08	1.16e-03	7.15e-02	3.31e-01	2.65e-01	1.16e-01	9.40e-02	1.08e-01	1.28e-02	5.68e-04	6.19e-06	0.00e+00	0.00e+00	0.00e+00	0.00e+00	0.00e+00	0.00e+00	0.00e+00
 1.95627e+23	1.68e-08	1.40e-03	8.06e-02	3.51e-01	2.64e-01	1.11e-01	8.70e-02	9.40e-02	1.03e-02	4.30e-04	4.46e-06	0.00e+00	0.00e+00	0.00e+00	0.00e+00	0.00e+00	0.00e+00	0.00e+00
 1.97225e+23	2.29e-08	1.61e-03	8.81e-02	3.66e-01	2.63e-01	1.07e-01	8.15e-02	8.38e-02	8.67e-03	3.45e-04	3.45e-06	0.00e+00	0.00e+00	0.00e+00	0.00e+00	0.00e+00	0.00e+00	0.00e+00
 1.98825e+23	3.33e-08	1.93e-03	9.85e-02	3.85e-01	2.59e-01	1.02e-01	7.47e-02	7.19e-02	6.91e-03	2.59e-04	2.46e-06	0.00e+00	0.00e+00	0.00e+00	0.00e+00	0.00e+00	0.00e+00	0.00e+00
 2.00464e+23	4.48e-08	2.22e-03	1.08e-01	3.99e-01	2.56e-01	9.71e-02	6.93e-02	6.32e-02	5.72e-03	2.04e-04	1.86e-06	0.00e+00	0.00e+00	0.00e+00	0.00e+00	0.00e+00	0.00e+00	0.00e+00
 2.02151e+23	6.41e-08	2.66e-03	1.20e-01	4.16e-01	2.50e-01	9.12e-02	6.28e-02	5.35e-02	4.48e-03	1.50e-04	1.31e-06	0.00e+00	0.00e+00	0.00e+00	0.00e+00	0.00e+00	0.00e+00	0.00e+00
 2.03858e+23	8.50e-08	3.06e-03	1.30e-01	4.28e-01	2.44e-01	8.64e-02	5.77e-02	4.65e-02	3.66e-03	1.16e-04	9.74e-07	0.00e+00	0.00e+00	0.00e+00	0.00e+00	0.00e+00	0.00e+00	0.00e+00
 2.05363e+23	1.11e-07	3.50e-03	1.41e-01	4.39e-01	2.38e-01	8.17e-02	5.30e-02	4.05e-02	3.00e-03	9.07e-05	7.31e-07	0.00e+00	0.00e+00	0.00e+00	0.00e+00	0.00e+00	0.00e+00	0.00e+00
 2.07090e+23	1.54e-07	4.15e-03	1.55e-01	4.52e-01	2.30e-01	7.58e-02	4.74e-02	3.38e-02	2.31e-03	6.57e-05	5.05e-07	0.00e+00	0.00e+00	0.00e+00	0.00e+00	0.00e+00	0.00e+00	0.00e+00
 2.08765e+23	1.95e-07	4.69e-03	1.66e-01	4.60e-01	2.23e-01	7.15e-02	4.35e-02	2.95e-02	1.90e-03	5.17e-05	3.83e-07	0.00e+00	0.00e+00	0.00e+00	0.00e+00	0.00e+00	0.00e+00	0.00e+00
 2.10101e+23	2.40e-07	5.24e-03	1.76e-01	4.67e-01	2.16e-01	6.77e-02	4.02e-02	2.60e-02	1.59e-03	4.15e-05	2.98e-07	0.00e+00	0.00e+00	0.00e+00	0.00e+00	0.00e+00	0.00e+00	0.00e+00
 2.11569e+23	3.07e-07	5.98e-03	1.89e-01	4.74e-01	2.08e-01	6.31e-02	3.64e-02	2.22e-02	1.27e-03	3.16e-05	2.18e-07	0.00e+00	0.00e+00	0.00e+00	0.00e+00	0.00e+00	0.00e+00	0.00e+00
 2.13064e+23	3.77e-07	6.67e-03	2.01e-01	4.78e-01	2.01e-01	5.94e-02	3.34e-02	1.94e-02	1.05e-03	2.50e-05	1.68e-07	0.00e+00	0.00e+00	0.00e+00	0.00e+00	0.00e+00	0.00e+00	0.00e+00
 2.14387e+23	4.57e-07	7.41e-03	2.12e-01	4.82e-01	1.94e-01	5.60e-02	3.07e-02	1.70e-02	8.73e-04	2.00e-05	1.29e-07	0.00e+00	0.00e+00	0.00e+00	0.00e+00	0.00e+00	0.00e+00	0.00e+00
 2.15902e+23	5.78e-07	8.42e-03	2.27e-01	4.85e-01	1.85e-01	5.18e-02	2.75e-02	1.44e-02	6.90e-04	1.50e-05	0.00e+00	0.00e+00	0.00e+00	0.00e+00	0.00e+00	0.00e+00	0.00e+00	0.00e+00
 2.17435e+23	7.01e-07	9.37e-03	2.39e-01	4.87e-01	1.77e-01	4.85e-02	2.50e-02	1.25e-02	5.66e-04	1.18e-05	0.00e+00	0.00e+00	0.00e+00	0.00e+00	0.00e+00	0.00e+00	0.00e+00	0.00e+00
 2.18783e+23	8.41e-07	1.04e-02	2.52e-01	4.88e-01	1.70e-01	4.54e-02	2.29e-02	1.08e-02	4.66e-04	9.36e-06	0.00e+00	0.00e+00	0.00e+00	0.00e+00	0.00e+00	0.00e+00	0.00e+00	0.00e+00
 2.20324e+23	1.05e-06	1.17e-02	2.68e-01	4.88e-01	1.61e-01	4.17e-02	2.04e-02	9.10e-03	3.65e-04	7.00e-06	0.00e+00	0.00e+00	0.00e+00	0.00e+00	0.00e+00	0.00e+00	0.00e+00	0.00e+00
 2.21891e+23	1.25e-06	1.30e-02	2.81e-01	4.87e-01	1.54e-01	3.88e-02	1.84e-02	7.84e-03	2.97e-04	5.47e-06	0.00e+00	0.00e+00	0.00e+00	0.00e+00	0.00e+00	0.00e+00	0.00e+00	0.00e+00
 2.23281e+23	1.49e-06	1.43e-02	2.95e-01	4.85e-01	1.46e-01	3.61e-02	1.67e-02	6.77e-03	2.43e-04	4.29e-06	0.00e+00	0.00e+00	0.00e+00	0.00e+00	0.00e+00	0.00e+00	0.00e+00	0.00e+00
 2.24878e+23	1.84e-06	1.62e-02	3.12e-01	4.81e-01	1.37e-01	3.29e-02	1.48e-02	5.62e-03	1.88e-04	3.17e-06	0.00e+00	0.00e+00	0.00e+00	0.00e+00	0.00e+00	0.00e+00	0.00e+00	0.00e+00
 2.26489e+23	2.18e-06	1.79e-02	3.27e-01	4.77e-01	1.30e-01	3.04e-02	1.33e-02	4.81e-03	1.52e-04	2.46e-06	0.00e+00	0.00e+00	0.00e+00	0.00e+00	0.00e+00	0.00e+00	0.00e+00	0.00e+00
 2.27906e+23	2.57e-06	1.97e-02	3.41e-01	4.72e-01	1.23e-01	2.82e-02	1.20e-02	4.13e-03	1.23e-04	1.92e-06	0.00e+00	0.00e+00	0.00e+00	0.00e+00	0.00e+00	0.00e+00	0.00e+00	0.00e+00
 2.29534e+23	3.14e-06	2.21e-02	3.59e-01	4.65e-01	1.15e-01	2.55e-02	1.05e-02	3.41e-03	9.45e-05	1.41e-06	0.00e+00	0.00e+00	0.00e+00	0.00e+00	0.00e+00	0.00e+00	0.00e+00	0.00e+00
 2.31192e+23	3.69e-06	2.43e-02	3.74e-01	4.58e-01	1.08e-01	2.35e-02	9.37e-03	2.89e-03	7.56e-05	1.08e-06	0.00e+00	0.00e+00	0.00e+00	0.00e+00	0.00e+00	0.00e+00	0.00e+00	0.00e+00
 2.32887e+23	4.50e-06	2.74e-02	3.93e-01	4.48e-01	1.00e-01	2.11e-02	8.13e-03	2.36e-03	5.73e-05	7.84e-07	0.00e+00	0.00e+00	0.00e+00	0.00e+00	0.00e+00	0.00e+00	0.00e+00	0.00e+00
 2.34604e+23	5.29e-06	3.01e-02	4.09e-01	4.39e-01	9.35e-02	1.93e-02	7.22e-03	1.99e-03	4.54e-05	5.97e-07	0.00e+00	0.00e+00	0.00e+00	0.00e+00	0.00e+00	0.00e+00	0.00e+00	0.00e+00
 2.36347e+23	6.40e-06	3.38e-02	4.28e-01	4.27e-01	8.60e-02	1.72e-02	6.22e-03	1.61e-03	3.41e-05	4.29e-07	0.00e+00	0.00e+00	0.00e+00	0.00e+00	0.00e+00	0.00e+00	0.00e+00	0.00e+00
 2.38125e+23	7.50e-06	3.72e-02	4.44e-01	4.17e-01	8.00e-02	1.56e-02	5.48e-03	1.35e-03	2.68e-05	3.24e-07	0.00e+00	0.00e+00	0.00e+00	0.00e+00	0.00e+00	0.00e+00	0.00e+00	0.00e+00
 2.39709e+23	8.72e-06	4.07e-02	4.59e-01	4.06e-01	7.44e-02	1.42e-02	4.84e-03	1.13e-03	2.12e-05	2.46e-07	0.00e+00	0.00e+00	0.00e+00	0.00e+00	0.00e+00	0.00e+00	0.00e+00	0.00e+00
 2.41531e+23	1.05e-05	4.55e-02	4.78e-01	3.91e-01	6.78e-02	1.26e-02	4.12e-03	9.09e-04	1.57e-05	1.75e-07	0.00e+00	0.00e+00	0.00e+00	0.00e+00	0.00e+00	0.00e+00	0.00e+00	0.00e+00
 2.43396e+23	1.22e-05	5.00e-02	4.93e-01	3.79e-01	6.25e-02	1.13e-02	3.59e-03	7.52e-04	1.22e-05	1.30e-07	0.00e+00	0.00e+00	0.00e+00	0.00e+00	0.00e+00	0.00e+00	0.00e+00	0.00e+00
 2.44819e+23	1.36e-05	5.33e-02	5.04e-01	3.70e-01	5.90e-02	1.05e-02	3.26e-03	6.59e-04	1.02e-05	0.00e+00	0.00e+00	0.00e+00	0.00e+00	0.00e+00	0.00e+00	0.00e+00	0.00e+00	0.00e+00
 2.46169e+23	1.54e-05	5.77e-02	5.17e-01	3.58e-01	5.48e-02	9.52e-03	2.88e-03	5.58e-04	8.13e-06	0.00e+00	0.00e+00	0.00e+00	0.00e+00	0.00e+00	0.00e+00	0.00e+00	0.00e+00	0.00e+00
 2.47549e+23	1.71e-05	6.15e-02	5.27e-01	3.48e-01	5.16e-02	8.80e-03	2.61e-03	4.87e-04	6.78e-06	0.00e+00	0.00e+00	0.00e+00	0.00e+00	0.00e+00	0.00e+00	0.00e+00	0.00e+00	0.00e+00
 2.48968e+23	1.94e-05	6.65e-02	5.40e-01	3.35e-01	4.77e-02	7.97e-03	2.29e-03	4.11e-04	5.38e-06	0.00e+00	0.00e+00	0.00e+00	0.00e+00	0.00e+00	0.00e+00	0.00e+00	0.00e+00	0.00e+00
 2.50408e+23	2.16e-05	7.09e-02	5.50e-01	3.25e-01	4.46e-02	7.32e-03	2.05e-03	3.56e-04	4.44e-06	0.00e+00	0.00e+00	0.00e+00	0.00e+00	0.00e+00	0.00e+00	0.00e+00	0.00e+00	0.00e+00
 2.51877e+23	2.45e-05	7.67e-02	5.62e-01	3.12e-01	4.10e-02	6.58e-03	1.79e-03	2.98e-04	3.49e-06	0.00e+00	0.00e+00	0.00e+00	0.00e+00	0.00e+00	0.00e+00	0.00e+00	0.00e+00	0.00e+00
 2.53357e+23	2.72e-05	8.17e-02	5.71e-01	3.01e-01	3.83e-02	6.03e-03	1.60e-03	2.58e-04	2.87e-06	0.00e+00	0.00e+00	0.00e+00	0.00e+00	0.00e+00	0.00e+00	0.00e+00	0.00e+00	0.00e+00
 2.54850e+23	3.09e-05	8.83e-02	5.82e-01	2.87e-01	3.51e-02	5.39e-03	1.39e-03	2.15e-04	2.25e-06	0.00e+00	0.00e+00	0.00e+00	0.00e+00	0.00e+00	0.00e+00	0.00e+00	0.00e+00	0.00e+00
 2.56355e+23	3.41e-05	9.38e-02	5.90e-01	2.77e-01	3.26e-02	4.93e-03	1.24e-03	1.86e-04	1.85e-06	0.00e+00	0.00e+00	0.00e+00	0.00e+00	0.00e+00	0.00e+00	0.00e+00	0.00e+00	0.00e+00
 2.57875e+23	3.83e-05	1.01e-01	6.00e-01	2.64e-01	2.99e-02	4.41e-03	1.08e-03	1.56e-04	1.45e-06	0.00e+00	0.00e+00	0.00e+00	0.00e+00	0.00e+00	0.00e+00	0.00e+00	0.00e+00	0.00e+00
 2.59447e+23	4.25e-05	1.08e-01	6.08e-01	2.52e-01	2.76e-02	3.99e-03	9.48e-04	1.33e-04	1.18e-06	0.00e+00	0.00e+00	0.00e+00	0.00e+00	0.00e+00	0.00e+00	0.00e+00	0.00e+00	0.00e+00
 2.61085e+23	4.82e-05	1.16e-01	6.16e-01	2.38e-01	2.50e-02	3.52e-03	8.08e-04	1.10e-04	9.03e-07	0.00e+00	0.00e+00	0.00e+00	0.00e+00	0.00e+00	0.00e+00	0.00e+00	0.00e+00	0.00e+00
 2.62730e+23	5.33e-05	1.24e-01	6.23e-01	2.27e-01	2.30e-02	3.18e-03	7.10e-04	9.41e-05	7.30e-07	0.00e+00	0.00e+00	0.00e+00	0.00e+00	0.00e+00	0.00e+00	0.00e+00	0.00e+00	0.00e+00
 2.64382e+23	5.99e-05	1.33e-01	6.30e-01	2.13e-01	2.08e-02	2.80e-03	6.05e-04	7.79e-05	5.64e-07	0.00e+00	0.00e+00	0.00e+00	0.00e+00	0.00e+00	0.00e+00	0.00e+00	0.00e+00	0.00e+00
 2.66084e+23	6.64e-05	1.42e-01	6.35e-01	2.02e-01	1.90e-02	2.50e-03	5.26e-04	6.62e-05	4.49e-07	0.00e+00	0.00e+00	0.00e+00	0.00e+00	0.00e+00	0.00e+00	0.00e+00	0.00e+00	0.00e+00
 2.67853e+23	7.55e-05	1.53e-01	6.40e-01	1.87e-01	1.69e-02	2.17e-03	4.38e-04	5.38e-05	3.37e-07	0.00e+00	0.00e+00	0.00e+00	0.00e+00	0.00e+00	0.00e+00	0.00e+00	0.00e+00	0.00e+00
 2.69614e+23	8.30e-05	1.62e-01	6.43e-01	1.77e-01	1.55e-02	1.94e-03	3.82e-04	4.60e-05	2.71e-07	0.00e+00	0.00e+00	0.00e+00	0.00e+00	0.00e+00	0.00e+00	0.00e+00	0.00e+00	0.00e+00
 2.71367e+23	9.32e-05	1.74e-01	6.46e-01	1.64e-01	1.38e-02	1.68e-03	3.19e-04	3.78e-05	2.05e-07	0.00e+00	0.00e+00	0.00e+00	0.00e+00	0.00e+00	0.00e+00	0.00e+00	0.00e+00	0.00e+00
 2.73154e+23	1.02e-04	1.85e-01	6.48e-01	1.53e-01	1.25e-02	1.50e-03	2.75e-04	3.22e-05	1.63e-07	0.00e+00	0.00e+00	0.00e+00	0.00e+00	0.00e+00	0.00e+00	0.00e+00	0.00e+00	0.00e+00
 2.74987e+23	1.15e-04	1.99e-01	6.48e-01	1.40e-01	1.11e-02	1.28e-03	2.27e-04	2.63e-05	0.00e+00	0.00e+00	0.00e+00	0.00e+00	0.00e+00	0.00e+00	0.00e+00	0.00e+00	0.00e+00	0.00e+00
 2.76823e+23	1.26e-04	2.10e-01	6.48e-01	1.30e-01	1.00e-02	1.14e-03	1.95e-04	2.24e-05	0.00e+00	0.00e+00	0.00e+00	0.00e+00	0.00e+00	0.00e+00	0.00e+00	0.00e+00	0.00e+00	0.00e+00
 2.78664e+23	1.42e-04	2.25e-01	6.46e-01	1.18e-01	8.83e-03	9.70e-04	1.60e-04	1.83e-05	0.00e+00	0.00e+00	0.00e+00	0.00e+00	0.00e+00	0.00e+00	0.00e+00	0.00e+00	0.00e+00	0.00e+00
 2.80512e+23	1.55e-04	2.38e-01	6.43e-01	1.09e-01	7.96e-03	8.53e-04	1.37e-04	1.56e-05	0.00e+00	0.00e+00	0.00e+00	0.00e+00	0.00e+00	0.00e+00	0.00e+00	0.00e+00	0.00e+00	0.00e+00
 2.82371e+23	1.74e-04	2.55e-01	6.39e-01	9.82e-02	6.97e-03	7.24e-04	1.11e-04	1.27e-05	0.00e+00	0.00e+00	0.00e+00	0.00e+00	0.00e+00	0.00e+00	0.00e+00	0.00e+00	0.00e+00	0.00e+00
 2.84236e+23	1.90e-04	2.69e-01	6.34e-01	8.98e-02	6.26e-03	6.33e-04	9.42e-05	1.08e-05	0.00e+00	0.00e+00	0.00e+00	0.00e+00	0.00e+00	0.00e+00	0.00e+00	0.00e+00	0.00e+00	0.00e+00
 2.86109e+23	2.12e-04	2.88e-01	6.26e-01	7.98e-02	5.45e-03	5.34e-04	7.59e-05	8.82e-06	0.00e+00	0.00e+00	0.00e+00	0.00e+00	0.00e+00	0.00e+00	0.00e+00	0.00e+00	0.00e+00	0.00e+00
 2.87988e+23	2.31e-04	3.03e-01	6.19e-01	7.23e-02	4.87e-03	4.65e-04	6.39e-05	7.52e-06	0.00e+00	0.00e+00	0.00e+00	0.00e+00	0.00e+00	0.00e+00	0.00e+00	0.00e+00	0.00e+00	0.00e+00
 2.89875e+23	2.59e-04	3.24e-01	6.08e-01	6.32e-02	4.19e-03	3.86e-04	5.08e-05	6.07e-06	0.00e+00	0.00e+00	0.00e+00	0.00e+00	0.00e+00	0.00e+00	0.00e+00	0.00e+00	0.00e+00	0.00e+00
 2.91763e+23	2.81e-04	3.41e-01	5.98e-01	5.66e-02	3.73e-03	3.34e-04	4.24e-05	5.15e-06	0.00e+00	0.00e+00	0.00e+00	0.00e+00	0.00e+00	0.00e+00	0.00e+00	0.00e+00	0.00e+00	0.00e+00
 2.93654e+23	3.13e-04	3.63e-01	5.85e-01	4.89e-02	3.19e-03	2.77e-04	3.34e-05	4.16e-06	0.00e+00	0.00e+00	0.00e+00	0.00e+00	0.00e+00	0.00e+00	0.00e+00	0.00e+00	0.00e+00	0.00e+00
 2.95567e+23	3.42e-04	3.82e-01	5.72e-01	4.31e-02	2.80e-03	2.36e-04	2.74e-05	3.49e-06	0.00e+00	0.00e+00	0.00e+00	0.00e+00	0.00e+00	0.00e+00	0.00e+00	0.00e+00	0.00e+00	0.00e+00
 2.97509e+23	3.84e-04	4.07e-01	5.54e-01	3.64e-02	2.36e-03	1.91e-04	2.11e-05	2.76e-06	0.00e+00	0.00e+00	0.00e+00	0.00e+00	0.00e+00	0.00e+00	0.00e+00	0.00e+00	0.00e+00	0.00e+00
 2.99467e+23	4.19e-04	4.28e-01	5.38e-01	3.15e-02	2.04e-03	1.61e-04	1.70e-05	2.28e-06	0.00e+00	0.00e+00	0.00e+00	0.00e+00	0.00e+00	0.00e+00	0.00e+00	0.00e+00	0.00e+00	0.00e+00
 3.01188e+23	4.59e-04	4.49e-01	5.22e-01	2.71e-02	1.75e-03	1.35e-04	1.36e-05	1.88e-06	0.00e+00	0.00e+00	0.00e+00	0.00e+00	0.00e+00	0.00e+00	0.00e+00	0.00e+00	0.00e+00	0.00e+00
 3.02905e+23	5.00e-04	4.71e-01	5.04e-01	2.31e-02	1.50e-03	1.12e-04	1.08e-05	1.53e-06	0.00e+00	0.00e+00	0.00e+00	0.00e+00	0.00e+00	0.00e+00	0.00e+00	0.00e+00	0.00e+00	0.00e+00
 3.04417e+23	5.38e-04	4.89e-01	4.89e-01	2.02e-02	1.31e-03	9.57e-05	8.89e-06	1.29e-06	0.00e+00	0.00e+00	0.00e+00	0.00e+00	0.00e+00	0.00e+00	0.00e+00	0.00e+00	0.00e+00	0.00e+00
 3.05709e+23	5.74e-04	5.07e-01	4.74e-01	1.77e-02	1.14e-03	8.23e-05	7.38e-06	1.09e-06	0.00e+00	0.00e+00	0.00e+00	0.00e+00	0.00e+00	0.00e+00	0.00e+00	0.00e+00	0.00e+00	0.00e+00
 3.07175e+23	6.24e-04	5.30e-01	4.54e-01	1.48e-02	9.56e-04	6.72e-05	5.76e-06	8.78e-07	0.00e+00	0.00e+00	0.00e+00	0.00e+00	0.00e+00	0.00e+00	0.00e+00	0.00e+00	0.00e+00	0.00e+00
