#depth	O	O+	O+2	O+3	O+4	O+5	O+6	O+7	O+8	O[1]	O[2]	O[3]
 4.62852e+21	0.00e+00	0.00e+00	0.00e+00	9.30e-27	5.59e-21	1.45e-15	1.42e-09	7.91e-05	1.00e+00	0.00e+00	0.00e+00	0.00e+00
 1.05207e+22	0.00e+00	0.00e+00	0.00e+00	5.29e-26	2.22e-20	4.30e-15	2.93e-09	1.14e-04	1.00e+00	0.00e+00	0.00e+00	0.00e+00
 1.26186e+22	0.00e+00	0.00e+00	1.40e-31	1.73e-25	5.73e-20	8.78e-15	4.71e-09	1.44e-04	1.00e+00	0.00e+00	0.00e+00	0.00e+00
 1.41203e+22	0.00e+00	0.00e+00	4.36e-31	4.47e-25	1.22e-19	1.55e-14	6.89e-09	1.74e-04	1.00e+00	0.00e+00	0.00e+00	0.00e+00
 1.50843e+22	0.00e+00	0.00e+00	7.05e-31	6.67e-25	1.69e-19	1.98e-14	8.09e-09	1.89e-04	1.00e+00	0.00e+00	0.00e+00	0.00e+00
 1.57665e+22	0.00e+00	0.00e+00	1.38e-30	1.17e-24	2.65e-19	2.78e-14	1.01e-08	2.11e-04	1.00e+00	0.00e+00	0.00e+00	0.00e+00
 1.64639e+22	0.00e+00	0.00e+00	2.35e-30	1.83e-24	3.78e-19	3.62e-14	1.21e-08	2.31e-04	1.00e+00	0.00e+00	0.00e+00	0.00e+00
 1.71809e+22	0.00e+00	0.00e+00	4.65e-30	3.22e-24	5.96e-19	5.11e-14	1.52e-08	2.58e-04	1.00e+00	0.00e+00	0.00e+00	0.00e+00
 1.79108e+22	0.00e+00	0.00e+00	8.08e-30	5.11e-24	8.62e-19	6.74e-14	1.83e-08	2.83e-04	1.00e+00	0.00e+00	0.00e+00	0.00e+00
 1.84642e+22	0.00e+00	0.00e+00	1.16e-29	6.89e-24	1.10e-18	8.08e-14	2.06e-08	3.01e-04	1.00e+00	0.00e+00	0.00e+00	0.00e+00
 1.89907e+22	0.00e+00	0.00e+00	1.92e-29	1.05e-23	1.56e-18	1.05e-13	2.46e-08	3.29e-04	1.00e+00	0.00e+00	0.00e+00	0.00e+00
 1.95138e+22	0.00e+00	0.00e+00	2.74e-29	1.41e-23	1.98e-18	1.26e-13	2.77e-08	3.49e-04	1.00e+00	0.00e+00	0.00e+00	0.00e+00
 2.00327e+22	0.00e+00	0.00e+00	4.46e-29	2.12e-23	2.74e-18	1.61e-13	3.26e-08	3.78e-04	1.00e+00	0.00e+00	0.00e+00	0.00e+00
 2.05670e+22	0.00e+00	0.00e+00	6.76e-29	3.00e-23	3.62e-18	1.99e-13	3.75e-08	4.05e-04	1.00e+00	0.00e+00	0.00e+00	0.00e+00
 2.10408e+22	0.00e+00	0.00e+00	1.00e-28	4.16e-23	4.71e-18	2.42e-13	4.28e-08	4.33e-04	1.00e+00	0.00e+00	0.00e+00	0.00e+00
 2.15762e+22	0.00e+00	0.00e+00	1.63e-28	6.27e-23	6.54e-18	3.11e-13	5.04e-08	4.70e-04	1.00e+00	0.00e+00	0.00e+00	0.00e+00
 2.21259e+22	0.00e+00	0.00e+00	2.50e-28	8.93e-23	8.69e-18	3.85e-13	5.81e-08	5.04e-04	9.99e-01	0.00e+00	0.00e+00	0.00e+00
 2.26062e+22	0.00e+00	0.00e+00	3.69e-28	1.24e-22	1.13e-17	4.69e-13	6.63e-08	5.38e-04	9.99e-01	0.00e+00	0.00e+00	0.00e+00
 2.31425e+22	0.00e+00	0.00e+00	6.20e-28	1.91e-22	1.60e-17	6.11e-13	7.89e-08	5.87e-04	9.99e-01	0.00e+00	0.00e+00	0.00e+00
 2.36784e+22	0.00e+00	0.00e+00	8.91e-28	2.59e-22	2.04e-17	7.34e-13	8.91e-08	6.24e-04	9.99e-01	0.00e+00	0.00e+00	0.00e+00
 2.42137e+22	0.00e+00	0.00e+00	1.51e-27	4.01e-22	2.91e-17	9.58e-13	1.06e-07	6.81e-04	9.99e-01	0.00e+00	0.00e+00	0.00e+00
 2.47437e+22	0.00e+00	0.00e+00	2.15e-27	5.40e-22	3.69e-17	1.15e-12	1.20e-07	7.23e-04	9.99e-01	0.00e+00	0.00e+00	0.00e+00
 2.51783e+22	0.00e+00	0.00e+00	3.03e-27	7.20e-22	4.65e-17	1.37e-12	1.34e-07	7.66e-04	9.99e-01	0.00e+00	0.00e+00	0.00e+00
 2.55853e+22	0.00e+00	1.55e-33	4.24e-27	9.53e-22	5.83e-17	1.62e-12	1.51e-07	8.10e-04	9.99e-01	0.00e+00	0.00e+00	0.00e+00
 2.59842e+22	0.00e+00	2.26e-33	5.87e-27	1.25e-21	7.27e-17	1.92e-12	1.68e-07	8.56e-04	9.99e-01	0.00e+00	0.00e+00	0.00e+00
 2.64419e+22	0.00e+00	3.69e-33	8.95e-27	1.78e-21	9.65e-17	2.37e-12	1.94e-07	9.18e-04	9.99e-01	0.00e+00	0.00e+00	0.00e+00
 2.68980e+22	0.00e+00	5.42e-33	1.25e-26	2.35e-21	1.21e-16	2.81e-12	2.16e-07	9.70e-04	9.99e-01	0.00e+00	0.00e+00	0.00e+00
 2.73521e+22	0.00e+00	8.77e-33	1.88e-26	3.32e-21	1.59e-16	3.47e-12	2.49e-07	1.04e-03	9.99e-01	0.00e+00	0.00e+00	0.00e+00
 2.78133e+22	0.00e+00	1.30e-32	2.65e-26	4.41e-21	2.00e-16	4.13e-12	2.79e-07	1.10e-03	9.99e-01	0.00e+00	0.00e+00	0.00e+00
 2.82154e+22	0.00e+00	1.90e-32	3.66e-26	5.78e-21	2.49e-16	4.88e-12	3.11e-07	1.16e-03	9.99e-01	0.00e+00	0.00e+00	0.00e+00
 2.86698e+22	0.00e+00	3.07e-32	5.53e-26	8.18e-21	3.30e-16	6.03e-12	3.58e-07	1.25e-03	9.99e-01	0.00e+00	0.00e+00	0.00e+00
 2.91301e+22	0.00e+00	4.53e-32	7.73e-26	1.08e-20	4.13e-16	7.16e-12	4.01e-07	1.32e-03	9.99e-01	0.00e+00	0.00e+00	0.00e+00
 2.95984e+22	0.00e+00	7.41e-32	1.18e-25	1.54e-20	5.51e-16	8.90e-12	4.63e-07	1.42e-03	9.99e-01	0.00e+00	0.00e+00	0.00e+00
 3.00297e+22	0.00e+00	1.04e-31	1.59e-25	1.98e-20	6.72e-16	1.03e-11	5.11e-07	1.49e-03	9.99e-01	0.00e+00	0.00e+00	0.00e+00
 3.03559e+22	0.00e+00	1.42e-31	2.07e-25	2.47e-20	8.04e-16	1.19e-11	5.59e-07	1.55e-03	9.98e-01	0.00e+00	0.00e+00	0.00e+00
 3.07228e+22	0.00e+00	2.05e-31	2.83e-25	3.22e-20	9.96e-16	1.40e-11	6.22e-07	1.64e-03	9.98e-01	0.00e+00	0.00e+00	0.00e+00
 3.11113e+22	0.00e+00	2.90e-31	3.82e-25	4.13e-20	1.22e-15	1.63e-11	6.88e-07	1.72e-03	9.98e-01	0.00e+00	0.00e+00	0.00e+00
 3.14619e+22	0.00e+00	4.01e-31	5.05e-25	5.22e-20	1.47e-15	1.88e-11	7.57e-07	1.81e-03	9.98e-01	0.00e+00	0.00e+00	0.00e+00
 3.18513e+22	0.00e+00	5.91e-31	7.05e-25	6.91e-20	1.85e-15	2.23e-11	8.48e-07	1.91e-03	9.98e-01	0.00e+00	0.00e+00	0.00e+00
 3.22572e+22	0.00e+00	8.52e-31	9.66e-25	8.99e-20	2.28e-15	2.63e-11	9.43e-07	2.01e-03	9.98e-01	0.00e+00	0.00e+00	0.00e+00
 3.26044e+22	0.00e+00	1.17e-30	1.26e-24	1.13e-19	2.75e-15	3.03e-11	1.03e-06	2.11e-03	9.98e-01	0.00e+00	0.00e+00	0.00e+00
 3.29760e+22	0.00e+00	1.69e-30	1.74e-24	1.48e-19	3.42e-15	3.57e-11	1.15e-06	2.22e-03	9.98e-01	0.00e+00	0.00e+00	0.00e+00
 3.33402e+22	0.00e+00	2.31e-30	2.28e-24	1.85e-19	4.10e-15	4.10e-11	1.26e-06	2.33e-03	9.98e-01	0.00e+00	0.00e+00	0.00e+00
 3.36315e+22	0.00e+00	3.01e-30	2.86e-24	2.25e-19	4.79e-15	4.62e-11	1.37e-06	2.42e-03	9.98e-01	0.00e+00	0.00e+00	0.00e+00
 3.39467e+22	0.00e+00	4.10e-30	3.73e-24	2.81e-19	5.74e-15	5.30e-11	1.50e-06	2.53e-03	9.97e-01	0.00e+00	0.00e+00	0.00e+00
 3.42897e+22	0.00e+00	5.56e-30	4.85e-24	3.50e-19	6.86e-15	6.07e-11	1.64e-06	2.64e-03	9.97e-01	0.00e+00	0.00e+00	0.00e+00
 3.46103e+22	0.00e+00	7.52e-30	6.29e-24	4.35e-19	8.18e-15	6.94e-11	1.79e-06	2.76e-03	9.97e-01	0.00e+00	0.00e+00	0.00e+00
 3.49105e+22	0.00e+00	9.87e-30	7.95e-24	5.29e-19	9.59e-15	7.84e-11	1.93e-06	2.87e-03	9.97e-01	0.00e+00	0.00e+00	0.00e+00
 3.52421e+22	0.00e+00	1.36e-29	1.05e-23	6.69e-19	1.16e-14	9.07e-11	2.13e-06	3.01e-03	9.97e-01	0.00e+00	0.00e+00	0.00e+00
 3.55930e+22	0.00e+00	1.87e-29	1.38e-23	8.40e-19	1.39e-14	1.04e-10	2.33e-06	3.15e-03	9.97e-01	0.00e+00	0.00e+00	0.00e+00
 3.59039e+22	0.00e+00	2.48e-29	1.76e-23	1.03e-18	1.65e-14	1.19e-10	2.54e-06	3.28e-03	9.97e-01	0.00e+00	0.00e+00	0.00e+00
 3.61766e+22	0.00e+00	3.18e-29	2.18e-23	1.24e-18	1.91e-14	1.32e-10	2.73e-06	3.41e-03	9.97e-01	0.00e+00	0.00e+00	0.00e+00
 3.64264e+22	0.00e+00	3.99e-29	2.65e-23	1.46e-18	2.18e-14	1.47e-10	2.92e-06	3.52e-03	9.96e-01	0.00e+00	0.00e+00	0.00e+00
 3.67127e+22	0.00e+00	5.24e-29	3.35e-23	1.77e-18	2.56e-14	1.66e-10	3.16e-06	3.66e-03	9.96e-01	0.00e+00	0.00e+00	0.00e+00
 3.70229e+22	0.00e+00	6.92e-29	4.26e-23	2.17e-18	3.01e-14	1.88e-10	3.43e-06	3.81e-03	9.96e-01	0.00e+00	0.00e+00	0.00e+00
 3.73055e+22	0.00e+00	8.96e-29	5.32e-23	2.61e-18	3.50e-14	2.11e-10	3.70e-06	3.96e-03	9.96e-01	0.00e+00	0.00e+00	0.00e+00
 3.75726e+22	0.00e+00	1.15e-28	6.60e-23	3.13e-18	4.06e-14	2.36e-10	3.99e-06	4.11e-03	9.96e-01	0.00e+00	0.00e+00	0.00e+00
 3.78358e+22	0.00e+00	1.46e-28	8.13e-23	3.73e-18	4.67e-14	2.63e-10	4.28e-06	4.25e-03	9.96e-01	0.00e+00	0.00e+00	0.00e+00
 3.81356e+22	0.00e+00	1.95e-28	1.04e-22	4.60e-18	5.54e-14	3.00e-10	4.66e-06	4.43e-03	9.96e-01	0.00e+00	0.00e+00	0.00e+00
 3.84498e+22	0.00e+00	2.59e-28	1.33e-22	5.64e-18	6.53e-14	3.40e-10	5.07e-06	4.62e-03	9.95e-01	0.00e+00	0.00e+00	0.00e+00
 3.87228e+22	0.00e+00	3.32e-28	1.65e-22	6.76e-18	7.56e-14	3.80e-10	5.45e-06	4.79e-03	9.95e-01	0.00e+00	0.00e+00	0.00e+00
 3.90179e+22	0.00e+00	4.44e-28	2.11e-22	8.34e-18	8.97e-14	4.34e-10	5.94e-06	5.00e-03	9.95e-01	0.00e+00	0.00e+00	0.00e+00
 3.93105e+22	0.00e+00	5.72e-28	2.63e-22	1.00e-17	1.04e-13	4.85e-10	6.40e-06	5.19e-03	9.95e-01	0.00e+00	0.00e+00	0.00e+00
 3.95475e+22	0.00e+00	7.08e-28	3.16e-22	1.17e-17	1.18e-13	5.34e-10	6.82e-06	5.35e-03	9.95e-01	0.00e+00	0.00e+00	0.00e+00
 3.98033e+22	0.00e+00	9.06e-28	3.91e-22	1.40e-17	1.37e-13	5.98e-10	7.34e-06	5.55e-03	9.94e-01	0.00e+00	0.00e+00	0.00e+00
 4.00820e+22	0.00e+00	1.16e-27	4.83e-22	1.67e-17	1.58e-13	6.68e-10	7.90e-06	5.75e-03	9.94e-01	0.00e+00	0.00e+00	0.00e+00
 4.03434e+22	0.00e+00	1.48e-27	5.95e-22	1.99e-17	1.82e-13	7.44e-10	8.49e-06	5.96e-03	9.94e-01	0.00e+00	0.00e+00	0.00e+00
 4.05940e+22	0.00e+00	1.85e-27	7.23e-22	2.35e-17	2.08e-13	8.25e-10	9.08e-06	6.16e-03	9.94e-01	0.00e+00	0.00e+00	0.00e+00
 4.08388e+22	2.05e-34	2.32e-27	8.77e-22	2.76e-17	2.37e-13	9.13e-10	9.71e-06	6.37e-03	9.94e-01	0.00e+00	0.00e+00	0.00e+00
 4.11182e+22	2.77e-34	3.03e-27	1.10e-21	3.36e-17	2.78e-13	1.03e-09	1.05e-05	6.62e-03	9.93e-01	0.00e+00	0.00e+00	0.00e+00
 4.14089e+22	3.73e-34	3.93e-27	1.38e-21	4.05e-17	3.24e-13	1.16e-09	1.14e-05	6.88e-03	9.93e-01	0.00e+00	0.00e+00	0.00e+00
 4.16579e+22	4.83e-34	4.92e-27	1.68e-21	4.77e-17	3.70e-13	1.28e-09	1.21e-05	7.11e-03	9.93e-01	0.00e+00	0.00e+00	0.00e+00
 4.19253e+22	6.51e-34	6.39e-27	2.10e-21	5.77e-17	4.32e-13	1.44e-09	1.31e-05	7.39e-03	9.93e-01	0.00e+00	0.00e+00	0.00e+00
 4.21963e+22	8.51e-34	8.08e-27	2.57e-21	6.83e-17	4.95e-13	1.60e-09	1.41e-05	7.65e-03	9.92e-01	0.00e+00	0.00e+00	0.00e+00
 4.24258e+22	1.08e-33	9.96e-27	3.08e-21	7.94e-17	5.60e-13	1.76e-09	1.50e-05	7.88e-03	9.92e-01	0.00e+00	0.00e+00	0.00e+00
 4.26778e+22	1.42e-33	1.27e-26	3.79e-21	9.48e-17	6.47e-13	1.97e-09	1.61e-05	8.17e-03	9.92e-01	0.00e+00	0.00e+00	0.00e+00
 4.29492e+22	1.88e-33	1.62e-26	4.66e-21	1.13e-16	7.45e-13	2.19e-09	1.73e-05	8.47e-03	9.92e-01	0.00e+00	0.00e+00	0.00e+00
 4.31982e+22	2.43e-33	2.03e-26	5.67e-21	1.33e-16	8.51e-13	2.43e-09	1.85e-05	8.76e-03	9.91e-01	0.00e+00	0.00e+00	0.00e+00
 4.34742e+22	3.31e-33	2.65e-26	7.15e-21	1.62e-16	9.98e-13	2.74e-09	2.01e-05	9.11e-03	9.91e-01	0.00e+00	0.00e+00	0.00e+00
 4.37636e+22	4.45e-33	3.44e-26	8.94e-21	1.95e-16	1.16e-12	3.08e-09	2.17e-05	9.47e-03	9.91e-01	0.00e+00	0.00e+00	0.00e+00
 4.40053e+22	5.72e-33	4.28e-26	1.08e-20	2.28e-16	1.32e-12	3.39e-09	2.32e-05	9.78e-03	9.90e-01	0.00e+00	0.00e+00	0.00e+00
 4.42215e+22	7.20e-33	5.24e-26	1.28e-20	2.64e-16	1.49e-12	3.71e-09	2.46e-05	1.01e-02	9.90e-01	0.00e+00	0.00e+00	0.00e+00
 4.44698e+22	9.53e-33	6.69e-26	1.58e-20	3.15e-16	1.72e-12	4.15e-09	2.65e-05	1.04e-02	9.90e-01	0.00e+00	0.00e+00	0.00e+00
 4.47368e+22	1.24e-32	8.44e-26	1.93e-20	3.73e-16	1.97e-12	4.60e-09	2.84e-05	1.08e-02	9.89e-01	0.00e+00	0.00e+00	0.00e+00
 4.49875e+22	1.62e-32	1.07e-25	2.36e-20	4.41e-16	2.25e-12	5.10e-09	3.05e-05	1.12e-02	9.89e-01	0.00e+00	0.00e+00	0.00e+00
 4.52346e+22	2.12e-32	1.35e-25	2.88e-20	5.22e-16	2.58e-12	5.66e-09	3.27e-05	1.16e-02	9.88e-01	0.00e+00	0.00e+00	0.00e+00
 4.54700e+22	2.72e-32	1.67e-25	3.47e-20	6.10e-16	2.93e-12	6.23e-09	3.48e-05	1.20e-02	9.88e-01	0.00e+00	0.00e+00	0.00e+00
 4.57282e+22	3.63e-32	2.15e-25	4.31e-20	7.32e-16	3.40e-12	6.97e-09	3.76e-05	1.24e-02	9.88e-01	0.00e+00	0.00e+00	0.00e+00
 4.59987e+22	4.82e-32	2.75e-25	5.33e-20	8.74e-16	3.92e-12	7.77e-09	4.05e-05	1.29e-02	9.87e-01	0.00e+00	0.00e+00	0.00e+00
 4.62356e+22	6.24e-32	3.45e-25	6.46e-20	1.03e-15	4.46e-12	8.56e-09	4.33e-05	1.33e-02	9.87e-01	0.00e+00	0.00e+00	0.00e+00
 4.64940e+22	8.54e-32	4.53e-25	8.16e-20	1.25e-15	5.22e-12	9.65e-09	4.69e-05	1.39e-02	9.86e-01	0.00e+00	0.00e+00	0.00e+00
 4.67612e+22	1.12e-31	5.73e-25	9.97e-20	1.48e-15	5.98e-12	1.07e-08	5.03e-05	1.44e-02	9.86e-01	0.00e+00	0.00e+00	0.00e+00
 4.69918e+22	1.44e-31	7.14e-25	1.20e-19	1.73e-15	6.78e-12	1.17e-08	5.37e-05	1.48e-02	9.85e-01	0.00e+00	0.00e+00	0.00e+00
 4.72095e+22	1.83e-31	8.80e-25	1.44e-19	2.01e-15	7.65e-12	1.29e-08	5.71e-05	1.53e-02	9.85e-01	0.00e+00	0.00e+00	0.00e+00
 4.74586e+22	2.50e-31	1.15e-24	1.81e-19	2.43e-15	8.92e-12	1.44e-08	6.19e-05	1.59e-02	9.84e-01	0.00e+00	0.00e+00	0.00e+00
 4.77147e+22	3.24e-31	1.44e-24	2.20e-19	2.86e-15	1.01e-11	1.59e-08	6.61e-05	1.65e-02	9.83e-01	0.00e+00	0.00e+00	0.00e+00
 4.79798e+22	4.47e-31	1.91e-24	2.79e-19	3.49e-15	1.19e-11	1.79e-08	7.18e-05	1.72e-02	9.83e-01	0.00e+00	0.00e+00	0.00e+00
 4.82511e+22	6.04e-31	2.48e-24	3.48e-19	4.19e-15	1.38e-11	2.00e-08	7.75e-05	1.79e-02	9.82e-01	0.00e+00	0.00e+00	0.00e+00
 4.84724e+22	7.79e-31	3.09e-24	4.20e-19	4.90e-15	1.56e-11	2.18e-08	8.26e-05	1.84e-02	9.81e-01	0.00e+00	0.00e+00	0.00e+00
 4.86719e+22	9.70e-31	3.74e-24	4.94e-19	5.61e-15	1.74e-11	2.37e-08	8.75e-05	1.90e-02	9.81e-01	0.00e+00	0.00e+00	0.00e+00
 4.89010e+22	1.31e-30	4.84e-24	6.14e-19	6.73e-15	2.01e-11	2.63e-08	9.42e-05	1.97e-02	9.80e-01	0.00e+00	0.00e+00	0.00e+00
 4.91424e+22	1.72e-30	6.13e-24	7.51e-19	7.95e-15	2.29e-11	2.90e-08	1.01e-04	2.04e-02	9.79e-01	0.00e+00	0.00e+00	0.00e+00
 4.93625e+22	2.24e-30	7.71e-24	9.13e-19	9.34e-15	2.60e-11	3.19e-08	1.08e-04	2.11e-02	9.79e-01	0.00e+00	0.00e+00	0.00e+00
 4.96110e+22	3.11e-30	1.02e-23	1.16e-18	1.14e-14	3.05e-11	3.57e-08	1.17e-04	2.20e-02	9.78e-01	0.00e+00	0.00e+00	0.00e+00
 4.98571e+22	4.14e-30	1.31e-23	1.43e-18	1.35e-14	3.49e-11	3.94e-08	1.26e-04	2.28e-02	9.77e-01	0.00e+00	0.00e+00	0.00e+00
 5.00564e+22	5.27e-30	1.62e-23	1.71e-18	1.57e-14	3.92e-11	4.29e-08	1.33e-04	2.35e-02	9.76e-01	0.00e+00	0.00e+00	0.00e+00
 5.02718e+22	7.09e-30	2.09e-23	2.12e-18	1.88e-14	4.51e-11	4.75e-08	1.43e-04	2.44e-02	9.75e-01	0.00e+00	0.00e+00	0.00e+00
 5.05004e+22	9.30e-30	2.64e-23	2.59e-18	2.21e-14	5.13e-11	5.22e-08	1.53e-04	2.53e-02	9.75e-01	0.00e+00	0.00e+00	0.00e+00
 5.07116e+22	1.24e-29	3.38e-23	3.19e-18	2.62e-14	5.86e-11	5.73e-08	1.64e-04	2.62e-02	9.74e-01	0.00e+00	0.00e+00	0.00e+00
 5.09153e+22	1.59e-29	4.20e-23	3.83e-18	3.06e-14	6.62e-11	6.26e-08	1.75e-04	2.70e-02	9.73e-01	0.00e+00	0.00e+00	0.00e+00
 5.11435e+22	2.21e-29	5.57e-23	4.87e-18	3.73e-14	7.72e-11	7.00e-08	1.89e-04	2.81e-02	9.72e-01	0.00e+00	0.00e+00	0.00e+00
 5.13735e+22	2.96e-29	7.15e-23	6.01e-18	4.43e-14	8.84e-11	7.70e-08	2.03e-04	2.92e-02	9.71e-01	0.00e+00	0.00e+00	0.00e+00
 5.15661e+22	3.79e-29	8.85e-23	7.20e-18	5.14e-14	9.94e-11	8.38e-08	2.16e-04	3.01e-02	9.70e-01	0.00e+00	0.00e+00	0.00e+00
 5.17768e+22	5.17e-29	1.16e-22	9.04e-18	6.21e-14	1.15e-10	9.30e-08	2.33e-04	3.12e-02	9.69e-01	0.00e+00	0.00e+00	0.00e+00
 5.19974e+22	6.89e-29	1.48e-22	1.11e-17	7.37e-14	1.31e-10	1.02e-07	2.49e-04	3.23e-02	9.67e-01	0.00e+00	0.00e+00	0.00e+00
 5.21963e+22	9.03e-29	1.87e-22	1.36e-17	8.67e-14	1.49e-10	1.12e-07	2.66e-04	3.34e-02	9.66e-01	0.00e+00	0.00e+00	0.00e+00
 5.23868e+22	1.17e-28	2.34e-22	1.64e-17	1.01e-13	1.69e-10	1.22e-07	2.83e-04	3.45e-02	9.65e-01	0.00e+00	0.00e+00	0.00e+00
 5.26011e+22	1.63e-28	3.12e-22	2.09e-17	1.24e-13	1.97e-10	1.36e-07	3.06e-04	3.59e-02	9.64e-01	0.00e+00	0.00e+00	0.00e+00
 5.28196e+22	2.18e-28	4.00e-22	2.58e-17	1.47e-13	2.25e-10	1.50e-07	3.28e-04	3.72e-02	9.62e-01	0.00e+00	0.00e+00	0.00e+00
 5.30068e+22	2.83e-28	5.02e-22	3.12e-17	1.72e-13	2.55e-10	1.64e-07	3.49e-04	3.84e-02	9.61e-01	0.00e+00	0.00e+00	0.00e+00
 5.32135e+22	3.94e-28	6.66e-22	3.96e-17	2.10e-13	2.97e-10	1.83e-07	3.77e-04	3.99e-02	9.60e-01	0.00e+00	0.00e+00	0.00e+00
 5.34266e+22	5.27e-28	8.57e-22	4.91e-17	2.50e-13	3.41e-10	2.01e-07	4.04e-04	4.13e-02	9.58e-01	0.00e+00	0.00e+00	0.00e+00
 5.36156e+22	6.98e-28	1.09e-21	6.02e-17	2.96e-13	3.88e-10	2.21e-07	4.31e-04	4.27e-02	9.57e-01	0.00e+00	0.00e+00	0.00e+00
 5.38287e+22	9.83e-28	1.47e-21	7.73e-17	3.64e-13	4.56e-10	2.48e-07	4.67e-04	4.44e-02	9.55e-01	0.00e+00	0.00e+00	0.00e+00
 5.40440e+22	1.33e-27	1.90e-21	9.62e-17	4.36e-13	5.25e-10	2.74e-07	5.01e-04	4.60e-02	9.53e-01	0.00e+00	0.00e+00	0.00e+00
 5.42294e+22	1.75e-27	2.42e-21	1.18e-16	5.16e-13	5.98e-10	3.00e-07	5.35e-04	4.75e-02	9.52e-01	0.00e+00	0.00e+00	0.00e+00
 5.44376e+22	2.48e-27	3.26e-21	1.52e-16	6.37e-13	7.05e-10	3.37e-07	5.80e-04	4.95e-02	9.50e-01	0.00e+00	0.00e+00	0.00e+00
 5.46544e+22	3.42e-27	4.30e-21	1.92e-16	7.72e-13	8.19e-10	3.75e-07	6.24e-04	5.13e-02	9.48e-01	0.00e+00	0.00e+00	0.00e+00
 5.48487e+22	4.56e-27	5.52e-21	2.38e-16	9.20e-13	9.39e-10	4.13e-07	6.67e-04	5.31e-02	9.46e-01	0.00e+00	0.00e+00	0.00e+00
 5.50386e+22	6.24e-27	7.24e-21	2.99e-16	1.11e-12	1.09e-09	4.58e-07	7.16e-04	5.49e-02	9.44e-01	0.00e+00	0.00e+00	0.00e+00
 5.52194e+22	8.16e-27	9.13e-21	3.64e-16	1.31e-12	1.23e-09	5.01e-07	7.62e-04	5.67e-02	9.43e-01	0.00e+00	0.00e+00	0.00e+00
 5.54173e+22	1.17e-26	1.24e-20	4.73e-16	1.63e-12	1.46e-09	5.64e-07	8.27e-04	5.90e-02	9.40e-01	0.00e+00	0.00e+00	0.00e+00
 5.56189e+22	1.60e-26	1.63e-20	5.95e-16	1.96e-12	1.69e-09	6.26e-07	8.87e-04	6.10e-02	9.38e-01	0.00e+00	0.00e+00	0.00e+00
 5.57808e+22	2.05e-26	2.02e-20	7.13e-16	2.28e-12	1.90e-09	6.79e-07	9.37e-04	6.27e-02	9.36e-01	0.00e+00	0.00e+00	0.00e+00
 5.59470e+22	2.79e-26	2.64e-20	8.95e-16	2.75e-12	2.20e-09	7.53e-07	1.01e-03	6.49e-02	9.34e-01	0.00e+00	0.00e+00	0.00e+00
 5.61074e+22	3.54e-26	3.24e-20	1.07e-15	3.18e-12	2.46e-09	8.14e-07	1.06e-03	6.66e-02	9.32e-01	0.00e+00	0.00e+00	0.00e+00
 5.62385e+22	4.44e-26	3.95e-20	1.26e-15	3.65e-12	2.73e-09	8.78e-07	1.11e-03	6.82e-02	9.31e-01	0.00e+00	0.00e+00	0.00e+00
 5.63871e+22	5.93e-26	5.07e-20	1.56e-15	4.35e-12	3.13e-09	9.66e-07	1.19e-03	7.04e-02	9.28e-01	0.00e+00	0.00e+00	0.00e+00
 5.65319e+22	7.42e-26	6.16e-20	1.84e-15	4.99e-12	3.48e-09	1.04e-06	1.25e-03	7.20e-02	9.27e-01	0.00e+00	0.00e+00	0.00e+00
 5.66522e+22	9.27e-26	7.46e-20	2.16e-15	5.71e-12	3.86e-09	1.12e-06	1.31e-03	7.37e-02	9.25e-01	0.00e+00	0.00e+00	0.00e+00
 5.67888e+22	1.21e-25	9.43e-20	2.64e-15	6.72e-12	4.39e-09	1.22e-06	1.39e-03	7.59e-02	9.23e-01	0.00e+00	0.00e+00	0.00e+00
 5.69230e+22	1.51e-25	1.14e-19	3.10e-15	7.68e-12	4.86e-09	1.31e-06	1.46e-03	7.76e-02	9.21e-01	0.00e+00	0.00e+00	0.00e+00
 5.70345e+22	1.87e-25	1.37e-19	3.63e-15	8.75e-12	5.38e-09	1.41e-06	1.52e-03	7.94e-02	9.19e-01	0.00e+00	0.00e+00	0.00e+00
 5.71435e+22	2.30e-25	1.64e-19	4.23e-15	9.92e-12	5.92e-09	1.51e-06	1.59e-03	8.11e-02	9.17e-01	0.00e+00	0.00e+00	0.00e+00
 5.72682e+22	3.00e-25	2.06e-19	5.13e-15	1.16e-11	6.70e-09	1.65e-06	1.69e-03	8.33e-02	9.15e-01	0.00e+00	0.00e+00	0.00e+00
 5.73959e+22	3.75e-25	2.50e-19	6.05e-15	1.33e-11	7.44e-09	1.77e-06	1.77e-03	8.52e-02	9.13e-01	0.00e+00	0.00e+00	0.00e+00
 5.75095e+22	4.64e-25	3.02e-19	7.09e-15	1.52e-11	8.24e-09	1.90e-06	1.85e-03	8.71e-02	9.11e-01	0.00e+00	0.00e+00	0.00e+00
 5.76171e+22	5.79e-25	3.65e-19	8.33e-15	1.74e-11	9.12e-09	2.04e-06	1.94e-03	8.90e-02	9.09e-01	0.00e+00	0.00e+00	0.00e+00
 5.77165e+22	7.08e-25	4.35e-19	9.66e-15	1.96e-11	1.00e-08	2.18e-06	2.02e-03	9.08e-02	9.07e-01	0.00e+00	0.00e+00	0.00e+00
 5.78273e+22	9.10e-25	5.40e-19	1.16e-14	2.29e-11	1.13e-08	2.36e-06	2.13e-03	9.31e-02	9.05e-01	0.00e+00	0.00e+00	0.00e+00
 5.79410e+22	1.14e-24	6.59e-19	1.38e-14	2.63e-11	1.25e-08	2.54e-06	2.23e-03	9.51e-02	9.03e-01	0.00e+00	0.00e+00	0.00e+00
 5.80402e+22	1.39e-24	7.82e-19	1.59e-14	2.96e-11	1.38e-08	2.71e-06	2.33e-03	9.70e-02	9.01e-01	0.00e+00	0.00e+00	0.00e+00
 5.81506e+22	1.85e-24	9.99e-19	1.96e-14	3.52e-11	1.57e-08	2.97e-06	2.46e-03	9.97e-02	8.98e-01	0.00e+00	0.00e+00	0.00e+00
 5.82617e+22	2.31e-24	1.21e-18	2.31e-14	4.03e-11	1.74e-08	3.19e-06	2.58e-03	1.02e-01	8.96e-01	0.00e+00	0.00e+00	0.00e+00
 5.83735e+22	3.07e-24	1.55e-18	2.85e-14	4.79e-11	1.99e-08	3.50e-06	2.73e-03	1.05e-01	8.93e-01	0.00e+00	0.00e+00	0.00e+00
 5.84871e+22	3.91e-24	1.91e-18	3.40e-14	5.54e-11	2.22e-08	3.78e-06	2.87e-03	1.07e-01	8.90e-01	0.00e+00	0.00e+00	0.00e+00
 5.85833e+22	4.86e-24	2.31e-18	4.00e-14	6.33e-11	2.46e-08	4.05e-06	3.00e-03	1.09e-01	8.88e-01	0.00e+00	0.00e+00	0.00e+00
 5.86886e+22	6.49e-24	2.97e-18	4.95e-14	7.54e-11	2.81e-08	4.44e-06	3.17e-03	1.12e-01	8.85e-01	0.00e+00	0.00e+00	0.00e+00
 5.87948e+22	8.18e-24	3.63e-18	5.87e-14	8.68e-11	3.13e-08	4.78e-06	3.32e-03	1.15e-01	8.82e-01	0.00e+00	0.00e+00	0.00e+00
 5.89019e+22	1.12e-23	4.78e-18	7.41e-14	1.05e-10	3.62e-08	5.28e-06	3.54e-03	1.18e-01	8.79e-01	0.00e+00	0.00e+00	0.00e+00
 5.90091e+22	1.41e-23	5.84e-18	8.78e-14	1.21e-10	4.02e-08	5.68e-06	3.70e-03	1.20e-01	8.76e-01	0.00e+00	0.00e+00	0.00e+00
 5.91022e+22	1.81e-23	7.23e-18	1.05e-13	1.40e-10	4.51e-08	6.13e-06	3.88e-03	1.23e-01	8.73e-01	0.00e+00	0.00e+00	0.00e+00
 5.91937e+22	2.30e-23	8.91e-18	1.26e-13	1.62e-10	5.03e-08	6.61e-06	4.07e-03	1.26e-01	8.70e-01	0.00e+00	0.00e+00	0.00e+00
 5.92972e+22	3.19e-23	1.18e-17	1.60e-13	1.98e-10	5.85e-08	7.32e-06	4.33e-03	1.29e-01	8.66e-01	0.00e+00	0.00e+00	0.00e+00
 5.93993e+22	4.03e-23	1.45e-17	1.90e-13	2.28e-10	6.51e-08	7.89e-06	4.54e-03	1.32e-01	8.63e-01	0.00e+00	0.00e+00	0.00e+00
 5.94995e+22	5.56e-23	1.92e-17	2.41e-13	2.77e-10	7.55e-08	8.72e-06	4.83e-03	1.36e-01	8.59e-01	0.00e+00	0.00e+00	0.00e+00
 5.96011e+22	7.21e-23	2.40e-17	2.92e-13	3.23e-10	8.50e-08	9.45e-06	5.07e-03	1.39e-01	8.56e-01	0.00e+00	0.00e+00	0.00e+00
 5.97043e+22	1.01e-22	3.21e-17	3.73e-13	3.96e-10	9.91e-08	1.05e-05	5.41e-03	1.43e-01	8.51e-01	0.00e+00	0.00e+00	0.00e+00
 5.98055e+22	1.29e-22	3.98e-17	4.48e-13	4.59e-10	1.11e-07	1.13e-05	5.67e-03	1.46e-01	8.48e-01	0.00e+00	0.00e+00	0.00e+00
 5.99039e+22	1.79e-22	5.29e-17	5.71e-13	5.60e-10	1.29e-07	1.25e-05	6.04e-03	1.51e-01	8.43e-01	0.00e+00	0.00e+00	0.00e+00
 6.00038e+22	2.33e-22	6.64e-17	6.91e-13	6.56e-10	1.45e-07	1.36e-05	6.35e-03	1.54e-01	8.40e-01	0.00e+00	0.00e+00	0.00e+00
 6.01057e+22	3.29e-22	8.95e-17	8.91e-13	8.07e-10	1.70e-07	1.51e-05	6.78e-03	1.59e-01	8.35e-01	0.00e+00	0.00e+00	0.00e+00
 6.02089e+22	4.32e-22	1.13e-16	1.09e-12	9.52e-10	1.93e-07	1.65e-05	7.14e-03	1.62e-01	8.31e-01	0.00e+00	0.00e+00	0.00e+00
 6.03141e+22	6.19e-22	1.55e-16	1.42e-12	1.18e-09	2.27e-07	1.84e-05	7.65e-03	1.67e-01	8.25e-01	0.00e+00	0.00e+00	0.00e+00
 6.04196e+22	8.14e-22	1.97e-16	1.74e-12	1.39e-09	2.58e-07	2.01e-05	8.07e-03	1.71e-01	8.21e-01	0.00e+00	0.00e+00	0.00e+00
 6.05258e+22	1.17e-21	2.70e-16	2.27e-12	1.74e-09	3.04e-07	2.25e-05	8.65e-03	1.77e-01	8.15e-01	0.00e+00	0.00e+00	0.00e+00
 6.06293e+22	1.51e-21	3.36e-16	2.74e-12	2.03e-09	3.42e-07	2.44e-05	9.09e-03	1.80e-01	8.10e-01	0.00e+00	0.00e+00	0.00e+00
 6.07296e+22	2.14e-21	4.54e-16	3.53e-12	2.50e-09	4.01e-07	2.72e-05	9.71e-03	1.86e-01	8.04e-01	0.00e+00	0.00e+00	0.00e+00
 6.08308e+22	2.73e-21	5.62e-16	4.24e-12	2.90e-09	4.50e-07	2.94e-05	1.02e-02	1.90e-01	8.00e-01	0.00e+00	0.00e+00	0.00e+00
 6.09330e+22	3.82e-21	7.52e-16	5.42e-12	3.55e-09	5.25e-07	3.27e-05	1.09e-02	1.95e-01	7.94e-01	0.00e+00	0.00e+00	0.00e+00
 6.10378e+22	4.97e-21	9.44e-16	6.58e-12	4.16e-09	5.93e-07	3.55e-05	1.15e-02	2.00e-01	7.89e-01	0.00e+00	0.00e+00	0.00e+00
 6.11460e+22	7.04e-21	1.28e-15	8.50e-12	5.13e-09	6.97e-07	3.97e-05	1.23e-02	2.06e-01	7.82e-01	0.00e+00	0.00e+00	0.00e+00
 6.12560e+22	9.10e-21	1.59e-15	1.03e-11	6.00e-09	7.86e-07	4.31e-05	1.29e-02	2.10e-01	7.77e-01	0.00e+00	0.00e+00	0.00e+00
 6.13683e+22	1.28e-20	2.15e-15	1.32e-11	7.39e-09	9.22e-07	4.82e-05	1.38e-02	2.16e-01	7.70e-01	0.00e+00	0.00e+00	0.00e+00
 6.14835e+22	1.67e-20	2.69e-15	1.60e-11	8.67e-09	1.04e-06	5.25e-05	1.46e-02	2.21e-01	7.64e-01	0.00e+00	0.00e+00	0.00e+00
 6.16025e+22	2.35e-20	3.63e-15	2.07e-11	1.07e-08	1.23e-06	5.87e-05	1.56e-02	2.28e-01	7.57e-01	0.00e+00	0.00e+00	0.00e+00
 6.17237e+22	3.06e-20	4.56e-15	2.51e-11	1.25e-08	1.39e-06	6.40e-05	1.65e-02	2.33e-01	7.51e-01	0.00e+00	0.00e+00	0.00e+00
 6.18477e+22	4.29e-20	6.11e-15	3.22e-11	1.54e-08	1.63e-06	7.15e-05	1.76e-02	2.40e-01	7.43e-01	0.00e+00	0.00e+00	0.00e+00
 6.19725e+22	5.53e-20	7.63e-15	3.89e-11	1.80e-08	1.84e-06	7.78e-05	1.86e-02	2.45e-01	7.37e-01	0.00e+00	0.00e+00	0.00e+00
 6.20984e+22	7.70e-20	1.02e-14	4.97e-11	2.21e-08	2.16e-06	8.69e-05	1.99e-02	2.52e-01	7.28e-01	0.00e+00	0.00e+00	0.00e+00
 6.22203e+22	9.58e-20	1.23e-14	5.84e-11	2.53e-08	2.40e-06	9.35e-05	2.08e-02	2.56e-01	7.23e-01	0.00e+00	0.00e+00	0.00e+00
 6.23370e+22	1.28e-19	1.58e-14	7.25e-11	3.03e-08	2.76e-06	1.03e-04	2.21e-02	2.63e-01	7.15e-01	0.00e+00	0.00e+00	0.00e+00
 6.24567e+22	1.61e-19	1.92e-14	8.57e-11	3.48e-08	3.07e-06	1.11e-04	2.31e-02	2.68e-01	7.09e-01	0.00e+00	0.00e+00	0.00e+00
 6.25803e+22	2.17e-19	2.50e-14	1.07e-10	4.19e-08	3.56e-06	1.23e-04	2.46e-02	2.75e-01	7.01e-01	0.00e+00	0.00e+00	0.00e+00
 6.27055e+22	2.70e-19	3.02e-14	1.26e-10	4.79e-08	3.95e-06	1.33e-04	2.58e-02	2.80e-01	6.95e-01	0.00e+00	0.00e+00	0.00e+00
 6.28327e+22	3.60e-19	3.87e-14	1.56e-10	5.72e-08	4.55e-06	1.47e-04	2.74e-02	2.86e-01	6.86e-01	0.00e+00	0.00e+00	0.00e+00
 6.29589e+22	4.45e-19	4.66e-14	1.83e-10	6.53e-08	5.05e-06	1.58e-04	2.86e-02	2.91e-01	6.80e-01	0.00e+00	0.00e+00	0.00e+00
 6.30838e+22	5.90e-19	5.95e-14	2.25e-10	7.77e-08	5.79e-06	1.74e-04	3.04e-02	2.98e-01	6.71e-01	0.00e+00	0.00e+00	0.00e+00
 6.32099e+22	7.21e-19	7.08e-14	2.61e-10	8.81e-08	6.40e-06	1.86e-04	3.17e-02	3.03e-01	6.65e-01	0.00e+00	0.00e+00	0.00e+00
 6.33377e+22	9.49e-19	8.99e-14	3.20e-10	1.05e-07	7.33e-06	2.05e-04	3.36e-02	3.10e-01	6.56e-01	0.00e+00	0.00e+00	0.00e+00
 6.34679e+22	1.16e-18	1.07e-13	3.73e-10	1.19e-07	8.11e-06	2.20e-04	3.51e-02	3.15e-01	6.50e-01	0.00e+00	0.00e+00	0.00e+00
 6.36012e+22	1.53e-18	1.36e-13	4.58e-10	1.41e-07	9.29e-06	2.43e-04	3.72e-02	3.22e-01	6.41e-01	0.00e+00	0.00e+00	0.00e+00
 6.37371e+22	1.89e-18	1.63e-13	5.34e-10	1.60e-07	1.03e-05	2.61e-04	3.89e-02	3.27e-01	6.34e-01	0.00e+00	0.00e+00	0.00e+00
 6.38761e+22	2.48e-18	2.07e-13	6.56e-10	1.91e-07	1.18e-05	2.87e-04	4.12e-02	3.34e-01	6.24e-01	0.00e+00	0.00e+00	0.00e+00
 6.40177e+22	3.06e-18	2.48e-13	7.66e-10	2.17e-07	1.31e-05	3.09e-04	4.31e-02	3.40e-01	6.17e-01	0.00e+00	0.00e+00	0.00e+00
 6.41627e+22	4.03e-18	3.16e-13	9.42e-10	2.58e-07	1.50e-05	3.41e-04	4.57e-02	3.47e-01	6.07e-01	0.00e+00	0.00e+00	0.00e+00
 6.43044e+22	4.83e-18	3.70e-13	1.08e-09	2.89e-07	1.65e-05	3.64e-04	4.75e-02	3.52e-01	6.01e-01	0.00e+00	0.00e+00	0.00e+00
 6.44418e+22	6.27e-18	4.65e-13	1.31e-09	3.41e-07	1.88e-05	3.99e-04	5.02e-02	3.58e-01	5.91e-01	0.00e+00	0.00e+00	0.00e+00
 6.45814e+22	7.53e-18	5.45e-13	1.50e-09	3.82e-07	2.06e-05	4.26e-04	5.22e-02	3.63e-01	5.84e-01	0.00e+00	0.00e+00	0.00e+00
 6.47239e+22	9.69e-18	6.78e-13	1.82e-09	4.48e-07	2.33e-05	4.66e-04	5.50e-02	3.70e-01	5.74e-01	0.00e+00	0.00e+00	0.00e+00
 6.48708e+22	1.19e-17	8.09e-13	2.11e-09	5.09e-07	2.58e-05	5.01e-04	5.74e-02	3.75e-01	5.67e-01	0.00e+00	0.00e+00	0.00e+00
 6.50234e+22	1.53e-17	1.01e-12	2.55e-09	5.96e-07	2.93e-05	5.47e-04	6.06e-02	3.82e-01	5.57e-01	0.00e+00	0.00e+00	0.00e+00
 6.51811e+22	1.89e-17	1.21e-12	2.99e-09	6.82e-07	3.26e-05	5.91e-04	6.33e-02	3.88e-01	5.48e-01	0.00e+00	0.00e+00	0.00e+00
 6.53453e+22	2.45e-17	1.52e-12	3.64e-09	8.03e-07	3.72e-05	6.48e-04	6.69e-02	3.94e-01	5.38e-01	2.45e-17	6.12e-28	6.50e-28
 6.55141e+22	3.05e-17	1.84e-12	4.28e-09	9.22e-07	4.15e-05	7.01e-04	7.00e-02	4.00e-01	5.29e-01	3.05e-17	5.69e-26	7.17e-26
 6.56887e+22	3.99e-17	2.33e-12	5.24e-09	1.09e-06	4.75e-05	7.71e-04	7.41e-02	4.07e-01	5.18e-01	3.99e-17	7.45e-26	9.38e-26
 6.58691e+22	5.01e-17	2.84e-12	6.21e-09	1.26e-06	5.33e-05	8.36e-04	7.76e-02	4.13e-01	5.09e-01	5.01e-17	9.35e-26	1.18e-25
 6.60572e+22	6.64e-17	3.63e-12	7.67e-09	1.50e-06	6.13e-05	9.23e-04	8.23e-02	4.20e-01	4.97e-01	6.64e-17	1.24e-25	1.56e-25
 6.62500e+22	8.40e-17	4.45e-12	9.14e-09	1.74e-06	6.90e-05	1.00e-03	8.63e-02	4.26e-01	4.87e-01	8.40e-17	1.57e-25	1.97e-25
 6.64231e+22	1.05e-16	5.40e-12	1.08e-08	2.00e-06	7.70e-05	1.08e-03	9.03e-02	4.31e-01	4.77e-01	1.05e-16	1.96e-25	2.46e-25
 6.66220e+22	1.42e-16	7.02e-12	1.35e-08	2.42e-06	8.96e-05	1.21e-03	9.60e-02	4.38e-01	4.64e-01	1.42e-16	2.64e-25	3.33e-25
 6.68221e+22	1.76e-16	8.50e-12	1.59e-08	2.78e-06	1.00e-04	1.30e-03	1.00e-01	4.43e-01	4.55e-01	1.76e-16	3.30e-25	4.15e-25
 6.70238e+22	2.37e-16	1.10e-11	1.99e-08	3.34e-06	1.16e-04	1.45e-03	1.06e-01	4.50e-01	4.42e-01	2.37e-16	4.42e-25	5.57e-25
 6.72297e+22	3.00e-16	1.35e-11	2.37e-08	3.88e-06	1.30e-04	1.57e-03	1.12e-01	4.55e-01	4.31e-01	3.00e-16	5.60e-25	7.06e-25
 6.74413e+22	4.05e-16	1.76e-11	2.97e-08	4.69e-06	1.52e-04	1.75e-03	1.18e-01	4.62e-01	4.18e-01	4.05e-16	7.58e-25	9.54e-25
 6.76561e+22	5.17e-16	2.17e-11	3.57e-08	5.46e-06	1.72e-04	1.90e-03	1.24e-01	4.66e-01	4.07e-01	5.17e-16	9.67e-25	1.22e-24
 6.78751e+22	7.08e-16	2.86e-11	4.52e-08	6.66e-06	2.01e-04	2.13e-03	1.32e-01	4.73e-01	3.93e-01	7.08e-16	1.33e-24	1.67e-24
 6.80822e+22	8.71e-16	3.42e-11	5.28e-08	7.59e-06	2.23e-04	2.29e-03	1.38e-01	4.76e-01	3.84e-01	8.71e-16	1.63e-24	2.05e-24
 6.82736e+22	1.15e-15	4.35e-11	6.49e-08	9.04e-06	2.57e-04	2.53e-03	1.45e-01	4.81e-01	3.71e-01	1.15e-15	2.15e-24	2.71e-24
 6.84667e+22	1.41e-15	5.21e-11	7.58e-08	1.03e-05	2.85e-04	2.72e-03	1.51e-01	4.84e-01	3.62e-01	1.41e-15	2.64e-24	3.33e-24
 6.86618e+22	1.87e-15	6.65e-11	9.36e-08	1.23e-05	3.30e-04	3.01e-03	1.60e-01	4.89e-01	3.49e-01	1.87e-15	3.50e-24	4.40e-24
 6.88588e+22	2.31e-15	8.01e-11	1.10e-07	1.41e-05	3.68e-04	3.24e-03	1.66e-01	4.91e-01	3.39e-01	2.31e-15	4.34e-24	5.45e-24
 6.90581e+22	3.07e-15	1.02e-10	1.36e-07	1.69e-05	4.26e-04	3.60e-03	1.75e-01	4.95e-01	3.26e-01	3.07e-15	5.75e-24	7.24e-24
 6.92602e+22	3.81e-15	1.24e-10	1.60e-07	1.94e-05	4.77e-04	3.89e-03	1.83e-01	4.97e-01	3.16e-01	3.81e-15	7.15e-24	8.99e-24
 6.94657e+22	5.08e-15	1.59e-10	2.00e-07	2.34e-05	5.56e-04	4.33e-03	1.93e-01	5.00e-01	3.02e-01	5.08e-15	9.55e-24	1.20e-23
 6.96740e+22	6.33e-15	1.93e-10	2.36e-07	2.70e-05	6.23e-04	4.69e-03	2.01e-01	5.02e-01	2.92e-01	6.33e-15	1.19e-23	1.50e-23
 6.98859e+22	8.45e-15	2.48e-10	2.94e-07	3.26e-05	7.28e-04	5.22e-03	2.13e-01	5.03e-01	2.78e-01	8.45e-15	1.59e-23	2.00e-23
 7.01023e+22	1.06e-14	3.03e-10	3.50e-07	3.79e-05	8.24e-04	5.70e-03	2.22e-01	5.04e-01	2.67e-01	1.06e-14	2.00e-23	2.51e-23
 7.03247e+22	1.43e-14	3.92e-10	4.39e-07	4.62e-05	9.69e-04	6.38e-03	2.35e-01	5.04e-01	2.53e-01	1.43e-14	2.69e-23	3.38e-23
 7.05515e+22	1.80e-14	4.81e-10	5.25e-07	5.39e-05	1.10e-03	6.98e-03	2.46e-01	5.04e-01	2.42e-01	1.80e-14	3.39e-23	4.26e-23
 7.07768e+22	2.38e-14	6.15e-10	6.53e-07	6.52e-05	1.29e-03	7.81e-03	2.60e-01	5.03e-01	2.28e-01	2.38e-14	4.50e-23	5.65e-23
 7.09908e+22	2.90e-14	7.31e-10	7.62e-07	7.46e-05	1.45e-03	8.45e-03	2.70e-01	5.02e-01	2.19e-01	2.90e-14	5.48e-23	6.88e-23
 7.11975e+22	3.74e-14	9.13e-10	9.29e-07	8.90e-05	1.68e-03	9.38e-03	2.84e-01	4.99e-01	2.06e-01	3.74e-14	7.06e-23	8.86e-23
 7.14080e+22	4.55e-14	1.09e-09	1.09e-06	1.02e-04	1.89e-03	1.02e-02	2.95e-01	4.97e-01	1.97e-01	4.55e-14	8.59e-23	1.08e-22
 7.16148e+22	5.72e-14	1.33e-09	1.30e-06	1.20e-04	2.17e-03	1.13e-02	3.08e-01	4.93e-01	1.85e-01	5.72e-14	1.08e-22	1.36e-22
 7.18258e+22	6.94e-14	1.58e-09	1.52e-06	1.39e-04	2.45e-03	1.23e-02	3.20e-01	4.89e-01	1.76e-01	6.94e-14	1.31e-22	1.65e-22
 7.20314e+22	8.51e-14	1.89e-09	1.80e-06	1.61e-04	2.79e-03	1.35e-02	3.34e-01	4.84e-01	1.65e-01	8.51e-14	1.61e-22	2.02e-22
 7.22413e+22	1.03e-13	2.23e-09	2.10e-06	1.86e-04	3.15e-03	1.47e-02	3.47e-01	4.79e-01	1.56e-01	1.03e-13	1.94e-22	2.44e-22
 7.24490e+22	1.23e-13	2.63e-09	2.45e-06	2.14e-04	3.56e-03	1.61e-02	3.60e-01	4.73e-01	1.47e-01	1.23e-13	2.34e-22	2.93e-22
 7.26578e+22	1.46e-13	3.08e-09	2.84e-06	2.45e-04	4.02e-03	1.75e-02	3.73e-01	4.67e-01	1.38e-01	1.46e-13	2.78e-22	3.49e-22
 7.28643e+22	1.73e-13	3.57e-09	3.27e-06	2.80e-04	4.51e-03	1.90e-02	3.87e-01	4.60e-01	1.29e-01	1.73e-13	3.28e-22	4.11e-22
 7.30704e+22	2.02e-13	4.11e-09	3.75e-06	3.19e-04	5.06e-03	2.07e-02	4.00e-01	4.53e-01	1.21e-01	2.02e-13	3.83e-22	4.81e-22
 7.32768e+22	2.34e-13	4.72e-09	4.29e-06	3.62e-04	5.65e-03	2.25e-02	4.13e-01	4.45e-01	1.14e-01	2.34e-13	4.45e-22	5.58e-22
 7.34841e+22	2.70e-13	5.38e-09	4.88e-06	4.10e-04	6.31e-03	2.43e-02	4.26e-01	4.37e-01	1.06e-01	2.70e-13	5.13e-22	6.43e-22
 7.36927e+22	3.09e-13	6.10e-09	5.53e-06	4.63e-04	7.03e-03	2.64e-02	4.38e-01	4.29e-01	9.92e-02	3.09e-13	5.88e-22	7.37e-22
 7.39031e+22	3.51e-13	6.89e-09	6.25e-06	5.22e-04	7.81e-03	2.85e-02	4.51e-01	4.20e-01	9.25e-02	3.51e-13	6.70e-22	8.40e-22
 7.41161e+22	3.98e-13	7.75e-09	7.05e-06	5.88e-04	8.67e-03	3.09e-02	4.64e-01	4.10e-01	8.61e-02	3.98e-13	7.60e-22	9.51e-22
 7.43302e+22	4.47e-13	8.67e-09	7.92e-06	6.60e-04	9.60e-03	3.33e-02	4.76e-01	4.01e-01	8.01e-02	4.47e-13	8.55e-22	1.07e-21
 7.45477e+22	5.01e-13	9.69e-09	8.90e-06	7.41e-04	1.06e-02	3.60e-02	4.88e-01	3.91e-01	7.42e-02	5.01e-13	9.60e-22	1.20e-21
 7.47677e+22	5.58e-13	1.08e-08	9.95e-06	8.29e-04	1.17e-02	3.87e-02	5.00e-01	3.80e-01	6.88e-02	5.58e-13	1.07e-21	1.34e-21
 7.49921e+22	6.21e-13	1.20e-08	1.11e-05	9.30e-04	1.30e-02	4.18e-02	5.11e-01	3.70e-01	6.35e-02	6.21e-13	1.19e-21	1.49e-21
 7.52008e+22	6.76e-13	1.30e-08	1.22e-05	1.02e-03	1.40e-02	4.44e-02	5.20e-01	3.61e-01	5.95e-02	6.76e-13	1.30e-21	1.63e-21
 7.54158e+22	7.48e-13	1.45e-08	1.37e-05	1.15e-03	1.55e-02	4.80e-02	5.32e-01	3.49e-01	5.45e-02	7.48e-13	1.44e-21	1.80e-21
 7.56343e+22	8.11e-13	1.57e-08	1.50e-05	1.26e-03	1.67e-02	5.09e-02	5.40e-01	3.40e-01	5.09e-02	8.11e-13	1.56e-21	1.95e-21
 7.58576e+22	8.91e-13	1.74e-08	1.67e-05	1.41e-03	1.85e-02	5.49e-02	5.51e-01	3.28e-01	4.64e-02	8.91e-13	1.72e-21	2.15e-21
 7.60822e+22	9.66e-13	1.89e-08	1.83e-05	1.54e-03	1.99e-02	5.81e-02	5.59e-01	3.19e-01	4.33e-02	9.66e-13	1.86e-21	2.33e-21
 7.63083e+22	1.06e-12	2.08e-08	2.05e-05	1.73e-03	2.19e-02	6.25e-02	5.68e-01	3.06e-01	3.94e-02	1.06e-12	2.04e-21	2.55e-21
 7.65356e+22	1.14e-12	2.25e-08	2.23e-05	1.89e-03	2.35e-02	6.60e-02	5.75e-01	2.97e-01	3.67e-02	1.14e-12	2.21e-21	2.76e-21
 7.67646e+22	1.24e-12	2.48e-08	2.49e-05	2.11e-03	2.57e-02	7.07e-02	5.83e-01	2.85e-01	3.34e-02	1.24e-12	2.41e-21	3.01e-21
 7.69955e+22	1.34e-12	2.68e-08	2.72e-05	2.31e-03	2.75e-02	7.45e-02	5.89e-01	2.76e-01	3.10e-02	1.34e-12	2.60e-21	3.25e-21
 7.72290e+22	1.46e-12	2.95e-08	3.03e-05	2.58e-03	3.00e-02	7.97e-02	5.95e-01	2.64e-01	2.81e-02	1.46e-12	2.84e-21	3.54e-21
 7.74653e+22	1.57e-12	3.20e-08	3.31e-05	2.81e-03	3.21e-02	8.39e-02	6.00e-01	2.55e-01	2.60e-02	1.57e-12	3.06e-21	3.82e-21
 7.77055e+22	1.71e-12	3.53e-08	3.70e-05	3.15e-03	3.49e-02	8.96e-02	6.05e-01	2.43e-01	2.34e-02	1.71e-12	3.34e-21	4.17e-21
 7.79496e+22	1.85e-12	3.84e-08	4.06e-05	3.44e-03	3.73e-02	9.42e-02	6.09e-01	2.34e-01	2.16e-02	1.85e-12	3.61e-21	4.51e-21
 7.81988e+22	2.02e-12	4.25e-08	4.55e-05	3.86e-03	4.06e-02	1.00e-01	6.13e-01	2.23e-01	1.94e-02	2.02e-12	3.96e-21	4.94e-21
 7.84533e+22	2.19e-12	4.65e-08	5.01e-05	4.23e-03	4.33e-02	1.06e-01	6.15e-01	2.14e-01	1.78e-02	2.19e-12	4.31e-21	5.37e-21
 7.87145e+22	2.41e-12	5.20e-08	5.66e-05	4.75e-03	4.71e-02	1.12e-01	6.18e-01	2.02e-01	1.59e-02	2.41e-12	4.75e-21	5.92e-21
 7.89823e+22	2.64e-12	5.73e-08	6.27e-05	5.22e-03	5.03e-02	1.18e-01	6.19e-01	1.93e-01	1.45e-02	2.64e-12	5.21e-21	6.49e-21
 7.92078e+22	2.85e-12	6.24e-08	6.85e-05	5.67e-03	5.33e-02	1.23e-01	6.19e-01	1.86e-01	1.34e-02	2.85e-12	5.63e-21	7.01e-21
 7.94506e+22	3.13e-12	6.95e-08	7.68e-05	6.31e-03	5.73e-02	1.30e-01	6.19e-01	1.76e-01	1.20e-02	3.13e-12	6.21e-21	7.73e-21
 7.96970e+22	3.40e-12	7.60e-08	8.43e-05	6.86e-03	6.06e-02	1.35e-01	6.18e-01	1.68e-01	1.10e-02	3.40e-12	6.75e-21	8.40e-21
 7.99102e+22	3.67e-12	8.29e-08	9.21e-05	7.43e-03	6.39e-02	1.41e-01	6.17e-01	1.61e-01	1.01e-02	3.67e-12	7.31e-21	9.10e-21
 8.01495e+22	4.04e-12	9.25e-08	1.03e-04	8.23e-03	6.83e-02	1.48e-01	6.14e-01	1.52e-01	9.10e-03	4.04e-12	8.07e-21	1.00e-20
 8.03880e+22	4.42e-12	1.02e-07	1.13e-04	8.90e-03	7.18e-02	1.53e-01	6.12e-01	1.46e-01	8.40e-03	4.42e-12	8.85e-21	1.10e-20
 8.06254e+22	4.89e-12	1.14e-07	1.27e-04	9.83e-03	7.65e-02	1.60e-01	6.08e-01	1.38e-01	7.53e-03	4.89e-12	9.81e-21	1.22e-20
 8.08661e+22	5.38e-12	1.26e-07	1.39e-04	1.06e-02	8.05e-02	1.65e-01	6.05e-01	1.32e-01	6.92e-03	5.38e-12	1.08e-20	1.35e-20
 8.11111e+22	6.01e-12	1.42e-07	1.57e-04	1.18e-02	8.57e-02	1.73e-01	5.99e-01	1.24e-01	6.18e-03	6.01e-12	1.21e-20	1.51e-20
 8.13603e+22	6.68e-12	1.58e-07	1.74e-04	1.28e-02	9.02e-02	1.79e-01	5.95e-01	1.18e-01	5.66e-03	6.68e-12	1.35e-20	1.68e-20
 8.16149e+22	7.51e-12	1.80e-07	1.97e-04	1.42e-02	9.60e-02	1.86e-01	5.88e-01	1.11e-01	5.01e-03	7.51e-12	1.53e-20	1.90e-20
 8.18734e+22	8.43e-12	2.03e-07	2.19e-04	1.54e-02	1.01e-01	1.92e-01	5.82e-01	1.05e-01	4.57e-03	8.43e-12	1.72e-20	2.13e-20
 8.21367e+22	9.59e-12	2.33e-07	2.49e-04	1.71e-02	1.07e-01	2.00e-01	5.73e-01	9.78e-02	4.03e-03	9.59e-12	1.96e-20	2.44e-20
 8.24064e+22	1.08e-11	2.63e-07	2.78e-04	1.86e-02	1.13e-01	2.06e-01	5.66e-01	9.24e-02	3.65e-03	1.08e-11	2.22e-20	2.76e-20
 8.26841e+22	1.26e-11	3.08e-07	3.20e-04	2.08e-02	1.20e-01	2.14e-01	5.55e-01	8.56e-02	3.19e-03	1.26e-11	2.60e-20	3.22e-20
 8.29692e+22	1.44e-11	3.52e-07	3.60e-04	2.27e-02	1.27e-01	2.21e-01	5.46e-01	8.04e-02	2.86e-03	1.44e-11	2.98e-20	3.69e-20
 8.32640e+22	1.70e-11	4.18e-07	4.19e-04	2.54e-02	1.35e-01	2.29e-01	5.34e-01	7.40e-02	2.48e-03	1.70e-11	3.55e-20	4.39e-20
 8.35613e+22	1.97e-11	4.81e-07	4.72e-04	2.78e-02	1.42e-01	2.35e-01	5.24e-01	6.93e-02	2.22e-03	1.97e-11	4.12e-20	5.11e-20
 8.38618e+22	2.35e-11	5.75e-07	5.50e-04	3.11e-02	1.51e-01	2.43e-01	5.09e-01	6.34e-02	1.91e-03	2.35e-11	4.95e-20	6.13e-20
 8.41657e+22	2.75e-11	6.66e-07	6.22e-04	3.40e-02	1.58e-01	2.48e-01	4.98e-01	5.91e-02	1.70e-03	2.75e-11	5.82e-20	7.20e-20
 8.44739e+22	3.33e-11	8.03e-07	7.28e-04	3.80e-02	1.68e-01	2.56e-01	4.82e-01	5.37e-02	1.45e-03	3.33e-11	7.09e-20	8.76e-20
 8.47875e+22	3.94e-11	9.39e-07	8.27e-04	4.16e-02	1.76e-01	2.61e-01	4.69e-01	4.99e-02	1.28e-03	3.94e-11	8.43e-20	1.04e-19
 8.50659e+22	4.63e-11	1.09e-06	9.37e-04	4.54e-02	1.84e-01	2.66e-01	4.56e-01	4.61e-02	1.13e-03	4.63e-11	9.95e-20	1.23e-19
 8.53856e+22	5.74e-11	1.34e-06	1.10e-03	5.07e-02	1.95e-01	2.72e-01	4.39e-01	4.16e-02	9.58e-04	5.74e-11	1.24e-19	1.53e-19
 8.57102e+22	6.82e-11	1.57e-06	1.25e-03	5.54e-02	2.04e-01	2.77e-01	4.24e-01	3.82e-02	8.36e-04	6.82e-11	1.49e-19	1.83e-19
 8.59726e+22	7.96e-11	1.80e-06	1.40e-03	5.97e-02	2.11e-01	2.80e-01	4.12e-01	3.55e-02	7.44e-04	7.96e-11	1.74e-19	2.15e-19
 8.62452e+22	9.60e-11	2.13e-06	1.60e-03	6.51e-02	2.21e-01	2.83e-01	3.97e-01	3.25e-02	6.48e-04	9.60e-11	2.12e-19	2.61e-19
 8.65313e+22	1.13e-10	2.47e-06	1.79e-03	7.03e-02	2.29e-01	2.86e-01	3.83e-01	3.00e-02	5.71e-04	1.13e-10	2.52e-19	3.10e-19
 8.67937e+22	1.34e-10	2.86e-06	2.01e-03	7.58e-02	2.37e-01	2.88e-01	3.70e-01	2.76e-02	5.04e-04	1.34e-10	2.99e-19	3.68e-19
 8.70934e+22	1.65e-10	3.44e-06	2.32e-03	8.31e-02	2.47e-01	2.90e-01	3.53e-01	2.49e-02	4.29e-04	1.65e-10	3.73e-19	4.58e-19
 8.74009e+22	1.99e-10	4.05e-06	2.62e-03	8.99e-02	2.56e-01	2.91e-01	3.38e-01	2.27e-02	3.71e-04	1.99e-10	4.51e-19	5.54e-19
 8.76711e+22	2.37e-10	4.70e-06	2.93e-03	9.66e-02	2.64e-01	2.92e-01	3.24e-01	2.08e-02	3.25e-04	2.37e-10	5.41e-19	6.64e-19
 8.79748e+22	2.95e-10	5.66e-06	3.37e-03	1.05e-01	2.74e-01	2.92e-01	3.07e-01	1.86e-02	2.75e-04	2.95e-10	6.81e-19	8.36e-19
 8.82917e+22	3.59e-10	6.68e-06	3.82e-03	1.14e-01	2.82e-01	2.91e-01	2.92e-01	1.68e-02	2.35e-04	3.59e-10	8.36e-19	1.02e-18
 8.85773e+22	4.33e-10	7.81e-06	4.29e-03	1.22e-01	2.90e-01	2.90e-01	2.78e-01	1.52e-02	2.04e-04	4.33e-10	1.02e-18	1.25e-18
 8.89003e+22	5.50e-10	9.49e-06	4.96e-03	1.33e-01	3.00e-01	2.88e-01	2.60e-01	1.34e-02	1.69e-04	5.50e-10	1.31e-18	1.60e-18
 8.92335e+22	6.78e-10	1.13e-05	5.62e-03	1.44e-01	3.08e-01	2.86e-01	2.45e-01	1.20e-02	1.43e-04	6.78e-10	1.63e-18	1.99e-18
 8.95305e+22	8.27e-10	1.32e-05	6.31e-03	1.54e-01	3.15e-01	2.83e-01	2.32e-01	1.07e-02	1.22e-04	8.27e-10	2.00e-18	2.45e-18
 8.98668e+22	1.06e-09	1.62e-05	7.29e-03	1.67e-01	3.23e-01	2.78e-01	2.15e-01	9.36e-03	9.99e-05	1.06e-09	2.61e-18	3.18e-18
 9.02164e+22	1.33e-09	1.93e-05	8.27e-03	1.80e-01	3.30e-01	2.73e-01	2.00e-01	8.24e-03	8.31e-05	1.33e-09	3.30e-18	4.02e-18
 9.05314e+22	1.64e-09	2.28e-05	9.30e-03	1.92e-01	3.36e-01	2.68e-01	1.87e-01	7.29e-03	6.98e-05	1.64e-09	4.12e-18	5.02e-18
 9.08891e+22	2.16e-09	2.81e-05	1.08e-02	2.08e-01	3.43e-01	2.61e-01	1.71e-01	6.22e-03	5.55e-05	2.16e-09	5.50e-18	6.69e-18
 9.12553e+22	2.71e-09	3.35e-05	1.22e-02	2.23e-01	3.48e-01	2.54e-01	1.58e-01	5.42e-03	4.57e-05	2.71e-09	6.99e-18	8.51e-18
 9.15831e+22	3.39e-09	3.97e-05	1.37e-02	2.37e-01	3.52e-01	2.47e-01	1.46e-01	4.73e-03	3.77e-05	3.39e-09	8.86e-18	1.08e-17
 9.19599e+22	4.53e-09	4.94e-05	1.59e-02	2.56e-01	3.56e-01	2.37e-01	1.31e-01	3.95e-03	2.93e-05	4.53e-09	1.20e-17	1.46e-17
 9.23399e+22	5.70e-09	5.88e-05	1.79e-02	2.72e-01	3.58e-01	2.29e-01	1.20e-01	3.40e-03	2.38e-05	5.70e-09	1.54e-17	1.87e-17
 9.25386e+22	5.98e-09	6.09e-05	1.83e-02	2.75e-01	3.59e-01	2.27e-01	1.18e-01	3.30e-03	2.28e-05	5.98e-09	1.62e-17	1.97e-17
