#depth	Cl	Cl+	Cl+2	Cl+3	Cl+4	Cl+5	Cl+6	Cl+7	Cl+8	Cl+9	Cl+10	Cl+11	Cl+12	Cl+13	Cl+14	Cl+15	Cl+16	Cl+17
 4.62852e+21	0.00e+00	0.00e+00	0.00e+00	1.31e-24	1.82e-21	1.59e-18	7.49e-16	9.73e-13	1.70e-10	1.30e-08	4.74e-07	1.06e-05	1.38e-04	1.15e-03	1.07e-02	1.84e-01	4.50e-01	3.53e-01
 1.05270e+22	0.00e+00	3.84e-30	4.06e-26	1.39e-22	1.28e-19	7.34e-17	3.70e-14	3.56e-11	4.42e-09	2.37e-07	5.93e-06	9.07e-05	7.86e-04	4.22e-03	2.53e-02	2.85e-01	4.53e-01	2.31e-01
 1.24319e+22	0.00e+00	7.52e-29	6.91e-25	1.94e-21	1.43e-18	6.48e-16	2.55e-13	2.16e-10	2.28e-08	1.03e-06	2.12e-05	2.68e-04	1.88e-03	7.97e-03	3.79e-02	3.43e-01	4.33e-01	1.76e-01
 1.33844e+22	0.00e+00	3.57e-28	2.94e-24	7.41e-21	4.84e-18	1.94e-15	6.71e-13	5.36e-10	5.23e-08	2.16e-06	4.06e-05	4.64e-04	2.91e-03	1.09e-02	4.61e-02	3.72e-01	4.17e-01	1.51e-01
 1.37812e+22	0.00e+00	5.37e-28	4.30e-24	1.05e-20	6.65e-18	2.58e-15	8.62e-13	6.79e-10	6.50e-08	2.62e-06	4.80e-05	5.35e-04	3.26e-03	1.19e-02	4.84e-02	3.79e-01	4.12e-01	1.45e-01
 1.39638e+22	0.00e+00	8.75e-28	6.78e-24	1.60e-20	9.75e-18	3.64e-15	1.17e-12	9.02e-10	8.43e-08	3.31e-06	5.88e-05	6.35e-04	3.74e-03	1.31e-02	5.13e-02	3.88e-01	4.06e-01	1.37e-01
 1.41657e+22	0.00e+00	1.42e-27	1.06e-23	2.44e-20	1.43e-17	5.11e-15	1.57e-12	1.20e-09	1.09e-07	4.17e-06	7.19e-05	7.52e-04	4.28e-03	1.44e-02	5.44e-02	3.96e-01	4.00e-01	1.30e-01
 1.43616e+22	0.00e+00	2.28e-27	1.65e-23	3.66e-20	2.06e-17	7.10e-15	2.09e-12	1.57e-09	1.40e-07	5.21e-06	8.73e-05	8.86e-04	4.87e-03	1.58e-02	5.74e-02	4.04e-01	3.93e-01	1.24e-01
 1.45512e+22	0.00e+00	3.63e-27	2.54e-23	5.44e-20	2.95e-17	9.79e-15	2.77e-12	2.05e-09	1.79e-07	6.49e-06	1.06e-04	1.04e-03	5.54e-03	1.72e-02	6.05e-02	4.12e-01	3.86e-01	1.17e-01
 1.47299e+22	0.00e+00	5.52e-27	3.75e-23	7.81e-20	4.09e-17	1.31e-14	3.58e-12	2.61e-09	2.23e-07	7.92e-06	1.25e-04	1.20e-03	6.21e-03	1.87e-02	6.34e-02	4.18e-01	3.80e-01	1.12e-01
 1.49284e+22	0.00e+00	9.68e-27	6.31e-23	1.26e-19	6.30e-17	1.92e-14	4.99e-12	3.58e-09	2.99e-07	1.03e-05	1.58e-04	1.46e-03	7.23e-03	2.08e-02	6.75e-02	4.27e-01	3.71e-01	1.05e-01
 1.51270e+22	0.00e+00	1.51e-26	9.54e-23	1.84e-19	8.87e-17	2.61e-14	6.50e-12	4.61e-09	3.77e-07	1.27e-05	1.89e-04	1.70e-03	8.15e-03	2.26e-02	7.08e-02	4.33e-01	3.64e-01	9.91e-02
 1.52868e+22	0.00e+00	2.20e-26	1.35e-22	2.54e-19	1.18e-16	3.36e-14	8.10e-12	5.69e-09	4.59e-07	1.51e-05	2.20e-04	1.93e-03	9.01e-03	2.42e-02	7.36e-02	4.39e-01	3.58e-01	9.46e-02
 1.54556e+22	0.00e+00	3.53e-26	2.10e-22	3.80e-19	1.70e-16	4.65e-14	1.07e-11	7.44e-09	5.87e-07	1.89e-05	2.67e-04	2.27e-03	1.02e-02	2.65e-02	7.73e-02	4.45e-01	3.50e-01	8.91e-02
 1.56161e+22	0.00e+00	5.00e-26	2.89e-22	5.10e-19	2.22e-16	5.86e-14	1.31e-11	9.02e-09	7.03e-07	2.22e-05	3.07e-04	2.55e-03	1.12e-02	2.82e-02	8.01e-02	4.49e-01	3.43e-01	8.52e-02
 1.57444e+22	0.00e+00	6.96e-26	3.93e-22	6.76e-19	2.85e-16	7.32e-14	1.58e-11	1.08e-08	8.34e-07	2.59e-05	3.50e-04	2.86e-03	1.22e-02	2.99e-02	8.28e-02	4.53e-01	3.37e-01	8.15e-02
 1.58666e+22	0.00e+00	9.57e-26	5.27e-22	8.84e-19	3.63e-16	9.05e-14	1.90e-11	1.29e-08	9.82e-07	3.00e-05	3.98e-04	3.18e-03	1.33e-02	3.17e-02	8.54e-02	4.56e-01	3.32e-01	7.82e-02
 1.59836e+22	0.00e+00	1.26e-25	6.80e-22	1.12e-18	4.48e-16	1.09e-13	2.23e-11	1.51e-08	1.13e-06	3.42e-05	4.45e-04	3.49e-03	1.43e-02	3.33e-02	8.77e-02	4.59e-01	3.26e-01	7.53e-02
 1.61169e+22	0.00e+00	1.84e-25	9.65e-22	1.54e-18	5.97e-16	1.40e-13	2.77e-11	1.86e-08	1.38e-06	4.07e-05	5.17e-04	3.96e-03	1.58e-02	3.56e-02	9.09e-02	4.63e-01	3.19e-01	7.15e-02
 1.62540e+22	0.00e+00	2.59e-25	1.32e-21	2.05e-18	7.71e-16	1.75e-13	3.35e-11	2.24e-08	1.64e-06	4.76e-05	5.93e-04	4.44e-03	1.72e-02	3.78e-02	9.38e-02	4.66e-01	3.12e-01	6.81e-02
 1.63677e+22	0.00e+00	3.49e-25	1.74e-21	2.64e-18	9.62e-16	2.12e-13	3.95e-11	2.63e-08	1.90e-06	5.46e-05	6.67e-04	4.89e-03	1.86e-02	3.98e-02	9.63e-02	4.68e-01	3.07e-01	6.53e-02
 1.64715e+22	0.00e+00	4.60e-25	2.25e-21	3.33e-18	1.18e-15	2.55e-13	4.61e-11	3.06e-08	2.19e-06	6.20e-05	7.44e-04	5.36e-03	2.00e-02	4.17e-02	9.87e-02	4.70e-01	3.01e-01	6.28e-02
 1.65903e+22	0.00e+00	6.51e-25	3.09e-21	4.45e-18	1.53e-15	3.19e-13	5.57e-11	3.69e-08	2.61e-06	7.26e-05	8.53e-04	6.01e-03	2.18e-02	4.42e-02	1.02e-01	4.72e-01	2.94e-01	5.97e-02
 1.67145e+22	0.00e+00	8.82e-25	4.09e-21	5.74e-18	1.92e-15	3.88e-13	6.58e-11	4.35e-08	3.04e-06	8.34e-05	9.61e-04	6.64e-03	2.35e-02	4.65e-02	1.04e-01	4.73e-01	2.88e-01	5.70e-02
 1.68277e+22	0.00e+00	1.20e-24	5.41e-21	7.41e-18	2.41e-15	4.72e-13	7.77e-11	5.13e-08	3.55e-06	9.59e-05	1.08e-03	7.33e-03	2.54e-02	4.90e-02	1.07e-01	4.74e-01	2.82e-01	5.44e-02
 1.69396e+22	0.00e+00	1.61e-24	7.11e-21	9.50e-18	3.00e-15	5.72e-13	9.14e-11	6.02e-08	4.12e-06	1.10e-04	1.22e-03	8.07e-03	2.73e-02	5.14e-02	1.09e-01	4.75e-01	2.75e-01	5.20e-02
 1.70457e+22	0.00e+00	2.13e-24	9.19e-21	1.20e-17	3.69e-15	6.83e-13	1.06e-10	6.98e-08	4.74e-06	1.24e-04	1.36e-03	8.83e-03	2.93e-02	5.38e-02	1.12e-01	4.75e-01	2.70e-01	4.98e-02
 1.71457e+22	0.00e+00	2.80e-24	1.18e-20	1.51e-17	4.51e-15	8.13e-13	1.23e-10	8.07e-08	5.44e-06	1.41e-04	1.51e-03	9.64e-03	3.13e-02	5.62e-02	1.14e-01	4.76e-01	2.64e-01	4.76e-02
 1.72597e+22	0.00e+00	4.06e-24	1.66e-20	2.05e-17	5.90e-15	1.02e-12	1.48e-10	9.78e-08	6.53e-06	1.66e-04	1.74e-03	1.09e-02	3.43e-02	5.96e-02	1.17e-01	4.75e-01	2.56e-01	4.49e-02
 1.73714e+22	0.00e+00	5.31e-24	2.12e-20	2.55e-17	7.17e-15	1.21e-12	1.71e-10	1.13e-07	7.45e-06	1.88e-04	1.93e-03	1.18e-02	3.66e-02	6.21e-02	1.19e-01	4.75e-01	2.50e-01	4.29e-02
 1.74804e+22	0.00e+00	7.61e-24	2.95e-20	3.43e-17	9.28e-15	1.50e-12	2.05e-10	1.35e-07	8.89e-06	2.20e-04	2.21e-03	1.32e-02	3.98e-02	6.56e-02	1.22e-01	4.74e-01	2.42e-01	4.04e-02
 1.75898e+22	0.00e+00	9.97e-24	3.78e-20	4.29e-17	1.13e-14	1.78e-12	2.35e-10	1.56e-07	1.01e-05	2.48e-04	2.45e-03	1.44e-02	4.25e-02	6.83e-02	1.25e-01	4.73e-01	2.36e-01	3.86e-02
 1.76997e+22	0.00e+00	1.46e-23	5.34e-20	5.84e-17	1.48e-14	2.23e-12	2.83e-10	1.89e-07	1.22e-05	2.93e-04	2.83e-03	1.62e-02	4.64e-02	7.22e-02	1.27e-01	4.70e-01	2.28e-01	3.61e-02
 1.78092e+22	0.00e+00	1.92e-23	6.89e-20	7.34e-17	1.80e-14	2.64e-12	3.25e-10	2.18e-07	1.39e-05	3.32e-04	3.14e-03	1.76e-02	4.94e-02	7.52e-02	1.29e-01	4.68e-01	2.22e-01	3.44e-02
 1.79179e+22	0.00e+00	2.82e-23	9.75e-20	1.00e-16	2.35e-14	3.29e-12	3.90e-10	2.63e-07	1.67e-05	3.92e-04	3.62e-03	1.98e-02	5.39e-02	7.94e-02	1.32e-01	4.65e-01	2.14e-01	3.21e-02
 1.80271e+22	0.00e+00	3.74e-23	1.26e-19	1.26e-16	2.87e-14	3.90e-12	4.48e-10	3.04e-07	1.92e-05	4.43e-04	4.02e-03	2.16e-02	5.75e-02	8.25e-02	1.34e-01	4.62e-01	2.07e-01	3.04e-02
 1.81226e+22	0.00e+00	5.04e-23	1.65e-19	1.60e-16	3.53e-14	4.63e-12	5.14e-10	3.52e-07	2.21e-05	5.04e-04	4.48e-03	2.36e-02	6.14e-02	8.59e-02	1.36e-01	4.59e-01	2.01e-01	2.88e-02
 1.82169e+22	0.00e+00	6.74e-23	2.15e-19	2.02e-16	4.32e-14	5.48e-12	5.89e-10	4.06e-07	2.53e-05	5.71e-04	4.99e-03	2.57e-02	6.54e-02	8.93e-02	1.38e-01	4.55e-01	1.94e-01	2.72e-02
 1.83241e+22	0.00e+00	9.86e-23	3.04e-19	2.75e-16	5.62e-14	6.81e-12	7.01e-10	4.88e-07	3.03e-05	6.72e-04	5.72e-03	2.87e-02	7.10e-02	9.37e-02	1.40e-01	4.49e-01	1.86e-01	2.52e-02
 1.84316e+22	0.00e+00	1.34e-22	4.00e-19	3.50e-16	6.91e-14	8.07e-12	8.03e-10	5.65e-07	3.49e-05	7.64e-04	6.38e-03	3.13e-02	7.57e-02	9.74e-02	1.41e-01	4.44e-01	1.79e-01	2.37e-02
 1.85226e+22	0.00e+00	1.77e-22	5.17e-19	4.39e-16	8.38e-14	9.46e-12	9.11e-10	6.47e-07	3.98e-05	8.61e-04	7.06e-03	3.40e-02	8.02e-02	1.01e-01	1.43e-01	4.39e-01	1.73e-01	2.24e-02
 1.86240e+22	0.00e+00	2.62e-22	7.34e-19	5.97e-16	1.09e-13	1.17e-11	1.08e-09	7.77e-07	4.75e-05	1.01e-03	8.10e-03	3.79e-02	8.69e-02	1.05e-01	1.44e-01	4.31e-01	1.65e-01	2.06e-02
 1.87235e+22	0.00e+00	3.42e-22	9.35e-19	7.39e-16	1.30e-13	1.36e-11	1.21e-09	8.83e-07	5.37e-05	1.13e-03	8.89e-03	4.08e-02	9.16e-02	1.09e-01	1.45e-01	4.25e-01	1.59e-01	1.94e-02
 1.88206e+22	0.00e+00	5.01e-22	1.32e-18	9.97e-16	1.68e-13	1.66e-11	1.42e-09	1.05e-06	6.38e-05	1.32e-03	1.01e-02	4.53e-02	9.87e-02	1.13e-01	1.46e-01	4.17e-01	1.51e-01	1.79e-02
 1.89183e+22	0.00e+00	6.60e-22	1.69e-18	1.24e-15	2.02e-13	1.93e-11	1.59e-09	1.20e-06	7.23e-05	1.48e-03	1.12e-02	4.88e-02	1.04e-01	1.17e-01	1.47e-01	4.10e-01	1.45e-01	1.68e-02
 1.90167e+22	0.00e+00	9.79e-22	2.41e-18	1.69e-15	2.61e-13	2.37e-11	1.86e-09	1.43e-06	8.60e-05	1.74e-03	1.27e-02	5.41e-02	1.12e-01	1.21e-01	1.47e-01	3.99e-01	1.36e-01	1.53e-02
 1.91158e+22	0.00e+00	1.30e-21	3.11e-18	2.11e-15	3.15e-13	2.75e-11	2.10e-09	1.63e-06	9.75e-05	1.95e-03	1.40e-02	5.83e-02	1.18e-01	1.24e-01	1.47e-01	3.92e-01	1.30e-01	1.43e-02
 1.92158e+22	0.00e+00	1.92e-21	4.41e-18	2.85e-15	4.05e-13	3.37e-11	2.45e-09	1.93e-06	1.15e-04	2.27e-03	1.59e-02	6.43e-02	1.26e-01	1.29e-01	1.47e-01	3.80e-01	1.22e-01	1.30e-02
 1.93150e+22	0.00e+00	2.58e-21	5.73e-18	3.58e-15	4.90e-13	3.91e-11	2.74e-09	2.20e-06	1.31e-04	2.55e-03	1.75e-02	6.92e-02	1.32e-01	1.32e-01	1.47e-01	3.71e-01	1.16e-01	1.20e-02
 1.94132e+22	0.00e+00	3.79e-21	8.10e-18	4.82e-15	6.28e-13	4.76e-11	3.18e-09	2.60e-06	1.54e-04	2.96e-03	1.98e-02	7.59e-02	1.41e-01	1.36e-01	1.46e-01	3.59e-01	1.09e-01	1.09e-02
 1.95133e+22	0.00e+00	5.16e-21	1.07e-17	6.11e-15	7.65e-13	5.55e-11	3.58e-09	2.97e-06	1.76e-04	3.32e-03	2.18e-02	8.16e-02	1.48e-01	1.39e-01	1.45e-01	3.48e-01	1.03e-01	1.00e-02
 1.96156e+22	0.00e+00	7.73e-21	1.53e-17	8.33e-15	9.88e-13	6.79e-11	4.16e-09	3.52e-06	2.07e-04	3.87e-03	2.46e-02	8.96e-02	1.57e-01	1.42e-01	1.44e-01	3.34e-01	9.52e-02	8.94e-03
 1.97187e+22	0.00e+00	1.06e-20	2.02e-17	1.06e-14	1.20e-12	7.92e-11	4.67e-09	4.01e-06	2.35e-04	4.34e-03	2.71e-02	9.60e-02	1.65e-01	1.45e-01	1.42e-01	3.23e-01	8.95e-02	8.17e-03
 1.98226e+22	0.00e+00	1.59e-20	2.91e-17	1.45e-14	1.56e-12	9.67e-11	5.42e-09	4.74e-06	2.77e-04	5.03e-03	3.05e-02	1.05e-01	1.74e-01	1.48e-01	1.40e-01	3.08e-01	8.22e-02	7.24e-03
 1.99272e+22	0.00e+00	2.18e-20	3.85e-17	1.84e-14	1.90e-12	1.13e-10	6.07e-09	5.38e-06	3.14e-04	5.62e-03	3.34e-02	1.12e-01	1.81e-01	1.50e-01	1.38e-01	2.97e-01	7.69e-02	6.59e-03
 2.00179e+22	0.00e+00	2.97e-20	5.07e-17	2.32e-14	2.30e-12	1.31e-10	6.79e-09	6.08e-06	3.53e-04	6.26e-03	3.64e-02	1.19e-01	1.88e-01	1.52e-01	1.35e-01	2.85e-01	7.18e-02	5.99e-03
 2.01210e+22	0.00e+00	4.45e-20	7.26e-17	3.15e-14	2.96e-12	1.59e-10	7.83e-09	7.11e-06	4.11e-04	7.19e-03	4.07e-02	1.29e-01	1.97e-01	1.53e-01	1.32e-01	2.70e-01	6.55e-02	5.26e-03
 2.02230e+22	0.00e+00	5.92e-20	9.36e-17	3.92e-14	3.54e-12	1.83e-10	8.70e-09	7.95e-06	4.57e-04	7.91e-03	4.39e-02	1.36e-01	2.03e-01	1.54e-01	1.30e-01	2.59e-01	6.12e-02	4.79e-03
 2.03236e+22	0.00e+00	8.62e-20	1.31e-16	5.21e-14	4.47e-12	2.19e-10	9.95e-09	9.16e-06	5.24e-04	8.94e-03	4.84e-02	1.45e-01	2.11e-01	1.55e-01	1.26e-01	2.45e-01	5.59e-02	4.22e-03
 2.04272e+22	0.00e+00	1.17e-19	1.72e-16	6.57e-14	5.42e-12	2.54e-10	1.11e-08	1.03e-05	5.85e-04	9.86e-03	5.23e-02	1.53e-01	2.17e-01	1.55e-01	1.23e-01	2.33e-01	5.17e-02	3.80e-03
 2.05347e+22	0.00e+00	1.73e-19	2.43e-16	8.82e-14	6.91e-12	3.07e-10	1.28e-08	1.18e-05	6.70e-04	1.11e-02	5.76e-02	1.63e-01	2.25e-01	1.55e-01	1.19e-01	2.19e-01	4.67e-02	3.31e-03
 2.06441e+22	0.00e+00	2.35e-19	3.19e-16	1.11e-13	8.37e-12	3.56e-10	1.43e-08	1.32e-05	7.45e-04	1.22e-02	6.20e-02	1.71e-01	2.30e-01	1.55e-01	1.15e-01	2.07e-01	4.30e-02	2.97e-03
 2.07561e+22	0.00e+00	3.49e-19	4.53e-16	1.50e-13	1.07e-11	4.32e-10	1.65e-08	1.52e-05	8.50e-04	1.38e-02	6.79e-02	1.82e-01	2.37e-01	1.54e-01	1.11e-01	1.93e-01	3.86e-02	2.56e-03
 2.08704e+22	0.00e+00	4.74e-19	5.96e-16	1.90e-13	1.30e-11	5.02e-10	1.85e-08	1.69e-05	9.40e-04	1.51e-02	7.28e-02	1.90e-01	2.41e-01	1.53e-01	1.07e-01	1.82e-01	3.54e-02	2.28e-03
 2.09878e+22	0.00e+00	7.03e-19	8.46e-16	2.56e-13	1.67e-11	6.10e-10	2.14e-08	1.93e-05	1.07e-03	1.69e-02	7.94e-02	2.00e-01	2.46e-01	1.51e-01	1.02e-01	1.69e-01	3.16e-02	1.96e-03
 2.11070e+22	0.00e+00	9.54e-19	1.11e-15	3.23e-13	2.02e-11	7.10e-10	2.40e-08	2.15e-05	1.18e-03	1.84e-02	8.47e-02	2.08e-01	2.50e-01	1.49e-01	9.85e-02	1.59e-01	2.88e-02	1.74e-03
 2.12289e+22	0.00e+00	1.41e-18	1.57e-15	4.35e-13	2.59e-11	8.63e-10	2.79e-08	2.45e-05	1.33e-03	2.04e-02	9.18e-02	2.18e-01	2.54e-01	1.47e-01	9.36e-02	1.47e-01	2.55e-02	1.48e-03
 2.13514e+22	3.11e-32	1.90e-18	2.05e-15	5.45e-13	3.12e-11	1.00e-09	3.12e-08	2.70e-05	1.45e-03	2.21e-02	9.74e-02	2.26e-01	2.57e-01	1.45e-01	8.99e-02	1.38e-01	2.33e-02	1.31e-03
 2.14750e+22	4.71e-32	2.77e-18	2.88e-15	7.28e-13	3.98e-11	1.21e-09	3.62e-08	3.06e-05	1.63e-03	2.44e-02	1.05e-01	2.35e-01	2.59e-01	1.41e-01	8.51e-02	1.26e-01	2.06e-02	1.12e-03
 2.16012e+22	6.47e-32	3.71e-18	3.74e-15	9.11e-13	4.81e-11	1.41e-09	4.06e-08	3.37e-05	1.77e-03	2.63e-02	1.11e-01	2.42e-01	2.61e-01	1.39e-01	8.14e-02	1.18e-01	1.87e-02	9.84e-04
 2.17114e+22	8.75e-32	4.90e-18	4.79e-15	1.13e-12	5.75e-11	1.63e-09	4.53e-08	3.69e-05	1.93e-03	2.82e-02	1.17e-01	2.49e-01	2.62e-01	1.36e-01	7.80e-02	1.11e-01	1.70e-02	8.71e-04
 2.18353e+22	1.29e-31	7.03e-18	6.61e-15	1.49e-12	7.24e-11	1.95e-09	5.22e-08	4.14e-05	2.13e-03	3.08e-02	1.24e-01	2.57e-01	2.63e-01	1.32e-01	7.36e-02	1.01e-01	1.50e-02	7.42e-04
 2.19589e+22	1.71e-31	9.10e-18	8.33e-15	1.81e-12	8.57e-11	2.24e-09	5.80e-08	4.51e-05	2.30e-03	3.29e-02	1.30e-01	2.63e-01	2.63e-01	1.29e-01	7.04e-02	9.51e-02	1.37e-02	6.59e-04
 2.20822e+22	2.48e-31	1.28e-17	1.13e-14	2.36e-12	1.07e-10	2.67e-09	6.66e-08	5.03e-05	2.53e-03	3.56e-02	1.38e-01	2.70e-01	2.63e-01	1.25e-01	6.64e-02	8.71e-02	1.21e-02	5.63e-04
 2.22083e+22	3.32e-31	1.67e-17	1.44e-14	2.90e-12	1.27e-10	3.07e-09	7.42e-08	5.48e-05	2.73e-03	3.79e-02	1.44e-01	2.75e-01	2.62e-01	1.22e-01	6.33e-02	8.13e-02	1.10e-02	4.97e-04
 2.23199e+22	4.39e-31	2.16e-17	1.81e-14	3.54e-12	1.50e-10	3.52e-09	8.25e-08	5.95e-05	2.93e-03	4.03e-02	1.50e-01	2.80e-01	2.61e-01	1.19e-01	6.03e-02	7.59e-02	9.98e-03	4.39e-04
 2.24468e+22	6.34e-31	3.03e-17	2.45e-14	4.58e-12	1.87e-10	4.20e-09	9.46e-08	6.61e-05	3.21e-03	4.35e-02	1.58e-01	2.87e-01	2.59e-01	1.14e-01	5.66e-02	6.92e-02	8.78e-03	3.72e-04
 2.25730e+22	8.20e-31	3.84e-17	3.03e-14	5.51e-12	2.19e-10	4.77e-09	1.05e-07	7.15e-05	3.42e-03	4.58e-02	1.64e-01	2.91e-01	2.57e-01	1.11e-01	5.40e-02	6.47e-02	8.01e-03	3.31e-04
 2.26983e+22	1.16e-30	5.29e-17	4.04e-14	7.06e-12	2.70e-10	5.65e-09	1.19e-07	7.90e-05	3.73e-03	4.92e-02	1.72e-01	2.96e-01	2.55e-01	1.07e-01	5.06e-02	5.91e-02	7.06e-03	2.82e-04
 2.28261e+22	1.51e-30	6.72e-17	5.01e-14	8.51e-12	3.17e-10	6.44e-09	1.32e-07	8.55e-05	3.98e-03	5.19e-02	1.79e-01	2.99e-01	2.53e-01	1.04e-01	4.81e-02	5.51e-02	6.41e-03	2.50e-04
 2.29570e+22	2.14e-30	9.26e-17	6.68e-14	1.09e-11	3.91e-10	7.64e-09	1.51e-07	9.46e-05	4.33e-03	5.55e-02	1.87e-01	3.04e-01	2.49e-01	9.93e-02	4.50e-02	5.01e-02	5.63e-03	2.12e-04
 2.30904e+22	7.27e-31	1.18e-16	8.32e-14	1.32e-11	4.60e-10	8.73e-09	1.68e-07	1.02e-04	4.63e-03	5.85e-02	1.93e-01	3.07e-01	2.46e-01	9.60e-02	4.26e-02	4.65e-02	5.09e-03	1.86e-04
 2.32271e+22	1.03e-30	1.63e-16	1.11e-13	1.70e-11	5.70e-10	1.04e-08	1.93e-07	1.14e-04	5.03e-03	6.26e-02	2.02e-01	3.10e-01	2.42e-01	9.16e-02	3.96e-02	4.21e-02	4.44e-03	1.57e-04
 2.33663e+22	1.35e-30	2.08e-16	1.39e-13	2.06e-11	6.72e-10	1.19e-08	2.15e-07	1.23e-04	5.37e-03	6.59e-02	2.09e-01	3.13e-01	2.39e-01	8.83e-02	3.75e-02	3.90e-02	4.00e-03	1.38e-04
 2.35087e+22	1.92e-30	2.87e-16	1.85e-13	2.65e-11	8.33e-10	1.42e-08	2.47e-07	1.36e-04	5.84e-03	7.03e-02	2.17e-01	3.15e-01	2.34e-01	8.39e-02	3.47e-02	3.51e-02	3.47e-03	1.15e-04
 2.36480e+22	2.44e-30	3.57e-16	2.26e-13	3.14e-11	9.66e-10	1.60e-08	2.73e-07	1.47e-04	6.20e-03	7.35e-02	2.23e-01	3.17e-01	2.30e-01	8.10e-02	3.29e-02	3.27e-02	3.16e-03	1.02e-04
 2.37830e+22	3.40e-30	4.84e-16	2.97e-13	3.98e-11	1.18e-09	1.89e-08	3.11e-07	1.62e-04	6.70e-03	7.81e-02	2.32e-01	3.18e-01	2.25e-01	7.70e-02	3.06e-02	2.96e-02	2.75e-03	8.61e-05
 2.39201e+22	4.32e-30	6.01e-16	3.61e-13	4.74e-11	1.37e-09	2.14e-08	3.44e-07	1.74e-04	7.10e-03	8.16e-02	2.38e-01	3.19e-01	2.21e-01	7.41e-02	2.89e-02	2.75e-02	2.50e-03	7.62e-05
 2.40600e+22	5.96e-30	8.07e-16	4.72e-13	5.97e-11	1.68e-09	2.53e-08	3.92e-07	1.92e-04	7.66e-03	8.64e-02	2.46e-01	3.20e-01	2.16e-01	7.03e-02	2.68e-02	2.48e-02	2.18e-03	6.43e-05
 2.42042e+22	7.73e-30	1.02e-15	5.85e-13	7.21e-11	1.97e-09	2.89e-08	4.36e-07	2.08e-04	8.15e-03	9.04e-02	2.52e-01	3.20e-01	2.11e-01	6.72e-02	2.52e-02	2.28e-02	1.95e-03	5.59e-05
 2.43541e+22	1.07e-29	1.38e-15	7.66e-13	9.12e-11	2.41e-09	3.42e-08	4.99e-07	2.30e-04	8.81e-03	9.57e-02	2.60e-01	3.20e-01	2.06e-01	6.35e-02	2.33e-02	2.05e-02	1.69e-03	4.70e-05
 2.45088e+22	1.41e-29	1.77e-15	9.61e-13	1.11e-10	2.86e-09	3.94e-08	5.59e-07	2.50e-04	9.40e-03	1.00e-01	2.67e-01	3.20e-01	2.00e-01	6.04e-02	2.17e-02	1.87e-02	1.50e-03	4.04e-05
 2.46698e+22	1.98e-29	2.41e-15	1.27e-12	1.42e-10	3.54e-09	4.70e-08	6.44e-07	2.78e-04	1.02e-02	1.06e-01	2.76e-01	3.19e-01	1.94e-01	5.68e-02	1.99e-02	1.67e-02	1.29e-03	3.36e-05
 2.48353e+22	2.63e-29	3.12e-15	1.60e-12	1.75e-10	4.22e-09	5.44e-08	7.25e-07	3.03e-04	1.09e-02	1.11e-01	2.83e-01	3.18e-01	1.88e-01	5.38e-02	1.85e-02	1.52e-02	1.14e-03	2.87e-05
 2.50063e+22	3.74e-29	4.28e-15	2.14e-12	2.25e-10	5.26e-09	6.53e-08	8.40e-07	3.38e-04	1.18e-02	1.18e-01	2.91e-01	3.16e-01	1.82e-01	5.03e-02	1.69e-02	1.35e-02	9.72e-04	2.36e-05
 2.51830e+22	5.03e-29	5.59e-15	2.73e-12	2.78e-10	6.32e-09	7.62e-08	9.51e-07	3.71e-04	1.27e-02	1.24e-01	2.98e-01	3.14e-01	1.76e-01	4.74e-02	1.56e-02	1.21e-02	8.49e-04	1.99e-05
 2.53670e+22	7.25e-29	7.77e-15	3.69e-12	3.63e-10	7.95e-09	9.23e-08	1.11e-06	4.16e-04	1.38e-02	1.31e-01	3.06e-01	3.11e-01	1.68e-01	4.39e-02	1.41e-02	1.07e-02	7.16e-04	1.62e-05
 2.55562e+22	9.86e-29	1.03e-14	4.75e-12	4.53e-10	9.64e-09	1.08e-07	1.26e-06	4.58e-04	1.48e-02	1.38e-01	3.13e-01	3.08e-01	1.62e-01	4.12e-02	1.29e-02	9.55e-03	6.20e-04	1.35e-05
 2.57265e+22	1.32e-28	1.33e-14	6.03e-12	5.60e-10	1.16e-08	1.26e-07	1.43e-06	5.02e-04	1.59e-02	1.44e-01	3.19e-01	3.04e-01	1.56e-01	3.86e-02	1.19e-02	8.59e-03	5.40e-04	1.14e-05
 2.59222e+22	1.96e-28	1.90e-14	8.32e-12	7.43e-10	1.48e-08	1.55e-07	1.69e-06	5.66e-04	1.73e-02	1.53e-01	3.28e-01	2.99e-01	1.48e-01	3.54e-02	1.06e-02	7.42e-03	4.46e-04	9.05e-06
 2.61190e+22	2.61e-28	2.47e-14	1.06e-11	9.16e-10	1.77e-08	1.80e-07	1.91e-06	6.21e-04	1.85e-02	1.59e-01	3.33e-01	2.96e-01	1.43e-01	3.32e-02	9.75e-03	6.66e-03	3.88e-04	7.61e-06
 2.63173e+22	3.84e-28	3.49e-14	1.45e-11	1.21e-09	2.25e-08	2.21e-07	2.24e-06	6.99e-04	2.02e-02	1.68e-01	3.41e-01	2.90e-01	1.35e-01	3.03e-02	8.69e-03	5.75e-03	3.21e-04	6.03e-06
 2.65199e+22	5.23e-28	4.60e-14	1.86e-11	1.51e-09	2.74e-08	2.59e-07	2.56e-06	7.69e-04	2.16e-02	1.76e-01	3.46e-01	2.85e-01	1.29e-01	2.82e-02	7.90e-03	5.10e-03	2.74e-04	4.99e-06
 2.67280e+22	7.73e-28	6.55e-14	2.57e-11	2.00e-09	3.49e-08	3.18e-07	3.02e-06	8.68e-04	2.36e-02	1.86e-01	3.53e-01	2.78e-01	1.22e-01	2.56e-02	7.00e-03	4.37e-03	2.25e-04	3.91e-06
 2.69403e+22	1.07e-27	8.77e-14	3.35e-11	2.53e-09	4.28e-08	3.77e-07	3.46e-06	9.59e-04	2.53e-02	1.94e-01	3.58e-01	2.72e-01	1.15e-01	2.36e-02	6.31e-03	3.83e-03	1.90e-04	3.19e-06
 2.71294e+22	1.46e-27	1.17e-13	4.35e-11	3.18e-09	5.22e-08	4.45e-07	3.96e-06	1.06e-03	2.71e-02	2.02e-01	3.63e-01	2.66e-01	1.10e-01	2.17e-02	5.70e-03	3.37e-03	1.61e-04	2.60e-06
 2.73465e+22	2.20e-27	1.70e-13	6.10e-11	4.28e-09	6.75e-08	5.52e-07	4.71e-06	1.20e-03	2.96e-02	2.13e-01	3.68e-01	2.58e-01	1.02e-01	1.95e-02	4.98e-03	2.84e-03	1.29e-04	1.99e-06
 2.75506e+22	2.85e-27	2.15e-13	7.58e-11	5.18e-09	7.97e-08	6.34e-07	5.28e-06	1.30e-03	3.13e-02	2.21e-01	3.71e-01	2.53e-01	9.74e-02	1.82e-02	4.56e-03	2.54e-03	1.12e-04	1.67e-06
 2.77378e+22	4.06e-27	2.98e-13	1.02e-10	6.71e-09	9.98e-08	7.66e-07	6.14e-06	1.45e-03	3.37e-02	2.31e-01	3.75e-01	2.45e-01	9.12e-02	1.64e-02	4.03e-03	2.17e-03	9.19e-05	1.31e-06
 2.79274e+22	5.28e-27	3.81e-13	1.27e-10	8.16e-09	1.18e-07	8.84e-07	6.90e-06	1.58e-03	3.57e-02	2.39e-01	3.78e-01	2.39e-01	8.67e-02	1.52e-02	3.67e-03	1.93e-03	7.90e-05	1.09e-06
 2.81203e+22	7.49e-27	5.27e-13	1.71e-10	1.06e-08	1.48e-07	1.07e-06	8.05e-06	1.76e-03	3.85e-02	2.49e-01	3.81e-01	2.30e-01	8.08e-02	1.37e-02	3.23e-03	1.64e-03	6.44e-05	8.53e-07
 2.83170e+22	9.91e-27	6.86e-13	2.17e-10	1.30e-08	1.78e-07	1.25e-06	9.12e-06	1.92e-03	4.08e-02	2.57e-01	3.83e-01	2.24e-01	7.62e-02	1.26e-02	2.91e-03	1.44e-03	5.45e-05	6.96e-07
 2.85188e+22	1.42e-26	9.67e-13	2.96e-10	1.71e-08	2.26e-07	1.52e-06	1.07e-05	2.15e-03	4.41e-02	2.69e-01	3.85e-01	2.14e-01	7.04e-02	1.12e-02	2.53e-03	1.21e-03	4.35e-05	5.30e-07
 2.87219e+22	1.87e-26	1.25e-12	3.75e-10	2.11e-08	2.71e-07	1.77e-06	1.22e-05	2.35e-03	4.68e-02	2.78e-01	3.86e-01	2.07e-01	6.62e-02	1.02e-02	2.28e-03	1.06e-03	3.67e-05	4.31e-07
 2.89267e+22	2.66e-26	1.77e-12	5.12e-10	2.77e-08	3.44e-07	2.17e-06	1.44e-05	2.64e-03	5.06e-02	2.89e-01	3.87e-01	1.98e-01	6.08e-02	9.06e-03	1.97e-03	8.80e-04	2.91e-05	3.25e-07
 2.91355e+22	3.52e-26	2.32e-12	6.55e-10	3.44e-08	4.17e-07	2.56e-06	1.64e-05	2.90e-03	5.38e-02	2.99e-01	3.87e-01	1.90e-01	5.67e-02	8.20e-03	1.75e-03	7.59e-04	2.41e-05	2.59e-07
 2.93495e+22	5.02e-26	3.29e-12	9.01e-10	4.55e-08	5.35e-07	3.16e-06	1.96e-05	3.28e-03	5.82e-02	3.11e-01	3.86e-01	1.80e-01	5.16e-02	7.17e-03	1.50e-03	6.22e-04	1.87e-05	1.91e-07
 2.95677e+22	6.65e-26	4.35e-12	1.16e-09	5.70e-08	6.53e-07	3.74e-06	2.25e-05	3.62e-03	6.20e-02	3.21e-01	3.85e-01	1.72e-01	4.77e-02	6.42e-03	1.32e-03	5.30e-04	1.53e-05	1.50e-07
 2.97913e+22	9.46e-26	6.23e-12	1.61e-09	7.61e-08	8.46e-07	4.68e-06	2.71e-05	4.11e-03	6.74e-02	3.34e-01	3.83e-01	1.61e-01	4.29e-02	5.54e-03	1.11e-03	4.27e-04	1.17e-05	0.00e+00
 3.00170e+22	1.24e-25	8.21e-12	2.07e-09	9.53e-08	1.04e-06	5.56e-06	3.13e-05	4.55e-03	7.18e-02	3.45e-01	3.80e-01	1.53e-01	3.94e-02	4.92e-03	9.70e-04	3.60e-04	9.40e-06	0.00e+00
 3.02080e+22	1.58e-25	1.06e-11	2.61e-09	1.17e-07	1.25e-06	6.53e-06	3.59e-05	4.99e-03	7.62e-02	3.54e-01	3.77e-01	1.46e-01	3.63e-02	4.40e-03	8.54e-04	3.06e-04	7.68e-06	0.00e+00
 3.04154e+22	2.12e-25	1.44e-11	3.47e-09	1.51e-07	1.58e-06	8.00e-06	4.26e-05	5.62e-03	8.20e-02	3.66e-01	3.72e-01	1.36e-01	3.27e-02	3.80e-03	7.24e-04	2.49e-04	5.92e-06	0.00e+00
 3.06233e+22	2.66e-25	1.84e-11	4.34e-09	1.85e-07	1.90e-06	9.40e-06	4.89e-05	6.17e-03	8.69e-02	3.76e-01	3.68e-01	1.29e-01	3.00e-02	3.38e-03	6.34e-04	2.11e-04	4.80e-06	0.00e+00
 3.08269e+22	3.44e-25	2.45e-11	5.65e-09	2.36e-07	2.37e-06	1.14e-05	5.78e-05	6.91e-03	9.32e-02	3.87e-01	3.62e-01	1.20e-01	2.69e-02	2.92e-03	5.38e-04	1.71e-04	3.71e-06	0.00e+00
 3.10345e+22	4.27e-25	3.11e-11	7.06e-09	2.90e-07	2.86e-06	1.35e-05	6.67e-05	7.63e-03	9.90e-02	3.96e-01	3.56e-01	1.13e-01	2.44e-02	2.57e-03	4.66e-04	1.43e-04	2.96e-06	0.00e+00
 3.12379e+22	5.31e-25	4.03e-11	9.01e-09	3.63e-07	3.53e-06	1.62e-05	7.84e-05	8.51e-03	1.06e-01	4.07e-01	3.49e-01	1.05e-01	2.19e-02	2.22e-03	3.96e-04	1.17e-04	2.29e-06	0.00e+00
 3.14457e+22	6.46e-25	5.10e-11	1.12e-08	4.46e-07	4.29e-06	1.93e-05	9.11e-05	9.43e-03	1.12e-01	4.16e-01	3.42e-01	9.77e-02	1.97e-02	1.93e-03	3.39e-04	9.61e-05	1.80e-06	0.00e+00
 3.16505e+22	7.83e-25	6.45e-11	1.41e-08	5.50e-07	5.23e-06	2.31e-05	1.07e-04	1.05e-02	1.20e-01	4.25e-01	3.34e-01	9.06e-02	1.76e-02	1.67e-03	2.88e-04	7.83e-05	1.40e-06	0.00e+00
 3.18569e+22	9.35e-25	8.04e-11	1.74e-08	6.73e-07	6.34e-06	2.74e-05	1.24e-04	1.16e-02	1.27e-01	4.34e-01	3.26e-01	8.39e-02	1.58e-02	1.44e-03	2.46e-04	6.41e-05	1.09e-06	0.00e+00
 3.20607e+22	1.10e-24	9.93e-11	2.13e-08	8.20e-07	7.66e-06	3.25e-05	1.45e-04	1.29e-02	1.35e-01	4.42e-01	3.17e-01	7.76e-02	1.41e-02	1.24e-03	2.09e-04	5.23e-05	8.49e-07	0.00e+00
 3.22642e+22	1.29e-24	1.22e-10	2.60e-08	9.93e-07	9.22e-06	3.84e-05	1.68e-04	1.43e-02	1.43e-01	4.49e-01	3.08e-01	7.16e-02	1.25e-02	1.07e-03	1.77e-04	4.27e-05	6.61e-07	0.00e+00
 3.24678e+22	1.50e-24	1.48e-10	3.16e-08	1.20e-06	1.11e-05	4.53e-05	1.96e-04	1.58e-02	1.51e-01	4.56e-01	2.98e-01	6.59e-02	1.12e-02	9.22e-04	1.50e-04	3.48e-05	5.13e-07	0.00e+00
 3.26722e+22	1.73e-24	1.78e-10	3.81e-08	1.44e-06	1.33e-05	5.34e-05	2.27e-04	1.74e-02	1.60e-01	4.62e-01	2.88e-01	6.06e-02	9.92e-03	7.92e-04	1.27e-04	2.83e-05	3.97e-07	0.00e+00
 3.28776e+22	1.99e-24	2.12e-10	4.57e-08	1.73e-06	1.59e-05	6.29e-05	2.64e-04	1.93e-02	1.69e-01	4.68e-01	2.78e-01	5.55e-02	8.80e-03	6.79e-04	1.08e-04	2.30e-05	3.07e-07	0.00e+00
 3.30847e+22	2.27e-24	2.52e-10	5.47e-08	2.07e-06	1.89e-05	7.40e-05	3.07e-04	2.13e-02	1.79e-01	4.73e-01	2.68e-01	5.08e-02	7.79e-03	5.81e-04	9.07e-05	1.86e-05	2.37e-07	0.00e+00
 3.32941e+22	2.59e-24	2.98e-10	6.53e-08	2.47e-06	2.26e-05	8.69e-05	3.56e-04	2.35e-02	1.88e-01	4.77e-01	2.57e-01	4.64e-02	6.88e-03	4.96e-04	7.63e-05	1.50e-05	1.82e-07	0.00e+00
 3.35046e+22	2.96e-24	3.50e-10	7.75e-08	2.93e-06	2.68e-05	1.02e-04	4.13e-04	2.59e-02	1.98e-01	4.80e-01	2.47e-01	4.23e-02	6.07e-03	4.24e-04	6.42e-05	1.21e-05	1.41e-07	0.00e+00
 3.37184e+22	3.38e-24	4.09e-10	9.20e-08	3.49e-06	3.19e-05	1.20e-04	4.80e-04	2.86e-02	2.09e-01	4.82e-01	2.36e-01	3.84e-02	5.33e-03	3.60e-04	5.37e-05	9.75e-06	0.00e+00	0.00e+00
 3.39344e+22	9.98e-24	4.75e-10	1.09e-07	4.13e-06	3.77e-05	1.40e-04	5.56e-04	3.14e-02	2.19e-01	4.83e-01	2.25e-01	3.49e-02	4.69e-03	3.07e-04	4.51e-05	7.86e-06	0.00e+00	0.00e+00
 3.41547e+22	1.15e-23	5.53e-10	1.29e-07	4.92e-06	4.49e-05	1.64e-04	6.47e-04	3.47e-02	2.30e-01	4.84e-01	2.14e-01	3.15e-02	4.10e-03	2.59e-04	3.74e-05	6.26e-06	0.00e+00	0.00e+00
 3.43789e+22	1.33e-23	6.38e-10	1.52e-07	5.82e-06	5.31e-05	1.92e-04	7.49e-04	3.81e-02	2.41e-01	4.84e-01	2.04e-01	2.85e-02	3.59e-03	2.19e-04	3.12e-05	5.01e-06	0.00e+00	0.00e+00
 3.45843e+22	1.51e-23	7.19e-10	1.75e-07	6.69e-06	6.11e-05	2.18e-04	8.47e-04	4.13e-02	2.51e-01	4.83e-01	1.95e-01	2.61e-02	3.21e-03	1.90e-04	2.68e-05	4.16e-06	0.00e+00	0.00e+00
 3.47989e+22	1.77e-23	8.31e-10	2.07e-07	7.96e-06	7.28e-05	2.57e-04	9.90e-04	4.56e-02	2.63e-01	4.80e-01	1.84e-01	2.33e-02	2.77e-03	1.59e-04	2.20e-05	3.27e-06	0.00e+00	0.00e+00
 3.50169e+22	2.04e-23	9.36e-10	2.38e-07	9.17e-06	8.37e-05	2.92e-04	1.12e-03	4.93e-02	2.73e-01	4.78e-01	1.75e-01	2.13e-02	2.47e-03	1.38e-04	1.88e-05	2.70e-06	0.00e+00	0.00e+00
 3.52412e+22	2.46e-23	1.09e-09	2.85e-07	1.10e-05	1.00e-04	3.44e-04	1.31e-03	5.45e-02	2.85e-01	4.73e-01	1.64e-01	1.89e-02	2.12e-03	1.14e-04	1.53e-05	2.10e-06	0.00e+00	0.00e+00
 3.54659e+22	2.85e-23	1.22e-09	3.27e-07	1.26e-05	1.14e-04	3.89e-04	1.47e-03	5.87e-02	2.95e-01	4.69e-01	1.56e-01	1.72e-02	1.89e-03	9.90e-05	1.31e-05	1.74e-06	0.00e+00	0.00e+00
 3.56910e+22	3.46e-23	1.40e-09	3.89e-07	1.50e-05	1.36e-04	4.56e-04	1.72e-03	6.46e-02	3.08e-01	4.63e-01	1.45e-01	1.53e-02	1.62e-03	8.20e-05	1.06e-05	1.35e-06	0.00e+00	0.00e+00
 3.59169e+22	4.06e-23	1.58e-09	4.46e-07	1.71e-05	1.55e-04	5.14e-04	1.92e-03	6.94e-02	3.17e-01	4.58e-01	1.38e-01	1.39e-02	1.45e-03	7.11e-05	9.10e-06	1.12e-06	0.00e+00	0.00e+00
 3.61441e+22	4.99e-23	1.82e-09	5.32e-07	2.04e-05	1.84e-04	6.00e-04	2.23e-03	7.61e-02	3.29e-01	4.50e-01	1.28e-01	1.23e-02	1.24e-03	5.89e-05	7.41e-06	8.74e-07	0.00e+00	0.00e+00
 3.63736e+22	5.92e-23	2.04e-09	6.12e-07	2.34e-05	2.10e-04	6.76e-04	2.50e-03	8.16e-02	3.38e-01	4.44e-01	1.21e-01	1.12e-02	1.10e-03	5.09e-05	6.31e-06	7.21e-07	0.00e+00	0.00e+00
 3.66063e+22	7.38e-23	2.36e-09	7.32e-07	2.78e-05	2.49e-04	7.87e-04	2.89e-03	8.92e-02	3.50e-01	4.34e-01	1.12e-01	9.82e-03	9.41e-04	4.20e-05	5.12e-06	5.60e-07	0.00e+00	0.00e+00
 3.68422e+22	8.86e-23	2.67e-09	8.46e-07	3.19e-05	2.84e-04	8.86e-04	3.23e-03	9.55e-02	3.59e-01	4.26e-01	1.05e-01	8.88e-03	8.32e-04	3.61e-05	4.35e-06	4.60e-07	0.00e+00	0.00e+00
 3.70821e+22	1.12e-22	3.11e-09	1.02e-06	3.81e-05	3.36e-04	1.03e-03	3.74e-03	1.04e-01	3.70e-01	4.15e-01	9.69e-02	7.77e-03	7.08e-04	2.97e-05	3.50e-06	3.55e-07	0.00e+00	0.00e+00
 3.73264e+22	1.37e-22	3.54e-09	1.19e-06	4.40e-05	3.84e-04	1.16e-03	4.18e-03	1.11e-01	3.78e-01	4.06e-01	9.07e-02	6.99e-03	6.23e-04	2.54e-05	2.96e-06	2.89e-07	0.00e+00	0.00e+00
 3.75765e+22	1.77e-22	4.16e-09	1.44e-06	5.28e-05	4.56e-04	1.35e-03	4.83e-03	1.21e-01	3.89e-01	3.94e-01	8.29e-02	6.08e-03	5.26e-04	2.07e-05	2.36e-06	2.21e-07	0.00e+00	0.00e+00
 3.78324e+22	2.20e-22	4.80e-09	1.69e-06	6.14e-05	5.24e-04	1.53e-03	5.40e-03	1.29e-01	3.96e-01	3.84e-01	7.71e-02	5.43e-03	4.60e-04	1.76e-05	1.98e-06	1.79e-07	0.00e+00	0.00e+00
 3.80958e+22	2.92e-22	5.71e-09	2.08e-06	7.43e-05	6.25e-04	1.78e-03	6.25e-03	1.41e-01	4.06e-01	3.70e-01	6.99e-02	4.68e-03	3.85e-04	1.42e-05	1.56e-06	1.35e-07	0.00e+00	0.00e+00
 3.83639e+22	3.68e-22	6.65e-09	2.46e-06	8.68e-05	7.19e-04	2.01e-03	6.98e-03	1.50e-01	4.12e-01	3.59e-01	6.46e-02	4.16e-03	3.35e-04	1.20e-05	1.30e-06	0.00e+00	0.00e+00	0.00e+00
 3.85898e+22	4.55e-22	7.62e-09	2.86e-06	9.96e-05	8.14e-04	2.24e-03	7.69e-03	1.59e-01	4.18e-01	3.48e-01	6.02e-02	3.74e-03	2.95e-04	1.03e-05	1.10e-06	0.00e+00	0.00e+00	0.00e+00
 3.88352e+22	5.98e-22	9.07e-09	3.48e-06	1.19e-04	9.54e-04	2.56e-03	8.73e-03	1.70e-01	4.24e-01	3.35e-01	5.47e-02	3.25e-03	2.50e-04	8.42e-06	8.88e-07	0.00e+00	0.00e+00	0.00e+00
 3.90733e+22	7.32e-22	1.03e-08	4.01e-06	1.35e-04	1.07e-03	2.82e-03	9.52e-03	1.79e-01	4.28e-01	3.25e-01	5.11e-02	2.94e-03	2.22e-04	7.31e-06	7.61e-07	0.00e+00	0.00e+00	0.00e+00
 3.93019e+22	9.45e-22	1.22e-08	4.80e-06	1.59e-04	1.24e-03	3.20e-03	1.07e-02	1.90e-01	4.33e-01	3.12e-01	4.66e-02	2.57e-03	1.90e-04	6.06e-06	6.20e-07	0.00e+00	0.00e+00	0.00e+00
 3.95329e+22	1.17e-21	1.41e-08	5.57e-06	1.82e-04	1.39e-03	3.52e-03	1.16e-02	1.99e-01	4.36e-01	3.02e-01	4.34e-02	2.33e-03	1.69e-04	5.25e-06	5.31e-07	0.00e+00	0.00e+00	0.00e+00
 3.97670e+22	1.54e-21	1.67e-08	6.72e-06	2.15e-04	1.60e-03	3.98e-03	1.30e-02	2.11e-01	4.39e-01	2.89e-01	3.94e-02	2.03e-03	1.44e-04	4.34e-06	4.32e-07	0.00e+00	0.00e+00	0.00e+00
 4.00046e+22	1.93e-21	1.95e-08	7.84e-06	2.46e-04	1.80e-03	4.38e-03	1.41e-02	2.21e-01	4.41e-01	2.79e-01	3.65e-02	1.83e-03	1.27e-04	3.74e-06	3.67e-07	0.00e+00	0.00e+00	0.00e+00
 4.02467e+22	2.57e-21	2.35e-08	9.53e-06	2.93e-04	2.09e-03	4.96e-03	1.57e-02	2.34e-01	4.43e-01	2.66e-01	3.30e-02	1.58e-03	1.08e-04	3.07e-06	2.96e-07	0.00e+00	0.00e+00	0.00e+00
 4.04923e+22	3.26e-21	2.76e-08	1.12e-05	3.37e-04	2.35e-03	5.46e-03	1.71e-02	2.44e-01	4.43e-01	2.56e-01	3.05e-02	1.42e-03	9.49e-05	2.64e-06	2.51e-07	0.00e+00	0.00e+00	0.00e+00
 4.07425e+22	4.41e-21	3.37e-08	1.37e-05	4.03e-04	2.73e-03	6.18e-03	1.90e-02	2.58e-01	4.43e-01	2.42e-01	2.73e-02	1.22e-03	7.98e-05	2.14e-06	2.01e-07	0.00e+00	0.00e+00	0.00e+00
 4.09969e+22	5.68e-21	4.00e-08	1.62e-05	4.66e-04	3.08e-03	6.81e-03	2.06e-02	2.68e-01	4.42e-01	2.32e-01	2.51e-02	1.09e-03	6.99e-05	1.83e-06	1.69e-07	0.00e+00	0.00e+00	0.00e+00
 4.12570e+22	7.82e-21	4.95e-08	2.00e-05	5.60e-04	3.59e-03	7.72e-03	2.30e-02	2.83e-01	4.40e-01	2.19e-01	2.24e-02	9.32e-04	5.83e-05	1.48e-06	1.34e-07	0.00e+00	0.00e+00	0.00e+00
 4.15228e+22	1.02e-20	5.94e-08	2.38e-05	6.51e-04	4.07e-03	8.52e-03	2.49e-02	2.94e-01	4.38e-01	2.08e-01	2.04e-02	8.25e-04	5.06e-05	1.25e-06	0.00e+00	0.00e+00	0.00e+00	0.00e+00
 4.17962e+22	1.44e-20	7.49e-08	2.97e-05	7.90e-04	4.76e-03	9.67e-03	2.77e-02	3.09e-01	4.34e-01	1.95e-01	1.80e-02	7.00e-04	4.18e-05	9.97e-07	0.00e+00	0.00e+00	0.00e+00	0.00e+00
 4.20770e+22	1.93e-20	9.12e-08	3.57e-05	9.25e-04	5.41e-03	1.07e-02	3.01e-02	3.21e-01	4.31e-01	1.85e-01	1.63e-02	6.14e-04	3.59e-05	8.32e-07	0.00e+00	0.00e+00	0.00e+00	0.00e+00
 4.23676e+22	2.79e-20	1.17e-07	4.52e-05	1.13e-03	6.38e-03	1.22e-02	3.35e-02	3.36e-01	4.24e-01	1.71e-01	1.42e-02	5.15e-04	2.93e-05	6.56e-07	0.00e+00	0.00e+00	0.00e+00	0.00e+00
 4.26607e+22	3.77e-20	1.44e-07	5.46e-05	1.33e-03	7.25e-03	1.35e-02	3.62e-02	3.48e-01	4.19e-01	1.62e-01	1.29e-02	4.51e-04	2.51e-05	5.47e-07	0.00e+00	0.00e+00	0.00e+00	0.00e+00
 4.29571e+22	5.52e-20	1.87e-07	6.93e-05	1.63e-03	8.53e-03	1.53e-02	4.01e-02	3.63e-01	4.11e-01	1.49e-01	1.11e-02	3.76e-04	2.04e-05	4.27e-07	0.00e+00	0.00e+00	0.00e+00	0.00e+00
 4.32563e+22	7.52e-20	2.32e-07	8.39e-05	1.92e-03	9.68e-03	1.69e-02	4.31e-02	3.74e-01	4.04e-01	1.40e-01	1.00e-02	3.28e-04	1.74e-05	3.55e-07	0.00e+00	0.00e+00	0.00e+00	0.00e+00
 4.35592e+22	1.11e-19	3.03e-07	1.07e-04	2.36e-03	1.14e-02	1.91e-02	4.76e-02	3.88e-01	3.94e-01	1.28e-01	8.62e-03	2.71e-04	1.40e-05	2.75e-07	0.00e+00	0.00e+00	0.00e+00	0.00e+00
 4.38671e+22	1.54e-19	3.79e-07	1.30e-04	2.78e-03	1.29e-02	2.10e-02	5.11e-02	3.99e-01	3.85e-01	1.20e-01	7.69e-03	2.35e-04	1.18e-05	2.27e-07	0.00e+00	0.00e+00	0.00e+00	0.00e+00
 4.41814e+22	2.32e-19	5.02e-07	1.67e-04	3.44e-03	1.52e-02	2.38e-02	5.63e-02	4.12e-01	3.73e-01	1.09e-01	6.56e-03	1.93e-04	9.42e-06	1.74e-07	0.00e+00	0.00e+00	0.00e+00	0.00e+00
 4.44923e+22	3.18e-19	6.23e-07	2.01e-04	4.02e-03	1.72e-02	2.61e-02	6.00e-02	4.21e-01	3.64e-01	1.02e-01	5.85e-03	1.68e-04	8.00e-06	1.44e-07	0.00e+00	0.00e+00	0.00e+00	0.00e+00
 4.47448e+22	4.21e-19	7.54e-07	2.38e-04	4.62e-03	1.91e-02	2.82e-02	6.37e-02	4.29e-01	3.55e-01	9.50e-02	5.24e-03	1.47e-04	6.85e-06	1.20e-07	0.00e+00	0.00e+00	0.00e+00	0.00e+00
 4.50192e+22	6.01e-19	9.63e-07	2.93e-04	5.51e-03	2.19e-02	3.12e-02	6.84e-02	4.38e-01	3.43e-01	8.72e-02	4.57e-03	1.24e-04	5.65e-06	0.00e+00	0.00e+00	0.00e+00	0.00e+00	0.00e+00
 4.52973e+22	8.10e-19	1.18e-06	3.49e-04	6.36e-03	2.44e-02	3.38e-02	7.24e-02	4.45e-01	3.33e-01	8.10e-02	4.07e-03	1.08e-04	4.80e-06	0.00e+00	0.00e+00	0.00e+00	0.00e+00	0.00e+00
 4.55425e+22	1.08e-18	1.43e-06	4.12e-04	7.31e-03	2.70e-02	3.64e-02	7.64e-02	4.50e-01	3.23e-01	7.54e-02	3.64e-03	9.39e-05	4.10e-06	0.00e+00	0.00e+00	0.00e+00	0.00e+00	0.00e+00
 4.58237e+22	1.55e-18	1.83e-06	5.08e-04	8.68e-03	3.07e-02	4.00e-02	8.15e-02	4.57e-01	3.10e-01	6.87e-02	3.15e-03	7.90e-05	3.36e-06	0.00e+00	0.00e+00	0.00e+00	0.00e+00	0.00e+00
 4.61154e+22	2.15e-18	2.27e-06	6.10e-04	1.01e-02	3.44e-02	4.34e-02	8.62e-02	4.61e-01	2.98e-01	6.30e-02	2.76e-03	6.75e-05	2.79e-06	0.00e+00	0.00e+00	0.00e+00	0.00e+00	0.00e+00
 4.63759e+22	2.90e-18	2.78e-06	7.23e-04	1.16e-02	3.81e-02	4.66e-02	9.05e-02	4.65e-01	2.87e-01	5.81e-02	2.44e-03	5.83e-05	2.36e-06	0.00e+00	0.00e+00	0.00e+00	0.00e+00	0.00e+00
 4.66694e+22	4.23e-18	3.59e-06	8.93e-04	1.38e-02	4.32e-02	5.09e-02	9.59e-02	4.67e-01	2.73e-01	5.24e-02	2.09e-03	4.86e-05	1.91e-06	0.00e+00	0.00e+00	0.00e+00	0.00e+00	0.00e+00
 4.69762e+22	5.99e-18	4.50e-06	1.08e-03	1.61e-02	4.83e-02	5.51e-02	1.01e-01	4.69e-01	2.60e-01	4.75e-02	1.80e-03	4.09e-05	1.57e-06	0.00e+00	0.00e+00	0.00e+00	0.00e+00	0.00e+00
 4.72532e+22	8.25e-18	5.55e-06	1.28e-03	1.85e-02	5.34e-02	5.91e-02	1.05e-01	4.69e-01	2.48e-01	4.33e-02	1.58e-03	3.49e-05	1.30e-06	0.00e+00	0.00e+00	0.00e+00	0.00e+00	0.00e+00
 4.75661e+22	1.23e-17	7.23e-06	1.59e-03	2.20e-02	6.05e-02	6.43e-02	1.11e-01	4.68e-01	2.33e-01	3.84e-02	1.32e-03	2.85e-05	1.03e-06	0.00e+00	0.00e+00	0.00e+00	0.00e+00	0.00e+00
 4.78888e+22	1.77e-17	9.09e-06	1.92e-03	2.56e-02	6.73e-02	6.91e-02	1.16e-01	4.65e-01	2.20e-01	3.44e-02	1.13e-03	2.37e-05	8.34e-07	0.00e+00	0.00e+00	0.00e+00	0.00e+00	0.00e+00
 4.81761e+22	2.47e-17	1.12e-05	2.28e-03	2.94e-02	7.40e-02	7.36e-02	1.20e-01	4.61e-01	2.07e-01	3.10e-02	9.74e-04	2.00e-05	6.85e-07	0.00e+00	0.00e+00	0.00e+00	0.00e+00	0.00e+00
 4.85013e+22	3.76e-17	1.47e-05	2.83e-03	3.49e-02	8.32e-02	7.94e-02	1.25e-01	4.54e-01	1.92e-01	2.71e-02	8.06e-04	1.61e-05	5.33e-07	0.00e+00	0.00e+00	0.00e+00	0.00e+00	0.00e+00
 4.88387e+22	5.52e-17	1.85e-05	3.41e-03	4.04e-02	9.19e-02	8.46e-02	1.30e-01	4.47e-01	1.79e-01	2.39e-02	6.76e-04	1.32e-05	4.24e-07	0.00e+00	0.00e+00	0.00e+00	0.00e+00	0.00e+00
 4.91417e+22	7.87e-17	2.30e-05	4.05e-03	4.62e-02	1.01e-01	8.95e-02	1.33e-01	4.38e-01	1.66e-01	2.12e-02	5.73e-04	1.09e-05	3.41e-07	0.00e+00	0.00e+00	0.00e+00	0.00e+00	0.00e+00
 4.94855e+22	1.25e-16	3.02e-05	5.03e-03	5.47e-02	1.12e-01	9.57e-02	1.37e-01	4.25e-01	1.51e-01	1.81e-02	4.61e-04	8.52e-06	2.57e-07	0.00e+00	0.00e+00	0.00e+00	0.00e+00	0.00e+00
 4.98404e+22	1.87e-16	3.80e-05	6.03e-03	6.28e-02	1.23e-01	1.01e-01	1.40e-01	4.13e-01	1.38e-01	1.57e-02	3.82e-04	6.88e-06	2.01e-07	0.00e+00	0.00e+00	0.00e+00	0.00e+00	0.00e+00
 5.01611e+22	2.75e-16	4.73e-05	7.15e-03	7.15e-02	1.33e-01	1.06e-01	1.43e-01	3.99e-01	1.27e-01	1.36e-02	3.16e-04	5.57e-06	1.58e-07	0.00e+00	0.00e+00	0.00e+00	0.00e+00	0.00e+00
 5.05292e+22	4.64e-16	6.25e-05	8.88e-03	8.41e-02	1.48e-01	1.12e-01	1.45e-01	3.79e-01	1.12e-01	1.13e-02	2.46e-04	4.21e-06	0.00e+00	0.00e+00	0.00e+00	0.00e+00	0.00e+00	0.00e+00
 5.08997e+22	7.16e-16	7.77e-05	1.05e-02	9.53e-02	1.59e-01	1.16e-01	1.46e-01	3.63e-01	1.01e-01	9.62e-03	2.00e-04	3.34e-06	0.00e+00	0.00e+00	0.00e+00	0.00e+00	0.00e+00	0.00e+00
 5.12735e+22	1.21e-15	1.01e-04	1.28e-02	1.10e-01	1.73e-01	1.21e-01	1.46e-01	3.41e-01	8.83e-02	7.89e-03	1.55e-04	2.52e-06	0.00e+00	0.00e+00	0.00e+00	0.00e+00	0.00e+00	0.00e+00
 5.16557e+22	2.04e-15	1.26e-04	1.52e-02	1.24e-01	1.85e-01	1.24e-01	1.46e-01	3.21e-01	7.81e-02	6.59e-03	1.23e-04	1.95e-06	0.00e+00	0.00e+00	0.00e+00	0.00e+00	0.00e+00	0.00e+00
 5.19921e+22	3.46e-15	1.55e-04	1.76e-02	1.39e-01	1.96e-01	1.27e-01	1.44e-01	3.02e-01	6.93e-02	5.55e-03	9.90e-05	1.53e-06	0.00e+00	0.00e+00	0.00e+00	0.00e+00	0.00e+00	0.00e+00
 5.23728e+22	6.95e-15	2.00e-04	2.13e-02	1.58e-01	2.09e-01	1.29e-01	1.42e-01	2.77e-01	5.90e-02	4.41e-03	7.42e-05	1.11e-06	0.00e+00	0.00e+00	0.00e+00	0.00e+00	0.00e+00	0.00e+00
 5.27623e+22	1.87e-15	2.46e-04	2.48e-02	1.75e-01	2.20e-01	1.31e-01	1.39e-01	2.56e-01	5.13e-02	3.62e-03	5.80e-05	8.48e-07	0.00e+00	0.00e+00	0.00e+00	0.00e+00	0.00e+00	0.00e+00
 5.31633e+22	2.49e-15	3.17e-04	2.97e-02	1.97e-01	2.32e-01	1.31e-01	1.34e-01	2.31e-01	4.27e-02	2.82e-03	4.25e-05	6.03e-07	0.00e+00	0.00e+00	0.00e+00	0.00e+00	0.00e+00	0.00e+00
 5.35707e+22	4.11e-15	3.88e-04	3.42e-02	2.16e-01	2.40e-01	1.31e-01	1.29e-01	2.10e-01	3.64e-02	2.26e-03	3.25e-05	4.50e-07	0.00e+00	0.00e+00	0.00e+00	0.00e+00	0.00e+00	0.00e+00
 5.39319e+22	6.92e-15	4.71e-04	3.92e-02	2.35e-01	2.47e-01	1.30e-01	1.24e-01	1.91e-01	3.10e-02	1.82e-03	2.50e-05	3.37e-07	0.00e+00	0.00e+00	0.00e+00	0.00e+00	0.00e+00	0.00e+00
 5.43470e+22	1.44e-14	6.00e-04	4.63e-02	2.60e-01	2.55e-01	1.28e-01	1.17e-01	1.67e-01	2.50e-02	1.37e-03	1.77e-05	2.31e-07	0.00e+00	0.00e+00	0.00e+00	0.00e+00	0.00e+00	0.00e+00
 5.47679e+22	3.18e-14	7.24e-04	5.26e-02	2.80e-01	2.60e-01	1.25e-01	1.11e-01	1.49e-01	2.09e-02	1.08e-03	1.33e-05	1.69e-07	0.00e+00	0.00e+00	0.00e+00	0.00e+00	0.00e+00	0.00e+00
 5.51339e+22	8.47e-14	8.65e-04	5.91e-02	2.99e-01	2.63e-01	1.22e-01	1.05e-01	1.33e-01	1.75e-02	8.56e-04	1.01e-05	1.25e-07	0.00e+00	0.00e+00	0.00e+00	0.00e+00	0.00e+00	0.00e+00
 5.54830e+22	3.14e-13	1.01e-03	6.57e-02	3.16e-01	2.64e-01	1.19e-01	9.89e-02	1.20e-01	1.48e-02	6.89e-04	7.78e-06	0.00e+00	0.00e+00	0.00e+00	0.00e+00	0.00e+00	0.00e+00	0.00e+00
 5.58150e+22	2.03e-12	1.18e-03	7.25e-02	3.33e-01	2.65e-01	1.15e-01	9.33e-02	1.07e-01	1.25e-02	5.54e-04	6.01e-06	0.00e+00	0.00e+00	0.00e+00	0.00e+00	0.00e+00	0.00e+00	0.00e+00
 5.61890e+22	1.53e-11	1.43e-03	8.18e-02	3.53e-01	2.64e-01	1.11e-01	8.62e-02	9.26e-02	1.01e-02	4.18e-04	4.32e-06	0.00e+00	0.00e+00	0.00e+00	0.00e+00	0.00e+00	0.00e+00	0.00e+00
 5.65627e+22	1.93e-10	1.66e-03	8.97e-02	3.69e-01	2.62e-01	1.06e-01	8.06e-02	8.22e-02	8.42e-03	3.32e-04	3.30e-06	0.00e+00	0.00e+00	0.00e+00	0.00e+00	0.00e+00	0.00e+00	0.00e+00
 5.69360e+22	1.72e-09	1.97e-03	1.00e-01	3.87e-01	2.59e-01	1.01e-01	7.39e-02	7.07e-02	6.75e-03	2.51e-04	2.38e-06	0.00e+00	0.00e+00	0.00e+00	0.00e+00	0.00e+00	0.00e+00	0.00e+00
 5.73176e+22	1.76e-08	2.29e-03	1.09e-01	4.01e-01	2.55e-01	9.63e-02	6.84e-02	6.19e-02	5.54e-03	1.96e-04	1.78e-06	0.00e+00	0.00e+00	0.00e+00	0.00e+00	0.00e+00	0.00e+00	0.00e+00
 5.76554e+22	3.94e-08	2.63e-03	1.19e-01	4.14e-01	2.50e-01	9.18e-02	6.33e-02	5.44e-02	4.59e-03	1.55e-04	1.35e-06	0.00e+00	0.00e+00	0.00e+00	0.00e+00	0.00e+00	0.00e+00	0.00e+00
 5.80397e+22	6.12e-08	3.12e-03	1.32e-01	4.29e-01	2.44e-01	8.59e-02	5.72e-02	4.59e-02	3.59e-03	1.14e-04	9.50e-07	0.00e+00	0.00e+00	0.00e+00	0.00e+00	0.00e+00	0.00e+00	0.00e+00
 5.84309e+22	8.54e-08	3.59e-03	1.43e-01	4.40e-01	2.37e-01	8.11e-02	5.24e-02	3.98e-02	2.92e-03	8.79e-05	7.05e-07	0.00e+00	0.00e+00	0.00e+00	0.00e+00	0.00e+00	0.00e+00	0.00e+00
 5.87789e+22	1.15e-07	4.10e-03	1.54e-01	4.50e-01	2.31e-01	7.65e-02	4.80e-02	3.45e-02	2.39e-03	6.85e-05	5.30e-07	0.00e+00	0.00e+00	0.00e+00	0.00e+00	0.00e+00	0.00e+00	0.00e+00
 5.91158e+22	1.51e-07	4.63e-03	1.65e-01	4.58e-01	2.24e-01	7.22e-02	4.41e-02	3.01e-02	1.97e-03	5.39e-05	4.03e-07	0.00e+00	0.00e+00	0.00e+00	0.00e+00	0.00e+00	0.00e+00	0.00e+00
 5.94264e+22	1.90e-07	5.18e-03	1.75e-01	4.65e-01	2.17e-01	6.83e-02	4.07e-02	2.65e-02	1.64e-03	4.32e-05	3.12e-07	0.00e+00	0.00e+00	0.00e+00	0.00e+00	0.00e+00	0.00e+00	0.00e+00
 5.97659e+22	2.54e-07	5.94e-03	1.89e-01	4.72e-01	2.09e-01	6.37e-02	3.68e-02	2.26e-02	1.31e-03	3.27e-05	2.27e-07	0.00e+00	0.00e+00	0.00e+00	0.00e+00	0.00e+00	0.00e+00	0.00e+00
 6.01073e+22	3.15e-07	6.61e-03	2.00e-01	4.76e-01	2.02e-01	6.01e-02	3.38e-02	1.98e-02	1.09e-03	2.61e-05	1.76e-07	0.00e+00	0.00e+00	0.00e+00	0.00e+00	0.00e+00	0.00e+00	0.00e+00
