#depth	He	He+	He+2
 4.62852e+21	6.80e-12	3.18e-06	1.00e+00
 1.05270e+22	1.69e-11	4.80e-06	1.00e+00
 1.24319e+22	2.74e-11	5.99e-06	1.00e+00
 1.33844e+22	3.52e-11	6.73e-06	1.00e+00
 1.37812e+22	3.76e-11	6.94e-06	1.00e+00
 1.39638e+22	4.06e-11	7.20e-06	1.00e+00
 1.41657e+22	4.40e-11	7.47e-06	1.00e+00
 1.43616e+22	4.75e-11	7.75e-06	1.00e+00
 1.45512e+22	5.13e-11	8.03e-06	1.00e+00
 1.47299e+22	5.49e-11	8.29e-06	1.00e+00
 1.49284e+22	6.03e-11	8.67e-06	1.00e+00
 1.51270e+22	6.49e-11	8.98e-06	1.00e+00
 1.52868e+22	6.91e-11	9.25e-06	1.00e+00
 1.54556e+22	7.48e-11	9.61e-06	1.00e+00
 1.56161e+22	7.93e-11	9.89e-06	1.00e+00
 1.57444e+22	8.39e-11	1.02e-05	1.00e+00
 1.58666e+22	8.85e-11	1.04e-05	1.00e+00
 1.59836e+22	9.27e-11	1.07e-05	1.00e+00
 1.61169e+22	9.88e-11	1.10e-05	1.00e+00
 1.62540e+22	1.05e-10	1.13e-05	1.00e+00
 1.63677e+22	1.10e-10	1.16e-05	1.00e+00
 1.64715e+22	1.16e-10	1.19e-05	1.00e+00
 1.65903e+22	1.23e-10	1.23e-05	1.00e+00
 1.67145e+22	1.30e-10	1.26e-05	1.00e+00
 1.68277e+22	1.37e-10	1.29e-05	1.00e+00
 1.69396e+22	1.44e-10	1.33e-05	1.00e+00
 1.70457e+22	1.51e-10	1.36e-05	1.00e+00
 1.71457e+22	1.59e-10	1.39e-05	1.00e+00
 1.72597e+22	1.70e-10	1.44e-05	1.00e+00
 1.73714e+22	1.78e-10	1.48e-05	1.00e+00
 1.74804e+22	1.90e-10	1.53e-05	1.00e+00
 1.75898e+22	1.99e-10	1.56e-05	1.00e+00
 1.76997e+22	2.13e-10	1.62e-05	1.00e+00
 1.78092e+22	2.24e-10	1.67e-05	1.00e+00
 1.79179e+22	2.41e-10	1.73e-05	1.00e+00
 1.80271e+22	2.54e-10	1.78e-05	1.00e+00
 1.81226e+22	2.68e-10	1.83e-05	1.00e+00
 1.82169e+22	2.83e-10	1.88e-05	1.00e+00
 1.83241e+22	3.04e-10	1.96e-05	1.00e+00
 1.84316e+22	3.22e-10	2.02e-05	1.00e+00
 1.85226e+22	3.39e-10	2.08e-05	1.00e+00
 1.86240e+22	3.65e-10	2.16e-05	1.00e+00
 1.87235e+22	3.84e-10	2.23e-05	1.00e+00
 1.88206e+22	4.13e-10	2.32e-05	1.00e+00
 1.89183e+22	4.36e-10	2.39e-05	1.00e+00
 1.90167e+22	4.70e-10	2.49e-05	1.00e+00
 1.91158e+22	4.97e-10	2.57e-05	1.00e+00
 1.92158e+22	5.35e-10	2.69e-05	1.00e+00
 1.93150e+22	5.67e-10	2.78e-05	1.00e+00
 1.94132e+22	6.11e-10	2.90e-05	1.00e+00
 1.95133e+22	6.48e-10	3.01e-05	1.00e+00
 1.96156e+22	7.01e-10	3.15e-05	1.00e+00
 1.97187e+22	7.45e-10	3.27e-05	1.00e+00
 1.98226e+22	8.07e-10	3.43e-05	1.00e+00
 1.99272e+22	8.57e-10	3.56e-05	1.00e+00
 2.00179e+22	9.09e-10	3.70e-05	1.00e+00
 2.01210e+22	9.83e-10	3.88e-05	1.00e+00
 2.02230e+22	1.04e-09	4.02e-05	1.00e+00
 2.03236e+22	1.11e-09	4.21e-05	1.00e+00
 2.04272e+22	1.18e-09	4.37e-05	1.00e+00
 2.05347e+22	1.27e-09	4.58e-05	1.00e+00
 2.06441e+22	1.34e-09	4.76e-05	1.00e+00
 2.07561e+22	1.45e-09	5.00e-05	1.00e+00
 2.08704e+22	1.53e-09	5.19e-05	1.00e+00
 2.09878e+22	1.64e-09	5.45e-05	1.00e+00
 2.11070e+22	1.73e-09	5.66e-05	1.00e+00
 2.12289e+22	1.86e-09	5.94e-05	1.00e+00
 2.13514e+22	1.96e-09	6.16e-05	1.00e+00
 2.14750e+22	2.09e-09	6.47e-05	1.00e+00
 2.16012e+22	2.20e-09	6.71e-05	1.00e+00
 2.17114e+22	2.31e-09	6.94e-05	1.00e+00
 2.18353e+22	2.46e-09	7.27e-05	1.00e+00
 2.19589e+22	2.57e-09	7.51e-05	1.00e+00
 2.20822e+22	2.72e-09	7.84e-05	1.00e+00
 2.22083e+22	2.85e-09	8.10e-05	1.00e+00
 2.23199e+22	2.98e-09	8.38e-05	1.00e+00
 2.24468e+22	3.15e-09	8.75e-05	1.00e+00
 2.25730e+22	3.28e-09	9.01e-05	1.00e+00
 2.26983e+22	3.45e-09	9.39e-05	1.00e+00
 2.28261e+22	3.60e-09	9.68e-05	1.00e+00
 2.29570e+22	3.79e-09	1.01e-04	1.00e+00
 2.30904e+22	3.88e-09	1.04e-04	1.00e+00
 2.32271e+22	4.09e-09	1.09e-04	1.00e+00
 2.33663e+22	4.26e-09	1.12e-04	1.00e+00
 2.35087e+22	4.49e-09	1.17e-04	1.00e+00
 2.36480e+22	4.66e-09	1.20e-04	1.00e+00
 2.37830e+22	4.89e-09	1.25e-04	1.00e+00
 2.39201e+22	5.07e-09	1.29e-04	1.00e+00
 2.40600e+22	5.32e-09	1.34e-04	1.00e+00
 2.42042e+22	5.53e-09	1.38e-04	1.00e+00
 2.43541e+22	5.81e-09	1.43e-04	1.00e+00
 2.45088e+22	6.05e-09	1.48e-04	1.00e+00
 2.46698e+22	6.37e-09	1.54e-04	1.00e+00
 2.48353e+22	6.64e-09	1.60e-04	1.00e+00
 2.50063e+22	7.00e-09	1.66e-04	1.00e+00
 2.51830e+22	7.32e-09	1.72e-04	1.00e+00
 2.53670e+22	7.74e-09	1.80e-04	1.00e+00
 2.55562e+22	8.11e-09	1.87e-04	1.00e+00
 2.57265e+22	8.49e-09	1.93e-04	1.00e+00
 2.59222e+22	8.99e-09	2.03e-04	1.00e+00
 2.61190e+22	9.41e-09	2.10e-04	1.00e+00
 2.63173e+22	9.96e-09	2.20e-04	1.00e+00
 2.65199e+22	1.04e-08	2.28e-04	1.00e+00
 2.67280e+22	1.11e-08	2.39e-04	1.00e+00
 2.69403e+22	1.16e-08	2.49e-04	1.00e+00
 2.71294e+22	1.21e-08	2.59e-04	1.00e+00
 2.73465e+22	1.29e-08	2.74e-04	1.00e+00
 2.75506e+22	1.34e-08	2.83e-04	1.00e+00
 2.77378e+22	1.40e-08	2.97e-04	1.00e+00
 2.79274e+22	1.46e-08	3.07e-04	1.00e+00
 2.81203e+22	1.53e-08	3.22e-04	1.00e+00
 2.83170e+22	1.58e-08	3.35e-04	1.00e+00
 2.85188e+22	1.65e-08	3.54e-04	1.00e+00
 2.87219e+22	1.71e-08	3.68e-04	1.00e+00
 2.89267e+22	1.79e-08	3.88e-04	1.00e+00
 2.91355e+22	1.84e-08	4.05e-04	1.00e+00
 2.93495e+22	1.91e-08	4.29e-04	1.00e+00
 2.95677e+22	1.97e-08	4.50e-04	1.00e+00
 2.97913e+22	2.03e-08	4.78e-04	1.00e+00
 3.00170e+22	2.08e-08	5.02e-04	9.99e-01
 3.02080e+22	2.12e-08	5.25e-04	9.99e-01
 3.04154e+22	2.16e-08	5.56e-04	9.99e-01
 3.06233e+22	2.19e-08	5.82e-04	9.99e-01
 3.08269e+22	2.22e-08	6.16e-04	9.99e-01
 3.10345e+22	2.24e-08	6.46e-04	9.99e-01
 3.12379e+22	2.26e-08	6.82e-04	9.99e-01
 3.14457e+22	2.27e-08	7.18e-04	9.99e-01
 3.16505e+22	2.27e-08	7.57e-04	9.99e-01
 3.18569e+22	2.28e-08	7.97e-04	9.99e-01
 3.20607e+22	2.28e-08	8.39e-04	9.99e-01
 3.22642e+22	2.28e-08	8.83e-04	9.99e-01
 3.24678e+22	2.28e-08	9.30e-04	9.99e-01
 3.26722e+22	2.29e-08	9.79e-04	9.99e-01
 3.28776e+22	2.31e-08	1.03e-03	9.99e-01
 3.30847e+22	2.33e-08	1.08e-03	9.99e-01
 3.32941e+22	2.36e-08	1.14e-03	9.99e-01
 3.35046e+22	2.40e-08	1.20e-03	9.99e-01
 3.37184e+22	2.46e-08	1.27e-03	9.99e-01
 3.39344e+22	2.54e-08	1.33e-03	9.99e-01
 3.41547e+22	2.63e-08	1.41e-03	9.99e-01
 3.43789e+22	2.75e-08	1.48e-03	9.99e-01
 3.45843e+22	2.87e-08	1.55e-03	9.98e-01
 3.47989e+22	3.04e-08	1.64e-03	9.98e-01
 3.50169e+22	3.20e-08	1.71e-03	9.98e-01
 3.52412e+22	3.45e-08	1.81e-03	9.98e-01
 3.54659e+22	3.67e-08	1.89e-03	9.98e-01
 3.56910e+22	3.98e-08	2.00e-03	9.98e-01
 3.59169e+22	4.26e-08	2.09e-03	9.98e-01
 3.61441e+22	4.67e-08	2.21e-03	9.98e-01
 3.63736e+22	5.03e-08	2.31e-03	9.98e-01
 3.66063e+22	5.55e-08	2.45e-03	9.98e-01
 3.68422e+22	6.00e-08	2.56e-03	9.97e-01
 3.70821e+22	6.67e-08	2.71e-03	9.97e-01
 3.73264e+22	7.25e-08	2.83e-03	9.97e-01
 3.75765e+22	8.11e-08	3.00e-03	9.97e-01
 3.78324e+22	8.86e-08	3.14e-03	9.97e-01
 3.80958e+22	9.98e-08	3.34e-03	9.97e-01
 3.83639e+22	1.09e-07	3.50e-03	9.96e-01
 3.85898e+22	1.19e-07	3.66e-03	9.96e-01
 3.88352e+22	1.33e-07	3.86e-03	9.96e-01
 3.90733e+22	1.43e-07	4.02e-03	9.96e-01
 3.93019e+22	1.59e-07	4.23e-03	9.96e-01
 3.95329e+22	1.72e-07	4.40e-03	9.96e-01
 3.97670e+22	1.90e-07	4.63e-03	9.95e-01
 4.00046e+22	2.06e-07	4.82e-03	9.95e-01
 4.02467e+22	2.29e-07	5.08e-03	9.95e-01
 4.04923e+22	2.49e-07	5.29e-03	9.95e-01
 4.07425e+22	2.77e-07	5.58e-03	9.94e-01
 4.09969e+22	3.01e-07	5.82e-03	9.94e-01
 4.12570e+22	3.37e-07	6.15e-03	9.94e-01
 4.15228e+22	3.68e-07	6.43e-03	9.94e-01
 4.17962e+22	4.13e-07	6.81e-03	9.93e-01
 4.20770e+22	4.53e-07	7.12e-03	9.93e-01
 4.23676e+22	5.11e-07	7.57e-03	9.92e-01
 4.26607e+22	5.60e-07	7.92e-03	9.92e-01
 4.29571e+22	6.34e-07	8.42e-03	9.92e-01
 4.32563e+22	6.95e-07	8.81e-03	9.91e-01
 4.35592e+22	7.88e-07	9.38e-03	9.91e-01
 4.38671e+22	8.66e-07	9.83e-03	9.90e-01
 4.41814e+22	9.85e-07	1.05e-02	9.90e-01
 4.44923e+22	1.08e-06	1.10e-02	9.89e-01
 4.47448e+22	1.18e-06	1.14e-02	9.89e-01
 4.50192e+22	1.31e-06	1.21e-02	9.88e-01
 4.52973e+22	1.43e-06	1.26e-02	9.87e-01
 4.55425e+22	1.55e-06	1.31e-02	9.87e-01
 4.58237e+22	1.73e-06	1.38e-02	9.86e-01
 4.61154e+22	1.90e-06	1.45e-02	9.85e-01
 4.63759e+22	2.07e-06	1.52e-02	9.85e-01
 4.66694e+22	2.31e-06	1.60e-02	9.84e-01
 4.69762e+22	2.56e-06	1.68e-02	9.83e-01
 4.72532e+22	2.81e-06	1.76e-02	9.82e-01
 4.75661e+22	3.15e-06	1.86e-02	9.81e-01
 4.78888e+22	3.50e-06	1.96e-02	9.80e-01
 4.81761e+22	3.85e-06	2.06e-02	9.79e-01
 4.85013e+22	4.33e-06	2.18e-02	9.78e-01
 4.88387e+22	4.83e-06	2.30e-02	9.77e-01
 4.91417e+22	5.33e-06	2.42e-02	9.76e-01
 4.94855e+22	6.06e-06	2.57e-02	9.74e-01
 4.98404e+22	6.76e-06	2.72e-02	9.73e-01
 5.01611e+22	7.52e-06	2.86e-02	9.71e-01
 5.05292e+22	8.63e-06	3.06e-02	9.69e-01
 5.08997e+22	9.64e-06	3.24e-02	9.68e-01
 5.12735e+22	1.10e-05	3.46e-02	9.65e-01
 5.16557e+22	1.24e-05	3.66e-02	9.63e-01
 5.19921e+22	1.38e-05	3.86e-02	9.61e-01
 5.23728e+22	1.59e-05	4.14e-02	9.59e-01
 5.27623e+22	1.79e-05	4.39e-02	9.56e-01
 5.31633e+22	2.07e-05	4.71e-02	9.53e-01
 5.35707e+22	2.34e-05	5.00e-02	9.50e-01
 5.39319e+22	2.63e-05	5.29e-02	9.47e-01
 5.43470e+22	3.06e-05	5.69e-02	9.43e-01
 5.47679e+22	3.46e-05	6.04e-02	9.40e-01
 5.51339e+22	3.89e-05	6.39e-02	9.36e-01
 5.54830e+22	4.33e-05	6.73e-02	9.33e-01
 5.58150e+22	4.81e-05	7.08e-02	9.29e-01
 5.61890e+22	5.49e-05	7.55e-02	9.24e-01
 5.65627e+22	6.12e-05	7.95e-02	9.20e-01
 5.69360e+22	6.95e-05	8.45e-02	9.15e-01
 5.73176e+22	7.78e-05	8.92e-02	9.11e-01
 5.76554e+22	8.64e-05	9.38e-02	9.06e-01
 5.80397e+22	9.87e-05	9.99e-02	9.00e-01
 5.84309e+22	1.10e-04	1.05e-01	8.95e-01
 5.87789e+22	1.23e-04	1.11e-01	8.89e-01
 5.91158e+22	1.36e-04	1.16e-01	8.84e-01
 5.94264e+22	1.49e-04	1.21e-01	8.79e-01
 5.97659e+22	1.67e-04	1.28e-01	8.72e-01
 6.01073e+22	1.83e-04	1.33e-01	8.66e-01
 6.04514e+22	2.05e-04	1.41e-01	8.59e-01
 6.07989e+22	2.25e-04	1.47e-01	8.53e-01
 6.11010e+22	2.46e-04	1.53e-01	8.47e-01
 6.14440e+22	2.75e-04	1.61e-01	8.39e-01
 6.17937e+22	3.02e-04	1.68e-01	8.32e-01
 6.21040e+22	3.31e-04	1.75e-01	8.25e-01
 6.24592e+22	3.70e-04	1.84e-01	8.16e-01
 6.28192e+22	4.07e-04	1.92e-01	8.08e-01
 6.31372e+22	4.45e-04	2.00e-01	8.00e-01
 6.35023e+22	4.99e-04	2.10e-01	7.89e-01
 6.38733e+22	5.48e-04	2.19e-01	7.80e-01
 6.42520e+22	6.13e-04	2.30e-01	7.69e-01
 6.46388e+22	6.78e-04	2.41e-01	7.59e-01
 6.49775e+22	7.42e-04	2.50e-01	7.49e-01
 6.53590e+22	8.32e-04	2.62e-01	7.37e-01
 6.57541e+22	9.17e-04	2.74e-01	7.26e-01
 6.61668e+22	1.03e-03	2.88e-01	7.11e-01
 6.65855e+22	1.14e-03	3.00e-01	6.99e-01
 6.69557e+22	1.26e-03	3.12e-01	6.87e-01
 6.72745e+22	1.34e-03	3.21e-01	6.78e-01
 6.75829e+22	1.47e-03	3.32e-01	6.66e-01
 6.78946e+22	1.58e-03	3.42e-01	6.57e-01
 6.82105e+22	1.72e-03	3.54e-01	6.44e-01
 6.85296e+22	1.85e-03	3.64e-01	6.34e-01
 6.88528e+22	2.02e-03	3.76e-01	6.22e-01
 6.91809e+22	2.17e-03	3.87e-01	6.11e-01
 6.95155e+22	2.37e-03	4.00e-01	5.98e-01
 6.98538e+22	2.56e-03	4.11e-01	5.86e-01
 7.01969e+22	2.80e-03	4.25e-01	5.72e-01
 7.05451e+22	3.01e-03	4.37e-01	5.60e-01
 7.09000e+22	3.30e-03	4.51e-01	5.46e-01
 7.12610e+22	3.56e-03	4.63e-01	5.33e-01
 7.16299e+22	3.91e-03	4.78e-01	5.18e-01
 7.20064e+22	4.22e-03	4.91e-01	5.05e-01
 7.23927e+22	4.65e-03	5.07e-01	4.88e-01
 7.27867e+22	5.02e-03	5.20e-01	4.75e-01
 7.31906e+22	5.54e-03	5.37e-01	4.58e-01
 7.35998e+22	6.00e-03	5.50e-01	4.44e-01
 7.40156e+22	6.62e-03	5.67e-01	4.26e-01
 7.44379e+22	7.17e-03	5.81e-01	4.12e-01
 7.48686e+22	7.90e-03	5.98e-01	3.94e-01
 7.53110e+22	8.59e-03	6.12e-01	3.79e-01
 7.57689e+22	9.55e-03	6.31e-01	3.60e-01
 7.62271e+22	1.03e-02	6.44e-01	3.45e-01
 7.66856e+22	1.15e-02	6.62e-01	3.27e-01
 7.71586e+22	1.25e-02	6.76e-01	3.11e-01
 7.76506e+22	1.39e-02	6.94e-01	2.92e-01
 7.81536e+22	1.52e-02	7.08e-01	2.77e-01
 7.86711e+22	1.70e-02	7.26e-01	2.57e-01
 7.92047e+22	1.86e-02	7.40e-01	2.41e-01
 7.97595e+22	2.10e-02	7.58e-01	2.21e-01
 8.03360e+22	2.33e-02	7.73e-01	2.04e-01
 8.09408e+22	2.65e-02	7.89e-01	1.84e-01
 8.15670e+22	2.96e-02	8.03e-01	1.67e-01
 8.20555e+22	3.20e-02	8.12e-01	1.56e-01
 8.25250e+22	3.54e-02	8.22e-01	1.42e-01
 8.30089e+22	3.87e-02	8.31e-01	1.30e-01
 8.35118e+22	4.34e-02	8.40e-01	1.17e-01
 8.40247e+22	4.77e-02	8.46e-01	1.06e-01
 8.45508e+22	5.39e-02	8.53e-01	9.33e-02
 8.50976e+22	6.01e-02	8.57e-01	8.30e-02
 8.55331e+22	6.56e-02	8.59e-01	7.55e-02
 8.59012e+22	7.13e-02	8.60e-01	6.91e-02
 8.63199e+22	7.95e-02	8.59e-01	6.17e-02
 8.67625e+22	8.82e-02	8.56e-01	5.54e-02
 8.71507e+22	9.72e-02	8.52e-01	5.03e-02
 8.75030e+22	1.07e-01	8.47e-01	4.61e-02
 8.78328e+22	1.17e-01	8.40e-01	4.25e-02
 8.81391e+22	1.28e-01	8.32e-01	3.95e-02
 8.84179e+22	1.40e-01	8.23e-01	3.71e-02
 8.86701e+22	1.52e-01	8.13e-01	3.51e-02
 8.88992e+22	1.64e-01	8.02e-01	3.36e-02
 8.91079e+22	1.77e-01	7.90e-01	3.24e-02
 8.92398e+22	1.84e-01	7.84e-01	3.21e-02
 8.92898e+22	1.88e-01	7.80e-01	3.19e-02
 8.93302e+22	1.91e-01	7.78e-01	3.17e-02
 8.93825e+22	1.95e-01	7.74e-01	3.15e-02
 8.94452e+22	2.00e-01	7.69e-01	3.12e-02
 8.95086e+22	2.05e-01	7.64e-01	3.09e-02
 8.95671e+22	2.09e-01	7.60e-01	3.07e-02
 8.96268e+22	2.15e-01	7.55e-01	3.05e-02
 8.96885e+22	2.20e-01	7.50e-01	3.04e-02
 8.97522e+22	2.26e-01	7.44e-01	3.02e-02
 8.98190e+22	2.32e-01	7.38e-01	3.00e-02
 8.98843e+22	2.38e-01	7.32e-01	2.99e-02
 8.99492e+22	2.45e-01	7.25e-01	2.98e-02
 9.00159e+22	2.52e-01	7.19e-01	2.97e-02
 9.00879e+22	2.59e-01	7.11e-01	2.96e-02
 9.01647e+22	2.68e-01	7.02e-01	2.95e-02
 9.02406e+22	2.77e-01	6.94e-01	2.95e-02
 9.02994e+22	2.82e-01	6.88e-01	2.96e-02
 9.03383e+22	2.87e-01	6.84e-01	2.96e-02
 9.03759e+22	2.92e-01	6.79e-01	2.96e-02
 9.04198e+22	2.97e-01	6.73e-01	2.95e-02
 9.04676e+22	3.03e-01	6.67e-01	2.94e-02
 9.05148e+22	3.09e-01	6.61e-01	2.94e-02
 9.05610e+22	3.16e-01	6.55e-01	2.94e-02
 9.06077e+22	3.22e-01	6.49e-01	2.93e-02
 9.06560e+22	3.28e-01	6.42e-01	2.92e-02
 9.07053e+22	3.36e-01	6.35e-01	2.91e-02
 9.07543e+22	3.43e-01	6.28e-01	2.90e-02
 9.08040e+22	3.50e-01	6.21e-01	2.89e-02
 9.08555e+22	3.57e-01	6.14e-01	2.88e-02
 9.09087e+22	3.66e-01	6.06e-01	2.86e-02
 9.09621e+22	3.74e-01	5.98e-01	2.84e-02
 9.10169e+22	3.83e-01	5.89e-01	2.82e-02
 9.10738e+22	3.92e-01	5.80e-01	2.79e-02
 9.11311e+22	4.01e-01	5.71e-01	2.76e-02
 9.11886e+22	4.11e-01	5.62e-01	2.73e-02
 9.12481e+22	4.21e-01	5.52e-01	2.70e-02
 9.13107e+22	4.32e-01	5.42e-01	2.66e-02
 9.13750e+22	4.43e-01	5.31e-01	2.62e-02
 9.14396e+22	4.54e-01	5.20e-01	2.58e-02
 9.15059e+22	4.66e-01	5.09e-01	2.53e-02
 9.15752e+22	4.78e-01	4.97e-01	2.47e-02
 9.16460e+22	4.91e-01	4.85e-01	2.42e-02
 9.17180e+22	5.04e-01	4.73e-01	2.36e-02
 9.17927e+22	5.17e-01	4.60e-01	2.29e-02
 9.18697e+22	5.30e-01	4.47e-01	2.23e-02
 9.19477e+22	5.44e-01	4.35e-01	2.16e-02
 9.20269e+22	5.57e-01	4.22e-01	2.10e-02
 9.21079e+22	5.71e-01	4.08e-01	2.02e-02
 9.21911e+22	5.86e-01	3.95e-01	1.95e-02
 9.22761e+22	5.99e-01	3.82e-01	1.87e-02
 9.23598e+22	6.13e-01	3.69e-01	1.80e-02
 9.24431e+22	6.26e-01	3.57e-01	1.73e-02
 9.25279e+22	6.39e-01	3.45e-01	1.66e-02
