#depth	Fe	Fe+	Fe+2	Fe+3	Fe+4	Fe+5	Fe+6	Fe+7	Fe+8	Fe+9	Fe+10	Fe+11	Fe+12	Fe+13	Fe+14	Fe+15	Fe+16	Fe+17	Fe+18	Fe+19	Fe+20	Fe+21	Fe+22	Fe+23	Fe+24	Fe+25	Fe+26
 4.62852e+21	0.00e+00	0.00e+00	0.00e+00	0.00e+00	0.00e+00	1.35e-23	8.26e-21	1.29e-18	1.21e-16	3.66e-15	1.01e-13	2.17e-12	5.24e-11	1.00e-09	2.13e-08	5.48e-07	1.02e-04	1.66e-03	1.37e-02	5.37e-02	1.25e-01	1.64e-01	1.64e-01	1.57e-01	2.55e-01	6.06e-02	5.18e-03
 1.05270e+22	0.00e+00	0.00e+00	0.00e+00	3.97e-27	1.18e-23	1.12e-20	4.61e-18	4.91e-16	3.22e-14	7.48e-13	1.31e-11	1.78e-10	2.72e-09	3.28e-08	4.37e-07	7.14e-06	9.68e-04	1.10e-02	6.13e-02	1.57e-01	2.38e-01	2.02e-01	1.32e-01	8.31e-02	9.80e-02	1.51e-02	8.44e-04
 1.24319e+22	0.00e+00	0.00e+00	1.17e-29	1.86e-25	4.62e-22	3.61e-19	1.20e-16	1.03e-14	5.33e-13	9.78e-12	1.34e-10	1.44e-09	1.72e-08	1.62e-07	1.69e-06	2.17e-05	2.51e-03	2.37e-02	1.08e-01	2.22e-01	2.67e-01	1.80e-01	9.43e-02	4.78e-02	4.82e-02	5.93e-03	2.64e-04
 1.33844e+22	0.00e+00	0.00e+00	9.25e-29	1.33e-24	2.97e-21	2.09e-18	6.21e-16	4.74e-14	2.18e-12	3.53e-11	4.28e-10	4.04e-09	4.25e-08	3.53e-07	3.23e-06	3.66e-05	3.89e-03	3.35e-02	1.38e-01	2.52e-01	2.68e-01	1.61e-01	7.50e-02	3.40e-02	3.17e-02	3.47e-03	1.38e-04
 1.37812e+22	0.00e+00	1.71e-33	1.59e-28	2.21e-24	4.82e-21	3.31e-18	9.52e-16	7.06e-14	3.15e-12	4.93e-11	5.77e-10	5.28e-09	5.36e-08	4.30e-07	3.81e-06	4.18e-05	4.34e-03	3.65e-02	1.46e-01	2.59e-01	2.67e-01	1.55e-01	7.02e-02	3.10e-02	2.83e-02	3.00e-03	1.15e-04
 1.39638e+22	0.00e+00	3.38e-33	3.02e-28	4.08e-24	8.60e-21	5.71e-18	1.59e-15	1.14e-13	4.87e-12	7.34e-11	8.26e-10	7.25e-09	7.08e-08	5.46e-07	4.65e-06	4.89e-05	4.94e-03	4.03e-02	1.56e-01	2.66e-01	2.64e-01	1.48e-01	6.47e-02	2.76e-02	2.46e-02	2.51e-03	9.31e-05
 1.41657e+22	0.00e+00	0.00e+00	5.75e-28	7.50e-24	1.53e-20	9.82e-18	2.64e-15	1.82e-13	7.51e-12	1.09e-10	1.18e-09	9.94e-09	9.31e-08	6.90e-07	5.64e-06	5.70e-05	5.60e-03	4.43e-02	1.66e-01	2.74e-01	2.61e-01	1.41e-01	5.95e-02	2.45e-02	2.13e-02	2.10e-03	7.50e-05
 1.43616e+22	0.00e+00	1.29e-32	1.07e-27	1.35e-23	2.67e-20	1.66e-17	4.31e-15	2.87e-13	1.14e-11	1.59e-10	1.66e-09	1.35e-08	1.21e-07	8.64e-07	6.78e-06	6.61e-05	6.31e-03	4.86e-02	1.76e-01	2.80e-01	2.58e-01	1.34e-01	5.46e-02	2.17e-02	1.85e-02	1.76e-03	6.06e-05
 1.45512e+22	0.00e+00	2.47e-32	1.98e-27	2.42e-23	4.62e-20	2.79e-17	6.98e-15	4.50e-13	1.72e-11	2.32e-10	2.32e-09	1.81e-08	1.57e-07	1.08e-06	8.12e-06	7.61e-05	7.09e-03	5.29e-02	1.86e-01	2.86e-01	2.53e-01	1.28e-01	5.01e-02	1.93e-02	1.60e-02	1.47e-03	4.89e-05
 1.47299e+22	0.00e+00	4.41e-32	3.43e-27	4.07e-23	7.56e-20	4.43e-17	1.08e-14	6.73e-13	2.49e-11	3.24e-10	3.14e-09	2.37e-08	1.98e-07	1.31e-06	9.55e-06	8.65e-05	7.85e-03	5.72e-02	1.96e-01	2.90e-01	2.49e-01	1.21e-01	4.62e-02	1.73e-02	1.41e-02	1.25e-03	4.03e-05
 1.49284e+22	0.00e+00	9.65e-32	7.18e-27	8.18e-23	1.46e-19	8.25e-17	1.92e-14	1.15e-12	4.08e-11	5.07e-10	4.68e-09	3.37e-08	2.69e-07	1.70e-06	1.18e-05	1.02e-04	8.97e-03	6.31e-02	2.08e-01	2.95e-01	2.42e-01	1.13e-01	4.14e-02	1.48e-02	1.18e-02	1.00e-03	3.09e-05
 1.51270e+22	0.00e+00	1.79e-31	1.29e-26	1.42e-22	2.46e-19	1.35e-16	3.04e-14	1.76e-12	6.03e-11	7.22e-10	6.42e-09	4.46e-08	3.43e-07	2.09e-06	1.40e-05	1.16e-04	9.95e-03	6.80e-02	2.18e-01	2.99e-01	2.37e-01	1.07e-01	3.78e-02	1.31e-02	1.02e-02	8.38e-04	2.50e-05
 1.52868e+22	0.00e+00	3.02e-31	2.11e-26	2.26e-22	3.82e-19	2.04e-16	4.48e-14	2.52e-12	8.36e-11	9.71e-10	8.38e-09	5.64e-08	4.21e-07	2.48e-06	1.61e-05	1.30e-04	1.08e-02	7.24e-02	2.26e-01	3.01e-01	2.31e-01	1.02e-01	3.49e-02	1.18e-02	9.02e-03	7.20e-04	2.09e-05
 1.54556e+22	0.00e+00	5.83e-31	3.92e-26	4.08e-22	6.64e-19	3.43e-16	7.28e-14	3.96e-12	1.26e-10	1.41e-09	1.17e-08	7.59e-08	5.43e-07	3.08e-06	1.91e-05	1.48e-04	1.21e-02	7.82e-02	2.36e-01	3.04e-01	2.25e-01	9.49e-02	3.15e-02	1.03e-02	7.71e-03	5.93e-04	1.66e-05
 1.56161e+22	0.00e+00	9.45e-31	6.18e-26	6.26e-22	9.96e-19	5.03e-16	1.04e-13	5.50e-12	1.71e-10	1.86e-09	1.50e-08	9.41e-08	6.54e-07	3.60e-06	2.17e-05	1.64e-04	1.30e-02	8.26e-02	2.44e-01	3.05e-01	2.19e-01	9.03e-02	2.92e-02	9.33e-03	6.86e-03	5.13e-04	1.40e-05
 1.57444e+22	0.00e+00	1.50e-30	9.54e-26	9.43e-22	1.46e-18	7.22e-16	1.46e-13	7.53e-12	2.28e-10	2.41e-09	1.89e-08	1.15e-07	7.81e-07	4.17e-06	2.45e-05	1.79e-04	1.40e-02	8.69e-02	2.51e-01	3.06e-01	2.14e-01	8.59e-02	2.71e-02	8.47e-03	6.13e-03	4.47e-04	1.19e-05
 1.58666e+22	0.00e+00	2.32e-30	1.44e-25	1.40e-21	2.12e-18	1.02e-15	2.02e-13	1.02e-11	2.99e-10	3.08e-09	2.36e-08	1.40e-07	9.24e-07	4.81e-06	2.74e-05	1.96e-04	1.50e-02	9.12e-02	2.57e-01	3.06e-01	2.09e-01	8.18e-02	2.53e-02	7.70e-03	5.49e-03	3.91e-04	1.01e-05
 1.59836e+22	0.00e+00	3.40e-30	2.07e-25	1.96e-21	2.92e-18	1.38e-15	2.67e-13	1.32e-11	3.80e-10	3.82e-09	2.86e-08	1.66e-07	1.07e-06	5.44e-06	3.03e-05	2.11e-04	1.59e-02	9.50e-02	2.63e-01	3.07e-01	2.04e-01	7.84e-02	2.37e-02	7.09e-03	4.99e-03	3.48e-04	8.82e-06
 1.61169e+22	0.00e+00	5.75e-30	3.39e-25	3.13e-21	4.53e-18	2.09e-15	3.92e-13	1.88e-11	5.26e-10	5.14e-09	3.72e-08	2.10e-07	1.31e-06	6.43e-06	3.47e-05	2.34e-04	1.72e-02	1.00e-01	2.71e-01	3.06e-01	1.98e-01	7.38e-02	2.17e-02	6.32e-03	4.37e-03	2.96e-04	7.28e-06
 1.62540e+22	0.00e+00	9.23e-30	5.30e-25	4.76e-21	6.72e-18	3.03e-15	5.55e-13	2.59e-11	7.05e-10	6.69e-09	4.71e-08	2.58e-07	1.56e-06	7.47e-06	3.91e-05	2.57e-04	1.84e-02	1.05e-01	2.78e-01	3.06e-01	1.92e-01	6.97e-02	2.00e-02	5.69e-03	3.88e-03	2.55e-04	6.12e-06
 1.63677e+22	0.00e+00	1.39e-29	7.81e-25	6.86e-21	9.48e-18	4.18e-15	7.49e-13	3.43e-11	9.09e-10	8.42e-09	5.78e-08	3.09e-07	1.82e-06	8.50e-06	4.34e-05	2.78e-04	1.95e-02	1.10e-01	2.84e-01	3.05e-01	1.87e-01	6.64e-02	1.86e-02	5.19e-03	3.49e-03	2.24e-04	5.25e-06
 1.64715e+22	0.00e+00	2.04e-29	1.12e-24	9.63e-21	1.30e-17	5.64e-15	9.90e-13	4.44e-11	1.15e-09	1.04e-08	6.99e-08	3.66e-07	2.11e-06	9.59e-06	4.78e-05	2.99e-04	2.06e-02	1.14e-01	2.89e-01	3.04e-01	1.83e-01	6.33e-02	1.74e-02	4.76e-03	3.16e-03	1.99e-04	4.55e-06
 1.65903e+22	0.00e+00	3.29e-29	1.76e-24	1.47e-20	1.94e-17	8.20e-15	1.40e-12	6.13e-11	1.54e-09	1.36e-08	8.87e-08	4.51e-07	2.52e-06	1.11e-05	5.39e-05	3.27e-04	2.21e-02	1.19e-01	2.96e-01	3.03e-01	1.77e-01	5.96e-02	1.60e-02	4.26e-03	2.79e-03	1.71e-04	3.81e-06
 1.67145e+22	0.00e+00	5.01e-29	2.60e-24	2.13e-20	2.75e-17	1.14e-14	1.91e-12	8.14e-11	2.00e-09	1.72e-08	1.09e-07	5.41e-07	2.95e-06	1.27e-05	5.98e-05	3.54e-04	2.34e-02	1.24e-01	3.02e-01	3.01e-01	1.71e-01	5.65e-02	1.48e-02	3.87e-03	2.49e-03	1.49e-04	3.25e-06
 1.68277e+22	0.00e+00	7.62e-29	3.87e-24	3.10e-20	3.90e-17	1.58e-14	2.59e-12	1.08e-10	2.59e-09	2.17e-08	1.35e-07	6.50e-07	3.45e-06	1.45e-05	6.64e-05	3.83e-04	2.48e-02	1.29e-01	3.07e-01	3.00e-01	1.66e-01	5.35e-02	1.37e-02	3.51e-03	2.23e-03	1.30e-04	2.77e-06
 1.69396e+22	0.00e+00	1.15e-28	5.67e-24	4.44e-20	5.47e-17	2.17e-14	3.48e-12	1.42e-10	3.32e-09	2.72e-08	1.65e-07	7.76e-07	4.02e-06	1.64e-05	7.35e-05	4.14e-04	2.63e-02	1.34e-01	3.12e-01	2.98e-01	1.61e-01	5.07e-02	1.27e-02	3.18e-03	2.00e-03	1.14e-04	2.37e-06
 1.70457e+22	0.00e+00	1.68e-28	8.13e-24	6.23e-20	7.52e-17	2.93e-14	4.60e-12	1.84e-10	4.20e-09	3.37e-08	1.99e-07	9.16e-07	4.64e-06	1.85e-05	8.07e-05	4.44e-04	2.77e-02	1.38e-01	3.17e-01	2.96e-01	1.56e-01	4.81e-02	1.18e-02	2.91e-03	1.80e-03	1.00e-04	2.04e-06
 1.71457e+22	0.00e+00	2.46e-28	1.16e-23	8.72e-20	1.03e-16	3.93e-14	6.05e-12	2.37e-10	5.30e-09	4.15e-08	2.40e-07	1.08e-06	5.34e-06	2.08e-05	8.86e-05	4.76e-04	2.91e-02	1.43e-01	3.22e-01	2.93e-01	1.51e-01	4.57e-02	1.10e-02	2.65e-03	1.62e-03	8.85e-05	1.76e-06
 1.72597e+22	0.00e+00	4.09e-28	1.87e-23	1.37e-19	1.57e-16	5.83e-14	8.74e-12	3.33e-10	7.22e-09	5.49e-08	3.08e-07	1.34e-06	6.44e-06	2.43e-05	1.00e-04	5.21e-04	3.11e-02	1.49e-01	3.27e-01	2.90e-01	1.45e-01	4.26e-02	1.00e-02	2.34e-03	1.41e-03	7.47e-05	1.44e-06
 1.73714e+22	0.00e+00	5.89e-28	2.64e-23	1.89e-19	2.12e-16	7.74e-14	1.14e-11	4.26e-10	9.03e-09	6.72e-08	3.69e-07	1.57e-06	7.37e-06	2.72e-05	1.10e-04	5.57e-04	3.26e-02	1.54e-01	3.32e-01	2.87e-01	1.41e-01	4.04e-02	9.32e-03	2.14e-03	1.28e-03	6.61e-05	1.25e-06
 1.74804e+22	0.00e+00	9.66e-28	4.20e-23	2.91e-19	3.19e-16	1.13e-13	1.62e-11	5.91e-10	1.22e-08	8.82e-08	4.69e-07	1.95e-06	8.83e-06	3.16e-05	1.23e-04	6.08e-04	3.47e-02	1.60e-01	3.37e-01	2.84e-01	1.35e-01	3.76e-02	8.46e-03	1.90e-03	1.11e-03	5.59e-05	1.03e-06
 1.75898e+22	0.00e+00	1.40e-27	5.93e-23	4.03e-19	4.31e-16	1.51e-13	2.12e-11	7.56e-10	1.52e-08	1.08e-07	5.62e-07	2.28e-06	1.01e-05	3.54e-05	1.35e-04	6.50e-04	3.63e-02	1.65e-01	3.41e-01	2.81e-01	1.30e-01	3.57e-02	7.86e-03	1.73e-03	1.00e-03	4.93e-05	8.88e-07
 1.76997e+22	0.00e+00	2.34e-27	9.61e-23	6.33e-19	6.58e-16	2.24e-13	3.06e-11	1.07e-09	2.08e-08	1.43e-07	7.23e-07	2.84e-06	1.22e-05	4.14e-05	1.52e-04	7.11e-04	3.87e-02	1.71e-01	3.46e-01	2.77e-01	1.24e-01	3.30e-02	7.09e-03	1.52e-03	8.66e-04	4.14e-05	7.22e-07
 1.78092e+22	0.00e+00	3.41e-27	1.37e-22	8.84e-19	8.98e-16	3.00e-13	4.02e-11	1.37e-09	2.62e-08	1.76e-07	8.70e-07	3.34e-06	1.40e-05	4.64e-05	1.67e-04	7.60e-04	4.05e-02	1.76e-01	3.49e-01	2.73e-01	1.20e-01	3.12e-02	6.56e-03	1.38e-03	7.76e-04	3.63e-05	6.20e-07
 1.79179e+22	0.00e+00	5.73e-27	2.22e-22	1.39e-18	1.37e-15	4.46e-13	5.82e-11	1.93e-09	3.58e-08	2.34e-07	1.12e-06	4.17e-06	1.69e-05	5.42e-05	1.88e-04	8.31e-04	4.31e-02	1.83e-01	3.54e-01	2.68e-01	1.14e-01	2.88e-02	5.90e-03	1.21e-03	6.69e-04	3.03e-05	5.02e-07
 1.80271e+22	0.00e+00	8.40e-27	3.19e-22	1.95e-18	1.88e-15	5.98e-13	7.66e-11	2.49e-09	4.51e-08	2.88e-07	1.35e-06	4.91e-06	1.95e-05	6.09e-05	2.06e-04	8.89e-04	4.51e-02	1.88e-01	3.57e-01	2.65e-01	1.10e-01	2.71e-02	5.45e-03	1.09e-03	5.98e-04	2.65e-05	4.29e-07
 1.81226e+22	0.00e+00	1.25e-26	4.63e-22	2.76e-18	2.60e-15	8.11e-13	1.02e-10	3.24e-09	5.74e-08	3.59e-07	1.64e-06	5.83e-06	2.25e-05	6.86e-05	2.27e-04	9.52e-04	4.73e-02	1.94e-01	3.60e-01	2.61e-01	1.05e-01	2.55e-02	5.01e-03	9.84e-04	5.31e-04	2.30e-05	3.63e-07
 1.82169e+22	0.00e+00	1.85e-26	6.66e-22	3.88e-18	3.57e-15	1.09e-12	1.34e-10	4.20e-09	7.26e-08	4.44e-07	1.98e-06	6.88e-06	2.60e-05	7.72e-05	2.48e-04	1.02e-03	4.95e-02	1.99e-01	3.63e-01	2.57e-01	1.01e-01	2.39e-02	4.61e-03	8.87e-04	4.73e-04	2.00e-05	3.09e-07
 1.83241e+22	0.00e+00	3.08e-26	1.07e-21	6.05e-18	5.39e-15	1.61e-12	1.93e-10	5.88e-09	9.87e-08	5.87e-07	2.54e-06	8.55e-06	3.12e-05	9.00e-05	2.80e-04	1.11e-03	5.25e-02	2.06e-01	3.66e-01	2.51e-01	9.56e-02	2.20e-02	4.13e-03	7.74e-04	4.06e-04	1.66e-05	2.49e-07
 1.84316e+22	0.00e+00	4.61e-26	1.56e-21	8.60e-18	7.47e-15	2.18e-12	2.57e-10	7.68e-09	1.26e-07	7.31e-07	3.09e-06	1.02e-05	3.62e-05	1.02e-04	3.08e-04	1.19e-03	5.49e-02	2.11e-01	3.69e-01	2.47e-01	9.15e-02	2.06e-02	3.78e-03	6.94e-04	3.59e-04	1.43e-05	2.10e-07
 1.85226e+22	0.00e+00	6.70e-26	2.22e-21	1.19e-17	1.01e-14	2.90e-12	3.35e-10	9.84e-09	1.58e-07	8.98e-07	3.71e-06	1.19e-05	4.15e-05	1.14e-04	3.36e-04	1.27e-03	5.73e-02	2.16e-01	3.71e-01	2.42e-01	8.77e-02	1.93e-02	3.48e-03	6.26e-04	3.20e-04	1.25e-05	1.79e-07
 1.86240e+22	0.00e+00	1.12e-25	3.57e-21	1.86e-17	1.53e-14	4.26e-12	4.82e-10	1.38e-08	2.15e-07	1.19e-06	4.77e-06	1.49e-05	5.00e-05	1.33e-04	3.78e-04	1.38e-03	6.05e-02	2.23e-01	3.73e-01	2.37e-01	8.27e-02	1.77e-02	3.10e-03	5.43e-04	2.73e-04	1.03e-05	1.43e-07
 1.87235e+22	0.00e+00	1.59e-25	4.95e-21	2.52e-17	2.03e-14	5.56e-12	6.17e-10	1.74e-08	2.65e-07	1.44e-06	5.66e-06	1.73e-05	5.69e-05	1.47e-04	4.11e-04	1.47e-03	6.29e-02	2.28e-01	3.75e-01	2.32e-01	7.93e-02	1.66e-02	2.86e-03	4.93e-04	2.45e-04	9.04e-06	0.00e+00
 1.88206e+22	0.00e+00	2.61e-25	7.85e-21	3.86e-17	3.01e-14	8.06e-12	8.75e-10	2.41e-08	3.58e-07	1.89e-06	7.22e-06	2.14e-05	6.82e-05	1.71e-04	4.61e-04	1.60e-03	6.64e-02	2.35e-01	3.77e-01	2.26e-01	7.47e-02	1.52e-02	2.55e-03	4.28e-04	2.09e-04	7.49e-06	0.00e+00
 1.89183e+22	0.00e+00	3.74e-25	1.10e-20	5.27e-17	4.02e-14	1.06e-11	1.13e-09	3.06e-08	4.44e-07	2.30e-06	8.62e-06	2.50e-05	7.78e-05	1.91e-04	5.02e-04	1.70e-03	6.90e-02	2.40e-01	3.78e-01	2.22e-01	7.15e-02	1.42e-02	2.35e-03	3.86e-04	1.87e-04	6.52e-06	0.00e+00
 1.90167e+22	0.00e+00	6.18e-25	1.75e-20	8.13e-17	6.00e-14	1.54e-11	1.61e-09	4.27e-08	6.03e-07	3.04e-06	1.10e-05	3.11e-05	9.37e-05	2.22e-04	5.65e-04	1.85e-03	7.28e-02	2.47e-01	3.80e-01	2.16e-01	6.70e-02	1.30e-02	2.08e-03	3.33e-04	1.58e-04	5.35e-06	0.00e+00
 1.91158e+22	0.00e+00	8.90e-25	2.45e-20	1.11e-16	8.02e-14	2.02e-11	2.08e-09	5.43e-08	7.52e-07	3.72e-06	1.32e-05	3.64e-05	1.07e-04	2.48e-04	6.16e-04	1.97e-03	7.56e-02	2.52e-01	3.80e-01	2.11e-01	6.39e-02	1.21e-02	1.90e-03	2.99e-04	1.40e-04	4.63e-06	0.00e+00
 1.92158e+22	0.00e+00	1.46e-24	3.87e-20	1.70e-16	1.18e-13	2.91e-11	2.94e-09	7.52e-08	1.01e-06	4.89e-06	1.69e-05	4.51e-05	1.29e-04	2.88e-04	6.92e-04	2.14e-03	7.96e-02	2.59e-01	3.81e-01	2.05e-01	5.98e-02	1.10e-02	1.69e-03	2.58e-04	1.19e-04	3.80e-06	0.00e+00
 1.93150e+22	0.00e+00	2.10e-24	5.44e-20	2.33e-16	1.58e-13	3.83e-11	3.81e-09	9.60e-08	1.27e-06	6.01e-06	2.03e-05	5.30e-05	1.48e-04	3.23e-04	7.55e-04	2.28e-03	8.27e-02	2.64e-01	3.81e-01	2.00e-01	5.69e-02	1.02e-02	1.54e-03	2.31e-04	1.05e-04	3.27e-06	0.00e+00
 1.94132e+22	0.00e+00	3.39e-24	8.47e-20	3.50e-16	2.31e-13	5.46e-11	5.33e-09	1.32e-07	1.70e-06	7.85e-06	2.58e-05	6.54e-05	1.77e-04	3.74e-04	8.46e-04	2.47e-03	8.69e-02	2.70e-01	3.81e-01	1.93e-01	5.32e-02	9.30e-03	1.36e-03	1.99e-04	8.89e-05	2.68e-06	0.00e+00
 1.95133e+22	0.00e+00	4.96e-24	1.20e-19	4.84e-16	3.11e-13	7.22e-11	6.96e-09	1.70e-07	2.14e-06	9.72e-06	3.12e-05	7.74e-05	2.04e-04	4.21e-04	9.26e-04	2.64e-03	9.04e-02	2.75e-01	3.81e-01	1.88e-01	5.03e-02	8.60e-03	1.23e-03	1.76e-04	7.78e-05	2.28e-06	0.00e+00
 1.96156e+22	0.00e+00	8.09e-24	1.89e-19	7.34e-16	4.56e-13	1.04e-10	9.82e-09	2.36e-07	2.90e-06	1.28e-05	4.01e-05	9.64e-05	2.45e-04	4.91e-04	1.04e-03	2.88e-03	9.51e-02	2.82e-01	3.81e-01	1.82e-01	4.67e-02	7.75e-03	1.08e-03	1.50e-04	6.52e-05	1.85e-06	0.00e+00
 1.97187e+22	0.00e+00	1.18e-23	2.67e-19	1.01e-15	6.12e-13	1.37e-10	1.28e-08	3.04e-07	3.66e-06	1.59e-05	4.86e-05	1.14e-04	2.83e-04	5.52e-04	1.14e-03	3.07e-03	9.88e-02	2.87e-01	3.80e-01	1.76e-01	4.41e-02	7.14e-03	9.77e-04	1.33e-04	5.68e-05	1.56e-06	0.00e+00
 1.98226e+22	0.00e+00	1.91e-23	4.17e-19	1.52e-15	8.93e-13	1.95e-10	1.80e-08	4.22e-07	4.96e-06	2.10e-05	6.24e-05	1.42e-04	3.42e-04	6.44e-04	1.29e-03	3.35e-03	1.04e-01	2.94e-01	3.79e-01	1.70e-01	4.08e-02	6.41e-03	8.53e-04	1.13e-04	4.73e-05	1.26e-06	0.00e+00
 1.99272e+22	0.00e+00	2.76e-23	5.83e-19	2.07e-15	1.19e-12	2.56e-10	2.33e-08	5.42e-07	6.24e-06	2.60e-05	7.55e-05	1.68e-04	3.94e-04	7.25e-04	1.41e-03	3.58e-03	1.08e-01	2.99e-01	3.77e-01	1.64e-01	3.84e-02	5.89e-03	7.68e-04	9.96e-05	4.11e-05	1.06e-06	0.00e+00
 2.00179e+22	0.00e+00	3.94e-23	8.09e-19	2.80e-15	1.56e-12	3.32e-10	3.00e-08	6.91e-07	7.82e-06	3.20e-05	9.10e-05	1.98e-04	4.53e-04	8.13e-04	1.54e-03	3.82e-03	1.12e-01	3.03e-01	3.76e-01	1.59e-01	3.61e-02	5.42e-03	6.92e-04	8.79e-05	3.58e-05	8.99e-07	0.00e+00
 2.01210e+22	0.00e+00	6.23e-23	1.23e-18	4.11e-15	2.23e-12	4.64e-10	4.16e-08	9.47e-07	1.05e-05	4.19e-05	1.16e-04	2.46e-04	5.44e-04	9.45e-04	1.73e-03	4.15e-03	1.17e-01	3.10e-01	3.74e-01	1.53e-01	3.33e-02	4.85e-03	6.03e-04	7.45e-05	2.98e-05	7.20e-07	0.00e+00
 2.02230e+22	0.00e+00	8.60e-23	1.65e-18	5.40e-15	2.86e-12	5.88e-10	5.23e-08	1.18e-06	1.29e-05	5.08e-05	1.38e-04	2.86e-04	6.19e-04	1.05e-03	1.88e-03	4.41e-03	1.21e-01	3.14e-01	3.72e-01	1.48e-01	3.14e-02	4.47e-03	5.46e-04	6.62e-05	2.61e-05	6.16e-07	0.00e+00
 2.03236e+22	0.00e+00	1.30e-22	2.42e-18	7.65e-15	3.94e-12	7.97e-10	7.05e-08	1.58e-06	1.69e-05	6.51e-05	1.73e-04	3.48e-04	7.32e-04	1.21e-03	2.09e-03	4.77e-03	1.27e-01	3.19e-01	3.69e-01	1.42e-01	2.90e-02	4.02e-03	4.79e-04	5.66e-05	2.19e-05	4.99e-07	0.00e+00
 2.04272e+22	0.00e+00	1.82e-22	3.29e-18	1.01e-14	5.10e-12	1.02e-09	8.97e-08	2.00e-06	2.10e-05	7.98e-05	2.07e-04	4.09e-04	8.39e-04	1.35e-03	2.28e-03	5.08e-03	1.32e-01	3.24e-01	3.66e-01	1.37e-01	2.72e-02	3.68e-03	4.30e-04	4.98e-05	1.90e-05	4.21e-07	0.00e+00
 2.05347e+22	0.00e+00	2.78e-22	4.82e-18	1.44e-14	7.04e-12	1.39e-09	1.21e-07	2.69e-06	2.77e-05	1.03e-04	2.61e-04	5.02e-04	9.97e-04	1.56e-03	2.55e-03	5.51e-03	1.38e-01	3.29e-01	3.62e-01	1.31e-01	2.50e-02	3.28e-03	3.74e-04	4.22e-05	1.58e-05	3.37e-07	0.00e+00
 2.06441e+22	0.00e+00	3.85e-22	6.50e-18	1.89e-14	9.05e-12	1.76e-09	1.54e-07	3.40e-06	3.44e-05	1.26e-04	3.13e-04	5.89e-04	1.14e-03	1.74e-03	2.78e-03	5.87e-03	1.43e-01	3.33e-01	3.59e-01	1.26e-01	2.34e-02	3.00e-03	3.34e-04	3.70e-05	1.36e-05	2.83e-07	0.00e+00
 2.07561e+22	0.00e+00	5.83e-22	9.47e-18	2.67e-14	1.24e-11	2.39e-09	2.08e-07	4.57e-06	4.54e-05	1.63e-04	3.95e-04	7.22e-04	1.36e-03	2.01e-03	3.11e-03	6.38e-03	1.49e-01	3.38e-01	3.54e-01	1.20e-01	2.14e-02	2.66e-03	2.89e-04	3.12e-05	1.13e-05	2.25e-07	0.00e+00
 2.08704e+22	0.00e+00	8.02e-22	1.27e-17	3.48e-14	1.59e-11	3.02e-09	2.63e-07	5.76e-06	5.63e-05	2.00e-04	4.73e-04	8.47e-04	1.56e-03	2.25e-03	3.38e-03	6.80e-03	1.54e-01	3.42e-01	3.50e-01	1.15e-01	1.99e-02	2.42e-03	2.58e-04	2.73e-05	9.69e-06	1.88e-07	0.00e+00
 2.09878e+22	0.00e+00	1.20e-21	1.83e-17	4.87e-14	2.16e-11	4.07e-09	3.54e-07	7.74e-06	7.41e-05	2.58e-04	5.95e-04	1.04e-03	1.85e-03	2.59e-03	3.78e-03	7.38e-03	1.61e-01	3.47e-01	3.45e-01	1.09e-01	1.81e-02	2.14e-03	2.22e-04	2.29e-05	7.97e-06	1.49e-07	0.00e+00
 2.11070e+22	0.00e+00	1.64e-21	2.43e-17	6.31e-14	2.75e-11	5.12e-09	4.45e-07	9.73e-06	9.18e-05	3.15e-04	7.12e-04	1.21e-03	2.11e-03	2.89e-03	4.12e-03	7.86e-03	1.67e-01	3.50e-01	3.40e-01	1.05e-01	1.69e-02	1.94e-03	1.98e-04	1.99e-05	6.84e-06	1.24e-07	0.00e+00
 2.12289e+22	1.88e-34	2.44e-21	3.48e-17	8.75e-14	3.72e-11	6.86e-09	5.97e-07	1.30e-05	1.21e-04	4.05e-04	8.94e-04	1.48e-03	2.50e-03	3.32e-03	4.59e-03	8.53e-03	1.74e-01	3.54e-01	3.34e-01	9.88e-02	1.53e-02	1.71e-03	1.69e-04	1.67e-05	5.60e-06	0.00e+00	0.00e+00
 2.13514e+22	2.66e-34	3.28e-21	4.56e-17	1.12e-13	4.67e-11	8.55e-09	7.45e-07	1.63e-05	1.48e-04	4.91e-04	1.06e-03	1.72e-03	2.84e-03	3.69e-03	4.98e-03	9.07e-03	1.80e-01	3.57e-01	3.29e-01	9.46e-02	1.42e-02	1.55e-03	1.51e-04	1.46e-05	4.81e-06	0.00e+00	0.00e+00
 2.14750e+22	4.12e-34	4.78e-21	6.41e-17	1.53e-13	6.23e-11	1.13e-08	9.88e-07	2.16e-05	1.93e-04	6.28e-04	1.33e-03	2.09e-03	3.35e-03	4.22e-03	5.53e-03	9.81e-03	1.88e-01	3.60e-01	3.22e-01	8.91e-02	1.29e-02	1.36e-03	1.29e-04	1.22e-05	3.94e-06	0.00e+00	0.00e+00
 2.16012e+22	5.81e-34	6.40e-21	8.37e-17	1.95e-13	7.82e-11	1.41e-08	1.23e-06	2.69e-05	2.37e-04	7.60e-04	1.57e-03	2.43e-03	3.80e-03	4.69e-03	5.99e-03	1.04e-02	1.94e-01	3.62e-01	3.16e-01	8.50e-02	1.19e-02	1.23e-03	1.15e-04	1.06e-05	3.38e-06	0.00e+00	0.00e+00
 2.17114e+22	8.01e-34	8.42e-21	1.07e-16	2.45e-13	9.65e-11	1.73e-08	1.52e-06	3.31e-05	2.88e-04	9.10e-04	1.85e-03	2.80e-03	4.28e-03	5.17e-03	6.47e-03	1.10e-02	2.00e-01	3.64e-01	3.10e-01	8.12e-02	1.10e-02	1.12e-03	1.02e-04	9.27e-06	2.91e-06	0.00e+00	0.00e+00
 2.18353e+22	1.21e-33	1.19e-20	1.47e-16	3.27e-13	1.26e-10	2.24e-08	1.98e-06	4.32e-05	3.69e-04	1.15e-03	2.27e-03	3.36e-03	4.98e-03	5.86e-03	7.13e-03	1.19e-02	2.07e-01	3.66e-01	3.02e-01	7.64e-02	1.00e-02	9.82e-04	8.77e-05	7.77e-06	2.39e-06	0.00e+00	0.00e+00
 2.19589e+22	1.63e-33	1.55e-20	1.86e-16	4.06e-13	1.54e-10	2.72e-08	2.41e-06	5.26e-05	4.43e-04	1.36e-03	2.64e-03	3.83e-03	5.57e-03	6.41e-03	7.65e-03	1.25e-02	2.13e-01	3.67e-01	2.97e-01	7.29e-02	9.30e-03	8.94e-04	7.84e-05	6.84e-06	2.07e-06	0.00e+00	0.00e+00
 2.20822e+22	2.40e-33	2.15e-20	2.51e-16	5.33e-13	1.99e-10	3.49e-08	3.11e-06	6.79e-05	5.62e-04	1.69e-03	3.22e-03	4.55e-03	6.43e-03	7.22e-03	8.38e-03	1.34e-02	2.21e-01	3.68e-01	2.88e-01	6.85e-02	8.42e-03	7.88e-04	6.75e-05	5.76e-06	1.71e-06	0.00e+00	0.00e+00
 2.22083e+22	3.26e-33	2.79e-20	3.19e-16	6.63e-13	2.44e-10	4.25e-08	3.80e-06	8.30e-05	6.77e-04	2.01e-03	3.76e-03	5.20e-03	7.19e-03	7.91e-03	8.99e-03	1.41e-02	2.26e-01	3.68e-01	2.82e-01	6.51e-02	7.78e-03	7.13e-04	6.00e-05	5.03e-06	1.47e-06	0.00e+00	0.00e+00
 2.23199e+22	4.37e-33	3.59e-20	4.00e-16	8.17e-13	2.96e-10	5.13e-08	4.61e-06	1.01e-04	8.10e-04	2.38e-03	4.36e-03	5.91e-03	8.01e-03	8.64e-03	9.63e-03	1.49e-02	2.32e-01	3.68e-01	2.75e-01	6.19e-02	7.20e-03	6.45e-04	5.34e-05	4.40e-06	1.27e-06	0.00e+00	0.00e+00
 2.24468e+22	6.36e-33	4.94e-20	5.34e-16	1.06e-12	3.79e-10	6.54e-08	5.91e-06	1.30e-04	1.02e-03	2.95e-03	5.29e-03	6.99e-03	9.21e-03	9.68e-03	1.05e-02	1.59e-02	2.40e-01	3.67e-01	2.66e-01	5.79e-02	6.48e-03	5.65e-04	4.57e-05	3.68e-06	1.04e-06	0.00e+00	0.00e+00
 2.25730e+22	8.38e-33	6.26e-20	6.63e-16	1.30e-12	4.56e-10	7.83e-08	7.10e-06	1.55e-04	1.21e-03	3.45e-03	6.06e-03	7.86e-03	1.02e-02	1.05e-02	1.12e-02	1.67e-02	2.45e-01	3.67e-01	2.60e-01	5.51e-02	6.02e-03	5.14e-04	4.09e-05	3.24e-06	9.07e-07	0.00e+00	0.00e+00
 2.26983e+22	1.20e-32	8.47e-20	8.72e-16	1.67e-12	5.76e-10	9.86e-08	9.01e-06	1.98e-04	1.51e-03	4.23e-03	7.27e-03	9.20e-03	1.16e-02	1.16e-02	1.21e-02	1.77e-02	2.51e-01	3.65e-01	2.51e-01	5.14e-02	5.42e-03	4.51e-04	3.51e-05	2.73e-06	7.48e-07	0.00e+00	0.00e+00
 2.28261e+22	1.58e-32	1.08e-19	1.08e-15	2.04e-12	6.95e-10	1.18e-07	1.08e-05	2.37e-04	1.79e-03	4.94e-03	8.34e-03	1.04e-02	1.28e-02	1.26e-02	1.29e-02	1.85e-02	2.56e-01	3.63e-01	2.44e-01	4.87e-02	5.00e-03	4.08e-04	3.12e-05	2.39e-06	6.46e-07	0.00e+00	0.00e+00
 2.29570e+22	2.26e-32	1.46e-19	1.43e-15	2.62e-12	8.81e-10	1.49e-07	1.38e-05	3.02e-04	2.24e-03	6.07e-03	1.00e-02	1.21e-02	1.45e-02	1.40e-02	1.39e-02	1.96e-02	2.63e-01	3.60e-01	2.34e-01	4.52e-02	4.48e-03	3.56e-04	2.67e-05	1.99e-06	5.29e-07	0.00e+00	0.00e+00
 2.30904e+22	1.46e-32	1.86e-19	1.78e-15	3.21e-12	1.06e-09	1.79e-07	1.66e-05	3.64e-04	2.65e-03	7.09e-03	1.15e-02	1.36e-02	1.60e-02	1.51e-02	1.47e-02	2.05e-02	2.67e-01	3.57e-01	2.27e-01	4.26e-02	4.12e-03	3.21e-04	2.36e-05	1.74e-06	4.54e-07	0.00e+00	0.00e+00
 2.32271e+22	2.09e-32	2.52e-19	2.35e-15	4.14e-12	1.35e-09	2.27e-07	2.12e-05	4.64e-04	3.31e-03	8.70e-03	1.37e-02	1.59e-02	1.81e-02	1.67e-02	1.59e-02	2.17e-02	2.73e-01	3.52e-01	2.17e-01	3.93e-02	3.66e-03	2.78e-04	2.00e-05	1.44e-06	3.69e-07	0.00e+00	0.00e+00
 2.33663e+22	2.77e-32	3.22e-19	2.93e-15	5.08e-12	1.64e-09	2.73e-07	2.56e-05	5.59e-04	3.93e-03	1.02e-02	1.57e-02	1.78e-02	1.99e-02	1.80e-02	1.68e-02	2.26e-02	2.77e-01	3.48e-01	2.09e-01	3.69e-02	3.35e-03	2.48e-04	1.76e-05	1.24e-06	3.15e-07	0.00e+00	0.00e+00
 2.35087e+22	3.97e-32	4.37e-19	3.87e-15	6.56e-12	2.08e-09	3.46e-07	3.26e-05	7.13e-04	4.90e-03	1.24e-02	1.88e-02	2.07e-02	2.25e-02	1.98e-02	1.80e-02	2.38e-02	2.82e-01	3.42e-01	1.98e-01	3.37e-02	2.96e-03	2.14e-04	1.48e-05	1.02e-06	2.54e-07	0.00e+00	0.00e+00
 2.36480e+22	5.16e-32	5.48e-19	4.76e-15	7.93e-12	2.48e-09	4.10e-07	3.87e-05	8.42e-04	5.71e-03	1.43e-02	2.12e-02	2.29e-02	2.44e-02	2.11e-02	1.89e-02	2.45e-02	2.84e-01	3.37e-01	1.91e-01	3.17e-02	2.72e-03	1.93e-04	1.31e-05	8.96e-07	2.19e-07	0.00e+00	0.00e+00
 2.37830e+22	7.17e-32	7.24e-19	6.13e-15	1.00e-11	3.09e-09	5.09e-07	4.84e-05	1.05e-03	7.00e-03	1.72e-02	2.49e-02	2.62e-02	2.72e-02	2.30e-02	2.01e-02	2.56e-02	2.87e-01	3.29e-01	1.81e-01	2.90e-02	2.40e-03	1.66e-04	1.10e-05	7.39e-07	1.78e-07	0.00e+00	0.00e+00
 2.39201e+22	9.31e-32	9.08e-19	7.53e-15	1.21e-11	3.70e-09	6.04e-07	5.75e-05	1.24e-03	8.13e-03	1.97e-02	2.79e-02	2.89e-02	2.94e-02	2.44e-02	2.09e-02	2.63e-02	2.88e-01	3.22e-01	1.73e-01	2.71e-02	2.19e-03	1.49e-04	9.75e-06	6.43e-07	1.52e-07	0.00e+00	0.00e+00
 2.40600e+22	1.29e-31	1.20e-18	9.72e-15	1.53e-11	4.60e-09	7.49e-07	7.16e-05	1.55e-03	9.89e-03	2.35e-02	3.26e-02	3.28e-02	3.26e-02	2.63e-02	2.21e-02	2.73e-02	2.89e-01	3.13e-01	1.63e-01	2.47e-02	1.93e-03	1.28e-04	8.19e-06	5.30e-07	1.23e-07	0.00e+00	0.00e+00
 2.42042e+22	1.69e-31	1.52e-18	1.20e-14	1.86e-11	5.53e-09	8.94e-07	8.57e-05	1.84e-03	1.16e-02	2.70e-02	3.68e-02	3.62e-02	3.52e-02	2.79e-02	2.30e-02	2.80e-02	2.89e-01	3.04e-01	1.54e-01	2.28e-02	1.73e-03	1.12e-04	7.09e-06	4.51e-07	0.00e+00	0.00e+00	0.00e+00
 2.43541e+22	2.37e-31	2.03e-18	1.56e-14	2.37e-11	6.94e-09	1.11e-06	1.07e-04	2.29e-03	1.41e-02	3.22e-02	4.26e-02	4.09e-02	3.87e-02	2.99e-02	2.41e-02	2.88e-02	2.88e-01	2.93e-01	1.44e-01	2.05e-02	1.51e-03	9.56e-05	5.90e-06	3.68e-07	0.00e+00	0.00e+00	0.00e+00
 2.45088e+22	3.15e-31	2.58e-18	1.95e-14	2.90e-11	8.39e-09	1.34e-06	1.29e-04	2.74e-03	1.65e-02	3.71e-02	4.81e-02	4.51e-02	4.18e-02	3.16e-02	2.49e-02	2.94e-02	2.85e-01	2.82e-01	1.35e-01	1.87e-02	1.34e-03	8.30e-05	5.03e-06	3.08e-07	0.00e+00	0.00e+00	0.00e+00
 2.46698e+22	4.47e-31	3.49e-18	2.56e-14	3.73e-11	1.06e-08	1.68e-06	1.62e-04	3.41e-03	2.01e-02	4.41e-02	5.56e-02	5.07e-02	4.56e-02	3.36e-02	2.59e-02	3.00e-02	2.81e-01	2.68e-01	1.24e-01	1.66e-02	1.15e-03	6.93e-05	4.11e-06	2.46e-07	0.00e+00	0.00e+00	0.00e+00
 2.48353e+22	5.96e-31	4.47e-18	3.21e-14	4.58e-11	1.29e-08	2.02e-06	1.95e-04	4.08e-03	2.35e-02	5.07e-02	6.25e-02	5.56e-02	4.89e-02	3.53e-02	2.66e-02	3.03e-02	2.76e-01	2.56e-01	1.15e-01	1.49e-02	1.00e-03	5.93e-05	3.45e-06	2.03e-07	0.00e+00	0.00e+00	0.00e+00
 2.50063e+22	8.52e-31	6.07e-18	4.24e-14	5.91e-11	1.63e-08	2.54e-06	2.44e-04	5.07e-03	2.84e-02	5.98e-02	7.17e-02	6.19e-02	5.29e-02	3.71e-02	2.73e-02	3.05e-02	2.68e-01	2.39e-01	1.03e-01	1.30e-02	8.44e-04	4.85e-05	2.76e-06	1.59e-07	0.00e+00	0.00e+00	0.00e+00
 2.51830e+22	1.15e-30	7.82e-18	5.33e-14	7.29e-11	1.99e-08	3.06e-06	2.95e-04	6.05e-03	3.32e-02	6.84e-02	8.00e-02	6.74e-02	5.62e-02	3.85e-02	2.77e-02	3.05e-02	2.60e-01	2.25e-01	9.43e-02	1.15e-02	7.25e-04	4.07e-05	2.27e-06	1.28e-07	0.00e+00	0.00e+00	0.00e+00
 2.53670e+22	1.66e-30	1.07e-17	7.07e-14	9.45e-11	2.53e-08	3.85e-06	3.69e-04	7.50e-03	3.99e-02	8.02e-02	9.10e-02	7.43e-02	6.00e-02	4.00e-02	2.80e-02	3.02e-02	2.48e-01	2.06e-01	8.33e-02	9.74e-03	5.95e-04	3.25e-05	1.77e-06	0.00e+00	0.00e+00	0.00e+00	0.00e+00
 2.55562e+22	2.24e-30	1.38e-17	8.91e-14	1.17e-10	3.07e-08	4.64e-06	4.44e-04	8.92e-03	4.63e-02	9.10e-02	1.01e-01	7.99e-02	6.29e-02	4.10e-02	2.81e-02	2.97e-02	2.37e-01	1.91e-01	7.45e-02	8.43e-03	4.99e-04	2.67e-05	1.42e-06	0.00e+00	0.00e+00	0.00e+00	0.00e+00
 2.57265e+22	2.99e-30	1.77e-17	1.12e-13	1.43e-10	3.71e-08	5.54e-06	5.28e-04	1.05e-02	5.31e-02	1.02e-01	1.10e-01	8.52e-02	6.54e-02	4.16e-02	2.79e-02	2.91e-02	2.25e-01	1.75e-01	6.65e-02	7.30e-03	4.21e-04	2.20e-05	1.15e-06	0.00e+00	0.00e+00	0.00e+00	0.00e+00
 2.59222e+22	4.28e-30	2.39e-17	1.46e-13	1.83e-10	4.65e-08	6.88e-06	6.54e-04	1.28e-02	6.30e-02	1.18e-01	1.23e-01	9.18e-02	6.82e-02	4.21e-02	2.74e-02	2.80e-02	2.08e-01	1.55e-01	5.65e-02	5.94e-03	3.29e-04	1.67e-05	8.48e-07	0.00e+00	0.00e+00	0.00e+00	0.00e+00
 2.61190e+22	5.67e-30	3.02e-17	1.81e-13	2.22e-10	5.56e-08	8.12e-06	7.67e-04	1.48e-02	7.10e-02	1.30e-01	1.32e-01	9.62e-02	6.98e-02	4.21e-02	2.68e-02	2.69e-02	1.94e-01	1.41e-01	4.96e-02	5.06e-03	2.73e-04	1.35e-05	6.75e-07	0.00e+00	0.00e+00	0.00e+00	0.00e+00
 2.63173e+22	7.97e-30	4.02e-17	2.33e-13	2.79e-10	6.86e-08	9.90e-06	9.33e-04	1.78e-02	8.24e-02	1.46e-01	1.44e-01	1.01e-01	7.11e-02	4.16e-02	2.58e-02	2.54e-02	1.76e-01	1.22e-01	4.13e-02	4.05e-03	2.10e-04	1.01e-05	4.92e-07	0.00e+00	0.00e+00	0.00e+00	0.00e+00
 2.65199e+22	1.04e-29	5.03e-17	2.85e-13	3.34e-10	8.10e-08	1.16e-05	1.09e-03	2.04e-02	9.22e-02	1.60e-01	1.53e-01	1.05e-01	7.16e-02	4.09e-02	2.48e-02	2.40e-02	1.61e-01	1.08e-01	3.53e-02	3.35e-03	1.69e-04	7.94e-06	3.78e-07	0.00e+00	0.00e+00	0.00e+00	0.00e+00
 2.67280e+22	1.46e-29	6.62e-17	3.63e-13	4.15e-10	9.89e-08	1.39e-05	1.30e-03	2.41e-02	1.05e-01	1.77e-01	1.63e-01	1.08e-01	7.14e-02	3.96e-02	2.33e-02	2.21e-02	1.42e-01	9.13e-02	2.87e-02	2.60e-03	1.26e-04	5.77e-06	2.67e-07	0.00e+00	0.00e+00	0.00e+00	0.00e+00
 2.69403e+22	1.89e-29	8.22e-17	4.40e-13	4.93e-10	1.16e-07	1.61e-05	1.50e-03	2.74e-02	1.16e-01	1.90e-01	1.71e-01	1.10e-01	7.07e-02	3.81e-02	2.19e-02	2.04e-02	1.27e-01	7.87e-02	2.39e-02	2.09e-03	9.82e-05	4.37e-06	1.98e-07	0.00e+00	0.00e+00	0.00e+00	0.00e+00
 2.71294e+22	2.42e-29	1.01e-16	5.26e-13	5.78e-10	1.34e-07	1.85e-05	1.72e-03	3.09e-02	1.27e-01	2.04e-01	1.78e-01	1.11e-01	6.94e-02	3.65e-02	2.05e-02	1.88e-02	1.13e-01	6.75e-02	1.98e-02	1.67e-03	7.62e-05	3.31e-06	1.47e-07	0.00e+00	0.00e+00	0.00e+00	0.00e+00
 2.73465e+22	3.29e-29	1.29e-16	6.52e-13	6.99e-10	1.59e-07	2.18e-05	2.02e-03	3.57e-02	1.42e-01	2.20e-01	1.85e-01	1.11e-01	6.70e-02	3.41e-02	1.86e-02	1.67e-02	9.64e-02	5.47e-02	1.53e-02	1.24e-03	5.41e-05	2.28e-06	0.00e+00	0.00e+00	0.00e+00	0.00e+00	0.00e+00
 2.75506e+22	4.03e-29	1.53e-16	7.57e-13	7.97e-10	1.80e-07	2.43e-05	2.24e-03	3.91e-02	1.52e-01	2.30e-01	1.89e-01	1.11e-01	6.51e-02	3.24e-02	1.74e-02	1.54e-02	8.63e-02	4.75e-02	1.29e-02	1.01e-03	4.32e-05	1.78e-06	0.00e+00	0.00e+00	0.00e+00	0.00e+00	0.00e+00
 2.77378e+22	5.10e-29	1.85e-16	8.88e-13	9.19e-10	2.05e-07	2.76e-05	2.55e-03	4.38e-02	1.65e-01	2.42e-01	1.92e-01	1.09e-01	6.22e-02	3.01e-02	1.57e-02	1.37e-02	7.38e-02	3.89e-02	1.01e-02	7.62e-04	3.14e-05	1.26e-06	0.00e+00	0.00e+00	0.00e+00	0.00e+00	0.00e+00
 2.79274e+22	6.19e-29	2.17e-16	1.02e-12	1.04e-09	2.29e-07	3.05e-05	2.81e-03	4.77e-02	1.74e-01	2.51e-01	1.94e-01	1.07e-01	5.98e-02	2.83e-02	1.45e-02	1.25e-02	6.51e-02	3.33e-02	8.41e-03	6.13e-04	2.46e-05	9.64e-07	0.00e+00	0.00e+00	0.00e+00	0.00e+00	0.00e+00
 2.81203e+22	7.78e-29	2.60e-16	1.19e-12	1.19e-09	2.60e-07	3.44e-05	3.17e-03	5.29e-02	1.87e-01	2.62e-01	1.96e-01	1.04e-01	5.63e-02	2.59e-02	1.29e-02	1.10e-02	5.49e-02	2.68e-02	6.51e-03	4.55e-04	1.76e-05	6.70e-07	0.00e+00	0.00e+00	0.00e+00	0.00e+00	0.00e+00
 2.83170e+22	9.31e-29	3.01e-16	1.35e-12	1.33e-09	2.88e-07	3.79e-05	3.48e-03	5.74e-02	1.97e-01	2.70e-01	1.96e-01	1.02e-01	5.34e-02	2.40e-02	1.17e-02	9.84e-03	4.75e-02	2.24e-02	5.26e-03	3.55e-04	1.33e-05	4.96e-07	0.00e+00	0.00e+00	0.00e+00	0.00e+00	0.00e+00
 2.85188e+22	1.16e-28	3.58e-16	1.56e-12	1.51e-09	3.25e-07	4.26e-05	3.92e-03	6.35e-02	2.10e-01	2.79e-01	1.95e-01	9.75e-02	4.94e-02	2.15e-02	1.02e-02	8.49e-03	3.92e-02	1.76e-02	3.95e-03	2.55e-04	9.21e-06	3.32e-07	0.00e+00	0.00e+00	0.00e+00	0.00e+00	0.00e+00
 2.87219e+22	1.37e-28	4.13e-16	1.76e-12	1.68e-09	3.59e-07	4.67e-05	4.29e-03	6.85e-02	2.20e-01	2.85e-01	1.94e-01	9.41e-02	4.64e-02	1.97e-02	9.18e-03	7.54e-03	3.36e-02	1.46e-02	3.17e-03	1.97e-04	6.93e-06	2.44e-07	0.00e+00	0.00e+00	0.00e+00	0.00e+00	0.00e+00
 2.89267e+22	1.68e-28	4.87e-16	2.03e-12	1.90e-09	4.04e-07	5.23e-05	4.80e-03	7.52e-02	2.32e-01	2.91e-01	1.91e-01	8.92e-02	4.25e-02	1.75e-02	7.93e-03	6.43e-03	2.74e-02	1.13e-02	2.34e-03	1.40e-04	4.71e-06	1.61e-07	0.00e+00	0.00e+00	0.00e+00	0.00e+00	0.00e+00
 2.91355e+22	1.97e-28	5.56e-16	2.26e-12	2.10e-09	4.45e-07	5.72e-05	5.24e-03	8.09e-02	2.42e-01	2.96e-01	1.88e-01	8.52e-02	3.94e-02	1.58e-02	7.01e-03	5.64e-03	2.31e-02	9.19e-03	1.84e-03	1.05e-04	3.44e-06	0.00e+00	0.00e+00	0.00e+00	0.00e+00	0.00e+00	0.00e+00
 2.93495e+22	2.38e-28	6.53e-16	2.59e-12	2.37e-09	5.01e-07	6.41e-05	5.86e-03	8.87e-02	2.54e-01	3.01e-01	1.84e-01	7.97e-02	3.55e-02	1.38e-02	5.95e-03	4.73e-03	1.84e-02	6.96e-03	1.32e-03	7.22e-05	2.27e-06	0.00e+00	0.00e+00	0.00e+00	0.00e+00	0.00e+00	0.00e+00
 2.95677e+22	2.77e-28	7.42e-16	2.88e-12	2.61e-09	5.52e-07	7.02e-05	6.41e-03	9.53e-02	2.64e-01	3.03e-01	1.80e-01	7.53e-02	3.26e-02	1.23e-02	5.19e-03	4.09e-03	1.53e-02	5.55e-03	1.02e-03	5.32e-05	1.62e-06	0.00e+00	0.00e+00	0.00e+00	0.00e+00	0.00e+00	0.00e+00
 2.97913e+22	3.31e-28	8.67e-16	3.28e-12	2.95e-09	6.24e-07	7.90e-05	7.18e-03	1.04e-01	2.76e-01	3.06e-01	1.73e-01	6.95e-02	2.89e-02	1.05e-02	4.32e-03	3.37e-03	1.19e-02	4.10e-03	7.13e-04	3.55e-05	1.03e-06	0.00e+00	0.00e+00	0.00e+00	0.00e+00	0.00e+00	0.00e+00
 3.00170e+22	3.81e-28	9.80e-16	3.63e-12	3.25e-09	6.89e-07	8.67e-05	7.84e-03	1.12e-01	2.85e-01	3.07e-01	1.68e-01	6.51e-02	2.62e-02	9.28e-03	3.72e-03	2.89e-03	9.80e-03	3.22e-03	5.38e-04	2.57e-05	7.24e-07	0.00e+00	0.00e+00	0.00e+00	0.00e+00	0.00e+00	0.00e+00
 3.02080e+22	4.29e-28	1.09e-15	3.98e-12	3.55e-09	7.56e-07	9.45e-05	8.50e-03	1.19e-01	2.93e-01	3.07e-01	1.63e-01	6.10e-02	2.38e-02	8.24e-03	3.24e-03	2.50e-03	8.14e-03	2.57e-03	4.14e-04	1.90e-05	5.19e-07	0.00e+00	0.00e+00	0.00e+00	0.00e+00	0.00e+00	0.00e+00
 3.04154e+22	4.95e-28	1.25e-15	4.46e-12	3.97e-09	8.50e-07	1.05e-04	9.41e-03	1.29e-01	3.02e-01	3.06e-01	1.56e-01	5.60e-02	2.11e-02	7.05e-03	2.70e-03	2.07e-03	6.41e-03	1.92e-03	2.95e-04	1.29e-05	3.39e-07	0.00e+00	0.00e+00	0.00e+00	0.00e+00	0.00e+00	0.00e+00
 3.06233e+22	5.54e-28	1.39e-15	4.89e-12	4.34e-09	9.36e-07	1.15e-04	1.02e-02	1.37e-01	3.09e-01	3.05e-01	1.50e-01	5.22e-02	1.91e-02	6.21e-03	2.33e-03	1.78e-03	5.29e-03	1.52e-03	2.25e-04	9.45e-06	2.41e-07	0.00e+00	0.00e+00	0.00e+00	0.00e+00	0.00e+00	0.00e+00
 3.08269e+22	6.27e-28	1.58e-15	5.45e-12	4.85e-09	1.05e-06	1.29e-04	1.12e-02	1.47e-01	3.17e-01	3.02e-01	1.43e-01	4.77e-02	1.68e-02	5.31e-03	1.95e-03	1.48e-03	4.17e-03	1.14e-03	1.61e-04	6.46e-06	1.59e-07	0.00e+00	0.00e+00	0.00e+00	0.00e+00	0.00e+00	0.00e+00
 3.10345e+22	6.98e-28	1.76e-15	5.99e-12	5.35e-09	1.17e-06	1.41e-04	1.22e-02	1.56e-01	3.24e-01	3.00e-01	1.37e-01	4.41e-02	1.50e-02	4.62e-03	1.66e-03	1.26e-03	3.40e-03	8.91e-04	1.21e-04	4.64e-06	0.00e+00	0.00e+00	0.00e+00	0.00e+00	0.00e+00	0.00e+00	0.00e+00
 3.12379e+22	7.74e-28	1.98e-15	6.66e-12	5.97e-09	1.32e-06	1.58e-04	1.34e-02	1.67e-01	3.30e-01	2.96e-01	1.30e-01	4.02e-02	1.32e-02	3.94e-03	1.38e-03	1.05e-03	2.69e-03	6.72e-04	8.71e-05	3.19e-06	0.00e+00	0.00e+00	0.00e+00	0.00e+00	0.00e+00	0.00e+00	0.00e+00
 3.14457e+22	8.54e-28	2.21e-15	7.37e-12	6.65e-09	1.48e-06	1.75e-04	1.46e-02	1.77e-01	3.36e-01	2.92e-01	1.24e-01	3.68e-02	1.17e-02	3.39e-03	1.17e-03	8.79e-04	2.15e-03	5.15e-04	6.40e-05	2.25e-06	0.00e+00	0.00e+00	0.00e+00	0.00e+00	0.00e+00	0.00e+00	0.00e+00
 3.16505e+22	9.41e-28	2.49e-15	8.20e-12	7.46e-09	1.68e-06	1.94e-04	1.59e-02	1.89e-01	3.41e-01	2.87e-01	1.17e-01	3.34e-02	1.03e-02	2.90e-03	9.75e-04	7.32e-04	1.71e-03	3.89e-04	4.64e-05	1.56e-06	0.00e+00	0.00e+00	0.00e+00	0.00e+00	0.00e+00	0.00e+00	0.00e+00
 3.18569e+22	1.04e-27	2.79e-15	9.12e-12	8.36e-09	1.90e-06	2.16e-04	1.73e-02	2.00e-01	3.45e-01	2.81e-01	1.10e-01	3.04e-02	9.05e-03	2.48e-03	8.16e-04	6.10e-04	1.36e-03	2.96e-04	3.38e-05	1.08e-06	0.00e+00	0.00e+00	0.00e+00	0.00e+00	0.00e+00	0.00e+00	0.00e+00
 3.20607e+22	1.14e-27	3.13e-15	1.02e-11	9.42e-09	2.15e-06	2.41e-04	1.88e-02	2.12e-01	3.49e-01	2.75e-01	1.04e-01	2.76e-02	7.94e-03	2.11e-03	6.82e-04	5.08e-04	1.08e-03	2.24e-04	2.46e-05	7.55e-07	0.00e+00	0.00e+00	0.00e+00	0.00e+00	0.00e+00	0.00e+00	0.00e+00
 3.22642e+22	1.25e-27	3.52e-15	1.14e-11	1.06e-08	2.44e-06	2.68e-04	2.05e-02	2.24e-01	3.52e-01	2.69e-01	9.79e-02	2.50e-02	6.96e-03	1.80e-03	5.70e-04	4.23e-04	8.57e-04	1.70e-04	1.79e-05	5.26e-07	0.00e+00	0.00e+00	0.00e+00	0.00e+00	0.00e+00	0.00e+00	0.00e+00
 3.24678e+22	1.37e-27	3.97e-15	1.27e-11	1.21e-08	2.78e-06	2.99e-04	2.22e-02	2.37e-01	3.54e-01	2.62e-01	9.19e-02	2.26e-02	6.08e-03	1.53e-03	4.75e-04	3.51e-04	6.79e-04	1.29e-04	1.30e-05	3.65e-07	0.00e+00	0.00e+00	0.00e+00	0.00e+00	0.00e+00	0.00e+00	0.00e+00
 3.26722e+22	1.52e-27	4.48e-15	1.43e-11	1.37e-08	3.18e-06	3.34e-04	2.41e-02	2.50e-01	3.56e-01	2.55e-01	8.60e-02	2.04e-02	5.31e-03	1.30e-03	3.96e-04	2.91e-04	5.37e-04	9.74e-05	9.41e-06	2.54e-07	0.00e+00	0.00e+00	0.00e+00	0.00e+00	0.00e+00	0.00e+00	0.00e+00
 3.28776e+22	1.68e-27	5.08e-15	1.62e-11	1.57e-08	3.64e-06	3.73e-04	2.62e-02	2.63e-01	3.57e-01	2.48e-01	8.04e-02	1.83e-02	4.62e-03	1.10e-03	3.29e-04	2.40e-04	4.24e-04	7.34e-05	6.81e-06	1.76e-07	0.00e+00	0.00e+00	0.00e+00	0.00e+00	0.00e+00	0.00e+00	0.00e+00
 3.30847e+22	1.88e-27	5.77e-15	1.84e-11	1.80e-08	4.17e-06	4.17e-04	2.83e-02	2.77e-01	3.57e-01	2.40e-01	7.49e-02	1.65e-02	4.02e-03	9.33e-04	2.73e-04	1.98e-04	3.34e-04	5.52e-05	4.91e-06	1.21e-07	0.00e+00	0.00e+00	0.00e+00	0.00e+00	0.00e+00	0.00e+00	0.00e+00
 3.32941e+22	2.11e-27	6.59e-15	2.10e-11	2.08e-08	4.80e-06	4.66e-04	3.07e-02	2.91e-01	3.57e-01	2.32e-01	6.96e-02	1.48e-02	3.48e-03	7.88e-04	2.26e-04	1.63e-04	2.62e-04	4.14e-05	3.53e-06	0.00e+00	0.00e+00	0.00e+00	0.00e+00	0.00e+00	0.00e+00	0.00e+00	0.00e+00
 3.35046e+22	2.39e-27	7.55e-15	2.41e-11	2.41e-08	5.52e-06	5.22e-04	3.32e-02	3.05e-01	3.56e-01	2.23e-01	6.47e-02	1.32e-02	3.02e-03	6.66e-04	1.88e-04	1.34e-04	2.06e-04	3.11e-05	2.54e-06	0.00e+00	0.00e+00	0.00e+00	0.00e+00	0.00e+00	0.00e+00	0.00e+00	0.00e+00
 3.37184e+22	2.73e-27	8.71e-15	2.78e-11	2.81e-08	6.39e-06	5.85e-04	3.59e-02	3.20e-01	3.54e-01	2.15e-01	5.98e-02	1.18e-02	2.60e-03	5.59e-04	1.55e-04	1.09e-04	1.61e-04	2.31e-05	1.81e-06	0.00e+00	0.00e+00	0.00e+00	0.00e+00	0.00e+00	0.00e+00	0.00e+00	0.00e+00
 3.39344e+22	3.33e-27	1.01e-14	3.22e-11	3.27e-08	7.38e-06	6.56e-04	3.88e-02	3.34e-01	3.51e-01	2.06e-01	5.52e-02	1.05e-02	2.25e-03	4.71e-04	1.28e-04	8.96e-05	1.26e-04	1.73e-05	1.30e-06	0.00e+00	0.00e+00	0.00e+00	0.00e+00	0.00e+00	0.00e+00	0.00e+00	0.00e+00
 3.41547e+22	3.91e-27	1.17e-14	3.77e-11	3.86e-08	8.58e-06	7.38e-04	4.20e-02	3.49e-01	3.48e-01	1.97e-01	5.08e-02	9.31e-03	1.93e-03	3.93e-04	1.05e-04	7.26e-05	9.72e-05	1.27e-05	9.17e-07	0.00e+00	0.00e+00	0.00e+00	0.00e+00	0.00e+00	0.00e+00	0.00e+00	0.00e+00
 3.43789e+22	4.63e-27	1.37e-14	4.43e-11	4.55e-08	9.95e-06	8.29e-04	4.54e-02	3.64e-01	3.44e-01	1.89e-01	4.67e-02	8.26e-03	1.66e-03	3.30e-04	8.66e-05	5.90e-05	7.56e-05	9.44e-06	6.53e-07	0.00e+00	0.00e+00	0.00e+00	0.00e+00	0.00e+00	0.00e+00	0.00e+00	0.00e+00
 3.45843e+22	5.41e-27	1.57e-14	5.09e-11	5.23e-08	1.13e-05	9.14e-04	4.83e-02	3.76e-01	3.40e-01	1.81e-01	4.34e-02	7.47e-03	1.46e-03	2.84e-04	7.36e-05	4.96e-05	6.12e-05	7.34e-06	4.90e-07	0.00e+00	0.00e+00	0.00e+00	0.00e+00	0.00e+00	0.00e+00	0.00e+00	0.00e+00
 3.47989e+22	6.61e-27	1.87e-14	6.10e-11	6.27e-08	1.32e-05	1.03e-03	5.23e-02	3.92e-01	3.35e-01	1.72e-01	3.95e-02	6.55e-03	1.23e-03	2.35e-04	5.97e-05	3.96e-05	4.66e-05	5.32e-06	3.40e-07	0.00e+00	0.00e+00	0.00e+00	0.00e+00	0.00e+00	0.00e+00	0.00e+00	0.00e+00
 3.50169e+22	7.89e-27	2.16e-14	7.08e-11	7.26e-08	1.51e-05	1.14e-03	5.57e-02	4.04e-01	3.30e-01	1.65e-01	3.66e-02	5.90e-03	1.08e-03	2.02e-04	5.06e-05	3.31e-05	3.76e-05	4.12e-06	2.54e-07	0.00e+00	0.00e+00	0.00e+00	0.00e+00	0.00e+00	0.00e+00	0.00e+00	0.00e+00
 3.52412e+22	9.99e-27	2.61e-14	8.62e-11	8.80e-08	1.78e-05	1.30e-03	6.04e-02	4.20e-01	3.23e-01	1.56e-01	3.31e-02	5.14e-03	9.10e-04	1.66e-04	4.08e-05	2.63e-05	2.84e-05	2.96e-06	1.74e-07	0.00e+00	0.00e+00	0.00e+00	0.00e+00	0.00e+00	0.00e+00	0.00e+00	0.00e+00
 3.54659e+22	1.21e-26	3.04e-14	1.01e-10	1.02e-07	2.02e-05	1.43e-03	6.41e-02	4.32e-01	3.18e-01	1.49e-01	3.06e-02	4.62e-03	7.97e-04	1.43e-04	3.47e-05	2.20e-05	2.30e-05	2.30e-06	1.30e-07	0.00e+00	0.00e+00	0.00e+00	0.00e+00	0.00e+00	0.00e+00	0.00e+00	0.00e+00
 3.56910e+22	1.56e-26	3.69e-14	1.23e-10	1.24e-07	2.38e-05	1.63e-03	6.93e-02	4.47e-01	3.10e-01	1.40e-01	2.76e-02	4.02e-03	6.70e-04	1.17e-04	2.80e-05	1.75e-05	1.74e-05	1.65e-06	0.00e+00	0.00e+00	0.00e+00	0.00e+00	0.00e+00	0.00e+00	0.00e+00	0.00e+00	0.00e+00
 3.59169e+22	1.92e-26	4.32e-14	1.45e-10	1.44e-07	2.70e-05	1.79e-03	7.34e-02	4.58e-01	3.04e-01	1.33e-01	2.54e-02	3.62e-03	5.87e-04	1.01e-04	2.38e-05	1.46e-05	1.41e-05	1.29e-06	0.00e+00	0.00e+00	0.00e+00	0.00e+00	0.00e+00	0.00e+00	0.00e+00	0.00e+00	0.00e+00
 3.61441e+22	2.52e-26	5.29e-14	1.79e-10	1.76e-07	3.19e-05	2.03e-03	7.91e-02	4.72e-01	2.95e-01	1.25e-01	2.29e-02	3.14e-03	4.94e-04	8.31e-05	1.93e-05	1.16e-05	1.07e-05	9.27e-07	0.00e+00	0.00e+00	0.00e+00	0.00e+00	0.00e+00	0.00e+00	0.00e+00	0.00e+00	0.00e+00
 3.63736e+22	3.14e-26	6.22e-14	2.11e-10	2.05e-07	3.62e-05	2.23e-03	8.37e-02	4.83e-01	2.89e-01	1.19e-01	2.10e-02	2.82e-03	4.32e-04	7.16e-05	1.64e-05	9.74e-06	8.63e-06	7.20e-07	0.00e+00	0.00e+00	0.00e+00	0.00e+00	0.00e+00	0.00e+00	0.00e+00	0.00e+00	0.00e+00
 3.66063e+22	4.19e-26	7.69e-14	2.63e-10	2.50e-07	4.27e-05	2.53e-03	9.00e-02	4.96e-01	2.79e-01	1.11e-01	1.88e-02	2.44e-03	3.62e-04	5.88e-05	1.32e-05	7.72e-06	6.54e-06	5.18e-07	0.00e+00	0.00e+00	0.00e+00	0.00e+00	0.00e+00	0.00e+00	0.00e+00	0.00e+00	0.00e+00
 3.68422e+22	5.30e-26	9.12e-14	3.13e-10	2.93e-07	4.86e-05	2.79e-03	9.51e-02	5.05e-01	2.72e-01	1.05e-01	1.73e-02	2.19e-03	3.15e-04	5.05e-05	1.12e-05	6.45e-06	5.27e-06	4.01e-07	0.00e+00	0.00e+00	0.00e+00	0.00e+00	0.00e+00	0.00e+00	0.00e+00	0.00e+00	0.00e+00
 3.70821e+22	7.20e-26	1.14e-13	3.93e-10	3.59e-07	5.74e-05	3.16e-03	1.02e-01	5.17e-01	2.62e-01	9.75e-02	1.54e-02	1.89e-03	2.63e-04	4.14e-05	9.05e-06	5.09e-06	3.98e-06	2.87e-07	0.00e+00	0.00e+00	0.00e+00	0.00e+00	0.00e+00	0.00e+00	0.00e+00	0.00e+00	0.00e+00
 3.73264e+22	9.25e-26	1.36e-13	4.72e-10	4.22e-07	6.55e-05	3.49e-03	1.08e-01	5.26e-01	2.55e-01	9.19e-02	1.40e-02	1.68e-03	2.29e-04	3.55e-05	7.65e-06	4.24e-06	3.19e-06	2.21e-07	0.00e+00	0.00e+00	0.00e+00	0.00e+00	0.00e+00	0.00e+00	0.00e+00	0.00e+00	0.00e+00
 3.75765e+22	1.28e-25	1.72e-13	6.00e-10	5.22e-07	7.78e-05	3.96e-03	1.16e-01	5.36e-01	2.44e-01	8.50e-02	1.24e-02	1.44e-03	1.90e-04	2.89e-05	6.13e-06	3.33e-06	2.39e-06	1.57e-07	0.00e+00	0.00e+00	0.00e+00	0.00e+00	0.00e+00	0.00e+00	0.00e+00	0.00e+00	0.00e+00
