#depth	He	He+	He+2
 1.54284e+22	3.83e-10	2.19e-05	1.00e+00
 3.46553e+22	1.29e-09	4.59e-05	1.00e+00
 3.99441e+22	1.91e-09	5.98e-05	1.00e+00
 4.21795e+22	2.26e-09	6.75e-05	1.00e+00
 4.31234e+22	2.36e-09	6.97e-05	1.00e+00
 4.35806e+22	2.49e-09	7.25e-05	1.00e+00
 4.40720e+22	2.61e-09	7.50e-05	1.00e+00
 4.46077e+22	2.77e-09	7.84e-05	1.00e+00
 4.51485e+22	2.90e-09	8.12e-05	1.00e+00
 4.56134e+22	3.02e-09	8.38e-05	1.00e+00
 4.61353e+22	3.19e-09	8.75e-05	1.00e+00
 4.66587e+22	3.32e-09	9.01e-05	1.00e+00
 4.71839e+22	3.50e-09	9.39e-05	1.00e+00
 4.77199e+22	3.65e-09	9.69e-05	1.00e+00
 4.82699e+22	3.84e-09	1.01e-04	1.00e+00
 4.88301e+22	4.00e-09	1.04e-04	1.00e+00
 4.94036e+22	4.20e-09	1.09e-04	1.00e+00
 4.99878e+22	4.37e-09	1.12e-04	1.00e+00
 5.05859e+22	4.61e-09	1.17e-04	1.00e+00
 5.11705e+22	4.78e-09	1.20e-04	1.00e+00
 5.17377e+22	5.02e-09	1.25e-04	1.00e+00
 5.23137e+22	5.20e-09	1.29e-04	1.00e+00
 5.29014e+22	5.46e-09	1.34e-04	1.00e+00
 5.35074e+22	5.67e-09	1.38e-04	1.00e+00
 5.41372e+22	5.96e-09	1.44e-04	1.00e+00
 5.47876e+22	6.21e-09	1.48e-04	1.00e+00
 5.54649e+22	6.53e-09	1.54e-04	1.00e+00
 5.61607e+22	6.81e-09	1.60e-04	1.00e+00
 5.68805e+22	7.18e-09	1.67e-04	1.00e+00
 5.76242e+22	7.51e-09	1.73e-04	1.00e+00
 5.83987e+22	7.94e-09	1.80e-04	1.00e+00
 5.91950e+22	8.31e-09	1.87e-04	1.00e+00
 5.99101e+22	8.70e-09	1.93e-04	1.00e+00
 6.07302e+22	9.21e-09	2.03e-04	1.00e+00
 6.15570e+22	9.63e-09	2.10e-04	1.00e+00
 6.23924e+22	1.02e-08	2.20e-04	1.00e+00
 6.32456e+22	1.07e-08	2.29e-04	1.00e+00
 6.41217e+22	1.13e-08	2.40e-04	1.00e+00
 6.50120e+22	1.19e-08	2.50e-04	1.00e+00
 6.59206e+22	1.26e-08	2.63e-04	1.00e+00
 6.68335e+22	1.32e-08	2.74e-04	1.00e+00
 6.75896e+22	1.37e-08	2.84e-04	1.00e+00
 6.84104e+22	1.44e-08	2.98e-04	1.00e+00
 6.92303e+22	1.49e-08	3.09e-04	1.00e+00
 7.00492e+22	1.57e-08	3.25e-04	1.00e+00
 7.08783e+22	1.62e-08	3.37e-04	1.00e+00
 7.17208e+22	1.70e-08	3.56e-04	1.00e+00
 7.25737e+22	1.76e-08	3.70e-04	1.00e+00
 7.34402e+22	1.83e-08	3.91e-04	1.00e+00
 7.43235e+22	1.89e-08	4.08e-04	1.00e+00
 7.52285e+22	1.97e-08	4.32e-04	1.00e+00
 7.61520e+22	2.02e-08	4.53e-04	1.00e+00
 7.70993e+22	2.09e-08	4.82e-04	1.00e+00
 7.80552e+22	2.14e-08	5.06e-04	9.99e-01
 7.88569e+22	2.18e-08	5.29e-04	9.99e-01
 7.97264e+22	2.23e-08	5.60e-04	9.99e-01
 8.06047e+22	2.26e-08	5.86e-04	9.99e-01
 8.14622e+22	2.29e-08	6.20e-04	9.99e-01
 8.23374e+22	2.31e-08	6.51e-04	9.99e-01
 8.31955e+22	2.33e-08	6.87e-04	9.99e-01
 8.40718e+22	2.34e-08	7.23e-04	9.99e-01
 8.49380e+22	2.35e-08	7.62e-04	9.99e-01
 8.58091e+22	2.36e-08	8.02e-04	9.99e-01
 8.66701e+22	2.37e-08	8.45e-04	9.99e-01
 8.75297e+22	2.37e-08	8.89e-04	9.99e-01
 8.83906e+22	2.38e-08	9.36e-04	9.99e-01
 8.92547e+22	2.40e-08	9.85e-04	9.99e-01
 9.01237e+22	2.42e-08	1.04e-03	9.99e-01
 9.10006e+22	2.45e-08	1.09e-03	9.99e-01
 9.18876e+22	2.49e-08	1.15e-03	9.99e-01
 9.27792e+22	2.54e-08	1.21e-03	9.99e-01
 9.36853e+22	2.61e-08	1.28e-03	9.99e-01
 9.46017e+22	2.69e-08	1.34e-03	9.99e-01
 9.55360e+22	2.80e-08	1.42e-03	9.99e-01
 9.64874e+22	2.93e-08	1.49e-03	9.99e-01
 9.73600e+22	3.06e-08	1.56e-03	9.98e-01
 9.82708e+22	3.24e-08	1.65e-03	9.98e-01
 9.91955e+22	3.42e-08	1.72e-03	9.98e-01
 1.00148e+23	3.68e-08	1.82e-03	9.98e-01
 1.01102e+23	3.91e-08	1.91e-03	9.98e-01
 1.02059e+23	4.25e-08	2.02e-03	9.98e-01
 1.03020e+23	4.55e-08	2.11e-03	9.98e-01
 1.03987e+23	4.98e-08	2.23e-03	9.98e-01
 1.04964e+23	5.36e-08	2.33e-03	9.98e-01
 1.05955e+23	5.90e-08	2.46e-03	9.98e-01
 1.06961e+23	6.38e-08	2.58e-03	9.97e-01
 1.07984e+23	7.08e-08	2.73e-03	9.97e-01
 1.09028e+23	7.70e-08	2.85e-03	9.97e-01
 1.10096e+23	8.59e-08	3.03e-03	9.97e-01
 1.11190e+23	9.38e-08	3.17e-03	9.97e-01
 1.12317e+23	1.05e-07	3.37e-03	9.97e-01
 1.13463e+23	1.15e-07	3.53e-03	9.96e-01
 1.14432e+23	1.26e-07	3.69e-03	9.96e-01
 1.15490e+23	1.40e-07	3.90e-03	9.96e-01
 1.16513e+23	1.51e-07	4.06e-03	9.96e-01
 1.17489e+23	1.67e-07	4.28e-03	9.96e-01
 1.18476e+23	1.81e-07	4.44e-03	9.96e-01
 1.19477e+23	2.00e-07	4.68e-03	9.95e-01
 1.20494e+23	2.17e-07	4.87e-03	9.95e-01
 1.21530e+23	2.41e-07	5.14e-03	9.95e-01
 1.22583e+23	2.61e-07	5.35e-03	9.95e-01
 1.23655e+23	2.91e-07	5.65e-03	9.94e-01
 1.24746e+23	3.16e-07	5.89e-03	9.94e-01
 1.25862e+23	3.53e-07	6.23e-03	9.94e-01
 1.27004e+23	3.85e-07	6.50e-03	9.93e-01
 1.28180e+23	4.32e-07	6.89e-03	9.93e-01
 1.29385e+23	4.73e-07	7.22e-03	9.93e-01
 1.30628e+23	5.34e-07	7.66e-03	9.92e-01
 1.31883e+23	5.85e-07	8.02e-03	9.92e-01
 1.33155e+23	6.61e-07	8.53e-03	9.91e-01
 1.34441e+23	7.25e-07	8.93e-03	9.91e-01
 1.35746e+23	8.21e-07	9.51e-03	9.90e-01
 1.37020e+23	8.95e-07	9.92e-03	9.90e-01
 1.38255e+23	1.01e-06	1.05e-02	9.89e-01
 1.39532e+23	1.10e-06	1.10e-02	9.89e-01
 1.40621e+23	1.20e-06	1.15e-02	9.89e-01
 1.41796e+23	1.34e-06	1.21e-02	9.88e-01
 1.42981e+23	1.45e-06	1.26e-02	9.87e-01
 1.44180e+23	1.62e-06	1.33e-02	9.87e-01
 1.45412e+23	1.77e-06	1.40e-02	9.86e-01
 1.46507e+23	1.93e-06	1.46e-02	9.85e-01
 1.47749e+23	2.16e-06	1.54e-02	9.85e-01
 1.49051e+23	2.38e-06	1.62e-02	9.84e-01
 1.50229e+23	2.61e-06	1.69e-02	9.83e-01
 1.51557e+23	2.92e-06	1.79e-02	9.82e-01
 1.52927e+23	3.24e-06	1.88e-02	9.81e-01
 1.54147e+23	3.56e-06	1.97e-02	9.80e-01
 1.55527e+23	4.00e-06	2.09e-02	9.79e-01
 1.56958e+23	4.45e-06	2.20e-02	9.78e-01
 1.58242e+23	4.91e-06	2.31e-02	9.77e-01
 1.59696e+23	5.57e-06	2.46e-02	9.75e-01
 1.61199e+23	6.20e-06	2.60e-02	9.74e-01
 1.62763e+23	7.09e-06	2.78e-02	9.72e-01
 1.64346e+23	7.92e-06	2.93e-02	9.71e-01
 1.65737e+23	8.81e-06	3.09e-02	9.69e-01
 1.67331e+23	1.01e-05	3.31e-02	9.67e-01
 1.68945e+23	1.13e-05	3.49e-02	9.65e-01
 1.70588e+23	1.30e-05	3.74e-02	9.63e-01
 1.72255e+23	1.46e-05	3.96e-02	9.60e-01
 1.73734e+23	1.63e-05	4.18e-02	9.58e-01
 1.75433e+23	1.89e-05	4.49e-02	9.55e-01
 1.77155e+23	2.12e-05	4.75e-02	9.52e-01
 1.78905e+23	2.46e-05	5.11e-02	9.49e-01
 1.80678e+23	2.77e-05	5.41e-02	9.46e-01
 1.82481e+23	3.23e-05	5.83e-02	9.42e-01
 1.84248e+23	3.61e-05	6.16e-02	9.38e-01
 1.85967e+23	4.18e-05	6.61e-02	9.34e-01
 1.87630e+23	4.62e-05	6.94e-02	9.31e-01
 1.89221e+23	5.27e-05	7.39e-02	9.26e-01
 1.90834e+23	5.86e-05	7.77e-02	9.22e-01
 1.92475e+23	6.70e-05	8.29e-02	9.17e-01
 1.94135e+23	7.47e-05	8.73e-02	9.13e-01
 1.95821e+23	8.55e-05	9.32e-02	9.07e-01
 1.97523e+23	9.54e-05	9.82e-02	9.02e-01
 1.99021e+23	1.06e-04	1.03e-01	8.97e-01
 2.00744e+23	1.22e-04	1.10e-01	8.90e-01
 2.02493e+23	1.36e-04	1.16e-01	8.84e-01
 2.03898e+23	1.49e-04	1.21e-01	8.79e-01
 2.05343e+23	1.66e-04	1.28e-01	8.72e-01
 2.06833e+23	1.83e-04	1.33e-01	8.67e-01
 2.08168e+23	2.00e-04	1.39e-01	8.61e-01
 2.09691e+23	2.24e-04	1.46e-01	8.53e-01
 2.11227e+23	2.46e-04	1.53e-01	8.47e-01
 2.12570e+23	2.69e-04	1.59e-01	8.40e-01
 2.14104e+23	3.01e-04	1.68e-01	8.32e-01
 2.15666e+23	3.30e-04	1.75e-01	8.25e-01
 2.17053e+23	3.62e-04	1.82e-01	8.17e-01
 2.18647e+23	4.06e-04	1.92e-01	8.08e-01
 2.20255e+23	4.46e-04	2.00e-01	7.99e-01
 2.21668e+23	4.89e-04	2.09e-01	7.91e-01
 2.23291e+23	5.47e-04	2.19e-01	7.80e-01
 2.24944e+23	6.02e-04	2.29e-01	7.71e-01
 2.26636e+23	6.77e-04	2.40e-01	7.59e-01
 2.28347e+23	7.45e-04	2.51e-01	7.49e-01
 2.30086e+23	8.38e-04	2.64e-01	7.36e-01
 2.31858e+23	9.25e-04	2.75e-01	7.24e-01
 2.33675e+23	1.04e-03	2.89e-01	7.10e-01
 2.35522e+23	1.15e-03	3.01e-01	6.97e-01
 2.37162e+23	1.27e-03	3.14e-01	6.85e-01
 2.38577e+23	1.36e-03	3.23e-01	6.76e-01
 2.39947e+23	1.48e-03	3.34e-01	6.64e-01
 2.41338e+23	1.60e-03	3.44e-01	6.54e-01
 2.42758e+23	1.74e-03	3.57e-01	6.41e-01
 2.44195e+23	1.88e-03	3.67e-01	6.31e-01
 2.45654e+23	2.05e-03	3.81e-01	6.17e-01
 2.47122e+23	2.21e-03	3.92e-01	6.06e-01
 2.48603e+23	2.41e-03	4.06e-01	5.92e-01
 2.50115e+23	2.60e-03	4.18e-01	5.80e-01
 2.51667e+23	2.85e-03	4.32e-01	5.65e-01
 2.53252e+23	3.08e-03	4.46e-01	5.51e-01
 2.54880e+23	3.38e-03	4.62e-01	5.35e-01
 2.56531e+23	3.66e-03	4.76e-01	5.21e-01
 2.58211e+23	4.04e-03	4.93e-01	5.03e-01
 2.59923e+23	4.38e-03	5.08e-01	4.88e-01
 2.61678e+23	4.85e-03	5.27e-01	4.69e-01
 2.63446e+23	5.26e-03	5.42e-01	4.53e-01
 2.65229e+23	5.81e-03	5.62e-01	4.33e-01
 2.67030e+23	6.31e-03	5.78e-01	4.16e-01
 2.68855e+23	6.98e-03	5.98e-01	3.95e-01
 2.70701e+23	7.60e-03	6.15e-01	3.77e-01
 2.72576e+23	8.45e-03	6.36e-01	3.55e-01
 2.74443e+23	9.19e-03	6.54e-01	3.37e-01
 2.76301e+23	1.02e-02	6.75e-01	3.15e-01
 2.78166e+23	1.11e-02	6.92e-01	2.96e-01
 2.80040e+23	1.24e-02	7.13e-01	2.74e-01
 2.81919e+23	1.35e-02	7.31e-01	2.56e-01
 2.83805e+23	1.51e-02	7.51e-01	2.34e-01
 2.85691e+23	1.65e-02	7.68e-01	2.15e-01
 2.87578e+23	1.85e-02	7.87e-01	1.95e-01
 2.89486e+23	2.02e-02	8.03e-01	1.77e-01
 2.91422e+23	2.28e-02	8.20e-01	1.57e-01
 2.93373e+23	2.51e-02	8.34e-01	1.41e-01
 2.95344e+23	2.84e-02	8.48e-01	1.24e-01
 2.97333e+23	3.15e-02	8.59e-01	1.09e-01
 2.98830e+23	3.41e-02	8.67e-01	9.90e-02
 3.00261e+23	3.75e-02	8.73e-01	8.90e-02
 3.01795e+23	4.12e-02	8.79e-01	7.99e-02
 3.03216e+23	4.51e-02	8.83e-01	7.21e-02
 3.04600e+23	4.97e-02	8.85e-01	6.50e-02
 3.05935e+23	5.47e-02	8.86e-01	5.88e-02
 3.07178e+23	6.03e-02	8.86e-01	5.36e-02
 3.08171e+23	6.51e-02	8.85e-01	5.03e-02
