#depth	S	S+	S+2	S+3	S+4	S+5	S+6	S+7	S+8	S+9	S+10	S+11	S+12	S+13	S+14	S+15	S+16
 4.62852e+21	0.00e+00	0.00e+00	0.00e+00	0.00e+00	0.00e+00	0.00e+00	1.22e-24	4.74e-21	7.32e-18	4.74e-15	1.85e-12	3.79e-10	5.03e-08	7.01e-06	1.94e-03	7.55e-02	9.23e-01
 1.05529e+22	0.00e+00	0.00e+00	0.00e+00	0.00e+00	0.00e+00	4.24e-27	4.39e-23	1.18e-19	1.26e-16	5.64e-14	1.52e-11	2.17e-09	2.01e-07	1.97e-05	3.82e-03	1.04e-01	8.92e-01
 1.27361e+22	0.00e+00	0.00e+00	0.00e+00	0.00e+00	1.08e-29	6.21e-26	4.99e-22	1.04e-18	8.63e-16	3.01e-13	6.32e-11	7.02e-09	5.13e-07	3.95e-05	6.02e-03	1.29e-01	8.65e-01
 1.43333e+22	0.00e+00	0.00e+00	0.00e+00	0.00e+00	1.10e-28	5.27e-25	3.46e-21	5.89e-18	4.00e-15	1.14e-12	1.96e-10	1.79e-08	1.08e-06	6.85e-05	8.61e-03	1.52e-01	8.39e-01
 1.52206e+22	0.00e+00	0.00e+00	0.00e+00	2.20e-32	1.96e-28	9.02e-25	5.63e-21	9.11e-18	5.87e-15	1.59e-12	2.61e-10	2.26e-08	1.30e-06	7.86e-05	9.42e-03	1.58e-01	8.32e-01
 1.55280e+22	0.00e+00	0.00e+00	0.00e+00	3.47e-32	2.99e-28	1.33e-24	8.03e-21	1.25e-17	7.77e-15	2.03e-12	3.20e-10	2.68e-08	1.49e-06	8.68e-05	1.00e-02	1.63e-01	8.27e-01
 1.58270e+22	0.00e+00	0.00e+00	0.00e+00	6.26e-32	5.19e-28	2.21e-24	1.27e-20	1.89e-17	1.12e-14	2.79e-12	4.19e-10	3.34e-08	1.77e-06	9.88e-05	1.09e-02	1.69e-01	8.20e-01
 1.61114e+22	0.00e+00	0.00e+00	0.00e+00	9.67e-32	7.77e-28	3.21e-24	1.78e-20	2.55e-17	1.46e-14	3.52e-12	5.11e-10	3.93e-08	2.02e-06	1.09e-04	1.16e-02	1.74e-01	8.14e-01
 1.63383e+22	0.00e+00	0.00e+00	0.00e+00	1.40e-31	1.09e-27	4.40e-24	2.37e-20	3.30e-17	1.83e-14	4.28e-12	6.02e-10	4.50e-08	2.25e-06	1.18e-04	1.22e-02	1.78e-01	8.10e-01
 1.65945e+22	0.00e+00	0.00e+00	0.00e+00	2.25e-31	1.71e-27	6.64e-24	3.44e-20	4.60e-17	2.46e-14	5.53e-12	7.49e-10	5.39e-08	2.59e-06	1.31e-04	1.31e-02	1.83e-01	8.03e-01
 1.68683e+22	0.00e+00	0.00e+00	0.00e+00	3.52e-31	2.59e-27	9.74e-24	4.87e-20	6.28e-17	3.24e-14	7.02e-12	9.16e-10	6.37e-08	2.95e-06	1.44e-04	1.39e-02	1.88e-01	7.97e-01
 1.71231e+22	0.00e+00	0.00e+00	0.00e+00	2.94e-31	2.10e-27	7.64e-24	6.89e-20	8.56e-17	4.25e-14	8.91e-12	1.12e-09	7.52e-08	3.37e-06	1.59e-04	1.48e-02	1.94e-01	7.91e-01
 1.73735e+22	0.00e+00	0.00e+00	0.00e+00	4.59e-31	3.17e-27	1.12e-23	9.72e-20	1.17e-16	5.59e-14	1.13e-11	1.37e-09	8.87e-08	3.84e-06	1.75e-04	1.58e-02	1.99e-01	7.85e-01
 1.76144e+22	0.00e+00	0.00e+00	0.00e+00	6.92e-31	4.65e-27	1.59e-23	1.34e-19	1.55e-16	7.20e-14	1.41e-11	1.65e-09	1.03e-07	4.34e-06	1.91e-04	1.67e-02	2.04e-01	7.79e-01
 1.78821e+22	0.00e+00	0.00e+00	0.00e+00	1.13e-30	7.32e-27	2.42e-23	1.96e-19	2.18e-16	9.71e-14	1.82e-11	2.06e-09	1.24e-07	5.00e-06	2.12e-04	1.79e-02	2.10e-01	7.72e-01
 1.81650e+22	0.00e+00	0.00e+00	0.00e+00	1.82e-30	1.14e-26	3.64e-23	2.83e-19	3.04e-16	1.30e-13	2.35e-11	2.56e-09	1.48e-07	5.76e-06	2.35e-04	1.91e-02	2.16e-01	7.65e-01
 1.84129e+22	0.00e+00	0.00e+00	0.00e+00	2.77e-30	1.69e-26	5.24e-23	3.94e-19	4.08e-16	1.69e-13	2.95e-11	3.10e-09	1.73e-07	6.52e-06	2.58e-04	2.02e-02	2.21e-01	7.58e-01
 1.86803e+22	0.00e+00	0.00e+00	0.00e+00	4.55e-30	2.68e-26	8.02e-23	5.79e-19	5.76e-16	2.29e-13	3.84e-11	3.87e-09	2.08e-07	7.54e-06	2.87e-04	2.16e-02	2.28e-01	7.50e-01
 1.89641e+22	0.00e+00	0.00e+00	0.00e+00	7.31e-30	4.17e-26	1.20e-22	8.37e-19	8.01e-16	3.07e-13	4.95e-11	4.80e-09	2.49e-07	8.67e-06	3.18e-04	2.31e-02	2.34e-01	7.42e-01
 1.92069e+22	0.00e+00	0.00e+00	0.00e+00	1.10e-29	6.10e-26	1.71e-22	1.15e-18	1.07e-15	3.95e-13	6.17e-11	5.78e-09	2.90e-07	9.79e-06	3.47e-04	2.44e-02	2.40e-01	7.35e-01
 1.94257e+22	0.00e+00	0.00e+00	0.00e+00	1.61e-29	8.69e-26	2.37e-22	1.55e-18	1.39e-15	4.98e-13	7.55e-11	6.86e-09	3.34e-07	1.09e-05	3.76e-04	2.57e-02	2.45e-01	7.29e-01
 1.96755e+22	0.00e+00	0.00e+00	0.00e+00	2.51e-29	1.32e-25	3.48e-22	2.19e-18	1.90e-15	6.56e-13	9.58e-11	8.39e-09	3.94e-07	1.25e-05	4.14e-04	2.73e-02	2.51e-01	7.21e-01
 1.99483e+22	0.00e+00	0.00e+00	4.32e-33	3.98e-29	2.02e-25	5.17e-22	3.13e-18	2.61e-15	8.71e-13	1.23e-10	1.03e-08	4.67e-07	1.43e-05	4.57e-04	2.90e-02	2.57e-01	7.13e-01
 2.01997e+22	0.00e+00	0.00e+00	6.83e-33	6.12e-29	3.02e-25	7.47e-22	4.38e-18	3.52e-15	1.13e-12	1.54e-10	1.26e-08	5.48e-07	1.62e-05	5.01e-04	3.08e-02	2.64e-01	7.05e-01
 2.04752e+22	0.00e+00	0.00e+00	1.17e-32	1.02e-28	4.85e-25	1.16e-21	6.51e-18	5.02e-15	1.55e-12	2.02e-10	1.58e-08	6.62e-07	1.87e-05	5.58e-04	3.29e-02	2.71e-01	6.96e-01
 2.07495e+22	0.00e+00	0.00e+00	1.89e-32	1.60e-28	7.37e-25	1.70e-21	9.23e-18	6.87e-15	2.05e-12	2.57e-10	1.94e-08	7.83e-07	2.14e-05	6.14e-04	3.50e-02	2.77e-01	6.87e-01
 2.09724e+22	0.00e+00	0.00e+00	2.85e-32	2.34e-28	1.05e-24	2.36e-21	1.24e-17	8.96e-15	2.59e-12	3.16e-10	2.31e-08	9.03e-07	2.39e-05	6.65e-04	3.68e-02	2.83e-01	6.80e-01
 2.12123e+22	0.00e+00	0.00e+00	4.54e-32	3.63e-28	1.58e-24	3.44e-21	1.75e-17	1.22e-14	3.39e-12	3.99e-10	2.81e-08	1.06e-06	2.72e-05	7.30e-04	3.90e-02	2.89e-01	6.71e-01
 2.14748e+22	0.00e+00	0.00e+00	7.30e-32	5.66e-28	2.40e-24	5.04e-21	2.47e-17	1.66e-14	4.46e-12	5.06e-10	3.44e-08	1.25e-06	3.09e-05	8.02e-04	4.13e-02	2.96e-01	6.62e-01
 2.17202e+22	0.00e+00	0.00e+00	1.13e-31	8.57e-28	3.52e-24	7.19e-21	3.42e-17	2.22e-14	5.76e-12	6.32e-10	4.15e-08	1.46e-06	3.49e-05	8.75e-04	4.36e-02	3.02e-01	6.53e-01
 2.19926e+22	0.00e+00	0.00e+00	1.93e-31	1.41e-27	5.62e-24	1.11e-20	5.05e-17	3.15e-14	7.84e-12	8.25e-10	5.21e-08	1.76e-06	4.04e-05	9.72e-04	4.65e-02	3.10e-01	6.43e-01
 2.22647e+22	0.00e+00	0.00e+00	1.95e-31	1.38e-27	5.33e-24	1.62e-20	7.13e-17	4.29e-14	1.03e-11	1.05e-09	6.37e-08	2.08e-06	4.60e-05	1.07e-03	4.93e-02	3.16e-01	6.33e-01
 2.24869e+22	0.00e+00	0.00e+00	2.94e-31	2.03e-27	7.63e-24	2.25e-20	9.62e-17	5.60e-14	1.31e-11	1.29e-09	7.59e-08	2.40e-06	5.14e-05	1.16e-03	5.18e-02	3.22e-01	6.25e-01
 2.27265e+22	0.00e+00	0.00e+00	4.72e-31	3.18e-27	1.16e-23	3.29e-20	1.36e-16	7.64e-14	1.72e-11	1.63e-09	9.28e-08	2.83e-06	5.85e-05	1.27e-03	5.48e-02	3.29e-01	6.15e-01
 2.29857e+22	0.00e+00	0.00e+00	7.60e-31	4.96e-27	1.75e-23	4.80e-20	1.92e-16	1.04e-13	2.26e-11	2.07e-09	1.14e-07	3.34e-06	6.66e-05	1.39e-03	5.80e-02	3.35e-01	6.05e-01
 2.32241e+22	0.00e+00	0.00e+00	1.17e-30	7.42e-27	2.54e-23	6.77e-20	2.62e-16	1.38e-13	2.90e-11	2.57e-09	1.36e-07	3.88e-06	7.48e-05	1.51e-03	6.11e-02	3.41e-01	5.96e-01
 2.34879e+22	0.00e+00	0.00e+00	1.99e-30	1.22e-26	4.04e-23	1.04e-19	3.86e-16	1.95e-13	3.93e-11	3.35e-09	1.71e-07	4.67e-06	8.64e-05	1.68e-03	6.50e-02	3.49e-01	5.84e-01
 2.37497e+22	0.00e+00	0.00e+00	3.14e-30	1.88e-26	6.02e-23	1.49e-19	5.38e-16	2.62e-13	5.12e-11	4.21e-09	2.07e-07	5.47e-06	9.77e-05	1.83e-03	6.86e-02	3.55e-01	5.74e-01
 2.39649e+22	0.00e+00	0.00e+00	4.71e-30	2.75e-26	8.57e-23	2.06e-19	7.22e-16	3.42e-13	6.47e-11	5.16e-09	2.46e-07	6.31e-06	1.09e-04	1.98e-03	7.19e-02	3.61e-01	5.65e-01
 2.42007e+22	0.00e+00	0.00e+00	7.56e-30	4.28e-26	1.29e-22	3.00e-19	1.02e-15	4.65e-13	8.49e-11	6.53e-09	3.01e-07	7.43e-06	1.24e-04	2.17e-03	7.59e-02	3.67e-01	5.55e-01
 2.44544e+22	0.00e+00	0.00e+00	1.22e-29	6.68e-26	1.96e-22	4.37e-19	1.43e-15	6.33e-13	1.12e-10	8.29e-09	3.69e-07	8.78e-06	1.41e-04	2.38e-03	8.02e-02	3.74e-01	5.44e-01
 2.46843e+22	0.00e+00	0.00e+00	1.85e-29	9.88e-26	2.81e-22	6.09e-19	1.94e-15	8.31e-13	1.42e-10	1.02e-08	4.40e-07	1.01e-05	1.58e-04	2.58e-03	8.41e-02	3.79e-01	5.34e-01
 2.49359e+22	0.00e+00	0.00e+00	3.15e-29	1.63e-25	4.47e-22	9.28e-19	2.85e-15	1.17e-12	1.93e-10	1.33e-08	5.52e-07	1.22e-05	1.82e-04	2.85e-03	8.93e-02	3.86e-01	5.22e-01
 2.51859e+22	0.00e+00	0.00e+00	4.88e-29	2.45e-25	6.52e-22	1.31e-18	3.91e-15	1.56e-12	2.48e-10	1.66e-08	6.65e-07	1.42e-05	2.05e-04	3.10e-03	9.38e-02	3.92e-01	5.11e-01
 2.53943e+22	0.00e+00	0.00e+00	7.32e-29	3.58e-25	9.26e-22	1.80e-18	5.23e-15	2.02e-12	3.13e-10	2.03e-08	7.90e-07	1.64e-05	2.28e-04	3.35e-03	9.81e-02	3.97e-01	5.02e-01
 2.56258e+22	0.00e+00	2.36e-33	1.18e-28	5.58e-25	1.40e-21	2.62e-18	7.37e-15	2.75e-12	4.11e-10	2.57e-08	9.66e-07	1.93e-05	2.59e-04	3.66e-03	1.03e-01	4.03e-01	4.90e-01
 2.58716e+22	0.00e+00	3.93e-33	1.89e-28	8.68e-25	2.10e-21	3.79e-18	1.03e-14	3.74e-12	5.38e-10	3.26e-08	1.18e-06	2.28e-05	2.95e-04	4.01e-03	1.09e-01	4.08e-01	4.79e-01
 2.60892e+22	0.00e+00	6.07e-33	2.84e-28	1.27e-24	2.99e-21	5.21e-18	1.39e-14	4.86e-12	6.80e-10	3.99e-08	1.40e-06	2.63e-05	3.28e-04	4.32e-03	1.14e-01	4.13e-01	4.69e-01
 2.63252e+22	0.00e+00	1.05e-32	4.74e-28	2.05e-24	4.64e-21	7.78e-18	2.00e-14	6.76e-12	9.11e-10	5.14e-08	1.74e-06	3.14e-05	3.76e-04	4.76e-03	1.20e-01	4.19e-01	4.56e-01
 2.65610e+22	0.00e+00	1.68e-32	7.33e-28	3.07e-24	6.73e-21	1.09e-17	2.72e-14	8.93e-12	1.17e-09	6.38e-08	2.10e-06	3.66e-05	4.23e-04	5.16e-03	1.26e-01	4.23e-01	4.45e-01
 2.67585e+22	0.00e+00	2.54e-32	1.08e-27	4.39e-24	9.37e-21	1.47e-17	3.58e-14	1.14e-11	1.45e-09	7.72e-08	2.47e-06	4.18e-05	4.68e-04	5.53e-03	1.31e-01	4.27e-01	4.36e-01
 2.69772e+22	0.00e+00	4.23e-32	1.73e-27	6.82e-24	1.40e-20	2.11e-17	5.01e-14	1.55e-11	1.90e-09	9.76e-08	3.02e-06	4.92e-05	5.31e-04	6.04e-03	1.38e-01	4.32e-01	4.24e-01
 2.72073e+22	0.00e+00	6.84e-32	2.70e-27	1.03e-23	2.06e-20	2.98e-17	6.88e-14	2.06e-11	2.45e-09	1.22e-07	3.65e-06	5.75e-05	5.97e-04	6.55e-03	1.44e-01	4.36e-01	4.13e-01
 2.74127e+22	0.00e+00	1.06e-31	4.05e-27	1.51e-23	2.91e-20	4.08e-17	9.17e-14	2.67e-11	3.09e-09	1.49e-07	4.33e-06	6.62e-05	6.65e-04	7.05e-03	1.50e-01	4.39e-01	4.03e-01
 2.76398e+22	0.00e+00	1.85e-31	6.79e-27	2.43e-23	4.51e-20	6.05e-17	1.32e-13	3.71e-11	4.14e-09	1.92e-07	5.39e-06	7.92e-05	7.62e-04	7.75e-03	1.58e-01	4.44e-01	3.90e-01
 2.78718e+22	0.00e+00	2.92e-31	1.04e-26	3.61e-23	6.49e-20	8.40e-17	1.78e-13	4.87e-11	5.27e-09	2.37e-07	6.44e-06	9.17e-05	8.51e-04	8.36e-03	1.65e-01	4.47e-01	3.79e-01
 2.80734e+22	0.00e+00	4.61e-31	1.58e-26	5.34e-23	9.28e-20	1.16e-16	2.40e-13	6.37e-11	6.70e-09	2.92e-07	7.71e-06	1.06e-04	9.51e-04	9.02e-03	1.72e-01	4.49e-01	3.69e-01
 2.82640e+22	0.00e+00	6.99e-31	2.33e-26	7.64e-23	1.29e-19	1.55e-16	3.15e-13	8.15e-11	8.33e-09	3.54e-07	9.07e-06	1.21e-04	1.05e-03	9.66e-03	1.78e-01	4.52e-01	3.59e-01
 2.84769e+22	0.00e+00	1.16e-30	3.74e-26	1.18e-22	1.93e-19	2.23e-16	4.39e-13	1.10e-10	1.09e-08	4.47e-07	1.11e-05	1.43e-04	1.19e-03	1.05e-02	1.86e-01	4.54e-01	3.47e-01
 2.86992e+22	0.00e+00	1.87e-30	5.79e-26	1.77e-22	2.78e-19	3.10e-16	5.96e-13	1.45e-10	1.39e-08	5.54e-07	1.33e-05	1.66e-04	1.33e-03	1.13e-02	1.94e-01	4.56e-01	3.37e-01
 2.88965e+22	0.00e+00	2.88e-30	8.66e-26	2.57e-22	3.91e-19	4.20e-16	7.91e-13	1.87e-10	1.75e-08	6.76e-07	1.58e-05	1.91e-04	1.48e-03	1.22e-02	2.01e-01	4.58e-01	3.27e-01
 2.91156e+22	0.00e+00	4.98e-30	1.44e-25	4.11e-22	6.00e-19	6.15e-16	1.13e-12	2.58e-10	2.33e-08	8.66e-07	1.95e-05	2.27e-04	1.69e-03	1.33e-02	2.11e-01	4.60e-01	3.14e-01
 2.93332e+22	0.00e+00	7.82e-30	2.18e-25	6.03e-22	8.51e-19	8.40e-16	1.50e-12	3.36e-10	2.95e-08	1.06e-06	2.33e-05	2.62e-04	1.88e-03	1.43e-02	2.19e-01	4.61e-01	3.04e-01
 2.95164e+22	0.00e+00	1.17e-29	3.16e-25	8.52e-22	1.17e-18	1.11e-15	1.95e-12	4.25e-10	3.64e-08	1.28e-06	2.72e-05	2.98e-04	2.07e-03	1.52e-02	2.26e-01	4.61e-01	2.95e-01
 2.97221e+22	0.00e+00	1.96e-29	5.10e-25	1.32e-21	1.74e-18	1.59e-15	2.72e-12	5.75e-10	4.76e-08	1.62e-06	3.33e-05	3.51e-04	2.33e-03	1.65e-02	2.36e-01	4.61e-01	2.84e-01
 2.99328e+22	0.00e+00	3.07e-29	7.72e-25	1.94e-21	2.46e-18	2.16e-15	3.63e-12	7.46e-10	6.01e-08	1.98e-06	3.96e-05	4.05e-04	2.59e-03	1.77e-02	2.44e-01	4.61e-01	2.74e-01
 3.01180e+22	0.00e+00	4.67e-29	1.14e-24	2.77e-21	3.41e-18	2.89e-15	4.75e-12	9.52e-10	7.47e-08	2.39e-06	4.66e-05	4.62e-04	2.86e-03	1.88e-02	2.52e-01	4.61e-01	2.65e-01
 3.03265e+22	0.00e+00	7.88e-29	1.84e-24	4.32e-21	5.11e-18	4.14e-15	6.64e-12	1.29e-09	9.80e-08	3.03e-06	5.71e-05	5.45e-04	3.23e-03	2.04e-02	2.62e-01	4.60e-01	2.54e-01
 3.05415e+22	0.00e+00	1.25e-28	2.82e-24	6.40e-21	7.29e-18	5.68e-15	8.91e-12	1.69e-09	1.25e-07	3.73e-06	6.82e-05	6.30e-04	3.60e-03	2.19e-02	2.71e-01	4.59e-01	2.44e-01
 3.07313e+22	0.00e+00	1.93e-28	4.22e-24	9.26e-21	1.02e-17	7.63e-15	1.18e-11	2.17e-09	1.56e-07	4.54e-06	8.07e-05	7.23e-04	3.98e-03	2.33e-02	2.80e-01	4.57e-01	2.35e-01
 3.09157e+22	0.00e+00	2.97e-28	6.26e-24	1.33e-20	1.42e-17	1.02e-14	1.54e-11	2.78e-09	1.95e-07	5.51e-06	9.52e-05	8.26e-04	4.40e-03	2.49e-02	2.88e-01	4.55e-01	2.26e-01
 3.11265e+22	0.00e+00	5.04e-28	1.02e-23	2.08e-20	2.13e-17	1.46e-14	2.16e-11	3.78e-09	2.56e-07	6.99e-06	1.17e-04	9.75e-04	4.96e-03	2.69e-02	2.99e-01	4.52e-01	2.16e-01
 3.13439e+22	0.00e+00	8.24e-28	1.60e-23	3.15e-20	3.08e-17	2.03e-14	2.94e-11	5.01e-09	3.30e-07	8.72e-06	1.41e-04	1.14e-03	5.55e-03	2.89e-02	3.09e-01	4.49e-01	2.06e-01
 3.15324e+22	0.00e+00	1.26e-27	2.37e-23	4.51e-20	4.27e-17	2.70e-14	3.85e-11	6.40e-09	4.11e-07	1.05e-05	1.66e-04	1.30e-03	6.12e-03	3.07e-02	3.17e-01	4.46e-01	1.98e-01
 3.17402e+22	0.00e+00	2.13e-27	3.84e-23	7.03e-20	6.38e-17	3.85e-14	5.36e-11	8.66e-09	5.38e-07	1.33e-05	2.03e-04	1.52e-03	6.88e-03	3.30e-02	3.28e-01	4.42e-01	1.88e-01
 3.19484e+22	0.00e+00	3.26e-27	5.70e-23	1.01e-19	8.85e-17	5.13e-14	7.03e-11	1.11e-08	6.72e-07	1.62e-05	2.39e-04	1.74e-03	7.57e-03	3.51e-02	3.37e-01	4.38e-01	1.80e-01
 3.21277e+22	0.00e+00	5.04e-27	8.48e-23	1.45e-19	1.22e-16	6.81e-14	9.19e-11	1.42e-08	8.38e-07	1.96e-05	2.82e-04	1.99e-03	8.35e-03	3.72e-02	3.46e-01	4.34e-01	1.72e-01
 3.23019e+22	6.37e-34	7.49e-27	1.22e-22	2.03e-19	1.65e-16	8.88e-14	1.18e-10	1.78e-08	1.03e-06	2.34e-05	3.28e-04	2.25e-03	9.11e-03	3.93e-02	3.54e-01	4.30e-01	1.65e-01
 3.24657e+22	9.56e-34	1.09e-26	1.72e-22	2.76e-19	2.19e-16	1.13e-13	1.49e-10	2.21e-08	1.24e-06	2.76e-05	3.78e-04	2.52e-03	9.89e-03	4.13e-02	3.61e-01	4.26e-01	1.59e-01
 3.26208e+22	3.71e-39	1.59e-26	2.44e-22	3.80e-19	2.91e-16	1.45e-13	1.88e-10	2.74e-08	1.51e-06	3.28e-05	4.37e-04	2.83e-03	1.08e-02	4.35e-02	3.69e-01	4.22e-01	1.52e-01
 3.27606e+22	0.00e+00	2.21e-26	3.30e-22	4.99e-19	3.70e-16	1.79e-13	2.30e-10	3.30e-08	1.79e-06	3.79e-05	4.95e-04	3.13e-03	1.16e-02	4.54e-02	3.75e-01	4.17e-01	1.47e-01
 3.28844e+22	0.00e+00	2.92e-26	4.25e-22	6.30e-19	4.56e-16	2.15e-13	2.74e-10	3.86e-08	2.06e-06	4.29e-05	5.50e-04	3.40e-03	1.23e-02	4.71e-02	3.80e-01	4.14e-01	1.42e-01
 3.30248e+22	0.00e+00	4.25e-26	5.99e-22	8.60e-19	6.03e-16	2.73e-13	3.44e-10	4.78e-08	2.49e-06	5.06e-05	6.33e-04	3.81e-03	1.33e-02	4.95e-02	3.88e-01	4.09e-01	1.36e-01
 3.31717e+22	0.00e+00	5.91e-26	8.12e-22	1.13e-18	7.71e-16	3.38e-13	4.22e-10	5.76e-08	2.95e-06	5.86e-05	7.18e-04	4.22e-03	1.43e-02	5.16e-02	3.94e-01	4.04e-01	1.31e-01
 3.32990e+22	0.00e+00	8.00e-26	1.07e-21	1.45e-18	9.62e-16	4.10e-13	5.08e-10	6.83e-08	3.44e-06	6.70e-05	8.05e-04	4.62e-03	1.53e-02	5.36e-02	4.00e-01	4.00e-01	1.26e-01
 3.34179e+22	0.00e+00	1.08e-25	1.41e-21	1.86e-18	1.20e-15	4.95e-13	6.10e-10	8.09e-08	4.01e-06	7.65e-05	9.01e-04	5.06e-03	1.63e-02	5.57e-02	4.05e-01	3.95e-01	1.22e-01
 3.35358e+22	0.00e+00	1.44e-25	1.83e-21	2.36e-18	1.48e-15	5.93e-13	7.25e-10	9.50e-08	4.64e-06	8.67e-05	1.00e-03	5.51e-03	1.73e-02	5.77e-02	4.10e-01	3.91e-01	1.18e-01
 3.36516e+22	0.00e+00	1.91e-25	2.37e-21	2.97e-18	1.82e-15	7.08e-13	8.60e-10	1.11e-07	5.35e-06	9.81e-05	1.11e-03	5.99e-03	1.84e-02	5.97e-02	4.15e-01	3.86e-01	1.14e-01
 3.37652e+22	0.00e+00	2.53e-25	3.07e-21	3.76e-18	2.23e-15	8.45e-13	1.02e-09	1.30e-07	6.18e-06	1.11e-04	1.24e-03	6.53e-03	1.95e-02	6.18e-02	4.20e-01	3.81e-01	1.10e-01
 3.38773e+22	0.00e+00	3.36e-25	3.96e-21	4.73e-18	2.74e-15	1.01e-12	1.21e-09	1.53e-07	7.12e-06	1.26e-04	1.38e-03	7.10e-03	2.07e-02	6.39e-02	4.25e-01	3.76e-01	1.06e-01
 3.40052e+22	0.00e+00	4.76e-25	5.45e-21	6.31e-18	3.53e-15	1.25e-12	1.49e-09	1.86e-07	8.50e-06	1.47e-04	1.57e-03	7.87e-03	2.22e-02	6.66e-02	4.30e-01	3.70e-01	1.01e-01
 3.41349e+22	0.00e+00	6.50e-25	7.24e-21	8.12e-18	4.40e-15	1.51e-12	1.80e-09	2.21e-07	9.95e-06	1.68e-04	1.76e-03	8.63e-03	2.37e-02	6.90e-02	4.35e-01	3.65e-01	9.70e-02
 3.42446e+22	0.00e+00	8.54e-25	9.27e-21	1.01e-17	5.35e-15	1.78e-12	2.11e-09	2.57e-07	1.14e-05	1.89e-04	1.95e-03	9.35e-03	2.51e-02	7.12e-02	4.39e-01	3.60e-01	9.35e-02
 3.43465e+22	0.00e+00	1.11e-24	1.17e-20	1.25e-17	6.43e-15	2.08e-12	2.46e-09	2.97e-07	1.30e-05	2.12e-04	2.15e-03	1.01e-02	2.65e-02	7.33e-02	4.43e-01	3.55e-01	9.02e-02
 3.44450e+22	0.00e+00	1.44e-24	1.48e-20	1.54e-17	7.72e-15	2.43e-12	2.87e-09	3.42e-07	1.48e-05	2.37e-04	2.36e-03	1.09e-02	2.79e-02	7.55e-02	4.46e-01	3.50e-01	8.70e-02
 3.45578e+22	0.00e+00	1.98e-24	1.99e-20	2.00e-17	9.69e-15	2.94e-12	3.47e-09	4.08e-07	1.74e-05	2.72e-04	2.66e-03	1.20e-02	2.98e-02	7.82e-02	4.51e-01	3.43e-01	8.31e-02
 3.46727e+22	0.00e+00	2.64e-24	2.58e-20	2.52e-17	1.18e-14	3.48e-12	4.10e-09	4.78e-07	2.01e-05	3.08e-04	2.95e-03	1.30e-02	3.15e-02	8.06e-02	4.54e-01	3.38e-01	7.98e-02
 3.47712e+22	0.00e+00	3.40e-24	3.24e-20	3.09e-17	1.41e-14	4.04e-12	4.75e-09	5.50e-07	2.28e-05	3.44e-04	3.24e-03	1.40e-02	3.32e-02	8.28e-02	4.57e-01	3.32e-01	7.69e-02
 3.48798e+22	0.00e+00	4.71e-24	4.35e-20	4.01e-17	1.77e-14	4.87e-12	5.74e-09	6.57e-07	2.68e-05	3.96e-04	3.65e-03	1.54e-02	3.54e-02	8.57e-02	4.61e-01	3.26e-01	7.32e-02
 3.49916e+22	0.00e+00	6.27e-24	5.63e-20	5.04e-17	2.15e-14	5.73e-12	6.77e-09	7.67e-07	3.09e-05	4.48e-04	4.05e-03	1.67e-02	3.74e-02	8.82e-02	4.63e-01	3.20e-01	7.01e-02
 3.50902e+22	0.00e+00	8.20e-24	7.17e-20	6.23e-17	2.58e-14	6.67e-12	7.89e-09	8.88e-07	3.53e-05	5.02e-04	4.47e-03	1.80e-02	3.94e-02	9.06e-02	4.66e-01	3.14e-01	6.73e-02
 3.52013e+22	0.00e+00	1.17e-23	9.84e-20	8.22e-17	3.28e-14	8.12e-12	9.64e-09	1.07e-06	4.20e-05	5.83e-04	5.07e-03	1.99e-02	4.22e-02	9.38e-02	4.69e-01	3.06e-01	6.37e-02
 3.53136e+22	0.00e+00	1.55e-23	1.27e-19	1.03e-16	3.96e-14	9.50e-12	1.13e-08	1.25e-06	4.84e-05	6.58e-04	5.62e-03	2.16e-02	4.45e-02	9.63e-02	4.70e-01	3.00e-01	6.09e-02
 3.54093e+22	0.00e+00	2.00e-23	1.60e-19	1.26e-16	4.71e-14	1.10e-11	1.31e-08	1.44e-06	5.49e-05	7.34e-04	6.16e-03	2.32e-02	4.68e-02	9.87e-02	4.72e-01	2.94e-01	5.84e-02
 3.55157e+22	0.00e+00	2.89e-23	2.22e-19	1.67e-16	5.98e-14	1.33e-11	1.61e-08	1.75e-06	6.57e-05	8.57e-04	7.03e-03	2.57e-02	5.01e-02	1.02e-01	4.74e-01	2.86e-01	5.50e-02
 3.56201e+22	0.00e+00	3.70e-23	2.77e-19	2.03e-16	7.07e-14	1.52e-11	1.85e-08	2.00e-06	7.43e-05	9.52e-04	7.67e-03	2.75e-02	5.25e-02	1.04e-01	4.74e-01	2.80e-01	5.27e-02
 3.57220e+22	0.00e+00	5.28e-23	3.80e-19	2.67e-16	8.87e-14	1.83e-11	2.24e-08	2.41e-06	8.83e-05	1.10e-03	8.70e-03	3.04e-02	5.60e-02	1.07e-01	4.75e-01	2.72e-01	4.96e-02
 3.58221e+22	0.00e+00	6.70e-23	4.71e-19	3.22e-16	1.04e-13	2.08e-11	2.57e-08	2.74e-06	9.93e-05	1.22e-03	9.46e-03	3.24e-02	5.84e-02	1.10e-01	4.75e-01	2.66e-01	4.75e-02
 3.59197e+22	0.00e+00	9.54e-23	6.44e-19	4.21e-16	1.30e-13	2.48e-11	3.10e-08	3.30e-06	1.18e-04	1.41e-03	1.07e-02	3.57e-02	6.22e-02	1.13e-01	4.75e-01	2.58e-01	4.46e-02
 3.60170e+22	0.00e+00	1.22e-22	8.03e-19	5.09e-16	1.52e-13	2.82e-11	3.55e-08	3.76e-06	1.33e-04	1.56e-03	1.16e-02	3.81e-02	6.50e-02	1.15e-01	4.74e-01	2.52e-01	4.26e-02
 3.61138e+22	0.00e+00	1.74e-22	1.10e-18	6.64e-16	1.89e-13	3.34e-11	4.29e-08	4.52e-06	1.57e-04	1.81e-03	1.32e-02	4.18e-02	6.91e-02	1.18e-01	4.73e-01	2.43e-01	3.99e-02
 3.62115e+22	4.57e-34	2.25e-22	1.38e-18	8.09e-16	2.23e-13	3.81e-11	4.94e-08	5.17e-06	1.78e-04	2.01e-03	1.44e-02	4.48e-02	7.22e-02	1.20e-01	4.72e-01	2.37e-01	3.80e-02
 3.63101e+22	7.10e-34	3.24e-22	1.90e-18	1.06e-15	2.78e-13	4.53e-11	5.98e-08	6.25e-06	2.12e-04	2.33e-03	1.63e-02	4.93e-02	7.68e-02	1.23e-01	4.69e-01	2.28e-01	3.53e-02
 3.64095e+22	9.86e-34	4.23e-22	2.41e-18	1.30e-15	3.29e-13	5.16e-11	6.90e-08	7.18e-06	2.41e-04	2.60e-03	1.78e-02	5.28e-02	8.02e-02	1.25e-01	4.67e-01	2.21e-01	3.35e-02
 3.65100e+22	1.53e-33	6.08e-22	3.32e-18	1.70e-15	4.10e-13	6.12e-11	8.35e-08	8.65e-06	2.86e-04	3.00e-03	2.00e-02	5.78e-02	8.50e-02	1.28e-01	4.63e-01	2.12e-01	3.11e-02
 3.66096e+22	2.13e-33	7.98e-22	4.22e-18	2.09e-15	4.83e-13	6.95e-11	9.63e-08	9.94e-06	3.25e-04	3.34e-03	2.19e-02	6.19e-02	8.87e-02	1.30e-01	4.60e-01	2.05e-01	2.93e-02
 3.67079e+22	3.29e-33	1.14e-21	5.79e-18	2.72e-15	5.98e-13	8.20e-11	1.16e-07	1.19e-05	3.85e-04	3.85e-03	2.46e-02	6.76e-02	9.36e-02	1.32e-01	4.55e-01	1.96e-01	2.71e-02
 3.68079e+22	4.65e-33	1.52e-21	7.44e-18	3.36e-15	7.08e-13	9.34e-11	1.34e-07	1.38e-05	4.39e-04	4.30e-03	2.69e-02	7.24e-02	9.77e-02	1.34e-01	4.50e-01	1.89e-01	2.54e-02
 3.69099e+22	7.30e-33	2.21e-21	1.03e-17	4.42e-15	8.82e-13	1.10e-10	1.62e-07	1.66e-05	5.21e-04	4.96e-03	3.03e-02	7.91e-02	1.03e-01	1.36e-01	4.43e-01	1.79e-01	2.33e-02
 3.70130e+22	1.04e-32	2.96e-21	1.33e-17	5.48e-15	1.05e-12	1.26e-10	1.88e-07	1.92e-05	5.95e-04	5.54e-03	3.32e-02	8.46e-02	1.07e-01	1.38e-01	4.37e-01	1.72e-01	2.18e-02
 3.71175e+22	1.65e-32	4.34e-21	1.86e-17	7.24e-15	1.31e-12	1.48e-10	2.27e-07	2.32e-05	7.07e-04	6.39e-03	3.72e-02	9.23e-02	1.13e-01	1.39e-01	4.29e-01	1.63e-01	1.99e-02
 3.72225e+22	2.35e-32	5.82e-21	2.41e-17	8.96e-15	1.55e-12	1.69e-10	2.63e-07	2.68e-05	8.06e-04	7.11e-03	4.06e-02	9.84e-02	1.17e-01	1.40e-01	4.21e-01	1.55e-01	1.85e-02
 3.73133e+22	3.32e-32	7.75e-21	3.10e-17	1.10e-14	1.82e-12	1.91e-10	3.02e-07	3.07e-05	9.14e-04	7.89e-03	4.42e-02	1.05e-01	1.21e-01	1.41e-01	4.14e-01	1.48e-01	1.71e-02
 3.74162e+22	5.17e-32	1.12e-20	4.27e-17	1.44e-14	2.25e-12	2.24e-10	3.61e-07	3.66e-05	1.07e-03	9.00e-03	4.90e-02	1.13e-01	1.27e-01	1.42e-01	4.04e-01	1.40e-01	1.56e-02
 3.75191e+22	7.25e-32	1.48e-20	5.46e-17	1.77e-14	2.64e-12	2.52e-10	4.13e-07	4.18e-05	1.21e-03	9.93e-03	5.30e-02	1.20e-01	1.31e-01	1.43e-01	3.95e-01	1.33e-01	1.44e-02
 3.76221e+22	1.13e-31	2.14e-20	7.52e-17	2.30e-14	3.25e-12	2.94e-10	4.90e-07	4.96e-05	1.41e-03	1.13e-02	5.86e-02	1.29e-01	1.36e-01	1.43e-01	3.84e-01	1.24e-01	1.30e-02
 3.77258e+22	1.57e-31	2.81e-20	9.52e-17	2.80e-14	3.79e-12	3.31e-10	5.57e-07	5.62e-05	1.58e-03	1.23e-02	6.30e-02	1.35e-01	1.40e-01	1.43e-01	3.75e-01	1.18e-01	1.20e-02
 3.78307e+22	2.43e-31	4.05e-20	1.31e-16	3.64e-14	4.66e-12	3.85e-10	6.58e-07	6.63e-05	1.84e-03	1.39e-02	6.91e-02	1.45e-01	1.45e-01	1.42e-01	3.62e-01	1.10e-01	1.08e-02
 3.79376e+22	3.39e-31	5.33e-20	1.67e-16	4.45e-14	5.46e-12	4.34e-10	7.46e-07	7.51e-05	2.05e-03	1.52e-02	7.41e-02	1.52e-01	1.48e-01	1.42e-01	3.53e-01	1.04e-01	9.96e-03
 3.80473e+22	5.28e-31	7.70e-20	2.29e-16	5.80e-14	6.71e-12	5.07e-10	8.79e-07	8.82e-05	2.37e-03	1.71e-02	8.10e-02	1.62e-01	1.52e-01	1.41e-01	3.39e-01	9.66e-02	8.90e-03
 3.81597e+22	7.41e-31	1.02e-19	2.93e-16	7.12e-14	7.90e-12	5.74e-10	9.97e-07	9.98e-05	2.65e-03	1.86e-02	8.66e-02	1.69e-01	1.55e-01	1.40e-01	3.29e-01	9.09e-02	8.14e-03
 3.82757e+22	1.16e-30	1.48e-19	4.05e-16	9.29e-14	9.75e-12	6.72e-10	1.17e-06	1.17e-04	3.05e-03	2.08e-02	9.41e-02	1.79e-01	1.59e-01	1.38e-01	3.15e-01	8.38e-02	7.22e-03
 3.83940e+22	1.63e-30	1.97e-19	5.21e-16	1.15e-13	1.15e-11	7.63e-10	1.32e-06	1.32e-04	3.40e-03	2.27e-02	1.00e-01	1.87e-01	1.62e-01	1.36e-01	3.04e-01	7.84e-02	6.57e-03
 3.85153e+22	2.55e-30	2.85e-19	7.19e-16	1.50e-13	1.42e-11	8.96e-10	1.55e-06	1.54e-04	3.90e-03	2.52e-02	1.08e-01	1.97e-01	1.65e-01	1.34e-01	2.89e-01	7.18e-02	5.79e-03
 3.86373e+22	3.58e-30	3.77e-19	9.19e-16	1.84e-13	1.67e-11	1.01e-09	1.74e-06	1.73e-04	4.31e-03	2.73e-02	1.15e-01	2.04e-01	1.67e-01	1.32e-01	2.78e-01	6.71e-02	5.25e-03
 3.87605e+22	5.52e-30	5.39e-19	1.26e-15	2.39e-13	2.06e-11	1.19e-09	2.02e-06	2.00e-04	4.90e-03	3.01e-02	1.23e-01	2.13e-01	1.69e-01	1.29e-01	2.64e-01	6.13e-02	4.62e-03
 3.88868e+22	7.78e-30	7.17e-19	1.62e-15	2.94e-13	2.43e-11	1.35e-09	2.28e-06	2.24e-04	5.41e-03	3.25e-02	1.30e-01	2.21e-01	1.71e-01	1.27e-01	2.53e-01	5.69e-02	4.17e-03
 3.89965e+22	1.07e-29	9.31e-19	2.03e-15	3.57e-13	2.84e-11	1.52e-09	2.53e-06	2.48e-04	5.92e-03	3.49e-02	1.37e-01	2.27e-01	1.72e-01	1.24e-01	2.42e-01	5.31e-02	3.78e-03
 3.91183e+22	1.61e-29	1.30e-18	2.72e-15	4.56e-13	3.45e-11	1.77e-09	2.90e-06	2.82e-04	6.64e-03	3.80e-02	1.45e-01	2.35e-01	1.73e-01	1.21e-01	2.29e-01	4.85e-02	3.33e-03
 3.92415e+22	2.20e-29	1.68e-18	3.42e-15	5.51e-13	4.02e-11	1.99e-09	3.21e-06	3.12e-04	7.23e-03	4.05e-02	1.52e-01	2.41e-01	1.73e-01	1.18e-01	2.19e-01	4.51e-02	3.02e-03
 3.93662e+22	3.31e-29	2.35e-18	4.57e-15	7.04e-13	4.88e-11	2.32e-09	3.66e-06	3.54e-04	8.07e-03	4.40e-02	1.60e-01	2.49e-01	1.73e-01	1.15e-01	2.07e-01	4.10e-02	2.65e-03
 3.94929e+22	4.54e-29	3.03e-18	5.72e-15	8.50e-13	5.69e-11	2.61e-09	4.05e-06	3.89e-04	8.76e-03	4.68e-02	1.67e-01	2.54e-01	1.73e-01	1.12e-01	1.97e-01	3.81e-02	2.39e-03
 3.96042e+22	6.15e-29	3.88e-18	7.13e-15	1.02e-12	6.60e-11	2.92e-09	4.47e-06	4.27e-04	9.49e-03	4.96e-02	1.73e-01	2.59e-01	1.73e-01	1.09e-01	1.88e-01	3.53e-02	2.16e-03
 3.97310e+22	9.19e-29	5.38e-18	9.48e-15	1.30e-12	7.99e-11	3.39e-09	5.06e-06	4.81e-04	1.05e-02	5.35e-02	1.82e-01	2.66e-01	1.72e-01	1.05e-01	1.77e-01	3.20e-02	1.88e-03
 3.98570e+22	1.22e-28	6.75e-18	1.16e-14	1.54e-12	9.18e-11	3.79e-09	5.54e-06	5.23e-04	1.13e-02	5.64e-02	1.88e-01	2.70e-01	1.71e-01	1.03e-01	1.69e-01	2.98e-02	1.71e-03
 3.99819e+22	1.79e-28	9.20e-18	1.52e-14	1.94e-12	1.10e-10	4.37e-09	6.22e-06	5.84e-04	1.24e-02	6.04e-02	1.96e-01	2.75e-01	1.70e-01	9.89e-02	1.58e-01	2.69e-02	1.50e-03
 4.01092e+22	2.40e-28	1.16e-17	1.87e-14	2.31e-12	1.27e-10	4.89e-09	6.82e-06	6.36e-04	1.33e-02	6.35e-02	2.03e-01	2.79e-01	1.68e-01	9.60e-02	1.51e-01	2.50e-02	1.35e-03
 4.02397e+22	3.53e-28	1.58e-17	2.46e-14	2.90e-12	1.53e-10	5.65e-09	7.67e-06	7.09e-04	1.46e-02	6.79e-02	2.11e-01	2.83e-01	1.66e-01	9.22e-02	1.41e-01	2.25e-02	1.18e-03
 4.03727e+22	4.77e-28	2.00e-17	3.03e-14	3.47e-12	1.77e-10	6.34e-09	8.41e-06	7.72e-04	1.57e-02	7.13e-02	2.17e-01	2.86e-01	1.65e-01	8.92e-02	1.33e-01	2.08e-02	1.06e-03
 4.05089e+22	4.35e-29	2.74e-17	3.99e-14	4.38e-12	2.14e-10	7.35e-09	9.45e-06	8.61e-04	1.72e-02	7.60e-02	2.25e-01	2.90e-01	1.62e-01	8.53e-02	1.24e-01	1.87e-02	9.17e-04
 4.06475e+22	5.71e-29	3.48e-17	4.93e-14	5.24e-12	2.47e-10	8.26e-09	1.04e-05	9.36e-04	1.84e-02	7.98e-02	2.31e-01	2.92e-01	1.60e-01	8.23e-02	1.17e-01	1.72e-02	8.21e-04
 4.07894e+22	8.20e-29	4.76e-17	6.51e-14	6.62e-12	3.00e-10	9.61e-09	1.17e-05	1.04e-03	2.01e-02	8.49e-02	2.39e-01	2.95e-01	1.57e-01	7.84e-02	1.09e-01	1.53e-02	7.07e-04
 4.09280e+22	1.05e-28	5.88e-17	7.85e-14	7.79e-12	3.43e-10	1.07e-08	1.27e-05	1.12e-03	2.14e-02	8.85e-02	2.44e-01	2.96e-01	1.55e-01	7.58e-02	1.03e-01	1.42e-02	6.39e-04
 4.10625e+22	1.47e-28	7.91e-17	1.02e-13	9.71e-12	4.10e-10	1.23e-08	1.42e-05	1.24e-03	2.32e-02	9.36e-02	2.52e-01	2.98e-01	1.51e-01	7.21e-02	9.56e-02	1.27e-02	5.53e-04
 4.11990e+22	1.88e-28	9.77e-17	1.23e-13	1.14e-11	4.69e-10	1.37e-08	1.54e-05	1.34e-03	2.47e-02	9.74e-02	2.57e-01	2.99e-01	1.49e-01	6.95e-02	9.04e-02	1.17e-02	4.98e-04
 4.13380e+22	2.62e-28	1.30e-16	1.59e-13	1.42e-11	5.60e-10	1.58e-08	1.72e-05	1.48e-03	2.67e-02	1.03e-01	2.63e-01	3.00e-01	1.45e-01	6.61e-02	8.38e-02	1.05e-02	4.31e-04
 4.14813e+22	3.43e-28	1.65e-16	1.96e-13	1.70e-11	6.48e-10	1.78e-08	1.89e-05	1.60e-03	2.84e-02	1.07e-01	2.69e-01	3.00e-01	1.42e-01	6.34e-02	7.87e-02	9.60e-03	3.83e-04
 4.16302e+22	4.79e-28	2.20e-16	2.53e-13	2.12e-11	7.78e-10	2.06e-08	2.11e-05	1.76e-03	3.08e-02	1.13e-01	2.75e-01	3.00e-01	1.38e-01	6.00e-02	7.27e-02	8.56e-03	3.30e-04
 4.17837e+22	6.37e-28	2.81e-16	3.15e-13	2.55e-11	9.08e-10	2.33e-08	2.32e-05	1.91e-03	3.28e-02	1.18e-01	2.80e-01	2.99e-01	1.35e-01	5.72e-02	6.78e-02	7.76e-03	2.91e-04
 4.19435e+22	9.03e-28	3.80e-16	4.12e-13	3.21e-11	1.10e-09	2.72e-08	2.62e-05	2.12e-03	3.56e-02	1.24e-01	2.86e-01	2.98e-01	1.31e-01	5.39e-02	6.22e-02	6.86e-03	2.48e-04
 4.21074e+22	1.21e-27	4.88e-16	5.15e-13	3.90e-11	1.29e-09	3.09e-08	2.89e-05	2.31e-03	3.80e-02	1.29e-01	2.91e-01	2.97e-01	1.27e-01	5.12e-02	5.78e-02	6.19e-03	2.17e-04
 4.22767e+22	1.73e-27	6.66e-16	6.80e-13	4.95e-11	1.57e-09	3.63e-08	3.27e-05	2.56e-03	4.12e-02	1.36e-01	2.97e-01	2.95e-01	1.22e-01	4.79e-02	5.27e-02	5.43e-03	1.84e-04
 4.24513e+22	2.36e-27	8.65e-16	8.59e-13	6.05e-11	1.86e-09	4.16e-08	3.63e-05	2.80e-03	4.41e-02	1.41e-01	3.02e-01	2.92e-01	1.18e-01	4.53e-02	4.87e-02	4.86e-03	1.59e-04
 4.26328e+22	3.43e-27	1.19e-15	1.15e-12	7.76e-11	2.29e-09	4.92e-08	4.13e-05	3.12e-03	4.78e-02	1.49e-01	3.07e-01	2.89e-01	1.14e-01	4.22e-02	4.40e-02	4.23e-03	1.33e-04
 4.28206e+22	4.74e-27	1.57e-15	1.47e-12	9.60e-11	2.73e-09	5.68e-08	4.61e-05	3.41e-03	5.12e-02	1.55e-01	3.11e-01	2.86e-01	1.09e-01	3.96e-02	4.04e-02	3.75e-03	1.14e-04
 4.29907e+22	6.47e-27	2.05e-15	1.86e-12	1.18e-10	3.25e-09	6.53e-08	5.13e-05	3.73e-03	5.47e-02	1.61e-01	3.15e-01	2.83e-01	1.05e-01	3.72e-02	3.71e-02	3.33e-03	9.83e-05
 4.31860e+22	9.60e-27	2.87e-15	2.51e-12	1.53e-10	4.04e-09	7.79e-08	5.88e-05	4.17e-03	5.94e-02	1.69e-01	3.19e-01	2.78e-01	1.00e-01	3.43e-02	3.32e-02	2.86e-03	8.10e-05
 4.33850e+22	1.33e-26	3.79e-15	3.22e-12	1.90e-10	4.83e-09	9.02e-08	6.57e-05	4.56e-03	6.36e-02	1.76e-01	3.22e-01	2.73e-01	9.58e-02	3.20e-02	3.03e-02	2.52e-03	6.89e-05
 4.35891e+22	2.00e-26	5.35e-15	4.39e-12	2.48e-10	6.04e-09	1.08e-07	7.55e-05	5.11e-03	6.90e-02	1.84e-01	3.25e-01	2.68e-01	9.06e-02	2.94e-02	2.69e-02	2.15e-03	5.63e-05
 4.37958e+22	2.80e-26	7.11e-15	5.66e-12	3.09e-10	7.26e-09	1.25e-07	8.45e-05	5.59e-03	7.37e-02	1.91e-01	3.27e-01	2.63e-01	8.64e-02	2.73e-02	2.44e-02	1.88e-03	4.75e-05
 4.40061e+22	4.26e-26	1.02e-14	7.79e-12	4.08e-10	9.14e-09	1.51e-07	9.74e-05	6.27e-03	8.00e-02	1.99e-01	3.29e-01	2.56e-01	8.12e-02	2.49e-02	2.15e-02	1.58e-03	3.83e-05
 4.42186e+22	5.96e-26	1.35e-14	1.01e-11	5.08e-10	1.10e-08	1.76e-07	1.09e-04	6.85e-03	8.53e-02	2.06e-01	3.30e-01	2.50e-01	7.71e-02	2.30e-02	1.95e-02	1.38e-03	3.22e-05
 4.44340e+22	9.20e-26	1.96e-14	1.40e-11	6.76e-10	1.39e-08	2.13e-07	1.26e-04	7.69e-03	9.25e-02	2.15e-01	3.31e-01	2.42e-01	7.21e-02	2.08e-02	1.70e-02	1.15e-03	2.56e-05
 4.46506e+22	1.28e-25	2.60e-14	1.80e-11	8.41e-10	1.67e-08	2.47e-07	1.41e-04	8.39e-03	9.84e-02	2.22e-01	3.31e-01	2.36e-01	6.82e-02	1.92e-02	1.53e-02	1.00e-03	2.15e-05
 4.48317e+22	1.73e-25	3.37e-14	2.27e-11	1.03e-09	1.97e-08	2.83e-07	1.56e-04	9.08e-03	1.04e-01	2.28e-01	3.31e-01	2.31e-01	6.49e-02	1.79e-02	1.39e-02	8.78e-04	1.82e-05
 4.50303e+22	2.60e-25	4.78e-14	3.10e-11	1.34e-09	2.46e-08	3.38e-07	1.78e-04	1.01e-02	1.12e-01	2.36e-01	3.30e-01	2.23e-01	6.06e-02	1.62e-02	1.22e-02	7.36e-04	1.46e-05
 4.52260e+22	3.47e-25	6.12e-14	3.87e-11	1.62e-09	2.88e-08	3.85e-07	1.96e-04	1.09e-02	1.17e-01	2.41e-01	3.29e-01	2.17e-01	5.75e-02	1.51e-02	1.11e-02	6.48e-04	1.25e-05
 4.54181e+22	5.10e-25	8.57e-14	5.22e-11	2.10e-09	3.57e-08	4.57e-07	2.23e-04	1.20e-02	1.26e-01	2.48e-01	3.27e-01	2.10e-01	5.37e-02	1.37e-02	9.76e-03	5.45e-04	1.00e-05
 4.56135e+22	6.89e-25	1.11e-13	6.58e-11	2.56e-09	4.21e-08	5.23e-07	2.46e-04	1.29e-02	1.32e-01	2.54e-01	3.25e-01	2.04e-01	5.07e-02	1.26e-02	8.81e-03	4.75e-04	8.44e-06
 4.58131e+22	1.03e-24	1.58e-13	9.00e-11	3.35e-09	5.26e-08	6.27e-07	2.81e-04	1.43e-02	1.41e-01	2.61e-01	3.21e-01	1.95e-01	4.70e-02	1.14e-02	7.67e-03	3.94e-04	6.69e-06
 4.60151e+22	1.40e-24	2.07e-13	1.14e-10	4.11e-09	6.25e-08	7.22e-07	3.12e-04	1.55e-02	1.49e-01	2.66e-01	3.18e-01	1.89e-01	4.42e-02	1.04e-02	6.88e-03	3.41e-04	5.58e-06
 4.62201e+22	2.09e-24	2.97e-13	1.57e-10	5.41e-09	7.85e-08	8.70e-07	3.58e-04	1.72e-02	1.59e-01	2.73e-01	3.14e-01	1.81e-01	4.07e-02	9.35e-03	5.94e-03	2.81e-04	4.38e-06
 4.64289e+22	2.89e-24	3.96e-13	2.03e-10	6.74e-09	9.43e-08	1.01e-06	4.00e-04	1.87e-02	1.67e-01	2.78e-01	3.09e-01	1.74e-01	3.81e-02	8.53e-03	5.28e-03	2.40e-04	3.59e-06
 4.66428e+22	4.37e-24	5.77e-13	2.84e-10	8.99e-09	1.20e-07	1.23e-06	4.62e-04	2.08e-02	1.79e-01	2.84e-01	3.03e-01	1.65e-01	3.48e-02	7.56e-03	4.50e-03	1.94e-04	2.76e-06
 4.68605e+22	6.11e-24	7.78e-13	3.71e-10	1.13e-08	1.46e-07	1.45e-06	5.19e-04	2.27e-02	1.88e-01	2.89e-01	2.98e-01	1.58e-01	3.23e-02	6.85e-03	3.96e-03	1.64e-04	2.24e-06
 4.70832e+22	9.34e-24	1.15e-12	5.27e-10	1.53e-08	1.88e-07	1.79e-06	6.06e-04	2.54e-02	2.01e-01	2.94e-01	2.91e-01	1.49e-01	2.92e-02	6.00e-03	3.34e-03	1.31e-04	1.69e-06
 4.73088e+22	1.31e-23	1.57e-12	6.94e-10	1.95e-08	2.30e-07	2.11e-06	6.85e-04	2.78e-02	2.12e-01	2.98e-01	2.84e-01	1.42e-01	2.69e-02	5.40e-03	2.91e-03	1.09e-04	1.35e-06
 4.74993e+22	1.78e-23	2.08e-12	8.92e-10	2.42e-08	2.76e-07	2.47e-06	7.68e-04	3.01e-02	2.22e-01	3.01e-01	2.78e-01	1.36e-01	2.49e-02	4.89e-03	2.56e-03	9.20e-05	1.09e-06
 4.77085e+22	2.60e-23	3.00e-12	1.24e-09	3.22e-08	3.53e-07	3.03e-06	8.92e-04	3.36e-02	2.36e-01	3.04e-01	2.69e-01	1.27e-01	2.24e-02	4.29e-03	2.16e-03	7.35e-05	8.29e-07
 4.79185e+22	3.53e-23	3.97e-12	1.59e-09	4.02e-08	4.26e-07	3.56e-06	1.00e-03	3.65e-02	2.46e-01	3.06e-01	2.62e-01	1.21e-01	2.07e-02	3.87e-03	1.89e-03	6.17e-05	6.67e-07
 4.81234e+22	5.03e-23	5.61e-12	2.17e-09	5.28e-08	5.39e-07	4.35e-06	1.16e-03	4.05e-02	2.60e-01	3.08e-01	2.53e-01	1.13e-01	1.86e-02	3.39e-03	1.59e-03	4.94e-05	5.08e-07
 4.83325e+22	6.83e-23	7.47e-12	2.81e-09	6.65e-08	6.57e-07	5.15e-06	1.32e-03	4.43e-02	2.72e-01	3.09e-01	2.45e-01	1.07e-01	1.70e-02	3.03e-03	1.38e-03	4.09e-05	4.02e-07
 4.85378e+22	9.46e-23	1.04e-11	3.78e-09	8.66e-08	8.27e-07	6.28e-06	1.52e-03	4.90e-02	2.86e-01	3.09e-01	2.36e-01	9.98e-02	1.52e-02	2.65e-03	1.16e-03	3.27e-05	3.06e-07
 4.87473e+22	1.26e-22	1.39e-11	4.92e-09	1.10e-07	1.02e-06	7.53e-06	1.74e-03	5.38e-02	2.98e-01	3.09e-01	2.27e-01	9.34e-02	1.38e-02	2.34e-03	9.92e-04	2.67e-05	2.38e-07
 4.89524e+22	1.72e-22	1.88e-11	6.50e-09	1.41e-07	1.27e-06	9.14e-06	2.00e-03	5.94e-02	3.12e-01	3.08e-01	2.17e-01	8.68e-02	1.23e-02	2.05e-03	8.35e-04	2.14e-05	1.82e-07
 4.91570e+22	2.27e-22	2.48e-11	8.37e-09	1.78e-07	1.56e-06	1.09e-05	2.28e-03	6.49e-02	3.25e-01	3.06e-01	2.08e-01	8.08e-02	1.11e-02	1.80e-03	7.11e-04	1.74e-05	1.41e-07
 4.93637e+22	3.07e-22	3.32e-11	1.10e-08	2.28e-07	1.94e-06	1.33e-05	2.63e-03	7.16e-02	3.38e-01	3.04e-01	1.97e-01	7.46e-02	9.86e-03	1.56e-03	5.94e-04	1.38e-05	0.00e+00
 4.95733e+22	4.06e-22	4.36e-11	1.41e-08	2.88e-07	2.39e-06	1.60e-05	3.01e-03	7.85e-02	3.51e-01	3.00e-01	1.88e-01	6.88e-02	8.78e-03	1.36e-03	4.99e-04	1.11e-05	0.00e+00
 4.97780e+22	5.36e-22	5.67e-11	1.81e-08	3.63e-07	2.94e-06	1.92e-05	3.45e-03	8.60e-02	3.64e-01	2.96e-01	1.78e-01	6.33e-02	7.79e-03	1.18e-03	4.19e-04	8.83e-06	0.00e+00
 4.99830e+22	7.05e-22	7.32e-11	2.30e-08	4.55e-07	3.61e-06	2.31e-05	3.94e-03	9.40e-02	3.76e-01	2.92e-01	1.68e-01	5.81e-02	6.90e-03	1.02e-03	3.50e-04	7.03e-06	0.00e+00
 5.01890e+22	9.29e-22	9.40e-11	2.91e-08	5.70e-07	4.42e-06	2.77e-05	4.50e-03	1.03e-01	3.88e-01	2.86e-01	1.58e-01	5.31e-02	6.09e-03	8.80e-04	2.91e-04	5.58e-06	0.00e+00
 5.03964e+22	1.23e-21	1.20e-10	3.67e-08	7.11e-07	5.40e-06	3.32e-05	5.13e-03	1.12e-01	3.99e-01	2.80e-01	1.49e-01	4.84e-02	5.35e-03	7.57e-04	2.42e-04	4.42e-06	0.00e+00
 5.06058e+22	1.63e-21	1.51e-10	4.61e-08	8.84e-07	6.58e-06	3.99e-05	5.84e-03	1.22e-01	4.09e-01	2.74e-01	1.39e-01	4.39e-02	4.69e-03	6.48e-04	2.00e-04	3.48e-06	0.00e+00
 5.08165e+22	2.19e-21	1.90e-10	5.74e-08	1.09e-06	8.00e-06	4.76e-05	6.64e-03	1.32e-01	4.19e-01	2.67e-01	1.30e-01	3.98e-02	4.10e-03	5.53e-04	1.65e-04	2.73e-06	0.00e+00
 5.10303e+22	2.98e-21	2.38e-10	7.15e-08	1.36e-06	9.74e-06	5.71e-05	7.56e-03	1.44e-01	4.29e-01	2.59e-01	1.21e-01	3.58e-02	3.56e-03	4.69e-04	1.35e-04	2.13e-06	0.00e+00
 5.12462e+22	4.09e-21	2.94e-10	8.83e-08	1.67e-06	1.18e-05	6.80e-05	8.56e-03	1.55e-01	4.37e-01	2.51e-01	1.12e-01	3.22e-02	3.09e-03	3.98e-04	1.11e-04	1.66e-06	0.00e+00
 5.14662e+22	5.79e-21	3.64e-10	1.09e-07	2.06e-06	1.43e-05	8.15e-05	9.72e-03	1.68e-01	4.44e-01	2.43e-01	1.04e-01	2.88e-02	2.66e-03	3.34e-04	8.99e-05	1.28e-06	0.00e+00
 5.16897e+22	8.32e-21	4.45e-10	1.34e-07	2.52e-06	1.72e-05	9.70e-05	1.10e-02	1.81e-01	4.50e-01	2.34e-01	9.57e-02	2.57e-02	2.30e-03	2.81e-04	7.31e-05	9.93e-07	0.00e+00
 5.18945e+22	4.10e-20	5.25e-10	1.58e-07	2.98e-06	2.01e-05	1.12e-04	1.22e-02	1.92e-01	4.54e-01	2.26e-01	8.92e-02	2.33e-02	2.02e-03	2.42e-04	6.13e-05	7.99e-07	0.00e+00
 5.21085e+22	9.21e-19	6.42e-10	1.95e-07	3.67e-06	2.44e-05	1.34e-04	1.38e-02	2.07e-01	4.59e-01	2.16e-01	8.14e-02	2.05e-02	1.72e-03	2.00e-04	4.88e-05	6.03e-07	0.00e+00
 5.23257e+22	1.14e-18	7.51e-10	2.29e-07	4.32e-06	2.84e-05	1.55e-04	1.52e-02	2.19e-01	4.61e-01	2.08e-01	7.55e-02	1.85e-02	1.50e-03	1.71e-04	4.07e-05	4.83e-07	0.00e+00
 5.25488e+22	1.48e-18	9.14e-10	2.82e-07	5.32e-06	3.44e-05	1.86e-04	1.72e-02	2.35e-01	4.63e-01	1.98e-01	6.84e-02	1.61e-02	1.27e-03	1.40e-04	3.21e-05	3.61e-07	0.00e+00
 5.27732e+22	1.81e-18	1.06e-09	3.29e-07	6.23e-06	3.98e-05	2.13e-04	1.89e-02	2.48e-01	4.64e-01	1.90e-01	6.32e-02	1.45e-02	1.11e-03	1.19e-04	2.67e-05	2.87e-07	0.00e+00
 5.29994e+22	2.30e-18	1.27e-09	4.00e-07	7.61e-06	4.79e-05	2.55e-04	2.14e-02	2.65e-01	4.63e-01	1.80e-01	5.69e-02	1.26e-02	9.25e-04	9.70e-05	2.09e-05	2.13e-07	0.00e+00
 5.32260e+22	2.80e-18	1.47e-09	4.64e-07	8.85e-06	5.51e-05	2.91e-04	2.33e-02	2.77e-01	4.62e-01	1.72e-01	5.25e-02	1.13e-02	8.08e-04	8.28e-05	1.74e-05	1.70e-07	0.00e+00
 5.34534e+22	3.54e-18	1.74e-09	5.60e-07	1.07e-05	6.58e-05	3.45e-04	2.61e-02	2.94e-01	4.59e-01	1.62e-01	4.72e-02	9.79e-03	6.75e-04	6.71e-05	1.37e-05	1.27e-07	0.00e+00
 5.36830e+22	4.29e-18	1.99e-09	6.48e-07	1.24e-05	7.53e-05	3.92e-04	2.85e-02	3.07e-01	4.56e-01	1.55e-01	4.33e-02	8.76e-03	5.87e-04	5.71e-05	1.13e-05	0.00e+00	0.00e+00
 5.39156e+22	5.41e-18	2.35e-09	7.77e-07	1.50e-05	8.95e-05	4.63e-04	3.18e-02	3.24e-01	4.51e-01	1.45e-01	3.87e-02	7.55e-03	4.88e-04	4.60e-05	8.84e-06	0.00e+00	0.00e+00
 5.41511e+22	6.56e-18	2.69e-09	8.97e-07	1.73e-05	1.02e-04	5.26e-04	3.45e-02	3.38e-01	4.47e-01	1.38e-01	3.54e-02	6.72e-03	4.23e-04	3.89e-05	7.28e-06	0.00e+00	0.00e+00
 5.43904e+22	8.29e-18	3.16e-09	1.07e-06	2.08e-05	1.21e-04	6.20e-04	3.84e-02	3.55e-01	4.40e-01	1.28e-01	3.15e-02	5.76e-03	3.49e-04	3.12e-05	5.65e-06	0.00e+00	0.00e+00
 5.46338e+22	1.01e-17	3.61e-09	1.24e-06	2.41e-05	1.38e-04	7.04e-04	4.16e-02	3.68e-01	4.34e-01	1.21e-01	2.87e-02	5.10e-03	3.01e-04	2.62e-05	4.63e-06	0.00e+00	0.00e+00
 5.48826e+22	1.29e-17	4.24e-09	1.48e-06	2.89e-05	1.64e-04	8.29e-04	4.62e-02	3.86e-01	4.25e-01	1.13e-01	2.53e-02	4.34e-03	2.47e-04	2.08e-05	3.55e-06	0.00e+00	0.00e+00
 5.51368e+22	1.59e-17	4.85e-09	1.72e-06	3.35e-05	1.87e-04	9.41e-04	5.00e-02	3.99e-01	4.17e-01	1.06e-01	2.29e-02	3.82e-03	2.11e-04	1.74e-05	2.89e-06	0.00e+00	0.00e+00
 5.53980e+22	2.05e-17	5.72e-09	2.06e-06	4.04e-05	2.21e-04	1.11e-03	5.54e-02	4.16e-01	4.06e-01	9.76e-02	2.01e-02	3.22e-03	1.71e-04	1.36e-05	2.19e-06	0.00e+00	0.00e+00
 5.56651e+22	2.59e-17	6.58e-09	2.40e-06	4.68e-05	2.52e-04	1.26e-03	5.99e-02	4.29e-01	3.97e-01	9.14e-02	1.81e-02	2.81e-03	1.45e-04	1.13e-05	1.76e-06	0.00e+00	0.00e+00
 5.58904e+22	3.15e-17	7.40e-09	2.73e-06	5.33e-05	2.83e-04	1.41e-03	6.42e-02	4.40e-01	3.88e-01	8.61e-02	1.64e-02	2.49e-03	1.25e-04	9.50e-06	1.45e-06	0.00e+00	0.00e+00
 5.61340e+22	4.05e-17	8.61e-09	3.23e-06	6.29e-05	3.28e-04	1.62e-03	7.01e-02	4.55e-01	3.77e-01	7.95e-02	1.45e-02	2.12e-03	1.03e-04	7.60e-06	1.13e-06	0.00e+00	0.00e+00
 5.63712e+22	4.95e-17	9.64e-09	3.64e-06	7.08e-05	3.65e-04	1.80e-03	7.45e-02	4.65e-01	3.69e-01	7.50e-02	1.33e-02	1.89e-03	8.99e-05	6.48e-06	9.39e-07	0.00e+00	0.00e+00
 5.66001e+22	6.31e-17	1.10e-08	4.24e-06	8.24e-05	4.17e-04	2.05e-03	8.06e-02	4.77e-01	3.57e-01	6.93e-02	1.18e-02	1.63e-03	7.48e-05	5.24e-06	7.38e-07	0.00e+00	0.00e+00
 5.68311e+22	7.91e-17	1.25e-08	4.80e-06	9.28e-05	4.62e-04	2.26e-03	8.54e-02	4.86e-01	3.48e-01	6.54e-02	1.07e-02	1.45e-03	6.51e-05	4.47e-06	6.15e-07	0.00e+00	0.00e+00
 5.70649e+22	1.04e-16	1.43e-08	5.60e-06	1.08e-04	5.28e-04	2.57e-03	9.21e-02	4.97e-01	3.36e-01	6.03e-02	9.50e-03	1.24e-03	5.40e-05	3.61e-06	4.82e-07	0.00e+00	0.00e+00
 5.73019e+22	1.34e-16	1.62e-08	6.36e-06	1.22e-04	5.85e-04	2.83e-03	9.75e-02	5.05e-01	3.27e-01	5.66e-02	8.64e-03	1.10e-03	4.68e-05	3.06e-06	4.00e-07	0.00e+00	0.00e+00
 5.75431e+22	1.84e-16	1.88e-08	7.45e-06	1.42e-04	6.67e-04	3.22e-03	1.05e-01	5.16e-01	3.15e-01	5.19e-02	7.61e-03	9.40e-04	3.86e-05	2.45e-06	3.11e-07	0.00e+00	0.00e+00
 5.77877e+22	2.49e-16	2.14e-08	8.49e-06	1.60e-04	7.39e-04	3.54e-03	1.11e-01	5.23e-01	3.05e-01	4.86e-02	6.90e-03	8.31e-04	3.33e-05	2.07e-06	2.57e-07	0.00e+00	0.00e+00
 5.80367e+22	3.65e-16	2.49e-08	9.98e-06	1.87e-04	8.43e-04	4.03e-03	1.19e-01	5.32e-01	2.92e-01	4.44e-02	6.04e-03	7.04e-04	2.73e-05	1.65e-06	1.99e-07	0.00e+00	0.00e+00
 5.82899e+22	5.48e-16	2.86e-08	1.14e-05	2.12e-04	9.35e-04	4.43e-03	1.26e-01	5.38e-01	2.83e-01	4.14e-02	5.45e-03	6.20e-04	2.34e-05	1.38e-06	1.63e-07	0.00e+00	0.00e+00
 5.85488e+22	9.13e-16	3.36e-08	1.35e-05	2.48e-04	1.07e-03	5.04e-03	1.35e-01	5.46e-01	2.70e-01	3.76e-02	4.74e-03	5.21e-04	1.90e-05	1.09e-06	1.25e-07	0.00e+00	0.00e+00
 5.88127e+22	1.69e-15	3.89e-08	1.56e-05	2.82e-04	1.19e-03	5.54e-03	1.43e-01	5.51e-01	2.60e-01	3.49e-02	4.26e-03	4.56e-04	1.62e-05	9.11e-07	0.00e+00	0.00e+00	0.00e+00
 5.90832e+22	3.71e-15	4.62e-08	1.86e-05	3.31e-04	1.36e-03	6.31e-03	1.53e-01	5.57e-01	2.46e-01	3.15e-02	3.68e-03	3.81e-04	1.30e-05	7.12e-07	0.00e+00	0.00e+00	0.00e+00
 5.93607e+22	9.41e-15	5.39e-08	2.16e-05	3.78e-04	1.51e-03	6.97e-03	1.61e-01	5.61e-01	2.36e-01	2.91e-02	3.28e-03	3.30e-04	1.10e-05	5.86e-07	0.00e+00	0.00e+00	0.00e+00
