#depth	Ar	Ar+	Ar+2	Ar+3	Ar+4	Ar+5	Ar+6	Ar+7	Ar+8	Ar+9	Ar+10	Ar+11	Ar+12	Ar+13	Ar+14	Ar+15	Ar+16	Ar+17	Ar+18
 4.62852e+21	0.00e+00	0.00e+00	0.00e+00	0.00e+00	0.00e+00	0.00e+00	0.00e+00	2.83e-25	1.24e-21	1.67e-18	1.11e-15	3.58e-13	8.01e-11	9.08e-09	6.53e-07	4.95e-05	6.54e-03	1.31e-01	8.62e-01
 1.05529e+22	0.00e+00	0.00e+00	0.00e+00	0.00e+00	0.00e+00	0.00e+00	8.53e-27	1.48e-23	4.39e-20	4.05e-17	1.85e-14	4.13e-12	6.37e-10	5.03e-08	2.54e-06	1.36e-04	1.26e-02	1.76e-01	8.11e-01
 1.27361e+22	0.00e+00	0.00e+00	0.00e+00	0.00e+00	0.00e+00	7.68e-29	1.56e-25	2.15e-22	4.91e-19	3.49e-16	1.24e-13	2.14e-11	2.57e-09	1.59e-07	6.31e-06	2.65e-04	1.93e-02	2.13e-01	7.68e-01
 1.43333e+22	0.00e+00	0.00e+00	0.00e+00	0.00e+00	0.00e+00	4.30e-28	7.31e-25	8.37e-22	3.36e-18	1.94e-15	5.60e-13	7.92e-11	7.76e-09	3.94e-07	1.29e-05	4.49e-04	2.70e-02	2.45e-01	7.28e-01
 1.52206e+22	0.00e+00	0.00e+00	0.00e+00	0.00e+00	2.96e-31	8.04e-28	1.31e-24	1.43e-21	5.44e-18	2.98e-15	8.17e-13	1.10e-10	1.02e-08	4.95e-07	1.55e-05	5.11e-04	2.93e-02	2.53e-01	7.17e-01
 1.55280e+22	0.00e+00	0.00e+00	0.00e+00	0.00e+00	4.83e-31	1.27e-27	1.99e-24	2.11e-21	7.72e-18	4.07e-15	1.08e-12	1.39e-10	1.25e-08	5.83e-07	1.76e-05	5.62e-04	3.11e-02	2.59e-01	7.09e-01
 1.58270e+22	0.00e+00	0.00e+00	0.00e+00	0.00e+00	9.09e-31	2.29e-27	3.45e-24	3.49e-21	1.22e-17	6.11e-15	1.54e-12	1.90e-10	1.62e-08	7.23e-07	2.08e-05	6.36e-04	3.36e-02	2.68e-01	6.98e-01
 1.61114e+22	0.00e+00	0.00e+00	0.00e+00	0.00e+00	1.45e-30	3.53e-27	5.16e-24	5.05e-21	1.70e-17	8.23e-15	2.00e-12	2.38e-10	1.97e-08	8.47e-07	2.36e-05	6.96e-04	3.56e-02	2.74e-01	6.90e-01
 1.63383e+22	0.00e+00	0.00e+00	0.00e+00	0.00e+00	2.15e-30	5.10e-27	7.26e-24	6.93e-21	2.25e-17	1.06e-14	2.49e-12	2.88e-10	2.31e-08	9.65e-07	2.62e-05	7.50e-04	3.73e-02	2.79e-01	6.83e-01
 1.65945e+22	0.00e+00	0.00e+00	0.00e+00	0.00e+00	3.58e-30	8.23e-27	1.13e-23	1.04e-20	3.26e-17	1.47e-14	3.33e-12	3.70e-10	2.86e-08	1.15e-06	3.00e-05	8.28e-04	3.97e-02	2.86e-01	6.74e-01
 1.68683e+22	0.00e+00	0.00e+00	0.00e+00	0.00e+00	5.78e-30	1.29e-26	1.71e-23	1.53e-20	4.60e-17	2.00e-14	4.35e-12	4.67e-10	3.47e-08	1.35e-06	3.40e-05	9.08e-04	4.20e-02	2.92e-01	6.65e-01
 1.71231e+22	0.00e+00	0.00e+00	0.00e+00	0.00e+00	9.30e-30	2.00e-26	2.58e-23	2.23e-20	6.46e-17	2.71e-14	5.69e-12	5.89e-10	4.23e-08	1.58e-06	3.86e-05	9.94e-04	4.44e-02	2.98e-01	6.56e-01
 1.73735e+22	0.00e+00	0.00e+00	0.00e+00	0.00e+00	1.49e-29	3.12e-26	3.90e-23	3.25e-20	9.09e-17	3.67e-14	7.43e-12	7.42e-10	5.13e-08	1.85e-06	4.37e-05	1.09e-03	4.70e-02	3.05e-01	6.47e-01
 1.76144e+22	0.00e+00	0.00e+00	0.00e+00	0.00e+00	2.32e-29	4.70e-26	5.69e-23	4.61e-20	1.25e-16	4.85e-14	9.52e-12	9.19e-10	6.15e-08	2.15e-06	4.90e-05	1.18e-03	4.95e-02	3.11e-01	6.39e-01
 1.78821e+22	0.00e+00	0.00e+00	0.00e+00	0.00e+00	2.09e-29	4.09e-26	4.79e-23	7.00e-20	1.81e-16	6.77e-14	1.27e-11	1.18e-09	7.60e-08	2.56e-06	5.61e-05	1.30e-03	5.26e-02	3.18e-01	6.28e-01
 1.81650e+22	0.00e+00	0.00e+00	0.00e+00	0.00e+00	6.49e-29	1.23e-25	1.39e-22	1.05e-19	2.61e-16	9.38e-14	1.70e-11	1.52e-09	9.37e-08	3.03e-06	6.42e-05	1.44e-03	5.58e-02	3.24e-01	6.18e-01
 1.84129e+22	0.00e+00	0.00e+00	0.00e+00	0.00e+00	5.46e-29	1.00e-25	1.10e-22	1.50e-19	3.61e-16	1.25e-13	2.19e-11	1.89e-09	1.13e-07	3.53e-06	7.22e-05	1.56e-03	5.88e-02	3.31e-01	6.09e-01
 1.86803e+22	0.00e+00	0.00e+00	0.00e+00	0.00e+00	9.28e-29	1.65e-25	1.74e-22	2.29e-19	5.28e-16	1.76e-13	2.94e-11	2.44e-09	1.40e-07	4.21e-06	8.28e-05	1.73e-03	6.24e-02	3.38e-01	5.98e-01
 1.89641e+22	0.00e+00	0.00e+00	0.00e+00	3.67e-32	1.54e-28	2.64e-25	2.70e-22	3.42e-19	7.58e-16	2.42e-13	3.91e-11	3.12e-09	1.72e-07	4.98e-06	9.45e-05	1.90e-03	6.61e-02	3.44e-01	5.88e-01
 1.92069e+22	0.00e+00	0.00e+00	0.00e+00	5.86e-32	2.38e-28	3.96e-25	3.93e-22	4.83e-19	1.04e-15	3.20e-13	5.00e-11	3.85e-09	2.06e-07	5.76e-06	1.06e-04	2.06e-03	6.94e-02	3.50e-01	5.78e-01
 1.94257e+22	0.00e+00	0.00e+00	0.00e+00	9.00e-32	3.57e-28	5.78e-25	5.58e-22	6.67e-19	1.38e-15	4.15e-13	6.27e-11	4.68e-09	2.42e-07	6.59e-06	1.17e-04	2.22e-03	7.26e-02	3.55e-01	5.70e-01
 1.96755e+22	0.00e+00	0.00e+00	0.00e+00	1.50e-31	5.75e-28	9.03e-25	8.46e-22	9.78e-19	1.95e-15	5.63e-13	8.19e-11	5.90e-09	2.94e-07	7.71e-06	1.33e-04	2.42e-03	7.66e-02	3.62e-01	5.59e-01
 1.99483e+22	0.00e+00	0.00e+00	0.00e+00	2.53e-31	9.39e-28	1.43e-24	1.29e-21	1.44e-18	2.77e-15	7.69e-13	1.08e-10	7.48e-09	3.59e-07	9.08e-06	1.51e-04	2.65e-03	8.08e-02	3.68e-01	5.48e-01
 2.01997e+22	0.00e+00	0.00e+00	0.00e+00	4.11e-31	1.48e-27	2.19e-24	1.92e-21	2.07e-18	3.85e-15	1.03e-12	1.39e-10	9.34e-09	4.33e-07	1.06e-05	1.70e-04	2.88e-03	8.50e-02	3.74e-01	5.38e-01
 2.04752e+22	0.00e+00	0.00e+00	0.00e+00	7.33e-31	2.55e-27	3.63e-24	3.07e-21	3.19e-18	5.68e-15	1.46e-12	1.89e-10	1.21e-08	5.39e-07	1.26e-05	1.95e-04	3.18e-03	9.01e-02	3.80e-01	5.26e-01
 2.07495e+22	0.00e+00	0.00e+00	0.00e+00	1.22e-30	4.12e-27	5.66e-24	4.63e-21	4.65e-18	7.98e-15	1.97e-12	2.47e-10	1.53e-08	6.55e-07	1.48e-05	2.20e-04	3.47e-03	9.48e-02	3.86e-01	5.15e-01
 2.09724e+22	0.00e+00	0.00e+00	0.00e+00	1.88e-30	6.18e-27	8.27e-24	6.58e-21	6.41e-18	1.07e-14	2.56e-12	3.10e-10	1.86e-08	7.73e-07	1.69e-05	2.44e-04	3.73e-03	9.90e-02	3.91e-01	5.06e-01
 2.12123e+22	0.00e+00	0.00e+00	0.00e+00	3.10e-30	9.87e-27	1.28e-23	9.88e-21	9.31e-18	1.49e-14	3.45e-12	4.03e-10	2.33e-08	9.34e-07	1.97e-05	2.75e-04	4.06e-03	1.04e-01	3.97e-01	4.95e-01
 2.14748e+22	0.00e+00	0.00e+00	0.00e+00	5.14e-30	1.58e-26	1.99e-23	1.49e-20	1.35e-17	2.09e-14	4.66e-12	5.25e-10	2.93e-08	1.13e-06	2.31e-05	3.10e-04	4.42e-03	1.09e-01	4.02e-01	4.84e-01
 2.17202e+22	0.00e+00	0.00e+00	0.00e+00	8.21e-30	2.46e-26	3.00e-23	2.17e-20	1.91e-17	2.87e-14	6.17e-12	6.72e-10	3.63e-08	1.35e-06	2.67e-05	3.47e-04	4.78e-03	1.14e-01	4.07e-01	4.74e-01
 2.19926e+22	0.00e+00	0.00e+00	0.00e+00	1.45e-29	4.19e-26	4.92e-23	3.44e-20	2.92e-17	4.20e-14	8.66e-12	9.05e-10	4.68e-08	1.68e-06	3.18e-05	3.97e-04	5.25e-03	1.21e-01	4.12e-01	4.61e-01
 2.22647e+22	0.00e+00	0.00e+00	0.00e+00	2.40e-29	6.72e-26	7.64e-23	5.16e-20	4.23e-17	5.87e-14	1.17e-11	1.18e-09	5.89e-08	2.03e-06	3.71e-05	4.47e-04	5.70e-03	1.27e-01	4.17e-01	4.50e-01
 2.24869e+22	0.00e+00	0.00e+00	0.00e+00	3.70e-29	1.01e-25	1.12e-22	7.33e-20	5.83e-17	7.85e-14	1.52e-11	1.48e-09	7.16e-08	2.40e-06	4.25e-05	4.95e-04	6.13e-03	1.32e-01	4.21e-01	4.40e-01
 2.27265e+22	0.00e+00	0.00e+00	0.00e+00	6.13e-29	1.62e-25	1.73e-22	1.10e-19	8.46e-17	1.10e-13	2.05e-11	1.93e-09	8.99e-08	2.90e-06	4.95e-05	5.58e-04	6.65e-03	1.38e-01	4.26e-01	4.29e-01
 2.29857e+22	0.00e+00	0.00e+00	2.62e-32	1.01e-28	2.59e-25	2.68e-22	1.65e-19	1.22e-16	1.53e-13	2.76e-11	2.51e-09	1.13e-07	3.52e-06	5.78e-05	6.28e-04	7.22e-03	1.45e-01	4.30e-01	4.17e-01
 2.32241e+22	0.00e+00	0.00e+00	4.24e-32	1.59e-28	3.96e-25	3.98e-22	2.38e-19	1.71e-16	2.08e-13	3.61e-11	3.18e-09	1.38e-07	4.18e-06	6.65e-05	6.98e-04	7.77e-03	1.51e-01	4.33e-01	4.07e-01
 2.34879e+22	0.00e+00	0.00e+00	7.68e-32	2.80e-28	6.71e-25	6.50e-22	3.73e-19	2.58e-16	3.02e-13	5.04e-11	4.26e-09	1.78e-07	5.17e-06	7.90e-05	7.96e-04	8.51e-03	1.59e-01	4.37e-01	3.95e-01
 2.37497e+22	0.00e+00	0.00e+00	1.28e-31	4.53e-28	1.05e-24	9.88e-22	5.50e-19	3.66e-16	4.15e-13	6.72e-11	5.49e-09	2.22e-07	6.21e-06	9.16e-05	8.91e-04	9.20e-03	1.66e-01	4.41e-01	3.84e-01
 2.39649e+22	0.00e+00	0.00e+00	2.01e-31	6.96e-28	1.57e-24	1.43e-21	7.75e-19	5.00e-16	5.52e-13	8.66e-11	6.86e-09	2.69e-07	7.30e-06	1.04e-04	9.84e-04	9.85e-03	1.72e-01	4.43e-01	3.74e-01
 2.42007e+22	0.00e+00	0.00e+00	3.41e-31	1.15e-27	2.51e-24	2.21e-21	1.16e-18	7.21e-16	7.68e-13	1.16e-10	8.90e-09	3.37e-07	8.82e-06	1.22e-04	1.10e-03	1.07e-02	1.80e-01	4.46e-01	3.63e-01
 2.44544e+22	0.00e+00	0.00e+00	5.80e-31	1.89e-27	4.01e-24	3.41e-21	1.72e-18	1.03e-15	1.07e-12	1.56e-10	1.16e-08	4.22e-07	1.07e-05	1.42e-04	1.24e-03	1.15e-02	1.87e-01	4.48e-01	3.51e-01
 2.46843e+22	0.00e+00	0.00e+00	9.22e-31	2.94e-27	6.05e-24	5.00e-21	2.45e-18	1.42e-15	1.43e-12	2.03e-10	1.45e-08	5.14e-07	1.26e-05	1.62e-04	1.37e-03	1.24e-02	1.94e-01	4.50e-01	3.41e-01
 2.49359e+22	0.00e+00	0.00e+00	1.67e-30	5.15e-27	1.02e-23	8.13e-21	3.82e-18	2.13e-15	2.07e-12	2.82e-10	1.95e-08	6.61e-07	1.56e-05	1.92e-04	1.56e-03	1.35e-02	2.04e-01	4.52e-01	3.29e-01
 2.51859e+22	0.00e+00	0.00e+00	2.72e-30	8.16e-27	1.57e-23	1.21e-20	5.50e-18	2.96e-15	2.79e-12	3.70e-10	2.47e-08	8.13e-07	1.85e-05	2.22e-04	1.74e-03	1.45e-02	2.11e-01	4.53e-01	3.19e-01
 2.53943e+22	0.00e+00	0.00e+00	4.27e-30	1.25e-26	2.33e-23	1.74e-20	7.69e-18	4.01e-15	3.68e-12	4.75e-10	3.08e-08	9.84e-07	2.18e-05	2.52e-04	1.91e-03	1.54e-02	2.19e-01	4.54e-01	3.09e-01
 2.56258e+22	0.00e+00	0.00e+00	7.24e-30	2.06e-26	3.72e-23	2.68e-20	1.14e-17	5.75e-15	5.11e-12	6.37e-10	3.99e-08	1.23e-06	2.63e-05	2.94e-04	2.14e-03	1.67e-02	2.27e-01	4.55e-01	2.98e-01
 2.58716e+22	0.00e+00	0.00e+00	1.23e-29	3.39e-26	5.90e-23	4.10e-20	1.69e-17	8.15e-15	7.04e-12	8.51e-10	5.16e-08	1.54e-06	3.17e-05	3.42e-04	2.40e-03	1.80e-02	2.36e-01	4.55e-01	2.87e-01
 2.60892e+22	0.00e+00	0.00e+00	1.93e-29	5.19e-26	8.77e-23	5.93e-20	2.36e-17	1.10e-14	9.30e-12	1.09e-09	6.43e-08	1.86e-06	3.73e-05	3.89e-04	2.64e-03	1.92e-02	2.44e-01	4.55e-01	2.78e-01
 2.63252e+22	0.00e+00	0.00e+00	3.41e-29	8.87e-26	1.45e-22	9.39e-20	3.59e-17	1.61e-14	1.32e-11	1.49e-09	8.49e-08	2.36e-06	4.56e-05	4.58e-04	2.98e-03	2.07e-02	2.54e-01	4.55e-01	2.67e-01
 2.65610e+22	0.00e+00	0.00e+00	5.53e-29	1.40e-25	2.21e-22	1.38e-19	5.11e-17	2.21e-14	1.76e-11	1.95e-09	1.07e-07	2.90e-06	5.42e-05	5.26e-04	3.31e-03	2.22e-02	2.63e-01	4.54e-01	2.57e-01
 2.67585e+22	0.00e+00	0.00e+00	8.47e-29	2.09e-25	3.20e-22	1.95e-19	7.00e-17	2.93e-14	2.28e-11	2.46e-09	1.32e-07	3.46e-06	6.30e-05	5.93e-04	3.62e-03	2.35e-02	2.70e-01	4.53e-01	2.49e-01
 2.69772e+22	0.00e+00	0.00e+00	1.43e-28	3.43e-25	5.07e-22	2.97e-19	1.03e-16	4.13e-14	3.13e-11	3.27e-09	1.70e-07	4.32e-06	7.59e-05	6.89e-04	4.04e-03	2.53e-02	2.80e-01	4.51e-01	2.39e-01
 2.72073e+22	0.00e+00	0.00e+00	2.35e-28	5.47e-25	7.82e-22	4.43e-19	1.47e-16	5.72e-14	4.22e-11	4.29e-09	2.16e-07	5.31e-06	9.05e-05	7.93e-04	4.48e-03	2.70e-02	2.89e-01	4.49e-01	2.29e-01
 2.74127e+22	0.00e+00	0.00e+00	3.70e-28	8.36e-25	1.16e-21	6.35e-19	2.04e-16	7.66e-14	5.54e-11	5.48e-09	2.69e-07	6.41e-06	1.06e-04	9.01e-04	4.92e-03	2.87e-02	2.97e-01	4.47e-01	2.21e-01
 2.76398e+22	0.00e+00	0.00e+00	6.56e-28	1.43e-24	1.91e-21	1.00e-18	3.09e-16	1.11e-13	7.78e-11	7.47e-09	3.54e-07	8.14e-06	1.30e-04	1.06e-03	5.54e-03	3.10e-02	3.08e-01	4.44e-01	2.10e-01
 2.78718e+22	0.00e+00	0.00e+00	1.05e-27	2.23e-24	2.88e-21	1.46e-18	4.36e-16	1.51e-13	1.03e-10	9.65e-09	4.44e-07	9.91e-06	1.53e-04	1.21e-03	6.11e-03	3.30e-02	3.17e-01	4.41e-01	2.02e-01
 2.80734e+22	0.00e+00	0.00e+00	1.68e-27	3.47e-24	4.32e-21	2.12e-18	6.08e-16	2.02e-13	1.36e-10	1.24e-08	5.56e-07	1.20e-05	1.81e-04	1.38e-03	6.73e-03	3.50e-02	3.25e-01	4.38e-01	1.93e-01
 2.82640e+22	0.00e+00	0.00e+00	2.58e-27	5.19e-24	6.27e-21	2.98e-18	8.29e-16	2.67e-13	1.76e-10	1.56e-08	6.83e-07	1.44e-05	2.10e-04	1.56e-03	7.34e-03	3.70e-02	3.33e-01	4.35e-01	1.86e-01
 2.84769e+22	0.00e+00	9.73e-33	4.37e-27	8.50e-24	9.89e-21	4.52e-18	1.21e-15	3.73e-13	2.40e-10	2.07e-08	8.78e-07	1.79e-05	2.52e-04	1.80e-03	8.16e-03	3.95e-02	3.43e-01	4.30e-01	1.77e-01
 2.86992e+22	0.00e+00	1.63e-32	7.11e-27	1.34e-23	1.51e-20	6.63e-18	1.70e-15	5.05e-13	3.19e-10	2.69e-08	1.11e-06	2.18e-05	2.99e-04	2.06e-03	9.00e-03	4.20e-02	3.52e-01	4.26e-01	1.69e-01
 2.88965e+22	0.00e+00	2.61e-32	1.11e-26	2.04e-23	2.22e-20	9.44e-18	2.34e-15	6.70e-13	4.15e-10	3.42e-08	1.37e-06	2.63e-05	3.50e-04	2.34e-03	9.84e-03	4.44e-02	3.60e-01	4.21e-01	1.62e-01
 2.91156e+22	0.00e+00	4.73e-32	1.95e-26	3.45e-23	3.60e-20	1.47e-17	3.49e-15	9.53e-13	5.76e-10	4.61e-08	1.79e-06	3.31e-05	4.25e-04	2.73e-03	1.10e-02	4.75e-02	3.70e-01	4.15e-01	1.53e-01
 2.93332e+22	0.00e+00	7.73e-32	3.10e-26	5.33e-23	5.38e-20	2.11e-17	4.83e-15	1.27e-12	7.54e-10	5.90e-08	2.23e-06	4.00e-05	4.99e-04	3.10e-03	1.21e-02	5.02e-02	3.79e-01	4.10e-01	1.46e-01
 2.95164e+22	0.00e+00	1.20e-31	4.70e-26	7.87e-23	7.70e-20	2.93e-17	6.48e-15	1.65e-12	9.62e-10	7.36e-08	2.71e-06	4.74e-05	5.76e-04	3.47e-03	1.31e-02	5.28e-02	3.86e-01	4.05e-01	1.40e-01
 2.97221e+22	0.00e+00	2.10e-31	8.00e-26	1.29e-22	1.22e-19	4.44e-17	9.42e-15	2.29e-12	1.31e-09	9.76e-08	3.49e-06	5.90e-05	6.92e-04	4.02e-03	1.45e-02	5.61e-02	3.95e-01	3.98e-01	1.32e-01
 2.99328e+22	0.00e+00	3.43e-31	1.27e-25	1.99e-22	1.81e-19	6.36e-17	1.30e-14	3.03e-12	1.71e-09	1.24e-07	4.34e-06	7.12e-05	8.12e-04	4.55e-03	1.58e-02	5.92e-02	4.03e-01	3.92e-01	1.25e-01
 3.01180e+22	0.00e+00	5.40e-31	1.95e-25	2.98e-22	2.62e-19	8.91e-17	1.75e-14	3.96e-12	2.19e-09	1.56e-07	5.32e-06	8.48e-05	9.41e-04	5.12e-03	1.72e-02	6.21e-02	4.10e-01	3.85e-01	1.19e-01
 3.03265e+22	0.00e+00	9.55e-31	3.35e-25	4.94e-22	4.17e-19	1.36e-16	2.56e-14	5.50e-12	2.99e-09	2.08e-07	6.85e-06	1.06e-04	1.13e-03	5.91e-03	1.90e-02	6.59e-02	4.18e-01	3.78e-01	1.12e-01
 3.05415e+22	0.00e+00	1.58e-30	5.39e-25	7.70e-22	6.27e-19	1.96e-16	3.55e-14	7.34e-12	3.92e-09	2.66e-07	8.56e-06	1.28e-04	1.33e-03	6.72e-03	2.08e-02	6.94e-02	4.25e-01	3.70e-01	1.06e-01
 3.07313e+22	0.00e+00	2.54e-30	8.45e-25	1.17e-21	9.20e-19	2.78e-16	4.84e-14	9.62e-12	5.06e-09	3.37e-07	1.06e-05	1.53e-04	1.55e-03	7.57e-03	2.26e-02	7.28e-02	4.32e-01	3.63e-01	1.01e-01
 3.09157e+22	0.00e+00	4.04e-30	1.31e-24	1.77e-21	1.34e-18	3.91e-16	6.55e-14	1.25e-11	6.51e-09	4.24e-07	1.30e-05	1.83e-04	1.80e-03	8.50e-03	2.45e-02	7.62e-02	4.38e-01	3.56e-01	9.54e-02
 3.11265e+22	0.00e+00	7.19e-30	2.27e-24	2.94e-21	2.14e-18	5.96e-16	9.55e-14	1.74e-11	8.88e-09	5.65e-07	1.67e-05	2.28e-04	2.16e-03	9.81e-03	2.71e-02	8.05e-02	4.45e-01	3.46e-01	8.91e-02
 3.13439e+22	0.00e+00	1.23e-29	3.76e-24	4.71e-21	3.29e-18	8.77e-16	1.34e-13	2.34e-11	1.18e-08	7.33e-07	2.12e-05	2.79e-04	2.56e-03	1.12e-02	2.97e-02	8.47e-02	4.51e-01	3.38e-01	8.35e-02
 3.15324e+22	0.00e+00	1.95e-29	5.83e-24	7.09e-21	4.79e-18	1.23e-15	1.81e-13	3.04e-11	1.51e-08	9.21e-07	2.59e-05	3.32e-04	2.96e-03	1.26e-02	3.21e-02	8.83e-02	4.55e-01	3.30e-01	7.88e-02
 3.17402e+22	0.00e+00	3.44e-29	1.00e-23	1.17e-20	7.59e-18	1.86e-15	2.62e-13	4.19e-11	2.05e-08	1.22e-06	3.33e-05	4.12e-04	3.55e-03	1.44e-02	3.53e-02	9.29e-02	4.61e-01	3.20e-01	7.33e-02
 3.19484e+22	0.00e+00	5.49e-29	1.56e-23	1.77e-20	1.11e-17	2.62e-15	3.55e-13	5.45e-11	2.63e-08	1.53e-06	4.08e-05	4.90e-04	4.10e-03	1.61e-02	3.81e-02	9.67e-02	4.64e-01	3.11e-01	6.89e-02
 3.21277e+22	0.00e+00	8.80e-29	2.44e-23	2.68e-20	1.62e-17	3.67e-15	4.77e-13	7.02e-11	3.36e-08	1.93e-06	5.01e-05	5.85e-04	4.75e-03	1.81e-02	4.11e-02	1.01e-01	4.68e-01	3.03e-01	6.47e-02
 3.23019e+22	0.00e+00	1.36e-28	3.67e-23	3.93e-20	2.29e-17	5.02e-15	6.29e-13	8.93e-11	4.23e-08	2.38e-06	6.05e-05	6.87e-04	5.43e-03	2.00e-02	4.40e-02	1.04e-01	4.70e-01	2.94e-01	6.10e-02
 3.24657e+22	0.00e+00	2.03e-28	5.39e-23	5.61e-20	3.17e-17	6.72e-15	8.12e-13	1.11e-10	5.22e-08	2.89e-06	7.21e-05	7.97e-04	6.15e-03	2.20e-02	4.69e-02	1.08e-01	4.72e-01	2.87e-01	5.77e-02
 3.26208e+22	0.00e+00	3.08e-28	8.00e-23	8.09e-20	4.41e-17	9.03e-15	1.05e-12	1.39e-10	6.47e-08	3.53e-06	8.62e-05	9.30e-04	7.00e-03	2.43e-02	5.00e-02	1.11e-01	4.73e-01	2.79e-01	5.43e-02
 3.27606e+22	0.00e+00	4.40e-28	1.12e-22	1.11e-19	5.86e-17	1.16e-14	1.31e-12	1.67e-10	7.77e-08	4.19e-06	1.00e-04	1.06e-03	7.80e-03	2.64e-02	5.28e-02	1.14e-01	4.74e-01	2.72e-01	5.16e-02
 3.28844e+22	0.00e+00	5.95e-28	1.50e-22	1.44e-19	7.47e-17	1.44e-14	1.58e-12	1.97e-10	9.10e-08	4.85e-06	1.14e-04	1.18e-03	8.55e-03	2.83e-02	5.53e-02	1.17e-01	4.75e-01	2.66e-01	4.93e-02
 3.30248e+22	0.00e+00	8.94e-28	2.20e-22	2.07e-19	1.03e-16	1.93e-14	2.04e-12	2.44e-10	1.12e-07	5.89e-06	1.36e-04	1.37e-03	9.67e-03	3.11e-02	5.88e-02	1.20e-01	4.75e-01	2.58e-01	4.64e-02
 3.31717e+22	0.00e+00	1.28e-27	3.10e-22	2.84e-19	1.38e-16	2.49e-14	2.55e-12	2.95e-10	1.35e-07	7.00e-06	1.59e-04	1.57e-03	1.08e-02	3.37e-02	6.19e-02	1.23e-01	4.74e-01	2.51e-01	4.39e-02
 3.32990e+22	0.00e+00	1.78e-27	4.24e-22	3.78e-19	1.79e-16	3.14e-14	3.11e-12	3.50e-10	1.60e-07	8.18e-06	1.83e-04	1.76e-03	1.19e-02	3.63e-02	6.50e-02	1.25e-01	4.74e-01	2.44e-01	4.17e-02
 3.34179e+22	0.00e+00	2.47e-27	5.80e-22	5.04e-19	2.32e-16	3.95e-14	3.80e-12	4.14e-10	1.88e-07	9.55e-06	2.10e-04	1.98e-03	1.31e-02	3.91e-02	6.81e-02	1.28e-01	4.73e-01	2.37e-01	3.96e-02
 3.35358e+22	0.00e+00	3.37e-27	7.77e-22	6.61e-19	2.96e-16	4.91e-14	4.59e-12	4.86e-10	2.20e-07	1.11e-05	2.39e-04	2.22e-03	1.44e-02	4.18e-02	7.11e-02	1.30e-01	4.71e-01	2.31e-01	3.76e-02
 3.36516e+22	0.00e+00	4.57e-27	1.04e-21	8.64e-19	3.77e-16	6.08e-14	5.52e-12	5.68e-10	2.57e-07	1.28e-05	2.72e-04	2.47e-03	1.57e-02	4.47e-02	7.41e-02	1.33e-01	4.69e-01	2.25e-01	3.58e-02
 3.37652e+22	0.00e+00	6.23e-27	1.40e-21	1.13e-18	4.81e-16	7.54e-14	6.64e-12	6.64e-10	3.00e-07	1.47e-05	3.09e-04	2.76e-03	1.72e-02	4.78e-02	7.73e-02	1.35e-01	4.67e-01	2.19e-01	3.40e-02
 3.38773e+22	0.00e+00	8.45e-27	1.86e-21	1.48e-18	6.11e-16	9.31e-14	7.96e-12	7.73e-10	3.49e-07	1.70e-05	3.51e-04	3.07e-03	1.88e-02	5.10e-02	8.05e-02	1.37e-01	4.65e-01	2.12e-01	3.22e-02
 3.40052e+22	0.00e+00	1.24e-26	2.68e-21	2.06e-18	8.24e-16	1.21e-13	9.99e-12	9.36e-10	4.22e-07	2.03e-05	4.11e-04	3.51e-03	2.10e-02	5.53e-02	8.45e-02	1.39e-01	4.61e-01	2.05e-01	3.01e-02
 3.41349e+22	3.99e-33	1.73e-26	3.69e-21	2.76e-18	1.07e-15	1.53e-13	1.22e-11	1.10e-09	4.98e-07	2.37e-05	4.73e-04	3.95e-03	2.31e-02	5.93e-02	8.82e-02	1.42e-01	4.57e-01	1.98e-01	2.84e-02
 3.42446e+22	5.44e-33	2.33e-26	4.88e-21	3.57e-18	1.35e-15	1.87e-13	1.45e-11	1.27e-09	5.75e-07	2.72e-05	5.34e-04	4.37e-03	2.51e-02	6.31e-02	9.15e-02	1.43e-01	4.54e-01	1.92e-01	2.69e-02
 3.43465e+22	7.32e-33	3.09e-26	6.39e-21	4.57e-18	1.68e-15	2.27e-13	1.70e-11	1.46e-09	6.59e-07	3.09e-05	5.99e-04	4.82e-03	2.71e-02	6.68e-02	9.47e-02	1.45e-01	4.50e-01	1.86e-01	2.55e-02
 3.44450e+22	9.81e-33	4.08e-26	8.34e-21	5.83e-18	2.09e-15	2.74e-13	2.00e-11	1.66e-09	7.55e-07	3.51e-05	6.71e-04	5.30e-03	2.93e-02	7.07e-02	9.79e-02	1.46e-01	4.46e-01	1.80e-01	2.42e-02
 3.45578e+22	1.41e-32	5.77e-26	1.16e-20	7.88e-18	2.74e-15	3.47e-13	2.44e-11	1.96e-09	8.92e-07	4.11e-05	7.73e-04	5.97e-03	3.23e-02	7.57e-02	1.02e-01	1.48e-01	4.40e-01	1.73e-01	2.26e-02
 3.46727e+22	1.96e-32	7.87e-26	1.56e-20	1.03e-17	3.48e-15	4.27e-13	2.91e-11	2.27e-09	1.03e-06	4.72e-05	8.75e-04	6.63e-03	3.51e-02	8.05e-02	1.05e-01	1.49e-01	4.34e-01	1.67e-01	2.13e-02
 3.47712e+22	2.61e-32	1.04e-25	2.03e-20	1.31e-17	4.30e-15	5.13e-13	3.40e-11	2.57e-09	1.18e-06	5.34e-05	9.77e-04	7.26e-03	3.78e-02	8.48e-02	1.09e-01	1.50e-01	4.29e-01	1.61e-01	2.01e-02
 3.48798e+22	3.77e-32	1.47e-25	2.83e-20	1.77e-17	5.64e-15	6.49e-13	4.13e-11	3.02e-09	1.39e-06	6.25e-05	1.12e-03	8.16e-03	4.16e-02	9.06e-02	1.13e-01	1.51e-01	4.22e-01	1.54e-01	1.87e-02
 3.49916e+22	5.21e-32	2.00e-25	3.80e-20	2.32e-17	7.14e-15	7.95e-13	4.90e-11	3.46e-09	1.60e-06	7.16e-05	1.27e-03	9.03e-03	4.51e-02	9.60e-02	1.16e-01	1.52e-01	4.15e-01	1.48e-01	1.75e-02
 3.50902e+22	7.05e-32	2.67e-25	5.01e-20	2.97e-17	8.90e-15	9.61e-13	5.74e-11	3.93e-09	1.83e-06	8.13e-05	1.42e-03	9.92e-03	4.86e-02	1.01e-01	1.20e-01	1.53e-01	4.08e-01	1.42e-01	1.65e-02
 3.52013e+22	1.05e-31	3.90e-25	7.18e-20	4.11e-17	1.19e-14	1.23e-12	7.04e-11	4.64e-09	2.18e-06	9.58e-05	1.64e-03	1.12e-02	5.36e-02	1.08e-01	1.24e-01	1.53e-01	3.99e-01	1.35e-01	1.51e-02
 3.53136e+22	1.44e-31	5.29e-25	9.60e-20	5.34e-17	1.49e-14	1.50e-12	8.28e-11	5.28e-09	2.50e-06	1.09e-04	1.85e-03	1.23e-02	5.78e-02	1.14e-01	1.27e-01	1.53e-01	3.91e-01	1.29e-01	1.41e-02
 3.54093e+22	1.92e-31	6.97e-25	1.25e-19	6.78e-17	1.84e-14	1.79e-12	9.61e-11	5.95e-09	2.83e-06	1.23e-04	2.05e-03	1.35e-02	6.19e-02	1.19e-01	1.30e-01	1.53e-01	3.83e-01	1.23e-01	1.32e-02
 3.55157e+22	2.90e-31	1.03e-24	1.82e-19	9.48e-17	2.47e-14	2.30e-12	1.18e-10	6.97e-09	3.36e-06	1.45e-04	2.38e-03	1.52e-02	6.82e-02	1.28e-01	1.34e-01	1.52e-01	3.72e-01	1.16e-01	1.20e-02
 3.56201e+22	3.84e-31	1.35e-24	2.34e-19	1.19e-16	3.02e-14	2.73e-12	1.35e-10	7.79e-09	3.78e-06	1.63e-04	2.63e-03	1.65e-02	7.27e-02	1.33e-01	1.37e-01	1.52e-01	3.64e-01	1.11e-01	1.13e-02
 3.57220e+22	5.70e-31	1.97e-24	3.36e-19	1.64e-16	4.00e-14	3.46e-12	1.64e-10	9.04e-09	4.45e-06	1.90e-04	3.02e-03	1.85e-02	7.95e-02	1.41e-01	1.41e-01	1.51e-01	3.52e-01	1.04e-01	1.03e-02
 3.58221e+22	7.45e-31	2.54e-24	4.29e-19	2.05e-16	4.84e-14	4.08e-12	1.87e-10	1.00e-08	4.98e-06	2.11e-04	3.32e-03	2.00e-02	8.43e-02	1.47e-01	1.43e-01	1.50e-01	3.44e-01	9.94e-02	9.60e-03
 3.59197e+22	1.10e-30	3.70e-24	6.15e-19	2.81e-16	6.38e-14	5.13e-12	2.25e-10	1.16e-08	5.82e-06	2.46e-04	3.80e-03	2.23e-02	9.18e-02	1.55e-01	1.46e-01	1.48e-01	3.31e-01	9.28e-02	8.69e-03
 3.60170e+22	1.45e-30	4.81e-24	7.90e-19	3.52e-16	7.75e-14	6.05e-12	2.57e-10	1.28e-08	6.51e-06	2.74e-04	4.17e-03	2.40e-02	9.73e-02	1.61e-01	1.48e-01	1.47e-01	3.22e-01	8.83e-02	8.09e-03
 3.61138e+22	2.15e-30	7.01e-24	1.13e-18	4.84e-16	1.02e-13	7.61e-12	3.08e-10	1.47e-08	7.59e-06	3.17e-04	4.76e-03	2.67e-02	1.06e-01	1.69e-01	1.51e-01	1.45e-01	3.09e-01	8.20e-02	7.28e-03
 3.62115e+22	2.87e-30	9.24e-24	1.47e-18	6.11e-16	1.25e-13	9.02e-12	3.53e-10	1.63e-08	8.50e-06	3.54e-04	5.23e-03	2.89e-02	1.12e-01	1.75e-01	1.52e-01	1.43e-01	2.99e-01	7.75e-02	6.73e-03
 3.63101e+22	4.30e-30	1.36e-23	2.13e-18	8.47e-16	1.65e-13	1.14e-11	4.24e-10	1.87e-08	9.91e-06	4.11e-04	5.97e-03	3.21e-02	1.21e-01	1.84e-01	1.54e-01	1.40e-01	2.85e-01	7.15e-02	6.01e-03
 3.64095e+22	5.79e-30	1.81e-23	2.79e-18	1.08e-15	2.03e-13	1.35e-11	4.86e-10	2.08e-08	1.11e-05	4.58e-04	6.56e-03	3.46e-02	1.28e-01	1.90e-01	1.56e-01	1.37e-01	2.75e-01	6.72e-02	5.51e-03
 3.65100e+22	8.66e-30	2.66e-23	4.03e-18	1.49e-15	2.68e-13	1.70e-11	5.83e-10	2.38e-08	1.29e-05	5.29e-04	7.44e-03	3.82e-02	1.38e-01	1.98e-01	1.57e-01	1.34e-01	2.61e-01	6.17e-02	4.89e-03
 3.66096e+22	1.17e-29	3.55e-23	5.31e-18	1.89e-15	3.30e-13	2.02e-11	6.67e-10	2.64e-08	1.44e-05	5.88e-04	8.16e-03	4.11e-02	1.45e-01	2.04e-01	1.57e-01	1.31e-01	2.50e-01	5.77e-02	4.47e-03
 3.67079e+22	1.74e-29	5.20e-23	7.65e-18	2.61e-15	4.34e-13	2.54e-11	7.96e-10	3.01e-08	1.66e-05	6.75e-04	9.20e-03	4.52e-02	1.56e-01	2.11e-01	1.58e-01	1.27e-01	2.36e-01	5.27e-02	3.95e-03
 3.68079e+22	2.40e-29	7.04e-23	1.02e-17	3.36e-15	5.39e-13	3.03e-11	9.15e-10	3.34e-08	1.86e-05	7.52e-04	1.01e-02	4.86e-02	1.64e-01	2.17e-01	1.58e-01	1.24e-01	2.25e-01	4.89e-02	3.57e-03
 3.69099e+22	3.63e-29	1.05e-22	1.49e-17	4.68e-15	7.16e-13	3.83e-11	1.10e-09	3.82e-08	2.15e-05	8.64e-04	1.14e-02	5.33e-02	1.75e-01	2.24e-01	1.58e-01	1.19e-01	2.11e-01	4.42e-02	3.11e-03
 3.70130e+22	5.03e-29	1.43e-22	2.01e-17	6.06e-15	8.93e-13	4.60e-11	1.27e-09	4.24e-08	2.40e-05	9.61e-04	1.25e-02	5.72e-02	1.84e-01	2.30e-01	1.57e-01	1.16e-01	2.00e-01	4.07e-02	2.79e-03
 3.71175e+22	7.71e-29	2.15e-22	2.96e-17	8.51e-15	1.19e-12	5.84e-11	1.52e-09	4.86e-08	2.77e-05	1.10e-03	1.40e-02	6.25e-02	1.95e-01	2.36e-01	1.56e-01	1.11e-01	1.86e-01	3.65e-02	2.41e-03
 3.72225e+22	1.07e-28	2.94e-22	3.99e-17	1.10e-14	1.49e-12	7.01e-11	1.76e-09	5.40e-08	3.08e-05	1.22e-03	1.53e-02	6.68e-02	2.04e-01	2.40e-01	1.54e-01	1.07e-01	1.75e-01	3.35e-02	2.15e-03
 3.73133e+22	1.47e-28	4.00e-22	5.34e-17	1.42e-14	1.85e-12	8.38e-11	2.02e-09	5.99e-08	3.41e-05	1.35e-03	1.66e-02	7.11e-02	2.13e-01	2.44e-01	1.53e-01	1.03e-01	1.65e-01	3.07e-02	1.92e-03
 3.74162e+22	2.23e-28	5.93e-22	7.76e-17	1.97e-14	2.44e-12	1.05e-10	2.41e-09	6.84e-08	3.89e-05	1.52e-03	1.85e-02	7.69e-02	2.24e-01	2.49e-01	1.50e-01	9.78e-02	1.53e-01	2.74e-02	1.66e-03
 3.75191e+22	3.05e-28	8.02e-22	1.03e-16	2.53e-14	3.02e-12	1.26e-10	2.77e-09	7.57e-08	4.29e-05	1.67e-03	1.99e-02	8.15e-02	2.32e-01	2.52e-01	1.48e-01	9.40e-02	1.44e-01	2.51e-02	1.47e-03
 3.76221e+22	4.62e-28	1.19e-21	1.50e-16	3.50e-14	3.99e-12	1.58e-10	3.31e-09	8.65e-08	4.86e-05	1.88e-03	2.20e-02	8.77e-02	2.43e-01	2.55e-01	1.45e-01	8.90e-02	1.32e-01	2.22e-02	1.26e-03
 3.77258e+22	6.26e-28	1.59e-21	1.98e-16	4.45e-14	4.90e-12	1.88e-10	3.79e-09	9.57e-08	5.34e-05	2.05e-03	2.37e-02	9.23e-02	2.51e-01	2.57e-01	1.42e-01	8.53e-02	1.24e-01	2.03e-02	1.12e-03
 3.78307e+22	9.44e-28	2.35e-21	2.87e-16	6.15e-14	6.46e-12	2.36e-10	4.54e-09	1.10e-07	6.02e-05	2.30e-03	2.60e-02	9.88e-02	2.61e-01	2.59e-01	1.39e-01	8.05e-02	1.14e-01	1.80e-02	9.57e-04
 3.79376e+22	1.29e-27	3.16e-21	3.80e-16	7.86e-14	7.98e-12	2.82e-10	5.22e-09	1.22e-07	6.61e-05	2.51e-03	2.78e-02	1.04e-01	2.69e-01	2.61e-01	1.36e-01	7.68e-02	1.07e-01	1.63e-02	8.47e-04
 3.80473e+22	1.95e-27	4.69e-21	5.52e-16	1.09e-13	1.05e-11	3.55e-10	6.27e-09	1.40e-07	7.45e-05	2.80e-03	3.05e-02	1.11e-01	2.78e-01	2.61e-01	1.32e-01	7.21e-02	9.73e-02	1.44e-02	7.17e-04
 3.81597e+22	2.68e-27	6.35e-21	7.34e-16	1.40e-13	1.31e-11	4.26e-10	7.24e-09	1.56e-07	8.18e-05	3.05e-03	3.26e-02	1.16e-01	2.85e-01	2.62e-01	1.28e-01	6.86e-02	9.06e-02	1.30e-02	6.31e-04
 3.82757e+22	4.06e-27	9.43e-21	1.07e-15	1.93e-13	1.73e-11	5.39e-10	8.74e-09	1.80e-07	9.22e-05	3.40e-03	3.55e-02	1.23e-01	2.94e-01	2.61e-01	1.24e-01	6.41e-02	8.23e-02	1.14e-02	5.31e-04
 3.83940e+22	5.62e-27	1.28e-20	1.43e-15	2.49e-13	2.16e-11	6.48e-10	1.01e-08	2.02e-07	1.01e-04	3.69e-03	3.79e-02	1.29e-01	3.01e-01	2.60e-01	1.20e-01	6.07e-02	7.62e-02	1.02e-02	4.64e-04
 3.85153e+22	8.53e-27	1.91e-20	2.07e-15	3.45e-13	2.86e-11	8.23e-10	1.23e-08	2.34e-07	1.14e-04	4.10e-03	4.12e-02	1.36e-01	3.09e-01	2.59e-01	1.16e-01	5.65e-02	6.89e-02	8.88e-03	3.88e-04
 3.86373e+22	1.17e-26	2.57e-20	2.74e-15	4.42e-13	3.54e-11	9.86e-10	1.42e-08	2.62e-07	1.25e-04	4.44e-03	4.38e-02	1.42e-01	3.15e-01	2.57e-01	1.12e-01	5.34e-02	6.37e-02	7.97e-03	3.39e-04
 3.87605e+22	1.76e-26	3.77e-20	3.93e-15	6.06e-13	4.66e-11	1.24e-09	1.71e-08	3.04e-07	1.40e-04	4.91e-03	4.73e-02	1.49e-01	3.22e-01	2.55e-01	1.07e-01	4.96e-02	5.75e-02	6.93e-03	2.84e-04
 3.88868e+22	2.42e-26	5.11e-20	5.23e-15	7.78e-13	5.79e-11	1.50e-09	1.99e-08	3.42e-07	1.53e-04	5.32e-03	5.03e-02	1.55e-01	3.27e-01	2.52e-01	1.03e-01	4.67e-02	5.30e-02	6.20e-03	2.46e-04
 3.89965e+22	3.25e-26	6.75e-20	6.79e-15	9.79e-13	7.08e-11	1.78e-09	2.29e-08	3.81e-07	1.67e-04	5.72e-03	5.31e-02	1.61e-01	3.32e-01	2.50e-01	1.00e-01	4.42e-02	4.91e-02	5.58e-03	2.16e-04
 3.91183e+22	4.74e-26	9.64e-20	9.47e-15	1.31e-12	9.14e-11	2.21e-09	2.74e-08	4.38e-07	1.86e-04	6.27e-03	5.68e-02	1.68e-01	3.37e-01	2.46e-01	9.55e-02	4.10e-02	4.44e-02	4.87e-03	1.82e-04
 3.92415e+22	6.35e-26	1.27e-19	1.23e-14	1.65e-12	1.11e-10	2.62e-09	3.14e-08	4.89e-07	2.02e-04	6.72e-03	5.99e-02	1.73e-01	3.40e-01	2.43e-01	9.21e-02	3.87e-02	4.10e-02	4.38e-03	1.59e-04
 3.93662e+22	9.25e-26	1.81e-19	1.71e-14	2.20e-12	1.44e-10	3.26e-09	3.76e-08	5.62e-07	2.25e-04	7.35e-03	6.39e-02	1.81e-01	3.45e-01	2.39e-01	8.77e-02	3.59e-02	3.70e-02	3.81e-03	1.34e-04
 3.94929e+22	1.23e-25	2.37e-19	2.19e-14	2.75e-12	1.75e-10	3.85e-09	4.31e-08	6.28e-07	2.45e-04	7.87e-03	6.72e-02	1.86e-01	3.48e-01	2.35e-01	8.43e-02	3.38e-02	3.42e-02	3.42e-03	1.17e-04
 3.96042e+22	1.64e-25	3.09e-19	2.81e-14	3.42e-12	2.12e-10	4.54e-09	4.94e-08	6.99e-07	2.65e-04	8.42e-03	7.05e-02	1.92e-01	3.50e-01	2.31e-01	8.11e-02	3.18e-02	3.16e-02	3.07e-03	1.02e-04
 3.97310e+22	2.36e-25	4.36e-19	3.88e-14	4.55e-12	2.72e-10	5.63e-09	5.90e-08	8.04e-07	2.95e-04	9.17e-03	7.49e-02	1.99e-01	3.53e-01	2.26e-01	7.69e-02	2.94e-02	2.84e-02	2.67e-03	8.54e-05
 3.98570e+22	3.06e-25	5.56e-19	4.86e-14	5.55e-12	3.24e-10	6.56e-09	6.69e-08	8.90e-07	3.18e-04	9.75e-03	7.82e-02	2.04e-01	3.55e-01	2.22e-01	7.40e-02	2.78e-02	2.63e-02	2.41e-03	7.54e-05
 3.99819e+22	4.35e-25	7.72e-19	6.59e-14	7.27e-12	4.11e-10	8.05e-09	7.93e-08	1.02e-06	3.52e-04	1.06e-02	8.28e-02	2.10e-01	3.57e-01	2.17e-01	7.02e-02	2.57e-02	2.37e-02	2.10e-03	6.34e-05
 4.01092e+22	5.66e-25	9.88e-19	8.28e-14	8.91e-12	4.92e-10	9.40e-09	9.02e-08	1.13e-06	3.81e-04	1.12e-02	8.64e-02	2.15e-01	3.58e-01	2.13e-01	6.74e-02	2.42e-02	2.19e-02	1.89e-03	5.57e-05
 4.02397e+22	8.04e-25	1.37e-18	1.12e-13	1.17e-11	6.25e-10	1.16e-08	1.07e-07	1.30e-06	4.22e-04	1.22e-02	9.13e-02	2.22e-01	3.59e-01	2.07e-01	6.37e-02	2.23e-02	1.97e-02	1.64e-03	4.66e-05
 4.03727e+22	1.05e-24	1.76e-18	1.42e-13	1.44e-11	7.50e-10	1.36e-08	1.22e-07	1.44e-06	4.57e-04	1.30e-02	9.53e-02	2.27e-01	3.60e-01	2.03e-01	6.09e-02	2.09e-02	1.82e-02	1.47e-03	4.07e-05
 4.05089e+22	1.50e-24	2.46e-18	1.93e-13	1.89e-11	9.55e-10	1.67e-08	1.46e-07	1.66e-06	5.07e-04	1.41e-02	1.01e-01	2.34e-01	3.60e-01	1.97e-01	5.73e-02	1.92e-02	1.63e-02	1.27e-03	3.39e-05
 4.06475e+22	1.97e-24	3.16e-18	2.43e-13	2.32e-11	1.15e-09	1.96e-08	1.67e-07	1.85e-06	5.50e-04	1.50e-02	1.05e-01	2.39e-01	3.60e-01	1.92e-01	5.47e-02	1.80e-02	1.49e-02	1.13e-03	2.95e-05
 4.07894e+22	2.82e-24	4.42e-18	3.31e-13	3.05e-11	1.46e-09	2.43e-08	1.99e-07	2.13e-06	6.11e-04	1.62e-02	1.11e-01	2.45e-01	3.59e-01	1.86e-01	5.13e-02	1.65e-02	1.33e-02	9.75e-04	2.45e-05
 4.09280e+22	3.59e-24	5.53e-18	4.07e-13	3.68e-11	1.73e-09	2.80e-08	2.24e-07	2.35e-06	6.58e-04	1.71e-02	1.15e-01	2.50e-01	3.58e-01	1.81e-01	4.91e-02	1.55e-02	1.23e-02	8.80e-04	2.16e-05
 4.10625e+22	5.02e-24	7.57e-18	5.43e-13	4.75e-11	2.17e-09	3.42e-08	2.65e-07	2.69e-06	7.27e-04	1.85e-02	1.20e-01	2.56e-01	3.57e-01	1.75e-01	4.61e-02	1.42e-02	1.10e-02	7.61e-04	1.80e-05
 4.11990e+22	6.41e-24	9.48e-18	6.69e-13	5.73e-11	2.56e-09	3.95e-08	2.99e-07	2.97e-06	7.83e-04	1.95e-02	1.25e-01	2.60e-01	3.56e-01	1.71e-01	4.40e-02	1.34e-02	1.02e-02	6.85e-04	1.58e-05
 4.13380e+22	8.90e-24	1.29e-17	8.85e-13	7.36e-11	3.21e-09	4.81e-08	3.53e-07	3.40e-06	8.64e-04	2.10e-02	1.31e-01	2.66e-01	3.54e-01	1.65e-01	4.13e-02	1.22e-02	9.09e-03	5.92e-04	1.32e-05
 4.14813e+22	1.16e-23	1.65e-17	1.11e-12	9.01e-11	3.84e-09	5.63e-08	4.03e-07	3.78e-06	9.36e-04	2.23e-02	1.36e-01	2.70e-01	3.52e-01	1.60e-01	3.92e-02	1.14e-02	8.30e-03	5.26e-04	1.14e-05
 4.16302e+22	1.62e-23	2.24e-17	1.47e-12	1.16e-10	4.82e-09	6.86e-08	4.75e-07	4.33e-06	1.03e-03	2.40e-02	1.42e-01	2.76e-01	3.49e-01	1.54e-01	3.66e-02	1.04e-02	7.40e-03	4.53e-04	9.52e-06
 4.17837e+22	2.15e-23	2.90e-17	1.87e-12	1.44e-10	5.83e-09	8.11e-08	5.47e-07	4.86e-06	1.13e-03	2.55e-02	1.48e-01	2.80e-01	3.46e-01	1.49e-01	3.45e-02	9.65e-03	6.71e-03	3.99e-04	8.14e-06
 4.19435e+22	3.03e-23	4.00e-17	2.50e-12	1.87e-10	7.37e-09	9.96e-08	6.51e-07	5.59e-06	1.25e-03	2.75e-02	1.55e-01	2.85e-01	3.42e-01	1.42e-01	3.21e-02	8.76e-03	5.94e-03	3.41e-04	6.70e-06
 4.21074e+22	4.05e-23	5.22e-17	3.19e-12	2.33e-10	8.96e-09	1.18e-07	7.52e-07	6.29e-06	1.37e-03	2.93e-02	1.61e-01	2.89e-01	3.38e-01	1.37e-01	3.01e-02	8.08e-03	5.36e-03	2.98e-04	5.69e-06
 4.22767e+22	5.78e-23	7.25e-17	4.31e-12	3.05e-10	1.14e-08	1.46e-07	8.99e-07	7.28e-06	1.52e-03	3.16e-02	1.68e-01	2.94e-01	3.33e-01	1.31e-01	2.79e-02	7.29e-03	4.71e-03	2.53e-04	4.65e-06
 4.24513e+22	7.81e-23	9.56e-17	5.55e-12	3.83e-10	1.40e-08	1.75e-07	1.04e-06	8.23e-06	1.67e-03	3.38e-02	1.75e-01	2.98e-01	3.29e-01	1.25e-01	2.60e-02	6.68e-03	4.22e-03	2.19e-04	3.91e-06
 4.26328e+22	1.13e-22	1.35e-16	7.58e-12	5.07e-10	1.80e-08	2.18e-07	1.26e-06	9.58e-06	1.87e-03	3.65e-02	1.83e-01	3.03e-01	3.23e-01	1.19e-01	2.39e-02	5.98e-03	3.68e-03	1.84e-04	3.15e-06
 4.28206e+22	1.55e-22	1.80e-16	9.88e-12	6.44e-10	2.23e-08	2.63e-07	1.47e-06	1.09e-05	2.05e-03	3.91e-02	1.90e-01	3.06e-01	3.18e-01	1.13e-01	2.22e-02	5.44e-03	3.27e-03	1.58e-04	2.62e-06
 4.29907e+22	2.11e-22	2.39e-16	1.28e-11	8.11e-10	2.74e-08	3.15e-07	1.72e-06	1.24e-05	2.25e-03	4.17e-02	1.97e-01	3.10e-01	3.12e-01	1.08e-01	2.06e-02	4.95e-03	2.91e-03	1.36e-04	2.18e-06
 4.31860e+22	3.11e-22	3.41e-16	1.76e-11	1.09e-09	3.56e-08	3.96e-07	2.08e-06	1.45e-05	2.53e-03	4.51e-02	2.06e-01	3.13e-01	3.05e-01	1.02e-01	1.87e-02	4.39e-03	2.51e-03	1.12e-04	1.73e-06
 4.33850e+22	4.29e-22	4.57e-16	2.30e-11	1.38e-09	4.42e-08	4.78e-07	2.44e-06	1.65e-05	2.79e-03	4.82e-02	2.14e-01	3.16e-01	2.99e-01	9.65e-02	1.73e-02	3.97e-03	2.21e-03	9.59e-05	1.43e-06
 4.35891e+22	6.38e-22	6.59e-16	3.20e-11	1.86e-09	5.77e-08	6.04e-07	2.97e-06	1.94e-05	3.14e-03	5.23e-02	2.24e-01	3.19e-01	2.91e-01	9.03e-02	1.56e-02	3.50e-03	1.89e-03	7.85e-05	1.12e-06
 4.37958e+22	8.83e-22	8.87e-16	4.20e-11	2.38e-09	7.18e-08	7.32e-07	3.49e-06	2.21e-05	3.46e-03	5.58e-02	2.31e-01	3.21e-01	2.84e-01	8.53e-02	1.44e-02	3.15e-03	1.66e-03	6.65e-05	9.15e-07
 4.40061e+22	1.33e-21	1.29e-15	5.89e-11	3.23e-09	9.45e-08	9.31e-07	4.28e-06	2.61e-05	3.90e-03	6.05e-02	2.41e-01	3.23e-01	2.75e-01	7.93e-02	1.29e-02	2.75e-03	1.40e-03	5.38e-05	7.08e-07
 4.42186e+22	1.84e-21	1.74e-15	7.71e-11	4.11e-09	1.17e-07	1.13e-06	5.03e-06	2.98e-05	4.30e-03	6.45e-02	2.49e-01	3.24e-01	2.67e-01	7.47e-02	1.18e-02	2.46e-03	1.23e-03	4.53e-05	5.75e-07
 4.44340e+22	2.80e-21	2.55e-15	1.09e-10	5.62e-09	1.56e-07	1.44e-06	6.19e-06	3.53e-05	4.86e-03	7.00e-02	2.60e-01	3.25e-01	2.58e-01	6.89e-02	1.05e-02	2.13e-03	1.03e-03	3.62e-05	4.38e-07
 4.46506e+22	3.86e-21	3.42e-15	1.42e-10	7.14e-09	1.93e-07	1.74e-06	7.26e-06	4.02e-05	5.34e-03	7.44e-02	2.68e-01	3.26e-01	2.50e-01	6.47e-02	9.55e-03	1.90e-03	8.95e-04	3.04e-05	3.55e-07
 4.48317e+22	5.17e-21	4.46e-15	1.80e-10	8.86e-09	2.34e-07	2.07e-06	8.39e-06	4.53e-05	5.82e-03	7.87e-02	2.75e-01	3.25e-01	2.43e-01	6.10e-02	8.77e-03	1.72e-03	7.89e-04	2.59e-05	2.93e-07
 4.50303e+22	7.60e-21	6.34e-15	2.47e-10	1.18e-08	3.04e-07	2.60e-06	1.02e-05	5.31e-05	6.52e-03	8.46e-02	2.84e-01	3.25e-01	2.33e-01	5.62e-02	7.80e-03	1.49e-03	6.63e-04	2.08e-05	2.25e-07
 4.52260e+22	1.00e-20	8.17e-15	3.11e-10	1.45e-08	3.65e-07	3.06e-06	1.17e-05	5.94e-05	7.07e-03	8.91e-02	2.91e-01	3.24e-01	2.26e-01	5.30e-02	7.17e-03	1.35e-03	5.85e-04	1.78e-05	1.86e-07
 4.54181e+22	1.45e-20	1.14e-14	4.19e-10	1.90e-08	4.67e-07	3.81e-06	1.40e-05	6.92e-05	7.88e-03	9.53e-02	3.00e-01	3.23e-01	2.17e-01	4.88e-02	6.38e-03	1.17e-03	4.93e-04	1.43e-05	1.43e-07
 4.56135e+22	1.93e-20	1.48e-14	5.29e-10	2.34e-08	5.66e-07	4.51e-06	1.62e-05	7.79e-05	8.57e-03	1.00e-01	3.07e-01	3.21e-01	2.10e-01	4.57e-02	5.82e-03	1.05e-03	4.31e-04	1.21e-05	0.00e+00
 4.58131e+22	2.81e-20	2.08e-14	7.18e-10	3.09e-08	7.30e-07	5.66e-06	1.96e-05	9.13e-05	9.58e-03	1.08e-01	3.16e-01	3.19e-01	2.00e-01	4.17e-02	5.13e-03	9.03e-04	3.58e-04	9.60e-06	0.00e+00
 4.60151e+22	3.76e-20	2.71e-14	9.09e-10	3.83e-08	8.87e-07	6.73e-06	2.27e-05	1.03e-04	1.04e-02	1.13e-01	3.22e-01	3.17e-01	1.92e-01	3.89e-02	4.65e-03	8.03e-04	3.11e-04	8.03e-06	0.00e+00
 4.62201e+22	5.49e-20	3.82e-14	1.23e-09	5.05e-08	1.14e-06	8.45e-06	2.76e-05	1.21e-04	1.17e-02	1.21e-01	3.31e-01	3.13e-01	1.83e-01	3.53e-02	4.06e-03	6.86e-04	2.56e-04	6.31e-06	0.00e+00
 4.64289e+22	7.42e-20	5.02e-14	1.57e-09	6.30e-08	1.40e-06	1.01e-05	3.22e-05	1.38e-04	1.28e-02	1.28e-01	3.37e-01	3.10e-01	1.75e-01	3.26e-02	3.64e-03	6.03e-04	2.19e-04	5.18e-06	0.00e+00
 4.66428e+22	1.09e-19	7.11e-14	2.14e-09	8.36e-08	1.82e-06	1.29e-05	3.94e-05	1.63e-04	1.44e-02	1.37e-01	3.46e-01	3.05e-01	1.64e-01	2.93e-02	3.14e-03	5.08e-04	1.78e-04	3.99e-06	0.00e+00
 4.68605e+22	1.48e-19	9.35e-14	2.72e-09	1.04e-07	2.25e-06	1.55e-05	4.63e-05	1.87e-04	1.58e-02	1.45e-01	3.52e-01	3.01e-01	1.56e-01	2.68e-02	2.79e-03	4.43e-04	1.50e-04	3.23e-06	0.00e+00
 4.70832e+22	2.19e-19	1.33e-13	3.70e-09	1.39e-07	2.94e-06	1.98e-05	5.71e-05	2.23e-04	1.79e-02	1.56e-01	3.59e-01	2.94e-01	1.46e-01	2.38e-02	2.37e-03	3.68e-04	1.20e-04	2.44e-06	0.00e+00
 4.73088e+22	2.97e-19	1.74e-13	4.70e-09	1.74e-07	3.63e-06	2.40e-05	6.73e-05	2.57e-04	1.96e-02	1.64e-01	3.65e-01	2.89e-01	1.38e-01	2.16e-02	2.09e-03	3.17e-04	9.97e-05	1.94e-06	0.00e+00
 4.74993e+22	3.90e-19	2.22e-13	5.81e-09	2.12e-07	4.39e-06	2.86e-05	7.81e-05	2.92e-04	2.14e-02	1.72e-01	3.70e-01	2.84e-01	1.30e-01	1.97e-02	1.85e-03	2.76e-04	8.42e-05	1.58e-06	0.00e+00
 4.77085e+22	5.52e-19	3.03e-13	7.59e-09	2.73e-07	5.60e-06	3.58e-05	9.49e-05	3.45e-04	2.40e-02	1.84e-01	3.75e-01	2.76e-01	1.21e-01	1.74e-02	1.57e-03	2.29e-04	6.72e-05	1.19e-06	0.00e+00
 4.79185e+22	7.18e-19	3.82e-13	9.29e-09	3.32e-07	6.75e-06	4.26e-05	1.10e-04	3.93e-04	2.62e-02	1.93e-01	3.79e-01	2.70e-01	1.14e-01	1.58e-02	1.38e-03	1.98e-04	5.64e-05	9.60e-07	0.00e+00
 4.81234e+22	9.87e-19	5.06e-13	1.18e-08	4.19e-07	8.48e-06	5.27e-05	1.32e-04	4.62e-04	2.92e-02	2.04e-01	3.83e-01	2.62e-01	1.06e-01	1.40e-02	1.18e-03	1.65e-04	4.51e-05	7.30e-07	0.00e+00
 4.83325e+22	1.28e-18	6.37e-13	1.44e-08	5.08e-07	1.03e-05	6.29e-05	1.54e-04	5.29e-04	3.20e-02	2.14e-01	3.85e-01	2.55e-01	9.89e-02	1.26e-02	1.02e-03	1.41e-04	3.73e-05	5.78e-07	0.00e+00
 4.85378e+22	1.72e-18	8.22e-13	1.79e-08	6.30e-07	1.27e-05	7.70e-05	1.84e-04	6.19e-04	3.55e-02	2.26e-01	3.88e-01	2.47e-01	9.12e-02	1.11e-02	8.69e-04	1.17e-04	2.98e-05	4.39e-07	0.00e+00
 4.87473e+22	2.22e-18	1.03e-12	2.16e-08	7.62e-07	1.54e-05	9.23e-05	2.16e-04	7.12e-04	3.90e-02	2.37e-01	3.89e-01	2.39e-01	8.45e-02	9.85e-03	7.47e-04	9.90e-05	2.43e-05	3.41e-07	0.00e+00
 4.89524e+22	2.89e-18	1.29e-12	2.62e-08	9.27e-07	1.88e-05	1.12e-04	2.54e-04	8.28e-04	4.31e-02	2.49e-01	3.90e-01	2.30e-01	7.77e-02	8.67e-03	6.34e-04	8.24e-05	1.95e-05	2.60e-07	0.00e+00
 4.91570e+22	3.69e-18	1.59e-12	3.12e-08	1.11e-06	2.25e-05	1.33e-04	2.96e-04	9.50e-04	4.71e-02	2.60e-01	3.90e-01	2.21e-01	7.18e-02	7.68e-03	5.43e-04	6.94e-05	1.58e-05	2.02e-07	0.00e+00
 4.93637e+22	4.75e-18	1.98e-12	3.73e-08	1.34e-06	2.73e-05	1.60e-04	3.48e-04	1.10e-03	5.20e-02	2.72e-01	3.89e-01	2.12e-01	6.56e-02	6.72e-03	4.58e-04	5.73e-05	1.26e-05	1.53e-07	0.00e+00
 4.95733e+22	6.00e-18	2.42e-12	4.39e-08	1.60e-06	3.28e-05	1.90e-04	4.06e-04	1.27e-03	5.69e-02	2.84e-01	3.88e-01	2.03e-01	6.00e-02	5.90e-03	3.89e-04	4.77e-05	1.01e-05	1.17e-07	0.00e+00
 4.97780e+22	7.54e-18	2.93e-12	5.14e-08	1.89e-06	3.91e-05	2.26e-04	4.71e-04	1.46e-03	6.23e-02	2.96e-01	3.85e-01	1.94e-01	5.48e-02	5.16e-03	3.29e-04	3.96e-05	8.10e-06	0.00e+00	0.00e+00
 4.99830e+22	9.41e-18	3.53e-12	5.98e-08	2.24e-06	4.65e-05	2.67e-04	5.46e-04	1.68e-03	6.81e-02	3.08e-01	3.82e-01	1.85e-01	4.99e-02	4.51e-03	2.78e-04	3.28e-05	6.48e-06	0.00e+00	0.00e+00
 5.01890e+22	1.17e-17	4.24e-12	6.93e-08	2.63e-06	5.52e-05	3.16e-04	6.31e-04	1.92e-03	7.43e-02	3.20e-01	3.78e-01	1.76e-01	4.53e-02	3.93e-03	2.34e-04	2.71e-05	5.17e-06	0.00e+00	0.00e+00
 5.03964e+22	1.45e-17	5.07e-12	8.00e-08	3.09e-06	6.54e-05	3.72e-04	7.27e-04	2.20e-03	8.09e-02	3.31e-01	3.73e-01	1.67e-01	4.10e-02	3.42e-03	1.97e-04	2.24e-05	4.11e-06	0.00e+00	0.00e+00
 5.06058e+22	1.79e-17	6.05e-12	9.20e-08	3.63e-06	7.73e-05	4.38e-04	8.37e-04	2.52e-03	8.80e-02	3.43e-01	3.68e-01	1.57e-01	3.70e-02	2.97e-03	1.65e-04	1.84e-05	3.26e-06	0.00e+00	0.00e+00
 5.08165e+22	2.21e-17	7.20e-12	1.06e-07	4.24e-06	9.10e-05	5.13e-04	9.60e-04	2.88e-03	9.55e-02	3.54e-01	3.62e-01	1.49e-01	3.34e-02	2.57e-03	1.38e-04	1.51e-05	2.59e-06	0.00e+00	0.00e+00
 5.10303e+22	2.73e-17	8.57e-12	1.21e-07	4.97e-06	1.07e-04	6.02e-04	1.10e-03	3.29e-03	1.04e-01	3.65e-01	3.55e-01	1.40e-01	3.00e-02	2.21e-03	1.15e-04	1.23e-05	2.04e-06	0.00e+00	0.00e+00
 5.12462e+22	3.36e-17	1.02e-11	1.39e-07	5.80e-06	1.26e-04	7.02e-04	1.26e-03	3.75e-03	1.12e-01	3.75e-01	3.47e-01	1.31e-01	2.69e-02	1.91e-03	9.62e-05	1.01e-05	1.61e-06	0.00e+00	0.00e+00
 5.14662e+22	4.17e-17	1.22e-11	1.60e-07	6.81e-06	1.49e-04	8.23e-04	1.44e-03	4.28e-03	1.21e-01	3.85e-01	3.39e-01	1.23e-01	2.40e-02	1.63e-03	7.96e-05	8.16e-06	1.26e-06	0.00e+00	0.00e+00
 5.16897e+22	5.16e-17	1.45e-11	1.83e-07	7.95e-06	1.74e-04	9.58e-04	1.63e-03	4.86e-03	1.31e-01	3.94e-01	3.30e-01	1.14e-01	2.14e-02	1.40e-03	6.60e-05	6.63e-06	9.85e-07	0.00e+00	0.00e+00
 5.18945e+22	6.17e-17	1.68e-11	2.06e-07	9.07e-06	1.99e-04	1.09e-03	1.82e-03	5.40e-03	1.39e-01	4.02e-01	3.22e-01	1.08e-01	1.94e-02	1.23e-03	5.64e-05	5.56e-06	8.03e-07	0.00e+00	0.00e+00
 5.21085e+22	7.76e-17	2.03e-11	2.39e-07	1.07e-05	2.35e-04	1.27e-03	2.07e-03	6.17e-03	1.50e-01	4.10e-01	3.12e-01	9.99e-02	1.71e-02	1.04e-03	4.60e-05	4.44e-06	6.17e-07	0.00e+00	0.00e+00
 5.23257e+22	9.37e-17	2.37e-11	2.71e-07	1.23e-05	2.69e-04	1.44e-03	2.30e-03	6.84e-03	1.59e-01	4.16e-01	3.03e-01	9.38e-02	1.54e-02	9.09e-04	3.92e-05	3.71e-06	5.01e-07	0.00e+00	0.00e+00
 5.25488e+22	1.20e-16	2.91e-11	3.18e-07	1.46e-05	3.19e-04	1.69e-03	2.62e-03	7.79e-03	1.71e-01	4.23e-01	2.92e-01	8.62e-02	1.35e-02	7.63e-04	3.17e-05	2.93e-06	3.81e-07	0.00e+00	0.00e+00
 5.27732e+22	1.45e-16	3.42e-11	3.62e-07	1.68e-05	3.64e-04	1.91e-03	2.89e-03	8.61e-03	1.81e-01	4.28e-01	2.83e-01	8.07e-02	1.21e-02	6.65e-04	2.69e-05	2.44e-06	3.09e-07	0.00e+00	0.00e+00
 5.29994e+22	1.87e-16	4.21e-11	4.28e-07	2.00e-05	4.32e-04	2.24e-03	3.27e-03	9.78e-03	1.94e-01	4.34e-01	2.72e-01	7.38e-02	1.06e-02	5.56e-04	2.17e-05	1.92e-06	2.34e-07	0.00e+00	0.00e+00
 5.32260e+22	2.28e-16	4.99e-11	4.91e-07	2.30e-05	4.92e-04	2.51e-03	3.59e-03	1.07e-02	2.04e-01	4.37e-01	2.63e-01	6.90e-02	9.51e-03	4.86e-04	1.85e-05	1.61e-06	1.90e-07	0.00e+00	0.00e+00
 5.34534e+22	2.96e-16	6.20e-11	5.85e-07	2.75e-05	5.81e-04	2.92e-03	4.04e-03	1.21e-02	2.18e-01	4.40e-01	2.51e-01	6.30e-02	8.27e-03	4.06e-04	1.49e-05	1.27e-06	1.45e-07	0.00e+00	0.00e+00
