#depth	Cl	Cl+	Cl+2	Cl+3	Cl+4	Cl+5	Cl+6	Cl+7	Cl+8	Cl+9	Cl+10	Cl+11	Cl+12	Cl+13	Cl+14	Cl+15	Cl+16	Cl+17
 4.62852e+21	0.00e+00	0.00e+00	0.00e+00	0.00e+00	0.00e+00	0.00e+00	0.00e+00	6.74e-23	1.39e-19	1.25e-16	5.24e-14	1.36e-11	2.02e-09	1.89e-07	1.94e-05	3.66e-03	1.01e-01	8.95e-01
 1.05529e+22	0.00e+00	0.00e+00	0.00e+00	0.00e+00	0.00e+00	0.00e+00	4.91e-25	2.40e-21	3.39e-18	2.09e-15	6.15e-13	1.10e-10	1.14e-08	7.47e-07	5.38e-05	7.13e-03	1.38e-01	8.55e-01
 1.27361e+22	0.00e+00	0.00e+00	0.00e+00	0.00e+00	0.00e+00	2.78e-27	7.18e-24	2.72e-20	2.97e-17	1.42e-14	3.24e-12	4.52e-10	3.66e-08	1.88e-06	1.07e-04	1.11e-02	1.69e-01	8.20e-01
 1.43333e+22	0.00e+00	0.00e+00	0.00e+00	0.00e+00	7.51e-30	2.83e-26	6.09e-23	1.88e-19	1.67e-16	6.52e-14	1.22e-11	1.39e-09	9.20e-08	3.91e-06	1.83e-04	1.57e-02	1.96e-01	7.88e-01
 1.52206e+22	0.00e+00	0.00e+00	0.00e+00	0.00e+00	1.40e-29	5.06e-26	1.04e-22	3.05e-19	2.57e-16	9.55e-14	1.69e-11	1.84e-09	1.16e-07	4.70e-06	2.09e-04	1.72e-02	2.04e-01	7.79e-01
 1.55280e+22	0.00e+00	0.00e+00	0.00e+00	0.00e+00	2.22e-29	7.73e-26	1.54e-22	4.33e-19	3.53e-16	1.26e-13	2.16e-11	2.25e-09	1.37e-07	5.36e-06	2.31e-04	1.83e-02	2.10e-01	7.72e-01
 1.58270e+22	0.00e+00	0.00e+00	0.00e+00	0.00e+00	4.00e-29	1.34e-25	2.55e-22	6.85e-19	5.31e-16	1.81e-13	2.95e-11	2.94e-09	1.71e-07	6.37e-06	2.62e-04	1.98e-02	2.17e-01	7.63e-01
 1.61114e+22	0.00e+00	0.00e+00	0.00e+00	0.00e+00	6.18e-29	2.00e-25	3.69e-22	9.59e-19	7.17e-16	2.36e-13	3.71e-11	3.57e-09	2.00e-07	7.24e-06	2.88e-04	2.10e-02	2.22e-01	7.56e-01
 1.63383e+22	0.00e+00	0.00e+00	0.00e+00	0.00e+00	8.93e-29	2.82e-25	5.07e-22	1.28e-18	9.25e-16	2.95e-13	4.50e-11	4.20e-09	2.29e-07	8.04e-06	3.11e-04	2.21e-02	2.27e-01	7.50e-01
 1.65945e+22	0.00e+00	0.00e+00	0.00e+00	0.00e+00	1.44e-28	4.40e-25	7.63e-22	1.85e-18	1.29e-15	3.95e-13	5.80e-11	5.21e-09	2.73e-07	9.25e-06	3.44e-04	2.35e-02	2.33e-01	7.43e-01
 1.68683e+22	0.00e+00	0.00e+00	0.00e+00	0.00e+00	2.26e-28	6.67e-25	1.12e-21	2.61e-18	1.75e-15	5.19e-13	7.35e-11	6.36e-09	3.22e-07	1.05e-05	3.78e-04	2.50e-02	2.39e-01	7.35e-01
 1.71231e+22	0.00e+00	0.00e+00	0.00e+00	0.00e+00	1.72e-28	4.93e-25	8.00e-22	3.69e-18	2.39e-15	6.81e-13	9.29e-11	7.76e-09	3.79e-07	1.20e-05	4.16e-04	2.65e-02	2.45e-01	7.28e-01
 1.73735e+22	0.00e+00	0.00e+00	0.00e+00	0.00e+00	2.68e-28	7.45e-25	1.17e-21	5.20e-18	3.24e-15	8.92e-13	1.17e-10	9.46e-09	4.46e-07	1.36e-05	4.57e-04	2.82e-02	2.51e-01	7.20e-01
 1.76144e+22	0.00e+00	0.00e+00	0.00e+00	0.00e+00	4.05e-28	1.09e-24	1.66e-21	7.14e-18	4.31e-15	1.15e-12	1.46e-10	1.14e-08	5.19e-07	1.53e-05	4.98e-04	2.97e-02	2.57e-01	7.13e-01
 1.78821e+22	0.00e+00	0.00e+00	0.00e+00	0.00e+00	6.59e-28	1.72e-24	2.53e-21	1.04e-17	6.03e-15	1.54e-12	1.89e-10	1.41e-08	6.19e-07	1.76e-05	5.51e-04	3.17e-02	2.64e-01	7.04e-01
 1.81650e+22	0.00e+00	0.00e+00	0.00e+00	0.00e+00	1.06e-27	2.67e-24	3.80e-21	1.51e-17	8.39e-15	2.06e-12	2.43e-10	1.75e-08	7.38e-07	2.02e-05	6.09e-04	3.38e-02	2.71e-01	6.95e-01
 1.84129e+22	0.00e+00	0.00e+00	0.00e+00	4.24e-31	1.62e-27	3.96e-24	5.45e-21	2.09e-17	1.12e-14	2.66e-12	3.03e-10	2.11e-08	8.61e-07	2.28e-05	6.66e-04	3.57e-02	2.77e-01	6.87e-01
 1.86803e+22	0.00e+00	0.00e+00	0.00e+00	7.20e-31	2.66e-27	6.28e-24	8.35e-21	3.07e-17	1.58e-14	3.60e-12	3.94e-10	2.63e-08	1.03e-06	2.63e-05	7.38e-04	3.81e-02	2.84e-01	6.78e-01
 1.89641e+22	0.00e+00	0.00e+00	0.00e+00	1.19e-30	4.26e-27	9.75e-24	1.25e-20	4.42e-17	2.19e-14	4.81e-12	5.05e-10	3.25e-08	1.23e-06	3.01e-05	8.14e-04	4.05e-02	2.90e-01	6.68e-01
 1.92069e+22	0.00e+00	0.00e+00	0.00e+00	1.85e-30	6.42e-27	1.42e-23	1.77e-20	6.06e-17	2.91e-14	6.17e-12	6.27e-10	3.90e-08	1.43e-06	3.39e-05	8.87e-04	4.27e-02	2.96e-01	6.60e-01
 1.94257e+22	0.00e+00	0.00e+00	0.00e+00	2.77e-30	9.37e-27	2.03e-23	2.45e-20	8.13e-17	3.78e-14	7.76e-12	7.65e-10	4.61e-08	1.63e-06	3.77e-05	9.58e-04	4.48e-02	3.02e-01	6.52e-01
 1.96755e+22	0.00e+00	0.00e+00	0.00e+00	4.47e-30	1.47e-26	3.07e-23	3.60e-20	1.15e-16	5.15e-14	1.02e-11	9.67e-10	5.62e-08	1.92e-06	4.29e-05	1.05e-03	4.74e-02	3.08e-01	6.43e-01
 1.99483e+22	0.00e+00	0.00e+00	0.00e+00	7.30e-30	2.32e-26	4.70e-23	5.33e-20	1.64e-16	7.07e-14	1.35e-11	1.23e-09	6.90e-08	2.27e-06	4.89e-05	1.16e-03	5.03e-02	3.15e-01	6.33e-01
 2.01997e+22	0.00e+00	0.00e+00	0.00e+00	1.15e-29	3.56e-26	7.00e-23	7.68e-20	2.28e-16	9.51e-14	1.75e-11	1.55e-09	8.35e-08	2.66e-06	5.52e-05	1.26e-03	5.30e-02	3.21e-01	6.24e-01
 2.04752e+22	0.00e+00	0.00e+00	0.00e+00	1.99e-29	5.91e-26	1.12e-22	1.19e-19	3.39e-16	1.35e-13	2.38e-11	2.02e-09	1.05e-07	3.19e-06	6.37e-05	1.40e-03	5.65e-02	3.29e-01	6.13e-01
 2.07495e+22	0.00e+00	0.00e+00	0.00e+00	3.21e-29	9.25e-26	1.70e-22	1.74e-19	4.78e-16	1.84e-13	3.13e-11	2.56e-09	1.28e-07	3.76e-06	7.24e-05	1.53e-03	5.98e-02	3.35e-01	6.03e-01
 2.09724e+22	0.00e+00	0.00e+00	0.00e+00	4.82e-29	1.35e-25	2.42e-22	2.41e-19	6.42e-16	2.39e-13	3.95e-11	3.12e-09	1.51e-07	4.32e-06	8.07e-05	1.66e-03	6.27e-02	3.41e-01	5.95e-01
 2.12123e+22	0.00e+00	0.00e+00	0.00e+00	7.69e-29	2.10e-25	3.64e-22	3.50e-19	9.02e-16	3.24e-13	5.15e-11	3.93e-09	1.84e-07	5.06e-06	9.13e-05	1.81e-03	6.61e-02	3.47e-01	5.85e-01
 2.14748e+22	0.00e+00	0.00e+00	0.00e+00	1.24e-28	3.27e-25	5.49e-22	5.12e-19	1.27e-15	4.40e-13	6.75e-11	4.97e-09	2.24e-07	5.95e-06	1.04e-04	1.98e-03	6.98e-02	3.54e-01	5.74e-01
 2.17202e+22	0.00e+00	0.00e+00	0.00e+00	1.11e-28	2.86e-25	4.66e-22	7.27e-19	1.75e-15	5.86e-13	8.68e-11	6.18e-09	2.69e-07	6.91e-06	1.16e-04	2.15e-03	7.34e-02	3.60e-01	5.65e-01
 2.19926e+22	0.00e+00	0.00e+00	0.00e+00	1.90e-28	4.71e-25	7.43e-22	1.11e-18	2.57e-15	8.27e-13	1.18e-10	8.03e-09	3.36e-07	8.28e-06	1.34e-04	2.38e-03	7.79e-02	3.67e-01	5.53e-01
 2.22647e+22	0.00e+00	0.00e+00	0.00e+00	3.05e-28	7.33e-25	1.12e-21	1.62e-18	3.62e-15	1.12e-12	1.54e-10	1.01e-08	4.09e-07	9.73e-06	1.52e-04	2.60e-03	8.22e-02	3.73e-01	5.42e-01
 2.24869e+22	0.00e+00	0.00e+00	0.00e+00	4.60e-28	1.08e-24	1.60e-21	2.25e-18	4.86e-15	1.46e-12	1.94e-10	1.24e-08	4.85e-07	1.12e-05	1.69e-04	2.81e-03	8.60e-02	3.78e-01	5.33e-01
 2.27265e+22	0.00e+00	0.00e+00	0.00e+00	7.38e-28	1.67e-24	2.41e-21	3.27e-18	6.84e-15	1.98e-12	2.54e-10	1.57e-08	5.90e-07	1.31e-05	1.91e-04	3.06e-03	9.06e-02	3.84e-01	5.22e-01
 2.29857e+22	0.00e+00	0.00e+00	0.00e+00	1.19e-27	2.60e-24	3.62e-21	4.75e-18	9.60e-15	2.69e-12	3.32e-10	1.98e-08	7.18e-07	1.54e-05	2.16e-04	3.34e-03	9.54e-02	3.90e-01	5.11e-01
 2.32241e+22	0.00e+00	0.00e+00	2.50e-31	1.82e-27	3.88e-24	5.26e-21	6.68e-18	1.31e-14	3.54e-12	4.24e-10	2.44e-08	8.58e-07	1.78e-05	2.42e-04	3.62e-03	9.99e-02	3.95e-01	5.01e-01
 2.34879e+22	0.00e+00	0.00e+00	4.39e-31	3.09e-27	6.37e-24	8.31e-21	1.01e-17	1.91e-14	4.98e-12	5.72e-10	3.16e-08	1.07e-06	2.13e-05	2.78e-04	3.99e-03	1.06e-01	4.02e-01	4.88e-01
 2.37497e+22	0.00e+00	0.00e+00	7.11e-31	4.87e-27	9.73e-24	1.23e-20	1.45e-17	2.65e-14	6.66e-12	7.41e-10	3.95e-08	1.29e-06	2.48e-05	3.13e-04	4.33e-03	1.11e-01	4.07e-01	4.78e-01
 2.39649e+22	0.00e+00	0.00e+00	1.09e-30	7.30e-27	1.42e-23	1.74e-20	1.99e-17	3.54e-14	8.63e-12	9.32e-10	4.82e-08	1.53e-06	2.85e-05	3.47e-04	4.66e-03	1.16e-01	4.11e-01	4.68e-01
 2.42007e+22	0.00e+00	0.00e+00	1.80e-30	1.17e-26	2.20e-23	2.62e-20	2.89e-17	4.96e-14	1.17e-11	1.22e-09	6.07e-08	1.85e-06	3.34e-05	3.92e-04	5.08e-03	1.22e-01	4.16e-01	4.57e-01
 2.44544e+22	0.00e+00	0.00e+00	2.98e-30	1.87e-26	3.41e-23	3.92e-20	4.18e-17	6.93e-14	1.58e-11	1.59e-09	7.66e-08	2.26e-06	3.92e-05	4.43e-04	5.53e-03	1.28e-01	4.21e-01	4.45e-01
 2.46843e+22	0.00e+00	0.00e+00	4.62e-30	2.84e-26	5.02e-23	5.61e-20	5.79e-17	9.34e-14	2.06e-11	2.01e-09	9.38e-08	2.68e-06	4.50e-05	4.93e-04	5.96e-03	1.33e-01	4.25e-01	4.35e-01
 2.49359e+22	0.00e+00	0.00e+00	8.11e-30	4.81e-26	8.22e-23	8.84e-20	8.75e-17	1.36e-13	2.89e-11	2.71e-09	1.22e-07	3.34e-06	5.38e-05	5.66e-04	6.55e-03	1.41e-01	4.30e-01	4.22e-01
 2.51859e+22	0.00e+00	0.00e+00	1.29e-29	7.43e-26	1.23e-22	1.28e-19	1.23e-16	1.85e-13	3.81e-11	3.46e-09	1.50e-07	4.00e-06	6.24e-05	6.32e-04	7.08e-03	1.47e-01	4.34e-01	4.11e-01
 2.53943e+22	0.00e+00	0.00e+00	1.97e-29	1.11e-25	1.78e-22	1.80e-19	1.67e-16	2.46e-13	4.92e-11	4.34e-09	1.83e-07	4.72e-06	7.14e-05	7.01e-04	7.60e-03	1.53e-01	4.37e-01	4.01e-01
 2.56258e+22	0.00e+00	0.00e+00	3.26e-29	1.78e-25	2.76e-22	2.70e-19	2.41e-16	3.44e-13	6.65e-11	5.66e-09	2.31e-07	5.74e-06	8.37e-05	7.91e-04	8.26e-03	1.60e-01	4.41e-01	3.90e-01
 2.58716e+22	0.00e+00	0.00e+00	5.37e-29	2.84e-25	4.26e-22	4.02e-19	3.45e-16	4.78e-13	8.95e-11	7.37e-09	2.90e-07	6.98e-06	9.81e-05	8.93e-04	8.97e-03	1.67e-01	4.44e-01	3.78e-01
 2.60892e+22	0.00e+00	0.00e+00	8.24e-29	4.24e-25	6.19e-22	5.67e-19	4.72e-16	6.35e-13	1.16e-10	9.25e-09	3.53e-07	8.24e-06	1.12e-04	9.89e-04	9.63e-03	1.74e-01	4.47e-01	3.68e-01
 2.63252e+22	0.00e+00	0.00e+00	1.41e-28	7.03e-25	9.89e-22	8.71e-19	6.95e-16	9.08e-13	1.59e-10	1.23e-08	4.52e-07	1.02e-05	1.33e-04	1.12e-03	1.05e-02	1.82e-01	4.50e-01	3.56e-01
 2.65610e+22	0.00e+00	0.00e+00	2.24e-28	1.08e-24	1.47e-21	1.25e-18	9.63e-16	1.22e-12	2.09e-10	1.56e-08	5.58e-07	1.22e-05	1.54e-04	1.26e-03	1.13e-02	1.90e-01	4.52e-01	3.45e-01
 2.67585e+22	0.00e+00	0.00e+00	3.35e-28	1.58e-24	2.08e-21	1.73e-18	1.29e-15	1.60e-12	2.66e-10	1.94e-08	6.71e-07	1.42e-05	1.75e-04	1.38e-03	1.21e-02	1.97e-01	4.54e-01	3.36e-01
 2.69772e+22	0.00e+00	0.00e+00	5.51e-28	2.51e-24	3.20e-21	2.55e-18	1.83e-15	2.21e-12	3.56e-10	2.51e-08	8.42e-07	1.72e-05	2.05e-04	1.55e-03	1.31e-02	2.05e-01	4.55e-01	3.25e-01
 2.72073e+22	0.00e+00	0.00e+00	8.82e-28	3.90e-24	4.81e-21	3.70e-18	2.56e-15	3.01e-12	4.71e-10	3.22e-08	1.04e-06	2.07e-05	2.37e-04	1.74e-03	1.41e-02	2.13e-01	4.57e-01	3.14e-01
 2.74127e+22	0.00e+00	0.00e+00	1.35e-27	5.81e-24	6.95e-21	5.18e-18	3.46e-15	3.98e-12	6.05e-10	4.03e-08	1.27e-06	2.44e-05	2.72e-04	1.92e-03	1.51e-02	2.21e-01	4.57e-01	3.05e-01
 2.76398e+22	0.00e+00	1.68e-31	2.33e-27	9.65e-24	1.11e-20	7.92e-18	5.06e-15	5.65e-12	8.32e-10	5.34e-08	1.62e-06	3.01e-05	3.22e-04	2.18e-03	1.64e-02	2.31e-01	4.58e-01	2.92e-01
 2.78718e+22	0.00e+00	2.71e-31	3.63e-27	1.46e-23	1.63e-20	1.13e-17	6.95e-15	7.57e-12	1.08e-09	6.75e-08	1.99e-06	3.58e-05	3.70e-04	2.42e-03	1.76e-02	2.39e-01	4.58e-01	2.83e-01
 2.80734e+22	0.00e+00	4.37e-31	5.67e-27	2.22e-23	2.38e-20	1.59e-17	9.45e-15	1.01e-11	1.40e-09	8.51e-08	2.43e-06	4.25e-05	4.26e-04	2.69e-03	1.88e-02	2.47e-01	4.58e-01	2.73e-01
 2.82640e+22	0.00e+00	6.74e-31	8.51e-27	3.24e-23	3.37e-20	2.19e-17	1.26e-14	1.31e-11	1.78e-09	1.05e-07	2.93e-06	4.97e-05	4.83e-04	2.95e-03	2.00e-02	2.55e-01	4.58e-01	2.64e-01
 2.84769e+22	0.00e+00	1.15e-30	1.40e-26	5.15e-23	5.16e-20	3.22e-17	1.78e-14	1.81e-11	2.38e-09	1.36e-07	3.67e-06	6.02e-05	5.64e-04	3.31e-03	2.16e-02	2.64e-01	4.57e-01	2.53e-01
 2.86992e+22	0.00e+00	1.88e-30	2.22e-26	7.90e-23	7.64e-20	4.59e-17	2.44e-14	2.42e-11	3.11e-09	1.73e-07	4.52e-06	7.19e-05	6.52e-04	3.68e-03	2.31e-02	2.73e-01	4.55e-01	2.44e-01
 2.88965e+22	0.00e+00	2.95e-30	3.38e-26	1.17e-22	1.10e-19	6.38e-17	3.27e-14	3.18e-11	3.98e-09	2.16e-07	5.47e-06	8.46e-05	7.43e-04	4.05e-03	2.46e-02	2.82e-01	4.54e-01	2.35e-01
 2.91156e+22	0.00e+00	5.22e-30	5.75e-26	1.92e-22	1.73e-19	9.62e-17	4.71e-14	4.46e-11	5.42e-09	2.84e-07	6.95e-06	1.04e-04	8.75e-04	4.57e-03	2.66e-02	2.92e-01	4.51e-01	2.24e-01
 2.93332e+22	0.00e+00	8.36e-30	8.92e-26	2.89e-22	2.51e-19	1.35e-16	6.35e-14	5.90e-11	6.98e-09	3.56e-07	8.47e-06	1.23e-04	1.00e-03	5.05e-03	2.84e-02	3.01e-01	4.49e-01	2.15e-01
 2.95164e+22	0.00e+00	1.27e-29	1.32e-25	4.16e-22	3.50e-19	1.82e-16	8.31e-14	7.58e-11	8.77e-09	4.37e-07	1.01e-05	1.43e-04	1.13e-03	5.51e-03	3.01e-02	3.09e-01	4.46e-01	2.08e-01
 2.97221e+22	0.00e+00	2.18e-29	2.18e-25	6.64e-22	5.37e-19	2.68e-16	1.17e-13	1.04e-10	1.17e-08	5.66e-07	1.27e-05	1.73e-04	1.32e-03	6.17e-03	3.23e-02	3.19e-01	4.43e-01	1.98e-01
 2.99328e+22	0.00e+00	3.49e-29	3.38e-25	9.95e-22	7.76e-19	3.74e-16	1.57e-13	1.37e-10	1.51e-08	7.09e-07	1.54e-05	2.04e-04	1.51e-03	6.80e-03	3.43e-02	3.28e-01	4.39e-01	1.90e-01
 3.01180e+22	0.00e+00	5.40e-29	5.07e-25	1.45e-21	1.10e-18	5.11e-16	2.07e-13	1.78e-10	1.91e-08	8.74e-07	1.85e-05	2.38e-04	1.71e-03	7.44e-03	3.63e-02	3.36e-01	4.36e-01	1.82e-01
 3.03265e+22	0.00e+00	9.32e-29	8.44e-25	2.33e-21	1.69e-18	7.53e-16	2.92e-13	2.45e-10	2.56e-08	1.14e-06	2.32e-05	2.89e-04	2.00e-03	8.32e-03	3.90e-02	3.47e-01	4.31e-01	1.73e-01
 3.05415e+22	0.00e+00	1.51e-28	1.32e-24	3.53e-21	2.46e-18	1.06e-15	3.94e-13	3.25e-10	3.31e-08	1.43e-06	2.84e-05	3.43e-04	2.29e-03	9.19e-03	4.14e-02	3.56e-01	4.26e-01	1.65e-01
 3.07313e+22	0.00e+00	2.38e-28	2.02e-24	5.23e-21	3.52e-18	1.46e-15	5.22e-13	4.23e-10	4.22e-08	1.78e-06	3.43e-05	4.02e-04	2.60e-03	1.01e-02	4.38e-02	3.64e-01	4.21e-01	1.57e-01
 3.09157e+22	0.00e+00	3.72e-28	3.06e-24	7.68e-21	5.00e-18	2.00e-15	6.88e-13	5.49e-10	5.35e-08	2.20e-06	4.13e-05	4.71e-04	2.95e-03	1.10e-02	4.63e-02	3.72e-01	4.16e-01	1.50e-01
 3.11265e+22	0.00e+00	6.47e-28	5.12e-24	1.24e-20	7.71e-18	2.95e-15	9.70e-13	7.58e-10	7.18e-08	2.87e-06	5.19e-05	5.71e-04	3.44e-03	1.23e-02	4.95e-02	3.82e-01	4.10e-01	1.42e-01
 3.13439e+22	0.00e+00	1.08e-27	8.25e-24	1.92e-20	1.15e-17	4.21e-15	1.32e-12	1.02e-09	9.41e-08	3.65e-06	6.42e-05	6.84e-04	3.97e-03	1.36e-02	5.26e-02	3.91e-01	4.03e-01	1.34e-01
 3.15324e+22	0.00e+00	1.69e-27	1.25e-23	2.82e-20	1.63e-17	5.75e-15	1.74e-12	1.32e-09	1.19e-07	4.52e-06	7.71e-05	7.98e-04	4.49e-03	1.49e-02	5.54e-02	3.99e-01	3.97e-01	1.28e-01
 3.17402e+22	0.00e+00	2.92e-27	2.08e-23	4.52e-20	2.49e-17	8.43e-15	2.43e-12	1.81e-09	1.59e-07	5.86e-06	9.66e-05	9.65e-04	5.21e-03	1.65e-02	5.91e-02	4.08e-01	3.90e-01	1.20e-01
 3.19484e+22	0.00e+00	4.57e-27	3.15e-23	6.64e-20	3.54e-17	1.15e-14	3.20e-12	2.34e-09	2.02e-07	7.25e-06	1.16e-04	1.13e-03	5.89e-03	1.80e-02	6.21e-02	4.15e-01	3.83e-01	1.14e-01
 3.21277e+22	0.00e+00	7.20e-27	4.80e-23	9.78e-20	5.01e-17	1.57e-14	4.18e-12	3.03e-09	2.56e-07	8.97e-06	1.40e-04	1.32e-03	6.67e-03	1.97e-02	6.53e-02	4.23e-01	3.76e-01	1.08e-01
 3.23019e+22	0.00e+00	1.09e-26	7.06e-23	1.40e-19	6.93e-17	2.10e-14	5.38e-12	3.84e-09	3.19e-07	1.09e-05	1.66e-04	1.52e-03	7.46e-03	2.13e-02	6.84e-02	4.29e-01	3.69e-01	1.03e-01
 3.24657e+22	0.00e+00	1.61e-26	1.01e-22	1.95e-19	9.35e-17	2.74e-14	6.78e-12	4.79e-09	3.91e-07	1.31e-05	1.94e-04	1.74e-03	8.29e-03	2.29e-02	7.13e-02	4.34e-01	3.63e-01	9.83e-02
 3.26208e+22	0.00e+00	2.41e-26	1.47e-22	2.74e-19	1.27e-16	3.58e-14	8.55e-12	5.99e-09	4.81e-07	1.58e-05	2.28e-04	1.99e-03	9.24e-03	2.46e-02	7.43e-02	4.40e-01	3.56e-01	9.35e-02
 3.27606e+22	0.00e+00	3.40e-26	2.02e-22	3.67e-19	1.65e-16	4.51e-14	1.04e-11	7.26e-09	5.75e-07	1.86e-05	2.62e-04	2.24e-03	1.01e-02	2.63e-02	7.70e-02	4.44e-01	3.50e-01	8.95e-02
 3.28844e+22	0.00e+00	4.55e-26	2.65e-22	4.71e-19	2.06e-16	5.50e-14	1.24e-11	8.56e-09	6.69e-07	2.13e-05	2.95e-04	2.47e-03	1.09e-02	2.77e-02	7.93e-02	4.48e-01	3.45e-01	8.62e-02
 3.30248e+22	0.00e+00	6.74e-26	3.81e-22	6.58e-19	2.79e-16	7.17e-14	1.56e-11	1.07e-08	8.20e-07	2.55e-05	3.46e-04	2.83e-03	1.21e-02	2.98e-02	8.25e-02	4.53e-01	3.38e-01	8.19e-02
 3.31717e+22	0.00e+00	9.56e-26	5.26e-22	8.84e-19	3.63e-16	9.05e-14	1.90e-11	1.29e-08	9.82e-07	3.00e-05	3.98e-04	3.18e-03	1.33e-02	3.17e-02	8.54e-02	4.56e-01	3.32e-01	7.82e-02
 3.32990e+22	0.00e+00	1.31e-25	7.06e-22	1.16e-18	4.62e-16	1.12e-13	2.28e-11	1.54e-08	1.16e-06	3.48e-05	4.52e-04	3.54e-03	1.45e-02	3.35e-02	8.80e-02	4.60e-01	3.26e-01	7.49e-02
 3.34179e+22	0.00e+00	1.81e-25	9.47e-22	1.51e-18	5.86e-16	1.38e-13	2.73e-11	1.84e-08	1.36e-06	4.03e-05	5.13e-04	3.93e-03	1.57e-02	3.55e-02	9.07e-02	4.62e-01	3.19e-01	7.17e-02
 3.35358e+22	0.00e+00	2.44e-25	1.25e-21	1.95e-18	7.35e-16	1.68e-13	3.23e-11	2.17e-08	1.59e-06	4.63e-05	5.78e-04	4.34e-03	1.70e-02	3.74e-02	9.32e-02	4.65e-01	3.14e-01	6.87e-02
 3.36516e+22	0.00e+00	3.28e-25	1.64e-21	2.50e-18	9.19e-16	2.04e-13	3.82e-11	2.55e-08	1.84e-06	5.30e-05	6.50e-04	4.79e-03	1.83e-02	3.93e-02	9.58e-02	4.67e-01	3.08e-01	6.59e-02
 3.37652e+22	0.00e+00	4.42e-25	2.17e-21	3.22e-18	1.15e-15	2.48e-13	4.51e-11	3.00e-08	2.15e-06	6.09e-05	7.32e-04	5.29e-03	1.98e-02	4.14e-02	9.83e-02	4.69e-01	3.02e-01	6.31e-02
 3.38773e+22	0.00e+00	5.95e-25	2.85e-21	4.13e-18	1.43e-15	3.01e-13	5.31e-11	3.52e-08	2.50e-06	6.97e-05	8.23e-04	5.83e-03	2.13e-02	4.36e-02	1.01e-01	4.71e-01	2.96e-01	6.05e-02
 3.40052e+22	0.00e+00	8.61e-25	4.00e-21	5.63e-18	1.89e-15	3.83e-13	6.51e-11	4.30e-08	3.01e-06	8.25e-05	9.52e-04	6.58e-03	2.34e-02	4.63e-02	1.04e-01	4.73e-01	2.88e-01	5.72e-02
 3.41349e+22	0.00e+00	1.20e-24	5.41e-21	7.41e-18	2.41e-15	4.72e-13	7.77e-11	5.13e-08	3.55e-06	9.58e-05	1.08e-03	7.33e-03	2.54e-02	4.89e-02	1.07e-01	4.74e-01	2.82e-01	5.44e-02
 3.42446e+22	0.00e+00	1.60e-24	7.05e-21	9.41e-18	2.98e-15	5.67e-13	9.07e-11	5.97e-08	4.10e-06	1.09e-04	1.21e-03	8.04e-03	2.73e-02	5.13e-02	1.09e-01	4.75e-01	2.76e-01	5.21e-02
 3.43465e+22	0.00e+00	2.10e-24	9.09e-21	1.18e-17	3.65e-15	6.75e-13	1.05e-10	6.92e-08	4.70e-06	1.24e-04	1.35e-03	8.79e-03	2.92e-02	5.37e-02	1.12e-01	4.75e-01	2.70e-01	4.99e-02
 3.44450e+22	0.00e+00	2.76e-24	1.17e-20	1.49e-17	4.45e-15	8.02e-13	1.21e-10	7.99e-08	5.39e-06	1.40e-04	1.50e-03	9.60e-03	3.12e-02	5.61e-02	1.14e-01	4.76e-01	2.64e-01	4.78e-02
 3.45578e+22	0.00e+00	3.88e-24	1.60e-20	1.97e-17	5.71e-15	9.93e-13	1.45e-10	9.56e-08	6.38e-06	1.63e-04	1.71e-03	1.07e-02	3.39e-02	5.91e-02	1.17e-01	4.75e-01	2.57e-01	4.52e-02
 3.46727e+22	0.00e+00	5.27e-24	2.11e-20	2.53e-17	7.11e-15	1.20e-12	1.70e-10	1.12e-07	7.41e-06	1.87e-04	1.92e-03	1.18e-02	3.65e-02	6.20e-02	1.19e-01	4.75e-01	2.50e-01	4.30e-02
 3.47712e+22	0.00e+00	6.90e-24	2.70e-20	3.17e-17	8.65e-15	1.42e-12	1.95e-10	1.29e-07	8.46e-06	2.11e-04	2.13e-03	1.28e-02	3.89e-02	6.46e-02	1.22e-01	4.74e-01	2.44e-01	4.11e-02
 3.48798e+22	0.00e+00	9.75e-24	3.70e-20	4.21e-17	1.11e-14	1.75e-12	2.32e-10	1.54e-07	1.00e-05	2.46e-04	2.43e-03	1.43e-02	4.22e-02	6.81e-02	1.24e-01	4.73e-01	2.37e-01	3.88e-02
 3.49916e+22	0.00e+00	1.32e-23	4.89e-20	5.40e-17	1.38e-14	2.10e-12	2.70e-10	1.80e-07	1.16e-05	2.81e-04	2.73e-03	1.57e-02	4.53e-02	7.12e-02	1.27e-01	4.71e-01	2.30e-01	3.68e-02
 3.50902e+22	0.00e+00	1.76e-23	6.34e-20	6.81e-17	1.69e-14	2.49e-12	3.11e-10	2.08e-07	1.33e-05	3.18e-04	3.03e-03	1.71e-02	4.84e-02	7.42e-02	1.29e-01	4.69e-01	2.24e-01	3.49e-02
 3.52013e+22	0.00e+00	2.55e-23	8.92e-20	9.24e-17	2.20e-14	3.11e-12	3.72e-10	2.51e-07	1.60e-05	3.75e-04	3.49e-03	1.92e-02	5.27e-02	7.83e-02	1.31e-01	4.66e-01	2.16e-01	3.27e-02
 3.53136e+22	0.00e+00	3.45e-23	1.17e-19	1.18e-16	2.71e-14	3.72e-12	4.30e-10	2.92e-07	1.85e-05	4.28e-04	3.90e-03	2.11e-02	5.64e-02	8.16e-02	1.34e-01	4.63e-01	2.09e-01	3.09e-02
 3.54093e+22	0.00e+00	4.54e-23	1.51e-19	1.47e-16	3.29e-14	4.37e-12	4.91e-10	3.34e-07	2.10e-05	4.82e-04	4.32e-03	2.29e-02	6.00e-02	8.47e-02	1.35e-01	4.60e-01	2.03e-01	2.93e-02
 3.55157e+22	0.00e+00	6.72e-23	2.15e-19	2.02e-16	4.30e-14	5.46e-12	5.86e-10	4.04e-07	2.53e-05	5.70e-04	4.98e-03	2.57e-02	6.54e-02	8.93e-02	1.38e-01	4.55e-01	1.94e-01	2.72e-02
 3.56201e+22	0.00e+00	8.76e-23	2.73e-19	2.50e-16	5.18e-14	6.37e-12	6.65e-10	4.61e-07	2.87e-05	6.39e-04	5.48e-03	2.77e-02	6.92e-02	9.23e-02	1.39e-01	4.51e-01	1.89e-01	2.58e-02
 3.57220e+22	0.00e+00	1.28e-22	3.85e-19	3.38e-16	6.70e-14	7.86e-12	7.85e-10	5.53e-07	3.42e-05	7.50e-04	6.28e-03	3.10e-02	7.50e-02	9.68e-02	1.41e-01	4.45e-01	1.80e-01	2.39e-02
 3.58221e+22	0.00e+00	1.65e-22	4.85e-19	4.15e-16	7.99e-14	9.10e-12	8.84e-10	6.26e-07	3.85e-05	8.36e-04	6.88e-03	3.33e-02	7.91e-02	9.99e-02	1.42e-01	4.40e-01	1.75e-01	2.27e-02
 3.59197e+22	0.00e+00	2.41e-22	6.81e-19	5.59e-16	1.03e-13	1.12e-11	1.04e-09	7.47e-07	4.57e-05	9.78e-04	7.86e-03	3.70e-02	8.54e-02	1.04e-01	1.44e-01	4.33e-01	1.66e-01	2.10e-02
 3.60170e+22	0.00e+00	3.13e-22	8.64e-19	6.90e-16	1.23e-13	1.29e-11	1.17e-09	8.47e-07	5.16e-05	1.09e-03	8.62e-03	3.98e-02	9.00e-02	1.08e-01	1.45e-01	4.27e-01	1.61e-01	1.98e-02
 3.61138e+22	0.00e+00	4.57e-22	1.21e-18	9.28e-16	1.58e-13	1.58e-11	1.36e-09	1.01e-06	6.12e-05	1.28e-03	9.83e-03	4.42e-02	9.70e-02	1.12e-01	1.46e-01	4.19e-01	1.53e-01	1.82e-02
 3.62115e+22	0.00e+00	6.03e-22	1.56e-18	1.16e-15	1.90e-13	1.84e-11	1.53e-09	1.15e-06	6.94e-05	1.43e-03	1.08e-02	4.76e-02	1.02e-01	1.15e-01	1.47e-01	4.12e-01	1.47e-01	1.71e-02
 3.63101e+22	0.00e+00	8.91e-22	2.21e-18	1.57e-15	2.45e-13	2.25e-11	1.79e-09	1.37e-06	8.25e-05	1.67e-03	1.23e-02	5.28e-02	1.10e-01	1.20e-01	1.47e-01	4.02e-01	1.38e-01	1.56e-02
 3.64095e+22	0.00e+00	1.19e-21	2.86e-18	1.96e-15	2.96e-13	2.62e-11	2.02e-09	1.56e-06	9.36e-05	1.88e-03	1.36e-02	5.69e-02	1.16e-01	1.23e-01	1.47e-01	3.94e-01	1.32e-01	1.46e-02
 3.65100e+22	0.00e+00	1.75e-21	4.05e-18	2.65e-15	3.81e-13	3.21e-11	2.36e-09	1.86e-06	1.11e-04	2.19e-03	1.54e-02	6.28e-02	1.24e-01	1.28e-01	1.47e-01	3.83e-01	1.24e-01	1.33e-02
 3.66096e+22	0.00e+00	2.34e-21	5.26e-18	3.32e-15	4.60e-13	3.72e-11	2.64e-09	2.11e-06	1.26e-04	2.45e-03	1.70e-02	6.75e-02	1.30e-01	1.31e-01	1.47e-01	3.74e-01	1.18e-01	1.23e-02
 3.67079e+22	0.00e+00	3.44e-21	7.42e-18	4.47e-15	5.90e-13	4.53e-11	3.06e-09	2.50e-06	1.48e-04	2.85e-03	1.92e-02	7.42e-02	1.39e-01	1.35e-01	1.46e-01	3.62e-01	1.11e-01	1.12e-02
 3.68079e+22	0.00e+00	4.66e-21	9.75e-18	5.66e-15	7.17e-13	5.28e-11	3.44e-09	2.85e-06	1.68e-04	3.20e-03	2.11e-02	7.97e-02	1.46e-01	1.38e-01	1.45e-01	3.52e-01	1.05e-01	1.03e-02
 3.69099e+22	0.00e+00	6.96e-21	1.39e-17	7.69e-15	9.25e-13	6.44e-11	4.00e-09	3.37e-06	1.99e-04	3.72e-03	2.39e-02	8.75e-02	1.55e-01	1.41e-01	1.44e-01	3.38e-01	9.71e-02	9.20e-03
 3.70130e+22	0.00e+00	9.52e-21	1.84e-17	9.78e-15	1.13e-12	7.52e-11	4.49e-09	3.84e-06	2.26e-04	4.18e-03	2.62e-02	9.38e-02	1.62e-01	1.44e-01	1.43e-01	3.27e-01	9.14e-02	8.42e-03
 3.71175e+22	0.00e+00	1.44e-20	2.65e-17	1.34e-14	1.46e-12	9.19e-11	5.22e-09	4.55e-06	2.66e-04	4.85e-03	2.96e-02	1.03e-01	1.72e-01	1.47e-01	1.40e-01	3.12e-01	8.41e-02	7.47e-03
 3.72225e+22	0.00e+00	1.96e-20	3.51e-17	1.70e-14	1.78e-12	1.07e-10	5.85e-09	5.16e-06	3.01e-04	5.42e-03	3.24e-02	1.10e-01	1.79e-01	1.49e-01	1.38e-01	3.01e-01	7.87e-02	6.80e-03
 3.73133e+22	0.00e+00	2.67e-20	4.61e-17	2.14e-14	2.15e-12	1.24e-10	6.53e-09	5.84e-06	3.39e-04	6.03e-03	3.54e-02	1.17e-01	1.86e-01	1.51e-01	1.36e-01	2.89e-01	7.36e-02	6.19e-03
 3.74162e+22	0.00e+00	3.96e-20	6.54e-17	2.89e-14	2.75e-12	1.50e-10	7.53e-09	6.81e-06	3.94e-04	6.91e-03	3.94e-02	1.26e-01	1.95e-01	1.53e-01	1.33e-01	2.74e-01	6.73e-02	5.46e-03
 3.75191e+22	0.00e+00	5.35e-20	8.55e-17	3.63e-14	3.32e-12	1.74e-10	8.38e-09	7.64e-06	4.41e-04	7.64e-03	4.27e-02	1.33e-01	2.01e-01	1.54e-01	1.30e-01	2.63e-01	6.27e-02	4.96e-03
 3.76221e+22	0.00e+00	7.93e-20	1.21e-16	4.88e-14	4.24e-12	2.10e-10	9.63e-09	8.86e-06	5.08e-04	8.70e-03	4.74e-02	1.43e-01	2.09e-01	1.55e-01	1.27e-01	2.48e-01	5.70e-02	4.35e-03
 3.77258e+22	0.00e+00	1.06e-19	1.57e-16	6.08e-14	5.08e-12	2.42e-10	1.07e-08	9.88e-06	5.64e-04	9.55e-03	5.10e-02	1.51e-01	2.15e-01	1.55e-01	1.24e-01	2.37e-01	5.31e-02	3.94e-03
 3.78307e+22	3.18e-32	1.56e-19	2.22e-16	8.16e-14	6.47e-12	2.91e-10	1.23e-08	1.14e-05	6.46e-04	1.08e-02	5.62e-02	1.61e-01	2.23e-01	1.55e-01	1.20e-01	2.22e-01	4.80e-02	3.44e-03
 3.79376e+22	4.42e-32	2.09e-19	2.88e-16	1.02e-13	7.78e-12	3.37e-10	1.37e-08	1.27e-05	7.16e-04	1.18e-02	6.03e-02	1.68e-01	2.28e-01	1.55e-01	1.17e-01	2.12e-01	4.44e-02	3.09e-03
 3.80473e+22	6.88e-32	3.10e-19	4.07e-16	1.37e-13	9.93e-12	4.07e-10	1.58e-08	1.45e-05	8.16e-04	1.33e-02	6.61e-02	1.79e-01	2.35e-01	1.54e-01	1.12e-01	1.97e-01	3.99e-02	2.68e-03
 3.81597e+22	9.64e-32	4.17e-19	5.32e-16	1.72e-13	1.20e-11	4.72e-10	1.77e-08	1.62e-05	9.02e-04	1.45e-02	7.08e-02	1.86e-01	2.39e-01	1.53e-01	1.09e-01	1.87e-01	3.67e-02	2.40e-03
 3.82757e+22	1.50e-31	6.17e-19	7.53e-16	2.32e-13	1.53e-11	5.72e-10	2.04e-08	1.85e-05	1.02e-03	1.62e-02	7.71e-02	1.97e-01	2.45e-01	1.52e-01	1.04e-01	1.73e-01	3.28e-02	2.06e-03
 3.83940e+22	2.12e-31	8.37e-19	9.88e-16	2.92e-13	1.86e-11	6.65e-10	2.29e-08	2.05e-05	1.13e-03	1.77e-02	8.24e-02	2.05e-01	2.49e-01	1.50e-01	1.00e-01	1.63e-01	3.00e-02	1.83e-03
 3.85153e+22	3.30e-31	1.24e-18	1.40e-15	3.93e-13	2.38e-11	8.08e-10	2.65e-08	2.34e-05	1.27e-03	1.97e-02	8.94e-02	2.15e-01	2.53e-01	1.48e-01	9.52e-02	1.51e-01	2.66e-02	1.56e-03
 3.86373e+22	4.62e-31	1.66e-18	1.82e-15	4.92e-13	2.87e-11	9.37e-10	2.97e-08	2.59e-05	1.40e-03	2.13e-02	9.49e-02	2.22e-01	2.56e-01	1.46e-01	9.15e-02	1.42e-01	2.43e-02	1.38e-03
 3.87605e+22	7.11e-31	2.42e-18	2.55e-15	6.57e-13	3.65e-11	1.13e-09	3.43e-08	2.93e-05	1.56e-03	2.36e-02	1.02e-01	2.32e-01	2.59e-01	1.42e-01	8.68e-02	1.30e-01	2.15e-02	1.18e-03
 3.88868e+22	1.00e-30	3.27e-18	3.33e-15	8.26e-13	4.43e-11	1.32e-09	3.86e-08	3.23e-05	1.71e-03	2.55e-02	1.08e-01	2.39e-01	2.60e-01	1.40e-01	8.30e-02	1.22e-01	1.95e-02	1.04e-03
 3.89965e+22	1.38e-30	4.29e-18	4.25e-15	1.02e-12	5.28e-11	1.52e-09	4.30e-08	3.53e-05	1.85e-03	2.73e-02	1.14e-01	2.46e-01	2.62e-01	1.37e-01	7.96e-02	1.14e-01	1.78e-02	9.24e-04
 3.91183e+22	2.06e-30	6.09e-18	5.82e-15	1.33e-12	6.61e-11	1.82e-09	4.94e-08	3.96e-05	2.05e-03	2.98e-02	1.21e-01	2.54e-01	2.63e-01	1.34e-01	7.53e-02	1.05e-01	1.58e-02	7.91e-04
 3.92415e+22	2.81e-30	7.98e-18	7.41e-15	1.64e-12	7.87e-11	2.09e-09	5.50e-08	4.32e-05	2.21e-03	3.18e-02	1.27e-01	2.60e-01	2.63e-01	1.31e-01	7.20e-02	9.83e-02	1.44e-02	7.00e-04
 3.93662e+22	4.21e-30	1.13e-17	1.01e-14	2.14e-12	9.84e-11	2.50e-09	6.32e-08	4.83e-05	2.44e-03	3.46e-02	1.35e-01	2.67e-01	2.63e-01	1.27e-01	6.79e-02	9.00e-02	1.27e-02	5.97e-04
 3.94929e+22	5.75e-30	1.47e-17	1.28e-14	2.62e-12	1.17e-10	2.87e-09	7.05e-08	5.26e-05	2.63e-03	3.68e-02	1.41e-01	2.73e-01	2.62e-01	1.23e-01	6.47e-02	8.41e-02	1.15e-02	5.28e-04
 3.96042e+22	7.78e-30	1.90e-17	1.61e-14	3.20e-12	1.38e-10	3.29e-09	7.83e-08	5.71e-05	2.83e-03	3.91e-02	1.47e-01	2.78e-01	2.61e-01	1.20e-01	6.18e-02	7.85e-02	1.05e-02	4.67e-04
 3.97310e+22	1.16e-29	2.67e-17	2.19e-14	4.16e-12	1.72e-10	3.93e-09	8.98e-08	6.35e-05	3.10e-03	4.22e-02	1.55e-01	2.84e-01	2.60e-01	1.16e-01	5.80e-02	7.16e-02	9.22e-03	3.96e-04
 3.98570e+22	1.54e-29	3.38e-17	2.70e-14	5.00e-12	2.02e-10	4.46e-09	9.93e-08	6.86e-05	3.31e-03	4.46e-02	1.61e-01	2.88e-01	2.58e-01	1.13e-01	5.53e-02	6.71e-02	8.41e-03	3.53e-04
 3.99819e+22	2.25e-29	4.66e-17	3.60e-14	6.40e-12	2.48e-10	5.28e-09	1.13e-07	7.59e-05	3.60e-03	4.78e-02	1.69e-01	2.94e-01	2.56e-01	1.09e-01	5.19e-02	6.13e-02	7.42e-03	3.01e-04
 4.01092e+22	3.01e-29	5.92e-17	4.47e-14	7.71e-12	2.91e-10	6.01e-09	1.25e-07	8.21e-05	3.85e-03	5.04e-02	1.75e-01	2.97e-01	2.54e-01	1.05e-01	4.94e-02	5.72e-02	6.75e-03	2.67e-04
 4.02397e+22	4.41e-29	8.15e-17	5.96e-14	9.89e-12	3.60e-10	7.13e-09	1.43e-07	9.08e-05	4.19e-03	5.40e-02	1.84e-01	3.02e-01	2.51e-01	1.01e-01	4.62e-02	5.20e-02	5.93e-03	2.26e-04
 4.03727e+22	5.94e-29	1.04e-16	7.42e-14	1.20e-11	4.23e-10	8.15e-09	1.59e-07	9.83e-05	4.47e-03	5.69e-02	1.90e-01	3.05e-01	2.48e-01	9.78e-02	4.38e-02	4.84e-02	5.36e-03	1.99e-04
 4.05089e+22	5.41e-30	1.43e-16	9.91e-14	1.54e-11	5.23e-10	9.69e-09	1.83e-07	1.09e-04	4.87e-03	6.09e-02	1.98e-01	3.09e-01	2.44e-01	9.34e-02	4.08e-02	4.38e-02	4.69e-03	1.68e-04
 4.06475e+22	7.07e-30	1.83e-16	1.23e-13	1.86e-11	6.17e-10	1.11e-08	2.03e-07	1.18e-04	5.19e-03	6.41e-02	2.05e-01	3.11e-01	2.41e-01	9.00e-02	3.86e-02	4.06e-02	4.23e-03	1.47e-04
 4.07894e+22	1.01e-29	2.53e-16	1.65e-13	2.39e-11	7.64e-10	1.32e-08	2.34e-07	1.31e-04	5.65e-03	6.85e-02	2.14e-01	3.14e-01	2.36e-01	8.57e-02	3.58e-02	3.66e-02	3.67e-03	1.24e-04
 4.09280e+22	1.29e-29	3.14e-16	2.01e-13	2.84e-11	8.86e-10	1.49e-08	2.58e-07	1.41e-04	5.99e-03	7.16e-02	2.20e-01	3.16e-01	2.32e-01	8.27e-02	3.40e-02	3.41e-02	3.34e-03	1.10e-04
 4.10625e+22	1.81e-29	4.25e-16	2.64e-13	3.60e-11	1.08e-09	1.76e-08	2.94e-07	1.55e-04	6.47e-03	7.61e-02	2.28e-01	3.18e-01	2.28e-01	7.87e-02	3.16e-02	3.09e-02	2.92e-03	9.27e-05
 4.11990e+22	2.31e-29	5.28e-16	3.21e-13	4.27e-11	1.26e-09	1.99e-08	3.24e-07	1.67e-04	6.87e-03	7.95e-02	2.34e-01	3.19e-01	2.24e-01	7.58e-02	2.99e-02	2.87e-02	2.65e-03	8.20e-05
 4.13380e+22	3.21e-29	7.09e-16	4.19e-13	5.39e-11	1.53e-09	2.35e-08	3.69e-07	1.84e-04	7.41e-03	8.42e-02	2.42e-01	3.20e-01	2.18e-01	7.19e-02	2.77e-02	2.60e-02	2.31e-03	6.93e-05
 4.14813e+22	4.19e-29	8.98e-16	5.20e-13	6.50e-11	1.80e-09	2.68e-08	4.11e-07	1.99e-04	7.88e-03	8.82e-02	2.49e-01	3.20e-01	2.14e-01	6.89e-02	2.61e-02	2.39e-02	2.07e-03	6.04e-05
 4.16302e+22	5.84e-29	1.21e-15	6.79e-13	8.21e-11	2.20e-09	3.17e-08	4.70e-07	2.20e-04	8.51e-03	9.33e-02	2.57e-01	3.20e-01	2.08e-01	6.52e-02	2.41e-02	2.15e-02	1.80e-03	5.08e-05
 4.17837e+22	7.74e-29	1.55e-15	8.51e-13	1.00e-10	2.61e-09	3.65e-08	5.26e-07	2.39e-04	9.08e-03	9.78e-02	2.64e-01	3.20e-01	2.03e-01	6.21e-02	2.25e-02	1.97e-02	1.60e-03	4.38e-05
 4.19435e+22	1.09e-28	2.10e-15	1.12e-12	1.28e-10	3.22e-09	4.35e-08	6.05e-07	2.65e-04	9.84e-03	1.04e-01	2.72e-01	3.19e-01	1.97e-01	5.84e-02	2.07e-02	1.76e-02	1.38e-03	3.65e-05
 4.21074e+22	1.46e-28	2.72e-15	1.42e-12	1.56e-10	3.84e-09	5.03e-08	6.80e-07	2.89e-04	1.05e-02	1.09e-01	2.79e-01	3.18e-01	1.91e-01	5.54e-02	1.93e-02	1.60e-02	1.22e-03	3.12e-05
 4.22767e+22	2.09e-28	3.72e-15	1.88e-12	2.01e-10	4.77e-09	6.02e-08	7.87e-07	3.22e-04	1.14e-02	1.15e-01	2.87e-01	3.17e-01	1.85e-01	5.18e-02	1.76e-02	1.42e-02	1.04e-03	2.57e-05
 4.24513e+22	2.84e-28	4.84e-15	2.40e-12	2.48e-10	5.73e-09	7.01e-08	8.90e-07	3.53e-04	1.22e-02	1.21e-01	2.94e-01	3.15e-01	1.79e-01	4.89e-02	1.63e-02	1.28e-02	9.13e-04	2.18e-05
 4.26328e+22	4.12e-28	6.71e-15	3.23e-12	3.22e-10	7.18e-09	8.47e-08	1.04e-06	3.95e-04	1.33e-02	1.28e-01	3.03e-01	3.12e-01	1.72e-01	4.54e-02	1.47e-02	1.13e-02	7.73e-04	1.78e-05
 4.28206e+22	5.67e-28	8.86e-15	4.15e-12	4.03e-10	8.70e-09	9.95e-08	1.18e-06	4.35e-04	1.43e-02	1.34e-01	3.09e-01	3.09e-01	1.65e-01	4.26e-02	1.35e-02	1.01e-02	6.69e-04	1.49e-05
 4.29907e+22	7.73e-28	1.16e-14	5.30e-12	4.99e-10	1.05e-08	1.16e-07	1.34e-06	4.77e-04	1.53e-02	1.41e-01	3.16e-01	3.06e-01	1.60e-01	4.00e-02	1.24e-02	9.10e-03	5.82e-04	1.25e-05
 4.31860e+22	1.14e-27	1.62e-14	7.22e-12	6.55e-10	1.33e-08	1.41e-07	1.57e-06	5.37e-04	1.67e-02	1.49e-01	3.24e-01	3.02e-01	1.52e-01	3.68e-02	1.12e-02	7.92e-03	4.86e-04	1.00e-05
 4.33850e+22	1.58e-27	2.15e-14	9.31e-12	8.20e-10	1.61e-08	1.66e-07	1.79e-06	5.91e-04	1.79e-02	1.56e-01	3.30e-01	2.98e-01	1.46e-01	3.43e-02	1.02e-02	7.05e-03	4.18e-04	8.34e-06
 4.35891e+22	2.37e-27	3.04e-14	1.28e-11	1.08e-09	2.05e-08	2.04e-07	2.11e-06	6.67e-04	1.95e-02	1.65e-01	3.38e-01	2.92e-01	1.38e-01	3.14e-02	9.09e-03	6.09e-03	3.46e-04	6.61e-06
 4.37958e+22	3.30e-27	4.04e-14	1.66e-11	1.36e-09	2.50e-08	2.40e-07	2.41e-06	7.36e-04	2.09e-02	1.72e-01	3.44e-01	2.87e-01	1.32e-01	2.92e-02	8.26e-03	5.39e-03	2.95e-04	5.45e-06
 4.40061e+22	5.00e-27	5.78e-14	2.29e-11	1.81e-09	3.20e-08	2.96e-07	2.85e-06	8.32e-04	2.28e-02	1.82e-01	3.51e-01	2.81e-01	1.24e-01	2.65e-02	7.31e-03	4.61e-03	2.42e-04	4.26e-06
 4.42186e+22	6.97e-27	7.69e-14	2.97e-11	2.28e-09	3.90e-08	3.49e-07	3.25e-06	9.17e-04	2.45e-02	1.90e-01	3.56e-01	2.75e-01	1.18e-01	2.45e-02	6.62e-03	4.07e-03	2.05e-04	3.50e-06
 4.44340e+22	1.07e-26	1.11e-13	4.16e-11	3.06e-09	5.04e-08	4.32e-07	3.87e-06	1.04e-03	2.67e-02	2.01e-01	3.62e-01	2.67e-01	1.11e-01	2.21e-02	5.80e-03	3.44e-03	1.66e-04	2.69e-06
 4.46506e+22	1.48e-26	1.47e-13	5.37e-11	3.83e-09	6.13e-08	5.09e-07	4.41e-06	1.14e-03	2.86e-02	2.09e-01	3.66e-01	2.61e-01	1.05e-01	2.03e-02	5.24e-03	3.03e-03	1.41e-04	2.20e-06
 4.48317e+22	1.99e-26	1.90e-13	6.77e-11	4.70e-09	7.31e-08	5.90e-07	4.98e-06	1.25e-03	3.04e-02	2.17e-01	3.70e-01	2.55e-01	9.98e-02	1.88e-02	4.77e-03	2.69e-03	1.21e-04	1.83e-06
 4.50303e+22	2.95e-26	2.68e-13	9.25e-11	6.16e-09	9.27e-08	7.20e-07	5.84e-06	1.40e-03	3.29e-02	2.27e-01	3.74e-01	2.47e-01	9.32e-02	1.70e-02	4.20e-03	2.29e-03	9.81e-05	1.42e-06
 4.52260e+22	3.92e-26	3.42e-13	1.15e-10	7.50e-09	1.10e-07	8.30e-07	6.56e-06	1.52e-03	3.48e-02	2.35e-01	3.77e-01	2.41e-01	8.87e-02	1.57e-02	3.82e-03	2.03e-03	8.45e-05	1.19e-06
 4.54181e+22	5.70e-26	4.75e-13	1.55e-10	9.72e-09	1.38e-07	1.00e-06	7.65e-06	1.69e-03	3.75e-02	2.45e-01	3.80e-01	2.33e-01	8.27e-02	1.42e-02	3.37e-03	1.73e-03	6.88e-05	9.25e-07
 4.56135e+22	7.63e-26	6.12e-13	1.96e-10	1.19e-08	1.64e-07	1.16e-06	8.63e-06	1.85e-03	3.98e-02	2.54e-01	3.82e-01	2.27e-01	7.82e-02	1.31e-02	3.05e-03	1.53e-03	5.86e-05	7.61e-07
 4.58131e+22	1.12e-25	8.58e-13	2.66e-10	1.56e-08	2.08e-07	1.42e-06	1.01e-05	2.07e-03	4.30e-02	2.65e-01	3.84e-01	2.18e-01	7.24e-02	1.17e-02	2.66e-03	1.29e-03	4.71e-05	5.83e-07
 4.60151e+22	1.51e-25	1.11e-12	3.36e-10	1.91e-08	2.49e-07	1.65e-06	1.15e-05	2.26e-03	4.56e-02	2.74e-01	3.86e-01	2.11e-01	6.82e-02	1.07e-02	2.39e-03	1.13e-03	3.97e-05	4.75e-07
 4.62201e+22	2.20e-25	1.56e-12	4.58e-10	2.51e-08	3.16e-07	2.02e-06	1.35e-05	2.54e-03	4.92e-02	2.85e-01	3.87e-01	2.01e-01	6.27e-02	9.47e-03	2.08e-03	9.40e-04	3.16e-05	3.60e-07
 4.64289e+22	3.00e-25	2.05e-12	5.86e-10	3.12e-08	3.82e-07	2.37e-06	1.55e-05	2.78e-03	5.23e-02	2.95e-01	3.87e-01	1.94e-01	5.86e-02	8.58e-03	1.85e-03	8.11e-04	2.62e-05	2.87e-07
 4.66428e+22	4.43e-25	2.91e-12	8.06e-10	4.13e-08	4.90e-07	2.93e-06	1.84e-05	3.14e-03	5.66e-02	3.07e-01	3.87e-01	1.84e-01	5.34e-02	7.52e-03	1.58e-03	6.67e-04	2.05e-05	2.13e-07
 4.68605e+22	6.05e-25	3.84e-12	1.04e-09	5.15e-08	5.97e-07	3.47e-06	2.11e-05	3.46e-03	6.03e-02	3.17e-01	3.86e-01	1.76e-01	4.95e-02	6.75e-03	1.40e-03	5.70e-04	1.68e-05	1.67e-07
 4.70832e+22	8.95e-25	5.49e-12	1.43e-09	6.87e-08	7.72e-07	4.32e-06	2.54e-05	3.93e-03	6.54e-02	3.30e-01	3.84e-01	1.65e-01	4.46e-02	5.84e-03	1.18e-03	4.61e-04	1.28e-05	1.21e-07
 4.73088e+22	1.22e-24	7.25e-12	1.85e-09	8.61e-08	9.45e-07	5.14e-06	2.93e-05	4.34e-03	6.98e-02	3.40e-01	3.81e-01	1.57e-01	4.10e-02	5.19e-03	1.03e-03	3.89e-04	1.04e-05	0.00e+00
 4.74993e+22	1.61e-24	9.31e-12	2.32e-09	1.06e-07	1.14e-06	6.02e-06	3.35e-05	4.76e-03	7.39e-02	3.50e-01	3.79e-01	1.49e-01	3.79e-02	4.66e-03	9.11e-04	3.32e-04	8.51e-06	0.00e+00
 4.77085e+22	2.27e-24	1.28e-11	3.11e-09	1.37e-07	1.44e-06	7.40e-06	3.99e-05	5.37e-03	7.97e-02	3.62e-01	3.74e-01	1.40e-01	3.40e-02	4.02e-03	7.71e-04	2.70e-04	6.54e-06	0.00e+00
 4.79185e+22	2.97e-24	1.63e-11	3.89e-09	1.68e-07	1.73e-06	8.68e-06	4.57e-05	5.89e-03	8.45e-02	3.71e-01	3.70e-01	1.32e-01	3.13e-02	3.59e-03	6.77e-04	2.29e-04	5.32e-06	0.00e+00
 4.81234e+22	4.06e-24	2.19e-11	5.09e-09	2.15e-07	2.17e-06	1.06e-05	5.41e-05	6.61e-03	9.07e-02	3.83e-01	3.65e-01	1.24e-01	2.81e-02	3.10e-03	5.74e-04	1.86e-04	4.11e-06	0.00e+00
 4.83325e+22	5.31e-24	2.78e-11	6.37e-09	2.63e-07	2.62e-06	1.25e-05	6.23e-05	7.28e-03	9.62e-02	3.92e-01	3.59e-01	1.16e-01	2.56e-02	2.73e-03	4.99e-04	1.56e-04	3.29e-06	0.00e+00
 4.85378e+22	7.01e-24	3.64e-11	8.17e-09	3.31e-07	3.25e-06	1.51e-05	7.34e-05	8.14e-03	1.03e-01	4.03e-01	3.52e-01	1.08e-01	2.29e-02	2.36e-03	4.23e-04	1.27e-04	2.54e-06	0.00e+00
 4.87473e+22	8.93e-24	4.60e-11	1.02e-08	4.07e-07	3.94e-06	1.79e-05	8.53e-05	9.01e-03	1.09e-01	4.12e-01	3.45e-01	1.01e-01	2.06e-02	2.06e-03	3.64e-04	1.05e-04	2.01e-06	0.00e+00
 4.89524e+22	1.16e-23	5.85e-11	1.28e-08	5.04e-07	4.82e-06	2.14e-05	1.00e-04	1.00e-02	1.17e-01	4.22e-01	3.38e-01	9.34e-02	1.84e-02	1.77e-03	3.08e-04	8.52e-05	1.55e-06	0.00e+00
 4.91570e+22	1.47e-23	7.27e-11	1.58e-08	6.13e-07	5.80e-06	2.53e-05	1.16e-04	1.11e-02	1.24e-01	4.30e-01	3.30e-01	8.70e-02	1.66e-02	1.54e-03	2.65e-04	7.04e-05	1.23e-06	0.00e+00
 4.93637e+22	1.89e-23	9.11e-11	1.96e-08	7.55e-07	7.08e-06	3.02e-05	1.36e-04	1.23e-02	1.32e-01	4.39e-01	3.21e-01	8.02e-02	1.48e-02	1.32e-03	2.24e-04	5.70e-05	9.43e-07	0.00e+00
 4.95733e+22	2.38e-23	1.12e-10	2.40e-08	9.17e-07	8.54e-06	3.58e-05	1.58e-04	1.37e-02	1.40e-01	4.46e-01	3.12e-01	7.40e-02	1.32e-02	1.14e-03	1.90e-04	4.65e-05	7.34e-07	0.00e+00
 4.97780e+22	3.00e-23	1.36e-10	2.91e-08	1.11e-06	1.03e-05	4.23e-05	1.84e-04	1.51e-02	1.48e-01	4.53e-01	3.02e-01	6.82e-02	1.17e-02	9.82e-04	1.61e-04	3.79e-05	5.70e-07	0.00e+00
 4.99830e+22	3.78e-23	1.65e-10	3.52e-08	1.34e-06	1.23e-05	4.99e-05	2.13e-04	1.67e-02	1.56e-01	4.60e-01	2.92e-01	6.28e-02	1.04e-02	8.44e-04	1.37e-04	3.08e-05	4.42e-07	0.00e+00
 5.01890e+22	4.77e-23	1.97e-10	4.24e-08	1.60e-06	1.47e-05	5.88e-05	2.48e-04	1.85e-02	1.65e-01	4.66e-01	2.82e-01	5.76e-02	9.25e-03	7.24e-04	1.15e-04	2.51e-05	3.42e-07	0.00e+00
 5.03964e+22	6.05e-23	2.35e-10	5.08e-08	1.92e-06	1.76e-05	6.91e-05	2.88e-04	2.04e-02	1.75e-01	4.71e-01	2.72e-01	5.28e-02	8.20e-03	6.21e-04	9.75e-05	2.03e-05	2.65e-07	0.00e+00
 5.06058e+22	7.74e-23	2.78e-10	6.07e-08	2.29e-06	2.10e-05	8.13e-05	3.34e-04	2.25e-02	1.84e-01	4.75e-01	2.62e-01	4.82e-02	7.25e-03	5.30e-04	8.21e-05	1.64e-05	2.04e-07	0.00e+00
 5.08165e+22	1.00e-22	3.27e-10	7.21e-08	2.73e-06	2.49e-05	9.52e-05	3.88e-04	2.48e-02	1.94e-01	4.79e-01	2.51e-01	4.40e-02	6.40e-03	4.53e-04	6.91e-05	1.33e-05	1.57e-07	0.00e+00
 5.10303e+22	1.32e-22	3.84e-10	8.57e-08	3.25e-06	2.96e-05	1.12e-04	4.51e-04	2.74e-02	2.04e-01	4.81e-01	2.40e-01	4.00e-02	5.63e-03	3.85e-04	5.79e-05	1.07e-05	1.20e-07	0.00e+00
 5.12462e+22	1.76e-22	4.46e-10	1.01e-07	3.85e-06	3.51e-05	1.31e-04	5.22e-04	3.02e-02	2.15e-01	4.83e-01	2.30e-01	3.64e-02	4.96e-03	3.28e-04	4.86e-05	8.62e-06	0.00e+00	0.00e+00
 5.14662e+22	2.42e-22	5.20e-10	1.20e-07	4.58e-06	4.18e-05	1.54e-04	6.07e-04	3.33e-02	2.26e-01	4.84e-01	2.19e-01	3.29e-02	4.34e-03	2.78e-04	4.04e-05	6.88e-06	0.00e+00	0.00e+00
 5.16897e+22	3.41e-22	6.01e-10	1.42e-07	5.41e-06	4.94e-05	1.79e-04	7.03e-04	3.66e-02	2.37e-01	4.84e-01	2.08e-01	2.97e-02	3.80e-03	2.35e-04	3.38e-05	5.52e-06	0.00e+00	0.00e+00
 5.18945e+22	1.66e-21	6.77e-10	1.63e-07	6.22e-06	5.68e-05	2.04e-04	7.95e-04	3.96e-02	2.46e-01	4.83e-01	1.99e-01	2.73e-02	3.40e-03	2.05e-04	2.90e-05	4.58e-06	0.00e+00	0.00e+00
 5.21085e+22	3.66e-20	7.83e-10	1.93e-07	7.41e-06	6.77e-05	2.40e-04	9.29e-04	4.38e-02	2.58e-01	4.81e-01	1.88e-01	2.44e-02	2.94e-03	1.71e-04	2.38e-05	3.61e-06	0.00e+00	0.00e+00
 5.23257e+22	4.52e-20	8.82e-10	2.22e-07	8.53e-06	7.78e-05	2.73e-04	1.05e-03	4.73e-02	2.68e-01	4.79e-01	1.79e-01	2.23e-02	2.63e-03	1.49e-04	2.04e-05	2.98e-06	0.00e+00	0.00e+00
 5.25488e+22	5.83e-20	1.02e-09	2.65e-07	1.02e-05	9.30e-05	3.21e-04	1.23e-03	5.23e-02	2.80e-01	4.75e-01	1.68e-01	1.99e-02	2.26e-03	1.23e-04	1.67e-05	2.33e-06	0.00e+00	0.00e+00
 5.27732e+22	7.12e-20	1.15e-09	3.04e-07	1.17e-05	1.07e-04	3.64e-04	1.38e-03	5.64e-02	2.90e-01	4.72e-01	1.60e-01	1.81e-02	2.01e-03	1.07e-04	1.42e-05	1.93e-06	0.00e+00	0.00e+00
 5.29994e+22	9.15e-20	1.32e-09	3.62e-07	1.39e-05	1.27e-04	4.28e-04	1.61e-03	6.22e-02	3.02e-01	4.66e-01	1.49e-01	1.60e-02	1.73e-03	8.85e-05	1.16e-05	1.50e-06	0.00e+00	0.00e+00
 5.32260e+22	1.12e-19	1.48e-09	4.15e-07	1.60e-05	1.45e-04	4.82e-04	1.81e-03	6.68e-02	3.12e-01	4.61e-01	1.42e-01	1.46e-02	1.54e-03	7.68e-05	9.90e-06	1.24e-06	0.00e+00	0.00e+00
 5.34534e+22	1.45e-19	1.71e-09	4.94e-07	1.90e-05	1.72e-04	5.63e-04	2.10e-03	7.33e-02	3.24e-01	4.53e-01	1.32e-01	1.29e-02	1.32e-03	6.36e-05	8.07e-06	9.69e-07	0.00e+00	0.00e+00
 5.36830e+22	1.79e-19	1.92e-09	5.69e-07	2.17e-05	1.96e-04	6.34e-04	2.35e-03	7.86e-02	3.33e-01	4.47e-01	1.25e-01	1.18e-02	1.17e-03	5.50e-05	6.88e-06	8.00e-07	0.00e+00	0.00e+00
 5.39156e+22	2.32e-19	2.22e-09	6.79e-07	2.58e-05	2.32e-04	7.39e-04	2.72e-03	8.60e-02	3.45e-01	4.38e-01	1.16e-01	1.04e-02	1.00e-03	4.55e-05	5.58e-06	6.22e-07	0.00e+00	0.00e+00
 5.41511e+22	2.89e-19	2.51e-09	7.84e-07	2.97e-05	2.64e-04	8.32e-04	3.05e-03	9.21e-02	3.54e-01	4.31e-01	1.09e-01	9.37e-03	8.89e-04	3.92e-05	4.75e-06	5.11e-07	0.00e+00	0.00e+00
 5.43904e+22	3.81e-19	2.91e-09	9.42e-07	3.54e-05	3.13e-04	9.68e-04	3.52e-03	1.00e-01	3.65e-01	4.20e-01	1.00e-01	8.21e-03	7.57e-04	3.22e-05	3.83e-06	3.95e-07	0.00e+00	0.00e+00
 5.46338e+22	4.82e-19	3.31e-09	1.09e-06	4.08e-05	3.58e-04	1.09e-03	3.94e-03	1.07e-01	3.74e-01	4.11e-01	9.40e-02	7.40e-03	6.67e-04	2.76e-05	3.24e-06	3.23e-07	0.00e+00	0.00e+00
 5.48826e+22	6.48e-19	3.88e-09	1.33e-06	4.89e-05	4.25e-04	1.27e-03	4.55e-03	1.17e-01	3.84e-01	3.99e-01	8.61e-02	6.44e-03	5.65e-04	2.25e-05	2.60e-06	2.47e-07	0.00e+00	0.00e+00
 5.51368e+22	8.37e-19	4.46e-09	1.55e-06	5.67e-05	4.87e-04	1.43e-03	5.08e-03	1.25e-01	3.92e-01	3.89e-01	8.02e-02	5.77e-03	4.95e-04	1.92e-05	2.18e-06	2.01e-07	0.00e+00	0.00e+00
 5.53980e+22	1.16e-18	5.30e-09	1.90e-06	6.85e-05	5.80e-04	1.67e-03	5.88e-03	1.36e-01	4.02e-01	3.76e-01	7.28e-02	4.98e-03	4.15e-04	1.55e-05	1.73e-06	1.52e-07	0.00e+00	0.00e+00
 5.56651e+22	1.54e-18	6.16e-09	2.25e-06	8.00e-05	6.67e-04	1.88e-03	6.57e-03	1.45e-01	4.09e-01	3.65e-01	6.75e-02	4.43e-03	3.61e-04	1.31e-05	1.44e-06	1.22e-07	0.00e+00	0.00e+00
 5.58904e+22	1.97e-18	7.03e-09	2.61e-06	9.16e-05	7.55e-04	2.10e-03	7.25e-03	1.53e-01	4.15e-01	3.55e-01	6.29e-02	3.99e-03	3.19e-04	1.13e-05	1.22e-06	0.00e+00	0.00e+00	0.00e+00
 5.61340e+22	2.73e-18	8.33e-09	3.17e-06	1.09e-04	8.84e-04	2.40e-03	8.22e-03	1.65e-01	4.21e-01	3.41e-01	5.73e-02	3.48e-03	2.71e-04	9.27e-06	9.85e-07	0.00e+00	0.00e+00	0.00e+00
