#depth	O	O+	O+2	O+3	O+4	O+5	O+6	O+7	O+8	O[1]	O[2]	O[3]
 1.54284e+22	2.55e-13	5.11e-09	4.65e-06	3.91e-04	6.04e-03	2.36e-02	4.21e-01	4.40e-01	1.09e-01	2.55e-13	5.09e-22	6.38e-22
 3.45525e+22	6.94e-13	1.34e-08	1.27e-05	1.06e-03	1.45e-02	4.56e-02	5.24e-01	3.57e-01	5.78e-02	6.94e-13	1.36e-21	1.70e-21
 4.00961e+22	9.95e-13	1.95e-08	1.91e-05	1.61e-03	2.06e-02	5.97e-02	5.62e-01	3.14e-01	4.18e-02	9.95e-13	1.97e-21	2.46e-21
 4.28679e+22	1.17e-12	2.32e-08	2.33e-05	1.97e-03	2.43e-02	6.77e-02	5.78e-01	2.93e-01	3.54e-02	1.17e-12	2.32e-21	2.90e-21
 4.41662e+22	1.25e-12	2.50e-08	2.52e-05	2.14e-03	2.59e-02	7.11e-02	5.83e-01	2.84e-01	3.31e-02	1.25e-12	2.48e-21	3.10e-21
 4.50272e+22	1.36e-12	2.73e-08	2.78e-05	2.36e-03	2.80e-02	7.56e-02	5.90e-01	2.74e-01	3.03e-02	1.36e-12	2.69e-21	3.36e-21
 4.59447e+22	1.46e-12	2.95e-08	3.04e-05	2.58e-03	3.00e-02	7.97e-02	5.95e-01	2.64e-01	2.81e-02	1.46e-12	2.89e-21	3.61e-21
 4.69354e+22	1.58e-12	3.25e-08	3.39e-05	2.89e-03	3.27e-02	8.53e-02	6.01e-01	2.52e-01	2.53e-02	1.58e-12	3.15e-21	3.93e-21
 4.79327e+22	1.71e-12	3.53e-08	3.72e-05	3.16e-03	3.50e-02	8.97e-02	6.05e-01	2.43e-01	2.34e-02	1.71e-12	3.41e-21	4.25e-21
 4.89384e+22	1.87e-12	3.91e-08	4.16e-05	3.53e-03	3.80e-02	9.57e-02	6.10e-01	2.32e-01	2.11e-02	1.87e-12	3.73e-21	4.65e-21
 4.99656e+22	2.02e-12	4.26e-08	4.57e-05	3.87e-03	4.06e-02	1.01e-01	6.13e-01	2.23e-01	1.94e-02	2.02e-12	4.04e-21	5.04e-21
 5.10206e+22	2.22e-12	4.75e-08	5.15e-05	4.34e-03	4.42e-02	1.07e-01	6.16e-01	2.11e-01	1.73e-02	2.22e-12	4.45e-21	5.55e-21
 5.21016e+22	2.42e-12	5.21e-08	5.69e-05	4.77e-03	4.72e-02	1.13e-01	6.18e-01	2.02e-01	1.58e-02	2.42e-12	4.85e-21	6.05e-21
 5.32166e+22	2.68e-12	5.85e-08	6.45e-05	5.38e-03	5.13e-02	1.20e-01	6.19e-01	1.90e-01	1.41e-02	2.68e-12	5.37e-21	6.69e-21
 5.42649e+22	2.90e-12	6.38e-08	7.05e-05	5.83e-03	5.42e-02	1.25e-01	6.19e-01	1.83e-01	1.30e-02	2.90e-12	5.83e-21	7.27e-21
 5.52266e+22	3.18e-12	7.08e-08	7.87e-05	6.45e-03	5.81e-02	1.31e-01	6.18e-01	1.74e-01	1.17e-02	3.18e-12	6.41e-21	7.98e-21
 5.61867e+22	3.45e-12	7.72e-08	8.59e-05	6.97e-03	6.12e-02	1.36e-01	6.18e-01	1.67e-01	1.08e-02	3.45e-12	6.96e-21	8.66e-21
 5.71447e+22	3.76e-12	8.55e-08	9.57e-05	7.70e-03	6.54e-02	1.43e-01	6.16e-01	1.58e-01	9.76e-03	3.76e-12	7.60e-21	9.46e-21
 5.81074e+22	4.10e-12	9.38e-08	1.05e-04	8.32e-03	6.88e-02	1.48e-01	6.14e-01	1.52e-01	9.01e-03	4.10e-12	8.31e-21	1.03e-20
 5.90762e+22	4.52e-12	1.05e-07	1.17e-04	9.19e-03	7.33e-02	1.55e-01	6.11e-01	1.43e-01	8.09e-03	4.52e-12	9.18e-21	1.14e-20
 6.00599e+22	4.97e-12	1.16e-07	1.29e-04	9.95e-03	7.72e-02	1.61e-01	6.08e-01	1.37e-01	7.45e-03	4.97e-12	1.01e-20	1.26e-20
 6.10632e+22	5.52e-12	1.30e-07	1.45e-04	1.10e-02	8.22e-02	1.68e-01	6.03e-01	1.29e-01	6.66e-03	5.52e-12	1.13e-20	1.40e-20
 6.20808e+22	6.12e-12	1.45e-07	1.60e-04	1.19e-02	8.65e-02	1.74e-01	5.99e-01	1.23e-01	6.10e-03	6.12e-12	1.25e-20	1.55e-20
 6.31172e+22	6.86e-12	1.64e-07	1.81e-04	1.32e-02	9.21e-02	1.81e-01	5.92e-01	1.15e-01	5.43e-03	6.86e-12	1.41e-20	1.75e-20
 6.41706e+22	7.67e-12	1.84e-07	2.01e-04	1.44e-02	9.68e-02	1.87e-01	5.87e-01	1.10e-01	4.95e-03	7.67e-12	1.58e-20	1.96e-20
 6.52463e+22	8.69e-12	2.11e-07	2.28e-04	1.59e-02	1.03e-01	1.95e-01	5.79e-01	1.02e-01	4.38e-03	8.69e-12	1.79e-20	2.23e-20
 6.63439e+22	9.82e-12	2.38e-07	2.54e-04	1.74e-02	1.08e-01	2.01e-01	5.72e-01	9.70e-02	3.97e-03	9.82e-12	2.03e-20	2.52e-20
 6.74698e+22	1.13e-11	2.76e-07	2.92e-04	1.93e-02	1.15e-01	2.09e-01	5.62e-01	9.00e-02	3.48e-03	1.13e-11	2.34e-20	2.91e-20
 6.86247e+22	1.29e-11	3.14e-07	3.27e-04	2.11e-02	1.21e-01	2.15e-01	5.54e-01	8.48e-02	3.14e-03	1.29e-11	2.68e-20	3.32e-20
 6.98174e+22	1.51e-11	3.71e-07	3.79e-04	2.36e-02	1.29e-01	2.24e-01	5.42e-01	7.82e-02	2.73e-03	1.51e-11	3.16e-20	3.92e-20
 7.10283e+22	1.74e-11	4.26e-07	4.27e-04	2.58e-02	1.36e-01	2.30e-01	5.32e-01	7.33e-02	2.44e-03	1.74e-11	3.65e-20	4.52e-20
 7.22629e+22	2.07e-11	5.07e-07	4.97e-04	2.89e-02	1.45e-01	2.38e-01	5.19e-01	6.72e-02	2.11e-03	2.07e-11	4.37e-20	5.41e-20
 7.35118e+22	2.41e-11	5.87e-07	5.62e-04	3.15e-02	1.52e-01	2.43e-01	5.08e-01	6.27e-02	1.88e-03	2.41e-11	5.11e-20	6.33e-20
 7.47791e+22	2.91e-11	7.06e-07	6.56e-04	3.53e-02	1.62e-01	2.51e-01	4.92e-01	5.72e-02	1.61e-03	2.91e-11	6.19e-20	7.66e-20
 7.60643e+22	3.42e-11	8.22e-07	7.44e-04	3.86e-02	1.70e-01	2.56e-01	4.80e-01	5.31e-02	1.43e-03	3.42e-11	7.33e-20	9.06e-20
 7.71909e+22	4.00e-11	9.53e-07	8.41e-04	4.21e-02	1.77e-01	2.62e-01	4.68e-01	4.93e-02	1.26e-03	4.00e-11	8.59e-20	1.06e-19
 7.84734e+22	4.89e-11	1.15e-06	9.84e-04	4.69e-02	1.88e-01	2.68e-01	4.51e-01	4.47e-02	1.08e-03	4.89e-11	1.06e-19	1.31e-19
 7.97718e+22	5.78e-11	1.35e-06	1.11e-03	5.11e-02	1.96e-01	2.73e-01	4.37e-01	4.12e-02	9.45e-04	5.78e-11	1.26e-19	1.55e-19
 8.08352e+22	6.70e-11	1.54e-06	1.24e-03	5.50e-02	2.03e-01	2.76e-01	4.25e-01	3.85e-02	8.46e-04	6.70e-11	1.46e-19	1.81e-19
 8.19619e+22	8.07e-11	1.82e-06	1.42e-03	6.02e-02	2.12e-01	2.80e-01	4.10e-01	3.53e-02	7.37e-04	8.07e-11	1.77e-19	2.19e-19
 8.31281e+22	9.48e-11	2.11e-06	1.59e-03	6.49e-02	2.20e-01	2.83e-01	3.97e-01	3.26e-02	6.51e-04	9.48e-11	2.09e-19	2.58e-19
 8.41775e+22	1.11e-10	2.43e-06	1.77e-03	6.99e-02	2.28e-01	2.85e-01	3.84e-01	3.02e-02	5.78e-04	1.11e-10	2.47e-19	3.04e-19
 8.53733e+22	1.36e-10	2.90e-06	2.04e-03	7.65e-02	2.38e-01	2.88e-01	3.68e-01	2.74e-02	4.96e-04	1.36e-10	3.04e-19	3.74e-19
 8.66106e+22	1.62e-10	3.40e-06	2.30e-03	8.27e-02	2.46e-01	2.90e-01	3.53e-01	2.50e-02	4.32e-04	1.62e-10	3.66e-19	4.50e-19
 8.77139e+22	1.92e-10	3.93e-06	2.57e-03	8.89e-02	2.54e-01	2.91e-01	3.40e-01	2.30e-02	3.80e-04	1.92e-10	4.36e-19	5.36e-19
 8.89606e+22	2.39e-10	4.73e-06	2.96e-03	9.71e-02	2.64e-01	2.92e-01	3.23e-01	2.07e-02	3.22e-04	2.39e-10	5.46e-19	6.71e-19
 9.02602e+22	2.90e-10	5.58e-06	3.35e-03	1.05e-01	2.73e-01	2.92e-01	3.08e-01	1.87e-02	2.77e-04	2.90e-10	6.68e-19	8.20e-19
 9.14291e+22	3.48e-10	6.51e-06	3.76e-03	1.13e-01	2.81e-01	2.91e-01	2.94e-01	1.70e-02	2.41e-04	3.48e-10	8.08e-19	9.91e-19
 9.27491e+22	4.39e-10	7.89e-06	4.34e-03	1.23e-01	2.91e-01	2.90e-01	2.76e-01	1.51e-02	2.01e-04	4.39e-10	1.03e-18	1.26e-18
 9.41136e+22	5.39e-10	9.36e-06	4.92e-03	1.33e-01	2.99e-01	2.88e-01	2.61e-01	1.35e-02	1.71e-04	5.39e-10	1.28e-18	1.56e-18
 9.53307e+22	6.55e-10	1.10e-05	5.53e-03	1.42e-01	3.07e-01	2.86e-01	2.47e-01	1.22e-02	1.46e-04	6.55e-10	1.56e-18	1.91e-18
 9.67076e+22	8.38e-10	1.34e-05	6.38e-03	1.55e-01	3.16e-01	2.82e-01	2.30e-01	1.06e-02	1.20e-04	8.38e-10	2.02e-18	2.47e-18
 9.81373e+22	1.04e-09	1.59e-05	7.24e-03	1.67e-01	3.23e-01	2.78e-01	2.16e-01	9.41e-03	1.01e-04	1.04e-09	2.55e-18	3.11e-18
 9.94218e+22	1.28e-09	1.88e-05	8.14e-03	1.78e-01	3.29e-01	2.74e-01	2.02e-01	8.38e-03	8.51e-05	1.28e-09	3.16e-18	3.86e-18
 1.00878e+23	1.67e-09	2.31e-05	9.43e-03	1.94e-01	3.37e-01	2.67e-01	1.86e-01	7.19e-03	6.84e-05	1.67e-09	4.19e-18	5.11e-18
 1.02381e+23	2.10e-09	2.75e-05	1.07e-02	2.07e-01	3.42e-01	2.61e-01	1.72e-01	6.29e-03	5.65e-05	2.10e-09	5.32e-18	6.48e-18
 1.03737e+23	2.61e-09	3.26e-05	1.20e-02	2.21e-01	3.47e-01	2.55e-01	1.60e-01	5.51e-03	4.68e-05	2.61e-09	6.72e-18	8.18e-18
 1.05292e+23	3.47e-09	4.05e-05	1.39e-02	2.39e-01	3.52e-01	2.46e-01	1.44e-01	4.64e-03	3.67e-05	3.47e-09	9.09e-18	1.11e-17
 1.06866e+23	4.39e-09	4.83e-05	1.57e-02	2.54e-01	3.56e-01	2.38e-01	1.32e-01	4.00e-03	2.98e-05	4.39e-09	1.17e-17	1.42e-17
 1.08257e+23	5.49e-09	5.72e-05	1.76e-02	2.70e-01	3.58e-01	2.30e-01	1.21e-01	3.47e-03	2.44e-05	5.49e-09	1.48e-17	1.80e-17
 1.09856e+23	7.37e-09	7.10e-05	2.04e-02	2.90e-01	3.60e-01	2.19e-01	1.08e-01	2.86e-03	1.87e-05	7.37e-09	2.04e-17	2.47e-17
 1.11474e+23	9.32e-09	8.45e-05	2.29e-02	3.06e-01	3.60e-01	2.10e-01	9.83e-02	2.45e-03	1.51e-05	9.32e-09	2.62e-17	3.18e-17
 1.13117e+23	1.25e-08	1.05e-04	2.64e-02	3.27e-01	3.60e-01	1.98e-01	8.68e-02	2.00e-03	1.14e-05	1.25e-08	3.61e-17	4.38e-17
 1.14794e+23	1.60e-08	1.25e-04	2.96e-02	3.45e-01	3.58e-01	1.88e-01	7.80e-02	1.69e-03	9.04e-06	1.60e-08	4.72e-17	5.72e-17
 1.16287e+23	2.03e-08	1.48e-04	3.31e-02	3.62e-01	3.55e-01	1.78e-01	7.00e-02	1.42e-03	7.15e-06	2.03e-08	6.15e-17	7.45e-17
 1.18001e+23	2.75e-08	1.84e-04	3.79e-02	3.83e-01	3.51e-01	1.66e-01	6.08e-02	1.14e-03	5.28e-06	2.75e-08	8.62e-17	1.04e-16
 1.19743e+23	3.52e-08	2.19e-04	4.23e-02	4.01e-01	3.46e-01	1.56e-01	5.39e-02	9.43e-04	4.11e-06	3.52e-08	1.13e-16	1.37e-16
 1.21520e+23	4.82e-08	2.73e-04	4.86e-02	4.23e-01	3.38e-01	1.43e-01	4.61e-02	7.40e-04	2.97e-06	4.82e-08	1.61e-16	1.95e-16
 1.23315e+23	6.17e-08	3.24e-04	5.40e-02	4.39e-01	3.32e-01	1.33e-01	4.06e-02	6.09e-04	2.28e-06	6.17e-08	2.13e-16	2.57e-16
 1.24875e+23	7.82e-08	3.81e-04	5.96e-02	4.55e-01	3.24e-01	1.24e-01	3.58e-02	5.03e-04	1.77e-06	7.82e-08	2.79e-16	3.37e-16
 1.26372e+23	9.76e-08	4.44e-04	6.54e-02	4.69e-01	3.17e-01	1.16e-01	3.18e-02	4.18e-04	1.38e-06	9.76e-08	3.58e-16	4.33e-16
 1.27796e+23	1.21e-07	5.13e-04	7.13e-02	4.82e-01	3.09e-01	1.08e-01	2.82e-02	3.50e-04	1.09e-06	1.21e-07	4.55e-16	5.50e-16
 1.29403e+23	1.58e-07	6.16e-04	7.94e-02	4.98e-01	2.99e-01	9.87e-02	2.42e-02	2.78e-04	8.02e-07	1.58e-07	6.18e-16	7.46e-16
 1.31006e+23	1.95e-07	7.10e-04	8.63e-02	5.10e-01	2.90e-01	9.16e-02	2.14e-02	2.30e-04	6.27e-07	1.95e-07	7.85e-16	9.47e-16
 1.32606e+23	2.53e-07	8.48e-04	9.56e-02	5.23e-01	2.79e-01	8.30e-02	1.82e-02	1.82e-04	4.59e-07	2.53e-07	1.06e-15	1.27e-15
 1.34234e+23	3.14e-07	9.79e-04	1.04e-01	5.34e-01	2.69e-01	7.64e-02	1.60e-02	1.49e-04	3.53e-07	3.14e-07	1.35e-15	1.62e-15
 1.35897e+23	4.10e-07	1.17e-03	1.15e-01	5.45e-01	2.57e-01	6.87e-02	1.35e-02	1.16e-04	2.54e-07	4.10e-07	1.82e-15	2.19e-15
 1.37575e+23	5.08e-07	1.35e-03	1.24e-01	5.53e-01	2.47e-01	6.28e-02	1.17e-02	9.44e-05	1.94e-07	5.08e-07	2.32e-15	2.79e-15
 1.39272e+23	6.63e-07	1.61e-03	1.37e-01	5.62e-01	2.34e-01	5.59e-02	9.80e-03	7.26e-05	1.37e-07	6.63e-07	3.13e-15	3.77e-15
 1.40989e+23	8.21e-07	1.85e-03	1.48e-01	5.68e-01	2.23e-01	5.08e-02	8.45e-03	5.85e-05	0.00e+00	8.21e-07	3.99e-15	4.79e-15
 1.42365e+23	9.78e-07	2.07e-03	1.57e-01	5.72e-01	2.14e-01	4.68e-02	7.47e-03	4.88e-05	0.00e+00	9.78e-07	4.85e-15	5.83e-15
 1.43786e+23	1.21e-06	2.38e-03	1.69e-01	5.76e-01	2.04e-01	4.23e-02	6.42e-03	3.91e-05	0.00e+00	1.21e-06	6.18e-15	7.41e-15
 1.45239e+23	1.44e-06	2.68e-03	1.80e-01	5.78e-01	1.95e-01	3.87e-02	5.63e-03	3.23e-05	0.00e+00	1.44e-06	7.55e-15	9.05e-15
 1.46534e+23	1.71e-06	2.99e-03	1.91e-01	5.79e-01	1.86e-01	3.55e-02	4.95e-03	2.68e-05	0.00e+00	1.71e-06	9.18e-15	1.10e-14
 1.48017e+23	2.12e-06	3.44e-03	2.05e-01	5.80e-01	1.76e-01	3.17e-02	4.20e-03	2.12e-05	0.00e+00	2.12e-06	1.17e-14	1.40e-14
 1.49516e+23	2.53e-06	3.85e-03	2.17e-01	5.79e-01	1.67e-01	2.88e-02	3.66e-03	1.73e-05	0.00e+00	2.53e-06	1.43e-14	1.71e-14
 1.50831e+23	3.00e-06	4.29e-03	2.30e-01	5.78e-01	1.59e-01	2.63e-02	3.19e-03	1.42e-05	0.00e+00	3.00e-06	1.74e-14	2.08e-14
 1.52336e+23	3.70e-06	4.91e-03	2.46e-01	5.74e-01	1.49e-01	2.33e-02	2.69e-03	1.11e-05	0.00e+00	3.70e-06	2.22e-14	2.65e-14
 1.53865e+23	4.40e-06	5.48e-03	2.60e-01	5.71e-01	1.41e-01	2.10e-02	2.32e-03	9.00e-06	0.00e+00	4.40e-06	2.71e-14	3.23e-14
 1.55222e+23	5.22e-06	6.11e-03	2.74e-01	5.66e-01	1.33e-01	1.90e-02	2.01e-03	7.31e-06	0.00e+00	5.22e-06	3.30e-14	3.93e-14
 1.56781e+23	6.47e-06	7.02e-03	2.92e-01	5.59e-01	1.23e-01	1.67e-02	1.67e-03	5.62e-06	0.00e+00	6.47e-06	4.23e-14	5.04e-14
 1.58353e+23	7.69e-06	7.83e-03	3.08e-01	5.52e-01	1.16e-01	1.49e-02	1.43e-03	4.51e-06	0.00e+00	7.69e-06	5.18e-14	6.17e-14
 1.59660e+23	8.95e-06	8.63e-03	3.21e-01	5.46e-01	1.09e-01	1.35e-02	1.25e-03	3.71e-06	0.00e+00	8.95e-06	6.18e-14	7.36e-14
 1.61075e+23	1.08e-05	9.73e-03	3.39e-01	5.36e-01	1.02e-01	1.19e-02	1.05e-03	2.90e-06	0.00e+00	1.08e-05	7.72e-14	9.19e-14
 1.62600e+23	1.28e-05	1.08e-02	3.56e-01	5.27e-01	9.49e-02	1.06e-02	8.96e-04	2.31e-06	0.00e+00	1.28e-05	9.46e-14	1.12e-13
 1.64269e+23	1.60e-05	1.25e-02	3.78e-01	5.13e-01	8.67e-02	9.11e-03	7.28e-04	1.72e-06	0.00e+00	1.60e-05	1.23e-13	1.46e-13
 1.65944e+23	1.91e-05	1.39e-02	3.96e-01	5.01e-01	8.01e-02	8.01e-03	6.12e-04	1.34e-06	0.00e+00	1.91e-05	1.51e-13	1.79e-13
 1.67627e+23	2.36e-05	1.59e-02	4.18e-01	4.86e-01	7.27e-02	6.84e-03	4.94e-04	9.89e-07	0.00e+00	2.36e-05	1.95e-13	2.32e-13
 1.69344e+23	2.82e-05	1.78e-02	4.38e-01	4.71e-01	6.68e-02	5.96e-03	4.11e-04	7.63e-07	0.00e+00	2.82e-05	2.41e-13	2.86e-13
 1.71106e+23	3.50e-05	2.04e-02	4.61e-01	4.53e-01	6.00e-02	5.02e-03	3.26e-04	5.52e-07	0.00e+00	3.50e-05	3.14e-13	3.72e-13
 1.72901e+23	4.18e-05	2.28e-02	4.81e-01	4.37e-01	5.45e-02	4.33e-03	2.68e-04	4.18e-07	0.00e+00	4.18e-05	3.90e-13	4.61e-13
 1.74498e+23	4.97e-05	2.53e-02	5.01e-01	4.20e-01	4.96e-02	3.73e-03	2.21e-04	3.18e-07	0.00e+00	4.97e-05	4.82e-13	5.69e-13
 1.76333e+23	6.18e-05	2.90e-02	5.25e-01	3.99e-01	4.39e-02	3.09e-03	1.72e-04	2.25e-07	0.00e+00	6.18e-05	6.30e-13	7.43e-13
 1.77944e+23	7.01e-05	3.13e-02	5.40e-01	3.85e-01	4.05e-02	2.74e-03	1.47e-04	1.80e-07	0.00e+00	7.01e-05	7.35e-13	8.66e-13
 1.79265e+23	8.14e-05	3.43e-02	5.56e-01	3.70e-01	3.71e-02	2.39e-03	1.23e-04	1.41e-07	0.00e+00	8.14e-05	8.86e-13	1.04e-12
 1.80645e+23	9.26e-05	3.71e-02	5.71e-01	3.56e-01	3.41e-02	2.11e-03	1.05e-04	0.00e+00	0.00e+00	9.26e-05	1.04e-12	1.22e-12
 1.81904e+23	1.05e-04	3.99e-02	5.84e-01	3.42e-01	3.14e-02	1.87e-03	8.94e-05	0.00e+00	0.00e+00	1.05e-04	1.22e-12	1.43e-12
 1.83344e+23	1.22e-04	4.39e-02	6.01e-01	3.25e-01	2.83e-02	1.60e-03	7.32e-05	0.00e+00	0.00e+00	1.22e-04	1.48e-12	1.74e-12
 1.84810e+23	1.39e-04	4.74e-02	6.15e-01	3.10e-01	2.58e-02	1.39e-03	6.14e-05	0.00e+00	0.00e+00	1.39e-04	1.75e-12	2.04e-12
 1.86309e+23	1.63e-04	5.23e-02	6.31e-01	2.92e-01	2.30e-02	1.17e-03	4.94e-05	0.00e+00	0.00e+00	1.63e-04	2.15e-12	2.50e-12
 1.87819e+23	1.86e-04	5.64e-02	6.44e-01	2.77e-01	2.08e-02	1.02e-03	4.11e-05	0.00e+00	0.00e+00	1.86e-04	2.53e-12	2.94e-12
 1.89343e+23	2.18e-04	6.21e-02	6.59e-01	2.59e-01	1.84e-02	8.50e-04	3.28e-05	0.00e+00	0.00e+00	2.18e-04	3.12e-12	3.61e-12
 1.90892e+23	2.47e-04	6.69e-02	6.71e-01	2.44e-01	1.65e-02	7.29e-04	2.70e-05	0.00e+00	0.00e+00	2.47e-04	3.68e-12	4.24e-12
 1.92474e+23	2.91e-04	7.36e-02	6.85e-01	2.26e-01	1.45e-02	6.03e-04	2.13e-05	0.00e+00	0.00e+00	2.91e-04	4.55e-12	5.23e-12
 1.94084e+23	3.30e-04	7.92e-02	6.95e-01	2.12e-01	1.29e-02	5.12e-04	1.73e-05	0.00e+00	0.00e+00	3.30e-04	5.39e-12	6.16e-12
 1.95733e+23	3.89e-04	8.74e-02	7.06e-01	1.94e-01	1.12e-02	4.17e-04	1.34e-05	0.00e+00	0.00e+00	3.89e-04	6.71e-12	7.64e-12
 1.97413e+23	4.43e-04	9.41e-02	7.15e-01	1.80e-01	9.83e-03	3.49e-04	1.08e-05	0.00e+00	0.00e+00	4.43e-04	7.99e-12	9.05e-12
 1.99133e+23	5.23e-04	1.04e-01	7.24e-01	1.63e-01	8.41e-03	2.80e-04	8.20e-06	0.00e+00	0.00e+00	5.23e-04	1.00e-11	1.13e-11
 2.00887e+23	5.97e-04	1.12e-01	7.30e-01	1.50e-01	7.32e-03	2.31e-04	6.47e-06	0.00e+00	0.00e+00	5.97e-04	1.20e-11	1.34e-11
 2.02686e+23	7.12e-04	1.24e-01	7.36e-01	1.33e-01	6.15e-03	1.81e-04	4.81e-06	0.00e+00	0.00e+00	7.12e-04	1.52e-11	1.69e-11
 2.04478e+23	8.07e-04	1.33e-01	7.39e-01	1.21e-01	5.34e-03	1.49e-04	3.79e-06	0.00e+00	0.00e+00	8.07e-04	1.80e-11	1.99e-11
 2.06260e+23	9.59e-04	1.47e-01	7.40e-01	1.07e-01	4.46e-03	1.16e-04	2.80e-06	0.00e+00	0.00e+00	9.59e-04	2.28e-11	2.49e-11
 2.08056e+23	1.09e-03	1.58e-01	7.40e-01	9.67e-02	3.84e-03	9.40e-05	2.19e-06	0.00e+00	0.00e+00	1.09e-03	2.71e-11	2.94e-11
 2.09869e+23	1.30e-03	1.75e-01	7.37e-01	8.41e-02	3.18e-03	7.18e-05	1.59e-06	0.00e+00	0.00e+00	1.30e-03	3.44e-11	3.71e-11
 2.11691e+23	1.48e-03	1.88e-01	7.33e-01	7.49e-02	2.71e-03	5.77e-05	1.23e-06	0.00e+00	0.00e+00	1.48e-03	4.12e-11	4.40e-11
 2.13525e+23	1.78e-03	2.09e-01	7.23e-01	6.39e-02	2.21e-03	4.30e-05	8.79e-07	0.00e+00	0.00e+00	1.78e-03	5.29e-11	5.59e-11
 2.15354e+23	2.03e-03	2.25e-01	7.15e-01	5.62e-02	1.88e-03	3.42e-05	6.76e-07	0.00e+00	0.00e+00	2.03e-03	6.33e-11	6.65e-11
 2.17177e+23	2.46e-03	2.50e-01	6.99e-01	4.72e-02	1.52e-03	2.51e-05	4.77e-07	0.00e+00	0.00e+00	2.46e-03	8.17e-11	8.48e-11
 2.19004e+23	2.82e-03	2.70e-01	6.85e-01	4.07e-02	1.28e-03	1.95e-05	3.62e-07	0.00e+00	0.00e+00	2.82e-03	9.86e-11	1.02e-10
 2.20835e+23	3.44e-03	3.01e-01	6.62e-01	3.33e-02	1.03e-03	1.39e-05	2.51e-07	0.00e+00	0.00e+00	3.44e-03	1.28e-10	1.31e-10
 2.22666e+23	3.99e-03	3.26e-01	6.41e-01	2.82e-02	8.59e-04	1.06e-05	1.88e-07	0.00e+00	0.00e+00	3.99e-03	1.56e-10	1.58e-10
 2.24500e+23	4.89e-03	3.62e-01	6.10e-01	2.24e-02	6.83e-04	7.32e-06	1.29e-07	0.00e+00	0.00e+00	4.89e-03	2.03e-10	2.04e-10
 2.26348e+23	5.76e-03	3.94e-01	5.81e-01	1.83e-02	5.62e-04	5.34e-06	0.00e+00	0.00e+00	0.00e+00	5.76e-03	2.52e-10	2.51e-10
 2.28216e+23	7.13e-03	4.38e-01	5.40e-01	1.40e-02	4.40e-04	3.52e-06	0.00e+00	0.00e+00	0.00e+00	7.13e-03	3.32e-10	3.28e-10
 2.30100e+23	8.54e-03	4.77e-01	5.03e-01	1.10e-02	3.56e-04	2.44e-06	0.00e+00	0.00e+00	0.00e+00	8.54e-03	4.17e-10	4.10e-10
 2.31756e+23	1.02e-02	5.17e-01	4.64e-01	8.47e-03	2.88e-04	1.67e-06	0.00e+00	0.00e+00	0.00e+00	1.02e-02	5.24e-10	5.13e-10
 2.33657e+23	1.29e-02	5.70e-01	4.11e-01	5.98e-03	2.18e-04	1.00e-06	0.00e+00	0.00e+00	0.00e+00	1.29e-02	7.01e-10	6.83e-10
 2.35362e+23	1.53e-02	6.07e-01	3.73e-01	4.58e-03	1.79e-04	6.87e-07	0.00e+00	0.00e+00	0.00e+00	1.53e-02	8.56e-10	8.31e-10
 2.36570e+23	1.75e-02	6.38e-01	3.41e-01	3.63e-03	1.51e-04	4.95e-07	0.00e+00	0.00e+00	0.00e+00	1.75e-02	1.02e-09	9.82e-10
 2.37897e+23	2.10e-02	6.76e-01	3.00e-01	2.67e-03	1.21e-04	3.21e-07	0.00e+00	0.00e+00	0.00e+00	2.10e-02	1.26e-09	1.22e-09
 2.39346e+23	2.52e-02	7.13e-01	2.60e-01	1.91e-03	9.57e-05	2.02e-07	0.00e+00	0.00e+00	0.00e+00	2.52e-02	1.58e-09	1.52e-09
 2.40728e+23	3.05e-02	7.47e-01	2.21e-01	1.34e-03	7.46e-05	1.24e-07	0.00e+00	0.00e+00	0.00e+00	3.05e-02	1.98e-09	1.90e-09
 2.42065e+23	3.71e-02	7.77e-01	1.85e-01	9.22e-04	5.74e-05	0.00e+00	0.00e+00	0.00e+00	0.00e+00	3.71e-02	2.50e-09	2.39e-09
 2.43324e+23	4.51e-02	8.02e-01	1.52e-01	6.27e-04	4.38e-05	0.00e+00	0.00e+00	0.00e+00	0.00e+00	4.51e-02	3.14e-09	3.00e-09
 2.44492e+23	5.50e-02	8.22e-01	1.23e-01	4.22e-04	3.29e-05	0.00e+00	0.00e+00	0.00e+00	0.00e+00	5.50e-02	3.94e-09	3.75e-09
 2.45568e+23	6.67e-02	8.35e-01	9.81e-02	2.85e-04	2.46e-05	0.00e+00	0.00e+00	0.00e+00	0.00e+00	6.67e-02	4.90e-09	4.66e-09
 2.46567e+23	8.12e-02	8.42e-01	7.70e-02	1.91e-04	1.81e-05	0.00e+00	0.00e+00	0.00e+00	0.00e+00	8.12e-02	6.10e-09	5.80e-09
 2.47487e+23	9.85e-02	8.42e-01	5.98e-02	1.29e-04	1.31e-05	0.00e+00	0.00e+00	0.00e+00	0.00e+00	9.85e-02	7.53e-09	7.15e-09
 2.48314e+23	1.19e-01	8.35e-01	4.61e-02	8.89e-05	9.45e-06	0.00e+00	0.00e+00	0.00e+00	0.00e+00	1.19e-01	9.20e-09	8.72e-09
 2.49051e+23	1.42e-01	8.22e-01	3.55e-02	6.26e-05	6.81e-06	0.00e+00	0.00e+00	0.00e+00	0.00e+00	1.42e-01	1.11e-08	1.05e-08
 2.49709e+23	1.69e-01	8.04e-01	2.74e-02	4.50e-05	4.89e-06	0.00e+00	0.00e+00	0.00e+00	0.00e+00	1.69e-01	1.31e-08	1.24e-08
 2.50300e+23	1.97e-01	7.82e-01	2.13e-02	3.34e-05	3.56e-06	0.00e+00	0.00e+00	0.00e+00	0.00e+00	1.97e-01	1.53e-08	1.44e-08
 2.50847e+23	2.28e-01	7.55e-01	1.65e-02	2.51e-05	2.57e-06	0.00e+00	0.00e+00	0.00e+00	0.00e+00	2.28e-01	1.76e-08	1.66e-08
 2.51364e+23	2.64e-01	7.24e-01	1.27e-02	1.91e-05	1.83e-06	0.00e+00	0.00e+00	0.00e+00	0.00e+00	2.64e-01	2.00e-08	1.88e-08
 2.51836e+23	3.00e-01	6.90e-01	9.81e-03	1.48e-05	1.32e-06	0.00e+00	0.00e+00	0.00e+00	0.00e+00	3.00e-01	2.23e-08	2.10e-08
 2.52266e+23	3.38e-01	6.54e-01	7.66e-03	1.17e-05	9.62e-07	0.00e+00	0.00e+00	0.00e+00	0.00e+00	3.38e-01	2.45e-08	2.31e-08
 2.52662e+23	3.76e-01	6.18e-01	6.04e-03	9.46e-06	7.11e-07	0.00e+00	0.00e+00	0.00e+00	0.00e+00	3.76e-01	2.64e-08	2.49e-08
 2.53007e+23	4.11e-01	5.84e-01	4.88e-03	7.85e-06	5.41e-07	0.00e+00	0.00e+00	0.00e+00	0.00e+00	4.11e-01	2.80e-08	2.63e-08
 2.53257e+23	4.37e-01	5.59e-01	4.18e-03	6.89e-06	4.46e-07	0.00e+00	0.00e+00	0.00e+00	0.00e+00	4.37e-01	2.90e-08	2.72e-08
 2.53424e+23	4.54e-01	5.42e-01	3.77e-03	6.32e-06	3.90e-07	0.00e+00	0.00e+00	0.00e+00	0.00e+00	4.54e-01	2.97e-08	2.78e-08
 2.53597e+23	4.72e-01	5.24e-01	3.36e-03	5.76e-06	3.38e-07	0.00e+00	0.00e+00	0.00e+00	0.00e+00	4.72e-01	3.03e-08	2.84e-08
 2.53808e+23	4.95e-01	5.02e-01	2.92e-03	5.14e-06	2.84e-07	0.00e+00	0.00e+00	0.00e+00	0.00e+00	4.95e-01	3.10e-08	2.90e-08
 2.54039e+23	5.20e-01	4.78e-01	2.51e-03	4.56e-06	2.34e-07	0.00e+00	0.00e+00	0.00e+00	0.00e+00	5.20e-01	3.16e-08	2.96e-08
 2.54270e+23	5.43e-01	4.54e-01	2.16e-03	4.06e-06	1.94e-07	0.00e+00	0.00e+00	0.00e+00	0.00e+00	5.43e-01	3.21e-08	3.01e-08
 2.54494e+23	5.66e-01	4.32e-01	1.86e-03	3.63e-06	1.62e-07	0.00e+00	0.00e+00	0.00e+00	0.00e+00	5.66e-01	3.25e-08	3.04e-08
 2.54708e+23	5.87e-01	4.12e-01	1.62e-03	3.28e-06	1.37e-07	0.00e+00	0.00e+00	0.00e+00	0.00e+00	5.87e-01	3.27e-08	3.06e-08
 2.54878e+23	6.02e-01	3.97e-01	1.46e-03	3.04e-06	0.00e+00	0.00e+00	0.00e+00	0.00e+00	0.00e+00	6.02e-01	3.28e-08	3.07e-08
 2.54995e+23	6.12e-01	3.86e-01	1.36e-03	2.89e-06	0.00e+00	0.00e+00	0.00e+00	0.00e+00	0.00e+00	6.12e-01	3.29e-08	3.07e-08
 2.55111e+23	6.23e-01	3.76e-01	1.26e-03	2.74e-06	0.00e+00	0.00e+00	0.00e+00	0.00e+00	0.00e+00	6.23e-01	3.29e-08	3.08e-08
 2.55246e+23	6.34e-01	3.65e-01	1.16e-03	2.58e-06	0.00e+00	0.00e+00	0.00e+00	0.00e+00	0.00e+00	6.34e-01	3.30e-08	3.08e-08
 2.55394e+23	6.47e-01	3.52e-01	1.06e-03	2.42e-06	0.00e+00	0.00e+00	0.00e+00	0.00e+00	0.00e+00	6.47e-01	3.29e-08	3.08e-08
 2.55543e+23	6.58e-01	3.41e-01	9.64e-04	2.27e-06	0.00e+00	0.00e+00	0.00e+00	0.00e+00	0.00e+00	6.58e-01	3.29e-08	3.07e-08
 2.55687e+23	6.70e-01	3.30e-01	8.83e-04	2.14e-06	0.00e+00	0.00e+00	0.00e+00	0.00e+00	0.00e+00	6.70e-01	3.28e-08	3.06e-08
 2.55834e+23	6.80e-01	3.19e-01	8.08e-04	2.02e-06	0.00e+00	0.00e+00	0.00e+00	0.00e+00	0.00e+00	6.80e-01	3.28e-08	3.05e-08
 2.55986e+23	6.91e-01	3.08e-01	7.38e-04	1.90e-06	0.00e+00	0.00e+00	0.00e+00	0.00e+00	0.00e+00	6.91e-01	3.26e-08	3.04e-08
 2.56144e+23	7.02e-01	2.97e-01	6.72e-04	1.79e-06	0.00e+00	0.00e+00	0.00e+00	0.00e+00	0.00e+00	7.02e-01	3.25e-08	3.03e-08
 2.56304e+23	7.13e-01	2.87e-01	6.13e-04	1.69e-06	0.00e+00	0.00e+00	0.00e+00	0.00e+00	0.00e+00	7.13e-01	3.23e-08	3.01e-08
 2.56465e+23	7.23e-01	2.77e-01	5.58e-04	1.59e-06	0.00e+00	0.00e+00	0.00e+00	0.00e+00	0.00e+00	7.23e-01	3.22e-08	3.00e-08
 2.56632e+23	7.32e-01	2.67e-01	5.08e-04	1.50e-06	0.00e+00	0.00e+00	0.00e+00	0.00e+00	0.00e+00	7.32e-01	3.20e-08	2.98e-08
 2.56806e+23	7.42e-01	2.57e-01	4.61e-04	1.41e-06	0.00e+00	0.00e+00	0.00e+00	0.00e+00	0.00e+00	7.42e-01	3.18e-08	2.96e-08
 2.56983e+23	7.52e-01	2.48e-01	4.19e-04	1.33e-06	0.00e+00	0.00e+00	0.00e+00	0.00e+00	0.00e+00	7.52e-01	3.16e-08	2.93e-08
 2.57164e+23	7.61e-01	2.39e-01	3.80e-04	1.25e-06	0.00e+00	0.00e+00	0.00e+00	0.00e+00	0.00e+00	7.61e-01	3.13e-08	2.91e-08
 2.57350e+23	7.70e-01	2.30e-01	3.45e-04	1.18e-06	0.00e+00	0.00e+00	0.00e+00	0.00e+00	0.00e+00	7.70e-01	3.11e-08	2.89e-08
 2.57543e+23	7.79e-01	2.21e-01	3.12e-04	1.11e-06	0.00e+00	0.00e+00	0.00e+00	0.00e+00	0.00e+00	7.79e-01	3.08e-08	2.86e-08
 2.57741e+23	7.87e-01	2.12e-01	2.82e-04	1.05e-06	0.00e+00	0.00e+00	0.00e+00	0.00e+00	0.00e+00	7.87e-01	3.06e-08	2.84e-08
 2.57945e+23	7.95e-01	2.04e-01	2.56e-04	9.89e-07	0.00e+00	0.00e+00	0.00e+00	0.00e+00	0.00e+00	7.95e-01	3.03e-08	2.81e-08
 2.58156e+23	8.04e-01	1.96e-01	2.31e-04	9.31e-07	0.00e+00	0.00e+00	0.00e+00	0.00e+00	0.00e+00	8.04e-01	3.00e-08	2.78e-08
 2.58373e+23	8.11e-01	1.88e-01	2.09e-04	8.78e-07	0.00e+00	0.00e+00	0.00e+00	0.00e+00	0.00e+00	8.11e-01	2.97e-08	2.75e-08
 2.58596e+23	8.19e-01	1.81e-01	1.89e-04	8.27e-07	0.00e+00	0.00e+00	0.00e+00	0.00e+00	0.00e+00	8.19e-01	2.95e-08	2.73e-08
 2.58828e+23	8.26e-01	1.74e-01	1.71e-04	7.80e-07	0.00e+00	0.00e+00	0.00e+00	0.00e+00	0.00e+00	8.26e-01	2.92e-08	2.70e-08
 2.59069e+23	8.33e-01	1.67e-01	1.55e-04	7.34e-07	0.00e+00	0.00e+00	0.00e+00	0.00e+00	0.00e+00	8.33e-01	2.89e-08	2.67e-08
 2.59318e+23	8.40e-01	1.60e-01	1.40e-04	6.92e-07	0.00e+00	0.00e+00	0.00e+00	0.00e+00	0.00e+00	8.40e-01	2.86e-08	2.65e-08
 2.59575e+23	8.46e-01	1.53e-01	1.27e-04	6.52e-07	0.00e+00	0.00e+00	0.00e+00	0.00e+00	0.00e+00	8.46e-01	2.84e-08	2.62e-08
 2.59842e+23	8.53e-01	1.47e-01	1.15e-04	6.15e-07	0.00e+00	0.00e+00	0.00e+00	0.00e+00	0.00e+00	8.53e-01	2.81e-08	2.59e-08
 2.60115e+23	8.59e-01	1.41e-01	1.05e-04	5.80e-07	0.00e+00	0.00e+00	0.00e+00	0.00e+00	0.00e+00	8.59e-01	2.79e-08	2.57e-08
 2.60396e+23	8.64e-01	1.36e-01	9.63e-05	5.49e-07	0.00e+00	0.00e+00	0.00e+00	0.00e+00	0.00e+00	8.64e-01	2.76e-08	2.54e-08
 2.60683e+23	8.69e-01	1.30e-01	8.84e-05	5.19e-07	0.00e+00	0.00e+00	0.00e+00	0.00e+00	0.00e+00	8.69e-01	2.73e-08	2.50e-08
 2.60981e+23	8.74e-01	1.25e-01	8.14e-05	4.91e-07	0.00e+00	0.00e+00	0.00e+00	0.00e+00	0.00e+00	8.74e-01	2.71e-08	2.47e-08
 2.61293e+23	8.79e-01	1.21e-01	7.52e-05	4.64e-07	0.00e+00	0.00e+00	0.00e+00	0.00e+00	0.00e+00	8.79e-01	2.68e-08	2.43e-08
 2.61611e+23	8.84e-01	1.16e-01	6.98e-05	4.40e-07	0.00e+00	0.00e+00	0.00e+00	0.00e+00	0.00e+00	8.84e-01	2.66e-08	2.40e-08
 2.61938e+23	8.88e-01	1.12e-01	6.51e-05	4.17e-07	0.00e+00	0.00e+00	0.00e+00	0.00e+00	0.00e+00	8.88e-01	2.64e-08	2.37e-08
 2.62282e+23	8.92e-01	1.08e-01	6.09e-05	3.95e-07	0.00e+00	0.00e+00	0.00e+00	0.00e+00	0.00e+00	8.92e-01	2.62e-08	2.34e-08
 2.62643e+23	8.96e-01	1.04e-01	5.71e-05	3.75e-07	0.00e+00	0.00e+00	0.00e+00	0.00e+00	0.00e+00	8.96e-01	2.60e-08	2.32e-08
 2.63018e+23	9.00e-01	1.00e-01	5.38e-05	3.56e-07	0.00e+00	0.00e+00	0.00e+00	0.00e+00	0.00e+00	9.00e-01	2.59e-08	2.29e-08
 2.63409e+23	9.03e-01	9.65e-02	5.09e-05	3.38e-07	0.00e+00	0.00e+00	0.00e+00	0.00e+00	0.00e+00	9.03e-01	2.57e-08	2.27e-08
 2.63823e+23	9.07e-01	9.30e-02	4.83e-05	3.21e-07	0.00e+00	0.00e+00	0.00e+00	0.00e+00	0.00e+00	9.07e-01	2.56e-08	2.25e-08
 2.64260e+23	9.10e-01	8.96e-02	4.59e-05	3.04e-07	0.00e+00	0.00e+00	0.00e+00	0.00e+00	0.00e+00	9.10e-01	2.55e-08	2.22e-08
 2.64718e+23	9.14e-01	8.63e-02	4.38e-05	2.88e-07	0.00e+00	0.00e+00	0.00e+00	0.00e+00	0.00e+00	9.14e-01	2.54e-08	2.20e-08
 2.65177e+23	9.17e-01	8.33e-02	4.20e-05	2.73e-07	0.00e+00	0.00e+00	0.00e+00	0.00e+00	0.00e+00	9.17e-01	2.53e-08	2.18e-08
 2.65622e+23	9.19e-01	8.07e-02	4.06e-05	2.61e-07	0.00e+00	0.00e+00	0.00e+00	0.00e+00	0.00e+00	9.19e-01	2.53e-08	2.17e-08
 2.66056e+23	9.22e-01	7.83e-02	3.93e-05	2.49e-07	0.00e+00	0.00e+00	0.00e+00	0.00e+00	0.00e+00	9.22e-01	2.53e-08	2.15e-08
 2.66478e+23	9.24e-01	7.61e-02	3.82e-05	2.39e-07	0.00e+00	0.00e+00	0.00e+00	0.00e+00	0.00e+00	9.24e-01	2.52e-08	2.14e-08
 2.66889e+23	9.26e-01	7.40e-02	3.73e-05	2.29e-07	0.00e+00	0.00e+00	0.00e+00	0.00e+00	0.00e+00	9.26e-01	2.52e-08	2.13e-08
 2.67288e+23	9.28e-01	7.20e-02	3.65e-05	2.20e-07	0.00e+00	0.00e+00	0.00e+00	0.00e+00	0.00e+00	9.28e-01	2.52e-08	2.12e-08
 2.67669e+23	9.30e-01	7.01e-02	3.58e-05	2.12e-07	0.00e+00	0.00e+00	0.00e+00	0.00e+00	0.00e+00	9.30e-01	2.51e-08	2.10e-08
 2.68024e+23	9.31e-01	6.85e-02	3.52e-05	2.05e-07	0.00e+00	0.00e+00	0.00e+00	0.00e+00	0.00e+00	9.31e-01	2.51e-08	2.09e-08
 2.68368e+23	9.33e-01	6.69e-02	3.46e-05	1.98e-07	0.00e+00	0.00e+00	0.00e+00	0.00e+00	0.00e+00	9.33e-01	2.50e-08	2.08e-08
 2.68713e+23	9.35e-01	6.53e-02	3.41e-05	1.91e-07	0.00e+00	0.00e+00	0.00e+00	0.00e+00	0.00e+00	9.35e-01	2.50e-08	2.07e-08
 2.69048e+23	9.36e-01	6.38e-02	3.36e-05	1.85e-07	0.00e+00	0.00e+00	0.00e+00	0.00e+00	0.00e+00	9.36e-01	2.50e-08	2.06e-08
 2.69370e+23	9.38e-01	6.23e-02	3.32e-05	1.79e-07	0.00e+00	0.00e+00	0.00e+00	0.00e+00	0.00e+00	9.38e-01	2.49e-08	2.05e-08
 2.69681e+23	9.39e-01	6.10e-02	3.28e-05	1.73e-07	0.00e+00	0.00e+00	0.00e+00	0.00e+00	0.00e+00	9.39e-01	2.49e-08	2.05e-08
 2.69982e+23	9.40e-01	5.96e-02	3.24e-05	1.68e-07	0.00e+00	0.00e+00	0.00e+00	0.00e+00	0.00e+00	9.40e-01	2.49e-08	2.04e-08
 2.70273e+23	9.42e-01	5.84e-02	3.21e-05	1.63e-07	0.00e+00	0.00e+00	0.00e+00	0.00e+00	0.00e+00	9.42e-01	2.49e-08	2.03e-08
 2.70554e+23	9.43e-01	5.71e-02	3.18e-05	1.58e-07	0.00e+00	0.00e+00	0.00e+00	0.00e+00	0.00e+00	9.43e-01	2.48e-08	2.02e-08
 2.70825e+23	9.44e-01	5.59e-02	3.15e-05	1.54e-07	0.00e+00	0.00e+00	0.00e+00	0.00e+00	0.00e+00	9.44e-01	2.48e-08	2.01e-08
 2.71086e+23	9.45e-01	5.48e-02	3.12e-05	1.50e-07	0.00e+00	0.00e+00	0.00e+00	0.00e+00	0.00e+00	9.45e-01	2.48e-08	2.01e-08
 2.71338e+23	9.46e-01	5.37e-02	3.10e-05	1.46e-07	0.00e+00	0.00e+00	0.00e+00	0.00e+00	0.00e+00	9.46e-01	2.47e-08	2.00e-08
 2.71578e+23	9.47e-01	5.27e-02	3.08e-05	1.42e-07	0.00e+00	0.00e+00	0.00e+00	0.00e+00	0.00e+00	9.47e-01	2.47e-08	1.99e-08
 2.71812e+23	9.48e-01	5.16e-02	3.06e-05	1.39e-07	0.00e+00	0.00e+00	0.00e+00	0.00e+00	0.00e+00	9.48e-01	2.47e-08	1.98e-08
 2.72040e+23	9.49e-01	5.06e-02	3.04e-05	1.35e-07	0.00e+00	0.00e+00	0.00e+00	0.00e+00	0.00e+00	9.49e-01	2.46e-08	1.98e-08
 2.72249e+23	9.50e-01	4.97e-02	3.02e-05	1.32e-07	0.00e+00	0.00e+00	0.00e+00	0.00e+00	0.00e+00	9.50e-01	2.46e-08	1.97e-08
 2.72439e+23	9.51e-01	4.89e-02	3.01e-05	1.29e-07	0.00e+00	0.00e+00	0.00e+00	0.00e+00	0.00e+00	9.51e-01	2.46e-08	1.96e-08
 2.72611e+23	9.52e-01	4.82e-02	2.99e-05	1.27e-07	0.00e+00	0.00e+00	0.00e+00	0.00e+00	0.00e+00	9.52e-01	2.45e-08	1.96e-08
 2.72768e+23	9.52e-01	4.76e-02	2.98e-05	1.25e-07	0.00e+00	0.00e+00	0.00e+00	0.00e+00	0.00e+00	9.52e-01	2.45e-08	1.95e-08
 2.72911e+23	9.53e-01	4.70e-02	2.97e-05	0.00e+00	0.00e+00	0.00e+00	0.00e+00	0.00e+00	0.00e+00	9.53e-01	2.45e-08	1.95e-08
 2.73041e+23	9.54e-01	4.64e-02	2.96e-05	0.00e+00	0.00e+00	0.00e+00	0.00e+00	0.00e+00	0.00e+00	9.54e-01	2.44e-08	1.94e-08
 2.73159e+23	9.54e-01	4.60e-02	2.95e-05	0.00e+00	0.00e+00	0.00e+00	0.00e+00	0.00e+00	0.00e+00	9.54e-01	2.44e-08	1.94e-08
 2.73289e+23	9.55e-01	4.53e-02	2.94e-05	0.00e+00	0.00e+00	0.00e+00	0.00e+00	0.00e+00	0.00e+00	9.55e-01	2.43e-08	1.93e-08
 2.73429e+23	9.55e-01	4.46e-02	2.92e-05	0.00e+00	0.00e+00	0.00e+00	0.00e+00	0.00e+00	0.00e+00	9.55e-01	2.42e-08	1.92e-08
 2.73556e+23	9.56e-01	4.41e-02	2.91e-05	0.00e+00	0.00e+00	0.00e+00	0.00e+00	0.00e+00	0.00e+00	9.56e-01	2.41e-08	1.92e-08
 2.73672e+23	9.56e-01	4.36e-02	2.90e-05	0.00e+00	0.00e+00	0.00e+00	0.00e+00	0.00e+00	0.00e+00	9.56e-01	2.40e-08	1.91e-08
 2.73778e+23	9.57e-01	4.33e-02	2.89e-05	0.00e+00	0.00e+00	0.00e+00	0.00e+00	0.00e+00	0.00e+00	9.57e-01	2.39e-08	1.91e-08
 2.73893e+23	9.57e-01	4.27e-02	2.88e-05	0.00e+00	0.00e+00	0.00e+00	0.00e+00	0.00e+00	0.00e+00	9.57e-01	2.38e-08	1.90e-08
 2.74044e+23	9.58e-01	4.19e-02	2.86e-05	0.00e+00	0.00e+00	0.00e+00	0.00e+00	0.00e+00	0.00e+00	9.58e-01	2.37e-08	1.90e-08
 2.74206e+23	9.59e-01	4.12e-02	2.84e-05	0.00e+00	0.00e+00	0.00e+00	0.00e+00	0.00e+00	0.00e+00	9.59e-01	2.36e-08	1.89e-08
 2.74354e+23	9.60e-01	4.04e-02	2.82e-05	0.00e+00	0.00e+00	0.00e+00	0.00e+00	0.00e+00	0.00e+00	9.60e-01	2.35e-08	1.88e-08
 2.74488e+23	9.60e-01	4.00e-02	2.81e-05	0.00e+00	0.00e+00	0.00e+00	0.00e+00	0.00e+00	0.00e+00	9.60e-01	2.35e-08	1.88e-08
 2.74610e+23	9.61e-01	3.94e-02	2.79e-05	0.00e+00	0.00e+00	0.00e+00	0.00e+00	0.00e+00	0.00e+00	9.61e-01	2.33e-08	1.87e-08
 2.74721e+23	9.61e-01	3.93e-02	2.78e-05	0.00e+00	0.00e+00	0.00e+00	0.00e+00	0.00e+00	0.00e+00	9.61e-01	2.34e-08	1.88e-08
 2.74843e+23	9.61e-01	3.87e-02	2.76e-05	0.00e+00	0.00e+00	0.00e+00	0.00e+00	0.00e+00	0.00e+00	9.61e-01	2.33e-08	1.87e-08
 2.74975e+23	9.62e-01	3.83e-02	2.75e-05	0.00e+00	0.00e+00	0.00e+00	0.00e+00	0.00e+00	0.00e+00	9.62e-01	2.33e-08	1.87e-08
 2.75119e+23	9.62e-01	3.77e-02	2.72e-05	0.00e+00	0.00e+00	0.00e+00	0.00e+00	0.00e+00	0.00e+00	9.62e-01	2.32e-08	1.87e-08
 2.75275e+23	9.63e-01	3.71e-02	2.70e-05	0.00e+00	0.00e+00	0.00e+00	0.00e+00	0.00e+00	0.00e+00	9.63e-01	2.32e-08	1.86e-08
 2.75417e+23	9.63e-01	3.65e-02	2.68e-05	0.00e+00	0.00e+00	0.00e+00	0.00e+00	0.00e+00	0.00e+00	9.63e-01	2.31e-08	1.86e-08
 2.75546e+23	9.64e-01	3.62e-02	2.67e-05	0.00e+00	0.00e+00	0.00e+00	0.00e+00	0.00e+00	0.00e+00	9.64e-01	2.31e-08	1.85e-08
 2.75687e+23	9.64e-01	3.56e-02	2.64e-05	0.00e+00	0.00e+00	0.00e+00	0.00e+00	0.00e+00	0.00e+00	9.64e-01	2.30e-08	1.85e-08
 2.75871e+23	9.65e-01	3.49e-02	2.61e-05	0.00e+00	0.00e+00	0.00e+00	0.00e+00	0.00e+00	0.00e+00	9.65e-01	2.30e-08	1.85e-08
 2.76069e+23	9.66e-01	3.42e-02	2.59e-05	0.00e+00	0.00e+00	0.00e+00	0.00e+00	0.00e+00	0.00e+00	9.66e-01	2.29e-08	1.84e-08
 2.76249e+23	9.66e-01	3.36e-02	2.56e-05	0.00e+00	0.00e+00	0.00e+00	0.00e+00	0.00e+00	0.00e+00	9.66e-01	2.28e-08	1.84e-08
 2.76413e+23	9.67e-01	3.31e-02	2.54e-05	0.00e+00	0.00e+00	0.00e+00	0.00e+00	0.00e+00	0.00e+00	9.67e-01	2.28e-08	1.84e-08
 2.76563e+23	9.67e-01	3.26e-02	2.51e-05	0.00e+00	0.00e+00	0.00e+00	0.00e+00	0.00e+00	0.00e+00	9.67e-01	2.28e-08	1.83e-08
 2.76699e+23	9.68e-01	3.22e-02	2.49e-05	0.00e+00	0.00e+00	0.00e+00	0.00e+00	0.00e+00	0.00e+00	9.68e-01	2.27e-08	1.83e-08
 2.76823e+23	9.68e-01	3.19e-02	2.47e-05	0.00e+00	0.00e+00	0.00e+00	0.00e+00	0.00e+00	0.00e+00	9.68e-01	2.27e-08	1.82e-08
 2.76958e+23	9.69e-01	3.14e-02	2.44e-05	0.00e+00	0.00e+00	0.00e+00	0.00e+00	0.00e+00	0.00e+00	9.69e-01	2.26e-08	1.82e-08
 2.77105e+23	9.69e-01	3.08e-02	2.42e-05	0.00e+00	0.00e+00	0.00e+00	0.00e+00	0.00e+00	0.00e+00	9.69e-01	2.25e-08	1.81e-08
 2.77238e+23	9.70e-01	3.04e-02	2.40e-05	0.00e+00	0.00e+00	0.00e+00	0.00e+00	0.00e+00	0.00e+00	9.70e-01	2.25e-08	1.81e-08
 2.77384e+23	9.70e-01	3.00e-02	2.37e-05	0.00e+00	0.00e+00	0.00e+00	0.00e+00	0.00e+00	0.00e+00	9.70e-01	2.24e-08	1.80e-08
 2.77541e+23	9.71e-01	2.94e-02	2.34e-05	0.00e+00	0.00e+00	0.00e+00	0.00e+00	0.00e+00	0.00e+00	9.71e-01	2.24e-08	1.79e-08
 2.77685e+23	9.71e-01	2.90e-02	2.32e-05	0.00e+00	0.00e+00	0.00e+00	0.00e+00	0.00e+00	0.00e+00	9.71e-01	2.23e-08	1.79e-08
 2.77815e+23	9.71e-01	2.86e-02	2.30e-05	0.00e+00	0.00e+00	0.00e+00	0.00e+00	0.00e+00	0.00e+00	9.71e-01	2.23e-08	1.78e-08
 2.77934e+23	9.72e-01	2.83e-02	2.28e-05	0.00e+00	0.00e+00	0.00e+00	0.00e+00	0.00e+00	0.00e+00	9.72e-01	2.23e-08	1.78e-08
 2.78064e+23	9.72e-01	2.79e-02	2.26e-05	0.00e+00	0.00e+00	0.00e+00	0.00e+00	0.00e+00	0.00e+00	9.72e-01	2.22e-08	1.78e-08
 2.78205e+23	9.73e-01	2.75e-02	2.24e-05	0.00e+00	0.00e+00	0.00e+00	0.00e+00	0.00e+00	0.00e+00	9.73e-01	2.22e-08	1.77e-08
 2.78332e+23	9.73e-01	2.70e-02	2.22e-05	0.00e+00	0.00e+00	0.00e+00	0.00e+00	0.00e+00	0.00e+00	9.73e-01	2.21e-08	1.76e-08
 2.78449e+23	9.73e-01	2.68e-02	2.21e-05	0.00e+00	0.00e+00	0.00e+00	0.00e+00	0.00e+00	0.00e+00	9.73e-01	2.21e-08	1.76e-08
 2.78576e+23	9.73e-01	2.65e-02	2.19e-05	0.00e+00	0.00e+00	0.00e+00	0.00e+00	0.00e+00	0.00e+00	9.73e-01	2.20e-08	1.76e-08
 2.78714e+23	9.74e-01	2.61e-02	2.17e-05	0.00e+00	0.00e+00	0.00e+00	0.00e+00	0.00e+00	0.00e+00	9.74e-01	2.20e-08	1.75e-08
 2.78865e+23	9.74e-01	2.56e-02	2.15e-05	0.00e+00	0.00e+00	0.00e+00	0.00e+00	0.00e+00	0.00e+00	9.74e-01	2.19e-08	1.74e-08
 2.79028e+23	9.75e-01	2.51e-02	2.12e-05	0.00e+00	0.00e+00	0.00e+00	0.00e+00	0.00e+00	0.00e+00	9.75e-01	2.19e-08	1.73e-08
 2.79176e+23	9.75e-01	2.47e-02	2.10e-05	0.00e+00	0.00e+00	0.00e+00	0.00e+00	0.00e+00	0.00e+00	9.75e-01	2.16e-08	1.72e-08
 2.79310e+23	9.75e-01	2.45e-02	2.09e-05	0.00e+00	0.00e+00	0.00e+00	0.00e+00	0.00e+00	0.00e+00	9.75e-01	2.16e-08	1.71e-08
 2.79458e+23	9.76e-01	2.42e-02	2.07e-05	0.00e+00	0.00e+00	0.00e+00	0.00e+00	0.00e+00	0.00e+00	9.76e-01	2.14e-08	1.70e-08
 2.79618e+23	9.76e-01	2.38e-02	2.05e-05	0.00e+00	0.00e+00	0.00e+00	0.00e+00	0.00e+00	0.00e+00	9.76e-01	2.12e-08	1.69e-08
 2.79763e+23	9.76e-01	2.35e-02	2.03e-05	0.00e+00	0.00e+00	0.00e+00	0.00e+00	0.00e+00	0.00e+00	9.76e-01	2.11e-08	1.68e-08
 2.79922e+23	9.77e-01	2.31e-02	2.01e-05	0.00e+00	0.00e+00	0.00e+00	0.00e+00	0.00e+00	0.00e+00	9.77e-01	2.08e-08	1.66e-08
 2.80094e+23	9.77e-01	2.27e-02	1.99e-05	0.00e+00	0.00e+00	0.00e+00	0.00e+00	0.00e+00	0.00e+00	9.77e-01	2.07e-08	1.64e-08
 2.80250e+23	9.78e-01	2.23e-02	1.97e-05	0.00e+00	0.00e+00	0.00e+00	0.00e+00	0.00e+00	0.00e+00	9.78e-01	2.05e-08	1.62e-08
 2.80392e+23	9.78e-01	2.22e-02	1.96e-05	0.00e+00	0.00e+00	0.00e+00	0.00e+00	0.00e+00	0.00e+00	9.78e-01	2.04e-08	1.61e-08
 2.80548e+23	9.78e-01	2.18e-02	1.94e-05	0.00e+00	0.00e+00	0.00e+00	0.00e+00	0.00e+00	0.00e+00	9.78e-01	2.02e-08	1.60e-08
 2.80716e+23	9.79e-01	2.14e-02	1.92e-05	0.00e+00	0.00e+00	0.00e+00	0.00e+00	0.00e+00	0.00e+00	9.79e-01	2.01e-08	1.58e-08
 2.80869e+23	9.79e-01	2.12e-02	1.91e-05	0.00e+00	0.00e+00	0.00e+00	0.00e+00	0.00e+00	0.00e+00	9.79e-01	2.00e-08	1.57e-08
 2.81037e+23	9.79e-01	2.08e-02	1.89e-05	0.00e+00	0.00e+00	0.00e+00	0.00e+00	0.00e+00	0.00e+00	9.79e-01	1.98e-08	1.55e-08
 2.81218e+23	9.80e-01	2.04e-02	1.87e-05	0.00e+00	0.00e+00	0.00e+00	0.00e+00	0.00e+00	0.00e+00	9.80e-01	1.96e-08	1.53e-08
 2.81383e+23	9.80e-01	2.01e-02	1.85e-05	0.00e+00	0.00e+00	0.00e+00	0.00e+00	0.00e+00	0.00e+00	9.80e-01	1.94e-08	1.51e-08
 2.81533e+23	9.80e-01	1.99e-02	1.84e-05	0.00e+00	0.00e+00	0.00e+00	0.00e+00	0.00e+00	0.00e+00	9.80e-01	1.93e-08	1.51e-08
 2.81697e+23	9.80e-01	1.96e-02	1.82e-05	0.00e+00	0.00e+00	0.00e+00	0.00e+00	0.00e+00	0.00e+00	9.80e-01	1.92e-08	1.49e-08
 2.81874e+23	9.81e-01	1.92e-02	1.80e-05	0.00e+00	0.00e+00	0.00e+00	0.00e+00	0.00e+00	0.00e+00	9.81e-01	1.90e-08	1.47e-08
 2.82036e+23	9.81e-01	1.90e-02	1.79e-05	0.00e+00	0.00e+00	0.00e+00	0.00e+00	0.00e+00	0.00e+00	9.81e-01	1.89e-08	1.46e-08
 2.82213e+23	9.81e-01	1.86e-02	1.77e-05	0.00e+00	0.00e+00	0.00e+00	0.00e+00	0.00e+00	0.00e+00	9.81e-01	1.86e-08	1.44e-08
 2.82404e+23	9.82e-01	1.83e-02	1.75e-05	0.00e+00	0.00e+00	0.00e+00	0.00e+00	0.00e+00	0.00e+00	9.82e-01	1.85e-08	1.42e-08
 2.82577e+23	9.82e-01	1.80e-02	1.74e-05	0.00e+00	0.00e+00	0.00e+00	0.00e+00	0.00e+00	0.00e+00	9.82e-01	1.83e-08	1.41e-08
 2.82768e+23	9.82e-01	1.77e-02	1.72e-05	0.00e+00	0.00e+00	0.00e+00	0.00e+00	0.00e+00	0.00e+00	9.82e-01	1.81e-08	1.39e-08
 2.82973e+23	9.83e-01	1.73e-02	1.70e-05	0.00e+00	0.00e+00	0.00e+00	0.00e+00	0.00e+00	0.00e+00	9.83e-01	1.78e-08	1.36e-08
 2.83161e+23	9.83e-01	1.71e-02	1.68e-05	0.00e+00	0.00e+00	0.00e+00	0.00e+00	0.00e+00	0.00e+00	9.83e-01	1.78e-08	1.35e-08
 2.83366e+23	9.83e-01	1.67e-02	1.66e-05	0.00e+00	0.00e+00	0.00e+00	0.00e+00	0.00e+00	0.00e+00	9.83e-01	1.75e-08	1.33e-08
 2.83587e+23	9.84e-01	1.63e-02	1.65e-05	0.00e+00	0.00e+00	0.00e+00	0.00e+00	0.00e+00	0.00e+00	9.84e-01	1.72e-08	1.30e-08
 2.83788e+23	9.84e-01	1.61e-02	1.63e-05	0.00e+00	0.00e+00	0.00e+00	0.00e+00	0.00e+00	0.00e+00	9.84e-01	1.71e-08	1.29e-08
 2.84009e+23	9.84e-01	1.58e-02	1.61e-05	0.00e+00	0.00e+00	0.00e+00	0.00e+00	0.00e+00	0.00e+00	9.84e-01	1.68e-08	1.27e-08
 2.84247e+23	9.85e-01	1.54e-02	1.59e-05	0.00e+00	0.00e+00	0.00e+00	0.00e+00	0.00e+00	0.00e+00	9.85e-01	1.67e-08	1.25e-08
 2.84464e+23	9.85e-01	1.51e-02	1.58e-05	0.00e+00	0.00e+00	0.00e+00	0.00e+00	0.00e+00	0.00e+00	9.85e-01	1.64e-08	1.23e-08
 2.84661e+23	9.85e-01	1.49e-02	1.56e-05	0.00e+00	0.00e+00	0.00e+00	0.00e+00	0.00e+00	0.00e+00	9.85e-01	1.62e-08	1.21e-08
 2.84841e+23	9.85e-01	1.47e-02	1.55e-05	0.00e+00	0.00e+00	0.00e+00	0.00e+00	0.00e+00	0.00e+00	9.85e-01	1.61e-08	1.20e-08
 2.85038e+23	9.86e-01	1.44e-02	1.53e-05	0.00e+00	0.00e+00	0.00e+00	0.00e+00	0.00e+00	0.00e+00	9.86e-01	1.59e-08	1.18e-08
 2.85250e+23	9.86e-01	1.42e-02	1.52e-05	0.00e+00	0.00e+00	0.00e+00	0.00e+00	0.00e+00	0.00e+00	9.86e-01	1.57e-08	1.16e-08
 2.85443e+23	9.86e-01	1.39e-02	1.50e-05	0.00e+00	0.00e+00	0.00e+00	0.00e+00	0.00e+00	0.00e+00	9.86e-01	1.56e-08	1.15e-08
 2.85655e+23	9.86e-01	1.37e-02	1.49e-05	0.00e+00	0.00e+00	0.00e+00	0.00e+00	0.00e+00	0.00e+00	9.86e-01	1.54e-08	1.13e-08
 2.85884e+23	9.87e-01	1.33e-02	1.47e-05	0.00e+00	0.00e+00	0.00e+00	0.00e+00	0.00e+00	0.00e+00	9.87e-01	1.52e-08	1.11e-08
 2.86092e+23	9.87e-01	1.32e-02	1.46e-05	0.00e+00	0.00e+00	0.00e+00	0.00e+00	0.00e+00	0.00e+00	9.87e-01	1.51e-08	1.10e-08
 2.86320e+23	9.87e-01	1.29e-02	1.44e-05	0.00e+00	0.00e+00	0.00e+00	0.00e+00	0.00e+00	0.00e+00	9.87e-01	1.49e-08	1.09e-08
 2.86566e+23	9.87e-01	1.26e-02	1.42e-05	0.00e+00	0.00e+00	0.00e+00	0.00e+00	0.00e+00	0.00e+00	9.87e-01	1.47e-08	1.06e-08
 2.86790e+23	9.88e-01	1.24e-02	1.41e-05	0.00e+00	0.00e+00	0.00e+00	0.00e+00	0.00e+00	0.00e+00	9.88e-01	1.46e-08	1.05e-08
 2.87035e+23	9.88e-01	1.21e-02	1.39e-05	0.00e+00	0.00e+00	0.00e+00	0.00e+00	0.00e+00	0.00e+00	9.88e-01	1.44e-08	1.03e-08
 2.87300e+23	9.88e-01	1.18e-02	1.38e-05	0.00e+00	0.00e+00	0.00e+00	0.00e+00	0.00e+00	0.00e+00	9.88e-01	1.42e-08	1.01e-08
 2.87542e+23	9.88e-01	1.16e-02	1.36e-05	0.00e+00	0.00e+00	0.00e+00	0.00e+00	0.00e+00	0.00e+00	9.88e-01	1.41e-08	9.97e-09
 2.87806e+23	9.89e-01	1.13e-02	1.34e-05	0.00e+00	0.00e+00	0.00e+00	0.00e+00	0.00e+00	0.00e+00	9.89e-01	1.38e-08	9.75e-09
 2.88091e+23	9.89e-01	1.10e-02	1.33e-05	0.00e+00	0.00e+00	0.00e+00	0.00e+00	0.00e+00	0.00e+00	9.89e-01	1.36e-08	9.52e-09
 2.88351e+23	9.89e-01	1.09e-02	1.31e-05	0.00e+00	0.00e+00	0.00e+00	0.00e+00	0.00e+00	0.00e+00	9.89e-01	1.35e-08	9.41e-09
 2.88635e+23	9.89e-01	1.06e-02	1.30e-05	0.00e+00	0.00e+00	0.00e+00	0.00e+00	0.00e+00	0.00e+00	9.89e-01	1.32e-08	9.20e-09
 2.88942e+23	9.90e-01	1.03e-02	1.28e-05	0.00e+00	0.00e+00	0.00e+00	0.00e+00	0.00e+00	0.00e+00	9.90e-01	1.30e-08	8.97e-09
 2.89222e+23	9.90e-01	1.01e-02	1.26e-05	0.00e+00	0.00e+00	0.00e+00	0.00e+00	0.00e+00	0.00e+00	9.90e-01	1.29e-08	8.86e-09
