#depth	H	H+	H2
 1.54284e+22	3.64e-06	1.00e+00	9.71e-30
 3.45525e+22	5.98e-06	1.00e+00	2.64e-29
 4.00961e+22	7.48e-06	1.00e+00	5.09e-29
 4.28679e+22	8.34e-06	1.00e+00	7.31e-29
 4.41662e+22	8.70e-06	1.00e+00	8.53e-29
 4.50272e+22	9.19e-06	1.00e+00	1.04e-28
 4.59447e+22	9.65e-06	1.00e+00	1.25e-28
 4.69354e+22	1.03e-05	1.00e+00	1.58e-28
 4.79327e+22	1.08e-05	1.00e+00	1.90e-28
 4.89384e+22	1.14e-05	1.00e+00	2.43e-28
 4.99656e+22	1.20e-05	1.00e+00	2.96e-28
 5.10206e+22	1.28e-05	1.00e+00	3.83e-28
 5.21016e+22	1.34e-05	1.00e+00	4.71e-28
 5.32166e+22	1.44e-05	1.00e+00	6.20e-28
 5.42649e+22	1.50e-05	1.00e+00	7.41e-28
 5.52266e+22	1.58e-05	1.00e+00	9.36e-28
 5.61867e+22	1.65e-05	1.00e+00	1.12e-27
 5.71447e+22	1.74e-05	1.00e+00	1.41e-27
 5.81074e+22	1.81e-05	1.00e+00	1.69e-27
 5.90762e+22	1.92e-05	1.00e+00	2.13e-27
 6.00599e+22	2.00e-05	1.00e+00	2.55e-27
 6.10632e+22	2.11e-05	1.00e+00	3.25e-27
 6.20808e+22	2.20e-05	1.00e+00	3.91e-27
 6.31172e+22	2.33e-05	1.00e+00	5.00e-27
 6.41706e+22	2.43e-05	1.00e+00	6.05e-27
 6.52463e+22	2.57e-05	1.00e+00	7.79e-27
 6.63439e+22	2.69e-05	1.00e+00	9.49e-27
 6.74698e+22	2.86e-05	1.00e+00	1.23e-26
 6.86247e+22	2.99e-05	1.00e+00	1.52e-26
 6.98174e+22	3.18e-05	1.00e+00	2.00e-26
 7.10283e+22	3.34e-05	1.00e+00	2.47e-26
 7.22629e+22	3.55e-05	1.00e+00	3.27e-26
 7.35118e+22	3.73e-05	1.00e+00	4.06e-26
 7.47791e+22	3.98e-05	1.00e+00	5.40e-26
 7.60643e+22	4.17e-05	1.00e+00	6.74e-26
 7.71909e+22	4.38e-05	1.00e+00	8.39e-26
 7.84734e+22	4.67e-05	1.00e+00	1.11e-25
 7.97718e+22	4.91e-05	1.00e+00	1.36e-25
 8.08352e+22	5.12e-05	1.00e+00	1.64e-25
 8.19619e+22	5.39e-05	1.00e+00	2.08e-25
 8.31281e+22	5.65e-05	1.00e+00	2.56e-25
 8.41775e+22	5.90e-05	1.00e+00	3.12e-25
 8.53733e+22	6.23e-05	1.00e+00	4.02e-25
 8.66106e+22	6.55e-05	1.00e+00	5.15e-25
 8.77139e+22	6.85e-05	1.00e+00	6.33e-25
 8.89606e+22	7.25e-05	1.00e+00	8.20e-25
 9.02602e+22	7.63e-05	1.00e+00	1.03e-24
 9.14291e+22	8.01e-05	1.00e+00	1.25e-24
 9.27491e+22	8.50e-05	1.00e+00	1.64e-24
 9.41136e+22	8.96e-05	1.00e+00	2.09e-24
 9.53307e+22	9.41e-05	1.00e+00	2.61e-24
 9.67076e+22	1.00e-04	1.00e+00	3.47e-24
 9.81373e+22	1.06e-04	1.00e+00	4.46e-24
 9.94218e+22	1.11e-04	1.00e+00	5.65e-24
 1.00878e+23	1.19e-04	1.00e+00	7.65e-24
 1.02381e+23	1.26e-04	1.00e+00	9.89e-24
 1.03737e+23	1.33e-04	1.00e+00	1.27e-23
 1.05292e+23	1.43e-04	1.00e+00	1.76e-23
 1.06866e+23	1.51e-04	1.00e+00	2.30e-23
 1.08257e+23	1.60e-04	1.00e+00	2.98e-23
 1.09856e+23	1.72e-04	1.00e+00	4.19e-23
 1.11474e+23	1.82e-04	1.00e+00	5.49e-23
 1.13117e+23	1.96e-04	1.00e+00	7.77e-23
 1.14794e+23	2.09e-04	1.00e+00	1.04e-22
 1.16287e+23	2.22e-04	1.00e+00	1.39e-22
 1.18001e+23	2.39e-04	1.00e+00	2.02e-22
 1.19743e+23	2.55e-04	1.00e+00	2.74e-22
 1.21520e+23	2.76e-04	1.00e+00	4.09e-22
 1.23315e+23	2.94e-04	1.00e+00	5.64e-22
 1.24875e+23	3.12e-04	1.00e+00	7.74e-22
 1.26372e+23	3.31e-04	1.00e+00	1.04e-21
 1.27796e+23	3.50e-04	1.00e+00	1.39e-21
 1.29403e+23	3.75e-04	1.00e+00	2.00e-21
 1.31006e+23	3.97e-04	1.00e+00	2.70e-21
 1.32606e+23	4.26e-04	1.00e+00	3.92e-21
 1.34234e+23	4.51e-04	1.00e+00	5.39e-21
 1.35897e+23	4.85e-04	1.00e+00	7.98e-21
 1.37575e+23	5.14e-04	9.99e-01	1.12e-20
 1.39272e+23	5.53e-04	9.99e-01	1.68e-20
 1.40989e+23	5.87e-04	9.99e-01	2.39e-20
 1.42365e+23	6.17e-04	9.99e-01	3.19e-20
 1.43786e+23	6.54e-04	9.99e-01	4.49e-20
 1.45239e+23	6.88e-04	9.99e-01	6.08e-20
 1.46534e+23	7.23e-04	9.99e-01	8.01e-20
 1.48017e+23	7.68e-04	9.99e-01	1.16e-19
 1.49516e+23	8.09e-04	9.99e-01	1.59e-19
 1.50831e+23	8.50e-04	9.99e-01	2.13e-19
 1.52336e+23	9.04e-04	9.99e-01	3.19e-19
 1.53865e+23	9.52e-04	9.99e-01	4.58e-19
 1.55222e+23	1.00e-03	9.99e-01	6.38e-19
 1.56781e+23	1.07e-03	9.99e-01	1.04e-18
 1.58353e+23	1.12e-03	9.99e-01	1.66e-18
 1.59660e+23	1.18e-03	9.99e-01	2.62e-18
 1.61075e+23	1.25e-03	9.99e-01	4.63e-18
 1.62600e+23	1.31e-03	9.99e-01	7.89e-18
 1.64269e+23	1.40e-03	9.99e-01	1.87e-17
 1.65944e+23	1.48e-03	9.99e-01	6.06e-17
 1.67627e+23	1.59e-03	9.98e-01	1.34e-16
 1.69344e+23	1.68e-03	9.98e-01	2.51e-16
 1.71106e+23	1.80e-03	9.98e-01	4.35e-16
 1.72901e+23	1.90e-03	9.98e-01	6.90e-16
 1.74498e+23	2.01e-03	9.98e-01	9.30e-16
 1.76333e+23	2.16e-03	9.98e-01	1.38e-15
 1.77944e+23	2.26e-03	9.98e-01	1.76e-15
 1.79265e+23	2.37e-03	9.98e-01	2.32e-15
 1.80645e+23	2.48e-03	9.98e-01	2.83e-15
 1.81904e+23	2.58e-03	9.97e-01	3.42e-15
 1.83344e+23	2.72e-03	9.97e-01	4.24e-15
 1.84810e+23	2.85e-03	9.97e-01	5.07e-15
 1.86309e+23	3.01e-03	9.97e-01	6.30e-15
 1.87819e+23	3.15e-03	9.97e-01	7.53e-15
 1.89343e+23	3.33e-03	9.97e-01	9.35e-15
 1.90892e+23	3.49e-03	9.97e-01	1.12e-14
 1.92474e+23	3.70e-03	9.96e-01	1.40e-14
 1.94084e+23	3.88e-03	9.96e-01	1.68e-14
 1.95733e+23	4.12e-03	9.96e-01	2.12e-14
 1.97413e+23	4.32e-03	9.96e-01	2.57e-14
 1.99133e+23	4.60e-03	9.95e-01	3.27e-14
 2.00887e+23	4.84e-03	9.95e-01	4.00e-14
 2.02686e+23	5.17e-03	9.95e-01	5.18e-14
 2.04478e+23	5.44e-03	9.95e-01	6.33e-14
 2.06260e+23	5.81e-03	9.94e-01	8.20e-14
 2.08056e+23	6.11e-03	9.94e-01	1.00e-13
 2.09869e+23	6.54e-03	9.93e-01	1.31e-13
 2.11691e+23	6.89e-03	9.93e-01	1.61e-13
 2.13525e+23	7.42e-03	9.93e-01	2.13e-13
 2.15354e+23	7.82e-03	9.92e-01	2.63e-13
 2.17177e+23	8.45e-03	9.92e-01	3.50e-13
 2.19004e+23	8.94e-03	9.91e-01	4.36e-13
 2.20835e+23	9.73e-03	9.90e-01	5.90e-13
 2.22666e+23	1.04e-02	9.90e-01	7.47e-13
 2.24500e+23	1.13e-02	9.89e-01	1.02e-12
 2.26348e+23	1.22e-02	9.88e-01	1.33e-12
 2.28216e+23	1.35e-02	9.86e-01	1.87e-12
 2.30100e+23	1.48e-02	9.85e-01	2.52e-12
 2.31756e+23	1.63e-02	9.84e-01	3.41e-12
 2.33657e+23	1.85e-02	9.81e-01	5.10e-12
 2.35362e+23	2.04e-02	9.80e-01	6.82e-12
 2.36570e+23	2.22e-02	9.78e-01	8.76e-12
 2.37897e+23	2.50e-02	9.75e-01	1.22e-11
 2.39346e+23	2.83e-02	9.72e-01	1.73e-11
 2.40728e+23	3.25e-02	9.68e-01	2.50e-11
 2.42065e+23	3.76e-02	9.62e-01	3.67e-11
 2.43324e+23	4.39e-02	9.56e-01	5.41e-11
 2.44492e+23	5.17e-02	9.48e-01	8.08e-11
 2.45568e+23	6.10e-02	9.39e-01	1.20e-10
 2.46567e+23	7.27e-02	9.27e-01	1.80e-10
 2.47487e+23	8.67e-02	9.13e-01	2.68e-10
 2.48314e+23	1.03e-01	8.97e-01	3.97e-10
 2.49051e+23	1.23e-01	8.77e-01	5.76e-10
 2.49709e+23	1.45e-01	8.55e-01	8.25e-10
 2.50300e+23	1.69e-01	8.31e-01	1.13e-09
 2.50847e+23	1.96e-01	8.04e-01	1.54e-09
 2.51364e+23	2.27e-01	7.73e-01	2.09e-09
 2.51836e+23	2.60e-01	7.40e-01	2.73e-09
 2.52266e+23	2.94e-01	7.06e-01	3.51e-09
 2.52662e+23	3.29e-01	6.71e-01	4.36e-09
 2.53007e+23	3.62e-01	6.38e-01	5.23e-09
 2.53257e+23	3.86e-01	6.14e-01	5.91e-09
 2.53424e+23	4.03e-01	5.97e-01	6.38e-09
 2.53597e+23	4.20e-01	5.80e-01	6.93e-09
 2.53808e+23	4.42e-01	5.58e-01	7.63e-09
 2.54039e+23	4.67e-01	5.33e-01	8.43e-09
 2.54270e+23	4.90e-01	5.10e-01	9.21e-09
 2.54494e+23	5.13e-01	4.87e-01	9.97e-09
 2.54708e+23	5.34e-01	4.66e-01	1.07e-08
 2.54878e+23	5.50e-01	4.50e-01	1.12e-08
 2.54995e+23	5.60e-01	4.40e-01	1.16e-08
 2.55111e+23	5.71e-01	4.29e-01	1.20e-08
 2.55246e+23	5.83e-01	4.17e-01	1.24e-08
 2.55394e+23	5.96e-01	4.04e-01	1.29e-08
 2.55543e+23	6.09e-01	3.91e-01	1.33e-08
 2.55687e+23	6.20e-01	3.80e-01	1.37e-08
 2.55834e+23	6.32e-01	3.68e-01	1.42e-08
 2.55986e+23	6.43e-01	3.57e-01	1.46e-08
 2.56144e+23	6.55e-01	3.45e-01	1.50e-08
 2.56304e+23	6.66e-01	3.34e-01	1.54e-08
 2.56465e+23	6.77e-01	3.23e-01	1.58e-08
 2.56632e+23	6.88e-01	3.12e-01	1.62e-08
 2.56806e+23	6.99e-01	3.01e-01	1.66e-08
 2.56983e+23	7.09e-01	2.91e-01	1.70e-08
 2.57164e+23	7.19e-01	2.81e-01	1.74e-08
 2.57350e+23	7.29e-01	2.71e-01	1.77e-08
 2.57543e+23	7.39e-01	2.61e-01	1.81e-08
 2.57741e+23	7.48e-01	2.52e-01	1.84e-08
 2.57945e+23	7.57e-01	2.43e-01	1.88e-08
 2.58156e+23	7.67e-01	2.33e-01	1.91e-08
 2.58373e+23	7.75e-01	2.25e-01	1.94e-08
 2.58596e+23	7.84e-01	2.16e-01	1.97e-08
 2.58828e+23	7.92e-01	2.08e-01	2.01e-08
 2.59069e+23	8.00e-01	2.00e-01	2.04e-08
 2.59318e+23	8.08e-01	1.92e-01	2.07e-08
 2.59575e+23	8.15e-01	1.85e-01	2.10e-08
 2.59842e+23	8.22e-01	1.78e-01	2.13e-08
 2.60115e+23	8.29e-01	1.71e-01	2.16e-08
 2.60396e+23	8.36e-01	1.64e-01	2.19e-08
 2.60683e+23	8.42e-01	1.58e-01	2.22e-08
 2.60981e+23	8.48e-01	1.52e-01	2.25e-08
 2.61293e+23	8.53e-01	1.47e-01	2.29e-08
 2.61611e+23	8.59e-01	1.41e-01	2.33e-08
 2.61938e+23	8.64e-01	1.36e-01	2.37e-08
 2.62282e+23	8.69e-01	1.31e-01	2.41e-08
 2.62643e+23	8.73e-01	1.27e-01	2.46e-08
 2.63018e+23	8.77e-01	1.23e-01	2.51e-08
 2.63409e+23	8.82e-01	1.18e-01	2.57e-08
 2.63823e+23	8.86e-01	1.14e-01	2.64e-08
 2.64260e+23	8.90e-01	1.10e-01	2.73e-08
 2.64718e+23	8.93e-01	1.07e-01	2.82e-08
 2.65177e+23	8.97e-01	1.03e-01	2.92e-08
 2.65622e+23	9.00e-01	1.00e-01	3.02e-08
 2.66056e+23	9.03e-01	9.72e-02	3.14e-08
 2.66478e+23	9.05e-01	9.46e-02	3.26e-08
 2.66889e+23	9.08e-01	9.22e-02	3.38e-08
 2.67288e+23	9.10e-01	8.99e-02	3.49e-08
 2.67669e+23	9.12e-01	8.77e-02	3.60e-08
 2.68024e+23	9.14e-01	8.58e-02	3.71e-08
 2.68368e+23	9.16e-01	8.40e-02	3.83e-08
 2.68713e+23	9.18e-01	8.21e-02	3.97e-08
 2.69048e+23	9.20e-01	8.03e-02	4.11e-08
 2.69370e+23	9.21e-01	7.86e-02	4.26e-08
 2.69681e+23	9.23e-01	7.70e-02	4.41e-08
 2.69982e+23	9.25e-01	7.55e-02	4.58e-08
 2.70273e+23	9.26e-01	7.40e-02	4.75e-08
 2.70554e+23	9.27e-01	7.26e-02	4.92e-08
 2.70825e+23	9.29e-01	7.12e-02	5.11e-08
 2.71086e+23	9.30e-01	6.99e-02	5.32e-08
 2.71338e+23	9.31e-01	6.87e-02	5.54e-08
 2.71578e+23	9.33e-01	6.75e-02	5.76e-08
 2.71812e+23	9.34e-01	6.63e-02	6.01e-08
 2.72040e+23	9.35e-01	6.51e-02	6.27e-08
 2.72249e+23	9.36e-01	6.41e-02	6.51e-08
 2.72439e+23	9.37e-01	6.32e-02	6.76e-08
 2.72611e+23	9.38e-01	6.24e-02	7.00e-08
 2.72768e+23	9.38e-01	6.17e-02	7.23e-08
 2.72911e+23	9.39e-01	6.10e-02	7.44e-08
 2.73041e+23	9.40e-01	6.04e-02	7.65e-08
 2.73159e+23	9.40e-01	5.99e-02	7.83e-08
 2.73289e+23	9.41e-01	5.92e-02	8.08e-08
 2.73429e+23	9.42e-01	5.84e-02	8.31e-08
 2.73556e+23	9.42e-01	5.78e-02	8.52e-08
 2.73672e+23	9.43e-01	5.72e-02	8.76e-08
 2.73778e+23	9.43e-01	5.69e-02	8.93e-08
 2.73893e+23	9.44e-01	5.62e-02	9.09e-08
 2.74044e+23	9.45e-01	5.53e-02	9.39e-08
 2.74206e+23	9.46e-01	5.45e-02	9.64e-08
 2.74354e+23	9.46e-01	5.36e-02	9.86e-08
 2.74488e+23	9.47e-01	5.31e-02	1.00e-07
 2.74610e+23	9.47e-01	5.25e-02	1.02e-07
 2.74721e+23	9.48e-01	5.23e-02	1.03e-07
 2.74843e+23	9.48e-01	5.17e-02	1.04e-07
 2.74975e+23	9.49e-01	5.12e-02	1.06e-07
 2.75119e+23	9.50e-01	5.05e-02	1.07e-07
 2.75275e+23	9.50e-01	4.98e-02	1.09e-07
 2.75417e+23	9.51e-01	4.92e-02	1.10e-07
 2.75546e+23	9.51e-01	4.89e-02	1.11e-07
 2.75687e+23	9.52e-01	4.82e-02	1.12e-07
 2.75871e+23	9.53e-01	4.74e-02	1.13e-07
 2.76069e+23	9.53e-01	4.65e-02	1.14e-07
 2.76249e+23	9.54e-01	4.58e-02	1.15e-07
 2.76413e+23	9.55e-01	4.53e-02	1.15e-07
 2.76563e+23	9.55e-01	4.48e-02	1.15e-07
 2.76699e+23	9.56e-01	4.43e-02	1.15e-07
 2.76823e+23	9.56e-01	4.39e-02	1.15e-07
 2.76958e+23	9.57e-01	4.34e-02	1.15e-07
 2.77105e+23	9.57e-01	4.28e-02	1.15e-07
 2.77238e+23	9.58e-01	4.24e-02	1.15e-07
 2.77384e+23	9.58e-01	4.18e-02	1.15e-07
 2.77541e+23	9.59e-01	4.12e-02	1.14e-07
 2.77685e+23	9.59e-01	4.07e-02	1.14e-07
 2.77815e+23	9.60e-01	4.03e-02	1.14e-07
 2.77934e+23	9.60e-01	4.00e-02	1.13e-07
 2.78064e+23	9.60e-01	3.96e-02	1.13e-07
 2.78205e+23	9.61e-01	3.90e-02	1.12e-07
 2.78332e+23	9.61e-01	3.86e-02	1.12e-07
 2.78449e+23	9.62e-01	3.83e-02	1.12e-07
 2.78576e+23	9.62e-01	3.80e-02	1.11e-07
 2.78714e+23	9.63e-01	3.75e-02	1.11e-07
 2.78865e+23	9.63e-01	3.69e-02	1.10e-07
 2.79028e+23	9.64e-01	3.64e-02	1.10e-07
 2.79176e+23	9.64e-01	3.60e-02	1.10e-07
 2.79310e+23	9.64e-01	3.58e-02	1.09e-07
 2.79458e+23	9.65e-01	3.54e-02	1.09e-07
 2.79618e+23	9.65e-01	3.49e-02	1.09e-07
 2.79763e+23	9.65e-01	3.46e-02	1.08e-07
 2.79922e+23	9.66e-01	3.41e-02	1.08e-07
 2.80094e+23	9.66e-01	3.36e-02	1.08e-07
 2.80250e+23	9.67e-01	3.33e-02	1.07e-07
 2.80392e+23	9.67e-01	3.30e-02	1.07e-07
 2.80548e+23	9.67e-01	3.27e-02	1.06e-07
 2.80716e+23	9.68e-01	3.22e-02	1.06e-07
 2.80869e+23	9.68e-01	3.19e-02	1.06e-07
 2.81037e+23	9.69e-01	3.15e-02	1.05e-07
 2.81218e+23	9.69e-01	3.10e-02	1.05e-07
 2.81383e+23	9.69e-01	3.07e-02	1.05e-07
 2.81533e+23	9.70e-01	3.05e-02	1.05e-07
 2.81697e+23	9.70e-01	3.01e-02	1.04e-07
 2.81874e+23	9.70e-01	2.97e-02	1.04e-07
 2.82036e+23	9.71e-01	2.94e-02	1.04e-07
 2.82213e+23	9.71e-01	2.90e-02	1.03e-07
 2.82404e+23	9.71e-01	2.86e-02	1.03e-07
 2.82577e+23	9.72e-01	2.83e-02	1.03e-07
 2.82768e+23	9.72e-01	2.79e-02	1.03e-07
 2.82973e+23	9.73e-01	2.75e-02	1.03e-07
 2.83161e+23	9.73e-01	2.72e-02	1.02e-07
 2.83366e+23	9.73e-01	2.68e-02	1.02e-07
 2.83587e+23	9.74e-01	2.64e-02	1.02e-07
 2.83788e+23	9.74e-01	2.61e-02	1.02e-07
 2.84009e+23	9.74e-01	2.57e-02	1.02e-07
 2.84247e+23	9.75e-01	2.53e-02	1.02e-07
 2.84464e+23	9.75e-01	2.49e-02	1.02e-07
 2.84661e+23	9.75e-01	2.46e-02	1.01e-07
 2.84841e+23	9.76e-01	2.44e-02	1.01e-07
 2.85038e+23	9.76e-01	2.41e-02	1.01e-07
 2.85250e+23	9.76e-01	2.39e-02	1.02e-07
 2.85443e+23	9.76e-01	2.35e-02	1.01e-07
 2.85655e+23	9.77e-01	2.32e-02	1.01e-07
 2.85884e+23	9.77e-01	2.28e-02	1.01e-07
 2.86092e+23	9.77e-01	2.26e-02	1.01e-07
 2.86320e+23	9.78e-01	2.23e-02	1.01e-07
 2.86566e+23	9.78e-01	2.19e-02	1.01e-07
 2.86790e+23	9.78e-01	2.17e-02	1.01e-07
 2.87035e+23	9.79e-01	2.13e-02	1.01e-07
 2.87300e+23	9.79e-01	2.09e-02	1.01e-07
 2.87542e+23	9.79e-01	2.07e-02	1.01e-07
 2.87806e+23	9.80e-01	2.04e-02	1.01e-07
 2.88091e+23	9.80e-01	2.00e-02	1.01e-07
 2.88351e+23	9.80e-01	1.98e-02	1.01e-07
 2.88635e+23	9.81e-01	1.94e-02	1.00e-07
 2.88942e+23	9.81e-01	1.91e-02	1.01e-07
 2.89222e+23	9.81e-01	1.88e-02	1.01e-07
 2.89528e+23	9.82e-01	1.85e-02	1.00e-07
 2.89859e+23	9.82e-01	1.81e-02	1.01e-07
 2.90159e+23	9.82e-01	1.79e-02	1.01e-07
 2.90433e+23	9.82e-01	1.76e-02	1.01e-07
 2.90733e+23	9.83e-01	1.73e-02	1.00e-07
 2.91057e+23	9.83e-01	1.70e-02	1.00e-07
 2.91352e+23	9.83e-01	1.68e-02	1.00e-07
 2.91675e+23	9.84e-01	1.65e-02	1.00e-07
 2.92023e+23	9.84e-01	1.61e-02	1.00e-07
 2.92341e+23	9.84e-01	1.59e-02	1.01e-07
 2.92688e+23	9.84e-01	1.56e-02	1.01e-07
 2.93064e+23	9.85e-01	1.53e-02	1.01e-07
 2.93405e+23	9.85e-01	1.51e-02	1.00e-07
 2.93716e+23	9.85e-01	1.49e-02	1.00e-07
 2.94057e+23	9.85e-01	1.46e-02	1.01e-07
 2.94424e+23	9.86e-01	1.43e-02	1.01e-07
 2.94759e+23	9.86e-01	1.41e-02	1.00e-07
 2.95126e+23	9.86e-01	1.38e-02	1.01e-07
 2.95521e+23	9.86e-01	1.36e-02	1.01e-07
 2.95882e+23	9.87e-01	1.33e-02	1.01e-07
 2.96276e+23	9.87e-01	1.31e-02	1.01e-07
 2.96703e+23	9.87e-01	1.28e-02	1.01e-07
 2.97090e+23	9.87e-01	1.26e-02	1.01e-07
 2.97443e+23	9.88e-01	1.24e-02	1.01e-07
 2.97830e+23	9.88e-01	1.22e-02	1.01e-07
 2.98247e+23	9.88e-01	1.19e-02	1.01e-07
 2.98627e+23	9.88e-01	1.17e-02	1.01e-07
 2.99043e+23	9.89e-01	1.15e-02	1.01e-07
 2.99585e+23	9.89e-01	1.12e-02	1.01e-07
 3.00171e+23	9.89e-01	1.09e-02	1.01e-07
 3.00759e+23	9.89e-01	1.06e-02	1.02e-07
 3.01373e+23	9.90e-01	1.03e-02	1.02e-07
 3.01985e+23	9.90e-01	1.00e-02	1.02e-07
 3.02605e+23	9.90e-01	9.73e-03	1.02e-07
 3.03231e+23	9.91e-01	9.45e-03	1.02e-07
 3.03862e+23	9.91e-01	9.19e-03	1.02e-07
 3.04499e+23	9.91e-01	8.93e-03	1.02e-07
 3.05142e+23	9.91e-01	8.68e-03	1.02e-07
 3.05792e+23	9.92e-01	8.43e-03	1.02e-07
 3.06448e+23	9.92e-01	8.19e-03	1.03e-07
 3.07110e+23	9.92e-01	7.95e-03	1.03e-07
 3.07777e+23	9.92e-01	7.72e-03	1.03e-07
 3.08340e+23	9.92e-01	7.56e-03	1.03e-07
