#depth	He	He+	He+2
 1.54284e+22	2.23e-08	9.76e-04	9.99e-01
 3.45525e+22	2.71e-08	1.52e-03	9.98e-01
 4.00961e+22	3.45e-08	1.87e-03	9.98e-01
 4.28679e+22	4.01e-08	2.06e-03	9.98e-01
 4.41662e+22	4.28e-08	2.14e-03	9.98e-01
 4.50272e+22	4.65e-08	2.25e-03	9.98e-01
 4.59447e+22	5.03e-08	2.36e-03	9.98e-01
 4.69354e+22	5.57e-08	2.50e-03	9.98e-01
 4.79327e+22	6.04e-08	2.61e-03	9.97e-01
 4.89384e+22	6.72e-08	2.76e-03	9.97e-01
 4.99656e+22	7.33e-08	2.89e-03	9.97e-01
 5.10206e+22	8.22e-08	3.07e-03	9.97e-01
 5.21016e+22	9.01e-08	3.22e-03	9.97e-01
 5.32166e+22	1.02e-07	3.42e-03	9.97e-01
 5.42649e+22	1.10e-07	3.56e-03	9.96e-01
 5.52266e+22	1.22e-07	3.75e-03	9.96e-01
 5.61867e+22	1.32e-07	3.90e-03	9.96e-01
 5.71447e+22	1.46e-07	4.11e-03	9.96e-01
 5.81074e+22	1.58e-07	4.27e-03	9.96e-01
 5.90762e+22	1.76e-07	4.49e-03	9.96e-01
 6.00599e+22	1.90e-07	4.67e-03	9.95e-01
 6.10632e+22	2.12e-07	4.93e-03	9.95e-01
 6.20808e+22	2.29e-07	5.13e-03	9.95e-01
 6.31172e+22	2.56e-07	5.41e-03	9.95e-01
 6.41706e+22	2.78e-07	5.64e-03	9.94e-01
 6.52463e+22	3.11e-07	5.96e-03	9.94e-01
 6.63439e+22	3.39e-07	6.22e-03	9.94e-01
 6.74698e+22	3.81e-07	6.58e-03	9.93e-01
 6.86247e+22	4.17e-07	6.89e-03	9.93e-01
 6.98174e+22	4.70e-07	7.31e-03	9.93e-01
 7.10283e+22	5.16e-07	7.65e-03	9.92e-01
 7.22629e+22	5.83e-07	8.13e-03	9.92e-01
 7.35118e+22	6.40e-07	8.51e-03	9.91e-01
 7.47791e+22	7.26e-07	9.05e-03	9.91e-01
 7.60643e+22	7.99e-07	9.49e-03	9.91e-01
 7.71909e+22	8.79e-07	9.95e-03	9.90e-01
 7.84734e+22	9.94e-07	1.06e-02	9.89e-01
 7.97718e+22	1.10e-06	1.11e-02	9.89e-01
 8.08352e+22	1.19e-06	1.16e-02	9.88e-01
 8.19619e+22	1.32e-06	1.22e-02	9.88e-01
 8.31281e+22	1.44e-06	1.27e-02	9.87e-01
 8.41775e+22	1.57e-06	1.33e-02	9.87e-01
 8.53733e+22	1.75e-06	1.40e-02	9.86e-01
 8.66106e+22	1.93e-06	1.47e-02	9.85e-01
 8.77139e+22	2.11e-06	1.53e-02	9.85e-01
 8.89606e+22	2.35e-06	1.62e-02	9.84e-01
 9.02602e+22	2.60e-06	1.70e-02	9.83e-01
 9.14291e+22	2.85e-06	1.78e-02	9.82e-01
 9.27491e+22	3.21e-06	1.89e-02	9.81e-01
 9.41136e+22	3.56e-06	1.98e-02	9.80e-01
 9.53307e+22	3.92e-06	2.08e-02	9.79e-01
 9.67076e+22	4.42e-06	2.21e-02	9.78e-01
 9.81373e+22	4.92e-06	2.33e-02	9.77e-01
 9.94218e+22	5.44e-06	2.45e-02	9.76e-01
 1.00878e+23	6.19e-06	2.61e-02	9.74e-01
 1.02381e+23	6.91e-06	2.75e-02	9.72e-01
 1.03737e+23	7.68e-06	2.90e-02	9.71e-01
 1.05292e+23	8.81e-06	3.10e-02	9.69e-01
 1.06866e+23	9.87e-06	3.28e-02	9.67e-01
 1.08257e+23	1.10e-05	3.46e-02	9.65e-01
 1.09856e+23	1.27e-05	3.70e-02	9.63e-01
 1.11474e+23	1.42e-05	3.92e-02	9.61e-01
 1.13117e+23	1.63e-05	4.20e-02	9.58e-01
 1.14794e+23	1.84e-05	4.45e-02	9.56e-01
 1.16287e+23	2.07e-05	4.71e-02	9.53e-01
 1.18001e+23	2.39e-05	5.06e-02	9.49e-01
 1.19743e+23	2.70e-05	5.36e-02	9.46e-01
 1.21520e+23	3.15e-05	5.77e-02	9.42e-01
 1.23315e+23	3.55e-05	6.12e-02	9.39e-01
 1.24875e+23	4.00e-05	6.48e-02	9.35e-01
 1.26372e+23	4.46e-05	6.83e-02	9.32e-01
 1.27796e+23	4.96e-05	7.19e-02	9.28e-01
 1.29403e+23	5.67e-05	7.66e-02	9.23e-01
 1.31006e+23	6.30e-05	8.06e-02	9.19e-01
 1.32606e+23	7.20e-05	8.59e-02	9.14e-01
 1.34234e+23	8.03e-05	9.05e-02	9.09e-01
 1.35897e+23	9.19e-05	9.65e-02	9.03e-01
 1.37575e+23	1.03e-04	1.02e-01	8.98e-01
 1.39272e+23	1.18e-04	1.08e-01	8.91e-01
 1.40989e+23	1.32e-04	1.14e-01	8.86e-01
 1.42365e+23	1.44e-04	1.19e-01	8.81e-01
 1.43786e+23	1.61e-04	1.26e-01	8.74e-01
 1.45239e+23	1.77e-04	1.31e-01	8.69e-01
 1.46534e+23	1.93e-04	1.37e-01	8.63e-01
 1.48017e+23	2.16e-04	1.44e-01	8.56e-01
 1.49516e+23	2.38e-04	1.51e-01	8.49e-01
 1.50831e+23	2.60e-04	1.57e-01	8.43e-01
 1.52336e+23	2.91e-04	1.65e-01	8.35e-01
 1.53865e+23	3.19e-04	1.72e-01	8.27e-01
 1.55222e+23	3.50e-04	1.80e-01	8.20e-01
 1.56781e+23	3.92e-04	1.89e-01	8.10e-01
 1.58353e+23	4.31e-04	1.97e-01	8.02e-01
 1.59660e+23	4.68e-04	2.05e-01	7.95e-01
 1.61075e+23	5.18e-04	2.14e-01	7.85e-01
 1.62600e+23	5.68e-04	2.23e-01	7.76e-01
 1.64269e+23	6.40e-04	2.35e-01	7.65e-01
 1.65944e+23	7.05e-04	2.45e-01	7.54e-01
 1.67627e+23	7.92e-04	2.57e-01	7.42e-01
 1.69344e+23	8.73e-04	2.68e-01	7.31e-01
 1.71106e+23	9.84e-04	2.82e-01	7.17e-01
 1.72901e+23	1.09e-03	2.94e-01	7.05e-01
 1.74498e+23	1.20e-03	3.06e-01	6.92e-01
 1.76333e+23	1.35e-03	3.22e-01	6.77e-01
 1.77944e+23	1.46e-03	3.32e-01	6.67e-01
 1.79265e+23	1.58e-03	3.43e-01	6.55e-01
 1.80645e+23	1.70e-03	3.54e-01	6.45e-01
 1.81904e+23	1.82e-03	3.64e-01	6.34e-01
 1.83344e+23	1.99e-03	3.77e-01	6.21e-01
 1.84810e+23	2.15e-03	3.88e-01	6.10e-01
 1.86309e+23	2.36e-03	4.02e-01	5.95e-01
 1.87819e+23	2.54e-03	4.15e-01	5.83e-01
 1.89343e+23	2.79e-03	4.30e-01	5.68e-01
 1.90892e+23	3.01e-03	4.42e-01	5.55e-01
 1.92474e+23	3.31e-03	4.58e-01	5.38e-01
 1.94084e+23	3.58e-03	4.72e-01	5.24e-01
 1.95733e+23	3.94e-03	4.89e-01	5.07e-01
 1.97413e+23	4.27e-03	5.04e-01	4.91e-01
 1.99133e+23	4.71e-03	5.23e-01	4.73e-01
 2.00887e+23	5.13e-03	5.39e-01	4.56e-01
 2.02686e+23	5.69e-03	5.59e-01	4.35e-01
 2.04478e+23	6.17e-03	5.75e-01	4.19e-01
 2.06260e+23	6.84e-03	5.95e-01	3.98e-01
 2.08056e+23	7.42e-03	6.12e-01	3.80e-01
 2.09869e+23	8.23e-03	6.33e-01	3.58e-01
 2.11691e+23	8.94e-03	6.51e-01	3.40e-01
 2.13525e+23	9.96e-03	6.72e-01	3.18e-01
 2.15354e+23	1.08e-02	6.90e-01	2.99e-01
 2.17177e+23	1.21e-02	7.11e-01	2.77e-01
 2.19004e+23	1.31e-02	7.28e-01	2.59e-01
 2.20835e+23	1.47e-02	7.49e-01	2.37e-01
 2.22666e+23	1.60e-02	7.66e-01	2.18e-01
 2.24500e+23	1.79e-02	7.84e-01	1.98e-01
 2.26348e+23	1.96e-02	8.00e-01	1.80e-01
 2.28216e+23	2.20e-02	8.17e-01	1.61e-01
 2.30100e+23	2.43e-02	8.32e-01	1.44e-01
 2.31756e+23	2.67e-02	8.44e-01	1.30e-01
 2.33657e+23	3.02e-02	8.57e-01	1.13e-01
 2.35362e+23	3.29e-02	8.65e-01	1.02e-01
 2.36570e+23	3.53e-02	8.71e-01	9.37e-02
 2.37897e+23	3.87e-02	8.77e-01	8.45e-02
 2.39346e+23	4.25e-02	8.82e-01	7.60e-02
 2.40728e+23	4.67e-02	8.85e-01	6.84e-02
 2.42065e+23	5.14e-02	8.87e-01	6.17e-02
 2.43324e+23	5.66e-02	8.87e-01	5.61e-02
 2.44492e+23	6.23e-02	8.86e-01	5.13e-02
 2.45568e+23	6.83e-02	8.84e-01	4.74e-02
 2.46567e+23	7.51e-02	8.81e-01	4.40e-02
 2.47487e+23	8.23e-02	8.76e-01	4.13e-02
 2.48314e+23	9.01e-02	8.71e-01	3.90e-02
 2.49051e+23	9.82e-02	8.65e-01	3.72e-02
 2.49709e+23	1.07e-01	8.58e-01	3.57e-02
 2.50300e+23	1.15e-01	8.50e-01	3.46e-02
 2.50847e+23	1.25e-01	8.42e-01	3.36e-02
 2.51364e+23	1.35e-01	8.32e-01	3.28e-02
 2.51836e+23	1.45e-01	8.23e-01	3.24e-02
 2.52266e+23	1.55e-01	8.13e-01	3.20e-02
 2.52662e+23	1.66e-01	8.03e-01	3.18e-02
 2.53007e+23	1.75e-01	7.93e-01	3.17e-02
 2.53257e+23	1.82e-01	7.86e-01	3.19e-02
 2.53424e+23	1.87e-01	7.81e-01	3.19e-02
 2.53597e+23	1.93e-01	7.75e-01	3.19e-02
 2.53808e+23	2.01e-01	7.67e-01	3.19e-02
 2.54039e+23	2.10e-01	7.58e-01	3.19e-02
 2.54270e+23	2.18e-01	7.50e-01	3.20e-02
 2.54494e+23	2.27e-01	7.41e-01	3.21e-02
 2.54708e+23	2.36e-01	7.32e-01	3.23e-02
 2.54878e+23	2.42e-01	7.25e-01	3.24e-02
 2.54995e+23	2.47e-01	7.20e-01	3.25e-02
 2.55111e+23	2.53e-01	7.15e-01	3.25e-02
 2.55246e+23	2.59e-01	7.08e-01	3.25e-02
 2.55394e+23	2.66e-01	7.01e-01	3.25e-02
 2.55543e+23	2.73e-01	6.94e-01	3.25e-02
 2.55687e+23	2.81e-01	6.87e-01	3.25e-02
 2.55834e+23	2.88e-01	6.79e-01	3.24e-02
 2.55986e+23	2.96e-01	6.72e-01	3.24e-02
 2.56144e+23	3.05e-01	6.63e-01	3.23e-02
 2.56304e+23	3.13e-01	6.54e-01	3.22e-02
 2.56465e+23	3.23e-01	6.45e-01	3.21e-02
 2.56632e+23	3.32e-01	6.36e-01	3.19e-02
 2.56806e+23	3.42e-01	6.26e-01	3.17e-02
 2.56983e+23	3.53e-01	6.16e-01	3.15e-02
 2.57164e+23	3.64e-01	6.05e-01	3.13e-02
 2.57350e+23	3.75e-01	5.94e-01	3.10e-02
 2.57543e+23	3.87e-01	5.82e-01	3.06e-02
 2.57741e+23	3.99e-01	5.70e-01	3.02e-02
 2.57945e+23	4.12e-01	5.58e-01	2.98e-02
 2.58156e+23	4.26e-01	5.45e-01	2.94e-02
 2.58373e+23	4.40e-01	5.31e-01	2.89e-02
 2.58596e+23	4.54e-01	5.18e-01	2.83e-02
 2.58828e+23	4.69e-01	5.04e-01	2.77e-02
 2.59069e+23	4.84e-01	4.89e-01	2.71e-02
 2.59318e+23	5.00e-01	4.74e-01	2.64e-02
 2.59575e+23	5.16e-01	4.59e-01	2.57e-02
 2.59842e+23	5.32e-01	4.43e-01	2.49e-02
 2.60115e+23	5.48e-01	4.28e-01	2.41e-02
 2.60396e+23	5.64e-01	4.13e-01	2.33e-02
 2.60683e+23	5.80e-01	3.97e-01	2.24e-02
 2.60981e+23	5.97e-01	3.82e-01	2.15e-02
 2.61293e+23	6.13e-01	3.67e-01	2.05e-02
 2.61611e+23	6.28e-01	3.52e-01	1.96e-02
 2.61938e+23	6.44e-01	3.38e-01	1.87e-02
 2.62282e+23	6.59e-01	3.23e-01	1.77e-02
 2.62643e+23	6.73e-01	3.10e-01	1.68e-02
 2.63018e+23	6.88e-01	2.96e-01	1.59e-02
 2.63409e+23	7.02e-01	2.84e-01	1.49e-02
 2.63823e+23	7.15e-01	2.71e-01	1.40e-02
 2.64260e+23	7.28e-01	2.59e-01	1.31e-02
 2.64718e+23	7.40e-01	2.47e-01	1.22e-02
 2.65177e+23	7.51e-01	2.37e-01	1.14e-02
 2.65622e+23	7.62e-01	2.28e-01	1.06e-02
 2.66056e+23	7.71e-01	2.20e-01	9.94e-03
 2.66478e+23	7.79e-01	2.12e-01	9.33e-03
 2.66889e+23	7.86e-01	2.05e-01	8.77e-03
 2.67288e+23	7.93e-01	1.99e-01	8.26e-03
 2.67669e+23	7.99e-01	1.93e-01	7.80e-03
 2.68024e+23	8.05e-01	1.88e-01	7.40e-03
 2.68368e+23	8.10e-01	1.83e-01	7.01e-03
 2.68713e+23	8.15e-01	1.78e-01	6.65e-03
 2.69048e+23	8.20e-01	1.74e-01	6.33e-03
 2.69370e+23	8.24e-01	1.70e-01	6.02e-03
 2.69681e+23	8.28e-01	1.66e-01	5.74e-03
 2.69982e+23	8.32e-01	1.62e-01	5.48e-03
 2.70273e+23	8.36e-01	1.59e-01	5.23e-03
 2.70554e+23	8.39e-01	1.56e-01	5.00e-03
 2.70825e+23	8.43e-01	1.52e-01	4.79e-03
 2.71086e+23	8.46e-01	1.49e-01	4.59e-03
 2.71338e+23	8.49e-01	1.46e-01	4.40e-03
 2.71578e+23	8.52e-01	1.44e-01	4.23e-03
 2.71812e+23	8.55e-01	1.41e-01	4.06e-03
 2.72040e+23	8.58e-01	1.38e-01	3.91e-03
 2.72249e+23	8.60e-01	1.36e-01	3.77e-03
 2.72439e+23	8.62e-01	1.34e-01	3.64e-03
 2.72611e+23	8.65e-01	1.32e-01	3.53e-03
 2.72768e+23	8.67e-01	1.30e-01	3.43e-03
 2.72911e+23	8.68e-01	1.28e-01	3.33e-03
 2.73041e+23	8.70e-01	1.27e-01	3.25e-03
 2.73159e+23	8.71e-01	1.25e-01	3.18e-03
 2.73289e+23	8.73e-01	1.24e-01	3.09e-03
 2.73429e+23	8.75e-01	1.22e-01	3.01e-03
 2.73556e+23	8.76e-01	1.21e-01	2.95e-03
 2.73672e+23	8.77e-01	1.20e-01	2.88e-03
 2.73778e+23	8.78e-01	1.19e-01	2.83e-03
 2.73893e+23	8.80e-01	1.17e-01	2.76e-03
 2.74044e+23	8.82e-01	1.16e-01	2.68e-03
 2.74206e+23	8.83e-01	1.14e-01	2.62e-03
 2.74354e+23	8.85e-01	1.13e-01	2.54e-03
 2.74488e+23	8.86e-01	1.11e-01	2.48e-03
 2.74610e+23	8.87e-01	1.10e-01	2.41e-03
 2.74721e+23	8.88e-01	1.09e-01	2.38e-03
 2.74843e+23	8.90e-01	1.08e-01	2.31e-03
 2.74975e+23	8.91e-01	1.07e-01	2.27e-03
 2.75119e+23	8.92e-01	1.05e-01	2.21e-03
 2.75275e+23	8.93e-01	1.04e-01	2.16e-03
 2.75417e+23	8.95e-01	1.03e-01	2.11e-03
 2.75546e+23	8.96e-01	1.02e-01	2.07e-03
 2.75687e+23	8.97e-01	1.01e-01	2.00e-03
 2.75871e+23	8.99e-01	9.90e-02	1.94e-03
 2.76069e+23	9.00e-01	9.77e-02	1.89e-03
 2.76249e+23	9.02e-01	9.62e-02	1.83e-03
 2.76413e+23	9.03e-01	9.49e-02	1.78e-03
 2.76563e+23	9.05e-01	9.36e-02	1.73e-03
 2.76699e+23	9.06e-01	9.24e-02	1.68e-03
 2.76823e+23	9.07e-01	9.13e-02	1.64e-03
 2.76958e+23	9.08e-01	9.00e-02	1.59e-03
 2.77105e+23	9.10e-01	8.89e-02	1.55e-03
 2.77238e+23	9.11e-01	8.79e-02	1.52e-03
 2.77384e+23	9.12e-01	8.67e-02	1.47e-03
 2.77541e+23	9.13e-01	8.55e-02	1.44e-03
 2.77685e+23	9.14e-01	8.46e-02	1.40e-03
 2.77815e+23	9.15e-01	8.36e-02	1.37e-03
 2.77934e+23	9.16e-01	8.27e-02	1.34e-03
 2.78064e+23	9.17e-01	8.16e-02	1.30e-03
 2.78205e+23	9.18e-01	8.06e-02	1.27e-03
 2.78332e+23	9.19e-01	7.96e-02	1.24e-03
 2.78449e+23	9.20e-01	7.89e-02	1.22e-03
 2.78576e+23	9.21e-01	7.80e-02	1.19e-03
 2.78714e+23	9.22e-01	7.71e-02	1.16e-03
 2.78865e+23	9.23e-01	7.59e-02	1.13e-03
 2.79028e+23	9.24e-01	7.51e-02	1.10e-03
 2.79176e+23	9.25e-01	7.41e-02	1.07e-03
 2.79310e+23	9.25e-01	7.35e-02	1.05e-03
 2.79458e+23	9.27e-01	7.24e-02	1.02e-03
 2.79618e+23	9.27e-01	7.16e-02	1.00e-03
 2.79763e+23	9.28e-01	7.09e-02	9.80e-04
 2.79922e+23	9.29e-01	6.98e-02	9.50e-04
 2.80094e+23	9.30e-01	6.90e-02	9.27e-04
 2.80250e+23	9.31e-01	6.81e-02	9.03e-04
 2.80392e+23	9.32e-01	6.74e-02	8.86e-04
 2.80548e+23	9.33e-01	6.64e-02	8.60e-04
 2.80716e+23	9.34e-01	6.56e-02	8.39e-04
 2.80869e+23	9.34e-01	6.50e-02	8.23e-04
 2.81037e+23	9.35e-01	6.39e-02	7.95e-04
 2.81218e+23	9.36e-01	6.31e-02	7.76e-04
 2.81383e+23	9.37e-01	6.23e-02	7.55e-04
 2.81533e+23	9.38e-01	6.17e-02	7.40e-04
 2.81697e+23	9.39e-01	6.07e-02	7.18e-04
 2.81874e+23	9.39e-01	6.00e-02	7.01e-04
 2.82036e+23	9.40e-01	5.93e-02	6.85e-04
 2.82213e+23	9.41e-01	5.84e-02	6.63e-04
 2.82404e+23	9.42e-01	5.76e-02	6.47e-04
 2.82577e+23	9.42e-01	5.70e-02	6.32e-04
 2.82768e+23	9.43e-01	5.60e-02	6.10e-04
 2.82973e+23	9.44e-01	5.52e-02	5.94e-04
 2.83161e+23	9.45e-01	5.46e-02	5.79e-04
 2.83366e+23	9.46e-01	5.35e-02	5.58e-04
 2.83587e+23	9.47e-01	5.28e-02	5.42e-04
 2.83788e+23	9.47e-01	5.21e-02	5.28e-04
 2.84009e+23	9.48e-01	5.11e-02	5.07e-04
 2.84247e+23	9.49e-01	5.04e-02	4.94e-04
 2.84464e+23	9.50e-01	4.95e-02	4.77e-04
 2.84661e+23	9.51e-01	4.88e-02	4.63e-04
 2.84841e+23	9.51e-01	4.82e-02	4.52e-04
 2.85038e+23	9.52e-01	4.74e-02	4.37e-04
 2.85250e+23	9.53e-01	4.70e-02	4.29e-04
 2.85443e+23	9.53e-01	4.62e-02	4.15e-04
 2.85655e+23	9.54e-01	4.54e-02	4.01e-04
 2.85884e+23	9.55e-01	4.47e-02	3.89e-04
 2.86092e+23	9.55e-01	4.42e-02	3.80e-04
 2.86320e+23	9.56e-01	4.34e-02	3.66e-04
 2.86566e+23	9.57e-01	4.27e-02	3.54e-04
 2.86790e+23	9.58e-01	4.21e-02	3.45e-04
 2.87035e+23	9.58e-01	4.13e-02	3.32e-04
 2.87300e+23	9.59e-01	4.06e-02	3.21e-04
 2.87542e+23	9.60e-01	4.01e-02	3.12e-04
 2.87806e+23	9.60e-01	3.92e-02	2.99e-04
 2.88091e+23	9.61e-01	3.85e-02	2.89e-04
 2.88351e+23	9.62e-01	3.80e-02	2.80e-04
 2.88635e+23	9.63e-01	3.72e-02	2.68e-04
 2.88942e+23	9.63e-01	3.64e-02	2.58e-04
 2.89222e+23	9.64e-01	3.59e-02	2.50e-04
 2.89528e+23	9.65e-01	3.51e-02	2.39e-04
 2.89859e+23	9.65e-01	3.44e-02	2.30e-04
 2.90159e+23	9.66e-01	3.37e-02	2.22e-04
 2.90433e+23	9.67e-01	3.32e-02	2.14e-04
 2.90733e+23	9.67e-01	3.25e-02	2.05e-04
 2.91057e+23	9.68e-01	3.18e-02	1.97e-04
 2.91352e+23	9.68e-01	3.13e-02	1.91e-04
 2.91675e+23	9.69e-01	3.06e-02	1.82e-04
 2.92023e+23	9.70e-01	3.00e-02	1.75e-04
 2.92341e+23	9.70e-01	2.95e-02	1.69e-04
 2.92688e+23	9.71e-01	2.88e-02	1.61e-04
 2.93064e+23	9.72e-01	2.82e-02	1.55e-04
 2.93405e+23	9.72e-01	2.76e-02	1.48e-04
 2.93716e+23	9.73e-01	2.71e-02	1.43e-04
 2.94057e+23	9.73e-01	2.65e-02	1.37e-04
 2.94424e+23	9.74e-01	2.60e-02	1.31e-04
 2.94759e+23	9.74e-01	2.54e-02	1.26e-04
 2.95126e+23	9.75e-01	2.49e-02	1.20e-04
 2.95521e+23	9.76e-01	2.43e-02	1.15e-04
 2.95882e+23	9.76e-01	2.38e-02	1.11e-04
 2.96276e+23	9.77e-01	2.32e-02	1.05e-04
 2.96703e+23	9.77e-01	2.27e-02	1.00e-04
 2.97090e+23	9.78e-01	2.22e-02	9.61e-05
 2.97443e+23	9.78e-01	2.18e-02	9.23e-05
 2.97830e+23	9.79e-01	2.13e-02	8.82e-05
 2.98247e+23	9.79e-01	2.08e-02	8.43e-05
 2.98627e+23	9.80e-01	2.03e-02	8.07e-05
 2.99043e+23	9.80e-01	1.98e-02	7.68e-05
 2.99585e+23	9.81e-01	1.92e-02	7.18e-05
 3.00171e+23	9.81e-01	1.86e-02	6.75e-05
 3.00759e+23	9.82e-01	1.80e-02	6.30e-05
 3.01373e+23	9.83e-01	1.74e-02	5.89e-05
 3.01985e+23	9.83e-01	1.68e-02	5.50e-05
 3.02605e+23	9.84e-01	1.62e-02	5.14e-05
 3.03231e+23	9.84e-01	1.57e-02	4.80e-05
 3.03862e+23	9.85e-01	1.51e-02	4.48e-05
 3.04499e+23	9.85e-01	1.46e-02	4.18e-05
 3.05142e+23	9.86e-01	1.41e-02	3.89e-05
 3.05792e+23	9.86e-01	1.36e-02	3.63e-05
 3.06448e+23	9.87e-01	1.31e-02	3.38e-05
 3.07110e+23	9.87e-01	1.27e-02	3.15e-05
 3.07777e+23	9.88e-01	1.22e-02	2.93e-05
 3.08340e+23	9.88e-01	1.19e-02	2.78e-05
