#depth	S	S+	S+2	S+3	S+4	S+5	S+6	S+7	S+8	S+9	S+10	S+11	S+12	S+13	S+14	S+15	S+16
 1.54284e+22	0.00e+00	0.00e+00	0.00e+00	0.00e+00	0.00e+00	0.00e+00	0.00e+00	0.00e+00	0.00e+00	5.73e-23	3.16e-19	8.69e-16	1.56e-12	2.95e-09	1.11e-05	5.92e-03	9.94e-01
 3.46666e+22	0.00e+00	0.00e+00	0.00e+00	0.00e+00	0.00e+00	0.00e+00	0.00e+00	0.00e+00	1.68e-25	1.01e-21	3.68e-18	6.96e-15	8.24e-12	1.03e-08	2.54e-05	8.95e-03	9.91e-01
 4.07242e+22	0.00e+00	0.00e+00	0.00e+00	0.00e+00	0.00e+00	0.00e+00	0.00e+00	9.73e-29	1.13e-24	5.34e-21	1.55e-17	2.31e-14	2.15e-11	2.11e-08	4.11e-05	1.14e-02	9.89e-01
 4.47704e+22	0.00e+00	0.00e+00	0.00e+00	0.00e+00	0.00e+00	0.00e+00	0.00e+00	5.48e-28	5.22e-24	2.04e-20	4.89e-17	5.99e-14	4.61e-11	3.73e-08	6.01e-05	1.37e-02	9.86e-01
 4.71078e+22	0.00e+00	0.00e+00	0.00e+00	0.00e+00	0.00e+00	0.00e+00	0.00e+00	9.16e-28	8.23e-24	3.04e-20	6.87e-17	7.96e-14	5.79e-11	4.42e-08	6.73e-05	1.45e-02	9.85e-01
 4.83476e+22	0.00e+00	0.00e+00	0.00e+00	0.00e+00	0.00e+00	0.00e+00	0.00e+00	1.78e-27	1.48e-23	5.08e-20	1.07e-16	1.15e-13	7.75e-11	5.51e-08	7.78e-05	1.56e-02	9.84e-01
 4.96939e+22	0.00e+00	0.00e+00	0.00e+00	0.00e+00	0.00e+00	0.00e+00	1.65e-31	3.27e-27	2.55e-23	8.15e-20	1.60e-16	1.61e-13	1.01e-10	6.74e-08	8.90e-05	1.67e-02	9.83e-01
 5.09831e+22	0.00e+00	0.00e+00	0.00e+00	0.00e+00	0.00e+00	0.00e+00	3.25e-31	6.02e-27	4.38e-23	1.31e-19	2.39e-16	2.25e-13	1.33e-10	8.24e-08	1.02e-04	1.78e-02	9.82e-01
 5.24633e+22	0.00e+00	0.00e+00	0.00e+00	0.00e+00	0.00e+00	0.00e+00	8.12e-31	1.37e-26	9.07e-23	2.47e-19	4.12e-16	3.53e-13	1.90e-10	1.08e-07	1.22e-04	1.95e-02	9.80e-01
 5.39091e+22	0.00e+00	0.00e+00	0.00e+00	0.00e+00	0.00e+00	0.00e+00	1.49e-30	2.36e-26	1.47e-22	3.77e-19	5.92e-16	4.77e-13	2.42e-10	1.29e-07	1.37e-04	2.07e-02	9.79e-01
 5.53104e+22	0.00e+00	0.00e+00	0.00e+00	0.00e+00	0.00e+00	0.00e+00	3.37e-30	4.91e-26	2.82e-22	6.69e-19	9.66e-16	7.17e-13	3.35e-10	1.65e-07	1.62e-04	2.24e-02	9.77e-01
 5.67476e+22	0.00e+00	0.00e+00	0.00e+00	0.00e+00	0.00e+00	0.00e+00	6.82e-30	9.24e-26	4.93e-22	1.09e-18	1.47e-15	1.01e-12	4.43e-10	2.03e-07	1.86e-04	2.40e-02	9.76e-01
 5.80230e+22	0.00e+00	0.00e+00	0.00e+00	0.00e+00	0.00e+00	0.00e+00	1.33e-29	1.68e-25	8.39e-22	1.74e-18	2.18e-15	1.41e-12	5.76e-10	2.48e-07	2.11e-04	2.56e-02	9.74e-01
 5.94727e+22	0.00e+00	0.00e+00	0.00e+00	0.00e+00	0.00e+00	0.00e+00	3.23e-29	3.73e-25	1.70e-21	3.22e-18	3.69e-15	2.18e-12	8.17e-10	3.22e-07	2.52e-04	2.79e-02	9.72e-01
 6.09068e+22	0.00e+00	0.00e+00	0.00e+00	0.00e+00	0.00e+00	0.00e+00	5.93e-29	6.45e-25	2.76e-21	4.91e-18	5.30e-15	2.95e-12	1.04e-09	3.85e-07	2.84e-04	2.96e-02	9.70e-01
 6.20775e+22	0.00e+00	0.00e+00	0.00e+00	0.00e+00	0.00e+00	0.00e+00	1.07e-28	1.09e-24	4.41e-21	7.39e-18	7.51e-15	3.94e-12	1.31e-09	4.58e-07	3.18e-04	3.13e-02	9.68e-01
 6.31604e+22	0.00e+00	0.00e+00	0.00e+00	0.00e+00	0.00e+00	0.00e+00	1.88e-28	1.81e-24	6.90e-21	1.09e-17	1.05e-14	5.19e-12	1.63e-09	5.40e-07	3.55e-04	3.31e-02	9.67e-01
 6.43722e+22	0.00e+00	0.00e+00	0.00e+00	0.00e+00	0.00e+00	0.00e+00	3.80e-28	3.42e-24	1.21e-20	1.78e-17	1.59e-14	7.34e-12	2.15e-09	6.65e-07	4.08e-04	3.54e-02	9.64e-01
 6.56028e+22	0.00e+00	0.00e+00	0.00e+00	0.00e+00	0.00e+00	0.00e+00	6.78e-28	5.74e-24	1.92e-20	2.66e-17	2.24e-14	9.76e-12	2.71e-09	7.89e-07	4.56e-04	3.74e-02	9.62e-01
 6.66734e+22	0.00e+00	0.00e+00	0.00e+00	0.00e+00	0.00e+00	3.80e-32	1.18e-27	9.42e-24	2.97e-20	3.90e-17	3.11e-14	1.28e-11	3.36e-09	9.27e-07	5.08e-04	3.94e-02	9.60e-01
 6.78807e+22	0.00e+00	0.00e+00	0.00e+00	0.00e+00	0.00e+00	8.25e-32	2.38e-27	1.77e-23	5.19e-20	6.35e-17	4.70e-14	1.81e-11	4.42e-09	1.14e-06	5.82e-04	4.22e-02	9.57e-01
 6.91076e+22	0.00e+00	0.00e+00	0.00e+00	0.00e+00	0.00e+00	1.55e-31	4.21e-27	2.95e-23	8.18e-20	9.43e-17	6.60e-14	2.39e-11	5.53e-09	1.35e-06	6.51e-04	4.45e-02	9.55e-01
 7.01833e+22	0.00e+00	0.00e+00	0.00e+00	0.00e+00	0.00e+00	2.87e-31	7.36e-27	4.87e-23	1.27e-19	1.39e-16	9.17e-14	3.14e-11	6.88e-09	1.59e-06	7.25e-04	4.69e-02	9.52e-01
 7.14051e+22	0.00e+00	0.00e+00	0.00e+00	0.00e+00	0.00e+00	6.24e-31	1.49e-26	9.14e-23	2.23e-19	2.26e-16	1.39e-13	4.43e-11	9.05e-09	1.95e-06	8.31e-04	5.01e-02	9.49e-01
 7.26452e+22	0.00e+00	0.00e+00	0.00e+00	0.00e+00	0.00e+00	1.18e-30	2.65e-26	1.54e-22	3.53e-19	3.37e-16	1.95e-13	5.88e-11	1.14e-08	2.31e-06	9.29e-04	5.30e-02	9.46e-01
 7.36304e+22	0.00e+00	0.00e+00	0.00e+00	0.00e+00	0.00e+00	2.01e-30	4.29e-26	2.36e-22	5.17e-19	4.71e-16	2.60e-13	7.44e-11	1.37e-08	2.65e-06	1.02e-03	5.54e-02	9.44e-01
 7.44959e+22	0.00e+00	0.00e+00	0.00e+00	0.00e+00	0.00e+00	3.32e-30	6.76e-26	3.55e-22	7.42e-19	6.45e-16	3.39e-13	9.29e-11	1.64e-08	3.03e-06	1.11e-03	5.78e-02	9.41e-01
 7.54845e+22	0.00e+00	0.00e+00	0.00e+00	0.00e+00	0.00e+00	6.11e-30	1.17e-25	5.83e-22	1.15e-18	9.44e-16	4.70e-13	1.22e-10	2.03e-08	3.56e-06	1.24e-03	6.09e-02	9.38e-01
 7.65287e+22	0.00e+00	0.00e+00	0.00e+00	0.00e+00	0.00e+00	1.06e-29	1.94e-25	9.13e-22	1.71e-18	1.33e-15	6.30e-13	1.55e-10	2.46e-08	4.11e-06	1.36e-03	6.38e-02	9.35e-01
 7.74696e+22	0.00e+00	0.00e+00	0.00e+00	0.00e+00	0.00e+00	1.80e-29	3.13e-25	1.40e-21	2.50e-18	1.86e-15	8.36e-13	1.96e-10	2.97e-08	4.73e-06	1.49e-03	6.66e-02	9.32e-01
 7.83767e+22	0.00e+00	0.00e+00	0.00e+00	0.00e+00	0.00e+00	3.03e-29	5.01e-25	2.14e-21	3.63e-18	2.57e-15	1.10e-12	2.47e-10	3.57e-08	5.42e-06	1.64e-03	6.96e-02	9.29e-01
 7.94153e+22	0.00e+00	0.00e+00	0.00e+00	0.00e+00	0.00e+00	5.78e-29	8.98e-25	3.61e-21	5.77e-18	3.85e-15	1.55e-12	3.28e-10	4.47e-08	6.42e-06	1.83e-03	7.34e-02	9.25e-01
 8.04818e+22	0.00e+00	0.00e+00	0.00e+00	0.00e+00	0.00e+00	1.01e-28	1.49e-24	5.70e-21	8.64e-18	5.47e-15	2.10e-12	4.20e-10	5.45e-08	7.44e-06	2.01e-03	7.70e-02	9.21e-01
 8.14010e+22	0.00e+00	0.00e+00	0.00e+00	0.00e+00	1.77e-32	1.69e-28	2.37e-24	8.62e-21	1.25e-17	7.53e-15	2.75e-12	5.26e-10	6.52e-08	8.51e-06	2.20e-03	8.03e-02	9.18e-01
 8.24122e+22	0.00e+00	0.00e+00	0.00e+00	0.00e+00	3.42e-32	3.10e-28	4.11e-24	1.41e-20	1.93e-17	1.10e-14	3.79e-12	6.86e-10	8.06e-08	9.96e-06	2.44e-03	8.44e-02	9.13e-01
 8.33976e+22	0.00e+00	0.00e+00	0.00e+00	0.00e+00	5.95e-32	5.16e-28	6.51e-24	2.13e-20	2.78e-17	1.51e-14	4.98e-12	8.59e-10	9.65e-08	1.14e-05	2.67e-03	8.80e-02	9.09e-01
 8.41749e+22	0.00e+00	0.00e+00	0.00e+00	0.00e+00	9.47e-32	7.92e-28	9.61e-24	3.02e-20	3.78e-17	1.98e-14	6.25e-12	1.04e-09	1.12e-07	1.27e-05	2.87e-03	9.11e-02	9.06e-01
 8.50105e+22	0.00e+00	0.00e+00	0.00e+00	0.00e+00	1.63e-31	1.31e-27	1.51e-23	4.53e-20	5.40e-17	2.70e-14	8.14e-12	1.29e-09	1.33e-07	1.45e-05	3.12e-03	9.49e-02	9.02e-01
 8.59206e+22	0.00e+00	0.00e+00	0.00e+00	0.00e+00	2.77e-31	2.13e-27	2.35e-23	6.73e-20	7.67e-17	3.66e-14	1.06e-11	1.60e-09	1.58e-07	1.65e-05	3.40e-03	9.87e-02	8.98e-01
 8.67763e+22	0.00e+00	0.00e+00	0.00e+00	0.00e+00	4.63e-31	3.42e-27	3.61e-23	9.90e-20	1.08e-16	4.93e-14	1.36e-11	1.97e-09	1.87e-07	1.86e-05	3.68e-03	1.03e-01	8.94e-01
 8.75893e+22	0.00e+00	0.00e+00	0.00e+00	0.00e+00	7.61e-31	5.40e-27	5.46e-23	1.43e-19	1.50e-16	6.56e-14	1.73e-11	2.41e-09	2.19e-07	2.10e-05	3.98e-03	1.06e-01	8.90e-01
 8.83783e+22	0.00e+00	0.00e+00	0.00e+00	0.00e+00	1.23e-30	8.41e-27	8.15e-23	2.05e-19	2.06e-16	8.63e-14	2.19e-11	2.92e-09	2.56e-07	2.35e-05	4.29e-03	1.10e-01	8.85e-01
 8.92846e+22	0.00e+00	0.00e+00	0.00e+00	0.00e+00	2.20e-30	1.44e-26	1.32e-22	3.17e-19	3.02e-16	1.21e-13	2.90e-11	3.69e-09	3.08e-07	2.70e-05	4.70e-03	1.15e-01	8.80e-01
 9.02371e+22	0.00e+00	0.00e+00	0.00e+00	0.00e+00	3.84e-30	2.40e-26	2.11e-22	4.81e-19	4.37e-16	1.66e-13	3.82e-11	4.63e-09	3.69e-07	3.09e-05	5.13e-03	1.20e-01	8.75e-01
 9.10539e+22	0.00e+00	0.00e+00	0.00e+00	0.00e+00	6.26e-30	3.77e-26	3.17e-22	6.93e-19	6.03e-16	2.20e-13	4.85e-11	5.64e-09	4.32e-07	3.47e-05	5.54e-03	1.24e-01	8.70e-01
 9.17601e+22	0.00e+00	0.00e+00	0.00e+00	0.00e+00	9.57e-30	5.57e-26	4.52e-22	9.52e-19	7.99e-16	2.81e-13	5.97e-11	6.70e-09	4.95e-07	3.84e-05	5.91e-03	1.28e-01	8.66e-01
 9.25181e+22	0.00e+00	0.00e+00	0.00e+00	0.00e+00	1.55e-29	8.67e-26	6.75e-22	1.36e-18	1.09e-15	3.70e-13	7.53e-11	8.11e-09	5.76e-07	4.30e-05	6.37e-03	1.32e-01	8.61e-01
 9.33424e+22	0.00e+00	0.00e+00	0.00e+00	0.00e+00	2.50e-29	1.35e-25	1.01e-21	1.95e-18	1.50e-15	4.88e-13	9.53e-11	9.85e-09	6.72e-07	4.82e-05	6.86e-03	1.37e-01	8.56e-01
 9.41009e+22	0.00e+00	0.00e+00	0.00e+00	0.00e+00	3.91e-29	2.04e-25	1.47e-21	2.73e-18	2.02e-15	6.31e-13	1.19e-10	1.18e-08	7.76e-07	5.37e-05	7.35e-03	1.41e-01	8.51e-01
 9.49350e+22	0.00e+00	0.00e+00	0.00e+00	0.00e+00	6.69e-29	3.35e-25	2.30e-21	4.07e-18	2.88e-15	8.59e-13	1.54e-10	1.46e-08	9.21e-07	6.09e-05	7.98e-03	1.47e-01	8.45e-01
 9.57798e+22	0.00e+00	0.00e+00	0.00e+00	1.17e-32	1.09e-28	5.24e-25	3.44e-21	5.86e-18	3.98e-15	1.14e-12	1.96e-10	1.78e-08	1.08e-06	6.84e-05	8.60e-03	1.52e-01	8.39e-01
 9.64805e+22	0.00e+00	0.00e+00	0.00e+00	1.83e-32	1.65e-28	7.69e-25	4.88e-21	8.01e-18	5.24e-15	1.45e-12	2.40e-10	2.11e-08	1.23e-06	7.55e-05	9.17e-03	1.56e-01	8.34e-01
 9.72333e+22	0.00e+00	0.00e+00	0.00e+00	3.07e-32	2.68e-28	1.20e-24	7.31e-21	1.15e-17	7.22e-15	1.91e-12	3.03e-10	2.56e-08	1.43e-06	8.45e-05	9.87e-03	1.62e-01	8.28e-01
 9.80475e+22	0.00e+00	0.00e+00	0.00e+00	5.10e-32	4.29e-28	1.86e-24	1.08e-20	1.64e-17	9.86e-15	2.50e-12	3.82e-10	3.09e-08	1.67e-06	9.45e-05	1.06e-02	1.67e-01	8.22e-01
 9.87501e+22	0.00e+00	0.00e+00	0.00e+00	7.82e-32	6.37e-28	2.67e-24	1.51e-20	2.20e-17	1.28e-14	3.14e-12	4.63e-10	3.63e-08	1.89e-06	1.04e-04	1.13e-02	1.72e-01	8.17e-01
 9.93732e+22	0.00e+00	0.00e+00	0.00e+00	1.18e-31	9.36e-28	3.81e-24	2.08e-20	2.93e-17	1.65e-14	3.92e-12	5.59e-10	4.23e-08	2.14e-06	1.14e-04	1.19e-02	1.76e-01	8.12e-01
 1.00084e+23	0.00e+00	0.00e+00	0.00e+00	1.91e-31	1.46e-27	5.75e-24	3.02e-20	4.10e-17	2.22e-14	5.06e-12	6.94e-10	5.06e-08	2.46e-06	1.26e-04	1.28e-02	1.81e-01	8.06e-01
 1.00846e+23	0.00e+00	0.00e+00	0.00e+00	3.06e-31	2.27e-27	8.62e-24	4.36e-20	5.69e-17	2.97e-14	6.51e-12	8.60e-10	6.04e-08	2.83e-06	1.40e-04	1.37e-02	1.87e-01	7.99e-01
 1.01533e+23	0.00e+00	0.00e+00	0.00e+00	2.54e-31	1.83e-27	6.73e-24	6.14e-20	7.73e-17	3.89e-14	8.24e-12	1.05e-09	7.12e-08	3.23e-06	1.54e-04	1.45e-02	1.92e-01	7.93e-01
 1.02186e+23	0.00e+00	0.00e+00	0.00e+00	7.26e-31	5.07e-27	1.81e-23	8.56e-20	1.04e-16	5.05e-14	1.03e-11	1.27e-09	8.35e-08	3.66e-06	1.69e-04	1.54e-02	1.97e-01	7.87e-01
 1.02936e+23	0.00e+00	0.00e+00	0.00e+00	6.46e-31	4.36e-27	1.50e-23	1.27e-19	1.48e-16	6.90e-14	1.36e-11	1.60e-09	1.01e-07	4.25e-06	1.88e-04	1.65e-02	2.03e-01	7.80e-01
 1.03708e+23	0.00e+00	0.00e+00	0.00e+00	1.04e-30	6.79e-27	2.26e-23	1.84e-19	2.06e-16	9.24e-14	1.75e-11	1.99e-09	1.20e-07	4.89e-06	2.09e-04	1.77e-02	2.09e-01	7.73e-01
 1.04360e+23	0.00e+00	0.00e+00	0.00e+00	1.57e-30	9.98e-27	3.22e-23	2.53e-19	2.75e-16	1.19e-13	2.18e-11	2.40e-09	1.40e-07	5.53e-06	2.28e-04	1.87e-02	2.14e-01	7.67e-01
 1.05061e+23	0.00e+00	0.00e+00	0.00e+00	2.54e-30	1.56e-26	4.87e-23	3.68e-19	3.84e-16	1.60e-13	2.82e-11	2.98e-09	1.68e-07	6.36e-06	2.53e-04	2.00e-02	2.20e-01	7.59e-01
 1.05812e+23	0.00e+00	0.00e+00	0.00e+00	4.08e-30	2.43e-26	7.30e-23	5.32e-19	5.34e-16	2.14e-13	3.63e-11	3.69e-09	2.00e-07	7.31e-06	2.80e-04	2.13e-02	2.27e-01	7.52e-01
 1.06491e+23	0.00e+00	0.00e+00	0.00e+00	6.23e-30	3.59e-26	1.05e-22	7.39e-19	7.16e-16	2.78e-13	4.55e-11	4.46e-09	2.34e-07	8.28e-06	3.07e-04	2.26e-02	2.32e-01	7.45e-01
 1.07122e+23	0.00e+00	0.00e+00	0.00e+00	9.33e-30	5.24e-26	1.48e-22	1.01e-18	9.50e-16	3.56e-13	5.65e-11	5.36e-09	2.73e-07	9.32e-06	3.35e-04	2.39e-02	2.38e-01	7.38e-01
 1.07733e+23	0.00e+00	0.00e+00	0.00e+00	1.37e-29	7.50e-26	2.07e-22	1.37e-18	1.24e-15	4.52e-13	6.93e-11	6.38e-09	3.14e-07	1.04e-05	3.64e-04	2.52e-02	2.43e-01	7.32e-01
 1.08435e+23	0.00e+00	0.00e+00	0.00e+00	2.19e-29	1.16e-25	3.10e-22	1.97e-18	1.72e-15	6.03e-13	8.91e-11	7.89e-09	3.74e-07	1.20e-05	4.02e-04	2.68e-02	2.49e-01	7.24e-01
 1.09180e+23	0.00e+00	0.00e+00	3.74e-33	3.48e-29	1.78e-25	4.60e-22	2.82e-18	2.38e-15	8.01e-13	1.14e-10	9.73e-09	4.44e-07	1.37e-05	4.44e-04	2.85e-02	2.56e-01	7.15e-01
 1.09843e+23	0.00e+00	0.00e+00	5.88e-33	5.32e-29	2.65e-25	6.62e-22	3.93e-18	3.20e-15	1.04e-12	1.43e-10	1.18e-08	5.21e-07	1.55e-05	4.86e-04	3.02e-02	2.62e-01	7.08e-01
 1.10569e+23	0.00e+00	0.00e+00	9.94e-33	8.72e-29	4.20e-25	1.01e-21	5.77e-18	4.51e-15	1.41e-12	1.86e-10	1.47e-08	6.25e-07	1.79e-05	5.40e-04	3.23e-02	2.69e-01	6.99e-01
 1.11315e+23	0.00e+00	0.00e+00	1.62e-32	1.38e-28	6.44e-25	1.50e-21	8.24e-18	6.21e-15	1.87e-12	2.38e-10	1.82e-08	7.42e-07	2.05e-05	5.95e-04	3.43e-02	2.75e-01	6.90e-01
 1.11937e+23	0.00e+00	0.00e+00	2.46e-32	2.04e-28	9.24e-25	2.10e-21	1.12e-17	8.14e-15	2.38e-12	2.93e-10	2.17e-08	8.58e-07	2.30e-05	6.46e-04	3.61e-02	2.81e-01	6.82e-01
 1.12597e+23	0.00e+00	0.00e+00	3.96e-32	3.19e-28	1.41e-24	3.09e-21	1.58e-17	1.11e-14	3.14e-12	3.73e-10	2.65e-08	1.01e-06	2.62e-05	7.11e-04	3.83e-02	2.87e-01	6.73e-01
 1.13309e+23	0.00e+00	0.00e+00	6.36e-32	4.98e-28	2.13e-24	4.51e-21	2.24e-17	1.52e-14	4.12e-12	4.72e-10	3.25e-08	1.20e-06	2.98e-05	7.81e-04	4.06e-02	2.94e-01	6.65e-01
 1.13963e+23	0.00e+00	0.00e+00	9.84e-32	7.49e-28	3.11e-24	6.41e-21	3.08e-17	2.02e-14	5.31e-12	5.88e-10	3.91e-08	1.39e-06	3.36e-05	8.51e-04	4.29e-02	3.00e-01	6.56e-01
 1.14689e+23	0.00e+00	0.00e+00	1.66e-31	1.23e-27	4.93e-24	9.79e-21	4.52e-17	2.85e-14	7.19e-12	7.65e-10	4.88e-08	1.67e-06	3.87e-05	9.44e-04	4.57e-02	3.07e-01	6.46e-01
 1.15453e+23	0.00e+00	0.00e+00	1.76e-31	1.26e-27	4.88e-24	1.49e-20	6.62e-17	4.01e-14	9.73e-12	9.96e-10	6.11e-08	2.01e-06	4.48e-05	1.05e-03	4.87e-02	3.15e-01	6.35e-01
 1.16085e+23	0.00e+00	0.00e+00	2.62e-31	1.83e-27	6.91e-24	2.05e-20	8.85e-17	5.20e-14	1.22e-11	1.21e-09	7.22e-08	2.30e-06	4.98e-05	1.13e-03	5.11e-02	3.20e-01	6.27e-01
 1.16723e+23	0.00e+00	0.00e+00	4.22e-31	2.86e-27	1.05e-23	3.00e-20	1.25e-16	7.10e-14	1.61e-11	1.54e-09	8.85e-08	2.72e-06	5.67e-05	1.24e-03	5.41e-02	3.27e-01	6.18e-01
 1.17410e+23	0.00e+00	0.00e+00	6.63e-31	4.37e-27	1.55e-23	4.31e-20	1.74e-16	9.53e-14	2.09e-11	1.93e-09	1.07e-07	3.18e-06	6.41e-05	1.36e-03	5.71e-02	3.33e-01	6.08e-01
 1.18055e+23	0.00e+00	0.00e+00	1.03e-30	6.61e-27	2.28e-23	6.14e-20	2.40e-16	1.27e-13	2.70e-11	2.41e-09	1.29e-07	3.71e-06	7.23e-05	1.48e-03	6.02e-02	3.40e-01	5.99e-01
 1.18787e+23	0.00e+00	0.00e+00	1.76e-30	1.09e-26	3.65e-23	9.43e-20	3.54e-16	1.80e-13	3.67e-11	3.15e-09	1.62e-07	4.47e-06	8.36e-05	1.64e-03	6.41e-02	3.47e-01	5.87e-01
 1.19521e+23	0.00e+00	0.00e+00	2.88e-30	1.73e-26	5.59e-23	1.39e-19	5.05e-16	2.48e-13	4.87e-11	4.03e-09	2.00e-07	5.31e-06	9.55e-05	1.80e-03	6.79e-02	3.54e-01	5.76e-01
 1.20109e+23	0.00e+00	0.00e+00	4.30e-30	2.52e-26	7.92e-23	1.91e-19	6.76e-16	3.22e-13	6.14e-11	4.93e-09	2.37e-07	6.11e-06	1.06e-04	1.95e-03	7.11e-02	3.59e-01	5.67e-01
 1.20726e+23	0.00e+00	0.00e+00	6.79e-30	3.87e-26	1.18e-22	2.76e-19	9.42e-16	4.34e-13	7.98e-11	6.19e-09	2.88e-07	7.16e-06	1.20e-04	2.13e-03	7.50e-02	3.66e-01	5.57e-01
 1.21401e+23	0.00e+00	0.00e+00	1.07e-29	5.93e-26	1.75e-22	3.96e-19	1.31e-15	5.83e-13	1.04e-10	7.78e-09	3.49e-07	8.39e-06	1.36e-04	2.32e-03	7.90e-02	3.72e-01	5.47e-01
 1.22038e+23	0.00e+00	0.00e+00	1.67e-29	8.99e-26	2.58e-22	5.62e-19	1.81e-15	7.78e-13	1.34e-10	9.71e-09	4.22e-07	9.80e-06	1.54e-04	2.53e-03	8.31e-02	3.78e-01	5.36e-01
 1.22656e+23	0.00e+00	0.00e+00	2.59e-29	1.36e-25	3.77e-22	7.96e-19	2.48e-15	1.03e-12	1.72e-10	1.21e-08	5.08e-07	1.14e-05	1.73e-04	2.75e-03	8.74e-02	3.84e-01	5.26e-01
 1.23362e+23	0.00e+00	0.00e+00	4.55e-29	2.29e-25	6.13e-22	1.24e-18	3.71e-15	1.49e-12	2.38e-10	1.60e-08	6.45e-07	1.39e-05	2.01e-04	3.06e-03	9.30e-02	3.91e-01	5.13e-01
 1.24049e+23	0.00e+00	0.00e+00	6.97e-29	3.42e-25	8.89e-22	1.74e-18	5.06e-15	1.96e-12	3.04e-10	1.98e-08	7.73e-07	1.61e-05	2.25e-04	3.32e-03	9.76e-02	3.96e-01	5.03e-01
 1.24615e+23	0.00e+00	2.08e-33	1.05e-28	5.01e-25	1.26e-21	2.39e-18	6.78e-15	2.56e-12	3.84e-10	2.43e-08	9.20e-07	1.86e-05	2.52e-04	3.59e-03	1.02e-01	4.01e-01	4.93e-01
 1.25256e+23	0.00e+00	3.62e-33	1.75e-28	8.09e-25	1.97e-21	3.57e-18	9.79e-15	3.56e-12	5.15e-10	3.13e-08	1.14e-06	2.22e-05	2.89e-04	3.95e-03	1.08e-01	4.07e-01	4.80e-01
 1.25915e+23	0.00e+00	5.74e-33	2.70e-28	1.21e-24	2.86e-21	5.01e-18	1.33e-14	4.70e-12	6.60e-10	3.88e-08	1.37e-06	2.58e-05	3.24e-04	4.28e-03	1.13e-01	4.12e-01	4.70e-01
 1.26597e+23	0.00e+00	1.06e-32	4.76e-28	2.06e-24	4.65e-21	7.79e-18	2.00e-14	6.78e-12	9.13e-10	5.15e-08	1.75e-06	3.15e-05	3.77e-04	4.76e-03	1.20e-01	4.19e-01	4.56e-01
 1.27245e+23	0.00e+00	1.62e-32	7.08e-28	2.97e-24	6.55e-21	1.06e-17	2.66e-14	8.75e-12	1.14e-09	6.28e-08	2.07e-06	3.61e-05	4.19e-04	5.12e-03	1.25e-01	4.23e-01	4.46e-01
 1.27849e+23	0.00e+00	2.75e-32	1.16e-27	4.70e-24	9.97e-21	1.55e-17	3.77e-14	1.20e-11	1.51e-09	8.01e-08	2.55e-06	4.28e-05	4.77e-04	5.61e-03	1.32e-01	4.28e-01	4.34e-01
 1.28471e+23	0.00e+00	4.41e-32	1.80e-27	7.07e-24	1.45e-20	2.18e-17	5.15e-14	1.59e-11	1.94e-09	9.96e-08	3.07e-06	4.99e-05	5.36e-04	6.08e-03	1.38e-01	4.32e-01	4.23e-01
 1.29013e+23	0.00e+00	6.63e-32	2.62e-27	1.01e-23	2.01e-20	2.92e-17	6.75e-14	2.03e-11	2.41e-09	1.20e-07	3.60e-06	5.69e-05	5.93e-04	6.52e-03	1.44e-01	4.36e-01	4.14e-01
 1.29615e+23	0.00e+00	1.13e-31	4.31e-27	1.60e-23	3.07e-20	4.29e-17	9.60e-14	2.78e-11	3.20e-09	1.54e-07	4.45e-06	6.77e-05	6.76e-04	7.13e-03	1.51e-01	4.40e-01	4.01e-01
 1.30239e+23	0.00e+00	1.83e-31	6.72e-27	2.41e-23	4.47e-20	6.01e-17	1.31e-13	3.69e-11	4.12e-09	1.91e-07	5.37e-06	7.89e-05	7.60e-04	7.73e-03	1.58e-01	4.43e-01	3.90e-01
 1.30774e+23	0.00e+00	2.78e-31	9.91e-27	3.46e-23	6.24e-20	8.10e-17	1.73e-13	4.73e-11	5.14e-09	2.32e-07	6.32e-06	9.03e-05	8.41e-04	8.29e-03	1.64e-01	4.46e-01	3.80e-01
 1.31354e+23	0.00e+00	4.65e-31	1.60e-26	5.38e-23	9.35e-20	1.17e-16	2.42e-13	6.41e-11	6.73e-09	2.94e-07	7.74e-06	1.07e-04	9.54e-04	9.03e-03	1.72e-01	4.50e-01	3.69e-01
 1.31952e+23	0.00e+00	7.34e-31	2.44e-26	7.97e-23	1.34e-19	1.61e-16	3.25e-13	8.39e-11	8.56e-09	3.62e-07	9.25e-06	1.23e-04	1.06e-03	9.73e-03	1.79e-01	4.52e-01	3.58e-01
 1.32480e+23	0.00e+00	1.14e-30	3.66e-26	1.16e-22	1.89e-19	2.19e-16	4.33e-13	1.09e-10	1.08e-08	4.42e-07	1.10e-05	1.42e-04	1.18e-03	1.05e-02	1.86e-01	4.54e-01	3.48e-01
 1.33073e+23	0.00e+00	1.97e-30	6.07e-26	1.85e-22	2.89e-19	3.20e-16	6.16e-13	1.50e-10	1.43e-08	5.67e-07	1.36e-05	1.69e-04	1.35e-03	1.14e-02	1.95e-01	4.57e-01	3.35e-01
 1.33675e+23	0.00e+00	3.09e-30	9.22e-26	2.73e-22	4.13e-19	4.40e-16	8.26e-13	1.95e-10	1.81e-08	6.97e-07	1.62e-05	1.95e-04	1.50e-03	1.23e-02	2.03e-01	4.58e-01	3.25e-01
 1.34188e+23	0.00e+00	4.71e-30	1.36e-25	3.92e-22	5.74e-19	5.91e-16	1.09e-12	2.50e-10	2.26e-08	8.45e-07	1.91e-05	2.23e-04	1.66e-03	1.32e-02	2.10e-01	4.59e-01	3.16e-01
 1.34754e+23	0.00e+00	7.85e-30	2.19e-25	6.06e-22	8.54e-19	8.43e-16	1.51e-12	3.37e-10	2.95e-08	1.07e-06	2.33e-05	2.63e-04	1.88e-03	1.43e-02	2.19e-01	4.61e-01	3.04e-01
 1.35340e+23	0.00e+00	1.24e-29	3.33e-25	8.93e-22	1.22e-18	1.16e-15	2.02e-12	4.39e-10	3.74e-08	1.31e-06	2.78e-05	3.04e-04	2.09e-03	1.53e-02	2.27e-01	4.61e-01	2.94e-01
 1.35861e+23	0.00e+00	1.92e-29	5.00e-25	1.30e-21	1.71e-18	1.57e-15	2.69e-12	5.68e-10	4.71e-08	1.60e-06	3.30e-05	3.49e-04	2.32e-03	1.64e-02	2.35e-01	4.61e-01	2.84e-01
 1.36364e+23	0.00e+00	2.92e-29	7.36e-25	1.86e-21	2.37e-18	2.09e-15	3.51e-12	7.25e-10	5.85e-08	1.93e-06	3.89e-05	3.99e-04	2.56e-03	1.75e-02	2.43e-01	4.61e-01	2.75e-01
 1.36935e+23	0.00e+00	4.93e-29	1.20e-24	2.90e-21	3.56e-18	3.01e-15	4.92e-12	9.84e-10	7.69e-08	2.45e-06	4.76e-05	4.70e-04	2.90e-03	1.90e-02	2.53e-01	4.61e-01	2.64e-01
 1.37519e+23	0.00e+00	7.84e-29	1.83e-24	4.30e-21	5.09e-18	4.12e-15	6.61e-12	1.29e-09	9.77e-08	3.02e-06	5.70e-05	5.44e-04	3.23e-03	2.04e-02	2.62e-01	4.60e-01	2.54e-01
 1.38029e+23	0.00e+00	1.21e-28	2.74e-24	6.22e-21	7.11e-18	5.54e-15	8.72e-12	1.66e-09	1.22e-07	3.68e-06	6.74e-05	6.24e-04	3.58e-03	2.18e-02	2.70e-01	4.59e-01	2.45e-01
 1.38598e+23	0.00e+00	2.04e-28	4.44e-24	9.71e-21	1.06e-17	7.94e-15	1.22e-11	2.25e-09	1.61e-07	4.66e-06	8.25e-05	7.36e-04	4.04e-03	2.35e-02	2.81e-01	4.57e-01	2.34e-01
 1.39180e+23	0.00e+00	3.24e-28	6.78e-24	1.43e-20	1.51e-17	1.08e-14	1.63e-11	2.93e-09	2.04e-07	5.73e-06	9.85e-05	8.49e-04	4.49e-03	2.52e-02	2.90e-01	4.55e-01	2.25e-01
 1.39686e+23	0.00e+00	4.96e-28	1.01e-23	2.06e-20	2.10e-17	1.45e-14	2.14e-11	3.75e-09	2.54e-07	6.95e-06	1.16e-04	9.71e-04	4.95e-03	2.68e-02	2.99e-01	4.53e-01	2.16e-01
 1.40253e+23	0.00e+00	8.43e-28	1.64e-23	3.22e-20	3.15e-17	2.07e-14	2.99e-11	5.09e-09	3.34e-07	8.82e-06	1.42e-04	1.14e-03	5.58e-03	2.90e-02	3.09e-01	4.49e-01	2.06e-01
 1.40844e+23	0.00e+00	1.37e-27	2.55e-23	4.83e-20	4.55e-17	2.86e-14	4.05e-11	6.71e-09	4.28e-07	1.09e-05	1.71e-04	1.33e-03	6.23e-03	3.10e-02	3.19e-01	4.46e-01	1.96e-01
 1.41352e+23	0.00e+00	2.06e-27	3.73e-23	6.84e-20	6.22e-17	3.76e-14	5.25e-11	8.51e-09	5.30e-07	1.32e-05	2.00e-04	1.51e-03	6.83e-03	3.29e-02	3.27e-01	4.43e-01	1.89e-01
 1.41899e+23	0.00e+00	3.48e-27	6.04e-23	1.06e-19	9.26e-17	5.34e-14	7.30e-11	1.15e-08	6.93e-07	1.66e-05	2.45e-04	1.78e-03	7.69e-03	3.54e-02	3.38e-01	4.38e-01	1.79e-01
 1.42450e+23	0.00e+00	5.38e-27	9.01e-23	1.53e-19	1.29e-16	7.11e-14	9.58e-11	1.47e-08	8.67e-07	2.02e-05	2.89e-04	2.03e-03	8.47e-03	3.76e-02	3.47e-01	4.34e-01	1.71e-01
 1.42924e+23	0.00e+00	8.00e-27	1.30e-22	2.14e-19	1.74e-16	9.27e-14	1.23e-10	1.85e-08	1.06e-06	2.41e-05	3.36e-04	2.29e-03	9.25e-03	3.97e-02	3.55e-01	4.29e-01	1.64e-01
 1.43370e+23	0.00e+00	1.18e-26	1.85e-22	2.95e-19	2.32e-16	1.19e-13	1.56e-10	2.31e-08	1.30e-06	2.86e-05	3.90e-04	2.58e-03	1.01e-02	4.18e-02	3.63e-01	4.25e-01	1.57e-01
 1.43783e+23	0.00e+00	1.68e-26	2.56e-22	3.97e-19	3.02e-16	1.50e-13	1.94e-10	2.82e-08	1.55e-06	3.36e-05	4.46e-04	2.88e-03	1.09e-02	4.38e-02	3.70e-01	4.21e-01	1.51e-01
 1.44162e+23	0.00e+00	2.35e-26	3.48e-22	5.25e-19	3.87e-16	1.86e-13	2.39e-10	3.41e-08	1.84e-06	3.89e-05	5.06e-04	3.19e-03	1.17e-02	4.58e-02	3.76e-01	4.17e-01	1.46e-01
 1.44510e+23	0.00e+00	3.12e-26	4.52e-22	6.66e-19	4.80e-16	2.24e-13	2.85e-10	4.01e-08	2.13e-06	4.42e-05	5.64e-04	3.47e-03	1.25e-02	4.75e-02	3.82e-01	4.13e-01	1.41e-01
 1.44900e+23	0.00e+00	4.56e-26	6.41e-22	9.14e-19	6.37e-16	2.87e-13	3.60e-10	4.98e-08	2.59e-06	5.23e-05	6.51e-04	3.90e-03	1.35e-02	4.99e-02	3.89e-01	4.08e-01	1.35e-01
 1.45288e+23	0.00e+00	6.27e-26	8.56e-22	1.19e-18	8.04e-16	3.51e-13	4.37e-10	5.95e-08	3.04e-06	6.01e-05	7.34e-04	4.29e-03	1.45e-02	5.20e-02	3.95e-01	4.03e-01	1.30e-01
 1.45612e+23	0.00e+00	8.43e-26	1.12e-21	1.52e-18	9.99e-16	4.23e-13	5.24e-10	7.03e-08	3.54e-06	6.85e-05	8.21e-04	4.69e-03	1.54e-02	5.40e-02	4.01e-01	3.99e-01	1.26e-01
 1.45970e+23	0.00e+00	1.21e-25	1.56e-21	2.05e-18	1.30e-15	5.31e-13	6.53e-10	8.62e-08	4.25e-06	8.04e-05	9.41e-04	5.24e-03	1.67e-02	5.65e-02	4.07e-01	3.93e-01	1.20e-01
 1.46338e+23	0.00e+00	1.63e-25	2.05e-21	2.62e-18	1.62e-15	6.42e-13	7.83e-10	1.02e-07	4.95e-06	9.17e-05	1.05e-03	5.72e-03	1.78e-02	5.86e-02	4.12e-01	3.88e-01	1.16e-01
 1.46655e+23	0.00e+00	2.18e-25	2.67e-21	3.32e-18	2.00e-15	7.69e-13	9.32e-10	1.20e-07	5.73e-06	1.04e-04	1.17e-03	6.24e-03	1.89e-02	6.07e-02	4.17e-01	3.84e-01	1.12e-01
 1.46954e+23	0.00e+00	2.87e-25	3.44e-21	4.16e-18	2.44e-15	9.13e-13	1.10e-09	1.40e-07	6.59e-06	1.17e-04	1.30e-03	6.78e-03	2.00e-02	6.27e-02	4.22e-01	3.79e-01	1.08e-01
 1.47292e+23	0.00e+00	4.05e-25	4.70e-21	5.51e-18	3.13e-15	1.13e-12	1.35e-09	1.69e-07	7.83e-06	1.37e-04	1.48e-03	7.50e-03	2.15e-02	6.53e-02	4.28e-01	3.73e-01	1.03e-01
 1.47638e+23	0.00e+00	5.37e-25	6.08e-21	6.96e-18	3.85e-15	1.35e-12	1.61e-09	1.99e-07	9.04e-06	1.55e-04	1.64e-03	8.16e-03	2.28e-02	6.75e-02	4.32e-01	3.68e-01	9.94e-02
 1.47995e+23	0.00e+00	7.87e-25	8.60e-21	9.49e-18	5.05e-15	1.69e-12	2.01e-09	2.45e-07	1.10e-05	1.83e-04	1.89e-03	9.13e-03	2.47e-02	7.06e-02	4.38e-01	3.61e-01	9.45e-02
 1.48343e+23	0.00e+00	1.04e-24	1.11e-20	1.19e-17	6.17e-15	2.01e-12	2.38e-09	2.87e-07	1.26e-05	2.06e-04	2.10e-03	9.91e-03	2.61e-02	7.28e-02	4.42e-01	3.56e-01	9.10e-02
 1.48626e+23	0.00e+00	1.37e-24	1.42e-20	1.48e-17	7.46e-15	2.36e-12	2.79e-09	3.33e-07	1.44e-05	2.32e-04	2.32e-03	1.07e-02	2.76e-02	7.51e-02	4.46e-01	3.51e-01	8.76e-02
 1.48891e+23	0.00e+00	1.76e-24	1.79e-20	1.82e-17	8.93e-15	2.75e-12	3.24e-09	3.83e-07	1.64e-05	2.59e-04	2.55e-03	1.16e-02	2.91e-02	7.72e-02	4.49e-01	3.46e-01	8.45e-02
 1.49189e+23	0.00e+00	2.42e-24	2.38e-20	2.35e-17	1.11e-14	3.31e-12	3.90e-09	4.56e-07	1.92e-05	2.97e-04	2.86e-03	1.27e-02	3.10e-02	7.99e-02	4.53e-01	3.39e-01	8.08e-02
 1.49497e+23	0.00e+00	3.22e-24	3.09e-20	2.96e-17	1.36e-14	3.91e-12	4.60e-09	5.33e-07	2.22e-05	3.36e-04	3.18e-03	1.38e-02	3.28e-02	8.24e-02	4.56e-01	3.34e-01	7.75e-02
 1.49766e+23	0.00e+00	4.13e-24	3.87e-20	3.62e-17	1.62e-14	4.53e-12	5.33e-09	6.12e-07	2.51e-05	3.74e-04	3.48e-03	1.48e-02	3.45e-02	8.45e-02	4.59e-01	3.28e-01	7.47e-02
 1.50064e+23	0.00e+00	5.85e-24	5.29e-20	4.76e-17	2.05e-14	5.51e-12	6.50e-09	7.39e-07	2.99e-05	4.35e-04	3.95e-03	1.64e-02	3.69e-02	8.76e-02	4.63e-01	3.21e-01	7.09e-02
 1.50363e+23	0.00e+00	7.64e-24	6.72e-20	5.89e-17	2.46e-14	6.41e-12	7.58e-09	8.54e-07	3.41e-05	4.87e-04	4.35e-03	1.77e-02	3.89e-02	9.00e-02	4.65e-01	3.15e-01	6.81e-02
 1.50662e+23	0.00e+00	1.08e-23	9.19e-20	7.75e-17	3.11e-14	7.78e-12	9.24e-09	1.03e-06	4.05e-05	5.65e-04	4.94e-03	1.95e-02	4.16e-02	9.31e-02	4.68e-01	3.08e-01	6.45e-02
 1.50966e+23	0.00e+00	1.43e-23	1.18e-19	9.68e-17	3.76e-14	9.10e-12	1.08e-08	1.20e-06	4.66e-05	6.37e-04	5.47e-03	2.11e-02	4.39e-02	9.57e-02	4.70e-01	3.02e-01	6.16e-02
 1.51227e+23	0.00e+00	1.85e-23	1.49e-19	1.19e-16	4.48e-14	1.05e-11	1.26e-08	1.38e-06	5.29e-05	7.11e-04	5.99e-03	2.27e-02	4.61e-02	9.80e-02	4.72e-01	2.96e-01	5.91e-02
 1.51516e+23	0.00e+00	2.67e-23	2.07e-19	1.57e-16	5.68e-14	1.27e-11	1.54e-08	1.68e-06	6.32e-05	8.29e-04	6.83e-03	2.52e-02	4.94e-02	1.01e-01	4.73e-01	2.87e-01	5.57e-02
 1.51800e+23	0.00e+00	3.42e-23	2.59e-19	1.91e-16	6.71e-14	1.46e-11	1.77e-08	1.92e-06	7.15e-05	9.21e-04	7.46e-03	2.69e-02	5.17e-02	1.04e-01	4.74e-01	2.82e-01	5.34e-02
 1.52077e+23	0.00e+00	4.87e-23	3.54e-19	2.51e-16	8.42e-14	1.75e-11	2.15e-08	2.31e-06	8.49e-05	1.07e-03	8.45e-03	2.97e-02	5.52e-02	1.07e-01	4.75e-01	2.74e-01	5.03e-02
 1.52350e+23	0.00e+00	6.19e-23	4.39e-19	3.03e-16	9.87e-14	1.99e-11	2.46e-08	2.63e-06	9.55e-05	1.18e-03	9.20e-03	3.17e-02	5.76e-02	1.09e-01	4.75e-01	2.68e-01	4.82e-02
 1.52617e+23	0.00e+00	8.80e-23	6.00e-19	3.95e-16	1.23e-13	2.38e-11	2.97e-08	3.16e-06	1.13e-04	1.37e-03	1.04e-02	3.49e-02	6.14e-02	1.12e-01	4.75e-01	2.59e-01	4.53e-02
 1.52882e+23	0.00e+00	1.13e-22	7.47e-19	4.78e-16	1.44e-13	2.70e-11	3.40e-08	3.60e-06	1.28e-04	1.51e-03	1.13e-02	3.73e-02	6.41e-02	1.14e-01	4.75e-01	2.53e-01	4.33e-02
 1.53146e+23	0.00e+00	1.60e-22	1.02e-18	6.24e-16	1.80e-13	3.21e-11	4.11e-08	4.33e-06	1.51e-04	1.75e-03	1.28e-02	4.10e-02	6.81e-02	1.17e-01	4.74e-01	2.45e-01	4.05e-02
 1.53412e+23	0.00e+00	2.07e-22	1.28e-18	7.60e-16	2.12e-13	3.66e-11	4.73e-08	4.96e-06	1.71e-04	1.94e-03	1.40e-02	4.38e-02	7.12e-02	1.19e-01	4.72e-01	2.39e-01	3.86e-02
 1.53681e+23	0.00e+00	2.98e-22	1.77e-18	9.98e-16	2.64e-13	4.35e-11	5.72e-08	5.98e-06	2.04e-04	2.25e-03	1.58e-02	4.82e-02	7.57e-02	1.22e-01	4.70e-01	2.30e-01	3.59e-02
 1.53951e+23	0.00e+00	3.90e-22	2.24e-18	1.22e-15	3.12e-13	4.96e-11	6.61e-08	6.88e-06	2.32e-04	2.51e-03	1.73e-02	5.17e-02	7.91e-02	1.25e-01	4.68e-01	2.23e-01	3.40e-02
 1.54224e+23	0.00e+00	5.59e-22	3.08e-18	1.60e-15	3.89e-13	5.88e-11	7.99e-08	8.28e-06	2.75e-04	2.90e-03	1.95e-02	5.66e-02	8.39e-02	1.27e-01	4.64e-01	2.14e-01	3.16e-02
 1.54495e+23	4.77e-34	7.33e-22	3.92e-18	1.96e-15	4.59e-13	6.68e-11	9.21e-08	9.52e-06	3.12e-04	3.23e-03	2.13e-02	6.06e-02	8.75e-02	1.29e-01	4.61e-01	2.07e-01	2.99e-02
 1.54763e+23	7.31e-34	1.05e-21	5.37e-18	2.55e-15	5.68e-13	7.88e-11	1.11e-07	1.14e-05	3.69e-04	3.72e-03	2.39e-02	6.62e-02	9.24e-02	1.32e-01	4.56e-01	1.98e-01	2.76e-02
 1.55034e+23	1.02e-33	1.39e-21	6.89e-18	3.15e-15	6.73e-13	8.97e-11	1.28e-07	1.32e-05	4.22e-04	4.15e-03	2.62e-02	7.09e-02	9.64e-02	1.34e-01	4.51e-01	1.91e-01	2.59e-02
 1.55310e+23	1.59e-33	2.02e-21	9.54e-18	4.14e-15	8.37e-13	1.06e-10	1.55e-07	1.59e-05	5.00e-04	4.79e-03	2.95e-02	7.74e-02	1.02e-01	1.36e-01	4.45e-01	1.82e-01	2.38e-02
 1.55590e+23	2.26e-33	2.71e-21	1.23e-17	5.13e-15	9.93e-13	1.21e-10	1.80e-07	1.84e-05	5.72e-04	5.35e-03	3.23e-02	8.29e-02	1.06e-01	1.37e-01	4.39e-01	1.74e-01	2.23e-02
 1.55875e+23	3.56e-33	3.97e-21	1.72e-17	6.78e-15	1.24e-12	1.43e-10	2.17e-07	2.22e-05	6.79e-04	6.18e-03	3.63e-02	9.04e-02	1.12e-01	1.39e-01	4.31e-01	1.65e-01	2.03e-02
 1.56161e+23	5.03e-33	5.32e-21	2.23e-17	8.40e-15	1.47e-12	1.62e-10	2.52e-07	2.56e-05	7.75e-04	6.89e-03	3.96e-02	9.65e-02	1.16e-01	1.40e-01	4.24e-01	1.58e-01	1.89e-02
 1.56407e+23	7.07e-33	7.08e-21	2.86e-17	1.03e-14	1.73e-12	1.84e-10	2.89e-07	2.94e-05	8.79e-04	7.64e-03	4.30e-02	1.03e-01	1.20e-01	1.41e-01	4.16e-01	1.51e-01	1.75e-02
 1.56686e+23	1.10e-32	1.03e-20	3.96e-17	1.35e-14	2.14e-12	2.15e-10	3.46e-07	3.52e-05	1.03e-03	8.73e-03	4.79e-02	1.11e-01	1.26e-01	1.42e-01	4.06e-01	1.42e-01	1.59e-02
 1.56964e+23	1.52e-32	1.35e-20	5.02e-17	1.65e-14	2.50e-12	2.42e-10	3.95e-07	4.00e-05	1.16e-03	9.61e-03	5.17e-02	1.17e-01	1.30e-01	1.42e-01	3.98e-01	1.35e-01	1.48e-02
 1.57242e+23	2.34e-32	1.95e-20	6.91e-17	2.15e-14	3.07e-12	2.82e-10	4.69e-07	4.75e-05	1.36e-03	1.09e-02	5.71e-02	1.26e-01	1.35e-01	1.43e-01	3.87e-01	1.27e-01	1.34e-02
 1.57523e+23	3.22e-32	2.55e-20	8.75e-17	2.61e-14	3.59e-12	3.17e-10	5.33e-07	5.38e-05	1.52e-03	1.19e-02	6.14e-02	1.33e-01	1.38e-01	1.43e-01	3.78e-01	1.20e-01	1.24e-02
 1.57808e+23	4.96e-32	3.68e-20	1.20e-16	3.40e-14	4.41e-12	3.70e-10	6.30e-07	6.35e-05	1.77e-03	1.35e-02	6.75e-02	1.42e-01	1.43e-01	1.42e-01	3.66e-01	1.12e-01	1.11e-02
 1.58097e+23	6.85e-32	4.84e-20	1.53e-16	4.15e-14	5.17e-12	4.17e-10	7.14e-07	7.19e-05	1.98e-03	1.47e-02	7.23e-02	1.49e-01	1.47e-01	1.42e-01	3.56e-01	1.06e-01	1.03e-02
 1.58393e+23	1.04e-31	6.92e-20	2.09e-16	5.37e-14	6.33e-12	4.86e-10	8.39e-07	8.43e-05	2.28e-03	1.65e-02	7.90e-02	1.59e-01	1.51e-01	1.41e-01	3.43e-01	9.88e-02	9.20e-03
 1.58699e+23	1.47e-31	9.28e-20	2.70e-16	6.64e-14	7.48e-12	5.51e-10	9.56e-07	9.58e-05	2.56e-03	1.81e-02	8.47e-02	1.67e-01	1.54e-01	1.40e-01	3.32e-01	9.28e-02	8.39e-03
 1.59018e+23	2.28e-31	1.35e-19	3.74e-16	8.69e-14	9.25e-12	6.46e-10	1.12e-06	1.12e-04	2.95e-03	2.03e-02	9.22e-02	1.77e-01	1.58e-01	1.38e-01	3.18e-01	8.55e-02	7.44e-03
 1.59344e+23	3.22e-31	1.81e-19	4.84e-16	1.08e-13	1.10e-11	7.35e-10	1.28e-06	1.27e-04	3.30e-03	2.21e-02	9.85e-02	1.85e-01	1.61e-01	1.37e-01	3.07e-01	7.99e-02	6.75e-03
 1.59634e+23	4.50e-31	2.41e-19	6.21e-16	1.33e-13	1.29e-11	8.33e-10	1.44e-06	1.44e-04	3.67e-03	2.41e-02	1.05e-01	1.92e-01	1.64e-01	1.35e-01	2.96e-01	7.48e-02	6.13e-03
 1.59965e+23	6.87e-31	3.47e-19	8.54e-16	1.73e-13	1.59e-11	9.78e-10	1.68e-06	1.67e-04	4.19e-03	2.67e-02	1.13e-01	2.02e-01	1.66e-01	1.33e-01	2.81e-01	6.85e-02	5.41e-03
 1.60302e+23	9.56e-31	4.60e-19	1.09e-15	2.13e-13	1.88e-11	1.11e-09	1.90e-06	1.87e-04	4.63e-03	2.89e-02	1.20e-01	2.09e-01	1.68e-01	1.30e-01	2.70e-01	6.38e-02	4.89e-03
 1.60645e+23	1.45e-30	6.60e-19	1.50e-15	2.77e-13	2.32e-11	1.30e-09	2.20e-06	2.16e-04	5.26e-03	3.18e-02	1.28e-01	2.19e-01	1.70e-01	1.27e-01	2.56e-01	5.82e-02	4.30e-03
 1.60978e+23	1.95e-30	8.50e-19	1.88e-15	3.34e-13	2.69e-11	1.46e-09	2.44e-06	2.39e-04	5.74e-03	3.40e-02	1.34e-01	2.25e-01	1.71e-01	1.25e-01	2.46e-01	5.44e-02	3.91e-03
 1.61298e+23	2.86e-30	1.18e-18	2.50e-15	4.24e-13	3.26e-11	1.69e-09	2.78e-06	2.72e-04	6.42e-03	3.71e-02	1.43e-01	2.33e-01	1.72e-01	1.22e-01	2.33e-01	4.98e-02	3.46e-03
 1.61624e+23	3.83e-30	1.52e-18	3.12e-15	5.11e-13	3.78e-11	1.90e-09	3.08e-06	3.00e-04	6.99e-03	3.95e-02	1.49e-01	2.39e-01	1.73e-01	1.20e-01	2.23e-01	4.64e-02	3.14e-03
 1.61958e+23	5.64e-30	2.12e-18	4.18e-15	6.52e-13	4.59e-11	2.20e-09	3.51e-06	3.40e-04	7.80e-03	4.29e-02	1.58e-01	2.46e-01	1.73e-01	1.16e-01	2.11e-01	4.22e-02	2.76e-03
 1.62297e+23	7.51e-30	2.71e-18	5.19e-15	7.83e-13	5.32e-11	2.48e-09	3.88e-06	3.73e-04	8.45e-03	4.56e-02	1.64e-01	2.52e-01	1.73e-01	1.13e-01	2.01e-01	3.93e-02	2.50e-03
 1.62642e+23	1.10e-29	3.77e-18	6.95e-15	9.99e-13	6.47e-11	2.88e-09	4.41e-06	4.22e-04	9.40e-03	4.93e-02	1.73e-01	2.59e-01	1.73e-01	1.10e-01	1.89e-01	3.56e-02	2.18e-03
 1.62981e+23	1.44e-29	4.74e-18	8.49e-15	1.18e-12	7.43e-11	3.21e-09	4.83e-06	4.60e-04	1.01e-02	5.20e-02	1.79e-01	2.63e-01	1.72e-01	1.07e-01	1.81e-01	3.32e-02	1.99e-03
 1.63313e+23	2.06e-29	6.45e-18	1.11e-14	1.49e-12	8.91e-11	3.69e-09	5.42e-06	5.14e-04	1.11e-02	5.57e-02	1.87e-01	2.69e-01	1.71e-01	1.03e-01	1.70e-01	3.02e-02	1.74e-03
 1.63651e+23	2.69e-29	8.12e-18	1.36e-14	1.77e-12	1.03e-10	4.13e-09	5.95e-06	5.59e-04	1.20e-02	5.87e-02	1.93e-01	2.73e-01	1.70e-01	1.00e-01	1.62e-01	2.81e-02	1.58e-03
 1.63998e+23	3.86e-29	1.11e-17	1.79e-14	2.22e-12	1.23e-10	4.77e-09	6.68e-06	6.25e-04	1.31e-02	6.28e-02	2.01e-01	2.78e-01	1.69e-01	9.66e-02	1.52e-01	2.54e-02	1.38e-03
 1.64352e+23	5.07e-29	1.40e-17	2.21e-14	2.65e-12	1.42e-10	5.34e-09	7.33e-06	6.80e-04	1.41e-02	6.61e-02	2.07e-01	2.81e-01	1.67e-01	9.37e-02	1.44e-01	2.35e-02	1.24e-03
 1.64714e+23	7.29e-29	1.91e-17	2.91e-14	3.34e-12	1.72e-10	6.19e-09	8.24e-06	7.59e-04	1.55e-02	7.06e-02	2.16e-01	2.86e-01	1.65e-01	8.98e-02	1.35e-01	2.11e-02	1.08e-03
 1.65083e+23	9.61e-29	2.42e-17	3.58e-14	4.00e-12	1.99e-10	6.94e-09	9.04e-06	8.25e-04	1.66e-02	7.42e-02	2.22e-01	2.88e-01	1.63e-01	8.68e-02	1.28e-01	1.95e-02	9.71e-04
 1.65460e+23	1.38e-28	3.32e-17	4.72e-14	5.05e-12	2.40e-10	8.06e-09	1.02e-05	9.20e-04	1.81e-02	7.90e-02	2.30e-01	2.92e-01	1.60e-01	8.29e-02	1.19e-01	1.74e-02	8.39e-04
 1.65844e+23	1.83e-28	4.21e-17	5.84e-14	6.05e-12	2.78e-10	9.07e-09	1.12e-05	1.00e-03	1.94e-02	8.29e-02	2.36e-01	2.94e-01	1.58e-01	7.99e-02	1.12e-01	1.60e-02	7.50e-04
 1.66238e+23	4.64e-29	5.77e-17	7.72e-14	7.66e-12	3.37e-10	1.06e-08	1.26e-05	1.11e-03	2.13e-02	8.81e-02	2.44e-01	2.96e-01	1.55e-01	7.60e-02	1.04e-01	1.43e-02	6.44e-04
 1.66623e+23	5.91e-29	7.14e-17	9.33e-14	9.02e-12	3.86e-10	1.18e-08	1.37e-05	1.20e-03	2.26e-02	9.19e-02	2.49e-01	2.97e-01	1.52e-01	7.34e-02	9.81e-02	1.32e-02	5.81e-04
 1.66996e+23	8.30e-29	9.61e-17	1.21e-13	1.13e-11	4.62e-10	1.36e-08	1.53e-05	1.33e-03	2.45e-02	9.71e-02	2.56e-01	2.99e-01	1.49e-01	6.98e-02	9.09e-02	1.18e-02	5.02e-04
 1.67375e+23	1.06e-28	1.19e-16	1.47e-13	1.33e-11	5.30e-10	1.51e-08	1.67e-05	1.43e-03	2.60e-02	1.01e-01	2.61e-01	2.99e-01	1.46e-01	6.72e-02	8.59e-02	1.09e-02	4.51e-04
 1.67762e+23	1.47e-28	1.59e-16	1.90e-13	1.65e-11	6.34e-10	1.75e-08	1.86e-05	1.58e-03	2.82e-02	1.06e-01	2.68e-01	3.00e-01	1.43e-01	6.38e-02	7.94e-02	9.73e-03	3.90e-04
 1.68161e+23	1.92e-28	2.01e-16	2.34e-13	1.97e-11	7.35e-10	1.97e-08	2.04e-05	1.71e-03	3.00e-02	1.11e-01	2.73e-01	3.00e-01	1.40e-01	6.10e-02	7.45e-02	8.87e-03	3.46e-04
 1.68575e+23	2.67e-28	2.69e-16	3.03e-13	2.47e-11	8.84e-10	2.28e-08	2.29e-05	1.89e-03	3.25e-02	1.17e-01	2.79e-01	2.99e-01	1.36e-01	5.77e-02	6.86e-02	7.89e-03	2.97e-04
 1.69004e+23	3.54e-28	3.45e-16	3.78e-13	2.98e-11	1.03e-09	2.59e-08	2.52e-05	2.05e-03	3.47e-02	1.22e-01	2.85e-01	2.98e-01	1.32e-01	5.49e-02	6.40e-02	7.14e-03	2.61e-04
 1.69450e+23	5.01e-28	4.68e-16	4.96e-13	3.77e-11	1.25e-09	3.02e-08	2.84e-05	2.28e-03	3.76e-02	1.28e-01	2.91e-01	2.97e-01	1.28e-01	5.16e-02	5.85e-02	6.30e-03	2.22e-04
 1.69909e+23	6.71e-28	6.04e-16	6.23e-13	4.59e-11	1.48e-09	3.45e-08	3.14e-05	2.48e-03	4.02e-02	1.34e-01	2.95e-01	2.95e-01	1.24e-01	4.90e-02	5.43e-02	5.66e-03	1.94e-04
 1.70384e+23	9.61e-28	8.26e-16	8.25e-13	5.84e-11	1.81e-09	4.06e-08	3.56e-05	2.76e-03	4.36e-02	1.41e-01	3.01e-01	2.93e-01	1.19e-01	4.57e-02	4.93e-02	4.96e-03	1.63e-04
 1.70874e+23	1.30e-27	1.08e-15	1.05e-12	7.18e-11	2.14e-09	4.66e-08	3.97e-05	3.01e-03	4.66e-02	1.46e-01	3.05e-01	2.90e-01	1.15e-01	4.31e-02	4.54e-02	4.42e-03	1.41e-04
 1.71386e+23	1.90e-27	1.50e-15	1.41e-12	9.26e-11	2.65e-09	5.54e-08	4.53e-05	3.36e-03	5.07e-02	1.54e-01	3.10e-01	2.87e-01	1.10e-01	4.00e-02	4.10e-02	3.83e-03	1.17e-04
 1.71910e+23	2.60e-27	1.98e-15	1.80e-12	1.15e-10	3.17e-09	6.40e-08	5.06e-05	3.68e-03	5.43e-02	1.60e-01	3.14e-01	2.83e-01	1.06e-01	3.75e-02	3.75e-02	3.38e-03	1.00e-04
 1.72380e+23	3.50e-27	2.56e-15	2.27e-12	1.40e-10	3.76e-09	7.36e-08	5.63e-05	4.02e-03	5.79e-02	1.67e-01	3.18e-01	2.79e-01	1.02e-01	3.52e-02	3.44e-02	3.01e-03	8.64e-05
 1.72919e+23	5.25e-27	3.65e-15	3.11e-12	1.84e-10	4.71e-09	8.82e-08	6.46e-05	4.50e-03	6.30e-02	1.75e-01	3.22e-01	2.74e-01	9.64e-02	3.24e-02	3.07e-02	2.57e-03	7.05e-05
 1.73462e+23	7.06e-27	4.72e-15	3.93e-12	2.26e-10	5.58e-09	1.01e-07	7.19e-05	4.91e-03	6.70e-02	1.81e-01	3.24e-01	2.70e-01	9.24e-02	3.03e-02	2.81e-02	2.27e-03	6.05e-05
 1.74011e+23	1.05e-26	6.68e-15	5.35e-12	2.95e-10	6.97e-09	1.21e-07	8.25e-05	5.48e-03	7.27e-02	1.89e-01	3.27e-01	2.64e-01	8.73e-02	2.78e-02	2.49e-02	1.93e-03	4.93e-05
 1.74570e+23	1.44e-26	8.83e-15	6.87e-12	3.66e-10	8.35e-09	1.41e-07	9.22e-05	5.99e-03	7.75e-02	1.96e-01	3.29e-01	2.58e-01	8.32e-02	2.58e-02	2.26e-02	1.69e-03	4.17e-05
 1.75145e+23	2.17e-26	1.26e-14	9.45e-12	4.82e-10	1.05e-08	1.69e-07	1.06e-04	6.71e-03	8.40e-02	2.05e-01	3.30e-01	2.51e-01	7.81e-02	2.35e-02	1.99e-02	1.43e-03	3.36e-05
 1.75729e+23	3.01e-26	1.68e-14	1.22e-11	6.02e-10	1.27e-08	1.97e-07	1.19e-04	7.34e-03	8.96e-02	2.11e-01	3.31e-01	2.46e-01	7.41e-02	2.17e-02	1.80e-02	1.24e-03	2.81e-05
 1.76325e+23	4.59e-26	2.45e-14	1.71e-11	8.03e-10	1.61e-08	2.39e-07	1.38e-04	8.23e-03	9.71e-02	2.20e-01	3.31e-01	2.38e-01	6.91e-02	1.96e-02	1.57e-02	1.03e-03	2.23e-05
 1.76888e+23	6.06e-26	3.14e-14	2.13e-11	9.72e-10	1.88e-08	2.72e-07	1.52e-04	8.89e-03	1.02e-01	2.26e-01	3.31e-01	2.32e-01	6.58e-02	1.82e-02	1.43e-02	9.10e-04	1.91e-05
 1.77409e+23	8.79e-26	4.37e-14	2.87e-11	1.25e-09	2.32e-08	3.23e-07	1.72e-04	9.81e-03	1.10e-01	2.34e-01	3.30e-01	2.25e-01	6.16e-02	1.66e-02	1.26e-02	7.70e-04	1.55e-05
 1.77934e+23	1.16e-25	5.60e-14	3.58e-11	1.52e-09	2.73e-08	3.68e-07	1.90e-04	1.06e-02	1.15e-01	2.39e-01	3.29e-01	2.19e-01	5.86e-02	1.55e-02	1.15e-02	6.78e-04	1.32e-05
 1.78464e+23	1.69e-25	7.88e-14	4.84e-11	1.97e-09	3.38e-08	4.38e-07	2.16e-04	1.17e-02	1.24e-01	2.47e-01	3.27e-01	2.12e-01	5.46e-02	1.40e-02	1.01e-02	5.69e-04	1.06e-05
 1.79000e+23	2.25e-25	1.02e-13	6.11e-11	2.40e-09	3.99e-08	5.01e-07	2.38e-04	1.26e-02	1.30e-01	2.52e-01	3.25e-01	2.06e-01	5.17e-02	1.29e-02	9.10e-03	4.96e-04	8.92e-06
 1.79541e+23	3.29e-25	1.45e-13	8.32e-11	3.13e-09	4.97e-08	5.99e-07	2.72e-04	1.40e-02	1.39e-01	2.59e-01	3.22e-01	1.98e-01	4.79e-02	1.17e-02	7.94e-03	4.13e-04	7.09e-06
 1.80091e+23	4.40e-25	1.89e-13	1.06e-10	3.84e-09	5.91e-08	6.89e-07	3.02e-04	1.51e-02	1.46e-01	2.65e-01	3.19e-01	1.91e-01	4.51e-02	1.07e-02	7.13e-03	3.58e-04	5.92e-06
 1.80650e+23	6.49e-25	2.72e-13	1.46e-10	5.07e-09	7.43e-08	8.31e-07	3.46e-04	1.68e-02	1.56e-01	2.71e-01	3.15e-01	1.83e-01	4.16e-02	9.61e-03	6.16e-03	2.94e-04	4.64e-06
 1.81217e+23	8.73e-25	3.59e-13	1.87e-10	6.27e-09	8.87e-08	9.62e-07	3.85e-04	1.82e-02	1.64e-01	2.76e-01	3.11e-01	1.76e-01	3.89e-02	8.79e-03	5.49e-03	2.52e-04	3.83e-06
 1.81794e+23	1.29e-24	5.21e-13	2.60e-10	8.32e-09	1.12e-07	1.17e-06	4.44e-04	2.02e-02	1.76e-01	2.83e-01	3.05e-01	1.68e-01	3.56e-02	7.81e-03	4.70e-03	2.05e-04	2.97e-06
 1.82384e+23	1.76e-24	7.03e-13	3.39e-10	1.05e-08	1.36e-07	1.37e-06	4.99e-04	2.20e-02	1.85e-01	2.87e-01	3.00e-01	1.61e-01	3.31e-02	7.08e-03	4.14e-03	1.74e-04	2.40e-06
 1.82991e+23	2.62e-24	1.04e-12	4.80e-10	1.41e-08	1.75e-07	1.69e-06	5.81e-04	2.46e-02	1.98e-01	2.93e-01	2.93e-01	1.52e-01	3.00e-02	6.22e-03	3.50e-03	1.39e-04	1.82e-06
 1.83609e+23	3.61e-24	1.42e-12	6.34e-10	1.80e-08	2.15e-07	2.00e-06	6.58e-04	2.70e-02	2.08e-01	2.97e-01	2.86e-01	1.44e-01	2.76e-02	5.59e-03	3.04e-03	1.16e-04	1.45e-06
 1.84221e+23	5.24e-24	2.08e-12	8.91e-10	2.42e-08	2.76e-07	2.47e-06	7.67e-04	3.01e-02	2.22e-01	3.01e-01	2.78e-01	1.36e-01	2.49e-02	4.89e-03	2.56e-03	9.20e-05	1.09e-06
 1.84802e+23	6.90e-24	2.73e-12	1.14e-09	2.99e-08	3.31e-07	2.87e-06	8.58e-04	3.27e-02	2.32e-01	3.03e-01	2.72e-01	1.30e-01	2.31e-02	4.44e-03	2.26e-03	7.79e-05	8.90e-07
 1.85366e+23	9.71e-24	3.91e-12	1.57e-09	3.97e-08	4.22e-07	3.53e-06	9.97e-04	3.63e-02	2.46e-01	3.06e-01	2.63e-01	1.21e-01	2.08e-02	3.89e-03	1.90e-03	6.23e-05	6.75e-07
 1.85940e+23	1.28e-23	5.19e-12	2.02e-09	4.97e-08	5.11e-07	4.16e-06	1.12e-03	3.96e-02	2.57e-01	3.08e-01	2.55e-01	1.15e-01	1.91e-02	3.49e-03	1.66e-03	5.19e-05	5.40e-07
 1.86502e+23	1.75e-23	7.28e-12	2.74e-09	6.51e-08	6.45e-07	5.07e-06	1.30e-03	4.39e-02	2.71e-01	3.09e-01	2.46e-01	1.08e-01	1.71e-02	3.06e-03	1.40e-03	4.16e-05	4.11e-07
 1.87075e+23	2.29e-23	9.72e-12	3.57e-09	8.23e-08	7.91e-07	6.05e-06	1.48e-03	4.81e-02	2.83e-01	3.09e-01	2.37e-01	1.01e-01	1.56e-02	2.72e-03	1.20e-03	3.42e-05	3.23e-07
 1.87634e+23	3.00e-23	1.33e-11	4.74e-09	1.06e-07	9.88e-07	7.34e-06	1.70e-03	5.31e-02	2.96e-01	3.09e-01	2.28e-01	9.43e-02	1.40e-02	2.38e-03	1.01e-03	2.75e-05	2.47e-07
