#depth	Ne	Ne+	Ne+2	Ne+3	Ne+4	Ne+5	Ne+6	Ne+7	Ne+8	Ne+9	Ne+10
 1.54284e+22	0.00e+00	0.00e+00	0.00e+00	0.00e+00	4.46e-27	5.05e-22	2.16e-17	6.07e-13	5.90e-08	4.84e-04	1.00e+00
 3.46666e+22	0.00e+00	0.00e+00	0.00e+00	0.00e+00	5.21e-26	3.89e-21	1.14e-16	2.12e-12	1.36e-07	7.34e-04	9.99e-01
 4.07242e+22	0.00e+00	0.00e+00	0.00e+00	9.09e-31	2.19e-25	1.29e-20	2.99e-16	4.35e-12	2.20e-07	9.34e-04	9.99e-01
 4.47704e+22	0.00e+00	0.00e+00	0.00e+00	3.45e-30	6.89e-25	3.35e-20	6.41e-16	7.73e-12	3.22e-07	1.13e-03	9.99e-01
 4.71078e+22	0.00e+00	0.00e+00	0.00e+00	5.13e-30	9.68e-25	4.45e-20	8.05e-16	9.17e-12	3.61e-07	1.20e-03	9.99e-01
 4.83476e+22	0.00e+00	0.00e+00	0.00e+00	8.57e-30	1.50e-24	6.41e-20	1.08e-15	1.14e-11	4.18e-07	1.29e-03	9.99e-01
 4.96939e+22	0.00e+00	0.00e+00	0.00e+00	1.37e-29	2.25e-24	8.97e-20	1.41e-15	1.40e-11	4.78e-07	1.38e-03	9.99e-01
 5.09831e+22	0.00e+00	0.00e+00	0.00e+00	2.19e-29	3.36e-24	1.25e-19	1.85e-15	1.71e-11	5.47e-07	1.47e-03	9.99e-01
 5.24633e+22	0.00e+00	0.00e+00	0.00e+00	4.13e-29	5.79e-24	1.97e-19	2.66e-15	2.25e-11	6.56e-07	1.61e-03	9.98e-01
 5.39091e+22	0.00e+00	0.00e+00	0.00e+00	6.29e-29	8.31e-24	2.67e-19	3.38e-15	2.70e-11	7.41e-07	1.71e-03	9.98e-01
 5.53104e+22	0.00e+00	0.00e+00	0.00e+00	1.11e-28	1.35e-23	4.01e-19	4.69e-15	3.45e-11	8.72e-07	1.86e-03	9.98e-01
 5.67476e+22	0.00e+00	0.00e+00	0.00e+00	1.81e-28	2.05e-23	5.68e-19	6.20e-15	4.25e-11	1.00e-06	2.00e-03	9.98e-01
 5.80230e+22	0.00e+00	0.00e+00	0.00e+00	2.83e-28	3.01e-23	7.88e-19	8.06e-15	5.18e-11	1.14e-06	2.13e-03	9.98e-01
 5.94727e+22	0.00e+00	0.00e+00	0.00e+00	5.22e-28	5.09e-23	1.22e-18	1.15e-14	6.75e-11	1.37e-06	2.33e-03	9.98e-01
 6.09068e+22	0.00e+00	0.00e+00	0.00e+00	7.95e-28	7.30e-23	1.65e-18	1.46e-14	8.09e-11	1.54e-06	2.47e-03	9.98e-01
 6.20775e+22	0.00e+00	0.00e+00	0.00e+00	1.19e-27	1.03e-22	2.21e-18	1.84e-14	9.64e-11	1.73e-06	2.62e-03	9.97e-01
 6.31604e+22	0.00e+00	0.00e+00	0.00e+00	1.76e-27	1.44e-22	2.91e-18	2.30e-14	1.14e-10	1.94e-06	2.77e-03	9.97e-01
 6.43722e+22	0.00e+00	0.00e+00	8.51e-33	2.85e-27	2.18e-22	4.11e-18	3.03e-14	1.40e-10	2.23e-06	2.97e-03	9.97e-01
 6.56028e+22	0.00e+00	0.00e+00	1.34e-32	4.25e-27	3.08e-22	5.48e-18	3.82e-14	1.67e-10	2.50e-06	3.15e-03	9.97e-01
 6.66734e+22	0.00e+00	0.00e+00	2.07e-32	6.20e-27	4.25e-22	7.18e-18	4.74e-14	1.96e-10	2.78e-06	3.32e-03	9.97e-01
 6.78807e+22	0.00e+00	0.00e+00	3.59e-32	1.00e-26	6.43e-22	1.01e-17	6.26e-14	2.42e-10	3.20e-06	3.56e-03	9.96e-01
 6.91076e+22	0.00e+00	0.00e+00	5.62e-32	1.49e-26	9.01e-22	1.34e-17	7.84e-14	2.87e-10	3.58e-06	3.77e-03	9.96e-01
 7.01833e+22	0.00e+00	0.00e+00	8.69e-32	2.18e-26	1.25e-21	1.77e-17	9.76e-14	3.38e-10	4.00e-06	3.98e-03	9.96e-01
 7.14051e+22	0.00e+00	0.00e+00	1.50e-31	3.53e-26	1.89e-21	2.49e-17	1.29e-13	4.17e-10	4.60e-06	4.27e-03	9.96e-01
 7.26452e+22	0.00e+00	0.00e+00	2.37e-31	5.26e-26	2.66e-21	3.31e-17	1.62e-13	4.95e-10	5.16e-06	4.52e-03	9.95e-01
 7.36304e+22	0.00e+00	0.00e+00	3.45e-31	7.31e-26	3.53e-21	4.20e-17	1.96e-13	5.71e-10	5.67e-06	4.74e-03	9.95e-01
 7.44959e+22	0.00e+00	0.00e+00	4.93e-31	9.99e-26	4.62e-21	5.25e-17	2.34e-13	6.54e-10	6.21e-06	4.96e-03	9.95e-01
 7.54845e+22	0.00e+00	0.00e+00	7.57e-31	1.46e-25	6.38e-21	6.87e-17	2.91e-13	7.70e-10	6.92e-06	5.24e-03	9.95e-01
 7.65287e+22	0.00e+00	0.00e+00	1.12e-30	2.05e-25	8.55e-21	8.77e-17	3.54e-13	8.92e-10	7.64e-06	5.50e-03	9.94e-01
 7.74696e+22	0.00e+00	0.00e+00	1.63e-30	2.84e-25	1.13e-20	1.11e-16	4.27e-13	1.03e-09	8.40e-06	5.77e-03	9.94e-01
 7.83767e+22	0.00e+00	0.00e+00	2.35e-30	3.92e-25	1.49e-20	1.40e-16	5.15e-13	1.18e-09	9.22e-06	6.04e-03	9.94e-01
 7.94153e+22	0.00e+00	0.00e+00	3.70e-30	5.84e-25	2.10e-20	1.86e-16	6.47e-13	1.41e-09	1.03e-05	6.40e-03	9.94e-01
 8.04818e+22	0.00e+00	0.00e+00	5.50e-30	8.28e-25	2.84e-20	2.39e-16	7.91e-13	1.64e-09	1.14e-05	6.73e-03	9.93e-01
 8.14010e+22	0.00e+00	0.00e+00	7.89e-30	1.13e-24	3.72e-20	2.99e-16	9.49e-13	1.88e-09	1.25e-05	7.04e-03	9.93e-01
 8.24122e+22	0.00e+00	0.00e+00	1.21e-29	1.65e-24	5.12e-20	3.91e-16	1.18e-12	2.21e-09	1.40e-05	7.43e-03	9.93e-01
 8.33976e+22	0.00e+00	0.00e+00	1.73e-29	2.27e-24	6.73e-20	4.91e-16	1.41e-12	2.53e-09	1.53e-05	7.78e-03	9.92e-01
 8.41749e+22	0.00e+00	0.00e+00	2.35e-29	2.95e-24	8.44e-20	5.94e-16	1.65e-12	2.84e-09	1.65e-05	8.08e-03	9.92e-01
 8.50105e+22	0.00e+00	0.00e+00	3.33e-29	4.01e-24	1.10e-19	7.40e-16	1.96e-12	3.25e-09	1.81e-05	8.45e-03	9.92e-01
 8.59206e+22	0.00e+00	0.00e+00	4.68e-29	5.40e-24	1.42e-19	9.19e-16	2.34e-12	3.70e-09	1.97e-05	8.83e-03	9.91e-01
 8.67763e+22	0.00e+00	0.00e+00	6.55e-29	7.26e-24	1.83e-19	1.13e-15	2.77e-12	4.21e-09	2.15e-05	9.21e-03	9.91e-01
 8.75893e+22	0.00e+00	0.00e+00	9.04e-29	9.63e-24	2.34e-19	1.39e-15	3.26e-12	4.76e-09	2.33e-05	9.59e-03	9.90e-01
 8.83783e+22	0.00e+00	0.00e+00	1.23e-28	1.26e-23	2.95e-19	1.69e-15	3.82e-12	5.36e-09	2.53e-05	9.98e-03	9.90e-01
 8.92846e+22	0.00e+00	0.00e+00	1.79e-28	1.76e-23	3.92e-19	2.14e-15	4.61e-12	6.19e-09	2.78e-05	1.05e-02	9.90e-01
 9.02371e+22	0.00e+00	0.00e+00	2.59e-28	2.42e-23	5.16e-19	2.69e-15	5.55e-12	7.11e-09	3.05e-05	1.10e-02	9.89e-01
 9.10539e+22	0.00e+00	0.00e+00	3.56e-28	3.20e-23	6.56e-19	3.29e-15	6.52e-12	8.03e-09	3.31e-05	1.14e-02	9.89e-01
 9.17601e+22	0.00e+00	0.00e+00	4.69e-28	4.08e-23	8.08e-19	3.92e-15	7.50e-12	8.93e-09	3.55e-05	1.18e-02	9.88e-01
 9.25181e+22	0.00e+00	0.00e+00	6.38e-28	5.34e-23	1.02e-18	4.76e-15	8.77e-12	1.00e-08	3.84e-05	1.23e-02	9.88e-01
 9.33424e+22	0.00e+00	1.49e-33	8.73e-28	7.03e-23	1.29e-18	5.79e-15	1.03e-11	1.13e-08	4.16e-05	1.28e-02	9.87e-01
 9.41009e+22	0.00e+00	2.07e-33	1.17e-27	9.09e-23	1.61e-18	6.96e-15	1.19e-11	1.27e-08	4.48e-05	1.33e-02	9.87e-01
 9.49350e+22	0.00e+00	3.06e-33	1.65e-27	1.23e-22	2.09e-18	8.66e-15	1.42e-11	1.45e-08	4.90e-05	1.39e-02	9.86e-01
 9.57798e+22	0.00e+00	4.38e-33	2.28e-27	1.63e-22	2.66e-18	1.06e-14	1.67e-11	1.63e-08	5.31e-05	1.44e-02	9.86e-01
 9.64805e+22	0.00e+00	5.94e-33	2.99e-27	2.07e-22	3.26e-18	1.26e-14	1.92e-11	1.81e-08	5.69e-05	1.49e-02	9.85e-01
 9.72333e+22	0.00e+00	8.43e-33	4.08e-27	2.72e-22	4.13e-18	1.53e-14	2.25e-11	2.04e-08	6.17e-05	1.56e-02	9.84e-01
 9.80475e+22	0.00e+00	1.19e-32	5.55e-27	3.57e-22	5.21e-18	1.86e-14	2.63e-11	2.30e-08	6.67e-05	1.62e-02	9.84e-01
 9.87501e+22	0.00e+00	1.60e-32	7.20e-27	4.48e-22	6.33e-18	2.19e-14	3.00e-11	2.54e-08	7.13e-05	1.67e-02	9.83e-01
 9.93732e+22	0.00e+00	2.11e-32	9.25e-27	5.58e-22	7.65e-18	2.57e-14	3.41e-11	2.80e-08	7.60e-05	1.72e-02	9.83e-01
 1.00084e+23	0.00e+00	2.92e-32	1.23e-26	7.18e-22	9.51e-18	3.08e-14	3.94e-11	3.13e-08	8.18e-05	1.79e-02	9.82e-01
 1.00846e+23	0.00e+00	4.04e-32	1.65e-26	9.25e-22	1.18e-17	3.69e-14	4.57e-11	3.49e-08	8.81e-05	1.86e-02	9.81e-01
 1.01533e+23	0.00e+00	5.45e-32	2.15e-26	1.17e-21	1.45e-17	4.37e-14	5.23e-11	3.87e-08	9.43e-05	1.92e-02	9.81e-01
 1.02186e+23	0.00e+00	7.29e-32	2.79e-26	1.47e-21	1.76e-17	5.15e-14	5.97e-11	4.27e-08	1.01e-04	1.98e-02	9.80e-01
 1.02936e+23	0.00e+00	1.03e-31	3.78e-26	1.92e-21	2.21e-17	6.24e-14	6.97e-11	4.81e-08	1.09e-04	2.06e-02	9.79e-01
 1.03708e+23	0.00e+00	1.43e-31	5.07e-26	2.48e-21	2.76e-17	7.51e-14	8.09e-11	5.37e-08	1.17e-04	2.14e-02	9.78e-01
 1.04360e+23	0.00e+00	1.89e-31	6.53e-26	3.10e-21	3.34e-17	8.81e-14	9.19e-11	5.92e-08	1.25e-04	2.21e-02	9.78e-01
 1.05061e+23	0.00e+00	2.62e-31	8.72e-26	3.99e-21	4.16e-17	1.06e-13	1.07e-10	6.62e-08	1.35e-04	2.29e-02	9.77e-01
 1.05812e+23	0.00e+00	3.64e-31	1.17e-25	5.16e-21	5.18e-17	1.27e-13	1.24e-10	7.40e-08	1.45e-04	2.38e-02	9.76e-01
 1.06491e+23	0.00e+00	4.85e-31	1.51e-25	6.46e-21	6.28e-17	1.49e-13	1.41e-10	8.17e-08	1.55e-04	2.46e-02	9.75e-01
 1.07122e+23	0.00e+00	6.41e-31	1.93e-25	8.04e-21	7.58e-17	1.75e-13	1.60e-10	8.99e-08	1.65e-04	2.53e-02	9.74e-01
 1.07733e+23	0.00e+00	8.34e-31	2.44e-25	9.87e-21	9.05e-17	2.03e-13	1.80e-10	9.84e-08	1.76e-04	2.61e-02	9.74e-01
 1.08435e+23	0.00e+00	1.15e-30	3.25e-25	1.27e-20	1.12e-16	2.43e-13	2.08e-10	1.10e-07	1.89e-04	2.71e-02	9.73e-01
 1.09180e+23	0.00e+00	1.58e-30	4.32e-25	1.63e-20	1.39e-16	2.91e-13	2.41e-10	1.22e-07	2.03e-04	2.81e-02	9.72e-01
 1.09843e+23	0.00e+00	2.13e-30	5.62e-25	2.05e-20	1.70e-16	3.43e-13	2.75e-10	1.35e-07	2.17e-04	2.90e-02	9.71e-01
 1.10569e+23	0.00e+00	2.97e-30	7.58e-25	2.67e-20	2.13e-16	4.15e-13	3.21e-10	1.52e-07	2.35e-04	3.01e-02	9.70e-01
 1.11315e+23	0.00e+00	4.11e-30	1.01e-24	3.43e-20	2.64e-16	4.97e-13	3.71e-10	1.70e-07	2.53e-04	3.12e-02	9.69e-01
 1.11937e+23	0.00e+00	5.38e-30	1.28e-24	4.23e-20	3.17e-16	5.79e-13	4.19e-10	1.86e-07	2.69e-04	3.22e-02	9.68e-01
 1.12597e+23	0.00e+00	7.33e-30	1.69e-24	5.40e-20	3.90e-16	6.90e-13	4.83e-10	2.07e-07	2.89e-04	3.33e-02	9.66e-01
 1.13309e+23	0.00e+00	1.00e-29	2.23e-24	6.88e-20	4.81e-16	8.21e-13	5.55e-10	2.30e-07	3.10e-04	3.45e-02	9.65e-01
 1.13963e+23	0.00e+00	1.33e-29	2.88e-24	8.60e-20	5.83e-16	9.65e-13	6.32e-10	2.54e-07	3.30e-04	3.56e-02	9.64e-01
 1.14689e+23	0.00e+00	1.88e-29	3.91e-24	1.12e-19	7.33e-16	1.17e-12	7.39e-10	2.85e-07	3.57e-04	3.70e-02	9.63e-01
 1.15453e+23	0.00e+00	2.67e-29	5.35e-24	1.48e-19	9.29e-16	1.43e-12	8.65e-10	3.21e-07	3.87e-04	3.85e-02	9.61e-01
 1.16085e+23	0.00e+00	3.45e-29	6.72e-24	1.81e-19	1.10e-15	1.65e-12	9.73e-10	3.51e-07	4.10e-04	3.96e-02	9.60e-01
 1.16723e+23	0.00e+00	4.74e-29	8.91e-24	2.32e-19	1.37e-15	1.97e-12	1.12e-09	3.91e-07	4.41e-04	4.10e-02	9.59e-01
 1.17410e+23	0.00e+00	6.40e-29	1.16e-23	2.93e-19	1.67e-15	2.33e-12	1.28e-09	4.33e-07	4.72e-04	4.24e-02	9.57e-01
 1.18055e+23	0.00e+00	8.61e-29	1.51e-23	3.69e-19	2.04e-15	2.75e-12	1.47e-09	4.78e-07	5.04e-04	4.38e-02	9.56e-01
 1.18787e+23	0.00e+00	1.23e-28	2.08e-23	4.86e-19	2.58e-15	3.36e-12	1.72e-09	5.39e-07	5.46e-04	4.56e-02	9.54e-01
 1.19521e+23	0.00e+00	1.71e-28	2.79e-23	6.30e-19	3.23e-15	4.05e-12	2.00e-09	6.03e-07	5.89e-04	4.73e-02	9.52e-01
 1.20109e+23	0.00e+00	2.25e-28	3.56e-23	7.80e-19	3.88e-15	4.72e-12	2.26e-09	6.61e-07	6.26e-04	4.87e-02	9.51e-01
 1.20726e+23	0.00e+00	3.06e-28	4.68e-23	9.91e-19	4.77e-15	5.61e-12	2.60e-09	7.33e-07	6.70e-04	5.04e-02	9.49e-01
 1.21401e+23	0.00e+00	4.19e-28	6.17e-23	1.26e-18	5.87e-15	6.68e-12	2.99e-09	8.14e-07	7.19e-04	5.21e-02	9.47e-01
 1.22038e+23	0.00e+00	5.69e-28	8.10e-23	1.60e-18	7.20e-15	7.92e-12	3.42e-09	9.01e-07	7.69e-04	5.38e-02	9.45e-01
 1.22656e+23	3.65e-34	7.70e-28	1.06e-22	2.03e-18	8.82e-15	9.38e-12	3.92e-09	9.97e-07	8.22e-04	5.56e-02	9.44e-01
 1.23362e+23	5.66e-34	1.14e-27	1.50e-22	2.75e-18	1.14e-14	1.17e-11	4.66e-09	1.13e-06	8.96e-04	5.80e-02	9.41e-01
 1.24049e+23	7.86e-34	1.53e-27	1.95e-22	3.45e-18	1.39e-14	1.38e-11	5.32e-09	1.25e-06	9.57e-04	5.98e-02	9.39e-01
 1.24615e+23	1.09e-33	2.04e-27	2.52e-22	4.32e-18	1.69e-14	1.62e-11	6.04e-09	1.38e-06	1.02e-03	6.17e-02	9.37e-01
 1.25256e+23	1.63e-33	2.94e-27	3.48e-22	5.74e-18	2.15e-14	1.98e-11	7.10e-09	1.55e-06	1.10e-03	6.41e-02	9.35e-01
 1.25915e+23	2.29e-33	3.98e-27	4.55e-22	7.26e-18	2.64e-14	2.34e-11	8.12e-09	1.71e-06	1.18e-03	6.62e-02	9.33e-01
 1.26597e+23	3.61e-33	6.00e-27	6.54e-22	9.96e-18	3.46e-14	2.94e-11	9.72e-09	1.96e-06	1.29e-03	6.91e-02	9.30e-01
 1.27245e+23	4.95e-33	7.95e-27	8.40e-22	1.24e-17	4.17e-14	3.44e-11	1.10e-08	2.15e-06	1.37e-03	7.11e-02	9.28e-01
 1.27849e+23	7.37e-33	1.14e-26	1.15e-21	1.63e-17	5.29e-14	4.19e-11	1.29e-08	2.41e-06	1.48e-03	7.38e-02	9.25e-01
 1.28471e+23	1.06e-32	1.57e-26	1.53e-21	2.10e-17	6.56e-14	5.01e-11	1.48e-08	2.67e-06	1.58e-03	7.63e-02	9.22e-01
 1.29013e+23	1.44e-32	2.07e-26	1.96e-21	2.60e-17	7.87e-14	5.83e-11	1.67e-08	2.92e-06	1.68e-03	7.84e-02	9.20e-01
 1.29615e+23	2.17e-32	2.98e-26	2.71e-21	3.45e-17	1.00e-13	7.15e-11	1.97e-08	3.29e-06	1.82e-03	8.14e-02	9.17e-01
 1.30239e+23	3.14e-32	4.16e-26	3.64e-21	4.46e-17	1.25e-13	8.58e-11	2.27e-08	3.66e-06	1.95e-03	8.42e-02	9.14e-01
 1.30774e+23	4.33e-32	5.55e-26	4.69e-21	5.57e-17	1.51e-13	1.01e-10	2.58e-08	4.01e-06	2.07e-03	8.66e-02	9.11e-01
 1.31354e+23	6.48e-32	7.96e-26	6.45e-21	7.36e-17	1.92e-13	1.23e-10	3.01e-08	4.50e-06	2.23e-03	8.98e-02	9.08e-01
 1.31952e+23	9.25e-32	1.09e-25	8.55e-21	9.41e-17	2.37e-13	1.46e-10	3.46e-08	4.98e-06	2.38e-03	9.27e-02	9.05e-01
 1.32480e+23	1.31e-31	1.49e-25	1.12e-20	1.20e-16	2.92e-13	1.74e-10	3.96e-08	5.50e-06	2.54e-03	9.55e-02	9.02e-01
 1.33073e+23	2.02e-31	2.20e-25	1.59e-20	1.61e-16	3.77e-13	2.15e-10	4.68e-08	6.21e-06	2.75e-03	9.92e-02	8.98e-01
 1.33675e+23	2.88e-31	3.02e-25	2.10e-20	2.06e-16	4.65e-13	2.56e-10	5.37e-08	6.87e-06	2.94e-03	1.02e-01	8.95e-01
 1.34188e+23	4.04e-31	4.09e-25	2.74e-20	2.60e-16	5.68e-13	3.02e-10	6.12e-08	7.56e-06	3.13e-03	1.05e-01	8.91e-01
 1.34754e+23	6.09e-31	5.91e-25	3.80e-20	3.46e-16	7.25e-13	3.70e-10	7.17e-08	8.49e-06	3.38e-03	1.09e-01	8.87e-01
 1.35340e+23	8.77e-31	8.18e-25	5.07e-20	4.45e-16	9.00e-13	4.43e-10	8.26e-08	9.41e-06	3.61e-03	1.13e-01	8.84e-01
 1.35861e+23	1.25e-30	1.13e-24	6.73e-20	5.70e-16	1.11e-12	5.28e-10	9.48e-08	1.04e-05	3.85e-03	1.16e-01	8.80e-01
 1.36364e+23	1.76e-30	1.53e-24	8.80e-20	7.20e-16	1.36e-12	6.24e-10	1.08e-07	1.14e-05	4.10e-03	1.19e-01	8.76e-01
 1.36935e+23	2.70e-30	2.24e-24	1.24e-19	9.68e-16	1.75e-12	7.70e-10	1.27e-07	1.29e-05	4.43e-03	1.24e-01	8.72e-01
 1.37519e+23	3.96e-30	3.15e-24	1.67e-19	1.26e-15	2.19e-12	9.29e-10	1.48e-07	1.43e-05	4.74e-03	1.28e-01	8.67e-01
 1.38029e+23	5.69e-30	4.36e-24	2.22e-19	1.62e-15	2.72e-12	1.11e-09	1.70e-07	1.59e-05	5.06e-03	1.32e-01	8.63e-01
 1.38598e+23	8.75e-30	6.41e-24	3.13e-19	2.18e-15	3.51e-12	1.37e-09	2.00e-07	1.79e-05	5.47e-03	1.36e-01	8.58e-01
 1.39180e+23	1.29e-29	9.04e-24	4.24e-19	2.84e-15	4.40e-12	1.66e-09	2.32e-07	1.99e-05	5.85e-03	1.41e-01	8.53e-01
 1.39686e+23	1.84e-29	1.25e-23	5.63e-19	3.63e-15	5.44e-12	1.97e-09	2.66e-07	2.20e-05	6.24e-03	1.45e-01	8.49e-01
 1.40253e+23	2.87e-29	1.86e-23	8.00e-19	4.94e-15	7.08e-12	2.46e-09	3.15e-07	2.48e-05	6.75e-03	1.50e-01	8.43e-01
 1.40844e+23	4.32e-29	2.68e-23	1.11e-18	6.55e-15	9.01e-12	3.00e-09	3.68e-07	2.78e-05	7.25e-03	1.55e-01	8.38e-01
 1.41352e+23	6.14e-29	3.66e-23	1.46e-18	8.33e-15	1.11e-11	3.56e-09	4.21e-07	3.06e-05	7.71e-03	1.59e-01	8.33e-01
 1.41899e+23	9.60e-29	5.47e-23	2.08e-18	1.13e-14	1.44e-11	4.43e-09	4.99e-07	3.46e-05	8.33e-03	1.65e-01	8.27e-01
 1.42450e+23	1.40e-28	7.65e-23	2.80e-18	1.47e-14	1.80e-11	5.33e-09	5.76e-07	3.83e-05	8.89e-03	1.70e-01	8.21e-01
 1.42924e+23	1.96e-28	1.04e-22	3.66e-18	1.86e-14	2.20e-11	6.29e-09	6.55e-07	4.20e-05	9.43e-03	1.74e-01	8.16e-01
 1.43370e+23	2.76e-28	1.41e-22	4.78e-18	2.34e-14	2.69e-11	7.42e-09	7.44e-07	4.60e-05	9.99e-03	1.79e-01	8.11e-01
 1.43783e+23	3.76e-28	1.86e-22	6.12e-18	2.90e-14	3.23e-11	8.63e-09	8.37e-07	5.01e-05	1.05e-02	1.83e-01	8.06e-01
 1.44162e+23	5.06e-28	2.42e-22	7.72e-18	3.56e-14	3.84e-11	9.97e-09	9.36e-07	5.42e-05	1.11e-02	1.87e-01	8.02e-01
 1.44510e+23	6.48e-28	3.02e-22	9.40e-18	4.22e-14	4.45e-11	1.13e-08	1.03e-06	5.80e-05	1.16e-02	1.91e-01	7.98e-01
 1.44900e+23	9.06e-28	4.08e-22	1.22e-17	5.32e-14	5.42e-11	1.32e-08	1.17e-06	6.34e-05	1.22e-02	1.96e-01	7.92e-01
 1.45288e+23	1.20e-27	5.26e-22	1.53e-17	6.46e-14	6.40e-11	1.52e-08	1.30e-06	6.84e-05	1.28e-02	2.00e-01	7.87e-01
 1.45612e+23	1.57e-27	6.67e-22	1.89e-17	7.75e-14	7.48e-11	1.73e-08	1.43e-06	7.34e-05	1.34e-02	2.03e-01	7.83e-01
 1.45970e+23	2.18e-27	8.94e-22	2.45e-17	9.70e-14	9.06e-11	2.03e-08	1.62e-06	8.01e-05	1.41e-02	2.08e-01	7.78e-01
 1.46338e+23	2.84e-27	1.13e-21	3.02e-17	1.16e-13	1.06e-10	2.30e-08	1.79e-06	8.59e-05	1.48e-02	2.12e-01	7.73e-01
 1.46655e+23	3.69e-27	1.43e-21	3.71e-17	1.39e-13	1.23e-10	2.62e-08	1.97e-06	9.21e-05	1.54e-02	2.16e-01	7.68e-01
 1.46954e+23	4.74e-27	1.79e-21	4.52e-17	1.65e-13	1.43e-10	2.95e-08	2.16e-06	9.84e-05	1.61e-02	2.20e-01	7.64e-01
 1.47292e+23	6.48e-27	2.37e-21	5.78e-17	2.05e-13	1.72e-10	3.43e-08	2.43e-06	1.07e-04	1.69e-02	2.25e-01	7.58e-01
 1.47638e+23	8.37e-27	2.98e-21	7.07e-17	2.44e-13	1.99e-10	3.89e-08	2.67e-06	1.14e-04	1.77e-02	2.29e-01	7.53e-01
 1.47995e+23	1.19e-26	4.09e-21	9.34e-17	3.11e-13	2.45e-10	4.61e-08	3.05e-06	1.25e-04	1.87e-02	2.34e-01	7.47e-01
 1.48343e+23	1.54e-26	5.14e-21	1.14e-16	3.71e-13	2.85e-10	5.21e-08	3.35e-06	1.34e-04	1.95e-02	2.38e-01	7.42e-01
 1.48626e+23	1.99e-26	6.47e-21	1.40e-16	4.41e-13	3.30e-10	5.89e-08	3.68e-06	1.43e-04	2.03e-02	2.42e-01	7.37e-01
 1.48891e+23	2.52e-26	8.00e-21	1.69e-16	5.19e-13	3.80e-10	6.61e-08	4.02e-06	1.52e-04	2.11e-02	2.46e-01	7.33e-01
 1.49189e+23	3.38e-26	1.04e-20	2.13e-16	6.35e-13	4.51e-10	7.61e-08	4.48e-06	1.64e-04	2.21e-02	2.51e-01	7.27e-01
 1.49497e+23	4.43e-26	1.33e-20	2.63e-16	7.63e-13	5.27e-10	8.66e-08	4.94e-06	1.76e-04	2.30e-02	2.55e-01	7.21e-01
 1.49766e+23	5.59e-26	1.63e-20	3.16e-16	8.95e-13	6.04e-10	9.68e-08	5.38e-06	1.87e-04	2.39e-02	2.59e-01	7.17e-01
 1.50064e+23	7.79e-26	2.20e-20	4.10e-16	1.12e-12	7.32e-10	1.13e-07	6.07e-06	2.03e-04	2.52e-02	2.65e-01	7.10e-01
 1.50363e+23	1.00e-25	2.76e-20	5.00e-16	1.33e-12	8.48e-10	1.28e-07	6.66e-06	2.17e-04	2.62e-02	2.69e-01	7.05e-01
 1.50662e+23	1.40e-25	3.71e-20	6.49e-16	1.67e-12	1.03e-09	1.50e-07	7.52e-06	2.36e-04	2.75e-02	2.74e-01	6.98e-01
 1.50966e+23	1.83e-25	4.72e-20	8.03e-16	2.01e-12	1.20e-09	1.71e-07	8.30e-06	2.53e-04	2.87e-02	2.79e-01	6.92e-01
 1.51227e+23	2.34e-25	5.89e-20	9.74e-16	2.37e-12	1.39e-09	1.92e-07	9.07e-06	2.69e-04	2.98e-02	2.83e-01	6.87e-01
 1.51516e+23	3.34e-25	8.10e-20	1.29e-15	3.02e-12	1.70e-09	2.27e-07	1.03e-05	2.94e-04	3.15e-02	2.89e-01	6.79e-01
 1.51800e+23	4.24e-25	1.00e-19	1.56e-15	3.55e-12	1.96e-09	2.55e-07	1.13e-05	3.12e-04	3.27e-02	2.93e-01	6.74e-01
 1.52077e+23	5.99e-25	1.36e-19	2.04e-15	4.49e-12	2.39e-09	3.00e-07	1.28e-05	3.40e-04	3.44e-02	2.99e-01	6.66e-01
 1.52350e+23	7.55e-25	1.68e-19	2.45e-15	5.26e-12	2.73e-09	3.35e-07	1.39e-05	3.61e-04	3.57e-02	3.03e-01	6.61e-01
 1.52617e+23	1.07e-24	2.29e-19	3.21e-15	6.65e-12	3.34e-09	3.95e-07	1.57e-05	3.93e-04	3.75e-02	3.09e-01	6.53e-01
 1.52882e+23	1.36e-24	2.84e-19	3.87e-15	7.82e-12	3.83e-09	4.43e-07	1.72e-05	4.18e-04	3.89e-02	3.13e-01	6.47e-01
 1.53146e+23	1.92e-24	3.88e-19	5.09e-15	9.90e-12	4.68e-09	5.22e-07	1.95e-05	4.56e-04	4.10e-02	3.20e-01	6.39e-01
 1.53412e+23	2.48e-24	4.87e-19	6.21e-15	1.18e-11	5.42e-09	5.89e-07	2.13e-05	4.86e-04	4.26e-02	3.24e-01	6.33e-01
 1.53681e+23	3.56e-24	6.73e-19	8.24e-15	1.50e-11	6.67e-09	6.99e-07	2.43e-05	5.31e-04	4.49e-02	3.30e-01	6.24e-01
 1.53951e+23	4.63e-24	8.52e-19	1.01e-14	1.79e-11	7.77e-09	7.93e-07	2.68e-05	5.67e-04	4.67e-02	3.35e-01	6.18e-01
 1.54224e+23	6.61e-24	1.17e-18	1.34e-14	2.28e-11	9.54e-09	9.40e-07	3.05e-05	6.20e-04	4.93e-02	3.41e-01	6.09e-01
 1.54495e+23	8.64e-24	1.49e-18	1.65e-14	2.73e-11	1.11e-08	1.07e-06	3.36e-05	6.63e-04	5.13e-02	3.46e-01	6.02e-01
 1.54763e+23	1.23e-23	2.05e-18	2.19e-14	3.48e-11	1.37e-08	1.27e-06	3.83e-05	7.25e-04	5.41e-02	3.53e-01	5.93e-01
 1.55034e+23	1.63e-23	2.64e-18	2.73e-14	4.20e-11	1.61e-08	1.45e-06	4.24e-05	7.78e-04	5.64e-02	3.58e-01	5.85e-01
 1.55310e+23	2.36e-23	3.67e-18	3.64e-14	5.39e-11	1.99e-08	1.73e-06	4.86e-05	8.53e-04	5.95e-02	3.64e-01	5.75e-01
 1.55590e+23	3.15e-23	4.75e-18	4.57e-14	6.56e-11	2.35e-08	1.99e-06	5.40e-05	9.18e-04	6.21e-02	3.69e-01	5.67e-01
 1.55875e+23	4.60e-23	6.67e-18	6.15e-14	8.47e-11	2.93e-08	2.38e-06	6.22e-05	1.01e-03	6.57e-02	3.76e-01	5.57e-01
 1.56161e+23	6.14e-23	8.64e-18	7.72e-14	1.03e-10	3.46e-08	2.74e-06	6.92e-05	1.09e-03	6.86e-02	3.81e-01	5.49e-01
 1.56407e+23	8.13e-23	1.11e-17	9.62e-14	1.25e-10	4.08e-08	3.14e-06	7.68e-05	1.17e-03	7.15e-02	3.87e-01	5.41e-01
 1.56686e+23	1.17e-22	1.55e-17	1.28e-13	1.60e-10	5.05e-08	3.75e-06	8.82e-05	1.28e-03	7.55e-02	3.93e-01	5.30e-01
 1.56964e+23	1.53e-22	1.96e-17	1.58e-13	1.91e-10	5.89e-08	4.27e-06	9.75e-05	1.37e-03	7.86e-02	3.98e-01	5.22e-01
 1.57242e+23	2.18e-22	2.70e-17	2.10e-13	2.44e-10	7.26e-08	5.08e-06	1.12e-04	1.51e-03	8.28e-02	4.04e-01	5.11e-01
 1.57523e+23	2.83e-22	3.41e-17	2.57e-13	2.91e-10	8.46e-08	5.78e-06	1.23e-04	1.61e-03	8.61e-02	4.09e-01	5.03e-01
 1.57808e+23	4.03e-22	4.69e-17	3.40e-13	3.71e-10	1.04e-07	6.88e-06	1.41e-04	1.77e-03	9.08e-02	4.15e-01	4.92e-01
 1.58097e+23	5.23e-22	5.92e-17	4.18e-13	4.43e-10	1.21e-07	7.83e-06	1.56e-04	1.89e-03	9.44e-02	4.19e-01	4.84e-01
 1.58393e+23	7.34e-22	8.04e-17	5.47e-13	5.59e-10	1.49e-07	9.28e-06	1.78e-04	2.07e-03	9.94e-02	4.25e-01	4.73e-01
 1.58699e+23	9.68e-22	1.03e-16	6.82e-13	6.76e-10	1.75e-07	1.07e-05	1.98e-04	2.23e-03	1.04e-01	4.30e-01	4.64e-01
 1.59018e+23	1.37e-21	1.41e-16	9.00e-13	8.60e-10	2.16e-07	1.27e-05	2.27e-04	2.44e-03	1.09e-01	4.35e-01	4.53e-01
 1.59344e+23	1.81e-21	1.81e-16	1.12e-12	1.04e-09	2.54e-07	1.46e-05	2.53e-04	2.63e-03	1.14e-01	4.40e-01	4.43e-01
 1.59634e+23	2.35e-21	2.30e-16	1.38e-12	1.25e-09	2.98e-07	1.67e-05	2.81e-04	2.82e-03	1.18e-01	4.44e-01	4.34e-01
 1.59965e+23	3.29e-21	3.11e-16	1.81e-12	1.57e-09	3.64e-07	1.98e-05	3.21e-04	3.09e-03	1.25e-01	4.49e-01	4.23e-01
 1.60302e+23	4.27e-21	3.94e-16	2.23e-12	1.88e-09	4.26e-07	2.26e-05	3.56e-04	3.32e-03	1.29e-01	4.53e-01	4.14e-01
 1.60645e+23	5.92e-21	5.30e-16	2.89e-12	2.37e-09	5.20e-07	2.67e-05	4.06e-04	3.63e-03	1.36e-01	4.57e-01	4.02e-01
 1.60978e+23	7.45e-21	6.52e-16	3.48e-12	2.78e-09	5.97e-07	3.00e-05	4.46e-04	3.86e-03	1.41e-01	4.61e-01	3.94e-01
 1.61298e+23	1.00e-20	8.52e-16	4.41e-12	3.42e-09	7.15e-07	3.50e-05	5.02e-04	4.18e-03	1.47e-01	4.64e-01	3.84e-01
 1.61624e+23	1.25e-20	1.04e-15	5.29e-12	3.99e-09	8.20e-07	3.93e-05	5.50e-04	4.45e-03	1.52e-01	4.67e-01	3.76e-01
 1.61958e+23	1.69e-20	1.37e-15	6.72e-12	4.92e-09	9.84e-07	4.58e-05	6.21e-04	4.83e-03	1.59e-01	4.71e-01	3.65e-01
 1.62297e+23	2.10e-20	1.67e-15	8.02e-12	5.74e-09	1.12e-06	5.13e-05	6.78e-04	5.13e-03	1.64e-01	4.73e-01	3.57e-01
 1.62642e+23	2.82e-20	2.18e-15	1.02e-11	7.06e-09	1.35e-06	5.98e-05	7.65e-04	5.56e-03	1.72e-01	4.76e-01	3.46e-01
 1.62981e+23	3.44e-20	2.61e-15	1.20e-11	8.13e-09	1.52e-06	6.63e-05	8.30e-04	5.87e-03	1.77e-01	4.78e-01	3.39e-01
 1.63313e+23	4.51e-20	3.34e-15	1.49e-11	9.84e-09	1.80e-06	7.64e-05	9.28e-04	6.33e-03	1.84e-01	4.80e-01	3.29e-01
 1.63651e+23	5.53e-20	4.02e-15	1.75e-11	1.14e-08	2.04e-06	8.49e-05	1.01e-03	6.70e-03	1.89e-01	4.81e-01	3.22e-01
 1.63998e+23	7.24e-20	5.14e-15	2.19e-11	1.37e-08	2.41e-06	9.79e-05	1.13e-03	7.22e-03	1.97e-01	4.83e-01	3.12e-01
 1.64352e+23	8.90e-20	6.20e-15	2.58e-11	1.59e-08	2.74e-06	1.09e-04	1.22e-03	7.63e-03	2.03e-01	4.84e-01	3.04e-01
 1.64714e+23	1.17e-19	7.93e-15	3.22e-11	1.93e-08	3.24e-06	1.26e-04	1.37e-03	8.23e-03	2.11e-01	4.85e-01	2.94e-01
 1.65083e+23	1.43e-19	9.57e-15	3.81e-11	2.23e-08	3.67e-06	1.40e-04	1.49e-03	8.71e-03	2.17e-01	4.86e-01	2.87e-01
 1.65460e+23	1.88e-19	1.22e-14	4.74e-11	2.70e-08	4.35e-06	1.61e-04	1.67e-03	9.38e-03	2.25e-01	4.87e-01	2.77e-01
 1.65844e+23	2.31e-19	1.48e-14	5.61e-11	3.13e-08	4.94e-06	1.80e-04	1.81e-03	9.93e-03	2.32e-01	4.87e-01	2.70e-01
 1.66238e+23	3.02e-19	1.89e-14	7.00e-11	3.80e-08	5.85e-06	2.07e-04	2.03e-03	1.07e-02	2.40e-01	4.87e-01	2.60e-01
 1.66623e+23	3.64e-19	2.24e-14	8.14e-11	4.33e-08	6.55e-06	2.28e-04	2.18e-03	1.12e-02	2.46e-01	4.87e-01	2.53e-01
 1.66996e+23	4.68e-19	2.82e-14	1.00e-10	5.18e-08	7.67e-06	2.60e-04	2.42e-03	1.21e-02	2.55e-01	4.86e-01	2.44e-01
 1.67375e+23	5.64e-19	3.34e-14	1.16e-10	5.91e-08	8.60e-06	2.86e-04	2.61e-03	1.27e-02	2.61e-01	4.85e-01	2.38e-01
 1.67762e+23	7.21e-19	4.18e-14	1.42e-10	7.05e-08	1.00e-05	3.26e-04	2.89e-03	1.35e-02	2.70e-01	4.84e-01	2.29e-01
 1.68161e+23	8.81e-19	5.02e-14	1.68e-10	8.14e-08	1.14e-05	3.62e-04	3.13e-03	1.43e-02	2.77e-01	4.83e-01	2.22e-01
 1.68575e+23	1.13e-18	6.31e-14	2.06e-10	9.72e-08	1.33e-05	4.12e-04	3.46e-03	1.53e-02	2.86e-01	4.81e-01	2.14e-01
 1.69004e+23	1.40e-18	7.65e-14	2.45e-10	1.13e-07	1.51e-05	4.60e-04	3.77e-03	1.61e-02	2.93e-01	4.79e-01	2.07e-01
 1.69450e+23	1.81e-18	9.70e-14	3.03e-10	1.36e-07	1.77e-05	5.25e-04	4.18e-03	1.73e-02	3.03e-01	4.77e-01	1.98e-01
 1.69909e+23	2.25e-18	1.18e-13	3.62e-10	1.59e-07	2.03e-05	5.88e-04	4.56e-03	1.83e-02	3.11e-01	4.74e-01	1.91e-01
 1.70384e+23	2.94e-18	1.51e-13	4.50e-10	1.92e-07	2.39e-05	6.74e-04	5.07e-03	1.96e-02	3.21e-01	4.71e-01	1.83e-01
 1.70874e+23	3.70e-18	1.86e-13	5.42e-10	2.26e-07	2.75e-05	7.57e-04	5.54e-03	2.08e-02	3.29e-01	4.68e-01	1.76e-01
 1.71386e+23	4.89e-18	2.40e-13	6.82e-10	2.76e-07	3.26e-05	8.74e-04	6.18e-03	2.23e-02	3.40e-01	4.63e-01	1.67e-01
 1.71910e+23	6.19e-18	2.98e-13	8.26e-10	3.26e-07	3.77e-05	9.84e-04	6.78e-03	2.37e-02	3.49e-01	4.59e-01	1.60e-01
 1.72380e+23	7.74e-18	3.65e-13	9.91e-10	3.81e-07	4.32e-05	1.10e-03	7.38e-03	2.50e-02	3.57e-01	4.55e-01	1.54e-01
 1.72919e+23	1.04e-17	4.77e-13	1.26e-09	4.70e-07	5.17e-05	1.28e-03	8.28e-03	2.69e-02	3.68e-01	4.50e-01	1.45e-01
 1.73462e+23	1.30e-17	5.85e-13	1.51e-09	5.50e-07	5.92e-05	1.43e-03	9.01e-03	2.84e-02	3.77e-01	4.45e-01	1.39e-01
 1.74011e+23	1.73e-17	7.61e-13	1.91e-09	6.76e-07	7.07e-05	1.66e-03	1.01e-02	3.05e-02	3.88e-01	4.38e-01	1.32e-01
 1.74570e+23	2.18e-17	9.42e-13	2.32e-09	7.97e-07	8.15e-05	1.86e-03	1.10e-02	3.23e-02	3.97e-01	4.33e-01	1.25e-01
 1.75145e+23	2.93e-17	1.23e-12	2.95e-09	9.84e-07	9.77e-05	2.16e-03	1.23e-02	3.47e-02	4.08e-01	4.25e-01	1.18e-01
 1.75729e+23	3.71e-17	1.53e-12	3.58e-09	1.16e-06	1.13e-04	2.44e-03	1.35e-02	3.67e-02	4.17e-01	4.19e-01	1.12e-01
 1.76325e+23	4.99e-17	2.01e-12	4.59e-09	1.44e-06	1.36e-04	2.85e-03	1.52e-02	3.96e-02	4.28e-01	4.10e-01	1.04e-01
 1.76888e+23	6.10e-17	2.42e-12	5.41e-09	1.67e-06	1.54e-04	3.16e-03	1.64e-02	4.15e-02	4.36e-01	4.04e-01	9.94e-02
 1.77409e+23	7.86e-17	3.06e-12	6.69e-09	2.01e-06	1.81e-04	3.61e-03	1.82e-02	4.43e-02	4.46e-01	3.95e-01	9.31e-02
 1.77934e+23	9.57e-17	3.67e-12	7.87e-09	2.31e-06	2.04e-04	4.00e-03	1.96e-02	4.64e-02	4.53e-01	3.88e-01	8.87e-02
 1.78464e+23	1.23e-16	4.62e-12	9.73e-09	2.78e-06	2.41e-04	4.58e-03	2.18e-02	4.95e-02	4.62e-01	3.79e-01	8.27e-02
 1.79000e+23	1.49e-16	5.54e-12	1.15e-08	3.21e-06	2.72e-04	5.08e-03	2.36e-02	5.19e-02	4.69e-01	3.71e-01	7.83e-02
 1.79541e+23	1.90e-16	6.96e-12	1.41e-08	3.86e-06	3.20e-04	5.82e-03	2.62e-02	5.53e-02	4.78e-01	3.61e-01	7.27e-02
 1.80091e+23	2.30e-16	8.33e-12	1.66e-08	4.46e-06	3.63e-04	6.47e-03	2.83e-02	5.81e-02	4.85e-01	3.53e-01	6.86e-02
 1.80650e+23	2.92e-16	1.04e-11	2.05e-08	5.37e-06	4.28e-04	7.43e-03	3.15e-02	6.20e-02	4.94e-01	3.42e-01	6.32e-02
 1.81217e+23	3.52e-16	1.25e-11	2.41e-08	6.20e-06	4.86e-04	8.26e-03	3.41e-02	6.51e-02	5.00e-01	3.33e-01	5.93e-02
 1.81794e+23	4.44e-16	1.55e-11	2.97e-08	7.44e-06	5.72e-04	9.49e-03	3.79e-02	6.94e-02	5.07e-01	3.21e-01	5.43e-02
 1.82384e+23	5.31e-16	1.85e-11	3.49e-08	8.61e-06	6.52e-04	1.06e-02	4.12e-02	7.30e-02	5.13e-01	3.11e-01	5.05e-02
 1.82991e+23	6.62e-16	2.29e-11	4.29e-08	1.04e-05	7.69e-04	1.22e-02	4.59e-02	7.79e-02	5.19e-01	2.98e-01	4.58e-02
 1.83609e+23	7.85e-16	2.71e-11	5.03e-08	1.20e-05	8.77e-04	1.37e-02	5.00e-02	8.20e-02	5.24e-01	2.87e-01	4.22e-02
 1.84221e+23	9.51e-16	3.29e-11	6.07e-08	1.42e-05	1.03e-03	1.56e-02	5.53e-02	8.72e-02	5.28e-01	2.74e-01	3.81e-02
 1.84802e+23	1.09e-15	3.77e-11	6.94e-08	1.60e-05	1.15e-03	1.72e-02	5.95e-02	9.10e-02	5.31e-01	2.65e-01	3.53e-02
 1.85366e+23	1.27e-15	4.44e-11	8.18e-08	1.87e-05	1.32e-03	1.95e-02	6.53e-02	9.63e-02	5.34e-01	2.52e-01	3.19e-02
 1.85940e+23	1.43e-15	5.04e-11	9.30e-08	2.10e-05	1.48e-03	2.14e-02	7.02e-02	1.01e-01	5.35e-01	2.42e-01	2.93e-02
 1.86502e+23	1.63e-15	5.80e-11	1.08e-07	2.41e-05	1.68e-03	2.40e-02	7.65e-02	1.06e-01	5.36e-01	2.30e-01	2.65e-02
 1.87075e+23	1.80e-15	6.51e-11	1.22e-07	2.71e-05	1.88e-03	2.65e-02	8.22e-02	1.11e-01	5.35e-01	2.19e-01	2.41e-02
 1.87634e+23	1.99e-15	7.31e-11	1.38e-07	3.06e-05	2.11e-03	2.93e-02	8.88e-02	1.16e-01	5.34e-01	2.08e-01	2.18e-02
 1.88205e+23	2.16e-15	8.12e-11	1.55e-07	3.43e-05	2.35e-03	3.23e-02	9.53e-02	1.21e-01	5.32e-01	1.98e-01	1.97e-02
 1.88770e+23	2.33e-15	8.97e-11	1.74e-07	3.84e-05	2.63e-03	3.55e-02	1.02e-01	1.26e-01	5.29e-01	1.87e-01	1.78e-02
 1.89339e+23	2.48e-15	9.83e-11	1.94e-07	4.28e-05	2.92e-03	3.89e-02	1.09e-01	1.31e-01	5.25e-01	1.77e-01	1.60e-02
 1.89901e+23	2.62e-15	1.07e-10	2.15e-07	4.76e-05	3.24e-03	4.26e-02	1.16e-01	1.36e-01	5.21e-01	1.67e-01	1.44e-02
 1.90462e+23	2.75e-15	1.16e-10	2.37e-07	5.27e-05	3.58e-03	4.64e-02	1.24e-01	1.41e-01	5.15e-01	1.57e-01	1.29e-02
 1.91024e+23	2.86e-15	1.25e-10	2.61e-07	5.83e-05	3.95e-03	5.05e-02	1.31e-01	1.46e-01	5.09e-01	1.48e-01	1.16e-02
 1.91588e+23	2.96e-15	1.34e-10	2.88e-07	6.44e-05	4.36e-03	5.49e-02	1.39e-01	1.51e-01	5.02e-01	1.39e-01	1.04e-02
 1.92157e+23	3.04e-15	1.43e-10	3.16e-07	7.12e-05	4.80e-03	5.95e-02	1.47e-01	1.55e-01	4.94e-01	1.30e-01	9.26e-03
 1.92730e+23	3.12e-15	1.53e-10	3.48e-07	7.88e-05	5.29e-03	6.45e-02	1.55e-01	1.60e-01	4.85e-01	1.22e-01	8.25e-03
 1.93311e+23	3.19e-15	1.64e-10	3.83e-07	8.72e-05	5.84e-03	6.98e-02	1.63e-01	1.64e-01	4.76e-01	1.14e-01	7.33e-03
 1.93894e+23	3.26e-15	1.75e-10	4.21e-07	9.66e-05	6.43e-03	7.54e-02	1.71e-01	1.69e-01	4.66e-01	1.06e-01	6.51e-03
 1.94487e+23	3.33e-15	1.88e-10	4.66e-07	1.07e-04	7.10e-03	8.14e-02	1.79e-01	1.73e-01	4.55e-01	9.83e-02	5.75e-03
 1.95087e+23	3.40e-15	2.01e-10	5.15e-07	1.19e-04	7.82e-03	8.78e-02	1.87e-01	1.77e-01	4.44e-01	9.13e-02	5.08e-03
 1.95699e+23	3.48e-15	2.17e-10	5.74e-07	1.34e-04	8.66e-03	9.47e-02	1.95e-01	1.81e-01	4.32e-01	8.43e-02	4.46e-03
 1.96269e+23	3.56e-15	2.32e-10	6.29e-07	1.47e-04	9.40e-03	1.01e-01	2.02e-01	1.83e-01	4.22e-01	7.89e-02	4.01e-03
 1.96856e+23	3.65e-15	2.52e-10	7.07e-07	1.66e-04	1.05e-02	1.09e-01	2.10e-01	1.87e-01	4.08e-01	7.23e-02	3.48e-03
 1.97453e+23	3.77e-15	2.71e-10	7.81e-07	1.83e-04	1.14e-02	1.16e-01	2.17e-01	1.89e-01	3.96e-01	6.74e-02	3.11e-03
 1.98063e+23	3.89e-15	2.97e-10	8.88e-07	2.08e-04	1.27e-02	1.25e-01	2.25e-01	1.92e-01	3.81e-01	6.13e-02	2.68e-03
 1.98676e+23	4.08e-15	3.24e-10	9.89e-07	2.31e-04	1.38e-02	1.32e-01	2.31e-01	1.93e-01	3.70e-01	5.70e-02	2.39e-03
 1.99293e+23	4.29e-15	3.61e-10	1.13e-06	2.64e-04	1.54e-02	1.42e-01	2.39e-01	1.95e-01	3.54e-01	5.17e-02	2.05e-03
 1.99914e+23	4.53e-15	3.96e-10	1.27e-06	2.94e-04	1.68e-02	1.50e-01	2.45e-01	1.96e-01	3.42e-01	4.79e-02	1.82e-03
 2.00539e+23	4.84e-15	4.47e-10	1.47e-06	3.37e-04	1.87e-02	1.61e-01	2.52e-01	1.97e-01	3.27e-01	4.33e-02	1.56e-03
 2.01170e+23	5.18e-15	4.95e-10	1.66e-06	3.77e-04	2.04e-02	1.70e-01	2.57e-01	1.97e-01	3.14e-01	3.99e-02	1.38e-03
 2.01808e+23	5.65e-15	5.67e-10	1.94e-06	4.35e-04	2.27e-02	1.82e-01	2.63e-01	1.96e-01	2.98e-01	3.59e-02	1.17e-03
 2.02454e+23	6.14e-15	6.36e-10	2.20e-06	4.87e-04	2.47e-02	1.92e-01	2.67e-01	1.96e-01	2.86e-01	3.29e-02	1.03e-03
 2.03111e+23	6.85e-15	7.40e-10	2.60e-06	5.65e-04	2.76e-02	2.05e-01	2.73e-01	1.94e-01	2.70e-01	2.94e-02	8.73e-04
 2.03779e+23	7.58e-15	8.42e-10	2.98e-06	6.36e-04	3.01e-02	2.16e-01	2.76e-01	1.93e-01	2.57e-01	2.68e-02	7.63e-04
 2.04461e+23	8.67e-15	9.98e-10	3.56e-06	7.41e-04	3.36e-02	2.30e-01	2.80e-01	1.90e-01	2.41e-01	2.37e-02	6.38e-04
 2.05158e+23	9.82e-15	1.15e-09	4.12e-06	8.38e-04	3.67e-02	2.42e-01	2.83e-01	1.88e-01	2.28e-01	2.15e-02	5.53e-04
 2.05873e+23	1.16e-14	1.40e-09	4.99e-06	9.84e-04	4.10e-02	2.57e-01	2.86e-01	1.84e-01	2.12e-01	1.88e-02	4.57e-04
 2.06606e+23	1.34e-14	1.64e-09	5.83e-06	1.12e-03	4.48e-02	2.69e-01	2.87e-01	1.80e-01	2.00e-01	1.69e-02	3.92e-04
 2.07223e+23	1.54e-14	1.89e-09	6.69e-06	1.25e-03	4.84e-02	2.81e-01	2.88e-01	1.77e-01	1.89e-01	1.54e-02	3.42e-04
 2.07888e+23	1.85e-14	2.29e-09	8.01e-06	1.44e-03	5.34e-02	2.95e-01	2.89e-01	1.72e-01	1.75e-01	1.35e-02	2.85e-04
 2.08563e+23	2.15e-14	2.67e-09	9.23e-06	1.62e-03	5.76e-02	3.06e-01	2.89e-01	1.68e-01	1.65e-01	1.22e-02	2.47e-04
 2.09148e+23	2.50e-14	3.10e-09	1.06e-05	1.80e-03	6.18e-02	3.17e-01	2.88e-01	1.64e-01	1.56e-01	1.10e-02	2.15e-04
 2.09805e+23	3.06e-14	3.78e-09	1.27e-05	2.07e-03	6.77e-02	3.31e-01	2.87e-01	1.59e-01	1.44e-01	9.68e-03	1.79e-04
 2.10460e+23	3.59e-14	4.40e-09	1.44e-05	2.29e-03	7.23e-02	3.42e-01	2.85e-01	1.54e-01	1.35e-01	8.77e-03	1.56e-04
 2.11110e+23	4.44e-14	5.36e-09	1.72e-05	2.62e-03	7.88e-02	3.55e-01	2.83e-01	1.48e-01	1.25e-01	7.67e-03	1.30e-04
 2.11769e+23	5.28e-14	6.28e-09	1.97e-05	2.91e-03	8.41e-02	3.65e-01	2.80e-01	1.44e-01	1.17e-01	6.91e-03	1.12e-04
 2.12441e+23	6.63e-14	7.74e-09	2.35e-05	3.32e-03	9.15e-02	3.78e-01	2.76e-01	1.38e-01	1.07e-01	6.00e-03	9.25e-05
 2.13124e+23	7.99e-14	9.12e-09	2.70e-05	3.68e-03	9.75e-02	3.88e-01	2.73e-01	1.33e-01	9.95e-02	5.37e-03	7.96e-05
 2.13822e+23	1.02e-13	1.14e-08	3.25e-05	4.22e-03	1.06e-01	4.01e-01	2.68e-01	1.26e-01	9.04e-02	4.62e-03	6.49e-05
 2.14532e+23	1.24e-13	1.35e-08	3.74e-05	4.68e-03	1.13e-01	4.10e-01	2.63e-01	1.21e-01	8.38e-02	4.11e-03	5.54e-05
 2.15255e+23	1.62e-13	1.69e-08	4.51e-05	5.36e-03	1.22e-01	4.22e-01	2.57e-01	1.14e-01	7.55e-02	3.51e-03	4.47e-05
 2.15995e+23	2.00e-13	2.02e-08	5.21e-05	5.95e-03	1.30e-01	4.31e-01	2.52e-01	1.09e-01	6.95e-02	3.09e-03	3.77e-05
 2.16758e+23	2.64e-13	2.56e-08	6.31e-05	6.82e-03	1.41e-01	4.42e-01	2.44e-01	1.02e-01	6.21e-02	2.61e-03	3.01e-05
 2.17541e+23	3.31e-13	3.10e-08	7.35e-05	7.59e-03	1.50e-01	4.49e-01	2.38e-01	9.63e-02	5.67e-02	2.27e-03	2.50e-05
 2.18348e+23	4.45e-13	3.97e-08	8.94e-05	8.72e-03	1.62e-01	4.59e-01	2.29e-01	8.94e-02	5.01e-02	1.89e-03	1.96e-05
 2.19163e+23	5.59e-13	4.79e-08	1.04e-04	9.67e-03	1.72e-01	4.65e-01	2.22e-01	8.42e-02	4.56e-02	1.64e-03	1.63e-05
 2.19988e+23	7.59e-13	6.17e-08	1.26e-04	1.11e-02	1.85e-01	4.72e-01	2.13e-01	7.76e-02	4.00e-02	1.36e-03	1.27e-05
 2.20822e+23	9.57e-13	7.46e-08	1.47e-04	1.23e-02	1.95e-01	4.77e-01	2.06e-01	7.27e-02	3.62e-02	1.17e-03	1.04e-05
 2.21667e+23	1.31e-12	9.62e-08	1.78e-04	1.40e-02	2.10e-01	4.81e-01	1.96e-01	6.66e-02	3.15e-02	9.58e-04	8.03e-06
 2.22493e+23	1.62e-12	1.15e-07	2.04e-04	1.54e-02	2.20e-01	4.84e-01	1.89e-01	6.25e-02	2.86e-02	8.33e-04	6.68e-06
 2.23293e+23	2.17e-12	1.45e-07	2.45e-04	1.73e-02	2.34e-01	4.86e-01	1.79e-01	5.72e-02	2.50e-02	6.87e-04	5.20e-06
 2.24121e+23	2.74e-12	1.75e-07	2.82e-04	1.91e-02	2.45e-01	4.87e-01	1.72e-01	5.33e-02	2.25e-02	5.89e-04	4.26e-06
 2.24828e+23	3.37e-12	2.07e-07	3.20e-04	2.07e-02	2.56e-01	4.88e-01	1.65e-01	4.99e-02	2.04e-02	5.12e-04	3.55e-06
 2.25591e+23	4.42e-12	2.57e-07	3.77e-04	2.31e-02	2.69e-01	4.87e-01	1.56e-01	4.57e-02	1.79e-02	4.26e-04	2.80e-06
 2.26354e+23	5.45e-12	3.04e-07	4.28e-04	2.50e-02	2.80e-01	4.86e-01	1.50e-01	4.27e-02	1.62e-02	3.69e-04	2.32e-06
 2.27119e+23	7.04e-12	3.73e-07	4.99e-04	2.77e-02	2.93e-01	4.83e-01	1.41e-01	3.91e-02	1.43e-02	3.08e-04	1.84e-06
 2.27914e+23	8.90e-12	4.49e-07	5.73e-04	3.02e-02	3.06e-01	4.80e-01	1.34e-01	3.61e-02	1.27e-02	2.61e-04	1.49e-06
 2.28623e+23	1.10e-11	5.29e-07	6.48e-04	3.27e-02	3.17e-01	4.77e-01	1.28e-01	3.35e-02	1.14e-02	2.25e-04	1.23e-06
 2.29421e+23	1.42e-11	6.52e-07	7.57e-04	3.61e-02	3.30e-01	4.72e-01	1.20e-01	3.05e-02	9.97e-03	1.86e-04	9.64e-07
 2.30260e+23	1.81e-11	7.88e-07	8.71e-04	3.94e-02	3.43e-01	4.66e-01	1.13e-01	2.79e-02	8.79e-03	1.56e-04	7.68e-07
 2.31024e+23	2.26e-11	9.40e-07	9.91e-04	4.27e-02	3.55e-01	4.61e-01	1.07e-01	2.57e-02	7.81e-03	1.32e-04	6.21e-07
 2.31887e+23	2.99e-11	1.17e-06	1.16e-03	4.72e-02	3.70e-01	4.53e-01	9.94e-02	2.31e-02	6.72e-03	1.07e-04	4.76e-07
 2.32775e+23	3.82e-11	1.42e-06	1.34e-03	5.15e-02	3.82e-01	4.45e-01	9.29e-02	2.10e-02	5.87e-03	8.90e-05	3.74e-07
 2.33564e+23	4.79e-11	1.69e-06	1.53e-03	5.57e-02	3.94e-01	4.37e-01	8.72e-02	1.92e-02	5.17e-03	7.47e-05	3.00e-07
 2.34457e+23	6.35e-11	2.11e-06	1.79e-03	6.13e-02	4.08e-01	4.27e-01	8.04e-02	1.71e-02	4.41e-03	6.00e-05	2.26e-07
 2.35383e+23	8.17e-11	2.57e-06	2.06e-03	6.68e-02	4.21e-01	4.17e-01	7.45e-02	1.54e-02	3.82e-03	4.91e-05	1.76e-07
 2.36213e+23	1.03e-10	3.08e-06	2.35e-03	7.22e-02	4.32e-01	4.07e-01	6.94e-02	1.40e-02	3.33e-03	4.07e-05	1.39e-07
 2.37154e+23	1.38e-10	3.87e-06	2.77e-03	7.95e-02	4.46e-01	3.94e-01	6.31e-02	1.23e-02	2.79e-03	3.20e-05	0.00e+00
 2.38125e+23	1.78e-10	4.70e-06	3.19e-03	8.62e-02	4.57e-01	3.82e-01	5.81e-02	1.10e-02	2.40e-03	2.60e-05	0.00e+00
 2.39136e+23	2.43e-10	5.98e-06	3.79e-03	9.52e-02	4.70e-01	3.67e-01	5.23e-02	9.61e-03	1.98e-03	2.00e-05	0.00e+00
 2.40158e+23	3.13e-10	7.28e-06	4.36e-03	1.03e-01	4.80e-01	3.54e-01	4.79e-02	8.56e-03	1.69e-03	1.61e-05	0.00e+00
 2.41057e+23	4.01e-10	8.79e-06	4.98e-03	1.11e-01	4.89e-01	3.42e-01	4.38e-02	7.64e-03	1.44e-03	1.30e-05	0.00e+00
 2.42089e+23	5.49e-10	1.12e-05	5.90e-03	1.22e-01	5.00e-01	3.25e-01	3.90e-02	6.59e-03	1.17e-03	9.86e-06	0.00e+00
 2.43133e+23	7.08e-10	1.36e-05	6.77e-03	1.32e-01	5.08e-01	3.12e-01	3.54e-02	5.83e-03	9.92e-04	7.85e-06	0.00e+00
 2.44192e+23	9.66e-10	1.72e-05	8.00e-03	1.44e-01	5.16e-01	2.95e-01	3.13e-02	5.00e-03	8.04e-04	5.92e-06	0.00e+00
 2.45268e+23	1.25e-09	2.10e-05	9.17e-03	1.55e-01	5.22e-01	2.81e-01	2.82e-02	4.39e-03	6.73e-04	4.66e-06	0.00e+00
 2.46366e+23	1.73e-09	2.68e-05	1.09e-02	1.69e-01	5.28e-01	2.63e-01	2.46e-02	3.72e-03	5.37e-04	3.44e-06	0.00e+00
 2.47474e+23	2.23e-09	3.26e-05	1.24e-02	1.81e-01	5.31e-01	2.49e-01	2.20e-02	3.26e-03	4.46e-04	2.69e-06	0.00e+00
 2.48597e+23	3.10e-09	4.18e-05	1.47e-02	1.98e-01	5.34e-01	2.31e-01	1.91e-02	2.74e-03	3.51e-04	1.95e-06	0.00e+00
 2.49730e+23	4.00e-09	5.06e-05	1.68e-02	2.11e-01	5.35e-01	2.18e-01	1.70e-02	2.38e-03	2.90e-04	1.51e-06	0.00e+00
 2.50877e+23	5.54e-09	6.47e-05	1.99e-02	2.29e-01	5.34e-01	2.01e-01	1.45e-02	1.98e-03	2.26e-04	1.09e-06	0.00e+00
 2.52040e+23	7.18e-09	7.85e-05	2.26e-02	2.43e-01	5.32e-01	1.88e-01	1.28e-02	1.71e-03	1.85e-04	8.32e-07	0.00e+00
 2.53049e+23	9.17e-09	9.43e-05	2.56e-02	2.57e-01	5.29e-01	1.75e-01	1.13e-02	1.48e-03	1.52e-04	6.43e-07	0.00e+00
 2.54186e+23	1.26e-08	1.19e-04	3.00e-02	2.76e-01	5.23e-01	1.60e-01	9.64e-03	1.23e-03	1.18e-04	4.58e-07	0.00e+00
 2.55271e+23	1.55e-08	1.40e-04	3.33e-02	2.89e-01	5.17e-01	1.50e-01	8.61e-03	1.08e-03	9.88e-05	3.63e-07	0.00e+00
 2.56290e+23	2.06e-08	1.72e-04	3.82e-02	3.07e-01	5.09e-01	1.37e-01	7.39e-03	9.07e-04	7.79e-05	2.66e-07	0.00e+00
 2.57308e+23	2.54e-08	2.01e-04	4.23e-02	3.20e-01	5.02e-01	1.28e-01	6.58e-03	7.93e-04	6.50e-05	2.09e-07	0.00e+00
 2.58323e+23	3.29e-08	2.44e-04	4.80e-02	3.37e-01	4.91e-01	1.17e-01	5.67e-03	6.70e-04	5.17e-05	1.55e-07	0.00e+00
 2.59377e+23	4.17e-08	2.90e-04	5.37e-02	3.52e-01	4.81e-01	1.08e-01	4.94e-03	5.73e-04	4.18e-05	0.00e+00	0.00e+00
 2.60325e+23	5.15e-08	3.38e-04	5.93e-02	3.66e-01	4.71e-01	9.93e-02	4.35e-03	4.96e-04	3.44e-05	0.00e+00	0.00e+00
 2.61398e+23	6.76e-08	4.12e-04	6.74e-02	3.83e-01	4.56e-01	8.94e-02	3.68e-03	4.10e-04	2.67e-05	0.00e+00	0.00e+00
 2.62490e+23	8.48e-08	4.86e-04	7.48e-02	3.97e-01	4.43e-01	8.16e-02	3.19e-03	3.49e-04	2.15e-05	0.00e+00	0.00e+00
 2.63458e+23	1.05e-07	5.67e-04	8.25e-02	4.10e-01	4.30e-01	7.46e-02	2.78e-03	2.99e-04	1.75e-05	0.00e+00	0.00e+00
 2.64572e+23	1.38e-07	6.91e-04	9.34e-02	4.26e-01	4.12e-01	6.61e-02	2.32e-03	2.43e-04	1.33e-05	0.00e+00	0.00e+00
 2.65601e+23	1.65e-07	7.88e-04	1.01e-01	4.36e-01	3.99e-01	6.09e-02	2.05e-03	2.12e-04	1.10e-05	0.00e+00	0.00e+00
 2.66521e+23	2.05e-07	9.19e-04	1.12e-01	4.47e-01	3.83e-01	5.50e-02	1.76e-03	1.78e-04	8.79e-06	0.00e+00	0.00e+00
 2.67467e+23	2.47e-07	1.05e-03	1.21e-01	4.57e-01	3.70e-01	5.02e-02	1.54e-03	1.54e-04	7.21e-06	0.00e+00	0.00e+00
 2.68310e+23	2.93e-07	1.19e-03	1.30e-01	4.65e-01	3.56e-01	4.60e-02	1.36e-03	1.33e-04	5.97e-06	0.00e+00	0.00e+00
 2.69270e+23	3.66e-07	1.39e-03	1.43e-01	4.74e-01	3.39e-01	4.09e-02	1.15e-03	1.10e-04	4.66e-06	0.00e+00	0.00e+00
 2.70236e+23	4.36e-07	1.58e-03	1.54e-01	4.81e-01	3.25e-01	3.72e-02	1.00e-03	9.46e-05	3.82e-06	0.00e+00	0.00e+00
 2.71211e+23	5.41e-07	1.83e-03	1.69e-01	4.88e-01	3.07e-01	3.29e-02	8.49e-04	7.81e-05	2.97e-06	0.00e+00	0.00e+00
 2.72201e+23	6.48e-07	2.08e-03	1.82e-01	4.93e-01	2.92e-01	2.96e-02	7.33e-04	6.61e-05	2.40e-06	0.00e+00	0.00e+00
 2.73072e+23	7.68e-07	2.34e-03	1.95e-01	4.97e-01	2.78e-01	2.67e-02	6.37e-04	5.63e-05	1.95e-06	0.00e+00	0.00e+00
 2.74063e+23	9.50e-07	2.72e-03	2.12e-01	5.01e-01	2.60e-01	2.34e-02	5.32e-04	4.58e-05	1.49e-06	0.00e+00	0.00e+00
 2.75070e+23	1.13e-06	3.07e-03	2.27e-01	5.02e-01	2.46e-01	2.09e-02	4.57e-04	3.85e-05	1.20e-06	0.00e+00	0.00e+00
 2.76097e+23	1.39e-06	3.55e-03	2.47e-01	5.03e-01	2.28e-01	1.81e-02	3.79e-04	3.10e-05	9.08e-07	0.00e+00	0.00e+00
 2.77138e+23	1.66e-06	4.01e-03	2.64e-01	5.02e-01	2.13e-01	1.60e-02	3.22e-04	2.57e-05	7.16e-07	0.00e+00	0.00e+00
 2.78055e+23	1.97e-06	4.49e-03	2.81e-01	5.00e-01	2.00e-01	1.42e-02	2.75e-04	2.14e-05	5.69e-07	0.00e+00	0.00e+00
 2.79109e+23	2.43e-06	5.19e-03	3.03e-01	4.96e-01	1.83e-01	1.21e-02	2.24e-04	1.69e-05	4.23e-07	0.00e+00	0.00e+00
 2.80173e+23	2.88e-06	5.81e-03	3.22e-01	4.91e-01	1.70e-01	1.06e-02	1.89e-04	1.39e-05	3.31e-07	0.00e+00	0.00e+00
 2.81251e+23	3.54e-06	6.67e-03	3.46e-01	4.84e-01	1.54e-01	8.94e-03	1.53e-04	1.09e-05	2.44e-07	0.00e+00	0.00e+00
 2.82353e+23	4.21e-06	7.50e-03	3.67e-01	4.76e-01	1.42e-01	7.71e-03	1.28e-04	8.76e-06	1.87e-07	0.00e+00	0.00e+00
 2.83486e+23	5.19e-06	8.61e-03	3.93e-01	4.65e-01	1.27e-01	6.41e-03	1.02e-04	6.70e-06	1.34e-07	0.00e+00	0.00e+00
