#depth	C	C+	C+2	C+3	C+4	C+5	C+6	C[1]	C[2]	C[3]	C+[1]	C+[2]	CO
 1.54284e+22	0.00e+00	0.00e+00	1.16e-22	1.54e-16	2.93e-10	3.04e-05	1.00e+00	0.00e+00	0.00e+00	0.00e+00	0.00e+00	0.00e+00	1.46e-142
 3.46666e+22	0.00e+00	7.44e-29	5.94e-22	5.48e-16	6.77e-10	4.61e-05	1.00e+00	0.00e+00	0.00e+00	0.00e+00	0.00e+00	0.00e+00	2.83e-147
 4.07242e+22	0.00e+00	2.50e-28	1.57e-21	1.14e-15	1.10e-09	5.86e-05	1.00e+00	0.00e+00	0.00e+00	0.00e+00	0.00e+00	0.00e+00	7.98e-131
 4.47704e+22	0.00e+00	6.55e-28	3.41e-21	2.05e-15	1.63e-09	7.09e-05	1.00e+00	0.00e+00	0.00e+00	0.00e+00	0.00e+00	0.00e+00	1.22e-127
 4.71078e+22	0.00e+00	8.72e-28	4.30e-21	2.44e-15	1.82e-09	7.51e-05	1.00e+00	0.00e+00	0.00e+00	0.00e+00	0.00e+00	0.00e+00	4.71e-124
 4.83476e+22	0.00e+00	1.26e-27	5.79e-21	3.06e-15	2.12e-09	8.08e-05	1.00e+00	0.00e+00	0.00e+00	0.00e+00	0.00e+00	0.00e+00	1.55e-119
 4.96939e+22	0.00e+00	1.78e-27	7.61e-21	3.77e-15	2.43e-09	8.65e-05	1.00e+00	0.00e+00	0.00e+00	0.00e+00	0.00e+00	0.00e+00	8.05e-118
 5.09831e+22	0.00e+00	2.50e-27	1.00e-20	4.65e-15	2.79e-09	9.25e-05	1.00e+00	0.00e+00	0.00e+00	0.00e+00	0.00e+00	0.00e+00	1.04e-117
 5.24633e+22	0.00e+00	3.96e-27	1.45e-20	6.15e-15	3.36e-09	1.01e-04	1.00e+00	0.00e+00	0.00e+00	0.00e+00	0.00e+00	0.00e+00	1.23e-117
 5.39091e+22	0.00e+00	5.37e-27	1.86e-20	7.42e-15	3.80e-09	1.08e-04	1.00e+00	0.00e+00	0.00e+00	0.00e+00	0.00e+00	0.00e+00	1.37e-117
 5.53104e+22	0.00e+00	8.13e-27	2.60e-20	9.58e-15	4.50e-09	1.17e-04	1.00e+00	0.00e+00	0.00e+00	0.00e+00	0.00e+00	0.00e+00	1.66e-117
 5.67476e+22	0.00e+00	1.16e-26	3.45e-20	1.19e-14	5.18e-09	1.25e-04	1.00e+00	0.00e+00	0.00e+00	0.00e+00	0.00e+00	0.00e+00	4.37e-116
 5.80230e+22	0.00e+00	1.62e-26	4.53e-20	1.46e-14	5.94e-09	1.34e-04	1.00e+00	0.00e+00	0.00e+00	0.00e+00	0.00e+00	0.00e+00	4.92e-116
 5.94727e+22	0.00e+00	2.53e-26	6.49e-20	1.92e-14	7.12e-09	1.46e-04	1.00e+00	0.00e+00	0.00e+00	0.00e+00	0.00e+00	0.00e+00	6.25e-115
 6.09068e+22	0.00e+00	3.44e-26	8.31e-20	2.32e-14	8.06e-09	1.55e-04	1.00e+00	0.00e+00	0.00e+00	0.00e+00	0.00e+00	0.00e+00	6.92e-115
 6.20775e+22	0.00e+00	4.62e-26	1.06e-19	2.79e-14	9.09e-09	1.64e-04	1.00e+00	0.00e+00	0.00e+00	0.00e+00	0.00e+00	0.00e+00	7.82e-115
 6.31604e+22	0.00e+00	6.13e-26	1.33e-19	3.32e-14	1.02e-08	1.74e-04	1.00e+00	0.00e+00	0.00e+00	0.00e+00	0.00e+00	0.00e+00	8.90e-115
 6.43722e+22	0.00e+00	8.76e-26	1.77e-19	4.14e-14	1.18e-08	1.86e-04	1.00e+00	0.00e+00	0.00e+00	0.00e+00	0.00e+00	0.00e+00	4.35e-95
 6.56028e+22	0.00e+00	1.17e-25	2.24e-19	4.95e-14	1.33e-08	1.97e-04	1.00e+00	0.00e+00	0.00e+00	0.00e+00	0.00e+00	0.00e+00	5.47e-93
 6.66734e+22	0.00e+00	1.55e-25	2.81e-19	5.89e-14	1.49e-08	2.09e-04	1.00e+00	0.00e+00	0.00e+00	0.00e+00	0.00e+00	0.00e+00	5.47e-93
 6.78807e+22	0.00e+00	2.21e-25	3.74e-19	7.34e-14	1.72e-08	2.24e-04	1.00e+00	0.00e+00	0.00e+00	0.00e+00	0.00e+00	0.00e+00	1.95e-93
 6.91076e+22	0.00e+00	2.94e-25	4.72e-19	8.77e-14	1.93e-08	2.37e-04	1.00e+00	0.00e+00	0.00e+00	0.00e+00	0.00e+00	0.00e+00	8.50e-92
 7.01833e+22	2.26e-33	3.90e-25	5.93e-19	1.04e-13	2.16e-08	2.50e-04	1.00e+00	0.00e+00	0.00e+00	0.00e+00	0.00e+00	0.00e+00	1.08e-91
 7.14051e+22	3.45e-33	5.56e-25	7.92e-19	1.30e-13	2.50e-08	2.68e-04	1.00e+00	0.00e+00	0.00e+00	0.00e+00	0.00e+00	0.00e+00	2.25e-91
 7.26452e+22	4.87e-33	7.44e-25	1.00e-18	1.56e-13	2.82e-08	2.84e-04	1.00e+00	0.00e+00	0.00e+00	0.00e+00	0.00e+00	0.00e+00	7.28e-91
 7.36304e+22	6.51e-33	9.49e-25	1.22e-18	1.82e-13	3.11e-08	2.98e-04	1.00e+00	0.00e+00	0.00e+00	0.00e+00	0.00e+00	0.00e+00	1.82e-90
 7.44959e+22	8.55e-33	1.19e-24	1.47e-18	2.09e-13	3.42e-08	3.11e-04	1.00e+00	0.00e+00	0.00e+00	0.00e+00	0.00e+00	0.00e+00	1.69e-90
 7.54845e+22	1.19e-32	1.58e-24	1.84e-18	2.50e-13	3.83e-08	3.29e-04	1.00e+00	0.00e+00	0.00e+00	0.00e+00	0.00e+00	0.00e+00	3.26e-90
 7.65287e+22	1.61e-32	2.03e-24	2.26e-18	2.92e-13	4.25e-08	3.45e-04	1.00e+00	0.00e+00	0.00e+00	0.00e+00	0.00e+00	0.00e+00	9.89e-90
 7.74696e+22	2.14e-32	2.59e-24	2.75e-18	3.40e-13	4.69e-08	3.62e-04	1.00e+00	0.00e+00	0.00e+00	0.00e+00	0.00e+00	0.00e+00	3.46e-89
 7.83767e+22	2.83e-32	3.27e-24	3.34e-18	3.94e-13	5.17e-08	3.80e-04	1.00e+00	0.00e+00	0.00e+00	0.00e+00	0.00e+00	0.00e+00	6.98e-89
 7.94153e+22	4.02e-32	4.39e-24	4.24e-18	4.75e-13	5.84e-08	4.02e-04	1.00e+00	0.00e+00	0.00e+00	0.00e+00	0.00e+00	0.00e+00	4.81e-89
 8.04818e+22	5.46e-32	5.67e-24	5.23e-18	5.57e-13	6.49e-08	4.23e-04	1.00e+00	0.00e+00	0.00e+00	0.00e+00	0.00e+00	0.00e+00	1.74e-88
 8.14010e+22	7.21e-32	7.16e-24	6.32e-18	6.45e-13	7.14e-08	4.43e-04	1.00e+00	0.00e+00	0.00e+00	0.00e+00	0.00e+00	0.00e+00	2.08e-88
 8.24122e+22	9.98e-32	9.42e-24	7.90e-18	7.69e-13	8.02e-08	4.67e-04	1.00e+00	0.00e+00	0.00e+00	0.00e+00	0.00e+00	0.00e+00	8.92e-88
 8.33976e+22	1.32e-31	1.19e-23	9.52e-18	8.87e-13	8.81e-08	4.89e-04	1.00e+00	0.00e+00	0.00e+00	0.00e+00	0.00e+00	0.00e+00	1.87e-87
 8.41749e+22	1.66e-31	1.45e-23	1.12e-17	1.00e-12	9.55e-08	5.08e-04	9.99e-01	0.00e+00	0.00e+00	0.00e+00	0.00e+00	0.00e+00	1.08e-87
 8.50105e+22	2.18e-31	1.82e-23	1.35e-17	1.16e-12	1.05e-07	5.31e-04	9.99e-01	0.00e+00	0.00e+00	0.00e+00	0.00e+00	0.00e+00	8.02e-87
 8.59206e+22	2.83e-31	2.26e-23	1.61e-17	1.34e-12	1.15e-07	5.55e-04	9.99e-01	0.00e+00	0.00e+00	0.00e+00	0.00e+00	0.00e+00	5.69e-87
 8.67763e+22	3.67e-31	2.81e-23	1.92e-17	1.53e-12	1.26e-07	5.80e-04	9.99e-01	0.00e+00	0.00e+00	0.00e+00	0.00e+00	0.00e+00	2.33e-86
 8.75893e+22	4.69e-31	3.46e-23	2.27e-17	1.74e-12	1.37e-07	6.04e-04	9.99e-01	0.00e+00	0.00e+00	0.00e+00	0.00e+00	0.00e+00	2.31e-86
 8.83783e+22	5.96e-31	4.23e-23	2.68e-17	1.98e-12	1.49e-07	6.28e-04	9.99e-01	0.00e+00	0.00e+00	0.00e+00	0.00e+00	0.00e+00	8.46e-86
 8.92846e+22	7.95e-31	5.39e-23	3.26e-17	2.32e-12	1.65e-07	6.59e-04	9.99e-01	0.00e+00	0.00e+00	0.00e+00	0.00e+00	0.00e+00	1.58e-85
 9.02371e+22	1.05e-30	6.80e-23	3.94e-17	2.68e-12	1.82e-07	6.90e-04	9.99e-01	0.00e+00	0.00e+00	0.00e+00	0.00e+00	0.00e+00	3.36e-85
 9.10539e+22	1.34e-30	8.36e-23	4.65e-17	3.05e-12	1.98e-07	7.19e-04	9.99e-01	0.00e+00	0.00e+00	0.00e+00	0.00e+00	0.00e+00	2.30e-85
 9.17601e+22	1.65e-30	9.97e-23	5.37e-17	3.41e-12	2.13e-07	7.45e-04	9.99e-01	0.00e+00	0.00e+00	0.00e+00	0.00e+00	0.00e+00	8.79e-85
 9.25181e+22	2.10e-30	1.22e-22	6.34e-17	3.89e-12	2.32e-07	7.75e-04	9.99e-01	0.00e+00	0.00e+00	0.00e+00	0.00e+00	0.00e+00	1.94e-84
 9.33424e+22	2.67e-30	1.49e-22	7.47e-17	4.41e-12	2.53e-07	8.06e-04	9.99e-01	0.00e+00	0.00e+00	0.00e+00	0.00e+00	0.00e+00	2.43e-84
 9.41009e+22	3.35e-30	1.80e-22	8.71e-17	4.97e-12	2.73e-07	8.37e-04	9.99e-01	0.00e+00	0.00e+00	0.00e+00	0.00e+00	0.00e+00	9.54e-84
 9.49350e+22	4.38e-30	2.26e-22	1.05e-16	5.74e-12	3.00e-07	8.75e-04	9.99e-01	0.00e+00	0.00e+00	0.00e+00	0.00e+00	0.00e+00	7.70e-84
 9.57798e+22	5.58e-30	2.77e-22	1.23e-16	6.51e-12	3.27e-07	9.11e-04	9.99e-01	0.00e+00	0.00e+00	0.00e+00	0.00e+00	0.00e+00	1.94e-83
 9.64805e+22	6.88e-30	3.30e-22	1.42e-16	7.27e-12	3.51e-07	9.44e-04	9.99e-01	0.00e+00	0.00e+00	0.00e+00	0.00e+00	0.00e+00	3.96e-83
 9.72333e+22	8.76e-30	4.05e-22	1.68e-16	8.28e-12	3.83e-07	9.82e-04	9.99e-01	0.00e+00	0.00e+00	0.00e+00	0.00e+00	0.00e+00	1.04e-82
 9.80475e+22	1.11e-29	4.94e-22	1.97e-16	9.38e-12	4.16e-07	1.02e-03	9.99e-01	0.00e+00	0.00e+00	0.00e+00	0.00e+00	0.00e+00	1.41e-82
 9.87501e+22	1.35e-29	5.84e-22	2.26e-16	1.04e-11	4.46e-07	1.06e-03	9.99e-01	0.00e+00	0.00e+00	0.00e+00	0.00e+00	0.00e+00	8.56e-83
 9.93732e+22	1.64e-29	6.86e-22	2.58e-16	1.15e-11	4.77e-07	1.09e-03	9.99e-01	0.00e+00	0.00e+00	0.00e+00	0.00e+00	0.00e+00	3.63e-82
 1.00084e+23	2.05e-29	8.28e-22	3.00e-16	1.30e-11	5.16e-07	1.13e-03	9.99e-01	0.00e+00	0.00e+00	0.00e+00	0.00e+00	0.00e+00	7.33e-82
 1.00846e+23	2.56e-29	9.96e-22	3.49e-16	1.46e-11	5.57e-07	1.17e-03	9.99e-01	0.00e+00	0.00e+00	0.00e+00	0.00e+00	0.00e+00	1.03e-81
 1.01533e+23	3.14e-29	1.18e-21	4.01e-16	1.63e-11	5.99e-07	1.22e-03	9.99e-01	0.00e+00	0.00e+00	0.00e+00	0.00e+00	0.00e+00	9.88e-82
 1.02186e+23	3.83e-29	1.40e-21	4.59e-16	1.81e-11	6.42e-07	1.26e-03	9.99e-01	0.00e+00	0.00e+00	0.00e+00	0.00e+00	0.00e+00	2.86e-81
 1.02936e+23	4.85e-29	1.70e-21	5.40e-16	2.05e-11	6.98e-07	1.31e-03	9.99e-01	0.00e+00	0.00e+00	0.00e+00	0.00e+00	0.00e+00	3.09e-81
 1.03708e+23	6.05e-29	2.05e-21	6.27e-16	2.30e-11	7.54e-07	1.36e-03	9.99e-01	0.00e+00	0.00e+00	0.00e+00	0.00e+00	0.00e+00	2.30e-80
 1.04360e+23	7.34e-29	2.41e-21	7.15e-16	2.55e-11	8.07e-07	1.40e-03	9.99e-01	0.00e+00	0.00e+00	0.00e+00	0.00e+00	0.00e+00	3.70e-80
 1.05061e+23	9.19e-29	2.91e-21	8.34e-16	2.87e-11	8.74e-07	1.46e-03	9.99e-01	0.00e+00	0.00e+00	0.00e+00	0.00e+00	0.00e+00	6.46e-80
 1.05812e+23	1.15e-28	3.50e-21	9.67e-16	3.22e-11	9.44e-07	1.51e-03	9.98e-01	0.00e+00	0.00e+00	0.00e+00	0.00e+00	0.00e+00	1.12e-79
 1.06491e+23	1.40e-28	4.13e-21	1.11e-15	3.58e-11	1.01e-06	1.56e-03	9.98e-01	0.00e+00	0.00e+00	0.00e+00	0.00e+00	0.00e+00	1.82e-79
 1.07122e+23	1.69e-28	4.83e-21	1.26e-15	3.95e-11	1.08e-06	1.61e-03	9.98e-01	0.00e+00	0.00e+00	0.00e+00	0.00e+00	0.00e+00	2.91e-79
 1.07733e+23	2.02e-28	5.62e-21	1.42e-15	4.34e-11	1.15e-06	1.66e-03	9.98e-01	0.00e+00	0.00e+00	0.00e+00	0.00e+00	0.00e+00	4.55e-79
 1.08435e+23	2.51e-28	6.75e-21	1.65e-15	4.88e-11	1.24e-06	1.73e-03	9.98e-01	0.00e+00	0.00e+00	0.00e+00	0.00e+00	0.00e+00	7.87e-79
 1.09180e+23	3.11e-28	8.08e-21	1.91e-15	5.46e-11	1.34e-06	1.79e-03	9.98e-01	0.00e+00	0.00e+00	0.00e+00	0.00e+00	0.00e+00	1.34e-78
 1.09843e+23	3.80e-28	9.53e-21	2.18e-15	6.04e-11	1.44e-06	1.85e-03	9.98e-01	0.00e+00	0.00e+00	0.00e+00	0.00e+00	0.00e+00	2.20e-78
 1.10569e+23	4.78e-28	1.16e-20	2.55e-15	6.84e-11	1.56e-06	1.93e-03	9.98e-01	0.00e+00	0.00e+00	0.00e+00	0.00e+00	0.00e+00	3.91e-78
 1.11315e+23	5.93e-28	1.38e-20	2.94e-15	7.63e-11	1.68e-06	2.00e-03	9.98e-01	0.00e+00	0.00e+00	0.00e+00	0.00e+00	0.00e+00	6.67e-78
 1.11937e+23	7.11e-28	1.61e-20	3.32e-15	8.38e-11	1.79e-06	2.06e-03	9.98e-01	0.00e+00	0.00e+00	0.00e+00	0.00e+00	0.00e+00	1.05e-77
 1.12597e+23	8.77e-28	1.91e-20	3.82e-15	9.36e-11	1.93e-06	2.14e-03	9.98e-01	0.00e+00	0.00e+00	0.00e+00	0.00e+00	0.00e+00	1.77e-77
 1.13309e+23	1.08e-27	2.27e-20	4.39e-15	1.04e-10	2.08e-06	2.21e-03	9.98e-01	0.00e+00	0.00e+00	0.00e+00	0.00e+00	0.00e+00	2.97e-77
 1.13963e+23	1.31e-27	2.67e-20	4.99e-15	1.15e-10	2.22e-06	2.29e-03	9.98e-01	0.00e+00	0.00e+00	0.00e+00	0.00e+00	0.00e+00	4.79e-77
 1.14689e+23	1.65e-27	3.23e-20	5.82e-15	1.30e-10	2.41e-06	2.38e-03	9.98e-01	0.00e+00	0.00e+00	0.00e+00	0.00e+00	0.00e+00	8.54e-77
 1.15453e+23	2.07e-27	3.90e-20	6.76e-15	1.45e-10	2.60e-06	2.48e-03	9.98e-01	0.00e+00	0.00e+00	0.00e+00	0.00e+00	0.00e+00	1.52e-76
 1.16085e+23	2.47e-27	4.51e-20	7.61e-15	1.59e-10	2.77e-06	2.55e-03	9.97e-01	0.00e+00	0.00e+00	0.00e+00	0.00e+00	0.00e+00	2.34e-76
 1.16723e+23	3.04e-27	5.36e-20	8.73e-15	1.77e-10	2.98e-06	2.65e-03	9.97e-01	0.00e+00	0.00e+00	0.00e+00	0.00e+00	0.00e+00	3.96e-76
 1.17410e+23	3.70e-27	6.31e-20	9.95e-15	1.95e-10	3.19e-06	2.74e-03	9.97e-01	0.00e+00	0.00e+00	0.00e+00	0.00e+00	0.00e+00	6.50e-76
 1.18055e+23	4.50e-27	7.40e-20	1.13e-14	2.15e-10	3.41e-06	2.84e-03	9.97e-01	0.00e+00	0.00e+00	0.00e+00	0.00e+00	0.00e+00	1.06e-75
 1.18787e+23	5.69e-27	8.98e-20	1.32e-14	2.42e-10	3.70e-06	2.95e-03	9.97e-01	0.00e+00	0.00e+00	0.00e+00	0.00e+00	0.00e+00	1.91e-75
 1.19521e+23	7.05e-27	1.07e-19	1.51e-14	2.68e-10	3.98e-06	3.07e-03	9.97e-01	0.00e+00	0.00e+00	0.00e+00	0.00e+00	0.00e+00	3.28e-75
 1.20109e+23	8.40e-27	1.24e-19	1.69e-14	2.92e-10	4.22e-06	3.17e-03	9.97e-01	0.00e+00	0.00e+00	0.00e+00	0.00e+00	0.00e+00	5.10e-75
 1.20726e+23	1.03e-26	1.46e-19	1.93e-14	3.23e-10	4.53e-06	3.28e-03	9.97e-01	0.00e+00	0.00e+00	0.00e+00	0.00e+00	0.00e+00	8.46e-75
 1.21401e+23	1.25e-26	1.72e-19	2.19e-14	3.55e-10	4.84e-06	3.40e-03	9.97e-01	0.00e+00	0.00e+00	0.00e+00	0.00e+00	0.00e+00	1.40e-74
 1.22038e+23	1.52e-26	2.01e-19	2.48e-14	3.89e-10	5.17e-06	3.52e-03	9.96e-01	0.00e+00	0.00e+00	0.00e+00	0.00e+00	0.00e+00	2.30e-74
 1.22656e+23	1.85e-26	2.35e-19	2.81e-14	4.27e-10	5.52e-06	3.64e-03	9.96e-01	0.00e+00	0.00e+00	0.00e+00	0.00e+00	0.00e+00	3.75e-74
 1.23362e+23	2.36e-26	2.87e-19	3.28e-14	4.78e-10	5.98e-06	3.81e-03	9.96e-01	0.00e+00	0.00e+00	0.00e+00	0.00e+00	0.00e+00	7.02e-74
 1.24049e+23	2.85e-26	3.34e-19	3.69e-14	5.23e-10	6.38e-06	3.94e-03	9.96e-01	0.00e+00	0.00e+00	0.00e+00	0.00e+00	0.00e+00	1.13e-73
 1.24615e+23	3.40e-26	3.86e-19	4.13e-14	5.66e-10	6.76e-06	4.07e-03	9.96e-01	0.00e+00	0.00e+00	0.00e+00	0.00e+00	0.00e+00	1.78e-73
 1.25256e+23	4.26e-26	4.62e-19	4.74e-14	6.26e-10	7.27e-06	4.24e-03	9.96e-01	0.00e+00	0.00e+00	0.00e+00	0.00e+00	0.00e+00	3.17e-73
 1.25915e+23	5.15e-26	5.38e-19	5.34e-14	6.83e-10	7.75e-06	4.39e-03	9.96e-01	0.00e+00	0.00e+00	0.00e+00	0.00e+00	0.00e+00	5.14e-73
 1.26597e+23	6.60e-26	6.57e-19	6.22e-14	7.62e-10	8.39e-06	4.59e-03	9.95e-01	0.00e+00	0.00e+00	0.00e+00	0.00e+00	0.00e+00	9.77e-73
 1.27245e+23	7.84e-26	7.55e-19	6.92e-14	8.24e-10	8.89e-06	4.74e-03	9.95e-01	0.00e+00	0.00e+00	0.00e+00	0.00e+00	0.00e+00	1.52e-72
 1.27849e+23	9.72e-26	8.96e-19	7.88e-14	9.04e-10	9.52e-06	4.93e-03	9.95e-01	0.00e+00	0.00e+00	0.00e+00	0.00e+00	0.00e+00	2.66e-72
 1.28471e+23	1.18e-25	1.04e-18	8.85e-14	9.79e-10	1.01e-05	5.11e-03	9.95e-01	0.00e+00	0.00e+00	0.00e+00	0.00e+00	0.00e+00	4.38e-72
 1.29013e+23	1.39e-25	1.19e-18	9.79e-14	1.05e-09	1.07e-05	5.28e-03	9.95e-01	0.00e+00	0.00e+00	0.00e+00	0.00e+00	0.00e+00	6.76e-72
 1.29615e+23	1.73e-25	1.42e-18	1.12e-13	1.15e-09	1.14e-05	5.49e-03	9.94e-01	0.00e+00	0.00e+00	0.00e+00	0.00e+00	0.00e+00	1.19e-71
 1.30239e+23	2.10e-25	1.65e-18	1.25e-13	1.25e-09	1.21e-05	5.70e-03	9.94e-01	0.00e+00	0.00e+00	0.00e+00	0.00e+00	0.00e+00	1.98e-71
 1.30774e+23	2.49e-25	1.89e-18	1.38e-13	1.34e-09	1.28e-05	5.88e-03	9.94e-01	0.00e+00	0.00e+00	0.00e+00	0.00e+00	0.00e+00	3.09e-71
 1.31354e+23	3.07e-25	2.23e-18	1.56e-13	1.46e-09	1.37e-05	6.12e-03	9.94e-01	0.00e+00	0.00e+00	0.00e+00	0.00e+00	0.00e+00	5.39e-71
 1.31952e+23	3.65e-25	2.58e-18	1.75e-13	1.57e-09	1.45e-05	6.34e-03	9.94e-01	0.00e+00	0.00e+00	0.00e+00	0.00e+00	0.00e+00	8.77e-71
 1.32480e+23	4.42e-25	2.97e-18	1.94e-13	1.68e-09	1.53e-05	6.56e-03	9.93e-01	0.00e+00	0.00e+00	0.00e+00	0.00e+00	0.00e+00	1.28e-70
 1.33073e+23	5.53e-25	3.53e-18	2.20e-13	1.83e-09	1.64e-05	6.85e-03	9.93e-01	0.00e+00	0.00e+00	0.00e+00	0.00e+00	0.00e+00	2.54e-70
 1.33675e+23	6.65e-25	4.08e-18	2.45e-13	1.97e-09	1.74e-05	7.09e-03	9.93e-01	0.00e+00	0.00e+00	0.00e+00	0.00e+00	0.00e+00	4.13e-70
 1.34188e+23	7.90e-25	4.67e-18	2.71e-13	2.11e-09	1.83e-05	7.33e-03	9.93e-01	0.00e+00	0.00e+00	0.00e+00	0.00e+00	0.00e+00	6.54e-70
 1.34754e+23	9.73e-25	5.50e-18	3.05e-13	2.28e-09	1.95e-05	7.63e-03	9.92e-01	0.00e+00	0.00e+00	0.00e+00	0.00e+00	0.00e+00	1.15e-69
 1.35340e+23	1.17e-24	6.36e-18	3.40e-13	2.45e-09	2.06e-05	7.90e-03	9.92e-01	0.00e+00	0.00e+00	0.00e+00	0.00e+00	0.00e+00	1.88e-69
 1.35861e+23	1.40e-24	7.31e-18	3.76e-13	2.62e-09	2.18e-05	8.18e-03	9.92e-01	0.00e+00	0.00e+00	0.00e+00	0.00e+00	0.00e+00	3.05e-69
 1.36364e+23	1.67e-24	8.36e-18	4.15e-13	2.80e-09	2.30e-05	8.46e-03	9.92e-01	0.00e+00	0.00e+00	0.00e+00	0.00e+00	0.00e+00	4.84e-69
 1.36935e+23	2.07e-24	9.88e-18	4.69e-13	3.03e-09	2.45e-05	8.82e-03	9.91e-01	0.00e+00	0.00e+00	0.00e+00	0.00e+00	0.00e+00	8.67e-69
 1.37519e+23	2.50e-24	1.14e-17	5.22e-13	3.24e-09	2.59e-05	9.15e-03	9.91e-01	0.00e+00	0.00e+00	0.00e+00	0.00e+00	0.00e+00	1.45e-68
 1.38029e+23	2.99e-24	1.31e-17	5.76e-13	3.46e-09	2.74e-05	9.47e-03	9.90e-01	0.00e+00	0.00e+00	0.00e+00	0.00e+00	0.00e+00	2.37e-68
 1.38598e+23	3.71e-24	1.56e-17	6.52e-13	3.74e-09	2.92e-05	9.88e-03	9.90e-01	0.00e+00	0.00e+00	0.00e+00	0.00e+00	0.00e+00	4.26e-68
 1.39180e+23	4.49e-24	1.80e-17	7.24e-13	4.00e-09	3.09e-05	1.03e-02	9.90e-01	0.00e+00	0.00e+00	0.00e+00	0.00e+00	0.00e+00	7.15e-68
 1.39686e+23	5.36e-24	2.07e-17	7.99e-13	4.26e-09	3.26e-05	1.06e-02	9.89e-01	0.00e+00	0.00e+00	0.00e+00	0.00e+00	0.00e+00	1.16e-67
 1.40253e+23	6.69e-24	2.45e-17	9.04e-13	4.61e-09	3.49e-05	1.11e-02	9.89e-01	0.00e+00	0.00e+00	0.00e+00	0.00e+00	0.00e+00	2.13e-67
 1.40844e+23	7.67e-24	2.86e-17	1.01e-12	4.94e-09	3.70e-05	1.15e-02	9.88e-01	0.00e+00	0.00e+00	0.00e+00	0.00e+00	0.00e+00	3.52e-67
 1.41352e+23	4.52e-30	3.27e-17	1.11e-12	5.24e-09	3.90e-05	1.19e-02	9.88e-01	0.00e+00	0.00e+00	0.00e+00	0.00e+00	0.00e+00	2.66e-67
 1.41899e+23	5.86e-30	3.87e-17	1.26e-12	5.66e-09	4.16e-05	1.24e-02	9.88e-01	0.00e+00	0.00e+00	0.00e+00	0.00e+00	0.00e+00	1.96e-67
 1.42450e+23	7.30e-30	4.46e-17	1.39e-12	6.02e-09	4.40e-05	1.29e-02	9.87e-01	0.00e+00	0.00e+00	0.00e+00	0.00e+00	0.00e+00	3.74e-67
 1.42924e+23	8.92e-30	5.08e-17	1.53e-12	6.38e-09	4.63e-05	1.33e-02	9.87e-01	0.00e+00	0.00e+00	0.00e+00	5.08e-17	5.28e-26	5.90e-67
 1.43370e+23	1.08e-29	5.76e-17	1.67e-12	6.72e-09	4.85e-05	1.37e-02	9.86e-01	0.00e+00	0.00e+00	0.00e+00	5.76e-17	6.52e-24	9.27e-67
 1.43783e+23	1.30e-29	6.47e-17	1.81e-12	7.07e-09	5.08e-05	1.42e-02	9.86e-01	0.00e+00	0.00e+00	0.00e+00	6.47e-17	7.33e-24	1.41e-66
 1.44162e+23	1.54e-29	7.23e-17	1.96e-12	7.40e-09	5.30e-05	1.46e-02	9.85e-01	0.00e+00	0.00e+00	0.00e+00	7.23e-17	8.18e-24	2.08e-66
 1.44510e+23	1.78e-29	7.94e-17	2.10e-12	7.72e-09	5.50e-05	1.49e-02	9.85e-01	0.00e+00	0.00e+00	0.00e+00	7.94e-17	8.99e-24	2.92e-66
 1.44900e+23	2.16e-29	9.02e-17	2.30e-12	8.15e-09	5.77e-05	1.54e-02	9.85e-01	0.00e+00	0.00e+00	0.00e+00	9.02e-17	1.02e-23	4.59e-66
 1.45288e+23	2.55e-29	1.00e-16	2.47e-12	8.52e-09	6.01e-05	1.58e-02	9.84e-01	0.00e+00	0.00e+00	0.00e+00	1.00e-16	1.13e-23	6.70e-66
 1.45612e+23	2.97e-29	1.11e-16	2.65e-12	8.87e-09	6.24e-05	1.62e-02	9.84e-01	0.00e+00	0.00e+00	0.00e+00	1.11e-16	1.25e-23	9.57e-66
 1.45970e+23	3.59e-29	1.25e-16	2.89e-12	9.33e-09	6.54e-05	1.67e-02	9.83e-01	0.00e+00	0.00e+00	0.00e+00	1.25e-16	1.42e-23	1.49e-65
 1.46338e+23	4.20e-29	1.39e-16	3.11e-12	9.75e-09	6.81e-05	1.71e-02	9.83e-01	0.00e+00	0.00e+00	0.00e+00	1.39e-16	1.57e-23	2.14e-65
 1.46655e+23	4.89e-29	1.53e-16	3.34e-12	1.02e-08	7.07e-05	1.75e-02	9.82e-01	0.00e+00	0.00e+00	0.00e+00	1.53e-16	1.73e-23	3.04e-65
 1.46954e+23	5.67e-29	1.68e-16	3.57e-12	1.06e-08	7.33e-05	1.80e-02	9.82e-01	0.00e+00	0.00e+00	0.00e+00	1.68e-16	1.91e-23	4.27e-65
 1.47292e+23	6.82e-29	1.90e-16	3.89e-12	1.11e-08	7.68e-05	1.85e-02	9.81e-01	0.00e+00	0.00e+00	0.00e+00	1.90e-16	2.15e-23	6.55e-65
 1.47638e+23	7.95e-29	2.10e-16	4.17e-12	1.16e-08	7.98e-05	1.89e-02	9.81e-01	0.00e+00	0.00e+00	0.00e+00	2.10e-16	2.37e-23	9.30e-65
 1.47995e+23	9.78e-29	2.40e-16	4.59e-12	1.22e-08	8.40e-05	1.96e-02	9.80e-01	0.00e+00	0.00e+00	0.00e+00	2.40e-16	2.72e-23	1.51e-64
 1.48343e+23	1.14e-28	2.65e-16	4.93e-12	1.27e-08	8.73e-05	2.00e-02	9.80e-01	0.00e+00	0.00e+00	0.00e+00	2.65e-16	3.00e-23	2.14e-64
 1.48626e+23	1.33e-28	2.93e-16	5.28e-12	1.32e-08	9.06e-05	2.05e-02	9.79e-01	0.00e+00	0.00e+00	0.00e+00	2.93e-16	3.32e-23	3.04e-64
 1.48891e+23	1.53e-28	3.22e-16	5.65e-12	1.38e-08	9.38e-05	2.10e-02	9.79e-01	0.00e+00	0.00e+00	0.00e+00	3.22e-16	3.64e-23	4.23e-64
 1.49189e+23	1.82e-28	3.61e-16	6.13e-12	1.44e-08	9.81e-05	2.15e-02	9.78e-01	0.00e+00	0.00e+00	0.00e+00	3.61e-16	4.09e-23	6.37e-64
 1.49497e+23	2.15e-28	4.02e-16	6.62e-12	1.51e-08	1.02e-04	2.21e-02	9.78e-01	0.00e+00	0.00e+00	0.00e+00	4.02e-16	4.56e-23	9.27e-64
 1.49766e+23	2.48e-28	4.42e-16	7.08e-12	1.57e-08	1.06e-04	2.26e-02	9.77e-01	0.00e+00	0.00e+00	0.00e+00	4.42e-16	5.01e-23	1.28e-63
 1.50064e+23	3.04e-28	5.06e-16	7.79e-12	1.65e-08	1.11e-04	2.33e-02	9.77e-01	0.00e+00	0.00e+00	0.00e+00	5.06e-16	5.73e-23	2.05e-63
 1.50363e+23	3.55e-28	5.61e-16	8.39e-12	1.73e-08	1.16e-04	2.38e-02	9.76e-01	0.00e+00	0.00e+00	0.00e+00	5.61e-16	6.36e-23	2.92e-63
 1.50662e+23	4.36e-28	6.44e-16	9.26e-12	1.83e-08	1.22e-04	2.45e-02	9.75e-01	0.00e+00	0.00e+00	0.00e+00	6.44e-16	7.30e-23	4.69e-63
 1.50966e+23	5.17e-28	7.22e-16	1.01e-11	1.91e-08	1.27e-04	2.51e-02	9.75e-01	0.00e+00	0.00e+00	0.00e+00	7.22e-16	8.18e-23	6.90e-63
 1.51227e+23	6.05e-28	8.02e-16	1.08e-11	2.00e-08	1.32e-04	2.57e-02	9.74e-01	0.00e+00	0.00e+00	0.00e+00	8.02e-16	9.09e-23	9.82e-63
 1.51516e+23	7.58e-28	9.36e-16	1.21e-11	2.13e-08	1.39e-04	2.66e-02	9.73e-01	0.00e+00	0.00e+00	0.00e+00	9.36e-16	1.06e-22	1.65e-62
 1.51800e+23	8.86e-28	1.04e-15	1.31e-11	2.23e-08	1.45e-04	2.72e-02	9.73e-01	0.00e+00	0.00e+00	0.00e+00	1.04e-15	1.18e-22	2.33e-62
 1.52077e+23	1.11e-27	1.21e-15	1.46e-11	2.38e-08	1.53e-04	2.80e-02	9.72e-01	0.00e+00	0.00e+00	0.00e+00	1.21e-15	1.38e-22	3.87e-62
 1.52350e+23	1.29e-27	1.35e-15	1.58e-11	2.49e-08	1.59e-04	2.86e-02	9.71e-01	0.00e+00	0.00e+00	0.00e+00	1.35e-15	1.53e-22	5.48e-62
 1.52617e+23	1.63e-27	1.59e-15	1.78e-11	2.67e-08	1.69e-04	2.95e-02	9.70e-01	0.00e+00	0.00e+00	0.00e+00	1.59e-15	1.80e-22	9.17e-62
 1.52882e+23	1.91e-27	1.78e-15	1.93e-11	2.81e-08	1.75e-04	3.02e-02	9.70e-01	0.00e+00	0.00e+00	0.00e+00	1.78e-15	2.01e-22	1.31e-61
 1.53146e+23	2.43e-27	2.10e-15	2.19e-11	3.02e-08	1.86e-04	3.12e-02	9.69e-01	0.00e+00	0.00e+00	0.00e+00	2.10e-15	2.39e-22	2.23e-61
 1.53412e+23	2.89e-27	2.38e-15	2.40e-11	3.19e-08	1.94e-04	3.19e-02	9.68e-01	0.00e+00	0.00e+00	0.00e+00	2.38e-15	2.70e-22	3.29e-61
 1.53681e+23	3.72e-27	2.85e-15	2.74e-11	3.46e-08	2.07e-04	3.30e-02	9.67e-01	0.00e+00	0.00e+00	0.00e+00	2.85e-15	3.24e-22	5.75e-61
 1.53951e+23	4.50e-27	3.27e-15	3.03e-11	3.69e-08	2.17e-04	3.38e-02	9.66e-01	0.00e+00	0.00e+00	0.00e+00	3.27e-15	3.71e-22	8.67e-61
 1.54224e+23	5.81e-27	3.94e-15	3.49e-11	4.02e-08	2.31e-04	3.50e-02	9.65e-01	0.00e+00	0.00e+00	0.00e+00	3.94e-15	4.47e-22	1.52e-60
 1.54495e+23	7.06e-27	4.54e-15	3.89e-11	4.30e-08	2.43e-04	3.58e-02	9.64e-01	0.00e+00	0.00e+00	0.00e+00	4.54e-15	5.16e-22	2.33e-60
 1.54763e+23	9.19e-27	5.52e-15	4.50e-11	4.71e-08	2.59e-04	3.71e-02	9.63e-01	0.00e+00	0.00e+00	0.00e+00	5.52e-15	6.27e-22	4.12e-60
 1.55034e+23	1.13e-26	6.45e-15	5.06e-11	5.07e-08	2.73e-04	3.81e-02	9.62e-01	0.00e+00	0.00e+00	0.00e+00	6.45e-15	7.33e-22	6.50e-60
 1.55310e+23	1.50e-26	7.95e-15	5.93e-11	5.61e-08	2.92e-04	3.94e-02	9.60e-01	0.00e+00	0.00e+00	0.00e+00	7.95e-15	9.03e-22	1.19e-59
 1.55590e+23	1.88e-26	9.39e-15	6.74e-11	6.08e-08	3.09e-04	4.05e-02	9.59e-01	0.00e+00	0.00e+00	0.00e+00	9.39e-15	1.07e-21	1.92e-59
 1.55875e+23	2.53e-26	1.17e-14	7.99e-11	6.79e-08	3.32e-04	4.20e-02	9.58e-01	0.00e+00	0.00e+00	0.00e+00	1.17e-14	1.34e-21	3.62e-59
 1.56161e+23	3.18e-26	1.40e-14	9.13e-11	7.39e-08	3.52e-04	4.32e-02	9.56e-01	0.00e+00	0.00e+00	0.00e+00	1.40e-14	1.59e-21	5.89e-59
 1.56407e+23	3.98e-26	1.66e-14	1.04e-10	8.05e-08	3.72e-04	4.44e-02	9.55e-01	0.00e+00	0.00e+00	0.00e+00	1.66e-14	1.89e-21	9.49e-59
 1.56686e+23	5.37e-26	2.08e-14	1.24e-10	9.02e-08	4.00e-04	4.60e-02	9.54e-01	0.00e+00	0.00e+00	0.00e+00	2.08e-14	2.37e-21	1.79e-58
 1.56964e+23	6.67e-26	2.46e-14	1.41e-10	9.81e-08	4.22e-04	4.73e-02	9.52e-01	0.00e+00	0.00e+00	0.00e+00	2.46e-14	2.80e-21	2.82e-58
 1.57242e+23	8.97e-26	3.09e-14	1.68e-10	1.10e-07	4.54e-04	4.90e-02	9.51e-01	0.00e+00	0.00e+00	0.00e+00	3.09e-14	3.52e-21	5.26e-58
 1.57523e+23	1.12e-25	3.65e-14	1.92e-10	1.20e-07	4.80e-04	5.03e-02	9.49e-01	0.00e+00	0.00e+00	0.00e+00	3.65e-14	4.16e-21	8.31e-58
 1.57808e+23	1.51e-25	4.61e-14	2.29e-10	1.35e-07	5.17e-04	5.21e-02	9.47e-01	0.00e+00	0.00e+00	0.00e+00	4.61e-14	5.25e-21	1.56e-57
 1.58097e+23	1.88e-25	5.46e-14	2.62e-10	1.47e-07	5.46e-04	5.36e-02	9.46e-01	0.00e+00	0.00e+00	0.00e+00	5.46e-14	6.23e-21	2.47e-57
 1.58393e+23	2.51e-25	6.86e-14	3.13e-10	1.66e-07	5.88e-04	5.55e-02	9.44e-01	0.00e+00	0.00e+00	0.00e+00	6.86e-14	7.82e-21	4.55e-57
 1.58699e+23	3.19e-25	8.26e-14	3.62e-10	1.83e-07	6.25e-04	5.71e-02	9.42e-01	0.00e+00	0.00e+00	0.00e+00	8.26e-14	9.42e-21	7.50e-57
 1.59018e+23	4.33e-25	1.05e-13	4.35e-10	2.07e-07	6.75e-04	5.93e-02	9.40e-01	0.00e+00	0.00e+00	0.00e+00	1.05e-13	1.20e-20	1.41e-56
 1.59344e+23	5.50e-25	1.26e-13	5.04e-10	2.28e-07	7.17e-04	6.10e-02	9.38e-01	0.00e+00	0.00e+00	0.00e+00	1.26e-13	1.44e-20	2.34e-56
 1.59634e+23	6.93e-25	1.52e-13	5.82e-10	2.51e-07	7.61e-04	6.28e-02	9.36e-01	0.00e+00	0.00e+00	0.00e+00	1.52e-13	1.73e-20	3.80e-56
 1.59965e+23	9.32e-25	1.92e-13	6.98e-10	2.84e-07	8.22e-04	6.52e-02	9.34e-01	0.00e+00	0.00e+00	0.00e+00	1.92e-13	2.19e-20	7.06e-56
 1.60302e+23	1.17e-24	2.30e-13	8.05e-10	3.13e-07	8.72e-04	6.70e-02	9.32e-01	0.00e+00	0.00e+00	0.00e+00	2.30e-13	2.62e-20	1.14e-55
 1.60645e+23	1.57e-24	2.89e-13	9.65e-10	3.53e-07	9.42e-04	6.95e-02	9.30e-01	0.00e+00	0.00e+00	0.00e+00	2.89e-13	3.31e-20	2.11e-55
 1.60978e+23	1.93e-24	3.40e-13	1.10e-09	3.85e-07	9.94e-04	7.13e-02	9.28e-01	0.00e+00	0.00e+00	0.00e+00	3.40e-13	3.89e-20	3.23e-55
 1.61298e+23	2.52e-24	4.20e-13	1.29e-09	4.31e-07	1.07e-03	7.38e-02	9.25e-01	0.00e+00	0.00e+00	0.00e+00	4.20e-13	4.81e-20	5.65e-55
 1.61624e+23	3.08e-24	4.93e-13	1.47e-09	4.70e-07	1.12e-03	7.57e-02	9.23e-01	0.00e+00	0.00e+00	0.00e+00	4.93e-13	5.63e-20	8.60e-55
 1.61958e+23	4.04e-24	6.12e-13	1.74e-09	5.28e-07	1.21e-03	7.83e-02	9.20e-01	0.00e+00	0.00e+00	0.00e+00	6.12e-13	7.00e-20	1.52e-54
 1.62297e+23	4.92e-24	7.14e-13	1.96e-09	5.74e-07	1.27e-03	8.03e-02	9.18e-01	0.00e+00	0.00e+00	0.00e+00	7.14e-13	8.17e-20	2.29e-54
 1.62642e+23	6.45e-24	8.86e-13	2.33e-09	6.44e-07	1.37e-03	8.31e-02	9.16e-01	0.00e+00	0.00e+00	0.00e+00	8.86e-13	1.01e-19	4.04e-54
 1.62981e+23	7.73e-24	1.02e-12	2.61e-09	6.97e-07	1.44e-03	8.50e-02	9.14e-01	0.00e+00	0.00e+00	0.00e+00	1.02e-12	1.17e-19	5.90e-54
 1.63313e+23	9.95e-24	1.25e-12	3.05e-09	7.77e-07	1.54e-03	8.78e-02	9.11e-01	0.00e+00	0.00e+00	0.00e+00	1.25e-12	1.43e-19	9.98e-54
 1.63651e+23	1.20e-23	1.45e-12	3.43e-09	8.42e-07	1.62e-03	8.99e-02	9.08e-01	0.00e+00	0.00e+00	0.00e+00	1.45e-12	1.66e-19	1.47e-53
 1.63998e+23	1.54e-23	1.77e-12	4.02e-09	9.39e-07	1.74e-03	9.29e-02	9.05e-01	0.00e+00	0.00e+00	0.00e+00	1.77e-12	2.03e-19	2.49e-53
 1.64352e+23	1.87e-23	2.05e-12	4.52e-09	1.02e-06	1.83e-03	9.52e-02	9.03e-01	0.00e+00	0.00e+00	0.00e+00	2.05e-12	2.35e-19	3.70e-53
 1.64714e+23	2.41e-23	2.51e-12	5.31e-09	1.14e-06	1.96e-03	9.83e-02	9.00e-01	0.00e+00	0.00e+00	0.00e+00	2.51e-12	2.88e-19	6.28e-53
 1.65083e+23	2.92e-23	2.92e-12	5.98e-09	1.24e-06	2.06e-03	1.01e-01	8.97e-01	0.00e+00	0.00e+00	0.00e+00	2.92e-12	3.35e-19	9.35e-53
 1.65460e+23	3.77e-23	3.58e-12	7.03e-09	1.38e-06	2.22e-03	1.04e-01	8.94e-01	0.00e+00	0.00e+00	0.00e+00	3.58e-12	4.11e-19	1.59e-52
 1.65844e+23	4.58e-23	4.16e-12	7.93e-09	1.51e-06	2.34e-03	1.07e-01	8.91e-01	0.00e+00	0.00e+00	0.00e+00	4.16e-12	4.79e-19	2.38e-52
 1.66238e+23	1.04e-23	5.11e-12	9.33e-09	1.69e-06	2.51e-03	1.10e-01	8.87e-01	0.00e+00	0.00e+00	0.00e+00	5.11e-12	5.88e-19	4.08e-52
 1.66623e+23	1.23e-23	5.83e-12	1.04e-08	1.82e-06	2.63e-03	1.13e-01	8.85e-01	0.00e+00	0.00e+00	0.00e+00	5.83e-12	6.71e-19	5.81e-52
 1.66996e+23	1.56e-23	7.09e-12	1.21e-08	2.03e-06	2.82e-03	1.16e-01	8.81e-01	0.00e+00	0.00e+00	0.00e+00	7.09e-12	8.16e-19	9.66e-52
 1.67375e+23	1.84e-23	8.10e-12	1.35e-08	2.18e-06	2.96e-03	1.19e-01	8.78e-01	0.00e+00	0.00e+00	0.00e+00	8.10e-12	9.33e-19	1.38e-51
 1.67762e+23	2.31e-23	9.76e-12	1.56e-08	2.43e-06	3.16e-03	1.23e-01	8.74e-01	0.00e+00	0.00e+00	0.00e+00	9.76e-12	1.13e-18	2.26e-51
 1.68161e+23	2.77e-23	1.13e-11	1.76e-08	2.64e-06	3.33e-03	1.26e-01	8.71e-01	0.00e+00	0.00e+00	0.00e+00	1.13e-11	1.31e-18	3.35e-51
 1.68575e+23	3.48e-23	1.37e-11	2.04e-08	2.93e-06	3.56e-03	1.30e-01	8.67e-01	0.00e+00	0.00e+00	0.00e+00	1.37e-11	1.58e-18	5.49e-51
 1.69004e+23	4.23e-23	1.60e-11	2.32e-08	3.21e-06	3.77e-03	1.33e-01	8.63e-01	0.00e+00	0.00e+00	0.00e+00	1.60e-11	1.85e-18	8.34e-51
 1.69450e+23	5.36e-23	1.94e-11	2.70e-08	3.58e-06	4.04e-03	1.37e-01	8.59e-01	0.00e+00	0.00e+00	0.00e+00	1.94e-11	2.24e-18	1.39e-50
 1.69909e+23	6.55e-23	2.28e-11	3.08e-08	3.92e-06	4.28e-03	1.41e-01	8.55e-01	0.00e+00	0.00e+00	0.00e+00	2.28e-11	2.64e-18	2.14e-50
 1.70384e+23	8.37e-23	2.78e-11	3.61e-08	4.39e-06	4.60e-03	1.46e-01	8.50e-01	0.00e+00	0.00e+00	0.00e+00	2.78e-11	3.23e-18	3.64e-50
 1.70874e+23	1.03e-22	3.29e-11	4.13e-08	4.84e-06	4.89e-03	1.50e-01	8.45e-01	0.00e+00	0.00e+00	0.00e+00	3.29e-11	3.82e-18	5.70e-50
 1.71386e+23	1.33e-22	4.05e-11	4.88e-08	5.45e-06	5.27e-03	1.55e-01	8.40e-01	0.00e+00	0.00e+00	0.00e+00	4.05e-11	4.71e-18	9.92e-50
 1.71910e+23	1.66e-22	4.83e-11	5.61e-08	6.02e-06	5.62e-03	1.60e-01	8.35e-01	0.00e+00	0.00e+00	0.00e+00	4.83e-11	5.61e-18	1.58e-49
 1.72380e+23	2.03e-22	5.68e-11	6.39e-08	6.61e-06	5.96e-03	1.64e-01	8.30e-01	0.00e+00	0.00e+00	0.00e+00	5.68e-11	6.61e-18	2.44e-49
 1.72919e+23	2.68e-22	7.12e-11	7.66e-08	7.52e-06	6.47e-03	1.70e-01	8.23e-01	0.00e+00	0.00e+00	0.00e+00	7.12e-11	8.30e-18	4.44e-49
 1.73462e+23	3.28e-22	8.37e-11	8.73e-08	8.26e-06	6.86e-03	1.75e-01	8.18e-01	0.00e+00	0.00e+00	0.00e+00	8.37e-11	9.77e-18	6.86e-49
 1.74011e+23	4.32e-22	1.04e-10	1.04e-07	9.38e-06	7.43e-03	1.81e-01	8.12e-01	0.00e+00	0.00e+00	0.00e+00	1.04e-10	1.22e-17	1.23e-48
 1.74570e+23	5.38e-22	1.25e-10	1.20e-07	1.04e-05	7.93e-03	1.86e-01	8.06e-01	0.00e+00	0.00e+00	0.00e+00	1.25e-10	1.46e-17	1.98e-48
 1.75145e+23	7.13e-22	1.57e-10	1.45e-07	1.18e-05	8.61e-03	1.93e-01	7.98e-01	0.00e+00	0.00e+00	0.00e+00	1.57e-10	1.84e-17	3.62e-48
 1.75729e+23	8.95e-22	1.89e-10	1.68e-07	1.32e-05	9.21e-03	1.99e-01	7.92e-01	0.00e+00	0.00e+00	0.00e+00	1.89e-10	2.22e-17	5.90e-48
 1.76325e+23	1.20e-21	2.41e-10	2.04e-07	1.52e-05	1.01e-02	2.07e-01	7.83e-01	0.00e+00	0.00e+00	0.00e+00	2.41e-10	2.84e-17	1.12e-47
 1.76888e+23	1.46e-21	2.83e-10	2.32e-07	1.66e-05	1.06e-02	2.12e-01	7.78e-01	0.00e+00	0.00e+00	0.00e+00	2.83e-10	3.33e-17	1.70e-47
 1.77409e+23	1.90e-21	3.52e-10	2.76e-07	1.88e-05	1.15e-02	2.19e-01	7.70e-01	0.00e+00	0.00e+00	0.00e+00	3.52e-10	4.16e-17	2.98e-47
 1.77934e+23	2.29e-21	4.13e-10	3.14e-07	2.06e-05	1.22e-02	2.24e-01	7.63e-01	0.00e+00	0.00e+00	0.00e+00	4.13e-10	4.89e-17	4.53e-47
 1.78464e+23	3.00e-21	5.19e-10	3.77e-07	2.35e-05	1.32e-02	2.32e-01	7.55e-01	0.00e+00	0.00e+00	0.00e+00	5.19e-10	6.15e-17	8.10e-47
 1.79000e+23	3.66e-21	6.15e-10	4.33e-07	2.59e-05	1.40e-02	2.38e-01	7.48e-01	0.00e+00	0.00e+00	0.00e+00	6.15e-10	7.31e-17	1.26e-46
 1.79541e+23	4.79e-21	7.77e-10	5.22e-07	2.96e-05	1.52e-02	2.47e-01	7.38e-01	0.00e+00	0.00e+00	0.00e+00	7.77e-10	9.25e-17	2.26e-46
 1.80091e+23	5.88e-21	9.28e-10	6.02e-07	3.28e-05	1.62e-02	2.53e-01	7.31e-01	0.00e+00	0.00e+00	0.00e+00	9.28e-10	1.11e-16	3.56e-46
 1.80650e+23	7.75e-21	1.19e-09	7.34e-07	3.77e-05	1.77e-02	2.62e-01	7.20e-01	0.00e+00	0.00e+00	0.00e+00	1.19e-09	1.42e-16	6.56e-46
 1.81217e+23	9.53e-21	1.43e-09	8.51e-07	4.19e-05	1.89e-02	2.69e-01	7.12e-01	0.00e+00	0.00e+00	0.00e+00	1.43e-09	1.71e-16	1.04e-45
 1.81794e+23	1.25e-20	1.83e-09	1.04e-06	4.84e-05	2.06e-02	2.79e-01	7.00e-01	0.00e+00	0.00e+00	0.00e+00	1.83e-09	2.21e-16	1.94e-45
 1.82384e+23	1.57e-20	2.25e-09	1.23e-06	5.43e-05	2.22e-02	2.87e-01	6.91e-01	0.00e+00	0.00e+00	0.00e+00	2.25e-09	2.71e-16	3.20e-45
 1.82991e+23	2.07e-20	2.93e-09	1.52e-06	6.33e-05	2.43e-02	2.98e-01	6.78e-01	0.00e+00	0.00e+00	0.00e+00	2.93e-09	3.55e-16	6.10e-45
 1.83609e+23	2.60e-20	3.62e-09	1.81e-06	7.16e-05	2.62e-02	3.07e-01	6.67e-01	0.00e+00	0.00e+00	0.00e+00	3.62e-09	4.41e-16	1.02e-44
 1.84221e+23	3.37e-20	4.71e-09	2.23e-06	8.34e-05	2.88e-02	3.18e-01	6.53e-01	0.00e+00	0.00e+00	0.00e+00	4.71e-09	5.76e-16	1.91e-44
 1.84802e+23	4.10e-20	5.68e-09	2.60e-06	9.30e-05	3.07e-02	3.26e-01	6.43e-01	0.00e+00	0.00e+00	0.00e+00	5.68e-09	6.97e-16	2.98e-44
 1.85366e+23	5.21e-20	7.28e-09	3.19e-06	1.08e-04	3.35e-02	3.37e-01	6.30e-01	0.00e+00	0.00e+00	0.00e+00	7.28e-09	8.99e-16	5.34e-44
 1.85940e+23	6.34e-20	8.85e-09	3.74e-06	1.21e-04	3.60e-02	3.45e-01	6.19e-01	0.00e+00	0.00e+00	0.00e+00	8.85e-09	1.10e-15	8.44e-44
 1.86502e+23	7.87e-20	1.12e-08	4.54e-06	1.39e-04	3.91e-02	3.56e-01	6.05e-01	0.00e+00	0.00e+00	0.00e+00	1.12e-08	1.40e-15	1.45e-43
 1.87075e+23	9.56e-20	1.37e-08	5.36e-06	1.57e-04	4.20e-02	3.65e-01	5.93e-01	0.00e+00	0.00e+00	0.00e+00	1.37e-08	1.73e-15	2.31e-43
 1.87634e+23	1.15e-19	1.71e-08	6.44e-06	1.79e-04	4.55e-02	3.75e-01	5.79e-01	0.00e+00	0.00e+00	0.00e+00	1.71e-08	2.18e-15	3.81e-43
 1.88205e+23	1.38e-19	2.11e-08	7.65e-06	2.03e-04	4.90e-02	3.85e-01	5.66e-01	0.00e+00	0.00e+00	0.00e+00	2.11e-08	2.71e-15	6.07e-43
 1.88770e+23	1.65e-19	2.60e-08	9.13e-06	2.31e-04	5.29e-02	3.95e-01	5.52e-01	0.00e+00	0.00e+00	0.00e+00	2.60e-08	3.38e-15	9.70e-43
 1.89339e+23	1.96e-19	3.19e-08	1.08e-05	2.62e-04	5.70e-02	4.04e-01	5.38e-01	0.00e+00	0.00e+00	0.00e+00	3.19e-08	4.20e-15	1.52e-42
 1.89901e+23	2.31e-19	3.89e-08	1.28e-05	2.97e-04	6.13e-02	4.14e-01	5.25e-01	0.00e+00	0.00e+00	0.00e+00	3.89e-08	5.20e-15	2.35e-42
 1.90462e+23	2.72e-19	4.73e-08	1.51e-05	3.36e-04	6.58e-02	4.23e-01	5.11e-01	0.00e+00	0.00e+00	0.00e+00	4.73e-08	6.43e-15	3.59e-42
 1.91024e+23	3.19e-19	5.74e-08	1.79e-05	3.80e-04	7.07e-02	4.32e-01	4.97e-01	0.00e+00	0.00e+00	0.00e+00	5.74e-08	7.92e-15	5.44e-42
 1.91588e+23	3.73e-19	6.93e-08	2.10e-05	4.29e-04	7.58e-02	4.41e-01	4.83e-01	0.00e+00	0.00e+00	0.00e+00	6.93e-08	9.75e-15	8.14e-42
 1.92157e+23	4.37e-19	8.36e-08	2.47e-05	4.84e-04	8.12e-02	4.50e-01	4.69e-01	0.00e+00	0.00e+00	0.00e+00	8.36e-08	1.20e-14	1.21e-41
 1.92730e+23	5.11e-19	1.00e-07	2.90e-05	5.46e-04	8.70e-02	4.58e-01	4.54e-01	0.00e+00	0.00e+00	0.00e+00	1.00e-07	1.47e-14	1.78e-41
 1.93311e+23	5.99e-19	1.21e-07	3.40e-05	6.16e-04	9.31e-02	4.66e-01	4.40e-01	0.00e+00	0.00e+00	0.00e+00	1.21e-07	1.80e-14	2.60e-41
 1.93894e+23	7.03e-19	1.44e-07	3.98e-05	6.94e-04	9.95e-02	4.74e-01	4.26e-01	0.00e+00	0.00e+00	0.00e+00	1.44e-07	2.19e-14	3.76e-41
 1.94487e+23	8.30e-19	1.72e-07	4.66e-05	7.83e-04	1.06e-01	4.81e-01	4.11e-01	0.00e+00	0.00e+00	0.00e+00	1.72e-07	2.68e-14	5.44e-41
 1.95087e+23	9.80e-19	2.04e-07	5.44e-05	8.80e-04	1.14e-01	4.88e-01	3.97e-01	0.00e+00	0.00e+00	0.00e+00	2.04e-07	3.25e-14	7.76e-41
 1.95699e+23	1.56e-18	2.44e-07	6.37e-05	9.93e-04	1.21e-01	4.95e-01	3.82e-01	0.00e+00	0.00e+00	0.00e+00	2.44e-07	3.95e-14	1.11e-40
 1.96269e+23	2.17e-17	2.80e-07	7.23e-05	1.09e-03	1.28e-01	5.00e-01	3.70e-01	0.00e+00	0.00e+00	0.00e+00	2.80e-07	4.62e-14	1.48e-40
 1.96856e+23	4.67e-17	3.34e-07	8.49e-05	1.24e-03	1.37e-01	5.07e-01	3.55e-01	4.67e-17	1.29e-22	3.05e-23	3.34e-07	5.62e-14	2.13e-40
 1.97453e+23	7.72e-17	3.83e-07	9.62e-05	1.36e-03	1.44e-01	5.11e-01	3.43e-01	7.72e-17	2.61e-21	4.17e-22	3.83e-07	6.55e-14	2.82e-40
 1.98063e+23	1.31e-16	4.57e-07	1.13e-04	1.55e-03	1.54e-01	5.16e-01	3.28e-01	1.31e-16	4.46e-21	7.13e-22	4.57e-07	7.95e-14	4.02e-40
 1.98676e+23	2.05e-16	5.20e-07	1.28e-04	1.70e-03	1.62e-01	5.20e-01	3.17e-01	2.05e-16	6.97e-21	1.11e-21	5.20e-07	9.18e-14	5.30e-40
 1.99293e+23	3.43e-16	6.15e-07	1.49e-04	1.91e-03	1.73e-01	5.24e-01	3.02e-01	3.43e-16	1.17e-20	1.88e-21	6.15e-07	1.10e-13	7.46e-40
 1.99914e+23	5.10e-16	6.98e-07	1.68e-04	2.10e-03	1.81e-01	5.26e-01	2.91e-01	5.10e-16	1.74e-20	2.80e-21	6.98e-07	1.27e-13	9.74e-40
 2.00539e+23	7.79e-16	8.20e-07	1.95e-04	2.36e-03	1.92e-01	5.29e-01	2.77e-01	7.79e-16	2.67e-20	4.30e-21	8.20e-07	1.51e-13	1.36e-39
 2.01170e+23	1.08e-15	9.27e-07	2.19e-04	2.58e-03	2.01e-01	5.30e-01	2.66e-01	1.08e-15	3.73e-20	6.00e-21	9.27e-07	1.72e-13	1.77e-39
 2.01808e+23	1.57e-15	1.08e-06	2.54e-04	2.90e-03	2.13e-01	5.31e-01	2.52e-01	1.57e-15	5.43e-20	8.75e-21	1.08e-06	2.04e-13	2.45e-39
 2.02454e+23	2.08e-15	1.22e-06	2.84e-04	3.16e-03	2.23e-01	5.32e-01	2.42e-01	2.08e-15	7.19e-20	1.16e-20	1.22e-06	2.33e-13	3.18e-39
 2.03111e+23	2.86e-15	1.42e-06	3.29e-04	3.55e-03	2.36e-01	5.32e-01	2.29e-01	2.86e-15	9.95e-20	1.61e-20	1.42e-06	2.75e-13	4.42e-39
 2.03779e+23	3.69e-15	1.60e-06	3.68e-04	3.87e-03	2.46e-01	5.31e-01	2.19e-01	3.69e-15	1.29e-19	2.09e-20	1.60e-06	3.13e-13	5.76e-39
 2.04461e+23	5.00e-15	1.87e-06	4.26e-04	4.34e-03	2.60e-01	5.29e-01	2.06e-01	5.00e-15	1.75e-19	2.84e-20	1.87e-06	3.68e-13	8.02e-39
 2.05158e+23	6.39e-15	2.10e-06	4.77e-04	4.75e-03	2.71e-01	5.27e-01	1.96e-01	6.39e-15	2.25e-19	3.65e-20	2.10e-06	4.19e-13	1.05e-38
 2.05873e+23	8.57e-15	2.45e-06	5.53e-04	5.33e-03	2.86e-01	5.24e-01	1.84e-01	8.57e-15	3.03e-19	4.93e-20	2.45e-06	4.94e-13	1.48e-38
 2.06606e+23	1.09e-14	2.76e-06	6.20e-04	5.82e-03	2.98e-01	5.21e-01	1.74e-01	1.09e-14	3.88e-19	6.33e-20	2.76e-06	5.63e-13	1.97e-38
 2.07223e+23	1.34e-14	3.06e-06	6.85e-04	6.30e-03	3.09e-01	5.18e-01	1.66e-01	1.34e-14	4.77e-19	7.80e-20	3.06e-06	6.30e-13	2.53e-38
 2.07888e+23	1.73e-14	3.50e-06	7.79e-04	6.96e-03	3.24e-01	5.13e-01	1.56e-01	1.73e-14	6.18e-19	1.01e-19	3.50e-06	7.28e-13	3.45e-38
 2.08563e+23	2.13e-14	3.88e-06	8.60e-04	7.52e-03	3.35e-01	5.09e-01	1.48e-01	2.13e-14	7.64e-19	1.25e-19	3.88e-06	8.15e-13	4.47e-38
 2.09148e+23	2.57e-14	4.28e-06	9.46e-04	8.10e-03	3.46e-01	5.04e-01	1.41e-01	2.57e-14	9.26e-19	1.52e-19	4.28e-06	9.07e-13	5.67e-38
 2.09805e+23	3.25e-14	4.84e-06	1.07e-03	8.91e-03	3.60e-01	4.98e-01	1.32e-01	3.25e-14	1.18e-18	1.94e-19	4.84e-06	1.04e-12	7.68e-38
 2.10460e+23	3.94e-14	5.32e-06	1.17e-03	9.54e-03	3.71e-01	4.93e-01	1.26e-01	3.94e-14	1.44e-18	2.37e-19	5.32e-06	1.15e-12	9.86e-38
 2.11110e+23	4.97e-14	5.98e-06	1.31e-03	1.04e-02	3.85e-01	4.86e-01	1.18e-01	4.96e-14	1.82e-18	3.01e-19	5.98e-06	1.31e-12	1.33e-37
 2.11769e+23	6.04e-14	6.58e-06	1.43e-03	1.12e-02	3.96e-01	4.80e-01	1.12e-01	6.04e-14	2.22e-18	3.69e-19	6.58e-06	1.46e-12	1.72e-37
 2.12441e+23	7.67e-14	7.40e-06	1.60e-03	1.22e-02	4.10e-01	4.71e-01	1.04e-01	7.67e-14	2.84e-18	4.72e-19	7.40e-06	1.66e-12	2.36e-37
 2.13124e+23	9.44e-14	8.16e-06	1.76e-03	1.31e-02	4.22e-01	4.65e-01	9.87e-02	9.44e-14	3.51e-18	5.85e-19	8.16e-06	1.85e-12	3.09e-37
 2.13822e+23	1.21e-13	9.18e-06	1.97e-03	1.43e-02	4.37e-01	4.55e-01	9.16e-02	1.21e-13	4.53e-18	7.57e-19	9.18e-06	2.11e-12	4.27e-37
 2.14532e+23	1.51e-13	1.01e-05	2.16e-03	1.53e-02	4.48e-01	4.48e-01	8.65e-02	1.51e-13	5.69e-18	9.53e-19	1.01e-05	2.36e-12	5.68e-37
 2.15255e+23	1.97e-13	1.14e-05	2.42e-03	1.68e-02	4.63e-01	4.38e-01	7.99e-02	1.97e-13	7.49e-18	1.26e-18	1.14e-05	2.70e-12	7.98e-37
 2.15995e+23	2.50e-13	1.26e-05	2.66e-03	1.80e-02	4.75e-01	4.29e-01	7.50e-02	2.50e-13	9.56e-18	1.61e-18	1.26e-05	3.02e-12	1.07e-36
 2.16758e+23	3.41e-13	1.43e-05	2.99e-03	1.97e-02	4.90e-01	4.18e-01	6.89e-02	3.41e-13	1.31e-17	2.22e-18	1.43e-05	3.48e-12	1.55e-36
 2.17541e+23	4.48e-13	1.58e-05	3.29e-03	2.12e-02	5.02e-01	4.09e-01	6.43e-02	4.48e-13	1.74e-17	2.95e-18	1.58e-05	3.91e-12	2.13e-36
 2.18348e+23	6.50e-13	1.80e-05	3.71e-03	2.32e-02	5.18e-01	3.96e-01	5.87e-02	6.50e-13	2.55e-17	4.33e-18	1.80e-05	4.54e-12	3.17e-36
 2.19163e+23	9.26e-13	2.00e-05	4.07e-03	2.49e-02	5.30e-01	3.87e-01	5.47e-02	9.26e-13	3.66e-17	6.24e-18	2.00e-05	5.12e-12	4.42e-36
 2.19988e+23	1.46e-12	2.27e-05	4.59e-03	2.73e-02	5.45e-01	3.74e-01	4.97e-02	1.46e-12	5.82e-17	9.96e-18	2.27e-05	5.93e-12	6.64e-36
 2.20822e+23	2.41e-12	2.53e-05	5.04e-03	2.92e-02	5.56e-01	3.64e-01	4.61e-02	2.41e-12	9.70e-17	1.66e-17	2.53e-05	6.71e-12	9.37e-36
 2.21667e+23	4.68e-12	2.87e-05	5.67e-03	3.19e-02	5.71e-01	3.50e-01	4.17e-02	4.68e-12	1.91e-16	3.29e-17	2.87e-05	7.80e-12	1.44e-35
 2.22493e+23	9.86e-12	3.18e-05	6.18e-03	3.39e-02	5.80e-01	3.41e-01	3.88e-02	9.86e-12	4.06e-16	7.01e-17	3.18e-05	8.77e-12	2.01e-35
 2.23293e+23	2.95e-11	3.58e-05	6.90e-03	3.68e-02	5.93e-01	3.28e-01	3.52e-02	2.95e-11	1.23e-15	2.13e-16	3.58e-05	1.01e-11	3.07e-35
 2.24121e+23	1.03e-10	3.98e-05	7.55e-03	3.92e-02	6.03e-01	3.18e-01	3.25e-02	1.03e-10	4.31e-15	7.51e-16	3.98e-05	1.14e-11	4.64e-35
 2.24828e+23	2.88e-10	4.36e-05	8.16e-03	4.15e-02	6.12e-01	3.08e-01	3.03e-02	2.88e-10	1.22e-14	2.13e-15	4.36e-05	1.27e-11	7.08e-35
 2.25591e+23	5.12e-10	4.88e-05	9.02e-03	4.46e-02	6.22e-01	2.97e-01	2.75e-02	5.12e-10	2.20e-14	3.86e-15	4.88e-05	1.46e-11	1.15e-34
 2.26354e+23	6.96e-10	5.34e-05	9.74e-03	4.72e-02	6.30e-01	2.87e-01	2.56e-02	6.96e-10	3.02e-14	5.31e-15	5.34e-05	1.63e-11	1.65e-34
 2.27119e+23	9.31e-10	5.98e-05	1.07e-02	5.05e-02	6.39e-01	2.76e-01	2.33e-02	9.31e-10	4.10e-14	7.23e-15	5.98e-05	1.86e-11	2.55e-34
 2.27914e+23	1.19e-09	6.59e-05	1.17e-02	5.37e-02	6.47e-01	2.66e-01	2.14e-02	1.19e-09	5.28e-14	9.34e-15	6.59e-05	2.10e-11	3.73e-34
 2.28623e+23	1.43e-09	7.25e-05	1.26e-02	5.66e-02	6.54e-01	2.57e-01	1.98e-02	1.43e-09	6.44e-14	1.14e-14	7.25e-05	2.35e-11	5.31e-34
 2.29421e+23	1.81e-09	8.15e-05	1.39e-02	6.05e-02	6.61e-01	2.46e-01	1.79e-02	1.81e-09	8.28e-14	1.48e-14	8.15e-05	2.71e-11	8.28e-34
 2.30260e+23	1.17e-09	9.05e-05	1.51e-02	6.43e-02	6.68e-01	2.36e-01	1.63e-02	1.17e-09	5.43e-14	9.72e-15	9.05e-05	3.08e-11	1.02e-33
 2.31024e+23	1.17e-10	9.99e-05	1.64e-02	6.80e-02	6.74e-01	2.27e-01	1.50e-02	1.17e-10	5.48e-15	9.85e-16	9.99e-05	3.48e-11	1.30e-33
 2.31887e+23	7.04e-10	1.13e-04	1.82e-02	7.28e-02	6.80e-01	2.15e-01	1.34e-02	7.04e-10	3.36e-14	6.06e-15	1.13e-04	4.07e-11	1.99e-33
 2.32775e+23	3.85e-09	1.26e-04	1.98e-02	7.73e-02	6.85e-01	2.06e-01	1.21e-02	3.85e-09	1.86e-13	3.38e-14	1.26e-04	4.65e-11	4.27e-33
 2.33564e+23	4.51e-09	1.40e-04	2.15e-02	8.16e-02	6.89e-01	1.97e-01	1.10e-02	4.51e-09	2.22e-13	4.04e-14	1.40e-04	5.28e-11	6.24e-33
