#depth	H	H+	H2
 4.62852e+21	1.34e-08	1.00e+00	2.10e-37
 1.04975e+22	2.15e-08	1.00e+00	1.71e-36
 1.23581e+22	2.76e-08	1.00e+00	5.09e-36
 1.32884e+22	3.15e-08	1.00e+00	8.96e-36
 1.36761e+22	3.26e-08	1.00e+00	1.03e-35
 1.38199e+22	3.36e-08	1.00e+00	1.17e-35
 1.39495e+22	3.46e-08	1.00e+00	1.32e-35
 1.40952e+22	3.58e-08	1.00e+00	1.53e-35
 1.42468e+22	3.70e-08	1.00e+00	1.75e-35
 1.43736e+22	3.80e-08	1.00e+00	1.96e-35
 1.45062e+22	3.92e-08	1.00e+00	2.24e-35
 1.46432e+22	4.04e-08	1.00e+00	2.53e-35
 1.47604e+22	4.15e-08	1.00e+00	2.82e-35
 1.48693e+22	4.26e-08	1.00e+00	3.14e-35
 1.49928e+22	4.40e-08	1.00e+00	3.59e-35
 1.51181e+22	4.52e-08	1.00e+00	4.00e-35
 1.52456e+22	4.68e-08	1.00e+00	4.61e-35
 1.53726e+22	4.82e-08	1.00e+00	5.17e-35
 1.54742e+22	4.94e-08	1.00e+00	5.70e-35
 1.55816e+22	5.10e-08	1.00e+00	6.43e-35
 1.56922e+22	5.23e-08	1.00e+00	7.12e-35
 1.58068e+22	5.42e-08	1.00e+00	8.16e-35
 1.59192e+22	5.55e-08	1.00e+00	9.02e-35
 1.60289e+22	5.76e-08	1.00e+00	1.04e-34
 1.61369e+22	5.91e-08	1.00e+00	1.14e-34
 1.62428e+22	6.12e-08	1.00e+00	1.30e-34
 1.63526e+22	6.30e-08	1.00e+00	1.45e-34
 1.64481e+22	6.47e-08	1.00e+00	1.61e-34
 1.65527e+22	6.73e-08	1.00e+00	1.85e-34
 1.66559e+22	6.90e-08	1.00e+00	2.04e-34
 1.67575e+22	7.17e-08	1.00e+00	2.33e-34
 1.68572e+22	7.36e-08	1.00e+00	2.57e-34
 1.69545e+22	7.65e-08	1.00e+00	2.94e-34
 1.70513e+22	7.85e-08	1.00e+00	3.24e-34
 1.71474e+22	8.17e-08	1.00e+00	3.71e-34
 1.72441e+22	8.41e-08	1.00e+00	4.11e-34
 1.73418e+22	8.76e-08	1.00e+00	4.73e-34
 1.74405e+22	9.03e-08	1.00e+00	5.26e-34
 1.75403e+22	9.41e-08	1.00e+00	6.06e-34
 1.76393e+22	9.71e-08	1.00e+00	6.73e-34
 1.77370e+22	1.01e-07	1.00e+00	7.74e-34
 1.78363e+22	1.05e-07	1.00e+00	8.65e-34
 1.79377e+22	1.10e-07	1.00e+00	1.00e-33
 1.80401e+22	1.13e-07	1.00e+00	1.12e-33
 1.81439e+22	1.19e-07	1.00e+00	1.30e-33
 1.82483e+22	1.23e-07	1.00e+00	1.46e-33
 1.83385e+22	1.28e-07	1.00e+00	1.64e-33
 1.84407e+22	1.34e-07	1.00e+00	1.89e-33
 1.85429e+22	1.38e-07	1.00e+00	2.12e-33
 1.86451e+22	1.45e-07	1.00e+00	2.45e-33
 1.87482e+22	1.50e-07	1.00e+00	2.73e-33
 1.88523e+22	1.57e-07	1.00e+00	3.14e-33
 1.89594e+22	1.63e-07	1.00e+00	3.52e-33
 1.90704e+22	1.70e-07	1.00e+00	4.08e-33
 1.91835e+22	1.77e-07	1.00e+00	4.57e-33
 1.92993e+22	1.85e-07	1.00e+00	5.30e-33
 1.94172e+22	1.92e-07	1.00e+00	5.95e-33
 1.95379e+22	2.02e-07	1.00e+00	6.90e-33
 1.96593e+22	2.09e-07	1.00e+00	7.73e-33
 1.97816e+22	2.19e-07	1.00e+00	8.93e-33
 1.99071e+22	2.27e-07	1.00e+00	1.00e-32
 2.00162e+22	2.35e-07	1.00e+00	1.11e-32
 2.01374e+22	2.45e-07	1.00e+00	1.28e-32
 2.02598e+22	2.53e-07	1.00e+00	1.42e-32
 2.03838e+22	2.64e-07	1.00e+00	1.63e-32
 2.05100e+22	2.73e-07	1.00e+00	1.81e-32
 2.06207e+22	2.82e-07	1.00e+00	2.00e-32
 2.07459e+22	2.94e-07	1.00e+00	2.28e-32
 2.08719e+22	3.04e-07	1.00e+00	2.53e-32
 2.09987e+22	3.17e-07	1.00e+00	2.89e-32
 2.11266e+22	3.26e-07	1.00e+00	3.18e-32
 2.12562e+22	3.40e-07	1.00e+00	3.63e-32
 2.13882e+22	3.51e-07	1.00e+00	1.97e-32
 2.15235e+22	3.66e-07	1.00e+00	2.25e-32
 2.16614e+22	3.77e-07	1.00e+00	2.50e-32
 2.18026e+22	3.93e-07	1.00e+00	2.86e-32
 2.19405e+22	4.04e-07	1.00e+00	3.14e-32
 2.20743e+22	4.21e-07	1.00e+00	3.58e-32
 2.22100e+22	4.32e-07	1.00e+00	3.93e-32
 2.23484e+22	4.49e-07	1.00e+00	4.46e-32
 2.24909e+22	4.63e-07	1.00e+00	4.94e-32
 2.26390e+22	4.82e-07	1.00e+00	5.62e-32
 2.27918e+22	4.98e-07	1.00e+00	6.27e-32
 2.29508e+22	5.18e-07	1.00e+00	7.18e-32
 2.31139e+22	5.35e-07	1.00e+00	8.04e-32
 2.32824e+22	5.57e-07	1.00e+00	9.27e-32
 2.34562e+22	5.77e-07	1.00e+00	1.04e-31
 2.36369e+22	6.02e-07	1.00e+00	1.21e-31
 2.38238e+22	6.24e-07	1.00e+00	1.38e-31
 2.39929e+22	6.46e-07	1.00e+00	1.56e-31
 2.41872e+22	6.76e-07	1.00e+00	1.83e-31
 2.43852e+22	7.01e-07	1.00e+00	2.08e-31
 2.45881e+22	7.34e-07	1.00e+00	2.45e-31
 2.47937e+22	7.62e-07	1.00e+00	2.80e-31
 2.50029e+22	8.00e-07	1.00e+00	3.25e-31
 2.52143e+22	8.32e-07	1.00e+00	3.71e-31
 2.54285e+22	8.76e-07	1.00e+00	4.42e-31
 2.56439e+22	9.11e-07	1.00e+00	5.05e-31
 2.58240e+22	9.44e-07	1.00e+00	5.69e-31
 2.60215e+22	9.93e-07	1.00e+00	6.69e-31
 2.62162e+22	1.03e-06	1.00e+00	7.50e-31
 2.64072e+22	1.08e-06	1.00e+00	8.75e-31
 2.66015e+22	1.12e-06	1.00e+00	9.84e-31
 2.68000e+22	1.18e-06	1.00e+00	1.15e-30
 2.70009e+22	1.23e-06	1.00e+00	1.30e-30
 2.72048e+22	1.30e-06	1.00e+00	1.51e-30
 2.74126e+22	1.36e-06	1.00e+00	1.72e-30
 2.76253e+22	1.45e-06	1.00e+00	2.01e-30
 2.78419e+22	1.52e-06	1.00e+00	2.28e-30
 2.80635e+22	1.62e-06	1.00e+00	2.68e-30
 2.82879e+22	1.70e-06	1.00e+00	3.04e-30
 2.84776e+22	1.79e-06	1.00e+00	3.40e-30
 2.86856e+22	1.90e-06	1.00e+00	3.91e-30
 2.88942e+22	2.00e-06	1.00e+00	4.36e-30
 2.90979e+22	2.13e-06	1.00e+00	4.96e-30
 2.93056e+22	2.24e-06	1.00e+00	5.54e-30
 2.95099e+22	2.39e-06	1.00e+00	6.19e-30
 2.97182e+22	2.52e-06	1.00e+00	6.83e-30
 2.99222e+22	2.68e-06	1.00e+00	7.63e-30
 3.01248e+22	2.83e-06	1.00e+00	8.41e-30
 3.03304e+22	3.01e-06	1.00e+00	9.29e-30
 3.05396e+22	3.19e-06	1.00e+00	1.03e-29
 3.07431e+22	3.38e-06	1.00e+00	1.13e-29
 3.09469e+22	3.58e-06	1.00e+00	1.25e-29
 3.11517e+22	3.79e-06	1.00e+00	1.38e-29
 3.13579e+22	4.01e-06	1.00e+00	1.53e-29
 3.15661e+22	4.25e-06	1.00e+00	1.70e-29
 3.17757e+22	4.50e-06	1.00e+00	1.90e-29
 3.19884e+22	4.78e-06	1.00e+00	2.14e-29
 3.22031e+22	5.06e-06	1.00e+00	2.42e-29
 3.24224e+22	5.37e-06	1.00e+00	2.85e-29
 3.26453e+22	5.69e-06	1.00e+00	3.28e-29
 3.28490e+22	5.97e-06	1.00e+00	3.73e-29
 3.30619e+22	6.35e-06	1.00e+00	4.39e-29
 3.32780e+22	6.66e-06	1.00e+00	5.06e-29
 3.35002e+22	7.09e-06	1.00e+00	6.11e-29
 3.37235e+22	7.44e-06	1.00e+00	7.13e-29
 3.39483e+22	7.92e-06	1.00e+00	8.74e-29
 3.41736e+22	8.29e-06	1.00e+00	1.03e-28
 3.43997e+22	8.82e-06	1.00e+00	1.27e-28
 3.46281e+22	9.24e-06	1.00e+00	1.51e-28
 3.48595e+22	9.82e-06	1.00e+00	1.90e-28
 3.50938e+22	1.03e-05	1.00e+00	2.27e-28
 3.53318e+22	1.09e-05	1.00e+00	2.88e-28
 3.55740e+22	1.15e-05	1.00e+00	3.49e-28
 3.58217e+22	1.22e-05	1.00e+00	4.48e-28
 3.60748e+22	1.28e-05	1.00e+00	5.48e-28
 3.63350e+22	1.37e-05	1.00e+00	7.14e-28
 3.66007e+22	1.44e-05	1.00e+00	8.81e-28
 3.68250e+22	1.51e-05	1.00e+00	1.06e-27
 3.70677e+22	1.60e-05	1.00e+00	1.36e-27
 3.73038e+22	1.66e-05	1.00e+00	1.62e-27
 3.75314e+22	1.76e-05	1.00e+00	2.04e-27
 3.77612e+22	1.83e-05	1.00e+00	2.44e-27
 3.79938e+22	1.93e-05	1.00e+00	3.08e-27
 3.82296e+22	2.01e-05	1.00e+00	3.69e-27
 3.84696e+22	2.13e-05	1.00e+00	4.68e-27
 3.87131e+22	2.22e-05	1.00e+00	5.64e-27
 3.89610e+22	2.35e-05	1.00e+00	7.20e-27
 3.92131e+22	2.45e-05	1.00e+00	8.72e-27
 3.94705e+22	2.59e-05	1.00e+00	1.12e-26
 3.97332e+22	2.71e-05	1.00e+00	1.37e-26
 4.00027e+22	2.88e-05	1.00e+00	1.78e-26
 4.02792e+22	3.02e-05	1.00e+00	2.19e-26
 4.05647e+22	3.21e-05	1.00e+00	2.88e-26
 4.08542e+22	3.36e-05	1.00e+00	3.57e-26
 4.11487e+22	3.58e-05	1.00e+00	4.72e-26
 4.14467e+22	3.76e-05	1.00e+00	5.87e-26
 4.17492e+22	4.01e-05	1.00e+00	7.82e-26
 4.20559e+22	4.21e-05	1.00e+00	9.77e-26
 4.23254e+22	4.42e-05	1.00e+00	1.22e-25
 4.26332e+22	4.71e-05	1.00e+00	1.62e-25
 4.29464e+22	4.96e-05	1.00e+00	2.04e-25
 4.32008e+22	5.18e-05	1.00e+00	2.49e-25
 4.34654e+22	5.45e-05	1.00e+00	3.14e-25
 4.37432e+22	5.70e-05	1.00e+00	3.87e-25
 4.39977e+22	5.96e-05	1.00e+00	4.75e-25
 4.42884e+22	6.31e-05	1.00e+00	6.15e-25
 4.45865e+22	6.63e-05	1.00e+00	7.70e-25
 4.48490e+22	6.93e-05	1.00e+00	9.48e-25
 4.51453e+22	7.34e-05	1.00e+00	1.23e-24
 4.54543e+22	7.73e-05	1.00e+00	1.56e-24
 4.57328e+22	8.10e-05	1.00e+00	1.94e-24
 4.60479e+22	8.60e-05	1.00e+00	2.56e-24
 4.63729e+22	9.08e-05	1.00e+00	3.27e-24
 4.66625e+22	9.54e-05	1.00e+00	4.11e-24
 4.69905e+22	1.01e-04	1.00e+00	5.48e-24
 4.73307e+22	1.07e-04	1.00e+00	7.07e-24
 4.76364e+22	1.13e-04	1.00e+00	9.00e-24
 4.79834e+22	1.21e-04	1.00e+00	1.22e-23
 4.83405e+22	1.28e-04	1.00e+00	1.59e-23
 4.86620e+22	1.35e-04	1.00e+00	2.05e-23
 4.90312e+22	1.45e-04	1.00e+00	2.85e-23
 4.94045e+22	1.54e-04	1.00e+00	3.73e-23
 4.97830e+22	1.65e-04	1.00e+00	5.22e-23
 5.01660e+22	1.75e-04	1.00e+00	6.86e-23
 5.05548e+22	1.88e-04	1.00e+00	9.76e-23
 5.09473e+22	2.00e-04	1.00e+00	1.29e-22
 5.13444e+22	2.16e-04	1.00e+00	1.78e-22
 5.17457e+22	2.29e-04	1.00e+00	2.36e-22
 5.21523e+22	2.48e-04	1.00e+00	3.43e-22
 5.25642e+22	2.64e-04	1.00e+00	4.59e-22
 5.29831e+22	2.86e-04	1.00e+00	6.78e-22
 5.33944e+22	3.03e-04	1.00e+00	9.00e-22
 5.37389e+22	3.21e-04	1.00e+00	1.19e-21
 5.40715e+22	3.39e-04	1.00e+00	1.56e-21
 5.44456e+22	3.64e-04	1.00e+00	2.20e-21
 5.48183e+22	3.84e-04	1.00e+00	2.89e-21
 5.51891e+22	4.13e-04	1.00e+00	4.11e-21
 5.55653e+22	4.36e-04	1.00e+00	5.40e-21
 5.59487e+22	4.68e-04	1.00e+00	7.77e-21
 5.63381e+22	4.96e-04	1.00e+00	1.05e-20
 5.66829e+22	5.26e-04	9.99e-01	1.42e-20
 5.70786e+22	5.65e-04	9.99e-01	2.11e-20
 5.74617e+22	5.96e-04	9.99e-01	2.85e-20
 5.77666e+22	6.27e-04	9.99e-01	3.77e-20
 5.81015e+22	6.65e-04	9.99e-01	5.29e-20
 5.84422e+22	7.00e-04	9.99e-01	7.08e-20
 5.87430e+22	7.35e-04	9.99e-01	9.51e-20
 5.90862e+22	7.81e-04	9.99e-01	1.40e-19
 5.94335e+22	8.22e-04	9.99e-01	1.97e-19
 5.97380e+22	8.64e-04	9.99e-01	2.68e-19
 6.00857e+22	9.20e-04	9.99e-01	4.38e-19
 6.04363e+22	9.66e-04	9.99e-01	6.03e-19
 6.07907e+22	1.03e-03	9.99e-01	9.94e-19
 6.11507e+22	1.08e-03	9.99e-01	1.62e-18
 6.14679e+22	1.14e-03	9.99e-01	2.52e-18
 6.18300e+22	1.21e-03	9.99e-01	5.04e-18
 6.22000e+22	1.28e-03	9.99e-01	9.28e-18
 6.25803e+22	1.37e-03	9.99e-01	2.00e-17
 6.29679e+22	1.45e-03	9.99e-01	5.46e-17
 6.33059e+22	1.52e-03	9.98e-01	1.26e-16
 6.36860e+22	1.63e-03	9.98e-01	2.45e-16
 6.40803e+22	1.72e-03	9.98e-01	3.75e-16
 6.44932e+22	1.85e-03	9.98e-01	6.43e-16
 6.49069e+22	1.96e-03	9.98e-01	8.64e-16
 6.53217e+22	2.10e-03	9.98e-01	1.27e-15
 6.57483e+22	2.23e-03	9.98e-01	1.74e-15
 6.60731e+22	2.33e-03	9.98e-01	2.17e-15
 6.63783e+22	2.45e-03	9.98e-01	2.73e-15
 6.66928e+22	2.56e-03	9.97e-01	3.23e-15
 6.70195e+22	2.70e-03	9.97e-01	3.99e-15
 6.73472e+22	2.82e-03	9.97e-01	4.71e-15
 6.76764e+22	2.98e-03	9.97e-01	5.82e-15
 6.80093e+22	3.12e-03	9.97e-01	6.89e-15
 6.83473e+22	3.30e-03	9.97e-01	8.52e-15
 6.86913e+22	3.45e-03	9.97e-01	1.02e-14
 6.90433e+22	3.66e-03	9.96e-01	1.27e-14
 6.94007e+22	3.84e-03	9.96e-01	1.52e-14
 6.97652e+22	4.08e-03	9.96e-01	1.91e-14
 7.01368e+22	4.29e-03	9.96e-01	2.30e-14
 7.05175e+22	4.56e-03	9.95e-01	2.92e-14
 7.09069e+22	4.80e-03	9.95e-01	3.55e-14
 7.13079e+22	5.13e-03	9.95e-01	4.55e-14
 7.17137e+22	5.40e-03	9.95e-01	5.56e-14
 7.21258e+22	5.78e-03	9.94e-01	7.17e-14
 7.25441e+22	6.09e-03	9.94e-01	8.82e-14
 7.29705e+22	6.51e-03	9.93e-01	1.15e-13
 7.34082e+22	6.89e-03	9.93e-01	1.43e-13
 7.38605e+22	7.42e-03	9.93e-01	1.91e-13
 7.43132e+22	7.84e-03	9.92e-01	2.37e-13
 7.47663e+22	8.42e-03	9.92e-01	3.14e-13
 7.52355e+22	8.96e-03	9.91e-01	4.01e-13
 7.57259e+22	9.69e-03	9.90e-01	5.43e-13
 7.62274e+22	1.03e-02	9.90e-01	6.95e-13
 7.67436e+22	1.12e-02	9.89e-01	9.67e-13
 7.72729e+22	1.20e-02	9.88e-01	1.25e-12
 7.78194e+22	1.32e-02	9.87e-01	1.79e-12
 7.83858e+22	1.42e-02	9.86e-01	2.38e-12
 7.89778e+22	1.57e-02	9.84e-01	3.52e-12
 7.95948e+22	1.71e-02	9.83e-01	4.88e-12
 8.00776e+22	1.82e-02	9.82e-01	6.19e-12
 8.05385e+22	1.99e-02	9.80e-01	8.45e-12
 8.10131e+22	2.14e-02	9.79e-01	1.11e-11
 8.15057e+22	2.38e-02	9.76e-01	1.60e-11
 8.20065e+22	2.60e-02	9.74e-01	2.16e-11
 8.25181e+22	2.94e-02	9.71e-01	3.23e-11
 8.30481e+22	3.29e-02	9.67e-01	4.66e-11
 8.34735e+22	3.63e-02	9.64e-01	6.33e-11
 8.38406e+22	4.01e-02	9.60e-01	8.55e-11
 8.42607e+22	4.60e-02	9.54e-01	1.28e-10
 8.47000e+22	5.31e-02	9.47e-01	1.90e-10
 8.50941e+22	6.15e-02	9.39e-01	2.83e-10
 8.54744e+22	7.21e-02	9.28e-01	4.28e-10
 8.58364e+22	8.54e-02	9.15e-01	6.53e-10
 8.61693e+22	1.02e-01	8.98e-01	9.95e-10
 8.64722e+22	1.22e-01	8.78e-01	1.50e-09
 8.67474e+22	1.45e-01	8.55e-01	2.24e-09
 8.69984e+22	1.73e-01	8.27e-01	3.29e-09
 8.72272e+22	2.04e-01	7.96e-01	4.75e-09
 8.74352e+22	2.40e-01	7.60e-01	6.68e-09
 8.75664e+22	2.64e-01	7.36e-01	8.09e-09
 8.76163e+22	2.74e-01	7.26e-01	8.73e-09
 8.76567e+22	2.83e-01	7.17e-01	9.36e-09
 8.77090e+22	2.95e-01	7.05e-01	1.02e-08
 8.77716e+22	3.10e-01	6.90e-01	1.13e-08
 8.78349e+22	3.26e-01	6.74e-01	1.26e-08
 8.78934e+22	3.40e-01	6.60e-01	1.37e-08
 8.79531e+22	3.56e-01	6.44e-01	1.51e-08
 8.80159e+22	3.73e-01	6.27e-01	1.67e-08
 8.80777e+22	3.90e-01	6.10e-01	1.83e-08
 8.81402e+22	4.08e-01	5.92e-01	2.01e-08
 8.82053e+22	4.27e-01	5.73e-01	2.20e-08
 8.82728e+22	4.46e-01	5.54e-01	2.41e-08
 8.83427e+22	4.68e-01	5.32e-01	2.66e-08
 8.84138e+22	4.89e-01	5.11e-01	2.91e-08
 8.84867e+22	5.10e-01	4.90e-01	3.17e-08
 8.85616e+22	5.32e-01	4.68e-01	3.45e-08
 8.86214e+22	5.49e-01	4.51e-01	3.66e-08
 8.86608e+22	5.60e-01	4.40e-01	3.80e-08
 8.86979e+22	5.70e-01	4.30e-01	3.94e-08
 8.87420e+22	5.83e-01	4.17e-01	4.12e-08
 8.87907e+22	5.96e-01	4.04e-01	4.31e-08
 8.88381e+22	6.08e-01	3.92e-01	4.49e-08
 8.88838e+22	6.20e-01	3.80e-01	4.66e-08
 8.89303e+22	6.32e-01	3.68e-01	4.84e-08
 8.89783e+22	6.43e-01	3.57e-01	5.01e-08
 8.90278e+22	6.55e-01	3.45e-01	5.20e-08
 8.90778e+22	6.66e-01	3.34e-01	5.39e-08
 8.91275e+22	6.77e-01	3.23e-01	5.56e-08
 8.91780e+22	6.88e-01	3.12e-01	5.74e-08
 8.92306e+22	6.99e-01	3.01e-01	5.92e-08
 8.92849e+22	7.09e-01	2.91e-01	6.11e-08
 8.93397e+22	7.20e-01	2.80e-01	6.29e-08
 8.93949e+22	7.29e-01	2.71e-01	6.47e-08
 8.94521e+22	7.39e-01	2.61e-01	6.65e-08
 8.95113e+22	7.49e-01	2.51e-01	6.84e-08
 8.95720e+22	7.58e-01	2.42e-01	7.03e-08
 8.96338e+22	7.67e-01	2.33e-01	7.21e-08
 8.96970e+22	7.76e-01	2.24e-01	7.40e-08
 8.97621e+22	7.84e-01	2.16e-01	7.59e-08
 8.98295e+22	7.93e-01	2.07e-01	7.78e-08
 8.98986e+22	8.01e-01	1.99e-01	7.98e-08
 8.99693e+22	8.09e-01	1.91e-01	8.18e-08
 9.00418e+22	8.16e-01	1.84e-01	8.38e-08
 9.01167e+22	8.24e-01	1.76e-01	8.58e-08
 9.01939e+22	8.31e-01	1.69e-01	8.79e-08
 9.02731e+22	8.37e-01	1.63e-01	8.99e-08
 9.03529e+22	8.44e-01	1.56e-01	9.22e-08
 9.04341e+22	8.50e-01	1.50e-01	9.44e-08
 9.05181e+22	8.56e-01	1.44e-01	9.68e-08
 9.06025e+22	8.62e-01	1.38e-01	9.91e-08
 9.06864e+22	8.67e-01	1.33e-01	1.02e-07
 9.07725e+22	8.72e-01	1.28e-01	1.04e-07
 9.08611e+22	8.77e-01	1.23e-01	1.07e-07
 9.09505e+22	8.82e-01	1.18e-01	1.09e-07
 9.10402e+22	8.86e-01	1.14e-01	1.12e-07
 9.11330e+22	8.90e-01	1.10e-01	1.15e-07
 9.12286e+22	8.94e-01	1.06e-01	1.19e-07
 9.13252e+22	8.98e-01	1.02e-01	1.23e-07
 9.14228e+22	9.02e-01	9.78e-02	1.27e-07
 9.15235e+22	9.06e-01	9.41e-02	1.31e-07
 9.16269e+22	9.09e-01	9.06e-02	1.36e-07
 9.17281e+22	9.13e-01	8.74e-02	1.41e-07
 9.18231e+22	9.15e-01	8.46e-02	1.45e-07
 9.19106e+22	9.18e-01	8.22e-02	1.49e-07
 9.19921e+22	9.20e-01	7.99e-02	1.53e-07
 9.20677e+22	9.22e-01	7.80e-02	1.57e-07
 9.21409e+22	9.24e-01	7.61e-02	1.62e-07
 9.22145e+22	9.26e-01	7.44e-02	1.67e-07
 9.22867e+22	9.28e-01	7.25e-02	1.72e-07
 9.23558e+22	9.29e-01	7.07e-02	1.77e-07
 9.24194e+22	9.31e-01	6.92e-02	1.82e-07
 9.24815e+22	9.32e-01	6.77e-02	1.87e-07
 9.25418e+22	9.34e-01	6.62e-02	1.92e-07
