#depth	Ar	Ar+	Ar+2	Ar+3	Ar+4	Ar+5	Ar+6	Ar+7	Ar+8	Ar+9	Ar+10	Ar+11	Ar+12	Ar+13	Ar+14	Ar+15	Ar+16	Ar+17	Ar+18
 4.62852e+21	0.00e+00	0.00e+00	1.58e-27	3.28e-24	4.10e-21	2.02e-18	5.83e-16	1.95e-13	1.32e-10	1.20e-08	5.41e-07	1.17e-05	1.77e-04	1.36e-03	6.64e-03	3.48e-02	3.24e-01	4.38e-01	1.95e-01
 1.04975e+22	0.00e+00	1.69e-30	5.77e-25	8.20e-22	6.64e-19	2.07e-16	3.72e-14	7.64e-12	4.07e-09	2.76e-07	8.83e-06	1.31e-04	1.36e-03	6.84e-03	2.11e-02	6.99e-02	4.26e-01	3.69e-01	1.05e-01
 1.23581e+22	0.00e+00	4.00e-29	1.15e-23	1.34e-20	8.57e-18	2.08e-15	2.89e-13	4.56e-11	2.22e-08	1.31e-06	3.55e-05	4.35e-04	3.71e-03	1.49e-02	3.61e-02	9.41e-02	4.62e-01	3.17e-01	7.19e-02
 1.32884e+22	0.00e+00	2.04e-28	5.41e-23	5.63e-20	3.17e-17	6.72e-15	8.11e-13	1.11e-10	5.22e-08	2.89e-06	7.21e-05	7.98e-04	6.16e-03	2.21e-02	4.69e-02	1.08e-01	4.72e-01	2.87e-01	5.76e-02
 1.36761e+22	0.00e+00	3.04e-28	7.91e-23	8.01e-20	4.38e-17	8.97e-15	1.05e-12	1.38e-10	6.44e-08	3.52e-06	8.58e-05	9.26e-04	6.97e-03	2.42e-02	4.99e-02	1.11e-01	4.73e-01	2.79e-01	5.44e-02
 1.38199e+22	0.00e+00	4.37e-28	1.12e-22	1.10e-19	5.84e-17	1.16e-14	1.31e-12	1.67e-10	7.76e-08	4.18e-06	1.00e-04	1.06e-03	7.79e-03	2.64e-02	5.28e-02	1.14e-01	4.74e-01	2.72e-01	5.16e-02
 1.39495e+22	0.00e+00	6.19e-28	1.55e-22	1.49e-19	7.70e-17	1.48e-14	1.62e-12	2.01e-10	9.28e-08	4.94e-06	1.16e-04	1.20e-03	8.65e-03	2.86e-02	5.56e-02	1.17e-01	4.75e-01	2.65e-01	4.91e-02
 1.40952e+22	0.00e+00	9.35e-28	2.30e-22	2.15e-19	1.07e-16	1.99e-14	2.10e-12	2.50e-10	1.15e-07	6.02e-06	1.39e-04	1.40e-03	9.80e-03	3.14e-02	5.91e-02	1.20e-01	4.75e-01	2.57e-01	4.61e-02
 1.42468e+22	0.00e+00	1.37e-27	3.30e-22	3.00e-19	1.45e-16	2.61e-14	2.65e-12	3.05e-10	1.40e-07	7.22e-06	1.63e-04	1.60e-03	1.10e-02	3.42e-02	6.25e-02	1.23e-01	4.74e-01	2.49e-01	4.35e-02
 1.43736e+22	0.00e+00	1.89e-27	4.49e-22	3.98e-19	1.87e-16	3.27e-14	3.22e-12	3.61e-10	1.64e-07	8.41e-06	1.87e-04	1.80e-03	1.21e-02	3.68e-02	6.55e-02	1.26e-01	4.74e-01	2.43e-01	4.13e-02
 1.45062e+22	0.00e+00	2.79e-27	6.49e-22	5.60e-19	2.55e-16	4.30e-14	4.09e-12	4.41e-10	2.00e-07	1.01e-05	2.21e-04	2.07e-03	1.36e-02	4.01e-02	6.92e-02	1.29e-01	4.72e-01	2.35e-01	3.88e-02
 1.46432e+22	0.00e+00	3.89e-27	8.92e-22	7.51e-19	3.32e-16	5.44e-14	5.02e-12	5.25e-10	2.37e-07	1.18e-05	2.54e-04	2.33e-03	1.50e-02	4.31e-02	7.25e-02	1.31e-01	4.70e-01	2.28e-01	3.67e-02
 1.47604e+22	0.00e+00	5.32e-27	1.20e-21	9.86e-19	4.25e-16	6.76e-14	6.04e-12	6.14e-10	2.77e-07	1.37e-05	2.90e-04	2.61e-03	1.64e-02	4.62e-02	7.57e-02	1.34e-01	4.68e-01	2.22e-01	3.49e-02
 1.48693e+22	0.00e+00	7.21e-27	1.60e-21	1.29e-18	5.40e-16	8.34e-14	7.24e-12	7.14e-10	3.23e-07	1.58e-05	3.29e-04	2.91e-03	1.79e-02	4.93e-02	7.88e-02	1.36e-01	4.66e-01	2.16e-01	3.31e-02
 1.49928e+22	0.00e+00	1.05e-26	2.30e-21	1.79e-18	7.27e-16	1.08e-13	9.08e-12	8.63e-10	3.90e-07	1.88e-05	3.85e-04	3.32e-03	2.00e-02	5.35e-02	8.28e-02	1.38e-01	4.63e-01	2.08e-01	3.10e-02
 1.51181e+22	3.25e-33	1.42e-26	3.06e-21	2.33e-18	9.22e-16	1.34e-13	1.09e-11	1.00e-09	4.53e-07	2.17e-05	4.36e-04	3.69e-03	2.18e-02	5.70e-02	8.61e-02	1.40e-01	4.60e-01	2.02e-01	2.94e-02
 1.52456e+22	4.95e-33	2.12e-26	4.48e-21	3.30e-18	1.26e-15	1.76e-13	1.37e-11	1.22e-09	5.50e-07	2.61e-05	5.14e-04	4.24e-03	2.44e-02	6.19e-02	9.05e-02	1.43e-01	4.55e-01	1.93e-01	2.73e-02
 1.53726e+22	6.96e-33	2.94e-26	6.11e-21	4.39e-18	1.62e-15	2.19e-13	1.66e-11	1.42e-09	6.44e-07	3.02e-05	5.87e-04	4.74e-03	2.68e-02	6.62e-02	9.42e-02	1.45e-01	4.50e-01	1.87e-01	2.57e-02
 1.54742e+22	9.28e-33	3.87e-26	7.93e-21	5.56e-18	2.01e-15	2.64e-13	1.94e-11	1.62e-09	7.35e-07	3.43e-05	6.57e-04	5.21e-03	2.89e-02	6.99e-02	9.73e-02	1.46e-01	4.46e-01	1.81e-01	2.44e-02
 1.55816e+22	1.33e-32	5.43e-26	1.10e-20	7.48e-18	2.61e-15	3.33e-13	2.36e-11	1.91e-09	8.66e-07	4.00e-05	7.54e-04	5.85e-03	3.18e-02	7.48e-02	1.01e-01	1.48e-01	4.41e-01	1.74e-01	2.29e-02
 1.56922e+22	1.78e-32	7.20e-26	1.43e-20	9.55e-18	3.25e-15	4.03e-13	2.77e-11	2.18e-09	9.93e-07	4.54e-05	8.45e-04	6.43e-03	3.43e-02	7.91e-02	1.04e-01	1.49e-01	4.36e-01	1.68e-01	2.16e-02
 1.58068e+22	2.66e-32	1.06e-25	2.07e-20	1.33e-17	4.37e-15	5.20e-13	3.44e-11	2.60e-09	1.19e-06	5.39e-05	9.85e-04	7.31e-03	3.80e-02	8.51e-02	1.09e-01	1.50e-01	4.29e-01	1.61e-01	2.00e-02
 1.59192e+22	3.56e-32	1.39e-25	2.69e-20	1.69e-17	5.41e-15	6.26e-13	4.02e-11	2.95e-09	1.36e-06	6.10e-05	1.10e-03	8.01e-03	4.09e-02	8.97e-02	1.12e-01	1.51e-01	4.23e-01	1.55e-01	1.89e-02
 1.60289e+22	5.35e-32	2.06e-25	3.90e-20	2.37e-17	7.27e-15	8.08e-13	4.96e-11	3.49e-09	1.62e-06	7.24e-05	1.28e-03	9.11e-03	4.54e-02	9.65e-02	1.17e-01	1.52e-01	4.14e-01	1.47e-01	1.74e-02
 1.61369e+22	7.11e-32	2.70e-25	5.04e-20	2.99e-17	8.95e-15	9.66e-13	5.76e-11	3.95e-09	1.84e-06	8.15e-05	1.42e-03	9.95e-03	4.87e-02	1.01e-01	1.20e-01	1.53e-01	4.08e-01	1.42e-01	1.64e-02
 1.62428e+22	1.04e-31	3.86e-25	7.10e-20	4.07e-17	1.18e-14	1.22e-12	7.00e-11	4.62e-09	2.17e-06	9.53e-05	1.64e-03	1.12e-02	5.34e-02	1.08e-01	1.24e-01	1.53e-01	3.99e-01	1.35e-01	1.52e-02
 1.63526e+22	1.43e-31	5.27e-25	9.56e-20	5.33e-17	1.49e-14	1.50e-12	8.27e-11	5.27e-09	2.49e-06	1.09e-04	1.85e-03	1.23e-02	5.78e-02	1.14e-01	1.27e-01	1.53e-01	3.91e-01	1.29e-01	1.41e-02
 1.64481e+22	1.91e-31	6.93e-25	1.24e-19	6.74e-17	1.83e-14	1.79e-12	9.58e-11	5.93e-09	2.82e-06	1.23e-04	2.05e-03	1.34e-02	6.18e-02	1.19e-01	1.30e-01	1.53e-01	3.84e-01	1.23e-01	1.33e-02
 1.65527e+22	2.87e-31	1.02e-24	1.80e-19	9.39e-17	2.45e-14	2.28e-12	1.17e-10	6.93e-09	3.35e-06	1.45e-04	2.37e-03	1.52e-02	6.80e-02	1.27e-01	1.34e-01	1.52e-01	3.72e-01	1.16e-01	1.21e-02
 1.66559e+22	3.80e-31	1.34e-24	2.32e-19	1.18e-16	3.00e-14	2.71e-12	1.35e-10	7.76e-09	3.77e-06	1.62e-04	2.62e-03	1.65e-02	7.26e-02	1.33e-01	1.37e-01	1.52e-01	3.64e-01	1.11e-01	1.13e-02
 1.67575e+22	5.64e-31	1.95e-24	3.33e-19	1.63e-16	3.97e-14	3.44e-12	1.63e-10	9.00e-09	4.43e-06	1.89e-04	3.01e-03	1.84e-02	7.93e-02	1.41e-01	1.40e-01	1.51e-01	3.52e-01	1.04e-01	1.03e-02
 1.68572e+22	7.38e-31	2.52e-24	4.26e-19	2.03e-16	4.81e-14	4.05e-12	1.86e-10	1.00e-08	4.96e-06	2.11e-04	3.31e-03	1.99e-02	8.42e-02	1.46e-01	1.43e-01	1.50e-01	3.44e-01	9.95e-02	9.62e-03
 1.69545e+22	1.09e-30	3.68e-24	6.11e-19	2.80e-16	6.34e-14	5.11e-12	2.24e-10	1.15e-08	5.81e-06	2.45e-04	3.79e-03	2.22e-02	9.17e-02	1.55e-01	1.46e-01	1.48e-01	3.31e-01	9.29e-02	8.71e-03
 1.70513e+22	1.44e-30	4.77e-24	7.82e-19	3.49e-16	7.70e-14	6.02e-12	2.56e-10	1.28e-08	6.49e-06	2.73e-04	4.16e-03	2.40e-02	9.71e-02	1.60e-01	1.48e-01	1.47e-01	3.23e-01	8.84e-02	8.11e-03
 1.71474e+22	2.13e-30	6.95e-24	1.12e-18	4.80e-16	1.01e-13	7.57e-12	3.07e-10	1.47e-08	7.56e-06	3.16e-04	4.74e-03	2.67e-02	1.05e-01	1.69e-01	1.51e-01	1.45e-01	3.09e-01	8.21e-02	7.30e-03
 1.72441e+22	2.84e-30	9.14e-24	1.46e-18	6.06e-16	1.24e-13	8.96e-12	3.51e-10	1.63e-08	8.47e-06	3.52e-04	5.21e-03	2.88e-02	1.12e-01	1.75e-01	1.52e-01	1.43e-01	3.00e-01	7.77e-02	6.75e-03
 1.73418e+22	4.25e-30	1.35e-23	2.11e-18	8.38e-16	1.64e-13	1.13e-11	4.21e-10	1.87e-08	9.87e-06	4.09e-04	5.94e-03	3.20e-02	1.21e-01	1.83e-01	1.54e-01	1.40e-01	2.86e-01	7.17e-02	6.03e-03
 1.74405e+22	5.72e-30	1.79e-23	2.76e-18	1.07e-15	2.01e-13	1.34e-11	4.84e-10	2.07e-08	1.11e-05	4.56e-04	6.54e-03	3.45e-02	1.28e-01	1.89e-01	1.56e-01	1.38e-01	2.75e-01	6.74e-02	5.53e-03
 1.75403e+22	8.55e-30	2.63e-23	3.99e-18	1.47e-15	2.66e-13	1.69e-11	5.80e-10	2.37e-08	1.28e-05	5.27e-04	7.41e-03	3.81e-02	1.38e-01	1.98e-01	1.57e-01	1.34e-01	2.61e-01	6.18e-02	4.91e-03
 1.76393e+22	1.16e-29	3.51e-23	5.25e-18	1.87e-15	3.27e-13	2.01e-11	6.63e-10	2.63e-08	1.43e-05	5.86e-04	8.13e-03	4.10e-02	1.45e-01	2.03e-01	1.57e-01	1.31e-01	2.51e-01	5.79e-02	4.48e-03
 1.77370e+22	1.72e-29	5.14e-23	7.56e-18	2.58e-15	4.30e-13	2.52e-11	7.92e-10	2.99e-08	1.66e-05	6.72e-04	9.17e-03	4.50e-02	1.55e-01	2.11e-01	1.58e-01	1.27e-01	2.37e-01	5.28e-02	3.96e-03
 1.78363e+22	2.37e-29	6.96e-23	1.01e-17	3.32e-15	5.34e-13	3.01e-11	9.10e-10	3.32e-08	1.85e-05	7.49e-04	1.01e-02	4.84e-02	1.64e-01	2.17e-01	1.58e-01	1.24e-01	2.26e-01	4.90e-02	3.58e-03
 1.79377e+22	3.59e-29	1.04e-22	1.47e-17	4.63e-15	7.09e-13	3.81e-11	1.09e-09	3.80e-08	2.14e-05	8.60e-04	1.13e-02	5.31e-02	1.75e-01	2.24e-01	1.58e-01	1.19e-01	2.11e-01	4.43e-02	3.13e-03
 1.80401e+22	4.96e-29	1.41e-22	1.98e-17	6.00e-15	8.85e-13	4.57e-11	1.26e-09	4.22e-08	2.39e-05	9.57e-04	1.24e-02	5.70e-02	1.83e-01	2.29e-01	1.57e-01	1.16e-01	2.00e-01	4.09e-02	2.81e-03
 1.81439e+22	7.61e-29	2.13e-22	2.93e-17	8.42e-15	1.18e-12	5.80e-11	1.51e-09	4.84e-08	2.75e-05	1.10e-03	1.40e-02	6.24e-02	1.95e-01	2.36e-01	1.56e-01	1.11e-01	1.86e-01	3.66e-02	2.42e-03
 1.82483e+22	1.06e-28	2.91e-22	3.94e-17	1.09e-14	1.48e-12	6.96e-11	1.75e-09	5.38e-08	3.07e-05	1.22e-03	1.52e-02	6.66e-02	2.04e-01	2.40e-01	1.54e-01	1.07e-01	1.76e-01	3.36e-02	2.16e-03
 1.83385e+22	1.45e-28	3.95e-22	5.28e-17	1.41e-14	1.83e-12	8.32e-11	2.01e-09	5.96e-08	3.40e-05	1.34e-03	1.66e-02	7.10e-02	2.13e-01	2.44e-01	1.53e-01	1.03e-01	1.66e-01	3.08e-02	1.93e-03
 1.84407e+22	2.20e-28	5.85e-22	7.67e-17	1.95e-14	2.42e-12	1.05e-10	2.40e-09	6.81e-08	3.87e-05	1.52e-03	1.84e-02	7.67e-02	2.24e-01	2.49e-01	1.50e-01	9.80e-02	1.53e-01	2.75e-02	1.66e-03
 1.85429e+22	3.01e-28	7.91e-22	1.02e-16	2.50e-14	2.99e-12	1.25e-10	2.75e-09	7.54e-08	4.27e-05	1.67e-03	1.99e-02	8.13e-02	2.32e-01	2.52e-01	1.48e-01	9.42e-02	1.44e-01	2.52e-02	1.48e-03
 1.86451e+22	4.55e-28	1.17e-21	1.49e-16	3.47e-14	3.95e-12	1.57e-10	3.29e-09	8.61e-08	4.84e-05	1.88e-03	2.19e-02	8.75e-02	2.43e-01	2.55e-01	1.45e-01	8.92e-02	1.33e-01	2.23e-02	1.27e-03
 1.87482e+22	6.17e-28	1.57e-21	1.96e-16	4.41e-14	4.86e-12	1.86e-10	3.77e-09	9.53e-08	5.31e-05	2.05e-03	2.36e-02	9.21e-02	2.50e-01	2.57e-01	1.43e-01	8.55e-02	1.25e-01	2.04e-02	1.13e-03
 1.88523e+22	9.23e-28	2.30e-21	2.81e-16	6.04e-14	6.37e-12	2.34e-10	4.50e-09	1.09e-07	5.99e-05	2.29e-03	2.58e-02	9.85e-02	2.60e-01	2.59e-01	1.39e-01	8.07e-02	1.15e-01	1.81e-02	9.66e-04
 1.89594e+22	1.28e-27	3.14e-21	3.77e-16	7.81e-14	7.93e-12	2.80e-10	5.20e-09	1.21e-07	6.59e-05	2.50e-03	2.78e-02	1.04e-01	2.68e-01	2.61e-01	1.36e-01	7.69e-02	1.07e-01	1.64e-02	8.50e-04
 1.90704e+22	1.94e-27	4.68e-21	5.50e-16	1.08e-13	1.05e-11	3.55e-10	6.26e-09	1.40e-07	7.45e-05	2.80e-03	3.04e-02	1.11e-01	2.78e-01	2.61e-01	1.32e-01	7.22e-02	9.74e-02	1.44e-02	7.19e-04
 1.91835e+22	2.68e-27	6.35e-21	7.35e-16	1.40e-13	1.31e-11	4.26e-10	7.24e-09	1.56e-07	8.18e-05	3.05e-03	3.26e-02	1.16e-01	2.85e-01	2.62e-01	1.28e-01	6.86e-02	9.06e-02	1.30e-02	6.30e-04
 1.92993e+22	4.07e-27	9.45e-21	1.07e-15	1.94e-13	1.73e-11	5.40e-10	8.74e-09	1.80e-07	9.22e-05	3.40e-03	3.55e-02	1.23e-01	2.94e-01	2.61e-01	1.24e-01	6.41e-02	8.22e-02	1.13e-02	5.31e-04
 1.94172e+22	5.64e-27	1.29e-20	1.43e-15	2.50e-13	2.16e-11	6.50e-10	1.01e-08	2.02e-07	1.01e-04	3.70e-03	3.80e-02	1.29e-01	3.01e-01	2.60e-01	1.20e-01	6.07e-02	7.61e-02	1.02e-02	4.63e-04
 1.95379e+22	8.57e-27	1.91e-20	2.08e-15	3.46e-13	2.87e-11	8.25e-10	1.23e-08	2.35e-07	1.14e-04	4.11e-03	4.12e-02	1.36e-01	3.09e-01	2.59e-01	1.16e-01	5.64e-02	6.88e-02	8.86e-03	3.88e-04
 1.96593e+22	1.18e-26	2.58e-20	2.75e-15	4.43e-13	3.55e-11	9.88e-10	1.42e-08	2.63e-07	1.25e-04	4.45e-03	4.39e-02	1.42e-01	3.15e-01	2.57e-01	1.12e-01	5.34e-02	6.36e-02	7.96e-03	3.38e-04
 1.97816e+22	1.76e-26	3.78e-20	3.94e-15	6.08e-13	4.67e-11	1.25e-09	1.72e-08	3.04e-07	1.40e-04	4.92e-03	4.74e-02	1.49e-01	3.22e-01	2.55e-01	1.07e-01	4.96e-02	5.75e-02	6.93e-03	2.83e-04
 1.99071e+22	2.43e-26	5.12e-20	5.24e-15	7.80e-13	5.80e-11	1.50e-09	2.00e-08	3.42e-07	1.54e-04	5.32e-03	5.03e-02	1.55e-01	3.27e-01	2.52e-01	1.03e-01	4.67e-02	5.29e-02	6.19e-03	2.46e-04
 2.00162e+22	3.26e-26	6.77e-20	6.81e-15	9.82e-13	7.09e-11	1.78e-09	2.29e-08	3.81e-07	1.67e-04	5.72e-03	5.31e-02	1.61e-01	3.32e-01	2.50e-01	9.99e-02	4.41e-02	4.90e-02	5.57e-03	2.15e-04
 2.01374e+22	4.76e-26	9.67e-20	9.50e-15	1.32e-12	9.16e-11	2.21e-09	2.74e-08	4.39e-07	1.86e-04	6.27e-03	5.69e-02	1.68e-01	3.37e-01	2.46e-01	9.55e-02	4.10e-02	4.44e-02	4.87e-03	1.82e-04
 2.02598e+22	6.37e-26	1.27e-19	1.23e-14	1.65e-12	1.12e-10	2.62e-09	3.15e-08	4.89e-07	2.02e-04	6.73e-03	5.99e-02	1.74e-01	3.40e-01	2.43e-01	9.20e-02	3.87e-02	4.10e-02	4.37e-03	1.59e-04
 2.03838e+22	9.26e-26	1.81e-19	1.71e-14	2.20e-12	1.44e-10	3.26e-09	3.76e-08	5.63e-07	2.25e-04	7.35e-03	6.39e-02	1.81e-01	3.45e-01	2.39e-01	8.77e-02	3.58e-02	3.70e-02	3.81e-03	1.33e-04
 2.05100e+22	1.24e-25	2.38e-19	2.20e-14	2.76e-12	1.75e-10	3.86e-09	4.32e-08	6.29e-07	2.45e-04	7.88e-03	6.72e-02	1.86e-01	3.48e-01	2.35e-01	8.43e-02	3.37e-02	3.41e-02	3.41e-03	1.16e-04
 2.06207e+22	1.64e-25	3.09e-19	2.82e-14	3.43e-12	2.12e-10	4.55e-09	4.95e-08	7.00e-07	2.65e-04	8.42e-03	7.05e-02	1.92e-01	3.50e-01	2.31e-01	8.11e-02	3.18e-02	3.15e-02	3.07e-03	1.02e-04
 2.07459e+22	2.34e-25	4.33e-19	3.85e-14	4.52e-12	2.70e-10	5.60e-09	5.88e-08	8.02e-07	2.94e-04	9.16e-03	7.48e-02	1.98e-01	3.53e-01	2.26e-01	7.70e-02	2.95e-02	2.85e-02	2.68e-03	8.58e-05
 2.08719e+22	3.08e-25	5.59e-19	4.89e-14	5.58e-12	3.26e-10	6.58e-09	6.71e-08	8.92e-07	3.19e-04	9.76e-03	7.83e-02	2.04e-01	3.55e-01	2.22e-01	7.40e-02	2.77e-02	2.63e-02	2.41e-03	7.51e-05
 2.09987e+22	4.40e-25	7.82e-19	6.67e-14	7.35e-12	4.15e-10	8.11e-09	7.98e-08	1.02e-06	3.53e-04	1.06e-02	8.30e-02	2.11e-01	3.57e-01	2.17e-01	7.01e-02	2.56e-02	2.36e-02	2.09e-03	6.30e-05
 2.11266e+22	5.73e-25	1.00e-18	8.38e-14	9.00e-12	4.96e-10	9.48e-09	9.08e-08	1.14e-06	3.82e-04	1.13e-02	8.66e-02	2.16e-01	3.58e-01	2.13e-01	6.72e-02	2.41e-02	2.19e-02	1.88e-03	5.53e-05
 2.12562e+22	8.15e-25	1.39e-18	1.14e-13	1.18e-11	6.30e-10	1.17e-08	1.08e-07	1.30e-06	4.23e-04	1.22e-02	9.15e-02	2.22e-01	3.59e-01	2.07e-01	6.35e-02	2.22e-02	1.96e-02	1.63e-03	4.63e-05
 2.13882e+22	1.06e-24	1.78e-18	1.43e-13	1.45e-11	7.56e-10	1.37e-08	1.23e-07	1.45e-06	4.58e-04	1.30e-02	9.54e-02	2.27e-01	3.60e-01	2.03e-01	6.08e-02	2.09e-02	1.81e-02	1.46e-03	4.05e-05
 2.15235e+22	1.52e-24	2.49e-18	1.95e-13	1.90e-11	9.63e-10	1.68e-08	1.46e-07	1.67e-06	5.09e-04	1.41e-02	1.01e-01	2.34e-01	3.60e-01	1.97e-01	5.72e-02	1.92e-02	1.62e-02	1.26e-03	3.37e-05
 2.16614e+22	1.99e-24	3.20e-18	2.46e-13	2.34e-11	1.16e-09	1.98e-08	1.68e-07	1.86e-06	5.52e-04	1.50e-02	1.05e-01	2.39e-01	3.60e-01	1.92e-01	5.46e-02	1.79e-02	1.49e-02	1.13e-03	2.93e-05
 2.18026e+22	2.85e-24	4.47e-18	3.34e-13	3.08e-11	1.48e-09	2.44e-08	2.00e-07	2.14e-06	6.13e-04	1.63e-02	1.11e-01	2.46e-01	3.59e-01	1.86e-01	5.12e-02	1.64e-02	1.32e-02	9.70e-04	2.43e-05
 2.19405e+22	3.63e-24	5.59e-18	4.11e-13	3.71e-11	1.74e-09	2.82e-08	2.26e-07	2.37e-06	6.60e-04	1.72e-02	1.15e-01	2.50e-01	3.58e-01	1.81e-01	4.90e-02	1.55e-02	1.23e-02	8.76e-04	2.14e-05
 2.20743e+22	5.08e-24	7.65e-18	5.49e-13	4.80e-11	2.19e-09	3.45e-08	2.67e-07	2.71e-06	7.29e-04	1.85e-02	1.21e-01	2.56e-01	3.57e-01	1.75e-01	4.60e-02	1.42e-02	1.10e-02	7.57e-04	1.79e-05
 2.22100e+22	6.49e-24	9.59e-18	6.76e-13	5.78e-11	2.59e-09	3.98e-08	3.01e-07	2.99e-06	7.86e-04	1.96e-02	1.25e-01	2.60e-01	3.56e-01	1.71e-01	4.39e-02	1.33e-02	1.01e-02	6.81e-04	1.57e-05
 2.23484e+22	9.01e-24	1.30e-17	8.94e-13	7.43e-11	3.23e-09	4.84e-08	3.55e-07	3.41e-06	8.67e-04	2.11e-02	1.31e-01	2.66e-01	3.54e-01	1.65e-01	4.12e-02	1.22e-02	9.05e-03	5.89e-04	1.31e-05
 2.24909e+22	1.18e-23	1.67e-17	1.12e-12	9.10e-11	3.87e-09	5.67e-08	4.05e-07	3.80e-06	9.39e-04	2.23e-02	1.36e-01	2.70e-01	3.51e-01	1.60e-01	3.91e-02	1.14e-02	8.26e-03	5.23e-04	1.13e-05
 2.26390e+22	1.64e-23	2.27e-17	1.49e-12	1.17e-10	4.86e-09	6.91e-08	4.79e-07	4.35e-06	1.04e-03	2.40e-02	1.42e-01	2.76e-01	3.48e-01	1.54e-01	3.65e-02	1.04e-02	7.37e-03	4.51e-04	9.45e-06
 2.27918e+22	2.17e-23	2.94e-17	1.89e-12	1.45e-10	5.88e-09	8.17e-08	5.51e-07	4.88e-06	1.13e-03	2.56e-02	1.48e-01	2.80e-01	3.46e-01	1.48e-01	3.44e-02	9.62e-03	6.68e-03	3.97e-04	8.08e-06
 2.29508e+22	3.07e-23	4.04e-17	2.53e-12	1.89e-10	7.43e-09	1.00e-07	6.55e-07	5.62e-06	1.26e-03	2.76e-02	1.55e-01	2.85e-01	3.42e-01	1.42e-01	3.20e-02	8.73e-03	5.91e-03	3.39e-04	6.66e-06
 2.31139e+22	4.10e-23	5.28e-17	3.23e-12	2.35e-10	9.05e-09	1.19e-07	7.57e-07	6.33e-06	1.37e-03	2.94e-02	1.61e-01	2.90e-01	3.38e-01	1.37e-01	3.01e-02	8.04e-03	5.33e-03	2.97e-04	5.65e-06
 2.32824e+22	5.86e-23	7.34e-17	4.36e-12	3.08e-10	1.15e-08	1.47e-07	9.05e-07	7.32e-06	1.53e-03	3.17e-02	1.69e-01	2.95e-01	3.33e-01	1.30e-01	2.78e-02	7.26e-03	4.69e-03	2.51e-04	4.61e-06
 2.34562e+22	7.92e-23	9.68e-17	5.61e-12	3.87e-10	1.41e-08	1.76e-07	1.05e-06	8.28e-06	1.67e-03	3.39e-02	1.75e-01	2.98e-01	3.29e-01	1.25e-01	2.59e-02	6.65e-03	4.20e-03	2.18e-04	3.88e-06
 2.36369e+22	1.15e-22	1.36e-16	7.67e-12	5.12e-10	1.82e-08	2.20e-07	1.27e-06	9.64e-06	1.87e-03	3.67e-02	1.83e-01	3.03e-01	3.23e-01	1.19e-01	2.38e-02	5.96e-03	3.66e-03	1.83e-04	3.12e-06
 2.38238e+22	1.58e-22	1.83e-16	9.99e-12	6.51e-10	2.25e-08	2.65e-07	1.48e-06	1.10e-05	2.06e-03	3.92e-02	1.91e-01	3.07e-01	3.18e-01	1.13e-01	2.21e-02	5.41e-03	3.25e-03	1.57e-04	2.59e-06
 2.39929e+22	2.14e-22	2.42e-16	1.29e-11	8.20e-10	2.77e-08	3.17e-07	1.73e-06	1.24e-05	2.26e-03	4.18e-02	1.98e-01	3.10e-01	3.12e-01	1.08e-01	2.05e-02	4.93e-03	2.89e-03	1.35e-04	2.16e-06
 2.41872e+22	3.16e-22	3.45e-16	1.78e-11	1.10e-09	3.59e-08	3.99e-07	2.10e-06	1.45e-05	2.54e-03	4.53e-02	2.07e-01	3.13e-01	3.05e-01	1.01e-01	1.87e-02	4.37e-03	2.49e-03	1.12e-04	1.72e-06
 2.43852e+22	4.35e-22	4.63e-16	2.33e-11	1.40e-09	4.46e-08	4.82e-07	2.46e-06	1.66e-05	2.80e-03	4.84e-02	2.14e-01	3.16e-01	2.99e-01	9.63e-02	1.72e-02	3.95e-03	2.20e-03	9.52e-05	1.41e-06
 2.45881e+22	6.48e-22	6.68e-16	3.24e-11	1.88e-09	5.83e-08	6.09e-07	3.00e-06	1.95e-05	3.15e-03	5.24e-02	2.24e-01	3.19e-01	2.90e-01	9.01e-02	1.56e-02	3.48e-03	1.88e-03	7.79e-05	1.11e-06
 2.47937e+22	8.96e-22	8.99e-16	4.25e-11	2.40e-09	7.25e-08	7.38e-07	3.52e-06	2.22e-05	3.47e-03	5.60e-02	2.32e-01	3.21e-01	2.83e-01	8.51e-02	1.43e-02	3.13e-03	1.65e-03	6.60e-05	9.07e-07
 2.50029e+22	1.35e-21	1.31e-15	5.96e-11	3.26e-09	9.54e-08	9.39e-07	4.31e-06	2.62e-05	3.92e-03	6.07e-02	2.42e-01	3.23e-01	2.74e-01	7.91e-02	1.28e-02	2.73e-03	1.40e-03	5.33e-05	7.01e-07
 2.52143e+22	1.87e-21	1.76e-15	7.80e-11	4.16e-09	1.19e-07	1.14e-06	5.07e-06	3.00e-05	4.32e-03	6.47e-02	2.50e-01	3.24e-01	2.67e-01	7.45e-02	1.17e-02	2.45e-03	1.22e-03	4.50e-05	5.70e-07
 2.54285e+22	2.84e-21	2.59e-15	1.10e-10	5.68e-09	1.57e-07	1.46e-06	6.24e-06	3.55e-05	4.89e-03	7.02e-02	2.60e-01	3.25e-01	2.57e-01	6.87e-02	1.04e-02	2.12e-03	1.02e-03	3.59e-05	4.34e-07
 2.56439e+22	3.92e-21	3.47e-15	1.44e-10	7.22e-09	1.95e-07	1.76e-06	7.32e-06	4.05e-05	5.37e-03	7.47e-02	2.68e-01	3.26e-01	2.49e-01	6.45e-02	9.51e-03	1.89e-03	8.89e-04	3.01e-05	3.52e-07
 2.58240e+22	5.25e-21	4.52e-15	1.83e-10	8.96e-09	2.37e-07	2.09e-06	8.45e-06	4.56e-05	5.85e-03	7.89e-02	2.75e-01	3.25e-01	2.42e-01	6.08e-02	8.73e-03	1.71e-03	7.83e-04	2.57e-05	2.90e-07
 2.60215e+22	7.72e-21	6.44e-15	2.51e-10	1.19e-08	3.07e-07	2.62e-06	1.03e-05	5.34e-05	6.55e-03	8.48e-02	2.85e-01	3.25e-01	2.33e-01	5.60e-02	7.77e-03	1.48e-03	6.58e-04	2.06e-05	2.22e-07
 2.62162e+22	1.02e-20	8.29e-15	3.15e-10	1.46e-08	3.69e-07	3.09e-06	1.18e-05	5.98e-05	7.11e-03	8.93e-02	2.92e-01	3.24e-01	2.26e-01	5.28e-02	7.13e-03	1.34e-03	5.81e-04	1.76e-05	1.84e-07
 2.64072e+22	1.47e-20	1.16e-14	4.25e-10	1.92e-08	4.72e-07	3.84e-06	1.42e-05	6.97e-05	7.92e-03	9.56e-02	3.00e-01	3.23e-01	2.17e-01	4.86e-02	6.35e-03	1.16e-03	4.89e-04	1.42e-05	1.42e-07
 2.66015e+22	1.96e-20	1.50e-14	5.36e-10	2.37e-08	5.73e-07	4.56e-06	1.63e-05	7.84e-05	8.61e-03	1.01e-01	3.07e-01	3.21e-01	2.09e-01	4.55e-02	5.79e-03	1.04e-03	4.27e-04	1.20e-05	0.00e+00
 2.68000e+22	2.86e-20	2.12e-14	7.28e-10	3.13e-08	7.38e-07	5.71e-06	1.98e-05	9.19e-05	9.63e-03	1.08e-01	3.16e-01	3.19e-01	2.00e-01	4.16e-02	5.10e-03	8.97e-04	3.56e-04	9.51e-06	0.00e+00
 2.70009e+22	3.82e-20	2.75e-14	9.21e-10	3.88e-08	8.97e-07	6.79e-06	2.29e-05	1.04e-04	1.05e-02	1.14e-01	3.23e-01	3.16e-01	1.92e-01	3.87e-02	4.62e-03	7.98e-04	3.08e-04	7.95e-06	0.00e+00
 2.72048e+22	5.58e-20	3.88e-14	1.25e-09	5.12e-08	1.16e-06	8.54e-06	2.78e-05	1.22e-04	1.17e-02	1.22e-01	3.31e-01	3.13e-01	1.82e-01	3.51e-02	4.04e-03	6.81e-04	2.54e-04	6.24e-06	0.00e+00
 2.74126e+22	7.54e-20	5.09e-14	1.59e-09	6.38e-08	1.42e-06	1.02e-05	3.25e-05	1.39e-04	1.29e-02	1.29e-01	3.38e-01	3.10e-01	1.74e-01	3.24e-02	3.62e-03	5.99e-04	2.17e-04	5.12e-06	0.00e+00
 2.76253e+22	1.11e-19	7.21e-14	2.16e-09	8.46e-08	1.85e-06	1.30e-05	3.98e-05	1.65e-04	1.45e-02	1.38e-01	3.46e-01	3.05e-01	1.64e-01	2.91e-02	3.12e-03	5.05e-04	1.76e-04	3.94e-06	0.00e+00
 2.78419e+22	1.51e-19	9.49e-14	2.76e-09	1.06e-07	2.27e-06	1.57e-05	4.67e-05	1.88e-04	1.59e-02	1.45e-01	3.52e-01	3.00e-01	1.56e-01	2.66e-02	2.77e-03	4.39e-04	1.48e-04	3.19e-06	0.00e+00
 2.80635e+22	2.23e-19	1.35e-13	3.75e-09	1.41e-07	2.97e-06	2.00e-05	5.76e-05	2.25e-04	1.79e-02	1.56e-01	3.60e-01	2.94e-01	1.45e-01	2.36e-02	2.36e-03	3.65e-04	1.18e-04	2.41e-06	0.00e+00
 2.82879e+22	3.02e-19	1.77e-13	4.76e-09	1.76e-07	3.67e-06	2.43e-05	6.79e-05	2.59e-04	1.98e-02	1.65e-01	3.65e-01	2.89e-01	1.37e-01	2.15e-02	2.07e-03	3.14e-04	9.86e-05	1.92e-06	0.00e+00
 2.84776e+22	3.96e-19	2.26e-13	5.89e-09	2.15e-07	4.44e-06	2.89e-05	7.89e-05	2.94e-04	2.16e-02	1.73e-01	3.70e-01	2.83e-01	1.30e-01	1.96e-02	1.83e-03	2.73e-04	8.33e-05	1.56e-06	0.00e+00
 2.86856e+22	5.61e-19	3.07e-13	7.69e-09	2.77e-07	5.67e-06	3.62e-05	9.58e-05	3.48e-04	2.42e-02	1.84e-01	3.75e-01	2.76e-01	1.21e-01	1.73e-02	1.56e-03	2.27e-04	6.65e-05	1.18e-06	0.00e+00
 2.88942e+22	7.30e-19	3.88e-13	9.41e-09	3.36e-07	6.83e-06	4.31e-05	1.11e-04	3.96e-04	2.64e-02	1.93e-01	3.79e-01	2.70e-01	1.14e-01	1.57e-02	1.37e-03	1.96e-04	5.57e-05	9.47e-07	0.00e+00
 2.90979e+22	1.00e-18	5.13e-13	1.20e-08	4.24e-07	8.58e-06	5.32e-05	1.34e-04	4.66e-04	2.94e-02	2.05e-01	3.83e-01	2.62e-01	1.05e-01	1.39e-02	1.17e-03	1.64e-04	4.46e-05	7.20e-07	0.00e+00
 2.93056e+22	1.30e-18	6.46e-13	1.46e-08	5.14e-07	1.04e-05	6.36e-05	1.56e-04	5.33e-04	3.22e-02	2.15e-01	3.86e-01	2.55e-01	9.85e-02	1.25e-02	1.02e-03	1.40e-04	3.69e-05	5.70e-07	0.00e+00
 2.95099e+22	1.74e-18	8.32e-13	1.81e-08	6.37e-07	1.28e-05	7.78e-05	1.86e-04	6.24e-04	3.57e-02	2.26e-01	3.88e-01	2.46e-01	9.08e-02	1.10e-02	8.62e-04	1.16e-04	2.95e-05	4.33e-07	0.00e+00
 2.97182e+22	2.26e-18	1.04e-12	2.19e-08	7.71e-07	1.55e-05	9.32e-05	2.18e-04	7.18e-04	3.92e-02	2.37e-01	3.89e-01	2.38e-01	8.42e-02	9.79e-03	7.40e-04	9.81e-05	2.40e-05	3.36e-07	0.00e+00
 2.99222e+22	2.93e-18	1.31e-12	2.64e-08	9.37e-07	1.90e-05	1.13e-04	2.57e-04	8.35e-04	4.33e-02	2.49e-01	3.90e-01	2.29e-01	7.73e-02	8.60e-03	6.28e-04	8.15e-05	1.92e-05	2.56e-07	0.00e+00
 3.01248e+22	3.73e-18	1.61e-12	3.14e-08	1.12e-06	2.27e-05	1.34e-04	2.98e-04	9.57e-04	4.74e-02	2.61e-01	3.90e-01	2.21e-01	7.15e-02	7.64e-03	5.39e-04	6.88e-05	1.57e-05	1.99e-07	0.00e+00
 3.03304e+22	4.82e-18	2.00e-12	3.77e-08	1.35e-06	2.76e-05	1.62e-04	3.51e-04	1.11e-03	5.22e-02	2.73e-01	3.89e-01	2.12e-01	6.52e-02	6.67e-03	4.54e-04	5.67e-05	1.24e-05	1.50e-07	0.00e+00
 3.05396e+22	6.08e-18	2.44e-12	4.43e-08	1.61e-06	3.31e-05	1.92e-04	4.09e-04	1.28e-03	5.72e-02	2.85e-01	3.87e-01	2.02e-01	5.97e-02	5.85e-03	3.85e-04	4.72e-05	9.98e-06	0.00e+00	0.00e+00
 3.07431e+22	7.64e-18	2.96e-12	5.19e-08	1.91e-06	3.95e-05	2.28e-04	4.75e-04	1.47e-03	6.26e-02	2.97e-01	3.85e-01	1.93e-01	5.45e-02	5.12e-03	3.26e-04	3.92e-05	8.00e-06	0.00e+00	0.00e+00
 3.09469e+22	9.53e-18	3.57e-12	6.03e-08	2.26e-06	4.70e-05	2.70e-04	5.50e-04	1.69e-03	6.84e-02	3.09e-01	3.82e-01	1.84e-01	4.96e-02	4.48e-03	2.75e-04	3.25e-05	6.39e-06	0.00e+00	0.00e+00
 3.11517e+22	1.18e-17	4.28e-12	6.99e-08	2.66e-06	5.58e-05	3.19e-04	6.36e-04	1.94e-03	7.46e-02	3.20e-01	3.78e-01	1.75e-01	4.50e-02	3.90e-03	2.32e-04	2.68e-05	5.10e-06	0.00e+00	0.00e+00
 3.13579e+22	1.47e-17	5.12e-12	8.06e-08	3.12e-06	6.60e-05	3.76e-04	7.33e-04	2.22e-03	8.13e-02	3.32e-01	3.73e-01	1.66e-01	4.08e-02	3.39e-03	1.95e-04	2.21e-05	4.06e-06	0.00e+00	0.00e+00
 3.15661e+22	1.81e-17	6.11e-12	9.28e-08	3.66e-06	7.81e-05	4.42e-04	8.44e-04	2.54e-03	8.84e-02	3.43e-01	3.67e-01	1.57e-01	3.68e-02	2.94e-03	1.63e-04	1.82e-05	3.22e-06	0.00e+00	0.00e+00
 3.17757e+22	2.24e-17	7.27e-12	1.06e-07	4.28e-06	9.19e-05	5.18e-04	9.67e-04	2.90e-03	9.60e-02	3.54e-01	3.61e-01	1.48e-01	3.32e-02	2.55e-03	1.37e-04	1.49e-05	2.55e-06	0.00e+00	0.00e+00
 3.19884e+22	2.76e-17	8.66e-12	1.22e-07	5.02e-06	1.08e-04	6.07e-04	1.11e-03	3.32e-03	1.04e-01	3.65e-01	3.54e-01	1.39e-01	2.98e-02	2.19e-03	1.14e-04	1.22e-05	2.01e-06	0.00e+00	0.00e+00
 3.22031e+22	3.40e-17	1.03e-11	1.40e-07	5.85e-06	1.27e-04	7.08e-04	1.27e-03	3.78e-03	1.13e-01	3.75e-01	3.47e-01	1.31e-01	2.67e-02	1.89e-03	9.52e-05	9.97e-06	1.59e-06	0.00e+00	0.00e+00
 3.24224e+22	4.23e-17	1.23e-11	1.61e-07	6.87e-06	1.50e-04	8.31e-04	1.45e-03	4.32e-03	1.22e-01	3.86e-01	3.38e-01	1.22e-01	2.38e-02	1.62e-03	7.86e-05	8.06e-06	1.24e-06	0.00e+00	0.00e+00
 3.26453e+22	5.23e-17	1.47e-11	1.85e-07	8.03e-06	1.76e-04	9.67e-04	1.65e-03	4.90e-03	1.31e-01	3.95e-01	3.29e-01	1.14e-01	2.12e-02	1.39e-03	6.53e-05	6.55e-06	9.70e-07	0.00e+00	0.00e+00
 3.28490e+22	6.26e-17	1.70e-11	2.08e-07	9.17e-06	2.01e-04	1.10e-03	1.83e-03	5.45e-03	1.40e-01	4.02e-01	3.22e-01	1.07e-01	1.92e-02	1.22e-03	5.57e-05	5.49e-06	7.90e-07	0.00e+00	0.00e+00
 3.30619e+22	7.86e-17	2.05e-11	2.41e-07	1.08e-05	2.38e-04	1.29e-03	2.09e-03	6.22e-03	1.51e-01	4.11e-01	3.11e-01	9.94e-02	1.69e-02	1.03e-03	4.55e-05	4.38e-06	6.07e-07	0.00e+00	0.00e+00
 3.32780e+22	9.50e-17	2.40e-11	2.73e-07	1.24e-05	2.72e-04	1.46e-03	2.31e-03	6.89e-03	1.60e-01	4.17e-01	3.03e-01	9.33e-02	1.53e-02	8.99e-04	3.87e-05	3.66e-06	4.93e-07	0.00e+00	0.00e+00
 3.35002e+22	1.21e-16	2.95e-11	3.22e-07	1.48e-05	3.23e-04	1.71e-03	2.64e-03	7.86e-03	1.72e-01	4.24e-01	2.91e-01	8.58e-02	1.34e-02	7.55e-04	3.13e-05	2.89e-06	3.75e-07	0.00e+00	0.00e+00
 3.37235e+22	1.47e-16	3.46e-11	3.66e-07	1.69e-05	3.68e-04	1.93e-03	2.91e-03	8.67e-03	1.82e-01	4.29e-01	2.83e-01	8.02e-02	1.20e-02	6.58e-04	2.66e-05	2.41e-06	3.04e-07	0.00e+00	0.00e+00
 3.39483e+22	1.89e-16	4.27e-11	4.32e-07	2.02e-05	4.36e-04	2.26e-03	3.30e-03	9.85e-03	1.95e-01	4.34e-01	2.71e-01	7.34e-02	1.05e-02	5.50e-04	2.15e-05	1.90e-06	2.31e-07	0.00e+00	0.00e+00
 3.41736e+22	2.32e-16	5.05e-11	4.96e-07	2.32e-05	4.97e-04	2.54e-03	3.62e-03	1.08e-02	2.05e-01	4.37e-01	2.62e-01	6.86e-02	9.43e-03	4.81e-04	1.83e-05	1.59e-06	1.87e-07	0.00e+00	0.00e+00
 3.43997e+22	3.01e-16	6.28e-11	5.91e-07	2.78e-05	5.87e-04	2.95e-03	4.07e-03	1.22e-02	2.18e-01	4.40e-01	2.50e-01	6.26e-02	8.20e-03	4.02e-04	1.48e-05	1.25e-06	1.42e-07	0.00e+00	0.00e+00
 3.46281e+22	3.71e-16	7.51e-11	6.84e-07	3.21e-05	6.69e-04	3.31e-03	4.46e-03	1.34e-02	2.29e-01	4.42e-01	2.41e-01	5.83e-02	7.35e-03	3.50e-04	1.25e-05	1.04e-06	0.00e+00	0.00e+00	0.00e+00
 3.48595e+22	4.88e-16	9.46e-11	8.25e-07	3.87e-05	7.91e-04	3.85e-03	5.00e-03	1.50e-02	2.43e-01	4.44e-01	2.29e-01	5.30e-02	6.36e-03	2.92e-04	1.01e-05	8.18e-07	0.00e+00	0.00e+00	0.00e+00
 3.50938e+22	6.09e-16	1.14e-10	9.64e-07	4.49e-05	9.03e-04	4.32e-03	5.46e-03	1.64e-02	2.54e-01	4.44e-01	2.20e-01	4.91e-02	5.68e-03	2.53e-04	8.50e-06	6.78e-07	0.00e+00	0.00e+00	0.00e+00
 3.53318e+22	8.14e-16	1.46e-10	1.18e-06	5.45e-05	1.07e-03	5.01e-03	6.11e-03	1.84e-02	2.68e-01	4.43e-01	2.08e-01	4.44e-02	4.90e-03	2.10e-04	6.81e-06	5.30e-07	0.00e+00	0.00e+00	0.00e+00
 3.55740e+22	1.03e-15	1.79e-10	1.40e-06	6.38e-05	1.23e-03	5.63e-03	6.67e-03	2.00e-02	2.80e-01	4.42e-01	1.99e-01	4.10e-02	4.35e-03	1.81e-04	5.72e-06	4.37e-07	0.00e+00	0.00e+00	0.00e+00
 3.58217e+22	1.41e-15	2.33e-10	1.74e-06	7.82e-05	1.46e-03	6.54e-03	7.45e-03	2.24e-02	2.95e-01	4.40e-01	1.87e-01	3.68e-02	3.72e-03	1.49e-04	4.54e-06	3.39e-07	0.00e+00	0.00e+00	0.00e+00
 3.60748e+22	1.81e-15	2.90e-10	2.08e-06	9.24e-05	1.69e-03	7.37e-03	8.13e-03	2.44e-02	3.06e-01	4.37e-01	1.78e-01	3.38e-02	3.28e-03	1.28e-04	3.79e-06	2.77e-07	0.00e+00	0.00e+00	0.00e+00
 3.63350e+22	2.53e-15	3.86e-10	2.64e-06	1.15e-04	2.02e-03	8.59e-03	9.08e-03	2.72e-02	3.22e-01	4.32e-01	1.67e-01	3.01e-02	2.78e-03	1.04e-04	2.98e-06	2.12e-07	0.00e+00	0.00e+00	0.00e+00
 3.66007e+22	3.32e-15	4.88e-10	3.22e-06	1.37e-04	2.34e-03	9.69e-03	9.91e-03	2.95e-02	3.33e-01	4.27e-01	1.58e-01	2.74e-02	2.44e-03	8.89e-05	2.46e-06	1.72e-07	0.00e+00	0.00e+00	0.00e+00
 3.68250e+22	4.24e-15	6.02e-10	3.84e-06	1.60e-04	2.66e-03	1.08e-02	1.07e-02	3.18e-02	3.44e-01	4.23e-01	1.50e-01	2.52e-02	2.17e-03	7.69e-05	2.08e-06	1.43e-07	0.00e+00	0.00e+00	0.00e+00
 3.70677e+22	5.83e-15	7.92e-10	4.84e-06	1.96e-04	3.15e-03	1.24e-02	1.18e-02	3.49e-02	3.57e-01	4.16e-01	1.40e-01	2.26e-02	1.85e-03	6.37e-05	1.66e-06	1.12e-07	0.00e+00	0.00e+00	0.00e+00
 3.73038e+22	7.35e-15	9.68e-10	5.73e-06	2.27e-04	3.55e-03	1.36e-02	1.26e-02	3.72e-02	3.66e-01	4.11e-01	1.33e-01	2.09e-02	1.66e-03	5.57e-05	1.42e-06	0.00e+00	0.00e+00	0.00e+00	0.00e+00
 3.75314e+22	9.94e-15	1.26e-09	7.14e-06	2.75e-04	4.14e-03	1.54e-02	1.37e-02	4.05e-02	3.78e-01	4.03e-01	1.25e-01	1.88e-02	1.43e-03	4.65e-05	1.15e-06	0.00e+00	0.00e+00	0.00e+00	0.00e+00
 3.77612e+22	1.26e-14	1.54e-09	8.50e-06	3.20e-04	4.68e-03	1.70e-02	1.47e-02	4.30e-02	3.86e-01	3.97e-01	1.19e-01	1.73e-02	1.28e-03	4.07e-05	9.80e-07	0.00e+00	0.00e+00	0.00e+00	0.00e+00
 3.79938e+22	1.72e-14	2.02e-09	1.07e-05	3.88e-04	5.47e-03	1.92e-02	1.60e-02	4.66e-02	3.97e-01	3.88e-01	1.11e-01	1.55e-02	1.10e-03	3.39e-05	7.91e-07	0.00e+00	0.00e+00	0.00e+00	0.00e+00
 3.82296e+22	2.20e-14	2.51e-09	1.28e-05	4.53e-04	6.18e-03	2.12e-02	1.71e-02	4.94e-02	4.05e-01	3.80e-01	1.05e-01	1.42e-02	9.74e-04	2.94e-05	6.71e-07	0.00e+00	0.00e+00	0.00e+00	0.00e+00
 3.84696e+22	3.04e-14	3.31e-09	1.62e-05	5.54e-04	7.25e-03	2.40e-02	1.86e-02	5.34e-02	4.15e-01	3.70e-01	9.70e-02	1.27e-02	8.31e-04	2.44e-05	5.38e-07	0.00e+00	0.00e+00	0.00e+00	0.00e+00
 3.87131e+22	3.93e-14	4.14e-09	1.96e-05	6.49e-04	8.21e-03	2.64e-02	1.98e-02	5.65e-02	4.23e-01	3.62e-01	9.15e-02	1.16e-02	7.35e-04	2.11e-05	4.54e-07	0.00e+00	0.00e+00	0.00e+00	0.00e+00
 3.89610e+22	5.48e-14	5.53e-09	2.50e-05	7.97e-04	9.65e-03	2.99e-02	2.16e-02	6.09e-02	4.31e-01	3.50e-01	8.43e-02	1.02e-02	6.23e-04	1.74e-05	3.61e-07	0.00e+00	0.00e+00	0.00e+00	0.00e+00
 3.92131e+22	7.14e-14	6.95e-09	3.04e-05	9.37e-04	1.10e-02	3.30e-02	2.30e-02	6.43e-02	4.37e-01	3.41e-01	7.91e-02	9.30e-03	5.48e-04	1.49e-05	3.03e-07	0.00e+00	0.00e+00	0.00e+00	0.00e+00
 3.94705e+22	1.01e-13	9.39e-09	3.92e-05	1.16e-03	1.29e-02	3.74e-02	2.49e-02	6.91e-02	4.45e-01	3.29e-01	7.24e-02	8.16e-03	4.60e-04	1.22e-05	2.38e-07	0.00e+00	0.00e+00	0.00e+00	0.00e+00
 3.97332e+22	1.33e-13	1.19e-08	4.79e-05	1.37e-03	1.47e-02	4.12e-02	2.66e-02	7.28e-02	4.49e-01	3.19e-01	6.75e-02	7.37e-03	4.02e-04	1.04e-05	1.98e-07	0.00e+00	0.00e+00	0.00e+00	0.00e+00
 4.00027e+22	1.90e-13	1.63e-08	6.25e-05	1.70e-03	1.74e-02	4.67e-02	2.88e-02	7.80e-02	4.55e-01	3.05e-01	6.13e-02	6.40e-03	3.34e-04	8.38e-06	1.54e-07	0.00e+00	0.00e+00	0.00e+00	0.00e+00
 4.02792e+22	2.54e-13	2.09e-08	7.73e-05	2.02e-03	1.99e-02	5.16e-02	3.07e-02	8.21e-02	4.58e-01	2.93e-01	5.67e-02	5.72e-03	2.88e-04	7.05e-06	1.26e-07	0.00e+00	0.00e+00	0.00e+00	0.00e+00
 4.05647e+22	3.70e-13	2.90e-08	1.02e-04	2.53e-03	2.36e-02	5.85e-02	3.32e-02	8.75e-02	4.60e-01	2.78e-01	5.10e-02	4.92e-03	2.36e-04	5.62e-06	0.00e+00	0.00e+00	0.00e+00	0.00e+00	0.00e+00
 4.08542e+22	4.97e-13	3.75e-08	1.26e-04	3.02e-03	2.70e-02	6.45e-02	3.52e-02	9.17e-02	4.61e-01	2.66e-01	4.68e-02	4.36e-03	2.02e-04	4.69e-06	0.00e+00	0.00e+00	0.00e+00	0.00e+00	0.00e+00
 4.11487e+22	7.29e-13	5.22e-08	1.67e-04	3.78e-03	3.20e-02	7.29e-02	3.79e-02	9.72e-02	4.60e-01	2.51e-01	4.17e-02	3.71e-03	1.64e-04	3.70e-06	0.00e+00	0.00e+00	0.00e+00	0.00e+00	0.00e+00
 4.14467e+22	9.80e-13	6.74e-08	2.07e-04	4.50e-03	3.65e-02	7.99e-02	4.01e-02	1.01e-01	4.58e-01	2.38e-01	3.80e-02	3.26e-03	1.39e-04	3.07e-06	0.00e+00	0.00e+00	0.00e+00	0.00e+00	0.00e+00
 4.17492e+22	1.44e-12	9.41e-08	2.74e-04	5.63e-03	4.31e-02	8.99e-02	4.29e-02	1.07e-01	4.53e-01	2.22e-01	3.35e-02	2.75e-03	1.12e-04	2.39e-06	0.00e+00	0.00e+00	0.00e+00	0.00e+00	0.00e+00
 4.20559e+22	1.95e-12	1.22e-07	3.40e-04	6.69e-03	4.90e-02	9.82e-02	4.52e-02	1.10e-01	4.48e-01	2.10e-01	3.03e-02	2.40e-03	9.42e-05	1.97e-06	0.00e+00	0.00e+00	0.00e+00	0.00e+00	0.00e+00
 4.23254e+22	2.62e-12	1.57e-07	4.21e-04	7.92e-03	5.55e-02	1.07e-01	4.74e-02	1.14e-01	4.41e-01	1.97e-01	2.73e-02	2.08e-03	7.90e-05	1.61e-06	0.00e+00	0.00e+00	0.00e+00	0.00e+00	0.00e+00
 4.26332e+22	3.80e-12	2.17e-07	5.50e-04	9.79e-03	6.47e-02	1.19e-01	5.01e-02	1.18e-01	4.31e-01	1.81e-01	2.38e-02	1.74e-03	6.29e-05	1.25e-06	0.00e+00	0.00e+00	0.00e+00	0.00e+00	0.00e+00
 4.29464e+22	5.15e-12	2.81e-07	6.83e-04	1.16e-02	7.31e-02	1.29e-01	5.22e-02	1.21e-01	4.21e-01	1.69e-01	2.12e-02	1.49e-03	5.19e-05	1.01e-06	0.00e+00	0.00e+00	0.00e+00	0.00e+00	0.00e+00
 4.32008e+22	6.64e-12	3.49e-07	8.18e-04	1.33e-02	8.09e-02	1.37e-01	5.40e-02	1.23e-01	4.12e-01	1.58e-01	1.91e-02	1.30e-03	4.41e-05	8.38e-07	0.00e+00	0.00e+00	0.00e+00	0.00e+00	0.00e+00
 4.34654e+22	8.94e-12	4.50e-07	1.01e-03	1.57e-02	9.08e-02	1.48e-01	5.59e-02	1.26e-01	3.99e-01	1.46e-01	1.69e-02	1.11e-03	3.62e-05	6.73e-07	0.00e+00	0.00e+00	0.00e+00	0.00e+00	0.00e+00
 4.37432e+22	1.16e-11	5.63e-07	1.21e-03	1.81e-02	1.00e-01	1.57e-01	5.75e-02	1.27e-01	3.87e-01	1.36e-01	1.51e-02	9.58e-04	3.03e-05	5.51e-07	0.00e+00	0.00e+00	0.00e+00	0.00e+00	0.00e+00
 4.39977e+22	1.50e-11	6.99e-07	1.45e-03	2.07e-02	1.10e-01	1.67e-01	5.89e-02	1.28e-01	3.74e-01	1.26e-01	1.34e-02	8.27e-04	2.53e-05	4.51e-07	0.00e+00	0.00e+00	0.00e+00	0.00e+00	0.00e+00
 4.42884e+22	2.06e-11	9.15e-07	1.81e-03	2.45e-02	1.24e-01	1.78e-01	6.04e-02	1.29e-01	3.57e-01	1.14e-01	1.16e-02	6.84e-04	2.01e-05	3.50e-07	0.00e+00	0.00e+00	0.00e+00	0.00e+00	0.00e+00
 4.45865e+22	2.71e-11	1.15e-06	2.18e-03	2.82e-02	1.36e-01	1.88e-01	6.15e-02	1.29e-01	3.41e-01	1.03e-01	1.01e-02	5.77e-04	1.64e-05	2.79e-07	0.00e+00	0.00e+00	0.00e+00	0.00e+00	0.00e+00
 4.48490e+22	3.48e-11	1.42e-06	2.59e-03	3.21e-02	1.48e-01	1.97e-01	6.24e-02	1.29e-01	3.25e-01	9.45e-02	8.89e-03	4.91e-04	1.35e-05	2.26e-07	0.00e+00	0.00e+00	0.00e+00	0.00e+00	0.00e+00
 4.51453e+22	4.72e-11	1.84e-06	3.18e-03	3.74e-02	1.64e-01	2.08e-01	6.31e-02	1.27e-01	3.05e-01	8.41e-02	7.53e-03	4.00e-04	1.06e-05	1.72e-07	0.00e+00	0.00e+00	0.00e+00	0.00e+00	0.00e+00
 4.54543e+22	6.20e-11	2.31e-06	3.82e-03	4.27e-02	1.78e-01	2.17e-01	6.34e-02	1.26e-01	2.87e-01	7.52e-02	6.45e-03	3.30e-04	8.44e-06	1.34e-07	0.00e+00	0.00e+00	0.00e+00	0.00e+00	0.00e+00
 4.57328e+22	7.96e-11	2.84e-06	4.51e-03	4.82e-02	1.92e-01	2.25e-01	6.35e-02	1.24e-01	2.70e-01	6.75e-02	5.56e-03	2.75e-04	6.81e-06	0.00e+00	0.00e+00	0.00e+00	0.00e+00	0.00e+00	0.00e+00
 4.60479e+22	1.08e-10	3.67e-06	5.53e-03	5.57e-02	2.10e-01	2.33e-01	6.33e-02	1.20e-01	2.48e-01	5.87e-02	4.59e-03	2.18e-04	5.17e-06	0.00e+00	0.00e+00	0.00e+00	0.00e+00	0.00e+00	0.00e+00
 4.63729e+22	1.41e-10	4.58e-06	6.58e-03	6.30e-02	2.26e-01	2.40e-01	6.27e-02	1.17e-01	2.29e-01	5.15e-02	3.85e-03	1.76e-04	4.04e-06	0.00e+00	0.00e+00	0.00e+00	0.00e+00	0.00e+00	0.00e+00
 4.66625e+22	1.81e-10	5.60e-06	7.70e-03	7.03e-02	2.40e-01	2.45e-01	6.19e-02	1.13e-01	2.12e-01	4.54e-02	3.26e-03	1.44e-04	3.19e-06	0.00e+00	0.00e+00	0.00e+00	0.00e+00	0.00e+00	0.00e+00
 4.69905e+22	2.44e-10	7.17e-06	9.33e-03	8.02e-02	2.59e-01	2.50e-01	6.06e-02	1.08e-01	1.91e-01	3.86e-02	2.62e-03	1.11e-04	2.36e-06	0.00e+00	0.00e+00	0.00e+00	0.00e+00	0.00e+00	0.00e+00
 4.73307e+22	3.17e-10	8.89e-06	1.10e-02	8.97e-02	2.74e-01	2.54e-01	5.91e-02	1.03e-01	1.73e-01	3.31e-02	2.15e-03	8.80e-05	1.80e-06	0.00e+00	0.00e+00	0.00e+00	0.00e+00	0.00e+00	0.00e+00
 4.76364e+22	4.04e-10	1.08e-05	1.28e-02	9.91e-02	2.89e-01	2.55e-01	5.76e-02	9.87e-02	1.57e-01	2.86e-02	1.78e-03	7.03e-05	1.39e-06	0.00e+00	0.00e+00	0.00e+00	0.00e+00	0.00e+00	0.00e+00
 4.79834e+22	5.48e-10	1.38e-05	1.54e-02	1.12e-01	3.06e-01	2.56e-01	5.52e-02	9.22e-02	1.38e-01	2.36e-02	1.39e-03	5.24e-05	9.90e-07	0.00e+00	0.00e+00	0.00e+00	0.00e+00	0.00e+00	0.00e+00
 4.83405e+22	7.04e-10	1.69e-05	1.80e-02	1.23e-01	3.19e-01	2.55e-01	5.31e-02	8.67e-02	1.23e-01	1.99e-02	1.12e-03	4.07e-05	7.41e-07	0.00e+00	0.00e+00	0.00e+00	0.00e+00	0.00e+00	0.00e+00
 4.86620e+22	8.96e-10	2.05e-05	2.07e-02	1.35e-01	3.32e-01	2.53e-01	5.09e-02	8.12e-02	1.10e-01	1.68e-02	9.02e-04	3.17e-05	5.56e-07	0.00e+00	0.00e+00	0.00e+00	0.00e+00	0.00e+00	0.00e+00
 4.90312e+22	1.21e-09	2.61e-05	2.48e-02	1.50e-01	3.46e-01	2.49e-01	4.79e-02	7.43e-02	9.39e-02	1.34e-02	6.81e-04	2.28e-05	3.82e-07	0.00e+00	0.00e+00	0.00e+00	0.00e+00	0.00e+00	0.00e+00
 4.94045e+22	1.55e-09	3.17e-05	2.85e-02	1.63e-01	3.56e-01	2.44e-01	4.53e-02	6.87e-02	8.22e-02	1.11e-02	5.37e-04	1.73e-05	2.80e-07	0.00e+00	0.00e+00	0.00e+00	0.00e+00	0.00e+00	0.00e+00
 4.97830e+22	2.08e-09	3.99e-05	3.37e-02	1.80e-01	3.66e-01	2.37e-01	4.22e-02	6.20e-02	6.95e-02	8.75e-03	4.00e-04	1.23e-05	1.90e-07	0.00e+00	0.00e+00	0.00e+00	0.00e+00	0.00e+00	0.00e+00
 5.01660e+22	2.64e-09	4.80e-05	3.85e-02	1.94e-01	3.73e-01	2.31e-01	3.95e-02	5.67e-02	6.02e-02	7.16e-03	3.12e-04	9.26e-06	1.37e-07	0.00e+00	0.00e+00	0.00e+00	0.00e+00	0.00e+00	0.00e+00
 5.05548e+22	3.54e-09	6.03e-05	4.53e-02	2.12e-01	3.79e-01	2.21e-01	3.63e-02	5.04e-02	4.99e-02	5.53e-03	2.27e-04	6.43e-06	0.00e+00	0.00e+00	0.00e+00	0.00e+00	0.00e+00	0.00e+00	0.00e+00
 5.09473e+22	4.46e-09	7.21e-05	5.13e-02	2.26e-01	3.83e-01	2.13e-01	3.37e-02	4.57e-02	4.29e-02	4.48e-03	1.75e-04	4.78e-06	0.00e+00	0.00e+00	0.00e+00	0.00e+00	0.00e+00	0.00e+00	0.00e+00
 5.13444e+22	5.96e-09	9.01e-05	5.98e-02	2.45e-01	3.85e-01	2.01e-01	3.06e-02	4.01e-02	3.51e-02	3.40e-03	1.25e-04	3.26e-06	0.00e+00	0.00e+00	0.00e+00	0.00e+00	0.00e+00	0.00e+00	0.00e+00
 5.17457e+22	7.45e-09	1.07e-04	6.72e-02	2.59e-01	3.85e-01	1.92e-01	2.82e-02	3.61e-02	2.98e-02	2.73e-03	9.60e-05	2.40e-06	0.00e+00	0.00e+00	0.00e+00	0.00e+00	0.00e+00	0.00e+00	0.00e+00
 5.21523e+22	9.91e-09	1.33e-04	7.78e-02	2.77e-01	3.82e-01	1.80e-01	2.53e-02	3.13e-02	2.41e-02	2.04e-03	6.76e-05	1.61e-06	0.00e+00	0.00e+00	0.00e+00	0.00e+00	0.00e+00	0.00e+00	0.00e+00
 5.25642e+22	1.24e-08	1.57e-04	8.69e-02	2.91e-01	3.79e-01	1.70e-01	2.32e-02	2.78e-02	2.02e-02	1.61e-03	5.11e-05	1.17e-06	0.00e+00	0.00e+00	0.00e+00	0.00e+00	0.00e+00	0.00e+00	0.00e+00
 5.29831e+22	1.64e-08	1.93e-04	9.98e-02	3.09e-01	3.72e-01	1.57e-01	2.06e-02	2.38e-02	1.61e-02	1.19e-03	3.54e-05	7.74e-07	0.00e+00	0.00e+00	0.00e+00	0.00e+00	0.00e+00	0.00e+00	0.00e+00
 5.33944e+22	2.01e-08	2.25e-04	1.10e-01	3.21e-01	3.66e-01	1.48e-01	1.88e-02	2.12e-02	1.36e-02	9.45e-04	2.69e-05	5.68e-07	0.00e+00	0.00e+00	0.00e+00	0.00e+00	0.00e+00	0.00e+00	0.00e+00
 5.37389e+22	2.44e-08	2.59e-04	1.21e-01	3.32e-01	3.59e-01	1.39e-01	1.72e-02	1.88e-02	1.15e-02	7.58e-04	2.07e-05	4.22e-07	0.00e+00	0.00e+00	0.00e+00	0.00e+00	0.00e+00	0.00e+00	0.00e+00
 5.40715e+22	2.94e-08	2.98e-04	1.32e-01	3.43e-01	3.52e-01	1.31e-01	1.57e-02	1.68e-02	9.77e-03	6.09e-04	1.60e-05	3.14e-07	0.00e+00	0.00e+00	0.00e+00	0.00e+00	0.00e+00	0.00e+00	0.00e+00
 5.44456e+22	3.71e-08	3.52e-04	1.46e-01	3.55e-01	3.41e-01	1.21e-01	1.40e-02	1.45e-02	7.92e-03	4.61e-04	1.15e-05	2.17e-07	0.00e+00	0.00e+00	0.00e+00	0.00e+00	0.00e+00	0.00e+00	0.00e+00
 5.48183e+22	4.43e-08	4.01e-04	1.58e-01	3.64e-01	3.32e-01	1.13e-01	1.28e-02	1.29e-02	6.71e-03	3.70e-04	8.87e-06	1.62e-07	0.00e+00	0.00e+00	0.00e+00	0.00e+00	0.00e+00	0.00e+00	0.00e+00
 5.51891e+22	5.56e-08	4.72e-04	1.75e-01	3.74e-01	3.19e-01	1.04e-01	1.13e-02	1.10e-02	5.40e-03	2.77e-04	6.33e-06	0.00e+00	0.00e+00	0.00e+00	0.00e+00	0.00e+00	0.00e+00	0.00e+00	0.00e+00
 5.55653e+22	6.62e-08	5.35e-04	1.88e-01	3.81e-01	3.09e-01	9.65e-02	1.03e-02	9.76e-03	4.55e-03	2.21e-04	4.86e-06	0.00e+00	0.00e+00	0.00e+00	0.00e+00	0.00e+00	0.00e+00	0.00e+00	0.00e+00
 5.59487e+22	8.27e-08	6.26e-04	2.07e-01	3.89e-01	2.95e-01	8.78e-02	9.04e-03	8.31e-03	3.64e-03	1.65e-04	3.45e-06	0.00e+00	0.00e+00	0.00e+00	0.00e+00	0.00e+00	0.00e+00	0.00e+00	0.00e+00
 5.63381e+22	9.89e-08	7.11e-04	2.22e-01	3.94e-01	2.83e-01	8.11e-02	8.13e-03	7.26e-03	3.03e-03	1.29e-04	2.60e-06	0.00e+00	0.00e+00	0.00e+00	0.00e+00	0.00e+00	0.00e+00	0.00e+00	0.00e+00
 5.66829e+22	1.17e-07	8.02e-04	2.38e-01	3.98e-01	2.72e-01	7.49e-02	7.33e-03	6.36e-03	2.53e-03	1.02e-04	1.97e-06	0.00e+00	0.00e+00	0.00e+00	0.00e+00	0.00e+00	0.00e+00	0.00e+00	0.00e+00
 5.70786e+22	1.46e-07	9.33e-04	2.59e-01	4.02e-01	2.56e-01	6.75e-02	6.39e-03	5.36e-03	2.00e-03	7.51e-05	1.38e-06	0.00e+00	0.00e+00	0.00e+00	0.00e+00	0.00e+00	0.00e+00	0.00e+00	0.00e+00
 5.74617e+22	1.71e-07	1.04e-03	2.75e-01	4.04e-01	2.45e-01	6.24e-02	5.78e-03	4.71e-03	1.68e-03	5.99e-05	1.07e-06	0.00e+00	0.00e+00	0.00e+00	0.00e+00	0.00e+00	0.00e+00	0.00e+00	0.00e+00
 5.77666e+22	1.97e-07	1.15e-03	2.90e-01	4.05e-01	2.35e-01	5.80e-02	5.26e-03	4.19e-03	1.43e-03	4.86e-05	8.38e-07	0.00e+00	0.00e+00	0.00e+00	0.00e+00	0.00e+00	0.00e+00	0.00e+00	0.00e+00
