#depth	H	H+	H2
 1.54284e+22	8.80e-06	1.00e+00	1.13e-28
 3.47358e+22	1.25e-05	1.00e+00	4.39e-28
 4.05544e+22	1.48e-05	1.00e+00	8.60e-28
 4.34637e+22	1.60e-05	1.00e+00	1.20e-27
 4.49666e+22	1.67e-05	1.00e+00	1.44e-27
 4.60312e+22	1.74e-05	1.00e+00	1.73e-27
 4.72534e+22	1.84e-05	1.00e+00	2.19e-27
 4.84758e+22	1.92e-05	1.00e+00	2.62e-27
 4.96985e+22	2.03e-05	1.00e+00	3.31e-27
 5.09417e+22	2.11e-05	1.00e+00	3.98e-27
 5.22113e+22	2.23e-05	1.00e+00	5.06e-27
 5.35012e+22	2.33e-05	1.00e+00	6.11e-27
 5.48175e+22	2.47e-05	1.00e+00	7.83e-27
 5.61549e+22	2.58e-05	1.00e+00	9.49e-27
 5.75196e+22	2.73e-05	1.00e+00	1.23e-26
 5.89172e+22	2.86e-05	1.00e+00	1.50e-26
 6.03575e+22	3.04e-05	1.00e+00	1.96e-26
 6.18297e+22	3.19e-05	1.00e+00	2.42e-26
 6.33436e+22	3.39e-05	1.00e+00	3.19e-26
 6.48728e+22	3.56e-05	1.00e+00	3.82e-26
 6.64220e+22	3.79e-05	1.00e+00	5.06e-26
 6.79934e+22	3.98e-05	1.00e+00	6.29e-26
 6.95935e+22	4.24e-05	1.00e+00	8.38e-26
 7.11593e+22	4.44e-05	1.00e+00	1.03e-25
 7.26804e+22	4.72e-05	1.00e+00	1.35e-25
 7.42577e+22	4.95e-05	1.00e+00	1.68e-25
 7.56007e+22	5.17e-05	1.00e+00	2.04e-25
 7.70392e+22	5.47e-05	1.00e+00	2.62e-25
 7.84916e+22	5.71e-05	1.00e+00	3.19e-25
 7.99620e+22	6.03e-05	1.00e+00	4.10e-25
 8.14753e+22	6.34e-05	1.00e+00	5.09e-25
 8.28138e+22	6.62e-05	1.00e+00	6.21e-25
 8.43235e+22	6.99e-05	1.00e+00	7.99e-25
 8.59142e+22	7.36e-05	1.00e+00	1.01e-24
 8.73612e+22	7.72e-05	1.00e+00	1.25e-24
 8.89934e+22	8.19e-05	1.00e+00	1.64e-24
 9.06769e+22	8.64e-05	1.00e+00	2.07e-24
 9.21732e+22	9.07e-05	1.00e+00	2.59e-24
 9.38642e+22	9.64e-05	1.00e+00	3.43e-24
 9.56205e+22	1.02e-04	1.00e+00	4.39e-24
 9.71979e+22	1.07e-04	1.00e+00	5.54e-24
 9.89850e+22	1.14e-04	1.00e+00	7.48e-24
 1.00833e+23	1.21e-04	1.00e+00	9.65e-24
 1.02507e+23	1.28e-04	1.00e+00	1.24e-23
 1.04431e+23	1.37e-04	1.00e+00	1.72e-23
 1.06371e+23	1.45e-04	1.00e+00	2.23e-23
 1.08334e+23	1.56e-04	1.00e+00	3.10e-23
 1.10326e+23	1.65e-04	1.00e+00	4.08e-23
 1.12089e+23	1.75e-04	1.00e+00	5.34e-23
 1.14115e+23	1.88e-04	1.00e+00	7.61e-23
 1.16169e+23	2.00e-04	1.00e+00	1.01e-22
 1.18262e+23	2.15e-04	1.00e+00	1.46e-22
 1.20394e+23	2.29e-04	1.00e+00	1.98e-22
 1.22290e+23	2.43e-04	1.00e+00	2.69e-22
 1.24468e+23	2.63e-04	1.00e+00	4.02e-22
 1.26675e+23	2.80e-04	1.00e+00	5.56e-22
 1.28592e+23	2.98e-04	1.00e+00	7.60e-22
 1.30752e+23	3.22e-04	1.00e+00	1.14e-21
 1.32817e+23	3.39e-04	1.00e+00	1.52e-21
 1.34760e+23	3.64e-04	1.00e+00	2.18e-21
 1.36707e+23	3.84e-04	1.00e+00	2.93e-21
 1.38660e+23	4.11e-04	1.00e+00	4.19e-21
 1.40665e+23	4.36e-04	1.00e+00	5.74e-21
 1.42466e+23	4.61e-04	1.00e+00	7.72e-21
 1.44536e+23	4.95e-04	1.00e+00	1.14e-20
 1.46623e+23	5.25e-04	9.99e-01	1.55e-20
 1.48732e+23	5.65e-04	9.99e-01	2.29e-20
 1.50773e+23	5.95e-04	9.99e-01	3.07e-20
 1.52411e+23	6.26e-04	9.99e-01	4.01e-20
 1.54227e+23	6.65e-04	9.99e-01	5.61e-20
 1.56068e+23	6.99e-04	9.99e-01	7.52e-20
 1.57689e+23	7.35e-04	9.99e-01	9.88e-20
 1.59546e+23	7.81e-04	9.99e-01	1.44e-19
 1.61427e+23	8.22e-04	9.99e-01	1.99e-19
 1.63083e+23	8.64e-04	9.99e-01	2.69e-19
 1.64980e+23	9.19e-04	9.99e-01	4.12e-19
 1.66898e+23	9.68e-04	9.99e-01	6.05e-19
 1.68583e+23	1.02e-03	9.99e-01	8.56e-19
 1.70512e+23	1.08e-03	9.99e-01	1.44e-18
 1.72473e+23	1.14e-03	9.99e-01	2.41e-18
 1.74214e+23	1.20e-03	9.99e-01	3.86e-18
 1.76215e+23	1.28e-03	9.99e-01	8.15e-18
 1.78248e+23	1.35e-03	9.99e-01	1.80e-17
 1.80323e+23	1.44e-03	9.99e-01	4.56e-17
 1.82425e+23	1.53e-03	9.98e-01	1.39e-16
 1.84563e+23	1.63e-03	9.98e-01	2.44e-16
 1.86742e+23	1.73e-03	9.98e-01	3.95e-16
 1.88975e+23	1.85e-03	9.98e-01	6.06e-16
 1.91250e+23	1.96e-03	9.98e-01	9.00e-16
 1.93576e+23	2.10e-03	9.98e-01	1.30e-15
 1.95936e+23	2.23e-03	9.98e-01	1.84e-15
 1.97722e+23	2.33e-03	9.98e-01	2.25e-15
 1.99425e+23	2.45e-03	9.98e-01	2.84e-15
 2.01169e+23	2.55e-03	9.97e-01	3.37e-15
 2.02963e+23	2.69e-03	9.97e-01	4.14e-15
 2.04800e+23	2.81e-03	9.97e-01	4.93e-15
 2.06692e+23	2.98e-03	9.97e-01	6.14e-15
 2.08578e+23	3.11e-03	9.97e-01	7.28e-15
 2.10455e+23	3.29e-03	9.97e-01	8.99e-15
 2.12381e+23	3.44e-03	9.97e-01	1.08e-14
 2.14372e+23	3.64e-03	9.96e-01	1.34e-14
 2.16393e+23	3.82e-03	9.96e-01	1.62e-14
 2.18455e+23	4.06e-03	9.96e-01	2.04e-14
 2.20535e+23	4.26e-03	9.96e-01	2.46e-14
 2.22639e+23	4.52e-03	9.95e-01	3.10e-14
 2.24795e+23	4.75e-03	9.95e-01	3.79e-14
 2.27021e+23	5.07e-03	9.95e-01	4.88e-14
 2.29251e+23	5.33e-03	9.95e-01	5.98e-14
 2.31486e+23	5.70e-03	9.94e-01	7.77e-14
 2.33709e+23	5.99e-03	9.94e-01	9.49e-14
 2.35914e+23	6.42e-03	9.94e-01	1.23e-13
 2.38124e+23	6.75e-03	9.93e-01	1.51e-13
 2.40338e+23	7.26e-03	9.93e-01	1.98e-13
 2.42547e+23	7.66e-03	9.92e-01	2.45e-13
 2.44748e+23	8.29e-03	9.92e-01	3.25e-13
 2.46939e+23	8.78e-03	9.91e-01	4.04e-13
 2.49115e+23	9.54e-03	9.90e-01	5.43e-13
 2.51291e+23	1.02e-02	9.90e-01	6.87e-13
 2.53466e+23	1.12e-02	9.89e-01	9.36e-13
 2.55652e+23	1.20e-02	9.88e-01	1.22e-12
 2.57852e+23	1.33e-02	9.87e-01	1.70e-12
 2.60067e+23	1.46e-02	9.85e-01	2.29e-12
 2.61990e+23	1.61e-02	9.84e-01	3.07e-12
 2.64176e+23	1.83e-02	9.82e-01	4.54e-12
 2.66372e+23	2.07e-02	9.79e-01	6.47e-12
 2.68042e+23	2.29e-02	9.77e-01	8.63e-12
 2.69674e+23	2.59e-02	9.74e-01	1.22e-11
 2.71431e+23	2.98e-02	9.70e-01	1.77e-11
 2.73024e+23	3.43e-02	9.66e-01	2.56e-11
 2.74493e+23	3.97e-02	9.60e-01	3.69e-11
 2.75884e+23	4.65e-02	9.53e-01	5.45e-11
 2.77189e+23	5.47e-02	9.45e-01	8.00e-11
 2.78401e+23	6.49e-02	9.35e-01	1.20e-10
 2.79521e+23	7.71e-02	9.23e-01	1.77e-10
 2.80547e+23	9.21e-02	9.08e-01	2.63e-10
 2.81471e+23	1.10e-01	8.90e-01	3.85e-10
 2.82285e+23	1.30e-01	8.70e-01	5.53e-10
 2.83008e+23	1.52e-01	8.48e-01	7.71e-10
 2.83666e+23	1.76e-01	8.24e-01	1.05e-09
 2.84289e+23	2.04e-01	7.96e-01	1.42e-09
 2.84873e+23	2.35e-01	7.65e-01	1.89e-09
 2.85402e+23	2.68e-01	7.32e-01	2.45e-09
 2.85890e+23	3.01e-01	6.99e-01	3.10e-09
 2.86339e+23	3.36e-01	6.64e-01	3.81e-09
 2.86734e+23	3.68e-01	6.32e-01	4.53e-09
 2.87076e+23	3.96e-01	6.04e-01	5.21e-09
 2.87350e+23	4.20e-01	5.80e-01	5.79e-09
 2.87575e+23	4.40e-01	5.60e-01	6.30e-09
 2.87812e+23	4.60e-01	5.40e-01	6.86e-09
 2.88086e+23	4.84e-01	5.16e-01	7.52e-09
 2.88376e+23	5.09e-01	4.91e-01	8.21e-09
 2.88648e+23	5.32e-01	4.68e-01	8.83e-09
 2.88850e+23	5.47e-01	4.53e-01	9.22e-09
 2.88986e+23	5.57e-01	4.43e-01	9.52e-09
 2.89123e+23	5.68e-01	4.32e-01	9.83e-09
 2.89289e+23	5.80e-01	4.20e-01	1.02e-08
 2.89470e+23	5.94e-01	4.06e-01	1.06e-08
 2.89644e+23	6.06e-01	3.94e-01	1.09e-08
 2.89816e+23	6.17e-01	3.83e-01	1.13e-08
 2.89995e+23	6.29e-01	3.71e-01	1.17e-08
 2.90176e+23	6.41e-01	3.59e-01	1.20e-08
 2.90360e+23	6.52e-01	3.48e-01	1.23e-08
 2.90553e+23	6.63e-01	3.37e-01	1.26e-08
 2.90753e+23	6.75e-01	3.25e-01	1.30e-08
 2.90952e+23	6.86e-01	3.14e-01	1.33e-08
 2.91154e+23	6.96e-01	3.04e-01	1.36e-08
 2.91366e+23	7.06e-01	2.94e-01	1.39e-08
 2.91587e+23	7.17e-01	2.83e-01	1.42e-08
 2.91810e+23	7.27e-01	2.73e-01	1.45e-08
 2.92037e+23	7.36e-01	2.64e-01	1.47e-08
 2.92274e+23	7.46e-01	2.54e-01	1.50e-08
 2.92520e+23	7.55e-01	2.45e-01	1.53e-08
 2.92772e+23	7.65e-01	2.35e-01	1.55e-08
 2.93030e+23	7.73e-01	2.27e-01	1.58e-08
 2.93297e+23	7.82e-01	2.18e-01	1.60e-08
 2.93576e+23	7.90e-01	2.10e-01	1.63e-08
 2.93865e+23	7.98e-01	2.02e-01	1.65e-08
 2.94162e+23	8.06e-01	1.94e-01	1.67e-08
 2.94471e+23	8.14e-01	1.86e-01	1.69e-08
 2.94792e+23	8.21e-01	1.79e-01	1.72e-08
 2.95121e+23	8.28e-01	1.72e-01	1.74e-08
 2.95458e+23	8.34e-01	1.66e-01	1.76e-08
 2.95804e+23	8.40e-01	1.60e-01	1.78e-08
 2.96167e+23	8.46e-01	1.54e-01	1.81e-08
 2.96545e+23	8.52e-01	1.48e-01	1.83e-08
 2.96934e+23	8.57e-01	1.43e-01	1.86e-08
 2.97333e+23	8.62e-01	1.38e-01	1.89e-08
 2.97754e+23	8.67e-01	1.33e-01	1.92e-08
 2.98205e+23	8.71e-01	1.29e-01	1.96e-08
 2.98675e+23	8.76e-01	1.24e-01	2.00e-08
 2.99164e+23	8.80e-01	1.20e-01	2.05e-08
 2.99686e+23	8.84e-01	1.16e-01	2.10e-08
 3.00243e+23	8.88e-01	1.12e-01	2.17e-08
 3.00830e+23	8.92e-01	1.08e-01	2.24e-08
 3.01426e+23	8.95e-01	1.05e-01	2.32e-08
 3.01999e+23	8.98e-01	1.02e-01	2.41e-08
 3.02548e+23	9.01e-01	9.89e-02	2.50e-08
 3.03089e+23	9.04e-01	9.62e-02	2.60e-08
 3.03621e+23	9.06e-01	9.37e-02	2.70e-08
 3.04142e+23	9.09e-01	9.13e-02	2.79e-08
 3.04640e+23	9.11e-01	8.91e-02	2.88e-08
 3.05114e+23	9.13e-01	8.70e-02	2.98e-08
 3.05560e+23	9.15e-01	8.52e-02	3.07e-08
 3.05992e+23	9.17e-01	8.34e-02	3.18e-08
 3.06425e+23	9.19e-01	8.15e-02	3.29e-08
 3.06844e+23	9.20e-01	7.97e-02	3.41e-08
 3.07248e+23	9.22e-01	7.81e-02	3.54e-08
 3.07637e+23	9.24e-01	7.65e-02	3.68e-08
 3.08014e+23	9.25e-01	7.49e-02	3.82e-08
 3.08377e+23	9.27e-01	7.33e-02	3.97e-08
 3.08562e+23	9.28e-01	7.15e-02	3.95e-08
