#depth	He	He+	He+2
 1.54284e+22	4.42e-08	2.17e-03	9.98e-01
 3.47358e+22	8.02e-08	3.01e-03	9.97e-01
 4.05544e+22	1.08e-07	3.51e-03	9.96e-01
 4.34637e+22	1.26e-07	3.79e-03	9.96e-01
 4.49666e+22	1.36e-07	3.94e-03	9.96e-01
 4.60312e+22	1.48e-07	4.11e-03	9.96e-01
 4.72534e+22	1.64e-07	4.33e-03	9.96e-01
 4.84758e+22	1.78e-07	4.50e-03	9.95e-01
 4.96985e+22	1.97e-07	4.74e-03	9.95e-01
 5.09417e+22	2.14e-07	4.93e-03	9.95e-01
 5.22113e+22	2.38e-07	5.20e-03	9.95e-01
 5.35012e+22	2.58e-07	5.42e-03	9.95e-01
 5.48175e+22	2.89e-07	5.73e-03	9.94e-01
 5.61549e+22	3.14e-07	5.97e-03	9.94e-01
 5.75196e+22	3.52e-07	6.31e-03	9.94e-01
 5.89172e+22	3.84e-07	6.59e-03	9.93e-01
 6.03575e+22	4.32e-07	6.99e-03	9.93e-01
 6.18297e+22	4.73e-07	7.31e-03	9.93e-01
 6.33436e+22	5.35e-07	7.77e-03	9.92e-01
 6.48728e+22	5.86e-07	8.13e-03	9.92e-01
 6.64220e+22	6.64e-07	8.65e-03	9.91e-01
 6.79934e+22	7.29e-07	9.06e-03	9.91e-01
 6.95935e+22	8.27e-07	9.64e-03	9.90e-01
 7.11593e+22	9.03e-07	1.01e-02	9.90e-01
 7.26804e+22	1.02e-06	1.07e-02	9.89e-01
 7.42577e+22	1.12e-06	1.12e-02	9.89e-01
 7.56007e+22	1.22e-06	1.17e-02	9.88e-01
 7.70392e+22	1.36e-06	1.23e-02	9.88e-01
 7.84916e+22	1.48e-06	1.28e-02	9.87e-01
 7.99620e+22	1.65e-06	1.35e-02	9.86e-01
 8.14753e+22	1.81e-06	1.42e-02	9.86e-01
 8.28138e+22	1.97e-06	1.48e-02	9.85e-01
 8.43235e+22	2.20e-06	1.56e-02	9.84e-01
 8.59142e+22	2.43e-06	1.64e-02	9.84e-01
 8.73612e+22	2.66e-06	1.72e-02	9.83e-01
 8.89934e+22	2.99e-06	1.82e-02	9.82e-01
 9.06769e+22	3.32e-06	1.92e-02	9.81e-01
 9.21732e+22	3.65e-06	2.01e-02	9.80e-01
 9.38642e+22	4.11e-06	2.13e-02	9.79e-01
 9.56205e+22	4.57e-06	2.24e-02	9.78e-01
 9.71979e+22	5.05e-06	2.36e-02	9.76e-01
 9.89850e+22	5.73e-06	2.51e-02	9.75e-01
 1.00833e+23	6.39e-06	2.65e-02	9.74e-01
 1.02507e+23	7.10e-06	2.79e-02	9.72e-01
 1.04431e+23	8.15e-06	2.98e-02	9.70e-01
 1.06371e+23	9.10e-06	3.15e-02	9.68e-01
 1.08334e+23	1.04e-05	3.37e-02	9.66e-01
 1.10326e+23	1.17e-05	3.56e-02	9.64e-01
 1.12089e+23	1.30e-05	3.76e-02	9.62e-01
 1.14115e+23	1.51e-05	4.03e-02	9.60e-01
 1.16169e+23	1.69e-05	4.27e-02	9.57e-01
 1.18262e+23	1.95e-05	4.57e-02	9.54e-01
 1.20394e+23	2.20e-05	4.85e-02	9.51e-01
 1.22290e+23	2.47e-05	5.13e-02	9.49e-01
 1.24468e+23	2.88e-05	5.53e-02	9.45e-01
 1.26675e+23	3.25e-05	5.86e-02	9.41e-01
 1.28592e+23	3.64e-05	6.19e-02	9.38e-01
 1.30752e+23	4.23e-05	6.65e-02	9.33e-01
 1.32817e+23	4.68e-05	6.99e-02	9.30e-01
 1.34760e+23	5.34e-05	7.44e-02	9.26e-01
 1.36707e+23	5.91e-05	7.82e-02	9.22e-01
 1.38660e+23	6.73e-05	8.32e-02	9.17e-01
 1.40665e+23	7.51e-05	8.76e-02	9.12e-01
 1.42466e+23	8.35e-05	9.22e-02	9.08e-01
 1.44536e+23	9.57e-05	9.84e-02	9.02e-01
 1.46623e+23	1.07e-04	1.03e-01	8.96e-01
 1.48732e+23	1.22e-04	1.10e-01	8.89e-01
 1.50773e+23	1.35e-04	1.16e-01	8.84e-01
 1.52411e+23	1.48e-04	1.21e-01	8.79e-01
 1.54227e+23	1.65e-04	1.27e-01	8.73e-01
 1.56068e+23	1.82e-04	1.33e-01	8.67e-01
 1.57689e+23	1.99e-04	1.39e-01	8.61e-01
 1.59546e+23	2.22e-04	1.46e-01	8.54e-01
 1.61427e+23	2.44e-04	1.53e-01	8.47e-01
 1.63083e+23	2.68e-04	1.59e-01	8.41e-01
 1.64980e+23	2.99e-04	1.67e-01	8.32e-01
 1.66898e+23	3.29e-04	1.75e-01	8.25e-01
 1.68583e+23	3.60e-04	1.82e-01	8.18e-01
 1.70512e+23	4.03e-04	1.92e-01	8.08e-01
 1.72473e+23	4.43e-04	2.00e-01	8.00e-01
 1.74214e+23	4.86e-04	2.08e-01	7.91e-01
 1.76215e+23	5.44e-04	2.19e-01	7.81e-01
 1.78248e+23	5.98e-04	2.28e-01	7.71e-01
 1.80323e+23	6.72e-04	2.40e-01	7.59e-01
 1.82425e+23	7.41e-04	2.50e-01	7.49e-01
 1.84563e+23	8.33e-04	2.63e-01	7.36e-01
 1.86742e+23	9.19e-04	2.74e-01	7.25e-01
 1.88975e+23	1.04e-03	2.89e-01	7.10e-01
 1.91250e+23	1.15e-03	3.01e-01	6.98e-01
 1.93576e+23	1.30e-03	3.17e-01	6.82e-01
 1.95936e+23	1.43e-03	3.30e-01	6.68e-01
 1.97722e+23	1.54e-03	3.40e-01	6.58e-01
 1.99425e+23	1.68e-03	3.53e-01	6.46e-01
 2.01169e+23	1.80e-03	3.63e-01	6.35e-01
 2.02963e+23	1.97e-03	3.76e-01	6.22e-01
 2.04800e+23	2.12e-03	3.88e-01	6.10e-01
 2.06692e+23	2.34e-03	4.03e-01	5.95e-01
 2.08578e+23	2.51e-03	4.15e-01	5.83e-01
 2.10455e+23	2.75e-03	4.30e-01	5.68e-01
 2.12381e+23	2.98e-03	4.43e-01	5.54e-01
 2.14372e+23	3.27e-03	4.60e-01	5.37e-01
 2.16393e+23	3.54e-03	4.74e-01	5.23e-01
 2.18455e+23	3.91e-03	4.92e-01	5.04e-01
 2.20535e+23	4.24e-03	5.07e-01	4.88e-01
 2.22639e+23	4.66e-03	5.26e-01	4.70e-01
 2.24795e+23	5.08e-03	5.43e-01	4.52e-01
 2.27021e+23	5.62e-03	5.63e-01	4.31e-01
 2.29251e+23	6.12e-03	5.81e-01	4.13e-01
 2.31486e+23	6.80e-03	6.02e-01	3.91e-01
 2.33709e+23	7.39e-03	6.20e-01	3.73e-01
 2.35914e+23	8.20e-03	6.42e-01	3.50e-01
 2.38124e+23	8.91e-03	6.60e-01	3.31e-01
 2.40338e+23	9.92e-03	6.82e-01	3.08e-01
 2.42547e+23	1.08e-02	7.00e-01	2.89e-01
 2.44748e+23	1.20e-02	7.22e-01	2.66e-01
 2.46939e+23	1.31e-02	7.40e-01	2.47e-01
 2.49115e+23	1.46e-02	7.60e-01	2.25e-01
 2.51291e+23	1.59e-02	7.77e-01	2.07e-01
 2.53466e+23	1.77e-02	7.96e-01	1.87e-01
 2.55652e+23	1.94e-02	8.11e-01	1.69e-01
 2.57852e+23	2.17e-02	8.28e-01	1.50e-01
 2.60067e+23	2.39e-02	8.42e-01	1.35e-01
 2.61990e+23	2.62e-02	8.53e-01	1.21e-01
 2.64176e+23	2.94e-02	8.65e-01	1.06e-01
 2.66372e+23	3.26e-02	8.74e-01	9.36e-02
 2.68042e+23	3.52e-02	8.80e-01	8.51e-02
 2.69674e+23	3.88e-02	8.85e-01	7.64e-02
 2.71431e+23	4.26e-02	8.89e-01	6.86e-02
 2.73024e+23	4.67e-02	8.91e-01	6.22e-02
 2.74493e+23	5.12e-02	8.92e-01	5.67e-02
 2.75884e+23	5.62e-02	8.92e-01	5.19e-02
 2.77189e+23	6.15e-02	8.90e-01	4.80e-02
 2.78401e+23	6.76e-02	8.88e-01	4.45e-02
 2.79521e+23	7.40e-02	8.84e-01	4.18e-02
 2.80547e+23	8.11e-02	8.80e-01	3.94e-02
 2.81471e+23	8.86e-02	8.74e-01	3.75e-02
 2.82285e+23	9.64e-02	8.68e-01	3.59e-02
 2.83008e+23	1.04e-01	8.61e-01	3.47e-02
 2.83666e+23	1.13e-01	8.53e-01	3.38e-02
 2.84289e+23	1.22e-01	8.45e-01	3.30e-02
 2.84873e+23	1.31e-01	8.36e-01	3.24e-02
 2.85402e+23	1.41e-01	8.27e-01	3.20e-02
 2.85890e+23	1.51e-01	8.17e-01	3.17e-02
 2.86339e+23	1.61e-01	8.07e-01	3.16e-02
 2.86734e+23	1.71e-01	7.98e-01	3.16e-02
 2.87076e+23	1.79e-01	7.89e-01	3.17e-02
 2.87350e+23	1.87e-01	7.81e-01	3.18e-02
 2.87575e+23	1.93e-01	7.75e-01	3.19e-02
 2.87812e+23	2.01e-01	7.67e-01	3.20e-02
 2.88086e+23	2.10e-01	7.58e-01	3.20e-02
 2.88376e+23	2.19e-01	7.49e-01	3.21e-02
 2.88648e+23	2.28e-01	7.39e-01	3.23e-02
 2.88850e+23	2.35e-01	7.33e-01	3.26e-02
 2.88986e+23	2.40e-01	7.28e-01	3.26e-02
 2.89123e+23	2.45e-01	7.22e-01	3.26e-02
 2.89289e+23	2.52e-01	7.15e-01	3.26e-02
 2.89470e+23	2.60e-01	7.08e-01	3.26e-02
 2.89644e+23	2.66e-01	7.01e-01	3.27e-02
 2.89816e+23	2.74e-01	6.94e-01	3.26e-02
 2.89995e+23	2.82e-01	6.85e-01	3.25e-02
 2.90176e+23	2.90e-01	6.78e-01	3.25e-02
 2.90360e+23	2.98e-01	6.69e-01	3.25e-02
 2.90553e+23	3.07e-01	6.60e-01	3.24e-02
 2.90753e+23	3.17e-01	6.51e-01	3.22e-02
 2.90952e+23	3.27e-01	6.41e-01	3.21e-02
 2.91154e+23	3.37e-01	6.31e-01	3.19e-02
 2.91366e+23	3.48e-01	6.21e-01	3.17e-02
 2.91587e+23	3.59e-01	6.09e-01	3.14e-02
 2.91810e+23	3.71e-01	5.98e-01	3.12e-02
 2.92037e+23	3.83e-01	5.86e-01	3.08e-02
 2.92274e+23	3.96e-01	5.74e-01	3.05e-02
 2.92520e+23	4.09e-01	5.61e-01	3.00e-02
 2.92772e+23	4.23e-01	5.48e-01	2.96e-02
 2.93030e+23	4.37e-01	5.34e-01	2.91e-02
 2.93297e+23	4.51e-01	5.20e-01	2.86e-02
 2.93576e+23	4.67e-01	5.05e-01	2.80e-02
 2.93865e+23	4.82e-01	4.90e-01	2.73e-02
 2.94162e+23	4.98e-01	4.75e-01	2.66e-02
 2.94471e+23	5.15e-01	4.59e-01	2.59e-02
 2.94792e+23	5.31e-01	4.44e-01	2.51e-02
 2.95121e+23	5.48e-01	4.28e-01	2.43e-02
 2.95458e+23	5.64e-01	4.12e-01	2.35e-02
 2.95804e+23	5.81e-01	3.97e-01	2.26e-02
 2.96167e+23	5.97e-01	3.81e-01	2.17e-02
 2.96545e+23	6.14e-01	3.65e-01	2.07e-02
 2.96934e+23	6.30e-01	3.50e-01	1.98e-02
 2.97333e+23	6.45e-01	3.36e-01	1.88e-02
 2.97754e+23	6.61e-01	3.21e-01	1.79e-02
 2.98205e+23	6.76e-01	3.07e-01	1.69e-02
 2.98675e+23	6.90e-01	2.94e-01	1.60e-02
 2.99164e+23	7.04e-01	2.81e-01	1.50e-02
 2.99686e+23	7.17e-01	2.68e-01	1.41e-02
 3.00243e+23	7.30e-01	2.57e-01	1.31e-02
 3.00830e+23	7.43e-01	2.45e-01	1.22e-02
 3.01426e+23	7.54e-01	2.35e-01	1.13e-02
 3.01999e+23	7.64e-01	2.26e-01	1.06e-02
 3.02548e+23	7.73e-01	2.17e-01	9.92e-03
 3.03089e+23	7.81e-01	2.10e-01	9.30e-03
 3.03621e+23	7.88e-01	2.03e-01	8.74e-03
 3.04142e+23	7.95e-01	1.97e-01	8.22e-03
 3.04640e+23	8.01e-01	1.91e-01	7.76e-03
 3.05114e+23	8.06e-01	1.86e-01	7.33e-03
 3.05560e+23	8.11e-01	1.82e-01	6.96e-03
 3.05992e+23	8.16e-01	1.77e-01	6.60e-03
 3.06425e+23	8.21e-01	1.73e-01	6.27e-03
 3.06844e+23	8.25e-01	1.69e-01	5.97e-03
 3.07248e+23	8.29e-01	1.65e-01	5.69e-03
 3.07637e+23	8.33e-01	1.61e-01	5.42e-03
 3.08014e+23	8.37e-01	1.58e-01	5.18e-03
 3.08377e+23	8.41e-01	1.54e-01	4.96e-03
 3.08562e+23	8.41e-01	1.54e-01	5.02e-03
