#depth	Cl	Cl+	Cl+2	Cl+3	Cl+4	Cl+5	Cl+6	Cl+7	Cl+8	Cl+9	Cl+10	Cl+11	Cl+12	Cl+13	Cl+14	Cl+15	Cl+16	Cl+17
 1.54284e+22	0.00e+00	2.37e-28	2.01e-24	5.21e-21	3.51e-18	1.45e-15	5.22e-13	4.25e-10	4.22e-08	1.78e-06	3.43e-05	4.02e-04	2.60e-03	1.01e-02	4.39e-02	3.64e-01	4.21e-01	1.57e-01
 3.57262e+22	0.00e+00	2.39e-26	1.46e-22	2.72e-19	1.26e-16	3.56e-14	8.50e-12	5.94e-09	4.78e-07	1.57e-05	2.27e-04	1.99e-03	9.22e-03	2.46e-02	7.42e-02	4.40e-01	3.56e-01	9.37e-02
 4.30304e+22	0.00e+00	2.49e-25	1.27e-21	1.98e-18	7.47e-16	1.71e-13	3.27e-11	2.19e-08	1.60e-06	4.67e-05	5.83e-04	4.38e-03	1.71e-02	3.75e-02	9.34e-02	4.65e-01	3.13e-01	6.85e-02
 4.66825e+22	0.00e+00	8.40e-25	3.91e-21	5.51e-18	1.85e-15	3.76e-13	6.41e-11	4.24e-08	2.97e-06	8.16e-05	9.43e-04	6.53e-03	2.33e-02	4.62e-02	1.04e-01	4.73e-01	2.89e-01	5.74e-02
 4.82042e+22	1.16e-31	1.16e-24	5.25e-21	7.21e-18	2.35e-15	4.62e-13	7.63e-11	5.04e-08	3.49e-06	9.44e-05	1.07e-03	7.25e-03	2.52e-02	4.87e-02	1.07e-01	4.74e-01	2.82e-01	5.47e-02
 4.87932e+22	1.57e-31	1.54e-24	6.82e-21	9.14e-18	2.90e-15	5.55e-13	8.90e-11	5.86e-08	4.03e-06	1.07e-04	1.19e-03	7.95e-03	2.70e-02	5.10e-02	1.09e-01	4.75e-01	2.76e-01	5.24e-02
 4.93494e+22	2.10e-31	2.04e-24	8.83e-21	1.15e-17	3.56e-15	6.62e-13	1.03e-10	6.80e-08	4.63e-06	1.22e-04	1.33e-03	8.71e-03	2.90e-02	5.34e-02	1.11e-01	4.75e-01	2.71e-01	5.01e-02
 4.98861e+22	2.80e-31	2.67e-24	1.13e-20	1.45e-17	4.34e-15	7.85e-13	1.19e-10	7.85e-08	5.30e-06	1.38e-04	1.48e-03	9.50e-03	3.10e-02	5.58e-02	1.14e-01	4.76e-01	2.65e-01	4.80e-02
 5.04961e+22	4.00e-31	3.76e-24	1.55e-20	1.92e-17	5.57e-15	9.73e-13	1.43e-10	9.39e-08	6.28e-06	1.61e-04	1.69e-03	1.06e-02	3.37e-02	5.88e-02	1.17e-01	4.75e-01	2.57e-01	4.54e-02
 5.11161e+22	5.50e-31	5.10e-24	2.05e-20	2.47e-17	6.94e-15	1.17e-12	1.67e-10	1.10e-07	7.29e-06	1.84e-04	1.90e-03	1.17e-02	3.62e-02	6.17e-02	1.19e-01	4.75e-01	2.51e-01	4.32e-02
 5.16453e+22	7.30e-31	6.67e-24	2.62e-20	3.08e-17	8.43e-15	1.39e-12	1.91e-10	1.26e-07	8.33e-06	2.08e-04	2.10e-03	1.27e-02	3.86e-02	6.43e-02	1.21e-01	4.74e-01	2.45e-01	4.13e-02
 5.22295e+22	1.05e-30	9.40e-24	3.58e-20	4.08e-17	1.08e-14	1.71e-12	2.28e-10	1.51e-07	9.85e-06	2.42e-04	2.40e-03	1.41e-02	4.19e-02	6.77e-02	1.24e-01	4.73e-01	2.38e-01	3.90e-02
 5.28321e+22	1.44e-30	1.28e-23	4.73e-20	5.24e-17	1.34e-14	2.05e-12	2.65e-10	1.76e-07	1.14e-05	2.77e-04	2.69e-03	1.55e-02	4.50e-02	7.08e-02	1.26e-01	4.71e-01	2.31e-01	3.70e-02
 5.33649e+22	1.93e-30	1.69e-23	6.13e-20	6.61e-17	1.64e-14	2.44e-12	3.05e-10	2.04e-07	1.31e-05	3.13e-04	2.99e-03	1.70e-02	4.80e-02	7.38e-02	1.29e-01	4.69e-01	2.25e-01	3.52e-02
 5.39639e+22	2.85e-30	2.46e-23	8.61e-20	8.95e-17	2.14e-14	3.04e-12	3.65e-10	2.46e-07	1.57e-05	3.69e-04	3.44e-03	1.90e-02	5.23e-02	7.79e-02	1.31e-01	4.66e-01	2.17e-01	3.29e-02
 5.45707e+22	3.91e-30	3.33e-23	1.13e-19	1.14e-16	2.64e-14	3.64e-12	4.23e-10	2.86e-07	1.81e-05	4.21e-04	3.85e-03	2.08e-02	5.60e-02	8.12e-02	1.33e-01	4.63e-01	2.10e-01	3.11e-02
 5.50877e+22	1.69e-34	4.37e-23	1.45e-19	1.43e-16	3.20e-14	4.27e-12	4.82e-10	3.28e-07	2.07e-05	4.74e-04	4.26e-03	2.26e-02	5.95e-02	8.43e-02	1.35e-01	4.60e-01	2.04e-01	2.96e-02
 5.56601e+22	0.00e+00	6.45e-23	2.07e-19	1.95e-16	4.18e-14	5.32e-12	5.75e-10	3.96e-07	2.48e-05	5.60e-04	4.90e-03	2.54e-02	6.48e-02	8.88e-02	1.38e-01	4.55e-01	1.95e-01	2.74e-02
 5.62237e+22	0.00e+00	8.42e-23	2.63e-19	2.42e-16	5.04e-14	6.22e-12	6.52e-10	4.52e-07	2.81e-05	6.28e-04	5.41e-03	2.74e-02	6.86e-02	9.19e-02	1.39e-01	4.51e-01	1.89e-01	2.60e-02
 5.67760e+22	0.00e+00	1.23e-22	3.70e-19	3.27e-16	6.51e-14	7.67e-12	7.71e-10	5.41e-07	3.35e-05	7.37e-04	6.19e-03	3.06e-02	7.43e-02	9.64e-02	1.41e-01	4.45e-01	1.81e-01	2.41e-02
 5.73190e+22	0.00e+00	1.59e-22	4.68e-19	4.02e-16	7.78e-14	8.90e-12	8.69e-10	6.14e-07	3.78e-05	8.22e-04	6.79e-03	3.29e-02	7.84e-02	9.94e-02	1.42e-01	4.41e-01	1.76e-01	2.29e-02
 5.78498e+22	0.00e+00	2.32e-22	6.59e-19	5.43e-16	1.00e-13	1.09e-11	1.02e-09	7.33e-07	4.50e-05	9.63e-04	7.76e-03	3.67e-02	8.48e-02	1.04e-01	1.44e-01	4.34e-01	1.67e-01	2.11e-02
 5.83769e+22	0.00e+00	3.01e-22	8.33e-19	6.68e-16	1.20e-13	1.26e-11	1.15e-09	8.31e-07	5.07e-05	1.07e-03	8.50e-03	3.94e-02	8.93e-02	1.07e-01	1.45e-01	4.28e-01	1.62e-01	2.00e-02
 5.88990e+22	0.00e+00	4.39e-22	1.17e-18	8.98e-16	1.53e-13	1.55e-11	1.34e-09	9.89e-07	6.01e-05	1.25e-03	9.69e-03	4.37e-02	9.62e-02	1.12e-01	1.46e-01	4.20e-01	1.53e-01	1.84e-02
 5.94253e+22	0.00e+00	5.78e-22	1.50e-18	1.12e-15	1.85e-13	1.80e-11	1.51e-09	1.13e-06	6.81e-05	1.40e-03	1.07e-02	4.71e-02	1.01e-01	1.15e-01	1.47e-01	4.13e-01	1.47e-01	1.73e-02
 5.99570e+22	0.00e+00	8.52e-22	2.13e-18	1.51e-15	2.38e-13	2.20e-11	1.76e-09	1.34e-06	8.08e-05	1.64e-03	1.22e-02	5.22e-02	1.09e-01	1.20e-01	1.47e-01	4.03e-01	1.39e-01	1.58e-02
 6.04945e+22	0.00e+00	1.14e-21	2.75e-18	1.90e-15	2.88e-13	2.56e-11	1.98e-09	1.53e-06	9.19e-05	1.85e-03	1.34e-02	5.63e-02	1.15e-01	1.23e-01	1.47e-01	3.95e-01	1.33e-01	1.47e-02
 6.10394e+22	0.00e+00	1.67e-21	3.90e-18	2.56e-15	3.70e-13	3.13e-11	2.31e-09	1.82e-06	1.09e-04	2.15e-03	1.52e-02	6.21e-02	1.23e-01	1.27e-01	1.47e-01	3.84e-01	1.25e-01	1.34e-02
 6.15791e+22	0.00e+00	2.24e-21	5.06e-18	3.21e-15	4.48e-13	3.64e-11	2.60e-09	2.07e-06	1.23e-04	2.41e-03	1.67e-02	6.68e-02	1.29e-01	1.30e-01	1.47e-01	3.75e-01	1.19e-01	1.25e-02
 6.21123e+22	0.00e+00	3.29e-21	7.14e-18	4.32e-15	5.73e-13	4.43e-11	3.01e-09	2.45e-06	1.45e-04	2.80e-03	1.89e-02	7.34e-02	1.38e-01	1.34e-01	1.46e-01	3.63e-01	1.12e-01	1.13e-02
 6.26539e+22	0.00e+00	4.47e-21	9.39e-18	5.47e-15	6.97e-13	5.17e-11	3.39e-09	2.79e-06	1.65e-04	3.15e-03	2.08e-02	7.90e-02	1.45e-01	1.37e-01	1.46e-01	3.53e-01	1.06e-01	1.04e-02
 6.32065e+22	3.52e-32	6.67e-21	1.34e-17	7.44e-15	8.99e-13	6.30e-11	3.93e-09	3.31e-06	1.95e-04	3.66e-03	2.36e-02	8.66e-02	1.54e-01	1.41e-01	1.44e-01	3.40e-01	9.79e-02	9.32e-03
 6.37654e+22	4.91e-32	9.13e-21	1.77e-17	9.47e-15	1.10e-12	7.37e-11	4.42e-09	3.78e-06	2.22e-04	4.11e-03	2.59e-02	9.30e-02	1.61e-01	1.44e-01	1.43e-01	3.28e-01	9.21e-02	8.52e-03
 6.43323e+22	7.56e-32	1.38e-20	2.56e-17	1.29e-14	1.42e-12	9.00e-11	5.13e-09	4.47e-06	2.62e-04	4.77e-03	2.93e-02	1.02e-01	1.71e-01	1.47e-01	1.41e-01	3.14e-01	8.48e-02	7.57e-03
 6.49024e+22	1.06e-31	1.89e-20	3.39e-17	1.65e-14	1.73e-12	1.05e-10	5.76e-09	5.08e-06	2.96e-04	5.34e-03	3.20e-02	1.09e-01	1.78e-01	1.49e-01	1.39e-01	3.02e-01	7.93e-02	6.89e-03
 6.53930e+22	1.46e-31	2.56e-20	4.44e-17	2.08e-14	2.10e-12	1.22e-10	6.43e-09	5.74e-06	3.34e-04	5.95e-03	3.49e-02	1.16e-01	1.85e-01	1.51e-01	1.36e-01	2.91e-01	7.42e-02	6.27e-03
 6.59474e+22	2.20e-31	3.78e-20	6.29e-17	2.79e-14	2.68e-12	1.47e-10	7.40e-09	6.69e-06	3.87e-04	6.80e-03	3.89e-02	1.25e-01	1.94e-01	1.53e-01	1.33e-01	2.76e-01	6.80e-02	5.54e-03
 6.65075e+22	3.05e-31	5.14e-20	8.26e-17	3.52e-14	3.24e-12	1.71e-10	8.26e-09	7.53e-06	4.34e-04	7.54e-03	4.23e-02	1.32e-01	2.00e-01	1.54e-01	1.31e-01	2.64e-01	6.33e-02	5.02e-03
 6.70752e+22	4.65e-31	7.65e-20	1.18e-16	4.75e-14	4.15e-12	2.06e-10	9.51e-09	8.74e-06	5.02e-04	8.60e-03	4.69e-02	1.42e-01	2.09e-01	1.55e-01	1.27e-01	2.49e-01	5.75e-02	4.40e-03
 6.76448e+22	6.37e-31	1.03e-19	1.53e-16	5.95e-14	4.99e-12	2.39e-10	1.06e-08	9.78e-06	5.59e-04	9.46e-03	5.06e-02	1.50e-01	2.15e-01	1.55e-01	1.24e-01	2.38e-01	5.34e-02	3.98e-03
 6.82169e+22	9.63e-31	1.52e-19	2.16e-16	7.99e-14	6.36e-12	2.87e-10	1.22e-08	1.13e-05	6.40e-04	1.07e-02	5.58e-02	1.60e-01	2.22e-01	1.55e-01	1.20e-01	2.23e-01	4.84e-02	3.47e-03
 6.87999e+22	1.32e-30	2.04e-19	2.82e-16	1.00e-13	7.66e-12	3.33e-10	1.36e-08	1.26e-05	7.10e-04	1.17e-02	5.99e-02	1.68e-01	2.28e-01	1.55e-01	1.17e-01	2.13e-01	4.47e-02	3.12e-03
 6.93972e+22	2.01e-30	3.03e-19	3.99e-16	1.35e-13	9.78e-12	4.02e-10	1.56e-08	1.44e-05	8.09e-04	1.32e-02	6.57e-02	1.78e-01	2.34e-01	1.54e-01	1.12e-01	1.98e-01	4.02e-02	2.70e-03
 7.00084e+22	2.77e-30	4.08e-19	5.21e-16	1.69e-13	1.18e-11	4.66e-10	1.75e-08	1.60e-05	8.95e-04	1.44e-02	7.04e-02	1.86e-01	2.39e-01	1.54e-01	1.09e-01	1.88e-01	3.70e-02	2.42e-03
 7.06377e+22	4.21e-30	6.03e-19	7.38e-16	2.28e-13	1.51e-11	5.65e-10	2.02e-08	1.83e-05	1.02e-03	1.61e-02	7.68e-02	1.96e-01	2.44e-01	1.52e-01	1.04e-01	1.74e-01	3.30e-02	2.08e-03
 7.12799e+22	5.84e-30	8.19e-19	9.70e-16	2.87e-13	1.83e-11	6.58e-10	2.27e-08	2.04e-05	1.12e-03	1.76e-02	8.20e-02	2.04e-01	2.48e-01	1.50e-01	1.00e-01	1.64e-01	3.02e-02	1.84e-03
 7.19391e+22	8.88e-30	1.21e-18	1.37e-15	3.87e-13	2.35e-11	7.99e-10	2.63e-08	2.32e-05	1.26e-03	1.96e-02	8.90e-02	2.14e-01	2.53e-01	1.48e-01	9.55e-02	1.51e-01	2.68e-02	1.58e-03
 7.26030e+22	1.22e-29	1.63e-18	1.79e-15	4.85e-13	2.84e-11	9.28e-10	2.95e-08	2.57e-05	1.39e-03	2.12e-02	9.45e-02	2.22e-01	2.55e-01	1.46e-01	9.18e-02	1.42e-01	2.44e-02	1.40e-03
 7.32729e+22	1.84e-29	2.38e-18	2.51e-15	6.47e-13	3.61e-11	1.12e-09	3.41e-08	2.91e-05	1.55e-03	2.35e-02	1.02e-01	2.31e-01	2.58e-01	1.43e-01	8.70e-02	1.31e-01	2.16e-02	1.19e-03
 7.39604e+22	2.54e-29	3.21e-18	3.28e-15	8.15e-13	4.38e-11	1.31e-09	3.83e-08	3.21e-05	1.70e-03	2.54e-02	1.08e-01	2.39e-01	2.60e-01	1.40e-01	8.32e-02	1.22e-01	1.96e-02	1.05e-03
 7.45551e+22	3.42e-29	4.22e-18	4.19e-15	1.00e-12	5.21e-11	1.50e-09	4.27e-08	3.51e-05	1.84e-03	2.72e-02	1.13e-01	2.45e-01	2.61e-01	1.37e-01	7.98e-02	1.15e-01	1.79e-02	9.31e-04
 7.52126e+22	4.98e-29	5.96e-18	5.71e-15	1.31e-12	6.52e-11	1.80e-09	4.90e-08	3.93e-05	2.04e-03	2.96e-02	1.21e-01	2.53e-01	2.63e-01	1.34e-01	7.56e-02	1.06e-01	1.59e-02	7.99e-04
 7.58796e+22	6.70e-29	7.83e-18	7.28e-15	1.61e-12	7.77e-11	2.07e-09	5.46e-08	4.29e-05	2.20e-03	3.17e-02	1.27e-01	2.60e-01	2.63e-01	1.31e-01	7.22e-02	9.87e-02	1.45e-02	7.06e-04
 7.65589e+22	9.78e-29	1.11e-17	9.94e-15	2.11e-12	9.72e-11	2.48e-09	6.27e-08	4.79e-05	2.43e-03	3.44e-02	1.35e-01	2.67e-01	2.63e-01	1.27e-01	6.81e-02	9.05e-02	1.28e-02	6.02e-04
 7.72485e+22	1.31e-28	1.44e-17	1.26e-14	2.59e-12	1.16e-10	2.85e-09	6.99e-08	5.23e-05	2.62e-03	3.67e-02	1.41e-01	2.73e-01	2.62e-01	1.24e-01	6.50e-02	8.45e-02	1.16e-02	5.32e-04
 7.78526e+22	1.74e-28	1.87e-17	1.59e-14	3.16e-12	1.37e-10	3.26e-09	7.77e-08	5.68e-05	2.81e-03	3.89e-02	1.47e-01	2.78e-01	2.62e-01	1.20e-01	6.20e-02	7.89e-02	1.05e-02	4.71e-04
 7.85392e+22	2.51e-28	2.62e-17	2.15e-14	4.09e-12	1.70e-10	3.88e-09	8.90e-08	6.31e-05	3.08e-03	4.20e-02	1.55e-01	2.84e-01	2.60e-01	1.16e-01	5.82e-02	7.20e-02	9.29e-03	4.00e-04
 7.92232e+22	3.27e-28	3.32e-17	2.66e-14	4.92e-12	1.99e-10	4.41e-09	9.85e-08	6.82e-05	3.29e-03	4.44e-02	1.61e-01	2.88e-01	2.59e-01	1.13e-01	5.55e-02	6.74e-02	8.48e-03	3.56e-04
 7.99039e+22	4.66e-28	4.57e-17	3.54e-14	6.31e-12	2.45e-10	5.23e-09	1.12e-07	7.54e-05	3.58e-03	4.76e-02	1.69e-01	2.93e-01	2.56e-01	1.09e-01	5.21e-02	6.16e-02	7.48e-03	3.04e-04
 8.05979e+22	6.09e-28	5.82e-17	4.40e-14	7.61e-12	2.88e-10	5.96e-09	1.25e-07	8.16e-05	3.83e-03	5.02e-02	1.75e-01	2.97e-01	2.54e-01	1.06e-01	4.96e-02	5.75e-02	6.79e-03	2.69e-04
 8.13094e+22	8.70e-28	8.02e-17	5.87e-14	9.76e-12	3.56e-10	7.07e-09	1.42e-07	9.03e-05	4.17e-03	5.38e-02	1.83e-01	3.02e-01	2.51e-01	1.01e-01	4.64e-02	5.23e-02	5.97e-03	2.28e-04
 8.20343e+22	1.14e-27	1.02e-16	7.32e-14	1.18e-11	4.18e-10	8.08e-09	1.58e-07	9.78e-05	4.45e-03	5.68e-02	1.90e-01	3.05e-01	2.48e-01	9.80e-02	4.40e-02	4.86e-02	5.40e-03	2.01e-04
 8.27766e+22	1.64e-27	1.41e-16	9.78e-14	1.52e-11	5.18e-10	9.61e-09	1.81e-07	1.08e-04	4.84e-03	6.07e-02	1.98e-01	3.09e-01	2.44e-01	9.36e-02	4.10e-02	4.40e-02	4.72e-03	1.69e-04
 8.35326e+22	3.03e-28	1.81e-16	1.22e-13	1.84e-11	6.11e-10	1.10e-08	2.02e-07	1.17e-04	5.17e-03	6.39e-02	2.05e-01	3.11e-01	2.41e-01	9.02e-02	3.87e-02	4.08e-02	4.25e-03	1.49e-04
 8.43064e+22	4.39e-28	2.49e-16	1.63e-13	2.37e-11	7.57e-10	1.31e-08	2.32e-07	1.30e-04	5.63e-03	6.83e-02	2.13e-01	3.14e-01	2.36e-01	8.58e-02	3.59e-02	3.68e-02	3.70e-03	1.25e-04
 8.50628e+22	5.66e-28	3.10e-16	1.99e-13	2.81e-11	8.78e-10	1.48e-08	2.56e-07	1.40e-04	5.97e-03	7.15e-02	2.19e-01	3.16e-01	2.33e-01	8.29e-02	3.41e-02	3.43e-02	3.36e-03	1.11e-04
 8.57966e+22	8.06e-28	4.20e-16	2.61e-13	3.56e-11	1.07e-09	1.75e-08	2.92e-07	1.54e-04	6.45e-03	7.59e-02	2.28e-01	3.18e-01	2.28e-01	7.88e-02	3.17e-02	3.10e-02	2.94e-03	9.33e-05
 8.65414e+22	1.04e-27	5.22e-16	3.18e-13	4.24e-11	1.25e-09	1.98e-08	3.22e-07	1.66e-04	6.84e-03	7.93e-02	2.34e-01	3.19e-01	2.24e-01	7.59e-02	3.00e-02	2.88e-02	2.66e-03	8.25e-05
 8.73003e+22	1.47e-27	7.01e-16	4.15e-13	5.34e-11	1.52e-09	2.33e-08	3.67e-07	1.83e-04	7.38e-03	8.40e-02	2.42e-01	3.20e-01	2.19e-01	7.21e-02	2.78e-02	2.60e-02	2.33e-03	6.97e-05
 8.80816e+22	1.94e-27	8.89e-16	5.15e-13	6.44e-11	1.79e-09	2.66e-08	4.09e-07	1.98e-04	7.86e-03	8.80e-02	2.48e-01	3.20e-01	2.14e-01	6.90e-02	2.62e-02	2.40e-02	2.08e-03	6.08e-05
 8.88917e+22	2.74e-27	1.19e-15	6.72e-13	8.13e-11	2.18e-09	3.15e-08	4.67e-07	2.19e-04	8.48e-03	9.31e-02	2.56e-01	3.20e-01	2.08e-01	6.53e-02	2.42e-02	2.16e-02	1.81e-03	5.12e-05
 8.97291e+22	3.70e-27	1.53e-15	8.43e-13	9.92e-11	2.59e-09	3.63e-08	5.23e-07	2.38e-04	9.05e-03	9.76e-02	2.63e-01	3.20e-01	2.03e-01	6.22e-02	2.26e-02	1.98e-02	1.61e-03	4.41e-05
 9.06019e+22	5.31e-27	2.08e-15	1.11e-12	1.27e-10	3.20e-09	4.32e-08	6.02e-07	2.64e-04	9.81e-03	1.03e-01	2.72e-01	3.19e-01	1.97e-01	5.85e-02	2.08e-02	1.77e-02	1.39e-03	3.67e-05
 9.14975e+22	7.21e-27	2.69e-15	1.40e-12	1.55e-10	3.81e-09	5.00e-08	6.77e-07	2.88e-04	1.05e-02	1.08e-01	2.79e-01	3.18e-01	1.92e-01	5.55e-02	1.93e-02	1.61e-02	1.22e-03	3.14e-05
 9.24227e+22	1.05e-26	3.68e-15	1.87e-12	1.99e-10	4.74e-09	5.99e-08	7.83e-07	3.21e-04	1.14e-02	1.15e-01	2.87e-01	3.17e-01	1.85e-01	5.19e-02	1.76e-02	1.43e-02	1.05e-03	2.59e-05
 9.33771e+22	1.44e-26	4.80e-15	2.38e-12	2.47e-10	5.69e-09	6.98e-08	8.86e-07	3.52e-04	1.22e-02	1.20e-01	2.94e-01	3.15e-01	1.79e-01	4.90e-02	1.63e-02	1.29e-02	9.17e-04	2.19e-05
 9.43694e+22	2.13e-26	6.65e-15	3.20e-12	3.20e-10	7.13e-09	8.42e-08	1.03e-06	3.94e-04	1.33e-02	1.28e-01	3.02e-01	3.12e-01	1.72e-01	4.55e-02	1.48e-02	1.13e-02	7.76e-04	1.79e-05
 9.53962e+22	2.97e-26	8.80e-15	4.13e-12	4.00e-10	8.65e-09	9.90e-08	1.17e-06	4.34e-04	1.42e-02	1.34e-01	3.09e-01	3.09e-01	1.66e-01	4.27e-02	1.36e-02	1.02e-02	6.72e-04	1.50e-05
 9.63244e+22	4.07e-26	1.14e-14	5.23e-12	4.94e-10	1.04e-08	1.15e-07	1.33e-06	4.76e-04	1.52e-02	1.40e-01	3.16e-01	3.06e-01	1.60e-01	4.01e-02	1.25e-02	9.15e-03	5.86e-04	1.26e-05
 9.73876e+22	6.20e-26	1.62e-14	7.21e-12	6.54e-10	1.32e-08	1.41e-07	1.56e-06	5.36e-04	1.66e-02	1.49e-01	3.24e-01	3.02e-01	1.52e-01	3.69e-02	1.12e-02	7.93e-03	4.86e-04	1.00e-05
 9.84600e+22	8.50e-26	2.11e-14	9.14e-12	8.07e-10	1.59e-08	1.65e-07	1.77e-06	5.88e-04	1.78e-02	1.55e-01	3.30e-01	2.98e-01	1.46e-01	3.45e-02	1.03e-02	7.11e-03	4.23e-04	8.46e-06
 9.95443e+22	1.28e-25	2.97e-14	1.25e-11	1.06e-09	2.02e-08	2.01e-07	2.08e-06	6.61e-04	1.94e-02	1.64e-01	3.37e-01	2.93e-01	1.39e-01	3.16e-02	9.17e-03	6.15e-03	3.50e-04	6.72e-06
 1.00652e+23	1.80e-25	3.93e-14	1.61e-11	1.33e-09	2.45e-08	2.36e-07	2.37e-06	7.28e-04	2.08e-02	1.72e-01	3.43e-01	2.88e-01	1.33e-01	2.94e-02	8.35e-03	5.46e-03	3.00e-04	5.57e-06
 1.01789e+23	2.74e-25	5.57e-14	2.22e-11	1.76e-09	3.12e-08	2.89e-07	2.80e-06	8.21e-04	2.26e-02	1.81e-01	3.50e-01	2.81e-01	1.25e-01	2.68e-02	7.41e-03	4.69e-03	2.47e-04	4.38e-06
 1.02951e+23	3.90e-25	7.46e-14	2.89e-11	2.22e-09	3.82e-08	3.43e-07	3.21e-06	9.07e-04	2.43e-02	1.89e-01	3.55e-01	2.76e-01	1.19e-01	2.47e-02	6.69e-03	4.12e-03	2.09e-04	3.57e-06
 1.03983e+23	5.48e-25	9.90e-14	3.74e-11	2.79e-09	4.65e-08	4.04e-07	3.66e-06	9.99e-04	2.60e-02	1.98e-01	3.60e-01	2.70e-01	1.13e-01	2.28e-02	6.05e-03	3.63e-03	1.77e-04	2.93e-06
 1.05167e+23	8.52e-25	1.43e-13	5.23e-11	3.74e-09	6.00e-08	5.00e-07	4.35e-06	1.13e-03	2.84e-02	2.08e-01	3.66e-01	2.62e-01	1.05e-01	2.05e-02	5.30e-03	3.07e-03	1.43e-04	2.25e-06
 1.06292e+23	1.14e-24	1.83e-13	6.53e-11	4.55e-09	7.11e-08	5.77e-07	4.88e-06	1.23e-03	3.01e-02	2.16e-01	3.69e-01	2.56e-01	1.01e-01	1.91e-02	4.84e-03	2.74e-03	1.24e-04	1.89e-06
 1.07339e+23	1.70e-24	2.54e-13	8.82e-11	5.91e-09	8.93e-08	6.98e-07	5.70e-06	1.37e-03	3.25e-02	2.26e-01	3.74e-01	2.49e-01	9.43e-02	1.73e-02	4.28e-03	2.34e-03	1.01e-04	1.48e-06
 1.08389e+23	2.28e-24	3.25e-13	1.10e-10	7.19e-09	1.06e-07	8.05e-07	6.40e-06	1.49e-03	3.44e-02	2.33e-01	3.76e-01	2.43e-01	8.96e-02	1.60e-02	3.90e-03	2.09e-03	8.72e-05	1.23e-06
 1.09444e+23	3.35e-24	4.48e-13	1.48e-10	9.29e-09	1.32e-07	9.71e-07	7.45e-06	1.66e-03	3.70e-02	2.44e-01	3.80e-01	2.35e-01	8.38e-02	1.45e-02	3.45e-03	1.78e-03	7.14e-05	9.66e-07
 1.10522e+23	4.60e-24	5.84e-13	1.88e-10	1.15e-08	1.59e-07	1.13e-06	8.44e-06	1.82e-03	3.94e-02	2.52e-01	3.82e-01	2.28e-01	7.91e-02	1.33e-02	3.11e-03	1.56e-03	6.04e-05	7.89e-07
 1.11632e+23	6.91e-24	8.22e-13	2.56e-10	1.50e-08	2.01e-07	1.38e-06	9.93e-06	2.04e-03	4.25e-02	2.63e-01	3.84e-01	2.19e-01	7.32e-02	1.18e-02	2.71e-03	1.32e-03	4.85e-05	6.04e-07
 1.12748e+23	9.45e-24	1.07e-12	3.24e-10	1.85e-08	2.42e-07	1.61e-06	1.12e-05	2.23e-03	4.51e-02	2.72e-01	3.85e-01	2.12e-01	6.89e-02	1.08e-02	2.44e-03	1.15e-03	4.09e-05	4.92e-07
 1.13871e+23	1.42e-23	1.50e-12	4.40e-10	2.42e-08	3.06e-07	1.97e-06	1.32e-05	2.50e-03	4.87e-02	2.84e-01	3.87e-01	2.02e-01	6.34e-02	9.62e-03	2.11e-03	9.62e-04	3.26e-05	3.73e-07
 1.15016e+23	1.96e-23	1.96e-12	5.64e-10	3.01e-08	3.71e-07	2.31e-06	1.51e-05	2.74e-03	5.18e-02	2.93e-01	3.87e-01	1.95e-01	5.92e-02	8.72e-03	1.88e-03	8.31e-04	2.70e-05	2.98e-07
 1.16190e+23	2.99e-23	2.79e-12	7.74e-10	3.98e-08	4.75e-07	2.85e-06	1.80e-05	3.09e-03	5.61e-02	3.05e-01	3.87e-01	1.85e-01	5.40e-02	7.65e-03	1.61e-03	6.84e-04	2.11e-05	2.21e-07
 1.17384e+23	4.17e-23	3.68e-12	9.97e-10	4.98e-08	5.79e-07	3.38e-06	2.07e-05	3.41e-03	5.97e-02	3.15e-01	3.86e-01	1.77e-01	5.01e-02	6.87e-03	1.42e-03	5.84e-04	1.73e-05	1.74e-07
 1.18605e+23	6.39e-23	5.26e-12	1.38e-09	6.63e-08	7.48e-07	4.20e-06	2.48e-05	3.87e-03	6.48e-02	3.28e-01	3.84e-01	1.66e-01	4.52e-02	5.95e-03	1.21e-03	4.74e-04	1.33e-05	1.26e-07
 1.19844e+23	8.97e-23	6.95e-12	1.78e-09	8.32e-08	9.16e-07	5.00e-06	2.87e-05	4.28e-03	6.91e-02	3.39e-01	3.82e-01	1.58e-01	4.15e-02	5.29e-03	1.05e-03	4.00e-04	1.07e-05	0.00e+00
 1.21065e+23	1.34e-22	9.73e-12	2.42e-09	1.09e-07	1.17e-06	6.19e-06	3.43e-05	4.84e-03	7.47e-02	3.51e-01	3.78e-01	1.48e-01	3.73e-02	4.57e-03	8.91e-04	3.23e-04	8.21e-06	0.00e+00
 1.22232e+23	1.80e-22	1.24e-11	3.02e-09	1.34e-07	1.40e-06	7.24e-06	3.91e-05	5.30e-03	7.91e-02	3.60e-01	3.75e-01	1.41e-01	3.45e-02	4.09e-03	7.86e-04	2.76e-04	6.74e-06	0.00e+00
 1.23368e+23	2.62e-22	1.69e-11	4.01e-09	1.73e-07	1.78e-06	8.87e-06	4.65e-05	5.97e-03	8.51e-02	3.72e-01	3.70e-01	1.31e-01	3.09e-02	3.53e-03	6.65e-04	2.24e-04	5.17e-06	0.00e+00
 1.24526e+23	3.53e-22	2.15e-11	5.01e-09	2.11e-07	2.14e-06	1.04e-05	5.35e-05	6.56e-03	9.03e-02	3.82e-01	3.65e-01	1.24e-01	2.83e-02	3.13e-03	5.80e-04	1.88e-04	4.18e-06	0.00e+00
 1.25653e+23	4.97e-22	2.84e-11	6.49e-09	2.68e-07	2.66e-06	1.27e-05	6.31e-05	7.35e-03	9.67e-02	3.93e-01	3.59e-01	1.16e-01	2.53e-02	2.70e-03	4.93e-04	1.53e-04	3.23e-06	0.00e+00
 1.26804e+23	6.68e-22	3.61e-11	8.12e-09	3.29e-07	3.23e-06	1.50e-05	7.31e-05	8.12e-03	1.03e-01	4.02e-01	3.53e-01	1.08e-01	2.30e-02	2.37e-03	4.25e-04	1.27e-04	2.56e-06	0.00e+00
 1.27926e+23	9.10e-22	4.63e-11	1.03e-08	4.10e-07	3.96e-06	1.80e-05	8.57e-05	9.04e-03	1.10e-01	4.12e-01	3.45e-01	1.01e-01	2.06e-02	2.05e-03	3.62e-04	1.04e-04	1.99e-06	0.00e+00
 1.29070e+23	1.22e-21	5.84e-11	1.28e-08	5.03e-07	4.81e-06	2.14e-05	9.97e-05	1.00e-02	1.17e-01	4.21e-01	3.38e-01	9.36e-02	1.85e-02	1.78e-03	3.09e-04	8.55e-05	1.56e-06	0.00e+00
 1.30208e+23	1.62e-21	7.35e-11	1.59e-08	6.19e-07	5.85e-06	2.55e-05	1.17e-04	1.11e-02	1.24e-01	4.30e-01	3.29e-01	8.67e-02	1.65e-02	1.53e-03	2.63e-04	6.97e-05	1.21e-06	0.00e+00
 1.31350e+23	2.14e-21	9.11e-11	1.96e-08	7.56e-07	7.08e-06	3.02e-05	1.36e-04	1.23e-02	1.32e-01	4.39e-01	3.21e-01	8.02e-02	1.48e-02	1.32e-03	2.23e-04	5.69e-05	9.43e-07	0.00e+00
 1.32479e+23	2.79e-21	1.12e-10	2.40e-08	9.17e-07	8.54e-06	3.58e-05	1.58e-04	1.37e-02	1.40e-01	4.46e-01	3.12e-01	7.40e-02	1.32e-02	1.14e-03	1.90e-04	4.65e-05	7.33e-07	0.00e+00
 1.33607e+23	3.61e-21	1.36e-10	2.92e-08	1.11e-06	1.03e-05	4.23e-05	1.84e-04	1.51e-02	1.48e-01	4.53e-01	3.02e-01	6.82e-02	1.17e-02	9.82e-04	1.61e-04	3.79e-05	5.70e-07	0.00e+00
 1.34738e+23	4.65e-21	1.65e-10	3.53e-08	1.34e-06	1.23e-05	4.99e-05	2.13e-04	1.67e-02	1.56e-01	4.60e-01	2.92e-01	6.28e-02	1.04e-02	8.44e-04	1.37e-04	3.08e-05	4.42e-07	0.00e+00
 1.35874e+23	5.93e-21	1.97e-10	4.24e-08	1.60e-06	1.47e-05	5.88e-05	2.48e-04	1.85e-02	1.65e-01	4.66e-01	2.82e-01	5.76e-02	9.26e-03	7.25e-04	1.15e-04	2.51e-05	3.42e-07	0.00e+00
 1.37019e+23	7.54e-21	2.35e-10	5.08e-08	1.92e-06	1.76e-05	6.91e-05	2.88e-04	2.04e-02	1.75e-01	4.71e-01	2.72e-01	5.28e-02	8.20e-03	6.21e-04	9.75e-05	2.03e-05	2.64e-07	0.00e+00
 1.38175e+23	9.54e-21	2.78e-10	6.07e-08	2.29e-06	2.09e-05	8.12e-05	3.34e-04	2.25e-02	1.84e-01	4.75e-01	2.62e-01	4.82e-02	7.25e-03	5.31e-04	8.21e-05	1.64e-05	2.04e-07	0.00e+00
 1.39345e+23	1.20e-20	3.28e-10	7.23e-08	2.73e-06	2.49e-05	9.54e-05	3.88e-04	2.49e-02	1.94e-01	4.79e-01	2.51e-01	4.40e-02	6.39e-03	4.52e-04	6.90e-05	1.33e-05	1.57e-07	0.00e+00
 1.40522e+23	1.51e-20	3.83e-10	8.57e-08	3.24e-06	2.96e-05	1.12e-04	4.50e-04	2.74e-02	2.04e-01	4.81e-01	2.41e-01	4.00e-02	5.64e-03	3.86e-04	5.80e-05	1.07e-05	1.20e-07	0.00e+00
 1.41718e+23	1.89e-20	4.48e-10	1.02e-07	3.86e-06	3.52e-05	1.31e-04	5.23e-04	3.02e-02	2.15e-01	4.83e-01	2.30e-01	3.63e-02	4.95e-03	3.27e-04	4.84e-05	8.58e-06	0.00e+00	0.00e+00
 1.42930e+23	2.36e-20	5.19e-10	1.20e-07	4.57e-06	4.16e-05	1.53e-04	6.06e-04	3.32e-02	2.25e-01	4.84e-01	2.19e-01	3.29e-02	4.35e-03	2.78e-04	4.05e-05	6.90e-06	0.00e+00	0.00e+00
 1.44166e+23	2.95e-20	6.01e-10	1.42e-07	5.43e-06	4.96e-05	1.80e-04	7.06e-04	3.67e-02	2.37e-01	4.84e-01	2.08e-01	2.96e-02	3.79e-03	2.34e-04	3.36e-05	5.48e-06	0.00e+00	0.00e+00
 1.45314e+23	3.56e-20	6.79e-10	1.63e-07	6.24e-06	5.69e-05	2.04e-04	7.96e-04	3.97e-02	2.46e-01	4.83e-01	1.99e-01	2.73e-02	3.39e-03	2.04e-04	2.89e-05	4.57e-06	0.00e+00	0.00e+00
 1.46497e+23	4.47e-20	7.85e-10	1.94e-07	7.43e-06	6.79e-05	2.41e-04	9.31e-04	4.39e-02	2.58e-01	4.81e-01	1.88e-01	2.44e-02	2.94e-03	1.71e-04	2.38e-05	3.59e-06	0.00e+00	0.00e+00
 1.47704e+23	5.40e-20	8.84e-10	2.23e-07	8.55e-06	7.81e-05	2.74e-04	1.05e-03	4.74e-02	2.68e-01	4.79e-01	1.79e-01	2.23e-02	2.62e-03	1.48e-04	2.03e-05	2.97e-06	0.00e+00	0.00e+00
 1.48943e+23	6.81e-20	1.02e-09	2.65e-07	1.02e-05	9.33e-05	3.23e-04	1.23e-03	5.25e-02	2.81e-01	4.75e-01	1.68e-01	1.98e-02	2.25e-03	1.23e-04	1.65e-05	2.31e-06	0.00e+00	0.00e+00
 1.50184e+23	8.30e-20	1.15e-09	3.05e-07	1.17e-05	1.07e-04	3.65e-04	1.39e-03	5.65e-02	2.90e-01	4.71e-01	1.60e-01	1.81e-02	2.01e-03	1.07e-04	1.42e-05	1.92e-06	0.00e+00	0.00e+00
 1.51429e+23	9.06e-19	1.32e-09	3.63e-07	1.40e-05	1.27e-04	4.28e-04	1.61e-03	6.22e-02	3.03e-01	4.66e-01	1.49e-01	1.60e-02	1.73e-03	8.84e-05	1.16e-05	1.50e-06	0.00e+00	0.00e+00
 1.52683e+23	1.23e-18	1.49e-09	4.16e-07	1.60e-05	1.45e-04	4.83e-04	1.81e-03	6.69e-02	3.12e-01	4.61e-01	1.42e-01	1.46e-02	1.54e-03	7.66e-05	9.88e-06	1.24e-06	0.00e+00	0.00e+00
 1.53949e+23	1.83e-18	1.71e-09	4.96e-07	1.90e-05	1.72e-04	5.64e-04	2.11e-03	7.34e-02	3.24e-01	4.53e-01	1.32e-01	1.29e-02	1.32e-03	6.34e-05	8.04e-06	9.65e-07	0.00e+00	0.00e+00
 1.55227e+23	2.66e-18	1.93e-09	5.71e-07	2.18e-05	1.96e-04	6.36e-04	2.36e-03	7.87e-02	3.33e-01	4.47e-01	1.25e-01	1.17e-02	1.17e-03	5.48e-05	6.85e-06	7.96e-07	0.00e+00	0.00e+00
 1.56519e+23	4.49e-18	2.23e-09	6.82e-07	2.59e-05	2.32e-04	7.41e-04	2.73e-03	8.61e-02	3.45e-01	4.38e-01	1.15e-01	1.03e-02	1.00e-03	4.53e-05	5.56e-06	6.18e-07	0.00e+00	0.00e+00
 1.57829e+23	7.78e-18	2.52e-09	7.88e-07	2.98e-05	2.65e-04	8.35e-04	3.06e-03	9.22e-02	3.54e-01	4.30e-01	1.09e-01	9.35e-03	8.86e-04	3.90e-05	4.72e-06	5.08e-07	0.00e+00	0.00e+00
 1.59160e+23	1.78e-17	2.93e-09	9.46e-07	3.55e-05	3.14e-04	9.71e-04	3.53e-03	1.01e-01	3.66e-01	4.20e-01	1.00e-01	8.19e-03	7.54e-04	3.21e-05	3.81e-06	3.93e-07	0.00e+00	0.00e+00
 1.60515e+23	4.77e-17	3.33e-09	1.10e-06	4.10e-05	3.59e-04	1.09e-03	3.95e-03	1.08e-01	3.74e-01	4.11e-01	9.38e-02	7.38e-03	6.64e-04	2.75e-05	3.22e-06	3.20e-07	0.00e+00	0.00e+00
 1.61901e+23	1.77e-16	3.90e-09	1.33e-06	4.91e-05	4.26e-04	1.27e-03	4.56e-03	1.17e-01	3.85e-01	3.99e-01	8.59e-02	6.42e-03	5.62e-04	2.24e-05	2.58e-06	2.46e-07	0.00e+00	0.00e+00
 1.63318e+23	4.85e-16	4.48e-09	1.56e-06	5.70e-05	4.89e-04	1.44e-03	5.11e-03	1.25e-01	3.92e-01	3.89e-01	8.00e-02	5.75e-03	4.92e-04	1.91e-05	2.16e-06	1.99e-07	0.00e+00	0.00e+00
 1.64775e+23	9.65e-16	5.33e-09	1.92e-06	6.89e-05	5.83e-04	1.68e-03	5.90e-03	1.36e-01	4.02e-01	3.75e-01	7.26e-02	4.96e-03	4.13e-04	1.54e-05	1.72e-06	1.51e-07	0.00e+00	0.00e+00
 1.66264e+23	1.52e-15	6.20e-09	2.27e-06	8.05e-05	6.71e-04	1.89e-03	6.60e-03	1.45e-01	4.09e-01	3.64e-01	6.72e-02	4.41e-03	3.59e-04	1.30e-05	1.43e-06	0.00e+00	0.00e+00	0.00e+00
 1.67517e+23	2.12e-15	7.08e-09	2.63e-06	9.22e-05	7.59e-04	2.11e-03	7.28e-03	1.54e-01	4.15e-01	3.54e-01	6.27e-02	3.97e-03	3.17e-04	1.12e-05	1.21e-06	0.00e+00	0.00e+00	0.00e+00
 1.68865e+23	3.13e-15	8.38e-09	3.18e-06	1.10e-04	8.88e-04	2.41e-03	8.25e-03	1.65e-01	4.22e-01	3.41e-01	5.71e-02	3.46e-03	2.70e-04	9.21e-06	9.79e-07	0.00e+00	0.00e+00	0.00e+00
 1.70183e+23	4.18e-15	9.55e-09	3.67e-06	1.25e-04	9.96e-04	2.66e-03	9.01e-03	1.73e-01	4.26e-01	3.31e-01	5.34e-02	3.13e-03	2.40e-04	8.00e-06	8.39e-07	0.00e+00	0.00e+00	0.00e+00
 1.71460e+23	5.84e-15	1.12e-08	4.39e-06	1.47e-04	1.15e-03	3.01e-03	1.01e-02	1.85e-01	4.31e-01	3.18e-01	4.87e-02	2.74e-03	2.05e-04	6.63e-06	6.84e-07	0.00e+00	0.00e+00	0.00e+00
 1.72750e+23	7.67e-15	1.29e-08	5.10e-06	1.68e-04	1.29e-03	3.32e-03	1.10e-02	1.94e-01	4.34e-01	3.09e-01	4.54e-02	2.48e-03	1.82e-04	5.75e-06	5.86e-07	0.00e+00	0.00e+00	0.00e+00
 1.74056e+23	1.06e-14	1.54e-08	6.14e-06	1.98e-04	1.49e-03	3.75e-03	1.23e-02	2.06e-01	4.38e-01	2.95e-01	4.13e-02	2.17e-03	1.55e-04	4.75e-06	4.77e-07	0.00e+00	0.00e+00	0.00e+00
 1.75380e+23	1.39e-14	1.78e-08	7.15e-06	2.27e-04	1.68e-03	4.13e-03	1.34e-02	2.15e-01	4.40e-01	2.85e-01	3.83e-02	1.95e-03	1.37e-04	4.10e-06	4.06e-07	0.00e+00	0.00e+00	0.00e+00
 1.76728e+23	1.91e-14	2.14e-08	8.67e-06	2.70e-04	1.95e-03	4.68e-03	1.49e-02	2.28e-01	4.42e-01	2.72e-01	3.46e-02	1.69e-03	1.17e-04	3.37e-06	3.28e-07	0.00e+00	0.00e+00	0.00e+00
 1.78096e+23	2.50e-14	2.51e-08	1.02e-05	3.10e-04	2.19e-03	5.15e-03	1.62e-02	2.38e-01	4.43e-01	2.62e-01	3.20e-02	1.52e-03	1.03e-04	2.90e-06	2.78e-07	0.00e+00	0.00e+00	0.00e+00
 1.79489e+23	3.46e-14	3.05e-08	1.24e-05	3.70e-04	2.54e-03	5.83e-03	1.81e-02	2.51e-01	4.43e-01	2.48e-01	2.88e-02	1.31e-03	8.65e-05	2.36e-06	2.23e-07	0.00e+00	0.00e+00	0.00e+00
 1.80905e+23	4.54e-14	3.62e-08	1.47e-05	4.27e-04	2.87e-03	6.42e-03	1.96e-02	2.62e-01	4.43e-01	2.38e-01	2.65e-02	1.17e-03	7.58e-05	2.02e-06	1.88e-07	0.00e+00	0.00e+00	0.00e+00
 1.82349e+23	6.33e-14	4.46e-08	1.80e-05	5.13e-04	3.34e-03	7.27e-03	2.19e-02	2.76e-01	4.41e-01	2.25e-01	2.36e-02	1.00e-03	6.34e-05	1.63e-06	1.50e-07	0.00e+00	0.00e+00	0.00e+00
 1.83825e+23	8.37e-14	5.35e-08	2.15e-05	5.95e-04	3.78e-03	8.03e-03	2.37e-02	2.87e-01	4.40e-01	2.15e-01	2.16e-02	8.90e-04	5.52e-05	1.38e-06	1.25e-07	0.00e+00	0.00e+00	0.00e+00
 1.85344e+23	1.18e-13	6.69e-08	2.67e-05	7.20e-04	4.42e-03	9.11e-03	2.64e-02	3.02e-01	4.36e-01	2.01e-01	1.91e-02	7.56e-04	4.57e-05	1.11e-06	0.00e+00	0.00e+00	0.00e+00	0.00e+00
 1.86900e+23	8.20e-15	8.13e-08	3.20e-05	8.43e-04	5.02e-03	1.01e-02	2.87e-02	3.14e-01	4.33e-01	1.91e-01	1.73e-02	6.65e-04	3.94e-05	9.28e-07	0.00e+00	0.00e+00	0.00e+00	0.00e+00
 1.88507e+23	6.57e-15	1.04e-07	4.04e-05	1.03e-03	5.90e-03	1.15e-02	3.18e-02	3.29e-01	4.27e-01	1.78e-01	1.52e-02	5.60e-04	3.23e-05	7.34e-07	0.00e+00	0.00e+00	0.00e+00	0.00e+00
 1.90137e+23	9.57e-15	1.28e-07	4.87e-05	1.21e-03	6.71e-03	1.27e-02	3.45e-02	3.41e-01	4.22e-01	1.68e-01	1.37e-02	4.90e-04	2.76e-05	6.11e-07	0.00e+00	0.00e+00	0.00e+00	0.00e+00
 1.91798e+23	2.30e-14	1.65e-07	6.19e-05	1.48e-03	7.90e-03	1.44e-02	3.82e-02	3.56e-01	4.15e-01	1.55e-01	1.19e-02	4.09e-04	2.25e-05	4.79e-07	0.00e+00	0.00e+00	0.00e+00	0.00e+00
 1.93477e+23	5.21e-14	2.04e-07	7.49e-05	1.74e-03	8.98e-03	1.59e-02	4.13e-02	3.67e-01	4.08e-01	1.46e-01	1.07e-02	3.56e-04	1.91e-05	3.97e-07	0.00e+00	0.00e+00	0.00e+00	0.00e+00
 1.95180e+23	1.06e-13	2.67e-07	9.54e-05	2.15e-03	1.06e-02	1.80e-02	4.56e-02	3.82e-01	3.98e-01	1.34e-01	9.23e-03	2.96e-04	1.54e-05	3.09e-07	0.00e+00	0.00e+00	0.00e+00	0.00e+00
 1.96910e+23	1.77e-13	3.33e-07	1.16e-04	2.53e-03	1.20e-02	1.99e-02	4.90e-02	3.93e-01	3.90e-01	1.25e-01	8.23e-03	2.56e-04	1.31e-05	2.54e-07	0.00e+00	0.00e+00	0.00e+00	0.00e+00
 1.98428e+23	2.76e-13	4.12e-07	1.40e-04	2.97e-03	1.36e-02	2.18e-02	5.26e-02	4.03e-01	3.82e-01	1.17e-01	7.34e-03	2.22e-04	1.11e-05	2.09e-07	0.00e+00	0.00e+00	0.00e+00	0.00e+00
 2.00157e+23	4.65e-13	5.42e-07	1.79e-04	3.64e-03	1.59e-02	2.46e-02	5.77e-02	4.16e-01	3.70e-01	1.06e-01	6.28e-03	1.83e-04	8.86e-06	1.62e-07	0.00e+00	0.00e+00	0.00e+00	0.00e+00
 2.01901e+23	6.97e-13	6.77e-07	2.17e-04	4.27e-03	1.80e-02	2.70e-02	6.16e-02	4.24e-01	3.60e-01	9.87e-02	5.58e-03	1.58e-04	7.49e-06	1.33e-07	0.00e+00	0.00e+00	0.00e+00	0.00e+00
 2.03345e+23	9.80e-13	8.20e-07	2.56e-04	4.91e-03	2.00e-02	2.92e-02	6.53e-02	4.32e-01	3.51e-01	9.22e-02	5.00e-03	1.38e-04	6.41e-06	0.00e+00	0.00e+00	0.00e+00	0.00e+00	0.00e+00
 2.04898e+23	1.48e-12	1.05e-06	3.15e-04	5.85e-03	2.29e-02	3.22e-02	7.01e-02	4.41e-01	3.39e-01	8.46e-02	4.36e-03	1.17e-04	5.28e-06	0.00e+00	0.00e+00	0.00e+00	0.00e+00	0.00e+00
 2.06477e+23	2.10e-12	1.28e-06	3.76e-04	6.77e-03	2.55e-02	3.49e-02	7.42e-02	4.47e-01	3.29e-01	7.85e-02	3.87e-03	1.01e-04	4.48e-06	0.00e+00	0.00e+00	0.00e+00	0.00e+00	0.00e+00
 2.07872e+23	2.90e-12	1.56e-06	4.44e-04	7.77e-03	2.83e-02	3.77e-02	7.82e-02	4.53e-01	3.18e-01	7.29e-02	3.45e-03	8.84e-05	3.82e-06	0.00e+00	0.00e+00	0.00e+00	0.00e+00	0.00e+00
 2.09468e+23	4.33e-12	2.00e-06	5.47e-04	9.23e-03	3.21e-02	4.13e-02	8.33e-02	4.59e-01	3.05e-01	6.64e-02	2.99e-03	7.43e-05	3.12e-06	0.00e+00	0.00e+00	0.00e+00	0.00e+00	0.00e+00
 2.11128e+23	6.19e-12	2.49e-06	6.58e-04	1.08e-02	3.60e-02	4.48e-02	8.81e-02	4.63e-01	2.93e-01	6.08e-02	2.61e-03	6.32e-05	2.59e-06	0.00e+00	0.00e+00	0.00e+00	0.00e+00	0.00e+00
 2.12615e+23	8.51e-12	3.05e-06	7.80e-04	1.24e-02	3.98e-02	4.82e-02	9.24e-02	4.66e-01	2.82e-01	5.60e-02	2.31e-03	5.46e-05	2.19e-06	0.00e+00	0.00e+00	0.00e+00	0.00e+00	0.00e+00
 2.14288e+23	1.26e-11	3.93e-06	9.63e-04	1.47e-02	4.52e-02	5.26e-02	9.79e-02	4.68e-01	2.68e-01	5.04e-02	1.97e-03	4.54e-05	1.77e-06	0.00e+00	0.00e+00	0.00e+00	0.00e+00	0.00e+00
 2.16037e+23	1.80e-11	4.93e-06	1.16e-03	1.71e-02	5.05e-02	5.68e-02	1.03e-01	4.69e-01	2.55e-01	4.56e-02	1.70e-03	3.81e-05	1.44e-06	0.00e+00	0.00e+00	0.00e+00	0.00e+00	0.00e+00
 2.17612e+23	2.49e-11	6.09e-06	1.38e-03	1.97e-02	5.58e-02	6.09e-02	1.07e-01	4.69e-01	2.43e-01	4.15e-02	1.48e-03	3.25e-05	1.20e-06	0.00e+00	0.00e+00	0.00e+00	0.00e+00	0.00e+00
 2.19389e+23	3.69e-11	7.92e-06	1.72e-03	2.34e-02	6.31e-02	6.61e-02	1.13e-01	4.67e-01	2.28e-01	3.68e-02	1.24e-03	2.65e-05	9.50e-07	0.00e+00	0.00e+00	0.00e+00	0.00e+00	0.00e+00
 2.21228e+23	5.26e-11	9.98e-06	2.07e-03	2.73e-02	7.02e-02	7.11e-02	1.18e-01	4.63e-01	2.14e-01	3.28e-02	1.06e-03	2.20e-05	7.65e-07	0.00e+00	0.00e+00	0.00e+00	0.00e+00	0.00e+00
 2.22867e+23	7.22e-11	1.23e-05	2.46e-03	3.13e-02	7.71e-02	7.56e-02	1.22e-01	4.59e-01	2.02e-01	2.96e-02	9.11e-04	1.85e-05	6.27e-07	0.00e+00	0.00e+00	0.00e+00	0.00e+00	0.00e+00
 2.24720e+23	1.07e-10	1.61e-05	3.05e-03	3.70e-02	8.66e-02	8.15e-02	1.27e-01	4.52e-01	1.87e-01	2.58e-02	7.52e-04	1.48e-05	4.87e-07	0.00e+00	0.00e+00	0.00e+00	0.00e+00	0.00e+00
 2.26647e+23	1.52e-10	2.03e-05	3.68e-03	4.28e-02	9.56e-02	8.68e-02	1.31e-01	4.43e-01	1.73e-01	2.27e-02	6.30e-04	1.21e-05	3.86e-07	0.00e+00	0.00e+00	0.00e+00	0.00e+00	0.00e+00
 2.28382e+23	2.08e-10	2.52e-05	4.37e-03	4.90e-02	1.05e-01	9.17e-02	1.35e-01	4.34e-01	1.61e-01	2.01e-02	5.32e-04	1.00e-05	3.10e-07	0.00e+00	0.00e+00	0.00e+00	0.00e+00	0.00e+00
 2.30346e+23	3.12e-10	3.31e-05	5.42e-03	5.79e-02	1.17e-01	9.79e-02	1.39e-01	4.20e-01	1.46e-01	1.71e-02	4.27e-04	7.81e-06	2.33e-07	0.00e+00	0.00e+00	0.00e+00	0.00e+00	0.00e+00
 2.32374e+23	4.36e-10	4.17e-05	6.48e-03	6.64e-02	1.27e-01	1.03e-01	1.42e-01	4.07e-01	1.33e-01	1.48e-02	3.52e-04	6.29e-06	1.82e-07	0.00e+00	0.00e+00	0.00e+00	0.00e+00	0.00e+00
 2.34202e+23	5.97e-10	5.18e-05	7.68e-03	7.55e-02	1.38e-01	1.08e-01	1.44e-01	3.93e-01	1.22e-01	1.28e-02	2.91e-04	5.08e-06	1.42e-07	0.00e+00	0.00e+00	0.00e+00	0.00e+00	0.00e+00
 2.36295e+23	8.94e-10	6.81e-05	9.49e-03	8.84e-02	1.52e-01	1.13e-01	1.45e-01	3.73e-01	1.07e-01	1.06e-02	2.27e-04	3.84e-06	0.00e+00	0.00e+00	0.00e+00	0.00e+00	0.00e+00	0.00e+00
 2.38418e+23	1.23e-09	8.51e-05	1.12e-02	1.00e-01	1.64e-01	1.18e-01	1.46e-01	3.55e-01	9.64e-02	8.98e-03	1.83e-04	3.03e-06	0.00e+00	0.00e+00	0.00e+00	0.00e+00	0.00e+00	0.00e+00
 2.40294e+23	1.67e-09	1.05e-04	1.32e-02	1.13e-01	1.75e-01	1.21e-01	1.46e-01	3.37e-01	8.65e-02	7.66e-03	1.49e-04	2.41e-06	0.00e+00	0.00e+00	0.00e+00	0.00e+00	0.00e+00	0.00e+00
 2.42450e+23	2.46e-09	1.37e-04	1.61e-02	1.30e-01	1.89e-01	1.25e-01	1.45e-01	3.13e-01	7.46e-02	6.16e-03	1.13e-04	1.77e-06	0.00e+00	0.00e+00	0.00e+00	0.00e+00	0.00e+00	0.00e+00
 2.44633e+23	3.33e-09	1.69e-04	1.88e-02	1.45e-01	2.01e-01	1.28e-01	1.44e-01	2.93e-01	6.57e-02	5.13e-03	8.97e-05	1.37e-06	0.00e+00	0.00e+00	0.00e+00	0.00e+00	0.00e+00	0.00e+00
 2.46853e+23	4.83e-09	2.18e-04	2.27e-02	1.65e-01	2.14e-01	1.30e-01	1.40e-01	2.68e-01	5.57e-02	4.07e-03	6.71e-05	9.96e-07	0.00e+00	0.00e+00	0.00e+00	0.00e+00	0.00e+00	0.00e+00
 2.49119e+23	6.53e-09	2.68e-04	2.63e-02	1.82e-01	2.24e-01	1.31e-01	1.37e-01	2.47e-01	4.82e-02	3.32e-03	5.21e-05	7.54e-07	0.00e+00	0.00e+00	0.00e+00	0.00e+00	0.00e+00	0.00e+00
 2.51136e+23	8.71e-09	3.27e-04	3.04e-02	2.00e-01	2.33e-01	1.31e-01	1.33e-01	2.27e-01	4.16e-02	2.71e-03	4.05e-05	5.72e-07	0.00e+00	0.00e+00	0.00e+00	0.00e+00	0.00e+00	0.00e+00
 2.53448e+23	1.25e-08	4.19e-04	3.61e-02	2.24e-01	2.43e-01	1.31e-01	1.27e-01	2.02e-01	3.42e-02	2.08e-03	2.93e-05	4.01e-07	0.00e+00	0.00e+00	0.00e+00	0.00e+00	0.00e+00	0.00e+00
 2.55799e+23	1.66e-08	5.09e-04	4.14e-02	2.43e-01	2.50e-01	1.30e-01	1.22e-01	1.83e-01	2.89e-02	1.66e-03	2.23e-05	2.97e-07	0.00e+00	0.00e+00	0.00e+00	0.00e+00	0.00e+00	0.00e+00
 2.58202e+23	2.36e-08	6.49e-04	4.88e-02	2.69e-01	2.57e-01	1.27e-01	1.14e-01	1.59e-01	2.32e-02	1.24e-03	1.56e-05	2.02e-07	0.00e+00	0.00e+00	0.00e+00	0.00e+00	0.00e+00	0.00e+00
 2.60549e+23	3.03e-08	7.72e-04	5.48e-02	2.87e-01	2.61e-01	1.24e-01	1.09e-01	1.43e-01	1.96e-02	9.90e-04	1.20e-05	1.51e-07	0.00e+00	0.00e+00	0.00e+00	0.00e+00	0.00e+00	0.00e+00
 2.62825e+23	4.16e-08	9.59e-04	6.33e-02	3.11e-01	2.64e-01	1.20e-01	1.01e-01	1.24e-01	1.57e-02	7.39e-04	8.45e-06	0.00e+00	0.00e+00	0.00e+00	0.00e+00	0.00e+00	0.00e+00	0.00e+00
 2.65028e+23	5.18e-08	1.11e-03	6.98e-02	3.27e-01	2.65e-01	1.17e-01	9.54e-02	1.11e-01	1.33e-02	5.99e-04	6.58e-06	0.00e+00	0.00e+00	0.00e+00	0.00e+00	0.00e+00	0.00e+00	0.00e+00
 2.67136e+23	6.83e-08	1.35e-03	7.88e-02	3.47e-01	2.64e-01	1.12e-01	8.83e-02	9.67e-02	1.07e-02	4.54e-04	4.75e-06	0.00e+00	0.00e+00	0.00e+00	0.00e+00	0.00e+00	0.00e+00	0.00e+00
 2.69273e+23	8.48e-08	1.56e-03	8.65e-02	3.63e-01	2.63e-01	1.08e-01	8.27e-02	8.59e-02	8.99e-03	3.61e-04	3.64e-06	0.00e+00	0.00e+00	0.00e+00	0.00e+00	0.00e+00	0.00e+00	0.00e+00
 2.71449e+23	1.11e-07	1.88e-03	9.69e-02	3.82e-01	2.60e-01	1.02e-01	7.57e-02	7.36e-02	7.15e-03	2.70e-04	2.59e-06	0.00e+00	0.00e+00	0.00e+00	0.00e+00	0.00e+00	0.00e+00	0.00e+00
 2.73649e+23	1.37e-07	2.17e-03	1.06e-01	3.97e-01	2.56e-01	9.78e-02	7.02e-02	6.46e-02	5.91e-03	2.12e-04	1.95e-06	0.00e+00	0.00e+00	0.00e+00	0.00e+00	0.00e+00	0.00e+00	0.00e+00
 2.75589e+23	1.68e-07	2.50e-03	1.15e-01	4.10e-01	2.52e-01	9.33e-02	6.51e-02	5.68e-02	4.89e-03	1.67e-04	1.48e-06	0.00e+00	0.00e+00	0.00e+00	0.00e+00	0.00e+00	0.00e+00	0.00e+00
 2.77819e+23	2.17e-07	2.97e-03	1.28e-01	4.26e-01	2.45e-01	8.74e-02	5.88e-02	4.79e-02	3.82e-03	1.23e-04	1.04e-06	0.00e+00	0.00e+00	0.00e+00	0.00e+00	0.00e+00	0.00e+00	0.00e+00
 2.80078e+23	2.67e-07	3.42e-03	1.39e-01	4.38e-01	2.39e-01	8.25e-02	5.39e-02	4.15e-02	3.10e-03	9.48e-05	7.68e-07	0.00e+00	0.00e+00	0.00e+00	0.00e+00	0.00e+00	0.00e+00	0.00e+00
 2.82074e+23	3.24e-07	3.91e-03	1.50e-01	4.48e-01	2.33e-01	7.79e-02	4.94e-02	3.61e-02	2.54e-03	7.39e-05	5.77e-07	0.00e+00	0.00e+00	0.00e+00	0.00e+00	0.00e+00	0.00e+00	0.00e+00
 2.84367e+23	4.15e-07	4.62e-03	1.64e-01	4.59e-01	2.24e-01	7.20e-02	4.40e-02	3.00e-02	1.95e-03	5.33e-05	3.97e-07	0.00e+00	0.00e+00	0.00e+00	0.00e+00	0.00e+00	0.00e+00	0.00e+00
 2.86489e+23	4.88e-07	5.16e-03	1.75e-01	4.66e-01	2.17e-01	6.82e-02	4.07e-02	2.64e-02	1.63e-03	4.27e-05	3.08e-07	0.00e+00	0.00e+00	0.00e+00	0.00e+00	0.00e+00	0.00e+00	0.00e+00
 2.88388e+23	5.91e-07	5.88e-03	1.88e-01	4.73e-01	2.09e-01	6.37e-02	3.69e-02	2.27e-02	1.31e-03	3.28e-05	2.27e-07	0.00e+00	0.00e+00	0.00e+00	0.00e+00	0.00e+00	0.00e+00	0.00e+00
 2.90340e+23	6.97e-07	6.58e-03	1.99e-01	4.77e-01	2.02e-01	6.00e-02	3.38e-02	1.98e-02	1.08e-03	2.60e-05	1.74e-07	0.00e+00	0.00e+00	0.00e+00	0.00e+00	0.00e+00	0.00e+00	0.00e+00
 2.92074e+23	8.12e-07	7.29e-03	2.10e-01	4.81e-01	1.95e-01	5.66e-02	3.11e-02	1.74e-02	9.03e-04	2.08e-05	1.36e-07	0.00e+00	0.00e+00	0.00e+00	0.00e+00	0.00e+00	0.00e+00	0.00e+00
 2.94045e+23	9.81e-07	8.29e-03	2.25e-01	4.84e-01	1.86e-01	5.24e-02	2.80e-02	1.48e-02	7.17e-04	1.57e-05	0.00e+00	0.00e+00	0.00e+00	0.00e+00	0.00e+00	0.00e+00	0.00e+00	0.00e+00
 2.96050e+23	1.15e-06	9.23e-03	2.38e-01	4.86e-01	1.79e-01	4.91e-02	2.55e-02	1.28e-02	5.88e-04	1.24e-05	0.00e+00	0.00e+00	0.00e+00	0.00e+00	0.00e+00	0.00e+00	0.00e+00	0.00e+00
 2.97809e+23	1.34e-06	1.02e-02	2.50e-01	4.87e-01	1.72e-01	4.60e-02	2.33e-02	1.12e-02	4.86e-04	9.86e-06	0.00e+00	0.00e+00	0.00e+00	0.00e+00	0.00e+00	0.00e+00	0.00e+00	0.00e+00
 2.99807e+23	1.61e-06	1.16e-02	2.66e-01	4.87e-01	1.63e-01	4.23e-02	2.08e-02	9.40e-03	3.83e-04	7.40e-06	0.00e+00	0.00e+00	0.00e+00	0.00e+00	0.00e+00	0.00e+00	0.00e+00	0.00e+00
 3.01837e+23	1.87e-06	1.28e-02	2.80e-01	4.85e-01	1.55e-01	3.94e-02	1.89e-02	8.12e-03	3.12e-04	5.80e-06	0.00e+00	0.00e+00	0.00e+00	0.00e+00	0.00e+00	0.00e+00	0.00e+00	0.00e+00
 3.03615e+23	2.17e-06	1.42e-02	2.94e-01	4.83e-01	1.48e-01	3.67e-02	1.72e-02	7.04e-03	2.57e-04	4.59e-06	0.00e+00	0.00e+00	0.00e+00	0.00e+00	0.00e+00	0.00e+00	0.00e+00	0.00e+00
 3.05634e+23	2.59e-06	1.60e-02	3.11e-01	4.79e-01	1.39e-01	3.36e-02	1.52e-02	5.90e-03	2.01e-04	3.43e-06	0.00e+00	0.00e+00	0.00e+00	0.00e+00	0.00e+00	0.00e+00	0.00e+00	0.00e+00
 3.07671e+23	3.02e-06	1.77e-02	3.26e-01	4.74e-01	1.32e-01	3.12e-02	1.38e-02	5.07e-03	1.63e-04	2.69e-06	0.00e+00	0.00e+00	0.00e+00	0.00e+00	0.00e+00	0.00e+00	0.00e+00	0.00e+00
