#depth	Fe	Fe+	Fe+2	Fe+3	Fe+4	Fe+5	Fe+6	Fe+7	Fe+8	Fe+9	Fe+10	Fe+11	Fe+12	Fe+13	Fe+14	Fe+15	Fe+16	Fe+17	Fe+18	Fe+19	Fe+20	Fe+21	Fe+22	Fe+23	Fe+24	Fe+25	Fe+26
 4.62852e+21	0.00e+00	0.00e+00	0.00e+00	0.00e+00	0.00e+00	0.00e+00	0.00e+00	0.00e+00	1.85e-22	1.44e-20	8.04e-19	3.14e-17	1.21e-15	6.09e-14	3.40e-12	2.30e-10	1.07e-07	4.41e-06	9.33e-05	9.56e-04	5.81e-03	1.98e-02	5.11e-02	1.23e-01	4.54e-01	2.82e-01	6.30e-02
 1.05691e+22	0.00e+00	0.00e+00	0.00e+00	0.00e+00	0.00e+00	0.00e+00	0.00e+00	1.03e-22	1.71e-20	1.12e-18	5.55e-17	2.17e-15	9.53e-14	3.31e-12	1.28e-10	5.99e-09	1.89e-06	5.34e-05	7.76e-04	5.49e-03	2.31e-02	5.44e-02	9.76e-02	1.65e-01	4.38e-01	1.87e-01	2.89e-02
 1.27517e+22	0.00e+00	0.00e+00	0.00e+00	0.00e+00	0.00e+00	0.00e+00	2.62e-23	5.62e-21	7.86e-19	4.01e-17	1.55e-15	4.71e-14	1.61e-12	4.34e-11	1.30e-09	4.73e-08	1.17e-05	2.58e-04	2.92e-03	1.60e-02	5.23e-02	9.60e-02	1.34e-01	1.77e-01	3.80e-01	1.26e-01	1.51e-02
 1.43188e+22	0.00e+00	0.00e+00	0.00e+00	0.00e+00	0.00e+00	1.22e-24	8.41e-22	1.52e-19	1.74e-17	7.17e-16	2.24e-14	5.48e-13	1.51e-11	3.27e-10	7.91e-09	2.31e-07	4.76e-05	8.63e-04	7.98e-03	3.55e-02	9.37e-02	1.39e-01	1.58e-01	1.70e-01	3.06e-01	8.21e-02	7.95e-03
 1.51894e+22	0.00e+00	0.00e+00	0.00e+00	0.00e+00	2.11e-27	3.13e-24	2.05e-21	3.53e-19	3.81e-17	1.49e-15	4.39e-14	1.01e-12	2.64e-11	5.41e-10	1.23e-08	3.41e-07	6.70e-05	1.16e-03	1.02e-02	4.28e-02	1.07e-01	1.50e-01	1.61e-01	1.65e-01	2.84e-01	7.22e-02	6.62e-03
 1.54654e+22	0.00e+00	0.00e+00	0.00e+00	8.71e-31	3.95e-27	5.67e-24	3.63e-21	6.04e-19	6.30e-17	2.37e-15	6.74e-14	1.50e-12	3.76e-11	7.43e-10	1.63e-08	4.35e-07	8.32e-05	1.39e-03	1.18e-02	4.81e-02	1.16e-01	1.57e-01	1.63e-01	1.61e-01	2.69e-01	6.61e-02	5.85e-03
 1.56657e+22	0.00e+00	0.00e+00	0.00e+00	1.48e-30	6.53e-27	9.13e-24	5.70e-21	9.24e-19	9.37e-17	3.43e-15	9.47e-14	2.05e-12	4.98e-11	9.56e-10	2.04e-08	5.28e-07	9.87e-05	1.61e-03	1.33e-02	5.27e-02	1.24e-01	1.63e-01	1.64e-01	1.57e-01	2.58e-01	6.15e-02	5.29e-03
 1.58923e+22	0.00e+00	0.00e+00	0.00e+00	3.13e-30	1.33e-26	1.80e-23	1.08e-20	1.69e-18	1.64e-16	5.77e-15	1.53e-13	3.17e-12	7.40e-11	1.36e-09	2.78e-08	6.90e-07	1.25e-04	1.97e-03	1.57e-02	5.97e-02	1.35e-01	1.70e-01	1.65e-01	1.52e-01	2.41e-01	5.53e-02	4.57e-03
 1.61221e+22	0.00e+00	0.00e+00	0.00e+00	5.81e-30	2.41e-26	3.16e-23	1.84e-20	2.78e-18	2.62e-16	8.87e-15	2.27e-13	4.55e-12	1.02e-10	1.82e-09	3.59e-08	8.60e-07	1.52e-04	2.33e-03	1.80e-02	6.61e-02	1.44e-01	1.76e-01	1.65e-01	1.47e-01	2.28e-01	5.04e-02	4.03e-03
 1.63238e+22	0.00e+00	0.00e+00	0.00e+00	1.07e-29	4.31e-26	5.49e-23	3.10e-20	4.53e-18	4.13e-16	1.35e-14	3.34e-13	6.48e-12	1.41e-10	2.41e-09	4.59e-08	1.06e-06	1.83e-04	2.73e-03	2.05e-02	7.27e-02	1.53e-01	1.81e-01	1.64e-01	1.42e-01	2.14e-01	4.59e-02	3.55e-03
 1.65539e+22	0.00e+00	0.00e+00	9.02e-34	2.30e-29	8.92e-26	1.09e-22	5.93e-20	8.33e-18	7.29e-16	2.29e-14	5.42e-13	1.00e-11	2.09e-10	3.42e-09	6.23e-08	1.38e-06	2.31e-04	3.32e-03	2.39e-02	8.17e-02	1.65e-01	1.87e-01	1.63e-01	1.35e-01	1.97e-01	4.05e-02	3.01e-03
 1.67870e+22	0.00e+00	0.00e+00	1.77e-33	4.36e-29	1.64e-25	1.95e-22	1.02e-19	1.39e-17	1.17e-15	3.55e-14	8.10e-13	1.45e-11	2.90e-10	4.58e-09	8.03e-08	1.72e-06	2.79e-04	3.90e-03	2.72e-02	8.98e-02	1.75e-01	1.92e-01	1.61e-01	1.29e-01	1.83e-01	3.64e-02	2.61e-03
 1.69903e+22	0.00e+00	0.00e+00	3.37e-33	8.06e-29	2.95e-25	3.40e-22	1.73e-19	2.27e-17	1.85e-15	5.41e-14	1.19e-12	2.05e-11	3.96e-10	6.04e-09	1.02e-07	2.10e-06	3.34e-04	4.53e-03	3.07e-02	9.79e-02	1.84e-01	1.95e-01	1.58e-01	1.23e-01	1.70e-01	3.27e-02	2.27e-03
 1.71858e+22	0.00e+00	0.00e+00	6.15e-33	1.43e-28	5.08e-25	5.70e-22	2.81e-19	3.58e-17	2.83e-15	8.01e-14	1.70e-12	2.84e-11	5.30e-10	7.80e-09	1.28e-07	2.54e-06	3.94e-04	5.21e-03	3.43e-02	1.06e-01	1.93e-01	1.98e-01	1.56e-01	1.17e-01	1.59e-01	2.95e-02	1.98e-03
 1.74051e+22	0.00e+00	0.00e+00	1.31e-32	2.94e-28	1.01e-24	1.09e-21	5.18e-19	6.36e-17	4.83e-15	1.31e-13	2.67e-12	4.26e-11	7.61e-10	1.07e-08	1.68e-07	3.21e-06	4.83e-04	6.18e-03	3.92e-02	1.16e-01	2.04e-01	2.01e-01	1.52e-01	1.10e-01	1.44e-01	2.57e-02	1.66e-03
 1.76279e+22	0.00e+00	0.00e+00	2.54e-32	5.51e-28	1.84e-24	1.92e-21	8.82e-19	1.05e-16	7.66e-15	2.00e-13	3.93e-12	6.05e-11	1.04e-09	1.41e-08	2.13e-07	3.92e-06	5.75e-04	7.15e-03	4.40e-02	1.26e-01	2.13e-01	2.02e-01	1.47e-01	1.03e-01	1.32e-01	2.27e-02	1.42e-03
 1.78197e+22	0.00e+00	0.00e+00	4.60e-32	9.70e-28	3.14e-24	3.21e-21	1.43e-18	1.64e-16	1.16e-14	2.94e-13	5.59e-12	8.30e-11	1.38e-09	1.81e-08	2.63e-07	4.68e-06	6.72e-04	8.13e-03	4.86e-02	1.35e-01	2.21e-01	2.03e-01	1.43e-01	9.73e-02	1.22e-01	2.03e-02	1.22e-03
 1.80335e+22	0.00e+00	0.00e+00	9.76e-32	1.98e-27	6.20e-24	6.12e-21	2.62e-18	2.89e-16	1.97e-14	4.76e-13	8.67e-12	1.23e-10	1.96e-09	2.46e-08	3.43e-07	5.84e-06	8.14e-04	9.53e-03	5.49e-02	1.47e-01	2.30e-01	2.03e-01	1.38e-01	8.99e-02	1.09e-01	1.75e-02	1.01e-03
 1.82535e+22	0.00e+00	0.00e+00	1.89e-31	3.72e-27	1.13e-23	1.08e-20	4.45e-18	4.75e-16	3.12e-14	7.26e-13	1.27e-11	1.74e-10	2.66e-09	3.21e-08	4.30e-07	7.05e-06	9.59e-04	1.09e-02	6.09e-02	1.57e-01	2.38e-01	2.02e-01	1.32e-01	8.34e-02	9.86e-02	1.52e-02	8.52e-04
 1.84412e+22	0.00e+00	0.00e+00	3.37e-31	6.44e-27	1.89e-23	1.76e-20	7.06e-18	7.32e-16	4.65e-14	1.05e-12	1.77e-11	2.35e-10	3.47e-09	4.05e-08	5.25e-07	8.31e-06	1.11e-03	1.23e-02	6.66e-02	1.66e-01	2.44e-01	2.01e-01	1.27e-01	7.79e-02	9.00e-02	1.35e-02	7.31e-04
 1.86448e+22	0.00e+00	0.00e+00	6.95e-31	1.28e-26	3.64e-23	3.27e-20	1.26e-17	1.26e-15	7.68e-14	1.66e-12	2.69e-11	3.42e-10	4.83e-09	5.41e-08	6.70e-07	1.02e-05	1.32e-03	1.41e-02	7.41e-02	1.78e-01	2.50e-01	1.98e-01	1.21e-01	7.12e-02	8.00e-02	1.15e-02	6.00e-04
 1.88549e+22	0.00e+00	0.00e+00	1.28e-30	2.30e-26	6.34e-23	5.53e-20	2.06e-17	1.99e-15	1.17e-13	2.45e-12	3.83e-11	4.69e-10	6.39e-09	6.89e-08	8.23e-07	1.21e-05	1.52e-03	1.59e-02	8.09e-02	1.88e-01	2.55e-01	1.95e-01	1.15e-01	6.57e-02	7.21e-02	1.00e-02	5.05e-04
 1.90733e+22	0.00e+00	0.00e+00	2.87e-30	4.92e-26	1.31e-22	1.09e-19	3.92e-17	3.62e-15	2.04e-13	4.05e-12	6.05e-11	7.05e-10	9.17e-09	9.42e-08	1.07e-06	1.50e-05	1.83e-03	1.85e-02	9.03e-02	2.00e-01	2.61e-01	1.91e-01	1.08e-01	5.88e-02	6.25e-02	8.32e-03	4.01e-04
 1.92865e+22	0.00e+00	0.00e+00	5.05e-30	8.43e-26	2.18e-22	1.77e-19	6.16e-17	5.52e-15	3.01e-13	5.80e-12	8.36e-11	9.43e-10	1.18e-08	1.18e-07	1.29e-06	1.75e-05	2.08e-03	2.05e-02	9.73e-02	2.09e-01	2.63e-01	1.87e-01	1.02e-01	5.42e-02	5.64e-02	7.27e-03	3.39e-04
 1.94930e+22	0.00e+00	0.00e+00	1.07e-29	1.71e-25	4.26e-22	3.35e-19	1.12e-16	9.60e-15	5.01e-13	9.24e-12	1.27e-10	1.37e-09	1.65e-08	1.56e-07	1.64e-06	2.12e-05	2.46e-03	2.34e-02	1.07e-01	2.21e-01	2.66e-01	1.81e-01	9.51e-02	4.84e-02	4.90e-02	6.06e-03	2.71e-04
 1.97031e+22	0.00e+00	0.00e+00	1.98e-29	3.09e-25	7.44e-22	5.67e-19	1.83e-16	1.52e-14	7.66e-13	1.36e-11	1.81e-10	1.88e-09	2.17e-08	1.98e-07	2.00e-06	2.49e-05	2.81e-03	2.60e-02	1.15e-01	2.30e-01	2.68e-01	1.76e-01	8.92e-02	4.40e-02	4.34e-02	5.18e-03	2.24e-04
 1.98889e+22	0.00e+00	0.00e+00	3.60e-29	5.43e-25	1.27e-21	9.39e-19	2.93e-16	2.36e-14	1.15e-12	1.97e-11	2.52e-10	2.53e-09	2.81e-08	2.48e-07	2.41e-06	2.89e-05	3.19e-03	2.87e-02	1.24e-01	2.39e-01	2.68e-01	1.70e-01	8.36e-02	3.99e-02	3.85e-02	4.45e-03	1.86e-04
 2.00731e+22	0.00e+00	6.68e-34	6.52e-29	9.53e-25	2.17e-21	1.55e-18	4.70e-16	3.66e-14	1.72e-12	2.85e-11	3.52e-10	3.40e-09	3.65e-08	3.09e-07	2.90e-06	3.36e-05	3.62e-03	3.17e-02	1.33e-01	2.47e-01	2.68e-01	1.65e-01	7.82e-02	3.61e-02	3.41e-02	3.81e-03	1.54e-04
 2.02847e+22	0.00e+00	1.48e-33	1.39e-28	1.95e-24	4.27e-21	2.95e-18	8.56e-16	6.40e-14	2.87e-12	4.54e-11	5.36e-10	4.94e-09	5.06e-08	4.10e-07	3.66e-06	4.05e-05	4.22e-03	3.57e-02	1.44e-01	2.57e-01	2.67e-01	1.57e-01	7.14e-02	3.17e-02	2.91e-02	3.11e-03	1.21e-04
 2.04983e+22	0.00e+00	2.80e-33	2.53e-28	3.44e-24	7.31e-21	4.90e-18	1.38e-15	9.95e-14	4.32e-12	6.58e-11	7.48e-10	6.65e-09	6.56e-08	5.12e-07	4.40e-06	4.69e-05	4.77e-03	3.92e-02	1.53e-01	2.64e-01	2.65e-01	1.50e-01	6.62e-02	2.85e-02	2.56e-02	2.64e-03	9.89e-05
 2.07145e+22	0.00e+00	6.46e-33	5.57e-28	7.28e-24	1.49e-20	9.57e-18	2.57e-15	1.78e-13	7.36e-12	1.07e-10	1.16e-09	9.79e-09	9.19e-08	6.82e-07	5.58e-06	5.66e-05	5.57e-03	4.41e-02	1.66e-01	2.73e-01	2.61e-01	1.42e-01	5.97e-02	2.46e-02	2.14e-02	2.12e-03	7.58e-05
 2.09323e+22	0.00e+00	0.00e+00	1.03e-27	1.30e-23	2.58e-20	1.61e-17	4.18e-15	2.79e-13	1.11e-11	1.56e-10	1.62e-09	1.32e-08	1.19e-07	8.53e-07	6.72e-06	6.56e-05	6.27e-03	4.83e-02	1.76e-01	2.80e-01	2.58e-01	1.35e-01	5.49e-02	2.19e-02	1.86e-02	1.78e-03	6.14e-05
 2.11197e+22	0.00e+00	2.38e-32	1.91e-27	2.34e-23	4.48e-20	2.71e-17	6.80e-15	4.39e-13	1.69e-11	2.27e-10	2.28e-09	1.78e-08	1.55e-07	1.06e-06	8.05e-06	7.56e-05	7.04e-03	5.27e-02	1.86e-01	2.85e-01	2.54e-01	1.28e-01	5.03e-02	1.94e-02	1.62e-02	1.48e-03	4.95e-05
 2.12963e+22	0.00e+00	4.28e-32	3.33e-27	3.96e-23	7.36e-20	4.33e-17	1.05e-14	6.58e-13	2.45e-11	3.18e-10	3.08e-09	2.33e-08	1.96e-07	1.30e-06	9.46e-06	8.58e-05	7.81e-03	5.69e-02	1.95e-01	2.90e-01	2.49e-01	1.22e-01	4.64e-02	1.74e-02	1.42e-02	1.26e-03	4.07e-05
 2.14913e+22	0.00e+00	8.95e-32	6.69e-27	7.65e-23	1.37e-19	7.77e-17	1.82e-14	1.09e-12	3.90e-11	4.86e-10	4.51e-09	3.26e-08	2.62e-07	1.66e-06	1.16e-05	1.01e-04	8.86e-03	6.25e-02	2.07e-01	2.95e-01	2.43e-01	1.14e-01	4.18e-02	1.51e-02	1.20e-02	1.02e-03	3.17e-05
 2.16918e+22	0.00e+00	1.73e-31	1.25e-26	1.38e-22	2.39e-19	1.31e-16	2.97e-14	1.72e-12	5.90e-11	7.07e-10	6.31e-09	4.39e-08	3.39e-07	2.06e-06	1.38e-05	1.15e-04	9.89e-03	6.78e-02	2.17e-01	2.99e-01	2.37e-01	1.07e-01	3.80e-02	1.32e-02	1.03e-02	8.46e-04	2.53e-05
 2.18538e+22	0.00e+00	2.89e-31	2.02e-26	2.18e-22	3.68e-19	1.97e-16	4.34e-14	2.45e-12	8.14e-11	9.47e-10	8.20e-09	5.54e-08	4.14e-07	2.44e-06	1.59e-05	1.28e-04	1.08e-02	7.21e-02	2.25e-01	3.01e-01	2.32e-01	1.02e-01	3.51e-02	1.19e-02	9.11e-03	7.29e-04	2.12e-05
 2.20185e+22	0.00e+00	5.47e-31	3.69e-26	3.85e-22	6.30e-19	3.26e-16	6.95e-14	3.79e-12	1.21e-10	1.36e-09	1.13e-08	7.37e-08	5.30e-07	3.01e-06	1.88e-05	1.47e-04	1.19e-02	7.76e-02	2.35e-01	3.03e-01	2.25e-01	9.56e-02	3.18e-02	1.05e-02	7.82e-03	6.04e-04	1.70e-05
 2.21773e+22	0.00e+00	8.86e-31	5.82e-26	5.91e-22	9.44e-19	4.78e-16	9.91e-14	5.26e-12	1.64e-10	1.79e-09	1.45e-08	9.14e-08	6.38e-07	3.52e-06	2.13e-05	1.62e-04	1.29e-02	8.20e-02	2.43e-01	3.05e-01	2.20e-01	9.09e-02	2.95e-02	9.46e-03	6.96e-03	5.23e-04	1.43e-05
 2.23070e+22	0.00e+00	1.40e-30	8.99e-26	8.92e-22	1.39e-18	6.87e-16	1.39e-13	7.21e-12	2.19e-10	2.32e-09	1.83e-08	1.12e-07	7.62e-07	4.09e-06	2.41e-05	1.77e-04	1.38e-02	8.63e-02	2.50e-01	3.06e-01	2.15e-01	8.65e-02	2.74e-02	8.58e-03	6.22e-03	4.55e-04	1.21e-05
 2.24540e+22	0.00e+00	2.51e-30	1.55e-25	1.49e-21	2.26e-18	1.09e-15	2.13e-13	1.07e-11	3.14e-10	3.22e-09	2.45e-08	1.45e-07	9.52e-07	4.93e-06	2.80e-05	1.99e-04	1.51e-02	9.20e-02	2.59e-01	3.06e-01	2.08e-01	8.11e-02	2.49e-02	7.58e-03	5.39e-03	3.82e-04	9.85e-06
 2.25972e+22	0.00e+00	3.91e-30	2.36e-25	2.22e-21	3.28e-18	1.54e-15	2.96e-13	1.45e-11	4.14e-10	4.13e-09	3.06e-08	1.77e-07	1.13e-06	5.68e-06	3.14e-05	2.17e-04	1.62e-02	9.64e-02	2.65e-01	3.07e-01	2.03e-01	7.71e-02	2.32e-02	6.88e-03	4.82e-03	3.33e-04	8.38e-06
 2.27162e+22	0.00e+00	6.07e-30	3.57e-25	3.28e-21	4.73e-18	2.18e-15	4.08e-13	1.95e-11	5.43e-10	5.29e-09	3.81e-08	2.15e-07	1.33e-06	6.53e-06	3.51e-05	2.37e-04	1.73e-02	1.01e-01	2.72e-01	3.06e-01	1.98e-01	7.33e-02	2.15e-02	6.25e-03	4.31e-03	2.91e-04	7.14e-06
 2.28514e+22	0.00e+00	1.03e-29	5.89e-25	5.26e-21	7.38e-18	3.30e-15	6.02e-13	2.80e-11	7.55e-10	7.13e-09	4.98e-08	2.71e-07	1.63e-06	7.74e-06	4.02e-05	2.63e-04	1.87e-02	1.07e-01	2.80e-01	3.06e-01	1.91e-01	6.88e-02	1.96e-02	5.55e-03	3.77e-03	2.46e-04	5.87e-06
 2.29841e+22	0.00e+00	1.58e-29	8.77e-25	7.65e-21	1.05e-17	4.61e-15	8.20e-13	3.73e-11	9.81e-10	9.03e-09	6.15e-08	3.27e-07	1.91e-06	8.85e-06	4.48e-05	2.85e-04	1.99e-02	1.11e-01	2.86e-01	3.05e-01	1.86e-01	6.54e-02	1.82e-02	5.04e-03	3.38e-03	2.16e-04	5.01e-06
 2.30945e+22	0.00e+00	2.39e-29	1.30e-24	1.11e-20	1.48e-17	6.37e-15	1.11e-12	4.93e-11	1.27e-09	1.14e-08	7.56e-08	3.92e-07	2.23e-06	1.01e-05	4.97e-05	3.08e-04	2.11e-02	1.16e-01	2.91e-01	3.04e-01	1.81e-01	6.21e-02	1.69e-02	4.59e-03	3.03e-03	1.89e-04	4.30e-06
 2.32022e+22	0.00e+00	3.55e-29	1.88e-24	1.57e-20	2.06e-17	8.69e-15	1.48e-12	6.44e-11	1.62e-09	1.42e-08	9.20e-08	4.66e-07	2.59e-06	1.14e-05	5.49e-05	3.32e-04	2.23e-02	1.20e-01	2.97e-01	3.03e-01	1.76e-01	5.91e-02	1.58e-02	4.19e-03	2.73e-03	1.66e-04	3.70e-06
 2.33256e+22	0.00e+00	5.86e-29	3.02e-24	2.45e-20	3.13e-17	1.29e-14	2.14e-12	9.04e-11	2.20e-09	1.87e-08	1.18e-07	5.80e-07	3.13e-06	1.33e-05	6.22e-05	3.65e-04	2.39e-02	1.26e-01	3.04e-01	3.01e-01	1.69e-01	5.54e-02	1.44e-02	3.73e-03	2.39e-03	1.42e-04	3.06e-06
 2.34518e+22	0.00e+00	8.94e-29	4.49e-24	3.56e-20	4.45e-17	1.79e-14	2.91e-12	1.20e-10	2.85e-09	2.37e-08	1.46e-07	6.97e-07	3.66e-06	1.52e-05	6.91e-05	3.95e-04	2.54e-02	1.31e-01	3.09e-01	2.99e-01	1.64e-01	5.24e-02	1.33e-02	3.38e-03	2.14e-03	1.23e-04	2.60e-06
 2.35642e+22	0.00e+00	1.34e-28	6.59e-24	5.11e-20	6.25e-17	2.46e-14	3.91e-12	1.58e-10	3.66e-09	2.97e-08	1.78e-07	8.32e-07	4.27e-06	1.73e-05	7.64e-05	4.26e-04	2.68e-02	1.36e-01	3.14e-01	2.97e-01	1.59e-01	4.96e-02	1.24e-02	3.07e-03	1.91e-03	1.08e-04	2.23e-06
 2.36707e+22	0.00e+00	2.01e-28	9.63e-24	7.30e-20	8.73e-17	3.36e-14	5.23e-12	2.07e-10	4.69e-09	3.71e-08	2.17e-07	9.90e-07	4.95e-06	1.96e-05	8.43e-05	4.58e-04	2.83e-02	1.41e-01	3.19e-01	2.95e-01	1.54e-01	4.70e-02	1.15e-02	2.78e-03	1.72e-03	9.46e-05	1.90e-06
 2.37691e+22	0.00e+00	2.91e-28	1.36e-23	1.01e-19	1.19e-16	4.48e-14	6.84e-12	2.66e-10	5.87e-09	4.56e-08	2.61e-07	1.16e-06	5.68e-06	2.19e-05	9.23e-05	4.90e-04	2.97e-02	1.45e-01	3.24e-01	2.92e-01	1.49e-01	4.46e-02	1.07e-02	2.54e-03	1.55e-03	8.37e-05	1.65e-06
 2.38786e+22	0.00e+00	4.62e-28	2.10e-23	1.52e-19	1.74e-16	6.41e-14	9.55e-12	3.62e-10	7.78e-09	5.88e-08	3.27e-07	1.42e-06	6.73e-06	2.53e-05	1.03e-04	5.33e-04	3.16e-02	1.51e-01	3.29e-01	2.89e-01	1.44e-01	4.18e-02	9.77e-03	2.27e-03	1.37e-03	7.17e-05	1.38e-06
 2.39911e+22	0.00e+00	7.10e-28	3.14e-23	2.22e-19	2.47e-16	8.93e-14	1.30e-11	4.81e-10	1.01e-08	7.44e-08	4.03e-07	1.70e-06	7.88e-06	2.88e-05	1.14e-04	5.75e-04	3.33e-02	1.56e-01	3.34e-01	2.86e-01	1.38e-01	3.93e-02	8.99e-03	2.05e-03	1.21e-03	6.21e-05	1.16e-06
 2.40876e+22	0.00e+00	1.01e-27	4.39e-23	3.04e-19	3.31e-16	1.18e-13	1.68e-11	6.10e-10	1.25e-08	9.04e-08	4.80e-07	1.98e-06	8.98e-06	3.21e-05	1.25e-04	6.13e-04	3.49e-02	1.61e-01	3.37e-01	2.83e-01	1.34e-01	3.74e-02	8.38e-03	1.87e-03	1.10e-03	5.51e-05	1.01e-06
 2.41930e+22	0.00e+00	1.59e-27	6.71e-23	4.52e-19	4.81e-16	1.67e-13	2.33e-11	8.25e-10	1.65e-08	1.16e-07	5.99e-07	2.41e-06	1.06e-05	3.68e-05	1.39e-04	6.65e-04	3.69e-02	1.66e-01	3.42e-01	2.80e-01	1.29e-01	3.50e-02	7.66e-03	1.67e-03	9.65e-04	4.72e-05	8.43e-07
 2.43039e+22	0.00e+00	2.47e-27	1.01e-22	6.65e-19	6.89e-16	2.34e-13	3.19e-11	1.10e-09	2.15e-08	1.48e-07	7.42e-07	2.91e-06	1.24e-05	4.20e-05	1.54e-04	7.17e-04	3.89e-02	1.72e-01	3.46e-01	2.76e-01	1.24e-01	3.28e-02	7.01e-03	1.50e-03	8.52e-04	4.06e-05	7.07e-07
 2.44019e+22	0.00e+00	3.54e-27	1.42e-22	9.12e-19	9.25e-16	3.08e-13	4.13e-11	1.40e-09	2.68e-08	1.80e-07	8.85e-07	3.39e-06	1.42e-05	4.69e-05	1.68e-04	7.65e-04	4.07e-02	1.77e-01	3.50e-01	2.73e-01	1.19e-01	3.10e-02	6.51e-03	1.37e-03	7.68e-04	3.58e-05	6.11e-07
 2.45094e+22	0.00e+00	5.78e-27	2.24e-22	1.40e-18	1.38e-15	4.49e-13	5.86e-11	1.94e-09	3.60e-08	2.35e-07	1.12e-06	4.19e-06	1.70e-05	5.44e-05	1.89e-04	8.33e-04	4.32e-02	1.83e-01	3.54e-01	2.68e-01	1.14e-01	2.88e-02	5.89e-03	1.20e-03	6.67e-04	3.02e-05	5.00e-07
 2.46203e+22	0.00e+00	8.79e-27	3.32e-22	2.03e-18	1.95e-15	6.19e-13	7.91e-11	2.57e-09	4.64e-08	2.96e-07	1.38e-06	5.01e-06	1.98e-05	6.17e-05	2.08e-04	8.96e-04	4.54e-02	1.89e-01	3.57e-01	2.64e-01	1.09e-01	2.69e-02	5.39e-03	1.08e-03	5.90e-04	2.60e-05	4.20e-07
 2.47159e+22	0.00e+00	1.26e-26	4.67e-22	2.78e-18	2.62e-15	8.17e-13	1.03e-10	3.27e-09	5.78e-08	3.61e-07	1.65e-06	5.85e-06	2.26e-05	6.89e-05	2.27e-04	9.54e-04	4.74e-02	1.94e-01	3.60e-01	2.61e-01	1.05e-01	2.54e-02	5.00e-03	9.81e-04	5.30e-04	2.29e-05	3.62e-07
 2.48206e+22	0.00e+00	2.14e-26	7.62e-22	4.40e-18	4.01e-15	1.22e-12	1.49e-10	4.62e-09	7.92e-08	4.80e-07	2.13e-06	7.32e-06	2.74e-05	8.06e-05	2.57e-04	1.04e-03	5.03e-02	2.01e-01	3.64e-01	2.55e-01	9.94e-02	2.34e-02	4.47e-03	8.54e-04	4.53e-04	1.90e-05	2.91e-07
 2.49240e+22	0.00e+00	3.05e-26	1.06e-21	6.00e-18	5.35e-15	1.60e-12	1.92e-10	5.84e-09	9.81e-08	5.84e-07	2.53e-06	8.52e-06	3.11e-05	8.97e-05	2.79e-04	1.11e-03	5.24e-02	2.06e-01	3.66e-01	2.51e-01	9.57e-02	2.20e-02	4.14e-03	7.76e-04	4.07e-04	1.67e-05	2.50e-07
 2.50256e+22	0.00e+00	5.05e-26	1.70e-21	9.30e-18	8.04e-15	2.34e-12	2.74e-10	8.15e-09	1.33e-07	7.69e-07	3.23e-06	1.06e-05	3.74e-05	1.04e-04	3.14e-04	1.21e-03	5.54e-02	2.12e-01	3.69e-01	2.46e-01	9.05e-02	2.03e-02	3.70e-03	6.77e-04	3.50e-04	1.39e-05	2.02e-07
 2.51255e+22	0.00e+00	7.11e-26	2.34e-21	1.25e-17	1.06e-14	3.03e-12	3.50e-10	1.02e-08	1.63e-07	9.27e-07	3.82e-06	1.22e-05	4.24e-05	1.16e-04	3.41e-04	1.28e-03	5.76e-02	2.17e-01	3.71e-01	2.42e-01	8.71e-02	1.91e-02	3.43e-03	6.16e-04	3.15e-04	1.22e-05	1.74e-07
 2.52230e+22	0.00e+00	1.17e-25	3.72e-21	1.93e-17	1.58e-14	4.41e-12	4.97e-10	1.42e-08	2.21e-07	1.22e-06	4.87e-06	1.51e-05	5.08e-05	1.34e-04	3.82e-04	1.39e-03	6.08e-02	2.24e-01	3.74e-01	2.36e-01	8.22e-02	1.75e-02	3.07e-03	5.37e-04	2.70e-04	1.01e-05	1.40e-07
 2.53201e+22	0.00e+00	1.65e-25	5.14e-21	2.61e-17	2.09e-14	5.73e-12	6.35e-10	1.79e-08	2.72e-07	1.47e-06	5.78e-06	1.76e-05	5.77e-05	1.49e-04	4.15e-04	1.48e-03	6.32e-02	2.29e-01	3.75e-01	2.32e-01	7.89e-02	1.65e-02	2.83e-03	4.87e-04	2.42e-04	8.90e-06	0.00e+00
 2.54168e+22	0.00e+00	2.71e-25	8.13e-21	3.99e-17	3.11e-14	8.30e-12	9.00e-10	2.47e-08	3.66e-07	1.93e-06	7.36e-06	2.17e-05	6.92e-05	1.73e-04	4.66e-04	1.61e-03	6.67e-02	2.35e-01	3.77e-01	2.26e-01	7.43e-02	1.51e-02	2.53e-03	4.23e-04	2.07e-04	7.37e-06	0.00e+00
 2.55143e+22	0.00e+00	3.89e-25	1.14e-20	5.46e-17	4.15e-14	1.09e-11	1.16e-09	3.14e-08	4.55e-07	2.36e-06	8.79e-06	2.54e-05	7.90e-05	1.93e-04	5.07e-04	1.71e-03	6.93e-02	2.40e-01	3.78e-01	2.21e-01	7.11e-02	1.41e-02	2.32e-03	3.81e-04	1.84e-04	6.41e-06	0.00e+00
 2.56128e+22	0.00e+00	6.43e-25	1.81e-20	8.41e-17	6.19e-14	1.58e-11	1.65e-09	4.38e-08	6.17e-07	3.11e-06	1.13e-05	3.16e-05	9.51e-05	2.25e-04	5.70e-04	1.86e-03	7.31e-02	2.47e-01	3.80e-01	2.15e-01	6.67e-02	1.29e-02	2.06e-03	3.29e-04	1.56e-04	5.27e-06	0.00e+00
 2.57121e+22	0.00e+00	9.26e-25	2.55e-20	1.15e-16	8.27e-14	2.08e-11	2.14e-09	5.58e-08	7.70e-07	3.81e-06	1.35e-05	3.70e-05	1.09e-04	2.51e-04	6.22e-04	1.98e-03	7.59e-02	2.52e-01	3.80e-01	2.10e-01	6.36e-02	1.20e-02	1.89e-03	2.95e-04	1.38e-04	4.56e-06	0.00e+00
 2.58126e+22	0.00e+00	1.52e-24	4.02e-20	1.76e-16	1.22e-13	3.00e-11	3.02e-09	7.73e-08	1.04e-06	5.00e-06	1.72e-05	4.59e-05	1.31e-04	2.92e-04	6.98e-04	2.15e-03	8.00e-02	2.59e-01	3.81e-01	2.04e-01	5.95e-02	1.09e-02	1.67e-03	2.55e-04	1.17e-04	3.74e-06	0.00e+00
 2.59122e+22	0.00e+00	2.19e-24	5.65e-20	2.41e-16	1.64e-13	3.95e-11	3.92e-09	9.87e-08	1.30e-06	6.15e-06	2.07e-05	5.39e-05	1.50e-04	3.27e-04	7.62e-04	2.29e-03	8.31e-02	2.64e-01	3.81e-01	1.99e-01	5.66e-02	1.02e-02	1.52e-03	2.28e-04	1.03e-04	3.21e-06	0.00e+00
 2.60108e+22	0.00e+00	3.54e-24	8.79e-20	3.63e-16	2.39e-13	5.63e-11	5.49e-09	1.36e-07	1.74e-06	8.04e-06	2.63e-05	6.66e-05	1.79e-04	3.79e-04	8.54e-04	2.49e-03	8.73e-02	2.71e-01	3.81e-01	1.93e-01	5.28e-02	9.22e-03	1.35e-03	1.96e-04	8.76e-05	2.63e-06	0.00e+00
 2.61111e+22	0.00e+00	5.17e-24	1.25e-19	5.01e-16	3.21e-13	7.45e-11	7.16e-09	1.75e-07	2.20e-06	9.95e-06	3.19e-05	7.89e-05	2.07e-04	4.27e-04	9.36e-04	2.66e-03	9.08e-02	2.76e-01	3.81e-01	1.88e-01	5.00e-02	8.52e-03	1.22e-03	1.74e-04	7.66e-05	2.24e-06	0.00e+00
 2.62139e+22	0.00e+00	8.44e-24	1.96e-19	7.61e-16	4.72e-13	1.07e-10	1.01e-08	2.43e-07	2.98e-06	1.31e-05	4.10e-05	9.82e-05	2.49e-04	4.97e-04	1.05e-03	2.90e-03	9.55e-02	2.83e-01	3.81e-01	1.81e-01	4.64e-02	7.68e-03	1.07e-03	1.48e-04	6.42e-05	1.81e-06	0.00e+00
 2.63173e+22	0.00e+00	1.23e-23	2.77e-19	1.05e-15	6.32e-13	1.41e-10	1.32e-08	3.13e-07	3.76e-06	1.63e-05	4.96e-05	1.16e-04	2.88e-04	5.60e-04	1.15e-03	3.10e-03	9.93e-02	2.88e-01	3.80e-01	1.76e-01	4.38e-02	7.08e-03	9.66e-04	1.31e-04	5.59e-05	1.53e-06	0.00e+00
 2.64215e+22	0.00e+00	1.99e-23	4.33e-19	1.58e-15	9.22e-13	2.01e-10	1.85e-08	4.34e-07	5.09e-06	2.15e-05	6.37e-05	1.45e-04	3.47e-04	6.53e-04	1.30e-03	3.37e-03	1.04e-01	2.94e-01	3.79e-01	1.69e-01	4.05e-02	6.35e-03	8.43e-04	1.11e-04	4.66e-05	1.23e-06	0.00e+00
 2.65265e+22	0.00e+00	2.87e-23	6.06e-19	2.15e-15	1.23e-12	2.63e-10	2.40e-08	5.57e-07	6.41e-06	2.66e-05	7.71e-05	1.71e-04	4.01e-04	7.34e-04	1.42e-03	3.60e-03	1.08e-01	2.99e-01	3.77e-01	1.64e-01	3.81e-02	5.84e-03	7.59e-04	9.82e-05	4.05e-05	1.04e-06	0.00e+00
 2.66175e+22	0.00e+00	4.10e-23	8.40e-19	2.90e-15	1.61e-12	3.42e-10	3.09e-08	7.10e-07	8.02e-06	3.28e-05	9.30e-05	2.02e-04	4.61e-04	8.24e-04	1.56e-03	3.84e-03	1.12e-01	3.04e-01	3.76e-01	1.59e-01	3.59e-02	5.37e-03	6.84e-04	8.66e-05	3.52e-05	8.81e-07	0.00e+00
 2.67210e+22	0.00e+00	6.49e-23	1.28e-18	4.26e-15	2.30e-12	4.78e-10	4.28e-08	9.74e-07	1.08e-05	4.30e-05	1.19e-04	2.51e-04	5.53e-04	9.58e-04	1.75e-03	4.18e-03	1.18e-01	3.10e-01	3.73e-01	1.52e-01	3.31e-02	4.80e-03	5.95e-04	7.34e-05	2.93e-05	7.06e-07	0.00e+00
 2.68234e+22	0.00e+00	8.95e-23	1.72e-18	5.58e-15	2.95e-12	6.05e-10	5.39e-08	1.22e-06	1.32e-05	5.20e-05	1.41e-04	2.91e-04	6.29e-04	1.06e-03	1.90e-03	4.44e-03	1.22e-01	3.14e-01	3.71e-01	1.47e-01	3.12e-02	4.43e-03	5.40e-04	6.52e-05	2.57e-05	6.03e-07	0.00e+00
 2.69244e+22	0.00e+00	1.37e-22	2.53e-18	7.95e-15	4.08e-12	8.25e-10	7.29e-08	1.63e-06	1.74e-05	6.71e-05	1.77e-04	3.57e-04	7.47e-04	1.23e-03	2.12e-03	4.81e-03	1.28e-01	3.20e-01	3.68e-01	1.41e-01	2.88e-02	3.97e-03	4.72e-04	5.56e-05	2.15e-05	4.87e-07	0.00e+00
 2.70274e+22	0.00e+00	1.88e-22	3.39e-18	1.04e-14	5.23e-12	1.04e-09	9.18e-08	2.05e-06	2.14e-05	8.14e-05	2.11e-04	4.16e-04	8.51e-04	1.37e-03	2.30e-03	5.11e-03	1.32e-01	3.24e-01	3.66e-01	1.37e-01	2.70e-02	3.65e-03	4.25e-04	4.92e-05	1.87e-05	4.13e-07	0.00e+00
 2.71331e+22	0.00e+00	2.85e-22	4.94e-18	1.47e-14	7.18e-12	1.41e-09	1.24e-07	2.74e-06	2.82e-05	1.05e-04	2.65e-04	5.09e-04	1.01e-03	1.57e-03	2.57e-03	5.54e-03	1.38e-01	3.29e-01	3.62e-01	1.30e-01	2.49e-02	3.26e-03	3.70e-04	4.17e-05	1.56e-05	3.32e-07	0.00e+00
 2.72414e+22	0.00e+00	3.94e-22	6.63e-18	1.92e-14	9.20e-12	1.79e-09	1.56e-07	3.45e-06	3.49e-05	1.28e-04	3.17e-04	5.95e-04	1.15e-03	1.76e-03	2.80e-03	5.90e-03	1.43e-01	3.33e-01	3.59e-01	1.26e-01	2.33e-02	2.98e-03	3.32e-04	3.67e-05	1.35e-05	2.79e-07	0.00e+00
 2.73530e+22	1.97e-34	5.94e-22	9.64e-18	2.71e-14	1.26e-11	2.42e-09	2.11e-07	4.64e-06	4.60e-05	1.65e-04	3.99e-04	7.30e-04	1.37e-03	2.02e-03	3.12e-03	6.40e-03	1.49e-01	3.38e-01	3.54e-01	1.20e-01	2.13e-02	2.64e-03	2.87e-04	3.09e-05	1.11e-05	2.22e-07	0.00e+00
 2.74671e+22	2.85e-34	8.16e-22	1.29e-17	3.53e-14	1.61e-11	3.06e-09	2.66e-07	5.83e-06	5.70e-05	2.02e-04	4.77e-04	8.54e-04	1.57e-03	2.26e-03	3.40e-03	6.82e-03	1.55e-01	3.42e-01	3.50e-01	1.15e-01	1.98e-02	2.41e-03	2.56e-04	2.71e-05	9.61e-06	1.86e-07	0.00e+00
 2.75845e+22	4.56e-34	1.22e-21	1.86e-17	4.93e-14	2.19e-11	4.12e-09	3.58e-07	7.83e-06	7.49e-05	2.61e-04	6.01e-04	1.05e-03	1.86e-03	2.60e-03	3.80e-03	7.40e-03	1.62e-01	3.47e-01	3.45e-01	1.09e-01	1.81e-02	2.13e-03	2.21e-04	2.27e-05	7.90e-06	1.48e-07	0.00e+00
 2.77040e+22	6.56e-34	1.67e-21	2.47e-17	6.40e-14	2.78e-11	5.19e-09	4.51e-07	9.85e-06	9.28e-05	3.18e-04	7.18e-04	1.22e-03	2.12e-03	2.91e-03	4.13e-03	7.89e-03	1.67e-01	3.50e-01	3.40e-01	1.04e-01	1.68e-02	1.93e-03	1.96e-04	1.98e-05	6.78e-06	1.23e-07	0.00e+00
 2.78263e+22	1.04e-33	2.47e-21	3.53e-17	8.86e-14	3.76e-11	6.94e-09	6.04e-07	1.32e-05	1.22e-04	4.10e-04	9.03e-04	1.49e-03	2.52e-03	3.34e-03	4.61e-03	8.56e-03	1.75e-01	3.54e-01	3.34e-01	9.86e-02	1.52e-02	1.70e-03	1.68e-04	1.66e-05	5.56e-06	0.00e+00	0.00e+00
 2.79494e+22	1.47e-33	3.33e-21	4.63e-17	1.14e-13	4.73e-11	8.65e-09	7.54e-07	1.64e-05	1.50e-04	4.96e-04	1.07e-03	1.74e-03	2.86e-03	3.71e-03	5.00e-03	9.10e-03	1.81e-01	3.57e-01	3.28e-01	9.43e-02	1.41e-02	1.54e-03	1.50e-04	1.44e-05	4.77e-06	0.00e+00	0.00e+00
 2.80734e+22	2.28e-33	4.86e-21	6.51e-17	1.55e-13	6.31e-11	1.14e-08	1.00e-06	2.18e-05	1.95e-04	6.35e-04	1.34e-03	2.11e-03	3.37e-03	4.25e-03	5.56e-03	9.84e-03	1.88e-01	3.60e-01	3.21e-01	8.89e-02	1.28e-02	1.35e-03	1.28e-04	1.21e-05	3.91e-06	0.00e+00	0.00e+00
 2.82000e+22	3.21e-33	6.51e-21	8.50e-17	1.98e-13	7.92e-11	1.42e-08	1.25e-06	2.72e-05	2.40e-04	7.68e-04	1.59e-03	2.45e-03	3.82e-03	4.71e-03	6.02e-03	1.05e-02	1.94e-01	3.62e-01	3.16e-01	8.48e-02	1.19e-02	1.22e-03	1.14e-04	1.05e-05	3.35e-06	0.00e+00	0.00e+00
 2.83107e+22	4.43e-33	8.56e-21	1.09e-16	2.48e-13	9.78e-11	1.75e-08	1.54e-06	3.35e-05	2.91e-04	9.20e-04	1.86e-03	2.82e-03	4.31e-03	5.20e-03	6.50e-03	1.11e-02	2.00e-01	3.64e-01	3.10e-01	8.10e-02	1.10e-02	1.11e-03	1.01e-04	9.19e-06	2.88e-06	0.00e+00	0.00e+00
 2.84350e+22	6.66e-33	1.21e-20	1.50e-16	3.32e-13	1.28e-10	2.27e-08	2.00e-06	4.38e-05	3.74e-04	1.16e-03	2.30e-03	3.39e-03	5.02e-03	5.89e-03	7.16e-03	1.19e-02	2.08e-01	3.66e-01	3.02e-01	7.61e-02	9.95e-03	9.76e-04	8.70e-05	7.71e-06	2.37e-06	0.00e+00	0.00e+00
 2.85590e+22	9.00e-33	1.57e-20	1.89e-16	4.11e-13	1.56e-10	2.75e-08	2.44e-06	5.33e-05	4.48e-04	1.37e-03	2.67e-03	3.86e-03	5.61e-03	6.45e-03	7.68e-03	1.26e-02	2.13e-01	3.67e-01	2.96e-01	7.27e-02	9.25e-03	8.88e-04	7.78e-05	6.78e-06	2.05e-06	0.00e+00	0.00e+00
 2.86826e+22	1.32e-32	2.19e-20	2.55e-16	5.41e-13	2.01e-10	3.53e-08	3.14e-06	6.88e-05	5.68e-04	1.71e-03	3.25e-03	4.58e-03	6.47e-03	7.26e-03	8.42e-03	1.35e-02	2.21e-01	3.68e-01	2.88e-01	6.83e-02	8.38e-03	7.83e-04	6.70e-05	5.71e-06	1.70e-06	0.00e+00	0.00e+00
 2.88091e+22	1.80e-32	2.84e-20	3.23e-16	6.72e-13	2.47e-10	4.30e-08	3.84e-06	8.40e-05	6.84e-04	2.03e-03	3.79e-03	5.24e-03	7.24e-03	7.95e-03	9.03e-03	1.42e-02	2.27e-01	3.68e-01	2.81e-01	6.49e-02	7.75e-03	7.08e-04	5.95e-05	4.98e-06	1.46e-06	0.00e+00	0.00e+00
 2.89211e+22	2.41e-32	3.65e-20	4.06e-16	8.28e-13	3.00e-10	5.20e-08	4.67e-06	1.02e-04	8.20e-04	2.40e-03	4.40e-03	5.96e-03	8.07e-03	8.69e-03	9.67e-03	1.49e-02	2.32e-01	3.68e-01	2.75e-01	6.17e-02	7.16e-03	6.41e-04	5.30e-05	4.36e-06	1.26e-06	0.00e+00	0.00e+00
 2.90484e+22	3.50e-32	5.02e-20	5.42e-16	1.08e-12	3.83e-10	6.62e-08	5.99e-06	1.31e-04	1.04e-03	2.99e-03	5.34e-03	7.05e-03	9.28e-03	9.73e-03	1.06e-02	1.60e-02	2.40e-01	3.67e-01	2.66e-01	5.77e-02	6.45e-03	5.61e-04	4.53e-05	3.65e-06	1.03e-06	0.00e+00	0.00e+00
 2.91750e+22	4.61e-32	6.36e-20	6.73e-16	1.31e-12	4.61e-10	7.92e-08	7.19e-06	1.57e-04	1.22e-03	3.48e-03	6.12e-03	7.93e-03	1.02e-02	1.05e-02	1.12e-02	1.67e-02	2.45e-01	3.66e-01	2.59e-01	5.49e-02	5.98e-03	5.11e-04	4.06e-05	3.22e-06	8.98e-07	0.00e+00	0.00e+00
 2.93007e+22	6.58e-32	8.61e-20	8.85e-16	1.69e-12	5.83e-10	9.98e-08	9.12e-06	2.00e-04	1.53e-03	4.28e-03	7.34e-03	9.28e-03	1.17e-02	1.17e-02	1.22e-02	1.78e-02	2.52e-01	3.65e-01	2.50e-01	5.12e-02	5.39e-03	4.48e-04	3.48e-05	2.70e-06	7.40e-07	0.00e+00	0.00e+00
 2.94289e+22	8.69e-32	1.09e-19	1.10e-15	2.06e-12	7.04e-10	1.20e-07	1.10e-05	2.40e-04	1.81e-03	5.00e-03	8.42e-03	1.04e-02	1.29e-02	1.27e-02	1.29e-02	1.86e-02	2.57e-01	3.63e-01	2.43e-01	4.85e-02	4.98e-03	4.05e-04	3.10e-05	2.37e-06	6.40e-07	0.00e+00	0.00e+00
 2.95602e+22	1.24e-31	1.48e-19	1.45e-15	2.66e-12	8.92e-10	1.51e-07	1.40e-05	3.06e-04	2.26e-03	6.13e-03	1.01e-02	1.22e-02	1.46e-02	1.41e-02	1.40e-02	1.97e-02	2.63e-01	3.60e-01	2.34e-01	4.50e-02	4.46e-03	3.54e-04	2.64e-05	1.98e-06	5.24e-07	0.00e+00	0.00e+00
 2.96941e+22	7.47e-32	1.89e-19	1.81e-15	3.25e-12	1.08e-09	1.82e-07	1.68e-05	3.69e-04	2.68e-03	7.17e-03	1.16e-02	1.37e-02	1.61e-02	1.52e-02	1.48e-02	2.06e-02	2.68e-01	3.57e-01	2.26e-01	4.24e-02	4.09e-03	3.18e-04	2.34e-05	1.72e-06	4.49e-07	0.00e+00	0.00e+00
 2.98312e+22	1.07e-31	2.56e-19	2.38e-15	4.20e-12	1.37e-09	2.30e-07	2.14e-05	4.70e-04	3.35e-03	8.80e-03	1.39e-02	1.60e-02	1.83e-02	1.68e-02	1.60e-02	2.17e-02	2.73e-01	3.52e-01	2.16e-01	3.91e-02	3.64e-03	2.75e-04	1.98e-05	1.42e-06	3.65e-07	0.00e+00	0.00e+00
 2.99709e+22	1.42e-31	3.27e-19	2.97e-15	5.15e-12	1.66e-09	2.76e-07	2.59e-05	5.66e-04	3.98e-03	1.03e-02	1.59e-02	1.80e-02	2.01e-02	1.81e-02	1.69e-02	2.26e-02	2.77e-01	3.48e-01	2.08e-01	3.67e-02	3.33e-03	2.46e-04	1.74e-05	1.23e-06	3.11e-07	0.00e+00	0.00e+00
 3.01138e+22	2.03e-31	4.44e-19	3.93e-15	6.65e-12	2.11e-09	3.50e-07	3.30e-05	7.22e-04	4.96e-03	1.26e-02	1.90e-02	2.09e-02	2.27e-02	1.99e-02	1.81e-02	2.38e-02	2.82e-01	3.41e-01	1.98e-01	3.36e-02	2.94e-03	2.12e-04	1.46e-05	1.01e-06	2.51e-07	0.00e+00	0.00e+00
 3.02535e+22	2.63e-31	5.57e-19	4.83e-15	8.04e-12	2.52e-09	4.15e-07	3.92e-05	8.53e-04	5.77e-03	1.44e-02	2.14e-02	2.30e-02	2.46e-02	2.12e-02	1.90e-02	2.46e-02	2.84e-01	3.36e-01	1.90e-01	3.16e-02	2.70e-03	1.91e-04	1.30e-05	8.86e-07	2.17e-07	0.00e+00	0.00e+00
 3.03890e+22	3.65e-31	7.36e-19	6.22e-15	1.01e-11	3.13e-09	5.15e-07	4.90e-05	1.07e-03	7.08e-03	1.74e-02	2.51e-02	2.64e-02	2.74e-02	2.31e-02	2.01e-02	2.57e-02	2.87e-01	3.28e-01	1.80e-01	2.89e-02	2.38e-03	1.64e-04	1.09e-05	7.31e-07	1.75e-07	0.00e+00	0.00e+00
 3.05267e+22	4.74e-31	9.23e-19	7.65e-15	1.23e-11	3.74e-09	6.12e-07	5.82e-05	1.26e-03	8.22e-03	1.99e-02	2.82e-02	2.91e-02	2.96e-02	2.45e-02	2.10e-02	2.64e-02	2.88e-01	3.22e-01	1.72e-01	2.70e-02	2.18e-03	1.47e-04	9.65e-06	6.36e-07	1.51e-07	0.00e+00	0.00e+00
 3.06670e+22	6.57e-31	1.22e-18	9.87e-15	1.55e-11	4.66e-09	7.58e-07	7.25e-05	1.57e-03	1.00e-02	2.37e-02	3.29e-02	3.30e-02	3.27e-02	2.64e-02	2.22e-02	2.74e-02	2.89e-01	3.12e-01	1.62e-01	2.45e-02	1.91e-03	1.27e-04	8.11e-06	5.24e-07	1.22e-07	0.00e+00	0.00e+00
 3.08118e+22	8.60e-31	1.54e-18	1.22e-14	1.88e-11	5.60e-09	9.05e-07	8.68e-05	1.87e-03	1.17e-02	2.73e-02	3.71e-02	3.65e-02	3.54e-02	2.80e-02	2.31e-02	2.81e-02	2.89e-01	3.04e-01	1.54e-01	2.26e-02	1.72e-03	1.11e-04	7.02e-06	4.46e-07	0.00e+00	0.00e+00	0.00e+00
 3.09622e+22	1.21e-30	2.06e-18	1.59e-14	2.40e-11	7.03e-09	1.13e-06	1.08e-04	2.32e-03	1.42e-02	3.25e-02	4.30e-02	4.12e-02	3.89e-02	3.00e-02	2.41e-02	2.89e-02	2.88e-01	2.92e-01	1.43e-01	2.04e-02	1.50e-03	9.47e-05	5.84e-06	3.63e-07	0.00e+00	0.00e+00	0.00e+00
 3.11175e+22	1.60e-30	2.63e-18	1.98e-14	2.94e-11	8.50e-09	1.36e-06	1.31e-04	2.77e-03	1.67e-02	3.75e-02	4.85e-02	4.54e-02	4.20e-02	3.17e-02	2.50e-02	2.94e-02	2.85e-01	2.82e-01	1.34e-01	1.86e-02	1.33e-03	8.21e-05	4.97e-06	3.04e-07	0.00e+00	0.00e+00	0.00e+00
 3.12792e+22	2.27e-30	3.55e-18	2.60e-14	3.78e-11	1.08e-08	1.70e-06	1.64e-04	3.45e-03	2.03e-02	4.45e-02	5.61e-02	5.10e-02	4.59e-02	3.38e-02	2.59e-02	3.00e-02	2.81e-01	2.67e-01	1.23e-01	1.64e-02	1.14e-03	6.85e-05	4.06e-06	2.43e-07	0.00e+00	0.00e+00	0.00e+00
 3.14453e+22	3.02e-30	4.55e-18	3.26e-14	4.65e-11	1.30e-08	2.05e-06	1.97e-04	4.13e-03	2.38e-02	5.12e-02	6.30e-02	5.60e-02	4.91e-02	3.54e-02	2.66e-02	3.03e-02	2.76e-01	2.55e-01	1.14e-01	1.48e-02	9.94e-04	5.86e-05	3.40e-06	2.00e-07	0.00e+00	0.00e+00	0.00e+00
 3.16171e+22	4.32e-30	6.17e-18	4.30e-14	6.00e-11	1.65e-08	2.57e-06	2.48e-04	5.13e-03	2.87e-02	6.04e-02	7.22e-02	6.23e-02	5.31e-02	3.72e-02	2.73e-02	3.05e-02	2.68e-01	2.38e-01	1.03e-01	1.29e-02	8.36e-04	4.80e-05	2.72e-06	1.57e-07	0.00e+00	0.00e+00	0.00e+00
 3.17946e+22	5.81e-30	7.96e-18	5.42e-14	7.40e-11	2.01e-08	3.10e-06	2.99e-04	6.13e-03	3.36e-02	6.91e-02	8.07e-02	6.78e-02	5.64e-02	3.86e-02	2.77e-02	3.04e-02	2.60e-01	2.24e-01	9.37e-02	1.13e-02	7.17e-04	4.02e-05	2.24e-06	1.26e-07	0.00e+00	0.00e+00	0.00e+00
 3.19794e+22	8.38e-30	1.09e-17	7.19e-14	9.59e-11	2.56e-08	3.90e-06	3.74e-04	7.59e-03	4.04e-02	8.09e-02	9.16e-02	7.47e-02	6.02e-02	4.01e-02	2.80e-02	3.01e-02	2.48e-01	2.05e-01	8.27e-02	9.64e-03	5.88e-04	3.21e-05	1.74e-06	0.00e+00	0.00e+00	0.00e+00	0.00e+00
 3.21693e+22	1.13e-29	1.40e-17	9.06e-14	1.18e-10	3.11e-08	4.70e-06	4.50e-04	9.02e-03	4.68e-02	9.18e-02	1.01e-01	8.03e-02	6.31e-02	4.10e-02	2.81e-02	2.97e-02	2.36e-01	1.89e-01	7.39e-02	8.34e-03	4.93e-04	2.63e-05	1.40e-06	0.00e+00	0.00e+00	0.00e+00	0.00e+00
 3.23401e+22	1.51e-29	1.80e-17	1.13e-13	1.45e-10	3.76e-08	5.61e-06	5.34e-04	1.06e-02	5.36e-02	1.03e-01	1.11e-01	8.56e-02	6.56e-02	4.17e-02	2.79e-02	2.90e-02	2.24e-01	1.74e-01	6.60e-02	7.22e-03	4.15e-04	2.17e-05	1.13e-06	0.00e+00	0.00e+00	0.00e+00	0.00e+00
 3.25364e+22	2.16e-29	2.43e-17	1.48e-13	1.85e-10	4.71e-08	6.96e-06	6.62e-04	1.30e-02	6.35e-02	1.18e-01	1.23e-01	9.21e-02	6.83e-02	4.21e-02	2.74e-02	2.79e-02	2.07e-01	1.54e-01	5.59e-02	5.87e-03	3.25e-04	1.64e-05	8.34e-07	0.00e+00	0.00e+00	0.00e+00	0.00e+00
 3.27338e+22	2.85e-29	3.08e-17	1.84e-13	2.25e-10	5.63e-08	8.21e-06	7.76e-04	1.50e-02	7.17e-02	1.31e-01	1.33e-01	9.65e-02	6.99e-02	4.21e-02	2.68e-02	2.68e-02	1.93e-01	1.40e-01	4.91e-02	5.00e-03	2.69e-04	1.33e-05	6.63e-07	0.00e+00	0.00e+00	0.00e+00	0.00e+00
 3.29328e+22	4.01e-29	4.08e-17	2.36e-13	2.82e-10	6.95e-08	1.00e-05	9.43e-04	1.79e-02	8.31e-02	1.47e-01	1.44e-01	1.02e-01	7.12e-02	4.16e-02	2.57e-02	2.53e-02	1.75e-01	1.21e-01	4.09e-02	3.99e-03	2.07e-04	9.95e-06	4.83e-07	0.00e+00	0.00e+00	0.00e+00	0.00e+00
 3.31361e+22	5.25e-29	5.11e-17	2.89e-13	3.38e-10	8.20e-08	1.17e-05	1.10e-03	2.06e-02	9.29e-02	1.61e-01	1.53e-01	1.05e-01	7.16e-02	4.08e-02	2.47e-02	2.39e-02	1.60e-01	1.07e-01	3.49e-02	3.30e-03	1.66e-04	7.79e-06	3.70e-07	0.00e+00	0.00e+00	0.00e+00	0.00e+00
 3.33448e+22	7.31e-29	6.73e-17	3.68e-13	4.21e-10	1.00e-07	1.41e-05	1.32e-03	2.43e-02	1.06e-01	1.78e-01	1.64e-01	1.08e-01	7.14e-02	3.95e-02	2.32e-02	2.20e-02	1.41e-01	9.02e-02	2.83e-02	2.56e-03	1.24e-04	5.64e-06	2.61e-07	0.00e+00	0.00e+00	0.00e+00	0.00e+00
 3.35568e+22	9.46e-29	8.33e-17	4.45e-13	4.98e-10	1.17e-07	1.63e-05	1.52e-03	2.76e-02	1.17e-01	1.91e-01	1.72e-01	1.10e-01	7.06e-02	3.80e-02	2.18e-02	2.03e-02	1.27e-01	7.79e-02	2.36e-02	2.06e-03	9.67e-05	4.30e-06	1.95e-07	0.00e+00	0.00e+00	0.00e+00	0.00e+00
 3.37731e+22	1.29e-28	1.08e-16	5.57e-13	6.08e-10	1.40e-07	1.93e-05	1.80e-03	3.22e-02	1.31e-01	2.08e-01	1.80e-01	1.11e-01	6.88e-02	3.59e-02	2.00e-02	1.83e-02	1.09e-01	6.38e-02	1.84e-02	1.54e-03	6.94e-05	2.99e-06	1.32e-07	0.00e+00	0.00e+00	0.00e+00	0.00e+00
 3.39903e+22	1.65e-28	1.31e-16	6.62e-13	7.09e-10	1.61e-07	2.20e-05	2.04e-03	3.59e-02	1.43e-01	2.20e-01	1.85e-01	1.11e-01	6.69e-02	3.40e-02	1.85e-02	1.67e-02	9.58e-02	5.43e-02	1.52e-02	1.22e-03	5.34e-05	2.25e-06	0.00e+00	0.00e+00	0.00e+00	0.00e+00	0.00e+00
 3.41706e+22	2.02e-28	1.55e-16	7.66e-13	8.06e-10	1.81e-07	2.46e-05	2.27e-03	3.95e-02	1.53e-01	2.31e-01	1.89e-01	1.10e-01	6.49e-02	3.22e-02	1.72e-02	1.53e-02	8.51e-02	4.66e-02	1.26e-02	9.86e-04	4.19e-05	1.72e-06	0.00e+00	0.00e+00	0.00e+00	0.00e+00	0.00e+00
 3.43668e+22	2.59e-28	1.90e-16	9.10e-13	9.38e-10	2.09e-07	2.81e-05	2.59e-03	4.45e-02	1.66e-01	2.44e-01	1.93e-01	1.09e-01	6.18e-02	2.98e-02	1.55e-02	1.35e-02	7.23e-02	3.79e-02	9.83e-03	7.36e-04	3.01e-05	1.20e-06	0.00e+00	0.00e+00	0.00e+00	0.00e+00	0.00e+00
 3.45623e+22	3.13e-28	2.22e-16	1.04e-12	1.06e-09	2.33e-07	3.10e-05	2.86e-03	4.84e-02	1.76e-01	2.53e-01	1.95e-01	1.07e-01	5.93e-02	2.80e-02	1.42e-02	1.23e-02	6.36e-02	3.23e-02	8.12e-03	5.89e-04	2.35e-05	9.17e-07	0.00e+00	0.00e+00	0.00e+00	0.00e+00	0.00e+00
 3.47567e+22	3.92e-28	2.66e-16	1.22e-12	1.21e-09	2.64e-07	3.50e-05	3.22e-03	5.38e-02	1.89e-01	2.63e-01	1.96e-01	1.04e-01	5.57e-02	2.55e-02	1.27e-02	1.08e-02	5.34e-02	2.59e-02	6.25e-03	4.34e-04	1.67e-05	6.32e-07	0.00e+00	0.00e+00	0.00e+00	0.00e+00	0.00e+00
 3.49537e+22	4.70e-28	3.08e-16	1.38e-12	1.35e-09	2.93e-07	3.85e-05	3.54e-03	5.82e-02	1.99e-01	2.71e-01	1.96e-01	1.01e-01	5.29e-02	2.36e-02	1.15e-02	9.66e-03	4.64e-02	2.18e-02	5.08e-03	3.41e-04	1.27e-05	4.72e-07	0.00e+00	0.00e+00	0.00e+00	0.00e+00	0.00e+00
 3.51539e+22	5.81e-28	3.66e-16	1.59e-12	1.54e-09	3.30e-07	4.32e-05	3.97e-03	6.43e-02	2.12e-01	2.80e-01	1.95e-01	9.70e-02	4.90e-02	2.12e-02	1.01e-02	8.34e-03	3.83e-02	1.71e-02	3.82e-03	2.45e-04	8.82e-06	3.17e-07	0.00e+00	0.00e+00	0.00e+00	0.00e+00	0.00e+00
 3.53566e+22	6.88e-28	4.21e-16	1.79e-12	1.71e-09	3.64e-07	4.73e-05	4.34e-03	6.92e-02	2.21e-01	2.85e-01	1.94e-01	9.35e-02	4.60e-02	1.95e-02	9.03e-03	7.40e-03	3.28e-02	1.42e-02	3.06e-03	1.90e-04	6.62e-06	2.32e-07	0.00e+00	0.00e+00	0.00e+00	0.00e+00	0.00e+00
 3.55626e+22	8.42e-28	4.97e-16	2.06e-12	1.93e-09	4.10e-07	5.30e-05	4.86e-03	7.61e-02	2.34e-01	2.92e-01	1.91e-01	8.86e-02	4.20e-02	1.72e-02	7.78e-03	6.31e-03	2.67e-02	1.10e-02	2.26e-03	1.34e-04	4.49e-06	1.53e-07	0.00e+00	0.00e+00	0.00e+00	0.00e+00	0.00e+00
 3.57725e+22	9.86e-28	5.67e-16	2.30e-12	2.13e-09	4.51e-07	5.80e-05	5.31e-03	8.18e-02	2.44e-01	2.96e-01	1.88e-01	8.45e-02	3.90e-02	1.56e-02	6.88e-03	5.52e-03	2.25e-02	8.90e-03	1.77e-03	1.01e-04	3.28e-06	0.00e+00	0.00e+00	0.00e+00	0.00e+00	0.00e+00	0.00e+00
 3.59875e+22	1.19e-27	6.65e-16	2.63e-12	2.41e-09	5.08e-07	6.50e-05	5.94e-03	8.97e-02	2.56e-01	3.01e-01	1.83e-01	7.91e-02	3.51e-02	1.36e-02	5.83e-03	4.63e-03	1.79e-02	6.72e-03	1.27e-03	6.90e-05	2.16e-06	0.00e+00	0.00e+00	0.00e+00	0.00e+00	0.00e+00	0.00e+00
 3.62068e+22	1.39e-27	7.56e-16	2.92e-12	2.65e-09	5.60e-07	7.12e-05	6.49e-03	9.64e-02	2.65e-01	3.04e-01	1.79e-01	7.46e-02	3.21e-02	1.21e-02	5.08e-03	4.00e-03	1.49e-02	5.35e-03	9.74e-04	5.08e-05	1.54e-06	0.00e+00	0.00e+00	0.00e+00	0.00e+00	0.00e+00	0.00e+00
 3.64316e+22	1.66e-27	8.83e-16	3.33e-12	2.99e-09	6.34e-07	8.01e-05	7.28e-03	1.06e-01	2.77e-01	3.06e-01	1.73e-01	6.88e-02	2.84e-02	1.03e-02	4.22e-03	3.29e-03	1.16e-02	3.95e-03	6.82e-04	3.37e-05	9.77e-07	0.00e+00	0.00e+00	0.00e+00	0.00e+00	0.00e+00	0.00e+00
 3.66584e+22	1.90e-27	9.98e-16	3.69e-12	3.30e-09	7.00e-07	8.80e-05	7.95e-03	1.13e-01	2.86e-01	3.07e-01	1.67e-01	6.44e-02	2.58e-02	9.10e-03	3.64e-03	2.82e-03	9.50e-03	3.10e-03	5.15e-04	2.44e-05	6.84e-07	0.00e+00	0.00e+00	0.00e+00	0.00e+00	0.00e+00	0.00e+00
 3.68490e+22	2.14e-27	1.11e-15	4.04e-12	3.60e-09	7.67e-07	9.58e-05	8.61e-03	1.20e-01	2.94e-01	3.07e-01	1.62e-01	6.04e-02	2.35e-02	8.08e-03	3.17e-03	2.44e-03	7.90e-03	2.48e-03	3.97e-04	1.81e-05	4.92e-07	0.00e+00	0.00e+00	0.00e+00	0.00e+00	0.00e+00	0.00e+00
 3.70557e+22	2.47e-27	1.27e-15	4.52e-12	4.02e-09	8.63e-07	1.07e-04	9.53e-03	1.30e-01	3.03e-01	3.06e-01	1.55e-01	5.54e-02	2.08e-02	6.91e-03	2.64e-03	2.03e-03	6.22e-03	1.85e-03	2.83e-04	1.23e-05	3.21e-07	0.00e+00	0.00e+00	0.00e+00	0.00e+00	0.00e+00	0.00e+00
 3.72641e+22	2.77e-27	1.41e-15	4.96e-12	4.41e-09	9.50e-07	1.17e-04	1.03e-02	1.38e-01	3.10e-01	3.05e-01	1.49e-01	5.16e-02	1.88e-02	6.09e-03	2.28e-03	1.74e-03	5.13e-03	1.47e-03	2.15e-04	8.99e-06	2.28e-07	0.00e+00	0.00e+00	0.00e+00	0.00e+00	0.00e+00	0.00e+00
 3.74679e+22	3.14e-27	1.60e-15	5.52e-12	4.92e-09	1.07e-06	1.30e-04	1.14e-02	1.48e-01	3.18e-01	3.02e-01	1.42e-01	4.72e-02	1.65e-02	5.20e-03	1.90e-03	1.45e-03	4.05e-03	1.10e-03	1.55e-04	6.15e-06	1.51e-07	0.00e+00	0.00e+00	0.00e+00	0.00e+00	0.00e+00	0.00e+00
 3.76759e+22	3.49e-27	1.79e-15	6.08e-12	5.43e-09	1.19e-06	1.43e-04	1.23e-02	1.58e-01	3.24e-01	2.99e-01	1.36e-01	4.35e-02	1.48e-02	4.52e-03	1.62e-03	1.23e-03	3.29e-03	8.58e-04	1.16e-04	4.41e-06	0.00e+00	0.00e+00	0.00e+00	0.00e+00	0.00e+00	0.00e+00	0.00e+00
 3.78796e+22	3.88e-27	2.01e-15	6.75e-12	6.06e-09	1.34e-06	1.60e-04	1.35e-02	1.68e-01	3.31e-01	2.95e-01	1.29e-01	3.97e-02	1.30e-02	3.86e-03	1.35e-03	1.02e-03	2.60e-03	6.47e-04	8.34e-05	3.04e-06	0.00e+00	0.00e+00	0.00e+00	0.00e+00	0.00e+00	0.00e+00	0.00e+00
 3.80877e+22	4.29e-27	2.25e-15	7.48e-12	6.75e-09	1.51e-06	1.77e-04	1.47e-02	1.79e-01	3.37e-01	2.91e-01	1.23e-01	3.63e-02	1.15e-02	3.32e-03	1.14e-03	8.57e-04	2.09e-03	4.96e-04	6.12e-05	2.14e-06	0.00e+00	0.00e+00	0.00e+00	0.00e+00	0.00e+00	0.00e+00	0.00e+00
 3.82932e+22	4.74e-27	2.53e-15	8.32e-12	7.58e-09	1.71e-06	1.97e-04	1.61e-02	1.90e-01	3.42e-01	2.86e-01	1.16e-01	3.30e-02	1.01e-02	2.83e-03	9.51e-04	7.13e-04	1.65e-03	3.75e-04	4.44e-05	1.48e-06	0.00e+00	0.00e+00	0.00e+00	0.00e+00	0.00e+00	0.00e+00	0.00e+00
 3.85000e+22	5.23e-27	2.84e-15	9.25e-12	8.50e-09	1.93e-06	2.20e-04	1.75e-02	2.02e-01	3.46e-01	2.81e-01	1.10e-01	3.00e-02	8.88e-03	2.42e-03	7.96e-04	5.95e-04	1.32e-03	2.85e-04	3.23e-05	1.03e-06	0.00e+00	0.00e+00	0.00e+00	0.00e+00	0.00e+00	0.00e+00	0.00e+00
 3.87042e+22	5.76e-27	3.19e-15	1.03e-11	9.58e-09	2.19e-06	2.45e-04	1.91e-02	2.14e-01	3.50e-01	2.75e-01	1.03e-01	2.72e-02	7.79e-03	2.06e-03	6.65e-04	4.95e-04	1.05e-03	2.16e-04	2.35e-05	7.17e-07	0.00e+00	0.00e+00	0.00e+00	0.00e+00	0.00e+00	0.00e+00	0.00e+00
 3.89081e+22	6.36e-27	3.58e-15	1.15e-11	1.08e-08	2.49e-06	2.72e-04	2.07e-02	2.26e-01	3.52e-01	2.68e-01	9.71e-02	2.46e-02	6.83e-03	1.76e-03	5.55e-04	4.12e-04	8.30e-04	1.64e-04	1.71e-05	4.99e-07	0.00e+00	0.00e+00	0.00e+00	0.00e+00	0.00e+00	0.00e+00	0.00e+00
