#depth	N	N+	N+2	N+3	N+4	N+5	N+6	N+7
 4.62852e+21	0.00e+00	7.56e-24	1.68e-18	4.08e-14	3.38e-10	4.67e-06	4.10e-03	9.96e-01
 1.05691e+22	1.05e-29	6.37e-23	1.00e-17	1.74e-13	1.03e-09	9.87e-06	5.93e-03	9.94e-01
 1.27517e+22	5.63e-29	2.66e-22	3.28e-17	4.53e-13	2.13e-09	1.63e-05	7.63e-03	9.92e-01
 1.43188e+22	2.26e-28	8.61e-22	8.62e-17	9.76e-13	3.75e-09	2.44e-05	9.43e-03	9.91e-01
 1.51894e+22	3.24e-28	1.17e-21	1.10e-16	1.19e-12	4.32e-09	2.70e-05	9.96e-03	9.90e-01
 1.54654e+22	4.10e-28	1.42e-21	1.29e-16	1.34e-12	4.72e-09	2.89e-05	1.03e-02	9.90e-01
 1.56657e+22	4.93e-28	1.65e-21	1.47e-16	1.48e-12	5.08e-09	3.04e-05	1.06e-02	9.89e-01
 1.58923e+22	6.41e-28	2.06e-21	1.76e-16	1.70e-12	5.61e-09	3.28e-05	1.11e-02	9.89e-01
 1.61221e+22	7.98e-28	2.48e-21	2.04e-16	1.91e-12	6.10e-09	3.49e-05	1.14e-02	9.89e-01
 1.63238e+22	9.91e-28	2.97e-21	2.36e-16	2.14e-12	6.60e-09	3.71e-05	1.18e-02	9.88e-01
 1.65539e+22	1.30e-27	3.72e-21	2.83e-16	2.47e-12	7.30e-09	4.00e-05	1.23e-02	9.88e-01
 1.67870e+22	1.64e-27	4.51e-21	3.31e-16	2.79e-12	7.95e-09	4.27e-05	1.28e-02	9.87e-01
 1.69903e+22	2.05e-27	5.43e-21	3.84e-16	3.13e-12	8.61e-09	4.54e-05	1.32e-02	9.87e-01
 1.71858e+22	2.52e-27	6.46e-21	4.42e-16	3.48e-12	9.29e-09	4.81e-05	1.36e-02	9.86e-01
 1.74051e+22	3.28e-27	8.04e-21	5.28e-16	3.99e-12	1.02e-08	5.17e-05	1.42e-02	9.86e-01
 1.76279e+22	4.13e-27	9.74e-21	6.15e-16	4.49e-12	1.11e-08	5.51e-05	1.47e-02	9.85e-01
 1.78197e+22	5.10e-27	1.16e-20	7.08e-16	5.00e-12	1.19e-08	5.84e-05	1.52e-02	9.85e-01
 1.80335e+22	6.66e-27	1.45e-20	8.47e-16	5.74e-12	1.31e-08	6.28e-05	1.58e-02	9.84e-01
 1.82535e+22	8.44e-27	1.76e-20	9.90e-16	6.46e-12	1.42e-08	6.70e-05	1.64e-02	9.84e-01
 1.84412e+22	1.04e-26	2.09e-20	1.14e-15	7.18e-12	1.53e-08	7.09e-05	1.69e-02	9.83e-01
 1.86448e+22	1.35e-26	2.60e-20	1.35e-15	8.20e-12	1.67e-08	7.61e-05	1.76e-02	9.82e-01
 1.88549e+22	1.69e-26	3.13e-20	1.57e-15	9.19e-12	1.81e-08	8.10e-05	1.82e-02	9.82e-01
 1.90733e+22	2.27e-26	4.00e-20	1.91e-15	1.07e-11	2.00e-08	8.77e-05	1.90e-02	9.81e-01
 1.92865e+22	2.80e-26	4.76e-20	2.20e-15	1.19e-11	2.15e-08	9.29e-05	1.96e-02	9.80e-01
 1.94930e+22	3.70e-26	6.00e-20	2.65e-15	1.37e-11	2.36e-08	1.00e-04	2.05e-02	9.79e-01
 1.97031e+22	4.68e-26	7.28e-20	3.09e-15	1.54e-11	2.56e-08	1.07e-04	2.12e-02	9.79e-01
 1.98889e+22	5.86e-26	8.78e-20	3.59e-15	1.72e-11	2.76e-08	1.13e-04	2.19e-02	9.78e-01
 2.00731e+22	7.35e-26	1.06e-19	4.18e-15	1.93e-11	2.98e-08	1.21e-04	2.27e-02	9.77e-01
 2.02847e+22	9.84e-26	1.35e-19	5.07e-15	2.24e-11	3.30e-08	1.30e-04	2.37e-02	9.76e-01
 2.04983e+22	1.24e-25	1.64e-19	5.92e-15	2.52e-11	3.57e-08	1.39e-04	2.45e-02	9.75e-01
 2.07145e+22	1.69e-25	2.12e-19	7.28e-15	2.95e-11	3.96e-08	1.51e-04	2.57e-02	9.74e-01
 2.09323e+22	2.16e-25	2.59e-19	8.56e-15	3.34e-11	4.31e-08	1.61e-04	2.66e-02	9.73e-01
 2.11197e+22	2.77e-25	3.18e-19	1.01e-14	3.78e-11	4.68e-08	1.72e-04	2.75e-02	9.72e-01
 2.12963e+22	3.47e-25	3.84e-19	1.17e-14	4.23e-11	5.05e-08	1.83e-04	2.84e-02	9.71e-01
 2.14913e+22	4.60e-25	4.85e-19	1.42e-14	4.89e-11	5.56e-08	1.97e-04	2.96e-02	9.70e-01
 2.16918e+22	5.95e-25	6.01e-19	1.68e-14	5.57e-11	6.07e-08	2.11e-04	3.07e-02	9.69e-01
 2.18538e+22	7.27e-25	7.10e-19	1.92e-14	6.17e-11	6.49e-08	2.23e-04	3.16e-02	9.68e-01
 2.20185e+22	9.36e-25	8.76e-19	2.28e-14	7.01e-11	7.08e-08	2.38e-04	3.27e-02	9.67e-01
 2.21773e+22	1.14e-24	1.03e-18	2.59e-14	7.73e-11	7.55e-08	2.50e-04	3.36e-02	9.66e-01
 2.23070e+22	1.37e-24	1.20e-18	2.94e-14	8.50e-11	8.04e-08	2.63e-04	3.45e-02	9.65e-01
 2.24540e+22	1.73e-24	1.46e-18	3.44e-14	9.59e-11	8.72e-08	2.79e-04	3.56e-02	9.64e-01
 2.25972e+22	2.08e-24	1.70e-18	3.89e-14	1.05e-10	9.28e-08	2.93e-04	3.65e-02	9.63e-01
 2.27162e+22	2.49e-24	1.98e-18	4.40e-14	1.16e-10	9.87e-08	3.07e-04	3.74e-02	9.62e-01
 2.28514e+22	3.11e-24	2.38e-18	5.11e-14	1.30e-10	1.07e-07	3.25e-04	3.86e-02	9.61e-01
 2.29841e+22	3.72e-24	2.77e-18	5.76e-14	1.42e-10	1.13e-07	3.41e-04	3.95e-02	9.60e-01
 2.30945e+22	4.45e-24	3.21e-18	6.50e-14	1.55e-10	1.20e-07	3.56e-04	4.04e-02	9.59e-01
 2.32022e+22	5.27e-24	3.70e-18	7.29e-14	1.70e-10	1.27e-07	3.72e-04	4.13e-02	9.58e-01
 2.33256e+22	6.56e-24	4.45e-18	8.45e-14	1.90e-10	1.37e-07	3.93e-04	4.25e-02	9.57e-01
 2.34518e+22	7.89e-24	5.19e-18	9.58e-14	2.09e-10	1.46e-07	4.12e-04	4.36e-02	9.56e-01
 2.35642e+22	9.44e-24	6.03e-18	1.08e-13	2.29e-10	1.56e-07	4.31e-04	4.46e-02	9.55e-01
 2.36707e+22	1.13e-23	7.03e-18	1.23e-13	2.52e-10	1.66e-07	4.51e-04	4.56e-02	9.54e-01
 2.37691e+22	1.34e-23	8.10e-18	1.37e-13	2.75e-10	1.76e-07	4.70e-04	4.66e-02	9.53e-01
 2.38786e+22	1.66e-23	9.66e-18	1.59e-13	3.07e-10	1.89e-07	4.95e-04	4.78e-02	9.52e-01
 2.39911e+22	2.03e-23	1.14e-17	1.82e-13	3.40e-10	2.02e-07	5.20e-04	4.90e-02	9.50e-01
 2.40876e+22	2.39e-23	1.32e-17	2.04e-13	3.71e-10	2.15e-07	5.42e-04	5.00e-02	9.49e-01
 2.41930e+22	2.96e-23	1.57e-17	2.36e-13	4.15e-10	2.31e-07	5.71e-04	5.14e-02	9.48e-01
 2.43039e+22	3.67e-23	1.89e-17	2.73e-13	4.64e-10	2.49e-07	6.01e-04	5.27e-02	9.47e-01
 2.44019e+22	4.36e-23	2.18e-17	3.08e-13	5.08e-10	2.64e-07	6.26e-04	5.38e-02	9.46e-01
 2.45094e+22	5.55e-23	2.68e-17	3.63e-13	5.77e-10	2.88e-07	6.64e-04	5.54e-02	9.44e-01
 2.46203e+22	6.86e-23	3.20e-17	4.20e-13	6.44e-10	3.10e-07	6.98e-04	5.67e-02	9.43e-01
 2.47159e+22	8.23e-23	3.73e-17	4.76e-13	7.09e-10	3.30e-07	7.29e-04	5.80e-02	9.41e-01
 2.48206e+22	1.08e-22	4.71e-17	5.76e-13	8.19e-10	3.63e-07	7.76e-04	5.98e-02	9.39e-01
 2.49240e+22	1.30e-22	5.50e-17	6.54e-13	9.03e-10	3.87e-07	8.11e-04	6.11e-02	9.38e-01
 2.50256e+22	1.71e-22	6.91e-17	7.89e-13	1.04e-09	4.26e-07	8.62e-04	6.29e-02	9.36e-01
 2.51255e+22	2.05e-22	8.07e-17	8.95e-13	1.15e-09	4.54e-07	9.00e-04	6.42e-02	9.35e-01
 2.52230e+22	2.71e-22	1.02e-16	1.09e-12	1.33e-09	5.00e-07	9.58e-04	6.62e-02	9.33e-01
 2.53201e+22	3.27e-22	1.20e-16	1.24e-12	1.47e-09	5.36e-07	1.00e-03	6.76e-02	9.31e-01
 2.54168e+22	4.35e-22	1.53e-16	1.51e-12	1.71e-09	5.91e-07	1.07e-03	6.97e-02	9.29e-01
 2.55143e+22	5.34e-22	1.82e-16	1.74e-12	1.90e-09	6.36e-07	1.12e-03	7.13e-02	9.28e-01
 2.56128e+22	7.21e-22	2.35e-16	2.15e-12	2.23e-09	7.07e-07	1.19e-03	7.36e-02	9.25e-01
 2.57121e+22	8.94e-22	2.82e-16	2.50e-12	2.50e-09	7.63e-07	1.25e-03	7.54e-02	9.23e-01
 2.58126e+22	1.21e-21	3.64e-16	3.08e-12	2.94e-09	8.49e-07	1.34e-03	7.78e-02	9.21e-01
 2.59122e+22	1.51e-21	4.42e-16	3.61e-12	3.32e-09	9.21e-07	1.41e-03	7.97e-02	9.19e-01
 2.60108e+22	2.05e-21	5.71e-16	4.46e-12	3.90e-09	1.03e-06	1.51e-03	8.23e-02	9.16e-01
 2.61111e+22	2.61e-21	7.03e-16	5.29e-12	4.44e-09	1.12e-06	1.59e-03	8.44e-02	9.14e-01
 2.62139e+22	3.61e-21	9.25e-16	6.64e-12	5.27e-09	1.25e-06	1.71e-03	8.73e-02	9.11e-01
 2.63173e+22	4.63e-21	1.14e-15	7.91e-12	6.02e-09	1.37e-06	1.81e-03	8.96e-02	9.09e-01
 2.64215e+22	6.44e-21	1.52e-15	9.98e-12	7.19e-09	1.54e-06	1.94e-03	9.27e-02	9.05e-01
 2.65265e+22	8.29e-21	1.88e-15	1.19e-11	8.24e-09	1.69e-06	2.05e-03	9.51e-02	9.03e-01
 2.66175e+22	1.06e-20	2.33e-15	1.42e-11	9.42e-09	1.85e-06	2.17e-03	9.76e-02	9.00e-01
 2.67210e+22	1.48e-20	3.10e-15	1.80e-11	1.13e-08	2.08e-06	2.34e-03	1.01e-01	8.97e-01
 2.68234e+22	1.87e-20	3.77e-15	2.11e-11	1.28e-08	2.26e-06	2.46e-03	1.04e-01	8.94e-01
 2.69244e+22	2.56e-20	4.94e-15	2.64e-11	1.51e-08	2.54e-06	2.64e-03	1.07e-01	8.90e-01
 2.70274e+22	3.24e-20	6.05e-15	3.13e-11	1.72e-08	2.77e-06	2.78e-03	1.10e-01	8.88e-01
 2.71331e+22	4.45e-20	7.93e-15	3.91e-11	2.04e-08	3.11e-06	2.99e-03	1.13e-01	8.84e-01
 2.72414e+22	5.69e-20	9.78e-15	4.65e-11	2.33e-08	3.40e-06	3.16e-03	1.16e-01	8.81e-01
 2.73530e+22	7.85e-20	1.29e-14	5.85e-11	2.78e-08	3.83e-06	3.40e-03	1.20e-01	8.76e-01
 2.74671e+22	1.00e-19	1.59e-14	6.97e-11	3.18e-08	4.19e-06	3.60e-03	1.23e-01	8.73e-01
 2.75845e+22	1.38e-19	2.10e-14	8.75e-11	3.78e-08	4.72e-06	3.88e-03	1.28e-01	8.68e-01
 2.77040e+22	1.77e-19	2.59e-14	1.04e-10	4.33e-08	5.18e-06	4.11e-03	1.31e-01	8.65e-01
 2.78263e+22	2.44e-19	3.41e-14	1.31e-10	5.16e-08	5.84e-06	4.42e-03	1.36e-01	8.60e-01
 2.79494e+22	3.10e-19	4.19e-14	1.55e-10	5.89e-08	6.40e-06	4.68e-03	1.39e-01	8.56e-01
 2.80734e+22	4.23e-19	5.47e-14	1.94e-10	6.99e-08	7.19e-06	5.03e-03	1.44e-01	8.51e-01
 2.82000e+22	5.35e-19	6.69e-14	2.30e-10	7.96e-08	7.87e-06	5.32e-03	1.48e-01	8.47e-01
 2.83107e+22	6.70e-19	8.12e-14	2.70e-10	9.02e-08	8.58e-06	5.62e-03	1.51e-01	8.43e-01
 2.84350e+22	8.99e-19	1.05e-13	3.33e-10	1.06e-07	9.60e-06	6.03e-03	1.56e-01	8.38e-01
 2.85590e+22	1.11e-18	1.25e-13	3.86e-10	1.19e-07	1.04e-05	6.34e-03	1.60e-01	8.34e-01
 2.86826e+22	1.46e-18	1.59e-13	4.71e-10	1.39e-07	1.16e-05	6.78e-03	1.64e-01	8.29e-01
 2.88091e+22	1.81e-18	1.91e-13	5.50e-10	1.57e-07	1.26e-05	7.14e-03	1.68e-01	8.25e-01
 2.89211e+22	2.23e-18	2.28e-13	6.39e-10	1.76e-07	1.37e-05	7.51e-03	1.72e-01	8.20e-01
 2.90484e+22	2.94e-18	2.89e-13	7.79e-10	2.06e-07	1.52e-05	8.04e-03	1.77e-01	8.15e-01
 2.91750e+22	3.55e-18	3.41e-13	8.93e-10	2.29e-07	1.64e-05	8.42e-03	1.81e-01	8.11e-01
 2.93007e+22	4.61e-18	4.27e-13	1.08e-09	2.66e-07	1.82e-05	8.98e-03	1.86e-01	8.05e-01
 2.94289e+22	5.59e-18	5.04e-13	1.24e-09	2.96e-07	1.96e-05	9.42e-03	1.90e-01	8.00e-01
 2.95602e+22	7.26e-18	6.31e-13	1.50e-09	3.43e-07	2.18e-05	1.01e-02	1.96e-01	7.94e-01
 2.96941e+22	8.83e-18	7.47e-13	1.72e-09	3.84e-07	2.36e-05	1.06e-02	2.00e-01	7.90e-01
 2.98312e+22	1.15e-17	9.37e-13	2.08e-09	4.46e-07	2.62e-05	1.13e-02	2.06e-01	7.83e-01
 2.99709e+22	1.40e-17	1.11e-12	2.40e-09	4.99e-07	2.84e-05	1.18e-02	2.10e-01	7.78e-01
 3.01138e+22	1.82e-17	1.39e-12	2.91e-09	5.79e-07	3.15e-05	1.27e-02	2.16e-01	7.71e-01
 3.02535e+22	2.16e-17	1.62e-12	3.29e-09	6.39e-07	3.38e-05	1.32e-02	2.20e-01	7.67e-01
 3.03890e+22	2.77e-17	2.00e-12	3.95e-09	7.38e-07	3.74e-05	1.41e-02	2.26e-01	7.60e-01
 3.05267e+22	3.30e-17	2.33e-12	4.47e-09	8.15e-07	4.02e-05	1.47e-02	2.30e-01	7.55e-01
 3.06670e+22	4.19e-17	2.86e-12	5.32e-09	9.35e-07	4.43e-05	1.56e-02	2.36e-01	7.48e-01
 3.08118e+22	5.08e-17	3.38e-12	6.12e-09	1.04e-06	4.79e-05	1.64e-02	2.41e-01	7.42e-01
 3.09622e+22	6.45e-17	4.15e-12	7.28e-09	1.20e-06	5.29e-05	1.75e-02	2.47e-01	7.35e-01
 3.11175e+22	7.90e-17	4.94e-12	8.44e-09	1.35e-06	5.74e-05	1.84e-02	2.53e-01	7.29e-01
 3.12792e+22	1.01e-16	6.12e-12	1.01e-08	1.55e-06	6.36e-05	1.96e-02	2.59e-01	7.21e-01
 3.14453e+22	1.25e-16	7.32e-12	1.17e-08	1.75e-06	6.93e-05	2.07e-02	2.65e-01	7.14e-01
 3.16171e+22	1.60e-16	9.12e-12	1.41e-08	2.03e-06	7.70e-05	2.20e-02	2.72e-01	7.06e-01
 3.17946e+22	1.99e-16	1.10e-11	1.65e-08	2.30e-06	8.42e-05	2.33e-02	2.78e-01	6.98e-01
 3.19794e+22	2.59e-16	1.38e-11	2.00e-08	2.68e-06	9.40e-05	2.49e-02	2.86e-01	6.89e-01
 3.21693e+22	3.24e-16	1.68e-11	2.36e-08	3.05e-06	1.03e-04	2.64e-02	2.92e-01	6.81e-01
 3.23401e+22	4.00e-16	2.01e-11	2.74e-08	3.44e-06	1.12e-04	2.78e-02	2.99e-01	6.74e-01
 3.25364e+22	5.33e-16	2.58e-11	3.39e-08	4.07e-06	1.27e-04	2.99e-02	3.07e-01	6.63e-01
 3.27338e+22	6.56e-16	3.08e-11	3.94e-08	4.59e-06	1.38e-04	3.16e-02	3.13e-01	6.55e-01
 3.29328e+22	8.70e-16	3.93e-11	4.83e-08	5.40e-06	1.55e-04	3.39e-02	3.22e-01	6.44e-01
 3.31361e+22	1.09e-15	4.78e-11	5.69e-08	6.16e-06	1.70e-04	3.59e-02	3.29e-01	6.35e-01
 3.33448e+22	1.46e-15	6.13e-11	7.02e-08	7.29e-06	1.92e-04	3.86e-02	3.38e-01	6.23e-01
 3.35568e+22	1.84e-15	7.50e-11	8.33e-08	8.35e-06	2.12e-04	4.09e-02	3.45e-01	6.14e-01
 3.37731e+22	2.49e-15	9.77e-11	1.04e-07	9.97e-06	2.40e-04	4.42e-02	3.55e-01	6.01e-01
 3.39903e+22	3.14e-15	1.19e-10	1.23e-07	1.14e-05	2.65e-04	4.68e-02	3.62e-01	5.91e-01
 3.41706e+22	3.88e-15	1.43e-10	1.44e-07	1.29e-05	2.89e-04	4.93e-02	3.69e-01	5.82e-01
 3.43668e+22	5.13e-15	1.82e-10	1.76e-07	1.52e-05	3.25e-04	5.29e-02	3.77e-01	5.69e-01
 3.45623e+22	6.29e-15	2.18e-10	2.05e-07	1.71e-05	3.54e-04	5.56e-02	3.84e-01	5.60e-01
 3.47567e+22	8.30e-15	2.77e-10	2.51e-07	2.02e-05	3.98e-04	5.96e-02	3.93e-01	5.47e-01
 3.49537e+22	1.03e-14	3.33e-10	2.94e-07	2.29e-05	4.35e-04	6.28e-02	3.99e-01	5.37e-01
 3.51539e+22	1.37e-14	4.27e-10	3.63e-07	2.72e-05	4.92e-04	6.75e-02	4.08e-01	5.24e-01
 3.53566e+22	1.70e-14	5.16e-10	4.26e-07	3.09e-05	5.39e-04	7.12e-02	4.15e-01	5.13e-01
 3.55626e+22	2.27e-14	6.64e-10	5.28e-07	3.68e-05	6.11e-04	7.66e-02	4.24e-01	4.98e-01
 3.57725e+22	2.85e-14	8.11e-10	6.27e-07	4.23e-05	6.74e-04	8.11e-02	4.31e-01	4.87e-01
 3.59875e+22	3.85e-14	1.05e-09	7.85e-07	5.08e-05	7.69e-04	8.74e-02	4.41e-01	4.71e-01
 3.62068e+22	4.89e-14	1.30e-09	9.39e-07	5.88e-05	8.54e-04	9.28e-02	4.48e-01	4.59e-01
 3.64316e+22	6.66e-14	1.70e-09	1.19e-06	7.13e-05	9.80e-04	1.00e-01	4.57e-01	4.42e-01
 3.66584e+22	8.44e-14	2.09e-09	1.42e-06	8.28e-05	1.09e-03	1.07e-01	4.63e-01	4.29e-01
 3.68490e+22	1.05e-13	2.53e-09	1.67e-06	9.49e-05	1.20e-03	1.13e-01	4.69e-01	4.17e-01
 3.70557e+22	1.37e-13	3.22e-09	2.06e-06	1.13e-04	1.37e-03	1.21e-01	4.77e-01	4.01e-01
 3.72641e+22	1.70e-13	3.88e-09	2.43e-06	1.30e-04	1.51e-03	1.28e-01	4.82e-01	3.89e-01
 3.74679e+22	2.18e-13	4.85e-09	2.96e-06	1.53e-04	1.70e-03	1.36e-01	4.88e-01	3.74e-01
 3.76759e+22	2.70e-13	5.86e-09	3.50e-06	1.77e-04	1.89e-03	1.44e-01	4.93e-01	3.61e-01
 3.78796e+22	3.40e-13	7.20e-09	4.21e-06	2.07e-04	2.12e-03	1.53e-01	4.98e-01	3.46e-01
 3.80877e+22	4.19e-13	8.70e-09	4.98e-06	2.39e-04	2.36e-03	1.62e-01	5.02e-01	3.33e-01
 3.82932e+22	5.18e-13	1.05e-08	5.92e-06	2.78e-04	2.63e-03	1.72e-01	5.06e-01	3.19e-01
 3.85000e+22	6.34e-13	1.27e-08	6.99e-06	3.22e-04	2.93e-03	1.82e-01	5.09e-01	3.06e-01
 3.87042e+22	7.70e-13	1.51e-08	8.22e-06	3.71e-04	3.26e-03	1.92e-01	5.12e-01	2.93e-01
 3.89081e+22	9.28e-13	1.79e-08	9.62e-06	4.27e-04	3.62e-03	2.02e-01	5.14e-01	2.80e-01
 3.91123e+22	1.11e-12	2.12e-08	1.12e-05	4.90e-04	4.01e-03	2.13e-01	5.15e-01	2.67e-01
 3.93172e+22	1.33e-12	2.49e-08	1.31e-05	5.62e-04	4.44e-03	2.24e-01	5.16e-01	2.55e-01
 3.95232e+22	1.57e-12	2.92e-08	1.51e-05	6.43e-04	4.91e-03	2.36e-01	5.16e-01	2.43e-01
 3.97310e+22	1.85e-12	3.41e-08	1.75e-05	7.34e-04	5.43e-03	2.48e-01	5.15e-01	2.31e-01
 3.99412e+22	2.17e-12	3.97e-08	2.02e-05	8.38e-04	5.99e-03	2.60e-01	5.14e-01	2.19e-01
 4.01524e+22	2.53e-12	4.59e-08	2.33e-05	9.52e-04	6.61e-03	2.72e-01	5.12e-01	2.08e-01
 4.03671e+22	2.95e-12	5.31e-08	2.68e-05	1.08e-03	7.29e-03	2.85e-01	5.10e-01	1.97e-01
 4.05841e+22	3.48e-12	6.10e-08	3.06e-05	1.23e-03	8.02e-03	2.98e-01	5.07e-01	1.86e-01
 4.08053e+22	4.04e-12	7.02e-08	3.51e-05	1.40e-03	8.85e-03	3.11e-01	5.03e-01	1.76e-01
 4.10305e+22	4.65e-12	8.04e-08	4.01e-05	1.58e-03	9.73e-03	3.25e-01	4.99e-01	1.65e-01
 4.12370e+22	5.21e-12	8.98e-08	4.47e-05	1.75e-03	1.05e-02	3.36e-01	4.94e-01	1.57e-01
 4.14527e+22	5.99e-12	1.03e-07	5.12e-05	1.99e-03	1.16e-02	3.51e-01	4.88e-01	1.47e-01
 4.16714e+22	6.70e-12	1.15e-07	5.70e-05	2.20e-03	1.26e-02	3.62e-01	4.83e-01	1.40e-01
 4.18962e+22	7.70e-12	1.31e-07	6.52e-05	2.50e-03	1.39e-02	3.77e-01	4.76e-01	1.30e-01
 4.21213e+22	8.55e-12	1.46e-07	7.23e-05	2.75e-03	1.49e-02	3.89e-01	4.70e-01	1.23e-01
 4.23470e+22	9.73e-12	1.66e-07	8.23e-05	3.11e-03	1.64e-02	4.04e-01	4.62e-01	1.14e-01
 4.25737e+22	1.08e-11	1.83e-07	9.10e-05	3.41e-03	1.76e-02	4.16e-01	4.55e-01	1.08e-01
 4.28016e+22	1.22e-11	2.07e-07	1.03e-04	3.83e-03	1.93e-02	4.30e-01	4.46e-01	1.00e-01
 4.30320e+22	1.35e-11	2.29e-07	1.14e-04	4.19e-03	2.07e-02	4.42e-01	4.39e-01	9.47e-02
 4.32657e+22	1.52e-11	2.59e-07	1.29e-04	4.71e-03	2.27e-02	4.56e-01	4.29e-01	8.75e-02
 4.35026e+22	1.68e-11	2.85e-07	1.42e-04	5.15e-03	2.43e-02	4.68e-01	4.20e-01	8.23e-02
 4.37437e+22	1.90e-11	3.22e-07	1.61e-04	5.77e-03	2.65e-02	4.82e-01	4.10e-01	7.58e-02
 4.39894e+22	2.10e-11	3.56e-07	1.78e-04	6.30e-03	2.84e-02	4.93e-01	4.01e-01	7.10e-02
 4.42409e+22	2.38e-11	4.03e-07	2.02e-04	7.06e-03	3.10e-02	5.08e-01	3.89e-01	6.50e-02
 4.44984e+22	2.64e-11	4.47e-07	2.24e-04	7.72e-03	3.32e-02	5.19e-01	3.80e-01	6.06e-02
 4.47636e+22	2.99e-11	5.07e-07	2.55e-04	8.67e-03	3.63e-02	5.33e-01	3.67e-01	5.51e-02
 4.50331e+22	3.35e-11	5.65e-07	2.83e-04	9.47e-03	3.88e-02	5.43e-01	3.57e-01	5.13e-02
 4.52618e+22	3.65e-11	6.18e-07	3.11e-04	1.03e-02	4.13e-02	5.53e-01	3.48e-01	4.78e-02
 4.55128e+22	4.12e-11	6.97e-07	3.51e-04	1.14e-02	4.46e-02	5.64e-01	3.36e-01	4.37e-02
 4.57543e+22	4.49e-11	7.59e-07	3.82e-04	1.22e-02	4.70e-02	5.72e-01	3.27e-01	4.10e-02
 4.59836e+22	4.98e-11	8.43e-07	4.26e-04	1.34e-02	5.04e-02	5.82e-01	3.16e-01	3.76e-02
 4.62155e+22	5.47e-11	9.23e-07	4.64e-04	1.43e-02	5.30e-02	5.89e-01	3.08e-01	3.53e-02
 4.64507e+22	6.10e-11	1.03e-06	5.18e-04	1.57e-02	5.68e-02	5.98e-01	2.97e-01	3.23e-02
 4.66895e+22	6.72e-11	1.13e-06	5.67e-04	1.68e-02	5.97e-02	6.04e-01	2.88e-01	3.02e-02
 4.69329e+22	7.51e-11	1.26e-06	6.35e-04	1.84e-02	6.39e-02	6.13e-01	2.77e-01	2.75e-02
 4.71800e+22	8.35e-11	1.40e-06	6.96e-04	1.97e-02	6.71e-02	6.18e-01	2.69e-01	2.56e-02
 4.74317e+22	9.33e-11	1.56e-06	7.81e-04	2.16e-02	7.19e-02	6.25e-01	2.57e-01	2.32e-02
 4.76869e+22	1.04e-10	1.73e-06	8.59e-04	2.32e-02	7.55e-02	6.30e-01	2.49e-01	2.16e-02
 4.79467e+22	1.17e-10	1.95e-06	9.68e-04	2.54e-02	8.06e-02	6.36e-01	2.37e-01	1.95e-02
 4.82139e+22	1.31e-10	2.17e-06	1.07e-03	2.73e-02	8.49e-02	6.40e-01	2.29e-01	1.79e-02
 4.84908e+22	1.50e-10	2.47e-06	1.21e-03	3.00e-02	9.07e-02	6.45e-01	2.17e-01	1.61e-02
 4.87742e+22	1.69e-10	2.76e-06	1.35e-03	3.23e-02	9.54e-02	6.48e-01	2.08e-01	1.47e-02
 4.90659e+22	1.95e-10	3.17e-06	1.54e-03	3.56e-02	1.02e-01	6.51e-01	1.97e-01	1.31e-02
 4.93603e+22	2.22e-10	3.57e-06	1.71e-03	3.83e-02	1.07e-01	6.53e-01	1.88e-01	1.20e-02
 4.96581e+22	2.57e-10	4.11e-06	1.96e-03	4.21e-02	1.14e-01	6.54e-01	1.77e-01	1.06e-02
 4.99591e+22	2.93e-10	4.63e-06	2.18e-03	4.54e-02	1.20e-01	6.54e-01	1.69e-01	9.66e-03
 5.02643e+22	3.43e-10	5.37e-06	2.51e-03	4.98e-02	1.27e-01	6.53e-01	1.59e-01	8.51e-03
 5.05624e+22	3.91e-10	6.03e-06	2.78e-03	5.33e-02	1.33e-01	6.52e-01	1.52e-01	7.78e-03
 5.08511e+22	4.52e-10	6.92e-06	3.16e-03	5.82e-02	1.41e-01	6.49e-01	1.42e-01	6.88e-03
 5.11494e+22	5.20e-10	7.84e-06	3.52e-03	6.24e-02	1.47e-01	6.46e-01	1.35e-01	6.24e-03
 5.14044e+22	5.85e-10	8.72e-06	3.87e-03	6.64e-02	1.52e-01	6.43e-01	1.29e-01	5.70e-03
 5.16799e+22	6.77e-10	9.98e-06	4.37e-03	7.18e-02	1.60e-01	6.38e-01	1.21e-01	5.06e-03
 5.19555e+22	7.63e-10	1.11e-05	4.81e-03	7.64e-02	1.66e-01	6.34e-01	1.15e-01	4.61e-03
 5.22311e+22	8.89e-10	1.27e-05	5.42e-03	8.23e-02	1.73e-01	6.27e-01	1.08e-01	4.11e-03
 5.25181e+22	1.01e-09	1.43e-05	6.02e-03	8.79e-02	1.80e-01	6.21e-01	1.02e-01	3.69e-03
 5.27748e+22	1.15e-09	1.60e-05	6.63e-03	9.33e-02	1.86e-01	6.15e-01	9.62e-02	3.34e-03
 5.30633e+22	1.36e-09	1.85e-05	7.49e-03	1.01e-01	1.93e-01	6.06e-01	8.97e-02	2.95e-03
 5.33665e+22	1.57e-09	2.10e-05	8.36e-03	1.08e-01	2.01e-01	5.97e-01	8.40e-02	2.63e-03
 5.36418e+22	1.80e-09	2.37e-05	9.26e-03	1.14e-01	2.07e-01	5.88e-01	7.89e-02	2.35e-03
 5.39528e+22	2.15e-09	2.77e-05	1.05e-02	1.23e-01	2.15e-01	5.76e-01	7.27e-02	2.05e-03
 5.42730e+22	2.50e-09	3.16e-05	1.18e-02	1.32e-01	2.22e-01	5.65e-01	6.76e-02	1.80e-03
 5.45574e+22	2.89e-09	3.59e-05	1.30e-02	1.40e-01	2.29e-01	5.54e-01	6.31e-02	1.61e-03
 5.48795e+22	3.48e-09	4.20e-05	1.49e-02	1.51e-01	2.37e-01	5.38e-01	5.76e-02	1.38e-03
 5.52106e+22	4.07e-09	4.81e-05	1.66e-02	1.60e-01	2.43e-01	5.25e-01	5.32e-02	1.21e-03
 5.55534e+22	4.96e-09	5.69e-05	1.90e-02	1.73e-01	2.51e-01	5.07e-01	4.81e-02	1.02e-03
 5.59022e+22	5.85e-09	6.54e-05	2.13e-02	1.84e-01	2.57e-01	4.92e-01	4.41e-02	8.85e-04
 5.62587e+22	7.21e-09	7.79e-05	2.44e-02	1.98e-01	2.65e-01	4.73e-01	3.95e-02	7.39e-04
 5.66213e+22	8.56e-09	9.00e-05	2.73e-02	2.10e-01	2.70e-01	4.56e-01	3.59e-02	6.35e-04
 5.69431e+22	1.01e-08	1.03e-04	3.04e-02	2.22e-01	2.75e-01	4.39e-01	3.27e-02	5.46e-04
 5.73125e+22	1.26e-08	1.24e-04	3.48e-02	2.38e-01	2.80e-01	4.17e-01	2.88e-02	4.48e-04
 5.76864e+22	1.50e-08	1.43e-04	3.89e-02	2.52e-01	2.84e-01	3.99e-01	2.59e-02	3.80e-04
 5.80663e+22	1.88e-08	1.72e-04	4.45e-02	2.69e-01	2.88e-01	3.76e-01	2.27e-02	3.09e-04
 5.84502e+22	2.26e-08	1.99e-04	4.96e-02	2.83e-01	2.90e-01	3.57e-01	2.02e-02	2.59e-04
 5.88395e+22	2.84e-08	2.39e-04	5.67e-02	3.01e-01	2.92e-01	3.33e-01	1.74e-02	2.07e-04
 5.92324e+22	3.42e-08	2.77e-04	6.29e-02	3.15e-01	2.93e-01	3.14e-01	1.54e-02	1.72e-04
 5.96300e+22	4.33e-08	3.34e-04	7.17e-02	3.33e-01	2.92e-01	2.90e-01	1.31e-02	1.35e-04
 6.00318e+22	5.23e-08	3.87e-04	7.93e-02	3.47e-01	2.90e-01	2.72e-01	1.15e-02	1.11e-04
 6.04390e+22	6.67e-08	4.67e-04	9.00e-02	3.64e-01	2.87e-01	2.48e-01	9.69e-03	8.62e-05
 6.08514e+22	8.09e-08	5.41e-04	9.93e-02	3.78e-01	2.84e-01	2.30e-01	8.40e-03	7.00e-05
 6.12708e+22	1.04e-07	6.54e-04	1.12e-01	3.94e-01	2.78e-01	2.08e-01	6.95e-03	5.32e-05
 6.16824e+22	1.25e-07	7.51e-04	1.23e-01	4.05e-01	2.73e-01	1.92e-01	6.02e-03	4.33e-05
 6.20837e+22	1.58e-07	8.97e-04	1.37e-01	4.19e-01	2.65e-01	1.73e-01	4.98e-03	3.29e-05
 6.24701e+22	1.87e-07	1.01e-03	1.48e-01	4.28e-01	2.59e-01	1.60e-01	4.34e-03	2.72e-05
 6.28374e+22	2.32e-07	1.19e-03	1.62e-01	4.38e-01	2.51e-01	1.44e-01	3.61e-03	2.09e-05
 6.32043e+22	2.74e-07	1.34e-03	1.74e-01	4.45e-01	2.43e-01	1.33e-01	3.13e-03	1.71e-05
 6.35708e+22	3.37e-07	1.56e-03	1.90e-01	4.53e-01	2.34e-01	1.19e-01	2.61e-03	1.32e-05
 6.39505e+22	4.05e-07	1.78e-03	2.04e-01	4.58e-01	2.25e-01	1.08e-01	2.20e-03	1.05e-05
 6.42910e+22	4.80e-07	2.01e-03	2.18e-01	4.63e-01	2.17e-01	9.82e-02	1.88e-03	8.42e-06
 6.46772e+22	5.97e-07	2.34e-03	2.37e-01	4.67e-01	2.06e-01	8.66e-02	1.53e-03	6.32e-06
 6.50695e+22	7.15e-07	2.66e-03	2.53e-01	4.69e-01	1.96e-01	7.79e-02	1.28e-03	4.96e-06
 6.54173e+22	8.49e-07	2.99e-03	2.69e-01	4.70e-01	1.87e-01	7.01e-02	1.08e-03	3.92e-06
 6.57544e+22	9.99e-07	3.35e-03	2.85e-01	4.69e-01	1.78e-01	6.33e-02	9.16e-04	3.12e-06
 6.60656e+22	1.16e-06	3.71e-03	2.99e-01	4.68e-01	1.70e-01	5.75e-02	7.85e-04	2.53e-06
 6.64057e+22	1.40e-06	4.21e-03	3.18e-01	4.66e-01	1.61e-01	5.09e-02	6.44e-04	1.93e-06
 6.67477e+22	1.61e-06	4.65e-03	3.33e-01	4.63e-01	1.53e-01	4.61e-02	5.50e-04	1.56e-06
 6.70922e+22	1.94e-06	5.26e-03	3.52e-01	4.59e-01	1.43e-01	4.06e-02	4.50e-04	1.19e-06
 6.74402e+22	2.26e-06	5.83e-03	3.68e-01	4.54e-01	1.35e-01	3.64e-02	3.79e-04	9.40e-07
 6.77427e+22	2.60e-06	6.40e-03	3.83e-01	4.49e-01	1.28e-01	3.28e-02	3.22e-04	7.55e-07
 6.80862e+22	3.10e-06	7.21e-03	4.02e-01	4.42e-01	1.19e-01	2.87e-02	2.61e-04	5.70e-07
 6.84364e+22	3.60e-06	7.96e-03	4.19e-01	4.36e-01	1.12e-01	2.56e-02	2.19e-04	4.48e-07
 6.87470e+22	4.15e-06	8.74e-03	4.34e-01	4.28e-01	1.05e-01	2.29e-02	1.84e-04	3.55e-07
 6.91026e+22	4.98e-06	9.84e-03	4.54e-01	4.19e-01	9.72e-02	1.99e-02	1.47e-04	2.63e-07
 6.94630e+22	5.78e-06	1.08e-02	4.71e-01	4.10e-01	9.08e-02	1.76e-02	1.22e-04	2.04e-07
 6.97813e+22	6.66e-06	1.19e-02	4.86e-01	4.01e-01	8.48e-02	1.56e-02	1.01e-04	1.59e-07
 7.01467e+22	7.99e-06	1.34e-02	5.06e-01	3.89e-01	7.75e-02	1.34e-02	7.97e-05	0.00e+00
 7.05180e+22	9.27e-06	1.47e-02	5.23e-01	3.79e-01	7.18e-02	1.18e-02	6.53e-05	0.00e+00
 7.08970e+22	1.11e-05	1.65e-02	5.42e-01	3.66e-01	6.54e-02	1.00e-02	5.11e-05	0.00e+00
 7.12841e+22	1.30e-05	1.82e-02	5.59e-01	3.54e-01	6.00e-02	8.69e-03	4.10e-05	0.00e+00
 7.16229e+22	1.50e-05	2.00e-02	5.74e-01	3.43e-01	5.53e-02	7.61e-03	3.35e-05	0.00e+00
 7.20044e+22	1.80e-05	2.24e-02	5.92e-01	3.29e-01	4.99e-02	6.42e-03	2.58e-05	0.00e+00
 7.23995e+22	2.10e-05	2.46e-02	6.08e-01	3.17e-01	4.56e-02	5.54e-03	2.06e-05	0.00e+00
 7.28121e+22	2.54e-05	2.78e-02	6.26e-01	3.01e-01	4.06e-02	4.59e-03	1.55e-05	0.00e+00
 7.32308e+22	2.97e-05	3.06e-02	6.41e-01	2.88e-01	3.67e-02	3.92e-03	1.21e-05	0.00e+00
 7.36010e+22	3.46e-05	3.36e-02	6.54e-01	2.76e-01	3.33e-02	3.36e-03	9.60e-06	0.00e+00
 7.40259e+22	4.22e-05	3.80e-02	6.71e-01	2.59e-01	2.93e-02	2.74e-03	7.04e-06	0.00e+00
 7.43956e+22	4.70e-05	4.06e-02	6.79e-01	2.51e-01	2.72e-02	2.44e-03	5.92e-06	0.00e+00
 7.46936e+22	5.38e-05	4.41e-02	6.89e-01	2.40e-01	2.49e-02	2.12e-03	4.77e-06	0.00e+00
 7.50042e+22	6.04e-05	4.73e-02	6.97e-01	2.30e-01	2.30e-02	1.87e-03	3.95e-06	0.00e+00
 7.53311e+22	6.97e-05	5.17e-02	7.07e-01	2.19e-01	2.08e-02	1.60e-03	3.12e-06	0.00e+00
 7.56614e+22	7.85e-05	5.55e-02	7.14e-01	2.10e-01	1.91e-02	1.41e-03	2.56e-06	0.00e+00
 7.59961e+22	9.10e-05	6.07e-02	7.22e-01	1.98e-01	1.71e-02	1.19e-03	1.99e-06	0.00e+00
 7.63328e+22	1.02e-04	6.52e-02	7.29e-01	1.89e-01	1.57e-02	1.04e-03	1.63e-06	0.00e+00
 7.66720e+22	1.19e-04	7.13e-02	7.35e-01	1.79e-01	1.41e-02	8.80e-04	1.26e-06	0.00e+00
 7.70167e+22	1.34e-04	7.66e-02	7.40e-01	1.70e-01	1.28e-02	7.64e-04	1.02e-06	0.00e+00
 7.73685e+22	1.56e-04	8.39e-02	7.45e-01	1.59e-01	1.14e-02	6.39e-04	7.76e-07	0.00e+00
 7.77258e+22	1.77e-04	9.02e-02	7.48e-01	1.51e-01	1.03e-02	5.51e-04	6.21e-07	0.00e+00
 7.80903e+22	2.06e-04	9.90e-02	7.51e-01	1.40e-01	9.12e-03	4.57e-04	4.67e-07	0.00e+00
 7.84620e+22	2.34e-04	1.07e-01	7.53e-01	1.32e-01	8.22e-03	3.90e-04	3.69e-07	0.00e+00
 7.88431e+22	2.75e-04	1.17e-01	7.53e-01	1.22e-01	7.19e-03	3.19e-04	2.73e-07	0.00e+00
 7.92325e+22	3.13e-04	1.26e-01	7.53e-01	1.14e-01	6.43e-03	2.70e-04	2.12e-07	0.00e+00
 7.96328e+22	3.70e-04	1.39e-01	7.50e-01	1.04e-01	5.58e-03	2.18e-04	1.54e-07	0.00e+00
 8.00383e+22	4.22e-04	1.50e-01	7.47e-01	9.71e-02	4.96e-03	1.83e-04	0.00e+00	0.00e+00
 8.04505e+22	4.99e-04	1.65e-01	7.42e-01	8.82e-02	4.27e-03	1.45e-04	0.00e+00	0.00e+00
 8.08689e+22	5.70e-04	1.78e-01	7.36e-01	8.15e-02	3.77e-03	1.21e-04	0.00e+00	0.00e+00
 8.12953e+22	6.73e-04	1.96e-01	7.27e-01	7.35e-02	3.23e-03	9.56e-05	0.00e+00	0.00e+00
 8.17328e+22	7.74e-04	2.11e-01	7.18e-01	6.71e-02	2.82e-03	7.80e-05	0.00e+00	0.00e+00
 8.21846e+22	9.20e-04	2.32e-01	7.04e-01	5.97e-02	2.38e-03	6.04e-05	0.00e+00	0.00e+00
 8.26444e+22	1.06e-03	2.51e-01	6.92e-01	5.38e-02	2.05e-03	4.84e-05	0.00e+00	0.00e+00
 8.31146e+22	1.28e-03	2.77e-01	6.73e-01	4.70e-02	1.70e-03	3.65e-05	0.00e+00	0.00e+00
 8.35903e+22	1.47e-03	2.98e-01	6.57e-01	4.22e-02	1.47e-03	2.92e-05	0.00e+00	0.00e+00
 8.40735e+22	1.76e-03	3.28e-01	6.33e-01	3.63e-02	1.20e-03	2.15e-05	0.00e+00	0.00e+00
 8.45685e+22	2.03e-03	3.52e-01	6.13e-01	3.21e-02	1.02e-03	1.69e-05	0.00e+00	0.00e+00
 8.50788e+22	2.46e-03	3.87e-01	5.83e-01	2.69e-02	8.20e-04	1.20e-05	0.00e+00	0.00e+00
 8.56036e+22	2.84e-03	4.15e-01	5.59e-01	2.34e-02	6.88e-04	9.19e-06	0.00e+00	0.00e+00
 8.61470e+22	3.46e-03	4.55e-01	5.22e-01	1.90e-02	5.37e-04	6.27e-06	0.00e+00	0.00e+00
 8.67096e+22	4.05e-03	4.88e-01	4.91e-01	1.60e-02	4.38e-04	4.58e-06	0.00e+00	0.00e+00
 8.72973e+22	4.98e-03	5.35e-01	4.48e-01	1.25e-02	3.29e-04	2.96e-06	0.00e+00	0.00e+00
 8.79126e+22	5.93e-03	5.73e-01	4.10e-01	1.00e-02	2.57e-04	2.02e-06	0.00e+00	0.00e+00
 8.84775e+22	7.06e-03	6.13e-01	3.72e-01	7.92e-03	1.98e-04	1.35e-06	0.00e+00	0.00e+00
 8.89649e+22	8.00e-03	6.41e-01	3.44e-01	6.63e-03	1.64e-04	1.00e-06	0.00e+00	0.00e+00
 8.94379e+22	9.38e-03	6.78e-01	3.07e-01	5.16e-03	1.25e-04	6.63e-07	0.00e+00	0.00e+00
 8.99280e+22	1.08e-02	7.09e-01	2.76e-01	4.11e-03	9.86e-05	4.57e-07	0.00e+00	0.00e+00
 9.04400e+22	1.29e-02	7.47e-01	2.37e-01	3.01e-03	7.11e-05	2.77e-07	0.00e+00	0.00e+00
 9.09635e+22	1.50e-02	7.76e-01	2.06e-01	2.28e-03	5.34e-05	1.79e-07	0.00e+00	0.00e+00
 9.15018e+22	1.81e-02	8.11e-01	1.69e-01	1.56e-03	3.60e-05	0.00e+00	0.00e+00	0.00e+00
 9.20014e+22	2.09e-02	8.34e-01	1.44e-01	1.17e-03	2.67e-05	0.00e+00	0.00e+00	0.00e+00
 9.23790e+22	2.37e-02	8.52e-01	1.24e-01	8.88e-04	2.01e-05	0.00e+00	0.00e+00	0.00e+00
 9.25658e+22	2.42e-02	8.54e-01	1.20e-01	8.51e-04	1.93e-05	0.00e+00	0.00e+00	0.00e+00
