#depth	He	He+	He+2
 1.54284e+22	1.19e-08	2.50e-04	1.00e+00
 3.47575e+22	1.70e-08	3.56e-04	1.00e+00
 4.06086e+22	1.96e-08	4.28e-04	1.00e+00
 4.35341e+22	2.07e-08	4.70e-04	1.00e+00
 4.49709e+22	2.12e-08	4.92e-04	1.00e+00
 4.58812e+22	2.16e-08	5.14e-04	9.99e-01
 4.69099e+22	2.21e-08	5.45e-04	9.99e-01
 4.79479e+22	2.25e-08	5.70e-04	9.99e-01
 4.89617e+22	2.28e-08	6.03e-04	9.99e-01
 4.99950e+22	2.31e-08	6.32e-04	9.99e-01
 5.10146e+22	2.33e-08	6.68e-04	9.99e-01
 5.20544e+22	2.34e-08	7.02e-04	9.99e-01
 5.30751e+22	2.36e-08	7.41e-04	9.99e-01
 5.41072e+22	2.37e-08	7.80e-04	9.99e-01
 5.51268e+22	2.37e-08	8.21e-04	9.99e-01
 5.61445e+22	2.38e-08	8.64e-04	9.99e-01
 5.71634e+22	2.39e-08	9.10e-04	9.99e-01
 5.81854e+22	2.40e-08	9.58e-04	9.99e-01
 5.92110e+22	2.42e-08	1.01e-03	9.99e-01
 6.02447e+22	2.44e-08	1.06e-03	9.99e-01
 6.12880e+22	2.48e-08	1.12e-03	9.99e-01
 6.23448e+22	2.52e-08	1.18e-03	9.99e-01
 6.34065e+22	2.58e-08	1.24e-03	9.99e-01
 6.44862e+22	2.66e-08	1.31e-03	9.99e-01
 6.55797e+22	2.75e-08	1.37e-03	9.99e-01
 6.66954e+22	2.87e-08	1.45e-03	9.99e-01
 6.77322e+22	2.99e-08	1.51e-03	9.98e-01
 6.88008e+22	3.16e-08	1.60e-03	9.98e-01
 6.98905e+22	3.32e-08	1.67e-03	9.98e-01
 7.10077e+22	3.56e-08	1.77e-03	9.98e-01
 7.21275e+22	3.78e-08	1.85e-03	9.98e-01
 7.32508e+22	4.09e-08	1.96e-03	9.98e-01
 7.43822e+22	4.37e-08	2.05e-03	9.98e-01
 7.55242e+22	4.77e-08	2.16e-03	9.98e-01
 7.66766e+22	5.12e-08	2.26e-03	9.98e-01
 7.78427e+22	5.63e-08	2.39e-03	9.98e-01
 7.90239e+22	6.08e-08	2.50e-03	9.98e-01
 8.02248e+22	6.73e-08	2.65e-03	9.97e-01
 8.14470e+22	7.30e-08	2.77e-03	9.97e-01
 8.26971e+22	8.14e-08	2.93e-03	9.97e-01
 8.39749e+22	8.87e-08	3.07e-03	9.97e-01
 8.52886e+22	9.95e-08	3.26e-03	9.97e-01
 8.66319e+22	1.09e-07	3.42e-03	9.97e-01
 8.77617e+22	1.18e-07	3.57e-03	9.96e-01
 8.89786e+22	1.31e-07	3.77e-03	9.96e-01
 9.01672e+22	1.42e-07	3.92e-03	9.96e-01
 9.13190e+22	1.57e-07	4.13e-03	9.96e-01
 9.24821e+22	1.69e-07	4.29e-03	9.96e-01
 9.36597e+22	1.87e-07	4.52e-03	9.95e-01
 9.48537e+22	2.02e-07	4.70e-03	9.95e-01
 9.60690e+22	2.25e-07	4.95e-03	9.95e-01
 9.73022e+22	2.43e-07	5.16e-03	9.95e-01
 9.85588e+22	2.71e-07	5.44e-03	9.95e-01
 9.98358e+22	2.94e-07	5.67e-03	9.94e-01
 1.01140e+23	3.28e-07	6.00e-03	9.94e-01
 1.02471e+23	3.57e-07	6.26e-03	9.94e-01
 1.03838e+23	4.00e-07	6.63e-03	9.93e-01
 1.05240e+23	4.38e-07	6.93e-03	9.93e-01
 1.06689e+23	4.93e-07	7.35e-03	9.93e-01
 1.08159e+23	5.40e-07	7.70e-03	9.92e-01
 1.09655e+23	6.10e-07	8.18e-03	9.92e-01
 1.11169e+23	6.69e-07	8.57e-03	9.91e-01
 1.12706e+23	7.57e-07	9.12e-03	9.91e-01
 1.14265e+23	8.31e-07	9.56e-03	9.90e-01
 1.15633e+23	9.13e-07	1.00e-02	9.90e-01
 1.17192e+23	1.03e-06	1.07e-02	9.89e-01
 1.18765e+23	1.14e-06	1.12e-02	9.89e-01
 1.20058e+23	1.23e-06	1.16e-02	9.88e-01
 1.21443e+23	1.37e-06	1.23e-02	9.88e-01
 1.22860e+23	1.49e-06	1.28e-02	9.87e-01
 1.24120e+23	1.63e-06	1.34e-02	9.87e-01
 1.25562e+23	1.81e-06	1.41e-02	9.86e-01
 1.27060e+23	1.99e-06	1.48e-02	9.85e-01
 1.28398e+23	2.18e-06	1.54e-02	9.85e-01
 1.29903e+23	2.43e-06	1.63e-02	9.84e-01
 1.31477e+23	2.68e-06	1.71e-02	9.83e-01
 1.32897e+23	2.94e-06	1.79e-02	9.82e-01
 1.34498e+23	3.30e-06	1.90e-02	9.81e-01
 1.36154e+23	3.67e-06	2.00e-02	9.80e-01
 1.37630e+23	4.03e-06	2.10e-02	9.79e-01
 1.39299e+23	4.54e-06	2.22e-02	9.78e-01
 1.41034e+23	5.06e-06	2.35e-02	9.77e-01
 1.42596e+23	5.59e-06	2.47e-02	9.75e-01
 1.44365e+23	6.35e-06	2.63e-02	9.74e-01
 1.46191e+23	7.09e-06	2.77e-02	9.72e-01
 1.47837e+23	7.88e-06	2.92e-02	9.71e-01
 1.49723e+23	9.03e-06	3.13e-02	9.69e-01
 1.51634e+23	1.01e-05	3.31e-02	9.67e-01
 1.53323e+23	1.13e-05	3.48e-02	9.65e-01
 1.55265e+23	1.30e-05	3.73e-02	9.63e-01
 1.57230e+23	1.45e-05	3.95e-02	9.60e-01
 1.59228e+23	1.67e-05	4.23e-02	9.58e-01
 1.61267e+23	1.88e-05	4.48e-02	9.55e-01
 1.63082e+23	2.11e-05	4.74e-02	9.53e-01
 1.65164e+23	2.45e-05	5.10e-02	9.49e-01
 1.67281e+23	2.76e-05	5.40e-02	9.46e-01
 1.69443e+23	3.22e-05	5.82e-02	9.42e-01
 1.71555e+23	3.60e-05	6.15e-02	9.38e-01
 1.73603e+23	4.16e-05	6.59e-02	9.34e-01
 1.75585e+23	4.61e-05	6.93e-02	9.31e-01
 1.77482e+23	5.25e-05	7.38e-02	9.26e-01
 1.79410e+23	5.84e-05	7.77e-02	9.22e-01
 1.81111e+23	6.48e-05	8.16e-02	9.18e-01
 1.83056e+23	7.40e-05	8.69e-02	9.13e-01
 1.85038e+23	8.26e-05	9.16e-02	9.08e-01
 1.87067e+23	9.42e-05	9.76e-02	9.02e-01
 1.89131e+23	1.06e-04	1.03e-01	8.97e-01
 1.90935e+23	1.17e-04	1.08e-01	8.92e-01
 1.92973e+23	1.34e-04	1.15e-01	8.84e-01
 1.94877e+23	1.47e-04	1.20e-01	8.79e-01
 1.96607e+23	1.64e-04	1.27e-01	8.73e-01
 1.98371e+23	1.81e-04	1.33e-01	8.67e-01
 1.99936e+23	1.97e-04	1.38e-01	8.62e-01
 2.01724e+23	2.20e-04	1.45e-01	8.54e-01
 2.03545e+23	2.42e-04	1.52e-01	8.48e-01
 2.05157e+23	2.65e-04	1.58e-01	8.41e-01
 2.07000e+23	2.97e-04	1.67e-01	8.33e-01
 2.08869e+23	3.26e-04	1.74e-01	8.26e-01
 2.10510e+23	3.57e-04	1.81e-01	8.18e-01
 2.12383e+23	3.99e-04	1.91e-01	8.09e-01
 2.14288e+23	4.39e-04	1.99e-01	8.01e-01
 2.15979e+23	4.81e-04	2.07e-01	7.92e-01
 2.17921e+23	5.39e-04	2.18e-01	7.82e-01
 2.19895e+23	5.92e-04	2.27e-01	7.72e-01
 2.21910e+23	6.66e-04	2.39e-01	7.60e-01
 2.23951e+23	7.33e-04	2.49e-01	7.50e-01
 2.26025e+23	8.25e-04	2.62e-01	7.37e-01
 2.28138e+23	9.10e-04	2.73e-01	7.26e-01
 2.30303e+23	1.03e-03	2.87e-01	7.12e-01
 2.32507e+23	1.13e-03	3.00e-01	6.99e-01
 2.34468e+23	1.25e-03	3.12e-01	6.87e-01
 2.36723e+23	1.41e-03	3.28e-01	6.71e-01
 2.38701e+23	1.52e-03	3.38e-01	6.60e-01
 2.40319e+23	1.65e-03	3.50e-01	6.49e-01
 2.42012e+23	1.77e-03	3.60e-01	6.38e-01
 2.43801e+23	1.95e-03	3.74e-01	6.24e-01
 2.45585e+23	2.10e-03	3.85e-01	6.13e-01
 2.47363e+23	2.29e-03	3.99e-01	5.99e-01
 2.49180e+23	2.48e-03	4.11e-01	5.86e-01
 2.51046e+23	2.73e-03	4.27e-01	5.70e-01
 2.52904e+23	2.93e-03	4.39e-01	5.58e-01
 2.54753e+23	3.21e-03	4.55e-01	5.42e-01
 2.56651e+23	3.47e-03	4.69e-01	5.28e-01
 2.58612e+23	3.81e-03	4.85e-01	5.11e-01
 2.60627e+23	4.14e-03	5.01e-01	4.95e-01
 2.62713e+23	4.58e-03	5.19e-01	4.76e-01
 2.64828e+23	4.98e-03	5.36e-01	4.59e-01
 2.66982e+23	5.53e-03	5.56e-01	4.38e-01
 2.69122e+23	6.00e-03	5.73e-01	4.21e-01
 2.71242e+23	6.65e-03	5.94e-01	4.00e-01
 2.73374e+23	7.23e-03	6.11e-01	3.82e-01
 2.75522e+23	8.02e-03	6.32e-01	3.60e-01
 2.77675e+23	8.72e-03	6.50e-01	3.41e-01
 2.79832e+23	9.70e-03	6.72e-01	3.19e-01
 2.81989e+23	1.06e-02	6.90e-01	3.00e-01
 2.84144e+23	1.18e-02	7.11e-01	2.77e-01
 2.86293e+23	1.28e-02	7.29e-01	2.58e-01
 2.88436e+23	1.43e-02	7.49e-01	2.36e-01
 2.90588e+23	1.56e-02	7.67e-01	2.18e-01
 2.92754e+23	1.74e-02	7.86e-01	1.96e-01
 2.94922e+23	1.91e-02	8.02e-01	1.79e-01
 2.97095e+23	2.13e-02	8.19e-01	1.60e-01
 2.99294e+23	2.35e-02	8.34e-01	1.43e-01
 3.01209e+23	2.58e-02	8.45e-01	1.29e-01
 3.03380e+23	2.90e-02	8.58e-01	1.13e-01
 3.05579e+23	3.22e-02	8.68e-01	9.96e-02
 3.07248e+23	3.50e-02	8.74e-01	9.06e-02
 3.08256e+23	3.66e-02	8.77e-01	8.62e-02
