#depth	O	O+	O+2	O+3	O+4	O+5	O+6	O+7	O+8	O[1]	O[2]	O[3]
 4.62852e+21	4.45e-15	5.31e-11	4.32e-08	4.38e-06	1.01e-04	1.03e-03	7.26e-02	4.05e-01	5.22e-01	4.45e-15	2.18e-24	2.31e-24
 1.02289e+22	5.55e-14	4.93e-10	2.93e-07	2.19e-05	3.68e-04	2.56e-03	1.23e-01	4.65e-01	4.09e-01	5.55e-14	4.01e-23	4.30e-23
 1.16867e+22	1.89e-13	1.45e-09	7.40e-07	4.79e-05	6.95e-04	4.02e-03	1.57e-01	4.87e-01	3.51e-01	1.89e-13	1.54e-22	1.65e-22
 1.24156e+22	3.49e-13	2.48e-09	1.18e-06	7.12e-05	9.63e-04	5.07e-03	1.78e-01	4.95e-01	3.21e-01	3.49e-13	3.02e-22	3.22e-22
 1.27325e+22	4.21e-13	2.91e-09	1.35e-06	8.04e-05	1.07e-03	5.45e-03	1.85e-01	4.97e-01	3.11e-01	4.21e-13	3.71e-22	3.95e-22
 1.29024e+22	5.34e-13	3.59e-09	1.62e-06	9.41e-05	1.21e-03	5.98e-03	1.94e-01	4.99e-01	2.99e-01	5.34e-13	4.82e-22	5.12e-22
 1.30882e+22	6.66e-13	4.35e-09	1.92e-06	1.09e-04	1.37e-03	6.52e-03	2.03e-01	5.01e-01	2.88e-01	6.66e-13	6.14e-22	6.53e-22
 1.32932e+22	8.78e-13	5.53e-09	2.37e-06	1.31e-04	1.61e-03	7.30e-03	2.15e-01	5.02e-01	2.74e-01	8.78e-13	8.34e-22	8.84e-22
 1.35005e+22	1.10e-12	6.71e-09	2.81e-06	1.52e-04	1.82e-03	8.00e-03	2.25e-01	5.02e-01	2.62e-01	1.10e-12	1.06e-21	1.13e-21
 1.36727e+22	1.32e-12	7.89e-09	3.24e-06	1.73e-04	2.03e-03	8.65e-03	2.34e-01	5.02e-01	2.52e-01	1.32e-12	1.31e-21	1.38e-21
 1.38568e+22	1.68e-12	9.71e-09	3.91e-06	2.05e-04	2.35e-03	9.60e-03	2.47e-01	5.02e-01	2.39e-01	1.68e-12	1.70e-21	1.80e-21
 1.40432e+22	2.01e-12	1.14e-08	4.51e-06	2.33e-04	2.63e-03	1.04e-02	2.57e-01	5.01e-01	2.29e-01	2.01e-12	2.09e-21	2.20e-21
 1.42214e+22	2.48e-12	1.36e-08	5.31e-06	2.71e-04	3.00e-03	1.15e-02	2.69e-01	4.99e-01	2.18e-01	2.48e-12	2.63e-21	2.77e-21
 1.44042e+22	2.97e-12	1.59e-08	6.14e-06	3.09e-04	3.37e-03	1.25e-02	2.80e-01	4.97e-01	2.07e-01	2.97e-12	3.21e-21	3.39e-21
 1.45814e+22	3.55e-12	1.86e-08	7.10e-06	3.54e-04	3.81e-03	1.37e-02	2.92e-01	4.94e-01	1.97e-01	3.55e-12	3.93e-21	4.14e-21
 1.47591e+22	4.19e-12	2.15e-08	8.14e-06	4.03e-04	4.28e-03	1.49e-02	3.04e-01	4.90e-01	1.86e-01	4.19e-12	4.74e-21	4.99e-21
 1.49326e+22	4.89e-12	2.47e-08	9.28e-06	4.57e-04	4.79e-03	1.62e-02	3.15e-01	4.86e-01	1.77e-01	4.89e-12	5.65e-21	5.94e-21
 1.51038e+22	5.66e-12	2.81e-08	1.05e-05	5.16e-04	5.34e-03	1.76e-02	3.27e-01	4.82e-01	1.68e-01	5.66e-12	6.67e-21	7.01e-21
 1.52734e+22	6.49e-12	3.17e-08	1.19e-05	5.80e-04	5.94e-03	1.91e-02	3.39e-01	4.77e-01	1.59e-01	6.49e-12	7.80e-21	8.19e-21
 1.54424e+22	7.38e-12	3.56e-08	1.33e-05	6.50e-04	6.60e-03	2.07e-02	3.50e-01	4.72e-01	1.50e-01	7.38e-12	9.06e-21	9.50e-21
 1.56114e+22	8.33e-12	3.97e-08	1.49e-05	7.27e-04	7.31e-03	2.24e-02	3.62e-01	4.66e-01	1.42e-01	8.33e-12	1.04e-20	1.09e-20
 1.57811e+22	9.34e-12	4.40e-08	1.66e-05	8.11e-04	8.08e-03	2.42e-02	3.74e-01	4.59e-01	1.34e-01	9.34e-12	1.19e-20	1.25e-20
 1.59520e+22	1.04e-11	4.86e-08	1.84e-05	9.03e-04	8.92e-03	2.62e-02	3.85e-01	4.53e-01	1.26e-01	1.04e-11	1.36e-20	1.42e-20
 1.61253e+22	1.15e-11	5.35e-08	2.04e-05	1.00e-03	9.84e-03	2.83e-02	3.97e-01	4.45e-01	1.18e-01	1.15e-11	1.54e-20	1.61e-20
 1.63013e+22	1.27e-11	5.87e-08	2.25e-05	1.12e-03	1.08e-02	3.05e-02	4.09e-01	4.38e-01	1.11e-01	1.27e-11	1.73e-20	1.81e-20
 1.64802e+22	1.40e-11	6.43e-08	2.49e-05	1.24e-03	1.19e-02	3.29e-02	4.20e-01	4.29e-01	1.04e-01	1.40e-11	1.95e-20	2.04e-20
 1.66598e+22	1.53e-11	7.00e-08	2.74e-05	1.37e-03	1.31e-02	3.54e-02	4.31e-01	4.21e-01	9.77e-02	1.53e-11	2.17e-20	2.27e-20
 1.68437e+22	1.67e-11	7.63e-08	3.02e-05	1.52e-03	1.43e-02	3.82e-02	4.43e-01	4.12e-01	9.12e-02	1.67e-11	2.43e-20	2.54e-20
 1.70292e+22	1.80e-11	8.26e-08	3.31e-05	1.68e-03	1.57e-02	4.10e-02	4.54e-01	4.03e-01	8.53e-02	1.80e-11	2.69e-20	2.81e-20
 1.72199e+22	1.96e-11	8.99e-08	3.66e-05	1.86e-03	1.72e-02	4.42e-02	4.65e-01	3.93e-01	7.92e-02	1.96e-11	3.00e-20	3.13e-20
 1.73991e+22	2.09e-11	9.61e-08	3.95e-05	2.02e-03	1.85e-02	4.69e-02	4.73e-01	3.85e-01	7.47e-02	2.09e-11	3.26e-20	3.40e-20
 1.75811e+22	2.26e-11	1.04e-07	4.35e-05	2.24e-03	2.02e-02	5.05e-02	4.84e-01	3.74e-01	6.90e-02	2.26e-11	3.61e-20	3.76e-20
 1.77654e+22	2.42e-11	1.12e-07	4.70e-05	2.43e-03	2.17e-02	5.34e-02	4.92e-01	3.66e-01	6.50e-02	2.42e-11	3.94e-20	4.12e-20
 1.79528e+22	2.61e-11	1.21e-07	5.18e-05	2.70e-03	2.37e-02	5.74e-02	5.02e-01	3.54e-01	5.99e-02	2.61e-11	4.36e-20	4.55e-20
 1.81447e+22	2.79e-11	1.30e-07	5.62e-05	2.93e-03	2.54e-02	6.07e-02	5.09e-01	3.45e-01	5.62e-02	2.79e-11	4.78e-20	4.99e-20
 1.83425e+22	3.04e-11	1.42e-07	6.22e-05	3.26e-03	2.77e-02	6.51e-02	5.18e-01	3.34e-01	5.16e-02	3.04e-11	5.34e-20	5.57e-20
 1.85436e+22	3.24e-11	1.52e-07	6.75e-05	3.55e-03	2.97e-02	6.89e-02	5.25e-01	3.24e-01	4.82e-02	3.24e-11	5.84e-20	6.08e-20
 1.87491e+22	3.52e-11	1.66e-07	7.49e-05	3.96e-03	3.24e-02	7.39e-02	5.34e-01	3.12e-01	4.40e-02	3.52e-11	6.50e-20	6.79e-20
 1.89554e+22	3.78e-11	1.79e-07	8.14e-05	4.30e-03	3.45e-02	7.79e-02	5.39e-01	3.03e-01	4.10e-02	3.78e-11	7.13e-20	7.46e-20
 1.91628e+22	4.10e-11	1.96e-07	9.04e-05	4.78e-03	3.75e-02	8.33e-02	5.46e-01	2.91e-01	3.73e-02	4.10e-11	7.96e-20	8.34e-20
 1.93728e+22	4.43e-11	2.12e-07	9.85e-05	5.20e-03	4.00e-02	8.76e-02	5.51e-01	2.82e-01	3.47e-02	4.43e-11	8.78e-20	9.21e-20
 1.95861e+22	4.84e-11	2.33e-07	1.10e-04	5.79e-03	4.34e-02	9.35e-02	5.56e-01	2.69e-01	3.15e-02	4.84e-11	9.88e-20	1.04e-19
 1.98030e+22	5.25e-11	2.54e-07	1.20e-04	6.30e-03	4.62e-02	9.82e-02	5.60e-01	2.60e-01	2.92e-02	5.25e-11	1.10e-19	1.15e-19
 2.00248e+22	5.79e-11	2.81e-07	1.34e-04	7.03e-03	5.01e-02	1.05e-01	5.64e-01	2.48e-01	2.63e-02	5.79e-11	1.25e-19	1.31e-19
 2.02508e+22	6.32e-11	3.08e-07	1.48e-04	7.67e-03	5.33e-02	1.10e-01	5.66e-01	2.38e-01	2.43e-02	6.32e-11	1.39e-19	1.47e-19
 2.04825e+22	7.05e-11	3.44e-07	1.66e-04	8.58e-03	5.78e-02	1.17e-01	5.69e-01	2.26e-01	2.18e-02	7.05e-11	1.61e-19	1.70e-19
 2.07196e+22	7.78e-11	3.80e-07	1.84e-04	9.39e-03	6.16e-02	1.23e-01	5.70e-01	2.16e-01	1.99e-02	7.78e-11	1.82e-19	1.93e-19
 2.09196e+22	8.49e-11	4.14e-07	2.01e-04	1.02e-02	6.50e-02	1.28e-01	5.70e-01	2.08e-01	1.84e-02	8.49e-11	2.03e-19	2.15e-19
 2.11354e+22	9.44e-11	4.62e-07	2.25e-04	1.12e-02	6.97e-02	1.35e-01	5.70e-01	1.97e-01	1.66e-02	9.44e-11	2.33e-19	2.47e-19
 2.13524e+22	1.04e-10	5.08e-07	2.47e-04	1.22e-02	7.35e-02	1.40e-01	5.69e-01	1.89e-01	1.53e-02	1.04e-10	2.64e-19	2.80e-19
 2.15709e+22	1.17e-10	5.71e-07	2.77e-04	1.35e-02	7.87e-02	1.48e-01	5.67e-01	1.79e-01	1.38e-02	1.17e-10	3.06e-19	3.26e-19
 2.17866e+22	1.30e-10	6.28e-07	3.03e-04	1.45e-02	8.27e-02	1.53e-01	5.65e-01	1.72e-01	1.27e-02	1.30e-10	3.46e-19	3.69e-19
 2.19987e+22	1.47e-10	7.07e-07	3.40e-04	1.60e-02	8.81e-02	1.60e-01	5.62e-01	1.62e-01	1.14e-02	1.47e-10	4.04e-19	4.31e-19
 2.22139e+22	1.64e-10	7.83e-07	3.74e-04	1.73e-02	9.26e-02	1.65e-01	5.59e-01	1.55e-01	1.05e-02	1.64e-10	4.62e-19	4.93e-19
 2.24331e+22	1.88e-10	8.90e-07	4.21e-04	1.90e-02	9.85e-02	1.73e-01	5.54e-01	1.46e-01	9.41e-03	1.88e-10	5.47e-19	5.86e-19
 2.26562e+22	2.11e-10	9.91e-07	4.65e-04	2.06e-02	1.04e-01	1.79e-01	5.49e-01	1.39e-01	8.60e-03	2.11e-10	6.31e-19	6.76e-19
 2.28845e+22	2.46e-10	1.14e-06	5.28e-04	2.27e-02	1.10e-01	1.86e-01	5.43e-01	1.30e-01	7.65e-03	2.46e-10	7.59e-19	8.15e-19
 2.31161e+22	2.80e-10	1.28e-06	5.85e-04	2.46e-02	1.16e-01	1.92e-01	5.37e-01	1.23e-01	6.96e-03	2.80e-10	8.87e-19	9.52e-19
 2.33521e+22	3.29e-10	1.48e-06	6.67e-04	2.73e-02	1.23e-01	2.00e-01	5.28e-01	1.15e-01	6.13e-03	3.29e-10	1.08e-18	1.16e-18
 2.35907e+22	3.80e-10	1.68e-06	7.42e-04	2.95e-02	1.29e-01	2.05e-01	5.21e-01	1.08e-01	5.57e-03	3.80e-10	1.28e-18	1.38e-18
 2.38329e+22	4.52e-10	1.96e-06	8.49e-04	3.27e-02	1.37e-01	2.13e-01	5.11e-01	1.00e-01	4.87e-03	4.52e-10	1.58e-18	1.70e-18
 2.40791e+22	5.27e-10	2.23e-06	9.48e-04	3.54e-02	1.44e-01	2.19e-01	5.02e-01	9.44e-02	4.39e-03	5.27e-10	1.90e-18	2.05e-18
 2.43306e+22	6.38e-10	2.63e-06	1.09e-03	3.93e-02	1.53e-01	2.27e-01	4.90e-01	8.68e-02	3.81e-03	6.38e-10	2.38e-18	2.58e-18
 2.45861e+22	7.52e-10	3.03e-06	1.22e-03	4.26e-02	1.60e-01	2.32e-01	4.80e-01	8.12e-02	3.41e-03	7.52e-10	2.90e-18	3.13e-18
 2.48469e+22	9.26e-10	3.61e-06	1.42e-03	4.72e-02	1.70e-01	2.39e-01	4.65e-01	7.41e-02	2.93e-03	9.26e-10	3.70e-18	4.01e-18
 2.51102e+22	1.10e-09	4.17e-06	1.59e-03	5.12e-02	1.78e-01	2.44e-01	4.54e-01	6.90e-02	2.61e-03	1.10e-09	4.54e-18	4.92e-18
 2.53347e+22	1.29e-09	4.76e-06	1.77e-03	5.51e-02	1.85e-01	2.49e-01	4.43e-01	6.44e-02	2.33e-03	1.29e-09	5.49e-18	5.96e-18
 2.55844e+22	1.59e-09	5.66e-06	2.04e-03	6.06e-02	1.95e-01	2.54e-01	4.28e-01	5.87e-02	2.01e-03	1.59e-09	7.02e-18	7.63e-18
 2.58364e+22	1.89e-09	6.51e-06	2.27e-03	6.53e-02	2.02e-01	2.58e-01	4.15e-01	5.45e-02	1.79e-03	1.89e-09	8.58e-18	9.33e-18
 2.60917e+22	2.35e-09	7.77e-06	2.61e-03	7.16e-02	2.12e-01	2.63e-01	4.00e-01	4.95e-02	1.53e-03	2.35e-09	1.11e-17	1.21e-17
 2.63396e+22	2.77e-09	8.89e-06	2.90e-03	7.66e-02	2.20e-01	2.66e-01	3.87e-01	4.59e-02	1.37e-03	2.77e-09	1.35e-17	1.47e-17
 2.65452e+22	3.25e-09	1.01e-05	3.20e-03	8.18e-02	2.27e-01	2.68e-01	3.76e-01	4.27e-02	1.22e-03	3.25e-09	1.62e-17	1.77e-17
 2.67796e+22	3.99e-09	1.19e-05	3.63e-03	8.86e-02	2.36e-01	2.71e-01	3.60e-01	3.88e-02	1.05e-03	3.99e-09	2.06e-17	2.25e-17
 2.70215e+22	4.76e-09	1.37e-05	4.04e-03	9.48e-02	2.44e-01	2.73e-01	3.47e-01	3.57e-02	9.27e-04	4.76e-09	2.53e-17	2.77e-17
 2.72389e+22	5.66e-09	1.57e-05	4.48e-03	1.01e-01	2.52e-01	2.74e-01	3.34e-01	3.29e-02	8.17e-04	5.66e-09	3.10e-17	3.39e-17
 2.74872e+22	7.05e-09	1.87e-05	5.10e-03	1.10e-01	2.61e-01	2.75e-01	3.18e-01	2.96e-02	6.96e-04	7.05e-09	4.01e-17	4.39e-17
 2.77434e+22	8.53e-09	2.17e-05	5.70e-03	1.17e-01	2.70e-01	2.76e-01	3.04e-01	2.69e-02	6.04e-04	8.53e-09	5.01e-17	5.49e-17
 2.79715e+22	1.02e-08	2.50e-05	6.33e-03	1.25e-01	2.77e-01	2.76e-01	2.91e-01	2.46e-02	5.26e-04	1.02e-08	6.20e-17	6.80e-17
 2.82300e+22	1.29e-08	2.99e-05	7.21e-03	1.35e-01	2.86e-01	2.75e-01	2.74e-01	2.19e-02	4.43e-04	1.29e-08	8.11e-17	8.91e-17
 2.84997e+22	1.58e-08	3.51e-05	8.09e-03	1.45e-01	2.94e-01	2.73e-01	2.60e-01	1.96e-02	3.78e-04	1.58e-08	1.03e-16	1.13e-16
 2.87433e+22	1.92e-08	4.08e-05	9.01e-03	1.54e-01	3.02e-01	2.71e-01	2.46e-01	1.77e-02	3.24e-04	1.92e-08	1.29e-16	1.42e-16
 2.90191e+22	2.45e-08	4.93e-05	1.03e-02	1.66e-01	3.10e-01	2.68e-01	2.29e-01	1.55e-02	2.67e-04	2.45e-08	1.72e-16	1.90e-16
 2.93024e+22	3.03e-08	5.80e-05	1.16e-02	1.77e-01	3.17e-01	2.65e-01	2.15e-01	1.37e-02	2.25e-04	3.03e-08	2.21e-16	2.43e-16
 2.95542e+22	3.71e-08	6.76e-05	1.29e-02	1.88e-01	3.24e-01	2.61e-01	2.02e-01	1.22e-02	1.90e-04	3.71e-08	2.79e-16	3.08e-16
 2.98401e+22	4.78e-08	8.20e-05	1.47e-02	2.02e-01	3.31e-01	2.55e-01	1.86e-01	1.06e-02	1.54e-04	4.78e-08	3.76e-16	4.15e-16
 3.01353e+22	5.96e-08	9.69e-05	1.65e-02	2.14e-01	3.37e-01	2.50e-01	1.73e-01	9.24e-03	1.27e-04	5.96e-08	4.86e-16	5.37e-16
 3.03964e+22	7.30e-08	1.13e-04	1.84e-02	2.26e-01	3.41e-01	2.44e-01	1.61e-01	8.15e-03	1.07e-04	7.30e-08	6.17e-16	6.83e-16
 3.06895e+22	9.45e-08	1.37e-04	2.10e-02	2.42e-01	3.47e-01	2.37e-01	1.47e-01	6.92e-03	8.47e-05	9.45e-08	8.35e-16	9.25e-16
 3.09890e+22	1.17e-07	1.62e-04	2.34e-02	2.55e-01	3.50e-01	2.30e-01	1.35e-01	6.01e-03	6.95e-05	1.17e-07	1.08e-15	1.19e-15
 3.12549e+22	1.45e-07	1.89e-04	2.60e-02	2.68e-01	3.53e-01	2.23e-01	1.24e-01	5.23e-03	5.73e-05	1.45e-07	1.37e-15	1.52e-15
 3.15588e+22	1.88e-07	2.30e-04	2.95e-02	2.85e-01	3.56e-01	2.13e-01	1.12e-01	4.37e-03	4.46e-05	1.88e-07	1.87e-15	2.08e-15
 3.18690e+22	2.35e-07	2.71e-04	3.29e-02	2.99e-01	3.57e-01	2.05e-01	1.02e-01	3.74e-03	3.60e-05	2.35e-07	2.43e-15	2.70e-15
 3.21447e+22	2.90e-07	3.17e-04	3.65e-02	3.13e-01	3.57e-01	1.96e-01	9.29e-02	3.21e-03	2.92e-05	2.90e-07	3.11e-15	3.47e-15
 3.24604e+22	3.78e-07	3.87e-04	4.14e-02	3.31e-01	3.57e-01	1.86e-01	8.23e-02	2.64e-03	2.22e-05	3.78e-07	4.27e-15	4.76e-15
 3.27830e+22	4.74e-07	4.57e-04	4.60e-02	3.45e-01	3.56e-01	1.76e-01	7.41e-02	2.22e-03	1.76e-05	4.74e-07	5.57e-15	6.20e-15
 3.30589e+22	5.79e-07	5.30e-04	5.05e-02	3.58e-01	3.54e-01	1.68e-01	6.72e-02	1.90e-03	1.42e-05	5.79e-07	7.05e-15	7.86e-15
 3.33618e+22	7.42e-07	6.37e-04	5.66e-02	3.74e-01	3.50e-01	1.58e-01	5.93e-02	1.56e-03	1.08e-05	7.42e-07	9.48e-15	1.06e-14
 3.36724e+22	9.15e-07	7.42e-04	6.23e-02	3.87e-01	3.46e-01	1.49e-01	5.33e-02	1.31e-03	8.59e-06	9.15e-07	1.21e-14	1.36e-14
 3.39492e+22	1.12e-06	8.61e-04	6.82e-02	3.99e-01	3.42e-01	1.41e-01	4.78e-02	1.11e-03	6.83e-06	1.12e-06	1.54e-14	1.72e-14
 3.42651e+22	1.44e-06	1.04e-03	7.63e-02	4.14e-01	3.36e-01	1.30e-01	4.16e-02	8.90e-04	5.09e-06	1.44e-06	2.08e-14	2.33e-14
 3.45863e+22	1.78e-06	1.21e-03	8.37e-02	4.26e-01	3.30e-01	1.22e-01	3.70e-02	7.40e-04	3.97e-06	1.78e-06	2.67e-14	2.99e-14
 3.48590e+22	2.14e-06	1.38e-03	9.08e-02	4.36e-01	3.24e-01	1.14e-01	3.31e-02	6.24e-04	3.16e-06	2.14e-06	3.34e-14	3.75e-14
 3.51585e+22	2.70e-06	1.64e-03	1.00e-01	4.48e-01	3.16e-01	1.05e-01	2.88e-02	5.04e-04	2.37e-06	2.70e-06	4.41e-14	4.95e-14
 3.54659e+22	3.27e-06	1.88e-03	1.09e-01	4.57e-01	3.08e-01	9.79e-02	2.56e-02	4.19e-04	1.86e-06	3.27e-06	5.55e-14	6.24e-14
 3.57125e+22	3.80e-06	2.10e-03	1.16e-01	4.64e-01	3.02e-01	9.24e-02	2.33e-02	3.63e-04	1.53e-06	3.80e-06	6.64e-14	7.46e-14
 3.59621e+22	4.59e-06	2.41e-03	1.25e-01	4.72e-01	2.94e-01	8.56e-02	2.06e-02	3.01e-04	1.19e-06	4.59e-06	8.34e-14	9.38e-14
 3.62158e+22	5.34e-06	2.68e-03	1.33e-01	4.77e-01	2.87e-01	8.04e-02	1.86e-02	2.58e-04	9.72e-07	5.34e-06	1.00e-13	1.13e-13
 3.64751e+22	6.46e-06	3.08e-03	1.44e-01	4.84e-01	2.78e-01	7.40e-02	1.64e-02	2.12e-04	7.51e-07	6.46e-06	1.26e-13	1.42e-13
 3.67372e+22	7.53e-06	3.44e-03	1.53e-01	4.88e-01	2.71e-01	6.91e-02	1.47e-02	1.80e-04	6.06e-07	7.53e-06	1.52e-13	1.71e-13
 3.69678e+22	8.74e-06	3.83e-03	1.63e-01	4.92e-01	2.63e-01	6.45e-02	1.32e-02	1.54e-04	4.90e-07	8.74e-06	1.82e-13	2.05e-13
 3.72325e+22	1.06e-05	4.39e-03	1.75e-01	4.96e-01	2.53e-01	5.89e-02	1.15e-02	1.25e-04	3.72e-07	1.06e-05	2.29e-13	2.59e-13
 3.74993e+22	1.22e-05	4.87e-03	1.86e-01	4.99e-01	2.45e-01	5.47e-02	1.03e-02	1.06e-04	2.99e-07	1.22e-05	2.74e-13	3.10e-13
 3.77691e+22	1.48e-05	5.59e-03	2.00e-01	5.01e-01	2.35e-01	4.96e-02	8.92e-03	8.52e-05	2.25e-07	1.48e-05	3.47e-13	3.92e-13
 3.80403e+22	1.71e-05	6.19e-03	2.12e-01	5.02e-01	2.27e-01	4.58e-02	7.96e-03	7.19e-05	1.80e-07	1.71e-05	4.14e-13	4.67e-13
 3.83133e+22	2.06e-05	7.06e-03	2.27e-01	5.02e-01	2.16e-01	4.14e-02	6.86e-03	5.77e-05	1.34e-07	2.06e-05	5.20e-13	5.88e-13
 3.85724e+22	2.33e-05	7.69e-03	2.38e-01	5.01e-01	2.09e-01	3.85e-02	6.19e-03	4.95e-05	0.00e+00	2.33e-05	6.04e-13	6.83e-13
 3.88133e+22	2.72e-05	8.60e-03	2.52e-01	4.99e-01	2.00e-01	3.51e-02	5.43e-03	4.08e-05	0.00e+00	2.72e-05	7.35e-13	8.31e-13
 3.90807e+22	3.18e-05	9.60e-03	2.66e-01	4.97e-01	1.91e-01	3.19e-02	4.75e-03	3.35e-05	0.00e+00	3.18e-05	8.92e-13	1.01e-12
 3.93410e+22	3.69e-05	1.07e-02	2.80e-01	4.93e-01	1.82e-01	2.91e-02	4.18e-03	2.77e-05	0.00e+00	3.69e-05	1.07e-12	1.21e-12
 3.96380e+22	4.51e-05	1.23e-02	3.00e-01	4.88e-01	1.71e-01	2.57e-02	3.51e-03	2.15e-05	0.00e+00	4.51e-05	1.37e-12	1.55e-12
 3.99347e+22	5.20e-05	1.36e-02	3.15e-01	4.82e-01	1.63e-01	2.33e-02	3.08e-03	1.77e-05	0.00e+00	5.20e-05	1.65e-12	1.85e-12
 4.02311e+22	6.29e-05	1.55e-02	3.35e-01	4.74e-01	1.52e-01	2.05e-02	2.59e-03	1.37e-05	0.00e+00	6.29e-05	2.09e-12	2.35e-12
 4.05372e+22	7.32e-05	1.72e-02	3.52e-01	4.67e-01	1.44e-01	1.84e-02	2.24e-03	1.11e-05	0.00e+00	7.32e-05	2.53e-12	2.84e-12
 4.08557e+22	8.86e-05	1.97e-02	3.73e-01	4.56e-01	1.33e-01	1.60e-02	1.86e-03	8.47e-06	0.00e+00	8.86e-05	3.23e-12	3.62e-12
 4.11854e+22	1.04e-04	2.20e-02	3.92e-01	4.46e-01	1.24e-01	1.41e-02	1.58e-03	6.67e-06	0.00e+00	1.04e-04	3.97e-12	4.44e-12
 4.14450e+22	1.17e-04	2.39e-02	4.06e-01	4.38e-01	1.18e-01	1.29e-02	1.40e-03	5.59e-06	0.00e+00	1.17e-04	4.61e-12	5.14e-12
 4.16975e+22	1.36e-04	2.64e-02	4.23e-01	4.27e-01	1.10e-01	1.15e-02	1.20e-03	4.48e-06	0.00e+00	1.36e-04	5.58e-12	6.20e-12
 4.19554e+22	1.52e-04	2.86e-02	4.37e-01	4.18e-01	1.04e-01	1.04e-02	1.05e-03	3.73e-06	0.00e+00	1.52e-04	6.48e-12	7.18e-12
 4.22203e+22	1.76e-04	3.17e-02	4.55e-01	4.06e-01	9.70e-02	9.18e-03	8.98e-04	2.96e-06	0.00e+00	1.76e-04	7.88e-12	8.68e-12
 4.24909e+22	1.98e-04	3.43e-02	4.70e-01	3.95e-01	9.11e-02	8.25e-03	7.83e-04	2.44e-06	0.00e+00	1.98e-04	9.21e-12	1.01e-11
 4.27689e+22	2.32e-04	3.82e-02	4.89e-01	3.81e-01	8.39e-02	7.18e-03	6.56e-04	1.89e-06	0.00e+00	2.32e-04	1.13e-11	1.24e-11
 4.30465e+22	2.60e-04	4.12e-02	5.03e-01	3.70e-01	7.85e-02	6.44e-03	5.71e-04	1.55e-06	0.00e+00	2.60e-04	1.32e-11	1.43e-11
 4.33237e+22	3.01e-04	4.56e-02	5.21e-01	3.55e-01	7.22e-02	5.60e-03	4.79e-04	1.21e-06	0.00e+00	3.01e-04	1.61e-11	1.73e-11
 4.36083e+22	3.38e-04	4.93e-02	5.35e-01	3.43e-01	6.71e-02	4.97e-03	4.13e-04	9.76e-07	0.00e+00	3.38e-04	1.89e-11	2.02e-11
 4.39027e+22	3.95e-04	5.46e-02	5.53e-01	3.26e-01	6.10e-02	4.25e-03	3.40e-04	7.41e-07	0.00e+00	3.95e-04	2.33e-11	2.47e-11
 4.41993e+22	4.41e-04	5.88e-02	5.66e-01	3.14e-01	5.65e-02	3.77e-03	2.92e-04	5.98e-07	0.00e+00	4.41e-04	2.72e-11	2.86e-11
 4.44989e+22	5.14e-04	6.50e-02	5.83e-01	2.97e-01	5.11e-02	3.20e-03	2.39e-04	4.50e-07	0.00e+00	5.14e-04	3.37e-11	3.49e-11
 4.47788e+22	5.59e-04	6.87e-02	5.93e-01	2.87e-01	4.77e-02	2.89e-03	2.10e-04	3.76e-07	0.00e+00	5.59e-04	3.81e-11	3.91e-11
 4.49775e+22	6.00e-04	7.20e-02	6.01e-01	2.78e-01	4.51e-02	2.65e-03	1.89e-04	3.24e-07	0.00e+00	6.00e-04	4.22e-11	4.31e-11
 4.51804e+22	6.62e-04	7.68e-02	6.11e-01	2.67e-01	4.21e-02	2.37e-03	1.65e-04	2.68e-07	0.00e+00	6.62e-04	4.86e-11	4.91e-11
 4.54069e+22	7.23e-04	8.13e-02	6.20e-01	2.56e-01	3.92e-02	2.12e-03	1.45e-04	2.23e-07	0.00e+00	7.23e-04	5.53e-11	5.53e-11
 4.56643e+22	8.21e-04	8.83e-02	6.31e-01	2.42e-01	3.56e-02	1.83e-03	1.21e-04	1.73e-07	0.00e+00	8.21e-04	6.63e-11	6.54e-11
 4.58906e+22	8.63e-04	9.12e-02	6.37e-01	2.35e-01	3.38e-02	1.69e-03	1.10e-04	1.52e-07	0.00e+00	8.63e-04	7.18e-11	7.03e-11
 4.60764e+22	9.41e-04	9.64e-02	6.44e-01	2.25e-01	3.16e-02	1.52e-03	9.67e-05	0.00e+00	0.00e+00	9.41e-04	8.15e-11	7.89e-11
 4.63180e+22	1.05e-03	1.03e-01	6.52e-01	2.13e-01	2.89e-02	1.32e-03	8.19e-05	0.00e+00	0.00e+00	1.05e-03	9.59e-11	9.14e-11
 4.65863e+22	1.16e-03	1.10e-01	6.60e-01	2.01e-01	2.64e-02	1.15e-03	6.95e-05	0.00e+00	0.00e+00	1.16e-03	1.12e-10	1.05e-10
 4.68126e+22	1.24e-03	1.15e-01	6.65e-01	1.93e-01	2.47e-02	1.05e-03	6.18e-05	0.00e+00	0.00e+00	1.24e-03	1.23e-10	1.15e-10
 4.70299e+22	1.37e-03	1.22e-01	6.70e-01	1.82e-01	2.27e-02	9.17e-04	5.29e-05	0.00e+00	0.00e+00	1.37e-03	1.43e-10	1.31e-10
 4.73123e+22	1.55e-03	1.32e-01	6.76e-01	1.69e-01	2.03e-02	7.72e-04	4.32e-05	0.00e+00	0.00e+00	1.55e-03	1.73e-10	1.56e-10
 4.76115e+22	1.71e-03	1.41e-01	6.81e-01	1.58e-01	1.83e-02	6.64e-04	3.62e-05	0.00e+00	0.00e+00	1.71e-03	2.02e-10	1.79e-10
 4.79323e+22	1.97e-03	1.53e-01	6.84e-01	1.44e-01	1.60e-02	5.41e-04	2.85e-05	0.00e+00	0.00e+00	1.97e-03	2.51e-10	2.17e-10
 4.82774e+22	2.22e-03	1.65e-01	6.87e-01	1.32e-01	1.42e-02	4.50e-04	2.31e-05	0.00e+00	0.00e+00	2.22e-03	3.01e-10	2.55e-10
 4.86541e+22	2.62e-03	1.82e-01	6.86e-01	1.16e-01	1.21e-02	3.50e-04	1.73e-05	0.00e+00	0.00e+00	2.62e-03	3.88e-10	3.19e-10
 4.90305e+22	2.93e-03	1.95e-01	6.86e-01	1.06e-01	1.06e-02	2.89e-04	1.39e-05	0.00e+00	0.00e+00	2.93e-03	4.63e-10	3.74e-10
 4.94067e+22	3.47e-03	2.15e-01	6.80e-01	9.23e-02	8.95e-03	2.22e-04	1.03e-05	0.00e+00	0.00e+00	3.47e-03	5.98e-10	4.69e-10
 4.97870e+22	3.91e-03	2.31e-01	6.75e-01	8.26e-02	7.80e-03	1.80e-04	8.18e-06	0.00e+00	0.00e+00	3.91e-03	7.22e-10	5.54e-10
 5.01725e+22	4.68e-03	2.56e-01	6.63e-01	7.05e-02	6.49e-03	1.34e-04	5.96e-06	0.00e+00	0.00e+00	4.68e-03	9.41e-10	7.04e-10
 5.05595e+22	5.33e-03	2.75e-01	6.52e-01	6.19e-02	5.60e-03	1.07e-04	4.64e-06	0.00e+00	0.00e+00	5.33e-03	1.15e-09	8.40e-10
 5.09485e+22	6.43e-03	3.05e-01	6.32e-01	5.16e-02	4.61e-03	7.77e-05	3.32e-06	0.00e+00	0.00e+00	6.43e-03	1.51e-09	1.08e-09
 5.12937e+22	7.11e-03	3.22e-01	6.21e-01	4.61e-02	4.10e-03	6.42e-05	2.72e-06	0.00e+00	0.00e+00	7.11e-03	1.75e-09	1.23e-09
 5.15821e+22	8.26e-03	3.49e-01	6.00e-01	3.95e-02	3.51e-03	4.95e-05	2.08e-06	0.00e+00	0.00e+00	8.26e-03	2.17e-09	1.50e-09
 5.18756e+22	9.34e-03	3.72e-01	5.82e-01	3.44e-02	3.08e-03	3.97e-05	1.66e-06	0.00e+00	0.00e+00	9.34e-03	2.58e-09	1.75e-09
 5.21321e+22	1.06e-02	3.95e-01	5.61e-01	2.99e-02	2.71e-03	3.18e-05	1.33e-06	0.00e+00	0.00e+00	1.06e-02	3.05e-09	2.05e-09
 5.24219e+22	1.25e-02	4.29e-01	5.32e-01	2.47e-02	2.28e-03	2.35e-05	9.90e-07	0.00e+00	0.00e+00	1.25e-02	3.83e-09	2.53e-09
 5.27141e+22	1.44e-02	4.58e-01	5.05e-01	2.08e-02	1.96e-03	1.80e-05	7.66e-07	0.00e+00	0.00e+00	1.44e-02	4.62e-09	3.01e-09
 5.29658e+22	1.64e-02	4.87e-01	4.77e-01	1.74e-02	1.70e-03	1.38e-05	5.97e-07	0.00e+00	0.00e+00	1.64e-02	5.53e-09	3.57e-09
 5.32494e+22	1.97e-02	5.26e-01	4.39e-01	1.37e-02	1.39e-03	9.71e-06	4.26e-07	0.00e+00	0.00e+00	1.97e-02	6.98e-09	4.45e-09
 5.35434e+22	2.32e-02	5.62e-01	4.02e-01	1.09e-02	1.16e-03	6.92e-06	3.11e-07	0.00e+00	0.00e+00	2.32e-02	8.62e-09	5.44e-09
 5.38061e+22	2.73e-02	5.98e-01	3.65e-01	8.56e-03	9.62e-04	4.91e-06	2.26e-07	0.00e+00	0.00e+00	2.73e-02	1.06e-08	6.62e-09
 5.41030e+22	3.36e-02	6.41e-01	3.18e-01	6.21e-03	7.51e-04	3.11e-06	1.49e-07	0.00e+00	0.00e+00	3.36e-02	1.37e-08	8.48e-09
 5.44183e+22	4.13e-02	6.81e-01	2.72e-01	4.40e-03	5.79e-04	1.93e-06	0.00e+00	0.00e+00	0.00e+00	4.13e-02	1.76e-08	1.08e-08
 5.46931e+22	5.00e-02	7.14e-01	2.32e-01	3.17e-03	4.51e-04	1.22e-06	0.00e+00	0.00e+00	0.00e+00	5.00e-02	2.20e-08	1.35e-08
 5.49423e+22	6.01e-02	7.42e-01	1.96e-01	2.26e-03	3.49e-04	7.70e-07	0.00e+00	0.00e+00	0.00e+00	6.01e-02	2.73e-08	1.66e-08
 5.51735e+22	7.11e-02	7.63e-01	1.64e-01	1.64e-03	2.72e-04	4.97e-07	0.00e+00	0.00e+00	0.00e+00	7.11e-02	3.32e-08	2.01e-08
 5.53222e+22	7.89e-02	7.72e-01	1.48e-01	1.36e-03	2.34e-04	3.82e-07	0.00e+00	0.00e+00	0.00e+00	7.89e-02	3.71e-08	2.24e-08
 5.53829e+22	8.20e-02	7.75e-01	1.41e-01	1.26e-03	2.21e-04	3.44e-07	0.00e+00	0.00e+00	0.00e+00	8.20e-02	3.88e-08	2.34e-08
 5.54318e+22	8.54e-02	7.78e-01	1.35e-01	1.16e-03	2.07e-04	3.07e-07	0.00e+00	0.00e+00	0.00e+00	8.54e-02	4.06e-08	2.45e-08
 5.54931e+22	8.97e-02	7.82e-01	1.27e-01	1.05e-03	1.90e-04	2.67e-07	0.00e+00	0.00e+00	0.00e+00	8.97e-02	4.30e-08	2.59e-08
 5.55611e+22	9.48e-02	7.85e-01	1.19e-01	9.42e-04	1.74e-04	2.29e-07	0.00e+00	0.00e+00	0.00e+00	9.48e-02	4.57e-08	2.75e-08
 5.56277e+22	9.98e-02	7.87e-01	1.12e-01	8.48e-04	1.59e-04	1.98e-07	0.00e+00	0.00e+00	0.00e+00	9.98e-02	4.84e-08	2.91e-08
 5.56915e+22	1.05e-01	7.89e-01	1.05e-01	7.63e-04	1.45e-04	1.70e-07	0.00e+00	0.00e+00	0.00e+00	1.05e-01	5.12e-08	3.08e-08
 5.57531e+22	1.10e-01	7.90e-01	9.84e-02	6.91e-04	1.33e-04	1.48e-07	0.00e+00	0.00e+00	0.00e+00	1.10e-01	5.41e-08	3.25e-08
 5.58126e+22	1.16e-01	7.91e-01	9.23e-02	6.26e-04	1.22e-04	1.28e-07	0.00e+00	0.00e+00	0.00e+00	1.16e-01	5.70e-08	3.43e-08
 5.58717e+22	1.22e-01	7.91e-01	8.65e-02	5.67e-04	1.12e-04	0.00e+00	0.00e+00	0.00e+00	0.00e+00	1.22e-01	6.01e-08	3.61e-08
 5.59317e+22	1.28e-01	7.91e-01	8.09e-02	5.12e-04	1.02e-04	0.00e+00	0.00e+00	0.00e+00	0.00e+00	1.28e-01	6.34e-08	3.81e-08
 5.59906e+22	1.34e-01	7.90e-01	7.56e-02	4.64e-04	9.32e-05	0.00e+00	0.00e+00	0.00e+00	0.00e+00	1.34e-01	6.68e-08	4.00e-08
 5.60481e+22	1.41e-01	7.88e-01	7.06e-02	4.20e-04	8.50e-05	0.00e+00	0.00e+00	0.00e+00	0.00e+00	1.41e-01	7.03e-08	4.21e-08
 5.61056e+22	1.48e-01	7.86e-01	6.59e-02	3.80e-04	7.73e-05	0.00e+00	0.00e+00	0.00e+00	0.00e+00	1.48e-01	7.40e-08	4.43e-08
 5.61610e+22	1.55e-01	7.84e-01	6.15e-02	3.46e-04	7.05e-05	0.00e+00	0.00e+00	0.00e+00	0.00e+00	1.55e-01	7.76e-08	4.65e-08
 5.62155e+22	1.61e-01	7.81e-01	5.76e-02	3.16e-04	6.46e-05	0.00e+00	0.00e+00	0.00e+00	0.00e+00	1.61e-01	8.12e-08	4.86e-08
 5.62728e+22	1.70e-01	7.77e-01	5.34e-02	2.85e-04	5.82e-05	0.00e+00	0.00e+00	0.00e+00	0.00e+00	1.70e-01	8.55e-08	5.11e-08
 5.63293e+22	1.77e-01	7.73e-01	4.97e-02	2.60e-04	5.30e-05	0.00e+00	0.00e+00	0.00e+00	0.00e+00	1.77e-01	8.95e-08	5.35e-08
 5.63838e+22	1.86e-01	7.68e-01	4.62e-02	2.36e-04	4.79e-05	0.00e+00	0.00e+00	0.00e+00	0.00e+00	1.86e-01	9.39e-08	5.61e-08
 5.64372e+22	1.94e-01	7.63e-01	4.31e-02	2.16e-04	4.37e-05	0.00e+00	0.00e+00	0.00e+00	0.00e+00	1.94e-01	9.79e-08	5.85e-08
 5.64908e+22	2.03e-01	7.57e-01	3.99e-02	1.96e-04	3.94e-05	0.00e+00	0.00e+00	0.00e+00	0.00e+00	2.03e-01	1.02e-07	6.12e-08
 5.65454e+22	2.12e-01	7.51e-01	3.69e-02	1.79e-04	3.55e-05	0.00e+00	0.00e+00	0.00e+00	0.00e+00	2.12e-01	1.07e-07	6.40e-08
 5.65968e+22	2.21e-01	7.44e-01	3.44e-02	1.64e-04	3.22e-05	0.00e+00	0.00e+00	0.00e+00	0.00e+00	2.21e-01	1.12e-07	6.66e-08
 5.66471e+22	2.30e-01	7.38e-01	3.20e-02	1.51e-04	2.94e-05	0.00e+00	0.00e+00	0.00e+00	0.00e+00	2.30e-01	1.16e-07	6.91e-08
 5.67019e+22	2.41e-01	7.30e-01	2.95e-02	1.37e-04	2.62e-05	0.00e+00	0.00e+00	0.00e+00	0.00e+00	2.41e-01	1.21e-07	7.22e-08
 5.67576e+22	2.52e-01	7.21e-01	2.71e-02	1.25e-04	2.34e-05	0.00e+00	0.00e+00	0.00e+00	0.00e+00	2.52e-01	1.26e-07	7.53e-08
 5.68081e+22	2.62e-01	7.13e-01	2.52e-02	1.15e-04	2.12e-05	0.00e+00	0.00e+00	0.00e+00	0.00e+00	2.62e-01	1.31e-07	7.81e-08
 5.68573e+22	2.71e-01	7.05e-01	2.34e-02	1.06e-04	1.93e-05	0.00e+00	0.00e+00	0.00e+00	0.00e+00	2.71e-01	1.36e-07	8.08e-08
 5.69119e+22	2.84e-01	6.95e-01	2.14e-02	9.70e-05	1.71e-05	0.00e+00	0.00e+00	0.00e+00	0.00e+00	2.84e-01	1.41e-07	8.41e-08
 5.69680e+22	2.96e-01	6.84e-01	1.96e-02	8.84e-05	1.52e-05	0.00e+00	0.00e+00	0.00e+00	0.00e+00	2.96e-01	1.47e-07	8.74e-08
 5.70182e+22	3.07e-01	6.74e-01	1.81e-02	8.17e-05	1.37e-05	0.00e+00	0.00e+00	0.00e+00	0.00e+00	3.07e-01	1.52e-07	9.02e-08
 5.70669e+22	3.18e-01	6.65e-01	1.68e-02	7.59e-05	1.24e-05	0.00e+00	0.00e+00	0.00e+00	0.00e+00	3.18e-01	1.56e-07	9.29e-08
 5.71222e+22	3.31e-01	6.54e-01	1.54e-02	6.94e-05	1.10e-05	0.00e+00	0.00e+00	0.00e+00	0.00e+00	3.31e-01	1.62e-07	9.62e-08
 5.71805e+22	3.45e-01	6.41e-01	1.40e-02	6.34e-05	9.73e-06	0.00e+00	0.00e+00	0.00e+00	0.00e+00	3.45e-01	1.67e-07	9.95e-08
 5.72345e+22	3.58e-01	6.29e-01	1.28e-02	5.83e-05	8.65e-06	0.00e+00	0.00e+00	0.00e+00	0.00e+00	3.58e-01	1.73e-07	1.03e-07
 5.72856e+22	3.70e-01	6.18e-01	1.18e-02	5.41e-05	7.76e-06	0.00e+00	0.00e+00	0.00e+00	0.00e+00	3.70e-01	1.77e-07	1.05e-07
 5.73392e+22	3.84e-01	6.05e-01	1.08e-02	4.99e-05	6.90e-06	0.00e+00	0.00e+00	0.00e+00	0.00e+00	3.84e-01	1.82e-07	1.08e-07
 5.73959e+22	3.98e-01	5.92e-01	9.77e-03	4.58e-05	6.09e-06	0.00e+00	0.00e+00	0.00e+00	0.00e+00	3.98e-01	1.87e-07	1.11e-07
 5.74514e+22	4.12e-01	5.79e-01	8.91e-03	4.23e-05	5.39e-06	0.00e+00	0.00e+00	0.00e+00	0.00e+00	4.12e-01	1.92e-07	1.14e-07
 5.75062e+22	4.26e-01	5.66e-01	8.11e-03	3.91e-05	4.78e-06	0.00e+00	0.00e+00	0.00e+00	0.00e+00	4.26e-01	1.97e-07	1.17e-07
 5.75616e+22	4.40e-01	5.53e-01	7.40e-03	3.62e-05	4.24e-06	0.00e+00	0.00e+00	0.00e+00	0.00e+00	4.40e-01	2.01e-07	1.19e-07
 5.76196e+22	4.55e-01	5.38e-01	6.69e-03	3.33e-05	3.72e-06	0.00e+00	0.00e+00	0.00e+00	0.00e+00	4.55e-01	2.06e-07	1.22e-07
 5.76780e+22	4.69e-01	5.25e-01	6.07e-03	3.09e-05	3.29e-06	0.00e+00	0.00e+00	0.00e+00	0.00e+00	4.69e-01	2.10e-07	1.24e-07
 5.77378e+22	4.84e-01	5.11e-01	5.48e-03	2.85e-05	2.89e-06	0.00e+00	0.00e+00	0.00e+00	0.00e+00	4.84e-01	2.14e-07	1.26e-07
 5.78002e+22	4.99e-01	4.96e-01	4.94e-03	2.63e-05	2.52e-06	0.00e+00	0.00e+00	0.00e+00	0.00e+00	4.99e-01	2.17e-07	1.29e-07
 5.78617e+22	5.14e-01	4.82e-01	4.45e-03	2.43e-05	2.22e-06	0.00e+00	0.00e+00	0.00e+00	0.00e+00	5.14e-01	2.21e-07	1.31e-07
 5.79239e+22	5.29e-01	4.67e-01	4.01e-03	2.24e-05	1.94e-06	0.00e+00	0.00e+00	0.00e+00	0.00e+00	5.29e-01	2.24e-07	1.33e-07
 5.79869e+22	5.43e-01	4.54e-01	3.61e-03	2.08e-05	1.70e-06	0.00e+00	0.00e+00	0.00e+00	0.00e+00	5.43e-01	2.27e-07	1.34e-07
 5.80532e+22	5.58e-01	4.38e-01	3.23e-03	1.92e-05	1.48e-06	0.00e+00	0.00e+00	0.00e+00	0.00e+00	5.58e-01	2.30e-07	1.36e-07
 5.81213e+22	5.72e-01	4.25e-01	2.89e-03	1.78e-05	1.29e-06	0.00e+00	0.00e+00	0.00e+00	0.00e+00	5.72e-01	2.32e-07	1.37e-07
 5.81919e+22	5.88e-01	4.10e-01	2.58e-03	1.64e-05	1.12e-06	0.00e+00	0.00e+00	0.00e+00	0.00e+00	5.88e-01	2.35e-07	1.39e-07
 5.82609e+22	6.02e-01	3.96e-01	2.31e-03	1.52e-05	9.75e-07	0.00e+00	0.00e+00	0.00e+00	0.00e+00	6.02e-01	2.36e-07	1.40e-07
 5.83201e+22	6.13e-01	3.85e-01	2.11e-03	1.43e-05	8.73e-07	0.00e+00	0.00e+00	0.00e+00	0.00e+00	6.13e-01	2.38e-07	1.40e-07
 5.83792e+22	6.24e-01	3.74e-01	1.92e-03	1.34e-05	7.78e-07	0.00e+00	0.00e+00	0.00e+00	0.00e+00	6.24e-01	2.39e-07	1.41e-07
 5.84442e+22	6.36e-01	3.62e-01	1.74e-03	1.26e-05	6.88e-07	0.00e+00	0.00e+00	0.00e+00	0.00e+00	6.36e-01	2.40e-07	1.42e-07
 5.85124e+22	6.48e-01	3.50e-01	1.56e-03	1.17e-05	6.05e-07	0.00e+00	0.00e+00	0.00e+00	0.00e+00	6.48e-01	2.41e-07	1.42e-07
 5.85802e+22	6.59e-01	3.39e-01	1.42e-03	1.10e-05	5.36e-07	0.00e+00	0.00e+00	0.00e+00	0.00e+00	6.59e-01	2.42e-07	1.43e-07
 5.86490e+22	6.71e-01	3.28e-01	1.28e-03	1.03e-05	4.74e-07	0.00e+00	0.00e+00	0.00e+00	0.00e+00	6.71e-01	2.43e-07	1.43e-07
 5.87208e+22	6.82e-01	3.17e-01	1.15e-03	9.63e-06	4.18e-07	0.00e+00	0.00e+00	0.00e+00	0.00e+00	6.82e-01	2.43e-07	1.43e-07
 5.87929e+22	6.93e-01	3.06e-01	1.04e-03	9.04e-06	3.70e-07	0.00e+00	0.00e+00	0.00e+00	0.00e+00	6.93e-01	2.43e-07	1.43e-07
 5.88663e+22	7.03e-01	2.96e-01	9.44e-04	8.48e-06	3.28e-07	0.00e+00	0.00e+00	0.00e+00	0.00e+00	7.03e-01	2.44e-07	1.43e-07
 5.89441e+22	7.14e-01	2.86e-01	8.50e-04	7.93e-06	2.88e-07	0.00e+00	0.00e+00	0.00e+00	0.00e+00	7.14e-01	2.44e-07	1.43e-07
 5.90242e+22	7.23e-01	2.76e-01	7.68e-04	7.43e-06	2.55e-07	0.00e+00	0.00e+00	0.00e+00	0.00e+00	7.23e-01	2.44e-07	1.43e-07
 5.91061e+22	7.34e-01	2.66e-01	6.93e-04	6.95e-06	2.25e-07	0.00e+00	0.00e+00	0.00e+00	0.00e+00	7.34e-01	2.44e-07	1.43e-07
 5.91906e+22	7.43e-01	2.57e-01	6.27e-04	6.53e-06	1.99e-07	0.00e+00	0.00e+00	0.00e+00	0.00e+00	7.43e-01	2.44e-07	1.43e-07
 5.92792e+22	7.52e-01	2.47e-01	5.67e-04	6.11e-06	1.76e-07	0.00e+00	0.00e+00	0.00e+00	0.00e+00	7.52e-01	2.44e-07	1.43e-07
 5.93726e+22	7.62e-01	2.38e-01	5.12e-04	5.71e-06	1.55e-07	0.00e+00	0.00e+00	0.00e+00	0.00e+00	7.62e-01	2.44e-07	1.43e-07
 5.94678e+22	7.70e-01	2.29e-01	4.64e-04	5.35e-06	1.38e-07	0.00e+00	0.00e+00	0.00e+00	0.00e+00	7.70e-01	2.44e-07	1.43e-07
 5.95669e+22	7.79e-01	2.21e-01	4.22e-04	5.01e-06	0.00e+00	0.00e+00	0.00e+00	0.00e+00	0.00e+00	7.79e-01	2.44e-07	1.43e-07
 5.96732e+22	7.87e-01	2.13e-01	3.83e-04	4.68e-06	0.00e+00	0.00e+00	0.00e+00	0.00e+00	0.00e+00	7.87e-01	2.44e-07	1.43e-07
 5.97860e+22	7.95e-01	2.04e-01	3.48e-04	4.37e-06	0.00e+00	0.00e+00	0.00e+00	0.00e+00	0.00e+00	7.95e-01	2.44e-07	1.43e-07
 5.99039e+22	8.03e-01	1.97e-01	3.18e-04	4.09e-06	0.00e+00	0.00e+00	0.00e+00	0.00e+00	0.00e+00	8.03e-01	2.45e-07	1.43e-07
 6.00291e+22	8.10e-01	1.89e-01	2.91e-04	3.82e-06	0.00e+00	0.00e+00	0.00e+00	0.00e+00	0.00e+00	8.10e-01	2.45e-07	1.43e-07
 6.01633e+22	8.18e-01	1.82e-01	2.66e-04	3.57e-06	0.00e+00	0.00e+00	0.00e+00	0.00e+00	0.00e+00	8.18e-01	2.46e-07	1.43e-07
 6.03046e+22	8.24e-01	1.75e-01	2.45e-04	3.33e-06	0.00e+00	0.00e+00	0.00e+00	0.00e+00	0.00e+00	8.24e-01	2.47e-07	1.44e-07
 6.04523e+22	8.31e-01	1.69e-01	2.26e-04	3.11e-06	0.00e+00	0.00e+00	0.00e+00	0.00e+00	0.00e+00	8.31e-01	2.48e-07	1.45e-07
 6.06085e+22	8.37e-01	1.63e-01	2.10e-04	2.91e-06	0.00e+00	0.00e+00	0.00e+00	0.00e+00	0.00e+00	8.37e-01	2.50e-07	1.45e-07
 6.07735e+22	8.43e-01	1.57e-01	1.95e-04	2.72e-06	0.00e+00	0.00e+00	0.00e+00	0.00e+00	0.00e+00	8.43e-01	2.52e-07	1.46e-07
 6.09474e+22	8.48e-01	1.52e-01	1.81e-04	2.53e-06	0.00e+00	0.00e+00	0.00e+00	0.00e+00	0.00e+00	8.48e-01	2.54e-07	1.48e-07
 6.11290e+22	8.54e-01	1.46e-01	1.69e-04	2.36e-06	0.00e+00	0.00e+00	0.00e+00	0.00e+00	0.00e+00	8.54e-01	2.57e-07	1.49e-07
 6.13140e+22	8.59e-01	1.41e-01	1.59e-04	2.21e-06	0.00e+00	0.00e+00	0.00e+00	0.00e+00	0.00e+00	8.59e-01	2.59e-07	1.50e-07
 6.15007e+22	8.64e-01	1.36e-01	1.50e-04	2.06e-06	0.00e+00	0.00e+00	0.00e+00	0.00e+00	0.00e+00	8.64e-01	2.62e-07	1.51e-07
 6.16838e+22	8.68e-01	1.32e-01	1.42e-04	1.94e-06	0.00e+00	0.00e+00	0.00e+00	0.00e+00	0.00e+00	8.68e-01	2.65e-07	1.53e-07
 6.18631e+22	8.72e-01	1.28e-01	1.35e-04	1.82e-06	0.00e+00	0.00e+00	0.00e+00	0.00e+00	0.00e+00	8.72e-01	2.67e-07	1.54e-07
 6.20428e+22	8.76e-01	1.23e-01	1.29e-04	1.71e-06	0.00e+00	0.00e+00	0.00e+00	0.00e+00	0.00e+00	8.76e-01	2.70e-07	1.56e-07
 6.22199e+22	8.80e-01	1.20e-01	1.23e-04	1.61e-06	0.00e+00	0.00e+00	0.00e+00	0.00e+00	0.00e+00	8.80e-01	2.73e-07	1.57e-07
 6.23948e+22	8.84e-01	1.16e-01	1.18e-04	1.52e-06	0.00e+00	0.00e+00	0.00e+00	0.00e+00	0.00e+00	8.84e-01	2.75e-07	1.57e-07
 6.25684e+22	8.87e-01	1.12e-01	1.14e-04	1.43e-06	0.00e+00	0.00e+00	0.00e+00	0.00e+00	0.00e+00	8.87e-01	2.77e-07	1.57e-07
 6.27371e+22	8.91e-01	1.09e-01	1.10e-04	1.35e-06	0.00e+00	0.00e+00	0.00e+00	0.00e+00	0.00e+00	8.91e-01	2.79e-07	1.57e-07
 6.28994e+22	8.94e-01	1.06e-01	1.06e-04	1.28e-06	0.00e+00	0.00e+00	0.00e+00	0.00e+00	0.00e+00	8.94e-01	2.81e-07	1.57e-07
 6.30583e+22	8.97e-01	1.03e-01	1.03e-04	1.21e-06	0.00e+00	0.00e+00	0.00e+00	0.00e+00	0.00e+00	8.97e-01	2.83e-07	1.57e-07
 6.32143e+22	9.00e-01	9.97e-02	9.97e-05	1.15e-06	0.00e+00	0.00e+00	0.00e+00	0.00e+00	0.00e+00	9.00e-01	2.84e-07	1.57e-07
 6.33670e+22	9.03e-01	9.68e-02	9.70e-05	1.09e-06	0.00e+00	0.00e+00	0.00e+00	0.00e+00	0.00e+00	9.03e-01	2.86e-07	1.57e-07
 6.35153e+22	9.06e-01	9.41e-02	9.46e-05	1.04e-06	0.00e+00	0.00e+00	0.00e+00	0.00e+00	0.00e+00	9.06e-01	2.88e-07	1.57e-07
 6.36591e+22	9.08e-01	9.14e-02	9.24e-05	9.86e-07	0.00e+00	0.00e+00	0.00e+00	0.00e+00	0.00e+00	9.08e-01	2.89e-07	1.57e-07
 6.38003e+22	9.11e-01	8.89e-02	9.04e-05	9.38e-07	0.00e+00	0.00e+00	0.00e+00	0.00e+00	0.00e+00	9.11e-01	2.91e-07	1.56e-07
 6.39407e+22	9.14e-01	8.64e-02	8.85e-05	8.93e-07	0.00e+00	0.00e+00	0.00e+00	0.00e+00	0.00e+00	9.14e-01	2.92e-07	1.56e-07
 6.40798e+22	9.16e-01	8.38e-02	8.68e-05	8.48e-07	0.00e+00	0.00e+00	0.00e+00	0.00e+00	0.00e+00	9.16e-01	2.94e-07	1.56e-07
 6.42139e+22	9.18e-01	8.15e-02	8.53e-05	8.09e-07	0.00e+00	0.00e+00	0.00e+00	0.00e+00	0.00e+00	9.18e-01	2.95e-07	1.56e-07
 6.43436e+22	9.21e-01	7.93e-02	8.39e-05	7.72e-07	0.00e+00	0.00e+00	0.00e+00	0.00e+00	0.00e+00	9.21e-01	2.97e-07	1.55e-07
 6.44703e+22	9.23e-01	7.71e-02	8.27e-05	7.38e-07	0.00e+00	0.00e+00	0.00e+00	0.00e+00	0.00e+00	9.23e-01	2.98e-07	1.55e-07
 6.45912e+22	9.25e-01	7.51e-02	8.16e-05	7.06e-07	0.00e+00	0.00e+00	0.00e+00	0.00e+00	0.00e+00	9.25e-01	2.99e-07	1.55e-07
 6.47043e+22	9.27e-01	7.32e-02	8.07e-05	6.78e-07	0.00e+00	0.00e+00	0.00e+00	0.00e+00	0.00e+00	9.27e-01	3.00e-07	1.54e-07
 6.48107e+22	9.28e-01	7.14e-02	7.98e-05	6.52e-07	0.00e+00	0.00e+00	0.00e+00	0.00e+00	0.00e+00	9.28e-01	3.01e-07	1.54e-07
 6.49126e+22	9.30e-01	6.97e-02	7.92e-05	6.27e-07	0.00e+00	0.00e+00	0.00e+00	0.00e+00	0.00e+00	9.30e-01	3.01e-07	1.54e-07
 6.49922e+22	9.31e-01	6.87e-02	7.87e-05	6.12e-07	0.00e+00	0.00e+00	0.00e+00	0.00e+00	0.00e+00	9.31e-01	3.02e-07	1.53e-07
 6.50400e+22	9.32e-01	6.82e-02	7.86e-05	6.06e-07	0.00e+00	0.00e+00	0.00e+00	0.00e+00	0.00e+00	9.32e-01	3.02e-07	1.53e-07
 6.50726e+22	9.32e-01	6.80e-02	7.84e-05	6.01e-07	0.00e+00	0.00e+00	0.00e+00	0.00e+00	0.00e+00	9.32e-01	3.03e-07	1.53e-07
 6.51040e+22	9.32e-01	6.76e-02	7.84e-05	5.96e-07	0.00e+00	0.00e+00	0.00e+00	0.00e+00	0.00e+00	9.32e-01	3.03e-07	1.53e-07
 6.51397e+22	9.33e-01	6.70e-02	7.82e-05	5.87e-07	0.00e+00	0.00e+00	0.00e+00	0.00e+00	0.00e+00	9.33e-01	3.03e-07	1.53e-07
 6.51765e+22	9.34e-01	6.63e-02	7.79e-05	5.78e-07	0.00e+00	0.00e+00	0.00e+00	0.00e+00	0.00e+00	9.34e-01	3.04e-07	1.53e-07
 6.52117e+22	9.34e-01	6.57e-02	7.77e-05	5.70e-07	0.00e+00	0.00e+00	0.00e+00	0.00e+00	0.00e+00	9.34e-01	3.04e-07	1.53e-07
 6.52460e+22	9.35e-01	6.51e-02	7.75e-05	5.62e-07	0.00e+00	0.00e+00	0.00e+00	0.00e+00	0.00e+00	9.35e-01	3.04e-07	1.52e-07
 6.52804e+22	9.35e-01	6.46e-02	7.73e-05	5.55e-07	0.00e+00	0.00e+00	0.00e+00	0.00e+00	0.00e+00	9.35e-01	3.04e-07	1.52e-07
 6.53158e+22	9.36e-01	6.39e-02	7.70e-05	5.47e-07	0.00e+00	0.00e+00	0.00e+00	0.00e+00	0.00e+00	9.36e-01	3.05e-07	1.52e-07
 6.53516e+22	9.37e-01	6.33e-02	7.68e-05	5.39e-07	0.00e+00	0.00e+00	0.00e+00	0.00e+00	0.00e+00	9.37e-01	3.05e-07	1.52e-07
 6.53869e+22	9.37e-01	6.27e-02	7.66e-05	5.31e-07	0.00e+00	0.00e+00	0.00e+00	0.00e+00	0.00e+00	9.37e-01	3.05e-07	1.52e-07
 6.54218e+22	9.38e-01	6.22e-02	7.64e-05	5.24e-07	0.00e+00	0.00e+00	0.00e+00	0.00e+00	0.00e+00	9.38e-01	3.05e-07	1.52e-07
 6.54585e+22	9.38e-01	6.15e-02	7.62e-05	5.16e-07	0.00e+00	0.00e+00	0.00e+00	0.00e+00	0.00e+00	9.38e-01	3.06e-07	1.52e-07
 6.54975e+22	9.39e-01	6.08e-02	7.60e-05	5.07e-07	0.00e+00	0.00e+00	0.00e+00	0.00e+00	0.00e+00	9.39e-01	3.06e-07	1.52e-07
 6.55362e+22	9.40e-01	6.02e-02	7.58e-05	4.99e-07	0.00e+00	0.00e+00	0.00e+00	0.00e+00	0.00e+00	9.40e-01	3.06e-07	1.51e-07
 6.55744e+22	9.40e-01	5.96e-02	7.56e-05	4.92e-07	0.00e+00	0.00e+00	0.00e+00	0.00e+00	0.00e+00	9.40e-01	3.07e-07	1.51e-07
 6.56135e+22	9.41e-01	5.88e-02	7.54e-05	4.83e-07	0.00e+00	0.00e+00	0.00e+00	0.00e+00	0.00e+00	9.41e-01	3.07e-07	1.51e-07
 6.56522e+22	9.42e-01	5.83e-02	7.52e-05	4.76e-07	0.00e+00	0.00e+00	0.00e+00	0.00e+00	0.00e+00	9.42e-01	3.07e-07	1.51e-07
 6.56910e+22	9.42e-01	5.76e-02	7.50e-05	4.68e-07	0.00e+00	0.00e+00	0.00e+00	0.00e+00	0.00e+00	9.42e-01	3.08e-07	1.51e-07
 6.57304e+22	9.43e-01	5.70e-02	7.48e-05	4.61e-07	0.00e+00	0.00e+00	0.00e+00	0.00e+00	0.00e+00	9.43e-01	3.08e-07	1.51e-07
 6.57706e+22	9.44e-01	5.62e-02	7.46e-05	4.53e-07	0.00e+00	0.00e+00	0.00e+00	0.00e+00	0.00e+00	9.44e-01	3.08e-07	1.51e-07
 6.58117e+22	9.44e-01	5.56e-02	7.43e-05	4.46e-07	0.00e+00	0.00e+00	0.00e+00	0.00e+00	0.00e+00	9.44e-01	3.09e-07	1.51e-07
 6.58531e+22	9.45e-01	5.49e-02	7.42e-05	4.37e-07	0.00e+00	0.00e+00	0.00e+00	0.00e+00	0.00e+00	9.45e-01	3.09e-07	1.50e-07
 6.58948e+22	9.46e-01	5.42e-02	7.39e-05	4.30e-07	0.00e+00	0.00e+00	0.00e+00	0.00e+00	0.00e+00	9.46e-01	3.09e-07	1.50e-07
 6.59364e+22	9.46e-01	5.35e-02	7.38e-05	4.22e-07	0.00e+00	0.00e+00	0.00e+00	0.00e+00	0.00e+00	9.46e-01	3.10e-07	1.50e-07
 6.59767e+22	9.47e-01	5.30e-02	7.35e-05	4.16e-07	0.00e+00	0.00e+00	0.00e+00	0.00e+00	0.00e+00	9.47e-01	3.10e-07	1.50e-07
 6.60185e+22	9.48e-01	5.22e-02	7.33e-05	4.08e-07	0.00e+00	0.00e+00	0.00e+00	0.00e+00	0.00e+00	9.48e-01	3.10e-07	1.50e-07
 6.60610e+22	9.48e-01	5.15e-02	7.31e-05	4.00e-07	0.00e+00	0.00e+00	0.00e+00	0.00e+00	0.00e+00	9.48e-01	3.10e-07	1.50e-07
 6.61037e+22	9.49e-01	5.07e-02	7.30e-05	3.92e-07	0.00e+00	0.00e+00	0.00e+00	0.00e+00	0.00e+00	9.49e-01	3.10e-07	1.49e-07
 6.61464e+22	9.50e-01	5.02e-02	7.27e-05	3.86e-07	0.00e+00	0.00e+00	0.00e+00	0.00e+00	0.00e+00	9.50e-01	3.11e-07	1.49e-07
 6.61905e+22	9.50e-01	4.95e-02	7.24e-05	3.78e-07	0.00e+00	0.00e+00	0.00e+00	0.00e+00	0.00e+00	9.50e-01	3.12e-07	1.49e-07
 6.62358e+22	9.51e-01	4.87e-02	7.22e-05	3.71e-07	0.00e+00	0.00e+00	0.00e+00	0.00e+00	0.00e+00	9.51e-01	3.12e-07	1.49e-07
 6.62771e+22	9.52e-01	4.81e-02	7.20e-05	3.64e-07	0.00e+00	0.00e+00	0.00e+00	0.00e+00	0.00e+00	9.52e-01	3.12e-07	1.49e-07
 6.63146e+22	9.52e-01	4.77e-02	7.17e-05	3.60e-07	0.00e+00	0.00e+00	0.00e+00	0.00e+00	0.00e+00	9.52e-01	3.13e-07	1.49e-07
 6.63558e+22	9.53e-01	4.70e-02	7.15e-05	3.53e-07	0.00e+00	0.00e+00	0.00e+00	0.00e+00	0.00e+00	9.53e-01	3.13e-07	1.49e-07
 6.64002e+22	9.54e-01	4.63e-02	7.12e-05	3.46e-07	0.00e+00	0.00e+00	0.00e+00	0.00e+00	0.00e+00	9.54e-01	3.12e-07	1.49e-07
 6.64406e+22	9.54e-01	4.56e-02	7.10e-05	3.40e-07	0.00e+00	0.00e+00	0.00e+00	0.00e+00	0.00e+00	9.54e-01	3.11e-07	1.48e-07
 6.64773e+22	9.55e-01	4.53e-02	7.07e-05	3.36e-07	0.00e+00	0.00e+00	0.00e+00	0.00e+00	0.00e+00	9.55e-01	3.12e-07	1.48e-07
 6.65176e+22	9.55e-01	4.46e-02	7.04e-05	3.29e-07	0.00e+00	0.00e+00	0.00e+00	0.00e+00	0.00e+00	9.55e-01	3.11e-07	1.48e-07
 6.65611e+22	9.56e-01	4.39e-02	7.01e-05	3.23e-07	0.00e+00	0.00e+00	0.00e+00	0.00e+00	0.00e+00	9.56e-01	3.11e-07	1.48e-07
 6.66007e+22	9.57e-01	4.33e-02	6.99e-05	3.17e-07	0.00e+00	0.00e+00	0.00e+00	0.00e+00	0.00e+00	9.57e-01	3.10e-07	1.48e-07
 6.66368e+22	9.57e-01	4.30e-02	6.96e-05	3.13e-07	0.00e+00	0.00e+00	0.00e+00	0.00e+00	0.00e+00	9.57e-01	3.10e-07	1.48e-07
 6.66762e+22	9.58e-01	4.23e-02	6.92e-05	3.07e-07	0.00e+00	0.00e+00	0.00e+00	0.00e+00	0.00e+00	9.58e-01	3.10e-07	1.48e-07
 6.67189e+22	9.58e-01	4.17e-02	6.89e-05	3.02e-07	0.00e+00	0.00e+00	0.00e+00	0.00e+00	0.00e+00	9.58e-01	3.10e-07	1.48e-07
 6.67576e+22	9.59e-01	4.11e-02	6.86e-05	2.96e-07	0.00e+00	0.00e+00	0.00e+00	0.00e+00	0.00e+00	9.59e-01	3.09e-07	1.47e-07
 6.67929e+22	9.59e-01	4.08e-02	6.83e-05	2.93e-07	0.00e+00	0.00e+00	0.00e+00	0.00e+00	0.00e+00	9.59e-01	3.09e-07	1.48e-07
 6.68316e+22	9.60e-01	4.02e-02	6.79e-05	2.87e-07	0.00e+00	0.00e+00	0.00e+00	0.00e+00	0.00e+00	9.60e-01	3.09e-07	1.47e-07
 6.68734e+22	9.60e-01	3.98e-02	6.75e-05	2.83e-07	0.00e+00	0.00e+00	0.00e+00	0.00e+00	0.00e+00	9.60e-01	3.10e-07	1.48e-07
 6.69191e+22	9.61e-01	3.91e-02	6.70e-05	2.77e-07	0.00e+00	0.00e+00	0.00e+00	0.00e+00	0.00e+00	9.61e-01	3.10e-07	1.48e-07
 6.69685e+22	9.61e-01	3.85e-02	6.65e-05	2.71e-07	0.00e+00	0.00e+00	0.00e+00	0.00e+00	0.00e+00	9.61e-01	3.10e-07	1.48e-07
