#depth	He	He+	He+2
 4.62852e+21	6.08e-08	3.81e-04	1.00e+00
 1.02289e+22	1.00e-07	5.78e-04	9.99e-01
 1.16867e+22	1.25e-07	7.19e-04	9.99e-01
 1.24156e+22	1.37e-07	8.08e-04	9.99e-01
 1.27325e+22	1.41e-07	8.39e-04	9.99e-01
 1.29024e+22	1.45e-07	8.80e-04	9.99e-01
 1.30882e+22	1.49e-07	9.21e-04	9.99e-01
 1.32932e+22	1.54e-07	9.77e-04	9.99e-01
 1.35005e+22	1.57e-07	1.03e-03	9.99e-01
 1.36727e+22	1.60e-07	1.07e-03	9.99e-01
 1.38568e+22	1.63e-07	1.13e-03	9.99e-01
 1.40432e+22	1.64e-07	1.18e-03	9.99e-01
 1.42214e+22	1.66e-07	1.25e-03	9.99e-01
 1.44042e+22	1.67e-07	1.31e-03	9.99e-01
 1.45814e+22	1.67e-07	1.37e-03	9.99e-01
 1.47591e+22	1.67e-07	1.44e-03	9.99e-01
 1.49326e+22	1.67e-07	1.51e-03	9.98e-01
 1.51038e+22	1.66e-07	1.59e-03	9.98e-01
 1.52734e+22	1.66e-07	1.66e-03	9.98e-01
 1.54424e+22	1.66e-07	1.74e-03	9.98e-01
 1.56114e+22	1.66e-07	1.82e-03	9.98e-01
 1.57811e+22	1.66e-07	1.91e-03	9.98e-01
 1.59520e+22	1.68e-07	2.00e-03	9.98e-01
 1.61253e+22	1.69e-07	2.10e-03	9.98e-01
 1.63013e+22	1.72e-07	2.20e-03	9.98e-01
 1.64802e+22	1.75e-07	2.30e-03	9.98e-01
 1.66598e+22	1.80e-07	2.41e-03	9.98e-01
 1.68437e+22	1.86e-07	2.53e-03	9.97e-01
 1.70292e+22	1.94e-07	2.65e-03	9.97e-01
 1.72199e+22	2.03e-07	2.78e-03	9.97e-01
 1.73991e+22	2.12e-07	2.89e-03	9.97e-01
 1.75811e+22	2.26e-07	3.04e-03	9.97e-01
 1.77654e+22	2.38e-07	3.16e-03	9.97e-01
 1.79528e+22	2.56e-07	3.33e-03	9.97e-01
 1.81447e+22	2.72e-07	3.46e-03	9.97e-01
 1.83425e+22	2.95e-07	3.64e-03	9.96e-01
 1.85436e+22	3.15e-07	3.79e-03	9.96e-01
 1.87491e+22	3.45e-07	3.99e-03	9.96e-01
 1.89554e+22	3.71e-07	4.15e-03	9.96e-01
 1.91628e+22	4.07e-07	4.37e-03	9.96e-01
 1.93728e+22	4.39e-07	4.55e-03	9.95e-01
 1.95861e+22	4.84e-07	4.79e-03	9.95e-01
 1.98030e+22	5.23e-07	4.99e-03	9.95e-01
 2.00248e+22	5.80e-07	5.26e-03	9.95e-01
 2.02508e+22	6.28e-07	5.49e-03	9.95e-01
 2.04825e+22	7.00e-07	5.79e-03	9.94e-01
 2.07196e+22	7.61e-07	6.05e-03	9.94e-01
 2.09196e+22	8.21e-07	6.28e-03	9.94e-01
 2.11354e+22	9.07e-07	6.60e-03	9.93e-01
 2.13524e+22	9.76e-07	6.85e-03	9.93e-01
 2.15709e+22	1.08e-06	7.20e-03	9.93e-01
 2.17866e+22	1.16e-06	7.46e-03	9.93e-01
 2.19987e+22	1.27e-06	7.82e-03	9.92e-01
 2.22139e+22	1.37e-06	8.11e-03	9.92e-01
 2.24331e+22	1.51e-06	8.50e-03	9.91e-01
 2.26562e+22	1.63e-06	8.83e-03	9.91e-01
 2.28845e+22	1.80e-06	9.28e-03	9.91e-01
 2.31161e+22	1.94e-06	9.64e-03	9.90e-01
 2.33521e+22	2.15e-06	1.01e-02	9.90e-01
 2.35907e+22	2.32e-06	1.05e-02	9.89e-01
 2.38329e+22	2.58e-06	1.11e-02	9.89e-01
 2.40791e+22	2.79e-06	1.15e-02	9.88e-01
 2.43306e+22	3.11e-06	1.22e-02	9.88e-01
 2.45861e+22	3.38e-06	1.27e-02	9.87e-01
 2.48469e+22	3.77e-06	1.34e-02	9.87e-01
 2.51102e+22	4.09e-06	1.39e-02	9.86e-01
 2.53347e+22	4.43e-06	1.45e-02	9.86e-01
 2.55844e+22	4.90e-06	1.52e-02	9.85e-01
 2.58364e+22	5.31e-06	1.59e-02	9.84e-01
 2.60917e+22	5.87e-06	1.67e-02	9.83e-01
 2.63396e+22	6.33e-06	1.73e-02	9.83e-01
 2.65452e+22	6.82e-06	1.79e-02	9.82e-01
 2.67796e+22	7.46e-06	1.88e-02	9.81e-01
 2.70215e+22	8.07e-06	1.95e-02	9.80e-01
 2.72389e+22	8.72e-06	2.03e-02	9.80e-01
 2.74872e+22	9.58e-06	2.12e-02	9.79e-01
 2.77434e+22	1.04e-05	2.21e-02	9.78e-01
 2.79715e+22	1.13e-05	2.30e-02	9.77e-01
 2.82300e+22	1.24e-05	2.41e-02	9.76e-01
 2.84997e+22	1.36e-05	2.52e-02	9.75e-01
 2.87433e+22	1.47e-05	2.62e-02	9.74e-01
 2.90191e+22	1.63e-05	2.76e-02	9.72e-01
 2.93024e+22	1.79e-05	2.89e-02	9.71e-01
 2.95542e+22	1.95e-05	3.01e-02	9.70e-01
 2.98401e+22	2.16e-05	3.17e-02	9.68e-01
 3.01353e+22	2.38e-05	3.32e-02	9.67e-01
 3.03964e+22	2.59e-05	3.46e-02	9.65e-01
 3.06895e+22	2.89e-05	3.65e-02	9.63e-01
 3.09890e+22	3.17e-05	3.82e-02	9.62e-01
 3.12549e+22	3.46e-05	3.99e-02	9.60e-01
 3.15588e+22	3.87e-05	4.21e-02	9.58e-01
 3.18690e+22	4.26e-05	4.42e-02	9.56e-01
 3.21447e+22	4.66e-05	4.61e-02	9.54e-01
 3.24604e+22	5.22e-05	4.88e-02	9.51e-01
 3.27830e+22	5.76e-05	5.12e-02	9.49e-01
 3.30589e+22	6.29e-05	5.34e-02	9.47e-01
 3.33618e+22	7.00e-05	5.63e-02	9.44e-01
 3.36724e+22	7.68e-05	5.89e-02	9.41e-01
 3.39492e+22	8.40e-05	6.15e-02	9.38e-01
 3.42651e+22	9.39e-05	6.49e-02	9.35e-01
 3.45863e+22	1.03e-04	6.80e-02	9.32e-01
 3.48590e+22	1.12e-04	7.09e-02	9.29e-01
 3.51585e+22	1.25e-04	7.45e-02	9.25e-01
 3.54659e+22	1.36e-04	7.78e-02	9.22e-01
 3.57125e+22	1.46e-04	8.04e-02	9.19e-01
 3.59621e+22	1.59e-04	8.38e-02	9.16e-01
 3.62158e+22	1.71e-04	8.68e-02	9.13e-01
 3.64751e+22	1.86e-04	9.05e-02	9.09e-01
 3.67372e+22	2.00e-04	9.38e-02	9.06e-01
 3.69678e+22	2.15e-04	9.70e-02	9.03e-01
 3.72325e+22	2.35e-04	1.01e-01	8.98e-01
 3.74993e+22	2.52e-04	1.05e-01	8.95e-01
 3.77691e+22	2.77e-04	1.10e-01	8.90e-01
 3.80403e+22	2.97e-04	1.13e-01	8.86e-01
 3.83133e+22	3.25e-04	1.18e-01	8.81e-01
 3.85724e+22	3.45e-04	1.22e-01	8.78e-01
 3.88133e+22	3.73e-04	1.27e-01	8.73e-01
 3.90807e+22	4.03e-04	1.32e-01	8.68e-01
 3.93410e+22	4.34e-04	1.36e-01	8.63e-01
 3.96380e+22	4.80e-04	1.43e-01	8.57e-01
 3.99347e+22	5.17e-04	1.48e-01	8.52e-01
 4.02311e+22	5.69e-04	1.55e-01	8.45e-01
 4.05372e+22	6.16e-04	1.60e-01	8.39e-01
 4.08557e+22	6.80e-04	1.68e-01	8.31e-01
 4.11854e+22	7.42e-04	1.75e-01	8.24e-01
 4.14450e+22	7.91e-04	1.80e-01	8.19e-01
 4.16975e+22	8.56e-04	1.87e-01	8.12e-01
 4.19554e+22	9.12e-04	1.92e-01	8.07e-01
 4.22203e+22	9.87e-04	1.99e-01	8.00e-01
 4.24909e+22	1.06e-03	2.06e-01	7.93e-01
 4.27689e+22	1.15e-03	2.14e-01	7.85e-01
 4.30465e+22	1.23e-03	2.20e-01	7.78e-01
 4.33237e+22	1.33e-03	2.29e-01	7.70e-01
 4.36083e+22	1.43e-03	2.36e-01	7.63e-01
 4.39027e+22	1.56e-03	2.46e-01	7.53e-01
 4.41993e+22	1.67e-03	2.53e-01	7.45e-01
 4.44989e+22	1.83e-03	2.63e-01	7.35e-01
 4.47788e+22	1.94e-03	2.70e-01	7.28e-01
 4.49775e+22	2.03e-03	2.76e-01	7.22e-01
 4.51804e+22	2.15e-03	2.83e-01	7.15e-01
 4.54069e+22	2.27e-03	2.90e-01	7.08e-01
 4.56643e+22	2.45e-03	3.00e-01	6.98e-01
 4.58906e+22	2.55e-03	3.05e-01	6.92e-01
 4.60764e+22	2.69e-03	3.13e-01	6.85e-01
 4.63180e+22	2.87e-03	3.22e-01	6.75e-01
 4.65863e+22	3.07e-03	3.31e-01	6.66e-01
 4.68126e+22	3.22e-03	3.38e-01	6.58e-01
 4.70299e+22	3.42e-03	3.48e-01	6.49e-01
 4.73123e+22	3.71e-03	3.59e-01	6.37e-01
 4.76115e+22	3.97e-03	3.70e-01	6.26e-01
 4.79323e+22	4.35e-03	3.85e-01	6.11e-01
 4.82774e+22	4.72e-03	3.99e-01	5.97e-01
 4.86541e+22	5.25e-03	4.17e-01	5.78e-01
 4.90305e+22	5.70e-03	4.32e-01	5.63e-01
 4.94067e+22	6.35e-03	4.51e-01	5.43e-01
 4.97870e+22	6.92e-03	4.67e-01	5.26e-01
 5.01725e+22	7.74e-03	4.87e-01	5.05e-01
 5.05595e+22	8.46e-03	5.05e-01	4.86e-01
 5.09485e+22	9.49e-03	5.27e-01	4.64e-01
 5.12937e+22	1.02e-02	5.42e-01	4.48e-01
 5.15821e+22	1.11e-02	5.59e-01	4.30e-01
 5.18756e+22	1.20e-02	5.73e-01	4.15e-01
 5.21321e+22	1.29e-02	5.87e-01	4.00e-01
 5.24219e+22	1.41e-02	6.05e-01	3.81e-01
 5.27141e+22	1.53e-02	6.20e-01	3.64e-01
 5.29658e+22	1.65e-02	6.34e-01	3.49e-01
 5.32494e+22	1.82e-02	6.52e-01	3.30e-01
 5.35434e+22	1.99e-02	6.67e-01	3.13e-01
 5.38061e+22	2.17e-02	6.82e-01	2.97e-01
 5.41030e+22	2.42e-02	6.99e-01	2.77e-01
 5.44183e+22	2.70e-02	7.14e-01	2.59e-01
 5.46931e+22	2.98e-02	7.27e-01	2.43e-01
 5.49423e+22	3.28e-02	7.39e-01	2.28e-01
 5.51735e+22	3.58e-02	7.48e-01	2.16e-01
 5.53222e+22	3.76e-02	7.53e-01	2.10e-01
 5.53829e+22	3.83e-02	7.54e-01	2.07e-01
 5.54318e+22	3.91e-02	7.56e-01	2.04e-01
 5.54931e+22	4.02e-02	7.59e-01	2.01e-01
 5.55611e+22	4.14e-02	7.61e-01	1.98e-01
 5.56277e+22	4.26e-02	7.63e-01	1.94e-01
 5.56915e+22	4.39e-02	7.65e-01	1.91e-01
 5.57531e+22	4.51e-02	7.67e-01	1.88e-01
 5.58126e+22	4.64e-02	7.69e-01	1.85e-01
 5.58717e+22	4.76e-02	7.70e-01	1.82e-01
 5.59317e+22	4.91e-02	7.72e-01	1.79e-01
 5.59906e+22	5.04e-02	7.73e-01	1.76e-01
 5.60481e+22	5.19e-02	7.74e-01	1.74e-01
 5.61056e+22	5.34e-02	7.76e-01	1.71e-01
 5.61610e+22	5.49e-02	7.77e-01	1.68e-01
 5.62155e+22	5.63e-02	7.78e-01	1.66e-01
 5.62728e+22	5.81e-02	7.79e-01	1.63e-01
 5.63293e+22	5.97e-02	7.79e-01	1.61e-01
 5.63838e+22	6.16e-02	7.80e-01	1.59e-01
 5.64372e+22	6.33e-02	7.80e-01	1.57e-01
 5.64908e+22	6.52e-02	7.81e-01	1.54e-01
 5.65454e+22	6.73e-02	7.81e-01	1.52e-01
 5.65968e+22	6.93e-02	7.81e-01	1.50e-01
 5.66471e+22	7.11e-02	7.81e-01	1.48e-01
 5.67019e+22	7.35e-02	7.81e-01	1.46e-01
 5.67576e+22	7.60e-02	7.80e-01	1.44e-01
 5.68081e+22	7.83e-02	7.80e-01	1.42e-01
 5.68573e+22	8.04e-02	7.79e-01	1.41e-01
 5.69119e+22	8.33e-02	7.78e-01	1.38e-01
 5.69680e+22	8.63e-02	7.77e-01	1.36e-01
 5.70182e+22	8.90e-02	7.76e-01	1.35e-01
 5.70669e+22	9.14e-02	7.75e-01	1.34e-01
 5.71222e+22	9.48e-02	7.73e-01	1.32e-01
 5.71805e+22	9.83e-02	7.72e-01	1.30e-01
 5.72345e+22	1.02e-01	7.70e-01	1.28e-01
 5.72856e+22	1.05e-01	7.68e-01	1.27e-01
 5.73392e+22	1.09e-01	7.66e-01	1.25e-01
 5.73959e+22	1.13e-01	7.63e-01	1.24e-01
 5.74514e+22	1.17e-01	7.60e-01	1.22e-01
 5.75062e+22	1.22e-01	7.57e-01	1.21e-01
 5.75616e+22	1.26e-01	7.54e-01	1.19e-01
 5.76196e+22	1.32e-01	7.51e-01	1.18e-01
 5.76780e+22	1.37e-01	7.47e-01	1.17e-01
 5.77378e+22	1.42e-01	7.43e-01	1.15e-01
 5.78002e+22	1.48e-01	7.38e-01	1.13e-01
 5.78617e+22	1.55e-01	7.33e-01	1.12e-01
 5.79239e+22	1.62e-01	7.28e-01	1.10e-01
 5.79869e+22	1.69e-01	7.23e-01	1.09e-01
 5.80532e+22	1.77e-01	7.16e-01	1.07e-01
 5.81213e+22	1.84e-01	7.10e-01	1.05e-01
 5.81919e+22	1.94e-01	7.03e-01	1.04e-01
 5.82609e+22	2.02e-01	6.96e-01	1.02e-01
 5.83201e+22	2.10e-01	6.89e-01	1.00e-01
 5.83792e+22	2.19e-01	6.82e-01	9.87e-02
 5.84442e+22	2.28e-01	6.75e-01	9.70e-02
 5.85124e+22	2.38e-01	6.67e-01	9.51e-02
 5.85802e+22	2.48e-01	6.58e-01	9.35e-02
 5.86490e+22	2.59e-01	6.49e-01	9.15e-02
 5.87208e+22	2.71e-01	6.40e-01	8.94e-02
 5.87929e+22	2.82e-01	6.30e-01	8.75e-02
 5.88663e+22	2.94e-01	6.20e-01	8.54e-02
 5.89441e+22	3.08e-01	6.09e-01	8.31e-02
 5.90242e+22	3.21e-01	5.98e-01	8.09e-02
 5.91061e+22	3.36e-01	5.86e-01	7.85e-02
 5.91906e+22	3.50e-01	5.74e-01	7.62e-02
 5.92792e+22	3.66e-01	5.61e-01	7.36e-02
 5.93726e+22	3.82e-01	5.47e-01	7.09e-02
 5.94678e+22	3.99e-01	5.33e-01	6.82e-02
 5.95669e+22	4.16e-01	5.18e-01	6.54e-02
 5.96732e+22	4.34e-01	5.03e-01	6.24e-02
 5.97860e+22	4.53e-01	4.88e-01	5.94e-02
 5.99039e+22	4.72e-01	4.72e-01	5.63e-02
 6.00291e+22	4.91e-01	4.56e-01	5.31e-02
 6.01633e+22	5.11e-01	4.39e-01	4.99e-02
 6.03046e+22	5.31e-01	4.23e-01	4.66e-02
 6.04523e+22	5.50e-01	4.07e-01	4.34e-02
 6.06085e+22	5.68e-01	3.91e-01	4.03e-02
 6.07735e+22	5.87e-01	3.76e-01	3.73e-02
 6.09474e+22	6.05e-01	3.61e-01	3.43e-02
 6.11290e+22	6.22e-01	3.47e-01	3.15e-02
 6.13140e+22	6.38e-01	3.33e-01	2.89e-02
 6.15007e+22	6.53e-01	3.20e-01	2.64e-02
 6.16838e+22	6.67e-01	3.09e-01	2.43e-02
 6.18631e+22	6.80e-01	2.97e-01	2.23e-02
 6.20428e+22	6.93e-01	2.87e-01	2.06e-02
 6.22199e+22	7.04e-01	2.77e-01	1.90e-02
 6.23948e+22	7.15e-01	2.67e-01	1.75e-02
 6.25684e+22	7.26e-01	2.58e-01	1.61e-02
 6.27371e+22	7.36e-01	2.49e-01	1.49e-02
 6.28994e+22	7.45e-01	2.41e-01	1.38e-02
 6.30583e+22	7.54e-01	2.33e-01	1.28e-02
 6.32143e+22	7.62e-01	2.26e-01	1.19e-02
 6.33670e+22	7.70e-01	2.19e-01	1.11e-02
 6.35153e+22	7.78e-01	2.12e-01	1.03e-02
 6.36591e+22	7.85e-01	2.05e-01	9.60e-03
 6.38003e+22	7.92e-01	1.99e-01	8.96e-03
 6.39407e+22	7.99e-01	1.93e-01	8.35e-03
 6.40798e+22	8.06e-01	1.87e-01	7.78e-03
 6.42139e+22	8.12e-01	1.81e-01	7.28e-03
 6.43436e+22	8.18e-01	1.76e-01	6.81e-03
 6.44703e+22	8.23e-01	1.71e-01	6.38e-03
 6.45912e+22	8.28e-01	1.66e-01	6.00e-03
 6.47043e+22	8.33e-01	1.61e-01	5.65e-03
 6.48107e+22	8.38e-01	1.57e-01	5.34e-03
 6.49126e+22	8.42e-01	1.53e-01	5.05e-03
 6.49922e+22	8.45e-01	1.51e-01	4.87e-03
 6.50400e+22	8.46e-01	1.49e-01	4.75e-03
 6.50726e+22	8.48e-01	1.47e-01	4.64e-03
 6.51040e+22	8.50e-01	1.46e-01	4.54e-03
 6.51397e+22	8.51e-01	1.44e-01	4.44e-03
 6.51765e+22	8.53e-01	1.43e-01	4.36e-03
 6.52117e+22	8.54e-01	1.42e-01	4.27e-03
 6.52460e+22	8.55e-01	1.40e-01	4.19e-03
 6.52804e+22	8.57e-01	1.39e-01	4.11e-03
 6.53158e+22	8.58e-01	1.38e-01	4.03e-03
 6.53516e+22	8.59e-01	1.37e-01	3.95e-03
 6.53869e+22	8.61e-01	1.35e-01	3.87e-03
 6.54218e+22	8.62e-01	1.34e-01	3.79e-03
 6.54585e+22	8.63e-01	1.33e-01	3.71e-03
 6.54975e+22	8.65e-01	1.31e-01	3.63e-03
 6.55362e+22	8.66e-01	1.30e-01	3.56e-03
 6.55744e+22	8.68e-01	1.29e-01	3.48e-03
 6.56135e+22	8.69e-01	1.27e-01	3.39e-03
 6.56522e+22	8.70e-01	1.26e-01	3.33e-03
 6.56910e+22	8.72e-01	1.25e-01	3.24e-03
 6.57304e+22	8.73e-01	1.24e-01	3.18e-03
 6.57706e+22	8.75e-01	1.22e-01	3.09e-03
 6.58117e+22	8.76e-01	1.21e-01	3.03e-03
 6.58531e+22	8.78e-01	1.19e-01	2.95e-03
 6.58948e+22	8.79e-01	1.18e-01	2.88e-03
 6.59364e+22	8.81e-01	1.16e-01	2.80e-03
 6.59767e+22	8.82e-01	1.15e-01	2.75e-03
 6.60185e+22	8.84e-01	1.14e-01	2.66e-03
 6.60610e+22	8.85e-01	1.12e-01	2.60e-03
 6.61037e+22	8.87e-01	1.11e-01	2.52e-03
 6.61464e+22	8.88e-01	1.10e-01	2.47e-03
 6.61905e+22	8.89e-01	1.08e-01	2.40e-03
 6.62358e+22	8.91e-01	1.07e-01	2.34e-03
 6.62771e+22	8.92e-01	1.05e-01	2.27e-03
 6.63146e+22	8.93e-01	1.05e-01	2.23e-03
 6.63558e+22	8.95e-01	1.03e-01	2.16e-03
 6.64002e+22	8.96e-01	1.02e-01	2.10e-03
 6.64406e+22	8.98e-01	1.00e-01	2.05e-03
 6.64773e+22	8.98e-01	9.95e-02	2.01e-03
 6.65176e+22	9.00e-01	9.81e-02	1.95e-03
 6.65611e+22	9.01e-01	9.70e-02	1.90e-03
 6.66007e+22	9.02e-01	9.57e-02	1.85e-03
 6.66368e+22	9.03e-01	9.48e-02	1.82e-03
 6.66762e+22	9.05e-01	9.34e-02	1.76e-03
 6.67189e+22	9.06e-01	9.25e-02	1.72e-03
 6.67576e+22	9.07e-01	9.12e-02	1.67e-03
 6.67929e+22	9.08e-01	9.04e-02	1.64e-03
 6.68316e+22	9.09e-01	8.91e-02	1.59e-03
 6.68734e+22	9.10e-01	8.84e-02	1.57e-03
 6.69191e+22	9.11e-01	8.70e-02	1.52e-03
 6.69685e+22	9.13e-01	8.60e-02	1.48e-03
 6.70134e+22	9.14e-01	8.49e-02	1.44e-03
 6.70627e+22	9.15e-01	8.36e-02	1.39e-03
 6.71159e+22	9.16e-01	8.24e-02	1.36e-03
 6.71643e+22	9.17e-01	8.12e-02	1.32e-03
 6.72083e+22	9.18e-01	8.04e-02	1.29e-03
 6.72565e+22	9.20e-01	7.90e-02	1.24e-03
 6.73086e+22	9.21e-01	7.80e-02	1.21e-03
 6.73560e+22	9.22e-01	7.71e-02	1.18e-03
 6.74080e+22	9.23e-01	7.56e-02	1.14e-03
 6.74640e+22	9.24e-01	7.45e-02	1.10e-03
 6.75151e+22	9.25e-01	7.35e-02	1.07e-03
 6.75615e+22	9.27e-01	7.24e-02	1.04e-03
 6.76038e+22	9.27e-01	7.16e-02	1.02e-03
 6.76501e+22	9.29e-01	7.03e-02	9.78e-04
 6.77001e+22	9.29e-01	6.95e-02	9.57e-04
 6.77455e+22	9.30e-01	6.86e-02	9.31e-04
 6.77954e+22	9.32e-01	6.74e-02	8.99e-04
 6.78492e+22	9.33e-01	6.64e-02	8.72e-04
 6.78982e+22	9.34e-01	6.55e-02	8.48e-04
 6.79427e+22	9.35e-01	6.45e-02	8.23e-04
 6.79833e+22	9.35e-01	6.39e-02	8.07e-04
 6.80277e+22	9.36e-01	6.29e-02	7.80e-04
 6.80757e+22	9.37e-01	6.21e-02	7.60e-04
 6.81194e+22	9.38e-01	6.12e-02	7.39e-04
 6.81591e+22	9.39e-01	6.06e-02	7.25e-04
 6.82026e+22	9.40e-01	5.97e-02	7.02e-04
 6.82496e+22	9.40e-01	5.89e-02	6.85e-04
 6.82924e+22	9.41e-01	5.81e-02	6.66e-04
 6.83313e+22	9.42e-01	5.76e-02	6.54e-04
 6.83740e+22	9.43e-01	5.67e-02	6.34e-04
 6.84200e+22	9.43e-01	5.62e-02	6.21e-04
 6.84705e+22	9.44e-01	5.52e-02	6.00e-04
 6.85249e+22	9.45e-01	5.44e-02	5.84e-04
 6.85745e+22	9.46e-01	5.37e-02	5.67e-04
 6.86196e+22	9.46e-01	5.31e-02	5.55e-04
 6.86690e+22	9.47e-01	5.22e-02	5.36e-04
 6.87224e+22	9.48e-01	5.15e-02	5.22e-04
 6.87809e+22	9.49e-01	5.05e-02	5.03e-04
 6.88440e+22	9.50e-01	4.97e-02	4.87e-04
 6.89014e+22	9.51e-01	4.89e-02	4.70e-04
 6.89537e+22	9.51e-01	4.83e-02	4.59e-04
 6.90110e+22	9.52e-01	4.74e-02	4.42e-04
 6.90728e+22	9.53e-01	4.66e-02	4.28e-04
 6.91291e+22	9.54e-01	4.60e-02	4.16e-04
 6.91907e+22	9.55e-01	4.50e-02	4.00e-04
 6.92573e+22	9.55e-01	4.43e-02	3.86e-04
 6.93179e+22	9.56e-01	4.36e-02	3.74e-04
 6.93730e+22	9.57e-01	4.30e-02	3.64e-04
 6.94334e+22	9.58e-01	4.21e-02	3.50e-04
 6.94986e+22	9.58e-01	4.15e-02	3.39e-04
 6.95580e+22	9.59e-01	4.09e-02	3.29e-04
 6.96230e+22	9.60e-01	4.00e-02	3.16e-04
 6.96932e+22	9.60e-01	3.93e-02	3.05e-04
 6.97571e+22	9.61e-01	3.87e-02	2.96e-04
 6.98271e+22	9.62e-01	3.78e-02	2.83e-04
 6.99027e+22	9.63e-01	3.71e-02	2.72e-04
 6.99715e+22	9.63e-01	3.65e-02	2.63e-04
 7.00341e+22	9.64e-01	3.59e-02	2.55e-04
 7.01026e+22	9.65e-01	3.52e-02	2.45e-04
 7.01767e+22	9.65e-01	3.45e-02	2.36e-04
 7.02441e+22	9.66e-01	3.40e-02	2.29e-04
 7.03179e+22	9.67e-01	3.32e-02	2.19e-04
 7.03976e+22	9.67e-01	3.26e-02	2.10e-04
 7.04701e+22	9.68e-01	3.20e-02	2.04e-04
 7.05496e+22	9.69e-01	3.13e-02	1.94e-04
 7.06354e+22	9.69e-01	3.06e-02	1.86e-04
 7.07135e+22	9.70e-01	3.01e-02	1.80e-04
 7.07991e+22	9.70e-01	2.93e-02	1.71e-04
 7.08914e+22	9.71e-01	2.87e-02	1.64e-04
 7.09755e+22	9.72e-01	2.81e-02	1.58e-04
 7.10520e+22	9.72e-01	2.76e-02	1.52e-04
 7.11358e+22	9.73e-01	2.70e-02	1.45e-04
 7.12263e+22	9.73e-01	2.64e-02	1.39e-04
 7.13087e+22	9.74e-01	2.59e-02	1.34e-04
 7.13989e+22	9.75e-01	2.53e-02	1.28e-04
 7.14963e+22	9.75e-01	2.47e-02	1.22e-04
 7.15850e+22	9.76e-01	2.42e-02	1.17e-04
 7.16656e+22	9.76e-01	2.38e-02	1.13e-04
 7.17540e+22	9.77e-01	2.32e-02	1.08e-04
 7.18495e+22	9.77e-01	2.27e-02	1.04e-04
 7.19363e+22	9.78e-01	2.23e-02	9.97e-05
 7.20154e+22	9.78e-01	2.19e-02	9.62e-05
 7.21020e+22	9.78e-01	2.14e-02	9.22e-05
 7.21954e+22	9.79e-01	2.10e-02	8.84e-05
 7.22805e+22	9.79e-01	2.06e-02	8.51e-05
 7.23738e+22	9.80e-01	2.01e-02	8.12e-05
 7.24744e+22	9.80e-01	1.96e-02	7.78e-05
 7.25660e+22	9.81e-01	1.92e-02	7.47e-05
 7.26663e+22	9.81e-01	1.87e-02	7.10e-05
 7.27747e+22	9.82e-01	1.83e-02	6.78e-05
 7.28733e+22	9.82e-01	1.79e-02	6.50e-05
 7.29630e+22	9.82e-01	1.76e-02	6.25e-05
 7.30613e+22	9.83e-01	1.71e-02	5.96e-05
 7.31675e+22	9.83e-01	1.67e-02	5.70e-05
 7.32641e+22	9.84e-01	1.64e-02	5.47e-05
 7.33699e+22	9.84e-01	1.60e-02	5.22e-05
 7.34842e+22	9.84e-01	1.56e-02	4.97e-05
 7.35882e+22	9.85e-01	1.53e-02	4.76e-05
 7.37021e+22	9.85e-01	1.49e-02	4.51e-05
 7.38251e+22	9.85e-01	1.45e-02	4.29e-05
 7.39371e+22	9.86e-01	1.42e-02	4.10e-05
 7.40597e+22	9.86e-01	1.37e-02	3.87e-05
 7.41922e+22	9.87e-01	1.34e-02	3.66e-05
 7.43372e+22	9.87e-01	1.29e-02	3.42e-05
 7.44959e+22	9.87e-01	1.25e-02	3.21e-05
 7.46568e+22	9.88e-01	1.20e-02	2.99e-05
 7.48233e+22	9.88e-01	1.16e-02	2.79e-05
 7.49911e+22	9.89e-01	1.12e-02	2.60e-05
 7.51618e+22	9.89e-01	1.08e-02	2.42e-05
 7.53339e+22	9.90e-01	1.04e-02	2.26e-05
 7.55077e+22	9.90e-01	1.00e-02	2.10e-05
 7.56833e+22	9.90e-01	9.68e-03	1.95e-05
 7.58606e+22	9.91e-01	9.33e-03	1.82e-05
 7.60396e+22	9.91e-01	8.99e-03	1.69e-05
 7.62202e+22	9.91e-01	8.66e-03	1.57e-05
 7.64024e+22	9.92e-01	8.34e-03	1.46e-05
 7.65862e+22	9.92e-01	8.03e-03	1.35e-05
 7.67705e+22	9.92e-01	7.73e-03	1.26e-05
 7.69564e+22	9.93e-01	7.44e-03	1.17e-05
 7.71444e+22	9.93e-01	7.16e-03	1.08e-05
 7.73336e+22	9.93e-01	6.89e-03	1.00e-05
 7.75247e+22	9.93e-01	6.62e-03	9.30e-06
 7.77174e+22	9.94e-01	6.37e-03	8.62e-06
 7.79117e+22	9.94e-01	6.12e-03	7.98e-06
 7.81076e+22	9.94e-01	5.89e-03	7.39e-06
 7.83050e+22	9.94e-01	5.66e-03	6.84e-06
 7.85041e+22	9.95e-01	5.44e-03	6.33e-06
 7.87079e+22	9.95e-01	5.22e-03	5.84e-06
 7.89155e+22	9.95e-01	5.01e-03	5.39e-06
 7.91255e+22	9.95e-01	4.81e-03	4.97e-06
 7.93384e+22	9.95e-01	4.61e-03	4.58e-06
 7.95536e+22	9.96e-01	4.42e-03	4.22e-06
 7.97718e+22	9.96e-01	4.24e-03	3.88e-06
 7.99928e+22	9.96e-01	4.06e-03	3.57e-06
 8.02173e+22	9.96e-01	3.89e-03	3.28e-06
 8.04461e+22	9.96e-01	3.72e-03	3.00e-06
 8.06793e+22	9.96e-01	3.56e-03	2.75e-06
 8.09187e+22	9.97e-01	3.40e-03	2.52e-06
 8.11647e+22	9.97e-01	3.24e-03	2.30e-06
 8.14165e+22	9.97e-01	3.09e-03	2.09e-06
 8.16745e+22	9.97e-01	2.94e-03	1.90e-06
 8.19373e+22	9.97e-01	2.80e-03	1.73e-06
 8.22024e+22	9.97e-01	2.67e-03	1.57e-06
 8.24686e+22	9.97e-01	2.54e-03	1.43e-06
 8.27362e+22	9.98e-01	2.42e-03	1.30e-06
 8.30052e+22	9.98e-01	2.31e-03	1.18e-06
 8.32756e+22	9.98e-01	2.20e-03	1.07e-06
 8.35472e+22	9.98e-01	2.09e-03	9.77e-07
 8.38193e+22	9.98e-01	1.99e-03	8.89e-07
 8.40927e+22	9.98e-01	1.90e-03	8.10e-07
 8.43676e+22	9.98e-01	1.81e-03	7.38e-07
 8.46433e+22	9.98e-01	1.72e-03	6.72e-07
 8.49195e+22	9.98e-01	1.64e-03	6.13e-07
 8.51962e+22	9.98e-01	1.56e-03	5.59e-07
 8.54731e+22	9.99e-01	1.49e-03	5.11e-07
 8.57330e+22	9.99e-01	1.43e-03	4.72e-07
 8.59737e+22	9.99e-01	1.37e-03	4.36e-07
 8.62215e+22	9.99e-01	1.31e-03	4.00e-07
 8.64833e+22	9.99e-01	1.25e-03	3.66e-07
 8.67485e+22	9.99e-01	1.19e-03	3.34e-07
 8.70088e+22	9.99e-01	1.13e-03	3.04e-07
 8.72611e+22	9.99e-01	1.07e-03	2.77e-07
 8.75062e+22	9.99e-01	1.02e-03	2.53e-07
 8.77407e+22	9.99e-01	9.76e-04	2.31e-07
 8.79586e+22	9.99e-01	9.34e-04	2.13e-07
 8.81586e+22	9.99e-01	8.96e-04	1.97e-07
 8.83455e+22	9.99e-01	8.61e-04	1.83e-07
 8.85241e+22	9.99e-01	8.29e-04	1.70e-07
 8.86969e+22	9.99e-01	7.98e-04	1.59e-07
 8.88662e+22	9.99e-01	7.69e-04	1.48e-07
 8.90334e+22	9.99e-01	7.41e-04	1.38e-07
 8.91994e+22	9.99e-01	7.14e-04	1.29e-07
 8.93615e+22	9.99e-01	6.89e-04	1.20e-07
 8.95251e+22	9.99e-01	6.63e-04	1.12e-07
 8.96883e+22	9.99e-01	6.39e-04	1.05e-07
 8.98484e+22	9.99e-01	6.15e-04	9.77e-08
 9.00098e+22	9.99e-01	5.92e-04	9.12e-08
 9.01716e+22	9.99e-01	5.69e-04	8.49e-08
 9.03350e+22	9.99e-01	5.47e-04	7.91e-08
 9.04995e+22	9.99e-01	5.26e-04	7.35e-08
 9.06655e+22	9.99e-01	5.04e-04	6.83e-08
 9.08327e+22	1.00e+00	4.84e-04	6.34e-08
 9.10012e+22	1.00e+00	4.63e-04	5.88e-08
 9.11698e+22	1.00e+00	4.44e-04	5.45e-08
 9.13393e+22	1.00e+00	4.24e-04	5.05e-08
 9.15102e+22	1.00e+00	4.05e-04	4.67e-08
 9.16815e+22	1.00e+00	3.87e-04	4.31e-08
 9.18528e+22	1.00e+00	3.69e-04	3.98e-08
 9.20200e+22	1.00e+00	3.53e-04	3.68e-08
 9.21830e+22	1.00e+00	3.37e-04	3.40e-08
 9.23456e+22	1.00e+00	3.22e-04	3.15e-08
 9.24986e+22	1.00e+00	3.08e-04	2.93e-08
