#depth	H	H+	H2
 1.54284e+22	2.20e-04	1.00e+00	1.50e-22
 3.51211e+22	3.14e-04	1.00e+00	7.07e-22
 4.15176e+22	3.74e-04	1.00e+00	1.71e-21
 4.51877e+22	4.24e-04	1.00e+00	3.25e-21
 4.73563e+22	4.46e-04	1.00e+00	4.26e-21
 4.88067e+22	4.76e-04	1.00e+00	5.97e-21
 5.03494e+22	5.05e-04	9.99e-01	8.25e-21
 5.20121e+22	5.43e-04	9.99e-01	1.22e-20
 5.36893e+22	5.77e-04	9.99e-01	1.73e-20
 5.50241e+22	6.06e-04	9.99e-01	2.28e-20
 5.63982e+22	6.42e-04	9.99e-01	3.19e-20
 5.78074e+22	6.75e-04	9.99e-01	4.33e-20
 5.90664e+22	7.09e-04	9.99e-01	5.75e-20
 6.05073e+22	7.54e-04	9.99e-01	8.49e-20
 6.19640e+22	7.94e-04	9.99e-01	1.20e-19
 6.32409e+22	8.34e-04	9.99e-01	1.64e-19
 6.47007e+22	8.87e-04	9.99e-01	2.52e-19
 6.61854e+22	9.34e-04	9.99e-01	3.72e-19
 6.74969e+22	9.83e-04	9.99e-01	5.24e-19
 6.89965e+22	1.05e-03	9.99e-01	8.44e-19
 7.05159e+22	1.10e-03	9.99e-01	1.30e-18
 7.18569e+22	1.16e-03	9.99e-01	1.92e-18
 7.33962e+22	1.24e-03	9.99e-01	3.46e-18
 7.49618e+22	1.30e-03	9.99e-01	6.26e-18
 7.65616e+22	1.39e-03	9.99e-01	1.28e-17
 7.81799e+22	1.47e-03	9.99e-01	2.65e-17
 7.98222e+22	1.57e-03	9.98e-01	5.72e-17
 8.14948e+22	1.66e-03	9.98e-01	1.11e-16
 8.32066e+22	1.78e-03	9.98e-01	2.06e-16
 8.49502e+22	1.89e-03	9.98e-01	3.34e-16
 8.65005e+22	2.00e-03	9.98e-01	4.77e-16
 8.75625e+22	2.04e-03	9.98e-01	5.94e-16
 8.80802e+22	2.07e-03	9.98e-01	6.57e-16
 8.86089e+22	2.11e-03	9.98e-01	7.52e-16
 8.92963e+22	2.17e-03	9.98e-01	8.82e-16
 9.01900e+22	2.25e-03	9.98e-01	1.09e-15
 9.13516e+22	2.36e-03	9.98e-01	1.46e-15
 9.25859e+22	2.45e-03	9.98e-01	1.80e-15
 9.39143e+22	2.59e-03	9.97e-01	2.42e-15
 9.52603e+22	2.70e-03	9.97e-01	3.03e-15
 9.66291e+22	2.84e-03	9.97e-01	3.87e-15
 9.80449e+22	2.97e-03	9.97e-01	4.84e-15
 9.95216e+22	3.15e-03	9.97e-01	6.42e-15
 1.01001e+23	3.29e-03	9.97e-01	7.91e-15
 1.02485e+23	3.48e-03	9.97e-01	1.01e-14
 1.04010e+23	3.65e-03	9.96e-01	1.25e-14
 1.05589e+23	3.87e-03	9.96e-01	1.60e-14
 1.07181e+23	4.06e-03	9.96e-01	1.95e-14
 1.08792e+23	4.31e-03	9.96e-01	2.48e-14
 1.10437e+23	4.53e-03	9.95e-01	3.02e-14
 1.12127e+23	4.83e-03	9.95e-01	3.87e-14
 1.13826e+23	5.07e-03	9.95e-01	4.72e-14
 1.15535e+23	5.40e-03	9.95e-01	6.05e-14
 1.17266e+23	5.68e-03	9.94e-01	7.40e-14
 1.19027e+23	6.08e-03	9.94e-01	9.62e-14
 1.20791e+23	6.40e-03	9.94e-01	1.18e-13
 1.22560e+23	6.86e-03	9.93e-01	1.55e-13
 1.24333e+23	7.23e-03	9.93e-01	1.91e-13
 1.26111e+23	7.79e-03	9.92e-01	2.52e-13
 1.27890e+23	8.24e-03	9.92e-01	3.14e-13
 1.29670e+23	8.91e-03	9.91e-01	4.19e-13
 1.31449e+23	9.47e-03	9.91e-01	5.26e-13
 1.33227e+23	1.03e-02	9.90e-01	7.19e-13
 1.35002e+23	1.10e-02	9.89e-01	9.18e-13
 1.36773e+23	1.21e-02	9.88e-01	1.27e-12
 1.38560e+23	1.31e-02	9.87e-01	1.67e-12
 1.40368e+23	1.46e-02	9.85e-01	2.39e-12
 1.42196e+23	1.61e-02	9.84e-01	3.27e-12
 1.43783e+23	1.79e-02	9.82e-01	4.51e-12
 1.45325e+23	1.99e-02	9.80e-01	6.20e-12
 1.46700e+23	2.19e-02	9.78e-01	8.23e-12
 1.48114e+23	2.49e-02	9.75e-01	1.19e-11
 1.49576e+23	2.83e-02	9.72e-01	1.69e-11
 1.50871e+23	3.23e-02	9.68e-01	2.41e-11
 1.52128e+23	3.73e-02	9.63e-01	3.51e-11
 1.53344e+23	4.36e-02	9.56e-01	5.19e-11
 1.54482e+23	5.14e-02	9.49e-01	7.77e-11
 1.55522e+23	6.06e-02	9.39e-01	1.15e-10
 1.56481e+23	7.21e-02	9.28e-01	1.73e-10
 1.57366e+23	8.60e-02	9.14e-01	2.57e-10
 1.58164e+23	1.03e-01	8.97e-01	3.81e-10
 1.58876e+23	1.22e-01	8.78e-01	5.53e-10
 1.59511e+23	1.44e-01	8.56e-01	7.91e-10
 1.60081e+23	1.68e-01	8.32e-01	1.08e-09
 1.60610e+23	1.95e-01	8.05e-01	1.48e-09
 1.61109e+23	2.26e-01	7.74e-01	2.01e-09
 1.61562e+23	2.58e-01	7.42e-01	2.63e-09
 1.61977e+23	2.92e-01	7.08e-01	3.37e-09
 1.62359e+23	3.27e-01	6.73e-01	4.20e-09
 1.62695e+23	3.60e-01	6.40e-01	5.05e-09
 1.62938e+23	3.84e-01	6.16e-01	5.71e-09
 1.63098e+23	4.01e-01	5.99e-01	6.17e-09
 1.63263e+23	4.18e-01	5.82e-01	6.70e-09
 1.63466e+23	4.40e-01	5.60e-01	7.38e-09
 1.63688e+23	4.65e-01	5.35e-01	8.16e-09
 1.63909e+23	4.88e-01	5.12e-01	8.91e-09
 1.64124e+23	5.11e-01	4.89e-01	9.65e-09
 1.64331e+23	5.32e-01	4.68e-01	1.03e-08
 1.64495e+23	5.48e-01	4.52e-01	1.09e-08
 1.64608e+23	5.58e-01	4.42e-01	1.12e-08
 1.64719e+23	5.69e-01	4.31e-01	1.16e-08
 1.64848e+23	5.81e-01	4.19e-01	1.20e-08
 1.64990e+23	5.94e-01	4.06e-01	1.25e-08
 1.65133e+23	6.07e-01	3.93e-01	1.29e-08
 1.65272e+23	6.18e-01	3.82e-01	1.33e-08
 1.65412e+23	6.30e-01	3.70e-01	1.37e-08
 1.65558e+23	6.41e-01	3.59e-01	1.41e-08
 1.65710e+23	6.53e-01	3.47e-01	1.46e-08
 1.65863e+23	6.64e-01	3.36e-01	1.49e-08
 1.66019e+23	6.75e-01	3.25e-01	1.53e-08
 1.66182e+23	6.86e-01	3.14e-01	1.57e-08
 1.66346e+23	6.97e-01	3.03e-01	1.61e-08
 1.66513e+23	7.07e-01	2.93e-01	1.65e-08
 1.66688e+23	7.17e-01	2.83e-01	1.68e-08
 1.66869e+23	7.28e-01	2.72e-01	1.72e-08
 1.67053e+23	7.37e-01	2.63e-01	1.75e-08
 1.67244e+23	7.47e-01	2.53e-01	1.78e-08
 1.67442e+23	7.56e-01	2.44e-01	1.82e-08
 1.67643e+23	7.65e-01	2.35e-01	1.85e-08
 1.67849e+23	7.74e-01	2.26e-01	1.88e-08
 1.68065e+23	7.82e-01	2.18e-01	1.91e-08
 1.68290e+23	7.91e-01	2.09e-01	1.94e-08
 1.68521e+23	7.99e-01	2.01e-01	1.97e-08
 1.68759e+23	8.07e-01	1.93e-01	2.00e-08
 1.69008e+23	8.14e-01	1.86e-01	2.03e-08
 1.69267e+23	8.21e-01	1.79e-01	2.06e-08
 1.69532e+23	8.28e-01	1.72e-01	2.09e-08
 1.69802e+23	8.35e-01	1.65e-01	2.12e-08
 1.70078e+23	8.41e-01	1.59e-01	2.15e-08
 1.70368e+23	8.47e-01	1.53e-01	2.18e-08
 1.70670e+23	8.53e-01	1.47e-01	2.21e-08
 1.70978e+23	8.58e-01	1.42e-01	2.25e-08
 1.71295e+23	8.63e-01	1.37e-01	2.29e-08
 1.71625e+23	8.68e-01	1.32e-01	2.33e-08
 1.71975e+23	8.72e-01	1.28e-01	2.38e-08
 1.72340e+23	8.77e-01	1.23e-01	2.43e-08
 1.72719e+23	8.81e-01	1.19e-01	2.49e-08
 1.73120e+23	8.85e-01	1.15e-01	2.55e-08
 1.73544e+23	8.89e-01	1.11e-01	2.63e-08
 1.73989e+23	8.93e-01	1.07e-01	2.72e-08
 1.74443e+23	8.96e-01	1.04e-01	2.82e-08
 1.74882e+23	8.99e-01	1.01e-01	2.92e-08
 1.75301e+23	9.02e-01	9.78e-02	3.03e-08
 1.75712e+23	9.05e-01	9.52e-02	3.14e-08
 1.76115e+23	9.07e-01	9.27e-02	3.27e-08
 1.76508e+23	9.10e-01	9.03e-02	3.37e-08
 1.76883e+23	9.12e-01	8.81e-02	3.48e-08
 1.77231e+23	9.14e-01	8.62e-02	3.59e-08
 1.77569e+23	9.16e-01	8.44e-02	3.71e-08
 1.77907e+23	9.18e-01	8.25e-02	3.83e-08
 1.78235e+23	9.19e-01	8.07e-02	3.97e-08
 1.78551e+23	9.21e-01	7.90e-02	4.11e-08
 1.78855e+23	9.23e-01	7.74e-02	4.26e-08
 1.79150e+23	9.24e-01	7.58e-02	4.42e-08
 1.79436e+23	9.26e-01	7.44e-02	4.59e-08
 1.79711e+23	9.27e-01	7.29e-02	4.76e-08
 1.79977e+23	9.28e-01	7.16e-02	4.94e-08
 1.80233e+23	9.30e-01	7.02e-02	5.14e-08
 1.80480e+23	9.31e-01	6.90e-02	5.35e-08
 1.80719e+23	9.32e-01	6.77e-02	5.58e-08
 1.80946e+23	9.33e-01	6.66e-02	5.80e-08
 1.81168e+23	9.35e-01	6.54e-02	6.05e-08
 1.81384e+23	9.36e-01	6.43e-02	6.32e-08
 1.81580e+23	9.37e-01	6.33e-02	6.57e-08
 1.81759e+23	9.38e-01	6.24e-02	6.82e-08
 1.81921e+23	9.38e-01	6.16e-02	7.06e-08
 1.82070e+23	9.39e-01	6.09e-02	7.28e-08
 1.82204e+23	9.40e-01	6.03e-02	7.49e-08
 1.82327e+23	9.40e-01	5.97e-02	7.69e-08
 1.82438e+23	9.41e-01	5.92e-02	7.93e-08
 1.82540e+23	9.41e-01	5.88e-02	8.07e-08
 1.82651e+23	9.42e-01	5.82e-02	8.25e-08
 1.82796e+23	9.43e-01	5.73e-02	8.54e-08
 1.82952e+23	9.44e-01	5.64e-02	8.79e-08
 1.83094e+23	9.44e-01	5.55e-02	9.03e-08
 1.83223e+23	9.45e-01	5.50e-02	9.23e-08
 1.83341e+23	9.46e-01	5.45e-02	9.41e-08
 1.83448e+23	9.46e-01	5.40e-02	9.58e-08
 1.83545e+23	9.47e-01	5.35e-02	9.76e-08
 1.83634e+23	9.47e-01	5.32e-02	9.82e-08
 1.83731e+23	9.47e-01	5.28e-02	9.94e-08
 1.83857e+23	9.48e-01	5.22e-02	1.01e-07
 1.83994e+23	9.49e-01	5.15e-02	1.03e-07
 1.84118e+23	9.49e-01	5.10e-02	1.04e-07
 1.84254e+23	9.50e-01	5.03e-02	1.05e-07
 1.84401e+23	9.50e-01	4.96e-02	1.07e-07
 1.84534e+23	9.51e-01	4.90e-02	1.08e-07
 1.84656e+23	9.51e-01	4.87e-02	1.09e-07
 1.84789e+23	9.52e-01	4.82e-02	1.09e-07
 1.84933e+23	9.52e-01	4.75e-02	1.10e-07
 1.85063e+23	9.53e-01	4.69e-02	1.11e-07
 1.85183e+23	9.53e-01	4.67e-02	1.11e-07
 1.85313e+23	9.54e-01	4.61e-02	1.12e-07
 1.85454e+23	9.54e-01	4.55e-02	1.12e-07
 1.85608e+23	9.55e-01	4.49e-02	1.13e-07
 1.85775e+23	9.56e-01	4.41e-02	1.13e-07
 1.85927e+23	9.56e-01	4.36e-02	1.13e-07
 1.86065e+23	9.57e-01	4.31e-02	1.13e-07
 1.86190e+23	9.57e-01	4.27e-02	1.13e-07
 1.86304e+23	9.58e-01	4.23e-02	1.12e-07
 1.86430e+23	9.58e-01	4.19e-02	1.12e-07
 1.86565e+23	9.59e-01	4.13e-02	1.12e-07
 1.86688e+23	9.59e-01	4.08e-02	1.11e-07
 1.86800e+23	9.59e-01	4.06e-02	1.11e-07
 1.86922e+23	9.60e-01	4.01e-02	1.11e-07
 1.87055e+23	9.60e-01	3.96e-02	1.10e-07
 1.87175e+23	9.61e-01	3.92e-02	1.10e-07
 1.87285e+23	9.61e-01	3.89e-02	1.10e-07
 1.87405e+23	9.61e-01	3.86e-02	1.09e-07
 1.87535e+23	9.62e-01	3.81e-02	1.09e-07
 1.87677e+23	9.62e-01	3.76e-02	1.08e-07
 1.87831e+23	9.63e-01	3.70e-02	1.08e-07
 1.87970e+23	9.63e-01	3.65e-02	1.08e-07
 1.88097e+23	9.64e-01	3.63e-02	1.08e-07
 1.88237e+23	9.64e-01	3.59e-02	1.07e-07
 1.88387e+23	9.65e-01	3.54e-02	1.07e-07
 1.88552e+23	9.65e-01	3.50e-02	1.06e-07
 1.88730e+23	9.66e-01	3.44e-02	1.06e-07
 1.88891e+23	9.66e-01	3.40e-02	1.06e-07
 1.89039e+23	9.66e-01	3.38e-02	1.06e-07
 1.89200e+23	9.67e-01	3.33e-02	1.05e-07
 1.89374e+23	9.67e-01	3.29e-02	1.05e-07
 1.89533e+23	9.68e-01	3.25e-02	1.04e-07
 1.89677e+23	9.68e-01	3.22e-02	1.04e-07
 1.89809e+23	9.68e-01	3.20e-02	1.04e-07
 1.89952e+23	9.68e-01	3.16e-02	1.03e-07
 1.90108e+23	9.69e-01	3.12e-02	1.03e-07
 1.90278e+23	9.69e-01	3.08e-02	1.03e-07
 1.90462e+23	9.70e-01	3.04e-02	1.03e-07
 1.90629e+23	9.70e-01	3.01e-02	1.02e-07
 1.90812e+23	9.70e-01	2.96e-02	1.02e-07
 1.91010e+23	9.71e-01	2.91e-02	1.02e-07
 1.91190e+23	9.71e-01	2.88e-02	1.01e-07
 1.91354e+23	9.71e-01	2.86e-02	1.01e-07
 1.91533e+23	9.72e-01	2.82e-02	1.01e-07
 1.91727e+23	9.72e-01	2.78e-02	1.01e-07
 1.91904e+23	9.73e-01	2.75e-02	1.00e-07
 1.92097e+23	9.73e-01	2.71e-02	9.98e-08
 1.92305e+23	9.73e-01	2.67e-02	9.98e-08
 1.92495e+23	9.74e-01	2.64e-02	9.98e-08
 1.92703e+23	9.74e-01	2.60e-02	9.95e-08
 1.92928e+23	9.74e-01	2.56e-02	9.98e-08
 1.93132e+23	9.75e-01	2.52e-02	9.95e-08
 1.93318e+23	9.75e-01	2.49e-02	9.92e-08
 1.93488e+23	9.75e-01	2.48e-02	9.92e-08
 1.93673e+23	9.76e-01	2.45e-02	9.89e-08
 1.93873e+23	9.76e-01	2.41e-02	9.91e-08
 1.94055e+23	9.76e-01	2.39e-02	9.90e-08
 1.94255e+23	9.76e-01	2.35e-02	9.88e-08
 1.94471e+23	9.77e-01	2.33e-02	9.97e-08
 1.94667e+23	9.77e-01	2.29e-02	9.90e-08
 1.94882e+23	9.77e-01	2.26e-02	9.87e-08
 1.95114e+23	9.78e-01	2.22e-02	9.88e-08
 1.95325e+23	9.78e-01	2.20e-02	9.90e-08
 1.95556e+23	9.78e-01	2.17e-02	9.88e-08
 1.95806e+23	9.79e-01	2.13e-02	9.87e-08
 1.96033e+23	9.79e-01	2.11e-02	9.88e-08
 1.96283e+23	9.79e-01	2.07e-02	9.86e-08
 1.96551e+23	9.80e-01	2.04e-02	9.87e-08
 1.96796e+23	9.80e-01	2.01e-02	9.87e-08
 1.97064e+23	9.80e-01	1.98e-02	9.85e-08
 1.97354e+23	9.81e-01	1.94e-02	9.86e-08
 1.97617e+23	9.81e-01	1.92e-02	9.87e-08
 1.97906e+23	9.81e-01	1.88e-02	9.85e-08
 1.98218e+23	9.81e-01	1.85e-02	9.88e-08
 1.98501e+23	9.82e-01	1.82e-02	9.86e-08
 1.98759e+23	9.82e-01	1.80e-02	9.86e-08
 1.99042e+23	9.82e-01	1.77e-02	9.84e-08
 1.99347e+23	9.83e-01	1.74e-02	9.85e-08
 1.99625e+23	9.83e-01	1.72e-02	9.86e-08
 1.99930e+23	9.83e-01	1.68e-02	9.84e-08
 2.00258e+23	9.83e-01	1.65e-02	9.85e-08
 2.00557e+23	9.84e-01	1.63e-02	9.86e-08
 2.00885e+23	9.84e-01	1.60e-02	9.84e-08
 2.01239e+23	9.84e-01	1.57e-02	9.85e-08
 2.01561e+23	9.85e-01	1.54e-02	9.86e-08
 2.01914e+23	9.85e-01	1.52e-02	9.86e-08
 2.02295e+23	9.85e-01	1.49e-02	9.87e-08
 2.02641e+23	9.85e-01	1.46e-02	9.87e-08
 2.02957e+23	9.86e-01	1.44e-02	9.85e-08
 2.03302e+23	9.86e-01	1.41e-02	9.86e-08
 2.03676e+23	9.86e-01	1.38e-02	9.88e-08
 2.04015e+23	9.86e-01	1.36e-02	9.88e-08
 2.04387e+23	9.87e-01	1.34e-02	9.88e-08
 2.04789e+23	9.87e-01	1.31e-02	9.90e-08
 2.05154e+23	9.87e-01	1.29e-02	9.89e-08
 2.05487e+23	9.87e-01	1.27e-02	9.90e-08
 2.05852e+23	9.88e-01	1.25e-02	9.91e-08
 2.06245e+23	9.88e-01	1.22e-02	9.91e-08
 2.06603e+23	9.88e-01	1.20e-02	9.91e-08
 2.06996e+23	9.88e-01	1.18e-02	9.93e-08
 2.07419e+23	9.88e-01	1.15e-02	9.94e-08
 2.07884e+23	9.89e-01	1.13e-02	9.95e-08
 2.08430e+23	9.89e-01	1.10e-02	9.96e-08
 2.09003e+23	9.89e-01	1.07e-02	9.97e-08
 2.09587e+23	9.90e-01	1.04e-02	9.98e-08
 2.10180e+23	9.90e-01	1.01e-02	9.99e-08
 2.10780e+23	9.90e-01	9.82e-03	1.00e-07
 2.11388e+23	9.90e-01	9.54e-03	1.00e-07
 2.12001e+23	9.91e-01	9.28e-03	1.00e-07
 2.12618e+23	9.91e-01	9.02e-03	1.00e-07
 2.13242e+23	9.91e-01	8.76e-03	1.00e-07
 2.13873e+23	9.91e-01	8.51e-03	1.01e-07
 2.14511e+23	9.92e-01	8.27e-03	1.01e-07
 2.15153e+23	9.92e-01	8.03e-03	1.01e-07
 2.15801e+23	9.92e-01	7.80e-03	1.01e-07
 2.16454e+23	9.92e-01	7.57e-03	1.01e-07
 2.17111e+23	9.93e-01	7.35e-03	1.01e-07
 2.17774e+23	9.93e-01	7.14e-03	1.01e-07
 2.18440e+23	9.93e-01	6.93e-03	1.01e-07
 2.19112e+23	9.93e-01	6.72e-03	1.02e-07
 2.19790e+23	9.93e-01	6.53e-03	1.02e-07
 2.20472e+23	9.94e-01	6.33e-03	1.02e-07
 2.21159e+23	9.94e-01	6.14e-03	1.02e-07
 2.21852e+23	9.94e-01	5.96e-03	1.02e-07
 2.22549e+23	9.94e-01	5.78e-03	1.03e-07
 2.23259e+23	9.94e-01	5.60e-03	1.03e-07
 2.23985e+23	9.95e-01	5.43e-03	1.03e-07
 2.24719e+23	9.95e-01	5.26e-03	1.03e-07
 2.25463e+23	9.95e-01	5.09e-03	1.04e-07
 2.26214e+23	9.95e-01	4.93e-03	1.04e-07
 2.26973e+23	9.95e-01	4.78e-03	1.04e-07
 2.27740e+23	9.95e-01	4.62e-03	1.05e-07
 2.28517e+23	9.96e-01	4.47e-03	1.05e-07
 2.29306e+23	9.96e-01	4.33e-03	1.06e-07
 2.30108e+23	9.96e-01	4.19e-03	1.06e-07
 2.30930e+23	9.96e-01	4.04e-03	1.07e-07
 2.31773e+23	9.96e-01	3.91e-03	1.08e-07
 2.32630e+23	9.96e-01	3.77e-03	1.08e-07
 2.33503e+23	9.96e-01	3.64e-03	1.09e-07
 2.34391e+23	9.96e-01	3.51e-03	1.10e-07
 2.35296e+23	9.97e-01	3.38e-03	1.11e-07
 2.36218e+23	9.97e-01	3.26e-03	1.12e-07
 2.37158e+23	9.97e-01	3.14e-03	1.13e-07
 2.38123e+23	9.97e-01	3.02e-03	1.14e-07
 2.39112e+23	9.97e-01	2.90e-03	1.15e-07
 2.40122e+23	9.97e-01	2.79e-03	1.17e-07
 2.41157e+23	9.97e-01	2.68e-03	1.18e-07
 2.42216e+23	9.97e-01	2.57e-03	1.20e-07
 2.43300e+23	9.98e-01	2.47e-03	1.22e-07
 2.44414e+23	9.98e-01	2.36e-03	1.24e-07
 2.45551e+23	9.98e-01	2.26e-03	1.26e-07
 2.46698e+23	9.98e-01	2.16e-03	1.29e-07
 2.47854e+23	9.98e-01	2.07e-03	1.32e-07
 2.49025e+23	9.98e-01	1.98e-03	1.35e-07
 2.50209e+23	9.98e-01	1.90e-03	1.38e-07
 2.51404e+23	9.98e-01	1.81e-03	1.42e-07
 2.52611e+23	9.98e-01	1.73e-03	1.46e-07
 2.53831e+23	9.98e-01	1.66e-03	1.51e-07
 2.55065e+23	9.98e-01	1.58e-03	1.56e-07
 2.56313e+23	9.98e-01	1.51e-03	1.62e-07
 2.57569e+23	9.99e-01	1.44e-03	1.69e-07
 2.58837e+23	9.99e-01	1.38e-03	1.76e-07
 2.60122e+23	9.99e-01	1.31e-03	1.85e-07
 2.61410e+23	9.99e-01	1.25e-03	1.94e-07
 2.62710e+23	9.99e-01	1.19e-03	2.05e-07
 2.64035e+23	9.99e-01	1.13e-03	2.18e-07
 2.65376e+23	9.99e-01	1.08e-03	2.33e-07
 2.66709e+23	9.99e-01	1.03e-03	2.50e-07
 2.67989e+23	9.99e-01	9.81e-04	2.69e-07
 2.69184e+23	9.99e-01	9.40e-04	2.91e-07
 2.70301e+23	9.99e-01	9.02e-04	3.14e-07
 2.71358e+23	9.99e-01	8.68e-04	3.40e-07
 2.72367e+23	9.99e-01	8.37e-04	3.68e-07
 2.73331e+23	9.99e-01	8.08e-04	4.00e-07
 2.74245e+23	9.99e-01	7.81e-04	4.35e-07
 2.75110e+23	9.99e-01	7.57e-04	4.73e-07
 2.75929e+23	9.99e-01	7.34e-04	5.16e-07
 2.76708e+23	9.99e-01	7.11e-04	5.64e-07
 2.77442e+23	9.99e-01	6.92e-04	6.16e-07
 2.78138e+23	9.99e-01	6.74e-04	6.73e-07
 2.78806e+23	9.99e-01	6.58e-04	7.36e-07
 2.79448e+23	9.99e-01	6.42e-04	8.06e-07
 2.80062e+23	9.99e-01	6.27e-04	8.85e-07
 2.80645e+23	9.99e-01	6.14e-04	9.72e-07
 2.81198e+23	9.99e-01	6.01e-04	1.07e-06
 2.81727e+23	9.99e-01	5.89e-04	1.17e-06
 2.82235e+23	9.99e-01	5.78e-04	1.29e-06
 2.82725e+23	9.99e-01	5.67e-04	1.42e-06
 2.83195e+23	9.99e-01	5.57e-04	1.56e-06
 2.83648e+23	9.99e-01	5.47e-04	1.71e-06
 2.84086e+23	9.99e-01	5.38e-04	1.89e-06
 2.84507e+23	9.99e-01	5.29e-04	2.08e-06
 2.84912e+23	9.99e-01	5.21e-04	2.29e-06
 2.85306e+23	9.99e-01	5.13e-04	2.52e-06
 2.85690e+23	9.99e-01	5.06e-04	2.77e-06
 2.86066e+23	9.99e-01	4.98e-04	3.05e-06
 2.86434e+23	1.00e+00	4.91e-04	3.36e-06
 2.86794e+23	1.00e+00	4.84e-04	3.70e-06
 2.87149e+23	1.00e+00	4.78e-04	4.07e-06
 2.87498e+23	1.00e+00	4.71e-04	4.47e-06
 2.87845e+23	1.00e+00	4.64e-04	4.91e-06
 2.88194e+23	1.00e+00	4.58e-04	5.39e-06
 2.88544e+23	1.00e+00	4.51e-04	5.93e-06
 2.88895e+23	1.00e+00	4.45e-04	6.51e-06
 2.89248e+23	1.00e+00	4.39e-04	7.14e-06
 2.89605e+23	1.00e+00	4.32e-04	7.82e-06
 2.89970e+23	1.00e+00	4.26e-04	8.56e-06
 2.90347e+23	1.00e+00	4.19e-04	9.37e-06
 2.90735e+23	1.00e+00	4.13e-04	1.02e-05
 2.91135e+23	1.00e+00	4.06e-04	1.12e-05
 2.91549e+23	1.00e+00	3.99e-04	1.22e-05
 2.91979e+23	1.00e+00	3.92e-04	1.33e-05
 2.92432e+23	1.00e+00	3.84e-04	1.45e-05
 2.92911e+23	1.00e+00	3.76e-04	1.58e-05
 2.93419e+23	1.00e+00	3.68e-04	1.72e-05
 2.93951e+23	1.00e+00	3.60e-04	1.87e-05
 2.94509e+23	1.00e+00	3.52e-04	2.02e-05
 2.95097e+23	1.00e+00	3.43e-04	2.19e-05
 2.95719e+23	1.00e+00	3.34e-04	2.37e-05
 2.96381e+23	1.00e+00	3.25e-04	2.57e-05
 2.97086e+23	1.00e+00	3.15e-04	2.77e-05
 2.97830e+23	1.00e+00	3.05e-04	2.99e-05
 2.98619e+23	1.00e+00	2.94e-04	3.21e-05
 2.99459e+23	1.00e+00	2.83e-04	3.45e-05
 3.00356e+23	1.00e+00	2.72e-04	3.70e-05
 3.01313e+23	1.00e+00	2.61e-04	3.96e-05
 3.02337e+23	1.00e+00	2.49e-04	4.23e-05
 3.03433e+23	1.00e+00	2.36e-04	4.50e-05
 3.04612e+23	1.00e+00	2.24e-04	4.78e-05
 3.05882e+23	1.00e+00	2.11e-04	5.05e-05
 3.07253e+23	1.00e+00	1.98e-04	5.32e-05
 3.08267e+23	1.00e+00	1.91e-04	5.62e-05
