#depth	Fe	Fe+	Fe+2	Fe+3	Fe+4	Fe+5	Fe+6	Fe+7	Fe+8	Fe+9	Fe+10	Fe+11	Fe+12	Fe+13	Fe+14	Fe+15	Fe+16	Fe+17	Fe+18	Fe+19	Fe+20	Fe+21	Fe+22	Fe+23	Fe+24	Fe+25	Fe+26
 4.62852e+21	0.00e+00	0.00e+00	0.00e+00	0.00e+00	0.00e+00	0.00e+00	0.00e+00	0.00e+00	0.00e+00	0.00e+00	0.00e+00	0.00e+00	6.36e-24	9.58e-22	1.16e-19	1.49e-17	1.39e-14	3.81e-12	5.14e-10	3.20e-08	1.17e-06	2.36e-05	3.58e-04	4.96e-03	1.01e-01	3.79e-01	5.15e-01
 1.05465e+22	0.00e+00	0.00e+00	0.00e+00	0.00e+00	0.00e+00	0.00e+00	0.00e+00	0.00e+00	0.00e+00	0.00e+00	0.00e+00	1.69e-25	2.63e-23	2.80e-21	6.36e-19	1.76e-16	3.86e-13	7.27e-11	6.80e-09	2.97e-07	7.58e-06	1.08e-04	1.15e-03	1.12e-02	1.61e-01	4.24e-01	4.03e-01
 1.27170e+22	0.00e+00	0.00e+00	0.00e+00	0.00e+00	0.00e+00	0.00e+00	0.00e+00	0.00e+00	0.00e+00	0.00e+00	2.11e-26	2.64e-24	3.26e-22	5.27e-20	9.46e-18	2.07e-15	3.50e-12	5.13e-10	3.74e-08	1.28e-06	2.57e-05	2.88e-04	2.42e-03	1.87e-02	2.12e-01	4.39e-01	3.28e-01
 1.43030e+22	0.00e+00	0.00e+00	0.00e+00	0.00e+00	0.00e+00	0.00e+00	0.00e+00	0.00e+00	0.00e+00	2.52e-27	3.75e-25	3.89e-23	3.99e-21	5.35e-19	7.96e-17	1.44e-14	1.98e-11	2.37e-09	1.42e-07	4.00e-06	6.64e-05	6.14e-04	4.27e-03	2.73e-02	2.58e-01	4.39e-01	2.70e-01
 1.51841e+22	0.00e+00	0.00e+00	0.00e+00	0.00e+00	0.00e+00	0.00e+00	0.00e+00	0.00e+00	1.67e-29	3.30e-27	4.68e-25	4.64e-23	7.47e-21	9.54e-19	1.35e-16	2.34e-14	3.05e-11	3.47e-09	1.97e-07	5.30e-06	8.39e-05	7.40e-04	4.90e-03	2.99e-02	2.70e-01	4.38e-01	2.57e-01
 1.55050e+22	0.00e+00	0.00e+00	0.00e+00	0.00e+00	0.00e+00	0.00e+00	0.00e+00	5.68e-32	3.23e-29	6.15e-27	8.40e-25	8.01e-23	1.24e-20	1.53e-18	2.09e-16	3.47e-14	4.34e-11	4.73e-09	2.58e-07	6.67e-06	1.01e-04	8.60e-04	5.48e-03	3.22e-02	2.79e-01	4.36e-01	2.46e-01
 1.57808e+22	0.00e+00	0.00e+00	0.00e+00	0.00e+00	0.00e+00	0.00e+00	0.00e+00	1.07e-31	5.88e-29	1.08e-26	1.43e-24	1.31e-22	1.97e-20	2.34e-18	3.08e-16	4.95e-14	5.96e-11	6.25e-09	3.29e-07	8.20e-06	1.20e-04	9.85e-04	6.06e-03	3.44e-02	2.88e-01	4.34e-01	2.36e-01
 1.60821e+22	0.00e+00	0.00e+00	0.00e+00	0.00e+00	0.00e+00	0.00e+00	0.00e+00	2.33e-31	1.23e-28	2.16e-26	2.73e-24	2.41e-22	3.46e-20	3.94e-18	4.98e-16	7.67e-14	8.78e-11	8.79e-09	4.42e-07	1.05e-05	1.48e-04	1.16e-03	6.84e-03	3.72e-02	2.99e-01	4.31e-01	2.24e-01
 1.63923e+22	0.00e+00	0.00e+00	0.00e+00	0.00e+00	0.00e+00	0.00e+00	0.00e+00	4.71e-31	2.39e-28	4.05e-26	4.91e-24	4.17e-22	5.76e-20	6.30e-18	7.67e-16	1.13e-13	1.25e-10	1.20e-08	5.78e-07	1.32e-05	1.79e-04	1.35e-03	7.63e-03	3.99e-02	3.09e-01	4.28e-01	2.14e-01
 1.66612e+22	0.00e+00	0.00e+00	0.00e+00	0.00e+00	0.00e+00	0.00e+00	0.00e+00	8.94e-31	4.37e-28	7.15e-26	8.38e-24	6.87e-22	9.16e-20	9.67e-18	1.14e-15	1.62e-13	1.71e-10	1.58e-08	7.36e-07	1.63e-05	2.12e-04	1.54e-03	8.42e-03	4.25e-02	3.18e-01	4.25e-01	2.05e-01
 1.69582e+22	0.00e+00	0.00e+00	0.00e+00	0.00e+00	0.00e+00	0.00e+00	0.00e+00	1.31e-30	6.17e-28	9.68e-26	1.09e-23	1.24e-21	1.58e-19	1.60e-17	1.81e-15	2.48e-13	2.49e-10	2.20e-08	9.79e-07	2.07e-05	2.59e-04	1.80e-03	9.44e-03	4.57e-02	3.29e-01	4.20e-01	1.94e-01
 1.72649e+22	0.00e+00	0.00e+00	0.00e+00	0.00e+00	0.00e+00	0.00e+00	0.00e+00	2.65e-30	1.19e-27	1.80e-25	1.95e-23	2.13e-21	2.62e-19	2.55e-17	2.77e-15	3.65e-13	3.52e-10	2.98e-08	1.27e-06	2.59e-05	3.11e-04	2.08e-03	1.05e-02	4.88e-02	3.38e-01	4.16e-01	1.84e-01
 1.75292e+22	0.00e+00	0.00e+00	0.00e+00	0.00e+00	0.00e+00	0.00e+00	6.92e-33	4.93e-30	2.15e-27	3.14e-25	3.28e-23	3.46e-21	4.11e-19	3.87e-17	4.05e-15	5.16e-13	4.79e-10	3.91e-08	1.61e-06	3.16e-05	3.66e-04	2.36e-03	1.15e-02	5.18e-02	3.47e-01	4.11e-01	1.76e-01
 1.78177e+22	0.00e+00	0.00e+00	0.00e+00	0.00e+00	0.00e+00	0.00e+00	1.49e-32	1.02e-29	4.28e-27	6.00e-25	6.02e-23	6.11e-21	6.97e-19	6.30e-17	6.34e-15	7.74e-13	6.87e-10	5.36e-08	2.11e-06	3.98e-05	4.42e-04	2.74e-03	1.28e-02	5.53e-02	3.57e-01	4.06e-01	1.67e-01
 1.81244e+22	0.00e+00	0.00e+00	0.00e+00	0.00e+00	0.00e+00	0.00e+00	3.13e-32	2.06e-29	8.32e-27	1.12e-24	1.08e-22	1.05e-20	1.16e-18	1.01e-16	9.72e-15	1.14e-12	9.70e-10	7.26e-08	2.75e-06	4.97e-05	5.30e-04	3.16e-03	1.42e-02	5.90e-02	3.66e-01	4.00e-01	1.58e-01
 1.84003e+22	0.00e+00	0.00e+00	0.00e+00	0.00e+00	0.00e+00	0.00e+00	6.22e-32	3.95e-29	1.54e-26	2.00e-24	1.86e-22	1.75e-20	1.85e-18	1.55e-16	1.44e-14	1.64e-12	1.34e-09	9.61e-08	3.50e-06	6.09e-05	6.27e-04	3.60e-03	1.56e-02	6.25e-02	3.74e-01	3.94e-01	1.50e-01
 1.86479e+22	0.00e+00	0.00e+00	0.00e+00	0.00e+00	0.00e+00	0.00e+00	1.15e-31	7.05e-29	2.65e-26	3.34e-24	3.01e-22	2.74e-20	2.80e-18	2.27e-16	2.05e-14	2.25e-12	1.77e-09	1.23e-07	4.34e-06	7.30e-05	7.27e-04	4.04e-03	1.69e-02	6.57e-02	3.81e-01	3.88e-01	1.43e-01
 1.88785e+22	0.00e+00	0.00e+00	0.00e+00	0.00e+00	0.00e+00	0.00e+00	2.02e-31	1.21e-28	4.41e-26	5.38e-24	4.70e-22	4.16e-20	4.13e-18	3.25e-16	2.85e-14	3.03e-12	2.31e-09	1.55e-07	5.29e-06	8.63e-05	8.33e-04	4.49e-03	1.83e-02	6.88e-02	3.88e-01	3.83e-01	1.36e-01
 1.91437e+22	0.00e+00	0.00e+00	0.00e+00	0.00e+00	0.00e+00	0.00e+00	3.99e-31	2.30e-28	8.11e-26	9.55e-24	8.06e-22	6.87e-20	6.59e-18	5.00e-16	4.23e-14	4.34e-12	3.17e-09	2.05e-07	6.71e-06	1.06e-04	9.81e-04	5.10e-03	2.00e-02	7.26e-02	3.96e-01	3.76e-01	1.29e-01
 1.94292e+22	0.00e+00	0.00e+00	0.00e+00	0.00e+00	0.00e+00	0.00e+00	6.22e-31	3.46e-28	1.18e-25	1.33e-23	1.39e-21	1.14e-19	1.05e-17	7.72e-16	6.29e-14	6.21e-12	4.36e-09	2.71e-07	8.54e-06	1.29e-04	1.16e-03	5.79e-03	2.19e-02	7.66e-02	4.03e-01	3.69e-01	1.22e-01
 1.96865e+22	0.00e+00	0.00e+00	0.00e+00	0.00e+00	0.00e+00	0.00e+00	1.17e-30	6.30e-28	2.07e-25	2.27e-23	2.29e-21	1.82e-19	1.62e-17	1.15e-15	9.04e-14	8.63e-12	5.84e-09	3.50e-07	1.06e-05	1.56e-04	1.35e-03	6.51e-03	2.37e-02	8.04e-02	4.10e-01	3.62e-01	1.16e-01
 1.99663e+22	0.00e+00	0.00e+00	0.00e+00	0.00e+00	0.00e+00	0.00e+00	2.45e-30	1.27e-27	4.01e-25	4.23e-23	4.10e-21	3.13e-19	2.69e-17	1.83e-15	1.38e-13	1.27e-11	8.21e-09	4.71e-07	1.37e-05	1.93e-04	1.60e-03	7.44e-03	2.61e-02	8.50e-02	4.17e-01	3.54e-01	1.08e-01
 2.02502e+22	0.00e+00	0.00e+00	0.00e+00	0.00e+00	0.00e+00	0.00e+00	4.82e-30	2.40e-27	7.34e-25	7.46e-23	6.97e-21	5.13e-19	4.25e-17	2.79e-15	2.03e-13	1.80e-11	1.12e-08	6.17e-07	1.74e-05	2.35e-04	1.88e-03	8.41e-03	2.84e-02	8.93e-02	4.23e-01	3.46e-01	1.02e-01
 2.04872e+22	0.00e+00	0.00e+00	0.00e+00	0.00e+00	0.00e+00	4.51e-33	8.59e-30	4.16e-27	1.23e-24	1.21e-22	1.10e-20	7.84e-19	6.29e-17	4.00e-15	2.83e-13	2.43e-11	1.46e-08	7.78e-07	2.12e-05	2.77e-04	2.15e-03	9.32e-03	3.05e-02	9.30e-02	4.28e-01	3.39e-01	9.70e-02
 2.07430e+22	0.00e+00	0.00e+00	0.00e+00	0.00e+00	0.00e+00	9.13e-33	1.68e-29	7.83e-27	2.24e-24	2.13e-22	1.86e-20	1.28e-18	9.92e-17	6.08e-15	4.15e-13	3.44e-11	1.98e-08	1.02e-06	2.66e-05	3.36e-04	2.51e-03	1.05e-02	3.31e-02	9.74e-02	4.34e-01	3.31e-01	9.12e-02
 2.10197e+22	0.00e+00	0.00e+00	0.00e+00	0.00e+00	0.00e+00	1.86e-32	3.30e-29	1.49e-26	4.11e-24	3.77e-22	3.17e-20	2.10e-18	1.57e-16	9.28e-15	6.11e-13	4.87e-11	2.70e-08	1.33e-06	3.35e-05	4.07e-04	2.93e-03	1.18e-02	3.60e-02	1.02e-01	4.39e-01	3.23e-01	8.55e-02
 2.12719e+22	0.00e+00	0.00e+00	0.00e+00	0.00e+00	0.00e+00	2.90e-32	4.98e-29	2.18e-26	5.81e-24	6.22e-22	5.07e-20	3.26e-18	2.35e-16	1.35e-14	8.58e-13	6.62e-11	3.54e-08	1.69e-06	4.11e-05	4.83e-04	3.36e-03	1.31e-02	3.86e-02	1.06e-01	4.43e-01	3.15e-01	8.07e-02
 2.15053e+22	0.00e+00	0.00e+00	0.00e+00	0.00e+00	0.00e+00	5.28e-32	8.80e-29	3.73e-26	9.67e-24	1.00e-21	7.94e-20	4.94e-18	3.46e-16	1.92e-14	1.19e-12	8.87e-11	4.59e-08	2.12e-06	4.99e-05	5.67e-04	3.83e-03	1.45e-02	4.13e-02	1.10e-01	4.46e-01	3.07e-01	7.63e-02
 2.17659e+22	0.00e+00	0.00e+00	0.00e+00	0.00e+00	0.00e+00	1.07e-31	1.71e-28	7.02e-26	1.76e-23	1.76e-21	1.34e-19	8.05e-18	5.45e-16	2.91e-14	1.74e-12	1.25e-10	6.22e-08	2.75e-06	6.24e-05	6.84e-04	4.45e-03	1.62e-02	4.46e-02	1.15e-01	4.50e-01	2.98e-01	7.14e-02
 2.20399e+22	0.00e+00	0.00e+00	0.00e+00	0.00e+00	0.00e+00	2.11e-31	3.27e-28	1.29e-25	3.13e-23	3.03e-21	2.23e-19	1.29e-17	8.42e-16	4.35e-14	2.50e-12	1.74e-10	8.32e-08	3.55e-06	7.76e-05	8.20e-04	5.14e-03	1.81e-02	4.80e-02	1.19e-01	4.52e-01	2.89e-01	6.68e-02
 2.22807e+22	0.00e+00	0.00e+00	0.00e+00	0.00e+00	0.00e+00	3.90e-31	5.88e-28	2.25e-25	5.28e-23	4.95e-21	3.52e-19	1.98e-17	1.25e-15	6.25e-14	3.48e-12	2.34e-10	1.08e-07	4.47e-06	9.44e-05	9.65e-04	5.86e-03	1.99e-02	5.13e-02	1.23e-01	4.54e-01	2.81e-01	6.28e-02
 2.25434e+22	0.00e+00	0.00e+00	0.00e+00	0.00e+00	0.00e+00	8.02e-31	1.16e-27	4.31e-25	9.73e-23	8.78e-21	6.03e-19	3.26e-17	1.98e-15	9.56e-14	5.13e-12	3.33e-10	1.47e-07	5.84e-06	1.19e-04	1.17e-03	6.81e-03	2.23e-02	5.53e-02	1.28e-01	4.56e-01	2.72e-01	5.84e-02
 2.28221e+22	0.00e+00	0.00e+00	0.00e+00	0.00e+00	0.00e+00	1.61e-30	2.26e-27	8.05e-25	1.76e-22	1.53e-20	1.01e-18	5.27e-17	3.09e-15	1.44e-13	7.43e-12	4.65e-10	1.98e-07	7.55e-06	1.48e-04	1.40e-03	7.88e-03	2.49e-02	5.94e-02	1.33e-01	4.57e-01	2.62e-01	5.43e-02
 2.30651e+22	0.00e+00	0.00e+00	0.00e+00	0.00e+00	0.00e+00	2.98e-30	4.05e-27	1.40e-24	2.96e-22	2.50e-20	1.60e-18	8.07e-17	4.59e-15	2.06e-13	1.03e-11	6.24e-10	2.57e-07	9.48e-06	1.79e-04	1.64e-03	8.95e-03	2.73e-02	6.32e-02	1.37e-01	4.57e-01	2.54e-01	5.08e-02
 2.32861e+22	0.00e+00	0.00e+00	0.00e+00	0.00e+00	1.79e-33	5.26e-30	6.95e-27	2.34e-24	4.80e-22	3.92e-20	2.44e-18	1.20e-16	6.59e-15	2.87e-13	1.40e-11	8.20e-10	3.27e-07	1.17e-05	2.14e-04	1.90e-03	1.00e-02	2.98e-02	6.68e-02	1.40e-01	4.57e-01	2.46e-01	4.78e-02
 2.35351e+22	0.00e+00	0.00e+00	0.00e+00	0.00e+00	3.61e-33	1.03e-29	1.31e-26	4.27e-24	8.46e-22	6.68e-20	4.01e-18	1.90e-16	1.01e-14	4.25e-13	1.99e-11	1.13e-09	4.34e-07	1.49e-05	2.63e-04	2.26e-03	1.15e-02	3.29e-02	7.13e-02	1.45e-01	4.56e-01	2.37e-01	4.43e-02
 2.38028e+22	0.00e+00	0.00e+00	0.00e+00	0.00e+00	6.84e-33	1.88e-29	2.32e-26	7.27e-24	1.51e-21	1.15e-19	6.64e-18	3.03e-16	1.55e-14	6.31e-13	2.85e-11	1.56e-09	5.76e-07	1.91e-05	3.25e-04	2.69e-03	1.32e-02	3.64e-02	7.60e-02	1.49e-01	4.54e-01	2.27e-01	4.10e-02
 2.40439e+22	0.00e+00	0.00e+00	0.00e+00	0.00e+00	1.28e-32	3.42e-29	4.09e-26	1.25e-23	2.50e-21	1.85e-19	1.04e-17	4.57e-16	2.27e-14	8.94e-13	3.91e-11	2.07e-09	7.41e-07	2.37e-05	3.91e-04	3.13e-03	1.49e-02	3.97e-02	8.03e-02	1.52e-01	4.52e-01	2.19e-01	3.82e-02
 2.43066e+22	0.00e+00	0.00e+00	0.00e+00	0.00e+00	2.73e-32	7.02e-29	8.10e-26	2.38e-23	4.60e-21	3.27e-19	1.76e-17	7.50e-16	3.59e-14	1.36e-12	5.72e-11	2.91e-09	1.00e-06	3.08e-05	4.87e-04	3.74e-03	1.71e-02	4.39e-02	8.56e-02	1.57e-01	4.48e-01	2.09e-01	3.51e-02
 2.45847e+22	0.00e+00	0.00e+00	0.00e+00	0.00e+00	5.78e-32	1.43e-28	1.59e-25	4.51e-23	8.40e-21	5.74e-19	2.98e-17	1.22e-15	5.62e-14	2.04e-12	8.29e-11	4.06e-09	1.34e-06	3.97e-05	6.04e-04	4.47e-03	1.97e-02	4.86e-02	9.11e-02	1.60e-01	4.44e-01	1.99e-01	3.21e-02
 2.48191e+22	0.00e+00	0.00e+00	0.00e+00	0.00e+00	1.05e-31	2.52e-28	2.72e-25	7.48e-23	1.35e-20	8.98e-19	4.53e-17	1.80e-15	8.03e-14	2.83e-12	1.11e-10	5.29e-09	1.69e-06	4.86e-05	7.17e-04	5.14e-03	2.19e-02	5.25e-02	9.55e-02	1.63e-01	4.40e-01	1.91e-01	2.99e-02
 2.50603e+22	0.00e+00	0.00e+00	0.00e+00	0.00e+00	2.11e-31	4.91e-28	5.12e-25	1.36e-22	2.38e-20	1.52e-18	7.41e-17	2.84e-15	1.22e-13	4.16e-12	1.58e-10	7.21e-09	2.23e-06	6.15e-05	8.75e-04	6.05e-03	2.49e-02	5.74e-02	1.01e-01	1.66e-01	4.34e-01	1.82e-01	2.74e-02
 2.53182e+22	0.00e+00	0.00e+00	0.00e+00	0.00e+00	4.17e-31	9.39e-28	9.48e-25	2.44e-22	4.11e-20	2.54e-18	1.19e-16	4.41e-15	1.83e-13	6.01e-12	2.20e-10	9.72e-09	2.90e-06	7.73e-05	1.06e-03	7.08e-03	2.81e-02	6.26e-02	1.06e-01	1.69e-01	4.28e-01	1.73e-01	2.52e-02
 2.55537e+22	0.00e+00	0.00e+00	0.00e+00	0.00e+00	7.75e-31	1.69e-27	1.66e-24	4.14e-22	6.77e-20	4.05e-18	1.84e-16	6.59e-15	2.65e-13	8.42e-12	2.98e-10	1.27e-08	3.68e-06	9.51e-05	1.26e-03	8.15e-03	3.13e-02	6.76e-02	1.11e-01	1.71e-01	4.22e-01	1.65e-01	2.32e-02
 2.58157e+22	0.00e+00	0.00e+00	0.00e+00	0.00e+00	1.72e-30	3.61e-27	3.40e-24	8.15e-22	1.28e-19	7.35e-18	3.21e-16	1.10e-14	4.24e-13	1.29e-11	4.38e-10	1.80e-08	4.98e-06	1.24e-04	1.58e-03	9.76e-03	3.59e-02	7.43e-02	1.17e-01	1.74e-01	4.12e-01	1.55e-01	2.09e-02
 2.60834e+22	0.00e+00	0.00e+00	0.00e+00	0.00e+00	3.21e-30	6.53e-27	5.95e-24	1.43e-21	2.17e-19	1.20e-17	5.08e-16	1.68e-14	6.26e-13	1.84e-11	6.04e-10	2.39e-08	6.41e-06	1.53e-04	1.89e-03	1.13e-02	4.02e-02	8.03e-02	1.22e-01	1.75e-01	4.04e-01	1.46e-01	1.91e-02
 2.63118e+22	0.00e+00	0.00e+00	0.00e+00	0.00e+00	6.01e-30	1.19e-26	1.05e-23	2.44e-21	3.59e-19	1.93e-17	7.85e-16	2.51e-14	9.05e-13	2.57e-11	8.15e-10	3.12e-08	8.11e-06	1.88e-04	2.24e-03	1.30e-02	4.46e-02	8.62e-02	1.27e-01	1.76e-01	3.95e-01	1.38e-01	1.74e-02
 2.65265e+22	0.00e+00	0.00e+00	0.00e+00	1.77e-33	1.06e-29	2.04e-26	1.75e-23	3.96e-21	5.66e-19	2.95e-17	1.17e-15	3.62e-14	1.26e-12	3.49e-11	1.07e-09	3.98e-08	1.00e-05	2.26e-04	2.62e-03	1.47e-02	4.90e-02	9.18e-02	1.31e-01	1.77e-01	3.86e-01	1.31e-01	1.61e-02
 2.67700e+22	0.00e+00	0.00e+00	0.00e+00	3.73e-33	2.17e-29	4.03e-26	3.34e-23	7.27e-21	1.00e-18	5.02e-17	1.91e-15	5.71e-14	1.92e-12	5.09e-11	1.50e-09	5.36e-08	1.31e-05	2.84e-04	3.17e-03	1.71e-02	5.49e-02	9.92e-02	1.36e-01	1.77e-01	3.75e-01	1.22e-01	1.44e-02
 2.70270e+22	0.00e+00	0.00e+00	0.00e+00	7.74e-33	4.36e-29	7.82e-26	6.25e-23	1.31e-20	1.75e-18	8.44e-17	3.09e-15	8.89e-14	2.88e-12	7.35e-11	2.09e-09	7.18e-08	1.69e-05	3.55e-04	3.81e-03	1.98e-02	6.13e-02	1.07e-01	1.41e-01	1.77e-01	3.63e-01	1.14e-01	1.29e-02
 2.72543e+22	0.00e+00	0.00e+00	0.00e+00	1.47e-32	8.01e-29	1.40e-25	1.08e-22	2.21e-20	2.84e-18	1.33e-16	4.70e-15	1.31e-13	4.09e-12	1.01e-10	2.77e-09	9.22e-08	2.11e-05	4.30e-04	4.47e-03	2.25e-02	6.73e-02	1.13e-01	1.45e-01	1.76e-01	3.52e-01	1.07e-01	1.18e-02
 2.75023e+22	0.00e+00	0.00e+00	0.00e+00	3.26e-32	1.72e-28	2.88e-25	2.15e-22	4.22e-20	5.21e-18	2.34e-16	7.94e-15	2.12e-13	6.35e-12	1.50e-10	3.95e-09	1.26e-07	2.78e-05	5.44e-04	5.45e-03	2.63e-02	7.55e-02	1.22e-01	1.50e-01	1.75e-01	3.37e-01	9.84e-02	1.04e-02
 2.77499e+22	0.00e+00	0.00e+00	0.00e+00	6.25e-32	3.20e-28	5.21e-25	3.76e-22	7.14e-20	8.54e-18	3.70e-16	1.21e-14	3.13e-13	9.05e-12	2.07e-10	5.26e-09	1.62e-07	3.47e-05	6.59e-04	6.38e-03	2.98e-02	8.26e-02	1.29e-01	1.53e-01	1.73e-01	3.25e-01	9.16e-02	9.32e-03
 2.79596e+22	0.00e+00	0.00e+00	0.00e+00	1.12e-31	5.59e-28	8.85e-25	6.21e-22	1.15e-19	1.33e-17	5.59e-16	1.78e-14	4.44e-13	1.25e-11	2.76e-10	6.79e-09	2.03e-07	4.23e-05	7.80e-04	7.34e-03	3.32e-02	8.94e-02	1.35e-01	1.56e-01	1.71e-01	3.13e-01	8.56e-02	8.45e-03
 2.81951e+22	0.00e+00	0.00e+00	0.00e+00	2.39e-31	1.15e-27	1.76e-24	1.19e-21	2.11e-19	2.36e-17	9.53e-16	2.91e-14	6.97e-13	1.88e-11	3.98e-10	9.41e-09	2.69e-07	5.44e-05	9.69e-04	8.77e-03	3.82e-02	9.87e-02	1.44e-01	1.59e-01	1.68e-01	2.97e-01	7.82e-02	7.41e-03
 2.84385e+22	0.00e+00	0.00e+00	0.00e+00	4.60e-31	2.15e-27	3.18e-24	2.10e-21	3.62e-19	3.90e-17	1.52e-15	4.47e-14	1.03e-12	2.68e-11	5.49e-10	1.25e-08	3.45e-07	6.77e-05	1.17e-03	1.02e-02	4.30e-02	1.07e-01	1.51e-01	1.61e-01	1.64e-01	2.83e-01	7.19e-02	6.58e-03
 2.86551e+22	0.00e+00	0.00e+00	0.00e+00	8.76e-31	3.97e-27	5.69e-24	3.65e-21	6.07e-19	6.33e-17	2.38e-15	6.77e-14	1.51e-12	3.77e-11	7.46e-10	1.64e-08	4.36e-07	8.34e-05	1.40e-03	1.19e-02	4.82e-02	1.16e-01	1.57e-01	1.63e-01	1.61e-01	2.69e-01	6.60e-02	5.84e-03
 2.88999e+22	0.00e+00	0.00e+00	0.00e+00	1.94e-30	8.46e-27	1.17e-23	7.20e-21	1.15e-18	1.15e-16	4.14e-15	1.13e-13	2.40e-12	5.75e-11	1.09e-09	2.28e-08	5.82e-07	1.08e-04	1.74e-03	1.42e-02	5.52e-02	1.27e-01	1.66e-01	1.64e-01	1.55e-01	2.52e-01	5.92e-02	5.02e-03
 2.91407e+22	0.00e+00	0.00e+00	0.00e+00	3.69e-30	1.56e-26	2.09e-23	1.25e-20	1.93e-18	1.86e-16	6.48e-15	1.70e-13	3.50e-12	8.07e-11	1.47e-09	2.98e-08	7.32e-07	1.32e-04	2.06e-03	1.63e-02	6.14e-02	1.37e-01	1.72e-01	1.65e-01	1.51e-01	2.38e-01	5.39e-02	4.42e-03
 2.93395e+22	0.00e+00	0.00e+00	0.00e+00	6.52e-30	2.69e-26	3.50e-23	2.03e-20	3.04e-18	2.85e-16	9.61e-15	2.44e-13	4.87e-12	1.09e-10	1.92e-09	3.76e-08	8.96e-07	1.57e-04	2.40e-03	1.84e-02	6.73e-02	1.46e-01	1.77e-01	1.65e-01	1.46e-01	2.25e-01	4.95e-02	3.94e-03
 2.95612e+22	0.00e+00	0.00e+00	0.00e+00	1.35e-29	5.39e-26	6.78e-23	3.78e-20	5.46e-18	4.92e-16	1.59e-14	3.88e-13	7.42e-12	1.59e-10	2.69e-09	5.05e-08	1.15e-06	1.97e-04	2.90e-03	2.15e-02	7.54e-02	1.57e-01	1.83e-01	1.64e-01	1.40e-01	2.09e-01	4.42e-02	3.38e-03
 2.97904e+22	0.00e+00	0.00e+00	1.02e-33	2.58e-29	9.95e-26	1.21e-22	6.54e-20	9.14e-18	7.95e-16	2.48e-14	5.82e-13	1.07e-11	2.21e-10	3.60e-09	6.52e-08	1.44e-06	2.39e-04	3.41e-03	2.45e-02	8.31e-02	1.67e-01	1.88e-01	1.62e-01	1.34e-01	1.95e-01	3.98e-02	2.93e-03
 2.99940e+22	0.00e+00	0.00e+00	1.91e-33	4.69e-29	1.76e-25	2.08e-22	1.09e-19	1.47e-17	1.24e-15	3.74e-14	8.48e-13	1.51e-11	3.01e-10	4.73e-09	8.27e-08	1.76e-06	2.85e-04	3.97e-03	2.76e-02	9.07e-02	1.76e-01	1.92e-01	1.60e-01	1.28e-01	1.82e-01	3.60e-02	2.57e-03
 3.02232e+22	0.00e+00	0.00e+00	4.22e-33	1.00e-28	3.62e-25	4.13e-22	2.07e-19	2.69e-17	2.17e-15	6.27e-14	1.36e-12	2.32e-11	4.42e-10	6.65e-09	1.11e-07	2.26e-06	3.56e-04	4.78e-03	3.20e-02	1.01e-01	1.88e-01	1.96e-01	1.57e-01	1.21e-01	1.66e-01	3.15e-02	2.15e-03
 3.04508e+22	0.00e+00	0.00e+00	8.22e-33	1.88e-28	6.61e-25	7.31e-22	3.55e-19	4.46e-17	3.47e-15	9.65e-14	2.02e-12	3.31e-11	6.08e-10	8.80e-09	1.42e-07	2.77e-06	4.26e-04	5.56e-03	3.61e-02	1.10e-01	1.97e-01	1.99e-01	1.54e-01	1.14e-01	1.53e-01	2.80e-02	1.85e-03
 3.06395e+22	0.00e+00	0.00e+00	1.47e-32	3.27e-28	1.12e-24	1.20e-21	5.67e-19	6.91e-17	5.22e-15	1.41e-13	2.85e-12	4.52e-11	8.02e-10	1.12e-08	1.75e-07	3.32e-06	4.98e-04	6.33e-03	4.00e-02	1.18e-01	2.06e-01	2.01e-01	1.51e-01	1.09e-01	1.42e-01	2.52e-02	1.62e-03
 3.08478e+22	0.00e+00	0.00e+00	2.99e-32	6.43e-28	2.12e-24	2.22e-21	1.01e-18	1.18e-16	8.61e-15	2.23e-13	4.33e-12	6.60e-11	1.12e-09	1.51e-08	2.26e-07	4.11e-06	6.00e-04	7.41e-03	4.52e-02	1.28e-01	2.15e-01	2.03e-01	1.46e-01	1.02e-01	1.29e-01	2.20e-02	1.36e-03
 3.10669e+22	0.00e+00	0.00e+00	5.70e-32	1.19e-27	3.81e-24	3.86e-21	1.70e-18	1.93e-16	1.35e-14	3.37e-13	6.33e-12	9.29e-11	1.52e-09	1.98e-08	2.84e-07	4.99e-06	7.10e-04	8.51e-03	5.03e-02	1.38e-01	2.24e-01	2.03e-01	1.42e-01	9.52e-02	1.18e-01	1.94e-02	1.16e-03
 3.12663e+22	0.00e+00	0.00e+00	1.10e-31	2.21e-27	6.88e-24	6.75e-21	2.87e-18	3.15e-16	2.13e-14	5.12e-13	9.26e-12	1.31e-10	2.06e-09	2.58e-08	3.56e-07	6.02e-06	8.36e-04	9.75e-03	5.59e-02	1.48e-01	2.31e-01	2.03e-01	1.37e-01	8.87e-02	1.07e-01	1.71e-02	9.82e-04
 3.14587e+22	0.00e+00	0.00e+00	1.99e-31	3.91e-27	1.18e-23	1.13e-20	4.64e-18	4.94e-16	3.23e-14	7.51e-13	1.31e-11	1.79e-10	2.73e-09	3.28e-08	4.38e-07	7.17e-06	9.72e-04	1.10e-02	6.14e-02	1.58e-01	2.38e-01	2.02e-01	1.32e-01	8.29e-02	9.78e-02	1.51e-02	8.40e-04
 3.16468e+22	0.00e+00	0.00e+00	3.62e-31	6.88e-27	2.02e-23	1.87e-20	7.48e-18	7.72e-16	4.88e-14	1.10e-12	1.85e-11	2.44e-10	3.59e-09	4.17e-08	5.38e-07	8.49e-06	1.12e-03	1.24e-02	6.73e-02	1.67e-01	2.44e-01	2.01e-01	1.27e-01	7.73e-02	8.90e-02	1.33e-02	7.17e-04
 3.18623e+22	0.00e+00	0.00e+00	7.63e-31	1.40e-26	3.96e-23	3.54e-20	1.36e-17	1.35e-15	8.19e-14	1.76e-12	2.84e-11	3.59e-10	5.05e-09	5.62e-08	6.92e-07	1.05e-05	1.35e-03	1.44e-02	7.51e-02	1.79e-01	2.51e-01	1.98e-01	1.20e-01	7.03e-02	7.87e-02	1.13e-02	5.84e-04
 3.20811e+22	0.00e+00	0.00e+00	1.46e-30	2.59e-26	7.11e-23	6.16e-20	2.28e-17	2.19e-15	1.28e-13	2.65e-12	4.12e-11	5.00e-10	6.77e-09	7.25e-08	8.59e-07	1.25e-05	1.57e-03	1.63e-02	8.23e-02	1.90e-01	2.56e-01	1.95e-01	1.14e-01	6.46e-02	7.05e-02	9.74e-03	4.87e-04
 3.22672e+22	0.00e+00	0.00e+00	2.61e-30	4.50e-26	1.20e-22	1.01e-19	3.63e-17	3.37e-15	1.91e-13	3.82e-12	5.74e-11	6.73e-10	8.80e-09	9.09e-08	1.04e-06	1.46e-05	1.79e-03	1.81e-02	8.91e-02	1.99e-01	2.60e-01	1.91e-01	1.09e-01	5.96e-02	6.36e-02	8.51e-03	4.12e-04
 3.24721e+22	0.00e+00	0.00e+00	5.34e-30	8.87e-26	2.28e-22	1.86e-19	6.43e-17	5.74e-15	3.12e-13	5.99e-12	8.62e-11	9.68e-10	1.21e-08	1.20e-07	1.31e-06	1.77e-05	2.11e-03	2.07e-02	9.80e-02	2.10e-01	2.64e-01	1.86e-01	1.02e-01	5.38e-02	5.58e-02	7.18e-03	3.34e-04
 3.26838e+22	0.00e+00	0.00e+00	1.00e-29	1.62e-25	4.04e-22	3.18e-19	1.06e-16	9.19e-15	4.81e-13	8.90e-12	1.23e-10	1.33e-09	1.61e-08	1.53e-07	1.61e-06	2.09e-05	2.43e-03	2.31e-02	1.06e-01	2.20e-01	2.66e-01	1.82e-01	9.57e-02	4.89e-02	4.95e-02	6.15e-03	2.76e-04
 3.28718e+22	0.00e+00	0.00e+00	1.84e-29	2.87e-25	6.94e-22	5.31e-19	1.72e-16	1.44e-14	7.26e-13	1.30e-11	1.73e-10	1.80e-09	2.09e-08	1.92e-07	1.95e-06	2.44e-05	2.76e-03	2.56e-02	1.14e-01	2.29e-01	2.68e-01	1.76e-01	8.99e-02	4.45e-02	4.41e-02	5.29e-03	2.30e-04
 3.30835e+22	0.00e+00	0.00e+00	3.83e-29	5.75e-25	1.34e-21	9.90e-19	3.08e-16	2.47e-14	1.20e-12	2.05e-11	2.61e-10	2.61e-09	2.89e-08	2.54e-07	2.46e-06	2.94e-05	3.24e-03	2.90e-02	1.25e-01	2.40e-01	2.68e-01	1.70e-01	8.30e-02	3.95e-02	3.81e-02	4.38e-03	1.83e-04
 3.32972e+22	0.00e+00	7.40e-34	7.18e-29	1.04e-24	2.36e-21	1.69e-18	5.08e-16	3.93e-14	1.84e-12	3.02e-11	3.71e-10	3.56e-09	3.80e-08	3.21e-07	2.99e-06	3.44e-05	3.69e-03	3.22e-02	1.34e-01	2.48e-01	2.68e-01	1.64e-01	7.73e-02	3.56e-02	3.34e-02	3.71e-03	1.49e-04
 3.34811e+22	0.00e+00	1.37e-33	1.29e-28	1.82e-24	4.00e-21	2.77e-18	8.07e-16	6.05e-14	2.73e-12	4.34e-11	5.14e-10	4.76e-09	4.90e-08	3.99e-07	3.58e-06	3.97e-05	4.16e-03	3.53e-02	1.43e-01	2.56e-01	2.67e-01	1.58e-01	7.21e-02	3.21e-02	2.96e-02	3.17e-03	1.24e-04
 3.36877e+22	0.00e+00	2.94e-33	2.65e-28	3.60e-24	7.64e-21	5.11e-18	1.43e-15	1.03e-13	4.46e-12	6.77e-11	7.68e-10	6.80e-09	6.69e-08	5.20e-07	4.46e-06	4.74e-05	4.81e-03	3.95e-02	1.54e-01	2.65e-01	2.65e-01	1.50e-01	6.58e-02	2.82e-02	2.53e-02	2.60e-03	9.73e-05
 3.39027e+22	0.00e+00	5.89e-33	5.11e-28	6.71e-24	1.37e-20	8.89e-18	2.40e-15	1.67e-13	6.94e-12	1.01e-10	1.10e-09	9.38e-09	8.85e-08	6.61e-07	5.44e-06	5.54e-05	5.47e-03	4.36e-02	1.64e-01	2.72e-01	2.62e-01	1.43e-01	6.04e-02	2.50e-02	2.19e-02	2.17e-03	7.81e-05
 3.40955e+22	0.00e+00	1.10e-32	9.26e-28	1.18e-23	2.34e-20	1.47e-17	3.84e-15	2.58e-13	1.04e-11	1.46e-10	1.53e-09	1.25e-08	1.14e-07	8.21e-07	6.50e-06	6.39e-05	6.15e-03	4.76e-02	1.74e-01	2.79e-01	2.59e-01	1.36e-01	5.58e-02	2.23e-02	1.91e-02	1.83e-03	6.37e-05
 3.42839e+22	0.00e+00	2.14e-32	1.73e-27	2.13e-23	4.10e-20	2.49e-17	6.29e-15	4.08e-13	1.58e-11	2.14e-10	2.16e-09	1.70e-08	1.49e-07	1.03e-06	7.81e-06	7.38e-05	6.91e-03	5.20e-02	1.84e-01	2.84e-01	2.54e-01	1.29e-01	5.11e-02	1.98e-02	1.65e-02	1.53e-03	5.13e-05
 3.44633e+22	0.00e+00	3.81e-32	2.98e-27	3.56e-23	6.67e-20	3.94e-17	9.65e-15	6.07e-13	2.27e-11	2.98e-10	2.90e-09	2.21e-08	1.87e-07	1.25e-06	9.17e-06	8.38e-05	7.65e-03	5.61e-02	1.93e-01	2.89e-01	2.50e-01	1.23e-01	4.72e-02	1.78e-02	1.45e-02	1.30e-03	4.23e-05
 3.46600e+22	0.00e+00	8.08e-32	6.07e-27	6.98e-23	1.26e-19	7.16e-17	1.69e-14	1.02e-12	3.65e-11	4.58e-10	4.28e-09	3.11e-08	2.51e-07	1.60e-06	1.13e-05	9.84e-05	8.71e-03	6.17e-02	2.05e-01	2.94e-01	2.44e-01	1.15e-01	4.24e-02	1.54e-02	1.23e-02	1.05e-03	3.29e-05
 3.48602e+22	0.00e+00	1.55e-31	1.12e-26	1.25e-22	2.17e-19	1.20e-16	2.73e-14	1.59e-12	5.49e-11	6.63e-10	5.96e-09	4.18e-08	3.24e-07	1.99e-06	1.34e-05	1.13e-04	9.71e-03	6.68e-02	2.15e-01	2.98e-01	2.38e-01	1.08e-01	3.86e-02	1.35e-02	1.06e-02	8.75e-04	2.63e-05
 3.50211e+22	0.00e+00	2.58e-31	1.81e-26	1.97e-22	3.34e-19	1.80e-16	3.98e-14	2.26e-12	7.57e-11	8.87e-10	7.73e-09	5.26e-08	3.96e-07	2.35e-06	1.54e-05	1.25e-04	1.06e-02	7.11e-02	2.23e-01	3.01e-01	2.33e-01	1.03e-01	3.58e-02	1.22e-02	9.37e-03	7.54e-04	2.21e-05
 3.51861e+22	0.00e+00	4.87e-31	3.31e-26	3.47e-22	5.71e-19	2.98e-16	6.37e-14	3.50e-12	1.13e-10	1.27e-09	1.07e-08	7.00e-08	5.07e-07	2.90e-06	1.82e-05	1.43e-04	1.17e-02	7.66e-02	2.33e-01	3.03e-01	2.27e-01	9.67e-02	3.24e-02	1.07e-02	8.05e-03	6.25e-04	1.77e-05
 3.53454e+22	0.00e+00	7.88e-31	5.21e-26	5.33e-22	8.55e-19	4.35e-16	9.09e-14	4.86e-12	1.52e-10	1.67e-09	1.36e-08	8.68e-08	6.10e-07	3.39e-06	2.07e-05	1.58e-04	1.26e-02	8.09e-02	2.41e-01	3.05e-01	2.21e-01	9.20e-02	3.01e-02	9.70e-03	7.17e-03	5.42e-04	1.49e-05
 3.54756e+22	0.00e+00	1.27e-30	8.16e-26	8.13e-22	1.27e-18	6.33e-16	1.29e-13	6.72e-12	2.05e-10	2.19e-09	1.73e-08	1.07e-07	7.32e-07	3.95e-06	2.34e-05	1.74e-04	1.36e-02	8.53e-02	2.48e-01	3.06e-01	2.16e-01	8.75e-02	2.79e-02	8.77e-03	6.38e-03	4.70e-04	1.26e-05
 3.56034e+22	0.00e+00	1.99e-30	1.25e-25	1.21e-21	1.86e-18	9.03e-16	1.80e-13	9.13e-12	2.71e-10	2.82e-09	2.18e-08	1.31e-07	8.70e-07	4.57e-06	2.63e-05	1.90e-04	1.46e-02	8.97e-02	2.55e-01	3.06e-01	2.11e-01	8.33e-02	2.59e-02	7.97e-03	5.71e-03	4.10e-04	1.07e-05
 3.57280e+22	0.00e+00	3.03e-30	1.85e-25	1.77e-21	2.64e-18	1.26e-15	2.45e-13	1.22e-11	3.53e-10	3.58e-09	2.69e-08	1.58e-07	1.02e-06	5.23e-06	2.94e-05	2.07e-04	1.56e-02	9.38e-02	2.61e-01	3.07e-01	2.06e-01	7.94e-02	2.42e-02	7.28e-03	5.14e-03	3.61e-04	9.20e-06
 3.58680e+22	0.00e+00	5.28e-30	3.13e-25	2.90e-21	4.21e-18	1.95e-15	3.68e-13	1.78e-11	4.98e-10	4.89e-09	3.56e-08	2.02e-07	1.26e-06	6.25e-06	3.39e-05	2.30e-04	1.69e-02	9.95e-02	2.70e-01	3.07e-01	1.99e-01	7.45e-02	2.20e-02	6.44e-03	4.47e-03	3.04e-04	7.51e-06
 3.60077e+22	0.00e+00	8.24e-30	4.76e-25	4.30e-21	6.11e-18	2.77e-15	5.10e-13	2.40e-11	6.56e-10	6.28e-09	4.45e-08	2.46e-07	1.50e-06	7.20e-06	3.80e-05	2.51e-04	1.81e-02	1.04e-01	2.76e-01	3.06e-01	1.94e-01	7.07e-02	2.04e-02	5.84e-03	3.99e-03	2.64e-04	6.38e-06
 3.61229e+22	0.00e+00	1.25e-29	7.07e-25	6.24e-21	8.67e-18	3.85e-15	6.93e-13	3.19e-11	8.51e-10	7.94e-09	5.48e-08	2.95e-07	1.75e-06	8.22e-06	4.22e-05	2.72e-04	1.92e-02	1.09e-01	2.82e-01	3.06e-01	1.89e-01	6.72e-02	1.90e-02	5.31e-03	3.58e-03	2.32e-04	5.46e-06
 3.62302e+22	0.00e+00	1.85e-29	1.02e-24	8.82e-21	1.20e-17	5.22e-15	9.21e-13	4.15e-11	1.08e-09	9.87e-09	6.66e-08	3.50e-07	2.03e-06	9.30e-06	4.66e-05	2.93e-04	2.04e-02	1.13e-01	2.88e-01	3.05e-01	1.84e-01	6.41e-02	1.77e-02	4.87e-03	3.24e-03	2.05e-04	4.73e-06
 3.63516e+22	0.00e+00	3.00e-29	1.61e-24	1.36e-20	1.80e-17	7.63e-15	1.31e-12	5.76e-11	1.46e-09	1.29e-08	8.47e-08	4.33e-07	2.44e-06	1.08e-05	5.26e-05	3.22e-04	2.18e-02	1.18e-01	2.95e-01	3.03e-01	1.78e-01	6.03e-02	1.63e-02	4.35e-03	2.85e-03	1.76e-04	3.94e-06
 3.64776e+22	0.00e+00	4.56e-29	2.39e-24	1.96e-20	2.55e-17	1.06e-14	1.78e-12	7.64e-11	1.89e-09	1.63e-08	1.04e-07	5.20e-07	2.85e-06	1.23e-05	5.84e-05	3.48e-04	2.31e-02	1.23e-01	3.00e-01	3.02e-01	1.72e-01	5.72e-02	1.51e-02	3.95e-03	2.56e-03	1.54e-04	3.36e-06
 3.65915e+22	0.00e+00	6.94e-29	3.54e-24	2.85e-20	3.61e-17	1.47e-14	2.42e-12	1.01e-10	2.44e-09	2.06e-08	1.28e-07	6.24e-07	3.33e-06	1.41e-05	6.49e-05	3.77e-04	2.45e-02	1.28e-01	3.06e-01	3.00e-01	1.67e-01	5.42e-02	1.40e-02	3.58e-03	2.29e-03	1.34e-04	2.87e-06
 3.67039e+22	0.00e+00	1.04e-28	5.19e-24	4.08e-20	5.06e-17	2.02e-14	3.25e-12	1.33e-10	3.13e-09	2.58e-08	1.57e-07	7.45e-07	3.88e-06	1.60e-05	7.18e-05	4.06e-04	2.59e-02	1.33e-01	3.11e-01	2.98e-01	1.62e-01	5.13e-02	1.30e-02	3.26e-03	2.05e-03	1.17e-04	2.45e-06
 3.68106e+22	0.00e+00	1.53e-28	7.44e-24	5.73e-20	6.95e-17	2.72e-14	4.29e-12	1.72e-10	3.96e-09	3.19e-08	1.90e-07	8.79e-07	4.47e-06	1.80e-05	7.89e-05	4.36e-04	2.73e-02	1.37e-01	3.16e-01	2.96e-01	1.57e-01	4.87e-02	1.21e-02	2.97e-03	1.85e-03	1.04e-04	2.12e-06
 3.69113e+22	0.00e+00	2.23e-28	1.06e-23	8.01e-20	9.51e-17	3.65e-14	5.64e-12	2.22e-10	5.00e-09	3.94e-08	2.29e-07	1.04e-06	5.15e-06	2.02e-05	8.65e-05	4.68e-04	2.87e-02	1.42e-01	3.20e-01	2.94e-01	1.53e-01	4.63e-02	1.12e-02	2.71e-03	1.67e-03	9.14e-05	1.83e-06
 3.70260e+22	0.00e+00	3.67e-28	1.69e-23	1.24e-19	1.43e-16	5.36e-14	8.08e-12	3.10e-10	6.76e-09	5.18e-08	2.92e-07	1.28e-06	6.18e-06	2.35e-05	9.76e-05	5.11e-04	3.06e-02	1.48e-01	3.26e-01	2.91e-01	1.46e-01	4.32e-02	1.02e-02	2.41e-03	1.46e-03	7.75e-05	1.51e-06
 3.71396e+22	0.00e+00	5.36e-28	2.42e-23	1.74e-19	1.96e-16	7.20e-14	1.06e-11	4.00e-10	8.52e-09	6.38e-08	3.52e-07	1.51e-06	7.12e-06	2.64e-05	1.07e-04	5.48e-04	3.22e-02	1.53e-01	3.31e-01	2.88e-01	1.42e-01	4.09e-02	9.49e-03	2.19e-03	1.31e-03	6.82e-05	1.30e-06
 3.72519e+22	0.00e+00	8.96e-28	3.91e-23	2.73e-19	2.99e-16	1.07e-13	1.54e-11	5.63e-10	1.16e-08	8.46e-08	4.52e-07	1.88e-06	8.59e-06	3.09e-05	1.21e-04	6.00e-04	3.44e-02	1.59e-01	3.36e-01	2.84e-01	1.36e-01	3.80e-02	8.58e-03	1.93e-03	1.14e-03	5.74e-05	1.06e-06
 3.73625e+22	0.00e+00	1.30e-27	5.55e-23	3.79e-19	4.07e-16	1.43e-13	2.01e-11	7.22e-10	1.46e-08	1.04e-07	5.43e-07	2.21e-06	9.85e-06	3.46e-05	1.32e-04	6.41e-04	3.60e-02	1.64e-01	3.40e-01	2.81e-01	1.31e-01	3.60e-02	7.97e-03	1.76e-03	1.02e-03	5.05e-05	9.14e-07
 3.74711e+22	0.00e+00	2.11e-27	8.74e-23	5.79e-19	6.06e-16	2.07e-13	2.85e-11	9.96e-10	1.96e-08	1.35e-07	6.88e-07	2.72e-06	1.18e-05	4.01e-05	1.49e-04	6.98e-04	3.82e-02	1.70e-01	3.45e-01	2.77e-01	1.25e-01	3.35e-02	7.24e-03	1.56e-03	8.91e-04	4.28e-05	7.53e-07
 3.75820e+22	0.00e+00	3.16e-27	1.28e-22	8.26e-19	8.43e-16	2.82e-13	3.81e-11	1.30e-09	2.50e-08	1.69e-07	8.38e-07	3.23e-06	1.36e-05	4.53e-05	1.64e-04	7.50e-04	4.02e-02	1.75e-01	3.48e-01	2.74e-01	1.21e-01	3.16e-02	6.67e-03	1.41e-03	7.94e-04	3.73e-05	6.39e-07
 3.76961e+22	0.00e+00	5.32e-27	2.08e-22	1.30e-18	1.29e-15	4.21e-13	5.53e-11	1.84e-09	3.43e-08	2.25e-07	1.08e-06	4.04e-06	1.65e-05	5.30e-05	1.85e-04	8.21e-04	4.28e-02	1.82e-01	3.53e-01	2.69e-01	1.15e-01	2.91e-02	5.99e-03	1.23e-03	6.83e-04	3.11e-05	5.17e-07
 3.78100e+22	0.00e+00	7.99e-27	3.04e-22	1.86e-18	1.80e-15	5.75e-13	7.39e-11	2.41e-09	4.38e-08	2.81e-07	1.32e-06	4.81e-06	1.91e-05	6.00e-05	2.04e-04	8.81e-04	4.49e-02	1.88e-01	3.56e-01	2.65e-01	1.10e-01	2.73e-02	5.50e-03	1.11e-03	6.07e-04	2.69e-05	4.38e-07
 3.79058e+22	0.00e+00	1.16e-26	4.30e-22	2.58e-18	2.44e-15	7.64e-13	9.63e-11	3.08e-09	5.48e-08	3.44e-07	1.58e-06	5.63e-06	2.19e-05	6.71e-05	2.23e-04	9.40e-04	4.69e-02	1.93e-01	3.59e-01	2.61e-01	1.06e-01	2.58e-02	5.09e-03	1.00e-03	5.44e-04	2.36e-05	3.75e-07
 3.80125e+22	0.00e+00	1.97e-26	7.05e-22	4.09e-18	3.75e-15	1.14e-12	1.40e-10	4.37e-09	7.53e-08	4.59e-07	2.04e-06	7.06e-06	2.65e-05	7.86e-05	2.52e-04	1.03e-03	4.98e-02	2.00e-01	3.63e-01	2.56e-01	1.00e-01	2.37e-02	4.55e-03	8.73e-04	4.65e-04	1.95e-05	3.01e-07
 3.81172e+22	0.00e+00	2.80e-26	9.81e-22	5.57e-18	4.99e-15	1.50e-12	1.80e-10	5.52e-09	9.32e-08	5.57e-07	2.43e-06	8.21e-06	3.02e-05	8.74e-05	2.74e-04	1.09e-03	5.19e-02	2.04e-01	3.66e-01	2.52e-01	9.66e-02	2.23e-02	4.21e-03	7.94e-04	4.18e-04	1.72e-05	2.59e-07
 3.82191e+22	0.00e+00	4.64e-26	1.57e-21	8.64e-18	7.51e-15	2.19e-12	2.58e-10	7.71e-09	1.26e-07	7.34e-07	3.10e-06	1.02e-05	3.63e-05	1.02e-04	3.08e-04	1.19e-03	5.49e-02	2.11e-01	3.69e-01	2.47e-01	9.14e-02	2.05e-02	3.77e-03	6.93e-04	3.59e-04	1.43e-05	2.09e-07
 3.83190e+22	0.00e+00	6.53e-26	2.16e-21	1.16e-17	9.90e-15	2.84e-12	3.29e-10	9.67e-09	1.55e-07	8.85e-07	3.67e-06	1.18e-05	4.11e-05	1.13e-04	3.34e-04	1.26e-03	5.71e-02	2.16e-01	3.71e-01	2.43e-01	8.80e-02	1.94e-02	3.50e-03	6.31e-04	3.23e-04	1.26e-05	1.81e-07
 3.84164e+22	0.00e+00	1.05e-25	3.37e-21	1.76e-17	1.45e-14	4.07e-12	4.61e-10	1.32e-08	2.07e-07	1.15e-06	4.63e-06	1.45e-05	4.89e-05	1.30e-04	3.73e-04	1.37e-03	6.02e-02	2.22e-01	3.73e-01	2.37e-01	8.33e-02	1.79e-02	3.14e-03	5.53e-04	2.79e-04	1.06e-05	1.47e-07
 3.85153e+22	0.00e+00	1.54e-25	4.80e-21	2.45e-17	1.97e-14	5.42e-12	6.03e-10	1.70e-08	2.60e-07	1.41e-06	5.57e-06	1.70e-05	5.62e-05	1.46e-04	4.08e-04	1.46e-03	6.27e-02	2.28e-01	3.75e-01	2.33e-01	7.96e-02	1.67e-02	2.88e-03	4.97e-04	2.48e-04	9.16e-06	1.24e-07
 3.86159e+22	0.00e+00	2.55e-25	7.68e-21	3.79e-17	2.96e-14	7.93e-12	8.62e-10	2.38e-08	3.53e-07	1.87e-06	7.14e-06	2.12e-05	6.76e-05	1.70e-04	4.59e-04	1.59e-03	6.62e-02	2.35e-01	3.77e-01	2.27e-01	7.49e-02	1.53e-02	2.57e-03	4.31e-04	2.11e-04	7.55e-06	0.00e+00
 3.87160e+22	0.00e+00	3.67e-25	1.08e-20	5.19e-17	3.96e-14	1.04e-11	1.11e-09	3.02e-08	4.39e-07	2.28e-06	8.54e-06	2.48e-05	7.73e-05	1.90e-04	5.00e-04	1.69e-03	6.89e-02	2.40e-01	3.78e-01	2.22e-01	7.16e-02	1.43e-02	2.36e-03	3.88e-04	1.88e-04	6.56e-06	0.00e+00
 3.88154e+22	0.00e+00	5.99e-25	1.70e-20	7.92e-17	5.85e-14	1.50e-11	1.57e-09	4.18e-08	5.91e-07	2.99e-06	1.09e-05	3.06e-05	9.26e-05	2.20e-04	5.61e-04	1.84e-03	7.25e-02	2.46e-01	3.79e-01	2.16e-01	6.73e-02	1.31e-02	2.10e-03	3.36e-04	1.60e-04	5.42e-06	0.00e+00
 3.89166e+22	0.00e+00	8.85e-25	2.44e-20	1.11e-16	7.98e-14	2.01e-11	2.07e-09	5.41e-08	7.49e-07	3.71e-06	1.32e-05	3.63e-05	1.07e-04	2.48e-04	6.15e-04	1.97e-03	7.56e-02	2.52e-01	3.80e-01	2.11e-01	6.40e-02	1.21e-02	1.91e-03	3.00e-04	1.41e-04	4.64e-06	0.00e+00
 3.90049e+22	0.00e+00	1.29e-24	3.45e-20	1.53e-16	1.07e-13	2.66e-11	2.69e-09	6.93e-08	9.40e-07	4.57e-06	1.59e-05	4.27e-05	1.23e-04	2.78e-04	6.72e-04	2.09e-03	7.86e-02	2.57e-01	3.81e-01	2.06e-01	6.09e-02	1.13e-02	1.74e-03	2.68e-04	1.24e-04	3.99e-06	0.00e+00
 3.91045e+22	3.31e-34	2.09e-24	5.41e-20	2.31e-16	1.57e-13	3.81e-11	3.79e-09	9.56e-08	1.26e-06	5.98e-06	2.02e-05	5.28e-05	1.47e-04	3.22e-04	7.53e-04	2.28e-03	8.27e-02	2.63e-01	3.81e-01	2.00e-01	5.69e-02	1.03e-02	1.54e-03	2.31e-04	1.05e-04	3.28e-06	0.00e+00
 3.92045e+22	4.99e-34	3.03e-24	7.63e-20	3.18e-16	2.11e-13	5.02e-11	4.92e-09	1.23e-07	1.59e-06	7.37e-06	2.44e-05	6.22e-05	1.69e-04	3.61e-04	8.23e-04	2.43e-03	8.59e-02	2.69e-01	3.81e-01	1.95e-01	5.40e-02	9.52e-03	1.40e-03	2.06e-04	9.25e-05	2.81e-06	0.00e+00
 3.93050e+22	8.50e-34	4.92e-24	1.19e-19	4.80e-16	3.09e-13	7.18e-11	6.92e-09	1.69e-07	2.13e-06	9.68e-06	3.11e-05	7.71e-05	2.03e-04	4.20e-04	9.25e-04	2.64e-03	9.03e-02	2.75e-01	3.81e-01	1.88e-01	5.04e-02	8.61e-03	1.24e-03	1.77e-04	7.80e-05	2.29e-06	0.00e+00
 3.94071e+22	1.29e-33	7.19e-24	1.69e-19	6.63e-16	4.16e-13	9.50e-11	9.03e-09	2.18e-07	2.70e-06	1.20e-05	3.77e-05	9.13e-05	2.35e-04	4.73e-04	1.01e-03	2.82e-03	9.39e-02	2.80e-01	3.81e-01	1.83e-01	4.76e-02	7.95e-03	1.12e-03	1.56e-04	6.81e-05	1.94e-06	0.00e+00
 3.95113e+22	2.23e-33	1.17e-23	2.66e-19	1.01e-15	6.10e-13	1.36e-10	1.28e-08	3.03e-07	3.66e-06	1.59e-05	4.85e-05	1.14e-04	2.83e-04	5.52e-04	1.14e-03	3.07e-03	9.88e-02	2.87e-01	3.80e-01	1.76e-01	4.41e-02	7.15e-03	9.78e-04	1.33e-04	5.69e-05	1.57e-06	0.00e+00
 3.96159e+22	3.37e-33	1.70e-23	3.74e-19	1.38e-15	8.15e-13	1.79e-10	1.66e-08	3.90e-07	4.61e-06	1.96e-05	5.87e-05	1.35e-04	3.27e-04	6.21e-04	1.25e-03	3.28e-03	1.03e-01	2.92e-01	3.79e-01	1.71e-01	4.16e-02	6.58e-03	8.82e-04	1.18e-04	4.95e-05	1.33e-06	0.00e+00
 3.97211e+22	5.73e-33	2.75e-23	5.82e-19	2.07e-15	1.18e-12	2.55e-10	2.33e-08	5.40e-07	6.23e-06	2.59e-05	7.54e-05	1.68e-04	3.94e-04	7.24e-04	1.41e-03	3.58e-03	1.08e-01	2.99e-01	3.77e-01	1.64e-01	3.84e-02	5.90e-03	7.69e-04	9.97e-05	4.12e-05	1.06e-06	0.00e+00
 3.98236e+22	8.35e-33	3.85e-23	7.92e-19	2.74e-15	1.54e-12	3.26e-10	2.95e-08	6.80e-07	7.70e-06	3.15e-05	8.99e-05	1.96e-04	4.49e-04	8.07e-04	1.53e-03	3.80e-03	1.12e-01	3.03e-01	3.76e-01	1.60e-01	3.63e-02	5.45e-03	6.97e-04	8.86e-05	3.61e-05	9.09e-07	0.00e+00
 3.99227e+22	1.36e-32	5.97e-23	1.18e-18	3.97e-15	2.16e-12	4.50e-10	4.03e-08	9.19e-07	1.02e-05	4.09e-05	1.13e-04	2.41e-04	5.35e-04	9.32e-04	1.71e-03	4.12e-03	1.17e-01	3.09e-01	3.74e-01	1.53e-01	3.36e-02	4.90e-03	6.11e-04	7.57e-05	3.03e-05	7.36e-07	0.00e+00
 4.00228e+22	1.96e-32	8.26e-23	1.59e-18	5.21e-15	2.77e-12	5.70e-10	5.08e-08	1.15e-06	1.25e-05	4.95e-05	1.35e-04	2.80e-04	6.09e-04	1.04e-03	1.86e-03	4.37e-03	1.21e-01	3.13e-01	3.72e-01	1.49e-01	3.17e-02	4.52e-03	5.53e-04	6.72e-05	2.65e-05	6.28e-07	0.00e+00
 4.01243e+22	3.15e-32	1.26e-22	2.35e-18	7.43e-15	3.84e-12	7.77e-10	6.88e-08	1.54e-06	1.65e-05	6.38e-05	1.69e-04	3.43e-04	7.22e-04	1.19e-03	2.07e-03	4.74e-03	1.26e-01	3.19e-01	3.69e-01	1.42e-01	2.92e-02	4.06e-03	4.84e-04	5.74e-05	2.22e-05	5.08e-07	0.00e+00
 4.02281e+22	4.56e-32	1.75e-22	3.17e-18	9.78e-15	4.94e-12	9.89e-10	8.71e-08	1.94e-06	2.04e-05	7.78e-05	2.02e-04	4.01e-04	8.25e-04	1.33e-03	2.26e-03	5.04e-03	1.31e-01	3.23e-01	3.66e-01	1.38e-01	2.74e-02	3.72e-03	4.36e-04	5.06e-05	1.93e-05	4.30e-07	0.00e+00
 4.03347e+22	7.31e-32	2.65e-22	4.63e-18	1.38e-14	6.80e-12	1.34e-09	1.17e-07	2.60e-06	2.68e-05	1.00e-04	2.54e-04	4.91e-04	9.79e-04	1.53e-03	2.52e-03	5.46e-03	1.37e-01	3.28e-01	3.63e-01	1.32e-01	2.52e-02	3.32e-03	3.80e-04	4.30e-05	1.61e-05	3.46e-07	0.00e+00
 4.04439e+22	1.06e-31	3.69e-22	6.25e-18	1.82e-14	8.75e-12	1.71e-09	1.49e-07	3.29e-06	3.34e-05	1.23e-04	3.05e-04	5.76e-04	1.12e-03	1.72e-03	2.75e-03	5.82e-03	1.42e-01	3.33e-01	3.59e-01	1.27e-01	2.36e-02	3.03e-03	3.40e-04	3.77e-05	1.39e-05	2.90e-07	0.00e+00
 4.05565e+22	1.70e-31	5.58e-22	9.11e-18	2.57e-14	1.20e-11	2.31e-09	2.01e-07	4.43e-06	4.41e-05	1.59e-04	3.85e-04	7.07e-04	1.33e-03	1.98e-03	3.07e-03	6.32e-03	1.48e-01	3.38e-01	3.55e-01	1.21e-01	2.16e-02	2.69e-03	2.94e-04	3.18e-05	1.15e-05	2.31e-07	0.00e+00
 4.06712e+22	2.45e-31	7.68e-22	1.22e-17	3.35e-14	1.54e-11	2.93e-09	2.54e-07	5.58e-06	5.46e-05	1.94e-04	4.61e-04	8.28e-04	1.53e-03	2.21e-03	3.34e-03	6.74e-03	1.54e-01	3.41e-01	3.51e-01	1.16e-01	2.01e-02	2.45e-03	2.62e-04	2.78e-05	9.89e-06	1.93e-07	0.00e+00
 4.07887e+22	3.90e-31	1.15e-21	1.76e-17	4.69e-14	2.09e-11	3.94e-09	3.42e-07	7.49e-06	7.19e-05	2.51e-04	5.80e-04	1.01e-03	1.81e-03	2.55e-03	3.73e-03	7.31e-03	1.61e-01	3.46e-01	3.45e-01	1.10e-01	1.83e-02	2.17e-03	2.26e-04	2.33e-05	8.14e-06	1.53e-07	0.00e+00
 4.09083e+22	5.58e-31	1.57e-21	2.34e-17	6.09e-14	2.66e-11	4.96e-09	4.31e-07	9.42e-06	8.91e-05	3.06e-04	6.94e-04	1.19e-03	2.07e-03	2.84e-03	4.07e-03	7.79e-03	1.66e-01	3.49e-01	3.41e-01	1.05e-01	1.70e-02	1.97e-03	2.01e-04	2.03e-05	6.99e-06	1.27e-07	0.00e+00
 4.10306e+22	8.78e-31	2.33e-21	3.35e-17	8.44e-14	3.60e-11	6.64e-09	5.78e-07	1.26e-05	1.17e-04	3.94e-04	8.72e-04	1.45e-03	2.45e-03	3.27e-03	4.53e-03	8.45e-03	1.74e-01	3.53e-01	3.35e-01	9.95e-02	1.55e-02	1.73e-03	1.72e-04	1.70e-05	5.72e-06	0.00e+00	0.00e+00
 4.11536e+22	1.24e-30	3.14e-21	4.39e-17	1.08e-13	4.52e-11	8.28e-09	7.21e-07	1.57e-05	1.44e-04	4.78e-04	1.04e-03	1.69e-03	2.79e-03	3.64e-03	4.92e-03	8.99e-03	1.79e-01	3.56e-01	3.29e-01	9.52e-02	1.44e-02	1.57e-03	1.53e-04	1.48e-05	4.92e-06	0.00e+00	0.00e+00
 4.12775e+22	1.91e-30	4.57e-21	6.17e-17	1.48e-13	6.03e-11	1.09e-08	9.56e-07	2.09e-05	1.87e-04	6.11e-04	1.29e-03	2.05e-03	3.28e-03	4.16e-03	5.46e-03	9.72e-03	1.87e-01	3.59e-01	3.22e-01	8.98e-02	1.30e-02	1.38e-03	1.32e-04	1.24e-05	4.04e-06	0.00e+00	0.00e+00
 4.14043e+22	2.69e-30	6.14e-21	8.06e-17	1.89e-13	7.57e-11	1.36e-08	1.19e-06	2.60e-05	2.30e-04	7.39e-04	1.53e-03	2.38e-03	3.73e-03	4.62e-03	5.93e-03	1.03e-02	1.93e-01	3.62e-01	3.17e-01	8.56e-02	1.20e-02	1.25e-03	1.17e-04	1.08e-05	3.45e-06	0.00e+00	0.00e+00
 4.15149e+22	3.70e-30	8.08e-21	1.03e-16	2.37e-13	9.34e-11	1.67e-08	1.47e-06	3.20e-05	2.79e-04	8.85e-04	1.80e-03	2.74e-03	4.20e-03	5.09e-03	6.39e-03	1.09e-02	1.99e-01	3.64e-01	3.11e-01	8.18e-02	1.12e-02	1.13e-03	1.04e-04	9.46e-06	2.98e-06	0.00e+00	0.00e+00
 4.16387e+22	5.56e-30	1.14e-20	1.42e-16	3.15e-13	1.22e-10	2.17e-08	1.91e-06	4.18e-05	3.58e-04	1.11e-03	2.22e-03	3.28e-03	4.89e-03	5.77e-03	7.04e-03	1.18e-02	2.06e-01	3.65e-01	3.03e-01	7.70e-02	1.01e-02	9.98e-04	8.94e-05	7.95e-06	2.45e-06	0.00e+00	0.00e+00
 4.17625e+22	7.53e-30	1.48e-20	1.79e-16	3.91e-13	1.49e-10	2.63e-08	2.33e-06	5.09e-05	4.29e-04	1.32e-03	2.58e-03	3.74e-03	5.46e-03	6.32e-03	7.56e-03	1.24e-02	2.12e-01	3.67e-01	2.98e-01	7.35e-02	9.41e-03	9.09e-04	7.99e-05	6.99e-06	2.13e-06	0.00e+00	0.00e+00
 4.18864e+22	1.11e-29	2.06e-20	2.42e-16	5.15e-13	1.93e-10	3.38e-08	3.01e-06	6.57e-05	5.45e-04	1.65e-03	3.14e-03	4.45e-03	6.31e-03	7.11e-03	8.28e-03	1.33e-02	2.20e-01	3.68e-01	2.90e-01	6.91e-02	8.53e-03	8.01e-04	6.88e-05	5.89e-06	1.76e-06	0.00e+00	0.00e+00
 4.20131e+22	1.51e-29	2.68e-20	3.07e-16	6.40e-13	2.36e-10	4.11e-08	3.67e-06	8.03e-05	6.56e-04	1.96e-03	3.66e-03	5.08e-03	7.06e-03	7.79e-03	8.89e-03	1.40e-02	2.25e-01	3.68e-01	2.83e-01	6.57e-02	7.89e-03	7.25e-04	6.12e-05	5.14e-06	1.51e-06	0.00e+00	0.00e+00
 4.21251e+22	2.03e-29	3.44e-20	3.85e-16	7.88e-13	2.86e-10	4.97e-08	4.46e-06	9.76e-05	7.86e-04	2.31e-03	4.25e-03	5.79e-03	7.87e-03	8.51e-03	9.52e-03	1.48e-02	2.31e-01	3.68e-01	2.76e-01	6.25e-02	7.30e-03	6.56e-04	5.44e-05	4.50e-06	1.30e-06	0.00e+00	0.00e+00
 4.22525e+22	2.97e-29	4.74e-20	5.14e-16	1.03e-12	3.66e-10	6.33e-08	5.72e-06	1.25e-04	9.93e-04	2.87e-03	5.16e-03	6.84e-03	9.05e-03	9.54e-03	1.04e-02	1.58e-02	2.39e-01	3.68e-01	2.68e-01	5.84e-02	6.57e-03	5.75e-04	4.66e-05	3.77e-06	1.07e-06	0.00e+00	0.00e+00
 4.23792e+22	3.94e-29	6.00e-20	6.38e-16	1.25e-12	4.41e-10	7.58e-08	6.87e-06	1.50e-04	1.17e-03	3.35e-03	5.91e-03	7.70e-03	9.98e-03	1.03e-02	1.10e-02	1.65e-02	2.44e-01	3.67e-01	2.61e-01	5.56e-02	6.10e-03	5.23e-04	4.17e-05	3.32e-06	9.31e-07	0.00e+00	0.00e+00
 4.25049e+22	5.65e-29	8.13e-20	8.40e-16	1.61e-12	5.58e-10	9.54e-08	8.72e-06	1.91e-04	1.47e-03	4.12e-03	7.10e-03	9.01e-03	1.14e-02	1.15e-02	1.20e-02	1.76e-02	2.51e-01	3.65e-01	2.52e-01	5.19e-02	5.50e-03	4.59e-04	3.58e-05	2.79e-06	7.68e-07	0.00e+00	0.00e+00
 4.26331e+22	7.51e-29	1.03e-19	1.04e-15	1.97e-12	6.72e-10	1.14e-07	1.05e-05	2.30e-04	1.74e-03	4.81e-03	8.14e-03	1.01e-02	1.25e-02	1.24e-02	1.27e-02	1.84e-02	2.56e-01	3.63e-01	2.45e-01	4.92e-02	5.08e-03	4.16e-04	3.19e-05	2.45e-06	6.64e-07	0.00e+00	0.00e+00
