#depth	Si	Si+	Si+2	Si+3	Si+4	Si+5	Si+6	Si+7	Si+8	Si+9	Si+10	Si+11	Si+12	Si+13	Si+14
 4.62852e+21	0.00e+00	0.00e+00	0.00e+00	0.00e+00	0.00e+00	9.14e-26	7.95e-22	2.27e-18	2.86e-15	1.75e-12	6.77e-10	2.62e-07	2.38e-04	2.79e-02	9.72e-01
 1.05465e+22	0.00e+00	0.00e+00	0.00e+00	0.00e+00	1.12e-28	2.25e-24	1.36e-20	2.73e-17	2.39e-14	1.02e-11	2.77e-09	7.51e-07	4.80e-04	3.94e-02	9.60e-01
 1.27170e+22	0.00e+00	0.00e+00	0.00e+00	0.00e+00	1.25e-27	1.97e-23	9.35e-20	1.47e-16	1.00e-13	3.35e-11	7.18e-09	1.53e-06	7.69e-04	4.96e-02	9.50e-01
 1.43030e+22	0.00e+00	0.00e+00	0.00e+00	1.10e-31	8.55e-27	1.11e-22	4.34e-19	5.59e-16	3.13e-13	8.63e-11	1.53e-08	2.69e-06	1.12e-03	5.94e-02	9.39e-01
 1.51841e+22	0.00e+00	0.00e+00	0.00e+00	1.87e-31	1.39e-26	1.71e-22	6.37e-19	7.82e-16	4.17e-13	1.10e-10	1.85e-08	3.10e-06	1.23e-03	6.22e-02	9.37e-01
 1.55050e+22	0.00e+00	0.00e+00	0.00e+00	2.88e-31	2.06e-26	2.43e-22	8.73e-19	1.03e-15	5.27e-13	1.33e-10	2.16e-08	3.48e-06	1.32e-03	6.45e-02	9.34e-01
 1.57808e+22	0.00e+00	0.00e+00	0.00e+00	4.26e-31	2.93e-26	3.35e-22	1.16e-18	1.32e-15	6.51e-13	1.58e-10	2.48e-08	3.86e-06	1.42e-03	6.67e-02	9.32e-01
 1.60821e+22	0.00e+00	0.00e+00	0.00e+00	6.90e-31	4.55e-26	4.97e-22	1.64e-18	1.79e-15	8.45e-13	1.96e-10	2.95e-08	4.39e-06	1.54e-03	6.95e-02	9.29e-01
 1.63923e+22	0.00e+00	0.00e+00	0.00e+00	1.07e-30	6.76e-26	7.10e-22	2.26e-18	2.36e-15	1.07e-12	2.39e-10	3.45e-08	4.93e-06	1.67e-03	7.21e-02	9.26e-01
 1.66612e+22	0.00e+00	0.00e+00	0.00e+00	1.59e-30	9.70e-26	9.83e-22	3.01e-18	3.03e-15	1.32e-12	2.85e-10	3.97e-08	5.48e-06	1.79e-03	7.46e-02	9.24e-01
 1.69582e+22	0.00e+00	0.00e+00	0.00e+00	2.54e-30	1.49e-25	1.44e-21	4.23e-18	4.08e-15	1.71e-12	3.52e-10	4.70e-08	6.21e-06	1.94e-03	7.76e-02	9.20e-01
 1.72649e+22	0.00e+00	0.00e+00	0.00e+00	3.92e-30	2.21e-25	2.06e-21	5.80e-18	5.37e-15	2.16e-12	4.27e-10	5.49e-08	6.98e-06	2.10e-03	8.05e-02	9.17e-01
 1.75292e+22	0.00e+00	0.00e+00	0.00e+00	5.78e-30	3.14e-25	2.82e-21	7.68e-18	6.86e-15	2.66e-12	5.08e-10	6.30e-08	7.73e-06	2.24e-03	8.31e-02	9.15e-01
 1.78177e+22	0.00e+00	0.00e+00	0.00e+00	9.11e-30	4.75e-25	4.10e-21	1.07e-17	9.15e-15	3.40e-12	6.23e-10	7.41e-08	8.73e-06	2.43e-03	8.64e-02	9.11e-01
 1.81244e+22	0.00e+00	0.00e+00	0.00e+00	1.41e-29	7.08e-25	5.86e-21	1.47e-17	1.21e-14	4.31e-12	7.58e-10	8.67e-08	9.81e-06	2.62e-03	8.96e-02	9.08e-01
 1.84003e+22	0.00e+00	0.00e+00	0.00e+00	2.12e-29	1.02e-24	8.17e-21	1.97e-17	1.56e-14	5.37e-12	9.09e-10	1.00e-07	1.09e-05	2.82e-03	9.26e-02	9.05e-01
 1.86479e+22	0.00e+00	0.00e+00	0.00e+00	3.04e-29	1.42e-24	1.10e-20	2.57e-17	1.96e-14	6.52e-12	1.07e-09	1.14e-07	1.20e-05	3.00e-03	9.55e-02	9.02e-01
 1.88785e+22	0.00e+00	0.00e+00	0.00e+00	4.26e-29	1.93e-24	1.45e-20	3.28e-17	2.43e-14	7.82e-12	1.24e-09	1.29e-07	1.31e-05	3.18e-03	9.81e-02	8.99e-01
 1.91437e+22	0.00e+00	0.00e+00	0.00e+00	6.40e-29	2.80e-24	2.02e-20	4.40e-17	3.14e-14	9.74e-12	1.49e-09	1.49e-07	1.46e-05	3.41e-03	1.01e-01	8.95e-01
 1.94292e+22	0.00e+00	0.00e+00	3.31e-33	9.66e-29	4.07e-24	2.83e-20	5.93e-17	4.08e-14	1.22e-11	1.79e-09	1.72e-07	1.63e-05	3.67e-03	1.05e-01	8.91e-01
 1.96865e+22	0.00e+00	0.00e+00	4.98e-33	1.41e-28	5.73e-24	3.85e-20	7.80e-17	5.18e-14	1.49e-11	2.12e-09	1.97e-07	1.80e-05	3.91e-03	1.08e-01	8.88e-01
 1.99663e+22	0.00e+00	0.00e+00	8.04e-33	2.19e-28	8.57e-24	5.52e-20	1.07e-16	6.85e-14	1.89e-11	2.58e-09	2.30e-07	2.03e-05	4.22e-03	1.12e-01	8.84e-01
 2.02502e+22	0.00e+00	0.00e+00	1.24e-32	3.27e-28	1.24e-23	7.68e-20	1.44e-16	8.85e-14	2.35e-11	3.09e-09	2.66e-07	2.26e-05	4.53e-03	1.16e-01	8.80e-01
 2.04872e+22	0.00e+00	0.00e+00	1.81e-32	4.63e-28	1.69e-23	1.02e-19	1.85e-16	1.10e-13	2.84e-11	3.61e-09	3.01e-07	2.47e-05	4.81e-03	1.19e-01	8.76e-01
 2.07430e+22	0.00e+00	0.00e+00	2.80e-32	6.91e-28	2.44e-23	1.41e-19	2.48e-16	1.42e-13	3.52e-11	4.32e-09	3.47e-07	2.75e-05	5.15e-03	1.23e-01	8.72e-01
 2.10197e+22	0.00e+00	0.00e+00	4.35e-32	1.04e-27	3.53e-23	1.97e-19	3.33e-16	1.84e-13	4.39e-11	5.18e-09	4.01e-07	3.06e-05	5.53e-03	1.27e-01	8.67e-01
 2.12719e+22	0.00e+00	0.00e+00	6.41e-32	1.49e-27	4.90e-23	2.65e-19	4.32e-16	2.31e-13	5.33e-11	6.08e-09	4.56e-07	3.36e-05	5.88e-03	1.31e-01	8.63e-01
 2.15053e+22	0.00e+00	0.00e+00	9.30e-32	2.09e-27	6.69e-23	3.50e-19	5.54e-16	2.87e-13	6.41e-11	7.09e-09	5.15e-07	3.68e-05	6.24e-03	1.34e-01	8.59e-01
 2.17659e+22	0.00e+00	0.00e+00	1.44e-31	3.13e-27	9.65e-23	4.87e-19	7.42e-16	3.70e-13	7.96e-11	8.49e-09	5.94e-07	4.09e-05	6.68e-03	1.39e-01	8.54e-01
 2.20399e+22	0.00e+00	0.00e+00	2.19e-31	4.62e-27	1.38e-22	6.70e-19	9.85e-16	4.73e-13	9.83e-11	1.01e-08	6.82e-07	4.54e-05	7.14e-03	1.43e-01	8.50e-01
 2.22807e+22	0.00e+00	0.00e+00	3.22e-31	6.57e-27	1.90e-22	8.95e-19	1.27e-15	5.92e-13	1.19e-10	1.18e-08	7.74e-07	4.98e-05	7.59e-03	1.47e-01	8.45e-01
 2.25434e+22	0.00e+00	0.00e+00	5.04e-31	9.95e-27	2.77e-22	1.26e-18	1.72e-15	7.70e-13	1.49e-10	1.42e-08	8.96e-07	5.55e-05	8.14e-03	1.52e-01	8.40e-01
 2.28221e+22	0.00e+00	0.00e+00	7.77e-31	1.48e-26	3.99e-22	1.74e-18	2.30e-15	9.93e-13	1.85e-10	1.70e-08	1.03e-06	6.17e-05	8.72e-03	1.57e-01	8.35e-01
 2.30651e+22	0.00e+00	0.00e+00	1.14e-30	2.11e-26	5.51e-22	2.33e-18	2.98e-15	1.24e-12	2.24e-10	2.00e-08	1.17e-06	6.77e-05	9.26e-03	1.61e-01	8.30e-01
 2.32861e+22	0.00e+00	0.00e+00	1.63e-30	2.94e-26	7.43e-22	3.05e-18	3.79e-15	1.53e-12	2.68e-10	2.31e-08	1.32e-06	7.38e-05	9.79e-03	1.65e-01	8.25e-01
 2.35351e+22	0.00e+00	0.00e+00	2.48e-30	4.32e-26	1.06e-21	4.19e-18	5.02e-15	1.96e-12	3.30e-10	2.75e-08	1.51e-06	8.17e-05	1.05e-02	1.70e-01	8.19e-01
 2.38028e+22	0.00e+00	0.00e+00	3.80e-30	6.40e-26	1.51e-21	5.78e-18	6.68e-15	2.51e-12	4.08e-10	3.28e-08	1.74e-06	9.05e-05	1.12e-02	1.75e-01	8.14e-01
 2.40439e+22	0.00e+00	0.00e+00	5.53e-30	9.06e-26	2.07e-21	7.68e-18	8.60e-15	3.13e-12	4.93e-10	3.84e-08	1.97e-06	9.91e-05	1.19e-02	1.80e-01	8.08e-01
 2.43066e+22	0.00e+00	0.00e+00	8.70e-30	1.38e-25	3.04e-21	1.08e-17	1.17e-14	4.08e-12	6.18e-10	4.62e-08	2.28e-06	1.11e-04	1.27e-02	1.85e-01	8.02e-01
 2.45847e+22	0.00e+00	0.00e+00	1.36e-29	2.08e-25	4.43e-21	1.52e-17	1.57e-14	5.31e-12	7.73e-10	5.57e-08	2.64e-06	1.23e-04	1.36e-02	1.91e-01	7.95e-01
 2.48191e+22	0.00e+00	0.00e+00	1.95e-29	2.89e-25	5.98e-21	1.99e-17	2.00e-14	6.55e-12	9.24e-10	6.46e-08	2.97e-06	1.34e-04	1.44e-02	1.96e-01	7.90e-01
 2.50603e+22	0.00e+00	0.00e+00	2.97e-29	4.26e-25	8.53e-21	2.74e-17	2.66e-14	8.39e-12	1.14e-09	7.69e-08	3.41e-06	1.49e-04	1.54e-02	2.02e-01	7.83e-01
 2.53182e+22	0.00e+00	0.00e+00	4.48e-29	6.22e-25	1.20e-20	3.74e-17	3.50e-14	1.07e-11	1.40e-09	9.12e-08	3.90e-06	1.64e-04	1.64e-02	2.07e-01	7.76e-01
 2.55537e+22	0.00e+00	0.00e+00	6.52e-29	8.79e-25	1.65e-20	4.97e-17	4.51e-14	1.33e-11	1.69e-09	1.06e-07	4.41e-06	1.80e-04	1.73e-02	2.12e-01	7.70e-01
 2.58157e+22	0.00e+00	1.64e-33	1.06e-28	1.37e-24	2.48e-20	7.15e-17	6.23e-14	1.76e-11	2.15e-09	1.30e-07	5.16e-06	2.02e-04	1.87e-02	2.19e-01	7.62e-01
 2.60834e+22	0.00e+00	2.52e-33	1.57e-28	1.98e-24	3.47e-20	9.67e-17	8.15e-14	2.23e-11	2.63e-09	1.53e-07	5.88e-06	2.22e-04	1.98e-02	2.25e-01	7.55e-01
 2.63118e+22	0.00e+00	2.73e-33	1.66e-28	2.02e-24	4.78e-20	1.29e-16	1.05e-13	2.79e-11	3.19e-09	1.80e-07	6.67e-06	2.43e-04	2.10e-02	2.30e-01	7.48e-01
 2.65265e+22	0.00e+00	3.97e-33	2.36e-28	2.79e-24	6.40e-20	1.68e-16	1.33e-13	3.42e-11	3.79e-09	2.08e-07	7.47e-06	2.64e-04	2.22e-02	2.36e-01	7.42e-01
 2.67700e+22	0.00e+00	6.36e-33	3.65e-28	4.17e-24	9.24e-20	2.34e-16	1.78e-13	4.42e-11	4.72e-09	2.49e-07	8.62e-06	2.93e-04	2.37e-02	2.42e-01	7.34e-01
 2.70270e+22	0.00e+00	1.01e-32	5.61e-28	6.19e-24	1.32e-19	3.23e-16	2.38e-13	5.68e-11	5.85e-09	2.97e-07	9.91e-06	3.25e-04	2.53e-02	2.49e-01	7.26e-01
 2.72543e+22	0.00e+00	1.51e-32	8.17e-28	8.74e-24	1.81e-19	4.29e-16	3.06e-13	7.08e-11	7.06e-09	3.48e-07	1.12e-05	3.55e-04	2.67e-02	2.54e-01	7.18e-01
 2.75023e+22	0.00e+00	2.51e-32	1.31e-27	1.35e-23	2.70e-19	6.13e-16	4.20e-13	9.33e-11	8.95e-09	4.23e-07	1.31e-05	3.97e-04	2.87e-02	2.62e-01	7.09e-01
 2.77499e+22	0.00e+00	3.81e-32	1.93e-27	1.92e-23	3.73e-19	8.19e-16	5.43e-13	1.17e-10	1.09e-08	4.96e-07	1.48e-05	4.35e-04	3.03e-02	2.68e-01	7.01e-01
 2.79596e+22	0.00e+00	5.54e-32	2.73e-27	2.65e-23	4.99e-19	1.07e-15	6.86e-13	1.43e-10	1.29e-08	5.73e-07	1.66e-05	4.72e-04	3.19e-02	2.73e-01	6.94e-01
 2.81951e+22	0.00e+00	9.02e-32	4.30e-27	4.00e-23	7.28e-19	1.50e-15	9.28e-13	1.87e-10	1.62e-08	6.91e-07	1.92e-05	5.25e-04	3.41e-02	2.81e-01	6.85e-01
 2.84385e+22	0.00e+00	1.39e-31	6.41e-27	5.77e-23	1.02e-18	2.02e-15	1.21e-12	2.36e-10	1.98e-08	8.15e-07	2.18e-05	5.77e-04	3.62e-02	2.87e-01	6.76e-01
 2.86551e+22	0.00e+00	2.10e-31	9.43e-27	8.21e-23	1.40e-18	2.70e-15	1.57e-12	2.95e-10	2.40e-08	9.57e-07	2.47e-05	6.32e-04	3.83e-02	2.93e-01	6.68e-01
 2.88999e+22	0.00e+00	3.53e-31	1.52e-26	1.27e-22	2.10e-18	3.88e-15	2.16e-12	3.90e-10	3.05e-08	1.17e-06	2.89e-05	7.07e-04	4.10e-02	3.01e-01	6.57e-01
 2.91407e+22	0.00e+00	5.37e-31	2.25e-26	1.82e-22	2.90e-18	5.20e-15	2.80e-12	4.90e-10	3.71e-08	1.37e-06	3.27e-05	7.74e-04	4.34e-02	3.08e-01	6.48e-01
 2.93395e+22	0.00e+00	7.80e-31	3.18e-26	2.50e-22	3.88e-18	6.74e-15	3.53e-12	6.00e-10	4.41e-08	1.58e-06	3.66e-05	8.39e-04	4.56e-02	3.14e-01	6.40e-01
 2.95612e+22	0.00e+00	1.26e-30	4.97e-26	3.75e-22	5.62e-18	9.42e-15	4.75e-12	7.78e-10	5.51e-08	1.90e-06	4.23e-05	9.30e-04	4.86e-02	3.21e-01	6.30e-01
 2.97904e+22	0.00e+00	1.93e-30	7.37e-26	5.37e-22	7.81e-18	1.27e-14	6.18e-12	9.79e-10	6.71e-08	2.24e-06	4.80e-05	1.02e-03	5.13e-02	3.27e-01	6.20e-01
 2.99940e+22	0.00e+00	2.88e-30	1.07e-25	7.51e-22	1.06e-17	1.67e-14	7.90e-12	1.21e-09	8.06e-08	2.61e-06	5.40e-05	1.11e-03	5.41e-02	3.34e-01	6.11e-01
 3.02232e+22	0.00e+00	4.77e-30	1.70e-25	1.15e-21	1.57e-17	2.37e-14	1.08e-11	1.59e-09	1.02e-07	3.17e-06	6.27e-05	1.24e-03	5.77e-02	3.41e-01	6.00e-01
 3.04508e+22	0.00e+00	7.30e-30	2.52e-25	1.64e-21	2.17e-17	3.18e-14	1.40e-11	2.00e-09	1.24e-07	3.73e-06	7.11e-05	1.35e-03	6.09e-02	3.48e-01	5.90e-01
 3.06395e+22	0.00e+00	1.06e-29	3.55e-25	2.25e-21	2.90e-17	4.12e-14	1.76e-11	2.44e-09	1.47e-07	4.30e-06	7.94e-05	1.46e-03	6.39e-02	3.53e-01	5.81e-01
 3.08478e+22	0.00e+00	1.67e-29	5.43e-25	3.30e-21	4.12e-17	5.66e-14	2.34e-11	3.13e-09	1.82e-07	5.12e-06	9.09e-05	1.61e-03	6.77e-02	3.60e-01	5.70e-01
 3.10669e+22	0.00e+00	2.54e-29	7.98e-25	4.69e-21	5.68e-17	7.55e-14	3.02e-11	3.92e-09	2.20e-07	6.01e-06	1.03e-04	1.76e-03	7.13e-02	3.67e-01	5.60e-01
 3.12663e+22	0.00e+00	3.88e-29	1.18e-24	6.67e-21	7.86e-17	1.01e-13	3.91e-11	4.91e-09	2.68e-07	7.06e-06	1.16e-04	1.92e-03	7.52e-02	3.73e-01	5.50e-01
 3.14587e+22	0.00e+00	4.68e-29	1.38e-24	9.25e-21	1.06e-16	1.32e-13	4.97e-11	6.05e-09	3.21e-07	8.19e-06	1.30e-04	2.08e-03	7.89e-02	3.78e-01	5.40e-01
 3.16468e+22	0.00e+00	6.90e-29	1.98e-24	1.28e-20	1.43e-16	1.73e-13	6.31e-11	7.46e-09	3.83e-07	9.49e-06	1.46e-04	2.26e-03	8.27e-02	3.84e-01	5.31e-01
 3.18623e+22	0.00e+00	1.13e-28	3.11e-24	1.93e-20	2.08e-16	2.43e-13	8.51e-11	9.69e-09	4.80e-07	1.14e-05	1.69e-04	2.50e-03	8.78e-02	3.91e-01	5.19e-01
 3.20811e+22	0.00e+00	1.72e-28	4.60e-24	2.75e-20	2.88e-16	3.25e-13	1.10e-10	1.22e-08	5.84e-07	1.34e-05	1.91e-04	2.72e-03	9.24e-02	3.97e-01	5.08e-01
 3.22672e+22	0.00e+00	2.53e-28	6.55e-24	3.78e-20	3.86e-16	4.23e-13	1.39e-10	1.49e-08	6.96e-07	1.55e-05	2.13e-04	2.95e-03	9.67e-02	4.02e-01	4.98e-01
 3.24721e+22	0.00e+00	4.06e-28	1.01e-23	5.61e-20	5.54e-16	5.87e-13	1.86e-10	1.92e-08	8.65e-07	1.86e-05	2.45e-04	3.24e-03	1.02e-01	4.08e-01	4.86e-01
 3.26838e+22	0.00e+00	6.17e-28	1.49e-23	7.94e-20	7.63e-16	7.82e-13	2.41e-10	2.40e-08	1.05e-06	2.18e-05	2.76e-04	3.53e-03	1.07e-01	4.14e-01	4.75e-01
 3.28718e+22	0.00e+00	9.20e-28	2.15e-23	1.11e-19	1.03e-15	1.03e-12	3.07e-10	2.98e-08	1.26e-06	2.54e-05	3.10e-04	3.83e-03	1.12e-01	4.19e-01	4.65e-01
 3.30835e+22	0.00e+00	1.50e-27	3.38e-23	1.66e-19	1.50e-15	1.44e-12	4.14e-10	3.86e-08	1.58e-06	3.05e-05	3.57e-04	4.22e-03	1.19e-01	4.24e-01	4.52e-01
 3.32972e+22	0.00e+00	2.28e-27	4.97e-23	2.35e-19	2.07e-15	1.92e-12	5.35e-10	4.83e-08	1.91e-06	3.58e-05	4.02e-04	4.59e-03	1.25e-01	4.29e-01	4.41e-01
 3.34811e+22	0.00e+00	3.38e-27	7.13e-23	3.25e-19	2.79e-15	2.52e-12	6.79e-10	5.95e-08	2.29e-06	4.15e-05	4.50e-04	4.96e-03	1.30e-01	4.33e-01	4.31e-01
 3.36877e+22	0.00e+00	5.48e-27	1.11e-22	4.85e-19	4.04e-15	3.51e-12	9.12e-10	7.70e-08	2.85e-06	4.98e-05	5.17e-04	5.46e-03	1.37e-01	4.38e-01	4.18e-01
 3.39027e+22	0.00e+00	8.51e-27	1.67e-22	6.98e-19	5.64e-15	4.74e-12	1.19e-09	9.73e-08	3.49e-06	5.88e-05	5.86e-04	5.95e-03	1.44e-01	4.43e-01	4.06e-01
 3.40955e+22	4.10e-34	1.27e-26	2.41e-22	9.72e-19	7.65e-15	6.24e-12	1.52e-09	1.20e-07	4.19e-06	6.83e-05	6.57e-04	6.44e-03	1.51e-01	4.46e-01	3.96e-01
 3.42839e+22	6.53e-34	1.93e-26	3.54e-22	1.37e-18	1.05e-14	8.31e-12	1.96e-09	1.51e-07	5.08e-06	8.00e-05	7.40e-04	6.99e-03	1.57e-01	4.50e-01	3.85e-01
 3.44633e+22	9.80e-34	2.79e-26	4.96e-22	1.86e-18	1.39e-14	1.07e-11	2.45e-09	1.83e-07	6.00e-06	9.18e-05	8.21e-04	7.50e-03	1.64e-01	4.53e-01	3.75e-01
 3.46600e+22	1.67e-33	4.50e-26	7.69e-22	2.75e-18	2.00e-14	1.48e-11	3.28e-09	2.36e-07	7.47e-06	1.10e-04	9.39e-04	8.22e-03	1.72e-01	4.56e-01	3.62e-01
 3.48602e+22	2.63e-33	6.79e-26	1.12e-21	3.85e-18	2.73e-14	1.96e-11	4.21e-09	2.93e-07	9.02e-06	1.28e-04	1.06e-03	8.89e-03	1.79e-01	4.59e-01	3.52e-01
 3.50211e+22	3.78e-33	9.40e-26	1.51e-21	5.02e-18	3.49e-14	2.45e-11	5.13e-09	3.49e-07	1.05e-05	1.45e-04	1.16e-03	9.46e-03	1.85e-01	4.61e-01	3.43e-01
 3.51861e+22	5.92e-33	1.41e-25	2.19e-21	6.99e-18	4.74e-14	3.23e-11	6.56e-09	4.32e-07	1.26e-05	1.69e-04	1.30e-03	1.02e-02	1.93e-01	4.63e-01	3.33e-01
 3.53454e+22	8.32e-33	1.91e-25	2.90e-21	8.96e-18	5.96e-14	3.98e-11	7.90e-09	5.08e-07	1.45e-05	1.89e-04	1.41e-03	1.08e-02	1.99e-01	4.64e-01	3.25e-01
 3.54756e+22	1.17e-32	2.59e-25	3.81e-21	1.14e-17	7.48e-14	4.89e-11	9.48e-09	5.97e-07	1.66e-05	2.12e-04	1.54e-03	1.14e-02	2.05e-01	4.65e-01	3.17e-01
 3.56034e+22	1.60e-32	3.45e-25	4.96e-21	1.44e-17	9.29e-14	5.94e-11	1.13e-08	6.94e-07	1.89e-05	2.36e-04	1.66e-03	1.21e-02	2.11e-01	4.66e-01	3.09e-01
 3.57280e+22	2.16e-32	4.51e-25	6.33e-21	1.80e-17	1.14e-13	7.13e-11	1.33e-08	8.00e-07	2.14e-05	2.61e-04	1.79e-03	1.27e-02	2.16e-01	4.67e-01	3.02e-01
 3.58680e+22	3.20e-32	6.43e-25	8.74e-21	2.39e-17	1.48e-13	9.07e-11	1.64e-08	9.65e-07	2.51e-05	2.98e-04	1.98e-03	1.35e-02	2.24e-01	4.67e-01	2.93e-01
 3.60077e+22	4.39e-32	8.53e-25	1.13e-20	3.00e-17	1.83e-13	1.10e-10	1.95e-08	1.12e-06	2.86e-05	3.31e-04	2.14e-03	1.43e-02	2.29e-01	4.67e-01	2.86e-01
 3.61229e+22	1.77e-34	1.11e-24	1.44e-20	3.72e-17	2.24e-13	1.32e-10	2.29e-08	1.29e-06	3.23e-05	3.66e-04	2.30e-03	1.50e-02	2.35e-01	4.68e-01	2.80e-01
 3.62302e+22	0.00e+00	1.43e-24	1.80e-20	4.53e-17	2.69e-13	1.56e-10	2.66e-08	1.47e-06	3.62e-05	4.01e-04	2.47e-03	1.56e-02	2.40e-01	4.68e-01	2.73e-01
 3.63516e+22	2.75e-34	1.94e-24	2.38e-20	5.80e-17	3.38e-13	1.92e-10	3.20e-08	1.73e-06	4.16e-05	4.50e-04	2.68e-03	1.65e-02	2.47e-01	4.67e-01	2.66e-01
 3.64776e+22	3.75e-34	2.53e-24	3.03e-20	7.18e-17	4.13e-13	2.30e-10	3.76e-08	1.99e-06	4.70e-05	4.98e-04	2.89e-03	1.74e-02	2.53e-01	4.67e-01	2.59e-01
 3.65915e+22	5.15e-34	3.30e-24	3.86e-20	8.88e-17	5.04e-13	2.75e-10	4.42e-08	2.30e-06	5.31e-05	5.50e-04	3.11e-03	1.82e-02	2.59e-01	4.66e-01	2.53e-01
 3.67039e+22	6.99e-34	4.28e-24	4.89e-20	1.09e-16	6.11e-13	3.28e-10	5.17e-08	2.63e-06	5.98e-05	6.05e-04	3.34e-03	1.91e-02	2.65e-01	4.66e-01	2.46e-01
 3.68106e+22	9.30e-34	5.46e-24	6.09e-20	1.32e-16	7.32e-13	3.86e-10	5.99e-08	2.99e-06	6.68e-05	6.63e-04	3.57e-03	1.99e-02	2.71e-01	4.65e-01	2.41e-01
 3.69113e+22	1.23e-33	6.94e-24	7.56e-20	1.60e-16	8.75e-13	4.54e-10	6.92e-08	3.40e-06	7.46e-05	7.25e-04	3.81e-03	2.08e-02	2.76e-01	4.64e-01	2.35e-01
 3.70260e+22	1.78e-33	9.51e-24	1.00e-19	2.05e-16	1.10e-12	5.61e-10	8.37e-08	4.01e-06	8.61e-05	8.16e-04	4.16e-03	2.19e-02	2.83e-01	4.62e-01	2.27e-01
 3.71396e+22	2.37e-33	1.21e-23	1.25e-19	2.48e-16	1.32e-12	6.61e-10	9.68e-08	4.56e-06	9.62e-05	8.93e-04	4.44e-03	2.29e-02	2.89e-01	4.61e-01	2.22e-01
 3.72519e+22	3.47e-33	1.67e-23	1.67e-19	3.18e-16	1.67e-12	8.21e-10	1.18e-07	5.42e-06	1.12e-04	1.01e-03	4.85e-03	2.42e-02	2.97e-01	4.59e-01	2.14e-01
 3.73625e+22	4.58e-33	2.12e-23	2.06e-19	3.83e-16	1.99e-12	9.63e-10	1.36e-07	6.14e-06	1.24e-04	1.10e-03	5.18e-03	2.52e-02	3.02e-01	4.57e-01	2.09e-01
 3.74711e+22	6.57e-33	2.88e-23	2.71e-19	4.85e-16	2.49e-12	1.18e-09	1.63e-07	7.23e-06	1.43e-04	1.24e-03	5.63e-03	2.66e-02	3.10e-01	4.55e-01	2.02e-01
 3.75820e+22	8.87e-33	3.72e-23	3.41e-19	5.91e-16	3.01e-12	1.40e-09	1.91e-07	8.28e-06	1.61e-04	1.36e-03	6.04e-03	2.78e-02	3.16e-01	4.53e-01	1.96e-01
 3.76961e+22	1.31e-32	5.18e-23	4.58e-19	7.62e-16	3.83e-12	1.75e-09	2.33e-07	9.87e-06	1.88e-04	1.54e-03	6.61e-03	2.94e-02	3.24e-01	4.50e-01	1.89e-01
 3.78100e+22	1.77e-32	6.71e-23	5.76e-19	9.28e-16	4.62e-12	2.09e-09	2.73e-07	1.13e-05	2.12e-04	1.70e-03	7.09e-03	3.07e-02	3.30e-01	4.47e-01	1.83e-01
 3.79058e+22	8.51e-33	8.50e-23	7.10e-19	1.11e-15	5.49e-12	2.44e-09	3.15e-07	1.28e-05	2.36e-04	1.86e-03	7.56e-03	3.19e-02	3.36e-01	4.44e-01	1.78e-01
 3.80125e+22	1.27e-32	1.19e-22	9.55e-19	1.43e-15	7.00e-12	3.06e-09	3.86e-07	1.54e-05	2.76e-04	2.11e-03	8.29e-03	3.38e-02	3.44e-01	4.41e-01	1.71e-01
 3.81172e+22	1.67e-32	1.49e-22	1.17e-18	1.70e-15	8.25e-12	3.56e-09	4.42e-07	1.73e-05	3.06e-04	2.30e-03	8.81e-03	3.50e-02	3.50e-01	4.38e-01	1.66e-01
 3.82191e+22	2.45e-32	2.06e-22	1.55e-18	2.15e-15	1.04e-11	4.41e-09	5.38e-07	2.06e-05	3.56e-04	2.60e-03	9.63e-03	3.70e-02	3.57e-01	4.34e-01	1.59e-01
 3.83190e+22	3.18e-32	2.56e-22	1.88e-18	2.54e-15	1.22e-11	5.12e-09	6.15e-07	2.32e-05	3.94e-04	2.82e-03	1.02e-02	3.83e-02	3.63e-01	4.31e-01	1.55e-01
 3.84164e+22	4.57e-32	3.47e-22	2.45e-18	3.18e-15	1.52e-11	6.28e-09	7.41e-07	2.73e-05	4.55e-04	3.17e-03	1.11e-02	4.03e-02	3.70e-01	4.26e-01	1.49e-01
 3.85153e+22	6.11e-32	4.43e-22	3.04e-18	3.80e-15	1.81e-11	7.39e-09	8.60e-07	3.12e-05	5.10e-04	3.48e-03	1.19e-02	4.19e-02	3.76e-01	4.22e-01	1.44e-01
 3.86159e+22	8.99e-32	6.14e-22	4.03e-18	4.81e-15	2.28e-11	9.20e-09	1.05e-06	3.72e-05	5.94e-04	3.94e-03	1.30e-02	4.42e-02	3.84e-01	4.17e-01	1.38e-01
 3.87160e+22	1.19e-31	7.77e-22	4.95e-18	5.71e-15	2.70e-11	1.08e-08	1.22e-06	4.23e-05	6.64e-04	4.31e-03	1.38e-02	4.59e-02	3.89e-01	4.13e-01	1.33e-01
 3.88154e+22	1.74e-31	1.07e-21	6.52e-18	7.18e-15	3.40e-11	1.34e-08	1.48e-06	5.03e-05	7.72e-04	4.86e-03	1.51e-02	4.83e-02	3.97e-01	4.07e-01	1.27e-01
 3.89166e+22	2.35e-31	1.38e-21	8.13e-18	8.61e-15	4.07e-11	1.59e-08	1.73e-06	5.78e-05	8.71e-04	5.36e-03	1.62e-02	5.02e-02	4.03e-01	4.02e-01	1.22e-01
 3.90049e+22	3.14e-31	1.76e-21	1.00e-17	1.02e-14	4.85e-11	1.87e-08	2.02e-06	6.61e-05	9.78e-04	5.89e-03	1.73e-02	5.22e-02	4.08e-01	3.97e-01	1.18e-01
 3.91045e+22	4.59e-31	2.42e-21	1.32e-17	1.28e-14	6.09e-11	2.33e-08	2.46e-06	7.88e-05	1.14e-03	6.66e-03	1.89e-02	5.49e-02	4.15e-01	3.91e-01	1.12e-01
 3.92045e+22	6.16e-31	3.10e-21	1.63e-17	1.53e-14	7.26e-11	2.75e-08	2.88e-06	9.03e-05	1.28e-03	7.32e-03	2.02e-02	5.70e-02	4.21e-01	3.86e-01	1.08e-01
 3.93050e+22	9.03e-31	4.28e-21	2.15e-17	1.91e-14	9.14e-11	3.43e-08	3.53e-06	1.08e-04	1.50e-03	8.28e-03	2.20e-02	5.99e-02	4.28e-01	3.78e-01	1.02e-01
 3.94071e+22	1.22e-30	5.53e-21	2.68e-17	2.28e-14	1.10e-10	4.08e-08	4.14e-06	1.24e-04	1.69e-03	9.13e-03	2.36e-02	6.23e-02	4.33e-01	3.72e-01	9.79e-02
 3.95113e+22	1.82e-30	7.71e-21	3.55e-17	2.86e-14	1.39e-10	5.12e-08	5.11e-06	1.50e-04	1.98e-03	1.04e-02	2.58e-02	6.55e-02	4.39e-01	3.64e-01	9.24e-02
 3.96159e+22	2.46e-30	9.93e-21	4.40e-17	3.40e-14	1.66e-10	6.09e-08	6.01e-06	1.73e-04	2.24e-03	1.14e-02	2.77e-02	6.80e-02	4.44e-01	3.58e-01	8.83e-02
 3.97211e+22	3.64e-30	1.38e-20	5.82e-17	4.24e-14	2.10e-10	7.64e-08	7.43e-06	2.08e-04	2.62e-03	1.30e-02	3.02e-02	7.14e-02	4.50e-01	3.49e-01	8.30e-02
 3.98236e+22	4.82e-30	1.74e-20	7.08e-17	4.96e-14	2.48e-10	8.98e-08	8.62e-06	2.37e-04	2.94e-03	1.42e-02	3.22e-02	7.39e-02	4.54e-01	3.43e-01	7.94e-02
 3.99227e+22	6.95e-30	2.37e-20	9.16e-17	6.08e-14	3.09e-10	1.11e-07	1.05e-05	2.83e-04	3.41e-03	1.60e-02	3.50e-02	7.72e-02	4.59e-01	3.35e-01	7.47e-02
 4.00228e+22	9.15e-30	2.98e-20	1.11e-16	7.08e-14	3.63e-10	1.30e-07	1.22e-05	3.22e-04	3.80e-03	1.74e-02	3.71e-02	7.98e-02	4.62e-01	3.28e-01	7.14e-02
 4.01243e+22	1.31e-29	4.03e-20	1.43e-16	8.63e-14	4.50e-10	1.60e-07	1.48e-05	3.82e-04	4.40e-03	1.95e-02	4.02e-02	8.32e-02	4.66e-01	3.19e-01	6.70e-02
 4.02281e+22	1.74e-29	5.10e-20	1.74e-16	1.01e-13	5.32e-10	1.89e-07	1.73e-05	4.37e-04	4.92e-03	2.14e-02	4.28e-02	8.59e-02	4.69e-01	3.12e-01	6.38e-02
 4.03347e+22	2.50e-29	6.88e-20	2.23e-16	1.22e-13	6.59e-10	2.33e-07	2.10e-05	5.18e-04	5.69e-03	2.39e-02	4.63e-02	8.95e-02	4.72e-01	3.03e-01	5.97e-02
 4.04439e+22	3.34e-29	8.74e-20	2.73e-16	1.43e-13	7.81e-10	2.75e-07	2.45e-05	5.94e-04	6.38e-03	2.62e-02	4.92e-02	9.23e-02	4.74e-01	2.95e-01	5.65e-02
 4.05565e+22	4.83e-29	1.19e-19	3.51e-16	1.74e-13	9.70e-10	3.40e-07	2.99e-05	7.07e-04	7.38e-03	2.93e-02	5.32e-02	9.60e-02	4.76e-01	2.85e-01	5.26e-02
 4.06712e+22	6.42e-29	1.50e-19	4.27e-16	2.03e-13	1.15e-09	4.01e-07	3.49e-05	8.09e-04	8.25e-03	3.20e-02	5.65e-02	9.89e-02	4.77e-01	2.77e-01	4.97e-02
 4.07887e+22	9.27e-29	2.03e-19	5.49e-16	2.46e-13	1.42e-09	4.95e-07	4.25e-05	9.60e-04	9.52e-03	3.57e-02	6.08e-02	1.03e-01	4.77e-01	2.67e-01	4.61e-02
 4.09083e+22	1.23e-28	2.56e-19	6.66e-16	2.86e-13	1.68e-09	5.82e-07	4.94e-05	1.10e-03	1.06e-02	3.89e-02	6.44e-02	1.05e-01	4.77e-01	2.59e-01	4.34e-02
 4.10306e+22	1.77e-28	3.45e-19	8.52e-16	3.46e-13	2.07e-09	7.16e-07	6.00e-05	1.30e-03	1.22e-02	4.33e-02	6.92e-02	1.09e-01	4.76e-01	2.49e-01	4.01e-02
 4.11536e+22	2.33e-28	4.32e-19	1.03e-15	4.00e-13	2.43e-09	8.37e-07	6.94e-05	1.47e-03	1.35e-02	4.69e-02	7.30e-02	1.12e-01	4.75e-01	2.41e-01	3.77e-02
 4.12775e+22	3.31e-28	5.75e-19	1.30e-15	4.79e-13	2.97e-09	1.02e-06	8.35e-05	1.73e-03	1.55e-02	5.19e-02	7.80e-02	1.15e-01	4.73e-01	2.31e-01	3.47e-02
 4.14043e+22	4.35e-28	7.20e-19	1.57e-15	5.54e-13	3.48e-09	1.19e-06	9.64e-05	1.96e-03	1.71e-02	5.60e-02	8.20e-02	1.18e-01	4.70e-01	2.23e-01	3.26e-02
 4.15149e+22	5.63e-28	8.88e-19	1.87e-15	6.34e-13	4.03e-09	1.38e-06	1.10e-04	2.21e-03	1.88e-02	6.02e-02	8.59e-02	1.20e-01	4.67e-01	2.15e-01	3.06e-02
 4.16387e+22	7.85e-28	1.16e-18	2.33e-15	7.51e-13	4.86e-09	1.65e-06	1.31e-04	2.56e-03	2.12e-02	6.59e-02	9.10e-02	1.23e-01	4.63e-01	2.05e-01	2.82e-02
 4.17625e+22	1.00e-27	1.42e-18	2.76e-15	8.55e-13	5.58e-09	1.89e-06	1.48e-04	2.85e-03	2.31e-02	7.03e-02	9.48e-02	1.25e-01	4.59e-01	1.98e-01	2.65e-02
 4.18864e+22	1.38e-27	1.84e-18	3.41e-15	1.01e-12	6.67e-09	2.25e-06	1.74e-04	3.29e-03	2.59e-02	7.65e-02	9.99e-02	1.27e-01	4.54e-01	1.89e-01	2.43e-02
 4.20131e+22	1.78e-27	2.25e-18	4.04e-15	1.15e-12	7.66e-09	2.58e-06	1.98e-04	3.66e-03	2.82e-02	8.16e-02	1.04e-01	1.29e-01	4.49e-01	1.82e-01	2.28e-02
 4.21251e+22	2.27e-27	2.73e-18	4.76e-15	1.30e-12	8.76e-09	2.94e-06	2.23e-04	4.07e-03	3.07e-02	8.67e-02	1.08e-01	1.31e-01	4.44e-01	1.75e-01	2.13e-02
 4.22525e+22	3.11e-27	3.52e-18	5.86e-15	1.53e-12	1.04e-08	3.48e-06	2.61e-04	4.66e-03	3.42e-02	9.38e-02	1.13e-01	1.33e-01	4.36e-01	1.66e-01	1.95e-02
 4.23792e+22	3.91e-27	4.23e-18	6.84e-15	1.72e-12	1.18e-08	3.92e-06	2.91e-04	5.13e-03	3.68e-02	9.90e-02	1.17e-01	1.34e-01	4.31e-01	1.59e-01	1.83e-02
 4.25049e+22	5.29e-27	5.39e-18	8.36e-15	2.01e-12	1.38e-08	4.59e-06	3.37e-04	5.82e-03	4.07e-02	1.06e-01	1.22e-01	1.35e-01	4.22e-01	1.51e-01	1.67e-02
 4.26331e+22	6.67e-27	6.50e-18	9.78e-15	2.27e-12	1.57e-08	5.18e-06	3.77e-04	6.40e-03	4.38e-02	1.12e-01	1.25e-01	1.36e-01	4.16e-01	1.45e-01	1.56e-02
 4.27644e+22	9.06e-27	8.30e-18	1.20e-14	2.66e-12	1.84e-08	6.05e-06	4.35e-04	7.25e-03	4.82e-02	1.20e-01	1.30e-01	1.37e-01	4.06e-01	1.36e-01	1.42e-02
 4.28983e+22	1.15e-26	1.00e-17	1.41e-14	3.01e-12	2.09e-08	6.82e-06	4.86e-04	7.96e-03	5.18e-02	1.26e-01	1.34e-01	1.38e-01	3.98e-01	1.30e-01	1.32e-02
 4.30354e+22	7.50e-28	1.28e-17	1.73e-14	3.53e-12	2.45e-08	7.97e-06	5.60e-04	9.01e-03	5.69e-02	1.35e-01	1.39e-01	1.38e-01	3.88e-01	1.22e-01	1.20e-02
 4.31750e+22	7.69e-28	1.56e-17	2.03e-14	4.01e-12	2.77e-08	8.97e-06	6.25e-04	9.88e-03	6.10e-02	1.41e-01	1.42e-01	1.39e-01	3.79e-01	1.16e-01	1.11e-02
 4.33179e+22	1.06e-27	2.00e-17	2.50e-14	4.71e-12	3.25e-08	1.05e-05	7.19e-04	1.11e-02	6.68e-02	1.51e-01	1.46e-01	1.39e-01	3.67e-01	1.09e-01	9.98e-03
 4.34575e+22	1.32e-27	2.38e-17	2.91e-14	5.32e-12	3.64e-08	1.16e-05	7.92e-04	1.21e-02	7.10e-02	1.57e-01	1.49e-01	1.38e-01	3.59e-01	1.04e-01	9.29e-03
 4.35930e+22	1.78e-27	3.01e-17	3.53e-14	6.17e-12	4.20e-08	1.34e-05	9.01e-04	1.35e-02	7.71e-02	1.66e-01	1.53e-01	1.38e-01	3.47e-01	9.67e-02	8.38e-03
 4.37305e+22	2.24e-27	3.58e-17	4.11e-14	6.97e-12	4.71e-08	1.49e-05	9.90e-04	1.46e-02	8.17e-02	1.72e-01	1.55e-01	1.37e-01	3.38e-01	9.19e-02	7.77e-03
 4.38707e+22	3.01e-27	4.52e-17	4.99e-14	8.12e-12	5.43e-08	1.71e-05	1.12e-03	1.62e-02	8.82e-02	1.81e-01	1.59e-01	1.36e-01	3.26e-01	8.56e-02	7.00e-03
 4.40152e+22	3.86e-27	5.46e-17	5.86e-14	9.22e-12	6.11e-08	1.91e-05	1.24e-03	1.77e-02	9.38e-02	1.88e-01	1.61e-01	1.35e-01	3.16e-01	8.07e-02	6.42e-03
 4.41654e+22	5.23e-27	6.93e-17	7.17e-14	1.08e-11	7.07e-08	2.19e-05	1.40e-03	1.96e-02	1.01e-01	1.97e-01	1.64e-01	1.34e-01	3.04e-01	7.48e-02	5.75e-03
 4.43204e+22	6.85e-27	8.46e-17	8.51e-14	1.24e-11	8.00e-08	2.45e-05	1.55e-03	2.13e-02	1.07e-01	2.04e-01	1.66e-01	1.32e-01	2.93e-01	7.01e-02	5.23e-03
 4.44817e+22	9.44e-27	1.08e-16	1.05e-13	1.47e-11	9.31e-08	2.82e-05	1.76e-03	2.37e-02	1.16e-01	2.13e-01	1.68e-01	1.30e-01	2.79e-01	6.45e-02	4.64e-03
 4.46473e+22	1.25e-26	1.33e-16	1.26e-13	1.69e-11	1.06e-07	3.17e-05	1.96e-03	2.58e-02	1.23e-01	2.21e-01	1.69e-01	1.28e-01	2.68e-01	6.00e-02	4.19e-03
 4.48185e+22	1.75e-26	1.73e-16	1.57e-13	2.02e-11	1.23e-07	3.66e-05	2.22e-03	2.86e-02	1.32e-01	2.30e-01	1.70e-01	1.25e-01	2.54e-01	5.48e-02	3.68e-03
 4.49953e+22	2.37e-26	2.14e-16	1.89e-13	2.34e-11	1.40e-07	4.13e-05	2.47e-03	3.12e-02	1.40e-01	2.37e-01	1.71e-01	1.22e-01	2.43e-01	5.06e-02	3.29e-03
 4.51792e+22	3.38e-26	2.80e-16	2.38e-13	2.82e-11	1.65e-07	4.78e-05	2.80e-03	3.46e-02	1.50e-01	2.46e-01	1.71e-01	1.19e-01	2.28e-01	4.57e-02	2.86e-03
 4.53687e+22	4.66e-26	3.51e-16	2.89e-13	3.30e-11	1.89e-07	5.40e-05	3.12e-03	3.77e-02	1.58e-01	2.53e-01	1.71e-01	1.16e-01	2.16e-01	4.19e-02	2.53e-03
 4.55397e+22	6.27e-26	4.38e-16	3.49e-13	3.84e-11	2.15e-07	6.08e-05	3.46e-03	4.09e-02	1.67e-01	2.60e-01	1.71e-01	1.13e-01	2.05e-01	3.84e-02	2.25e-03
 4.57362e+22	9.19e-26	5.78e-16	4.44e-13	4.66e-11	2.53e-07	7.04e-05	3.93e-03	4.53e-02	1.78e-01	2.68e-01	1.70e-01	1.08e-01	1.91e-01	3.43e-02	1.93e-03
 4.59364e+22	1.28e-25	7.26e-16	5.41e-13	5.46e-11	2.89e-07	7.93e-05	4.35e-03	4.91e-02	1.88e-01	2.74e-01	1.68e-01	1.05e-01	1.79e-01	3.11e-02	1.69e-03
 4.61416e+22	1.89e-25	9.65e-16	6.91e-13	6.64e-11	3.40e-07	9.19e-05	4.94e-03	5.43e-02	2.00e-01	2.80e-01	1.66e-01	1.00e-01	1.65e-01	2.75e-02	1.43e-03
 4.63495e+22	2.67e-25	1.22e-15	8.44e-13	7.79e-11	3.88e-07	1.03e-04	5.46e-03	5.87e-02	2.09e-01	2.85e-01	1.64e-01	9.63e-02	1.55e-01	2.48e-02	1.24e-03
 4.65611e+22	4.01e-25	1.63e-15	1.08e-12	9.50e-11	4.56e-07	1.20e-04	6.19e-03	6.47e-02	2.22e-01	2.91e-01	1.61e-01	9.14e-02	1.41e-01	2.17e-02	1.04e-03
 4.67747e+22	5.66e-25	2.05e-15	1.32e-12	1.11e-10	5.18e-07	1.34e-04	6.82e-03	6.98e-02	2.32e-01	2.95e-01	1.58e-01	8.74e-02	1.31e-01	1.94e-02	8.97e-04
 4.69912e+22	8.67e-25	2.76e-15	1.70e-12	1.36e-10	6.07e-07	1.55e-04	7.71e-03	7.68e-02	2.44e-01	2.99e-01	1.54e-01	8.22e-02	1.19e-01	1.67e-02	7.39e-04
 4.72087e+22	1.21e-24	3.47e-15	2.07e-12	1.58e-10	6.87e-07	1.72e-04	8.46e-03	8.24e-02	2.54e-01	3.01e-01	1.50e-01	7.83e-02	1.10e-01	1.49e-02	6.35e-04
 4.73895e+22	1.63e-24	4.27e-15	2.46e-12	1.82e-10	7.64e-07	1.90e-04	9.18e-03	8.78e-02	2.62e-01	3.03e-01	1.47e-01	7.48e-02	1.02e-01	1.34e-02	5.52e-04
 4.75862e+22	2.41e-24	5.58e-15	3.08e-12	2.16e-10	8.74e-07	2.14e-04	1.02e-02	9.52e-02	2.73e-01	3.04e-01	1.42e-01	7.02e-02	9.26e-02	1.16e-02	4.57e-04
 4.77822e+22	3.25e-24	6.83e-15	3.65e-12	2.47e-10	9.69e-07	2.35e-04	1.10e-02	1.01e-01	2.82e-01	3.05e-01	1.38e-01	6.68e-02	8.59e-02	1.04e-02	3.97e-04
 4.79772e+22	4.75e-24	8.91e-15	4.56e-12	2.92e-10	1.10e-06	2.63e-04	1.22e-02	1.09e-01	2.92e-01	3.05e-01	1.33e-01	6.25e-02	7.74e-02	8.98e-03	3.27e-04
 4.81746e+22	6.45e-24	1.10e-14	5.42e-12	3.34e-10	1.22e-06	2.88e-04	1.31e-02	1.15e-01	3.00e-01	3.04e-01	1.29e-01	5.92e-02	7.13e-02	7.99e-03	2.81e-04
 4.83753e+22	9.52e-24	1.44e-14	6.79e-12	3.97e-10	1.38e-06	3.23e-04	1.45e-02	1.24e-01	3.10e-01	3.02e-01	1.23e-01	5.50e-02	6.37e-02	6.80e-03	2.28e-04
 4.85783e+22	1.30e-23	1.79e-14	8.11e-12	4.54e-10	1.53e-06	3.53e-04	1.56e-02	1.32e-01	3.18e-01	3.00e-01	1.18e-01	5.18e-02	5.83e-02	6.00e-03	1.94e-04
 4.87845e+22	1.93e-23	2.37e-14	1.02e-11	5.41e-10	1.74e-06	3.95e-04	1.72e-02	1.42e-01	3.27e-01	2.97e-01	1.12e-01	4.77e-02	5.17e-02	5.06e-03	1.56e-04
 4.89948e+22	2.67e-23	2.97e-14	1.23e-11	6.23e-10	1.92e-06	4.33e-04	1.86e-02	1.50e-01	3.34e-01	2.93e-01	1.07e-01	4.46e-02	4.67e-02	4.40e-03	1.30e-04
 4.92103e+22	4.05e-23	4.00e-14	1.56e-11	7.46e-10	2.18e-06	4.85e-04	2.05e-02	1.62e-01	3.43e-01	2.88e-01	1.01e-01	4.08e-02	4.09e-02	3.65e-03	1.03e-04
 4.94299e+22	5.67e-23	5.08e-14	1.90e-11	8.64e-10	2.42e-06	5.31e-04	2.21e-02	1.71e-01	3.49e-01	2.83e-01	9.57e-02	3.79e-02	3.67e-02	3.14e-03	8.45e-05
 4.96547e+22	8.74e-23	6.96e-14	2.44e-11	1.05e-09	2.76e-06	5.97e-04	2.44e-02	1.85e-01	3.57e-01	2.76e-01	8.90e-02	3.42e-02	3.16e-02	2.56e-03	6.52e-05
 4.98818e+22	1.23e-22	8.92e-14	2.98e-11	1.22e-09	3.07e-06	6.54e-04	2.64e-02	1.95e-01	3.62e-01	2.70e-01	8.38e-02	3.16e-02	2.81e-02	2.17e-03	5.30e-05
 5.00738e+22	1.69e-22	1.12e-13	3.58e-11	1.40e-09	3.38e-06	7.11e-04	2.83e-02	2.06e-01	3.67e-01	2.63e-01	7.91e-02	2.92e-02	2.51e-02	1.86e-03	4.36e-05
 5.02827e+22	2.52e-22	1.51e-13	4.54e-11	1.68e-09	3.83e-06	7.91e-04	3.09e-02	2.20e-01	3.71e-01	2.55e-01	7.32e-02	2.64e-02	2.17e-02	1.53e-03	3.39e-05
 5.04922e+22	3.48e-22	1.92e-13	5.49e-11	1.94e-09	4.23e-06	8.61e-04	3.31e-02	2.31e-01	3.74e-01	2.47e-01	6.87e-02	2.44e-02	1.93e-02	1.30e-03	2.77e-05
 5.06971e+22	5.11e-22	2.56e-13	6.93e-11	2.32e-09	4.79e-06	9.54e-04	3.59e-02	2.45e-01	3.77e-01	2.38e-01	6.33e-02	2.20e-02	1.67e-02	1.07e-03	2.16e-05
 5.09060e+22	7.15e-22	3.29e-13	8.47e-11	2.71e-09	5.34e-06	1.04e-03	3.86e-02	2.58e-01	3.79e-01	2.30e-01	5.88e-02	2.01e-02	1.47e-02	8.97e-04	1.74e-05
 5.11108e+22	1.04e-21	4.39e-13	1.07e-10	3.24e-09	6.04e-06	1.15e-03	4.18e-02	2.72e-01	3.80e-01	2.20e-01	5.40e-02	1.81e-02	1.26e-02	7.35e-04	1.35e-05
 5.13200e+22	1.47e-21	5.74e-13	1.32e-10	3.85e-09	6.81e-06	1.27e-03	4.50e-02	2.86e-01	3.80e-01	2.10e-01	4.97e-02	1.64e-02	1.10e-02	6.09e-04	1.07e-05
 5.15255e+22	2.11e-21	7.60e-13	1.66e-10	4.60e-09	7.72e-06	1.40e-03	4.85e-02	3.01e-01	3.78e-01	2.00e-01	4.55e-02	1.48e-02	9.47e-03	5.00e-04	8.36e-06
 5.17328e+22	3.00e-21	1.00e-12	2.07e-10	5.51e-09	8.77e-06	1.55e-03	5.22e-02	3.16e-01	3.76e-01	1.90e-01	4.15e-02	1.33e-02	8.16e-03	4.11e-04	6.55e-06
 5.19380e+22	4.28e-21	1.33e-12	2.59e-10	6.61e-09	9.99e-06	1.71e-03	5.62e-02	3.31e-01	3.74e-01	1.80e-01	3.78e-02	1.20e-02	7.01e-03	3.36e-04	5.11e-06
 5.21427e+22	6.08e-21	1.75e-12	3.25e-10	7.95e-09	1.14e-05	1.89e-03	6.04e-02	3.46e-01	3.70e-01	1.70e-01	3.43e-02	1.07e-02	6.02e-03	2.75e-04	3.99e-06
 5.23476e+22	8.66e-21	2.32e-12	4.09e-10	9.59e-09	1.31e-05	2.10e-03	6.49e-02	3.61e-01	3.65e-01	1.61e-01	3.11e-02	9.59e-03	5.15e-03	2.24e-04	3.10e-06
 5.25533e+22	1.23e-20	3.06e-12	5.14e-10	1.16e-08	1.50e-05	2.32e-03	6.97e-02	3.77e-01	3.59e-01	1.51e-01	2.80e-02	8.56e-03	4.40e-03	1.82e-04	2.40e-06
 5.27600e+22	1.75e-20	4.05e-12	6.47e-10	1.41e-08	1.72e-05	2.58e-03	7.48e-02	3.92e-01	3.53e-01	1.41e-01	2.52e-02	7.62e-03	3.74e-03	1.48e-04	1.86e-06
 5.29684e+22	2.49e-20	5.37e-12	8.16e-10	1.71e-08	1.99e-05	2.86e-03	8.02e-02	4.07e-01	3.46e-01	1.32e-01	2.26e-02	6.76e-03	3.18e-03	1.20e-04	1.43e-06
 5.31790e+22	3.54e-20	7.12e-12	1.03e-09	2.09e-08	2.30e-05	3.18e-03	8.60e-02	4.22e-01	3.38e-01	1.23e-01	2.02e-02	5.98e-03	2.68e-03	9.62e-05	1.10e-06
 5.33907e+22	5.00e-20	9.40e-12	1.30e-09	2.54e-08	2.66e-05	3.53e-03	9.20e-02	4.36e-01	3.29e-01	1.14e-01	1.81e-02	5.29e-03	2.27e-03	7.74e-05	8.41e-07
 5.36057e+22	7.13e-20	1.25e-11	1.65e-09	3.12e-08	3.09e-05	3.92e-03	9.85e-02	4.50e-01	3.19e-01	1.05e-01	1.60e-02	4.64e-03	1.90e-03	6.18e-05	6.39e-07
 5.38230e+22	1.01e-19	1.65e-11	2.09e-09	3.82e-08	3.58e-05	4.36e-03	1.05e-01	4.64e-01	3.10e-01	9.73e-02	1.42e-02	4.08e-03	1.60e-03	4.94e-05	4.87e-07
 5.40445e+22	1.44e-19	2.19e-11	2.66e-09	4.71e-08	4.19e-05	4.86e-03	1.13e-01	4.77e-01	2.99e-01	8.93e-02	1.26e-02	3.56e-03	1.33e-03	3.91e-05	3.66e-07
 5.42699e+22	2.03e-19	2.89e-11	3.37e-09	5.79e-08	4.87e-05	5.39e-03	1.20e-01	4.89e-01	2.88e-01	8.20e-02	1.11e-02	3.11e-03	1.11e-03	3.10e-05	2.76e-07
 5.44765e+22	2.71e-19	3.65e-11	4.11e-09	6.88e-08	5.53e-05	5.89e-03	1.27e-01	4.99e-01	2.79e-01	7.62e-02	9.95e-03	2.77e-03	9.50e-04	2.55e-05	2.18e-07
 5.46923e+22	1.75e-18	4.88e-11	5.28e-09	8.57e-08	6.51e-05	6.58e-03	1.35e-01	5.10e-01	2.67e-01	6.92e-02	8.67e-03	2.39e-03	7.79e-04	1.98e-05	1.60e-07
 5.49115e+22	2.32e-18	6.14e-11	6.43e-09	1.02e-07	7.40e-05	7.18e-03	1.42e-01	5.19e-01	2.57e-01	6.41e-02	7.76e-03	2.12e-03	6.65e-04	1.62e-05	1.26e-07
 5.51371e+22	3.33e-18	8.23e-11	8.30e-09	1.28e-07	8.73e-05	8.03e-03	1.52e-01	5.29e-01	2.44e-01	5.78e-02	6.71e-03	1.81e-03	5.40e-04	1.25e-05	0.00e+00
 5.53631e+22	4.39e-18	1.03e-10	1.01e-08	1.52e-07	9.91e-05	8.74e-03	1.60e-01	5.35e-01	2.35e-01	5.34e-02	6.00e-03	1.60e-03	4.60e-04	1.02e-05	0.00e+00
 5.55896e+22	6.24e-18	1.37e-10	1.29e-08	1.90e-07	1.17e-04	9.75e-03	1.70e-01	5.43e-01	2.22e-01	4.81e-02	5.18e-03	1.36e-03	3.73e-04	7.81e-06	0.00e+00
 5.58169e+22	8.17e-18	1.69e-10	1.56e-08	2.24e-07	1.32e-04	1.06e-02	1.77e-01	5.48e-01	2.13e-01	4.44e-02	4.63e-03	1.21e-03	3.18e-04	6.39e-06	0.00e+00
 5.60454e+22	1.15e-17	2.23e-10	1.99e-08	2.79e-07	1.55e-04	1.18e-02	1.88e-01	5.54e-01	2.01e-01	3.99e-02	3.99e-03	1.03e-03	2.58e-04	4.91e-06	0.00e+00
 5.62763e+22	1.51e-17	2.75e-10	2.40e-08	3.30e-07	1.75e-04	1.27e-02	1.96e-01	5.57e-01	1.92e-01	3.67e-02	3.56e-03	9.07e-04	2.19e-04	4.00e-06	0.00e+00
 5.65103e+22	2.13e-17	3.61e-10	3.06e-08	4.10e-07	2.05e-04	1.41e-02	2.07e-01	5.61e-01	1.81e-01	3.29e-02	3.06e-03	7.69e-04	1.77e-04	3.06e-06	0.00e+00
 5.67475e+22	2.80e-17	4.45e-10	3.69e-08	4.86e-07	2.32e-04	1.53e-02	2.16e-01	5.63e-01	1.72e-01	3.02e-02	2.72e-03	6.76e-04	1.50e-04	2.48e-06	0.00e+00
 5.69887e+22	3.96e-17	5.82e-10	4.71e-08	6.04e-07	2.72e-04	1.70e-02	2.28e-01	5.64e-01	1.61e-01	2.69e-02	2.33e-03	5.70e-04	1.20e-04	1.89e-06	0.00e+00
 5.72343e+22	5.24e-17	7.18e-10	5.69e-08	7.17e-07	3.08e-04	1.84e-02	2.37e-01	5.64e-01	1.53e-01	2.46e-02	2.06e-03	4.99e-04	1.01e-04	1.52e-06	0.00e+00
 5.74858e+22	7.48e-17	9.40e-10	7.27e-08	8.96e-07	3.62e-04	2.04e-02	2.49e-01	5.64e-01	1.42e-01	2.19e-02	1.76e-03	4.18e-04	8.08e-05	1.14e-06	0.00e+00
 5.77430e+22	1.00e-16	1.16e-09	8.82e-08	1.07e-06	4.10e-04	2.21e-02	2.59e-01	5.62e-01	1.34e-01	1.99e-02	1.55e-03	3.63e-04	6.76e-05	9.15e-07	0.00e+00
 5.80077e+22	1.45e-16	1.53e-09	1.13e-07	1.34e-06	4.84e-04	2.45e-02	2.72e-01	5.59e-01	1.24e-01	1.75e-02	1.31e-03	3.02e-04	5.33e-05	6.80e-07	0.00e+00
 5.82772e+22	1.96e-16	1.89e-09	1.38e-07	1.60e-06	5.49e-04	2.65e-02	2.82e-01	5.56e-01	1.17e-01	1.60e-02	1.15e-03	2.61e-04	4.45e-05	5.42e-07	0.00e+00
 5.85058e+22	2.57e-16	2.29e-09	1.64e-07	1.88e-06	6.17e-04	2.85e-02	2.92e-01	5.53e-01	1.11e-01	1.46e-02	1.02e-03	2.28e-04	3.75e-05	4.38e-07	0.00e+00
 5.87557e+22	3.64e-16	2.93e-09	2.06e-07	2.32e-06	7.17e-04	3.13e-02	3.04e-01	5.47e-01	1.02e-01	1.30e-02	8.72e-04	1.92e-04	3.01e-05	3.33e-07	0.00e+00
 5.89968e+22	4.68e-16	3.47e-09	2.42e-07	2.67e-06	7.94e-04	3.33e-02	3.13e-01	5.43e-01	9.72e-02	1.19e-02	7.82e-04	1.70e-04	2.58e-05	2.75e-07	0.00e+00
 5.92267e+22	6.38e-16	4.32e-09	2.97e-07	3.24e-06	9.10e-04	3.62e-02	3.24e-01	5.37e-01	9.04e-02	1.07e-02	6.77e-04	1.45e-04	2.11e-05	2.13e-07	0.00e+00
 5.94590e+22	8.21e-16	5.12e-09	3.47e-07	3.73e-06	1.01e-03	3.86e-02	3.33e-01	5.31e-01	8.56e-02	9.87e-03	6.07e-04	1.29e-04	1.81e-05	1.76e-07	0.00e+00
 5.96943e+22	1.10e-15	6.36e-09	4.26e-07	4.51e-06	1.15e-03	4.19e-02	3.44e-01	5.24e-01	7.95e-02	8.83e-03	5.25e-04	1.09e-04	1.47e-05	1.37e-07	0.00e+00
 5.99332e+22	1.38e-15	7.55e-09	5.00e-07	5.21e-06	1.28e-03	4.45e-02	3.53e-01	5.18e-01	7.50e-02	8.12e-03	4.69e-04	9.64e-05	1.26e-05	0.00e+00	0.00e+00
 6.01766e+22	1.81e-15	9.41e-09	6.16e-07	6.31e-06	1.46e-03	4.84e-02	3.64e-01	5.09e-01	6.93e-02	7.24e-03	4.04e-04	8.16e-05	1.02e-05	0.00e+00	0.00e+00
 6.04236e+22	2.23e-15	1.12e-08	7.23e-07	7.30e-06	1.62e-03	5.14e-02	3.73e-01	5.01e-01	6.53e-02	6.64e-03	3.60e-04	7.18e-05	8.70e-06	0.00e+00	0.00e+00
 6.06751e+22	2.89e-15	1.39e-08	8.93e-07	8.88e-06	1.86e-03	5.58e-02	3.85e-01	4.91e-01	6.01e-02	5.90e-03	3.08e-04	6.04e-05	7.00e-06	0.00e+00	0.00e+00
 6.09308e+22	3.57e-15	1.66e-08	1.05e-06	1.03e-05	2.07e-03	5.94e-02	3.93e-01	4.83e-01	5.64e-02	5.40e-03	2.74e-04	5.30e-05	5.94e-06	0.00e+00	0.00e+00
 6.11917e+22	4.65e-15	2.08e-08	1.30e-06	1.26e-05	2.38e-03	6.45e-02	4.05e-01	4.71e-01	5.16e-02	4.78e-03	2.33e-04	4.43e-05	4.74e-06	0.00e+00	0.00e+00
 6.14588e+22	5.77e-15	2.49e-08	1.54e-06	1.47e-05	2.65e-03	6.87e-02	4.14e-01	4.62e-01	4.82e-02	4.34e-03	2.06e-04	3.86e-05	3.99e-06	0.00e+00	0.00e+00
 6.17337e+22	7.58e-15	3.13e-08	1.92e-06	1.80e-05	3.05e-03	7.46e-02	4.25e-01	4.49e-01	4.39e-02	3.83e-03	1.74e-04	3.21e-05	3.16e-06	0.00e+00	0.00e+00
 6.20161e+22	9.50e-15	3.78e-08	2.29e-06	2.11e-05	3.41e-03	7.96e-02	4.34e-01	4.39e-01	4.08e-02	3.46e-03	1.53e-04	2.77e-05	2.63e-06	0.00e+00	0.00e+00
 6.23083e+22	1.26e-14	4.80e-08	2.88e-06	2.61e-05	3.95e-03	8.65e-02	4.45e-01	4.25e-01	3.69e-02	3.02e-03	1.28e-04	2.28e-05	2.06e-06	0.00e+00	0.00e+00
 6.26030e+22	1.59e-14	5.78e-08	3.44e-06	3.06e-05	4.41e-03	9.21e-02	4.53e-01	4.14e-01	3.41e-02	2.73e-03	1.12e-04	1.96e-05	1.71e-06	0.00e+00	0.00e+00
 6.29011e+22	2.11e-14	7.34e-08	4.32e-06	3.78e-05	5.11e-03	1.00e-01	4.63e-01	3.98e-01	3.07e-02	2.38e-03	9.33e-05	1.61e-05	1.33e-06	0.00e+00	0.00e+00
 6.32023e+22	2.65e-14	8.85e-08	5.16e-06	4.44e-05	5.70e-03	1.06e-01	4.70e-01	3.87e-01	2.83e-02	2.14e-03	8.14e-05	1.38e-05	1.10e-06	0.00e+00	0.00e+00
 6.35077e+22	3.53e-14	1.12e-07	6.49e-06	5.49e-05	6.60e-03	1.15e-01	4.80e-01	3.71e-01	2.54e-02	1.86e-03	6.77e-05	1.13e-05	8.54e-07	0.00e+00	0.00e+00
 6.38184e+22	4.48e-14	1.36e-07	7.77e-06	6.46e-05	7.37e-03	1.22e-01	4.86e-01	3.59e-01	2.33e-02	1.67e-03	5.87e-05	9.63e-06	7.02e-07	0.00e+00	0.00e+00
 6.40936e+22	5.62e-14	1.64e-07	9.29e-06	7.61e-05	8.24e-03	1.30e-01	4.92e-01	3.47e-01	2.13e-02	1.49e-03	5.07e-05	8.21e-06	5.74e-07	0.00e+00	0.00e+00
 6.44087e+22	7.54e-14	2.08e-07	1.17e-05	9.37e-05	9.48e-03	1.40e-01	4.99e-01	3.31e-01	1.90e-02	1.30e-03	4.21e-05	6.69e-06	4.45e-07	0.00e+00	0.00e+00
 6.47296e+22	9.52e-14	2.52e-07	1.40e-05	1.11e-04	1.06e-02	1.49e-01	5.04e-01	3.18e-01	1.73e-02	1.15e-03	3.60e-05	5.65e-06	3.60e-07	0.00e+00	0.00e+00
 6.49893e+22	1.17e-13	2.97e-07	1.64e-05	1.28e-04	1.17e-02	1.57e-01	5.07e-01	3.07e-01	1.60e-02	1.04e-03	3.16e-05	4.91e-06	3.02e-07	0.00e+00	0.00e+00
 6.52582e+22	1.49e-13	3.60e-07	1.96e-05	1.51e-04	1.31e-02	1.66e-01	5.11e-01	2.94e-01	1.45e-02	9.29e-04	2.72e-05	4.15e-06	2.45e-07	0.00e+00	0.00e+00
 6.55410e+22	1.85e-13	4.27e-07	2.31e-05	1.75e-04	1.44e-02	1.74e-01	5.14e-01	2.83e-01	1.33e-02	8.36e-04	2.36e-05	3.57e-06	2.03e-07	0.00e+00	0.00e+00
 6.58008e+22	2.28e-13	5.05e-07	2.71e-05	2.02e-04	1.58e-02	1.83e-01	5.16e-01	2.72e-01	1.22e-02	7.53e-04	2.06e-05	3.08e-06	1.68e-07	0.00e+00	0.00e+00
 6.60974e+22	2.98e-13	6.23e-07	3.30e-05	2.42e-04	1.78e-02	1.94e-01	5.17e-01	2.58e-01	1.09e-02	6.60e-04	1.73e-05	2.55e-06	1.33e-07	0.00e+00	0.00e+00
 6.64017e+22	3.75e-13	7.45e-07	3.93e-05	2.84e-04	1.98e-02	2.05e-01	5.18e-01	2.46e-01	9.87e-03	5.86e-04	1.48e-05	2.16e-06	0.00e+00	0.00e+00	0.00e+00
 6.66688e+22	4.66e-13	8.80e-07	4.60e-05	3.27e-04	2.18e-02	2.14e-01	5.18e-01	2.36e-01	9.01e-03	5.27e-04	1.29e-05	1.86e-06	0.00e+00	0.00e+00	0.00e+00
 6.69691e+22	6.12e-13	1.08e-06	5.59e-05	3.90e-04	2.44e-02	2.26e-01	5.17e-01	2.23e-01	8.04e-03	4.61e-04	1.08e-05	1.54e-06	0.00e+00	0.00e+00	0.00e+00
 6.72828e+22	7.79e-13	1.30e-06	6.66e-05	4.59e-04	2.71e-02	2.38e-01	5.16e-01	2.11e-01	7.21e-03	4.06e-04	9.16e-06	1.29e-06	0.00e+00	0.00e+00	0.00e+00
 6.75659e+22	9.84e-13	1.55e-06	7.84e-05	5.31e-04	2.97e-02	2.48e-01	5.14e-01	2.01e-01	6.53e-03	3.62e-04	7.88e-06	1.10e-06	0.00e+00	0.00e+00	0.00e+00
 6.78860e+22	1.32e-12	1.92e-06	9.62e-05	6.38e-04	3.34e-02	2.62e-01	5.10e-01	1.88e-01	5.76e-03	3.13e-04	6.51e-06	8.96e-07	0.00e+00	0.00e+00	0.00e+00
 6.82161e+22	1.71e-12	2.31e-06	1.15e-04	7.52e-04	3.71e-02	2.74e-01	5.06e-01	1.77e-01	5.12e-03	2.74e-04	5.47e-06	7.45e-07	0.00e+00	0.00e+00	0.00e+00
